1529515354454 -0.00354811 -0.157229 0.987556 0.381729 -0.999983 -0.00397094 -0.00422497 -0.476274 0.00458582 -0.987554 -0.157212 0.450357 
1529515355045 0.0229323 -0.176187 0.98409 0.385594 -0.998967 -0.0426672 0.0156401 -0.472589 0.0392327 -0.983432 -0.176984 0.451619 
1529515355587 0.05424 -0.196032 0.979096 0.390317 -0.995397 -0.0882023 0.0374834 -0.468218 0.0790106 -0.976623 -0.199913 0.453034 
1529515356129 0.0868249 -0.21471 0.972811 0.394999 -0.989051 -0.135542 0.0583589 -0.463753 0.119326 -0.967227 -0.224128 0.454579 
1529515356677 0.119778 -0.231371 0.965464 0.399654 -0.979951 -0.183507 0.0775987 -0.459358 0.159215 -0.955402 -0.248713 0.456334 
1529515357225 0.153068 -0.246142 0.957071 0.404125 -0.968428 -0.2302 0.0956807 -0.454945 0.196767 -0.9415 -0.273607 0.457779 
1529515357767 0.187136 -0.259435 0.947456 0.408453 -0.954184 -0.277248 0.112548 -0.450543 0.233482 -0.925109 -0.299431 0.459103 
1529515358321 0.221701 -0.270652 0.936801 0.41265 -0.937212 -0.324392 0.128078 -0.445839 0.269226 -0.906376 -0.325577 0.460601 
1529515358847 0.255149 -0.279849 0.925518 0.416026 -0.918067 -0.370473 0.141075 -0.440738 0.3034 -0.885683 -0.351446 0.461568 
1529515359385 0.286756 -0.283783 0.915007 0.417634 -0.895844 -0.417872 0.151151 -0.432628 0.339462 -0.863047 -0.374053 0.459043 
1529515359532 0.292435 -0.285413 0.9127 0.417948 -0.892403 -0.424435 0.153205 -0.43067 0.343655 -0.859299 -0.378823 0.458276 
1529515359806 0.292027 -0.28508 0.912935 0.418429 -0.892636 -0.423969 0.153142 -0.431933 0.343398 -0.85964 -0.378282 0.459392 
1529515360013 0.29289 -0.285469 0.912537 0.4192 -0.891958 -0.425365 0.153217 -0.433368 0.344422 -0.85882 -0.379212 0.460669 
1529515360202 0.297509 -0.286729 0.910645 0.420156 -0.889228 -0.430407 0.154993 -0.433881 0.347507 -0.855883 -0.383017 0.461546 
1529515360378 0.302067 -0.287578 0.908875 0.421371 -0.886445 -0.435453 0.15683 -0.434348 0.350672 -0.853041 -0.386459 0.462526 
1529515360566 0.306227 -0.288804 0.907093 0.422465 -0.883716 -0.440519 0.158081 -0.434956 0.353937 -0.850021 -0.39012 0.463576 
1529515360745 0.310736 -0.289989 0.905179 0.423541 -0.880918 -0.445519 0.159678 -0.435476 0.35697 -0.847006 -0.393895 0.464524 
1529515360936 0.315578 -0.29113 0.903136 0.424606 -0.877988 -0.450603 0.161537 -0.435849 0.359928 -0.843919 -0.397809 0.465414 
1529515361084 0.31898 -0.291941 0.901678 0.425358 -0.87576 -0.454522 0.162649 -0.436038 0.362349 -0.841535 -0.400653 0.466077 
1529515361439 0.324676 -0.292429 0.899484 0.425267 -0.871335 -0.462407 0.164183 -0.434343 0.367915 -0.837058 -0.404936 0.46493 
1529515361599 0.325604 -0.292141 0.899242 0.425101 -0.870429 -0.464025 0.164421 -0.433279 0.369237 -0.836262 -0.405376 0.46423 
1529515361823 0.32658 -0.292318 0.89883 0.425159 -0.869913 -0.46482 0.164905 -0.433981 0.36959 -0.835759 -0.406092 0.464704 
1529515361979 0.329219 -0.292522 0.897801 0.425399 -0.867864 -0.468376 0.165635 -0.434917 0.372057 -0.833699 -0.408067 0.46566 
1529515362226 0.336549 -0.292879 0.894962 0.425912 -0.862667 -0.476942 0.168323 -0.436128 0.377546 -0.828703 -0.413171 0.466641 
1529515362381 0.340492 -0.292757 0.893509 0.426109 -0.859677 -0.481815 0.169734 -0.436851 0.380815 -0.825922 -0.415731 0.467401 
1529515362526 0.344096 -0.292708 0.892144 0.426416 -0.857135 -0.485807 0.171202 -0.437274 0.383298 -0.823598 -0.418055 0.467874 
1529515362664 0.347755 -0.292806 0.890692 0.426586 -0.854272 -0.490437 0.172309 -0.437945 0.386375 -0.820815 -0.420687 0.468412 
1529515362940 0.353897 -0.292001 0.888534 0.426723 -0.84906 -0.498722 0.174278 -0.437712 0.392242 -0.816095 -0.424423 0.468722 
1529515363078 0.3576 -0.291913 0.887079 0.426557 -0.846326 -0.502855 0.175697 -0.436787 0.394784 -0.813587 -0.426874 0.467926 
1529515363245 0.357517 -0.291727 0.887174 0.426512 -0.846527 -0.502439 0.175921 -0.437033 0.394429 -0.813911 -0.426585 0.468128 
1529515363329 0.356052 -0.291151 0.887952 0.426735 -0.847356 -0.501209 0.175432 -0.437945 0.393972 -0.814874 -0.425165 0.468873 
1529515363403 0.355567 -0.290271 0.888434 0.426967 -0.847524 -0.500887 0.175543 -0.438707 0.39405 -0.815386 -0.424111 0.469428 
1529515363555 0.357567 -0.288307 0.888271 0.427306 -0.845842 -0.503149 0.17718 -0.440222 0.39585 -0.81469 -0.423771 0.47014 
1529515363624 0.358527 -0.287235 0.888231 0.427462 -0.845005 -0.50426 0.178013 -0.440911 0.396768 -0.814382 -0.423506 0.470511 
1529515363709 0.359782 -0.286253 0.88804 0.427583 -0.844103 -0.505395 0.179071 -0.441573 0.397552 -0.814024 -0.423459 0.47086 
1529515363743 0.360094 -0.285736 0.888081 0.427669 -0.843752 -0.50588 0.179356 -0.441895 0.398014 -0.813904 -0.423255 0.471083 
1529515363759 0.360381 -0.285489 0.888044 0.427712 -0.8435 -0.506226 0.179563 -0.442072 0.398287 -0.813776 -0.423244 0.471165 
1529515363917 0.36308 -0.283961 0.887434 0.427811 -0.841906 -0.508045 0.181889 -0.443035 0.399207 -0.813177 -0.423529 0.471314 
1529515363934 0.363267 -0.283969 0.887355 0.427787 -0.841854 -0.508076 0.182047 -0.443058 0.399148 -0.813155 -0.423628 0.471269 
1529515363950 0.363284 -0.284021 0.887331 0.427777 -0.841862 -0.508063 0.182045 -0.443083 0.399116 -0.813144 -0.423678 0.471237 
1529515364155 0.364465 -0.283802 0.886917 0.427795 -0.841843 -0.50756 0.18353 -0.443467 0.398077 -0.813535 -0.423904 0.471442 
1529515364240 0.365651 -0.283617 0.886488 0.42785 -0.842184 -0.506317 0.18539 -0.443811 0.396264 -0.814374 -0.423993 0.471712 
1529515364329 0.36785 -0.282639 0.88589 0.427993 -0.841578 -0.506405 0.187884 -0.444274 0.395516 -0.814659 -0.424144 0.472108 
1529515364417 0.369949 -0.282 0.88522 0.428113 -0.841148 -0.506231 0.190263 -0.444841 0.394471 -0.814989 -0.424484 0.472214 
1529515364523 0.372264 -0.281199 0.884504 0.428192 -0.840587 -0.506182 0.192856 -0.445402 0.393489 -0.815296 -0.424805 0.472501 
1529515364553 0.37318 -0.280854 0.884227 0.428235 -0.840353 -0.506176 0.193888 -0.445598 0.393121 -0.815418 -0.424911 0.472563 
1529515364703 0.375407 -0.280371 0.883437 0.428361 -0.839906 -0.505976 0.196331 -0.446179 0.391953 -0.815708 -0.425433 0.47262 
1529515364720 0.375517 -0.280292 0.883415 0.428372 -0.839874 -0.505975 0.196472 -0.446122 0.391916 -0.815736 -0.425413 0.472614 
1529515364740 0.375691 -0.280228 0.883362 0.428369 -0.839833 -0.505965 0.196672 -0.44604 0.391837 -0.815765 -0.425431 0.472552 
1529515364756 0.375882 -0.280167 0.8833 0.428352 -0.839781 -0.505971 0.196878 -0.445951 0.391766 -0.815782 -0.425464 0.472457 
1529515365137 0.377017 -0.27589 0.884162 0.428227 -0.839582 -0.504892 0.200464 -0.44656 0.3911 -0.817905 -0.421985 0.472003 
1529515365171 0.376475 -0.274963 0.884682 0.428349 -0.839372 -0.505377 0.20012 -0.446988 0.392073 -0.817918 -0.421058 0.472571 
1529515365260 0.376119 -0.273083 0.885415 0.428615 -0.839235 -0.505406 0.200622 -0.447682 0.392708 -0.818529 -0.419274 0.473134 
1529515365324 0.376846 -0.27131 0.885651 0.428749 -0.839037 -0.505072 0.202287 -0.447996 0.392435 -0.819325 -0.417973 0.473306 
1529515365381 0.377298 -0.269669 0.88596 0.428789 -0.838858 -0.504851 0.203572 -0.448416 0.392381 -0.820002 -0.416694 0.473532 
1529515365395 0.377381 -0.269292 0.886039 0.428804 -0.838839 -0.504766 0.203866 -0.448547 0.392343 -0.820179 -0.416381 0.473556 
1529515365549 0.378153 -0.265814 0.88676 0.428948 -0.838753 -0.503767 0.206671 -0.449359 0.391784 -0.821926 -0.413453 0.473691 
1529515365566 0.378146 -0.265671 0.886806 0.428956 -0.838755 -0.503731 0.206748 -0.449381 0.391785 -0.821994 -0.413317 0.47369 
1529515365747 0.378458 -0.266309 0.886481 0.428954 -0.838734 -0.503771 0.206735 -0.449463 0.391529 -0.821763 -0.414019 0.473933 
1529515365792 0.378439 -0.267008 0.886279 0.428931 -0.838955 -0.503481 0.206548 -0.449563 0.391074 -0.821714 -0.414545 0.474088 
1529515365827 0.378488 -0.267574 0.886087 0.428955 -0.839168 -0.50314 0.206512 -0.449578 0.390568 -0.821739 -0.414972 0.474212 
1529515365865 0.378582 -0.268053 0.885902 0.428982 -0.839445 -0.502622 0.206648 -0.449609 0.389881 -0.8219 -0.4153 0.474366 
1529515365889 0.378635 -0.268101 0.885865 0.429026 -0.839518 -0.502452 0.206762 -0.44969 0.389672 -0.821988 -0.415322 0.474563 
1529515365902 0.378679 -0.268119 0.885841 0.429059 -0.839535 -0.5024 0.206822 -0.449756 0.389594 -0.822014 -0.415344 0.474701 
1529515366052 0.379913 -0.267917 0.885373 0.429113 -0.839622 -0.501557 0.208508 -0.450364 0.388203 -0.822594 -0.415498 0.475376 
1529515366075 0.379963 -0.267951 0.885342 0.429128 -0.839637 -0.501509 0.208564 -0.450389 0.388122 -0.822612 -0.415536 0.475372 
1529515366092 0.380033 -0.267928 0.885319 0.429144 -0.839591 -0.501566 0.208613 -0.450407 0.388152 -0.822585 -0.415562 0.475369 
1529515366221 0.380124 -0.268089 0.885231 0.429105 -0.839616 -0.501505 0.208658 -0.450408 0.388008 -0.82257 -0.415726 0.475439 
1529515366315 0.381679 -0.269449 0.884148 0.428977 -0.839096 -0.502149 0.209198 -0.450239 0.387606 -0.821732 -0.417754 0.47546 
1529515366382 0.383321 -0.270792 0.883027 0.428831 -0.838672 -0.502541 0.209956 -0.45011 0.386903 -0.821051 -0.41974 0.475485 
1529515366454 0.384647 -0.271685 0.882176 0.428806 -0.838416 -0.502627 0.210773 -0.450037 0.386141 -0.820703 -0.421119 0.475767 
1529515366528 0.386338 -0.272687 0.881127 0.428817 -0.838123 -0.502628 0.211932 -0.449972 0.385088 -0.82037 -0.42273 0.47586 
1529515366573 0.387414 -0.273298 0.880465 0.428757 -0.837877 -0.502747 0.212621 -0.450013 0.384542 -0.820094 -0.423761 0.475966 
1529515366586 0.387603 -0.273505 0.880317 0.428744 -0.837846 -0.502767 0.212698 -0.450042 0.38442 -0.820013 -0.424029 0.476016 
1529515366733 0.390196 -0.274821 0.878761 0.428603 -0.837088 -0.503359 0.214274 -0.449946 0.383445 -0.819209 -0.426458 0.4765 
1529515366750 0.390354 -0.274876 0.878673 0.428618 -0.83702 -0.503435 0.21436 -0.449937 0.383433 -0.819144 -0.426595 0.476521 
1529515366766 0.390444 -0.274871 0.878635 0.428636 -0.836983 -0.503467 0.21443 -0.449924 0.383423 -0.819125 -0.426638 0.476539 
1529515366797 0.390542 -0.274777 0.878621 0.42866 -0.83694 -0.503484 0.214557 -0.449907 0.383416 -0.819147 -0.426604 0.476595 
1529515366976 0.390133 -0.273602 0.879169 0.428437 -0.838126 -0.500868 0.216048 -0.450322 0.381236 -0.821142 -0.424718 0.476451 
1529515367043 0.390754 -0.27208 0.879366 0.428313 -0.838611 -0.499113 0.218217 -0.450502 0.37953 -0.822714 -0.423199 0.476349 
1529515367105 0.390977 -0.271156 0.879552 0.428097 -0.839201 -0.49748 0.219673 -0.450737 0.377994 -0.824007 -0.422058 0.476355 
1529515367174 0.391333 -0.270302 0.879656 0.427946 -0.839781 -0.495801 0.221244 -0.450929 0.376332 -0.825299 -0.421018 0.476402 
1529515367205 0.391696 -0.269867 0.879629 0.427877 -0.840083 -0.494828 0.222275 -0.451012 0.37528 -0.826025 -0.420533 0.476328 
1529515367357 0.392463 -0.268502 0.879704 0.427662 -0.841449 -0.491021 0.225528 -0.451172 0.371399 -0.828737 -0.418638 0.476077 
1529515367375 0.392533 -0.268364 0.879715 0.42764 -0.841693 -0.490399 0.225968 -0.45105 0.37077 -0.82915 -0.418378 0.475913 
1529515367392 0.392576 -0.268281 0.879721 0.427626 -0.841864 -0.489971 0.22626 -0.450965 0.370337 -0.82943 -0.418207 0.475797 
1529515367533 0.393213 -0.267819 0.879578 0.427473 -0.842111 -0.488929 0.227591 -0.45101 0.369098 -0.830194 -0.417786 0.4754 
1529515367618 0.394029 -0.266999 0.879462 0.427187 -0.841602 -0.489384 0.228493 -0.451643 0.369387 -0.83019 -0.417539 0.476103 
1529515367672 0.394718 -0.265951 0.87947 0.427056 -0.841371 -0.489227 0.229677 -0.451975 0.369178 -0.830618 -0.416871 0.47658 
1529515367748 0.395612 -0.265101 0.879325 0.426899 -0.841427 -0.48835 0.231333 -0.452316 0.368091 -0.831406 -0.416261 0.476719 
1529515367802 0.396323 -0.264408 0.879213 0.426778 -0.841505 -0.487567 0.232698 -0.452492 0.367148 -0.832086 -0.415735 0.476791 
1529515367820 0.396482 -0.26425 0.87919 0.426727 -0.841588 -0.487242 0.233079 -0.452556 0.366787 -0.832327 -0.415572 0.476809 
1529515367956 0.39736 -0.263406 0.879046 0.426218 -0.842342 -0.484763 0.235509 -0.453099 0.364094 -0.83404 -0.414503 0.476719 
1529515367972 0.397373 -0.263378 0.879049 0.426198 -0.842353 -0.484724 0.235553 -0.453137 0.364057 -0.834071 -0.414473 0.476714 
1529515367989 0.397397 -0.263353 0.879046 0.426175 -0.842367 -0.48467 0.235613 -0.453184 0.363997 -0.83411 -0.414446 0.476695 
1529515368005 0.39743 -0.263338 0.879035 0.42617 -0.842373 -0.484631 0.23567 -0.453203 0.363947 -0.834137 -0.414436 0.476677 
1529515368035 0.397462 -0.263337 0.879021 0.426172 -0.842379 -0.484597 0.235718 -0.453203 0.363897 -0.834158 -0.414439 0.476661 
1529515368196 0.397305 -0.262794 0.879254 0.42603 -0.842443 -0.484402 0.235892 -0.453463 0.363922 -0.834443 -0.413844 0.477022 
1529515368255 0.397341 -0.261963 0.879486 0.425758 -0.842513 -0.483995 0.236475 -0.453788 0.363719 -0.83494 -0.413018 0.477361 
1529515368284 0.397631 -0.261339 0.879541 0.425594 -0.842514 -0.483645 0.237186 -0.453918 0.363399 -0.835338 -0.412494 0.477511 
1529515368438 0.397768 -0.259342 0.880069 0.42501 -0.843278 -0.481257 0.23932 -0.454377 0.361474 -0.837337 -0.410126 0.477768 
1529515368455 0.397708 -0.259253 0.880123 0.424975 -0.843429 -0.48092 0.239464 -0.454377 0.361187 -0.837558 -0.409928 0.4777 
1529515368471 0.397652 -0.259232 0.880154 0.424947 -0.84353 -0.480716 0.23952 -0.454386 0.361013 -0.837682 -0.409827 0.477649 
1529515368640 0.398057 -0.259798 0.879804 0.424892 -0.843354 -0.481021 0.239524 -0.45444 0.360977 -0.837331 -0.410576 0.477799 
1529515368686 0.398807 -0.260602 0.879227 0.424864 -0.843027 -0.481525 0.239664 -0.454425 0.360913 -0.836792 -0.41173 0.47783 
1529515368720 0.399516 -0.261266 0.878707 0.424824 -0.842669 -0.482089 0.239791 -0.454419 0.360966 -0.83626 -0.412763 0.47785 
1529515368764 0.400393 -0.261938 0.878108 0.424749 -0.842331 -0.4825 0.24015 -0.454436 0.360783 -0.835812 -0.413828 0.477911 
1529515368819 0.401465 -0.262432 0.877471 0.424644 -0.842121 -0.482441 0.241005 -0.454465 0.36008 -0.835692 -0.414682 0.478091 
1529515368846 0.40195 -0.262553 0.877213 0.424566 -0.84206 -0.482307 0.241486 -0.454509 0.359683 -0.835731 -0.414948 0.478193 
1529515368996 0.404741 -0.26355 0.875629 0.424011 -0.841656 -0.481723 0.244047 -0.454556 0.357492 -0.835754 -0.416791 0.478456 
1529515369013 0.404924 -0.263667 0.875509 0.42397 -0.84164 -0.481674 0.244199 -0.454513 0.357323 -0.835745 -0.416954 0.478406 
1529515369029 0.405078 -0.263745 0.875414 0.423927 -0.84162 -0.481641 0.244332 -0.454466 0.357195 -0.835739 -0.417075 0.478344 
1529515369053 0.405255 -0.263826 0.875308 0.423859 -0.841614 -0.481562 0.244508 -0.454401 0.357007 -0.83576 -0.417195 0.478244 
1529515369252 0.406512 -0.264117 0.874637 0.423469 -0.840457 -0.483524 0.244614 -0.45462 0.358301 -0.834534 -0.418538 0.478393 
1529515369308 0.407901 -0.264358 0.873917 0.423439 -0.839301 -0.485375 0.244919 -0.454745 0.359431 -0.833382 -0.419861 0.478716 
1529515369364 0.408982 -0.264615 0.873334 0.42341 -0.838349 -0.486948 0.245056 -0.45484 0.360423 -0.832382 -0.420993 0.479065 
1529515369418 0.410379 -0.264857 0.872605 0.423319 -0.837486 -0.488101 0.245712 -0.454832 0.360841 -0.83163 -0.42212 0.479268 
1529515369458 0.411385 -0.26513 0.872049 0.423171 -0.836925 -0.488816 0.2462 -0.454887 0.360997 -0.831123 -0.422985 0.479321 
1529515369576 0.413597 -0.265802 0.870796 0.422807 -0.835526 -0.490783 0.247038 -0.454954 0.361709 -0.829747 -0.425072 0.479507 
1529515369592 0.41378 -0.265902 0.870679 0.422761 -0.835402 -0.490978 0.247072 -0.45491 0.361787 -0.8296 -0.425292 0.479475 
1529515369617 0.414134 -0.265889 0.870515 0.422717 -0.835148 -0.491325 0.24724 -0.454774 0.361967 -0.829399 -0.425531 0.479395 
1529515369634 0.414379 -0.265822 0.870419 0.422703 -0.834948 -0.491605 0.247359 -0.454688 0.362148 -0.829255 -0.425659 0.479343 
1529515369791 0.415064 -0.26585 0.870083 0.422538 -0.834254 -0.492755 0.247413 -0.454726 0.362963 -0.828563 -0.426312 0.479417 
1529515369835 0.415511 -0.265571 0.869956 0.422356 -0.834007 -0.492949 0.247859 -0.454968 0.36302 -0.828537 -0.426314 0.479716 
1529515369869 0.41601 -0.265112 0.869857 0.422232 -0.833663 -0.493278 0.24836 -0.455125 0.363238 -0.828488 -0.426222 0.479957 
1529515369883 0.416087 -0.26505 0.869839 0.422215 -0.83361 -0.49333 0.248434 -0.455147 0.363271 -0.828477 -0.426216 0.479991 
1529515370031 0.41938 -0.264228 0.868507 0.421605 -0.83127 -0.496267 0.250419 -0.455704 0.364843 -0.826984 -0.42777 0.480809 
1529515370047 0.419432 -0.264199 0.86849 0.421565 -0.831166 -0.49646 0.250381 -0.455763 0.36502 -0.826877 -0.427825 0.480906 
1529515370067 0.419391 -0.264228 0.868502 0.421525 -0.831107 -0.496628 0.250242 -0.455833 0.365201 -0.826767 -0.427883 0.480992 
1529515370084 0.419301 -0.264261 0.868535 0.421478 -0.831081 -0.496756 0.250076 -0.455913 0.365365 -0.82668 -0.427913 0.481074 
1529515370101 0.419244 -0.264317 0.868545 0.421433 -0.831087 -0.496795 0.249977 -0.455958 0.365416 -0.826638 -0.427949 0.481105 
1529515370120 0.419218 -0.26438 0.868539 0.421391 -0.831101 -0.496798 0.249925 -0.455983 0.365413 -0.826617 -0.427993 0.481112 
1529515370134 0.419203 -0.264438 0.868528 0.42136 -0.831116 -0.496791 0.24989 -0.455999 0.365396 -0.826602 -0.428035 0.481107 
1529515370153 0.41918 -0.26448 0.868526 0.421335 -0.831132 -0.496781 0.249855 -0.456015 0.365386 -0.826595 -0.428059 0.481103 
1529515370167 0.41917 -0.26448 0.868532 0.421328 -0.831141 -0.496768 0.249851 -0.456021 0.365378 -0.826602 -0.428051 0.481103 
1529515370327 0.419188 -0.264461 0.868528 0.421326 -0.831142 -0.49675 0.249886 -0.456017 0.365356 -0.826619 -0.428036 0.481104 
1529515370344 0.419189 -0.26446 0.868528 0.421327 -0.831141 -0.49675 0.249888 -0.456016 0.365356 -0.82662 -0.428036 0.481104 
1529515370368 0.41919 -0.26446 0.868528 0.421327 -0.831141 -0.496749 0.24989 -0.456016 0.365355 -0.82662 -0.428036 0.481104 
1529515370540 0.419843 -0.264069 0.868331 0.421193 -0.830748 -0.4971 0.250498 -0.456125 0.365499 -0.826534 -0.428079 0.481284 
1529515370604 0.42066 -0.263519 0.868103 0.42079 -0.830395 -0.497205 0.251458 -0.456431 0.365361 -0.826647 -0.42798 0.481579 
1529515370648 0.421456 -0.263015 0.86787 0.420551 -0.830023 -0.497378 0.252343 -0.456562 0.365289 -0.826703 -0.427931 0.481752 
1529515370693 0.42252 -0.26245 0.867523 0.420257 -0.829509 -0.497677 0.253444 -0.456697 0.36523 -0.826703 -0.427983 0.481919 
1529515370748 0.423603 -0.261998 0.867132 0.419953 -0.828977 -0.498029 0.254487 -0.45685 0.365182 -0.826634 -0.428157 0.482081 
1529515370792 0.424318 -0.261419 0.866957 0.419718 -0.828586 -0.498267 0.255293 -0.457046 0.365237 -0.826674 -0.428032 0.482337 
1529515370806 0.424554 -0.261216 0.866903 0.419642 -0.828459 -0.498338 0.255567 -0.457111 0.365253 -0.826696 -0.427978 0.482414 
1529515370952 0.426593 -0.26045 0.866132 0.418754 -0.827317 -0.499329 0.257325 -0.457756 0.365465 -0.826339 -0.428485 0.482856 
1529515370969 0.426551 -0.260443 0.866154 0.418721 -0.8273 -0.499395 0.257254 -0.457816 0.365553 -0.826301 -0.428482 0.4829 
1529515370986 0.42648 -0.260476 0.866179 0.418679 -0.827299 -0.499453 0.257142 -0.457882 0.365637 -0.826256 -0.428499 0.482936 
1529515371002 0.426473 -0.26052 0.86617 0.418652 -0.827304 -0.49946 0.257113 -0.457905 0.365634 -0.826238 -0.428536 0.482933 
1529515371020 0.426504 -0.260564 0.866142 0.418636 -0.82731 -0.499439 0.257135 -0.457901 0.365585 -0.826237 -0.42858 0.48291 
1529515371037 0.426539 -0.26059 0.866116 0.418628 -0.827312 -0.49942 0.257168 -0.457891 0.36554 -0.82624 -0.428611 0.482891 
1529515371200 0.42743 -0.260535 0.865694 0.418579 -0.826822 -0.499911 0.257787 -0.457887 0.365608 -0.82596 -0.429093 0.483037 
1529515371238 0.428394 -0.260734 0.865157 0.418449 -0.826213 -0.500698 0.258214 -0.457895 0.365857 -0.825421 -0.429918 0.483192 
1529515371272 0.429445 -0.260898 0.864586 0.418326 -0.825583 -0.501458 0.258751 -0.457874 0.366046 -0.824907 -0.430741 0.483297 
1529515371288 0.429886 -0.260999 0.864337 0.418287 -0.825307 -0.501812 0.258945 -0.457865 0.36615 -0.82466 -0.431126 0.483343 
1529515371443 0.433252 -0.260902 0.862684 0.417818 -0.823055 -0.504567 0.260753 -0.457955 0.367251 -0.823008 -0.433341 0.484049 
1529515371460 0.433232 -0.260936 0.862683 0.417787 -0.823018 -0.504674 0.260664 -0.457981 0.367357 -0.822932 -0.433396 0.484116 
1529515371476 0.433236 -0.260951 0.862677 0.417771 -0.822991 -0.504737 0.260627 -0.457998 0.367414 -0.822888 -0.433431 0.484153 
1529515371493 0.433285 -0.260937 0.862656 0.417772 -0.822956 -0.504779 0.260658 -0.458 0.367435 -0.822867 -0.433453 0.484169 
1529515371513 0.433336 -0.260944 0.862629 0.417771 -0.822953 -0.504751 0.260719 -0.457993 0.36738 -0.822882 -0.433471 0.484147 
1529515371537 0.43338 -0.260923 0.862613 0.417771 -0.822956 -0.504709 0.260792 -0.457988 0.367322 -0.822914 -0.433459 0.484129 
1529515371753 0.43249 -0.260412 0.863214 0.417448 -0.824974 -0.500611 0.262309 -0.458422 0.363826 -0.825575 -0.431342 0.483788 
1529515371780 0.432482 -0.260087 0.863316 0.41735 -0.825388 -0.499579 0.262976 -0.458507 0.362898 -0.826302 -0.430731 0.483761 
1529515371923 0.431939 -0.258753 0.863988 0.416926 -0.828166 -0.493159 0.266335 -0.45871 0.357169 -0.830566 -0.427305 0.483159 
1529515371940 0.431873 -0.258722 0.864031 0.416876 -0.828437 -0.492567 0.26659 -0.458705 0.35662 -0.830928 -0.427061 0.483021 
1529515371957 0.431815 -0.258694 0.864068 0.416834 -0.828691 -0.492007 0.266834 -0.458702 0.356099 -0.831268 -0.426833 0.48287 
1529515372094 0.431869 -0.258681 0.864044 0.416809 -0.828659 -0.492038 0.266874 -0.45873 0.356107 -0.831253 -0.426855 0.482958 
1529515372118 0.432052 -0.258851 0.863902 0.416839 -0.828317 -0.492758 0.26661 -0.458726 0.356682 -0.830774 -0.427308 0.483117 
1529515372142 0.432322 -0.259098 0.863693 0.4169 -0.827884 -0.493647 0.266309 -0.458704 0.35736 -0.830169 -0.427918 0.483273 
1529515372166 0.432685 -0.259319 0.863445 0.416952 -0.827434 -0.4945 0.266126 -0.458698 0.357962 -0.829592 -0.428532 0.483395 
1529515372189 0.433071 -0.259536 0.863186 0.416972 -0.827033 -0.495219 0.266034 -0.458717 0.358421 -0.829095 -0.42911 0.483472 
1529515372203 0.433333 -0.259724 0.862998 0.416962 -0.826753 -0.495739 0.265938 -0.45876 0.358751 -0.828726 -0.429547 0.483533 
1529515372220 0.433539 -0.259903 0.862841 0.416942 -0.826513 -0.4962 0.265822 -0.458816 0.359054 -0.828394 -0.429935 0.48361 
1529515372364 0.435373 -0.260488 0.86174 0.416697 -0.825843 -0.496621 0.267117 -0.459131 0.358378 -0.827957 -0.431338 0.484184 
1529515372386 0.435475 -0.260519 0.861679 0.416677 -0.825787 -0.496686 0.267168 -0.459184 0.358381 -0.827909 -0.431428 0.484251 
1529515372400 0.43553 -0.260555 0.861641 0.416665 -0.825773 -0.496689 0.267205 -0.459195 0.358346 -0.827896 -0.431483 0.484257 
1529515372430 0.435621 -0.260658 0.861563 0.41664 -0.825776 -0.496649 0.26727 -0.459198 0.358228 -0.827887 -0.431596 0.484237 
1529515372445 0.435646 -0.260723 0.861531 0.41663 -0.825782 -0.496638 0.267273 -0.4592 0.358185 -0.827873 -0.431659 0.484225 
1529515372461 0.435661 -0.260731 0.861521 0.416635 -0.825786 -0.49662 0.267293 -0.459194 0.358157 -0.827882 -0.431666 0.484225 
1529515372482 0.43567 -0.260729 0.861517 0.416642 -0.82579 -0.496603 0.267312 -0.459187 0.358136 -0.827892 -0.431663 0.484225 
1529515372500 0.435681 -0.260722 0.861514 0.416646 -0.825785 -0.496605 0.267323 -0.459182 0.358135 -0.827893 -0.431662 0.484225 
1529515372516 0.435689 -0.260717 0.861511 0.416649 -0.825781 -0.496607 0.267332 -0.459179 0.358135 -0.827894 -0.431661 0.484225 
1529515372682 0.435721 -0.260699 0.861501 0.41666 -0.825766 -0.496613 0.267367 -0.459167 0.35813 -0.827896 -0.431661 0.484225 
1529515372697 0.435722 -0.260698 0.8615 0.41666 -0.825766 -0.496613 0.267369 -0.459167 0.35813 -0.827896 -0.431661 0.484225 
1529515372713 0.435722 -0.260698 0.8615 0.41666 -0.825766 -0.496613 0.267369 -0.459167 0.35813 -0.827896 -0.431661 0.484225 
1529515372734 0.435723 -0.260698 0.8615 0.41666 -0.825766 -0.496613 0.26737 -0.459167 0.358129 -0.827896 -0.431661 0.484225 
1529515372752 0.435724 -0.260697 0.8615 0.41666 -0.825765 -0.496613 0.267371 -0.459166 0.358129 -0.827896 -0.431661 0.484225 
1529515372769 0.435724 -0.260697 0.861499 0.41666 -0.825765 -0.496613 0.267372 -0.459166 0.358129 -0.827896 -0.431661 0.484225 
1529515372895 0.435527 -0.260418 0.861683 0.416613 -0.82575 -0.496703 0.267251 -0.459286 0.358404 -0.82793 -0.431368 0.48425 
1529515372928 0.435339 -0.259804 0.861964 0.416618 -0.825589 -0.497019 0.267162 -0.459444 0.359003 -0.827934 -0.430863 0.484296 
1529515372965 0.435304 -0.259054 0.862208 0.416616 -0.82526 -0.49757 0.267153 -0.459582 0.359802 -0.827838 -0.430381 0.484387 
1529515372978 0.435288 -0.25846 0.862394 0.416612 -0.824921 -0.498176 0.26707 -0.459692 0.360597 -0.827659 -0.430059 0.484475 
1529515373127 0.434746 -0.255519 0.863543 0.416589 -0.824012 -0.499727 0.266977 -0.46033 0.363318 -0.827637 -0.427805 0.484545 
1529515373332 0.435093 -0.25691 0.862955 0.416505 -0.824256 -0.499357 0.266919 -0.460201 0.362348 -0.82743 -0.429026 0.484761 
1529515373378 0.435103 -0.257916 0.86265 0.416477 -0.824734 -0.498566 0.266918 -0.460098 0.361245 -0.827594 -0.42964 0.484844 
1529515373413 0.435179 -0.258658 0.862389 0.416499 -0.825108 -0.497885 0.267035 -0.460007 0.3603 -0.827772 -0.430089 0.484818 
1529515373454 0.435292 -0.259527 0.862071 0.416546 -0.825549 -0.49706 0.26721 -0.459897 0.359153 -0.827996 -0.430618 0.484777 
1529515373498 0.435567 -0.260471 0.861648 0.416592 -0.825867 -0.49642 0.267415 -0.459786 0.358085 -0.828083 -0.431338 0.484731 
1529515373532 0.435798 -0.261238 0.861299 0.416623 -0.826111 -0.495929 0.267574 -0.459704 0.357242 -0.828136 -0.431936 0.484699 
1529515373566 0.43598 -0.262016 0.86097 0.416608 -0.82633 -0.49553 0.267636 -0.45967 0.356512 -0.828129 -0.432552 0.484729 
1529515373580 0.436043 -0.262299 0.860852 0.416602 -0.826403 -0.495403 0.267646 -0.459663 0.356265 -0.828116 -0.432782 0.484754 
1529515373726 0.436809 -0.264773 0.859705 0.416603 -0.826866 -0.494537 0.267816 -0.459549 0.354245 -0.827846 -0.43495 0.484984 
1529515373745 0.436912 -0.264814 0.85964 0.416634 -0.826822 -0.494579 0.267876 -0.459513 0.354223 -0.827807 -0.435042 0.485007 
1529515373759 0.436929 -0.264855 0.859619 0.416634 -0.826827 -0.494566 0.267882 -0.459503 0.354189 -0.827802 -0.43508 0.485022 
1529515373783 0.436908 -0.26493 0.859607 0.416611 -0.826861 -0.494527 0.267852 -0.459518 0.354137 -0.827802 -0.435122 0.485023 
1529515373799 0.436871 -0.265005 0.859602 0.416583 -0.826901 -0.494482 0.267809 -0.459542 0.354087 -0.827804 -0.435158 0.485015 
1529515373816 0.436861 -0.265035 0.859598 0.416573 -0.826922 -0.494451 0.267803 -0.459549 0.354052 -0.827813 -0.435169 0.485013 
1529515373963 0.437184 -0.265486 0.859295 0.416553 -0.826887 -0.494437 0.267936 -0.459513 0.353734 -0.827677 -0.435687 0.484993 
1529515374017 0.437987 -0.266503 0.858571 0.416585 -0.826695 -0.494617 0.268196 -0.459355 0.353189 -0.827243 -0.436952 0.485014 
1529515374051 0.438659 -0.267247 0.857996 0.416587 -0.82647 -0.494886 0.268395 -0.459256 0.352882 -0.826842 -0.437958 0.485019 
1529515374065 0.438918 -0.267567 0.857764 0.416575 -0.82638 -0.495007 0.268448 -0.459229 0.352771 -0.826665 -0.43838 0.485024 
1529515374209 0.441093 -0.270342 0.855775 0.416672 -0.825893 -0.495417 0.269187 -0.458803 0.351193 -0.825516 -0.441799 0.485133 
1529515374229 0.441213 -0.270401 0.855696 0.416702 -0.825822 -0.495515 0.269226 -0.458747 0.351211 -0.825438 -0.441931 0.485196 
1529515374380 0.440813 -0.270074 0.856005 0.41659 -0.826026 -0.495229 0.269128 -0.458893 0.351234 -0.825717 -0.441391 0.48516 
1529515374404 0.440592 -0.269794 0.856207 0.416564 -0.826109 -0.495109 0.269093 -0.45895 0.351316 -0.82588 -0.44102 0.485151 
1529515374428 0.440275 -0.269436 0.856482 0.416543 -0.82628 -0.494828 0.269084 -0.459015 0.351311 -0.826165 -0.44049 0.485139 
1529515374442 0.440001 -0.269178 0.856704 0.416539 -0.826444 -0.494564 0.269067 -0.459052 0.351268 -0.826408 -0.44007 0.48515 
1529515374459 0.439635 -0.268792 0.857014 0.416541 -0.826665 -0.494195 0.269068 -0.459096 0.351208 -0.826754 -0.439466 0.485173 
1529515374475 0.439324 -0.268442 0.857282 0.416548 -0.82685 -0.493878 0.26908 -0.459141 0.35116 -0.827057 -0.438934 0.485192 
1529515374492 0.438995 -0.268017 0.857584 0.416562 -0.827052 -0.493512 0.269131 -0.459213 0.351096 -0.827413 -0.438313 0.48519 
1529515374509 0.438805 -0.267784 0.857754 0.416571 -0.827192 -0.49325 0.269182 -0.459263 0.351004 -0.827645 -0.437949 0.485167 
1529515374655 0.437872 -0.266741 0.858555 0.416604 -0.828122 -0.491417 0.269673 -0.45959 0.349976 -0.829071 -0.436072 0.484921 
1529515374673 0.437833 -0.266747 0.858573 0.41658 -0.828138 -0.49141 0.269638 -0.459608 0.349986 -0.829073 -0.436059 0.484931 
1529515374689 0.437806 -0.266753 0.858585 0.41656 -0.828146 -0.491411 0.269609 -0.459622 0.349999 -0.829071 -0.436054 0.484939 
1529515374709 0.437781 -0.266758 0.858596 0.41654 -0.828156 -0.491408 0.269584 -0.459637 0.350007 -0.829071 -0.436047 0.484946 
1529515374727 0.437782 -0.266752 0.858598 0.416535 -0.828155 -0.491409 0.269587 -0.459639 0.35001 -0.829072 -0.436042 0.484948 
1529515374742 0.437794 -0.266741 0.858595 0.416536 -0.828149 -0.491411 0.269602 -0.459636 0.350009 -0.829075 -0.436037 0.484949 
1529515374759 0.437813 -0.266725 0.858591 0.416543 -0.828139 -0.491416 0.269624 -0.459629 0.350009 -0.829077 -0.436033 0.48495 
1529515374776 0.437823 -0.266715 0.858588 0.416545 -0.828133 -0.491418 0.269637 -0.459625 0.350009 -0.829079 -0.43603 0.484951 
1529515374792 0.43783 -0.266709 0.858587 0.416546 -0.828129 -0.49142 0.269645 -0.459624 0.35001 -0.82908 -0.436027 0.484951 
1529515374809 0.437832 -0.266704 0.858587 0.416546 -0.828127 -0.491422 0.269648 -0.459623 0.350012 -0.82908 -0.436026 0.484952 
1529515374949 0.437848 -0.266682 0.858586 0.416547 -0.828115 -0.491433 0.269667 -0.45962 0.350022 -0.829081 -0.436016 0.484953 
1529515374970 0.437849 -0.26668 0.858586 0.416547 -0.828114 -0.491434 0.269668 -0.45962 0.350023 -0.829081 -0.436015 0.484954 
1529515374987 0.43785 -0.266678 0.858586 0.416547 -0.828113 -0.491434 0.26967 -0.45962 0.350023 -0.829081 -0.436014 0.484954 
1529515375005 0.43785 -0.266678 0.858586 0.416547 -0.828113 -0.491433 0.26967 -0.45962 0.350023 -0.829082 -0.436014 0.484954 
1529515375020 0.437851 -0.266677 0.858586 0.416547 -0.828113 -0.491433 0.269671 -0.459619 0.350023 -0.829082 -0.436013 0.484954 
1529515375140 0.437961 -0.266813 0.858488 0.416576 -0.82815 -0.491305 0.269789 -0.459591 0.349796 -0.829114 -0.436134 0.484954 
1529515375184 0.438367 -0.267238 0.858148 0.416573 -0.828112 -0.491227 0.270049 -0.459611 0.349378 -0.829023 -0.436641 0.485 
1529515375208 0.438594 -0.267459 0.857963 0.416566 -0.828079 -0.491204 0.270191 -0.45965 0.34917 -0.828966 -0.436916 0.485067 
1529515375221 0.438657 -0.267637 0.857876 0.416565 -0.828143 -0.491062 0.270254 -0.459675 0.34894 -0.828993 -0.437049 0.485111 
1529515375373 0.439911 -0.269433 0.85667 0.416675 -0.828549 -0.489717 0.271449 -0.459626 0.346388 -0.829207 -0.43867 0.485267 
1529515375511 0.439841 -0.269096 0.856812 0.416672 -0.828499 -0.489783 0.271482 -0.459681 0.346598 -0.829276 -0.438373 0.485295 
1529515375555 0.439255 -0.268621 0.857262 0.416611 -0.828572 -0.4899 0.271046 -0.459774 0.347164 -0.829362 -0.437763 0.485238 
1529515375590 0.438983 -0.267964 0.857607 0.416588 -0.828365 -0.490392 0.270789 -0.45984 0.348002 -0.829283 -0.437246 0.485213 
1529515375648 0.438751 -0.266491 0.858184 0.416631 -0.827896 -0.491216 0.270729 -0.459871 0.349407 -0.82927 -0.436149 0.485241 
1529515375692 0.438012 -0.265235 0.858951 0.416627 -0.828003 -0.491121 0.270577 -0.460013 0.350082 -0.829729 -0.434732 0.485242 
1529515375743 0.437412 -0.263995 0.859638 0.416578 -0.828069 -0.49102 0.270556 -0.460296 0.350674 -0.830184 -0.433384 0.484951 
1529515375769 0.437197 -0.263104 0.860021 0.416566 -0.828028 -0.490999 0.270723 -0.460427 0.351041 -0.83048 -0.43252 0.484851 
1529515375926 0.436007 -0.258898 0.861899 0.416876 -0.827769 -0.491169 0.271204 -0.460784 0.353124 -0.8317 -0.428461 0.485113 
1529515375943 0.435943 -0.258756 0.861974 0.416899 -0.827803 -0.491093 0.271239 -0.460823 0.353124 -0.831789 -0.428287 0.485125 
1529515375960 0.435863 -0.258596 0.862062 0.416926 -0.827851 -0.490988 0.271282 -0.460874 0.35311 -0.831901 -0.428083 0.485136 
1529515375976 0.435805 -0.258499 0.862121 0.416947 -0.827902 -0.490881 0.271321 -0.460908 0.353062 -0.831994 -0.42794 0.485141 
1529515375993 0.43572 -0.258402 0.862193 0.416971 -0.827998 -0.490685 0.271379 -0.460949 0.35294 -0.83214 -0.427757 0.485151 
1529515376009 0.435637 -0.258382 0.862241 0.416981 -0.828112 -0.490474 0.271416 -0.460974 0.352777 -0.832271 -0.427638 0.485171 
1529515376026 0.435591 -0.258334 0.862279 0.416985 -0.828175 -0.490344 0.271458 -0.460996 0.352686 -0.832362 -0.427535 0.485205 
1529515376201 0.43613 -0.257396 0.862286 0.416938 -0.827887 -0.490325 0.272368 -0.461221 0.352694 -0.832664 -0.42694 0.485053 
1529515376225 0.436445 -0.256987 0.862249 0.416893 -0.82777 -0.490239 0.27288 -0.461324 0.352582 -0.832841 -0.426688 0.48497 
1529515376383 0.438744 -0.253625 0.862078 0.416839 -0.826986 -0.489285 0.276936 -0.461457 0.351564 -0.834431 -0.424415 0.484554 
1529515376398 0.438737 -0.253499 0.862118 0.416866 -0.82698 -0.489266 0.27699 -0.461473 0.351588 -0.83448 -0.424298 0.484559 
1529515376416 0.438726 -0.253441 0.862141 0.416882 -0.826993 -0.489224 0.277025 -0.461488 0.351571 -0.834522 -0.424229 0.484544 
1529515376433 0.43871 -0.253408 0.862159 0.416892 -0.827017 -0.489168 0.277051 -0.461511 0.351534 -0.834565 -0.424175 0.484516 
1529515376449 0.438714 -0.253405 0.862158 0.416898 -0.827026 -0.489144 0.277069 -0.461528 0.351508 -0.83458 -0.424167 0.484491 
1529515376473 0.438723 -0.253406 0.862153 0.416907 -0.827039 -0.489105 0.277096 -0.461551 0.351466 -0.834603 -0.424158 0.484452 
1529515376491 0.438738 -0.253413 0.862143 0.416906 -0.827045 -0.489082 0.277119 -0.461546 0.351433 -0.834614 -0.424163 0.484435 
1529515376512 0.438739 -0.2534 0.862147 0.416904 -0.827033 -0.489106 0.277113 -0.461541 0.351461 -0.834604 -0.42416 0.484452 
1529515376655 0.438642 -0.253178 0.862261 0.416912 -0.826933 -0.489346 0.276988 -0.461529 0.351816 -0.834531 -0.424009 0.484557 
1529515376799 0.434851 -0.251737 0.8646 0.417041 -0.828016 -0.489185 0.27402 -0.461981 0.353968 -0.835061 -0.421165 0.484881 
1529515376816 0.434514 -0.251607 0.864807 0.417064 -0.828071 -0.489267 0.273709 -0.462021 0.354255 -0.835052 -0.420941 0.484907 
1529515376832 0.434359 -0.251481 0.864922 0.41708 -0.828051 -0.48939 0.273549 -0.46204 0.354491 -0.835018 -0.420809 0.484922 
1529515376849 0.434251 -0.251394 0.865001 0.417088 -0.828063 -0.489414 0.273469 -0.46205 0.354595 -0.83503 -0.420699 0.484933 
1529515376866 0.434153 -0.251358 0.865061 0.417092 -0.8281 -0.489389 0.273403 -0.46206 0.35463 -0.835055 -0.420619 0.484942 
1529515376882 0.43409 -0.251323 0.865103 0.417094 -0.828123 -0.489371 0.273366 -0.462066 0.354653 -0.835077 -0.420557 0.484949 
1529515376904 0.43401 -0.25127 0.865158 0.417092 -0.828147 -0.489357 0.273318 -0.462078 0.354694 -0.835101 -0.420474 0.484959 
1529515376921 0.433995 -0.251253 0.865171 0.417087 -0.828143 -0.489372 0.273302 -0.462084 0.354723 -0.835097 -0.420458 0.48496 
1529515376937 0.433984 -0.25124 0.86518 0.417083 -0.82814 -0.489382 0.273292 -0.462088 0.354742 -0.835095 -0.420446 0.484961 
1529515376954 0.433977 -0.251247 0.865182 0.41708 -0.82814 -0.489391 0.273279 -0.462093 0.354752 -0.835088 -0.420452 0.484958 
1529515377113 0.433954 -0.251268 0.865187 0.417083 -0.828156 -0.489376 0.273255 -0.462097 0.354741 -0.83509 -0.420456 0.484946 
1529515377133 0.433953 -0.251269 0.865187 0.417083 -0.828157 -0.489374 0.273254 -0.462097 0.35474 -0.835091 -0.420456 0.484945 
1529515377151 0.433952 -0.25127 0.865187 0.417083 -0.828158 -0.489374 0.273254 -0.462097 0.354739 -0.835091 -0.420456 0.484944 
1529515377166 0.433951 -0.251271 0.865188 0.417083 -0.828159 -0.489373 0.273253 -0.462098 0.354739 -0.835091 -0.420456 0.484944 
1529515377183 0.43395 -0.251271 0.865188 0.417083 -0.828159 -0.489373 0.273252 -0.462098 0.354739 -0.835091 -0.420456 0.484943 
1529515377201 0.433949 -0.251272 0.865188 0.417083 -0.82816 -0.489372 0.273252 -0.462098 0.354738 -0.835092 -0.420456 0.484943 
1529515377216 0.433949 -0.251273 0.865188 0.417083 -0.82816 -0.489371 0.273251 -0.462098 0.354738 -0.835092 -0.420456 0.484942 
1529515377233 0.433948 -0.251273 0.865188 0.417083 -0.828161 -0.48937 0.273251 -0.462098 0.354737 -0.835092 -0.420456 0.484942 
1529515377250 0.433948 -0.251273 0.865188 0.417083 -0.828161 -0.48937 0.273251 -0.462098 0.354737 -0.835092 -0.420456 0.484942 
1529515377266 0.433948 -0.251274 0.865189 0.417083 -0.828162 -0.48937 0.27325 -0.462098 0.354736 -0.835092 -0.420456 0.484941 
1529515377423 0.433947 -0.251274 0.865189 0.417083 -0.828164 -0.489365 0.273251 -0.462099 0.354732 -0.835095 -0.420455 0.484939 
1529515377446 0.433946 -0.251274 0.865189 0.417083 -0.828164 -0.489364 0.273252 -0.462099 0.354731 -0.835095 -0.420454 0.484938 
1529515377463 0.433947 -0.251274 0.865189 0.417083 -0.828164 -0.489364 0.273252 -0.462099 0.354731 -0.835095 -0.420454 0.484938 
1529515377487 0.433946 -0.251274 0.865189 0.417083 -0.828165 -0.489364 0.273252 -0.462099 0.354731 -0.835095 -0.420454 0.484938 
1529515377507 0.433946 -0.251274 0.865189 0.417083 -0.828165 -0.489363 0.273252 -0.462099 0.354731 -0.835096 -0.420454 0.484938 
1529515377525 0.433947 -0.251274 0.865189 0.417084 -0.828165 -0.489363 0.273252 -0.462099 0.35473 -0.835096 -0.420454 0.484937 
1529515377542 0.433946 -0.251274 0.865189 0.417084 -0.828165 -0.489363 0.273252 -0.462099 0.35473 -0.835096 -0.420454 0.484937 
1529515377557 0.433946 -0.251274 0.865189 0.417084 -0.828165 -0.489363 0.273252 -0.462099 0.35473 -0.835096 -0.420454 0.484937 
1529515377573 0.433946 -0.251274 0.865189 0.417084 -0.828165 -0.489362 0.273252 -0.462099 0.35473 -0.835096 -0.420454 0.484937 
1529515377714 0.433946 -0.251274 0.865189 0.417084 -0.828166 -0.489361 0.273253 -0.462099 0.354728 -0.835097 -0.420453 0.484936 
1529515377730 0.433946 -0.251274 0.865189 0.417084 -0.828166 -0.48936 0.273253 -0.462099 0.354728 -0.835097 -0.420453 0.484936 
1529515377747 0.433946 -0.251274 0.865189 0.417084 -0.828166 -0.48936 0.273253 -0.462099 0.354728 -0.835097 -0.420453 0.484936 
1529515377763 0.433946 -0.251274 0.865189 0.417084 -0.828166 -0.48936 0.273254 -0.462099 0.354727 -0.835098 -0.420453 0.484936 
1529515377780 0.433946 -0.251274 0.865189 0.417084 -0.828166 -0.48936 0.273254 -0.462099 0.354727 -0.835098 -0.420453 0.484936 
1529515377803 0.433946 -0.251274 0.865189 0.417084 -0.828166 -0.48936 0.273254 -0.462099 0.354727 -0.835098 -0.420453 0.484935 
1529515377821 0.433946 -0.251274 0.865189 0.417084 -0.828167 -0.48936 0.273253 -0.462099 0.354727 -0.835098 -0.420453 0.484935 
1529515377837 0.433946 -0.251274 0.865189 0.417084 -0.828166 -0.48936 0.273254 -0.462099 0.354727 -0.835098 -0.420452 0.484935 
1529515378000 0.433946 -0.251274 0.865189 0.417084 -0.828167 -0.489359 0.273254 -0.462099 0.354726 -0.835098 -0.420452 0.484935 
1529515378017 0.433946 -0.251274 0.865189 0.417084 -0.828167 -0.489359 0.273254 -0.462099 0.354726 -0.835099 -0.420452 0.484935 
1529515378034 0.433946 -0.251274 0.865189 0.417084 -0.828167 -0.489358 0.273254 -0.462099 0.354726 -0.835099 -0.420452 0.484934 
1529515378053 0.433946 -0.251274 0.865189 0.417084 -0.828167 -0.489358 0.273254 -0.462099 0.354726 -0.835099 -0.420452 0.484934 
1529515378072 0.433946 -0.251274 0.865189 0.417084 -0.828167 -0.489358 0.273255 -0.462099 0.354726 -0.835099 -0.420452 0.484934 
1529515378088 0.433946 -0.251274 0.865189 0.417084 -0.828167 -0.489358 0.273254 -0.462099 0.354726 -0.835099 -0.420452 0.484934 
1529515378108 0.433946 -0.251274 0.865189 0.417084 -0.828167 -0.489358 0.273254 -0.462099 0.354726 -0.835099 -0.420452 0.484934 
1529515378125 0.433946 -0.251274 0.865189 0.417084 -0.828167 -0.489358 0.273255 -0.462099 0.354726 -0.835099 -0.420452 0.484934 
1529515378145 0.433946 -0.251274 0.865189 0.417084 -0.828167 -0.489358 0.273255 -0.462099 0.354726 -0.835099 -0.420452 0.484934 
1529515378296 0.433946 -0.251274 0.865189 0.417084 -0.828167 -0.489357 0.273255 -0.462099 0.354725 -0.835099 -0.420451 0.484934 
