1529503045660 -0.051619 -0.163576 0.985179 0.413402 -0.998048 0.0431644 -0.0451264 -0.472813 -0.0351431 -0.985586 -0.165485 0.448661 
1529503045679 -0.0516191 -0.163576 0.985179 0.413402 -0.998048 0.0431647 -0.0451264 -0.472813 -0.0351434 -0.985586 -0.165485 0.448661 
1529503045694 -0.0516189 -0.163576 0.985179 0.413402 -0.998048 0.0431647 -0.0451263 -0.472813 -0.0351434 -0.985586 -0.165485 0.448661 
1529503045711 -0.0516189 -0.163576 0.985179 0.413402 -0.998048 0.0431642 -0.0451263 -0.472813 -0.0351429 -0.985586 -0.165485 0.448661 
1529503045727 -0.0516191 -0.163576 0.985179 0.413402 -0.998048 0.0431645 -0.0451265 -0.472813 -0.0351432 -0.985586 -0.165485 0.448661 
1529503045744 -0.051619 -0.163576 0.985179 0.413402 -0.998048 0.0431643 -0.0451264 -0.472813 -0.035143 -0.985586 -0.165485 0.448661 
1529503045764 -0.0516188 -0.163576 0.985179 0.413402 -0.998048 0.0431644 -0.0451262 -0.472813 -0.0351431 -0.985586 -0.165485 0.448661 
1529503045783 -0.0516188 -0.163576 0.985179 0.413402 -0.998048 0.0431646 -0.0451262 -0.472813 -0.0351433 -0.985586 -0.165485 0.448661 
1529503045798 -0.0516193 -0.163576 0.985179 0.413402 -0.998048 0.0431645 -0.0451267 -0.472813 -0.0351431 -0.985586 -0.165485 0.448661 
1529503045814 -0.0516193 -0.163576 0.985179 0.413402 -0.998048 0.0431645 -0.0451267 -0.472813 -0.0351431 -0.985586 -0.165485 0.448661 
1529503045834 -0.0516187 -0.163576 0.985179 0.413402 -0.998048 0.0431645 -0.0451261 -0.472813 -0.0351432 -0.985586 -0.165485 0.448661 
1529503045964 -0.0515145 -0.163491 0.985199 0.41326 -0.998056 0.0430749 -0.0450387 -0.472779 -0.0350739 -0.985604 -0.165392 0.448741 
1529503045983 -0.0513204 -0.163349 0.985233 0.413039 -0.998071 0.0428917 -0.0448778 -0.472765 -0.0349276 -0.985635 -0.165235 0.44885 
1529503046010 -0.0514153 -0.16334 0.985229 0.41263 -0.998069 0.0428326 -0.0449842 -0.472823 -0.0348522 -0.98564 -0.165227 0.448909 
1529503046026 -0.0514661 -0.163356 0.985224 0.412324 -0.998063 0.0429337 -0.0450181 -0.472838 -0.0349453 -0.985633 -0.165249 0.448896 
1529503046043 -0.0514338 -0.163352 0.985226 0.41195 -0.998058 0.0431073 -0.0449565 -0.472812 -0.0351267 -0.985626 -0.165252 0.448871 
1529503046064 -0.051373 -0.163309 0.985236 0.411572 -0.998055 0.0432891 -0.0448659 -0.47278 -0.035323 -0.985625 -0.165215 0.448853 
1529503046085 -0.0514021 -0.163312 0.985234 0.411138 -0.998046 0.0435019 -0.0448597 -0.472767 -0.0355334 -0.985615 -0.165229 0.448824 
1529503046099 -0.0514019 -0.163318 0.985234 0.410853 -0.99804 0.0436586 -0.0448329 -0.472756 -0.0356919 -0.985607 -0.165242 0.448791 
1529503046116 -0.0513825 -0.163283 0.98524 0.410561 -0.998036 0.0437902 -0.0447925 -0.472758 -0.03583 -0.985607 -0.165212 0.44877 
1529503046131 -0.0514062 -0.163275 0.98524 0.410264 -0.998032 0.0438851 -0.0448009 -0.47277 -0.0359225 -0.985604 -0.165209 0.448762 
1529503046152 -0.0514906 -0.163318 0.985229 0.409896 -0.998024 0.0439765 -0.0448695 -0.472779 -0.0359989 -0.985593 -0.16526 0.448761 
1529503046169 -0.0515402 -0.163351 0.985221 0.409591 -0.998021 0.0440189 -0.0449114 -0.472778 -0.036032 -0.985585 -0.165297 0.448768 
1529503046186 -0.0515705 -0.163371 0.985216 0.409292 -0.998023 0.0439227 -0.0449575 -0.472789 -0.0359285 -0.985586 -0.165313 0.448783 
1529503046214 -0.0515998 -0.1633 0.985226 0.408845 -0.998029 0.0437037 -0.0450265 -0.472862 -0.0357052 -0.985608 -0.165233 0.448841 
1529503046237 -0.051709 -0.16338 0.985207 0.408609 -0.99803 0.0435467 -0.0451605 -0.472926 -0.0355242 -0.985602 -0.16531 0.448863 
1529503046255 -0.0517437 -0.163472 0.98519 0.408503 -0.998031 0.0434706 -0.0452051 -0.472945 -0.035437 -0.98559 -0.1654 0.448856 
1529503046271 -0.0517219 -0.163552 0.985178 0.408451 -0.998034 0.0434421 -0.0451849 -0.47294 -0.0354081 -0.985578 -0.165477 0.448837 
1529503046287 -0.0517176 -0.16358 0.985174 0.408425 -0.998034 0.0434339 -0.0451809 -0.472941 -0.0353992 -0.985573 -0.165505 0.448827 
1529503046404 -0.0514605 -0.163421 0.985213 0.408256 -0.998046 0.0434108 -0.0449301 -0.472858 -0.0354264 -0.985601 -0.165336 0.448856 
1529503046426 -0.0514395 -0.16343 0.985213 0.408026 -0.998046 0.0434444 -0.0449028 -0.47283 -0.0354636 -0.985598 -0.165345 0.448859 
1529503046447 -0.0513794 -0.163379 0.985225 0.407709 -0.998049 0.0434401 -0.0448446 -0.472822 -0.0354716 -0.985607 -0.165292 0.44888 
1529503046473 -0.0514346 -0.163398 0.985219 0.407321 -0.998043 0.0435462 -0.044882 -0.472838 -0.0355689 -0.985599 -0.165318 0.44885 
1529503046490 -0.0514943 -0.163437 0.985209 0.407061 -0.998035 0.0436814 -0.0449183 -0.472855 -0.035694 -0.985586 -0.165365 0.448795 
1529503046507 -0.051517 -0.163482 0.9852 0.406693 -0.998025 0.0439263 -0.0448986 -0.472858 -0.0359361 -0.985568 -0.165422 0.448694 
1529503046524 -0.051499 -0.163494 0.985199 0.406432 -0.998021 0.0440807 -0.044854 -0.472844 -0.0360949 -0.985559 -0.16544 0.44864 
1529503046540 -0.0514492 -0.163441 0.985211 0.406101 -0.998019 0.0441935 -0.0447866 -0.472821 -0.0362199 -0.985563 -0.165391 0.448627 
1529503046557 -0.0514721 -0.163412 0.985214 0.405849 -0.998016 0.044238 -0.0448034 -0.472812 -0.0362625 -0.985566 -0.165365 0.448646 
1529503046573 -0.051515 -0.163345 0.985223 0.405482 -0.998014 0.0442362 -0.0448497 -0.472799 -0.0362566 -0.985577 -0.165299 0.448714 
1529503046590 -0.0515226 -0.163323 0.985226 0.405243 -0.998014 0.0442087 -0.0448628 -0.472775 -0.0362285 -0.985582 -0.165277 0.448756 
1529503046607 -0.0515117 -0.163261 0.985237 0.404972 -0.998019 0.044083 -0.0448751 -0.472774 -0.0361058 -0.985597 -0.165209 0.448805 
1529503046625 -0.0516414 -0.163282 0.985227 0.404805 -0.998017 0.0439831 -0.0450225 -0.472823 -0.035982 -0.985599 -0.165229 0.448827 
1529503046640 -0.0517562 -0.163321 0.985215 0.404689 -0.998015 0.0439044 -0.0451506 -0.472873 -0.0358813 -0.985596 -0.165269 0.448832 
1529503046657 -0.0518305 -0.163345 0.985207 0.404599 -0.998015 0.0438023 -0.045242 -0.472923 -0.0357642 -0.985596 -0.165291 0.448836 
1529503046681 -0.0517931 -0.163381 0.985203 0.404573 -0.998019 0.0437461 -0.0452122 -0.472926 -0.0357119 -0.985593 -0.165324 0.448818 
1529503046798 -0.0515537 -0.163439 0.985206 0.404441 -0.998024 0.043907 -0.0449407 -0.472842 -0.0359124 -0.985576 -0.165379 0.448725 
1529503046828 -0.0514316 -0.163396 0.985219 0.404241 -0.998025 0.0440292 -0.044798 -0.47279 -0.0360586 -0.985578 -0.165338 0.448702 
1529503046842 -0.0514213 -0.163399 0.985219 0.403972 -0.998025 0.0440579 -0.0447827 -0.472776 -0.0360893 -0.985576 -0.165341 0.448709 
1529503046858 -0.0514895 -0.16338 0.985219 0.403703 -0.998023 0.0440129 -0.0448599 -0.472804 -0.0360331 -0.985581 -0.165324 0.448744 
1529503046881 -0.0515724 -0.163326 0.985223 0.403178 -0.998019 0.0440257 -0.0449437 -0.472835 -0.0360347 -0.985589 -0.165273 0.448774 
1529503046900 -0.0515826 -0.16333 0.985222 0.402767 -0.998012 0.0441917 -0.0449262 -0.472831 -0.0362009 -0.985581 -0.165285 0.448714 
1529503046917 -0.0516018 -0.163358 0.985216 0.402432 -0.998007 0.0443182 -0.0449233 -0.472826 -0.0363245 -0.985571 -0.165319 0.448658 
1529503046933 -0.0516221 -0.163376 0.985212 0.402044 -0.998 0.0444734 -0.0449172 -0.472826 -0.0364773 -0.985561 -0.165345 0.448596 
1529503046950 -0.0516824 -0.163392 0.985207 0.401725 -0.997993 0.0445867 -0.0449586 -0.472834 -0.0365812 -0.985553 -0.165368 0.448564 
1529503046967 -0.0517759 -0.16341 0.985199 0.401339 -0.997988 0.0446286 -0.0450457 -0.472849 -0.0366071 -0.985548 -0.165392 0.448563 
1529503046983 -0.0518143 -0.163384 0.985201 0.401007 -0.997987 0.0445927 -0.0450916 -0.472858 -0.0365655 -0.985554 -0.165366 0.448595 
1529503047000 -0.0517441 -0.163309 0.985217 0.400759 -0.997993 0.0445239 -0.0450348 -0.472841 -0.0365111 -0.98557 -0.165285 0.448638 
1529503047023 -0.0516184 -0.163249 0.985234 0.40035 -0.998001 0.0444627 -0.04492 -0.472797 -0.036473 -0.985582 -0.165218 0.448668 
1529503047039 -0.0515855 -0.16329 0.985228 0.400093 -0.998001 0.0444979 -0.0448792 -0.472777 -0.0365123 -0.985574 -0.165259 0.448638 
1529503047056 -0.0515845 -0.163331 0.985222 0.399794 -0.997998 0.0445675 -0.044865 -0.472779 -0.036581 -0.985564 -0.165303 0.448608 
1529503047073 -0.0515813 -0.163302 0.985227 0.39962 -0.997999 0.0445492 -0.0448659 -0.472786 -0.0365644 -0.98557 -0.165274 0.448627 
1529503047090 -0.0516365 -0.163319 0.985221 0.399479 -0.998 0.044451 -0.0449377 -0.472799 -0.0364549 -0.985571 -0.165288 0.44867 
1529503047107 -0.0516564 -0.163328 0.985218 0.399405 -0.998004 0.0443268 -0.0449784 -0.472804 -0.0363253 -0.985575 -0.165292 0.448723 
1529503047123 -0.0516424 -0.16334 0.985217 0.399356 -0.998008 0.0442496 -0.0449767 -0.472803 -0.036249 -0.985577 -0.1653 0.448748 
1529503047261 -0.05176 -0.163385 0.985204 0.399014 -0.997997 0.0444009 -0.0450687 -0.472881 -0.0363804 -0.985563 -0.165356 0.44865 
1529503047275 -0.0516778 -0.163315 0.98522 0.398865 -0.997997 0.0444954 -0.0449722 -0.472844 -0.0364931 -0.98557 -0.165287 0.448639 
1529503047304 -0.0516378 -0.163301 0.985224 0.398542 -0.997999 0.0444972 -0.0449319 -0.472825 -0.0365023 -0.985572 -0.165272 0.448634 
1529503047325 -0.0515731 -0.163285 0.98523 0.398178 -0.998001 0.0445097 -0.0448649 -0.472798 -0.0365266 -0.985574 -0.165254 0.448636 
1529503047342 -0.0515668 -0.163275 0.985232 0.397907 -0.998 0.0445541 -0.0448514 -0.472779 -0.036573 -0.985574 -0.165245 0.448638 
1529503047359 -0.0516266 -0.163262 0.985231 0.397569 -0.997994 0.0446406 -0.0448979 -0.472773 -0.0366512 -0.985572 -0.16524 0.44864 
1529503047375 -0.051641 -0.163198 0.985241 0.397211 -0.997989 0.044752 -0.0448963 -0.472761 -0.0367645 -0.985578 -0.165181 0.448645 
1529503047392 -0.0516205 -0.163116 0.985256 0.39686 -0.997986 0.0448348 -0.0448648 -0.472751 -0.0368556 -0.985588 -0.165102 0.448658 
1529503047408 -0.0516212 -0.163066 0.985264 0.396554 -0.997986 0.0448552 -0.044864 -0.472754 -0.0368784 -0.985595 -0.165053 0.448672 
1529503047428 -0.0517239 -0.163061 0.985259 0.396141 -0.99798 0.0448895 -0.0449625 -0.472783 -0.0368962 -0.985594 -0.165054 0.448671 
1529503047449 -0.0517868 -0.163152 0.985241 0.39586 -0.997973 0.0449863 -0.0450065 -0.472779 -0.0369794 -0.985575 -0.165151 0.448621 
1529503047469 -0.0518139 -0.163226 0.985227 0.395654 -0.997971 0.0450152 -0.0450263 -0.472788 -0.0370007 -0.985561 -0.165227 0.448584 
1529503047482 -0.051831 -0.163282 0.985217 0.395528 -0.997974 0.0449204 -0.0450574 -0.472811 -0.0368993 -0.985556 -0.165279 0.448585 
1529503047499 -0.0518228 -0.163314 0.985212 0.395458 -0.997979 0.0447907 -0.0450696 -0.472829 -0.0367678 -0.985557 -0.165305 0.448605 
1529503047517 -0.0517721 -0.163332 0.985212 0.395423 -0.997986 0.0446584 -0.0450398 -0.472829 -0.0366416 -0.98556 -0.165315 0.448631 
1529503047640 -0.0516491 -0.163355 0.985215 0.395314 -0.997995 0.044585 -0.0449266 -0.472782 -0.0365868 -0.985559 -0.16533 0.448633 
1529503047665 -0.0516157 -0.163266 0.985231 0.395118 -0.997989 0.0447839 -0.0448627 -0.472764 -0.0367979 -0.985565 -0.165249 0.448589 
1529503047685 -0.0515895 -0.163219 0.98524 0.394859 -0.997985 0.0449087 -0.0448171 -0.472743 -0.0369309 -0.985567 -0.165207 0.448571 
1529503047723 -0.051565 -0.163197 0.985245 0.394132 -0.997993 0.0447349 -0.0448223 -0.472766 -0.03676 -0.985579 -0.165176 0.448607 
1529503047736 -0.0515586 -0.163225 0.985241 0.39385 -0.997995 0.0446786 -0.0448241 -0.47276 -0.0367028 -0.985577 -0.165201 0.44861 
1529503047753 -0.0515496 -0.163302 0.985228 0.393542 -0.997995 0.0446973 -0.044809 -0.472735 -0.0367196 -0.985563 -0.165279 0.448579 
1529503047770 -0.0515193 -0.163341 0.985223 0.393203 -0.997991 0.0448407 -0.0447527 -0.472703 -0.0368682 -0.98555 -0.165323 0.448533 
1529503047786 -0.0515202 -0.163292 0.985232 0.392796 -0.997983 0.045056 -0.0447194 -0.472673 -0.0370883 -0.985548 -0.165284 0.448504 
1529503047804 -0.0515298 -0.163249 0.985238 0.392437 -0.997977 0.0451972 -0.0447071 -0.472643 -0.0372316 -0.985549 -0.165248 0.448499 
1529503047820 -0.0515409 -0.163184 0.985248 0.392124 -0.997974 0.0452769 -0.0447074 -0.472637 -0.0373135 -0.985556 -0.165187 0.448509 
1529503047836 -0.0515787 -0.163098 0.985261 0.39187 -0.99797 0.0453224 -0.0447414 -0.47266 -0.0373571 -0.985568 -0.165105 0.448526 
1529503048163 -0.051727 -0.163333 0.985214 0.390028 -0.99798 0.0448769 -0.0449574 -0.47277 -0.0368704 -0.98555 -0.165324 0.448545 
1529503048180 -0.0517242 -0.163335 0.985214 0.390027 -0.99798 0.0448834 -0.0449534 -0.472768 -0.0368773 -0.985549 -0.165326 0.448542 
1529503048196 -0.0517236 -0.163336 0.985214 0.390026 -0.99798 0.0448865 -0.0449522 -0.472767 -0.0368805 -0.985549 -0.165328 0.44854 
1529503048220 -0.0517192 -0.163337 0.985214 0.390026 -0.99798 0.0448911 -0.044947 -0.472765 -0.0368858 -0.985548 -0.165329 0.448538 
1529503048237 -0.0517176 -0.163339 0.985214 0.390026 -0.99798 0.0448941 -0.0449448 -0.472764 -0.036889 -0.985548 -0.16533 0.448537 
1529503048261 -0.0517169 -0.16334 0.985213 0.390025 -0.99798 0.0448974 -0.0449435 -0.472763 -0.0368925 -0.985548 -0.165332 0.448535 
1529503048278 -0.0517159 -0.16334 0.985213 0.390025 -0.99798 0.044899 -0.0449422 -0.472763 -0.0368942 -0.985548 -0.165332 0.448534 
1529503048295 -0.051715 -0.163338 0.985214 0.390026 -0.99798 0.0448965 -0.0449418 -0.472763 -0.0368919 -0.985548 -0.16533 0.448536 
1529503048311 -0.0517145 -0.163337 0.985214 0.390026 -0.99798 0.044896 -0.0449414 -0.472763 -0.0368915 -0.985548 -0.165329 0.448536 
1529503048328 -0.0517159 -0.163337 0.985214 0.390025 -0.99798 0.0448959 -0.0449428 -0.472764 -0.0368912 -0.985548 -0.165329 0.448536 
1529503048345 -0.0517151 -0.163337 0.985214 0.390025 -0.99798 0.0448957 -0.0449421 -0.472764 -0.0368912 -0.985548 -0.165329 0.448536 
1529503048361 -0.0517132 -0.163336 0.985214 0.390026 -0.99798 0.0448958 -0.0449402 -0.472763 -0.0368916 -0.985548 -0.165328 0.448536 
1529503048385 -0.051714 -0.163336 0.985214 0.390025 -0.99798 0.0448954 -0.044941 -0.472764 -0.0368912 -0.985548 -0.165328 0.448536 
1529503048399 -0.051714 -0.163336 0.985214 0.390025 -0.99798 0.0448954 -0.044941 -0.472764 -0.0368912 -0.985548 -0.165328 0.448536 
1529503048421 -0.0517121 -0.163335 0.985214 0.390026 -0.99798 0.0448958 -0.0449391 -0.472763 -0.0368918 -0.985549 -0.165327 0.448536 
1529503048438 -0.0517129 -0.163335 0.985214 0.390026 -0.99798 0.0448959 -0.0449398 -0.472764 -0.0368918 -0.985549 -0.165327 0.448536 
1529503048455 -0.0517127 -0.163335 0.985214 0.390025 -0.99798 0.0448956 -0.0449397 -0.472764 -0.0368916 -0.985549 -0.165327 0.448536 
1529503048473 -0.0517116 -0.163334 0.985215 0.390026 -0.99798 0.0448958 -0.0449386 -0.472763 -0.036892 -0.985549 -0.165326 0.448536 
1529503048488 -0.0517118 -0.163334 0.985215 0.390026 -0.99798 0.0448955 -0.0449388 -0.472763 -0.0368917 -0.985549 -0.165326 0.448536 
1529503048505 -0.0517124 -0.163334 0.985215 0.390025 -0.99798 0.044896 -0.0449394 -0.472764 -0.036892 -0.985549 -0.165326 0.448536 
1529503048521 -0.0517112 -0.163334 0.985215 0.390026 -0.99798 0.0448959 -0.0449382 -0.472763 -0.0368922 -0.985549 -0.165326 0.448536 
1529503048538 -0.051711 -0.163334 0.985215 0.390026 -0.99798 0.0448957 -0.044938 -0.472763 -0.036892 -0.985549 -0.165326 0.448536 
1529503048554 -0.0517117 -0.163334 0.985215 0.390025 -0.99798 0.044896 -0.0449386 -0.472764 -0.0368922 -0.985549 -0.165325 0.448536 
1529503048571 -0.051711 -0.163334 0.985215 0.390026 -0.99798 0.044896 -0.044938 -0.472763 -0.0368923 -0.985549 -0.165325 0.448536 
1529503048589 -0.0517103 -0.163333 0.985215 0.390026 -0.99798 0.0448959 -0.0449373 -0.472763 -0.0368924 -0.985549 -0.165325 0.448536 
1529503048604 -0.0517104 -0.163333 0.985215 0.390026 -0.99798 0.0448959 -0.0449374 -0.472763 -0.0368923 -0.985549 -0.165325 0.448536 
1529503048621 -0.0517104 -0.163333 0.985215 0.390025 -0.99798 0.044896 -0.0449373 -0.472763 -0.0368925 -0.985549 -0.165325 0.448536 
1529503048638 -0.0517098 -0.163333 0.985215 0.390026 -0.99798 0.0448959 -0.0449368 -0.472763 -0.0368924 -0.985549 -0.165325 0.448536 
1529503048659 -0.0517097 -0.163333 0.985215 0.390026 -0.99798 0.044896 -0.0449367 -0.472763 -0.0368926 -0.985549 -0.165324 0.448536 
1529503048679 -0.0517095 -0.163333 0.985215 0.390026 -0.99798 0.0448961 -0.0449365 -0.472763 -0.0368927 -0.985549 -0.165324 0.448536 
1529503048696 -0.0517093 -0.163332 0.985215 0.390026 -0.997981 0.044896 -0.0449363 -0.472763 -0.0368926 -0.985549 -0.165324 0.448536 
1529503048719 -0.0517096 -0.163332 0.985215 0.390025 -0.99798 0.0448961 -0.0449366 -0.472763 -0.0368927 -0.985549 -0.165324 0.448536 
1529503048736 -0.051709 -0.163332 0.985215 0.390026 -0.997981 0.044896 -0.044936 -0.472763 -0.0368927 -0.985549 -0.165324 0.448536 
1529503048752 -0.0517088 -0.163332 0.985215 0.390026 -0.997981 0.0448962 -0.0449358 -0.472763 -0.0368929 -0.985549 -0.165324 0.448536 
1529503048769 -0.0517086 -0.163332 0.985215 0.390026 -0.997981 0.0448958 -0.0449356 -0.472763 -0.0368926 -0.985549 -0.165324 0.448536 
1529503048787 -0.051709 -0.163332 0.985215 0.390025 -0.997981 0.0448961 -0.044936 -0.472763 -0.0368928 -0.985549 -0.165324 0.448536 
1529503048802 -0.0517085 -0.163332 0.985215 0.390026 -0.997981 0.044896 -0.0449355 -0.472763 -0.0368928 -0.985549 -0.165323 0.448536 
1529503048824 -0.0517082 -0.163332 0.985215 0.390026 -0.997981 0.044896 -0.0449352 -0.472763 -0.0368929 -0.985549 -0.165323 0.448536 
1529503048841 -0.0517086 -0.163332 0.985215 0.390025 -0.997981 0.0448957 -0.0449357 -0.472763 -0.0368925 -0.985549 -0.165323 0.448536 
1529503048858 -0.0517084 -0.163332 0.985215 0.390026 -0.997981 0.0448961 -0.0449354 -0.472763 -0.036893 -0.985549 -0.165323 0.448536 
1529503048875 -0.0517077 -0.163332 0.985215 0.390026 -0.997981 0.044896 -0.0449347 -0.472763 -0.036893 -0.985549 -0.165323 0.448536 
1529503048891 -0.0517079 -0.163331 0.985215 0.390026 -0.997981 0.0448958 -0.0449349 -0.472763 -0.0368928 -0.985549 -0.165323 0.448536 
1529503048916 -0.051708 -0.163331 0.985215 0.390025 -0.997981 0.0448958 -0.044935 -0.472763 -0.0368927 -0.985549 -0.165323 0.448536 
1529503048937 -0.051707 -0.163331 0.985215 0.390026 -0.997981 0.0448958 -0.044934 -0.472763 -0.0368929 -0.985549 -0.165323 0.448536 
1529503048956 -0.0517082 -0.163331 0.985215 0.390025 -0.997981 0.0448961 -0.0449352 -0.472763 -0.036893 -0.985549 -0.165323 0.448536 
1529503048970 -0.0517079 -0.163331 0.985215 0.390025 -0.997981 0.044896 -0.0449349 -0.472763 -0.036893 -0.985549 -0.165323 0.448536 
1529503048987 -0.0517067 -0.163331 0.985215 0.390026 -0.997981 0.0448958 -0.0449337 -0.472763 -0.036893 -0.985549 -0.165322 0.448536 
1529503049003 -0.0517071 -0.163331 0.985215 0.390026 -0.997981 0.044896 -0.0449341 -0.472763 -0.0368931 -0.985549 -0.165322 0.448536 
1529503049021 -0.0517077 -0.163331 0.985215 0.390025 -0.997981 0.0448959 -0.0449347 -0.472763 -0.0368929 -0.985549 -0.165322 0.448536 
1529503049037 -0.051707 -0.163331 0.985215 0.390026 -0.997981 0.044896 -0.044934 -0.472763 -0.0368932 -0.985549 -0.165322 0.448536 
1529503049053 -0.0517063 -0.163331 0.985216 0.390026 -0.997981 0.044896 -0.0449334 -0.472763 -0.0368932 -0.985549 -0.165322 0.448536 
1529503049070 -0.051707 -0.16333 0.985215 0.390026 -0.997981 0.0448959 -0.0449341 -0.472763 -0.036893 -0.985549 -0.165322 0.448536 
1529503049087 -0.0517069 -0.163331 0.985215 0.390026 -0.997981 0.0448959 -0.0449339 -0.472763 -0.036893 -0.985549 -0.165322 0.448536 
1529503049108 -0.0517066 -0.16333 0.985216 0.390026 -0.997981 0.0448959 -0.0449336 -0.472763 -0.0368931 -0.985549 -0.165322 0.448536 
1529503049126 -0.0517066 -0.16333 0.985216 0.390026 -0.997981 0.0448959 -0.0449336 -0.472763 -0.0368931 -0.985549 -0.165322 0.448536 
1529503049141 -0.0517064 -0.16333 0.985216 0.390026 -0.997981 0.044896 -0.0449335 -0.472763 -0.0368932 -0.985549 -0.165322 0.448536 
1529503049158 -0.0517064 -0.16333 0.985216 0.390026 -0.997981 0.0448961 -0.0449335 -0.472763 -0.0368933 -0.985549 -0.165322 0.448536 
1529503049175 -0.0517058 -0.16333 0.985216 0.390026 -0.997981 0.0448959 -0.0449328 -0.472763 -0.0368933 -0.985549 -0.165322 0.448536 
1529503049191 -0.0517062 -0.16333 0.985216 0.390026 -0.997981 0.0448959 -0.0449332 -0.472763 -0.0368932 -0.985549 -0.165322 0.448536 
1529503049208 -0.0517064 -0.16333 0.985216 0.390026 -0.997981 0.044896 -0.0449334 -0.472763 -0.0368933 -0.985549 -0.165322 0.448536 
1529503049225 -0.051706 -0.16333 0.985216 0.390026 -0.997981 0.044896 -0.0449331 -0.472763 -0.0368934 -0.985549 -0.165322 0.448536 
1529503049243 -0.0517056 -0.16333 0.985216 0.390026 -0.997981 0.0448957 -0.0449327 -0.472763 -0.0368931 -0.985549 -0.165321 0.448536 
1529503049260 -0.0517061 -0.16333 0.985216 0.390026 -0.997981 0.044896 -0.0449332 -0.472763 -0.0368933 -0.985549 -0.165321 0.448536 
1529503049275 -0.0517059 -0.16333 0.985216 0.390026 -0.997981 0.044896 -0.0449329 -0.472763 -0.0368934 -0.985549 -0.165321 0.448536 
1529503049291 -0.0517056 -0.16333 0.985216 0.390026 -0.997981 0.0448959 -0.0449326 -0.472763 -0.0368933 -0.985549 -0.165321 0.448536 
1529503049308 -0.0517058 -0.16333 0.985216 0.390026 -0.997981 0.0448958 -0.0449328 -0.472763 -0.0368931 -0.985549 -0.165321 0.448536 
1529503049328 -0.0517057 -0.16333 0.985216 0.390026 -0.997981 0.044896 -0.0449327 -0.472763 -0.0368934 -0.985549 -0.165321 0.448536 
1529503049348 -0.051705 -0.163329 0.985216 0.390026 -0.997981 0.0448957 -0.0449321 -0.472763 -0.0368932 -0.98555 -0.165321 0.448536 
1529503049362 -0.0517055 -0.16333 0.985216 0.390026 -0.997981 0.0448958 -0.0449326 -0.472763 -0.0368932 -0.985549 -0.165321 0.448536 
1529503049379 -0.0517055 -0.16333 0.985216 0.390026 -0.997981 0.0448959 -0.0449326 -0.472763 -0.0368934 -0.985549 -0.165321 0.448536 
1529503049398 -0.051705 -0.163329 0.985216 0.390026 -0.997981 0.044896 -0.044932 -0.472763 -0.0368935 -0.98555 -0.165321 0.448536 
1529503049417 -0.0517054 -0.163329 0.985216 0.390026 -0.997981 0.0448959 -0.0449325 -0.472763 -0.0368934 -0.98555 -0.165321 0.448536 
1529503049433 -0.0517056 -0.16333 0.985216 0.390025 -0.997981 0.0448958 -0.0449327 -0.472763 -0.0368933 -0.98555 -0.165321 0.448536 
1529503049449 -0.051705 -0.163329 0.985216 0.390026 -0.997981 0.0448958 -0.0449321 -0.472763 -0.0368934 -0.98555 -0.165321 0.448536 
1529503049465 -0.0517051 -0.163329 0.985216 0.390026 -0.997981 0.044896 -0.0449321 -0.472763 -0.0368935 -0.98555 -0.165321 0.448536 
1529503049482 -0.051705 -0.163329 0.985216 0.390026 -0.997981 0.0448959 -0.0449321 -0.472763 -0.0368934 -0.98555 -0.165321 0.448536 
1529503049499 -0.0517048 -0.163329 0.985216 0.390026 -0.997981 0.044896 -0.0449319 -0.472763 -0.0368935 -0.98555 -0.165321 0.448536 
1529503049515 -0.0517049 -0.163329 0.985216 0.390026 -0.997981 0.0448959 -0.044932 -0.472763 -0.0368934 -0.98555 -0.165321 0.448536 
1529503049532 -0.051705 -0.163329 0.985216 0.390026 -0.997981 0.0448959 -0.0449321 -0.472763 -0.0368934 -0.98555 -0.165321 0.448536 
1529503049549 -0.0517047 -0.163329 0.985216 0.390026 -0.997981 0.0448959 -0.0449317 -0.472763 -0.0368935 -0.98555 -0.16532 0.448536 
1529503049565 -0.0517045 -0.163329 0.985216 0.390026 -0.997981 0.0448958 -0.0449316 -0.472763 -0.0368934 -0.98555 -0.165321 0.448536 
1529503049582 -0.0517045 -0.163329 0.985216 0.390026 -0.997981 0.0448959 -0.0449316 -0.472763 -0.0368936 -0.98555 -0.165321 0.448536 
1529503049599 -0.0517045 -0.163329 0.985216 0.390026 -0.997981 0.0448958 -0.0449316 -0.472763 -0.0368934 -0.98555 -0.16532 0.448536 
1529503049616 -0.0517046 -0.163329 0.985216 0.390026 -0.997981 0.0448959 -0.0449317 -0.472763 -0.0368935 -0.98555 -0.165321 0.448536 
1529503049632 -0.0517042 -0.163329 0.985216 0.390026 -0.997981 0.0448959 -0.0449313 -0.472763 -0.0368936 -0.98555 -0.16532 0.448536 
1529503049649 -0.0517042 -0.163329 0.985216 0.390026 -0.997981 0.044896 -0.0449312 -0.472763 -0.0368937 -0.98555 -0.16532 0.448536 
1529503049665 -0.0517044 -0.163329 0.985216 0.390026 -0.997981 0.0448959 -0.0449315 -0.472763 -0.0368936 -0.98555 -0.16532 0.448536 
1529503049682 -0.0517041 -0.163329 0.985216 0.390026 -0.997981 0.0448959 -0.0449312 -0.472763 -0.0368936 -0.98555 -0.16532 0.448536 
1529503049699 -0.0517042 -0.163329 0.985216 0.390026 -0.997981 0.0448959 -0.0449313 -0.472763 -0.0368936 -0.98555 -0.16532 0.448536 
1529503049715 -0.0517043 -0.163329 0.985216 0.390026 -0.997981 0.044896 -0.0449313 -0.472763 -0.0368937 -0.98555 -0.16532 0.448536 
1529503049732 -0.051704 -0.163328 0.985216 0.390026 -0.997981 0.044896 -0.0449311 -0.472763 -0.0368937 -0.98555 -0.16532 0.448536 
1529503049752 -0.0517039 -0.163328 0.985216 0.390026 -0.997981 0.0448959 -0.044931 -0.472763 -0.0368937 -0.98555 -0.16532 0.448536 
1529503049769 -0.051704 -0.163328 0.985216 0.390026 -0.997981 0.044896 -0.0449311 -0.472763 -0.0368937 -0.98555 -0.16532 0.448536 
