1529502973333 -0.0516127 -0.163521 0.985189 0.413413 -0.998051 0.0430842 -0.0451355 -0.472816 -0.0350655 -0.985599 -0.165426 0.448711 
1529502973349 -0.0516126 -0.163522 0.985189 0.413413 -0.998051 0.0430841 -0.0451354 -0.472816 -0.0350654 -0.985598 -0.165427 0.448711 
1529502973366 -0.0516122 -0.163522 0.985189 0.413413 -0.998051 0.0430839 -0.0451349 -0.472816 -0.0350653 -0.985599 -0.165427 0.448711 
1529502973389 -0.0516125 -0.163522 0.985189 0.413413 -0.998051 0.0430839 -0.0451353 -0.472816 -0.0350652 -0.985599 -0.165427 0.448711 
1529502973406 -0.0516125 -0.163522 0.985189 0.413413 -0.998051 0.043084 -0.0451353 -0.472816 -0.0350653 -0.985599 -0.165427 0.448711 
1529502973425 -0.0516123 -0.163521 0.985189 0.413413 -0.998051 0.0430842 -0.0451351 -0.472816 -0.0350655 -0.985599 -0.165426 0.448711 
1529502973440 -0.0516125 -0.163521 0.985189 0.413413 -0.998051 0.0430841 -0.0451353 -0.472816 -0.0350654 -0.985599 -0.165427 0.448711 
1529502973460 -0.0516123 -0.163522 0.985189 0.413413 -0.998051 0.0430843 -0.045135 -0.472816 -0.0350656 -0.985599 -0.165427 0.448711 
1529502973483 -0.0516124 -0.163522 0.985189 0.413413 -0.998051 0.043084 -0.0451352 -0.472816 -0.0350653 -0.985599 -0.165427 0.448711 
1529502973500 -0.0516124 -0.163522 0.985189 0.413413 -0.998051 0.0430843 -0.0451351 -0.472816 -0.0350657 -0.985599 -0.165427 0.448711 
1529502973517 -0.0516124 -0.163522 0.985189 0.413413 -0.998051 0.043084 -0.0451352 -0.472816 -0.0350653 -0.985599 -0.165427 0.448711 
1529502973536 -0.0516126 -0.163522 0.985189 0.413412 -0.998051 0.0430837 -0.0451354 -0.472816 -0.035065 -0.985599 -0.165427 0.448711 
1529502973550 -0.0516123 -0.163522 0.985189 0.413413 -0.998051 0.0430839 -0.0451351 -0.472816 -0.0350652 -0.985599 -0.165427 0.448711 
1529502973567 -0.0516123 -0.163522 0.985189 0.413413 -0.998051 0.0430841 -0.045135 -0.472816 -0.0350654 -0.985598 -0.165427 0.448711 
