-0.0682818 0.845465 -0.529648 -0.583845 -0.990832 0.00456236 0.13502 -0.24115 0.116571 0.534012 0.837402 0.414421 
-0.0682818 0.845465 -0.529648 -0.583845 -0.990832 0.00456236 0.13502 -0.24115 0.116571 0.534012 0.837402 0.414421 
-0.0682822 0.845465 -0.529648 -0.583845 -0.990832 0.004562 0.13502 -0.24115 0.116571 0.534012 0.837402 0.414421 
-0.0682819 0.845465 -0.529648 -0.583845 -0.990832 0.00456219 0.13502 -0.24115 0.116571 0.534012 0.837402 0.414421 
-0.0682818 0.845465 -0.529648 -0.583845 -0.990832 0.00456232 0.13502 -0.24115 0.116571 0.534012 0.837402 0.414421 
-0.0682821 0.845465 -0.529648 -0.583845 -0.990832 0.00456216 0.13502 -0.24115 0.116571 0.534012 0.837402 0.414421 
-0.0682827 0.845465 -0.529648 -0.583845 -0.990832 0.00456225 0.135022 -0.241149 0.116572 0.534011 0.837402 0.414421 
-0.0682867 0.845467 -0.529644 -0.583846 -0.99083 0.00456467 0.135034 -0.241147 0.116584 0.534008 0.837403 0.414424 
-0.0682946 0.845472 -0.529634 -0.583846 -0.990827 0.00456882 0.135057 -0.241142 0.116607 0.534 0.837405 0.41443 
-0.0683716 0.845524 -0.529542 -0.583843 -0.990803 0.00457497 0.135232 -0.241113 0.116765 0.533918 0.837435 0.41448 
-0.0685634 0.84565 -0.529316 -0.583826 -0.990751 0.00455605 0.135613 -0.241055 0.117093 0.533719 0.837516 0.414562 
-0.0688937 0.845842 -0.528966 -0.583805 -0.99066 0.00453512 0.136278 -0.240951 0.117668 0.533414 0.83763 0.414704 
-0.0692104 0.846032 -0.528621 -0.583789 -0.990568 0.00453301 0.136946 -0.240838 0.118257 0.533113 0.837739 0.414848 
-0.0695256 0.846234 -0.528256 -0.58378 -0.990471 0.00454786 0.137645 -0.240706 0.118882 0.532792 0.837854 0.414985 
-0.0699171 0.846426 -0.527896 -0.583789 -0.990366 0.00451028 0.1384 -0.240543 0.119527 0.532487 0.837956 0.415108 
-0.0704537 0.846643 -0.527477 -0.583813 -0.99023 0.00443138 0.139375 -0.240339 0.120338 0.532142 0.838059 0.41524 
-0.0710976 0.846861 -0.52704 -0.583848 -0.990078 0.00429053 0.140455 -0.240125 0.121207 0.531797 0.838153 0.415356 
-0.0719729 0.847232 -0.526326 -0.583887 -0.989871 0.00406873 0.14191 -0.239862 0.122372 0.531208 0.838357 0.415482 
-0.0727502 0.847565 -0.525682 -0.58394 -0.989683 0.00388081 0.143221 -0.239629 0.12343 0.530678 0.838538 0.415571 
-0.0735241 0.847856 -0.525104 -0.583996 -0.989502 0.0036706 0.144475 -0.23943 0.124421 0.530214 0.838685 0.415625 
-0.0745481 0.848188 -0.524423 -0.58406 -0.989286 0.00329007 0.145951 -0.239186 0.125519 0.529684 0.838856 0.415658 
-0.0752476 0.848376 -0.52402 -0.584106 -0.989143 0.00301675 0.146922 -0.239022 0.126226 0.529386 0.838938 0.415655 
-0.0766438 0.848703 -0.523286 -0.584215 -0.988857 0.00247505 0.148848 -0.238684 0.127623 0.528864 0.839056 0.415614 
-0.077902 0.849011 -0.5226 -0.584319 -0.988589 0.0020078 0.150627 -0.238389 0.128933 0.528371 0.839167 0.415553 
-0.0789618 0.84937 -0.521858 -0.584402 -0.988345 0.00164233 0.152219 -0.238143 0.130147 0.527795 0.839342 0.415484 
-0.0804163 0.849864 -0.520831 -0.584487 -0.987968 0.00129481 0.154655 -0.23784 0.13211 0.527001 0.839534 0.41534 
-0.0816323 0.850195 -0.520101 -0.584556 -0.987647 0.00102572 0.156693 -0.237583 0.133753 0.526467 0.839609 0.415214 
-0.0826137 0.850458 -0.519515 -0.584611 -0.987372 0.000858473 0.158418 -0.237391 0.135174 0.526042 0.839647 0.415103 
-0.0837024 0.850786 -0.518803 -0.584677 -0.987061 0.00066768 0.160345 -0.237178 0.136766 0.525511 0.839722 0.414987 
-0.0849063 0.851138 -0.51803 -0.584748 -0.986692 0.000536475 0.162602 -0.23697 0.138675 0.524942 0.839765 0.414852 
-0.0862011 0.85146 -0.517286 -0.584808 -0.986284 0.000426657 0.165058 -0.236762 0.140761 0.524419 0.839745 0.414693 
-0.0869795 0.851642 -0.516856 -0.58483 -0.986019 0.000424964 0.166633 -0.236665 0.142131 0.524123 0.839698 0.414588 
-0.0881851 0.851907 -0.516215 -0.584857 -0.985581 0.000505707 0.169202 -0.236542 0.144405 0.523693 0.839579 0.414405 
-0.0894672 0.852167 -0.515565 -0.584857 -0.985077 0.000707698 0.172112 -0.236465 0.147033 0.52327 0.839387 0.414182 
-0.0903465 0.85235 -0.515108 -0.584846 -0.984701 0.000930282 0.174249 -0.23644 0.149001 0.52297 0.839226 0.414018 
-0.0912163 0.852512 -0.514687 -0.584841 -0.98433 0.00113761 0.176334 -0.236403 0.150912 0.522706 0.83905 0.413871 
-0.0923137 0.852708 -0.514167 -0.584816 -0.983843 0.00143829 0.179025 -0.236393 0.153395 0.522386 0.838798 0.413671 
-0.0932135 0.852828 -0.513805 -0.584799 -0.98345 0.0016609 0.181172 -0.236364 0.155362 0.522189 0.838559 0.413508 
-0.0944198 0.853003 -0.513294 -0.584754 -0.982867 0.00211082 0.184305 -0.236341 0.158296 0.521902 0.838189 0.413263 
-0.0953465 0.853064 -0.513021 -0.584711 -0.982438 0.00239737 0.186576 -0.236323 0.160391 0.5218 0.837854 0.413071 
-0.096448 0.853134 -0.512699 -0.584661 -0.981933 0.00269708 0.189207 -0.236287 0.162802 0.521685 0.83746 0.412841 
-0.0974159 0.853201 -0.512404 -0.584623 -0.98149 0.00293774 0.191488 -0.236251 0.164883 0.521573 0.837123 0.412659 
-0.0985831 0.85329 -0.512032 -0.584579 -0.980983 0.00311731 0.194067 -0.236184 0.167191 0.521427 0.836756 0.412473 
-0.100077 0.853311 -0.511708 -0.584545 -0.980355 0.00328595 0.197212 -0.236086 0.169965 0.521392 0.836219 0.412238 
-0.101238 0.853339 -0.511432 -0.584514 -0.97988 0.00335251 0.19956 -0.236014 0.172007 0.521345 0.835831 0.412069 
-0.102591 0.853369 -0.511113 -0.584475 -0.979321 0.00342229 0.202284 -0.235944 0.174372 0.521296 0.835371 0.411875 
-0.104135 0.853406 -0.510739 -0.584421 -0.978694 0.00343994 0.205295 -0.235851 0.176957 0.521236 0.834865 0.41168 
-0.105561 0.853428 -0.510409 -0.584365 -0.978131 0.00339165 0.207964 -0.235748 0.179213 0.5212 0.834406 0.411513 
-0.10693 0.853418 -0.510141 -0.584329 -0.977576 0.00337475 0.210555 -0.235635 0.181413 0.521217 0.83392 0.411351 
-0.108482 0.853439 -0.509777 -0.584301 -0.976928 0.00337329 0.21354 -0.235485 0.183963 0.521181 0.833383 0.411171 
-0.109625 0.853452 -0.509512 -0.584291 -0.976455 0.00334578 0.215696 -0.235352 0.185791 0.521161 0.83299 0.411044 
-0.111002 0.853459 -0.509201 -0.584259 -0.975872 0.0033327 0.218319 -0.235195 0.188024 0.521149 0.832497 0.410881 
-0.112223 0.853472 -0.508912 -0.584218 -0.975367 0.0032682 0.220565 -0.235065 0.189909 0.521128 0.832082 0.410741 
-0.112853 0.853477 -0.508765 -0.584196 -0.975101 0.00324564 0.221739 -0.235003 0.1909 0.521121 0.831859 0.41067 
-0.114729 0.853424 -0.508433 -0.584149 -0.974319 0.00315256 0.225149 -0.234804 0.193751 0.521207 0.831146 0.410473 
-0.115861 0.853418 -0.508187 -0.584125 -0.973838 0.00309644 0.227224 -0.234679 0.19549 0.521218 0.830732 0.410366 
-0.116884 0.853453 -0.507894 -0.584107 -0.973388 0.00305529 0.229144 -0.234556 0.197116 0.521161 0.830383 0.410275 
-0.118207 0.85352 -0.507474 -0.584092 -0.972798 0.00299738 0.231637 -0.234376 0.199228 0.521051 0.829948 0.410173 
-0.119208 0.853552 -0.507187 -0.584088 -0.972355 0.00294008 0.233487 -0.234232 0.200785 0.521 0.829605 0.410098 
-0.120346 0.853588 -0.506857 -0.584071 -0.971852 0.00286303 0.235575 -0.234071 0.202535 0.52094 0.829217 0.410006 
-0.121325 0.853613 -0.506581 -0.584043 -0.971388 0.00286934 0.237481 -0.233915 0.20417 0.5209 0.828841 0.409911 
-0.122335 0.853594 -0.50637 -0.584026 -0.970905 0.00289762 0.239447 -0.23374 0.205858 0.52093 0.828405 0.409808 
-0.123427 0.853581 -0.506128 -0.584016 -0.970406 0.0028542 0.241462 -0.233544 0.207552 0.520953 0.827968 0.409705 
-0.124318 0.853579 -0.505913 -0.584012 -0.970029 0.00273059 0.242972 -0.233386 0.208777 0.520956 0.827657 0.409643 
-0.125388 0.853582 -0.505644 -0.584016 -0.969555 0.00262619 0.244861 -0.233174 0.210337 0.520952 0.827265 0.409581 
-0.126062 0.853598 -0.50545 -0.584015 -0.969221 0.00263496 0.246179 -0.233037 0.21147 0.520926 0.826992 0.40955 
-0.126887 0.85363 -0.505189 -0.584002 -0.968778 0.00271688 0.247916 -0.232884 0.213001 0.520873 0.826633 0.409518 
-0.127757 0.853659 -0.504921 -0.583978 -0.968341 0.00272311 0.249617 -0.232718 0.214463 0.520826 0.826285 0.409482 
-0.12837 0.853681 -0.504727 -0.583945 -0.967986 0.0028358 0.25099 -0.232577 0.215697 0.520788 0.825987 0.409437 
-0.128957 0.853648 -0.504634 -0.58392 -0.967633 0.00299661 0.252344 -0.232429 0.216925 0.520842 0.825632 0.409384 
-0.129442 0.853613 -0.504569 -0.583903 -0.967338 0.00313773 0.253469 -0.232303 0.217948 0.520899 0.825326 0.409346 
-0.129965 0.853582 -0.504487 -0.583887 -0.967018 0.00329062 0.254688 -0.232166 0.219058 0.520948 0.825001 0.409312 
-0.130428 0.853566 -0.504394 -0.583868 -0.966676 0.00355306 0.25598 -0.232021 0.220288 0.520972 0.824658 0.409287 
-0.130907 0.853554 -0.50429 -0.583854 -0.966385 0.0036695 0.257073 -0.231889 0.221276 0.520991 0.824382 0.409281 
-0.13139 0.853561 -0.504153 -0.583834 -0.966078 0.00380946 0.258224 -0.231754 0.222331 0.520978 0.824106 0.409294 
-0.131707 0.853594 -0.504015 -0.583806 -0.965804 0.00405246 0.259242 -0.231648 0.22333 0.520924 0.82387 0.409326 
-0.13206 0.853643 -0.503839 -0.583766 -0.965472 0.0043737 0.260468 -0.231523 0.224551 0.52084 0.823591 0.409379 
-0.132216 0.853668 -0.503756 -0.583731 -0.965256 0.00467643 0.261266 -0.231431 0.22539 0.520796 0.82339 0.409417 
-0.132268 0.853691 -0.503704 -0.583689 -0.965071 0.00502733 0.261939 -0.231343 0.226147 0.520756 0.823207 0.409443 
-0.132351 0.853632 -0.503782 -0.583637 -0.964836 0.00549972 0.262796 -0.23122 0.227102 0.520848 0.822886 0.409452 
-0.132383 0.853517 -0.503968 -0.583613 -0.964668 0.00590464 0.263401 -0.231123 0.227792 0.521032 0.822579 0.409448 
-0.132408 0.853393 -0.504171 -0.583591 -0.964486 0.00635682 0.264059 -0.231009 0.228551 0.521229 0.822244 0.409462 
-0.132483 0.853287 -0.504331 -0.583567 -0.964288 0.00677262 0.264768 -0.23087 0.229338 0.521398 0.821917 0.409516 
-0.132439 0.853261 -0.504386 -0.583543 -0.964151 0.00715049 0.265257 -0.230758 0.22994 0.521435 0.821726 0.409608 
-0.132324 0.853232 -0.504466 -0.583502 -0.963988 0.00767261 0.265836 -0.230638 0.230691 0.521475 0.82149 0.409762 
-0.132253 0.853148 -0.504626 -0.583456 -0.96387 0.00806824 0.266252 -0.230554 0.231224 0.521606 0.821257 0.409867 
-0.132222 0.852938 -0.504989 -0.583402 -0.963747 0.0084913 0.266681 -0.230453 0.231751 0.521942 0.820894 0.409961 
-0.13222 0.852718 -0.505361 -0.583352 -0.963678 0.00876587 0.266923 -0.230378 0.23204 0.522298 0.820587 0.41002 
-0.132175 0.85255 -0.505657 -0.583309 -0.963648 0.00897645 0.267025 -0.230339 0.232191 0.522569 0.820371 0.410062 
-0.132035 0.852188 -0.506302 -0.583219 -0.963582 0.00948038 0.267243 -0.230248 0.232542 0.523149 0.819902 0.410174 
-0.13194 0.851969 -0.506696 -0.583157 -0.963519 0.00985289 0.26746 -0.230161 0.23286 0.5235 0.819588 0.410296 
-0.131935 0.85178 -0.507014 -0.583113 -0.963466 0.0100751 0.267639 -0.230073 0.233078 0.523802 0.819333 0.410396 
-0.132035 0.85153 -0.507408 -0.583049 -0.963411 0.0102141 0.267835 -0.229953 0.233252 0.524206 0.819025 0.410534 
-0.132036 0.851333 -0.507739 -0.582999 -0.963395 0.0103529 0.267886 -0.229872 0.233317 0.524523 0.818803 0.410649 
-0.131982 0.851142 -0.508073 -0.582938 -0.963376 0.0105589 0.267945 -0.229788 0.233424 0.524829 0.818577 0.410791 
-0.131899 0.850989 -0.508351 -0.58288 -0.963352 0.0107928 0.268022 -0.229696 0.23357 0.525073 0.818378 0.410925 
-0.131835 0.85085 -0.5086 -0.582822 -0.963331 0.0109887 0.268091 -0.229613 0.233694 0.525294 0.818202 0.411039 
-0.131771 0.85069 -0.508884 -0.582766 -0.963313 0.0111892 0.268146 -0.229539 0.233803 0.525548 0.818007 0.41115 
-0.13171 0.850536 -0.509156 -0.582711 -0.963298 0.0113767 0.268194 -0.229487 0.233901 0.525793 0.817821 0.411248 
-0.131726 0.850337 -0.509485 -0.582636 -0.963276 0.0115132 0.268267 -0.229414 0.233983 0.526112 0.817593 0.411379 
-0.131748 0.850166 -0.509765 -0.582577 -0.963256 0.0116211 0.268333 -0.229349 0.234051 0.526387 0.817397 0.411497 
-0.13175 0.850028 -0.509994 -0.582528 -0.96324 0.0117263 0.268386 -0.229294 0.234116 0.526607 0.817236 0.411606 
-0.131674 0.84989 -0.510244 -0.582482 -0.963226 0.0119209 0.268426 -0.229247 0.234215 0.526825 0.817067 0.411722 
-0.131599 0.849762 -0.510477 -0.582453 -0.963216 0.0121009 0.268457 -0.229205 0.234302 0.527028 0.816912 0.411805 
-0.131497 0.849545 -0.510864 -0.582403 -0.963196 0.0123795 0.268515 -0.229128 0.23444 0.527371 0.81665 0.411919 
-0.131432 0.849391 -0.511137 -0.582366 -0.963182 0.0125691 0.268557 -0.229063 0.234534 0.527615 0.816466 0.411996 
-0.131392 0.84918 -0.511497 -0.582321 -0.963161 0.0127739 0.268622 -0.228975 0.234642 0.527949 0.816219 0.412102 
-0.13143 0.849024 -0.511747 -0.582289 -0.963145 0.012849 0.268677 -0.228913 0.234689 0.528199 0.816044 0.41218 
-0.131469 0.848821 -0.512072 -0.582253 -0.963129 0.0129436 0.268728 -0.228844 0.23473 0.528521 0.815823 0.412258 
-0.131468 0.848604 -0.512433 -0.582209 -0.963128 0.0130608 0.268726 -0.228773 0.234734 0.528867 0.815597 0.412347 
-0.131452 0.848407 -0.512763 -0.582153 -0.963127 0.0131848 0.268724 -0.228706 0.234748 0.52918 0.815391 0.412441 
-0.131416 0.848267 -0.513004 -0.58211 -0.963124 0.0133086 0.268729 -0.228664 0.234781 0.529402 0.815237 0.412519 
-0.131335 0.848063 -0.513362 -0.582053 -0.963117 0.0135261 0.268742 -0.228609 0.234854 0.529723 0.815008 0.412638 
-0.131267 0.847907 -0.513638 -0.582011 -0.963113 0.0136976 0.268748 -0.228567 0.234909 0.529969 0.814832 0.412716 
-0.131209 0.847697 -0.513999 -0.581963 -0.963109 0.0138857 0.268754 -0.228518 0.234959 0.5303 0.814602 0.412801 
-0.131163 0.84747 -0.514384 -0.581903 -0.963098 0.0140824 0.268782 -0.228458 0.235028 0.530656 0.81435 0.412915 
-0.131107 0.847351 -0.514594 -0.581858 -0.963087 0.014235 0.268814 -0.228418 0.235105 0.530842 0.814207 0.413 
-0.131013 0.847199 -0.514868 -0.581803 -0.963068 0.0144678 0.268868 -0.228361 0.235234 0.531078 0.814015 0.413127 
-0.130944 0.847071 -0.515096 -0.581763 -0.963048 0.0146616 0.268931 -0.228302 0.235356 0.531277 0.81385 0.413244 
-0.130864 0.846866 -0.515454 -0.581703 -0.963023 0.0149197 0.269006 -0.228209 0.235502 0.531597 0.813599 0.413378 
-0.130835 0.846708 -0.515721 -0.581659 -0.963006 0.015075 0.269059 -0.228136 0.235589 0.531845 0.813412 0.413475 
-0.130877 0.846526 -0.516009 -0.581606 -0.962985 0.0151664 0.269126 -0.228051 0.235648 0.532131 0.813207 0.413594 
-0.130902 0.846371 -0.516256 -0.581557 -0.962967 0.0152597 0.269187 -0.227981 0.23571 0.532375 0.81303 0.413694 
-0.13091 0.846243 -0.516465 -0.581526 -0.962956 0.015343 0.269223 -0.227933 0.235752 0.532577 0.812886 0.413758 
-0.130914 0.846042 -0.516792 -0.581488 -0.962945 0.0154666 0.269254 -0.227872 0.235794 0.532891 0.812667 0.413828 
-0.130934 0.845863 -0.517081 -0.581453 -0.96294 0.0155476 0.269267 -0.22782 0.235802 0.533174 0.812479 0.413872 
-0.130964 0.845638 -0.51744 -0.581412 -0.962934 0.0156422 0.269282 -0.227754 0.235809 0.533527 0.812245 0.413928 
-0.130967 0.845596 -0.517509 -0.581406 -0.962933 0.0156648 0.269286 -0.227741 0.235814 0.533594 0.8122 0.413942 
-0.130889 0.845298 -0.518015 -0.581348 -0.962916 0.0159494 0.269331 -0.227648 0.235927 0.534057 0.811863 0.414059 
-0.130845 0.845166 -0.518242 -0.581309 -0.962898 0.0161105 0.269385 -0.227591 0.236024 0.534262 0.8117 0.414164 
-0.130811 0.845038 -0.518459 -0.581272 -0.962881 0.0162547 0.269435 -0.22754 0.23611 0.534459 0.811545 0.414266 
-0.130783 0.844937 -0.518631 -0.581241 -0.96287 0.0163666 0.26947 -0.227502 0.236173 0.534616 0.811424 0.414347 
-0.130761 0.844694 -0.519032 -0.581151 -0.96285 0.0165621 0.269527 -0.227397 0.236264 0.534993 0.811148 0.414503 
-0.130738 0.844501 -0.519351 -0.581094 -0.962838 0.0167178 0.269563 -0.227328 0.236329 0.535293 0.810932 0.414619 
-0.130709 0.844304 -0.519679 -0.581048 -0.962822 0.0168888 0.269607 -0.227264 0.236407 0.535598 0.810707 0.414734 
-0.130693 0.844115 -0.519989 -0.581001 -0.962808 0.0170388 0.26965 -0.227201 0.236476 0.535891 0.810494 0.414843 
-0.13067 0.84388 -0.520376 -0.580944 -0.962791 0.0172259 0.269699 -0.227122 0.236558 0.536255 0.810229 0.41497 
-0.130625 0.843697 -0.520684 -0.5809 -0.962779 0.0174001 0.269729 -0.227064 0.23663 0.536538 0.810021 0.415069 
-0.130529 0.843564 -0.520924 -0.580854 -0.962774 0.0175931 0.269734 -0.227025 0.236702 0.536741 0.809865 0.415162 
-0.130434 0.843426 -0.521171 -0.580813 -0.962771 0.0177825 0.269732 -0.226991 0.236767 0.53695 0.809707 0.415239 
-0.130329 0.84324 -0.521498 -0.58076 -0.962767 0.0180116 0.269732 -0.226943 0.236842 0.537235 0.809496 0.415333 
-0.130257 0.843085 -0.521767 -0.580713 -0.962761 0.0181906 0.269742 -0.226892 0.236906 0.537472 0.80932 0.415417 
-0.130188 0.842932 -0.522032 -0.580665 -0.962751 0.0183736 0.269766 -0.226829 0.236986 0.537707 0.809141 0.415509 
-0.130105 0.842736 -0.522369 -0.580621 -0.962743 0.0185882 0.269777 -0.226766 0.237061 0.538007 0.80892 0.415588 
-0.130069 0.842566 -0.522652 -0.580589 -0.962738 0.0187314 0.269788 -0.226718 0.237104 0.538267 0.808734 0.415657 
-0.130062 0.842421 -0.522887 -0.580556 -0.962732 0.0188267 0.269801 -0.226677 0.23713 0.538491 0.808577 0.415721 
-0.130067 0.842217 -0.523213 -0.580513 -0.962725 0.0189423 0.269818 -0.226614 0.237156 0.538805 0.80836 0.4158 
-0.130082 0.842022 -0.523524 -0.580475 -0.962716 0.0190466 0.269844 -0.22655 0.237186 0.539107 0.80815 0.415876 
-0.130089 0.841857 -0.523788 -0.580442 -0.962708 0.0191415 0.269864 -0.226494 0.237213 0.539361 0.807972 0.415944 
-0.1301 0.841685 -0.524062 -0.580404 -0.962701 0.019233 0.269884 -0.226433 0.237236 0.539627 0.807788 0.416014 
-0.130107 0.841504 -0.52435 -0.580371 -0.962696 0.0193298 0.269896 -0.226377 0.237254 0.539905 0.807597 0.416075 
-0.130079 0.841343 -0.524616 -0.580341 -0.962689 0.0194602 0.269909 -0.22633 0.237295 0.540151 0.80742 0.416133 
-0.130011 0.841132 -0.52497 -0.580288 -0.962679 0.0196719 0.269931 -0.226262 0.237375 0.540472 0.807182 0.416221 
-0.129971 0.840962 -0.525252 -0.580246 -0.962669 0.0198293 0.269955 -0.226209 0.237437 0.54073 0.806991 0.416302 
-0.129937 0.840799 -0.525521 -0.580202 -0.962655 0.0199831 0.269992 -0.226154 0.237511 0.540978 0.806803 0.416399 
-0.129902 0.840629 -0.525803 -0.580149 -0.962637 0.0201535 0.270045 -0.22609 0.237604 0.541237 0.806602 0.416526 
-0.129872 0.840493 -0.526028 -0.580101 -0.962622 0.0202926 0.270088 -0.226034 0.237681 0.541443 0.806441 0.416634 
-0.129833 0.840349 -0.526267 -0.580055 -0.962607 0.0204454 0.270129 -0.22598 0.237762 0.54166 0.806272 0.41674 
-0.129814 0.840215 -0.526485 -0.580013 -0.962593 0.0205678 0.270169 -0.225927 0.237828 0.541863 0.806115 0.416838 
-0.129791 0.840023 -0.526797 -0.579962 -0.962574 0.0207376 0.270224 -0.225849 0.237919 0.542154 0.805893 0.416963 
-0.129765 0.839831 -0.52711 -0.579933 -0.962558 0.020902 0.270268 -0.225784 0.237997 0.542445 0.805674 0.417066 
-0.129749 0.839664 -0.52738 -0.57991 -0.962545 0.0210365 0.270304 -0.225728 0.238059 0.542699 0.805485 0.417152 
-0.129722 0.839444 -0.527736 -0.579872 -0.96253 0.0212146 0.270343 -0.225652 0.238133 0.543032 0.805239 0.417259 
-0.129693 0.839225 -0.528092 -0.579816 -0.962513 0.0213998 0.270389 -0.225562 0.238218 0.543363 0.80499 0.417379 
-0.129676 0.839064 -0.528352 -0.579772 -0.962499 0.0215335 0.270428 -0.225494 0.238284 0.543606 0.804806 0.417469 
-0.129659 0.838916 -0.52859 -0.579735 -0.962486 0.02166 0.270466 -0.225428 0.238348 0.543829 0.804637 0.417552 
-0.129639 0.838772 -0.528824 -0.579706 -0.962473 0.0217849 0.2705 -0.225365 0.238408 0.544046 0.804472 0.417626 
-0.129625 0.838584 -0.529127 -0.579676 -0.962464 0.0219186 0.270521 -0.225292 0.238452 0.544332 0.804266 0.417687 
-0.129626 0.838464 -0.529316 -0.57965 -0.962461 0.0219872 0.270529 -0.225241 0.238467 0.544514 0.804138 0.417719 
-0.129638 0.83826 -0.529636 -0.579595 -0.962452 0.022096 0.27055 -0.225147 0.238494 0.544823 0.803921 0.417782 
-0.129641 0.838129 -0.529842 -0.579556 -0.962443 0.0221796 0.270575 -0.225083 0.238528 0.545021 0.803776 0.417841 
-0.129626 0.838002 -0.530047 -0.579523 -0.962432 0.0222898 0.270607 -0.225028 0.238584 0.545212 0.80363 0.417914 
-0.129574 0.837802 -0.530376 -0.57949 -0.962416 0.0224889 0.270648 -0.224966 0.238677 0.545512 0.803399 0.418018 
-0.129513 0.837626 -0.530668 -0.579459 -0.962402 0.0226804 0.27068 -0.22492 0.238765 0.545773 0.803196 0.418106 
-0.12947 0.837412 -0.531016 -0.579425 -0.962394 0.0228587 0.270695 -0.224871 0.238821 0.546094 0.802961 0.418176 
-0.129439 0.837208 -0.531346 -0.579389 -0.962386 0.0230179 0.27071 -0.224821 0.238871 0.5464 0.802738 0.418247 
-0.129406 0.837009 -0.531668 -0.579333 -0.962366 0.0232022 0.270763 -0.224753 0.238967 0.546697 0.802507 0.418373 
-0.129365 0.836859 -0.531913 -0.57929 -0.962347 0.023371 0.270819 -0.2247 0.239068 0.546919 0.802326 0.41849 
-0.129337 0.836708 -0.532158 -0.57925 -0.962327 0.023526 0.270876 -0.224648 0.239164 0.547144 0.802143 0.418609 
-0.129319 0.83653 -0.532441 -0.579197 -0.962306 0.023685 0.270936 -0.224587 0.239257 0.547409 0.801935 0.418737 
-0.129314 0.836345 -0.532734 -0.579148 -0.962293 0.0238133 0.270969 -0.224531 0.23931 0.547686 0.80173 0.418828 
-0.129314 0.83615 -0.53304 -0.579095 -0.962283 0.0239377 0.270996 -0.224472 0.239353 0.547979 0.801517 0.41891 
-0.129315 0.835937 -0.533374 -0.579027 -0.962268 0.0240789 0.271038 -0.2244 0.239413 0.548298 0.801281 0.419022 
-0.129289 0.835785 -0.533617 -0.578975 -0.962256 0.0242127 0.271066 -0.224348 0.239474 0.548523 0.801109 0.419125 
-0.129235 0.835578 -0.533955 -0.578918 -0.962247 0.0244012 0.27108 -0.22429 0.239538 0.54883 0.800879 0.419252 
-0.129213 0.835402 -0.534236 -0.578875 -0.962237 0.0245402 0.271106 -0.224232 0.239593 0.549091 0.800683 0.419351 
-0.129192 0.835218 -0.534528 -0.578831 -0.962228 0.0246788 0.271126 -0.224172 0.239641 0.549365 0.800482 0.419431 
-0.129163 0.835004 -0.534869 -0.578791 -0.962221 0.0248367 0.271136 -0.224109 0.239684 0.549682 0.800251 0.419496 
-0.129122 0.834835 -0.535143 -0.578761 -0.96221 0.0249941 0.271159 -0.224056 0.239748 0.549933 0.800059 0.419565 
-0.129084 0.834735 -0.535308 -0.578733 -0.962199 0.0251157 0.271188 -0.224017 0.239815 0.550079 0.799939 0.419628 
-0.129049 0.834621 -0.535494 -0.578703 -0.962188 0.0252377 0.271214 -0.223978 0.239875 0.550246 0.799806 0.419685 
-0.129013 0.834496 -0.535698 -0.578673 -0.962176 0.0253706 0.271244 -0.223933 0.239943 0.55043 0.799659 0.419751 
-0.128977 0.834331 -0.535964 -0.578636 -0.962163 0.0255273 0.271277 -0.223875 0.240017 0.550673 0.79947 0.419824 
-0.128949 0.834165 -0.536228 -0.578606 -0.962153 0.0256651 0.271298 -0.22382 0.24007 0.550917 0.799285 0.419878 
-0.128921 0.834003 -0.536487 -0.57858 -0.962143 0.0258039 0.271323 -0.223769 0.240127 0.551157 0.799103 0.419936 
-0.128884 0.833812 -0.536793 -0.57855 -0.962126 0.0259814 0.271363 -0.223709 0.240213 0.551437 0.798884 0.420016 
-0.128841 0.833617 -0.537106 -0.578515 -0.962108 0.026172 0.271411 -0.223645 0.24031 0.551723 0.798657 0.420112 
-0.128818 0.833428 -0.537404 -0.578466 -0.96209 0.0263341 0.271458 -0.223577 0.240393 0.552 0.798441 0.420216 
-0.128789 0.833188 -0.537783 -0.578405 -0.962069 0.026538 0.271513 -0.223494 0.240493 0.552353 0.798167 0.420342 
-0.128797 0.832989 -0.538089 -0.578359 -0.962058 0.0266543 0.27154 -0.223432 0.240532 0.552647 0.797951 0.420422 
-0.128809 0.832788 -0.538398 -0.578311 -0.962046 0.0267683 0.271571 -0.223366 0.240573 0.552944 0.797733 0.420509 
-0.128811 0.832742 -0.538468 -0.5783 -0.962044 0.0267953 0.271577 -0.223352 0.240582 0.553012 0.797683 0.42053 
-0.128817 0.832418 -0.538968 -0.578212 -0.962021 0.0270041 0.271636 -0.223242 0.240669 0.55349 0.797325 0.420693 
-0.128796 0.832295 -0.539162 -0.57816 -0.962 0.0271372 0.271696 -0.223179 0.240763 0.553668 0.797173 0.420818 
-0.128758 0.83218 -0.539349 -0.578119 -0.96198 0.0272851 0.271752 -0.223124 0.240863 0.553834 0.797028 0.420935 
-0.128727 0.832024 -0.539597 -0.57808 -0.961964 0.0274392 0.271796 -0.223068 0.240947 0.55406 0.796845 0.421043 
-0.128698 0.831841 -0.539886 -0.578044 -0.96195 0.0275955 0.271828 -0.223012 0.241016 0.554327 0.796638 0.421135 
-0.128665 0.831653 -0.540184 -0.578013 -0.961935 0.0277631 0.271864 -0.222956 0.241094 0.554601 0.796424 0.421231 
-0.128643 0.831482 -0.540453 -0.577984 -0.961923 0.0279016 0.271892 -0.222904 0.241152 0.554851 0.796232 0.42131 
-0.128628 0.83121 -0.540875 -0.577934 -0.961907 0.0280935 0.27193 -0.222818 0.241226 0.555249 0.795933 0.421424 
-0.128619 0.831033 -0.541149 -0.577896 -0.961896 0.0282186 0.271957 -0.222755 0.241275 0.555507 0.795737 0.421501 
-0.128596 0.830771 -0.541556 -0.577851 -0.961884 0.0284038 0.271979 -0.222671 0.241335 0.555889 0.795453 0.42159 
-0.128588 0.830585 -0.541842 -0.577814 -0.961875 0.0285276 0.271999 -0.222605 0.241376 0.55616 0.795251 0.421662 
-0.128586 0.830404 -0.542121 -0.57777 -0.961863 0.028648 0.272026 -0.222531 0.241422 0.556425 0.795051 0.421746 
-0.128587 0.8302 -0.542432 -0.577728 -0.961849 0.0287809 0.272063 -0.222451 0.241478 0.556722 0.794826 0.421841 
-0.128581 0.830017 -0.542715 -0.577683 -0.961836 0.028911 0.272096 -0.222379 0.241535 0.556989 0.794622 0.42194 
-0.12856 0.829868 -0.542947 -0.577639 -0.961826 0.0290313 0.272116 -0.222325 0.241583 0.557204 0.794457 0.422026 
-0.128525 0.829732 -0.543163 -0.577599 -0.961821 0.0291515 0.272121 -0.222284 0.241622 0.5574 0.794307 0.422095 
-0.128483 0.829549 -0.543453 -0.577551 -0.961817 0.0293008 0.272119 -0.222235 0.24166 0.557665 0.79411 0.422174 
-0.128441 0.829378 -0.543724 -0.57751 -0.961814 0.0294429 0.272115 -0.222191 0.241695 0.557912 0.793926 0.422248 
-0.128401 0.829246 -0.543935 -0.57748 -0.961808 0.0295692 0.272123 -0.222155 0.24174 0.558102 0.793778 0.42232 
-0.128361 0.829083 -0.544191 -0.577453 -0.961804 0.0297052 0.272122 -0.22212 0.241777 0.558336 0.793603 0.422385 
-0.128303 0.828841 -0.544575 -0.577418 -0.961798 0.0299067 0.27212 -0.22207 0.241831 0.558685 0.79334 0.422477 
-0.128257 0.828682 -0.544826 -0.577388 -0.961793 0.030052 0.272124 -0.222032 0.241877 0.558912 0.793166 0.422548 
-0.128204 0.828543 -0.545051 -0.577354 -0.961787 0.0301976 0.27213 -0.221991 0.24193 0.559111 0.79301 0.422622 
-0.12813 0.828378 -0.545318 -0.577305 -0.96178 0.0303796 0.272133 -0.221939 0.241996 0.559344 0.792825 0.422702 
-0.128069 0.828208 -0.545592 -0.57725 -0.961773 0.0305516 0.272138 -0.221881 0.242055 0.559588 0.792635 0.422787 
-0.127998 0.828011 -0.545906 -0.577185 -0.961762 0.030757 0.272154 -0.221807 0.242137 0.559867 0.792413 0.422898 
-0.12793 0.827852 -0.546164 -0.57714 -0.961751 0.0309396 0.272171 -0.221752 0.242215 0.560093 0.79223 0.42299 
-0.127915 0.827628 -0.546507 -0.577085 -0.96174 0.0310939 0.272193 -0.221682 0.242268 0.560415 0.791986 0.423105 
-0.127931 0.827453 -0.546768 -0.577037 -0.961728 0.0311904 0.272223 -0.221611 0.242306 0.560668 0.791795 0.423206 
-0.127951 0.827301 -0.546994 -0.576994 -0.961718 0.031268 0.272253 -0.221543 0.242338 0.560889 0.791629 0.423291 
-0.127963 0.827203 -0.547139 -0.57697 -0.961712 0.0313145 0.272266 -0.221502 0.242353 0.56103 0.791524 0.423338 
-0.127984 0.826944 -0.547526 -0.576916 -0.96169 0.0314712 0.272327 -0.221389 0.242431 0.561403 0.791235 0.423489 
-0.127982 0.826878 -0.547625 -0.576903 -0.961681 0.0315282 0.272353 -0.221358 0.242469 0.561497 0.791158 0.423541 
-0.127967 0.826617 -0.548023 -0.576865 -0.96165 0.0317465 0.272436 -0.221249 0.242598 0.561869 0.790853 0.423718 
-0.127966 0.826416 -0.548326 -0.576834 -0.96163 0.031894 0.27249 -0.221167 0.242678 0.562156 0.790625 0.423835 
-0.127985 0.826214 -0.548625 -0.576796 -0.961612 0.0320141 0.272539 -0.221079 0.24274 0.562445 0.7904 0.423941 
-0.127997 0.826048 -0.548873 -0.576768 -0.961597 0.0321166 0.27258 -0.221007 0.242792 0.562684 0.790214 0.424024 
-0.127994 0.825878 -0.54913 -0.576739 -0.961588 0.0322253 0.272599 -0.220938 0.242829 0.562928 0.79003 0.424099 
-0.12794 0.825695 -0.549416 -0.576705 -0.961582 0.0323919 0.272599 -0.22088 0.242881 0.563185 0.78983 0.424182 
-0.127888 0.82552 -0.549693 -0.576674 -0.961579 0.0325462 0.272592 -0.220841 0.24292 0.563434 0.78964 0.424241 
-0.127837 0.825336 -0.549981 -0.576629 -0.961573 0.0327109 0.272595 -0.2208 0.242972 0.563694 0.789439 0.424313 
-0.127813 0.825194 -0.550199 -0.576586 -0.961566 0.0328233 0.272603 -0.220763 0.24301 0.563895 0.789283 0.424373 
-0.127806 0.825032 -0.550444 -0.576537 -0.96156 0.0329263 0.272614 -0.220718 0.243039 0.564126 0.789109 0.424434 
-0.127799 0.824858 -0.550706 -0.576492 -0.961552 0.0330392 0.272628 -0.220672 0.243074 0.564374 0.788921 0.424499 
-0.127763 0.824653 -0.551021 -0.576445 -0.961542 0.0332054 0.272644 -0.220622 0.243134 0.564664 0.788696 0.424574 
-0.127713 0.824489 -0.551277 -0.576405 -0.961528 0.0333761 0.272671 -0.220581 0.243214 0.564892 0.788507 0.424655 
-0.12766 0.824316 -0.551549 -0.576367 -0.961514 0.0335565 0.272701 -0.220539 0.243299 0.565135 0.788307 0.424741 
-0.127594 0.824106 -0.551878 -0.576316 -0.961491 0.0337867 0.27275 -0.220484 0.243421 0.565427 0.78806 0.424872 
-0.127558 0.823954 -0.552113 -0.576265 -0.961475 0.0339413 0.272788 -0.220436 0.243504 0.565639 0.787882 0.424974 
-0.127544 0.823767 -0.552395 -0.576208 -0.961456 0.0340949 0.272838 -0.220368 0.243589 0.565902 0.787667 0.425091 
-0.12754 0.823577 -0.552679 -0.576165 -0.961436 0.034239 0.272889 -0.2203 0.243668 0.56617 0.78745 0.425197 
-0.127528 0.823413 -0.552926 -0.576125 -0.961417 0.0343785 0.27294 -0.220235 0.243751 0.566399 0.787259 0.425307 
-0.12751 0.823215 -0.553225 -0.576077 -0.961398 0.0345407 0.272985 -0.220166 0.243834 0.566678 0.787033 0.425419 
-0.127492 0.823036 -0.553496 -0.576032 -0.961383 0.0346849 0.273019 -0.220106 0.243903 0.566929 0.786831 0.425516 
-0.127479 0.822818 -0.553823 -0.575978 -0.961369 0.03484 0.27305 -0.220038 0.243965 0.567237 0.78659 0.425619 
-0.127468 0.822611 -0.554133 -0.575932 -0.961357 0.0349807 0.273072 -0.219979 0.244016 0.567528 0.786364 0.425703 
-0.127416 0.822376 -0.554494 -0.575893 -0.961341 0.035194 0.273102 -0.219913 0.244107 0.567855 0.786099 0.425796 
-0.127376 0.82219 -0.554778 -0.575862 -0.961328 0.035363 0.273128 -0.219856 0.244181 0.568114 0.785889 0.42587 
-0.127335 0.821997 -0.555073 -0.575828 -0.961316 0.0355326 0.273148 -0.219796 0.24425 0.568382 0.785674 0.42594 
-0.1273 0.821801 -0.555372 -0.57579 -0.961306 0.0356919 0.273161 -0.219732 0.244306 0.568656 0.785459 0.426 
-0.127257 0.821651 -0.555604 -0.575749 -0.961296 0.0358386 0.273178 -0.219674 0.244369 0.568864 0.785289 0.42606 
-0.127231 0.821533 -0.555784 -0.575717 -0.961287 0.0359476 0.273195 -0.219631 0.244418 0.569026 0.785155 0.426116 
-0.127236 0.821343 -0.556063 -0.575673 -0.961274 0.0360658 0.273226 -0.219569 0.244467 0.569293 0.784947 0.426207 
-0.127233 0.82119 -0.55629 -0.575644 -0.961262 0.0361715 0.273253 -0.219522 0.244515 0.569507 0.784777 0.42628 
-0.127232 0.821021 -0.55654 -0.57562 -0.961253 0.0362778 0.273271 -0.219479 0.244551 0.569745 0.784593 0.426338 
-0.127228 0.820844 -0.556802 -0.575591 -0.961241 0.0363954 0.273296 -0.219431 0.244598 0.569992 0.784398 0.426407 
-0.127217 0.820646 -0.557096 -0.575555 -0.961226 0.0365413 0.27333 -0.219376 0.244665 0.570268 0.784177 0.426492 
-0.127199 0.820446 -0.557394 -0.575517 -0.961208 0.0367014 0.273372 -0.219316 0.244744 0.570544 0.783951 0.426589 
-0.127185 0.820275 -0.557649 -0.575471 -0.961188 0.0368468 0.273422 -0.219253 0.244829 0.570781 0.783752 0.426693 
-0.127163 0.820052 -0.557983 -0.575415 -0.961162 0.0370421 0.273487 -0.219171 0.244942 0.571089 0.783492 0.426827 
-0.127153 0.819843 -0.558291 -0.575366 -0.961144 0.0371987 0.273531 -0.219101 0.24502 0.571378 0.783257 0.426928 
-0.127145 0.819674 -0.558542 -0.575322 -0.961129 0.0373254 0.273565 -0.21904 0.245082 0.571613 0.783067 0.427009 
-0.127125 0.819481 -0.55883 -0.575277 -0.961116 0.0374732 0.27359 -0.218975 0.245143 0.57188 0.782852 0.427096 
-0.127094 0.819318 -0.559075 -0.575239 -0.961106 0.0376129 0.273608 -0.218918 0.245201 0.572104 0.782671 0.427183 
-0.127069 0.819113 -0.559381 -0.575182 -0.961087 0.0377851 0.27365 -0.218834 0.245286 0.572387 0.782437 0.427315 
-0.127047 0.818953 -0.55962 -0.575137 -0.961071 0.0379251 0.273686 -0.218769 0.24536 0.572606 0.782254 0.427415 
-0.127046 0.81875 -0.559917 -0.575099 -0.961059 0.0380544 0.273712 -0.218701 0.245409 0.572887 0.782032 0.427499 
-0.127066 0.818522 -0.560246 -0.575053 -0.961042 0.0381826 0.273753 -0.218619 0.245464 0.573205 0.781783 0.427601 
-0.127082 0.818306 -0.560558 -0.575018 -0.961027 0.0383057 0.273789 -0.218545 0.245516 0.573504 0.781546 0.427687 
-0.127089 0.818096 -0.560864 -0.57499 -0.961008 0.0384421 0.273834 -0.218472 0.245583 0.573796 0.781311 0.427782 
-0.127093 0.817924 -0.561112 -0.574964 -0.960992 0.0385597 0.273875 -0.218403 0.245645 0.574032 0.781118 0.427866 
-0.127091 0.817761 -0.561351 -0.57494 -0.960977 0.0386779 0.273912 -0.218337 0.245707 0.574257 0.780933 0.427946 
-0.127073 0.817599 -0.56159 -0.574901 -0.960967 0.0388005 0.27393 -0.218276 0.245755 0.574479 0.780755 0.428026 
-0.127041 0.81745 -0.561815 -0.574859 -0.960962 0.0389203 0.273929 -0.218234 0.245789 0.574683 0.780594 0.42809 
-0.127005 0.817299 -0.562043 -0.574818 -0.960959 0.0390421 0.273922 -0.218198 0.245819 0.57489 0.780432 0.428151 
-0.126958 0.817109 -0.56233 -0.574777 -0.960954 0.0391998 0.273917 -0.218156 0.245863 0.575149 0.780227 0.428231 
-0.126927 0.817 -0.562495 -0.574755 -0.96095 0.0392998 0.273919 -0.218131 0.245898 0.575297 0.780108 0.428286 
-0.126869 0.816806 -0.562789 -0.574717 -0.960943 0.0394751 0.273917 -0.218087 0.245954 0.57556 0.779896 0.428379 
-0.126828 0.816601 -0.563097 -0.574676 -0.960938 0.0396332 0.27391 -0.21804 0.245993 0.575841 0.779676 0.428465 
-0.126809 0.816392 -0.563403 -0.574632 -0.960936 0.0397617 0.273901 -0.217991 0.246012 0.576127 0.779458 0.428535 
-0.12678 0.816191 -0.563701 -0.574589 -0.960928 0.0399099 0.273905 -0.217939 0.246056 0.576402 0.779241 0.428621 
-0.126716 0.815996 -0.563998 -0.574543 -0.960914 0.0401119 0.273927 -0.217882 0.246146 0.576664 0.779019 0.428735 
-0.126627 0.815764 -0.564353 -0.574499 -0.960894 0.0403719 0.273959 -0.21782 0.24627 0.576974 0.778751 0.428879 
-0.126587 0.815581 -0.564627 -0.574459 -0.960879 0.0405409 0.273984 -0.217763 0.246347 0.577221 0.778543 0.428991 
-0.126584 0.815378 -0.56492 -0.574414 -0.960865 0.0406769 0.274016 -0.217686 0.246406 0.577498 0.778319 0.429099 
-0.126593 0.815221 -0.565145 -0.57438 -0.960857 0.0407609 0.274031 -0.217628 0.246431 0.577714 0.77815 0.429162 
-0.126611 0.815031 -0.565416 -0.574318 -0.96084 0.0408722 0.274072 -0.217533 0.246487 0.577975 0.777939 0.429279 
-0.126608 0.814873 -0.565644 -0.574268 -0.960823 0.0409926 0.274115 -0.217455 0.246556 0.578188 0.777758 0.429391 
-0.126599 0.814709 -0.565882 -0.574229 -0.960807 0.0411199 0.274153 -0.217387 0.246624 0.57841 0.777572 0.429494 
-0.126585 0.814514 -0.566165 -0.574178 -0.960784 0.0412822 0.274206 -0.217302 0.246717 0.578673 0.777347 0.429626 
-0.126588 0.81421 -0.566601 -0.574123 -0.960768 0.041465 0.274238 -0.217198 0.246781 0.579087 0.777018 0.42974 
-0.126591 0.8141 -0.56676 -0.574108 -0.960764 0.041525 0.274242 -0.217165 0.246795 0.579239 0.776901 0.429769 
-0.126591 0.8141 -0.56676 -0.574108 -0.960764 0.041525 0.274242 -0.217165 0.246795 0.579239 0.776901 0.429769 
-0.126591 0.8141 -0.56676 -0.574108 -0.960764 0.041525 0.274242 -0.217165 0.246795 0.579239 0.776901 0.429769 
-0.126591 0.8141 -0.56676 -0.574108 -0.960764 0.041525 0.274242 -0.217165 0.246795 0.579239 0.776901 0.429769 
-0.126591 0.8141 -0.56676 -0.574108 -0.960764 0.041525 0.274242 -0.217165 0.246795 0.579239 0.776901 0.429769 
-0.126591 0.8141 -0.56676 -0.574108 -0.960764 0.041525 0.274242 -0.217165 0.246795 0.579239 0.776901 0.429769 
-0.126591 0.8141 -0.56676 -0.574108 -0.960764 0.041525 0.274242 -0.217165 0.246795 0.579239 0.776901 0.429769 
-0.126591 0.8141 -0.56676 -0.574108 -0.960764 0.041525 0.274242 -0.217165 0.246795 0.579239 0.776901 0.429769 
-0.126591 0.8141 -0.56676 -0.574108 -0.960764 0.041525 0.274242 -0.217165 0.246795 0.579239 0.776901 0.429769 
-0.126383 0.813321 -0.567922 -0.573985 -0.960698 0.0422918 0.274357 -0.216939 0.247158 0.580276 0.776011 0.430062 
-0.126371 0.813315 -0.567934 -0.573989 -0.960699 0.0423049 0.274349 -0.216946 0.247159 0.580284 0.776005 0.430049 
-0.126362 0.81329 -0.567972 -0.573978 -0.960695 0.0423376 0.274359 -0.216935 0.24718 0.580317 0.775973 0.430065 
-0.126367 0.812844 -0.568609 -0.573929 -0.960689 0.0425609 0.274344 -0.216872 0.2472 0.580925 0.775512 0.430099 
-0.126417 0.812145 -0.569596 -0.573823 -0.960681 0.0428617 0.274328 -0.21675 0.247208 0.581879 0.774793 0.430167 
-0.126429 0.811581 -0.570397 -0.573694 -0.960661 0.0431641 0.274348 -0.216607 0.247276 0.582644 0.774197 0.430331 
-0.126345 0.811203 -0.570952 -0.573592 -0.960641 0.0434907 0.274369 -0.216491 0.2474 0.583145 0.77378 0.430552 
-0.126234 0.810963 -0.571318 -0.573492 -0.96061 0.0438033 0.274425 -0.216381 0.247574 0.583456 0.77349 0.430812 
-0.126152 0.81084 -0.57151 -0.57342 -0.96058 0.0440252 0.274495 -0.216296 0.247732 0.583609 0.773323 0.431024 
-0.126071 0.810744 -0.571664 -0.573363 -0.960545 0.0442468 0.274584 -0.216212 0.247912 0.583726 0.773178 0.431248 
-0.126011 0.810623 -0.571849 -0.573315 -0.960514 0.0444456 0.27466 -0.216129 0.248062 0.583879 0.773014 0.431448 
-0.125984 0.810445 -0.572107 -0.573274 -0.960475 0.0446524 0.274761 -0.216036 0.248225 0.58411 0.772787 0.43164 
-0.125979 0.81029 -0.572328 -0.573244 -0.960443 0.044809 0.274848 -0.215969 0.248352 0.584314 0.772592 0.431764 
-0.125981 0.810089 -0.572612 -0.573211 -0.96042 0.0449566 0.274904 -0.215906 0.248439 0.584581 0.772362 0.431854 
-0.125992 0.809843 -0.572957 -0.573178 -0.960409 0.0450889 0.274922 -0.215847 0.248478 0.584911 0.7721 0.431905 
-0.125997 0.809574 -0.573336 -0.573134 -0.960396 0.0452415 0.27494 -0.215785 0.248523 0.585272 0.771812 0.431969 
-0.126005 0.809308 -0.573711 -0.573088 -0.960381 0.0453958 0.274967 -0.215718 0.248577 0.585628 0.771524 0.43205 
-0.126017 0.809109 -0.573989 -0.573056 -0.960367 0.0455112 0.274998 -0.21566 0.248626 0.585894 0.771306 0.432119 
-0.126044 0.808884 -0.574299 -0.573012 -0.960351 0.0456247 0.275034 -0.215584 0.248673 0.586196 0.771062 0.4322 
-0.126086 0.808598 -0.574693 -0.572966 -0.960337 0.0457481 0.275063 -0.215493 0.248706 0.586581 0.770758 0.432277 
-0.126133 0.808363 -0.575013 -0.572925 -0.960328 0.0458301 0.275083 -0.215413 0.24872 0.586898 0.770513 0.432334 
-0.126155 0.808161 -0.575291 -0.572883 -0.960323 0.0459126 0.275086 -0.215339 0.248727 0.587169 0.770304 0.432396 
-0.126167 0.807948 -0.575588 -0.57284 -0.960315 0.0460191 0.275095 -0.215263 0.248751 0.587453 0.770079 0.432476 
-0.126173 0.807767 -0.575841 -0.572801 -0.960303 0.0461269 0.275118 -0.215192 0.248793 0.587694 0.769881 0.432565 
-0.126157 0.807526 -0.576183 -0.572755 -0.960285 0.0463031 0.275152 -0.215103 0.248871 0.588012 0.769613 0.432676 
-0.126141 0.807297 -0.576507 -0.572724 -0.96027 0.0464654 0.275176 -0.215033 0.248936 0.588313 0.769362 0.432759 
-0.126134 0.807086 -0.576803 -0.572696 -0.960258 0.0466034 0.275197 -0.214969 0.248989 0.588591 0.769133 0.432831 
-0.126119 0.806879 -0.577096 -0.572665 -0.960237 0.0467683 0.275242 -0.214892 0.249077 0.588862 0.768897 0.432938 
-0.126064 0.806719 -0.577332 -0.572633 -0.960213 0.0469622 0.275291 -0.214835 0.249195 0.589066 0.768702 0.433066 
-0.125994 0.806609 -0.5775 -0.572587 -0.96019 0.0471478 0.275339 -0.214787 0.249319 0.589201 0.768558 0.433203 
-0.125926 0.806466 -0.577716 -0.572538 -0.960171 0.0473386 0.275373 -0.21474 0.249427 0.589383 0.768384 0.433329 
-0.12587 0.806306 -0.577951 -0.572496 -0.960157 0.0475128 0.275394 -0.214697 0.249512 0.589587 0.7682 0.433429 
-0.125824 0.806134 -0.578201 -0.572453 -0.960144 0.0476765 0.27541 -0.214651 0.249584 0.589809 0.768006 0.43352 
-0.125771 0.805953 -0.578465 -0.572408 -0.960128 0.047859 0.275432 -0.2146 0.24967 0.590042 0.767799 0.43362 
-0.125711 0.80566 -0.578885 -0.572357 -0.960107 0.048116 0.275463 -0.214528 0.249783 0.590421 0.767471 0.43376 
-0.125687 0.805514 -0.579094 -0.572333 -0.960096 0.0482381 0.275479 -0.214489 0.249837 0.590611 0.767307 0.43383 
-0.125669 0.805395 -0.579263 -0.572312 -0.960087 0.0483355 0.275492 -0.214455 0.249879 0.590764 0.767176 0.433882 
-0.125646 0.805029 -0.579777 -0.572252 -0.960072 0.0485728 0.275506 -0.214358 0.249951 0.591243 0.766783 0.433991 
