1533560204335 0.0908272 0.944534 -0.315605 -0.604703 -0.966189 0.160369 0.201891 -0.227722 0.241306 0.286597 0.927164 0.380827 1 0 0 0 0 1 0 0 0 0 1 1.306 
1533560204346 0.0917756 0.944484 -0.31548 -0.604622 -0.965383 0.162071 0.204372 -0.227606 0.244156 0.285803 0.926663 0.380892 0.313239 -0.3866 0.867422 0.386189 -0.93126 -0.304042 0.200784 -0.500185 0.18611 -0.870689 -0.455263 0.505382 
1533560204353 0.0927249 0.944432 -0.315357 -0.60454 -0.964568 0.163772 0.206851 -0.227489 0.247003 0.285003 0.926155 0.380956 0.316244 -0.384866 0.867103 0.400216 -0.929998 -0.306258 0.203249 -0.504049 0.187334 -0.87068 -0.454777 0.486145 
1533560204715 0.0936748 0.944379 -0.315237 -0.604459 -0.963743 0.16547 0.209329 -0.227373 0.249848 0.284198 0.925639 0.381021 0.316258 -0.384857 0.867102 0.400836 -0.929992 -0.306267 0.203261 -0.504368 0.187338 -0.870681 -0.454774 0.485921 
1533560204942 0.0946248 0.944323 -0.315118 -0.604378 -0.962909 0.167166 0.211806 -0.227257 0.25269 0.283388 0.925116 0.381085 0.316239 -0.384881 0.867098 0.400855 -0.93 -0.306257 0.203241 -0.504361 0.187331 -0.870674 -0.454789 0.485943 
1533560205154 0.0955752 0.944266 -0.315003 -0.604296 -0.962066 0.16886 0.21428 -0.22714 0.255529 0.282573 0.924585 0.38115 0.316214 -0.384899 0.867099 0.400827 -0.930009 -0.306245 0.203216 -0.504329 0.187327 -0.87067 -0.454799 0.48594 
1533560205370 0.0965255 0.944207 -0.314889 -0.604215 -0.961213 0.17055 0.216754 -0.227024 0.258365 0.281753 0.924047 0.381215 0.3162 -0.384907 0.867101 0.400798 -0.930014 -0.306239 0.203202 -0.504306 0.187326 -0.870669 -0.454801 0.485922 
1533560205575 0.0974761 0.944147 -0.314778 -0.604134 -0.960351 0.172239 0.219226 -0.226908 0.261198 0.280928 0.923501 0.381279 0.316197 -0.384904 0.867103 0.400778 -0.930014 -0.30624 0.2032 -0.504292 0.187329 -0.87067 -0.454799 0.485903 
1533560205797 0.0984271 0.944084 -0.314669 -0.604053 -0.95948 0.173925 0.221696 -0.226791 0.264028 0.280098 0.922949 0.381344 0.316201 -0.384895 0.867106 0.400765 -0.930012 -0.306246 0.203202 -0.504277 0.187337 -0.870672 -0.454792 0.485883 
1533560205804 0.0993785 0.94402 -0.314564 -0.603977 -0.9586 0.175608 0.22416 -0.226672 0.266851 0.279265 0.922389 0.38141 0.316123 -0.384928 0.86712 0.40068 -0.93004 -0.30621 0.20313 -0.504145 0.18733 -0.87067 -0.454798 0.485852 
1533560206095 0.0992519 0.944032 -0.314567 -0.604006 -0.958612 0.175492 0.224201 -0.226623 0.266856 0.279295 0.922378 0.381439 1 0 0 0 0 1 0 0 0 0 1 1.306 
1533560206108 0.0993619 0.944024 -0.314556 -0.603995 -0.958522 0.175674 0.224443 -0.226617 0.267139 0.279208 0.922323 0.381442 0.313239 -0.3866 0.867422 0.386189 -0.93126 -0.304042 0.200784 -0.500185 0.18611 -0.870689 -0.455263 0.505382 
1533560206122 0.0994715 0.944016 -0.314546 -0.603983 -0.958431 0.175856 0.224687 -0.22661 0.267423 0.27912 0.922267 0.381446 0.316244 -0.384866 0.867103 0.400216 -0.929998 -0.306258 0.203249 -0.504049 0.187334 -0.87068 -0.454777 0.486145 
1533560206294 0.0995809 0.944008 -0.314535 -0.603971 -0.958341 0.176037 0.22493 -0.226604 0.267706 0.279033 0.922212 0.381449 0.316258 -0.384857 0.867102 0.400836 -0.929992 -0.306267 0.203261 -0.504368 0.187338 -0.870681 -0.454774 0.485921 
1533560206410 0.0996903 0.944 -0.314524 -0.60396 -0.95825 0.176219 0.225173 -0.226597 0.267989 0.278945 0.922156 0.381453 0.316239 -0.384881 0.867098 0.400855 -0.93 -0.306257 0.203241 -0.504361 0.187331 -0.870674 -0.454789 0.485943 
1533560206416 0.0998 0.943992 -0.314513 -0.603948 -0.95816 0.176401 0.225417 -0.226591 0.268273 0.278857 0.9221 0.381456 0.316214 -0.384899 0.867099 0.400827 -0.930009 -0.306245 0.203216 -0.504329 0.187327 -0.87067 -0.454799 0.48594 
1533560206580 0.0999095 0.943984 -0.314502 -0.603937 -0.958069 0.176582 0.225661 -0.226585 0.268556 0.278769 0.922044 0.381459 0.3162 -0.384907 0.867101 0.400798 -0.930014 -0.306239 0.203202 -0.504306 0.187326 -0.870669 -0.454801 0.485922 
1533560206706 0.100019 0.943976 -0.314492 -0.603926 -0.957978 0.176764 0.225904 -0.226578 0.268839 0.278681 0.921988 0.381463 0.316197 -0.384904 0.867103 0.400778 -0.930014 -0.30624 0.2032 -0.504292 0.187329 -0.87067 -0.454799 0.485903 
1533560206881 0.100128 0.943968 -0.314481 -0.603914 -0.957887 0.176945 0.226147 -0.226572 0.269122 0.278593 0.921932 0.381466 0.316201 -0.384895 0.867106 0.400765 -0.930012 -0.306246 0.203202 -0.504277 0.187337 -0.870672 -0.454792 0.485883 
1533560206887 0.100238 0.94396 -0.31447 -0.603903 -0.957796 0.177127 0.226391 -0.226565 0.269405 0.278506 0.921876 0.38147 0.316123 -0.384928 0.86712 0.40068 -0.93004 -0.30621 0.20313 -0.504145 0.18733 -0.87067 -0.454798 0.485852 
1533560207078 0.100169 0.943986 -0.314414 -0.60392 -0.957848 0.177004 0.226268 -0.226553 0.269247 0.278495 0.921925 0.381498 1 0 0 0 0 1 0 0 0 0 1 1.306 
1533560207088 0.100297 0.943936 -0.314525 -0.603913 -0.957829 0.177154 0.226229 -0.226557 0.269265 0.278571 0.921897 0.381483 0.313239 -0.3866 0.867422 0.386189 -0.93126 -0.304042 0.200784 -0.500185 0.18611 -0.870689 -0.455263 0.505382 
1533560207364 0.100426 0.943885 -0.314635 -0.603905 -0.95781 0.177306 0.22619 -0.226562 0.269284 0.278646 0.921869 0.381468 0.316244 -0.384866 0.867103 0.400216 -0.929998 -0.306258 0.203249 -0.504049 0.187334 -0.87068 -0.454777 0.486145 
1533560207501 0.100555 0.943835 -0.314745 -0.603897 -0.957791 0.177458 0.226152 -0.226567 0.269304 0.27872 0.921841 0.381453 0.316258 -0.384857 0.867102 0.400836 -0.929992 -0.306267 0.203261 -0.504368 0.187338 -0.870681 -0.454774 0.485921 
1533560207660 0.100685 0.943784 -0.314856 -0.603889 -0.957772 0.177611 0.226112 -0.226572 0.269323 0.278795 0.921813 0.381438 0.316239 -0.384881 0.867098 0.400855 -0.93 -0.306257 0.203241 -0.504361 0.187331 -0.870674 -0.454789 0.485943 
1533560207785 0.100814 0.943733 -0.314967 -0.603881 -0.957753 0.177763 0.226074 -0.226577 0.269343 0.278869 0.921784 0.381423 0.316214 -0.384899 0.867099 0.400827 -0.930009 -0.306245 0.203216 -0.504329 0.187327 -0.87067 -0.454799 0.48594 
1533560207928 0.100943 0.943682 -0.315078 -0.603874 -0.957734 0.177915 0.226035 -0.226583 0.269362 0.278944 0.921756 0.381408 0.3162 -0.384907 0.867101 0.400798 -0.930014 -0.306239 0.203202 -0.504306 0.187326 -0.870669 -0.454801 0.485922 
1533560208048 0.101073 0.943632 -0.315188 -0.603866 -0.957715 0.178067 0.225996 -0.226588 0.269382 0.279018 0.921728 0.381393 0.316197 -0.384904 0.867103 0.400778 -0.930014 -0.30624 0.2032 -0.504292 0.187329 -0.87067 -0.454799 0.485903 
1533560208162 0.101202 0.943581 -0.315299 -0.603858 -0.957696 0.17822 0.225957 -0.226593 0.269401 0.279093 0.9217 0.381378 0.316201 -0.384895 0.867106 0.400765 -0.930012 -0.306246 0.203202 -0.504277 0.187337 -0.870672 -0.454792 0.485883 
1533560208287 0.101331 0.94353 -0.315409 -0.603852 -0.957677 0.178372 0.225918 -0.226599 0.269421 0.279167 0.921671 0.381363 0.316123 -0.384928 0.86712 0.40068 -0.93004 -0.30621 0.20313 -0.504145 0.18733 -0.87067 -0.454798 0.485852 
1533560208394 0.101236 0.943572 -0.315313 -0.603875 -0.957676 0.178272 0.226 -0.226567 0.269459 0.279089 0.921684 0.381411 1 0 0 0 0 1 0 0 0 0 1 1.306 
1533560208406 0.101263 0.943536 -0.315415 -0.603871 -0.957692 0.178301 0.225907 -0.226564 0.26939 0.279194 0.921672 0.381398 0.313239 -0.3866 0.867422 0.386189 -0.93126 -0.304042 0.200784 -0.500185 0.18611 -0.870689 -0.455263 0.505382 
1533560208422 0.101289 0.943499 -0.315517 -0.603868 -0.957709 0.178329 0.225814 -0.226561 0.269321 0.279301 0.92166 0.381385 0.316244 -0.384866 0.867103 0.400216 -0.929998 -0.306258 0.203249 -0.504049 0.187334 -0.87068 -0.454777 0.486145 
1533560208520 0.101315 0.943462 -0.315619 -0.603864 -0.957726 0.178358 0.225721 -0.226558 0.269252 0.279408 0.921648 0.381372 0.316258 -0.384857 0.867102 0.400836 -0.929992 -0.306267 0.203261 -0.504368 0.187338 -0.870681 -0.454774 0.485921 
1533560208603 0.101341 0.943425 -0.315722 -0.60386 -0.957742 0.178386 0.225627 -0.226555 0.269183 0.279515 0.921636 0.381359 0.316239 -0.384881 0.867098 0.400855 -0.93 -0.306257 0.203241 -0.504361 0.187331 -0.870674 -0.454789 0.485943 
1533560208767 0.101367 0.943388 -0.315824 -0.603857 -0.957759 0.178415 0.225534 -0.226553 0.269114 0.279621 0.921623 0.381346 0.316214 -0.384899 0.867099 0.400827 -0.930009 -0.306245 0.203216 -0.504329 0.187327 -0.87067 -0.454799 0.48594 
1533560208910 0.101393 0.943351 -0.315926 -0.603853 -0.957776 0.178443 0.225441 -0.22655 0.269045 0.279728 0.921611 0.381333 0.3162 -0.384907 0.867101 0.400798 -0.930014 -0.306239 0.203202 -0.504306 0.187326 -0.870669 -0.454801 0.485922 
1533560209080 0.101419 0.943313 -0.316028 -0.603849 -0.957792 0.178472 0.225348 -0.226547 0.268976 0.279835 0.921599 0.38132 0.316197 -0.384904 0.867103 0.400778 -0.930014 -0.30624 0.2032 -0.504292 0.187329 -0.87067 -0.454799 0.485903 
1533560209219 0.101445 0.943277 -0.31613 -0.603846 -0.957809 0.1785 0.225255 -0.226544 0.268907 0.279941 0.921587 0.381307 0.316201 -0.384895 0.867106 0.400765 -0.930012 -0.306246 0.203202 -0.504277 0.187337 -0.870672 -0.454792 0.485883 
1533560209335 0.101472 0.943239 -0.316233 -0.603843 -0.957825 0.178529 0.225162 -0.226542 0.268838 0.280048 0.921574 0.381294 0.316123 -0.384928 0.86712 0.40068 -0.93004 -0.30621 0.20313 -0.504145 0.18733 -0.87067 -0.454798 0.485852 
1533560209455 0.101226 0.943254 -0.316268 -0.603865 -0.957848 0.178313 0.225238 -0.226459 0.268851 0.280137 0.921544 0.381271 1 0 0 0 0 1 0 0 0 0 1 1.306 
1533560209462 0.101122 0.943275 -0.316238 -0.603866 -0.957858 0.17821 0.225276 -0.226481 0.268853 0.280131 0.921545 0.381275 0.313239 -0.3866 0.867422 0.386189 -0.93126 -0.304042 0.200784 -0.500185 0.18611 -0.870689 -0.455263 0.505382 
1533560209643 0.101017 0.943297 -0.316207 -0.603867 -0.957868 0.178106 0.225314 -0.226502 0.268857 0.280124 0.921546 0.38128 0.316244 -0.384866 0.867103 0.400216 -0.929998 -0.306258 0.203249 -0.504049 0.187334 -0.87068 -0.454777 0.486145 
1533560209791 0.100914 0.943318 -0.316176 -0.603868 -0.957878 0.178004 0.225352 -0.226524 0.268859 0.280117 0.921547 0.381284 0.316258 -0.384857 0.867102 0.400836 -0.929992 -0.306267 0.203261 -0.504368 0.187338 -0.870681 -0.454774 0.485921 
1533560209938 0.100809 0.94334 -0.316145 -0.603869 -0.957889 0.1779 0.225391 -0.226546 0.268863 0.280111 0.921548 0.381289 0.316239 -0.384881 0.867098 0.400855 -0.93 -0.306257 0.203241 -0.504361 0.187331 -0.870674 -0.454789 0.485943 
1533560210102 0.100705 0.943361 -0.316115 -0.60387 -0.957899 0.177797 0.225429 -0.226567 0.268866 0.280104 0.921549 0.381293 0.316214 -0.384899 0.867099 0.400827 -0.930009 -0.306245 0.203216 -0.504329 0.187327 -0.87067 -0.454799 0.48594 
1533560210108 0.100602 0.943382 -0.316084 -0.603871 -0.957909 0.177695 0.225467 -0.226589 0.268868 0.280098 0.92155 0.381297 0.3162 -0.384907 0.867101 0.400798 -0.930014 -0.306239 0.203202 -0.504306 0.187326 -0.870669 -0.454801 0.485922 
1533560210239 0.100497 0.943404 -0.316053 -0.603872 -0.957919 0.177591 0.225506 -0.226611 0.268872 0.280091 0.921552 0.381302 0.316197 -0.384904 0.867103 0.400778 -0.930014 -0.30624 0.2032 -0.504292 0.187329 -0.87067 -0.454799 0.485903 
1533560210245 0.100393 0.943425 -0.316023 -0.603873 -0.957929 0.177488 0.225544 -0.226633 0.268874 0.280085 0.921553 0.381306 0.316201 -0.384895 0.867106 0.400765 -0.930012 -0.306246 0.203202 -0.504277 0.187337 -0.870672 -0.454792 0.485883 
1533560210403 0.100289 0.943446 -0.315992 -0.603873 -0.957939 0.177385 0.225583 -0.226653 0.268877 0.280078 0.921554 0.381311 0.316123 -0.384928 0.86712 0.40068 -0.93004 -0.30621 0.20313 -0.504145 0.18733 -0.87067 -0.454798 0.485852 
1533560210522 0.100362 0.943441 -0.315985 -0.603891 -0.957936 0.177446 0.225549 -0.22663 0.268862 0.280057 0.921565 0.381314 1 0 0 0 0 1 0 0 0 0 1 1.306 
1533560210535 0.100384 0.943393 -0.316122 -0.603881 -0.957965 0.177467 0.225408 -0.226622 0.26875 0.280207 0.921552 0.381332 0.313239 -0.3866 0.867422 0.386189 -0.93126 -0.304042 0.200784 -0.500185 0.18611 -0.870689 -0.455263 0.505382 
1533560210723 0.100406 0.943344 -0.316261 -0.603871 -0.957994 0.177487 0.225267 -0.226614 0.268636 0.280358 0.921539 0.38135 0.316244 -0.384866 0.867103 0.400216 -0.929998 -0.306258 0.203249 -0.504049 0.187334 -0.87068 -0.454777 0.486145 
1533560210895 0.100428 0.943295 -0.316399 -0.60386 -0.958024 0.177508 0.225126 -0.226606 0.268523 0.280509 0.921526 0.381368 0.316258 -0.384857 0.867102 0.400836 -0.929992 -0.306267 0.203261 -0.504368 0.187338 -0.870681 -0.454774 0.485921 
1533560211039 0.10045 0.943247 -0.316537 -0.60385 -0.958053 0.177528 0.224985 -0.226598 0.26841 0.280659 0.921513 0.381386 0.316239 -0.384881 0.867098 0.400855 -0.93 -0.306257 0.203241 -0.504361 0.187331 -0.870674 -0.454789 0.485943 
1533560211215 0.100472 0.943198 -0.316675 -0.60384 -0.958082 0.177548 0.224844 -0.22659 0.268297 0.28081 0.9215 0.381404 0.316214 -0.384899 0.867099 0.400827 -0.930009 -0.306245 0.203216 -0.504329 0.187327 -0.87067 -0.454799 0.48594 
1533560211435 0.100495 0.943149 -0.316813 -0.60383 -0.958112 0.177569 0.224702 -0.226583 0.268184 0.280961 0.921487 0.381422 0.3162 -0.384907 0.867101 0.400798 -0.930014 -0.306239 0.203202 -0.504306 0.187326 -0.870669 -0.454801 0.485922 
1533560211545 0.100517 0.9431 -0.316951 -0.60382 -0.958141 0.177589 0.224561 -0.226575 0.268071 0.281112 0.921474 0.38144 0.316197 -0.384904 0.867103 0.400778 -0.930014 -0.30624 0.2032 -0.504292 0.187329 -0.87067 -0.454799 0.485903 
1533560211687 0.100539 0.943052 -0.317089 -0.60381 -0.95817 0.177609 0.22442 -0.226567 0.267958 0.281262 0.921461 0.381458 0.316201 -0.384895 0.867106 0.400765 -0.930012 -0.306246 0.203202 -0.504277 0.187337 -0.870672 -0.454792 0.485883 
1533560211874 0.100561 0.943003 -0.317227 -0.603802 -0.9582 0.177629 0.224279 -0.22656 0.267845 0.281413 0.921448 0.381475 0.316123 -0.384928 0.86712 0.40068 -0.93004 -0.30621 0.20313 -0.504145 0.18733 -0.87067 -0.454798 0.485852 
1533560212004 0.100467 0.943052 -0.31711 -0.603824 -0.958184 0.177541 0.224416 -0.226525 0.267936 0.281303 0.921455 0.381517 1 0 0 0 0 1 0 0 0 0 1 1.306 
1533560212015 0.100544 0.943017 -0.317191 -0.603819 -0.958222 0.177584 0.224221 -0.226511 0.267772 0.281396 0.921474 0.381511 0.313239 -0.3866 0.867422 0.386189 -0.93126 -0.304042 0.200784 -0.500185 0.18611 -0.870689 -0.455263 0.505382 
1533560212158 0.100622 0.942981 -0.317273 -0.603815 -0.95826 0.177628 0.224025 -0.226498 0.267608 0.281488 0.921494 0.381506 0.316244 -0.384866 0.867103 0.400216 -0.929998 -0.306258 0.203249 -0.504049 0.187334 -0.87068 -0.454777 0.486145 
1533560212291 0.1007 0.942945 -0.317355 -0.603811 -0.958297 0.177671 0.223829 -0.226484 0.267443 0.281581 0.921513 0.3815 0.316258 -0.384857 0.867102 0.400836 -0.929992 -0.306267 0.203261 -0.504368 0.187338 -0.870681 -0.454774 0.485921 
1533560212426 0.100778 0.942909 -0.317437 -0.603806 -0.958335 0.177715 0.223633 -0.22647 0.267279 0.281674 0.921532 0.381494 0.316239 -0.384881 0.867098 0.400855 -0.93 -0.306257 0.203241 -0.504361 0.187331 -0.870674 -0.454789 0.485943 
1533560212578 0.100856 0.942873 -0.317518 -0.603801 -0.958372 0.177758 0.223438 -0.226456 0.267115 0.281766 0.921552 0.381489 0.316214 -0.384899 0.867099 0.400827 -0.930009 -0.306245 0.203216 -0.504329 0.187327 -0.87067 -0.454799 0.48594 
1533560212715 0.100934 0.942837 -0.317601 -0.603797 -0.95841 0.177802 0.223242 -0.226443 0.26695 0.281859 0.921571 0.381483 0.3162 -0.384907 0.867101 0.400798 -0.930014 -0.306239 0.203202 -0.504306 0.187326 -0.870669 -0.454801 0.485922 
1533560212850 0.101012 0.942801 -0.317682 -0.603793 -0.958448 0.177845 0.223046 -0.226429 0.266786 0.281951 0.92159 0.381477 0.316197 -0.384904 0.867103 0.400778 -0.930014 -0.30624 0.2032 -0.504292 0.187329 -0.87067 -0.454799 0.485903 
1533560212926 0.101091 0.942765 -0.317764 -0.603788 -0.958485 0.177889 0.22285 -0.226415 0.266622 0.282044 0.921609 0.381471 0.316201 -0.384895 0.867106 0.400765 -0.930012 -0.306246 0.203202 -0.504277 0.187337 -0.870672 -0.454792 0.485883 
1533560213022 0.101168 0.94273 -0.317845 -0.603785 -0.958522 0.177932 0.222655 -0.226403 0.266459 0.282136 0.921629 0.381465 0.316123 -0.384928 0.86712 0.40068 -0.93004 -0.30621 0.20313 -0.504145 0.18733 -0.87067 -0.454798 0.485852 
1533560213146 0.100956 0.942777 -0.317771 -0.603788 -0.958537 0.177726 0.222757 -0.226329 0.266486 0.282107 0.92163 0.381436 1 0 0 0 0 1 0 0 0 0 1 1.306 
1533560213158 0.100974 0.942836 -0.317593 -0.603795 -0.958542 0.177693 0.22276 -0.226339 0.26646 0.281933 0.92169 0.381411 0.313239 -0.3866 0.867422 0.386189 -0.93126 -0.304042 0.200784 -0.500185 0.18611 -0.870689 -0.455263 0.505382 
1533560213322 0.100993 0.942894 -0.317414 -0.603801 -0.958548 0.17766 0.222763 -0.226348 0.266434 0.281759 0.921751 0.381385 0.316244 -0.384866 0.867103 0.400216 -0.929998 -0.306258 0.203249 -0.504049 0.187334 -0.87068 -0.454777 0.486145 
1533560213462 0.101011 0.942952 -0.317236 -0.603808 -0.958553 0.177628 0.222766 -0.226358 0.266408 0.281586 0.921812 0.38136 0.316258 -0.384857 0.867102 0.400836 -0.929992 -0.306267 0.203261 -0.504368 0.187338 -0.870681 -0.454774 0.485921 
1533560213693 0.10103 0.94301 -0.317058 -0.603815 -0.958558 0.177595 0.222769 -0.226368 0.266381 0.281412 0.921872 0.381334 0.316239 -0.384881 0.867098 0.400855 -0.93 -0.306257 0.203241 -0.504361 0.187331 -0.870674 -0.454789 0.485943 
1533560213802 0.101049 0.943067 -0.31688 -0.603822 -0.958564 0.177563 0.222772 -0.226378 0.266355 0.281239 0.921933 0.381309 0.316214 -0.384899 0.867099 0.400827 -0.930009 -0.306245 0.203216 -0.504329 0.187327 -0.87067 -0.454799 0.48594 
1533560213926 0.101067 0.943125 -0.316701 -0.603828 -0.958569 0.17753 0.222775 -0.226387 0.266329 0.281065 0.921993 0.381284 0.3162 -0.384907 0.867101 0.400798 -0.930014 -0.306239 0.203202 -0.504306 0.187326 -0.870669 -0.454801 0.485922 
1533560214078 0.101086 0.943183 -0.316523 -0.603835 -0.958574 0.177498 0.222778 -0.226397 0.266303 0.280891 0.922054 0.381258 0.316197 -0.384904 0.867103 0.400778 -0.930014 -0.30624 0.2032 -0.504292 0.187329 -0.87067 -0.454799 0.485903 
1533560214226 0.101105 0.943241 -0.316345 -0.603841 -0.95858 0.177465 0.222781 -0.226407 0.266276 0.280718 0.922114 0.381233 0.316201 -0.384895 0.867106 0.400765 -0.930012 -0.306246 0.203202 -0.504277 0.187337 -0.870672 -0.454792 0.485883 
1533560214478 0.101123 0.943299 -0.316167 -0.603845 -0.958585 0.177433 0.222783 -0.226415 0.26625 0.280545 0.922174 0.381209 0.316123 -0.384928 0.86712 0.40068 -0.93004 -0.30621 0.20313 -0.504145 0.18733 -0.87067 -0.454798 0.485852 
1533560214585 0.101156 0.94328 -0.316213 -0.60382 -0.958586 0.177469 0.22275 -0.22645 0.266233 0.280585 0.922167 0.381229 1 0 0 0 0 1 0 0 0 0 1 1.306 
1533560214597 0.101143 0.943353 -0.316 -0.603831 -0.958494 0.177505 0.223118 -0.226474 0.266571 0.280317 0.922151 0.381216 0.313239 -0.3866 0.867422 0.386189 -0.93126 -0.304042 0.200784 -0.500185 0.18611 -0.870689 -0.455263 0.505382 
1533560214901 0.101129 0.943425 -0.315787 -0.603843 -0.958401 0.177541 0.223487 -0.226497 0.266909 0.28005 0.922134 0.381203 0.316244 -0.384866 0.867103 0.400216 -0.929998 -0.306258 0.203249 -0.504049 0.187334 -0.87068 -0.454777 0.486145 
1533560215050 0.101115 0.943498 -0.315574 -0.603854 -0.958308 0.177576 0.223856 -0.226521 0.267246 0.279782 0.922118 0.381189 0.316258 -0.384857 0.867102 0.400836 -0.929992 -0.306267 0.203261 -0.504368 0.187338 -0.870681 -0.454774 0.485921 
1533560215231 0.101102 0.943571 -0.315361 -0.603866 -0.958216 0.177611 0.224225 -0.226544 0.267584 0.279514 0.922101 0.381176 0.316239 -0.384881 0.867098 0.400855 -0.93 -0.306257 0.203241 -0.504361 0.187331 -0.870674 -0.454789 0.485943 
1533560215238 0.101088 0.943644 -0.315148 -0.603877 -0.958123 0.177646 0.224595 -0.226568 0.267922 0.279246 0.922084 0.381163 0.316214 -0.384899 0.867099 0.400827 -0.930009 -0.306245 0.203216 -0.504329 0.187327 -0.87067 -0.454799 0.48594 
1533560215437 0.101074 0.943716 -0.314934 -0.603889 -0.95803 0.177682 0.224964 -0.226592 0.26826 0.278978 0.922067 0.38115 0.3162 -0.384907 0.867101 0.400798 -0.930014 -0.306239 0.203202 -0.504306 0.187326 -0.870669 -0.454801 0.485922 
1533560215586 0.101061 0.943789 -0.314721 -0.6039 -0.957936 0.177717 0.225333 -0.226615 0.268598 0.278711 0.92205 0.381137 0.316197 -0.384904 0.867103 0.400778 -0.930014 -0.30624 0.2032 -0.504292 0.187329 -0.87067 -0.454799 0.485903 
1533560215727 0.101048 0.943861 -0.314508 -0.603912 -0.957843 0.177751 0.225702 -0.226639 0.268935 0.278443 0.922032 0.381123 0.316201 -0.384895 0.867106 0.400765 -0.930012 -0.306246 0.203202 -0.504277 0.187337 -0.870672 -0.454792 0.485883 
1533560215733 0.101035 0.943933 -0.314296 -0.603919 -0.95775 0.177786 0.22607 -0.22666 0.269272 0.278176 0.922015 0.381112 0.316123 -0.384928 0.86712 0.40068 -0.93004 -0.30621 0.20313 -0.504145 0.18733 -0.87067 -0.454798 0.485852 
1533560215930 0.101103 0.943961 -0.314192 -0.603896 -0.957764 0.177803 0.225995 -0.226661 0.269195 0.278073 0.922068 0.381117 1 0 0 0 0 1 0 0 0 0 1 1.306 
1533560215942 0.101105 0.943968 -0.314168 -0.603898 -0.957797 0.177765 0.225888 -0.226659 0.269079 0.278071 0.922103 0.381123 0.313239 -0.3866 0.867422 0.386189 -0.93126 -0.304042 0.200784 -0.500185 0.18611 -0.870689 -0.455263 0.505382 
1533560216242 0.101109 0.943976 -0.314145 -0.603899 -0.957829 0.177729 0.225779 -0.226657 0.268963 0.278069 0.922137 0.38113 0.316244 -0.384866 0.867103 0.400216 -0.929998 -0.306258 0.203249 -0.504049 0.187334 -0.87068 -0.454777 0.486145 
1533560216424 0.101112 0.943983 -0.314121 -0.603901 -0.957861 0.177693 0.225671 -0.226655 0.268847 0.278066 0.922172 0.381136 0.316258 -0.384857 0.867102 0.400836 -0.929992 -0.306267 0.203261 -0.504368 0.187338 -0.870681 -0.454774 0.485921 
1533560216553 0.101115 0.943991 -0.314097 -0.603903 -0.957893 0.177656 0.225564 -0.226653 0.268732 0.278064 0.922206 0.381142 0.316239 -0.384881 0.867098 0.400855 -0.93 -0.306257 0.203241 -0.504361 0.187331 -0.870674 -0.454789 0.485943 
1533560216559 0.101118 0.943998 -0.314074 -0.603905 -0.957925 0.17762 0.225456 -0.226651 0.268616 0.278062 0.92224 0.381149 0.316214 -0.384899 0.867099 0.400827 -0.930009 -0.306245 0.203216 -0.504329 0.187327 -0.87067 -0.454799 0.48594 
1533560216688 0.101121 0.944006 -0.31405 -0.603906 -0.957957 0.177584 0.225348 -0.226648 0.2685 0.278059 0.922275 0.381155 0.3162 -0.384907 0.867101 0.400798 -0.930014 -0.306239 0.203202 -0.504306 0.187326 -0.870669 -0.454801 0.485922 
1533560216751 0.101124 0.944013 -0.314026 -0.603908 -0.957989 0.177547 0.225241 -0.226646 0.268385 0.278057 0.922309 0.381161 0.316197 -0.384904 0.867103 0.400778 -0.930014 -0.30624 0.2032 -0.504292 0.187329 -0.87067 -0.454799 0.485903 
1533560216885 0.101127 0.944021 -0.314003 -0.60391 -0.958021 0.177511 0.225133 -0.226644 0.268269 0.278054 0.922343 0.381167 0.316201 -0.384895 0.867106 0.400765 -0.930012 -0.306246 0.203202 -0.504277 0.187337 -0.870672 -0.454792 0.485883 
1533560216974 0.10113 0.944029 -0.313979 -0.603911 -0.958053 0.177475 0.225025 -0.226642 0.268154 0.278052 0.922378 0.381174 0.316123 -0.384928 0.86712 0.40068 -0.93004 -0.30621 0.20313 -0.504145 0.18733 -0.87067 -0.454798 0.485852 
1533560217050 0.101184 0.94404 -0.313929 -0.603916 -0.958043 0.177518 0.225036 -0.226691 0.268171 0.277987 0.922392 0.381205 1 0 0 0 0 1 0 0 0 0 1 1.306 
1533560217062 0.101142 0.943967 -0.314159 -0.603906 -0.958058 0.177523 0.224967 -0.226675 0.268132 0.278229 0.922331 0.381218 0.313239 -0.3866 0.867422 0.386189 -0.93126 -0.304042 0.200784 -0.500185 0.18611 -0.870689 -0.455263 0.505382 
1533560217350 0.101101 0.943895 -0.31439 -0.603897 -0.958074 0.177528 0.224898 -0.226659 0.268093 0.278471 0.922269 0.381232 0.316244 -0.384866 0.867103 0.400216 -0.929998 -0.306258 0.203249 -0.504049 0.187334 -0.87068 -0.454777 0.486145 
1533560217681 0.101059 0.943822 -0.314621 -0.603887 -0.958089 0.177533 0.224828 -0.226644 0.268053 0.278714 0.922207 0.381245 0.316258 -0.384857 0.867102 0.400836 -0.929992 -0.306267 0.203261 -0.504368 0.187338 -0.870681 -0.454774 0.485921 
1533560217864 0.101018 0.94375 -0.314852 -0.603878 -0.958104 0.177538 0.224758 -0.226628 0.268014 0.278956 0.922145 0.381259 0.316239 -0.384881 0.867098 0.400855 -0.93 -0.306257 0.203241 -0.504361 0.187331 -0.870674 -0.454789 0.485943 
1533560218066 0.100976 0.943677 -0.315083 -0.603868 -0.95812 0.177543 0.224688 -0.226612 0.267974 0.279199 0.922083 0.381272 0.316214 -0.384899 0.867099 0.400827 -0.930009 -0.306245 0.203216 -0.504329 0.187327 -0.87067 -0.454799 0.48594 
1533560218201 0.100935 0.943605 -0.315314 -0.603858 -0.958135 0.177547 0.224619 -0.226596 0.267935 0.279441 0.922021 0.381285 0.3162 -0.384907 0.867101 0.400798 -0.930014 -0.306239 0.203202 -0.504306 0.187326 -0.870669 -0.454801 0.485922 
1533560218377 0.100893 0.943532 -0.315544 -0.603849 -0.958151 0.177552 0.224549 -0.22658 0.267895 0.279684 0.92196 0.381299 0.316197 -0.384904 0.867103 0.400778 -0.930014 -0.30624 0.2032 -0.504292 0.187329 -0.87067 -0.454799 0.485903 
