1533574564891 0.263209 0.916281 -0.301913 -0.529149 -0.957848 0.28554 0.0315355 -0.228305 0.115104 0.280886 0.952814 0.349184 0.16008 -0.304787 0.938871 0.370831 -0.775623 0.549475 0.310623 -0.528794 -0.61056 -0.777934 -0.14844 0.432481 
1533574564904 0.256408 0.917686 -0.303491 -0.537805 -0.958033 0.282927 0.0461008 -0.230436 0.128172 0.278933 0.951719 0.352582 0.316305 -0.38429 0.867336 0.400738 -0.930106 -0.305553 0.203815 -0.506322 0.186693 -0.871182 -0.454078 0.485854 
1533574565514 0.249627 0.919065 -0.304969 -0.546244 -0.958004 0.280291 0.0605365 -0.232407 0.141117 0.27705 0.950436 0.355612 0.316242 -0.384853 0.86711 0.400828 -0.929997 -0.306262 0.203248 -0.504438 0.187342 -0.870685 -0.454765 0.485876 
1533574566092 0.242809 0.920432 -0.306346 -0.554733 -0.95776 0.277618 0.0749992 -0.23442 0.154079 0.275195 0.948961 0.358744 0.316223 -0.384857 0.867115 0.40079 -0.930001 -0.306263 0.203227 -0.50432 0.187352 -0.870683 -0.454765 0.485866 
1533574566677 0.235963 0.921787 -0.30762 -0.563256 -0.957298 0.274911 0.0894666 -0.236454 0.167037 0.273373 0.947294 0.361932 0.316222 -0.384859 0.867114 0.40079 -0.930002 -0.306263 0.203224 -0.504311 0.187352 -0.870682 -0.454766 0.485866 
1533574567269 0.229096 0.923126 -0.308793 -0.571782 -0.956621 0.272171 0.103919 -0.238489 0.179975 0.27159 0.945435 0.36512 0.316221 -0.384861 0.867114 0.400793 -0.930002 -0.306262 0.203224 -0.504309 0.187352 -0.870681 -0.454768 0.485867 
1533574567865 0.222209 0.92445 -0.309863 -0.580307 -0.955728 0.269398 0.118355 -0.240524 0.192889 0.269845 0.943386 0.368309 0.316221 -0.384862 0.867113 0.400795 -0.930002 -0.306262 0.203223 -0.504309 0.187351 -0.870681 -0.454769 0.485868 
1533574568469 0.215304 0.925758 -0.310831 -0.588828 -0.95462 0.266595 0.132768 -0.242558 0.205777 0.26814 0.941146 0.371498 0.316221 -0.384862 0.867113 0.400796 -0.930002 -0.306262 0.203223 -0.50431 0.187351 -0.870681 -0.454769 0.485869 
1533574569086 0.208384 0.927047 -0.311705 -0.597289 -0.953297 0.263763 0.147155 -0.244577 0.218636 0.266482 0.938715 0.374693 0.316222 -0.384863 0.867112 0.400801 -0.930002 -0.306262 0.203224 -0.504317 0.18735 -0.87068 -0.45477 0.485871 
1533574569701 0.201491 0.928277 -0.312574 -0.605038 -0.951758 0.260948 0.161437 -0.246355 0.231424 0.264967 0.936074 0.377907 0.316238 -0.384878 0.8671 0.400844 -0.930001 -0.306253 0.203243 -0.504402 0.187328 -0.870677 -0.454786 0.48592 
1533574570333 0.202164 0.927932 -0.313163 -0.604745 -0.95183 0.26144 0.160212 -0.246569 0.230539 0.265689 0.936088 0.377545 0.316238 -0.384878 0.8671 0.400844 -0.930001 -0.306253 0.203243 -0.504402 0.187328 -0.870677 -0.454786 0.48592 
1533574570344 0.201399 0.928098 -0.313165 -0.605711 -0.951659 0.2611 0.161778 -0.246779 0.231913 0.265444 0.935818 0.377898 0.316221 -0.384863 0.867113 0.400799 -0.930002 -0.306262 0.203223 -0.504312 0.187351 -0.87068 -0.45477 0.485869 
1533574570556 0.200634 0.928264 -0.313164 -0.606676 -0.951485 0.26076 0.163343 -0.246988 0.233286 0.265199 0.935546 0.37825 0.316221 -0.384863 0.867113 0.400795 -0.930002 -0.306262 0.203223 -0.504305 0.187351 -0.87068 -0.45477 0.485867 
1533574570772 0.199869 0.92843 -0.313162 -0.607642 -0.951308 0.260419 0.164909 -0.247198 0.23466 0.264954 0.935272 0.378603 0.31622 -0.384863 0.867113 0.400795 -0.930002 -0.306262 0.203222 -0.504304 0.187351 -0.87068 -0.454769 0.485867 
1533574570985 0.199104 0.928595 -0.31316 -0.608607 -0.951129 0.260077 0.166474 -0.247407 0.236033 0.26471 0.934996 0.378956 0.31622 -0.384863 0.867113 0.400795 -0.930002 -0.306262 0.203222 -0.504304 0.187352 -0.87068 -0.454769 0.485867 
1533574571203 0.198339 0.92876 -0.313156 -0.609573 -0.950947 0.259735 0.168039 -0.247617 0.237405 0.264466 0.934717 0.379308 0.31622 -0.384863 0.867113 0.400795 -0.930002 -0.306262 0.203222 -0.504304 0.187352 -0.87068 -0.454769 0.485867 
1533574571423 0.197573 0.928925 -0.31315 -0.610538 -0.950763 0.259393 0.169603 -0.247826 0.238777 0.264223 0.934437 0.379661 0.31622 -0.384863 0.867113 0.400795 -0.930002 -0.306262 0.203222 -0.504304 0.187352 -0.87068 -0.454769 0.485867 
1533574571639 0.196808 0.929089 -0.313144 -0.611503 -0.950576 0.25905 0.171166 -0.248035 0.240149 0.26398 0.934154 0.380014 0.31622 -0.384863 0.867113 0.400795 -0.930002 -0.306262 0.203222 -0.504304 0.187352 -0.87068 -0.454769 0.485867 
1533574571862 0.196043 0.929254 -0.313137 -0.612462 -0.950387 0.258707 0.172729 -0.248243 0.24152 0.263739 0.933868 0.380367 0.31622 -0.384863 0.867113 0.400795 -0.930002 -0.306262 0.203222 -0.504304 0.187352 -0.87068 -0.454769 0.485867 
1533574572082 0.195281 0.929413 -0.313139 -0.613346 -0.950195 0.258368 0.174284 -0.248428 0.242887 0.263509 0.933579 0.380721 0.31622 -0.384863 0.867113 0.400795 -0.930002 -0.306262 0.203222 -0.504304 0.187352 -0.87068 -0.454769 0.485867 
1533574572300 0.195538 0.929343 -0.313187 -0.613108 -0.950254 0.258498 0.173771 -0.248348 0.242451 0.263629 0.933658 0.380548 0.31622 -0.384863 0.867113 0.400795 -0.930002 -0.306262 0.203222 -0.504304 0.187352 -0.87068 -0.454769 0.485867 
1533574572313 0.195724 0.929461 -0.31272 -0.613204 -0.950173 0.258632 0.174013 -0.248382 0.242618 0.26308 0.93377 0.380534 0.31622 -0.384863 0.867113 0.400795 -0.930002 -0.306262 0.203222 -0.504304 0.187352 -0.87068 -0.454769 0.485867 
1533574572330 0.195909 0.92958 -0.312253 -0.6133 -0.950092 0.258766 0.174256 -0.248415 0.242785 0.26253 0.933881 0.38052 0.31622 -0.384863 0.867113 0.400795 -0.930002 -0.306262 0.203222 -0.504304 0.187352 -0.87068 -0.454769 0.485867 
1533574572428 0.196094 0.929698 -0.311784 -0.613397 -0.950012 0.258898 0.174499 -0.248449 0.242951 0.26198 0.933992 0.380506 0.31622 -0.384863 0.867113 0.400795 -0.930002 -0.306262 0.203222 -0.504304 0.187352 -0.87068 -0.454769 0.485867 
1533574572475 0.196279 0.929815 -0.311317 -0.613493 -0.949931 0.259031 0.174741 -0.248483 0.243118 0.261431 0.934103 0.380492 0.31622 -0.384863 0.867113 0.400795 -0.930002 -0.306262 0.203222 -0.504304 0.187352 -0.87068 -0.454769 0.485867 
1533574572553 0.196464 0.929933 -0.310849 -0.61359 -0.94985 0.259164 0.174984 -0.248516 0.243284 0.260881 0.934213 0.380479 0.31622 -0.384863 0.867113 0.400795 -0.930002 -0.306262 0.203222 -0.504304 0.187352 -0.87068 -0.454769 0.485867 
1533574572601 0.19665 0.93005 -0.310381 -0.613686 -0.949769 0.259297 0.175227 -0.24855 0.24345 0.260332 0.934323 0.380465 0.31622 -0.384863 0.867113 0.400795 -0.930002 -0.306262 0.203222 -0.504304 0.187352 -0.87068 -0.454769 0.485867 
1533574572681 0.196835 0.930167 -0.309913 -0.613782 -0.949688 0.259429 0.17547 -0.248584 0.243616 0.259782 0.934433 0.380451 0.31622 -0.384863 0.867113 0.400795 -0.930002 -0.306262 0.203222 -0.504304 0.187352 -0.87068 -0.454769 0.485867 
1533574572734 0.197021 0.930283 -0.309446 -0.613877 -0.949607 0.259562 0.175712 -0.248617 0.243782 0.259233 0.934542 0.380437 0.31622 -0.384863 0.867113 0.400795 -0.930002 -0.306262 0.203222 -0.504304 0.187352 -0.87068 -0.454769 0.485867 
1533574572741 0.197207 0.930398 -0.30898 -0.61396 -0.949526 0.259694 0.175954 -0.248646 0.243948 0.258685 0.93465 0.380427 0.31622 -0.384863 0.867113 0.400795 -0.930002 -0.306262 0.203222 -0.504304 0.187352 -0.87068 -0.454769 0.485867 
1533574572854 0.197109 0.930217 -0.309586 -0.613796 -0.949632 0.259626 0.175482 -0.248646 0.243613 0.259403 0.934539 0.380485 0.31622 -0.384863 0.867113 0.400795 -0.930002 -0.306262 0.203222 -0.504304 0.187352 -0.87068 -0.454769 0.485867 
1533574572867 0.197113 0.930411 -0.309002 -0.613817 -0.949586 0.259566 0.175816 -0.248704 0.243787 0.258768 0.934669 0.380457 0.31622 -0.384863 0.867113 0.400795 -0.930002 -0.306262 0.203222 -0.504304 0.187352 -0.87068 -0.454769 0.485867 
1533574572873 0.197117 0.930604 -0.308417 -0.613839 -0.949541 0.259507 0.176149 -0.248763 0.243961 0.258133 0.9348 0.38043 0.31622 -0.384863 0.867113 0.400795 -0.930002 -0.306262 0.203222 -0.504304 0.187352 -0.87068 -0.454769 0.485867 
1533574572887 0.197122 0.930797 -0.307831 -0.61386 -0.949495 0.259447 0.176482 -0.248821 0.244135 0.257496 0.93493 0.380402 0.31622 -0.384863 0.867113 0.400795 -0.930002 -0.306262 0.203222 -0.504304 0.187352 -0.87068 -0.454769 0.485867 
1533574573023 0.197126 0.930989 -0.307246 -0.613882 -0.949449 0.259388 0.176816 -0.24888 0.244309 0.25686 0.935059 0.380375 0.31622 -0.384863 0.867113 0.400795 -0.930002 -0.306262 0.203222 -0.504304 0.187352 -0.87068 -0.454769 0.485867 
1533574573069 0.197131 0.931181 -0.306661 -0.613903 -0.949404 0.259328 0.177149 -0.248938 0.244483 0.256223 0.935189 0.380347 0.31622 -0.384863 0.867113 0.400795 -0.930002 -0.306262 0.203222 -0.504304 0.187352 -0.87068 -0.454769 0.485867 
1533574573158 0.197135 0.931373 -0.306075 -0.613925 -0.949358 0.259268 0.177482 -0.248996 0.244657 0.255587 0.935317 0.380319 0.31622 -0.384863 0.867113 0.400795 -0.930002 -0.306262 0.203222 -0.504304 0.187352 -0.87068 -0.454769 0.485867 
1533574573210 0.19714 0.931564 -0.305489 -0.613946 -0.949312 0.259207 0.177815 -0.249055 0.244831 0.25495 0.935445 0.380292 0.31622 -0.384863 0.867113 0.400795 -0.930002 -0.306262 0.203222 -0.504304 0.187352 -0.87068 -0.454769 0.485867 
1533574573299 0.197145 0.931755 -0.304904 -0.613967 -0.949266 0.259147 0.178148 -0.249113 0.245005 0.254314 0.935573 0.380264 0.31622 -0.384863 0.867113 0.400795 -0.930002 -0.306262 0.203222 -0.504304 0.187352 -0.87068 -0.454769 0.485867 
1533574573345 0.197151 0.931945 -0.30432 -0.613978 -0.94922 0.259087 0.178479 -0.249166 0.245178 0.25368 0.9357 0.380241 0.31622 -0.384863 0.867113 0.400795 -0.930002 -0.306262 0.203222 -0.504304 0.187352 -0.87068 -0.454769 0.485867 
1533574573436 0.197092 0.931715 -0.30506 -0.61394 -0.949291 0.259112 0.178067 -0.249053 0.244953 0.254495 0.935538 0.380251 0.31622 -0.384863 0.867113 0.400795 -0.930002 -0.306262 0.203222 -0.504304 0.187352 -0.87068 -0.454769 0.485867 
1533574573450 0.196974 0.93179 -0.304909 -0.613927 -0.949259 0.25903 0.178355 -0.249076 0.245169 0.254306 0.935532 0.380268 0.31622 -0.384863 0.867113 0.400795 -0.930002 -0.306262 0.203222 -0.504304 0.187352 -0.87068 -0.454769 0.485867 
1533574573467 0.196855 0.931864 -0.304757 -0.613915 -0.949228 0.258946 0.178642 -0.2491 0.245386 0.254117 0.935527 0.380285 0.31622 -0.384863 0.867113 0.400795 -0.930002 -0.306262 0.203222 -0.504304 0.187352 -0.87068 -0.454769 0.485867 
1533574573483 0.196737 0.931939 -0.304606 -0.613903 -0.949197 0.258863 0.178929 -0.249123 0.245602 0.253929 0.935521 0.380302 0.31622 -0.384863 0.867113 0.400795 -0.930002 -0.306262 0.203222 -0.504304 0.187352 -0.87068 -0.454769 0.485867 
1533574573500 0.196618 0.932013 -0.304455 -0.613891 -0.949165 0.25878 0.179216 -0.249147 0.245818 0.253741 0.935515 0.380319 0.31622 -0.384863 0.867113 0.400795 -0.930002 -0.306262 0.203222 -0.504304 0.187352 -0.87068 -0.454769 0.485867 
1533574573516 0.1965 0.932088 -0.304303 -0.613879 -0.949134 0.258697 0.179503 -0.24917 0.246035 0.253552 0.93551 0.380336 0.31622 -0.384863 0.867113 0.400795 -0.930002 -0.306262 0.203222 -0.504304 0.187352 -0.87068 -0.454769 0.485867 
1533574573533 0.196381 0.932162 -0.304152 -0.613866 -0.949102 0.258613 0.17979 -0.249194 0.246251 0.253364 0.935504 0.380353 0.31622 -0.384863 0.867113 0.400795 -0.930002 -0.306262 0.203222 -0.504304 0.187352 -0.87068 -0.454769 0.485867 
1533574573591 0.196263 0.932236 -0.304 -0.613854 -0.949071 0.25853 0.180077 -0.249217 0.246467 0.253175 0.935498 0.38037 0.31622 -0.384863 0.867113 0.400795 -0.930002 -0.306262 0.203222 -0.504304 0.187352 -0.87068 -0.454769 0.485867 
1533574573641 0.196144 0.932311 -0.303848 -0.613842 -0.949039 0.258446 0.180364 -0.249241 0.246683 0.252987 0.935492 0.380387 0.31622 -0.384863 0.867113 0.400795 -0.930002 -0.306262 0.203222 -0.504304 0.187352 -0.87068 -0.454769 0.485867 
1533574573658 0.196026 0.932385 -0.303698 -0.613828 -0.949007 0.258363 0.18065 -0.249262 0.246899 0.252799 0.935486 0.380405 0.31622 -0.384863 0.867113 0.400795 -0.930002 -0.306262 0.203222 -0.504304 0.187352 -0.87068 -0.454769 0.485867 
1533574573678 0.196243 0.932106 -0.304413 -0.613907 -0.949156 0.258507 0.179657 -0.2491 0.246153 0.253679 0.935444 0.380361 0.31622 -0.384863 0.867113 0.400795 -0.930002 -0.306262 0.203222 -0.504304 0.187352 -0.87068 -0.454769 0.485867 
1533574573691 0.196222 0.932146 -0.304302 -0.613876 -0.949206 0.258419 0.179523 -0.249101 0.24598 0.253619 0.935506 0.380366 0.31622 -0.384863 0.867113 0.400795 -0.930002 -0.306262 0.203222 -0.504304 0.187352 -0.87068 -0.454769 0.485867 
1533574573708 0.1962 0.932187 -0.304192 -0.613845 -0.949255 0.25833 0.179388 -0.249102 0.245806 0.253559 0.935568 0.38037 0.31622 -0.384863 0.867113 0.400795 -0.930002 -0.306262 0.203222 -0.504304 0.187352 -0.87068 -0.454769 0.485867 
1533574573725 0.196178 0.932228 -0.304081 -0.613814 -0.949305 0.258242 0.179253 -0.249103 0.245631 0.253499 0.93563 0.380375 0.31622 -0.384863 0.867113 0.400795 -0.930002 -0.306262 0.203222 -0.504304 0.187352 -0.87068 -0.454769 0.485867 
1533574573741 0.196156 0.932269 -0.30397 -0.613783 -0.949354 0.258154 0.179118 -0.249105 0.245457 0.25344 0.935692 0.380379 0.31622 -0.384863 0.867113 0.400795 -0.930002 -0.306262 0.203222 -0.504304 0.187352 -0.87068 -0.454769 0.485867 
1533574573758 0.196135 0.93231 -0.303859 -0.613751 -0.949404 0.258065 0.178983 -0.249106 0.245283 0.25338 0.935754 0.380384 0.31622 -0.384863 0.867113 0.400795 -0.930002 -0.306262 0.203222 -0.504304 0.187352 -0.87068 -0.454769 0.485867 
1533574573775 0.196113 0.93235 -0.303748 -0.61372 -0.949453 0.257977 0.178848 -0.249107 0.245109 0.25332 0.935816 0.380389 0.31622 -0.384863 0.867113 0.400795 -0.930002 -0.306262 0.203222 -0.504304 0.187352 -0.87068 -0.454769 0.485867 
1533574573792 0.196091 0.932391 -0.303637 -0.613689 -0.949503 0.257888 0.178713 -0.249108 0.244935 0.25326 0.935877 0.380393 0.31622 -0.384863 0.867113 0.400795 -0.930002 -0.306262 0.203222 -0.504304 0.187352 -0.87068 -0.454769 0.485867 
1533574573808 0.196069 0.932432 -0.303526 -0.613658 -0.949552 0.2578 0.178578 -0.249109 0.244761 0.2532 0.935939 0.380398 0.31622 -0.384863 0.867113 0.400795 -0.930002 -0.306262 0.203222 -0.504304 0.187352 -0.87068 -0.454769 0.485867 
1533574573825 0.196048 0.932472 -0.303415 -0.613628 -0.949601 0.257712 0.178443 -0.249111 0.244587 0.25314 0.936001 0.380402 0.31622 -0.384863 0.867113 0.400795 -0.930002 -0.306262 0.203222 -0.504304 0.187352 -0.87068 -0.454769 0.485867 
1533574573845 0.195927 0.932376 -0.303789 -0.613781 -0.949222 0.258087 0.179916 -0.249171 0.246153 0.253112 0.935598 0.380378 0.31622 -0.384863 0.867113 0.400795 -0.930002 -0.306262 0.203222 -0.504304 0.187352 -0.87068 -0.454769 0.485867 
1533574573858 0.195591 0.932337 -0.304124 -0.613716 -0.949254 0.257872 0.180051 -0.249311 0.246293 0.253475 0.935462 0.380421 0.31622 -0.384863 0.867113 0.400795 -0.930002 -0.306262 0.203222 -0.504304 0.187352 -0.87068 -0.454769 0.485867 
1533574573875 0.195256 0.932297 -0.304461 -0.613651 -0.949287 0.257658 0.180186 -0.249451 0.246433 0.253839 0.935327 0.380464 0.31622 -0.384863 0.867113 0.400795 -0.930002 -0.306262 0.203222 -0.504304 0.187352 -0.87068 -0.454769 0.485867 
1533574573985 0.194921 0.932257 -0.304799 -0.613585 -0.949319 0.257443 0.180321 -0.24959 0.246574 0.254203 0.935191 0.380507 0.31622 -0.384863 0.867113 0.400795 -0.930002 -0.306262 0.203222 -0.504304 0.187352 -0.87068 -0.454769 0.485867 
1533574574013 0.194585 0.932217 -0.305135 -0.61352 -0.949352 0.257229 0.180456 -0.24973 0.246714 0.254567 0.935055 0.38055 0.31622 -0.384863 0.867113 0.400795 -0.930002 -0.306262 0.203222 -0.504304 0.187352 -0.87068 -0.454769 0.485867 
1533574574057 0.19425 0.932177 -0.305472 -0.613455 -0.949384 0.257015 0.180591 -0.24987 0.246853 0.254931 0.934919 0.380592 0.31622 -0.384863 0.867113 0.400795 -0.930002 -0.306262 0.203222 -0.504304 0.187352 -0.87068 -0.454769 0.485867 
1533574574119 0.193915 0.932136 -0.305809 -0.613389 -0.949416 0.256801 0.180726 -0.25001 0.246993 0.255294 0.934783 0.380635 0.31622 -0.384863 0.867113 0.400795 -0.930002 -0.306262 0.203222 -0.504304 0.187352 -0.87068 -0.454769 0.485867 
1533574574152 0.193579 0.932096 -0.306145 -0.613324 -0.949449 0.256587 0.180861 -0.25015 0.247133 0.255658 0.934647 0.380678 0.31622 -0.384863 0.867113 0.400795 -0.930002 -0.306262 0.203222 -0.504304 0.187352 -0.87068 -0.454769 0.485867 
1533574574205 0.193244 0.932055 -0.306481 -0.613259 -0.949481 0.256373 0.180996 -0.250289 0.247272 0.256022 0.93451 0.380721 0.31622 -0.384863 0.867113 0.400795 -0.930002 -0.306262 0.203222 -0.504304 0.187352 -0.87068 -0.454769 0.485867 
1533574574258 0.192909 0.932014 -0.306817 -0.613201 -0.949513 0.256159 0.181131 -0.250428 0.24741 0.256385 0.934374 0.380762 0.31622 -0.384863 0.867113 0.400795 -0.930002 -0.306262 0.203222 -0.504304 0.187352 -0.87068 -0.454769 0.485867 
1533574574310 0.193702 0.932047 -0.306215 -0.613275 -0.949441 0.256698 0.180742 -0.250275 0.247064 0.255723 0.934647 0.380675 0.31622 -0.384863 0.867113 0.400795 -0.930002 -0.306262 0.203222 -0.504304 0.187352 -0.87068 -0.454769 0.485867 
1533574574324 0.193285 0.932099 -0.306322 -0.613222 -0.949579 0.25627 0.180627 -0.25041 0.246863 0.255964 0.934634 0.380657 0.31622 -0.384863 0.867113 0.400795 -0.930002 -0.306262 0.203222 -0.504304 0.187352 -0.87068 -0.454769 0.485867 
1533574574340 0.192864 0.932147 -0.306441 -0.613164 -0.949716 0.255842 0.180512 -0.250557 0.246664 0.256218 0.934617 0.380642 0.31622 -0.384863 0.867113 0.400795 -0.930002 -0.306262 0.203222 -0.504304 0.187352 -0.87068 -0.454769 0.485867 
1533574574357 0.192441 0.932195 -0.30656 -0.613106 -0.949853 0.255412 0.180399 -0.250705 0.246466 0.25647 0.9346 0.380626 0.31622 -0.384863 0.867113 0.400795 -0.930002 -0.306262 0.203222 -0.504304 0.187352 -0.87068 -0.454769 0.485867 
1533574574432 0.19202 0.932243 -0.306679 -0.613048 -0.94999 0.254983 0.180285 -0.250852 0.246267 0.256723 0.934583 0.38061 0.31622 -0.384863 0.867113 0.400795 -0.930002 -0.306262 0.203222 -0.504304 0.187352 -0.87068 -0.454769 0.485867 
1533574574498 0.191598 0.93229 -0.306798 -0.612989 -0.950127 0.254554 0.180171 -0.250999 0.246068 0.256976 0.934566 0.380595 0.31622 -0.384863 0.867113 0.400795 -0.930002 -0.306262 0.203222 -0.504304 0.187352 -0.87068 -0.454769 0.485867 
1533574574540 0.191176 0.932338 -0.306917 -0.612931 -0.950263 0.254125 0.180057 -0.251147 0.245869 0.257229 0.934549 0.380579 0.31622 -0.384863 0.867113 0.400795 -0.930002 -0.306262 0.203222 -0.504304 0.187352 -0.87068 -0.454769 0.485867 
1533574574618 0.190754 0.932385 -0.307036 -0.612873 -0.9504 0.253695 0.179943 -0.251294 0.245669 0.257482 0.934532 0.380563 0.31622 -0.384863 0.867113 0.400795 -0.930002 -0.306262 0.203222 -0.504304 0.187352 -0.87068 -0.454769 0.485867 
1533574574661 0.190333 0.932432 -0.307155 -0.612815 -0.950536 0.253266 0.179829 -0.251441 0.24547 0.257734 0.934515 0.380547 0.31622 -0.384863 0.867113 0.400795 -0.930002 -0.306262 0.203222 -0.504304 0.187352 -0.87068 -0.454769 0.485867 
1533574574737 0.189912 0.932479 -0.307273 -0.61276 -0.950671 0.252837 0.179715 -0.251586 0.24527 0.257986 0.934498 0.380532 0.31622 -0.384863 0.867113 0.400795 -0.930002 -0.306262 0.203222 -0.504304 0.187352 -0.87068 -0.454769 0.485867 
1533574574789 0.190626 0.932429 -0.30698 -0.61282 -0.95048 0.253506 0.179783 -0.251393 0.245457 0.257507 0.934581 0.380549 0.31622 -0.384863 0.867113 0.400795 -0.930002 -0.306262 0.203222 -0.504304 0.187352 -0.87068 -0.454769 0.485867 
1533574574803 0.190506 0.93243 -0.307053 -0.612739 -0.950449 0.253464 0.180006 -0.251528 0.24567 0.257547 0.934514 0.380498 0.31622 -0.384863 0.867113 0.400795 -0.930002 -0.306262 0.203222 -0.504304 0.187352 -0.87068 -0.454769 0.485867 
1533574574819 0.190386 0.93243 -0.307128 -0.612658 -0.950418 0.253423 0.180228 -0.251664 0.245883 0.257587 0.934447 0.380448 0.31622 -0.384863 0.867113 0.400795 -0.930002 -0.306262 0.203222 -0.504304 0.187352 -0.87068 -0.454769 0.485867 
1533574574836 0.190266 0.93243 -0.307201 -0.612577 -0.950387 0.253382 0.180451 -0.251799 0.246097 0.257626 0.934379 0.380397 0.31622 -0.384863 0.867113 0.400795 -0.930002 -0.306262 0.203222 -0.504304 0.187352 -0.87068 -0.454769 0.485867 
1533574574853 0.190145 0.932431 -0.307275 -0.612496 -0.950356 0.25334 0.180673 -0.251935 0.246311 0.257666 0.934312 0.380346 0.31622 -0.384863 0.867113 0.400795 -0.930002 -0.306262 0.203222 -0.504304 0.187352 -0.87068 -0.454769 0.485867 
1533574574907 0.190025 0.932431 -0.307349 -0.612415 -0.950324 0.253299 0.180896 -0.25207 0.246524 0.257706 0.934245 0.380296 0.31622 -0.384863 0.867113 0.400795 -0.930002 -0.306262 0.203222 -0.504304 0.187352 -0.87068 -0.454769 0.485867 
1533574574956 0.189905 0.932431 -0.307423 -0.612335 -0.950293 0.253258 0.181118 -0.252206 0.246738 0.257746 0.934177 0.380245 0.31622 -0.384863 0.867113 0.400795 -0.930002 -0.306262 0.203222 -0.504304 0.187352 -0.87068 -0.454769 0.485867 
1533574574983 0.189785 0.932431 -0.307496 -0.612254 -0.950262 0.253216 0.181341 -0.252341 0.246951 0.257786 0.93411 0.380194 0.31622 -0.384863 0.867113 0.400795 -0.930002 -0.306262 0.203222 -0.504304 0.187352 -0.87068 -0.454769 0.485867 
1533574574990 0.189665 0.932431 -0.30757 -0.612173 -0.95023 0.253175 0.181563 -0.252477 0.247164 0.257826 0.934043 0.380143 0.31622 -0.384863 0.867113 0.400795 -0.930002 -0.306262 0.203222 -0.504304 0.187352 -0.87068 -0.454769 0.485867 
1533574575055 0.189545 0.932431 -0.307643 -0.612097 -0.950199 0.253134 0.181785 -0.25261 0.247377 0.257866 0.933975 0.380094 0.31622 -0.384863 0.867113 0.400795 -0.930002 -0.306262 0.203222 -0.504304 0.187352 -0.87068 -0.454769 0.485867 
1533574575100 0.19008 0.932345 -0.307574 -0.612255 -0.950239 0.253472 0.181102 -0.252427 0.246811 0.257845 0.934131 0.380122 0.31622 -0.384863 0.867113 0.400795 -0.930002 -0.306262 0.203222 -0.504304 0.187352 -0.87068 -0.454769 0.485867 
1533574575113 0.189974 0.932378 -0.30754 -0.612115 -0.950152 0.253478 0.18155 -0.25251 0.247228 0.25772 0.934055 0.380064 0.31622 -0.384863 0.867113 0.400795 -0.930002 -0.306262 0.203222 -0.504304 0.187352 -0.87068 -0.454769 0.485867 
1533574575120 0.189867 0.932411 -0.307505 -0.611976 -0.950065 0.253484 0.181998 -0.252592 0.247644 0.257594 0.933979 0.380006 0.31622 -0.384863 0.867113 0.400795 -0.930002 -0.306262 0.203222 -0.504304 0.187352 -0.87068 -0.454769 0.485867 
1533574575134 0.189761 0.932445 -0.30747 -0.611835 -0.949977 0.25349 0.182446 -0.252674 0.248061 0.257468 0.933904 0.379948 0.31622 -0.384863 0.867113 0.400795 -0.930002 -0.306262 0.203222 -0.504304 0.187352 -0.87068 -0.454769 0.485867 
1533574575150 0.189655 0.932478 -0.307435 -0.611696 -0.949889 0.253495 0.182894 -0.252757 0.248478 0.257342 0.933827 0.37989 0.31622 -0.384863 0.867113 0.400795 -0.930002 -0.306262 0.203222 -0.504304 0.187352 -0.87068 -0.454769 0.485867 
1533574575231 0.189547 0.932511 -0.3074 -0.611556 -0.949802 0.2535 0.183342 -0.252839 0.248895 0.257217 0.933751 0.379832 0.31622 -0.384863 0.867113 0.400795 -0.930002 -0.306262 0.203222 -0.504304 0.187352 -0.87068 -0.454769 0.485867 
1533574575264 0.189441 0.932544 -0.307365 -0.611416 -0.949714 0.253505 0.183791 -0.252921 0.249311 0.257091 0.933674 0.379774 0.31622 -0.384863 0.867113 0.400795 -0.930002 -0.306262 0.203222 -0.504304 0.187352 -0.87068 -0.454769 0.485867 
1533574575295 0.189334 0.932578 -0.30733 -0.611276 -0.949625 0.253511 0.184238 -0.253004 0.249728 0.256965 0.933598 0.379716 0.31622 -0.384863 0.867113 0.400795 -0.930002 -0.306262 0.203222 -0.504304 0.187352 -0.87068 -0.454769 0.485867 
