1533738667094 0.0997734 0.632714 -0.767931 -0.509623 -0.94574 0.300155 0.124429 -0.19599 0.309227 0.713849 0.62833 0.432191 0.16008 -0.304787 0.938871 0.370831 -0.775623 0.549475 0.310623 -0.528794 -0.61056 -0.777934 -0.14844 0.432481 
1533738667106 0.112086 0.655002 -0.747268 -0.518552 -0.946148 0.300188 0.121206 -0.19444 0.303711 0.693441 0.653375 0.427782 0.316223 -0.384865 0.867111 0.400804 -0.930002 -0.306261 0.203225 -0.504321 0.187348 -0.87068 -0.454772 0.485875 
1533738668033 0.124195 0.676632 -0.725772 -0.527492 -0.946514 0.300308 0.118006 -0.192947 0.297802 0.672298 0.677739 0.423335 0.316223 -0.384865 0.867111 0.400804 -0.930002 -0.306261 0.203225 -0.504321 0.187348 -0.87068 -0.454772 0.485875 
1533738668945 0.136082 0.697586 -0.70346 -0.536455 -0.946839 0.300512 0.11484 -0.191532 0.291509 0.650435 0.701396 0.418838 0.316223 -0.384865 0.867111 0.400804 -0.930002 -0.306261 0.203225 -0.504321 0.187348 -0.87068 -0.454772 0.485875 
1533738669824 0.147738 0.717833 -0.68036 -0.54544 -0.947122 0.300801 0.111704 -0.190175 0.284838 0.627881 0.724316 0.414302 0.316223 -0.384865 0.867111 0.400804 -0.930002 -0.306261 0.203225 -0.504321 0.187348 -0.87068 -0.454772 0.485875 
1533738670661 0.159162 0.737337 -0.656507 -0.554437 -0.947365 0.30118 0.108585 -0.188841 0.27779 0.604669 0.746463 0.409752 0.316223 -0.384865 0.867111 0.400804 -0.930002 -0.306261 0.203225 -0.504321 0.187348 -0.87068 -0.454772 0.485875 
1533738671458 0.17035 0.756067 -0.631936 -0.563438 -0.947565 0.301654 0.105473 -0.187502 0.270371 0.580834 0.76781 0.405205 0.316223 -0.384865 0.867111 0.400804 -0.930002 -0.306261 0.203225 -0.504321 0.187348 -0.87068 -0.454772 0.485875 
1533738672224 0.181294 0.774 -0.606677 -0.572435 -0.947724 0.302225 0.102369 -0.186148 0.262587 0.556403 0.78833 0.400669 0.316223 -0.384865 0.867111 0.400804 -0.930002 -0.306261 0.203225 -0.504321 0.187348 -0.87068 -0.454772 0.485875 
1533738672949 0.191982 0.791117 -0.580756 -0.581429 -0.94784 0.302893 0.0992757 -0.18478 0.254445 0.531404 0.808002 0.396142 0.316223 -0.384865 0.867111 0.400804 -0.930002 -0.306261 0.203225 -0.504321 0.187348 -0.87068 -0.454772 0.485875 
1533738673653 0.202834 0.806968 -0.554673 -0.589069 -0.947858 0.303999 0.0956589 -0.182052 0.245813 0.506348 0.826552 0.392453 0.316334 -0.384956 0.867031 0.401168 -0.929993 -0.306204 0.203353 -0.504979 0.187206 -0.87066 -0.454869 0.486184 
1533738674353 0.203101 0.806538 -0.555199 -0.588827 -0.947627 0.304642 0.0958961 -0.182177 0.246481 0.506645 0.826171 0.39273 0.316334 -0.384956 0.867031 0.401168 -0.929993 -0.306204 0.203353 -0.504979 0.187206 -0.87066 -0.454869 0.486184 
1533738674367 0.204062 0.808208 -0.552412 -0.589883 -0.947659 0.304628 0.0956208 -0.182159 0.245562 0.503986 0.828069 0.392169 0.31622 -0.384863 0.867113 0.400797 -0.930002 -0.306262 0.203222 -0.504307 0.187351 -0.87068 -0.45477 0.485868 
1533738674613 0.205018 0.80987 -0.549617 -0.590944 -0.947692 0.304614 0.0953465 -0.182146 0.244639 0.501319 0.829958 0.391605 0.31622 -0.384863 0.867113 0.400796 -0.930002 -0.306262 0.203222 -0.504306 0.187351 -0.87068 -0.454769 0.485868 
1533738674857 0.20597 0.811523 -0.546815 -0.592007 -0.947724 0.304599 0.0950725 -0.182134 0.243713 0.498647 0.831838 0.39104 0.316221 -0.384863 0.867113 0.400795 -0.930002 -0.306262 0.203223 -0.504305 0.187351 -0.87068 -0.45477 0.485867 
1533738675099 0.20692 0.813167 -0.544007 -0.593067 -0.947755 0.304587 0.0947975 -0.18212 0.242783 0.49597 0.833709 0.390477 0.316221 -0.384863 0.867113 0.400795 -0.930002 -0.306262 0.203223 -0.504305 0.187351 -0.87068 -0.45477 0.485867 
1533738675346 0.207866 0.814802 -0.541192 -0.594128 -0.947787 0.304574 0.0945231 -0.182107 0.241851 0.493287 0.835569 0.389912 0.31622 -0.384863 0.867113 0.400795 -0.930002 -0.306262 0.203222 -0.504305 0.187352 -0.87068 -0.454769 0.485867 
1533738675601 0.208809 0.816428 -0.538372 -0.595189 -0.947818 0.304563 0.0942482 -0.182093 0.240915 0.490599 0.83742 0.389349 0.31622 -0.384863 0.867113 0.400795 -0.930002 -0.306262 0.203222 -0.504305 0.187352 -0.87068 -0.454769 0.485867 
1533738675846 0.209749 0.818045 -0.535545 -0.596251 -0.947848 0.304553 0.0939737 -0.18208 0.239976 0.487904 0.839262 0.388784 0.31622 -0.384863 0.867113 0.400795 -0.930002 -0.306262 0.203222 -0.504304 0.187352 -0.87068 -0.454769 0.485867 
1533738676093 0.210686 0.819652 -0.532712 -0.597311 -0.947879 0.304543 0.0936987 -0.182067 0.239034 0.485205 0.841094 0.38822 0.31622 -0.384863 0.867113 0.400795 -0.930002 -0.306262 0.203222 -0.504304 0.187352 -0.87068 -0.454769 0.485867 
1533738676340 0.21162 0.82125 -0.529872 -0.598372 -0.947909 0.304535 0.0934237 -0.182053 0.238089 0.4825 0.842916 0.387656 0.31622 -0.384863 0.867113 0.400795 -0.930002 -0.306262 0.203222 -0.504304 0.187352 -0.87068 -0.454769 0.485867 
1533738676605 0.211697 0.820855 -0.530454 -0.598116 -0.947882 0.304686 0.0932014 -0.182191 0.238127 0.483078 0.842574 0.387768 0.31622 -0.384863 0.867113 0.400795 -0.930002 -0.306262 0.203222 -0.504304 0.187352 -0.87068 -0.454769 0.485867 
1533738676616 0.212513 0.821009 -0.529889 -0.59822 -0.947812 0.305091 0.0925848 -0.182179 0.237677 0.48256 0.842998 0.387602 0.31622 -0.384863 0.867113 0.400795 -0.930002 -0.306262 0.203222 -0.504304 0.187351 -0.87068 -0.454769 0.485867 
1533738676633 0.213328 0.821164 -0.529322 -0.598329 -0.947742 0.305495 0.0919697 -0.18217 0.237227 0.482041 0.843422 0.387435 0.31622 -0.384863 0.867113 0.400795 -0.930002 -0.306262 0.203222 -0.504304 0.187351 -0.87068 -0.454769 0.485867 
1533738676756 0.214142 0.821317 -0.528754 -0.598438 -0.947671 0.305899 0.0913549 -0.182162 0.236777 0.481522 0.843844 0.387267 0.31622 -0.384863 0.867113 0.400795 -0.930002 -0.306262 0.203222 -0.504304 0.187351 -0.87068 -0.454769 0.485867 
1533738676833 0.214956 0.821471 -0.528186 -0.598547 -0.947599 0.306304 0.0907404 -0.182153 0.236326 0.481003 0.844267 0.3871 0.31622 -0.384863 0.867113 0.400795 -0.930002 -0.306262 0.203222 -0.504304 0.187351 -0.87068 -0.454769 0.485867 
1533738676922 0.215769 0.821623 -0.527616 -0.598657 -0.947527 0.306709 0.0901263 -0.182145 0.235874 0.480484 0.844688 0.386932 0.31622 -0.384863 0.867113 0.400795 -0.930002 -0.306262 0.203222 -0.504304 0.187351 -0.87068 -0.454769 0.485867 
1533738677006 0.216582 0.821775 -0.527046 -0.598765 -0.947454 0.307114 0.0895121 -0.182135 0.235422 0.479965 0.845109 0.386765 0.31622 -0.384863 0.867113 0.400795 -0.930002 -0.306262 0.203222 -0.504304 0.187351 -0.87068 -0.454769 0.485867 
1533738677091 0.217395 0.821926 -0.526476 -0.598873 -0.94738 0.30752 0.0888982 -0.182126 0.234969 0.479447 0.84553 0.386598 0.31622 -0.384863 0.867113 0.400795 -0.930002 -0.306262 0.203222 -0.504304 0.187351 -0.87068 -0.454769 0.485867 
1533738677170 0.218207 0.822077 -0.525904 -0.598983 -0.947306 0.307925 0.088285 -0.182118 0.234516 0.478927 0.84595 0.38643 0.31622 -0.384863 0.867113 0.400795 -0.930002 -0.306262 0.203222 -0.504304 0.187351 -0.87068 -0.454769 0.485867 
1533738677253 0.219019 0.822227 -0.525332 -0.599091 -0.94723 0.308331 0.0876716 -0.182109 0.234062 0.478409 0.846369 0.386263 0.31622 -0.384863 0.867113 0.400795 -0.930002 -0.306262 0.203222 -0.504304 0.187351 -0.87068 -0.454769 0.485867 
1533738677346 0.21815 0.822059 -0.525956 -0.598968 -0.947344 0.30783 0.0882029 -0.182164 0.234413 0.47902 0.845926 0.386428 0.31622 -0.384863 0.867113 0.400795 -0.930002 -0.306262 0.203222 -0.504304 0.187351 -0.87068 -0.454769 0.485867 
1533738677360 0.218491 0.822045 -0.525836 -0.59901 -0.947259 0.308123 0.0880954 -0.182184 0.234441 0.478855 0.846011 0.386376 0.31622 -0.384863 0.867113 0.400795 -0.930002 -0.306262 0.203222 -0.504304 0.187351 -0.87068 -0.454769 0.485867 
1533738677373 0.21883 0.822032 -0.525716 -0.599057 -0.947174 0.308414 0.0879881 -0.182205 0.234467 0.47869 0.846097 0.386323 0.31622 -0.384863 0.867113 0.400795 -0.930002 -0.306262 0.203222 -0.504304 0.187351 -0.87068 -0.454769 0.485867 
1533738677390 0.219168 0.822019 -0.525595 -0.599104 -0.947089 0.308706 0.087881 -0.182226 0.234494 0.478525 0.846183 0.38627 0.31622 -0.384863 0.867113 0.400795 -0.930002 -0.306262 0.203222 -0.504304 0.187351 -0.87068 -0.454769 0.485867 
1533738677407 0.219507 0.822005 -0.525475 -0.599151 -0.947004 0.308997 0.0877741 -0.182248 0.234521 0.47836 0.846269 0.386216 0.31622 -0.384863 0.867113 0.400795 -0.930002 -0.306262 0.203222 -0.504304 0.187351 -0.87068 -0.454769 0.485867 
1533738677424 0.219846 0.821992 -0.525354 -0.599199 -0.946919 0.309288 0.0876673 -0.18227 0.234548 0.478195 0.846355 0.386163 0.31622 -0.384863 0.867113 0.400795 -0.930002 -0.306262 0.203222 -0.504304 0.187351 -0.87068 -0.454769 0.485867 
1533738677440 0.220184 0.821978 -0.525234 -0.599245 -0.946834 0.30958 0.0875603 -0.182292 0.234574 0.47803 0.846441 0.386109 0.31622 -0.384863 0.867113 0.400795 -0.930002 -0.306262 0.203222 -0.504304 0.187351 -0.87068 -0.454769 0.485867 
1533738677457 0.220523 0.821965 -0.525113 -0.599293 -0.946748 0.309871 0.0874537 -0.182314 0.234601 0.477864 0.846527 0.386056 0.31622 -0.384863 0.867113 0.400795 -0.930002 -0.306262 0.203222 -0.504304 0.187351 -0.87068 -0.454769 0.485867 
1533738677570 0.220862 0.821951 -0.524992 -0.59934 -0.946663 0.310162 0.0873468 -0.182335 0.234627 0.477699 0.846613 0.386003 0.31622 -0.384863 0.867113 0.400795 -0.930002 -0.306262 0.203222 -0.504304 0.187351 -0.87068 -0.454769 0.485867 
1533738677586 0.2212 0.821937 -0.524872 -0.599386 -0.946577 0.310453 0.0872399 -0.182357 0.234654 0.477534 0.846699 0.385949 0.31622 -0.384863 0.867113 0.400795 -0.930002 -0.306262 0.203222 -0.504304 0.187351 -0.87068 -0.454769 0.485867 
1533738677614 0.220384 0.821978 -0.525151 -0.599217 -0.946749 0.30982 0.0876256 -0.182343 0.234728 0.477875 0.846486 0.386195 0.31622 -0.384863 0.867113 0.400795 -0.930002 -0.306262 0.203222 -0.504304 0.187351 -0.87068 -0.454769 0.485867 
1533738677626 0.220719 0.822084 -0.524843 -0.599255 -0.946709 0.309998 0.0874308 -0.18235 0.234576 0.477576 0.846697 0.386137 0.31622 -0.384863 0.867113 0.400795 -0.930002 -0.306262 0.203222 -0.504304 0.187351 -0.87068 -0.45477 0.485867 
1533738677643 0.221054 0.822192 -0.524534 -0.599298 -0.946669 0.310175 0.0872361 -0.182361 0.234422 0.477276 0.846908 0.386078 0.31622 -0.384863 0.867113 0.400795 -0.930002 -0.306262 0.203222 -0.504304 0.187351 -0.87068 -0.45477 0.485867 
1533738677660 0.221389 0.822298 -0.524225 -0.59934 -0.946628 0.310352 0.0870414 -0.182371 0.234269 0.476977 0.84712 0.386018 0.31622 -0.384863 0.867113 0.400795 -0.930002 -0.306262 0.203222 -0.504304 0.187351 -0.87068 -0.45477 0.485867 
1533738677676 0.221723 0.822405 -0.523916 -0.599383 -0.946588 0.310529 0.0868469 -0.182382 0.234115 0.476677 0.847331 0.385958 0.31622 -0.384863 0.867113 0.400795 -0.930002 -0.306262 0.203222 -0.504304 0.187351 -0.87068 -0.45477 0.485867 
1533738677753 0.222058 0.822512 -0.523607 -0.599426 -0.946548 0.310707 0.0866526 -0.182393 0.233961 0.476377 0.847542 0.385898 0.31622 -0.384863 0.867113 0.400795 -0.930002 -0.306262 0.203222 -0.504304 0.187351 -0.87068 -0.45477 0.485867 
1533738677788 0.222392 0.822619 -0.523298 -0.599468 -0.946507 0.310884 0.086458 -0.182403 0.233807 0.476077 0.847753 0.385839 0.31622 -0.384863 0.867113 0.400795 -0.930002 -0.306262 0.203222 -0.504304 0.187351 -0.87068 -0.45477 0.485867 
1533738677823 0.222726 0.822725 -0.522988 -0.599511 -0.946467 0.311061 0.0862639 -0.182414 0.233653 0.475777 0.847964 0.385779 0.31622 -0.384863 0.867113 0.400795 -0.930002 -0.306262 0.203222 -0.504304 0.187351 -0.87068 -0.45477 0.485867 
1533738677885 0.223061 0.822831 -0.522678 -0.599553 -0.946426 0.311239 0.0860694 -0.182424 0.233499 0.475478 0.848174 0.385719 0.31622 -0.384863 0.867113 0.400795 -0.930002 -0.306262 0.203222 -0.504304 0.187351 -0.87068 -0.45477 0.485867 
1533738677926 0.223395 0.822937 -0.522369 -0.599595 -0.946385 0.311417 0.0858751 -0.182435 0.233344 0.475178 0.848384 0.38566 0.31622 -0.384863 0.867113 0.400795 -0.930002 -0.306262 0.203222 -0.504304 0.187351 -0.87068 -0.45477 0.485867 
1533738677968 0.222633 0.822707 -0.523056 -0.59946 -0.94651 0.310946 0.0862106 -0.182447 0.233568 0.475884 0.847927 0.385784 0.31622 -0.384863 0.867113 0.400795 -0.930002 -0.306262 0.203222 -0.504304 0.187351 -0.87068 -0.45477 0.485867 
1533738677981 0.222646 0.822767 -0.522956 -0.599472 -0.946507 0.310946 0.0862415 -0.182457 0.233568 0.47578 0.847985 0.38579 0.31622 -0.384863 0.867113 0.400795 -0.930002 -0.306262 0.203222 -0.504304 0.187351 -0.87068 -0.45477 0.485867 
1533738677997 0.222658 0.822828 -0.522854 -0.599489 -0.946504 0.310946 0.0862734 -0.182471 0.233568 0.475674 0.848045 0.385795 0.31622 -0.384863 0.867113 0.400795 -0.930002 -0.306262 0.203222 -0.504304 0.187351 -0.87068 -0.45477 0.485867 
1533738678014 0.22267 0.82289 -0.522753 -0.599506 -0.946501 0.310946 0.0863052 -0.182484 0.233567 0.475568 0.848104 0.385799 0.31622 -0.384863 0.867113 0.400795 -0.930002 -0.306262 0.203222 -0.504304 0.187351 -0.87068 -0.45477 0.485867 
1533738678030 0.222682 0.822951 -0.522651 -0.599522 -0.946498 0.310945 0.0863371 -0.182498 0.233567 0.475462 0.848164 0.385803 0.31622 -0.384863 0.867113 0.400795 -0.930002 -0.306262 0.203222 -0.504304 0.187351 -0.87068 -0.45477 0.485867 
1533738678047 0.222695 0.823012 -0.52255 -0.599538 -0.946495 0.310945 0.0863686 -0.18251 0.233567 0.475357 0.848223 0.385808 0.31622 -0.384863 0.867113 0.400795 -0.930002 -0.306262 0.203222 -0.504304 0.187351 -0.87068 -0.45477 0.485867 
1533738678064 0.222707 0.823074 -0.522448 -0.599556 -0.946493 0.310945 0.0864007 -0.182524 0.233566 0.475251 0.848283 0.385812 0.31622 -0.384863 0.867113 0.400795 -0.930002 -0.306262 0.203222 -0.504304 0.187351 -0.87068 -0.45477 0.485867 
1533738678080 0.222719 0.823135 -0.522346 -0.599572 -0.94649 0.310944 0.0864324 -0.182537 0.233566 0.475145 0.848342 0.385817 0.31622 -0.384863 0.867113 0.400795 -0.930002 -0.306262 0.203222 -0.504304 0.187351 -0.87068 -0.45477 0.485867 
1533738678107 0.222731 0.823196 -0.522244 -0.599589 -0.946487 0.310944 0.0864645 -0.182552 0.233566 0.475039 0.848401 0.38582 0.31622 -0.384863 0.867113 0.400795 -0.930002 -0.306262 0.203222 -0.504304 0.187351 -0.87068 -0.45477 0.485867 
1533738678142 0.222744 0.823257 -0.522142 -0.599605 -0.946484 0.310944 0.0864962 -0.182565 0.233566 0.474933 0.848461 0.385825 0.31622 -0.384863 0.867113 0.400795 -0.930002 -0.306262 0.203222 -0.504304 0.187351 -0.87068 -0.45477 0.485867 
1533738678170 0.222911 0.822919 -0.522605 -0.59956 -0.946438 0.311149 0.0862594 -0.182487 0.233593 0.475385 0.8482 0.385777 0.31622 -0.384863 0.867113 0.400795 -0.930002 -0.306262 0.203222 -0.504304 0.187351 -0.87068 -0.45477 0.485867 
1533738678182 0.223085 0.822909 -0.522546 -0.599571 -0.946488 0.311108 0.0858605 -0.182461 0.233224 0.47543 0.848277 0.385766 0.31622 -0.384863 0.867113 0.400795 -0.930002 -0.306262 0.203222 -0.504304 0.187351 -0.87068 -0.45477 0.485867 
1533738678199 0.22326 0.822897 -0.522489 -0.599579 -0.946538 0.311067 0.0854591 -0.182432 0.232853 0.475476 0.848352 0.385758 0.31622 -0.384863 0.867113 0.400795 -0.930002 -0.306262 0.203222 -0.504304 0.187351 -0.87068 -0.45477 0.485867 
1533738678320 0.223436 0.822886 -0.522432 -0.599587 -0.946588 0.311026 0.0850578 -0.182403 0.232483 0.475523 0.848428 0.385749 0.31622 -0.384863 0.867113 0.400795 -0.930002 -0.306262 0.203222 -0.504304 0.187351 -0.87068 -0.45477 0.485867 
1533738678336 0.223611 0.822874 -0.522375 -0.599595 -0.946637 0.310984 0.0846564 -0.182373 0.232112 0.475569 0.848503 0.38574 0.31622 -0.384863 0.867113 0.400795 -0.930002 -0.306262 0.203222 -0.504304 0.187351 -0.87068 -0.45477 0.485867 
1533738678353 0.223787 0.822863 -0.522317 -0.599604 -0.946687 0.310943 0.0842553 -0.182344 0.231742 0.475616 0.848579 0.385731 0.31622 -0.384863 0.867113 0.400795 -0.930002 -0.306262 0.203222 -0.504304 0.187351 -0.87068 -0.45477 0.485867 
1533738678416 0.223962 0.822852 -0.52226 -0.599611 -0.946736 0.310902 0.0838536 -0.182315 0.231371 0.475662 0.848653 0.385723 0.31622 -0.384863 0.867113 0.400795 -0.930002 -0.306262 0.203222 -0.504304 0.187351 -0.87068 -0.45477 0.485867 
1533738678448 0.224137 0.822841 -0.522203 -0.599619 -0.946785 0.310861 0.0834524 -0.182286 0.231 0.475709 0.848728 0.385714 0.31622 -0.384863 0.867113 0.400795 -0.930002 -0.306262 0.203222 -0.504304 0.187351 -0.87068 -0.45477 0.485867 
1533738678455 0.224313 0.822829 -0.522146 -0.599626 -0.946833 0.31082 0.0830507 -0.182256 0.23063 0.475756 0.848803 0.385706 0.31622 -0.384863 0.867113 0.400795 -0.930002 -0.306262 0.203222 -0.504304 0.187351 -0.87068 -0.45477 0.485867 
1533738678502 0.224488 0.822818 -0.522088 -0.599635 -0.946882 0.310778 0.0826494 -0.182227 0.230259 0.475802 0.848878 0.385697 0.31622 -0.384863 0.867113 0.400795 -0.930002 -0.306262 0.203222 -0.504304 0.187351 -0.87068 -0.45477 0.485867 
1533738678552 0.223889 0.822835 -0.522318 -0.599643 -0.946725 0.310902 0.0839719 -0.182223 0.231485 0.475691 0.848606 0.385673 0.31622 -0.384863 0.867113 0.400795 -0.930002 -0.306262 0.203222 -0.504304 0.187351 -0.87068 -0.45477 0.485867 
1533738678558 0.224022 0.822971 -0.522046 -0.599649 -0.946751 0.310871 0.0837954 -0.182205 0.23125 0.475476 0.848791 0.385647 0.31622 -0.384863 0.867113 0.400795 -0.930002 -0.306262 0.203222 -0.504304 0.187351 -0.87068 -0.45477 0.485867 
1533738678565 0.224153 0.823108 -0.521774 -0.59966 -0.946777 0.310838 0.083619 -0.182191 0.231015 0.47526 0.848976 0.385619 0.31622 -0.384863 0.867113 0.400795 -0.930002 -0.306262 0.203222 -0.504304 0.187351 -0.87068 -0.45477 0.485867 
1533738678581 0.224285 0.823245 -0.521501 -0.599671 -0.946804 0.310806 0.0834426 -0.182176 0.230779 0.475044 0.849161 0.385592 0.31622 -0.384863 0.867113 0.400795 -0.930002 -0.306262 0.203222 -0.504304 0.187351 -0.87068 -0.45477 0.485867 
1533738678598 0.224417 0.823382 -0.521228 -0.599682 -0.94683 0.310773 0.0832663 -0.182162 0.230544 0.474828 0.849345 0.385564 0.31622 -0.384863 0.867113 0.400795 -0.930002 -0.306262 0.203222 -0.504304 0.187351 -0.87068 -0.45477 0.485867 
1533738678691 0.224549 0.823519 -0.520956 -0.599691 -0.946856 0.310741 0.0830896 -0.182147 0.230308 0.474612 0.84953 0.385536 0.31622 -0.384863 0.867113 0.400795 -0.930002 -0.306262 0.203222 -0.504304 0.187351 -0.87068 -0.45477 0.485867 
1533738678708 0.22468 0.823656 -0.520683 -0.599703 -0.946882 0.310709 0.0829134 -0.182133 0.230073 0.474396 0.849715 0.385508 0.31622 -0.384863 0.867113 0.400795 -0.930002 -0.306262 0.203222 -0.504304 0.187351 -0.87068 -0.45477 0.485867 
1533738678733 0.224811 0.823792 -0.52041 -0.599713 -0.946908 0.310677 0.0827368 -0.182118 0.229837 0.47418 0.849899 0.385481 0.31622 -0.384863 0.867113 0.400795 -0.930002 -0.306262 0.203222 -0.504304 0.187351 -0.87068 -0.45477 0.485867 
1533738678788 0.224943 0.823929 -0.520137 -0.599724 -0.946934 0.310644 0.0825606 -0.182104 0.229601 0.473964 0.850083 0.385452 0.31622 -0.384863 0.867113 0.400795 -0.930002 -0.306262 0.203222 -0.504304 0.187351 -0.87068 -0.45477 0.485867 
1533738678829 0.225074 0.824065 -0.519864 -0.599735 -0.94696 0.310612 0.082384 -0.182089 0.229366 0.473747 0.850267 0.385425 0.31622 -0.384863 0.867113 0.400795 -0.930002 -0.306262 0.203222 -0.504304 0.187351 -0.87068 -0.45477 0.485867 
1533738678872 0.224791 0.823645 -0.520651 -0.599712 -0.946848 0.310816 0.0828956 -0.182189 0.230103 0.474344 0.849736 0.385524 0.31622 -0.384863 0.867113 0.400795 -0.930002 -0.306262 0.203222 -0.504304 0.187351 -0.87068 -0.45477 0.485867 
1533738678885 0.224724 0.823646 -0.520679 -0.599711 -0.946844 0.310802 0.0829925 -0.182195 0.230185 0.474351 0.849709 0.385544 0.31622 -0.384863 0.867113 0.400795 -0.930002 -0.306262 0.203222 -0.504304 0.187351 -0.87068 -0.45477 0.485867 
1533738678902 0.224655 0.823647 -0.520706 -0.599711 -0.946841 0.310787 0.0830911 -0.182204 0.230266 0.474359 0.849683 0.385564 0.31622 -0.384863 0.867113 0.400795 -0.930002 -0.306262 0.203222 -0.504304 0.187351 -0.87068 -0.45477 0.485867 
1533738678918 0.224587 0.823649 -0.520733 -0.599712 -0.946837 0.310771 0.0831899 -0.182213 0.230348 0.474366 0.849657 0.385583 0.31622 -0.384863 0.867113 0.400795 -0.930002 -0.306262 0.203222 -0.504304 0.187351 -0.87068 -0.45477 0.485867 
1533738678935 0.224518 0.823651 -0.52076 -0.599713 -0.946834 0.310756 0.0832888 -0.182223 0.23043 0.474373 0.84963 0.385603 0.31622 -0.384863 0.867113 0.400795 -0.930002 -0.306262 0.203222 -0.504304 0.187351 -0.87068 -0.45477 0.485867 
1533738679019 0.224449 0.823652 -0.520788 -0.599713 -0.94683 0.310741 0.0833873 -0.182231 0.230512 0.474381 0.849604 0.385622 0.31622 -0.384863 0.867113 0.400795 -0.930002 -0.306262 0.203222 -0.504304 0.187351 -0.87068 -0.45477 0.485867 
1533738679026 0.22438 0.823654 -0.520814 -0.599715 -0.946826 0.310725 0.0834864 -0.182241 0.230594 0.474388 0.849578 0.385641 0.31622 -0.384863 0.867113 0.400795 -0.930002 -0.306262 0.203222 -0.504304 0.187351 -0.87068 -0.45477 0.485867 
1533738679039 0.224312 0.823655 -0.520842 -0.599715 -0.946823 0.31071 0.083585 -0.182249 0.230676 0.474396 0.849551 0.38566 0.31622 -0.384863 0.867113 0.400795 -0.930002 -0.306262 0.203222 -0.504304 0.187351 -0.87068 -0.45477 0.485867 
1533738679046 0.224243 0.823657 -0.520869 -0.599716 -0.946819 0.310695 0.0836836 -0.182258 0.230758 0.474403 0.849525 0.38568 0.31622 -0.384863 0.867113 0.400795 -0.930002 -0.306262 0.203222 -0.504304 0.187351 -0.87068 -0.45477 0.485867 
1533738679061 0.224174 0.823659 -0.520896 -0.599718 -0.946815 0.310679 0.0837827 -0.182268 0.23084 0.47441 0.849499 0.385699 0.31622 -0.384863 0.867113 0.400795 -0.930002 -0.306262 0.203222 -0.504304 0.187351 -0.87068 -0.45477 0.485867 
1533738679086 0.224644 0.823702 -0.520624 -0.599735 -0.946805 0.310849 0.0832705 -0.18217 0.230425 0.474223 0.849716 0.385622 0.31622 -0.384863 0.867113 0.400795 -0.930002 -0.306262 0.203222 -0.504304 0.187351 -0.87068 -0.45477 0.485867 
1533738679097 0.224523 0.823705 -0.520673 -0.599728 -0.946801 0.310816 0.0834328 -0.182178 0.230557 0.474241 0.84967 0.385644 0.31622 -0.384863 0.867113 0.400795 -0.930002 -0.306262 0.203222 -0.504304 0.187351 -0.87068 -0.45477 0.485867 
1533738679114 0.224402 0.823707 -0.520721 -0.599722 -0.946798 0.310782 0.0835952 -0.182187 0.230689 0.474258 0.849625 0.385665 0.31622 -0.384863 0.867113 0.400795 -0.930002 -0.306262 0.203222 -0.504304 0.187351 -0.87068 -0.45477 0.485867 
1533738679131 0.224281 0.82371 -0.520768 -0.599717 -0.946795 0.310748 0.083758 -0.182198 0.23082 0.474275 0.849579 0.385685 0.31622 -0.384863 0.867113 0.400795 -0.930002 -0.306262 0.203222 -0.504304 0.187351 -0.87068 -0.45477 0.485867 
1533738679147 0.22416 0.823713 -0.520816 -0.599711 -0.946791 0.310715 0.0839208 -0.182209 0.230952 0.474292 0.849534 0.385705 0.31622 -0.384863 0.867113 0.400795 -0.930002 -0.306262 0.203222 -0.504304 0.187351 -0.87068 -0.45477 0.485867 
1533738679164 0.224039 0.823716 -0.520864 -0.599705 -0.946788 0.310681 0.0840833 -0.182218 0.231083 0.474309 0.849489 0.385726 0.31622 -0.384863 0.867113 0.400795 -0.930002 -0.306262 0.203222 -0.504304 0.187351 -0.87068 -0.45477 0.485867 
1533738679181 0.223917 0.823719 -0.520911 -0.599701 -0.946784 0.310647 0.0842463 -0.182229 0.231215 0.474326 0.849444 0.385746 0.31622 -0.384863 0.867113 0.400795 -0.930002 -0.306262 0.203222 -0.504304 0.187351 -0.87068 -0.45477 0.485867 
1533738679197 0.223796 0.823722 -0.520959 -0.599695 -0.946781 0.310614 0.0844088 -0.182239 0.231346 0.474343 0.849398 0.385766 0.31622 -0.384863 0.867113 0.400795 -0.930002 -0.306262 0.203222 -0.504304 0.187351 -0.87068 -0.45477 0.485867 
1533738679214 0.223675 0.823724 -0.521006 -0.599689 -0.946777 0.31058 0.0845713 -0.182249 0.231478 0.47436 0.849353 0.385787 0.31622 -0.384863 0.867113 0.400795 -0.930002 -0.306262 0.203222 -0.504304 0.187351 -0.87068 -0.45477 0.485867 
1533738679231 0.223554 0.823728 -0.521053 -0.599685 -0.946774 0.310547 0.0847344 -0.182261 0.231609 0.474377 0.849308 0.385807 0.31622 -0.384863 0.867113 0.400795 -0.930002 -0.306262 0.203222 -0.504304 0.187351 -0.87068 -0.45477 0.485867 
1533738679258 0.224087 0.823745 -0.520797 -0.599707 -0.946828 0.310609 0.0838922 -0.182145 0.23087 0.474306 0.849548 0.385698 0.31622 -0.384863 0.867113 0.400795 -0.930002 -0.306262 0.203222 -0.504304 0.187351 -0.87068 -0.45477 0.485867 
1533738679271 0.224024 0.823675 -0.520934 -0.599705 -0.946835 0.310586 0.0839021 -0.182154 0.230903 0.474443 0.849463 0.385722 0.31622 -0.384863 0.867113 0.400795 -0.930002 -0.306262 0.203222 -0.504304 0.187351 -0.87068 -0.45477 0.485867 
1533738679287 0.223963 0.823604 -0.521073 -0.599697 -0.946842 0.310563 0.0839099 -0.182159 0.230935 0.474581 0.849377 0.385748 0.31622 -0.384863 0.867113 0.400795 -0.930002 -0.306262 0.203222 -0.504304 0.187351 -0.87068 -0.45477 0.485867 
1533738679305 0.223902 0.823533 -0.521212 -0.59969 -0.946849 0.31054 0.0839177 -0.182165 0.230966 0.47472 0.849291 0.385775 0.31622 -0.384863 0.867113 0.400795 -0.930002 -0.306262 0.203222 -0.504304 0.187351 -0.87068 -0.45477 0.485867 
1533738679321 0.22384 0.823461 -0.521351 -0.599683 -0.946856 0.310517 0.0839254 -0.182169 0.230998 0.474858 0.849205 0.385802 0.31622 -0.384863 0.867113 0.400795 -0.930002 -0.306262 0.203222 -0.504304 0.187351 -0.87068 -0.45477 0.485867 
1533738679337 0.223779 0.82339 -0.52149 -0.599675 -0.946862 0.310495 0.083933 -0.182174 0.23103 0.474997 0.849119 0.385828 0.31622 -0.384863 0.867113 0.400795 -0.930002 -0.306262 0.203222 -0.504304 0.187351 -0.87068 -0.45477 0.485867 
1533738679398 0.223718 0.823319 -0.521628 -0.599669 -0.946869 0.310472 0.0839411 -0.18218 0.231061 0.475135 0.849033 0.385854 0.31622 -0.384863 0.867113 0.400795 -0.930002 -0.306262 0.203222 -0.504304 0.187351 -0.87068 -0.45477 0.485867 
1533738679404 0.223657 0.823248 -0.521767 -0.59966 -0.946876 0.310449 0.0839486 -0.182184 0.231093 0.475273 0.848947 0.385881 0.31622 -0.384863 0.867113 0.400795 -0.930002 -0.306262 0.203222 -0.504304 0.187351 -0.87068 -0.45477 0.485867 
1533738679425 0.223595 0.823176 -0.521906 -0.599654 -0.946883 0.310427 0.0839566 -0.18219 0.231124 0.475411 0.848861 0.385908 0.31622 -0.384863 0.867113 0.400795 -0.930002 -0.306262 0.203222 -0.504304 0.187351 -0.87068 -0.45477 0.485867 
1533738679442 0.223534 0.823105 -0.522045 -0.599645 -0.946889 0.310404 0.083964 -0.182194 0.231156 0.47555 0.848775 0.385935 0.31622 -0.384863 0.867113 0.400795 -0.930002 -0.306262 0.203222 -0.504304 0.187351 -0.87068 -0.45477 0.485867 
1533738679462 0.22394 0.823395 -0.521413 -0.599691 -0.946785 0.310707 0.0840239 -0.182252 0.231191 0.474849 0.849158 0.385802 0.31622 -0.384863 0.867113 0.400795 -0.930002 -0.306262 0.203222 -0.504304 0.187351 -0.87068 -0.45477 0.485867 
1533738679475 0.22391 0.823395 -0.521426 -0.599686 -0.946796 0.310674 0.0840208 -0.182257 0.231176 0.47487 0.84915 0.385803 0.31622 -0.384863 0.867113 0.400795 -0.930002 -0.306262 0.203222 -0.504304 0.187351 -0.87068 -0.45477 0.485867 
1533738679492 0.223879 0.823395 -0.521439 -0.599678 -0.946807 0.310641 0.0840178 -0.182264 0.23116 0.474892 0.849142 0.385805 0.31622 -0.384863 0.867113 0.400795 -0.930002 -0.306262 0.203222 -0.504304 0.187351 -0.87068 -0.45477 0.485867 
1533738679508 0.223848 0.823395 -0.521452 -0.59967 -0.946818 0.310608 0.084015 -0.182272 0.231145 0.474913 0.849135 0.385807 0.31622 -0.384863 0.867113 0.400795 -0.930002 -0.306262 0.203222 -0.504304 0.187351 -0.87068 -0.45477 0.485867 
1533738679525 0.223818 0.823395 -0.521465 -0.599663 -0.946829 0.310575 0.0840119 -0.182278 0.231129 0.474935 0.849127 0.385809 0.31622 -0.384863 0.867113 0.400795 -0.930002 -0.306262 0.203222 -0.504304 0.187351 -0.87068 -0.45477 0.485867 
1533738679542 0.223787 0.823396 -0.521478 -0.599656 -0.94684 0.310543 0.0840087 -0.182285 0.231113 0.474956 0.849119 0.385811 0.31622 -0.384863 0.867113 0.400795 -0.930002 -0.306262 0.203222 -0.504304 0.187351 -0.87068 -0.45477 0.485867 
1533738679558 0.223757 0.823396 -0.52149 -0.599647 -0.946851 0.31051 0.0840054 -0.182293 0.231098 0.474977 0.849112 0.385812 0.31622 -0.384863 0.867113 0.400795 -0.930002 -0.306262 0.203222 -0.504304 0.187351 -0.87068 -0.45477 0.485867 
1533738679575 0.223726 0.823396 -0.521504 -0.599639 -0.946862 0.310477 0.0840029 -0.182299 0.231082 0.474999 0.849104 0.385814 0.31622 -0.384863 0.867113 0.400795 -0.930002 -0.306262 0.203222 -0.504304 0.187351 -0.87068 -0.45477 0.485867 
1533738679592 0.223695 0.823396 -0.521517 -0.599632 -0.946873 0.310444 0.0839998 -0.182306 0.231067 0.47502 0.849096 0.385816 0.31622 -0.384863 0.867113 0.400795 -0.930002 -0.306262 0.203222 -0.504304 0.187351 -0.87068 -0.45477 0.485867 
1533738679608 0.223664 0.823396 -0.52153 -0.599625 -0.946884 0.310411 0.0839967 -0.182313 0.231051 0.475041 0.849088 0.385817 0.31622 -0.384863 0.867113 0.400795 -0.930002 -0.306262 0.203222 -0.504304 0.187351 -0.87068 -0.45477 0.485867 
1533738679634 0.223488 0.82314 -0.52201 -0.599704 -0.946862 0.310439 0.0841406 -0.182134 0.231311 0.475467 0.848779 0.385805 0.31622 -0.384863 0.867113 0.400795 -0.930002 -0.306262 0.203222 -0.504304 0.187351 -0.87068 -0.45477 0.485867 
1533738679646 0.223423 0.823057 -0.522169 -0.5997 -0.94689 0.310375 0.0840702 -0.182138 0.231262 0.475653 0.848689 0.385807 0.31622 -0.384863 0.867113 0.400795 -0.930002 -0.306262 0.203222 -0.504304 0.187351 -0.87068 -0.45477 0.485867 
1533738679662 0.223359 0.822972 -0.522329 -0.599692 -0.946917 0.310311 0.0839992 -0.182138 0.231214 0.47584 0.848597 0.385813 0.31622 -0.384863 0.867113 0.400795 -0.930002 -0.306262 0.203222 -0.504304 0.187351 -0.87068 -0.45477 0.485867 
1533738679737 0.223295 0.822888 -0.522488 -0.599684 -0.946944 0.310248 0.0839284 -0.182139 0.231165 0.476026 0.848506 0.385817 0.31622 -0.384863 0.867113 0.400795 -0.930002 -0.306262 0.203222 -0.504304 0.187351 -0.87068 -0.45477 0.485867 
1533738679756 0.223231 0.822804 -0.522649 -0.599676 -0.946971 0.310185 0.0838575 -0.182139 0.231116 0.476213 0.848414 0.385822 0.31622 -0.384863 0.867113 0.400795 -0.930002 -0.306262 0.203222 -0.504304 0.187351 -0.87068 -0.45477 0.485867 
1533738679770 0.223167 0.82272 -0.522809 -0.599667 -0.946998 0.310121 0.0837865 -0.182139 0.231067 0.4764 0.848322 0.385828 0.31622 -0.384863 0.867113 0.400795 -0.930002 -0.306262 0.203222 -0.504304 0.187351 -0.87068 -0.45477 0.485867 
1533738679787 0.223103 0.822636 -0.522968 -0.59966 -0.947025 0.310058 0.0837159 -0.18214 0.231018 0.476587 0.848231 0.385832 0.31622 -0.384863 0.867113 0.400795 -0.930002 -0.306262 0.203222 -0.504304 0.187351 -0.87068 -0.45477 0.485867 
1533738679803 0.223039 0.822551 -0.523128 -0.599651 -0.947052 0.309995 0.0836448 -0.182139 0.230969 0.476774 0.848139 0.385837 0.31622 -0.384863 0.867113 0.400795 -0.930002 -0.306262 0.203222 -0.504304 0.187351 -0.87068 -0.45477 0.485867 
1533738679820 0.222975 0.822467 -0.523288 -0.599643 -0.947079 0.309931 0.0835742 -0.18214 0.23092 0.47696 0.848048 0.385842 0.31622 -0.384863 0.867113 0.400795 -0.930002 -0.306262 0.203222 -0.504304 0.187351 -0.87068 -0.45477 0.485867 
1533738679843 0.222911 0.822383 -0.523448 -0.599635 -0.947106 0.309868 0.0835036 -0.182141 0.230871 0.477147 0.847956 0.385847 0.31622 -0.384863 0.867113 0.400795 -0.930002 -0.306262 0.203222 -0.504304 0.187351 -0.87068 -0.45477 0.485867 
1533738679873 0.223253 0.822776 -0.522684 -0.599671 -0.94696 0.310218 0.0838516 -0.182167 0.231137 0.476241 0.848393 0.385831 0.31622 -0.384863 0.867113 0.400795 -0.930002 -0.306262 0.203222 -0.504304 0.187351 -0.87068 -0.45477 0.485867 
1533738679886 0.223256 0.822764 -0.522701 -0.59967 -0.946962 0.310218 0.0838348 -0.182176 0.231127 0.476261 0.848384 0.385832 0.31622 -0.384863 0.867113 0.400795 -0.930002 -0.306262 0.203222 -0.504304 0.187351 -0.87068 -0.45477 0.485867 
1533738679903 0.22326 0.822752 -0.522719 -0.599668 -0.946963 0.310217 0.0838172 -0.182184 0.231117 0.476282 0.848375 0.385836 0.31622 -0.384863 0.867113 0.400795 -0.930002 -0.306262 0.203222 -0.504304 0.187351 -0.87068 -0.45477 0.485867 
1533738679919 0.223264 0.82274 -0.522736 -0.599666 -0.946965 0.310217 0.0837998 -0.182192 0.231107 0.476303 0.848366 0.385838 0.31622 -0.384863 0.867113 0.400795 -0.930002 -0.306262 0.203222 -0.504304 0.187351 -0.87068 -0.45477 0.485867 
1533738679936 0.223267 0.822727 -0.522755 -0.599662 -0.946967 0.310217 0.0837818 -0.182199 0.231097 0.476325 0.848356 0.385842 0.31622 -0.384863 0.867113 0.400795 -0.930002 -0.306262 0.203222 -0.504304 0.187351 -0.87068 -0.45477 0.485867 
1533738679953 0.223271 0.822714 -0.522773 -0.599658 -0.946968 0.310218 0.0837636 -0.182206 0.231087 0.476347 0.848347 0.385846 0.31622 -0.384863 0.867113 0.400795 -0.930002 -0.306262 0.203222 -0.504304 0.187351 -0.87068 -0.45477 0.485867 
1533738679969 0.223276 0.822701 -0.522791 -0.599654 -0.94697 0.310218 0.0837454 -0.182212 0.231077 0.476369 0.848337 0.385851 0.31622 -0.384863 0.867113 0.400795 -0.930002 -0.306262 0.203222 -0.504304 0.187351 -0.87068 -0.45477 0.485867 
1533738679986 0.223279 0.822689 -0.522809 -0.599651 -0.946971 0.310218 0.0837277 -0.18222 0.231067 0.476391 0.848328 0.385854 0.31622 -0.384863 0.867113 0.400795 -0.930002 -0.306262 0.203222 -0.504304 0.187351 -0.87068 -0.45477 0.485867 
1533738680003 0.223283 0.822676 -0.522827 -0.599648 -0.946973 0.310218 0.0837099 -0.182227 0.231057 0.476412 0.848318 0.385857 0.31622 -0.384863 0.867113 0.400795 -0.930002 -0.306262 0.203222 -0.504304 0.187351 -0.87068 -0.45477 0.485867 
1533738680019 0.223287 0.822663 -0.522846 -0.599644 -0.946974 0.310218 0.0836916 -0.182233 0.231046 0.476434 0.848309 0.385861 0.31622 -0.384863 0.867113 0.400795 -0.930002 -0.306262 0.203222 -0.504304 0.187351 -0.87068 -0.45477 0.485867 
1533738680040 0.223067 0.822518 -0.523168 -0.599642 -0.947011 0.310093 0.0837412 -0.182122 0.23111 0.476766 0.848105 0.385864 0.31622 -0.384863 0.867113 0.400795 -0.930002 -0.306262 0.203222 -0.504304 0.187351 -0.87068 -0.45477 0.485867 
1533738680053 0.223043 0.822534 -0.523153 -0.599637 -0.947044 0.310014 0.0836582 -0.182122 0.230997 0.47679 0.848123 0.385855 0.31622 -0.384863 0.867113 0.400795 -0.930002 -0.306262 0.203222 -0.504304 0.187351 -0.87068 -0.45477 0.485867 
1533738680069 0.223019 0.82255 -0.523138 -0.599633 -0.947077 0.309936 0.0835746 -0.182123 0.230883 0.476814 0.84814 0.385845 0.31622 -0.384863 0.867113 0.400795 -0.930002 -0.306262 0.203222 -0.504304 0.187351 -0.87068 -0.45477 0.485867 
1533738680086 0.222996 0.822566 -0.523123 -0.599627 -0.94711 0.309857 0.0834899 -0.182121 0.230769 0.476837 0.848158 0.385834 0.31622 -0.384863 0.867113 0.400795 -0.930002 -0.306262 0.203222 -0.504304 0.187351 -0.87068 -0.45477 0.485867 
1533738680103 0.222973 0.822582 -0.523108 -0.599622 -0.947144 0.309778 0.0834059 -0.182121 0.230655 0.476861 0.848176 0.385825 0.31622 -0.384863 0.867113 0.400795 -0.930002 -0.306262 0.203222 -0.504304 0.187351 -0.87068 -0.45477 0.485867 
1533738680120 0.22295 0.822598 -0.523093 -0.599615 -0.947177 0.3097 0.0833214 -0.182119 0.230542 0.476885 0.848193 0.385814 0.31622 -0.384863 0.867113 0.400795 -0.930002 -0.306262 0.203222 -0.504304 0.187351 -0.87068 -0.45477 0.485867 
1533738680136 0.222927 0.822614 -0.523078 -0.59961 -0.94721 0.309621 0.0832373 -0.182119 0.230428 0.476908 0.848211 0.385804 0.31622 -0.384863 0.867113 0.400795 -0.930002 -0.306262 0.203222 -0.504304 0.187351 -0.87068 -0.45477 0.485867 
1533738680153 0.222904 0.82263 -0.523062 -0.599605 -0.947243 0.309542 0.0831532 -0.182118 0.230314 0.476932 0.848228 0.385794 0.31622 -0.384863 0.867113 0.400795 -0.930002 -0.306262 0.203222 -0.504304 0.187351 -0.87068 -0.45477 0.485867 
1533738680169 0.222881 0.822645 -0.523048 -0.599598 -0.947276 0.309464 0.0830686 -0.182116 0.2302 0.476956 0.848246 0.385784 0.31622 -0.384863 0.867113 0.400795 -0.930002 -0.306262 0.203222 -0.504304 0.187351 -0.87068 -0.45477 0.485867 
1533738680186 0.222858 0.822661 -0.523032 -0.599592 -0.947309 0.309385 0.0829844 -0.182115 0.230086 0.47698 0.848263 0.385774 0.31622 -0.384863 0.867113 0.400795 -0.930002 -0.306262 0.203222 -0.504304 0.187351 -0.87068 -0.45477 0.485867 
1533738680210 0.222964 0.822509 -0.523226 -0.599664 -0.947101 0.309875 0.0835328 -0.182179 0.230841 0.476923 0.84809 0.385847 0.31622 -0.384863 0.867113 0.400795 -0.930002 -0.306262 0.203222 -0.504304 0.187351 -0.87068 -0.45477 0.485867 
1533738680223 0.222945 0.822447 -0.523332 -0.599662 -0.947111 0.309858 0.0834809 -0.18219 0.230817 0.477042 0.84803 0.385863 0.31622 -0.384863 0.867113 0.400795 -0.930002 -0.306262 0.203222 -0.504304 0.187351 -0.87068 -0.45477 0.485867 
1533738680239 0.222927 0.822384 -0.523439 -0.599657 -0.947121 0.309841 0.0834279 -0.182197 0.230793 0.477162 0.847969 0.385883 0.31622 -0.384863 0.867113 0.400795 -0.930002 -0.306262 0.203222 -0.504304 0.187351 -0.87068 -0.45477 0.485867 
1533738680256 0.222909 0.82232 -0.523547 -0.599649 -0.947131 0.309824 0.0833746 -0.182203 0.230768 0.477282 0.847908 0.385902 0.31622 -0.384863 0.867113 0.400795 -0.930002 -0.306262 0.203222 -0.504304 0.187351 -0.87068 -0.45477 0.485867 
1533738680273 0.222891 0.822257 -0.523653 -0.599645 -0.947141 0.309807 0.083322 -0.182211 0.230744 0.477402 0.847847 0.385921 0.31622 -0.384863 0.867113 0.400795 -0.930002 -0.306262 0.203222 -0.504304 0.187351 -0.87068 -0.45477 0.485867 
1533738680289 0.222874 0.822193 -0.523761 -0.599638 -0.947151 0.309791 0.0832689 -0.182217 0.230719 0.477522 0.847786 0.38594 0.31622 -0.384863 0.867113 0.400795 -0.930002 -0.306262 0.203222 -0.504304 0.187351 -0.87068 -0.45477 0.485867 
1533738680306 0.222856 0.82213 -0.523868 -0.599631 -0.947162 0.309774 0.0832158 -0.182223 0.230695 0.477643 0.847725 0.38596 0.31622 -0.384863 0.867113 0.400795 -0.930002 -0.306262 0.203222 -0.504304 0.187351 -0.87068 -0.45477 0.485867 
1533738680358 0.222838 0.822067 -0.523975 -0.599626 -0.947172 0.309757 0.083163 -0.182231 0.230671 0.477762 0.847664 0.385979 0.31622 -0.384863 0.867113 0.400795 -0.930002 -0.306262 0.203222 -0.504304 0.187351 -0.87068 -0.45477 0.485867 
1533738680374 0.22282 0.822003 -0.524082 -0.59962 -0.947182 0.309741 0.0831103 -0.182238 0.230646 0.477882 0.847603 0.385997 0.31622 -0.384863 0.867113 0.400795 -0.930002 -0.306262 0.203222 -0.504304 0.187351 -0.87068 -0.45477 0.485867 
1533738680391 0.222803 0.82194 -0.524189 -0.599613 -0.947192 0.309724 0.0830571 -0.182244 0.230622 0.478002 0.847542 0.386017 0.31622 -0.384863 0.867113 0.400795 -0.930002 -0.306262 0.203222 -0.504304 0.187351 -0.87068 -0.45477 0.485867 
1533738680420 0.222779 0.822328 -0.523589 -0.599639 -0.947213 0.309611 0.0832373 -0.18216 0.230557 0.477407 0.847895 0.38596 0.31622 -0.384863 0.867113 0.400795 -0.930002 -0.306262 0.203222 -0.504304 0.187351 -0.87068 -0.45477 0.485867 
1533738680431 0.222801 0.82246 -0.523373 -0.599636 -0.94716 0.309706 0.0834828 -0.182173 0.230753 0.477118 0.848004 0.385946 0.31622 -0.384863 0.867113 0.400795 -0.930002 -0.306262 0.203222 -0.504304 0.187351 -0.87068 -0.45477 0.485867 
1533738680448 0.222821 0.822594 -0.523154 -0.599637 -0.947108 0.3098 0.0837305 -0.182191 0.230949 0.476826 0.848115 0.385929 0.31622 -0.384863 0.867113 0.400795 -0.930002 -0.306262 0.203222 -0.504304 0.187351 -0.87068 -0.45477 0.485867 
1533738680582 0.222842 0.822728 -0.522935 -0.599637 -0.947055 0.309894 0.0839781 -0.182207 0.231146 0.476534 0.848226 0.385912 0.31622 -0.384863 0.867113 0.400795 -0.930002 -0.306262 0.203222 -0.504304 0.187351 -0.87068 -0.45477 0.485867 
1533738680607 0.222862 0.822861 -0.522716 -0.599639 -0.947002 0.309988 0.0842259 -0.182225 0.231342 0.476243 0.848336 0.385895 0.31622 -0.384863 0.867113 0.400795 -0.930002 -0.306262 0.203222 -0.504304 0.187351 -0.87068 -0.45477 0.485867 
1533738680637 0.222882 0.822995 -0.522497 -0.59964 -0.94695 0.310081 0.0844738 -0.182242 0.231538 0.475951 0.848446 0.385878 0.31622 -0.384863 0.867113 0.400795 -0.930002 -0.306262 0.203222 -0.504304 0.187351 -0.87068 -0.45477 0.485867 
1533738680712 0.222902 0.823128 -0.522278 -0.599641 -0.946897 0.310175 0.0847213 -0.182259 0.231734 0.475659 0.848556 0.385861 0.31622 -0.384863 0.867113 0.400795 -0.930002 -0.306262 0.203222 -0.504304 0.187351 -0.87068 -0.45477 0.485867 
1533738680737 0.222923 0.823262 -0.522059 -0.599643 -0.946844 0.310268 0.0849694 -0.182277 0.23193 0.475367 0.848667 0.385844 0.31622 -0.384863 0.867113 0.400795 -0.930002 -0.306262 0.203222 -0.504304 0.187351 -0.87068 -0.45477 0.485867 
