1535380873047 0.344937 0.863164 -0.368735 -0.58478 -0.898495 0.417285 0.136308 -0.227422 0.271524 0.284289 0.919486 0.389471 0.297316 -0.029764 0.954315 0.41601 -0.951912 0.068159 0.298693 -0.506214 -0.0739354 -0.99723 -0.00806795 0.427691 
1535380873077 0.336009 0.870458 -0.359723 -0.590077 -0.903144 0.406148 0.139191 -0.228785 0.267261 0.278113 0.922618 0.387773 0.283327 -0.0396205 0.958205 0.412547 -0.955455 0.0744503 0.285593 -0.503891 -0.0826539 -0.996437 -0.0167618 0.428906 
1535380873667 0.32699 0.877566 -0.350651 -0.595377 -0.907676 0.394932 0.141959 -0.23015 0.263062 0.271858 0.925684 0.386073 0.269197 -0.0493794 0.961819 0.409083 -0.958754 0.0808714 0.272491 -0.501564 -0.091239 -0.995501 -0.0255723 0.43012 
1535380874316 0.317883 0.884485 -0.341521 -0.600677 -0.912089 0.383642 0.14461 -0.231515 0.258927 0.265529 0.928682 0.384374 0.254929 -0.059038 0.965156 0.405618 -0.961807 0.0874204 0.259393 -0.499237 -0.0996883 -0.994421 -0.0344971 0.431335 
1535380874993 0.30869 0.891214 -0.332336 -0.605978 -0.916383 0.372278 0.147143 -0.23288 0.254858 0.259126 0.931612 0.382675 0.240531 -0.068593 0.968215 0.402154 -0.964615 0.0940949 0.246303 -0.496909 -0.107999 -0.993197 -0.043533 0.43255 
1535380875639 0.299413 0.897753 -0.323098 -0.611278 -0.920556 0.360844 0.149559 -0.234245 0.250855 0.25265 0.934473 0.380976 0.226006 -0.0780411 0.970995 0.398689 -0.967174 0.100893 0.233226 -0.494582 -0.116168 -0.991832 -0.0526769 0.433764 
1535380876269 0.290054 0.904098 -0.313808 -0.616579 -0.924608 0.349342 0.151855 -0.235611 0.246918 0.246103 0.937265 0.379277 0.211359 -0.0873791 0.973495 0.395225 -0.969486 0.107812 0.220166 -0.492255 -0.124192 -0.990324 -0.0619258 0.434979 
1535380876928 0.280615 0.91025 -0.304468 -0.621879 -0.928538 0.337775 0.154032 -0.236976 0.243049 0.239487 0.939986 0.377578 0.196596 -0.0966038 0.975714 0.39176 -0.971549 0.114849 0.207128 -0.489927 -0.13207 -0.988675 -0.0712764 0.436193 
1535380877644 0.271098 0.916206 -0.295082 -0.62718 -0.932344 0.326145 0.15609 -0.238341 0.239249 0.232802 0.942636 0.375878 0.181722 -0.105712 0.977651 0.388296 -0.973362 0.122003 0.194116 -0.4876 -0.139797 -0.986884 -0.0807255 0.437408 
1535380878355 0.261505 0.921965 -0.285649 -0.63248 -0.936027 0.314454 0.158027 -0.239706 0.235519 0.226051 0.945215 0.374179 0.16674 -0.114701 0.979307 0.384831 -0.974925 0.129271 0.181135 -0.485273 -0.147372 -0.984953 -0.09027 0.438622 
1535380879131 0.261909 0.921611 -0.28642 -0.632305 -0.935919 0.314968 0.157644 -0.239819 0.235499 0.226777 0.945046 0.374197 0.167945 -0.113901 0.979194 0.385157 -0.974786 0.128856 0.182178 -0.485243 -0.146925 -0.9851 -0.0893885 0.438745 
1535380879151 0.260399 0.921976 -0.286625 -0.632659 -0.936124 0.313767 0.158813 -0.240032 0.236355 0.226962 0.944788 0.374147 0.169441 -0.114719 0.978841 0.384779 -0.975643 0.120877 0.183054 -0.485426 -0.139319 -0.986016 -0.0914432 0.439122 
1535380879414 0.258887 0.922338 -0.286827 -0.633017 -0.936327 0.312565 0.159983 -0.240246 0.237211 0.227147 0.944529 0.374097 0.170941 -0.115525 0.978485 0.3844 -0.976439 0.11289 0.183912 -0.48561 -0.131708 -0.986869 -0.0935054 0.439499 
1535380879684 0.257375 0.922699 -0.287028 -0.633375 -0.936527 0.311363 0.161153 -0.240461 0.238066 0.227333 0.944269 0.374047 0.172448 -0.116318 0.978127 0.384022 -0.977171 0.104895 0.184753 -0.485794 -0.124091 -0.987657 -0.0955741 0.439875 
1535380879968 0.255862 0.923057 -0.287227 -0.633734 -0.936724 0.310161 0.162324 -0.240676 0.238921 0.22752 0.944008 0.373996 0.173961 -0.117099 0.977766 0.383644 -0.977841 0.0968924 0.185578 -0.485978 -0.116469 -0.988382 -0.0976492 0.440252 
1535380880258 0.254349 0.923414 -0.287424 -0.634092 -0.936918 0.308958 0.163494 -0.240891 0.239775 0.227708 0.943746 0.373945 0.175479 -0.117868 0.977402 0.383266 -0.978448 0.0888832 0.186386 -0.486162 -0.108843 -0.989043 -0.0997304 0.440629 
1535380880530 0.252835 0.923769 -0.287619 -0.63445 -0.937108 0.307755 0.164665 -0.241105 0.240629 0.227898 0.943483 0.373895 0.177003 -0.118624 0.977035 0.382888 -0.978992 0.0808679 0.187176 -0.486346 -0.101214 -0.989641 -0.101818 0.441006 
1535380880825 0.25132 0.924122 -0.287813 -0.634809 -0.937297 0.306551 0.165836 -0.24132 0.241482 0.228088 0.943219 0.373844 0.178533 -0.119367 0.976667 0.38251 -0.979474 0.0728469 0.187949 -0.48653 -0.093582 -0.990174 -0.103911 0.441383 
1535380881105 0.249805 0.924474 -0.288004 -0.635167 -0.937482 0.305348 0.167006 -0.241535 0.242334 0.22828 0.942954 0.373794 0.180068 -0.120097 0.976295 0.382132 -0.979892 0.0648206 0.188706 -0.486714 -0.0859471 -0.990644 -0.10601 0.441759 
1535380881393 0.248288 0.924823 -0.288193 -0.635526 -0.937664 0.304143 0.168177 -0.24175 0.243186 0.228472 0.942688 0.373743 0.181609 -0.120815 0.975921 0.381754 -0.980248 0.0567898 0.189444 -0.486898 -0.0783101 -0.991049 -0.108115 0.442136 
1535380881692 0.24889 0.924632 -0.288289 -0.6354 -0.937624 0.304621 0.167532 -0.241717 0.242725 0.22861 0.942774 0.373687 0.181216 -0.12067 0.976012 0.381846 -0.980156 0.0589142 0.189269 -0.486852 -0.0803401 -0.990943 -0.107599 0.441912 
1535380881722 0.248305 0.924775 -0.288333 -0.635558 -0.937767 0.304084 0.167711 -0.241783 0.242772 0.228745 0.942729 0.373718 0.182488 -0.120632 0.97578 0.381807 -0.980288 0.054104 0.19002 -0.487004 -0.075716 -0.991222 -0.108381 0.44208 
1535380881965 0.247721 0.924919 -0.288375 -0.635721 -0.937909 0.303545 0.167891 -0.241851 0.24282 0.22888 0.942684 0.373748 0.183761 -0.120587 0.975546 0.381769 -0.980397 0.0492914 0.190768 -0.48716 -0.0710902 -0.991478 -0.109166 0.442249 
1535380882211 0.247136 0.925062 -0.288418 -0.635883 -0.938051 0.303007 0.16807 -0.24192 0.242868 0.229014 0.942639 0.373779 0.185034 -0.120536 0.975312 0.381731 -0.980482 0.0444777 0.191512 -0.487316 -0.0664638 -0.991712 -0.109954 0.442418 
1535380882466 0.24655 0.925205 -0.28846 -0.636046 -0.938192 0.302468 0.16825 -0.241988 0.242916 0.229149 0.942594 0.373809 0.186307 -0.120479 0.975077 0.381694 -0.980544 0.0396631 0.192252 -0.487472 -0.061837 -0.991923 -0.110746 0.442586 
1535380882707 0.245965 0.925347 -0.288502 -0.63621 -0.938334 0.30193 0.16843 -0.242057 0.242964 0.229283 0.942549 0.373839 0.187579 -0.120416 0.974841 0.381656 -0.980582 0.0348476 0.192988 -0.487629 -0.0572097 -0.992112 -0.111541 0.442755 
1535380882951 0.24538 0.92549 -0.288544 -0.636373 -0.938474 0.301391 0.16861 -0.242125 0.243011 0.229418 0.942504 0.373869 0.18885 -0.120346 0.974604 0.381618 -0.980597 0.0300315 0.193719 -0.487785 -0.0525822 -0.992278 -0.11234 0.442924 
1535380883191 0.244794 0.925631 -0.288586 -0.636535 -0.938615 0.300852 0.16879 -0.242193 0.243059 0.229553 0.942458 0.373899 0.19012 -0.120271 0.974366 0.381581 -0.980589 0.0252147 0.194447 -0.487941 -0.0479545 -0.992421 -0.113142 0.443093 
1535380883429 0.244209 0.925773 -0.288628 -0.636697 -0.938755 0.300313 0.16897 -0.242261 0.243106 0.229687 0.942413 0.37393 0.191391 -0.120189 0.974127 0.381543 -0.980557 0.0203972 0.195171 -0.488096 -0.0433268 -0.992542 -0.113948 0.443261 
1535380883685 0.243623 0.925914 -0.28867 -0.636861 -0.938895 0.299774 0.16915 -0.24233 0.243154 0.229822 0.942368 0.37396 0.192661 -0.1201 0.973888 0.381505 -0.980502 0.0155795 0.19589 -0.488252 -0.0386991 -0.99264 -0.114757 0.44343 
1535380883966 0.244207 0.925746 -0.288718 -0.636719 -0.938752 0.300331 0.168953 -0.242267 0.243118 0.229775 0.942389 0.373914 0.192229 -0.120076 0.973976 0.381536 -0.980528 0.0171112 0.195631 -0.488182 -0.0401566 -0.992617 -0.114449 0.443353 
1535380884094 0.243979 0.925993 -0.288117 -0.636779 -0.938955 0.299868 0.16865 -0.242314 0.242566 0.229382 0.942627 0.373928 0.192223 -0.121063 0.973855 0.381541 -0.980497 0.0177156 0.195736 -0.488188 -0.0409487 -0.992487 -0.115296 0.443469 
1535380884204 0.243749 0.92624 -0.287516 -0.636844 -0.939157 0.299405 0.168346 -0.242364 0.242013 0.228988 0.942865 0.373942 0.192216 -0.122049 0.973734 0.381547 -0.980465 0.0183201 0.195841 -0.488194 -0.0417411 -0.992355 -0.116144 0.443585 
1535380884334 0.243519 0.926487 -0.286914 -0.636911 -0.939359 0.298942 0.168042 -0.242415 0.24146 0.228594 0.943102 0.373955 0.192208 -0.123036 0.973611 0.381552 -0.980432 0.0189244 0.195946 -0.4882 -0.0425335 -0.992222 -0.116991 0.4437 
1535380884467 0.243289 0.926734 -0.286313 -0.636976 -0.939561 0.298479 0.167738 -0.242464 0.240907 0.228199 0.943339 0.373968 0.1922 -0.124022 0.973487 0.381557 -0.980399 0.0195286 0.196052 -0.488206 -0.0433257 -0.992087 -0.117838 0.443816 
1535380884604 0.243058 0.92698 -0.285711 -0.63704 -0.939762 0.298016 0.167433 -0.242514 0.240354 0.227805 0.943576 0.373981 0.192191 -0.125009 0.973363 0.381562 -0.980365 0.0201326 0.196159 -0.488211 -0.044118 -0.991951 -0.118685 0.443932 
1535380884719 0.242827 0.927226 -0.28511 -0.637106 -0.939963 0.297553 0.167129 -0.242564 0.239801 0.227409 0.943812 0.373994 0.19218 -0.125995 0.973238 0.381568 -0.980331 0.0207366 0.196266 -0.488217 -0.0449102 -0.991814 -0.119532 0.444048 
1535380884845 0.242596 0.927471 -0.284508 -0.637172 -0.940164 0.29709 0.166823 -0.242614 0.239248 0.227014 0.944047 0.374007 0.19217 -0.126982 0.973112 0.381573 -0.980297 0.0213403 0.196374 -0.488223 -0.0457024 -0.991675 -0.120379 0.444164 
1535380884972 0.242364 0.927716 -0.283907 -0.637237 -0.940364 0.296627 0.166518 -0.242664 0.238696 0.226618 0.944282 0.374021 0.192158 -0.127968 0.972985 0.381578 -0.980262 0.0219441 0.196481 -0.488229 -0.0464945 -0.991536 -0.121225 0.444279 
1535380885099 0.242132 0.92796 -0.283305 -0.637302 -0.940564 0.296165 0.166212 -0.242713 0.238143 0.226222 0.944517 0.374034 0.192146 -0.128953 0.972857 0.381584 -0.980227 0.0225476 0.19659 -0.488235 -0.0472866 -0.991394 -0.122071 0.444395 
1535380885255 0.242691 0.927551 -0.284167 -0.63721 -0.940202 0.29706 0.166662 -0.242697 0.239002 0.226727 0.944178 0.374073 0.19209 -0.127939 0.973002 0.381597 -0.980272 0.0220216 0.196421 -0.488262 -0.0465569 -0.991538 -0.121185 0.444301 
1535380885270 0.242437 0.92781 -0.283537 -0.637269 -0.940424 0.296556 0.166306 -0.242768 0.238385 0.226326 0.944431 0.374038 0.191385 -0.128711 0.973039 0.381591 -0.980318 0.0238769 0.195975 -0.488244 -0.0484572 -0.991395 -0.121608 0.444355 
1535380885319 0.242183 0.928069 -0.282906 -0.637332 -0.940645 0.296052 0.16595 -0.242842 0.237768 0.225924 0.944682 0.374002 0.190678 -0.129481 0.973076 0.381584 -0.98036 0.0257328 0.19553 -0.488224 -0.0503573 -0.991248 -0.122031 0.444408 
1535380885496 0.241929 0.928327 -0.282275 -0.637395 -0.940866 0.295549 0.165594 -0.242915 0.237152 0.225521 0.944934 0.373966 0.189969 -0.13025 0.973112 0.381578 -0.980398 0.027589 0.195085 -0.488204 -0.052257 -0.991097 -0.122456 0.444461 
1535380885684 0.241674 0.928585 -0.281644 -0.637458 -0.941087 0.295045 0.165238 -0.242988 0.236535 0.225117 0.945184 0.37393 0.189259 -0.131018 0.973147 0.381571 -0.980433 0.0294455 0.19464 -0.488184 -0.0541561 -0.990943 -0.122881 0.444515 
1535380885881 0.241419 0.928843 -0.281012 -0.637522 -0.941307 0.294542 0.164881 -0.243062 0.235919 0.224714 0.945434 0.373893 0.188548 -0.131784 0.973182 0.381565 -0.980463 0.0313021 0.194197 -0.488164 -0.0560547 -0.990784 -0.123308 0.444568 
1535380886061 0.241163 0.9291 -0.280381 -0.637585 -0.941527 0.294039 0.164524 -0.243135 0.235302 0.224309 0.945684 0.373858 0.187834 -0.132549 0.973216 0.381558 -0.98049 0.0331591 0.193754 -0.488145 -0.0579529 -0.990622 -0.123735 0.444622 
1535380886250 0.240907 0.929357 -0.27975 -0.637649 -0.941746 0.293535 0.164167 -0.243208 0.234686 0.223905 0.945933 0.373821 0.187119 -0.133313 0.973249 0.381552 -0.980512 0.0350162 0.193312 -0.488125 -0.0598504 -0.990455 -0.124162 0.444675 
1535380886442 0.24065 0.929613 -0.279119 -0.637712 -0.941965 0.293032 0.163809 -0.243282 0.234069 0.2235 0.946181 0.373785 0.186403 -0.134075 0.973282 0.381545 -0.980531 0.0368735 0.192871 -0.488105 -0.0617475 -0.990285 -0.124591 0.444728 
1535380886632 0.240393 0.929869 -0.278488 -0.637776 -0.942184 0.292529 0.16345 -0.243355 0.233453 0.223094 0.946429 0.373749 0.185685 -0.134836 0.973314 0.381539 -0.980546 0.0387311 0.19243 -0.488085 -0.063644 -0.990111 -0.125021 0.444782 
1535380886846 0.240515 0.929594 -0.279298 -0.637701 -0.941989 0.292944 0.163828 -0.243245 0.234112 0.223692 0.946125 0.373743 0.186124 -0.134428 0.973287 0.38153 -0.980513 0.0379682 0.19275 -0.488094 -0.0628649 -0.990196 -0.124741 0.444689 
1535380886866 0.240817 0.929533 -0.27924 -0.637666 -0.941866 0.293267 0.163961 -0.243261 0.234299 0.223523 0.946119 0.373726 0.186174 -0.13505 0.973191 0.381556 -0.980495 0.037975 0.192841 -0.488161 -0.0630002 -0.990111 -0.125346 0.444759 
1535380886885 0.241119 0.929472 -0.279184 -0.63763 -0.941742 0.29359 0.164091 -0.243277 0.234484 0.223354 0.946113 0.373709 0.186225 -0.135672 0.973095 0.381584 -0.980477 0.037981 0.192933 -0.488231 -0.0631347 -0.990026 -0.12595 0.444828 
1535380887018 0.241422 0.92941 -0.279128 -0.637593 -0.941619 0.293913 0.164222 -0.243292 0.234669 0.223185 0.946107 0.373692 0.186275 -0.136294 0.972998 0.381612 -0.980458 0.0379869 0.193024 -0.488302 -0.0632692 -0.98994 -0.126554 0.444899 
1535380887047 0.241724 0.929348 -0.279072 -0.637555 -0.941495 0.294236 0.164353 -0.243307 0.234854 0.223017 0.946101 0.373675 0.186326 -0.136915 0.972901 0.38164 -0.98044 0.0379928 0.193116 -0.488373 -0.0634038 -0.989854 -0.127158 0.444969 
1535380887156 0.242026 0.929287 -0.279016 -0.637518 -0.941371 0.294559 0.164484 -0.243321 0.235039 0.222848 0.946095 0.373658 0.186376 -0.137537 0.972804 0.381668 -0.980422 0.0379985 0.193208 -0.488445 -0.0635384 -0.989767 -0.127762 0.445039 
1535380887200 0.242328 0.929225 -0.278959 -0.637481 -0.941247 0.294882 0.164614 -0.243337 0.235224 0.222679 0.946089 0.373641 0.186426 -0.138159 0.972706 0.381696 -0.980403 0.0380043 0.193299 -0.488515 -0.063673 -0.989681 -0.128366 0.445109 
1535380887251 0.24263 0.929163 -0.278903 -0.637444 -0.941123 0.295204 0.164745 -0.243352 0.235409 0.22251 0.946083 0.373624 0.186476 -0.13878 0.972608 0.381723 -0.980385 0.03801 0.193391 -0.488585 -0.0638077 -0.989594 -0.12897 0.445179 
1535380887341 0.242933 0.929101 -0.278847 -0.637406 -0.940999 0.295527 0.164876 -0.243366 0.235593 0.222341 0.946076 0.373608 0.186527 -0.139402 0.97251 0.381752 -0.980367 0.0380156 0.193483 -0.488657 -0.0639423 -0.989506 -0.129574 0.445249 
1535380887389 0.243235 0.929039 -0.278791 -0.637369 -0.940875 0.29585 0.165007 -0.243381 0.235778 0.222172 0.94607 0.373591 0.186577 -0.140023 0.972411 0.381779 -0.980349 0.0380212 0.193574 -0.488728 -0.064077 -0.989418 -0.130177 0.445319 
1535380887489 0.242428 0.92918 -0.279021 -0.637503 -0.941194 0.295014 0.16468 -0.243322 0.235333 0.22269 0.946059 0.373598 0.186479 -0.138899 0.972591 0.381689 -0.980394 0.0378481 0.193381 -0.488574 -0.063671 -0.989583 -0.129118 0.445179 
1535380887506 0.243077 0.929052 -0.278885 -0.637303 -0.94106 0.295579 0.164436 -0.243233 0.235202 0.222477 0.946142 0.373652 0.186841 -0.139291 0.972465 0.381746 -0.980376 0.0369255 0.19365 -0.488732 -0.0628825 -0.989563 -0.129659 0.445207 
1535380887522 0.243725 0.928922 -0.27875 -0.637099 -0.940925 0.296145 0.164192 -0.243141 0.235072 0.222266 0.946224 0.373706 0.187204 -0.139683 0.972339 0.381804 -0.980357 0.0360027 0.193919 -0.488892 -0.062094 -0.989542 -0.130199 0.445235 
1535380887736 0.244373 0.928792 -0.278616 -0.636895 -0.940789 0.29671 0.163948 -0.24305 0.234941 0.222054 0.946306 0.37376 0.187567 -0.140073 0.972213 0.381861 -0.980337 0.0350797 0.194188 -0.489051 -0.0613056 -0.98952 -0.130739 0.445264 
1535380887891 0.245021 0.928662 -0.278481 -0.636691 -0.940653 0.297275 0.163704 -0.242958 0.234811 0.221843 0.946388 0.373815 0.18793 -0.140464 0.972087 0.381919 -0.980316 0.0341567 0.194457 -0.489211 -0.0605173 -0.989496 -0.13128 0.445292 
1535380888070 0.245669 0.928531 -0.278346 -0.636486 -0.940517 0.297841 0.16346 -0.242867 0.23468 0.221632 0.94647 0.373869 0.188294 -0.140853 0.97196 0.381976 -0.980295 0.0332335 0.194725 -0.48937 -0.0597293 -0.989473 -0.13182 0.44532 
1535380888239 0.246317 0.9284 -0.27821 -0.636283 -0.94038 0.298406 0.163216 -0.242776 0.234549 0.22142 0.946552 0.373923 0.188658 -0.141243 0.971833 0.382034 -0.980273 0.0323102 0.194992 -0.489529 -0.0589414 -0.989448 -0.132361 0.445349 
1535380888387 0.246965 0.928269 -0.278075 -0.636078 -0.940243 0.298971 0.162972 -0.242684 0.234418 0.22121 0.946633 0.373978 0.189022 -0.141632 0.971705 0.382091 -0.980249 0.0313867 0.195259 -0.489689 -0.0581536 -0.989422 -0.132902 0.445377 
1535380888541 0.247612 0.928137 -0.277939 -0.635874 -0.940105 0.299536 0.162728 -0.242593 0.234287 0.220998 0.946715 0.374032 0.189386 -0.142021 0.971577 0.382149 -0.980225 0.0304632 0.195525 -0.489848 -0.057366 -0.989395 -0.133443 0.445405 
1535380888673 0.24826 0.928004 -0.277803 -0.635669 -0.939967 0.300101 0.162484 -0.242501 0.234155 0.220788 0.946797 0.374087 0.189751 -0.14241 0.971449 0.382206 -0.980201 0.0295395 0.195791 -0.490008 -0.0565786 -0.989367 -0.133985 0.445434 
1535380888862 0.247556 0.928153 -0.277937 -0.63584 -0.940123 0.299479 0.162732 -0.242509 0.234276 0.22101 0.946715 0.374017 0.189452 -0.141938 0.971577 0.382142 -0.980204 0.0306246 0.195608 -0.489782 -0.0575182 -0.989402 -0.133326 0.445436 
1535380888875 0.247829 0.928105 -0.277854 -0.635484 -0.940102 0.299677 0.162485 -0.242391 0.23407 0.220942 0.946782 0.374139 0.189695 -0.142259 0.971483 0.38218 -0.980139 0.0308384 0.195901 -0.489932 -0.0578276 -0.989349 -0.133584 0.445408 
1535380888940 0.248101 0.928057 -0.277771 -0.635123 -0.940082 0.299874 0.162238 -0.242271 0.233863 0.220876 0.946848 0.374261 0.189938 -0.142581 0.971388 0.382219 -0.980073 0.0310519 0.196195 -0.490082 -0.0581371 -0.989296 -0.133842 0.44538 
1535380889140 0.248373 0.928009 -0.277688 -0.634763 -0.940061 0.300072 0.161992 -0.242151 0.233656 0.22081 0.946915 0.374384 0.190182 -0.142903 0.971293 0.382258 -0.980008 0.0312654 0.196489 -0.490232 -0.0584466 -0.989243 -0.1341 0.445352 
1535380889327 0.248646 0.92796 -0.277605 -0.634402 -0.940041 0.300269 0.161745 -0.242031 0.233449 0.220743 0.946981 0.374507 0.190426 -0.143224 0.971198 0.382297 -0.979942 0.0314788 0.196783 -0.490383 -0.0587562 -0.989189 -0.134357 0.445324 
1535380889520 0.248918 0.927912 -0.277523 -0.634041 -0.94002 0.300467 0.161498 -0.24191 0.233242 0.220677 0.947048 0.37463 0.190669 -0.143546 0.971102 0.382335 -0.979876 0.0316922 0.197076 -0.490533 -0.0590659 -0.989136 -0.134615 0.445295 
1535380889720 0.24919 0.927864 -0.27744 -0.633681 -0.94 0.300664 0.161251 -0.24179 0.233035 0.220611 0.947114 0.374752 0.190913 -0.143868 0.971007 0.382374 -0.97981 0.0319053 0.197371 -0.490683 -0.0593756 -0.989082 -0.134872 0.445267 
1535380889937 0.249462 0.927816 -0.277357 -0.633319 -0.939979 0.300862 0.161004 -0.24167 0.232828 0.220545 0.947181 0.374875 0.191156 -0.14419 0.970911 0.382413 -0.979743 0.0321184 0.197665 -0.490834 -0.0596854 -0.989029 -0.13513 0.445239 
1535380890142 0.249734 0.927767 -0.277274 -0.632959 -0.939958 0.30106 0.160757 -0.24155 0.232621 0.220479 0.947247 0.374998 0.191399 -0.144512 0.970815 0.382451 -0.979677 0.0323314 0.197959 -0.490984 -0.0599953 -0.988975 -0.135387 0.445211 
1535380890363 0.250006 0.927719 -0.277191 -0.632597 -0.939937 0.301257 0.16051 -0.241429 0.232414 0.220413 0.947313 0.37512 0.191642 -0.144834 0.97072 0.38249 -0.97961 0.0325443 0.198253 -0.491134 -0.0603052 -0.988921 -0.135644 0.445183 
1535380890586 0.249966 0.927758 -0.277096 -0.632806 -0.939937 0.301212 0.160593 -0.241506 0.232456 0.22031 0.947327 0.375088 0.191407 -0.144576 0.970804 0.382445 -0.979679 0.032254 0.19796 -0.490973 -0.0599325 -0.988968 -0.135464 0.445179 
1535380890602 0.249857 0.927702 -0.277382 -0.632338 -0.939848 0.301269 0.161007 -0.241349 0.232933 0.220468 0.947173 0.375239 0.191829 -0.143241 0.970919 0.382479 -0.979687 0.0309617 0.198129 -0.491079 -0.0584415 -0.989203 -0.134392 0.444958 
1535380890832 0.24975 0.927645 -0.277669 -0.631864 -0.939758 0.301328 0.16142 -0.241188 0.23341 0.220627 0.947018 0.37539 0.192249 -0.141905 0.971032 0.382513 -0.979692 0.0296696 0.198299 -0.491186 -0.0569498 -0.989436 -0.133319 0.444737 
1535380891073 0.249642 0.927588 -0.277956 -0.631391 -0.939668 0.301387 0.161833 -0.241029 0.233886 0.220786 0.946864 0.375542 0.192667 -0.140568 0.971144 0.382548 -0.979696 0.0283777 0.198471 -0.491293 -0.0554577 -0.989664 -0.132247 0.444515 
1535380891300 0.249534 0.927531 -0.278242 -0.630917 -0.939578 0.301445 0.162246 -0.240869 0.234363 0.220945 0.946709 0.375694 0.193083 -0.139231 0.971254 0.382582 -0.979697 0.0270861 0.198644 -0.4914 -0.0539649 -0.989889 -0.131174 0.444294 
1535380891526 0.249426 0.927474 -0.278529 -0.630445 -0.939488 0.301504 0.162659 -0.24071 0.234839 0.221103 0.946554 0.375845 0.193497 -0.137893 0.971362 0.382616 -0.979697 0.0257945 0.198819 -0.491507 -0.0524716 -0.990111 -0.130102 0.444073 
1535380891750 0.249317 0.927417 -0.278815 -0.629971 -0.939397 0.301563 0.163071 -0.240549 0.235315 0.221262 0.946398 0.375997 0.193909 -0.136554 0.971469 0.382651 -0.979694 0.0245032 0.198995 -0.491614 -0.0509777 -0.99033 -0.12903 0.443852 
1535380891968 0.249209 0.927361 -0.279101 -0.629498 -0.939307 0.301622 0.163484 -0.24039 0.235792 0.22142 0.946243 0.376148 0.19432 -0.135215 0.971574 0.382685 -0.979689 0.023212 0.199173 -0.49172 -0.0494833 -0.990544 -0.127958 0.443631 
1535380892192 0.2491 0.927303 -0.279388 -0.629024 -0.939216 0.301681 0.163897 -0.24023 0.236268 0.221579 0.946087 0.3763 0.194727 -0.133874 0.971678 0.382719 -0.979683 0.0219211 0.199352 -0.491827 -0.0479883 -0.990756 -0.126886 0.443409 
1535380892416 0.248991 0.927246 -0.279674 -0.628551 -0.939125 0.30174 0.164309 -0.24007 0.236744 0.221737 0.945931 0.376451 0.195134 -0.132533 0.971781 0.382754 -0.979674 0.0206302 0.199533 -0.491934 -0.0464927 -0.990964 -0.125814 0.443188 
1535380892692 0.249027 0.927316 -0.279413 -0.62878 -0.939176 0.30167 0.164142 -0.24006 0.236502 0.221542 0.946037 0.376379 0.19484 -0.13321 0.971747 0.382714 -0.979706 0.0210851 0.199326 -0.491899 -0.0470416 -0.990864 -0.126398 0.443382 
1535380892806 0.249023 0.927253 -0.279623 -0.628406 -0.93908 0.301795 0.164462 -0.23991 0.236887 0.221633 0.945919 0.376502 0.195317 -0.131703 0.971857 0.382758 -0.979721 0.0189638 0.199468 -0.492002 -0.0447005 -0.991108 -0.125328 0.443172 
1535380893025 0.24902 0.92719 -0.279834 -0.628028 -0.938984 0.30192 0.164782 -0.239758 0.237272 0.221726 0.945801 0.376626 0.195784 -0.130224 0.971962 0.382802 -0.979731 0.0168595 0.199608 -0.492102 -0.0423806 -0.991341 -0.124284 0.442974 
1535380893232 0.249017 0.927127 -0.280046 -0.62765 -0.938887 0.302046 0.165102 -0.239607 0.237657 0.221818 0.945683 0.376749 0.196247 -0.128745 0.972066 0.382847 -0.979736 0.0147554 0.19975 -0.492202 -0.0400599 -0.991568 -0.12324 0.442777 
1535380893456 0.249014 0.927064 -0.280257 -0.627272 -0.938791 0.302172 0.165421 -0.239455 0.238042 0.22191 0.945564 0.376873 0.196707 -0.127264 0.972168 0.382892 -0.979736 0.0126513 0.199894 -0.492301 -0.0377385 -0.991788 -0.122196 0.442579 
1535380893658 0.249011 0.927001 -0.280469 -0.626893 -0.938694 0.302298 0.165741 -0.239302 0.238427 0.222003 0.945446 0.376997 0.197162 -0.125782 0.972268 0.382937 -0.979731 0.0105476 0.20004 -0.492401 -0.0354164 -0.992002 -0.121153 0.442381 
1535380893880 0.249008 0.926938 -0.28068 -0.626516 -0.938597 0.302423 0.16606 -0.239151 0.238812 0.222095 0.945327 0.377121 0.197615 -0.124298 0.972367 0.382982 -0.979721 0.00844385 0.200189 -0.492501 -0.0330937 -0.992209 -0.120109 0.442183 
1535380894105 0.249004 0.926875 -0.280891 -0.626138 -0.9385 0.302549 0.16638 -0.238999 0.239197 0.222187 0.945208 0.377244 0.198064 -0.122814 0.972465 0.383026 -0.979706 0.00634039 0.20034 -0.4926 -0.0307704 -0.992409 -0.119066 0.441985 
1535380894302 0.249001 0.926812 -0.281103 -0.625759 -0.938402 0.302675 0.166699 -0.238847 0.239582 0.22228 0.945089 0.377368 0.19851 -0.121328 0.97256 0.383071 -0.979686 0.00423708 0.200493 -0.4927 -0.0284463 -0.992603 -0.118023 0.441788 
1535380894509 0.248997 0.926748 -0.281314 -0.625381 -0.938305 0.302801 0.167019 -0.238695 0.239966 0.222372 0.944969 0.377492 0.198952 -0.119842 0.972654 0.383116 -0.979661 0.00213403 0.200648 -0.4928 -0.0261217 -0.992791 -0.11698 0.44159 
1535380894773 0.248852 0.926859 -0.281079 -0.625608 -0.938393 0.302574 0.166935 -0.238695 0.239773 0.222221 0.945054 0.377459 0.19863 -0.120347 0.972658 0.38305 -0.979708 0.00277938 0.200413 -0.492809 -0.0268225 -0.992728 -0.117353 0.441744 
1535380894787 0.2489 0.926762 -0.281355 -0.62526 -0.93831 0.302734 0.167111 -0.238568 0.240048 0.222404 0.944941 0.377578 0.199166 -0.120173 0.972569 0.383094 -0.979631 0.00152455 0.200801 -0.492938 -0.0256135 -0.992752 -0.117421 0.44171 
1535380894802 0.248947 0.926666 -0.281631 -0.624908 -0.938227 0.302895 0.167287 -0.238438 0.240324 0.222588 0.944827 0.377697 0.199688 -0.120061 0.972476 0.383139 -0.979553 0.000368664 0.201187 -0.493064 -0.0245132 -0.992766 -0.117532 0.441686 
1535380895043 0.248995 0.926569 -0.281908 -0.624553 -0.938144 0.303056 0.167462 -0.238308 0.240599 0.222773 0.944714 0.377817 0.20021 -0.119948 0.972383 0.383184 -0.979473 -0.000787135 0.201573 -0.493189 -0.0234129 -0.99278 -0.117644 0.441661 
1535380895248 0.249042 0.926472 -0.282185 -0.6242 -0.93806 0.303217 0.167638 -0.238178 0.240875 0.222957 0.9446 0.377937 0.200732 -0.119835 0.972289 0.383229 -0.979392 -0.00194293 0.201959 -0.493314 -0.0223127 -0.992792 -0.117755 0.441637 
1535380895455 0.24909 0.926375 -0.282461 -0.623848 -0.937977 0.303377 0.167813 -0.238048 0.24115 0.223141 0.944486 0.378057 0.201254 -0.119721 0.972195 0.383274 -0.979309 -0.00309865 0.202345 -0.493439 -0.0212124 -0.992803 -0.117868 0.441612 
1535380895657 0.249137 0.926278 -0.282738 -0.623494 -0.937894 0.303538 0.167988 -0.237918 0.241425 0.223326 0.944372 0.378176 0.201775 -0.119607 0.972101 0.383319 -0.979225 -0.00425436 0.20273 -0.493564 -0.0201122 -0.992812 -0.11798 0.441588 
1535380895864 0.249184 0.926181 -0.283014 -0.623142 -0.93781 0.303699 0.168163 -0.237789 0.241701 0.22351 0.944259 0.378296 0.202296 -0.119492 0.972007 0.383364 -0.97914 -0.00540998 0.203116 -0.493688 -0.0190121 -0.99282 -0.118093 0.441563 
1535380896060 0.249231 0.926083 -0.283291 -0.622788 -0.937727 0.30386 0.168338 -0.237659 0.241976 0.223694 0.944144 0.378416 0.202817 -0.119376 0.971913 0.383409 -0.979053 -0.00656553 0.203501 -0.493814 -0.017912 -0.992827 -0.118207 0.441539 
1535380896271 0.249278 0.925986 -0.283567 -0.622436 -0.937643 0.30402 0.168514 -0.237529 0.242251 0.223878 0.94403 0.378535 0.203338 -0.11926 0.971818 0.383454 -0.978964 -0.00772111 0.203886 -0.493938 -0.0168119 -0.992833 -0.118321 0.441514 
1535380896506 0.249311 0.926008 -0.283465 -0.622628 -0.937657 0.304012 0.16845 -0.23766 0.242163 0.223797 0.944072 0.37851 0.20305 -0.119378 0.971864 0.383418 -0.979005 -0.00663607 0.203727 -0.493796 -0.0178711 -0.992827 -0.118219 0.441527 
1535380896520 0.249403 0.925934 -0.283625 -0.62238 -0.937596 0.304164 0.168519 -0.237543 0.242306 0.223897 0.944012 0.378583 0.203388 -0.119961 0.971721 0.383445 -0.978964 -0.00850126 0.203855 -0.493875 -0.0161938 -0.992742 -0.119167 0.441653 
1535380896536 0.24951 0.925855 -0.283789 -0.622136 -0.93753 0.30433 0.168583 -0.23743 0.242449 0.223998 0.943951 0.378653 0.203727 -0.120543 0.971578 0.383472 -0.97892 -0.010367 0.20398 -0.493956 -0.014516 -0.992654 -0.120114 0.441779 
1535380896742 0.249618 0.925776 -0.283953 -0.621891 -0.937465 0.304496 0.168647 -0.237317 0.242592 0.224099 0.94389 0.378724 0.204066 -0.121124 0.971435 0.3835 -0.978873 -0.0122327 0.204104 -0.494038 -0.0128386 -0.992562 -0.121061 0.441906 
1535380896910 0.249724 0.925697 -0.284116 -0.621648 -0.937399 0.304662 0.168711 -0.237205 0.242735 0.224199 0.94383 0.378793 0.204408 -0.121705 0.971291 0.383527 -0.978822 -0.0140985 0.204226 -0.494118 -0.0111615 -0.992466 -0.122009 0.442032 
1535380897092 0.249831 0.925618 -0.28428 -0.621403 -0.937334 0.304828 0.168775 -0.237092 0.242878 0.2243 0.943769 0.378864 0.204749 -0.122284 0.971146 0.383554 -0.978769 -0.0159643 0.204346 -0.494199 -0.00948463 -0.992367 -0.122957 0.442158 
1535380897274 0.249938 0.925539 -0.284444 -0.621158 -0.937268 0.304995 0.168839 -0.236979 0.243021 0.224401 0.943708 0.378934 0.205092 -0.122863 0.971 0.383581 -0.978712 -0.0178302 0.204464 -0.49428 -0.00780809 -0.992263 -0.123905 0.442285 
1535380897448 0.250045 0.92546 -0.284607 -0.620915 -0.937203 0.305161 0.168903 -0.236866 0.243164 0.224501 0.943647 0.379004 0.205435 -0.123442 0.970855 0.383609 -0.978652 -0.019696 0.204581 -0.494361 -0.00613186 -0.992156 -0.124853 0.442411 
1535380897604 0.250152 0.925381 -0.284771 -0.620672 -0.937137 0.305327 0.168967 -0.236754 0.243307 0.224602 0.943587 0.379074 0.20578 -0.124019 0.970708 0.383636 -0.978588 -0.0215619 0.204696 -0.494441 -0.00445593 -0.992046 -0.125801 0.442537 
1535380897770 0.250259 0.925301 -0.284935 -0.620426 -0.937071 0.305493 0.16903 -0.236641 0.24345 0.224703 0.943526 0.379144 0.206126 -0.124596 0.970561 0.383663 -0.978522 -0.0234277 0.204809 -0.494522 -0.00278035 -0.991931 -0.126749 0.442664 
1535380897956 0.250223 0.925343 -0.284832 -0.620634 -0.937092 0.305429 0.16903 -0.236745 0.243407 0.224619 0.943557 0.379132 0.205848 -0.123849 0.970715 0.383665 -0.978571 -0.0209144 0.204845 -0.494364 -0.00506797 -0.992081 -0.1255 0.442442 
1535380897977 0.250267 0.925315 -0.284884 -0.620436 -0.937075 0.305486 0.169022 -0.236652 0.243427 0.224657 0.943543 0.379181 0.206088 -0.125094 0.970505 0.383683 -0.978517 -0.0206758 0.205125 -0.494471 -0.00559398 -0.991929 -0.126668 0.442601 
1535380898153 0.250313 0.925286 -0.284937 -0.620232 -0.937057 0.305545 0.169015 -0.236556 0.243448 0.224696 0.943528 0.37923 0.206329 -0.12634 0.970292 0.383702 -0.978463 -0.0204378 0.205406 -0.49458 -0.00612042 -0.991776 -0.127836 0.44276 
1535380898310 0.250359 0.925257 -0.28499 -0.620027 -0.937039 0.305603 0.169007 -0.236459 0.243469 0.224734 0.943513 0.37928 0.206571 -0.127586 0.970077 0.383722 -0.978409 -0.0202003 0.205688 -0.49469 -0.00664713 -0.991622 -0.129004 0.44292 
1535380898459 0.250405 0.925229 -0.285043 -0.619824 -0.937022 0.305662 0.169 -0.236363 0.24349 0.224773 0.943499 0.37933 0.206811 -0.128832 0.969862 0.383741 -0.978355 -0.019963 0.20597 -0.494799 -0.00717414 -0.991465 -0.130172 0.443079 
1535380898611 0.250451 0.9252 -0.285096 -0.619621 -0.937004 0.30572 0.168993 -0.236268 0.243512 0.224811 0.943484 0.379379 0.20705 -0.130077 0.969644 0.383759 -0.9783 -0.0197261 0.206252 -0.494907 -0.00770144 -0.991308 -0.131339 0.443238 
1535380898722 0.250497 0.925171 -0.285148 -0.619417 -0.936986 0.305779 0.168985 -0.236172 0.243533 0.22485 0.943469 0.379429 0.207288 -0.131323 0.969426 0.383779 -0.978245 -0.0194895 0.206534 -0.495017 -0.00822903 -0.991148 -0.132506 0.443398 
1535380898861 0.250542 0.925143 -0.285201 -0.619214 -0.936969 0.305837 0.168978 -0.236076 0.243554 0.224888 0.943455 0.379478 0.207526 -0.132568 0.969205 0.383798 -0.97819 -0.0192533 0.206817 -0.495126 -0.0087569 -0.990987 -0.133672 0.443557 
1535380898994 0.250588 0.925114 -0.285254 -0.619009 -0.936951 0.305896 0.168971 -0.23598 0.243575 0.224927 0.94344 0.379528 0.207763 -0.133813 0.968983 0.383817 -0.978135 -0.0190174 0.207099 -0.495235 -0.00928506 -0.990824 -0.134838 0.443716 
1535380899118 0.250634 0.925085 -0.285307 -0.618806 -0.936933 0.305954 0.168963 -0.235884 0.243596 0.224965 0.943425 0.379578 0.208 -0.135058 0.96876 0.383836 -0.97808 -0.0187819 0.207383 -0.495344 -0.00981349 -0.99066 -0.136004 0.443876 
1535380899269 0.250592 0.925138 -0.285172 -0.619036 -0.936943 0.30589 0.169022 -0.235929 0.2436 0.224835 0.943456 0.379554 0.207851 -0.133912 0.968951 0.38386 -0.978116 -0.0190319 0.207187 -0.495212 -0.00930382 -0.99081 -0.134937 0.443728 
1535380899281 0.250673 0.925144 -0.285081 -0.618878 -0.937015 0.305865 0.16867 -0.235835 0.243241 0.224844 0.943546 0.379589 0.207638 -0.133853 0.969005 0.38385 -0.978147 -0.017531 0.207175 -0.495277 -0.0107435 -0.990846 -0.134568 0.443677 
1535380899302 0.250753 0.92515 -0.28499 -0.618716 -0.937087 0.305839 0.168318 -0.23574 0.242881 0.224854 0.943636 0.379626 0.207425 -0.133794 0.969058 0.38384 -0.978175 -0.0160302 0.207163 -0.495341 -0.012183 -0.990879 -0.134199 0.443626 
1535380899315 0.250834 0.925157 -0.284899 -0.618555 -0.937159 0.305812 0.167966 -0.235644 0.242521 0.224864 0.943727 0.379662 0.207211 -0.133735 0.969112 0.38383 -0.978201 -0.0145294 0.207149 -0.495405 -0.0136226 -0.990911 -0.133831 0.443575 
1535380899502 0.250914 0.925163 -0.284808 -0.618392 -0.93723 0.305787 0.167614 -0.235549 0.242161 0.224874 0.943817 0.379698 0.206998 -0.133676 0.969166 0.38382 -0.978225 -0.0130286 0.207136 -0.49547 -0.0150622 -0.990939 -0.133462 0.443524 
1535380899562 0.250995 0.925169 -0.284716 -0.618231 -0.937301 0.30576 0.167262 -0.235454 0.241801 0.224883 0.943907 0.379734 0.206784 -0.133617 0.96922 0.383811 -0.978247 -0.0115277 0.207121 -0.495534 -0.0165019 -0.990966 -0.133094 0.443474 
1535380899712 0.251075 0.925175 -0.284625 -0.618069 -0.937373 0.305734 0.16691 -0.235358 0.241441 0.224893 0.943997 0.379771 0.206571 -0.133557 0.969274 0.383801 -0.978267 -0.0100268 0.207106 -0.495599 -0.0179416 -0.99099 -0.132725 0.443423 
1535380899769 0.251156 0.925182 -0.284534 -0.617907 -0.937444 0.305708 0.166558 -0.235262 0.24108 0.224903 0.944086 0.379807 0.206357 -0.133496 0.969327 0.383791 -0.978285 -0.00852596 0.20709 -0.495663 -0.0193813 -0.991013 -0.132357 0.443372 
1535380899912 0.251236 0.925188 -0.284443 -0.617744 -0.937515 0.305682 0.166205 -0.235166 0.24072 0.224913 0.944176 0.379844 0.206144 -0.133436 0.969381 0.383781 -0.9783 -0.00702499 0.207074 -0.495727 -0.0208212 -0.991033 -0.131988 0.443321 
1535380899968 0.251317 0.925194 -0.284351 -0.617583 -0.937586 0.305656 0.165853 -0.235071 0.24036 0.224922 0.944265 0.37988 0.205931 -0.133375 0.969435 0.383771 -0.978313 -0.00552406 0.207057 -0.495792 -0.022261 -0.99105 -0.13162 0.44327 
1535380900133 0.251256 0.92518 -0.284449 -0.61777 -0.937475 0.305735 0.166333 -0.23522 0.240854 0.224872 0.944151 0.379882 0.206213 -0.133419 0.969369 0.383829 -0.978296 -0.00753052 0.207075 -0.495699 -0.0203278 -0.991031 -0.132076 0.443316 
1535380900149 0.251243 0.925177 -0.284474 -0.617528 -0.93738 0.305818 0.166716 -0.235128 0.241239 0.224774 0.944077 0.379951 0.205856 -0.133162 0.96948 0.383815 -0.978372 -0.00747424 0.206718 -0.495761 -0.0202808 -0.991066 -0.13182 0.443294 
1535380900164 0.25123 0.925173 -0.284499 -0.617281 -0.937284 0.305903 0.167097 -0.235034 0.241623 0.224676 0.944002 0.380021 0.205499 -0.132905 0.969591 0.383801 -0.978448 -0.00741775 0.20636 -0.495823 -0.0202342 -0.991101 -0.131565 0.443272 
1535380900334 0.251217 0.925168 -0.284524 -0.617032 -0.937189 0.305987 0.167478 -0.23494 0.242006 0.224579 0.943926 0.380091 0.205141 -0.132649 0.969702 0.383787 -0.978524 -0.00736117 0.206001 -0.495885 -0.0201876 -0.991136 -0.13131 0.44325 
1535380900448 0.251204 0.925164 -0.284549 -0.616787 -0.937093 0.306071 0.16786 -0.234846 0.24239 0.224482 0.943851 0.380161 0.204785 -0.132392 0.969812 0.383773 -0.9786 -0.00730493 0.205643 -0.495947 -0.0201411 -0.99117 -0.131055 0.443228 
1535380900589 0.251191 0.92516 -0.284574 -0.616539 -0.936997 0.306155 0.168241 -0.234752 0.242773 0.224384 0.943776 0.380231 0.204427 -0.132136 0.969923 0.383759 -0.978675 -0.00724865 0.205285 -0.496009 -0.0200948 -0.991205 -0.1308 0.443206 
1535380900711 0.251179 0.925156 -0.284599 -0.616291 -0.936901 0.306239 0.168622 -0.234657 0.243157 0.224287 0.9437 0.380301 0.20407 -0.131879 0.970033 0.383745 -0.978751 -0.00719252 0.204926 -0.496071 -0.0200485 -0.99124 -0.130544 0.443184 
1535380900838 0.251166 0.925151 -0.284624 -0.616044 -0.936805 0.306323 0.169003 -0.234564 0.24354 0.224189 0.943625 0.380371 0.203712 -0.131622 0.970143 0.383731 -0.978826 -0.00713641 0.204568 -0.496133 -0.0200023 -0.991274 -0.130289 0.443162 
1535380900966 0.251153 0.925147 -0.284649 -0.615798 -0.936709 0.306407 0.169384 -0.23447 0.243924 0.224092 0.943549 0.380441 0.203355 -0.131365 0.970252 0.383717 -0.978902 -0.00708045 0.204209 -0.496195 -0.0199562 -0.991309 -0.130034 0.44314 
1535380901092 0.25114 0.925143 -0.284674 -0.615549 -0.936612 0.306492 0.169765 -0.234375 0.244307 0.223994 0.943473 0.380511 0.202998 -0.131109 0.970362 0.383703 -0.978977 -0.0070246 0.203851 -0.496257 -0.0199102 -0.991343 -0.129778 0.443118 
1535380901241 0.251058 0.925166 -0.284672 -0.615825 -0.936758 0.3063 0.169309 -0.234411 0.243834 0.224163 0.943555 0.380432 0.203677 -0.131555 0.970159 0.383717 -0.978835 -0.00717991 0.204525 -0.496129 -0.0199407 -0.991283 -0.130233 0.4432 
1535380901251 0.251057 0.92514 -0.284758 -0.615482 -0.936666 0.306399 0.169638 -0.234323 0.244188 0.224134 0.94347 0.380525 0.203626 -0.131759 0.970142 0.383717 -0.978859 -0.00790316 0.204382 -0.496261 -0.0192619 -0.99125 -0.130583 0.443232 
1535380901267 0.251055 0.925114 -0.284844 -0.615134 -0.936574 0.306498 0.169966 -0.234232 0.244542 0.224106 0.943385 0.38062 0.203575 -0.131963 0.970125 0.383718 -0.978883 -0.00862597 0.204239 -0.496394 -0.0185837 -0.991217 -0.130932 0.443265 
1535380901505 0.251053 0.925088 -0.28493 -0.614785 -0.936482 0.306597 0.170295 -0.234141 0.244896 0.224079 0.9433 0.380714 0.203524 -0.132167 0.970108 0.383719 -0.978906 -0.00934873 0.204096 -0.496528 -0.0179054 -0.991183 -0.131281 0.443297 
1535380901691 0.251051 0.925062 -0.285016 -0.614439 -0.93639 0.306696 0.170623 -0.234051 0.24525 0.224051 0.943214 0.380808 0.203473 -0.132371 0.970091 0.38372 -0.978929 -0.0100715 0.203953 -0.496661 -0.0172271 -0.991149 -0.131631 0.44333 
1535380901877 0.25105 0.925035 -0.285102 -0.61409 -0.936297 0.306795 0.170951 -0.23396 0.245604 0.224023 0.943129 0.380903 0.203423 -0.132575 0.970074 0.38372 -0.978951 -0.0107942 0.203809 -0.496794 -0.0165488 -0.991114 -0.13198 0.443362 
1535380902066 0.251048 0.925009 -0.285188 -0.613743 -0.936205 0.306893 0.17128 -0.233869 0.245958 0.223995 0.943043 0.380997 0.203372 -0.132779 0.970056 0.383721 -0.978973 -0.0115169 0.203665 -0.496927 -0.0158704 -0.991079 -0.132329 0.443395 
1535380902240 0.251046 0.924983 -0.285275 -0.613394 -0.936112 0.306992 0.171608 -0.233778 0.246311 0.223968 0.942958 0.381091 0.203322 -0.132983 0.970039 0.383722 -0.978994 -0.0122395 0.203521 -0.49706 -0.015192 -0.991043 -0.132678 0.443427 
1535380902449 0.251044 0.924957 -0.285361 -0.613047 -0.93602 0.307091 0.171936 -0.233688 0.246665 0.22394 0.942872 0.381185 0.203272 -0.133187 0.970022 0.383722 -0.979015 -0.012962 0.203377 -0.497193 -0.0145136 -0.991006 -0.133027 0.44346 
1535380902633 0.251042 0.924931 -0.285447 -0.612698 -0.935927 0.30719 0.172264 -0.233597 0.247019 0.223912 0.942786 0.38128 0.203222 -0.133391 0.970004 0.383723 -0.979035 -0.0136846 0.203232 -0.497326 -0.0138352 -0.990969 -0.133375 0.443492 
1535380902855 0.25097 0.924984 -0.285341 -0.612951 -0.936031 0.307024 0.171994 -0.233629 0.246699 0.223923 0.942867 0.381184 0.203243 -0.133023 0.97005 0.383696 -0.979019 -0.0127917 0.203368 -0.497159 -0.014644 -0.99103 -0.132832 0.443492 
1535380902868 0.251141 0.924968 -0.285241 -0.612629 -0.935932 0.307218 0.17219 -0.233514 0.246901 0.223722 0.942862 0.381257 0.20327 -0.131958 0.97019 0.383688 -0.979018 -0.0129016 0.203365 -0.497296 -0.0143186 -0.991171 -0.131812 0.443311 
1535380903039 0.251313 0.924952 -0.285142 -0.612302 -0.935832 0.307411 0.172384 -0.233397 0.247103 0.223523 0.942856 0.381331 0.203298 -0.130893 0.970328 0.38368 -0.979017 -0.0130124 0.203363 -0.497433 -0.0139924 -0.991311 -0.130791 0.443129 
1535380903232 0.251484 0.924936 -0.285044 -0.611975 -0.935733 0.307604 0.172578 -0.23328 0.247304 0.223324 0.94285 0.381405 0.203325 -0.129827 0.970466 0.383673 -0.979016 -0.0131233 0.203361 -0.49757 -0.0136661 -0.99145 -0.129771 0.442948 
1535380903416 0.251655 0.924919 -0.284945 -0.611648 -0.935634 0.307797 0.172772 -0.233162 0.247506 0.223125 0.942845 0.381479 0.203352 -0.128761 0.970602 0.383665 -0.979015 -0.0132341 0.203359 -0.497708 -0.0133398 -0.991587 -0.128751 0.442767 
1535380903602 0.251827 0.924903 -0.284846 -0.61132 -0.935534 0.307991 0.172966 -0.233045 0.247707 0.222926 0.942839 0.381553 0.203379 -0.127696 0.970737 0.383657 -0.979014 -0.0133449 0.203358 -0.497845 -0.0130135 -0.991724 -0.12773 0.442585 
