1533669846059 -0.00746922 0.482113 -0.876077 -0.519723 -0.970796 0.206591 0.121965 -0.223308 0.239791 0.851403 0.46649 0.466914 0.16008 -0.304787 0.938871 0.370831 -0.775623 0.549475 0.310623 -0.528794 -0.61056 -0.777934 -0.14844 0.432481 
1533669846070 0.0112823 0.541583 -0.840571 -0.528872 -0.968514 0.214999 0.125525 -0.223191 0.248704 0.812689 0.526957 0.45907 0.31622 -0.384863 0.867113 0.400795 -0.930002 -0.306262 0.203222 -0.504304 0.187351 -0.87068 -0.454769 0.485867 
1533669847423 0.0307441 0.597936 -0.800954 -0.537837 -0.966144 0.223147 0.129501 -0.222684 0.256163 0.769856 0.584553 0.451503 0.31622 -0.384863 0.867113 0.400795 -0.930002 -0.306262 0.203222 -0.504304 0.187351 -0.87068 -0.454769 0.485867 
1533669848957 0.0512869 0.650305 -0.75794 -0.54619 -0.963736 0.231241 0.13319 -0.220361 0.261881 0.723623 0.638583 0.445507 0.31622 -0.384863 0.867113 0.400795 -0.930002 -0.306262 0.203222 -0.504304 0.187351 -0.87068 -0.454769 0.485867 
1533669850687 0.0712757 0.700612 -0.709974 -0.55561 -0.961167 0.23849 0.138852 -0.221072 0.266603 0.672507 0.690403 0.436541 0.31622 -0.384863 0.867113 0.400795 -0.930002 -0.306262 0.203222 -0.504304 0.187351 -0.87068 -0.454769 0.485867 
1533669852312 0.0911898 0.747147 -0.658373 -0.565397 -0.95851 0.245157 0.145453 -0.222587 0.27008 0.617793 0.738504 0.427741 0.31622 -0.384863 0.867113 0.400795 -0.930002 -0.306262 0.203222 -0.504304 0.187351 -0.87068 -0.454769 0.485867 
1533669853519 0.111749 0.789201 -0.603883 -0.574668 -0.955848 0.251565 0.151884 -0.22274 0.271783 0.560248 0.782468 0.419753 0.31622 -0.384863 0.867113 0.400795 -0.930002 -0.306262 0.203222 -0.504304 0.187351 -0.87068 -0.454769 0.485867 
1533669854675 0.132448 0.82695 -0.546453 -0.583842 -0.953158 0.257513 0.158672 -0.222673 0.271933 0.49984 0.822321 0.41188 0.31622 -0.384863 0.867113 0.400795 -0.930002 -0.306262 0.203222 -0.504304 0.187351 -0.87068 -0.454769 0.485867 
1533669855765 0.153106 0.860257 -0.48633 -0.593002 -0.950448 0.262933 0.165876 -0.222584 0.270568 0.436835 0.857886 0.404016 0.31622 -0.384863 0.867113 0.400795 -0.930002 -0.306262 0.203222 -0.504305 0.187352 -0.87068 -0.454769 0.485867 
1533669856830 0.17368 0.88889 -0.423922 -0.601755 -0.947728 0.267863 0.17338 -0.222225 0.267669 0.37165 0.888949 0.396264 0.316231 -0.384871 0.867106 0.40083 -0.930001 -0.306257 0.203234 -0.504368 0.187338 -0.870678 -0.454779 0.485897 
1533669857894 0.174052 0.888533 -0.424517 -0.601542 -0.947632 0.268353 0.173147 -0.222368 0.267768 0.372149 0.88871 0.396492 0.316231 -0.384871 0.867106 0.40083 -0.930001 -0.306257 0.203234 -0.504368 0.187338 -0.870678 -0.454779 0.485897 
1533669857906 0.176048 0.891188 -0.418081 -0.602516 -0.94737 0.268755 0.173959 -0.222369 0.267391 0.365453 0.891598 0.395673 0.31622 -0.384863 0.867113 0.400795 -0.930002 -0.306262 0.203222 -0.504304 0.187351 -0.87068 -0.454769 0.485867 
1533669858266 0.17804 0.893794 -0.411623 -0.603495 -0.947107 0.26915 0.174775 -0.222373 0.267001 0.358735 0.894438 0.394853 0.31622 -0.384863 0.867113 0.400795 -0.930002 -0.306262 0.203222 -0.504304 0.187351 -0.87068 -0.454769 0.485867 
1533669858615 0.18003 0.896352 -0.405145 -0.604473 -0.946845 0.269539 0.175593 -0.222377 0.266596 0.351998 0.897231 0.394033 0.31622 -0.384863 0.867113 0.400795 -0.930002 -0.306262 0.203222 -0.504304 0.187351 -0.87068 -0.454769 0.485867 
1533669858968 0.182017 0.89886 -0.398647 -0.605452 -0.946583 0.269922 0.176415 -0.222381 0.266176 0.345242 0.899977 0.393212 0.31622 -0.384863 0.867113 0.400795 -0.930002 -0.306262 0.203222 -0.504304 0.187351 -0.87068 -0.454769 0.485867 
1533669859316 0.184001 0.90132 -0.392129 -0.606431 -0.946322 0.270298 0.17724 -0.222386 0.265742 0.338468 0.902674 0.392392 0.31622 -0.384863 0.867113 0.400795 -0.930002 -0.306262 0.203222 -0.504304 0.187351 -0.87068 -0.454769 0.485867 
1533669859672 0.185982 0.903731 -0.385592 -0.607409 -0.94606 0.270669 0.178068 -0.22239 0.265293 0.331676 0.905323 0.391572 0.31622 -0.384863 0.867113 0.400795 -0.930002 -0.306262 0.203222 -0.504304 0.187351 -0.87068 -0.454769 0.485867 
1533669860020 0.187959 0.906092 -0.379036 -0.608388 -0.945799 0.271032 0.178899 -0.222394 0.26483 0.324866 0.907925 0.390752 0.31622 -0.384863 0.867113 0.400795 -0.930002 -0.306262 0.203222 -0.504304 0.187351 -0.87068 -0.454769 0.485867 
1533669860370 0.189933 0.908404 -0.372461 -0.609366 -0.945539 0.27139 0.179732 -0.222398 0.264352 0.31804 0.910477 0.389932 0.31622 -0.384863 0.867113 0.400795 -0.930002 -0.306262 0.203222 -0.504304 0.187351 -0.87068 -0.454769 0.485867 
1533669860718 0.191903 0.910667 -0.365868 -0.610346 -0.945279 0.271742 0.180569 -0.222403 0.26386 0.311196 0.912982 0.389111 0.31622 -0.384863 0.867113 0.400795 -0.930002 -0.306262 0.203222 -0.504304 0.187351 -0.87068 -0.454769 0.485867 
1533669861081 0.191832 0.910433 -0.366486 -0.610179 -0.945314 0.271773 0.180333 -0.222442 0.263782 0.311851 0.912781 0.389244 0.31622 -0.384863 0.867113 0.400795 -0.930002 -0.306262 0.203222 -0.504304 0.187351 -0.87068 -0.454769 0.485867 
1533669861092 0.192038 0.91068 -0.365765 -0.610289 -0.945285 0.271807 0.180438 -0.222436 0.263739 0.311101 0.913049 0.38915 0.31622 -0.384863 0.867113 0.400795 -0.930002 -0.306262 0.203222 -0.504304 0.187351 -0.87068 -0.454769 0.485867 
1533669861109 0.192242 0.910926 -0.365043 -0.610404 -0.945255 0.271839 0.180546 -0.222433 0.263697 0.31035 0.913316 0.389054 0.31622 -0.384863 0.867113 0.400795 -0.930002 -0.306262 0.203222 -0.504304 0.187351 -0.87068 -0.454769 0.485867 
1533669861232 0.192446 0.911172 -0.364321 -0.610519 -0.945225 0.271871 0.180653 -0.222429 0.263654 0.309599 0.913584 0.388959 0.31622 -0.384863 0.867113 0.400795 -0.930002 -0.306262 0.203222 -0.504304 0.187351 -0.87068 -0.454769 0.485867 
1533669861336 0.19265 0.911418 -0.363598 -0.610634 -0.945196 0.271902 0.180761 -0.222426 0.263612 0.308847 0.91385 0.388863 0.31622 -0.384863 0.867113 0.400795 -0.930002 -0.306262 0.203222 -0.504304 0.187351 -0.87068 -0.454769 0.485867 
1533669861429 0.192854 0.911663 -0.362875 -0.61075 -0.945166 0.271934 0.180869 -0.222423 0.263569 0.308096 0.914116 0.388768 0.31622 -0.384863 0.867113 0.400795 -0.930002 -0.306262 0.203222 -0.504304 0.187351 -0.87068 -0.454769 0.485867 
1533669861522 0.193058 0.911907 -0.362152 -0.610864 -0.945136 0.271965 0.180976 -0.222419 0.263526 0.307344 0.914382 0.388673 0.31622 -0.384863 0.867113 0.400795 -0.930002 -0.306262 0.203222 -0.504304 0.187351 -0.87068 -0.454769 0.485867 
1533669861621 0.193262 0.912151 -0.361428 -0.61098 -0.945107 0.271997 0.181084 -0.222417 0.263483 0.306592 0.914646 0.388577 0.31622 -0.384863 0.867113 0.400795 -0.930002 -0.306262 0.203222 -0.504304 0.187351 -0.87068 -0.45477 0.485867 
1533669861725 0.193466 0.912394 -0.360705 -0.611094 -0.945077 0.272028 0.181191 -0.222413 0.26344 0.30584 0.914911 0.388482 0.31622 -0.384863 0.867113 0.400795 -0.930002 -0.306262 0.203222 -0.504304 0.187351 -0.87068 -0.45477 0.485867 
1533669861819 0.19367 0.912637 -0.359981 -0.61121 -0.945047 0.272059 0.181299 -0.22241 0.263396 0.305087 0.915174 0.388386 0.31622 -0.384863 0.867113 0.400795 -0.930002 -0.306262 0.203222 -0.504304 0.187351 -0.87068 -0.45477 0.485867 
1533669861929 0.193519 0.912416 -0.360621 -0.611102 -0.945076 0.272049 0.181163 -0.222414 0.263403 0.305756 0.914949 0.388494 0.31622 -0.384863 0.867113 0.400795 -0.930002 -0.306262 0.203222 -0.504304 0.187351 -0.87068 -0.45477 0.485867 
1533669861941 0.193386 0.91257 -0.360301 -0.611067 -0.945062 0.27191 0.181447 -0.222458 0.263553 0.305418 0.915019 0.38845 0.31622 -0.384863 0.867113 0.400795 -0.930002 -0.306262 0.203222 -0.504304 0.187351 -0.87068 -0.45477 0.485867 
1533669861958 0.193252 0.912725 -0.359982 -0.611035 -0.945047 0.271771 0.181732 -0.222504 0.263704 0.30508 0.915088 0.388405 0.31622 -0.384863 0.867113 0.400795 -0.930002 -0.306262 0.203222 -0.504304 0.187351 -0.87068 -0.45477 0.485867 
1533669861974 0.193118 0.91288 -0.359662 -0.611003 -0.945032 0.271632 0.182016 -0.22255 0.263854 0.304741 0.915158 0.388359 0.31622 -0.384863 0.867113 0.400795 -0.930002 -0.306262 0.203222 -0.504304 0.187351 -0.87068 -0.45477 0.485867 
1533669862055 0.192984 0.913034 -0.359342 -0.610972 -0.945018 0.271492 0.182301 -0.222596 0.264005 0.304403 0.915227 0.388314 0.31622 -0.384863 0.867113 0.400795 -0.930002 -0.306262 0.203222 -0.504304 0.187351 -0.87068 -0.45477 0.485867 
1533669862134 0.19285 0.913188 -0.359022 -0.610939 -0.945003 0.271353 0.182585 -0.222641 0.264156 0.304065 0.915296 0.388269 0.31622 -0.384863 0.867113 0.400795 -0.930002 -0.306262 0.203222 -0.504304 0.187351 -0.87068 -0.45477 0.485867 
1533669862161 0.192716 0.913342 -0.358701 -0.610909 -0.944988 0.271213 0.182869 -0.222688 0.264307 0.303727 0.915365 0.388224 0.31622 -0.384863 0.867113 0.400795 -0.930002 -0.306262 0.203222 -0.504304 0.187351 -0.87068 -0.45477 0.485867 
1533669862218 0.192583 0.913496 -0.358381 -0.610876 -0.944973 0.271073 0.183153 -0.222733 0.264457 0.303388 0.915433 0.388179 0.31622 -0.384863 0.867113 0.400795 -0.930002 -0.306262 0.203222 -0.504304 0.187351 -0.87068 -0.45477 0.485867 
1533669862225 0.192449 0.91365 -0.35806 -0.610846 -0.944958 0.270933 0.183438 -0.22278 0.264608 0.30305 0.915502 0.388133 0.31622 -0.384863 0.867113 0.400795 -0.930002 -0.306262 0.203222 -0.504304 0.187351 -0.87068 -0.45477 0.485867 
1533669862321 0.192315 0.913804 -0.35774 -0.610814 -0.944943 0.270793 0.183722 -0.222826 0.264759 0.302712 0.91557 0.388088 0.31622 -0.384863 0.867113 0.400795 -0.930002 -0.306262 0.203222 -0.504304 0.187351 -0.87068 -0.45477 0.485867 
1533669862360 0.192408 0.913551 -0.358334 -0.610887 -0.945045 0.27086 0.183097 -0.222654 0.264327 0.303412 0.915463 0.388178 0.31622 -0.384863 0.867113 0.400795 -0.930002 -0.306262 0.203222 -0.504304 0.187351 -0.87068 -0.45477 0.485867 
1533669862372 0.192404 0.913601 -0.35821 -0.610856 -0.945038 0.270841 0.183163 -0.22267 0.264355 0.30328 0.915498 0.388176 0.31622 -0.384863 0.867113 0.400795 -0.930002 -0.306262 0.203222 -0.504304 0.187351 -0.87068 -0.45477 0.485867 
1533669862388 0.192399 0.913651 -0.358085 -0.610826 -0.945031 0.27082 0.18323 -0.222688 0.264385 0.303148 0.915534 0.388173 0.31622 -0.384863 0.867113 0.400795 -0.930002 -0.306262 0.203222 -0.504304 0.187351 -0.87068 -0.45477 0.485867 
1533669862405 0.192393 0.913701 -0.35796 -0.610796 -0.945024 0.270799 0.183298 -0.222708 0.264415 0.303015 0.915569 0.388169 0.31622 -0.384863 0.867113 0.400795 -0.930002 -0.306262 0.203222 -0.504304 0.187351 -0.87068 -0.45477 0.485867 
1533669862422 0.192388 0.913751 -0.357834 -0.610767 -0.945016 0.270778 0.183366 -0.222727 0.264445 0.302882 0.915604 0.388164 0.31622 -0.384863 0.867113 0.400795 -0.930002 -0.306262 0.203222 -0.504304 0.187351 -0.87068 -0.45477 0.485867 
1533669862438 0.192382 0.913802 -0.357709 -0.610739 -0.945009 0.270757 0.183434 -0.222747 0.264475 0.302749 0.91564 0.38816 0.31622 -0.384863 0.867113 0.400795 -0.930002 -0.306262 0.203222 -0.504304 0.187351 -0.87068 -0.45477 0.485867 
1533669862455 0.192376 0.913852 -0.357584 -0.610709 -0.945002 0.270737 0.183501 -0.222766 0.264504 0.302616 0.915675 0.388157 0.31622 -0.384863 0.867113 0.400795 -0.930002 -0.306262 0.203222 -0.504304 0.187351 -0.87068 -0.45477 0.485867 
1533669862472 0.192371 0.913902 -0.357458 -0.610682 -0.944995 0.270716 0.183569 -0.222786 0.264534 0.302483 0.915711 0.388153 0.31622 -0.384863 0.867113 0.400795 -0.930002 -0.306262 0.203222 -0.504304 0.187351 -0.87068 -0.45477 0.485867 
1533669862488 0.192365 0.913952 -0.357333 -0.610652 -0.944988 0.270695 0.183637 -0.222804 0.264564 0.30235 0.915746 0.388149 0.31622 -0.384863 0.867113 0.400795 -0.930002 -0.306262 0.203222 -0.504304 0.187351 -0.87068 -0.45477 0.485867 
1533669862505 0.19236 0.914002 -0.357208 -0.610625 -0.94498 0.270674 0.183705 -0.222824 0.264594 0.302217 0.915781 0.388145 0.31622 -0.384863 0.867113 0.400795 -0.930002 -0.306262 0.203222 -0.504304 0.187351 -0.87068 -0.45477 0.485867 
1533669862530 0.192436 0.91372 -0.357887 -0.610782 -0.944981 0.270864 0.183424 -0.222803 0.264537 0.302899 0.915572 0.388104 0.31622 -0.384863 0.867113 0.400795 -0.930002 -0.306262 0.203222 -0.504304 0.187351 -0.87068 -0.45477 0.485867 
1533669862542 0.192372 0.913737 -0.357878 -0.610736 -0.945015 0.270778 0.183376 -0.222812 0.264463 0.302924 0.915585 0.38812 0.31622 -0.384863 0.867113 0.400795 -0.930002 -0.306262 0.203222 -0.504304 0.187351 -0.87068 -0.45477 0.485867 
1533669862558 0.192307 0.913754 -0.35787 -0.610685 -0.945049 0.270693 0.183326 -0.222819 0.264388 0.30295 0.915598 0.388137 0.31622 -0.384863 0.867113 0.400795 -0.930002 -0.306262 0.203222 -0.504304 0.187351 -0.87068 -0.45477 0.485867 
1533669862575 0.192242 0.913771 -0.357862 -0.610634 -0.945083 0.270607 0.183277 -0.222826 0.264313 0.302976 0.915611 0.388154 0.31622 -0.384863 0.867113 0.400795 -0.930002 -0.306262 0.203222 -0.504304 0.187351 -0.87068 -0.45477 0.485867 
1533669862592 0.192177 0.913788 -0.357854 -0.610583 -0.945117 0.270521 0.183227 -0.222832 0.264238 0.303002 0.915624 0.388171 0.31622 -0.384863 0.867113 0.400795 -0.930002 -0.306262 0.203222 -0.504304 0.187351 -0.87068 -0.45477 0.485867 
1533669862608 0.192113 0.913805 -0.357846 -0.610534 -0.945151 0.270435 0.183178 -0.22284 0.264163 0.303028 0.915638 0.388187 0.31622 -0.384863 0.867113 0.400795 -0.930002 -0.306262 0.203222 -0.504304 0.187351 -0.87068 -0.45477 0.485867 
1533669862625 0.192048 0.913821 -0.357838 -0.610482 -0.945185 0.270349 0.183128 -0.222846 0.264088 0.303054 0.915651 0.388204 0.31622 -0.384863 0.867113 0.400795 -0.930002 -0.306262 0.203222 -0.504304 0.187351 -0.87068 -0.45477 0.485867 
1533669862642 0.191983 0.913838 -0.35783 -0.610432 -0.945219 0.270263 0.183079 -0.222853 0.264013 0.30308 0.915664 0.388221 0.31622 -0.384863 0.867113 0.400795 -0.930002 -0.306262 0.203222 -0.504304 0.187351 -0.87068 -0.45477 0.485867 
1533669862658 0.191918 0.913855 -0.357822 -0.610381 -0.945254 0.270178 0.183029 -0.22286 0.263938 0.303106 0.915677 0.388238 0.31622 -0.384863 0.867113 0.400795 -0.930002 -0.306262 0.203222 -0.504304 0.187351 -0.87068 -0.45477 0.485867 
1533669862694 0.191854 0.913872 -0.357814 -0.61033 -0.945288 0.270092 0.18298 -0.222867 0.263863 0.303132 0.91569 0.388255 0.31622 -0.384863 0.867113 0.400795 -0.930002 -0.306262 0.203222 -0.504304 0.187351 -0.87068 -0.45477 0.485867 
1533669862714 0.192116 0.913957 -0.357455 -0.610574 -0.94509 0.270429 0.183501 -0.22278 0.264379 0.302574 0.915725 0.388211 0.31622 -0.384863 0.867113 0.400795 -0.930002 -0.306262 0.203222 -0.504304 0.187351 -0.87068 -0.45477 0.485867 
1533669862727 0.191772 0.913947 -0.357665 -0.61051 -0.945144 0.27017 0.183603 -0.222912 0.264434 0.302835 0.915623 0.388219 0.31622 -0.384863 0.867113 0.400795 -0.930002 -0.306262 0.203222 -0.504304 0.187351 -0.87068 -0.45477 0.485867 
1533669862744 0.191427 0.913937 -0.357874 -0.610444 -0.945199 0.26991 0.183707 -0.223048 0.26449 0.303096 0.91552 0.388226 0.31622 -0.384863 0.867113 0.400795 -0.930002 -0.306262 0.203222 -0.504304 0.187351 -0.87068 -0.45477 0.485867 
1533669862837 0.191083 0.913927 -0.358083 -0.610379 -0.945253 0.269651 0.18381 -0.223181 0.264546 0.303356 0.915418 0.388234 0.31622 -0.384863 0.867113 0.400795 -0.930002 -0.306262 0.203222 -0.504304 0.187351 -0.87068 -0.45477 0.485867 
1533669862877 0.190738 0.913918 -0.358292 -0.610313 -0.945306 0.269391 0.183914 -0.223318 0.264603 0.303617 0.915315 0.388241 0.31622 -0.384863 0.867113 0.400795 -0.930002 -0.306262 0.203222 -0.504304 0.187351 -0.87068 -0.45477 0.485867 
1533669862926 0.190394 0.913908 -0.358501 -0.610248 -0.94536 0.269132 0.184017 -0.223452 0.264658 0.303877 0.915213 0.388248 0.31622 -0.384863 0.867113 0.400795 -0.930002 -0.306262 0.203222 -0.504304 0.187351 -0.87068 -0.45477 0.485867 
1533669862984 0.19005 0.913897 -0.35871 -0.610182 -0.945414 0.268872 0.18412 -0.223586 0.264714 0.304138 0.91511 0.388255 0.31622 -0.384863 0.867113 0.400795 -0.930002 -0.306262 0.203222 -0.504304 0.187351 -0.87068 -0.45477 0.485867 
1533669863037 0.189706 0.913887 -0.358919 -0.610117 -0.945468 0.268613 0.184224 -0.223721 0.26477 0.304398 0.915008 0.388263 0.31622 -0.384863 0.867113 0.400795 -0.930002 -0.306262 0.203222 -0.504304 0.187351 -0.87068 -0.45477 0.485867 
1533669863076 0.18936 0.913876 -0.359127 -0.61005 -0.945521 0.268353 0.184328 -0.223857 0.264826 0.304658 0.914905 0.388269 0.31622 -0.384863 0.867113 0.400795 -0.930002 -0.306262 0.203222 -0.504304 0.187351 -0.87068 -0.45477 0.485867 
1533669863140 0.189016 0.913866 -0.359336 -0.609985 -0.945574 0.268093 0.184431 -0.223992 0.264881 0.304919 0.914802 0.388276 0.31622 -0.384863 0.867113 0.400795 -0.930002 -0.306262 0.203222 -0.504304 0.187351 -0.87068 -0.45477 0.485867 
1533669863199 0.189629 0.913887 -0.358958 -0.610106 -0.945486 0.268546 0.184227 -0.223734 0.26476 0.304455 0.914991 0.388236 0.31622 -0.384863 0.867113 0.400795 -0.930002 -0.306262 0.203222 -0.504304 0.187351 -0.87068 -0.45477 0.485867 
1533669863210 0.189187 0.9139 -0.359159 -0.610033 -0.945553 0.268202 0.184383 -0.223898 0.264835 0.304721 0.914881 0.38824 0.31622 -0.384863 0.867113 0.400795 -0.930002 -0.306262 0.203222 -0.504304 0.187351 -0.87068 -0.45477 0.485867 
1533669863226 0.188745 0.913913 -0.359359 -0.60996 -0.94562 0.267857 0.18454 -0.224065 0.26491 0.304986 0.914771 0.388242 0.31622 -0.384863 0.867113 0.400795 -0.930002 -0.306262 0.203222 -0.504304 0.187351 -0.87068 -0.45477 0.485867 
1533669863243 0.188303 0.913925 -0.359559 -0.609888 -0.945687 0.267511 0.184697 -0.224233 0.264986 0.305251 0.914661 0.388244 0.31622 -0.384863 0.867113 0.400795 -0.930002 -0.306262 0.203222 -0.504304 0.187351 -0.87068 -0.45477 0.485867 
1533669863250 0.187861 0.913938 -0.359759 -0.609815 -0.945754 0.267166 0.184854 -0.224399 0.265061 0.305517 0.91455 0.388247 0.31622 -0.384863 0.867113 0.400795 -0.930002 -0.306262 0.203222 -0.504304 0.187351 -0.87068 -0.45477 0.485867 
1533669863416 0.187418 0.91395 -0.359958 -0.609744 -0.945821 0.26682 0.185012 -0.224567 0.265136 0.305782 0.91444 0.388249 0.31622 -0.384863 0.867113 0.400795 -0.930002 -0.306262 0.203222 -0.504304 0.187351 -0.87068 -0.45477 0.485867 
1533669863465 0.186976 0.913962 -0.360158 -0.609673 -0.945888 0.266475 0.185169 -0.224735 0.265211 0.306047 0.91433 0.38825 0.31622 -0.384863 0.867113 0.400795 -0.930002 -0.306262 0.203222 -0.504304 0.187351 -0.87068 -0.45477 0.485867 
1533669863557 0.186533 0.913974 -0.360357 -0.6096 -0.945954 0.26613 0.185326 -0.224902 0.265285 0.306312 0.914219 0.388253 0.31622 -0.384863 0.867113 0.400795 -0.930002 -0.306262 0.203222 -0.504304 0.187351 -0.87068 -0.45477 0.485867 
1533669863612 0.186091 0.913986 -0.360556 -0.60953 -0.94602 0.265784 0.185484 -0.22507 0.26536 0.306577 0.914109 0.388255 0.31622 -0.384863 0.867113 0.400795 -0.930002 -0.306262 0.203222 -0.504304 0.187351 -0.87068 -0.45477 0.485867 
1533669863694 0.185648 0.913997 -0.360756 -0.609458 -0.946086 0.265439 0.185641 -0.225237 0.265434 0.306842 0.913998 0.388257 0.31622 -0.384863 0.867113 0.400795 -0.930002 -0.306262 0.203222 -0.504304 0.187351 -0.87068 -0.45477 0.485867 
1533669863762 0.186245 0.914002 -0.360435 -0.609571 -0.945987 0.265907 0.185481 -0.22499 0.265372 0.306421 0.914157 0.388291 0.31622 -0.384863 0.867113 0.400795 -0.930002 -0.306262 0.203222 -0.504304 0.187351 -0.87068 -0.45477 0.485867 
1533669863775 0.18612 0.913947 -0.360637 -0.609492 -0.945989 0.265858 0.18554 -0.225095 0.265452 0.306626 0.914065 0.388265 0.31622 -0.384863 0.867113 0.400795 -0.930002 -0.306262 0.203222 -0.504304 0.187351 -0.87068 -0.45477 0.485867 
1533669863792 0.185995 0.913893 -0.360841 -0.609407 -0.945991 0.265809 0.185598 -0.225198 0.265531 0.306832 0.913973 0.388239 0.31622 -0.384863 0.867113 0.400795 -0.930002 -0.306262 0.203222 -0.504304 0.187351 -0.87068 -0.45477 0.485867 
1533669863808 0.185869 0.913838 -0.361045 -0.609322 -0.945993 0.26576 0.185656 -0.225301 0.265611 0.307039 0.913881 0.388214 0.31622 -0.384863 0.867113 0.400795 -0.930002 -0.306262 0.203222 -0.504304 0.187351 -0.87068 -0.45477 0.485867 
1533669863825 0.185744 0.913782 -0.361249 -0.609237 -0.945996 0.265711 0.185714 -0.225403 0.26569 0.307245 0.913788 0.388188 0.31622 -0.384863 0.867113 0.400795 -0.930002 -0.306262 0.203222 -0.504304 0.187351 -0.87068 -0.45477 0.485867 
1533669863842 0.185618 0.913727 -0.361453 -0.609152 -0.945998 0.265662 0.185772 -0.225506 0.265769 0.307451 0.913696 0.388163 0.31622 -0.384863 0.867113 0.400795 -0.930002 -0.306262 0.203222 -0.504304 0.187351 -0.87068 -0.45477 0.485867 
1533669863909 0.185493 0.913672 -0.361657 -0.609068 -0.946 0.265613 0.18583 -0.225609 0.265849 0.307657 0.913604 0.388138 0.31622 -0.384863 0.867113 0.400795 -0.930002 -0.306262 0.203222 -0.504304 0.187351 -0.87068 -0.45477 0.485867 
1533669863950 0.185367 0.913617 -0.361861 -0.608982 -0.946003 0.265564 0.185888 -0.225711 0.265928 0.307864 0.913511 0.388112 0.31622 -0.384863 0.867113 0.400795 -0.930002 -0.306262 0.203222 -0.504304 0.187351 -0.87068 -0.45477 0.485867 
1533669863985 0.185242 0.913562 -0.362065 -0.608898 -0.946005 0.265515 0.185947 -0.225814 0.266007 0.30807 0.913418 0.388087 0.31622 -0.384863 0.867113 0.400795 -0.930002 -0.306262 0.203222 -0.504304 0.187351 -0.87068 -0.45477 0.485867 
1533669864017 0.185116 0.913506 -0.362268 -0.608814 -0.946007 0.265466 0.186005 -0.225917 0.266086 0.308276 0.913326 0.388061 0.31622 -0.384863 0.867113 0.400795 -0.930002 -0.306262 0.203222 -0.504304 0.187351 -0.87068 -0.45477 0.485867 
1533669864063 0.185492 0.9137 -0.361586 -0.609024 -0.945982 0.26562 0.185916 -0.225618 0.265916 0.307568 0.913614 0.388207 0.31622 -0.384863 0.867113 0.400795 -0.930002 -0.306262 0.203222 -0.504304 0.187351 -0.87068 -0.45477 0.485867 
1533669864079 0.185407 0.913685 -0.361668 -0.608881 -0.945969 0.265591 0.186019 -0.225695 0.266019 0.307638 0.913561 0.388153 0.31622 -0.384863 0.867113 0.400795 -0.930002 -0.306262 0.203222 -0.504304 0.187351 -0.87068 -0.45477 0.485867 
1533669864096 0.185323 0.913669 -0.361751 -0.608734 -0.945957 0.265564 0.186123 -0.225769 0.266123 0.307708 0.913507 0.388099 0.31622 -0.384863 0.867113 0.400795 -0.930002 -0.306262 0.203222 -0.504304 0.187351 -0.87068 -0.45477 0.485867 
1533669864113 0.185239 0.913653 -0.361834 -0.608587 -0.945944 0.265537 0.186226 -0.225844 0.266227 0.307778 0.913453 0.388045 0.31622 -0.384863 0.867113 0.400795 -0.930002 -0.306262 0.203222 -0.504304 0.187351 -0.87068 -0.45477 0.485867 
1533669864129 0.185155 0.913638 -0.361917 -0.608439 -0.945931 0.26551 0.18633 -0.225918 0.266331 0.307848 0.913399 0.387992 0.31622 -0.384863 0.867113 0.400795 -0.930002 -0.306262 0.203222 -0.504304 0.187351 -0.87068 -0.45477 0.485867 
1533669864197 0.185071 0.913622 -0.362 -0.608293 -0.945918 0.265483 0.186434 -0.225993 0.266434 0.307919 0.913345 0.387938 0.31622 -0.384863 0.867113 0.400795 -0.930002 -0.306262 0.203222 -0.504304 0.187351 -0.87068 -0.45477 0.485867 
1533669864279 0.184987 0.913606 -0.362083 -0.608145 -0.945905 0.265456 0.186537 -0.226067 0.266538 0.307989 0.913291 0.387884 0.31622 -0.384863 0.867113 0.400795 -0.930002 -0.306262 0.203222 -0.504304 0.187351 -0.87068 -0.45477 0.485867 
1533669864316 0.184903 0.91359 -0.362165 -0.607998 -0.945893 0.265429 0.186641 -0.226142 0.266642 0.308059 0.913237 0.387831 0.31622 -0.384863 0.867113 0.400795 -0.930002 -0.306262 0.203222 -0.504304 0.187351 -0.87068 -0.45477 0.485867 
1533669864364 0.184819 0.913574 -0.362249 -0.60785 -0.94588 0.265402 0.186744 -0.226216 0.266746 0.30813 0.913183 0.387777 0.31622 -0.384863 0.867113 0.400795 -0.930002 -0.306262 0.203222 -0.504304 0.187351 -0.87068 -0.45477 0.485867 
1533669864422 0.184735 0.913558 -0.362331 -0.607703 -0.945867 0.265375 0.186847 -0.22629 0.26685 0.3082 0.913129 0.387724 0.31622 -0.384863 0.867113 0.400795 -0.930002 -0.306262 0.203222 -0.504304 0.187351 -0.87068 -0.45477 0.485867 
1533669864469 0.18499 0.913608 -0.362076 -0.608025 -0.945874 0.265493 0.186645 -0.226159 0.266649 0.307951 0.913271 0.387906 0.31622 -0.384863 0.867113 0.400795 -0.930002 -0.306262 0.203222 -0.504304 0.187351 -0.87068 -0.45477 0.485867 
1533669864482 0.184764 0.913636 -0.362122 -0.607842 -0.945893 0.265322 0.186789 -0.226205 0.266736 0.308017 0.913224 0.387866 0.31622 -0.384863 0.867113 0.400795 -0.930002 -0.306262 0.203222 -0.504304 0.187351 -0.87068 -0.45477 0.485867 
1533669864499 0.18454 0.913662 -0.362169 -0.607656 -0.945912 0.265152 0.186933 -0.226249 0.266823 0.308084 0.913176 0.387827 0.31622 -0.384863 0.867113 0.400795 -0.930002 -0.306262 0.203222 -0.504304 0.187351 -0.87068 -0.45477 0.485867 
1533669864516 0.184315 0.913689 -0.362216 -0.60747 -0.945932 0.264983 0.187076 -0.226294 0.26691 0.30815 0.913128 0.387787 0.31622 -0.384863 0.867113 0.400795 -0.930002 -0.306262 0.203222 -0.504304 0.187351 -0.87068 -0.45477 0.485867 
1533669864522 0.184091 0.913716 -0.362263 -0.607283 -0.945951 0.264813 0.187219 -0.226338 0.266997 0.308218 0.91308 0.387748 0.31622 -0.384863 0.867113 0.400795 -0.930002 -0.306262 0.203222 -0.504304 0.187351 -0.87068 -0.45477 0.485867 
1533669864637 0.183866 0.913742 -0.36231 -0.607097 -0.94597 0.264643 0.187362 -0.226382 0.267083 0.308284 0.913032 0.387708 0.31622 -0.384863 0.867113 0.400795 -0.930002 -0.306262 0.203222 -0.504304 0.187351 -0.87068 -0.45477 0.485867 
1533669864673 0.183642 0.913769 -0.362357 -0.60691 -0.945989 0.264473 0.187505 -0.226426 0.26717 0.308352 0.912984 0.387669 0.31622 -0.384863 0.867113 0.400795 -0.930002 -0.306262 0.203222 -0.504304 0.187351 -0.87068 -0.45477 0.485867 
1533669864719 0.183417 0.913795 -0.362403 -0.606724 -0.946008 0.264303 0.187649 -0.22647 0.267257 0.308418 0.912936 0.38763 0.31622 -0.384863 0.867113 0.400795 -0.930002 -0.306262 0.203222 -0.504304 0.187351 -0.87068 -0.45477 0.485867 
1533669864791 0.183193 0.913822 -0.36245 -0.606537 -0.946027 0.264133 0.187792 -0.226514 0.267343 0.308486 0.912888 0.387591 0.31622 -0.384863 0.867113 0.400795 -0.930002 -0.306262 0.203222 -0.504304 0.187351 -0.87068 -0.45477 0.485867 
1533669864839 0.182968 0.913848 -0.362497 -0.606351 -0.946046 0.263963 0.187935 -0.226558 0.26743 0.308553 0.91284 0.387551 0.31622 -0.384863 0.867113 0.400795 -0.930002 -0.306262 0.203222 -0.504304 0.187351 -0.87068 -0.45477 0.485867 
1533669864904 0.183272 0.913842 -0.362359 -0.606676 -0.946032 0.264165 0.187723 -0.226424 0.267272 0.308399 0.912938 0.387631 0.31622 -0.384863 0.867113 0.400795 -0.930002 -0.306262 0.203222 -0.504304 0.187351 -0.87068 -0.45477 0.485867 
1533669864915 0.183021 0.913882 -0.362387 -0.606508 -0.946046 0.263978 0.187917 -0.226463 0.267396 0.308442 0.912887 0.387608 0.31622 -0.384863 0.867113 0.400795 -0.930002 -0.306262 0.203222 -0.504304 0.187351 -0.87068 -0.45477 0.485867 
1533669864931 0.182768 0.91392 -0.362416 -0.606334 -0.94606 0.263791 0.18811 -0.226499 0.267519 0.308486 0.912836 0.387586 0.31622 -0.384863 0.867113 0.400795 -0.930002 -0.306262 0.203222 -0.504304 0.187351 -0.87068 -0.45477 0.485867 
1533669864948 0.182516 0.913959 -0.362444 -0.606161 -0.946074 0.263603 0.188302 -0.226536 0.267642 0.308531 0.912785 0.387564 0.31622 -0.384863 0.867113 0.400795 -0.930002 -0.306262 0.203222 -0.504304 0.187351 -0.87068 -0.45477 0.485867 
1533669864965 0.182264 0.913998 -0.362473 -0.605988 -0.946087 0.263416 0.188495 -0.226573 0.267766 0.308576 0.912734 0.387542 0.31622 -0.384863 0.867113 0.400795 -0.930002 -0.306262 0.203222 -0.504304 0.187351 -0.87068 -0.45477 0.485867 
1533669865075 0.182012 0.914037 -0.362502 -0.605814 -0.946101 0.263229 0.188688 -0.226609 0.267889 0.308621 0.912682 0.38752 0.31622 -0.384863 0.867113 0.400795 -0.930002 -0.306262 0.203222 -0.504304 0.187351 -0.87068 -0.45477 0.485867 
1533669865124 0.181759 0.914076 -0.362531 -0.605642 -0.946115 0.263042 0.188881 -0.226646 0.268012 0.308665 0.912631 0.387497 0.31622 -0.384863 0.867113 0.400795 -0.930002 -0.306262 0.203222 -0.504304 0.187351 -0.87068 -0.45477 0.485867 
1533669865169 0.181507 0.914115 -0.36256 -0.605468 -0.946128 0.262855 0.189073 -0.226682 0.268135 0.30871 0.91258 0.387475 0.31622 -0.384863 0.867113 0.400795 -0.930002 -0.306262 0.203222 -0.504304 0.187351 -0.87068 -0.45477 0.485867 
1533669865220 0.181255 0.914153 -0.362589 -0.605295 -0.946142 0.262667 0.189266 -0.226719 0.268258 0.308755 0.912528 0.387453 0.31622 -0.384863 0.867113 0.400795 -0.930002 -0.306262 0.203222 -0.504304 0.187351 -0.87068 -0.45477 0.485867 
1533669865275 0.181002 0.914192 -0.362617 -0.605122 -0.946155 0.26248 0.189459 -0.226755 0.268381 0.3088 0.912477 0.387431 0.31622 -0.384863 0.867113 0.400795 -0.930002 -0.306262 0.203222 -0.504304 0.187351 -0.87068 -0.45477 0.485867 
1533669865325 0.181437 0.914119 -0.362583 -0.605472 -0.946182 0.262748 0.188951 -0.2267 0.267991 0.308787 0.912596 0.387497 0.31622 -0.384863 0.867113 0.400795 -0.930002 -0.306262 0.203222 -0.504304 0.187351 -0.87068 -0.45477 0.485867 
1533669865338 0.181214 0.91416 -0.362592 -0.605325 -0.946191 0.262582 0.189136 -0.226725 0.268111 0.308807 0.912554 0.387477 0.31622 -0.384863 0.867113 0.400795 -0.930002 -0.306262 0.203222 -0.504304 0.187351 -0.87068 -0.45477 0.485867 
1533669865345 0.180992 0.9142 -0.362601 -0.605173 -0.9462 0.262418 0.189321 -0.226749 0.26823 0.308828 0.912512 0.387459 0.31622 -0.384863 0.867113 0.400795 -0.930002 -0.306262 0.203222 -0.504304 0.187351 -0.87068 -0.45477 0.485867 
1533669865359 0.18077 0.914241 -0.36261 -0.605022 -0.946209 0.262253 0.189506 -0.226772 0.268349 0.308848 0.91247 0.38744 0.31622 -0.384863 0.867113 0.400795 -0.930002 -0.306262 0.203222 -0.504304 0.187351 -0.87068 -0.45477 0.485867 
1533669865377 0.180547 0.914281 -0.362619 -0.60487 -0.946217 0.262088 0.18969 -0.226795 0.268468 0.308869 0.912428 0.387421 0.31622 -0.384863 0.867113 0.400795 -0.930002 -0.306262 0.203222 -0.504304 0.187351 -0.87068 -0.45477 0.485867 
1533669865392 0.180325 0.914321 -0.362628 -0.60472 -0.946226 0.261924 0.189875 -0.226819 0.268588 0.308889 0.912386 0.387402 0.31622 -0.384863 0.867113 0.400795 -0.930002 -0.306262 0.203222 -0.504304 0.187351 -0.87068 -0.45477 0.485867 
1533669865499 0.180103 0.914361 -0.362637 -0.604568 -0.946234 0.261759 0.190059 -0.226841 0.268707 0.30891 0.912344 0.387383 0.31622 -0.384863 0.867113 0.400795 -0.930002 -0.306262 0.203222 -0.504304 0.187351 -0.87068 -0.45477 0.485867 
1533669865531 0.179881 0.914402 -0.362646 -0.604417 -0.946243 0.261594 0.190244 -0.226865 0.268826 0.30893 0.912302 0.387364 0.31622 -0.384863 0.867113 0.400795 -0.930002 -0.306262 0.203222 -0.504304 0.187351 -0.87068 -0.45477 0.485867 
1533669865572 0.179659 0.914442 -0.362655 -0.604265 -0.946251 0.26143 0.190428 -0.226888 0.268945 0.308951 0.91226 0.387346 0.31622 -0.384863 0.867113 0.400795 -0.930002 -0.306262 0.203222 -0.504304 0.187351 -0.87068 -0.45477 0.485867 
1533669865630 0.179437 0.914482 -0.362664 -0.604114 -0.94626 0.261265 0.190613 -0.226911 0.269064 0.308972 0.912218 0.387327 0.31622 -0.384863 0.867113 0.400795 -0.930002 -0.306262 0.203222 -0.504304 0.187351 -0.87068 -0.45477 0.485867 
1533669865672 0.179703 0.91448 -0.362537 -0.604441 -0.946323 0.261355 0.190177 -0.226791 0.268664 0.308901 0.912359 0.387437 0.31622 -0.384863 0.867113 0.400795 -0.930002 -0.306262 0.203222 -0.504304 0.187351 -0.87068 -0.45477 0.485867 
1533669865683 0.179527 0.914511 -0.362545 -0.604316 -0.946327 0.261227 0.190331 -0.226819 0.268766 0.308917 0.912324 0.387414 0.31622 -0.384863 0.867113 0.400795 -0.930002 -0.306262 0.203222 -0.504304 0.187351 -0.87068 -0.45477 0.485867 
1533669865699 0.17935 0.914542 -0.362555 -0.604186 -0.946331 0.261099 0.190485 -0.226846 0.268869 0.308934 0.912288 0.387392 0.31622 -0.384863 0.867113 0.400795 -0.930002 -0.306262 0.203222 -0.504304 0.187351 -0.87068 -0.45477 0.485867 
1533669865716 0.179173 0.914573 -0.362566 -0.604057 -0.946336 0.260971 0.190638 -0.226873 0.268971 0.308952 0.912252 0.387369 0.31622 -0.384863 0.867113 0.400795 -0.930002 -0.306262 0.203222 -0.504304 0.187351 -0.87068 -0.45477 0.485867 
1533669865738 0.178996 0.914603 -0.362576 -0.603927 -0.94634 0.260843 0.190792 -0.226899 0.269074 0.308969 0.912216 0.387347 0.31622 -0.384863 0.867113 0.400795 -0.930002 -0.306262 0.203222 -0.504304 0.187351 -0.87068 -0.45477 0.485867 
1533669865755 0.178819 0.914634 -0.362586 -0.603797 -0.946344 0.260715 0.190945 -0.226925 0.269176 0.308987 0.912179 0.387325 0.31622 -0.384863 0.867113 0.400795 -0.930002 -0.306262 0.203222 -0.504304 0.187351 -0.87068 -0.45477 0.485867 
1533669865796 0.178642 0.914664 -0.362596 -0.603668 -0.946349 0.260587 0.191098 -0.226951 0.269279 0.309004 0.912143 0.387303 0.31622 -0.384863 0.867113 0.400795 -0.930002 -0.306262 0.203222 -0.504304 0.187351 -0.87068 -0.45477 0.485867 
1533669865893 0.178466 0.914695 -0.362607 -0.603538 -0.946353 0.260459 0.191252 -0.226977 0.269381 0.309022 0.912107 0.387281 0.31622 -0.384863 0.867113 0.400795 -0.930002 -0.306262 0.203222 -0.504304 0.187351 -0.87068 -0.45477 0.485867 
1533669865917 0.178289 0.914725 -0.362617 -0.603409 -0.946357 0.260331 0.191405 -0.227004 0.269484 0.30904 0.912071 0.387258 0.31622 -0.384863 0.867113 0.400795 -0.930002 -0.306262 0.203222 -0.504304 0.187351 -0.87068 -0.45477 0.485867 
1533669865942 0.178112 0.914756 -0.362627 -0.60328 -0.946361 0.260203 0.191559 -0.227031 0.269586 0.309057 0.912035 0.387236 0.31622 -0.384863 0.867113 0.400795 -0.930002 -0.306262 0.203222 -0.504304 0.187351 -0.87068 -0.45477 0.485867 
1533669865988 0.178723 0.914642 -0.362612 -0.603631 -0.946307 0.260695 0.191159 -0.226975 0.269373 0.308978 0.912124 0.387296 0.31622 -0.384863 0.867113 0.400795 -0.930002 -0.306262 0.203222 -0.504304 0.187351 -0.87068 -0.45477 0.485867 
1533669866001 0.178538 0.914676 -0.362617 -0.603518 -0.946318 0.260553 0.191298 -0.226995 0.269456 0.308997 0.912093 0.387281 0.31622 -0.384863 0.867113 0.400795 -0.930002 -0.306262 0.203222 -0.504304 0.187351 -0.87068 -0.45477 0.485867 
1533669866017 0.178354 0.91471 -0.362623 -0.603401 -0.946329 0.260411 0.191436 -0.227012 0.26954 0.309017 0.912062 0.387266 0.31622 -0.384863 0.867113 0.400795 -0.930002 -0.306262 0.203222 -0.504304 0.187351 -0.87068 -0.45477 0.485867 
1533669866034 0.17817 0.914743 -0.362629 -0.603284 -0.946339 0.26027 0.191575 -0.22703 0.269624 0.309038 0.91203 0.387252 0.31622 -0.384863 0.867113 0.400795 -0.930002 -0.306262 0.203222 -0.504304 0.187351 -0.87068 -0.45477 0.485867 
1533669866051 0.177986 0.914777 -0.362636 -0.603167 -0.94635 0.260129 0.191714 -0.227047 0.269708 0.309058 0.911998 0.387237 0.31622 -0.384863 0.867113 0.400795 -0.930002 -0.306262 0.203222 -0.504304 0.187351 -0.87068 -0.45477 0.485867 
1533669866067 0.177802 0.91481 -0.362642 -0.603051 -0.946361 0.259988 0.191853 -0.227065 0.269792 0.309078 0.911967 0.387222 0.31622 -0.384863 0.867113 0.400795 -0.930002 -0.306262 0.203222 -0.504304 0.187351 -0.87068 -0.45477 0.485867 
1533669866084 0.177619 0.914843 -0.362648 -0.602933 -0.946371 0.259846 0.191992 -0.227082 0.269875 0.309098 0.911935 0.387208 0.31622 -0.384863 0.867113 0.400795 -0.930002 -0.306262 0.203222 -0.504304 0.187351 -0.87068 -0.45477 0.485867 
1533669866191 0.177435 0.914877 -0.362654 -0.602816 -0.946382 0.259705 0.192131 -0.2271 0.269959 0.309118 0.911903 0.387193 0.31622 -0.384863 0.867113 0.400795 -0.930002 -0.306262 0.203222 -0.504304 0.187351 -0.87068 -0.45477 0.485867 
1533669866216 0.177251 0.91491 -0.36266 -0.602698 -0.946393 0.259564 0.19227 -0.227117 0.270043 0.309139 0.911872 0.387179 0.31622 -0.384863 0.867113 0.400795 -0.930002 -0.306262 0.203222 -0.504304 0.187351 -0.87068 -0.45477 0.485867 
1533669866244 0.177067 0.914943 -0.362666 -0.602582 -0.946403 0.259422 0.192409 -0.227135 0.270127 0.309159 0.91184 0.387164 0.31622 -0.384863 0.867113 0.400795 -0.930002 -0.306262 0.203222 -0.504304 0.187351 -0.87068 -0.45477 0.485867 
1533669866284 0.177459 0.914929 -0.36251 -0.602906 -0.946419 0.259649 0.192023 -0.227029 0.269812 0.309011 0.911983 0.387225 0.31622 -0.384863 0.867113 0.400795 -0.930002 -0.306262 0.203222 -0.504304 0.187351 -0.87068 -0.45477 0.485867 
1533669866295 0.177306 0.914953 -0.362523 -0.602807 -0.946427 0.259535 0.192138 -0.227052 0.269885 0.309035 0.911954 0.38721 0.31622 -0.384863 0.867113 0.400795 -0.930002 -0.306262 0.203222 -0.504304 0.187351 -0.87068 -0.45477 0.485867 
1533669866311 0.177154 0.914978 -0.362536 -0.602706 -0.946435 0.25942 0.192254 -0.227074 0.269957 0.309058 0.911924 0.387195 0.31622 -0.384863 0.867113 0.400795 -0.930002 -0.306262 0.203222 -0.504304 0.187351 -0.87068 -0.45477 0.485867 
1533669866328 0.177002 0.915002 -0.362549 -0.602602 -0.946443 0.259306 0.19237 -0.227095 0.27003 0.309082 0.911895 0.387181 0.31622 -0.384863 0.867113 0.400795 -0.930002 -0.306262 0.203222 -0.504304 0.187351 -0.87068 -0.45477 0.485867 
1533669866345 0.17685 0.915026 -0.362562 -0.602501 -0.946451 0.259192 0.192485 -0.227117 0.270102 0.309106 0.911865 0.387167 0.31622 -0.384863 0.867113 0.400795 -0.930002 -0.306262 0.203222 -0.504304 0.187351 -0.87068 -0.45477 0.485867 
1533669866361 0.176698 0.91505 -0.362575 -0.602398 -0.946458 0.259078 0.192601 -0.227138 0.270175 0.30913 0.911836 0.387153 0.31622 -0.384863 0.867113 0.400795 -0.930002 -0.306262 0.203222 -0.504304 0.187351 -0.87068 -0.45477 0.485867 
1533669866378 0.176546 0.915074 -0.362588 -0.602294 -0.946466 0.258964 0.192716 -0.227159 0.270247 0.309154 0.911806 0.387138 0.31622 -0.384863 0.867113 0.400795 -0.930002 -0.306262 0.203222 -0.504304 0.187351 -0.87068 -0.45477 0.485867 
1533669866395 0.176394 0.915099 -0.362601 -0.602192 -0.946474 0.25885 0.192832 -0.227181 0.270319 0.309178 0.911776 0.387124 0.31622 -0.384863 0.867113 0.400795 -0.930002 -0.306262 0.203222 -0.504304 0.187351 -0.87068 -0.45477 0.485867 
1533669866489 0.176242 0.915123 -0.362614 -0.60209 -0.946481 0.258736 0.192948 -0.227202 0.270392 0.309202 0.911747 0.38711 0.31622 -0.384863 0.867113 0.400795 -0.930002 -0.306262 0.203222 -0.504304 0.187351 -0.87068 -0.45477 0.485867 
1533669866513 0.17609 0.915147 -0.362627 -0.601987 -0.946489 0.258622 0.193063 -0.227223 0.270464 0.309226 0.911717 0.387095 0.31622 -0.384863 0.867113 0.400795 -0.930002 -0.306262 0.203222 -0.504304 0.187351 -0.87068 -0.45477 0.485867 
1533669866539 0.176525 0.915163 -0.362376 -0.602297 -0.946482 0.258886 0.192742 -0.227078 0.270205 0.308958 0.911885 0.387188 0.31622 -0.384863 0.867113 0.400795 -0.930002 -0.306262 0.203222 -0.504304 0.187351 -0.87068 -0.45477 0.485867 
1533669866550 0.176386 0.915179 -0.362403 -0.60221 -0.946486 0.258788 0.192854 -0.227104 0.270282 0.308993 0.91185 0.387172 0.31622 -0.384863 0.867113 0.400795 -0.930002 -0.306262 0.203222 -0.504304 0.187351 -0.87068 -0.45477 0.485867 
1533669866567 0.176247 0.915194 -0.362432 -0.602118 -0.94649 0.258691 0.192965 -0.227128 0.270358 0.309029 0.911816 0.387157 0.31622 -0.384863 0.867113 0.400795 -0.930002 -0.306262 0.203222 -0.504304 0.187351 -0.87068 -0.45477 0.485867 
1533669866583 0.176108 0.91521 -0.36246 -0.602026 -0.946494 0.258593 0.193076 -0.227153 0.270435 0.309064 0.911781 0.387142 0.31622 -0.384863 0.867113 0.400795 -0.930002 -0.306262 0.203222 -0.504304 0.187351 -0.87068 -0.45477 0.485867 
1533669866600 0.175969 0.915225 -0.362488 -0.601934 -0.946498 0.258496 0.193186 -0.227176 0.270511 0.3091 0.911746 0.387127 0.31622 -0.384863 0.867113 0.400795 -0.930002 -0.306262 0.203222 -0.504304 0.187351 -0.87068 -0.45477 0.485867 
1533669866617 0.17583 0.915241 -0.362517 -0.601842 -0.946502 0.258399 0.193297 -0.2272 0.270587 0.309135 0.911712 0.387112 0.31622 -0.384863 0.867113 0.400795 -0.930002 -0.306262 0.203222 -0.504304 0.187351 -0.87068 -0.45477 0.485867 
1533669866633 0.175691 0.915256 -0.362545 -0.60175 -0.946506 0.258301 0.193408 -0.227225 0.270663 0.309171 0.911677 0.387097 0.31622 -0.384863 0.867113 0.400795 -0.930002 -0.306262 0.203222 -0.504304 0.187351 -0.87068 -0.45477 0.485867 
1533669866650 0.175553 0.915271 -0.362573 -0.601658 -0.94651 0.258204 0.193518 -0.227248 0.27074 0.309207 0.911642 0.387082 0.31622 -0.384863 0.867113 0.400795 -0.930002 -0.306262 0.203222 -0.504304 0.187351 -0.87068 -0.45477 0.485867 
