1530724463796 0.0846828 -0.987723 -0.131269 -0.466054 0.659534 -0.0431879 0.750433 -0.244842 -0.746889 -0.150125 0.64778 0.446326 0.16008 -0.775623 -0.61056 0.370831 -0.304787 0.549475 -0.777934 -0.528794 0.938871 0.310623 -0.14844 0.432481 
1530724463808 0.113834 -0.986546 -0.117343 -0.479721 0.643629 -0.0167436 0.765154 -0.241141 -0.756825 -0.162626 0.633063 0.449828 0.316305 -0.930106 0.186693 0.400738 -0.38429 -0.305553 -0.871182 -0.506322 0.867336 0.203815 -0.454078 0.485854 
1530724464673 0.142681 -0.984411 -0.102844 -0.492161 0.626624 0.00941183 0.779265 -0.236714 -0.766149 -0.175631 0.618199 0.453279 0.316242 -0.929997 0.187342 0.400828 -0.384853 -0.306262 -0.870685 -0.504438 0.86711 0.203248 -0.454765 0.485876 
1530724465499 0.171122 -0.981336 -0.0877341 -0.504721 0.608629 0.0352638 0.792671 -0.232382 -0.774783 -0.189041 0.603303 0.456742 0.316223 -0.930001 0.187352 0.40079 -0.384857 -0.306263 -0.870683 -0.50432 0.867115 0.203227 -0.454765 0.485866 
1530724466364 0.199116 -0.977325 -0.0720335 -0.517582 0.589675 0.0607799 0.80535 -0.228216 -0.782711 -0.202835 0.588406 0.460224 0.316222 -0.930002 0.187352 0.40079 -0.384859 -0.306263 -0.870682 -0.504311 0.867114 0.203224 -0.454766 0.485866 
1530724467194 0.226636 -0.972381 -0.0557721 -0.530458 0.569771 0.0859215 0.817299 -0.224058 -0.789934 -0.217007 0.573508 0.463703 0.316221 -0.930002 0.187352 0.400793 -0.384861 -0.306262 -0.870681 -0.504309 0.867114 0.203224 -0.454768 0.485867 
1530724468013 0.253646 -0.966512 -0.038972 -0.543334 0.548944 0.110655 0.828502 -0.2199 -0.796445 -0.23154 0.558628 0.467182 0.316221 -0.930002 0.187351 0.400795 -0.384862 -0.306262 -0.870681 -0.504309 0.867113 0.203223 -0.454769 0.485868 
1530724468840 0.280109 -0.959724 -0.0216561 -0.556208 0.527221 0.134946 0.838944 -0.215742 -0.802233 -0.246413 0.543786 0.470661 0.316221 -0.930002 0.187351 0.400796 -0.384862 -0.306262 -0.870681 -0.50431 0.867113 0.203223 -0.454769 0.485869 
1530724469678 0.305986 -0.952028 -0.00384671 -0.569049 0.504632 0.158762 0.848611 -0.211586 -0.807291 -0.261604 0.529003 0.474142 0.316222 -0.930002 0.18735 0.400801 -0.384863 -0.306262 -0.87068 -0.504317 0.867112 0.203224 -0.45477 0.485871 
1530724470533 0.331107 -0.943483 0.0144478 -0.581228 0.481283 0.182032 0.857456 -0.207613 -0.811625 -0.276956 0.514354 0.477497 0.316238 -0.930001 0.187328 0.400844 -0.384878 -0.306253 -0.870677 -0.504402 0.8671 0.203243 -0.454786 0.48592 
1530724471501 0.331045 -0.943506 0.0143246 -0.581225 0.481329 0.1819 0.857458 -0.207603 -0.811623 -0.276962 0.514354 0.477465 0.316238 -0.930001 0.187328 0.400844 -0.384878 -0.306253 -0.870677 -0.504402 0.8671 0.203243 -0.454786 0.48592 
1530724471736 0.333551 -0.942597 0.0159763 -0.582582 0.478968 0.184037 0.858324 -0.207186 -0.811994 -0.278643 0.512859 0.477814 0.316221 -0.930002 0.187351 0.400799 -0.384863 -0.306262 -0.87068 -0.504312 0.867113 0.203223 -0.45477 0.485869 
1530724471743 0.336051 -0.941679 0.0176326 -0.583939 0.476599 0.186169 0.859182 -0.206768 -0.812356 -0.280326 0.511366 0.478162 0.316221 -0.930002 0.187351 0.400795 -0.384863 -0.306262 -0.87068 -0.504305 0.867113 0.203223 -0.45477 0.485867 
1530724472195 0.338545 -0.940752 0.0192937 -0.585296 0.474223 0.188295 0.860033 -0.20635 -0.812711 -0.282011 0.509873 0.478511 0.31622 -0.930002 0.187352 0.400795 -0.384862 -0.306262 -0.87068 -0.504304 0.867113 0.203222 -0.454769 0.485867 
1530724472583 0.341033 -0.939818 0.0209591 -0.586653 0.47184 0.190416 0.860877 -0.205933 -0.813058 -0.283698 0.508381 0.47886 0.31622 -0.930002 0.187351 0.400795 -0.384863 -0.306262 -0.87068 -0.504304 0.867113 0.203222 -0.454769 0.485867 
1530724472927 0.343515 -0.938875 0.0226295 -0.58801 0.469448 0.192531 0.861714 -0.205515 -0.813398 -0.285388 0.50689 0.479209 0.31622 -0.930002 0.187352 0.400795 -0.384863 -0.306262 -0.87068 -0.504304 0.867113 0.203222 -0.454769 0.485867 
1530724472933 0.345991 -0.937923 0.0243038 -0.589367 0.46705 0.19464 0.862543 -0.205097 -0.813729 -0.287081 0.5054 0.479558 0.31622 -0.930002 0.187352 0.400795 -0.384863 -0.306262 -0.87068 -0.504304 0.867113 0.203222 -0.454769 0.485867 
1530724473391 0.34846 -0.936963 0.0259831 -0.590723 0.464643 0.196744 0.863365 -0.20468 -0.814053 -0.288775 0.503911 0.479906 0.31622 -0.930002 0.187352 0.400795 -0.384863 -0.306262 -0.87068 -0.504304 0.867113 0.203222 -0.454769 0.485867 
1530724473767 0.350923 -0.935996 0.0276667 -0.592077 0.462229 0.198842 0.864179 -0.204262 -0.814369 -0.290472 0.502423 0.480255 0.31622 -0.930002 0.187352 0.400795 -0.384863 -0.306262 -0.87068 -0.504304 0.867113 0.203222 -0.454769 0.485867 
1530724474122 0.353365 -0.935025 0.0293571 -0.593363 0.459816 0.200932 0.864983 -0.203862 -0.814679 -0.292156 0.500942 0.480591 0.31622 -0.930002 0.187352 0.400795 -0.384863 -0.306262 -0.87068 -0.504304 0.867113 0.203222 -0.454769 0.485867 
1530724474471 0.353262 -0.935066 0.0292884 -0.593364 0.45987 0.200829 0.864978 -0.203839 -0.814693 -0.292095 0.500954 0.480564 0.31622 -0.930002 0.187352 0.400795 -0.384863 -0.306262 -0.87068 -0.504304 0.867113 0.203222 -0.454769 0.485867 
1530724474483 0.353519 -0.934963 0.0294638 -0.593507 0.459622 0.201048 0.865059 -0.203798 -0.814722 -0.292272 0.500804 0.480603 0.31622 -0.930002 0.187352 0.400795 -0.384863 -0.306262 -0.87068 -0.504304 0.867113 0.203222 -0.454769 0.485867 
1530724474720 0.353776 -0.93486 0.0296394 -0.59365 0.459372 0.201268 0.865141 -0.203757 -0.814751 -0.292451 0.500653 0.480642 0.31622 -0.930002 0.187352 0.400795 -0.384863 -0.306262 -0.87068 -0.504304 0.867113 0.203222 -0.454769 0.485867 
1530724474918 0.354033 -0.934757 0.029815 -0.593793 0.459124 0.201487 0.865222 -0.203715 -0.81478 -0.292629 0.500502 0.480681 0.31622 -0.930002 0.187352 0.400795 -0.384863 -0.306262 -0.87068 -0.504304 0.867113 0.203222 -0.454769 0.485867 
1530724475134 0.35429 -0.934654 0.0299907 -0.593936 0.458875 0.201706 0.865303 -0.203674 -0.814808 -0.292806 0.500352 0.48072 0.31622 -0.930002 0.187352 0.400795 -0.384863 -0.306262 -0.87068 -0.504304 0.867113 0.203222 -0.454769 0.485867 
1530724475141 0.354547 -0.934551 0.0301663 -0.594079 0.458626 0.201926 0.865384 -0.203633 -0.814837 -0.292984 0.500201 0.480758 0.31622 -0.930002 0.187352 0.400795 -0.384863 -0.306262 -0.87068 -0.504304 0.867113 0.203222 -0.454769 0.485867 
1530724475330 0.354804 -0.934448 0.0303421 -0.594222 0.458376 0.202145 0.865464 -0.203592 -0.814865 -0.293162 0.500051 0.480797 0.31622 -0.930002 0.187352 0.400795 -0.384863 -0.306262 -0.87068 -0.504304 0.867113 0.203222 -0.454769 0.485867 
1530724475539 0.355061 -0.934345 0.0305178 -0.594365 0.458127 0.202364 0.865545 -0.203551 -0.814893 -0.29334 0.4999 0.480836 0.31622 -0.930002 0.187352 0.400795 -0.384863 -0.306262 -0.87068 -0.504304 0.867113 0.203222 -0.454769 0.485867 
1530724475725 0.355317 -0.934242 0.0306936 -0.594508 0.457878 0.202583 0.865626 -0.203509 -0.814922 -0.293518 0.49975 0.480875 0.31622 -0.930002 0.187352 0.400795 -0.384863 -0.306262 -0.87068 -0.504304 0.867113 0.203222 -0.454769 0.485867 
1530724475922 0.355573 -0.934139 0.0308698 -0.594643 0.457629 0.202801 0.865706 -0.20347 -0.81495 -0.293695 0.4996 0.480913 0.31622 -0.930002 0.187352 0.400795 -0.384863 -0.306262 -0.87068 -0.504304 0.867113 0.203222 -0.454769 0.485867 
1530724476283 0.355474 -0.934172 0.0309854 -0.594628 0.457606 0.202844 0.865709 -0.203422 -0.815006 -0.293558 0.499588 0.480914 0.31622 -0.930002 0.187352 0.400795 -0.384863 -0.306262 -0.87068 -0.504304 0.867113 0.203222 -0.454769 0.485867 
1530724476422 0.338813 -0.940681 0.01801 -0.594168 0.478528 0.188773 0.857541 -0.205834 -0.810072 -0.281928 0.514101 0.478635 0.31622 -0.930002 0.187352 0.400795 -0.384863 -0.306262 -0.87068 -0.504304 0.867113 0.203222 -0.454769 0.485867 
1530724476432 0.321775 -0.946801 0.00533417 -0.593703 0.49902 0.174377 0.848865 -0.208249 -0.804636 -0.270482 0.528583 0.476358 0.31622 -0.930002 0.187352 0.400795 -0.384863 -0.306262 -0.87068 -0.504304 0.867113 0.203222 -0.454769 0.485867 
1530724477440 0.304377 -0.952526 -0.00703296 -0.593237 0.519067 0.159666 0.839688 -0.210664 -0.798702 -0.259232 0.543023 0.474081 0.31622 -0.930002 0.187352 0.400795 -0.384863 -0.306262 -0.87068 -0.504304 0.867113 0.203222 -0.454769 0.485867 
1530724478132 0.286632 -0.957851 -0.0190818 -0.592771 0.538651 0.144653 0.830018 -0.21308 -0.792273 -0.248188 0.55741 0.471804 0.31622 -0.930002 0.187352 0.400795 -0.384863 -0.306262 -0.87068 -0.504304 0.867113 0.203222 -0.454769 0.485867 
1530724478824 0.268553 -0.962772 -0.0308029 -0.592305 0.557759 0.129349 0.819862 -0.215495 -0.785356 -0.237357 0.571732 0.469526 0.31622 -0.930002 0.187352 0.400795 -0.384863 -0.306262 -0.87068 -0.504304 0.867113 0.203222 -0.454769 0.485867 
1530724479530 0.250157 -0.967286 -0.0421872 -0.591839 0.576375 0.113767 0.809227 -0.217911 -0.777954 -0.226749 0.585979 0.467249 0.31622 -0.930002 0.187352 0.400795 -0.384863 -0.306262 -0.87068 -0.504304 0.867113 0.203222 -0.454769 0.485867 
1530724480226 0.231455 -0.971388 -0.0532257 -0.591373 0.594485 0.0979176 0.798123 -0.220326 -0.770075 -0.216372 0.600139 0.464972 0.31622 -0.930002 0.187352 0.400795 -0.384863 -0.306262 -0.87068 -0.504304 0.867113 0.203222 -0.454769 0.485867 
1530724480886 0.212465 -0.975076 -0.0639106 -0.590901 0.612073 0.0818139 0.786558 -0.222737 -0.761725 -0.206234 0.6142 0.462701 0.31622 -0.930002 0.187352 0.400795 -0.384863 -0.306262 -0.87068 -0.504304 0.867113 0.203222 -0.454769 0.485867 
1530724481544 0.19326 -0.978334 -0.074251 -0.590388 0.629075 0.0654802 0.774582 -0.225011 -0.752938 -0.196405 0.6281 0.460609 0.31622 -0.930002 0.187352 0.400795 -0.384863 -0.306262 -0.87068 -0.504304 0.867113 0.203222 -0.454769 0.485867 
1530724482329 0.193324 -0.978327 -0.074172 -0.590404 0.629035 0.0655747 0.774606 -0.225006 -0.752954 -0.196407 0.62808 0.460607 0.31622 -0.930002 0.187352 0.400795 -0.384863 -0.306262 -0.87068 -0.504304 0.867113 0.203222 -0.454769 0.485867 
1530724482584 0.173812 -0.981162 -0.0843205 -0.590557 0.645732 0.0489052 0.761996 -0.227389 -0.743518 -0.186892 0.642068 0.45811 0.31622 -0.930002 0.187352 0.400795 -0.384863 -0.306262 -0.87068 -0.504304 0.867113 0.203222 -0.454769 0.485867 
1530724483235 0.154046 -0.983574 -0.0940843 -0.590705 0.661861 0.0320193 0.748943 -0.229773 -0.733628 -0.177642 0.655922 0.455612 0.31622 -0.930002 0.187352 0.400795 -0.384863 -0.306262 -0.87068 -0.504304 0.867113 0.203222 -0.454769 0.485867 
1530724483914 0.134045 -0.98556 -0.103457 -0.590853 0.677409 0.0149308 0.735455 -0.232158 -0.723291 -0.168667 0.669628 0.453114 0.31622 -0.930002 0.187352 0.400795 -0.384863 -0.306262 -0.87068 -0.504304 0.867113 0.203222 -0.454769 0.485867 
1530724484556 0.113825 -0.987118 -0.112432 -0.591 0.692364 -0.00234673 0.721545 -0.234543 -0.712514 -0.159974 0.683178 0.450616 0.31622 -0.930002 0.187352 0.400795 -0.384863 -0.306262 -0.87068 -0.504304 0.867113 0.203222 -0.454769 0.485867 
1530724485219 0.0934022 -0.988248 -0.121002 -0.591148 0.706714 -0.0197997 0.707223 -0.236927 -0.701307 -0.15157 0.696559 0.448118 0.31622 -0.930002 0.187352 0.400795 -0.384863 -0.306262 -0.87068 -0.504304 0.867113 0.203222 -0.454769 0.485867 
1530724485886 0.0727919 -0.988948 -0.12916 -0.591296 0.720447 -0.0374142 0.6925 -0.239312 -0.689679 -0.143462 0.709762 0.44562 0.31622 -0.930002 0.187352 0.400795 -0.384863 -0.306262 -0.87068 -0.504304 0.867113 0.203222 -0.454769 0.485867 
1530724486552 0.0520108 -0.989219 -0.1369 -0.591443 0.733554 -0.0551764 0.677387 -0.241696 -0.677638 -0.135655 0.722776 0.443123 0.31622 -0.930002 0.187352 0.400795 -0.384863 -0.306262 -0.87068 -0.504304 0.867113 0.203222 -0.454769 0.485867 
1530724486558 0.0310763 -0.989058 -0.144216 -0.59158 0.746023 -0.0730722 0.661899 -0.244076 -0.665195 -0.128158 0.735589 0.440632 0.31622 -0.930002 0.187352 0.400795 -0.384863 -0.306262 -0.87068 -0.504304 0.867113 0.203222 -0.454769 0.485867 
1530724487440 0.0100529 -0.988464 -0.151124 -0.591613 0.757806 -0.0910724 0.646093 -0.246329 -0.652403 -0.121018 0.748148 0.438323 0.31622 -0.930002 0.187352 0.400795 -0.384863 -0.306262 -0.87068 -0.504304 0.867113 0.203222 -0.454769 0.485867 
1530724488207 0.0101482 -0.988474 -0.151048 -0.591622 0.757814 -0.0909497 0.646101 -0.246328 -0.652392 -0.121023 0.748157 0.43834 0.31622 -0.930002 0.187352 0.400795 -0.384863 -0.306262 -0.87068 -0.504304 0.867113 0.203222 -0.454769 0.485867 
1530724488471 -0.008288 -0.987589 -0.156839 -0.592306 0.767695 -0.106787 0.631855 -0.248296 -0.640761 -0.115168 0.759053 0.436067 0.31622 -0.930002 0.187352 0.400795 -0.384863 -0.306262 -0.87068 -0.504304 0.867113 0.203222 -0.454769 0.485867 
1530724489096 -0.0268094 -0.986378 -0.162293 -0.592987 0.777067 -0.122695 0.617343 -0.250264 -0.628847 -0.109562 0.769771 0.433792 0.31622 -0.930002 0.187352 0.400795 -0.384863 -0.306262 -0.87068 -0.504304 0.867113 0.203222 -0.454769 0.485867 
1530724489690 -0.0454037 -0.984842 -0.167407 -0.593667 0.785923 -0.138661 0.602576 -0.252232 -0.616655 -0.10421 0.780306 0.431518 0.31622 -0.930002 0.187352 0.400795 -0.384863 -0.306262 -0.87068 -0.504304 0.867113 0.203222 -0.454769 0.485867 
1530724490287 -0.0640595 -0.982981 -0.172177 -0.594348 0.794259 -0.154677 0.587561 -0.2542 -0.604193 -0.0991144 0.79065 0.429243 0.31622 -0.930002 0.187352 0.400795 -0.384863 -0.306262 -0.87068 -0.504304 0.867113 0.203222 -0.454769 0.485867 
1530724490898 -0.0827657 -0.980797 -0.176601 -0.595028 0.802069 -0.170732 0.572307 -0.256168 -0.591469 -0.0942786 0.800797 0.426969 0.31622 -0.930002 0.187352 0.400795 -0.384863 -0.306262 -0.87068 -0.504304 0.867113 0.203222 -0.454769 0.485867 
1530724491513 -0.101511 -0.97829 -0.180675 -0.595709 0.809349 -0.186818 0.556825 -0.258136 -0.57849 -0.0897054 0.810742 0.424694 0.31622 -0.930002 0.187352 0.400795 -0.384863 -0.306262 -0.87068 -0.504304 0.867113 0.203222 -0.454769 0.485867 
1530724492132 -0.120283 -0.975464 -0.184398 -0.596389 0.816094 -0.202923 0.541122 -0.260104 -0.565264 -0.0853977 0.820478 0.42242 0.31622 -0.930002 0.187352 0.400795 -0.384863 -0.306262 -0.87068 -0.504304 0.867113 0.203222 -0.454769 0.485867 
1530724492744 -0.139071 -0.972318 -0.187767 -0.597056 0.822299 -0.219039 0.525211 -0.262066 -0.551801 -0.081359 0.829998 0.420152 0.31622 -0.930002 0.187352 0.400795 -0.384863 -0.306262 -0.87068 -0.504304 0.867113 0.203222 -0.454769 0.485867 
1530724493355 -0.157828 -0.968857 -0.190803 -0.59758 0.827938 -0.235141 0.509144 -0.263915 -0.538153 -0.0776161 0.839266 0.418042 0.31622 -0.930002 0.187352 0.400795 -0.384863 -0.306262 -0.87068 -0.504304 0.867113 0.203222 -0.454769 0.485867 
1530724494052 -0.157832 -0.968844 -0.190867 -0.59759 0.827868 -0.235188 0.509236 -0.263864 -0.53826 -0.0776388 0.839195 0.418001 0.31622 -0.930002 0.187352 0.400795 -0.384863 -0.306262 -0.87068 -0.504304 0.867113 0.203222 -0.454769 0.485867 
1530724494302 -0.172453 -0.96561 -0.194569 -0.598373 0.830959 -0.248683 0.497659 -0.265271 -0.528931 -0.0758557 0.845268 0.416436 0.31622 -0.930002 0.187352 0.400795 -0.384863 -0.306262 -0.87068 -0.504304 0.867113 0.203222 -0.454769 0.485867 
1530724494847 -0.187077 -0.96217 -0.198071 -0.599154 0.833736 -0.262145 0.485966 -0.266678 -0.519505 -0.0742259 0.851237 0.414871 0.31622 -0.930002 0.187352 0.400795 -0.384863 -0.306262 -0.87068 -0.504304 0.867113 0.203222 -0.454769 0.485867 
1530724495388 -0.201697 -0.958524 -0.201373 -0.599935 0.8362 -0.275572 0.474162 -0.268085 -0.509988 -0.0727507 0.857099 0.413306 0.31622 -0.930002 0.187352 0.400795 -0.384863 -0.306262 -0.87068 -0.504304 0.867113 0.203222 -0.454769 0.485867 
1530724495941 -0.216309 -0.954673 -0.204474 -0.600716 0.838349 -0.288958 0.46225 -0.269492 -0.500382 -0.0714316 0.862853 0.411741 0.31622 -0.930002 0.187352 0.400795 -0.384863 -0.306262 -0.87068 -0.504304 0.867113 0.203222 -0.454769 0.485867 
1530724496476 -0.230907 -0.95062 -0.207373 -0.601497 0.840181 -0.302298 0.450235 -0.270899 -0.49069 -0.0702686 0.868496 0.410176 0.31622 -0.930002 0.187352 0.400795 -0.384863 -0.306262 -0.87068 -0.504304 0.867113 0.203222 -0.454769 0.485867 
1530724497026 -0.245487 -0.946365 -0.210069 -0.602278 0.841698 -0.315588 0.43812 -0.272305 -0.480917 -0.0692625 0.874026 0.40861 0.31622 -0.930002 0.187352 0.400795 -0.384863 -0.306262 -0.87068 -0.504304 0.867113 0.203222 -0.454769 0.485867 
1530724497606 -0.260043 -0.94191 -0.212561 -0.603058 0.842897 -0.328823 0.42591 -0.273712 -0.471064 -0.0684122 0.879442 0.407046 0.31622 -0.930002 0.187352 0.400795 -0.384863 -0.306262 -0.87068 -0.504304 0.867113 0.203222 -0.454769 0.485867 
1530724498172 -0.274571 -0.937257 -0.21485 -0.603827 0.843779 -0.341999 0.413611 -0.275114 -0.461138 -0.0677202 0.884741 0.405485 0.31622 -0.930002 0.187352 0.400795 -0.384863 -0.306262 -0.87068 -0.504304 0.867113 0.203222 -0.454769 0.485867 
1530724498825 -0.28904 -0.932411 -0.216947 -0.604469 0.844333 -0.355099 0.401257 -0.276427 -0.451174 -0.0671958 0.889903 0.404029 0.31622 -0.930002 0.187352 0.400795 -0.384863 -0.306262 -0.87068 -0.504304 0.867113 0.203222 -0.454769 0.485867 
1530724499472 -0.288942 -0.932411 -0.217079 -0.604473 0.844275 -0.355081 0.401395 -0.276403 -0.451345 -0.0672941 0.889808 0.403968 0.31622 -0.930002 0.187352 0.400795 -0.384863 -0.306262 -0.87068 -0.504304 0.867113 0.203222 -0.454769 0.485867 
1530724499657 -0.286386 -0.93348 -0.215864 -0.604384 0.842602 -0.35263 0.407031 -0.276709 -0.456075 -0.065319 0.887541 0.404265 0.31622 -0.930002 0.187352 0.400795 -0.384863 -0.306262 -0.87068 -0.504304 0.867113 0.203222 -0.454769 0.485867 
1530724500000 -0.283835 -0.934543 -0.214631 -0.604294 0.840895 -0.350164 0.412651 -0.277016 -0.460797 -0.0633574 0.885241 0.404561 0.31622 -0.930002 0.187352 0.400795 -0.384863 -0.306262 -0.87068 -0.504304 0.867113 0.203222 -0.454769 0.485867 
1530724500348 -0.281289 -0.935599 -0.213381 -0.604204 0.839154 -0.347683 0.418255 -0.277322 -0.465508 -0.0614094 0.88291 0.404858 0.31622 -0.930002 0.187352 0.400795 -0.384863 -0.306262 -0.87068 -0.504304 0.867113 0.203222 -0.454769 0.485867 
1530724500672 -0.278748 -0.936647 -0.212115 -0.604115 0.837378 -0.34519 0.423842 -0.277628 -0.47021 -0.0594756 0.880548 0.405154 0.31622 -0.930002 0.187352 0.400795 -0.384863 -0.306262 -0.87068 -0.504304 0.867113 0.203222 -0.454769 0.485867 
1530724500994 -0.276212 -0.937687 -0.210832 -0.604025 0.835569 -0.342681 0.429412 -0.277934 -0.474902 -0.0575555 0.878155 0.405451 0.31622 -0.930002 0.187352 0.400795 -0.384863 -0.306262 -0.87068 -0.504304 0.867113 0.203222 -0.454769 0.485867 
1530724501330 -0.273682 -0.93872 -0.209532 -0.603936 0.833725 -0.340159 0.434964 -0.27824 -0.479583 -0.05565 0.87573 0.405748 0.31622 -0.930002 0.187352 0.400795 -0.384863 -0.306262 -0.87068 -0.504304 0.867113 0.203222 -0.454769 0.485867 
1530724501669 -0.271158 -0.939745 -0.208215 -0.603846 0.831848 -0.337624 0.440498 -0.278547 -0.484254 -0.0537584 0.873274 0.406044 0.31622 -0.930002 0.187352 0.400795 -0.384863 -0.306262 -0.87068 -0.504304 0.867113 0.203222 -0.454769 0.485867 
1530724502010 -0.268639 -0.940762 -0.20688 -0.603758 0.829937 -0.335074 0.446015 -0.278853 -0.488914 -0.0518805 0.870788 0.40634 0.31622 -0.930002 0.187352 0.400795 -0.384863 -0.306262 -0.87068 -0.504304 0.867113 0.203222 -0.454769 0.485867 
1530724502361 -0.266127 -0.941772 -0.20553 -0.60369 0.827999 -0.332512 0.451501 -0.279164 -0.493552 -0.0500222 0.868277 0.406608 0.31622 -0.930002 0.187352 0.400795 -0.384863 -0.306262 -0.87068 -0.504304 0.867113 0.203222 -0.454769 0.485867 
1530724502845 -0.266181 -0.941775 -0.205445 -0.603684 0.828035 -0.332512 0.451435 -0.279135 -0.493463 -0.0499522 0.868331 0.406642 0.31622 -0.930002 0.187352 0.400795 -0.384863 -0.306262 -0.87068 -0.504304 0.867113 0.203222 -0.454769 0.485867 
1530724503108 -0.258617 -0.944383 -0.203118 -0.603442 0.825449 -0.325272 0.461338 -0.279016 -0.501749 -0.048354 0.863661 0.407432 0.31622 -0.930002 0.187352 0.400795 -0.384863 -0.306262 -0.87068 -0.504304 0.867113 0.203222 -0.454769 0.485867 
1530724503115 -0.251062 -0.946935 -0.200704 -0.603199 0.822722 -0.317996 0.471176 -0.278896 -0.509996 -0.0468289 0.858901 0.408223 0.31622 -0.930002 0.187352 0.400795 -0.384863 -0.306262 -0.87068 -0.504304 0.867113 0.203222 -0.454769 0.485867 
1530724503666 -0.243517 -0.949429 -0.198201 -0.602956 0.819855 -0.310685 0.480949 -0.278777 -0.518205 -0.0453775 0.854052 0.409013 0.31622 -0.930002 0.187352 0.400795 -0.384863 -0.306262 -0.87068 -0.504304 0.867113 0.203222 -0.454769 0.485867 
1530724504091 -0.235982 -0.951866 -0.195611 -0.602714 0.816849 -0.30334 0.490655 -0.278658 -0.526374 -0.0439993 0.849114 0.409803 0.31622 -0.930002 0.187352 0.400795 -0.384863 -0.306262 -0.87068 -0.504304 0.867113 0.203222 -0.454769 0.485867 
1530724504538 -0.228459 -0.954245 -0.192934 -0.602471 0.813704 -0.295963 0.500291 -0.278538 -0.534501 -0.0426951 0.844088 0.410593 0.31622 -0.930002 0.187352 0.400795 -0.384863 -0.306262 -0.87068 -0.504304 0.867113 0.203222 -0.454769 0.485867 
1530724504974 -0.220949 -0.956565 -0.19017 -0.602228 0.810421 -0.288555 0.509857 -0.278419 -0.542586 -0.0414653 0.838976 0.411383 0.31622 -0.930002 0.187352 0.400795 -0.384863 -0.306262 -0.87068 -0.504304 0.867113 0.203222 -0.454769 0.485867 
1530724505418 -0.213454 -0.958827 -0.18732 -0.601986 0.806999 -0.281116 0.519351 -0.2783 -0.550626 -0.0403097 0.833778 0.412173 0.31622 -0.930002 0.187352 0.400795 -0.384863 -0.306262 -0.87068 -0.504304 0.867113 0.203222 -0.454769 0.485867 
1530724505854 -0.205974 -0.961029 -0.184383 -0.601748 0.803441 -0.273649 0.528772 -0.278182 -0.558621 -0.0392275 0.828495 0.41296 0.31622 -0.930002 0.187352 0.400795 -0.384863 -0.306262 -0.87068 -0.504304 0.867113 0.203222 -0.454769 0.485867 
1530724506312 -0.198522 -0.963171 -0.181358 -0.601562 0.799759 -0.266159 0.538093 -0.278097 -0.566546 -0.0382191 0.823143 0.413683 0.31622 -0.930002 0.187352 0.400795 -0.384863 -0.306262 -0.87068 -0.504304 0.867113 0.203222 -0.454769 0.485867 
1530724506887 -0.198746 -0.963129 -0.181335 -0.601592 0.799764 -0.266328 0.538002 -0.278027 -0.56646 -0.0380992 0.823208 0.413695 0.31622 -0.930002 0.187352 0.400795 -0.384863 -0.306262 -0.87068 -0.504304 0.867113 0.203222 -0.454769 0.485867 
1530724506898 -0.19167 -0.965035 -0.178801 -0.601492 0.796844 -0.259368 0.545681 -0.277788 -0.572977 -0.0378858 0.818695 0.414331 0.31622 -0.930002 0.187352 0.400795 -0.384863 -0.306262 -0.87068 -0.504304 0.867113 0.203222 -0.454769 0.485867 
1530724506904 -0.184604 -0.966889 -0.176202 -0.601392 0.79382 -0.252393 0.553305 -0.27755 -0.579457 -0.0377301 0.814129 0.414966 0.31622 -0.930002 0.187352 0.400795 -0.384863 -0.306262 -0.87068 -0.504304 0.867113 0.203222 -0.454769 0.485867 
1530724507484 -0.17755 -0.968691 -0.173536 -0.601291 0.790694 -0.245403 0.560875 -0.277311 -0.5859 -0.0376303 0.809509 0.415601 0.31622 -0.930002 0.187352 0.400795 -0.384863 -0.306262 -0.87068 -0.504304 0.867113 0.203222 -0.454769 0.485867 
1530724507934 -0.170507 -0.97044 -0.170805 -0.601191 0.787465 -0.238399 0.568388 -0.277073 -0.592306 -0.0375889 0.804836 0.416236 0.31622 -0.930002 0.187352 0.400795 -0.384863 -0.306262 -0.87068 -0.504304 0.867113 0.203222 -0.454769 0.485867 
1530724508402 -0.163477 -0.972136 -0.168009 -0.60109 0.784134 -0.231382 0.575844 -0.276834 -0.598673 -0.0376042 0.800111 0.416872 0.31622 -0.930002 0.187352 0.400795 -0.384863 -0.306262 -0.87068 -0.504304 0.867113 0.203222 -0.454769 0.485867 
1530724508852 -0.156461 -0.973779 -0.165148 -0.60099 0.780701 -0.224353 0.583242 -0.276595 -0.605 -0.0376768 0.795333 0.417507 0.31622 -0.930002 0.187352 0.400795 -0.384863 -0.306262 -0.87068 -0.504304 0.867113 0.203222 -0.454769 0.485867 
1530724509279 -0.149459 -0.97537 -0.162223 -0.60089 0.777167 -0.217313 0.590581 -0.276357 -0.611288 -0.0378067 0.790505 0.418142 0.31622 -0.930002 0.187352 0.400795 -0.384863 -0.306262 -0.87068 -0.504304 0.867113 0.203222 -0.454769 0.485867 
1530724509710 -0.142472 -0.976907 -0.159233 -0.600793 0.773533 -0.210262 0.59786 -0.27612 -0.617534 -0.0379936 0.785626 0.418775 0.31622 -0.930002 0.187352 0.400795 -0.384863 -0.306262 -0.87068 -0.504304 0.867113 0.203222 -0.454769 0.485867 
1530724510122 -0.135513 -0.978389 -0.156176 -0.600733 0.76981 -0.203207 0.605061 -0.275914 -0.623721 -0.0382325 0.780711 0.419353 0.31622 -0.930002 0.187352 0.400795 -0.384863 -0.306262 -0.87068 -0.504304 0.867113 0.203222 -0.454769 0.485867 
1530724510690 -0.135586 -0.978367 -0.156248 -0.600738 0.769882 -0.203304 0.604937 -0.2759 -0.623617 -0.0382714 0.780793 0.419398 0.31622 -0.930002 0.187352 0.400795 -0.384863 -0.306262 -0.87068 -0.504304 0.867113 0.203222 -0.454769 0.485867 
1530724510983 -0.130667 -0.979401 -0.15395 -0.600731 0.767456 -0.198226 0.609687 -0.275689 -0.627645 -0.038484 0.777548 0.419789 0.31622 -0.930002 0.187352 0.400795 -0.384863 -0.306262 -0.87068 -0.504304 0.867113 0.203222 -0.454769 0.485867 
1530724511348 -0.125755 -0.980406 -0.151622 -0.600723 0.764982 -0.193142 0.614409 -0.275478 -0.631655 -0.0387229 0.774282 0.42018 0.31622 -0.930002 0.187352 0.400795 -0.384863 -0.306262 -0.87068 -0.504304 0.867113 0.203222 -0.454769 0.485867 
1530724511356 -0.120851 -0.981384 -0.149263 -0.600716 0.762462 -0.188054 0.619101 -0.275268 -0.635646 -0.0389882 0.770995 0.420571 0.31622 -0.930002 0.187352 0.400795 -0.384863 -0.306262 -0.87068 -0.504304 0.867113 0.203222 -0.454769 0.485867 
1530724511845 -0.115956 -0.982335 -0.146876 -0.600708 0.759896 -0.182963 0.623765 -0.275057 -0.639618 -0.0392808 0.767688 0.420961 0.31622 -0.930002 0.187352 0.400795 -0.384863 -0.306262 -0.87068 -0.504304 0.867113 0.203222 -0.454769 0.485867 
1530724511852 -0.111071 -0.983257 -0.144459 -0.600701 0.757284 -0.177868 0.628398 -0.274846 -0.643572 -0.0396002 0.764361 0.421352 0.31622 -0.930002 0.187352 0.400795 -0.384863 -0.306262 -0.87068 -0.504304 0.867113 0.203222 -0.454769 0.485867 
1530724512379 -0.106194 -0.984152 -0.142013 -0.600693 0.754625 -0.172769 0.633002 -0.274635 -0.647506 -0.0399453 0.761013 0.421743 0.31622 -0.930002 0.187352 0.400795 -0.384863 -0.306262 -0.87068 -0.504304 0.867113 0.203222 -0.454769 0.485867 
1530724512792 -0.101327 -0.985019 -0.139538 -0.600686 0.751921 -0.167668 0.637576 -0.274425 -0.65142 -0.0403177 0.757645 0.422134 0.31622 -0.930002 0.187352 0.400795 -0.384863 -0.306262 -0.87068 -0.504304 0.867113 0.203222 -0.454769 0.485867 
1530724513178 -0.0964708 -0.985858 -0.137034 -0.60068 0.749171 -0.162564 0.642118 -0.274215 -0.655314 -0.0407163 0.754258 0.422523 0.31622 -0.930002 0.187352 0.400795 -0.384863 -0.306262 -0.87068 -0.504304 0.867113 0.203222 -0.454769 0.485867 
1530724513588 -0.0916318 -0.986668 -0.1345 -0.600695 0.746384 -0.157462 0.64662 -0.274027 -0.659178 -0.0411377 0.750861 0.422877 0.31622 -0.930002 0.187352 0.400795 -0.384863 -0.306262 -0.87068 -0.504304 0.867113 0.203222 -0.454769 0.485867 
1530724514066 -0.0915821 -0.986667 -0.134538 -0.600665 0.746445 -0.157446 0.646553 -0.274093 -0.659115 -0.0412124 0.750912 0.422893 0.31622 -0.930002 0.187352 0.400795 -0.384863 -0.306262 -0.87068 -0.504304 0.867113 0.203222 -0.454769 0.485867 
1530724514357 -0.087993 -0.987137 -0.133483 -0.600688 0.744628 -0.154193 0.649425 -0.273892 -0.661654 -0.0422502 0.748618 0.423134 0.31622 -0.930002 0.187352 0.400795 -0.384863 -0.306262 -0.87068 -0.504304 0.867113 0.203222 -0.454769 0.485867 
1530724514705 -0.0844069 -0.987594 -0.132413 -0.60071 0.742791 -0.150941 0.652287 -0.273691 -0.664181 -0.0432979 0.746316 0.423374 0.31622 -0.930002 0.187352 0.400795 -0.384863 -0.306262 -0.87068 -0.504304 0.867113 0.203222 -0.454769 0.485867 
1530724515045 -0.0808233 -0.988038 -0.13133 -0.600733 0.740933 -0.147691 0.655138 -0.27349 -0.666698 -0.0443567 0.744007 0.423615 0.31622 -0.930002 0.187352 0.400795 -0.384863 -0.306262 -0.87068 -0.504304 0.867113 0.203222 -0.454769 0.485867 
1530724515395 -0.0772421 -0.98847 -0.130234 -0.600756 0.739055 -0.144443 0.657977 -0.273289 -0.669202 -0.0454268 0.741691 0.423856 0.31622 -0.930002 0.187352 0.400795 -0.384863 -0.306262 -0.87068 -0.504304 0.867113 0.203222 -0.454769 0.485867 
1530724515816 -0.0736636 -0.988889 -0.129125 -0.600779 0.737157 -0.141197 0.660805 -0.273089 -0.671695 -0.0465078 0.739367 0.424097 0.31622 -0.930002 0.187352 0.400795 -0.384863 -0.306262 -0.87068 -0.504304 0.867113 0.203222 -0.454769 0.485867 
1530724516144 -0.0700877 -0.989294 -0.128002 -0.600801 0.735238 -0.137953 0.663622 -0.272888 -0.674176 -0.0476 0.737035 0.424337 0.31622 -0.930002 0.187352 0.400795 -0.384863 -0.306262 -0.87068 -0.504304 0.867113 0.203222 -0.454769 0.485867 
1530724516489 -0.0665147 -0.989687 -0.126866 -0.600824 0.733299 -0.134712 0.666427 -0.272687 -0.676645 -0.0487038 0.734697 0.424578 0.31622 -0.930002 0.187352 0.400795 -0.384863 -0.306262 -0.87068 -0.504304 0.867113 0.203222 -0.454769 0.485867 
1530724516821 -0.0629447 -0.990067 -0.125716 -0.600848 0.73134 -0.131472 0.669221 -0.272487 -0.679102 -0.0498171 0.732351 0.424818 0.31622 -0.930002 0.187352 0.400795 -0.384863 -0.306262 -0.87068 -0.504304 0.867113 0.203222 -0.454769 0.485867 
1530724517162 -0.0593847 -0.990435 -0.12455 -0.600885 0.729366 -0.128237 0.671997 -0.272305 -0.681541 -0.0509364 0.730005 0.425032 0.31622 -0.930002 0.187352 0.400795 -0.384863 -0.306262 -0.87068 -0.504304 0.867113 0.203222 -0.454769 0.485867 
1530724517542 -0.0595393 -0.990425 -0.124555 -0.600907 0.729496 -0.128343 0.671836 -0.272233 -0.681388 -0.0508616 0.730153 0.42511 0.31622 -0.930002 0.187352 0.400795 -0.384863 -0.306262 -0.87068 -0.504304 0.867113 0.203222 -0.454769 0.485867 
1530724517548 -0.0583101 -0.990667 -0.123199 -0.600929 0.72864 -0.126593 0.673096 -0.272199 -0.68241 -0.0505192 0.729221 0.425202 0.31622 -0.930002 0.187352 0.400795 -0.384863 -0.306262 -0.87068 -0.504304 0.867113 0.203222 -0.454769 0.485867 
1530724517555 -0.0570824 -0.990907 -0.121841 -0.600951 0.72778 -0.124842 0.674352 -0.272165 -0.683431 -0.0501797 0.728289 0.425295 0.31622 -0.930002 0.187352 0.400795 -0.384863 -0.306262 -0.87068 -0.504304 0.867113 0.203222 -0.454769 0.485867 
1530724517890 -0.0558564 -0.991143 -0.120481 -0.600972 0.726917 -0.12309 0.675604 -0.272131 -0.68445 -0.0498427 0.727354 0.425387 0.31622 -0.930002 0.187352 0.400795 -0.384863 -0.306262 -0.87068 -0.504304 0.867113 0.203222 -0.454769 0.485867 
1530724518156 -0.0546322 -0.991376 -0.119118 -0.600994 0.72605 -0.121338 0.676852 -0.272097 -0.685468 -0.049508 0.726418 0.42548 0.31622 -0.930002 0.187352 0.400795 -0.384863 -0.306262 -0.87068 -0.504304 0.867113 0.203222 -0.454769 0.485867 
1530724518163 -0.0534097 -0.991605 -0.117754 -0.601016 0.72518 -0.119584 0.678096 -0.272063 -0.686485 -0.0491758 0.725479 0.425572 0.31622 -0.930002 0.187352 0.400795 -0.384863 -0.306262 -0.87068 -0.504304 0.867113 0.203222 -0.454769 0.485867 
1530724518511 -0.0521886 -0.991832 -0.116387 -0.601038 0.724305 -0.117829 0.679337 -0.272029 -0.687502 -0.0488458 0.724538 0.425664 0.31622 -0.930002 0.187352 0.400795 -0.384863 -0.306262 -0.87068 -0.504304 0.867113 0.203222 -0.454769 0.485867 
1530724518762 -0.0509699 -0.992055 -0.115018 -0.60106 0.723427 -0.116074 0.680573 -0.271995 -0.688517 -0.0485186 0.723596 0.425757 0.31622 -0.930002 0.187352 0.400795 -0.384863 -0.306262 -0.87068 -0.504304 0.867113 0.203222 -0.454769 0.485867 
1530724519018 -0.0497527 -0.992275 -0.113647 -0.601082 0.722546 -0.114317 0.681806 -0.271961 -0.68953 -0.0481934 0.722651 0.425849 0.31622 -0.930002 0.187352 0.400795 -0.384863 -0.306262 -0.87068 -0.504304 0.867113 0.203222 -0.454769 0.485867 
1530724519283 -0.0485384 -0.992491 -0.112275 -0.601107 0.721663 -0.112561 0.683032 -0.271931 -0.690541 -0.0478712 0.721707 0.425933 0.31622 -0.930002 0.187352 0.400795 -0.384863 -0.306262 -0.87068 -0.504304 0.867113 0.203222 -0.454769 0.485867 
1530724519579 -0.048403 -0.992509 -0.112173 -0.601086 0.721768 -0.112386 0.68295 -0.271997 -0.690441 -0.0479061 0.721801 0.425989 0.31622 -0.930002 0.187352 0.400795 -0.384863 -0.306262 -0.87068 -0.504304 0.867113 0.203222 -0.454769 0.485867 
1530724519592 -0.0481411 -0.992454 -0.112774 -0.601098 0.721888 -0.112603 0.682787 -0.271982 -0.690333 -0.0485404 0.721861 0.425947 0.31622 -0.930002 0.187352 0.400795 -0.384863 -0.306262 -0.87068 -0.504304 0.867113 0.203222 -0.454769 0.485867 
1530724519600 -0.0478785 -0.992398 -0.113375 -0.60111 0.722008 -0.112819 0.682624 -0.271968 -0.690226 -0.0491743 0.721921 0.425904 0.31622 -0.930002 0.187352 0.400795 -0.384863 -0.306262 -0.87068 -0.504304 0.867113 0.203222 -0.454769 0.485867 
1530724519909 -0.0476161 -0.992342 -0.113975 -0.601123 0.722129 -0.113034 0.682461 -0.271953 -0.690118 -0.0498083 0.721981 0.425862 0.31622 -0.930002 0.187352 0.400795 -0.384863 -0.306262 -0.87068 -0.504304 0.867113 0.203222 -0.454769 0.485867 
1530724520175 -0.0473537 -0.992285 -0.114575 -0.601135 0.722249 -0.113249 0.682298 -0.271939 -0.69001 -0.0504423 0.72204 0.425819 0.31622 -0.930002 0.187352 0.400795 -0.384863 -0.306262 -0.87068 -0.504304 0.867113 0.203222 -0.454769 0.485867 
1530724520387 -0.0470915 -0.992228 -0.115175 -0.601147 0.72237 -0.113464 0.682135 -0.271924 -0.689902 -0.0510763 0.722099 0.425777 0.31622 -0.930002 0.187352 0.400795 -0.384863 -0.306262 -0.87068 -0.504304 0.867113 0.203222 -0.454769 0.485867 
1530724520584 -0.0468282 -0.992171 -0.115776 -0.601159 0.72249 -0.113679 0.681971 -0.27191 -0.689793 -0.0517112 0.722157 0.425735 0.31622 -0.930002 0.187352 0.400795 -0.384863 -0.306262 -0.87068 -0.504304 0.867113 0.203222 -0.454769 0.485867 
1530724520820 -0.046566 -0.992113 -0.116376 -0.601172 0.722611 -0.113893 0.681808 -0.271895 -0.689685 -0.0523454 0.722215 0.425692 0.31622 -0.930002 0.187352 0.400795 -0.384863 -0.306262 -0.87068 -0.504304 0.867113 0.203222 -0.454769 0.485867 
1530724521017 -0.0463038 -0.992055 -0.116976 -0.601184 0.722731 -0.114108 0.681644 -0.27188 -0.689576 -0.0529795 0.722273 0.42565 0.31622 -0.930002 0.187352 0.400795 -0.384863 -0.306262 -0.87068 -0.504304 0.867113 0.203222 -0.454769 0.485867 
1530724521233 -0.046043 -0.991996 -0.117575 -0.601195 0.722852 -0.114322 0.681481 -0.271868 -0.689468 -0.0536117 0.72233 0.425607 0.31622 -0.930002 0.187352 0.400795 -0.384863 -0.306262 -0.87068 -0.504304 0.867113 0.203222 -0.454769 0.485867 
1530724521433 -0.0462302 -0.991985 -0.117594 -0.601238 0.722773 -0.114477 0.681538 -0.271817 -0.689538 -0.0534864 0.722272 0.4256 0.31622 -0.930002 0.187352 0.400795 -0.384863 -0.306262 -0.87068 -0.504304 0.867113 0.203222 -0.454769 0.485867 
1530724521446 -0.0463902 -0.992098 -0.116572 -0.601239 0.72304 -0.113869 0.681356 -0.271836 -0.689246 -0.0526782 0.722609 0.425565 0.31622 -0.930002 0.187352 0.400795 -0.384863 -0.306262 -0.87068 -0.504304 0.867113 0.203222 -0.454769 0.485867 
1530724521853 -0.0465457 -0.99221 -0.115555 -0.601239 0.72331 -0.113262 0.681171 -0.271856 -0.688953 -0.0518766 0.722947 0.425529 0.31622 -0.930002 0.187352 0.400795 -0.384863 -0.306262 -0.87068 -0.504304 0.867113 0.203222 -0.454769 0.485867 
1530724522115 -0.0467005 -0.992321 -0.114538 -0.60124 0.72358 -0.112655 0.680986 -0.271875 -0.688659 -0.0510751 0.723284 0.425494 0.31622 -0.930002 0.187352 0.400795 -0.384863 -0.306262 -0.87068 -0.504304 0.867113 0.203222 -0.454769 0.485867 
1530724522330 -0.0468548 -0.99243 -0.113521 -0.601241 0.723849 -0.112049 0.680799 -0.271895 -0.688366 -0.0502733 0.72362 0.425458 0.31622 -0.930002 0.187352 0.400795 -0.384863 -0.306262 -0.87068 -0.504304 0.867113 0.203222 -0.454769 0.485867 
1530724522547 -0.0470088 -0.992539 -0.112504 -0.601241 0.724118 -0.111443 0.680612 -0.271914 -0.688072 -0.0494711 0.723954 0.425423 0.31622 -0.930002 0.187352 0.400795 -0.384863 -0.306262 -0.87068 -0.504304 0.867113 0.203222 -0.454769 0.485867 
1530724522789 -0.0471624 -0.992646 -0.111486 -0.601242 0.724388 -0.110837 0.680424 -0.271934 -0.687778 -0.0486687 0.724288 0.425387 0.31622 -0.930002 0.187352 0.400795 -0.384863 -0.306262 -0.87068 -0.504304 0.867113 0.203222 -0.454769 0.485867 
1530724522994 -0.0473155 -0.992753 -0.110468 -0.601243 0.724657 -0.110231 0.680236 -0.271954 -0.687483 -0.047866 0.724621 0.425352 0.31622 -0.930002 0.187352 0.400795 -0.384863 -0.306262 -0.87068 -0.504304 0.867113 0.203222 -0.454769 0.485867 
1530724523212 -0.0474682 -0.992858 -0.109451 -0.601243 0.724927 -0.109625 0.680047 -0.271973 -0.687189 -0.0470631 0.724953 0.425316 0.31622 -0.930002 0.187352 0.400795 -0.384863 -0.306262 -0.87068 -0.504304 0.867113 0.203222 -0.454769 0.485867 
1530724523492 -0.0476189 -0.992962 -0.108435 -0.601241 0.725195 -0.10902 0.679858 -0.271989 -0.686895 -0.0462623 0.725283 0.425286 0.31622 -0.930002 0.187352 0.400795 -0.384863 -0.306262 -0.87068 -0.504304 0.867113 0.203222 -0.454769 0.485867 
1530724523710 -0.0476954 -0.992941 -0.108599 -0.601233 0.725089 -0.109196 0.679943 -0.271973 -0.687001 -0.0463141 0.725179 0.425231 0.31622 -0.930002 0.187352 0.400795 -0.384863 -0.306262 -0.87068 -0.504304 0.867113 0.203222 -0.454769 0.485867 
1530724523720 -0.0478989 -0.993008 -0.107895 -0.601231 0.725193 -0.108853 0.679886 -0.272005 -0.686877 -0.0456787 0.725337 0.425232 0.31622 -0.930002 0.187352 0.400795 -0.384863 -0.306262 -0.87068 -0.504304 0.867113 0.203222 -0.454769 0.485867 
1530724523933 -0.0481016 -0.993074 -0.107189 -0.601229 0.725297 -0.10851 0.679831 -0.272037 -0.686753 -0.045043 0.725494 0.425232 0.31622 -0.930002 0.187352 0.400795 -0.384863 -0.306262 -0.87068 -0.504304 0.867113 0.203222 -0.454769 0.485867 
1530724524162 -0.0483042 -0.99314 -0.106483 -0.601228 0.725401 -0.108167 0.679774 -0.272069 -0.686629 -0.0444073 0.72565 0.425233 0.31622 -0.930002 0.187352 0.400795 -0.384863 -0.306262 -0.87068 -0.504304 0.867113 0.203222 -0.454769 0.485867 
1530724524400 -0.0485074 -0.993206 -0.105777 -0.601226 0.725505 -0.107824 0.679717 -0.2721 -0.686505 -0.0437706 0.725807 0.425234 0.31622 -0.930002 0.187352 0.400795 -0.384863 -0.306262 -0.87068 -0.504304 0.867113 0.203222 -0.454769 0.485867 
1530724524409 -0.0487099 -0.993271 -0.105071 -0.601224 0.72561 -0.10748 0.679661 -0.272132 -0.68638 -0.0431345 0.725962 0.425234 0.31622 -0.930002 0.187352 0.400795 -0.384863 -0.306262 -0.87068 -0.504304 0.867113 0.203222 -0.454769 0.485867 
1530724524648 -0.0489122 -0.993336 -0.104365 -0.601223 0.725714 -0.107137 0.679604 -0.272164 -0.686256 -0.0424983 0.726118 0.425235 0.31622 -0.930002 0.187352 0.400795 -0.384863 -0.306262 -0.87068 -0.504304 0.867113 0.203222 -0.454769 0.485867 
1530724524877 -0.0491145 -0.993399 -0.103659 -0.601221 0.725818 -0.106794 0.679546 -0.272196 -0.686131 -0.041862 0.726272 0.425235 0.31622 -0.930002 0.187352 0.400795 -0.384863 -0.306262 -0.87068 -0.504304 0.867113 0.203222 -0.454769 0.485867 
1530724525081 -0.0493166 -0.993463 -0.102953 -0.601219 0.725922 -0.106451 0.679489 -0.272228 -0.686006 -0.0412257 0.726427 0.425236 0.31622 -0.930002 0.187352 0.400795 -0.384863 -0.306262 -0.87068 -0.504304 0.867113 0.203222 -0.454769 0.485867 
1530724525342 -0.0495173 -0.993526 -0.102248 -0.601216 0.726026 -0.106109 0.679431 -0.272257 -0.685882 -0.0405913 0.72658 0.425239 0.31622 -0.930002 0.187352 0.400795 -0.384863 -0.306262 -0.87068 -0.504304 0.867113 0.203222 -0.454769 0.485867 
1530724525528 -0.0495877 -0.993507 -0.102401 -0.601219 0.725974 -0.106267 0.679462 -0.272209 -0.685932 -0.0406472 0.72653 0.425231 0.31622 -0.930002 0.187352 0.400795 -0.384863 -0.306262 -0.87068 -0.504304 0.867113 0.203222 -0.454769 0.485867 
1530724525541 -0.0497444 -0.993507 -0.10232 -0.601214 0.725811 -0.106335 0.679626 -0.272227 -0.686094 -0.0404575 0.726387 0.425249 0.31622 -0.930002 0.187352 0.400795 -0.384863 -0.306262 -0.87068 -0.504304 0.867113 0.203222 -0.454769 0.485867 
1530724525834 -0.0499013 -0.993507 -0.10224 -0.60121 0.725647 -0.106403 0.679791 -0.272244 -0.686256 -0.0402675 0.726245 0.425268 0.31622 -0.930002 0.187352 0.400795 -0.384863 -0.306262 -0.87068 -0.504304 0.867113 0.203222 -0.454769 0.485867 
1530724526205 -0.0500582 -0.993508 -0.102159 -0.601205 0.725482 -0.106471 0.679955 -0.272262 -0.686418 -0.0400775 0.726102 0.425286 0.31622 -0.930002 0.187352 0.400795 -0.384863 -0.306262 -0.87068 -0.504304 0.867113 0.203222 -0.454769 0.485867 
