0.261598 -0.890125 0.373155 -0.60603 0.644599 0.448881 0.618868 -0.175077 -0.718372 0.0786405 0.6912 0.427736 0.212061 -0.961933 -0.17238 0.395774 -0.0236024 0.171299 -0.984936 -0.531875 0.976971 0.212935 0.0136218 0.692703 
0.261598 -0.890125 0.373155 -0.60603 0.644599 0.448881 0.618868 -0.175077 -0.718372 0.0786405 0.6912 0.427736 0.212061 -0.961933 -0.17238 0.395774 -0.0236024 0.171299 -0.984936 -0.531875 0.976971 0.212935 0.0136218 0.692703 
0.261598 -0.890125 0.373155 -0.60603 0.644599 0.448881 0.618868 -0.175077 -0.718372 0.0786405 0.6912 0.427736 0.212061 -0.961933 -0.17238 0.395774 -0.0236024 0.171299 -0.984936 -0.531875 0.976971 0.212935 0.0136218 0.692703 
0.26155 -0.890147 0.373136 -0.606038 0.644636 0.448831 0.618866 -0.175046 -0.718356 0.0786725 0.691212 0.42774 0.141299 -0.989629 0.0258711 0.392161 0.150484 -0.00435831 -0.988603 -0.521849 0.978463 0.143581 0.148307 0.813242 
0.26155 -0.890147 0.373136 -0.606038 0.644636 0.448831 0.618866 -0.175046 -0.718356 0.0786725 0.691212 0.42774 0.141299 -0.989629 0.0258711 0.392161 0.150484 -0.00435831 -0.988603 -0.521849 0.978463 0.143581 0.148307 0.813242 
0.26155 -0.890147 0.373136 -0.606038 0.644636 0.448831 0.618866 -0.175046 -0.718356 0.0786725 0.691212 0.42774 0.141299 -0.989629 0.0258711 0.392161 0.150484 -0.00435831 -0.988603 -0.521849 0.978463 0.143581 0.148307 0.813242 
0.261549 -0.890147 0.373135 -0.606038 0.644636 0.44883 0.618866 -0.175046 -0.718356 0.0786727 0.691212 0.42774 0.0581403 -0.993317 0.0997018 0.391087 0.255547 -0.0817348 -0.963335 -0.524858 0.965047 0.0814872 0.249088 0.868742 
0.261549 -0.890147 0.373135 -0.606038 0.644636 0.44883 0.618866 -0.175046 -0.718356 0.0786727 0.691212 0.42774 0.0581403 -0.993317 0.0997018 0.391087 0.255547 -0.0817348 -0.963335 -0.524858 0.965047 0.0814872 0.249088 0.868742 
0.261549 -0.890147 0.373135 -0.606038 0.644636 0.44883 0.618866 -0.175046 -0.718356 0.0786727 0.691212 0.42774 0.0581403 -0.993317 0.0997018 0.391087 0.255547 -0.0817348 -0.963335 -0.524858 0.965047 0.0814872 0.249088 0.868742 
0.261549 -0.890147 0.373135 -0.606038 0.644636 0.44883 0.618866 -0.175046 -0.718356 0.0786727 0.691212 0.42774 -0.015434 -0.992994 0.117152 0.394484 0.326808 -0.11574 -0.937977 -0.534491 0.944965 0.0238093 0.326304 0.895703 
0.261549 -0.890147 0.373135 -0.606038 0.644636 0.44883 0.618866 -0.175046 -0.718356 0.0786727 0.691212 0.42774 -0.015434 -0.992994 0.117152 0.394484 0.326808 -0.11574 -0.937977 -0.534491 0.944965 0.0238093 0.326304 0.895703 
0.261549 -0.890147 0.373135 -0.606038 0.644636 0.44883 0.618866 -0.175046 -0.718356 0.0786727 0.691212 0.42774 -0.015434 -0.992994 0.117152 0.394484 0.326808 -0.11574 -0.937977 -0.534491 0.944965 0.0238093 0.326304 0.895703 
0.261549 -0.890147 0.373135 -0.606038 0.644636 0.44883 0.618866 -0.175046 -0.718356 0.0786727 0.691212 0.42774 -0.0773813 -0.991396 0.105571 0.400726 0.378449 -0.127172 -0.916845 -0.547153 0.922382 -0.0309933 0.385033 0.907267 
0.261549 -0.890147 0.373135 -0.606038 0.644636 0.44883 0.618866 -0.175046 -0.718356 0.0786727 0.691212 0.42774 -0.0773813 -0.991396 0.105571 0.400726 0.378449 -0.127172 -0.916845 -0.547153 0.922382 -0.0309933 0.385033 0.907267 
0.261549 -0.890147 0.373135 -0.606038 0.644636 0.44883 0.618866 -0.175046 -0.718356 0.0786727 0.691212 0.42774 -0.0773813 -0.991396 0.105571 0.400726 0.378449 -0.127172 -0.916845 -0.547153 0.922382 -0.0309933 0.385033 0.907267 
0.261549 -0.890147 0.373135 -0.606038 0.644636 0.44883 0.618866 -0.175046 -0.718356 0.0786727 0.691212 0.42774 -0.128121 -0.988804 0.0764918 0.408664 0.416578 -0.123649 -0.900652 -0.561784 0.900026 -0.0835277 0.427756 0.908274 
0.261549 -0.890147 0.373135 -0.606038 0.644636 0.44883 0.618866 -0.175046 -0.718356 0.0786727 0.691212 0.42774 -0.128121 -0.988804 0.0764918 0.408664 0.416578 -0.123649 -0.900652 -0.561784 0.900026 -0.0835277 0.427756 0.908274 
0.261549 -0.890147 0.373135 -0.606038 0.644636 0.44883 0.618866 -0.175046 -0.718356 0.0786727 0.691212 0.42774 -0.128121 -0.988804 0.0764918 0.408664 0.416578 -0.123649 -0.900652 -0.561784 0.900026 -0.0835277 0.427756 0.908274 
0.261549 -0.890147 0.373135 -0.606038 0.644636 0.44883 0.618866 -0.175046 -0.718356 0.0786727 0.691212 0.42774 -0.164452 -0.985303 0.0461814 0.415486 0.452961 -0.117026 -0.883817 -0.571703 0.876232 -0.124427 0.465549 0.909792 
0.261549 -0.890147 0.373135 -0.606038 0.644636 0.44883 0.618866 -0.175046 -0.718356 0.0786727 0.691212 0.42774 -0.164452 -0.985303 0.0461814 0.415486 0.452961 -0.117026 -0.883817 -0.571703 0.876232 -0.124427 0.465549 0.909792 
0.261549 -0.890147 0.373135 -0.606038 0.644636 0.44883 0.618866 -0.175046 -0.718356 0.0786727 0.691212 0.42774 -0.164452 -0.985303 0.0461814 0.415486 0.452961 -0.117026 -0.883817 -0.571703 0.876232 -0.124427 0.465549 0.909792 
0.261549 -0.890147 0.373136 -0.606038 0.644636 0.448831 0.618866 -0.175046 -0.718356 0.0786726 0.691212 0.42774 -0.186024 -0.981186 0.0516549 0.412854 0.510379 -0.141419 -0.848242 -0.557505 0.839588 -0.13143 0.527084 0.941004 
0.261549 -0.890147 0.373136 -0.606038 0.644636 0.448831 0.618866 -0.175046 -0.718356 0.0786726 0.691212 0.42774 -0.186024 -0.981186 0.0516549 0.412854 0.510379 -0.141419 -0.848242 -0.557505 0.839588 -0.13143 0.527084 0.941004 
0.261549 -0.890147 0.373136 -0.606038 0.644636 0.448831 0.618866 -0.175046 -0.718356 0.0786726 0.691212 0.42774 -0.186024 -0.981186 0.0516549 0.412854 0.510379 -0.141419 -0.848242 -0.557505 0.839588 -0.13143 0.527084 0.941004 
0.2616 -0.890123 0.373157 -0.60603 0.644597 0.448883 0.618868 -0.175077 -0.718373 0.0786401 0.691199 0.427735 -0.216706 -0.976234 0.00231827 0.434556 0.491377 -0.111128 -0.863828 -0.580201 0.843556 -0.186057 0.503781 0.908049 
0.2616 -0.890123 0.373157 -0.60603 0.644597 0.448883 0.618868 -0.175077 -0.718373 0.0786401 0.691199 0.427735 -0.216706 -0.976234 0.00231827 0.434556 0.491377 -0.111128 -0.863828 -0.580201 0.843556 -0.186057 0.503781 0.908049 
0.2616 -0.890123 0.373157 -0.60603 0.644597 0.448883 0.618868 -0.175077 -0.718373 0.0786401 0.691199 0.427735 -0.216706 -0.976234 0.00231827 0.434556 0.491377 -0.111128 -0.863828 -0.580201 0.843556 -0.186057 0.503781 0.908049 
0.225679 0.770528 0.596117 0.176083 -0.751449 -0.25174 0.609878 0.0580653 0.619995 -0.585588 0.5222 0.47658 -0.460642 -0.250398 -0.851534 0.439864 0.545991 0.676455 -0.494271 -0.292207 0.699788 -0.692611 -0.174888 0.687626 
0.254792 -0.89368 0.369347 -0.60674 0.649971 0.441077 0.618861 -0.171886 -0.715974 0.0823846 0.693249 0.428297 -0.40662 -0.902321 -0.143099 0.440346 0.542725 -0.112573 -0.832332 -0.64173 0.734922 -0.416106 0.535487 0.872701 
0.254792 -0.89368 0.369347 -0.60674 0.649971 0.441077 0.618861 -0.171886 -0.715974 0.0823846 0.693249 0.428297 -0.40662 -0.902321 -0.143099 0.440346 0.542725 -0.112573 -0.832332 -0.64173 0.734922 -0.416106 0.535487 0.872701 
0.254792 -0.89368 0.369347 -0.60674 0.649971 0.441077 0.618861 -0.171886 -0.715974 0.0823846 0.693249 0.428297 -0.40662 -0.902321 -0.143099 0.440346 0.542725 -0.112573 -0.832332 -0.64173 0.734922 -0.416106 0.535487 0.872701 
0.254769 -0.89369 0.369338 -0.606744 0.649988 0.441053 0.618859 -0.171872 -0.715966 0.0823995 0.693255 0.428299 -0.405741 -0.902918 -0.14182 0.440241 0.54432 -0.114061 -0.831087 -0.640433 0.734227 -0.414402 0.537756 0.874527 
0.254769 -0.89369 0.369338 -0.606744 0.649988 0.441053 0.618859 -0.171872 -0.715966 0.0823995 0.693255 0.428299 -0.405741 -0.902918 -0.14182 0.440241 0.54432 -0.114061 -0.831087 -0.640433 0.734227 -0.414402 0.537756 0.874527 
0.254769 -0.89369 0.369338 -0.606744 0.649988 0.441053 0.618859 -0.171872 -0.715966 0.0823995 0.693255 0.428299 -0.405741 -0.902918 -0.14182 0.440241 0.54432 -0.114061 -0.831087 -0.640433 0.734227 -0.414402 0.537756 0.874527 
0.254769 -0.89369 0.369338 -0.606744 0.649988 0.441053 0.618859 -0.171872 -0.715966 0.0823995 0.693255 0.428299 -0.405751 -0.902911 -0.141836 0.440244 0.544304 -0.114044 -0.8311 -0.640447 0.734234 -0.414422 0.537731 0.874506 
0.254769 -0.89369 0.369338 -0.606744 0.649988 0.441053 0.618859 -0.171872 -0.715966 0.0823995 0.693255 0.428299 -0.405751 -0.902911 -0.141836 0.440244 0.544304 -0.114044 -0.8311 -0.640447 0.734234 -0.414422 0.537731 0.874506 
0.254769 -0.89369 0.369338 -0.606744 0.649988 0.441053 0.618859 -0.171872 -0.715966 0.0823995 0.693255 0.428299 -0.405751 -0.902911 -0.141836 0.440244 0.544304 -0.114044 -0.8311 -0.640447 0.734234 -0.414422 0.537731 0.874506 
0.254769 -0.89369 0.369338 -0.606744 0.649988 0.441053 0.618859 -0.171872 -0.715966 0.0823995 0.693255 0.428299 -0.405751 -0.902911 -0.141836 0.440244 0.544304 -0.114044 -0.8311 -0.640447 0.734234 -0.414422 0.537732 0.874506 
0.254769 -0.89369 0.369338 -0.606744 0.649988 0.441053 0.618859 -0.171872 -0.715966 0.0823995 0.693255 0.428299 -0.405751 -0.902911 -0.141836 0.440244 0.544304 -0.114044 -0.8311 -0.640447 0.734234 -0.414422 0.537732 0.874506 
0.254769 -0.89369 0.369338 -0.606744 0.649988 0.441053 0.618859 -0.171872 -0.715966 0.0823995 0.693255 0.428299 -0.405751 -0.902911 -0.141836 0.440244 0.544304 -0.114044 -0.8311 -0.640447 0.734234 -0.414422 0.537732 0.874506 
0.254769 -0.89369 0.369338 -0.606744 0.649988 0.441053 0.618859 -0.171872 -0.715966 0.0823995 0.693255 0.428299 -0.405751 -0.902911 -0.141836 0.440244 0.544304 -0.114044 -0.8311 -0.640447 0.734234 -0.414422 0.537732 0.874506 
0.254769 -0.89369 0.369338 -0.606744 0.649988 0.441053 0.618859 -0.171872 -0.715966 0.0823995 0.693255 0.428299 -0.405751 -0.902911 -0.141836 0.440244 0.544304 -0.114044 -0.8311 -0.640447 0.734234 -0.414422 0.537732 0.874506 
0.254769 -0.89369 0.369338 -0.606744 0.649988 0.441053 0.618859 -0.171872 -0.715966 0.0823995 0.693255 0.428299 -0.405751 -0.902911 -0.141836 0.440244 0.544304 -0.114044 -0.8311 -0.640447 0.734234 -0.414422 0.537732 0.874506 
0.254769 -0.89369 0.369338 -0.606744 0.649988 0.441053 0.618859 -0.171872 -0.715966 0.0823995 0.693255 0.428299 -0.405751 -0.902911 -0.141836 0.440244 0.544304 -0.114044 -0.8311 -0.640447 0.734234 -0.414422 0.537731 0.874506 
0.254769 -0.89369 0.369338 -0.606744 0.649988 0.441053 0.618859 -0.171872 -0.715966 0.0823995 0.693255 0.428299 -0.405751 -0.902911 -0.141836 0.440244 0.544304 -0.114044 -0.8311 -0.640447 0.734234 -0.414422 0.537731 0.874506 
0.254769 -0.89369 0.369338 -0.606744 0.649988 0.441053 0.618859 -0.171872 -0.715966 0.0823995 0.693255 0.428299 -0.405751 -0.902911 -0.141836 0.440244 0.544304 -0.114044 -0.8311 -0.640447 0.734234 -0.414422 0.537731 0.874506 
0.254769 -0.89369 0.369338 -0.606744 0.649988 0.441053 0.618859 -0.171872 -0.715966 0.0823995 0.693255 0.428299 -0.405746 -0.902915 -0.141827 0.440243 0.544313 -0.114054 -0.831093 -0.640439 0.73423 -0.41441 0.537746 0.874518 
0.254769 -0.89369 0.369338 -0.606744 0.649988 0.441053 0.618859 -0.171872 -0.715966 0.0823995 0.693255 0.428299 -0.405746 -0.902915 -0.141827 0.440243 0.544313 -0.114054 -0.831093 -0.640439 0.73423 -0.41441 0.537746 0.874518 
0.254769 -0.89369 0.369338 -0.606744 0.649988 0.441053 0.618859 -0.171872 -0.715966 0.0823995 0.693255 0.428299 -0.405746 -0.902915 -0.141827 0.440243 0.544313 -0.114054 -0.831093 -0.640439 0.73423 -0.41441 0.537746 0.874518 
0.254769 -0.89369 0.369338 -0.606744 0.649988 0.441053 0.618859 -0.171872 -0.715966 0.0823995 0.693255 0.428299 -0.406421 -0.902515 -0.142438 0.440217 0.543575 -0.113529 -0.831647 -0.641096 0.734403 -0.415425 0.536726 0.873692 
0.254769 -0.89369 0.369338 -0.606744 0.649988 0.441053 0.618859 -0.171872 -0.715966 0.0823995 0.693255 0.428299 -0.406421 -0.902515 -0.142438 0.440217 0.543575 -0.113529 -0.831647 -0.641096 0.734403 -0.415425 0.536726 0.873692 
0.254769 -0.89369 0.369338 -0.606744 0.649988 0.441053 0.618859 -0.171872 -0.715966 0.0823995 0.693255 0.428299 -0.406421 -0.902515 -0.142438 0.440217 0.543575 -0.113529 -0.831647 -0.641096 0.734403 -0.415425 0.536726 0.873692 
0.254801 -0.893675 0.369353 -0.606739 0.649963 0.441089 0.618861 -0.171891 -0.715978 0.0823792 0.693245 0.428296 -0.328194 -0.939703 -0.0961568 0.458247 0.567184 -0.114636 -0.815574 -0.584292 0.755375 -0.322205 0.570608 0.918871 
0.254801 -0.893675 0.369353 -0.606739 0.649963 0.441089 0.618861 -0.171891 -0.715978 0.0823792 0.693245 0.428296 -0.328194 -0.939703 -0.0961568 0.458247 0.567184 -0.114636 -0.815574 -0.584292 0.755375 -0.322205 0.570608 0.918871 
0.254801 -0.893675 0.369353 -0.606739 0.649963 0.441089 0.618861 -0.171891 -0.715978 0.0823792 0.693245 0.428296 -0.328194 -0.939703 -0.0961568 0.458247 0.567184 -0.114636 -0.815574 -0.584292 0.755375 -0.322205 0.570608 0.918871 
0.103752 0.724879 0.681019 0.176705 -0.775704 -0.36958 0.51156 0.0596873 0.62251 -0.581345 0.523947 0.47703 -0.252656 0.121299 -0.959923 0.5495 -0.28703 0.938054 0.194083 0.268379 0.924001 0.324563 -0.202189 0.693893 
0.248088 -0.897096 0.36561 -0.607415 0.65517 0.433382 0.618816 -0.168767 -0.713586 0.0860163 0.695267 0.428853 -0.483784 -0.861093 -0.156433 0.396743 0.641948 -0.227649 -0.732174 -0.600826 0.594858 -0.454636 0.66291 0.965795 
0.248088 -0.897096 0.36561 -0.607415 0.65517 0.433382 0.618816 -0.168767 -0.713586 0.0860163 0.695267 0.428853 -0.483784 -0.861093 -0.156433 0.396743 0.641948 -0.227649 -0.732174 -0.600826 0.594858 -0.454636 0.66291 0.965795 
0.248088 -0.897096 0.36561 -0.607415 0.65517 0.433382 0.618816 -0.168767 -0.713586 0.0860163 0.695267 0.428853 -0.483784 -0.861093 -0.156433 0.396743 0.641948 -0.227649 -0.732174 -0.600826 0.594858 -0.454636 0.66291 0.965795 
0.248065 -0.897106 0.365601 -0.607419 0.655187 0.433358 0.618814 -0.168753 -0.713578 0.0860307 0.695273 0.428855 -0.483032 -0.861465 -0.156714 0.397464 0.642006 -0.226744 -0.732404 -0.60066 0.595406 -0.454385 0.66259 0.965491 
0.248065 -0.897106 0.365601 -0.607419 0.655187 0.433358 0.618814 -0.168753 -0.713578 0.0860307 0.695273 0.428855 -0.483032 -0.861465 -0.156714 0.397464 0.642006 -0.226744 -0.732404 -0.60066 0.595406 -0.454385 0.66259 0.965491 
0.248065 -0.897106 0.365601 -0.607419 0.655187 0.433358 0.618814 -0.168753 -0.713578 0.0860307 0.695273 0.428855 -0.483032 -0.861465 -0.156714 0.397464 0.642006 -0.226744 -0.732404 -0.60066 0.595406 -0.454385 0.66259 0.965491 
0.248065 -0.897106 0.365601 -0.607419 0.655187 0.433358 0.618814 -0.168753 -0.713578 0.0860308 0.695273 0.428855 -0.483038 -0.861462 -0.156709 0.397457 0.64201 -0.226756 -0.732396 -0.600658 0.595397 -0.454384 0.662599 0.965498 
0.248065 -0.897106 0.365601 -0.607419 0.655187 0.433358 0.618814 -0.168753 -0.713578 0.0860308 0.695273 0.428855 -0.483038 -0.861462 -0.156709 0.397457 0.64201 -0.226756 -0.732396 -0.600658 0.595397 -0.454384 0.662599 0.965498 
0.248065 -0.897106 0.365601 -0.607419 0.655187 0.433358 0.618814 -0.168753 -0.713578 0.0860308 0.695273 0.428855 -0.483038 -0.861462 -0.156709 0.397457 0.64201 -0.226756 -0.732396 -0.600658 0.595397 -0.454384 0.662599 0.965498 
0.248065 -0.897106 0.365601 -0.607419 0.655187 0.433358 0.618814 -0.168753 -0.713578 0.0860308 0.695273 0.428855 -0.483038 -0.861462 -0.156709 0.397457 0.64201 -0.226756 -0.732396 -0.600659 0.595397 -0.454384 0.662599 0.965498 
0.248065 -0.897106 0.365601 -0.607419 0.655187 0.433358 0.618814 -0.168753 -0.713578 0.0860308 0.695273 0.428855 -0.483038 -0.861462 -0.156709 0.397457 0.64201 -0.226756 -0.732396 -0.600659 0.595397 -0.454384 0.662599 0.965498 
0.248065 -0.897106 0.365601 -0.607419 0.655187 0.433358 0.618814 -0.168753 -0.713578 0.0860308 0.695273 0.428855 -0.483038 -0.861462 -0.156709 0.397457 0.64201 -0.226756 -0.732396 -0.600659 0.595397 -0.454384 0.662599 0.965498 
0.248065 -0.897106 0.365601 -0.607419 0.655187 0.433358 0.618814 -0.168753 -0.713578 0.0860308 0.695273 0.428855 -0.483038 -0.861462 -0.156709 0.397457 0.64201 -0.226756 -0.732396 -0.600659 0.595397 -0.454384 0.662599 0.965498 
0.248065 -0.897106 0.365601 -0.607419 0.655187 0.433358 0.618814 -0.168753 -0.713578 0.0860308 0.695273 0.428855 -0.483038 -0.861462 -0.156709 0.397457 0.64201 -0.226756 -0.732396 -0.600659 0.595397 -0.454384 0.662599 0.965498 
0.248065 -0.897106 0.365601 -0.607419 0.655187 0.433358 0.618814 -0.168753 -0.713578 0.0860308 0.695273 0.428855 -0.483038 -0.861462 -0.156709 0.397457 0.64201 -0.226756 -0.732396 -0.600659 0.595397 -0.454384 0.662599 0.965498 
0.248065 -0.897106 0.365601 -0.607419 0.655187 0.433358 0.618814 -0.168753 -0.713578 0.0860308 0.695273 0.428855 -0.483038 -0.861462 -0.156709 0.397457 0.64201 -0.226756 -0.732396 -0.600658 0.595397 -0.454384 0.662599 0.965498 
0.248065 -0.897106 0.365601 -0.607419 0.655187 0.433358 0.618814 -0.168753 -0.713578 0.0860308 0.695273 0.428855 -0.483038 -0.861462 -0.156709 0.397457 0.64201 -0.226756 -0.732396 -0.600658 0.595397 -0.454384 0.662599 0.965498 
0.248065 -0.897106 0.365601 -0.607419 0.655187 0.433358 0.618814 -0.168753 -0.713578 0.0860308 0.695273 0.428855 -0.483038 -0.861462 -0.156709 0.397457 0.64201 -0.226756 -0.732396 -0.600658 0.595397 -0.454384 0.662599 0.965498 
0.248065 -0.897106 0.365601 -0.607419 0.655187 0.433358 0.618814 -0.168753 -0.713578 0.0860308 0.695273 0.428855 -0.483034 -0.861463 -0.156718 0.397467 0.642002 -0.226738 -0.732409 -0.600665 0.595409 -0.454392 0.662583 0.965485 
0.248065 -0.897106 0.365601 -0.607419 0.655187 0.433358 0.618814 -0.168753 -0.713578 0.0860308 0.695273 0.428855 -0.483034 -0.861463 -0.156718 0.397467 0.642002 -0.226738 -0.732409 -0.600665 0.595409 -0.454392 0.662583 0.965485 
0.248065 -0.897106 0.365601 -0.607419 0.655187 0.433358 0.618814 -0.168753 -0.713578 0.0860308 0.695273 0.428855 -0.483034 -0.861463 -0.156718 0.397467 0.642002 -0.226738 -0.732409 -0.600665 0.595409 -0.454392 0.662583 0.965485 
0.248065 -0.897106 0.365601 -0.607419 0.655187 0.433358 0.618814 -0.168753 -0.713578 0.0860308 0.695273 0.428855 -0.48374 -0.861185 -0.156067 0.396519 0.642467 -0.228316 -0.731511 -0.600356 0.594333 -0.454129 0.663728 0.966431 
0.248065 -0.897106 0.365601 -0.607419 0.655187 0.433358 0.618814 -0.168753 -0.713578 0.0860308 0.695273 0.428855 -0.48374 -0.861185 -0.156067 0.396519 0.642467 -0.228316 -0.731511 -0.600356 0.594333 -0.454129 0.663728 0.966431 
0.248065 -0.897106 0.365601 -0.607419 0.655187 0.433358 0.618814 -0.168753 -0.713578 0.0860308 0.695273 0.428855 -0.48374 -0.861185 -0.156067 0.396519 0.642467 -0.228316 -0.731511 -0.600356 0.594333 -0.454129 0.663728 0.966431 
0.248098 -0.897091 0.365616 -0.607414 0.655162 0.433393 0.618816 -0.168771 -0.71359 0.0860111 0.695264 0.428852 -0.391877 -0.900537 -0.18832 0.485359 0.59343 -0.0909982 -0.799725 -0.593592 0.703046 -0.425149 0.570066 0.900394 
0.248098 -0.897091 0.365616 -0.607414 0.655162 0.433393 0.618816 -0.168771 -0.71359 0.0860111 0.695264 0.428852 -0.391877 -0.900537 -0.18832 0.485359 0.59343 -0.0909982 -0.799725 -0.593592 0.703046 -0.425149 0.570066 0.900394 
0.248098 -0.897091 0.365616 -0.607414 0.655162 0.433393 0.618816 -0.168771 -0.71359 0.0860111 0.695264 0.428852 -0.391877 -0.900537 -0.18832 0.485359 0.59343 -0.0909982 -0.799725 -0.593592 0.703046 -0.425149 0.570066 0.900394 
0.043486 0.696067 0.716659 0.177002 -0.780427 -0.424183 0.45935 0.0604684 0.623733 -0.579275 0.524784 0.477244 -0.390942 0.267007 -0.880836 0.495616 -0.396353 0.814883 0.422929 0.364163 0.830704 0.514463 -0.212743 0.694956 
0.246491 -0.897897 0.364724 -0.607573 0.656393 0.431549 0.6188 -0.168027 -0.713015 0.0868736 0.695747 0.428985 -0.419841 -0.884044 -0.205423 0.478957 0.604522 -0.103563 -0.789828 -0.599792 0.676969 -0.455785 0.577904 0.902546 
0.246491 -0.897897 0.364724 -0.607573 0.656393 0.431549 0.6188 -0.168027 -0.713015 0.0868736 0.695747 0.428985 -0.419841 -0.884044 -0.205423 0.478957 0.604522 -0.103563 -0.789828 -0.599792 0.676969 -0.455785 0.577904 0.902546 
0.246491 -0.897897 0.364724 -0.607573 0.656393 0.431549 0.6188 -0.168027 -0.713015 0.0868736 0.695747 0.428985 -0.419841 -0.884044 -0.205423 0.478957 0.604522 -0.103563 -0.789828 -0.599792 0.676969 -0.455785 0.577904 0.902546 
0.246486 -0.897899 0.364722 -0.607574 0.656397 0.431543 0.6188 -0.168024 -0.713013 0.0868769 0.695748 0.428986 -0.419875 -0.884023 -0.205446 0.47895 0.604557 -0.103593 -0.789797 -0.599797 0.676916 -0.45582 0.577938 0.902553 
0.246486 -0.897899 0.364722 -0.607574 0.656397 0.431543 0.6188 -0.168024 -0.713013 0.0868769 0.695748 0.428986 -0.419875 -0.884023 -0.205446 0.47895 0.604557 -0.103593 -0.789797 -0.599797 0.676916 -0.45582 0.577938 0.902553 
0.246486 -0.897899 0.364722 -0.607574 0.656397 0.431543 0.6188 -0.168024 -0.713013 0.0868769 0.695748 0.428986 -0.419875 -0.884023 -0.205446 0.47895 0.604557 -0.103593 -0.789797 -0.599797 0.676916 -0.45582 0.577938 0.902553 
0.246486 -0.897899 0.364722 -0.607574 0.656397 0.431543 0.6188 -0.168024 -0.713013 0.0868769 0.695748 0.428986 -0.419875 -0.884023 -0.205446 0.47895 0.604557 -0.103593 -0.789797 -0.599797 0.676916 -0.45582 0.577938 0.902553 
0.246486 -0.897899 0.364722 -0.607574 0.656397 0.431543 0.6188 -0.168024 -0.713013 0.0868769 0.695748 0.428986 -0.419875 -0.884023 -0.205446 0.47895 0.604557 -0.103593 -0.789797 -0.599797 0.676916 -0.45582 0.577938 0.902553 
0.246486 -0.897899 0.364722 -0.607574 0.656397 0.431543 0.6188 -0.168024 -0.713013 0.0868769 0.695748 0.428986 -0.419875 -0.884023 -0.205446 0.47895 0.604557 -0.103593 -0.789797 -0.599797 0.676916 -0.45582 0.577938 0.902553 
0.246486 -0.897899 0.364722 -0.607574 0.656397 0.431543 0.6188 -0.168024 -0.713013 0.0868769 0.695748 0.428986 -0.419875 -0.884023 -0.205446 0.47895 0.604557 -0.103593 -0.789797 -0.599797 0.676916 -0.45582 0.577938 0.902553 
0.246486 -0.897899 0.364722 -0.607574 0.656397 0.431543 0.6188 -0.168024 -0.713013 0.0868769 0.695748 0.428986 -0.419875 -0.884023 -0.205446 0.47895 0.604557 -0.103593 -0.789797 -0.599797 0.676916 -0.45582 0.577938 0.902553 
0.246486 -0.897899 0.364722 -0.607574 0.656397 0.431543 0.6188 -0.168024 -0.713013 0.0868769 0.695748 0.428986 -0.419875 -0.884023 -0.205446 0.47895 0.604557 -0.103593 -0.789797 -0.599797 0.676916 -0.45582 0.577938 0.902553 
0.246486 -0.897899 0.364722 -0.607574 0.656397 0.431543 0.6188 -0.168024 -0.713013 0.0868769 0.695748 0.428986 -0.419875 -0.884023 -0.205446 0.47895 0.604557 -0.103593 -0.789797 -0.599797 0.676916 -0.45582 0.577938 0.902553 
0.246486 -0.897899 0.364722 -0.607574 0.656397 0.431543 0.6188 -0.168024 -0.713013 0.0868769 0.695748 0.428986 -0.419875 -0.884023 -0.205446 0.47895 0.604557 -0.103593 -0.789797 -0.599797 0.676916 -0.45582 0.577938 0.902553 
0.246486 -0.897899 0.364722 -0.607574 0.656397 0.431543 0.6188 -0.168024 -0.713013 0.0868769 0.695748 0.428986 -0.419875 -0.884023 -0.205446 0.47895 0.604557 -0.103593 -0.789797 -0.599797 0.676916 -0.45582 0.577938 0.902553 
0.246486 -0.897899 0.364722 -0.607574 0.656397 0.431543 0.6188 -0.168024 -0.713013 0.0868769 0.695748 0.428986 -0.419875 -0.884023 -0.205446 0.47895 0.604557 -0.103593 -0.789797 -0.599797 0.676916 -0.45582 0.577938 0.902553 
0.246486 -0.897899 0.364722 -0.607574 0.656397 0.431543 0.6188 -0.168024 -0.713013 0.0868769 0.695748 0.428986 -0.419875 -0.884023 -0.205446 0.47895 0.604557 -0.103593 -0.789797 -0.599797 0.676916 -0.45582 0.577938 0.902553 
0.246486 -0.897899 0.364722 -0.607574 0.656397 0.431543 0.6188 -0.168024 -0.713013 0.0868769 0.695748 0.428986 -0.419875 -0.884023 -0.205446 0.47895 0.604557 -0.103593 -0.789797 -0.599797 0.676916 -0.45582 0.577938 0.902553 
0.246486 -0.897899 0.364722 -0.607574 0.656397 0.431543 0.6188 -0.168024 -0.713013 0.0868769 0.695748 0.428986 -0.419875 -0.884023 -0.205446 0.47895 0.604557 -0.103593 -0.789797 -0.599797 0.676916 -0.45582 0.577938 0.902553 
0.246486 -0.897899 0.364722 -0.607574 0.656397 0.431543 0.6188 -0.168024 -0.713013 0.0868769 0.695748 0.428986 -0.419875 -0.884023 -0.205446 0.47895 0.604557 -0.103593 -0.789797 -0.599797 0.676916 -0.45582 0.577938 0.902553 
0.246486 -0.897899 0.364722 -0.607574 0.656397 0.431543 0.6188 -0.168024 -0.713013 0.0868769 0.695748 0.428986 -0.419875 -0.884023 -0.205446 0.47895 0.604557 -0.103593 -0.789797 -0.599797 0.676916 -0.45582 0.577938 0.902553 
0.246486 -0.897899 0.364722 -0.607574 0.656397 0.431543 0.6188 -0.168024 -0.713013 0.0868769 0.695748 0.428986 -0.419876 -0.884024 -0.205443 0.478947 0.604561 -0.103598 -0.789793 -0.599795 0.676913 -0.455818 0.577944 0.902559 
0.246486 -0.897899 0.364722 -0.607574 0.656397 0.431543 0.6188 -0.168024 -0.713013 0.0868769 0.695748 0.428986 -0.419876 -0.884024 -0.205443 0.478947 0.604561 -0.103598 -0.789793 -0.599795 0.676913 -0.455818 0.577944 0.902559 
0.246486 -0.897899 0.364722 -0.607574 0.656397 0.431543 0.6188 -0.168024 -0.713013 0.0868769 0.695748 0.428986 -0.419876 -0.884024 -0.205443 0.478947 0.604561 -0.103598 -0.789793 -0.599795 0.676913 -0.455818 0.577944 0.902559 
0.246491 -0.897897 0.364724 -0.607573 0.656394 0.431549 0.6188 -0.168027 -0.713014 0.0868736 0.695747 0.428985 -0.41971 -0.88447 -0.203852 0.477661 0.606444 -0.106158 -0.788008 -0.598665 0.675329 -0.45436 0.580937 0.904996 
0.246491 -0.897897 0.364724 -0.607573 0.656394 0.431549 0.6188 -0.168027 -0.713014 0.0868736 0.695747 0.428985 -0.41971 -0.88447 -0.203852 0.477661 0.606444 -0.106158 -0.788008 -0.598665 0.675329 -0.45436 0.580937 0.904996 
0.246491 -0.897897 0.364724 -0.607573 0.656394 0.431549 0.6188 -0.168027 -0.713014 0.0868736 0.695747 0.428985 -0.41971 -0.88447 -0.203852 0.477661 0.606444 -0.106158 -0.788008 -0.598665 0.675329 -0.45436 0.580937 0.904996 
-0.00174884 0.672235 0.740336 0.177294 -0.78067 -0.463586 0.419098 0.0612367 0.624941 -0.577225 0.525604 0.477453 -0.505643 0.326065 -0.798753 0.448621 -0.431004 0.70655 0.561269 0.42149 0.747369 0.628067 -0.216727 0.696102 
0.24489 -0.898695 0.363835 -0.60773 0.657616 0.42971 0.618782 -0.167287 -0.71244 0.08773 0.696228 0.429118 -0.439975 -0.870609 -0.22014 0.474719 0.615048 -0.113525 -0.780274 -0.602558 0.654323 -0.478697 0.585415 0.905664 
0.24489 -0.898695 0.363835 -0.60773 0.657616 0.42971 0.618782 -0.167287 -0.71244 0.08773 0.696228 0.429118 -0.439975 -0.870609 -0.22014 0.474719 0.615048 -0.113525 -0.780274 -0.602558 0.654323 -0.478697 0.585415 0.905664 
0.24489 -0.898695 0.363835 -0.60773 0.657616 0.42971 0.618782 -0.167287 -0.71244 0.08773 0.696228 0.429118 -0.439975 -0.870609 -0.22014 0.474719 0.615048 -0.113525 -0.780274 -0.602558 0.654323 -0.478697 0.585415 0.905664 
0.244885 -0.898697 0.363833 -0.60773 0.65762 0.429704 0.618782 -0.167283 -0.712438 0.0877333 0.696229 0.429119 -0.439994 -0.870593 -0.220164 0.474723 0.615074 -0.113538 -0.780252 -0.602559 0.654285 -0.478724 0.585436 0.905665 
0.244885 -0.898697 0.363833 -0.60773 0.65762 0.429704 0.618782 -0.167283 -0.712438 0.0877333 0.696229 0.429119 -0.439994 -0.870593 -0.220164 0.474723 0.615074 -0.113538 -0.780252 -0.602559 0.654285 -0.478724 0.585436 0.905665 
0.244885 -0.898697 0.363833 -0.60773 0.65762 0.429704 0.618782 -0.167283 -0.712438 0.0877333 0.696229 0.429119 -0.439994 -0.870593 -0.220164 0.474723 0.615074 -0.113538 -0.780252 -0.602559 0.654285 -0.478724 0.585436 0.905665 
0.244885 -0.898697 0.363833 -0.60773 0.65762 0.429704 0.618782 -0.167283 -0.712438 0.0877333 0.696229 0.429119 -0.439994 -0.870593 -0.220164 0.474723 0.615074 -0.113538 -0.780252 -0.602559 0.654285 -0.478724 0.585436 0.905665 
0.244885 -0.898697 0.363833 -0.60773 0.65762 0.429704 0.618782 -0.167283 -0.712438 0.0877333 0.696229 0.429119 -0.439994 -0.870593 -0.220164 0.474723 0.615074 -0.113538 -0.780252 -0.602559 0.654285 -0.478724 0.585436 0.905665 
0.244885 -0.898697 0.363833 -0.60773 0.65762 0.429704 0.618782 -0.167283 -0.712438 0.0877333 0.696229 0.429119 -0.439994 -0.870593 -0.220164 0.474723 0.615074 -0.113538 -0.780252 -0.602559 0.654285 -0.478724 0.585436 0.905665 
0.244885 -0.898697 0.363833 -0.60773 0.65762 0.429704 0.618782 -0.167283 -0.712438 0.0877333 0.696229 0.429119 -0.439994 -0.870593 -0.220164 0.474723 0.615074 -0.113538 -0.780252 -0.602559 0.654285 -0.478724 0.585436 0.905665 
0.244885 -0.898697 0.363833 -0.60773 0.65762 0.429704 0.618782 -0.167283 -0.712438 0.0877333 0.696229 0.429119 -0.439994 -0.870593 -0.220164 0.474723 0.615074 -0.113538 -0.780252 -0.602559 0.654285 -0.478724 0.585436 0.905665 
0.244885 -0.898697 0.363833 -0.60773 0.65762 0.429704 0.618782 -0.167283 -0.712438 0.0877333 0.696229 0.429119 -0.439994 -0.870593 -0.220164 0.474723 0.615074 -0.113538 -0.780252 -0.602559 0.654285 -0.478724 0.585436 0.905665 
0.244885 -0.898697 0.363833 -0.60773 0.65762 0.429704 0.618782 -0.167283 -0.712438 0.0877333 0.696229 0.429119 -0.439994 -0.870593 -0.220164 0.474723 0.615074 -0.113538 -0.780252 -0.602559 0.654285 -0.478724 0.585436 0.905665 
0.244885 -0.898697 0.363833 -0.60773 0.65762 0.429704 0.618782 -0.167283 -0.712438 0.0877333 0.696229 0.429119 -0.439994 -0.870593 -0.220164 0.474723 0.615074 -0.113538 -0.780252 -0.602559 0.654285 -0.478724 0.585436 0.905665 
0.244885 -0.898697 0.363833 -0.60773 0.65762 0.429704 0.618782 -0.167283 -0.712438 0.0877333 0.696229 0.429119 -0.439994 -0.870593 -0.220164 0.474723 0.615074 -0.113538 -0.780252 -0.602559 0.654285 -0.478724 0.585436 0.905665 
0.244885 -0.898697 0.363833 -0.60773 0.65762 0.429704 0.618782 -0.167283 -0.712438 0.0877333 0.696229 0.429119 -0.439994 -0.870593 -0.220164 0.474723 0.615074 -0.113538 -0.780252 -0.602559 0.654285 -0.478724 0.585436 0.905665 
0.244885 -0.898697 0.363833 -0.60773 0.65762 0.429704 0.618782 -0.167283 -0.712438 0.0877333 0.696229 0.429119 -0.439994 -0.870593 -0.220164 0.474723 0.615074 -0.113538 -0.780252 -0.602559 0.654285 -0.478724 0.585436 0.905665 
0.244885 -0.898697 0.363833 -0.60773 0.65762 0.429704 0.618782 -0.167283 -0.712438 0.0877333 0.696229 0.429119 -0.439994 -0.870593 -0.220164 0.474723 0.615074 -0.113538 -0.780252 -0.602559 0.654285 -0.478724 0.585436 0.905665 
0.244885 -0.898697 0.363833 -0.60773 0.65762 0.429704 0.618782 -0.167283 -0.712438 0.0877333 0.696229 0.429119 -0.439994 -0.870593 -0.220164 0.474723 0.615074 -0.113538 -0.780252 -0.602559 0.654285 -0.478724 0.585436 0.905665 
0.244885 -0.898697 0.363833 -0.60773 0.65762 0.429704 0.618782 -0.167283 -0.712438 0.0877333 0.696229 0.429119 -0.439994 -0.870593 -0.220164 0.474723 0.615074 -0.113538 -0.780252 -0.602559 0.654285 -0.478724 0.585436 0.905665 
0.244885 -0.898697 0.363833 -0.60773 0.65762 0.429704 0.618782 -0.167283 -0.712438 0.0877333 0.696229 0.429119 -0.439994 -0.870593 -0.220164 0.474723 0.615074 -0.113538 -0.780252 -0.602559 0.654285 -0.478724 0.585436 0.905665 
0.244885 -0.898697 0.363833 -0.60773 0.65762 0.429704 0.618782 -0.167283 -0.712438 0.0877333 0.696229 0.429119 -0.439994 -0.870594 -0.220163 0.474721 0.615076 -0.113541 -0.78025 -0.602558 0.654283 -0.478722 0.585439 0.905668 
0.244885 -0.898697 0.363833 -0.60773 0.65762 0.429704 0.618782 -0.167283 -0.712438 0.0877333 0.696229 0.429119 -0.439994 -0.870594 -0.220163 0.474721 0.615076 -0.113541 -0.78025 -0.602558 0.654283 -0.478722 0.585439 0.905668 
0.244885 -0.898697 0.363833 -0.60773 0.65762 0.429704 0.618782 -0.167283 -0.712438 0.0877333 0.696229 0.429119 -0.439994 -0.870594 -0.220163 0.474721 0.615076 -0.113541 -0.78025 -0.602558 0.654283 -0.478722 0.585439 0.905668 
0.24489 -0.898695 0.363835 -0.60773 0.657616 0.42971 0.618782 -0.167286 -0.71244 0.0877301 0.696228 0.429118 -0.439915 -0.87083 -0.219384 0.474042 0.615997 -0.114848 -0.779331 -0.601995 0.653469 -0.47798 0.586952 0.906901 
0.24489 -0.898695 0.363835 -0.60773 0.657616 0.42971 0.618782 -0.167286 -0.71244 0.0877301 0.696228 0.429118 -0.439915 -0.87083 -0.219384 0.474042 0.615997 -0.114848 -0.779331 -0.601995 0.653469 -0.47798 0.586952 0.906901 
0.24489 -0.898695 0.363835 -0.60773 0.657616 0.42971 0.618782 -0.167286 -0.71244 0.0877301 0.696228 0.429118 -0.439915 -0.87083 -0.219384 0.474042 0.615997 -0.114848 -0.779331 -0.601995 0.653469 -0.47798 0.586952 0.906901 
-0.000269974 0.673563 0.73913 0.177363 -0.78044 -0.462268 0.420976 0.0614205 0.62523 -0.576733 0.5258 0.477503 -0.537084 0.334732 -0.774271 0.434983 -0.436463 0.675192 0.594656 0.435673 0.721832 0.657321 -0.216537 0.696904 
0.23858 -0.901797 0.360334 -0.608334 0.662388 0.422453 0.618689 -0.164381 -0.710156 0.0910744 0.698129 0.429646 -0.525389 -0.800242 -0.2891 0.467167 0.605762 -0.11319 -0.787553 -0.644564 0.59751 -0.588898 0.544225 0.867506 
0.23858 -0.901797 0.360334 -0.608334 0.662388 0.422453 0.618689 -0.164381 -0.710156 0.0910744 0.698129 0.429646 -0.525389 -0.800242 -0.2891 0.467167 0.605762 -0.11319 -0.787553 -0.644564 0.59751 -0.588898 0.544225 0.867506 
0.23858 -0.901797 0.360334 -0.608334 0.662388 0.422453 0.618689 -0.164381 -0.710156 0.0910744 0.698129 0.429646 -0.525389 -0.800242 -0.2891 0.467167 0.605762 -0.11319 -0.787553 -0.644564 0.59751 -0.588898 0.544225 0.867506 
0.238559 -0.901806 0.360326 -0.608337 0.662403 0.422431 0.618687 -0.164368 -0.710149 0.0910876 0.698134 0.429647 -0.524777 -0.80085 -0.288527 0.466956 0.606723 -0.11415 -0.786674 -0.643762 0.597073 -0.587885 0.545798 0.868741 
0.238559 -0.901806 0.360326 -0.608337 0.662403 0.422431 0.618687 -0.164368 -0.710149 0.0910876 0.698134 0.429647 -0.524777 -0.80085 -0.288527 0.466956 0.606723 -0.11415 -0.786674 -0.643762 0.597073 -0.587885 0.545798 0.868741 
0.238559 -0.901806 0.360326 -0.608337 0.662403 0.422431 0.618687 -0.164368 -0.710149 0.0910876 0.698134 0.429647 -0.524777 -0.80085 -0.288527 0.466956 0.606723 -0.11415 -0.786674 -0.643762 0.597073 -0.587885 0.545798 0.868741 
0.238559 -0.901806 0.360326 -0.608337 0.662403 0.422431 0.618687 -0.164367 -0.710149 0.0910877 0.698134 0.429647 -0.524784 -0.800843 -0.288535 0.46696 0.606712 -0.114137 -0.786685 -0.643771 0.597079 -0.587897 0.545778 0.868726 
0.238559 -0.901806 0.360326 -0.608337 0.662403 0.422431 0.618687 -0.164367 -0.710149 0.0910877 0.698134 0.429647 -0.524784 -0.800843 -0.288535 0.46696 0.606712 -0.114137 -0.786685 -0.643771 0.597079 -0.587897 0.545778 0.868726 
0.238559 -0.901806 0.360326 -0.608337 0.662403 0.422431 0.618687 -0.164367 -0.710149 0.0910877 0.698134 0.429647 -0.524784 -0.800843 -0.288535 0.46696 0.606712 -0.114137 -0.786685 -0.643771 0.597079 -0.587897 0.545778 0.868726 
0.238559 -0.901806 0.360326 -0.608337 0.662403 0.422431 0.618687 -0.164367 -0.710149 0.0910877 0.698134 0.429647 -0.524784 -0.800843 -0.288535 0.46696 0.606712 -0.114138 -0.786685 -0.64377 0.597079 -0.587897 0.545779 0.868726 
0.238559 -0.901806 0.360326 -0.608337 0.662403 0.422431 0.618687 -0.164367 -0.710149 0.0910877 0.698134 0.429647 -0.524784 -0.800843 -0.288535 0.46696 0.606712 -0.114138 -0.786685 -0.64377 0.597079 -0.587897 0.545779 0.868726 
0.238559 -0.901806 0.360326 -0.608337 0.662403 0.422431 0.618687 -0.164367 -0.710149 0.0910877 0.698134 0.429647 -0.524784 -0.800843 -0.288535 0.46696 0.606712 -0.114138 -0.786685 -0.64377 0.597079 -0.587897 0.545779 0.868726 
0.238559 -0.901806 0.360326 -0.608337 0.662403 0.422431 0.618687 -0.164367 -0.710149 0.0910877 0.698134 0.429647 -0.524784 -0.800843 -0.288535 0.46696 0.606712 -0.114138 -0.786685 -0.64377 0.597079 -0.587897 0.545779 0.868726 
0.238559 -0.901806 0.360326 -0.608337 0.662403 0.422431 0.618687 -0.164367 -0.710149 0.0910877 0.698134 0.429647 -0.524784 -0.800843 -0.288535 0.46696 0.606712 -0.114138 -0.786685 -0.64377 0.597079 -0.587897 0.545779 0.868726 
0.238559 -0.901806 0.360326 -0.608337 0.662403 0.422431 0.618687 -0.164367 -0.710149 0.0910877 0.698134 0.429647 -0.524784 -0.800843 -0.288535 0.46696 0.606712 -0.114138 -0.786685 -0.64377 0.597079 -0.587897 0.545779 0.868726 
0.238559 -0.901806 0.360326 -0.608337 0.662403 0.422431 0.618687 -0.164367 -0.710149 0.0910877 0.698134 0.429647 -0.524784 -0.800843 -0.288535 0.46696 0.606712 -0.114137 -0.786685 -0.643771 0.597079 -0.587897 0.545778 0.868726 
0.238559 -0.901806 0.360326 -0.608337 0.662403 0.422431 0.618687 -0.164367 -0.710149 0.0910877 0.698134 0.429647 -0.524784 -0.800843 -0.288535 0.46696 0.606712 -0.114137 -0.786685 -0.643771 0.597079 -0.587897 0.545778 0.868726 
0.238559 -0.901806 0.360326 -0.608337 0.662403 0.422431 0.618687 -0.164367 -0.710149 0.0910877 0.698134 0.429647 -0.524784 -0.800843 -0.288535 0.46696 0.606712 -0.114137 -0.786685 -0.643771 0.597079 -0.587897 0.545778 0.868726 
0.238559 -0.901806 0.360326 -0.608337 0.662403 0.422431 0.618687 -0.164367 -0.710149 0.0910877 0.698134 0.429647 -0.524779 -0.800848 -0.28853 0.466957 0.60672 -0.114146 -0.786678 -0.643764 0.597075 -0.587888 0.545792 0.868737 
0.238559 -0.901806 0.360326 -0.608337 0.662403 0.422431 0.618687 -0.164367 -0.710149 0.0910877 0.698134 0.429647 -0.524779 -0.800848 -0.28853 0.466957 0.60672 -0.114146 -0.786678 -0.643764 0.597075 -0.587888 0.545792 0.868737 
0.238559 -0.901806 0.360326 -0.608337 0.662403 0.422431 0.618687 -0.164367 -0.710149 0.0910877 0.698134 0.429647 -0.524779 -0.800848 -0.28853 0.466957 0.60672 -0.114146 -0.786678 -0.643764 0.597075 -0.587888 0.545792 0.868737 
0.238559 -0.901806 0.360326 -0.608337 0.662403 0.422431 0.618687 -0.164367 -0.710149 0.0910877 0.698134 0.429647 -0.525306 -0.800366 -0.288907 0.467016 0.606136 -0.113674 -0.787196 -0.644297 0.597204 -0.588636 0.544845 0.867999 
0.238559 -0.901806 0.360326 -0.608337 0.662403 0.422431 0.618687 -0.164367 -0.710149 0.0910877 0.698134 0.429647 -0.525306 -0.800366 -0.288907 0.467016 0.606136 -0.113674 -0.787196 -0.644297 0.597204 -0.588636 0.544845 0.867999 
0.238559 -0.901806 0.360326 -0.608337 0.662403 0.422431 0.618687 -0.164367 -0.710149 0.0910877 0.698134 0.429647 -0.525306 -0.800366 -0.288907 0.467016 0.606136 -0.113674 -0.787196 -0.644297 0.597204 -0.588636 0.544845 0.867999 
0.23859 -0.901793 0.36034 -0.608333 0.66238 0.422464 0.618689 -0.164385 -0.71016 0.0910694 0.698125 0.429645 -0.463055 -0.848808 -0.255157 0.478527 0.641013 -0.121899 -0.757789 -0.59364 0.612114 -0.514456 0.600543 0.91624 
0.23859 -0.901793 0.36034 -0.608333 0.66238 0.422464 0.618689 -0.164385 -0.71016 0.0910694 0.698125 0.429645 -0.463055 -0.848808 -0.255157 0.478527 0.641013 -0.121899 -0.757789 -0.59364 0.612114 -0.514456 0.600543 0.91624 
0.23859 -0.901793 0.36034 -0.608333 0.66238 0.422464 0.618689 -0.164385 -0.71016 0.0910694 0.698125 0.429645 -0.463055 -0.848808 -0.255157 0.478527 0.641013 -0.121899 -0.757789 -0.59364 0.612114 -0.514456 0.600543 0.91624 
-0.0020215 0.672973 0.739664 0.177432 -0.780206 -0.463737 0.419793 0.0616035 0.625519 -0.576242 0.525995 0.477553 -0.564333 0.340548 -0.752034 0.423153 -0.438358 0.648309 0.622525 0.447255 0.69955 0.680972 -0.216581 0.697401 
0.237016 -0.902555 0.35947 -0.60848 0.663557 0.420655 0.618661 -0.163663 -0.709588 0.0918962 0.698598 0.429776 -0.478067 -0.836546 -0.267663 0.476249 0.642806 -0.125563 -0.755668 -0.598996 0.598542 -0.533315 0.597764 0.913263 
0.237016 -0.902555 0.35947 -0.60848 0.663557 0.420655 0.618661 -0.163663 -0.709588 0.0918962 0.698598 0.429776 -0.478067 -0.836546 -0.267663 0.476249 0.642806 -0.125563 -0.755668 -0.598996 0.598542 -0.533315 0.597764 0.913263 
0.237016 -0.902555 0.35947 -0.60848 0.663557 0.420655 0.618661 -0.163663 -0.709588 0.0918962 0.698598 0.429776 -0.478067 -0.836546 -0.267663 0.476249 0.642806 -0.125563 -0.755668 -0.598996 0.598542 -0.533315 0.597764 0.913263 
0.237011 -0.902557 0.359468 -0.608481 0.663561 0.42065 0.618661 -0.16366 -0.709586 0.0918993 0.6986 0.429777 -0.478088 -0.836526 -0.267687 0.476252 0.642808 -0.125563 -0.755666 -0.599009 0.598523 -0.533346 0.597756 0.913248 
0.237011 -0.902557 0.359468 -0.608481 0.663561 0.42065 0.618661 -0.16366 -0.709586 0.0918993 0.6986 0.429777 -0.478088 -0.836526 -0.267687 0.476252 0.642808 -0.125563 -0.755666 -0.599009 0.598523 -0.533346 0.597756 0.913248 
0.237011 -0.902557 0.359468 -0.608481 0.663561 0.42065 0.618661 -0.16366 -0.709586 0.0918993 0.6986 0.429777 -0.478088 -0.836526 -0.267687 0.476252 0.642808 -0.125563 -0.755666 -0.599009 0.598523 -0.533346 0.597756 0.913248 
0.237011 -0.902557 0.359468 -0.608481 0.663561 0.42065 0.618661 -0.16366 -0.709586 0.0918993 0.6986 0.429777 -0.478088 -0.836526 -0.267687 0.476252 0.642808 -0.125563 -0.755666 -0.599009 0.598523 -0.533346 0.597756 0.913248 
0.237011 -0.902557 0.359468 -0.608481 0.663561 0.42065 0.618661 -0.16366 -0.709586 0.0918993 0.6986 0.429777 -0.478088 -0.836526 -0.267687 0.476252 0.642808 -0.125563 -0.755666 -0.599009 0.598523 -0.533346 0.597756 0.913248 
