1533744940939 0.22631 0.78809 -0.572449 -0.505543 -0.9458 0.318316 0.0643158 -0.199228 0.232906 0.526867 0.817414 0.393722 0.16008 -0.304787 0.938871 0.370831 -0.775623 0.549475 0.310623 -0.528794 -0.61056 -0.777934 -0.14844 0.432481 
1533744940951 0.219795 0.801583 -0.556017 -0.516268 -0.94669 0.312856 0.0768006 -0.200632 0.235515 0.509495 0.827615 0.393739 0.316225 -0.384867 0.86711 0.400813 -0.930002 -0.30626 0.203228 -0.504337 0.187345 -0.870679 -0.454774 0.485882 
1533744942121 0.213357 0.814667 -0.539256 -0.526919 -0.947486 0.307129 0.0891147 -0.201942 0.23822 0.491924 0.837414 0.393692 0.316225 -0.384867 0.86711 0.400813 -0.930002 -0.30626 0.203228 -0.504337 0.187345 -0.870679 -0.454774 0.485882 
1533744942901 0.206958 0.827349 -0.52217 -0.537575 -0.948188 0.301125 0.101309 -0.203266 0.241056 0.474149 0.846803 0.393652 0.316225 -0.384867 0.86711 0.400813 -0.930002 -0.30626 0.203228 -0.504337 0.187345 -0.870679 -0.454774 0.485882 
1533744943668 0.200596 0.839626 -0.504767 -0.548253 -0.948795 0.294843 0.113385 -0.204618 0.244028 0.456175 0.855777 0.393623 0.316225 -0.384867 0.86711 0.400813 -0.930002 -0.30626 0.203228 -0.504337 0.187345 -0.870679 -0.454774 0.485882 
1533744944402 0.194285 0.851486 -0.487058 -0.558932 -0.949306 0.288291 0.125322 -0.205971 0.247124 0.438019 0.864332 0.393594 0.316225 -0.384867 0.86711 0.400813 -0.930002 -0.30626 0.203228 -0.504337 0.187345 -0.870679 -0.454774 0.485882 
1533744945141 0.188029 0.862922 -0.469053 -0.569611 -0.949723 0.281472 0.137113 -0.207325 0.250343 0.419689 0.872462 0.393565 0.316225 -0.384867 0.86711 0.400813 -0.930002 -0.30626 0.203228 -0.504337 0.187345 -0.870679 -0.454774 0.485882 
1533744945887 0.181831 0.873928 -0.450763 -0.580289 -0.950043 0.274391 0.148751 -0.208678 0.253683 0.401197 0.880163 0.393536 0.316225 -0.384867 0.86711 0.400813 -0.930002 -0.30626 0.203228 -0.504337 0.187345 -0.870679 -0.454774 0.485882 
1533744946655 0.175694 0.884498 -0.432197 -0.590965 -0.950268 0.267052 0.160229 -0.210029 0.257142 0.382552 0.88743 0.393508 0.316225 -0.384867 0.86711 0.400813 -0.930002 -0.30626 0.203228 -0.504337 0.187345 -0.870679 -0.454774 0.485882 
1533744946661 0.169869 0.894419 -0.413715 -0.600214 -0.95038 0.259711 0.171253 -0.210462 0.260618 0.364096 0.894155 0.393887 0.316379 -0.384993 0.866998 0.401317 -0.929989 -0.306181 0.203405 -0.505249 0.187149 -0.870651 -0.454908 0.48631 
1533744947726 0.170365 0.89384 -0.414759 -0.599999 -0.95048 0.260096 0.170112 -0.210727 0.259931 0.365239 0.893888 0.393669 0.316379 -0.384993 0.866998 0.401317 -0.929989 -0.306181 0.203405 -0.505249 0.187149 -0.870651 -0.454908 0.48631 
1533744947737 0.169689 0.894911 -0.412724 -0.601231 -0.95048 0.259264 0.171379 -0.210927 0.260373 0.363204 0.894588 0.393647 0.316221 -0.384863 0.867113 0.400797 -0.930002 -0.306262 0.203223 -0.504308 0.187351 -0.87068 -0.45477 0.485869 
1533744948021 0.169012 0.895976 -0.410685 -0.602467 -0.950478 0.258427 0.172644 -0.211131 0.260817 0.361168 0.895283 0.393625 0.316221 -0.384863 0.867113 0.400796 -0.930002 -0.306262 0.203223 -0.504306 0.187351 -0.87068 -0.45477 0.485868 
1533744948292 0.168336 0.897036 -0.408643 -0.603704 -0.950476 0.257588 0.173907 -0.211334 0.261263 0.359131 0.895973 0.393602 0.31622 -0.384863 0.867113 0.400796 -0.930002 -0.306262 0.203222 -0.504306 0.187351 -0.87068 -0.454769 0.485868 
1533744948566 0.167661 0.898091 -0.406599 -0.60494 -0.950472 0.256745 0.175169 -0.211537 0.26171 0.357092 0.896657 0.393579 0.31622 -0.384863 0.867113 0.400796 -0.930002 -0.306262 0.203222 -0.504305 0.187351 -0.87068 -0.45477 0.485867 
1533744948842 0.166987 0.899141 -0.404551 -0.606177 -0.950467 0.2559 0.176428 -0.211741 0.262158 0.355051 0.897336 0.393556 0.316221 -0.384863 0.867113 0.400795 -0.930002 -0.306262 0.203223 -0.504305 0.187351 -0.87068 -0.45477 0.485867 
1533744949121 0.166314 0.900185 -0.402501 -0.607413 -0.950461 0.255052 0.177685 -0.211944 0.262608 0.35301 0.89801 0.393533 0.316221 -0.384863 0.867113 0.400795 -0.930002 -0.306262 0.203223 -0.504305 0.187351 -0.87068 -0.45477 0.485867 
1533744949395 0.165642 0.901224 -0.400447 -0.60865 -0.950454 0.2542 0.17894 -0.212148 0.263059 0.350966 0.898678 0.39351 0.31622 -0.384863 0.867113 0.400795 -0.930002 -0.306262 0.203222 -0.504305 0.187352 -0.87068 -0.454769 0.485867 
1533744949664 0.164971 0.902258 -0.39839 -0.609886 -0.950445 0.253346 0.180193 -0.21235 0.263511 0.348922 0.899342 0.393488 0.31622 -0.384863 0.867113 0.400795 -0.930002 -0.306262 0.203222 -0.504305 0.187352 -0.87068 -0.454769 0.485867 
1533744949942 0.164301 0.903287 -0.396331 -0.611123 -0.950436 0.252488 0.181444 -0.212554 0.263965 0.346876 0.9 0.393465 0.31622 -0.384863 0.867113 0.400795 -0.930002 -0.306262 0.203222 -0.504304 0.187352 -0.87068 -0.454769 0.485867 
1533744950232 0.164614 0.902943 -0.396984 -0.610904 -0.950446 0.25282 0.180929 -0.212622 0.263734 0.347528 0.899816 0.393403 0.31622 -0.384863 0.867113 0.400795 -0.930002 -0.306262 0.203222 -0.504304 0.187352 -0.87068 -0.454769 0.485867 
1533744950244 0.165051 0.902996 -0.396681 -0.610995 -0.950462 0.253037 0.18054 -0.212631 0.263402 0.347232 0.900027 0.393322 0.31622 -0.384863 0.867113 0.400795 -0.930002 -0.306262 0.203222 -0.504304 0.187351 -0.87068 -0.454769 0.485867 
1533744950261 0.165488 0.903049 -0.396378 -0.611091 -0.950478 0.253254 0.180151 -0.212642 0.26307 0.346935 0.900239 0.39324 0.31622 -0.384863 0.867113 0.400795 -0.930002 -0.306262 0.203222 -0.504304 0.187351 -0.87068 -0.454769 0.485867 
1533744950374 0.165925 0.903102 -0.396074 -0.611187 -0.950493 0.253471 0.179763 -0.212652 0.262738 0.346639 0.90045 0.393158 0.31622 -0.384863 0.867113 0.400795 -0.930002 -0.306262 0.203222 -0.504304 0.187351 -0.87068 -0.454769 0.485867 
1533744950390 0.166362 0.903155 -0.395771 -0.611283 -0.950509 0.253688 0.179374 -0.212664 0.262405 0.346342 0.900661 0.393076 0.31622 -0.384863 0.867113 0.400795 -0.930002 -0.306262 0.203222 -0.504304 0.187351 -0.87068 -0.454769 0.485867 
1533744950462 0.166799 0.903208 -0.395467 -0.611378 -0.950524 0.253905 0.178986 -0.212674 0.262072 0.346046 0.900872 0.392994 0.31622 -0.384863 0.867113 0.400795 -0.930002 -0.306262 0.203222 -0.504304 0.187351 -0.87068 -0.454769 0.485867 
1533744950516 0.167235 0.90326 -0.395162 -0.611475 -0.950539 0.254122 0.178597 -0.212685 0.261739 0.34575 0.901083 0.392912 0.31622 -0.384863 0.867113 0.400795 -0.930002 -0.306262 0.203222 -0.504304 0.187351 -0.87068 -0.454769 0.485867 
1533744950561 0.167672 0.903312 -0.394858 -0.61157 -0.950554 0.25434 0.178209 -0.212696 0.261406 0.345453 0.901293 0.39283 0.31622 -0.384863 0.867113 0.400795 -0.930002 -0.306262 0.203222 -0.504304 0.187351 -0.87068 -0.454769 0.485867 
1533744950602 0.168108 0.903365 -0.394553 -0.611667 -0.950569 0.254557 0.17782 -0.212708 0.261073 0.345157 0.901503 0.392748 0.31622 -0.384863 0.867113 0.400795 -0.930002 -0.306262 0.203222 -0.504304 0.187351 -0.87068 -0.454769 0.485867 
1533744950653 0.168544 0.903416 -0.394248 -0.611762 -0.950583 0.254775 0.177432 -0.212718 0.26074 0.344861 0.901713 0.392666 0.31622 -0.384863 0.867113 0.400795 -0.930002 -0.306262 0.203222 -0.504304 0.187351 -0.87068 -0.454769 0.485867 
1533744950718 0.167584 0.903328 -0.394859 -0.611552 -0.950567 0.254263 0.17825 -0.212688 0.261416 0.345469 0.901284 0.392833 0.31622 -0.384863 0.867113 0.400795 -0.930002 -0.306262 0.203222 -0.504304 0.187351 -0.87068 -0.454769 0.485867 
1533744950730 0.167617 0.90351 -0.394429 -0.61157 -0.950511 0.254275 0.178532 -0.212751 0.261599 0.344984 0.901417 0.392782 0.31622 -0.384863 0.867113 0.400795 -0.930002 -0.306262 0.203222 -0.504304 0.187351 -0.87068 -0.454769 0.485867 
1533744950747 0.16765 0.903692 -0.393998 -0.611592 -0.950455 0.254286 0.178814 -0.212816 0.261781 0.344499 0.901549 0.39273 0.31622 -0.384863 0.867113 0.400795 -0.930002 -0.306262 0.203222 -0.504304 0.187351 -0.87068 -0.45477 0.485867 
1533744950754 0.167684 0.903873 -0.393567 -0.611614 -0.950399 0.254297 0.179096 -0.212881 0.261963 0.344014 0.901682 0.392678 0.31622 -0.384863 0.867113 0.400795 -0.930002 -0.306262 0.203222 -0.504304 0.187351 -0.87068 -0.45477 0.485867 
1533744950885 0.167717 0.904055 -0.393136 -0.611636 -0.950342 0.254308 0.179378 -0.212946 0.262145 0.343529 0.901814 0.392626 0.31622 -0.384863 0.867113 0.400795 -0.930002 -0.306262 0.203222 -0.504304 0.187351 -0.87068 -0.45477 0.485867 
1533744950932 0.167751 0.904236 -0.392705 -0.611657 -0.950286 0.25432 0.17966 -0.21301 0.262327 0.343044 0.901945 0.392574 0.31622 -0.384863 0.867113 0.400795 -0.930002 -0.306262 0.203222 -0.504304 0.187351 -0.87068 -0.45477 0.485867 
1533744951013 0.167785 0.904417 -0.392273 -0.61168 -0.95023 0.25433 0.179942 -0.213076 0.262509 0.342558 0.902077 0.392521 0.31622 -0.384863 0.867113 0.400795 -0.930002 -0.306262 0.203222 -0.504304 0.187351 -0.87068 -0.45477 0.485867 
1533744951064 0.167819 0.904598 -0.391842 -0.611701 -0.950174 0.254341 0.180223 -0.213141 0.262691 0.342073 0.902208 0.39247 0.31622 -0.384863 0.867113 0.400795 -0.930002 -0.306262 0.203222 -0.504304 0.187351 -0.87068 -0.45477 0.485867 
1533744951153 0.167853 0.904778 -0.39141 -0.611724 -0.950117 0.254351 0.180506 -0.213206 0.262873 0.341587 0.902339 0.392417 0.31622 -0.384863 0.867113 0.400795 -0.930002 -0.306262 0.203222 -0.504304 0.187351 -0.87068 -0.45477 0.485867 
1533744951199 0.167887 0.904958 -0.390979 -0.611746 -0.950061 0.254362 0.180788 -0.213271 0.263055 0.341102 0.90247 0.392365 0.31622 -0.384863 0.867113 0.400795 -0.930002 -0.306262 0.203222 -0.504304 0.187351 -0.87068 -0.45477 0.485867 
1533744951292 0.167777 0.904685 -0.391658 -0.611749 -0.950154 0.254301 0.180383 -0.213158 0.262789 0.341871 0.902256 0.392428 0.31622 -0.384863 0.867113 0.400795 -0.930002 -0.306262 0.203222 -0.504304 0.187351 -0.87068 -0.45477 0.485867 
1533744951308 0.167836 0.904805 -0.391355 -0.611744 -0.950164 0.254269 0.180378 -0.213167 0.262716 0.341578 0.902388 0.39243 0.31622 -0.384863 0.867113 0.400795 -0.930002 -0.306262 0.203222 -0.504304 0.187351 -0.87068 -0.45477 0.485867 
1533744951325 0.167895 0.904925 -0.391051 -0.611743 -0.950173 0.254237 0.180374 -0.213178 0.262645 0.341282 0.902521 0.392431 0.31622 -0.384863 0.867113 0.400795 -0.930002 -0.306262 0.203222 -0.504304 0.187351 -0.87068 -0.45477 0.485867 
1533744951331 0.167955 0.905046 -0.390748 -0.611741 -0.950182 0.254205 0.180371 -0.213189 0.262574 0.340987 0.902653 0.392432 0.31622 -0.384863 0.867113 0.400795 -0.930002 -0.306262 0.203222 -0.504304 0.187351 -0.87068 -0.45477 0.485867 
1533744951345 0.168014 0.905166 -0.390444 -0.611741 -0.950192 0.254173 0.180367 -0.213201 0.262502 0.340692 0.902785 0.392433 0.31622 -0.384863 0.867113 0.400795 -0.930002 -0.306262 0.203222 -0.504304 0.187351 -0.87068 -0.45477 0.485867 
1533744951351 0.168073 0.905286 -0.39014 -0.61174 -0.950201 0.254141 0.180364 -0.213212 0.262431 0.340397 0.902918 0.392434 0.31622 -0.384863 0.867113 0.400795 -0.930002 -0.306262 0.203222 -0.504304 0.187351 -0.87068 -0.45477 0.485867 
1533744951365 0.168132 0.905406 -0.389836 -0.611739 -0.95021 0.254109 0.18036 -0.213223 0.262359 0.340102 0.903049 0.392436 0.31622 -0.384863 0.867113 0.400795 -0.930002 -0.306262 0.203222 -0.504304 0.187351 -0.87068 -0.45477 0.485867 
1533744951371 0.168191 0.905526 -0.389532 -0.611739 -0.950219 0.254076 0.180356 -0.213235 0.262288 0.339806 0.903181 0.392437 0.31622 -0.384863 0.867113 0.400795 -0.930002 -0.306262 0.203222 -0.504304 0.187351 -0.87068 -0.45477 0.485867 
1533744951533 0.16825 0.905645 -0.389228 -0.611737 -0.950229 0.254044 0.180352 -0.213246 0.262216 0.339511 0.903313 0.392438 0.31622 -0.384863 0.867113 0.400795 -0.930002 -0.306262 0.203222 -0.504304 0.187351 -0.87068 -0.45477 0.485867 
1533744951552 0.168309 0.905765 -0.388924 -0.611736 -0.950238 0.254012 0.180349 -0.213257 0.262145 0.339216 0.903445 0.392439 0.31622 -0.384863 0.867113 0.400795 -0.930002 -0.306262 0.203222 -0.504304 0.187351 -0.87068 -0.45477 0.485867 
1533744951577 0.168162 0.905447 -0.389728 -0.611714 -0.950187 0.254137 0.180441 -0.21318 0.262424 0.339971 0.90308 0.392468 0.31622 -0.384863 0.867113 0.400795 -0.930002 -0.306262 0.203222 -0.504304 0.187351 -0.87068 -0.45477 0.485867 
1533744951590 0.16817 0.905474 -0.389661 -0.61169 -0.950253 0.254045 0.180226 -0.213181 0.262181 0.339968 0.903152 0.392486 0.31622 -0.384863 0.867113 0.400795 -0.930002 -0.306262 0.203222 -0.504304 0.187351 -0.87068 -0.45477 0.485867 
1533744951606 0.168179 0.905501 -0.389595 -0.611661 -0.950318 0.253953 0.180009 -0.213179 0.261937 0.339966 0.903223 0.392505 0.31622 -0.384863 0.867113 0.400795 -0.930002 -0.306262 0.203222 -0.504304 0.187351 -0.87068 -0.45477 0.485867 
1533744951613 0.168189 0.905527 -0.389529 -0.611632 -0.950384 0.253861 0.179793 -0.213177 0.261694 0.339963 0.903295 0.392524 0.31622 -0.384863 0.867113 0.400795 -0.930002 -0.306262 0.203222 -0.504304 0.187351 -0.87068 -0.45477 0.485867 
1533744951626 0.168198 0.905554 -0.389463 -0.611603 -0.950449 0.253769 0.179576 -0.213175 0.26145 0.33996 0.903366 0.392543 0.31622 -0.384863 0.867113 0.400795 -0.930002 -0.306262 0.203222 -0.504304 0.187351 -0.87068 -0.45477 0.485867 
1533744951643 0.168207 0.905581 -0.389397 -0.611573 -0.950514 0.253677 0.17936 -0.213173 0.261206 0.339958 0.903438 0.392562 0.31622 -0.384863 0.867113 0.400795 -0.930002 -0.306262 0.203222 -0.504304 0.187351 -0.87068 -0.45477 0.485867 
1533744951704 0.168216 0.905608 -0.389331 -0.611545 -0.95058 0.253586 0.179144 -0.213171 0.260962 0.339955 0.903509 0.392581 0.31622 -0.384863 0.867113 0.400795 -0.930002 -0.306262 0.203222 -0.504304 0.187351 -0.87068 -0.45477 0.485867 
1533744951726 0.168225 0.905634 -0.389265 -0.611515 -0.950645 0.253494 0.178927 -0.213169 0.260719 0.339952 0.903581 0.3926 0.31622 -0.384863 0.867113 0.400795 -0.930002 -0.306262 0.203222 -0.504304 0.187351 -0.87068 -0.45477 0.485867 
1533744951743 0.168235 0.905661 -0.389198 -0.611487 -0.95071 0.253402 0.178711 -0.213168 0.260475 0.33995 0.903652 0.392619 0.31622 -0.384863 0.867113 0.400795 -0.930002 -0.306262 0.203222 -0.504304 0.187351 -0.87068 -0.45477 0.485867 
1533744951760 0.168244 0.905688 -0.389132 -0.611458 -0.950775 0.25331 0.178494 -0.213166 0.260231 0.339947 0.903723 0.392638 0.31622 -0.384863 0.867113 0.400795 -0.930002 -0.306262 0.203222 -0.504304 0.187351 -0.87068 -0.45477 0.485867 
1533744951779 0.168144 0.905715 -0.389111 -0.611595 -0.950476 0.253627 0.179634 -0.213136 0.261386 0.339636 0.903507 0.392557 0.31622 -0.384863 0.867113 0.400795 -0.930002 -0.306262 0.203222 -0.504304 0.187351 -0.87068 -0.45477 0.485867 
1533744951793 0.167798 0.90569 -0.389318 -0.611539 -0.950564 0.253317 0.179605 -0.213267 0.261288 0.339935 0.903423 0.392591 0.31622 -0.384863 0.867113 0.400795 -0.930002 -0.306262 0.203222 -0.504304 0.187351 -0.87068 -0.45477 0.485867 
1533744951799 0.167453 0.905665 -0.389525 -0.611481 -0.950652 0.253007 0.179578 -0.213399 0.26119 0.340232 0.903339 0.392624 0.31622 -0.384863 0.867113 0.400795 -0.930002 -0.306262 0.203222 -0.504304 0.187351 -0.87068 -0.45477 0.485867 
1533744951941 0.167107 0.90564 -0.389732 -0.611423 -0.95074 0.252696 0.17955 -0.213531 0.261091 0.34053 0.903256 0.392658 0.31622 -0.384863 0.867113 0.400795 -0.930002 -0.306262 0.203222 -0.504304 0.187351 -0.87068 -0.45477 0.485867 
1533744951964 0.166761 0.905615 -0.389939 -0.611364 -0.950828 0.252386 0.179523 -0.213664 0.260993 0.340827 0.903172 0.392691 0.31622 -0.384863 0.867113 0.400795 -0.930002 -0.306262 0.203222 -0.504304 0.187351 -0.87068 -0.45477 0.485867 
1533744952021 0.166416 0.905589 -0.390146 -0.611307 -0.950915 0.252075 0.179495 -0.213796 0.260895 0.341125 0.903088 0.392724 0.31622 -0.384863 0.867113 0.400795 -0.930002 -0.306262 0.203222 -0.504304 0.187351 -0.87068 -0.45477 0.485867 
1533744952089 0.166071 0.905563 -0.390353 -0.611249 -0.951003 0.251765 0.179467 -0.213927 0.260796 0.341422 0.903004 0.392757 0.31622 -0.384863 0.867113 0.400795 -0.930002 -0.306262 0.203222 -0.504304 0.187351 -0.87068 -0.45477 0.485867 
1533744952118 0.165725 0.905538 -0.390559 -0.611189 -0.95109 0.251454 0.17944 -0.214061 0.260697 0.34172 0.90292 0.39279 0.31622 -0.384863 0.867113 0.400795 -0.930002 -0.306262 0.203222 -0.504304 0.187351 -0.87068 -0.45477 0.485867 
1533744952189 0.165379 0.905512 -0.390766 -0.611131 -0.951177 0.251143 0.179413 -0.214192 0.260599 0.342017 0.902836 0.392824 0.31622 -0.384863 0.867113 0.400795 -0.930002 -0.306262 0.203222 -0.504304 0.187351 -0.87068 -0.45477 0.485867 
1533744952239 0.165034 0.905485 -0.390973 -0.611073 -0.951264 0.250833 0.179385 -0.214325 0.2605 0.342314 0.902752 0.392857 0.31622 -0.384863 0.867113 0.400795 -0.930002 -0.306262 0.203222 -0.504304 0.187351 -0.87068 -0.45477 0.485867 
1533744952285 0.165601 0.905585 -0.390501 -0.611199 -0.951144 0.251287 0.179389 -0.213987 0.26058 0.341716 0.902955 0.392777 0.31622 -0.384863 0.867113 0.400795 -0.930002 -0.306262 0.203222 -0.504304 0.187351 -0.87068 -0.45477 0.485867 
1533744952298 0.165129 0.905558 -0.390765 -0.611126 -0.951192 0.250952 0.179601 -0.21417 0.260702 0.342035 0.902799 0.392789 0.31622 -0.384863 0.867113 0.400795 -0.930002 -0.306262 0.203222 -0.504304 0.187351 -0.87068 -0.45477 0.485867 
1533744952305 0.164656 0.905531 -0.391028 -0.611056 -0.951241 0.250615 0.179814 -0.214359 0.260825 0.342354 0.902643 0.392798 0.31622 -0.384863 0.867113 0.400795 -0.930002 -0.306262 0.203222 -0.504304 0.187351 -0.87068 -0.45477 0.485867 
1533744952341 0.164183 0.905503 -0.391291 -0.610984 -0.951289 0.250279 0.180027 -0.214544 0.260947 0.342674 0.902486 0.392809 0.31622 -0.384863 0.867113 0.400795 -0.930002 -0.306262 0.203222 -0.504304 0.187351 -0.87068 -0.45477 0.485867 
1533744952440 0.16371 0.905475 -0.391554 -0.610914 -0.951337 0.249943 0.18024 -0.214732 0.261069 0.342993 0.90233 0.392819 0.31622 -0.384863 0.867113 0.400795 -0.930002 -0.306262 0.203222 -0.504304 0.187351 -0.87068 -0.45477 0.485867 
1533744952446 0.163236 0.905447 -0.391816 -0.610845 -0.951385 0.249607 0.180454 -0.21492 0.261191 0.343312 0.902173 0.392828 0.31622 -0.384863 0.867113 0.400795 -0.930002 -0.306262 0.203222 -0.504304 0.187351 -0.87068 -0.45477 0.485867 
1533744952593 0.162763 0.905418 -0.392079 -0.610776 -0.951432 0.24927 0.180667 -0.215108 0.261313 0.34363 0.902016 0.392838 0.31622 -0.384863 0.867113 0.400795 -0.930002 -0.306262 0.203222 -0.504304 0.187351 -0.87068 -0.45477 0.485867 
1533744952657 0.16229 0.90539 -0.392341 -0.610705 -0.95148 0.248934 0.180881 -0.215294 0.261435 0.34395 0.901859 0.392848 0.31622 -0.384863 0.867113 0.400795 -0.930002 -0.306262 0.203222 -0.504304 0.187351 -0.87068 -0.45477 0.485867 
1533744952751 0.161816 0.905361 -0.392604 -0.610634 -0.951527 0.248598 0.181094 -0.215481 0.261556 0.344269 0.901702 0.392858 0.31622 -0.384863 0.867113 0.400795 -0.930002 -0.306262 0.203222 -0.504304 0.187351 -0.87068 -0.45477 0.485867 
1533744952812 0.161343 0.905332 -0.392865 -0.610566 -0.951574 0.248262 0.181308 -0.215669 0.261677 0.344588 0.901545 0.392868 0.31622 -0.384863 0.867113 0.400795 -0.930002 -0.306262 0.203222 -0.504304 0.187351 -0.87068 -0.45477 0.485867 
1533744952903 0.161774 0.905366 -0.392609 -0.610674 -0.95158 0.2485 0.180949 -0.215376 0.261389 0.344326 0.901729 0.392799 0.31622 -0.384863 0.867113 0.400795 -0.930002 -0.306262 0.203222 -0.504304 0.187351 -0.87068 -0.45477 0.485867 
1533744952916 0.161699 0.905326 -0.392731 -0.610599 -0.951542 0.248523 0.181119 -0.215508 0.261574 0.344414 0.901642 0.392779 0.31622 -0.384863 0.867113 0.400795 -0.930002 -0.306262 0.203222 -0.504304 0.187351 -0.87068 -0.45477 0.485867 
1533744952933 0.161624 0.905287 -0.392854 -0.610522 -0.951503 0.248546 0.18129 -0.215643 0.261761 0.344501 0.901554 0.392758 0.31622 -0.384863 0.867113 0.400795 -0.930002 -0.306262 0.203222 -0.504304 0.187351 -0.87068 -0.45477 0.485867 
1533744952949 0.161547 0.905247 -0.392976 -0.610445 -0.951465 0.248569 0.181461 -0.215778 0.261949 0.344588 0.901467 0.392736 0.31622 -0.384863 0.867113 0.400795 -0.930002 -0.306262 0.203222 -0.504304 0.187351 -0.87068 -0.45477 0.485867 
1533744952966 0.161472 0.905208 -0.393098 -0.610368 -0.951426 0.248592 0.181632 -0.215912 0.262135 0.344675 0.901379 0.392715 0.31622 -0.384863 0.867113 0.400795 -0.930002 -0.306262 0.203222 -0.504304 0.187351 -0.87068 -0.45477 0.485867 
1533744952983 0.161396 0.905168 -0.39322 -0.610292 -0.951388 0.248615 0.181802 -0.216046 0.262322 0.344763 0.901291 0.392694 0.31622 -0.384863 0.867113 0.400795 -0.930002 -0.306262 0.203222 -0.504304 0.187351 -0.87068 -0.45477 0.485867 
1533744953056 0.16132 0.905128 -0.393343 -0.610215 -0.951349 0.248639 0.181973 -0.21618 0.262509 0.34485 0.901203 0.392673 0.31622 -0.384863 0.867113 0.400795 -0.930002 -0.306262 0.203222 -0.504304 0.187351 -0.87068 -0.45477 0.485867 
1533744953108 0.161244 0.905089 -0.393465 -0.610137 -0.95131 0.248661 0.182145 -0.216316 0.262696 0.344937 0.901115 0.392651 0.31622 -0.384863 0.867113 0.400795 -0.930002 -0.306262 0.203222 -0.504304 0.187351 -0.87068 -0.45477 0.485867 
1533744953133 0.161168 0.905049 -0.393587 -0.610061 -0.951271 0.248684 0.182315 -0.21645 0.262883 0.345024 0.901028 0.39263 0.31622 -0.384863 0.867113 0.400795 -0.930002 -0.306262 0.203222 -0.504304 0.187351 -0.87068 -0.45477 0.485867 
1533744953159 0.161092 0.90501 -0.393709 -0.609984 -0.951233 0.248707 0.182486 -0.216584 0.26307 0.345112 0.90094 0.392609 0.31622 -0.384863 0.867113 0.400795 -0.930002 -0.306262 0.203222 -0.504304 0.187351 -0.87068 -0.45477 0.485867 
1533744953196 0.161505 0.905037 -0.393478 -0.610219 -0.951364 0.248774 0.181711 -0.216307 0.262342 0.344993 0.901197 0.392593 0.31622 -0.384863 0.867113 0.400795 -0.930002 -0.306262 0.203222 -0.504304 0.187351 -0.87068 -0.45477 0.485867 
1533744953203 0.161482 0.905036 -0.393489 -0.610074 -0.95134 0.248791 0.181811 -0.216391 0.262442 0.344983 0.901172 0.392549 0.31622 -0.384863 0.867113 0.400795 -0.930002 -0.306262 0.203222 -0.504304 0.187351 -0.87068 -0.45477 0.485867 
1533744953210 0.161459 0.905035 -0.393501 -0.609924 -0.951316 0.248809 0.18191 -0.216473 0.262542 0.344972 0.901147 0.392505 0.31622 -0.384863 0.867113 0.400795 -0.930002 -0.306262 0.203222 -0.504304 0.187351 -0.87068 -0.45477 0.485867 
1533744953226 0.161437 0.905034 -0.393512 -0.609775 -0.951293 0.248827 0.18201 -0.216555 0.262642 0.344962 0.901122 0.392462 0.31622 -0.384863 0.867113 0.400795 -0.930002 -0.306262 0.203222 -0.504304 0.187351 -0.87068 -0.45477 0.485867 
1533744953242 0.161414 0.905033 -0.393524 -0.609625 -0.951269 0.248845 0.182109 -0.216636 0.262741 0.344952 0.901097 0.392419 0.31622 -0.384863 0.867113 0.400795 -0.930002 -0.306262 0.203222 -0.504304 0.187351 -0.87068 -0.45477 0.485867 
1533744953332 0.161392 0.905031 -0.393536 -0.609474 -0.951245 0.248863 0.182209 -0.216717 0.262841 0.344942 0.901071 0.392376 0.31622 -0.384863 0.867113 0.400795 -0.930002 -0.306262 0.203222 -0.504304 0.187351 -0.87068 -0.45477 0.485867 
1533744953362 0.16137 0.90503 -0.393548 -0.609325 -0.951221 0.248881 0.182308 -0.216799 0.262941 0.344932 0.901046 0.392332 0.31622 -0.384863 0.867113 0.400795 -0.930002 -0.306262 0.203222 -0.504304 0.187351 -0.87068 -0.45477 0.485867 
1533744953406 0.161347 0.905029 -0.39356 -0.609175 -0.951197 0.248899 0.182408 -0.216881 0.263041 0.344922 0.901021 0.392289 0.31622 -0.384863 0.867113 0.400795 -0.930002 -0.306262 0.203222 -0.504304 0.187351 -0.87068 -0.45477 0.485867 
1533744953412 0.161325 0.905028 -0.393571 -0.609025 -0.951174 0.248917 0.182507 -0.216962 0.263141 0.344912 0.900995 0.392246 0.31622 -0.384863 0.867113 0.400795 -0.930002 -0.306262 0.203222 -0.504304 0.187351 -0.87068 -0.45477 0.485867 
1533744953508 0.161302 0.905027 -0.393583 -0.608876 -0.95115 0.248935 0.182607 -0.217044 0.263241 0.344901 0.90097 0.392202 0.31622 -0.384863 0.867113 0.400795 -0.930002 -0.306262 0.203222 -0.504304 0.187351 -0.87068 -0.45477 0.485867 
1533744953548 0.161419 0.905002 -0.393592 -0.609206 -0.951184 0.248974 0.182379 -0.21683 0.263047 0.344939 0.901012 0.392321 0.31622 -0.384863 0.867113 0.400795 -0.930002 -0.306262 0.203222 -0.504304 0.187351 -0.87068 -0.45477 0.485867 
1533744953562 0.161248 0.905098 -0.393442 -0.609028 -0.951178 0.248832 0.1826 -0.216887 0.263172 0.344789 0.901033 0.392307 0.31622 -0.384863 0.867113 0.400795 -0.930002 -0.306262 0.203222 -0.504304 0.187351 -0.87068 -0.45477 0.485867 
1533744953579 0.161078 0.905193 -0.393293 -0.608846 -0.951173 0.248692 0.18282 -0.216943 0.263296 0.344642 0.901054 0.392292 0.31622 -0.384863 0.867113 0.400795 -0.930002 -0.306262 0.203222 -0.504304 0.187351 -0.87068 -0.45477 0.485867 
1533744953596 0.160907 0.905288 -0.393144 -0.608665 -0.951167 0.248552 0.18304 -0.216999 0.26342 0.344493 0.901074 0.392278 0.31622 -0.384863 0.867113 0.400795 -0.930002 -0.306262 0.203222 -0.504304 0.187351 -0.87068 -0.45477 0.485867 
1533744953602 0.160737 0.905383 -0.392994 -0.608484 -0.951161 0.248411 0.18326 -0.217055 0.263544 0.344344 0.901095 0.392264 0.31622 -0.384863 0.867113 0.400795 -0.930002 -0.306262 0.203222 -0.504304 0.187351 -0.87068 -0.45477 0.485867 
1533744953699 0.160567 0.905478 -0.392845 -0.608302 -0.951156 0.248271 0.183479 -0.217111 0.263668 0.344196 0.901115 0.39225 0.31622 -0.384863 0.867113 0.400795 -0.930002 -0.306262 0.203222 -0.504304 0.187351 -0.87068 -0.45477 0.485867 
1533744953703 0.160398 0.905573 -0.392696 -0.608119 -0.95115 0.24813 0.183699 -0.217166 0.263793 0.344048 0.901135 0.392236 0.31622 -0.384863 0.867113 0.400795 -0.930002 -0.306262 0.203222 -0.504304 0.187351 -0.87068 -0.45477 0.485867 
1533744953798 0.160228 0.905668 -0.392547 -0.607938 -0.951144 0.24799 0.183919 -0.217222 0.263917 0.343899 0.901155 0.392221 0.31622 -0.384863 0.867113 0.400795 -0.930002 -0.306262 0.203222 -0.504304 0.187351 -0.87068 -0.45477 0.485867 
1533744953837 0.160058 0.905763 -0.392397 -0.607757 -0.951138 0.247849 0.184139 -0.217278 0.264041 0.343751 0.901176 0.392207 0.31622 -0.384863 0.867113 0.400795 -0.930002 -0.306262 0.203222 -0.504304 0.187351 -0.87068 -0.45477 0.485867 
1533744953878 0.159888 0.905857 -0.392248 -0.607574 -0.951132 0.247708 0.184358 -0.217334 0.264165 0.343603 0.901196 0.392193 0.31622 -0.384863 0.867113 0.400795 -0.930002 -0.306262 0.203222 -0.504304 0.187351 -0.87068 -0.45477 0.485867 
1533744953948 0.160494 0.905622 -0.392544 -0.607937 -0.951105 0.248225 0.183804 -0.217323 0.263896 0.343851 0.90118 0.3922 0.31622 -0.384863 0.867113 0.400795 -0.930002 -0.306262 0.203222 -0.504304 0.187351 -0.87068 -0.45477 0.485867 
1533744953955 0.160142 0.905647 -0.39263 -0.60775 -0.951049 0.248071 0.184299 -0.217354 0.26431 0.343897 0.901041 0.39222 0.31622 -0.384863 0.867113 0.400795 -0.930002 -0.306262 0.203222 -0.504304 0.187351 -0.87068 -0.45477 0.485867 
1533744953972 0.159789 0.905672 -0.392717 -0.607557 -0.950994 0.247915 0.184794 -0.217383 0.264723 0.343943 0.900902 0.39224 0.31622 -0.384863 0.867113 0.400795 -0.930002 -0.306262 0.203222 -0.504304 0.187351 -0.87068 -0.45477 0.485867 
1533744953990 0.159436 0.905697 -0.392803 -0.607365 -0.950938 0.24776 0.185289 -0.217412 0.265136 0.343989 0.900763 0.392261 0.31622 -0.384863 0.867113 0.400795 -0.930002 -0.306262 0.203222 -0.504304 0.187351 -0.87068 -0.45477 0.485867 
1533744954057 0.159083 0.905721 -0.392889 -0.607173 -0.950882 0.247605 0.185784 -0.21744 0.26555 0.344035 0.900624 0.392281 0.31622 -0.384863 0.867113 0.400795 -0.930002 -0.306262 0.203222 -0.504304 0.187351 -0.87068 -0.45477 0.485867 
1533744954170 0.15873 0.905746 -0.392974 -0.606982 -0.950825 0.24745 0.186279 -0.217469 0.265963 0.344082 0.900484 0.392301 0.31622 -0.384863 0.867113 0.400795 -0.930002 -0.306262 0.203222 -0.504304 0.187351 -0.87068 -0.45477 0.485867 
1533744954202 0.158377 0.905771 -0.39306 -0.606789 -0.950769 0.247295 0.186773 -0.217498 0.266375 0.344128 0.900344 0.392322 0.31622 -0.384863 0.867113 0.400795 -0.930002 -0.306262 0.203222 -0.504304 0.187351 -0.87068 -0.45477 0.485867 
1533744954276 0.158023 0.905796 -0.393145 -0.606597 -0.950712 0.24714 0.187268 -0.217527 0.266788 0.344175 0.900204 0.392342 0.31622 -0.384863 0.867113 0.400795 -0.930002 -0.306262 0.203222 -0.504304 0.187351 -0.87068 -0.45477 0.485867 
1533744954337 0.15767 0.90582 -0.39323 -0.606404 -0.950654 0.246985 0.187763 -0.217555 0.267201 0.344221 0.900064 0.392363 0.31622 -0.384863 0.867113 0.400795 -0.930002 -0.306262 0.203222 -0.504304 0.187351 -0.87068 -0.45477 0.485867 
1533744954396 0.157317 0.905845 -0.393315 -0.606213 -0.950597 0.24683 0.188257 -0.217584 0.267614 0.344268 0.899924 0.392383 0.31622 -0.384863 0.867113 0.400795 -0.930002 -0.306262 0.203222 -0.504304 0.187351 -0.87068 -0.45477 0.485867 
1533744954472 0.15786 0.905856 -0.393071 -0.606505 -0.950728 0.246988 0.187382 -0.217493 0.266825 0.344123 0.900213 0.392356 0.31622 -0.384863 0.867113 0.400795 -0.930002 -0.306262 0.203222 -0.504304 0.187351 -0.87068 -0.45477 0.485867 
1533744954485 0.157578 0.90586 -0.393175 -0.606364 -0.950763 0.246769 0.187495 -0.217507 0.266868 0.344271 0.900144 0.392375 0.31622 -0.384863 0.867113 0.400795 -0.930002 -0.306262 0.203222 -0.504304 0.187351 -0.87068 -0.45477 0.485867 
1533744954490 0.157298 0.905863 -0.393281 -0.606219 -0.950798 0.246551 0.187607 -0.217518 0.26691 0.34442 0.900074 0.392394 0.31622 -0.384863 0.867113 0.400795 -0.930002 -0.306262 0.203222 -0.504304 0.187351 -0.87068 -0.45477 0.485867 
1533744954504 0.157018 0.905865 -0.393387 -0.606073 -0.950832 0.246333 0.18772 -0.217529 0.266953 0.344569 0.900004 0.392414 0.31622 -0.384863 0.867113 0.400795 -0.930002 -0.306262 0.203222 -0.504304 0.187351 -0.87068 -0.45477 0.485867 
1533744954521 0.156738 0.905868 -0.393493 -0.605927 -0.950866 0.246115 0.187832 -0.217539 0.266995 0.344719 0.899935 0.392433 0.31622 -0.384863 0.867113 0.400795 -0.930002 -0.306262 0.203222 -0.504304 0.187351 -0.87068 -0.45477 0.485867 
1533744954643 0.156458 0.90587 -0.393599 -0.605781 -0.950901 0.245897 0.187944 -0.21755 0.267037 0.344868 0.899865 0.392453 0.31622 -0.384863 0.867113 0.400795 -0.930002 -0.306262 0.203222 -0.504304 0.187351 -0.87068 -0.45477 0.485867 
1533744954675 0.156178 0.905872 -0.393705 -0.605636 -0.950935 0.245679 0.188056 -0.217561 0.26708 0.345017 0.899795 0.392472 0.31622 -0.384863 0.867113 0.400795 -0.930002 -0.306262 0.203222 -0.504304 0.187351 -0.87068 -0.45477 0.485867 
1533744954715 0.155898 0.905875 -0.393811 -0.605489 -0.950969 0.245461 0.188168 -0.217572 0.267122 0.345167 0.899725 0.392492 0.31622 -0.384863 0.867113 0.400795 -0.930002 -0.306262 0.203222 -0.504304 0.187351 -0.87068 -0.45477 0.485867 
1533744954792 0.155618 0.905877 -0.393917 -0.605344 -0.951003 0.245243 0.18828 -0.217583 0.267164 0.345316 0.899656 0.392512 0.31622 -0.384863 0.867113 0.400795 -0.930002 -0.306262 0.203222 -0.504304 0.187351 -0.87068 -0.45477 0.485867 
1533744954828 0.155338 0.905879 -0.394022 -0.605199 -0.951037 0.245025 0.188393 -0.217594 0.267206 0.345465 0.899586 0.392531 0.31622 -0.384863 0.867113 0.400795 -0.930002 -0.306262 0.203222 -0.504304 0.187351 -0.87068 -0.45477 0.485867 
1533744954885 0.155913 0.905861 -0.393836 -0.605469 -0.950999 0.245438 0.188048 -0.217622 0.267007 0.345219 0.89974 0.392479 0.31622 -0.384863 0.867113 0.400795 -0.930002 -0.306262 0.203222 -0.504304 0.187351 -0.87068 -0.45477 0.485867 
1533744954897 0.155836 0.905857 -0.393876 -0.605349 -0.951095 0.245268 0.187783 -0.217615 0.26671 0.34535 0.899777 0.392468 0.31622 -0.384863 0.867113 0.400795 -0.930002 -0.306262 0.203222 -0.504304 0.187351 -0.87068 -0.45477 0.485867 
1533744954913 0.15576 0.905852 -0.393917 -0.605226 -0.951191 0.245099 0.187517 -0.217605 0.266412 0.345483 0.899815 0.392459 0.31622 -0.384863 0.867113 0.400795 -0.930002 -0.306262 0.203222 -0.504304 0.187351 -0.87068 -0.45477 0.485867 
1533744954929 0.155683 0.905847 -0.393959 -0.605102 -0.951287 0.244929 0.187251 -0.217595 0.266113 0.345616 0.899852 0.392449 0.31622 -0.384863 0.867113 0.400795 -0.930002 -0.306262 0.203222 -0.504304 0.187351 -0.87068 -0.45477 0.485867 
1533744954946 0.155607 0.905842 -0.394 -0.604978 -0.951383 0.24476 0.186985 -0.217585 0.265815 0.345748 0.899889 0.39244 0.31622 -0.384863 0.867113 0.400795 -0.930002 -0.306262 0.203222 -0.504304 0.187351 -0.87068 -0.45477 0.485867 
1533744955023 0.15553 0.905838 -0.394041 -0.604855 -0.951479 0.24459 0.18672 -0.217575 0.265516 0.345881 0.899926 0.39243 0.31622 -0.384863 0.867113 0.400795 -0.930002 -0.306262 0.203222 -0.504304 0.187351 -0.87068 -0.45477 0.485867 
1533744955077 0.155454 0.905833 -0.394083 -0.60473 -0.951574 0.244421 0.186454 -0.217565 0.265218 0.346014 0.899963 0.392421 0.31622 -0.384863 0.867113 0.400795 -0.930002 -0.306262 0.203222 -0.504304 0.187351 -0.87068 -0.45477 0.485867 
1533744955120 0.155378 0.905828 -0.394124 -0.604607 -0.95167 0.244251 0.186188 -0.217555 0.264919 0.346146 0.9 0.392411 0.31622 -0.384863 0.867113 0.400795 -0.930002 -0.306262 0.203222 -0.504304 0.187351 -0.87068 -0.45477 0.485867 
1533744955127 0.155301 0.905823 -0.394165 -0.604482 -0.951765 0.244081 0.185922 -0.217544 0.264621 0.346279 0.900037 0.392402 0.31622 -0.384863 0.867113 0.400795 -0.930002 -0.306262 0.203222 -0.504304 0.187351 -0.87068 -0.45477 0.485867 
1533744955208 0.155225 0.905818 -0.394207 -0.604359 -0.951861 0.243912 0.185656 -0.217535 0.264322 0.346411 0.900074 0.392392 0.31622 -0.384863 0.867113 0.400795 -0.930002 -0.306262 0.203222 -0.504304 0.187351 -0.87068 -0.45477 0.485867 
1533744955264 0.155439 0.905815 -0.394129 -0.604589 -0.95162 0.24436 0.1863 -0.217605 0.265063 0.346103 0.899975 0.392456 0.31622 -0.384863 0.867113 0.400795 -0.930002 -0.306262 0.203222 -0.504304 0.187351 -0.87068 -0.45477 0.485867 
1533744955276 0.155321 0.905855 -0.394083 -0.604495 -0.951683 0.244186 0.186206 -0.217601 0.264905 0.34612 0.900014 0.392431 0.31622 -0.384863 0.867113 0.400795 -0.930002 -0.306262 0.203222 -0.504304 0.187351 -0.87068 -0.45477 0.485867 
1533744955293 0.155204 0.905895 -0.394038 -0.604395 -0.951746 0.244012 0.186112 -0.217595 0.264747 0.346138 0.900054 0.392407 0.31622 -0.384863 0.867113 0.400795 -0.930002 -0.306262 0.203222 -0.504304 0.187351 -0.87068 -0.45477 0.485867 
1533744955310 0.155086 0.905935 -0.393992 -0.604297 -0.951809 0.243838 0.186017 -0.217589 0.26459 0.346157 0.900093 0.392382 0.31622 -0.384863 0.867113 0.400795 -0.930002 -0.306262 0.203222 -0.504304 0.187351 -0.87068 -0.45477 0.485867 
1533744955326 0.154969 0.905975 -0.393947 -0.604197 -0.951872 0.243664 0.185922 -0.217583 0.264431 0.346175 0.900133 0.392358 0.31622 -0.384863 0.867113 0.400795 -0.930002 -0.306262 0.203222 -0.504304 0.187351 -0.87068 -0.45477 0.485867 
1533744955343 0.154851 0.906015 -0.393901 -0.604098 -0.951935 0.24349 0.185827 -0.217577 0.264273 0.346193 0.900172 0.392334 0.31622 -0.384863 0.867113 0.400795 -0.930002 -0.306262 0.203222 -0.504304 0.187351 -0.87068 -0.45477 0.485867 
1533744955359 0.154734 0.906055 -0.393856 -0.604 -0.951998 0.243317 0.185733 -0.217571 0.264116 0.346211 0.900212 0.39231 0.31622 -0.384863 0.867113 0.400795 -0.930002 -0.306262 0.203222 -0.504304 0.187351 -0.87068 -0.45477 0.485867 
1533744955376 0.154616 0.906095 -0.39381 -0.603901 -0.952061 0.243143 0.185638 -0.217565 0.263958 0.346229 0.900251 0.392285 0.31622 -0.384863 0.867113 0.400795 -0.930002 -0.306262 0.203222 -0.504304 0.187351 -0.87068 -0.45477 0.485867 
1533744955484 0.154499 0.906134 -0.393765 -0.603801 -0.952124 0.242969 0.185543 -0.217559 0.263799 0.346247 0.900291 0.392261 0.31622 -0.384863 0.867113 0.400795 -0.930002 -0.306262 0.203222 -0.504304 0.187351 -0.87068 -0.45477 0.485867 
1533744955501 0.154381 0.906174 -0.393719 -0.603703 -0.952187 0.242795 0.185448 -0.217553 0.263641 0.346265 0.90033 0.392237 0.31622 -0.384863 0.867113 0.400795 -0.930002 -0.306262 0.203222 -0.504304 0.187351 -0.87068 -0.45477 0.485867 
1533744955532 0.154775 0.906132 -0.393663 -0.604006 -0.95194 0.243383 0.185946 -0.217524 0.264302 0.345963 0.900252 0.392426 0.31622 -0.384863 0.867113 0.400795 -0.930002 -0.306262 0.203222 -0.504304 0.187351 -0.87068 -0.45477 0.485867 
1533744955546 0.15462 0.906183 -0.393604 -0.603916 -0.951927 0.243278 0.186146 -0.217543 0.264438 0.345901 0.900236 0.392391 0.31622 -0.384863 0.867113 0.400795 -0.930002 -0.306262 0.203222 -0.504304 0.187351 -0.87068 -0.45477 0.485867 
1533744955561 0.154465 0.906235 -0.393546 -0.603822 -0.951915 0.243174 0.186346 -0.217564 0.264574 0.345838 0.90022 0.392355 0.31622 -0.384863 0.867113 0.400795 -0.930002 -0.306262 0.203222 -0.504304 0.187351 -0.87068 -0.45477 0.485867 
1533744955578 0.15431 0.906287 -0.393487 -0.603728 -0.951902 0.24307 0.186546 -0.217586 0.264709 0.345775 0.900205 0.392319 0.31622 -0.384863 0.867113 0.400795 -0.930002 -0.306262 0.203222 -0.504304 0.187351 -0.87068 -0.45477 0.485867 
1533744955595 0.154155 0.906339 -0.393429 -0.603636 -0.95189 0.242966 0.186745 -0.217606 0.264844 0.345713 0.900189 0.392283 0.31622 -0.384863 0.867113 0.400795 -0.930002 -0.306262 0.203222 -0.504304 0.187351 -0.87068 -0.45477 0.485867 
1533744955644 0.154 0.906391 -0.39337 -0.60354 -0.951877 0.242862 0.186945 -0.217627 0.26498 0.34565 0.900173 0.392247 0.31622 -0.384863 0.867113 0.400795 -0.930002 -0.306262 0.203222 -0.504304 0.187351 -0.87068 -0.45477 0.485867 
1533744955659 0.153845 0.906443 -0.393311 -0.603447 -0.951864 0.242757 0.187145 -0.217647 0.265115 0.345588 0.900157 0.392211 0.31622 -0.384863 0.867113 0.400795 -0.930002 -0.306262 0.203222 -0.504304 0.187351 -0.87068 -0.45477 0.485867 
1533744955675 0.15369 0.906494 -0.393252 -0.603354 -0.951852 0.242653 0.187344 -0.217668 0.265251 0.345525 0.900141 0.392175 0.31622 -0.384863 0.867113 0.400795 -0.930002 -0.306262 0.203222 -0.504304 0.187351 -0.87068 -0.45477 0.485867 
1533744955703 0.153535 0.906546 -0.393195 -0.603259 -0.951839 0.242549 0.187544 -0.217688 0.265387 0.345463 0.900125 0.392139 0.31622 -0.384863 0.867113 0.400795 -0.930002 -0.306262 0.203222 -0.504304 0.187351 -0.87068 -0.45477 0.485867 
1533744955710 0.15338 0.906598 -0.393135 -0.603165 -0.951826 0.242445 0.187744 -0.217709 0.265522 0.3454 0.900109 0.392103 0.31622 -0.384863 0.867113 0.400795 -0.930002 -0.306262 0.203222 -0.504304 0.187351 -0.87068 -0.45477 0.485867 
1533744955784 0.154033 0.90641 -0.393313 -0.603531 -0.951829 0.242935 0.187094 -0.217635 0.265133 0.345548 0.900167 0.392255 0.31622 -0.384863 0.867113 0.400795 -0.930002 -0.306262 0.203222 -0.504304 0.187351 -0.87068 -0.45477 0.485867 
1533744955796 0.153872 0.90643 -0.393329 -0.603443 -0.951813 0.242847 0.187288 -0.217655 0.265282 0.345558 0.90012 0.392242 0.31622 -0.384863 0.867113 0.400795 -0.930002 -0.306262 0.203222 -0.504304 0.187351 -0.87068 -0.45477 0.485867 
1533744955813 0.153712 0.90645 -0.393346 -0.603352 -0.951798 0.242758 0.187482 -0.217675 0.265431 0.345567 0.900072 0.392229 0.31622 -0.384863 0.867113 0.400795 -0.930002 -0.306262 0.203222 -0.504304 0.187351 -0.87068 -0.45477 0.485867 
1533744955830 0.153552 0.90647 -0.393362 -0.60326 -0.951782 0.24267 0.187677 -0.217695 0.265581 0.345576 0.900024 0.392216 0.31622 -0.384863 0.867113 0.400795 -0.930002 -0.306262 0.203222 -0.504304 0.187351 -0.87068 -0.45477 0.485867 
1533744955846 0.153392 0.90649 -0.393378 -0.603167 -0.951766 0.242582 0.187871 -0.217714 0.26573 0.345586 0.899977 0.392203 0.31622 -0.384863 0.867113 0.400795 -0.930002 -0.306262 0.203222 -0.504304 0.187351 -0.87068 -0.45477 0.485867 
1533744955863 0.153232 0.90651 -0.393394 -0.603074 -0.95175 0.242493 0.188065 -0.217733 0.265879 0.345595 0.899929 0.39219 0.31622 -0.384863 0.867113 0.400795 -0.930002 -0.306262 0.203222 -0.504304 0.187351 -0.87068 -0.45477 0.485867 
1533744955880 0.153072 0.906531 -0.39341 -0.602983 -0.951734 0.242405 0.18826 -0.217752 0.266028 0.345604 0.899882 0.392177 0.31622 -0.384863 0.867113 0.400795 -0.930002 -0.306262 0.203222 -0.504304 0.187351 -0.87068 -0.45477 0.485867 
1533744955896 0.152913 0.90655 -0.393426 -0.602889 -0.951718 0.242317 0.188454 -0.217771 0.266177 0.345614 0.899834 0.392164 0.31622 -0.384863 0.867113 0.400795 -0.930002 -0.306262 0.203222 -0.504304 0.187351 -0.87068 -0.45477 0.485867 
