1533288965494 -0.40354 0.757092 -0.513777 -0.507488 -0.911766 -0.28585 0.294912 -0.26914 0.0764124 0.587453 0.805642 0.410743 0.16008 -0.304787 0.938871 0.370831 -0.775623 0.549475 0.310623 -0.528794 -0.61056 -0.777934 -0.14844 0.432481 
1533288965509 -0.351563 0.79256 -0.498248 -0.518414 -0.930365 -0.236642 0.280039 -0.264052 0.104041 0.562004 0.820565 0.407689 0.316305 -0.38429 0.867336 0.400738 -0.930106 -0.305553 0.203815 -0.506322 0.186693 -0.871182 -0.454078 0.485854 
1533288965517 -0.29767 0.824397 -0.481417 -0.529315 -0.945789 -0.186038 0.266221 -0.258934 0.12991 0.534564 0.835084 0.404645 0.316242 -0.384853 0.86711 0.400828 -0.929997 -0.306262 0.203248 -0.504438 0.187342 -0.870685 -0.454765 0.485876 
1533288966588 -0.242107 0.852463 -0.463347 -0.540214 -0.957964 -0.134267 0.25353 -0.253814 0.153913 0.505251 0.849136 0.401602 0.316223 -0.384857 0.867115 0.40079 -0.930001 -0.306263 0.203227 -0.50432 0.187352 -0.870683 -0.454765 0.485866 
1533288968073 -0.18512 0.876635 -0.444119 -0.551114 -0.966837 -0.0815553 0.242023 -0.248695 0.175945 0.474194 0.862661 0.398559 0.316222 -0.384859 0.867114 0.40079 -0.930002 -0.306263 0.203224 -0.504311 0.187352 -0.870682 -0.454766 0.485866 
1533288969158 -0.126961 0.896805 -0.423818 -0.562013 -0.972368 -0.0281371 0.23175 -0.243575 0.19591 0.44153 0.875597 0.395517 0.316221 -0.384861 0.867114 0.400793 -0.930002 -0.306262 0.203224 -0.504309 0.187352 -0.870681 -0.454768 0.485867 
1533288970189 -0.0678869 0.912885 -0.402532 -0.572911 -0.974534 0.0257524 0.222757 -0.238455 0.213718 0.407404 0.887889 0.392474 0.316221 -0.384862 0.867113 0.400795 -0.930002 -0.306262 0.203223 -0.504309 0.187351 -0.870681 -0.454769 0.485868 
1533288970195 -0.00815722 0.924804 -0.380358 -0.583804 -0.973324 0.0798757 0.215084 -0.233334 0.229292 0.371966 0.899481 0.389432 0.316221 -0.384862 0.867113 0.400796 -0.930002 -0.306262 0.203223 -0.50431 0.187351 -0.870681 -0.454769 0.485869 
1533288971652 0.0519651 0.932504 -0.357401 -0.594624 -0.968743 0.133997 0.208762 -0.228203 0.242562 0.335381 0.91032 0.386402 0.316222 -0.384863 0.867112 0.400801 -0.930002 -0.306262 0.203224 -0.504318 0.18735 -0.87068 -0.45477 0.485871 
1533288971659 0.112156 0.935903 -0.333927 -0.604474 -0.960812 0.187867 0.203829 -0.223094 0.253498 0.297981 0.920297 0.383631 0.316239 -0.38488 0.867099 0.400847 -0.930001 -0.306252 0.203244 -0.504408 0.187326 -0.870676 -0.454787 0.485923 
1533288973088 0.112008 0.935914 -0.333944 -0.604476 -0.960841 0.18772 0.203829 -0.223067 0.253454 0.298037 0.920291 0.383639 0.316239 -0.38488 0.867099 0.400847 -0.930001 -0.306252 0.203244 -0.504408 0.187326 -0.870676 -0.454787 0.485923 
1533288973100 0.118049 0.936032 -0.331523 -0.605676 -0.959863 0.193099 0.203411 -0.222556 0.254416 0.294205 0.921258 0.383305 0.316221 -0.384863 0.867113 0.400799 -0.930002 -0.306262 0.203223 -0.504312 0.187351 -0.87068 -0.45477 0.485869 
1533288973475 0.12409 0.936107 -0.329097 -0.606875 -0.958852 0.198474 0.203006 -0.222046 0.255353 0.290365 0.922217 0.382971 0.31622 -0.384863 0.867113 0.400795 -0.930002 -0.306262 0.203222 -0.504305 0.187351 -0.87068 -0.454769 0.485867 
1533288973828 0.130129 0.936139 -0.326665 -0.608075 -0.957807 0.203843 0.202616 -0.221535 0.256266 0.286516 0.923166 0.382638 0.316221 -0.384863 0.867113 0.400795 -0.930002 -0.306262 0.203222 -0.504304 0.187351 -0.87068 -0.45477 0.485867 
1533288974191 0.136165 0.936128 -0.324228 -0.609274 -0.956729 0.209208 0.20224 -0.221024 0.257154 0.28266 0.924108 0.382304 0.31622 -0.384863 0.867113 0.400795 -0.930002 -0.306262 0.203222 -0.504304 0.187351 -0.87068 -0.454769 0.485867 
1533288974548 0.142199 0.936074 -0.321785 -0.610474 -0.955618 0.214566 0.201879 -0.220513 0.258018 0.278797 0.92504 0.38197 0.31622 -0.384863 0.867113 0.400795 -0.930002 -0.306262 0.203222 -0.504304 0.187352 -0.87068 -0.454769 0.485867 
1533288974915 0.14823 0.935977 -0.319336 -0.611673 -0.954474 0.219918 0.201532 -0.220002 0.258857 0.274925 0.925964 0.381636 0.31622 -0.384863 0.867113 0.400795 -0.930002 -0.306262 0.203222 -0.504304 0.187352 -0.87068 -0.454769 0.485867 
1533288975280 0.154259 0.935836 -0.316883 -0.612872 -0.953297 0.225265 0.201199 -0.219492 0.259672 0.271047 0.926879 0.381303 0.31622 -0.384863 0.867113 0.400795 -0.930002 -0.306262 0.203222 -0.504304 0.187352 -0.87068 -0.454769 0.485867 
1533288975653 0.160284 0.935653 -0.314425 -0.614063 -0.952087 0.230605 0.20088 -0.21898 0.260461 0.267162 0.927785 0.38097 0.31622 -0.384863 0.867113 0.400795 -0.930002 -0.306262 0.203222 -0.504304 0.187352 -0.87068 -0.454769 0.485867 
1533288976000 0.166299 0.935421 -0.31198 -0.615156 -0.950844 0.235936 0.200576 -0.218473 0.26123 0.263289 0.928675 0.380663 0.31622 -0.384863 0.867113 0.400795 -0.930002 -0.306262 0.203222 -0.504304 0.187352 -0.87068 -0.454769 0.485867 
1533288976367 0.166074 0.935451 -0.31201 -0.615161 -0.950894 0.235721 0.200592 -0.218406 0.261191 0.263375 0.928662 0.380665 0.31622 -0.384863 0.867113 0.400795 -0.930002 -0.306262 0.203222 -0.504304 0.187352 -0.87068 -0.454769 0.485867 
1533288976382 0.166304 0.935009 -0.31321 -0.61498 -0.951235 0.235805 0.198864 -0.218216 0.259797 0.264865 0.928629 0.380879 0.31622 -0.384863 0.867113 0.400795 -0.930002 -0.306262 0.203222 -0.504304 0.187352 -0.87068 -0.454769 0.485867 
1533288976388 0.166534 0.934566 -0.31441 -0.614799 -0.951575 0.235886 0.197136 -0.218026 0.258402 0.266354 0.928592 0.381094 0.31622 -0.384863 0.867113 0.400795 -0.930002 -0.306262 0.203222 -0.504304 0.187352 -0.87068 -0.454769 0.485867 
1533288976723 0.166766 0.93412 -0.315608 -0.614618 -0.951912 0.235964 0.195407 -0.217836 0.257006 0.267844 0.928551 0.381308 0.31622 -0.384863 0.867113 0.400795 -0.930002 -0.306262 0.203222 -0.504304 0.187352 -0.87068 -0.454769 0.485867 
1533288976989 0.167 0.933673 -0.316805 -0.614437 -0.952247 0.23604 0.193677 -0.217646 0.25561 0.269333 0.928506 0.381522 0.31622 -0.384863 0.867113 0.400795 -0.930002 -0.306262 0.203222 -0.504304 0.187352 -0.87068 -0.454769 0.485867 
1533288977238 0.167236 0.933224 -0.318002 -0.614256 -0.952579 0.236112 0.191947 -0.217456 0.254214 0.270821 0.928456 0.381736 0.31622 -0.384863 0.867113 0.400795 -0.930002 -0.306262 0.203222 -0.504304 0.187352 -0.87068 -0.454769 0.485867 
1533288977244 0.167474 0.932773 -0.319197 -0.614074 -0.952909 0.236182 0.190216 -0.217265 0.252817 0.27231 0.928402 0.381951 0.31622 -0.384863 0.867113 0.400795 -0.930002 -0.306262 0.203222 -0.504304 0.187352 -0.87068 -0.454769 0.485867 
1533288977555 0.167714 0.93232 -0.320392 -0.613893 -0.953236 0.23625 0.188485 -0.217075 0.251421 0.273798 0.928344 0.382165 0.31622 -0.384863 0.867113 0.400795 -0.930002 -0.306262 0.203222 -0.504304 0.187352 -0.87068 -0.454769 0.485867 
1533288977827 0.167956 0.931866 -0.321585 -0.613714 -0.953561 0.236314 0.186753 -0.216886 0.250024 0.275285 0.928281 0.382379 0.31622 -0.384863 0.867113 0.400795 -0.930002 -0.306262 0.203222 -0.504304 0.187352 -0.87068 -0.454769 0.485867 
1533288978077 0.168196 0.931413 -0.322769 -0.613564 -0.953883 0.236373 0.185028 -0.216711 0.248631 0.276763 0.928216 0.382578 0.31622 -0.384863 0.867113 0.400795 -0.930002 -0.306262 0.203222 -0.504304 0.187352 -0.87068 -0.454769 0.485867 
1533288978333 0.168098 0.931459 -0.322687 -0.613554 -0.953912 0.236251 0.185034 -0.216694 0.248587 0.276711 0.928243 0.382566 0.31622 -0.384863 0.867113 0.400795 -0.930002 -0.306262 0.203222 -0.504304 0.187352 -0.87068 -0.454769 0.485867 
1533288978346 0.167921 0.931319 -0.323183 -0.613385 -0.954086 0.236024 0.184424 -0.216661 0.248036 0.277376 0.928192 0.382696 0.31622 -0.384863 0.867113 0.400795 -0.930002 -0.306262 0.203222 -0.504304 0.187352 -0.87068 -0.454769 0.485867 
1533288978568 0.167747 0.931178 -0.323679 -0.613214 -0.954261 0.235798 0.18381 -0.216628 0.247483 0.278041 0.928141 0.382825 0.31622 -0.384863 0.867113 0.400795 -0.930002 -0.306262 0.203222 -0.504304 0.187352 -0.87068 -0.454769 0.485867 
1533288978792 0.167573 0.931037 -0.324176 -0.613042 -0.954435 0.235571 0.183196 -0.216596 0.246929 0.278706 0.928089 0.382955 0.31622 -0.384863 0.867113 0.400795 -0.930002 -0.306262 0.203222 -0.504304 0.187352 -0.87068 -0.454769 0.485867 
1533288979006 0.167399 0.930895 -0.324673 -0.612871 -0.954608 0.235344 0.182583 -0.216563 0.246375 0.279371 0.928036 0.383084 0.31622 -0.384863 0.867113 0.400795 -0.930002 -0.306262 0.203222 -0.504304 0.187352 -0.87068 -0.454769 0.485867 
1533288979012 0.167226 0.930753 -0.325169 -0.6127 -0.954782 0.235116 0.181969 -0.216531 0.245821 0.280035 0.927983 0.383214 0.31622 -0.384863 0.867113 0.400795 -0.930002 -0.306262 0.203222 -0.504304 0.187352 -0.87068 -0.454769 0.485867 
1533288979250 0.167052 0.93061 -0.325665 -0.612529 -0.954954 0.234887 0.181356 -0.216498 0.245266 0.2807 0.927929 0.383344 0.31622 -0.384863 0.867113 0.400795 -0.930002 -0.306262 0.203222 -0.504304 0.187352 -0.87068 -0.454769 0.485867 
1533288979475 0.166879 0.930468 -0.326162 -0.612357 -0.955127 0.234659 0.180742 -0.216466 0.244712 0.281364 0.927874 0.383473 0.31622 -0.384863 0.867113 0.400795 -0.930002 -0.306262 0.203222 -0.504304 0.187352 -0.87068 -0.454769 0.485867 
1533288979706 0.166707 0.930325 -0.326657 -0.612188 -0.955299 0.234429 0.180129 -0.216434 0.244157 0.282027 0.927819 0.383602 0.31622 -0.384863 0.867113 0.400795 -0.930002 -0.306262 0.203222 -0.504304 0.187352 -0.87068 -0.454769 0.485867 
1533288979907 0.166534 0.930182 -0.32715 -0.612035 -0.955471 0.234199 0.179518 -0.216406 0.243603 0.282687 0.927764 0.383724 0.31622 -0.384863 0.867113 0.400795 -0.930002 -0.306262 0.203222 -0.504304 0.187352 -0.87068 -0.454769 0.485867 
1533288980121 0.166376 0.930185 -0.327224 -0.612059 -0.955498 0.234065 0.179545 -0.216325 0.243602 0.28279 0.927733 0.383699 0.31622 -0.384863 0.867113 0.400795 -0.930002 -0.306262 0.203222 -0.504304 0.187352 -0.87068 -0.454769 0.485867 
1533288980134 0.166336 0.93013 -0.327399 -0.61199 -0.955568 0.233989 0.179275 -0.216322 0.243357 0.283032 0.927723 0.383746 0.31622 -0.384863 0.867113 0.400795 -0.930002 -0.306262 0.203222 -0.504304 0.187352 -0.87068 -0.454769 0.485867 
1533288980373 0.166295 0.930075 -0.327575 -0.611922 -0.955637 0.233912 0.179005 -0.21632 0.243112 0.283276 0.927713 0.383794 0.31622 -0.384863 0.867113 0.400795 -0.930002 -0.306262 0.203222 -0.504304 0.187352 -0.87068 -0.454769 0.485867 
1533288980574 0.166254 0.930021 -0.327751 -0.611853 -0.955707 0.233835 0.178735 -0.216317 0.242867 0.283519 0.927703 0.383841 0.31622 -0.384863 0.867113 0.400795 -0.930002 -0.306262 0.203222 -0.504304 0.187352 -0.87068 -0.454769 0.485867 
1533288980800 0.166214 0.929966 -0.327928 -0.611784 -0.955776 0.233757 0.178465 -0.216314 0.242622 0.283762 0.927693 0.383889 0.31622 -0.384863 0.867113 0.400795 -0.930002 -0.306262 0.203222 -0.504304 0.187352 -0.87068 -0.454769 0.485867 
1533288980976 0.166173 0.929911 -0.328104 -0.611715 -0.955845 0.23368 0.178195 -0.216312 0.242377 0.284005 0.927682 0.383936 0.31622 -0.384863 0.867113 0.400795 -0.930002 -0.306262 0.203222 -0.504304 0.187352 -0.87068 -0.454769 0.485867 
1533288981181 0.166132 0.929856 -0.32828 -0.611646 -0.955914 0.233603 0.177925 -0.216309 0.242132 0.284248 0.927672 0.383983 0.31622 -0.384863 0.867113 0.400795 -0.930002 -0.306262 0.203222 -0.504304 0.187352 -0.87068 -0.454769 0.485867 
1533288981187 0.166092 0.929801 -0.328457 -0.611578 -0.955983 0.233526 0.177654 -0.216306 0.241886 0.284492 0.927661 0.384031 0.31622 -0.384863 0.867113 0.400795 -0.930002 -0.306262 0.203222 -0.504304 0.187352 -0.87068 -0.454769 0.485867 
1533288981383 0.166051 0.929746 -0.328633 -0.611509 -0.956053 0.233449 0.177384 -0.216304 0.241641 0.284735 0.92765 0.384078 0.31622 -0.384863 0.867113 0.400795 -0.930002 -0.306262 0.203222 -0.504304 0.187352 -0.87068 -0.454769 0.485867 
1533288981387 0.166011 0.929691 -0.328807 -0.611449 -0.956121 0.233371 0.177115 -0.216303 0.241397 0.284977 0.92764 0.384122 0.31622 -0.384863 0.867113 0.400795 -0.930002 -0.306262 0.203222 -0.504304 0.187352 -0.87068 -0.454769 0.485867 
1533288981594 0.165935 0.929703 -0.328814 -0.611466 -0.95611 0.23333 0.177231 -0.216271 0.241495 0.284974 0.927615 0.38413 0.31622 -0.384863 0.867113 0.400795 -0.930002 -0.306262 0.203222 -0.504304 0.187352 -0.87068 -0.454769 0.485867 
1533288981605 0.166018 0.929661 -0.328891 -0.611419 -0.95623 0.233264 0.176671 -0.216247 0.240963 0.285164 0.927695 0.384153 0.31622 -0.384863 0.867113 0.400795 -0.930002 -0.306262 0.203222 -0.504304 0.187352 -0.87068 -0.454769 0.485867 
1533288981784 0.1661 0.929619 -0.328967 -0.611372 -0.956349 0.233198 0.176112 -0.216224 0.240431 0.285355 0.927774 0.384176 0.31622 -0.384863 0.867113 0.400795 -0.930002 -0.306262 0.203222 -0.504304 0.187352 -0.87068 -0.454769 0.485867 
1533288981956 0.166183 0.929577 -0.329043 -0.611325 -0.956468 0.233131 0.175552 -0.2162 0.239899 0.285546 0.927853 0.384198 0.31622 -0.384863 0.867113 0.400795 -0.930002 -0.306262 0.203222 -0.504304 0.187352 -0.87068 -0.454769 0.485867 
1533288982143 0.166265 0.929536 -0.329119 -0.611278 -0.956587 0.233063 0.174993 -0.216177 0.239368 0.285736 0.927932 0.384221 0.31622 -0.384863 0.867113 0.400795 -0.930002 -0.306262 0.203222 -0.504304 0.187352 -0.87068 -0.454769 0.485867 
1533288982315 0.166348 0.929494 -0.329196 -0.61123 -0.956706 0.232996 0.174433 -0.216153 0.238836 0.285927 0.92801 0.384244 0.31622 -0.384863 0.867113 0.400795 -0.930002 -0.306262 0.203222 -0.504304 0.187352 -0.87068 -0.454769 0.485867 
1533288982512 0.166431 0.929452 -0.329272 -0.611183 -0.956824 0.232929 0.173873 -0.216129 0.238304 0.286117 0.928089 0.384267 0.31622 -0.384863 0.867113 0.400795 -0.930002 -0.306262 0.203222 -0.504304 0.187352 -0.87068 -0.454769 0.485867 
1533288982673 0.166514 0.92941 -0.329348 -0.611136 -0.956942 0.232862 0.173313 -0.216106 0.237772 0.286308 0.928166 0.38429 0.31622 -0.384863 0.867113 0.400795 -0.930002 -0.306262 0.203222 -0.504304 0.187352 -0.87068 -0.454769 0.485867 
1533288982849 0.166596 0.929368 -0.329424 -0.611089 -0.95706 0.232795 0.172753 -0.216082 0.23724 0.286499 0.928243 0.384312 0.31622 -0.384863 0.867113 0.400795 -0.930002 -0.306262 0.203222 -0.504304 0.187352 -0.87068 -0.454769 0.485867 
1533288983024 0.166679 0.929327 -0.329499 -0.611048 -0.957177 0.232726 0.172195 -0.216062 0.236709 0.286688 0.928321 0.384333 0.31622 -0.384863 0.867113 0.400795 -0.930002 -0.306262 0.203222 -0.504304 0.187352 -0.87068 -0.454769 0.485867 
1533288983214 0.166877 0.929306 -0.329458 -0.611041 -0.957121 0.232931 0.172229 -0.216148 0.236794 0.286591 0.928329 0.38439 0.31622 -0.384863 0.867113 0.400795 -0.930002 -0.306262 0.203222 -0.504304 0.187352 -0.87068 -0.454769 0.485867 
1533288983227 0.166567 0.929312 -0.329597 -0.61101 -0.957143 0.232704 0.172412 -0.216273 0.236923 0.286754 0.928246 0.384384 0.31622 -0.384863 0.867113 0.400795 -0.930002 -0.306262 0.203222 -0.504304 0.187352 -0.87068 -0.454769 0.485867 
1533288983449 0.166256 0.929319 -0.329736 -0.61098 -0.957165 0.232477 0.172597 -0.216399 0.237053 0.286916 0.928162 0.384378 0.31622 -0.384863 0.867113 0.400795 -0.930002 -0.306262 0.203222 -0.504304 0.187352 -0.87068 -0.454769 0.485867 
1533288983802 0.165945 0.929325 -0.329874 -0.61095 -0.957187 0.232251 0.172781 -0.216525 0.237184 0.287079 0.928078 0.384372 0.31622 -0.384863 0.867113 0.400795 -0.930002 -0.306262 0.203222 -0.504304 0.187352 -0.87068 -0.454769 0.485867 
1533288984007 0.165634 0.929331 -0.330013 -0.610919 -0.957208 0.232024 0.172966 -0.21665 0.237314 0.287242 0.927995 0.384366 0.31622 -0.384863 0.867113 0.400795 -0.930002 -0.306262 0.203222 -0.504304 0.187352 -0.87068 -0.454769 0.485867 
1533288984193 0.165323 0.929338 -0.330151 -0.610889 -0.95723 0.231798 0.173151 -0.216776 0.237444 0.287405 0.927911 0.38436 0.31622 -0.384863 0.867113 0.400795 -0.930002 -0.306262 0.203222 -0.504304 0.187352 -0.87068 -0.454769 0.485867 
1533288984365 0.165012 0.929344 -0.33029 -0.610858 -0.957251 0.231571 0.173336 -0.216901 0.237574 0.287568 0.927827 0.384354 0.31622 -0.384863 0.867113 0.400795 -0.930002 -0.306262 0.203222 -0.504304 0.187352 -0.87068 -0.454769 0.485867 
1533288984558 0.164701 0.92935 -0.330428 -0.610828 -0.957272 0.231345 0.17352 -0.217027 0.237704 0.287731 0.927743 0.384348 0.31622 -0.384863 0.867113 0.400795 -0.930002 -0.306262 0.203222 -0.504304 0.187352 -0.87068 -0.454769 0.485867 
1533288984792 0.16439 0.929356 -0.330566 -0.610798 -0.957294 0.231118 0.173705 -0.217153 0.237834 0.287894 0.92766 0.384342 0.31622 -0.384863 0.867113 0.400795 -0.930002 -0.306262 0.203222 -0.504304 0.187352 -0.87068 -0.454769 0.485867 
1533288984956 0.16408 0.929361 -0.330704 -0.610769 -0.957315 0.230892 0.173889 -0.217275 0.237963 0.288056 0.927576 0.384336 0.31622 -0.384863 0.867113 0.400795 -0.930002 -0.306262 0.203222 -0.504304 0.187352 -0.87068 -0.454769 0.485867 
1533288985139 0.164094 0.929405 -0.330575 -0.610773 -0.957345 0.230842 0.173791 -0.217228 0.237833 0.287956 0.927641 0.384389 0.31622 -0.384863 0.867113 0.400795 -0.930002 -0.306262 0.203222 -0.504304 0.187352 -0.87068 -0.454769 0.485867 
1533288985157 0.163647 0.929392 -0.330832 -0.610713 -0.95736 0.230545 0.174099 -0.217387 0.238078 0.288235 0.927491 0.384388 0.31622 -0.384863 0.867113 0.400795 -0.930002 -0.306262 0.203222 -0.504304 0.187352 -0.87068 -0.454769 0.485867 
1533288985359 0.163198 0.929379 -0.33109 -0.610653 -0.957376 0.230247 0.174408 -0.217546 0.238324 0.288514 0.927341 0.384387 0.31622 -0.384863 0.867113 0.400795 -0.930002 -0.306262 0.203222 -0.504304 0.187352 -0.87068 -0.454769 0.485867 
1533288985540 0.16275 0.929366 -0.331347 -0.610593 -0.957391 0.22995 0.174718 -0.217705 0.23857 0.288793 0.927191 0.384386 0.31622 -0.384863 0.867113 0.400795 -0.930002 -0.306262 0.203222 -0.504304 0.187352 -0.87068 -0.454769 0.485867 
1533288985737 0.162302 0.929353 -0.331604 -0.610533 -0.957405 0.229653 0.175027 -0.217864 0.238816 0.289072 0.927041 0.384385 0.31622 -0.384863 0.867113 0.400795 -0.930002 -0.306262 0.203222 -0.504304 0.187352 -0.87068 -0.454769 0.485867 
1533288985942 0.161854 0.929339 -0.331861 -0.610473 -0.95742 0.229356 0.175336 -0.218022 0.239061 0.289352 0.92689 0.384384 0.31622 -0.384863 0.867113 0.400795 -0.930002 -0.306262 0.203222 -0.504304 0.187352 -0.87068 -0.454769 0.485867 
1533288986141 0.161405 0.929326 -0.332118 -0.610413 -0.957434 0.229058 0.175646 -0.218181 0.239307 0.289631 0.92674 0.384382 0.31622 -0.384863 0.867113 0.400795 -0.930002 -0.306262 0.203222 -0.504304 0.187352 -0.87068 -0.454769 0.485867 
1533288986353 0.160957 0.929312 -0.332374 -0.610354 -0.957449 0.228761 0.175955 -0.21834 0.239552 0.28991 0.926589 0.384381 0.31622 -0.384863 0.867113 0.400795 -0.930002 -0.306262 0.203222 -0.504304 0.187352 -0.87068 -0.454769 0.485867 
1533288986558 0.160508 0.929298 -0.332631 -0.610294 -0.957463 0.228465 0.176265 -0.218499 0.239797 0.290189 0.926438 0.38438 0.31622 -0.384863 0.867113 0.400795 -0.930002 -0.306262 0.203222 -0.504304 0.187352 -0.87068 -0.454769 0.485867 
1533288986763 0.16006 0.929283 -0.332886 -0.610239 -0.957476 0.228168 0.176574 -0.218654 0.240041 0.290468 0.926288 0.384378 0.31622 -0.384863 0.867113 0.400795 -0.930002 -0.306262 0.203222 -0.504304 0.187352 -0.87068 -0.454769 0.485867 
1533288986960 0.160215 0.929275 -0.332835 -0.610223 -0.957437 0.22832 0.176594 -0.218688 0.240097 0.290375 0.926302 0.384397 0.31622 -0.384863 0.867113 0.400795 -0.930002 -0.306262 0.203222 -0.504304 0.187352 -0.87068 -0.454769 0.485867 
1533288986969 0.160114 0.929206 -0.333075 -0.610155 -0.957433 0.228296 0.176642 -0.218753 0.240177 0.290614 0.926207 0.384377 0.31622 -0.384863 0.867113 0.400795 -0.930002 -0.306262 0.203222 -0.504304 0.187352 -0.87068 -0.454769 0.485867 
1533288987159 0.160015 0.929137 -0.333315 -0.610087 -0.95743 0.228272 0.17669 -0.218817 0.240256 0.290853 0.926111 0.384356 0.31622 -0.384863 0.867113 0.400795 -0.930002 -0.306262 0.203222 -0.504304 0.187352 -0.87068 -0.454769 0.485867 
1533288987430 0.159916 0.929068 -0.333556 -0.610019 -0.957427 0.228249 0.176737 -0.218881 0.240335 0.291093 0.926015 0.384336 0.31622 -0.384863 0.867113 0.400795 -0.930002 -0.306262 0.203222 -0.504304 0.187352 -0.87068 -0.454769 0.485867 
1533288987632 0.159816 0.928999 -0.333797 -0.609951 -0.957424 0.228226 0.176784 -0.218946 0.240414 0.291332 0.92592 0.384316 0.31622 -0.384863 0.867113 0.400795 -0.930002 -0.306262 0.203222 -0.504304 0.187352 -0.87068 -0.454769 0.485867 
1533288987798 0.159717 0.928929 -0.334037 -0.609883 -0.95742 0.228203 0.176832 -0.21901 0.240493 0.291571 0.925824 0.384295 0.31622 -0.384863 0.867113 0.400795 -0.930002 -0.306262 0.203222 -0.504304 0.187352 -0.87068 -0.454769 0.485867 
1533288987804 0.159617 0.92886 -0.334278 -0.609815 -0.957417 0.22818 0.176879 -0.219075 0.240572 0.29181 0.925728 0.384275 0.31622 -0.384863 0.867113 0.400795 -0.930002 -0.306262 0.203222 -0.504304 0.187352 -0.87068 -0.454769 0.485867 
1533288987995 0.159518 0.928791 -0.334518 -0.609747 -0.957414 0.228157 0.176927 -0.219139 0.24065 0.292049 0.925632 0.384255 0.31622 -0.384863 0.867113 0.400795 -0.930002 -0.306262 0.203222 -0.504304 0.187352 -0.87068 -0.454769 0.485867 
1533288988269 0.159418 0.928721 -0.334758 -0.609679 -0.957411 0.228133 0.176974 -0.219203 0.240729 0.292288 0.925536 0.384234 0.31622 -0.384863 0.867113 0.400795 -0.930002 -0.306262 0.203222 -0.504304 0.187352 -0.87068 -0.454769 0.485867 
1533288988476 0.159319 0.928652 -0.334998 -0.609618 -0.957407 0.22811 0.177021 -0.219267 0.240808 0.292527 0.92544 0.384213 0.31622 -0.384863 0.867113 0.400795 -0.930002 -0.306262 0.203222 -0.504304 0.187352 -0.87068 -0.454769 0.485867 
1533288988632 0.159432 0.92867 -0.334894 -0.609624 -0.957397 0.228185 0.176979 -0.219309 0.240773 0.29241 0.925486 0.38426 0.31622 -0.384863 0.867113 0.400795 -0.930002 -0.306262 0.203222 -0.504304 0.187352 -0.87068 -0.454769 0.485867 
1533288988643 0.159405 0.928692 -0.334845 -0.609509 -0.957316 0.228255 0.17733 -0.219359 0.241115 0.292285 0.925436 0.384204 0.31622 -0.384863 0.867113 0.400795 -0.930002 -0.306262 0.203222 -0.504304 0.187352 -0.87068 -0.454769 0.485867 
1533288988942 0.159377 0.928714 -0.334797 -0.609393 -0.957234 0.228325 0.177682 -0.219409 0.241458 0.29216 0.925387 0.384148 0.31622 -0.384863 0.867113 0.400795 -0.930002 -0.306262 0.203222 -0.504304 0.187352 -0.87068 -0.454769 0.485867 
1533288989131 0.15935 0.928736 -0.334748 -0.609277 -0.957152 0.228395 0.178034 -0.21946 0.241802 0.292035 0.925336 0.384093 0.31622 -0.384863 0.867113 0.400795 -0.930002 -0.306262 0.203222 -0.504304 0.187352 -0.87068 -0.454769 0.485867 
1533288989345 0.159323 0.928758 -0.3347 -0.609161 -0.957069 0.228465 0.178386 -0.21951 0.242145 0.29191 0.925286 0.384037 0.31622 -0.384863 0.867113 0.400795 -0.930002 -0.306262 0.203222 -0.504304 0.187352 -0.87068 -0.454769 0.485867 
1533288989595 0.159296 0.928781 -0.334651 -0.609045 -0.956987 0.228535 0.178738 -0.21956 0.242488 0.291785 0.925236 0.383981 0.31622 -0.384863 0.867113 0.400795 -0.930002 -0.306262 0.203222 -0.504304 0.187352 -0.87068 -0.454769 0.485867 
1533288989907 0.159269 0.928803 -0.334603 -0.608929 -0.956905 0.228605 0.17909 -0.21961 0.242831 0.291659 0.925185 0.383925 0.31622 -0.384863 0.867113 0.400795 -0.930002 -0.306262 0.203222 -0.504304 0.187352 -0.87068 -0.454769 0.485867 
1533288989914 0.159242 0.928825 -0.334554 -0.608814 -0.956822 0.228675 0.179442 -0.219661 0.243174 0.291534 0.925135 0.383869 0.31622 -0.384863 0.867113 0.400795 -0.930002 -0.306262 0.203222 -0.504304 0.187352 -0.87068 -0.454769 0.485867 
1533288990109 0.159215 0.928847 -0.334505 -0.608698 -0.956739 0.228745 0.179794 -0.219711 0.243517 0.291408 0.925084 0.383814 0.31622 -0.384863 0.867113 0.400795 -0.930002 -0.306262 0.203222 -0.504304 0.187352 -0.87068 -0.454769 0.485867 
1533288990444 0.159188 0.928869 -0.334457 -0.608589 -0.956656 0.228815 0.180145 -0.21976 0.24386 0.291284 0.925033 0.383759 0.31622 -0.384863 0.867113 0.400795 -0.930002 -0.306262 0.203222 -0.504304 0.187352 -0.87068 -0.454769 0.485867 
1533288990758 0.15934 0.928845 -0.334453 -0.60859 -0.956622 0.228967 0.180136 -0.219827 0.243897 0.291242 0.925036 0.383781 0.31622 -0.384863 0.867113 0.400795 -0.930002 -0.306262 0.203222 -0.504304 0.187352 -0.87068 -0.454769 0.485867 
1533288990772 0.159185 0.928902 -0.334367 -0.608438 -0.956688 0.228757 0.180048 -0.219852 0.243736 0.291224 0.925085 0.383742 0.31622 -0.384863 0.867113 0.400795 -0.930002 -0.306262 0.203222 -0.504304 0.187352 -0.87068 -0.454769 0.485867 
1533288991101 0.159031 0.928959 -0.334281 -0.608286 -0.956755 0.228547 0.17996 -0.219878 0.243574 0.291206 0.925133 0.383704 0.31622 -0.384863 0.867113 0.400795 -0.930002 -0.306262 0.203222 -0.504304 0.187352 -0.87068 -0.454769 0.485867 
1533288991296 0.158876 0.929017 -0.334195 -0.608134 -0.956822 0.228336 0.179872 -0.219903 0.243412 0.291188 0.925181 0.383665 0.31622 -0.384863 0.867113 0.400795 -0.930002 -0.306262 0.203222 -0.504304 0.187352 -0.87068 -0.454769 0.485867 
1533288991473 0.158721 0.929074 -0.334108 -0.607982 -0.956889 0.228126 0.179783 -0.219929 0.243251 0.291169 0.925229 0.383627 0.31622 -0.384863 0.867113 0.400795 -0.930002 -0.306262 0.203222 -0.504304 0.187352 -0.87068 -0.454769 0.485867 
1533288991479 0.158566 0.929132 -0.334022 -0.60783 -0.956956 0.227915 0.179695 -0.219954 0.243089 0.291151 0.925278 0.383588 0.31622 -0.384863 0.867113 0.400795 -0.930002 -0.306262 0.203222 -0.504304 0.187352 -0.87068 -0.454769 0.485867 
1533288991696 0.158411 0.929189 -0.333936 -0.607678 -0.957023 0.227704 0.179607 -0.21998 0.242927 0.291132 0.925326 0.383549 0.31622 -0.384863 0.867113 0.400795 -0.930002 -0.306262 0.203222 -0.504304 0.187352 -0.87068 -0.454769 0.485867 
1533288991866 0.158256 0.929247 -0.33385 -0.607525 -0.957089 0.227494 0.179519 -0.220005 0.242766 0.291114 0.925374 0.383511 0.31622 -0.384863 0.867113 0.400795 -0.930002 -0.306262 0.203222 -0.504304 0.187352 -0.87068 -0.454769 0.485867 
1533288991874 0.158102 0.929304 -0.333764 -0.607374 -0.957156 0.227283 0.17943 -0.22003 0.242604 0.291096 0.925422 0.383472 0.31622 -0.384863 0.867113 0.400795 -0.930002 -0.306262 0.203222 -0.504304 0.187352 -0.87068 -0.454769 0.485867 
1533288992078 0.157947 0.929361 -0.333677 -0.607232 -0.957222 0.227073 0.179342 -0.220056 0.242442 0.291076 0.925471 0.383434 0.31622 -0.384863 0.867113 0.400795 -0.930002 -0.306262 0.203222 -0.504304 0.187352 -0.87068 -0.454769 0.485867 
1533288992292 0.157892 0.929374 -0.333668 -0.607258 -0.95721 0.227045 0.179441 -0.219991 0.242525 0.291058 0.925455 0.383449 0.31622 -0.384863 0.867113 0.400795 -0.930002 -0.306262 0.203222 -0.504304 0.187352 -0.87068 -0.454769 0.485867 
1533288992311 0.157755 0.929412 -0.333627 -0.607112 -0.957261 0.226875 0.179383 -0.219992 0.242413 0.29107 0.925481 0.383427 0.31622 -0.384863 0.867113 0.400795 -0.930002 -0.306262 0.203222 -0.504304 0.187352 -0.87068 -0.454769 0.485867 
1533288992561 0.157619 0.929449 -0.333587 -0.606967 -0.957313 0.226705 0.179325 -0.219992 0.242299 0.291082 0.925507 0.383405 0.31622 -0.384863 0.867113 0.400795 -0.930002 -0.306262 0.203222 -0.504304 0.187352 -0.87068 -0.454769 0.485867 
1533288992567 0.157483 0.929487 -0.333546 -0.606821 -0.957364 0.226535 0.179266 -0.219993 0.242185 0.291094 0.925533 0.383383 0.31622 -0.384863 0.867113 0.400795 -0.930002 -0.306262 0.203222 -0.504304 0.187352 -0.87068 -0.454769 0.485867 
1533288992765 0.157346 0.929525 -0.333506 -0.606675 -0.957415 0.226365 0.179207 -0.219994 0.242072 0.291106 0.925559 0.383361 0.31622 -0.384863 0.867113 0.400795 -0.930002 -0.306262 0.203222 -0.504304 0.187352 -0.87068 -0.454769 0.485867 
1533288992937 0.157209 0.929562 -0.333465 -0.606529 -0.957466 0.226195 0.179149 -0.219995 0.241958 0.291118 0.925584 0.383339 0.31622 -0.384863 0.867113 0.400795 -0.930002 -0.306262 0.203222 -0.504304 0.187352 -0.87068 -0.454769 0.485867 
1533288993114 0.157073 0.9296 -0.333425 -0.606383 -0.957517 0.226025 0.17909 -0.219995 0.241845 0.29113 0.92561 0.383317 0.31622 -0.384863 0.867113 0.400795 -0.930002 -0.306262 0.203222 -0.504304 0.187352 -0.87068 -0.454769 0.485867 
1533288993390 0.156936 0.929638 -0.333384 -0.606238 -0.957568 0.225855 0.179031 -0.219996 0.241731 0.291142 0.925636 0.383295 0.31622 -0.384863 0.867113 0.400795 -0.930002 -0.306262 0.203222 -0.504304 0.187352 -0.87068 -0.454769 0.485867 
1533288993397 0.1568 0.929675 -0.333344 -0.606093 -0.957619 0.225685 0.178972 -0.219997 0.241617 0.291154 0.925662 0.383273 0.31622 -0.384863 0.867113 0.400795 -0.930002 -0.306262 0.203222 -0.504304 0.187352 -0.87068 -0.454769 0.485867 
1533288993674 0.156663 0.929713 -0.333303 -0.605957 -0.95767 0.225515 0.178914 -0.219999 0.241504 0.291165 0.925688 0.38325 0.31622 -0.384863 0.867113 0.400795 -0.930002 -0.306262 0.203222 -0.504304 0.187352 -0.87068 -0.454769 0.485867 
1533288993902 0.156379 0.929766 -0.333287 -0.605966 -0.957712 0.225252 0.179022 -0.219888 0.241522 0.291197 0.925673 0.383241 0.31622 -0.384863 0.867113 0.400795 -0.930002 -0.306262 0.203222 -0.504304 0.187352 -0.87068 -0.454769 0.485867 
1533288993914 0.156179 0.929763 -0.33339 -0.605843 -0.957663 0.225183 0.17937 -0.219945 0.241845 0.291262 0.925569 0.38324 0.31622 -0.384863 0.867113 0.400795 -0.930002 -0.306262 0.203222 -0.504304 0.187352 -0.87068 -0.454769 0.485867 
1533288994243 0.155978 0.929759 -0.333494 -0.605719 -0.957615 0.225113 0.179717 -0.220002 0.242167 0.291327 0.925464 0.383239 0.31622 -0.384863 0.867113 0.400795 -0.930002 -0.306262 0.203222 -0.504304 0.187352 -0.87068 -0.454769 0.485867 
1533288994248 0.155777 0.929756 -0.333599 -0.605596 -0.957566 0.225044 0.180063 -0.220059 0.242489 0.291393 0.925359 0.383238 0.31622 -0.384863 0.867113 0.400795 -0.930002 -0.306262 0.203222 -0.504304 0.187352 -0.87068 -0.454769 0.485867 
1533288994437 0.155576 0.929752 -0.333702 -0.605472 -0.957517 0.224974 0.18041 -0.220117 0.242811 0.291458 0.925254 0.383237 0.31622 -0.384863 0.867113 0.400795 -0.930002 -0.306262 0.203222 -0.504304 0.187352 -0.87068 -0.454769 0.485867 
1533288994629 0.155375 0.929748 -0.333806 -0.605349 -0.957468 0.224904 0.180756 -0.220174 0.243132 0.291524 0.925149 0.383236 0.31622 -0.384863 0.867113 0.400795 -0.930002 -0.306262 0.203222 -0.504304 0.187352 -0.87068 -0.454769 0.485867 
1533288994776 0.155174 0.929745 -0.33391 -0.605225 -0.957419 0.224835 0.181103 -0.220231 0.243454 0.291589 0.925044 0.383236 0.31622 -0.384863 0.867113 0.400795 -0.930002 -0.306262 0.203222 -0.504304 0.187352 -0.87068 -0.454769 0.485867 
1533288995061 0.154973 0.929741 -0.334014 -0.605102 -0.95737 0.224765 0.18145 -0.220288 0.243776 0.291655 0.924938 0.383235 0.31622 -0.384863 0.867113 0.400795 -0.930002 -0.306262 0.203222 -0.504304 0.187352 -0.87068 -0.454769 0.485867 
1533288995248 0.154772 0.929737 -0.334117 -0.604979 -0.95732 0.224695 0.181796 -0.220345 0.244097 0.29172 0.924833 0.383234 0.31622 -0.384863 0.867113 0.400795 -0.930002 -0.306262 0.203222 -0.504304 0.187352 -0.87068 -0.454769 0.485867 
1533288995402 0.154571 0.929734 -0.33422 -0.604865 -0.957271 0.224626 0.182142 -0.220401 0.244418 0.291785 0.924728 0.383232 0.31622 -0.384863 0.867113 0.400795 -0.930002 -0.306262 0.203222 -0.504304 0.187352 -0.87068 -0.454769 0.485867 
1533288995599 0.154561 0.92974 -0.334208 -0.604891 -0.957245 0.224647 0.182253 -0.220343 0.244527 0.29175 0.92471 0.383251 0.31622 -0.384863 0.867113 0.400795 -0.930002 -0.306262 0.203222 -0.504304 0.187352 -0.87068 -0.454769 0.485867 
1533288995618 0.154481 0.929798 -0.334083 -0.604812 -0.957189 0.224629 0.182567 -0.220378 0.244795 0.291577 0.924694 0.383221 0.31622 -0.384863 0.867113 0.400795 -0.930002 -0.306262 0.203222 -0.504304 0.187352 -0.87068 -0.454769 0.485867 
1533288995804 0.1544 0.929856 -0.333957 -0.604732 -0.957134 0.224611 0.18288 -0.220412 0.245062 0.291405 0.924677 0.38319 0.31622 -0.384863 0.867113 0.400795 -0.930002 -0.306262 0.203222 -0.504304 0.187352 -0.87068 -0.454769 0.485867 
1533288995959 0.15432 0.929915 -0.333832 -0.604652 -0.957078 0.224593 0.183193 -0.220447 0.24533 0.291233 0.92466 0.38316 0.31622 -0.384863 0.867113 0.400795 -0.930002 -0.306262 0.203222 -0.504304 0.187352 -0.87068 -0.454769 0.485867 
1533288996204 0.15424 0.929973 -0.333707 -0.604573 -0.957022 0.224574 0.183506 -0.220482 0.245597 0.291061 0.924643 0.38313 0.31622 -0.384863 0.867113 0.400795 -0.930002 -0.306262 0.203222 -0.504304 0.187352 -0.87068 -0.454769 0.485867 
1533288996365 0.154159 0.930032 -0.333581 -0.604493 -0.956967 0.224555 0.183819 -0.220516 0.245865 0.290888 0.924627 0.3831 0.31622 -0.384863 0.867113 0.400795 -0.930002 -0.306262 0.203222 -0.504304 0.187352 -0.87068 -0.454769 0.485867 
1533288996544 0.154079 0.93009 -0.333455 -0.604414 -0.956911 0.224537 0.184132 -0.220551 0.246133 0.290716 0.92461 0.383069 0.31622 -0.384863 0.867113 0.400795 -0.930002 -0.306262 0.203222 -0.504304 0.187352 -0.87068 -0.454769 0.485867 
1533288996733 0.153999 0.930148 -0.33333 -0.604334 -0.956855 0.224518 0.184445 -0.220586 0.2464 0.290544 0.924592 0.383039 0.31622 -0.384863 0.867113 0.400795 -0.930002 -0.306262 0.203222 -0.504304 0.187352 -0.87068 -0.454769 0.485867 
1533288996909 0.153918 0.930207 -0.333204 -0.604255 -0.956799 0.2245 0.184758 -0.22062 0.246668 0.290372 0.924575 0.383009 0.31622 -0.384863 0.867113 0.400795 -0.930002 -0.306262 0.203222 -0.504304 0.187352 -0.87068 -0.454769 0.485867 
1533288997084 0.153839 0.930265 -0.333079 -0.604179 -0.956743 0.224481 0.18507 -0.220654 0.246934 0.2902 0.924558 0.38298 0.31622 -0.384863 0.867113 0.400795 -0.930002 -0.306262 0.203222 -0.504304 0.187352 -0.87068 -0.454769 0.485867 
1533288997241 0.153778 0.930231 -0.3332 -0.604211 -0.95677 0.224428 0.184995 -0.220604 0.246868 0.290348 0.924529 0.382943 0.31622 -0.384863 0.867113 0.400795 -0.930002 -0.306262 0.203222 -0.504304 0.187352 -0.87068 -0.454769 0.485867 
1533288997254 0.1537 0.93017 -0.333408 -0.604121 -0.956823 0.224349 0.184815 -0.220598 0.246709 0.290607 0.92449 0.382959 0.31622 -0.384863 0.867113 0.400795 -0.930002 -0.306262 0.203222 -0.504304 0.187352 -0.87068 -0.454769 0.485867 
1533288997556 0.153622 0.930108 -0.333616 -0.60403 -0.956877 0.224269 0.184635 -0.220591 0.24655 0.290865 0.924451 0.382975 0.31622 -0.384863 0.867113 0.400795 -0.930002 -0.306262 0.203222 -0.504304 0.187352 -0.87068 -0.454769 0.485867 
1533288997764 0.153544 0.930046 -0.333824 -0.60394 -0.95693 0.22419 0.184455 -0.220585 0.246392 0.291124 0.924412 0.382991 0.31622 -0.384863 0.867113 0.400795 -0.930002 -0.306262 0.203222 -0.504304 0.187352 -0.87068 -0.454769 0.485867 
1533288997965 0.153466 0.929984 -0.334032 -0.603849 -0.956984 0.22411 0.184275 -0.220578 0.246233 0.291383 0.924373 0.383007 0.31622 -0.384863 0.867113 0.400795 -0.930002 -0.306262 0.203222 -0.504304 0.187352 -0.87068 -0.454769 0.485867 
1533288998170 0.153389 0.929922 -0.33424 -0.603758 -0.957037 0.22403 0.184095 -0.220572 0.246074 0.291642 0.924334 0.383023 0.31622 -0.384863 0.867113 0.400795 -0.930002 -0.306262 0.203222 -0.504304 0.187352 -0.87068 -0.454769 0.485867 
1533288998389 0.153311 0.92986 -0.334448 -0.603668 -0.95709 0.22395 0.183915 -0.220565 0.245915 0.291901 0.924294 0.383039 0.31622 -0.384863 0.867113 0.400795 -0.930002 -0.306262 0.203222 -0.504304 0.187352 -0.87068 -0.454769 0.485867 
1533288998595 0.153234 0.929798 -0.334657 -0.603577 -0.957143 0.223871 0.183734 -0.220559 0.245756 0.29216 0.924255 0.383055 0.31622 -0.384863 0.867113 0.400795 -0.930002 -0.306262 0.203222 -0.504304 0.187352 -0.87068 -0.454769 0.485867 
1533288998828 0.153156 0.929736 -0.334865 -0.603487 -0.957197 0.223791 0.183554 -0.220552 0.245597 0.292419 0.924215 0.383071 0.31622 -0.384863 0.867113 0.400795 -0.930002 -0.306262 0.203222 -0.504304 0.187352 -0.87068 -0.454769 0.485867 
1533288999032 0.153079 0.929674 -0.335071 -0.603406 -0.95725 0.223711 0.183375 -0.220548 0.245438 0.292676 0.924176 0.383084 0.31622 -0.384863 0.867113 0.400795 -0.930002 -0.306262 0.203222 -0.504304 0.187352 -0.87068 -0.454769 0.485867 
1533288999197 0.153061 0.929712 -0.334974 -0.603412 -0.957215 0.22372 0.183547 -0.220526 0.245586 0.292548 0.924177 0.3831 0.31622 -0.384863 0.867113 0.400795 -0.930002 -0.306262 0.203222 -0.504304 0.187352 -0.87068 -0.454769 0.485867 
1533288999210 0.153103 0.92974 -0.334879 -0.603361 -0.957183 0.22377 0.18365 -0.220535 0.245683 0.292423 0.924191 0.38308 0.31622 -0.384863 0.867113 0.400795 -0.930002 -0.306262 0.203222 -0.504304 0.187352 -0.87068 -0.454769 0.485867 
1533288999390 0.153146 0.929767 -0.334784 -0.603311 -0.957151 0.223821 0.183753 -0.220543 0.245779 0.292298 0.924205 0.38306 0.31622 -0.384863 0.867113 0.400795 -0.930002 -0.306262 0.203222 -0.504304 0.187352 -0.87068 -0.454769 0.485867 
1533288999610 0.153189 0.929794 -0.334689 -0.60326 -0.95712 0.223872 0.183856 -0.220552 0.245875 0.292173 0.924219 0.38304 0.31622 -0.384863 0.867113 0.400795 -0.930002 -0.306262 0.203222 -0.504304 0.187352 -0.87068 -0.454769 0.485867 
1533288999758 0.153232 0.929821 -0.334595 -0.60321 -0.957088 0.223923 0.183959 -0.220561 0.245972 0.292048 0.924232 0.38302 0.31622 -0.384863 0.867113 0.400795 -0.930002 -0.306262 0.203222 -0.504304 0.187352 -0.87068 -0.454769 0.485867 
1533288999764 0.153275 0.929848 -0.3345 -0.603159 -0.957056 0.223974 0.184061 -0.22057 0.246068 0.291923 0.924246 0.382999 0.31622 -0.384863 0.867113 0.400795 -0.930002 -0.306262 0.203222 -0.504304 0.187352 -0.87068 -0.454769 0.485867 
1533288999917 0.153318 0.929875 -0.334405 -0.603108 -0.957025 0.224025 0.184164 -0.220578 0.246165 0.291798 0.92426 0.382979 0.31622 -0.384863 0.867113 0.400795 -0.930002 -0.306262 0.203222 -0.504304 0.187352 -0.87068 -0.454769 0.485867 
1533289000062 0.153361 0.929901 -0.33431 -0.603057 -0.956993 0.224076 0.184267 -0.220587 0.246261 0.291673 0.924274 0.382959 0.31622 -0.384863 0.867113 0.400795 -0.930002 -0.306262 0.203222 -0.504304 0.187352 -0.87068 -0.454769 0.485867 
1533289000069 0.153405 0.929928 -0.334216 -0.603007 -0.956961 0.224126 0.18437 -0.220596 0.246357 0.291548 0.924288 0.382939 0.31622 -0.384863 0.867113 0.400795 -0.930002 -0.306262 0.203222 -0.504304 0.187352 -0.87068 -0.454769 0.485867 
1533289000313 0.153448 0.929955 -0.334121 -0.602958 -0.95693 0.224177 0.184472 -0.220604 0.246453 0.291424 0.924301 0.38292 0.31622 -0.384863 0.867113 0.400795 -0.930002 -0.306262 0.203222 -0.504304 0.187352 -0.87068 -0.454769 0.485867 
1533289000443 0.153553 0.929924 -0.33416 -0.602976 -0.956922 0.224272 0.184396 -0.220662 0.246417 0.291451 0.924303 0.382951 0.31622 -0.384863 0.867113 0.400795 -0.930002 -0.306262 0.203222 -0.504304 0.187352 -0.87068 -0.454769 0.485867 
1533289000459 0.15345 0.929976 -0.334062 -0.602917 -0.956935 0.224161 0.184463 -0.220676 0.24643 0.29137 0.924325 0.382934 0.31622 -0.384863 0.867113 0.400795 -0.930002 -0.306262 0.203222 -0.504304 0.187352 -0.87068 -0.454769 0.485867 
1533289000770 0.153347 0.930029 -0.333963 -0.602858 -0.956949 0.224049 0.184531 -0.220691 0.246443 0.291288 0.924347 0.382918 0.31622 -0.384863 0.867113 0.400795 -0.930002 -0.306262 0.203222 -0.504304 0.187352 -0.87068 -0.454769 0.485867 
1533289000931 0.153244 0.930081 -0.333864 -0.602799 -0.956962 0.223937 0.184599 -0.220705 0.246456 0.291206 0.924369 0.382901 0.31622 -0.384863 0.867113 0.400795 -0.930002 -0.306262 0.203222 -0.504304 0.187352 -0.87068 -0.454769 0.485867 
1533289001035 0.153142 0.930134 -0.333765 -0.60274 -0.956975 0.223826 0.184666 -0.22072 0.24647 0.291125 0.924391 0.382885 0.31622 -0.384863 0.867113 0.400795 -0.930002 -0.306262 0.203222 -0.504304 0.187352 -0.87068 -0.454769 0.485867 
1533289001156 0.153039 0.930186 -0.333666 -0.602681 -0.956988 0.223714 0.184734 -0.220734 0.246483 0.291043 0.924413 0.382868 0.31622 -0.384863 0.867113 0.400795 -0.930002 -0.306262 0.203222 -0.504304 0.187352 -0.87068 -0.454769 0.485867 
1533289001285 0.152936 0.930238 -0.333567 -0.602622 -0.957001 0.223602 0.184802 -0.220748 0.246496 0.290961 0.924436 0.382852 0.31622 -0.384863 0.867113 0.400795 -0.930002 -0.306262 0.203222 -0.504304 0.187352 -0.87068 -0.454769 0.485867 
1533289001425 0.152833 0.930291 -0.333468 -0.602563 -0.957014 0.223491 0.18487 -0.220763 0.246509 0.29088 0.924458 0.382835 0.31622 -0.384863 0.867113 0.400795 -0.930002 -0.306262 0.203222 -0.504304 0.187352 -0.87068 -0.454769 0.485867 
