1535171166104 0.231514 0.922353 -0.3093 -0.602203 -0.937062 0.296852 0.183831 -0.232937 0.261374 0.247274 0.933027 0.389927 0.137042 -0.0582891 0.988849 0.37992 -0.990158 -0.0366975 0.13506 -0.489665 0.0284157 -0.997625 -0.0627445 0.43447 
1535171166116 0.231342 0.922292 -0.30961 -0.602212 -0.937027 0.296825 0.184054 -0.233002 0.261652 0.247533 0.93288 0.389914 0.13792 -0.0572906 0.988785 0.379979 -0.990218 -0.0292855 0.136423 -0.49001 0.0211413 -0.997928 -0.0607693 0.433927 
1535171166123 0.23117 0.922232 -0.309918 -0.602222 -0.936992 0.296797 0.184277 -0.233066 0.261929 0.247791 0.932734 0.3899 0.138805 -0.0562979 0.988718 0.38004 -0.990223 -0.0218698 0.137771 -0.49036 0.0138669 -0.998174 -0.0587831 0.433384 
1535171166136 0.230998 0.922171 -0.310227 -0.602232 -0.936957 0.29677 0.1845 -0.233131 0.262207 0.24805 0.932587 0.389887 0.139697 -0.0553117 0.988648 0.3801 -0.990172 -0.0144516 0.139104 -0.490709 0.00659342 -0.998365 -0.056787 0.432841 
1535171166154 0.230827 0.92211 -0.310536 -0.602241 -0.936921 0.296743 0.184723 -0.233196 0.262484 0.248309 0.93244 0.389873 0.140596 -0.0543322 0.988575 0.38016 -0.990067 -0.00703114 0.140422 -0.491057 -0.000678601 -0.998498 -0.054781 0.432298 
1535171166160 0.230654 0.922049 -0.310844 -0.602251 -0.936886 0.296715 0.184946 -0.23326 0.262761 0.248567 0.932293 0.38986 0.141502 -0.0533592 0.988499 0.380221 -0.989906 0.000390857 0.141725 -0.491407 -0.00794869 -0.998575 -0.0527653 0.431755 
1535171166242 0.230483 0.921988 -0.311153 -0.602261 -0.93685 0.296689 0.185168 -0.233325 0.263038 0.248826 0.932146 0.389847 0.142415 -0.052393 0.988419 0.380281 -0.98969 0.00781417 0.143012 -0.491755 -0.0152165 -0.998596 -0.05074 0.431212 
1535171166264 0.23031 0.921927 -0.311461 -0.602271 -0.936815 0.296661 0.185391 -0.23339 0.263315 0.249084 0.931999 0.389833 0.143335 -0.0514335 0.988337 0.380342 -0.989419 0.0152382 0.144285 -0.492106 -0.0224816 -0.99856 -0.0487051 0.43067 
1535171166276 0.230138 0.921866 -0.31177 -0.60228 -0.936779 0.296635 0.185614 -0.233454 0.263593 0.249343 0.931852 0.38982 0.144262 -0.0504809 0.988251 0.380403 -0.989092 0.0226628 0.145542 -0.492454 -0.0297436 -0.998468 -0.0466609 0.430127 
1535171166292 0.229966 0.921804 -0.312078 -0.60229 -0.936744 0.296608 0.185836 -0.233519 0.26387 0.249601 0.931704 0.389806 0.145195 -0.0495352 0.988162 0.380463 -0.988711 0.0300872 0.146784 -0.492803 -0.037002 -0.998319 -0.0446075 0.429584 
1535171166409 0.230564 0.922063 -0.310869 -0.602247 -0.936909 0.296634 0.184958 -0.23326 0.262757 0.248611 0.932283 0.389935 0.138351 -0.0563853 0.988777 0.379975 -0.990246 -0.024509 0.137159 -0.49021 0.0165002 -0.998108 -0.0592262 0.433718 
1535171166421 0.230471 0.922187 -0.310572 -0.60226 -0.93709 0.296337 0.184516 -0.233237 0.262192 0.248508 0.932469 0.389923 0.138865 -0.0564499 0.988701 0.37991 -0.990116 -0.0277478 0.137479 -0.490215 0.0196736 -0.99802 -0.0597451 0.433891 
1535171166532 0.230377 0.922311 -0.310274 -0.602275 -0.937272 0.296038 0.184074 -0.233214 0.261626 0.248405 0.932656 0.38991 0.13938 -0.0565131 0.988625 0.379846 -0.989975 -0.0309872 0.137799 -0.490225 0.0228472 -0.997921 -0.0602655 0.434064 
1535171166546 0.230282 0.922434 -0.309976 -0.60229 -0.937453 0.295739 0.183631 -0.233192 0.26106 0.248301 0.932842 0.389898 0.139895 -0.0565746 0.988549 0.379783 -0.989824 -0.0342261 0.138117 -0.490234 0.0260203 -0.997812 -0.060787 0.434237 
1535171166563 0.230188 0.922558 -0.309678 -0.602305 -0.937634 0.295441 0.183189 -0.233169 0.260494 0.248197 0.933028 0.389885 0.140411 -0.0566345 0.988472 0.379719 -0.989663 -0.0374648 0.138433 -0.490244 0.0291928 -0.997692 -0.0613095 0.434409 
1535171166570 0.230093 0.922682 -0.30938 -0.602319 -0.937814 0.295142 0.182746 -0.233146 0.259927 0.248092 0.933214 0.389873 0.140926 -0.0566928 0.988396 0.379655 -0.989491 -0.040703 0.138747 -0.490252 0.0323647 -0.997562 -0.0618331 0.434582 
1535171166614 0.229998 0.922805 -0.309082 -0.602334 -0.937994 0.294843 0.182303 -0.233124 0.259361 0.247988 0.933399 0.38986 0.141442 -0.0567492 0.988319 0.379592 -0.989309 -0.043941 0.13906 -0.490263 0.0355361 -0.997421 -0.0623576 0.434755 
1535171166620 0.229902 0.922929 -0.308784 -0.602349 -0.938174 0.294545 0.18186 -0.233101 0.258795 0.247883 0.933584 0.389848 0.141957 -0.0568041 0.988242 0.379528 -0.989116 -0.0471784 0.139371 -0.490271 0.0387068 -0.99727 -0.0628831 0.434928 
1535171166627 0.229807 0.923052 -0.308486 -0.602363 -0.938353 0.294246 0.181417 -0.233078 0.258228 0.247778 0.933769 0.389835 0.142473 -0.0568573 0.988164 0.379465 -0.988912 -0.0504153 0.13968 -0.49028 0.0418768 -0.997109 -0.0634097 0.435101 
1535171166713 0.229711 0.923175 -0.308189 -0.602378 -0.938533 0.293948 0.180974 -0.233056 0.257662 0.247673 0.933953 0.389823 0.14299 -0.0569087 0.988087 0.379401 -0.988699 -0.0536518 0.139988 -0.490291 0.0450461 -0.996937 -0.0639372 0.435274 
1535171167046 0.230066 0.922737 -0.309235 -0.602283 -0.937923 0.29499 0.182432 -0.233183 0.259558 0.248068 0.933323 0.389873 0.142167 -0.0568285 0.98821 0.379541 -0.98904 -0.048349 0.139506 -0.490241 0.0398511 -0.997213 -0.0630792 0.434918 
1535171167138 0.230022 0.922796 -0.309092 -0.602282 -0.938097 0.294765 0.181903 -0.233145 0.258968 0.248116 0.933474 0.389898 0.143005 -0.0567123 0.988096 0.379649 -0.988776 -0.0518304 0.140128 -0.490258 0.0432664 -0.997044 -0.0634877 0.435069 
1535171167158 0.229979 0.922855 -0.308947 -0.60228 -0.93827 0.294539 0.181373 -0.233108 0.258378 0.248164 0.933625 0.389924 0.143844 -0.0565921 0.987981 0.379757 -0.988499 -0.0553116 0.140751 -0.490278 0.0466814 -0.996864 -0.0638975 0.435219 
1535171167175 0.229935 0.922914 -0.308803 -0.602278 -0.938443 0.294313 0.180843 -0.23307 0.257788 0.248211 0.933775 0.389949 0.144683 -0.0564689 0.987865 0.379866 -0.988209 -0.0587921 0.141373 -0.490299 0.0500956 -0.996672 -0.0643094 0.43537 
1535171167192 0.229892 0.922973 -0.308658 -0.602277 -0.938616 0.294088 0.180313 -0.233032 0.257197 0.248259 0.933926 0.389975 0.145522 -0.0563428 0.987749 0.379975 -0.987907 -0.0622719 0.141993 -0.490321 0.0535088 -0.996468 -0.0647233 0.435521 
1535171167198 0.229848 0.923032 -0.308515 -0.602275 -0.938788 0.293863 0.179783 -0.232995 0.256607 0.248307 0.934075 0.39 0.14636 -0.0562136 0.987633 0.380084 -0.987592 -0.0657509 0.142612 -0.490343 0.056921 -0.996251 -0.0651395 0.435671 
1535171167292 0.229804 0.923092 -0.30837 -0.602273 -0.93896 0.293637 0.179253 -0.232957 0.256016 0.248354 0.934225 0.390025 0.147198 -0.0560816 0.987516 0.380192 -0.987265 -0.0692289 0.143229 -0.490364 0.0603321 -0.996023 -0.0655578 0.435822 
1535171167309 0.22976 0.923151 -0.308226 -0.602271 -0.939132 0.293411 0.178723 -0.232919 0.255425 0.248401 0.934374 0.390051 0.148035 -0.0559467 0.987398 0.380301 -0.986926 -0.072706 0.143844 -0.490384 0.0637422 -0.995783 -0.0659782 0.435973 
1535171167326 0.229717 0.92321 -0.308082 -0.60227 -0.939303 0.293185 0.178193 -0.232882 0.254834 0.248448 0.934523 0.390076 0.148871 -0.0558087 0.98728 0.38041 -0.986574 -0.0761822 0.144459 -0.490407 0.0671511 -0.995531 -0.0664008 0.436123 
1535171167345 0.229672 0.923269 -0.307937 -0.602268 -0.939474 0.292959 0.177662 -0.232844 0.254243 0.248495 0.934671 0.390102 0.149707 -0.0556678 0.987162 0.380519 -0.98621 -0.0796573 0.145071 -0.490427 0.0705589 -0.995267 -0.0668254 0.436274 
1535171167576 0.229808 0.923092 -0.308366 -0.602279 -0.938978 0.29362 0.179183 -0.232962 0.255945 0.248371 0.93424 0.389971 0.145687 -0.0562603 0.98773 0.379911 -0.987773 -0.0642848 0.142031 -0.490384 0.0555052 -0.996344 -0.0649378 0.43567 
1535171167588 0.22983 0.923172 -0.30811 -0.602283 -0.939057 0.293511 0.178953 -0.232966 0.255638 0.248204 0.934368 0.389962 0.147096 -0.0578443 0.987429 0.380201 -0.987298 -0.0691937 0.143023 -0.490361 0.0600509 -0.995925 -0.0672877 0.436094 
1535171167595 0.229851 0.923252 -0.307853 -0.602287 -0.939135 0.2934 0.178724 -0.23297 0.255331 0.248036 0.934497 0.389954 0.148515 -0.0594212 0.987123 0.380492 -0.986799 -0.0741029 0.144005 -0.490343 0.0645917 -0.995479 -0.0696421 0.436518 
1535171167601 0.229872 0.923333 -0.307596 -0.602291 -0.939213 0.293289 0.178495 -0.232974 0.255025 0.247868 0.934625 0.389945 0.14994 -0.0609907 0.986812 0.380784 -0.986275 -0.0790119 0.144975 -0.490325 0.0691277 -0.995006 -0.0720007 0.436943 
1535171167608 0.229894 0.923412 -0.30734 -0.602295 -0.939291 0.293179 0.178265 -0.232978 0.254718 0.2477 0.934753 0.389937 0.151373 -0.0625529 0.986496 0.381075 -0.985729 -0.0839206 0.145934 -0.490307 0.0736587 -0.994507 -0.0743635 0.437367 
1535171167630 0.229915 0.923493 -0.307084 -0.602299 -0.939369 0.293069 0.178035 -0.232982 0.254411 0.247532 0.934881 0.389928 0.152812 -0.0641078 0.986174 0.381366 -0.985158 -0.0888289 0.14688 -0.490288 0.0781846 -0.993982 -0.0767304 0.437791 
1535171167645 0.229936 0.923573 -0.306827 -0.602303 -0.939447 0.292958 0.177806 -0.232986 0.254104 0.247363 0.935009 0.38992 0.154258 -0.0656551 0.985847 0.381658 -0.984563 -0.0937367 0.147815 -0.490271 0.0827052 -0.99343 -0.0791013 0.438215 
1535171167739 0.229957 0.923653 -0.30657 -0.602307 -0.939525 0.292848 0.177576 -0.23299 0.253797 0.247196 0.935137 0.389911 0.155711 -0.0671951 0.985515 0.381949 -0.983944 -0.0986438 0.148737 -0.490252 0.0872205 -0.992852 -0.0814761 0.43864 
1535171167758 0.229978 0.923733 -0.306314 -0.602311 -0.939602 0.292738 0.177347 -0.232994 0.253491 0.247027 0.935265 0.389902 0.157171 -0.0687274 0.985177 0.382241 -0.983302 -0.10355 0.149648 -0.490235 0.0917303 -0.992247 -0.0838549 0.439064 
1535171167772 0.229998 0.923813 -0.306057 -0.602315 -0.93968 0.292627 0.177117 -0.232998 0.253184 0.246859 0.935392 0.389894 0.158637 -0.0702523 0.984834 0.382532 -0.982636 -0.108455 0.150546 -0.490217 0.0962343 -0.991616 -0.0862374 0.439488 
1535171167842 0.229969 0.923468 -0.307118 -0.602282 -0.939346 0.293136 0.178048 -0.232993 0.254449 0.247545 0.934868 0.389987 0.147822 -0.0585395 0.98728 0.380278 -0.987042 -0.0717332 0.143533 -0.490338 0.0624184 -0.995705 -0.0683847 0.436347 
1535171167853 0.230043 0.923534 -0.306863 -0.6023 -0.939402 0.293085 0.177835 -0.232982 0.254173 0.247358 0.934992 0.389951 0.149531 -0.0629392 0.986752 0.380834 -0.986579 -0.0756972 0.144676 -0.490245 0.0655885 -0.995143 -0.0734135 0.437185 
1535171167859 0.230117 0.923601 -0.306606 -0.602319 -0.939459 0.293032 0.177622 -0.232971 0.253897 0.24717 0.935117 0.389914 0.151255 -0.0673294 0.986199 0.381392 -0.986101 -0.0796659 0.145801 -0.490158 0.0687497 -0.994545 -0.0784435 0.438024 
1535171167876 0.23019 0.923668 -0.306349 -0.602338 -0.939515 0.29298 0.177409 -0.23296 0.253621 0.246982 0.935241 0.389878 0.152993 -0.0717112 0.985622 0.38195 -0.985608 -0.0836385 0.146906 -0.49007 0.0719011 -0.993913 -0.0834752 0.438862 
1535171167893 0.230264 0.923735 -0.306092 -0.602357 -0.939572 0.292928 0.177196 -0.232949 0.253345 0.246794 0.935366 0.389841 0.154745 -0.0760842 0.98502 0.382508 -0.9851 -0.0876149 0.14799 -0.489982 0.0750427 -0.993245 -0.0885086 0.439701 
1535171167898 0.230338 0.923801 -0.305836 -0.602375 -0.939628 0.292876 0.176983 -0.232938 0.253069 0.246606 0.93549 0.389805 0.156509 -0.0804485 0.984395 0.383066 -0.984578 -0.0915948 0.149053 -0.489893 0.0781743 -0.992541 -0.0935433 0.440539 
1535171167914 0.230411 0.923868 -0.305579 -0.602394 -0.939684 0.292824 0.17677 -0.232927 0.252793 0.246418 0.935614 0.389768 0.158288 -0.0848038 0.983744 0.383624 -0.984041 -0.0955783 0.150096 -0.489806 0.0812959 -0.991803 -0.0985792 0.441378 
1535171167930 0.230484 0.923935 -0.305322 -0.602413 -0.93974 0.292772 0.176557 -0.232916 0.252517 0.24623 0.935738 0.389732 0.160079 -0.0891499 0.98307 0.384182 -0.983489 -0.0995651 0.151118 -0.489718 0.0844073 -0.991029 -0.103616 0.442216 
1535171168051 0.230557 0.924002 -0.305065 -0.602432 -0.939797 0.29272 0.176344 -0.232905 0.252241 0.246041 0.935862 0.389695 0.161885 -0.0934866 0.982371 0.38474 -0.982922 -0.103555 0.152121 -0.489631 0.0875083 -0.99022 -0.108654 0.443055 
1535171168070 0.230631 0.924068 -0.304808 -0.602451 -0.939853 0.292668 0.176131 -0.232895 0.251965 0.245854 0.935986 0.389659 0.163702 -0.0978139 0.981649 0.385297 -0.982341 -0.107548 0.153102 -0.489542 0.0905989 -0.989376 -0.113692 0.443893 
1535171168212 0.230647 0.923802 -0.305601 -0.602378 -0.939585 0.293092 0.176855 -0.233019 0.252949 0.246347 0.935591 0.389881 0.150748 -0.0659991 0.986367 0.381185 -0.986175 -0.0794799 0.145401 -0.490139 0.0688 -0.994649 -0.0770681 0.438046 
1535171168224 0.230651 0.923826 -0.305526 -0.602387 -0.939583 0.293083 0.176881 -0.233015 0.252952 0.246269 0.93561 0.38986 0.152589 -0.0704109 0.985778 0.381926 -0.985666 -0.0834746 0.14661 -0.489976 0.0719645 -0.994019 -0.082139 0.438876 
1535171168231 0.230655 0.92385 -0.30545 -0.602395 -0.939581 0.293072 0.176907 -0.233011 0.252954 0.24619 0.935631 0.38984 0.154445 -0.0748132 0.985165 0.382667 -0.985141 -0.0874746 0.147799 -0.489814 0.0751196 -0.993354 -0.0872116 0.439705 
1535171168251 0.230659 0.923874 -0.305374 -0.602404 -0.939579 0.293063 0.176932 -0.233007 0.252956 0.246112 0.935651 0.389819 0.156315 -0.0792062 0.984526 0.383409 -0.984602 -0.0914787 0.148967 -0.489655 0.078264 -0.992652 -0.092286 0.440535 
1535171168258 0.230664 0.923898 -0.305298 -0.602413 -0.939577 0.293054 0.176957 -0.233004 0.252959 0.246033 0.935671 0.389799 0.158198 -0.0835896 0.983863 0.384151 -0.984047 -0.0954867 0.150115 -0.489495 0.0813978 -0.991915 -0.0973619 0.441365 
1535171168271 0.230669 0.923922 -0.305222 -0.602422 -0.939576 0.293044 0.176982 -0.233 0.252961 0.245955 0.935691 0.389778 0.160095 -0.0879634 0.983174 0.384894 -0.983476 -0.0994986 0.151242 -0.489336 0.0845207 -0.991142 -0.102439 0.442195 
1535171168288 0.230673 0.923946 -0.305145 -0.60243 -0.939574 0.293034 0.177008 -0.232996 0.252963 0.245875 0.935711 0.389758 0.162005 -0.0923275 0.982461 0.385635 -0.982891 -0.103514 0.152348 -0.489175 0.0876327 -0.990334 -0.107518 0.443025 
1535171168306 0.230678 0.92397 -0.305069 -0.602439 -0.939572 0.293024 0.177033 -0.232992 0.252966 0.245797 0.935731 0.389737 0.163929 -0.0966815 0.981723 0.386378 -0.982291 -0.107533 0.153433 -0.489017 0.0907336 -0.989489 -0.112597 0.443855 
1535171168321 0.230683 0.923994 -0.304993 -0.602448 -0.939571 0.293015 0.177058 -0.232988 0.252968 0.245718 0.935751 0.389716 0.165865 -0.101026 0.98096 0.387119 -0.981675 -0.111556 0.154497 -0.488856 0.0938234 -0.98861 -0.117677 0.444685 
1535171168338 0.230687 0.924018 -0.304916 -0.602457 -0.939569 0.293005 0.177083 -0.232985 0.25297 0.245639 0.935771 0.389696 0.167814 -0.105359 0.980172 0.387861 -0.981045 -0.115581 0.15554 -0.488696 0.0969018 -0.987695 -0.122758 0.445515 
1535171168585 0.230684 0.923956 -0.305107 -0.602455 -0.939681 0.292931 0.176612 -0.232913 0.252557 0.245962 0.935798 0.389779 0.154 -0.0736013 0.985326 0.382466 -0.985242 -0.0868383 0.147501 -0.4898 0.0747078 -0.9935 -0.0858882 0.439659 
1535171168598 0.230594 0.923984 -0.305089 -0.602453 -0.939664 0.29288 0.176787 -0.232919 0.252702 0.245915 0.935771 0.389758 0.156626 -0.0786663 0.98452 0.383424 -0.984382 -0.0935595 0.149128 -0.489602 0.0803798 -0.992501 -0.0920915 0.440617 
1535171168616 0.230503 0.924013 -0.30507 -0.602452 -0.939647 0.292828 0.176961 -0.232924 0.252847 0.245868 0.935744 0.389737 0.159281 -0.0837099 0.983678 0.384382 -0.983478 -0.100285 0.150714 -0.489406 0.0860324 -0.991431 -0.0983004 0.441576 
1535171168631 0.230413 0.924042 -0.305052 -0.602451 -0.93963 0.292777 0.177135 -0.23293 0.252992 0.245822 0.935717 0.389715 0.161963 -0.0887325 0.982799 0.385341 -0.98253 -0.107016 0.152257 -0.489212 0.0916647 -0.99029 -0.104515 0.442535 
1535171168648 0.230322 0.92407 -0.305033 -0.602449 -0.939613 0.292726 0.177309 -0.232936 0.253137 0.245775 0.93569 0.389694 0.164674 -0.0937337 0.981884 0.3863 -0.98154 -0.113749 0.153757 -0.489018 0.0972763 -0.989078 -0.110735 0.443493 
1535171168654 0.230232 0.924099 -0.305015 -0.602448 -0.939596 0.292674 0.177484 -0.232941 0.253282 0.245729 0.935663 0.389673 0.167412 -0.098713 0.980933 0.38726 -0.980506 -0.120486 0.155214 -0.488825 0.102867 -0.987795 -0.116959 0.444452 
1535171168668 0.230141 0.924128 -0.304997 -0.602446 -0.939579 0.292623 0.177658 -0.232947 0.253427 0.245682 0.935636 0.389652 0.170177 -0.10367 0.979945 0.388218 -0.979429 -0.127225 0.156628 -0.48863 0.108436 -0.986441 -0.123188 0.445411 
1535171168685 0.230051 0.924156 -0.304979 -0.602445 -0.939562 0.292572 0.177831 -0.232953 0.253572 0.245636 0.935609 0.389631 0.172969 -0.108605 0.978921 0.389178 -0.97831 -0.133966 0.157999 -0.488437 0.113983 -0.985017 -0.129421 0.446369 
1535171168702 0.229961 0.924185 -0.30496 -0.602444 -0.939545 0.292521 0.178006 -0.232958 0.253717 0.245589 0.935582 0.389609 0.175788 -0.113517 0.977861 0.390136 -0.977147 -0.140709 0.159325 -0.488242 0.119507 -0.983522 -0.135658 0.447328 
1535171168718 0.229871 0.924213 -0.304942 -0.602442 -0.939528 0.29247 0.17818 -0.232964 0.253862 0.245543 0.935555 0.389588 0.178633 -0.118405 0.976765 0.391095 -0.975942 -0.147452 0.160608 -0.488047 0.125009 -0.981956 -0.141897 0.448287 
1535171168856 0.230277 0.924017 -0.30523 -0.60247 -0.939695 0.292652 0.176999 -0.232935 0.252876 0.246064 0.935685 0.389667 0.156151 -0.0777237 0.98467 0.38326 -0.984552 -0.092198 0.148855 -0.489551 0.0792151 -0.992703 -0.0909198 0.440496 
1535171168880 0.230271 0.924043 -0.305157 -0.602474 -0.939747 0.292583 0.176836 -0.232925 0.252688 0.24605 0.93574 0.389652 0.158919 -0.0839897 0.983713 0.384492 -0.983584 -0.0997379 0.150383 -0.489238 0.0854828 -0.991463 -0.0984612 0.441669 
1535171168940 0.230266 0.924068 -0.305082 -0.602477 -0.939799 0.292515 0.176674 -0.232915 0.2525 0.246034 0.935794 0.389638 0.161727 -0.0902301 0.982702 0.385725 -0.982564 -0.107282 0.151853 -0.488928 0.0917244 -0.990126 -0.106007 0.442843 
1535171168963 0.230261 0.924094 -0.305007 -0.602481 -0.93985 0.292446 0.176512 -0.232905 0.252312 0.246018 0.935849 0.389623 0.164573 -0.0964442 0.981639 0.386958 -0.981491 -0.11483 0.153266 -0.488619 0.0979398 -0.988692 -0.113557 0.444017 
1535171168979 0.230256 0.92412 -0.304934 -0.602485 -0.939902 0.292378 0.176349 -0.232895 0.252124 0.246002 0.935904 0.389609 0.167457 -0.102632 0.980523 0.388191 -0.980365 -0.122381 0.15462 -0.488311 0.104128 -0.987162 -0.12111 0.445191 
1535171168996 0.23025 0.924146 -0.304858 -0.602488 -0.939954 0.292309 0.176187 -0.232885 0.251936 0.245986 0.935959 0.389594 0.170379 -0.108791 0.979355 0.389425 -0.979187 -0.129934 0.155916 -0.488002 0.110289 -0.985536 -0.128665 0.446365 
1535171169003 0.230245 0.924172 -0.304784 -0.602492 -0.940005 0.292241 0.176025 -0.232875 0.251748 0.24597 0.936014 0.389579 0.173338 -0.114923 0.978134 0.390658 -0.977957 -0.137489 0.157153 -0.487692 0.116422 -0.983814 -0.136222 0.447538 
1535171169016 0.230239 0.924198 -0.304709 -0.602496 -0.940057 0.292172 0.175863 -0.232865 0.25156 0.245954 0.936069 0.389565 0.176335 -0.121026 0.976862 0.391892 -0.976675 -0.145045 0.158331 -0.487385 0.122526 -0.981995 -0.14378 0.448712 
1535171169033 0.230234 0.924224 -0.304635 -0.6025 -0.940109 0.292104 0.175701 -0.232855 0.251372 0.245938 0.936123 0.38955 0.179368 -0.1271 0.975537 0.393125 -0.97534 -0.1526 0.15945 -0.487075 0.128601 -0.980081 -0.151338 0.449886 
1535171169050 0.230228 0.92425 -0.30456 -0.602503 -0.94016 0.292035 0.175539 -0.232845 0.251184 0.245922 0.936178 0.389536 0.182438 -0.133144 0.974161 0.394358 -0.973954 -0.160155 0.16051 -0.486767 0.134646 -0.978071 -0.158895 0.45106 
1535171169197 0.230314 0.923998 -0.30526 -0.602481 -0.939748 0.292633 0.17675 -0.232936 0.252646 0.246159 0.935722 0.389641 0.158557 -0.0829265 0.983861 0.384278 -0.983719 -0.0986515 0.150219 -0.489205 0.0846022 -0.991661 -0.0972182 0.441613 
1535171169210 0.230235 0.923945 -0.30548 -0.602471 -0.939765 0.292601 0.176708 -0.23294 0.252653 0.246395 0.935658 0.389669 0.162104 -0.0904495 0.98262 0.385742 -0.982608 -0.106203 0.152326 -0.488872 0.0905798 -0.990222 -0.106092 0.442938 
1535171169296 0.230156 0.923891 -0.305701 -0.60246 -0.939783 0.292571 0.176667 -0.232944 0.25266 0.246632 0.935594 0.389697 0.165696 -0.0979392 0.981301 0.387208 -0.981442 -0.113766 0.154366 -0.488544 0.09652 -0.988668 -0.114972 0.444264 
1535171169331 0.230077 0.923838 -0.305922 -0.602449 -0.9398 0.29254 0.176625 -0.232948 0.252667 0.246868 0.935529 0.389726 0.169332 -0.105394 0.979907 0.388674 -0.980222 -0.121338 0.156336 -0.488215 0.102423 -0.987 -0.123856 0.44559 
1535171169348 0.229998 0.923784 -0.306143 -0.602438 -0.939817 0.29251 0.176583 -0.232951 0.252674 0.247105 0.935465 0.389754 0.173011 -0.112814 0.978438 0.39014 -0.978949 -0.128919 0.158237 -0.487887 0.108288 -0.985217 -0.132743 0.446916 
1535171169366 0.22992 0.92373 -0.306364 -0.602428 -0.939835 0.29248 0.176541 -0.232955 0.252682 0.247341 0.935401 0.389782 0.176732 -0.120197 0.976892 0.391607 -0.977621 -0.136508 0.160068 -0.487559 0.114114 -0.98332 -0.141632 0.448242 
1535171169381 0.22984 0.923677 -0.306584 -0.602417 -0.939852 0.292449 0.1765 -0.232959 0.252689 0.247577 0.935336 0.38981 0.180495 -0.127542 0.975272 0.393072 -0.97624 -0.144104 0.161829 -0.48723 0.119901 -0.981309 -0.150522 0.449568 
1535171169400 0.229762 0.923623 -0.306806 -0.602406 -0.939869 0.292418 0.176457 -0.232963 0.252696 0.247814 0.935272 0.389838 0.184299 -0.134849 0.973576 0.394539 -0.974806 -0.151706 0.16352 -0.486902 0.125647 -0.979184 -0.159411 0.450894 
1535171169451 0.229683 0.923569 -0.307026 -0.602396 -0.939887 0.292388 0.176416 -0.232967 0.252703 0.24805 0.935207 0.389867 0.188145 -0.142117 0.971805 0.396004 -0.973318 -0.159313 0.16514 -0.486573 0.131352 -0.976945 -0.168299 0.45222 
1535171169467 0.229604 0.923516 -0.307247 -0.602385 -0.939904 0.292357 0.176374 -0.23297 0.25271 0.248286 0.935143 0.389895 0.19203 -0.149344 0.969959 0.39747 -0.971777 -0.166925 0.166689 -0.486244 0.137016 -0.974594 -0.177184 0.453545 
1535171169551 0.230059 0.923683 -0.306403 -0.602464 -0.939739 0.292679 0.176717 -0.232953 0.252908 0.247283 0.935355 0.389721 0.161355 -0.0891624 0.98286 0.385524 -0.982768 -0.105512 0.151768 -0.488932 0.0901715 -0.990413 -0.104651 0.442929 
1535171169565 0.230055 0.923661 -0.306471 -0.602458 -0.93972 0.292708 0.176771 -0.232956 0.252983 0.24733 0.935322 0.389725 0.165315 -0.096659 0.981493 0.387168 -0.981592 -0.112637 0.154239 -0.488554 0.0956443 -0.988924 -0.1135 0.444261 
1535171169580 0.230051 0.92364 -0.306539 -0.602451 -0.939701 0.292737 0.176825 -0.232959 0.253058 0.247376 0.93529 0.38973 0.169316 -0.104119 0.980047 0.388814 -0.980365 -0.119777 0.156646 -0.488178 0.101077 -0.987326 -0.122355 0.445593 
1535171169597 0.230049 0.923617 -0.306609 -0.602445 -0.939682 0.292767 0.176877 -0.232962 0.253132 0.247424 0.935257 0.389734 0.173356 -0.111543 0.978522 0.390459 -0.979087 -0.126929 0.158987 -0.487803 0.106469 -0.98562 -0.131214 0.446925 
1535171169613 0.230045 0.923596 -0.306677 -0.602439 -0.939663 0.292796 0.176931 -0.232965 0.253206 0.247471 0.935224 0.389739 0.177434 -0.118929 0.97692 0.392105 -0.977759 -0.134094 0.161262 -0.487429 0.11182 -0.983806 -0.140077 0.448257 
1535171169631 0.230042 0.923573 -0.306746 -0.602433 -0.939643 0.292826 0.176984 -0.232968 0.253281 0.247518 0.935192 0.389743 0.181551 -0.126277 0.97524 0.393751 -0.976381 -0.14127 0.163471 -0.487056 0.11713 -0.981884 -0.148942 0.449589 
1535171169647 0.230038 0.923552 -0.306814 -0.602426 -0.939624 0.292855 0.177037 -0.23297 0.253355 0.247565 0.935159 0.389747 0.185704 -0.133585 0.973483 0.395396 -0.974953 -0.148456 0.165612 -0.48668 0.122396 -0.979855 -0.157808 0.450922 
1535171169665 0.230035 0.923529 -0.306884 -0.60242 -0.939605 0.292885 0.17709 -0.232973 0.25343 0.247612 0.935126 0.389752 0.189895 -0.140854 0.971648 0.397042 -0.973475 -0.155652 0.167688 -0.486307 0.12762 -0.977718 -0.166675 0.452254 
1535171169680 0.230032 0.923507 -0.306952 -0.602414 -0.939586 0.292915 0.177143 -0.232976 0.253504 0.247659 0.935094 0.389756 0.194121 -0.148081 0.969737 0.398688 -0.971947 -0.162857 0.169695 -0.485932 0.1328 -0.975474 -0.175541 0.453586 
1535171169698 0.230029 0.923485 -0.307021 -0.602407 -0.939566 0.292945 0.177196 -0.232979 0.253578 0.247707 0.935061 0.389761 0.198384 -0.155267 0.967748 0.400334 -0.97037 -0.17007 0.171635 -0.485558 0.137935 -0.973123 -0.184405 0.454918 
1535171169890 0.229978 0.923613 -0.306674 -0.602406 -0.939718 0.292694 0.176805 -0.233006 0.253061 0.247525 0.935249 0.389838 0.164794 -0.0953736 0.981706 0.386914 -0.981732 -0.11183 0.153934 -0.488494 0.095103 -0.98914 -0.11206 0.444274 
1535171169905 0.229947 0.92367 -0.306525 -0.602408 -0.939698 0.292663 0.176963 -0.233011 0.253164 0.247349 0.935268 0.389818 0.169373 -0.105097 0.979932 0.388892 -0.98033 -0.120184 0.156552 -0.488056 0.101319 -0.987173 -0.123386 0.445902 
1535171169920 0.229915 0.923727 -0.306377 -0.60241 -0.939678 0.292632 0.177121 -0.233016 0.253267 0.247173 0.935287 0.389797 0.174012 -0.114769 0.978033 0.390873 -0.978861 -0.128558 0.159073 -0.487623 0.107477 -0.985039 -0.134713 0.44753 
1535171169930 0.229883 0.923784 -0.306229 -0.602412 -0.939658 0.2926 0.177279 -0.233021 0.25337 0.246997 0.935305 0.389777 0.178708 -0.124387 0.976008 0.392853 -0.977325 -0.136949 0.161496 -0.487189 0.113575 -0.982737 -0.146041 0.449158 
1535171169942 0.229851 0.923841 -0.306081 -0.602413 -0.939638 0.292569 0.177437 -0.233026 0.253473 0.246822 0.935324 0.389756 0.183461 -0.133951 0.973858 0.394833 -0.975723 -0.145355 0.163819 -0.486756 0.119612 -0.98027 -0.157366 0.450786 
1535171169958 0.229819 0.923899 -0.305933 -0.602415 -0.939618 0.292537 0.177595 -0.233031 0.253577 0.246645 0.935342 0.389736 0.188269 -0.143457 0.971584 0.396813 -0.974055 -0.153776 0.166042 -0.486321 0.125586 -0.977636 -0.168687 0.452414 
1535171169983 0.229787 0.923955 -0.305785 -0.602417 -0.939598 0.292505 0.177753 -0.233037 0.25368 0.24647 0.935361 0.389715 0.193132 -0.152905 0.969185 0.398793 -0.972321 -0.162209 0.168166 -0.485888 0.131497 -0.974838 -0.180001 0.454043 
1535171170000 0.229755 0.924012 -0.305636 -0.602419 -0.939578 0.292473 0.177911 -0.233042 0.253783 0.246293 0.935379 0.389695 0.198049 -0.162293 0.966663 0.400773 -0.970522 -0.170653 0.170189 -0.485453 0.137343 -0.971874 -0.191307 0.455671 
1535171170044 0.229723 0.924069 -0.305489 -0.602421 -0.939558 0.292441 0.178069 -0.233047 0.253886 0.246118 0.935397 0.389674 0.20302 -0.171619 0.964018 0.402753 -0.968658 -0.179106 0.172112 -0.485021 0.143124 -0.968746 -0.202602 0.457299 
1535171170064 0.229691 0.924126 -0.305341 -0.602423 -0.939538 0.29241 0.178227 -0.233052 0.253989 0.245942 0.935415 0.389654 0.208042 -0.180881 0.96125 0.404733 -0.966729 -0.187568 0.173933 -0.484587 0.148838 -0.965454 -0.213885 0.458927 
1535171170293 0.229968 0.923784 -0.306166 -0.602416 -0.939569 0.292735 0.177529 -0.233061 0.253624 0.246838 0.935278 0.389772 0.168931 -0.103807 0.980146 0.388666 -0.980431 -0.119682 0.156305 -0.487997 0.101081 -0.98737 -0.121994 0.44591 
1535171170317 0.229881 0.923827 -0.306101 -0.602413 -0.939549 0.292681 0.177725 -0.233072 0.253777 0.246741 0.935262 0.38978 0.173715 -0.114082 0.978166 0.390795 -0.97897 -0.127883 0.158943 -0.487534 0.106958 -0.985206 -0.133898 0.447549 
1535171170395 0.229795 0.92387 -0.306036 -0.602409 -0.939528 0.292627 0.177921 -0.233083 0.25393 0.246644 0.935247 0.389788 0.178616 -0.124414 0.976021 0.392949 -0.977427 -0.136197 0.161512 -0.487073 0.112837 -0.982839 -0.145933 0.449201 
1535171170401 0.229709 0.923913 -0.30597 -0.602406 -0.939508 0.292572 0.178117 -0.233094 0.254083 0.246547 0.935231 0.389796 0.183575 -0.134687 0.973735 0.395103 -0.975819 -0.14453 0.163976 -0.48661 0.118649 -0.980291 -0.157963 0.450853 
1535171170418 0.229623 0.923956 -0.305906 -0.602403 -0.939488 0.292519 0.178312 -0.233106 0.254236 0.24645 0.935215 0.389804 0.188592 -0.1449 0.971307 0.397258 -0.974146 -0.152881 0.166336 -0.486149 0.124392 -0.977564 -0.169986 0.452505 
1535171170434 0.229536 0.924 -0.30584 -0.6024 -0.939468 0.292464 0.178509 -0.233117 0.254389 0.246352 0.935199 0.389813 0.193665 -0.15505 0.968738 0.399412 -0.972408 -0.161248 0.16859 -0.485687 0.130067 -0.974658 -0.182 0.454157 
1535171170440 0.22945 0.924043 -0.305774 -0.602397 -0.939447 0.29241 0.178704 -0.233128 0.254542 0.246255 0.935183 0.389821 0.198793 -0.165136 0.966029 0.401566 -0.970605 -0.169629 0.170738 -0.485224 0.135671 -0.971574 -0.194003 0.455809 
1535171170455 0.229364 0.924086 -0.305709 -0.602393 -0.939427 0.292356 0.1789 -0.233139 0.254695 0.246158 0.935167 0.389829 0.203976 -0.175155 0.963179 0.40372 -0.968739 -0.178022 0.17278 -0.484763 0.141204 -0.968312 -0.205992 0.457461 
1535171170518 0.229278 0.924129 -0.305644 -0.60239 -0.939406 0.292302 0.179096 -0.233151 0.254848 0.246061 0.935151 0.389837 0.209212 -0.185106 0.960191 0.405874 -0.966809 -0.186427 0.174714 -0.4843 0.146665 -0.964873 -0.217965 0.459113 
1535171170535 0.229191 0.924172 -0.305578 -0.602387 -0.939386 0.292247 0.179292 -0.233162 0.255001 0.245963 0.935135 0.389845 0.2145 -0.194986 0.957063 0.408029 -0.964816 -0.194841 0.176542 -0.483839 0.152051 -0.961258 -0.229919 0.460765 
1535171170722 0.229763 0.923867 -0.306071 -0.602381 -0.939536 0.292603 0.177919 -0.233152 0.253931 0.246686 0.935235 0.389778 0.17312 -0.112725 0.978429 0.390525 -0.9791 -0.127356 0.158566 -0.487498 0.106735 -0.985431 -0.132417 0.4476 
1535171170735 0.229812 0.923871 -0.30602 -0.602383 -0.939587 0.292578 0.177689 -0.233132 0.253697 0.246697 0.935296 0.389777 0.177776 -0.123454 0.976297 0.392843 -0.977699 -0.134872 0.160976 -0.486966 0.111802 -0.983142 -0.144678 0.449221 
1535171170835 0.229861 0.923876 -0.305969 -0.602385 -0.939638 0.292554 0.17746 -0.233112 0.253464 0.246709 0.935356 0.389775 0.182525 -0.134206 0.973999 0.39518 -0.976235 -0.142453 0.163315 -0.486436 0.116831 -0.980661 -0.157018 0.450852 
1535171170853 0.229911 0.92388 -0.305919 -0.602387 -0.939689 0.29253 0.177231 -0.233092 0.25323 0.246721 0.935416 0.389774 0.187326 -0.144902 0.971552 0.397517 -0.974718 -0.150053 0.165557 -0.485906 0.121795 -0.978002 -0.169348 0.452482 
1535171170870 0.229961 0.923885 -0.305868 -0.602389 -0.93974 0.292506 0.177001 -0.233072 0.252997 0.246733 0.935476 0.389773 0.192178 -0.15554 0.968956 0.399855 -0.973148 -0.157671 0.1677 -0.485377 0.126692 -0.975165 -0.181665 0.454113 
1535171170885 0.23001 0.923889 -0.305817 -0.602391 -0.93979 0.292482 0.176772 -0.233053 0.252764 0.246744 0.935536 0.389771 0.19708 -0.166118 0.966211 0.402192 -0.971525 -0.165305 0.169744 -0.484848 0.131522 -0.972152 -0.193966 0.455743 
1535171170894 0.230059 0.923894 -0.305766 -0.602392 -0.939841 0.292458 0.176543 -0.233033 0.25253 0.246756 0.935596 0.38977 0.202031 -0.176633 0.963319 0.404529 -0.969851 -0.172953 0.171689 -0.484317 0.136283 -0.968962 -0.206249 0.457374 
1535171170905 0.230109 0.923898 -0.305715 -0.602394 -0.939892 0.292434 0.176313 -0.233013 0.252297 0.246768 0.935656 0.389769 0.207031 -0.187083 0.96028 0.406867 -0.968124 -0.180615 0.173534 -0.483788 0.140976 -0.965597 -0.218513 0.459005 
1535171170912 0.230158 0.923903 -0.305665 -0.602396 -0.939942 0.29241 0.176084 -0.232993 0.252064 0.24678 0.935716 0.389768 0.212077 -0.197467 0.957095 0.409204 -0.966346 -0.188288 0.17528 -0.483257 0.145597 -0.962057 -0.230753 0.460635 
1535171170926 0.230208 0.923907 -0.305614 -0.602398 -0.939993 0.292385 0.175855 -0.232973 0.25183 0.246792 0.935775 0.389766 0.21717 -0.207783 0.953763 0.411542 -0.964517 -0.195971 0.176925 -0.482729 0.150148 -0.958343 -0.242969 0.462266 
1535171171140 0.229803 0.923848 -0.306096 -0.602404 -0.9396 0.292574 0.177629 -0.23309 0.253658 0.246789 0.935282 0.389777 0.17718 -0.121997 0.976588 0.392555 -0.977792 -0.134683 0.160573 -0.486961 0.111941 -0.98335 -0.143151 0.449277 
1535171171152 0.229862 0.923902 -0.30589 -0.602415 -0.939632 0.292545 0.177506 -0.233071 0.253484 0.246622 0.935373 0.389754 0.181933 -0.133478 0.974209 0.395056 -0.976562 -0.140408 0.163135 -0.486431 0.115012 -0.981055 -0.155894 0.450955 
1535171171159 0.22992 0.923956 -0.305682 -0.602427 -0.939665 0.292515 0.177383 -0.233053 0.253311 0.246455 0.935464 0.389731 0.186721 -0.144909 0.971667 0.39756 -0.975298 -0.14616 0.165621 -0.485906 0.118019 -0.97859 -0.16862 0.452633 
1535171171257 0.229979 0.92401 -0.305475 -0.602438 -0.939697 0.292485 0.177261 -0.233034 0.253138 0.246287 0.935555 0.389708 0.19154 -0.156289 0.968961 0.400063 -0.974003 -0.151937 0.16803 -0.48538 0.12096 -0.975955 -0.181328 0.454311 
1535171171273 0.230037 0.924065 -0.305267 -0.60245 -0.93973 0.292455 0.177139 -0.233015 0.252964 0.24612 0.935646 0.389685 0.19639 -0.167616 0.966093 0.402567 -0.972674 -0.157739 0.17036 -0.484855 0.123836 -0.973151 -0.194014 0.45599 
1535171171290 0.230095 0.924119 -0.305059 -0.602461 -0.939762 0.292424 0.177017 -0.232996 0.252791 0.245952 0.935737 0.389663 0.20127 -0.178888 0.963063 0.40507 -0.971314 -0.163565 0.172613 -0.484331 0.126645 -0.970178 -0.206677 0.457668 
1535171171307 0.230153 0.924173 -0.304852 -0.602473 -0.939794 0.292395 0.176894 -0.232978 0.252618 0.245785 0.935828 0.38964 0.206179 -0.190102 0.95987 0.407574 -0.969922 -0.169413 0.174786 -0.483806 0.129387 -0.967037 -0.219313 0.459347 
1535171171323 0.230211 0.924227 -0.304643 -0.602484 -0.939827 0.292364 0.176772 -0.232959 0.252444 0.245617 0.935919 0.389617 0.211116 -0.201257 0.956517 0.410077 -0.968499 -0.175282 0.17688 -0.48328 0.132062 -0.963728 -0.231922 0.461025 
1535171171372 0.230269 0.924281 -0.304436 -0.602496 -0.939859 0.292335 0.17665 -0.23294 0.252271 0.24545 0.936009 0.389594 0.216081 -0.21235 0.953004 0.412581 -0.967044 -0.181171 0.178895 -0.482756 0.134668 -0.960252 -0.244499 0.462703 
1535171171413 0.230328 0.924334 -0.304229 -0.602507 -0.939891 0.292305 0.176527 -0.232922 0.252098 0.245283 0.9361 0.389571 0.221071 -0.22338 0.949331 0.415084 -0.965558 -0.187079 0.18083 -0.48223 0.137206 -0.95661 -0.257044 0.464382 
1535171171742 0.229899 0.924144 -0.305131 -0.602463 -0.939764 0.292298 0.177217 -0.23294 0.252963 0.246009 0.935676 0.389686 0.186148 -0.143483 0.971988 0.397221 -0.975369 -0.146137 0.165223 -0.485904 0.118337 -0.978804 -0.167152 0.452682 
1535171171763 0.229894 0.924121 -0.305205 -0.602461 -0.939688 0.292382 0.177479 -0.232937 0.253248 0.245996 0.935602 0.389694 0.190265 -0.153392 0.969675 0.39953 -0.97389 -0.15409 0.166717 -0.485316 0.123844 -0.976077 -0.178705 0.454127 
1535171171827 0.229889 0.924098 -0.305278 -0.602459 -0.939613 0.292466 0.177741 -0.232933 0.253533 0.245983 0.935528 0.389703 0.194437 -0.163248 0.967235 0.401841 -0.972356 -0.16205 0.168115 -0.484734 0.129296 -0.973185 -0.190244 0.455573 
1535171171865 0.229883 0.924075 -0.305351 -0.602457 -0.939537 0.292549 0.178003 -0.23293 0.253818 0.245969 0.935455 0.389711 0.19866 -0.17305 0.96467 0.404152 -0.970769 -0.170016 0.169418 -0.48415 0.134692 -0.970128 -0.201767 0.457019 
1535171171882 0.229878 0.924052 -0.305425 -0.602455 -0.939461 0.292633 0.178265 -0.232926 0.254103 0.245955 0.935381 0.38972 0.202937 -0.182796 0.961978 0.406464 -0.969128 -0.177986 0.170624 -0.483568 0.14003 -0.966906 -0.213272 0.458465 
1535171171888 0.229873 0.924029 -0.305498 -0.602453 -0.939385 0.292717 0.178527 -0.232923 0.254388 0.245941 0.935307 0.389728 0.207264 -0.192483 0.959162 0.408775 -0.967433 -0.185959 0.171734 -0.482985 0.145309 -0.963519 -0.224757 0.459911 
1535171171905 0.229868 0.924006 -0.305571 -0.602451 -0.939309 0.292801 0.178788 -0.23292 0.254673 0.245928 0.935233 0.389736 0.211642 -0.20211 0.956221 0.411086 -0.965686 -0.193933 0.172746 -0.482401 0.15053 -0.959969 -0.236219 0.461357 
1535171171922 0.229863 0.923983 -0.305644 -0.602449 -0.939233 0.292885 0.17905 -0.232916 0.254958 0.245914 0.935159 0.389745 0.21607 -0.211676 0.953156 0.413397 -0.963885 -0.201908 0.173663 -0.481819 0.15569 -0.956257 -0.247657 0.462803 
1535171171939 0.229858 0.92396 -0.305718 -0.602447 -0.939157 0.292969 0.179312 -0.232913 0.255243 0.245901 0.935085 0.389753 0.220547 -0.221178 0.949968 0.415708 -0.962032 -0.209881 0.174482 -0.481235 0.160788 -0.952381 -0.259069 0.464249 
1535171171944 0.229853 0.923937 -0.305791 -0.602445 -0.939081 0.293053 0.179574 -0.232909 0.255528 0.245887 0.935011 0.389762 0.225072 -0.230615 0.946657 0.418019 -0.960127 -0.217851 0.175204 -0.480653 0.165825 -0.948345 -0.270452 0.465695 
1535171172163 0.229884 0.924126 -0.305196 -0.602475 -0.939654 0.292406 0.177619 -0.232926 0.253384 0.245947 0.935578 0.389749 0.189638 -0.152117 0.969999 0.399188 -0.974064 -0.153347 0.166385 -0.485376 0.123437 -0.976394 -0.177252 0.454125 
1535171172175 0.229854 0.924089 -0.305329 -0.602463 -0.939648 0.292416 0.177636 -0.232915 0.253434 0.246072 0.935532 0.389768 0.194085 -0.162182 0.967485 0.401599 -0.972607 -0.160428 0.16822 -0.484828 0.127929 -0.973632 -0.188876 0.455475 
1535171172263 0.229825 0.924053 -0.305462 -0.602451 -0.939641 0.292428 0.177652 -0.232903 0.253485 0.246196 0.935485 0.389787 0.198576 -0.172194 0.96484 0.404011 -0.971106 -0.16752 0.169968 -0.484282 0.132363 -0.970714 -0.200484 0.456826 
1535171172282 0.229796 0.924016 -0.305595 -0.602439 -0.939635 0.292439 0.177668 -0.232892 0.253536 0.24632 0.935439 0.389806 0.20311 -0.182151 0.962064 0.406423 -0.969561 -0.174625 0.17163 -0.483739 0.136738 -0.96764 -0.212075 0.458177 
1535171172297 0.229767 0.923979 -0.305728 -0.602427 -0.939628 0.292451 0.177684 -0.232881 0.253587 0.246445 0.935392 0.389825 0.207686 -0.192052 0.959157 0.408835 -0.967973 -0.181739 0.173205 -0.483193 0.141052 -0.96441 -0.223645 0.459527 
1535171172313 0.229738 0.923942 -0.305861 -0.602415 -0.939621 0.292463 0.177701 -0.23287 0.253638 0.246569 0.935345 0.389844 0.212303 -0.201893 0.956121 0.411248 -0.96634 -0.188863 0.174692 -0.482648 0.145306 -0.961025 -0.235194 0.460878 
1535171172320 0.229709 0.923905 -0.305994 -0.602403 -0.939615 0.292474 0.177717 -0.232858 0.253689 0.246693 0.935299 0.389863 0.216961 -0.211675 0.952954 0.41366 -0.964665 -0.195994 0.176092 -0.482105 0.149499 -0.957486 -0.246719 0.462229 
1535171172334 0.22968 0.923869 -0.306127 -0.602391 -0.939608 0.292485 0.177734 -0.232847 0.25374 0.246817 0.935252 0.389882 0.221658 -0.221395 0.949659 0.416072 -0.962946 -0.203132 0.177403 -0.481559 0.15363 -0.953793 -0.258218 0.46358 
1535171172351 0.229651 0.923832 -0.30626 -0.602379 -0.939601 0.292497 0.17775 -0.232836 0.253791 0.246942 0.935206 0.389901 0.226395 -0.231052 0.946235 0.418485 -0.961185 -0.210275 0.178627 -0.481015 0.157697 -0.949947 -0.269689 0.464931 
1535171172358 0.229622 0.923795 -0.306393 -0.602367 -0.939594 0.292509 0.177766 -0.232824 0.253842 0.247066 0.935159 0.38992 0.231169 -0.240643 0.942683 0.420897 -0.959382 -0.217422 0.179762 -0.48047 0.161702 -0.945948 -0.28113 0.466281 
1535171172550 0.22966 0.924084 -0.30549 -0.602436 -0.939728 0.292233 0.177516 -0.232872 0.253314 0.246309 0.935502 0.389796 0.193527 -0.160871 0.967816 0.401285 -0.972723 -0.160056 0.167903 -0.484867 0.127894 -0.973911 -0.187458 0.455519 
1535171172562 0.229653 0.924036 -0.30564 -0.602423 -0.939723 0.292261 0.177495 -0.232869 0.253339 0.246455 0.935457 0.389817 0.197959 -0.170706 0.965231 0.403566 -0.97144 -0.165599 0.169946 -0.484404 0.130831 -0.971307 -0.198613 0.456788 
1535171172578 0.229646 0.923989 -0.305789 -0.60241 -0.939718 0.292289 0.177474 -0.232865 0.253363 0.2466 0.935412 0.389838 0.20242 -0.180495 0.962521 0.405849 -0.970127 -0.171161 0.171923 -0.483946 0.133714 -0.968569 -0.20975 0.458057 
1535171172595 0.229639 0.923941 -0.305939 -0.602397 -0.939713 0.292318 0.177452 -0.232861 0.253386 0.246746 0.935367 0.389859 0.206907 -0.190237 0.959687 0.408132 -0.968786 -0.176738 0.173834 -0.483487 0.136544 -0.965698 -0.220867 0.459326 
1535171172602 0.229631 0.923894 -0.306088 -0.602384 -0.939709 0.292345 0.17743 -0.232858 0.25341 0.246891 0.935323 0.38988 0.211419 -0.19993 0.956729 0.410415 -0.967415 -0.182331 0.175679 -0.483029 0.139318 -0.962696 -0.231964 0.460595 
1535171172615 0.229624 0.923846 -0.306239 -0.602371 -0.939704 0.292374 0.177408 -0.232854 0.253434 0.247036 0.935278 0.389901 0.215957 -0.209573 0.953647 0.412697 -0.966017 -0.187939 0.177456 -0.482569 0.142037 -0.959561 -0.243038 0.461864 
