1533760706980 0.134318 0.878813 -0.457871 -0.525741 -0.985026 0.168807 0.0350375 -0.216341 0.108083 0.446309 0.888328 0.377279 0.16008 -0.304787 0.938871 0.370831 -0.775623 0.549475 0.310623 -0.528794 -0.61056 -0.777934 -0.14844 0.432481 
1533760706993 0.115632 0.848939 -0.515685 -0.54116 -0.984292 0.167663 0.0553037 -0.217354 0.133411 0.50119 0.854991 0.386662 0.316231 -0.384871 0.867106 0.40083 -0.930001 -0.306257 0.203234 -0.504368 0.187338 -0.870678 -0.454779 0.485897 
1533760707876 0.0953053 0.815462 -0.570911 -0.556584 -0.982923 0.167785 0.0755722 -0.218374 0.157417 0.553958 0.817527 0.396041 0.316231 -0.384871 0.867106 0.40083 -0.930001 -0.306257 0.203234 -0.504368 0.187338 -0.870678 -0.454779 0.485897 
1533760708839 0.0734317 0.778547 -0.623275 -0.572018 -0.980924 0.169173 0.0957491 -0.219412 0.179986 0.604355 0.776119 0.405411 0.316231 -0.384871 0.867106 0.40083 -0.930001 -0.306257 0.203234 -0.504368 0.187338 -0.870678 -0.454779 0.485897 
1533760709780 0.0501088 0.738382 -0.672518 -0.587477 -0.978306 0.171814 0.115748 -0.220492 0.201014 0.652128 0.730973 0.414764 0.316231 -0.384871 0.867106 0.40083 -0.930001 -0.306257 0.203234 -0.504368 0.187338 -0.870678 -0.454779 0.485897 
