1530698603083 0.0265573 -0.810156 -0.585613 -0.456796 0.299182 -0.552526 0.77795 -0.25118 -0.953827 -0.195865 0.22771 0.467078 0.16008 -0.775623 -0.61056 0.370831 -0.304787 0.549475 -0.777934 -0.528794 0.938871 0.310623 -0.14844 0.432481 
1530698603096 0.0234352 -0.858567 -0.512165 -0.473595 0.354425 -0.471895 0.807278 -0.249336 -0.934791 -0.200443 0.293239 0.465434 0.316303 -0.930106 0.186692 0.400737 -0.384294 -0.305552 -0.871181 -0.506308 0.867335 0.203813 -0.454081 0.485857 
1530698604336 0.0256285 -0.900207 -0.434708 -0.487923 0.408526 -0.387451 0.826431 -0.245763 -0.912387 -0.19877 0.357828 0.46319 0.316241 -0.929997 0.187342 0.400829 -0.384854 -0.306262 -0.870684 -0.504432 0.867109 0.203247 -0.454766 0.485875 
1530698605557 0.0329642 -0.934628 -0.354095 -0.502033 0.460761 -0.300181 0.835219 -0.242107 -0.886912 -0.190685 0.420745 0.460986 0.316222 -0.930001 0.187353 0.400788 -0.384857 -0.306263 -0.870683 -0.504315 0.867115 0.203225 -0.454764 0.485864 
1530698606712 0.0453189 -0.961447 -0.27123 -0.516603 0.510549 -0.211081 0.833538 -0.23875 -0.858654 -0.176251 0.4813 0.458888 0.316221 -0.930002 0.187353 0.400787 -0.384858 -0.306263 -0.870682 -0.504306 0.867115 0.203224 -0.454765 0.485864 
1530698607846 0.0625575 -0.980355 -0.187058 -0.531533 0.557336 -0.121164 0.821399 -0.235599 -0.827927 -0.155639 0.538807 0.456838 0.316221 -0.930002 0.187353 0.400789 -0.384859 -0.306263 -0.870682 -0.504305 0.867115 0.203223 -0.454766 0.485865 
1530698608962 0.0845009 -0.991132 -0.102549 -0.546478 0.600581 -0.0314606 0.798945 -0.232461 -0.795086 -0.129101 0.592597 0.454785 0.31622 -0.930002 0.187352 0.400791 -0.384861 -0.306263 -0.870681 -0.504305 0.867114 0.203223 -0.454768 0.485866 
1530698610043 0.110899 -0.993656 -0.0186679 -0.561421 0.639791 0.0570065 0.766432 -0.229325 -0.760505 -0.0969404 0.642055 0.452732 0.31622 -0.930002 0.187352 0.400794 -0.384862 -0.306262 -0.870681 -0.504305 0.867114 0.203222 -0.454768 0.485866 
1530698611150 0.141452 -0.987898 0.0636282 -0.576313 0.674514 0.143227 0.724235 -0.226168 -0.724584 -0.0595265 0.686611 0.450702 0.316221 -0.930002 0.187351 0.400796 -0.384862 -0.306262 -0.87068 -0.504308 0.867113 0.203223 -0.454769 0.485868 
1530698612238 0.175789 -0.973944 0.143291 -0.590359 0.704245 0.226123 0.672984 -0.222752 -0.68785 -0.0173915 0.725644 0.449203 0.316226 -0.930002 0.187343 0.400815 -0.384868 -0.306259 -0.870679 -0.504339 0.867109 0.203229 -0.454775 0.485886 
1530698613458 0.17572 -0.973959 0.143269 -0.59036 0.704136 0.226055 0.673121 -0.222733 -0.687978 -0.0174002 0.725522 0.449167 0.316226 -0.930002 0.187343 0.400815 -0.384868 -0.306259 -0.870679 -0.504339 0.867109 0.203229 -0.454775 0.485886 
1530698613694 0.179359 -0.972113 0.151085 -0.591946 0.706864 0.234157 0.667468 -0.222448 -0.684232 -0.0129197 0.72915 0.448905 0.316221 -0.930002 0.187351 0.400797 -0.384863 -0.306262 -0.87068 -0.504307 0.867113 0.203223 -0.45477 0.485868 
1530698614121 0.183032 -0.970186 0.158866 -0.593532 0.709539 0.242216 0.661729 -0.222162 -0.68048 -0.00839556 0.732718 0.448642 0.31622 -0.930002 0.187352 0.400795 -0.384862 -0.306262 -0.87068 -0.504304 0.867113 0.203222 -0.454769 0.485867 
1530698614534 0.186738 -0.968179 0.16661 -0.595118 0.712161 0.250231 0.655904 -0.221876 -0.676724 -0.00382901 0.736227 0.448379 0.316221 -0.930002 0.187351 0.400795 -0.384863 -0.306262 -0.87068 -0.504304 0.867113 0.203222 -0.45477 0.485867 
1530698614953 0.190478 -0.966091 0.174318 -0.596704 0.71473 0.258201 0.649995 -0.221591 -0.672963 0.000780455 0.739675 0.448116 0.31622 -0.930002 0.187351 0.400795 -0.384863 -0.306262 -0.87068 -0.504304 0.867113 0.203222 -0.45477 0.485867 
1530698615390 0.19425 -0.963923 0.181987 -0.59829 0.717244 0.266126 0.644002 -0.221305 -0.6692 0.00543172 0.743063 0.447853 0.31622 -0.930002 0.187351 0.400795 -0.384863 -0.306262 -0.87068 -0.504304 0.867113 0.203222 -0.454769 0.485867 
1530698615809 0.198055 -0.961675 0.189617 -0.599876 0.719704 0.274004 0.637925 -0.221019 -0.665432 0.0101243 0.746389 0.44759 0.31622 -0.930002 0.187351 0.400795 -0.384863 -0.306262 -0.87068 -0.504304 0.867113 0.203222 -0.454769 0.485867 
1530698616237 0.201892 -0.959348 0.197207 -0.601461 0.72211 0.281834 0.631765 -0.220733 -0.661662 0.0148571 0.749655 0.447328 0.31622 -0.930002 0.187351 0.400795 -0.384863 -0.306262 -0.87068 -0.504304 0.867113 0.203222 -0.454769 0.485867 
1530698616655 0.205761 -0.956942 0.204757 -0.603041 0.72446 0.289616 0.625524 -0.220445 -0.65789 0.0196299 0.752858 0.447068 0.31622 -0.930002 0.187351 0.400795 -0.384863 -0.306262 -0.87068 -0.504304 0.867113 0.203222 -0.454769 0.485867 
1530698617317 0.209658 -0.954459 0.212255 -0.604531 0.726744 0.297341 0.619218 -0.220126 -0.65413 0.0244308 0.755987 0.446861 0.31622 -0.930002 0.187351 0.400795 -0.384863 -0.306262 -0.87068 -0.504304 0.867113 0.203222 -0.454769 0.485867 
1530698617747 0.209626 -0.954501 0.212095 -0.604528 0.726687 0.297216 0.619345 -0.220135 -0.654204 0.0242956 0.755928 0.446815 0.31622 -0.930002 0.187351 0.400795 -0.384863 -0.306262 -0.87068 -0.504304 0.867113 0.203222 -0.454769 0.485867 
1530698617759 0.21002 -0.954244 0.21286 -0.604697 0.726921 0.297998 0.618694 -0.220109 -0.653817 0.0247945 0.756246 0.446787 0.31622 -0.930002 0.187351 0.400795 -0.384863 -0.306262 -0.87068 -0.504304 0.867113 0.203222 -0.454769 0.485867 
1530698618008 0.210415 -0.953986 0.213625 -0.604866 0.727154 0.298781 0.618043 -0.220083 -0.653431 0.0252931 0.756563 0.44676 0.31622 -0.930002 0.187351 0.400795 -0.384863 -0.306262 -0.87068 -0.504304 0.867113 0.203222 -0.454769 0.485867 
1530698618229 0.21081 -0.953728 0.214389 -0.605035 0.727387 0.299564 0.617389 -0.220057 -0.653044 0.0257921 0.75688 0.446732 0.31622 -0.930002 0.187351 0.400795 -0.384863 -0.306262 -0.87068 -0.504304 0.867113 0.203222 -0.454769 0.485867 
1530698618451 0.211206 -0.953468 0.215153 -0.605204 0.727619 0.300346 0.616736 -0.220031 -0.652658 0.0262915 0.757196 0.446705 0.31622 -0.930002 0.187351 0.400795 -0.384863 -0.306262 -0.87068 -0.504304 0.867113 0.203222 -0.454769 0.485867 
1530698618678 0.211602 -0.953208 0.215917 -0.605373 0.72785 0.301127 0.616081 -0.220006 -0.652272 0.0267913 0.757511 0.446677 0.31622 -0.930002 0.187351 0.400795 -0.384863 -0.306262 -0.87068 -0.504304 0.867113 0.203222 -0.454769 0.485867 
1530698618882 0.211998 -0.952946 0.21668 -0.605543 0.728081 0.301908 0.615426 -0.21998 -0.651886 0.0272914 0.757826 0.446649 0.31622 -0.930002 0.187351 0.400795 -0.384863 -0.306262 -0.87068 -0.504304 0.867113 0.203222 -0.454769 0.485867 
1530698619099 0.212394 -0.952684 0.217442 -0.605712 0.728311 0.302688 0.61477 -0.219954 -0.651499 0.027792 0.75814 0.446622 0.31622 -0.930002 0.187351 0.400795 -0.384863 -0.306262 -0.87068 -0.504304 0.867113 0.203222 -0.454769 0.485867 
1530698619292 0.212792 -0.952421 0.218205 -0.60588 0.728541 0.303468 0.614113 -0.219928 -0.651113 0.028293 0.758453 0.446594 0.31622 -0.930002 0.187351 0.400795 -0.384863 -0.306262 -0.87068 -0.504304 0.867113 0.203222 -0.454769 0.485867 
1530698619496 0.213189 -0.952158 0.218966 -0.606039 0.728769 0.304247 0.613457 -0.219898 -0.650728 0.0287932 0.758765 0.446573 0.31622 -0.930002 0.187351 0.400795 -0.384863 -0.306262 -0.87068 -0.504304 0.867113 0.203222 -0.454769 0.485867 
1530698619704 0.213191 -0.952173 0.218898 -0.606036 0.728763 0.304206 0.613485 -0.219894 -0.650734 0.0287351 0.758762 0.446619 0.31622 -0.930002 0.187351 0.400795 -0.384863 -0.306262 -0.87068 -0.504304 0.867113 0.203222 -0.454769 0.485867 
1530698619717 0.213105 -0.952164 0.219022 -0.606068 0.72869 0.304224 0.613563 -0.219903 -0.650844 0.0288457 0.758663 0.446643 0.31622 -0.930002 0.187351 0.400795 -0.384863 -0.306262 -0.87068 -0.504304 0.867113 0.203222 -0.454769 0.485867 
1530698619963 0.213019 -0.952155 0.219144 -0.6061 0.728617 0.304242 0.613641 -0.219912 -0.650954 0.0289552 0.758565 0.446668 0.31622 -0.930002 0.187351 0.400795 -0.384863 -0.306262 -0.87068 -0.504304 0.867113 0.203222 -0.454769 0.485867 
1530698620182 0.212933 -0.952146 0.219267 -0.606131 0.728543 0.30426 0.613719 -0.219921 -0.651064 0.0290648 0.758466 0.446692 0.31622 -0.930002 0.187351 0.400795 -0.384863 -0.306262 -0.87068 -0.504304 0.867113 0.203222 -0.454769 0.485867 
1530698620396 0.212847 -0.952137 0.21939 -0.606163 0.72847 0.304278 0.613797 -0.21993 -0.651174 0.0291743 0.758368 0.446716 0.31622 -0.930002 0.187351 0.400795 -0.384863 -0.306262 -0.87068 -0.504304 0.867113 0.203222 -0.454769 0.485867 
1530698620549 0.212762 -0.952127 0.219513 -0.606195 0.728397 0.304296 0.613874 -0.219939 -0.651284 0.0292839 0.758269 0.44674 0.31622 -0.930002 0.187351 0.400795 -0.384863 -0.306262 -0.87068 -0.504304 0.867113 0.203222 -0.454769 0.485867 
1530698620687 0.212676 -0.952118 0.219636 -0.606227 0.728324 0.304314 0.613952 -0.219949 -0.651393 0.0293934 0.758171 0.446765 0.31622 -0.930002 0.187351 0.400795 -0.384863 -0.306262 -0.87068 -0.504304 0.867113 0.203222 -0.454769 0.485867 
1530698620828 0.21259 -0.952109 0.219759 -0.606259 0.728251 0.304332 0.61403 -0.219958 -0.651503 0.0295029 0.758072 0.446789 0.31622 -0.930002 0.187351 0.400795 -0.384863 -0.306262 -0.87068 -0.504304 0.867113 0.203222 -0.454769 0.485867 
1530698620924 0.212504 -0.9521 0.219882 -0.606291 0.728177 0.30435 0.614108 -0.219967 -0.651613 0.0296125 0.757973 0.446813 0.31622 -0.930002 0.187351 0.400795 -0.384863 -0.306262 -0.87068 -0.504304 0.867113 0.203222 -0.454769 0.485867 
1530698621122 0.212418 -0.952091 0.220004 -0.606322 0.728104 0.304368 0.614186 -0.219975 -0.651723 0.0297212 0.757875 0.446837 0.31622 -0.930002 0.187351 0.400795 -0.384863 -0.306262 -0.87068 -0.504304 0.867113 0.203222 -0.454769 0.485867 
1530698621289 0.212526 -0.952081 0.219944 -0.60631 0.727973 0.304416 0.614317 -0.219994 -0.651834 0.0295555 0.757785 0.446749 0.31622 -0.930002 0.187351 0.400795 -0.384863 -0.306262 -0.87068 -0.504304 0.867113 0.203222 -0.454769 0.485867 
1530698621303 0.212491 -0.952089 0.219943 -0.606315 0.727978 0.304389 0.614325 -0.219996 -0.65184 0.029575 0.757779 0.44676 0.31622 -0.930002 0.187351 0.400795 -0.384863 -0.306262 -0.87068 -0.504304 0.867113 0.203222 -0.454769 0.485867 
1530698621320 0.212456 -0.952097 0.219941 -0.60632 0.727982 0.304361 0.614334 -0.219997 -0.651847 0.0295945 0.757773 0.446771 0.31622 -0.930002 0.187351 0.400795 -0.384863 -0.306262 -0.87068 -0.504304 0.867113 0.203222 -0.454769 0.485867 
1530698621336 0.212421 -0.952105 0.21994 -0.606325 0.727986 0.304334 0.614343 -0.219999 -0.651854 0.0296138 0.757766 0.446782 0.31622 -0.930002 0.187351 0.400795 -0.384863 -0.306262 -0.87068 -0.504304 0.867113 0.203222 -0.454769 0.485867 
1530698621353 0.212386 -0.952113 0.219938 -0.60633 0.72799 0.304307 0.614352 -0.220001 -0.651861 0.0296332 0.757759 0.446793 0.31622 -0.930002 0.187351 0.400795 -0.384863 -0.306262 -0.87068 -0.504304 0.867113 0.203222 -0.454769 0.485867 
1530698621430 0.212351 -0.952121 0.219937 -0.606335 0.727994 0.304279 0.61436 -0.220002 -0.651868 0.0296525 0.757753 0.446804 0.31622 -0.930002 0.187351 0.400795 -0.384863 -0.306262 -0.87068 -0.504304 0.867113 0.203222 -0.454769 0.485867 
1530698621565 0.212316 -0.952129 0.219935 -0.60634 0.727998 0.304252 0.614369 -0.220004 -0.651875 0.0296718 0.757746 0.446815 0.31622 -0.930002 0.187351 0.400795 -0.384863 -0.306262 -0.87068 -0.504304 0.867113 0.203222 -0.454769 0.485867 
1530698621670 0.212282 -0.952137 0.219934 -0.606345 0.728002 0.304225 0.614378 -0.220006 -0.651881 0.0296912 0.757739 0.446826 0.31622 -0.930002 0.187351 0.400795 -0.384863 -0.306262 -0.87068 -0.504304 0.867113 0.203222 -0.454769 0.485867 
1530698621827 0.212247 -0.952146 0.219932 -0.60635 0.728006 0.304198 0.614387 -0.220008 -0.651888 0.0297105 0.757733 0.446837 0.31622 -0.930002 0.187351 0.400795 -0.384863 -0.306262 -0.87068 -0.504304 0.867113 0.203222 -0.454769 0.485867 
1530698621953 0.212212 -0.952154 0.219931 -0.606355 0.72801 0.30417 0.614395 -0.220009 -0.651895 0.0297297 0.757726 0.446848 0.31622 -0.930002 0.187351 0.400795 -0.384863 -0.306262 -0.87068 -0.504304 0.867113 0.203222 -0.454769 0.485867 
1530698622076 0.212161 -0.952157 0.219965 -0.606355 0.727885 0.30416 0.614548 -0.219995 -0.652051 0.0297264 0.757592 0.446757 0.31622 -0.930002 0.187351 0.400795 -0.384863 -0.306262 -0.87068 -0.504304 0.867113 0.203222 -0.454769 0.485867 
1530698622086 0.212176 -0.952149 0.219985 -0.606354 0.727897 0.304184 0.614522 -0.219994 -0.652033 0.0297396 0.757607 0.446767 0.31622 -0.930002 0.187351 0.400795 -0.384863 -0.306262 -0.87068 -0.504304 0.867113 0.203222 -0.454769 0.485867 
1530698622103 0.212192 -0.952141 0.220005 -0.606354 0.72791 0.304208 0.614496 -0.219993 -0.652014 0.0297526 0.757623 0.446777 0.31622 -0.930002 0.187351 0.400795 -0.384863 -0.306262 -0.87068 -0.504304 0.867113 0.203222 -0.454769 0.485867 
1530698622120 0.212208 -0.952133 0.220025 -0.606353 0.727922 0.304232 0.614469 -0.219992 -0.651995 0.0297656 0.757639 0.446787 0.31622 -0.930002 0.187351 0.400795 -0.384863 -0.306262 -0.87068 -0.504304 0.867113 0.203222 -0.454769 0.485867 
1530698622136 0.212224 -0.952125 0.220045 -0.606353 0.727934 0.304256 0.614443 -0.219991 -0.651976 0.0297785 0.757654 0.446797 0.31622 -0.930002 0.187351 0.400795 -0.384863 -0.306262 -0.87068 -0.504304 0.867113 0.203222 -0.454769 0.485867 
1530698622153 0.21224 -0.952116 0.220065 -0.606352 0.727946 0.304281 0.614416 -0.21999 -0.651957 0.0297917 0.75767 0.446807 0.31622 -0.930002 0.187351 0.400795 -0.384863 -0.306262 -0.87068 -0.504304 0.867113 0.203222 -0.454769 0.485867 
1530698622345 0.212256 -0.952108 0.220085 -0.606352 0.727958 0.304306 0.61439 -0.219989 -0.651939 0.0298048 0.757686 0.446816 0.31622 -0.930002 0.187351 0.400795 -0.384863 -0.306262 -0.87068 -0.504304 0.867113 0.203222 -0.454769 0.485867 
1530698622509 0.212272 -0.9521 0.220105 -0.606351 0.72797 0.30433 0.614363 -0.219988 -0.65192 0.0298178 0.757701 0.446826 0.31622 -0.930002 0.187351 0.400795 -0.384863 -0.306262 -0.87068 -0.504304 0.867113 0.203222 -0.454769 0.485867 
1530698622676 0.212288 -0.952092 0.220125 -0.60635 0.727983 0.304354 0.614337 -0.219987 -0.651901 0.0298308 0.757717 0.446836 0.31622 -0.930002 0.187351 0.400795 -0.384863 -0.306262 -0.87068 -0.504304 0.867113 0.203222 -0.454769 0.485867 
1530698622868 0.212304 -0.952083 0.220145 -0.60635 0.727995 0.304379 0.61431 -0.219986 -0.651882 0.0298438 0.757733 0.446846 0.31622 -0.930002 0.187351 0.400795 -0.384863 -0.306262 -0.87068 -0.504304 0.867113 0.203222 -0.454769 0.485867 
1530698623043 0.212203 -0.952116 0.220103 -0.606356 0.727881 0.304281 0.614493 -0.219988 -0.652042 0.0298117 0.757597 0.446781 0.31622 -0.930002 0.187351 0.400795 -0.384863 -0.306262 -0.87068 -0.504304 0.867113 0.203222 -0.454769 0.485867 
1530698623057 0.212241 -0.95211 0.220093 -0.606353 0.727904 0.304302 0.614456 -0.219984 -0.652004 0.0297935 0.75763 0.446785 0.31622 -0.930002 0.187351 0.400795 -0.384863 -0.306262 -0.87068 -0.504304 0.867113 0.203222 -0.454769 0.485867 
1530698623063 0.212281 -0.952104 0.220081 -0.60635 0.727928 0.304323 0.614418 -0.21998 -0.651965 0.0297742 0.757664 0.446789 0.31622 -0.930002 0.187351 0.400795 -0.384863 -0.306262 -0.87068 -0.504304 0.867113 0.203222 -0.454769 0.485867 
1530698623069 0.212319 -0.952098 0.22007 -0.606346 0.727951 0.304343 0.61438 -0.219976 -0.651927 0.0297552 0.757698 0.446792 0.31622 -0.930002 0.187351 0.400795 -0.384863 -0.306262 -0.87068 -0.504304 0.867113 0.203222 -0.454769 0.485867 
1530698623076 0.212358 -0.952092 0.220058 -0.606343 0.727974 0.304364 0.614342 -0.219971 -0.651888 0.0297363 0.757732 0.446796 0.31622 -0.930002 0.187351 0.400795 -0.384863 -0.306262 -0.87068 -0.504304 0.867113 0.203222 -0.454769 0.485867 
1530698623234 0.212397 -0.952086 0.220047 -0.60634 0.727997 0.304384 0.614305 -0.219967 -0.65185 0.0297173 0.757766 0.4468 0.31622 -0.930002 0.187351 0.400795 -0.384863 -0.306262 -0.87068 -0.504304 0.867113 0.203222 -0.454769 0.485867 
1530698623391 0.212435 -0.95208 0.220036 -0.606336 0.72802 0.304405 0.614267 -0.219963 -0.651811 0.0296984 0.7578 0.446803 0.31622 -0.930002 0.187351 0.400795 -0.384863 -0.306262 -0.87068 -0.504304 0.867113 0.203222 -0.454769 0.485867 
1530698623487 0.212474 -0.952074 0.220024 -0.606333 0.728043 0.304426 0.61423 -0.219959 -0.651773 0.0296794 0.757833 0.446807 0.31622 -0.930002 0.187351 0.400795 -0.384863 -0.306262 -0.87068 -0.504304 0.867113 0.203222 -0.454769 0.485867 
1530698623602 0.212513 -0.952068 0.220013 -0.60633 0.728066 0.304446 0.614192 -0.219954 -0.651734 0.0296605 0.757867 0.446811 0.31622 -0.930002 0.187351 0.400795 -0.384863 -0.306262 -0.87068 -0.504304 0.867113 0.203222 -0.454769 0.485867 
1530698623653 0.212551 -0.952062 0.220002 -0.606327 0.72809 0.304467 0.614154 -0.21995 -0.651696 0.0296417 0.757901 0.446814 0.31622 -0.930002 0.187351 0.400795 -0.384863 -0.306262 -0.87068 -0.504304 0.867113 0.203222 -0.454769 0.485867 
1530698623789 0.212574 -0.952055 0.22001 -0.606323 0.72806 0.304491 0.614177 -0.219993 -0.651721 0.0296219 0.75788 0.446816 0.31622 -0.930002 0.187351 0.400795 -0.384863 -0.306262 -0.87068 -0.504304 0.867113 0.203222 -0.454769 0.485867 
1530698623802 0.212578 -0.952052 0.220015 -0.606323 0.728067 0.304497 0.614166 -0.219988 -0.651712 0.0296272 0.757887 0.446817 0.31622 -0.930002 0.187351 0.400795 -0.384863 -0.306262 -0.87068 -0.504304 0.867113 0.203222 -0.454769 0.485867 
1530698623822 0.212582 -0.952051 0.22002 -0.606324 0.728073 0.304502 0.614156 -0.219983 -0.651704 0.0296323 0.757894 0.446817 0.31622 -0.930002 0.187351 0.400795 -0.384863 -0.306262 -0.87068 -0.504304 0.867113 0.203222 -0.454769 0.485867 
1530698623839 0.212585 -0.952049 0.220025 -0.606324 0.72808 0.304508 0.614146 -0.219978 -0.651696 0.0296373 0.757901 0.446818 0.31622 -0.930002 0.187351 0.400795 -0.384863 -0.306262 -0.87068 -0.504304 0.867113 0.203222 -0.454769 0.485867 
1530698623855 0.212589 -0.952047 0.22003 -0.606324 0.728086 0.304514 0.614136 -0.219973 -0.651688 0.0296424 0.757908 0.446818 0.31622 -0.930002 0.187351 0.400795 -0.384863 -0.306262 -0.87068 -0.504304 0.867113 0.203222 -0.454769 0.485867 
1530698623872 0.212592 -0.952045 0.220035 -0.606325 0.728092 0.304519 0.614125 -0.219968 -0.65168 0.0296475 0.757915 0.446819 0.31622 -0.930002 0.187351 0.400795 -0.384863 -0.306262 -0.87068 -0.504304 0.867113 0.203222 -0.454769 0.485867 
1530698623893 0.212596 -0.952043 0.22004 -0.606325 0.728098 0.304525 0.614115 -0.219963 -0.651671 0.0296526 0.757921 0.44682 0.31622 -0.930002 0.187351 0.400795 -0.384863 -0.306262 -0.87068 -0.504304 0.867113 0.203222 -0.454769 0.485867 
1530698623910 0.2126 -0.952041 0.220045 -0.606325 0.728105 0.304531 0.614104 -0.219958 -0.651663 0.0296576 0.757929 0.44682 0.31622 -0.930002 0.187351 0.400795 -0.384863 -0.306262 -0.87068 -0.504304 0.867113 0.203222 -0.454769 0.485867 
1530698623927 0.212604 -0.952039 0.22005 -0.606326 0.728111 0.304537 0.614094 -0.219952 -0.651655 0.0296626 0.757936 0.446821 0.31622 -0.930002 0.187351 0.400795 -0.384863 -0.306262 -0.87068 -0.504304 0.867113 0.203222 -0.454769 0.485867 
1530698623943 0.212607 -0.952037 0.220056 -0.606326 0.728118 0.304542 0.614084 -0.219947 -0.651646 0.0296677 0.757942 0.446822 0.31622 -0.930002 0.187351 0.400795 -0.384863 -0.306262 -0.87068 -0.504304 0.867113 0.203222 -0.454769 0.485867 
1530698624024 0.212603 -0.952054 0.219985 -0.606322 0.728104 0.304494 0.614123 -0.21998 -0.651663 0.0296074 0.757931 0.446823 0.31622 -0.930002 0.187351 0.400795 -0.384863 -0.306262 -0.87068 -0.504304 0.867113 0.203222 -0.454769 0.485867 
1530698624037 0.212605 -0.95205 0.219999 -0.606323 0.728105 0.304505 0.614117 -0.219976 -0.651661 0.0296181 0.757932 0.446824 0.31622 -0.930002 0.187351 0.400795 -0.384863 -0.306262 -0.87068 -0.504304 0.867113 0.203222 -0.454769 0.485867 
1530698624054 0.212606 -0.952046 0.220014 -0.606323 0.728105 0.304516 0.614111 -0.219971 -0.65166 0.0296292 0.757932 0.446825 0.31622 -0.930002 0.187351 0.400795 -0.384863 -0.306262 -0.87068 -0.504304 0.867113 0.203222 -0.454769 0.485867 
1530698624070 0.212608 -0.952043 0.220029 -0.606324 0.728106 0.304526 0.614106 -0.219967 -0.651659 0.0296404 0.757932 0.446826 0.31622 -0.930002 0.187351 0.400795 -0.384863 -0.306262 -0.87068 -0.504304 0.867113 0.203222 -0.454769 0.485867 
1530698624087 0.21261 -0.952039 0.220044 -0.606325 0.728106 0.304537 0.6141 -0.219962 -0.651659 0.0296516 0.757933 0.446827 0.31622 -0.930002 0.187351 0.400795 -0.384863 -0.306262 -0.87068 -0.504304 0.867113 0.203222 -0.454769 0.485867 
1530698624104 0.212612 -0.952035 0.220059 -0.606326 0.728106 0.304548 0.614094 -0.219958 -0.651658 0.0296627 0.757933 0.446828 0.31622 -0.930002 0.187351 0.400795 -0.384863 -0.306262 -0.87068 -0.504304 0.867113 0.203222 -0.454769 0.485867 
1530698624120 0.212613 -0.952031 0.220074 -0.606326 0.728106 0.304559 0.614089 -0.219954 -0.651657 0.0296739 0.757933 0.446828 0.31622 -0.930002 0.187351 0.400795 -0.384863 -0.306262 -0.87068 -0.504304 0.867113 0.203222 -0.454769 0.485867 
1530698624137 0.212615 -0.952027 0.22009 -0.606327 0.728106 0.304571 0.614083 -0.219949 -0.651656 0.0296854 0.757933 0.446829 0.31622 -0.930002 0.187351 0.400795 -0.384863 -0.306262 -0.87068 -0.504304 0.867113 0.203222 -0.454769 0.485867 
1530698624154 0.212617 -0.952023 0.220105 -0.606328 0.728106 0.304582 0.614077 -0.219945 -0.651655 0.0296966 0.757934 0.44683 0.31622 -0.930002 0.187351 0.400795 -0.384863 -0.306262 -0.87068 -0.504304 0.867113 0.203222 -0.454769 0.485867 
1530698624257 0.212619 -0.952019 0.22012 -0.606329 0.728107 0.304594 0.614071 -0.219941 -0.651655 0.0297078 0.757934 0.446831 0.31622 -0.930002 0.187351 0.400795 -0.384863 -0.306262 -0.87068 -0.504304 0.867113 0.203222 -0.454769 0.485867 
1530698624362 0.212524 -0.952069 0.219996 -0.606346 0.728153 0.30444 0.614092 -0.219906 -0.651634 0.0296816 0.757953 0.446826 0.31622 -0.930002 0.187351 0.400795 -0.384863 -0.306262 -0.87068 -0.504304 0.867113 0.203222 -0.454769 0.485867 
1530698624375 0.212518 -0.952069 0.220003 -0.606346 0.728133 0.304441 0.614116 -0.219911 -0.651658 0.0296809 0.757932 0.44683 0.31622 -0.930002 0.187351 0.400795 -0.384863 -0.306262 -0.87068 -0.504304 0.867113 0.203222 -0.454769 0.485867 
1530698624392 0.21251 -0.952069 0.220009 -0.606345 0.728114 0.30444 0.614139 -0.219916 -0.651682 0.0296809 0.757911 0.446834 0.31622 -0.930002 0.187351 0.400795 -0.384863 -0.306262 -0.87068 -0.504304 0.867113 0.203222 -0.454769 0.485867 
1530698624408 0.212502 -0.952069 0.220016 -0.606345 0.728093 0.304439 0.614164 -0.219921 -0.651708 0.0296809 0.757889 0.446838 0.31622 -0.930002 0.187351 0.400795 -0.384863 -0.306262 -0.87068 -0.504304 0.867113 0.203222 -0.454769 0.485867 
1530698624635 0.212495 -0.952069 0.220022 -0.606345 0.728073 0.304439 0.614187 -0.219926 -0.651732 0.0296809 0.757868 0.446843 0.31622 -0.930002 0.187351 0.400795 -0.384863 -0.306262 -0.87068 -0.504304 0.867113 0.203222 -0.454769 0.485867 
1530698624779 0.212487 -0.95207 0.220029 -0.606344 0.728054 0.304438 0.614211 -0.219931 -0.651757 0.0296809 0.757847 0.446847 0.31622 -0.930002 0.187351 0.400795 -0.384863 -0.306262 -0.87068 -0.504304 0.867113 0.203222 -0.454769 0.485867 
1530698624980 0.21248 -0.95207 0.220035 -0.606344 0.728034 0.304438 0.614235 -0.219937 -0.651781 0.0296808 0.757826 0.446851 0.31622 -0.930002 0.187351 0.400795 -0.384863 -0.306262 -0.87068 -0.504304 0.867113 0.203222 -0.454769 0.485867 
1530698625117 0.212472 -0.95207 0.220042 -0.606344 0.728014 0.304437 0.614259 -0.219942 -0.651806 0.0296808 0.757805 0.446855 0.31622 -0.930002 0.187351 0.400795 -0.384863 -0.306262 -0.87068 -0.504304 0.867113 0.203222 -0.454769 0.485867 
1530698625265 0.212465 -0.95207 0.220048 -0.606344 0.727994 0.304436 0.614282 -0.219947 -0.65183 0.0296808 0.757784 0.44686 0.31622 -0.930002 0.187351 0.400795 -0.384863 -0.306262 -0.87068 -0.504304 0.867113 0.203222 -0.454769 0.485867 
1530698625478 0.212457 -0.95207 0.220055 -0.606343 0.727975 0.304436 0.614306 -0.219952 -0.651855 0.0296807 0.757763 0.446863 0.31622 -0.930002 0.187351 0.400795 -0.384863 -0.306262 -0.87068 -0.504304 0.867113 0.203222 -0.454769 0.485867 
1530698625627 0.212433 -0.952086 0.22001 -0.606382 0.728026 0.304386 0.61427 -0.219872 -0.651806 0.0296823 0.757805 0.446819 0.31622 -0.930002 0.187351 0.400795 -0.384863 -0.306262 -0.87068 -0.504304 0.867113 0.203222 -0.454769 0.485867 
1530698625640 0.212434 -0.952085 0.220015 -0.606378 0.728017 0.30439 0.614278 -0.219881 -0.651815 0.0296815 0.757797 0.446824 0.31622 -0.930002 0.187351 0.400795 -0.384863 -0.306262 -0.87068 -0.504304 0.867113 0.203222 -0.454769 0.485867 
1530698625660 0.212434 -0.952083 0.22002 -0.606374 0.728009 0.304395 0.614286 -0.21989 -0.651824 0.029681 0.757789 0.446829 0.31622 -0.930002 0.187351 0.400795 -0.384863 -0.306262 -0.87068 -0.504304 0.867113 0.203222 -0.454769 0.485867 
1530698625673 0.212435 -0.952082 0.220025 -0.60637 0.728 0.304399 0.614294 -0.219898 -0.651834 0.0296804 0.757781 0.446834 0.31622 -0.930002 0.187351 0.400795 -0.384863 -0.306262 -0.87068 -0.504304 0.867113 0.203222 -0.454769 0.485867 
1530698625695 0.212436 -0.952081 0.22003 -0.606366 0.727991 0.304403 0.614303 -0.219907 -0.651844 0.0296802 0.757772 0.446839 0.31622 -0.930002 0.187351 0.400795 -0.384863 -0.306262 -0.87068 -0.504304 0.867113 0.203222 -0.454769 0.485867 
1530698625712 0.212436 -0.952079 0.220035 -0.606363 0.727982 0.304407 0.614311 -0.219916 -0.651853 0.0296798 0.757764 0.446844 0.31622 -0.930002 0.187351 0.400795 -0.384863 -0.306262 -0.87068 -0.504304 0.867113 0.203222 -0.454769 0.485867 
1530698625729 0.212437 -0.952078 0.22004 -0.606359 0.727974 0.304411 0.614319 -0.219925 -0.651863 0.0296793 0.757756 0.446849 0.31622 -0.930002 0.187351 0.400795 -0.384863 -0.306262 -0.87068 -0.504304 0.867113 0.203222 -0.454769 0.485867 
1530698625747 0.212438 -0.952077 0.220045 -0.606355 0.727965 0.304416 0.614327 -0.219934 -0.651872 0.0296789 0.757748 0.446854 0.31622 -0.930002 0.187351 0.400795 -0.384863 -0.306262 -0.87068 -0.504304 0.867113 0.203222 -0.454769 0.485867 
1530698625762 0.212439 -0.952075 0.22005 -0.606351 0.727956 0.30442 0.614336 -0.219942 -0.651882 0.0296784 0.75774 0.446859 0.31622 -0.930002 0.187351 0.400795 -0.384863 -0.306262 -0.87068 -0.504304 0.867113 0.203222 -0.454769 0.485867 
1530698625820 0.212439 -0.952074 0.220055 -0.606347 0.727948 0.304424 0.614344 -0.219951 -0.651891 0.0296779 0.757732 0.446864 0.31622 -0.930002 0.187351 0.400795 -0.384863 -0.306262 -0.87068 -0.504304 0.867113 0.203222 -0.454769 0.485867 
1530698625994 0.212423 -0.952089 0.220005 -0.606385 0.728008 0.304377 0.614296 -0.219874 -0.651829 0.0296748 0.757785 0.446827 0.31622 -0.930002 0.187351 0.400795 -0.384863 -0.306262 -0.87068 -0.504304 0.867113 0.203222 -0.454769 0.485867 
1530698626007 0.21242 -0.952089 0.220008 -0.606385 0.727994 0.304377 0.614312 -0.219883 -0.651845 0.0296726 0.757771 0.446832 0.31622 -0.930002 0.187351 0.400795 -0.384863 -0.306262 -0.87068 -0.504304 0.867113 0.203222 -0.454769 0.485867 
1530698626024 0.212416 -0.95209 0.22001 -0.606386 0.727982 0.304376 0.614327 -0.219893 -0.65186 0.0296705 0.757758 0.446838 0.31622 -0.930002 0.187351 0.400795 -0.384863 -0.306262 -0.87068 -0.504304 0.867113 0.203222 -0.454769 0.485867 
1530698626040 0.212412 -0.95209 0.220013 -0.606386 0.727969 0.304375 0.614343 -0.219902 -0.651876 0.0296686 0.757745 0.446843 0.31622 -0.930002 0.187351 0.400795 -0.384863 -0.306262 -0.87068 -0.504304 0.867113 0.203222 -0.454769 0.485867 
1530698626057 0.212408 -0.95209 0.220015 -0.606387 0.727956 0.304374 0.614358 -0.219911 -0.651892 0.0296667 0.757732 0.446848 0.31622 -0.930002 0.187351 0.400795 -0.384863 -0.306262 -0.87068 -0.504304 0.867113 0.203222 -0.454769 0.485867 
1530698626121 0.212404 -0.952091 0.220018 -0.606387 0.727943 0.304374 0.614374 -0.219921 -0.651907 0.0296647 0.757718 0.446853 0.31622 -0.930002 0.187351 0.400795 -0.384863 -0.306262 -0.87068 -0.504304 0.867113 0.203222 -0.454769 0.485867 
1530698626240 0.212401 -0.952091 0.22002 -0.606388 0.727931 0.304373 0.614389 -0.21993 -0.651923 0.0296627 0.757705 0.446859 0.31622 -0.930002 0.187351 0.400795 -0.384863 -0.306262 -0.87068 -0.504304 0.867113 0.203222 -0.454769 0.485867 
1530698626421 0.212397 -0.952091 0.220022 -0.606388 0.727918 0.304372 0.614405 -0.21994 -0.651938 0.0296607 0.757692 0.446864 0.31622 -0.930002 0.187351 0.400795 -0.384863 -0.306262 -0.87068 -0.504304 0.867113 0.203222 -0.454769 0.485867 
1530698626543 0.212393 -0.952092 0.220025 -0.606389 0.727905 0.304372 0.61442 -0.219949 -0.651953 0.0296587 0.757679 0.446869 0.31622 -0.930002 0.187351 0.400795 -0.384863 -0.306262 -0.87068 -0.504304 0.867113 0.203222 -0.454769 0.485867 
1530698626620 0.212389 -0.952092 0.220027 -0.606389 0.727893 0.304371 0.614435 -0.219958 -0.651969 0.0296566 0.757666 0.446874 0.31622 -0.930002 0.187351 0.400795 -0.384863 -0.306262 -0.87068 -0.504304 0.867113 0.203222 -0.454769 0.485867 
1530698626764 0.212378 -0.952108 0.219969 -0.606403 0.727914 0.304324 0.614433 -0.21988 -0.651948 0.0296268 0.757684 0.446819 0.31622 -0.930002 0.187351 0.400795 -0.384863 -0.306262 -0.87068 -0.504304 0.867113 0.203222 -0.454769 0.485867 
1530698626777 0.212361 -0.952106 0.219995 -0.606424 0.727904 0.304328 0.614443 -0.219891 -0.651965 0.0296517 0.757669 0.446827 0.31622 -0.930002 0.187351 0.400795 -0.384863 -0.306262 -0.87068 -0.504304 0.867113 0.203222 -0.454769 0.485867 
1530698626794 0.212343 -0.952103 0.220021 -0.606445 0.727894 0.304332 0.614453 -0.219903 -0.651982 0.0296777 0.757653 0.446835 0.31622 -0.930002 0.187351 0.400795 -0.384863 -0.306262 -0.87068 -0.504304 0.867113 0.203222 -0.454769 0.485867 
1530698626967 0.212326 -0.952101 0.220048 -0.606466 0.727884 0.304337 0.614462 -0.219914 -0.651999 0.0297033 0.757638 0.446844 0.31622 -0.930002 0.187351 0.400795 -0.384863 -0.306262 -0.87068 -0.504304 0.867113 0.203222 -0.454769 0.485867 
1530698627101 0.212308 -0.952099 0.220074 -0.606487 0.727874 0.304341 0.614471 -0.219926 -0.652015 0.0297289 0.757623 0.446852 0.31622 -0.930002 0.187351 0.400795 -0.384863 -0.306262 -0.87068 -0.504304 0.867113 0.203222 -0.454769 0.485867 
1530698627242 0.212291 -0.952097 0.220101 -0.606508 0.727865 0.304346 0.614481 -0.219937 -0.652032 0.0297546 0.757607 0.44686 0.31622 -0.930002 0.187351 0.400795 -0.384863 -0.306262 -0.87068 -0.504304 0.867113 0.203222 -0.454769 0.485867 
1530698627366 0.212274 -0.952095 0.220127 -0.606529 0.727855 0.30435 0.61449 -0.219949 -0.652048 0.0297802 0.757592 0.446868 0.31622 -0.930002 0.187351 0.400795 -0.384863 -0.306262 -0.87068 -0.504304 0.867113 0.203222 -0.454769 0.485867 
1530698627508 0.212257 -0.952092 0.220153 -0.60655 0.727845 0.304355 0.6145 -0.21996 -0.652065 0.0298059 0.757577 0.446876 0.31622 -0.930002 0.187351 0.400795 -0.384863 -0.306262 -0.87068 -0.504304 0.867113 0.203222 -0.454769 0.485867 
1530698627713 0.212239 -0.95209 0.22018 -0.606571 0.727835 0.30436 0.614509 -0.219972 -0.652082 0.0298315 0.757562 0.446885 0.31622 -0.930002 0.187351 0.400795 -0.384863 -0.306262 -0.87068 -0.504304 0.867113 0.203222 -0.454769 0.485867 
1530698627841 0.212222 -0.952088 0.220206 -0.606591 0.727825 0.304364 0.614518 -0.219983 -0.652098 0.0298568 0.757546 0.446893 0.31622 -0.930002 0.187351 0.400795 -0.384863 -0.306262 -0.87068 -0.504304 0.867113 0.203222 -0.454769 0.485867 
1530698628003 0.212274 -0.952083 0.220175 -0.606604 0.727997 0.304375 0.61431 -0.219927 -0.65189 0.0298853 0.757724 0.446977 0.31622 -0.930002 0.187351 0.400795 -0.384863 -0.306262 -0.87068 -0.504304 0.867113 0.203222 -0.454769 0.485867 
1530698628016 0.212265 -0.952084 0.220183 -0.606639 0.727972 0.304375 0.614339 -0.219934 -0.65192 0.0298843 0.757699 0.44697 0.31622 -0.930002 0.187351 0.400795 -0.384863 -0.306262 -0.87068 -0.504304 0.867113 0.203222 -0.454769 0.485867 
1530698628033 0.212257 -0.952084 0.22019 -0.606675 0.727949 0.304375 0.614367 -0.219942 -0.651949 0.0298836 0.757674 0.446963 0.31622 -0.930002 0.187351 0.400795 -0.384863 -0.306262 -0.87068 -0.504304 0.867113 0.203222 -0.454769 0.485867 
1530698628198 0.212249 -0.952084 0.220198 -0.60671 0.727925 0.304375 0.614395 -0.219949 -0.651978 0.0298829 0.757648 0.446956 0.31622 -0.930002 0.187351 0.400795 -0.384863 -0.306262 -0.87068 -0.504304 0.867113 0.203222 -0.454769 0.485867 
1530698628329 0.212241 -0.952084 0.220206 -0.606745 0.7279 0.304374 0.614424 -0.219957 -0.652008 0.029882 0.757623 0.446949 0.31622 -0.930002 0.187351 0.400795 -0.384863 -0.306262 -0.87068 -0.504304 0.867113 0.203222 -0.454769 0.485867 
1530698628409 0.212233 -0.952084 0.220214 -0.606781 0.727876 0.304374 0.614453 -0.219964 -0.652038 0.0298812 0.757597 0.446942 0.31622 -0.930002 0.187351 0.400795 -0.384863 -0.306262 -0.87068 -0.504304 0.867113 0.203222 -0.454769 0.485867 
1530698628699 0.212225 -0.952084 0.220221 -0.606816 0.727852 0.304374 0.614481 -0.219972 -0.652067 0.0298804 0.757572 0.446934 0.31622 -0.930002 0.187351 0.400795 -0.384863 -0.306262 -0.87068 -0.504304 0.867113 0.203222 -0.454769 0.485867 
1530698628876 0.212217 -0.952084 0.220229 -0.606852 0.727828 0.304374 0.61451 -0.219979 -0.652097 0.0298797 0.757547 0.446927 0.31622 -0.930002 0.187351 0.400795 -0.384863 -0.306262 -0.87068 -0.504304 0.867113 0.203222 -0.454769 0.485867 
1530698628996 0.212208 -0.952084 0.220237 -0.606887 0.727804 0.304374 0.614538 -0.219987 -0.652126 0.0298789 0.757521 0.44692 0.31622 -0.930002 0.187351 0.400795 -0.384863 -0.306262 -0.87068 -0.504304 0.867113 0.203222 -0.454769 0.485867 
1530698629062 0.2122 -0.952084 0.220244 -0.60692 0.72778 0.304374 0.614567 -0.219994 -0.652156 0.029878 0.757496 0.446913 0.31622 -0.930002 0.187351 0.400795 -0.384863 -0.306262 -0.87068 -0.504304 0.867113 0.203222 -0.454769 0.485867 
1530698629147 0.212134 -0.95208 0.220323 -0.6069 0.727742 0.304377 0.614611 -0.219975 -0.65222 0.0299584 0.757438 0.446899 0.31622 -0.930002 0.187351 0.400795 -0.384863 -0.306262 -0.87068 -0.504304 0.867113 0.203222 -0.454769 0.485867 
1530698629158 0.212132 -0.95208 0.220326 -0.60695 0.727741 0.304378 0.614612 -0.219979 -0.652222 0.029961 0.757436 0.446899 0.31622 -0.930002 0.187351 0.400795 -0.384863 -0.306262 -0.87068 -0.504304 0.867113 0.203222 -0.454769 0.485867 
1530698629174 0.21213 -0.95208 0.220328 -0.606999 0.72774 0.304378 0.614613 -0.219982 -0.652224 0.0299638 0.757434 0.4469 0.31622 -0.930002 0.187351 0.400795 -0.384863 -0.306262 -0.87068 -0.504304 0.867113 0.203222 -0.454769 0.485867 
1530698629308 0.212128 -0.95208 0.220331 -0.607049 0.727739 0.304378 0.614614 -0.219986 -0.652225 0.0299665 0.757433 0.4469 0.31622 -0.930002 0.187351 0.400795 -0.384863 -0.306262 -0.87068 -0.504304 0.867113 0.203222 -0.454769 0.485867 
1530698629419 0.212126 -0.95208 0.220333 -0.607099 0.727738 0.304378 0.614615 -0.219989 -0.652227 0.0299692 0.757431 0.4469 0.31622 -0.930002 0.187351 0.400795 -0.384863 -0.306262 -0.87068 -0.504304 0.867113 0.203222 -0.454769 0.485867 
1530698629523 0.212124 -0.95208 0.220335 -0.607149 0.727737 0.304378 0.614616 -0.219993 -0.652229 0.0299709 0.757429 0.4469 0.31622 -0.930002 0.187351 0.400795 -0.384863 -0.306262 -0.87068 -0.504304 0.867113 0.203222 -0.454769 0.485867 
1530698629615 0.212122 -0.95208 0.220338 -0.607199 0.727735 0.304378 0.614618 -0.219997 -0.652231 0.0299735 0.757427 0.446901 0.31622 -0.930002 0.187351 0.400795 -0.384863 -0.306262 -0.87068 -0.504304 0.867113 0.203222 -0.454769 0.485867 
1530698629753 0.21212 -0.952079 0.22034 -0.607248 0.727734 0.304378 0.614619 -0.22 -0.652233 0.0299761 0.757426 0.446901 0.31622 -0.930002 0.187351 0.400795 -0.384863 -0.306262 -0.87068 -0.504304 0.867113 0.203222 -0.454769 0.485867 
1530698629988 0.212118 -0.952079 0.220343 -0.607298 0.727733 0.304379 0.61462 -0.220004 -0.652235 0.0299786 0.757424 0.446901 0.31622 -0.930002 0.187351 0.400795 -0.384863 -0.306262 -0.87068 -0.504304 0.867113 0.203222 -0.454769 0.485867 
1530698630155 0.212116 -0.952079 0.220345 -0.607345 0.727732 0.304379 0.614622 -0.220006 -0.652237 0.0299811 0.757422 0.446902 0.31622 -0.930002 0.187351 0.400795 -0.384863 -0.306262 -0.87068 -0.504304 0.867113 0.203222 -0.454769 0.485867 
1530698630306 0.21208 -0.952068 0.220428 -0.607303 0.727706 0.304407 0.614639 -0.220033 -0.652278 0.0300544 0.757384 0.446901 0.31622 -0.930002 0.187351 0.400795 -0.384863 -0.306262 -0.87068 -0.504304 0.867113 0.203222 -0.454769 0.485867 
1530698630319 0.212077 -0.952068 0.220429 -0.607365 0.727704 0.304405 0.614642 -0.220031 -0.652281 0.030056 0.757381 0.446902 0.31622 -0.930002 0.187351 0.400795 -0.384863 -0.306262 -0.87068 -0.504304 0.867113 0.203222 -0.454769 0.485867 
1530698630466 0.212073 -0.952069 0.220431 -0.607428 0.727701 0.304403 0.614646 -0.220029 -0.652285 0.0300576 0.757377 0.446902 0.31622 -0.930002 0.187351 0.400795 -0.384863 -0.306262 -0.87068 -0.504304 0.867113 0.203222 -0.454769 0.485867 
1530698630681 0.212071 -0.952069 0.220432 -0.60749 0.727698 0.304402 0.61465 -0.220027 -0.652289 0.0300584 0.757374 0.446903 0.31622 -0.930002 0.187351 0.400795 -0.384863 -0.306262 -0.87068 -0.504304 0.867113 0.203222 -0.454769 0.485867 
1530698630687 0.212068 -0.95207 0.220433 -0.607553 0.727696 0.304401 0.614654 -0.220025 -0.652293 0.0300598 0.757371 0.446903 0.31622 -0.930002 0.187351 0.400795 -0.384863 -0.306262 -0.87068 -0.504304 0.867113 0.203222 -0.454769 0.485867 
1530698630846 0.212065 -0.95207 0.220434 -0.607615 0.727693 0.304399 0.614657 -0.220023 -0.652297 0.0300611 0.757367 0.446903 0.31622 -0.930002 0.187351 0.400795 -0.384863 -0.306262 -0.87068 -0.504304 0.867113 0.203222 -0.454769 0.485867 
1530698630991 0.212062 -0.952071 0.220435 -0.607678 0.727691 0.304398 0.614661 -0.220022 -0.6523 0.0300625 0.757364 0.446904 0.31622 -0.930002 0.187351 0.400795 -0.384863 -0.306262 -0.87068 -0.504304 0.867113 0.203222 -0.454769 0.485867 
1530698631133 0.212058 -0.952071 0.220436 -0.60774 0.727688 0.304396 0.614665 -0.22002 -0.652304 0.0300639 0.757361 0.446905 0.31622 -0.930002 0.187351 0.400795 -0.384863 -0.306262 -0.87068 -0.504304 0.867113 0.203222 -0.454769 0.485867 
1530698631358 0.212055 -0.952071 0.220437 -0.607803 0.727686 0.304395 0.614668 -0.220018 -0.652308 0.0300652 0.757357 0.446905 0.31622 -0.930002 0.187351 0.400795 -0.384863 -0.306262 -0.87068 -0.504304 0.867113 0.203222 -0.454769 0.485867 
1530698631365 0.212052 -0.952072 0.220438 -0.607862 0.727683 0.304393 0.614672 -0.220015 -0.652312 0.0300666 0.757354 0.446906 0.31622 -0.930002 0.187351 0.400795 -0.384863 -0.306262 -0.87068 -0.504304 0.867113 0.203222 -0.454769 0.485867 
1530698631568 0.212061 -0.952059 0.220485 -0.607831 0.727656 0.304431 0.614686 -0.220091 -0.65234 0.0300859 0.757329 0.446945 0.31622 -0.930002 0.187351 0.400795 -0.384863 -0.306262 -0.87068 -0.504304 0.867113 0.203222 -0.454769 0.485867 
1530698631580 0.212059 -0.952063 0.22047 -0.607899 0.727649 0.304421 0.614699 -0.220085 -0.652348 0.0300722 0.757323 0.446939 0.31622 -0.930002 0.187351 0.400795 -0.384863 -0.306262 -0.87068 -0.504304 0.867113 0.203222 -0.454769 0.485867 
1530698631613 0.212059 -0.952067 0.220454 -0.607968 0.727643 0.30441 0.614712 -0.220078 -0.652355 0.0300567 0.757317 0.446933 0.31622 -0.930002 0.187351 0.400795 -0.384863 -0.306262 -0.87068 -0.504304 0.867113 0.203222 -0.454769 0.485867 
1530698631762 0.212057 -0.952071 0.220437 -0.608037 0.727637 0.304398 0.614725 -0.220072 -0.652362 0.0300417 0.757312 0.446927 0.31622 -0.930002 0.187351 0.400795 -0.384863 -0.306262 -0.87068 -0.504304 0.867113 0.203222 -0.454769 0.485867 
1530698631912 0.212056 -0.952075 0.220421 -0.608105 0.727631 0.304387 0.614737 -0.220066 -0.652369 0.0300267 0.757306 0.446921 0.31622 -0.930002 0.187351 0.400795 -0.384863 -0.306262 -0.87068 -0.504304 0.867113 0.203222 -0.454769 0.485867 
1530698632086 0.212054 -0.952079 0.220405 -0.608174 0.727625 0.304376 0.61475 -0.220059 -0.652377 0.0300117 0.7573 0.446915 0.31622 -0.930002 0.187351 0.400795 -0.384863 -0.306262 -0.87068 -0.504304 0.867113 0.203222 -0.454769 0.485867 
1530698632244 0.212053 -0.952083 0.220389 -0.608242 0.727618 0.304365 0.614763 -0.220053 -0.652384 0.0299967 0.757295 0.44691 0.31622 -0.930002 0.187351 0.400795 -0.384863 -0.306262 -0.87068 -0.504304 0.867113 0.203222 -0.454769 0.485867 
