1535143881045 0.214693 0.91948 -0.329338 -0.472242 -0.943708 0.282174 0.172608 -0.171328 0.25164 0.273741 0.928301 0.473998 0.220606 -0.109509 0.969196 0.385626 -0.974696 -0.0614848 0.214911 -0.503749 0.036056 -0.992082 -0.120302 0.442111 
1535143881052 0.218629 0.919919 -0.325499 -0.488443 -0.943095 0.284844 0.171569 -0.178397 0.250546 0.269467 0.929846 0.464055 0.214386 -0.110079 0.970526 0.385483 -0.976589 -0.0421623 0.210943 -0.501877 0.0176993 -0.993028 -0.116541 0.441687 
1535143881059 0.222556 0.920331 -0.32165 -0.504645 -0.94247 0.287514 0.170543 -0.185467 0.249435 0.26519 0.931373 0.454112 0.208149 -0.110526 0.971832 0.385337 -0.978097 -0.0228213 0.206895 -0.499999 -0.000688715 -0.993611 -0.112855 0.441262 
1535143881832 0.226477 0.920716 -0.317791 -0.520847 -0.941834 0.290186 0.169529 -0.192537 0.248306 0.260912 0.932882 0.44417 0.201899 -0.110849 0.973113 0.385192 -0.97922 -0.00347035 0.202771 -0.498122 -0.0190999 -0.993831 -0.109246 0.440838 
1535143882397 0.230391 0.921072 -0.313922 -0.53705 -0.941187 0.292859 0.168525 -0.199607 0.247159 0.256632 0.934373 0.434227 0.195639 -0.111049 0.974368 0.385047 -0.979958 0.0158831 0.198571 -0.496243 -0.0375271 -0.993688 -0.105716 0.440413 
1535143882405 0.234297 0.9214 -0.310043 -0.553252 -0.940528 0.295534 0.167533 -0.206677 0.245993 0.252351 0.935845 0.424284 0.18937 -0.111126 0.975597 0.384902 -0.98031 0.0352313 0.194298 -0.494365 -0.0559631 -0.993182 -0.102266 0.439988 
1535143883161 0.238196 0.921701 -0.306153 -0.569452 -0.939857 0.29821 0.166552 -0.213746 0.244809 0.248069 0.9373 0.414341 0.183097 -0.111078 0.976799 0.384757 -0.980276 0.0545666 0.189954 -0.492488 -0.0744003 -0.992312 -0.0988966 0.439564 
1535143883734 0.242087 0.921974 -0.302255 -0.585654 -0.939175 0.300887 0.165582 -0.220816 0.243607 0.243785 0.938736 0.404398 0.17682 -0.110908 0.977975 0.384612 -0.979856 0.0738816 0.185539 -0.490609 -0.092832 -0.991081 -0.0956098 0.439139 
1535143884028 0.24597 0.922219 -0.298347 -0.601857 -0.938481 0.303565 0.164623 -0.227886 0.242387 0.239501 0.940153 0.394456 0.170542 -0.110613 0.979122 0.384466 -0.97905 0.0931688 0.181055 -0.488728 -0.111251 -0.989487 -0.0924069 0.438714 
1535143884333 0.249846 0.922436 -0.29443 -0.618059 -0.937776 0.306245 0.163676 -0.234956 0.241148 0.235215 0.941553 0.384513 0.164267 -0.110196 0.980241 0.384321 -0.977859 0.11242 0.176506 -0.486849 -0.129649 -0.987532 -0.0892888 0.43829 
1535143885769 0.247099 0.921865 -0.298507 -0.601594 -0.938167 0.304685 0.164346 -0.228174 0.242455 0.23944 0.940151 0.395183 0.164457 -0.110064 0.980224 0.384346 -0.977872 0.112079 0.176647 -0.486975 -0.129305 -0.987585 -0.0891964 0.438279 
1535143885784 0.247762 0.921946 -0.297709 -0.604857 -0.938058 0.305109 0.164184 -0.229557 0.242202 0.23859 0.940432 0.393122 0.167222 -0.112351 0.979497 0.384367 -0.977998 0.106778 0.179214 -0.487181 -0.124724 -0.987915 -0.0920233 0.438829 
1535143886127 0.248424 0.922025 -0.29691 -0.608124 -0.937948 0.305533 0.164022 -0.230943 0.241948 0.237739 0.940713 0.391061 0.169998 -0.114624 0.978755 0.384389 -0.978093 0.101469 0.181766 -0.48739 -0.120148 -0.988213 -0.0948632 0.439379 
1535143886475 0.249086 0.922103 -0.29611 -0.61139 -0.937838 0.305956 0.16386 -0.232328 0.241693 0.236888 0.940993 0.389 0.172782 -0.116881 0.978001 0.384411 -0.978156 0.0961509 0.184301 -0.487599 -0.115577 -0.988481 -0.0977143 0.439929 
1535143886804 0.249748 0.922181 -0.29531 -0.614659 -0.937728 0.30638 0.163699 -0.233714 0.241438 0.236037 0.941273 0.386938 0.175576 -0.119122 0.977232 0.384433 -0.978187 0.0908248 0.186818 -0.487809 -0.111011 -0.988717 -0.100577 0.44048 
1535143886829 0.25041 0.922257 -0.29451 -0.617924 -0.937617 0.306804 0.163539 -0.235098 0.241182 0.235186 0.941551 0.384877 0.178379 -0.121347 0.976451 0.384455 -0.978187 0.0854904 0.18932 -0.488018 -0.106451 -0.988922 -0.10345 0.44103 
1535143886861 0.251071 0.922333 -0.293709 -0.621192 -0.937507 0.307228 0.163378 -0.236484 0.240925 0.234335 0.941829 0.382816 0.18119 -0.123556 0.975656 0.384477 -0.978155 0.0801486 0.191804 -0.488227 -0.101896 -0.989096 -0.106334 0.44158 
1535143887129 0.251732 0.922408 -0.292908 -0.624459 -0.937395 0.307652 0.163218 -0.23787 0.240668 0.233484 0.942106 0.380754 0.184011 -0.125748 0.974847 0.384499 -0.978092 0.074799 0.194272 -0.488437 -0.0973469 -0.989238 -0.109229 0.44213 
1535143887135 0.252392 0.922481 -0.292107 -0.627726 -0.937284 0.308076 0.163059 -0.239255 0.24041 0.232632 0.942383 0.378693 0.186841 -0.127925 0.974025 0.384521 -0.977997 0.0694418 0.196723 -0.488646 -0.0928039 -0.98935 -0.112135 0.442681 
1535143887388 0.253053 0.922554 -0.291306 -0.630992 -0.937172 0.3085 0.162899 -0.24064 0.240151 0.231781 0.942658 0.376631 0.189679 -0.130085 0.973191 0.384543 -0.977871 0.0640777 0.199156 -0.488855 -0.0882671 -0.98943 -0.115052 0.443231 
1535143888242 0.253872 0.922236 -0.291599 -0.630765 -0.936888 0.309393 0.162839 -0.240836 0.240394 0.231855 0.942578 0.3771 0.189265 -0.129856 0.973302 0.38451 -0.977859 0.0651924 0.198849 -0.488725 -0.0892737 -0.989387 -0.114643 0.443061 
1535143888255 0.25339 0.921754 -0.293536 -0.630752 -0.936925 0.309367 0.16268 -0.240925 0.240761 0.233799 0.942004 0.377265 0.19235 -0.129878 0.972694 0.384572 -0.977967 0.0565774 0.200947 -0.489058 -0.081131 -0.989915 -0.116133 0.443323 
1535143888380 0.252909 0.921267 -0.295473 -0.630738 -0.936961 0.309341 0.162519 -0.241014 0.241126 0.235744 0.941426 0.377429 0.195435 -0.129872 0.972079 0.384635 -0.977997 0.0479573 0.203032 -0.489397 -0.0729864 -0.99037 -0.117642 0.443585 
1535143888477 0.252426 0.920777 -0.297408 -0.630724 -0.936997 0.309314 0.162359 -0.241103 0.241489 0.237687 0.940844 0.377594 0.198518 -0.129839 0.971459 0.384698 -0.97795 0.0393338 0.205102 -0.489736 -0.0648414 -0.990755 -0.119168 0.443847 
1535143888741 0.251943 0.920282 -0.299343 -0.63071 -0.937034 0.309288 0.162199 -0.241192 0.241852 0.239629 0.940258 0.377759 0.2016 -0.129779 0.970832 0.384761 -0.977826 0.0307075 0.207157 -0.490075 -0.0566965 -0.991067 -0.120711 0.444109 
1535143888751 0.251458 0.919784 -0.301275 -0.630696 -0.937071 0.30926 0.162039 -0.241281 0.242214 0.24157 0.939668 0.377924 0.20468 -0.129692 0.970199 0.384825 -0.977624 0.0220791 0.209198 -0.490414 -0.0485524 -0.991308 -0.122271 0.444371 
1535143888964 0.250974 0.919281 -0.303208 -0.630682 -0.937107 0.309233 0.161879 -0.241369 0.242574 0.243511 0.939074 0.378089 0.207758 -0.129578 0.96956 0.384888 -0.977345 0.0134495 0.211224 -0.490752 -0.0404099 -0.991478 -0.123848 0.444633 
1535143889040 0.250488 0.918775 -0.305138 -0.630667 -0.937144 0.309205 0.161719 -0.241458 0.242934 0.24545 0.938476 0.378253 0.210834 -0.129436 0.968915 0.384951 -0.976989 0.00481895 0.213235 -0.491092 -0.0322694 -0.991576 -0.125442 0.444895 
1535143889318 0.250002 0.918264 -0.307068 -0.630654 -0.937181 0.309177 0.161559 -0.241547 0.243293 0.247388 0.937874 0.378418 0.213906 -0.129267 0.968263 0.385014 -0.976556 -0.00381146 0.21523 -0.491431 -0.0241317 -0.991602 -0.127052 0.445157 
1535143889524 0.249515 0.917749 -0.308996 -0.63064 -0.937218 0.309149 0.1614 -0.241636 0.24365 0.249325 0.937268 0.378583 0.216976 -0.129072 0.967606 0.385077 -0.976046 -0.0124412 0.217209 -0.491769 -0.0159974 -0.991557 -0.128679 0.445418 
1535143890319 0.249816 0.917974 -0.308086 -0.630679 -0.93718 0.309232 0.161463 -0.241575 0.243489 0.248395 0.937557 0.378472 0.216797 -0.129263 0.967621 0.385101 -0.976069 -0.0114641 0.217158 -0.491566 -0.0169777 -0.991544 -0.128655 0.445245 
1535143890329 0.2494 0.918294 -0.307467 -0.630924 -0.937319 0.308699 0.161671 -0.241733 0.243376 0.247874 0.937724 0.378344 0.217006 -0.1286 0.967662 0.385063 -0.976068 -0.0142743 0.216995 -0.491607 -0.0140927 -0.991594 -0.12862 0.445226 
1535143890336 0.248985 0.918613 -0.306848 -0.631172 -0.937459 0.308166 0.161878 -0.241892 0.243264 0.247352 0.937891 0.378215 0.217216 -0.127935 0.967703 0.385025 -0.976059 -0.0170844 0.216833 -0.491649 -0.0112078 -0.991635 -0.128583 0.445208 
1535143890581 0.24857 0.918933 -0.306229 -0.631421 -0.937598 0.307632 0.162085 -0.242052 0.243151 0.24683 0.938058 0.378086 0.217424 -0.127269 0.967745 0.384987 -0.976042 -0.0198945 0.216671 -0.491691 -0.00832285 -0.991669 -0.128546 0.44519 
1535143890641 0.248154 0.919251 -0.305609 -0.631669 -0.937738 0.307099 0.162292 -0.242211 0.243039 0.246308 0.938224 0.377957 0.217629 -0.126603 0.967786 0.384949 -0.976016 -0.0227045 0.21651 -0.491733 -0.00543777 -0.991694 -0.128508 0.445171 
1535143890649 0.247738 0.919569 -0.304989 -0.631918 -0.937876 0.306565 0.162498 -0.242371 0.242927 0.245785 0.93839 0.377828 0.217834 -0.125936 0.967827 0.384911 -0.975983 -0.0255146 0.216349 -0.491776 -0.00255255 -0.99171 -0.12847 0.445153 
1535143890768 0.247323 0.919886 -0.304369 -0.632166 -0.938015 0.306031 0.162704 -0.24253 0.242815 0.245263 0.938556 0.3777 0.218035 -0.125269 0.967868 0.384873 -0.975941 -0.0283243 0.216188 -0.491818 0.000332506 -0.991718 -0.128431 0.445134 
1535143891018 0.246907 0.920203 -0.303749 -0.632416 -0.938154 0.305497 0.162909 -0.24269 0.242704 0.24474 0.938721 0.377571 0.218235 -0.124601 0.967909 0.384835 -0.975891 -0.0311341 0.216027 -0.49186 0.00321777 -0.991718 -0.128392 0.445116 
1535143891065 0.246491 0.920519 -0.303128 -0.632664 -0.938292 0.304963 0.163114 -0.242849 0.242593 0.244217 0.938886 0.377442 0.218433 -0.123933 0.96795 0.384797 -0.975833 -0.0339435 0.215866 -0.491902 0.00610282 -0.99171 -0.128352 0.445098 
1535143891082 0.246074 0.920835 -0.302508 -0.632912 -0.93843 0.304429 0.163319 -0.243009 0.242482 0.243694 0.939051 0.377313 0.218629 -0.123264 0.967992 0.384759 -0.975767 -0.0367529 0.215705 -0.491944 0.0089879 -0.991693 -0.128312 0.445079 
1535143891501 0.246676 0.920332 -0.303545 -0.632551 -0.938212 0.305245 0.163048 -0.242725 0.242713 0.244569 0.938763 0.377584 0.218053 -0.124816 0.967922 0.384807 -0.975935 -0.0299757 0.215993 -0.491866 0.00205486 -0.991727 -0.128348 0.44515 
1535143891648 0.246294 0.920742 -0.302612 -0.632752 -0.938365 0.304663 0.163253 -0.242895 0.242508 0.243752 0.939029 0.377426 0.21782 -0.125126 0.967935 0.384788 -0.975989 -0.0284254 0.215958 -0.491943 0.000491992 -0.991734 -0.128313 0.445134 
1535143891739 0.245911 0.921151 -0.301677 -0.632957 -0.938518 0.304081 0.163459 -0.243068 0.242304 0.242933 0.939294 0.377268 0.217586 -0.125437 0.967947 0.38477 -0.976041 -0.0268757 0.215922 -0.49202 -0.00107033 -0.991738 -0.128279 0.445118 
1535143891745 0.245528 0.921559 -0.300741 -0.633162 -0.938671 0.303497 0.163663 -0.24324 0.2421 0.242113 0.939558 0.37711 0.217352 -0.125747 0.96796 0.384751 -0.97609 -0.0253259 0.215887 -0.492097 -0.00263266 -0.991739 -0.128245 0.445101 
1535143892011 0.245145 0.921966 -0.299806 -0.633367 -0.938824 0.302914 0.163868 -0.243413 0.241896 0.241293 0.939821 0.376951 0.217117 -0.126057 0.967972 0.384732 -0.976137 -0.0237761 0.215852 -0.492174 -0.004195 -0.991738 -0.128211 0.445085 
1535143892050 0.244761 0.922371 -0.298869 -0.633573 -0.938976 0.30233 0.164072 -0.243586 0.241692 0.240473 0.940084 0.376793 0.216882 -0.126366 0.967984 0.384714 -0.976181 -0.0222263 0.215817 -0.49225 -0.00575728 -0.991735 -0.128177 0.445069 
1535143892257 0.244377 0.922776 -0.297933 -0.633777 -0.939129 0.301747 0.164275 -0.243758 0.241489 0.239653 0.940345 0.376635 0.216646 -0.126676 0.967997 0.384695 -0.976223 -0.0206762 0.215781 -0.492327 -0.00731964 -0.991729 -0.128143 0.445053 
1535143892299 0.243993 0.92318 -0.296996 -0.633983 -0.939281 0.301162 0.164478 -0.243931 0.241286 0.238831 0.940606 0.376476 0.21641 -0.126984 0.968009 0.384676 -0.976262 -0.0191263 0.215746 -0.492404 -0.00888192 -0.99172 -0.128109 0.445037 
1535143892496 0.243608 0.923582 -0.296059 -0.634188 -0.939433 0.300578 0.16468 -0.244103 0.241084 0.23801 0.940866 0.376318 0.216172 -0.127293 0.968022 0.384658 -0.976299 -0.0175761 0.21571 -0.492481 -0.0104443 -0.991709 -0.128075 0.44502 
1535143892586 0.243224 0.923984 -0.295121 -0.634394 -0.939584 0.299993 0.164881 -0.244276 0.240882 0.237188 0.941126 0.376159 0.215935 -0.127601 0.968034 0.384639 -0.976334 -0.016026 0.215674 -0.492558 -0.0120065 -0.991696 -0.128042 0.445004 
1535143892875 0.243652 0.923672 -0.295744 -0.634252 -0.93941 0.300574 0.164816 -0.244293 0.241129 0.237667 0.940941 0.376307 0.216147 -0.127306 0.968026 0.384622 -0.976303 -0.017399 0.215707 -0.492486 -0.0106182 -0.991711 -0.12805 0.44506 
1535143892887 0.244008 0.923686 -0.295404 -0.634231 -0.939297 0.300873 0.164913 -0.244295 0.241207 0.237232 0.941031 0.376246 0.211824 -0.12702 0.969018 0.384524 -0.977134 -0.00879709 0.212444 -0.492077 -0.0184601 -0.991861 -0.125979 0.444576 
1535143892915 0.244366 0.9237 -0.295065 -0.634211 -0.939184 0.301172 0.16501 -0.244296 0.241285 0.236797 0.941121 0.376186 0.207497 -0.126696 0.969996 0.384425 -0.977882 -0.000196014 0.209158 -0.491663 -0.0263093 -0.991942 -0.123934 0.444092 
1535143893056 0.244723 0.923714 -0.294725 -0.63419 -0.939071 0.301471 0.165107 -0.244298 0.241363 0.236363 0.94121 0.376125 0.203171 -0.126333 0.970959 0.384326 -0.978547 0.00840388 0.205852 -0.491249 -0.0341658 -0.991952 -0.121916 0.443608 
1535143893071 0.24508 0.923728 -0.294386 -0.63417 -0.938958 0.30177 0.165204 -0.244299 0.241441 0.235928 0.941299 0.376064 0.198844 -0.125933 0.971906 0.384227 -0.97913 0.0170019 0.202524 -0.490835 -0.0420288 -0.991893 -0.119924 0.443124 
1535143893084 0.245437 0.923741 -0.294046 -0.634149 -0.938845 0.302069 0.165302 -0.244301 0.241518 0.235492 0.941389 0.376004 0.194518 -0.125495 0.972838 0.384129 -0.979629 0.0255972 0.199177 -0.490422 -0.0498977 -0.991764 -0.117959 0.44264 
1535143893203 0.245794 0.923754 -0.293706 -0.634129 -0.938732 0.302367 0.165399 -0.244303 0.241595 0.235057 0.941477 0.375943 0.190192 -0.125018 0.973754 0.384029 -0.980046 0.0341894 0.19581 -0.490007 -0.0577718 -0.991565 -0.116021 0.442156 
1535143893217 0.246151 0.923767 -0.293367 -0.634108 -0.938618 0.302666 0.165497 -0.244304 0.241673 0.234622 0.941566 0.375882 0.185867 -0.124504 0.974655 0.38393 -0.980379 0.0427774 0.192423 -0.489592 -0.0656506 -0.991297 -0.11411 0.441672 
1535143893259 0.246508 0.92378 -0.293027 -0.634088 -0.938505 0.302964 0.165594 -0.244306 0.24175 0.234187 0.941655 0.375821 0.181543 -0.123951 0.97554 0.383831 -0.98063 0.0513605 0.189017 -0.489179 -0.0735331 -0.990958 -0.112226 0.441188 
1535143893278 0.246865 0.923792 -0.292687 -0.634067 -0.938391 0.303263 0.165692 -0.244307 0.241826 0.233751 0.941743 0.375761 0.177222 -0.123361 0.976409 0.383732 -0.980797 0.059938 0.185591 -0.488766 -0.0814187 -0.99055 -0.11037 0.440704 
1535143894343 0.245877 0.923774 -0.293576 -0.634114 -0.938718 0.302415 0.165388 -0.244291 0.241563 0.23492 0.94152 0.375885 0.177877 -0.123122 0.97632 0.383879 -0.980745 0.0591026 0.186136 -0.488842 -0.0806205 -0.99063 -0.110238 0.440903 
1535143894356 0.246571 0.923685 -0.293273 -0.633929 -0.938598 0.302962 0.165069 -0.244208 0.241322 0.234564 0.941671 0.375917 0.177536 -0.123044 0.976392 0.38389 -0.980758 0.0597504 0.185859 -0.488897 -0.0812087 -0.990601 -0.110068 0.440787 
1535143894376 0.247265 0.923596 -0.292969 -0.63374 -0.938478 0.303509 0.164749 -0.244123 0.24108 0.234208 0.941821 0.375949 0.177194 -0.122966 0.976464 0.383901 -0.980771 0.0603991 0.185582 -0.488951 -0.0817978 -0.990571 -0.109899 0.440671 
1535143894389 0.247959 0.923506 -0.292665 -0.633551 -0.938357 0.304055 0.164429 -0.244038 0.240838 0.233852 0.941972 0.375982 0.176853 -0.122888 0.976535 0.383912 -0.980783 0.0610477 0.185304 -0.489005 -0.082387 -0.990541 -0.10973 0.440555 
1535143894393 0.248653 0.923416 -0.29236 -0.633361 -0.938235 0.304602 0.16411 -0.243953 0.240595 0.233496 0.942122 0.376014 0.176511 -0.12281 0.976607 0.383923 -0.980795 0.0616962 0.185027 -0.489059 -0.0829762 -0.990511 -0.109562 0.440439 
1535143894400 0.249347 0.923325 -0.292056 -0.633171 -0.938113 0.305149 0.16379 -0.243867 0.240352 0.233141 0.942272 0.376047 0.17617 -0.122732 0.976679 0.383934 -0.980806 0.0623448 0.184749 -0.489112 -0.0835654 -0.99048 -0.109393 0.440323 
1535143894414 0.25004 0.923234 -0.291751 -0.632982 -0.937991 0.305695 0.163471 -0.243782 0.240109 0.232785 0.942422 0.37608 0.175829 -0.122654 0.97675 0.383945 -0.980817 0.0629932 0.184471 -0.489166 -0.0841546 -0.990448 -0.109225 0.440207 
1535143894420 0.250733 0.923142 -0.291446 -0.632792 -0.937868 0.306242 0.163152 -0.243697 0.239866 0.23243 0.942571 0.376112 0.175487 -0.122575 0.976821 0.383956 -0.980828 0.0636416 0.184193 -0.48922 -0.0847439 -0.990417 -0.109056 0.440091 
1535143894467 0.251426 0.92305 -0.29114 -0.632603 -0.937745 0.306789 0.162834 -0.243612 0.239622 0.232075 0.942721 0.376145 0.175146 -0.122496 0.976892 0.383967 -0.980837 0.06429 0.183915 -0.489274 -0.0853332 -0.990385 -0.108888 0.439975 
1535143894474 0.252119 0.922958 -0.290835 -0.632413 -0.937621 0.307335 0.162515 -0.243526 0.239378 0.23172 0.94287 0.376178 0.174805 -0.122417 0.976963 0.383978 -0.980847 0.0649383 0.183637 -0.489327 -0.0859226 -0.990352 -0.10872 0.439859 
1535143894951 0.251417 0.922981 -0.291369 -0.6327 -0.937661 0.306904 0.1631 -0.243481 0.23996 0.2322 0.942604 0.376107 0.175598 -0.122513 0.976809 0.38398 -0.980837 0.0632955 0.18426 -0.489195 -0.084402 -0.990446 -0.109051 0.440202 
1535143894957 0.25148 0.922975 -0.291332 -0.632374 -0.937694 0.306909 0.162901 -0.243354 0.239767 0.232214 0.94265 0.376218 0.177788 -0.125374 0.97605 0.384089 -0.980692 0.0595217 0.186279 -0.489573 -0.0814506 -0.990322 -0.112371 0.440667 
1535143894964 0.251464 0.922974 -0.291351 -0.632091 -0.937733 0.306864 0.162764 -0.243256 0.239632 0.232281 0.942668 0.376323 0.179989 -0.128224 0.975276 0.384199 -0.980531 0.0557403 0.188287 -0.489958 -0.0785051 -0.990178 -0.115695 0.441132 
1535143894970 0.251447 0.922972 -0.29137 -0.631808 -0.937771 0.306818 0.162626 -0.243157 0.239497 0.232346 0.942686 0.376428 0.182198 -0.131065 0.974488 0.384308 -0.980354 0.0519525 0.190282 -0.490342 -0.0755663 -0.990012 -0.119024 0.441597 
1535143895261 0.251431 0.922971 -0.291389 -0.631526 -0.93781 0.306773 0.162489 -0.243058 0.239362 0.232412 0.942704 0.376534 0.184414 -0.133895 0.973685 0.384419 -0.980161 0.0481582 0.192263 -0.490727 -0.0726341 -0.989825 -0.122358 0.442062 
1535143895420 0.251415 0.922969 -0.291407 -0.631243 -0.937849 0.306727 0.162351 -0.242959 0.239228 0.232478 0.942722 0.376639 0.186638 -0.136716 0.972869 0.384529 -0.979952 0.0443576 0.194231 -0.491112 -0.0697087 -0.989617 -0.125697 0.442527 
1535143895431 0.251399 0.922968 -0.291425 -0.63096 -0.937888 0.306681 0.162214 -0.24286 0.239093 0.232544 0.94274 0.376744 0.188869 -0.139527 0.972039 0.384638 -0.979728 0.040551 0.196184 -0.491496 -0.0667902 -0.989388 -0.12904 0.442992 
1535143895673 0.251383 0.922966 -0.291444 -0.630677 -0.937926 0.306636 0.162076 -0.242761 0.238958 0.23261 0.942757 0.37685 0.191108 -0.142328 0.971195 0.384749 -0.979488 0.0367381 0.198124 -0.491881 -0.0638785 -0.989138 -0.132388 0.443457 
1535143895865 0.251367 0.922965 -0.291463 -0.630395 -0.937965 0.30659 0.161939 -0.242663 0.238823 0.232676 0.942775 0.376955 0.193354 -0.145119 0.970337 0.384859 -0.979233 0.0329194 0.20005 -0.492265 -0.060974 -0.988866 -0.13574 0.443922 
1535143896016 0.25135 0.922964 -0.291481 -0.630112 -0.938004 0.306545 0.161801 -0.242564 0.238688 0.232742 0.942793 0.37706 0.195608 -0.147899 0.969466 0.384969 -0.978961 0.0290947 0.201962 -0.492651 -0.0580764 -0.988574 -0.139096 0.444387 
1535143896539 0.251316 0.922968 -0.291497 -0.630343 -0.937961 0.306565 0.162007 -0.242601 0.23889 0.232698 0.942753 0.376989 0.195125 -0.147497 0.969624 0.384861 -0.978978 0.030582 0.201659 -0.492578 -0.0593972 -0.98859 -0.138429 0.444023 
1535143896551 0.251413 0.922922 -0.291559 -0.629827 -0.937856 0.306745 0.162274 -0.242414 0.239201 0.232643 0.942688 0.377163 0.193828 -0.145621 0.970168 0.384864 -0.97914 0.0327263 0.200533 -0.492514 -0.0609518 -0.988799 -0.13624 0.443621 
1535143896557 0.251511 0.922875 -0.291622 -0.629305 -0.937751 0.306926 0.162539 -0.242225 0.23951 0.232589 0.942623 0.377338 0.192525 -0.143717 0.970711 0.384866 -0.979295 0.0349345 0.1994 -0.49243 -0.0625685 -0.989002 -0.134016 0.443205 
1535143896666 0.251609 0.922829 -0.291686 -0.628783 -0.937646 0.307107 0.162805 -0.242034 0.23982 0.232535 0.942557 0.377513 0.191224 -0.14181 0.971248 0.384867 -0.979445 0.0371405 0.198261 -0.492346 -0.064188 -0.989197 -0.131793 0.442789 
1535143896673 0.251706 0.922782 -0.291749 -0.628262 -0.937541 0.307288 0.16307 -0.241846 0.240129 0.232481 0.942492 0.377688 0.189927 -0.139899 0.97178 0.384868 -0.97959 0.0393439 0.197118 -0.492264 -0.0658101 -0.989384 -0.129571 0.442373 
1535143896869 0.251803 0.922735 -0.291812 -0.62774 -0.937435 0.307469 0.163335 -0.241656 0.240439 0.232427 0.942426 0.377863 0.188633 -0.137984 0.972306 0.384869 -0.97973 0.0415451 0.195969 -0.492181 -0.0674351 -0.989563 -0.12735 0.441957 
1535143896876 0.251901 0.922689 -0.291876 -0.627218 -0.937329 0.30765 0.163601 -0.241466 0.240748 0.232373 0.942361 0.378038 0.187341 -0.136066 0.972826 0.384871 -0.979864 0.0437438 0.194815 -0.492097 -0.0690627 -0.989734 -0.125131 0.441541 
1535143897076 0.251998 0.922642 -0.291939 -0.626697 -0.937224 0.307831 0.163866 -0.241277 0.241057 0.232318 0.942295 0.378213 0.186052 -0.134144 0.97334 0.384872 -0.979993 0.04594 0.193655 -0.492014 -0.070693 -0.989896 -0.122913 0.441125 
1535143897341 0.252095 0.922596 -0.292002 -0.626176 -0.937118 0.308011 0.164131 -0.241088 0.241367 0.232264 0.942229 0.378388 0.184766 -0.132219 0.973848 0.384873 -0.980118 0.0481337 0.192491 -0.491931 -0.0723259 -0.990051 -0.120697 0.440709 
1535143897429 0.252193 0.922549 -0.292066 -0.625654 -0.937012 0.308192 0.164396 -0.240898 0.241676 0.23221 0.942163 0.378563 0.183483 -0.130291 0.97435 0.384874 -0.980237 0.050325 0.191321 -0.491847 -0.0739616 -0.990198 -0.118482 0.440293 
1535143897912 0.251779 0.922681 -0.292004 -0.625901 -0.937184 0.307729 0.164286 -0.240882 0.241442 0.232297 0.942202 0.37847 0.183795 -0.131017 0.974194 0.38485 -0.980222 0.0495547 0.191597 -0.491927 -0.0733783 -0.990141 -0.119318 0.440441 
1535143897923 0.25171 0.922649 -0.292167 -0.625493 -0.93706 0.307829 0.164804 -0.24072 0.241993 0.232295 0.942061 0.37859 0.186132 -0.131378 0.973702 0.384968 -0.980135 0.0442447 0.193331 -0.492235 -0.0684805 -0.990345 -0.120533 0.440698 
1535143897931 0.251642 0.922616 -0.29233 -0.625082 -0.936936 0.307929 0.165321 -0.240558 0.242545 0.232293 0.941919 0.37871 0.188472 -0.131725 0.973204 0.385088 -0.980018 0.0389332 0.195061 -0.492549 -0.0635844 -0.990521 -0.121755 0.440955 
1535143898196 0.251573 0.922582 -0.292494 -0.624671 -0.936811 0.30803 0.165837 -0.240395 0.243096 0.232291 0.941778 0.37883 0.190813 -0.13206 0.972703 0.385208 -0.97987 0.0336199 0.196783 -0.492865 -0.0586894 -0.990671 -0.122987 0.441213 
1535143898353 0.251504 0.92255 -0.292656 -0.624261 -0.936687 0.30813 0.166355 -0.240232 0.243647 0.232289 0.941636 0.378951 0.193154 -0.132383 0.972197 0.385327 -0.979693 0.0283054 0.198498 -0.493178 -0.053796 -0.990794 -0.124227 0.44147 
1535143898401 0.251435 0.922516 -0.29282 -0.62385 -0.936562 0.308231 0.166871 -0.24007 0.244198 0.232287 0.941494 0.379071 0.195497 -0.132692 0.971686 0.385447 -0.979484 0.0229894 0.200205 -0.493493 -0.0489041 -0.990891 -0.125475 0.441728 
1535143898668 0.251366 0.922484 -0.292983 -0.623439 -0.936436 0.308331 0.167388 -0.239907 0.244749 0.232284 0.941351 0.379191 0.19784 -0.132989 0.971171 0.385566 -0.979246 0.0176722 0.201905 -0.493808 -0.0440139 -0.99096 -0.126732 0.441985 
1535143898674 0.251297 0.922451 -0.293146 -0.623029 -0.936311 0.308432 0.167905 -0.239744 0.2453 0.232282 0.941208 0.379312 0.200184 -0.133273 0.970652 0.385686 -0.978977 0.0123542 0.203597 -0.494122 -0.0391256 -0.991002 -0.127998 0.442242 
1535143898801 0.251228 0.922418 -0.293309 -0.622619 -0.936185 0.308532 0.168422 -0.239582 0.24585 0.232279 0.941065 0.379432 0.202528 -0.133544 0.970128 0.385805 -0.978678 0.00703542 0.205281 -0.494436 -0.0342393 -0.991018 -0.129272 0.4425 
1535143898941 0.251159 0.922385 -0.293472 -0.622208 -0.936059 0.308633 0.168938 -0.239419 0.246401 0.232277 0.940922 0.379552 0.204873 -0.133802 0.9696 0.385925 -0.978348 0.00171579 0.206958 -0.494751 -0.0293551 -0.991007 -0.130554 0.442757 
1535143899440 0.250909 0.922444 -0.293498 -0.622505 -0.936244 0.308287 0.168538 -0.239334 0.245949 0.232498 0.940986 0.379381 0.202189 -0.133708 0.970176 0.385775 -0.978722 0.00779737 0.205045 -0.494241 -0.034981 -0.99099 -0.129286 0.442336 
1535143899571 0.250991 0.922363 -0.293683 -0.622134 -0.936135 0.308482 0.16879 -0.239206 0.246281 0.232562 0.940883 0.379498 0.203609 -0.133434 0.969917 0.385834 -0.978517 0.00502011 0.206105 -0.494468 -0.0323705 -0.991045 -0.129545 0.442411 
1535143899579 0.251075 0.922281 -0.293869 -0.62176 -0.936025 0.308678 0.16904 -0.239077 0.246613 0.232627 0.94078 0.379616 0.205031 -0.133156 0.969656 0.385895 -0.978303 0.00224226 0.207167 -0.4947 -0.0297598 -0.991093 -0.129807 0.442486 
1535143899589 0.251159 0.922199 -0.294055 -0.621386 -0.935915 0.308875 0.16929 -0.238948 0.246945 0.232692 0.940677 0.379734 0.206451 -0.132875 0.969393 0.385955 -0.97808 -0.000535265 0.208228 -0.494932 -0.0271493 -0.991133 -0.130072 0.442561 
1535143899754 0.251243 0.922117 -0.29424 -0.621011 -0.935805 0.309071 0.169541 -0.238818 0.247277 0.232756 0.940574 0.379852 0.20787 -0.132589 0.969129 0.386016 -0.977849 -0.00331254 0.209288 -0.495165 -0.0245389 -0.991166 -0.13034 0.442637 
1535143899887 0.251326 0.922035 -0.294426 -0.620637 -0.935695 0.309268 0.169791 -0.238688 0.247609 0.23282 0.94047 0.37997 0.209289 -0.132299 0.968863 0.386076 -0.977608 -0.00608949 0.210346 -0.495398 -0.0219287 -0.991191 -0.130611 0.442712 
1535143900136 0.25141 0.921952 -0.294613 -0.620263 -0.935584 0.309465 0.17004 -0.238559 0.247941 0.232885 0.940367 0.380088 0.210706 -0.132005 0.968596 0.386136 -0.977359 -0.00886595 0.211403 -0.495629 -0.0193188 -0.991209 -0.130884 0.442787 
1535143900152 0.251493 0.92187 -0.294798 -0.619888 -0.935474 0.309661 0.170291 -0.238429 0.248273 0.232949 0.940263 0.380206 0.212122 -0.131707 0.968327 0.386197 -0.9771 -0.0116422 0.21246 -0.495863 -0.0167091 -0.99122 -0.131161 0.442863 
1535143900329 0.251577 0.921788 -0.294984 -0.619515 -0.935363 0.309857 0.170541 -0.2383 0.248605 0.233013 0.94016 0.380324 0.213536 -0.131406 0.968057 0.386257 -0.976833 -0.0144179 0.213515 -0.496095 -0.0140998 -0.991224 -0.13144 0.442938 
1535143900581 0.25166 0.921706 -0.295171 -0.619141 -0.935253 0.310054 0.17079 -0.238171 0.248937 0.233078 0.940056 0.380441 0.21495 -0.1311 0.967786 0.386318 -0.976557 -0.0171931 0.214569 -0.496326 -0.0114907 -0.99122 -0.131722 0.443013 
1535143900965 0.251413 0.921801 -0.295085 -0.619409 -0.935395 0.309731 0.170595 -0.238134 0.248652 0.233131 0.940118 0.380368 0.214292 -0.131187 0.96792 0.386261 -0.976694 -0.0164143 0.21401 -0.496271 -0.0121875 -0.991222 -0.131647 0.4429 
1535143900974 0.251396 0.921724 -0.295338 -0.619128 -0.935319 0.309837 0.170819 -0.23806 0.248955 0.233292 0.939998 0.380463 0.215438 -0.131939 0.967563 0.38633 -0.976461 -0.018496 0.214897 -0.496458 -0.0104573 -0.991085 -0.132818 0.443113 
1535143900980 0.251379 0.921648 -0.295591 -0.618844 -0.935243 0.309944 0.171043 -0.237985 0.249258 0.233453 0.939878 0.380559 0.216588 -0.13269 0.967204 0.386401 -0.976224 -0.0205785 0.215785 -0.496651 -0.00872874 -0.990944 -0.133992 0.443326 
1535143901176 0.251363 0.92157 -0.295845 -0.61856 -0.935166 0.310052 0.171267 -0.237909 0.249562 0.233614 0.939757 0.380655 0.217739 -0.133437 0.966842 0.386472 -0.975982 -0.0226618 0.21667 -0.496846 -0.00700144 -0.990798 -0.135167 0.44354 
1535143901286 0.251347 0.921494 -0.296099 -0.618277 -0.935089 0.310159 0.171491 -0.237834 0.249865 0.233775 0.939636 0.38075 0.21889 -0.134182 0.966479 0.386542 -0.975735 -0.0247454 0.217551 -0.497038 -0.00527566 -0.990648 -0.136343 0.443753 
1535143901333 0.25133 0.921416 -0.296353 -0.617992 -0.935013 0.310267 0.171714 -0.237758 0.250169 0.233937 0.939515 0.380846 0.220043 -0.134925 0.966114 0.386613 -0.975484 -0.0268297 0.21843 -0.497232 -0.00355115 -0.990493 -0.137521 0.443967 
1535143901568 0.251314 0.921339 -0.296607 -0.617708 -0.934936 0.310375 0.171938 -0.237683 0.250472 0.234098 0.939394 0.380942 0.221197 -0.135665 0.965747 0.386683 -0.975227 -0.0289146 0.219307 -0.497426 -0.00182803 -0.990333 -0.1387 0.444181 
1535143901596 0.251297 0.921262 -0.29686 -0.617424 -0.934859 0.310482 0.172162 -0.237607 0.250776 0.234259 0.939273 0.381037 0.222352 -0.136402 0.965378 0.386754 -0.974966 -0.031 0.22018 -0.497619 -0.00010639 -0.990168 -0.139881 0.444394 
1535143901739 0.25128 0.921185 -0.297114 -0.617141 -0.934782 0.31059 0.172385 -0.237532 0.251079 0.23442 0.939152 0.381133 0.223508 -0.137137 0.965007 0.386824 -0.974701 -0.0330859 0.221051 -0.497811 0.00161384 -0.989999 -0.141063 0.444607 
1535143901966 0.251264 0.921107 -0.297368 -0.616856 -0.934705 0.310698 0.172609 -0.237457 0.251383 0.234581 0.939031 0.381229 0.224665 -0.137869 0.964634 0.386895 -0.97443 -0.0351725 0.22192 -0.498006 0.00333274 -0.989826 -0.142246 0.444821 
1535143902302 0.251335 0.921131 -0.297235 -0.61707 -0.934741 0.310689 0.172427 -0.237564 0.251175 0.234501 0.939106 0.381213 0.224258 -0.137694 0.964753 0.386851 -0.974527 -0.0342903 0.221635 -0.497833 0.00256381 -0.989881 -0.141876 0.44466 
1535143902316 0.251441 0.921044 -0.297416 -0.61687 -0.934709 0.310826 0.172353 -0.237467 0.25119 0.23466 0.939062 0.381279 0.225019 -0.137332 0.964628 0.386866 -0.974344 -0.036308 0.222116 -0.497994 0.00451992 -0.989859 -0.141979 0.444675 
1535143902331 0.251547 0.920956 -0.297598 -0.616668 -0.934676 0.310966 0.17228 -0.237369 0.251205 0.234821 0.939018 0.381345 0.225781 -0.136968 0.964501 0.386883 -0.974157 -0.0383261 0.222598 -0.498159 0.00647665 -0.989834 -0.142082 0.44469 
1535143902491 0.251654 0.920868 -0.29778 -0.616466 -0.934644 0.311105 0.172206 -0.237271 0.25122 0.234982 0.938974 0.381411 0.226541 -0.136603 0.964375 0.3869 -0.973965 -0.0403438 0.223079 -0.498324 0.00843326 -0.989804 -0.142186 0.444705 
1535143902510 0.25176 0.92078 -0.297963 -0.616263 -0.934611 0.311244 0.172132 -0.237173 0.251235 0.235143 0.93893 0.381478 0.227301 -0.136236 0.964248 0.386916 -0.973769 -0.0423613 0.22356 -0.49849 0.0103898 -0.98977 -0.142291 0.444721 
1535143902517 0.251867 0.920691 -0.298145 -0.616061 -0.934578 0.311383 0.172058 -0.237075 0.25125 0.235304 0.938885 0.381544 0.22806 -0.135868 0.964121 0.386933 -0.973569 -0.0443782 0.224041 -0.498654 0.0123461 -0.989733 -0.142397 0.444736 
1535143902601 0.251973 0.920603 -0.298327 -0.615858 -0.934546 0.311522 0.171984 -0.236977 0.251265 0.235465 0.938841 0.38161 0.228818 -0.135497 0.963993 0.38695 -0.973364 -0.046395 0.224521 -0.49882 0.0143024 -0.989691 -0.142504 0.444751 
1535143902854 0.25208 0.920515 -0.298509 -0.615656 -0.934513 0.311661 0.171911 -0.236879 0.25128 0.235626 0.938797 0.381677 0.229575 -0.135126 0.963865 0.386966 -0.973155 -0.0484112 0.225001 -0.498985 0.0162584 -0.989645 -0.142612 0.444767 
1535143902937 0.252186 0.920427 -0.298692 -0.615453 -0.93448 0.3118 0.171837 -0.236781 0.251295 0.235787 0.938752 0.381743 0.230332 -0.134752 0.963737 0.386983 -0.972942 -0.0504272 0.225481 -0.499151 0.0182144 -0.989595 -0.142721 0.444782 
1535143903000 0.252293 0.920338 -0.298874 -0.615251 -0.934447 0.311939 0.171763 -0.236683 0.25131 0.235948 0.938708 0.381809 0.231088 -0.134378 0.963608 0.387 -0.972724 -0.0524427 0.225961 -0.499316 0.0201702 -0.989542 -0.142831 0.444797 
1535143903333 0.25213 0.920449 -0.298671 -0.615449 -0.934503 0.311736 0.171829 -0.236769 0.251266 0.235785 0.93876 0.381757 0.22987 -0.134822 0.963838 0.386938 -0.973062 -0.0497913 0.225105 -0.499061 0.0176416 -0.989618 -0.142636 0.444859 
1535143903369 0.252263 0.920355 -0.298848 -0.615258 -0.934489 0.311874 0.171653 -0.236672 0.251185 0.235969 0.938736 0.381831 0.227916 -0.133941 0.964424 0.38688 -0.973572 -0.0461333 0.223671 -0.498912 0.0145335 -0.989915 -0.140916 0.444545 
1535143903384 0.252396 0.920261 -0.299026 -0.615065 -0.934475 0.312013 0.171477 -0.236574 0.251103 0.236153 0.938711 0.381905 0.225962 -0.133053 0.965007 0.386821 -0.974069 -0.0424763 0.222228 -0.498756 0.0114218 -0.990198 -0.139201 0.444231 
1535143903389 0.252529 0.920166 -0.299204 -0.614871 -0.934461 0.312152 0.1713 -0.236476 0.251022 0.236336 0.938687 0.38198 0.22401 -0.132158 0.965585 0.386761 -0.974551 -0.0388199 0.220777 -0.498599 0.00830646 -0.990468 -0.137491 0.443917 
1535143903540 0.252662 0.920072 -0.299382 -0.614678 -0.934447 0.312291 0.171123 -0.236379 0.25094 0.236521 0.938662 0.382054 0.222061 -0.131255 0.966158 0.386702 -0.975019 -0.0351647 0.219321 -0.498445 0.0051877 -0.990725 -0.135785 0.443603 
1535143903547 0.252795 0.919978 -0.29956 -0.614485 -0.934433 0.31243 0.170947 -0.236281 0.250859 0.236704 0.938638 0.382128 0.220114 -0.130345 0.966727 0.386643 -0.975472 -0.0315102 0.217856 -0.498289 0.00206533 -0.990968 -0.134083 0.443289 
1535143903622 0.252928 0.919883 -0.299738 -0.614292 -0.934419 0.312569 0.17077 -0.236183 0.250777 0.236888 0.938613 0.382203 0.218168 -0.129427 0.967291 0.386583 -0.975911 -0.0278567 0.216385 -0.498132 -0.00106049 -0.991198 -0.132387 0.442974 
1535143903629 0.253061 0.919788 -0.299916 -0.614099 -0.934405 0.312707 0.170594 -0.236085 0.250696 0.237072 0.938588 0.382277 0.216226 -0.128501 0.96785 0.386524 -0.976334 -0.0242045 0.214908 -0.497977 -0.00418962 -0.991414 -0.130694 0.44266 
1535143903921 0.253194 0.919694 -0.300094 -0.613906 -0.93439 0.312846 0.170417 -0.235987 0.250615 0.237256 0.938564 0.382351 0.214285 -0.127569 0.968405 0.386465 -0.976744 -0.0205534 0.213423 -0.497823 -0.0073221 -0.991617 -0.129006 0.442346 
1535143904048 0.253327 0.919599 -0.300271 -0.613712 -0.934376 0.312985 0.17024 -0.235889 0.250533 0.23744 0.938539 0.382425 0.212347 -0.126628 0.968955 0.386405 -0.977138 -0.0169033 0.211931 -0.497666 -0.010458 -0.991806 -0.127323 0.442032 
1535143904162 0.252935 0.919807 -0.299963 -0.613957 -0.934453 0.312583 0.170555 -0.235821 0.250641 0.237162 0.93858 0.382351 0.22047 -0.130358 0.966644 0.386709 -0.975388 -0.0327881 0.218042 -0.498408 0.00327083 -0.990925 -0.134378 0.443602 
1535143904166 0.25306 0.919766 -0.299986 -0.613721 -0.934392 0.312732 0.170619 -0.235765 0.250744 0.237128 0.938562 0.38242 0.221807 -0.131258 0.966216 0.386749 -0.97507 -0.0363551 0.218901 -0.498622 0.00639431 -0.990681 -0.13605 0.443846 
1535143904174 0.253185 0.919724 -0.300008 -0.613484 -0.93433 0.312881 0.170682 -0.235707 0.250847 0.237093 0.938543 0.382489 0.223149 -0.132154 0.965785 0.386791 -0.974738 -0.0399226 0.219755 -0.498841 0.00951506 -0.990425 -0.137724 0.444091 
1535143904180 0.253311 0.919682 -0.300031 -0.613247 -0.934269 0.313031 0.170745 -0.23565 0.25095 0.237058 0.938524 0.382558 0.224493 -0.133045 0.965351 0.386833 -0.974394 -0.0434903 0.220602 -0.499059 0.0126334 -0.990155 -0.139401 0.444336 
1535143904357 0.253436 0.91964 -0.300053 -0.613009 -0.934207 0.31318 0.170809 -0.235593 0.251053 0.237023 0.938505 0.382627 0.22584 -0.13393 0.964914 0.386875 -0.974037 -0.0470583 0.221444 -0.499279 0.0157492 -0.989873 -0.141081 0.44458 
1535143904424 0.253561 0.919598 -0.300076 -0.612772 -0.934145 0.31333 0.170872 -0.235535 0.251156 0.236988 0.938487 0.382696 0.227189 -0.134811 0.964474 0.386917 -0.973668 -0.0506266 0.222279 -0.499498 0.0188625 -0.989577 -0.142763 0.444825 
1535143904545 0.253687 0.919556 -0.300099 -0.612535 -0.934083 0.31348 0.170935 -0.235478 0.25126 0.236953 0.938468 0.382765 0.228541 -0.135686 0.964032 0.386959 -0.973286 -0.0541949 0.223107 -0.499716 0.0219732 -0.989269 -0.144447 0.44507 
1535143904551 0.253812 0.919514 -0.300121 -0.612297 -0.934022 0.313629 0.170999 -0.235421 0.251363 0.236918 0.938449 0.382834 0.229895 -0.136556 0.963587 0.387001 -0.972892 -0.0577635 0.223929 -0.499936 0.0250813 -0.988947 -0.146134 0.445314 
1535143904571 0.253938 0.919472 -0.300144 -0.61206 -0.93396 0.313779 0.171062 -0.235363 0.251466 0.236883 0.93843 0.382903 0.231252 -0.137421 0.96314 0.387043 -0.972486 -0.0613321 0.224745 -0.500155 0.0281867 -0.988612 -0.147823 0.445559 
1535143904744 0.254063 0.91943 -0.300167 -0.611823 -0.933898 0.313928 0.171125 -0.235306 0.251569 0.236849 0.938411 0.382972 0.23261 -0.138281 0.962689 0.387084 -0.972067 -0.0649006 0.225554 -0.500373 0.0312894 -0.988264 -0.149514 0.445804 
1535143905089 0.25387 0.919548 -0.29997 -0.612061 -0.933989 0.313671 0.171097 -0.235329 0.251424 0.236732 0.93848 0.382976 0.230815 -0.137144 0.963284 0.386903 -0.972631 -0.0596891 0.224557 -0.500086 0.0267008 -0.988751 -0.147168 0.445271 
1535143905103 0.25414 0.919578 -0.299648 -0.611764 -0.933994 0.313795 0.170847 -0.23519 0.251135 0.23645 0.938628 0.383032 0.230512 -0.138033 0.963229 0.386925 -0.972762 -0.0575563 0.224546 -0.50021 0.0244452 -0.988754 -0.147541 0.445332 
1535143905128 0.254409 0.919609 -0.299326 -0.611464 -0.933998 0.313918 0.170597 -0.235049 0.250846 0.236169 0.938776 0.383089 0.230206 -0.13892 0.963175 0.386947 -0.972889 -0.0554235 0.224534 -0.500334 0.0221901 -0.988751 -0.147913 0.445394 
1535143905312 0.254678 0.919639 -0.299005 -0.611164 -0.934002 0.314041 0.170347 -0.234908 0.250557 0.235887 0.938924 0.383146 0.229899 -0.139807 0.96312 0.38697 -0.97301 -0.0532903 0.224524 -0.500457 0.0199351 -0.988744 -0.148285 0.445455 
1535143905349 0.254947 0.919669 -0.298683 -0.610863 -0.934006 0.314165 0.170097 -0.234767 0.250269 0.235606 0.939072 0.383203 0.229589 -0.140692 0.963065 0.386992 -0.973127 -0.0511569 0.224514 -0.500581 0.01768 -0.988731 -0.148657 0.445516 
1535143905469 0.255216 0.919699 -0.298361 -0.610563 -0.93401 0.314288 0.169847 -0.234627 0.24998 0.235325 0.939219 0.38326 0.229277 -0.141577 0.96301 0.387014 -0.973239 -0.0490232 0.224505 -0.500704 0.015425 -0.988713 -0.149029 0.445578 
1535143905680 0.255485 0.919728 -0.298039 -0.610262 -0.934014 0.314411 0.169598 -0.234486 0.249691 0.235043 0.939366 0.383317 0.228963 -0.142462 0.962954 0.387036 -0.973346 -0.0468893 0.224497 -0.500827 0.01317 -0.988689 -0.1494 0.445639 
1535143905823 0.255753 0.919758 -0.297717 -0.609962 -0.934018 0.314535 0.169348 -0.234345 0.249402 0.234762 0.939513 0.383373 0.228647 -0.143345 0.962898 0.387058 -0.973448 -0.0447551 0.224489 -0.500951 0.0109151 -0.98866 -0.149772 0.4457 
1535143905836 0.256022 0.919787 -0.297395 -0.609662 -0.934021 0.314658 0.169098 -0.234204 0.249113 0.234481 0.93966 0.38343 0.228329 -0.144228 0.962842 0.38708 -0.973546 -0.0426207 0.224483 -0.501075 0.00866024 -0.988626 -0.150144 0.445762 
1535143906082 0.25629 0.919817 -0.297073 -0.60936 -0.934025 0.314782 0.168849 -0.234063 0.248823 0.2342 0.939807 0.383487 0.228009 -0.14511 0.962785 0.387102 -0.973638 -0.0404862 0.224478 -0.501198 0.00640552 -0.988587 -0.150516 0.445823 
1535143906433 0.256266 0.919752 -0.297294 -0.60956 -0.933974 0.314854 0.168997 -0.234271 0.24904 0.234357 0.939711 0.383415 0.228075 -0.144575 0.96285 0.387051 -0.973614 -0.0415739 0.224383 -0.501155 0.0075893 -0.98862 -0.150242 0.445777 
1535143906444 0.256353 0.919759 -0.297198 -0.609243 -0.93387 0.314994 0.16931 -0.23415 0.24934 0.234141 0.939685 0.383479 0.228385 -0.144021 0.962859 0.387065 -0.973519 -0.0440233 0.224328 -0.501304 0.0100803 -0.988595 -0.150261 0.445759 
1535143906561 0.25644 0.919765 -0.297103 -0.608922 -0.933766 0.315135 0.169623 -0.234026 0.249641 0.233926 0.939659 0.383544 0.228695 -0.143465 0.962869 0.38708 -0.973417 -0.046473 0.224276 -0.501458 0.0125715 -0.988564 -0.15028 0.445742 
1535143906685 0.256527 0.919772 -0.297007 -0.608601 -0.933661 0.315276 0.169936 -0.233903 0.249941 0.233711 0.939632 0.383609 0.229004 -0.142909 0.962878 0.387095 -0.973309 -0.0489223 0.224224 -0.501611 0.0150626 -0.988526 -0.150298 0.445725 
1535143906779 0.256615 0.919778 -0.296912 -0.60828 -0.933557 0.315416 0.170248 -0.23378 0.250241 0.233496 0.939606 0.383673 0.229312 -0.142352 0.962887 0.387111 -0.973195 -0.0513715 0.224172 -0.501765 0.0175536 -0.988482 -0.150316 0.445708 
1535143907009 0.256702 0.919785 -0.296816 -0.60796 -0.933452 0.315557 0.170561 -0.233657 0.250542 0.23328 0.939579 0.383738 0.229618 -0.141794 0.962897 0.387126 -0.973074 -0.0538202 0.22412 -0.501918 0.0200445 -0.988432 -0.150334 0.44569 
