1535117566792 0.208432 0.91846 -0.336136 -0.548011 -0.944812 0.277906 0.173491 -0.223341 0.252758 0.281424 0.925696 0.447018 0.217608 -0.134967 0.96666 0.379528 -0.97561 -0.0593275 0.21134 -0.511605 0.0288256 -0.989072 -0.144585 0.446296 
1535117566804 0.212852 0.919488 -0.330509 -0.557244 -0.944033 0.280765 0.173128 -0.226177 0.251985 0.27516 0.927788 0.439669 0.211013 -0.134053 0.968248 0.379466 -0.977413 -0.0408512 0.207354 -0.509773 0.0117575 -0.990132 -0.139645 0.445575 
1535117566811 0.217264 0.920466 -0.324866 -0.566481 -0.943241 0.283621 0.172784 -0.229016 0.251181 0.268887 0.929843 0.43232 0.204428 -0.133014 0.969802 0.379403 -0.978867 -0.0223649 0.203271 -0.507937 -0.00534829 -0.990862 -0.134775 0.444854 
1535117567653 0.221668 0.921395 -0.319209 -0.575718 -0.942438 0.286477 0.172458 -0.231855 0.250348 0.262607 0.93186 0.42497 0.197855 -0.131849 0.971323 0.37934 -0.979973 -0.00387594 0.199091 -0.506101 -0.0224851 -0.991262 -0.129975 0.444132 
1535117567660 0.226064 0.922274 -0.313538 -0.584957 -0.941622 0.28933 0.17215 -0.234694 0.249485 0.256317 0.933841 0.41762 0.191298 -0.130559 0.97281 0.379277 -0.980731 0.0146091 0.194816 -0.504263 -0.039647 -0.991333 -0.125249 0.443411 
1535117567832 0.230451 0.923103 -0.307853 -0.594194 -0.940794 0.292183 0.171859 -0.237533 0.248593 0.250021 0.935784 0.41027 0.184759 -0.129146 0.974262 0.379213 -0.98114 0.0330833 0.190449 -0.502426 -0.0568274 -0.991074 -0.120598 0.442689 
1535117567839 0.234831 0.923882 -0.302154 -0.60343 -0.939954 0.295033 0.171586 -0.240372 0.247671 0.243717 0.937689 0.402921 0.17824 -0.127608 0.975678 0.37915 -0.981199 0.05154 0.185989 -0.500589 -0.0740202 -0.990485 -0.116023 0.441968 
1535117568252 0.239201 0.92461 -0.296442 -0.612667 -0.939102 0.297881 0.171331 -0.243211 0.246719 0.237407 0.939557 0.395571 0.171743 -0.125948 0.977058 0.379087 -0.980909 0.0699725 0.18144 -0.498752 -0.0912192 -0.989566 -0.111526 0.441246 
1535117569273 0.243563 0.925289 -0.290718 -0.621904 -0.938237 0.300728 0.171094 -0.246049 0.245739 0.23109 0.941387 0.388221 0.165271 -0.124165 0.978401 0.379024 -0.980271 0.0883743 0.176803 -0.496915 -0.108418 -0.988318 -0.10711 0.440525 
1535117569281 0.247916 0.925918 -0.28498 -0.631142 -0.937361 0.303572 0.170875 -0.248889 0.244728 0.224767 0.94318 0.380872 0.158827 -0.12226 0.979707 0.37896 -0.979283 0.106739 0.172078 -0.495078 -0.125611 -0.986742 -0.102774 0.439803 
1535117570798 0.248968 0.925482 -0.285477 -0.630879 -0.937218 0.304542 0.169929 -0.24929 0.244206 0.225248 0.9432 0.381109 0.159316 -0.122286 0.979625 0.379011 -0.979268 0.106175 0.172511 -0.495201 -0.125107 -0.986799 -0.102836 0.440014 
1535117570804 0.249298 0.925585 -0.284855 -0.631824 -0.937144 0.304731 0.170002 -0.249531 0.244155 0.224568 0.943375 0.380351 0.158628 -0.122083 0.979762 0.379 -0.979152 0.108068 0.171995 -0.495006 -0.126878 -0.986619 -0.102395 0.439921 
1535117570811 0.249627 0.925689 -0.28423 -0.632775 -0.937069 0.304918 0.170076 -0.249776 0.244104 0.223887 0.94355 0.379592 0.15794 -0.121879 0.979898 0.378988 -0.979032 0.109962 0.171477 -0.49481 -0.128651 -0.986435 -0.101956 0.439828 
1535117571133 0.249956 0.925791 -0.283605 -0.633725 -0.936995 0.305105 0.170151 -0.250019 0.244053 0.223207 0.943725 0.378834 0.157252 -0.121673 0.980034 0.378977 -0.978908 0.111856 0.170958 -0.494614 -0.130424 -0.986247 -0.101517 0.439734 
1535117571218 0.250285 0.925894 -0.282981 -0.634676 -0.936921 0.305292 0.170225 -0.250263 0.244002 0.222526 0.943899 0.378075 0.156565 -0.121466 0.98017 0.378966 -0.978781 0.113749 0.170439 -0.494418 -0.132196 -0.986056 -0.10108 0.439641 
1535117571381 0.250614 0.925996 -0.282356 -0.635626 -0.936846 0.305479 0.170299 -0.250508 0.24395 0.221845 0.944073 0.377316 0.155878 -0.121258 0.980305 0.378954 -0.978649 0.115642 0.169919 -0.494222 -0.133968 -0.985862 -0.100643 0.439548 
1535117571627 0.250943 0.926097 -0.281731 -0.636577 -0.936772 0.305665 0.170374 -0.250752 0.243898 0.221163 0.944246 0.376557 0.155191 -0.121048 0.98044 0.378943 -0.978514 0.117533 0.169398 -0.494025 -0.13574 -0.985664 -0.100207 0.439455 
1535117571661 0.251272 0.926198 -0.281106 -0.637527 -0.936697 0.305852 0.170449 -0.250995 0.243846 0.220482 0.944419 0.375798 0.154505 -0.120837 0.980575 0.378931 -0.978376 0.119425 0.168875 -0.49383 -0.137512 -0.985462 -0.0997723 0.439362 
1535117571950 0.2516 0.926298 -0.280481 -0.638478 -0.936623 0.306039 0.170524 -0.25124 0.243794 0.219801 0.944591 0.37504 0.153819 -0.120625 0.980709 0.37892 -0.978233 0.121316 0.168352 -0.493633 -0.139283 -0.985257 -0.0993384 0.439268 
1535117572066 0.251929 0.926398 -0.279856 -0.639428 -0.936548 0.306226 0.170599 -0.251483 0.243741 0.21912 0.944763 0.374281 0.153133 -0.120411 0.980842 0.378909 -0.978087 0.123207 0.167828 -0.493437 -0.141055 -0.985049 -0.0989055 0.439175 
1535117572582 0.252662 0.926037 -0.280389 -0.639151 -0.936393 0.306986 0.170081 -0.251796 0.243577 0.219581 0.944698 0.374435 0.153563 -0.120452 0.98077 0.378889 -0.978115 0.122486 0.16819 -0.493488 -0.140389 -0.985134 -0.0990064 0.439255 
1535117572592 0.252148 0.925892 -0.281327 -0.639113 -0.936385 0.3068 0.170463 -0.251838 0.244142 0.220448 0.94435 0.374613 0.157669 -0.120815 0.980074 0.378912 -0.978912 0.111423 0.171218 -0.493949 -0.129889 -0.986402 -0.100699 0.439716 
1535117572598 0.251634 0.925747 -0.282265 -0.639074 -0.936376 0.306614 0.170844 -0.251879 0.244705 0.221316 0.944001 0.37479 0.161778 -0.121131 0.979365 0.378936 -0.97958 0.100346 0.174225 -0.494416 -0.119379 -0.987551 -0.102424 0.440178 
1535117572830 0.25112 0.9256 -0.283203 -0.639035 -0.936367 0.30643 0.171225 -0.251921 0.245268 0.222184 0.943651 0.374968 0.165888 -0.121401 0.978643 0.37896 -0.980117 0.0892554 0.17721 -0.494882 -0.108863 -0.988582 -0.104181 0.440639 
1535117572962 0.250605 0.925452 -0.284141 -0.638995 -0.936357 0.306246 0.171606 -0.251962 0.24583 0.223052 0.9433 0.375146 0.169999 -0.121625 0.97791 0.378984 -0.980525 0.0781535 0.180174 -0.49535 -0.0983407 -0.989495 -0.10597 0.441101 
1535117573088 0.250089 0.925303 -0.285078 -0.638956 -0.936347 0.306062 0.171987 -0.252004 0.246392 0.22392 0.942948 0.375323 0.174111 -0.121802 0.977164 0.379008 -0.980803 0.0670416 0.183115 -0.495817 -0.0878144 -0.990288 -0.107791 0.441562 
1535117573094 0.249573 0.925154 -0.286014 -0.638917 -0.936337 0.305878 0.172368 -0.252046 0.246953 0.224787 0.942595 0.375501 0.178221 -0.121932 0.976407 0.379032 -0.980951 0.0559213 0.186034 -0.496283 -0.0772854 -0.990962 -0.109643 0.442024 
1535117573123 0.249056 0.925003 -0.28695 -0.638878 -0.936327 0.305695 0.17275 -0.252087 0.247513 0.225655 0.942241 0.375679 0.182331 -0.122016 0.975637 0.379056 -0.980969 0.0447938 0.188929 -0.496751 -0.0667549 -0.991517 -0.111526 0.442485 
1535117573298 0.248539 0.924852 -0.287885 -0.638839 -0.936316 0.305512 0.173131 -0.252129 0.248073 0.226522 0.941885 0.375856 0.186438 -0.122053 0.974856 0.37908 -0.980857 0.033661 0.191801 -0.497218 -0.0562244 -0.991953 -0.113441 0.442947 
1535117573305 0.248021 0.924699 -0.28882 -0.6388 -0.936305 0.305329 0.173513 -0.25217 0.248633 0.227389 0.941529 0.376034 0.190544 -0.122044 0.974063 0.379104 -0.980615 0.022524 0.194648 -0.497684 -0.0456954 -0.992269 -0.115386 0.443408 
1535117574253 0.248386 0.924836 -0.288067 -0.63884 -0.9363 0.305452 0.173323 -0.252132 0.248286 0.226666 0.941794 0.375929 0.181572 -0.122148 0.975762 0.378934 -0.981087 0.0451887 0.188219 -0.496684 -0.067084 -0.991483 -0.111633 0.442231 
1535117574381 0.247839 0.925051 -0.287847 -0.638926 -0.936427 0.304906 0.1736 -0.252253 0.248356 0.226523 0.94181 0.37593 0.17902 -0.122166 0.976231 0.37891 -0.981217 0.0503195 0.186231 -0.49642 -0.0718745 -0.991233 -0.110863 0.441952 
1535117574420 0.247292 0.925266 -0.287628 -0.639014 -0.936553 0.30436 0.173877 -0.252374 0.248425 0.22638 0.941826 0.37593 0.176465 -0.12217 0.976696 0.378885 -0.981317 0.0554492 0.184236 -0.496151 -0.0766651 -0.990959 -0.110102 0.441672 
1535117574426 0.246745 0.92548 -0.287408 -0.639101 -0.936679 0.303814 0.174154 -0.252496 0.248494 0.226237 0.941842 0.375931 0.17391 -0.122161 0.977155 0.37886 -0.981387 0.0605774 0.182237 -0.495882 -0.0814557 -0.99066 -0.109352 0.441393 
1535117574636 0.246198 0.925694 -0.287188 -0.639189 -0.936804 0.303269 0.17443 -0.252617 0.248564 0.226094 0.941858 0.375931 0.171354 -0.122138 0.977609 0.378835 -0.981427 0.0657042 0.180232 -0.495612 -0.0862463 -0.990336 -0.108611 0.441113 
1535117574763 0.245651 0.925908 -0.286968 -0.639277 -0.936929 0.302723 0.174707 -0.252739 0.248634 0.225951 0.941874 0.375931 0.168797 -0.122103 0.978059 0.37881 -0.981438 0.0708292 0.178223 -0.495342 -0.0910366 -0.989987 -0.10788 0.440833 
1535117574882 0.245105 0.926121 -0.286748 -0.639364 -0.937054 0.302177 0.174983 -0.25286 0.248703 0.225809 0.94189 0.375932 0.16624 -0.122053 0.978503 0.378786 -0.981418 0.0759523 0.176209 -0.495073 -0.0958264 -0.989613 -0.107159 0.440554 
1535117574896 0.244557 0.926334 -0.286527 -0.639452 -0.937179 0.30163 0.175259 -0.252982 0.248773 0.225666 0.941906 0.375932 0.163681 -0.121991 0.978942 0.37876 -0.981369 0.0810735 0.17419 -0.494803 -0.100616 -0.989214 -0.106448 0.440274 
1535117575001 0.24401 0.926546 -0.286307 -0.63954 -0.937303 0.301084 0.175535 -0.253104 0.248843 0.225524 0.941922 0.375933 0.161123 -0.121915 0.979375 0.378735 -0.98129 0.0861924 0.172168 -0.494534 -0.105405 -0.988791 -0.105747 0.439995 
1535117575203 0.243463 0.926758 -0.286085 -0.639628 -0.937426 0.300537 0.175811 -0.253225 0.248913 0.22538 0.941937 0.375933 0.158564 -0.121826 0.979804 0.37871 -0.981181 0.0913091 0.17014 -0.494263 -0.110193 -0.988343 -0.105055 0.439715 
1535117575991 0.244079 0.926566 -0.286182 -0.639529 -0.937259 0.301149 0.175656 -0.253151 0.24894 0.225352 0.941937 0.375998 0.164311 -0.121827 0.978857 0.378821 -0.981295 0.0807298 0.174768 -0.494949 -0.100314 -0.989263 -0.106283 0.44052 
1535117576110 0.243727 0.926827 -0.285637 -0.63961 -0.937393 0.300672 0.175759 -0.253273 0.248781 0.224917 0.942083 0.37593 0.163018 -0.122048 0.979045 0.378794 -0.981343 0.0824652 0.173681 -0.494851 -0.101935 -0.989092 -0.106328 0.440422 
1535117576121 0.243373 0.927088 -0.285092 -0.639694 -0.937527 0.300193 0.175863 -0.253396 0.248624 0.224481 0.942228 0.375862 0.161723 -0.122267 0.979233 0.378766 -0.981388 0.0842 0.172592 -0.494747 -0.103554 -0.988919 -0.106374 0.440324 
1535117576299 0.243019 0.927348 -0.284547 -0.639778 -0.93766 0.299715 0.175967 -0.25352 0.248466 0.224045 0.942374 0.375794 0.160428 -0.122484 0.979419 0.378738 -0.981428 0.0859349 0.171504 -0.494643 -0.105173 -0.988743 -0.106423 0.440226 
1535117576408 0.242664 0.927608 -0.284002 -0.639863 -0.937794 0.299236 0.176071 -0.253644 0.248309 0.223609 0.942519 0.375726 0.159131 -0.122699 0.979603 0.378709 -0.981465 0.0876698 0.170415 -0.494539 -0.106791 -0.988564 -0.106473 0.440128 
1535117576481 0.24231 0.927867 -0.283457 -0.639948 -0.937927 0.298757 0.176174 -0.253768 0.248151 0.223173 0.942664 0.375657 0.157835 -0.122911 0.979786 0.378681 -0.981497 0.0894047 0.169326 -0.494434 -0.108409 -0.988382 -0.106525 0.44003 
1535117576536 0.241956 0.928126 -0.282912 -0.640032 -0.93806 0.298278 0.176277 -0.253891 0.247994 0.222737 0.942808 0.375589 0.156538 -0.123121 0.979968 0.378653 -0.981524 0.0911394 0.168237 -0.494332 -0.110027 -0.988198 -0.106579 0.439932 
1535117576693 0.241601 0.928385 -0.282366 -0.640117 -0.938193 0.297799 0.17638 -0.254015 0.247837 0.2223 0.942952 0.375521 0.15524 -0.123329 0.980148 0.378625 -0.981548 0.0928743 0.167147 -0.494227 -0.111645 -0.98801 -0.106635 0.439834 
1535117576742 0.241246 0.928643 -0.281821 -0.640201 -0.938325 0.29732 0.176483 -0.254139 0.24768 0.221864 0.943096 0.375453 0.153941 -0.123534 0.980327 0.378597 -0.981567 0.094609 0.166058 -0.494123 -0.113262 -0.98782 -0.106693 0.439736 
1535117576924 0.240891 0.9289 -0.281275 -0.640287 -0.938458 0.29684 0.176585 -0.254263 0.247524 0.221427 0.94324 0.375384 0.152642 -0.123737 0.980505 0.378568 -0.981582 0.0963438 0.164968 -0.494018 -0.114878 -0.987627 -0.106752 0.439637 
1535117577363 0.241375 0.928584 -0.281904 -0.640185 -0.938295 0.297457 0.176417 -0.254201 0.247672 0.221926 0.943084 0.375424 0.153371 -0.123645 0.980403 0.378635 -0.981496 0.0960389 0.165654 -0.494028 -0.114639 -0.987668 -0.106627 0.439674 
1535117577378 0.24163 0.928558 -0.281772 -0.640168 -0.938195 0.297705 0.176526 -0.254199 0.2478 0.221703 0.943103 0.375371 0.157329 -0.123996 0.979731 0.378641 -0.981909 0.0862059 0.16859 -0.494532 -0.105363 -0.988531 -0.10819 0.440131 
1535117577496 0.241886 0.928531 -0.28164 -0.640151 -0.938095 0.297954 0.176637 -0.254197 0.247929 0.221479 0.943122 0.375317 0.161278 -0.124307 0.979049 0.378649 -0.982221 0.0763645 0.171496 -0.495041 -0.0960827 -0.989301 -0.109781 0.440587 
1535117577506 0.242141 0.928505 -0.281508 -0.640133 -0.937995 0.298203 0.176748 -0.254195 0.248057 0.221255 0.94314 0.375264 0.165227 -0.124578 0.978356 0.378657 -0.982428 0.0665151 0.174385 -0.49555 -0.0867999 -0.989978 -0.111399 0.441043 
1535117577553 0.242396 0.928478 -0.281375 -0.640116 -0.937895 0.298452 0.176859 -0.254193 0.248186 0.221031 0.943159 0.37521 0.169177 -0.124809 0.977651 0.378665 -0.982533 0.0566587 0.177255 -0.49606 -0.0775155 -0.990562 -0.113044 0.441499 
1535117577576 0.242651 0.928452 -0.281243 -0.640099 -0.937795 0.2987 0.17697 -0.25419 0.248315 0.220807 0.943178 0.375157 0.173127 -0.125001 0.976935 0.378672 -0.982533 0.0467965 0.180107 -0.496568 -0.0682307 -0.991052 -0.114716 0.441955 
1535117577636 0.242907 0.928425 -0.281112 -0.640082 -0.937695 0.298949 0.17708 -0.254188 0.248444 0.220583 0.943196 0.375104 0.177077 -0.125153 0.976207 0.378681 -0.98243 0.0369292 0.18294 -0.497079 -0.0589462 -0.99145 -0.116415 0.442411 
1535117577641 0.243162 0.928398 -0.280979 -0.640065 -0.937595 0.299197 0.177191 -0.254186 0.248572 0.220359 0.943215 0.37505 0.181025 -0.125266 0.975468 0.378688 -0.982224 0.0270583 0.185754 -0.497587 -0.0496631 -0.991754 -0.118141 0.442867 
1535117577688 0.243417 0.928371 -0.280848 -0.640047 -0.937495 0.299446 0.177302 -0.254184 0.248701 0.220135 0.943233 0.374997 0.184973 -0.125339 0.974718 0.378697 -0.981913 0.0171843 0.188549 -0.498098 -0.0403823 -0.991965 -0.119893 0.443323 
1535117577714 0.243672 0.928344 -0.280716 -0.64003 -0.937394 0.299694 0.177413 -0.254182 0.24883 0.219911 0.943251 0.374943 0.188919 -0.125372 0.973957 0.378705 -0.9815 0.00730873 0.191323 -0.498607 -0.031105 -0.992083 -0.121672 0.443779 
1535117577880 0.242435 0.928531 -0.281169 -0.640071 -0.93789 0.298445 0.176897 -0.254186 0.248167 0.22082 0.943213 0.375293 0.156861 -0.124044 0.9798 0.378575 -0.981935 0.0867069 0.16818 -0.494463 -0.105817 -0.988481 -0.108202 0.440023 
1535117577897 0.243119 0.928384 -0.281062 -0.639864 -0.937744 0.29905 0.176651 -0.254086 0.248051 0.220617 0.943291 0.375318 0.160926 -0.124544 0.979077 0.378638 -0.982296 0.0761829 0.171146 -0.495016 -0.095904 -0.989285 -0.110079 0.440458 
1535117578086 0.243804 0.928237 -0.280956 -0.639657 -0.937597 0.299656 0.176404 -0.253985 0.247935 0.220416 0.943369 0.375343 0.164995 -0.125 0.978341 0.378702 -0.982539 0.0656493 0.174091 -0.495574 -0.0859887 -0.989982 -0.111985 0.440893 
1535117578235 0.244489 0.928089 -0.28085 -0.639449 -0.937449 0.300262 0.176158 -0.253884 0.247818 0.220214 0.943447 0.375369 0.169066 -0.125413 0.977593 0.378766 -0.982665 0.0551075 0.177013 -0.496133 -0.0760723 -0.990573 -0.113922 0.441328 
1535117578404 0.245174 0.92794 -0.280744 -0.639241 -0.937301 0.300868 0.175911 -0.253783 0.247702 0.220012 0.943524 0.375394 0.17314 -0.125782 0.976832 0.37883 -0.982673 0.0445585 0.179912 -0.496692 -0.0661558 -0.991057 -0.115887 0.441764 
1535117578551 0.245859 0.927791 -0.280637 -0.639033 -0.937153 0.301474 0.175665 -0.253682 0.247585 0.219811 0.943602 0.375419 0.177215 -0.126107 0.976059 0.378894 -0.982564 0.0340037 0.182789 -0.497251 -0.0562405 -0.991434 -0.117882 0.442199 
1535117578697 0.246543 0.927642 -0.28053 -0.638825 -0.937004 0.30208 0.175418 -0.253581 0.247468 0.21961 0.94368 0.375445 0.18129 -0.126388 0.975274 0.378958 -0.982338 0.0234445 0.185641 -0.497809 -0.0463276 -0.991704 -0.119905 0.442634 
1535117578845 0.247228 0.927492 -0.280423 -0.638617 -0.936854 0.302686 0.175172 -0.25348 0.247351 0.219408 0.943757 0.37547 0.185366 -0.126625 0.974477 0.379023 -0.981994 0.0128818 0.18847 -0.498368 -0.0364182 -0.991867 -0.121958 0.44307 
1535117578851 0.247912 0.927342 -0.280316 -0.638409 -0.936705 0.303291 0.174926 -0.25338 0.247233 0.219207 0.943835 0.375495 0.189442 -0.126819 0.973668 0.379086 -0.981534 0.00231734 0.191275 -0.498926 -0.0265136 -0.991923 -0.124038 0.443505 
1535117579073 0.248596 0.927191 -0.280209 -0.638202 -0.936554 0.303897 0.17468 -0.253279 0.247116 0.219006 0.943912 0.37552 0.193518 -0.126969 0.972846 0.37915 -0.980956 -0.0082479 0.194054 -0.499484 -0.0166149 -0.991872 -0.126147 0.44394 
1535117579676 0.248097 0.927249 -0.280459 -0.638368 -0.936662 0.303489 0.174809 -0.25343 0.247207 0.219326 0.943814 0.375417 0.193131 -0.126805 0.972944 0.379084 -0.981021 -0.00752796 0.193753 -0.49935 -0.0172446 -0.991899 -0.125852 0.44383 
1535117579690 0.24837 0.927202 -0.280372 -0.63801 -0.936627 0.3037 0.174632 -0.253291 0.247068 0.219231 0.943872 0.37553 0.196137 -0.126148 0.972428 0.379116 -0.98052 -0.0146044 0.195875 -0.499777 -0.0105075 -0.991904 -0.126555 0.444036 
1535117579706 0.248643 0.927154 -0.280288 -0.637649 -0.936591 0.303913 0.174454 -0.253151 0.246929 0.219139 0.94393 0.375642 0.199139 -0.12547 0.971906 0.37915 -0.979964 -0.0216798 0.197992 -0.50021 -0.00377131 -0.991861 -0.127273 0.444242 
1535117579811 0.248916 0.927107 -0.280204 -0.637289 -0.936555 0.304125 0.174276 -0.253011 0.24679 0.219046 0.943988 0.375755 0.202135 -0.12477 0.971377 0.379183 -0.979353 -0.0287525 0.200102 -0.500642 0.00296281 -0.991769 -0.128006 0.444448 
1535117579825 0.249189 0.927059 -0.28012 -0.636928 -0.936519 0.304337 0.174099 -0.252871 0.246651 0.218954 0.944046 0.375868 0.205125 -0.124049 0.970843 0.379217 -0.978688 -0.0358224 0.202206 -0.501074 0.00969454 -0.991629 -0.128753 0.444655 
1535117580104 0.249462 0.92701 -0.280036 -0.636569 -0.936483 0.30455 0.173921 -0.252732 0.246512 0.218863 0.944103 0.375981 0.208109 -0.123306 0.970302 0.37925 -0.977968 -0.0428888 0.204303 -0.501506 0.0164234 -0.991441 -0.129515 0.444861 
1535117580181 0.249735 0.926962 -0.279952 -0.636208 -0.936447 0.304763 0.173743 -0.252592 0.246372 0.218771 0.944161 0.376094 0.211086 -0.122541 0.969756 0.379284 -0.977193 -0.0499516 0.206393 -0.501939 0.0231492 -0.991206 -0.130291 0.445067 
1535117580440 0.250008 0.926914 -0.279868 -0.635847 -0.936411 0.304975 0.173566 -0.252452 0.246233 0.218678 0.944219 0.376207 0.214057 -0.121756 0.969203 0.379318 -0.976364 -0.0570102 0.208476 -0.502371 0.0298713 -0.990922 -0.131081 0.445273 
1535117580624 0.250281 0.926866 -0.279783 -0.635486 -0.936375 0.305187 0.173388 -0.252311 0.246094 0.218586 0.944277 0.37632 0.217021 -0.120948 0.968645 0.379351 -0.975481 -0.0640644 0.210553 -0.502804 0.0365897 -0.990589 -0.131886 0.44548 
1535117580826 0.250554 0.926818 -0.279699 -0.635126 -0.936338 0.3054 0.17321 -0.252172 0.245954 0.218494 0.944334 0.376432 0.219977 -0.12012 0.968081 0.379385 -0.974543 -0.0711136 0.212622 -0.503236 0.0433037 -0.990209 -0.132705 0.445686 
1535117581673 0.25042 0.926842 -0.279738 -0.635328 -0.936373 0.30528 0.173234 -0.252278 0.245959 0.218557 0.944318 0.376348 0.219202 -0.120223 0.968244 0.379296 -0.974736 -0.0706159 0.211903 -0.503199 0.0428978 -0.990232 -0.132665 0.445545 
1535117581686 0.250436 0.926807 -0.279839 -0.634864 -0.936254 0.305416 0.173637 -0.252097 0.246396 0.218515 0.944214 0.376499 0.218275 -0.120618 0.968404 0.379352 -0.975014 -0.0689325 0.211179 -0.503108 0.0412825 -0.990303 -0.13265 0.44546 
1535117581692 0.250452 0.926772 -0.279942 -0.634396 -0.936134 0.305553 0.17404 -0.251913 0.246832 0.218474 0.944109 0.37665 0.217347 -0.121011 0.968564 0.379407 -0.975288 -0.06725 0.210454 -0.503015 0.0396686 -0.99037 -0.132637 0.445374 
1535117581865 0.250469 0.926736 -0.280045 -0.633926 -0.936015 0.30569 0.174442 -0.251729 0.247269 0.218434 0.944005 0.376802 0.216419 -0.121403 0.968723 0.379462 -0.975559 -0.0655672 0.209729 -0.50292 0.0380548 -0.990435 -0.132626 0.445288 
1535117582011 0.250485 0.926701 -0.280148 -0.633457 -0.935895 0.305827 0.174844 -0.251545 0.247705 0.218393 0.9439 0.376954 0.215489 -0.121793 0.968881 0.379517 -0.975826 -0.0638837 0.209003 -0.502827 0.0364406 -0.990498 -0.132615 0.445202 
1535117582139 0.250501 0.926665 -0.280251 -0.632989 -0.935775 0.305964 0.175247 -0.251362 0.248142 0.218352 0.943794 0.377105 0.214558 -0.122182 0.969039 0.379573 -0.97609 -0.0621996 0.208277 -0.502734 0.0348263 -0.990557 -0.132606 0.445117 
1535117582151 0.250518 0.92663 -0.280354 -0.632519 -0.935655 0.306101 0.175649 -0.251178 0.248578 0.218312 0.943689 0.377257 0.213628 -0.122568 0.969196 0.379628 -0.97635 -0.0605155 0.207552 -0.50264 0.0332121 -0.990613 -0.132597 0.445031 
1535117582304 0.250534 0.926594 -0.280457 -0.632051 -0.935534 0.306237 0.176051 -0.250995 0.249014 0.218271 0.943583 0.377408 0.212695 -0.122954 0.969352 0.379683 -0.976608 -0.0588304 0.206825 -0.502547 0.0315975 -0.990667 -0.13259 0.444945 
1535117582511 0.25055 0.926558 -0.280561 -0.631581 -0.935414 0.306374 0.176453 -0.250811 0.249451 0.21823 0.943478 0.37756 0.211763 -0.123337 0.969507 0.379738 -0.976861 -0.0571453 0.206099 -0.502453 0.0299831 -0.990718 -0.132585 0.44486 
1535117582686 0.250566 0.926523 -0.280664 -0.631113 -0.935293 0.306511 0.176855 -0.250627 0.249887 0.218189 0.943372 0.377711 0.210829 -0.123719 0.969662 0.379793 -0.977111 -0.0554596 0.205373 -0.502359 0.0283685 -0.990766 -0.13258 0.444774 
1535117583071 0.250418 0.926592 -0.280568 -0.631367 -0.93541 0.306284 0.176629 -0.250618 0.249596 0.218215 0.943443 0.377606 0.21132 -0.123664 0.969562 0.379787 -0.976989 -0.0560836 0.205785 -0.502414 0.0289283 -0.990738 -0.13267 0.444801 
1535117583082 0.250332 0.926595 -0.280633 -0.631003 -0.935223 0.306397 0.177421 -0.25051 0.250382 0.218041 0.943275 0.37773 0.211345 -0.125978 0.969259 0.379882 -0.977021 -0.05525 0.205856 -0.502508 0.0276183 -0.990493 -0.13476 0.445056 
1535117583088 0.250247 0.926598 -0.2807 -0.630632 -0.935035 0.306512 0.178211 -0.250399 0.251168 0.217867 0.943106 0.377855 0.211365 -0.12829 0.968951 0.379978 -0.977053 -0.0544155 0.205928 -0.502602 0.0263074 -0.990243 -0.136848 0.445312 
1535117583298 0.250161 0.926601 -0.280766 -0.630263 -0.934847 0.306626 0.179001 -0.250289 0.251953 0.217694 0.942936 0.37798 0.211383 -0.130602 0.968638 0.380073 -0.977084 -0.0535812 0.206002 -0.502697 0.0249965 -0.989986 -0.138936 0.445567 
1535117583328 0.250076 0.926604 -0.280832 -0.629893 -0.934658 0.30674 0.179791 -0.250179 0.252738 0.21752 0.942766 0.378105 0.211398 -0.132914 0.968321 0.380168 -0.977113 -0.0527469 0.206077 -0.502791 0.0236854 -0.989723 -0.141022 0.445823 
1535117583572 0.249991 0.926607 -0.280898 -0.629523 -0.934468 0.306854 0.180581 -0.250068 0.253523 0.217347 0.942596 0.378231 0.211409 -0.135225 0.967998 0.380264 -0.977142 -0.0519126 0.206154 -0.502885 0.0223742 -0.989454 -0.143109 0.446078 
1535117583584 0.249906 0.92661 -0.280964 -0.629154 -0.934278 0.306968 0.181371 -0.249958 0.254307 0.217173 0.942424 0.378356 0.211417 -0.137535 0.967671 0.380359 -0.977169 -0.0510785 0.206232 -0.502979 0.021063 -0.989179 -0.145194 0.446333 
1535117583762 0.24982 0.926613 -0.28103 -0.628784 -0.934087 0.307082 0.182161 -0.249847 0.255092 0.216999 0.942252 0.378481 0.211422 -0.139844 0.967339 0.380454 -0.977195 -0.0502446 0.206313 -0.503073 0.0197518 -0.988898 -0.147278 0.446589 
1535117583898 0.249735 0.926616 -0.281096 -0.628415 -0.933895 0.307196 0.18295 -0.249737 0.255876 0.216825 0.94208 0.378606 0.211425 -0.142153 0.967002 0.380549 -0.97722 -0.0494111 0.206395 -0.503168 0.0184409 -0.988611 -0.149361 0.446844 
1535117584023 0.249649 0.926619 -0.281162 -0.628045 -0.933703 0.307309 0.18374 -0.249627 0.25666 0.216651 0.941906 0.378731 0.211424 -0.144461 0.96666 0.380645 -0.977244 -0.0485774 0.206479 -0.503262 0.0171296 -0.988317 -0.151444 0.4471 
1535117584465 0.249447 0.926701 -0.281072 -0.628345 -0.933947 0.306938 0.183118 -0.249556 0.255967 0.216828 0.942054 0.378604 0.211415 -0.143356 0.966826 0.380587 -0.977238 -0.0488216 0.206453 -0.50324 0.0176057 -0.988466 -0.150414 0.446936 
1535117584486 0.249447 0.926594 -0.281424 -0.628001 -0.933887 0.307059 0.183224 -0.249425 0.256188 0.217114 0.941929 0.378718 0.2119 -0.143701 0.966669 0.380638 -0.977116 -0.0499017 0.206772 -0.503357 0.0185251 -0.988362 -0.150987 0.447008 
1535117584499 0.249446 0.926487 -0.281777 -0.627653 -0.933826 0.307179 0.183329 -0.249292 0.256408 0.217401 0.941803 0.378833 0.212384 -0.144062 0.966509 0.380691 -0.976993 -0.0509713 0.207091 -0.503476 0.0194302 -0.988255 -0.151573 0.447082 
1535117584683 0.249446 0.92638 -0.282131 -0.627304 -0.933766 0.3073 0.183433 -0.249158 0.256627 0.217688 0.941676 0.378948 0.212868 -0.144423 0.966348 0.380744 -0.976869 -0.0520407 0.207408 -0.503596 0.0203349 -0.988147 -0.15216 0.447157 
1535117584741 0.249445 0.926272 -0.282484 -0.626955 -0.933706 0.30742 0.183537 -0.249025 0.256847 0.217974 0.94155 0.379062 0.213353 -0.144783 0.966187 0.380797 -0.976744 -0.0531103 0.207726 -0.503715 0.0212393 -0.988037 -0.152747 0.447232 
1535117584901 0.249444 0.926165 -0.282837 -0.626607 -0.933646 0.30754 0.183642 -0.248892 0.257066 0.218261 0.941424 0.379177 0.213838 -0.145143 0.966026 0.38085 -0.976618 -0.05418 0.208042 -0.503834 0.0221434 -0.987926 -0.153335 0.447307 
1535117584987 0.249443 0.926057 -0.28319 -0.626258 -0.933586 0.307661 0.183746 -0.248758 0.257286 0.218548 0.941297 0.379292 0.214324 -0.145502 0.965865 0.380903 -0.976491 -0.0552498 0.208358 -0.503953 0.0230473 -0.987814 -0.153923 0.447382 
1535117584994 0.249442 0.925949 -0.283543 -0.62591 -0.933525 0.307781 0.183851 -0.248626 0.257506 0.218834 0.941171 0.379407 0.214809 -0.145861 0.965703 0.380956 -0.976362 -0.0563196 0.208673 -0.504072 0.0239507 -0.987701 -0.154511 0.447456 
1535117585127 0.249441 0.925841 -0.283896 -0.625561 -0.933465 0.307902 0.183955 -0.248492 0.257725 0.219121 0.941044 0.379522 0.215295 -0.146218 0.96554 0.381009 -0.976233 -0.0573896 0.208988 -0.504192 0.024854 -0.987586 -0.155099 0.447531 
1535117585318 0.24944 0.925733 -0.284249 -0.625213 -0.933405 0.308023 0.184059 -0.248359 0.257945 0.219408 0.940917 0.379636 0.215781 -0.146576 0.965378 0.381062 -0.976102 -0.0584595 0.209302 -0.504311 0.0257568 -0.987471 -0.155687 0.447606 
1535117585597 0.249291 0.925852 -0.283992 -0.625406 -0.933487 0.307794 0.184026 -0.248408 0.257792 0.219227 0.941001 0.379516 0.215503 -0.146285 0.965484 0.381079 -0.976181 -0.0576595 0.209154 -0.504151 0.0250733 -0.987561 -0.155226 0.447551 
1535117585605 0.249326 0.925757 -0.284273 -0.625124 -0.93347 0.307889 0.183949 -0.248286 0.257816 0.219497 0.940931 0.379623 0.21543 -0.147466 0.96532 0.381103 -0.976224 -0.056834 0.209181 -0.504234 0.0240158 -0.987433 -0.156204 0.447705 
1535117585612 0.249362 0.92566 -0.284555 -0.624836 -0.933454 0.307985 0.183871 -0.24816 0.257841 0.219768 0.940861 0.379732 0.215355 -0.148648 0.965156 0.381128 -0.976266 -0.0560087 0.209208 -0.504317 0.0229588 -0.987303 -0.157181 0.447859 
1535117585626 0.249398 0.925564 -0.284836 -0.624549 -0.933438 0.308081 0.183794 -0.248035 0.257866 0.220039 0.940791 0.379841 0.21528 -0.149829 0.96499 0.381152 -0.976307 -0.0551834 0.209236 -0.5044 0.0219018 -0.987171 -0.158159 0.448013 
1535117585846 0.249434 0.925468 -0.285118 -0.624261 -0.933421 0.308177 0.183716 -0.24791 0.25789 0.22031 0.940721 0.379949 0.215202 -0.15101 0.964823 0.381176 -0.976347 -0.0543579 0.209265 -0.504483 0.0208448 -0.987037 -0.159136 0.448167 
1535117585895 0.24947 0.925371 -0.2854 -0.623973 -0.933405 0.308273 0.183638 -0.247784 0.257915 0.220581 0.940651 0.380058 0.215124 -0.15219 0.964655 0.381201 -0.976386 -0.0535326 0.209294 -0.504566 0.0197879 -0.9869 -0.160113 0.448321 
1535117586094 0.249505 0.925275 -0.285681 -0.623687 -0.933389 0.308368 0.183561 -0.247659 0.257939 0.220852 0.940581 0.380166 0.215044 -0.153371 0.964486 0.381225 -0.976425 -0.0527071 0.209324 -0.504648 0.018731 -0.986762 -0.161089 0.448474 
1535117586152 0.249541 0.925178 -0.285963 -0.623398 -0.933372 0.308464 0.183483 -0.247534 0.257964 0.221123 0.94051 0.380275 0.214963 -0.154551 0.964316 0.381249 -0.976462 -0.0518817 0.209355 -0.504731 0.0176743 -0.986622 -0.162066 0.448628 
1535117586361 0.249577 0.925082 -0.286244 -0.623112 -0.933356 0.30856 0.183405 -0.247409 0.257988 0.221394 0.94044 0.380383 0.21488 -0.155731 0.964144 0.381273 -0.976499 -0.0510561 0.209387 -0.504814 0.0166174 -0.986479 -0.163042 0.448782 
1535117586387 0.249613 0.924985 -0.286525 -0.622825 -0.93334 0.308655 0.183328 -0.247284 0.258013 0.221664 0.940369 0.380491 0.214796 -0.156911 0.963972 0.381298 -0.976535 -0.0502307 0.209419 -0.504897 0.0155608 -0.986335 -0.164018 0.448936 
1535117586810 0.249321 0.925155 -0.28623 -0.623041 -0.933404 0.308331 0.183546 -0.247246 0.258062 0.221406 0.940417 0.380432 0.214931 -0.155965 0.964095 0.381311 -0.976495 -0.0507024 0.209493 -0.504814 0.0162084 -0.98646 -0.163197 0.448764 
1535117586820 0.249398 0.925135 -0.286226 -0.622899 -0.933329 0.30845 0.183727 -0.247206 0.258259 0.221322 0.940382 0.380454 0.214649 -0.156125 0.964132 0.381309 -0.976581 -0.0491207 0.209467 -0.504888 0.0146559 -0.986515 -0.163012 0.448746 
1535117586826 0.249475 0.925115 -0.286224 -0.622752 -0.933254 0.308569 0.183906 -0.247164 0.258454 0.221239 0.940348 0.380476 0.214367 -0.156284 0.964169 0.381307 -0.976665 -0.0475391 0.209439 -0.504958 0.0131038 -0.986567 -0.162828 0.448727 
1535117586836 0.249552 0.925095 -0.286221 -0.622603 -0.933179 0.308688 0.184086 -0.247121 0.25865 0.221157 0.940314 0.380499 0.214083 -0.156443 0.964206 0.381304 -0.976747 -0.0459574 0.209411 -0.505028 0.0115515 -0.986617 -0.162644 0.448709 
1535117586843 0.249629 0.925075 -0.286218 -0.622455 -0.933104 0.308808 0.184266 -0.247079 0.258846 0.221073 0.940279 0.380522 0.213801 -0.156601 0.964243 0.381302 -0.976826 -0.0443759 0.209384 -0.505098 0.00999938 -0.986664 -0.16246 0.44869 
1535117586851 0.249706 0.925055 -0.286215 -0.622309 -0.933029 0.308927 0.184446 -0.247037 0.259042 0.22099 0.940245 0.380544 0.213517 -0.156759 0.964281 0.381299 -0.976903 -0.0427938 0.209355 -0.505169 0.00844689 -0.986709 -0.162276 0.448672 
1535117587089 0.249783 0.925035 -0.286213 -0.622161 -0.932954 0.309046 0.184625 -0.246995 0.259238 0.220907 0.94021 0.380567 0.213233 -0.156917 0.964318 0.381297 -0.976977 -0.0412117 0.209326 -0.505239 0.00689443 -0.986752 -0.162092 0.448653 
1535117587098 0.249861 0.925015 -0.28621 -0.622014 -0.932879 0.309165 0.184805 -0.246953 0.259434 0.220824 0.940176 0.380589 0.212949 -0.157074 0.964355 0.381294 -0.977049 -0.0396297 0.209297 -0.50531 0.00534195 -0.986791 -0.161908 0.448635 
1535117587104 0.249938 0.924995 -0.286208 -0.621866 -0.932804 0.309285 0.184985 -0.24691 0.25963 0.220741 0.940141 0.380612 0.212665 -0.157231 0.964392 0.381292 -0.977118 -0.0380477 0.209268 -0.50538 0.00378951 -0.986829 -0.161724 0.448616 
1535117587281 0.250015 0.924975 -0.286205 -0.621719 -0.932729 0.309404 0.185164 -0.246868 0.259825 0.220658 0.940107 0.380634 0.21238 -0.157387 0.964429 0.381289 -0.977185 -0.0364651 0.209238 -0.505451 0.00223672 -0.986864 -0.161541 0.448598 
1535117587500 0.249694 0.925136 -0.285964 -0.621981 -0.93294 0.308944 0.184867 -0.246874 0.259374 0.220627 0.940239 0.380683 0.213311 -0.156922 0.9643 0.3813 -0.976962 -0.040908 0.209455 -0.505198 0.00657944 -0.986763 -0.162033 0.448693 
1535117587629 0.249883 0.925112 -0.285878 -0.621793 -0.932928 0.309074 0.184714 -0.246794 0.259239 0.220547 0.940295 0.380704 0.213308 -0.154944 0.96462 0.381263 -0.976963 -0.0404973 0.209532 -0.505273 0.00659882 -0.987093 -0.160013 0.448392 
1535117587642 0.250071 0.925087 -0.285793 -0.621599 -0.932915 0.309204 0.184561 -0.246711 0.259103 0.220468 0.940351 0.380727 0.213305 -0.152965 0.964937 0.381226 -0.976963 -0.0400869 0.209609 -0.505349 0.00661843 -0.987418 -0.157992 0.448091 
1535117587659 0.250259 0.925063 -0.285708 -0.621406 -0.932902 0.309334 0.184408 -0.246628 0.258968 0.220388 0.940407 0.38075 0.213303 -0.150986 0.965249 0.38119 -0.976963 -0.0396764 0.209686 -0.505426 0.00663807 -0.987739 -0.15597 0.44779 
1535117587665 0.250447 0.925038 -0.285623 -0.621212 -0.932889 0.309465 0.184254 -0.246546 0.258832 0.220309 0.940463 0.380772 0.213301 -0.149005 0.965557 0.381153 -0.976964 -0.0392658 0.209762 -0.505502 0.00665773 -0.988056 -0.153948 0.447488 
1535117587760 0.250635 0.925014 -0.285538 -0.62102 -0.932876 0.309594 0.184101 -0.246463 0.258697 0.220229 0.940519 0.380794 0.2133 -0.147025 0.965861 0.381116 -0.976964 -0.0388551 0.209837 -0.505578 0.00667745 -0.988369 -0.151926 0.447187 
1535117587767 0.250823 0.924989 -0.285452 -0.620826 -0.932863 0.309725 0.183948 -0.24638 0.258561 0.22015 0.940574 0.380817 0.213298 -0.145043 0.966161 0.381079 -0.976964 -0.0384442 0.209911 -0.505654 0.00669711 -0.988678 -0.149902 0.446886 
1535117587884 0.251011 0.924964 -0.285367 -0.620632 -0.93285 0.309855 0.183794 -0.246297 0.258426 0.220071 0.94063 0.38084 0.213295 -0.143061 0.966457 0.381043 -0.976965 -0.038033 0.209984 -0.50573 0.00671667 -0.988983 -0.147878 0.446585 
1535117588133 0.251199 0.92494 -0.285282 -0.620439 -0.932837 0.309985 0.183641 -0.246215 0.25829 0.219991 0.940686 0.380862 0.213293 -0.141079 0.966749 0.381006 -0.976965 -0.0376219 0.210057 -0.505806 0.00673638 -0.989283 -0.145853 0.446284 
1535117588200 0.251387 0.924915 -0.285196 -0.620247 -0.932824 0.310115 0.183488 -0.246132 0.258154 0.219912 0.940742 0.380884 0.213291 -0.139095 0.967036 0.380969 -0.976965 -0.0372105 0.210129 -0.505882 0.006756 -0.98958 -0.143828 0.445983 
1535117588641 0.251167 0.924985 -0.285164 -0.620471 -0.932849 0.309928 0.183678 -0.246208 0.25828 0.219881 0.940715 0.38091 0.21317 -0.14068 0.966834 0.380953 -0.976993 -0.0373891 0.209969 -0.505899 0.00661066 -0.989349 -0.145413 0.446029 
1535117588646 0.251379 0.924949 -0.285094 -0.6202 -0.932945 0.309985 0.18309 -0.246077 0.257724 0.219952 0.94085 0.380952 0.213139 -0.140541 0.966861 0.380949 -0.977002 -0.0369281 0.210007 -0.505998 0.00618969 -0.989386 -0.14518 0.445994 
1535117588653 0.25159 0.924913 -0.285024 -0.619924 -0.933042 0.310042 0.182502 -0.245943 0.257168 0.220024 0.940986 0.380995 0.213111 -0.140377 0.966891 0.380943 -0.977011 -0.0364617 0.210048 -0.506099 0.00576858 -0.989427 -0.14492 0.445953 
1535117588675 0.251802 0.924877 -0.284955 -0.619648 -0.933138 0.310098 0.181913 -0.24581 0.256611 0.220096 0.941121 0.381039 0.213084 -0.140213 0.966921 0.380938 -0.977019 -0.0359954 0.21009 -0.5062 0.00534745 -0.989467 -0.14466 0.445911 
1535117588688 0.252013 0.92484 -0.284885 -0.619372 -0.933234 0.310155 0.181324 -0.245676 0.256055 0.220168 0.941256 0.381082 0.213056 -0.140048 0.966951 0.380933 -0.977028 -0.035529 0.210131 -0.506301 0.00492633 -0.989507 -0.144401 0.44587 
1535117588839 0.252225 0.924804 -0.284815 -0.619096 -0.933329 0.310211 0.180735 -0.245542 0.255498 0.220241 0.94139 0.381125 0.213029 -0.139884 0.96698 0.380927 -0.977036 -0.0350626 0.210172 -0.506402 0.00450522 -0.989547 -0.144141 0.445829 
1535117588854 0.252436 0.924768 -0.284745 -0.61882 -0.933424 0.310268 0.180147 -0.245409 0.254941 0.220313 0.941524 0.381168 0.213001 -0.13972 0.96701 0.380922 -0.977043 -0.0345962 0.210213 -0.506503 0.00408404 -0.989587 -0.143881 0.445788 
1535117588868 0.252647 0.924732 -0.284675 -0.618544 -0.933519 0.310324 0.179558 -0.245274 0.254384 0.220385 0.941658 0.381212 0.212974 -0.139555 0.96704 0.380917 -0.977051 -0.0341298 0.210253 -0.506604 0.00366292 -0.989626 -0.143621 0.445747 
1535117588875 0.252859 0.924696 -0.284605 -0.618268 -0.933613 0.310381 0.178969 -0.245141 0.253827 0.220457 0.941791 0.381255 0.212947 -0.139391 0.96707 0.380911 -0.977058 -0.0336633 0.210294 -0.506705 0.00324174 -0.989665 -0.143361 0.445705 
1535117588898 0.25307 0.92466 -0.284535 -0.617991 -0.933707 0.310437 0.178379 -0.245007 0.25327 0.22053 0.941924 0.381298 0.21292 -0.139226 0.967099 0.380906 -0.977066 -0.0331971 0.210335 -0.506805 0.00282071 -0.989704 -0.143101 0.445664 
1535117589269 0.2523 0.924958 -0.284249 -0.618526 -0.933573 0.309944 0.179931 -0.244965 0.25453 0.219971 0.941715 0.381318 0.213002 -0.139955 0.966976 0.380912 -0.977043 -0.0347316 0.210192 -0.506469 0.00416727 -0.989549 -0.14414 0.445786 
1535117589283 0.252438 0.924938 -0.28419 -0.618307 -0.933536 0.310065 0.179918 -0.244888 0.254531 0.219884 0.941735 0.381391 0.212944 -0.138297 0.967227 0.380886 -0.977051 -0.0352596 0.210065 -0.506624 0.00505268 -0.989763 -0.142632 0.445545 
1535117589413 0.252575 0.924919 -0.284132 -0.618085 -0.933498 0.310185 0.179906 -0.244809 0.254532 0.219797 0.941755 0.381465 0.212886 -0.136638 0.967476 0.38086 -0.977059 -0.0357891 0.20994 -0.506781 0.00593921 -0.989974 -0.141123 0.445305 
1535117589443 0.252713 0.924899 -0.284074 -0.617862 -0.933461 0.310305 0.179893 -0.24473 0.254533 0.21971 0.941775 0.381539 0.212826 -0.13498 0.967722 0.380835 -0.977066 -0.0363188 0.209816 -0.506938 0.00682563 -0.990183 -0.139614 0.445064 
1535117589456 0.252851 0.924879 -0.284016 -0.617639 -0.933423 0.310425 0.179881 -0.24465 0.254534 0.219624 0.941795 0.381613 0.212765 -0.13332 0.967965 0.380809 -0.977073 -0.0368486 0.209692 -0.507096 0.00771197 -0.990388 -0.138104 0.444824 
1535117589506 0.252989 0.924859 -0.283958 -0.617415 -0.933386 0.310546 0.179868 -0.244571 0.254535 0.219537 0.941815 0.381687 0.212703 -0.131661 0.968206 0.380784 -0.977079 -0.0373787 0.209569 -0.507254 0.00859823 -0.99059 -0.136594 0.444584 
1535117589641 0.253126 0.92484 -0.283899 -0.617193 -0.933348 0.310666 0.179856 -0.244492 0.254536 0.219451 0.941835 0.381761 0.212639 -0.130001 0.968444 0.380758 -0.977085 -0.0379089 0.209447 -0.507411 0.00948432 -0.990789 -0.135083 0.444343 
1535117589861 0.253264 0.92482 -0.283841 -0.616969 -0.93331 0.310786 0.179843 -0.244412 0.254537 0.219364 0.941855 0.381835 0.212574 -0.128341 0.96868 0.380733 -0.97709 -0.0384394 0.209326 -0.507569 0.0103704 -0.990985 -0.133572 0.444103 
1535117589936 0.253402 0.9248 -0.283783 -0.616747 -0.933273 0.310906 0.179831 -0.244333 0.254538 0.219278 0.941875 0.381909 0.212506 -0.12668 0.968913 0.380707 -0.977095 -0.03897 0.209206 -0.507726 0.0112563 -0.991178 -0.13206 0.443862 
1535117589942 0.25354 0.92478 -0.283725 -0.616524 -0.933235 0.311026 0.179819 -0.244254 0.254538 0.219191 0.941895 0.381983 0.212438 -0.12502 0.969144 0.380681 -0.977099 -0.0395007 0.209086 -0.507883 0.0121421 -0.991368 -0.130548 0.443622 
1535117590375 0.253259 0.924884 -0.283636 -0.616787 -0.933293 0.310757 0.179982 -0.244227 0.254604 0.219133 0.94189 0.381929 0.212752 -0.126336 0.968905 0.380703 -0.977032 -0.0397086 0.209359 -0.507705 0.0120243 -0.991192 -0.131882 0.443773 
1535117590382 0.253359 0.924861 -0.283621 -0.616406 -0.933113 0.310982 0.180531 -0.244105 0.255167 0.218911 0.94179 0.382017 0.213055 -0.126596 0.968804 0.38073 -0.976945 -0.0414452 0.209429 -0.507837 0.0136394 -0.991088 -0.132507 0.443848 
1535117590388 0.253459 0.924838 -0.283607 -0.61602 -0.932932 0.311205 0.181079 -0.243981 0.255729 0.21869 0.941689 0.382106 0.213361 -0.126855 0.968703 0.380758 -0.976854 -0.0431822 0.209501 -0.507973 0.0152545 -0.990981 -0.133132 0.443923 
1535117590395 0.253558 0.924815 -0.283593 -0.615635 -0.932751 0.311429 0.181626 -0.243858 0.25629 0.218469 0.941587 0.382194 0.213667 -0.127113 0.968601 0.380785 -0.976761 -0.0449191 0.209572 -0.508109 0.0168693 -0.990871 -0.133757 0.443998 
1535117590485 0.253658 0.924792 -0.28358 -0.615249 -0.932569 0.311653 0.182174 -0.243734 0.256852 0.218248 0.941486 0.382283 0.213974 -0.127371 0.9685 0.380813 -0.976664 -0.046656 0.209642 -0.508245 0.0184839 -0.990757 -0.134382 0.444073 
1535117590719 0.253757 0.924769 -0.283566 -0.614862 -0.932387 0.311876 0.182722 -0.243609 0.257413 0.218026 0.941384 0.382372 0.214282 -0.127629 0.968398 0.380841 -0.976565 -0.0483927 0.209711 -0.508381 0.0200983 -0.990641 -0.135007 0.444149 
