1535367223110 -0.107956 0.952161 -0.285893 -0.512676 -0.993743 -0.0950723 0.0586124 -0.262386 0.028628 0.290432 0.956467 0.365852 0.214391 -0.219108 0.951855 0.328522 -0.976746 -0.0497801 0.208539 -0.488929 0.00169081 -0.97443 -0.224686 0.459026 
1535367223122 -0.072242 0.956147 -0.283839 -0.525163 -0.9961 -0.0547152 0.0692103 -0.260352 0.0506449 0.287732 0.956371 0.366599 0.207297 -0.209487 0.955585 0.333792 -0.978191 -0.0313536 0.205328 -0.488335 -0.0130525 -0.977309 -0.211418 0.456984 
1535367223776 -0.036375 0.958676 -0.282165 -0.53765 -0.996703 -0.0143098 0.0798707 -0.258318 0.0725324 0.284139 0.956035 0.367347 0.200345 -0.199703 0.959156 0.339062 -0.979328 -0.012952 0.201862 -0.487741 -0.0278894 -0.979771 -0.19817 0.454942 
1535367224009 -0.000418966 0.959745 -0.280874 -0.550137 -0.995548 0.0260723 0.0905741 -0.256284 0.094251 0.279661 0.955461 0.368094 0.193535 -0.189762 0.962567 0.344333 -0.980159 0.0054164 0.19814 -0.487147 -0.0428132 -0.981815 -0.184949 0.452899 
1535367224388 0.0355626 0.95935 -0.279969 -0.562624 -0.99264 0.0663597 0.101302 -0.25425 0.115762 0.274306 0.954649 0.368842 0.186874 -0.179668 0.965814 0.349603 -0.980681 0.0237432 0.194167 -0.486553 -0.0578172 -0.983441 -0.17176 0.450857 
1535367225137 0.071506 0.957493 -0.279452 -0.575111 -0.987983 0.106481 0.112034 -0.252216 0.137028 0.268082 0.953601 0.369589 0.180362 -0.169426 0.968899 0.354873 -0.980895 0.04202 0.189943 -0.485959 -0.0728945 -0.984647 -0.158611 0.448815 
1535367225169 0.107348 0.954178 -0.279323 -0.587598 -0.981585 0.146366 0.122753 -0.250182 0.158012 0.261002 0.952318 0.370337 0.174003 -0.15904 0.971817 0.360143 -0.980802 0.0602386 0.18547 -0.485364 -0.0880382 -0.985433 -0.145505 0.446773 
1535367225960 0.143025 0.949409 -0.279583 -0.600085 -0.973457 0.185943 0.13344 -0.248148 0.178675 0.253077 0.950804 0.371084 0.1678 -0.148516 0.97457 0.365413 -0.9804 0.0783907 0.18075 -0.48477 -0.103241 -0.985798 -0.132451 0.444731 
1535367226533 0.178474 0.943196 -0.28023 -0.612572 -0.963615 0.225143 0.144074 -0.246114 0.198982 0.244321 0.949059 0.371832 0.161757 -0.137857 0.977154 0.370684 -0.97969 0.096468 0.175787 -0.484176 -0.118498 -0.985743 -0.119453 0.442688 
1535367227075 0.213632 0.935548 -0.281267 -0.625048 -0.952075 0.263896 0.154638 -0.244079 0.218896 0.234751 0.947088 0.372581 0.155875 -0.12707 0.979569 0.375952 -0.978673 0.114462 0.17058 -0.483582 -0.133799 -0.985267 -0.106518 0.440647 
1535367228753 0.212652 0.935697 -0.281514 -0.624723 -0.952569 0.262704 0.153619 -0.244313 0.217696 0.235494 0.947181 0.372267 0.155898 -0.127665 0.979488 0.375495 -0.97891 0.112573 0.170478 -0.483703 -0.132028 -0.985408 -0.107423 0.44093 
1535367228756 0.214992 0.93576 -0.279522 -0.625338 -0.952065 0.264591 0.153502 -0.244085 0.2176 0.233121 0.947789 0.372093 0.158139 -0.126394 0.979294 0.375881 -0.979259 0.107145 0.171962 -0.483921 -0.126662 -0.986177 -0.106829 0.441068 
1535367228890 0.217331 0.935813 -0.277528 -0.625953 -0.951557 0.266478 0.15339 -0.243857 0.2175 0.230747 0.948393 0.371919 0.160374 -0.125111 0.979095 0.376268 -0.979576 0.101715 0.17345 -0.484138 -0.121289 -0.986915 -0.106243 0.441205 
1535367229075 0.219669 0.935856 -0.275532 -0.626569 -0.951045 0.268363 0.153282 -0.243629 0.217393 0.228372 0.948992 0.371746 0.162601 -0.123815 0.978893 0.376654 -0.97986 0.0962835 0.17494 -0.484356 -0.115911 -0.987623 -0.105665 0.441343 
1535367229090 0.222006 0.935891 -0.273535 -0.627184 -0.950528 0.270248 0.153178 -0.243401 0.21728 0.225996 0.949587 0.371572 0.164821 -0.122507 0.978686 0.37704 -0.980111 0.0908512 0.176433 -0.484574 -0.110529 -0.988301 -0.105096 0.44148 
1535367229346 0.224342 0.935916 -0.271536 -0.627799 -0.950006 0.272131 0.153078 -0.243173 0.217162 0.22362 0.950176 0.371398 0.167033 -0.121186 0.978475 0.377427 -0.980329 0.0854181 0.177928 -0.484791 -0.105142 -0.988948 -0.104535 0.441618 
1535367229495 0.226676 0.935932 -0.269536 -0.628414 -0.94948 0.274014 0.152982 -0.242944 0.217037 0.221242 0.950761 0.371224 0.169237 -0.119853 0.978261 0.377813 -0.980515 0.0799846 0.179426 -0.485009 -0.0997505 -0.989564 -0.103981 0.441755 
1535367229846 0.229009 0.935938 -0.267534 -0.629029 -0.94895 0.275895 0.15289 -0.242716 0.216907 0.218863 0.951341 0.37105 0.171433 -0.118507 0.978042 0.378199 -0.980667 0.0745503 0.180927 -0.485227 -0.0943545 -0.990151 -0.103436 0.441893 
1535367229927 0.23134 0.935935 -0.265531 -0.629645 -0.948416 0.277776 0.152802 -0.242488 0.216771 0.216484 0.951917 0.370877 0.173622 -0.11715 0.97782 0.378585 -0.980787 0.0691162 0.182429 -0.485445 -0.0889548 -0.990706 -0.102899 0.44203 
1535367230115 0.23367 0.935923 -0.263526 -0.630259 -0.947877 0.279655 0.152718 -0.24226 0.216629 0.214104 0.952487 0.370703 0.175801 -0.11578 0.977593 0.378971 -0.980874 0.0636822 0.183933 -0.485662 -0.0835512 -0.991231 -0.102371 0.442168 
1535367230646 0.233105 0.935836 -0.264336 -0.630056 -0.947998 0.279262 0.152686 -0.242493 0.216708 0.214998 0.952267 0.37085 0.173024 -0.117568 0.977875 0.378454 -0.980821 0.0698971 0.181949 -0.485372 -0.089742 -0.990602 -0.103219 0.441946 
1535367230660 0.233865 0.935084 -0.266316 -0.630595 -0.947296 0.280826 0.154166 -0.24251 0.218947 0.216226 0.951477 0.371146 0.175193 -0.117364 0.977514 0.378754 -0.98096 0.063713 0.183461 -0.485657 -0.083812 -0.991043 -0.103967 0.442081 
1535367230672 0.234619 0.934329 -0.268296 -0.631133 -0.946589 0.282391 0.155643 -0.242526 0.221187 0.217449 0.95068 0.371443 0.177326 -0.117172 0.977152 0.379045 -0.981061 0.0575825 0.18494 -0.485937 -0.0779367 -0.991441 -0.104742 0.442214 
1535367230899 0.235367 0.93357 -0.270277 -0.631672 -0.945877 0.283957 0.157116 -0.242543 0.223426 0.218668 0.949876 0.371739 0.179456 -0.116967 0.976788 0.379337 -0.981123 0.0514503 0.186413 -0.486217 -0.0720603 -0.991802 -0.105526 0.442346 
1535367231239 0.236111 0.932806 -0.272257 -0.63221 -0.94516 0.285524 0.158586 -0.24256 0.225666 0.219883 0.949066 0.372036 0.181584 -0.116749 0.97642 0.379628 -0.981146 0.0453164 0.187882 -0.486497 -0.0661829 -0.992127 -0.106319 0.442478 
1535367231357 0.23685 0.932038 -0.274238 -0.632749 -0.944437 0.287093 0.160051 -0.242577 0.227905 0.221093 0.94825 0.372332 0.183711 -0.116518 0.97605 0.379919 -0.981129 0.0391812 0.189344 -0.486777 -0.0603048 -0.992415 -0.107121 0.442611 
1535367231372 0.237583 0.931266 -0.27622 -0.633288 -0.943709 0.288663 0.161512 -0.242593 0.230145 0.222299 0.947426 0.372628 0.185836 -0.116273 0.975677 0.38021 -0.981072 0.033045 0.190801 -0.487058 -0.0544262 -0.992667 -0.107931 0.442743 
1535367231485 0.238312 0.93049 -0.278201 -0.633826 -0.942977 0.290235 0.162969 -0.24261 0.232384 0.2235 0.946597 0.372925 0.187958 -0.116015 0.975301 0.380501 -0.980977 0.0269079 0.192253 -0.487338 -0.0485474 -0.992883 -0.10875 0.442875 
1535367231873 0.239035 0.92971 -0.280183 -0.634365 -0.942239 0.291807 0.164422 -0.242627 0.234624 0.224696 0.945761 0.373221 0.190078 -0.115744 0.974922 0.380793 -0.980841 0.0207702 0.193698 -0.487618 -0.0426686 -0.993062 -0.109578 0.443007 
1535367231934 0.239753 0.928925 -0.282165 -0.634903 -0.941496 0.293381 0.165871 -0.242643 0.236863 0.225889 0.944918 0.373518 0.192197 -0.115458 0.974541 0.381084 -0.980667 0.0146318 0.195138 -0.487897 -0.0367897 -0.993205 -0.110414 0.44314 
1535367232510 0.239375 0.929261 -0.281379 -0.634669 -0.941833 0.29265 0.165247 -0.242614 0.235903 0.225456 0.945262 0.373387 0.191804 -0.115556 0.974607 0.381002 -0.980697 0.0158866 0.194886 -0.487731 -0.0380035 -0.993174 -0.110278 0.443062 
1535367232528 0.239371 0.928958 -0.282382 -0.634988 -0.941611 0.293038 0.165824 -0.242705 0.236792 0.2262 0.944861 0.37357 0.192035 -0.116076 0.974499 0.381054 -0.980632 0.016279 0.195183 -0.487844 -0.0385198 -0.993107 -0.110701 0.443068 
1535367232535 0.239357 0.928673 -0.283328 -0.635294 -0.941402 0.293397 0.166377 -0.242796 0.237637 0.226902 0.944481 0.373751 0.192266 -0.116595 0.974392 0.381107 -0.980566 0.0166715 0.19548 -0.487957 -0.0390365 -0.99304 -0.111124 0.443075 
1535367232634 0.239343 0.928387 -0.284274 -0.635601 -0.941192 0.293757 0.166928 -0.242886 0.238482 0.227604 0.944099 0.373933 0.192498 -0.117115 0.974284 0.381159 -0.9805 0.017064 0.195778 -0.488069 -0.0395537 -0.992972 -0.111546 0.443081 
1535367232696 0.239328 0.928101 -0.28522 -0.635907 -0.940981 0.294118 0.167479 -0.242977 0.239326 0.228305 0.943716 0.374114 0.19273 -0.117634 0.974175 0.381211 -0.980433 0.0174562 0.196076 -0.488182 -0.0400707 -0.992904 -0.111968 0.443088 
1535367232705 0.239312 0.927814 -0.286166 -0.636214 -0.94077 0.294479 0.168029 -0.243067 0.24017 0.229005 0.943332 0.374296 0.19296 -0.118154 0.974067 0.381264 -0.980367 0.0178483 0.196373 -0.488295 -0.0405878 -0.992835 -0.11239 0.443094 
1535367232921 0.239295 0.927526 -0.287111 -0.636521 -0.940559 0.29484 0.168579 -0.243157 0.241013 0.229705 0.942947 0.374478 0.193191 -0.118674 0.973958 0.381316 -0.9803 0.0182402 0.196671 -0.488408 -0.0411049 -0.992766 -0.112812 0.4431 
1535367233000 0.239278 0.927238 -0.288056 -0.636827 -0.940346 0.295202 0.169128 -0.243248 0.241857 0.230404 0.94256 0.374659 0.193421 -0.119194 0.973849 0.381368 -0.980233 0.0186319 0.196969 -0.488521 -0.0416222 -0.992696 -0.113234 0.443107 
1535367233201 0.239259 0.926948 -0.289001 -0.637134 -0.940134 0.295564 0.169677 -0.243338 0.2427 0.231103 0.942172 0.374841 0.193651 -0.119713 0.973739 0.38142 -0.980165 0.0190235 0.197268 -0.488633 -0.0421396 -0.992626 -0.113655 0.443113 
1535367233206 0.23924 0.926658 -0.289946 -0.63744 -0.939921 0.295926 0.170226 -0.243429 0.243544 0.231801 0.941783 0.375022 0.19388 -0.120233 0.97363 0.381473 -0.980097 0.0194149 0.197566 -0.488746 -0.0426569 -0.992556 -0.114076 0.44312 
1535367233516 0.239235 0.926906 -0.289158 -0.637132 -0.940143 0.295567 0.169623 -0.243371 0.24269 0.23127 0.942134 0.374782 0.193665 -0.119632 0.973746 0.381451 -0.980171 0.0188234 0.197256 -0.48855 -0.0419272 -0.99264 -0.113614 0.443126 
1535367233530 0.238912 0.92698 -0.289186 -0.637228 -0.940186 0.295302 0.169847 -0.243498 0.242842 0.23131 0.942085 0.374807 0.193205 -0.120025 0.973789 0.381462 -0.980262 0.0188051 0.196807 -0.488569 -0.0419339 -0.992593 -0.114022 0.443131 
1535367233542 0.238589 0.927054 -0.289215 -0.637323 -0.940228 0.295036 0.170071 -0.243625 0.242994 0.231352 0.942035 0.374833 0.192745 -0.120417 0.973832 0.381473 -0.980352 0.0187872 0.196358 -0.488588 -0.0419405 -0.992546 -0.11443 0.443136 
1535367233723 0.238265 0.927129 -0.289244 -0.637419 -0.940271 0.294771 0.170295 -0.243752 0.243146 0.231393 0.941986 0.374858 0.192284 -0.120811 0.973874 0.381485 -0.980442 0.01877 0.195909 -0.488606 -0.0419476 -0.992498 -0.114839 0.443141 
1535367233750 0.237942 0.927203 -0.289272 -0.637514 -0.940314 0.294505 0.170519 -0.243879 0.243298 0.231433 0.941937 0.374883 0.191824 -0.121204 0.973916 0.381496 -0.980532 0.0187526 0.19546 -0.488625 -0.041954 -0.99245 -0.115247 0.443146 
1535367233755 0.237618 0.927277 -0.289301 -0.63761 -0.940356 0.29424 0.170743 -0.244006 0.24345 0.231474 0.941887 0.374908 0.191363 -0.121597 0.973958 0.381507 -0.980622 0.0187355 0.195011 -0.488644 -0.0419603 -0.992403 -0.115655 0.44315 
1535367233924 0.237295 0.927351 -0.289329 -0.637706 -0.940398 0.293975 0.170967 -0.244133 0.243602 0.231515 0.941838 0.374934 0.190902 -0.12199 0.973999 0.381518 -0.980712 0.0187185 0.194562 -0.488663 -0.0419664 -0.992355 -0.116063 0.443155 
1535367233941 0.236972 0.927425 -0.289357 -0.637801 -0.940441 0.293709 0.171191 -0.24426 0.243754 0.231556 0.941789 0.374959 0.190441 -0.122383 0.97404 0.381529 -0.980801 0.0187017 0.194113 -0.488682 -0.0419723 -0.992307 -0.116472 0.44316 
1535367233989 0.236648 0.927499 -0.289386 -0.637897 -0.940483 0.293444 0.171415 -0.244387 0.243905 0.231597 0.941739 0.374984 0.189981 -0.122776 0.974081 0.381541 -0.98089 0.0186851 0.193664 -0.4887 -0.041978 -0.992259 -0.11688 0.443165 
1535367233995 0.236325 0.927572 -0.289414 -0.637992 -0.940525 0.293178 0.171639 -0.244514 0.244057 0.231638 0.94169 0.37501 0.18952 -0.123169 0.974121 0.381552 -0.980979 0.0186686 0.193215 -0.488719 -0.0419835 -0.99221 -0.117288 0.44317 
1535367234320 0.236769 0.927473 -0.28937 -0.637823 -0.940512 0.293499 0.171158 -0.244419 0.243674 0.231631 0.941791 0.374962 0.190404 -0.122314 0.974056 0.381529 -0.980806 0.0187612 0.19408 -0.488715 -0.0420132 -0.992314 -0.116394 0.443175 
1535367234331 0.237047 0.92744 -0.289246 -0.637767 -0.940455 0.293729 0.171079 -0.244407 0.243626 0.231469 0.941843 0.374919 0.189998 -0.123219 0.974021 0.381541 -0.980808 0.0204136 0.193905 -0.488768 -0.043776 -0.99217 -0.116976 0.443242 
1535367234338 0.237326 0.927407 -0.289123 -0.637711 -0.940397 0.29396 0.171 -0.244396 0.243577 0.231308 0.941895 0.374876 0.189593 -0.124124 0.973986 0.381553 -0.980806 0.0220673 0.193733 -0.488822 -0.04554 -0.992021 -0.117557 0.443308 
1535367234356 0.237604 0.927374 -0.289 -0.637655 -0.940339 0.294191 0.170921 -0.244384 0.243529 0.231146 0.941947 0.374832 0.189186 -0.125027 0.973949 0.381565 -0.980801 0.0237208 0.193562 -0.488875 -0.0473033 -0.99187 -0.118139 0.443375 
1535367234528 0.237883 0.927341 -0.288877 -0.637599 -0.940281 0.294421 0.170842 -0.244373 0.243481 0.230985 0.942 0.374789 0.188777 -0.125929 0.973912 0.381577 -0.980794 0.0253745 0.193391 -0.488928 -0.0490662 -0.991715 -0.118721 0.443441 
1535367234576 0.238161 0.927308 -0.288753 -0.637543 -0.940223 0.294652 0.170763 -0.244361 0.243432 0.230823 0.942052 0.374746 0.188366 -0.126831 0.973875 0.381588 -0.980783 0.0270283 0.193222 -0.488982 -0.0508287 -0.991556 -0.119303 0.443508 
1535367234655 0.23844 0.927275 -0.28863 -0.637486 -0.940165 0.294883 0.170686 -0.244349 0.243385 0.230662 0.942104 0.374703 0.187953 -0.127732 0.973837 0.3816 -0.980769 0.0286821 0.193053 -0.489035 -0.0525908 -0.991394 -0.119885 0.443575 
1535367234693 0.238718 0.927242 -0.288507 -0.63743 -0.940107 0.295114 0.170607 -0.244338 0.243336 0.2305 0.942156 0.37466 0.18754 -0.128632 0.973798 0.381612 -0.980752 0.030336 0.192886 -0.489088 -0.0543525 -0.991228 -0.120467 0.443641 
1535367234794 0.238997 0.927208 -0.288383 -0.637374 -0.940049 0.295345 0.170529 -0.244326 0.243288 0.230339 0.942208 0.374616 0.187124 -0.129532 0.973759 0.381624 -0.980732 0.0319899 0.192719 -0.489141 -0.0561138 -0.991059 -0.12105 0.443708 
1535367234800 0.239275 0.927175 -0.28826 -0.637318 -0.93999 0.295575 0.17045 -0.244315 0.24324 0.230177 0.942259 0.374573 0.186707 -0.13043 0.973719 0.381636 -0.980709 0.0336438 0.192554 -0.489195 -0.0578744 -0.990887 -0.121632 0.443774 
1535367235061 0.238501 0.927257 -0.288637 -0.637472 -0.940171 0.294923 0.170585 -0.244306 0.243301 0.230683 0.94212 0.374688 0.188018 -0.127176 0.973897 0.381553 -0.980805 0.0278652 0.19299 -0.489052 -0.0516815 -0.991489 -0.119496 0.443553 
1535367235071 0.239215 0.927214 -0.288185 -0.637263 -0.940104 0.295411 0.170109 -0.244201 0.242861 0.230232 0.942344 0.374719 0.187915 -0.127925 0.973819 0.381592 -0.980789 0.0284058 0.192992 -0.489153 -0.0523507 -0.991377 -0.12013 0.443603 
1535367235087 0.239927 0.92717 -0.287735 -0.637053 -0.940036 0.2959 0.169634 -0.244097 0.24242 0.229781 0.942567 0.37475 0.187841 -0.12861 0.973743 0.381631 -0.980773 0.0288491 0.193008 -0.489253 -0.0529145 -0.991275 -0.120718 0.443648 
1535367235297 0.240638 0.927125 -0.287283 -0.636844 -0.939968 0.296388 0.169159 -0.243992 0.241979 0.229331 0.94279 0.374781 0.187767 -0.129295 0.973667 0.381669 -0.980757 0.0292923 0.193024 -0.489352 -0.053478 -0.991173 -0.121307 0.443692 
1535367235402 0.24135 0.92708 -0.286832 -0.636634 -0.939899 0.296877 0.168684 -0.243888 0.241538 0.228881 0.943013 0.374812 0.187692 -0.129979 0.97359 0.381708 -0.98074 0.0297355 0.19304 -0.489451 -0.0540414 -0.991071 -0.121895 0.443737 
1535367235485 0.242061 0.927035 -0.28638 -0.636425 -0.939829 0.297365 0.16821 -0.243783 0.241096 0.228431 0.943235 0.374843 0.187616 -0.130664 0.973513 0.381746 -0.980723 0.0301787 0.193056 -0.489551 -0.0546048 -0.990967 -0.122483 0.443781 
1535367235712 0.242772 0.926988 -0.285928 -0.636216 -0.939759 0.297854 0.167736 -0.243678 0.240654 0.227982 0.943457 0.374874 0.18754 -0.131348 0.973435 0.381784 -0.980706 0.0306218 0.193073 -0.48965 -0.0551681 -0.990863 -0.123071 0.443825 
1535367235716 0.243482 0.926941 -0.285475 -0.636006 -0.939689 0.298343 0.167261 -0.243574 0.240211 0.227532 0.943678 0.374905 0.187464 -0.132032 0.973357 0.381823 -0.980689 0.0310649 0.19309 -0.489749 -0.0557313 -0.990759 -0.123659 0.44387 
1535367235953 0.244193 0.926894 -0.285022 -0.635797 -0.939618 0.298832 0.166787 -0.243469 0.239768 0.227083 0.943899 0.374936 0.187387 -0.132716 0.973279 0.381861 -0.980672 0.031508 0.193107 -0.489848 -0.0562945 -0.990653 -0.124247 0.443914 
1535367235961 0.244902 0.926846 -0.284567 -0.635588 -0.939546 0.299321 0.166314 -0.243365 0.239325 0.226634 0.944119 0.374967 0.18731 -0.133399 0.973201 0.3819 -0.980654 0.031951 0.193124 -0.489948 -0.0568574 -0.990547 -0.124834 0.443959 
1535367236223 0.244217 0.926934 -0.284869 -0.635791 -0.9396 0.298839 0.166874 -0.243345 0.239811 0.22691 0.943929 0.375003 0.187408 -0.132408 0.973317 0.381858 -0.980664 0.0316323 0.193126 -0.48982 -0.0563597 -0.99069 -0.12392 0.443877 
1535367236235 0.244425 0.926927 -0.284717 -0.635435 -0.939557 0.298999 0.166828 -0.243224 0.239767 0.226731 0.943984 0.375129 0.187842 -0.132474 0.973225 0.381909 -0.980658 0.0302009 0.193387 -0.48999 -0.055011 -0.990726 -0.124239 0.443856 
1535367236240 0.244632 0.926919 -0.284564 -0.635078 -0.939515 0.299158 0.166782 -0.243102 0.239723 0.226551 0.944038 0.375255 0.188275 -0.13254 0.973132 0.38196 -0.980649 0.0287691 0.193648 -0.490159 -0.0536622 -0.99076 -0.124558 0.443836 
1535367236469 0.244839 0.926911 -0.284411 -0.634722 -0.939472 0.299318 0.166736 -0.242981 0.239679 0.226373 0.944092 0.375382 0.188708 -0.132605 0.973039 0.382012 -0.980639 0.0273376 0.193908 -0.490329 -0.0523137 -0.990792 -0.124879 0.443815 
1535367236512 0.245046 0.926903 -0.284258 -0.634365 -0.93943 0.299477 0.16669 -0.24286 0.239635 0.226194 0.944146 0.375508 0.189142 -0.132669 0.972946 0.382063 -0.980626 0.0259061 0.194167 -0.490499 -0.0509653 -0.990822 -0.125199 0.443795 
1535367236530 0.245253 0.926896 -0.284105 -0.634009 -0.939387 0.299637 0.166645 -0.242739 0.23959 0.226014 0.9442 0.375634 0.189575 -0.132733 0.972853 0.382114 -0.980612 0.0244745 0.194426 -0.490668 -0.0496169 -0.99085 -0.12552 0.443774 
1535367236633 0.24546 0.926888 -0.283952 -0.633653 -0.939344 0.299796 0.166599 -0.242617 0.239546 0.225835 0.944254 0.37576 0.190009 -0.132796 0.97276 0.382165 -0.980595 0.0230428 0.194685 -0.490838 -0.0482685 -0.990875 -0.125841 0.443753 
1535367236636 0.245667 0.92688 -0.283799 -0.633296 -0.939301 0.299955 0.166553 -0.242496 0.239502 0.225656 0.944308 0.375886 0.190442 -0.132859 0.972667 0.382216 -0.980576 0.021611 0.194943 -0.491008 -0.0469203 -0.990899 -0.126163 0.443733 
1535367236865 0.245873 0.926872 -0.283646 -0.63294 -0.939258 0.300115 0.166508 -0.242375 0.239458 0.225477 0.944362 0.376013 0.190876 -0.132921 0.972573 0.382268 -0.980556 0.0201792 0.195201 -0.491178 -0.045572 -0.990921 -0.126485 0.443712 
1535367236965 0.24608 0.926864 -0.283492 -0.632584 -0.939216 0.300274 0.166462 -0.242253 0.239413 0.225297 0.944416 0.376139 0.191309 -0.132982 0.97248 0.382319 -0.980533 0.0187475 0.195457 -0.491347 -0.044224 -0.990941 -0.126807 0.443692 
1535367237487 0.245821 0.926895 -0.283615 -0.632842 -0.939234 0.300095 0.166678 -0.242253 0.239605 0.225408 0.944342 0.376079 0.191039 -0.132904 0.972543 0.38231 -0.980542 0.0197732 0.195313 -0.49116 -0.0451881 -0.990932 -0.12654 0.443762 
1535367237499 0.245821 0.926831 -0.283824 -0.632377 -0.93918 0.300183 0.166825 -0.242052 0.239818 0.225553 0.944253 0.37621 0.191794 -0.132283 0.97248 0.38236 -0.980505 0.0173141 0.195732 -0.491342 -0.0427296 -0.991061 -0.126383 0.443656 
1535367237506 0.24582 0.926767 -0.284033 -0.631912 -0.939127 0.30027 0.16697 -0.241851 0.24003 0.225699 0.944164 0.37634 0.192547 -0.13166 0.972415 0.382411 -0.980461 0.0148556 0.196151 -0.491523 -0.0402711 -0.991184 -0.126227 0.443549 
1535367237809 0.245818 0.926704 -0.284243 -0.631447 -0.939073 0.300358 0.167116 -0.241649 0.240242 0.225844 0.944075 0.376471 0.193298 -0.131035 0.972351 0.382461 -0.980411 0.0123973 0.196571 -0.491705 -0.0378122 -0.9913 -0.126072 0.443443 
1535367237845 0.245817 0.92664 -0.284452 -0.630982 -0.939019 0.300445 0.167262 -0.241448 0.240454 0.22599 0.943987 0.376602 0.194048 -0.130408 0.972286 0.382512 -0.980355 0.00993911 0.196991 -0.491887 -0.0353529 -0.991411 -0.125918 0.443336 
1535367238045 0.245815 0.926576 -0.284661 -0.630517 -0.938965 0.300533 0.167408 -0.241247 0.240666 0.226135 0.943898 0.376732 0.194796 -0.129779 0.97222 0.382562 -0.980292 0.00748118 0.197412 -0.492068 -0.0328933 -0.991515 -0.125764 0.44323 
1535367238173 0.245814 0.926512 -0.28487 -0.630052 -0.938911 0.30062 0.167554 -0.241046 0.240878 0.226281 0.943809 0.376863 0.195542 -0.129149 0.972154 0.382612 -0.980223 0.00502347 0.197833 -0.49225 -0.0304334 -0.991613 -0.125612 0.443124 
1535367238354 0.245812 0.926448 -0.285079 -0.629587 -0.938857 0.300708 0.1677 -0.240845 0.24109 0.226426 0.94372 0.376994 0.196287 -0.128516 0.972088 0.382663 -0.980147 0.00256601 0.198254 -0.492432 -0.0279732 -0.991704 -0.125461 0.443017 
1535367238532 0.24581 0.926384 -0.285288 -0.629122 -0.938803 0.300795 0.167845 -0.240643 0.241303 0.226571 0.94363 0.377125 0.19703 -0.127882 0.972021 0.382713 -0.980065 0.00010881 0.198675 -0.492614 -0.0255127 -0.991789 -0.125311 0.442911 
1535367238669 0.245809 0.92632 -0.285497 -0.628658 -0.938749 0.300882 0.167991 -0.240442 0.241515 0.226716 0.943541 0.377255 0.197771 -0.127246 0.971954 0.382764 -0.979977 -0.00234798 0.199096 -0.492795 -0.0230521 -0.991868 -0.125162 0.442804 
1535367239124 0.245618 0.92645 -0.285242 -0.628823 -0.938871 0.300586 0.167837 -0.240475 0.241232 0.226581 0.943646 0.377226 0.197541 -0.127459 0.971973 0.382787 -0.980008 -0.00169567 0.198952 -0.492713 -0.02371 -0.991842 -0.125246 0.442875 
1535367239131 0.245705 0.926383 -0.285382 -0.628403 -0.938778 0.30076 0.168044 -0.240328 0.241504 0.226621 0.943567 0.377332 0.197137 -0.127141 0.972097 0.382699 -0.980076 -0.0010483 0.198618 -0.492594 -0.0242336 -0.991884 -0.124815 0.442817 
1535367239339 0.245792 0.926317 -0.285523 -0.627983 -0.938686 0.300934 0.168248 -0.240181 0.241775 0.226662 0.943488 0.377439 0.197535 -0.126139 0.972147 0.382749 -0.980046 -0.00300311 0.19875 -0.492676 -0.0221506 -0.992008 -0.124215 0.442666 
1535367239347 0.245879 0.92625 -0.285664 -0.627563 -0.938593 0.301108 0.168454 -0.240034 0.242046 0.226703 0.943408 0.377545 0.197931 -0.125135 0.972196 0.3828 -0.980011 -0.00495785 0.198884 -0.492758 -0.0200673 -0.992127 -0.123615 0.442515 
1535367239625 0.245966 0.926184 -0.285805 -0.627143 -0.938501 0.301282 0.168659 -0.239887 0.242317 0.226744 0.943329 0.377652 0.198325 -0.12413 0.972244 0.38285 -0.979971 -0.00691243 0.199018 -0.49284 -0.0179837 -0.992242 -0.123015 0.442364 
1535367239668 0.246052 0.926117 -0.285945 -0.626723 -0.938408 0.301455 0.168864 -0.23974 0.242587 0.226784 0.94325 0.377758 0.198716 -0.123125 0.972292 0.3829 -0.979928 -0.00886683 0.199154 -0.492922 -0.0158997 -0.992352 -0.122416 0.442212 
1535367239844 0.246139 0.926051 -0.286086 -0.626302 -0.938315 0.301629 0.169069 -0.239592 0.242858 0.226825 0.94317 0.377864 0.199106 -0.122119 0.972339 0.38295 -0.979881 -0.0108211 0.199291 -0.493003 -0.0138154 -0.992457 -0.121816 0.442061 
1535367240001 0.246225 0.925984 -0.286227 -0.625882 -0.938222 0.301803 0.169274 -0.239445 0.243129 0.226865 0.943091 0.377971 0.199493 -0.121112 0.972386 0.383 -0.979829 -0.0127751 0.199429 -0.493085 -0.0117309 -0.992557 -0.121217 0.44191 
1535367240158 0.246312 0.925918 -0.286368 -0.625462 -0.93813 0.301977 0.169479 -0.239298 0.2434 0.226905 0.943011 0.378077 0.199879 -0.120104 0.972432 0.383051 -0.979773 -0.0147289 0.199569 -0.493167 -0.009646 -0.992652 -0.120618 0.441759 
1535367240301 0.246399 0.925851 -0.286508 -0.625043 -0.938037 0.302151 0.169684 -0.239151 0.24367 0.226945 0.942932 0.378184 0.200262 -0.119095 0.972477 0.383101 -0.979713 -0.0166825 0.199709 -0.493249 -0.00756095 -0.992743 -0.12002 0.441608 
1535367240716 0.246236 0.925915 -0.286444 -0.62521 -0.938114 0.301951 0.169609 -0.239126 0.243536 0.226953 0.942965 0.378134 0.200076 -0.119564 0.972458 0.383083 -0.979744 -0.0158689 0.199624 -0.493179 -0.00843606 -0.9927 -0.120318 0.441702 
1535367240721 0.24622 0.925822 -0.286758 -0.624861 -0.937958 0.302143 0.170132 -0.239026 0.244154 0.227077 0.942775 0.378248 0.200147 -0.118937 0.97252 0.383108 -0.979731 -0.01595 0.19968 -0.493246 -0.0082376 -0.992774 -0.119718 0.441577 
1535367240728 0.246203 0.925729 -0.287071 -0.624512 -0.937801 0.302334 0.170654 -0.238927 0.244771 0.2272 0.942585 0.378361 0.200219 -0.118308 0.972582 0.383132 -0.979718 -0.0160316 0.199738 -0.493313 -0.00803857 -0.992847 -0.119119 0.441451 
1535367240742 0.246186 0.925636 -0.287385 -0.624162 -0.937645 0.302525 0.171176 -0.238827 0.245388 0.227323 0.942395 0.378474 0.20029 -0.11768 0.972643 0.383157 -0.979705 -0.016113 0.199795 -0.493381 -0.00783962 -0.992921 -0.118519 0.441326 
1535367240950 0.246169 0.925543 -0.287698 -0.623813 -0.937487 0.302717 0.171698 -0.238727 0.246005 0.227446 0.942205 0.378588 0.200362 -0.117052 0.972705 0.383181 -0.979692 -0.0161944 0.199852 -0.493448 -0.00764062 -0.992994 -0.117919 0.441201 
1535367240999 0.246152 0.925451 -0.288011 -0.623464 -0.93733 0.302908 0.172219 -0.238628 0.246621 0.227569 0.942014 0.378701 0.200433 -0.116423 0.972765 0.383206 -0.979679 -0.0162758 0.19991 -0.493515 -0.00744159 -0.993066 -0.11732 0.441076 
1535367241151 0.246134 0.925358 -0.288324 -0.623115 -0.937172 0.303099 0.172741 -0.238528 0.247238 0.227692 0.941823 0.378815 0.200504 -0.115795 0.972826 0.383231 -0.979666 -0.0163571 0.199967 -0.493582 -0.00724251 -0.993138 -0.11672 0.44095 
1535367241203 0.246116 0.925265 -0.288637 -0.622766 -0.937014 0.303291 0.173262 -0.238428 0.247855 0.227815 0.941631 0.378928 0.200575 -0.115166 0.972886 0.383255 -0.979653 -0.0164384 0.200024 -0.493649 -0.00704339 -0.99321 -0.11612 0.440825 
1535367241323 0.246098 0.925172 -0.288951 -0.622416 -0.936855 0.303482 0.173784 -0.238328 0.248471 0.227937 0.941439 0.379042 0.200646 -0.114538 0.972945 0.38328 -0.97964 -0.0165196 0.200082 -0.493717 -0.00684423 -0.993282 -0.11552 0.4407 
1535367241330 0.24608 0.925079 -0.289263 -0.622068 -0.936696 0.303674 0.174305 -0.238229 0.249087 0.228058 0.941246 0.379155 0.200717 -0.11391 0.973004 0.383304 -0.979627 -0.0166008 0.200139 -0.493784 -0.00664515 -0.993352 -0.114921 0.440574 
1535367241692 0.246134 0.925169 -0.288929 -0.622242 -0.936757 0.303594 0.174119 -0.238256 0.248807 0.227799 0.941383 0.379143 0.200666 -0.114719 0.97292 0.38326 -0.979639 -0.0169575 0.200052 -0.493718 -0.00645142 -0.993253 -0.115785 0.440773 
1535367241706 0.246112 0.925117 -0.289115 -0.622028 -0.936741 0.303628 0.174146 -0.238158 0.248889 0.227966 0.941321 0.379226 0.201299 -0.114773 0.972782 0.383292 -0.979514 -0.0179311 0.200577 -0.493878 -0.00557779 -0.99323 -0.116031 0.440802 
1535367241715 0.24609 0.925065 -0.289301 -0.621815 -0.936725 0.303662 0.174173 -0.238059 0.248971 0.228133 0.941259 0.379309 0.201932 -0.114827 0.972645 0.383325 -0.979388 -0.0189052 0.201101 -0.494038 -0.00470376 -0.993206 -0.116278 0.440832 
1535367241950 0.246068 0.925012 -0.289488 -0.621601 -0.936709 0.303696 0.174198 -0.237961 0.249052 0.228301 0.941197 0.379392 0.202565 -0.11488 0.972507 0.383357 -0.979261 -0.019879 0.201624 -0.494198 -0.00383014 -0.99318 -0.116525 0.440861 
1535367241957 0.246046 0.924959 -0.289674 -0.621388 -0.936693 0.30373 0.174224 -0.237862 0.249133 0.228469 0.941135 0.379475 0.203198 -0.114933 0.972369 0.38339 -0.979133 -0.0208528 0.202147 -0.494358 -0.00295668 -0.993154 -0.116772 0.440891 
1535367242186 0.246024 0.924907 -0.289861 -0.621174 -0.936677 0.303764 0.17425 -0.237764 0.249214 0.228636 0.941073 0.379558 0.203831 -0.114985 0.97223 0.383422 -0.979004 -0.0218267 0.20267 -0.494517 -0.00208337 -0.993127 -0.11702 0.440921 
1535367242191 0.246002 0.924854 -0.290047 -0.62096 -0.936661 0.303798 0.174276 -0.237665 0.249296 0.228804 0.94101 0.379641 0.204464 -0.115036 0.972091 0.383454 -0.978873 -0.0228005 0.203192 -0.494677 -0.00121022 -0.9931 -0.117268 0.44095 
1535367242423 0.24598 0.924802 -0.290234 -0.620747 -0.936646 0.303832 0.174302 -0.237567 0.249377 0.228971 0.940948 0.379724 0.205096 -0.115087 0.971952 0.383487 -0.978742 -0.0237744 0.203714 -0.494837 -0.000337237 -0.993071 -0.117516 0.44098 
1535367242473 0.245958 0.924749 -0.29042 -0.620533 -0.93663 0.303866 0.174328 -0.237468 0.249459 0.229139 0.940886 0.379807 0.205729 -0.115137 0.971812 0.383519 -0.978609 -0.0247483 0.204236 -0.494997 0.000535584 -0.993041 -0.117765 0.441009 
1535367242573 0.245936 0.924696 -0.290607 -0.62032 -0.936614 0.3039 0.174354 -0.23737 0.24954 0.229306 0.940823 0.37989 0.206362 -0.115186 0.971672 0.383552 -0.978475 -0.0257221 0.204757 -0.495157 0.00140822 -0.993011 -0.118015 0.441038 
1535367242903 0.245855 0.924792 -0.29037 -0.620531 -0.936634 0.30378 0.174458 -0.237405 0.249546 0.229079 0.940877 0.379821 0.205845 -0.115125 0.971789 0.383529 -0.978584 -0.0249831 0.204325 -0.495016 0.000755331 -0.993037 -0.117802 0.441056 
1535367242920 0.245863 0.924702 -0.290649 -0.620321 -0.936543 0.303921 0.174698 -0.237357 0.249878 0.229254 0.940746 0.37991 0.205879 -0.115732 0.97171 0.383535 -0.978577 -0.0235689 0.204527 -0.495118 -0.000768185 -0.993001 -0.118105 0.441099 
1535367242935 0.245871 0.924612 -0.29093 -0.620111 -0.936452 0.304063 0.174938 -0.237309 0.250211 0.22943 0.940615 0.379999 0.205912 -0.11634 0.97163 0.383541 -0.978568 -0.0221536 0.20473 -0.49522 -0.002293 -0.992962 -0.118408 0.441142 
1535367242948 0.245879 0.924522 -0.291211 -0.619901 -0.936361 0.304205 0.175177 -0.237261 0.250543 0.229606 0.940484 0.380088 0.205944 -0.116947 0.971551 0.383548 -0.978556 -0.0207387 0.204932 -0.495321 -0.00381757 -0.992922 -0.11871 0.441185 
1535367243137 0.245886 0.924431 -0.291491 -0.619691 -0.93627 0.304347 0.175416 -0.237213 0.250875 0.229782 0.940352 0.380177 0.205974 -0.117554 0.971471 0.383554 -0.978543 -0.0193238 0.205136 -0.495423 -0.00534214 -0.992878 -0.119012 0.441228 
1535367243248 0.245894 0.92434 -0.291772 -0.619482 -0.936179 0.30449 0.175655 -0.237165 0.251207 0.229958 0.94022 0.380266 0.206004 -0.118162 0.971391 0.38356 -0.978527 -0.0179089 0.205339 -0.495525 -0.0068667 -0.992833 -0.119314 0.44127 
1535367243402 0.245901 0.92425 -0.292053 -0.619272 -0.936088 0.304632 0.175894 -0.237116 0.251539 0.230134 0.940089 0.380356 0.206033 -0.118769 0.971311 0.383566 -0.978509 -0.0164942 0.205543 -0.495627 -0.00839126 -0.992785 -0.119615 0.441313 
1535367243429 0.245909 0.924159 -0.292333 -0.619062 -0.935997 0.304774 0.176134 -0.237068 0.251871 0.23031 0.939957 0.380445 0.206061 -0.119377 0.97123 0.383572 -0.978489 -0.0150796 0.205748 -0.495729 -0.0099158 -0.992734 -0.119916 0.441356 
1535367243517 0.245916 0.924068 -0.292614 -0.618852 -0.935905 0.304916 0.176373 -0.23702 0.252203 0.230486 0.939824 0.380534 0.206088 -0.119984 0.97115 0.383579 -0.978467 -0.013665 0.205953 -0.49583 -0.0114403 -0.992682 -0.120217 0.441399 
1535367243728 0.245923 0.923978 -0.292893 -0.618642 -0.935814 0.305058 0.176612 -0.236972 0.252535 0.230661 0.939692 0.380623 0.206114 -0.120591 0.971069 0.383585 -0.978442 -0.0122508 0.206158 -0.495932 -0.0129644 -0.992627 -0.120517 0.441442 
1535367244030 0.246018 0.924081 -0.292487 -0.618808 -0.935893 0.304976 0.176334 -0.237067 0.252148 0.230355 0.939871 0.380546 0.206108 -0.120101 0.971131 0.383562 -0.978458 -0.0133224 0.206016 -0.495833 -0.0118049 -0.992672 -0.12026 0.44138 
1535367244036 0.24613 0.924037 -0.292534 -0.618635 -0.935889 0.305069 0.176198 -0.236978 0.252056 0.230412 0.939882 0.380591 0.206095 -0.120664 0.971064 0.383559 -0.978441 -0.0118545 0.206187 -0.495929 -0.0133679 -0.992623 -0.120506 0.441425 
1535367244043 0.246242 0.923992 -0.292582 -0.618462 -0.935884 0.305161 0.176062 -0.236888 0.251965 0.230469 0.939893 0.380635 0.206081 -0.121228 0.970997 0.383555 -0.978421 -0.0103858 0.20636 -0.496026 -0.0149321 -0.99257 -0.120752 0.44147 
1535367244063 0.246354 0.923947 -0.29263 -0.618289 -0.935879 0.305254 0.175925 -0.236799 0.251872 0.230527 0.939903 0.380679 0.206067 -0.121792 0.970929 0.383552 -0.978399 -0.00891727 0.206534 -0.496122 -0.016496 -0.992516 -0.120998 0.441515 
1535367244256 0.246465 0.923902 -0.292678 -0.618116 -0.935875 0.305347 0.175789 -0.236709 0.25178 0.230584 0.939914 0.380724 0.206051 -0.122355 0.970861 0.383549 -0.978374 -0.00744883 0.206707 -0.496219 -0.0180599 -0.992458 -0.121244 0.44156 
1535367244310 0.246577 0.923857 -0.292726 -0.617944 -0.93587 0.305439 0.175653 -0.23662 0.251688 0.230641 0.939924 0.380769 0.206035 -0.122919 0.970794 0.383545 -0.978348 -0.00598048 0.206881 -0.496315 -0.0196237 -0.992399 -0.121489 0.441604 
1535367244317 0.246689 0.923812 -0.292774 -0.617771 -0.935865 0.305532 0.175517 -0.236531 0.251596 0.230699 0.939935 0.380813 0.206018 -0.123482 0.970726 0.383542 -0.978319 -0.00451221 0.207055 -0.496411 -0.0211875 -0.992337 -0.121734 0.441649 
1535367244510 0.2468 0.923767 -0.292822 -0.617598 -0.935861 0.305624 0.17538 -0.236441 0.251504 0.230756 0.939945 0.380858 0.206 -0.124045 0.970658 0.383539 -0.978287 -0.00304403 0.20723 -0.496508 -0.0227512 -0.992272 -0.121979 0.441694 
1535367244517 0.246912 0.923722 -0.29287 -0.617425 -0.935856 0.305717 0.175244 -0.236352 0.251412 0.230814 0.939956 0.380902 0.205981 -0.124609 0.97059 0.383536 -0.978254 -0.00157595 0.207405 -0.496604 -0.0243149 -0.992205 -0.122224 0.441739 
1535367244665 0.247023 0.923677 -0.292917 -0.617252 -0.935851 0.305809 0.175108 -0.236262 0.25132 0.230871 0.939966 0.380946 0.205961 -0.125171 0.970522 0.383532 -0.978218 -0.000108231 0.20758 -0.496701 -0.0258781 -0.992135 -0.122467 0.441784 
1535367245011 0.246678 0.923827 -0.292734 -0.617474 -0.935904 0.305482 0.1754 -0.236269 0.251464 0.230703 0.939969 0.380887 0.205906 -0.124828 0.970577 0.383525 -0.978258 -0.00116245 0.207386 -0.49664 -0.0247595 -0.992178 -0.122354 0.441677 
1535367245026 0.246805 0.923788 -0.292749 -0.617231 -0.935903 0.305575 0.175239 -0.236142 0.251341 0.230735 0.939994 0.38096 0.20594 -0.124332 0.970634 0.383521 -0.978271 -0.00186891 0.207321 -0.496703 -0.0239626 -0.992239 -0.122015 0.441642 
1535367245135 0.246932 0.923749 -0.292765 -0.616987 -0.935903 0.305669 0.175079 -0.236016 0.251218 0.230767 0.940019 0.381033 0.205975 -0.123834 0.97069 0.383518 -0.978283 -0.00257611 0.207257 -0.496765 -0.0231649 -0.9923 -0.121675 0.441606 
1535367245206 0.24706 0.92371 -0.292781 -0.616744 -0.935902 0.305764 0.174917 -0.235889 0.251095 0.230799 0.940044 0.381105 0.206009 -0.123336 0.970746 0.383515 -0.978294 -0.00328323 0.207193 -0.496828 -0.0223673 -0.992359 -0.121336 0.441571 
1535367245213 0.247188 0.923671 -0.292797 -0.616501 -0.935901 0.305858 0.174757 -0.235762 0.250972 0.230831 0.940069 0.381178 0.206042 -0.122839 0.970802 0.383511 -0.978305 -0.00399038 0.20713 -0.496891 -0.0215697 -0.992419 -0.120996 0.441536 
1535367245357 0.247316 0.923632 -0.292813 -0.616258 -0.935901 0.305952 0.174596 -0.235636 0.250849 0.230863 0.940094 0.381251 0.206075 -0.122341 0.970858 0.383508 -0.978316 -0.00469756 0.207066 -0.496953 -0.0207721 -0.992477 -0.120656 0.441501 
1535367245471 0.247443 0.923593 -0.292828 -0.616014 -0.9359 0.306046 0.174435 -0.235509 0.250726 0.230895 0.940119 0.381324 0.206108 -0.121844 0.970914 0.383504 -0.978325 -0.00540476 0.207003 -0.497016 -0.0199744 -0.992535 -0.120317 0.441465 
1535367245658 0.247571 0.923553 -0.292844 -0.615771 -0.935899 0.30614 0.174274 -0.235382 0.250603 0.230927 0.940144 0.381397 0.20614 -0.121346 0.970969 0.383501 -0.978335 -0.006112 0.20694 -0.497079 -0.0191767 -0.992591 -0.119977 0.44143 
1535367245686 0.247699 0.923514 -0.29286 -0.615528 -0.935898 0.306234 0.174113 -0.235255 0.25048 0.230959 0.940169 0.381469 0.206172 -0.120848 0.971025 0.383497 -0.978343 -0.00681926 0.206877 -0.497142 -0.018379 -0.992648 -0.119637 0.441395 
1535367245891 0.247826 0.923475 -0.292875 -0.615285 -0.935897 0.306328 0.173953 -0.235129 0.250357 0.230991 0.940194 0.381542 0.206203 -0.120351 0.97108 0.383493 -0.978351 -0.00752645 0.206814 -0.497204 -0.0175815 -0.992703 -0.119297 0.441359 
1535367246178 0.24762 0.923538 -0.292852 -0.615493 -0.935952 0.306128 0.174013 -0.235201 0.250358 0.231006 0.94019 0.381444 0.206368 -0.120866 0.970981 0.383522 -0.9783 -0.00673237 0.207086 -0.497088 -0.0184927 -0.992646 -0.119633 0.441347 
1535367246195 0.247608 0.923602 -0.29266 -0.615129 -0.935907 0.306124 0.174261 -0.235066 0.250538 0.230754 0.940204 0.381533 0.205493 -0.119907 0.971285 0.383483 -0.978482 -0.00632883 0.206234 -0.49711 -0.0185819 -0.992765 -0.118628 0.441192 
1535367246201 0.247609 0.923661 -0.292474 -0.614802 -0.935857 0.306136 0.174508 -0.23497 0.250723 0.230504 0.940216 0.381611 0.204619 -0.118954 0.971587 0.383444 -0.978663 -0.00591596 0.205385 -0.49713 -0.0186835 -0.992882 -0.117626 0.441037 
1535367246411 0.24761 0.923719 -0.292288 -0.614474 -0.935807 0.306147 0.174755 -0.234873 0.250908 0.230254 0.940228 0.38169 0.203745 -0.118001 0.971887 0.383405 -0.978844 -0.00550376 0.204535 -0.497151 -0.0187862 -0.992998 -0.116625 0.440881 
1535367246457 0.247612 0.923777 -0.292103 -0.614146 -0.935757 0.306159 0.175003 -0.234777 0.251094 0.230005 0.940239 0.381768 0.202871 -0.117047 0.972185 0.383366 -0.979023 -0.0050924 0.203684 -0.497171 -0.0188898 -0.993113 -0.115625 0.440725 
1535367246613 0.247613 0.923836 -0.291917 -0.613819 -0.935707 0.306171 0.17525 -0.23468 0.251279 0.229755 0.940251 0.381847 0.201996 -0.116092 0.972481 0.383328 -0.979202 -0.00468187 0.202833 -0.497192 -0.0189944 -0.993227 -0.114624 0.44057 
1535367246701 0.247614 0.923894 -0.291732 -0.613491 -0.935656 0.306183 0.175497 -0.234583 0.251464 0.229505 0.940262 0.381926 0.201122 -0.115138 0.972776 0.383289 -0.97938 -0.00427218 0.201982 -0.497213 -0.0190998 -0.99334 -0.113623 0.440414 
1535367246867 0.247616 0.923952 -0.291546 -0.613163 -0.935606 0.306194 0.175745 -0.234487 0.251649 0.229255 0.940274 0.382004 0.200248 -0.114182 0.973069 0.38325 -0.979557 -0.00386333 0.201129 -0.497233 -0.0192061 -0.993452 -0.112622 0.440258 
1535367246874 0.247617 0.92401 -0.29136 -0.612835 -0.935556 0.306206 0.175992 -0.23439 0.251834 0.229005 0.940285 0.382083 0.199373 -0.113227 0.97336 0.383211 -0.979733 -0.0034553 0.200277 -0.497254 -0.0193134 -0.993563 -0.111621 0.440102 
1535367246936 0.247619 0.924068 -0.291174 -0.612508 -0.935506 0.306217 0.176239 -0.234294 0.25202 0.228755 0.940296 0.382161 0.198499 -0.112271 0.97365 0.383172 -0.979909 -0.00304815 0.199423 -0.497275 -0.0194216 -0.993673 -0.11062 0.439947 
1535367247331 0.247636 0.924043 -0.29124 -0.612783 -0.935524 0.306225 0.176129 -0.23434 0.251936 0.228846 0.940297 0.382156 0.199026 -0.113132 0.973442 0.383263 -0.979806 -0.00352974 0.199917 -0.497286 -0.019181 -0.993574 -0.11155 0.440117 
1535367247338 0.247865 0.923993 -0.291204 -0.612523 -0.935488 0.306413 0.175991 -0.234206 0.251843 0.228796 0.940334 0.382217 0.198857 -0.113252 0.973463 0.383269 -0.979829 -0.0029405 0.199816 -0.497392 -0.0197671 -0.993562 -0.111553 0.440099 
1535367247345 0.248094 0.923943 -0.291168 -0.612262 -0.935452 0.306602 0.175853 -0.234072 0.251751 0.228746 0.940371 0.382279 0.198688 -0.113372 0.973483 0.383275 -0.979851 -0.00235211 0.199714 -0.497498 -0.0203523 -0.99355 -0.111555 0.440082 
1535367247360 0.248324 0.923893 -0.291132 -0.612002 -0.935416 0.306791 0.175714 -0.233938 0.251657 0.228696 0.940408 0.38234 0.198519 -0.113492 0.973504 0.38328 -0.979873 -0.00176374 0.199613 -0.497605 -0.0209375 -0.993537 -0.111558 0.440064 
1535367247561 0.248553 0.923842 -0.291097 -0.611742 -0.935381 0.30698 0.175575 -0.233804 0.251565 0.228646 0.940445 0.382401 0.19835 -0.113613 0.973524 0.383286 -0.979895 -0.00117501 0.199511 -0.497711 -0.0215231 -0.993524 -0.111562 0.440047 
