1533292467907 0.183369 0.933283 -0.308801 -0.61331 -0.951047 0.247913 0.184523 -0.214039 0.248768 0.259848 0.933056 0.379185 1 0 0 0 0 1 0 0 0 0 1 1.306 
1533292467939 0.183865 0.933872 -0.306719 -0.614031 -0.950443 0.248492 0.186839 -0.214127 0.250701 0.257166 0.933282 0.379453 0.313239 -0.3866 0.867422 0.386189 -0.93126 -0.304042 0.200784 -0.500185 0.18611 -0.870689 -0.455263 0.505382 
1533292467981 0.184364 0.934456 -0.304635 -0.614753 -0.949835 0.249064 0.189156 -0.214214 0.252631 0.25448 0.933497 0.379721 0.316244 -0.384866 0.867103 0.400216 -0.929998 -0.306258 0.203249 -0.504049 0.187334 -0.87068 -0.454777 0.486145 
1533292468004 0.184868 0.935033 -0.302551 -0.615474 -0.949223 0.249629 0.191473 -0.214302 0.254559 0.251791 0.933703 0.379989 0.316258 -0.384857 0.867102 0.400836 -0.929992 -0.306267 0.203261 -0.504368 0.187338 -0.870681 -0.454774 0.485921 
1533292468052 0.185376 0.935605 -0.300465 -0.616195 -0.948605 0.250187 0.19379 -0.214389 0.256484 0.249099 0.933898 0.380257 0.316239 -0.384881 0.867098 0.400855 -0.93 -0.306257 0.203241 -0.504361 0.187331 -0.870674 -0.454789 0.485943 
1533292468073 0.185889 0.93617 -0.29838 -0.616917 -0.947983 0.250739 0.196108 -0.214477 0.258406 0.246405 0.934083 0.380525 0.316214 -0.384899 0.867099 0.400827 -0.930009 -0.306245 0.203216 -0.504329 0.187327 -0.87067 -0.454799 0.48594 
1533292468148 0.186406 0.93673 -0.296294 -0.617638 -0.947356 0.251284 0.198426 -0.214564 0.260325 0.243709 0.934257 0.380793 0.3162 -0.384907 0.867101 0.400798 -0.930014 -0.306239 0.203202 -0.504306 0.187326 -0.870669 -0.454801 0.485922 
1533292468164 0.186926 0.937284 -0.294208 -0.618359 -0.946725 0.251822 0.200745 -0.214651 0.262243 0.241009 0.934421 0.381061 0.316197 -0.384904 0.867103 0.400778 -0.930014 -0.30624 0.2032 -0.504292 0.187329 -0.87067 -0.454799 0.485903 
1533292468179 0.187452 0.937831 -0.292121 -0.619073 -0.946088 0.252353 0.203063 -0.214738 0.264157 0.238308 0.934575 0.38133 0.316201 -0.384895 0.867106 0.400765 -0.930012 -0.306246 0.203202 -0.504277 0.187337 -0.870672 -0.454792 0.485883 
1533292468270 0.187984 0.938367 -0.29005 -0.619713 -0.945448 0.252883 0.205373 -0.214804 0.266064 0.23562 0.934716 0.381611 0.316123 -0.384928 0.86712 0.40068 -0.93004 -0.30621 0.20313 -0.504145 0.18733 -0.87067 -0.454798 0.485852 
1533292468298 0.185052 0.934696 -0.303479 -0.615223 -0.949444 0.249736 0.190232 -0.214431 0.253599 0.252933 0.933655 0.379784 1 0 0 0 0 1 0 0 0 0 1 1.306 
1533292468330 0.185387 0.935132 -0.301928 -0.615753 -0.948991 0.250119 0.191979 -0.214479 0.255043 0.250936 0.933801 0.379992 0.313239 -0.3866 0.867422 0.386189 -0.93126 -0.304042 0.200784 -0.500185 0.18611 -0.870689 -0.455263 0.505382 
1533292468372 0.185725 0.935564 -0.300376 -0.616283 -0.948536 0.250499 0.193725 -0.214528 0.256486 0.248938 0.93394 0.3802 0.316244 -0.384866 0.867103 0.400216 -0.929998 -0.306258 0.203249 -0.504049 0.187334 -0.87068 -0.454777 0.486145 
1533292468390 0.186066 0.935994 -0.298823 -0.616813 -0.948078 0.250874 0.195472 -0.214576 0.257928 0.246937 0.934075 0.380408 0.316258 -0.384857 0.867102 0.400836 -0.929992 -0.306267 0.203261 -0.504368 0.187338 -0.870681 -0.454774 0.485921 
1533292468401 0.186409 0.93642 -0.297271 -0.617343 -0.947618 0.251246 0.197219 -0.214624 0.259368 0.244936 0.934203 0.380616 0.316239 -0.384881 0.867098 0.400855 -0.93 -0.306257 0.203241 -0.504361 0.187331 -0.870674 -0.454789 0.485943 
1533292468463 0.186754 0.936843 -0.295717 -0.617873 -0.947155 0.251614 0.198966 -0.214672 0.260807 0.242932 0.934325 0.380824 0.316214 -0.384899 0.867099 0.400827 -0.930009 -0.306245 0.203216 -0.504329 0.187327 -0.87067 -0.454799 0.48594 
1533292468478 0.187102 0.937262 -0.294164 -0.618403 -0.94669 0.251978 0.200713 -0.214721 0.262244 0.240928 0.934442 0.381033 0.3162 -0.384907 0.867101 0.400798 -0.930014 -0.306239 0.203202 -0.504306 0.187326 -0.870669 -0.454801 0.485922 
1533292468495 0.187452 0.937678 -0.292611 -0.618933 -0.946221 0.252339 0.20246 -0.214769 0.26368 0.238923 0.934553 0.381241 0.316197 -0.384904 0.867103 0.400778 -0.930014 -0.30624 0.2032 -0.504292 0.187329 -0.87067 -0.454799 0.485903 
1533292468588 0.187804 0.938091 -0.291057 -0.619458 -0.94575 0.252696 0.204208 -0.214816 0.265114 0.236916 0.934658 0.381449 0.316201 -0.384895 0.867106 0.400765 -0.930012 -0.306246 0.203202 -0.504277 0.187337 -0.870672 -0.454792 0.485883 
1533292468607 0.188161 0.938497 -0.289514 -0.619928 -0.945278 0.253053 0.205948 -0.214849 0.266544 0.234919 0.934755 0.381667 0.316123 -0.384928 0.86712 0.40068 -0.93004 -0.30621 0.20313 -0.504145 0.18733 -0.87067 -0.454798 0.485852 
1533292468635 0.196578 0.933272 -0.3006 -0.619214 -0.945092 0.261989 0.195352 -0.219051 0.26107 0.245692 0.93353 0.379382 1 0 0 0 0 1 0 0 0 0 1 1.306 
1533292468665 0.196227 0.933172 -0.301141 -0.618988 -0.945284 0.261659 0.194868 -0.21888 0.260642 0.246425 0.933456 0.379298 0.313239 -0.3866 0.867422 0.386189 -0.93126 -0.304042 0.200784 -0.500185 0.18611 -0.870689 -0.455263 0.505382 
1533292468688 0.195876 0.93307 -0.301684 -0.618761 -0.945474 0.261329 0.194385 -0.21871 0.260213 0.247159 0.933382 0.379214 0.316244 -0.384866 0.867103 0.400216 -0.929998 -0.306258 0.203249 -0.504049 0.187334 -0.87068 -0.454777 0.486145 
1533292468744 0.195525 0.932968 -0.302226 -0.618535 -0.945665 0.260998 0.193901 -0.218539 0.259784 0.247892 0.933307 0.379131 0.316258 -0.384857 0.867102 0.400836 -0.929992 -0.306267 0.203261 -0.504368 0.187338 -0.870681 -0.454774 0.485921 
1533292468761 0.195174 0.932866 -0.302769 -0.618308 -0.945855 0.260667 0.193418 -0.218368 0.259355 0.248625 0.933231 0.379047 0.316239 -0.384881 0.867098 0.400855 -0.93 -0.306257 0.203241 -0.504361 0.187331 -0.870674 -0.454789 0.485943 
1533292468778 0.194823 0.932763 -0.303311 -0.618082 -0.946045 0.260335 0.192935 -0.218198 0.258925 0.249357 0.933155 0.378963 0.316214 -0.384899 0.867099 0.400827 -0.930009 -0.306245 0.203216 -0.504329 0.187327 -0.87067 -0.454799 0.48594 
1533292468844 0.194473 0.932659 -0.303854 -0.617856 -0.946235 0.260004 0.192452 -0.218027 0.258495 0.25009 0.933078 0.378879 0.3162 -0.384907 0.867101 0.400798 -0.930014 -0.306239 0.203202 -0.504306 0.187326 -0.870669 -0.454801 0.485922 
1533292468861 0.194123 0.932555 -0.304396 -0.617629 -0.946424 0.259671 0.191969 -0.217856 0.258065 0.250822 0.933001 0.378795 0.316197 -0.384904 0.867103 0.400778 -0.930014 -0.30624 0.2032 -0.504292 0.187329 -0.87067 -0.454799 0.485903 
1533292468876 0.193774 0.93245 -0.304939 -0.617405 -0.946613 0.259339 0.191487 -0.217686 0.257634 0.251554 0.932923 0.378711 0.316201 -0.384895 0.867106 0.400765 -0.930012 -0.306246 0.203202 -0.504277 0.187337 -0.870672 -0.454792 0.485883 
1533292468891 0.193423 0.932347 -0.305478 -0.617204 -0.946802 0.259004 0.191007 -0.217523 0.257205 0.252281 0.932845 0.378624 0.316123 -0.384928 0.86712 0.40068 -0.93004 -0.30621 0.20313 -0.504145 0.18733 -0.87067 -0.454798 0.485852 
1533292468935 0.192697 0.934989 -0.297765 -0.619015 -0.945799 0.257814 0.197474 -0.217128 0.261404 0.243574 0.933991 0.379832 1 0 0 0 0 1 0 0 0 0 1 1.306 
1533292468971 0.191693 0.934823 -0.29893 -0.618554 -0.946342 0.256794 0.1962 -0.216831 0.260176 0.24528 0.933888 0.379922 0.313239 -0.3866 0.867422 0.386189 -0.93126 -0.304042 0.200784 -0.500185 0.18611 -0.870689 -0.455263 0.505382 
1533292468995 0.19069 0.934655 -0.300095 -0.618092 -0.946882 0.255771 0.194927 -0.216534 0.258945 0.246983 0.933781 0.380012 0.316244 -0.384866 0.867103 0.400216 -0.929998 -0.306258 0.203249 -0.504049 0.187334 -0.87068 -0.454777 0.486145 
1533292469050 0.189689 0.934484 -0.30126 -0.61763 -0.947419 0.254745 0.193656 -0.216237 0.257713 0.248686 0.93367 0.380101 0.316258 -0.384857 0.867102 0.400836 -0.929992 -0.306267 0.203261 -0.504368 0.187338 -0.870681 -0.454774 0.485921 
1533292469062 0.188688 0.93431 -0.302427 -0.617169 -0.947954 0.253717 0.192385 -0.21594 0.256478 0.250386 0.933556 0.380191 0.316239 -0.384881 0.867098 0.400855 -0.93 -0.306257 0.203241 -0.504361 0.187331 -0.870674 -0.454789 0.485943 
1533292469078 0.18769 0.934132 -0.303594 -0.616707 -0.948486 0.252686 0.191115 -0.215643 0.25524 0.252084 0.933438 0.380281 0.316214 -0.384899 0.867099 0.400827 -0.930009 -0.306245 0.203216 -0.504329 0.187327 -0.87067 -0.454799 0.48594 
1533292469173 0.186692 0.933952 -0.304762 -0.616246 -0.949015 0.251653 0.189846 -0.215346 0.254001 0.253781 0.933316 0.380371 0.3162 -0.384907 0.867101 0.400798 -0.930014 -0.306239 0.203202 -0.504306 0.187326 -0.870669 -0.454801 0.485922 
1533292469187 0.185696 0.933769 -0.30593 -0.615784 -0.949542 0.250617 0.188578 -0.215049 0.252759 0.255475 0.933191 0.380461 0.316197 -0.384904 0.867103 0.400778 -0.930014 -0.30624 0.2032 -0.504292 0.187329 -0.87067 -0.454799 0.485903 
1533292469201 0.184702 0.933582 -0.307099 -0.615327 -0.950066 0.249578 0.187311 -0.214753 0.251515 0.257167 0.933062 0.38055 0.316201 -0.384895 0.867106 0.400765 -0.930012 -0.306246 0.203202 -0.504277 0.187337 -0.870672 -0.454792 0.485883 
1533292469292 0.183707 0.933396 -0.308258 -0.614917 -0.950587 0.248535 0.186051 -0.214472 0.250272 0.258847 0.932932 0.380626 0.316123 -0.384928 0.86712 0.40068 -0.93004 -0.30621 0.20313 -0.504145 0.18733 -0.87067 -0.454798 0.485852 
1533292469395 0.187368 0.934356 -0.303105 -0.616676 -0.948411 0.252419 0.191838 -0.215356 0.255755 0.251524 0.933448 0.380248 1 0 0 0 0 1 0 0 0 0 1 1.306 
1533292469405 0.186923 0.934284 -0.303601 -0.616416 -0.948731 0.251872 0.190974 -0.215258 0.254892 0.252339 0.933464 0.380352 0.313239 -0.3866 0.867422 0.386189 -0.93126 -0.304042 0.200784 -0.500185 0.18611 -0.870689 -0.455263 0.505382 
1533292469435 0.186479 0.93421 -0.304099 -0.616157 -0.949049 0.251325 0.190109 -0.21516 0.25403 0.253154 0.933478 0.380455 0.316244 -0.384866 0.867103 0.400216 -0.929998 -0.306258 0.203249 -0.504049 0.187334 -0.87068 -0.454777 0.486145 
1533292469475 0.186036 0.934137 -0.304597 -0.615897 -0.949367 0.250777 0.189245 -0.215061 0.253167 0.253968 0.933492 0.380559 0.316258 -0.384857 0.867102 0.400836 -0.929992 -0.306267 0.203261 -0.504368 0.187338 -0.870681 -0.454774 0.485921 
1533292469494 0.185592 0.934062 -0.305095 -0.615638 -0.949683 0.250228 0.188382 -0.214963 0.252304 0.254782 0.933504 0.380662 0.316239 -0.384881 0.867098 0.400855 -0.93 -0.306257 0.203241 -0.504361 0.187331 -0.870674 -0.454789 0.485943 
1533292469520 0.18515 0.933987 -0.305594 -0.615378 -0.949999 0.249678 0.187518 -0.214865 0.25144 0.255595 0.933514 0.380766 0.316214 -0.384899 0.867099 0.400827 -0.930009 -0.306245 0.203216 -0.504329 0.187327 -0.87067 -0.454799 0.48594 
1533292469579 0.184707 0.933911 -0.306092 -0.615118 -0.950313 0.249128 0.186655 -0.214767 0.250575 0.256407 0.933524 0.38087 0.3162 -0.384907 0.867101 0.400798 -0.930014 -0.306239 0.203202 -0.504306 0.187326 -0.870669 -0.454801 0.485922 
1533292469594 0.184265 0.933835 -0.306591 -0.614859 -0.950627 0.248576 0.185792 -0.214669 0.24971 0.257219 0.933533 0.380973 0.316197 -0.384904 0.867103 0.400778 -0.930014 -0.30624 0.2032 -0.504292 0.187329 -0.87067 -0.454799 0.485903 
1533292469608 0.183824 0.933758 -0.30709 -0.614602 -0.950939 0.248025 0.184928 -0.214571 0.248844 0.25803 0.93354 0.381076 0.316201 -0.384895 0.867106 0.400765 -0.930012 -0.306246 0.203202 -0.504277 0.187337 -0.870672 -0.454792 0.485883 
1533292469685 0.183382 0.933683 -0.307584 -0.614369 -0.95125 0.24747 0.184069 -0.214481 0.24798 0.258835 0.933547 0.381172 0.316123 -0.384928 0.86712 0.40068 -0.93004 -0.30621 0.20313 -0.504145 0.18733 -0.87067 -0.454798 0.485852 
