1534189652836 -0.33579 0.901583 -0.272749 -0.573084 -0.932161 -0.276459 0.233768 -0.274408 0.135357 0.332743 0.933253 0.364835 0.16008 -0.304787 0.938871 0.370831 -0.775623 0.549475 0.310623 -0.528794 -0.61056 -0.777934 -0.14844 0.432481 
1534189652848 -0.287892 0.909381 -0.30024 -0.576732 -0.946785 -0.223153 0.23195 -0.269709 0.143931 0.351039 0.925233 0.369624 0.316225 -0.384867 0.86711 0.400813 -0.930002 -0.30626 0.203228 -0.504337 0.187345 -0.870679 -0.454774 0.485882 
1534189653790 -0.239432 0.914026 -0.327459 -0.580381 -0.958706 -0.169256 0.228552 -0.265009 0.153478 0.368659 0.916807 0.374412 0.316225 -0.384867 0.86711 0.400813 -0.930002 -0.30626 0.203228 -0.504337 0.187345 -0.870679 -0.454774 0.485882 
1534189654712 -0.190572 0.915502 -0.354314 -0.584029 -0.967883 -0.114945 0.223586 -0.26031 0.163967 0.385544 0.908004 0.379201 0.316225 -0.384867 0.86711 0.400813 -0.930002 -0.30626 0.203228 -0.504337 0.187345 -0.870679 -0.454774 0.485882 
1534189655659 -0.141473 0.913805 -0.380717 -0.587678 -0.974286 -0.0604005 0.217067 -0.255611 0.175362 0.401637 0.898853 0.38399 0.316225 -0.384867 0.86711 0.400813 -0.930002 -0.30626 0.203228 -0.504337 0.187345 -0.870679 -0.454774 0.485882 
1534189656615 -0.0922993 0.908941 -0.406581 -0.591327 -0.977894 -0.00580437 0.209019 -0.250912 0.187626 0.416885 0.889384 0.388778 0.316225 -0.384867 0.86711 0.400813 -0.930002 -0.30626 0.203228 -0.504337 0.187345 -0.870679 -0.454774 0.485882 
1534189656622 -0.0432132 0.900925 -0.431818 -0.594978 -0.978695 0.0486623 0.199467 -0.246215 0.200718 0.431238 0.879628 0.393566 0.316225 -0.384867 0.86711 0.400813 -0.930002 -0.30626 0.203228 -0.504337 0.187345 -0.870679 -0.454774 0.485882 
1534189657969 0.00562169 0.889785 -0.456346 -0.598629 -0.976687 0.102819 0.188444 -0.241518 0.214596 0.444647 0.869619 0.398354 0.316225 -0.384867 0.86711 0.400813 -0.930002 -0.30626 0.203228 -0.504337 0.187345 -0.870679 -0.454774 0.485882 
1534189658981 0.0540429 0.875558 -0.480082 -0.602283 -0.971875 0.156484 0.175987 -0.236824 0.229212 0.457068 0.859389 0.403141 0.316225 -0.384867 0.86711 0.400813 -0.930002 -0.30626 0.203228 -0.504337 0.187345 -0.870679 -0.454774 0.485882 
1534189659987 0.101579 0.858511 -0.502634 -0.60723 -0.96427 0.20923 0.162498 -0.233149 0.244673 0.468168 0.84909 0.407559 0.316379 -0.384993 0.866998 0.401317 -0.929989 -0.306181 0.203405 -0.505249 0.187149 -0.870651 -0.454908 0.48631 
1534189661010 0.10157 0.858714 -0.502288 -0.607093 -0.964131 0.209425 0.163073 -0.233415 0.245225 0.467708 0.849184 0.407422 0.316379 -0.384993 0.866998 0.401317 -0.929989 -0.306181 0.203405 -0.505249 0.187149 -0.870651 -0.454908 0.48631 
1534189661022 0.10635 0.856782 -0.504594 -0.607342 -0.963234 0.21469 0.161521 -0.232816 0.24672 0.468864 0.848113 0.407951 0.31622 -0.384863 0.867113 0.400797 -0.930002 -0.306262 0.203222 -0.504307 0.187351 -0.87068 -0.45477 0.485868 
1534189661399 0.111125 0.854818 -0.506889 -0.607587 -0.962309 0.219948 0.159954 -0.232215 0.248221 0.470009 0.847041 0.408482 0.31622 -0.384863 0.867113 0.400796 -0.930002 -0.306262 0.203222 -0.504306 0.187351 -0.87068 -0.454769 0.485868 
1534189661767 0.115892 0.852825 -0.509175 -0.607832 -0.961356 0.225196 0.158373 -0.231613 0.249728 0.471144 0.845967 0.409013 0.31622 -0.384863 0.867113 0.400796 -0.930002 -0.306262 0.203222 -0.504305 0.187351 -0.87068 -0.45477 0.485867 
1534189662138 0.120652 0.850801 -0.51145 -0.608076 -0.960375 0.230436 0.156778 -0.231011 0.251243 0.472268 0.844891 0.409543 0.316221 -0.384863 0.867113 0.400795 -0.930002 -0.306262 0.203223 -0.504305 0.187351 -0.87068 -0.45477 0.485867 
1534189662521 0.125403 0.848747 -0.513714 -0.60832 -0.959367 0.235665 0.155169 -0.230409 0.252764 0.473381 0.843813 0.410074 0.31622 -0.384863 0.867113 0.400795 -0.930002 -0.306262 0.203222 -0.504305 0.187352 -0.87068 -0.454769 0.485867 
1534189662901 0.130147 0.846664 -0.515968 -0.608566 -0.958331 0.240885 0.153547 -0.229808 0.254292 0.474484 0.842734 0.410605 0.31622 -0.384863 0.867113 0.400795 -0.930002 -0.306262 0.203222 -0.504305 0.187352 -0.87068 -0.454769 0.485867 
1534189663273 0.134882 0.84455 -0.518211 -0.60881 -0.957267 0.246096 0.151911 -0.229205 0.255826 0.475576 0.841653 0.411136 0.31622 -0.384863 0.867113 0.400795 -0.930002 -0.306262 0.203222 -0.504304 0.187352 -0.87068 -0.454769 0.485867 
1534189663642 0.139609 0.842406 -0.520444 -0.609055 -0.956176 0.251296 0.150262 -0.228604 0.257367 0.476658 0.840571 0.411666 0.31622 -0.384863 0.867113 0.400795 -0.930002 -0.306262 0.203222 -0.504304 0.187352 -0.87068 -0.454769 0.485867 
1534189664021 0.144327 0.840232 -0.522666 -0.609299 -0.955057 0.256486 0.148599 -0.228002 0.258914 0.477729 0.839487 0.412197 0.31622 -0.384863 0.867113 0.400795 -0.930002 -0.306262 0.203222 -0.504304 0.187351 -0.87068 -0.454769 0.485867 
1534189664406 0.1441 0.840559 -0.522203 -0.609219 -0.955077 0.256236 0.148898 -0.228146 0.258965 0.477288 0.839722 0.412179 0.31622 -0.384863 0.867113 0.400795 -0.930002 -0.306262 0.203222 -0.504304 0.187351 -0.87068 -0.454769 0.485867 
1534189664416 0.144818 0.840623 -0.521901 -0.609249 -0.954891 0.256938 0.148884 -0.228124 0.259252 0.476798 0.839912 0.412118 0.31622 -0.384863 0.867113 0.400795 -0.930002 -0.306262 0.203222 -0.504304 0.187351 -0.87068 -0.454769 0.485867 
1534189664433 0.145536 0.840686 -0.5216 -0.609282 -0.954703 0.257641 0.148871 -0.228099 0.259539 0.476307 0.840102 0.412056 0.31622 -0.384863 0.867113 0.400795 -0.930002 -0.306262 0.203222 -0.504304 0.187351 -0.87068 -0.454769 0.485867 
1534189664563 0.146255 0.840748 -0.521299 -0.609313 -0.954516 0.258343 0.148858 -0.228075 0.259826 0.475817 0.840291 0.411994 0.31622 -0.384863 0.867113 0.400795 -0.930002 -0.306262 0.203222 -0.504304 0.187351 -0.87068 -0.454769 0.485867 
1534189664580 0.146974 0.84081 -0.520997 -0.609346 -0.954327 0.259046 0.148844 -0.22805 0.260112 0.475326 0.84048 0.411933 0.31622 -0.384863 0.867113 0.400795 -0.930002 -0.306262 0.203222 -0.504304 0.187351 -0.87068 -0.454769 0.485867 
1534189664709 0.147692 0.84087 -0.520696 -0.609377 -0.954138 0.259748 0.148831 -0.228026 0.260398 0.474834 0.84067 0.411871 0.31622 -0.384863 0.867113 0.400795 -0.930002 -0.306262 0.203222 -0.504304 0.187351 -0.87068 -0.454769 0.485867 
1534189664752 0.148411 0.840931 -0.520394 -0.609409 -0.953949 0.26045 0.148819 -0.228002 0.260683 0.474343 0.840859 0.41181 0.31622 -0.384863 0.867113 0.400795 -0.930002 -0.306262 0.203222 -0.504304 0.187351 -0.87068 -0.454769 0.485867 
1534189664855 0.14913 0.84099 -0.520092 -0.609442 -0.953759 0.261153 0.148806 -0.227976 0.260968 0.473851 0.841048 0.411748 0.31622 -0.384863 0.867113 0.400795 -0.930002 -0.306262 0.203222 -0.504304 0.187351 -0.87068 -0.454769 0.485867 
1534189664902 0.149849 0.841049 -0.51979 -0.609474 -0.953568 0.261854 0.148794 -0.227952 0.261252 0.473359 0.841236 0.411687 0.31622 -0.384863 0.867113 0.400795 -0.930002 -0.306262 0.203222 -0.504304 0.187351 -0.87068 -0.454769 0.485867 
1534189665001 0.150567 0.841107 -0.519488 -0.609506 -0.953377 0.262556 0.148782 -0.227928 0.261537 0.472867 0.841425 0.411625 0.31622 -0.384863 0.867113 0.400795 -0.930002 -0.306262 0.203222 -0.504304 0.187351 -0.87068 -0.454769 0.485867 
1534189665063 0.149404 0.840984 -0.520023 -0.609478 -0.953651 0.261493 0.148902 -0.227939 0.261206 0.473673 0.841074 0.411699 0.31622 -0.384863 0.867113 0.400795 -0.930002 -0.306262 0.203222 -0.504304 0.187351 -0.87068 -0.454769 0.485867 
1534189665074 0.14985 0.841263 -0.519444 -0.609434 -0.953581 0.261771 0.14886 -0.227937 0.261205 0.473025 0.841439 0.411628 0.31622 -0.384863 0.867113 0.400795 -0.930002 -0.306262 0.203222 -0.504304 0.187351 -0.87068 -0.454769 0.485867 
1534189665091 0.150294 0.841542 -0.518863 -0.609395 -0.953511 0.262048 0.148819 -0.227939 0.261205 0.472375 0.841804 0.411555 0.31622 -0.384863 0.867113 0.400795 -0.930002 -0.306262 0.203222 -0.504304 0.187351 -0.87068 -0.454769 0.485867 
1534189665168 0.150739 0.841821 -0.518281 -0.609358 -0.953441 0.262324 0.14878 -0.227942 0.261203 0.471723 0.84217 0.411482 0.31622 -0.384863 0.867113 0.400795 -0.930002 -0.306262 0.203222 -0.504304 0.187351 -0.87068 -0.454769 0.485867 
1534189665269 0.151184 0.842099 -0.517699 -0.609317 -0.953371 0.262602 0.148739 -0.227943 0.261202 0.471073 0.842534 0.41141 0.31622 -0.384863 0.867113 0.400795 -0.930002 -0.306262 0.203222 -0.504304 0.187351 -0.87068 -0.454769 0.485867 
1534189665331 0.151629 0.842377 -0.517117 -0.609279 -0.953301 0.262879 0.148699 -0.227945 0.2612 0.470421 0.842899 0.411337 0.31622 -0.384863 0.867113 0.400795 -0.930002 -0.306262 0.203222 -0.504304 0.187351 -0.87068 -0.454769 0.485867 
1534189665442 0.152073 0.842654 -0.516535 -0.609241 -0.953231 0.263156 0.14866 -0.227948 0.261198 0.46977 0.843263 0.411264 0.31622 -0.384863 0.867113 0.400795 -0.930002 -0.306262 0.203222 -0.504304 0.187351 -0.87068 -0.454769 0.485867 
1534189665490 0.152518 0.84293 -0.515952 -0.609201 -0.953161 0.263433 0.14862 -0.22795 0.261195 0.469118 0.843626 0.411191 0.31622 -0.384863 0.867113 0.400795 -0.930002 -0.306262 0.203222 -0.504304 0.187351 -0.87068 -0.454769 0.485867 
1534189665601 0.152963 0.843206 -0.515369 -0.609164 -0.95309 0.263709 0.148581 -0.227952 0.261193 0.468466 0.843989 0.411118 0.31622 -0.384863 0.867113 0.400795 -0.930002 -0.306262 0.203222 -0.504304 0.187351 -0.87068 -0.454769 0.485867 
1534189665652 0.153407 0.843482 -0.514786 -0.609124 -0.95302 0.263987 0.148542 -0.227954 0.261189 0.467814 0.844352 0.411045 0.31622 -0.384863 0.867113 0.400795 -0.930002 -0.306262 0.203222 -0.504304 0.187351 -0.87068 -0.454769 0.485867 
1534189665774 0.153009 0.843103 -0.515524 -0.609147 -0.953113 0.263721 0.148411 -0.228028 0.261081 0.468645 0.843925 0.411145 0.31622 -0.384863 0.867113 0.400795 -0.930002 -0.306262 0.203222 -0.504304 0.187351 -0.87068 -0.454769 0.485867 
1534189665786 0.152852 0.843154 -0.515488 -0.609068 -0.953148 0.263563 0.148469 -0.228145 0.261046 0.468643 0.843936 0.411164 0.31622 -0.384863 0.867113 0.400795 -0.930002 -0.306262 0.203222 -0.504304 0.187351 -0.87068 -0.45477 0.485867 
1534189665802 0.152693 0.843205 -0.515451 -0.608991 -0.953183 0.263404 0.148527 -0.228264 0.261011 0.46864 0.843949 0.411182 0.31622 -0.384863 0.867113 0.400795 -0.930002 -0.306262 0.203222 -0.504304 0.187351 -0.87068 -0.45477 0.485867 
1534189665809 0.152534 0.843257 -0.515413 -0.608916 -0.953218 0.263243 0.148587 -0.228386 0.260976 0.468636 0.843962 0.411198 0.31622 -0.384863 0.867113 0.400795 -0.930002 -0.306262 0.203222 -0.504304 0.187351 -0.87068 -0.45477 0.485867 
1534189665947 0.152376 0.843309 -0.515375 -0.608839 -0.953253 0.263084 0.148646 -0.228506 0.260941 0.468633 0.843974 0.411216 0.31622 -0.384863 0.867113 0.400795 -0.930002 -0.306262 0.203222 -0.504304 0.187351 -0.87068 -0.45477 0.485867 
1534189665970 0.152217 0.843361 -0.515337 -0.608764 -0.953288 0.262924 0.148705 -0.228627 0.260906 0.468629 0.843987 0.411233 0.31622 -0.384863 0.867113 0.400795 -0.930002 -0.306262 0.203222 -0.504304 0.187351 -0.87068 -0.45477 0.485867 
1534189666036 0.152058 0.843413 -0.515299 -0.608689 -0.953323 0.262764 0.148764 -0.228748 0.260871 0.468626 0.844 0.41125 0.31622 -0.384863 0.867113 0.400795 -0.930002 -0.306262 0.203222 -0.504304 0.187351 -0.87068 -0.45477 0.485867 
1534189666099 0.151899 0.843464 -0.515262 -0.608613 -0.953358 0.262604 0.148823 -0.228868 0.260837 0.468623 0.844013 0.411268 0.31622 -0.384863 0.867113 0.400795 -0.930002 -0.306262 0.203222 -0.504304 0.187351 -0.87068 -0.45477 0.485867 
1534189666144 0.15174 0.843516 -0.515223 -0.608538 -0.953393 0.262444 0.148882 -0.228989 0.260802 0.468619 0.844025 0.411285 0.31622 -0.384863 0.867113 0.400795 -0.930002 -0.306262 0.203222 -0.504304 0.187351 -0.87068 -0.45477 0.485867 
1534189666196 0.151582 0.843568 -0.515186 -0.608462 -0.953427 0.262284 0.148941 -0.229109 0.260767 0.468615 0.844038 0.411302 0.31622 -0.384863 0.867113 0.400795 -0.930002 -0.306262 0.203222 -0.504304 0.187351 -0.87068 -0.45477 0.485867 
1534189666276 0.152029 0.843465 -0.515222 -0.608589 -0.95336 0.262667 0.148696 -0.228928 0.260752 0.468586 0.844059 0.41123 0.31622 -0.384863 0.867113 0.400795 -0.930002 -0.306262 0.203222 -0.504304 0.187351 -0.87068 -0.45477 0.485867 
1534189666291 0.151552 0.843285 -0.515657 -0.608442 -0.953446 0.262316 0.148764 -0.229152 0.260716 0.469106 0.843781 0.411275 0.31622 -0.384863 0.867113 0.400795 -0.930002 -0.306262 0.203222 -0.504304 0.187351 -0.87068 -0.45477 0.485867 
1534189666306 0.151073 0.843105 -0.516092 -0.608291 -0.953532 0.261966 0.148833 -0.229377 0.26068 0.469626 0.843503 0.41132 0.31622 -0.384863 0.867113 0.400795 -0.930002 -0.306262 0.203222 -0.504304 0.187351 -0.87068 -0.45477 0.485867 
1534189666425 0.150595 0.842924 -0.516527 -0.608139 -0.953617 0.261615 0.148902 -0.229602 0.260644 0.470145 0.843225 0.411364 0.31622 -0.384863 0.867113 0.400795 -0.930002 -0.306262 0.203222 -0.504304 0.187351 -0.87068 -0.45477 0.485867 
1534189666497 0.150116 0.842743 -0.516962 -0.607986 -0.953703 0.261264 0.148971 -0.229826 0.260608 0.470665 0.842946 0.411409 0.31622 -0.384863 0.867113 0.400795 -0.930002 -0.306262 0.203222 -0.504304 0.187351 -0.87068 -0.45477 0.485867 
1534189666590 0.149637 0.842561 -0.517397 -0.607835 -0.953788 0.260914 0.149041 -0.230051 0.260572 0.471185 0.842667 0.411454 0.31622 -0.384863 0.867113 0.400795 -0.930002 -0.306262 0.203222 -0.504304 0.187351 -0.87068 -0.45477 0.485867 
1534189666653 0.149159 0.842379 -0.517832 -0.607682 -0.953873 0.260563 0.14911 -0.230275 0.260535 0.471705 0.842387 0.411498 0.31622 -0.384863 0.867113 0.400795 -0.930002 -0.306262 0.203222 -0.504304 0.187351 -0.87068 -0.45477 0.485867 
1534189666659 0.148681 0.842196 -0.518266 -0.607531 -0.953958 0.260212 0.14918 -0.2305 0.260498 0.472224 0.842108 0.411543 0.31622 -0.384863 0.867113 0.400795 -0.930002 -0.306262 0.203222 -0.504304 0.187351 -0.87068 -0.45477 0.485867 
1534189666803 0.148202 0.842013 -0.518701 -0.607378 -0.954042 0.259862 0.149249 -0.230724 0.26046 0.472743 0.841828 0.411588 0.31622 -0.384863 0.867113 0.400795 -0.930002 -0.306262 0.203222 -0.504304 0.187351 -0.87068 -0.45477 0.485867 
1534189666846 0.147724 0.841829 -0.519135 -0.607227 -0.954127 0.259511 0.149319 -0.230948 0.260423 0.473262 0.841548 0.411633 0.31622 -0.384863 0.867113 0.400795 -0.930002 -0.306262 0.203222 -0.504304 0.187351 -0.87068 -0.45477 0.485867 
1534189666975 0.148118 0.842155 -0.518494 -0.60743 -0.954076 0.259716 0.149289 -0.230569 0.260385 0.47257 0.841948 0.411615 0.31622 -0.384863 0.867113 0.400795 -0.930002 -0.306262 0.203222 -0.504304 0.187351 -0.87068 -0.45477 0.485867 
1534189666987 0.147879 0.842179 -0.518523 -0.607136 -0.954148 0.259452 0.149283 -0.230698 0.260255 0.472672 0.841931 0.411608 0.31622 -0.384863 0.867113 0.400795 -0.930002 -0.306262 0.203222 -0.504304 0.187351 -0.87068 -0.45477 0.485867 
1534189667003 0.147641 0.842203 -0.518553 -0.606837 -0.954221 0.25919 0.149278 -0.230824 0.260126 0.472774 0.841914 0.411601 0.31622 -0.384863 0.867113 0.400795 -0.930002 -0.306262 0.203222 -0.504304 0.187351 -0.87068 -0.45477 0.485867 
1534189667138 0.147403 0.842226 -0.518582 -0.606539 -0.954293 0.258927 0.149272 -0.23095 0.259996 0.472876 0.841897 0.411594 0.31622 -0.384863 0.867113 0.400795 -0.930002 -0.306262 0.203222 -0.504304 0.187351 -0.87068 -0.45477 0.485867 
1534189667145 0.147165 0.842249 -0.518612 -0.60624 -0.954365 0.258664 0.149266 -0.231076 0.259866 0.472979 0.84188 0.411588 0.31622 -0.384863 0.867113 0.400795 -0.930002 -0.306262 0.203222 -0.504304 0.187351 -0.87068 -0.45477 0.485867 
1534189667317 0.146927 0.842272 -0.518642 -0.605941 -0.954437 0.258402 0.14926 -0.231201 0.259736 0.473081 0.841862 0.411582 0.31622 -0.384863 0.867113 0.400795 -0.930002 -0.306262 0.203222 -0.504304 0.187351 -0.87068 -0.45477 0.485867 
1534189667375 0.146689 0.842296 -0.518672 -0.605643 -0.954509 0.258139 0.149254 -0.231328 0.259606 0.473183 0.841845 0.411575 0.31622 -0.384863 0.867113 0.400795 -0.930002 -0.306262 0.203222 -0.504304 0.187351 -0.87068 -0.45477 0.485867 
1534189667490 0.146451 0.842319 -0.518702 -0.605343 -0.954581 0.257877 0.149248 -0.231453 0.259476 0.473285 0.841827 0.411569 0.31622 -0.384863 0.867113 0.400795 -0.930002 -0.306262 0.203222 -0.504304 0.187351 -0.87068 -0.45477 0.485867 
1534189667559 0.146212 0.842342 -0.518731 -0.605045 -0.954653 0.257614 0.149243 -0.231579 0.259346 0.473387 0.84181 0.411562 0.31622 -0.384863 0.867113 0.400795 -0.930002 -0.306262 0.203222 -0.504304 0.187351 -0.87068 -0.45477 0.485867 
1534189667666 0.145974 0.842365 -0.518761 -0.604747 -0.954724 0.257351 0.149237 -0.231706 0.259216 0.473489 0.841793 0.411556 0.31622 -0.384863 0.867113 0.400795 -0.930002 -0.306262 0.203222 -0.504304 0.187351 -0.87068 -0.45477 0.485867 
1534189667731 0.146497 0.842362 -0.518618 -0.605081 -0.95458 0.257889 0.14923 -0.231625 0.259451 0.473201 0.841883 0.411651 0.31622 -0.384863 0.867113 0.400795 -0.930002 -0.306262 0.203222 -0.504304 0.187351 -0.87068 -0.45477 0.485867 
1534189667743 0.14594 0.84243 -0.518664 -0.604813 -0.954609 0.257525 0.149675 -0.231671 0.259659 0.473278 0.841775 0.411704 0.31622 -0.384863 0.867113 0.400795 -0.930002 -0.306262 0.203222 -0.504304 0.187351 -0.87068 -0.45477 0.485867 
1534189667750 0.145384 0.842497 -0.518712 -0.604543 -0.954638 0.257161 0.150119 -0.231716 0.259867 0.473357 0.841666 0.411756 0.31622 -0.384863 0.867113 0.400795 -0.930002 -0.306262 0.203222 -0.504304 0.187351 -0.87068 -0.45477 0.485867 
1534189667829 0.144827 0.842564 -0.518759 -0.604271 -0.954666 0.256796 0.150563 -0.23176 0.260074 0.473436 0.841558 0.411808 0.31622 -0.384863 0.867113 0.400795 -0.930002 -0.306262 0.203222 -0.504304 0.187351 -0.87068 -0.45477 0.485867 
1534189667914 0.14427 0.842631 -0.518806 -0.603999 -0.954694 0.256432 0.151007 -0.231804 0.260281 0.473515 0.84145 0.411861 0.31622 -0.384863 0.867113 0.400795 -0.930002 -0.306262 0.203222 -0.504304 0.187351 -0.87068 -0.45477 0.485867 
1534189668010 0.143714 0.842697 -0.518852 -0.603727 -0.954721 0.256067 0.151451 -0.231848 0.260488 0.473594 0.841341 0.411914 0.31622 -0.384863 0.867113 0.400795 -0.930002 -0.306262 0.203222 -0.504304 0.187351 -0.87068 -0.45477 0.485867 
1534189668100 0.143157 0.842764 -0.518898 -0.603457 -0.954748 0.255703 0.151895 -0.231893 0.260695 0.473672 0.841233 0.411967 0.31622 -0.384863 0.867113 0.400795 -0.930002 -0.306262 0.203222 -0.504304 0.187351 -0.87068 -0.45477 0.485867 
1534189668178 0.1426 0.84283 -0.518944 -0.603186 -0.954775 0.255338 0.152339 -0.231938 0.260902 0.473751 0.841124 0.412019 0.31622 -0.384863 0.867113 0.400795 -0.930002 -0.306262 0.203222 -0.504304 0.187351 -0.87068 -0.45477 0.485867 
1534189668285 0.142044 0.842896 -0.51899 -0.602913 -0.954801 0.254974 0.152783 -0.231981 0.261109 0.473831 0.841015 0.412072 0.31622 -0.384863 0.867113 0.400795 -0.930002 -0.306262 0.203222 -0.504304 0.187351 -0.87068 -0.45477 0.485867 
1534189668356 0.141487 0.842961 -0.519035 -0.602642 -0.954828 0.254609 0.153227 -0.232026 0.261315 0.47391 0.840907 0.412125 0.31622 -0.384863 0.867113 0.400795 -0.930002 -0.306262 0.203222 -0.504304 0.187351 -0.87068 -0.45477 0.485867 
1534189668469 0.142468 0.842853 -0.518942 -0.602922 -0.954757 0.255293 0.152526 -0.232134 0.261039 0.473734 0.841091 0.41208 0.31622 -0.384863 0.867113 0.400795 -0.930002 -0.306262 0.203222 -0.504304 0.187351 -0.87068 -0.45477 0.485867 
1534189668482 0.142019 0.842842 -0.519084 -0.602713 -0.954765 0.255043 0.152896 -0.232136 0.261256 0.473889 0.840937 0.412119 0.31622 -0.384863 0.867113 0.400795 -0.930002 -0.306262 0.203222 -0.504304 0.187351 -0.87068 -0.45477 0.485867 
1534189668497 0.141571 0.842829 -0.519227 -0.602498 -0.954772 0.254794 0.153266 -0.232135 0.261473 0.474046 0.840781 0.412159 0.31622 -0.384863 0.867113 0.400795 -0.930002 -0.306262 0.203222 -0.504304 0.187351 -0.87068 -0.45477 0.485867 
1534189668504 0.141123 0.842816 -0.51937 -0.602284 -0.954779 0.254546 0.153636 -0.232135 0.26169 0.474202 0.840625 0.412199 0.31622 -0.384863 0.867113 0.400795 -0.930002 -0.306262 0.203222 -0.504304 0.187351 -0.87068 -0.45477 0.485867 
1534189668680 0.140675 0.842803 -0.519513 -0.602069 -0.954785 0.254297 0.154006 -0.232133 0.261907 0.474358 0.840469 0.412239 0.31622 -0.384863 0.867113 0.400795 -0.930002 -0.306262 0.203222 -0.504304 0.187351 -0.87068 -0.45477 0.485867 
1534189668729 0.140227 0.84279 -0.519655 -0.601855 -0.954792 0.254049 0.154376 -0.232132 0.262124 0.474515 0.840313 0.412279 0.31622 -0.384863 0.867113 0.400795 -0.930002 -0.306262 0.203222 -0.504304 0.187351 -0.87068 -0.45477 0.485867 
1534189668837 0.139779 0.842777 -0.519797 -0.601641 -0.954798 0.253801 0.154746 -0.232131 0.262341 0.474671 0.840158 0.412319 0.31622 -0.384863 0.867113 0.400795 -0.930002 -0.306262 0.203222 -0.504304 0.187351 -0.87068 -0.45477 0.485867 
1534189668880 0.139331 0.842763 -0.519939 -0.601426 -0.954804 0.253553 0.155116 -0.23213 0.262558 0.474828 0.840001 0.412359 0.31622 -0.384863 0.867113 0.400795 -0.930002 -0.306262 0.203222 -0.504304 0.187351 -0.87068 -0.45477 0.485867 
1534189668886 0.138883 0.84275 -0.520081 -0.601212 -0.95481 0.253304 0.155486 -0.232129 0.262774 0.474984 0.839845 0.412399 0.31622 -0.384863 0.867113 0.400795 -0.930002 -0.306262 0.203222 -0.504304 0.187351 -0.87068 -0.45477 0.485867 
1534189669025 0.138435 0.842736 -0.520223 -0.600999 -0.954815 0.253056 0.155856 -0.232129 0.262991 0.475141 0.839689 0.412439 0.31622 -0.384863 0.867113 0.400795 -0.930002 -0.306262 0.203222 -0.504304 0.187351 -0.87068 -0.45477 0.485867 
1534189669072 0.139183 0.842819 -0.519889 -0.6013 -0.954839 0.253393 0.155162 -0.232097 0.26251 0.474814 0.840024 0.412384 0.31622 -0.384863 0.867113 0.400795 -0.930002 -0.306262 0.203222 -0.504304 0.187351 -0.87068 -0.45477 0.485867 
1534189669085 0.138973 0.842912 -0.519794 -0.60115 -0.954869 0.253197 0.155296 -0.232107 0.262511 0.474753 0.840058 0.412364 0.31622 -0.384863 0.867113 0.400795 -0.930002 -0.306262 0.203222 -0.504304 0.187351 -0.87068 -0.45477 0.485867 
1534189669099 0.138763 0.843004 -0.5197 -0.600995 -0.954899 0.253002 0.15543 -0.232117 0.262513 0.474693 0.840091 0.412343 0.31622 -0.384863 0.867113 0.400795 -0.930002 -0.306262 0.203222 -0.504304 0.187351 -0.87068 -0.45477 0.485867 
1534189669116 0.138554 0.843096 -0.519607 -0.60084 -0.954929 0.252808 0.155563 -0.232127 0.262515 0.474634 0.840124 0.412322 0.31622 -0.384863 0.867113 0.400795 -0.930002 -0.306262 0.203222 -0.504304 0.187351 -0.87068 -0.45477 0.485867 
1534189669133 0.138345 0.843189 -0.519513 -0.600687 -0.954958 0.252613 0.155696 -0.232137 0.262517 0.474573 0.840158 0.412301 0.31622 -0.384863 0.867113 0.400795 -0.930002 -0.306262 0.203222 -0.504304 0.187351 -0.87068 -0.45477 0.485867 
1534189669201 0.138136 0.843281 -0.519419 -0.600531 -0.954988 0.252418 0.155829 -0.232146 0.262519 0.474513 0.840191 0.41228 0.31622 -0.384863 0.867113 0.400795 -0.930002 -0.306262 0.203222 -0.504304 0.187351 -0.87068 -0.45477 0.485867 
1534189669256 0.137927 0.843373 -0.519325 -0.600377 -0.955018 0.252223 0.155963 -0.232156 0.26252 0.474453 0.840224 0.41226 0.31622 -0.384863 0.867113 0.400795 -0.930002 -0.306262 0.203222 -0.504304 0.187351 -0.87068 -0.45477 0.485867 
1534189669304 0.137718 0.843465 -0.519231 -0.600222 -0.955048 0.252028 0.156096 -0.232165 0.262522 0.474393 0.840258 0.412239 0.31622 -0.384863 0.867113 0.400795 -0.930002 -0.306262 0.203222 -0.504304 0.187351 -0.87068 -0.45477 0.485867 
1534189669347 0.137509 0.843557 -0.519137 -0.600068 -0.955077 0.251833 0.156229 -0.232175 0.262524 0.474333 0.840291 0.412218 0.31622 -0.384863 0.867113 0.400795 -0.930002 -0.306262 0.203222 -0.504304 0.187351 -0.87068 -0.45477 0.485867 
1534189669354 0.137299 0.843649 -0.519043 -0.599914 -0.955107 0.251638 0.156362 -0.232184 0.262526 0.474273 0.840324 0.412198 0.31622 -0.384863 0.867113 0.400795 -0.930002 -0.306262 0.203222 -0.504304 0.187351 -0.87068 -0.45477 0.485867 
1534189669453 0.137984 0.843453 -0.51918 -0.600248 -0.95503 0.252207 0.155912 -0.232239 0.262445 0.474319 0.840324 0.412284 0.31622 -0.384863 0.867113 0.400795 -0.930002 -0.306262 0.203222 -0.504304 0.187351 -0.87068 -0.45477 0.485867 
1534189669464 0.137845 0.843614 -0.518955 -0.600111 -0.955069 0.252014 0.155988 -0.232254 0.262378 0.474136 0.840448 0.412272 0.31622 -0.384863 0.867113 0.400795 -0.930002 -0.306262 0.203222 -0.504304 0.187351 -0.87068 -0.45477 0.485867 
1534189669480 0.137705 0.843775 -0.518731 -0.599971 -0.955108 0.251819 0.156065 -0.232271 0.262311 0.473953 0.840572 0.412258 0.31622 -0.384863 0.867113 0.400795 -0.930002 -0.306262 0.203222 -0.504304 0.187351 -0.87068 -0.45477 0.485867 
1534189669497 0.137565 0.843935 -0.518506 -0.599833 -0.955146 0.251625 0.156142 -0.232287 0.262243 0.47377 0.840697 0.412245 0.31622 -0.384863 0.867113 0.400795 -0.930002 -0.306262 0.203222 -0.504304 0.187351 -0.87068 -0.45477 0.485867 
1534189669514 0.137425 0.844096 -0.518282 -0.599693 -0.955185 0.251431 0.156219 -0.232304 0.262176 0.473586 0.840821 0.412231 0.31622 -0.384863 0.867113 0.400795 -0.930002 -0.306262 0.203222 -0.504304 0.187351 -0.87068 -0.45477 0.485867 
1534189669531 0.137286 0.844257 -0.518057 -0.599554 -0.955223 0.251237 0.156296 -0.23232 0.262109 0.473403 0.840945 0.412218 0.31622 -0.384863 0.867113 0.400795 -0.930002 -0.306262 0.203222 -0.504304 0.187351 -0.87068 -0.45477 0.485867 
1534189669548 0.137146 0.844417 -0.517832 -0.599416 -0.955262 0.251043 0.156372 -0.232337 0.262042 0.47322 0.841069 0.412205 0.31622 -0.384863 0.867113 0.400795 -0.930002 -0.306262 0.203222 -0.504304 0.187351 -0.87068 -0.45477 0.485867 
1534189669670 0.137006 0.844578 -0.517608 -0.599277 -0.9553 0.250849 0.156449 -0.232353 0.261974 0.473036 0.841193 0.412192 0.31622 -0.384863 0.867113 0.400795 -0.930002 -0.306262 0.203222 -0.504304 0.187351 -0.87068 -0.45477 0.485867 
1534189669692 0.136866 0.844738 -0.517383 -0.599137 -0.955339 0.250654 0.156526 -0.232371 0.261908 0.472853 0.841317 0.412177 0.31622 -0.384863 0.867113 0.400795 -0.930002 -0.306262 0.203222 -0.504304 0.187351 -0.87068 -0.45477 0.485867 
1534189669709 0.136726 0.844899 -0.517158 -0.598998 -0.955377 0.25046 0.156603 -0.232387 0.261841 0.472669 0.841441 0.412164 0.31622 -0.384863 0.867113 0.400795 -0.930002 -0.306262 0.203222 -0.504304 0.187351 -0.87068 -0.45477 0.485867 
1534189669749 0.137082 0.844463 -0.517775 -0.599445 -0.955269 0.250982 0.156429 -0.232278 0.26205 0.473171 0.841094 0.412307 0.31622 -0.384863 0.867113 0.400795 -0.930002 -0.306262 0.203222 -0.504304 0.187351 -0.87068 -0.45477 0.485867 
1534189669759 0.136784 0.844512 -0.517774 -0.599326 -0.955255 0.25083 0.156758 -0.232306 0.262257 0.473164 0.841033 0.412305 0.31622 -0.384863 0.867113 0.400795 -0.930002 -0.306262 0.203222 -0.504304 0.187351 -0.87068 -0.45477 0.485867 
1534189669776 0.136485 0.844561 -0.517773 -0.599206 -0.95524 0.250678 0.157089 -0.232336 0.262465 0.473157 0.840972 0.412301 0.31622 -0.384863 0.867113 0.400795 -0.930002 -0.306262 0.203222 -0.504304 0.187351 -0.87068 -0.45477 0.485867 
1534189669793 0.136187 0.84461 -0.517771 -0.599086 -0.955226 0.250525 0.15742 -0.232368 0.262673 0.47315 0.840911 0.412297 0.31622 -0.384863 0.867113 0.400795 -0.930002 -0.306262 0.203222 -0.504304 0.187351 -0.87068 -0.45477 0.485867 
1534189669833 0.135888 0.844659 -0.517769 -0.598967 -0.955211 0.250373 0.157751 -0.2324 0.262881 0.473143 0.840851 0.412292 0.31622 -0.384863 0.867113 0.400795 -0.930002 -0.306262 0.203222 -0.504304 0.187351 -0.87068 -0.45477 0.485867 
1534189669895 0.135589 0.844708 -0.517768 -0.598848 -0.955196 0.250221 0.158081 -0.23243 0.263089 0.473136 0.840789 0.412289 0.31622 -0.384863 0.867113 0.400795 -0.930002 -0.306262 0.203222 -0.504304 0.187351 -0.87068 -0.45477 0.485867 
1534189669943 0.13529 0.844758 -0.517766 -0.598729 -0.955181 0.250068 0.158412 -0.232462 0.263297 0.473128 0.840728 0.412284 0.31622 -0.384863 0.867113 0.400795 -0.930002 -0.306262 0.203222 -0.504304 0.187351 -0.87068 -0.45477 0.485867 
1534189669978 0.134992 0.844806 -0.517764 -0.598609 -0.955166 0.249916 0.158743 -0.232493 0.263505 0.473121 0.840667 0.41228 0.31622 -0.384863 0.867113 0.400795 -0.930002 -0.306262 0.203222 -0.504304 0.187351 -0.87068 -0.45477 0.485867 
1534189670037 0.134693 0.844856 -0.517761 -0.598491 -0.955151 0.249764 0.159074 -0.232526 0.263713 0.473114 0.840606 0.412276 0.31622 -0.384863 0.867113 0.400795 -0.930002 -0.306262 0.203222 -0.504304 0.187351 -0.87068 -0.45477 0.485867 
1534189670093 0.134394 0.844905 -0.517759 -0.598371 -0.955136 0.249611 0.159405 -0.232556 0.26392 0.473107 0.840545 0.412272 0.31622 -0.384863 0.867113 0.400795 -0.930002 -0.306262 0.203222 -0.504304 0.187351 -0.87068 -0.45477 0.485867 
1534189670157 0.135041 0.844725 -0.517884 -0.598614 -0.955118 0.250055 0.158814 -0.232491 0.263654 0.473194 0.84058 0.412251 0.31622 -0.384863 0.867113 0.400795 -0.930002 -0.306262 0.203222 -0.504304 0.187351 -0.87068 -0.45477 0.485867 
1534189670168 0.134915 0.844708 -0.517945 -0.598536 -0.955165 0.249906 0.158766 -0.232484 0.263549 0.473303 0.840551 0.412224 0.31622 -0.384863 0.867113 0.400795 -0.930002 -0.306262 0.203222 -0.504304 0.187351 -0.87068 -0.45477 0.485867 
1534189670185 0.134789 0.844689 -0.518008 -0.598452 -0.955212 0.249758 0.158716 -0.232473 0.263443 0.473414 0.840522 0.412198 0.31622 -0.384863 0.867113 0.400795 -0.930002 -0.306262 0.203222 -0.504304 0.187351 -0.87068 -0.45477 0.485867 
1534189670201 0.134663 0.844671 -0.51807 -0.59837 -0.955259 0.24961 0.158667 -0.232463 0.263337 0.473525 0.840493 0.412172 0.31622 -0.384863 0.867113 0.400795 -0.930002 -0.306262 0.203222 -0.504304 0.187351 -0.87068 -0.45477 0.485867 
1534189670218 0.134537 0.844652 -0.518133 -0.598286 -0.955306 0.249463 0.158617 -0.232452 0.263231 0.473636 0.840463 0.412146 0.31622 -0.384863 0.867113 0.400795 -0.930002 -0.306262 0.203222 -0.504304 0.187351 -0.87068 -0.45477 0.485867 
1534189670235 0.134412 0.844634 -0.518196 -0.598203 -0.955353 0.249315 0.158567 -0.232441 0.263125 0.473747 0.840434 0.412121 0.31622 -0.384863 0.867113 0.400795 -0.930002 -0.306262 0.203222 -0.504304 0.187351 -0.87068 -0.45477 0.485867 
1534189670285 0.134286 0.844615 -0.518259 -0.59812 -0.955399 0.249167 0.158518 -0.232431 0.26302 0.473857 0.840405 0.412095 0.31622 -0.384863 0.867113 0.400795 -0.930002 -0.306262 0.203222 -0.504304 0.187351 -0.87068 -0.45477 0.485867 
1534189670345 0.13416 0.844597 -0.518322 -0.598037 -0.955446 0.249019 0.158468 -0.232419 0.262914 0.473968 0.840375 0.412069 0.31622 -0.384863 0.867113 0.400795 -0.930002 -0.306262 0.203222 -0.504304 0.187351 -0.87068 -0.45477 0.485867 
1534189670373 0.134034 0.844578 -0.518384 -0.597954 -0.955493 0.248871 0.158419 -0.232409 0.262808 0.474079 0.840346 0.412043 0.31622 -0.384863 0.867113 0.400795 -0.930002 -0.306262 0.203222 -0.504304 0.187351 -0.87068 -0.45477 0.485867 
1534189670394 0.133909 0.844559 -0.518447 -0.59787 -0.95554 0.248723 0.158369 -0.232397 0.262702 0.47419 0.840316 0.412018 0.31622 -0.384863 0.867113 0.400795 -0.930002 -0.306262 0.203222 -0.504304 0.187351 -0.87068 -0.45477 0.485867 
1534189670428 0.134053 0.844596 -0.518351 -0.598195 -0.955431 0.248987 0.158609 -0.232314 0.263023 0.473987 0.84033 0.412032 0.31622 -0.384863 0.867113 0.400795 -0.930002 -0.306262 0.203222 -0.504304 0.187351 -0.87068 -0.45477 0.485867 
1534189670438 0.133906 0.844594 -0.518391 -0.598121 -0.955468 0.248839 0.158616 -0.232334 0.262963 0.474067 0.840304 0.412028 0.31622 -0.384863 0.867113 0.400795 -0.930002 -0.306262 0.203222 -0.504304 0.187351 -0.87068 -0.45477 0.485867 
1534189670455 0.133758 0.844593 -0.518432 -0.598045 -0.955506 0.248691 0.158625 -0.232352 0.262902 0.474147 0.840278 0.412025 0.31622 -0.384863 0.867113 0.400795 -0.930002 -0.306262 0.203222 -0.504304 0.187351 -0.87068 -0.45477 0.485867 
1534189670472 0.13361 0.844592 -0.518472 -0.597967 -0.955543 0.248542 0.158633 -0.232371 0.262842 0.474227 0.840251 0.412022 0.31622 -0.384863 0.867113 0.400795 -0.930002 -0.306262 0.203222 -0.504304 0.187351 -0.87068 -0.45477 0.485867 
1534189670488 0.133462 0.84459 -0.518513 -0.597889 -0.95558 0.248394 0.158641 -0.232388 0.262782 0.474308 0.840225 0.412018 0.31622 -0.384863 0.867113 0.400795 -0.930002 -0.306262 0.203222 -0.504304 0.187351 -0.87068 -0.45477 0.485867 
1534189670505 0.133314 0.844589 -0.518553 -0.597811 -0.955617 0.248245 0.158649 -0.232406 0.262722 0.474389 0.840198 0.412015 0.31622 -0.384863 0.867113 0.400795 -0.930002 -0.306262 0.203222 -0.504304 0.187351 -0.87068 -0.45477 0.485867 
1534189670522 0.133166 0.844587 -0.518594 -0.597734 -0.955655 0.248097 0.158657 -0.232424 0.262661 0.474469 0.840172 0.412012 0.31622 -0.384863 0.867113 0.400795 -0.930002 -0.306262 0.203222 -0.504304 0.187351 -0.87068 -0.45477 0.485867 
1534189670538 0.133018 0.844585 -0.518635 -0.597655 -0.955692 0.247948 0.158665 -0.232441 0.262601 0.47455 0.840145 0.412009 0.31622 -0.384863 0.867113 0.400795 -0.930002 -0.306262 0.203222 -0.504304 0.187351 -0.87068 -0.45477 0.485867 
1534189670555 0.13287 0.844584 -0.518675 -0.597578 -0.955729 0.2478 0.158673 -0.232459 0.26254 0.47463 0.840118 0.412006 0.31622 -0.384863 0.867113 0.400795 -0.930002 -0.306262 0.203222 -0.504304 0.187351 -0.87068 -0.45477 0.485867 
1534189670617 0.132722 0.844582 -0.518715 -0.597501 -0.955766 0.247651 0.158682 -0.232478 0.26248 0.47471 0.840092 0.412003 0.31622 -0.384863 0.867113 0.400795 -0.930002 -0.306262 0.203222 -0.504304 0.187351 -0.87068 -0.45477 0.485867 
1534189670672 0.133382 0.844631 -0.518466 -0.597779 -0.955647 0.248216 0.158515 -0.232501 0.262579 0.474328 0.840277 0.412077 0.31622 -0.384863 0.867113 0.400795 -0.930002 -0.306262 0.203222 -0.504304 0.187351 -0.87068 -0.45477 0.485867 
1534189670686 0.133316 0.844756 -0.518279 -0.597715 -0.955661 0.248117 0.158589 -0.232496 0.262563 0.474157 0.840378 0.412057 0.31622 -0.384863 0.867113 0.400795 -0.930002 -0.306262 0.203222 -0.504304 0.187351 -0.87068 -0.45477 0.485867 
1534189670703 0.133249 0.844882 -0.518091 -0.597652 -0.955674 0.248017 0.158665 -0.232496 0.262549 0.473984 0.84048 0.412034 0.31622 -0.384863 0.867113 0.400795 -0.930002 -0.306262 0.203222 -0.504304 0.187351 -0.87068 -0.45477 0.485867 
1534189670719 0.133181 0.845008 -0.517903 -0.597589 -0.955688 0.247917 0.158741 -0.232495 0.262534 0.473812 0.840582 0.412012 0.31622 -0.384863 0.867113 0.400795 -0.930002 -0.306262 0.203222 -0.504304 0.187351 -0.87068 -0.45477 0.485867 
1534189670736 0.133114 0.845135 -0.517715 -0.597527 -0.955701 0.247817 0.158816 -0.232495 0.262519 0.47364 0.840684 0.411989 0.31622 -0.384863 0.867113 0.400795 -0.930002 -0.306262 0.203222 -0.504304 0.187351 -0.87068 -0.45477 0.485867 
1534189670835 0.133046 0.84526 -0.517527 -0.597464 -0.955714 0.247717 0.158892 -0.232493 0.262505 0.473468 0.840785 0.411968 0.31622 -0.384863 0.867113 0.400795 -0.930002 -0.306262 0.203222 -0.504304 0.187351 -0.87068 -0.45477 0.485867 
1534189670852 0.132979 0.845386 -0.517338 -0.597403 -0.955728 0.247616 0.158967 -0.232493 0.26249 0.473295 0.840887 0.411945 0.31622 -0.384863 0.867113 0.400795 -0.930002 -0.306262 0.203222 -0.504304 0.187351 -0.87068 -0.45477 0.485867 
1534189670870 0.132911 0.845512 -0.51715 -0.59734 -0.955741 0.247516 0.159043 -0.232492 0.262475 0.473123 0.840988 0.411923 0.31622 -0.384863 0.867113 0.400795 -0.930002 -0.306262 0.203222 -0.504304 0.187351 -0.87068 -0.45477 0.485867 
1534189670885 0.132844 0.845638 -0.516961 -0.597278 -0.955755 0.247416 0.159119 -0.232492 0.262461 0.47295 0.84109 0.4119 0.31622 -0.384863 0.867113 0.400795 -0.930002 -0.306262 0.203222 -0.504304 0.187351 -0.87068 -0.45477 0.485867 
1534189670903 0.132776 0.845764 -0.516773 -0.597216 -0.955768 0.247315 0.159194 -0.232491 0.262446 0.472778 0.841191 0.411878 0.31622 -0.384863 0.867113 0.400795 -0.930002 -0.306262 0.203222 -0.504304 0.187351 -0.87068 -0.45477 0.485867 
1534189670977 0.133044 0.845261 -0.517525 -0.597516 -0.955719 0.247707 0.158881 -0.232456 0.262491 0.47347 0.840788 0.412027 0.31622 -0.384863 0.867113 0.400795 -0.930002 -0.306262 0.203222 -0.504304 0.187351 -0.87068 -0.45477 0.485867 
1534189670987 0.133025 0.845258 -0.517536 -0.597412 -0.955734 0.24767 0.158846 -0.232491 0.262444 0.473496 0.840788 0.412036 0.31622 -0.384863 0.867113 0.400795 -0.930002 -0.306262 0.203222 -0.504304 0.187351 -0.87068 -0.45477 0.485867 
1534189671003 0.133007 0.845254 -0.517546 -0.597303 -0.95575 0.247633 0.15881 -0.232523 0.262396 0.473522 0.840788 0.412045 0.31622 -0.384863 0.867113 0.400795 -0.930002 -0.306262 0.203222 -0.504304 0.187351 -0.87068 -0.45477 0.485867 
1534189671020 0.13299 0.845251 -0.517557 -0.597194 -0.955765 0.247597 0.158774 -0.232555 0.262349 0.473547 0.840789 0.412055 0.31622 -0.384863 0.867113 0.400795 -0.930002 -0.306262 0.203222 -0.504304 0.187351 -0.87068 -0.45477 0.485867 
1534189671037 0.132972 0.845247 -0.517568 -0.597085 -0.95578 0.247561 0.158737 -0.232587 0.262302 0.473573 0.840789 0.412065 0.31622 -0.384863 0.867113 0.400795 -0.930002 -0.306262 0.203222 -0.504304 0.187351 -0.87068 -0.45477 0.485867 
1534189671120 0.132955 0.845243 -0.517578 -0.596975 -0.955796 0.247524 0.158701 -0.232618 0.262254 0.473599 0.840789 0.412075 0.31622 -0.384863 0.867113 0.400795 -0.930002 -0.306262 0.203222 -0.504304 0.187351 -0.87068 -0.45477 0.485867 
1534189671145 0.132938 0.845239 -0.517589 -0.596867 -0.955811 0.247488 0.158665 -0.232651 0.262207 0.473625 0.84079 0.412085 0.31622 -0.384863 0.867113 0.400795 -0.930002 -0.306262 0.203222 -0.504304 0.187351 -0.87068 -0.45477 0.485867 
1534189671177 0.132921 0.845235 -0.5176 -0.596757 -0.955827 0.247452 0.158628 -0.232682 0.262159 0.473651 0.84079 0.412095 0.31622 -0.384863 0.867113 0.400795 -0.930002 -0.306262 0.203222 -0.504304 0.187351 -0.87068 -0.45477 0.485867 
1534189671210 0.132903 0.845232 -0.51761 -0.596649 -0.955842 0.247415 0.158592 -0.232714 0.262112 0.473676 0.84079 0.412105 0.31622 -0.384863 0.867113 0.400795 -0.930002 -0.306262 0.203222 -0.504304 0.187351 -0.87068 -0.45477 0.485867 
1534189671249 0.132886 0.845228 -0.517621 -0.596539 -0.955858 0.247379 0.158555 -0.232745 0.262064 0.473702 0.840791 0.412115 0.31622 -0.384863 0.867113 0.400795 -0.930002 -0.306262 0.203222 -0.504304 0.187351 -0.87068 -0.45477 0.485867 
1534189671295 0.132826 0.845259 -0.517585 -0.596923 -0.955835 0.247378 0.158696 -0.232559 0.262178 0.473647 0.840786 0.412047 0.31622 -0.384863 0.867113 0.400795 -0.930002 -0.306262 0.203222 -0.504304 0.187351 -0.87068 -0.45477 0.485867 
1534189671306 0.132662 0.845282 -0.51759 -0.596749 -0.955928 0.24711 0.158547 -0.232606 0.261919 0.473746 0.840811 0.412042 0.31622 -0.384863 0.867113 0.400795 -0.930002 -0.306262 0.203222 -0.504304 0.187351 -0.87068 -0.45477 0.485867 
1534189671322 0.1325 0.845304 -0.517596 -0.596571 -0.956022 0.246844 0.158397 -0.23265 0.261659 0.473845 0.840836 0.412037 0.31622 -0.384863 0.867113 0.400795 -0.930002 -0.306262 0.203222 -0.504304 0.187351 -0.87068 -0.45477 0.485867 
1534189671339 0.132337 0.845326 -0.517602 -0.596392 -0.956116 0.246578 0.158247 -0.232694 0.2614 0.473945 0.84086 0.412033 0.31622 -0.384863 0.867113 0.400795 -0.930002 -0.306262 0.203222 -0.504304 0.187351 -0.87068 -0.45477 0.485867 
1534189671356 0.132175 0.845347 -0.517608 -0.596213 -0.956209 0.246312 0.158097 -0.232738 0.26114 0.474045 0.840885 0.412029 0.31622 -0.384863 0.867113 0.400795 -0.930002 -0.306262 0.203222 -0.504304 0.187351 -0.87068 -0.45477 0.485867 
1534189671489 0.132013 0.845369 -0.517614 -0.596034 -0.956302 0.246046 0.157947 -0.232781 0.26088 0.474145 0.840909 0.412025 0.31622 -0.384863 0.867113 0.400795 -0.930002 -0.306262 0.203222 -0.504304 0.187351 -0.87068 -0.45477 0.485867 
1534189671526 0.13185 0.84539 -0.517621 -0.595855 -0.956396 0.24578 0.157797 -0.232824 0.260621 0.474245 0.840933 0.412021 0.31622 -0.384863 0.867113 0.400795 -0.930002 -0.306262 0.203222 -0.504304 0.187351 -0.87068 -0.45477 0.485867 
1534189671531 0.131688 0.845412 -0.517627 -0.595677 -0.956489 0.245514 0.157647 -0.232868 0.260361 0.474344 0.840958 0.412016 0.31622 -0.384863 0.867113 0.400795 -0.930002 -0.306262 0.203222 -0.504304 0.187351 -0.87068 -0.45477 0.485867 
