1535383158809 0.370479 0.888669 -0.27021 -0.618602 -0.892875 0.420899 0.160056 -0.229105 0.255968 0.181966 0.949404 0.379548 0.301972 -0.304664 0.903323 0.404853 -0.941566 -0.243633 0.232586 -0.489225 0.149219 -0.920773 -0.360432 0.471794 
1535383158822 0.357404 0.893827 -0.270806 -0.620954 -0.899158 0.407713 0.159011 -0.230254 0.25254 0.186667 0.94941 0.37876 0.283156 -0.290012 0.914175 0.40205 -0.951569 -0.203962 0.230034 -0.488214 0.119744 -0.935036 -0.33372 0.468431 
1535383159449 0.344255 0.898789 -0.271417 -0.62331 -0.905244 0.394433 0.157974 -0.231404 0.249041 0.191315 0.949409 0.377972 0.264775 -0.274415 0.924441 0.399245 -0.960143 -0.16405 0.226303 -0.487199 0.0895533 -0.947515 -0.306914 0.465068 
1535383160120 0.331034 0.903554 -0.272042 -0.625665 -0.911131 0.381063 0.156946 -0.232554 0.245474 0.195911 0.9494 0.377184 0.246867 -0.257906 0.934099 0.39644 -0.967269 -0.12398 0.221403 -0.486185 0.0587084 -0.958182 -0.280071 0.461704 
1535383160725 0.317743 0.908121 -0.27268 -0.628021 -0.916817 0.367606 0.155927 -0.233704 0.241839 0.200453 0.949385 0.376395 0.229471 -0.240519 0.94313 0.393635 -0.972933 -0.0838353 0.215342 -0.48517 0.0272736 -0.967017 -0.253247 0.45834 
1535383161396 0.304387 0.91249 -0.273333 -0.630377 -0.922301 0.354064 0.154916 -0.234855 0.238137 0.204941 0.949363 0.375607 0.21262 -0.22229 0.951515 0.39083 -0.977124 -0.0436991 0.208134 -0.484155 -0.00468566 -0.974001 -0.226496 0.454977 
1535383162009 0.290967 0.916658 -0.273999 -0.632733 -0.927583 0.340442 0.153915 -0.236006 0.234368 0.209373 0.949334 0.374818 0.196352 -0.203257 0.959235 0.388025 -0.979831 -0.00365514 0.199793 -0.48314 -0.0371032 -0.979119 -0.199875 0.451613 
1535383162736 0.277488 0.920626 -0.274679 -0.63509 -0.93266 0.326741 0.152923 -0.237156 0.230534 0.213748 0.949298 0.374029 0.180699 -0.183459 0.966277 0.38522 -0.981051 0.0362136 0.190338 -0.482126 -0.0699116 -0.98236 -0.173439 0.44825 
1535383163390 0.263951 0.924392 -0.275373 -0.637445 -0.937532 0.312966 0.151941 -0.238306 0.226635 0.218066 0.949254 0.373241 0.165695 -0.162938 0.972623 0.382416 -0.980779 0.0758244 0.179787 -0.481111 -0.103043 -0.983718 -0.147243 0.444886 
1535383164014 0.25036 0.927955 -0.276079 -0.639802 -0.942198 0.299118 0.150969 -0.239457 0.222672 0.222325 0.949204 0.372453 0.15137 -0.141737 0.978263 0.379611 -0.979017 0.115095 0.168162 -0.480097 -0.136428 -0.983191 -0.121341 0.441523 
1535383164698 0.251207 0.927651 -0.276331 -0.639619 -0.941882 0.300062 0.15107 -0.239544 0.223056 0.222321 0.949115 0.372473 0.151774 -0.142852 0.978038 0.379843 -0.97915 0.113437 0.168515 -0.480182 -0.135018 -0.983222 -0.122656 0.441505 
1535383164712 0.249305 0.927906 -0.277198 -0.639733 -0.942261 0.298505 0.151784 -0.239716 0.223586 0.223352 0.948748 0.372484 0.153629 -0.139868 0.978179 0.379519 -0.979462 0.109271 0.169455 -0.480438 -0.130588 -0.984122 -0.120208 0.441301 
1535383165009 0.247401 0.928156 -0.278062 -0.639851 -0.942638 0.296948 0.1525 -0.23989 0.224114 0.224383 0.94838 0.372494 0.155472 -0.136876 0.978312 0.379197 -0.979752 0.105106 0.170406 -0.480698 -0.126151 -0.984996 -0.117764 0.441097 
1535383165305 0.245496 0.928404 -0.278924 -0.63997 -0.943011 0.29539 0.153218 -0.240065 0.224639 0.225414 0.948011 0.372504 0.1573 -0.133876 0.978434 0.378875 -0.980023 0.100942 0.171367 -0.480958 -0.121707 -0.985844 -0.115323 0.440893 
1535383165608 0.24359 0.928647 -0.279785 -0.640089 -0.94338 0.293833 0.153937 -0.24024 0.225163 0.226446 0.947641 0.372514 0.159115 -0.130867 0.978548 0.378552 -0.980272 0.0967787 0.172338 -0.481218 -0.117256 -0.986665 -0.112886 0.44069 
1535383165937 0.241682 0.928886 -0.280644 -0.640206 -0.943746 0.292275 0.154657 -0.240413 0.225684 0.227479 0.94727 0.372524 0.160915 -0.127849 0.978653 0.37823 -0.980501 0.0926168 0.173318 -0.481477 -0.112798 -0.98746 -0.110453 0.440486 
1535383166252 0.239774 0.929121 -0.281501 -0.640325 -0.944108 0.290717 0.155379 -0.240588 0.226203 0.228512 0.946897 0.372534 0.162702 -0.124823 0.978748 0.377907 -0.98071 0.0884561 0.174309 -0.481736 -0.108334 -0.988228 -0.108023 0.440282 
1535383166594 0.237864 0.929352 -0.282357 -0.640443 -0.944468 0.28916 0.156102 -0.240762 0.22672 0.229546 0.946523 0.372544 0.164475 -0.121788 0.978834 0.377585 -0.980898 0.0842968 0.17531 -0.481995 -0.103863 -0.98897 -0.105597 0.440078 
1535383166891 0.235953 0.929579 -0.283211 -0.640562 -0.944823 0.287601 0.156826 -0.240937 0.227234 0.230581 0.946149 0.372554 0.166234 -0.118745 0.978911 0.377263 -0.981065 0.0801389 0.176321 -0.482255 -0.0993861 -0.989686 -0.103174 0.439874 
1535383167211 0.23404 0.929803 -0.284063 -0.64068 -0.945175 0.286043 0.157552 -0.241111 0.227747 0.231616 0.945772 0.372564 0.167978 -0.115693 0.978978 0.37694 -0.981212 0.0759829 0.177341 -0.482514 -0.0949027 -0.990375 -0.100756 0.439671 
1535383167530 0.23478 0.929754 -0.283613 -0.640602 -0.945104 0.28656 0.157041 -0.241027 0.227282 0.231174 0.945993 0.372516 0.167538 -0.116267 0.978986 0.37699 -0.981218 0.0766446 0.177022 -0.482452 -0.0956158 -0.990256 -0.101242 0.439796 
1535383167556 0.234121 0.929855 -0.283824 -0.640689 -0.945321 0.285911 0.156915 -0.241093 0.227056 0.231568 0.94595 0.372548 0.169006 -0.115523 0.978821 0.376989 -0.981461 0.0713576 0.177884 -0.48265 -0.0903961 -0.990738 -0.101322 0.439853 
1535383167803 0.233462 0.929957 -0.284034 -0.640777 -0.945539 0.285262 0.156789 -0.241159 0.226831 0.231961 0.945908 0.37258 0.170471 -0.114772 0.978656 0.376989 -0.981675 0.0660688 0.178745 -0.48285 -0.0851735 -0.991192 -0.101405 0.439911 
1535383168086 0.232804 0.930058 -0.284245 -0.640865 -0.945755 0.284612 0.156662 -0.241226 0.226604 0.232354 0.945866 0.372611 0.171933 -0.114012 0.978489 0.376989 -0.981859 0.0607787 0.179607 -0.483052 -0.0799486 -0.991619 -0.101494 0.439969 
1535383168358 0.232145 0.930158 -0.284455 -0.640955 -0.945971 0.283962 0.156536 -0.241293 0.226378 0.232748 0.945823 0.372642 0.17339 -0.113244 0.978321 0.37699 -0.982015 0.0554875 0.180467 -0.483254 -0.0747215 -0.992017 -0.101587 0.440027 
1535383168649 0.231486 0.930258 -0.284666 -0.641044 -0.946187 0.283312 0.15641 -0.24136 0.226151 0.233141 0.945781 0.372674 0.174843 -0.112469 0.978152 0.37699 -0.982141 0.0501955 0.181327 -0.483457 -0.0694925 -0.992387 -0.101684 0.440085 
1535383168935 0.230827 0.930357 -0.284877 -0.641133 -0.946402 0.282662 0.156284 -0.241426 0.225924 0.233534 0.945738 0.372705 0.176291 -0.111686 0.977981 0.37699 -0.982238 0.0449028 0.182186 -0.483658 -0.0642616 -0.992729 -0.101786 0.440142 
1535383169205 0.230168 0.930456 -0.285088 -0.641221 -0.946617 0.282012 0.156159 -0.241493 0.225697 0.233927 0.945695 0.372737 0.177735 -0.110895 0.97781 0.37699 -0.982306 0.0396094 0.183044 -0.483859 -0.0590291 -0.993043 -0.101892 0.4402 
1535383169480 0.229508 0.930554 -0.285299 -0.641311 -0.946831 0.281361 0.156033 -0.24156 0.225469 0.234319 0.945652 0.372768 0.179175 -0.110096 0.977638 0.376991 -0.982345 0.0343156 0.183902 -0.484062 -0.0537951 -0.993328 -0.102004 0.440258 
1535383169788 0.228849 0.930651 -0.28551 -0.6414 -0.947045 0.280711 0.155908 -0.241627 0.225242 0.234711 0.945609 0.3728 0.18061 -0.109289 0.977464 0.376991 -0.982355 0.0290216 0.184759 -0.484263 -0.0485597 -0.993586 -0.102119 0.440316 
1535383170090 0.229553 0.930555 -0.285258 -0.641288 -0.946814 0.281404 0.156063 -0.24161 0.225498 0.234262 0.94566 0.372836 0.180044 -0.109561 0.977538 0.376953 -0.982395 0.0303252 0.184337 -0.484263 -0.0498402 -0.993517 -0.102172 0.440295 
1535383170105 0.229094 0.930708 -0.285128 -0.641318 -0.946926 0.280943 0.156214 -0.241691 0.225494 0.234207 0.945674 0.372879 0.180967 -0.110632 0.977247 0.376964 -0.982306 0.0283933 0.185118 -0.484365 -0.0482274 -0.993456 -0.103536 0.440505 
1535383170291 0.228635 0.930861 -0.284997 -0.641352 -0.947038 0.280481 0.156365 -0.241774 0.22549 0.234153 0.945688 0.372921 0.181893 -0.111702 0.976953 0.376976 -0.982213 0.0264604 0.185898 -0.484471 -0.0466156 -0.993389 -0.104902 0.440715 
1535383170492 0.228175 0.931014 -0.284867 -0.641386 -0.947149 0.280019 0.156516 -0.241857 0.225487 0.234098 0.945703 0.372963 0.182821 -0.112769 0.976657 0.376988 -0.982116 0.0245265 0.186675 -0.484576 -0.045005 -0.993318 -0.106268 0.440926 
1535383170696 0.227715 0.931167 -0.284736 -0.641421 -0.947261 0.279557 0.156667 -0.241941 0.225483 0.234044 0.945717 0.373005 0.18375 -0.113834 0.976359 0.377 -0.982015 0.0225916 0.187448 -0.484682 -0.0433956 -0.993243 -0.107636 0.441136 
1535383170888 0.227255 0.931319 -0.284605 -0.641456 -0.947372 0.279095 0.156818 -0.242024 0.225479 0.233989 0.945732 0.373047 0.184681 -0.114898 0.976059 0.377012 -0.98191 0.0206558 0.18822 -0.484788 -0.0417874 -0.993163 -0.109005 0.441347 
1535383171081 0.226795 0.931471 -0.284474 -0.641489 -0.947483 0.278633 0.156969 -0.242107 0.225476 0.233935 0.945746 0.373089 0.185613 -0.115959 0.975757 0.377024 -0.981801 0.0187192 0.188988 -0.484893 -0.0401803 -0.993078 -0.110374 0.441557 
1535383171280 0.226335 0.931623 -0.284343 -0.641524 -0.947594 0.27817 0.15712 -0.24219 0.225472 0.23388 0.94576 0.373131 0.186547 -0.117019 0.975452 0.377036 -0.981689 0.0167818 0.189753 -0.484999 -0.0385744 -0.992988 -0.111745 0.441768 
1535383171498 0.225875 0.931775 -0.284212 -0.641558 -0.947705 0.277708 0.157271 -0.242273 0.225469 0.233825 0.945775 0.373173 0.187483 -0.118076 0.975145 0.377048 -0.981572 0.0148432 0.190516 -0.485104 -0.0369697 -0.992894 -0.113117 0.441978 
1535383171695 0.225415 0.931926 -0.28408 -0.641593 -0.947815 0.277245 0.157422 -0.242357 0.225465 0.233771 0.945789 0.373215 0.18842 -0.119131 0.974836 0.37706 -0.981452 0.012904 0.191275 -0.485211 -0.0353662 -0.992795 -0.11449 0.442188 
1535383171933 0.226088 0.931729 -0.284192 -0.641535 -0.94768 0.277881 0.157116 -0.242306 0.225361 0.233801 0.945806 0.373218 0.187952 -0.118595 0.974992 0.377043 -0.981508 0.0139808 0.190909 -0.485142 -0.0362719 -0.992844 -0.113774 0.442074 
1535383172076 0.225926 0.931901 -0.283755 -0.641573 -0.947817 0.277551 0.156873 -0.242388 0.224947 0.233506 0.945978 0.37317 0.187629 -0.119631 0.974928 0.377045 -0.981606 0.0128154 0.190487 -0.485125 -0.0352823 -0.992736 -0.115026 0.442249 
1535383172091 0.225765 0.932074 -0.283318 -0.641615 -0.947953 0.277221 0.15663 -0.242472 0.224533 0.233211 0.946149 0.373121 0.187307 -0.120667 0.974862 0.377047 -0.981703 0.0116505 0.190064 -0.485108 -0.0342922 -0.992625 -0.116277 0.442423 
1535383172299 0.225602 0.932246 -0.282881 -0.641659 -0.94809 0.276891 0.156388 -0.242557 0.224119 0.232915 0.94632 0.373072 0.186986 -0.121704 0.974794 0.377049 -0.981798 0.0104861 0.189639 -0.485091 -0.0333016 -0.992511 -0.117528 0.442598 
1535383172478 0.22544 0.932417 -0.282444 -0.641702 -0.948226 0.276561 0.156145 -0.242642 0.223705 0.23262 0.94649 0.373023 0.186666 -0.122741 0.974726 0.37705 -0.981892 0.00932207 0.189213 -0.485073 -0.0323106 -0.992395 -0.118778 0.442772 
1535383172653 0.225278 0.932589 -0.282007 -0.641744 -0.948362 0.276231 0.155901 -0.242726 0.223291 0.232324 0.946661 0.372974 0.186348 -0.123778 0.974656 0.377052 -0.981985 0.00815847 0.188785 -0.485056 -0.0313192 -0.992276 -0.120028 0.442947 
1535383172816 0.225115 0.93276 -0.28157 -0.641787 -0.948498 0.275901 0.155658 -0.242811 0.222877 0.232028 0.946831 0.372925 0.186029 -0.124816 0.974584 0.377054 -0.982076 0.00699539 0.188355 -0.485039 -0.0303273 -0.992155 -0.121277 0.443121 
1535383172973 0.224952 0.932931 -0.281133 -0.641831 -0.948634 0.275572 0.155414 -0.242895 0.222463 0.231732 0.947001 0.372876 0.185713 -0.125853 0.974511 0.377056 -0.982166 0.0058327 0.187925 -0.485022 -0.0293349 -0.992032 -0.122526 0.443296 
1535383173148 0.224789 0.933102 -0.280696 -0.641873 -0.94877 0.275242 0.155171 -0.24298 0.222049 0.231435 0.94717 0.372827 0.185397 -0.126891 0.974437 0.377058 -0.982255 0.00467047 0.187492 -0.485005 -0.0283422 -0.991906 -0.123773 0.44347 
1535383173368 0.224626 0.933273 -0.280259 -0.641915 -0.948905 0.274912 0.154927 -0.243064 0.221635 0.231139 0.94734 0.372778 0.185082 -0.127929 0.974361 0.377059 -0.982343 0.00350876 0.187058 -0.484987 -0.027349 -0.991777 -0.125021 0.443645 
1535383173552 0.224773 0.933077 -0.280792 -0.641868 -0.948764 0.275253 0.155189 -0.243 0.222092 0.231523 0.947139 0.372833 0.18528 -0.127187 0.97442 0.377025 -0.982284 0.00437972 0.187347 -0.485026 -0.0280958 -0.991869 -0.124122 0.443528 
1535383173569 0.225109 0.933078 -0.280518 -0.641854 -0.948749 0.275461 0.154908 -0.242993 0.221813 0.23127 0.947266 0.372801 0.185323 -0.126634 0.974484 0.377024 -0.982282 0.0042624 0.187359 -0.485084 -0.0278797 -0.99194 -0.1236 0.443444 
1535383173729 0.225445 0.93308 -0.280244 -0.641839 -0.948735 0.275668 0.154626 -0.242985 0.221533 0.231018 0.947393 0.37277 0.185366 -0.126079 0.974548 0.377024 -0.98228 0.00414472 0.187373 -0.485147 -0.0276631 -0.992012 -0.123077 0.443359 
1535383173779 0.225781 0.933081 -0.27997 -0.641824 -0.94872 0.275876 0.154344 -0.242978 0.221252 0.230765 0.94752 0.372738 0.18541 -0.125524 0.974611 0.377023 -0.982278 0.0040272 0.187387 -0.48521 -0.0274466 -0.992082 -0.122553 0.443275 
1535383173906 0.226116 0.933082 -0.279695 -0.64181 -0.948706 0.276083 0.154062 -0.242971 0.220972 0.230512 0.947647 0.372707 0.185453 -0.12497 0.974674 0.377023 -0.982276 0.00390978 0.187401 -0.485271 -0.0272302 -0.992153 -0.12203 0.443191 
1535383173946 0.226452 0.933083 -0.27942 -0.641795 -0.948691 0.276291 0.153781 -0.242963 0.220691 0.23026 0.947774 0.372675 0.185497 -0.124415 0.974737 0.377023 -0.982274 0.00379223 0.187415 -0.485334 -0.0270137 -0.992223 -0.121506 0.443106 
1535383174076 0.226787 0.933084 -0.279145 -0.64178 -0.948676 0.276498 0.153499 -0.242956 0.220411 0.230007 0.947901 0.372644 0.18554 -0.123861 0.974799 0.377022 -0.982271 0.0036748 0.187429 -0.485396 -0.0267973 -0.992293 -0.120983 0.443022 
1535383174126 0.227122 0.933085 -0.27887 -0.641765 -0.948661 0.276706 0.153217 -0.242948 0.22013 0.229754 0.948027 0.372612 0.185583 -0.123306 0.974861 0.377022 -0.982269 0.00355727 0.187443 -0.48546 -0.0265807 -0.992362 -0.12046 0.442938 
1535383174238 0.227458 0.933085 -0.278596 -0.641751 -0.948646 0.276914 0.152936 -0.242941 0.219849 0.229502 0.948154 0.372581 0.185626 -0.122751 0.974923 0.377022 -0.982267 0.00343984 0.187457 -0.485521 -0.0263642 -0.992431 -0.119936 0.442853 
1535383174305 0.227793 0.933085 -0.278321 -0.641736 -0.948631 0.277122 0.152654 -0.242933 0.219568 0.22925 0.94828 0.372549 0.185668 -0.122197 0.974985 0.377022 -0.982264 0.00332242 0.187471 -0.485583 -0.0261476 -0.9925 -0.119412 0.442769 
1535383174434 0.227081 0.933091 -0.278882 -0.641752 -0.948649 0.276692 0.153318 -0.242927 0.220224 0.229746 0.948008 0.372647 0.185627 -0.122906 0.974903 0.377024 -0.982265 0.00346076 0.187465 -0.485454 -0.0264144 -0.992412 -0.120083 0.442971 
1535383174455 0.22777 0.932952 -0.278785 -0.641564 -0.948531 0.277285 0.152976 -0.242827 0.220022 0.229593 0.948092 0.372696 0.185789 -0.12257 0.974915 0.377064 -0.982283 0.00163736 0.187399 -0.485567 -0.0245657 -0.992459 -0.120094 0.442913 
1535383174479 0.228459 0.932813 -0.278688 -0.641371 -0.948412 0.277881 0.152633 -0.242725 0.219819 0.22944 0.948175 0.372746 0.185951 -0.122234 0.974926 0.377104 -0.982296 -0.000185504 0.187333 -0.485681 -0.0227176 -0.992501 -0.120104 0.442855 
1535383174688 0.229149 0.932673 -0.27859 -0.641177 -0.948293 0.278476 0.152289 -0.242623 0.219617 0.229288 0.948259 0.372796 0.186113 -0.121897 0.974938 0.377144 -0.982307 -0.00200843 0.187268 -0.485795 -0.0208694 -0.992541 -0.120114 0.442797 
1535383174860 0.229838 0.932532 -0.278493 -0.640984 -0.948173 0.279071 0.151946 -0.242521 0.219414 0.229136 0.948343 0.372847 0.186274 -0.12156 0.974949 0.377185 -0.982314 -0.00383139 0.187203 -0.485908 -0.0190211 -0.992577 -0.120124 0.442739 
1535383175050 0.230527 0.932391 -0.278395 -0.640791 -0.948053 0.279666 0.151603 -0.242419 0.219211 0.228984 0.948426 0.372896 0.186435 -0.121223 0.97496 0.377225 -0.982317 -0.00565438 0.187139 -0.486022 -0.0171728 -0.992609 -0.120134 0.442681 
1535383175231 0.231217 0.93225 -0.278297 -0.640598 -0.947932 0.28026 0.15126 -0.242317 0.219008 0.228833 0.94851 0.372947 0.186595 -0.120886 0.974971 0.377265 -0.982317 -0.00747731 0.187073 -0.486136 -0.0153244 -0.992638 -0.120144 0.442624 
1535383175420 0.231905 0.932108 -0.278199 -0.640405 -0.94781 0.280855 0.150917 -0.242215 0.218805 0.228681 0.948593 0.372997 0.186754 -0.120548 0.974983 0.377305 -0.982314 -0.00930025 0.187008 -0.48625 -0.0134759 -0.992664 -0.120153 0.442566 
1535383175591 0.232594 0.931966 -0.2781 -0.640211 -0.947688 0.28145 0.150574 -0.242112 0.218602 0.22853 0.948677 0.373047 0.186913 -0.12021 0.974994 0.377345 -0.982308 -0.0111232 0.186943 -0.486363 -0.0116274 -0.992686 -0.120163 0.442508 
1535383175782 0.233283 0.931823 -0.278001 -0.640018 -0.947566 0.282045 0.150232 -0.242011 0.218398 0.228378 0.94876 0.373097 0.187071 -0.119872 0.975005 0.377386 -0.982298 -0.0129462 0.186878 -0.486477 -0.00977891 -0.992705 -0.120172 0.44245 
1535383176001 0.232828 0.931927 -0.278035 -0.640182 -0.947655 0.281638 0.150433 -0.242128 0.218498 0.228456 0.948718 0.373088 0.187017 -0.120076 0.97499 0.377369 -0.982294 -0.0116276 0.186986 -0.486405 -0.0111157 -0.992697 -0.120124 0.442474 
1535383176027 0.233057 0.93188 -0.277999 -0.639829 -0.94758 0.281871 0.150469 -0.242021 0.218579 0.228358 0.948723 0.373195 0.187436 -0.12113 0.974779 0.377428 -0.982226 -0.0130257 0.18725 -0.486549 -0.00998439 -0.992551 -0.121419 0.442587 
1535383176155 0.233287 0.931833 -0.277965 -0.639472 -0.947504 0.282106 0.150505 -0.241912 0.218661 0.228262 0.948728 0.373304 0.187858 -0.122184 0.974567 0.377488 -0.982156 -0.0144258 0.187512 -0.486695 -0.00885205 -0.992403 -0.122714 0.442699 
1535383176346 0.233517 0.931786 -0.27793 -0.639113 -0.947429 0.28234 0.150541 -0.241802 0.218743 0.228165 0.948732 0.373412 0.18828 -0.123237 0.974353 0.377547 -0.982085 -0.0158261 0.187772 -0.48684 -0.00772026 -0.992251 -0.124009 0.442812 
1535383176537 0.233747 0.931738 -0.277896 -0.638757 -0.947353 0.282574 0.150577 -0.241693 0.218824 0.228069 0.948736 0.37352 0.188703 -0.124289 0.974137 0.377606 -0.982012 -0.0172267 0.18803 -0.486985 -0.00658902 -0.992096 -0.125304 0.442924 
1535383176728 0.233977 0.931691 -0.277861 -0.638399 -0.947278 0.282809 0.150613 -0.241583 0.218906 0.227972 0.948741 0.373629 0.189128 -0.125341 0.97392 0.377666 -0.981937 -0.0186275 0.188287 -0.487131 -0.00545832 -0.991939 -0.1266 0.443037 
1535383176915 0.234207 0.931643 -0.277827 -0.63804 -0.947202 0.283043 0.150649 -0.241473 0.218988 0.227876 0.948745 0.373737 0.189553 -0.126391 0.973702 0.377725 -0.981861 -0.0200286 0.188542 -0.487276 -0.00432819 -0.991778 -0.127895 0.44315 
1535383177096 0.234436 0.931596 -0.277793 -0.637683 -0.947126 0.283277 0.150685 -0.241364 0.21907 0.227779 0.948749 0.373846 0.189981 -0.127441 0.973481 0.377785 -0.981783 -0.0214299 0.188795 -0.487421 -0.0031986 -0.991615 -0.129191 0.443262 
1535383177282 0.234666 0.931548 -0.277759 -0.637325 -0.94705 0.283512 0.150721 -0.241254 0.219152 0.227682 0.948754 0.373954 0.190408 -0.12849 0.97326 0.377844 -0.981703 -0.0228314 0.189046 -0.487566 -0.00206959 -0.991448 -0.130486 0.443375 
1535383177480 0.234896 0.9315 -0.277724 -0.636968 -0.946974 0.283746 0.150757 -0.241145 0.219234 0.227585 0.948758 0.374063 0.190838 -0.129538 0.973037 0.377903 -0.981621 -0.0242332 0.189295 -0.487711 -0.000941151 -0.991278 -0.131782 0.443487 
1535383177698 0.234693 0.931585 -0.277614 -0.63719 -0.947055 0.283502 0.15071 -0.241177 0.219103 0.227545 0.948798 0.374022 0.190643 -0.128697 0.973187 0.377915 -0.981658 -0.0230579 0.189253 -0.487532 -0.00191667 -0.991416 -0.130732 0.443364 
1535383177713 0.234676 0.931535 -0.277796 -0.636748 -0.946925 0.283654 0.151237 -0.241036 0.219681 0.22756 0.94866 0.374161 0.190327 -0.129572 0.973132 0.377953 -0.981711 -0.0206086 0.189261 -0.48761 -0.00446818 -0.991356 -0.131125 0.443354 
1535383177921 0.234659 0.931484 -0.27798 -0.6363 -0.946795 0.283807 0.151763 -0.240892 0.220258 0.227577 0.948523 0.374301 0.189979 -0.130411 0.973088 0.377995 -0.981763 -0.0181389 0.189242 -0.487675 -0.00702857 -0.991294 -0.131479 0.443342 
1535383178127 0.234643 0.931433 -0.278163 -0.635852 -0.946665 0.28396 0.15229 -0.240749 0.220835 0.227594 0.948385 0.37444 0.189629 -0.131249 0.973044 0.378036 -0.981809 -0.015669 0.189223 -0.487741 -0.0095888 -0.991226 -0.131833 0.443329 
1535383178342 0.234626 0.931383 -0.278347 -0.635405 -0.946534 0.284113 0.152816 -0.240605 0.221412 0.22761 0.948246 0.37458 0.189276 -0.132086 0.972999 0.378078 -0.981849 -0.0131989 0.189205 -0.487806 -0.0121488 -0.99115 -0.132187 0.443317 
1535383178547 0.234609 0.931332 -0.27853 -0.634957 -0.946404 0.284265 0.153342 -0.240462 0.221988 0.227627 0.948107 0.37472 0.188921 -0.132922 0.972955 0.37812 -0.981882 -0.0107289 0.189189 -0.487872 -0.0147086 -0.991068 -0.132541 0.443305 
1535383178767 0.234592 0.931281 -0.278713 -0.63451 -0.946272 0.284418 0.153867 -0.240318 0.222565 0.227643 0.947968 0.374859 0.188564 -0.133757 0.972909 0.378162 -0.981909 -0.00825878 0.189173 -0.487938 -0.0172682 -0.99098 -0.132895 0.443293 
1535383178985 0.234576 0.931231 -0.278897 -0.634062 -0.946141 0.284571 0.154393 -0.240175 0.223142 0.227659 0.947829 0.374999 0.188205 -0.134591 0.972864 0.378204 -0.98193 -0.0057885 0.189158 -0.488003 -0.0198276 -0.990884 -0.133249 0.443281 
1535383179196 0.234558 0.93118 -0.27908 -0.633615 -0.946009 0.284724 0.154919 -0.240031 0.223718 0.227675 0.947689 0.375139 0.187843 -0.135425 0.972818 0.378245 -0.981944 -0.00331823 0.189143 -0.488069 -0.0223866 -0.990782 -0.133603 0.443268 
1535383179400 0.234541 0.93113 -0.279264 -0.633168 -0.945877 0.284876 0.155445 -0.239888 0.224295 0.227691 0.947549 0.375278 0.18748 -0.136257 0.972772 0.378287 -0.981952 -0.00084793 0.18913 -0.488134 -0.0249454 -0.990673 -0.133957 0.443256 
1535383179637 0.234428 0.931227 -0.279034 -0.633411 -0.945996 0.284637 0.155157 -0.239901 0.22391 0.227592 0.947664 0.375265 0.187518 -0.135789 0.97283 0.37824 -0.981972 -0.00186849 0.189019 -0.488145 -0.0238489 -0.990736 -0.133691 0.443258 
1535383179661 0.234405 0.931113 -0.279432 -0.632956 -0.945887 0.284798 0.155525 -0.239749 0.224393 0.227856 0.947486 0.375436 0.187358 -0.135822 0.972856 0.37828 -0.98195 0.00021509 0.189139 -0.488216 -0.0258985 -0.990733 -0.133331 0.44316 
1535383179879 0.234382 0.930999 -0.279831 -0.632498 -0.945778 0.284959 0.155892 -0.239595 0.224875 0.22812 0.947308 0.375608 0.187208 -0.13584 0.972883 0.378319 -0.981924 0.00223483 0.18926 -0.488285 -0.0278834 -0.990728 -0.132966 0.443062 
1535383180091 0.234359 0.930885 -0.280229 -0.632039 -0.945669 0.28512 0.156259 -0.239441 0.225358 0.228384 0.94713 0.37578 0.187059 -0.135858 0.972909 0.378357 -0.981894 0.00425443 0.189381 -0.488353 -0.029868 -0.990719 -0.132602 0.442964 
1535383180297 0.234336 0.930771 -0.280628 -0.63158 -0.945559 0.285282 0.156625 -0.239287 0.22584 0.228648 0.946951 0.375952 0.186909 -0.135874 0.972935 0.378396 -0.981861 0.006274 0.1895 -0.488422 -0.0318524 -0.990706 -0.132237 0.442866 
1535383180515 0.234313 0.930657 -0.281027 -0.631121 -0.94545 0.285443 0.156992 -0.239133 0.226323 0.228911 0.946772 0.376124 0.186761 -0.135891 0.972961 0.378435 -0.981823 0.00829349 0.18962 -0.48849 -0.0338369 -0.990689 -0.131872 0.442768 
1535383180727 0.234289 0.930542 -0.281425 -0.630663 -0.94534 0.285605 0.157359 -0.238979 0.226805 0.229175 0.946593 0.376295 0.186611 -0.135907 0.972988 0.378474 -0.981781 0.010313 0.189738 -0.488558 -0.0358212 -0.990668 -0.131507 0.442671 
1535383180943 0.234265 0.930427 -0.281824 -0.630203 -0.94523 0.285767 0.157725 -0.238825 0.227288 0.229438 0.946413 0.376467 0.186462 -0.135924 0.973014 0.378513 -0.981735 0.0123324 0.189856 -0.488627 -0.0378055 -0.990643 -0.131141 0.442573 
1535383181166 0.234241 0.930313 -0.282222 -0.629745 -0.94512 0.285929 0.158092 -0.238671 0.22777 0.229702 0.946234 0.376639 0.186313 -0.135939 0.973041 0.378551 -0.981684 0.0143518 0.189973 -0.488695 -0.0397896 -0.990613 -0.130776 0.442475 
1535383181379 0.234217 0.930198 -0.28262 -0.629286 -0.94501 0.286091 0.158458 -0.238518 0.228252 0.229965 0.946053 0.376811 0.186163 -0.135955 0.973067 0.37859 -0.98163 0.0163712 0.190089 -0.488764 -0.0417737 -0.99058 -0.13041 0.442377 
1535383181637 0.234145 0.930302 -0.282338 -0.629503 -0.945099 0.285901 0.158265 -0.238532 0.227954 0.22978 0.94617 0.376775 0.186498 -0.136008 0.972996 0.378602 -0.981646 0.0143925 0.190168 -0.488615 -0.0398682 -0.990603 -0.130827 0.442458 
1535383181779 0.234176 0.930213 -0.282605 -0.629186 -0.945014 0.286055 0.158499 -0.238431 0.228278 0.229949 0.946051 0.376868 0.186947 -0.135375 0.972998 0.378637 -0.981609 0.0132303 0.190442 -0.488736 -0.0386543 -0.990706 -0.130412 0.442366 
1535383181952 0.234207 0.930124 -0.282873 -0.628864 -0.944928 0.286209 0.158733 -0.238327 0.228602 0.230118 0.945932 0.376961 0.187397 -0.134743 0.972999 0.378671 -0.981571 0.0120681 0.190719 -0.488859 -0.0374402 -0.990807 -0.129998 0.442274 
1535383182149 0.234238 0.930034 -0.283142 -0.628541 -0.944841 0.286363 0.158967 -0.238223 0.228926 0.230288 0.945812 0.377055 0.187846 -0.134109 0.973 0.378706 -0.98153 0.0109061 0.190996 -0.488982 -0.0362259 -0.990907 -0.129583 0.442182 
1535383182335 0.234268 0.929945 -0.28341 -0.628218 -0.944755 0.286518 0.159201 -0.238119 0.229251 0.230457 0.945692 0.377149 0.188294 -0.133475 0.973 0.378741 -0.981488 0.00974415 0.191274 -0.489105 -0.0350113 -0.991004 -0.12917 0.44209 
1535383182542 0.234299 0.929855 -0.283678 -0.627897 -0.944669 0.286672 0.159436 -0.238016 0.229575 0.230626 0.945572 0.377242 0.188742 -0.132841 0.973 0.378776 -0.981445 0.00858244 0.191551 -0.489227 -0.0337965 -0.9911 -0.128756 0.441998 
1535383182739 0.234329 0.929766 -0.283946 -0.627574 -0.944583 0.286826 0.15967 -0.237912 0.229899 0.230795 0.945452 0.377336 0.189189 -0.132206 0.973 0.378811 -0.9814 0.00742083 0.19183 -0.48935 -0.0325815 -0.991195 -0.128343 0.441906 
1535383182932 0.23436 0.929676 -0.284214 -0.627253 -0.944496 0.28698 0.159904 -0.237809 0.230223 0.230964 0.945332 0.37743 0.189634 -0.13157 0.973 0.378846 -0.981354 0.00625945 0.192109 -0.489472 -0.0313662 -0.991287 -0.12793 0.441814 
1535383183141 0.23439 0.929587 -0.284483 -0.62693 -0.94441 0.287135 0.160138 -0.237704 0.230547 0.231133 0.945212 0.377524 0.19008 -0.130934 0.972998 0.378881 -0.981306 0.00509819 0.192389 -0.489595 -0.0301507 -0.991378 -0.127517 0.441722 
1535383183388 0.23442 0.929497 -0.284751 -0.626608 -0.944323 0.287289 0.160372 -0.237601 0.230871 0.231302 0.945092 0.377617 0.190524 -0.130297 0.972997 0.378916 -0.981256 0.00393715 0.192669 -0.489717 -0.0289349 -0.991467 -0.127104 0.44163 
1535383183598 0.234361 0.929585 -0.28451 -0.626824 -0.944403 0.287125 0.160193 -0.237649 0.230603 0.231149 0.945194 0.377616 0.190312 -0.130736 0.97298 0.378942 -0.981274 0.00467635 0.192562 -0.489574 -0.0297249 -0.991406 -0.127398 0.441717 
1535383183634 0.234432 0.929547 -0.284577 -0.62658 -0.944412 0.287178 0.160046 -0.237535 0.230495 0.231238 0.945199 0.37768 0.190388 -0.129313 0.973155 0.378931 -0.98132 0.00284775 0.192364 -0.489636 -0.0276465 -0.9916 -0.126355 0.441562 
1535383183885 0.234504 0.929507 -0.284647 -0.62633 -0.94442 0.287233 0.159899 -0.237418 0.230387 0.231329 0.945203 0.377745 0.190444 -0.127911 0.973329 0.378919 -0.981363 0.00108637 0.192159 -0.489694 -0.0256366 -0.991785 -0.12532 0.441412 
1535383184104 0.234576 0.929468 -0.284716 -0.626081 -0.944429 0.287287 0.159752 -0.237302 0.23028 0.23142 0.945207 0.37781 0.190498 -0.126509 0.973502 0.378906 -0.981403 -0.000675357 0.191956 -0.489752 -0.0236266 -0.991965 -0.124285 0.441261 
1535383184350 0.234647 0.929429 -0.284786 -0.625832 -0.944437 0.287341 0.159605 -0.237185 0.230172 0.231511 0.945211 0.377876 0.190548 -0.125106 0.973673 0.378893 -0.98144 -0.00243738 0.191755 -0.48981 -0.0216165 -0.99214 -0.123248 0.441111 
1535383184556 0.234719 0.929389 -0.284855 -0.625584 -0.944446 0.287395 0.159458 -0.23707 0.230064 0.231602 0.945215 0.37794 0.190596 -0.123703 0.973843 0.37888 -0.981473 -0.00419963 0.191556 -0.489868 -0.0196062 -0.99231 -0.122211 0.44096 
1535383184759 0.234791 0.92935 -0.284924 -0.625334 -0.944454 0.287449 0.159311 -0.236953 0.229957 0.231693 0.945219 0.378006 0.190641 -0.1223 0.974012 0.378868 -0.981502 -0.00596221 0.191359 -0.489926 -0.0175958 -0.992475 -0.121174 0.440809 
1535383184978 0.234862 0.929311 -0.284994 -0.625086 -0.944462 0.287503 0.159164 -0.236837 0.229849 0.231784 0.945223 0.378071 0.190683 -0.120896 0.974179 0.378855 -0.981528 -0.00772501 0.191163 -0.489983 -0.0155853 -0.992635 -0.120136 0.440659 
1535383185184 0.234934 0.929271 -0.285063 -0.624836 -0.944471 0.287557 0.159016 -0.23672 0.229741 0.231875 0.945226 0.378136 0.190722 -0.119492 0.974344 0.378842 -0.98155 -0.00948805 0.190969 -0.490041 -0.0135747 -0.99279 -0.119097 0.440508 
1535383185373 0.235006 0.929232 -0.285132 -0.624587 -0.944479 0.287611 0.158869 -0.236604 0.229634 0.231966 0.94523 0.378201 0.190759 -0.118088 0.974508 0.37883 -0.981569 -0.0112514 0.190778 -0.490099 -0.011564 -0.992939 -0.118058 0.440358 
1535383185589 0.234875 0.929248 -0.285186 -0.624812 -0.944472 0.287535 0.159047 -0.236678 0.229795 0.231994 0.945184 0.378139 0.190644 -0.118832 0.97444 0.378802 -0.981581 -0.0105565 0.190753 -0.490108 -0.0123809 -0.992858 -0.118656 0.440509 
1535383185599 0.234987 0.929233 -0.285146 -0.624634 -0.94448 0.287599 0.158886 -0.236598 0.229649 0.231978 0.945223 0.378184 0.190358 -0.117925 0.974606 0.378778 -0.981627 -0.00961523 0.190566 -0.490157 -0.0131014 -0.992976 -0.117588 0.440354 
1535383185614 0.235098 0.929217 -0.285106 -0.62445 -0.944488 0.287662 0.158725 -0.236515 0.229504 0.231963 0.945262 0.378231 0.190073 -0.117016 0.974772 0.378753 -0.981673 -0.00867482 0.190377 -0.490206 -0.0138212 -0.993092 -0.11652 0.440199 
1535383185674 0.235209 0.929201 -0.285067 -0.624266 -0.944495 0.287726 0.158564 -0.236431 0.229358 0.231948 0.945301 0.378278 0.189788 -0.116107 0.974936 0.378729 -0.981717 -0.0077346 0.190187 -0.490254 -0.0145412 -0.993207 -0.115452 0.440044 
1535383185849 0.23532 0.929185 -0.285027 -0.624084 -0.944503 0.28779 0.158403 -0.236349 0.229213 0.231933 0.94534 0.378324 0.189503 -0.115197 0.975099 0.378705 -0.981761 -0.00679451 0.189996 -0.490303 -0.0152616 -0.993319 -0.114384 0.439889 
1535383185908 0.235431 0.929169 -0.284987 -0.6239 -0.94451 0.287853 0.158241 -0.236266 0.229068 0.231918 0.945379 0.37837 0.18922 -0.114287 0.975261 0.37868 -0.981805 -0.00585466 0.189804 -0.490352 -0.0159823 -0.993431 -0.113315 0.439734 
1535383186065 0.235543 0.929153 -0.284948 -0.623715 -0.944518 0.287917 0.15808 -0.236183 0.228922 0.231904 0.945418 0.378417 0.188937 -0.113377 0.975422 0.378656 -0.981847 -0.00491492 0.18961 -0.4904 -0.0167033 -0.99354 -0.112247 0.439578 
1535383186124 0.235654 0.929137 -0.284908 -0.623533 -0.944526 0.287981 0.157919 -0.2361 0.228777 0.231888 0.945457 0.378463 0.188655 -0.112466 0.975582 0.378631 -0.981889 -0.00397539 0.189416 -0.490449 -0.0174246 -0.993648 -0.111179 0.439423 
1535383186310 0.235765 0.929121 -0.284868 -0.623348 -0.944533 0.288045 0.157758 -0.236017 0.228631 0.231874 0.945496 0.37851 0.188373 -0.111555 0.975741 0.378607 -0.98193 -0.00303606 0.189221 -0.490498 -0.0181461 -0.993754 -0.110111 0.439268 
1535383186341 0.235876 0.929105 -0.284828 -0.623165 -0.944541 0.288108 0.157597 -0.235934 0.228485 0.231859 0.945535 0.378557 0.188092 -0.110644 0.975899 0.378583 -0.98197 -0.00209684 0.189024 -0.490547 -0.018868 -0.993858 -0.109043 0.439113 
1535383186548 0.235625 0.929175 -0.284807 -0.623398 -0.944568 0.2879 0.157813 -0.235937 0.228632 0.231835 0.945505 0.3785 0.188239 -0.111644 0.975757 0.378583 -0.981955 -0.00300799 0.18909 -0.490545 -0.0181758 -0.993744 -0.110196 0.439226 
1535383186566 0.235611 0.92919 -0.284768 -0.623202 -0.944537 0.287916 0.157971 -0.23586 0.228774 0.231754 0.945491 0.378547 0.1884 -0.110556 0.97585 0.378561 -0.981945 -0.00397391 0.189126 -0.49063 -0.0170312 -0.993862 -0.109309 0.439098 
1535383186738 0.235598 0.929205 -0.284729 -0.623002 -0.944506 0.287932 0.158128 -0.235782 0.228916 0.231674 0.945476 0.378595 0.18856 -0.109468 0.975942 0.378539 -0.981933 -0.00493946 0.189164 -0.490716 -0.0158867 -0.993978 -0.108421 0.438971 
1535383186922 0.235586 0.929221 -0.28469 -0.622802 -0.944474 0.287948 0.158285 -0.235703 0.229058 0.231593 0.945461 0.378642 0.188719 -0.108379 0.976032 0.378517 -0.98192 -0.00590494 0.189202 -0.490803 -0.014742 -0.994092 -0.107534 0.438843 
1535383187111 0.235573 0.929236 -0.284652 -0.622601 -0.944443 0.287964 0.158442 -0.235624 0.2292 0.231513 0.945447 0.37869 0.188876 -0.107289 0.976122 0.378495 -0.981907 -0.00687032 0.18924 -0.490889 -0.0135972 -0.994204 -0.106646 0.438716 
1535383187293 0.23556 0.929251 -0.284613 -0.622401 -0.944412 0.28798 0.158599 -0.235545 0.229342 0.231432 0.945432 0.378738 0.189033 -0.1062 0.976211 0.378474 -0.981892 -0.00783573 0.18928 -0.490976 -0.0124522 -0.994314 -0.105758 0.438588 
1535383187465 0.235548 0.929266 -0.284575 -0.622201 -0.944381 0.287996 0.158757 -0.235466 0.229483 0.231352 0.945417 0.378786 0.189188 -0.10511 0.976299 0.378452 -0.981876 -0.00880104 0.189321 -0.491062 -0.011307 -0.994422 -0.10487 0.43846 
1535383187656 0.235535 0.929281 -0.284536 -0.622 -0.944349 0.288012 0.158914 -0.235387 0.229625 0.231272 0.945402 0.378834 0.189342 -0.10402 0.976386 0.37843 -0.981859 -0.00976634 0.189362 -0.491148 -0.0101617 -0.994527 -0.103982 0.438333 
1535383187861 0.235522 0.929296 -0.284497 -0.6218 -0.944318 0.288028 0.159071 -0.235308 0.229767 0.231191 0.945388 0.378881 0.189494 -0.102929 0.976472 0.378408 -0.98184 -0.0107315 0.189405 -0.491235 -0.00901626 -0.994631 -0.103094 0.438205 
1535383188036 0.23551 0.929311 -0.284459 -0.621599 -0.944287 0.288044 0.159228 -0.235229 0.229909 0.231111 0.945373 0.378929 0.189645 -0.101839 0.976557 0.378387 -0.981821 -0.0116967 0.189448 -0.491321 -0.00787067 -0.994732 -0.102206 0.438078 
1535383188230 0.235497 0.929333 -0.284396 -0.621844 -0.944336 0.287975 0.159061 -0.235307 0.22972 0.231106 0.94542 0.378959 0.189499 -0.102497 0.976516 0.378407 -0.981843 -0.0110009 0.189378 -0.491287 -0.00866816 -0.994672 -0.102721 0.438128 
1535383188246 0.235471 0.929308 -0.284501 -0.62165 -0.944281 0.288029 0.159285 -0.235244 0.22997 0.231141 0.945351 0.37902 0.18916 -0.103124 0.976516 0.378395 -0.98188 -0.00829419 0.189323 -0.49136 -0.0114242 -0.994634 -0.102824 0.438148 
1535383188467 0.235446 0.929282 -0.284605 -0.621452 -0.944227 0.288084 0.159509 -0.235178 0.230219 0.231176 0.945281 0.379082 0.18882 -0.103749 0.976516 0.378382 -0.981909 -0.00558767 0.189269 -0.491432 -0.01418 -0.994588 -0.102927 0.438168 
1535383188673 0.235421 0.929256 -0.28471 -0.621253 -0.944172 0.288139 0.159732 -0.235112 0.230468 0.231211 0.945212 0.379144 0.188478 -0.104373 0.976515 0.378369 -0.981931 -0.00288102 0.189216 -0.491504 -0.0169357 -0.994534 -0.10303 0.438188 
1535383188896 0.235396 0.92923 -0.284815 -0.621054 -0.944118 0.288194 0.159956 -0.235046 0.230718 0.231246 0.945143 0.379206 0.188135 -0.104997 0.976515 0.378357 -0.981946 -0.0001743 0.189163 -0.491576 -0.0196912 -0.994473 -0.103134 0.438208 
1535383189102 0.235371 0.929205 -0.28492 -0.620855 -0.944063 0.288249 0.160179 -0.23498 0.230967 0.231281 0.945073 0.379269 0.18779 -0.105619 0.976514 0.378344 -0.981953 0.00253239 0.18911 -0.491648 -0.0224465 -0.994403 -0.103237 0.438228 
1535383189321 0.235345 0.929179 -0.285025 -0.620655 -0.944008 0.288305 0.160402 -0.234914 0.231216 0.231316 0.945004 0.379331 0.187443 -0.106241 0.976513 0.378332 -0.981952 0.00523917 0.189057 -0.49172 -0.0252017 -0.994327 -0.103341 0.438247 
1535383189512 0.23532 0.929153 -0.285129 -0.620457 -0.943954 0.28836 0.160625 -0.234849 0.231465 0.231351 0.944934 0.379393 0.187094 -0.106861 0.976512 0.378319 -0.981944 0.0079459 0.189005 -0.491793 -0.0279565 -0.994242 -0.103445 0.438267 
1535383189718 0.235295 0.929128 -0.285234 -0.620259 -0.943899 0.288414 0.160849 -0.234783 0.231715 0.231385 0.944865 0.379455 0.186744 -0.107481 0.976511 0.378306 -0.981928 0.0106526 0.188953 -0.491865 -0.0307111 -0.99415 -0.103549 0.438287 
1535383189932 0.235269 0.929102 -0.285339 -0.620059 -0.943844 0.28847 0.161072 -0.234717 0.231964 0.23142 0.944795 0.379517 0.186392 -0.108099 0.97651 0.378294 -0.981905 0.0133593 0.188901 -0.491937 -0.0334655 -0.99405 -0.103653 0.438307 
1535383190157 0.23509 0.929201 -0.285163 -0.620327 -0.943994 0.288163 0.160742 -0.234704 0.231535 0.231403 0.944904 0.379479 0.186494 -0.107778 0.976526 0.378272 -0.981933 0.0119828 0.188849 -0.491939 -0.0320553 -0.994103 -0.103596 0.438323 
1535383190179 0.235345 0.929219 -0.284893 -0.620032 -0.943949 0.288341 0.160687 -0.234597 0.23146 0.231108 0.944995 0.379546 0.185856 -0.109662 0.976438 0.378282 -0.982005 0.013172 0.188395 -0.491987 -0.0335214 -0.993882 -0.105241 0.438524 
1535383190377 0.235599 0.929237 -0.284625 -0.619732 -0.943904 0.288519 0.160631 -0.234487 0.231384 0.230814 0.945085 0.379615 0.185214 -0.111545 0.976347 0.378292 -0.982075 0.0143619 0.187942 -0.492034 -0.0349862 -0.993656 -0.106886 0.438725 
1535383190586 0.235853 0.929255 -0.284357 -0.619433 -0.943859 0.288697 0.160575 -0.234378 0.231308 0.230521 0.945175 0.379683 0.18457 -0.113427 0.976252 0.378303 -0.982143 0.0155527 0.18749 -0.492081 -0.0364499 -0.993425 -0.108531 0.438926 
1535383190806 0.236107 0.929272 -0.284089 -0.619133 -0.943814 0.288875 0.160519 -0.234268 0.231232 0.230227 0.945266 0.379752 0.183922 -0.115308 0.976154 0.378313 -0.982209 0.0167443 0.187041 -0.492128 -0.0379124 -0.993189 -0.110177 0.439127 
1535383191015 0.236362 0.92929 -0.283821 -0.618832 -0.943769 0.289053 0.160463 -0.234158 0.231156 0.229934 0.945356 0.37982 0.183272 -0.117188 0.976052 0.378323 -0.982273 0.0179367 0.186594 -0.492175 -0.0393738 -0.992948 -0.111824 0.439328 
1535383191232 0.236616 0.929307 -0.283552 -0.618533 -0.943724 0.28923 0.160407 -0.234049 0.23108 0.22964 0.945446 0.379888 0.182619 -0.119067 0.975947 0.378333 -0.982335 0.01913 0.186148 -0.492222 -0.040834 -0.992702 -0.11347 0.439529 
1535383191448 0.23687 0.929324 -0.283284 -0.618233 -0.943679 0.289409 0.160351 -0.233939 0.231003 0.229347 0.945536 0.379957 0.181963 -0.120944 0.975839 0.378343 -0.982395 0.020324 0.185705 -0.492269 -0.042293 -0.992451 -0.115117 0.43973 
1535383191664 0.237124 0.929341 -0.283016 -0.617934 -0.943634 0.289586 0.160296 -0.23383 0.230927 0.229053 0.945625 0.380025 0.181304 -0.122821 0.975727 0.378353 -0.982453 0.021519 0.185263 -0.492316 -0.0437508 -0.992196 -0.116764 0.439931 
1535383191881 0.237378 0.929358 -0.282747 -0.617633 -0.943589 0.289764 0.16024 -0.23372 0.23085 0.22876 0.945715 0.380094 0.180643 -0.124696 0.975612 0.378363 -0.982509 0.0227147 0.184823 -0.492363 -0.0452074 -0.991935 -0.118412 0.440132 
1535383192116 0.237254 0.929351 -0.282874 -0.617848 -0.943611 0.289676 0.160267 -0.233823 0.230886 0.228899 0.945673 0.380087 0.180793 -0.123844 0.975693 0.37834 -0.9825 0.0224506 0.184904 -0.492388 -0.0448041 -0.992048 -0.117618 0.440046 
1535383192120 0.23742 0.929307 -0.282879 -0.617488 -0.943527 0.289878 0.160398 -0.233703 0.231059 0.228823 0.945649 0.380175 0.18069 -0.123961 0.975697 0.378348 -0.982532 0.0221637 0.184772 -0.492478 -0.0445295 -0.99204 -0.117791 0.440046 
1535383192145 0.237587 0.929262 -0.282885 -0.617124 -0.943443 0.29008 0.160527 -0.233582 0.231231 0.228747 0.945625 0.380264 0.180588 -0.124078 0.975701 0.378357 -0.982563 0.0218763 0.18464 -0.492569 -0.0442544 -0.992031 -0.117963 0.440045 
1535383192385 0.237753 0.929218 -0.282891 -0.61676 -0.943359 0.290282 0.160657 -0.23346 0.231403 0.228672 0.945601 0.380352 0.180485 -0.124194 0.975705 0.378366 -0.982594 0.0215889 0.184508 -0.492659 -0.0439791 -0.992023 -0.118136 0.440045 
1535383192595 0.23792 0.929173 -0.282898 -0.616395 -0.943275 0.290484 0.160786 -0.233338 0.231575 0.228596 0.945577 0.380441 0.180383 -0.124311 0.975709 0.378374 -0.982625 0.0213014 0.184376 -0.492749 -0.0437039 -0.992015 -0.118309 0.440045 
