1533739916680 0.265697 0.859408 -0.436832 -0.521076 -0.948385 0.314374 0.0416461 -0.189181 0.17312 0.403219 0.898579 0.369362 0.16008 -0.304787 0.938871 0.370831 -0.775623 0.549475 0.310623 -0.528794 -0.61056 -0.777934 -0.14844 0.432481 
1533739916690 0.248571 0.836958 -0.487559 -0.531262 -0.948941 0.311354 0.0506838 -0.18978 0.194224 0.450067 0.871617 0.37742 0.31622 -0.384863 0.867113 0.400795 -0.930002 -0.306262 0.203222 -0.504304 0.187352 -0.87068 -0.454769 0.485867 
1533739917908 0.230253 0.811825 -0.536585 -0.541444 -0.949239 0.308803 0.059876 -0.190376 0.214308 0.495561 0.841719 0.385473 0.31622 -0.384863 0.867113 0.400795 -0.930002 -0.306262 0.203222 -0.504305 0.187352 -0.87068 -0.454769 0.485867 
1533739918922 0.210808 0.784097 -0.58374 -0.551625 -0.949278 0.306729 0.0691917 -0.190971 0.233303 0.539546 0.808987 0.39352 0.31622 -0.384863 0.867113 0.400797 -0.930002 -0.306262 0.203222 -0.504307 0.187351 -0.87068 -0.45477 0.485868 
1533739919935 0.190301 0.753866 -0.628865 -0.561807 -0.949058 0.305141 0.0786006 -0.191567 0.251147 0.581872 0.773531 0.401574 0.31622 -0.384863 0.867113 0.400795 -0.930002 -0.306262 0.203222 -0.504305 0.187352 -0.87068 -0.454769 0.485867 
1533739920818 0.168802 0.721237 -0.671806 -0.57199 -0.948579 0.304043 0.0880694 -0.192163 0.267777 0.622394 0.735473 0.409627 0.31622 -0.384863 0.867113 0.400795 -0.930002 -0.306262 0.203222 -0.504304 0.187351 -0.87068 -0.454769 0.485867 
1533739921717 0.146379 0.686327 -0.71241 -0.58218 -0.947843 0.303437 0.0975731 -0.192773 0.283138 0.66097 0.694947 0.417672 0.31622 -0.384863 0.867113 0.400795 -0.930002 -0.306262 0.203222 -0.504304 0.187351 -0.87068 -0.454769 0.485867 
1533739922693 0.123104 0.649266 -0.750533 -0.592393 -0.946852 0.30332 0.10709 -0.19342 0.297182 0.69746 0.652098 0.425694 0.31622 -0.384863 0.867113 0.400795 -0.930002 -0.306262 0.203222 -0.504304 0.187351 -0.87068 -0.454769 0.485867 
1533739923728 0.0990503 0.610185 -0.786043 -0.602635 -0.945609 0.303693 0.116592 -0.194111 0.309859 0.731741 0.607078 0.433692 0.31622 -0.384863 0.867113 0.400795 -0.930002 -0.306262 0.203222 -0.504304 0.187351 -0.87068 -0.454769 0.485867 
1533739924823 0.0732135 0.570657 -0.817918 -0.614883 -0.944072 0.30404 0.127621 -0.19802 0.321507 0.762831 0.561001 0.43991 0.316225 -0.384867 0.86711 0.400813 -0.930002 -0.30626 0.203228 -0.504337 0.187345 -0.870679 -0.454774 0.485882 
1533739925819 0.0738564 0.571778 -0.817077 -0.614505 -0.944389 0.303351 0.126916 -0.198105 0.32043 0.762265 0.562385 0.440071 0.316225 -0.384867 0.86711 0.400813 -0.930002 -0.30626 0.203228 -0.504337 0.187345 -0.870679 -0.454774 0.485882 
1533739925830 0.0714093 0.567316 -0.820398 -0.615349 -0.944198 0.303594 0.127755 -0.197816 0.321545 0.765495 0.557338 0.441049 0.31622 -0.384863 0.867113 0.400795 -0.930002 -0.306262 0.203222 -0.504304 0.187351 -0.87068 -0.45477 0.485867 
1533739926238 0.0689587 0.562832 -0.82369 -0.616188 -0.944005 0.303843 0.128587 -0.197518 0.322645 0.7687 0.552269 0.442033 0.31622 -0.384863 0.867113 0.400795 -0.930002 -0.306262 0.203222 -0.504304 0.187351 -0.87068 -0.45477 0.485867 
1533739926650 0.0665013 0.558329 -0.82695 -0.617027 -0.943809 0.304097 0.129417 -0.197221 0.323731 0.771877 0.547179 0.443016 0.31622 -0.384863 0.867113 0.400795 -0.930002 -0.306262 0.203222 -0.504304 0.187351 -0.87068 -0.45477 0.485867 
1533739927059 0.0640372 0.553807 -0.830179 -0.617867 -0.943612 0.304355 0.130246 -0.196925 0.324801 0.775026 0.542069 0.443998 0.31622 -0.384863 0.867113 0.400795 -0.930002 -0.306262 0.203222 -0.504304 0.187351 -0.87068 -0.45477 0.485867 
1533739927466 0.0615673 0.549266 -0.833377 -0.618706 -0.943413 0.304618 0.131073 -0.196627 0.325856 0.778148 0.536939 0.444981 0.31622 -0.384863 0.867113 0.400795 -0.930002 -0.306262 0.203222 -0.504304 0.187351 -0.87068 -0.45477 0.485867 
1533739927878 0.0590909 0.544706 -0.836543 -0.619545 -0.943211 0.304886 0.131897 -0.19633 0.326895 0.781243 0.531789 0.445964 0.31622 -0.384863 0.867113 0.400795 -0.930002 -0.306262 0.203222 -0.504304 0.187351 -0.87068 -0.45477 0.485867 
1533739928286 0.0566082 0.540128 -0.839677 -0.620385 -0.943008 0.305158 0.132721 -0.196033 0.32792 0.784309 0.526619 0.446947 0.31622 -0.384863 0.867113 0.400795 -0.930002 -0.306262 0.203222 -0.504304 0.187351 -0.87068 -0.45477 0.485867 
1533739928689 0.0541198 0.535531 -0.84278 -0.621224 -0.942802 0.305435 0.133541 -0.195735 0.32893 0.787348 0.52143 0.44793 0.31622 -0.384863 0.867113 0.400795 -0.930002 -0.306262 0.203222 -0.504304 0.187351 -0.87068 -0.45477 0.485867 
1533739929097 0.0516252 0.530916 -0.84585 -0.622064 -0.942595 0.305716 0.13436 -0.195439 0.329924 0.790358 0.516222 0.448913 0.31622 -0.384863 0.867113 0.400795 -0.930002 -0.306262 0.203222 -0.504304 0.187351 -0.87068 -0.45477 0.485867 
1533739929528 0.0518654 0.531393 -0.845536 -0.621946 -0.942794 0.305256 0.134012 -0.195554 0.329318 0.790216 0.516826 0.448867 0.31622 -0.384863 0.867113 0.400795 -0.930002 -0.306262 0.203222 -0.504304 0.187351 -0.87068 -0.45477 0.485867 
1533739929540 0.0528517 0.532087 -0.845039 -0.621958 -0.942568 0.30606 0.133762 -0.195476 0.329806 0.789437 0.517704 0.448692 0.31622 -0.384863 0.867113 0.400795 -0.930002 -0.306262 0.203222 -0.504304 0.187351 -0.87068 -0.45477 0.485867 
1533739929708 0.0538362 0.532784 -0.844537 -0.621974 -0.942342 0.306863 0.133516 -0.195406 0.330292 0.788655 0.518585 0.448514 0.31622 -0.384863 0.867113 0.400795 -0.930002 -0.306262 0.203222 -0.504304 0.187351 -0.87068 -0.45477 0.485867 
1533739929864 0.054821 0.533479 -0.844035 -0.621991 -0.942115 0.307666 0.133271 -0.195335 0.330778 0.787872 0.519465 0.448335 0.31622 -0.384863 0.867113 0.400795 -0.930002 -0.306262 0.203222 -0.504304 0.187351 -0.87068 -0.45477 0.485867 
1533739930021 0.0558063 0.534173 -0.843531 -0.622007 -0.941887 0.308469 0.133027 -0.195265 0.331263 0.787087 0.520345 0.448157 0.31622 -0.384863 0.867113 0.400795 -0.930002 -0.306262 0.203222 -0.504304 0.187351 -0.87068 -0.45477 0.485867 
1533739930027 0.0567918 0.534865 -0.843027 -0.622024 -0.941658 0.309272 0.132784 -0.195195 0.331746 0.786301 0.521224 0.447978 0.31622 -0.384863 0.867113 0.400795 -0.930002 -0.306262 0.203222 -0.504304 0.187351 -0.87068 -0.45477 0.485867 
1533739930248 0.057778 0.535556 -0.842521 -0.62204 -0.941428 0.310075 0.132541 -0.195124 0.332228 0.785515 0.522103 0.4478 0.31622 -0.384863 0.867113 0.400795 -0.930002 -0.306262 0.203222 -0.504304 0.187351 -0.87068 -0.45477 0.485867 
1533739930406 0.0587645 0.536246 -0.842014 -0.622057 -0.941197 0.310878 0.132299 -0.195053 0.332708 0.784726 0.522982 0.447622 0.31622 -0.384863 0.867113 0.400795 -0.930002 -0.306262 0.203222 -0.504304 0.187351 -0.87068 -0.45477 0.485867 
1533739930558 0.0597513 0.536934 -0.841506 -0.622073 -0.940965 0.311681 0.132059 -0.194983 0.333188 0.783937 0.52386 0.447443 0.31622 -0.384863 0.867113 0.400795 -0.930002 -0.306262 0.203222 -0.504304 0.187351 -0.87068 -0.45477 0.485867 
1533739930713 0.0607385 0.537621 -0.840996 -0.62209 -0.940733 0.312483 0.131819 -0.194912 0.333666 0.783146 0.524737 0.447264 0.31622 -0.384863 0.867113 0.400795 -0.930002 -0.306262 0.203222 -0.504304 0.187351 -0.87068 -0.45477 0.485867 
1533739930958 0.0602492 0.537396 -0.841175 -0.622043 -0.940824 0.312124 0.132019 -0.194928 0.333498 0.783443 0.524401 0.447414 0.31622 -0.384863 0.867113 0.400795 -0.930002 -0.306262 0.203222 -0.504304 0.187351 -0.87068 -0.45477 0.485867 
1533739930970 0.0611143 0.537676 -0.840934 -0.622081 -0.940719 0.312645 0.131533 -0.194889 0.333636 0.783044 0.524909 0.447333 0.31622 -0.384863 0.867113 0.400795 -0.930002 -0.306262 0.203222 -0.504304 0.187351 -0.87068 -0.45477 0.485867 
1533739930986 0.0619833 0.537951 -0.840694 -0.622115 -0.940614 0.313167 0.131042 -0.194843 0.333772 0.782646 0.525416 0.447256 0.31622 -0.384863 0.867113 0.400795 -0.930002 -0.306262 0.203222 -0.504304 0.187351 -0.87068 -0.45477 0.485867 
1533739931155 0.0628524 0.538226 -0.840454 -0.622148 -0.940508 0.31369 0.130552 -0.194796 0.333908 0.782248 0.525922 0.447179 0.31622 -0.384863 0.867113 0.400795 -0.930002 -0.306262 0.203222 -0.504304 0.187351 -0.87068 -0.45477 0.485867 
1533739931171 0.0637213 0.5385 -0.840213 -0.622181 -0.940401 0.314212 0.130062 -0.194749 0.334044 0.781849 0.526428 0.447102 0.31622 -0.384863 0.867113 0.400795 -0.930002 -0.306262 0.203222 -0.504304 0.187351 -0.87068 -0.45477 0.485867 
1533739931299 0.0645905 0.538773 -0.839971 -0.622214 -0.940294 0.314735 0.129572 -0.194702 0.334178 0.781451 0.526934 0.447025 0.31622 -0.384863 0.867113 0.400795 -0.930002 -0.306262 0.203222 -0.504304 0.187351 -0.87068 -0.45477 0.485867 
