1535379654718 0.213509 0.91944 -0.330218 -0.47248 -0.943722 0.281504 0.173622 -0.171324 0.252593 0.274564 0.927799 0.474361 0.126685 -0.00190848 0.991941 0.373296 -0.984261 0.123975 0.125942 -0.493106 -0.123216 -0.992283 0.0138273 0.42204 
1535379654742 0.217583 0.920233 -0.325314 -0.48894 -0.943193 0.283979 0.172463 -0.178316 0.251089 0.269309 0.929746 0.464252 0.129646 -0.0136885 0.991466 0.374149 -0.98355 0.125069 0.130338 -0.492168 -0.125785 -0.992054 0.00275134 0.423777 
1535379655620 0.221646 0.920988 -0.320396 -0.505402 -0.942652 0.286458 0.171317 -0.18531 0.249561 0.26405 0.931664 0.454142 0.132575 -0.0254697 0.990846 0.375002 -0.982823 0.12611 0.134743 -0.491231 -0.128387 -0.991689 -0.00831327 0.425514 
1535379656067 0.225699 0.921707 -0.315463 -0.521865 -0.9421 0.288939 0.170184 -0.192305 0.248009 0.258787 0.933553 0.444032 0.135471 -0.0372504 0.990081 0.375855 -0.98208 0.127097 0.139158 -0.490293 -0.13102 -0.991191 -0.0193649 0.427251 
1535379656569 0.22974 0.922388 -0.310515 -0.538329 -0.941536 0.291424 0.169065 -0.1993 0.246435 0.25352 0.935413 0.433921 0.138335 -0.049029 0.989171 0.376708 -0.981321 0.128032 0.143583 -0.489355 -0.133686 -0.990557 -0.0304019 0.428988 
1535379657050 0.233771 0.923032 -0.305554 -0.554792 -0.94096 0.293912 0.167958 -0.206295 0.244837 0.248251 0.937244 0.423811 0.141164 -0.0608035 0.988117 0.377561 -0.980547 0.128914 0.148015 -0.488417 -0.136382 -0.98979 -0.0414226 0.430725 
1535379657904 0.237792 0.923638 -0.30058 -0.571254 -0.940373 0.296403 0.166865 -0.213289 0.243216 0.242978 0.939046 0.413701 0.143958 -0.0725723 0.986919 0.378414 -0.979757 0.129743 0.152454 -0.48748 -0.139109 -0.988888 -0.0524257 0.432463 
1535379659346 0.241801 0.924206 -0.295592 -0.587716 -0.939774 0.298898 0.165785 -0.220284 0.241572 0.237703 0.940819 0.403591 0.146719 -0.0843337 0.985577 0.379267 -0.978952 0.130518 0.156901 -0.486542 -0.141867 -0.987853 -0.0634092 0.4342 
1535379660411 0.245799 0.924738 -0.290591 -0.604179 -0.939164 0.301395 0.164719 -0.227279 0.239904 0.232425 0.942563 0.393481 0.149445 -0.096086 0.98409 0.38012 -0.978131 0.131239 0.161354 -0.485604 -0.144655 -0.986683 -0.0743717 0.435937 
1535379660855 0.249785 0.925231 -0.285577 -0.620642 -0.938542 0.303895 0.163666 -0.234273 0.238214 0.227145 0.944277 0.383371 0.152136 -0.107828 0.98246 0.380973 -0.977295 0.131908 0.165813 -0.484667 -0.147473 -0.98538 -0.0853115 0.437674 
1535379661470 0.246704 0.924371 -0.29099 -0.603936 -0.938896 0.302358 0.164478 -0.227512 0.240022 0.232632 0.942482 0.394045 0.151701 -0.106469 0.982675 0.380785 -0.977427 0.131744 0.165165 -0.484777 -0.147047 -0.98555 -0.0840801 0.437681 
1535379662508 0.247412 0.924509 -0.28995 -0.607248 -0.938799 0.302762 0.164291 -0.228885 0.239674 0.231557 0.942835 0.391967 0.154973 -0.107171 0.982088 0.380862 -0.978019 0.123738 0.167834 -0.485061 -0.139509 -0.986511 -0.0856388 0.438065 
1535379662838 0.248119 0.924646 -0.288908 -0.610566 -0.938702 0.303165 0.164104 -0.230261 0.239325 0.230481 0.943187 0.389889 0.15824 -0.107789 0.9815 0.380937 -0.978545 0.115713 0.170472 -0.485346 -0.131948 -0.987417 -0.0871662 0.438449 
1535379663493 0.248826 0.924781 -0.287865 -0.613884 -0.938604 0.303569 0.163918 -0.231637 0.238975 0.229404 0.943539 0.38781 0.161511 -0.108381 0.980902 0.381012 -0.979001 0.10768 0.173095 -0.485632 -0.124383 -0.98826 -0.088714 0.438832 
1535379664241 0.249532 0.924915 -0.286821 -0.617201 -0.938505 0.303973 0.163732 -0.233013 0.238624 0.228327 0.943888 0.385732 0.164784 -0.108946 0.980294 0.381086 -0.979388 0.0996375 0.175705 -0.485917 -0.116816 -0.989042 -0.0902819 0.439216 
1535379664575 0.250238 0.925047 -0.285777 -0.620519 -0.938407 0.304377 0.163546 -0.234389 0.238272 0.22725 0.944237 0.383653 0.16806 -0.109484 0.979678 0.381161 -0.979704 0.0915878 0.1783 -0.486202 -0.109248 -0.98976 -0.0918698 0.439599 
1535379664913 0.250943 0.925178 -0.284733 -0.623836 -0.938308 0.30478 0.163362 -0.235765 0.23792 0.226173 0.944585 0.381575 0.171339 -0.109995 0.979053 0.381236 -0.979951 0.083531 0.180881 -0.486488 -0.101677 -0.990416 -0.0934778 0.439983 
1535379665266 0.251648 0.925308 -0.283688 -0.627154 -0.938209 0.305185 0.163177 -0.237141 0.237566 0.225095 0.944931 0.379496 0.17462 -0.110479 0.978418 0.38131 -0.980129 0.0754677 0.183447 -0.486773 -0.094106 -0.991009 -0.0951055 0.440366 
1535379665980 0.252352 0.925436 -0.282643 -0.63047 -0.938109 0.305589 0.162993 -0.238516 0.237212 0.224018 0.945276 0.377418 0.177904 -0.110936 0.977775 0.381385 -0.980236 0.0673985 0.185998 -0.487058 -0.0865344 -0.99154 -0.096753 0.44075 
1535379666470 0.253056 0.925562 -0.281597 -0.633788 -0.938009 0.305993 0.162809 -0.239892 0.236857 0.22294 0.94562 0.375339 0.181189 -0.111366 0.977122 0.381459 -0.980273 0.0593238 0.188534 -0.487344 -0.0789629 -0.992007 -0.0984201 0.441133 
1535379667013 0.253735 0.925246 -0.282027 -0.633545 -0.937799 0.306743 0.162609 -0.240112 0.236963 0.223225 0.945526 0.375617 0.180577 -0.111329 0.97724 0.381409 -0.980259 0.0609768 0.188082 -0.487274 -0.0805278 -0.991911 -0.0981197 0.441054 
1535379667156 0.253113 0.925115 -0.283013 -0.633909 -0.937763 0.306514 0.163248 -0.240326 0.237771 0.224079 0.945121 0.37548 0.181937 -0.111659 0.97695 0.381488 -0.980373 0.0561382 0.188991 -0.487426 -0.0759467 -0.99216 -0.0992538 0.441243 
1535379667412 0.252488 0.924984 -0.283998 -0.634278 -0.937726 0.306285 0.163887 -0.240542 0.238578 0.224933 0.944715 0.375341 0.183299 -0.111981 0.976658 0.381568 -0.980463 0.0512979 0.189895 -0.487581 -0.0713653 -0.992385 -0.100391 0.441432 
1535379667692 0.251863 0.924851 -0.284983 -0.634648 -0.937689 0.306056 0.164527 -0.240758 0.239384 0.225787 0.944307 0.375203 0.184663 -0.112297 0.976365 0.381648 -0.98053 0.0464563 0.190794 -0.487736 -0.0667839 -0.992588 -0.101532 0.441621 
1535379667976 0.251237 0.924718 -0.285967 -0.635017 -0.937651 0.305828 0.165166 -0.240974 0.240189 0.226641 0.943898 0.375064 0.186028 -0.112606 0.97607 0.381729 -0.980574 0.0416132 0.191687 -0.487891 -0.0622025 -0.992768 -0.102677 0.441811 
1535379668245 0.250611 0.924583 -0.28695 -0.635385 -0.937612 0.305601 0.165806 -0.24119 0.240994 0.227495 0.943487 0.374926 0.187393 -0.112908 0.975774 0.381808 -0.980593 0.0367691 0.192573 -0.488045 -0.0576214 -0.992925 -0.103827 0.442 
1535379668411 0.249983 0.924448 -0.287933 -0.635755 -0.937573 0.305374 0.166446 -0.241406 0.241798 0.228349 0.943075 0.374788 0.188761 -0.113203 0.975476 0.381889 -0.98059 0.0319236 0.193455 -0.4882 -0.0530405 -0.993059 -0.10498 0.442189 
1535379668490 0.249354 0.924311 -0.288915 -0.636123 -0.937532 0.305148 0.167086 -0.241622 0.242601 0.229203 0.942661 0.374649 0.190128 -0.113492 0.975177 0.381968 -0.980563 0.0270774 0.19433 -0.488355 -0.04846 -0.99317 -0.106138 0.442378 
1535379668821 0.248725 0.924173 -0.289896 -0.636493 -0.937492 0.304922 0.167726 -0.241839 0.243404 0.230057 0.942246 0.374511 0.191498 -0.113774 0.974876 0.382049 -0.980512 0.02223 0.1952 -0.488509 -0.0438801 -0.993258 -0.107299 0.442567 
1535379668984 0.248095 0.924035 -0.290876 -0.636862 -0.93745 0.304696 0.168366 -0.242054 0.244205 0.230911 0.94183 0.374372 0.192869 -0.114049 0.974574 0.382129 -0.980437 0.0173821 0.196063 -0.488664 -0.0393008 -0.993323 -0.108465 0.442757 
1535379669078 0.249062 0.924263 -0.28932 -0.63626 -0.937539 0.30501 0.167302 -0.241739 0.242877 0.22958 0.942499 0.374591 0.190987 -0.11375 0.974979 0.381991 -0.980539 0.0238914 0.194864 -0.488447 -0.0454595 -0.993222 -0.106974 0.442435 
1535379669323 0.24841 0.924423 -0.289369 -0.636382 -0.937672 0.304435 0.167602 -0.241906 0.24303 0.2297 0.94243 0.374593 0.191799 -0.114888 0.974686 0.382024 -0.980472 0.0215368 0.195476 -0.488538 -0.0434495 -0.993145 -0.108514 0.442652 
1535379669360 0.247759 0.924583 -0.289417 -0.636509 -0.937805 0.30386 0.167903 -0.242075 0.243183 0.229818 0.942362 0.374595 0.192615 -0.116024 0.974391 0.382057 -0.980399 0.019181 0.196087 -0.488631 -0.0414406 -0.993061 -0.110055 0.442869 
1535379669567 0.247107 0.924742 -0.289465 -0.636637 -0.937937 0.303285 0.168205 -0.242245 0.243336 0.229935 0.942294 0.374596 0.193435 -0.117158 0.974093 0.382091 -0.98032 0.0168241 0.196695 -0.488725 -0.0394326 -0.992971 -0.111598 0.443086 
1535379669822 0.246455 0.924901 -0.289513 -0.636763 -0.938069 0.302709 0.168506 -0.242413 0.243489 0.230054 0.942225 0.374598 0.194255 -0.118289 0.973793 0.382124 -0.980237 0.0144668 0.197298 -0.488818 -0.0374258 -0.992874 -0.113141 0.443304 
1535379670013 0.245803 0.92506 -0.28956 -0.636891 -0.9382 0.302134 0.168807 -0.242583 0.243642 0.230172 0.942157 0.3746 0.195078 -0.119418 0.97349 0.382158 -0.980148 0.0121085 0.197898 -0.488911 -0.0354202 -0.99277 -0.114686 0.443521 
1535379670140 0.245151 0.925218 -0.289607 -0.637019 -0.938331 0.301559 0.169108 -0.242752 0.243795 0.23029 0.942088 0.374601 0.195904 -0.120546 0.973186 0.382192 -0.980053 0.00974938 0.198495 -0.489004 -0.0334156 -0.99266 -0.116231 0.443738 
1535379670205 0.244499 0.925376 -0.289654 -0.637145 -0.938461 0.300983 0.169409 -0.242921 0.243948 0.230409 0.94202 0.374603 0.196731 -0.12167 0.972879 0.382225 -0.979954 0.00738974 0.199086 -0.489097 -0.0314122 -0.992543 -0.117778 0.443955 
1535379670461 0.243846 0.925534 -0.2897 -0.637273 -0.938591 0.300407 0.169711 -0.24309 0.244101 0.230527 0.941951 0.374604 0.197562 -0.122793 0.972569 0.382259 -0.979849 0.00502918 0.199675 -0.489191 -0.02941 -0.99242 -0.119325 0.444172 
1535379670604 0.243194 0.925691 -0.289747 -0.6374 -0.938721 0.299832 0.170012 -0.243259 0.244254 0.230646 0.941883 0.374605 0.198393 -0.123913 0.972258 0.382292 -0.979739 0.00266802 0.20026 -0.489283 -0.0274089 -0.992289 -0.120873 0.44439 
1535379670669 0.244206 0.925442 -0.289692 -0.637178 -0.938508 0.300738 0.169583 -0.242897 0.24406 0.230466 0.941977 0.374569 0.197205 -0.122049 0.972735 0.382238 -0.97988 0.00657855 0.199479 -0.489089 -0.0307454 -0.992502 -0.118296 0.444017 
1535379670839 0.243832 0.925684 -0.289232 -0.637211 -0.938729 0.300182 0.169349 -0.242995 0.243586 0.230218 0.94216 0.374548 0.196793 -0.123289 0.972662 0.382244 -0.979945 0.00693747 0.199146 -0.489097 -0.0313004 -0.992347 -0.119452 0.444164 
1535379671071 0.243555 0.925902 -0.288765 -0.637241 -0.938924 0.299716 0.16909 -0.243092 0.243109 0.229946 0.94235 0.374528 0.196379 -0.12453 0.972588 0.38225 -0.98001 0.00729725 0.198812 -0.489104 -0.0318553 -0.992189 -0.120608 0.44431 
1535379671148 0.243278 0.926121 -0.288298 -0.637271 -0.93912 0.299249 0.168832 -0.24319 0.242632 0.229674 0.942539 0.374508 0.195965 -0.12577 0.972512 0.382256 -0.980075 0.00765742 0.19848 -0.489111 -0.0324098 -0.99203 -0.121764 0.444457 
1535379671302 0.243 0.926339 -0.287831 -0.637302 -0.939315 0.298783 0.168573 -0.243288 0.242155 0.229401 0.942728 0.374488 0.195551 -0.12701 0.972434 0.382262 -0.980139 0.00801796 0.198147 -0.489118 -0.0329637 -0.991869 -0.12292 0.444603 
1535379671565 0.242722 0.926557 -0.287364 -0.637332 -0.939509 0.298316 0.168314 -0.243386 0.241678 0.229128 0.942917 0.374468 0.195135 -0.12825 0.972355 0.382268 -0.980204 0.008379 0.197815 -0.489125 -0.0335171 -0.991706 -0.124076 0.44475 
1535379671770 0.242444 0.926774 -0.286898 -0.637362 -0.939704 0.29785 0.168055 -0.243484 0.241202 0.228855 0.943105 0.374449 0.194719 -0.129489 0.972274 0.382274 -0.980267 0.00874041 0.197483 -0.489133 -0.0340701 -0.991542 -0.125232 0.444897 
1535379671777 0.242165 0.926992 -0.28643 -0.637393 -0.939898 0.297384 0.167796 -0.243582 0.240725 0.228581 0.943293 0.374429 0.194301 -0.130728 0.972192 0.382279 -0.980331 0.0091023 0.197152 -0.48914 -0.0346225 -0.991376 -0.126388 0.445043 
1535379671974 0.241886 0.927209 -0.285964 -0.637422 -0.940091 0.296918 0.167536 -0.24368 0.240248 0.228307 0.943481 0.374409 0.193884 -0.131967 0.972108 0.382285 -0.980394 0.00946456 0.196821 -0.489147 -0.0351744 -0.991209 -0.127544 0.44519 
1535379671980 0.241607 0.927425 -0.285497 -0.637453 -0.940285 0.296451 0.167276 -0.243778 0.239772 0.228033 0.943669 0.374389 0.193465 -0.133205 0.972022 0.382291 -0.980456 0.00982723 0.196491 -0.489154 -0.0357258 -0.99104 -0.1287 0.445336 
1535379672283 0.241921 0.927147 -0.286134 -0.637397 -0.940008 0.297053 0.167766 -0.243605 0.240541 0.228382 0.943389 0.374424 0.19375 -0.132259 0.972095 0.382292 -0.980418 0.00947861 0.196698 -0.489115 -0.0352292 -0.99117 -0.127833 0.445262 
1535379672290 0.24222 0.927205 -0.285693 -0.637351 -0.939967 0.297223 0.167692 -0.243626 0.2404 0.227923 0.943535 0.374391 0.193729 -0.132371 0.972084 0.382292 -0.980428 0.00929206 0.196657 -0.48919 -0.0350643 -0.991157 -0.12798 0.445257 
1535379672441 0.242518 0.927263 -0.285251 -0.637306 -0.939926 0.297394 0.167618 -0.243648 0.240258 0.227465 0.943682 0.374357 0.193708 -0.132483 0.972073 0.382292 -0.980438 0.00910537 0.196616 -0.489267 -0.0348993 -0.991144 -0.128127 0.445252 
1535379672457 0.242816 0.927321 -0.28481 -0.637261 -0.939886 0.297564 0.167543 -0.24367 0.240116 0.227007 0.943829 0.374323 0.193688 -0.132594 0.972062 0.382293 -0.980448 0.00891863 0.196575 -0.489345 -0.0347342 -0.99113 -0.128274 0.445248 
1535379672470 0.243114 0.927378 -0.284368 -0.637217 -0.939845 0.297734 0.167469 -0.243692 0.239973 0.226548 0.943975 0.374289 0.193668 -0.132706 0.97205 0.382294 -0.980458 0.00873186 0.196535 -0.489424 -0.0345692 -0.991117 -0.128422 0.445243 
1535379672614 0.243412 0.927435 -0.283927 -0.637172 -0.939804 0.297905 0.167395 -0.243714 0.239831 0.22609 0.944121 0.374255 0.193648 -0.132818 0.972039 0.382296 -0.980468 0.0085451 0.196494 -0.489503 -0.0344041 -0.991104 -0.128569 0.445239 
1535379672621 0.24371 0.927492 -0.283485 -0.637127 -0.939763 0.298075 0.16732 -0.243736 0.239688 0.225631 0.944267 0.374221 0.193627 -0.13293 0.972028 0.382296 -0.980478 0.0083584 0.196453 -0.48958 -0.0342391 -0.99109 -0.128716 0.445234 
1535379672667 0.244008 0.927549 -0.283044 -0.637083 -0.939722 0.298246 0.167246 -0.243758 0.239546 0.225173 0.944412 0.374187 0.193607 -0.133042 0.972017 0.382297 -0.980487 0.00817171 0.196412 -0.489658 -0.034074 -0.991077 -0.128863 0.445229 
1535379672674 0.244305 0.927605 -0.282601 -0.637038 -0.939681 0.298416 0.167173 -0.243781 0.239403 0.224714 0.944558 0.374153 0.193587 -0.133153 0.972005 0.382299 -0.980497 0.00798493 0.196372 -0.489738 -0.033909 -0.991063 -0.129011 0.445225 
1535379672827 0.244603 0.927661 -0.28216 -0.636994 -0.93964 0.298587 0.167098 -0.243803 0.23926 0.224256 0.944703 0.374119 0.193567 -0.133265 0.971994 0.382299 -0.980507 0.00779824 0.196331 -0.489815 -0.0337439 -0.99105 -0.129158 0.44522 
1535379672909 0.244057 0.927614 -0.282787 -0.637024 -0.939735 0.298223 0.167217 -0.243775 0.239446 0.224934 0.944495 0.374197 0.193615 -0.13296 0.972026 0.382267 -0.980478 0.00841483 0.19645 -0.489653 -0.0342994 -0.991086 -0.128735 0.445212 
1535379672926 0.244706 0.92757 -0.282371 -0.636821 -0.939636 0.298702 0.166917 -0.243685 0.239172 0.224481 0.944672 0.374238 0.193506 -0.133335 0.971997 0.382305 -0.98049 0.00863422 0.196381 -0.489786 -0.0345769 -0.991033 -0.129063 0.445203 
1535379672939 0.245355 0.927524 -0.281957 -0.636613 -0.939537 0.299182 0.166616 -0.243592 0.238897 0.224029 0.944849 0.374281 0.193397 -0.13371 0.971967 0.382344 -0.980501 0.00885288 0.196313 -0.489921 -0.0348538 -0.990981 -0.129391 0.445195 
1535379673101 0.246004 0.927478 -0.281542 -0.636406 -0.939437 0.299662 0.166316 -0.2435 0.238622 0.223577 0.945025 0.374323 0.193289 -0.134085 0.971937 0.382383 -0.980513 0.00907152 0.196246 -0.490055 -0.0351306 -0.990928 -0.129719 0.445186 
1535379673121 0.246653 0.927432 -0.281128 -0.636197 -0.939337 0.300142 0.166016 -0.243408 0.238347 0.223125 0.945202 0.374365 0.19318 -0.134461 0.971906 0.382421 -0.980524 0.00929017 0.196178 -0.490189 -0.0354074 -0.990875 -0.130047 0.445177 
1535379673314 0.247301 0.927385 -0.280713 -0.635989 -0.939236 0.300623 0.165716 -0.243315 0.238071 0.222673 0.945378 0.374408 0.193072 -0.134836 0.971876 0.38246 -0.980536 0.00950883 0.196111 -0.490324 -0.0356842 -0.990822 -0.130375 0.445168 
1535379673408 0.24795 0.927337 -0.280297 -0.63578 -0.939135 0.301103 0.165416 -0.243222 0.237795 0.222222 0.945553 0.37445 0.192962 -0.135211 0.971845 0.382498 -0.980547 0.00972758 0.196044 -0.490458 -0.0359609 -0.990769 -0.130703 0.44516 
1535379673423 0.248598 0.927289 -0.279882 -0.635573 -0.939034 0.301583 0.165117 -0.24313 0.237519 0.22177 0.945729 0.374492 0.192854 -0.135586 0.971815 0.382537 -0.980558 0.00994628 0.195977 -0.490592 -0.0362376 -0.990716 -0.131031 0.445151 
1535379673593 0.249246 0.927241 -0.279466 -0.635364 -0.938932 0.302063 0.164818 -0.243037 0.237242 0.221319 0.945904 0.374535 0.192745 -0.135961 0.971784 0.382576 -0.980569 0.0101651 0.195909 -0.490726 -0.0365142 -0.990662 -0.13136 0.445142 
1535379673724 0.249893 0.927192 -0.27905 -0.635157 -0.93883 0.302544 0.164519 -0.242945 0.236965 0.220868 0.946079 0.374577 0.192635 -0.136336 0.971753 0.382614 -0.98058 0.0103839 0.195842 -0.49086 -0.0367908 -0.990608 -0.131688 0.445134 
1535379673775 0.248608 0.927315 -0.279789 -0.635554 -0.939051 0.301557 0.165063 -0.243092 0.237437 0.221701 0.945765 0.374513 0.192977 -0.135749 0.971767 0.382571 -0.980525 0.0101252 0.196131 -0.490577 -0.036464 -0.990691 -0.131152 0.44511 
1535379673843 0.249042 0.927199 -0.279786 -0.635138 -0.938944 0.301965 0.164929 -0.242941 0.237407 0.221629 0.94579 0.374663 0.193249 -0.136113 0.971663 0.382623 -0.980458 0.0103978 0.196455 -0.490756 -0.0368431 -0.990639 -0.131443 0.445075 
1535379673858 0.249477 0.927083 -0.279784 -0.634715 -0.938836 0.302373 0.164794 -0.242786 0.237377 0.221559 0.945814 0.374815 0.193521 -0.136476 0.971558 0.382676 -0.98039 0.0106706 0.196779 -0.490937 -0.0372226 -0.990586 -0.131734 0.44504 
1535379674037 0.249912 0.926966 -0.279781 -0.634293 -0.938728 0.302781 0.164659 -0.242632 0.237346 0.221489 0.945838 0.374966 0.193792 -0.136839 0.971452 0.382729 -0.980322 0.0109432 0.197103 -0.491117 -0.0376022 -0.990533 -0.132026 0.445006 
1535379674213 0.250346 0.92685 -0.279779 -0.633871 -0.93862 0.303189 0.164524 -0.242478 0.237315 0.221418 0.945862 0.375118 0.194063 -0.137202 0.971347 0.382782 -0.980253 0.0112158 0.197427 -0.491297 -0.0379819 -0.99048 -0.132316 0.444971 
1535379674288 0.250781 0.926733 -0.279776 -0.63345 -0.938512 0.303597 0.16439 -0.242325 0.237285 0.221347 0.945887 0.375269 0.194335 -0.137566 0.971241 0.382834 -0.980185 0.0114882 0.197751 -0.491477 -0.0383616 -0.990426 -0.132607 0.444936 
1535379674409 0.251216 0.926616 -0.279774 -0.633028 -0.938404 0.304005 0.164255 -0.24217 0.237254 0.221277 0.945911 0.375421 0.194605 -0.137929 0.971136 0.382887 -0.980116 0.0117606 0.198075 -0.491657 -0.0387415 -0.990372 -0.132898 0.444901 
1535379674415 0.25165 0.926499 -0.279771 -0.632607 -0.938295 0.304413 0.16412 -0.242017 0.237223 0.221207 0.945935 0.375572 0.194877 -0.138293 0.97103 0.38294 -0.980047 0.0120327 0.1984 -0.491837 -0.0391214 -0.990318 -0.133188 0.444866 
1535379674745 0.252085 0.926382 -0.279768 -0.632184 -0.938186 0.304821 0.163986 -0.241862 0.237192 0.221136 0.945959 0.375723 0.195147 -0.138656 0.970923 0.382992 -0.979978 0.0123048 0.198724 -0.492017 -0.0395013 -0.990264 -0.133479 0.444832 
1535379674751 0.252519 0.926264 -0.279765 -0.631763 -0.938077 0.305229 0.163851 -0.241708 0.237162 0.221066 0.945983 0.375875 0.195418 -0.13902 0.970817 0.383045 -0.979909 0.0125767 0.199049 -0.492198 -0.0398814 -0.99021 -0.133769 0.444797 
1535379675063 0.252048 0.926391 -0.279772 -0.631993 -0.938226 0.304758 0.163872 -0.241708 0.237072 0.221185 0.945978 0.375741 0.195076 -0.138651 0.970938 0.382939 -0.979992 0.0123195 0.198655 -0.492004 -0.0395051 -0.990265 -0.133474 0.44478 
1535379675079 0.252062 0.926342 -0.279921 -0.631507 -0.938128 0.304886 0.164194 -0.241503 0.237444 0.221215 0.945878 0.375872 0.195478 -0.138226 0.970918 0.383 -0.979925 0.0120176 0.199002 -0.492163 -0.0391754 -0.990328 -0.133102 0.444658 
1535379675279 0.252077 0.926292 -0.280073 -0.631014 -0.93803 0.305014 0.164516 -0.241295 0.237816 0.221246 0.945777 0.376004 0.195879 -0.1378 0.970898 0.383061 -0.979858 0.0117159 0.19935 -0.492322 -0.0388453 -0.990391 -0.13273 0.444537 
1535379675296 0.252091 0.926242 -0.280224 -0.630523 -0.937932 0.305143 0.164838 -0.241087 0.238188 0.221277 0.945676 0.376136 0.196281 -0.137374 0.970877 0.383123 -0.979791 0.0114143 0.199698 -0.492481 -0.0385151 -0.990454 -0.132357 0.444415 
1535379675509 0.252106 0.926192 -0.280376 -0.630031 -0.937834 0.305271 0.16516 -0.24088 0.23856 0.221308 0.945575 0.376267 0.196681 -0.136947 0.970856 0.383184 -0.979724 0.0111129 0.200045 -0.492641 -0.0381847 -0.990516 -0.131985 0.444294 
1535379675787 0.25212 0.926143 -0.280527 -0.62954 -0.937735 0.3054 0.165482 -0.240672 0.238932 0.221339 0.945474 0.376399 0.197083 -0.136521 0.970835 0.383245 -0.979656 0.0108116 0.200394 -0.4928 -0.0378541 -0.990578 -0.131612 0.444172 
1535379675800 0.252134 0.926093 -0.280679 -0.629048 -0.937636 0.305528 0.165803 -0.240465 0.239304 0.22137 0.945372 0.376531 0.197483 -0.136094 0.970813 0.383307 -0.979588 0.0105105 0.200742 -0.492959 -0.0375234 -0.99064 -0.13124 0.444051 
1535379675999 0.252148 0.926043 -0.28083 -0.628557 -0.937537 0.305657 0.166125 -0.240257 0.239677 0.221401 0.945271 0.376663 0.197884 -0.135667 0.970792 0.383368 -0.97952 0.0102094 0.20109 -0.493119 -0.0371925 -0.990702 -0.130868 0.443929 
1535379676046 0.252162 0.925993 -0.280982 -0.628064 -0.937439 0.305785 0.166447 -0.240049 0.240049 0.221432 0.945169 0.376795 0.198285 -0.13524 0.970769 0.383429 -0.979451 0.00990863 0.201438 -0.493278 -0.0368615 -0.990763 -0.130496 0.443808 
1535379676307 0.252176 0.925944 -0.281133 -0.627573 -0.937339 0.305914 0.166768 -0.239842 0.240421 0.221462 0.945067 0.376926 0.198685 -0.134813 0.970747 0.383491 -0.979382 0.00960797 0.201787 -0.493437 -0.0365303 -0.990825 -0.130124 0.443686 
1535379676626 0.251783 0.926129 -0.280874 -0.627854 -0.937524 0.305418 0.166639 -0.239741 0.240113 0.221369 0.945167 0.376885 0.198364 -0.135281 0.970748 0.383428 -0.979434 0.00991787 0.201521 -0.493243 -0.0368897 -0.990758 -0.130531 0.443753 
