1537366841554 -0.19841 0.918862 -0.341067 -0.615948 -0.979426 -0.198963 0.0337429 -0.305079 -0.0368547 0.340745 0.939433 0.419955 0.16008 -0.304787 0.938871 0.370831 -0.775623 0.549475 0.310623 -0.528794 -0.61056 -0.777934 -0.14844 0.432481 
1537366841579 -0.15662 0.930051 -0.332378 -0.618233 -0.987636 -0.149789 0.0462489 -0.299925 -0.00677267 0.335512 0.942012 0.415279 0.316241 -0.38488 0.867098 0.400864 -0.930001 -0.306251 0.203246 -0.504429 0.187325 -0.870677 -0.454788 0.485926 
1537366842627 -0.114205 0.939067 -0.324206 -0.620518 -0.99319 -0.100355 0.059182 -0.294771 0.0230403 0.328757 0.944133 0.410602 0.316241 -0.38488 0.867098 0.400864 -0.930001 -0.306251 0.203246 -0.504429 0.187325 -0.870677 -0.454788 0.485926 
1537366843537 -0.0712816 0.945886 -0.316575 -0.622803 -0.996074 -0.0507968 0.0725068 -0.289617 0.0525021 0.3205 0.945792 0.405926 0.316241 -0.38488 0.867098 0.400864 -0.930001 -0.306251 0.203246 -0.504429 0.187325 -0.870677 -0.454788 0.485926 
1537366844458 -0.0279693 0.950487 -0.309504 -0.625088 -0.996278 -0.00125213 0.0861863 -0.284463 0.0815314 0.310763 0.946984 0.40125 0.316241 -0.38488 0.867098 0.400864 -0.930001 -0.306251 0.203246 -0.504429 0.187325 -0.870677 -0.454788 0.485926 
1537366845493 0.0156126 0.952858 -0.303015 -0.627373 -0.993804 0.0481423 0.100183 -0.279309 0.110048 0.299573 0.947705 0.396573 0.316241 -0.38488 0.867098 0.400864 -0.930001 -0.306251 0.203246 -0.504429 0.187325 -0.870677 -0.454788 0.485926 
1537366846500 0.0593436 0.952993 -0.297124 -0.629659 -0.988657 0.09725 0.114458 -0.274155 0.137973 0.286961 0.947954 0.391896 0.316241 -0.38488 0.867098 0.400864 -0.930001 -0.306251 0.203246 -0.504429 0.187325 -0.870677 -0.454788 0.485926 
1537366847461 0.103103 0.950892 -0.291848 -0.631945 -0.980851 0.145935 0.128972 -0.269001 0.165229 0.272962 0.94773 0.38722 0.316241 -0.38488 0.867098 0.400864 -0.930001 -0.306251 0.203246 -0.504429 0.187325 -0.870677 -0.454788 0.485926 
1537366848436 0.146769 0.946559 -0.287201 -0.634232 -0.970409 0.194063 0.143684 -0.263848 0.191741 0.257614 0.947032 0.382543 0.316241 -0.38488 0.867098 0.400864 -0.930001 -0.306251 0.203246 -0.504429 0.187325 -0.870677 -0.454788 0.485926 
1537366849388 0.190169 0.940047 -0.283102 -0.637044 -0.957367 0.241439 0.158608 -0.25896 0.217451 0.24087 0.945884 0.377764 0.316531 -0.385118 0.866887 0.401814 -0.929976 -0.306103 0.20358 -0.50615 0.186955 -0.870623 -0.455042 0.486735 
1537366850306 0.189578 0.940105 -0.283305 -0.636867 -0.957636 0.24074 0.158041 -0.259252 0.216778 0.241342 0.945918 0.378106 0.16008 -0.304787 0.938871 0.370831 -0.775623 0.549475 0.310623 -0.528794 -0.61056 -0.777934 -0.14844 0.432481 
1537366850339 0.191475 0.939263 -0.284821 -0.6373 -0.956757 0.243362 0.159347 -0.258912 0.218983 0.241994 0.945244 0.378049 0.316241 -0.38488 0.867098 0.400864 -0.930001 -0.306251 0.203246 -0.504429 0.187325 -0.870677 -0.454788 0.485926 
1537366850589 0.193368 0.938413 -0.286339 -0.637733 -0.955868 0.245984 0.160649 -0.258573 0.22119 0.242638 0.944564 0.377992 0.316241 -0.38488 0.867098 0.400864 -0.930001 -0.306251 0.203246 -0.504429 0.187325 -0.870677 -0.454788 0.485926 
1537366850825 0.195256 0.937556 -0.287859 -0.638165 -0.95497 0.248606 0.161947 -0.258233 0.223398 0.243275 0.94388 0.377935 0.316241 -0.38488 0.867098 0.400864 -0.930001 -0.306251 0.203246 -0.504429 0.187325 -0.870677 -0.454788 0.485926 
1537366851111 0.19714 0.936693 -0.289381 -0.638598 -0.954064 0.251227 0.16324 -0.257894 0.225606 0.243907 0.943192 0.377879 0.316241 -0.38488 0.867098 0.400864 -0.930001 -0.306251 0.203246 -0.504429 0.187325 -0.870677 -0.454788 0.485926 
1537366851414 0.199019 0.935823 -0.290906 -0.639031 -0.953148 0.253848 0.164527 -0.257554 0.227814 0.244533 0.942499 0.377822 0.316241 -0.38488 0.867098 0.400864 -0.930001 -0.306251 0.203246 -0.504429 0.187325 -0.870677 -0.454788 0.485926 
1537366851671 0.200893 0.934947 -0.292432 -0.639464 -0.952224 0.256468 0.16581 -0.257214 0.230023 0.245151 0.941802 0.377765 0.316241 -0.38488 0.867098 0.400864 -0.930001 -0.306251 0.203246 -0.504429 0.187325 -0.870677 -0.454788 0.485926 
1537366851905 0.202763 0.934064 -0.29396 -0.639897 -0.951292 0.259087 0.167088 -0.256875 0.232232 0.245763 0.9411 0.377708 0.316241 -0.38488 0.867098 0.400864 -0.930001 -0.306251 0.203246 -0.504429 0.187325 -0.870677 -0.454788 0.485926 
1537366852187 0.204628 0.933173 -0.295491 -0.64033 -0.95035 0.261706 0.168361 -0.256535 0.234441 0.246369 0.940393 0.377651 0.316241 -0.38488 0.867098 0.400864 -0.930001 -0.306251 0.203246 -0.504429 0.187325 -0.870677 -0.454788 0.485926 
1537366852488 0.206483 0.93228 -0.297017 -0.640801 -0.9494 0.264319 0.169633 -0.256215 0.236652 0.246961 0.939684 0.377587 0.316531 -0.385118 0.866887 0.401814 -0.929976 -0.306103 0.20358 -0.50615 0.186955 -0.870623 -0.455042 0.486735 
1537366852940 0.206488 0.932288 -0.296989 -0.640782 -0.949394 0.264324 0.169661 -0.256221 0.236674 0.246926 0.939688 0.377599 0.16008 -0.304787 0.938871 0.370831 -0.775623 0.549475 0.310623 -0.528794 -0.61056 -0.777934 -0.14844 0.432481 
1537366852950 0.207624 0.931738 -0.297921 -0.641088 -0.948833 0.265898 0.170336 -0.25606 0.237925 0.247312 0.93927 0.377551 0.316241 -0.38488 0.867098 0.400864 -0.930001 -0.306251 0.203246 -0.504429 0.187325 -0.870677 -0.454788 0.485926 
1537366853171 0.208759 0.931185 -0.298854 -0.641394 -0.948269 0.267472 0.171008 -0.255899 0.239175 0.247695 0.938852 0.377503 0.316241 -0.38488 0.867098 0.400864 -0.930001 -0.306251 0.203246 -0.504429 0.187325 -0.870677 -0.454788 0.485926 
1537366853370 0.209892 0.93063 -0.299787 -0.6417 -0.947703 0.269046 0.171678 -0.255738 0.240425 0.248075 0.938432 0.377456 0.316241 -0.38488 0.867098 0.400864 -0.930001 -0.306251 0.203246 -0.504429 0.187325 -0.870677 -0.454788 0.485926 
1537366853579 0.211024 0.930073 -0.300721 -0.642007 -0.947133 0.27062 0.172347 -0.255577 0.241676 0.248454 0.93801 0.377408 0.316241 -0.38488 0.867098 0.400864 -0.930001 -0.306251 0.203246 -0.504429 0.187325 -0.870677 -0.454788 0.485926 
1537366853774 0.212154 0.929513 -0.301655 -0.642313 -0.946561 0.272193 0.173014 -0.255417 0.242927 0.24883 0.937588 0.37736 0.316241 -0.38488 0.867098 0.400864 -0.930001 -0.306251 0.203246 -0.504429 0.187325 -0.870677 -0.454788 0.485926 
1537366853960 0.213282 0.928951 -0.302591 -0.642619 -0.945985 0.273766 0.173678 -0.255256 0.244178 0.249204 0.937163 0.377312 0.316241 -0.38488 0.867098 0.400864 -0.930001 -0.306251 0.203246 -0.504429 0.187325 -0.870677 -0.454788 0.485926 
1537366854142 0.214408 0.928386 -0.303526 -0.642925 -0.945407 0.275338 0.174342 -0.255095 0.245429 0.249575 0.936737 0.377264 0.316241 -0.38488 0.867098 0.400864 -0.930001 -0.306251 0.203246 -0.504429 0.187325 -0.870677 -0.454788 0.485926 
1537366854325 0.215533 0.927819 -0.304463 -0.643231 -0.944825 0.27691 0.175003 -0.254934 0.24668 0.249945 0.93631 0.377217 0.316241 -0.38488 0.867098 0.400864 -0.930001 -0.306251 0.203246 -0.504429 0.187325 -0.870677 -0.454788 0.485926 
1537366854504 0.216655 0.92725 -0.305399 -0.643542 -0.944241 0.278482 0.175663 -0.254776 0.247932 0.250312 0.935881 0.377168 0.316531 -0.385118 0.866887 0.401814 -0.929976 -0.306103 0.20358 -0.50615 0.186955 -0.870623 -0.455042 0.486735 
1537366854695 0.215871 0.92771 -0.304555 -0.643319 -0.944639 0.277358 0.175297 -0.254868 0.247096 0.249853 0.936225 0.377299 0.16008 -0.304787 0.938871 0.370831 -0.775623 0.549475 0.310623 -0.528794 -0.61056 -0.777934 -0.14844 0.432481 
1537366854713 0.216223 0.927623 -0.30457 -0.643518 -0.94443 0.277824 0.175688 -0.254861 0.247589 0.249658 0.936147 0.37725 0.316241 -0.38488 0.867098 0.400864 -0.930001 -0.306251 0.203246 -0.504429 0.187325 -0.870677 -0.454788 0.485926 
1537366854723 0.216575 0.927536 -0.304586 -0.643717 -0.94422 0.278291 0.176077 -0.254854 0.248082 0.249462 0.936068 0.377202 0.316241 -0.38488 0.867098 0.400864 -0.930001 -0.306251 0.203246 -0.504429 0.187325 -0.870677 -0.454788 0.485926 
1537366854923 0.216927 0.927448 -0.304602 -0.643915 -0.944009 0.278757 0.176467 -0.254846 0.248574 0.249267 0.93599 0.377153 0.316241 -0.38488 0.867098 0.400864 -0.930001 -0.306251 0.203246 -0.504429 0.187325 -0.870677 -0.454788 0.485926 
1537366854981 0.217279 0.92736 -0.304619 -0.644114 -0.943798 0.279224 0.176857 -0.254839 0.249067 0.249071 0.935911 0.377104 0.316241 -0.38488 0.867098 0.400864 -0.930001 -0.306251 0.203246 -0.504429 0.187325 -0.870677 -0.454788 0.485926 
1537366855150 0.217631 0.927273 -0.304634 -0.644313 -0.943587 0.27969 0.177247 -0.254832 0.249559 0.248875 0.935832 0.377056 0.316241 -0.38488 0.867098 0.400864 -0.930001 -0.306251 0.203246 -0.504429 0.187325 -0.870677 -0.454788 0.485926 
1537366855197 0.217983 0.927185 -0.304651 -0.644511 -0.943376 0.280156 0.177636 -0.254825 0.250051 0.248679 0.935753 0.377007 0.316241 -0.38488 0.867098 0.400864 -0.930001 -0.306251 0.203246 -0.504429 0.187325 -0.870677 -0.454788 0.485926 
1537366855357 0.218335 0.927096 -0.304667 -0.64471 -0.943164 0.280622 0.178026 -0.254818 0.250543 0.248482 0.935673 0.376958 0.316241 -0.38488 0.867098 0.400864 -0.930001 -0.306251 0.203246 -0.504429 0.187325 -0.870677 -0.454788 0.485926 
1537366855437 0.218686 0.927008 -0.304684 -0.644909 -0.942952 0.281088 0.178415 -0.254811 0.251035 0.248285 0.935594 0.37691 0.316241 -0.38488 0.867098 0.400864 -0.930001 -0.306251 0.203246 -0.504429 0.187325 -0.870677 -0.454788 0.485926 
1537366855447 0.219044 0.926914 -0.304712 -0.645043 -0.942738 0.281561 0.178798 -0.254772 0.251526 0.248099 0.935511 0.376873 0.316531 -0.385118 0.866887 0.401814 -0.929976 -0.306103 0.20358 -0.50615 0.186955 -0.870623 -0.455042 0.486735 
1537366855657 0.218833 0.926975 -0.30468 -0.644898 -0.942877 0.281266 0.178526 -0.254822 0.251186 0.248209 0.935574 0.376869 0.16008 -0.304787 0.938871 0.370831 -0.775623 0.549475 0.310623 -0.528794 -0.61056 -0.777934 -0.14844 0.432481 
1537366855664 0.218898 0.927082 -0.304308 -0.644999 -0.942904 0.281214 0.178467 -0.25488 0.251029 0.247867 0.935706 0.376806 0.316241 -0.38488 0.867098 0.400864 -0.930001 -0.306251 0.203246 -0.504429 0.187325 -0.870677 -0.454788 0.485926 
1537366855678 0.218962 0.927189 -0.303936 -0.6451 -0.942931 0.281162 0.178408 -0.254938 0.250873 0.247526 0.935838 0.376742 0.316241 -0.38488 0.867098 0.400864 -0.930001 -0.306251 0.203246 -0.504429 0.187325 -0.870677 -0.454788 0.485926 
1537366855684 0.219025 0.927296 -0.303563 -0.645201 -0.942958 0.28111 0.178349 -0.254996 0.250717 0.247184 0.935971 0.376679 0.316241 -0.38488 0.867098 0.400864 -0.930001 -0.306251 0.203246 -0.504429 0.187325 -0.870677 -0.454788 0.485926 
1537366855914 0.219089 0.927403 -0.30319 -0.645302 -0.942984 0.281057 0.178291 -0.255054 0.250561 0.246842 0.936103 0.376616 0.316241 -0.38488 0.867098 0.400864 -0.930001 -0.306251 0.203246 -0.504429 0.187325 -0.870677 -0.454788 0.485926 
1537366855942 0.219152 0.927509 -0.302818 -0.645403 -0.943011 0.281005 0.178232 -0.255112 0.250405 0.2465 0.936234 0.376553 0.316241 -0.38488 0.867098 0.400864 -0.930001 -0.306251 0.203246 -0.504429 0.187325 -0.870677 -0.454788 0.485926 
1537366856120 0.219216 0.927616 -0.302445 -0.645504 -0.943038 0.280953 0.178173 -0.25517 0.250249 0.246159 0.936366 0.37649 0.316241 -0.38488 0.867098 0.400864 -0.930001 -0.306251 0.203246 -0.504429 0.187325 -0.870677 -0.454788 0.485926 
1537366856169 0.219279 0.927723 -0.302072 -0.645605 -0.943064 0.2809 0.178114 -0.255228 0.250093 0.245817 0.936498 0.376426 0.316241 -0.38488 0.867098 0.400864 -0.930001 -0.306251 0.203246 -0.504429 0.187325 -0.870677 -0.454788 0.485926 
1537366856345 0.219342 0.927829 -0.301699 -0.645706 -0.943091 0.280848 0.178056 -0.255286 0.249937 0.245475 0.936629 0.376363 0.316241 -0.38488 0.867098 0.400864 -0.930001 -0.306251 0.203246 -0.504429 0.187325 -0.870677 -0.454788 0.485926 
1537366856360 0.219412 0.92793 -0.301339 -0.645737 -0.943116 0.280804 0.17799 -0.255309 0.249779 0.245144 0.936757 0.376313 0.316531 -0.385118 0.866887 0.401814 -0.929976 -0.306103 0.20358 -0.50615 0.186955 -0.870623 -0.455042 0.486735 
1537366856521 0.219144 0.9278 -0.301934 -0.645639 -0.943099 0.280742 0.178179 -0.255154 0.25008 0.245707 0.93653 0.376431 0.16008 -0.304787 0.938871 0.370831 -0.775623 0.549475 0.310623 -0.528794 -0.61056 -0.777934 -0.14844 0.432481 
1537366856534 0.219498 0.92786 -0.301491 -0.645624 -0.943075 0.280935 0.178 -0.255174 0.249859 0.245258 0.936706 0.376377 0.316241 -0.38488 0.867098 0.400864 -0.930001 -0.306251 0.203246 -0.504429 0.187325 -0.870677 -0.454788 0.485926 
1537366856544 0.219851 0.92792 -0.301048 -0.645609 -0.943052 0.281127 0.177822 -0.255193 0.249637 0.24481 0.936883 0.376323 0.316241 -0.38488 0.867098 0.400864 -0.930001 -0.306251 0.203246 -0.504429 0.187325 -0.870677 -0.454788 0.485926 
1537366856549 0.220204 0.92798 -0.300605 -0.645593 -0.943028 0.281319 0.177644 -0.255213 0.249416 0.244361 0.937059 0.37627 0.316241 -0.38488 0.867098 0.400864 -0.930001 -0.306251 0.203246 -0.504429 0.187325 -0.870677 -0.454788 0.485926 
1537366856561 0.220557 0.92804 -0.300162 -0.645578 -0.943004 0.281512 0.177466 -0.255233 0.249194 0.243913 0.937235 0.376216 0.316241 -0.38488 0.867098 0.400864 -0.930001 -0.306251 0.203246 -0.504429 0.187325 -0.870677 -0.454788 0.485926 
1537366856791 0.220909 0.928099 -0.299718 -0.645563 -0.94298 0.281704 0.177288 -0.255252 0.248973 0.243463 0.93741 0.376162 0.316241 -0.38488 0.867098 0.400864 -0.930001 -0.306251 0.203246 -0.504429 0.187325 -0.870677 -0.454788 0.485926 
1537366856805 0.221262 0.928158 -0.299275 -0.645548 -0.942956 0.281897 0.17711 -0.255272 0.248751 0.243015 0.937586 0.376108 0.316241 -0.38488 0.867098 0.400864 -0.930001 -0.306251 0.203246 -0.504429 0.187325 -0.870677 -0.454788 0.485926 
1537366856977 0.221615 0.928217 -0.298831 -0.645533 -0.942932 0.28209 0.176932 -0.255292 0.248529 0.242566 0.937761 0.376055 0.316241 -0.38488 0.867098 0.400864 -0.930001 -0.306251 0.203246 -0.504429 0.187325 -0.870677 -0.454788 0.485926 
1537366857050 0.221967 0.928276 -0.298387 -0.645517 -0.942908 0.282282 0.176755 -0.255312 0.248306 0.242118 0.937935 0.376001 0.316241 -0.38488 0.867098 0.400864 -0.930001 -0.306251 0.203246 -0.504429 0.187325 -0.870677 -0.454788 0.485926 
1537366857113 0.222321 0.928333 -0.297946 -0.645486 -0.942883 0.282477 0.176575 -0.255323 0.248084 0.241672 0.938109 0.37595 0.316531 -0.385118 0.866887 0.401814 -0.929976 -0.306103 0.20358 -0.50615 0.186955 -0.870623 -0.455042 0.486735 
1537366857219 0.221777 0.928228 -0.298675 -0.645524 -0.942917 0.282191 0.176849 -0.255311 0.24844 0.242405 0.937826 0.376048 0.16008 -0.304787 0.938871 0.370831 -0.775623 0.549475 0.310623 -0.528794 -0.61056 -0.777934 -0.14844 0.432481 
1537366857231 0.222273 0.928196 -0.298408 -0.645301 -0.942798 0.282613 0.176811 -0.255259 0.248449 0.242037 0.937918 0.376103 0.316241 -0.38488 0.867098 0.400864 -0.930001 -0.306251 0.203246 -0.504429 0.187325 -0.870677 -0.454788 0.485926 
1537366857247 0.22277 0.928162 -0.298141 -0.645079 -0.942678 0.283036 0.176772 -0.255207 0.248458 0.241671 0.93801 0.376158 0.316241 -0.38488 0.867098 0.400864 -0.930001 -0.306251 0.203246 -0.504429 0.187325 -0.870677 -0.454788 0.485926 
1537366857456 0.223267 0.928129 -0.297873 -0.644856 -0.942558 0.283459 0.176734 -0.255155 0.248467 0.241304 0.938103 0.376213 0.316241 -0.38488 0.867098 0.400864 -0.930001 -0.306251 0.203246 -0.504429 0.187325 -0.870677 -0.454788 0.485926 
1537366857511 0.223764 0.928095 -0.297607 -0.644633 -0.942438 0.283882 0.176696 -0.255103 0.248475 0.240938 0.938195 0.376268 0.316241 -0.38488 0.867098 0.400864 -0.930001 -0.306251 0.203246 -0.504429 0.187325 -0.870677 -0.454788 0.485926 
1537366857705 0.22426 0.928061 -0.297339 -0.64441 -0.942318 0.284304 0.176657 -0.255052 0.248484 0.240571 0.938286 0.376323 0.316241 -0.38488 0.867098 0.400864 -0.930001 -0.306251 0.203246 -0.504429 0.187325 -0.870677 -0.454788 0.485926 
1537366857760 0.224757 0.928026 -0.297072 -0.644187 -0.942198 0.284727 0.176619 -0.255 0.248492 0.240204 0.938378 0.376378 0.316241 -0.38488 0.867098 0.400864 -0.930001 -0.306251 0.203246 -0.504429 0.187325 -0.870677 -0.454788 0.485926 
1537366857766 0.225253 0.927991 -0.296805 -0.643965 -0.942077 0.285149 0.176581 -0.254948 0.2485 0.239837 0.93847 0.376433 0.316241 -0.38488 0.867098 0.400864 -0.930001 -0.306251 0.203246 -0.504429 0.187325 -0.870677 -0.454788 0.485926 
1537366857977 0.22575 0.927956 -0.296537 -0.643742 -0.941956 0.285572 0.176544 -0.254896 0.248507 0.23947 0.938562 0.376488 0.316241 -0.38488 0.867098 0.400864 -0.930001 -0.306251 0.203246 -0.504429 0.187325 -0.870677 -0.454788 0.485926 
1537366858045 0.226238 0.927928 -0.296255 -0.643605 -0.941836 0.285984 0.176514 -0.254886 0.248517 0.239089 0.938656 0.376527 0.316531 -0.385118 0.866887 0.401814 -0.929976 -0.306103 0.20358 -0.50615 0.186955 -0.870623 -0.455042 0.486735 
1537366858217 0.225639 0.927948 -0.296646 -0.643855 -0.941927 0.285541 0.176749 -0.254871 0.248718 0.239537 0.938489 0.376498 0.16008 -0.304787 0.938871 0.370831 -0.775623 0.549475 0.310623 -0.528794 -0.61056 -0.777934 -0.14844 0.432481 
1537366858228 0.225818 0.927901 -0.296656 -0.643465 -0.94196 0.28564 0.176413 -0.254741 0.248431 0.239601 0.938549 0.376641 0.316241 -0.38488 0.867098 0.400864 -0.930001 -0.306251 0.203246 -0.504429 0.187325 -0.870677 -0.454788 0.485926 
1537366858435 0.225997 0.927854 -0.296667 -0.643075 -0.941993 0.285738 0.176076 -0.25461 0.248142 0.239666 0.938608 0.376784 0.316241 -0.38488 0.867098 0.400864 -0.930001 -0.306251 0.203246 -0.504429 0.187325 -0.870677 -0.454788 0.485926 
1537366858640 0.226176 0.927807 -0.296678 -0.642685 -0.942026 0.285837 0.175739 -0.25448 0.247854 0.239731 0.938668 0.376928 0.316241 -0.38488 0.867098 0.400864 -0.930001 -0.306251 0.203246 -0.504429 0.187325 -0.870677 -0.454788 0.485926 
1537366858842 0.226355 0.92776 -0.296689 -0.642295 -0.942059 0.285935 0.175403 -0.254349 0.247565 0.239796 0.938728 0.377071 0.316241 -0.38488 0.867098 0.400864 -0.930001 -0.306251 0.203246 -0.504429 0.187325 -0.870677 -0.454788 0.485926 
1537366859053 0.226533 0.927713 -0.2967 -0.641905 -0.942092 0.286034 0.175066 -0.254218 0.247277 0.23986 0.938787 0.377214 0.316241 -0.38488 0.867098 0.400864 -0.930001 -0.306251 0.203246 -0.504429 0.187325 -0.870677 -0.454788 0.485926 
1537366859264 0.226712 0.927666 -0.296711 -0.641515 -0.942124 0.286132 0.174729 -0.254088 0.246989 0.239925 0.938846 0.377357 0.316241 -0.38488 0.867098 0.400864 -0.930001 -0.306251 0.203246 -0.504429 0.187325 -0.870677 -0.454788 0.485926 
1537366859477 0.226891 0.927619 -0.296721 -0.641125 -0.942157 0.28623 0.174392 -0.253957 0.2467 0.23999 0.938906 0.377501 0.316241 -0.38488 0.867098 0.400864 -0.930001 -0.306251 0.203246 -0.504429 0.187325 -0.870677 -0.454788 0.485926 
1537366859693 0.22707 0.927572 -0.296732 -0.640735 -0.942189 0.286329 0.174055 -0.253827 0.246412 0.240055 0.938965 0.377644 0.316241 -0.38488 0.867098 0.400864 -0.930001 -0.306251 0.203246 -0.504429 0.187325 -0.870677 -0.454788 0.485926 
1537366859909 0.227233 0.927538 -0.296712 -0.640513 -0.942224 0.286407 0.173735 -0.253779 0.246127 0.240091 0.93903 0.377755 0.316531 -0.385118 0.866887 0.401814 -0.929976 -0.306103 0.20358 -0.50615 0.186955 -0.870623 -0.455042 0.486735 
1537366860077 0.227252 0.927521 -0.296752 -0.640694 -0.942201 0.286451 0.173789 -0.253925 0.246198 0.240106 0.939008 0.377662 0.16008 -0.304787 0.938871 0.370831 -0.775623 0.549475 0.310623 -0.528794 -0.61056 -0.777934 -0.14844 0.432481 
1537366860082 0.227262 0.9275 -0.296809 -0.640235 -0.942163 0.286506 0.173905 -0.253761 0.246335 0.240121 0.938968 0.377801 0.316241 -0.38488 0.867098 0.400864 -0.930001 -0.306251 0.203246 -0.504429 0.187325 -0.870677 -0.454788 0.485926 
1537366860256 0.22728 0.927473 -0.296878 -0.639786 -0.942116 0.286578 0.17404 -0.253599 0.246497 0.240138 0.938921 0.377935 0.316241 -0.38488 0.867098 0.400864 -0.930001 -0.306251 0.203246 -0.504429 0.187325 -0.870677 -0.454788 0.485926 
1537366860262 0.227299 0.927447 -0.296947 -0.639337 -0.942069 0.28665 0.174176 -0.253437 0.246659 0.240155 0.938874 0.37807 0.316241 -0.38488 0.867098 0.400864 -0.930001 -0.306251 0.203246 -0.504429 0.187325 -0.870677 -0.454788 0.485926 
1537366860561 0.227318 0.92742 -0.297016 -0.638888 -0.942022 0.286722 0.174311 -0.253275 0.246821 0.240172 0.938827 0.378205 0.316241 -0.38488 0.867098 0.400864 -0.930001 -0.306251 0.203246 -0.504429 0.187325 -0.870677 -0.454788 0.485926 
1537366860792 0.227337 0.927393 -0.297085 -0.638439 -0.941975 0.286794 0.174447 -0.253112 0.246983 0.240189 0.93878 0.378339 0.316241 -0.38488 0.867098 0.400864 -0.930001 -0.306251 0.203246 -0.504429 0.187325 -0.870677 -0.454788 0.485926 
1537366860997 0.227355 0.927367 -0.297154 -0.63799 -0.941928 0.286866 0.174582 -0.25295 0.247145 0.240206 0.938733 0.378474 0.316241 -0.38488 0.867098 0.400864 -0.930001 -0.306251 0.203246 -0.504429 0.187325 -0.870677 -0.454788 0.485926 
1537366861200 0.227374 0.92734 -0.297223 -0.637541 -0.941881 0.286938 0.174717 -0.252788 0.247307 0.240223 0.938686 0.378608 0.316241 -0.38488 0.867098 0.400864 -0.930001 -0.306251 0.203246 -0.504429 0.187325 -0.870677 -0.454788 0.485926 
1537366861225 0.227393 0.927313 -0.297292 -0.637092 -0.941834 0.28701 0.174853 -0.252626 0.247469 0.24024 0.938639 0.378743 0.316241 -0.38488 0.867098 0.400864 -0.930001 -0.306251 0.203246 -0.504429 0.187325 -0.870677 -0.454788 0.485926 
1537366861556 0.227395 0.927301 -0.29733 -0.636815 -0.94179 0.287062 0.175005 -0.252549 0.247635 0.240227 0.938599 0.378845 0.316531 -0.385118 0.866887 0.401814 -0.929976 -0.306103 0.20358 -0.50615 0.186955 -0.870623 -0.455042 0.486735 
1537366861741 0.227623 0.927248 -0.29732 -0.636978 -0.941777 0.287236 0.174789 -0.252736 0.247474 0.240223 0.938642 0.378721 0.16008 -0.304787 0.938871 0.370831 -0.775623 0.549475 0.310623 -0.528794 -0.61056 -0.777934 -0.14844 0.432481 
1537366861756 0.227655 0.92721 -0.297413 -0.636589 -0.94173 0.287322 0.174903 -0.252527 0.247625 0.240265 0.938592 0.378852 0.316241 -0.38488 0.867098 0.400864 -0.930001 -0.306251 0.203246 -0.504429 0.187325 -0.870677 -0.454788 0.485926 
1537366861817 0.227687 0.927172 -0.297507 -0.636201 -0.941683 0.287408 0.175015 -0.252318 0.247775 0.240308 0.938541 0.378983 0.316241 -0.38488 0.867098 0.400864 -0.930001 -0.306251 0.203246 -0.504429 0.187325 -0.870677 -0.454788 0.485926 
1537366862018 0.227719 0.927135 -0.2976 -0.635812 -0.941635 0.287494 0.175128 -0.252109 0.247925 0.240351 0.938491 0.379115 0.316241 -0.38488 0.867098 0.400864 -0.930001 -0.306251 0.203246 -0.504429 0.187325 -0.870677 -0.454788 0.485926 
1537366862245 0.227751 0.927097 -0.297693 -0.635424 -0.941588 0.287581 0.17524 -0.251899 0.248075 0.240393 0.93844 0.379246 0.316241 -0.38488 0.867098 0.400864 -0.930001 -0.306251 0.203246 -0.504429 0.187325 -0.870677 -0.454788 0.485926 
1537366862461 0.227782 0.927059 -0.297786 -0.635035 -0.941541 0.287667 0.175353 -0.25169 0.248225 0.240436 0.938389 0.379377 0.316241 -0.38488 0.867098 0.400864 -0.930001 -0.306251 0.203246 -0.504429 0.187325 -0.870677 -0.454788 0.485926 
1537366862469 0.227814 0.927021 -0.29788 -0.634646 -0.941494 0.287753 0.175465 -0.251481 0.248376 0.240478 0.938339 0.379508 0.316241 -0.38488 0.867098 0.400864 -0.930001 -0.306251 0.203246 -0.504429 0.187325 -0.870677 -0.454788 0.485926 
1537366862708 0.227846 0.926984 -0.297973 -0.634257 -0.941446 0.287839 0.175578 -0.251272 0.248526 0.240521 0.938288 0.379639 0.316241 -0.38488 0.867098 0.400864 -0.930001 -0.306251 0.203246 -0.504429 0.187325 -0.870677 -0.454788 0.485926 
1537366863017 0.227878 0.926946 -0.298066 -0.633869 -0.941399 0.287925 0.17569 -0.251062 0.248676 0.240563 0.938237 0.379771 0.316241 -0.38488 0.867098 0.400864 -0.930001 -0.306251 0.203246 -0.504429 0.187325 -0.870677 -0.454788 0.485926 
1537366863260 0.227894 0.926921 -0.298131 -0.633634 -0.941354 0.287992 0.175819 -0.25093 0.24883 0.240579 0.938193 0.379872 0.316531 -0.385118 0.866887 0.401814 -0.929976 -0.306103 0.20358 -0.50615 0.186955 -0.870623 -0.455042 0.486735 
1537366863453 0.228015 0.926909 -0.298076 -0.633794 -0.941345 0.288077 0.175728 -0.25101 0.248753 0.240523 0.938227 0.37979 0.16008 -0.304787 0.938871 0.370831 -0.775623 0.549475 0.310623 -0.528794 -0.61056 -0.777934 -0.14844 0.432481 
1537366863474 0.227987 0.926833 -0.298334 -0.633418 -0.941259 0.28819 0.176007 -0.250849 0.249106 0.240682 0.938093 0.379923 0.316241 -0.38488 0.867098 0.400864 -0.930001 -0.306251 0.203246 -0.504429 0.187325 -0.870677 -0.454788 0.485926 
1537366863512 0.22796 0.926756 -0.298592 -0.633042 -0.941172 0.288304 0.176286 -0.250689 0.24946 0.240841 0.937958 0.380057 0.316241 -0.38488 0.867098 0.400864 -0.930001 -0.306251 0.203246 -0.504429 0.187325 -0.870677 -0.454788 0.485926 
1537366863777 0.227933 0.926679 -0.298852 -0.632666 -0.941084 0.288418 0.176565 -0.250528 0.249813 0.241 0.937823 0.38019 0.316241 -0.38488 0.867098 0.400864 -0.930001 -0.306251 0.203246 -0.504429 0.187325 -0.870677 -0.454788 0.485926 
1537366863972 0.227906 0.926602 -0.299111 -0.63229 -0.940997 0.288533 0.176843 -0.250367 0.250167 0.241159 0.937688 0.380323 0.316241 -0.38488 0.867098 0.400864 -0.930001 -0.306251 0.203246 -0.504429 0.187325 -0.870677 -0.454788 0.485926 
1537366863978 0.227879 0.926525 -0.29937 -0.631914 -0.94091 0.288647 0.177122 -0.250207 0.25052 0.241317 0.937553 0.380457 0.316241 -0.38488 0.867098 0.400864 -0.930001 -0.306251 0.203246 -0.504429 0.187325 -0.870677 -0.454788 0.485926 
1537366864323 0.227852 0.926448 -0.299628 -0.631538 -0.940822 0.288761 0.177401 -0.250046 0.250874 0.241476 0.937418 0.38059 0.316241 -0.38488 0.867098 0.400864 -0.930001 -0.306251 0.203246 -0.504429 0.187325 -0.870677 -0.454788 0.485926 
1537366864545 0.227825 0.926371 -0.299887 -0.631162 -0.940734 0.288876 0.177679 -0.249885 0.251227 0.241634 0.937282 0.380723 0.316241 -0.38488 0.867098 0.400864 -0.930001 -0.306251 0.203246 -0.504429 0.187325 -0.870677 -0.454788 0.485926 
1537366864789 0.227797 0.926294 -0.300146 -0.630785 -0.940646 0.28899 0.177958 -0.249725 0.25158 0.241793 0.937147 0.380857 0.316241 -0.38488 0.867098 0.400864 -0.930001 -0.306251 0.203246 -0.504429 0.187325 -0.870677 -0.454788 0.485926 
1537366864977 0.227756 0.926229 -0.300378 -0.630551 -0.940561 0.289087 0.178251 -0.249635 0.251937 0.241926 0.937016 0.380963 0.316531 -0.385118 0.866887 0.401814 -0.929976 -0.306103 0.20358 -0.50615 0.186955 -0.870623 -0.455042 0.486735 
1537366865149 0.227872 0.926205 -0.300364 -0.630728 -0.94062 0.289111 0.177899 -0.249813 0.25161 0.24199 0.937088 0.380802 0.16008 -0.304787 0.938871 0.370831 -0.775623 0.549475 0.310623 -0.528794 -0.61056 -0.777934 -0.14844 0.432481 
1537366865161 0.22784 0.92615 -0.300558 -0.630465 -0.940546 0.289196 0.178153 -0.249728 0.251916 0.242098 0.936977 0.380898 0.316241 -0.38488 0.867098 0.400864 -0.930001 -0.306251 0.203246 -0.504429 0.187325 -0.870677 -0.454788 0.485926 
1537366865167 0.227807 0.926095 -0.300753 -0.630202 -0.940472 0.289282 0.178406 -0.249642 0.252223 0.242207 0.936867 0.380995 0.316241 -0.38488 0.867098 0.400864 -0.930001 -0.306251 0.203246 -0.504429 0.187325 -0.870677 -0.454788 0.485926 
1537366865174 0.227775 0.92604 -0.300947 -0.629939 -0.940397 0.289367 0.17866 -0.249557 0.25253 0.242315 0.936756 0.381091 0.316241 -0.38488 0.867098 0.400864 -0.930001 -0.306251 0.203246 -0.504429 0.187325 -0.870677 -0.454788 0.485926 
1537366865403 0.227742 0.925984 -0.301142 -0.629676 -0.940323 0.289454 0.178913 -0.249471 0.252837 0.242424 0.936645 0.381188 0.316241 -0.38488 0.867098 0.400864 -0.930001 -0.306251 0.203246 -0.504429 0.187325 -0.870677 -0.454788 0.485926 
1537366865573 0.22771 0.925929 -0.301336 -0.629413 -0.940248 0.289539 0.179166 -0.249386 0.253144 0.242533 0.936534 0.381284 0.316241 -0.38488 0.867098 0.400864 -0.930001 -0.306251 0.203246 -0.504429 0.187325 -0.870677 -0.454788 0.485926 
1537366865733 0.227677 0.925874 -0.301531 -0.62915 -0.940173 0.289625 0.17942 -0.2493 0.253451 0.242642 0.936423 0.381381 0.316241 -0.38488 0.867098 0.400864 -0.930001 -0.306251 0.203246 -0.504429 0.187325 -0.870677 -0.454788 0.485926 
1537366865901 0.227644 0.925818 -0.301726 -0.628887 -0.940098 0.289711 0.179673 -0.249215 0.253758 0.24275 0.936312 0.381477 0.316241 -0.38488 0.867098 0.400864 -0.930001 -0.306251 0.203246 -0.504429 0.187325 -0.870677 -0.454788 0.485926 
1537366866105 0.227611 0.925763 -0.30192 -0.628624 -0.940023 0.289797 0.179926 -0.249129 0.254065 0.242859 0.9362 0.381573 0.316241 -0.38488 0.867098 0.400864 -0.930001 -0.306251 0.203246 -0.504429 0.187325 -0.870677 -0.454788 0.485926 
1537366866326 0.227569 0.925716 -0.302098 -0.628452 -0.93995 0.289872 0.180189 -0.24909 0.254374 0.242951 0.936092 0.381652 0.316531 -0.385118 0.866887 0.401814 -0.929976 -0.306103 0.20358 -0.50615 0.186955 -0.870623 -0.455042 0.486735 
1537366866458 0.227486 0.9258 -0.301901 -0.628646 -0.940066 0.289663 0.179921 -0.249056 0.25402 0.242877 0.936207 0.381558 0.16008 -0.304787 0.938871 0.370831 -0.775623 0.549475 0.310623 -0.528794 -0.61056 -0.777934 -0.14844 0.432481 
1537366866464 0.227508 0.925768 -0.301982 -0.628449 -0.940024 0.289734 0.180023 -0.248971 0.254154 0.242914 0.936162 0.381623 0.316241 -0.38488 0.867098 0.400864 -0.930001 -0.306251 0.203246 -0.504429 0.187325 -0.870677 -0.454788 0.485926 
1537366866478 0.227529 0.925737 -0.302063 -0.628251 -0.939983 0.289805 0.180125 -0.248886 0.254288 0.242951 0.936116 0.381687 0.316241 -0.38488 0.867098 0.400864 -0.930001 -0.306251 0.203246 -0.504429 0.187325 -0.870677 -0.454788 0.485926 
1537366866655 0.227551 0.925705 -0.302145 -0.628054 -0.939942 0.289876 0.180227 -0.248801 0.254421 0.242988 0.93607 0.381751 0.316241 -0.38488 0.867098 0.400864 -0.930001 -0.306251 0.203246 -0.504429 0.187325 -0.870677 -0.454788 0.485926 
1537366866720 0.227572 0.925673 -0.302226 -0.627857 -0.9399 0.289946 0.180329 -0.248716 0.254555 0.243024 0.936024 0.381816 0.316241 -0.38488 0.867098 0.400864 -0.930001 -0.306251 0.203246 -0.504429 0.187325 -0.870677 -0.454788 0.485926 
1537366866729 0.227594 0.925641 -0.302308 -0.627659 -0.939859 0.290017 0.180431 -0.248631 0.254688 0.243062 0.935978 0.38188 0.316241 -0.38488 0.867098 0.400864 -0.930001 -0.306251 0.203246 -0.504429 0.187325 -0.870677 -0.454788 0.485926 
1537366866973 0.227615 0.925609 -0.302389 -0.627462 -0.939818 0.290088 0.180533 -0.248546 0.254822 0.243099 0.935932 0.381945 0.316241 -0.38488 0.867098 0.400864 -0.930001 -0.306251 0.203246 -0.504429 0.187325 -0.870677 -0.454788 0.485926 
1537366867073 0.227637 0.925577 -0.302471 -0.627265 -0.939776 0.290158 0.180635 -0.248461 0.254956 0.243136 0.935886 0.382009 0.316241 -0.38488 0.867098 0.400864 -0.930001 -0.306251 0.203246 -0.504429 0.187325 -0.870677 -0.454788 0.485926 
1537366867229 0.227658 0.925545 -0.302552 -0.627067 -0.939735 0.290229 0.180737 -0.248375 0.255089 0.243173 0.93584 0.382074 0.316241 -0.38488 0.867098 0.400864 -0.930001 -0.306251 0.203246 -0.504429 0.187325 -0.870677 -0.454788 0.485926 
1537366867332 0.227672 0.925519 -0.302621 -0.626938 -0.939695 0.290291 0.180846 -0.248325 0.255225 0.243198 0.935797 0.382125 0.316531 -0.385118 0.866887 0.401814 -0.929976 -0.306103 0.20358 -0.50615 0.186955 -0.870623 -0.455042 0.486735 
1537366867470 0.227582 0.925605 -0.302426 -0.627114 -0.939781 0.290106 0.180694 -0.248381 0.254987 0.243092 0.935889 0.38215 0.16008 -0.304787 0.938871 0.370831 -0.775623 0.549475 0.310623 -0.528794 -0.61056 -0.777934 -0.14844 0.432481 
1537366867516 0.227606 0.925631 -0.30233 -0.626926 -0.939765 0.29012 0.180755 -0.248313 0.255024 0.242978 0.935908 0.382189 0.316241 -0.38488 0.867098 0.400864 -0.930001 -0.306251 0.203246 -0.504429 0.187325 -0.870677 -0.454788 0.485926 
1537366867527 0.22763 0.925657 -0.302232 -0.626738 -0.939749 0.290133 0.180817 -0.248246 0.255063 0.242863 0.935928 0.382228 0.316241 -0.38488 0.867098 0.400864 -0.930001 -0.306251 0.203246 -0.504429 0.187325 -0.870677 -0.454788 0.485926 
1537366867535 0.227654 0.925682 -0.302136 -0.62655 -0.939733 0.290147 0.180879 -0.248178 0.255101 0.242749 0.935947 0.382268 0.316241 -0.38488 0.867098 0.400864 -0.930001 -0.306251 0.203246 -0.504429 0.187325 -0.870677 -0.454788 0.485926 
1537366867738 0.227678 0.925708 -0.30204 -0.626362 -0.939716 0.290161 0.180941 -0.24811 0.255139 0.242635 0.935966 0.382307 0.316241 -0.38488 0.867098 0.400864 -0.930001 -0.306251 0.203246 -0.504429 0.187325 -0.870677 -0.454788 0.485926 
1537366867744 0.227702 0.925733 -0.301943 -0.626174 -0.9397 0.290175 0.181003 -0.248043 0.255177 0.242521 0.935985 0.382346 0.316241 -0.38488 0.867098 0.400864 -0.930001 -0.306251 0.203246 -0.504429 0.187325 -0.870677 -0.454788 0.485926 
1537366867953 0.227726 0.925759 -0.301846 -0.625986 -0.939684 0.290188 0.181066 -0.247975 0.255215 0.242406 0.936004 0.382385 0.316241 -0.38488 0.867098 0.400864 -0.930001 -0.306251 0.203246 -0.504429 0.187325 -0.870677 -0.454788 0.485926 
1537366868014 0.22775 0.925784 -0.30175 -0.625798 -0.939668 0.290202 0.181127 -0.247907 0.255253 0.242293 0.936023 0.382424 0.316241 -0.38488 0.867098 0.400864 -0.930001 -0.306251 0.203246 -0.504429 0.187325 -0.870677 -0.454788 0.485926 
1537366868153 0.227774 0.92581 -0.301653 -0.62561 -0.939652 0.290216 0.181189 -0.24784 0.255291 0.242179 0.936043 0.382464 0.316241 -0.38488 0.867098 0.400864 -0.930001 -0.306251 0.203246 -0.504429 0.187325 -0.870677 -0.454788 0.485926 
1537366868165 0.227793 0.92584 -0.301547 -0.625475 -0.939636 0.290223 0.181257 -0.247799 0.255331 0.242055 0.936064 0.382493 0.316531 -0.385118 0.866887 0.401814 -0.929976 -0.306103 0.20358 -0.50615 0.186955 -0.870623 -0.455042 0.486735 
1537366868390 0.227805 0.925824 -0.301589 -0.625663 -0.93963 0.290246 0.181254 -0.247887 0.255345 0.242091 0.936051 0.382482 0.16008 -0.304787 0.938871 0.370831 -0.775623 0.549475 0.310623 -0.528794 -0.61056 -0.777934 -0.14844 0.432481 
1537366868402 0.227931 0.925761 -0.301685 -0.625427 -0.939605 0.290379 0.181169 -0.247799 0.255322 0.24217 0.936036 0.38255 0.316241 -0.38488 0.867098 0.400864 -0.930001 -0.306251 0.203246 -0.504429 0.187325 -0.870677 -0.454788 0.485926 
1537366868419 0.228057 0.925699 -0.301781 -0.62519 -0.939581 0.290511 0.181084 -0.247711 0.2553 0.24225 0.936022 0.382619 0.316241 -0.38488 0.867098 0.400864 -0.930001 -0.306251 0.203246 -0.504429 0.187325 -0.870677 -0.454788 0.485926 
1537366868637 0.228182 0.925636 -0.301877 -0.624954 -0.939556 0.290643 0.180999 -0.247623 0.255278 0.24233 0.936007 0.382687 0.316241 -0.38488 0.867098 0.400864 -0.930001 -0.306251 0.203246 -0.504429 0.187325 -0.870677 -0.454788 0.485926 
1537366868805 0.228308 0.925574 -0.301975 -0.624718 -0.939532 0.290775 0.180913 -0.247535 0.255255 0.242411 0.935992 0.382755 0.316241 -0.38488 0.867098 0.400864 -0.930001 -0.306251 0.203246 -0.504429 0.187325 -0.870677 -0.454788 0.485926 
1537366869011 0.228434 0.925511 -0.302071 -0.624481 -0.939507 0.290907 0.180828 -0.247447 0.255233 0.242491 0.935978 0.382824 0.316241 -0.38488 0.867098 0.400864 -0.930001 -0.306251 0.203246 -0.504429 0.187325 -0.870677 -0.454788 0.485926 
1537366869149 0.228559 0.925449 -0.302168 -0.624245 -0.939483 0.29104 0.180742 -0.247359 0.255211 0.242571 0.935963 0.382892 0.316241 -0.38488 0.867098 0.400864 -0.930001 -0.306251 0.203246 -0.504429 0.187325 -0.870677 -0.454788 0.485926 
1537366869174 0.228685 0.925386 -0.302264 -0.624009 -0.939458 0.291172 0.180657 -0.247271 0.255188 0.242651 0.935948 0.38296 0.316241 -0.38488 0.867098 0.400864 -0.930001 -0.306251 0.203246 -0.504429 0.187325 -0.870677 -0.454788 0.485926 
1537366869429 0.228811 0.925324 -0.302361 -0.623772 -0.939434 0.291304 0.180572 -0.247183 0.255166 0.242731 0.935934 0.383029 0.316241 -0.38488 0.867098 0.400864 -0.930001 -0.306251 0.203246 -0.504429 0.187325 -0.870677 -0.454788 0.485926 
1537366869634 0.228928 0.925268 -0.302442 -0.623618 -0.939411 0.291425 0.180495 -0.247137 0.255146 0.242797 0.935922 0.383081 0.316531 -0.385118 0.866887 0.401814 -0.929976 -0.306103 0.20358 -0.50615 0.186955 -0.870623 -0.455042 0.486735 
1537366869676 0.228634 0.925397 -0.302271 -0.62385 -0.939484 0.291112 0.18062 -0.247088 0.25514 0.242683 0.935953 0.383037 0.16008 -0.304787 0.938871 0.370831 -0.775623 0.549475 0.310623 -0.528794 -0.61056 -0.777934 -0.14844 0.432481 
1537366869691 0.228725 0.925403 -0.302182 -0.623534 -0.939412 0.291228 0.180808 -0.246991 0.255324 0.242518 0.935946 0.383123 0.316241 -0.38488 0.867098 0.400864 -0.930001 -0.306251 0.203246 -0.504429 0.187325 -0.870677 -0.454788 0.485926 
1537366869801 0.228814 0.92541 -0.302093 -0.623217 -0.93934 0.291343 0.180995 -0.246894 0.255507 0.242354 0.935939 0.383209 0.316241 -0.38488 0.867098 0.400864 -0.930001 -0.306251 0.203246 -0.504429 0.187325 -0.870677 -0.454788 0.485926 
1537366869981 0.228903 0.925417 -0.302003 -0.6229 -0.939269 0.291457 0.181182 -0.246797 0.25569 0.242189 0.935931 0.383295 0.316241 -0.38488 0.867098 0.400864 -0.930001 -0.306251 0.203246 -0.504429 0.187325 -0.870677 -0.454788 0.485926 
1537366870176 0.228993 0.925424 -0.301914 -0.622584 -0.939197 0.291572 0.181369 -0.2467 0.255873 0.242025 0.935924 0.383381 0.316241 -0.38488 0.867098 0.400864 -0.930001 -0.306251 0.203246 -0.504429 0.187325 -0.870677 -0.454788 0.485926 
1537366870408 0.229083 0.925431 -0.301825 -0.622267 -0.939125 0.291686 0.181556 -0.246602 0.256056 0.24186 0.935916 0.383467 0.316241 -0.38488 0.867098 0.400864 -0.930001 -0.306251 0.203246 -0.504429 0.187325 -0.870677 -0.454788 0.485926 
1537366870593 0.229173 0.925438 -0.301736 -0.621951 -0.939054 0.291801 0.181743 -0.246505 0.256239 0.241695 0.935909 0.383553 0.316241 -0.38488 0.867098 0.400864 -0.930001 -0.306251 0.203246 -0.504429 0.187325 -0.870677 -0.454788 0.485926 
1537366870801 0.229262 0.925445 -0.301646 -0.621634 -0.938982 0.291915 0.18193 -0.246408 0.256422 0.241531 0.935901 0.383639 0.316241 -0.38488 0.867098 0.400864 -0.930001 -0.306251 0.203246 -0.504429 0.187325 -0.870677 -0.454788 0.485926 
1537366870813 0.229352 0.925452 -0.301557 -0.621318 -0.93891 0.29203 0.182117 -0.246311 0.256605 0.241366 0.935893 0.383725 0.316241 -0.38488 0.867098 0.400864 -0.930001 -0.306251 0.203246 -0.504429 0.187325 -0.870677 -0.454788 0.485926 
1537366871065 0.229433 0.925466 -0.301452 -0.621087 -0.93884 0.292133 0.182314 -0.246258 0.256789 0.241186 0.935889 0.383794 0.316531 -0.385118 0.866887 0.401814 -0.929976 -0.306103 0.20358 -0.50615 0.186955 -0.870623 -0.455042 0.486735 
1537366871179 0.22938 0.925453 -0.301532 -0.621301 -0.938908 0.292047 0.182099 -0.246389 0.256585 0.241341 0.935905 0.383779 0.16008 -0.304787 0.938871 0.370831 -0.775623 0.549475 0.310623 -0.528794 -0.61056 -0.777934 -0.14844 0.432481 
1537366871189 0.229584 0.925432 -0.30144 -0.620952 -0.938795 0.292281 0.182305 -0.246261 0.256817 0.241136 0.935895 0.383858 0.316241 -0.38488 0.867098 0.400864 -0.930001 -0.306251 0.203246 -0.504429 0.187325 -0.870677 -0.454788 0.485926 
1537366871284 0.229789 0.925411 -0.301349 -0.620603 -0.938682 0.292516 0.182511 -0.246134 0.257048 0.240932 0.935884 0.383938 0.316241 -0.38488 0.867098 0.400864 -0.930001 -0.306251 0.203246 -0.504429 0.187325 -0.870677 -0.454788 0.485926 
1537366871497 0.229992 0.925391 -0.301257 -0.620254 -0.938569 0.292751 0.182718 -0.246006 0.257279 0.240727 0.935873 0.384017 0.316241 -0.38488 0.867098 0.400864 -0.930001 -0.306251 0.203246 -0.504429 0.187325 -0.870677 -0.454788 0.485926 
1537366871704 0.230197 0.925369 -0.301166 -0.619905 -0.938455 0.292986 0.182924 -0.245878 0.25751 0.240522 0.935862 0.384097 0.316241 -0.38488 0.867098 0.400864 -0.930001 -0.306251 0.203246 -0.504429 0.187325 -0.870677 -0.454788 0.485926 
1537366871906 0.230401 0.925348 -0.301075 -0.619556 -0.938342 0.29322 0.18313 -0.245751 0.25774 0.240318 0.935851 0.384176 0.316241 -0.38488 0.867098 0.400864 -0.930001 -0.306251 0.203246 -0.504429 0.187325 -0.870677 -0.454788 0.485926 
1537366872107 0.230605 0.925327 -0.300983 -0.619207 -0.938228 0.293454 0.183337 -0.245623 0.257971 0.240113 0.93584 0.384256 0.316241 -0.38488 0.867098 0.400864 -0.930001 -0.306251 0.203246 -0.504429 0.187325 -0.870677 -0.454788 0.485926 
