1537385390981 0.211581 0.919404 -0.331556 -0.474769 -0.943038 0.281155 0.177849 -0.173175 0.256734 0.275041 0.926521 0.473749 0.16008 -0.304787 0.938871 0.370831 -0.775623 0.549475 0.310623 -0.528794 -0.61056 -0.777934 -0.14844 0.432481 
1537385391006 0.214747 0.920183 -0.327333 -0.490974 -0.942509 0.283115 0.177546 -0.181083 0.256047 0.270387 0.928079 0.463829 0.316225 -0.384867 0.86711 0.400813 -0.930002 -0.30626 0.203228 -0.504337 0.187345 -0.870679 -0.454774 0.485882 
1537385391902 0.217908 0.920934 -0.323104 -0.50718 -0.941974 0.285074 0.177252 -0.188991 0.255346 0.26573 0.929616 0.453908 0.316225 -0.384867 0.86711 0.400813 -0.930002 -0.30626 0.203228 -0.504337 0.187345 -0.870679 -0.454774 0.485882 
1537385393005 0.221065 0.921659 -0.318866 -0.523385 -0.941432 0.287033 0.176967 -0.1969 0.254628 0.261069 0.931132 0.443987 0.316225 -0.384867 0.86711 0.400813 -0.930002 -0.30626 0.203228 -0.504337 0.187345 -0.870679 -0.454774 0.485882 
1537385394066 0.224217 0.922356 -0.31462 -0.53959 -0.940885 0.288992 0.176691 -0.204809 0.253895 0.256404 0.932628 0.434066 0.316225 -0.384867 0.86711 0.400813 -0.930002 -0.30626 0.203228 -0.504337 0.187345 -0.870679 -0.454774 0.485882 
1537385395196 0.227365 0.923027 -0.310366 -0.555793 -0.940331 0.29095 0.176425 -0.212717 0.253146 0.251734 0.934102 0.424145 0.316225 -0.384867 0.86711 0.400813 -0.930002 -0.30626 0.203228 -0.504337 0.187345 -0.870679 -0.454774 0.485882 
1537385396285 0.230508 0.92367 -0.306105 -0.571994 -0.939771 0.292908 0.176167 -0.220623 0.252381 0.247061 0.935556 0.414224 0.316225 -0.384867 0.86711 0.400813 -0.930002 -0.30626 0.203228 -0.504337 0.187345 -0.870679 -0.454774 0.485882 
1537385397341 0.233646 0.924285 -0.301838 -0.588191 -0.939205 0.294866 0.175918 -0.228528 0.2516 0.242385 0.936988 0.404305 0.316225 -0.384867 0.86711 0.400813 -0.930002 -0.30626 0.203228 -0.504337 0.187345 -0.870679 -0.454774 0.485882 
1537385397344 0.236781 0.924873 -0.297564 -0.60438 -0.938633 0.296825 0.175677 -0.23643 0.250804 0.237706 0.938399 0.394387 0.316225 -0.384867 0.86711 0.400813 -0.930002 -0.30626 0.203228 -0.504337 0.187345 -0.870679 -0.454774 0.485882 
1537385398997 0.240104 0.925271 -0.29364 -0.618695 -0.938016 0.299025 0.175242 -0.243371 0.249952 0.233363 0.939716 0.384836 0.316379 -0.384993 0.866998 0.401317 -0.929989 -0.306181 0.203405 -0.505249 0.187149 -0.870651 -0.454908 0.48631 
1537385400036 0.240795 0.924967 -0.29403 -0.618473 -0.93792 0.29968 0.174636 -0.243568 0.249648 0.233725 0.939707 0.385096 0.16008 -0.304787 0.938871 0.370831 -0.775623 0.549475 0.310623 -0.528794 -0.61056 -0.777934 -0.14844 0.432481 
1537385400051 0.240816 0.924506 -0.29546 -0.620437 -0.938105 0.29979 0.173448 -0.244266 0.248929 0.235403 0.939478 0.384372 0.316241 -0.38488 0.867098 0.400864 -0.930001 -0.306251 0.203246 -0.504429 0.187325 -0.870677 -0.454788 0.485926 
1537385400491 0.240839 0.924042 -0.296889 -0.622401 -0.93829 0.299899 0.17226 -0.244964 0.248212 0.237081 0.939246 0.383649 0.316241 -0.38488 0.867098 0.400864 -0.930001 -0.306251 0.203246 -0.504429 0.187325 -0.870677 -0.454788 0.485926 
1537385400497 0.240863 0.923575 -0.298318 -0.624365 -0.938473 0.300005 0.171071 -0.245662 0.247494 0.238759 0.939011 0.382925 0.316241 -0.38488 0.867098 0.400864 -0.930001 -0.306251 0.203246 -0.504429 0.187325 -0.870677 -0.454788 0.485926 
1537385401050 0.240888 0.923106 -0.299747 -0.626328 -0.938656 0.300109 0.169882 -0.24636 0.246776 0.240436 0.938771 0.382202 0.316241 -0.38488 0.867098 0.400864 -0.930001 -0.306251 0.203246 -0.504429 0.187325 -0.870677 -0.454788 0.485926 
1537385401489 0.240914 0.922635 -0.301174 -0.62829 -0.938837 0.300211 0.168693 -0.247058 0.246058 0.242113 0.938529 0.381478 0.316241 -0.38488 0.867098 0.400864 -0.930001 -0.306251 0.203246 -0.504429 0.187325 -0.870677 -0.454788 0.485926 
1537385401897 0.240941 0.92216 -0.302601 -0.630253 -0.939018 0.300311 0.167504 -0.247755 0.24534 0.243789 0.938283 0.380755 0.316241 -0.38488 0.867098 0.400864 -0.930001 -0.306251 0.203246 -0.504429 0.187325 -0.870677 -0.454788 0.485926 
1537385402296 0.24097 0.921684 -0.304027 -0.632214 -0.939199 0.300409 0.166314 -0.248452 0.244621 0.245465 0.938034 0.380032 0.316241 -0.38488 0.867098 0.400864 -0.930001 -0.306251 0.203246 -0.504429 0.187325 -0.870677 -0.454788 0.485926 
1537385402702 0.240999 0.921205 -0.305452 -0.634176 -0.939378 0.300505 0.165124 -0.249149 0.243903 0.24714 0.937781 0.379309 0.316241 -0.38488 0.867098 0.400864 -0.930001 -0.306251 0.203246 -0.504429 0.187325 -0.870677 -0.454788 0.485926 
1537385403113 0.241084 0.920675 -0.306978 -0.635582 -0.939545 0.300666 0.163875 -0.249571 0.243174 0.248912 0.937502 0.378693 0.316531 -0.385118 0.866887 0.401814 -0.929976 -0.306103 0.20358 -0.50615 0.186955 -0.870623 -0.455042 0.486735 
1537385403453 0.241051 0.920771 -0.306716 -0.635346 -0.939527 0.300615 0.164072 -0.249491 0.243277 0.248619 0.937553 0.378798 0.16008 -0.304787 0.938871 0.370831 -0.775623 0.549475 0.310623 -0.528794 -0.61056 -0.777934 -0.14844 0.432481 
1537385403467 0.240262 0.920662 -0.307662 -0.635974 -0.939388 0.300384 0.165288 -0.249806 0.244591 0.249302 0.937029 0.37872 0.316241 -0.38488 0.867098 0.400864 -0.930001 -0.306251 0.203246 -0.504429 0.187325 -0.870677 -0.454788 0.485926 
1537385403715 0.239471 0.920552 -0.308607 -0.636602 -0.939247 0.300153 0.166504 -0.250121 0.245905 0.249985 0.936503 0.378642 0.316241 -0.38488 0.867098 0.400864 -0.930001 -0.306251 0.203246 -0.504429 0.187325 -0.870677 -0.454788 0.485926 
1537385403969 0.238679 0.920441 -0.30955 -0.63723 -0.939104 0.299924 0.16772 -0.250436 0.247218 0.250668 0.935975 0.378564 0.316241 -0.38488 0.867098 0.400864 -0.930001 -0.306251 0.203246 -0.504429 0.187325 -0.870677 -0.454788 0.485926 
1537385404239 0.237885 0.920329 -0.310492 -0.637858 -0.938959 0.299695 0.168936 -0.250751 0.24853 0.251352 0.935444 0.378486 0.316241 -0.38488 0.867098 0.400864 -0.930001 -0.306251 0.203246 -0.504429 0.187325 -0.870677 -0.454788 0.485926 
1537385404471 0.23709 0.920216 -0.311433 -0.638486 -0.938812 0.299466 0.170153 -0.251066 0.249841 0.252036 0.93491 0.378408 0.316241 -0.38488 0.867098 0.400864 -0.930001 -0.306251 0.203246 -0.504429 0.187325 -0.870677 -0.454788 0.485926 
1537385404741 0.236293 0.920103 -0.312373 -0.639114 -0.938663 0.299239 0.171369 -0.251381 0.251151 0.25272 0.934375 0.37833 0.316241 -0.38488 0.867098 0.400864 -0.930001 -0.306251 0.203246 -0.504429 0.187325 -0.870677 -0.454788 0.485926 
1537385404984 0.235495 0.919988 -0.313311 -0.639741 -0.938513 0.299013 0.172585 -0.251696 0.25246 0.253404 0.933836 0.378252 0.316241 -0.38488 0.867098 0.400864 -0.930001 -0.306251 0.203246 -0.504429 0.187325 -0.870677 -0.454788 0.485926 
1537385405227 0.234696 0.919873 -0.314249 -0.640369 -0.93836 0.298787 0.173801 -0.252011 0.253768 0.254088 0.933296 0.378174 0.316241 -0.38488 0.867098 0.400864 -0.930001 -0.306251 0.203246 -0.504429 0.187325 -0.870677 -0.454788 0.485926 
1537385405458 0.233918 0.919736 -0.315226 -0.640766 -0.938201 0.29859 0.174992 -0.252211 0.25507 0.254812 0.932743 0.37814 0.316531 -0.385118 0.866887 0.401814 -0.929976 -0.306103 0.20358 -0.50615 0.186955 -0.870623 -0.455042 0.486735 
1537385405666 0.23424 0.91979 -0.314831 -0.640548 -0.938308 0.298632 0.174348 -0.252099 0.254382 0.254569 0.932997 0.378161 0.16008 -0.304787 0.938871 0.370831 -0.775623 0.549475 0.310623 -0.528794 -0.61056 -0.777934 -0.14844 0.432481 
1537385405680 0.233769 0.92001 -0.314537 -0.640806 -0.938323 0.298234 0.174948 -0.252282 0.25476 0.25424 0.932984 0.378132 0.316241 -0.38488 0.867098 0.400864 -0.930001 -0.306251 0.203246 -0.504429 0.187325 -0.870677 -0.454788 0.485926 
1537385405694 0.233297 0.920231 -0.314242 -0.641063 -0.938337 0.297835 0.175549 -0.252466 0.255138 0.25391 0.932971 0.378104 0.316241 -0.38488 0.867098 0.400864 -0.930001 -0.306251 0.203246 -0.504429 0.187325 -0.870677 -0.454788 0.485926 
1537385405700 0.232826 0.92045 -0.313948 -0.641321 -0.938352 0.297435 0.17615 -0.252649 0.255516 0.253581 0.932957 0.378076 0.316241 -0.38488 0.867098 0.400864 -0.930001 -0.306251 0.203246 -0.504429 0.187325 -0.870677 -0.454788 0.485926 
1537385405978 0.232355 0.92067 -0.313653 -0.641578 -0.938365 0.297035 0.17675 -0.252832 0.255895 0.253252 0.932942 0.378047 0.316241 -0.38488 0.867098 0.400864 -0.930001 -0.306251 0.203246 -0.504429 0.187325 -0.870677 -0.454788 0.485926 
1537385406159 0.231883 0.920889 -0.313358 -0.641836 -0.938379 0.296636 0.17735 -0.253016 0.256273 0.252924 0.932928 0.378019 0.316241 -0.38488 0.867098 0.400864 -0.930001 -0.306251 0.203246 -0.504429 0.187325 -0.870677 -0.454788 0.485926 
1537385406362 0.231412 0.921108 -0.313062 -0.642093 -0.938391 0.296235 0.17795 -0.253199 0.256652 0.252595 0.932913 0.37799 0.316241 -0.38488 0.867098 0.400864 -0.930001 -0.306251 0.203246 -0.504429 0.187325 -0.870677 -0.454788 0.485926 
1537385406564 0.230941 0.921327 -0.312766 -0.642351 -0.938404 0.295835 0.17855 -0.253382 0.25703 0.252267 0.932897 0.377962 0.316241 -0.38488 0.867098 0.400864 -0.930001 -0.306251 0.203246 -0.504429 0.187325 -0.870677 -0.454788 0.485926 
1537385406812 0.23047 0.921545 -0.31247 -0.642608 -0.938416 0.295434 0.17915 -0.253565 0.257409 0.251938 0.932881 0.377933 0.316241 -0.38488 0.867098 0.400864 -0.930001 -0.306251 0.203246 -0.504429 0.187325 -0.870677 -0.454788 0.485926 
1537385407017 0.230014 0.92175 -0.312202 -0.642708 -0.938424 0.295052 0.179733 -0.25367 0.257785 0.251637 0.932859 0.377935 0.316531 -0.385118 0.866887 0.401814 -0.929976 -0.306103 0.20358 -0.50615 0.186955 -0.870623 -0.455042 0.486735 
1537385407161 0.230314 0.921594 -0.312441 -0.642644 -0.938469 0.295267 0.179148 -0.253494 0.257355 0.251956 0.932891 0.377917 0.16008 -0.304787 0.938871 0.370831 -0.775623 0.549475 0.310623 -0.528794 -0.61056 -0.777934 -0.14844 0.432481 
1537385407172 0.2302 0.921832 -0.311823 -0.64275 -0.938554 0.294982 0.179168 -0.253601 0.257145 0.251418 0.933094 0.377873 0.316241 -0.38488 0.867098 0.400864 -0.930001 -0.306251 0.203246 -0.504429 0.187325 -0.870677 -0.454788 0.485926 
1537385407189 0.230086 0.92207 -0.311204 -0.642856 -0.93864 0.294698 0.179188 -0.253709 0.256935 0.25088 0.933297 0.377829 0.316241 -0.38488 0.867098 0.400864 -0.930001 -0.306251 0.203246 -0.504429 0.187325 -0.870677 -0.454788 0.485926 
1537385407197 0.229971 0.922307 -0.310586 -0.642961 -0.938725 0.294413 0.179208 -0.253816 0.256725 0.250342 0.933499 0.377785 0.316241 -0.38488 0.867098 0.400864 -0.930001 -0.306251 0.203246 -0.504429 0.187325 -0.870677 -0.454788 0.485926 
1537385407406 0.229857 0.922543 -0.309967 -0.643067 -0.938811 0.294129 0.179227 -0.253923 0.256515 0.249804 0.933701 0.377741 0.316241 -0.38488 0.867098 0.400864 -0.930001 -0.306251 0.203246 -0.504429 0.187325 -0.870677 -0.454788 0.485926 
1537385407494 0.229742 0.92278 -0.309349 -0.643173 -0.938896 0.293844 0.179246 -0.254031 0.256305 0.249266 0.933903 0.377697 0.316241 -0.38488 0.867098 0.400864 -0.930001 -0.306251 0.203246 -0.504429 0.187325 -0.870677 -0.454788 0.485926 
1537385407516 0.229627 0.923015 -0.30873 -0.643278 -0.938982 0.29356 0.179265 -0.254138 0.256095 0.248728 0.934104 0.377653 0.316241 -0.38488 0.867098 0.400864 -0.930001 -0.306251 0.203246 -0.504429 0.187325 -0.870677 -0.454788 0.485926 
1537385407728 0.229512 0.923251 -0.308111 -0.643384 -0.939067 0.293275 0.179283 -0.254245 0.255885 0.248189 0.934304 0.377608 0.316241 -0.38488 0.867098 0.400864 -0.930001 -0.306251 0.203246 -0.504429 0.187325 -0.870677 -0.454788 0.485926 
1537385407826 0.229397 0.923486 -0.307492 -0.64349 -0.939152 0.29299 0.179302 -0.254353 0.255675 0.247651 0.934505 0.377564 0.316241 -0.38488 0.867098 0.400864 -0.930001 -0.306251 0.203246 -0.504429 0.187325 -0.870677 -0.454788 0.485926 
1537385407965 0.229291 0.923712 -0.306891 -0.643497 -0.939236 0.292718 0.17931 -0.254411 0.255463 0.247129 0.934701 0.377539 0.316531 -0.385118 0.866887 0.401814 -0.929976 -0.306103 0.20358 -0.50615 0.186955 -0.870623 -0.455042 0.486735 
1537385408053 0.229515 0.923367 -0.307762 -0.643416 -0.939101 0.293177 0.179268 -0.254352 0.255759 0.247874 0.934423 0.377496 0.16008 -0.304787 0.938871 0.370831 -0.775623 0.549475 0.310623 -0.528794 -0.61056 -0.777934 -0.14844 0.432481 
1537385408069 0.229743 0.923378 -0.307558 -0.643419 -0.938997 0.293399 0.179447 -0.254376 0.255934 0.24757 0.934455 0.377468 0.316241 -0.38488 0.867098 0.400864 -0.930001 -0.306251 0.203246 -0.504429 0.187325 -0.870677 -0.454788 0.485926 
1537385408089 0.22997 0.923389 -0.307355 -0.643422 -0.938894 0.293621 0.179626 -0.254401 0.25611 0.247265 0.934488 0.37744 0.316241 -0.38488 0.867098 0.400864 -0.930001 -0.306251 0.203246 -0.504429 0.187325 -0.870677 -0.454788 0.485926 
1537385408105 0.230197 0.9234 -0.30715 -0.643425 -0.93879 0.293842 0.179806 -0.254425 0.256286 0.246959 0.934521 0.377412 0.316241 -0.38488 0.867098 0.400864 -0.930001 -0.306251 0.203246 -0.504429 0.187325 -0.870677 -0.454788 0.485926 
1537385408124 0.230424 0.923411 -0.306947 -0.643428 -0.938686 0.294064 0.179985 -0.254449 0.256462 0.246654 0.934553 0.377384 0.316241 -0.38488 0.867098 0.400864 -0.930001 -0.306251 0.203246 -0.504429 0.187325 -0.870677 -0.454788 0.485926 
1537385408138 0.230651 0.923422 -0.306743 -0.64343 -0.938583 0.294285 0.180165 -0.254473 0.256638 0.246348 0.934585 0.377356 0.316241 -0.38488 0.867098 0.400864 -0.930001 -0.306251 0.203246 -0.504429 0.187325 -0.870677 -0.454788 0.485926 
1537385408238 0.230879 0.923433 -0.30654 -0.643433 -0.938479 0.294507 0.180344 -0.254498 0.256813 0.246043 0.934617 0.377328 0.316241 -0.38488 0.867098 0.400864 -0.930001 -0.306251 0.203246 -0.504429 0.187325 -0.870677 -0.454788 0.485926 
1537385408245 0.231106 0.923444 -0.306336 -0.643436 -0.938375 0.294728 0.180524 -0.254522 0.256989 0.245738 0.93465 0.3773 0.316241 -0.38488 0.867098 0.400864 -0.930001 -0.306251 0.203246 -0.504429 0.187325 -0.870677 -0.454788 0.485926 
1537385408309 0.231333 0.923455 -0.306132 -0.643439 -0.938271 0.294949 0.180703 -0.254546 0.257164 0.245432 0.934682 0.377272 0.316241 -0.38488 0.867098 0.400864 -0.930001 -0.306251 0.203246 -0.504429 0.187325 -0.870677 -0.454788 0.485926 
1537385408340 0.231562 0.923464 -0.305931 -0.643425 -0.938166 0.295172 0.180881 -0.254562 0.25734 0.245129 0.934713 0.377248 0.316531 -0.385118 0.866887 0.401814 -0.929976 -0.306103 0.20358 -0.50615 0.186955 -0.870623 -0.455042 0.486735 
1537385408407 0.230755 0.923436 -0.306623 -0.643416 -0.938541 0.294375 0.180235 -0.254476 0.256698 0.246188 0.934611 0.377323 0.16008 -0.304787 0.938871 0.370831 -0.775623 0.549475 0.310623 -0.528794 -0.61056 -0.777934 -0.14844 0.432481 
1537385408425 0.231265 0.923352 -0.306491 -0.643229 -0.938467 0.294784 0.179953 -0.254398 0.256509 0.246015 0.934708 0.377396 0.316241 -0.38488 0.867098 0.400864 -0.930001 -0.306251 0.203246 -0.504429 0.187325 -0.870677 -0.454788 0.485926 
1537385408599 0.231777 0.923267 -0.30636 -0.643042 -0.938392 0.295193 0.17967 -0.25432 0.256319 0.245843 0.934806 0.377468 0.316241 -0.38488 0.867098 0.400864 -0.930001 -0.306251 0.203246 -0.504429 0.187325 -0.870677 -0.454788 0.485926 
1537385408735 0.232288 0.923183 -0.306228 -0.642855 -0.938318 0.295601 0.179388 -0.254242 0.256129 0.24567 0.934903 0.377541 0.316241 -0.38488 0.867098 0.400864 -0.930001 -0.306251 0.203246 -0.504429 0.187325 -0.870677 -0.454788 0.485926 
1537385408847 0.2328 0.923097 -0.306097 -0.642669 -0.938243 0.296011 0.179105 -0.254165 0.255939 0.245498 0.935001 0.377614 0.316241 -0.38488 0.867098 0.400864 -0.930001 -0.306251 0.203246 -0.504429 0.187325 -0.870677 -0.454788 0.485926 
1537385408996 0.233311 0.923012 -0.305965 -0.642482 -0.938167 0.296419 0.178822 -0.254087 0.255749 0.245325 0.935098 0.377687 0.316241 -0.38488 0.867098 0.400864 -0.930001 -0.306251 0.203246 -0.504429 0.187325 -0.870677 -0.454788 0.485926 
1537385409070 0.233823 0.922926 -0.305833 -0.642295 -0.938092 0.296828 0.17854 -0.254009 0.255559 0.245153 0.935195 0.377759 0.316241 -0.38488 0.867098 0.400864 -0.930001 -0.306251 0.203246 -0.504429 0.187325 -0.870677 -0.454788 0.485926 
1537385409205 0.234334 0.922841 -0.305701 -0.642108 -0.938016 0.297237 0.178257 -0.253931 0.255369 0.24498 0.935292 0.377832 0.316241 -0.38488 0.867098 0.400864 -0.930001 -0.306251 0.203246 -0.504429 0.187325 -0.870677 -0.454788 0.485926 
1537385409286 0.234845 0.922755 -0.305568 -0.641921 -0.93794 0.297646 0.177975 -0.253853 0.255178 0.244808 0.935389 0.377905 0.316241 -0.38488 0.867098 0.400864 -0.930001 -0.306251 0.203246 -0.504429 0.187325 -0.870677 -0.454788 0.485926 
1537385409297 0.235347 0.922676 -0.305419 -0.641824 -0.937866 0.298044 0.177702 -0.25382 0.254989 0.244621 0.93549 0.37796 0.316531 -0.385118 0.866887 0.401814 -0.929976 -0.306103 0.20358 -0.50615 0.186955 -0.870623 -0.455042 0.486735 
1537385409491 0.234636 0.922828 -0.305506 -0.642034 -0.937932 0.297494 0.17827 -0.253761 0.255399 0.244716 0.935353 0.377944 0.16008 -0.304787 0.938871 0.370831 -0.775623 0.549475 0.310623 -0.528794 -0.61056 -0.777934 -0.14844 0.432481 
1537385409508 0.234894 0.922752 -0.305537 -0.641655 -0.937891 0.297722 0.178107 -0.253617 0.255313 0.244724 0.935374 0.378082 0.316241 -0.38488 0.867098 0.400864 -0.930001 -0.306251 0.203246 -0.504429 0.187325 -0.870677 -0.454788 0.485926 
1537385409654 0.235165 0.922675 -0.305563 -0.641274 -0.937848 0.29796 0.177937 -0.253469 0.255224 0.244727 0.935398 0.378222 0.316241 -0.38488 0.867098 0.400864 -0.930001 -0.306251 0.203246 -0.504429 0.187325 -0.870677 -0.454788 0.485926 
1537385409885 0.235436 0.922597 -0.305589 -0.640894 -0.937804 0.298199 0.177768 -0.253322 0.255135 0.24473 0.935422 0.378363 0.316241 -0.38488 0.867098 0.400864 -0.930001 -0.306251 0.203246 -0.504429 0.187325 -0.870677 -0.454788 0.485926 
1537385410068 0.235707 0.922519 -0.305616 -0.640513 -0.93776 0.298437 0.177599 -0.253174 0.255046 0.244733 0.935445 0.378503 0.316241 -0.38488 0.867098 0.400864 -0.930001 -0.306251 0.203246 -0.504429 0.187325 -0.870677 -0.454788 0.485926 
1537385410303 0.235978 0.922441 -0.305642 -0.640132 -0.937716 0.298675 0.17743 -0.253027 0.254956 0.244736 0.935469 0.378643 0.316241 -0.38488 0.867098 0.400864 -0.930001 -0.306251 0.203246 -0.504429 0.187325 -0.870677 -0.454788 0.485926 
1537385410557 0.236249 0.922363 -0.305668 -0.639751 -0.937672 0.298914 0.177261 -0.252879 0.254867 0.244739 0.935492 0.378784 0.316241 -0.38488 0.867098 0.400864 -0.930001 -0.306251 0.203246 -0.504429 0.187325 -0.870677 -0.454788 0.485926 
1537385410759 0.23652 0.922285 -0.305694 -0.63937 -0.937628 0.299152 0.177092 -0.252732 0.254778 0.244742 0.935516 0.378924 0.316241 -0.38488 0.867098 0.400864 -0.930001 -0.306251 0.203246 -0.504429 0.187325 -0.870677 -0.454788 0.485926 
1537385410954 0.236791 0.922207 -0.30572 -0.638989 -0.937584 0.29939 0.176923 -0.252584 0.254689 0.244745 0.935539 0.379064 0.316241 -0.38488 0.867098 0.400864 -0.930001 -0.306251 0.203246 -0.504429 0.187325 -0.870677 -0.454788 0.485926 
1537385411189 0.237046 0.922142 -0.305717 -0.63877 -0.937543 0.299609 0.17677 -0.252517 0.254603 0.24472 0.935569 0.379174 0.316531 -0.385118 0.866887 0.401814 -0.929976 -0.306103 0.20358 -0.50615 0.186955 -0.870623 -0.455042 0.486735 
1537385411348 0.236998 0.922153 -0.305723 -0.638931 -0.937557 0.299563 0.176772 -0.252687 0.254594 0.244738 0.935567 0.379059 0.16008 -0.304787 0.938871 0.370831 -0.775623 0.549475 0.310623 -0.528794 -0.61056 -0.777934 -0.14844 0.432481 
1537385411361 0.236959 0.922137 -0.305799 -0.638448 -0.937445 0.299657 0.177206 -0.252498 0.255043 0.24468 0.93546 0.379206 0.316241 -0.38488 0.867098 0.400864 -0.930001 -0.306251 0.203246 -0.504429 0.187325 -0.870677 -0.454788 0.485926 
1537385411584 0.23692 0.922122 -0.305875 -0.637964 -0.937333 0.299752 0.17764 -0.252308 0.255493 0.24462 0.935352 0.379352 0.316241 -0.38488 0.867098 0.400864 -0.930001 -0.306251 0.203246 -0.504429 0.187325 -0.870677 -0.454788 0.485926 
1537385411596 0.236881 0.922107 -0.305951 -0.637481 -0.93722 0.299847 0.178075 -0.252119 0.255943 0.244561 0.935245 0.379499 0.316241 -0.38488 0.867098 0.400864 -0.930001 -0.306251 0.203246 -0.504429 0.187325 -0.870677 -0.454788 0.485926 
1537385411909 0.236841 0.922092 -0.306027 -0.636997 -0.937107 0.299942 0.178509 -0.25193 0.256392 0.244502 0.935137 0.379646 0.316241 -0.38488 0.867098 0.400864 -0.930001 -0.306251 0.203246 -0.504429 0.187325 -0.870677 -0.454788 0.485926 
1537385412140 0.236802 0.922077 -0.306103 -0.636514 -0.936994 0.300037 0.178943 -0.25174 0.256841 0.244442 0.93503 0.379792 0.316241 -0.38488 0.867098 0.400864 -0.930001 -0.306251 0.203246 -0.504429 0.187325 -0.870677 -0.454788 0.485926 
1537385412382 0.236763 0.922062 -0.306179 -0.63603 -0.93688 0.300132 0.179377 -0.251551 0.257291 0.244383 0.934922 0.379939 0.316241 -0.38488 0.867098 0.400864 -0.930001 -0.306251 0.203246 -0.504429 0.187325 -0.870677 -0.454788 0.485926 
1537385412634 0.236724 0.922047 -0.306254 -0.635547 -0.936767 0.300227 0.179811 -0.251361 0.25774 0.244323 0.934813 0.380086 0.316241 -0.38488 0.867098 0.400864 -0.930001 -0.306251 0.203246 -0.504429 0.187325 -0.870677 -0.454788 0.485926 
1537385412863 0.236684 0.922032 -0.30633 -0.635063 -0.936653 0.300321 0.180245 -0.251172 0.258189 0.244264 0.934705 0.380232 0.316241 -0.38488 0.867098 0.400864 -0.930001 -0.306251 0.203246 -0.504429 0.187325 -0.870677 -0.454788 0.485926 
1537385413097 0.236628 0.922031 -0.306374 -0.634752 -0.936542 0.300395 0.180698 -0.251069 0.258642 0.244174 0.934603 0.380346 0.316531 -0.385118 0.866887 0.401814 -0.929976 -0.306103 0.20358 -0.50615 0.186955 -0.870623 -0.455042 0.486735 
1537385413300 0.236599 0.922009 -0.306463 -0.634948 -0.936627 0.300311 0.180396 -0.251103 0.258361 0.24436 0.934632 0.380241 0.16008 -0.304787 0.938871 0.370831 -0.775623 0.549475 0.310623 -0.528794 -0.61056 -0.777934 -0.14844 0.432481 
1537385413318 0.236589 0.921968 -0.306596 -0.634543 -0.936576 0.300378 0.180548 -0.250944 0.258554 0.244435 0.934559 0.380366 0.316241 -0.38488 0.867098 0.400864 -0.930001 -0.306251 0.203246 -0.504429 0.187325 -0.870677 -0.454788 0.485926 
1537385413523 0.236578 0.921926 -0.306729 -0.634137 -0.936525 0.300445 0.180702 -0.250785 0.258749 0.244509 0.934486 0.380492 0.316241 -0.38488 0.867098 0.400864 -0.930001 -0.306251 0.203246 -0.504429 0.187325 -0.870677 -0.454788 0.485926 
1537385413736 0.236568 0.921884 -0.306863 -0.633732 -0.936474 0.300512 0.180855 -0.250627 0.258943 0.244584 0.934412 0.380617 0.316241 -0.38488 0.867098 0.400864 -0.930001 -0.306251 0.203246 -0.504429 0.187325 -0.870677 -0.454788 0.485926 
1537385413971 0.236557 0.921843 -0.306996 -0.633326 -0.936423 0.300579 0.181009 -0.250468 0.259138 0.244659 0.934339 0.380742 0.316241 -0.38488 0.867098 0.400864 -0.930001 -0.306251 0.203246 -0.504429 0.187325 -0.870677 -0.454788 0.485926 
1537385414198 0.236547 0.921801 -0.307129 -0.632921 -0.936372 0.300646 0.181162 -0.250309 0.259333 0.244734 0.934266 0.380867 0.316241 -0.38488 0.867098 0.400864 -0.930001 -0.306251 0.203246 -0.504429 0.187325 -0.870677 -0.454788 0.485926 
1537385414425 0.236536 0.92176 -0.307262 -0.632515 -0.936321 0.300713 0.181316 -0.25015 0.259527 0.244808 0.934192 0.380992 0.316241 -0.38488 0.867098 0.400864 -0.930001 -0.306251 0.203246 -0.504429 0.187325 -0.870677 -0.454788 0.485926 
1537385414656 0.236525 0.921718 -0.307395 -0.632109 -0.936269 0.30078 0.181469 -0.249991 0.259721 0.244883 0.934118 0.381118 0.316241 -0.38488 0.867098 0.400864 -0.930001 -0.306251 0.203246 -0.504429 0.187325 -0.870677 -0.454788 0.485926 
1537385414865 0.236515 0.921676 -0.307528 -0.631704 -0.936218 0.300847 0.181622 -0.249832 0.259916 0.244957 0.934045 0.381243 0.316241 -0.38488 0.867098 0.400864 -0.930001 -0.306251 0.203246 -0.504429 0.187325 -0.870677 -0.454788 0.485926 
1537385415107 0.236489 0.921647 -0.307635 -0.631444 -0.93617 0.300895 0.181791 -0.249747 0.260113 0.245006 0.933977 0.38134 0.316531 -0.385118 0.866887 0.401814 -0.929976 -0.306103 0.20358 -0.50615 0.186955 -0.870623 -0.455042 0.486735 
1537385415307 0.236541 0.92169 -0.307467 -0.631612 -0.936201 0.300869 0.181673 -0.249844 0.259954 0.244878 0.934055 0.38129 0.16008 -0.304787 0.938871 0.370831 -0.775623 0.549475 0.310623 -0.528794 -0.61056 -0.777934 -0.14844 0.432481 
1537385415316 0.236475 0.921656 -0.307619 -0.631321 -0.936151 0.3009 0.18188 -0.24973 0.260193 0.244968 0.933965 0.3814 0.316241 -0.38488 0.867098 0.400864 -0.930001 -0.306251 0.203246 -0.504429 0.187325 -0.870677 -0.454788 0.485926 
1537385415334 0.23641 0.921622 -0.307773 -0.631031 -0.936101 0.300931 0.182086 -0.249616 0.260432 0.24506 0.933874 0.38151 0.316241 -0.38488 0.867098 0.400864 -0.930001 -0.306251 0.203246 -0.504429 0.187325 -0.870677 -0.454788 0.485926 
1537385415586 0.236344 0.921588 -0.307925 -0.63074 -0.936051 0.300962 0.182292 -0.249501 0.260672 0.24515 0.933784 0.38162 0.316241 -0.38488 0.867098 0.400864 -0.930001 -0.306251 0.203246 -0.504429 0.187325 -0.870677 -0.454788 0.485926 
1537385415769 0.236279 0.921553 -0.308079 -0.63045 -0.936001 0.300993 0.182498 -0.249387 0.260911 0.245242 0.933693 0.38173 0.316241 -0.38488 0.867098 0.400864 -0.930001 -0.306251 0.203246 -0.504429 0.187325 -0.870677 -0.454788 0.485926 
1537385415997 0.236214 0.921518 -0.308232 -0.63016 -0.935951 0.301024 0.182704 -0.249273 0.26115 0.245333 0.933602 0.38184 0.316241 -0.38488 0.867098 0.400864 -0.930001 -0.306251 0.203246 -0.504429 0.187325 -0.870677 -0.454788 0.485926 
1537385416183 0.236148 0.921484 -0.308385 -0.629869 -0.9359 0.301055 0.18291 -0.249159 0.261389 0.245424 0.933511 0.38195 0.316241 -0.38488 0.867098 0.400864 -0.930001 -0.306251 0.203246 -0.504429 0.187325 -0.870677 -0.454788 0.485926 
1537385416377 0.236083 0.92145 -0.308538 -0.629578 -0.93585 0.301087 0.183116 -0.249045 0.261629 0.245515 0.93342 0.38206 0.316241 -0.38488 0.867098 0.400864 -0.930001 -0.306251 0.203246 -0.504429 0.187325 -0.870677 -0.454788 0.485926 
1537385416559 0.236017 0.921415 -0.308691 -0.629288 -0.9358 0.301118 0.183322 -0.24893 0.261868 0.245606 0.933329 0.38217 0.316241 -0.38488 0.867098 0.400864 -0.930001 -0.306251 0.203246 -0.504429 0.187325 -0.870677 -0.454788 0.485926 
1537385416563 0.235941 0.92139 -0.308825 -0.629098 -0.935751 0.301136 0.183539 -0.248868 0.262109 0.245679 0.933242 0.382261 0.316531 -0.385118 0.866887 0.401814 -0.929976 -0.306103 0.20358 -0.50615 0.186955 -0.870623 -0.455042 0.486735 
1537385416808 0.235909 0.921485 -0.308566 -0.629316 -0.935853 0.300966 0.1833 -0.248892 0.261776 0.24553 0.933375 0.382168 0.16008 -0.304787 0.938871 0.370831 -0.775623 0.549475 0.310623 -0.528794 -0.61056 -0.777934 -0.14844 0.432481 
1537385416826 0.236032 0.921454 -0.308564 -0.629044 -0.935793 0.301109 0.183371 -0.248756 0.261879 0.245471 0.933361 0.382252 0.316241 -0.38488 0.867098 0.400864 -0.930001 -0.306251 0.203246 -0.504429 0.187325 -0.870677 -0.454788 0.485926 
1537385416839 0.236156 0.921422 -0.308564 -0.628771 -0.935733 0.301253 0.18344 -0.248619 0.261982 0.245413 0.933348 0.382336 0.316241 -0.38488 0.867098 0.400864 -0.930001 -0.306251 0.203246 -0.504429 0.187325 -0.870677 -0.454788 0.485926 
1537385416845 0.236279 0.921391 -0.308562 -0.628499 -0.935673 0.301397 0.183511 -0.248483 0.262085 0.245353 0.933335 0.38242 0.316241 -0.38488 0.867098 0.400864 -0.930001 -0.306251 0.203246 -0.504429 0.187325 -0.870677 -0.454788 0.485926 
1537385417189 0.236403 0.921359 -0.308561 -0.628226 -0.935613 0.301541 0.18358 -0.248346 0.262187 0.245295 0.933321 0.382503 0.316241 -0.38488 0.867098 0.400864 -0.930001 -0.306251 0.203246 -0.504429 0.187325 -0.870677 -0.454788 0.485926 
1537385417370 0.236527 0.921328 -0.30856 -0.627954 -0.935553 0.301685 0.18365 -0.24821 0.26229 0.245236 0.933308 0.382587 0.316241 -0.38488 0.867098 0.400864 -0.930001 -0.306251 0.203246 -0.504429 0.187325 -0.870677 -0.454788 0.485926 
1537385417566 0.236651 0.921297 -0.308559 -0.627682 -0.935493 0.301829 0.18372 -0.248073 0.262393 0.245177 0.933294 0.382671 0.316241 -0.38488 0.867098 0.400864 -0.930001 -0.306251 0.203246 -0.504429 0.187325 -0.870677 -0.454788 0.485926 
1537385417573 0.236775 0.921265 -0.308558 -0.627409 -0.935432 0.301973 0.18379 -0.247937 0.262495 0.245118 0.933281 0.382755 0.316241 -0.38488 0.867098 0.400864 -0.930001 -0.306251 0.203246 -0.504429 0.187325 -0.870677 -0.454788 0.485926 
1537385417808 0.236899 0.921234 -0.308557 -0.627137 -0.935372 0.302116 0.18386 -0.2478 0.262598 0.245059 0.933267 0.382839 0.316241 -0.38488 0.867098 0.400864 -0.930001 -0.306251 0.203246 -0.504429 0.187325 -0.870677 -0.454788 0.485926 
1537385417989 0.237013 0.921211 -0.308538 -0.626958 -0.935314 0.302248 0.18394 -0.247712 0.262703 0.244984 0.933258 0.382904 0.316531 -0.385118 0.866887 0.401814 -0.929976 -0.306103 0.20358 -0.50615 0.186955 -0.870623 -0.455042 0.486735 
1537385418078 0.236585 0.921288 -0.308637 -0.627224 -0.93548 0.301809 0.183814 -0.247718 0.262495 0.245236 0.93325 0.382769 0.16008 -0.304787 0.938871 0.370831 -0.775623 0.549475 0.310623 -0.528794 -0.61056 -0.777934 -0.14844 0.432481 
1537385418089 0.236766 0.921173 -0.308839 -0.627004 -0.935479 0.301978 0.183542 -0.247624 0.262337 0.245456 0.933237 0.382843 0.316241 -0.38488 0.867098 0.400864 -0.930001 -0.306251 0.203246 -0.504429 0.187325 -0.870677 -0.454788 0.485926 
1537385418106 0.236947 0.921058 -0.309043 -0.626784 -0.935478 0.302149 0.183268 -0.24753 0.262177 0.245678 0.933223 0.382917 0.316241 -0.38488 0.867098 0.400864 -0.930001 -0.306251 0.203246 -0.504429 0.187325 -0.870677 -0.454788 0.485926 
1537385418294 0.237128 0.920944 -0.309245 -0.626564 -0.935477 0.302318 0.182995 -0.247436 0.262018 0.245898 0.93321 0.382991 0.316241 -0.38488 0.867098 0.400864 -0.930001 -0.306251 0.203246 -0.504429 0.187325 -0.870677 -0.454788 0.485926 
1537385418487 0.23731 0.920829 -0.309448 -0.626344 -0.935475 0.302488 0.182721 -0.247342 0.261859 0.24612 0.933196 0.383066 0.316241 -0.38488 0.867098 0.400864 -0.930001 -0.306251 0.203246 -0.504429 0.187325 -0.870677 -0.454788 0.485926 
1537385418676 0.237491 0.920714 -0.309651 -0.626124 -0.935474 0.302658 0.182447 -0.247248 0.2617 0.246341 0.933182 0.38314 0.316241 -0.38488 0.867098 0.400864 -0.930001 -0.306251 0.203246 -0.504429 0.187325 -0.870677 -0.454788 0.485926 
1537385418852 0.237672 0.920599 -0.309854 -0.625904 -0.935472 0.302828 0.182173 -0.247154 0.261541 0.246562 0.933169 0.383214 0.316241 -0.38488 0.867098 0.400864 -0.930001 -0.306251 0.203246 -0.504429 0.187325 -0.870677 -0.454788 0.485926 
1537385419037 0.237854 0.920484 -0.310056 -0.625684 -0.935471 0.302997 0.181899 -0.24706 0.261382 0.246783 0.933155 0.383288 0.316241 -0.38488 0.867098 0.400864 -0.930001 -0.306251 0.203246 -0.504429 0.187325 -0.870677 -0.454788 0.485926 
1537385419214 0.238035 0.920369 -0.310259 -0.625464 -0.935469 0.303167 0.181626 -0.246965 0.261223 0.247004 0.933141 0.383362 0.316241 -0.38488 0.867098 0.400864 -0.930001 -0.306251 0.203246 -0.504429 0.187325 -0.870677 -0.454788 0.485926 
1537385419445 0.238207 0.920262 -0.310444 -0.625335 -0.935469 0.303324 0.181362 -0.246918 0.261066 0.247209 0.93313 0.383419 0.316531 -0.385118 0.866887 0.401814 -0.929976 -0.306103 0.20358 -0.50615 0.186955 -0.870623 -0.455042 0.486735 
1537385419520 0.23798 0.920389 -0.31024 -0.625521 -0.93548 0.303114 0.181656 -0.2469 0.261232 0.246993 0.933141 0.383352 0.16008 -0.304787 0.938871 0.370831 -0.775623 0.549475 0.310623 -0.528794 -0.61056 -0.777934 -0.14844 0.432481 
1537385419529 0.238092 0.920355 -0.310256 -0.625354 -0.935456 0.303219 0.181605 -0.24683 0.261216 0.246992 0.933146 0.383413 0.316241 -0.38488 0.867098 0.400864 -0.930001 -0.306251 0.203246 -0.504429 0.187325 -0.870677 -0.454788 0.485926 
1537385419536 0.238204 0.920321 -0.310271 -0.625188 -0.935432 0.303323 0.181554 -0.246761 0.2612 0.246991 0.933151 0.383475 0.316241 -0.38488 0.867098 0.400864 -0.930001 -0.306251 0.203246 -0.504429 0.187325 -0.870677 -0.454788 0.485926 
1537385419643 0.238316 0.920286 -0.310287 -0.625021 -0.935408 0.303428 0.181503 -0.246691 0.261184 0.24699 0.933155 0.383536 0.316241 -0.38488 0.867098 0.400864 -0.930001 -0.306251 0.203246 -0.504429 0.187325 -0.870677 -0.454788 0.485926 
1537385419745 0.238428 0.920252 -0.310303 -0.624855 -0.935384 0.303533 0.181452 -0.246622 0.261168 0.246989 0.93316 0.383597 0.316241 -0.38488 0.867098 0.400864 -0.930001 -0.306251 0.203246 -0.504429 0.187325 -0.870677 -0.454788 0.485926 
1537385419854 0.238539 0.920218 -0.310318 -0.624688 -0.93536 0.303637 0.181401 -0.246552 0.261152 0.246988 0.933165 0.383659 0.316241 -0.38488 0.867098 0.400864 -0.930001 -0.306251 0.203246 -0.504429 0.187325 -0.870677 -0.454788 0.485926 
1537385419962 0.238652 0.920184 -0.310334 -0.624522 -0.935336 0.303742 0.18135 -0.246482 0.261136 0.246987 0.933169 0.38372 0.316241 -0.38488 0.867098 0.400864 -0.930001 -0.306251 0.203246 -0.504429 0.187325 -0.870677 -0.454788 0.485926 
1537385420072 0.238764 0.920149 -0.31035 -0.624355 -0.935312 0.303847 0.181299 -0.246413 0.26112 0.246986 0.933174 0.383781 0.316241 -0.38488 0.867098 0.400864 -0.930001 -0.306251 0.203246 -0.504429 0.187325 -0.870677 -0.454788 0.485926 
1537385420169 0.238875 0.920115 -0.310365 -0.624188 -0.935288 0.303951 0.181248 -0.246343 0.261105 0.246985 0.933179 0.383842 0.316241 -0.38488 0.867098 0.400864 -0.930001 -0.306251 0.203246 -0.504429 0.187325 -0.870677 -0.454788 0.485926 
1537385420285 0.238981 0.920086 -0.31037 -0.624078 -0.935265 0.304049 0.181203 -0.246303 0.26109 0.246974 0.933186 0.383893 0.316531 -0.385118 0.866887 0.401814 -0.929976 -0.306103 0.20358 -0.50615 0.186955 -0.870623 -0.455042 0.486735 
1537385420362 0.238825 0.920121 -0.310387 -0.624306 -0.935293 0.303915 0.18128 -0.246392 0.261131 0.247009 0.933165 0.383863 0.16008 -0.304787 0.938871 0.370831 -0.775623 0.549475 0.310623 -0.528794 -0.61056 -0.777934 -0.14844 0.432481 
1537385420373 0.238929 0.920107 -0.310348 -0.624056 -0.935267 0.304005 0.181265 -0.246293 0.26113 0.246949 0.933181 0.383927 0.316241 -0.38488 0.867098 0.400864 -0.930001 -0.306251 0.203246 -0.504429 0.187325 -0.870677 -0.454788 0.485926 
1537385420390 0.239034 0.920092 -0.310311 -0.623806 -0.93524 0.304097 0.181249 -0.246195 0.26113 0.246891 0.933197 0.383991 0.316241 -0.38488 0.867098 0.400864 -0.930001 -0.306251 0.203246 -0.504429 0.187325 -0.870677 -0.454788 0.485926 
1537385420582 0.23914 0.920077 -0.310274 -0.623556 -0.935213 0.30419 0.181232 -0.246097 0.26113 0.246832 0.933212 0.384054 0.316241 -0.38488 0.867098 0.400864 -0.930001 -0.306251 0.203246 -0.504429 0.187325 -0.870677 -0.454788 0.485926 
1537385420720 0.239244 0.920063 -0.310236 -0.623306 -0.935186 0.304281 0.181217 -0.245998 0.26113 0.246773 0.933228 0.384118 0.316241 -0.38488 0.867098 0.400864 -0.930001 -0.306251 0.203246 -0.504429 0.187325 -0.870677 -0.454788 0.485926 
1537385420867 0.23935 0.920048 -0.310199 -0.623056 -0.935159 0.304374 0.1812 -0.2459 0.261129 0.246715 0.933243 0.384182 0.316241 -0.38488 0.867098 0.400864 -0.930001 -0.306251 0.203246 -0.504429 0.187325 -0.870677 -0.454788 0.485926 
1537385421017 0.239455 0.920033 -0.310161 -0.622806 -0.935132 0.304466 0.181184 -0.245801 0.261129 0.246656 0.933259 0.384246 0.316241 -0.38488 0.867098 0.400864 -0.930001 -0.306251 0.203246 -0.504429 0.187325 -0.870677 -0.454788 0.485926 
1537385421154 0.23956 0.920019 -0.310124 -0.622556 -0.935106 0.304558 0.181168 -0.245703 0.261129 0.246598 0.933275 0.384309 0.316241 -0.38488 0.867098 0.400864 -0.930001 -0.306251 0.203246 -0.504429 0.187325 -0.870677 -0.454788 0.485926 
1537385421332 0.239666 0.920004 -0.310086 -0.622306 -0.935079 0.30465 0.181152 -0.245604 0.261129 0.246539 0.93329 0.384373 0.316241 -0.38488 0.867098 0.400864 -0.930001 -0.306251 0.203246 -0.504429 0.187325 -0.870677 -0.454788 0.485926 
1537385421451 0.239763 0.919996 -0.310034 -0.622131 -0.935053 0.304732 0.181145 -0.245545 0.26113 0.246467 0.933309 0.384422 0.316531 -0.385118 0.866887 0.401814 -0.929976 -0.306103 0.20358 -0.50615 0.186955 -0.870623 -0.455042 0.486735 
1537385421572 0.239649 0.920049 -0.309964 -0.622352 -0.935101 0.304594 0.181134 -0.245648 0.261065 0.246439 0.933334 0.384418 0.16008 -0.304787 0.938871 0.370831 -0.775623 0.549475 0.310623 -0.528794 -0.61056 -0.777934 -0.14844 0.432481 
1537385421593 0.239713 0.920099 -0.309766 -0.622 -0.935011 0.304684 0.181443 -0.245538 0.261326 0.24614 0.93334 0.38449 0.316241 -0.38488 0.867098 0.400864 -0.930001 -0.306251 0.203246 -0.504429 0.187325 -0.870677 -0.454788 0.485926 
1537385421606 0.239778 0.920149 -0.309566 -0.621647 -0.934922 0.304775 0.181752 -0.245428 0.261587 0.24584 0.933346 0.384562 0.316241 -0.38488 0.867098 0.400864 -0.930001 -0.306251 0.203246 -0.504429 0.187325 -0.870677 -0.454788 0.485926 
1537385421830 0.239844 0.9202 -0.309367 -0.621295 -0.934832 0.304865 0.182061 -0.245318 0.261847 0.24554 0.933352 0.384634 0.316241 -0.38488 0.867098 0.400864 -0.930001 -0.306251 0.203246 -0.504429 0.187325 -0.870677 -0.454788 0.485926 
1537385422009 0.239909 0.920249 -0.309168 -0.620942 -0.934742 0.304956 0.182369 -0.245208 0.262108 0.24524 0.933358 0.384706 0.316241 -0.38488 0.867098 0.400864 -0.930001 -0.306251 0.203246 -0.504429 0.187325 -0.870677 -0.454788 0.485926 
1537385422169 0.239974 0.920299 -0.308969 -0.62059 -0.934652 0.305047 0.182678 -0.245097 0.262369 0.24494 0.933363 0.384778 0.316241 -0.38488 0.867098 0.400864 -0.930001 -0.306251 0.203246 -0.504429 0.187325 -0.870677 -0.454788 0.485926 
1537385422336 0.24004 0.920349 -0.30877 -0.620237 -0.934562 0.305138 0.182987 -0.244987 0.262629 0.24464 0.933369 0.38485 0.316241 -0.38488 0.867098 0.400864 -0.930001 -0.306251 0.203246 -0.504429 0.187325 -0.870677 -0.454788 0.485926 
1537385422532 0.240105 0.920399 -0.30857 -0.619885 -0.934472 0.305228 0.183296 -0.244877 0.26289 0.24434 0.933374 0.384922 0.316241 -0.38488 0.867098 0.400864 -0.930001 -0.306251 0.203246 -0.504429 0.187325 -0.870677 -0.454788 0.485926 
1537385422723 0.240171 0.920448 -0.308371 -0.619532 -0.934382 0.305318 0.183605 -0.244767 0.26315 0.24404 0.933379 0.384994 0.316241 -0.38488 0.867098 0.400864 -0.930001 -0.306251 0.203246 -0.504429 0.187325 -0.870677 -0.454788 0.485926 
1537385422922 0.240228 0.920506 -0.308156 -0.619264 -0.934294 0.305398 0.183923 -0.2447 0.263413 0.243725 0.933387 0.385049 0.316531 -0.385118 0.866887 0.401814 -0.929976 -0.306103 0.20358 -0.50615 0.186955 -0.870623 -0.455042 0.486735 
1537385423025 0.240178 0.920457 -0.308338 -0.61955 -0.934379 0.30532 0.183617 -0.244759 0.263153 0.244004 0.933388 0.385048 0.16008 -0.304787 0.938871 0.370831 -0.775623 0.549475 0.310623 -0.528794 -0.61056 -0.777934 -0.14844 0.432481 
1537385423041 0.240376 0.920477 -0.308127 -0.619232 -0.934303 0.305488 0.183725 -0.24461 0.263243 0.243721 0.933436 0.385112 0.316241 -0.38488 0.867098 0.400864 -0.930001 -0.306251 0.203246 -0.504429 0.187325 -0.870677 -0.454788 0.485926 
1537385423117 0.240574 0.920495 -0.307916 -0.618914 -0.934227 0.305657 0.183833 -0.244461 0.263334 0.243438 0.933484 0.385177 0.316241 -0.38488 0.867098 0.400864 -0.930001 -0.306251 0.203246 -0.504429 0.187325 -0.870677 -0.454788 0.485926 
1537385423303 0.240773 0.920514 -0.307706 -0.618596 -0.93415 0.305826 0.18394 -0.244312 0.263424 0.243156 0.933533 0.385242 0.316241 -0.38488 0.867098 0.400864 -0.930001 -0.306251 0.203246 -0.504429 0.187325 -0.870677 -0.454788 0.485926 
1537385423505 0.240971 0.920532 -0.307496 -0.618278 -0.934073 0.305995 0.184048 -0.244163 0.263515 0.242873 0.933581 0.385306 0.316241 -0.38488 0.867098 0.400864 -0.930001 -0.306251 0.203246 -0.504429 0.187325 -0.870677 -0.454788 0.485926 
1537385423693 0.24117 0.92055 -0.307286 -0.61796 -0.933997 0.306165 0.184156 -0.244014 0.263605 0.242591 0.933628 0.385371 0.316241 -0.38488 0.867098 0.400864 -0.930001 -0.306251 0.203246 -0.504429 0.187325 -0.870677 -0.454788 0.485926 
1537385423926 0.241368 0.920568 -0.307076 -0.617642 -0.93392 0.306334 0.184264 -0.243865 0.263695 0.242309 0.933676 0.385435 0.316241 -0.38488 0.867098 0.400864 -0.930001 -0.306251 0.203246 -0.504429 0.187325 -0.870677 -0.454788 0.485926 
