1533578771822 -0.33155 0.940257 -0.0774007 -0.535812 -0.915403 -0.300763 0.267543 -0.300701 0.22828 0.159557 0.960432 0.333517 0.16008 -0.304787 0.938871 0.370831 -0.775623 0.549475 0.310623 -0.528794 -0.61056 -0.777934 -0.14844 0.432481 
1533578771836 -0.281959 0.953768 -0.104045 -0.543715 -0.932531 -0.246941 0.26345 -0.295542 0.225577 0.171307 0.959046 0.338329 0.316219 -0.384863 0.867114 0.400795 -0.930003 -0.306262 0.203222 -0.504304 0.187351 -0.870681 -0.454769 0.485867 
1533578772681 -0.231448 0.964069 -0.130396 -0.551617 -0.946827 -0.192432 0.257855 -0.290382 0.223498 0.183143 0.957344 0.343141 0.316219 -0.384863 0.867114 0.400795 -0.930003 -0.306262 0.203222 -0.504304 0.187351 -0.870681 -0.454769 0.485867 
1533578773525 -0.180188 0.971124 -0.156366 -0.559519 -0.958242 -0.137419 0.250776 -0.285223 0.222047 0.195023 0.955333 0.347953 0.316219 -0.384863 0.867114 0.400795 -0.930003 -0.306262 0.203222 -0.504304 0.187351 -0.870681 -0.454769 0.485867 
1533578774375 -0.12835 0.974911 -0.181867 -0.567422 -0.966738 -0.0820854 0.242237 -0.280064 0.221231 0.206909 0.953019 0.352765 0.316219 -0.384863 0.867114 0.400795 -0.930003 -0.306262 0.203222 -0.504304 0.187351 -0.870681 -0.454769 0.485867 
1533578775237 -0.0761085 0.975415 -0.206815 -0.575324 -0.972288 -0.0266176 0.232267 -0.274904 0.221052 0.218761 0.95041 0.357578 0.316219 -0.384863 0.867114 0.400795 -0.930003 -0.306262 0.203222 -0.504304 0.187351 -0.870681 -0.454769 0.485867 
1533578776097 -0.0236383 0.972637 -0.231124 -0.583227 -0.974872 0.0287988 0.220898 -0.269745 0.22151 0.230538 0.947515 0.36239 0.316219 -0.384863 0.867114 0.400795 -0.930003 -0.306262 0.203222 -0.504304 0.187351 -0.870681 -0.454769 0.485867 
1533578776104 0.0288847 0.966585 -0.254715 -0.591129 -0.974481 0.0839778 0.20817 -0.264586 0.222604 0.242202 0.944344 0.367202 0.316219 -0.384863 0.867114 0.400795 -0.930003 -0.306262 0.203222 -0.504304 0.187351 -0.870681 -0.454769 0.485867 
1533578777330 0.0812843 0.957279 -0.277507 -0.599032 -0.971117 0.138734 0.194124 -0.259427 0.224331 0.253713 0.940907 0.372014 0.316219 -0.384863 0.867114 0.400795 -0.930003 -0.306262 0.203222 -0.504304 0.187351 -0.870681 -0.454769 0.485867 
1533578778217 0.133385 0.94475 -0.299425 -0.606934 -0.964791 0.192885 0.178809 -0.254267 0.226684 0.265032 0.937215 0.376826 0.316219 -0.384863 0.867114 0.400795 -0.930003 -0.306262 0.203222 -0.504304 0.187351 -0.870681 -0.454769 0.485867 
1533578779111 0.13276 0.944968 -0.299017 -0.606659 -0.964711 0.192412 0.179749 -0.254392 0.227391 0.264601 0.937166 0.376582 0.316219 -0.384863 0.867114 0.400795 -0.930003 -0.306262 0.203222 -0.504304 0.187351 -0.870681 -0.454769 0.485867 
1533578779124 0.13801 0.943521 -0.301201 -0.607477 -0.963928 0.197836 0.178057 -0.253864 0.227589 0.265762 0.936789 0.377088 0.316219 -0.384863 0.867114 0.400795 -0.930003 -0.306262 0.203222 -0.504304 0.187351 -0.870681 -0.454769 0.485867 
1533578779416 0.143256 0.942041 -0.303375 -0.608295 -0.963114 0.203253 0.176353 -0.253335 0.227794 0.266921 0.93641 0.377593 0.316219 -0.384863 0.867114 0.400795 -0.930003 -0.306262 0.203222 -0.504304 0.187351 -0.870681 -0.454769 0.485867 
1533578779714 0.148497 0.940529 -0.305539 -0.609113 -0.962269 0.208662 0.174636 -0.252807 0.228005 0.268078 0.936028 0.378099 0.316219 -0.384863 0.867114 0.400795 -0.930003 -0.306262 0.203222 -0.504304 0.187351 -0.870681 -0.454769 0.485867 
1533578780008 0.153733 0.938984 -0.307693 -0.609931 -0.961395 0.214062 0.172907 -0.252279 0.228223 0.269233 0.935643 0.378604 0.316219 -0.384863 0.867114 0.400795 -0.930003 -0.306262 0.203222 -0.504304 0.187351 -0.870681 -0.454769 0.485867 
1533578780305 0.158964 0.937407 -0.309836 -0.610748 -0.960491 0.219453 0.171166 -0.251751 0.228447 0.270386 0.935256 0.37911 0.316219 -0.384863 0.867114 0.400795 -0.930003 -0.306262 0.203222 -0.504304 0.187351 -0.870681 -0.454769 0.485867 
1533578780602 0.164189 0.935798 -0.311969 -0.611566 -0.959557 0.224835 0.169412 -0.251222 0.228677 0.271536 0.934866 0.379616 0.316219 -0.384863 0.867114 0.400795 -0.930003 -0.306262 0.203222 -0.504304 0.187351 -0.870681 -0.454769 0.485867 
1533578780902 0.169408 0.934156 -0.314091 -0.612384 -0.958592 0.230207 0.167646 -0.250694 0.228914 0.272685 0.934474 0.380121 0.316219 -0.384863 0.867114 0.400795 -0.930003 -0.306262 0.203222 -0.504304 0.187351 -0.870681 -0.454769 0.485867 
1533578781201 0.174621 0.932482 -0.316203 -0.613202 -0.957598 0.23557 0.165868 -0.250166 0.229157 0.273831 0.934079 0.380627 0.316219 -0.384863 0.867114 0.400795 -0.930003 -0.306262 0.203222 -0.504304 0.187351 -0.870681 -0.454769 0.485867 
1533578781506 0.179829 0.930776 -0.318304 -0.61402 -0.956574 0.240924 0.164078 -0.249637 0.229407 0.274975 0.933681 0.381132 0.316219 -0.384863 0.867114 0.400795 -0.930003 -0.306262 0.203222 -0.504304 0.187351 -0.870681 -0.454769 0.485867 
1533578781806 0.179163 0.93108 -0.31779 -0.61385 -0.956717 0.240184 0.164327 -0.249735 0.22933 0.274594 0.933813 0.381033 0.316219 -0.384863 0.867114 0.400795 -0.930003 -0.306262 0.203222 -0.504304 0.187351 -0.870681 -0.454769 0.485867 
1533578781820 0.179694 0.931061 -0.317545 -0.613901 -0.956535 0.240739 0.164574 -0.249731 0.229674 0.27417 0.933853 0.381004 0.316219 -0.384863 0.867114 0.400795 -0.930003 -0.306262 0.203222 -0.504304 0.187351 -0.870681 -0.454769 0.485867 
1533578781836 0.180223 0.931043 -0.317299 -0.613952 -0.956353 0.241294 0.164821 -0.249728 0.230017 0.273746 0.933893 0.380975 0.316219 -0.384863 0.867114 0.400795 -0.930003 -0.306262 0.203222 -0.504304 0.187351 -0.870681 -0.454769 0.485867 
1533578781944 0.180753 0.931024 -0.317054 -0.614002 -0.956171 0.241848 0.165068 -0.249724 0.230361 0.273321 0.933932 0.380947 0.316219 -0.384863 0.867114 0.400795 -0.930003 -0.306262 0.203222 -0.504304 0.187351 -0.870681 -0.454769 0.485867 
1533578781961 0.181283 0.931004 -0.316809 -0.614053 -0.955987 0.242403 0.165315 -0.249721 0.230704 0.272897 0.933972 0.380918 0.316219 -0.384863 0.867114 0.400795 -0.930003 -0.306262 0.203222 -0.504304 0.187351 -0.870681 -0.454769 0.485867 
1533578781978 0.181813 0.930984 -0.316564 -0.614104 -0.955804 0.242957 0.165562 -0.249717 0.231047 0.272472 0.934011 0.380889 0.316219 -0.384863 0.867114 0.400795 -0.930003 -0.306262 0.203222 -0.504304 0.187351 -0.870681 -0.454769 0.485867 
1533578781984 0.182343 0.930964 -0.316319 -0.614155 -0.95562 0.24351 0.16581 -0.249713 0.23139 0.272047 0.93405 0.38086 0.316219 -0.384863 0.867114 0.400795 -0.930003 -0.306262 0.203222 -0.504304 0.187351 -0.870681 -0.454769 0.485867 
1533578782084 0.182873 0.930943 -0.316074 -0.614206 -0.955436 0.244064 0.166057 -0.24971 0.231732 0.271621 0.934089 0.380831 0.316219 -0.384863 0.867114 0.400795 -0.930003 -0.306262 0.203222 -0.504304 0.187351 -0.870681 -0.454769 0.485867 
1533578782100 0.183403 0.930922 -0.315829 -0.614256 -0.955251 0.244618 0.166305 -0.249706 0.232074 0.271196 0.934128 0.380803 0.316219 -0.384863 0.867114 0.400795 -0.930003 -0.306262 0.203222 -0.504304 0.187351 -0.870681 -0.454769 0.485867 
1533578782124 0.183933 0.9309 -0.315585 -0.614307 -0.955066 0.245171 0.166553 -0.249703 0.232416 0.27077 0.934166 0.380774 0.316219 -0.384863 0.867114 0.400795 -0.930003 -0.306262 0.203222 -0.504304 0.187351 -0.870681 -0.454769 0.485867 
1533578782174 0.182534 0.930913 -0.316358 -0.614157 -0.955572 0.243711 0.165794 -0.249763 0.231439 0.27204 0.93404 0.380787 0.316219 -0.384863 0.867114 0.400795 -0.930003 -0.306262 0.203222 -0.504304 0.187351 -0.870681 -0.454769 0.485867 
1533578782188 0.182942 0.931028 -0.315782 -0.614175 -0.955439 0.244059 0.16605 -0.249797 0.231667 0.271333 0.934189 0.38077 0.316219 -0.384863 0.867114 0.400795 -0.930003 -0.306262 0.203222 -0.504304 0.187351 -0.870681 -0.454769 0.485867 
1533578782204 0.183349 0.931144 -0.315206 -0.614193 -0.955305 0.244404 0.166307 -0.249831 0.231894 0.270626 0.934338 0.380753 0.316219 -0.384863 0.867114 0.400795 -0.930003 -0.306262 0.203222 -0.504304 0.187351 -0.870681 -0.454769 0.485867 
1533578782221 0.183758 0.931258 -0.31463 -0.614211 -0.955172 0.244751 0.166563 -0.249865 0.23212 0.269918 0.934486 0.380736 0.316219 -0.384863 0.867114 0.400795 -0.930003 -0.306262 0.203222 -0.504304 0.187351 -0.870681 -0.454769 0.485867 
1533578782314 0.184166 0.931372 -0.314054 -0.614229 -0.955038 0.245097 0.166821 -0.249899 0.232346 0.269211 0.934634 0.380719 0.316219 -0.384863 0.867114 0.400795 -0.930003 -0.306262 0.203222 -0.504304 0.187351 -0.870681 -0.454769 0.485867 
1533578782385 0.184574 0.931485 -0.313478 -0.614247 -0.954905 0.245443 0.167078 -0.249933 0.232571 0.268503 0.934782 0.380701 0.316219 -0.384863 0.867114 0.400795 -0.930003 -0.306262 0.203222 -0.504304 0.187351 -0.870681 -0.454769 0.485867 
1533578782447 0.184983 0.931598 -0.312902 -0.614265 -0.954771 0.245788 0.167335 -0.249967 0.232797 0.267795 0.934929 0.380684 0.316219 -0.384863 0.867114 0.400795 -0.930003 -0.306262 0.203222 -0.504304 0.187351 -0.870681 -0.454769 0.485867 
1533578782517 0.185391 0.93171 -0.312325 -0.614283 -0.954637 0.246133 0.167593 -0.250001 0.233022 0.267087 0.935075 0.380667 0.316219 -0.384863 0.867114 0.400795 -0.930003 -0.306262 0.203222 -0.504304 0.187351 -0.870681 -0.454769 0.485867 
1533578782581 0.1858 0.931821 -0.311749 -0.614301 -0.954502 0.246478 0.167851 -0.250035 0.233246 0.266379 0.935221 0.38065 0.316219 -0.384863 0.867114 0.400795 -0.930003 -0.306262 0.203222 -0.504304 0.187351 -0.870681 -0.454769 0.485867 
1533578782642 0.186208 0.931932 -0.311173 -0.614319 -0.954368 0.246823 0.168109 -0.250069 0.233471 0.26567 0.935367 0.380633 0.316219 -0.384863 0.867114 0.400795 -0.930003 -0.306262 0.203222 -0.504304 0.187351 -0.870681 -0.454769 0.485867 
1533578782707 0.185397 0.931794 -0.312069 -0.614313 -0.954627 0.246103 0.167694 -0.24997 0.233058 0.266819 0.935143 0.380606 0.316219 -0.384863 0.867114 0.400795 -0.930003 -0.306262 0.203222 -0.504304 0.187351 -0.870681 -0.454769 0.485867 
1533578782721 0.185647 0.931864 -0.311713 -0.614316 -0.954668 0.246172 0.167357 -0.249944 0.232689 0.266513 0.935322 0.380612 0.316219 -0.384863 0.867114 0.400795 -0.930003 -0.306262 0.203222 -0.504304 0.187351 -0.870681 -0.454769 0.485867 
1533578782737 0.185896 0.931934 -0.311356 -0.614319 -0.95471 0.24624 0.167018 -0.249919 0.232318 0.266206 0.935501 0.380619 0.316219 -0.384863 0.867114 0.400795 -0.930003 -0.306262 0.203222 -0.504304 0.187351 -0.870681 -0.454769 0.485867 
1533578782754 0.186144 0.932003 -0.310998 -0.614323 -0.954752 0.246307 0.166681 -0.249893 0.231948 0.265899 0.93568 0.380626 0.316219 -0.384863 0.867114 0.400795 -0.930003 -0.306262 0.203222 -0.504304 0.187351 -0.870681 -0.454769 0.485867 
1533578782771 0.186393 0.932073 -0.31064 -0.614326 -0.954793 0.246375 0.166342 -0.249868 0.231577 0.265592 0.935859 0.380632 0.316219 -0.384863 0.867114 0.400795 -0.930003 -0.306262 0.203222 -0.504304 0.187351 -0.870681 -0.454769 0.485867 
1533578782787 0.186641 0.932142 -0.310283 -0.614329 -0.954834 0.246443 0.166004 -0.249842 0.231207 0.265285 0.936038 0.380639 0.316219 -0.384863 0.867114 0.400795 -0.930003 -0.306262 0.203222 -0.504304 0.187351 -0.870681 -0.454769 0.485867 
1533578782847 0.18689 0.932212 -0.309925 -0.614332 -0.954875 0.246511 0.165666 -0.249816 0.230836 0.264979 0.936216 0.380645 0.316219 -0.384863 0.867114 0.400795 -0.930003 -0.306262 0.203222 -0.504304 0.187351 -0.870681 -0.454769 0.485867 
1533578782864 0.187138 0.932281 -0.309567 -0.614335 -0.954916 0.246579 0.165328 -0.249791 0.230465 0.264672 0.936395 0.380652 0.316219 -0.384863 0.867114 0.400795 -0.930003 -0.306262 0.203222 -0.504304 0.187351 -0.870681 -0.454769 0.485867 
1533578782893 0.187386 0.93235 -0.309209 -0.614339 -0.954957 0.246648 0.16499 -0.249765 0.230094 0.264365 0.936573 0.380658 0.316219 -0.384863 0.867114 0.400795 -0.930003 -0.306262 0.203222 -0.504304 0.187351 -0.870681 -0.454769 0.485867 
1533578782926 0.187634 0.932419 -0.308851 -0.614342 -0.954998 0.246716 0.164652 -0.24974 0.229723 0.264058 0.93675 0.380665 0.316219 -0.384863 0.867114 0.400795 -0.930003 -0.306262 0.203222 -0.504304 0.187351 -0.870681 -0.454769 0.485867 
1533578782958 0.187016 0.932149 -0.310039 -0.61431 -0.954834 0.24667 0.16567 -0.249922 0.230906 0.265052 0.936178 0.380648 0.316219 -0.384863 0.867114 0.400795 -0.930003 -0.306262 0.203222 -0.504304 0.187351 -0.870681 -0.454769 0.485867 
1533578782971 0.187019 0.93211 -0.310153 -0.614268 -0.954836 0.24669 0.165628 -0.249929 0.230895 0.265169 0.936148 0.380692 0.316219 -0.384863 0.867114 0.400795 -0.930003 -0.306262 0.203222 -0.504304 0.187351 -0.870681 -0.454769 0.485867 
1533578782988 0.187022 0.932072 -0.310266 -0.614225 -0.954838 0.246709 0.165585 -0.249937 0.230883 0.265286 0.936118 0.380736 0.316219 -0.384863 0.867114 0.400795 -0.930003 -0.306262 0.203222 -0.504304 0.187351 -0.870681 -0.454769 0.485867 
1533578783005 0.187024 0.932034 -0.310379 -0.614183 -0.95484 0.246729 0.165543 -0.249944 0.230872 0.265402 0.936088 0.380781 0.316219 -0.384863 0.867114 0.400795 -0.930003 -0.306262 0.203222 -0.504304 0.187351 -0.870681 -0.454769 0.485867 
1533578783119 0.187027 0.931995 -0.310493 -0.61414 -0.954843 0.246749 0.165501 -0.249952 0.23086 0.265518 0.936057 0.380825 0.316219 -0.384863 0.867114 0.400795 -0.930003 -0.306262 0.203222 -0.504304 0.187351 -0.870681 -0.454769 0.485867 
1533578783136 0.18703 0.931957 -0.310606 -0.614098 -0.954845 0.246768 0.165459 -0.249959 0.230849 0.265635 0.936027 0.380869 0.316219 -0.384863 0.867114 0.400795 -0.930003 -0.306262 0.203222 -0.504304 0.187351 -0.870681 -0.454769 0.485867 
1533578783152 0.187034 0.931918 -0.31072 -0.614056 -0.954847 0.246788 0.165416 -0.249966 0.230836 0.265751 0.935997 0.380913 0.316219 -0.384863 0.867114 0.400795 -0.930003 -0.306262 0.203222 -0.504304 0.187351 -0.870681 -0.454769 0.485867 
1533578783169 0.187037 0.93188 -0.310833 -0.614013 -0.954849 0.246808 0.165374 -0.249974 0.230825 0.265868 0.935967 0.380957 0.316219 -0.384863 0.867114 0.400795 -0.930003 -0.306262 0.203222 -0.504304 0.187351 -0.870681 -0.454769 0.485867 
1533578783186 0.18704 0.931841 -0.310946 -0.613971 -0.954852 0.246828 0.165331 -0.249981 0.230813 0.265984 0.935937 0.381002 0.316219 -0.384863 0.867114 0.400795 -0.930003 -0.306262 0.203222 -0.504304 0.187351 -0.870681 -0.454769 0.485867 
1533578783211 0.187043 0.931803 -0.31106 -0.613928 -0.954854 0.246848 0.165289 -0.249989 0.230801 0.2661 0.935907 0.381046 0.316219 -0.384863 0.867114 0.400795 -0.930003 -0.306262 0.203222 -0.504304 0.187351 -0.870681 -0.454769 0.485867 
1533578783246 0.186858 0.932005 -0.310565 -0.614107 -0.954861 0.246619 0.16559 -0.249923 0.230922 0.265605 0.936018 0.380822 0.316219 -0.384863 0.867114 0.400795 -0.930003 -0.306262 0.203222 -0.504304 0.187351 -0.870681 -0.454769 0.485867 
1533578783260 0.186478 0.932003 -0.310799 -0.614056 -0.954905 0.246337 0.165758 -0.250061 0.231048 0.265873 0.93591 0.380838 0.316219 -0.384863 0.867114 0.400795 -0.930003 -0.306262 0.203222 -0.504304 0.187351 -0.870681 -0.454769 0.485867 
1533578783277 0.186099 0.932001 -0.311033 -0.614005 -0.954948 0.246055 0.165926 -0.250198 0.231174 0.266142 0.935803 0.380854 0.316219 -0.384863 0.867114 0.400795 -0.930003 -0.306262 0.203222 -0.504304 0.187351 -0.870681 -0.454769 0.485867 
1533578783283 0.185719 0.931999 -0.311265 -0.613954 -0.954991 0.245772 0.166094 -0.250336 0.2313 0.266409 0.935696 0.38087 0.316219 -0.384863 0.867114 0.400795 -0.930003 -0.306262 0.203222 -0.504304 0.187351 -0.870681 -0.454769 0.485867 
1533578783430 0.18534 0.931997 -0.311498 -0.613903 -0.955035 0.24549 0.166262 -0.250474 0.231426 0.266677 0.935588 0.380886 0.316219 -0.384863 0.867114 0.400795 -0.930003 -0.306262 0.203222 -0.504304 0.187351 -0.870681 -0.454769 0.485867 
1533578783463 0.18496 0.931994 -0.311731 -0.613852 -0.955078 0.245208 0.16643 -0.250611 0.231551 0.266945 0.935481 0.380902 0.316219 -0.384863 0.867114 0.400795 -0.930003 -0.306262 0.203222 -0.504304 0.187351 -0.870681 -0.454769 0.485867 
1533578783548 0.184581 0.931992 -0.311964 -0.613802 -0.955121 0.244927 0.166599 -0.250749 0.231677 0.267212 0.935373 0.380917 0.316219 -0.384863 0.867114 0.400795 -0.930003 -0.306262 0.203222 -0.504304 0.187351 -0.870681 -0.454769 0.485867 
1533578783589 0.184201 0.931989 -0.312197 -0.613751 -0.955164 0.244645 0.166767 -0.250887 0.231802 0.26748 0.935266 0.380933 0.316219 -0.384863 0.867114 0.400795 -0.930003 -0.306262 0.203222 -0.504304 0.187351 -0.870681 -0.454769 0.485867 
1533578783654 0.183821 0.931986 -0.312429 -0.6137 -0.955207 0.244363 0.166935 -0.251025 0.231927 0.267748 0.935158 0.380949 0.316219 -0.384863 0.867114 0.400795 -0.930003 -0.306262 0.203222 -0.504304 0.187351 -0.870681 -0.454769 0.485867 
1533578783700 0.183441 0.931983 -0.312662 -0.613649 -0.955249 0.244081 0.167104 -0.251162 0.232052 0.268016 0.93505 0.380965 0.316219 -0.384863 0.867114 0.400795 -0.930003 -0.306262 0.203222 -0.504304 0.187351 -0.870681 -0.454769 0.485867 
1533578783775 0.184037 0.931977 -0.312328 -0.613765 -0.955156 0.244558 0.166935 -0.250914 0.231962 0.2676 0.935192 0.380908 0.316219 -0.384863 0.867114 0.400795 -0.930003 -0.306262 0.203222 -0.504304 0.187351 -0.870681 -0.454769 0.485867 
1533578783788 0.183571 0.931993 -0.312554 -0.6137 -0.955192 0.244221 0.167226 -0.251082 0.232186 0.267852 0.935064 0.380907 0.316219 -0.384863 0.867114 0.400795 -0.930003 -0.306262 0.203222 -0.504304 0.187351 -0.870681 -0.454769 0.485867 
1533578783805 0.183104 0.932009 -0.31278 -0.613634 -0.955227 0.243883 0.167516 -0.251251 0.232409 0.268104 0.934937 0.380905 0.316219 -0.384863 0.867114 0.400795 -0.930003 -0.306262 0.203222 -0.504304 0.187351 -0.870681 -0.454769 0.485867 
1533578783821 0.182636 0.932026 -0.313005 -0.613569 -0.955263 0.243545 0.167807 -0.251419 0.232631 0.268354 0.934809 0.380904 0.316219 -0.384863 0.867114 0.400795 -0.930003 -0.306262 0.203222 -0.504304 0.187351 -0.870681 -0.454769 0.485867 
1533578783828 0.182169 0.932042 -0.31323 -0.613504 -0.955298 0.243207 0.168098 -0.251587 0.232854 0.268606 0.934682 0.380902 0.316219 -0.384863 0.867114 0.400795 -0.930003 -0.306262 0.203222 -0.504304 0.187351 -0.870681 -0.454769 0.485867 
1533578783991 0.181702 0.932057 -0.313455 -0.613438 -0.955333 0.242869 0.168388 -0.251755 0.233076 0.268857 0.934554 0.380901 0.316219 -0.384863 0.867114 0.400795 -0.930003 -0.306262 0.203222 -0.504304 0.187351 -0.870681 -0.454769 0.485867 
1533578784035 0.181234 0.932073 -0.31368 -0.613373 -0.955367 0.242531 0.168679 -0.251924 0.233298 0.269109 0.934426 0.3809 0.316219 -0.384863 0.867114 0.400795 -0.930003 -0.306262 0.203222 -0.504304 0.187351 -0.870681 -0.454769 0.485867 
1533578784131 0.180767 0.932088 -0.313904 -0.613308 -0.955402 0.242193 0.168969 -0.252092 0.23352 0.269361 0.934298 0.380898 0.316219 -0.384863 0.867114 0.400795 -0.930003 -0.306262 0.203222 -0.504304 0.187351 -0.870681 -0.454769 0.485867 
1533578784188 0.180299 0.932103 -0.314129 -0.613243 -0.955436 0.241855 0.16926 -0.25226 0.233741 0.269613 0.93417 0.380897 0.316219 -0.384863 0.867114 0.400795 -0.930003 -0.306262 0.203222 -0.504304 0.187351 -0.870681 -0.454769 0.485867 
1533578784277 0.179831 0.932117 -0.314353 -0.613177 -0.95547 0.241517 0.169551 -0.252429 0.233963 0.269864 0.934042 0.380895 0.316219 -0.384863 0.867114 0.400795 -0.930003 -0.306262 0.203222 -0.504304 0.187351 -0.870681 -0.454769 0.485867 
1533578784346 0.18031 0.93212 -0.314072 -0.613255 -0.955464 0.24182 0.169148 -0.252192 0.233615 0.269585 0.93421 0.380885 0.316219 -0.384863 0.867114 0.400795 -0.930003 -0.306262 0.203222 -0.504304 0.187351 -0.870681 -0.454769 0.485867 
1533578784360 0.180233 0.932102 -0.314168 -0.613183 -0.955482 0.24176 0.169134 -0.252284 0.233603 0.269698 0.93418 0.380868 0.316219 -0.384863 0.867114 0.400795 -0.930003 -0.306262 0.203222 -0.504304 0.187351 -0.870681 -0.454769 0.485867 
1533578784376 0.180141 0.932084 -0.314275 -0.613109 -0.955499 0.241693 0.169133 -0.252378 0.233605 0.269821 0.934144 0.380847 0.316219 -0.384863 0.867114 0.400795 -0.930003 -0.306262 0.203222 -0.504304 0.187351 -0.870681 -0.454769 0.485867 
1533578784393 0.180049 0.932066 -0.314382 -0.613034 -0.955516 0.241626 0.169133 -0.252473 0.233606 0.269944 0.934108 0.380825 0.316219 -0.384863 0.867114 0.400795 -0.930003 -0.306262 0.203222 -0.504304 0.187351 -0.870681 -0.454769 0.485867 
1533578784410 0.179957 0.932047 -0.314489 -0.61296 -0.955533 0.241559 0.169133 -0.252568 0.233608 0.270068 0.934072 0.380803 0.316219 -0.384863 0.867114 0.400795 -0.930003 -0.306262 0.203222 -0.504304 0.187351 -0.870681 -0.454769 0.485867 
1533578784426 0.179865 0.932029 -0.314596 -0.612886 -0.95555 0.241493 0.169133 -0.252662 0.233609 0.270191 0.934036 0.380782 0.316219 -0.384863 0.867114 0.400795 -0.930003 -0.306262 0.203222 -0.504304 0.187351 -0.870681 -0.454769 0.485867 
1533578784443 0.179773 0.932011 -0.314703 -0.612812 -0.955567 0.241426 0.169132 -0.252757 0.233611 0.270314 0.934 0.38076 0.316219 -0.384863 0.867114 0.400795 -0.930003 -0.306262 0.203222 -0.504304 0.187351 -0.870681 -0.454769 0.485867 
1533578784489 0.179681 0.931992 -0.31481 -0.612738 -0.955584 0.241359 0.169133 -0.252852 0.233613 0.270437 0.933964 0.380738 0.316219 -0.384863 0.867114 0.400795 -0.930003 -0.306262 0.203222 -0.504304 0.187351 -0.870681 -0.454769 0.485867 
1533578784518 0.179589 0.931974 -0.314917 -0.612663 -0.9556 0.241292 0.169133 -0.252947 0.233615 0.27056 0.933928 0.380716 0.316219 -0.384863 0.867114 0.400795 -0.930003 -0.306262 0.203222 -0.504304 0.187351 -0.870681 -0.454769 0.485867 
1533578784543 0.179497 0.931955 -0.315024 -0.612589 -0.955617 0.241225 0.169133 -0.253041 0.233616 0.270683 0.933892 0.380695 0.316219 -0.384863 0.867114 0.400795 -0.930003 -0.306262 0.203222 -0.504304 0.187351 -0.870681 -0.454769 0.485867 
1533578784574 0.179852 0.932059 -0.314516 -0.612841 -0.955508 0.241517 0.169333 -0.252671 0.233789 0.270067 0.934027 0.38086 0.316219 -0.384863 0.867114 0.400795 -0.930003 -0.306262 0.203222 -0.504304 0.187351 -0.870681 -0.454769 0.485867 
1533578784588 0.179854 0.932094 -0.314408 -0.612697 -0.955482 0.24153 0.169463 -0.252759 0.233895 0.269933 0.934039 0.380787 0.316219 -0.384863 0.867114 0.400795 -0.930003 -0.306262 0.203222 -0.504304 0.187351 -0.870681 -0.454769 0.485867 
1533578784604 0.179857 0.93213 -0.314302 -0.612553 -0.955456 0.241542 0.169594 -0.252848 0.234001 0.269799 0.934051 0.380713 0.316219 -0.384863 0.867114 0.400795 -0.930003 -0.306262 0.203222 -0.504304 0.187351 -0.870681 -0.454769 0.485867 
1533578784621 0.179859 0.932165 -0.314196 -0.612409 -0.955429 0.241555 0.169724 -0.252936 0.234106 0.269666 0.934064 0.38064 0.316219 -0.384863 0.867114 0.400795 -0.930003 -0.306262 0.203222 -0.504304 0.187351 -0.870681 -0.454769 0.485867 
1533578784628 0.179862 0.9322 -0.31409 -0.612265 -0.955403 0.241568 0.169854 -0.253025 0.234212 0.269532 0.934076 0.380566 0.316219 -0.384863 0.867114 0.400795 -0.930003 -0.306262 0.203222 -0.504304 0.187351 -0.870681 -0.454769 0.485867 
1533578784641 0.179865 0.932236 -0.313983 -0.612121 -0.955376 0.241581 0.169984 -0.253113 0.234318 0.269398 0.934088 0.380493 0.316219 -0.384863 0.867114 0.400795 -0.930003 -0.306262 0.203222 -0.504304 0.187351 -0.870681 -0.454769 0.485867 
1533578784648 0.179867 0.932271 -0.313877 -0.611978 -0.95535 0.241594 0.170115 -0.253202 0.234424 0.269264 0.9341 0.380419 0.316219 -0.384863 0.867114 0.400795 -0.930003 -0.306262 0.203222 -0.504304 0.187351 -0.870681 -0.454769 0.485867 
1533578784755 0.17987 0.932306 -0.313771 -0.611834 -0.955323 0.241607 0.170245 -0.25329 0.23453 0.26913 0.934112 0.380346 0.316219 -0.384863 0.867114 0.400795 -0.930003 -0.306262 0.203222 -0.504304 0.187351 -0.870681 -0.454769 0.485867 
1533578784787 0.179873 0.932341 -0.313664 -0.61169 -0.955297 0.24162 0.170375 -0.253379 0.234636 0.268997 0.934124 0.380272 0.316219 -0.384863 0.867114 0.400795 -0.930003 -0.306262 0.203222 -0.504304 0.187351 -0.870681 -0.454769 0.485867 
1533578784824 0.179875 0.932377 -0.313558 -0.611546 -0.95527 0.241633 0.170506 -0.253467 0.234741 0.268863 0.934136 0.380199 0.316219 -0.384863 0.867114 0.400795 -0.930003 -0.306262 0.203222 -0.504304 0.187351 -0.870681 -0.454769 0.485867 
1533578784872 0.179902 0.932307 -0.313749 -0.611895 -0.955333 0.241615 0.170178 -0.253217 0.234464 0.26912 0.934131 0.380372 0.316219 -0.384863 0.867114 0.400795 -0.930003 -0.306262 0.203222 -0.504304 0.187351 -0.870681 -0.454769 0.485867 
1533578784885 0.17963 0.932354 -0.313767 -0.611697 -0.955251 0.241515 0.170781 -0.253299 0.235008 0.269049 0.934015 0.380341 0.316219 -0.384863 0.867114 0.400795 -0.930003 -0.306262 0.203222 -0.504304 0.187351 -0.870681 -0.454769 0.485867 
1533578784902 0.179358 0.9324 -0.313784 -0.611499 -0.955168 0.241415 0.171385 -0.253382 0.235551 0.268977 0.933899 0.38031 0.316219 -0.384863 0.867114 0.400795 -0.930003 -0.306262 0.203222 -0.504304 0.187351 -0.870681 -0.454769 0.485867 
1533578784918 0.179086 0.932447 -0.313801 -0.6113 -0.955085 0.241315 0.171989 -0.253464 0.236095 0.268906 0.933782 0.380278 0.316219 -0.384863 0.867114 0.400795 -0.930003 -0.306262 0.203222 -0.504304 0.187351 -0.870681 -0.454769 0.485867 
1533578784945 0.178815 0.932493 -0.313818 -0.611102 -0.955001 0.241215 0.172592 -0.253546 0.236639 0.268835 0.933665 0.380247 0.316219 -0.384863 0.867114 0.400795 -0.930003 -0.306262 0.203222 -0.504304 0.187351 -0.870681 -0.454769 0.485867 
1533578785064 0.178543 0.932539 -0.313835 -0.610904 -0.954917 0.241114 0.173196 -0.253628 0.237182 0.268764 0.933547 0.380216 0.316219 -0.384863 0.867114 0.400795 -0.930003 -0.306262 0.203222 -0.504304 0.187351 -0.870681 -0.454769 0.485867 
1533578785117 0.178271 0.932586 -0.313852 -0.610706 -0.954833 0.241014 0.1738 -0.253711 0.237726 0.268693 0.93343 0.380185 0.316219 -0.384863 0.867114 0.400795 -0.930003 -0.306262 0.203222 -0.504304 0.187351 -0.870681 -0.454769 0.485867 
1533578785188 0.177999 0.932632 -0.313868 -0.610508 -0.954748 0.240914 0.174403 -0.253793 0.238269 0.268622 0.933311 0.380154 0.316219 -0.384863 0.867114 0.400795 -0.930003 -0.306262 0.203222 -0.504304 0.187351 -0.870681 -0.454769 0.485867 
1533578785231 0.177727 0.932679 -0.313885 -0.610309 -0.954663 0.240813 0.175007 -0.253875 0.238813 0.268551 0.933193 0.380122 0.316219 -0.384863 0.867114 0.400795 -0.930003 -0.306262 0.203222 -0.504304 0.187351 -0.870681 -0.454769 0.485867 
1533578785291 0.177455 0.932725 -0.313901 -0.610111 -0.954578 0.240713 0.17561 -0.253958 0.239356 0.26848 0.933074 0.380091 0.316219 -0.384863 0.867114 0.400795 -0.930003 -0.306262 0.203222 -0.504304 0.187351 -0.870681 -0.454769 0.485867 
1533578785364 0.177683 0.932747 -0.313708 -0.610392 -0.954757 0.240643 0.174731 -0.253756 0.238471 0.268468 0.933304 0.380188 0.316219 -0.384863 0.867114 0.400795 -0.930003 -0.306262 0.203222 -0.504304 0.187351 -0.870681 -0.454769 0.485867 
1533578785378 0.17745 0.932816 -0.313633 -0.610228 -0.954776 0.240436 0.17491 -0.253807 0.238568 0.268412 0.933296 0.380161 0.316219 -0.384863 0.867114 0.400795 -0.930003 -0.306262 0.203222 -0.504304 0.187351 -0.870681 -0.454769 0.485867 
1533578785394 0.177217 0.932886 -0.313558 -0.610065 -0.954795 0.240229 0.175089 -0.253857 0.238663 0.268355 0.933288 0.380134 0.316219 -0.384863 0.867114 0.400795 -0.930003 -0.306262 0.203222 -0.504304 0.187351 -0.870681 -0.454769 0.485867 
1533578785411 0.176984 0.932955 -0.313482 -0.609901 -0.954815 0.240022 0.175267 -0.253908 0.238759 0.268298 0.933279 0.380108 0.316219 -0.384863 0.867114 0.400795 -0.930003 -0.306262 0.203222 -0.504304 0.187351 -0.870681 -0.454769 0.485867 
1533578785428 0.17675 0.933025 -0.313407 -0.609737 -0.954834 0.239815 0.175445 -0.253959 0.238854 0.268241 0.933271 0.380081 0.316219 -0.384863 0.867114 0.400795 -0.930003 -0.306262 0.203222 -0.504304 0.187351 -0.870681 -0.454769 0.485867 
1533578785494 0.176518 0.933095 -0.31333 -0.609573 -0.954853 0.239608 0.175624 -0.254009 0.23895 0.268184 0.933263 0.380054 0.316219 -0.384863 0.867114 0.400795 -0.930003 -0.306262 0.203222 -0.504304 0.187351 -0.870681 -0.454769 0.485867 
1533578785582 0.176285 0.933164 -0.313255 -0.60941 -0.954872 0.239401 0.175803 -0.25406 0.239046 0.268127 0.933255 0.380027 0.316219 -0.384863 0.867114 0.400795 -0.930003 -0.306262 0.203222 -0.504304 0.187351 -0.870681 -0.454769 0.485867 
1533578785608 0.176051 0.933234 -0.313179 -0.609246 -0.954891 0.239194 0.175981 -0.254111 0.239142 0.26807 0.933247 0.38 0.316219 -0.384863 0.867114 0.400795 -0.930003 -0.306262 0.203222 -0.504304 0.187351 -0.870681 -0.454769 0.485867 
1533578785645 0.175818 0.933303 -0.313103 -0.609082 -0.95491 0.238986 0.176159 -0.254162 0.239238 0.268013 0.933239 0.379974 0.316219 -0.384863 0.867114 0.400795 -0.930003 -0.306262 0.203222 -0.504304 0.187351 -0.870681 -0.454769 0.485867 
1533578785688 0.175585 0.933372 -0.313027 -0.608919 -0.954929 0.238779 0.176338 -0.254212 0.239333 0.267956 0.93323 0.379947 0.316219 -0.384863 0.867114 0.400795 -0.930003 -0.306262 0.203222 -0.504304 0.187351 -0.870681 -0.454769 0.485867 
1533578785739 0.176231 0.933155 -0.313313 -0.609285 -0.954843 0.239405 0.175956 -0.254191 0.239203 0.268155 0.933207 0.38001 0.316219 -0.384863 0.867114 0.400795 -0.930003 -0.306262 0.203222 -0.504304 0.187351 -0.870681 -0.454769 0.485867 
1533578785753 0.175979 0.933186 -0.313362 -0.609125 -0.954891 0.239174 0.176007 -0.254205 0.239195 0.268253 0.933181 0.37998 0.316219 -0.384863 0.867114 0.400795 -0.930003 -0.306262 0.203222 -0.504304 0.187351 -0.870681 -0.454769 0.485867 
1533578785769 0.175725 0.933217 -0.313411 -0.608965 -0.95494 0.238942 0.176058 -0.254218 0.239187 0.26835 0.933155 0.37995 0.316219 -0.384863 0.867114 0.400795 -0.930003 -0.306262 0.203222 -0.504304 0.187351 -0.870681 -0.454769 0.485867 
1533578785776 0.175471 0.933249 -0.313459 -0.608805 -0.954988 0.23871 0.176109 -0.254232 0.23918 0.268448 0.933129 0.37992 0.316219 -0.384863 0.867114 0.400795 -0.930003 -0.306262 0.203222 -0.504304 0.187351 -0.870681 -0.454769 0.485867 
1533578785790 0.175218 0.93328 -0.313508 -0.608645 -0.955037 0.238478 0.176161 -0.254245 0.239172 0.268545 0.933102 0.37989 0.316219 -0.384863 0.867114 0.400795 -0.930003 -0.306262 0.203222 -0.504304 0.187351 -0.870681 -0.454769 0.485867 
1533578785921 0.174964 0.933311 -0.313557 -0.608485 -0.955085 0.238247 0.176213 -0.254259 0.239165 0.268642 0.933076 0.37986 0.316219 -0.384863 0.867114 0.400795 -0.930003 -0.306262 0.203222 -0.504304 0.187351 -0.870681 -0.454769 0.485867 
1533578785928 0.17471 0.933342 -0.313605 -0.608325 -0.955133 0.238015 0.176264 -0.254273 0.239158 0.26874 0.93305 0.379829 0.316219 -0.384863 0.867114 0.400795 -0.930003 -0.306262 0.203222 -0.504304 0.187351 -0.870681 -0.454769 0.485867 
1533578786008 0.174457 0.933374 -0.313654 -0.608165 -0.955182 0.237783 0.176316 -0.254286 0.23915 0.268837 0.933024 0.379799 0.316219 -0.384863 0.867114 0.400795 -0.930003 -0.306262 0.203222 -0.504304 0.187351 -0.870681 -0.454769 0.485867 
1533578786076 0.174203 0.933405 -0.313702 -0.608005 -0.95523 0.237551 0.176368 -0.2543 0.239143 0.268934 0.932998 0.379769 0.316219 -0.384863 0.867114 0.400795 -0.930003 -0.306262 0.203222 -0.504304 0.187351 -0.870681 -0.454769 0.485867 
1533578786111 0.173949 0.933436 -0.313751 -0.607845 -0.955278 0.237319 0.176419 -0.254313 0.239135 0.269031 0.932972 0.379739 0.316219 -0.384863 0.867114 0.400795 -0.930003 -0.306262 0.203222 -0.504304 0.187351 -0.870681 -0.454769 0.485867 
1533578786154 0.174449 0.933409 -0.313554 -0.608149 -0.955187 0.237752 0.176328 -0.254251 0.239134 0.268742 0.933055 0.379776 0.316219 -0.384863 0.867114 0.400795 -0.930003 -0.306262 0.203222 -0.504304 0.187351 -0.870681 -0.454769 0.485867 
1533578786168 0.174341 0.933472 -0.313426 -0.608035 -0.95527 0.237555 0.176144 -0.254251 0.238881 0.268697 0.933133 0.379754 0.316219 -0.384863 0.867114 0.400795 -0.930003 -0.306262 0.203222 -0.504304 0.187351 -0.870681 -0.454769 0.485867 
1533578786185 0.174234 0.933535 -0.313298 -0.60792 -0.955353 0.237359 0.17596 -0.254251 0.238629 0.268652 0.933211 0.379731 0.316219 -0.384863 0.867114 0.400795 -0.930003 -0.306262 0.203222 -0.504304 0.187351 -0.870681 -0.454769 0.485867 
1533578786201 0.174127 0.933597 -0.31317 -0.607806 -0.955435 0.237163 0.175776 -0.254251 0.238376 0.268606 0.933289 0.379709 0.316219 -0.384863 0.867114 0.400795 -0.930003 -0.306262 0.203222 -0.504304 0.187351 -0.870681 -0.454769 0.485867 
1533578786218 0.17402 0.93366 -0.313042 -0.607691 -0.955518 0.236967 0.175592 -0.254251 0.238124 0.268561 0.933366 0.379686 0.316219 -0.384863 0.867114 0.400795 -0.930003 -0.306262 0.203222 -0.504304 0.187351 -0.870681 -0.454769 0.485867 
1533578786234 0.173913 0.933723 -0.312915 -0.607577 -0.9556 0.236771 0.175408 -0.254251 0.237871 0.268516 0.933443 0.379664 0.316219 -0.384863 0.867114 0.400795 -0.930003 -0.306262 0.203222 -0.504304 0.187351 -0.870681 -0.454769 0.485867 
1533578786264 0.173806 0.933786 -0.312787 -0.607463 -0.955682 0.236575 0.175224 -0.254251 0.237619 0.26847 0.933521 0.379641 0.316219 -0.384863 0.867114 0.400795 -0.930003 -0.306262 0.203222 -0.504304 0.187351 -0.870681 -0.454769 0.485867 
1533578786323 0.173699 0.933848 -0.312659 -0.607348 -0.955765 0.23638 0.175039 -0.254251 0.237367 0.268425 0.933598 0.379619 0.316219 -0.384863 0.867114 0.400795 -0.930003 -0.306262 0.203222 -0.504304 0.187351 -0.870681 -0.454769 0.485867 
1533578786361 0.173591 0.933911 -0.312532 -0.607234 -0.955847 0.236184 0.174855 -0.254251 0.237114 0.268379 0.933675 0.379596 0.316219 -0.384863 0.867114 0.400795 -0.930003 -0.306262 0.203222 -0.504304 0.187351 -0.870681 -0.454769 0.485867 
1533578786388 0.173484 0.933974 -0.312404 -0.607119 -0.955929 0.235988 0.174671 -0.254251 0.236862 0.268333 0.933753 0.379574 0.316219 -0.384863 0.867114 0.400795 -0.930003 -0.306262 0.203222 -0.504304 0.187351 -0.870681 -0.454769 0.485867 
1533578786424 0.173658 0.933852 -0.31267 -0.607455 -0.95571 0.236413 0.175291 -0.254185 0.237615 0.268382 0.933547 0.379682 0.316219 -0.384863 0.867114 0.400795 -0.930003 -0.306262 0.203222 -0.504304 0.187351 -0.870681 -0.454769 0.485867 
1533578786438 0.173527 0.933881 -0.312658 -0.607344 -0.955771 0.236246 0.175186 -0.254177 0.237467 0.268429 0.933571 0.379672 0.316219 -0.384863 0.867114 0.400795 -0.930003 -0.306262 0.203222 -0.504304 0.187351 -0.870681 -0.454769 0.485867 
1533578786454 0.173397 0.933909 -0.312644 -0.607232 -0.955831 0.236079 0.175081 -0.254169 0.237319 0.268477 0.933595 0.379662 0.316219 -0.384863 0.867114 0.400795 -0.930003 -0.306262 0.203222 -0.504304 0.187351 -0.870681 -0.454769 0.485867 
1533578786473 0.173267 0.933938 -0.312631 -0.60712 -0.955892 0.235912 0.174976 -0.254161 0.23717 0.268524 0.933619 0.379653 0.316219 -0.384863 0.867114 0.400795 -0.930003 -0.306262 0.203222 -0.504304 0.187351 -0.870681 -0.454769 0.485867 
1533578786488 0.173137 0.933967 -0.312618 -0.607009 -0.955952 0.235745 0.17487 -0.254153 0.237021 0.268571 0.933644 0.379643 0.316219 -0.384863 0.867114 0.400795 -0.930003 -0.306262 0.203222 -0.504304 0.187351 -0.870681 -0.454769 0.485867 
1533578786504 0.173007 0.933995 -0.312605 -0.606897 -0.956013 0.235579 0.174765 -0.254145 0.236872 0.268618 0.933668 0.379633 0.316219 -0.384863 0.867114 0.400795 -0.930003 -0.306262 0.203222 -0.504304 0.187351 -0.870681 -0.454769 0.485867 
1533578786566 0.172877 0.934024 -0.312591 -0.606786 -0.956073 0.235412 0.174659 -0.254138 0.236724 0.268666 0.933692 0.379623 0.316219 -0.384863 0.867114 0.400795 -0.930003 -0.306262 0.203222 -0.504304 0.187351 -0.870681 -0.454769 0.485867 
1533578786624 0.172747 0.934052 -0.312579 -0.606674 -0.956133 0.235245 0.174554 -0.25413 0.236575 0.268714 0.933716 0.379613 0.316219 -0.384863 0.867114 0.400795 -0.930003 -0.306262 0.203222 -0.504304 0.187351 -0.870681 -0.454769 0.485867 
1533578786655 0.172617 0.93408 -0.312566 -0.606563 -0.956194 0.235078 0.174448 -0.254122 0.236426 0.268761 0.93374 0.379604 0.316219 -0.384863 0.867114 0.400795 -0.930003 -0.306262 0.203222 -0.504304 0.187351 -0.870681 -0.454769 0.485867 
1533578786690 0.172486 0.934109 -0.312553 -0.606451 -0.956254 0.234911 0.174343 -0.254114 0.236277 0.268808 0.933764 0.379594 0.316219 -0.384863 0.867114 0.400795 -0.930003 -0.306262 0.203222 -0.504304 0.187351 -0.870681 -0.454769 0.485867 
1533578786737 0.172805 0.934054 -0.31254 -0.606738 -0.956086 0.235334 0.174692 -0.254109 0.236724 0.268627 0.933703 0.379699 0.316219 -0.384863 0.867114 0.400795 -0.930003 -0.306262 0.203222 -0.504304 0.187351 -0.870681 -0.454769 0.485867 
1533578786750 0.172661 0.934068 -0.312579 -0.606643 -0.956154 0.235158 0.174559 -0.254108 0.236556 0.268734 0.933715 0.379687 0.316219 -0.384863 0.867114 0.400795 -0.930003 -0.306262 0.203222 -0.504304 0.187351 -0.870681 -0.454769 0.485867 
1533578786766 0.172515 0.934082 -0.312617 -0.606548 -0.956222 0.234981 0.174425 -0.254107 0.236386 0.268841 0.933727 0.379674 0.316219 -0.384863 0.867114 0.400795 -0.930003 -0.306262 0.203222 -0.504304 0.187351 -0.870681 -0.454769 0.485867 
1533578786783 0.17237 0.934096 -0.312656 -0.606452 -0.95629 0.234804 0.174291 -0.254105 0.236217 0.268947 0.933739 0.379662 0.316219 -0.384863 0.867114 0.400795 -0.930003 -0.306262 0.203222 -0.504304 0.187351 -0.870681 -0.454769 0.485867 
1533578786800 0.172225 0.934109 -0.312695 -0.606357 -0.956358 0.234626 0.174157 -0.254104 0.236048 0.269054 0.933751 0.379649 0.316219 -0.384863 0.867114 0.400795 -0.930003 -0.306262 0.203222 -0.504304 0.187351 -0.870681 -0.454769 0.485867 
1533578786817 0.17208 0.934123 -0.312733 -0.606262 -0.956426 0.234449 0.174023 -0.254103 0.235879 0.26916 0.933763 0.379637 0.316219 -0.384863 0.867114 0.400795 -0.930003 -0.306262 0.203222 -0.504304 0.187351 -0.870681 -0.454769 0.485867 
1533578786833 0.171934 0.934137 -0.312772 -0.606167 -0.956493 0.234271 0.173889 -0.254102 0.23571 0.269267 0.933775 0.379624 0.316219 -0.384863 0.867114 0.400795 -0.930003 -0.306262 0.203222 -0.504304 0.187351 -0.870681 -0.454769 0.485867 
1533578786946 0.171789 0.934151 -0.312812 -0.606072 -0.956561 0.234094 0.173754 -0.254101 0.23554 0.269374 0.933787 0.379612 0.316219 -0.384863 0.867114 0.400795 -0.930003 -0.306262 0.203222 -0.504304 0.187351 -0.870681 -0.454769 0.485867 
1533578786973 0.171644 0.934164 -0.312851 -0.605976 -0.956629 0.233917 0.17362 -0.254099 0.235371 0.269481 0.933799 0.379599 0.316219 -0.384863 0.867114 0.400795 -0.930003 -0.306262 0.203222 -0.504304 0.187351 -0.870681 -0.454769 0.485867 
1533578786995 0.171499 0.934178 -0.31289 -0.605881 -0.956697 0.23374 0.173486 -0.254098 0.235202 0.269588 0.933811 0.379587 0.316219 -0.384863 0.867114 0.400795 -0.930003 -0.306262 0.203222 -0.504304 0.187351 -0.870681 -0.454769 0.485867 
1533578787033 0.171947 0.934186 -0.31262 -0.606151 -0.956455 0.234296 0.174068 -0.25403 0.235857 0.269077 0.933793 0.379696 0.316219 -0.384863 0.867114 0.400795 -0.930003 -0.306262 0.203222 -0.504304 0.187351 -0.870681 -0.454769 0.485867 
1533578787046 0.171822 0.934188 -0.312681 -0.606063 -0.956465 0.234204 0.174136 -0.254045 0.235907 0.269148 0.93376 0.379676 0.316219 -0.384863 0.867114 0.400795 -0.930003 -0.306262 0.203222 -0.504304 0.187351 -0.870681 -0.454769 0.485867 
1533578787063 0.171696 0.934191 -0.312743 -0.605975 -0.956475 0.234111 0.174204 -0.254061 0.235957 0.26922 0.933726 0.379655 0.316219 -0.384863 0.867114 0.400795 -0.930003 -0.306262 0.203222 -0.504304 0.187351 -0.870681 -0.454769 0.485867 
1533578787070 0.171571 0.934193 -0.312804 -0.605887 -0.956486 0.234018 0.174272 -0.254076 0.236006 0.269293 0.933693 0.379635 0.316219 -0.384863 0.867114 0.400795 -0.930003 -0.306262 0.203222 -0.504304 0.187351 -0.870681 -0.454769 0.485867 
1533578787083 0.171445 0.934196 -0.312866 -0.605799 -0.956496 0.233925 0.17434 -0.254092 0.236055 0.269365 0.93366 0.379614 0.316219 -0.384863 0.867114 0.400795 -0.930003 -0.306262 0.203222 -0.504304 0.187351 -0.870681 -0.454769 0.485867 
1533578787090 0.171319 0.934198 -0.312927 -0.60571 -0.956506 0.233832 0.174408 -0.254107 0.236104 0.269437 0.933626 0.379594 0.316219 -0.384863 0.867114 0.400795 -0.930003 -0.306262 0.203222 -0.504304 0.187351 -0.870681 -0.454769 0.485867 
