1534166290092 0.137533 0.652596 -0.745119 -0.566237 -0.94615 0.309132 0.0961071 -0.211644 0.293059 0.691777 0.65997 0.427132 0.16008 -0.304787 0.938871 0.370831 -0.775623 0.549475 0.310623 -0.528794 -0.61056 -0.777934 -0.14844 0.432481 
1534166290103 0.153463 0.680891 -0.716126 -0.568932 -0.946103 0.310409 0.0923901 -0.211072 0.285199 0.66335 0.691829 0.421424 0.316225 -0.384867 0.86711 0.400813 -0.930002 -0.30626 0.203228 -0.504337 0.187345 -0.870679 -0.454774 0.485882 
1534166290109 0.168976 0.70799 -0.68571 -0.571709 -0.945988 0.311799 0.0888145 -0.210684 0.276683 0.633666 0.722436 0.415605 0.316225 -0.384867 0.86711 0.400813 -0.930002 -0.30626 0.203228 -0.504337 0.187345 -0.870679 -0.454774 0.485882 
1534166291454 0.184077 0.733795 -0.653957 -0.574527 -0.945808 0.313313 0.0853367 -0.210377 0.267513 0.602809 0.751703 0.409737 0.316225 -0.384867 0.86711 0.400813 -0.930002 -0.30626 0.203228 -0.504337 0.187345 -0.870679 -0.454774 0.485882 
1534166292322 0.19876 0.758233 -0.620949 -0.577355 -0.945562 0.314962 0.0819296 -0.210079 0.257697 0.570861 0.779558 0.403865 0.316225 -0.384867 0.86711 0.400813 -0.930002 -0.30626 0.203228 -0.504337 0.187345 -0.870679 -0.454774 0.485882 
1534166293133 0.213007 0.781247 -0.586754 -0.580179 -0.945249 0.316746 0.0785885 -0.209767 0.247249 0.537889 0.805943 0.398002 0.316225 -0.384867 0.86711 0.400813 -0.930002 -0.30626 0.203228 -0.504337 0.187345 -0.870679 -0.454774 0.485882 
1534166293934 0.226791 0.802796 -0.551439 -0.582996 -0.94487 0.318664 0.0753194 -0.209438 0.23619 0.503956 0.830808 0.392149 0.316225 -0.384867 0.86711 0.400813 -0.930002 -0.30626 0.203228 -0.504337 0.187345 -0.870679 -0.454774 0.485882 
1534166294733 0.240084 0.822839 -0.515069 -0.585808 -0.944426 0.320712 0.0721309 -0.209097 0.224541 0.469127 0.854108 0.386303 0.316225 -0.384867 0.86711 0.400813 -0.930002 -0.30626 0.203228 -0.504337 0.187345 -0.870679 -0.454774 0.485882 
1534166295530 0.252859 0.84134 -0.477713 -0.588615 -0.943918 0.322884 0.0690315 -0.208749 0.212325 0.433466 0.8758 0.380461 0.316225 -0.384867 0.86711 0.400813 -0.930002 -0.30626 0.203228 -0.504337 0.187345 -0.870679 -0.454774 0.485882 
1534166296326 0.265346 0.858004 -0.439795 -0.590057 -0.943287 0.325408 0.0657216 -0.207467 0.199502 0.397414 0.89569 0.375175 0.316379 -0.384993 0.866998 0.401317 -0.929989 -0.306181 0.203405 -0.505249 0.187149 -0.870651 -0.454908 0.48631 
1534166297113 0.26557 0.857642 -0.440367 -0.589887 -0.943099 0.325903 0.0659652 -0.207598 0.200091 0.397791 0.895391 0.375493 0.316379 -0.384993 0.866998 0.401317 -0.929989 -0.306181 0.203405 -0.505249 0.187149 -0.870651 -0.454908 0.48631 
1534166297123 0.266718 0.859311 -0.4364 -0.590321 -0.943062 0.326068 0.065679 -0.207643 0.198735 0.394035 0.897352 0.374822 0.316221 -0.384863 0.867113 0.400797 -0.930002 -0.306262 0.203223 -0.504308 0.187351 -0.87068 -0.45477 0.485869 
1534166297390 0.26786 0.860965 -0.432424 -0.590757 -0.943025 0.326234 0.0653932 -0.207688 0.197373 0.390271 0.899296 0.37415 0.31622 -0.384863 0.867113 0.400797 -0.930002 -0.306262 0.203222 -0.504307 0.187351 -0.87068 -0.45477 0.485868 
1534166297666 0.268995 0.862601 -0.42844 -0.591195 -0.942987 0.3264 0.0651085 -0.207735 0.196006 0.386499 0.901222 0.373478 0.316221 -0.384863 0.867113 0.400796 -0.930002 -0.306262 0.203223 -0.504306 0.187351 -0.87068 -0.45477 0.485868 
1534166297936 0.270124 0.864221 -0.424446 -0.591632 -0.942948 0.326568 0.0648245 -0.207781 0.194633 0.38272 0.90313 0.372806 0.31622 -0.384863 0.867113 0.400796 -0.930002 -0.306262 0.203222 -0.504306 0.187351 -0.87068 -0.454769 0.485868 
1534166298210 0.271246 0.865824 -0.420445 -0.592069 -0.942909 0.326737 0.0645411 -0.207827 0.193256 0.378935 0.90502 0.372134 0.31622 -0.384863 0.867113 0.400796 -0.930002 -0.306262 0.203222 -0.504306 0.187351 -0.87068 -0.454769 0.485868 
1534166298217 0.272363 0.86741 -0.416434 -0.592507 -0.942869 0.326907 0.0642588 -0.207874 0.191874 0.375141 0.906892 0.371462 0.31622 -0.384863 0.867113 0.400796 -0.930002 -0.306262 0.203222 -0.504305 0.187351 -0.87068 -0.45477 0.485867 
1534166298478 0.273474 0.86898 -0.412416 -0.592943 -0.942829 0.327078 0.0639769 -0.20792 0.190487 0.371342 0.908746 0.37079 0.31622 -0.384863 0.867113 0.400796 -0.930002 -0.306262 0.203222 -0.504305 0.187351 -0.87068 -0.45477 0.485867 
1534166298865 0.274578 0.870532 -0.408389 -0.593382 -0.942789 0.32725 0.0636962 -0.207967 0.189095 0.367535 0.910583 0.370117 0.316221 -0.384863 0.867113 0.400795 -0.930002 -0.306262 0.203223 -0.504305 0.187351 -0.87068 -0.45477 0.485867 
1534166299141 0.275676 0.872067 -0.404354 -0.593818 -0.942747 0.327423 0.0634159 -0.208013 0.187698 0.363721 0.912402 0.369445 0.316221 -0.384863 0.867113 0.400795 -0.930002 -0.306262 0.203223 -0.504305 0.187351 -0.87068 -0.45477 0.485867 
1534166299422 0.27562 0.871828 -0.404907 -0.593652 -0.942726 0.327484 0.0634118 -0.20806 0.187885 0.364239 0.912156 0.369704 0.316221 -0.384863 0.867113 0.400795 -0.930002 -0.306262 0.203223 -0.504305 0.187351 -0.87068 -0.45477 0.485867 
1534166299432 0.275976 0.871849 -0.40462 -0.593671 -0.942633 0.32777 0.0633239 -0.208079 0.187831 0.363932 0.91229 0.369613 0.31622 -0.384863 0.867113 0.400795 -0.930002 -0.306262 0.203222 -0.504304 0.187351 -0.87068 -0.454769 0.485867 
1534166299449 0.27633 0.87187 -0.404331 -0.593695 -0.94254 0.328054 0.0632369 -0.2081 0.187777 0.363624 0.912424 0.36952 0.31622 -0.384863 0.867113 0.400795 -0.930002 -0.306262 0.203222 -0.504304 0.187351 -0.87068 -0.454769 0.485867 
1534166299465 0.276685 0.871892 -0.404042 -0.593718 -0.942447 0.328339 0.06315 -0.208121 0.187723 0.363316 0.912558 0.369427 0.31622 -0.384863 0.867113 0.400795 -0.930002 -0.306262 0.203222 -0.504304 0.187351 -0.87068 -0.454769 0.485867 
1534166299482 0.277039 0.871913 -0.403753 -0.593742 -0.942353 0.328623 0.0630632 -0.208142 0.187668 0.363007 0.912692 0.369334 0.31622 -0.384863 0.867113 0.400795 -0.930002 -0.306262 0.203222 -0.504304 0.187351 -0.87068 -0.454769 0.485867 
1534166299499 0.277394 0.871934 -0.403464 -0.593764 -0.94226 0.328908 0.0629763 -0.208162 0.187614 0.362699 0.912826 0.369242 0.31622 -0.384863 0.867113 0.400795 -0.930002 -0.306262 0.203222 -0.504304 0.187351 -0.87068 -0.454769 0.485867 
1534166299505 0.277748 0.871955 -0.403175 -0.593788 -0.942166 0.329192 0.0628898 -0.208184 0.187559 0.362391 0.912959 0.369149 0.31622 -0.384863 0.867113 0.400795 -0.930002 -0.306262 0.203222 -0.504304 0.187351 -0.87068 -0.454769 0.485867 
1534166299645 0.278103 0.871976 -0.402886 -0.593811 -0.942073 0.329477 0.0628031 -0.208204 0.187504 0.362082 0.913093 0.369056 0.31622 -0.384863 0.867113 0.400795 -0.930002 -0.306262 0.203222 -0.504304 0.187351 -0.87068 -0.454769 0.485867 
1534166299666 0.278457 0.871996 -0.402597 -0.593835 -0.941979 0.329761 0.0627168 -0.208226 0.18745 0.361774 0.913226 0.368963 0.31622 -0.384863 0.867113 0.400795 -0.930002 -0.306262 0.203222 -0.504304 0.187351 -0.87068 -0.454769 0.485867 
1534166299702 0.278812 0.872016 -0.402308 -0.593858 -0.941885 0.330045 0.0626304 -0.208247 0.187394 0.361465 0.91336 0.36887 0.31622 -0.384863 0.867113 0.400795 -0.930002 -0.306262 0.203222 -0.504304 0.187351 -0.87068 -0.454769 0.485867 
1534166299786 0.278064 0.871946 -0.402979 -0.593844 -0.942104 0.329409 0.0626893 -0.208188 0.187407 0.362216 0.91306 0.369024 0.31622 -0.384863 0.867113 0.400795 -0.930002 -0.306262 0.203222 -0.504304 0.187351 -0.87068 -0.454769 0.485867 
1534166299799 0.27848 0.872004 -0.402563 -0.593864 -0.942071 0.329589 0.0622398 -0.208191 0.186954 0.36191 0.913274 0.368974 0.31622 -0.384863 0.867113 0.400795 -0.930002 -0.306262 0.203222 -0.504304 0.187351 -0.87068 -0.454769 0.485867 
1534166299805 0.278896 0.872064 -0.402147 -0.593889 -0.942037 0.329769 0.0617909 -0.208196 0.186501 0.361604 0.913488 0.368922 0.31622 -0.384863 0.867113 0.400795 -0.930002 -0.306262 0.203222 -0.504304 0.187351 -0.87068 -0.454769 0.485867 
1534166299820 0.279311 0.872123 -0.40173 -0.593914 -0.942004 0.329948 0.0613421 -0.2082 0.186048 0.361298 0.913701 0.368871 0.31622 -0.384863 0.867113 0.400795 -0.930002 -0.306262 0.203222 -0.504304 0.187351 -0.87068 -0.454769 0.485867 
1534166299837 0.279727 0.872182 -0.401313 -0.593939 -0.94197 0.330128 0.0608934 -0.208205 0.185595 0.360991 0.913915 0.36882 0.31622 -0.384863 0.867113 0.400795 -0.930002 -0.306262 0.203222 -0.504304 0.187351 -0.87068 -0.454769 0.485867 
1534166299956 0.280142 0.87224 -0.400896 -0.593963 -0.941936 0.330308 0.0604446 -0.208209 0.185141 0.360685 0.914127 0.368769 0.31622 -0.384863 0.867113 0.400795 -0.930002 -0.306262 0.203222 -0.504304 0.187351 -0.87068 -0.454769 0.485867 
1534166299988 0.280557 0.872299 -0.400479 -0.593988 -0.941902 0.330488 0.0599962 -0.208214 0.184688 0.360379 0.91434 0.368717 0.31622 -0.384863 0.867113 0.400795 -0.930002 -0.306262 0.203222 -0.504304 0.187351 -0.87068 -0.454769 0.485867 
1534166300043 0.280971 0.872357 -0.400061 -0.594012 -0.941867 0.330668 0.0595476 -0.208218 0.184234 0.360073 0.914552 0.368666 0.31622 -0.384863 0.867113 0.400795 -0.930002 -0.306262 0.203222 -0.504304 0.187351 -0.87068 -0.454769 0.485867 
1534166300086 0.281385 0.872415 -0.399643 -0.594038 -0.941832 0.330848 0.0590993 -0.208224 0.18378 0.359767 0.914764 0.368615 0.31622 -0.384863 0.867113 0.400795 -0.930002 -0.306262 0.203222 -0.504304 0.187351 -0.87068 -0.454769 0.485867 
1534166300132 0.2818 0.872473 -0.399225 -0.594062 -0.941796 0.331028 0.0586509 -0.208228 0.183326 0.359461 0.914975 0.368564 0.31622 -0.384863 0.867113 0.400795 -0.930002 -0.306262 0.203222 -0.504304 0.187351 -0.87068 -0.454769 0.485867 
1534166300205 0.280947 0.872368 -0.400053 -0.594004 -0.941878 0.330637 0.0595404 -0.208191 0.184213 0.360074 0.914556 0.368646 0.31622 -0.384863 0.867113 0.400795 -0.930002 -0.306262 0.203222 -0.504304 0.187351 -0.87068 -0.454769 0.485867 
1534166300218 0.281101 0.872421 -0.399829 -0.594015 -0.941864 0.3307 0.0594034 -0.208198 0.184048 0.359886 0.914663 0.368627 0.31622 -0.384863 0.867113 0.400795 -0.930002 -0.306262 0.203222 -0.504304 0.187351 -0.87068 -0.45477 0.485867 
1534166300234 0.281254 0.872475 -0.399604 -0.59403 -0.941851 0.330763 0.0592671 -0.208206 0.183883 0.359698 0.91477 0.368607 0.31622 -0.384863 0.867113 0.400795 -0.930002 -0.306262 0.203222 -0.504304 0.187351 -0.87068 -0.45477 0.485867 
1534166300251 0.281407 0.872529 -0.399378 -0.594044 -0.941838 0.330826 0.0591307 -0.208215 0.183718 0.35951 0.914877 0.368587 0.31622 -0.384863 0.867113 0.400795 -0.930002 -0.306262 0.203222 -0.504304 0.187351 -0.87068 -0.45477 0.485867 
1534166300258 0.28156 0.872583 -0.399153 -0.594059 -0.941824 0.330888 0.0589944 -0.208223 0.183553 0.359321 0.914985 0.368567 0.31622 -0.384863 0.867113 0.400795 -0.930002 -0.306262 0.203222 -0.504304 0.187351 -0.87068 -0.45477 0.485867 
1534166300271 0.281713 0.872637 -0.398928 -0.594073 -0.941811 0.330951 0.058858 -0.208232 0.183387 0.359133 0.915092 0.368547 0.31622 -0.384863 0.867113 0.400795 -0.930002 -0.306262 0.203222 -0.504304 0.187351 -0.87068 -0.45477 0.485867 
1534166300288 0.281865 0.87269 -0.398702 -0.594088 -0.941797 0.331014 0.0587218 -0.208241 0.183222 0.358945 0.915199 0.368527 0.31622 -0.384863 0.867113 0.400795 -0.930002 -0.306262 0.203222 -0.504304 0.187351 -0.87068 -0.45477 0.485867 
1534166300304 0.282018 0.872744 -0.398476 -0.594102 -0.941783 0.331077 0.0585855 -0.208249 0.183056 0.358756 0.915306 0.368507 0.31622 -0.384863 0.867113 0.400795 -0.930002 -0.306262 0.203222 -0.504304 0.187351 -0.87068 -0.45477 0.485867 
1534166300419 0.282171 0.872798 -0.398251 -0.594117 -0.94177 0.331139 0.0584491 -0.208257 0.182891 0.358568 0.915412 0.368487 0.31622 -0.384863 0.867113 0.400795 -0.930002 -0.306262 0.203222 -0.504304 0.187351 -0.87068 -0.45477 0.485867 
1534166300436 0.282324 0.872851 -0.398025 -0.594132 -0.941756 0.331202 0.0583131 -0.208266 0.182725 0.35838 0.915519 0.368466 0.31622 -0.384863 0.867113 0.400795 -0.930002 -0.306262 0.203222 -0.504304 0.187351 -0.87068 -0.45477 0.485867 
1534166300462 0.281694 0.872694 -0.398815 -0.594061 -0.941824 0.33091 0.0588672 -0.208255 0.183345 0.359031 0.91514 0.368577 0.31622 -0.384863 0.867113 0.400795 -0.930002 -0.306262 0.203222 -0.504304 0.187351 -0.87068 -0.45477 0.485867 
1534166300472 0.281775 0.872716 -0.398709 -0.594068 -0.941822 0.330935 0.0587642 -0.20825 0.183231 0.358955 0.915193 0.368552 0.31622 -0.384863 0.867113 0.400795 -0.930002 -0.306262 0.203222 -0.504304 0.187351 -0.87068 -0.45477 0.485867 
1534166300489 0.281856 0.872739 -0.398602 -0.594081 -0.94182 0.330958 0.058662 -0.208246 0.183117 0.358877 0.915246 0.368526 0.31622 -0.384863 0.867113 0.400795 -0.930002 -0.306262 0.203222 -0.504304 0.187351 -0.87068 -0.45477 0.485867 
1534166300506 0.281936 0.872762 -0.398495 -0.594093 -0.941818 0.330982 0.0585599 -0.208242 0.183004 0.3588 0.915299 0.3685 0.31622 -0.384863 0.867113 0.400795 -0.930002 -0.306262 0.203222 -0.504304 0.187351 -0.87068 -0.45477 0.485867 
1534166300512 0.282016 0.872785 -0.398388 -0.594105 -0.941816 0.331005 0.0584579 -0.208238 0.18289 0.358722 0.915352 0.368473 0.31622 -0.384863 0.867113 0.400795 -0.930002 -0.306262 0.203222 -0.504304 0.187351 -0.87068 -0.45477 0.485867 
1534166300526 0.282097 0.872808 -0.398281 -0.594116 -0.941814 0.331029 0.0583557 -0.208234 0.182776 0.358645 0.915405 0.368447 0.31622 -0.384863 0.867113 0.400795 -0.930002 -0.306262 0.203222 -0.504304 0.187351 -0.87068 -0.45477 0.485867 
1534166300542 0.282177 0.872831 -0.398174 -0.594128 -0.941812 0.331053 0.0582537 -0.208231 0.182662 0.358567 0.915458 0.368421 0.31622 -0.384863 0.867113 0.400795 -0.930002 -0.306262 0.203222 -0.504304 0.187351 -0.87068 -0.45477 0.485867 
1534166300559 0.282257 0.872854 -0.398067 -0.59414 -0.94181 0.331076 0.0581516 -0.208227 0.182548 0.35849 0.915511 0.368395 0.31622 -0.384863 0.867113 0.400795 -0.930002 -0.306262 0.203222 -0.504304 0.187351 -0.87068 -0.45477 0.485867 
1534166300576 0.282338 0.872876 -0.39796 -0.594151 -0.941808 0.3311 0.0580494 -0.208223 0.182435 0.358413 0.915564 0.368369 0.31622 -0.384863 0.867113 0.400795 -0.930002 -0.306262 0.203222 -0.504304 0.187351 -0.87068 -0.45477 0.485867 
1534166300596 0.282418 0.872899 -0.397853 -0.594164 -0.941806 0.331123 0.0579475 -0.20822 0.182321 0.358335 0.915617 0.368342 0.31622 -0.384863 0.867113 0.400795 -0.930002 -0.306262 0.203222 -0.504304 0.187351 -0.87068 -0.45477 0.485867 
1534166300617 0.282046 0.872806 -0.398321 -0.594123 -0.941812 0.33102 0.0584497 -0.208233 0.182867 0.358658 0.915382 0.368445 0.31622 -0.384863 0.867113 0.400795 -0.930002 -0.306262 0.203222 -0.504304 0.187351 -0.87068 -0.45477 0.485867 
1534166300629 0.282216 0.872868 -0.398065 -0.594134 -0.941821 0.331042 0.0581788 -0.208215 0.182559 0.358487 0.91551 0.368418 0.31622 -0.384863 0.867113 0.400795 -0.930002 -0.306262 0.203222 -0.504304 0.187351 -0.87068 -0.45477 0.485867 
1534166300646 0.282385 0.87293 -0.397808 -0.59415 -0.94183 0.331063 0.0579088 -0.208198 0.18225 0.358315 0.915639 0.368391 0.31622 -0.384863 0.867113 0.400795 -0.930002 -0.306262 0.203222 -0.504304 0.187351 -0.87068 -0.45477 0.485867 
1534166300662 0.282554 0.872993 -0.397551 -0.594165 -0.941839 0.331085 0.057639 -0.208181 0.181941 0.358143 0.915768 0.368363 0.31622 -0.384863 0.867113 0.400795 -0.930002 -0.306262 0.203222 -0.504304 0.187351 -0.87068 -0.45477 0.485867 
1534166300679 0.282722 0.873056 -0.397293 -0.594181 -0.941848 0.331106 0.0573692 -0.208165 0.181633 0.35797 0.915897 0.368336 0.31622 -0.384863 0.867113 0.400795 -0.930002 -0.306262 0.203222 -0.504304 0.187351 -0.87068 -0.45477 0.485867 
1534166300696 0.282891 0.873118 -0.397036 -0.594195 -0.941857 0.331128 0.0570994 -0.208148 0.181324 0.357798 0.916025 0.368308 0.31622 -0.384863 0.867113 0.400795 -0.930002 -0.306262 0.203222 -0.504304 0.187351 -0.87068 -0.45477 0.485867 
1534166300712 0.283059 0.873181 -0.396778 -0.594212 -0.941866 0.331149 0.0568297 -0.208131 0.181015 0.357626 0.916154 0.36828 0.31622 -0.384863 0.867113 0.400795 -0.930002 -0.306262 0.203222 -0.504304 0.187351 -0.87068 -0.45477 0.485867 
1534166300791 0.283228 0.873243 -0.396521 -0.594226 -0.941874 0.33117 0.0565598 -0.208115 0.180707 0.357454 0.916282 0.368253 0.31622 -0.384863 0.867113 0.400795 -0.930002 -0.306262 0.203222 -0.504304 0.187351 -0.87068 -0.45477 0.485867 
1534166300808 0.283396 0.873305 -0.396264 -0.594241 -0.941883 0.331192 0.05629 -0.208098 0.180398 0.357282 0.91641 0.368226 0.31622 -0.384863 0.867113 0.400795 -0.930002 -0.306262 0.203222 -0.504304 0.187351 -0.87068 -0.45477 0.485867 
1534166300832 0.283564 0.873367 -0.396006 -0.594258 -0.941891 0.331214 0.0560204 -0.208082 0.180089 0.357109 0.916538 0.368198 0.31622 -0.384863 0.867113 0.400795 -0.930002 -0.306262 0.203222 -0.504304 0.187351 -0.87068 -0.45477 0.485867 
1534166300865 0.283011 0.873193 -0.396786 -0.59416 -0.941855 0.331154 0.0569707 -0.208166 0.181144 0.357592 0.916142 0.368316 0.31622 -0.384863 0.867113 0.400795 -0.930002 -0.306262 0.203222 -0.504304 0.187351 -0.87068 -0.45477 0.485867 
1534166300878 0.283188 0.873158 -0.396736 -0.59418 -0.941872 0.331176 0.0565673 -0.208139 0.180782 0.357655 0.916188 0.368329 0.31622 -0.384863 0.867113 0.400795 -0.930002 -0.306262 0.203222 -0.504304 0.187351 -0.87068 -0.45477 0.485867 
1534166300895 0.283365 0.873124 -0.396685 -0.594199 -0.941888 0.331199 0.0561631 -0.20811 0.180419 0.357718 0.916235 0.368343 0.31622 -0.384863 0.867113 0.400795 -0.930002 -0.306262 0.203222 -0.504304 0.187351 -0.87068 -0.45477 0.485867 
1534166300911 0.283543 0.873089 -0.396635 -0.594217 -0.941904 0.331222 0.0557586 -0.20808 0.180056 0.357782 0.916281 0.368359 0.31622 -0.384863 0.867113 0.400795 -0.930002 -0.306262 0.203222 -0.504304 0.187351 -0.87068 -0.45477 0.485867 
1534166300928 0.28372 0.873054 -0.396585 -0.594234 -0.94192 0.331245 0.055354 -0.208049 0.179694 0.357846 0.916328 0.368374 0.31622 -0.384863 0.867113 0.400795 -0.930002 -0.306262 0.203222 -0.504304 0.187351 -0.87068 -0.45477 0.485867 
1534166301005 0.283898 0.873019 -0.396535 -0.594251 -0.941935 0.331268 0.0549494 -0.208019 0.179331 0.35791 0.916374 0.368389 0.31622 -0.384863 0.867113 0.400795 -0.930002 -0.306262 0.203222 -0.504304 0.187351 -0.87068 -0.45477 0.485867 
1534166301029 0.284075 0.872984 -0.396484 -0.594269 -0.941951 0.33129 0.0545451 -0.207989 0.178968 0.357974 0.91642 0.368404 0.31622 -0.384863 0.867113 0.400795 -0.930002 -0.306262 0.203222 -0.504304 0.187351 -0.87068 -0.45477 0.485867 
1534166301061 0.284253 0.872949 -0.396434 -0.594285 -0.941966 0.331313 0.0541405 -0.207959 0.178606 0.358038 0.916466 0.368419 0.31622 -0.384863 0.867113 0.400795 -0.930002 -0.306262 0.203222 -0.504304 0.187351 -0.87068 -0.45477 0.485867 
1534166301086 0.28443 0.872915 -0.396383 -0.594303 -0.941981 0.331336 0.0537361 -0.207929 0.178243 0.358101 0.916511 0.368434 0.31622 -0.384863 0.867113 0.400795 -0.930002 -0.306262 0.203222 -0.504304 0.187351 -0.87068 -0.45477 0.485867 
1534166301093 0.284608 0.87288 -0.396333 -0.594319 -0.941996 0.331359 0.0533314 -0.207898 0.17788 0.358165 0.916557 0.36845 0.31622 -0.384863 0.867113 0.400795 -0.930002 -0.306262 0.203222 -0.504304 0.187351 -0.87068 -0.45477 0.485867 
1534166301179 0.284137 0.872951 -0.396514 -0.594246 -0.941931 0.331351 0.0545135 -0.207998 0.178973 0.357999 0.916409 0.368419 0.31622 -0.384863 0.867113 0.400795 -0.930002 -0.306262 0.203222 -0.504304 0.187351 -0.87068 -0.45477 0.485867 
1534166301195 0.284222 0.872964 -0.396424 -0.594259 -0.941972 0.331292 0.0541766 -0.207981 0.178626 0.358022 0.916468 0.368421 0.31622 -0.384863 0.867113 0.400795 -0.930002 -0.306262 0.203222 -0.504304 0.187351 -0.87068 -0.45477 0.485867 
1534166301212 0.284308 0.872976 -0.396335 -0.594273 -0.942011 0.331234 0.0538383 -0.207961 0.178279 0.358045 0.916526 0.368424 0.31622 -0.384863 0.867113 0.400795 -0.930002 -0.306262 0.203222 -0.504304 0.187351 -0.87068 -0.45477 0.485867 
1534166301228 0.284395 0.872988 -0.396246 -0.594286 -0.942051 0.331177 0.0534997 -0.207941 0.177932 0.358069 0.916584 0.368427 0.31622 -0.384863 0.867113 0.400795 -0.930002 -0.306262 0.203222 -0.504304 0.187351 -0.87068 -0.45477 0.485867 
1534166301245 0.284481 0.873001 -0.396157 -0.594299 -0.94209 0.331119 0.0531616 -0.207922 0.177585 0.358092 0.916642 0.36843 0.31622 -0.384863 0.867113 0.400795 -0.930002 -0.306262 0.203222 -0.504304 0.187351 -0.87068 -0.45477 0.485867 
1534166301262 0.284567 0.873013 -0.396068 -0.594312 -0.94213 0.331061 0.0528228 -0.207901 0.177238 0.358116 0.9167 0.368434 0.31622 -0.384863 0.867113 0.400795 -0.930002 -0.306262 0.203222 -0.504304 0.187351 -0.87068 -0.45477 0.485867 
1534166301278 0.284653 0.873025 -0.395979 -0.594325 -0.942169 0.331003 0.0524845 -0.207882 0.176891 0.358139 0.916758 0.368437 0.31622 -0.384863 0.867113 0.400795 -0.930002 -0.306262 0.203222 -0.504304 0.187351 -0.87068 -0.45477 0.485867 
1534166301295 0.284739 0.873037 -0.39589 -0.594338 -0.942208 0.330946 0.0521462 -0.207862 0.176544 0.358163 0.916816 0.36844 0.31622 -0.384863 0.867113 0.400795 -0.930002 -0.306262 0.203222 -0.504304 0.187351 -0.87068 -0.45477 0.485867 
1534166301312 0.284826 0.873049 -0.395801 -0.59435 -0.942247 0.330888 0.0518073 -0.207841 0.176196 0.358187 0.916874 0.368444 0.31622 -0.384863 0.867113 0.400795 -0.930002 -0.306262 0.203222 -0.504304 0.187351 -0.87068 -0.45477 0.485867 
1534166301328 0.284912 0.873062 -0.395712 -0.594363 -0.942286 0.33083 0.0514689 -0.207822 0.175849 0.35821 0.916931 0.368447 0.31622 -0.384863 0.867113 0.400795 -0.930002 -0.306262 0.203222 -0.504304 0.187351 -0.87068 -0.45477 0.485867 
1534166301406 0.284424 0.873075 -0.396034 -0.594274 -0.942142 0.33099 0.0530537 -0.20794 0.177403 0.35803 0.916702 0.36847 0.31622 -0.384863 0.867113 0.400795 -0.930002 -0.306262 0.203222 -0.504304 0.187351 -0.87068 -0.45477 0.485867 
1534166301419 0.284282 0.87315 -0.395972 -0.594277 -0.942113 0.331 0.0535065 -0.207958 0.177786 0.357839 0.916702 0.368432 0.31622 -0.384863 0.867113 0.400795 -0.930002 -0.306262 0.203222 -0.504304 0.187351 -0.87068 -0.45477 0.485867 
1534166301541 0.284139 0.873225 -0.395908 -0.594284 -0.942083 0.331009 0.0539609 -0.207979 0.178169 0.357646 0.916703 0.368393 0.31622 -0.384863 0.867113 0.400795 -0.930002 -0.306262 0.203222 -0.504304 0.187351 -0.87068 -0.45477 0.485867 
1534166301558 0.283996 0.8733 -0.395845 -0.594291 -0.942054 0.331019 0.0544151 -0.207999 0.178553 0.357453 0.916704 0.368354 0.31622 -0.384863 0.867113 0.400795 -0.930002 -0.306262 0.203222 -0.504304 0.187351 -0.87068 -0.45477 0.485867 
1534166301579 0.283853 0.873376 -0.395781 -0.594296 -0.942024 0.331029 0.0548692 -0.208019 0.178936 0.357261 0.916704 0.368316 0.31622 -0.384863 0.867113 0.400795 -0.930002 -0.306262 0.203222 -0.504304 0.187351 -0.87068 -0.45477 0.485867 
1534166301664 0.28371 0.873451 -0.395717 -0.594304 -0.941994 0.331038 0.0553236 -0.20804 0.17932 0.357067 0.916705 0.368276 0.31622 -0.384863 0.867113 0.400795 -0.930002 -0.306262 0.203222 -0.504304 0.187351 -0.87068 -0.45477 0.485867 
1534166301689 0.283567 0.873527 -0.395653 -0.594311 -0.941964 0.331047 0.055778 -0.208061 0.179703 0.356874 0.916705 0.368237 0.31622 -0.384863 0.867113 0.400795 -0.930002 -0.306262 0.203222 -0.504304 0.187351 -0.87068 -0.45477 0.485867 
1534166301731 0.283424 0.873602 -0.395589 -0.594317 -0.941934 0.331056 0.0562321 -0.208081 0.180087 0.356681 0.916705 0.368198 0.31622 -0.384863 0.867113 0.400795 -0.930002 -0.306262 0.203222 -0.504304 0.187351 -0.87068 -0.45477 0.485867 
1534166301783 0.283281 0.873677 -0.395525 -0.594323 -0.941904 0.331065 0.0566862 -0.208101 0.18047 0.356489 0.916704 0.36816 0.31622 -0.384863 0.867113 0.400795 -0.930002 -0.306262 0.203222 -0.504304 0.187351 -0.87068 -0.45477 0.485867 
1534166301820 0.283138 0.873753 -0.395461 -0.594331 -0.941873 0.331074 0.0571406 -0.208122 0.180854 0.356295 0.916704 0.36812 0.31622 -0.384863 0.867113 0.400795 -0.930002 -0.306262 0.203222 -0.504304 0.187351 -0.87068 -0.45477 0.485867 
1534166301861 0.283441 0.873578 -0.39563 -0.594329 -0.941948 0.331037 0.0561143 -0.208033 0.179988 0.356758 0.916694 0.368236 0.31622 -0.384863 0.867113 0.400795 -0.930002 -0.306262 0.203222 -0.504304 0.187351 -0.87068 -0.45477 0.485867 
1534166301874 0.283332 0.873579 -0.395706 -0.594318 -0.941934 0.331033 0.0563642 -0.208047 0.18023 0.356759 0.916646 0.368207 0.31622 -0.384863 0.867113 0.400795 -0.930002 -0.306262 0.203222 -0.504304 0.187351 -0.87068 -0.45477 0.485867 
1534166301891 0.283221 0.873582 -0.395778 -0.594308 -0.941918 0.331033 0.0566301 -0.208063 0.180487 0.356752 0.916598 0.368174 0.31622 -0.384863 0.867113 0.400795 -0.930002 -0.306262 0.203222 -0.504304 0.187351 -0.87068 -0.45477 0.485867 
1534166301907 0.283111 0.873585 -0.39585 -0.594298 -0.941902 0.331033 0.0568963 -0.20808 0.180743 0.356744 0.916551 0.368142 0.31622 -0.384863 0.867113 0.400795 -0.930002 -0.306262 0.203222 -0.504304 0.187351 -0.87068 -0.45477 0.485867 
1534166301924 0.283 0.873589 -0.395922 -0.594289 -0.941887 0.331032 0.0571626 -0.208098 0.180999 0.356736 0.916503 0.368109 0.31622 -0.384863 0.867113 0.400795 -0.930002 -0.306262 0.203222 -0.504304 0.187351 -0.87068 -0.45477 0.485867 
1534166301941 0.28289 0.873592 -0.395994 -0.594279 -0.94187 0.331032 0.0574285 -0.208114 0.181256 0.356729 0.916456 0.368076 0.31622 -0.384863 0.867113 0.400795 -0.930002 -0.306262 0.203222 -0.504304 0.187351 -0.87068 -0.45477 0.485867 
1534166301957 0.282779 0.873595 -0.396065 -0.59427 -0.941854 0.331031 0.0576948 -0.208132 0.181512 0.356721 0.916408 0.368043 0.31622 -0.384863 0.867113 0.400795 -0.930002 -0.306262 0.203222 -0.504304 0.187351 -0.87068 -0.45477 0.485867 
1534166301974 0.282668 0.873598 -0.396137 -0.594261 -0.941838 0.331031 0.0579608 -0.208148 0.181768 0.356714 0.91636 0.368011 0.31622 -0.384863 0.867113 0.400795 -0.930002 -0.306262 0.203222 -0.504304 0.187351 -0.87068 -0.45477 0.485867 
1534166301991 0.282557 0.873602 -0.396209 -0.594252 -0.941822 0.33103 0.0582271 -0.208166 0.182024 0.356706 0.916312 0.367978 0.31622 -0.384863 0.867113 0.400795 -0.930002 -0.306262 0.203222 -0.504304 0.187351 -0.87068 -0.45477 0.485867 
1534166302007 0.282447 0.873605 -0.396281 -0.594243 -0.941806 0.33103 0.0584931 -0.208182 0.182281 0.356698 0.916264 0.367945 0.31622 -0.384863 0.867113 0.400795 -0.930002 -0.306262 0.203222 -0.504304 0.187351 -0.87068 -0.45477 0.485867 
1534166302032 0.283111 0.873693 -0.395612 -0.594313 -0.941889 0.331044 0.057053 -0.20811 0.180812 0.35647 0.916644 0.36813 0.31622 -0.384863 0.867113 0.400795 -0.930002 -0.306262 0.203222 -0.504304 0.187351 -0.87068 -0.45477 0.485867 
1534166302044 0.283076 0.873692 -0.395639 -0.594307 -0.941859 0.331093 0.0572646 -0.208118 0.181025 0.356426 0.916619 0.368095 0.31622 -0.384863 0.867113 0.400795 -0.930002 -0.306262 0.203222 -0.504304 0.187351 -0.87068 -0.45477 0.485867 
1534166302061 0.283039 0.873692 -0.395665 -0.594302 -0.941829 0.331142 0.0574763 -0.208127 0.181238 0.356381 0.916595 0.368059 0.31622 -0.384863 0.867113 0.400795 -0.930002 -0.306262 0.203222 -0.504304 0.187351 -0.87068 -0.45477 0.485867 
1534166302077 0.283003 0.873692 -0.395691 -0.594298 -0.941799 0.33119 0.0576883 -0.208138 0.181451 0.356335 0.91657 0.368022 0.31622 -0.384863 0.867113 0.400795 -0.930002 -0.306262 0.203222 -0.504304 0.187351 -0.87068 -0.45477 0.485867 
1534166302095 0.282966 0.873693 -0.395716 -0.594295 -0.941769 0.331239 0.0579003 -0.208149 0.181664 0.356289 0.916546 0.367985 0.31622 -0.384863 0.867113 0.400795 -0.930002 -0.306262 0.203222 -0.504304 0.187351 -0.87068 -0.45477 0.485867 
1534166302110 0.28293 0.873693 -0.395742 -0.59429 -0.941739 0.331288 0.058112 -0.208158 0.181876 0.356244 0.916521 0.367949 0.31622 -0.384863 0.867113 0.400795 -0.930002 -0.306262 0.203222 -0.504304 0.187351 -0.87068 -0.45477 0.485867 
1534166302127 0.282893 0.873693 -0.395767 -0.594287 -0.941708 0.331336 0.0583241 -0.20817 0.182089 0.356198 0.916497 0.367912 0.31622 -0.384863 0.867113 0.400795 -0.930002 -0.306262 0.203222 -0.504304 0.187351 -0.87068 -0.45477 0.485867 
1534166302144 0.282857 0.873693 -0.395793 -0.594283 -0.941678 0.331385 0.0585358 -0.208179 0.182302 0.356153 0.916472 0.367875 0.31622 -0.384863 0.867113 0.400795 -0.930002 -0.306262 0.203222 -0.504304 0.187351 -0.87068 -0.45477 0.485867 
1534166302160 0.282821 0.873693 -0.395819 -0.59428 -0.941648 0.331433 0.0587479 -0.208191 0.182515 0.356107 0.916448 0.367838 0.31622 -0.384863 0.867113 0.400795 -0.930002 -0.306262 0.203222 -0.504304 0.187351 -0.87068 -0.45477 0.485867 
1534166302167 0.282784 0.873694 -0.395844 -0.594276 -0.941618 0.331482 0.0589597 -0.208201 0.182728 0.356061 0.916423 0.367801 0.31622 -0.384863 0.867113 0.400795 -0.930002 -0.306262 0.203222 -0.504304 0.187351 -0.87068 -0.45477 0.485867 
1534166302185 0.282503 0.873659 -0.396121 -0.594242 -0.94184 0.330971 0.0582722 -0.208123 0.182015 0.356621 0.916347 0.367908 0.31622 -0.384863 0.867113 0.400795 -0.930002 -0.306262 0.203222 -0.504304 0.187351 -0.87068 -0.45477 0.485867 
1534166302198 0.282451 0.873647 -0.396186 -0.594231 -0.941831 0.330976 0.0583945 -0.208129 0.182144 0.356647 0.916312 0.367886 0.31622 -0.384863 0.867113 0.400795 -0.930002 -0.306262 0.203222 -0.504304 0.187351 -0.87068 -0.45477 0.485867 
1534166302214 0.282397 0.873635 -0.396251 -0.594218 -0.941822 0.330979 0.058517 -0.208136 0.182273 0.356673 0.916276 0.367864 0.31622 -0.384863 0.867113 0.400795 -0.930002 -0.306262 0.203222 -0.504304 0.187351 -0.87068 -0.45477 0.485867 
1534166302231 0.282343 0.873623 -0.396315 -0.594206 -0.941813 0.330983 0.0586391 -0.208143 0.182402 0.356699 0.91624 0.367842 0.31622 -0.384863 0.867113 0.400795 -0.930002 -0.306262 0.203222 -0.504304 0.187351 -0.87068 -0.45477 0.485867 
1534166302247 0.282289 0.873611 -0.39638 -0.594192 -0.941804 0.330986 0.0587618 -0.208151 0.182531 0.356725 0.916204 0.367818 0.31622 -0.384863 0.867113 0.400795 -0.930002 -0.306262 0.203222 -0.504304 0.187351 -0.87068 -0.45477 0.485867 
1534166302264 0.282235 0.873599 -0.396445 -0.59418 -0.941795 0.330989 0.0588841 -0.208157 0.18266 0.356751 0.916168 0.367796 0.31622 -0.384863 0.867113 0.400795 -0.930002 -0.306262 0.203222 -0.504304 0.187351 -0.87068 -0.45477 0.485867 
1534166302281 0.282181 0.873587 -0.39651 -0.594168 -0.941787 0.330993 0.0590064 -0.208164 0.182789 0.356777 0.916132 0.367774 0.31622 -0.384863 0.867113 0.400795 -0.930002 -0.306262 0.203222 -0.504304 0.187351 -0.87068 -0.45477 0.485867 
1534166302297 0.282127 0.873575 -0.396574 -0.594155 -0.941778 0.330996 0.0591286 -0.208171 0.182918 0.356803 0.916096 0.367751 0.31622 -0.384863 0.867113 0.400795 -0.930002 -0.306262 0.203222 -0.504304 0.187351 -0.87068 -0.45477 0.485867 
1534166302304 0.282073 0.873563 -0.396639 -0.594141 -0.941769 0.331 0.0592515 -0.208179 0.183047 0.356829 0.916061 0.367728 0.31622 -0.384863 0.867113 0.400795 -0.930002 -0.306262 0.203222 -0.504304 0.187351 -0.87068 -0.45477 0.485867 
1534166302318 0.282019 0.873551 -0.396704 -0.594129 -0.94176 0.331003 0.0593738 -0.208186 0.183176 0.356855 0.916025 0.367705 0.31622 -0.384863 0.867113 0.400795 -0.930002 -0.306262 0.203222 -0.504304 0.187351 -0.87068 -0.45477 0.485867 
1534166302344 0.282764 0.873679 -0.395891 -0.59426 -0.941638 0.331438 0.0588768 -0.208121 0.182653 0.356137 0.916408 0.367874 0.31622 -0.384863 0.867113 0.400795 -0.930002 -0.306262 0.203222 -0.504304 0.187351 -0.87068 -0.45477 0.485867 
1534166302358 0.282816 0.873612 -0.396001 -0.594255 -0.941627 0.331486 0.0587935 -0.208118 0.182631 0.356258 0.916366 0.367889 0.31622 -0.384863 0.867113 0.400795 -0.930002 -0.306262 0.203222 -0.504304 0.187351 -0.87068 -0.45477 0.485867 
1534166302374 0.282869 0.873544 -0.396113 -0.594246 -0.941615 0.331533 0.0587091 -0.208111 0.18261 0.356379 0.916323 0.367907 0.31622 -0.384863 0.867113 0.400795 -0.930002 -0.306262 0.203222 -0.504304 0.187351 -0.87068 -0.45477 0.485867 
1534166302391 0.282921 0.873477 -0.396224 -0.594237 -0.941603 0.331581 0.0586249 -0.208105 0.182588 0.356499 0.91628 0.367924 0.31622 -0.384863 0.867113 0.400795 -0.930002 -0.306262 0.203222 -0.504304 0.187351 -0.87068 -0.45477 0.485867 
1534166302408 0.282974 0.87341 -0.396335 -0.594228 -0.941592 0.331629 0.0585405 -0.208098 0.182566 0.35662 0.916238 0.367941 0.31622 -0.384863 0.867113 0.400795 -0.930002 -0.306262 0.203222 -0.504304 0.187351 -0.87068 -0.45477 0.485867 
1534166302502 0.283027 0.873342 -0.396446 -0.594218 -0.94158 0.331676 0.0584561 -0.208092 0.182544 0.356741 0.916195 0.367958 0.31622 -0.384863 0.867113 0.400795 -0.930002 -0.306262 0.203222 -0.504304 0.187351 -0.87068 -0.45477 0.485867 
1534166302518 0.283079 0.873275 -0.396557 -0.59421 -0.941569 0.331724 0.058372 -0.208086 0.182522 0.356862 0.916152 0.367975 0.31622 -0.384863 0.867113 0.400795 -0.930002 -0.306262 0.203222 -0.504304 0.187351 -0.87068 -0.45477 0.485867 
1534166302535 0.283131 0.873207 -0.396668 -0.594201 -0.941557 0.331771 0.0582878 -0.20808 0.182501 0.356983 0.91611 0.367992 0.31622 -0.384863 0.867113 0.400795 -0.930002 -0.306262 0.203222 -0.504304 0.187351 -0.87068 -0.45477 0.485867 
1534166302554 0.283184 0.87314 -0.396779 -0.594191 -0.941546 0.331819 0.0582033 -0.208073 0.182479 0.357104 0.916067 0.368009 0.31622 -0.384863 0.867113 0.400795 -0.930002 -0.306262 0.203222 -0.504304 0.187351 -0.87068 -0.45477 0.485867 
1534166302568 0.283236 0.873072 -0.39689 -0.594183 -0.941534 0.331867 0.0581191 -0.208067 0.182457 0.357224 0.916024 0.368026 0.31622 -0.384863 0.867113 0.400795 -0.930002 -0.306262 0.203222 -0.504304 0.187351 -0.87068 -0.45477 0.485867 
1534166302588 0.283044 0.873455 -0.396184 -0.594214 -0.941563 0.331698 0.0586077 -0.208092 0.182605 0.356444 0.916299 0.368025 0.31622 -0.384863 0.867113 0.400795 -0.930002 -0.306262 0.203222 -0.504304 0.187351 -0.87068 -0.45477 0.485867 
1534166302605 0.283166 0.873501 -0.395996 -0.594233 -0.941606 0.331643 0.0582328 -0.208077 0.182196 0.356383 0.916404 0.368028 0.31622 -0.384863 0.867113 0.400795 -0.930002 -0.306262 0.203222 -0.504304 0.187351 -0.87068 -0.45477 0.485867 
1534166302622 0.283288 0.873546 -0.395809 -0.594254 -0.941648 0.331589 0.057858 -0.20806 0.181788 0.356322 0.916509 0.368031 0.31622 -0.384863 0.867113 0.400795 -0.930002 -0.306262 0.203222 -0.504304 0.187351 -0.87068 -0.45477 0.485867 
1534166302638 0.283411 0.873592 -0.395621 -0.594275 -0.94169 0.331535 0.0574835 -0.208045 0.181379 0.356261 0.916613 0.368035 0.31622 -0.384863 0.867113 0.400795 -0.930002 -0.306262 0.203222 -0.504304 0.187351 -0.87068 -0.45477 0.485867 
1534166302749 0.283532 0.873637 -0.395433 -0.594297 -0.941732 0.331481 0.057109 -0.208028 0.180971 0.3562 0.916718 0.368039 0.31622 -0.384863 0.867113 0.400795 -0.930002 -0.306262 0.203222 -0.504304 0.187351 -0.87068 -0.45477 0.485867 
1534166302765 0.283655 0.873683 -0.395245 -0.594318 -0.941773 0.331428 0.0567337 -0.208012 0.180562 0.356138 0.916822 0.368042 0.31622 -0.384863 0.867113 0.400795 -0.930002 -0.306262 0.203222 -0.504304 0.187351 -0.87068 -0.45477 0.485867 
1534166302772 0.283777 0.873728 -0.395057 -0.594339 -0.941815 0.331374 0.056359 -0.207996 0.180154 0.356077 0.916926 0.368045 0.31622 -0.384863 0.867113 0.400795 -0.930002 -0.306262 0.203222 -0.504304 0.187351 -0.87068 -0.45477 0.485867 
1534166302785 0.283899 0.873773 -0.394869 -0.594362 -0.941856 0.33132 0.0559843 -0.20798 0.179746 0.356016 0.91703 0.368049 0.31622 -0.384863 0.867113 0.400795 -0.930002 -0.306262 0.203222 -0.504304 0.187351 -0.87068 -0.45477 0.485867 
1534166302802 0.284021 0.873819 -0.394681 -0.594383 -0.941897 0.331266 0.0556095 -0.207963 0.179337 0.355955 0.917134 0.368053 0.31622 -0.384863 0.867113 0.400795 -0.930002 -0.306262 0.203222 -0.504304 0.187351 -0.87068 -0.45477 0.485867 
1534166302834 0.284143 0.873864 -0.394493 -0.594404 -0.941938 0.331212 0.0552347 -0.207947 0.178929 0.355894 0.917237 0.368056 0.31622 -0.384863 0.867113 0.400795 -0.930002 -0.306262 0.203222 -0.504304 0.187351 -0.87068 -0.45477 0.485867 
1534166302877 0.283391 0.8737 -0.395395 -0.59435 -0.941782 0.331333 0.0571417 -0.207953 0.180932 0.356183 0.916732 0.368027 0.31622 -0.384863 0.867113 0.400795 -0.930002 -0.306262 0.203222 -0.504304 0.187351 -0.87068 -0.45477 0.485867 
1534166302889 0.283381 0.873665 -0.395479 -0.594346 -0.941849 0.331203 0.0567868 -0.207949 0.180596 0.356389 0.916718 0.368033 0.31622 -0.384863 0.867113 0.400795 -0.930002 -0.306262 0.203222 -0.504304 0.187351 -0.87068 -0.45477 0.485867 
1534166302896 0.283373 0.87363 -0.395564 -0.594336 -0.941916 0.331074 0.0564309 -0.207942 0.180261 0.356597 0.916703 0.368041 0.31622 -0.384863 0.867113 0.400795 -0.930002 -0.306262 0.203222 -0.504304 0.187351 -0.87068 -0.45477 0.485867 
1534166302910 0.283365 0.873594 -0.395649 -0.594327 -0.941983 0.330945 0.0560752 -0.207935 0.179925 0.356804 0.916688 0.368049 0.31622 -0.384863 0.867113 0.400795 -0.930002 -0.306262 0.203222 -0.504304 0.187351 -0.87068 -0.45477 0.485867 
1534166302926 0.283358 0.873558 -0.395734 -0.594318 -0.942049 0.330816 0.0557193 -0.207928 0.179589 0.357012 0.916673 0.368057 0.31622 -0.384863 0.867113 0.400795 -0.930002 -0.306262 0.203222 -0.504304 0.187351 -0.87068 -0.45477 0.485867 
1534166303026 0.28335 0.873522 -0.395818 -0.594308 -0.942115 0.330687 0.0553635 -0.20792 0.179253 0.357219 0.916658 0.368066 0.31622 -0.384863 0.867113 0.400795 -0.930002 -0.306262 0.203222 -0.504304 0.187351 -0.87068 -0.45477 0.485867 
1534166303043 0.283342 0.873486 -0.395903 -0.5943 -0.942181 0.330557 0.0550079 -0.207914 0.178917 0.357426 0.916643 0.368073 0.31622 -0.384863 0.867113 0.400795 -0.930002 -0.306262 0.203222 -0.504304 0.187351 -0.87068 -0.45477 0.485867 
1534166303050 0.283334 0.87345 -0.395988 -0.59429 -0.942247 0.330428 0.054652 -0.207906 0.178581 0.357634 0.916628 0.368082 0.31622 -0.384863 0.867113 0.400795 -0.930002 -0.306262 0.203222 -0.504304 0.187351 -0.87068 -0.45477 0.485867 
1534166303088 0.283327 0.873414 -0.396072 -0.594281 -0.942313 0.330299 0.0542964 -0.2079 0.178246 0.357841 0.916613 0.368089 0.31622 -0.384863 0.867113 0.400795 -0.930002 -0.306262 0.203222 -0.504304 0.187351 -0.87068 -0.45477 0.485867 
1534166303132 0.283319 0.873379 -0.396157 -0.594272 -0.942379 0.330169 0.0539408 -0.207893 0.17791 0.358048 0.916597 0.368097 0.31622 -0.384863 0.867113 0.400795 -0.930002 -0.306262 0.203222 -0.504304 0.187351 -0.87068 -0.45477 0.485867 
1534166303177 0.283255 0.873548 -0.395827 -0.59427 -0.942187 0.330513 0.0551752 -0.207949 0.179025 0.357315 0.916666 0.368094 0.31622 -0.384863 0.867113 0.400795 -0.930002 -0.306262 0.203222 -0.504304 0.187351 -0.87068 -0.45477 0.485867 
1534166303189 0.283259 0.873598 -0.395715 -0.59427 -0.942214 0.330454 0.0550731 -0.207945 0.178877 0.357249 0.91672 0.368085 0.31622 -0.384863 0.867113 0.400795 -0.930002 -0.306262 0.203222 -0.504304 0.187351 -0.87068 -0.45477 0.485867 
1534166303195 0.283263 0.873648 -0.395601 -0.594274 -0.942241 0.330395 0.0549717 -0.207944 0.178731 0.35718 0.916776 0.368075 0.31622 -0.384863 0.867113 0.400795 -0.930002 -0.306262 0.203222 -0.504304 0.187351 -0.87068 -0.45477 0.485867 
1534166303209 0.283267 0.873699 -0.395487 -0.594277 -0.942267 0.330335 0.0548703 -0.207942 0.178584 0.357112 0.916831 0.368064 0.31622 -0.384863 0.867113 0.400795 -0.930002 -0.306262 0.203222 -0.504304 0.187351 -0.87068 -0.45477 0.485867 
1534166303226 0.283271 0.873749 -0.395373 -0.594281 -0.942294 0.330276 0.054769 -0.207941 0.178437 0.357044 0.916886 0.368054 0.31622 -0.384863 0.867113 0.400795 -0.930002 -0.306262 0.203222 -0.504304 0.187351 -0.87068 -0.45477 0.485867 
1534166303244 0.283275 0.873799 -0.39526 -0.594284 -0.942321 0.330217 0.0546674 -0.207938 0.17829 0.356975 0.916941 0.368044 0.31622 -0.384863 0.867113 0.400795 -0.930002 -0.306262 0.203222 -0.504304 0.187351 -0.87068 -0.45477 0.485867 
1534166303314 0.283278 0.87385 -0.395146 -0.594289 -0.942347 0.330157 0.0545661 -0.207937 0.178143 0.356907 0.916996 0.368033 0.31622 -0.384863 0.867113 0.400795 -0.930002 -0.306262 0.203222 -0.504304 0.187351 -0.87068 -0.45477 0.485867 
1534166303331 0.283282 0.8739 -0.395032 -0.594292 -0.942374 0.330098 0.0544646 -0.207935 0.177996 0.356839 0.917052 0.368023 0.31622 -0.384863 0.867113 0.400795 -0.930002 -0.306262 0.203222 -0.504304 0.187351 -0.87068 -0.45477 0.485867 
