1533678074420 0.275657 0.633204 -0.723233 -0.604483 -0.8825 0.464965 0.0707247 -0.181741 0.381061 0.618757 0.686973 0.426588 0.16008 -0.304787 0.938871 0.370831 -0.775623 0.549475 0.310623 -0.528794 -0.61056 -0.777934 -0.14844 0.432481 
1533678074430 -0.14091 0.857961 -0.494011 -0.59909 -0.981512 -0.0557766 0.183094 -0.255758 0.129533 0.510677 0.849959 0.406308 0.316241 -0.38488 0.867098 0.400864 -0.930001 -0.306251 0.203246 -0.504429 0.187325 -0.870677 -0.454788 0.485926 
1533678074450 -0.0941363 0.868287 -0.487049 -0.600943 -0.985615 -0.0123072 0.168558 -0.256408 0.140362 0.49591 0.856955 0.405353 0.316241 -0.38488 0.867098 0.400864 -0.930001 -0.306251 0.203246 -0.504429 0.187325 -0.870677 -0.454788 0.485926 
1533678074460 -0.0470455 0.87638 -0.479317 -0.602796 -0.987505 0.0314438 0.154416 -0.257057 0.150399 0.480593 0.863951 0.404397 0.316241 -0.38488 0.867098 0.400864 -0.930001 -0.306251 0.203246 -0.504429 0.187325 -0.870677 -0.454788 0.485926 
1533678074470 0.000248691 0.882222 -0.470834 -0.604649 -0.987179 0.0753704 0.140703 -0.257705 0.159618 0.464763 0.870929 0.403442 0.316241 -0.38488 0.867098 0.400864 -0.930001 -0.306251 0.203246 -0.504429 0.187325 -0.870677 -0.454788 0.485926 
1533678074480 0.0476318 0.885797 -0.461621 -0.606501 -0.984636 0.119366 0.127452 -0.258354 0.167999 0.448458 0.877874 0.402487 0.316241 -0.38488 0.867098 0.400864 -0.930001 -0.306251 0.203246 -0.504429 0.187325 -0.870677 -0.454788 0.485926 
1533678074490 0.0949888 0.887099 -0.4517 -0.608356 -0.979883 0.163325 0.114694 -0.259004 0.175519 0.431718 0.884767 0.401531 0.316241 -0.38488 0.867098 0.400864 -0.930001 -0.306251 0.203246 -0.504429 0.187325 -0.870677 -0.454788 0.485926 
1533678074500 0.142205 0.886123 -0.441094 -0.610218 -0.972931 0.207139 0.102462 -0.259658 0.182162 0.414584 0.891593 0.400575 0.316241 -0.38488 0.867098 0.400864 -0.930001 -0.306251 0.203246 -0.504429 0.187325 -0.870677 -0.454788 0.485926 
1533678074510 0.189145 0.882769 -0.430049 -0.612687 -0.963802 0.250707 0.0907287 -0.260492 0.187909 0.397322 0.898235 0.400008 0.316241 -0.38488 0.867098 0.400864 -0.930001 -0.306251 0.203246 -0.504429 0.187325 -0.870677 -0.454788 0.485926 
1533678074520 0.235714 0.877018 -0.418661 -0.615149 -0.952511 0.293948 0.0794852 -0.261205 0.192775 0.380043 0.904657 0.400027 0.316531 -0.385118 0.866887 0.401814 -0.929976 -0.306103 0.20358 -0.50615 0.186955 -0.870623 -0.455042 0.486735 
1533678074634 0.235714 0.877018 -0.418661 -0.615149 -0.952511 0.293948 0.0794852 -0.261205 0.192775 0.380043 0.904657 0.400027 0.316531 -0.385118 0.866887 0.401814 -0.929976 -0.306103 0.20358 -0.50615 0.186955 -0.870623 -0.455042 0.486735 
1533678074648 0.281868 0.869574 -0.405453 -0.615851 -0.939079 0.336663 0.0691985 -0.261634 0.196674 0.361247 0.911493 0.397732 0.31622 -0.384863 0.867113 0.400795 -0.930002 -0.306262 0.203222 -0.504304 0.187351 -0.87068 -0.45477 0.485867 
1533678074668 0.28187 0.869573 -0.405453 -0.615851 -0.939078 0.336665 0.069199 -0.261634 0.196675 0.361247 0.911493 0.397731 0.31622 -0.384863 0.867113 0.400795 -0.930002 -0.306262 0.203222 -0.504304 0.187351 -0.87068 -0.45477 0.485867 
1533678074678 0.281872 0.869573 -0.405452 -0.615851 -0.939078 0.336667 0.0691994 -0.261634 0.196676 0.361246 0.911493 0.397731 0.31622 -0.384863 0.867113 0.400795 -0.930002 -0.306262 0.203222 -0.504304 0.187351 -0.87068 -0.45477 0.485867 
1533678074688 0.281873 0.869573 -0.405452 -0.615851 -0.939077 0.336669 0.0691998 -0.261634 0.196677 0.361245 0.911493 0.397731 0.31622 -0.384863 0.867113 0.400795 -0.930002 -0.306262 0.203222 -0.504304 0.187351 -0.87068 -0.45477 0.485867 
1533678074698 0.281875 0.869572 -0.405451 -0.615851 -0.939076 0.336671 0.0692002 -0.261634 0.196678 0.361244 0.911494 0.397731 0.31622 -0.384863 0.867113 0.400795 -0.930002 -0.306262 0.203222 -0.504304 0.187351 -0.87068 -0.45477 0.485867 
1533678074708 0.281877 0.869572 -0.405451 -0.615852 -0.939076 0.336673 0.0692006 -0.261634 0.196679 0.361243 0.911494 0.397731 0.31622 -0.384863 0.867113 0.400795 -0.930002 -0.306262 0.203222 -0.504304 0.187351 -0.87068 -0.45477 0.485867 
1533678074718 0.281878 0.869571 -0.405451 -0.615852 -0.939075 0.336674 0.069201 -0.261634 0.19668 0.361242 0.911494 0.397731 0.31622 -0.384863 0.867113 0.400795 -0.930002 -0.306262 0.203222 -0.504304 0.187351 -0.87068 -0.45477 0.485867 
1533678074728 0.28188 0.869571 -0.40545 -0.615852 -0.939074 0.336676 0.0692014 -0.261634 0.196681 0.361241 0.911494 0.397731 0.31622 -0.384863 0.867113 0.400795 -0.930002 -0.306262 0.203222 -0.504304 0.187351 -0.87068 -0.45477 0.485867 
1533678074748 0.281864 0.869519 -0.405572 -0.616186 -0.939076 0.336677 0.0691746 -0.261742 0.196695 0.361365 0.911442 0.397943 0.31622 -0.384863 0.867113 0.400795 -0.930002 -0.306262 0.203222 -0.504304 0.187351 -0.87068 -0.45477 0.485867 
1533678074860 0.281864 0.869519 -0.405572 -0.616186 -0.939076 0.336677 0.0691746 -0.261742 0.196695 0.361365 0.911442 0.397943 0.31622 -0.384863 0.867113 0.400795 -0.930002 -0.306262 0.203222 -0.504304 0.187351 -0.87068 -0.45477 0.485867 
1533678074870 0.281885 0.869574 -0.40544 -0.615827 -0.939072 0.336681 0.0692041 -0.261626 0.196682 0.36123 0.911498 0.397715 0.31622 -0.384863 0.867113 0.400795 -0.930002 -0.306262 0.203222 -0.504304 0.187351 -0.87068 -0.45477 0.485867 
1533678074880 0.281886 0.869574 -0.40544 -0.615827 -0.939072 0.336681 0.0692038 -0.261626 0.196682 0.36123 0.911498 0.397715 0.31622 -0.384863 0.867113 0.400795 -0.930002 -0.306262 0.203222 -0.504304 0.187351 -0.87068 -0.45477 0.485867 
1533678074890 0.281887 0.869574 -0.40544 -0.615827 -0.939072 0.336682 0.0692036 -0.261626 0.196682 0.36123 0.911498 0.397715 0.31622 -0.384863 0.867113 0.400795 -0.930002 -0.306262 0.203222 -0.504304 0.187351 -0.87068 -0.45477 0.485867 
1533678074900 0.281887 0.869574 -0.40544 -0.615827 -0.939072 0.336682 0.0692034 -0.261626 0.196682 0.361229 0.911499 0.397715 0.31622 -0.384863 0.867113 0.400795 -0.930002 -0.306262 0.203222 -0.504304 0.187351 -0.87068 -0.45477 0.485867 
1533678074910 0.281888 0.869574 -0.405439 -0.615827 -0.939072 0.336683 0.0692031 -0.261626 0.196682 0.361229 0.911499 0.397715 0.31622 -0.384863 0.867113 0.400795 -0.930002 -0.306262 0.203222 -0.504304 0.187351 -0.87068 -0.45477 0.485867 
1533678074920 0.281888 0.869573 -0.405439 -0.615827 -0.939072 0.336683 0.0692029 -0.261626 0.196682 0.361229 0.911499 0.397715 0.31622 -0.384863 0.867113 0.400795 -0.930002 -0.306262 0.203222 -0.504304 0.187351 -0.87068 -0.45477 0.485867 
1533678074930 0.281889 0.869573 -0.405439 -0.615827 -0.939071 0.336684 0.0692027 -0.261626 0.196682 0.361229 0.911499 0.397715 0.31622 -0.384863 0.867113 0.400795 -0.930002 -0.306262 0.203222 -0.504304 0.187351 -0.87068 -0.45477 0.485867 
1533678074940 0.281889 0.869573 -0.405439 -0.615827 -0.939071 0.336684 0.0692025 -0.261626 0.196682 0.361229 0.911499 0.397715 0.31622 -0.384863 0.867113 0.400795 -0.930002 -0.306262 0.203222 -0.504304 0.187351 -0.87068 -0.45477 0.485867 
1533678074950 0.281889 0.86957 -0.405447 -0.61585 -0.939071 0.336685 0.0692004 -0.261634 0.196682 0.361237 0.911495 0.39773 0.31622 -0.384863 0.867113 0.400795 -0.930002 -0.306262 0.203222 -0.504304 0.187351 -0.87068 -0.45477 0.485867 
1533678074981 0.281889 0.86957 -0.405447 -0.61585 -0.939071 0.336685 0.0692004 -0.261634 0.196682 0.361237 0.911495 0.39773 0.31622 -0.384863 0.867113 0.400795 -0.930002 -0.306262 0.203222 -0.504304 0.187351 -0.87068 -0.45477 0.485867 
1533678074991 0.281829 0.869549 -0.405534 -0.615892 -0.939082 0.336649 0.0692239 -0.261612 0.196716 0.361321 0.911455 0.397617 0.31622 -0.384863 0.867113 0.400795 -0.930002 -0.306262 0.203222 -0.504304 0.187351 -0.87068 -0.45477 0.485867 
1533678075001 0.281767 0.869524 -0.40563 -0.615956 -0.939093 0.336613 0.0692458 -0.261597 0.196751 0.361413 0.911411 0.397519 0.31622 -0.384863 0.867113 0.400795 -0.930002 -0.306262 0.203222 -0.504304 0.187351 -0.87068 -0.45477 0.485867 
1533678075011 0.281705 0.8695 -0.405723 -0.616011 -0.939105 0.336578 0.069268 -0.261579 0.196786 0.361503 0.911367 0.397418 0.31622 -0.384863 0.867113 0.400795 -0.930002 -0.306262 0.203222 -0.504304 0.187351 -0.87068 -0.45477 0.485867 
1533678075020 0.281644 0.869477 -0.405815 -0.616069 -0.939116 0.336542 0.0692907 -0.261562 0.196821 0.361592 0.911325 0.397315 0.31622 -0.384863 0.867113 0.400795 -0.930002 -0.306262 0.203222 -0.504304 0.187351 -0.87068 -0.45477 0.485867 
1533678075031 0.281582 0.869453 -0.40591 -0.616131 -0.939127 0.336506 0.0693128 -0.261547 0.196855 0.361684 0.911281 0.397216 0.31622 -0.384863 0.867113 0.400795 -0.930002 -0.306262 0.203222 -0.504304 0.187351 -0.87068 -0.45477 0.485867 
1533678075040 0.281521 0.869428 -0.406006 -0.616197 -0.939138 0.33647 0.0693346 -0.261532 0.19689 0.361776 0.911237 0.397118 0.31622 -0.384863 0.867113 0.400795 -0.930002 -0.306262 0.203222 -0.504304 0.187351 -0.87068 -0.45477 0.485867 
1533678075051 0.281459 0.869404 -0.406101 -0.616262 -0.939149 0.336435 0.0693566 -0.261518 0.196925 0.361868 0.911192 0.39702 0.31622 -0.384863 0.867113 0.400795 -0.930002 -0.306262 0.203222 -0.504304 0.187351 -0.87068 -0.45477 0.485867 
1533678075061 0.281397 0.869379 -0.406196 -0.616327 -0.939161 0.336399 0.0693785 -0.261504 0.19696 0.361961 0.911148 0.396922 0.31622 -0.384863 0.867113 0.400795 -0.930002 -0.306262 0.203222 -0.504304 0.187351 -0.87068 -0.45477 0.485867 
1533678075070 0.281335 0.869355 -0.406292 -0.616393 -0.939172 0.336363 0.0694005 -0.26149 0.196995 0.362053 0.911104 0.396824 0.31622 -0.384863 0.867113 0.400795 -0.930002 -0.306262 0.203222 -0.504304 0.187351 -0.87068 -0.45477 0.485867 
1533678075160 0.281335 0.869355 -0.406292 -0.616393 -0.939172 0.336363 0.0694005 -0.26149 0.196995 0.362053 0.911104 0.396824 0.31622 -0.384863 0.867113 0.400795 -0.930002 -0.306262 0.203222 -0.504304 0.187351 -0.87068 -0.45477 0.485867 
1533678075170 0.281469 0.86937 -0.406165 -0.616386 -0.939107 0.336521 0.0695064 -0.261439 0.19711 0.361869 0.911152 0.396739 0.31622 -0.384863 0.867113 0.400795 -0.930002 -0.306262 0.203222 -0.504304 0.187351 -0.87068 -0.45477 0.485867 
1533678075180 0.281666 0.869407 -0.405949 -0.616321 -0.939031 0.336716 0.069589 -0.261402 0.197191 0.361598 0.911242 0.396762 0.31622 -0.384863 0.867113 0.400795 -0.930002 -0.306262 0.203222 -0.504304 0.187351 -0.87068 -0.45477 0.485867 
1533678075190 0.281864 0.869447 -0.405727 -0.616242 -0.938955 0.33691 0.0696728 -0.261361 0.19727 0.361322 0.911335 0.396774 0.31622 -0.384863 0.867113 0.400795 -0.930002 -0.306262 0.203222 -0.504304 0.187351 -0.87068 -0.45477 0.485867 
1533678075200 0.282061 0.869487 -0.405505 -0.616163 -0.938879 0.337105 0.0697567 -0.261321 0.19735 0.361045 0.911427 0.396787 0.31622 -0.384863 0.867113 0.400795 -0.930002 -0.306262 0.203222 -0.504304 0.187351 -0.87068 -0.45477 0.485867 
1533678075210 0.282259 0.869526 -0.405283 -0.616084 -0.938803 0.337299 0.0698407 -0.261281 0.19743 0.360768 0.911519 0.396799 0.31622 -0.384863 0.867113 0.400795 -0.930002 -0.306262 0.203222 -0.504304 0.187351 -0.87068 -0.45477 0.485867 
1533678075220 0.282456 0.869565 -0.405061 -0.616005 -0.938727 0.337494 0.0699247 -0.261241 0.19751 0.360491 0.911612 0.396811 0.31622 -0.384863 0.867113 0.400795 -0.930002 -0.306262 0.203222 -0.504304 0.187351 -0.87068 -0.45477 0.485867 
1533678075230 0.282653 0.869605 -0.404839 -0.615925 -0.938651 0.337688 0.0700088 -0.2612 0.197589 0.360215 0.911704 0.396824 0.31622 -0.384863 0.867113 0.400795 -0.930002 -0.306262 0.203222 -0.504304 0.187351 -0.87068 -0.45477 0.485867 
1533678075240 0.282851 0.869644 -0.404617 -0.615846 -0.938575 0.337883 0.0700929 -0.26116 0.197669 0.359938 0.911796 0.396836 0.31622 -0.384863 0.867113 0.400795 -0.930002 -0.306262 0.203222 -0.504304 0.187351 -0.87068 -0.45477 0.485867 
1533678075250 0.283047 0.86968 -0.404403 -0.615788 -0.938499 0.338077 0.0701755 -0.261126 0.197749 0.359669 0.911885 0.396862 0.31622 -0.384863 0.867113 0.400795 -0.930002 -0.306262 0.203222 -0.504304 0.187351 -0.87068 -0.45477 0.485867 
1533678075309 0.283047 0.86968 -0.404403 -0.615788 -0.938499 0.338077 0.0701755 -0.261126 0.197749 0.359669 0.911885 0.396862 0.31622 -0.384863 0.867113 0.400795 -0.930002 -0.306262 0.203222 -0.504304 0.187351 -0.87068 -0.45477 0.485867 
1533678075319 0.282822 0.869792 -0.404319 -0.615566 -0.938552 0.337889 0.0703664 -0.261046 0.197819 0.359573 0.911907 0.396981 0.31622 -0.384863 0.867113 0.400795 -0.930002 -0.306262 0.203222 -0.504304 0.187351 -0.87068 -0.45477 0.485867 
1533678075329 0.282397 0.869863 -0.404464 -0.615445 -0.938682 0.337507 0.0704716 -0.261012 0.19781 0.359762 0.911835 0.3971 0.31622 -0.384863 0.867113 0.400795 -0.930002 -0.306262 0.203222 -0.504304 0.187351 -0.87068 -0.45477 0.485867 
1533678075339 0.281973 0.869933 -0.404609 -0.615323 -0.938811 0.337124 0.0705769 -0.260979 0.197801 0.35995 0.911762 0.397219 0.31622 -0.384863 0.867113 0.400795 -0.930002 -0.306262 0.203222 -0.504304 0.187351 -0.87068 -0.45477 0.485867 
1533678075349 0.281549 0.870003 -0.404753 -0.615201 -0.93894 0.336742 0.0706822 -0.260945 0.197791 0.360139 0.91169 0.397339 0.31622 -0.384863 0.867113 0.400795 -0.930002 -0.306262 0.203222 -0.504304 0.187351 -0.87068 -0.45477 0.485867 
1533678075359 0.281124 0.870073 -0.404898 -0.615079 -0.939069 0.336359 0.0707876 -0.260912 0.197782 0.360327 0.911618 0.397458 0.31622 -0.384863 0.867113 0.400795 -0.930002 -0.306262 0.203222 -0.504304 0.187351 -0.87068 -0.45477 0.485867 
1533678075369 0.2807 0.870142 -0.405043 -0.614957 -0.939198 0.335977 0.070893 -0.260878 0.197772 0.360516 0.911545 0.397577 0.31622 -0.384863 0.867113 0.400795 -0.930002 -0.306262 0.203222 -0.504304 0.187351 -0.87068 -0.45477 0.485867 
1533678075379 0.280276 0.870212 -0.405188 -0.614835 -0.939327 0.335595 0.0709985 -0.260845 0.197763 0.360705 0.911472 0.397696 0.31622 -0.384863 0.867113 0.400795 -0.930002 -0.306262 0.203222 -0.504304 0.187351 -0.87068 -0.45477 0.485867 
1533678075389 0.279851 0.870281 -0.405333 -0.614713 -0.939456 0.335212 0.0711041 -0.260811 0.197753 0.360893 0.9114 0.397816 0.31622 -0.384863 0.867113 0.400795 -0.930002 -0.306262 0.203222 -0.504304 0.187351 -0.87068 -0.45477 0.485867 
1533678075399 0.279427 0.87035 -0.405477 -0.614591 -0.939584 0.334829 0.0712097 -0.260778 0.197743 0.361082 0.911327 0.397935 0.31622 -0.384863 0.867113 0.400795 -0.930002 -0.306262 0.203222 -0.504304 0.187351 -0.87068 -0.45477 0.485867 
1533678075445 0.279427 0.87035 -0.405477 -0.614591 -0.939584 0.334829 0.0712097 -0.260778 0.197743 0.361082 0.911327 0.397935 0.31622 -0.384863 0.867113 0.400795 -0.930002 -0.306262 0.203222 -0.504304 0.187351 -0.87068 -0.45477 0.485867 
1533678075458 0.278428 0.870532 -0.405774 -0.614418 -0.939813 0.334059 0.0718089 -0.260967 0.198064 0.361358 0.911148 0.397915 0.31622 -0.384863 0.867113 0.400795 -0.930002 -0.306262 0.203222 -0.504304 0.187351 -0.87068 -0.45477 0.485867 
1533678075468 0.277854 0.870644 -0.405927 -0.614365 -0.939913 0.33367 0.0723019 -0.26119 0.198395 0.361447 0.911041 0.397779 0.31622 -0.384863 0.867113 0.400795 -0.930002 -0.306262 0.203222 -0.504304 0.187351 -0.87068 -0.45477 0.485867 
1533678075478 0.27728 0.870756 -0.406079 -0.614313 -0.940013 0.333282 0.0727952 -0.261414 0.198726 0.361535 0.910934 0.397642 0.31622 -0.384863 0.867113 0.400795 -0.930002 -0.306262 0.203222 -0.504304 0.187351 -0.87068 -0.45477 0.485867 
1533678075488 0.276706 0.870868 -0.406231 -0.614261 -0.940112 0.332894 0.0732885 -0.261637 0.199056 0.361623 0.910827 0.397504 0.31622 -0.384863 0.867113 0.400795 -0.930002 -0.306262 0.203222 -0.504304 0.187351 -0.87068 -0.45477 0.485867 
1533678075498 0.276131 0.870979 -0.406382 -0.614209 -0.940211 0.332505 0.0737819 -0.26186 0.199387 0.361711 0.910719 0.397366 0.31622 -0.384863 0.867113 0.400795 -0.930002 -0.306262 0.203222 -0.504304 0.187351 -0.87068 -0.45477 0.485867 
1533678075508 0.275557 0.871091 -0.406533 -0.614157 -0.940309 0.332117 0.0742754 -0.262083 0.199717 0.3618 0.910612 0.397229 0.31622 -0.384863 0.867113 0.400795 -0.930002 -0.306262 0.203222 -0.504304 0.187351 -0.87068 -0.45477 0.485867 
1533678075518 0.274982 0.871202 -0.406684 -0.614105 -0.940407 0.331728 0.0747689 -0.262306 0.200047 0.361888 0.910504 0.397091 0.31622 -0.384863 0.867113 0.400795 -0.930002 -0.306262 0.203222 -0.504304 0.187351 -0.87068 -0.45477 0.485867 
1533678075528 0.274407 0.871313 -0.406835 -0.614053 -0.940505 0.33134 0.0752625 -0.262529 0.200378 0.361977 0.910396 0.396953 0.31622 -0.384863 0.867113 0.400795 -0.930002 -0.306262 0.203222 -0.504304 0.187351 -0.87068 -0.45477 0.485867 
1533678075538 0.273832 0.871424 -0.406985 -0.614001 -0.940602 0.330951 0.0757561 -0.262752 0.200708 0.362066 0.910288 0.396816 0.31622 -0.384863 0.867113 0.400795 -0.930002 -0.306262 0.203222 -0.504304 0.187351 -0.87068 -0.45477 0.485867 
1533678075569 0.273832 0.871424 -0.406985 -0.614001 -0.940602 0.330951 0.0757561 -0.262752 0.200708 0.362066 0.910288 0.396816 0.31622 -0.384863 0.867113 0.400795 -0.930002 -0.306262 0.203222 -0.504304 0.187351 -0.87068 -0.45477 0.485867 
1533678075579 0.2731 0.871485 -0.407345 -0.614037 -0.940776 0.33038 0.0760904 -0.262839 0.20089 0.36244 0.910099 0.396562 0.31622 -0.384863 0.867113 0.400795 -0.930002 -0.306262 0.203222 -0.504304 0.187351 -0.87068 -0.45477 0.485867 
1533678075589 0.272942 0.871434 -0.407561 -0.614145 -0.940853 0.330196 0.0759301 -0.26271 0.200743 0.362731 0.910016 0.396455 0.31622 -0.384863 0.867113 0.400795 -0.930002 -0.306262 0.203222 -0.504304 0.187351 -0.87068 -0.45477 0.485867 
1533678075599 0.272783 0.871382 -0.407777 -0.614251 -0.940931 0.330013 0.0757698 -0.262581 0.200596 0.363021 0.909932 0.396349 0.31622 -0.384863 0.867113 0.400795 -0.930002 -0.306262 0.203222 -0.504304 0.187351 -0.87068 -0.45477 0.485867 
1533678075609 0.272625 0.871331 -0.407993 -0.61436 -0.941008 0.329829 0.0756096 -0.262452 0.200449 0.363311 0.909849 0.396242 0.31622 -0.384863 0.867113 0.400795 -0.930002 -0.306262 0.203222 -0.504304 0.187351 -0.87068 -0.45477 0.485867 
1533678075619 0.272466 0.871279 -0.408209 -0.614467 -0.941085 0.329645 0.0754494 -0.262323 0.200302 0.363602 0.909765 0.396136 0.31622 -0.384863 0.867113 0.400795 -0.930002 -0.306262 0.203222 -0.504304 0.187351 -0.87068 -0.45477 0.485867 
1533678075629 0.272308 0.871228 -0.408424 -0.614575 -0.941162 0.329461 0.0752893 -0.262194 0.200154 0.363892 0.909682 0.396029 0.31622 -0.384863 0.867113 0.400795 -0.930002 -0.306262 0.203222 -0.504304 0.187351 -0.87068 -0.45477 0.485867 
1533678075639 0.27215 0.871176 -0.40864 -0.614683 -0.94124 0.329278 0.0751292 -0.262065 0.200007 0.364182 0.909598 0.395923 0.31622 -0.384863 0.867113 0.400795 -0.930002 -0.306262 0.203222 -0.504304 0.187351 -0.87068 -0.45477 0.485867 
1533678075649 0.271991 0.871124 -0.408856 -0.61479 -0.941317 0.329094 0.0749691 -0.261936 0.199859 0.364472 0.909514 0.395817 0.31622 -0.384863 0.867113 0.400795 -0.930002 -0.306262 0.203222 -0.504304 0.187351 -0.87068 -0.45477 0.485867 
1533678075659 0.271833 0.871072 -0.409072 -0.614899 -0.941394 0.32891 0.0748092 -0.261807 0.199712 0.364762 0.90943 0.39571 0.31622 -0.384863 0.867113 0.400795 -0.930002 -0.306262 0.203222 -0.504304 0.187351 -0.87068 -0.45477 0.485867 
1533678075758 0.271833 0.871072 -0.409072 -0.614899 -0.941394 0.32891 0.0748092 -0.261807 0.199712 0.364762 0.90943 0.39571 0.31622 -0.384863 0.867113 0.400795 -0.930002 -0.306262 0.203222 -0.504304 0.187351 -0.87068 -0.45477 0.485867 
1533678075768 0.271109 0.871503 -0.408635 -0.614879 -0.941498 0.328397 0.0757401 -0.261554 0.200202 0.364195 0.90955 0.39551 0.31622 -0.384863 0.867113 0.400795 -0.930002 -0.306262 0.203222 -0.504304 0.187351 -0.87068 -0.45477 0.485867 
1533678075778 0.270544 0.871982 -0.407987 -0.614755 -0.941525 0.328068 0.0768292 -0.261429 0.200841 0.363344 0.909749 0.395425 0.31622 -0.384863 0.867113 0.400795 -0.930002 -0.306262 0.203222 -0.504304 0.187351 -0.87068 -0.45477 0.485867 
1533678075788 0.26998 0.872462 -0.407333 -0.614619 -0.94155 0.327738 0.0779193 -0.2613 0.20148 0.362488 0.90995 0.395331 0.31622 -0.384863 0.867113 0.400795 -0.930002 -0.306262 0.203222 -0.504304 0.187351 -0.87068 -0.45477 0.485867 
1533678075798 0.269416 0.872942 -0.406677 -0.614483 -0.941575 0.327406 0.0790091 -0.261172 0.202119 0.361631 0.910149 0.395237 0.31622 -0.384863 0.867113 0.400795 -0.930002 -0.306262 0.203222 -0.504304 0.187351 -0.87068 -0.45477 0.485867 
1533678075808 0.268853 0.873421 -0.406021 -0.614347 -0.941598 0.327074 0.0800985 -0.261043 0.202759 0.360774 0.910347 0.395143 0.31622 -0.384863 0.867113 0.400795 -0.930002 -0.306262 0.203222 -0.504304 0.187351 -0.87068 -0.45477 0.485867 
1533678075818 0.26829 0.8739 -0.405363 -0.614211 -0.941621 0.32674 0.0811876 -0.260915 0.203398 0.359917 0.910543 0.395049 0.31622 -0.384863 0.867113 0.400795 -0.930002 -0.306262 0.203222 -0.504304 0.187351 -0.87068 -0.45477 0.485867 
1533678075828 0.267728 0.874377 -0.404705 -0.614076 -0.941642 0.326406 0.0822765 -0.260787 0.204039 0.35906 0.910738 0.394955 0.31622 -0.384863 0.867113 0.400795 -0.930002 -0.306262 0.203222 -0.504304 0.187351 -0.87068 -0.45477 0.485867 
1533678075838 0.267166 0.874854 -0.404046 -0.61394 -0.941663 0.32607 0.0833649 -0.260658 0.204679 0.358203 0.910932 0.394861 0.31622 -0.384863 0.867113 0.400795 -0.930002 -0.306262 0.203222 -0.504304 0.187351 -0.87068 -0.45477 0.485867 
1533678075848 0.266601 0.87532 -0.403409 -0.613866 -0.941683 0.325733 0.0844485 -0.26055 0.205323 0.357369 0.911115 0.394806 0.31622 -0.384863 0.867113 0.400795 -0.930002 -0.306262 0.203222 -0.504304 0.187351 -0.87068 -0.45477 0.485867 
1533678075948 0.266601 0.87532 -0.403409 -0.613866 -0.941683 0.325733 0.0844485 -0.26055 0.205323 0.357369 0.911115 0.394806 0.31622 -0.384863 0.867113 0.400795 -0.930002 -0.306262 0.203222 -0.504304 0.187351 -0.87068 -0.45477 0.485867 
1533678075958 0.266634 0.875778 -0.402391 -0.613805 -0.941624 0.325751 0.0850331 -0.260406 0.205549 0.356228 0.91151 0.394502 0.31622 -0.384863 0.867113 0.400795 -0.930002 -0.306262 0.203222 -0.504304 0.187351 -0.87068 -0.45477 0.485867 
1533678075968 0.267225 0.875752 -0.402056 -0.613942 -0.941546 0.326107 0.0845254 -0.26041 0.205137 0.355967 0.911705 0.394331 0.31622 -0.384863 0.867113 0.400795 -0.930002 -0.306262 0.203222 -0.504304 0.187351 -0.87068 -0.45477 0.485867 
1533678075978 0.267816 0.875725 -0.401721 -0.614079 -0.941468 0.326463 0.0840178 -0.260414 0.204724 0.355707 0.9119 0.39416 0.31622 -0.384863 0.867113 0.400795 -0.930002 -0.306262 0.203222 -0.504304 0.187351 -0.87068 -0.45477 0.485867 
1533678075988 0.268406 0.875698 -0.401386 -0.614216 -0.94139 0.326819 0.0835103 -0.260418 0.204311 0.355446 0.912094 0.39399 0.31622 -0.384863 0.867113 0.400795 -0.930002 -0.306262 0.203222 -0.504304 0.187351 -0.87068 -0.45477 0.485867 
1533678075998 0.268996 0.875671 -0.401051 -0.614353 -0.941311 0.327175 0.0830029 -0.260422 0.203897 0.355186 0.912288 0.393819 0.31622 -0.384863 0.867113 0.400795 -0.930002 -0.306262 0.203222 -0.504304 0.187351 -0.87068 -0.45477 0.485867 
1533678076008 0.269586 0.875643 -0.400715 -0.61449 -0.941232 0.327531 0.0824957 -0.260426 0.203484 0.354926 0.912481 0.393648 0.31622 -0.384863 0.867113 0.400795 -0.930002 -0.306262 0.203222 -0.504304 0.187351 -0.87068 -0.45477 0.485867 
1533678076018 0.270176 0.875615 -0.400379 -0.614627 -0.941152 0.327888 0.0819886 -0.26043 0.20307 0.354666 0.912674 0.393478 0.31622 -0.384863 0.867113 0.400795 -0.930002 -0.306262 0.203222 -0.504304 0.187351 -0.87068 -0.45477 0.485867 
1533678076028 0.270765 0.875587 -0.400042 -0.614763 -0.941072 0.328244 0.0814816 -0.260434 0.202656 0.354406 0.912867 0.393307 0.31622 -0.384863 0.867113 0.400795 -0.930002 -0.306262 0.203222 -0.504304 0.187351 -0.87068 -0.45477 0.485867 
1533678076038 0.271354 0.875556 -0.399711 -0.614915 -0.940992 0.3286 0.0809736 -0.260442 0.202242 0.354152 0.913058 0.393145 0.31622 -0.384863 0.867113 0.400795 -0.930002 -0.306262 0.203222 -0.504304 0.187351 -0.87068 -0.45477 0.485867 
1533678076137 0.271354 0.875556 -0.399711 -0.614915 -0.940992 0.3286 0.0809736 -0.260442 0.202242 0.354152 0.913058 0.393145 0.31622 -0.384863 0.867113 0.400795 -0.930002 -0.306262 0.203222 -0.504304 0.187351 -0.87068 -0.45477 0.485867 
1533678076150 0.272012 0.876175 -0.397904 -0.615024 -0.940836 0.328981 0.0812414 -0.260398 0.202084 0.352263 0.913823 0.392816 0.31622 -0.384863 0.867113 0.400795 -0.930002 -0.306262 0.203222 -0.504304 0.187351 -0.87068 -0.45477 0.485867 
1533678076160 0.27208 0.876818 -0.396438 -0.615011 -0.940761 0.329003 0.082015 -0.260353 0.202341 0.350638 0.914391 0.392667 0.31622 -0.384863 0.867113 0.400795 -0.930002 -0.306262 0.203222 -0.504304 0.187351 -0.87068 -0.45477 0.485867 
1533678076170 0.272148 0.877458 -0.394971 -0.614997 -0.940685 0.329024 0.0827885 -0.260309 0.202598 0.349013 0.914956 0.392518 0.31622 -0.384863 0.867113 0.400795 -0.930002 -0.306262 0.203222 -0.504304 0.187351 -0.87068 -0.45477 0.485867 
1533678076180 0.272217 0.878096 -0.393503 -0.614984 -0.94061 0.329044 0.0835621 -0.260265 0.202855 0.347386 0.915518 0.392369 0.31622 -0.384863 0.867113 0.400795 -0.930002 -0.306262 0.203222 -0.504304 0.187351 -0.87068 -0.45477 0.485867 
1533678076190 0.272287 0.878732 -0.392034 -0.614971 -0.940535 0.329062 0.0843357 -0.260221 0.203112 0.345758 0.916077 0.39222 0.31622 -0.384863 0.867113 0.400795 -0.930002 -0.306262 0.203222 -0.504304 0.187351 -0.87068 -0.45477 0.485867 
1533678076200 0.272357 0.879365 -0.390564 -0.614958 -0.940459 0.32908 0.0851093 -0.260176 0.203369 0.344129 0.916633 0.392071 0.31622 -0.384863 0.867113 0.400795 -0.930002 -0.306262 0.203222 -0.504304 0.187351 -0.87068 -0.45477 0.485867 
1533678076210 0.272427 0.879995 -0.389092 -0.614944 -0.940383 0.329095 0.085883 -0.260132 0.203625 0.342499 0.917187 0.391921 0.31622 -0.384863 0.867113 0.400795 -0.930002 -0.306262 0.203222 -0.504304 0.187351 -0.87068 -0.45477 0.485867 
1533678076220 0.272498 0.880622 -0.38762 -0.614931 -0.940307 0.32911 0.0866566 -0.260088 0.203881 0.340868 0.917737 0.391772 0.31622 -0.384863 0.867113 0.400795 -0.930002 -0.306262 0.203222 -0.504304 0.187351 -0.87068 -0.45477 0.485867 
1533678076230 0.272564 0.881236 -0.386175 -0.614996 -0.940232 0.329122 0.0874251 -0.260069 0.204141 0.339265 0.918273 0.391671 0.31622 -0.384863 0.867113 0.400795 -0.930002 -0.306262 0.203222 -0.504304 0.187351 -0.87068 -0.45477 0.485867 
1533678076280 0.272564 0.881236 -0.386175 -0.614996 -0.940232 0.329122 0.0874251 -0.260069 0.204141 0.339265 0.918273 0.391671 0.31622 -0.384863 0.867113 0.400795 -0.930002 -0.306262 0.203222 -0.504304 0.187351 -0.87068 -0.45477 0.485867 
1533678076290 0.271007 0.881657 -0.386311 -0.614451 -0.940453 0.328069 0.0889834 -0.260183 0.205189 0.339192 0.918066 0.391593 0.31622 -0.384863 0.867113 0.400795 -0.930002 -0.306262 0.203222 -0.504304 0.187351 -0.87068 -0.45477 0.485867 
1533678076300 0.269371 0.88144 -0.387947 -0.613999 -0.94075 0.327005 0.0897648 -0.260366 0.205983 0.340781 0.9173 0.391711 0.31622 -0.384863 0.867113 0.400795 -0.930002 -0.306262 0.203222 -0.504304 0.187351 -0.87068 -0.45477 0.485867 
1533678076310 0.267734 0.88122 -0.389576 -0.613536 -0.941044 0.32594 0.0905493 -0.260546 0.206772 0.342365 0.916532 0.391821 0.31622 -0.384863 0.867113 0.400795 -0.930002 -0.306262 0.203222 -0.504304 0.187351 -0.87068 -0.45477 0.485867 
1533678076320 0.266095 0.880994 -0.391208 -0.613084 -0.941335 0.324878 0.0913345 -0.26073 0.20756 0.343954 0.915759 0.39194 0.31622 -0.384863 0.867113 0.400795 -0.930002 -0.306262 0.203222 -0.504304 0.187351 -0.87068 -0.45477 0.485867 
1533678076330 0.264453 0.880763 -0.392836 -0.612631 -0.941625 0.323815 0.0921218 -0.260913 0.208344 0.345543 0.914983 0.392059 0.31622 -0.384863 0.867113 0.400795 -0.930002 -0.306262 0.203222 -0.504304 0.187351 -0.87068 -0.45477 0.485867 
1533678076340 0.26281 0.880528 -0.394463 -0.612179 -0.941912 0.322754 0.0929108 -0.261097 0.209125 0.347131 0.914203 0.392178 0.31622 -0.384863 0.867113 0.400795 -0.930002 -0.306262 0.203222 -0.504304 0.187351 -0.87068 -0.45477 0.485867 
1533678076350 0.261165 0.880289 -0.396087 -0.611726 -0.942196 0.321693 0.093702 -0.261279 0.209903 0.34872 0.91342 0.392297 0.31622 -0.384863 0.867113 0.400795 -0.930002 -0.306262 0.203222 -0.504304 0.187351 -0.87068 -0.45477 0.485867 
1533678076360 0.259518 0.880045 -0.397708 -0.611273 -0.942478 0.320633 0.094495 -0.261463 0.210678 0.350308 0.912633 0.392416 0.31622 -0.384863 0.867113 0.400795 -0.930002 -0.306262 0.203222 -0.504304 0.187351 -0.87068 -0.45477 0.485867 
1533678076370 0.25787 0.879796 -0.399327 -0.610821 -0.942758 0.319575 0.0952897 -0.261646 0.21145 0.351896 0.911843 0.392535 0.31622 -0.384863 0.867113 0.400795 -0.930002 -0.306262 0.203222 -0.504304 0.187351 -0.87068 -0.45477 0.485867 
1533678076445 0.25787 0.879796 -0.399327 -0.610821 -0.942758 0.319575 0.0952897 -0.261646 0.21145 0.351896 0.911843 0.392535 0.31622 -0.384863 0.867113 0.400795 -0.930002 -0.306262 0.203222 -0.504304 0.187351 -0.87068 -0.45477 0.485867 
1533678076458 0.254608 0.880397 -0.400094 -0.609874 -0.943564 0.316784 0.0966184 -0.261846 0.211806 0.352914 0.911367 0.392755 0.31622 -0.384863 0.867113 0.400795 -0.930002 -0.306262 0.203222 -0.504304 0.187351 -0.87068 -0.45477 0.485867 
1533678076468 0.252996 0.881248 -0.399243 -0.609381 -0.94409 0.31505 0.0971484 -0.261863 0.211393 0.352343 0.911684 0.392857 0.31622 -0.384863 0.867113 0.400795 -0.930002 -0.306262 0.203222 -0.504304 0.187351 -0.87068 -0.45477 0.485867 
1533678076478 0.251383 0.882095 -0.398391 -0.608886 -0.944613 0.313314 0.097677 -0.261879 0.210982 0.351771 0.912 0.392959 0.31622 -0.384863 0.867113 0.400795 -0.930002 -0.306262 0.203222 -0.504304 0.187351 -0.87068 -0.45477 0.485867 
1533678076488 0.249768 0.882938 -0.397538 -0.608393 -0.945132 0.311578 0.0982037 -0.261897 0.210572 0.351198 0.912316 0.393061 0.31622 -0.384863 0.867113 0.400795 -0.930002 -0.306262 0.203222 -0.504304 0.187351 -0.87068 -0.45477 0.485867 
1533678076498 0.248152 0.883775 -0.396689 -0.607908 -0.945649 0.30984 0.0987277 -0.261915 0.210163 0.350629 0.912629 0.393172 0.31622 -0.384863 0.867113 0.400795 -0.930002 -0.306262 0.203222 -0.504304 0.187351 -0.87068 -0.45477 0.485867 
1533678076508 0.246535 0.884611 -0.395833 -0.607414 -0.946162 0.3081 0.0992512 -0.261932 0.209755 0.350054 0.912943 0.393273 0.31622 -0.384863 0.867113 0.400795 -0.930002 -0.306262 0.203222 -0.504304 0.187351 -0.87068 -0.45477 0.485867 
1533678076518 0.244916 0.885443 -0.394976 -0.60692 -0.946673 0.306359 0.0997729 -0.261949 0.209348 0.349477 0.913257 0.393375 0.31622 -0.384863 0.867113 0.400795 -0.930002 -0.306262 0.203222 -0.504304 0.187351 -0.87068 -0.45477 0.485867 
1533678076528 0.243297 0.886272 -0.394118 -0.606426 -0.94718 0.304617 0.100293 -0.261966 0.208942 0.3489 0.913571 0.393477 0.31622 -0.384863 0.867113 0.400795 -0.930002 -0.306262 0.203222 -0.504304 0.187351 -0.87068 -0.45477 0.485867 
1533678076538 0.241675 0.887094 -0.393265 -0.605948 -0.947684 0.302873 0.10081 -0.261987 0.208538 0.348328 0.913882 0.393589 0.31622 -0.384863 0.867113 0.400795 -0.930002 -0.306262 0.203222 -0.504304 0.187351 -0.87068 -0.45477 0.485867 
1533678076626 0.241675 0.887094 -0.393265 -0.605948 -0.947684 0.302873 0.10081 -0.261987 0.208538 0.348328 0.913882 0.393589 0.31622 -0.384863 0.867113 0.400795 -0.930002 -0.306262 0.203222 -0.504304 0.187351 -0.87068 -0.45477 0.485867 
1533678076639 0.239078 0.888071 -0.392646 -0.605032 -0.948318 0.300444 0.102112 -0.261841 0.208651 0.34794 0.914003 0.393834 0.31622 -0.384863 0.867113 0.400795 -0.930002 -0.306262 0.203222 -0.504304 0.187351 -0.87068 -0.45477 0.485867 
1533678076649 0.238102 0.888225 -0.392893 -0.604627 -0.948449 0.29976 0.102897 -0.261683 0.209169 0.348139 0.913809 0.393988 0.31622 -0.384863 0.867113 0.400795 -0.930002 -0.306262 0.203222 -0.504304 0.187351 -0.87068 -0.45477 0.485867 
1533678076659 0.237125 0.888377 -0.393139 -0.604221 -0.94858 0.299077 0.103681 -0.261525 0.209687 0.348338 0.913615 0.394142 0.31622 -0.384863 0.867113 0.400795 -0.930002 -0.306262 0.203222 -0.504304 0.187351 -0.87068 -0.45477 0.485867 
1533678076669 0.236148 0.888529 -0.393384 -0.603816 -0.948709 0.298393 0.104466 -0.261366 0.210204 0.348537 0.91342 0.394295 0.31622 -0.384863 0.867113 0.400795 -0.930002 -0.306262 0.203222 -0.504304 0.187351 -0.87068 -0.45477 0.485867 
1533678076679 0.235171 0.88868 -0.393628 -0.60341 -0.948837 0.29771 0.105251 -0.261208 0.210721 0.348737 0.913225 0.394449 0.31622 -0.384863 0.867113 0.400795 -0.930002 -0.306262 0.203222 -0.504304 0.187351 -0.87068 -0.45477 0.485867 
1533678076689 0.234194 0.88883 -0.393871 -0.603004 -0.948964 0.297026 0.106036 -0.26105 0.211238 0.348937 0.913029 0.394602 0.31622 -0.384863 0.867113 0.400795 -0.930002 -0.306262 0.203222 -0.504304 0.187351 -0.87068 -0.45477 0.485867 
1533678076699 0.233216 0.88898 -0.394114 -0.602599 -0.949089 0.296342 0.106821 -0.260892 0.211754 0.349137 0.912833 0.394756 0.31622 -0.384863 0.867113 0.400795 -0.930002 -0.306262 0.203222 -0.504304 0.187351 -0.87068 -0.45477 0.485867 
1533678076709 0.232238 0.889128 -0.394356 -0.602193 -0.949214 0.295658 0.107606 -0.260733 0.21227 0.349338 0.912636 0.39491 0.31622 -0.384863 0.867113 0.400795 -0.930002 -0.306262 0.203222 -0.504304 0.187351 -0.87068 -0.45477 0.485867 
1533678076719 0.231259 0.889276 -0.394599 -0.601793 -0.949337 0.294975 0.108391 -0.260577 0.212786 0.349541 0.912438 0.395067 0.31622 -0.384863 0.867113 0.400795 -0.930002 -0.306262 0.203222 -0.504304 0.187351 -0.87068 -0.45477 0.485867 
