1535134230107 0.242833 0.929833 -0.276484 -0.627378 -0.943673 0.292462 0.154748 -0.241997 0.224751 0.223332 0.948478 0.375894 0.16008 -0.304787 0.938871 0.370831 -0.775623 0.549475 0.310623 -0.528794 -0.61056 -0.777934 -0.14844 0.432481 
1535134230123 0.242966 0.929883 -0.276197 -0.628258 -0.943717 0.292464 0.154477 -0.242107 0.224423 0.223119 0.948605 0.375466 0.316241 -0.38488 0.867098 0.400864 -0.930001 -0.306251 0.203246 -0.504429 0.187325 -0.870677 -0.454788 0.485926 
1535134230346 0.2431 0.929934 -0.275908 -0.629138 -0.94376 0.292467 0.154207 -0.242216 0.224096 0.222904 0.948733 0.375037 0.316241 -0.38488 0.867098 0.400864 -0.930001 -0.306251 0.203246 -0.504429 0.187325 -0.870677 -0.454788 0.485926 
1535134230575 0.243233 0.929984 -0.275621 -0.630018 -0.943803 0.29247 0.153936 -0.242325 0.223769 0.222689 0.948861 0.374609 0.316241 -0.38488 0.867098 0.400864 -0.930001 -0.306251 0.203246 -0.504429 0.187325 -0.870677 -0.454788 0.485926 
1535134230800 0.243366 0.930035 -0.275333 -0.630897 -0.943847 0.292473 0.153666 -0.242434 0.223442 0.222475 0.948988 0.374181 0.316241 -0.38488 0.867098 0.400864 -0.930001 -0.306251 0.203246 -0.504429 0.187325 -0.870677 -0.454788 0.485926 
1535134231024 0.2435 0.930085 -0.275045 -0.631777 -0.94389 0.292476 0.153395 -0.242544 0.223115 0.222261 0.949115 0.373753 0.316241 -0.38488 0.867098 0.400864 -0.930001 -0.306251 0.203246 -0.504429 0.187325 -0.870677 -0.454788 0.485926 
1535134231252 0.243633 0.930135 -0.274758 -0.632656 -0.943933 0.292479 0.153125 -0.242653 0.222788 0.222047 0.949242 0.373324 0.316241 -0.38488 0.867098 0.400864 -0.930001 -0.306251 0.203246 -0.504429 0.187325 -0.870677 -0.454788 0.485926 
1535134231479 0.243766 0.930185 -0.27447 -0.633535 -0.943975 0.292483 0.152854 -0.242762 0.22246 0.221832 0.949369 0.372896 0.316241 -0.38488 0.867098 0.400864 -0.930001 -0.306251 0.203246 -0.504429 0.187325 -0.870677 -0.454788 0.485926 
1535134231706 0.243899 0.930235 -0.274182 -0.634415 -0.944018 0.292486 0.152583 -0.242871 0.222133 0.221618 0.949496 0.372468 0.316241 -0.38488 0.867098 0.400864 -0.930001 -0.306251 0.203246 -0.504429 0.187325 -0.870677 -0.454788 0.485926 
1535134231940 0.244058 0.93026 -0.273955 -0.634983 -0.944055 0.292523 0.152283 -0.242835 0.221801 0.221463 0.94961 0.372101 0.316531 -0.385118 0.866887 0.401814 -0.929976 -0.306103 0.20358 -0.50615 0.186955 -0.870623 -0.455042 0.486735 
1535134232154 0.244189 0.930187 -0.274088 -0.634724 -0.943962 0.29273 0.152461 -0.242939 0.222051 0.2215 0.949543 0.372276 0.316531 -0.385118 0.866887 0.401814 -0.929976 -0.306103 0.20358 -0.50615 0.186955 -0.870623 -0.455042 0.486735 
1535134232167 0.243585 0.930133 -0.274807 -0.63475 -0.943888 0.292498 0.153363 -0.243048 0.223028 0.22203 0.94919 0.37225 0.316221 -0.384863 0.867113 0.400797 -0.930002 -0.306262 0.203223 -0.504308 0.187351 -0.87068 -0.45477 0.485869 
1535134232184 0.24298 0.930079 -0.275526 -0.634777 -0.943813 0.292267 0.154264 -0.243156 0.224005 0.222562 0.948835 0.372224 0.316221 -0.384863 0.867113 0.400797 -0.930002 -0.306262 0.203223 -0.504308 0.187351 -0.87068 -0.45477 0.485869 
1535134232308 0.242374 0.930024 -0.276244 -0.634803 -0.943736 0.292036 0.155166 -0.243265 0.224982 0.223093 0.948479 0.372198 0.316221 -0.384863 0.867113 0.400797 -0.930002 -0.306262 0.203223 -0.504308 0.187351 -0.87068 -0.45477 0.485869 
1535134232387 0.243132 0.930047 -0.2755 -0.63477 -0.943794 0.292388 0.154149 -0.243178 0.223918 0.222537 0.948861 0.37221 -0.148604 0.705585 0.692868 0.379888 -0.875299 0.232196 -0.42419 -0.585249 -0.460183 -0.669503 0.583093 0.61754 
1535134232406 0.242511 0.92999 -0.276236 -0.634815 -0.943803 0.292065 0.154704 -0.243298 0.224552 0.223195 0.948557 0.372272 0.31615 -0.38482 0.867158 0.400559 -0.930007 -0.306306 0.203134 -0.503834 0.187446 -0.870684 -0.454724 0.485669 
1535134232419 0.24189 0.929933 -0.276971 -0.63486 -0.943812 0.291743 0.155259 -0.243418 0.225185 0.223853 0.948252 0.372334 0.31615 -0.38482 0.867158 0.400559 -0.930007 -0.306306 0.203134 -0.503834 0.187446 -0.870684 -0.454724 0.485669 
1535134232436 0.241268 0.929876 -0.277705 -0.634905 -0.94382 0.29142 0.155814 -0.243538 0.225816 0.224511 0.947946 0.372397 0.31615 -0.38482 0.867158 0.400559 -0.930007 -0.306306 0.203134 -0.503834 0.187446 -0.870684 -0.454724 0.485669 
1535134232569 0.240646 0.929818 -0.278438 -0.63495 -0.943828 0.291097 0.15637 -0.243658 0.226448 0.225168 0.94764 0.372459 0.31615 -0.38482 0.867158 0.400559 -0.930007 -0.306306 0.203134 -0.503834 0.187446 -0.870684 -0.454724 0.485669 
1535134232585 0.240023 0.929759 -0.279172 -0.634995 -0.943835 0.290776 0.156925 -0.243778 0.227079 0.225827 0.947332 0.372521 0.31615 -0.38482 0.867158 0.400559 -0.930007 -0.306306 0.203134 -0.503834 0.187446 -0.870684 -0.454724 0.485669 
1535134232602 0.2394 0.9297 -0.279904 -0.63504 -0.943841 0.290454 0.157481 -0.243898 0.227709 0.226484 0.947023 0.372583 0.31615 -0.38482 0.867158 0.400559 -0.930007 -0.306306 0.203134 -0.503834 0.187446 -0.870684 -0.454724 0.485669 
1535134232619 0.238776 0.929639 -0.280636 -0.635085 -0.943847 0.290133 0.158037 -0.244018 0.228339 0.227142 0.946714 0.372645 0.31615 -0.38482 0.867158 0.400559 -0.930007 -0.306306 0.203134 -0.503834 0.187446 -0.870684 -0.454724 0.485669 
1535134232635 0.238151 0.929578 -0.281368 -0.635131 -0.943852 0.289812 0.158593 -0.244138 0.228968 0.227801 0.946404 0.372708 0.31615 -0.38482 0.867158 0.400559 -0.930007 -0.306306 0.203134 -0.503834 0.187446 -0.870684 -0.454724 0.485669 
1535134232652 0.237529 0.929515 -0.282102 -0.63516 -0.943857 0.289494 0.159147 -0.244248 0.229596 0.228462 0.946092 0.372773 0.315796 -0.384554 0.867405 0.399461 -0.930022 -0.306557 0.202685 -0.501619 0.187966 -0.870713 -0.454453 0.484523 
1535134232686 0.243521 0.930176 -0.274719 -0.634872 -0.943997 0.29233 0.153015 -0.242979 0.222639 0.222072 0.949271 0.372136 0.315796 -0.384554 0.867405 0.399461 -0.930022 -0.306557 0.202685 -0.501619 0.187966 -0.870713 -0.454453 0.484523 
1535134232699 0.242829 0.93033 -0.274808 -0.634952 -0.944171 0.291686 0.153169 -0.243119 0.222655 0.222272 0.949221 0.372213 0.316219 -0.384862 0.867114 0.400793 -0.930002 -0.306263 0.203221 -0.504299 0.187353 -0.87068 -0.454769 0.485865 
1535134232715 0.242138 0.930484 -0.274898 -0.635032 -0.944345 0.291042 0.153323 -0.24326 0.222671 0.222473 0.94917 0.372289 0.316219 -0.384862 0.867114 0.400793 -0.930002 -0.306263 0.203221 -0.504299 0.187353 -0.87068 -0.454769 0.485865 
1535134232733 0.241446 0.930638 -0.274985 -0.635113 -0.944518 0.290397 0.153477 -0.2434 0.222686 0.222672 0.94912 0.372366 0.316219 -0.384862 0.867114 0.400793 -0.930002 -0.306263 0.203221 -0.504299 0.187353 -0.87068 -0.454769 0.485865 
1535134232739 0.240755 0.930791 -0.275074 -0.635193 -0.944691 0.289752 0.153631 -0.243541 0.222701 0.222873 0.949069 0.372443 0.316219 -0.384862 0.867114 0.400793 -0.930002 -0.306263 0.203221 -0.504299 0.187353 -0.87068 -0.454769 0.485865 
1535134232752 0.240063 0.930943 -0.275163 -0.635273 -0.944864 0.289107 0.153785 -0.243681 0.222716 0.223073 0.949018 0.37252 0.316219 -0.384862 0.867114 0.400793 -0.930002 -0.306263 0.203221 -0.504299 0.187353 -0.87068 -0.454769 0.485865 
1535134232769 0.239371 0.931096 -0.27525 -0.635353 -0.945036 0.288462 0.153939 -0.243821 0.222731 0.223273 0.948968 0.372596 0.316219 -0.384862 0.867114 0.400793 -0.930002 -0.306263 0.203221 -0.504299 0.187353 -0.87068 -0.454769 0.485865 
1535134232785 0.238678 0.931247 -0.275338 -0.635433 -0.945207 0.287817 0.154094 -0.243962 0.222746 0.223473 0.948917 0.372673 0.316219 -0.384862 0.867114 0.400793 -0.930002 -0.306263 0.203221 -0.504299 0.187353 -0.87068 -0.454769 0.485865 
1535134232802 0.237986 0.931398 -0.275426 -0.635513 -0.945378 0.287171 0.154248 -0.244102 0.222761 0.223673 0.948867 0.37275 0.316219 -0.384862 0.867114 0.400793 -0.930002 -0.306263 0.203221 -0.504299 0.187353 -0.87068 -0.454769 0.485865 
1535134232819 0.237294 0.931549 -0.275514 -0.635594 -0.945549 0.286526 0.154402 -0.244243 0.222775 0.223873 0.948816 0.372826 0.316219 -0.384862 0.867114 0.400793 -0.930002 -0.306263 0.203221 -0.504299 0.187353 -0.87068 -0.454769 0.485865 
1535134232853 0.243613 0.930137 -0.274769 -0.634881 -0.943964 0.292436 0.153015 -0.243029 0.222677 0.222095 0.949257 0.372134 0.316219 -0.384862 0.867114 0.400793 -0.930002 -0.306263 0.203221 -0.504299 0.187353 -0.87068 -0.454769 0.485865 
1535134232865 0.24277 0.930364 -0.274747 -0.634964 -0.944149 0.291656 0.153361 -0.243243 0.222814 0.222171 0.949207 0.372183 0.31622 -0.384862 0.867114 0.400795 -0.930002 -0.306262 0.203222 -0.504304 0.187352 -0.87068 -0.454769 0.485867 
1535134232882 0.241926 0.930591 -0.274723 -0.635054 -0.944333 0.290875 0.153708 -0.24346 0.22295 0.222244 0.949158 0.37223 0.31622 -0.384862 0.867114 0.400795 -0.930002 -0.306263 0.203222 -0.504304 0.187352 -0.87068 -0.454769 0.485867 
1535134232899 0.241082 0.930817 -0.274699 -0.635142 -0.944517 0.290094 0.154055 -0.243677 0.223086 0.222318 0.949109 0.372278 0.31622 -0.384862 0.867114 0.400795 -0.930002 -0.306263 0.203222 -0.504304 0.187352 -0.87068 -0.454769 0.485867 
1535134232915 0.240237 0.931042 -0.274675 -0.635231 -0.9447 0.289313 0.154402 -0.243893 0.223222 0.222392 0.949059 0.372325 0.31622 -0.384862 0.867114 0.400795 -0.930002 -0.306263 0.203222 -0.504304 0.187352 -0.87068 -0.454769 0.485867 
1535134232932 0.239393 0.931267 -0.27465 -0.63532 -0.944882 0.288531 0.154749 -0.24411 0.223358 0.222466 0.94901 0.372373 0.31622 -0.384862 0.867114 0.400795 -0.930002 -0.306263 0.203222 -0.504304 0.187352 -0.87068 -0.454769 0.485867 
1535134232949 0.238548 0.931491 -0.274625 -0.635407 -0.945064 0.28775 0.155096 -0.244327 0.223494 0.222541 0.948961 0.372421 0.31622 -0.384862 0.867114 0.400795 -0.930002 -0.306263 0.203222 -0.504304 0.187352 -0.87068 -0.454769 0.485867 
1535134232966 0.237703 0.931715 -0.2746 -0.635497 -0.945244 0.286968 0.155443 -0.244544 0.22363 0.222615 0.948911 0.372468 0.31622 -0.384862 0.867114 0.400795 -0.930002 -0.306263 0.203222 -0.504304 0.187352 -0.87068 -0.454769 0.485867 
1535134232982 0.236858 0.931937 -0.274574 -0.635585 -0.945424 0.286186 0.15579 -0.24476 0.223766 0.222689 0.948862 0.372516 0.31622 -0.384862 0.867114 0.400795 -0.930002 -0.306263 0.203222 -0.504304 0.187352 -0.87068 -0.454769 0.485867 
1535134232999 0.236012 0.93216 -0.274548 -0.635675 -0.945604 0.285403 0.156137 -0.244977 0.223901 0.222764 0.948812 0.372563 0.31622 -0.384862 0.867114 0.400795 -0.930002 -0.306263 0.203222 -0.504304 0.187352 -0.87068 -0.454769 0.485867 
1535134233030 0.243612 0.930138 -0.274767 -0.63488 -0.943964 0.292435 0.153015 -0.243028 0.222677 0.222094 0.949257 0.372135 0.31622 -0.384862 0.867114 0.400795 -0.930002 -0.306263 0.203222 -0.504304 0.187352 -0.87068 -0.454769 0.485867 
1535134233043 0.243232 0.930231 -0.274787 -0.63492 -0.944056 0.29208 0.153127 -0.243182 0.222704 0.222168 0.949234 0.372181 0.31622 -0.384862 0.867114 0.400795 -0.930002 -0.306263 0.203222 -0.504304 0.187352 -0.87068 -0.454769 0.485867 
1535134233059 0.242853 0.930325 -0.274805 -0.634967 -0.944147 0.291726 0.15324 -0.243339 0.222731 0.222241 0.94921 0.372225 0.31622 -0.384862 0.867114 0.400795 -0.930002 -0.306263 0.203222 -0.504304 0.187352 -0.87068 -0.454769 0.485867 
1535134233066 0.242473 0.930419 -0.274823 -0.635012 -0.944238 0.291372 0.153352 -0.243496 0.222758 0.222315 0.949187 0.37227 0.31622 -0.384862 0.867114 0.400795 -0.930002 -0.306263 0.203222 -0.504304 0.187352 -0.87068 -0.454769 0.485867 
1535134233079 0.242094 0.930512 -0.274841 -0.635058 -0.944329 0.291017 0.153465 -0.243652 0.222784 0.222388 0.949163 0.372315 0.31622 -0.384862 0.867114 0.400795 -0.930002 -0.306263 0.203222 -0.504304 0.187352 -0.87068 -0.454769 0.485867 
1535134233096 0.241715 0.930605 -0.27486 -0.635104 -0.94442 0.290663 0.153577 -0.243809 0.222811 0.222461 0.94914 0.37236 0.31622 -0.384862 0.867114 0.400795 -0.930002 -0.306263 0.203222 -0.504304 0.187352 -0.87068 -0.454769 0.485867 
1535134233113 0.241335 0.930698 -0.274878 -0.635148 -0.944511 0.290308 0.15369 -0.243965 0.222838 0.222534 0.949116 0.372405 0.31622 -0.384862 0.867114 0.400795 -0.930002 -0.306263 0.203222 -0.504304 0.187352 -0.87068 -0.454769 0.485867 
1535134233129 0.240956 0.930791 -0.274896 -0.635195 -0.944601 0.289954 0.153802 -0.244122 0.222865 0.222608 0.949093 0.37245 0.31622 -0.384862 0.867114 0.400795 -0.930002 -0.306263 0.203222 -0.504304 0.187352 -0.87068 -0.454769 0.485867 
1535134233146 0.240576 0.930884 -0.274914 -0.635239 -0.944692 0.289599 0.153915 -0.244278 0.222892 0.222681 0.949069 0.372494 0.31622 -0.384862 0.867114 0.400795 -0.930002 -0.306263 0.203222 -0.504304 0.187352 -0.87068 -0.454769 0.485867 
1535134233163 0.240196 0.930977 -0.274932 -0.635286 -0.944782 0.289245 0.154027 -0.244435 0.222918 0.222754 0.949046 0.372539 0.31622 -0.384862 0.867114 0.400795 -0.930002 -0.306263 0.203222 -0.504304 0.187352 -0.87068 -0.454769 0.485867 
1535134233194 0.243614 0.930137 -0.274767 -0.63488 -0.943964 0.292436 0.153013 -0.243029 0.222675 0.222094 0.949258 0.372135 0.31622 -0.384862 0.867114 0.400795 -0.930002 -0.306263 0.203222 -0.504304 0.187352 -0.87068 -0.454769 0.485867 
1535134233206 0.243518 0.930167 -0.27475 -0.634758 -0.944009 0.292321 0.152954 -0.243116 0.222588 0.222119 0.949272 0.372249 0.31622 -0.384862 0.867114 0.400795 -0.930002 -0.306263 0.203222 -0.504304 0.187352 -0.87068 -0.454769 0.485867 
1535134233222 0.243423 0.930197 -0.274733 -0.634631 -0.944055 0.292206 0.152894 -0.2432 0.222501 0.222145 0.949287 0.372365 0.31622 -0.384862 0.867114 0.400795 -0.930002 -0.306263 0.203222 -0.504304 0.187352 -0.87068 -0.454769 0.485867 
1535134233229 0.243327 0.930227 -0.274717 -0.634503 -0.9441 0.292092 0.152835 -0.243284 0.222414 0.222172 0.949301 0.37248 0.31622 -0.384862 0.867114 0.400795 -0.930002 -0.306263 0.203222 -0.504304 0.187352 -0.87068 -0.454769 0.485867 
1535134233243 0.243232 0.930257 -0.274701 -0.634376 -0.944145 0.291977 0.152775 -0.243368 0.222327 0.222198 0.949315 0.372596 0.31622 -0.384862 0.867114 0.400795 -0.930002 -0.306263 0.203222 -0.504304 0.187352 -0.87068 -0.454769 0.485867 
1535134233250 0.243136 0.930287 -0.274685 -0.63425 -0.94419 0.291862 0.152716 -0.243453 0.22224 0.222224 0.949329 0.372711 0.31622 -0.384862 0.867114 0.400795 -0.930002 -0.306263 0.203222 -0.504304 0.187352 -0.87068 -0.454769 0.485867 
1535134233263 0.24304 0.930316 -0.274669 -0.634122 -0.944235 0.291747 0.152657 -0.243537 0.222153 0.22225 0.949343 0.372826 0.31622 -0.384862 0.867114 0.400795 -0.930002 -0.306263 0.203222 -0.504304 0.187352 -0.87068 -0.454769 0.485867 
1535134233279 0.242945 0.930346 -0.274652 -0.633996 -0.94428 0.291632 0.152597 -0.243622 0.222066 0.222276 0.949358 0.372942 0.31622 -0.384862 0.867114 0.400795 -0.930002 -0.306263 0.203222 -0.504304 0.187352 -0.87068 -0.454769 0.485867 
1535134233296 0.242849 0.930376 -0.274636 -0.633868 -0.944325 0.291518 0.152538 -0.243706 0.221979 0.222302 0.949372 0.373057 0.31622 -0.384862 0.867114 0.400795 -0.930002 -0.306263 0.203222 -0.504304 0.187352 -0.87068 -0.454769 0.485867 
1535134233313 0.242754 0.930406 -0.27462 -0.633742 -0.94437 0.291403 0.152478 -0.24379 0.221892 0.222328 0.949386 0.373173 0.31622 -0.384862 0.867114 0.400795 -0.930002 -0.306263 0.203222 -0.504304 0.187352 -0.87068 -0.454769 0.485867 
1535134233348 0.243613 0.930138 -0.274767 -0.63488 -0.943964 0.292435 0.153013 -0.243029 0.222674 0.222094 0.949258 0.372135 0.31622 -0.384862 0.867114 0.400795 -0.930002 -0.306263 0.203222 -0.504304 0.187352 -0.87068 -0.454769 0.485867 
1535134233359 0.243435 0.930183 -0.274771 -0.634519 -0.944047 0.292229 0.1529 -0.243044 0.222521 0.222175 0.949275 0.372332 0.31622 -0.384862 0.867114 0.400795 -0.930002 -0.306263 0.203222 -0.504304 0.187352 -0.87068 -0.454769 0.485867 
1535134233376 0.243256 0.930229 -0.274776 -0.63415 -0.944129 0.292022 0.152787 -0.243055 0.222367 0.222257 0.949292 0.37253 0.31622 -0.384862 0.867114 0.400795 -0.930002 -0.306263 0.203222 -0.504304 0.187352 -0.87068 -0.454769 0.485867 
1535134233393 0.243077 0.930274 -0.27478 -0.633784 -0.944211 0.291814 0.152674 -0.243067 0.222213 0.222339 0.949308 0.372728 0.31622 -0.384862 0.867114 0.400795 -0.930002 -0.306263 0.203222 -0.504304 0.187352 -0.87068 -0.454769 0.485867 
1535134233409 0.242897 0.930319 -0.274785 -0.633416 -0.944294 0.291607 0.152561 -0.243079 0.22206 0.222421 0.949325 0.372926 0.31622 -0.384862 0.867114 0.400795 -0.930002 -0.306263 0.203222 -0.504304 0.187352 -0.87068 -0.454769 0.485867 
1535134233426 0.242718 0.930365 -0.27479 -0.633049 -0.944376 0.2914 0.152448 -0.243091 0.221906 0.222503 0.949342 0.373125 0.31622 -0.384862 0.867114 0.400795 -0.930002 -0.306263 0.203222 -0.504304 0.187352 -0.87068 -0.454769 0.485867 
1535134233443 0.242539 0.93041 -0.274795 -0.632682 -0.944458 0.291193 0.152335 -0.243104 0.221752 0.222585 0.949359 0.373323 0.31622 -0.384862 0.867114 0.400795 -0.930002 -0.306263 0.203222 -0.504304 0.187352 -0.87068 -0.454769 0.485867 
1535134233460 0.24236 0.930455 -0.2748 -0.632314 -0.94454 0.290986 0.152222 -0.243115 0.221599 0.222667 0.949375 0.373521 0.31622 -0.384862 0.867114 0.400795 -0.930002 -0.306263 0.203222 -0.504304 0.187352 -0.87068 -0.454769 0.485867 
1535134233476 0.242181 0.9305 -0.274805 -0.631948 -0.944622 0.290779 0.152109 -0.243128 0.221445 0.222749 0.949392 0.373719 0.31622 -0.384862 0.867114 0.400795 -0.930002 -0.306263 0.203222 -0.504304 0.187352 -0.87068 -0.454769 0.485867 
1535134233493 0.242002 0.930545 -0.27481 -0.63158 -0.944704 0.290572 0.151996 -0.243139 0.221291 0.222831 0.949409 0.373917 0.31622 -0.384862 0.867114 0.400795 -0.930002 -0.306263 0.203222 -0.504304 0.187352 -0.87068 -0.454769 0.485867 
1535134233529 0.243613 0.930138 -0.274767 -0.63488 -0.943964 0.292435 0.153013 -0.243029 0.222675 0.222094 0.949258 0.372135 0.31622 -0.384862 0.867114 0.400795 -0.930002 -0.306263 0.203222 -0.504304 0.187352 -0.87068 -0.454769 0.485867 
1535134233539 0.243491 0.930177 -0.27474 -0.634217 -0.943933 0.292377 0.153319 -0.242929 0.222942 0.222004 0.949216 0.372399 0.31622 -0.384862 0.867114 0.400795 -0.930002 -0.306263 0.203222 -0.504304 0.187352 -0.87068 -0.454769 0.485867 
1535134233556 0.243371 0.930217 -0.274714 -0.63355 -0.943901 0.29232 0.153625 -0.242827 0.223209 0.221915 0.949174 0.372663 0.31622 -0.384862 0.867114 0.400795 -0.930002 -0.306263 0.203222 -0.504304 0.187352 -0.87068 -0.454769 0.485867 
1535134233573 0.24325 0.930256 -0.274689 -0.632883 -0.943868 0.292263 0.153932 -0.242725 0.223477 0.221826 0.949132 0.372928 0.31622 -0.384862 0.867114 0.400795 -0.930002 -0.306263 0.203222 -0.504304 0.187352 -0.87068 -0.454769 0.485867 
1535134233590 0.243129 0.930295 -0.274663 -0.632215 -0.943836 0.292205 0.154238 -0.242623 0.223745 0.221737 0.94909 0.373192 0.31622 -0.384862 0.867114 0.400795 -0.930002 -0.306263 0.203222 -0.504304 0.187352 -0.87068 -0.454769 0.485867 
1535134233606 0.243008 0.930334 -0.274637 -0.631548 -0.943804 0.292148 0.154544 -0.242521 0.224012 0.221648 0.949047 0.373457 0.31622 -0.384862 0.867114 0.400795 -0.930002 -0.306263 0.203222 -0.504304 0.187352 -0.87068 -0.454769 0.485867 
1535134233624 0.242887 0.930373 -0.274611 -0.630881 -0.943771 0.292091 0.15485 -0.24242 0.22428 0.221559 0.949005 0.373722 0.31622 -0.384862 0.867114 0.400795 -0.930002 -0.306263 0.203222 -0.504304 0.187352 -0.87068 -0.454769 0.485867 
1535134233639 0.242767 0.930412 -0.274585 -0.630213 -0.943739 0.292034 0.155156 -0.242317 0.224547 0.22147 0.948962 0.373986 0.31622 -0.384862 0.867114 0.400795 -0.930002 -0.306263 0.203222 -0.504304 0.187352 -0.87068 -0.454769 0.485867 
1535134233656 0.242646 0.930452 -0.274559 -0.629546 -0.943706 0.291976 0.155462 -0.242215 0.224815 0.221381 0.94892 0.374251 0.31622 -0.384862 0.867114 0.400795 -0.930002 -0.306263 0.203222 -0.504304 0.187352 -0.87068 -0.454769 0.485867 
1535134233663 0.242525 0.930491 -0.274533 -0.628879 -0.943673 0.291919 0.155768 -0.242114 0.225082 0.221292 0.948877 0.374515 0.31622 -0.384862 0.867114 0.400795 -0.930002 -0.306263 0.203222 -0.504304 0.187352 -0.87068 -0.454769 0.485867 
1535134233697 0.243613 0.930138 -0.274767 -0.63488 -0.943964 0.292435 0.153013 -0.243029 0.222674 0.222094 0.949258 0.372135 0.31622 -0.384862 0.867114 0.400795 -0.930002 -0.306263 0.203222 -0.504304 0.187352 -0.87068 -0.454769 0.485867 
1535134233710 0.24351 0.930176 -0.274728 -0.634023 -0.943916 0.292404 0.153368 -0.242855 0.222991 0.221974 0.949212 0.372448 0.31622 -0.384862 0.867114 0.400795 -0.930002 -0.306263 0.203222 -0.504304 0.187352 -0.87068 -0.454769 0.485867 
1535134233726 0.243408 0.930214 -0.274691 -0.633159 -0.943868 0.292375 0.153722 -0.242679 0.223307 0.221855 0.949165 0.372762 0.31622 -0.384862 0.867114 0.400795 -0.930002 -0.306263 0.203222 -0.504304 0.187352 -0.87068 -0.454769 0.485867 
1535134233746 0.243306 0.930251 -0.274653 -0.632296 -0.943819 0.292345 0.154076 -0.242502 0.223623 0.221735 0.949119 0.373076 0.31622 -0.384862 0.867114 0.400795 -0.930002 -0.306263 0.203222 -0.504304 0.187352 -0.87068 -0.454769 0.485867 
1535134233760 0.243204 0.930289 -0.274616 -0.631433 -0.94377 0.292316 0.154431 -0.242326 0.22394 0.221616 0.949072 0.37339 0.31622 -0.384862 0.867114 0.400795 -0.930002 -0.306263 0.203222 -0.504304 0.187352 -0.87068 -0.454769 0.485867 
1535134233776 0.243102 0.930327 -0.274578 -0.630571 -0.943722 0.292286 0.154785 -0.24215 0.224256 0.221496 0.949025 0.373703 0.31622 -0.384862 0.867114 0.400795 -0.930002 -0.306263 0.203222 -0.504304 0.187352 -0.87068 -0.454769 0.485867 
1535134233795 0.243 0.930365 -0.27454 -0.629708 -0.943673 0.292256 0.15514 -0.241974 0.224572 0.221377 0.948978 0.374017 0.31622 -0.384862 0.867114 0.400795 -0.930002 -0.306263 0.203222 -0.504304 0.187352 -0.87068 -0.454769 0.485867 
1535134233810 0.242898 0.930403 -0.274503 -0.628845 -0.943624 0.292226 0.155494 -0.241798 0.224889 0.221258 0.948931 0.374331 0.31622 -0.384862 0.867114 0.400795 -0.930002 -0.306263 0.203222 -0.504304 0.187352 -0.87068 -0.454769 0.485867 
1535134233826 0.242796 0.93044 -0.274465 -0.627981 -0.943574 0.292196 0.155848 -0.241621 0.225205 0.221139 0.948884 0.374645 0.31622 -0.384862 0.867114 0.400795 -0.930002 -0.306263 0.203222 -0.504304 0.187352 -0.87068 -0.454769 0.485867 
1535134233843 0.242694 0.930478 -0.274427 -0.627119 -0.943525 0.292166 0.156203 -0.241445 0.225521 0.221019 0.948836 0.374959 0.31622 -0.384862 0.867114 0.400795 -0.930002 -0.306263 0.203222 -0.504304 0.187352 -0.87068 -0.454769 0.485867 
1535134233881 0.243613 0.930138 -0.274766 -0.63488 -0.943965 0.292435 0.153013 -0.243029 0.222674 0.222094 0.949258 0.372135 0.31622 -0.384862 0.867114 0.400795 -0.930002 -0.306263 0.203222 -0.504304 0.187352 -0.87068 -0.454769 0.485867 
1535134233893 0.243499 0.93018 -0.274723 -0.633872 -0.94387 0.292442 0.153582 -0.242806 0.2232 0.221906 0.949178 0.372486 0.31622 -0.384862 0.867114 0.400795 -0.930002 -0.306263 0.203222 -0.504304 0.187352 -0.87068 -0.454769 0.485867 
1535134233910 0.243385 0.930223 -0.274681 -0.632859 -0.943775 0.292449 0.154151 -0.242581 0.223725 0.221719 0.949098 0.372837 0.31622 -0.384862 0.867114 0.400795 -0.930002 -0.306263 0.203222 -0.504304 0.187352 -0.87068 -0.454769 0.485867 
1535134233926 0.243271 0.930265 -0.274638 -0.631846 -0.943679 0.292457 0.154721 -0.242357 0.224251 0.221531 0.949018 0.373188 0.31622 -0.384862 0.867114 0.400795 -0.930002 -0.306263 0.203222 -0.504304 0.187352 -0.87068 -0.454769 0.485867 
1535134233943 0.243158 0.930307 -0.274596 -0.630832 -0.943584 0.292464 0.15529 -0.242132 0.224776 0.221344 0.948938 0.37354 0.31622 -0.384862 0.867114 0.400795 -0.930002 -0.306263 0.203222 -0.504304 0.187352 -0.87068 -0.454769 0.485867 
1535134233960 0.243044 0.93035 -0.274553 -0.629818 -0.943488 0.292471 0.155858 -0.241906 0.225302 0.221157 0.948857 0.373892 0.31622 -0.384862 0.867114 0.400795 -0.930002 -0.306263 0.203222 -0.504304 0.187352 -0.87068 -0.454769 0.485867 
1535134233976 0.24293 0.930392 -0.27451 -0.628805 -0.943391 0.292478 0.156427 -0.241682 0.225827 0.22097 0.948775 0.374243 0.31622 -0.384862 0.867114 0.400795 -0.930002 -0.306263 0.203222 -0.504304 0.187352 -0.87068 -0.454769 0.485867 
1535134233993 0.242817 0.930434 -0.274468 -0.627791 -0.943295 0.292485 0.156996 -0.241456 0.226352 0.220783 0.948694 0.374595 0.31622 -0.384862 0.867114 0.400795 -0.930002 -0.306263 0.203222 -0.504304 0.187352 -0.87068 -0.454769 0.485867 
1535134234010 0.242703 0.930476 -0.274425 -0.626778 -0.943198 0.292492 0.157565 -0.241232 0.226878 0.220595 0.948612 0.374946 0.31622 -0.384862 0.867114 0.400795 -0.930002 -0.306263 0.203222 -0.504304 0.187352 -0.87068 -0.454769 0.485867 
1535134234026 0.24259 0.930519 -0.274382 -0.625764 -0.9431 0.292499 0.158134 -0.241006 0.227403 0.220408 0.94853 0.375298 0.31622 -0.384862 0.867114 0.400795 -0.930002 -0.306263 0.203222 -0.504304 0.187352 -0.87068 -0.454769 0.485867 
1535134234064 0.243613 0.930138 -0.274766 -0.634879 -0.943964 0.292435 0.153013 -0.243029 0.222674 0.222093 0.949258 0.372136 0.31622 -0.384862 0.867114 0.400795 -0.930002 -0.306263 0.203222 -0.504304 0.187352 -0.87068 -0.454769 0.485867 
1535134234076 0.243517 0.930157 -0.274786 -0.633745 -0.943817 0.292517 0.153763 -0.242765 0.223403 0.221903 0.949131 0.372524 0.31622 -0.384862 0.867114 0.400795 -0.930002 -0.306263 0.203222 -0.504304 0.187352 -0.87068 -0.454769 0.485867 
1535134234095 0.243421 0.930176 -0.274806 -0.632604 -0.943669 0.292601 0.154513 -0.242498 0.224133 0.221714 0.949003 0.372914 0.31622 -0.384862 0.867114 0.400795 -0.930002 -0.306263 0.203222 -0.504304 0.187352 -0.87068 -0.454769 0.485867 
1535134234110 0.243326 0.930195 -0.274826 -0.631465 -0.94352 0.292684 0.155263 -0.242232 0.224862 0.221524 0.948875 0.373303 0.31622 -0.384862 0.867114 0.400795 -0.930002 -0.306263 0.203222 -0.504304 0.187352 -0.87068 -0.454769 0.485867 
1535134234126 0.243231 0.930214 -0.274846 -0.630325 -0.94337 0.292767 0.156012 -0.241965 0.225591 0.221334 0.948747 0.373692 0.31622 -0.384862 0.867114 0.400795 -0.930002 -0.306263 0.203222 -0.504304 0.187352 -0.87068 -0.454769 0.485867 
1535134234143 0.243135 0.930233 -0.274865 -0.629186 -0.94322 0.29285 0.156762 -0.241699 0.226319 0.221144 0.948617 0.374081 0.31622 -0.384862 0.867114 0.400795 -0.930002 -0.306263 0.203222 -0.504304 0.187352 -0.87068 -0.454769 0.485867 
1535134234160 0.24304 0.930253 -0.274885 -0.628045 -0.94307 0.292932 0.157511 -0.241432 0.227048 0.220955 0.948487 0.374471 0.31622 -0.384862 0.867114 0.400795 -0.930002 -0.306263 0.203222 -0.504304 0.187352 -0.87068 -0.454769 0.485867 
1535134234176 0.242944 0.930272 -0.274905 -0.626906 -0.942919 0.293015 0.158261 -0.241166 0.227777 0.220765 0.948357 0.37486 0.31622 -0.384862 0.867114 0.400795 -0.930002 -0.306263 0.203222 -0.504304 0.187352 -0.87068 -0.454769 0.485867 
1535134234194 0.242849 0.930291 -0.274925 -0.625766 -0.942767 0.293097 0.15901 -0.240899 0.228505 0.220575 0.948226 0.37525 0.31622 -0.384862 0.867114 0.400795 -0.930002 -0.306263 0.203222 -0.504304 0.187352 -0.87068 -0.454769 0.485867 
1535134234210 0.242753 0.93031 -0.274944 -0.624626 -0.942615 0.293179 0.159759 -0.240633 0.229234 0.220385 0.948094 0.375639 0.31622 -0.384862 0.867114 0.400795 -0.930002 -0.306263 0.203222 -0.504304 0.187352 -0.87068 -0.454769 0.485867 
1535134234252 0.243613 0.930138 -0.274765 -0.634879 -0.943965 0.292435 0.153013 -0.243028 0.222674 0.222093 0.949258 0.372136 0.31622 -0.384862 0.867114 0.400795 -0.930002 -0.306263 0.203222 -0.504304 0.187352 -0.87068 -0.454769 0.485867 
1535134234263 0.243517 0.930163 -0.274764 -0.633642 -0.943813 0.292518 0.153785 -0.242724 0.223419 0.221877 0.949134 0.37255 0.31622 -0.384862 0.867114 0.400795 -0.930002 -0.306263 0.203222 -0.504304 0.187352 -0.87068 -0.454769 0.485867 
1535134234280 0.243421 0.930188 -0.274766 -0.632401 -0.943661 0.292601 0.154557 -0.242418 0.224164 0.221663 0.949008 0.372966 0.31622 -0.384862 0.867114 0.400795 -0.930002 -0.306263 0.203222 -0.504304 0.187352 -0.87068 -0.454769 0.485867 
1535134234296 0.243326 0.930213 -0.274767 -0.631159 -0.943509 0.292685 0.155329 -0.242112 0.224909 0.221449 0.948882 0.373381 0.31622 -0.384862 0.867114 0.400795 -0.930002 -0.306263 0.203222 -0.504304 0.187352 -0.87068 -0.454769 0.485867 
1535134234313 0.24323 0.930237 -0.274768 -0.629918 -0.943355 0.292768 0.1561 -0.241806 0.225654 0.221235 0.948755 0.373796 0.31622 -0.384862 0.867114 0.400795 -0.930002 -0.306263 0.203222 -0.504304 0.187352 -0.87068 -0.454769 0.485867 
1535134234332 0.243135 0.930262 -0.274769 -0.628675 -0.943202 0.292852 0.156872 -0.2415 0.226398 0.221022 0.948627 0.374212 0.31622 -0.384862 0.867114 0.400795 -0.930002 -0.306263 0.203222 -0.504304 0.187352 -0.87068 -0.454769 0.485867 
1535134234336 0.243039 0.930287 -0.27477 -0.627434 -0.943047 0.292934 0.157643 -0.241194 0.227143 0.220807 0.948499 0.374627 0.31622 -0.384862 0.867114 0.400795 -0.930002 -0.306263 0.203222 -0.504304 0.187352 -0.87068 -0.454769 0.485867 
1535134234343 0.242944 0.930312 -0.274771 -0.626193 -0.942892 0.293017 0.158415 -0.240889 0.227888 0.220593 0.94837 0.375042 0.31622 -0.384862 0.867114 0.400795 -0.930002 -0.306263 0.203222 -0.504304 0.187352 -0.87068 -0.454769 0.485867 
1535134234350 0.242848 0.930336 -0.274772 -0.624951 -0.942737 0.2931 0.159186 -0.240582 0.228632 0.220379 0.948241 0.375457 0.31622 -0.384862 0.867114 0.400795 -0.930002 -0.306263 0.203222 -0.504304 0.187352 -0.87068 -0.454769 0.485867 
1535134234366 0.242753 0.930361 -0.274772 -0.62371 -0.94258 0.293182 0.159957 -0.240276 0.229376 0.220165 0.948111 0.375873 0.31622 -0.384862 0.867114 0.400795 -0.930002 -0.306263 0.203222 -0.504304 0.187352 -0.87068 -0.454769 0.485867 
1535134234405 0.243613 0.930138 -0.274766 -0.634879 -0.943965 0.292435 0.153013 -0.243029 0.222674 0.222093 0.949258 0.372136 0.31622 -0.384862 0.867114 0.400795 -0.930002 -0.306263 0.203222 -0.504304 0.187352 -0.87068 -0.454769 0.485867 
1535134234416 0.243495 0.930151 -0.274824 -0.633552 -0.943807 0.292519 0.153821 -0.242695 0.223468 0.221926 0.94911 0.372581 0.31622 -0.384862 0.867114 0.400795 -0.930002 -0.306263 0.203222 -0.504304 0.187352 -0.87068 -0.454769 0.485867 
1535134234434 0.243378 0.930165 -0.274883 -0.63222 -0.943649 0.292603 0.154629 -0.242358 0.224262 0.221759 0.948962 0.373027 0.31622 -0.384862 0.867114 0.400795 -0.930002 -0.306263 0.203222 -0.504304 0.187352 -0.87068 -0.454769 0.485867 
1535134234450 0.243262 0.930178 -0.274941 -0.630888 -0.94349 0.292687 0.155437 -0.242021 0.225056 0.221592 0.948813 0.373473 0.31622 -0.384862 0.867114 0.400795 -0.930002 -0.306263 0.203222 -0.504304 0.187352 -0.87068 -0.454769 0.485867 
1535134234466 0.243145 0.930192 -0.274999 -0.629555 -0.943331 0.292771 0.156245 -0.241684 0.22585 0.221425 0.948664 0.373919 0.31622 -0.384862 0.867114 0.400795 -0.930002 -0.306263 0.203222 -0.504304 0.187352 -0.87068 -0.454769 0.485867 
1535134234484 0.243028 0.930205 -0.275057 -0.628223 -0.94317 0.292855 0.157053 -0.241347 0.226643 0.221258 0.948514 0.374365 0.31622 -0.384862 0.867114 0.400795 -0.930002 -0.306263 0.203222 -0.504304 0.187352 -0.87068 -0.454769 0.485867 
1535134234500 0.24291 0.930218 -0.275115 -0.626891 -0.94301 0.292938 0.15786 -0.241011 0.227436 0.22109 0.948363 0.374811 0.31622 -0.384862 0.867114 0.400795 -0.930002 -0.306263 0.203222 -0.504304 0.187352 -0.87068 -0.454769 0.485867 
1535134234516 0.242793 0.930232 -0.275173 -0.625558 -0.942848 0.293022 0.158668 -0.240674 0.22823 0.220923 0.948211 0.375257 0.31622 -0.384862 0.867114 0.400795 -0.930002 -0.306263 0.203222 -0.504304 0.187352 -0.87068 -0.454769 0.485867 
1535134234534 0.242676 0.930245 -0.275231 -0.624226 -0.942686 0.293105 0.159475 -0.240337 0.229023 0.220756 0.948059 0.375703 0.31622 -0.384862 0.867114 0.400795 -0.930002 -0.306263 0.203222 -0.504304 0.187352 -0.87068 -0.454769 0.485867 
1535134234550 0.242559 0.930259 -0.275289 -0.622894 -0.942523 0.293189 0.160282 -0.24 0.229816 0.220588 0.947906 0.376149 0.31622 -0.384862 0.867114 0.400795 -0.930002 -0.306263 0.203222 -0.504304 0.187352 -0.87068 -0.454769 0.485867 
1535134234589 0.243613 0.930138 -0.274765 -0.634879 -0.943965 0.292434 0.153013 -0.243029 0.222674 0.222093 0.949258 0.372136 0.31622 -0.384862 0.867114 0.400795 -0.930002 -0.306263 0.203222 -0.504304 0.187352 -0.87068 -0.454769 0.485867 
1535134234600 0.243609 0.930183 -0.274618 -0.63341 -0.943765 0.292606 0.153912 -0.242638 0.22352 0.22168 0.949156 0.372601 0.31622 -0.384862 0.867114 0.400795 -0.930002 -0.306263 0.203222 -0.504304 0.187352 -0.87068 -0.454769 0.485867 
1535134234616 0.243606 0.930227 -0.274469 -0.631936 -0.943565 0.292777 0.15481 -0.242245 0.224367 0.221267 0.949052 0.373067 0.31622 -0.384862 0.867114 0.400795 -0.930002 -0.306263 0.203222 -0.504304 0.187352 -0.87068 -0.454769 0.485867 
1535134234633 0.243603 0.930272 -0.274322 -0.63046 -0.943365 0.292948 0.155708 -0.241851 0.225213 0.220854 0.948948 0.373533 0.31622 -0.384862 0.867114 0.400795 -0.930002 -0.306263 0.203222 -0.504304 0.187352 -0.87068 -0.454769 0.485867 
1535134234650 0.2436 0.930316 -0.274173 -0.628987 -0.943163 0.293118 0.156606 -0.241458 0.226058 0.220441 0.948843 0.373998 0.31622 -0.384862 0.867114 0.400795 -0.930002 -0.306263 0.203222 -0.504304 0.187352 -0.87068 -0.454769 0.485867 
1535134234666 0.243598 0.93036 -0.274025 -0.627511 -0.942961 0.293288 0.157504 -0.241065 0.226904 0.220027 0.948737 0.374465 0.31622 -0.384862 0.867114 0.400795 -0.930002 -0.306263 0.203222 -0.504304 0.187352 -0.87068 -0.454769 0.485867 
1535134234683 0.243595 0.930405 -0.273877 -0.626038 -0.942757 0.293457 0.158402 -0.240672 0.227749 0.219613 0.948631 0.37493 0.31622 -0.384862 0.867114 0.400795 -0.930002 -0.306263 0.203222 -0.504304 0.187352 -0.87068 -0.454769 0.485867 
1535134234700 0.243593 0.930449 -0.273729 -0.624562 -0.942553 0.293627 0.1593 -0.240278 0.228595 0.2192 0.948523 0.375396 0.31622 -0.384862 0.867114 0.400795 -0.930002 -0.306263 0.203222 -0.504304 0.187352 -0.87068 -0.454769 0.485867 
1535134234716 0.243591 0.930493 -0.273581 -0.623088 -0.942349 0.293795 0.160198 -0.239885 0.22944 0.218786 0.948415 0.375862 0.31622 -0.384862 0.867114 0.400795 -0.930002 -0.306263 0.203222 -0.504304 0.187352 -0.87068 -0.454769 0.485867 
1535134234734 0.243589 0.930537 -0.273432 -0.621614 -0.942143 0.293964 0.161095 -0.239492 0.230284 0.218371 0.948305 0.376328 0.31622 -0.384862 0.867114 0.400795 -0.930002 -0.306263 0.203222 -0.504304 0.187352 -0.87068 -0.454769 0.485867 
1535134234771 0.243613 0.930138 -0.274765 -0.634879 -0.943965 0.292434 0.153013 -0.243029 0.222674 0.222092 0.949258 0.372136 0.31622 -0.384862 0.867114 0.400795 -0.930002 -0.306263 0.203222 -0.504304 0.187352 -0.87068 -0.454769 0.485867 
1535134234783 0.243644 0.930146 -0.274709 -0.633187 -0.943703 0.292707 0.154099 -0.242574 0.223744 0.221699 0.949099 0.372672 0.31622 -0.384862 0.867114 0.400795 -0.930002 -0.306263 0.203222 -0.504304 0.187352 -0.87068 -0.454769 0.485867 
1535134234800 0.243676 0.930154 -0.274655 -0.631491 -0.943441 0.292979 0.155185 -0.242117 0.224814 0.221306 0.948937 0.373209 0.31622 -0.384862 0.867114 0.400795 -0.930002 -0.306263 0.203222 -0.504304 0.187352 -0.87068 -0.454769 0.485867 
1535134234816 0.243707 0.930162 -0.274601 -0.629795 -0.943177 0.293251 0.15627 -0.24166 0.225884 0.220914 0.948775 0.373746 0.31622 -0.384862 0.867114 0.400795 -0.930002 -0.306263 0.203222 -0.504304 0.187352 -0.87068 -0.454769 0.485867 
1535134234834 0.243739 0.930169 -0.274548 -0.628099 -0.942912 0.293523 0.157355 -0.241203 0.226953 0.220521 0.948611 0.374283 0.31622 -0.384862 0.867114 0.400795 -0.930002 -0.306263 0.203222 -0.504304 0.187352 -0.87068 -0.454769 0.485867 
1535134234850 0.243771 0.930177 -0.274494 -0.626403 -0.942646 0.293794 0.15844 -0.240746 0.228022 0.220127 0.948446 0.374819 0.31622 -0.384862 0.867114 0.400795 -0.930002 -0.306263 0.203222 -0.504304 0.187352 -0.87068 -0.454769 0.485867 
1535134234866 0.243803 0.930184 -0.27444 -0.624706 -0.942379 0.294065 0.159525 -0.240289 0.229091 0.219734 0.94828 0.375356 0.31622 -0.384862 0.867114 0.400795 -0.930002 -0.306263 0.203222 -0.504304 0.187352 -0.87068 -0.454769 0.485867 
1535134234887 0.243835 0.930192 -0.274386 -0.62301 -0.94211 0.294335 0.160609 -0.239832 0.230159 0.21934 0.948112 0.375893 0.31622 -0.384862 0.867114 0.400795 -0.930002 -0.306263 0.203222 -0.504304 0.187352 -0.87068 -0.454769 0.485867 
1535134234894 0.243866 0.930199 -0.274333 -0.621314 -0.94184 0.294605 0.161694 -0.239375 0.231227 0.218946 0.947943 0.37643 0.31622 -0.384862 0.867114 0.400795 -0.930002 -0.306263 0.203222 -0.504304 0.187352 -0.87068 -0.454769 0.485867 
1535134234907 0.243899 0.930207 -0.274279 -0.619617 -0.941569 0.294874 0.162778 -0.238917 0.232295 0.218552 0.947773 0.376967 0.31622 -0.384862 0.867114 0.400795 -0.930002 -0.306263 0.203222 -0.504304 0.187352 -0.87068 -0.454769 0.485867 
1535134234945 0.243613 0.930138 -0.274765 -0.634879 -0.943965 0.292434 0.153013 -0.243028 0.222674 0.222092 0.949258 0.372136 0.31622 -0.384862 0.867114 0.400795 -0.930002 -0.306263 0.203222 -0.504304 0.187352 -0.87068 -0.454769 0.485867 
1535134234957 0.243723 0.930127 -0.274705 -0.632995 -0.943645 0.292819 0.154241 -0.242493 0.223903 0.221633 0.949077 0.372713 0.31622 -0.384862 0.867114 0.400795 -0.930002 -0.306263 0.203222 -0.504304 0.187352 -0.87068 -0.454769 0.485867 
1535134234974 0.243833 0.930115 -0.274648 -0.631107 -0.943325 0.293204 0.155468 -0.241955 0.225131 0.221174 0.948893 0.373291 0.31622 -0.384862 0.867114 0.400795 -0.930002 -0.306263 0.203222 -0.504304 0.187352 -0.87068 -0.454769 0.485867 
1535134234990 0.243944 0.930103 -0.274591 -0.629218 -0.943002 0.293587 0.156695 -0.241418 0.226359 0.220715 0.948708 0.373869 0.31622 -0.384862 0.867114 0.400795 -0.930002 -0.306263 0.203222 -0.504304 0.187352 -0.87068 -0.454769 0.485867 
1535134235007 0.244054 0.930091 -0.274534 -0.627329 -0.942678 0.293971 0.157922 -0.24088 0.227586 0.220256 0.948521 0.374447 0.31622 -0.384862 0.867114 0.400795 -0.930002 -0.306263 0.203222 -0.504304 0.187352 -0.87068 -0.454769 0.485867 
1535134235025 0.244165 0.930078 -0.274477 -0.62544 -0.942352 0.294354 0.159148 -0.240343 0.228813 0.219796 0.948332 0.375025 0.31622 -0.384862 0.867114 0.400795 -0.930002 -0.306263 0.203222 -0.504304 0.187352 -0.87068 -0.454769 0.485867 
1535134235040 0.244276 0.930066 -0.27442 -0.623552 -0.942025 0.294736 0.160374 -0.239805 0.23004 0.219335 0.948142 0.375602 0.31622 -0.384862 0.867114 0.400795 -0.930002 -0.306263 0.203222 -0.504304 0.187352 -0.87068 -0.454769 0.485867 
1535134235057 0.244386 0.930054 -0.274363 -0.621664 -0.941696 0.295117 0.1616 -0.239268 0.231266 0.218874 0.94795 0.37618 0.31622 -0.384862 0.867114 0.400795 -0.930002 -0.306263 0.203222 -0.504304 0.187352 -0.87068 -0.454769 0.485867 
1535134235075 0.244497 0.930041 -0.274307 -0.619774 -0.941365 0.295498 0.162826 -0.23873 0.232492 0.218413 0.947757 0.376758 0.31622 -0.384862 0.867114 0.400795 -0.930002 -0.306263 0.203222 -0.504304 0.187352 -0.87068 -0.454769 0.485867 
1535134235090 0.244608 0.930029 -0.274251 -0.617885 -0.941033 0.295878 0.164051 -0.238193 0.233717 0.217951 0.947562 0.377336 0.31622 -0.384862 0.867114 0.400795 -0.930002 -0.306263 0.203222 -0.504304 0.187352 -0.87068 -0.454769 0.485867 
1535134235130 0.243613 0.930138 -0.274765 -0.634879 -0.943965 0.292435 0.153013 -0.243029 0.222674 0.222092 0.949258 0.372136 0.31622 -0.384862 0.867114 0.400795 -0.930002 -0.306263 0.203222 -0.504304 0.187352 -0.87068 -0.454769 0.485867 
1535134235140 0.243787 0.930107 -0.274716 -0.632803 -0.943613 0.292898 0.15429 -0.242413 0.22397 0.221612 0.949066 0.372776 0.31622 -0.384862 0.867114 0.400795 -0.930002 -0.306263 0.203222 -0.504304 0.187352 -0.87068 -0.454769 0.485867 
1535134235159 0.243961 0.930075 -0.27467 -0.630722 -0.943259 0.293361 0.155567 -0.241795 0.225266 0.221133 0.948871 0.373417 0.31622 -0.384862 0.867114 0.400795 -0.930002 -0.306263 0.203222 -0.504304 0.187352 -0.87068 -0.454769 0.485867 
1535134235174 0.244135 0.930043 -0.274624 -0.628639 -0.942904 0.293824 0.156843 -0.241175 0.226562 0.220653 0.948674 0.374059 0.31622 -0.384862 0.867114 0.400795 -0.930002 -0.306263 0.203222 -0.504304 0.187352 -0.87068 -0.454769 0.485867 
