1535114231124 0.249377 0.926451 -0.281956 -0.640845 -0.936874 0.304498 0.171898 -0.252023 0.24511 0.221289 0.943903 0.373964 0.150068 -0.116493 0.981789 0.378066 -0.978483 0.124728 0.164362 -0.492848 -0.141603 -0.985329 -0.0952688 0.438651 
1535114231149 0.249877 0.926601 -0.281018 -0.64085 -0.936969 0.304595 0.171203 -0.251988 0.244234 0.220526 0.944308 0.373798 0.150323 -0.117596 0.981618 0.378135 -0.97833 0.125306 0.164831 -0.492936 -0.142386 -0.985124 -0.0962113 0.438771 
1535114231155 0.250376 0.926751 -0.280079 -0.64086 -0.937064 0.304692 0.170509 -0.251956 0.243357 0.219761 0.944713 0.37363 0.150579 -0.118699 0.981446 0.378205 -0.978176 0.125883 0.165302 -0.493028 -0.143168 -0.984918 -0.0971535 0.438891 
1535114231269 0.250873 0.9269 -0.279139 -0.640871 -0.937159 0.30479 0.169814 -0.251924 0.24248 0.218995 0.945116 0.373463 0.150835 -0.119803 0.981273 0.378276 -0.978022 0.126459 0.165775 -0.493121 -0.143951 -0.984711 -0.0980951 0.439011 
1535114231336 0.25137 0.927049 -0.278198 -0.640881 -0.937252 0.304888 0.16912 -0.251891 0.241602 0.21823 0.945518 0.373296 0.15109 -0.120906 0.981098 0.378346 -0.977867 0.127035 0.166248 -0.493214 -0.144734 -0.984502 -0.0990363 0.439132 
1535114231451 0.251865 0.927196 -0.277257 -0.64089 -0.937345 0.304986 0.168426 -0.251858 0.240723 0.217465 0.945918 0.373129 0.151343 -0.122009 0.980922 0.378416 -0.977712 0.12761 0.166721 -0.493305 -0.145517 -0.984291 -0.099977 0.439252 
1535114231510 0.25236 0.927343 -0.276315 -0.640901 -0.937437 0.305085 0.167731 -0.251826 0.239844 0.2167 0.946317 0.372961 0.151597 -0.123113 0.980745 0.378486 -0.977555 0.128185 0.167195 -0.493398 -0.146301 -0.984079 -0.100917 0.439372 
1535114231653 0.252854 0.927488 -0.275373 -0.64091 -0.937529 0.305185 0.167037 -0.251793 0.238965 0.215934 0.946714 0.372794 0.151848 -0.124216 0.980567 0.378556 -0.977399 0.128759 0.167669 -0.493489 -0.147084 -0.983866 -0.101857 0.439492 
1535114231660 0.253347 0.927633 -0.27443 -0.640922 -0.93762 0.305285 0.166343 -0.251761 0.238084 0.215169 0.947111 0.372627 0.1521 -0.12532 0.980388 0.378626 -0.977241 0.129333 0.168144 -0.493582 -0.147868 -0.98365 -0.102796 0.439612 
1535114231692 0.25384 0.927777 -0.273487 -0.640931 -0.93771 0.305386 0.165648 -0.251729 0.237203 0.214403 0.947505 0.372459 0.15235 -0.126423 0.980208 0.378696 -0.977084 0.129906 0.168619 -0.493674 -0.148652 -0.983434 -0.103735 0.439733 
1535114232014 0.253548 0.927589 -0.274395 -0.640934 -0.937598 0.305442 0.16618 -0.251809 0.237958 0.215138 0.947149 0.372543 0.152243 -0.125473 0.980346 0.378665 -0.977199 0.129424 0.16832 -0.493527 -0.148 -0.983619 -0.102909 0.439521 
1535114232027 0.252892 0.927657 -0.274771 -0.640848 -0.937465 0.305161 0.167439 -0.251905 0.239176 0.215244 0.946818 0.372601 0.152281 -0.125676 0.980314 0.378674 -0.977171 0.129533 0.168399 -0.493548 -0.148147 -0.983579 -0.103081 0.439554 
1535114232032 0.252236 0.927724 -0.275145 -0.640761 -0.93733 0.304881 0.168699 -0.252003 0.240392 0.215349 0.946486 0.372659 0.15232 -0.125877 0.980282 0.378684 -0.977142 0.129643 0.16848 -0.493571 -0.148294 -0.983538 -0.103253 0.439587 
1535114232038 0.25158 0.927792 -0.275518 -0.640676 -0.937194 0.3046 0.169958 -0.2521 0.241609 0.215455 0.946152 0.372716 0.152359 -0.126079 0.98025 0.378694 -0.977114 0.129752 0.168561 -0.493594 -0.148441 -0.983498 -0.103424 0.43962 
1535114232045 0.250923 0.927859 -0.27589 -0.64059 -0.937056 0.30432 0.171218 -0.252198 0.242825 0.215561 0.945817 0.372774 0.152399 -0.12628 0.980218 0.378705 -0.977086 0.129861 0.168642 -0.493619 -0.148588 -0.983458 -0.103596 0.439653 
1535114232083 0.250265 0.927926 -0.276261 -0.640504 -0.936916 0.30404 0.172477 -0.252296 0.24404 0.215668 0.94548 0.372832 0.152438 -0.126482 0.980186 0.378714 -0.977057 0.129971 0.168722 -0.493642 -0.148736 -0.983418 -0.103767 0.439686 
1535114232095 0.249607 0.927993 -0.276631 -0.640419 -0.936774 0.303759 0.173736 -0.252393 0.245255 0.215775 0.945141 0.372889 0.152477 -0.126683 0.980154 0.378725 -0.977028 0.13008 0.168804 -0.493667 -0.148883 -0.983377 -0.103939 0.43972 
1535114232110 0.248949 0.92806 -0.277 -0.640334 -0.936631 0.303479 0.174994 -0.252491 0.246469 0.215883 0.9448 0.372947 0.152516 -0.126885 0.980122 0.378735 -0.977 0.130189 0.168884 -0.493691 -0.14903 -0.983337 -0.10411 0.439753 
1535114232116 0.24829 0.928126 -0.277369 -0.640249 -0.936486 0.303199 0.176253 -0.252589 0.247683 0.21599 0.944458 0.373004 0.152556 -0.127086 0.98009 0.378745 -0.976971 0.130298 0.168966 -0.493716 -0.149177 -0.983296 -0.104282 0.439786 
1535114232123 0.247631 0.928193 -0.277737 -0.640163 -0.936338 0.302919 0.177511 -0.252686 0.248896 0.216098 0.944114 0.373062 0.152595 -0.127288 0.980057 0.378755 -0.976943 0.130407 0.169047 -0.49374 -0.149324 -0.983256 -0.104453 0.439819 
1535114232222 0.252912 0.92771 -0.27457 -0.640907 -0.937577 0.305039 0.167036 -0.251833 0.238716 0.215185 0.946948 0.372505 0.152468 -0.126423 0.980189 0.378741 -0.977056 0.129955 0.168742 -0.493616 -0.148713 -0.983427 -0.103709 0.439657 
1535114232235 0.25253 0.927768 -0.274728 -0.64088 -0.937567 0.304802 0.16752 -0.251921 0.239157 0.215272 0.946817 0.372561 0.152632 -0.126458 0.980159 0.378768 -0.977255 0.128438 0.16875 -0.493662 -0.147229 -0.983622 -0.103978 0.439669 
1535114232244 0.252147 0.927825 -0.274885 -0.640854 -0.937558 0.304566 0.168003 -0.25201 0.239598 0.215359 0.946685 0.372616 0.152799 -0.126493 0.980129 0.378798 -0.977451 0.126919 0.168761 -0.493717 -0.145744 -0.983815 -0.104247 0.439682 
1535114232420 0.251765 0.927883 -0.275041 -0.640828 -0.937548 0.304329 0.168486 -0.252098 0.240038 0.215445 0.946554 0.372672 0.152965 -0.126527 0.980098 0.378827 -0.977646 0.125401 0.168771 -0.493769 -0.144259 -0.984005 -0.104517 0.439695 
1535114232534 0.251382 0.927941 -0.275197 -0.640802 -0.937538 0.304093 0.168969 -0.252187 0.240479 0.215532 0.946423 0.372728 0.153132 -0.126561 0.980068 0.378855 -0.977838 0.123882 0.168781 -0.493823 -0.142773 -0.984193 -0.104786 0.439708 
1535114232653 0.250999 0.927998 -0.275353 -0.640776 -0.937527 0.303856 0.169452 -0.252276 0.240919 0.215619 0.946291 0.372783 0.153298 -0.126595 0.980037 0.378884 -0.978027 0.122363 0.16879 -0.493874 -0.141288 -0.984379 -0.105055 0.439721 
1535114232658 0.250616 0.928055 -0.275509 -0.640751 -0.937516 0.303619 0.169935 -0.252364 0.241359 0.215706 0.946159 0.372839 0.153465 -0.126628 0.980007 0.378913 -0.978215 0.120843 0.168799 -0.493928 -0.139802 -0.984562 -0.105324 0.439733 
1535114232822 0.250233 0.928112 -0.275664 -0.640724 -0.937505 0.303383 0.170419 -0.252453 0.2418 0.215793 0.946027 0.372895 0.153632 -0.126661 0.979977 0.378942 -0.9784 0.119323 0.168807 -0.49398 -0.138315 -0.984743 -0.105594 0.439746 
1535114232916 0.24985 0.928169 -0.27582 -0.640699 -0.937494 0.303146 0.170902 -0.252542 0.24224 0.21588 0.945894 0.37295 0.153799 -0.126694 0.979946 0.378971 -0.978583 0.117803 0.168815 -0.494035 -0.136829 -0.984922 -0.105863 0.439759 
1535114233011 0.249467 0.928226 -0.275975 -0.640673 -0.937482 0.30291 0.171385 -0.25263 0.24268 0.215967 0.945761 0.373006 0.153965 -0.126727 0.979916 0.379 -0.978763 0.116283 0.168822 -0.494087 -0.135342 -0.985098 -0.106132 0.439772 
1535114233260 0.25013 0.928083 -0.275855 -0.640711 -0.937445 0.303398 0.170723 -0.252511 0.242139 0.215896 0.945916 0.372899 0.153665 -0.126533 0.979988 0.378949 -0.978445 0.11898 0.168785 -0.493998 -0.137956 -0.984801 -0.105523 0.439712 
1535114233271 0.249725 0.928215 -0.275779 -0.640738 -0.937567 0.302984 0.17079 -0.252602 0.242087 0.215911 0.945926 0.372977 0.15813 -0.127118 0.979202 0.378919 -0.979354 0.106288 0.171953 -0.494478 -0.125936 -0.986176 -0.107686 0.440243 
1535114233292 0.249318 0.928347 -0.275703 -0.640765 -0.937689 0.302569 0.170858 -0.252693 0.242034 0.215926 0.945936 0.373055 0.162601 -0.127644 0.978401 0.37889 -0.980095 0.0935786 0.175091 -0.494965 -0.113907 -0.987396 -0.109888 0.440774 
1535114233306 0.248911 0.928479 -0.275628 -0.640792 -0.93781 0.302154 0.170925 -0.252784 0.241982 0.215941 0.945946 0.373134 0.167076 -0.128113 0.977585 0.378861 -0.980667 0.0808527 0.178199 -0.495451 -0.10187 -0.988458 -0.112127 0.441305 
1535114233440 0.248504 0.92861 -0.275552 -0.640819 -0.937932 0.301738 0.170992 -0.252875 0.24193 0.215957 0.945956 0.373212 0.171554 -0.128523 0.976755 0.378832 -0.981071 0.0681126 0.181275 -0.495937 -0.0898273 -0.989365 -0.114405 0.441837 
1535114233477 0.248097 0.928741 -0.275476 -0.640846 -0.938053 0.301323 0.171059 -0.252966 0.241877 0.215972 0.945966 0.37329 0.176035 -0.128875 0.975911 0.378803 -0.981306 0.0553605 0.184319 -0.496424 -0.0777811 -0.990114 -0.116721 0.442368 
1535114233619 0.24769 0.928873 -0.2754 -0.640873 -0.938174 0.300907 0.171127 -0.253057 0.241825 0.215987 0.945976 0.373368 0.180517 -0.129169 0.975053 0.378774 -0.981373 0.042599 0.18733 -0.49691 -0.0657335 -0.990707 -0.119073 0.442899 
1535114233673 0.247283 0.929004 -0.275325 -0.6409 -0.938295 0.300492 0.171194 -0.253148 0.241772 0.216002 0.945986 0.373446 0.185 -0.129405 0.974181 0.378745 -0.981271 0.0298296 0.190308 -0.497397 -0.0536863 -0.991143 -0.121463 0.443431 
1535114233776 0.246875 0.929134 -0.275249 -0.640927 -0.938416 0.300076 0.171261 -0.253239 0.24172 0.216018 0.945996 0.373525 0.189482 -0.129582 0.973296 0.378716 -0.981001 0.0170551 0.193253 -0.497883 -0.0416418 -0.991422 -0.123888 0.443962 
1535114233837 0.246468 0.929265 -0.275173 -0.640954 -0.938536 0.299661 0.171328 -0.25333 0.241668 0.216033 0.946006 0.373603 0.193964 -0.129701 0.972397 0.378686 -0.980562 0.00427752 0.196163 -0.498369 -0.0296019 -0.991544 -0.12635 0.444493 
1535114234383 0.247047 0.92907 -0.275311 -0.640883 -0.938369 0.300253 0.171207 -0.253223 0.241726 0.216047 0.945987 0.373426 0.170964 -0.128589 0.97685 0.378819 -0.981135 0.0685952 0.180744 -0.495845 -0.0902488 -0.989323 -0.114436 0.441658 
1535114234397 0.246619 0.929208 -0.27523 -0.640895 -0.938441 0.299865 0.171493 -0.253365 0.241885 0.215994 0.945959 0.373479 0.169093 -0.128875 0.977138 0.378775 -0.981174 0.0718436 0.179267 -0.495714 -0.0933043 -0.989055 -0.114301 0.441523 
1535114234415 0.246192 0.929346 -0.275147 -0.640908 -0.938512 0.299478 0.17178 -0.253508 0.242043 0.215938 0.945931 0.373533 0.167221 -0.129155 0.977423 0.378729 -0.981199 0.0750917 0.177789 -0.495578 -0.0963588 -0.988777 -0.11417 0.441388 
1535114234422 0.245764 0.929483 -0.275065 -0.64092 -0.938583 0.29909 0.172066 -0.253651 0.242202 0.215883 0.945903 0.373586 0.165346 -0.129429 0.977706 0.378684 -0.981212 0.0783393 0.17631 -0.495443 -0.0994125 -0.988489 -0.114044 0.441253 
1535114234736 0.245337 0.929621 -0.274982 -0.640933 -0.938654 0.298703 0.172352 -0.253793 0.24236 0.215828 0.945875 0.373639 0.163471 -0.129697 0.977986 0.378639 -0.981213 0.0815867 0.17483 -0.495307 -0.102466 -0.988191 -0.113923 0.441118 
1535114234741 0.24491 0.929758 -0.274898 -0.640946 -0.938725 0.298315 0.172638 -0.253936 0.242518 0.215773 0.945847 0.373692 0.161594 -0.129958 0.978263 0.378593 -0.9812 0.0848337 0.173349 -0.49517 -0.105518 -0.987884 -0.113807 0.440983 
1535114234912 0.244483 0.929895 -0.274815 -0.640959 -0.938795 0.297928 0.172924 -0.254079 0.242677 0.215718 0.945819 0.373746 0.159716 -0.130214 0.978537 0.378548 -0.981175 0.08808 0.171867 -0.495035 -0.108569 -0.987566 -0.113695 0.440848 
1535114234918 0.244055 0.930032 -0.274732 -0.640972 -0.938865 0.29754 0.173211 -0.254222 0.242835 0.215663 0.945791 0.373799 0.157836 -0.130463 0.978809 0.378502 -0.981136 0.091326 0.170384 -0.494898 -0.11162 -0.987238 -0.113587 0.440713 
1535114235104 0.243628 0.930169 -0.274648 -0.640985 -0.938935 0.297152 0.173497 -0.254365 0.242993 0.215609 0.945763 0.373852 0.155956 -0.130706 0.979078 0.378457 -0.981085 0.0945713 0.168901 -0.494763 -0.114669 -0.9869 -0.113484 0.440578 
1535114235171 0.2432 0.930305 -0.274564 -0.640998 -0.939005 0.296764 0.173783 -0.254507 0.243152 0.215553 0.945735 0.373905 0.154075 -0.130942 0.979344 0.378412 -0.981022 0.097816 0.167417 -0.494628 -0.117718 -0.986553 -0.113386 0.440443 
1535114235448 0.243506 0.930187 -0.274695 -0.641006 -0.938992 0.297022 0.173411 -0.254284 0.242895 0.21571 0.945765 0.373864 0.193417 -0.129856 0.972485 0.378699 -0.980656 0.00476932 0.195679 -0.498206 -0.0300482 -0.991521 -0.126422 0.444227 
1535114235458 0.24367 0.930162 -0.274633 -0.640964 -0.938925 0.297189 0.173491 -0.254305 0.242992 0.215585 0.945768 0.373867 0.19455 -0.129503 0.972306 0.378718 -0.980503 0.0022606 0.196491 -0.498403 -0.0276442 -0.991576 -0.126538 0.44425 
1535114235465 0.243833 0.930138 -0.274571 -0.640922 -0.938857 0.297356 0.17357 -0.254325 0.243089 0.21546 0.945772 0.373869 0.195685 -0.129146 0.972126 0.378738 -0.980342 -0.000248955 0.197306 -0.498605 -0.0252392 -0.991626 -0.126656 0.444273 
1535114235590 0.243997 0.930113 -0.274508 -0.640879 -0.93879 0.297523 0.173649 -0.254346 0.243186 0.215336 0.945775 0.373872 0.196818 -0.128787 0.971945 0.378758 -0.980174 -0.00275818 0.198119 -0.498807 -0.0228343 -0.991669 -0.126776 0.444295 
1535114235608 0.24416 0.930089 -0.274446 -0.640837 -0.938722 0.29769 0.173729 -0.254367 0.243283 0.215211 0.945779 0.373874 0.197951 -0.128424 0.971763 0.378779 -0.979999 -0.00526715 0.198932 -0.499009 -0.0204293 -0.991705 -0.126898 0.444319 
1535114235629 0.244324 0.930064 -0.274384 -0.640795 -0.938654 0.297857 0.173808 -0.254387 0.24338 0.215087 0.945782 0.373877 0.199082 -0.128059 0.97158 0.378799 -0.979817 -0.00777561 0.199745 -0.49921 -0.0180244 -0.991736 -0.127022 0.444341 
1535114235656 0.244487 0.930039 -0.274322 -0.640752 -0.938587 0.298024 0.173888 -0.254408 0.243477 0.214962 0.945786 0.37388 0.200212 -0.12769 0.971396 0.378819 -0.979628 -0.010284 0.200557 -0.499413 -0.0156194 -0.991761 -0.127148 0.444364 
1535114235661 0.244651 0.930015 -0.27426 -0.64071 -0.938519 0.298191 0.173967 -0.254429 0.243574 0.214837 0.945789 0.373882 0.201341 -0.127319 0.971211 0.378839 -0.979432 -0.0127917 0.201369 -0.499614 -0.0132146 -0.991779 -0.127276 0.444387 
1535114235676 0.244814 0.92999 -0.274198 -0.640667 -0.938451 0.298357 0.174047 -0.254449 0.243671 0.214712 0.945792 0.373885 0.20247 -0.126945 0.971026 0.37886 -0.979229 -0.0152993 0.20218 -0.499818 -0.0108097 -0.991792 -0.127406 0.44441 
1535114235692 0.244978 0.929965 -0.274136 -0.640625 -0.938383 0.298524 0.174126 -0.25447 0.243767 0.214587 0.945796 0.373887 0.203597 -0.126568 0.970839 0.37888 -0.979019 -0.0178064 0.202991 -0.500019 -0.00840497 -0.991798 -0.127538 0.444433 
1535114236742 0.243842 0.930128 -0.274597 -0.640915 -0.938801 0.297418 0.173771 -0.254279 0.243299 0.21542 0.945727 0.373872 0.15476 -0.130783 0.979258 0.378507 -0.980956 0.0974093 0.168037 -0.494727 -0.117365 -0.986614 -0.113217 0.440729 
1535114236753 0.244459 0.930027 -0.274391 -0.640711 -0.938689 0.297926 0.173504 -0.254188 0.243111 0.215153 0.945836 0.373914 0.160246 -0.132679 0.978119 0.378579 -0.981454 0.084207 0.172215 -0.495394 -0.105214 -0.987576 -0.116724 0.441473 
1535114236769 0.245076 0.929925 -0.274184 -0.640505 -0.938577 0.298434 0.173237 -0.254096 0.242923 0.214887 0.945945 0.373956 0.165754 -0.134499 0.976952 0.378652 -0.981766 0.0709825 0.176343 -0.496069 -0.0930644 -0.988368 -0.120281 0.442217 
1535114236776 0.245693 0.929823 -0.273979 -0.6403 -0.938464 0.298943 0.17297 -0.254005 0.242735 0.214622 0.946053 0.373999 0.17128 -0.136243 0.975757 0.378726 -0.981894 0.0577386 0.18042 -0.496745 -0.0809198 -0.988991 -0.123887 0.442961 
1535114236970 0.246309 0.929721 -0.273771 -0.640095 -0.938351 0.299451 0.172703 -0.253913 0.242547 0.214355 0.946162 0.374041 0.176823 -0.137913 0.974533 0.378799 -0.981836 0.0444784 0.184443 -0.497418 -0.0687827 -0.989445 -0.127543 0.443705 
1535114237104 0.246926 0.929618 -0.273565 -0.639889 -0.938238 0.299959 0.172436 -0.253822 0.242358 0.21409 0.946271 0.374083 0.182382 -0.139506 0.97328 0.378873 -0.981594 0.0312039 0.188413 -0.498093 -0.056655 -0.989729 -0.131248 0.444449 
1535114237215 0.247542 0.929515 -0.273358 -0.639684 -0.938124 0.300468 0.17217 -0.25373 0.24217 0.213825 0.946379 0.374126 0.187956 -0.141024 0.972 0.378946 -0.981167 0.0179182 0.192328 -0.498767 -0.0445394 -0.989844 -0.135 0.445194 
1535114237341 0.248159 0.929412 -0.273151 -0.639478 -0.93801 0.300976 0.171903 -0.253638 0.241981 0.213559 0.946487 0.374168 0.193544 -0.142465 0.970693 0.379019 -0.980555 0.00462335 0.196189 -0.499442 -0.032438 -0.989789 -0.1388 0.445938 
1535114237455 0.248775 0.929308 -0.272944 -0.639273 -0.937895 0.301485 0.171637 -0.253547 0.241792 0.213294 0.946595 0.37421 0.199145 -0.143829 0.969358 0.379093 -0.979759 -0.0086776 0.199994 -0.500116 -0.0203533 -0.989564 -0.142646 0.446682 
1535114237579 0.249391 0.929204 -0.272736 -0.639068 -0.937781 0.301993 0.17137 -0.253455 0.241602 0.213029 0.946703 0.374253 0.204758 -0.145117 0.967996 0.379166 -0.978778 -0.0219825 0.203743 -0.500792 -0.00828755 -0.98917 -0.146538 0.447426 
1535114238250 0.248881 0.929332 -0.272764 -0.639172 -0.937887 0.301536 0.171594 -0.253571 0.241716 0.213115 0.946655 0.374269 0.202893 -0.126812 0.970955 0.378815 -0.979162 -0.0174098 0.202334 -0.499904 -0.00875416 -0.991774 -0.127701 0.444182 
1535114238260 0.249198 0.929228 -0.272829 -0.638781 -0.937816 0.30184 0.171447 -0.253417 0.241664 0.213139 0.946663 0.374391 0.201559 -0.12706 0.9712 0.37883 -0.979419 -0.0154391 0.201245 -0.4999 -0.0105757 -0.991775 -0.127557 0.444113 
1535114238434 0.249491 0.929128 -0.272903 -0.638392 -0.937751 0.302122 0.171305 -0.253277 0.241614 0.213176 0.946667 0.374515 0.200224 -0.127307 0.971444 0.378845 -0.979672 -0.0134675 0.200154 -0.499893 -0.012398 -0.991772 -0.127415 0.444043 
1535114238629 0.249783 0.929027 -0.272978 -0.638003 -0.937686 0.302404 0.171162 -0.253137 0.241564 0.213214 0.946671 0.374638 0.198887 -0.127551 0.971687 0.378859 -0.979919 -0.0114956 0.199063 -0.499887 -0.0142205 -0.991765 -0.127276 0.443974 
1535114238828 0.250075 0.928927 -0.273052 -0.637614 -0.937621 0.302686 0.17102 -0.252998 0.241514 0.213252 0.946676 0.374762 0.19755 -0.127792 0.971928 0.378873 -0.980162 -0.00952337 0.197971 -0.49988 -0.0160431 -0.991755 -0.127138 0.443904 
1535114238849 0.250367 0.928826 -0.273127 -0.637224 -0.937556 0.302968 0.170877 -0.252858 0.241464 0.21329 0.94668 0.374886 0.196212 -0.128031 0.972167 0.378888 -0.980399 -0.00755079 0.196879 -0.499873 -0.0178659 -0.991741 -0.127003 0.443835 
1535114239109 0.25066 0.928725 -0.273201 -0.636834 -0.937491 0.30325 0.170734 -0.252717 0.241414 0.213328 0.946684 0.37501 0.194874 -0.128267 0.972405 0.378902 -0.980631 -0.00557819 0.195786 -0.499866 -0.0196886 -0.991724 -0.126869 0.443765 
1535114239289 0.250952 0.928625 -0.273276 -0.636445 -0.937426 0.303532 0.170592 -0.252578 0.241364 0.213365 0.946688 0.375134 0.193534 -0.1285 0.972642 0.378916 -0.980858 -0.00360481 0.194692 -0.49986 -0.0215118 -0.991703 -0.126738 0.443696 
1535114239435 0.251244 0.928524 -0.27335 -0.636054 -0.93736 0.303814 0.170449 -0.252438 0.241314 0.213403 0.946693 0.375258 0.192194 -0.128731 0.972877 0.378931 -0.981079 -0.00163163 0.193599 -0.499852 -0.0233347 -0.991678 -0.126609 0.443626 
1535114239473 0.251536 0.928423 -0.273425 -0.635665 -0.937295 0.304096 0.170306 -0.252298 0.241264 0.213441 0.946697 0.375381 0.190852 -0.128959 0.973111 0.378945 -0.981296 0.000342281 0.192503 -0.499846 -0.0251581 -0.99165 -0.126482 0.443557 
1535114239937 0.251286 0.928525 -0.273307 -0.635894 -0.937337 0.303856 0.170499 -0.252267 0.241358 0.213337 0.946696 0.375307 0.192884 -0.12872 0.972742 0.378909 -0.980949 -0.00192969 0.194256 -0.499906 -0.0231275 -0.991679 -0.126639 0.443619 
1535114239948 0.251359 0.928477 -0.273404 -0.635474 -0.937192 0.304055 0.170942 -0.252115 0.241845 0.213264 0.946588 0.375418 0.190792 -0.129532 0.973047 0.378936 -0.981206 0.00399267 0.192923 -0.499866 -0.0288749 -0.991567 -0.126336 0.443316 
1535114239955 0.251433 0.928428 -0.273501 -0.635049 -0.937047 0.304254 0.171384 -0.251962 0.242332 0.213191 0.94648 0.375529 0.188694 -0.130332 0.973349 0.378961 -0.981426 0.00991564 0.191587 -0.49982 -0.0346213 -0.991421 -0.12604 0.443013 
1535114240170 0.251507 0.92838 -0.273597 -0.634625 -0.936901 0.304453 0.171827 -0.251809 0.242818 0.213118 0.946372 0.37564 0.18659 -0.131119 0.973649 0.378987 -0.981608 0.0158393 0.190249 -0.499774 -0.0403672 -0.99124 -0.125752 0.442709 
1535114240205 0.251581 0.928331 -0.273694 -0.6342 -0.936755 0.304653 0.172269 -0.251655 0.243305 0.213045 0.946264 0.375752 0.184482 -0.131894 0.973946 0.379013 -0.981754 0.0217636 0.188908 -0.499728 -0.0461123 -0.991025 -0.125472 0.442406 
1535114240211 0.251654 0.928282 -0.273792 -0.633775 -0.936609 0.304852 0.172712 -0.251501 0.243791 0.212972 0.946155 0.375863 0.182368 -0.132656 0.97424 0.379038 -0.981862 0.0276882 0.187565 -0.499681 -0.0518565 -0.990775 -0.1252 0.442102 
1535114240508 0.251728 0.928234 -0.273888 -0.633351 -0.936462 0.305051 0.173154 -0.251348 0.244277 0.212898 0.946046 0.375974 0.18025 -0.133405 0.974532 0.379064 -0.981933 0.0336127 0.18622 -0.499637 -0.0575993 -0.990491 -0.124936 0.441799 
1535114240514 0.251802 0.928185 -0.273986 -0.632926 -0.936315 0.30525 0.173596 -0.251194 0.244764 0.212825 0.945937 0.376086 0.178126 -0.134141 0.974822 0.379089 -0.981967 0.0395373 0.184872 -0.49959 -0.0633408 -0.990173 -0.124679 0.441496 
1535114240693 0.251875 0.928137 -0.274083 -0.632502 -0.936168 0.305449 0.174039 -0.251041 0.24525 0.212751 0.945827 0.376197 0.175998 -0.134864 0.975108 0.379115 -0.981964 0.0454613 0.183523 -0.499544 -0.0690805 -0.989821 -0.124431 0.441192 
1535114240768 0.251949 0.928088 -0.27418 -0.632076 -0.936021 0.305649 0.174481 -0.250887 0.245736 0.212678 0.945718 0.376309 0.173865 -0.135575 0.975392 0.37914 -0.981923 0.0513849 0.182172 -0.499497 -0.0748184 -0.989434 -0.12419 0.440889 
1535114241520 0.251803 0.928137 -0.274148 -0.632352 -0.93614 0.305434 0.174216 -0.250844 0.24543 0.212773 0.945776 0.376246 0.176501 -0.134798 0.975027 0.379101 -0.981917 0.0447786 0.183939 -0.499612 -0.068455 -0.989861 -0.124457 0.441347 
1535114241637 0.25181 0.928078 -0.27434 -0.6319 -0.935993 0.305602 0.174714 -0.250679 0.245987 0.212786 0.945628 0.376376 0.179396 -0.135748 0.974366 0.379213 -0.981831 0.0375522 0.186003 -0.499957 -0.0618392 -0.990031 -0.126545 0.441774 
1535114241841 0.251816 0.928019 -0.274535 -0.631446 -0.935845 0.305771 0.17521 -0.250512 0.246543 0.212801 0.94548 0.376507 0.182299 -0.136678 0.973697 0.379326 -0.981691 0.0303213 0.188051 -0.500309 -0.0552262 -0.990151 -0.128648 0.442201 
1535114241848 0.251821 0.92796 -0.274728 -0.630991 -0.935697 0.305939 0.175707 -0.250345 0.247099 0.212815 0.945332 0.376639 0.185206 -0.137585 0.973021 0.37944 -0.981496 0.0230868 0.190084 -0.500663 -0.0486167 -0.990221 -0.130764 0.442628 
1535114242127 0.251827 0.927901 -0.274922 -0.630537 -0.935548 0.306108 0.176203 -0.250179 0.247655 0.21283 0.945183 0.376769 0.188118 -0.138471 0.972336 0.379553 -0.981248 0.0158496 0.192099 -0.501013 -0.0420114 -0.99024 -0.132893 0.443055 
1535114242325 0.251832 0.927842 -0.275116 -0.630082 -0.935399 0.306277 0.176699 -0.250012 0.24821 0.212845 0.945034 0.3769 0.191035 -0.139336 0.971644 0.379667 -0.980944 0.00860956 0.194098 -0.501366 -0.0354102 -0.990208 -0.135036 0.443482 
1535114242331 0.251837 0.927784 -0.27531 -0.629627 -0.93525 0.306445 0.177195 -0.249844 0.248766 0.212859 0.944884 0.377032 0.193956 -0.140178 0.970943 0.379781 -0.980587 0.00136735 0.19608 -0.501718 -0.0288138 -0.990125 -0.137192 0.443909 
1535114242576 0.251843 0.927724 -0.275504 -0.629172 -0.935101 0.306614 0.177691 -0.249678 0.249322 0.212874 0.944735 0.377162 0.196882 -0.140999 0.970235 0.379894 -0.980175 -0.00587644 0.198045 -0.50207 -0.0222226 -0.989992 -0.139361 0.444336 
1535114242582 0.251848 0.927665 -0.275698 -0.628718 -0.934951 0.306782 0.178187 -0.249511 0.249877 0.212888 0.944585 0.377293 0.199811 -0.141798 0.96952 0.380007 -0.97971 -0.0131216 0.199992 -0.502421 -0.0156368 -0.989809 -0.141542 0.444763 
1535114242595 0.251853 0.927607 -0.275891 -0.628263 -0.934801 0.306951 0.178683 -0.249344 0.250433 0.212902 0.944434 0.377425 0.202746 -0.142574 0.968797 0.380121 -0.97919 -0.0203679 0.201923 -0.502774 -0.00905673 -0.989575 -0.143737 0.44519 
1535114243362 0.251716 0.927778 -0.275441 -0.62848 -0.934952 0.306636 0.178435 -0.249359 0.250008 0.212609 0.944613 0.377466 0.196212 -0.140875 0.970389 0.379785 -0.980288 -0.0048325 0.197513 -0.50209 -0.0231352 -0.990016 -0.139046 0.444109 
1535114243474 0.251735 0.927772 -0.275442 -0.628196 -0.934915 0.306682 0.178552 -0.249269 0.250129 0.212567 0.94459 0.377526 0.194472 -0.140182 0.97084 0.379796 -0.980537 -0.00055084 0.196335 -0.50201 -0.0269878 -0.990126 -0.13756 0.443723 
1535114243484 0.251742 0.927771 -0.275438 -0.627924 -0.934886 0.306711 0.178652 -0.249177 0.250228 0.212529 0.944573 0.377582 0.192731 -0.139481 0.971288 0.379806 -0.980767 0.00373072 0.195148 -0.501923 -0.0308429 -0.990218 -0.136079 0.443336 
1535114243707 0.251748 0.927771 -0.275434 -0.627652 -0.934858 0.306739 0.178752 -0.249085 0.250327 0.212491 0.944555 0.377638 0.190992 -0.138772 0.971733 0.379815 -0.980978 0.00801152 0.193953 -0.501834 -0.0347003 -0.990292 -0.134602 0.44295 
1535114243856 0.251755 0.92777 -0.275429 -0.62738 -0.93483 0.306767 0.178852 -0.248994 0.250426 0.212453 0.944537 0.377693 0.189255 -0.138056 0.972174 0.379825 -0.981171 0.0122912 0.192752 -0.501747 -0.0385596 -0.990348 -0.13313 0.442563 
1535114243889 0.251762 0.92777 -0.275425 -0.627109 -0.934801 0.306795 0.178952 -0.248902 0.250525 0.212415 0.94452 0.377749 0.187521 -0.137332 0.972613 0.379835 -0.981344 0.0165696 0.191544 -0.501662 -0.0424208 -0.990387 -0.131662 0.442177 
1535114244021 0.251769 0.927769 -0.275421 -0.626837 -0.934773 0.306823 0.179051 -0.248811 0.250624 0.212377 0.944502 0.377805 0.185789 -0.1366 0.973048 0.379845 -0.981499 0.020847 0.190329 -0.501574 -0.046284 -0.990407 -0.130199 0.44179 
1535114244122 0.251775 0.927769 -0.275417 -0.626566 -0.934744 0.306851 0.179151 -0.248719 0.250723 0.212338 0.944484 0.37786 0.18406 -0.13586 0.97348 0.379854 -0.981635 0.0251229 0.189108 -0.501488 -0.0501489 -0.990409 -0.128741 0.441403 
1535114244328 0.251782 0.927768 -0.275413 -0.626294 -0.934716 0.306879 0.179251 -0.248627 0.250822 0.212301 0.944466 0.377916 0.182333 -0.135113 0.973909 0.379864 -0.981752 0.0293978 0.187879 -0.5014 -0.0540157 -0.990394 -0.127287 0.441017 
1535114244472 0.251789 0.927767 -0.275409 -0.626022 -0.934688 0.306908 0.179351 -0.248536 0.250921 0.212263 0.944449 0.377972 0.180609 -0.134358 0.974335 0.379874 -0.98185 0.0336709 0.186645 -0.501314 -0.057884 -0.990361 -0.125838 0.44063 
1535114244723 0.251698 0.927785 -0.275431 -0.626269 -0.934696 0.306839 0.179424 -0.248583 0.25098 0.212283 0.944428 0.377976 0.188321 -0.137492 0.972436 0.379951 -0.981222 0.0157035 0.192243 -0.501688 -0.0417025 -0.990378 -0.131953 0.442466 
1535114244847 0.25168 0.927634 -0.275958 -0.625967 -0.934633 0.30698 0.17951 -0.248479 0.251233 0.21274 0.944258 0.37807 0.191146 -0.139077 0.971659 0.38004 -0.980852 0.010583 0.194469 -0.502065 -0.0373293 -0.990225 -0.134391 0.442966 
1535114244859 0.25166 0.927482 -0.276485 -0.625662 -0.93457 0.307122 0.179597 -0.248374 0.251487 0.213197 0.944087 0.378165 0.193978 -0.140647 0.970871 0.38013 -0.980452 0.00545892 0.196683 -0.502449 -0.0329627 -0.990045 -0.136839 0.443467 
1535114245085 0.251641 0.92733 -0.277012 -0.625358 -0.934507 0.307263 0.179683 -0.248269 0.251741 0.213654 0.943917 0.378259 0.196815 -0.142201 0.970073 0.38022 -0.980023 0.0003312 0.198882 -0.502832 -0.0286026 -0.989838 -0.139296 0.443967 
1535114245097 0.251622 0.927178 -0.277539 -0.625053 -0.934444 0.307405 0.179769 -0.248164 0.251994 0.214111 0.943745 0.378354 0.199658 -0.14374 0.969265 0.380311 -0.979565 -0.00480009 0.201068 -0.503215 -0.024249 -0.989604 -0.141761 0.444468 
1535114245275 0.251602 0.927025 -0.278067 -0.624748 -0.934381 0.307547 0.179854 -0.248059 0.252248 0.214569 0.943574 0.378448 0.202507 -0.145264 0.968447 0.380401 -0.979079 -0.00993475 0.20324 -0.503599 -0.0199021 -0.989343 -0.144236 0.444969 
1535114245322 0.251582 0.926872 -0.278594 -0.624444 -0.934318 0.307688 0.17994 -0.247954 0.252502 0.215025 0.943402 0.378543 0.205361 -0.146772 0.967618 0.380491 -0.978563 -0.0150724 0.205397 -0.503982 -0.0155621 -0.989056 -0.14672 0.44547 
1535114245579 0.251563 0.926719 -0.279121 -0.624139 -0.934254 0.307831 0.180025 -0.247849 0.252755 0.215482 0.94323 0.378637 0.20822 -0.148264 0.966779 0.380582 -0.978018 -0.0202132 0.20754 -0.504366 -0.011229 -0.988741 -0.149213 0.44597 
1535114245749 0.251542 0.926566 -0.279647 -0.623835 -0.934191 0.307972 0.180111 -0.247744 0.253009 0.215939 0.943057 0.378732 0.211084 -0.14974 0.96593 0.380672 -0.977444 -0.0253567 0.209669 -0.504749 -0.00690311 -0.9884 -0.151715 0.446471 
1535114245925 0.251522 0.926412 -0.280174 -0.62353 -0.934128 0.308114 0.180197 -0.247639 0.253262 0.216395 0.942885 0.378826 0.213953 -0.151201 0.965071 0.380762 -0.976841 -0.0305028 0.211783 -0.505131 -0.00258451 -0.988032 -0.154226 0.446972 
1535114246171 0.251546 0.92648 -0.279927 -0.62372 -0.934146 0.308068 0.180183 -0.247675 0.253173 0.216168 0.942961 0.378711 0.201706 -0.145309 0.968607 0.380318 -0.979228 -0.00903494 0.202562 -0.503572 -0.0206828 -0.989345 -0.144113 0.444465 
1535114246185 0.251655 0.926386 -0.28014 -0.623524 -0.934093 0.308232 0.180173 -0.247596 0.253257 0.216335 0.9429 0.378788 0.202186 -0.144084 0.96869 0.38031 -0.979185 -0.0117648 0.202626 -0.503689 -0.0177987 -0.989496 -0.143463 0.444419 
1535114246190 0.251749 0.926294 -0.280359 -0.623321 -0.934044 0.308386 0.180167 -0.247509 0.253347 0.21651 0.942836 0.378868 0.202663 -0.142856 0.968772 0.380304 -0.979135 -0.0144947 0.202694 -0.50381 -0.014914 -0.989637 -0.142813 0.444373 
1535114246366 0.251844 0.926202 -0.280578 -0.623118 -0.933994 0.308539 0.180162 -0.247422 0.253436 0.216685 0.942771 0.378948 0.203138 -0.141626 0.968853 0.380297 -0.979076 -0.0172243 0.202763 -0.503931 -0.0120288 -0.98977 -0.142162 0.444327 
1535114246444 0.251938 0.92611 -0.280797 -0.622914 -0.933945 0.308693 0.180156 -0.247334 0.253525 0.21686 0.942707 0.379029 0.203608 -0.140396 0.968934 0.380291 -0.97901 -0.0199537 0.202834 -0.504053 -0.00914317 -0.989894 -0.141511 0.444282 
1535114246586 0.252032 0.926018 -0.281016 -0.622712 -0.933895 0.308846 0.180151 -0.247248 0.253614 0.217035 0.942643 0.379109 0.204075 -0.139163 0.969013 0.380284 -0.978935 -0.0226828 0.202907 -0.504173 -0.00625726 -0.99001 -0.140861 0.444236 
1535114246675 0.252127 0.925926 -0.281235 -0.622508 -0.933845 0.309 0.180146 -0.24716 0.253703 0.21721 0.942579 0.379189 0.204538 -0.13793 0.969092 0.380278 -0.978853 -0.0254118 0.202982 -0.504295 -0.00337083 -0.990116 -0.14021 0.44419 
1535114246796 0.252221 0.925834 -0.281454 -0.622305 -0.933795 0.309153 0.18014 -0.247073 0.253792 0.217385 0.942514 0.379269 0.204998 -0.136695 0.96917 0.380272 -0.978762 -0.0281403 0.203058 -0.504416 -0.000484192 -0.990213 -0.13956 0.444144 
1535114246803 0.252316 0.925741 -0.281673 -0.622101 -0.933746 0.309306 0.180135 -0.246985 0.253881 0.21756 0.94245 0.379349 0.205455 -0.135458 0.969247 0.380265 -0.978664 -0.0308687 0.203137 -0.504538 0.0024029 -0.990302 -0.13891 0.444099 
1535114247018 0.25241 0.925649 -0.281892 -0.621898 -0.933696 0.30946 0.180129 -0.246898 0.253971 0.217735 0.942385 0.379429 0.205907 -0.13422 0.969323 0.380259 -0.978557 -0.0335965 0.203216 -0.504659 0.00529015 -0.990382 -0.13826 0.444053 
1535114247415 0.252403 0.925683 -0.281786 -0.622104 -0.933673 0.309454 0.180259 -0.246979 0.254062 0.217598 0.942392 0.379363 0.205541 -0.137439 0.96895 0.380339 -0.978648 -0.0278803 0.203643 -0.504537 -0.000973966 -0.990118 -0.140235 0.444401 
1535114247536 0.252499 0.925665 -0.28176 -0.621913 -0.933661 0.309528 0.180192 -0.2469 0.25401 0.21757 0.942413 0.37942 0.207553 -0.138804 0.968326 0.380405 -0.978224 -0.0300447 0.205368 -0.504863 0.000587186 -0.989864 -0.142018 0.444732 
1535114247557 0.252596 0.925646 -0.281734 -0.62172 -0.933649 0.309603 0.180126 -0.24682 0.253959 0.217542 0.942433 0.379477 0.209569 -0.140164 0.967696 0.380472 -0.977792 -0.0322122 0.207089 -0.505193 0.00214511 -0.989604 -0.143802 0.445063 
1535114247570 0.252692 0.925628 -0.281709 -0.621527 -0.933637 0.309679 0.180059 -0.24674 0.253907 0.217514 0.942454 0.379534 0.211586 -0.141519 0.967059 0.380539 -0.977352 -0.034382 0.208806 -0.505524 0.00369928 -0.989338 -0.145589 0.445395 
1535114247582 0.252789 0.925609 -0.281683 -0.621334 -0.933625 0.309754 0.179993 -0.246659 0.253856 0.217486 0.942474 0.379592 0.213604 -0.142869 0.966417 0.380607 -0.976906 -0.036554 0.210519 -0.505855 0.00524975 -0.989066 -0.147378 0.445726 
1535114247782 0.252885 0.925591 -0.281658 -0.621141 -0.933613 0.309829 0.179927 -0.246579 0.253804 0.217458 0.942494 0.379649 0.215624 -0.144215 0.965768 0.380674 -0.976453 -0.0387284 0.212226 -0.506187 0.00679648 -0.988788 -0.14917 0.446058 
1535114247789 0.252982 0.925572 -0.281633 -0.620949 -0.9336 0.309904 0.17986 -0.246499 0.253753 0.217431 0.942514 0.379706 0.217645 -0.145555 0.965114 0.380741 -0.975992 -0.0409048 0.213929 -0.506517 0.00833934 -0.988504 -0.150963 0.446389 
1535114247795 0.253078 0.925553 -0.281607 -0.620756 -0.933588 0.309979 0.179794 -0.246419 0.253701 0.217403 0.942535 0.379763 0.219668 -0.146891 0.964453 0.380809 -0.975525 -0.0430837 0.215627 -0.506849 0.00987853 -0.988214 -0.15276 0.446721 
1535114248032 0.253175 0.925535 -0.281581 -0.620563 -0.933576 0.310054 0.179728 -0.246339 0.25365 0.217375 0.942555 0.37982 0.221691 -0.148221 0.963786 0.380876 -0.97505 -0.0452645 0.217321 -0.507179 0.0114138 -0.987918 -0.154558 0.447052 
1535114248070 0.253271 0.925516 -0.281556 -0.620371 -0.933564 0.310129 0.179661 -0.246259 0.253598 0.217347 0.942575 0.379877 0.223715 -0.149547 0.963113 0.380943 -0.974569 -0.0474476 0.219009 -0.507509 0.0129453 -0.987616 -0.156359 0.447384 
1535114248353 0.253025 0.925582 -0.281561 -0.620611 -0.933645 0.309883 0.179665 -0.246285 0.253545 0.217419 0.942573 0.379803 0.214743 -0.143852 0.966019 0.380562 -0.976651 -0.0379729 0.211452 -0.506186 0.00626484 -0.98887 -0.148647 0.445707 
1535114248368 0.253244 0.925617 -0.28125 -0.620373 -0.933733 0.309905 0.179168 -0.246136 0.253002 0.217239 0.94276 0.379851 0.214488 -0.143859 0.966074 0.380561 -0.976707 -0.0378855 0.211207 -0.506257 0.00621606 -0.988873 -0.148634 0.445769 
1535114248375 0.253464 0.92565 -0.28094 -0.62013 -0.93382 0.309929 0.178672 -0.245986 0.252459 0.21706 0.942947 0.3799 0.214233 -0.143867 0.96613 0.380559 -0.976763 -0.0377975 0.210963 -0.506327 0.00616681 -0.988875 -0.148621 0.445832 
1535114248554 0.253684 0.925684 -0.280629 -0.619887 -0.933907 0.309953 0.178175 -0.245835 0.251916 0.216881 0.943134 0.379949 0.213978 -0.143874 0.966185 0.380558 -0.976819 -0.0377098 0.210718 -0.506398 0.00611767 -0.988877 -0.148608 0.445894 
1535114248692 0.253904 0.925718 -0.280319 -0.619644 -0.933994 0.309977 0.177679 -0.245684 0.251373 0.216703 0.94332 0.379998 0.213723 -0.143882 0.96624 0.380556 -0.976875 -0.0376217 0.210473 -0.506468 0.00606833 -0.988879 -0.148596 0.445956 
1535114248799 0.254124 0.925752 -0.280008 -0.6194 -0.93408 0.310001 0.177182 -0.245532 0.250829 0.216524 0.943505 0.380047 0.213468 -0.14389 0.966296 0.380555 -0.976932 -0.0375339 0.210228 -0.506539 0.00601914 -0.988882 -0.148583 0.446019 
1535114248839 0.254343 0.925786 -0.279697 -0.619158 -0.934166 0.310026 0.176685 -0.245382 0.250286 0.216345 0.94369 0.380096 0.213213 -0.143897 0.966351 0.380554 -0.976988 -0.037446 0.209984 -0.506609 0.00596991 -0.988884 -0.14857 0.446081 
1535114248846 0.254563 0.925819 -0.279387 -0.618914 -0.934252 0.31005 0.176189 -0.24523 0.249743 0.216166 0.943875 0.380145 0.212957 -0.143905 0.966406 0.380552 -0.977044 -0.037358 0.209738 -0.50668 0.00592054 -0.988886 -0.148557 0.446143 
1535114248933 0.254782 0.925853 -0.279075 -0.618671 -0.934337 0.310074 0.175692 -0.24508 0.249199 0.215988 0.94406 0.380194 0.212702 -0.143913 0.966461 0.380551 -0.977099 -0.0372701 0.209494 -0.50675 0.00587132 -0.988888 -0.148545 0.446205 
1535114249181 0.255001 0.925886 -0.278764 -0.618427 -0.934422 0.310099 0.175195 -0.244928 0.248655 0.215809 0.944244 0.380243 0.212447 -0.14392 0.966516 0.380549 -0.977155 -0.0371822 0.209249 -0.506821 0.00582206 -0.98889 -0.148532 0.446268 
1535114249398 0.255013 0.925828 -0.278946 -0.618589 -0.934362 0.310195 0.175348 -0.245204 0.24887 0.215921 0.944162 0.380212 0.213992 -0.143903 0.966178 0.380575 -0.976814 -0.0381281 0.210669 -0.506693 0.00652271 -0.988857 -0.148726 0.446489 
1535114249413 0.255078 0.925834 -0.278867 -0.618273 -0.93431 0.310272 0.175488 -0.24506 0.248997 0.215786 0.944159 0.380291 0.214858 -0.143058 0.966111 0.380584 -0.976613 -0.0394831 0.211347 -0.506942 0.00791008 -0.988926 -0.148196 0.446372 
1535114249439 0.255143 0.925839 -0.27879 -0.617954 -0.934259 0.310348 0.175627 -0.244915 0.249124 0.215652 0.944156 0.38037 0.215724 -0.142212 0.966043 0.380595 -0.97641 -0.040837 0.212028 -0.507196 0.00929745 -0.988993 -0.147667 0.446255 
1535114249532 0.255207 0.925845 -0.278713 -0.617633 -0.934207 0.310424 0.175766 -0.244768 0.249251 0.215519 0.944153 0.38045 0.21659 -0.141364 0.965974 0.380606 -0.976204 -0.0421904 0.212709 -0.507452 0.0106854 -0.989058 -0.147138 0.446138 
1535114249787 0.255271 0.92585 -0.278635 -0.617314 -0.934156 0.3105 0.175906 -0.244623 0.249379 0.215385 0.94415 0.38053 0.217453 -0.140515 0.965904 0.380616 -0.975996 -0.0435429 0.213391 -0.507705 0.0120736 -0.989121 -0.146611 0.446021 
1535114249882 0.255336 0.925856 -0.278558 -0.616994 -0.934104 0.310576 0.176045 -0.244477 0.249506 0.215251 0.944147 0.380609 0.218315 -0.139665 0.965832 0.380627 -0.975785 -0.0448948 0.214073 -0.507961 0.0134623 -0.989181 -0.146084 0.445905 
1535114249945 0.255401 0.925861 -0.27848 -0.616674 -0.934052 0.310653 0.176184 -0.244331 0.249633 0.215117 0.944144 0.380689 0.219177 -0.138814 0.96576 0.380638 -0.975572 -0.0462461 0.214756 -0.508216 0.0148516 -0.989238 -0.145559 0.445788 
1535114250176 0.255465 0.925867 -0.278403 -0.616355 -0.934001 0.310729 0.176324 -0.244185 0.24976 0.214984 0.944141 0.380768 0.220036 -0.137961 0.965687 0.380648 -0.975357 -0.0475966 0.215439 -0.50847 0.0162411 -0.989293 -0.145034 0.445671 
1535114250322 0.255529 0.925873 -0.278325 -0.616036 -0.933949 0.310805 0.176463 -0.24404 0.249887 0.21485 0.944138 0.380848 0.220894 -0.137107 0.965612 0.380659 -0.975138 -0.0489463 0.216123 -0.508724 0.0176311 -0.989346 -0.144511 0.445555 
1535114250354 0.255594 0.925878 -0.278248 -0.615715 -0.933898 0.310881 0.176602 -0.243894 0.250014 0.214716 0.944134 0.380928 0.221751 -0.136252 0.965537 0.38067 -0.974918 -0.0502956 0.216808 -0.508979 0.0190217 -0.989397 -0.143988 0.445438 
1535114250754 0.255485 0.925968 -0.278049 -0.615851 -0.933948 0.310721 0.176615 -0.243917 0.249936 0.214561 0.94419 0.380994 0.220381 -0.13737 0.965692 0.380616 -0.975259 -0.0486652 0.215642 -0.508659 0.0173729 -0.989324 -0.144696 0.445607 
1535114250767 0.255545 0.925923 -0.278142 -0.615562 -0.933777 0.310928 0.177153 -0.243833 0.250512 0.214452 0.944062 0.381051 0.220554 -0.13803 0.965559 0.380646 -0.975183 -0.0508323 0.215486 -0.50877 0.0193381 -0.989123 -0.145815 0.445744 
1535114250774 0.2556 0.92588 -0.278234 -0.615266 -0.933607 0.311132 0.177693 -0.243742 0.25109 0.214343 0.943934 0.38111 0.22073 -0.138688 0.965424 0.380678 -0.975102 -0.0529991 0.215329 -0.508885 0.021303 -0.988917 -0.146934 0.445882 
1535114250993 0.255656 0.925837 -0.278327 -0.61497 -0.933436 0.311335 0.178234 -0.243651 0.251668 0.214234 0.943804 0.381169 0.220907 -0.139346 0.965289 0.38071 -0.975017 -0.0551655 0.21517 -0.509 0.0232675 -0.988706 -0.148052 0.44602 
1535114251000 0.255711 0.925794 -0.278419 -0.614674 -0.933265 0.311539 0.178774 -0.243559 0.252246 0.214124 0.943675 0.381228 0.221085 -0.140004 0.965153 0.380742 -0.974928 -0.0573316 0.215008 -0.509115 0.0252318 -0.98849 -0.149169 0.446158 
1535114251124 0.255767 0.925751 -0.278512 -0.614377 -0.933093 0.311742 0.179314 -0.243468 0.252824 0.214015 0.943545 0.381287 0.221265 -0.140661 0.965016 0.380773 -0.974834 -0.0594974 0.214844 -0.509231 0.0271958 -0.988268 -0.150286 0.446296 
