0.275657 -0.8825 0.381061 -0.604483 0.633204 0.464965 0.618757 -0.181741 -0.723233 0.0707247 0.686973 0.426588 -0.0904505 -0.99084 -0.100274 0.350248 -0.145804 0.112777 -0.982864 -0.49705 0.98517 -0.0742803 -0.15467 0.445267 
0.279959 -0.928327 0.244604 0.300914 -0.147635 -0.293395 -0.944523 -0.479405 0.948592 0.228316 -0.219193 0.477999 -0.0830302 -0.991478 -0.100388 0.353891 -0.146663 0.111796 -0.982849 -0.496488 0.985696 -0.066883 -0.154695 0.444854 
0.230439 -0.928572 0.290949 0.201144 0.100162 -0.274773 -0.956278 -0.454448 0.967918 0.249506 0.0296893 0.470138 -0.0756054 -0.99206 -0.100503 0.357535 -0.147513 0.11081 -0.982833 -0.495926 0.986166 -0.0594821 -0.154719 0.444442 
0.170924 -0.930702 0.323387 0.101345 0.342533 -0.251615 -0.905186 -0.429528 0.923827 0.265489 0.275789 0.46227 -0.0681766 -0.992586 -0.100618 0.361178 -0.148355 0.109818 -0.982818 -0.495364 0.986581 -0.052078 -0.154742 0.444029 
0.105241 -0.934585 0.339817 0.00154856 0.563806 -0.225413 -0.794552 -0.404593 0.819175 0.27521 0.503202 0.454389 -0.0607438 -0.993057 -0.100734 0.364821 -0.149191 0.108819 -0.982802 -0.494802 0.986941 -0.0446707 -0.154765 0.443617 
0.0376411 -0.939972 0.33917 -0.0982441 0.749696 -0.197848 -0.631515 -0.379703 0.660711 0.278046 0.697246 0.446561 -0.0533079 -0.993473 -0.100849 0.368465 -0.150018 0.107814 -0.982787 -0.494241 0.987245 -0.0372611 -0.154786 0.443205 
-0.0274966 -0.946509 0.321504 -0.19804 0.888171 -0.170715 -0.426625 -0.354799 0.45869 0.273819 0.845356 0.438708 -0.0458691 -0.993832 -0.100965 0.372108 -0.150838 0.106803 -0.982772 -0.493679 0.987494 -0.0298494 -0.154807 0.442792 
-0.0859582 -0.953775 0.287965 -0.297843 0.970288 -0.145755 -0.193125 -0.329885 0.22617 0.262808 0.937965 0.430849 -0.0384277 -0.994136 -0.101081 0.375751 -0.151651 0.105786 -0.982757 -0.493117 0.987687 -0.022436 -0.154827 0.44238 
-0.133891 -0.961306 0.240757 -0.39763 0.990757 -0.124507 0.0538481 -0.304986 -0.0217887 0.245741 0.96909 0.423012 -0.0309842 -0.994384 -0.101197 0.379394 -0.152456 0.104763 -0.982742 -0.492555 0.987824 -0.0150214 -0.154846 0.441967 
-0.166359 -0.968714 0.184166 -0.497042 0.948948 -0.10652 0.296901 -0.280488 -0.267995 0.224157 0.936981 0.415822 -0.0235393 -0.994576 -0.101313 0.383038 -0.153253 0.103734 -0.982727 -0.491993 0.987907 -0.00760607 -0.154864 0.441555 
-0.166359 -0.968714 0.184166 -0.497042 0.948948 -0.10652 0.296901 -0.280488 -0.267995 0.224157 0.936981 0.415822 -0.0325136 -0.99439 -0.100657 0.378724 -0.151992 0.104458 -0.982846 -0.492757 0.987847 -0.0166568 -0.154535 0.442289 
0.279944 -0.928332 0.244602 0.300919 -0.147641 -0.29339 -0.944523 -0.479385 0.948596 0.2283 -0.219192 0.478003 -0.0308727 -0.994434 -0.100734 0.37952 -0.152199 0.104284 -0.982833 -0.492624 0.987868 -0.0150111 -0.154571 0.442174 
0.230438 -0.928573 0.290948 0.201144 0.100162 -0.274773 -0.956278 -0.454448 0.967918 0.249505 0.0296895 0.470138 -0.029231 -0.994476 -0.100812 0.380315 -0.152405 0.10411 -0.982819 -0.492492 0.987886 -0.0133646 -0.154606 0.442059 
0.170952 -0.930693 0.323399 0.101346 0.342531 -0.251618 -0.905185 -0.429524 0.923822 0.265517 0.275777 0.46227 -0.0275892 -0.994515 -0.100889 0.381111 -0.15261 0.103935 -0.982806 -0.492359 0.987901 -0.0117181 -0.154641 0.441945 
0.105263 -0.934576 0.339834 0.0015493 0.563799 -0.225417 -0.794555 -0.40459 0.819177 0.275236 0.503185 0.454387 -0.0259473 -0.994551 -0.100967 0.381907 -0.152815 0.10376 -0.982793 -0.492227 0.987914 -0.0100715 -0.154675 0.44183 
0.0376357 -0.939972 0.339171 -0.0982456 0.749696 -0.197853 -0.631515 -0.379703 0.660712 0.278042 0.697246 0.446561 -0.0243054 -0.994585 -0.101045 0.382703 -0.15302 0.103585 -0.982779 -0.492094 0.987924 -0.00842495 -0.154709 0.441715 
-0.0275103 -0.946508 0.321506 -0.198043 0.888169 -0.170729 -0.426624 -0.354797 0.458694 0.273815 0.845355 0.438706 -0.0226635 -0.994616 -0.101122 0.383498 -0.153225 0.103409 -0.982766 -0.491961 0.987931 -0.00677848 -0.154743 0.4416 
-0.0859875 -0.953774 0.28796 -0.297848 0.970285 -0.145782 -0.193118 -0.329881 0.22617 0.262798 0.937968 0.430844 -0.0210214 -0.994644 -0.1012 0.384294 -0.153429 0.103233 -0.982752 -0.491829 0.987936 -0.00513176 -0.154778 0.441485 
-0.133994 -0.961304 0.240707 -0.397649 0.990742 -0.124599 0.0539059 -0.30497 -0.0218281 0.245702 0.9691 0.422988 -0.0193793 -0.994669 -0.101278 0.38509 -0.153633 0.103056 -0.982739 -0.491696 0.987938 -0.00348515 -0.154812 0.441371 
-0.168166 -0.968643 0.182894 -0.497401 0.948284 -0.108293 0.29838 -0.280131 -0.269217 0.223613 0.93676 0.415185 -0.0177373 -0.994692 -0.101356 0.385885 -0.153837 0.10288 -0.982726 -0.491564 0.987937 -0.00183856 -0.154845 0.441256 
-0.168166 -0.968643 0.182894 -0.497401 0.948284 -0.108293 0.29838 -0.280131 -0.269217 0.223613 0.93676 0.415185 -0.0189453 -0.994669 -0.101368 0.385333 -0.153676 0.103078 -0.98273 -0.491655 0.98794 -0.00304025 -0.15481 0.44134 
0.279944 -0.928332 0.244603 0.300918 -0.14764 -0.293391 -0.944523 -0.479383 0.948596 0.228301 -0.219192 0.478 -0.018661 -0.994673 -0.101375 0.385468 -0.153712 0.103041 -0.982728 -0.491633 0.987939 -0.00275617 -0.154816 0.44132 
0.230433 -0.928574 0.290949 0.201135 0.100157 -0.274774 -0.956278 -0.454444 0.96792 0.249499 0.0296862 0.470131 -0.0183755 -0.994678 -0.101381 0.385603 -0.153749 0.103003 -0.982727 -0.49161 0.987939 -0.00247085 -0.154823 0.4413 
0.170907 -0.930708 0.323379 0.101361 0.342537 -0.25161 -0.905185 -0.429539 0.923828 0.265472 0.2758 0.462285 -0.0180904 -0.994682 -0.101388 0.385737 -0.153785 0.102966 -0.982725 -0.491588 0.987939 -0.00218598 -0.15483 0.44128 
0.105225 -0.934591 0.339806 0.00157287 0.563812 -0.225408 -0.794548 -0.404636 0.819172 0.275193 0.503215 0.45443 -0.0178054 -0.994687 -0.101394 0.385872 -0.153822 0.102928 -0.982723 -0.491565 0.987938 -0.00190114 -0.154837 0.44126 
0.0376324 -0.939973 0.339168 -0.0982377 0.749694 -0.197854 -0.631516 -0.379715 0.660713 0.278038 0.697247 0.446568 -0.0175204 -0.994691 -0.101401 0.386007 -0.153858 0.102891 -0.982721 -0.491543 0.987938 -0.00161626 -0.154844 0.44124 
-0.0275109 -0.946508 0.321506 -0.198044 0.888168 -0.170729 -0.426625 -0.354797 0.458694 0.273814 0.845355 0.438706 -0.0172353 -0.994696 -0.101407 0.386142 -0.153895 0.102853 -0.98272 -0.491521 0.987937 -0.00133138 -0.154851 0.441221 
-0.0859935 -0.953774 0.28796 -0.297849 0.970284 -0.145787 -0.193117 -0.32988 0.226171 0.262796 0.937968 0.430843 -0.0169505 -0.9947 -0.101414 0.386277 -0.153931 0.102816 -0.982718 -0.491498 0.987936 -0.00104678 -0.154858 0.441201 
-0.134035 -0.9613 0.240699 -0.397656 0.990736 -0.12464 0.0539165 -0.304962 -0.0218293 0.245696 0.969101 0.422982 -0.0166656 -0.994704 -0.101421 0.386411 -0.153967 0.102778 -0.982716 -0.491476 0.987935 -0.000761991 -0.154865 0.441181 
-0.168532 -0.968602 0.182777 -0.497457 0.948201 -0.108653 0.298511 -0.280044 -0.269279 0.223618 0.936741 0.415121 -0.0163802 -0.994708 -0.101427 0.386546 -0.154004 0.10274 -0.982714 -0.491453 0.987934 -0.000476793 -0.154872 0.441161 
-0.168532 -0.968602 0.182777 -0.497457 0.948201 -0.108653 0.298511 -0.280044 -0.269279 0.223618 0.936741 0.415121 -0.0177207 -0.994705 -0.101231 0.385889 -0.153695 0.102753 -0.982761 -0.491627 0.987959 -0.0018565 -0.154702 0.441355 
0.279949 -0.92833 0.244604 0.300903 -0.147644 -0.293394 -0.944522 -0.479377 0.948594 0.228304 -0.219197 0.477994 -0.0181442 -0.994586 -0.102324 0.386037 -0.153529 0.103898 -0.982667 -0.491556 0.987977 -0.00211999 -0.154583 0.44132 
0.230423 -0.928578 0.290943 0.201162 0.100165 -0.274767 -0.956279 -0.454451 0.967922 0.249491 0.0296987 0.470149 -0.0185666 -0.994465 -0.103416 0.386185 -0.153363 0.105043 -0.982571 -0.491486 0.987996 -0.00238282 -0.154464 0.441285 
0.170901 -0.930709 0.323378 0.10138 0.342534 -0.251613 -0.905186 -0.429553 0.923831 0.265465 0.275798 0.462288 -0.0189889 -0.994343 -0.104509 0.386333 -0.153195 0.106187 -0.982474 -0.491416 0.988013 -0.00264582 -0.154345 0.44125 
0.105225 -0.934591 0.339806 0.00157044 0.563812 -0.225409 -0.794548 -0.404635 0.819173 0.275193 0.503215 0.45443 -0.0194108 -0.994219 -0.105602 0.386481 -0.153027 0.107332 -0.982376 -0.491345 0.988031 -0.0029087 -0.154226 0.441215 
0.0376322 -0.939973 0.339168 -0.0982381 0.749694 -0.197854 -0.631516 -0.379714 0.660713 0.278038 0.697247 0.446568 -0.0198328 -0.994094 -0.106694 0.386629 -0.152859 0.108476 -0.982276 -0.491274 0.988049 -0.00317203 -0.154108 0.441179 
-0.027511 -0.946508 0.321505 -0.198044 0.888169 -0.170729 -0.426624 -0.354797 0.458694 0.273814 0.845356 0.438706 -0.0202546 -0.993968 -0.107787 0.386776 -0.15269 0.109619 -0.982176 -0.491204 0.988066 -0.00343559 -0.15399 0.441144 
-0.0859929 -0.953774 0.28796 -0.297849 0.970284 -0.145787 -0.193118 -0.32988 0.226172 0.262796 0.937968 0.430843 -0.0206761 -0.99384 -0.108879 0.386924 -0.152521 0.110763 -0.982074 -0.491134 0.988084 -0.00369914 -0.153872 0.441109 
-0.134036 -0.961301 0.240698 -0.397656 0.990736 -0.12464 0.0539166 -0.304962 -0.0218294 0.245695 0.969101 0.422982 -0.0210974 -0.993711 -0.109971 0.387072 -0.152351 0.111906 -0.98197 -0.491063 0.988101 -0.00396281 -0.153754 0.441074 
-0.168532 -0.968602 0.182777 -0.497457 0.948201 -0.108653 0.298511 -0.280044 -0.269279 0.223618 0.936741 0.415121 -0.0215186 -0.99358 -0.111063 0.38722 -0.152181 0.11305 -0.981866 -0.490993 0.988118 -0.00422661 -0.153637 0.441039 
-0.168532 -0.968602 0.182777 -0.497457 0.948201 -0.108653 0.298511 -0.280044 -0.269279 0.223618 0.936741 0.415121 -0.0211372 -0.993725 -0.109839 0.387026 -0.152323 0.111782 -0.981989 -0.491098 0.988105 -0.00402554 -0.153729 0.44109 
0.279948 -0.928331 0.244603 0.300905 -0.147646 -0.293394 -0.944521 -0.479376 0.948594 0.228302 -0.219199 0.477997 -0.0214838 -0.993851 -0.108621 0.387219 -0.152973 0.110635 -0.982018 -0.491077 0.987997 -0.00448139 -0.154409 0.441222 
0.230424 -0.928578 0.290944 0.201164 0.100163 -0.274768 -0.956279 -0.454459 0.967922 0.249491 0.0296964 0.470156 -0.0218292 -0.993976 -0.107403 0.387411 -0.153623 0.109488 -0.982045 -0.491056 0.987888 -0.0049377 -0.155088 0.441354 
0.1709 -0.930709 0.323379 0.101382 0.342533 -0.251614 -0.905186 -0.429555 0.923831 0.265464 0.275798 0.462288 -0.0221739 -0.994099 -0.106184 0.387604 -0.154274 0.108341 -0.98207 -0.491034 0.987779 -0.00539479 -0.155766 0.441486 
0.105225 -0.934591 0.339806 0.00157168 0.563812 -0.225409 -0.794548 -0.404636 0.819173 0.275193 0.503214 0.45443 -0.0225177 -0.994221 -0.104965 0.387796 -0.154925 0.107193 -0.982094 -0.491013 0.98767 -0.00585284 -0.156443 0.441618 
0.0376322 -0.939973 0.339168 -0.0982379 0.749694 -0.197854 -0.631516 -0.379714 0.660713 0.278038 0.697247 0.446568 -0.0228607 -0.994341 -0.103746 0.387989 -0.155576 0.106047 -0.982115 -0.490992 0.987559 -0.00631147 -0.15712 0.44175 
-0.027511 -0.946508 0.321505 -0.198044 0.888168 -0.170729 -0.426625 -0.354797 0.458694 0.273814 0.845355 0.438705 -0.0232029 -0.99446 -0.102526 0.388182 -0.156229 0.104901 -0.982135 -0.490971 0.987448 -0.00677083 -0.157797 0.441882 
-0.0859935 -0.953774 0.28796 -0.297849 0.970284 -0.145788 -0.193118 -0.32988 0.226171 0.262796 0.937968 0.430843 -0.0235443 -0.994577 -0.101306 0.388374 -0.156881 0.103754 -0.982152 -0.49095 0.987337 -0.00723108 -0.158473 0.442014 
-0.134035 -0.961301 0.240699 -0.397656 0.990736 -0.124639 0.0539163 -0.304962 -0.0218293 0.245695 0.969101 0.422982 -0.0238849 -0.994692 -0.100086 0.388567 -0.157533 0.102608 -0.982168 -0.490928 0.987225 -0.00769213 -0.159148 0.442146 
-0.168532 -0.968602 0.182777 -0.497457 0.948201 -0.108653 0.298511 -0.280044 -0.269279 0.223618 0.936741 0.415121 -0.0242246 -0.994806 -0.0988648 0.388759 -0.158186 0.101462 -0.982183 -0.490907 0.987112 -0.00815395 -0.159823 0.442278 
-0.168532 -0.968602 0.182777 -0.497457 0.948201 -0.108653 0.298511 -0.280044 -0.269279 0.223618 0.936741 0.415121 -0.0240045 -0.994697 -0.100006 0.388567 -0.15769 0.10255 -0.982149 -0.490948 0.987197 -0.00780594 -0.159316 0.442096 
0.279947 -0.928331 0.244603 0.300906 -0.147648 -0.293393 -0.944521 -0.479374 0.948594 0.228301 -0.219201 0.477999 -0.024306 -0.994753 -0.0993719 0.388693 -0.156756 0.101964 -0.98236 -0.490938 0.987338 -0.00830003 -0.158412 0.442024 
0.230423 -0.928578 0.290944 0.201164 0.100164 -0.274768 -0.956279 -0.454459 0.967922 0.249491 0.0296967 0.470155 -0.0246074 -0.994809 -0.0987383 0.388818 -0.155823 0.101378 -0.982569 -0.490927 0.987478 -0.00879281 -0.157509 0.441952 
0.1709 -0.930709 0.323379 0.101382 0.342533 -0.251613 -0.905186 -0.429555 0.923831 0.265464 0.275798 0.462288 -0.0249093 -0.994864 -0.0981049 0.388944 -0.15489 0.100791 -0.982777 -0.490917 0.987618 -0.00928487 -0.156605 0.441881 
0.105225 -0.934591 0.339806 0.0015715 0.563812 -0.225409 -0.794548 -0.404636 0.819173 0.275193 0.503214 0.45443 -0.0252118 -0.994919 -0.0974718 0.389069 -0.153956 0.100204 -0.982984 -0.490907 0.987756 -0.00977644 -0.1557 0.441809 
0.0376321 -0.939973 0.339168 -0.0982377 0.749694 -0.197854 -0.631516 -0.379715 0.660714 0.278038 0.697246 0.446568 -0.025515 -0.994973 -0.0968389 0.389195 -0.153023 0.0996161 -0.983189 -0.490897 0.987893 -0.0102675 -0.154795 0.441737 
-0.027511 -0.946508 0.321505 -0.198043 0.888168 -0.170729 -0.426625 -0.354797 0.458694 0.273814 0.845355 0.438705 -0.0258188 -0.995027 -0.0962063 0.389321 -0.152089 0.0990279 -0.983393 -0.490886 0.988029 -0.010758 -0.15389 0.441665 
-0.0859935 -0.953774 0.28796 -0.297849 0.970284 -0.145788 -0.193118 -0.32988 0.226171 0.262796 0.937968 0.430843 -0.026123 -0.99508 -0.0955739 0.389446 -0.151156 0.0984391 -0.983596 -0.490876 0.988165 -0.0112479 -0.152984 0.441593 
-0.134035 -0.961301 0.240699 -0.397656 0.990736 -0.124639 0.0539163 -0.304962 -0.0218293 0.245695 0.969101 0.422982 -0.0264279 -0.995132 -0.0949417 0.389572 -0.150223 0.0978499 -0.983798 -0.490866 0.988299 -0.0117373 -0.152078 0.441522 
-0.168532 -0.968602 0.182777 -0.497457 0.948201 -0.108653 0.298511 -0.280044 -0.269279 0.223618 0.936741 0.415121 -0.0267334 -0.995184 -0.0943098 0.389697 -0.14929 0.0972601 -0.983998 -0.490855 0.988432 -0.0122261 -0.151171 0.44145 
-0.168532 -0.968602 0.182777 -0.497457 0.948201 -0.108653 0.298511 -0.280044 -0.269279 0.223618 0.936741 0.415121 -0.0265664 -0.995156 -0.094655 0.389581 -0.149914 0.0975838 -0.983872 -0.490899 0.988342 -0.0119479 -0.15178 0.441521 
0.279952 -0.928342 0.244559 0.30098 -0.147641 -0.293348 -0.944537 -0.47939 0.948593 0.228318 -0.219184 0.477999 -0.0266867 -0.995183 -0.094331 0.389669 -0.149242 0.0972734 -0.984004 -0.490904 0.98844 -0.0121817 -0.151119 0.441485 
0.230438 -0.928583 0.290917 0.201188 0.100167 -0.274739 -0.956287 -0.454469 0.967918 0.249505 0.0297027 0.47014 -0.0268074 -0.995211 -0.0940068 0.389757 -0.148571 0.0969627 -0.984137 -0.49091 0.988538 -0.0124155 -0.150459 0.441449 
0.170908 -0.93071 0.323371 0.101378 0.342536 -0.251602 -0.905188 -0.429552 0.923829 0.26547 0.275801 0.462286 -0.0269283 -0.995238 -0.0936827 0.389844 -0.147899 0.0966518 -0.984268 -0.490915 0.988636 -0.0126491 -0.149797 0.441413 
0.105228 -0.934591 0.339804 0.00157024 0.563812 -0.225405 -0.794549 -0.404634 0.819172 0.275194 0.503215 0.454427 -0.0270494 -0.995265 -0.0933586 0.389932 -0.147227 0.0963408 -0.9844 -0.490921 0.988733 -0.0128824 -0.149136 0.441377 
0.0376422 -0.939977 0.339156 -0.0982335 0.7497 -0.197837 -0.631514 -0.379718 0.660706 0.278037 0.697254 0.446563 -0.0271715 -0.995292 -0.0930347 0.39002 -0.146556 0.0960297 -0.98453 -0.490926 0.988829 -0.0131163 -0.148475 0.44134 
-0.027466 -0.94652 0.321475 -0.198032 0.888184 -0.170668 -0.426615 -0.354808 0.458666 0.273812 0.845372 0.438701 -0.0272923 -0.995319 -0.0927108 0.390108 -0.145884 0.0957182 -0.98466 -0.490931 0.988925 -0.0133486 -0.147814 0.441304 
-0.0859456 -0.953782 0.287946 -0.297841 0.970294 -0.145734 -0.193111 -0.32989 0.22615 0.262795 0.937974 0.430843 -0.027414 -0.995346 -0.0923869 0.390196 -0.145212 0.0954066 -0.98479 -0.490937 0.989021 -0.0135813 -0.147152 0.441268 
-0.133999 -0.961306 0.240696 -0.397651 0.990741 -0.124602 0.0539174 -0.30497 -0.02184 0.245692 0.969102 0.422984 -0.027536 -0.995372 -0.0920632 0.390283 -0.144541 0.0950949 -0.984919 -0.490942 0.989116 -0.0138138 -0.14649 0.441232 
-0.168389 -0.968625 0.182785 -0.49744 0.94822 -0.108513 0.298503 -0.280081 -0.269303 0.223585 0.936742 0.415129 -0.0276582 -0.995399 -0.0917395 0.390371 -0.143869 0.094783 -0.985047 -0.490948 0.98921 -0.0140462 -0.145828 0.441196 
-0.168389 -0.968625 0.182785 -0.49744 0.94822 -0.108513 0.298503 -0.280081 -0.269303 0.223585 0.936742 0.415129 -0.0275074 -0.995365 -0.0921466 0.390296 -0.144683 0.0951752 -0.98489 -0.490929 0.989096 -0.0137597 -0.146631 0.441223 
0.279952 -0.928342 0.244556 0.30098 -0.147642 -0.293345 -0.944537 -0.479389 0.948593 0.228319 -0.219184 0.477997 -0.0274681 -0.995361 -0.0922022 0.39038 -0.144876 0.0952271 -0.984857 -0.490973 0.989068 -0.0136943 -0.14682 0.441298 
0.230444 -0.928584 0.290907 0.201189 0.100168 -0.274728 -0.95629 -0.454469 0.967916 0.249511 0.0297052 0.470137 -0.027429 -0.995357 -0.0922585 0.390464 -0.145068 0.0952798 -0.984823 -0.491017 0.989041 -0.013629 -0.147008 0.441372 
0.17091 -0.930711 0.323369 0.101378 0.342537 -0.2516 -0.905188 -0.429552 0.923828 0.265471 0.275802 0.462286 -0.0273898 -0.995353 -0.0923149 0.390548 -0.14526 0.0953325 -0.98479 -0.491061 0.989014 -0.0135636 -0.147196 0.441447 
0.105228 -0.934591 0.339804 0.0015701 0.563812 -0.225406 -0.794549 -0.404634 0.819172 0.275194 0.503215 0.454427 -0.0273509 -0.995349 -0.0923712 0.390632 -0.145451 0.095385 -0.984757 -0.491105 0.988987 -0.0134985 -0.147384 0.441522 
0.0376402 -0.939976 0.339158 -0.0982342 0.749699 -0.19784 -0.631515 -0.379718 0.660708 0.278037 0.697252 0.446563 -0.0273117 -0.995345 -0.0924276 0.390716 -0.145643 0.0954377 -0.984723 -0.491149 0.98896 -0.013433 -0.147572 0.441596 
-0.0274755 -0.946518 0.321479 -0.198034 0.888182 -0.170679 -0.426616 -0.354806 0.45867 0.27381 0.84537 0.438701 -0.0272724 -0.995341 -0.0924841 0.390801 -0.145835 0.0954904 -0.98469 -0.491193 0.988933 -0.0133674 -0.14776 0.441671 
-0.0859624 -0.95378 0.287948 -0.297844 0.970291 -0.145751 -0.193111 -0.329887 0.226155 0.262793 0.937973 0.430843 -0.0272333 -0.995336 -0.0925405 0.390885 -0.146027 0.095543 -0.984656 -0.491237 0.988906 -0.013302 -0.147948 0.441746 
-0.134015 -0.961304 0.240695 -0.397653 0.990739 -0.124618 0.0539187 -0.304967 -0.0218374 0.245692 0.969102 0.422983 -0.0271942 -0.995332 -0.092597 0.390969 -0.146219 0.0955956 -0.984623 -0.491281 0.988878 -0.0132366 -0.148136 0.441821 
-0.168456 -0.968616 0.182775 -0.497449 0.948209 -0.108578 0.298514 -0.280064 -0.2693 0.223595 0.936741 0.415122 -0.0271551 -0.995328 -0.0926534 0.391053 -0.146411 0.0956482 -0.984589 -0.491325 0.988851 -0.0131712 -0.148324 0.441895 
-0.168456 -0.968616 0.182775 -0.497449 0.948209 -0.108578 0.298514 -0.280064 -0.2693 0.223595 0.936741 0.415122 -0.027378 -0.99533 -0.092572 0.390804 -0.146085 0.0955964 -0.984642 -0.491241 0.988893 -0.0134342 -0.14802 0.441709 
0.27995 -0.928342 0.244558 0.30098 -0.147642 -0.293347 -0.944537 -0.479388 0.948594 0.228316 -0.219185 0.477997 -0.0274874 -0.995326 -0.0925802 0.390918 -0.146462 0.0956257 -0.984584 -0.491267 0.988834 -0.0135042 -0.148405 0.441827 
0.230443 -0.928584 0.290908 0.201189 0.100168 -0.27473 -0.95629 -0.454469 0.967917 0.24951 0.0297048 0.470138 -0.0275969 -0.995322 -0.0925888 0.391032 -0.146838 0.0956557 -0.984524 -0.491293 0.988775 -0.0135742 -0.148791 0.441946 
0.170908 -0.93071 0.323371 0.101378 0.342536 -0.251603 -0.905188 -0.429552 0.923829 0.26547 0.275801 0.462287 -0.0277064 -0.995318 -0.0925974 0.391146 -0.147215 0.0956857 -0.984465 -0.491318 0.988716 -0.0136442 -0.149177 0.442064 
0.105227 -0.934591 0.339805 0.00156986 0.563812 -0.225407 -0.794549 -0.404634 0.819172 0.275194 0.503214 0.454427 -0.0278165 -0.995314 -0.0926055 0.39126 -0.147591 0.0957154 -0.984406 -0.491344 0.988657 -0.0137149 -0.149562 0.442183 
0.0376404 -0.939976 0.339158 -0.0982341 0.749699 -0.197839 -0.631515 -0.379718 0.660707 0.278037 0.697253 0.446563 -0.0279257 -0.99531 -0.0926142 0.391374 -0.147968 0.0957456 -0.984347 -0.49137 0.988598 -0.0137847 -0.149948 0.442301 
-0.0274873 -0.946515 0.321486 -0.198037 0.888178 -0.170695 -0.426618 -0.354804 0.458677 0.27381 0.845366 0.438701 -0.0280348 -0.995307 -0.0926229 0.391489 -0.148345 0.0957758 -0.984287 -0.491396 0.988538 -0.0138541 -0.150334 0.442419 
-0.0859737 -0.953778 0.287951 -0.297846 0.970289 -0.145764 -0.193112 -0.329884 0.226159 0.262793 0.937972 0.430842 -0.0281443 -0.995303 -0.0926313 0.391603 -0.148722 0.0958059 -0.984227 -0.491422 0.988478 -0.0139241 -0.15072 0.442538 
-0.134023 -0.961303 0.240696 -0.397654 0.990738 -0.124626 0.0539188 -0.304965 -0.0218353 0.245693 0.969102 0.422982 -0.0282538 -0.995299 -0.0926396 0.391717 -0.149098 0.095836 -0.984167 -0.491447 0.988419 -0.013994 -0.151105 0.442656 
-0.168487 -0.968611 0.182773 -0.497453 0.948205 -0.108609 0.298516 -0.280056 -0.269295 0.223602 0.93674 0.41512 -0.0283633 -0.995295 -0.092648 0.391831 -0.149475 0.0958662 -0.984107 -0.491473 0.988359 -0.0140639 -0.151491 0.442775 
-0.168487 -0.968611 0.182773 -0.497453 0.948205 -0.108609 0.298516 -0.280056 -0.269295 0.223602 0.93674 0.41512 -0.0281845 -0.995313 -0.0925102 0.391629 -0.148829 0.0956938 -0.984222 -0.49145 0.988461 -0.0139716 -0.150828 0.442623 
0.279945 -0.928342 0.244566 0.300979 -0.147642 -0.293353 -0.944535 -0.479388 0.948595 0.228309 -0.219185 0.477999 -0.0283973 -0.995309 -0.0924846 0.391749 -0.148611 0.0956975 -0.984254 -0.491454 0.988488 -0.0142059 -0.150632 0.442647 
0.230438 -0.928583 0.290915 0.201187 0.100166 -0.274738 -0.956288 -0.454469 0.967918 0.249504 0.0297028 0.47014 -0.0286111 -0.995305 -0.0924597 0.391869 -0.148393 0.0957018 -0.984287 -0.491459 0.988514 -0.0144411 -0.150435 0.442671 
0.170907 -0.93071 0.323373 0.101377 0.342535 -0.251605 -0.905188 -0.429552 0.923829 0.265469 0.2758 0.462287 -0.0288248 -0.995301 -0.0924348 0.391988 -0.148175 0.0957061 -0.984319 -0.491463 0.988541 -0.0146763 -0.150238 0.442694 
0.105227 -0.934591 0.339805 0.00156971 0.563812 -0.225407 -0.794549 -0.404634 0.819173 0.275194 0.503214 0.454427 -0.0290386 -0.995298 -0.0924102 0.392108 -0.147957 0.0957106 -0.984352 -0.491468 0.988567 -0.0149114 -0.150041 0.442718 
0.037643 -0.939978 0.339153 -0.0982331 0.749701 -0.197833 -0.631514 -0.379719 0.660705 0.278036 0.697256 0.446562 -0.0292523 -0.995294 -0.0923853 0.392228 -0.147739 0.0957148 -0.984384 -0.491472 0.988594 -0.0151466 -0.149844 0.442742 
-0.0274959 -0.946513 0.321492 -0.198039 0.888175 -0.170707 -0.42662 -0.354802 0.458682 0.273811 0.845363 0.438702 -0.0294661 -0.99529 -0.0923603 0.392348 -0.147521 0.0957188 -0.984416 -0.491476 0.98862 -0.0153818 -0.149647 0.442766 
-0.0859812 -0.953777 0.287954 -0.297847 0.970287 -0.145772 -0.193114 -0.329883 0.226163 0.262794 0.937971 0.430842 -0.0296798 -0.995286 -0.0923356 0.392468 -0.147303 0.0957229 -0.984449 -0.491481 0.988646 -0.0156169 -0.14945 0.44279 
-0.134028 -0.961302 0.240697 -0.397655 0.990737 -0.124631 0.0539184 -0.304964 -0.0218336 0.245694 0.969102 0.422982 -0.0298936 -0.995281 -0.0923109 0.392587 -0.147085 0.0957269 -0.984481 -0.491485 0.988672 -0.0158521 -0.149253 0.442813 
-0.168503 -0.968608 0.182772 -0.497455 0.948203 -0.108624 0.298516 -0.280052 -0.269291 0.223606 0.93674 0.41512 -0.0301073 -0.995277 -0.0922863 0.392707 -0.146867 0.0957309 -0.984513 -0.49149 0.988698 -0.0160873 -0.149056 0.442837 
-0.168503 -0.968608 0.182772 -0.497455 0.948203 -0.108624 0.298516 -0.280052 -0.269291 0.223606 0.93674 0.41512 -0.0297626 -0.995297 -0.0921827 0.392364 -0.147364 0.095585 -0.984453 -0.491539 0.988634 -0.0157155 -0.149515 0.442862 
0.280096 -0.928367 0.244297 0.301008 -0.147655 -0.293119 -0.944605 -0.479375 0.948548 0.228508 -0.21918 0.477914 -0.0299122 -0.995294 -0.0921736 0.392507 -0.14699 0.0955924 -0.984508 -0.491549 0.988686 -0.0159003 -0.149157 0.442847 
0.230557 -0.928605 0.290751 0.201213 0.100199 -0.274556 -0.956336 -0.454462 0.967886 0.249623 0.0297445 0.47009 -0.0300623 -0.99529 -0.0921646 0.392651 -0.146616 0.0955998 -0.984563 -0.491559 0.988737 -0.0160854 -0.1488 0.442832 
0.170929 -0.930716 0.323342 0.101384 0.342547 -0.251566 -0.905194 -0.429552 0.923821 0.265484 0.275814 0.462278 -0.0302124 -0.995286 -0.0921557 0.392794 -0.146243 0.0956072 -0.984618 -0.491568 0.988787 -0.0162706 -0.148442 0.442818 
0.10523 -0.934592 0.339802 0.00157074 0.563813 -0.225402 -0.794549 -0.404635 0.819171 0.275195 0.503216 0.454426 -0.0303627 -0.995282 -0.0921471 0.392937 -0.14587 0.0956148 -0.984672 -0.491578 0.988838 -0.0164558 -0.148085 0.442803 
0.0376479 -0.93998 0.339146 -0.0982313 0.749705 -0.197824 -0.631513 -0.37972 0.660701 0.278035 0.69726 0.44656 -0.0305128 -0.995279 -0.0921382 0.393081 -0.145496 0.0956219 -0.984727 -0.491588 0.988888 -0.016641 -0.147727 0.442788 
-0.0274967 -0.946513 0.321493 -0.19804 0.888175 -0.170708 -0.42662 -0.354801 0.458683 0.273811 0.845362 0.438702 -0.0306628 -0.995275 -0.0921293 0.393224 -0.145123 0.0956289 -0.984781 -0.491598 0.988938 -0.0168261 -0.147369 0.442773 
-0.0859863 -0.953775 0.287956 -0.297848 0.970286 -0.145779 -0.193115 -0.329882 0.226166 0.262795 0.93797 0.430843 -0.0308129 -0.995271 -0.0921206 0.393367 -0.14475 0.095636 -0.984836 -0.491608 0.988988 -0.0170113 -0.147012 0.442758 
-0.134032 -0.961301 0.240698 -0.397655 0.990737 -0.124636 0.0539175 -0.304963 -0.0218315 0.245695 0.969101 0.422982 -0.0309631 -0.995267 -0.0921119 0.39351 -0.144376 0.0956431 -0.98489 -0.491617 0.989038 -0.0171965 -0.146654 0.442744 
-0.168517 -0.968605 0.182774 -0.497456 0.948202 -0.108639 0.298514 -0.280048 -0.269286 0.223612 0.936741 0.41512 -0.0311132 -0.995263 -0.0921033 0.393654 -0.144003 0.09565 -0.984944 -0.491627 0.989088 -0.0173816 -0.146297 0.442729 
-0.168517 -0.968605 0.182774 -0.497456 0.948202 -0.108639 0.298514 -0.280048 -0.269286 0.223612 0.936741 0.41512 -0.0309787 -0.995267 -0.0921064 0.393307 -0.144625 0.0956442 -0.984853 -0.491637 0.989001 -0.0171885 -0.146904 0.442772 
0.280068 -0.928364 0.24434 0.301003 -0.147655 -0.293156 -0.944594 -0.479378 0.948557 0.228472 -0.219181 0.477927 -0.0311649 -0.995252 -0.0922071 0.393486 -0.144716 0.0957728 -0.984827 -0.491654 0.988982 -0.0173482 -0.147013 0.44282 
0.23053 -0.928601 0.290785 0.201207 0.100192 -0.274594 -0.956326 -0.454464 0.967893 0.249596 0.0297359 0.4701 -0.0313512 -0.995237 -0.0923084 0.393666 -0.144806 0.0959021 -0.984802 -0.491671 0.988963 -0.017508 -0.147122 0.442869 
0.170922 -0.930714 0.323352 0.101381 0.342543 -0.251578 -0.905192 -0.429552 0.923823 0.265479 0.27581 0.462281 -0.0315376 -0.995221 -0.0924098 0.393845 -0.144895 0.0960314 -0.984776 -0.491688 0.988944 -0.0176677 -0.147232 0.442917 
0.105229 -0.934591 0.339803 0.00157041 0.563813 -0.225404 -0.794549 -0.404635 0.819171 0.275195 0.503216 0.454426 -0.031724 -0.995206 -0.0925112 0.394024 -0.144985 0.0961609 -0.98475 -0.491705 0.988925 -0.0178275 -0.14734 0.442965 
0.0376453 -0.939979 0.339149 -0.0982322 0.749703 -0.197828 -0.631513 -0.379719 0.660703 0.278035 0.697258 0.446561 -0.0319104 -0.995191 -0.0926125 0.394203 -0.145075 0.0962902 -0.984724 -0.491722 0.988906 -0.0179872 -0.147449 0.443014 
-0.0275006 -0.946512 0.321496 -0.198041 0.888173 -0.170713 -0.426621 -0.354801 0.458686 0.273811 0.845361 0.438702 -0.0320967 -0.995175 -0.0927137 0.394383 -0.145164 0.0964195 -0.984698 -0.491739 0.988887 -0.0181468 -0.147559 0.443062 
-0.0859886 -0.953775 0.287957 -0.297849 0.970286 -0.145781 -0.193116 -0.329881 0.226168 0.262795 0.93797 0.430843 -0.0322831 -0.99516 -0.092815 0.394562 -0.145254 0.0965489 -0.984672 -0.491756 0.988868 -0.0183065 -0.147668 0.44311 
-0.134033 -0.961301 0.240698 -0.397655 0.990736 -0.124637 0.0539173 -0.304962 -0.0218309 0.245695 0.969101 0.422982 -0.0324695 -0.995144 -0.0929162 0.394741 -0.145344 0.0966783 -0.984646 -0.491773 0.988848 -0.0184661 -0.147777 0.443158 
-0.168522 -0.968604 0.182775 -0.497457 0.948202 -0.108643 0.298514 -0.280047 -0.269284 0.223613 0.936741 0.41512 -0.0326558 -0.995129 -0.0930175 0.394921 -0.145433 0.0968077 -0.98462 -0.49179 0.988829 -0.0186258 -0.147886 0.443207 
-0.168522 -0.968604 0.182775 -0.497457 0.948202 -0.108643 0.298514 -0.280047 -0.269284 0.223613 0.936741 0.41512 -0.0323505 -0.99516 -0.0927935 0.394526 -0.145271 0.0965379 -0.984671 -0.491763 0.988863 -0.0183745 -0.147691 0.443151 
0.280045 -0.928362 0.244375 0.300998 -0.147655 -0.293186 -0.944585 -0.47938 0.948563 0.228443 -0.219182 0.477938 -0.0326117 -0.995145 -0.092858 0.394721 -0.145484 0.0966444 -0.984629 -0.49178 0.988823 -0.0186011 -0.147929 0.44322 
0.230512 -0.928598 0.290808 0.201203 0.100187 -0.274619 -0.956319 -0.454465 0.967898 0.249578 0.0297301 0.470107 -0.0328732 -0.99513 -0.0929228 0.394916 -0.145696 0.0967512 -0.984587 -0.491796 0.988783 -0.018828 -0.148167 0.443289 
0.170918 -0.930713 0.323357 0.10138 0.342541 -0.251585 -0.905191 -0.429552 0.923825 0.265476 0.275807 0.462282 -0.0331347 -0.995116 -0.0929875 0.395111 -0.145908 0.0968581 -0.984545 -0.491813 0.988743 -0.019055 -0.148405 0.443358 
0.105228 -0.934591 0.339804 0.00157008 0.563812 -0.225405 -0.794549 -0.404635 0.819172 0.275194 0.503215 0.454427 -0.0333965 -0.995101 -0.0930521 0.395306 -0.14612 0.096965 -0.984503 -0.491829 0.988703 -0.0192822 -0.148642 0.443427 
0.0376382 -0.939975 0.33916 -0.0982348 0.749698 -0.197843 -0.631515 -0.379718 0.660709 0.278037 0.697251 0.446563 -0.0336579 -0.995086 -0.0931167 0.395501 -0.146332 0.097072 -0.984461 -0.491846 0.988663 -0.0195089 -0.14888 0.443496 
-0.0275034 -0.946511 0.321498 -0.198041 0.888172 -0.170718 -0.426622 -0.3548 0.458688 0.273812 0.845359 0.438703 -0.0339193 -0.995071 -0.0931813 0.395697 -0.146545 0.0971791 -0.984419 -0.491862 0.988622 -0.0197356 -0.149118 0.443564 
-0.0859902 -0.953775 0.287958 -0.297849 0.970285 -0.145783 -0.193116 -0.329881 0.226169 0.262795 0.937969 0.430843 -0.0341808 -0.995056 -0.0932458 0.395892 -0.146757 0.0972862 -0.984377 -0.491879 0.988582 -0.0199624 -0.149356 0.443633 
-0.134034 -0.961301 0.240698 -0.397656 0.990736 -0.124638 0.0539171 -0.304962 -0.0218304 0.245695 0.969101 0.422982 -0.0344424 -0.995041 -0.0933102 0.396087 -0.146969 0.0973933 -0.984335 -0.491895 0.988541 -0.0201892 -0.149594 0.443702 
-0.168525 -0.968603 0.182775 -0.497457 0.948201 -0.108646 0.298513 -0.280046 -0.269283 0.223614 0.936741 0.41512 -0.034704 -0.995026 -0.0933745 0.396282 -0.147181 0.0975005 -0.984292 -0.491911 0.988501 -0.020416 -0.149832 0.443771 
-0.168525 -0.968603 0.182775 -0.497457 0.948201 -0.108646 0.298513 -0.280046 -0.269283 0.223614 0.936741 0.41512 -0.0343742 -0.995051 -0.0932267 0.395975 -0.146736 0.0972958 -0.984379 -0.491887 0.988578 -0.0201575 -0.149354 0.443698 
0.280027 -0.928359 0.244404 0.300995 -0.147654 -0.293212 -0.944577 -0.479381 0.948569 0.22842 -0.219183 0.477947 -0.0348056 -0.995026 -0.0933319 0.39627 -0.146757 0.0974648 -0.984359 -0.491915 0.98856 -0.0205642 -0.149419 0.443773 
0.230499 -0.928596 0.290825 0.2012 0.100183 -0.274638 -0.956314 -0.454466 0.967902 0.249565 0.0297257 0.470113 -0.0352376 -0.995001 -0.0934365 0.396564 -0.146777 0.0976334 -0.98434 -0.491943 0.988542 -0.0209714 -0.149483 0.443848 
0.170915 -0.930713 0.32336 0.10138 0.34254 -0.251589 -0.90519 -0.429552 0.923826 0.265475 0.275806 0.462283 -0.0356695 -0.994976 -0.0935412 0.396859 -0.146797 0.0978019 -0.98432 -0.491971 0.988523 -0.0213786 -0.149548 0.443924 
0.105228 -0.934591 0.339805 0.00156983 0.563812 -0.225406 -0.794549 -0.404634 0.819172 0.275194 0.503215 0.454427 -0.0361015 -0.994951 -0.0936463 0.397154 -0.146816 0.097971 -0.9843 -0.491999 0.988505 -0.0217859 -0.149612 0.443999 
0.0376355 -0.939974 0.339164 -0.0982358 0.749696 -0.197848 -0.631516 -0.379717 0.660711 0.278037 0.697249 0.446564 -0.0365334 -0.994925 -0.0937506 0.397448 -0.146837 0.0981394 -0.98428 -0.492027 0.988486 -0.0221931 -0.149677 0.444074 
-0.0275059 -0.94651 0.321501 -0.198042 0.888171 -0.170721 -0.426623 -0.354799 0.45869 0.273813 0.845358 0.438703 -0.0369653 -0.994899 -0.0938549 0.397743 -0.146857 0.0983077 -0.98426 -0.492055 0.988467 -0.0226002 -0.149742 0.444149 
-0.0859914 -0.953774 0.287959 -0.297849 0.970285 -0.145785 -0.193116 -0.32988 0.22617 0.262796 0.937969 0.430843 -0.0373972 -0.994873 -0.0939594 0.398038 -0.146877 0.0984763 -0.984241 -0.492083 0.988448 -0.0230074 -0.149807 0.444224 
-0.134034 -0.961301 0.240699 -0.397656 0.990736 -0.124639 0.0539169 -0.304962 -0.0218301 0.245695 0.969101 0.422982 -0.0378291 -0.994847 -0.0940638 0.398333 -0.146897 0.0986449 -0.984221 -0.492111 0.988428 -0.0234145 -0.149871 0.4443 
-0.168527 -0.968603 0.182776 -0.497457 0.948201 -0.108648 0.298513 -0.280046 -0.269282 0.223616 0.936741 0.41512 -0.038261 -0.994821 -0.0941683 0.398627 -0.146916 0.0988135 -0.984201 -0.492139 0.988409 -0.0238217 -0.149936 0.444375 
-0.168527 -0.968603 0.182776 -0.497457 0.948201 -0.108648 0.298513 -0.280046 -0.269282 0.223616 0.936741 0.41512 -0.0378536 -0.994837 -0.094158 0.398308 -0.14687 0.098741 -0.984215 -0.492095 0.988431 -0.0234271 -0.149849 0.44426 
0.280014 -0.928357 0.244427 0.300992 -0.147653 -0.293231 -0.944571 -0.479382 0.948573 0.228403 -0.219184 0.477954 -0.0382734 -0.994805 -0.0943285 0.398609 -0.146847 0.0989722 -0.984195 -0.492137 0.988419 -0.0238166 -0.149872 0.444338 
0.230489 -0.928595 0.290838 0.201198 0.10018 -0.274653 -0.95631 -0.454467 0.967904 0.249556 0.0297223 0.470117 -0.0386937 -0.994773 -0.094498 0.39891 -0.146823 0.0992023 -0.984176 -0.49218 0.988406 -0.0242069 -0.149894 0.444417 
0.170914 -0.930712 0.323363 0.101379 0.342539 -0.251592 -0.90519 -0.429552 0.923827 0.265474 0.275805 0.462284 -0.039114 -0.99474 -0.0946675 0.399211 -0.146799 0.0994325 -0.984156 -0.492222 0.988393 -0.0245972 -0.149916 0.444495 
0.105227 -0.934591 0.339805 0.00156968 0.563812 -0.225407 -0.794549 -0.404634 0.819172 0.275194 0.503214 0.454427 -0.0395343 -0.994707 -0.0948375 0.399512 -0.146774 0.0996631 -0.984137 -0.492265 0.98838 -0.0249874 -0.149937 0.444573 
0.0376344 -0.939974 0.339166 -0.0982362 0.749695 -0.19785 -0.631516 -0.379717 0.660712 0.278038 0.697248 0.446565 -0.0399545 -0.994674 -0.0950067 0.399813 -0.14675 0.099893 -0.984117 -0.492307 0.988366 -0.0253777 -0.14996 0.444652 
-0.0275077 -0.946509 0.321502 -0.198042 0.88817 -0.170724 -0.426624 -0.354799 0.458692 0.273813 0.845357 0.438703 -0.0403748 -0.994641 -0.0951758 0.400114 -0.146726 0.100123 -0.984097 -0.492349 0.988353 -0.0257679 -0.149982 0.44473 
-0.0859923 -0.953774 0.287959 -0.297849 0.970285 -0.145786 -0.193117 -0.32988 0.22617 0.262796 0.937969 0.430843 -0.040795 -0.994608 -0.0953452 0.400415 -0.146702 0.100353 -0.984077 -0.492392 0.988339 -0.0261581 -0.150005 0.444808 
-0.134035 -0.961301 0.240699 -0.397656 0.990736 -0.124639 0.0539168 -0.304962 -0.0218298 0.245696 0.969101 0.422982 -0.0412153 -0.994574 -0.0955146 0.400716 -0.146677 0.100583 -0.984057 -0.492434 0.988325 -0.0265484 -0.150027 0.444886 
-0.168529 -0.968603 0.182776 -0.497457 0.948201 -0.10865 0.298512 -0.280045 -0.269281 0.223616 0.936741 0.41512 -0.0416355 -0.994541 -0.095684 0.401017 -0.146653 0.100813 -0.984037 -0.492477 0.988311 -0.0269386 -0.150049 0.444965 
-0.168529 -0.968603 0.182776 -0.497457 0.948201 -0.10865 0.298512 -0.280045 -0.269281 0.223616 0.936741 0.41512 -0.0412659 -0.99458 -0.0954333 0.400629 -0.146655 0.10051 -0.984068 -0.492428 0.988327 -0.0266127 -0.150008 0.444878 
0.280009 -0.928357 0.244434 0.300991 -0.147653 -0.293237 -0.944569 -0.479383 0.948574 0.228396 -0.219184 0.477956 -0.0415617 -0.994589 -0.0952105 0.40093 -0.146465 0.100328 -0.984115 -0.492468 0.988342 -0.0269564 -0.149842 0.44492 
0.230482 -0.928593 0.290848 0.201197 0.100178 -0.274664 -0.956307 -0.454467 0.967906 0.249548 0.0297197 0.47012 -0.0418588 -0.994598 -0.0949872 0.401231 -0.146274 0.100147 -0.984162 -0.492508 0.988358 -0.0273016 -0.149676 0.444963 
0.170912 -0.930712 0.323365 0.101379 0.342538 -0.251595 -0.905189 -0.429552 0.923827 0.265473 0.275804 0.462285 -0.0421554 -0.994607 -0.0947644 0.401532 -0.146083 0.0999653 -0.984209 -0.492548 0.988374 -0.0276462 -0.14951 0.445005 
0.105227 -0.934591 0.339805 0.00156957 0.563812 -0.225407 -0.794549 -0.404634 0.819173 0.275194 0.503214 0.454427 -0.042452 -0.994615 -0.0945424 0.401833 -0.145892 0.0997846 -0.984255 -0.492588 0.988389 -0.0279906 -0.149343 0.445048 
0.0376338 -0.939973 0.339166 -0.0982365 0.749695 -0.197852 -0.631516 -0.379717 0.660713 0.278038 0.697247 0.446565 -0.0427487 -0.994624 -0.0943194 0.402133 -0.145702 0.0996028 -0.984302 -0.492629 0.988405 -0.0283351 -0.149176 0.44509 
-0.0275088 -0.946509 0.321504 -0.198043 0.888169 -0.170726 -0.426624 -0.354799 0.458693 0.273814 0.845356 0.438704 -0.0430455 -0.994632 -0.0940963 0.402434 -0.145511 0.0994208 -0.984348 -0.492669 0.98842 -0.0286797 -0.14901 0.445132 
-0.0859928 -0.953774 0.28796 -0.297849 0.970285 -0.145787 -0.193117 -0.32988 0.226171 0.262796 0.937969 0.430843 -0.0433423 -0.99464 -0.0938737 0.402735 -0.145321 0.0992392 -0.984395 -0.492709 0.988435 -0.0290241 -0.148843 0.445175 
-0.134035 -0.9613 0.240699 -0.397656 0.990736 -0.124639 0.0539167 -0.304962 -0.0218296 0.245696 0.969101 0.422983 -0.0436391 -0.994648 -0.0936511 0.403036 -0.145131 0.0990575 -0.984441 -0.492749 0.98845 -0.0293685 -0.148677 0.445217 
-0.16853 -0.968602 0.182776 -0.497457 0.948201 -0.108651 0.298512 -0.280045 -0.26928 0.223617 0.936741 0.41512 -0.043936 -0.994656 -0.0934286 0.403337 -0.14494 0.0988757 -0.984488 -0.492789 0.988464 -0.0297129 -0.14851 0.44526 
-0.16853 -0.968602 0.182776 -0.497457 0.948201 -0.108651 0.298512 -0.280045 -0.26928 0.223617 0.936741 0.41512 -0.0433366 -0.994643 -0.0938487 0.402968 -0.145182 0.0992096 -0.984418 -0.492633 0.988455 -0.0290362 -0.148704 0.445193 
0.280008 -0.928358 0.244434 0.300991 -0.147654 -0.293237 -0.944569 -0.479383 0.948575 0.228395 -0.219184 0.477956 -0.0438176 -0.994602 -0.0940589 0.403289 -0.145315 0.0994932 -0.98437 -0.492682 0.988415 -0.0294646 -0.14889 0.445275 
0.230476 -0.928592 0.290856 0.201195 0.100177 -0.274672 -0.956305 -0.454468 0.967908 0.249543 0.0297178 0.470122 -0.0442979 -0.994561 -0.0942696 0.403609 -0.145447 0.0997774 -0.984322 -0.492731 0.988374 -0.0298922 -0.149076 0.445356 
0.170911 -0.930711 0.323366 0.101378 0.342538 -0.251597 -0.905189 -0.429553 0.923828 0.265472 0.275803 0.462285 -0.0447783 -0.994519 -0.0944802 0.40393 -0.14558 0.100062 -0.984273 -0.492779 0.988333 -0.0303197 -0.149263 0.445438 
0.105227 -0.934591 0.339806 0.0015695 0.563811 -0.225408 -0.794549 -0.404634 0.819173 0.275194 0.503214 0.454427 -0.0452587 -0.994477 -0.0946907 0.40425 -0.145712 0.100346 -0.984225 -0.492828 0.988291 -0.0307471 -0.149449 0.44552 
0.0376335 -0.939973 0.339167 -0.0982366 0.749694 -0.197852 -0.631516 -0.379717 0.660713 0.278038 0.697247 0.446565 -0.0457392 -0.994435 -0.0949013 0.40457 -0.145844 0.10063 -0.984176 -0.492877 0.98825 -0.0311746 -0.149635 0.445602 
-0.0275094 -0.946508 0.321504 -0.198043 0.888169 -0.170727 -0.426625 -0.354798 0.458693 0.273814 0.845356 0.438704 -0.0462194 -0.994393 -0.0951113 0.404891 -0.145977 0.100914 -0.984128 -0.492926 0.988208 -0.0316018 -0.149823 0.445683 
-0.0859931 -0.953774 0.28796 -0.297849 0.970284 -0.145787 -0.193117 -0.32988 0.226171 0.262796 0.937968 0.430843 -0.0466999 -0.994351 -0.0953215 0.405211 -0.146109 0.101199 -0.984079 -0.492975 0.988166 -0.032029 -0.150009 0.445765 
-0.134035 -0.961301 0.240699 -0.397656 0.990736 -0.124639 0.0539167 -0.304962 -0.0218297 0.245696 0.969101 0.422983 -0.0471803 -0.994308 -0.0955316 0.405532 -0.146241 0.101483 -0.98403 -0.493023 0.988123 -0.0324562 -0.150196 0.445847 
-0.168531 -0.968602 0.182777 -0.497457 0.948201 -0.108652 0.298512 -0.280044 -0.26928 0.223617 0.936741 0.41512 -0.0476607 -0.994265 -0.0957416 0.405852 -0.146373 0.101768 -0.983981 -0.493072 0.988081 -0.0328833 -0.150383 0.445928 
-0.168531 -0.968602 0.182777 -0.497457 0.948201 -0.108652 0.298512 -0.280044 -0.26928 0.223617 0.936741 0.41512 -0.0472789 -0.994312 -0.095436 0.405537 -0.146115 0.101399 -0.984057 -0.49305 0.988137 -0.0325805 -0.150078 0.445947 
0.280008 -0.928358 0.244431 0.300991 -0.147654 -0.293234 -0.94457 -0.479383 0.948575 0.228396 -0.219184 0.477955 -0.0477564 -0.994253 -0.0958171 0.405865 -0.145977 0.101844 -0.984032 -0.493082 0.988135 -0.0330067 -0.150002 0.445967 
