1534965590651 0.177353 0.890301 -0.419417 -0.505304 -0.946374 0.271221 0.175543 -0.23439 0.270041 0.365792 0.890659 0.440518 0.16008 -0.304787 0.938871 0.370831 -0.775623 0.549475 0.310623 -0.528794 -0.61056 -0.777934 -0.14844 0.432481 
1534965590661 0.184978 0.891774 -0.412944 -0.517728 -0.944914 0.276855 0.17461 -0.236033 0.270038 0.357898 0.893861 0.435045 0.316231 -0.384871 0.867106 0.40083 -0.930001 -0.306257 0.203234 -0.504368 0.187338 -0.870678 -0.454779 0.485897 
1534965590667 0.192588 0.89315 -0.406439 -0.530154 -0.943412 0.28248 0.173722 -0.237674 0.26997 0.349982 0.897011 0.429572 0.316231 -0.384871 0.867106 0.40083 -0.930001 -0.306257 0.203234 -0.504368 0.187338 -0.870678 -0.454779 0.485897 
