1534194002213 -0.0797899 0.484668 -0.871051 -0.649664 -0.959819 0.198491 0.198365 -0.232458 0.269037 0.851879 0.449356 0.481976 0.16008 -0.304787 0.938871 0.370831 -0.775623 0.549475 0.310623 -0.528794 -0.61056 -0.777934 -0.14844 0.432481 
1534194002231 -0.0592483 0.527039 -0.847773 -0.64593 -0.960358 0.201653 0.192479 -0.231845 0.2724 0.82557 0.494199 0.475619 0.316221 -0.384863 0.867113 0.400796 -0.930002 -0.306262 0.203223 -0.504306 0.187351 -0.87068 -0.45477 0.485868 
1534194002238 -0.0389417 0.56825 -0.821934 -0.642681 -0.960694 0.204973 0.187226 -0.232137 0.274865 0.796918 0.537933 0.469008 0.316221 -0.384863 0.867113 0.400796 -0.930002 -0.306262 0.203223 -0.504306 0.187351 -0.87068 -0.45477 0.485868 
