1531950140987 0.275657 0.633204 -0.723233 -0.604483 -0.8825 0.464965 0.0707247 -0.181741 0.381061 0.618757 0.686973 0.426588 0.16008 -0.304787 0.938871 0.370831 -0.775623 0.549475 0.310623 -0.528794 -0.61056 -0.777934 -0.14844 0.432481 
1531950141015 -0.137212 0.82638 -0.54614 -0.595723 -0.985888 -0.0605486 0.156076 -0.248932 0.0959098 0.559848 0.823026 0.415877 0.316303 -0.384296 0.867335 0.400738 -0.930107 -0.305552 0.203812 -0.506302 0.186692 -0.87118 -0.454083 0.485859 
1531950141029 -0.087704 0.804564 -0.587354 -0.597546 -0.99321 -0.0253843 0.113535 -0.249442 0.0764364 0.593323 0.801327 0.420328 0.316241 -0.384856 0.867109 0.400833 -0.929997 -0.306261 0.203246 -0.504431 0.187341 -0.870683 -0.454768 0.485877 
1531950141041 -0.0361493 0.779062 -0.625904 -0.59793 -0.997616 0.00870385 0.0684514 -0.246789 0.0587756 0.626887 0.77689 0.426728 0.316222 -0.384858 0.867115 0.400791 -0.930001 -0.306263 0.203225 -0.504315 0.187352 -0.870682 -0.454765 0.485865 
1531950141051 0.0162815 0.750321 -0.660873 -0.598152 -0.998931 0.0408113 0.021725 -0.244028 0.0432718 0.659812 0.750184 0.433213 0.316221 -0.384858 0.867115 0.400788 -0.930002 -0.306263 0.203223 -0.504306 0.187353 -0.870682 -0.454766 0.485864 
1531950141061 0.0693121 0.718499 -0.692066 -0.59836 -0.997143 0.0707709 -0.0263924 -0.241262 0.0300152 0.691918 0.721352 0.439702 0.316221 -0.384859 0.867115 0.400789 -0.930002 -0.306263 0.203223 -0.504305 0.187353 -0.870682 -0.454767 0.485865 
1531950141071 0.122676 0.683756 -0.719325 -0.598568 -0.992263 0.0984328 -0.0756582 -0.238496 0.0190734 0.723041 0.690542 0.44619 0.31622 -0.38486 0.867114 0.400791 -0.930002 -0.306263 0.203223 -0.504305 0.187352 -0.870681 -0.454767 0.485865 
1531950141081 0.176102 0.646268 -0.742513 -0.59878 -0.984316 0.123658 -0.12582 -0.235739 0.010504 0.753025 0.657908 0.45267 0.31622 -0.384861 0.867114 0.400792 -0.930002 -0.306263 0.203222 -0.504304 0.187352 -0.870681 -0.454768 0.485866 
1531950141091 0.228991 0.606268 -0.761579 -0.59895 -0.973418 0.146323 -0.176204 -0.23339 0.00460935 0.781684 0.623658 0.458949 0.31622 -0.384862 0.867114 0.400793 -0.930002 -0.306262 0.203222 -0.504305 0.187352 -0.870681 -0.454768 0.485866 
1531950141101 0.280992 0.564168 -0.776375 -0.599127 -0.959709 0.16631 -0.226494 -0.231808 0.00133809 0.808737 0.588169 0.464657 0.316221 -0.384862 0.867114 0.400794 -0.930002 -0.306262 0.203223 -0.504308 0.187351 -0.870681 -0.454769 0.485868 
1531950141393 0.280992 0.564168 -0.776375 -0.599127 -0.959709 0.16631 -0.226494 -0.231808 0.00133809 0.808737 0.588169 0.464657 0.316221 -0.384862 0.867114 0.400794 -0.930002 -0.306262 0.203223 -0.504308 0.187351 -0.870681 -0.454769 0.485868 
1531950141403 0.332882 0.519791 -0.78677 -0.599583 -0.942968 0.18364 -0.277645 -0.229251 0.000165257 0.834322 0.551277 0.470661 0.31622 -0.384862 0.867113 0.400795 -0.930002 -0.306262 0.203222 -0.504304 0.187352 -0.87068 -0.454769 0.485867 
1531950141423 0.333386 0.519547 -0.786718 -0.599491 -0.94279 0.183612 -0.278268 -0.228425 -0.000122715 0.834481 0.551037 0.471384 0.31622 -0.384862 0.867113 0.400795 -0.930002 -0.306262 0.203222 -0.504304 0.187352 -0.87068 -0.454769 0.485867 
1531950141433 0.333609 0.519475 -0.786671 -0.599455 -0.942712 0.183591 -0.278548 -0.228103 -0.000273543 0.83453 0.550963 0.471593 0.31622 -0.384862 0.867113 0.400795 -0.930002 -0.306262 0.203222 -0.504304 0.187352 -0.87068 -0.454769 0.485867 
1531950141443 0.333758 0.519416 -0.786646 -0.599432 -0.942659 0.183573 -0.278739 -0.227888 -0.000374718 0.83457 0.550901 0.471747 0.31622 -0.384862 0.867113 0.400795 -0.930002 -0.306262 0.203222 -0.504304 0.187352 -0.87068 -0.454769 0.485867 
1531950141453 0.333859 0.519371 -0.786634 -0.599415 -0.942623 0.18356 -0.278869 -0.227743 -0.00044208 0.834602 0.550854 0.471861 0.31622 -0.384862 0.867113 0.400795 -0.930002 -0.306262 0.203222 -0.504304 0.187352 -0.87068 -0.454769 0.485867 
1531950141463 0.333925 0.519338 -0.786627 -0.599403 -0.9426 0.18355 -0.278954 -0.227647 -0.000486071 0.834624 0.55082 0.471939 0.31622 -0.384862 0.867113 0.400795 -0.930002 -0.306262 0.203222 -0.504304 0.187352 -0.87068 -0.454769 0.485867 
1531950141473 0.333966 0.519316 -0.786624 -0.599396 -0.942585 0.183543 -0.279008 -0.227587 -0.000513695 0.834639 0.550797 0.47199 0.31622 -0.384862 0.867113 0.400795 -0.930002 -0.306262 0.203222 -0.504304 0.187352 -0.87068 -0.454769 0.485867 
1531950141483 0.33399 0.519304 -0.786622 -0.599392 -0.942577 0.18354 -0.279039 -0.227553 -0.000529426 0.834648 0.550784 0.472019 0.31622 -0.384862 0.867113 0.400795 -0.930002 -0.306262 0.203222 -0.504304 0.187352 -0.87068 -0.454769 0.485867 
1531950141493 0.333997 0.5193 -0.786621 -0.599387 -0.942574 0.183536 -0.279049 -0.227544 -0.000536703 0.834651 0.55078 0.47203 0.31622 -0.384862 0.867113 0.400795 -0.930002 -0.306262 0.203222 -0.504304 0.187352 -0.87068 -0.454769 0.485867 
