1530613599859 0.275657 -0.8825 0.381061 -0.604483 0.633204 0.464965 0.618757 -0.181741 -0.723233 0.0707247 0.686973 0.426588 -0.0807276 -0.991874 -0.0983279 0.442889 -0.148621 0.109525 -0.98281 -0.496875 0.985594 -0.0647263 -0.156255 0.445716 
1530613599872 0.25636 -0.939187 0.228488 0.190522 -0.09544 -0.259828 -0.960927 -0.632759 0.961858 0.224537 -0.156246 0.522991 -0.0741464 -0.992339 -0.0988168 0.437296 -0.149414 0.109025 -0.982746 -0.496394 0.985991 -0.0581025 -0.156353 0.445284 
1530613600370 0.218501 -0.931404 0.291108 0.220456 0.106878 -0.27368 -0.955864 -0.527818 0.969966 0.23997 0.0397474 0.494922 -0.0675655 -0.99276 -0.0993061 0.431696 -0.1502 0.10852 -0.982682 -0.495893 0.986344 -0.0514796 -0.156445 0.444852 
1530613600889 0.16226 -0.93285 0.321655 0.11859 0.348692 -0.250737 -0.903075 -0.461437 0.923085 0.258691 0.284592 0.483134 -0.0609828 -0.993137 -0.0997957 0.426093 -0.150982 0.10801 -0.982618 -0.495387 0.986654 -0.0448554 -0.156533 0.44442 
1530613601417 0.101453 -0.93566 0.338006 0.0061833 0.566381 -0.224998 -0.792835 -0.420067 0.817875 0.271876 0.507113 0.472819 -0.0543979 -0.99347 -0.100286 0.420491 -0.151761 0.107494 -0.982555 -0.494879 0.986919 -0.0382294 -0.156617 0.443988 
1530613601938 0.0360286 -0.940511 0.337848 -0.0997268 0.748977 -0.198404 -0.632194 -0.390054 0.661615 0.275817 0.697273 0.458167 -0.0478107 -0.99376 -0.100777 0.414889 -0.152536 0.106973 -0.982491 -0.494374 0.987141 -0.0316015 -0.156699 0.443555 
1530613602454 -0.028658 -0.947013 0.319914 -0.200692 0.887811 -0.171177 -0.427189 -0.361428 0.459315 0.271781 0.845674 0.447097 -0.0412213 -0.994005 -0.101269 0.409296 -0.153308 0.106447 -0.982428 -0.493879 0.987318 -0.0249716 -0.156777 0.443121 
1530613602993 -0.0865608 -0.95418 0.286438 -0.298905 0.970218 -0.146033 -0.193265 -0.33332 0.226239 0.261179 0.938404 0.436097 -0.0346317 -0.994206 -0.101761 0.403738 -0.154077 0.105916 -0.982365 -0.49341 0.987452 -0.0183419 -0.156852 0.442684 
1530613603512 -0.134169 -0.961548 0.239633 -0.39213 0.990702 -0.124655 0.0544986 -0.306217 -0.0225316 0.244717 0.969333 0.424433 -0.0280642 -0.994362 -0.102254 0.398351 -0.154843 0.105384 -0.982302 -0.492997 0.98754 -0.0117343 -0.156928 0.442236 
1530613604035 -0.169134 -0.968199 0.184351 -0.470179 0.948618 -0.109163 0.296996 -0.284173 -0.267427 0.225111 0.936914 0.407963 -0.0217418 -0.994473 -0.102719 0.393894 -0.155586 0.104857 -0.982241 -0.492629 0.987583 -0.00537403 -0.157006 0.441781 
1530613604538 -0.169134 -0.968199 0.184351 -0.470179 0.948618 -0.109163 0.296996 -0.284173 -0.267427 0.225111 0.936914 0.407963 -0.0218613 -0.994467 -0.10275 0.393873 -0.155623 0.104907 -0.98223 -0.49265 0.987575 -0.00548257 -0.157055 0.441769 
1530613604551 0.279843 -0.930318 0.237057 0.205876 -0.110552 -0.276506 -0.954632 -0.484925 0.953659 0.24094 -0.180227 0.499532 -0.0211615 -0.994477 -0.1028 0.393171 -0.155697 0.104847 -0.982225 -0.492564 0.987578 -0.00477969 -0.157055 0.441732 
1530613604806 0.233697 -0.928027 0.290089 0.185001 0.102143 -0.273268 -0.9565 -0.464227 0.966929 0.253161 0.0309292 0.494691 -0.0204622 -0.994486 -0.102849 0.392468 -0.155769 0.104786 -0.98222 -0.492477 0.987582 -0.00407766 -0.157054 0.441695 
1530613605041 0.171679 -0.930653 0.323128 0.0945129 0.343354 -0.250907 -0.905071 -0.441983 0.923382 0.266329 0.276468 0.489173 -0.0197625 -0.994496 -0.102899 0.391766 -0.155842 0.104725 -0.982215 -0.49239 0.987584 -0.00337503 -0.157054 0.441658 
1530613605280 0.105306 -0.934593 0.339774 -0.00556121 0.56304 -0.225599 -0.795042 -0.41627 0.819693 0.275029 0.502456 0.475998 -0.0190626 -0.994504 -0.102948 0.391064 -0.155916 0.104664 -0.98221 -0.492303 0.987586 -0.00267233 -0.157054 0.441621 
1530613605513 0.0368382 -0.940237 0.338523 -0.103954 0.748813 -0.198353 -0.632404 -0.38911 0.661756 0.276787 0.696755 0.461136 -0.0183628 -0.994512 -0.102997 0.390362 -0.155988 0.104603 -0.982205 -0.492217 0.987588 -0.00196968 -0.157053 0.441585 
1530613605752 -0.028451 -0.946963 0.32008 -0.202101 0.887724 -0.171131 -0.427389 -0.36114 0.459497 0.271983 0.84551 0.447866 -0.0176628 -0.99452 -0.103046 0.389661 -0.156061 0.104542 -0.9822 -0.492132 0.987589 -0.00126682 -0.157052 0.441547 
1530613605995 -0.0865127 -0.95417 0.286489 -0.299499 0.970199 -0.146024 -0.193365 -0.333176 0.226337 0.261223 0.938368 0.43638 -0.0169627 -0.994527 -0.103096 0.388965 -0.156134 0.104481 -0.982194 -0.492052 0.98759 -0.000563919 -0.157052 0.44151 
1530613606244 -0.134176 -0.961546 0.239636 -0.392487 0.990702 -0.124667 0.0544781 -0.306154 -0.0225084 0.244718 0.969333 0.424338 -0.0162649 -0.994533 -0.103146 0.388291 -0.156208 0.10442 -0.982189 -0.491983 0.98759 0.000136914 -0.157052 0.441471 
1530613606484 -0.169249 -0.968162 0.184436 -0.470704 0.948568 -0.109218 0.297137 -0.28431 -0.267533 0.22524 0.936853 0.407243 -0.0155939 -0.994539 -0.103193 0.387735 -0.15628 0.104362 -0.982184 -0.491932 0.98759 0.000811011 -0.157054 0.441432 
1530613606761 -0.169249 -0.968162 0.184436 -0.470704 0.948568 -0.109218 0.297137 -0.28431 -0.267533 0.22524 0.936853 0.407243 -0.0155578 -0.99453 -0.103288 0.387743 -0.156323 0.10445 -0.982168 -0.491903 0.987583 0.000865986 -0.157093 0.441392 
1530613606773 0.28122 -0.929914 0.237013 0.204542 -0.111016 -0.276847 -0.954479 -0.481845 0.9532 0.242107 -0.18109 0.49876 -0.0154873 -0.994531 -0.103284 0.387654 -0.156326 0.104435 -0.982169 -0.491891 0.987584 0.000934932 -0.157089 0.441393 
1530613606923 0.234425 -0.92788 0.28997 0.182951 0.101468 -0.273298 -0.956563 -0.463047 0.966824 0.253665 0.0300817 0.495557 -0.0154178 -0.994533 -0.10328 0.387564 -0.156329 0.10442 -0.98217 -0.491878 0.987585 0.00100277 -0.157084 0.441394 
1530613607131 0.172205 -0.930537 0.323182 0.0929967 0.342876 -0.250944 -0.905242 -0.441645 0.923462 0.266698 0.275845 0.489888 -0.0153485 -0.994534 -0.103276 0.387475 -0.156332 0.104404 -0.982171 -0.491866 0.987585 0.00107039 -0.15708 0.441394 
1530613607274 0.105643 -0.934496 0.339937 -0.00654544 0.562675 -0.225684 -0.795276 -0.416303 0.8199 0.275289 0.501976 0.476432 -0.0152792 -0.994536 -0.103271 0.387385 -0.156335 0.104389 -0.982172 -0.491854 0.987586 0.00113798 -0.157076 0.441395 
1530613607398 0.0369688 -0.940169 0.338697 -0.1044 0.748834 -0.198368 -0.632375 -0.389087 0.661726 0.277006 0.696697 0.461965 -0.0152098 -0.994537 -0.103266 0.387296 -0.156338 0.104374 -0.982173 -0.491842 0.987587 0.00120576 -0.157071 0.441396 
1530613607591 -0.0284055 -0.946922 0.320206 -0.202161 0.887736 -0.171143 -0.427357 -0.361125 0.459475 0.272119 0.845478 0.448113 -0.0151405 -0.994539 -0.103262 0.387207 -0.156341 0.104358 -0.982175 -0.49183 0.987587 0.00127344 -0.157067 0.441397 
1530613607779 -0.0865092 -0.954149 0.286558 -0.299488 0.970201 -0.146033 -0.193349 -0.333173 0.226331 0.261293 0.93835 0.436438 -0.0150714 -0.994541 -0.103257 0.387118 -0.156343 0.104343 -0.982176 -0.491819 0.987588 0.00134077 -0.157062 0.441398 
1530613607953 -0.134203 -0.961531 0.239684 -0.392526 0.990698 -0.124687 0.0545068 -0.306186 -0.0225244 0.244769 0.96932 0.424276 -0.0150021 -0.994542 -0.103253 0.387032 -0.156347 0.104328 -0.982177 -0.49181 0.987588 0.00140854 -0.157058 0.441398 
1530613608095 -0.169362 -0.968125 0.184528 -0.470907 0.948521 -0.109273 0.297266 -0.28445 -0.267627 0.225375 0.936794 0.406874 -0.0149358 -0.994543 -0.103249 0.386962 -0.156349 0.104313 -0.982178 -0.491805 0.987589 0.00147322 -0.157054 0.441399 
1530613608209 -0.169362 -0.968125 0.184528 -0.470907 0.948521 -0.109273 0.297266 -0.28445 -0.267627 0.225375 0.936794 0.406874 -0.0150462 -0.99454 -0.103263 0.386968 -0.156383 0.104345 -0.982169 -0.491831 0.987582 0.00137065 -0.157099 0.441391 
1530613608222 0.281889 -0.929679 0.237139 0.204299 -0.111197 -0.277153 -0.95437 -0.48087 0.952981 0.242658 -0.181504 0.497936 -0.015616 -0.99442 -0.10433 0.387025 -0.15618 0.105488 -0.982079 -0.491775 0.987605 0.000958117 -0.156956 0.441378 
1530613608441 0.234719 -0.9278 0.28999 0.182268 0.101145 -0.273393 -0.95657 -0.462903 0.966787 0.253857 0.029672 0.495798 -0.0161856 -0.994298 -0.105399 0.387081 -0.155978 0.106633 -0.981988 -0.491719 0.987628 0.00054576 -0.156814 0.441365 
1530613608634 0.172414 -0.930477 0.323243 0.092459 0.342652 -0.251008 -0.905309 -0.441779 0.923506 0.266848 0.275553 0.490167 -0.0167548 -0.994175 -0.106468 0.387138 -0.155775 0.107778 -0.981895 -0.491663 0.98765 0.000133533 -0.156673 0.441352 
1530613608829 0.105773 -0.934448 0.340029 -0.00692801 0.562509 -0.22575 -0.795375 -0.416516 0.819997 0.275398 0.501757 0.476716 -0.0173236 -0.99405 -0.107537 0.387194 -0.155571 0.108923 -0.981801 -0.491607 0.987673 -0.000278691 -0.156533 0.441339 
1530613609019 0.0370119 -0.940137 0.33878 -0.104654 0.748838 -0.198392 -0.632363 -0.389229 0.661719 0.277096 0.696667 0.462577 -0.0178923 -0.993924 -0.108605 0.387251 -0.155367 0.110067 -0.981706 -0.491551 0.987695 -0.000691319 -0.156392 0.441326 
1530613609214 -0.0283558 -0.946855 0.320409 -0.202397 0.887765 -0.171176 -0.427285 -0.361229 0.459423 0.272332 0.845438 0.448894 -0.0184604 -0.993796 -0.109674 0.387308 -0.155162 0.111211 -0.981609 -0.491496 0.987717 -0.00110375 -0.156252 0.441313 
1530613609464 -0.0865175 -0.954128 0.286628 -0.299546 0.970204 -0.146051 -0.193323 -0.333251 0.226317 0.261361 0.938334 0.43662 -0.0190276 -0.993667 -0.110742 0.387364 -0.154956 0.112355 -0.981512 -0.491441 0.987738 -0.0015156 -0.156112 0.4413 
1530613609675 -0.134235 -0.961513 0.239738 -0.392566 0.990693 -0.124711 0.0545364 -0.306259 -0.0225395 0.244828 0.969305 0.424262 -0.0195944 -0.993536 -0.111811 0.387419 -0.15475 0.113499 -0.981413 -0.491392 0.987759 -0.00192751 -0.155973 0.441285 
1530613609921 -0.169463 -0.968091 0.184612 -0.471042 0.948483 -0.109323 0.29737 -0.284594 -0.267699 0.225495 0.936744 0.406634 -0.0201473 -0.993405 -0.112872 0.387456 -0.154547 0.114633 -0.981313 -0.491359 0.98778 -0.00232673 -0.155837 0.441264 
1530613610127 -0.169463 -0.968091 0.184612 -0.471042 0.948483 -0.109323 0.29737 -0.284594 -0.267699 0.225495 0.936744 0.406634 -0.0201012 -0.993406 -0.112877 0.387444 -0.154483 0.11463 -0.981323 -0.49138 0.987791 -0.00228817 -0.155768 0.441272 
1530613610140 0.282374 -0.929509 0.23723 0.204062 -0.111326 -0.277374 -0.95429 -0.480225 0.952823 0.243057 -0.181802 0.497377 -0.0204278 -0.993551 -0.111535 0.387612 -0.155148 0.113357 -0.981366 -0.491365 0.98768 -0.00274274 -0.156463 0.441411 
1530613610359 0.234932 -0.927742 0.290004 0.181774 0.100908 -0.273464 -0.956575 -0.462819 0.96676 0.253994 0.0293711 0.495975 -0.020753 -0.993694 -0.110192 0.387779 -0.155813 0.112084 -0.981407 -0.491351 0.987569 -0.00319774 -0.157157 0.441551 
1530613610577 0.172568 -0.930432 0.32329 0.0920842 0.342475 -0.25106 -0.905362 -0.441874 0.923543 0.266955 0.275325 0.490388 -0.0210775 -0.993835 -0.108849 0.387947 -0.156478 0.110811 -0.981446 -0.491337 0.987456 -0.00365384 -0.157849 0.44169 
1530613610801 0.105811 -0.934433 0.340057 -0.00710907 0.562492 -0.225761 -0.795383 -0.416622 0.820004 0.27544 0.501723 0.47709 -0.0214015 -0.993974 -0.107505 0.388115 -0.157144 0.109538 -0.981482 -0.491323 0.987344 -0.0041114 -0.158541 0.441829 
1530613611071 0.0370435 -0.940116 0.338835 -0.104837 0.748837 -0.198407 -0.632358 -0.389321 0.661718 0.277157 0.696645 0.463046 -0.0217241 -0.994112 -0.106161 0.388282 -0.15781 0.108265 -0.981517 -0.491309 0.987231 -0.00456927 -0.159233 0.441968 
1530613611303 -0.0283189 -0.946811 0.320541 -0.202579 0.88778 -0.171196 -0.427246 -0.361302 0.459397 0.27247 0.845408 0.449419 -0.0220457 -0.994247 -0.104817 0.38845 -0.158476 0.106992 -0.981549 -0.491295 0.987117 -0.00502788 -0.159923 0.442108 
1530613611541 -0.0865206 -0.954113 0.286674 -0.299599 0.970204 -0.146062 -0.193312 -0.333306 0.226314 0.261407 0.938322 0.436734 -0.0223659 -0.994381 -0.103473 0.388617 -0.159143 0.10572 -0.981579 -0.491284 0.987002 -0.00548698 -0.160613 0.442246 
1530613611810 -0.134257 -0.961499 0.239779 -0.392596 0.99069 -0.124728 0.0545549 -0.306316 -0.0225473 0.244871 0.969293 0.424248 -0.022683 -0.994513 -0.102128 0.38878 -0.159808 0.104447 -0.981607 -0.491279 0.986887 -0.00594493 -0.1613 0.442379 
1530613612066 -0.169536 -0.968067 0.184674 -0.471128 0.948456 -0.109359 0.297443 -0.284705 -0.267749 0.225582 0.936709 0.406474 -0.0229853 -0.994642 -0.100794 0.38891 -0.160454 0.103184 -0.981635 -0.491299 0.986776 -0.00639036 -0.161966 0.442489 
1530613612282 -0.169536 -0.968067 0.184674 -0.471128 0.948456 -0.109359 0.297443 -0.284705 -0.267749 0.225582 0.936709 0.406474 -0.0231433 -0.994614 -0.101027 0.388833 -0.160507 0.10344 -0.9816 -0.491337 0.986763 -0.00650195 -0.162037 0.442404 
1530613612292 0.282708 -0.929392 0.237292 0.203876 -0.111413 -0.277526 -0.954236 -0.479808 0.952714 0.243332 -0.182005 0.497005 -0.0234055 -0.994665 -0.10047 0.388949 -0.159523 0.102926 -0.981814 -0.491323 0.986917 -0.00695252 -0.161081 0.442327 
1530613612539 0.235076 -0.927702 0.290013 0.181438 0.100747 -0.273512 -0.956578 -0.462768 0.966742 0.254086 0.0291671 0.496096 -0.0236681 -0.994715 -0.0999134 0.389065 -0.158539 0.102411 -0.982027 -0.491308 0.987069 -0.00740255 -0.160125 0.44225 
1530613612765 0.17267 -0.930403 0.32332 0.091833 0.342358 -0.251094 -0.905397 -0.441939 0.923567 0.267026 0.275174 0.490536 -0.0239314 -0.994764 -0.0993565 0.389181 -0.157554 0.101896 -0.982239 -0.491294 0.98722 -0.00785234 -0.159168 0.442172 
1530613612980 0.105836 -0.934424 0.340076 -0.00723032 0.562481 -0.225767 -0.79539 -0.41669 0.820009 0.275466 0.501701 0.47733 -0.0241951 -0.994813 -0.0988 0.389296 -0.15657 0.10138 -0.98245 -0.49128 0.987371 -0.00830138 -0.158211 0.442095 
1530613613194 0.0370637 -0.940103 0.338869 -0.104956 0.748836 -0.198416 -0.632357 -0.38938 0.661718 0.277195 0.69663 0.463335 -0.024459 -0.994862 -0.0982442 0.389412 -0.155586 0.100864 -0.982659 -0.491266 0.98752 -0.00874947 -0.157253 0.442018 
1530613613412 -0.0282958 -0.946785 0.32062 -0.202697 0.887787 -0.171208 -0.427225 -0.361348 0.459383 0.272554 0.845389 0.449734 -0.024724 -0.99491 -0.0976879 0.389528 -0.154601 0.100347 -0.982868 -0.491252 0.987668 -0.00919781 -0.156295 0.441941 
1530613613638 -0.0865205 -0.954105 0.286702 -0.299638 0.970204 -0.146068 -0.193308 -0.333339 0.226315 0.261434 0.938314 0.436799 -0.0249887 -0.994958 -0.0971326 0.389645 -0.153617 0.0998307 -0.983075 -0.491241 0.987814 -0.00964449 -0.155337 0.441867 
1530613613954 -0.13427 -0.961491 0.239806 -0.392616 0.990688 -0.124739 0.0545648 -0.306355 -0.0225505 0.244899 0.969286 0.424235 -0.0252515 -0.995005 -0.0965796 0.38976 -0.152638 0.0993151 -0.983279 -0.491238 0.987959 -0.0100875 -0.154384 0.441805 
1530613614235 -0.169585 -0.96805 0.184716 -0.47118 0.948438 -0.109384 0.297491 -0.284785 -0.267782 0.225642 0.936685 0.406376 -0.0254979 -0.995051 -0.096042 0.389859 -0.151699 0.098812 -0.983475 -0.49126 0.988098 -0.0105071 -0.153468 0.441807 
1530613614466 -0.169585 -0.96805 0.184716 -0.47118 0.948438 -0.109384 0.297491 -0.284785 -0.267782 0.225642 0.936685 0.406376 -0.0255703 -0.995054 -0.0959831 0.389891 -0.151778 0.0987658 -0.983468 -0.491283 0.988084 -0.0105795 -0.153553 0.441794 
1530613614477 0.282917 -0.929318 0.237331 0.203751 -0.111466 -0.277621 -0.954202 -0.479557 0.952646 0.243505 -0.182131 0.496777 -0.0256647 -0.995079 -0.0957047 0.389965 -0.151151 0.0984982 -0.983591 -0.491285 0.988177 -0.0107777 -0.152935 0.441756 
1530613614689 0.235164 -0.927678 0.290019 0.181231 0.100648 -0.273541 -0.95658 -0.462739 0.966731 0.254143 0.0290415 0.49617 -0.0257598 -0.995103 -0.095426 0.390038 -0.150524 0.0982304 -0.983714 -0.491286 0.988271 -0.0109765 -0.152317 0.441718 
1530613614917 0.172732 -0.930385 0.323339 0.0916798 0.342287 -0.251114 -0.905418 -0.441978 0.923582 0.267069 0.275084 0.490625 -0.0258547 -0.995127 -0.095148 0.390111 -0.149896 0.0979629 -0.983837 -0.491288 0.988364 -0.0111745 -0.151699 0.441679 
1530613615141 0.105851 -0.934418 0.340086 -0.00730384 0.562474 -0.225771 -0.795394 -0.41673 0.820012 0.275482 0.501688 0.477467 -0.0259501 -0.995151 -0.0948696 0.390185 -0.149269 0.097695 -0.983959 -0.491289 0.988456 -0.0113727 -0.15108 0.441641 
1530613615323 0.037075 -0.940096 0.338887 -0.105026 0.748835 -0.19842 -0.632357 -0.389414 0.661719 0.277215 0.696621 0.463491 -0.0260454 -0.995175 -0.0945915 0.390258 -0.148641 0.097427 -0.98408 -0.491291 0.988548 -0.0115706 -0.150462 0.441603 
1530613615329 -0.028283 -0.946772 0.32066 -0.202765 0.88779 -0.171214 -0.427217 -0.361373 0.459378 0.272596 0.845378 0.449896 -0.0261411 -0.995199 -0.0943132 0.390332 -0.148014 0.0971588 -0.984201 -0.491293 0.98864 -0.0117684 -0.149843 0.441565 
1530613615510 -0.0865169 -0.954102 0.286714 -0.299666 0.970203 -0.146069 -0.193312 -0.333355 0.226319 0.261446 0.93831 0.436832 -0.0262366 -0.995223 -0.0940354 0.390405 -0.147387 0.0968908 -0.984322 -0.491295 0.988731 -0.0119657 -0.149225 0.441528 
1530613615832 -0.134277 -0.961486 0.239823 -0.39263 0.990687 -0.124744 0.0545694 -0.306379 -0.0225511 0.244917 0.969282 0.424227 -0.0263311 -0.995247 -0.0937586 0.390478 -0.146762 0.0966236 -0.984441 -0.491301 0.988821 -0.0121612 -0.148609 0.441499 
1530613616055 -0.169618 -0.968039 0.184744 -0.471209 0.948426 -0.109402 0.297522 -0.284841 -0.267802 0.225682 0.93667 0.406324 -0.0264175 -0.99527 -0.0934899 0.390541 -0.146162 0.0963631 -0.984556 -0.491316 0.988908 -0.0123449 -0.148016 0.441507 
1530613616265 -0.169618 -0.968039 0.184744 -0.471209 0.948426 -0.109402 0.297522 -0.284841 -0.267802 0.225682 0.93667 0.406324 -0.0264459 -0.995261 -0.0935711 0.39055 -0.146094 0.0964468 -0.984558 -0.491291 0.988917 -0.0123673 -0.147953 0.441547 
1530613616278 0.283035 -0.929276 0.237354 0.203678 -0.111495 -0.277674 -0.954183 -0.479421 0.952607 0.243603 -0.182201 0.496651 -0.026388 -0.995254 -0.0936634 0.390625 -0.146375 0.096533 -0.984508 -0.491333 0.988877 -0.0122692 -0.148228 0.441614 
1530613616601 0.235214 -0.927665 0.290023 0.181115 0.100592 -0.273558 -0.956581 -0.462724 0.966724 0.254175 0.0289714 0.496212 -0.0263297 -0.995247 -0.0937558 0.390701 -0.146657 0.0966193 -0.984458 -0.491375 0.988837 -0.0121706 -0.148503 0.441681 
1530613616874 0.172766 -0.930375 0.323349 0.0915947 0.342249 -0.251125 -0.905429 -0.442 0.92359 0.267093 0.275034 0.490675 -0.0262713 -0.99524 -0.0938483 0.390777 -0.146938 0.0967056 -0.984407 -0.491417 0.988797 -0.0120718 -0.148779 0.441748 
1530613617059 0.105859 -0.934415 0.340092 -0.00734468 0.56247 -0.225773 -0.795396 -0.416752 0.820013 0.275491 0.50168 0.477541 -0.0262133 -0.995233 -0.0939405 0.390852 -0.147219 0.0967914 -0.984357 -0.491459 0.988756 -0.0119734 -0.149055 0.441816 
1530613617257 0.0370804 -0.940093 0.338895 -0.105064 0.748834 -0.198423 -0.632357 -0.389433 0.661719 0.277225 0.696616 0.463574 -0.026155 -0.995225 -0.0940329 0.390927 -0.147501 0.0968776 -0.984306 -0.491501 0.988716 -0.0118746 -0.149331 0.441883 
1530613617467 -0.0282778 -0.946766 0.320677 -0.202804 0.887791 -0.171217 -0.427214 -0.36139 0.459377 0.272614 0.845373 0.449984 -0.0260974 -0.995218 -0.0941248 0.391002 -0.147782 0.0969633 -0.984255 -0.491541 0.988676 -0.0117765 -0.149606 0.44195 
1530613617651 -0.0865136 -0.954099 0.286722 -0.299695 0.970203 -0.146068 -0.193314 -0.333369 0.226322 0.261455 0.938307 0.436884 -0.0260394 -0.995211 -0.0942172 0.391076 -0.148063 0.0970492 -0.984205 -0.49158 0.988635 -0.011678 -0.149881 0.442016 
1530613617862 -0.134283 -0.961482 0.239834 -0.392645 0.990686 -0.124749 0.0545738 -0.3064 -0.0225527 0.244929 0.969279 0.424238 -0.0259827 -0.995204 -0.0943084 0.391147 -0.148342 0.0971342 -0.984154 -0.491612 0.988595 -0.011581 -0.150155 0.442078 
1530613618061 -0.169639 -0.968032 0.184762 -0.471226 0.948419 -0.109412 0.297541 -0.284878 -0.267814 0.225707 0.93666 0.4063 -0.0259297 -0.995197 -0.0943941 0.391203 -0.148608 0.097214 -0.984106 -0.491624 0.988556 -0.0114899 -0.150415 0.442115 
1530613618239 -0.169639 -0.968032 0.184762 -0.471226 0.948419 -0.109412 0.297541 -0.284878 -0.267814 0.225707 0.93666 0.4063 -0.0258696 -0.995201 -0.0943698 0.391231 -0.148487 0.0971796 -0.984128 -0.491627 0.988576 -0.0114464 -0.150288 0.442107 
1530613618252 0.283098 -0.929254 0.237365 0.203638 -0.111511 -0.277703 -0.954173 -0.479351 0.952586 0.243656 -0.182239 0.496585 -0.026005 -0.995197 -0.0943763 0.391319 -0.148854 0.0972107 -0.984069 -0.491649 0.988517 -0.0115425 -0.150667 0.44221 
1530613618484 0.23524 -0.927657 0.290025 0.181053 0.100563 -0.273566 -0.956582 -0.462717 0.966721 0.254192 0.0289338 0.496235 -0.0261403 -0.995193 -0.0943834 0.391408 -0.149221 0.0972425 -0.984011 -0.49167 0.988458 -0.0116383 -0.151046 0.442314 
1530613618752 0.172784 -0.93037 0.323354 0.0915492 0.342228 -0.251131 -0.905435 -0.442012 0.923594 0.267106 0.275007 0.490702 -0.0262756 -0.995188 -0.0943906 0.391496 -0.149588 0.0972744 -0.983952 -0.491692 0.988399 -0.0117342 -0.151424 0.442417 
1530613618944 0.105863 -0.934413 0.340095 -0.0073666 0.562468 -0.225774 -0.795397 -0.416764 0.820014 0.275496 0.501677 0.477582 -0.0264108 -0.995184 -0.0943978 0.391585 -0.149955 0.0973064 -0.983893 -0.491713 0.98834 -0.01183 -0.151803 0.44252 
1530613619278 0.0370831 -0.940091 0.3389 -0.105084 0.748834 -0.198424 -0.632358 -0.389445 0.66172 0.277229 0.696614 0.46362 -0.0265462 -0.99518 -0.0944047 0.391673 -0.150322 0.0973382 -0.983834 -0.491735 0.988281 -0.011926 -0.152181 0.442623 
1530613619498 -0.0282759 -0.946763 0.320686 -0.202827 0.887792 -0.171219 -0.427212 -0.361402 0.459376 0.272623 0.84537 0.450036 -0.0266816 -0.995176 -0.0944117 0.391761 -0.150689 0.0973702 -0.983774 -0.491756 0.988221 -0.0120218 -0.15256 0.442726 
1530613619690 -0.086513 -0.954094 0.286741 -0.299717 0.970204 -0.14607 -0.193308 -0.333383 0.226319 0.261474 0.938302 0.436942 -0.0268171 -0.995171 -0.0944184 0.391848 -0.151055 0.097402 -0.983715 -0.491775 0.988162 -0.012118 -0.152938 0.442828 
1530613619881 -0.134286 -0.96148 0.239841 -0.392654 0.990686 -0.124751 0.0545765 -0.306412 -0.0225538 0.244936 0.969277 0.424247 -0.0269527 -0.995167 -0.0944242 0.391931 -0.151419 0.097433 -0.983656 -0.491792 0.988102 -0.0122145 -0.153314 0.442925 
1530613620172 -0.16965 -0.968028 0.184772 -0.471236 0.948415 -0.109418 0.297552 -0.284898 -0.267821 0.22572 0.936655 0.406288 -0.0270864 -0.995163 -0.0944258 0.391996 -0.151767 0.0974594 -0.9836 -0.491802 0.988045 -0.0123115 -0.153673 0.44299 
1530613620361 -0.16965 -0.968028 0.184772 -0.471236 0.948415 -0.109418 0.297552 -0.284898 -0.267821 0.22572 0.936655 0.406288 -0.0271025 -0.995152 -0.094544 0.391992 -0.151767 0.0975787 -0.983588 -0.491795 0.988045 -0.0123091 -0.153676 0.442904 
1530613620374 0.283132 -0.929242 0.237372 0.203617 -0.111519 -0.277718 -0.954168 -0.479314 0.952575 0.243684 -0.18226 0.49655 -0.0272987 -0.995151 -0.0944932 0.392093 -0.151486 0.0975551 -0.983633 -0.491799 0.988082 -0.0125375 -0.153415 0.442924 
1530613620619 0.235254 -0.927653 0.290025 0.18102 0.100547 -0.273571 -0.956582 -0.462713 0.966719 0.254201 0.0289137 0.496247 -0.0274953 -0.995151 -0.0944429 0.392193 -0.151205 0.0975319 -0.983679 -0.491803 0.98812 -0.0127663 -0.153154 0.442944 
1530613620884 0.172794 -0.930367 0.323357 0.0915249 0.342217 -0.251134 -0.905439 -0.442018 0.923596 0.267113 0.274993 0.490716 -0.027692 -0.99515 -0.0943923 0.392294 -0.150924 0.0975084 -0.983725 -0.491808 0.988157 -0.0129953 -0.152892 0.442965 
1530613621074 0.105865 -0.934413 0.340097 -0.00737829 0.562467 -0.225774 -0.795397 -0.416771 0.820014 0.275498 0.501674 0.477603 -0.0278885 -0.995149 -0.0943423 0.392394 -0.150642 0.0974852 -0.98377 -0.491812 0.988195 -0.0132239 -0.15263 0.442985 
1530613621279 0.0370845 -0.94009 0.338902 -0.105095 0.748833 -0.198425 -0.632358 -0.389451 0.66172 0.277232 0.696613 0.463644 -0.0280851 -0.995148 -0.0942921 0.392495 -0.150361 0.0974618 -0.983815 -0.491816 0.988232 -0.0134527 -0.152369 0.443005 
1530613621428 -0.0282748 -0.946762 0.32069 -0.202838 0.887792 -0.17122 -0.427211 -0.361408 0.459376 0.272627 0.845369 0.450063 -0.0282817 -0.995148 -0.0942419 0.392596 -0.15008 0.0974382 -0.983861 -0.49182 0.988269 -0.0136814 -0.152107 0.443025 
1530613621626 -0.0865127 -0.954091 0.286751 -0.299729 0.970204 -0.146072 -0.193305 -0.333391 0.226317 0.261484 0.9383 0.436972 -0.028478 -0.995147 -0.0941919 0.392696 -0.149799 0.0974147 -0.983906 -0.491825 0.988306 -0.0139099 -0.151846 0.443046 
1530613621809 -0.134288 -0.961479 0.239845 -0.392659 0.990686 -0.124752 0.0545779 -0.306418 -0.0225543 0.24494 0.969276 0.424251 -0.0286742 -0.995146 -0.0941419 0.392793 -0.149518 0.097391 -0.983951 -0.49183 0.988343 -0.0141381 -0.151585 0.443069 
1530613621988 -0.169656 -0.968026 0.184777 -0.471241 0.948413 -0.109421 0.297557 -0.284909 -0.267825 0.225728 0.936652 0.406281 -0.0288617 -0.995145 -0.0940948 0.392873 -0.149246 0.097369 -0.983994 -0.491841 0.988379 -0.0143564 -0.151332 0.443102 
1530613622173 -0.169656 -0.968026 0.184777 -0.471241 0.948413 -0.109421 0.297557 -0.284909 -0.267825 0.225728 0.936652 0.406281 -0.0288967 -0.99515 -0.0940292 0.392806 -0.14927 0.0973098 -0.983997 -0.491871 0.988374 -0.0143985 -0.151358 0.443132 
1530613622185 0.28315 -0.929236 0.237375 0.203606 -0.111524 -0.277726 -0.954165 -0.479294 0.952569 0.243699 -0.18227 0.496531 -0.0290077 -0.995148 -0.0940133 0.392922 -0.148937 0.097306 -0.984047 -0.491882 0.988421 -0.0145429 -0.151037 0.443114 
1530613622388 0.235262 -0.927651 0.290026 0.181003 0.100538 -0.273574 -0.956582 -0.462711 0.966718 0.254206 0.0289031 0.496253 -0.0291189 -0.995146 -0.0939976 0.393038 -0.148603 0.0973023 -0.984098 -0.491893 0.988468 -0.0146875 -0.150715 0.443097 
1530613622594 0.172799 -0.930365 0.323358 0.0915121 0.342211 -0.251136 -0.905441 -0.442021 0.923597 0.267116 0.274985 0.490724 -0.0292301 -0.995145 -0.0939821 0.393155 -0.14827 0.0972987 -0.984149 -0.491903 0.988515 -0.014832 -0.150394 0.443079 
1530613622752 0.105867 -0.934412 0.340097 -0.00738445 0.562466 -0.225774 -0.795398 -0.416774 0.820015 0.275499 0.501673 0.477614 -0.0293415 -0.995143 -0.093966 0.393271 -0.147936 0.0972945 -0.984199 -0.491914 0.988562 -0.0149769 -0.150073 0.443062 
1530613622758 0.0370853 -0.94009 0.338904 -0.105101 0.748833 -0.198425 -0.632358 -0.389454 0.66172 0.277233 0.696612 0.463657 -0.0294528 -0.995141 -0.0939504 0.393387 -0.147603 0.0972907 -0.98425 -0.491925 0.988608 -0.0151215 -0.149751 0.443045 
1530613623054 -0.0282743 -0.946761 0.320693 -0.202845 0.887792 -0.171221 -0.42721 -0.361411 0.459375 0.27263 0.845368 0.450078 -0.0295641 -0.995139 -0.0939348 0.393503 -0.14727 0.0972868 -0.9843 -0.491935 0.988654 -0.0152662 -0.14943 0.443027 
1530613623284 -0.0865125 -0.954089 0.286756 -0.299735 0.970204 -0.146072 -0.193304 -0.333395 0.226316 0.261489 0.938299 0.436988 -0.0296754 -0.995137 -0.0939189 0.393618 -0.146936 0.0972825 -0.984351 -0.491945 0.988701 -0.0154109 -0.149108 0.443011 
1530613623453 -0.134289 -0.961478 0.239846 -0.392662 0.990686 -0.124753 0.0545786 -0.306421 -0.0225546 0.244942 0.969275 0.424254 -0.029786 -0.995136 -0.0939037 0.39373 -0.146604 0.0972788 -0.9844 -0.491954 0.988747 -0.0155547 -0.148788 0.442997 
1530613623650 -0.169659 -0.968025 0.18478 -0.471244 0.948412 -0.109422 0.29756 -0.284915 -0.267826 0.225731 0.936651 0.406278 -0.0298904 -0.995134 -0.0938911 0.393824 -0.146283 0.0972767 -0.984448 -0.491963 0.988791 -0.0156908 -0.148479 0.443001 
1530613623846 -0.169659 -0.968025 0.18478 -0.471244 0.948412 -0.109422 0.29756 -0.284915 -0.267826 0.225731 0.936651 0.406278 -0.0299401 -0.995127 -0.0939469 0.39382 -0.146247 0.0973388 -0.984448 -0.491972 0.988795 -0.0157351 -0.148448 0.443031 
1530613623859 0.283159 -0.929232 0.237377 0.2036 -0.111526 -0.27773 -0.954163 -0.479284 0.952566 0.243706 -0.182276 0.496521 -0.0301049 -0.995113 -0.0940404 0.393965 -0.146405 0.0974583 -0.984412 -0.49199 0.988767 -0.0158676 -0.148624 0.443077 
1530613624033 0.235265 -0.92765 0.290026 0.180994 0.100534 -0.273575 -0.956582 -0.46271 0.966718 0.254208 0.0288977 0.496256 -0.0302702 -0.995099 -0.0941349 0.39411 -0.146563 0.097579 -0.984377 -0.492007 0.988738 -0.0160006 -0.148799 0.443124 
1530613624284 0.172802 -0.930365 0.323359 0.0915054 0.342208 -0.251137 -0.905441 -0.442023 0.923598 0.267118 0.274981 0.490728 -0.0304354 -0.995085 -0.0942297 0.394255 -0.146721 0.0976999 -0.984341 -0.492024 0.98871 -0.0161333 -0.148974 0.44317 
1530613624505 0.105867 -0.934412 0.340098 -0.00738763 0.562466 -0.225775 -0.795398 -0.416776 0.820015 0.2755 0.501673 0.47762 -0.0306007 -0.995071 -0.0943244 0.3944 -0.14688 0.0978208 -0.984306 -0.492042 0.988681 -0.0162661 -0.149149 0.443216 
1530613624696 0.0370857 -0.94009 0.338904 -0.105104 0.748833 -0.198425 -0.632358 -0.389455 0.66172 0.277234 0.696612 0.463663 -0.0307659 -0.995057 -0.0944192 0.394545 -0.147038 0.0979419 -0.98427 -0.492059 0.988652 -0.0163987 -0.149324 0.443262 
1530613624702 -0.028274 -0.946761 0.320694 -0.202848 0.887792 -0.171221 -0.42721 -0.361412 0.459375 0.272631 0.845368 0.450085 -0.0309313 -0.995043 -0.0945138 0.39469 -0.147196 0.0980627 -0.984234 -0.492076 0.988624 -0.0165316 -0.149499 0.443309 
1530613624907 -0.0865125 -0.954088 0.286759 -0.299738 0.970204 -0.146073 -0.193303 -0.333397 0.226316 0.261492 0.938298 0.436996 -0.0310969 -0.995029 -0.094608 0.394833 -0.147353 0.0981834 -0.984199 -0.492091 0.988595 -0.0166647 -0.149674 0.443354 
1530613625137 -0.134289 -0.961478 0.239847 -0.392663 0.990685 -0.124753 0.054579 -0.306423 -0.0225547 0.244943 0.969275 0.424255 -0.0312618 -0.995015 -0.0947024 0.394972 -0.14751 0.0983041 -0.984163 -0.492103 0.988566 -0.0167971 -0.149848 0.443397 
1530613625528 -0.169661 -0.968024 0.184781 -0.471245 0.948411 -0.109423 0.297561 -0.284918 -0.267827 0.225733 0.93665 0.406276 -0.0314224 -0.995001 -0.0947934 0.395083 -0.147659 0.0984207 -0.984129 -0.492107 0.988539 -0.0169267 -0.150013 0.443424 
1530613625707 -0.169661 -0.968024 0.184781 -0.471245 0.948411 -0.109423 0.297561 -0.284918 -0.267827 0.225733 0.93665 0.406276 -0.0314089 -0.995007 -0.0947357 0.395031 -0.147619 0.098361 -0.984141 -0.492109 0.988545 -0.016926 -0.149972 0.443439 
1530613625721 0.283164 -0.929231 0.237378 0.203597 -0.111527 -0.277733 -0.954163 -0.479279 0.952565 0.24371 -0.182279 0.496517 -0.0316397 -0.994995 -0.0947825 0.395193 -0.147827 0.0984456 -0.984101 -0.492125 0.988507 -0.0171252 -0.150202 0.443503 
1530613625924 0.235267 -0.92765 0.290026 0.180989 0.100532 -0.273576 -0.956582 -0.462709 0.966717 0.254209 0.0288948 0.496258 -0.0318704 -0.994983 -0.0948299 0.395355 -0.148035 0.0985307 -0.984062 -0.492141 0.988468 -0.0173243 -0.150433 0.443567 
1530613626144 0.172803 -0.930364 0.32336 0.091502 0.342206 -0.251137 -0.905442 -0.442024 0.923598 0.267119 0.274979 0.49073 -0.0321009 -0.994971 -0.0948774 0.395517 -0.148243 0.0986161 -0.984022 -0.492156 0.98843 -0.017523 -0.150663 0.44363 
1530613626150 0.105867 -0.934412 0.340098 -0.00738927 0.562466 -0.225775 -0.795398 -0.416777 0.820015 0.2755 0.501673 0.477623 -0.0323315 -0.994959 -0.0949248 0.395679 -0.148451 0.0987015 -0.983982 -0.492172 0.988391 -0.0177219 -0.150894 0.443694 
1530613626337 0.0370859 -0.94009 0.338905 -0.105105 0.748833 -0.198426 -0.632358 -0.389456 0.66172 0.277235 0.696611 0.463667 -0.0325619 -0.994947 -0.0949723 0.39584 -0.148659 0.098787 -0.983942 -0.492188 0.988352 -0.0179205 -0.151125 0.443758 
1530613626593 -0.0282738 -0.946761 0.320695 -0.20285 0.887792 -0.171221 -0.42721 -0.361413 0.459375 0.272631 0.845368 0.450089 -0.0327924 -0.994935 -0.0950197 0.396002 -0.148867 0.0988726 -0.983902 -0.492203 0.988313 -0.0181192 -0.151356 0.443821 
1530613626815 -0.0865124 -0.954088 0.28676 -0.299739 0.970205 -0.146073 -0.193303 -0.333398 0.226316 0.261493 0.938298 0.437 -0.0330231 -0.994923 -0.0950668 0.396162 -0.149075 0.098958 -0.983862 -0.492217 0.988274 -0.018318 -0.151586 0.443884 
1530613627016 -0.134289 -0.961478 0.239848 -0.392664 0.990685 -0.124754 0.0545792 -0.306424 -0.0225548 0.244943 0.969275 0.424256 -0.0332533 -0.994911 -0.0951134 0.396316 -0.149281 0.0990428 -0.983822 -0.492227 0.988235 -0.0185167 -0.151815 0.443944 
1530613627024 -0.169662 -0.968024 0.184782 -0.471246 0.948411 -0.109424 0.297562 -0.284919 -0.267828 0.225734 0.93665 0.406275 -0.0334771 -0.994899 -0.0951572 0.39644 -0.149477 0.0991239 -0.983784 -0.492233 0.988198 -0.0187104 -0.152033 0.443984 
1530613627358 -0.169662 -0.968024 0.184782 -0.471246 0.948411 -0.109424 0.297562 -0.284919 -0.267828 0.225734 0.93665 0.406275 -0.0330926 -0.994922 -0.0950582 0.396354 -0.149211 0.0989625 -0.983841 -0.492194 0.988251 -0.0183741 -0.151728 0.443951 
1530613627566 0.283167 -0.92923 0.237378 0.203595 -0.111528 -0.277734 -0.954162 -0.479276 0.952564 0.243713 -0.18228 0.496514 -0.0335281 -0.994898 -0.0951563 0.396628 -0.149215 0.0991257 -0.983824 -0.492225 0.988236 -0.0187871 -0.151777 0.444024 
1530613627784 0.235268 -0.927649 0.290026 0.180986 0.100531 -0.273576 -0.956582 -0.462709 0.966717 0.25421 0.0288934 0.496259 -0.0339636 -0.994873 -0.0952536 0.396902 -0.149218 0.0992881 -0.983807 -0.492256 0.988221 -0.0192001 -0.151825 0.444097 
1530613628045 0.172804 -0.930364 0.32336 0.0915002 0.342206 -0.251137 -0.905442 -0.442024 0.923598 0.26712 0.274978 0.490731 -0.0343989 -0.994849 -0.095351 0.397177 -0.149221 0.0994507 -0.98379 -0.492287 0.988205 -0.0196129 -0.151874 0.44417 
1530613628270 0.105868 -0.934412 0.340098 -0.00739012 0.562466 -0.225775 -0.795398 -0.416777 0.820015 0.2755 0.501672 0.477625 -0.0348343 -0.994825 -0.0954484 0.397451 -0.149225 0.0996132 -0.983773 -0.492317 0.988189 -0.0200257 -0.151923 0.444242 
1530613628457 0.037086 -0.940089 0.338905 -0.105106 0.748833 -0.198426 -0.632358 -0.389456 0.66172 0.277235 0.696611 0.463668 -0.0352697 -0.9948 -0.0955456 0.397725 -0.149228 0.0997756 -0.983756 -0.492348 0.988174 -0.0204387 -0.151971 0.444315 
1530613628662 -0.0282738 -0.94676 0.320695 -0.20285 0.887792 -0.171221 -0.42721 -0.361414 0.459375 0.272632 0.845368 0.450091 -0.0357051 -0.994775 -0.0956429 0.397998 -0.149232 0.0999381 -0.983739 -0.492378 0.988157 -0.0208515 -0.15202 0.444388 
1530613628868 -0.0865124 -0.954088 0.286761 -0.29974 0.970205 -0.146073 -0.193302 -0.333398 0.226315 0.261494 0.938298 0.437002 -0.0361405 -0.99475 -0.09574 0.39827 -0.149235 0.1001 -0.983722 -0.492406 0.988141 -0.0212645 -0.152069 0.444461 
1530613629079 -0.134289 -0.961478 0.239848 -0.392664 0.990685 -0.124754 0.0545793 -0.306424 -0.0225549 0.244943 0.969275 0.424256 -0.0365748 -0.994725 -0.0958367 0.398531 -0.149237 0.100262 -0.983705 -0.49243 0.988125 -0.0216765 -0.152116 0.444531 
1530613629280 -0.169662 -0.968024 0.184782 -0.471246 0.948411 -0.109424 0.297563 -0.28492 -0.267828 0.225735 0.936649 0.406275 -0.0369955 -0.9947 -0.0959315 0.398742 -0.149235 0.10042 -0.983689 -0.492449 0.988109 -0.0220758 -0.152159 0.444588 
1530613629510 -0.169662 -0.968024 0.184782 -0.471246 0.948411 -0.109424 0.297563 -0.28492 -0.267828 0.225735 0.936649 0.406275 -0.0371356 -0.994692 -0.0959597 0.398661 -0.149238 0.100469 -0.983684 -0.492477 0.988104 -0.0222088 -0.152177 0.444594 
1530613629522 0.283168 -0.929229 0.237379 0.203595 -0.111528 -0.277734 -0.954162 -0.479275 0.952564 0.243714 -0.182281 0.496513 -0.0375032 -0.994663 -0.0961241 0.398944 -0.149208 0.100687 -0.983666 -0.492515 0.988094 -0.0225481 -0.152188 0.444661 
1530613629729 0.235269 -0.927649 0.290026 0.180985 0.10053 -0.273576 -0.956582 -0.462709 0.966717 0.25421 0.0288926 0.496259 -0.0378708 -0.994633 -0.0962888 0.399228 -0.149179 0.100905 -0.983648 -0.492552 0.988085 -0.0228873 -0.152199 0.444728 
1530613629940 0.172804 -0.930364 0.32336 0.0914993 0.342205 -0.251137 -0.905442 -0.442025 0.923599 0.26712 0.274978 0.490731 -0.0382384 -0.994603 -0.0964536 0.399511 -0.149149 0.101124 -0.98363 -0.49259 0.988075 -0.0232265 -0.152211 0.444796 
1530613630149 0.105868 -0.934412 0.340098 -0.00739056 0.562466 -0.225775 -0.795398 -0.416777 0.820015 0.275501 0.501672 0.477625 -0.0386062 -0.994573 -0.0966179 0.399794 -0.149119 0.101342 -0.983612 -0.492627 0.988065 -0.0235659 -0.152222 0.444863 
1530613630345 0.037086 -0.940089 0.338905 -0.105107 0.748833 -0.198426 -0.632358 -0.389457 0.66172 0.277235 0.696611 0.463669 -0.0389738 -0.994542 -0.0967826 0.400077 -0.14909 0.10156 -0.983594 -0.492664 0.988055 -0.0239051 -0.152234 0.44493 
1530613630552 -0.0282737 -0.94676 0.320695 -0.202851 0.887792 -0.171221 -0.42721 -0.361414 0.459375 0.272632 0.845368 0.450092 -0.0393416 -0.994512 -0.096947 0.40036 -0.14906 0.101778 -0.983576 -0.4927 0.988045 -0.0242446 -0.152246 0.444997 
1530613630774 -0.0865124 -0.954088 0.286762 -0.299741 0.970205 -0.146073 -0.193302 -0.333399 0.226315 0.261494 0.938297 0.437004 -0.0397095 -0.994481 -0.0971113 0.40064 -0.14903 0.101995 -0.983558 -0.492734 0.988035 -0.0245841 -0.152257 0.445064 
1530613630984 -0.13429 -0.961478 0.239848 -0.392664 0.990685 -0.124754 0.0545793 -0.306425 -0.0225549 0.244943 0.969275 0.424256 -0.0400766 -0.99445 -0.0972751 0.40091 -0.148998 0.102213 -0.983541 -0.492762 0.988025 -0.0249231 -0.152268 0.445129 
1530613631175 -0.169662 -0.968024 0.184783 -0.471246 0.948411 -0.109424 0.297563 -0.28492 -0.267828 0.225735 0.936649 0.406275 -0.0404319 -0.99442 -0.097436 0.401128 -0.148963 0.102425 -0.983524 -0.492779 0.988016 -0.0252513 -0.152273 0.445182 
1530613631408 -0.169662 -0.968024 0.184783 -0.471246 0.948411 -0.109424 0.297563 -0.28492 -0.267828 0.225735 0.936649 0.406275 -0.0405092 -0.994416 -0.0974452 0.401064 -0.148958 0.102446 -0.983522 -0.49281 0.988013 -0.0253264 -0.152277 0.445166 
1530613631418 0.283169 -0.929229 0.237379 0.203594 -0.111529 -0.277735 -0.954162 -0.479274 0.952563 0.243714 -0.182281 0.496512 -0.0407565 -0.99443 -0.0971952 0.401339 -0.148768 0.102231 -0.983573 -0.492845 0.988032 -0.0256274 -0.152106 0.445202 
1530613631603 0.235269 -0.927649 0.290026 0.180985 0.10053 -0.273576 -0.956582 -0.462709 0.966717 0.254211 0.0288922 0.49626 -0.0410038 -0.994445 -0.0969456 0.401614 -0.148578 0.102017 -0.983624 -0.49288 0.98805 -0.0259284 -0.151936 0.445237 
1530613631822 0.172805 -0.930364 0.32336 0.0914989 0.342205 -0.251137 -0.905442 -0.442025 0.923599 0.26712 0.274977 0.490731 -0.041251 -0.994459 -0.0966968 0.401889 -0.148388 0.101804 -0.983675 -0.492916 0.988069 -0.026229 -0.151765 0.445272 
1530613632000 0.105868 -0.934412 0.340098 -0.00739079 0.562466 -0.225775 -0.795398 -0.416778 0.820015 0.275501 0.501672 0.477626 -0.0414983 -0.994473 -0.0964477 0.402165 -0.148197 0.10159 -0.983726 -0.492951 0.988087 -0.0265296 -0.151594 0.445308 
1530613632192 0.0370861 -0.940089 0.338905 -0.105107 0.748833 -0.198426 -0.632358 -0.389457 0.66172 0.277235 0.696611 0.46367 -0.0417455 -0.994486 -0.0961988 0.402439 -0.148007 0.101376 -0.983777 -0.492985 0.988105 -0.0268301 -0.151423 0.445343 
1530613632395 -0.0282737 -0.94676 0.320695 -0.202851 0.887792 -0.171221 -0.42721 -0.361414 0.459375 0.272632 0.845368 0.450092 -0.0419929 -0.9945 -0.0959499 0.402714 -0.147818 0.101162 -0.983827 -0.49302 0.988123 -0.0271307 -0.151253 0.445379 
1530613632595 -0.0865124 -0.954088 0.286762 -0.299741 0.970205 -0.146073 -0.193302 -0.333399 0.226315 0.261495 0.938297 0.437004 -0.0422405 -0.994514 -0.0957008 0.402986 -0.147628 0.100948 -0.983878 -0.493052 0.988141 -0.0274314 -0.151082 0.445415 
1530613632788 -0.13429 -0.961478 0.239848 -0.392664 0.990685 -0.124754 0.0545794 -0.306425 -0.0225549 0.244944 0.969275 0.424256 -0.0424859 -0.994527 -0.0954522 0.40325 -0.147439 0.100733 -0.983928 -0.49308 0.988158 -0.0277297 -0.150911 0.445453 
1530613632999 -0.169662 -0.968024 0.184783 -0.471246 0.948411 -0.109424 0.297563 -0.284921 -0.267828 0.225735 0.936649 0.406274 -0.0427213 -0.99454 -0.0952067 0.403467 -0.147255 0.100521 -0.983977 -0.493102 0.988176 -0.0280171 -0.150745 0.445498 
1530613633207 -0.169662 -0.968024 0.184783 -0.471246 0.948411 -0.109424 0.297563 -0.284921 -0.267828 0.225735 0.936649 0.406274 -0.0426677 -0.994541 -0.0952227 0.403455 -0.147361 0.100532 -0.98396 -0.493077 0.988162 -0.0279513 -0.150846 0.44548 
1530613633217 0.283169 -0.929229 0.237379 0.203594 -0.111529 -0.277735 -0.954162 -0.479273 0.952563 0.243714 -0.182282 0.496512 -0.0430913 -0.994499 -0.0954696 0.403745 -0.147506 0.100844 -0.983907 -0.493114 0.988122 -0.0283155 -0.15104 0.445554 
