1531903834966 0.275657 -0.8825 0.381061 -0.604483 0.633204 0.464965 0.618757 -0.181741 -0.723233 0.0707247 0.686973 0.426588 0.16008 -0.775623 -0.61056 0.370831 -0.304787 0.549475 -0.777934 -0.528794 0.938871 0.310623 -0.14844 0.432481 
1531903834978 -0.148927 -0.980986 0.124446 -0.59749 0.846377 -0.0613795 0.529035 -0.25182 -0.511338 0.184116 0.839425 0.412457 0.316303 -0.930106 0.186692 0.400738 -0.384294 -0.305552 -0.871181 -0.506308 0.867335 0.203813 -0.454081 0.485857 
1531903834988 -0.112289 -0.984909 0.131704 -0.601182 0.846531 -0.0254084 0.531733 -0.25525 -0.520362 0.1712 0.836609 0.413526 0.316241 -0.929997 0.187342 0.40083 -0.384855 -0.306262 -0.870684 -0.504432 0.867109 0.203246 -0.454766 0.485875 
1531903834998 -0.0746476 -0.987498 0.138836 -0.603408 0.844952 0.0113066 0.534722 -0.25552 -0.529607 0.157226 0.833545 0.416527 0.316222 -0.930001 0.187353 0.400789 -0.384857 -0.306263 -0.870683 -0.504315 0.867115 0.203225 -0.454765 0.485864 
1531903835008 -0.0369476 -0.988579 0.146101 -0.605466 0.841933 0.0479617 0.537446 -0.255677 -0.538315 0.142865 0.830546 0.419613 0.316221 -0.930002 0.187353 0.400787 -0.384858 -0.306263 -0.870682 -0.504306 0.867115 0.203224 -0.454766 0.485864 
1531903835018 0.000740163 -0.988148 0.1535 -0.607511 0.83749 0.084493 0.53988 -0.255827 -0.546452 0.128155 0.827627 0.422704 0.316221 -0.930002 0.187353 0.40079 -0.38486 -0.306263 -0.870681 -0.504305 0.867115 0.203223 -0.454767 0.485865 
1531903835028 0.0383566 -0.986205 0.161023 -0.609556 0.831631 0.120843 0.542022 -0.255975 -0.554003 0.113122 0.824793 0.425794 0.31622 -0.930002 0.187352 0.400792 -0.384861 -0.306263 -0.870681 -0.504305 0.867114 0.203223 -0.454768 0.485866 
1531903835038 0.0758426 -0.982753 0.168657 -0.611601 0.824363 0.156956 0.543866 -0.256121 -0.560957 0.0977866 0.822049 0.428884 0.31622 -0.930002 0.187352 0.400793 -0.384861 -0.306262 -0.870681 -0.504305 0.867114 0.203222 -0.454768 0.485866 
1531903835048 0.113139 -0.977796 0.176391 -0.613646 0.8157 0.192773 0.54541 -0.256268 -0.567304 0.082175 0.819398 0.431972 0.31622 -0.930002 0.187352 0.400795 -0.384862 -0.306262 -0.870681 -0.504306 0.867114 0.203222 -0.454769 0.485867 
1531903835058 0.15013 -0.971349 0.184234 -0.615634 0.805679 0.228203 0.54663 -0.256512 -0.573011 0.0663674 0.816856 0.434972 0.316223 -0.930002 0.187348 0.400803 -0.384864 -0.306261 -0.87068 -0.504322 0.867111 0.203226 -0.454771 0.485876 
1531903835148 0.15013 -0.971349 0.184234 -0.615634 0.805679 0.228203 0.54663 -0.256512 -0.573011 0.0663674 0.816856 0.434972 0.316223 -0.930002 0.187348 0.400803 -0.384864 -0.306261 -0.87068 -0.504322 0.867111 0.203226 -0.454771 0.485876 
1531903835158 0.186876 -0.963412 0.192134 -0.617686 0.794265 0.263268 0.547569 -0.256648 -0.578118 0.0502776 0.814403 0.438062 0.316221 -0.930002 0.187351 0.400796 -0.384863 -0.306262 -0.87068 -0.504305 0.867113 0.203223 -0.45477 0.485867 
1531903835188 0.186933 -0.963405 0.192111 -0.617735 0.794237 0.263303 0.547594 -0.256551 -0.578138 0.0502182 0.814392 0.438153 0.31622 -0.930002 0.187352 0.400795 -0.384863 -0.306262 -0.87068 -0.504304 0.867113 0.203222 -0.454769 0.485867 
1531903835198 0.186933 -0.963405 0.19211 -0.617736 0.794237 0.263303 0.547594 -0.256549 -0.578138 0.0502175 0.814392 0.438155 0.31622 -0.930002 0.187352 0.400795 -0.384863 -0.306262 -0.87068 -0.504304 0.867113 0.203222 -0.454769 0.485867 
1531903835208 0.186934 -0.963405 0.192111 -0.617736 0.794236 0.263304 0.547594 -0.256549 -0.578139 0.050218 0.814392 0.438155 0.31622 -0.930002 0.187352 0.400795 -0.384863 -0.306262 -0.87068 -0.504304 0.867113 0.203222 -0.454769 0.485867 
1531903835218 0.186934 -0.963405 0.192112 -0.617736 0.794236 0.263305 0.547594 -0.256548 -0.578139 0.0502183 0.814392 0.438155 0.31622 -0.930002 0.187352 0.400795 -0.384863 -0.306262 -0.87068 -0.504304 0.867113 0.203222 -0.454769 0.485867 
1531903835248 0.186934 -0.963405 0.192112 -0.617736 0.794236 0.263304 0.547594 -0.256548 -0.578139 0.0502184 0.814392 0.438155 0.31622 -0.930002 0.187352 0.400795 -0.384863 -0.306262 -0.87068 -0.504304 0.867113 0.203222 -0.454769 0.485867 
1531903835258 0.186934 -0.963405 0.192112 -0.617736 0.794236 0.263305 0.547594 -0.256548 -0.578139 0.0502188 0.814391 0.438155 0.31622 -0.930002 0.187352 0.400795 -0.384863 -0.306262 -0.87068 -0.504304 0.867113 0.203222 -0.454769 0.485867 
1531903835268 0.186933 -0.963405 0.192113 -0.617736 0.794236 0.263304 0.547594 -0.256548 -0.578139 0.0502194 0.814391 0.438155 0.31622 -0.930002 0.187352 0.400795 -0.384863 -0.306262 -0.87068 -0.504304 0.867113 0.203222 -0.454769 0.485867 
1531903835278 0.186933 -0.963405 0.192113 -0.617736 0.794236 0.263305 0.547594 -0.256548 -0.578139 0.0502197 0.814391 0.438155 0.31622 -0.930002 0.187352 0.400795 -0.384863 -0.306262 -0.87068 -0.504304 0.867113 0.203222 -0.454769 0.485867 
1531903906535 0.186933 -0.963405 0.192113 -0.617736 0.794236 0.263305 0.547594 -0.256548 -0.578139 0.0502197 0.814391 0.438155 0.31622 -0.930002 0.187352 0.400795 -0.384863 -0.306262 -0.87068 -0.504304 0.867113 0.203222 -0.454769 0.485867 
1531903906547 0.186933 -0.963405 0.192113 -0.617736 0.794236 0.263305 0.547594 -0.256548 -0.578139 0.0502197 0.814391 0.438155 0.31622 -0.930002 0.187352 0.400795 -0.384863 -0.306262 -0.87068 -0.504304 0.867113 0.203222 -0.454769 0.485867 
1531903906564 0.186933 -0.963405 0.192113 -0.617736 0.794236 0.263305 0.547594 -0.256548 -0.578139 0.0502197 0.814391 0.438155 0.31622 -0.930002 0.187352 0.400795 -0.384863 -0.306262 -0.87068 -0.504304 0.867113 0.203222 -0.454769 0.485867 
1531903906574 0.186933 -0.963405 0.192113 -0.617736 0.794236 0.263305 0.547594 -0.256548 -0.578139 0.0502197 0.814391 0.438155 0.31622 -0.930002 0.187352 0.400795 -0.384863 -0.306262 -0.87068 -0.504304 0.867113 0.203222 -0.454769 0.485867 
1531903906584 0.186934 -0.963405 0.192112 -0.617736 0.794236 0.263305 0.547594 -0.256548 -0.578139 0.0502186 0.814391 0.438155 0.31622 -0.930002 0.187352 0.400795 -0.384863 -0.306262 -0.87068 -0.504304 0.867113 0.203222 -0.454769 0.485867 
1531903906594 0.186934 -0.963405 0.192112 -0.617736 0.794236 0.263305 0.547594 -0.256548 -0.578139 0.0502184 0.814391 0.438155 0.31622 -0.930002 0.187352 0.400795 -0.384863 -0.306262 -0.87068 -0.504304 0.867113 0.203222 -0.454769 0.485867 
1531903906604 0.186934 -0.963405 0.192112 -0.617736 0.794236 0.263304 0.547594 -0.256548 -0.578139 0.0502182 0.814392 0.438155 0.31622 -0.930002 0.187352 0.400795 -0.384863 -0.306262 -0.87068 -0.504304 0.867113 0.203222 -0.454769 0.485867 
1531903906614 0.186934 -0.963405 0.192111 -0.617736 0.794236 0.263304 0.547594 -0.256548 -0.578139 0.050218 0.814392 0.438155 0.31622 -0.930002 0.187352 0.400795 -0.384863 -0.306262 -0.87068 -0.504304 0.867113 0.203222 -0.454769 0.485867 
1531903906624 0.186934 -0.963405 0.192111 -0.617736 0.794236 0.263304 0.547594 -0.256548 -0.578139 0.0502177 0.814392 0.438155 0.31622 -0.930002 0.187352 0.400795 -0.384863 -0.306262 -0.87068 -0.504304 0.867113 0.203222 -0.454769 0.485867 
1531903906635 0.186934 -0.963405 0.192111 -0.617736 0.794236 0.263304 0.547594 -0.256548 -0.578139 0.0502175 0.814392 0.438155 0.31622 -0.930002 0.187352 0.400795 -0.384863 -0.306262 -0.87068 -0.504304 0.867113 0.203222 -0.454769 0.485867 
1531903906713 0.186934 -0.963405 0.192111 -0.617736 0.794236 0.263304 0.547594 -0.256548 -0.578139 0.0502175 0.814392 0.438155 0.31622 -0.930002 0.187352 0.400795 -0.384863 -0.306262 -0.87068 -0.504304 0.867113 0.203222 -0.454769 0.485867 
1531903906723 0.186934 -0.963405 0.192111 -0.617736 0.794236 0.263304 0.547594 -0.256548 -0.578139 0.0502175 0.814392 0.438155 0.31622 -0.930002 0.187352 0.400795 -0.384863 -0.306262 -0.87068 -0.504304 0.867113 0.203222 -0.454769 0.485867 
1531903906743 0.186934 -0.963405 0.192111 -0.617736 0.794236 0.263304 0.547594 -0.256548 -0.578139 0.0502175 0.814392 0.438155 0.31622 -0.930002 0.187352 0.400795 -0.384863 -0.306262 -0.87068 -0.504304 0.867113 0.203222 -0.454769 0.485867 
1531903906753 0.186934 -0.963405 0.192111 -0.617736 0.794236 0.263304 0.547594 -0.256548 -0.578139 0.0502175 0.814392 0.438155 0.31622 -0.930002 0.187352 0.400795 -0.384863 -0.306262 -0.87068 -0.504304 0.867113 0.203222 -0.454769 0.485867 
1531903906763 0.186934 -0.963405 0.192111 -0.617736 0.794236 0.263304 0.547594 -0.256548 -0.578139 0.0502175 0.814392 0.438155 0.31622 -0.930002 0.187352 0.400795 -0.384863 -0.306262 -0.87068 -0.504304 0.867113 0.203222 -0.454769 0.485867 
1531903906773 0.186934 -0.963405 0.192112 -0.617736 0.794236 0.263305 0.547594 -0.256548 -0.578139 0.0502184 0.814391 0.438155 0.31622 -0.930002 0.187352 0.400795 -0.384863 -0.306262 -0.87068 -0.504304 0.867113 0.203222 -0.454769 0.485867 
1531903906793 0.186934 -0.963405 0.192112 -0.617736 0.794236 0.263305 0.547594 -0.256548 -0.578139 0.0502186 0.814391 0.438155 0.31622 -0.930002 0.187352 0.400795 -0.384863 -0.306262 -0.87068 -0.504304 0.867113 0.203222 -0.454769 0.485867 
1531903906803 0.186934 -0.963405 0.192113 -0.617736 0.794236 0.263305 0.547594 -0.256548 -0.578139 0.0502188 0.814391 0.438155 0.31622 -0.930002 0.187352 0.400795 -0.384863 -0.306262 -0.87068 -0.504304 0.867113 0.203222 -0.454769 0.485867 
1531903906823 0.186934 -0.963405 0.192113 -0.617736 0.794236 0.263305 0.547594 -0.256548 -0.578139 0.050219 0.814391 0.438155 0.31622 -0.930002 0.187352 0.400795 -0.384863 -0.306262 -0.87068 -0.504304 0.867113 0.203222 -0.454769 0.485867 
1531903906833 0.186934 -0.963404 0.192113 -0.617736 0.794236 0.263306 0.547594 -0.256548 -0.578139 0.0502192 0.814391 0.438155 0.31622 -0.930002 0.187352 0.400795 -0.384863 -0.306262 -0.87068 -0.504304 0.867113 0.203222 -0.454769 0.485867 
