1534173093997 0.428216 0.88435 0.185895 -0.520844 -0.903519 0.422831 0.0697739 -0.177803 -0.0168976 -0.197838 0.980089 0.282923 0.16008 -0.304787 0.938871 0.370831 -0.775623 0.549475 0.310623 -0.528794 -0.61056 -0.777934 -0.14844 0.432481 
1534173094009 0.413735 0.900851 0.131496 -0.529644 -0.910302 0.407267 0.074046 -0.181201 0.0131505 -0.150336 0.988547 0.293613 0.316241 -0.38488 0.867098 0.400864 -0.930001 -0.306251 0.203246 -0.504429 0.187325 -0.870677 -0.454788 0.485926 
1534173095377 0.397507 0.914379 0.0768006 -0.538259 -0.916625 0.391836 0.0791436 -0.184484 0.0422741 -0.101857 0.9939 0.303872 0.316241 -0.38488 0.867098 0.400864 -0.930001 -0.306251 0.203246 -0.504429 0.187325 -0.870677 -0.454788 0.485926 
1534173096365 0.379566 0.924903 0.0219809 -0.546856 -0.922477 0.376547 0.0851403 -0.187759 0.0704697 -0.0525933 0.996126 0.314116 0.316241 -0.38488 0.867098 0.400864 -0.930001 -0.306251 0.203246 -0.504429 0.187325 -0.870677 -0.454788 0.485926 
1534173097367 0.359974 0.932387 -0.0327731 -0.555442 -0.927839 0.361452 0.092019 -0.191029 0.0976432 -0.00271631 0.995218 0.324365 0.316241 -0.38488 0.867098 0.400864 -0.930001 -0.306251 0.203246 -0.504429 0.187325 -0.870677 -0.454788 0.485926 
1534173097373 0.338786 0.936807 -0.0872734 -0.56409 -0.932692 0.346594 0.0997881 -0.194335 0.123731 0.0475924 0.991174 0.334726 0.316241 -0.38488 0.867098 0.400864 -0.930001 -0.306251 0.203246 -0.504429 0.187325 -0.870677 -0.454788 0.485926 
1534173098699 0.316087 0.938145 -0.141326 -0.572738 -0.937019 0.332036 0.108391 -0.197642 0.148611 0.0981643 0.984011 0.345086 0.316241 -0.38488 0.867098 0.400864 -0.930001 -0.306251 0.203246 -0.504429 0.187325 -0.870677 -0.454788 0.485926 
1534173099598 0.291955 0.936396 -0.194743 -0.581386 -0.940803 0.317827 0.117797 -0.200948 0.172199 0.148823 0.973755 0.355447 0.316241 -0.38488 0.867098 0.400864 -0.930001 -0.306251 0.203246 -0.504429 0.187325 -0.870677 -0.454788 0.485926 
1534173100503 0.266474 0.931566 -0.247337 -0.590034 -0.944032 0.304018 0.127973 -0.204254 0.194411 0.199393 0.960441 0.365808 0.316241 -0.38488 0.867098 0.400864 -0.930001 -0.306251 0.203246 -0.504429 0.187325 -0.870677 -0.454788 0.485926 
1534173101404 0.239715 0.923688 -0.298892 -0.598827 -0.946698 0.290634 0.138904 -0.207639 0.215173 0.249663 0.944123 0.376122 0.316531 -0.385118 0.866887 0.401814 -0.929976 -0.306103 0.20358 -0.50615 0.186955 -0.870623 -0.455042 0.486735 
1534173102303 0.240425 0.923756 -0.298112 -0.598634 -0.946529 0.291182 0.138912 -0.207451 0.215126 0.248774 0.944369 0.375768 0.316531 -0.385118 0.866887 0.401814 -0.929976 -0.306103 0.20358 -0.50615 0.186955 -0.870623 -0.455042 0.486735 
1534173102316 0.237636 0.922797 -0.303273 -0.599498 -0.946779 0.289831 0.140029 -0.207789 0.217117 0.253856 0.942559 0.376836 0.316221 -0.384863 0.867113 0.400797 -0.930002 -0.306262 0.203223 -0.504308 0.187351 -0.87068 -0.45477 0.485869 
1534173102612 0.234817 0.921805 -0.308442 -0.600368 -0.947024 0.288475 0.141163 -0.208131 0.219103 0.258955 0.94071 0.377914 0.316221 -0.384863 0.867113 0.400797 -0.930002 -0.306262 0.203223 -0.504308 0.187351 -0.87068 -0.45477 0.485869 
1534173102619 0.231986 0.920781 -0.313599 -0.601237 -0.947264 0.287124 0.142305 -0.208472 0.221073 0.264049 0.938832 0.378991 0.316221 -0.384863 0.867113 0.400797 -0.930002 -0.306262 0.203223 -0.504308 0.187351 -0.87068 -0.45477 0.485869 
1534173103039 0.229143 0.919726 -0.318744 -0.602106 -0.947498 0.285778 0.143453 -0.208814 0.223028 0.269138 0.936922 0.380068 0.316221 -0.384863 0.867113 0.400797 -0.930002 -0.306262 0.203223 -0.504308 0.187351 -0.87068 -0.45477 0.485869 
1534173103341 0.226289 0.918639 -0.323875 -0.602975 -0.947726 0.284437 0.144609 -0.209155 0.224965 0.274221 0.934983 0.381146 0.316221 -0.384863 0.867113 0.400797 -0.930002 -0.306262 0.203223 -0.504308 0.187351 -0.87068 -0.45477 0.485869 
1534173103635 0.223423 0.917522 -0.328993 -0.603845 -0.947947 0.283101 0.145772 -0.209497 0.226887 0.279299 0.933014 0.382223 0.316221 -0.384863 0.867113 0.400797 -0.930002 -0.306262 0.203223 -0.504308 0.187351 -0.87068 -0.45477 0.485869 
1534173103937 0.220546 0.916372 -0.334097 -0.604714 -0.948163 0.281771 0.146942 -0.209838 0.228793 0.284371 0.931014 0.3833 0.316221 -0.384863 0.867113 0.400797 -0.930002 -0.306262 0.203223 -0.504308 0.187351 -0.87068 -0.45477 0.485869 
1534173104248 0.217658 0.915192 -0.339188 -0.605583 -0.948373 0.280445 0.14812 -0.21018 0.230682 0.289437 0.928984 0.384377 0.316221 -0.384863 0.867113 0.400797 -0.930002 -0.306262 0.203223 -0.504308 0.187351 -0.87068 -0.45477 0.485869 
1534173104565 0.214758 0.91398 -0.344265 -0.606452 -0.948576 0.279125 0.149304 -0.210521 0.232555 0.294498 0.926925 0.385455 0.316221 -0.384863 0.867113 0.400797 -0.930002 -0.306262 0.203223 -0.504308 0.187351 -0.87068 -0.45477 0.485869 
1534173104892 0.215232 0.914214 -0.343348 -0.606278 -0.948512 0.279366 0.149265 -0.210396 0.23238 0.293543 0.927271 0.385255 0.316221 -0.384863 0.867113 0.400797 -0.930002 -0.306262 0.203223 -0.504308 0.187351 -0.87068 -0.45477 0.485869 
1534173104902 0.215077 0.914052 -0.343876 -0.606337 -0.948593 0.279248 0.148969 -0.21041 0.232193 0.294159 0.927123 0.385285 0.31622 -0.384863 0.867113 0.400795 -0.930002 -0.306262 0.203222 -0.504304 0.187352 -0.87068 -0.454769 0.485867 
1534173104908 0.214923 0.913889 -0.344404 -0.606392 -0.948674 0.279131 0.148673 -0.210421 0.232005 0.294774 0.926975 0.385317 0.31622 -0.384863 0.867113 0.400795 -0.930002 -0.306262 0.203222 -0.504304 0.187351 -0.87068 -0.454769 0.485867 
1534173104922 0.214769 0.913726 -0.344932 -0.606447 -0.948755 0.279014 0.148376 -0.210433 0.231817 0.29539 0.926826 0.385348 0.31622 -0.384863 0.867113 0.400795 -0.930002 -0.306262 0.203222 -0.504304 0.187351 -0.87068 -0.454769 0.485867 
1534173104939 0.214615 0.913563 -0.34546 -0.606502 -0.948836 0.278897 0.14808 -0.210444 0.231628 0.296005 0.926677 0.38538 0.31622 -0.384863 0.867113 0.400795 -0.930002 -0.306262 0.203222 -0.504304 0.187351 -0.87068 -0.454769 0.485867 
1534173105087 0.214461 0.9134 -0.345988 -0.606558 -0.948916 0.278779 0.147784 -0.210456 0.23144 0.29662 0.926527 0.385411 0.31622 -0.384863 0.867113 0.400795 -0.930002 -0.306262 0.203222 -0.504304 0.187351 -0.87068 -0.454769 0.485867 
1534173105113 0.214307 0.913235 -0.346516 -0.606612 -0.948997 0.278662 0.147488 -0.210468 0.231252 0.297235 0.926377 0.385442 0.31622 -0.384863 0.867113 0.400795 -0.930002 -0.306262 0.203222 -0.504304 0.187351 -0.87068 -0.454769 0.485867 
1534173105229 0.214153 0.913071 -0.347044 -0.606668 -0.949078 0.278543 0.147192 -0.21048 0.231063 0.29785 0.926226 0.385474 0.31622 -0.384863 0.867113 0.400795 -0.930002 -0.306262 0.203222 -0.504304 0.187351 -0.87068 -0.454769 0.485867 
1534173105235 0.214 0.912906 -0.347572 -0.606722 -0.949158 0.278425 0.146895 -0.210491 0.230874 0.298465 0.926075 0.385505 0.31622 -0.384863 0.867113 0.400795 -0.930002 -0.306262 0.203222 -0.504304 0.187351 -0.87068 -0.454769 0.485867 
1534173105349 0.213846 0.912741 -0.348099 -0.606777 -0.949239 0.278307 0.146599 -0.210503 0.230686 0.299079 0.925924 0.385537 0.31622 -0.384863 0.867113 0.400795 -0.930002 -0.306262 0.203222 -0.504304 0.187351 -0.87068 -0.454769 0.485867 
1534173105420 0.214155 0.913015 -0.347191 -0.606687 -0.949113 0.278522 0.147001 -0.21049 0.230914 0.298043 0.926201 0.385474 0.31622 -0.384863 0.867113 0.400795 -0.930002 -0.306262 0.203222 -0.504304 0.187351 -0.87068 -0.454769 0.485867 
1534173105431 0.213934 0.913168 -0.346925 -0.606678 -0.949205 0.278218 0.146986 -0.210552 0.230743 0.297858 0.926304 0.385459 0.31622 -0.384863 0.867113 0.400795 -0.930002 -0.306262 0.203222 -0.504304 0.187351 -0.87068 -0.454769 0.485867 
1534173105447 0.213711 0.913321 -0.346658 -0.606674 -0.949296 0.277913 0.146971 -0.210616 0.230573 0.297672 0.926406 0.385443 0.31622 -0.384863 0.867113 0.400795 -0.930002 -0.306262 0.203222 -0.504304 0.187351 -0.87068 -0.454769 0.485867 
1534173105620 0.213489 0.913475 -0.346391 -0.60667 -0.949388 0.277609 0.146957 -0.21068 0.230402 0.297486 0.926508 0.385427 0.31622 -0.384863 0.867113 0.400795 -0.930002 -0.306262 0.203222 -0.504304 0.187351 -0.87068 -0.454769 0.485867 
1534173105634 0.213267 0.913628 -0.346124 -0.606667 -0.949479 0.277304 0.146942 -0.210744 0.230232 0.2973 0.92661 0.385411 0.31622 -0.384863 0.867113 0.400795 -0.930002 -0.306262 0.203222 -0.504304 0.187351 -0.87068 -0.454769 0.485867 
1534173105727 0.213044 0.913781 -0.345857 -0.606663 -0.94957 0.276999 0.146928 -0.210809 0.230061 0.297113 0.926712 0.385394 0.31622 -0.384863 0.867113 0.400795 -0.930002 -0.306262 0.203222 -0.504304 0.187351 -0.87068 -0.454769 0.485867 
1534173105774 0.212821 0.913934 -0.34559 -0.606658 -0.949662 0.276694 0.146913 -0.210872 0.229891 0.296927 0.926814 0.385378 0.31622 -0.384863 0.867113 0.400795 -0.930002 -0.306262 0.203222 -0.504304 0.187351 -0.87068 -0.454769 0.485867 
1534173105823 0.212599 0.914087 -0.345323 -0.606655 -0.949753 0.276389 0.146898 -0.210937 0.229721 0.296741 0.926916 0.385362 0.31622 -0.384863 0.867113 0.400795 -0.930002 -0.306262 0.203222 -0.504304 0.187351 -0.87068 -0.454769 0.485867 
1534173105893 0.212376 0.914239 -0.345056 -0.606651 -0.949844 0.276084 0.146883 -0.211001 0.22955 0.296554 0.927018 0.385346 0.31622 -0.384863 0.867113 0.400795 -0.930002 -0.306262 0.203222 -0.504304 0.187351 -0.87068 -0.454769 0.485867 
1534173105900 0.212153 0.914392 -0.344788 -0.606646 -0.949935 0.275779 0.146868 -0.211064 0.22938 0.296368 0.92712 0.38533 0.31622 -0.384863 0.867113 0.400795 -0.930002 -0.306262 0.203222 -0.504304 0.187351 -0.87068 -0.454769 0.485867 
1534173106000 0.212621 0.914113 -0.34524 -0.606619 -0.949768 0.276371 0.146835 -0.210971 0.229638 0.296678 0.926957 0.385436 0.31622 -0.384863 0.867113 0.400795 -0.930002 -0.306262 0.203222 -0.504304 0.187351 -0.87068 -0.454769 0.485867 
1534173106013 0.212178 0.914154 -0.345401 -0.60655 -0.949877 0.275968 0.146886 -0.211121 0.229596 0.296923 0.926889 0.385475 0.31622 -0.384863 0.867113 0.400795 -0.930002 -0.306262 0.203222 -0.504304 0.187351 -0.87068 -0.45477 0.485867 
1534173106030 0.211736 0.914196 -0.345563 -0.606481 -0.949986 0.275566 0.146936 -0.211271 0.229553 0.297169 0.92682 0.385513 0.31622 -0.384863 0.867113 0.400795 -0.930002 -0.306262 0.203222 -0.504304 0.187351 -0.87068 -0.45477 0.485867 
1534173106045 0.211292 0.914238 -0.345724 -0.606413 -0.950095 0.275163 0.146986 -0.211424 0.229511 0.297414 0.926752 0.385551 0.31622 -0.384863 0.867113 0.400795 -0.930002 -0.306262 0.203222 -0.504304 0.187351 -0.87068 -0.45477 0.485867 
1534173106180 0.210849 0.914279 -0.345885 -0.606345 -0.950204 0.27476 0.147037 -0.211576 0.229468 0.297659 0.926684 0.385589 0.31622 -0.384863 0.867113 0.400795 -0.930002 -0.306262 0.203222 -0.504304 0.187351 -0.87068 -0.45477 0.485867 
1534173106239 0.210406 0.91432 -0.346046 -0.606276 -0.950312 0.274357 0.147087 -0.211728 0.229425 0.297904 0.926616 0.385627 0.31622 -0.384863 0.867113 0.400795 -0.930002 -0.306262 0.203222 -0.504304 0.187351 -0.87068 -0.45477 0.485867 
1534173106336 0.209963 0.914361 -0.346208 -0.606207 -0.950421 0.273954 0.147137 -0.211879 0.229382 0.29815 0.926548 0.385665 0.31622 -0.384863 0.867113 0.400795 -0.930002 -0.306262 0.203222 -0.504304 0.187351 -0.87068 -0.45477 0.485867 
1534173106388 0.209519 0.914402 -0.346368 -0.60614 -0.950529 0.273551 0.147188 -0.212032 0.229338 0.298394 0.92648 0.385703 0.31622 -0.384863 0.867113 0.400795 -0.930002 -0.306262 0.203222 -0.504304 0.187351 -0.87068 -0.45477 0.485867 
1534173106490 0.209076 0.914442 -0.346529 -0.606071 -0.950637 0.273148 0.147239 -0.212183 0.229295 0.29864 0.926411 0.385741 0.31622 -0.384863 0.867113 0.400795 -0.930002 -0.306262 0.203222 -0.504304 0.187351 -0.87068 -0.45477 0.485867 
1534173106529 0.208633 0.914482 -0.34669 -0.606003 -0.950745 0.272745 0.147289 -0.212335 0.229251 0.298885 0.926343 0.385779 0.31622 -0.384863 0.867113 0.400795 -0.930002 -0.306262 0.203222 -0.504304 0.187351 -0.87068 -0.45477 0.485867 
1534173106646 0.209128 0.914485 -0.346386 -0.606097 -0.950648 0.273145 0.147177 -0.21204 0.229204 0.298512 0.926475 0.385713 0.31622 -0.384863 0.867113 0.400795 -0.930002 -0.306262 0.203222 -0.504304 0.187351 -0.87068 -0.45477 0.485867 
1534173106658 0.208523 0.914404 -0.346963 -0.605958 -0.950722 0.272747 0.147435 -0.212276 0.229448 0.299122 0.926218 0.385727 0.31622 -0.384863 0.867113 0.400795 -0.930002 -0.306262 0.203222 -0.504304 0.187351 -0.87068 -0.45477 0.485867 
1534173106674 0.207917 0.914323 -0.347541 -0.605814 -0.950795 0.272351 0.147694 -0.212512 0.229693 0.299732 0.92596 0.385741 0.31622 -0.384863 0.867113 0.400795 -0.930002 -0.306262 0.203222 -0.504304 0.187351 -0.87068 -0.45477 0.485867 
1534173106734 0.207312 0.91424 -0.348118 -0.605671 -0.950868 0.271954 0.147953 -0.212747 0.229937 0.300342 0.925702 0.385755 0.31622 -0.384863 0.867113 0.400795 -0.930002 -0.306262 0.203222 -0.504304 0.187351 -0.87068 -0.45477 0.485867 
1534173106855 0.206706 0.914158 -0.348695 -0.605529 -0.950941 0.271558 0.148213 -0.212983 0.230181 0.300952 0.925443 0.38577 0.31622 -0.384863 0.867113 0.400795 -0.930002 -0.306262 0.203222 -0.504304 0.187351 -0.87068 -0.45477 0.485867 
1534173106929 0.2061 0.914074 -0.349272 -0.605385 -0.951014 0.271161 0.148473 -0.213218 0.230424 0.301562 0.925184 0.385784 0.31622 -0.384863 0.867113 0.400795 -0.930002 -0.306262 0.203222 -0.504304 0.187351 -0.87068 -0.45477 0.485867 
1534173107031 0.205494 0.91399 -0.349848 -0.605242 -0.951086 0.270765 0.148733 -0.213453 0.230667 0.302172 0.924924 0.385798 0.31622 -0.384863 0.867113 0.400795 -0.930002 -0.306262 0.203222 -0.504304 0.187351 -0.87068 -0.45477 0.485867 
1534173107104 0.204888 0.913906 -0.350424 -0.605098 -0.951158 0.270369 0.148993 -0.213688 0.230909 0.302782 0.924664 0.385813 0.31622 -0.384863 0.867113 0.400795 -0.930002 -0.306262 0.203222 -0.504304 0.187351 -0.87068 -0.45477 0.485867 
1534173107212 0.204282 0.913821 -0.351 -0.604955 -0.95123 0.269973 0.149254 -0.213923 0.231151 0.303392 0.924404 0.385827 0.31622 -0.384863 0.867113 0.400795 -0.930002 -0.306262 0.203222 -0.504304 0.187351 -0.87068 -0.45477 0.485867 
1534173107267 0.203675 0.913735 -0.351576 -0.604811 -0.951301 0.269577 0.149514 -0.214158 0.231393 0.304002 0.924143 0.385842 0.31622 -0.384863 0.867113 0.400795 -0.930002 -0.306262 0.203222 -0.504304 0.187351 -0.87068 -0.45477 0.485867 
1534173107401 0.204452 0.913813 -0.350922 -0.604997 -0.951222 0.270082 0.149106 -0.21393 0.231032 0.303319 0.924457 0.38578 0.31622 -0.384863 0.867113 0.400795 -0.930002 -0.306262 0.203222 -0.504304 0.187351 -0.87068 -0.45477 0.485867 
1534173107412 0.204201 0.913827 -0.35103 -0.604712 -0.951226 0.269929 0.149354 -0.214027 0.231237 0.303411 0.924376 0.385736 0.31622 -0.384863 0.867113 0.400795 -0.930002 -0.306262 0.203222 -0.504304 0.187351 -0.87068 -0.45477 0.485867 
1534173107428 0.20395 0.913841 -0.35114 -0.604422 -0.95123 0.269778 0.149602 -0.214122 0.231442 0.303504 0.924294 0.385693 0.31622 -0.384863 0.867113 0.400795 -0.930002 -0.306262 0.203222 -0.504304 0.187351 -0.87068 -0.45477 0.485867 
1534173107544 0.203698 0.913855 -0.35125 -0.604133 -0.951234 0.269627 0.149851 -0.214218 0.231648 0.303596 0.924212 0.38565 0.31622 -0.384863 0.867113 0.400795 -0.930002 -0.306262 0.203222 -0.504304 0.187351 -0.87068 -0.45477 0.485867 
1534173107636 0.203447 0.913869 -0.351359 -0.603845 -0.951238 0.269475 0.150099 -0.214313 0.231853 0.303689 0.924131 0.385607 0.31622 -0.384863 0.867113 0.400795 -0.930002 -0.306262 0.203222 -0.504304 0.187351 -0.87068 -0.45477 0.485867 
1534173107728 0.203196 0.913883 -0.351468 -0.603555 -0.951241 0.269324 0.150347 -0.214408 0.232059 0.303781 0.924048 0.385564 0.31622 -0.384863 0.867113 0.400795 -0.930002 -0.306262 0.203222 -0.504304 0.187351 -0.87068 -0.45477 0.485867 
1534173107823 0.202944 0.913896 -0.351578 -0.603267 -0.951245 0.269173 0.150596 -0.214504 0.232264 0.303874 0.923966 0.385521 0.31622 -0.384863 0.867113 0.400795 -0.930002 -0.306262 0.203222 -0.504304 0.187351 -0.87068 -0.45477 0.485867 
1534173107912 0.202693 0.91391 -0.351687 -0.602977 -0.951248 0.269021 0.150844 -0.214599 0.232469 0.303967 0.923884 0.385478 0.31622 -0.384863 0.867113 0.400795 -0.930002 -0.306262 0.203222 -0.504304 0.187351 -0.87068 -0.45477 0.485867 
1534173108014 0.202442 0.913924 -0.351796 -0.602688 -0.951252 0.26887 0.151093 -0.214694 0.232675 0.304059 0.923802 0.385435 0.31622 -0.384863 0.867113 0.400795 -0.930002 -0.306262 0.203222 -0.504304 0.187351 -0.87068 -0.45477 0.485867 
1534173108095 0.20219 0.913937 -0.351906 -0.602398 -0.951255 0.268719 0.151341 -0.214789 0.23288 0.304152 0.92372 0.385392 0.31622 -0.384863 0.867113 0.400795 -0.930002 -0.306262 0.203222 -0.504304 0.187351 -0.87068 -0.45477 0.485867 
1534173108210 0.202593 0.913883 -0.351814 -0.602729 -0.951245 0.268981 0.150936 -0.214718 0.232569 0.304083 0.923821 0.385408 0.31622 -0.384863 0.867113 0.400795 -0.930002 -0.306262 0.203222 -0.504304 0.187351 -0.87068 -0.45477 0.485867 
1534173108222 0.202146 0.914032 -0.351685 -0.602461 -0.951213 0.268708 0.151624 -0.214783 0.23309 0.303877 0.923758 0.385376 0.31622 -0.384863 0.867113 0.400795 -0.930002 -0.306262 0.203222 -0.504304 0.187351 -0.87068 -0.45477 0.485867 
1534173108240 0.201699 0.91418 -0.351556 -0.60219 -0.95118 0.268436 0.152313 -0.214847 0.233611 0.303672 0.923693 0.385343 0.31622 -0.384863 0.867113 0.400795 -0.930002 -0.306262 0.203222 -0.504304 0.187351 -0.87068 -0.45477 0.485867 
1534173108261 0.201253 0.914329 -0.351426 -0.601919 -0.951146 0.268163 0.153001 -0.21491 0.234133 0.303466 0.923629 0.385311 0.31622 -0.384863 0.867113 0.400795 -0.930002 -0.306262 0.203222 -0.504304 0.187351 -0.87068 -0.45477 0.485867 
1534173108267 0.200806 0.914477 -0.351297 -0.601646 -0.951112 0.26789 0.153689 -0.214973 0.234654 0.303261 0.923564 0.385279 0.31622 -0.384863 0.867113 0.400795 -0.930002 -0.306262 0.203222 -0.504304 0.187351 -0.87068 -0.45477 0.485867 
1534173108448 0.20036 0.914624 -0.351167 -0.601374 -0.951077 0.267618 0.154377 -0.215036 0.235176 0.303056 0.923499 0.385247 0.31622 -0.384863 0.867113 0.400795 -0.930002 -0.306262 0.203222 -0.504304 0.187351 -0.87068 -0.45477 0.485867 
1534173108455 0.199913 0.914772 -0.351036 -0.601103 -0.951042 0.267345 0.155066 -0.2151 0.235697 0.302851 0.923433 0.385214 0.31622 -0.384863 0.867113 0.400795 -0.930002 -0.306262 0.203222 -0.504304 0.187351 -0.87068 -0.45477 0.485867 
1534173108620 0.199467 0.91492 -0.350906 -0.60083 -0.951007 0.267071 0.155753 -0.215163 0.236219 0.302646 0.923367 0.385182 0.31622 -0.384863 0.867113 0.400795 -0.930002 -0.306262 0.203222 -0.504304 0.187351 -0.87068 -0.45477 0.485867 
1534173108675 0.19902 0.915067 -0.350774 -0.600559 -0.950971 0.266798 0.156441 -0.215227 0.23674 0.302441 0.9233 0.38515 0.31622 -0.384863 0.867113 0.400795 -0.930002 -0.306262 0.203222 -0.504304 0.187351 -0.87068 -0.45477 0.485867 
1534173108682 0.198574 0.915215 -0.350643 -0.600288 -0.950934 0.266524 0.157129 -0.21529 0.237262 0.302236 0.923233 0.385118 0.31622 -0.384863 0.867113 0.400795 -0.930002 -0.306262 0.203222 -0.504304 0.187351 -0.87068 -0.45477 0.485867 
1534173108847 0.198942 0.915073 -0.350803 -0.600618 -0.951039 0.266664 0.156256 -0.215142 0.236532 0.302541 0.923321 0.385168 0.31622 -0.384863 0.867113 0.400795 -0.930002 -0.306262 0.203222 -0.504304 0.187351 -0.87068 -0.45477 0.485867 
1534173108860 0.198567 0.915112 -0.350915 -0.600388 -0.951067 0.266397 0.15654 -0.215184 0.236735 0.30266 0.92323 0.385175 0.31622 -0.384863 0.867113 0.400795 -0.930002 -0.306262 0.203222 -0.504304 0.187351 -0.87068 -0.45477 0.485867 
1534173108876 0.198192 0.915151 -0.351026 -0.600152 -0.951095 0.26613 0.156824 -0.215224 0.236937 0.302778 0.92314 0.385183 0.31622 -0.384863 0.867113 0.400795 -0.930002 -0.306262 0.203222 -0.504304 0.187351 -0.87068 -0.45477 0.485867 
1534173108894 0.197817 0.915189 -0.351138 -0.599917 -0.951122 0.265863 0.157109 -0.215264 0.237138 0.302896 0.923049 0.38519 0.31622 -0.384863 0.867113 0.400795 -0.930002 -0.306262 0.203222 -0.504304 0.187351 -0.87068 -0.45477 0.485867 
1534173108900 0.197442 0.915227 -0.351249 -0.599682 -0.95115 0.265596 0.157392 -0.215303 0.23734 0.303014 0.922958 0.385198 0.31622 -0.384863 0.867113 0.400795 -0.930002 -0.306262 0.203222 -0.504304 0.187351 -0.87068 -0.45477 0.485867 
1534173109079 0.197066 0.915266 -0.35136 -0.599448 -0.951178 0.265328 0.157677 -0.215344 0.237542 0.303133 0.922868 0.385206 0.31622 -0.384863 0.867113 0.400795 -0.930002 -0.306262 0.203222 -0.504304 0.187351 -0.87068 -0.45477 0.485867 
1534173109124 0.196691 0.915304 -0.351471 -0.599212 -0.951205 0.265062 0.157961 -0.215383 0.237743 0.303251 0.922777 0.385214 0.31622 -0.384863 0.867113 0.400795 -0.930002 -0.306262 0.203222 -0.504304 0.187351 -0.87068 -0.45477 0.485867 
1534173109254 0.196315 0.915342 -0.351581 -0.598978 -0.951232 0.264794 0.158245 -0.215423 0.237945 0.30337 0.922686 0.385221 0.31622 -0.384863 0.867113 0.400795 -0.930002 -0.306262 0.203222 -0.504304 0.187351 -0.87068 -0.45477 0.485867 
1534173109289 0.19594 0.91538 -0.351692 -0.598742 -0.951259 0.264527 0.158529 -0.215462 0.238146 0.303488 0.922595 0.38523 0.31622 -0.384863 0.867113 0.400795 -0.930002 -0.306262 0.203222 -0.504304 0.187351 -0.87068 -0.45477 0.485867 
1534173109412 0.195565 0.915418 -0.351803 -0.598507 -0.951286 0.26426 0.158813 -0.215502 0.238348 0.303607 0.922504 0.385237 0.31622 -0.384863 0.867113 0.400795 -0.930002 -0.306262 0.203222 -0.504304 0.187351 -0.87068 -0.45477 0.485867 
1534173109473 0.196046 0.915384 -0.351623 -0.598826 -0.95127 0.264572 0.158387 -0.215418 0.238014 0.303437 0.922646 0.385218 0.31622 -0.384863 0.867113 0.400795 -0.930002 -0.306262 0.203222 -0.504304 0.187351 -0.87068 -0.45477 0.485867 
1534173109486 0.195907 0.91543 -0.351579 -0.598691 -0.951317 0.264412 0.158374 -0.215428 0.237942 0.303437 0.922664 0.385193 0.31622 -0.384863 0.867113 0.400795 -0.930002 -0.306262 0.203222 -0.504304 0.187351 -0.87068 -0.45477 0.485867 
1534173109503 0.195769 0.915476 -0.351538 -0.598552 -0.951363 0.264253 0.158361 -0.215436 0.23787 0.303438 0.922683 0.385169 0.31622 -0.384863 0.867113 0.400795 -0.930002 -0.306262 0.203222 -0.504304 0.187351 -0.87068 -0.45477 0.485867 
1534173109521 0.195631 0.915521 -0.351496 -0.598414 -0.95141 0.264094 0.158348 -0.215444 0.237799 0.303439 0.922701 0.385145 0.31622 -0.384863 0.867113 0.400795 -0.930002 -0.306262 0.203222 -0.504304 0.187351 -0.87068 -0.45477 0.485867 
1534173109536 0.195493 0.915567 -0.351454 -0.598276 -0.951456 0.263935 0.158335 -0.215453 0.237728 0.303439 0.922719 0.385121 0.31622 -0.384863 0.867113 0.400795 -0.930002 -0.306262 0.203222 -0.504304 0.187351 -0.87068 -0.45477 0.485867 
1534173109581 0.195355 0.915612 -0.351412 -0.598137 -0.951502 0.263776 0.158322 -0.215461 0.237656 0.303441 0.922737 0.385097 0.31622 -0.384863 0.867113 0.400795 -0.930002 -0.306262 0.203222 -0.504304 0.187351 -0.87068 -0.45477 0.485867 
1534173109655 0.195216 0.915658 -0.35137 -0.597999 -0.951548 0.263617 0.15831 -0.215469 0.237585 0.303441 0.922755 0.385073 0.31622 -0.384863 0.867113 0.400795 -0.930002 -0.306262 0.203222 -0.504304 0.187351 -0.87068 -0.45477 0.485867 
1534173109662 0.195078 0.915703 -0.351329 -0.597859 -0.951594 0.263458 0.158297 -0.215477 0.237513 0.303442 0.922773 0.385049 0.31622 -0.384863 0.867113 0.400795 -0.930002 -0.306262 0.203222 -0.504304 0.187351 -0.87068 -0.45477 0.485867 
1534173109735 0.19494 0.915749 -0.351287 -0.597721 -0.95164 0.263299 0.158284 -0.215485 0.237442 0.303443 0.922791 0.385025 0.31622 -0.384863 0.867113 0.400795 -0.930002 -0.306262 0.203222 -0.504304 0.187351 -0.87068 -0.45477 0.485867 
1534173109788 0.194802 0.915794 -0.351245 -0.597581 -0.951687 0.263141 0.158271 -0.215493 0.237371 0.303444 0.922809 0.385001 0.31622 -0.384863 0.867113 0.400795 -0.930002 -0.306262 0.203222 -0.504304 0.187351 -0.87068 -0.45477 0.485867 
1534173109858 0.195278 0.915701 -0.351224 -0.597884 -0.951563 0.263615 0.158228 -0.215528 0.237477 0.303313 0.922825 0.385133 0.31622 -0.384863 0.867113 0.400795 -0.930002 -0.306262 0.203222 -0.504304 0.187351 -0.87068 -0.45477 0.485867 
1534173109868 0.195106 0.915757 -0.351172 -0.597759 -0.951612 0.263427 0.158241 -0.215534 0.237419 0.303306 0.922842 0.385085 0.31622 -0.384863 0.867113 0.400795 -0.930002 -0.306262 0.203222 -0.504304 0.187351 -0.87068 -0.45477 0.485867 
1534173109884 0.194934 0.915813 -0.351122 -0.59763 -0.951662 0.263239 0.158253 -0.215539 0.23736 0.303301 0.922859 0.385037 0.31622 -0.384863 0.867113 0.400795 -0.930002 -0.306262 0.203222 -0.504304 0.187351 -0.87068 -0.45477 0.485867 
1534173109906 0.194762 0.915869 -0.351073 -0.597501 -0.951712 0.263051 0.158266 -0.215544 0.237301 0.303296 0.922876 0.38499 0.31622 -0.384863 0.867113 0.400795 -0.930002 -0.306262 0.203222 -0.504304 0.187351 -0.87068 -0.45477 0.485867 
1534173109918 0.194589 0.915925 -0.351023 -0.597371 -0.951762 0.262862 0.158278 -0.215548 0.237242 0.303291 0.922893 0.384942 0.31622 -0.384863 0.867113 0.400795 -0.930002 -0.306262 0.203222 -0.504304 0.187351 -0.87068 -0.45477 0.485867 
1534173109934 0.194417 0.91598 -0.350973 -0.597243 -0.951812 0.262674 0.158291 -0.215553 0.237183 0.303286 0.92291 0.384894 0.31622 -0.384863 0.867113 0.400795 -0.930002 -0.306262 0.203222 -0.504304 0.187351 -0.87068 -0.45477 0.485867 
1534173109951 0.194245 0.916036 -0.350923 -0.597113 -0.951862 0.262486 0.158303 -0.215557 0.237124 0.303281 0.922926 0.384847 0.31622 -0.384863 0.867113 0.400795 -0.930002 -0.306262 0.203222 -0.504304 0.187351 -0.87068 -0.45477 0.485867 
1534173110084 0.194072 0.916092 -0.350873 -0.596985 -0.951912 0.262298 0.158316 -0.215562 0.237065 0.303275 0.922943 0.384799 0.31622 -0.384863 0.867113 0.400795 -0.930002 -0.306262 0.203222 -0.504304 0.187351 -0.87068 -0.45477 0.485867 
1534173110105 0.1939 0.916147 -0.350823 -0.596855 -0.951962 0.262109 0.158328 -0.215566 0.237006 0.303271 0.92296 0.384752 0.31622 -0.384863 0.867113 0.400795 -0.930002 -0.306262 0.203222 -0.504304 0.187351 -0.87068 -0.45477 0.485867 
1534173110126 0.193728 0.916203 -0.350773 -0.596726 -0.952011 0.261921 0.158341 -0.215571 0.236947 0.303265 0.922977 0.384705 0.31622 -0.384863 0.867113 0.400795 -0.930002 -0.306262 0.203222 -0.504304 0.187351 -0.87068 -0.45477 0.485867 
1534173110233 0.194345 0.915992 -0.350982 -0.597025 -0.951813 0.262626 0.158365 -0.215668 0.237238 0.303292 0.922893 0.384793 0.31622 -0.384863 0.867113 0.400795 -0.930002 -0.306262 0.203222 -0.504304 0.187351 -0.87068 -0.45477 0.485867 
1534173110249 0.194243 0.91605 -0.350887 -0.596921 -0.951823 0.262529 0.158469 -0.215652 0.237283 0.303201 0.922912 0.384738 0.31622 -0.384863 0.867113 0.400795 -0.930002 -0.306262 0.203222 -0.504304 0.187351 -0.87068 -0.45477 0.485867 
1534173110262 0.194141 0.916108 -0.350792 -0.596812 -0.951832 0.262432 0.158573 -0.215635 0.237329 0.303109 0.92293 0.384683 0.31622 -0.384863 0.867113 0.400795 -0.930002 -0.306262 0.203222 -0.504304 0.187351 -0.87068 -0.45477 0.485867 
1534173110278 0.194039 0.916166 -0.350696 -0.596703 -0.951841 0.262335 0.158677 -0.215617 0.237374 0.303018 0.922948 0.384628 0.31622 -0.384863 0.867113 0.400795 -0.930002 -0.306262 0.203222 -0.504304 0.187351 -0.87068 -0.45477 0.485867 
1534173110295 0.193938 0.916224 -0.350601 -0.596593 -0.951851 0.262238 0.158781 -0.215599 0.23742 0.302926 0.922967 0.384573 0.31622 -0.384863 0.867113 0.400795 -0.930002 -0.306262 0.203222 -0.504304 0.187351 -0.87068 -0.45477 0.485867 
1534173110311 0.193836 0.916282 -0.350506 -0.596484 -0.95186 0.262141 0.158885 -0.215581 0.237465 0.302835 0.922985 0.384518 0.31622 -0.384863 0.867113 0.400795 -0.930002 -0.306262 0.203222 -0.504304 0.187351 -0.87068 -0.45477 0.485867 
1534173110328 0.193735 0.91634 -0.35041 -0.596375 -0.95187 0.262044 0.158989 -0.215563 0.23751 0.302743 0.923004 0.384463 0.31622 -0.384863 0.867113 0.400795 -0.930002 -0.306262 0.203222 -0.504304 0.187351 -0.87068 -0.45477 0.485867 
1534173110345 0.193633 0.916398 -0.350314 -0.596267 -0.951879 0.261947 0.159093 -0.215546 0.237556 0.302651 0.923022 0.384408 0.31622 -0.384863 0.867113 0.400795 -0.930002 -0.306262 0.203222 -0.504304 0.187351 -0.87068 -0.45477 0.485867 
1534173110452 0.193531 0.916456 -0.350219 -0.596157 -0.951888 0.26185 0.159196 -0.215528 0.237601 0.30256 0.92304 0.384354 0.31622 -0.384863 0.867113 0.400795 -0.930002 -0.306262 0.203222 -0.504304 0.187351 -0.87068 -0.45477 0.485867 
1534173110469 0.19343 0.916514 -0.350123 -0.596048 -0.951898 0.261753 0.1593 -0.21551 0.237647 0.302468 0.923058 0.384299 0.31622 -0.384863 0.867113 0.400795 -0.930002 -0.306262 0.203222 -0.504304 0.187351 -0.87068 -0.45477 0.485867 
1534173110497 0.193543 0.916405 -0.350346 -0.596445 -0.951955 0.261794 0.158887 -0.215459 0.237323 0.302763 0.923045 0.384513 0.31622 -0.384863 0.867113 0.400795 -0.930002 -0.306262 0.203222 -0.504304 0.187351 -0.87068 -0.45477 0.485867 
1534173110509 0.193491 0.916423 -0.350328 -0.596359 -0.952007 0.26169 0.15875 -0.215461 0.23716 0.302798 0.923076 0.384499 0.31622 -0.384863 0.867113 0.400795 -0.930002 -0.306262 0.203222 -0.504304 0.187351 -0.87068 -0.45477 0.485867 
1534173110526 0.193439 0.916441 -0.350311 -0.596268 -0.952058 0.261587 0.158612 -0.21546 0.236996 0.302834 0.923106 0.384485 0.31622 -0.384863 0.867113 0.400795 -0.930002 -0.306262 0.203222 -0.504304 0.187351 -0.87068 -0.45477 0.485867 
1534173110542 0.193388 0.916458 -0.350293 -0.596178 -0.952109 0.261484 0.158474 -0.21546 0.236831 0.30287 0.923136 0.384472 0.31622 -0.384863 0.867113 0.400795 -0.930002 -0.306262 0.203222 -0.504304 0.187351 -0.87068 -0.45477 0.485867 
1534173110559 0.193337 0.916476 -0.350276 -0.596087 -0.95216 0.261381 0.158336 -0.21546 0.236667 0.302907 0.923166 0.384459 0.31622 -0.384863 0.867113 0.400795 -0.930002 -0.306262 0.203222 -0.504304 0.187351 -0.87068 -0.45477 0.485867 
1534173110576 0.193286 0.916493 -0.350258 -0.595998 -0.952212 0.261278 0.158198 -0.21546 0.236502 0.302943 0.923197 0.384445 0.31622 -0.384863 0.867113 0.400795 -0.930002 -0.306262 0.203222 -0.504304 0.187351 -0.87068 -0.45477 0.485867 
1534173110598 0.193235 0.916511 -0.350241 -0.595906 -0.952263 0.261175 0.15806 -0.215459 0.236338 0.302979 0.923227 0.384432 0.31622 -0.384863 0.867113 0.400795 -0.930002 -0.306262 0.203222 -0.504304 0.187351 -0.87068 -0.45477 0.485867 
1534173110654 0.193183 0.916528 -0.350224 -0.595816 -0.952314 0.261071 0.157922 -0.215459 0.236174 0.303015 0.923257 0.384419 0.31622 -0.384863 0.867113 0.400795 -0.930002 -0.306262 0.203222 -0.504304 0.187351 -0.87068 -0.45477 0.485867 
1534173110705 0.193132 0.916545 -0.350206 -0.595725 -0.952365 0.260968 0.157784 -0.215458 0.236009 0.303051 0.923287 0.384406 0.31622 -0.384863 0.867113 0.400795 -0.930002 -0.306262 0.203222 -0.504304 0.187351 -0.87068 -0.45477 0.485867 
1534173110727 0.193081 0.916563 -0.350189 -0.595635 -0.952416 0.260865 0.157646 -0.215458 0.235845 0.303087 0.923318 0.384392 0.31622 -0.384863 0.867113 0.400795 -0.930002 -0.306262 0.203222 -0.504304 0.187351 -0.87068 -0.45477 0.485867 
1534173110764 0.19302 0.916599 -0.350128 -0.595968 -0.95231 0.26095 0.158148 -0.215327 0.236325 0.302905 0.923255 0.384483 0.31622 -0.384863 0.867113 0.400795 -0.930002 -0.306262 0.203222 -0.504304 0.187351 -0.87068 -0.45477 0.485867 
1534173110776 0.192896 0.916603 -0.350187 -0.595893 -0.952276 0.26092 0.1584 -0.215363 0.23656 0.30292 0.923189 0.384482 0.31622 -0.384863 0.867113 0.400795 -0.930002 -0.306262 0.203222 -0.504304 0.187351 -0.87068 -0.45477 0.485867 
1534173110793 0.192771 0.916606 -0.350248 -0.595811 -0.952243 0.260889 0.158652 -0.2154 0.236798 0.302937 0.923123 0.38448 0.31622 -0.384863 0.867113 0.400795 -0.930002 -0.306262 0.203222 -0.504304 0.187351 -0.87068 -0.45477 0.485867 
1534173110809 0.192646 0.916609 -0.350308 -0.595731 -0.952209 0.260858 0.158904 -0.215435 0.237034 0.302954 0.923057 0.384479 0.31622 -0.384863 0.867113 0.400795 -0.930002 -0.306262 0.203222 -0.504304 0.187351 -0.87068 -0.45477 0.485867 
1534173110826 0.192521 0.916612 -0.350369 -0.59565 -0.952176 0.260827 0.159156 -0.215471 0.23727 0.302972 0.92299 0.384477 0.31622 -0.384863 0.867113 0.400795 -0.930002 -0.306262 0.203222 -0.504304 0.187351 -0.87068 -0.45477 0.485867 
1534173110846 0.192396 0.916615 -0.350429 -0.59557 -0.952142 0.260796 0.159409 -0.215507 0.237507 0.302989 0.922924 0.384476 0.31622 -0.384863 0.867113 0.400795 -0.930002 -0.306262 0.203222 -0.504304 0.187351 -0.87068 -0.45477 0.485867 
1534173110900 0.192272 0.916618 -0.35049 -0.595489 -0.952108 0.260766 0.15966 -0.215542 0.237743 0.303006 0.922857 0.384475 0.31622 -0.384863 0.867113 0.400795 -0.930002 -0.306262 0.203222 -0.504304 0.187351 -0.87068 -0.45477 0.485867 
1534173110931 0.192147 0.916621 -0.35055 -0.595409 -0.952074 0.260735 0.159912 -0.215578 0.23798 0.303023 0.922791 0.384474 0.31622 -0.384863 0.867113 0.400795 -0.930002 -0.306262 0.203222 -0.504304 0.187351 -0.87068 -0.45477 0.485867 
1534173110957 0.192022 0.916624 -0.35061 -0.595328 -0.95204 0.260704 0.160164 -0.215613 0.238216 0.30304 0.922724 0.384473 0.31622 -0.384863 0.867113 0.400795 -0.930002 -0.306262 0.203222 -0.504304 0.187351 -0.87068 -0.45477 0.485867 
1534173111005 0.191897 0.916627 -0.350671 -0.595248 -0.952006 0.260673 0.160416 -0.215649 0.238452 0.303057 0.922657 0.384471 0.31622 -0.384863 0.867113 0.400795 -0.930002 -0.306262 0.203222 -0.504304 0.187351 -0.87068 -0.45477 0.485867 
1534173111046 0.192249 0.916649 -0.350422 -0.595542 -0.952109 0.260738 0.159702 -0.215476 0.237759 0.302937 0.922876 0.384496 0.31622 -0.384863 0.867113 0.400795 -0.930002 -0.306262 0.203222 -0.504304 0.187351 -0.87068 -0.45477 0.485867 
1534173111058 0.19216 0.916647 -0.350476 -0.595475 -0.952139 0.260648 0.159668 -0.215486 0.23771 0.30302 0.922861 0.384502 0.31622 -0.384863 0.867113 0.400795 -0.930002 -0.306262 0.203222 -0.504304 0.187351 -0.87068 -0.45477 0.485867 
1534173111074 0.19207 0.916644 -0.350533 -0.595403 -0.952169 0.260559 0.159634 -0.215495 0.237662 0.303105 0.922846 0.384509 0.31622 -0.384863 0.867113 0.400795 -0.930002 -0.306262 0.203222 -0.504304 0.187351 -0.87068 -0.45477 0.485867 
1534173111091 0.191981 0.916641 -0.350589 -0.595332 -0.952199 0.26047 0.1596 -0.215503 0.237614 0.30319 0.92283 0.384516 0.31622 -0.384863 0.867113 0.400795 -0.930002 -0.306262 0.203222 -0.504304 0.187351 -0.87068 -0.45477 0.485867 
1534173111108 0.191892 0.916638 -0.350644 -0.595263 -0.952229 0.260381 0.159566 -0.215512 0.237565 0.303275 0.922815 0.384522 0.31622 -0.384863 0.867113 0.400795 -0.930002 -0.306262 0.203222 -0.504304 0.187351 -0.87068 -0.45477 0.485867 
1534173111124 0.191802 0.916636 -0.350701 -0.595191 -0.952259 0.260292 0.159531 -0.21552 0.237517 0.303359 0.922799 0.384529 0.31622 -0.384863 0.867113 0.400795 -0.930002 -0.306262 0.203222 -0.504304 0.187351 -0.87068 -0.45477 0.485867 
1534173111143 0.191713 0.916633 -0.350757 -0.59512 -0.952289 0.260203 0.159497 -0.215529 0.237469 0.303444 0.922784 0.384536 0.31622 -0.384863 0.867113 0.400795 -0.930002 -0.306262 0.203222 -0.504304 0.187351 -0.87068 -0.45477 0.485867 
1534173111159 0.191624 0.91663 -0.350813 -0.595048 -0.952319 0.260114 0.159463 -0.215537 0.23742 0.303529 0.922769 0.384543 0.31622 -0.384863 0.867113 0.400795 -0.930002 -0.306262 0.203222 -0.504304 0.187351 -0.87068 -0.45477 0.485867 
1534173111240 0.191534 0.916627 -0.350869 -0.594978 -0.952349 0.260025 0.159429 -0.215546 0.237372 0.303614 0.922753 0.384549 0.31622 -0.384863 0.867113 0.400795 -0.930002 -0.306262 0.203222 -0.504304 0.187351 -0.87068 -0.45477 0.485867 
1534173111263 0.191445 0.916624 -0.350925 -0.594906 -0.952379 0.259936 0.159395 -0.215554 0.237323 0.303699 0.922738 0.384556 0.31622 -0.384863 0.867113 0.400795 -0.930002 -0.306262 0.203222 -0.504304 0.187351 -0.87068 -0.45477 0.485867 
1534173111293 0.191677 0.916703 -0.350594 -0.595207 -0.952257 0.260192 0.15971 -0.215416 0.237628 0.303242 0.922809 0.384556 0.31622 -0.384863 0.867113 0.400795 -0.930002 -0.306262 0.203222 -0.504304 0.187351 -0.87068 -0.45477 0.485867 
1534173111304 0.191638 0.916744 -0.350508 -0.595103 -0.952294 0.260103 0.159634 -0.215447 0.237512 0.303194 0.922855 0.384529 0.31622 -0.384863 0.867113 0.400795 -0.930002 -0.306262 0.203222 -0.504304 0.187351 -0.87068 -0.45477 0.485867 
1534173111323 0.191598 0.916784 -0.350423 -0.594996 -0.952331 0.260015 0.159558 -0.215477 0.237395 0.303148 0.9229 0.384502 0.31622 -0.384863 0.867113 0.400795 -0.930002 -0.306262 0.203222 -0.504304 0.187351 -0.87068 -0.45477 0.485867 
1534173111339 0.191559 0.916825 -0.350339 -0.594888 -0.952368 0.259927 0.159481 -0.215506 0.237279 0.303101 0.922946 0.384475 0.31622 -0.384863 0.867113 0.400795 -0.930002 -0.306262 0.203222 -0.504304 0.187351 -0.87068 -0.45477 0.485867 
1534173111355 0.19152 0.916865 -0.350254 -0.59478 -0.952404 0.259838 0.159405 -0.215535 0.237162 0.303055 0.922991 0.384449 0.31622 -0.384863 0.867113 0.400795 -0.930002 -0.306262 0.203222 -0.504304 0.187351 -0.87068 -0.45477 0.485867 
1534173111371 0.191481 0.916906 -0.35017 -0.594671 -0.952441 0.25975 0.159328 -0.215564 0.237046 0.303008 0.923036 0.384422 0.31622 -0.384863 0.867113 0.400795 -0.930002 -0.306262 0.203222 -0.504304 0.187351 -0.87068 -0.45477 0.485867 
1534173111388 0.191442 0.916946 -0.350086 -0.594564 -0.952478 0.259662 0.159252 -0.215593 0.236929 0.302961 0.923081 0.384395 0.31622 -0.384863 0.867113 0.400795 -0.930002 -0.306262 0.203222 -0.504304 0.187351 -0.87068 -0.45477 0.485867 
1534173111394 0.191403 0.916986 -0.350001 -0.594455 -0.952515 0.259574 0.159175 -0.215622 0.236813 0.302915 0.923126 0.384369 0.31622 -0.384863 0.867113 0.400795 -0.930002 -0.306262 0.203222 -0.504304 0.187351 -0.87068 -0.45477 0.485867 
1534173111441 0.191364 0.917027 -0.349917 -0.594348 -0.952552 0.259485 0.159099 -0.215651 0.236696 0.302868 0.923172 0.384342 0.31622 -0.384863 0.867113 0.400795 -0.930002 -0.306262 0.203222 -0.504304 0.187351 -0.87068 -0.45477 0.485867 
1534173111515 0.191324 0.917067 -0.349832 -0.594241 -0.952589 0.259397 0.159022 -0.21568 0.23658 0.302821 0.923217 0.384315 0.31622 -0.384863 0.867113 0.400795 -0.930002 -0.306262 0.203222 -0.504304 0.187351 -0.87068 -0.45477 0.485867 
1534173111552 0.19145 0.916981 -0.349989 -0.594627 -0.95246 0.259674 0.159343 -0.2155 0.236997 0.302844 0.923102 0.384479 0.31622 -0.384863 0.867113 0.400795 -0.930002 -0.306262 0.203222 -0.504304 0.187351 -0.87068 -0.45477 0.485867 
1534173111565 0.191226 0.917105 -0.349788 -0.594458 -0.952467 0.259479 0.159618 -0.215585 0.237149 0.302639 0.923131 0.38443 0.31622 -0.384863 0.867113 0.400795 -0.930002 -0.306262 0.203222 -0.504304 0.187351 -0.87068 -0.45477 0.485867 
1534173111582 0.191004 0.917227 -0.349588 -0.594287 -0.952474 0.259284 0.159893 -0.21567 0.237301 0.302433 0.923159 0.384379 0.31622 -0.384863 0.867113 0.400795 -0.930002 -0.306262 0.203222 -0.504304 0.187351 -0.87068 -0.45477 0.485867 
1534173111600 0.19078 0.91735 -0.349387 -0.594117 -0.95248 0.259089 0.16017 -0.215756 0.237454 0.302227 0.923187 0.384329 0.31622 -0.384863 0.867113 0.400795 -0.930002 -0.306262 0.203222 -0.504304 0.187351 -0.87068 -0.45477 0.485867 
1534173111605 0.190557 0.917473 -0.349187 -0.593945 -0.952487 0.258894 0.160446 -0.215842 0.237607 0.302021 0.923215 0.384279 0.31622 -0.384863 0.867113 0.400795 -0.930002 -0.306262 0.203222 -0.504304 0.187351 -0.87068 -0.45477 0.485867 
1534173111718 0.190334 0.917596 -0.348986 -0.593774 -0.952493 0.258699 0.160722 -0.215927 0.23776 0.301816 0.923243 0.384228 0.31622 -0.384863 0.867113 0.400795 -0.930002 -0.306262 0.203222 -0.504304 0.187351 -0.87068 -0.45477 0.485867 
1534173111781 0.190111 0.917718 -0.348785 -0.593603 -0.952499 0.258504 0.160998 -0.216012 0.237913 0.30161 0.923271 0.384178 0.31622 -0.384863 0.867113 0.400795 -0.930002 -0.306262 0.203222 -0.504304 0.187351 -0.87068 -0.45477 0.485867 
1534173111821 0.189887 0.917841 -0.348584 -0.593433 -0.952506 0.258309 0.161274 -0.216098 0.238067 0.301405 0.923298 0.384128 0.31622 -0.384863 0.867113 0.400795 -0.930002 -0.306262 0.203222 -0.504304 0.187351 -0.87068 -0.45477 0.485867 
