1533679517301 -0.0543942 0.511053 -0.857827 -0.507233 -0.949743 0.238747 0.202457 -0.244819 0.30827 0.825727 0.472382 0.46004 0.16008 -0.304787 0.938871 0.370831 -0.775623 0.549475 0.310623 -0.528794 -0.61056 -0.777934 -0.14844 0.432481 
1533679517314 -0.0757853 0.464317 -0.882421 -0.528748 -0.950085 0.23498 0.20524 -0.243786 0.302648 0.853929 0.423333 0.464555 0.31622 -0.384863 0.867113 0.400795 -0.930002 -0.306262 0.203222 -0.504304 0.187351 -0.87068 -0.454769 0.485867 
1533679518171 -0.0954993 0.416295 -0.9042 -0.549689 -0.950671 0.231175 0.206841 -0.240266 0.295135 0.87935 0.373683 0.467282 0.316221 -0.384863 0.867113 0.400797 -0.930002 -0.306262 0.203223 -0.504308 0.187351 -0.87068 -0.45477 0.485869 
1533679518949 -0.115428 0.366777 -0.92312 -0.570916 -0.950998 0.227563 0.209329 -0.237981 0.286845 0.902048 0.322537 0.470903 0.316221 -0.384863 0.867113 0.400795 -0.930002 -0.306262 0.203223 -0.504305 0.187351 -0.87068 -0.45477 0.485867 
1533679519790 -0.134862 0.316043 -0.939111 -0.592143 -0.951229 0.224082 0.212013 -0.235706 0.277443 0.921902 0.270409 0.474524 0.31622 -0.384863 0.867113 0.400795 -0.930002 -0.306262 0.203222 -0.504304 0.187351 -0.87068 -0.454769 0.485867 
