1535161883379 0.245654 0.920487 -0.303903 -0.539041 -0.936744 0.30606 0.16982 -0.20159 0.24933 0.242962 0.937445 0.427493 0.305568 -0.302577 0.902815 0.360451 -0.940596 -0.243313 0.236809 -0.487808 0.148014 -0.921545 -0.358952 0.474948 
1535161883392 0.246196 0.921059 -0.301725 -0.548646 -0.936793 0.305986 0.16968 -0.205737 0.248609 0.240879 0.938174 0.422247 0.288016 -0.287452 0.913465 0.36277 -0.949948 -0.206304 0.234599 -0.487483 0.121015 -0.935313 -0.332484 0.47152 
1535161883399 0.246734 0.921626 -0.299545 -0.558255 -0.936843 0.305911 0.169541 -0.209886 0.247887 0.238795 0.938898 0.417001 0.270876 -0.271483 0.923539 0.365088 -0.958076 -0.169087 0.231301 -0.487154 0.093364 -0.947474 -0.305903 0.46809 
1535161884226 0.24727 0.922189 -0.297363 -0.567862 -0.936892 0.305837 0.169401 -0.214035 0.247164 0.236709 0.939616 0.411754 0.254178 -0.2547 0.933017 0.367407 -0.964963 -0.131732 0.22692 -0.486826 0.0651113 -0.958006 -0.279259 0.464661 
1535161884394 0.247805 0.922747 -0.295179 -0.57747 -0.936942 0.305762 0.169261 -0.218184 0.24644 0.234622 0.94033 0.406508 0.237955 -0.237134 0.941884 0.369725 -0.970597 -0.0943075 0.221466 -0.486497 0.0363095 -0.966889 -0.252603 0.461232 
1535161884811 0.248338 0.9233 -0.292994 -0.587078 -0.936991 0.305688 0.169121 -0.222333 0.245714 0.232534 0.941038 0.401262 0.222238 -0.218819 0.95012 0.372043 -0.974967 -0.0568845 0.214948 -0.486169 0.00701237 -0.974106 -0.225983 0.457803 
1535161884817 0.248869 0.923848 -0.290807 -0.596686 -0.937041 0.305615 0.168981 -0.226482 0.244988 0.230444 0.941741 0.396015 0.207055 -0.199788 0.957712 0.374361 -0.978065 -0.0195325 0.20738 -0.485841 -0.0227255 -0.979644 -0.19945 0.454374 
1535161885424 0.249399 0.924391 -0.288619 -0.606295 -0.93709 0.305541 0.168841 -0.230631 0.24426 0.228353 0.942439 0.390769 0.192435 -0.180077 0.964646 0.376679 -0.979886 0.0176788 0.198776 -0.485512 -0.0528486 -0.983494 -0.173053 0.450945 
1535161885843 0.249927 0.92493 -0.286429 -0.615903 -0.937139 0.305468 0.1687 -0.23478 0.243531 0.226261 0.943132 0.385523 0.178406 -0.159723 0.970907 0.378997 -0.980425 0.05468 0.18915 -0.485184 -0.0833007 -0.985646 -0.146841 0.447516 
1535161886701 0.250453 0.925463 -0.284237 -0.625511 -0.937188 0.305396 0.168559 -0.238929 0.2428 0.224168 0.94382 0.380276 0.164992 -0.138764 0.976485 0.381315 -0.979682 0.0914022 0.178521 -0.484855 -0.114025 -0.986099 -0.120863 0.444087 
1535161887833 0.251381 0.925162 -0.284399 -0.625288 -0.936896 0.306351 0.168449 -0.23913 0.242969 0.224108 0.943791 0.380852 0.16472 -0.139718 0.976394 0.381073 -0.979851 0.0901883 0.178209 -0.485202 -0.112958 -0.986076 -0.122047 0.44406 
1535161887844 0.251341 0.925245 -0.284165 -0.626267 -0.93693 0.306249 0.168447 -0.239523 0.24288 0.223905 0.943862 0.380271 0.163449 -0.139034 0.976706 0.381162 -0.98056 0.0860523 0.176343 -0.484815 -0.108565 -0.986542 -0.122266 0.444222 
1535161887852 0.2513 0.925328 -0.283929 -0.62725 -0.936964 0.306146 0.168444 -0.239918 0.242789 0.223701 0.943934 0.379688 0.162174 -0.138355 0.977015 0.381251 -0.981248 0.081913 0.174477 -0.484427 -0.10417 -0.986989 -0.122477 0.444384 
1535161888162 0.251259 0.925412 -0.283693 -0.628235 -0.936998 0.306042 0.168441 -0.240313 0.242699 0.223498 0.944005 0.379106 0.160896 -0.137682 0.977321 0.381339 -0.981916 0.0777709 0.172608 -0.484038 -0.0997721 -0.987419 -0.122679 0.444546 
1535161888221 0.251219 0.925495 -0.283458 -0.629218 -0.937033 0.305939 0.168438 -0.240708 0.242609 0.223294 0.944077 0.378524 0.159614 -0.137014 0.977625 0.381428 -0.982562 0.073626 0.170738 -0.48365 -0.0953722 -0.987829 -0.122873 0.444708 
1535161888228 0.251178 0.925578 -0.283222 -0.630201 -0.937067 0.305836 0.168435 -0.241103 0.242519 0.223091 0.944148 0.377941 0.158328 -0.136352 0.977927 0.381517 -0.983187 0.0694785 0.168867 -0.483262 -0.0909703 -0.988221 -0.123059 0.44487 
1535161888383 0.251138 0.925661 -0.282986 -0.631185 -0.937101 0.305733 0.168431 -0.241498 0.242429 0.222887 0.944219 0.377359 0.15704 -0.135695 0.978226 0.381605 -0.983791 0.0653284 0.166995 -0.482874 -0.0865663 -0.988594 -0.123236 0.445031 
1535161888676 0.251097 0.925744 -0.282751 -0.632168 -0.937135 0.30563 0.168428 -0.241892 0.242339 0.222684 0.94429 0.376777 0.155748 -0.135044 0.978522 0.381694 -0.984374 0.0611758 0.165122 -0.482486 -0.0821606 -0.988949 -0.123405 0.445193 
1535161888754 0.251056 0.925827 -0.282515 -0.633152 -0.937169 0.305527 0.168425 -0.242288 0.242249 0.22248 0.944361 0.376194 0.154452 -0.134398 0.978817 0.381783 -0.984936 0.0570209 0.163247 -0.482098 -0.077753 -0.989286 -0.123566 0.445355 
1535161889050 0.251016 0.92591 -0.28228 -0.634135 -0.937204 0.305424 0.168422 -0.242682 0.242158 0.222277 0.944432 0.375612 0.153154 -0.133757 0.979108 0.381871 -0.985477 0.0528636 0.161372 -0.48171 -0.0733438 -0.989603 -0.123718 0.445517 
1535161889429 0.251635 0.925699 -0.282419 -0.633873 -0.936998 0.306077 0.16838 -0.242836 0.242311 0.222256 0.944398 0.375883 0.153525 -0.133832 0.97904 0.381863 -0.985304 0.0543479 0.161936 -0.481871 -0.0748809 -0.989513 -0.123521 0.445479 
1535161889440 0.251139 0.925597 -0.283196 -0.633954 -0.936969 0.305894 0.168874 -0.242963 0.242937 0.222935 0.944077 0.375933 0.153072 -0.132316 0.979317 0.381922 -0.985661 0.0507667 0.160923 -0.481808 -0.0710093 -0.989907 -0.122648 0.445433 
1535161889459 0.250641 0.925494 -0.283971 -0.634037 -0.93694 0.305709 0.169369 -0.243091 0.243563 0.223613 0.943756 0.375983 0.152613 -0.130803 0.979592 0.381979 -0.986003 0.0471835 0.159912 -0.481743 -0.0671375 -0.990285 -0.121771 0.445386 
1535161889589 0.250143 0.925391 -0.284746 -0.634123 -0.93691 0.305525 0.169864 -0.24322 0.244188 0.224291 0.943433 0.376032 0.152147 -0.129291 0.979865 0.382035 -0.986331 0.0435982 0.158903 -0.481676 -0.0632651 -0.990648 -0.12089 0.445339 
1535161889639 0.249645 0.925287 -0.28552 -0.634206 -0.93688 0.305341 0.17036 -0.243348 0.244813 0.224969 0.94311 0.376082 0.151675 -0.12778 0.980136 0.382093 -0.986644 0.0400106 0.157899 -0.48161 -0.0593922 -0.990995 -0.120005 0.445293 
1535161889646 0.249145 0.925182 -0.286295 -0.634291 -0.93685 0.305158 0.170855 -0.243477 0.245437 0.225647 0.942785 0.376131 0.151197 -0.126271 0.980405 0.38215 -0.986943 0.036421 0.156896 -0.481543 -0.0555189 -0.991327 -0.119116 0.445246 
1535161889780 0.248646 0.925077 -0.287068 -0.634376 -0.936819 0.304975 0.171351 -0.243606 0.246061 0.226325 0.94246 0.376181 0.150714 -0.124764 0.980673 0.382207 -0.987228 0.0328293 0.155898 -0.481476 -0.0516453 -0.991643 -0.118223 0.445199 
1535161889828 0.248145 0.924971 -0.287841 -0.63446 -0.936787 0.304792 0.171846 -0.243734 0.246685 0.227003 0.942134 0.37623 0.150224 -0.123258 0.980938 0.382264 -0.987497 0.0292356 0.154902 -0.481411 -0.0477713 -0.991944 -0.117325 0.445152 
1535161889930 0.247645 0.924864 -0.288614 -0.634546 -0.936756 0.30461 0.172342 -0.243863 0.247308 0.227681 0.941807 0.37628 0.149728 -0.121754 0.981202 0.382321 -0.987752 0.02564 0.153909 -0.481344 -0.0438972 -0.992229 -0.116424 0.445106 
1535161889982 0.247143 0.924757 -0.289387 -0.63463 -0.936723 0.304428 0.172838 -0.243991 0.24793 0.22836 0.941479 0.376329 0.149227 -0.120252 0.981464 0.382378 -0.987993 0.0220425 0.15292 -0.481278 -0.0400228 -0.992499 -0.115519 0.445059 
1535161890482 0.247509 0.924947 -0.288464 -0.634525 -0.936851 0.304398 0.1722 -0.243754 0.247084 0.227627 0.941879 0.376192 0.149297 -0.121182 0.981339 0.382325 -0.987928 0.0232018 0.153165 -0.481379 -0.0413295 -0.992359 -0.116255 0.445089 
1535161890503 0.24696 0.925105 -0.288429 -0.63457 -0.936955 0.303906 0.172499 -0.243851 0.247235 0.227645 0.941835 0.376244 0.148598 -0.120715 0.981502 0.382295 -0.988042 0.0231664 0.152437 -0.481246 -0.0411394 -0.992417 -0.115829 0.445026 
1535161890510 0.246411 0.925262 -0.288394 -0.63462 -0.93706 0.303412 0.172799 -0.24395 0.247387 0.227663 0.941791 0.376296 0.147897 -0.120248 0.981665 0.382263 -0.988155 0.0231306 0.151708 -0.481108 -0.0409491 -0.992474 -0.115403 0.444963 
1535161890521 0.245862 0.92542 -0.288358 -0.634672 -0.937164 0.302919 0.173098 -0.24405 0.247538 0.227681 0.941747 0.376347 0.147196 -0.119781 0.981828 0.382231 -0.988267 0.0230944 0.150979 -0.48097 -0.0407591 -0.992532 -0.114976 0.4449 
1535161890587 0.245312 0.925577 -0.288323 -0.634722 -0.937269 0.302425 0.173397 -0.24415 0.247689 0.227699 0.941702 0.376398 0.146495 -0.119314 0.98199 0.382199 -0.988379 0.0230579 0.150249 -0.480832 -0.0405695 -0.992589 -0.11455 0.444836 
1535161890745 0.244763 0.925733 -0.288287 -0.634772 -0.937372 0.301932 0.173697 -0.244249 0.24784 0.227718 0.941658 0.37645 0.145793 -0.118847 0.982151 0.382167 -0.988491 0.0230209 0.14952 -0.480695 -0.0403801 -0.992646 -0.114123 0.444773 
1535161890829 0.244213 0.92589 -0.288251 -0.634823 -0.937476 0.301438 0.173996 -0.244348 0.247991 0.227736 0.941614 0.376501 0.145092 -0.11838 0.982311 0.382135 -0.988602 0.0229837 0.148791 -0.480557 -0.040191 -0.992702 -0.113696 0.44471 
1535161890949 0.243663 0.926046 -0.288214 -0.634872 -0.937579 0.300944 0.174295 -0.244447 0.248142 0.227754 0.94157 0.376553 0.14439 -0.117913 0.98247 0.382103 -0.988712 0.0229461 0.148062 -0.480421 -0.0400022 -0.992759 -0.113269 0.444647 
1535161890998 0.243114 0.926202 -0.288178 -0.634924 -0.937681 0.30045 0.174594 -0.244547 0.248293 0.227773 0.941526 0.376604 0.143689 -0.117446 0.982629 0.382071 -0.988822 0.022908 0.147333 -0.480282 -0.0398138 -0.992815 -0.112842 0.444584 
1535161891175 0.242564 0.926357 -0.288141 -0.634974 -0.937784 0.299956 0.174893 -0.244646 0.248444 0.227792 0.941481 0.376656 0.142986 -0.116979 0.982787 0.38204 -0.988931 0.0228698 0.146602 -0.480146 -0.0396256 -0.992871 -0.112414 0.44452 
1535161891394 0.243223 0.926186 -0.288135 -0.634902 -0.937672 0.300529 0.17451 -0.244583 0.248222 0.227731 0.941554 0.376655 0.143522 -0.1172 0.982683 0.382098 -0.988845 0.0229838 0.147163 -0.480216 -0.0398334 -0.992842 -0.112594 0.444609 
1535161891405 0.242998 0.926286 -0.288002 -0.634922 -0.937818 0.300209 0.174274 -0.244653 0.247888 0.227746 0.941639 0.376652 0.142717 -0.117101 0.982812 0.382098 -0.989021 0.0215723 0.146189 -0.480164 -0.0383204 -0.992886 -0.112737 0.444641 
1535161891411 0.242771 0.926388 -0.287869 -0.634943 -0.937965 0.299886 0.174039 -0.244723 0.247556 0.227759 0.941723 0.376648 0.141911 -0.117003 0.98294 0.382097 -0.989195 0.0201602 0.145214 -0.48011 -0.0368067 -0.992927 -0.112878 0.444673 
1535161891418 0.242544 0.926488 -0.287736 -0.634965 -0.938111 0.299564 0.173805 -0.244794 0.247223 0.227773 0.941807 0.376644 0.141104 -0.116906 0.983068 0.382096 -0.989365 0.0187479 0.144238 -0.480055 -0.0352928 -0.992966 -0.113018 0.444705 
1535161891425 0.242317 0.926589 -0.287603 -0.634988 -0.938258 0.299242 0.17357 -0.244865 0.246891 0.227787 0.941891 0.376641 0.140297 -0.116811 0.983195 0.382095 -0.989533 0.0173356 0.143261 -0.479999 -0.0337787 -0.993003 -0.113156 0.444737 
1535161891431 0.242089 0.92669 -0.28747 -0.635011 -0.938404 0.29892 0.173335 -0.244937 0.246559 0.2278 0.941974 0.376637 0.13949 -0.116716 0.983321 0.382094 -0.989698 0.0159231 0.142284 -0.479943 -0.0322644 -0.993038 -0.113293 0.444769 
1535161891579 0.241862 0.92679 -0.287337 -0.635033 -0.93855 0.298598 0.1731 -0.245007 0.246226 0.227814 0.942058 0.376633 0.138683 -0.116623 0.983446 0.382093 -0.989859 0.0145104 0.141308 -0.479889 -0.0307499 -0.99307 -0.113428 0.444801 
1535161891608 0.241635 0.926891 -0.287204 -0.635057 -0.938695 0.298276 0.172865 -0.245079 0.245893 0.227827 0.942142 0.376629 0.137875 -0.116531 0.983571 0.382091 -0.990018 0.0130977 0.14033 -0.479833 -0.0292353 -0.993101 -0.113562 0.444833 
1535161891615 0.241407 0.926991 -0.287072 -0.635079 -0.938841 0.297954 0.17263 -0.24515 0.245561 0.22784 0.942225 0.376626 0.137067 -0.11644 0.983694 0.38209 -0.990174 0.0116848 0.139353 -0.479778 -0.0277205 -0.993129 -0.113694 0.444865 
1535161891716 0.24118 0.927091 -0.286939 -0.635101 -0.938986 0.297632 0.172395 -0.24522 0.245228 0.227853 0.942309 0.376622 0.136259 -0.11635 0.983817 0.382089 -0.990327 0.0102718 0.138375 -0.479723 -0.0262055 -0.993155 -0.113825 0.444896 
1535161891784 0.241569 0.926918 -0.287172 -0.635044 -0.938703 0.298216 0.172927 -0.245033 0.245929 0.227795 0.94214 0.376661 0.139844 -0.116611 0.983283 0.38206 -0.989596 0.0174547 0.142811 -0.4801 -0.0338163 -0.993024 -0.112957 0.444746 
1535161891795 0.241875 0.926903 -0.286964 -0.635028 -0.938737 0.298364 0.172487 -0.245029 0.245499 0.227663 0.942284 0.37662 0.139534 -0.116608 0.983327 0.382082 -0.989644 0.0173719 0.14249 -0.480094 -0.0336977 -0.993026 -0.112976 0.444742 
1535161891802 0.242182 0.926887 -0.286756 -0.63501 -0.93877 0.298514 0.172047 -0.245023 0.245068 0.227531 0.942428 0.376579 0.139226 -0.116607 0.983371 0.382103 -0.989691 0.0172925 0.142171 -0.480085 -0.0335831 -0.993028 -0.112997 0.444737 
1535161891809 0.242488 0.926871 -0.286547 -0.634991 -0.938803 0.298663 0.171607 -0.245018 0.244638 0.227399 0.942572 0.376539 0.138918 -0.116606 0.983415 0.382124 -0.989738 0.017213 0.141852 -0.480076 -0.0334684 -0.993029 -0.113019 0.444732 
1535161891871 0.242795 0.926855 -0.286339 -0.634974 -0.938836 0.298812 0.171166 -0.245012 0.244208 0.227267 0.942715 0.376498 0.138611 -0.116606 0.983458 0.382146 -0.989785 0.0171334 0.141534 -0.480069 -0.0333537 -0.99303 -0.11304 0.444727 
1535161891925 0.2431 0.92684 -0.286129 -0.634955 -0.938869 0.298961 0.170726 -0.245007 0.243777 0.227135 0.942859 0.376457 0.138303 -0.116605 0.983502 0.382167 -0.989832 0.017054 0.141215 -0.480059 -0.033239 -0.993032 -0.113061 0.444721 
1535161891947 0.243407 0.926824 -0.285921 -0.634937 -0.938901 0.299111 0.170285 -0.245001 0.243347 0.227003 0.943002 0.376417 0.137995 -0.116605 0.983545 0.382188 -0.989879 0.0169744 0.140896 -0.480051 -0.0331243 -0.993033 -0.113082 0.444716 
1535161891954 0.243712 0.926808 -0.285712 -0.634918 -0.938934 0.29926 0.169845 -0.244995 0.242916 0.226871 0.943144 0.376376 0.137687 -0.116604 0.983588 0.382209 -0.989926 0.016895 0.140577 -0.480041 -0.0330096 -0.993035 -0.113103 0.444711 
1535161891973 0.244018 0.926792 -0.285503 -0.6349 -0.938965 0.29941 0.169404 -0.24499 0.242485 0.22674 0.943287 0.376335 0.13738 -0.116604 0.983631 0.38223 -0.989972 0.0168155 0.140259 -0.480033 -0.0328949 -0.993036 -0.113124 0.444706 
1535161892110 0.244324 0.926776 -0.285294 -0.634882 -0.938997 0.299559 0.168964 -0.244985 0.242054 0.226608 0.943429 0.376295 0.137072 -0.116603 0.983674 0.382251 -0.990019 0.016736 0.13994 -0.480024 -0.0327802 -0.993038 -0.113145 0.444701 
1535161892182 0.243506 0.926762 -0.286036 -0.63493 -0.938848 0.299252 0.17033 -0.245052 0.243453 0.227068 0.942959 0.376419 0.137744 -0.116551 0.983587 0.382236 -0.989917 0.0169153 0.140635 -0.480047 -0.0330288 -0.993041 -0.113046 0.44474 
1535161892192 0.244057 0.926686 -0.285813 -0.634758 -0.938743 0.299701 0.170119 -0.244953 0.243305 0.226786 0.943064 0.37647 0.137598 -0.116567 0.983605 0.382277 -0.989958 0.016293 0.140417 -0.480157 -0.0323939 -0.993049 -0.113155 0.444717 
1535161892198 0.244607 0.92661 -0.285588 -0.634582 -0.938638 0.300149 0.169908 -0.244852 0.243158 0.226503 0.943171 0.376523 0.137452 -0.116582 0.983624 0.382319 -0.989999 0.0156708 0.1402 -0.480268 -0.031759 -0.993057 -0.113262 0.444694 
1535161892205 0.245158 0.926534 -0.285364 -0.634406 -0.938533 0.300598 0.169697 -0.244752 0.24301 0.22622 0.943276 0.376575 0.137307 -0.116597 0.983642 0.382361 -0.990039 0.0150486 0.139984 -0.480378 -0.0311241 -0.993065 -0.113369 0.444671 
1535161892213 0.245708 0.926457 -0.285139 -0.63423 -0.938427 0.301046 0.169486 -0.244651 0.242862 0.225938 0.943382 0.376627 0.137162 -0.116612 0.983661 0.382402 -0.990079 0.0144264 0.139767 -0.480489 -0.0304891 -0.993073 -0.113476 0.444648 
1535161892355 0.246259 0.92638 -0.284914 -0.634053 -0.938321 0.301495 0.169275 -0.24455 0.242714 0.225655 0.943488 0.376679 0.137017 -0.116626 0.983679 0.382444 -0.990119 0.0138042 0.13955 -0.4806 -0.0298541 -0.99308 -0.113583 0.444625 
1535161892372 0.246809 0.926303 -0.284689 -0.633878 -0.938215 0.301943 0.169065 -0.244449 0.242565 0.225373 0.943594 0.376731 0.136871 -0.116642 0.983698 0.382485 -0.990158 0.013182 0.139333 -0.48071 -0.0292191 -0.993087 -0.113689 0.444603 
1535161892392 0.247359 0.926225 -0.284464 -0.6337 -0.938109 0.302392 0.168854 -0.244348 0.242417 0.22509 0.943699 0.376784 0.136726 -0.116657 0.983716 0.382527 -0.990196 0.0125598 0.139116 -0.480821 -0.0285841 -0.993093 -0.113796 0.44458 
1535161892419 0.247909 0.926148 -0.284239 -0.633525 -0.938002 0.30284 0.168644 -0.244247 0.242268 0.224808 0.943805 0.376836 0.136581 -0.116672 0.983734 0.382569 -0.990235 0.0119375 0.138899 -0.480932 -0.027949 -0.993099 -0.113902 0.444557 
1535161892518 0.248459 0.926069 -0.284013 -0.633347 -0.937895 0.303288 0.168433 -0.244146 0.242119 0.224526 0.94391 0.376888 0.136435 -0.116687 0.983753 0.38261 -0.990272 0.0113154 0.138682 -0.481042 -0.0273139 -0.993104 -0.114008 0.444534 
1535161892751 0.246989 0.926194 -0.284888 -0.633929 -0.938089 0.302225 0.169263 -0.244443 0.242871 0.225444 0.943498 0.376751 0.136913 -0.116668 0.983689 0.382504 -0.990166 0.0126892 0.139319 -0.480718 -0.0287363 -0.99309 -0.113783 0.444623 
1535161892763 0.247057 0.926121 -0.285066 -0.633584 -0.93812 0.302277 0.168998 -0.24432 0.242681 0.225674 0.943492 0.376883 0.137696 -0.11663 0.983584 0.382558 -0.990118 0.0104432 0.139849 -0.480914 -0.0265823 -0.993121 -0.114039 0.44459 
1535161892899 0.247126 0.926048 -0.285244 -0.633236 -0.938151 0.302329 0.168732 -0.244195 0.242492 0.225903 0.943486 0.377016 0.138479 -0.11659 0.983479 0.382613 -0.990064 0.00819701 0.140378 -0.481112 -0.0244282 -0.993146 -0.114296 0.444557 
1535161892917 0.247195 0.925975 -0.285422 -0.632887 -0.938181 0.302381 0.168466 -0.24407 0.242302 0.226133 0.94348 0.377148 0.139261 -0.116548 0.983373 0.382667 -0.990005 0.00595083 0.140906 -0.481309 -0.0222742 -0.993167 -0.114554 0.444524 
1535161892922 0.247264 0.925902 -0.285599 -0.632538 -0.938212 0.302434 0.168201 -0.243945 0.242112 0.226363 0.943473 0.377281 0.140043 -0.116504 0.983267 0.382722 -0.989941 0.00370469 0.141433 -0.481507 -0.0201202 -0.993183 -0.114814 0.444491 
1535161893066 0.247333 0.925828 -0.285777 -0.632191 -0.938243 0.302486 0.167935 -0.243821 0.241922 0.226593 0.943467 0.377413 0.140826 -0.116459 0.983161 0.382776 -0.989871 0.00145846 0.14196 -0.481704 -0.0179664 -0.993194 -0.115074 0.444458 
1535161893181 0.247402 0.925755 -0.285955 -0.631841 -0.938274 0.302538 0.167669 -0.243695 0.241733 0.226822 0.94346 0.377546 0.141608 -0.116412 0.983054 0.382831 -0.989797 -0.000787659 0.142486 -0.481902 -0.0158127 -0.993201 -0.115336 0.444426 
1535161893351 0.24747 0.925682 -0.286133 -0.631493 -0.938304 0.30259 0.167403 -0.243571 0.241543 0.227052 0.943453 0.377679 0.14239 -0.116363 0.982947 0.382885 -0.989716 -0.00303384 0.143011 -0.482099 -0.0136591 -0.993202 -0.115598 0.444393 
1535161893421 0.24754 0.925608 -0.28631 -0.631143 -0.938335 0.302642 0.167137 -0.243445 0.241353 0.227282 0.943447 0.377812 0.143171 -0.116312 0.982839 0.38294 -0.989631 -0.0052799 0.143536 -0.482296 -0.0115057 -0.993199 -0.115862 0.44436 
1535161893433 0.247609 0.925535 -0.286488 -0.630795 -0.938366 0.302694 0.166872 -0.24332 0.241164 0.227512 0.94344 0.377944 0.143953 -0.11626 0.982732 0.382994 -0.98954 -0.00752593 0.14406 -0.482494 -0.00935241 -0.99319 -0.116127 0.444327 
1535161893850 0.247206 0.925679 -0.286368 -0.631006 -0.938466 0.302294 0.167033 -0.243319 0.241186 0.227455 0.943448 0.377764 0.143546 -0.116235 0.982794 0.382919 -0.989587 -0.00623058 0.143802 -0.482356 -0.0105914 -0.993202 -0.115919 0.444373 
1535161893860 0.247368 0.925672 -0.286253 -0.630589 -0.938306 0.302538 0.167488 -0.243174 0.241641 0.227162 0.943402 0.377876 0.143439 -0.116602 0.982766 0.382963 -0.989596 -0.0056615 0.143764 -0.482444 -0.0111993 -0.993163 -0.116201 0.444335 
1535161893952 0.24753 0.925664 -0.286139 -0.630165 -0.938146 0.302782 0.167942 -0.243027 0.242096 0.22687 0.943355 0.377989 0.143332 -0.116969 0.982738 0.383007 -0.989604 -0.00509257 0.143728 -0.482532 -0.0118071 -0.993122 -0.116483 0.444297 
1535161893988 0.247692 0.925655 -0.286026 -0.629743 -0.937986 0.303026 0.168397 -0.242879 0.242551 0.226578 0.943309 0.378102 0.143225 -0.117336 0.98271 0.38305 -0.989612 -0.00452363 0.143691 -0.48262 -0.0124147 -0.993082 -0.116765 0.444259 
1535161894075 0.247854 0.925647 -0.285912 -0.62932 -0.937826 0.303269 0.168852 -0.242732 0.243005 0.226285 0.943262 0.378215 0.143117 -0.117703 0.982682 0.383094 -0.98962 -0.00395458 0.143654 -0.482708 -0.0130224 -0.993041 -0.117047 0.444221 
1535161894133 0.248016 0.925639 -0.285799 -0.628898 -0.937665 0.303513 0.169306 -0.242585 0.24346 0.225993 0.943215 0.378328 0.14301 -0.11807 0.982653 0.383138 -0.989627 -0.00338563 0.143618 -0.482796 -0.01363 -0.993 -0.117329 0.444183 
1535161894175 0.248178 0.92563 -0.285685 -0.628475 -0.937504 0.303756 0.169761 -0.242438 0.243914 0.2257 0.943168 0.378441 0.142902 -0.118436 0.982625 0.383182 -0.989634 -0.00281662 0.143582 -0.482884 -0.0142376 -0.992958 -0.117611 0.444146 
1535161894182 0.24834 0.925622 -0.285572 -0.628053 -0.937343 0.304 0.170215 -0.242291 0.244369 0.225407 0.94312 0.378554 0.142794 -0.118803 0.982596 0.383226 -0.989641 -0.00224765 0.143546 -0.482972 -0.0148452 -0.992915 -0.117893 0.444108 
1535161894188 0.248503 0.925613 -0.285459 -0.627629 -0.937181 0.304243 0.17067 -0.242143 0.244823 0.225114 0.943072 0.378667 0.142686 -0.11917 0.982568 0.383269 -0.989647 -0.00167862 0.14351 -0.48306 -0.0154527 -0.992873 -0.118175 0.44407 
1535161894278 0.248665 0.925605 -0.285345 -0.627207 -0.937019 0.304486 0.171124 -0.241996 0.245277 0.224821 0.943024 0.37878 0.142577 -0.119536 0.982539 0.383313 -0.989653 -0.00110957 0.143474 -0.483148 -0.0160602 -0.992829 -0.118457 0.444032 
1535161894593 0.247875 0.925765 -0.285513 -0.627938 -0.937564 0.303455 0.16997 -0.242088 0.243992 0.225555 0.943182 0.378497 0.142954 -0.118734 0.982581 0.383263 -0.989619 -0.00231921 0.143698 -0.482881 -0.014783 -0.992923 -0.117833 0.444126 
1535161894605 0.248016 0.925777 -0.285351 -0.627565 -0.937521 0.303564 0.170011 -0.241943 0.244015 0.225357 0.943224 0.37859 0.143302 -0.11975 0.982408 0.38334 -0.989577 -0.00311354 0.143968 -0.483024 -0.0141814 -0.992799 -0.118948 0.444212 
1535161894622 0.248157 0.925789 -0.285191 -0.627188 -0.937477 0.303675 0.170053 -0.241797 0.244038 0.22516 0.943265 0.378683 0.143649 -0.120765 0.982232 0.383418 -0.989535 -0.00390786 0.144237 -0.483168 -0.0135803 -0.992673 -0.120063 0.444298 
1535161894741 0.248297 0.9258 -0.28503 -0.626811 -0.937434 0.303785 0.170094 -0.24165 0.244061 0.224963 0.943306 0.378776 0.143998 -0.12178 0.982056 0.383495 -0.989493 -0.00470252 0.144505 -0.483312 -0.0129797 -0.992546 -0.121177 0.444384 
1535161894780 0.248438 0.925812 -0.28487 -0.626433 -0.937391 0.303896 0.170135 -0.241503 0.244084 0.224766 0.943347 0.37887 0.144348 -0.122794 0.981879 0.383573 -0.98945 -0.00549746 0.144773 -0.483456 -0.0123794 -0.992417 -0.122292 0.44447 
1535161894933 0.248579 0.925823 -0.284709 -0.626055 -0.937347 0.304006 0.170177 -0.241356 0.244107 0.224569 0.943388 0.378963 0.144698 -0.123808 0.9817 0.38365 -0.989406 -0.00629268 0.14504 -0.4836 -0.0117795 -0.992286 -0.123407 0.444556 
1535161894963 0.24872 0.925835 -0.284549 -0.625679 -0.937304 0.304117 0.170218 -0.241209 0.24413 0.224372 0.943429 0.379056 0.145048 -0.124821 0.98152 0.383728 -0.989361 -0.00708814 0.145306 -0.483744 -0.01118 -0.992154 -0.124521 0.444643 
1535161895147 0.248861 0.925846 -0.284389 -0.625301 -0.937261 0.304227 0.17026 -0.241062 0.244153 0.224175 0.94347 0.37915 0.145399 -0.125834 0.981338 0.383805 -0.989317 -0.00788384 0.14557 -0.483888 -0.010581 -0.99202 -0.125636 0.444729 
1535161895157 0.249002 0.925858 -0.284228 -0.624924 -0.937217 0.304338 0.170301 -0.240915 0.244176 0.223978 0.94351 0.379243 0.145751 -0.126847 0.981156 0.383883 -0.989271 -0.00867991 0.145834 -0.484031 -0.00998225 -0.991884 -0.126751 0.444815 
1535161895329 0.249143 0.925869 -0.284067 -0.624547 -0.937174 0.304448 0.170343 -0.240768 0.244199 0.223781 0.943551 0.379337 0.146103 -0.127859 0.980972 0.38396 -0.989225 -0.00947618 0.146097 -0.484175 -0.00938395 -0.991747 -0.127865 0.444901 
1535161895596 0.249294 0.925788 -0.284199 -0.624728 -0.937136 0.304614 0.170255 -0.240986 0.244192 0.223889 0.943527 0.379282 0.145655 -0.126975 0.981153 0.383896 -0.989287 -0.0089344 0.145707 -0.484096 -0.00973509 -0.991866 -0.126916 0.444882 
1535161895607 0.24919 0.925688 -0.284616 -0.624405 -0.93699 0.304751 0.17081 -0.240875 0.244854 0.224119 0.943301 0.37941 0.146017 -0.126436 0.981169 0.383917 -0.989237 -0.00915772 0.146038 -0.484206 -0.00947912 -0.991933 -0.126412 0.444771 
1535161895614 0.249087 0.925587 -0.285034 -0.624078 -0.936845 0.304888 0.171363 -0.240762 0.245515 0.224348 0.943075 0.379539 0.14638 -0.125897 0.981185 0.383939 -0.989186 -0.00938075 0.14637 -0.484317 -0.0092232 -0.991999 -0.125908 0.44466 
1535161895704 0.248984 0.925486 -0.285451 -0.623751 -0.936699 0.305025 0.171916 -0.240649 0.246176 0.224577 0.942848 0.379667 0.146742 -0.125357 0.981199 0.383961 -0.989134 -0.00960357 0.146702 -0.484429 -0.00896709 -0.992065 -0.125404 0.444549 
1535161895817 0.24888 0.925385 -0.285869 -0.623423 -0.936552 0.305163 0.172469 -0.240536 0.246837 0.224807 0.942621 0.379796 0.147104 -0.124818 0.981214 0.383983 -0.989083 -0.00982623 0.147034 -0.48454 -0.0087108 -0.992131 -0.124901 0.444438 
1535161895916 0.248777 0.925284 -0.286286 -0.623095 -0.936405 0.3053 0.173022 -0.240423 0.247498 0.225036 0.942393 0.379925 0.147466 -0.124278 0.981228 0.384004 -0.989031 -0.0100487 0.147366 -0.484651 -0.00845432 -0.992197 -0.124397 0.444326 
1535161896041 0.248672 0.925183 -0.286703 -0.622769 -0.936258 0.305438 0.173575 -0.24031 0.248159 0.225265 0.942164 0.380053 0.147828 -0.123738 0.981242 0.384026 -0.988979 -0.010271 0.147698 -0.484762 -0.00819765 -0.992262 -0.123893 0.444215 
1535161896086 0.248568 0.925082 -0.28712 -0.622442 -0.936111 0.305576 0.174128 -0.240198 0.248819 0.225493 0.941935 0.380182 0.148189 -0.123199 0.981255 0.384048 -0.988927 -0.0104931 0.148031 -0.484873 -0.0079408 -0.992327 -0.123389 0.444104 
1535161896257 0.248463 0.92498 -0.287537 -0.622114 -0.935963 0.305714 0.17468 -0.240084 0.24948 0.225722 0.941706 0.380311 0.148551 -0.122659 0.981268 0.384069 -0.988875 -0.0107149 0.148363 -0.484984 -0.00768377 -0.992391 -0.122886 0.443993 
1535161896262 0.248358 0.924879 -0.287954 -0.621787 -0.935814 0.305852 0.175232 -0.239971 0.25014 0.225951 0.941476 0.380439 0.148912 -0.122119 0.981281 0.384091 -0.988823 -0.0109367 0.148696 -0.485095 -0.00742654 -0.992455 -0.122382 0.443882 
1535161896550 0.248314 0.924981 -0.287664 -0.622009 -0.935973 0.305622 0.174785 -0.240027 0.249589 0.225845 0.941647 0.380365 0.14861 -0.122731 0.98125 0.384096 -0.988866 -0.0107602 0.148417 -0.484926 -0.00765688 -0.992382 -0.122963 0.444009 
1535161896563 0.248356 0.924898 -0.287894 -0.621683 -0.935831 0.305824 0.175194 -0.239922 0.250081 0.22591 0.941501 0.380473 0.148857 -0.120921 0.981438 0.384084 -0.988834 -0.01121 0.148598 -0.485038 -0.00696668 -0.992599 -0.121239 0.443749 
1535161896578 0.248398 0.924815 -0.288124 -0.621354 -0.935688 0.306027 0.175602 -0.239816 0.250573 0.225975 0.941354 0.380581 0.149104 -0.11911 0.981622 0.384073 -0.988802 -0.0116594 0.14878 -0.48515 -0.00627601 -0.992813 -0.119514 0.443488 
1535161896641 0.24844 0.924732 -0.288354 -0.621025 -0.935545 0.306229 0.17601 -0.239709 0.251065 0.226041 0.941208 0.38069 0.149349 -0.117299 0.981802 0.384062 -0.988769 -0.0121085 0.148962 -0.485262 -0.00558488 -0.993023 -0.11779 0.443228 
1535161896757 0.248482 0.924649 -0.288585 -0.620695 -0.935402 0.306432 0.176419 -0.239603 0.251557 0.226106 0.941061 0.380799 0.149593 -0.115487 0.98198 0.384051 -0.988736 -0.0125573 0.149145 -0.485374 -0.00489333 -0.99323 -0.116065 0.442967 
1535161896963 0.248523 0.924566 -0.288815 -0.620366 -0.935258 0.306634 0.176827 -0.239496 0.252048 0.226171 0.940914 0.380907 0.149836 -0.113675 0.982154 0.384039 -0.988702 -0.0130058 0.14933 -0.485486 -0.00420134 -0.993433 -0.114339 0.442707 
1535161896971 0.248565 0.924483 -0.289045 -0.620036 -0.935114 0.306837 0.177235 -0.239389 0.25254 0.226236 0.940766 0.381016 0.150077 -0.111862 0.982326 0.384028 -0.988668 -0.0134538 0.149514 -0.485599 -0.00350895 -0.993633 -0.112614 0.442447 
1535161897183 0.248606 0.9244 -0.289275 -0.619707 -0.93497 0.307039 0.177643 -0.239283 0.253032 0.2263 0.940618 0.381124 0.150318 -0.110049 0.982494 0.384017 -0.988634 -0.0139016 0.1497 -0.485711 -0.00281612 -0.993829 -0.110888 0.442186 
1535161897189 0.248648 0.924317 -0.289505 -0.619377 -0.934826 0.307242 0.178051 -0.239176 0.253523 0.226365 0.940471 0.381233 0.150557 -0.108235 0.982659 0.384005 -0.988599 -0.014349 0.149886 -0.485823 -0.00212286 -0.994022 -0.109162 0.441926 
1535161897282 0.248689 0.924233 -0.289735 -0.619048 -0.934682 0.307445 0.178458 -0.23907 0.254015 0.22643 0.940322 0.381342 0.150794 -0.106421 0.98282 0.383994 -0.988564 -0.014796 0.150074 -0.485935 -0.0014292 -0.994211 -0.107436 0.441665 
1535161897603 0.248816 0.924226 -0.28965 -0.619277 -0.934688 0.307513 0.178308 -0.239144 0.253868 0.226367 0.940377 0.38127 0.150584 -0.107431 0.982743 0.383931 -0.988595 -0.0141749 0.149931 -0.485966 -0.00217691 -0.994112 -0.10834 0.441602 
1535161897614 0.24884 0.924172 -0.2898 -0.61905 -0.934662 0.307583 0.178326 -0.239034 0.253942 0.22649 0.940328 0.381341 0.150625 -0.106576 0.982829 0.383933 -0.98859 -0.0150957 0.149871 -0.486024 -0.00113608 -0.99419 -0.107633 0.441517 
1535161897620 0.248866 0.924119 -0.289949 -0.618818 -0.934635 0.307655 0.178344 -0.238922 0.254015 0.226613 0.940278 0.381412 0.150666 -0.105722 0.982915 0.383935 -0.988585 -0.0160169 0.149812 -0.486082 -9.51349e-05 -0.994267 -0.106928 0.441433 
1535161897782 0.248891 0.924065 -0.290098 -0.618587 -0.934608 0.307726 0.178363 -0.238809 0.254089 0.226735 0.940229 0.381484 0.150705 -0.104868 0.983001 0.383938 -0.988578 -0.0169381 0.149754 -0.48614 0.000945822 -0.994342 -0.106223 0.441348 
1535161897794 0.248917 0.924011 -0.290248 -0.618355 -0.934581 0.307797 0.178381 -0.238697 0.254163 0.226858 0.940179 0.381555 0.150744 -0.104014 0.983086 0.38394 -0.988571 -0.0178592 0.149695 -0.486199 0.00198679 -0.994416 -0.105517 0.441264 
1535161897876 0.248943 0.923957 -0.290397 -0.618125 -0.934554 0.307868 0.178399 -0.238585 0.254237 0.22698 0.940129 0.381627 0.150782 -0.103159 0.98317 0.383942 -0.988562 -0.0187805 0.149639 -0.486257 0.00302781 -0.994488 -0.104811 0.441179 
1535161897882 0.248968 0.923903 -0.290546 -0.617893 -0.934527 0.307939 0.178417 -0.238473 0.254311 0.227103 0.94008 0.381698 0.150819 -0.102305 0.983253 0.383945 -0.988553 -0.0197017 0.149582 -0.486315 0.00406882 -0.994558 -0.104105 0.441094 
1535161897993 0.248994 0.92385 -0.290696 -0.617662 -0.9345 0.30801 0.178435 -0.238361 0.254385 0.227226 0.94003 0.38177 0.150855 -0.10145 0.983336 0.383947 -0.988543 -0.0206231 0.149526 -0.486374 0.00510989 -0.994627 -0.103399 0.44101 
1535161897999 0.24902 0.923796 -0.290845 -0.61743 -0.934473 0.308082 0.178454 -0.238248 0.254459 0.227348 0.939981 0.381841 0.15089 -0.100596 0.983419 0.383949 -0.988531 -0.0215444 0.149471 -0.486432 0.00615095 -0.994694 -0.102693 0.440925 
1535161898115 0.249045 0.923742 -0.290994 -0.617199 -0.934446 0.308153 0.178472 -0.238136 0.254532 0.227471 0.939931 0.381913 0.150924 -0.0997413 0.983501 0.383952 -0.988519 -0.0224657 0.149416 -0.48649 0.00719204 -0.99476 -0.101987 0.440841 
1535161898422 0.248908 0.923844 -0.290786 -0.617367 -0.934481 0.307983 0.17858 -0.238253 0.254538 0.227284 0.939975 0.381825 0.150999 -0.100392 0.983423 0.383993 -0.988513 -0.021799 0.149555 -0.486409 0.00642354 -0.994709 -0.10253 0.440937 
1535161898436 0.249092 0.92381 -0.290738 -0.617156 -0.934565 0.308031 0.178063 -0.238094 0.254052 0.22736 0.940088 0.381884 0.151128 -0.101057 0.983335 0.383995 -0.988488 -0.0226472 0.149593 -0.486476 0.00715235 -0.994623 -0.103317 0.441038 
1535161898450 0.249276 0.923775 -0.290691 -0.616941 -0.934648 0.308078 0.177544 -0.237933 0.253566 0.227436 0.940201 0.381944 0.151259 -0.101722 0.983246 0.383997 -0.988463 -0.0234949 0.149631 -0.486545 0.00788054 -0.994535 -0.104103 0.441139 
1535161898457 0.249459 0.923741 -0.290643 -0.616726 -0.93473 0.308126 0.177025 -0.237772 0.25308 0.227512 0.940313 0.382004 0.15139 -0.102387 0.983157 0.383998 -0.988437 -0.0243427 0.149668 -0.486613 0.00860863 -0.994447 -0.104889 0.44124 
1535161898619 0.249643 0.923706 -0.290595 -0.616511 -0.934813 0.308173 0.176506 -0.237611 0.252594 0.227588 0.940425 0.382064 0.151522 -0.103052 0.983067 0.384 -0.98841 -0.0251905 0.149705 -0.486681 0.00933662 -0.994357 -0.105674 0.441341 
1535161898647 0.249827 0.923671 -0.290547 -0.616297 -0.934895 0.308221 0.175988 -0.237451 0.252107 0.227664 0.940538 0.382124 0.151655 -0.103716 0.982977 0.384002 -0.988382 -0.0260384 0.149741 -0.486749 0.0100645 -0.994266 -0.10646 0.441442 
1535161898654 0.250011 0.923637 -0.290499 -0.616082 -0.934977 0.308268 0.175469 -0.23729 0.251621 0.227741 0.940649 0.382184 0.151787 -0.104381 0.982886 0.384004 -0.988354 -0.0268862 0.149776 -0.486817 0.0107923 -0.994174 -0.107246 0.441544 
1535161898790 0.250195 0.923602 -0.290451 -0.615867 -0.935058 0.308316 0.17495 -0.237129 0.251135 0.227817 0.940761 0.382243 0.15192 -0.105045 0.982795 0.384006 -0.988326 -0.027734 0.149811 -0.486885 0.0115199 -0.994081 -0.108032 0.441645 
1535161898797 0.250379 0.923567 -0.290403 -0.615652 -0.93514 0.308363 0.174431 -0.236968 0.250648 0.227893 0.940872 0.382303 0.152054 -0.105709 0.982703 0.384008 -0.988296 -0.0285818 0.149845 -0.486953 0.0122474 -0.993986 -0.108818 0.441746 
1535161898876 0.250563 0.923533 -0.290354 -0.615437 -0.935221 0.308411 0.173912 -0.236807 0.250162 0.227969 0.940983 0.382363 0.152188 -0.106373 0.982611 0.38401 -0.988266 -0.0294296 0.149878 -0.487021 0.0129749 -0.993891 -0.109604 0.441847 
1535161899117 0.25022 0.923632 -0.290335 -0.615634 -0.935151 0.308227 0.17461 -0.236855 0.250765 0.227817 0.940859 0.382306 0.151998 -0.105298 0.982756 0.383985 -0.988308 -0.0282496 0.14983 -0.486926 0.0119856 -0.994039 -0.10836 0.441756 
1535161899129 0.250258 0.923589 -0.29044 -0.615386 -0.935106 0.308315 0.174694 -0.236777 0.250892 0.227873 0.940812 0.382386 0.152059 -0.105807 0.982692 0.383986 -0.988296 -0.0285843 0.149849 -0.487022 0.0122345 -0.993976 -0.108915 0.44183 
1535161899136 0.250297 0.923545 -0.290543 -0.615132 -0.935062 0.308402 0.174777 -0.236696 0.251019 0.22793 0.940764 0.382467 0.152121 -0.106317 0.982627 0.383987 -0.988283 -0.028919 0.149868 -0.487119 0.0124832 -0.993912 -0.10947 0.441905 
1535161899156 0.250335 0.923502 -0.290648 -0.614877 -0.935018 0.30849 0.17486 -0.236615 0.251146 0.227987 0.940717 0.382549 0.152184 -0.106826 0.982562 0.383989 -0.98827 -0.0292538 0.149887 -0.487216 0.0127318 -0.993847 -0.110025 0.44198 
1535161899173 0.250374 0.923459 -0.290751 -0.614625 -0.934973 0.308577 0.174944 -0.236535 0.251272 0.228043 0.940669 0.382629 0.152246 -0.107335 0.982497 0.38399 -0.988257 -0.0295887 0.149907 -0.487312 0.0129805 -0.993782 -0.11058 0.442054 
1535161899323 0.250413 0.923416 -0.290855 -0.61437 -0.934929 0.308664 0.175027 -0.236454 0.251399 0.2281 0.940621 0.382711 0.152309 -0.107845 0.982431 0.383992 -0.988244 -0.0299235 0.149926 -0.487409 0.0132291 -0.993717 -0.111134 0.442129 
1535161899336 0.250451 0.923373 -0.290959 -0.614116 -0.934884 0.308752 0.17511 -0.236373 0.251526 0.228157 0.940574 0.382792 0.152372 -0.108354 0.982366 0.383993 -0.988231 -0.0302583 0.149944 -0.487506 0.0134776 -0.993652 -0.111689 0.442204 
1535161899425 0.25049 0.923329 -0.291063 -0.613863 -0.93484 0.308839 0.175194 -0.236292 0.251653 0.228213 0.940526 0.382873 0.152435 -0.108863 0.9823 0.383995 -0.988218 -0.0305931 0.149963 -0.487603 0.0137262 -0.993586 -0.112244 0.442278 
1535161899500 0.250528 0.923286 -0.291167 -0.61361 -0.934795 0.308926 0.175277 -0.236212 0.25178 0.22827 0.940479 0.382954 0.152498 -0.109372 0.982233 0.383996 -0.988205 -0.030928 0.149982 -0.4877 0.0139747 -0.99352 -0.112799 0.442353 
1535161899547 0.250567 0.923243 -0.291271 -0.613355 -0.934751 0.309014 0.17536 -0.236131 0.251907 0.228327 0.940431 0.383035 0.152561 -0.109881 0.982167 0.383997 -0.988192 -0.0312628 0.15 -0.487797 0.0142231 -0.993453 -0.113353 0.442427 
1535161899814 0.250317 0.923347 -0.291156 -0.613611 -0.934848 0.308727 0.175349 -0.236141 0.251796 0.228294 0.940468 0.382985 0.152274 -0.108914 0.982319 0.383999 -0.988241 -0.0306916 0.14979 -0.487669 0.0138347 -0.993577 -0.112307 0.442337 
1535161899827 0.250507 0.923328 -0.291053 -0.6133 -0.93481 0.308877 0.175288 -0.236033 0.251748 0.228169 0.940512 0.383061 0.152146 -0.10949 0.982275 0.384007 -0.988258 -0.0310166 0.149616 -0.487762 0.0140854 -0.993504 -0.112923 0.442394 
1535161899843 0.250698 0.923308 -0.290952 -0.612985 -0.934771 0.309028 0.175227 -0.235922 0.2517 0.228044 0.940554 0.383138 0.15202 -0.110066 0.98223 0.384016 -0.988273 -0.0313423 0.149443 -0.487854 0.0143367 -0.99343 -0.11354 0.442451 
1535161899849 0.250889 0.923288 -0.29085 -0.612669 -0.934733 0.309179 0.175165 -0.235812 0.251653 0.22792 0.940597 0.383215 0.151893 -0.110642 0.982185 0.384024 -0.988289 -0.0316678 0.14927 -0.487947 0.0145881 -0.993356 -0.114157 0.442508 
1535161899864 0.25108 0.923268 -0.290749 -0.612354 -0.934695 0.30933 0.175104 -0.235701 0.251605 0.227796 0.94064 0.383293 0.151766 -0.111219 0.982139 0.384032 -0.988305 -0.0319933 0.149096 -0.48804 0.0148396 -0.993281 -0.114773 0.442565 
1535161900015 0.251271 0.923248 -0.290647 -0.61204 -0.934656 0.30948 0.175042 -0.235591 0.251557 0.227672 0.940683 0.38337 0.15164 -0.111795 0.982093 0.384041 -0.988321 -0.0323187 0.148923 -0.488133 0.0150911 -0.993206 -0.11539 0.442622 
1535161900021 0.251462 0.923228 -0.290546 -0.611723 -0.934618 0.309631 0.174981 -0.23548 0.251509 0.227548 0.940726 0.383447 0.151514 -0.112371 0.982047 0.384049 -0.988336 -0.032644 0.148749 -0.488226 0.0153428 -0.99313 -0.116007 0.442679 
1535161900061 0.251652 0.923208 -0.290444 -0.611409 -0.934579 0.309782 0.17492 -0.23537 0.251462 0.227424 0.940769 0.383524 0.151389 -0.112948 0.982 0.384058 -0.988351 -0.0329692 0.148576 -0.488318 0.0155945 -0.993054 -0.116623 0.442736 
1535161900114 0.251843 0.923188 -0.290342 -0.611092 -0.934541 0.309933 0.174858 -0.235259 0.251414 0.2273 0.940811 0.383601 0.151263 -0.113524 0.981953 0.384066 -0.988367 -0.0332942 0.148401 -0.488411 0.0158462 -0.992977 -0.117239 0.442793 
1535161900230 0.252034 0.923168 -0.290241 -0.610778 -0.934502 0.310084 0.174797 -0.235149 0.251366 0.227176 0.940854 0.383678 0.151137 -0.1141 0.981906 0.384074 -0.988382 -0.0336192 0.148227 -0.488504 0.0160981 -0.9929 -0.117856 0.44285 
1535161900355 0.25093 0.923356 -0.290598 -0.611714 -0.934769 0.309128 0.175063 -0.235284 0.251478 0.227713 0.940694 0.383381 0.151115 -0.113005 0.982036 0.383997 -0.988392 -0.033003 0.148295 -0.488421 0.0156521 -0.993046 -0.11668 0.442793 
1535161900367 0.251112 0.923278 -0.290689 -0.611408 -0.934658 0.309374 0.175218 -0.235182 0.251707 0.227696 0.940637 0.383473 0.150979 -0.112806 0.98208 0.384001 -0.988441 -0.0310919 0.148385 -0.488573 0.013796 -0.993131 -0.116196 0.442699 
1535161900374 0.251294 0.9232 -0.29078 -0.611098 -0.934548 0.30962 0.175373 -0.235079 0.251936 0.227678 0.94058 0.383565 0.150843 -0.112607 0.982123 0.384004 -0.988486 -0.0291801 0.148475 -0.488726 0.0119392 -0.993211 -0.115712 0.442604 
1535161900527 0.251476 0.923122 -0.290871 -0.610788 -0.934437 0.309866 0.175527 -0.234975 0.252164 0.22766 0.940523 0.383658 0.150708 -0.112407 0.982167 0.384008 -0.988527 -0.0272682 0.148563 -0.488878 0.0100823 -0.993288 -0.115227 0.44251 
1535161900533 0.251658 0.923043 -0.290962 -0.610478 -0.934327 0.310113 0.175682 -0.234871 0.252393 0.227642 0.940466 0.383751 0.150573 -0.112208 0.98221 0.384012 -0.988565 -0.0253561 0.14865 -0.489031 0.00822531 -0.993361 -0.114743 0.442415 
1535161900541 0.25184 0.922965 -0.291053 -0.610169 -0.934216 0.310359 0.175836 -0.234768 0.252622 0.227624 0.940409 0.383843 0.150438 -0.112008 0.982254 0.384016 -0.988599 -0.023444 0.148737 -0.489183 0.00636823 -0.993431 -0.114258 0.442321 
