1532107233813 0.275657 0.633204 -0.723233 -0.604483 -0.8825 0.464965 0.0707247 -0.181741 0.381061 0.618757 0.686973 0.426588 0.226938 -0.45985 0.858509 0.353663 -0.955928 0.0634309 0.286666 -0.4746 -0.186279 -0.885728 -0.425189 0.49586 
1532107233826 0.300885 -0.138768 0.94351 0.225257 -0.922898 -0.291628 0.25142 -0.486344 0.240265 -0.946412 -0.215815 0.468712 0.248103 -0.439999 0.863044 0.36044 -0.958626 0.0168483 0.284169 -0.474659 -0.139575 -0.89784 -0.417615 0.492871 
1532107234689 0.242825 0.102786 0.964609 0.16152 -0.925174 -0.274468 0.262144 -0.435487 0.291699 -0.956087 0.0284473 0.461493 0.268398 -0.419387 0.867224 0.366332 -0.958864 -0.0299323 0.282285 -0.474574 -0.0924287 -0.907314 -0.410169 0.490026 
1532107235594 0.185198 0.340052 0.92199 0.0634544 -0.926148 -0.25329 0.279452 -0.39584 0.328559 -0.905654 0.26803 0.437571 0.28759 -0.397695 0.871281 0.372282 -0.956702 -0.0766677 0.280791 -0.474488 -0.04487 -0.914309 -0.402524 0.487149 
1532107236501 0.10875 0.566677 0.816732 -0.0100482 -0.933954 -0.223137 0.279178 -0.393704 0.340446 -0.793151 0.504984 0.453534 0.305575 -0.374921 0.875247 0.378479 -0.952163 -0.123215 0.279648 -0.474434 0.00299787 -0.918832 -0.394638 0.484215 
1532107237457 0.0372284 0.750403 0.659931 -0.0983867 -0.940161 -0.197521 0.277637 -0.379776 0.33869 -0.630778 0.698147 0.449361 0.32236 -0.351221 0.879049 0.384685 -0.945241 -0.169477 0.278919 -0.474385 0.0510165 -0.920826 -0.386621 0.481279 
1532107238390 -0.0276974 0.888257 0.458511 -0.198398 -0.946596 -0.170707 0.273524 -0.355414 0.321231 -0.426449 0.845549 0.44002 0.337899 -0.326659 0.882677 0.390893 -0.935955 -0.215328 0.278607 -0.474337 0.0990554 -0.920287 -0.378498 0.47834 
1532107239306 -0.0860491 0.970276 0.226186 -0.298192 -0.953826 -0.145805 0.262596 -0.330412 0.28777 -0.193146 0.938021 0.431334 0.352151 -0.301302 0.886119 0.397104 -0.92433 -0.260643 0.278711 -0.47429 0.146984 -0.917214 -0.370288 0.475398 
1532107240209 -0.133997 0.990741 -0.0218344 -0.397711 -0.961333 -0.124607 0.245585 -0.305255 0.240591 0.0538977 0.969129 0.423196 0.365076 -0.275219 0.889367 0.403312 -0.910397 -0.305299 0.279232 -0.474238 0.194673 -0.911618 -0.362015 0.472453 
1532107241127 -0.16804 0.948352 -0.269055 -0.493231 -0.968646 -0.108184 0.223654 -0.280336 0.182996 0.298202 0.936797 0.4148 0.376641 -0.24852 0.892401 0.409366 -0.89421 -0.349126 0.280178 -0.474053 0.24193 -0.90352 -0.353724 0.46962 
1532107242051 -0.16804 0.948352 -0.269055 -0.493231 -0.968646 -0.108184 0.223654 -0.280336 0.182996 0.298202 0.936797 0.4148 0.376801 -0.248519 0.892334 0.409397 -0.894156 -0.349141 0.280333 -0.474006 0.241882 -0.903515 -0.353771 0.469652 
1532107242062 0.280754 -0.144149 0.948893 0.287765 -0.928413 -0.291474 0.230416 -0.485434 0.243364 -0.945655 -0.215662 0.482457 0.37794 -0.245867 0.892587 0.410234 -0.892393 -0.3535 0.280485 -0.474444 0.246567 -0.902545 -0.353012 0.470152 
1532107242552 0.230217 0.100588 0.967927 0.201891 -0.928641 -0.274625 0.249413 -0.456571 0.290905 -0.956276 0.0301863 0.473158 0.378984 -0.243142 0.89289 0.41086 -0.890634 -0.357831 0.280586 -0.474436 0.251282 -0.901576 -0.352163 0.46976 
1532107242989 0.170645 0.342906 0.92374 0.101624 -0.930795 -0.251472 0.265298 -0.431196 0.323267 -0.905084 0.276263 0.465823 0.38001 -0.240409 0.893194 0.411465 -0.888853 -0.362154 0.280687 -0.47439 0.255994 -0.900582 -0.351311 0.469341 
1532107243380 0.105023 0.564008 0.819064 0.00121084 -0.934666 -0.225325 0.275005 -0.405891 0.33966 -0.794433 0.503495 0.457313 0.381021 -0.237672 0.893496 0.412071 -0.88705 -0.366467 0.280792 -0.474344 0.2607 -0.899563 -0.350459 0.468925 
1532107243765 0.0375015 0.74959 0.660839 -0.0987905 -0.940025 -0.197902 0.277826 -0.380798 0.339037 -0.631625 0.697212 0.447834 0.382019 -0.23493 0.893795 0.412677 -0.885225 -0.370771 0.280901 -0.474301 0.265401 -0.898519 -0.349608 0.468512 
1532107244130 -0.0276228 0.888121 0.458779 -0.198536 -0.946572 -0.170761 0.273572 -0.355532 0.321307 -0.426711 0.845387 0.439595 0.383003 -0.232183 0.894092 0.413285 -0.883378 -0.375066 0.281014 -0.47426 0.270097 -0.89745 -0.348757 0.468102 
1532107244479 -0.086029 0.970274 0.226203 -0.29823 -0.953825 -0.145793 0.262606 -0.330328 0.287779 -0.193166 0.938014 0.431354 0.383973 -0.229431 0.894386 0.413894 -0.881508 -0.379352 0.281132 -0.474221 0.274787 -0.896356 -0.347906 0.467696 
1532107244898 -0.134011 0.990739 -0.0218391 -0.39775 -0.961334 -0.12462 0.245575 -0.305195 0.240579 0.0539044 0.969132 0.423215 0.38493 -0.226674 0.894678 0.414503 -0.879617 -0.383629 0.281254 -0.474183 0.279471 -0.895236 -0.347056 0.467292 
1532107245234 -0.168353 0.948258 -0.26919 -0.493436 -0.968609 -0.108469 0.223675 -0.280353 0.182903 0.298396 0.936753 0.414455 0.385872 -0.223914 0.894966 0.415109 -0.877707 -0.387881 0.281386 -0.474128 0.284134 -0.894098 -0.346204 0.466912 
1532107245567 -0.168353 0.948258 -0.26919 -0.493436 -0.968609 -0.108469 0.223675 -0.280353 0.182903 0.298396 0.936753 0.414455 0.385807 -0.223943 0.894988 0.415048 -0.877763 -0.38778 0.281352 -0.474148 0.284052 -0.894134 -0.346177 0.4669 
1532107245584 0.280859 -0.144208 0.948853 0.288043 -0.928369 -0.291562 0.230484 -0.483962 0.243412 -0.945619 -0.215766 0.481727 0.385988 -0.223718 0.894966 0.415324 -0.87754 -0.388232 0.281424 -0.47458 0.284495 -0.893994 -0.346174 0.467675 
1532107246046 0.230386 0.100465 0.967899 0.201491 -0.928601 -0.274647 0.249539 -0.456577 0.2909 -0.956282 0.030017 0.473432 0.386082 -0.223432 0.894997 0.415382 -0.877343 -0.388666 0.281438 -0.474553 0.284973 -0.893877 -0.346083 0.467551 
1532107246053 0.170718 0.342842 0.92375 0.101415 -0.930775 -0.251486 0.265353 -0.431262 0.323285 -0.905105 0.276175 0.465959 0.38617 -0.223144 0.895031 0.41542 -0.877148 -0.389101 0.281446 -0.474488 0.285454 -0.89376 -0.345989 0.4674 
1532107246441 0.105056 0.563969 0.819086 0.00111914 -0.934655 -0.225339 0.275033 -0.40593 0.339682 -0.794457 0.503443 0.457344 0.386258 -0.222856 0.895064 0.415457 -0.876952 -0.389535 0.281455 -0.474423 0.285935 -0.893643 -0.345896 0.467252 
1532107246851 0.0375183 0.749587 0.660842 -0.0987626 -0.940026 -0.19789 0.277833 -0.380778 0.339034 -0.631632 0.697207 0.447783 0.386347 -0.222569 0.895097 0.415496 -0.876756 -0.38997 0.281463 -0.474361 0.286416 -0.893524 -0.345803 0.467108 
1532107247083 -0.027607 0.888123 0.458776 -0.198487 -0.946571 -0.170749 0.273585 -0.355503 0.321313 -0.426711 0.845385 0.439569 0.386436 -0.222283 0.89513 0.415535 -0.87656 -0.390406 0.281472 -0.474301 0.286898 -0.893406 -0.345711 0.466967 
1532107247281 -0.0860265 0.970274 0.226204 -0.298203 -0.953822 -0.145793 0.262619 -0.330305 0.287791 -0.193166 0.93801 0.431364 0.386525 -0.221996 0.895162 0.415575 -0.876363 -0.390842 0.281481 -0.474243 0.287379 -0.893286 -0.345619 0.466828 
1532107247537 -0.134026 0.990737 -0.021839 -0.397753 -0.96133 -0.124634 0.245584 -0.305179 0.240587 0.053909 0.969129 0.423237 0.386615 -0.22171 0.895195 0.415616 -0.876165 -0.391278 0.28149 -0.474187 0.28786 -0.893166 -0.345529 0.466693 
1532107247755 -0.168507 0.948228 -0.269201 -0.493507 -0.96858 -0.108605 0.223737 -0.280366 0.182917 0.298444 0.936735 0.414332 0.386705 -0.221423 0.895227 0.415669 -0.875971 -0.391702 0.281504 -0.474125 0.288331 -0.893052 -0.345433 0.466573 
1532107248118 -0.168507 0.948228 -0.269201 -0.493507 -0.96858 -0.108605 0.223737 -0.280366 0.182917 0.298444 0.936735 0.414332 0.386615 -0.221349 0.895284 0.415627 -0.876026 -0.391596 0.281481 -0.474159 0.288284 -0.893117 -0.345304 0.466536 
1532107248131 0.280903 -0.144206 0.94884 0.288147 -0.928348 -0.291599 0.230519 -0.483442 0.243439 -0.945608 -0.215784 0.481313 0.386848 -0.221553 0.895133 0.415838 -0.875989 -0.391547 0.281663 -0.474579 0.288084 -0.893087 -0.345547 0.467316 
1532107248572 0.230428 0.100432 0.967893 0.201404 -0.928592 -0.274648 0.24957 -0.456587 0.290894 -0.956285 0.0299741 0.473477 0.386998 -0.221699 0.895032 0.415848 -0.875977 -0.391484 0.281788 -0.474565 0.287918 -0.893079 -0.345707 0.467248 
1532107248950 0.170726 0.342832 0.923752 0.101396 -0.930774 -0.251487 0.265358 -0.431273 0.323285 -0.905108 0.276164 0.465962 0.387143 -0.221845 0.894933 0.41584 -0.875967 -0.39142 0.281909 -0.474514 0.287755 -0.893071 -0.345864 0.467155 
1532107249290 0.105066 0.563956 0.819094 0.00111123 -0.934651 -0.225344 0.275041 -0.405939 0.339689 -0.794464 0.503426 0.457331 0.387288 -0.221991 0.894834 0.415831 -0.875956 -0.391357 0.28203 -0.474465 0.287592 -0.893062 -0.346022 0.467065 
1532107249543 0.0375281 0.749589 0.660839 -0.0987296 -0.940027 -0.197879 0.277837 -0.380762 0.339029 -0.631633 0.697208 0.447746 0.387434 -0.222137 0.894734 0.415822 -0.875945 -0.391295 0.28215 -0.474418 0.287429 -0.893053 -0.346181 0.466978 
1532107249773 -0.0276005 0.888124 0.458774 -0.198454 -0.946569 -0.170746 0.273594 -0.355486 0.321319 -0.42671 0.845383 0.439553 0.38758 -0.222284 0.894635 0.415814 -0.875934 -0.391233 0.282271 -0.474373 0.287266 -0.893043 -0.346341 0.466894 
1532107249942 -0.08603 0.970273 0.226205 -0.298191 -0.953818 -0.145799 0.262629 -0.330295 0.287802 -0.193164 0.938007 0.431373 0.387727 -0.222432 0.894535 0.415807 -0.875922 -0.391172 0.282392 -0.474329 0.287104 -0.893033 -0.346501 0.466812 
1532107250242 -0.134034 0.990736 -0.0218384 -0.397759 -0.961327 -0.124642 0.24559 -0.305173 0.240593 0.0539113 0.969128 0.423252 0.387873 -0.222579 0.894434 0.415801 -0.87591 -0.391111 0.282513 -0.474288 0.286941 -0.893023 -0.346661 0.466733 
1532107250480 -0.168562 0.948217 -0.269205 -0.49354 -0.968567 -0.10865 0.223769 -0.280383 0.182933 0.298462 0.936726 0.414253 0.38802 -0.222725 0.894334 0.415808 -0.875902 -0.391039 0.282639 -0.474241 0.286769 -0.893019 -0.346816 0.466667 
1532107250752 -0.168562 0.948217 -0.269205 -0.49354 -0.968567 -0.10865 0.223769 -0.280383 0.182933 0.298462 0.936726 0.414253 0.38798 -0.222724 0.894352 0.41579 -0.875911 -0.391048 0.282596 -0.47426 0.286794 -0.893015 -0.346806 0.466622 
1532107250765 0.280953 -0.144226 0.948823 0.288128 -0.92833 -0.291629 0.230556 -0.483095 0.243452 -0.945596 -0.215823 0.481117 0.388097 -0.222814 0.894279 0.415962 -0.8759 -0.390998 0.282702 -0.474636 0.286671 -0.893015 -0.346907 0.467318 
1532107251244 0.230489 0.100383 0.967883 0.201257 -0.928577 -0.274658 0.249615 -0.456601 0.290895 -0.956288 0.029908 0.473589 0.388138 -0.222853 0.894251 0.415956 -0.875911 -0.390934 0.282755 -0.474615 0.28658 -0.893033 -0.346936 0.467239 
1532107251614 0.170765 0.342797 0.923758 0.101291 -0.930763 -0.251497 0.265387 -0.43131 0.323296 -0.905119 0.276116 0.466031 0.388175 -0.222892 0.894226 0.415933 -0.875924 -0.39087 0.282804 -0.474562 0.286491 -0.893051 -0.346962 0.467139 
1532107251954 0.105095 0.563921 0.819114 0.00103774 -0.93464 -0.22536 0.275066 -0.40598 0.339711 -0.794485 0.503379 0.457359 0.388212 -0.222931 0.8942 0.415909 -0.875936 -0.390807 0.282852 -0.47451 0.286403 -0.893069 -0.346989 0.467043 
1532107252215 0.0375279 0.749594 0.660833 -0.0987313 -0.940018 -0.197894 0.277857 -0.380768 0.339055 -0.631622 0.697205 0.447833 0.38825 -0.22297 0.894173 0.415887 -0.875948 -0.390745 0.282901 -0.474461 0.286315 -0.893086 -0.347017 0.466949 
1532107252426 -0.0276014 0.888124 0.458774 -0.198436 -0.946564 -0.170752 0.273605 -0.355472 0.321332 -0.426708 0.84538 0.439552 0.388288 -0.22301 0.894147 0.415865 -0.87596 -0.390683 0.28295 -0.474414 0.286227 -0.893103 -0.347046 0.466859 
1532107252626 -0.0860343 0.970272 0.226207 -0.298194 -0.953815 -0.145805 0.262635 -0.330288 0.28781 -0.193164 0.938005 0.431389 0.388327 -0.223051 0.89412 0.415843 -0.875972 -0.390621 0.282999 -0.474369 0.286139 -0.89312 -0.347075 0.46677 
1532107252902 -0.134039 0.990735 -0.0218373 -0.39777 -0.961326 -0.124647 0.245592 -0.305169 0.240595 0.0539115 0.969127 0.423263 0.388366 -0.223091 0.894093 0.415823 -0.875983 -0.39056 0.283048 -0.474326 0.286051 -0.893137 -0.347104 0.466686 
1532107253115 -0.168584 0.948212 -0.269209 -0.493562 -0.968562 -0.108667 0.223785 -0.280397 0.182942 0.298472 0.936721 0.414185 0.388405 -0.22313 0.894066 0.415816 -0.875998 -0.390488 0.283103 -0.474278 0.285954 -0.893159 -0.347129 0.466617 
1532107253385 -0.168584 0.948212 -0.269209 -0.493562 -0.968562 -0.108667 0.223785 -0.280397 0.182942 0.298472 0.936721 0.414185 0.388372 -0.223099 0.894088 0.415777 -0.875993 -0.390525 0.283066 -0.4743 0.286013 -0.89315 -0.347102 0.466634 
1532107253398 0.280998 -0.144242 0.948807 0.288097 -0.928314 -0.291654 0.23059 -0.482821 0.243463 -0.945586 -0.215856 0.480952 0.388503 -0.223153 0.894018 0.41593 -0.875928 -0.390618 0.283141 -0.474639 0.286036 -0.893096 -0.347222 0.467263 
1532107253855 0.23054 0.100342 0.967875 0.201135 -0.928564 -0.274668 0.249652 -0.456615 0.290895 -0.956289 0.0298521 0.473683 0.388565 -0.223164 0.893988 0.415925 -0.875883 -0.3907 0.283166 -0.474614 0.286089 -0.893057 -0.347278 0.467186 
1532107254235 0.170797 0.342768 0.923763 0.101204 -0.930753 -0.251505 0.265412 -0.431343 0.323305 -0.905127 0.276076 0.46609 0.388623 -0.223173 0.893961 0.415905 -0.875839 -0.390782 0.283188 -0.474561 0.286144 -0.893019 -0.347331 0.46709 
1532107254241 0.105117 0.563893 0.819131 0.00097422 -0.934631 -0.225373 0.275086 -0.406016 0.339729 -0.794501 0.503341 0.457391 0.388682 -0.223184 0.893932 0.415885 -0.875795 -0.390865 0.283211 -0.474509 0.286199 -0.89298 -0.347385 0.466997 
1532107254545 0.037532 0.749599 0.660828 -0.0987651 -0.940009 -0.197905 0.277879 -0.380786 0.339079 -0.631613 0.697202 0.447975 0.388741 -0.223194 0.893904 0.415866 -0.87575 -0.390949 0.283233 -0.47446 0.286254 -0.892941 -0.347441 0.466909 
1532107254884 -0.0276042 0.888124 0.458774 -0.198421 -0.94656 -0.17076 0.273615 -0.355467 0.321344 -0.426704 0.845377 0.439557 0.388801 -0.223206 0.893875 0.415847 -0.875706 -0.391033 0.283255 -0.474414 0.28631 -0.892901 -0.347496 0.466823 
1532107255074 -0.0860376 0.970272 0.226209 -0.298196 -0.953813 -0.14581 0.262641 -0.330284 0.287817 -0.193164 0.938003 0.431401 0.388861 -0.223217 0.893846 0.415829 -0.875661 -0.391117 0.283277 -0.47437 0.286366 -0.892862 -0.347552 0.46674 
1532107255386 -0.134042 0.990735 -0.0218363 -0.397779 -0.961325 -0.12465 0.245593 -0.305167 0.240596 0.0539115 0.969127 0.423273 0.388921 -0.223229 0.893817 0.415812 -0.875616 -0.391202 0.2833 -0.474328 0.286422 -0.892822 -0.347609 0.46666 
1532107255605 -0.1686 0.948208 -0.269212 -0.493579 -0.968557 -0.108678 0.223798 -0.280408 0.18295 0.29848 0.936717 0.414128 0.388983 -0.223238 0.893788 0.415808 -0.875573 -0.391276 0.283328 -0.47428 0.286468 -0.892787 -0.347661 0.466597 
1532107255886 -0.1686 0.948208 -0.269212 -0.493579 -0.968557 -0.108678 0.223798 -0.280408 0.18295 0.29848 0.936717 0.414128 0.388837 -0.223172 0.893868 0.415745 -0.875587 -0.391355 0.283175 -0.474316 0.286623 -0.892769 -0.347579 0.466663 
1532107255899 0.281037 -0.144255 0.948793 0.288062 -0.928299 -0.291676 0.230621 -0.482604 0.243472 -0.945577 -0.215883 0.480814 0.388956 -0.223181 0.893814 0.41588 -0.87554 -0.391386 0.283277 -0.474621 0.286605 -0.892752 -0.347636 0.467215 
1532107256334 0.230583 0.100308 0.967869 0.201036 -0.928554 -0.274675 0.249683 -0.456628 0.290895 -0.956291 0.0298058 0.47376 0.389014 -0.223153 0.893796 0.415876 -0.875512 -0.391409 0.283333 -0.474599 0.286613 -0.89275 -0.347637 0.467129 
1532107256706 0.170822 0.342744 0.923767 0.101135 -0.930746 -0.251511 0.265431 -0.431369 0.323313 -0.905134 0.276044 0.466138 0.389069 -0.223125 0.893779 0.41586 -0.875484 -0.391432 0.283387 -0.474551 0.286623 -0.892747 -0.347636 0.467029 
1532107257065 0.105134 0.563872 0.819143 0.000924841 -0.934624 -0.225382 0.275102 -0.406044 0.339743 -0.794513 0.503313 0.457415 0.389124 -0.223097 0.893762 0.415843 -0.875457 -0.391455 0.283441 -0.474505 0.286633 -0.892743 -0.347636 0.466932 
1532107257310 0.0375375 0.749601 0.660824 -0.0987926 -0.940003 -0.197911 0.277895 -0.380799 0.339094 -0.631608 0.697199 0.448076 0.38918 -0.223069 0.893745 0.415827 -0.875428 -0.391479 0.283495 -0.474463 0.286643 -0.89274 -0.347637 0.466839 
1532107257317 -0.0276058 0.888125 0.458773 -0.198407 -0.946557 -0.170766 0.273623 -0.355463 0.321354 -0.426701 0.845375 0.439558 0.389235 -0.223042 0.893727 0.415811 -0.8754 -0.391503 0.283549 -0.474422 0.286654 -0.892736 -0.347638 0.466749 
1532107257541 -0.0860399 0.970271 0.22621 -0.298197 -0.953811 -0.145814 0.262646 -0.330283 0.287822 -0.193163 0.938001 0.431411 0.389292 -0.223015 0.893709 0.415797 -0.875372 -0.391528 0.283603 -0.474384 0.286664 -0.892732 -0.34764 0.466662 
1532107257736 -0.134044 0.990735 -0.0218355 -0.397786 -0.961325 -0.124652 0.245595 -0.305166 0.240598 0.0539115 0.969127 0.423281 0.389349 -0.222989 0.893691 0.415784 -0.875343 -0.391553 0.283657 -0.474348 0.286675 -0.892727 -0.347642 0.466578 
1532107257943 -0.168612 0.948205 -0.269215 -0.493591 -0.968554 -0.108687 0.223809 -0.280418 0.182957 0.298486 0.936714 0.414082 0.389406 -0.22296 0.893673 0.415781 -0.875317 -0.391568 0.283716 -0.474307 0.286676 -0.892728 -0.34764 0.466511 
1532107258270 -0.168612 0.948205 -0.269215 -0.493591 -0.968554 -0.108687 0.223809 -0.280418 0.182957 0.298486 0.936714 0.414082 0.389345 -0.22302 0.893685 0.415739 -0.875391 -0.391415 0.283697 -0.474365 0.286532 -0.89278 -0.347625 0.466457 
1532107258283 0.281072 -0.144265 0.948781 0.288026 -0.928286 -0.291695 0.230648 -0.48243 0.24348 -0.94557 -0.215907 0.4807 0.389397 -0.222865 0.893701 0.415848 -0.875311 -0.391565 0.283738 -0.474633 0.286707 -0.892753 -0.34755 0.466943 
1532107258714 0.230618 0.100279 0.967863 0.200955 -0.928545 -0.274681 0.249708 -0.456641 0.290895 -0.956292 0.029767 0.473824 0.389393 -0.222677 0.893749 0.415837 -0.875248 -0.391707 0.283739 -0.474607 0.286905 -0.892738 -0.347425 0.466857 
1532107259106 0.170843 0.342725 0.923771 0.101078 -0.93074 -0.251516 0.265447 -0.431392 0.323319 -0.90514 0.276018 0.466178 0.389386 -0.222488 0.893799 0.415813 -0.875185 -0.391848 0.283736 -0.474559 0.287106 -0.892723 -0.347299 0.466758 
1532107259408 0.105148 0.563855 0.819153 0.000885003 -0.934619 -0.22539 0.275114 -0.406067 0.339753 -0.794523 0.50329 0.457434 0.38938 -0.2223 0.893849 0.41579 -0.875122 -0.391991 0.283734 -0.474513 0.287306 -0.892707 -0.347173 0.466663 
1532107259793 0.0375424 0.749603 0.660822 -0.0988156 -0.939999 -0.197914 0.277907 -0.380811 0.339106 -0.631605 0.697196 0.448154 0.389375 -0.222113 0.893898 0.415768 -0.875058 -0.392134 0.283732 -0.47447 0.287507 -0.892691 -0.347049 0.466572 
1532107259994 -0.0276063 0.888125 0.458771 -0.198396 -0.946554 -0.170769 0.27363 -0.355461 0.321361 -0.426698 0.845373 0.439558 0.389369 -0.221926 0.893947 0.415746 -0.874995 -0.392277 0.28373 -0.474429 0.287708 -0.892674 -0.346924 0.466484 
1532107260195 -0.0860414 0.970271 0.22621 -0.298197 -0.953809 -0.145816 0.262651 -0.330283 0.287827 -0.193162 0.938 0.431419 0.389364 -0.221739 0.893995 0.415725 -0.874931 -0.392421 0.283728 -0.47439 0.287909 -0.892658 -0.346801 0.466399 
1532107260397 -0.134046 0.990735 -0.021835 -0.397792 -0.961324 -0.124654 0.245596 -0.305167 0.240599 0.0539117 0.969126 0.423288 0.389359 -0.221552 0.894044 0.415705 -0.874867 -0.392565 0.283727 -0.474354 0.28811 -0.892641 -0.346678 0.466317 
1532107260606 -0.168622 0.948203 -0.269218 -0.4936 -0.968551 -0.108693 0.223819 -0.280426 0.182964 0.298492 0.936711 0.414045 0.389356 -0.221364 0.894092 0.415696 -0.874805 -0.392699 0.283731 -0.474314 0.288301 -0.892628 -0.34655 0.466254 
1532107260869 -0.168622 0.948203 -0.269218 -0.4936 -0.968551 -0.108693 0.223819 -0.280426 0.182964 0.298492 0.936711 0.414045 0.389271 -0.221352 0.894132 0.415685 -0.874824 -0.392722 0.283643 -0.474353 0.28836 -0.892621 -0.346519 0.466277 
1532107260882 0.281103 -0.144274 0.948771 0.287992 -0.928276 -0.29171 0.230672 -0.482293 0.243486 -0.945563 -0.215926 0.480606 0.389236 -0.221233 0.894176 0.415771 -0.874805 -0.392776 0.283625 -0.474581 0.288464 -0.892627 -0.346418 0.466699 
1532107260889 0.230646 0.100255 0.967859 0.200889 -0.928538 -0.274687 0.249729 -0.456652 0.290895 -0.956293 0.0297351 0.473877 0.389151 -0.221086 0.89425 0.415752 -0.874801 -0.392824 0.28357 -0.474545 0.28859 -0.892642 -0.346274 0.466608 
1532107261304 0.17086 0.34271 0.923773 0.101033 -0.930736 -0.251521 0.265459 -0.43141 0.323323 -0.905145 0.275997 0.46621 0.389064 -0.220938 0.894324 0.415723 -0.874798 -0.392872 0.283513 -0.474491 0.288716 -0.892658 -0.346129 0.466508 
1532107261757 0.105159 0.563841 0.819161 0.000853068 -0.934614 -0.225395 0.275124 -0.406085 0.339761 -0.794531 0.503272 0.45745 0.388978 -0.220791 0.894398 0.415694 -0.874795 -0.392921 0.283456 -0.474438 0.288843 -0.892673 -0.345984 0.466411 
1532107261992 0.0375466 0.749604 0.66082 -0.0988347 -0.939995 -0.197917 0.277917 -0.38082 0.339115 -0.631603 0.697193 0.448214 0.388892 -0.220644 0.894472 0.415666 -0.874791 -0.39297 0.283399 -0.474389 0.288971 -0.892687 -0.34584 0.466318 
1532107262203 -0.0276061 0.888126 0.45877 -0.198388 -0.946552 -0.170771 0.273635 -0.355459 0.321367 -0.426696 0.845372 0.439556 0.388806 -0.220497 0.894545 0.415639 -0.874787 -0.39302 0.283343 -0.474342 0.289098 -0.892702 -0.345697 0.466229 
1532107262210 -0.0860423 0.970271 0.22621 -0.298197 -0.953808 -0.145818 0.262654 -0.330283 0.287831 -0.193162 0.937999 0.431424 0.388721 -0.220351 0.894618 0.415612 -0.874783 -0.39307 0.283286 -0.474297 0.289225 -0.892716 -0.345554 0.466142 
1532107262405 -0.134047 0.990734 -0.0218346 -0.397796 -0.961323 -0.124655 0.245598 -0.305168 0.240601 0.0539118 0.969126 0.423293 0.388636 -0.220205 0.894691 0.415586 -0.874778 -0.39312 0.28323 -0.474254 0.289352 -0.89273 -0.345411 0.466059 
1532107262612 -0.16863 0.948201 -0.269221 -0.493607 -0.968549 -0.108698 0.223827 -0.280433 0.182969 0.298497 0.936708 0.414016 0.388552 -0.220057 0.894764 0.415572 -0.874776 -0.393161 0.283179 -0.474209 0.289471 -0.892748 -0.345265 0.465994 
1532107262922 -0.16863 0.948201 -0.269221 -0.493607 -0.968549 -0.108698 0.223827 -0.280433 0.182969 0.298497 0.936708 0.414016 0.388486 -0.220126 0.894775 0.415536 -0.874856 -0.393002 0.283155 -0.474275 0.289319 -0.892801 -0.345254 0.465928 
1532107262935 0.281128 -0.144281 0.948762 0.287961 -0.928267 -0.291723 0.230692 -0.482186 0.243492 -0.945558 -0.215942 0.480531 0.38853 -0.220083 0.894767 0.415619 -0.874822 -0.393049 0.283193 -0.474483 0.289361 -0.892791 -0.345245 0.466327 
1532107263351 0.230669 0.100236 0.967856 0.200836 -0.928532 -0.274691 0.249746 -0.456661 0.290895 -0.956294 0.0297092 0.47392 0.38853 -0.220015 0.894784 0.41561 -0.874802 -0.39309 0.283198 -0.474453 0.289423 -0.89279 -0.345196 0.466265 
1532107263358 0.170874 0.342697 0.923775 0.100996 -0.930732 -0.251524 0.26547 -0.431425 0.323327 -0.905149 0.27598 0.466237 0.388527 -0.219946 0.894802 0.415592 -0.874783 -0.393131 0.283201 -0.474407 0.289486 -0.892789 -0.345147 0.466195 
1532107263710 0.105168 0.563831 0.819167 0.000827808 -0.934611 -0.2254 0.275131 -0.406099 0.339767 -0.794537 0.503258 0.457463 0.388525 -0.219878 0.89482 0.415575 -0.874763 -0.393173 0.283204 -0.474364 0.289549 -0.892787 -0.345099 0.466129 
1532107264062 0.0375492 0.749605 0.660819 -0.0988505 -0.939993 -0.197919 0.277924 -0.380829 0.339122 -0.631601 0.697192 0.448262 0.388523 -0.219811 0.894837 0.415559 -0.874743 -0.393216 0.283208 -0.474323 0.289612 -0.892785 -0.345051 0.466067 
1532107264284 -0.0276066 0.888128 0.458766 -0.198398 -0.946548 -0.170776 0.273647 -0.355468 0.32138 -0.42669 0.84537 0.439604 0.388522 -0.219744 0.894854 0.415543 -0.874722 -0.393259 0.283211 -0.474284 0.289675 -0.892782 -0.345004 0.466008 
1532107264458 -0.0860431 0.970271 0.22621 -0.298197 -0.953807 -0.145819 0.262657 -0.330284 0.287835 -0.193161 0.937998 0.431428 0.388521 -0.219677 0.894871 0.415527 -0.874702 -0.393302 0.283215 -0.474248 0.289739 -0.89278 -0.344957 0.465951 
1532107264766 -0.134048 0.990734 -0.0218344 -0.397799 -0.961323 -0.124656 0.245599 -0.305169 0.240602 0.0539121 0.969125 0.423297 0.38852 -0.21961 0.894887 0.415513 -0.874681 -0.393345 0.283218 -0.474214 0.289802 -0.892777 -0.344911 0.465898 
1532107264963 -0.168635 0.948199 -0.269223 -0.493612 -0.968547 -0.108701 0.223833 -0.280438 0.182974 0.298501 0.936706 0.413993 0.38852 -0.219541 0.894904 0.415508 -0.874663 -0.39338 0.283227 -0.474176 0.289857 -0.892779 -0.344861 0.465862 
1532107265216 -0.168635 0.948199 -0.269223 -0.493612 -0.968547 -0.108701 0.223833 -0.280438 0.182974 0.298501 0.936706 0.413993 0.38845 -0.219576 0.894926 0.415456 -0.874688 -0.39338 0.283147 -0.474222 0.289874 -0.89277 -0.344869 0.465898 
1532107265230 0.281148 -0.144286 0.948756 0.287935 -0.928259 -0.291734 0.230708 -0.482102 0.243496 -0.945554 -0.215955 0.480471 0.38844 -0.219445 0.894963 0.41552 -0.874686 -0.393357 0.283187 -0.474403 0.289895 -0.892813 -0.344741 0.466211 
1532107265627 0.230687 0.100221 0.967853 0.200795 -0.928528 -0.274694 0.249759 -0.456669 0.290895 -0.956294 0.0296891 0.473953 0.388391 -0.219294 0.895021 0.415509 -0.874695 -0.393329 0.283199 -0.47438 0.289934 -0.892862 -0.344581 0.466128 
1532107265958 0.170884 0.342688 0.923777 0.100969 -0.930729 -0.251526 0.265477 -0.431436 0.32333 -0.905152 0.275968 0.466257 0.388341 -0.219143 0.89508 0.415489 -0.874704 -0.393302 0.283208 -0.474343 0.289974 -0.892911 -0.344421 0.466039 
1532107266248 0.105173 0.563824 0.819171 0.000810847 -0.934609 -0.225402 0.275136 -0.406108 0.339771 -0.794541 0.503249 0.457472 0.388291 -0.218992 0.895138 0.41547 -0.874712 -0.393276 0.283218 -0.474309 0.290014 -0.892959 -0.344261 0.465954 
1532107266545 0.0375506 0.749605 0.660819 -0.0988606 -0.939991 -0.197921 0.277927 -0.380835 0.339125 -0.631601 0.697191 0.44829 0.388242 -0.218842 0.895196 0.415452 -0.874721 -0.39325 0.283227 -0.474278 0.290054 -0.893008 -0.344102 0.465873 
1532107266774 -0.0276049 0.888129 0.458764 -0.198414 -0.946545 -0.170778 0.273656 -0.355475 0.321389 -0.426687 0.845368 0.439648 0.388193 -0.218691 0.895254 0.415434 -0.874729 -0.393224 0.283237 -0.474248 0.290094 -0.893056 -0.343943 0.465794 
1532107266978 -0.0860438 0.970271 0.226209 -0.298195 -0.953806 -0.14582 0.262661 -0.330286 0.287838 -0.19316 0.937997 0.431432 0.388145 -0.218541 0.895312 0.415417 -0.874738 -0.393198 0.283247 -0.474221 0.290134 -0.893104 -0.343784 0.465718 
1532107267207 -0.134049 0.990734 -0.0218346 -0.3978 -0.961322 -0.124657 0.245601 -0.305171 0.240604 0.0539128 0.969125 0.4233 0.388097 -0.218392 0.895369 0.415401 -0.874746 -0.393173 0.283258 -0.474195 0.290174 -0.893152 -0.343626 0.465645 
1532107267422 -0.16864 0.948197 -0.269226 -0.493615 -0.968545 -0.108704 0.223839 -0.280444 0.182978 0.298505 0.936704 0.413976 0.388049 -0.21824 0.895427 0.415393 -0.874756 -0.39314 0.283272 -0.474167 0.290207 -0.893203 -0.343465 0.465589 
1532107267655 -0.16864 0.948197 -0.269226 -0.493615 -0.968545 -0.108704 0.223839 -0.280444 0.182978 0.298505 0.936704 0.413976 0.388137 -0.218316 0.89537 0.415434 -0.874759 -0.393069 0.283361 -0.474153 0.29008 -0.893216 -0.343539 0.465535 
1532107267669 0.28115 -0.144278 0.948756 0.287952 -0.928257 -0.291738 0.23071 -0.482046 0.243502 -0.945554 -0.215949 0.480419 0.388168 -0.218253 0.895372 0.415486 -0.874731 -0.393104 0.283398 -0.474316 0.290122 -0.893216 -0.343503 0.465829 
1532107268094 0.2307 0.100209 0.967851 0.200765 -0.928524 -0.274697 0.249768 -0.456674 0.290894 -0.956295 0.0296741 0.473978 0.388164 -0.218173 0.895393 0.415472 -0.874714 -0.393136 0.283407 -0.474301 0.29018 -0.893221 -0.34344 0.465778 
1532107268101 0.170891 0.342681 0.923778 0.100949 -0.930727 -0.251528 0.265482 -0.431444 0.323332 -0.905154 0.275959 0.466272 0.388159 -0.218093 0.895415 0.415452 -0.874697 -0.393169 0.283415 -0.474274 0.290238 -0.893227 -0.343377 0.465721 
1532107268471 0.105177 0.56382 0.819173 0.000799033 -0.934608 -0.225404 0.275139 -0.406114 0.339774 -0.794544 0.503243 0.457479 0.388154 -0.218013 0.895437 0.415433 -0.874679 -0.393201 0.283423 -0.474249 0.290297 -0.893232 -0.343314 0.465669 
1532107268798 0.0375517 0.749606 0.660819 -0.0988673 -0.939991 -0.197921 0.27793 -0.380838 0.339128 -0.6316 0.69719 0.448308 0.388149 -0.217933 0.895458 0.415414 -0.874662 -0.393235 0.283431 -0.474227 0.290356 -0.893237 -0.343251 0.465619 
1532107268982 -0.0276035 0.88813 0.458763 -0.198424 -0.946543 -0.170779 0.273662 -0.355479 0.321395 -0.426685 0.845367 0.439676 0.388145 -0.217853 0.895479 0.415396 -0.874644 -0.393268 0.283439 -0.474207 0.290415 -0.893241 -0.343189 0.465572 
1532107269162 -0.086044 0.970271 0.226209 -0.298194 -0.953805 -0.145821 0.262663 -0.330288 0.28784 -0.193159 0.937997 0.431434 0.388141 -0.217774 0.8955 0.415378 -0.874626 -0.393302 0.283448 -0.474188 0.290474 -0.893246 -0.343128 0.465528 
1532107269450 -0.13405 0.990734 -0.0218348 -0.397801 -0.961322 -0.124658 0.245603 -0.305172 0.240605 0.0539133 0.969125 0.423302 0.388138 -0.217695 0.895521 0.415361 -0.874608 -0.393335 0.283457 -0.474172 0.290533 -0.89325 -0.343066 0.465486 
1532107269634 -0.168644 0.948196 -0.269228 -0.493617 -0.968544 -0.108705 0.223844 -0.280449 0.182981 0.298509 0.936702 0.413964 0.388135 -0.217615 0.895542 0.415351 -0.874592 -0.393363 0.283469 -0.474152 0.290586 -0.893258 -0.343002 0.465459 
1532107269858 -0.168644 0.948196 -0.269228 -0.493617 -0.968544 -0.108705 0.223844 -0.280449 0.182981 0.298509 0.936702 0.413964 0.388219 -0.217674 0.895491 0.415386 -0.874572 -0.393361 0.283533 -0.47414 0.290533 -0.893244 -0.343082 0.465472 
1532107269871 0.281149 -0.144271 0.948758 0.287968 -0.928256 -0.291741 0.230711 -0.482006 0.243507 -0.945554 -0.215943 0.480382 0.388158 -0.217508 0.895558 0.415436 -0.874578 -0.39335 0.28353 -0.474277 0.290598 -0.893289 -0.34291 0.465693 
1532107270212 0.23071 0.100201 0.967849 0.200743 -0.928522 -0.274698 0.249775 -0.456679 0.290894 -0.956295 0.029663 0.473997 0.388057 -0.217326 0.895646 0.415444 -0.874598 -0.39333 0.283497 -0.474271 0.290673 -0.893343 -0.342707 0.46562 
1532107270496 0.170896 0.342677 0.923779 0.100934 -0.930726 -0.251529 0.265486 -0.43145 0.323333 -0.905155 0.275952 0.466283 0.387959 -0.217146 0.895732 0.415435 -0.874617 -0.39331 0.283466 -0.474253 0.290747 -0.893395 -0.342507 0.465546 
1532107270707 0.105179 0.563817 0.819175 0.000790471 -0.934607 -0.225405 0.275141 -0.406118 0.339776 -0.794546 0.503239 0.457484 0.387863 -0.216967 0.895817 0.415419 -0.874635 -0.39329 0.283437 -0.474234 0.29082 -0.893447 -0.34231 0.465476 
1532107270934 0.0375524 0.749606 0.660819 -0.0988721 -0.93999 -0.197922 0.277931 -0.380841 0.339129 -0.6316 0.697189 0.44832 0.38777 -0.216789 0.8959 0.415399 -0.874652 -0.393271 0.28341 -0.474217 0.290892 -0.893499 -0.342114 0.465409 
1532107271114 -0.0276025 0.88813 0.458763 -0.198431 -0.946542 -0.17078 0.273667 -0.355482 0.321399 -0.426684 0.845366 0.439695 0.387677 -0.216612 0.895983 0.415376 -0.874669 -0.393253 0.283383 -0.474199 0.290963 -0.89355 -0.341919 0.465343 
1532107271310 -0.0860442 0.970271 0.226209 -0.298193 -0.953805 -0.145821 0.262665 -0.330289 0.287842 -0.193158 0.937996 0.431435 0.387586 -0.216436 0.896065 0.415351 -0.874686 -0.393234 0.283357 -0.474182 0.291035 -0.893601 -0.341725 0.46528 
1532107271582 -0.13405 0.990734 -0.021835 -0.397802 -0.961322 -0.124658 0.245604 -0.305174 0.240606 0.0539137 0.969124 0.423303 0.387496 -0.21626 0.896146 0.415323 -0.874702 -0.393215 0.283332 -0.474166 0.291105 -0.893652 -0.341533 0.46522 
1532107271814 -0.168646 0.948195 -0.269229 -0.493619 -0.968543 -0.108706 0.223847 -0.280453 0.182983 0.298511 0.936701 0.413955 0.387412 -0.216086 0.896225 0.415286 -0.874718 -0.393194 0.283314 -0.474146 0.29117 -0.893703 -0.341342 0.465174 
1532107272016 -0.168646 0.948195 -0.269229 -0.493619 -0.968543 -0.108706 0.223847 -0.280453 0.182983 0.298511 0.936701 0.413955 0.387502 -0.216178 0.896164 0.415309 -0.874693 -0.393212 0.283366 -0.474137 0.291125 -0.893673 -0.34146 0.465194 
1532107272029 0.281149 -0.144266 0.948759 0.287981 -0.928255 -0.291744 0.230711 -0.481978 0.243511 -0.945554 -0.215939 0.480357 0.387398 -0.215991 0.896254 0.41541 -0.874678 -0.393301 0.283289 -0.474269 0.29131 -0.893679 -0.341286 0.465383 
1532107272036 0.230718 0.100195 0.967848 0.200727 -0.92852 -0.2747 0.24978 -0.456683 0.290894 -0.956295 0.0296547 0.474011 0.387291 -0.215804 0.896345 0.415406 -0.874663 -0.393391 0.28321 -0.474258 0.291497 -0.893685 -0.341112 0.465327 
1532107272319 0.1709 0.342673 0.923779 0.100924 -0.930725 -0.25153 0.265489 -0.431455 0.323334 -0.905156 0.275948 0.466291 0.387184 -0.215617 0.896436 0.415389 -0.874648 -0.393482 0.28313 -0.474234 0.291684 -0.89369 -0.340939 0.465266 
1532107272581 0.105181 0.563815 0.819176 0.000784195 -0.934606 -0.225406 0.275143 -0.406122 0.339777 -0.794547 0.503236 0.457487 0.387079 -0.215431 0.896526 0.415368 -0.874632 -0.393573 0.283052 -0.47421 0.29187 -0.893694 -0.340767 0.465207 
1532107272803 0.0375529 0.749606 0.660819 -0.0988756 -0.93999 -0.197922 0.277932 -0.380843 0.33913 -0.6316 0.697189 0.448329 0.386974 -0.215246 0.896616 0.415346 -0.874617 -0.393664 0.282974 -0.474185 0.292056 -0.893699 -0.340595 0.465149 
1532107273021 -0.0276017 0.88813 0.458762 -0.198437 -0.946541 -0.170781 0.273669 -0.355485 0.321402 -0.426683 0.845365 0.439709 0.38687 -0.215061 0.896705 0.415322 -0.874601 -0.393755 0.282897 -0.474161 0.292242 -0.893703 -0.340424 0.465092 
1532107273188 -0.0860442 0.970271 0.226208 -0.298193 -0.953804 -0.145822 0.262666 -0.33029 0.287843 -0.193158 0.937996 0.431435 0.386766 -0.214876 0.896794 0.415297 -0.874584 -0.393846 0.28282 -0.474137 0.292428 -0.893708 -0.340254 0.465036 
1532107273363 -0.134051 0.990734 -0.0218351 -0.397802 -0.961321 -0.124658 0.245604 -0.305175 0.240607 0.053914 0.969124 0.423304 0.386664 -0.214692 0.896883 0.41527 -0.874568 -0.393938 0.282744 -0.474114 0.292613 -0.893712 -0.340084 0.464982 
1532107273370 -0.168648 0.948195 -0.26923 -0.49362 -0.968542 -0.108707 0.223849 -0.280456 0.182985 0.298513 0.9367 0.413949 0.386564 -0.214509 0.896969 0.415239 -0.874551 -0.394028 0.282672 -0.47409 0.292795 -0.893716 -0.339916 0.464937 
1532107273555 -0.168648 0.948195 -0.26923 -0.49362 -0.968542 -0.108707 0.223849 -0.280456 0.182985 0.298513 0.9367 0.413949 0.386798 -0.214766 0.896807 0.415309 -0.874565 -0.393839 0.282889 -0.474111 0.292443 -0.893737 -0.340164 0.46489 
1532107273786 0.281148 -0.144262 0.948759 0.28799 -0.928255 -0.291746 0.230711 -0.481959 0.243513 -0.945554 -0.215936 0.480339 0.386829 -0.214787 0.896789 0.415443 -0.8745 -0.394016 0.282845 -0.474243 0.292598 -0.893654 -0.340248 0.465112 
1532107274010 0.230723 0.10019 0.967848 0.200715 -0.928519 -0.274701 0.249784 -0.456685 0.290894 -0.956296 0.0296487 0.474021 0.38687 -0.214815 0.896764 0.415439 -0.874431 -0.394196 0.282807 -0.474232 0.292749 -0.893568 -0.340344 0.465111 
1532107274218 0.170903 0.34267 0.92378 0.100916 -0.930724 -0.251531 0.265491 -0.431458 0.323335 -0.905157 0.275944 0.466296 0.38691 -0.214844 0.89674 0.415424 -0.874363 -0.394375 0.282769 -0.474207 0.292901 -0.893482 -0.340439 0.465102 
1532107274385 0.105183 0.563813 0.819177 0.00077968 -0.934606 -0.225407 0.275144 -0.406124 0.339778 -0.794548 0.503234 0.45749 0.38695 -0.214872 0.896716 0.415407 -0.874294 -0.394554 0.282731 -0.474182 0.293052 -0.893396 -0.340534 0.465093 
1532107274504 0.0375533 0.749606 0.660819 -0.0988781 -0.939989 -0.197922 0.277933 -0.380844 0.339131 -0.6316 0.697189 0.448335 0.386992 -0.214901 0.896691 0.41539 -0.874225 -0.394733 0.282694 -0.474157 0.293203 -0.89331 -0.34063 0.465086 
1532107274575 -0.0276012 0.88813 0.458762 -0.198441 -0.94654 -0.170781 0.273672 -0.355486 0.321404 -0.426683 0.845365 0.439719 0.387033 -0.214929 0.896667 0.415372 -0.874156 -0.394913 0.282657 -0.474132 0.293354 -0.893224 -0.340726 0.465078 
1532107274746 -0.0860443 0.970271 0.226208 -0.298193 -0.953804 -0.145822 0.262666 -0.33029 0.287844 -0.193157 0.937996 0.431436 0.387074 -0.214958 0.896642 0.415354 -0.874087 -0.395092 0.282619 -0.474107 0.293505 -0.893138 -0.340822 0.465071 
1532107274979 -0.134051 0.990734 -0.0218352 -0.397802 -0.961321 -0.124658 0.245605 -0.305175 0.240607 0.0539143 0.969124 0.423305 0.387116 -0.214987 0.896617 0.415335 -0.874018 -0.395271 0.282582 -0.474082 0.293655 -0.893052 -0.340919 0.465064 
1532107275132 -0.168649 0.948194 -0.269231 -0.49362 -0.968542 -0.108708 0.22385 -0.280457 0.182986 0.298514 0.936699 0.413945 0.387158 -0.215016 0.896592 0.415316 -0.873949 -0.39545 0.282546 -0.474057 0.293805 -0.892965 -0.341015 0.46506 
1532107275253 -0.168649 0.948194 -0.269231 -0.49362 -0.968542 -0.108708 0.22385 -0.280457 0.182986 0.298514 0.936699 0.413945 0.387165 -0.215012 0.89659 0.415331 -0.873965 -0.395394 0.282576 -0.474038 0.293749 -0.892991 -0.340996 0.465098 
1532107275266 0.281148 -0.14426 0.94876 0.287996 -0.928254 -0.291747 0.230711 -0.481945 0.243515 -0.945554 -0.215934 0.480326 0.38718 -0.214971 0.896593 0.415475 -0.873954 -0.3954 0.282601 -0.474181 0.293762 -0.892999 -0.340966 0.465284 
1532107275499 0.230727 0.100187 0.967847 0.200707 -0.928518 -0.274701 0.249787 -0.456687 0.290894 -0.956296 0.0296444 0.474028 0.387214 -0.214942 0.896585 0.415463 -0.873937 -0.395409 0.28264 -0.474184 0.293767 -0.893001 -0.340954 0.465264 
1532107275592 0.170905 0.342669 0.92378 0.10091 -0.930723 -0.251531 0.265493 -0.43146 0.323335 -0.905158 0.275942 0.466301 0.387247 -0.214912 0.896578 0.415442 -0.873921 -0.395418 0.282678 -0.474174 0.293772 -0.893005 -0.340941 0.465236 
1532107275599 0.105184 0.563812 0.819178 0.000776447 -0.934605 -0.225407 0.275145 -0.406126 0.339779 -0.794549 0.503232 0.457491 0.38728 -0.214883 0.896571 0.415421 -0.873904 -0.395427 0.282716 -0.474163 0.293778 -0.893008 -0.340928 0.465207 
1532107275707 0.0375536 0.749606 0.660818 -0.0988799 -0.939989 -0.197923 0.277934 -0.380845 0.339132 -0.6316 0.697188 0.44834 0.387313 -0.214853 0.896564 0.415399 -0.873888 -0.395436 0.282755 -0.474152 0.293783 -0.893011 -0.340915 0.465178 
1532107275714 -0.0276008 0.888131 0.458762 -0.198444 -0.946539 -0.170781 0.273673 -0.355487 0.321405 -0.426682 0.845364 0.439726 0.387346 -0.214823 0.896557 0.415378 -0.873872 -0.395445 0.282793 -0.474141 0.293788 -0.893014 -0.340902 0.46515 
1532107275864 -0.0860443 0.970271 0.226208 -0.298192 -0.953804 -0.145822 0.262667 -0.330291 0.287844 -0.193157 0.937996 0.431436 0.387379 -0.214794 0.89655 0.415356 -0.873855 -0.395454 0.282831 -0.47413 0.293794 -0.893017 -0.340889 0.465121 
1532107276002 -0.134051 0.990734 -0.0218353 -0.397802 -0.961321 -0.124659 0.245605 -0.305176 0.240608 0.0539144 0.969124 0.423306 0.387412 -0.214764 0.896542 0.415334 -0.873839 -0.395463 0.28287 -0.474119 0.293799 -0.89302 -0.340876 0.465093 
1532107276108 -0.16865 0.948194 -0.269232 -0.493621 -0.968542 -0.108708 0.223852 -0.280459 0.182987 0.298515 0.936699 0.413942 0.387446 -0.214734 0.896535 0.415313 -0.873822 -0.395472 0.282908 -0.474109 0.293804 -0.893024 -0.340864 0.465066 
1532107276228 -0.16865 0.948194 -0.269232 -0.493621 -0.968542 -0.108708 0.223852 -0.280459 0.182987 0.298515 0.936699 0.413942 0.38749 -0.214593 0.89655 0.415341 -0.87378 -0.395514 0.28298 -0.474107 0.293872 -0.893039 -0.340765 0.465108 
1532107276242 0.281148 -0.144258 0.94876 0.288001 -0.928254 -0.291748 0.230711 -0.481935 0.243517 -0.945554 -0.215932 0.480317 0.387515 -0.214724 0.896508 0.415492 -0.873804 -0.395457 0.282985 -0.474241 0.293766 -0.893033 -0.340872 0.465309 
1532107276438 0.230729 0.100185 0.967847 0.200701 -0.928517 -0.274702 0.249789 -0.456689 0.290894 -0.956296 0.0296413 0.474033 0.387561 -0.214866 0.896453 0.415485 -0.873822 -0.395403 0.283005 -0.474236 0.293652 -0.893022 -0.340998 0.465308 
1532107276445 0.170906 0.342667 0.92378 0.100906 -0.930723 -0.251531 0.265494 -0.431462 0.323336 -0.905158 0.27594 0.466304 0.387606 -0.215008 0.8964 0.41547 -0.87384 -0.395349 0.283024 -0.474219 0.293538 -0.893012 -0.341122 0.465299 
1532107276579 0.105184 0.563811 0.819179 0.000774175 -0.934605 -0.225408 0.275145 -0.406127 0.339779 -0.794549 0.503231 0.457493 0.387651 -0.21515 0.896347 0.415454 -0.873859 -0.395295 0.283042 -0.4742 0.293425 -0.893002 -0.341247 0.465289 
1532107276772 0.0375538 0.749606 0.660818 -0.0988812 -0.939989 -0.197923 0.277934 -0.380845 0.339132 -0.6316 0.697188 0.448343 0.387695 -0.215292 0.896293 0.415438 -0.873877 -0.395241 0.283061 -0.474181 0.293311 -0.892992 -0.341372 0.465279 
