1530795967439 0.275657 -0.8825 0.381061 -0.604483 0.633204 0.464965 0.618757 -0.181741 -0.723233 0.0707247 0.686973 0.426588 -0.0408467 -0.998201 -0.0438918 0.27246 -0.121811 0.0485757 -0.991364 -0.502772 0.991712 -0.0351475 -0.123576 0.444936 
1530795967452 0.300885 -0.922898 0.240265 0.225257 -0.138768 -0.291628 -0.946412 -0.486344 0.94351 0.25142 -0.215815 0.468712 -0.0552636 -0.997127 -0.0517994 0.280435 -0.12256 0.0582607 -0.99075 -0.498514 0.990921 -0.0484038 -0.125428 0.444873 
1530795968415 0.242825 -0.925174 0.291699 0.16152 0.102786 -0.274468 -0.956087 -0.435487 0.964609 0.262144 0.0284473 0.461493 -0.0696493 -0.995785 -0.0596703 0.288154 -0.123239 0.0679463 -0.990048 -0.493687 0.98993 -0.0616025 -0.127452 0.443947 
1530795968422 0.185198 -0.926148 0.328559 0.0634542 0.340052 -0.25329 -0.905654 -0.39584 0.921991 0.279452 0.26803 0.437571 -0.0839926 -0.994177 -0.0675121 0.295762 -0.123806 0.0776382 -0.989265 -0.488821 0.988745 -0.0747326 -0.129606 0.443078 
1530795969277 0.10875 -0.933954 0.340446 -0.0100479 0.566676 -0.223137 -0.793151 -0.393705 0.816732 0.279178 0.504984 0.453534 -0.0983071 -0.992302 -0.0753203 0.303328 -0.124245 0.0873332 -0.988401 -0.483974 0.98737 -0.0878086 -0.131874 0.442274 
1530795970385 0.0372285 -0.940161 0.33869 -0.0983863 0.750403 -0.197521 -0.630778 -0.379776 0.659931 0.277637 0.698146 0.44936 -0.112652 -0.990155 -0.0830823 0.311052 -0.124499 0.097021 -0.987465 -0.479209 0.985804 -0.100896 -0.134202 0.441492 
1530795970392 -0.0276972 -0.946596 0.321231 -0.198397 0.888256 -0.170708 -0.42645 -0.355415 0.458512 0.273524 0.845548 0.440018 -0.126973 -0.987741 -0.0908042 0.318776 -0.124613 0.106704 -0.986451 -0.474467 0.984047 -0.113937 -0.136634 0.440751 
1530795971113 -0.0860491 -0.953826 0.28777 -0.298192 0.970276 -0.145805 -0.193145 -0.330411 0.226186 0.262596 0.938021 0.431334 -0.141266 -0.985061 -0.0984843 0.326496 -0.124589 0.116381 -0.985359 -0.469746 0.982101 -0.126928 -0.139169 0.440048 
1530795972031 -0.133997 -0.961333 0.240591 -0.397711 0.990741 -0.124607 0.0538979 -0.305255 -0.0218345 0.245585 0.969129 0.423196 -0.155524 -0.982115 -0.106121 0.334207 -0.124429 0.12605 -0.984189 -0.46506 0.979964 -0.139861 -0.141808 0.439394 
1530795972653 -0.168044 -0.968646 0.182994 -0.493233 0.948351 -0.108187 0.298204 -0.280336 -0.269057 0.223654 0.936796 0.414798 -0.169645 -0.978921 -0.113729 0.341684 -0.124143 0.135709 -0.98294 -0.460644 0.977655 -0.152632 -0.144549 0.438893 
1530795973277 -0.168044 -0.968646 0.182994 -0.493233 0.948351 -0.108187 0.298204 -0.280336 -0.269057 0.223654 0.936796 0.414798 -0.169528 -0.978952 -0.113633 0.3417 -0.124257 0.135614 -0.982939 -0.460646 0.977661 -0.152516 -0.144632 0.438856 
1530795973288 0.280754 -0.928413 0.243364 0.287767 -0.144149 -0.291475 -0.945655 -0.485425 0.948893 0.230416 -0.215663 0.482454 -0.170956 -0.978614 -0.114403 0.342478 -0.124213 0.136592 -0.982809 -0.460227 0.977418 -0.153807 -0.144908 0.438941 
1530795973834 0.230218 -0.928641 0.290905 0.201889 0.100587 -0.274625 -0.956276 -0.456571 0.967927 0.249413 0.0301853 0.47316 -0.172411 -0.97827 -0.115162 0.343283 -0.124156 0.137563 -0.982681 -0.459673 0.977169 -0.155127 -0.145176 0.438749 
1530795974285 0.170645 -0.930795 0.323267 0.101622 0.342906 -0.251472 -0.905084 -0.431197 0.92374 0.265298 0.276263 0.465824 -0.173863 -0.977923 -0.115922 0.344085 -0.124098 0.138534 -0.982552 -0.459127 0.976919 -0.156443 -0.145444 0.438582 
1530795974680 0.105023 -0.934666 0.339661 0.00121012 0.564008 -0.225325 -0.794433 -0.405891 0.819064 0.275005 0.503495 0.457314 -0.175312 -0.977574 -0.116682 0.344885 -0.124039 0.139505 -0.982422 -0.458593 0.976668 -0.157757 -0.145714 0.438437 
1530795975070 0.0375018 -0.940025 0.339037 -0.0987905 0.749589 -0.197903 -0.631625 -0.380798 0.66084 0.277826 0.697211 0.447833 -0.17676 -0.977222 -0.117442 0.345684 -0.12398 0.140477 -0.982291 -0.458065 0.976414 -0.159069 -0.145986 0.438305 
1530795975373 -0.0276228 -0.946572 0.321307 -0.198535 0.888121 -0.170761 -0.426711 -0.355532 0.458779 0.273572 0.845387 0.439595 -0.178206 -0.976868 -0.118202 0.346482 -0.123919 0.141448 -0.982159 -0.457543 0.976159 -0.160379 -0.14626 0.438182 
1530795975712 -0.0860291 -0.953825 0.287779 -0.298229 0.970274 -0.145793 -0.193166 -0.330328 0.226203 0.262606 0.938014 0.431354 -0.179651 -0.976511 -0.118962 0.347279 -0.123858 0.14242 -0.982026 -0.457024 0.975902 -0.161688 -0.146534 0.438066 
1530795975979 -0.134011 -0.961334 0.240579 -0.39775 0.990739 -0.12462 0.0539045 -0.305195 -0.0218391 0.245575 0.969132 0.423216 -0.181095 -0.976151 -0.119721 0.348075 -0.123795 0.143392 -0.981893 -0.456511 0.975643 -0.162995 -0.146811 0.437961 
1530795976245 -0.168354 -0.968609 0.182902 -0.493437 0.948258 -0.10847 0.298396 -0.280353 -0.26919 0.223675 0.936753 0.414454 -0.182525 -0.97579 -0.120488 0.348849 -0.123731 0.14437 -0.981758 -0.456028 0.975385 -0.164288 -0.147087 0.437888 
1530795976548 -0.168354 -0.968609 0.182902 -0.493437 0.948258 -0.10847 0.298396 -0.280353 -0.26919 0.223675 0.936753 0.414454 -0.182405 -0.975822 -0.120414 0.348894 -0.12392 0.144309 -0.981743 -0.455985 0.975383 -0.164153 -0.147246 0.437848 
1530795976560 0.280859 -0.928369 0.243412 0.288043 -0.144209 -0.291562 -0.945619 -0.483958 0.948853 0.230484 -0.215767 0.481725 -0.181696 -0.976532 -0.115639 0.348863 -0.12297 0.139236 -0.982594 -0.455866 0.975636 -0.164313 -0.145383 0.437912 
1530795976984 0.230386 -0.928601 0.2909 0.201489 0.100464 -0.274647 -0.956282 -0.456577 0.967899 0.249539 0.0300164 0.473433 -0.180998 -0.977216 -0.110854 0.348838 -0.122014 0.134157 -0.98342 -0.455713 0.975885 -0.164471 -0.143516 0.437904 
1530795977414 0.170718 -0.930775 0.323285 0.101414 0.342841 -0.251486 -0.905105 -0.431262 0.92375 0.265353 0.276175 0.465959 -0.180304 -0.977875 -0.106066 0.348813 -0.121053 0.129074 -0.984218 -0.455562 0.976133 -0.164619 -0.141648 0.437903 
1530795977421 0.105057 -0.934654 0.339682 0.00111863 0.563969 -0.225339 -0.794457 -0.40593 0.819086 0.275033 0.503442 0.457344 -0.179615 -0.97851 -0.101274 0.348788 -0.120089 0.123988 -0.98499 -0.455414 0.97638 -0.164757 -0.139779 0.437906 
1530795977782 0.0375184 -0.940026 0.339034 -0.0987623 0.749587 -0.19789 -0.631632 -0.380778 0.660842 0.277833 0.697207 0.447783 -0.17893 -0.97912 -0.0964779 0.348762 -0.119122 0.118899 -0.985735 -0.455267 0.976624 -0.164884 -0.137909 0.437913 
1530795978242 -0.027607 -0.946571 0.321313 -0.198487 0.888123 -0.170749 -0.426711 -0.355503 0.458776 0.273585 0.845385 0.439569 -0.178249 -0.979705 -0.0916783 0.348736 -0.118151 0.113806 -0.986452 -0.455122 0.976866 -0.165002 -0.136039 0.437922 
1530795978249 -0.0860265 -0.953822 0.287791 -0.298203 0.970274 -0.145793 -0.193166 -0.330305 0.226204 0.262619 0.93801 0.431364 -0.177573 -0.980266 -0.0868752 0.348709 -0.117176 0.108711 -0.987143 -0.454978 0.977107 -0.16511 -0.134168 0.437935 
1530795978585 -0.134026 -0.96133 0.240587 -0.397753 0.990737 -0.124634 0.053909 -0.305179 -0.021839 0.245584 0.969129 0.423237 -0.1769 -0.980801 -0.0820689 0.348682 -0.116198 0.103613 -0.987807 -0.454837 0.977345 -0.165207 -0.132296 0.437953 
1530795979044 -0.168508 -0.96858 0.182917 -0.493507 0.948228 -0.108606 0.298444 -0.280366 -0.269201 0.223737 0.936735 0.414331 -0.176233 -0.981311 -0.0772696 0.348657 -0.115219 0.0985232 -0.988442 -0.4547 0.977582 -0.165293 -0.130429 0.438007 
1530795979474 -0.168508 -0.96858 0.182917 -0.493507 0.948228 -0.108606 0.298444 -0.280366 -0.269201 0.223737 0.936735 0.414331 -0.176185 -0.981323 -0.0772326 0.348707 -0.115238 0.0984826 -0.988444 -0.45465 0.977588 -0.165249 -0.130437 0.437998 
1530795979488 0.280904 -0.928348 0.243439 0.288147 -0.144206 -0.2916 -0.945608 -0.483439 0.94884 0.230519 -0.215785 0.481312 -0.176246 -0.981351 -0.0767272 0.348706 -0.113045 0.0976108 -0.988784 -0.454585 0.977833 -0.165596 -0.128141 0.437781 
1530795979808 0.230428 -0.928592 0.290894 0.201403 0.100432 -0.274648 -0.956286 -0.456587 0.967893 0.24957 0.0299736 0.473478 -0.176315 -0.981378 -0.0762201 0.348711 -0.110852 0.0967369 -0.989118 -0.454495 0.978072 -0.165947 -0.125844 0.437514 
1530795980095 0.170727 -0.930774 0.323285 0.101395 0.342832 -0.251487 -0.905108 -0.431273 0.923752 0.265358 0.276163 0.465962 -0.176384 -0.981405 -0.0757132 0.348715 -0.108657 0.0958621 -0.989446 -0.454407 0.978306 -0.166295 -0.123546 0.437251 
1530795980378 0.105066 -0.934651 0.339689 0.00111071 0.563956 -0.225344 -0.794464 -0.405939 0.819094 0.275041 0.503426 0.457331 -0.176453 -0.981432 -0.0752065 0.348718 -0.106463 0.0949866 -0.989769 -0.454321 0.978535 -0.166641 -0.121247 0.436991 
1530795980689 0.0375282 -0.940027 0.339029 -0.0987294 0.749589 -0.197879 -0.631633 -0.380762 0.660839 0.277837 0.697208 0.447746 -0.176524 -0.981458 -0.0746999 0.348721 -0.104268 0.0941102 -0.990087 -0.454236 0.978758 -0.166985 -0.118947 0.436733 
1530795980943 -0.0276005 -0.946569 0.32132 -0.198454 0.888124 -0.170746 -0.42671 -0.355486 0.458774 0.273594 0.845383 0.439553 -0.176596 -0.981483 -0.0741935 0.348724 -0.102073 0.0932331 -0.990398 -0.454152 0.978977 -0.167327 -0.116647 0.436477 
1530795981272 -0.0860301 -0.953818 0.287802 -0.298191 0.970273 -0.145799 -0.193164 -0.330295 0.226205 0.262629 0.938007 0.431374 -0.176668 -0.981508 -0.0736873 0.348727 -0.0998769 0.0923552 -0.990704 -0.454069 0.97919 -0.167666 -0.114346 0.436223 
1530795981511 -0.134034 -0.961327 0.240593 -0.397759 0.990736 -0.124642 0.0539113 -0.305173 -0.0218384 0.24559 0.969128 0.423252 -0.176741 -0.981533 -0.0731815 0.348729 -0.0976811 0.0914768 -0.991005 -0.45399 0.979398 -0.168003 -0.112045 0.435975 
1530795981833 -0.168562 -0.968567 0.182933 -0.49354 0.948217 -0.10865 0.298462 -0.280383 -0.269205 0.223769 0.936726 0.414253 -0.176814 -0.981557 -0.0726816 0.348729 -0.0954919 0.0906044 -0.991298 -0.453922 0.979601 -0.168334 -0.109751 0.435768 
1530795982098 -0.168562 -0.968567 0.182933 -0.49354 0.948217 -0.10865 0.298462 -0.280383 -0.269205 0.223769 0.936726 0.414253 -0.176897 -0.98154 -0.0727142 0.348684 -0.0956463 0.0906734 -0.991277 -0.453953 0.979571 -0.168399 -0.10992 0.435701 
1530795982111 0.280953 -0.92833 0.243452 0.288128 -0.144226 -0.291629 -0.945596 -0.483093 0.948823 0.230556 -0.215823 0.481115 -0.176693 -0.981901 -0.0681925 0.34881 -0.096007 0.0861457 -0.991646 -0.45398 0.979572 -0.16867 -0.109491 0.435752 
1530795982486 0.230489 -0.928577 0.290895 0.201256 0.100383 -0.274659 -0.956288 -0.456601 0.967883 0.249615 0.0299076 0.473589 -0.176492 -0.982241 -0.0636667 0.348941 -0.0963653 0.0816141 -0.991994 -0.453985 0.979574 -0.168944 -0.109058 0.435757 
1530795982493 0.170765 -0.930763 0.323296 0.10129 0.342797 -0.251497 -0.905119 -0.43131 0.923758 0.265388 0.276116 0.466031 -0.176289 -0.98256 -0.0591395 0.349072 -0.0967227 0.0770808 -0.992322 -0.453991 0.979575 -0.169215 -0.108624 0.435766 
1530795982829 0.105095 -0.93464 0.339711 0.00103726 0.563921 -0.22536 -0.794485 -0.40598 0.819114 0.275066 0.503379 0.457359 -0.176084 -0.982859 -0.054611 0.349202 -0.0970793 0.0725461 -0.992629 -0.453999 0.979576 -0.169485 -0.108189 0.435777 
1530795983353 0.0375279 -0.940018 0.339055 -0.0987315 0.749594 -0.197894 -0.631622 -0.380768 0.660833 0.277857 0.697205 0.447834 -0.175877 -0.983137 -0.0500812 0.349332 -0.0974351 0.0680099 -0.992915 -0.454008 0.979578 -0.169752 -0.107753 0.435791 
1530795983788 -0.0276014 -0.946564 0.321332 -0.198436 0.888124 -0.170752 -0.426708 -0.355472 0.458774 0.273605 0.84538 0.439552 -0.175669 -0.983395 -0.0455504 0.349461 -0.09779 0.0634724 -0.993181 -0.454018 0.97958 -0.170016 -0.107316 0.435807 
1530795984154 -0.0860343 -0.953815 0.28781 -0.298194 0.970272 -0.145805 -0.193164 -0.330288 0.226207 0.262635 0.938005 0.431389 -0.175458 -0.983632 -0.0410186 0.349591 -0.098144 0.0589337 -0.993426 -0.454029 0.979583 -0.170279 -0.106878 0.435824 
1530795984478 -0.134039 -0.961326 0.240595 -0.39777 0.990735 -0.124647 0.0539115 -0.305169 -0.0218373 0.245592 0.969127 0.423263 -0.175246 -0.983848 -0.0364861 0.34972 -0.0984973 0.0543942 -0.99365 -0.454041 0.979585 -0.170539 -0.106439 0.435845 
1530795984817 -0.168584 -0.968562 0.182942 -0.493562 0.948212 -0.108667 0.298472 -0.280397 -0.269209 0.223785 0.936721 0.414184 -0.17503 -0.984044 -0.0319626 0.349846 -0.0988482 0.0498632 -0.993852 -0.454049 0.979588 -0.170794 -0.105999 0.43589 
1530795985132 -0.168584 -0.968562 0.182942 -0.493562 0.948212 -0.108667 0.298472 -0.280397 -0.269209 0.223785 0.936721 0.414184 -0.175022 -0.984043 -0.0320378 0.349831 -0.0989328 0.0499529 -0.99384 -0.454047 0.979581 -0.170774 -0.106097 0.435866 
1530795985146 0.280998 -0.928314 0.243463 0.288097 -0.144242 -0.291654 -0.945586 -0.48282 0.948807 0.23059 -0.215856 0.480951 -0.176381 -0.983716 -0.0345474 0.349968 -0.0978652 0.0524494 -0.993817 -0.453957 0.979445 -0.171909 -0.105523 0.435895 
1530795985405 0.230541 -0.928564 0.290895 0.201134 0.100342 -0.274668 -0.956289 -0.456615 0.967875 0.249653 0.0298517 0.473683 -0.177744 -0.983379 -0.037055 0.350109 -0.0967896 0.0549417 -0.993787 -0.453847 0.979305 -0.173053 -0.104946 0.435882 
1530795985651 0.170797 -0.930753 0.323306 0.101203 0.342768 -0.251505 -0.905127 -0.431343 0.923763 0.265412 0.276076 0.466091 -0.179104 -0.983034 -0.0395632 0.350249 -0.0957104 0.0574325 -0.993751 -0.453738 0.979164 -0.174198 -0.104373 0.435873 
1530795985893 0.105117 -0.934631 0.339729 0.000973822 0.563893 -0.225373 -0.794501 -0.406016 0.819131 0.275087 0.503341 0.457391 -0.18046 -0.982682 -0.0420721 0.350389 -0.0946278 0.0599216 -0.993708 -0.45363 0.97902 -0.175343 -0.103802 0.435866 
1530795986170 0.0375321 -0.940009 0.339079 -0.0987653 0.749599 -0.197905 -0.631613 -0.380786 0.660828 0.277879 0.697202 0.447976 -0.181813 -0.982322 -0.0445815 0.350529 -0.0935418 0.0624091 -0.993657 -0.453524 0.978874 -0.17649 -0.103235 0.435861 
1530795986468 -0.0276042 -0.94656 0.321344 -0.198421 0.888124 -0.17076 -0.426704 -0.355467 0.458774 0.273615 0.845377 0.439557 -0.183163 -0.981954 -0.0470914 0.350668 -0.0924523 0.064895 -0.9936 -0.453418 0.978726 -0.177637 -0.10267 0.435857 
1530795986749 -0.0860376 -0.953813 0.287817 -0.298197 0.970272 -0.14581 -0.193164 -0.330284 0.226209 0.262641 0.938003 0.431401 -0.18451 -0.981578 -0.0496018 0.350808 -0.0913595 0.0673792 -0.993536 -0.453313 0.978575 -0.178786 -0.102109 0.435854 
1530795987013 -0.134042 -0.961325 0.240596 -0.397779 0.990735 -0.12465 0.0539115 -0.305167 -0.0218363 0.245593 0.969127 0.423273 -0.185854 -0.981194 -0.0521127 0.350947 -0.0902633 0.0698617 -0.993465 -0.453209 0.978423 -0.179935 -0.10155 0.435853 
1530795987278 -0.1686 -0.968557 0.18295 -0.493579 0.948208 -0.108678 0.29848 -0.280408 -0.269212 0.223798 0.936717 0.414128 -0.187189 -0.980804 -0.0546226 0.351077 -0.0891655 0.0723409 -0.993386 -0.453119 0.978269 -0.181081 -0.100995 0.435858 
1530795987579 -0.1686 -0.968557 0.18295 -0.493579 0.948208 -0.108678 0.29848 -0.280408 -0.269212 0.223798 0.936717 0.414128 -0.187059 -0.98083 -0.0545972 0.351119 -0.0892914 0.0723248 -0.993376 -0.453071 0.978282 -0.180945 -0.101109 0.43585 
1530795987593 0.281038 -0.928299 0.243472 0.288061 -0.144255 -0.291676 -0.945577 -0.482602 0.948793 0.230621 -0.215884 0.480813 -0.186501 -0.981045 -0.0526129 0.351181 -0.0897234 0.0703366 -0.99348 -0.45318 0.978349 -0.180565 -0.101141 0.435917 
1530795987911 0.230583 -0.928554 0.290895 0.201036 0.100307 -0.274675 -0.956291 -0.456628 0.967869 0.249683 0.0298055 0.47376 -0.185944 -0.981255 -0.0506273 0.351244 -0.0901534 0.068347 -0.99358 -0.453284 0.978416 -0.180186 -0.101172 0.435976 
1530795988177 0.170823 -0.930746 0.323313 0.101134 0.342744 -0.251511 -0.905135 -0.431369 0.923767 0.265431 0.276044 0.466138 -0.185386 -0.981461 -0.0486421 0.351307 -0.0905823 0.0663574 -0.993676 -0.453389 0.978482 -0.179808 -0.101205 0.436035 
1530795988432 0.105134 -0.934624 0.339743 0.000924528 0.563872 -0.225382 -0.794513 -0.406044 0.819143 0.275102 0.503312 0.457415 -0.184826 -0.981663 -0.0466574 0.35137 -0.09101 0.0643679 -0.993768 -0.453494 0.978548 -0.179428 -0.101238 0.436094 
1530795988771 0.0375375 -0.940003 0.339094 -0.0987928 0.749601 -0.197911 -0.631608 -0.3808 0.660824 0.277895 0.697199 0.448077 -0.184266 -0.981861 -0.0446719 0.351433 -0.0914367 0.0623775 -0.993855 -0.453599 0.978614 -0.179049 -0.101272 0.436154 
1530795989086 -0.0276058 -0.946557 0.321354 -0.198407 0.888125 -0.170766 -0.426701 -0.355463 0.458773 0.273623 0.845375 0.439558 -0.183705 -0.982054 -0.0426854 0.351496 -0.0918624 0.060386 -0.993939 -0.453705 0.97868 -0.178671 -0.101307 0.436214 
1530795989338 -0.08604 -0.953811 0.287823 -0.298197 0.970271 -0.145814 -0.193163 -0.330283 0.22621 0.262646 0.938001 0.431411 -0.183143 -0.982243 -0.0406995 0.351558 -0.0922869 0.0583947 -0.994019 -0.45381 0.978745 -0.178292 -0.101343 0.436275 
1530795989585 -0.134044 -0.961325 0.240598 -0.397787 0.990735 -0.124652 0.0539115 -0.305166 -0.0218355 0.245595 0.969127 0.423281 -0.18258 -0.982429 -0.0387136 0.351621 -0.0927101 0.056403 -0.994094 -0.453915 0.97881 -0.177913 -0.101379 0.436335 
1530795989838 -0.168613 -0.968554 0.182957 -0.493591 0.948205 -0.108687 0.298487 -0.280418 -0.269215 0.22381 0.936714 0.414082 -0.182018 -0.982609 -0.0367302 0.351684 -0.0931311 0.0544137 -0.994166 -0.454009 0.978875 -0.177535 -0.101416 0.436395 
1530795990103 -0.168613 -0.968554 0.182957 -0.493591 0.948205 -0.108687 0.298487 -0.280418 -0.269215 0.22381 0.936714 0.414082 -0.181993 -0.982613 -0.0367369 0.351722 -0.09314 0.0544195 -0.994165 -0.453971 0.978879 -0.17751 -0.101425 0.436418 
1530795990118 0.281073 -0.928286 0.24348 0.288025 -0.144265 -0.291695 -0.94557 -0.482429 0.948781 0.230648 -0.215907 0.480699 -0.182206 -0.982564 -0.0369901 0.351792 -0.093622 0.0547856 -0.994099 -0.453998 0.978793 -0.177668 -0.101972 0.436533 
1530795990367 0.230618 -0.928545 0.290895 0.200955 0.100279 -0.274681 -0.956292 -0.456641 0.967863 0.249708 0.0297668 0.473824 -0.18242 -0.982515 -0.0372431 0.351862 -0.0941034 0.0551516 -0.994034 -0.454025 0.978707 -0.177827 -0.102519 0.436645 
1530795990559 0.170844 -0.93074 0.323319 0.101078 0.342725 -0.251516 -0.90514 -0.431392 0.923771 0.265447 0.276018 0.466178 -0.182633 -0.982466 -0.0374959 0.351932 -0.0945839 0.0555174 -0.993968 -0.454051 0.978621 -0.177985 -0.103065 0.436759 
1530795990755 0.105148 -0.934618 0.339753 0.000884755 0.563855 -0.22539 -0.794523 -0.406067 0.819153 0.275114 0.50329 0.457434 -0.182847 -0.982416 -0.0377488 0.352002 -0.0950649 0.0558835 -0.993901 -0.454078 0.978534 -0.178143 -0.103611 0.436872 
1530795991013 0.0375424 -0.939999 0.339106 -0.0988158 0.749603 -0.197914 -0.631605 -0.380811 0.660822 0.277907 0.697196 0.448154 -0.18306 -0.982367 -0.0380016 0.352071 -0.0955459 0.0562499 -0.993834 -0.454105 0.978448 -0.178301 -0.104158 0.436986 
1530795991207 -0.0276063 -0.946554 0.321362 -0.198396 0.888125 -0.170769 -0.426698 -0.355461 0.458771 0.27363 0.845373 0.439558 -0.183274 -0.982317 -0.0382545 0.352141 -0.0960271 0.0566164 -0.993767 -0.454132 0.978361 -0.178458 -0.104705 0.4371 
1530795991415 -0.0860414 -0.953809 0.287827 -0.298197 0.970271 -0.145816 -0.193162 -0.330283 0.22621 0.262651 0.938 0.431419 -0.183488 -0.982268 -0.038507 0.352211 -0.0965078 0.0569828 -0.9937 -0.454159 0.978273 -0.178616 -0.105252 0.437213 
1530795991623 -0.134046 -0.961324 0.240599 -0.397792 0.990735 -0.124654 0.0539117 -0.305167 -0.021835 0.245596 0.969126 0.423288 -0.183702 -0.982218 -0.0387593 0.352281 -0.0969878 0.0573491 -0.993632 -0.454185 0.978186 -0.178773 -0.105798 0.437326 
1530795991834 -0.168622 -0.968551 0.182964 -0.4936 0.948203 -0.108693 0.298492 -0.280426 -0.269218 0.223819 0.936711 0.414045 -0.183915 -0.982168 -0.0390115 0.352349 -0.0974665 0.0577151 -0.993564 -0.454209 0.978098 -0.178929 -0.106343 0.437432 
