1537437947706 0.20945 0.921374 -0.327416 -0.483576 -0.943964 0.277873 0.178097 -0.175094 0.255074 0.271767 0.927944 0.467593 -0.2178 -0.2293 0.948675 0.0854751 -0.974502 -0.00262621 -0.224364 -0.646647 0.0539382 -0.973352 -0.222882 0.468355 
1537437947736 0.212956 0.922029 -0.323284 -0.498897 -0.943556 0.279975 0.176962 -0.182797 0.253675 0.267351 0.929609 0.458171 -0.183097 -0.215608 0.95916 0.115136 -0.982584 0.00868335 -0.185617 -0.631174 0.0316918 -0.976441 -0.213443 0.465215 
1537437948320 0.216456 0.922657 -0.31914 -0.51422 -0.943139 0.282081 0.175836 -0.190503 0.25226 0.262933 0.931253 0.448748 -0.147822 -0.202293 0.968104 0.144798 -0.988965 0.0205375 -0.146716 -0.615694 0.0097973 -0.97911 -0.203097 0.462074 
1537437949205 0.219947 0.923259 -0.314985 -0.529541 -0.942714 0.28419 0.17472 -0.198207 0.250827 0.258511 0.932876 0.439325 -0.11204 -0.189381 0.975491 0.17446 -0.993635 0.0329133 -0.107734 -0.600216 -0.0117038 -0.981352 -0.191863 0.458933 
1537437950117 0.223431 0.923834 -0.31082 -0.544863 -0.942279 0.286303 0.173613 -0.205911 0.249378 0.254088 0.934478 0.429902 -0.0758194 -0.176895 0.981305 0.204122 -0.996583 0.0457875 -0.0687459 -0.584738 -0.0327707 -0.983164 -0.179762 0.455792 
1537437951046 0.226906 0.924383 -0.306644 -0.560185 -0.941835 0.288418 0.172515 -0.213616 0.247912 0.249663 0.93606 0.420479 -0.0392292 -0.16486 0.985537 0.233784 -0.997804 0.059136 -0.0298252 -0.569258 -0.0533637 -0.984543 -0.166818 0.452651 
1537437951952 0.230373 0.924904 -0.302458 -0.575505 -0.941383 0.290537 0.171426 -0.221319 0.246428 0.245237 0.93762 0.411057 -0.00233758 -0.153298 0.988177 0.263446 -0.997297 0.072933 0.00895512 -0.553779 -0.0734436 -0.985485 -0.153054 0.44951 
1537437952860 0.233832 0.925399 -0.298262 -0.590828 -0.940921 0.292658 0.170348 -0.229025 0.244928 0.240808 0.93916 0.401633 0.034784 -0.142232 0.989222 0.293108 -0.995061 0.0871529 0.0475202 -0.538298 -0.0929725 -0.985989 -0.138498 0.446369 
1537437953788 0.237282 0.925866 -0.294055 -0.606149 -0.940451 0.294782 0.169278 -0.236729 0.243411 0.236378 0.940679 0.392211 0.0720673 -0.131681 0.988669 0.32277 -0.991101 0.101768 0.0857992 -0.522818 -0.111913 -0.986054 -0.123175 0.443228 
1537437954758 0.240723 0.926308 -0.289839 -0.621471 -0.939972 0.296909 0.168218 -0.244434 0.241878 0.231947 0.942176 0.382788 0.109439 -0.121667 0.986519 0.352431 -0.985425 0.116752 0.123717 -0.507339 -0.13023 -0.985681 -0.107116 0.440087 
1537437955817 0.247735 0.922555 -0.295837 -0.615842 -0.938185 0.304631 0.164341 -0.24514 0.241734 0.236837 0.940996 0.386586 0.0926617 -0.128231 0.987406 0.337529 -0.988847 0.104277 0.106339 -0.515728 -0.1166 -0.986247 -0.117138 0.442591 
1537437955827 0.247378 0.922977 -0.294817 -0.617934 -0.938316 0.304073 0.164626 -0.245838 0.241592 0.235907 0.941266 0.385265 0.0980746 -0.126559 0.987099 0.341985 -0.987942 0.107024 0.11188 -0.513341 -0.119803 -0.986169 -0.114536 0.442027 
1537437955940 0.24702 0.923398 -0.293796 -0.620029 -0.938447 0.303515 0.16491 -0.246538 0.24145 0.234976 0.941535 0.383942 0.10349 -0.124901 0.986757 0.346442 -0.986997 0.10978 0.117411 -0.510954 -0.122991 -0.986077 -0.111916 0.441462 
1537437956037 0.246663 0.923818 -0.292775 -0.622124 -0.938578 0.302957 0.165195 -0.247238 0.241308 0.234045 0.941803 0.38262 0.108907 -0.123258 0.986381 0.350898 -0.986013 0.112544 0.12293 -0.508567 -0.126163 -0.985972 -0.109277 0.440898 
1537437956132 0.246305 0.924237 -0.291753 -0.62422 -0.938708 0.302398 0.165479 -0.247938 0.241167 0.233113 0.942071 0.381298 0.114326 -0.12163 0.985969 0.355355 -0.98499 0.115316 0.128438 -0.506181 -0.12932 -0.985854 -0.10662 0.440333 
1537437956297 0.245947 0.924654 -0.290731 -0.626315 -0.938838 0.301839 0.165762 -0.248638 0.241026 0.23218 0.942337 0.379976 0.119748 -0.120016 0.985524 0.359811 -0.983928 0.118096 0.133935 -0.503794 -0.13246 -0.985723 -0.103945 0.439769 
1537437956542 0.245589 0.92507 -0.289708 -0.628411 -0.938967 0.30128 0.166044 -0.249338 0.240886 0.231248 0.942602 0.378654 0.12517 -0.118417 0.985043 0.364267 -0.982827 0.120884 0.13942 -0.501407 -0.135585 -0.985578 -0.101252 0.439204 
1537437956795 0.245231 0.925485 -0.288685 -0.630507 -0.939097 0.30072 0.166326 -0.250038 0.240746 0.230315 0.942866 0.377331 0.130592 -0.116833 0.984528 0.368724 -0.981687 0.123679 0.144892 -0.49902 -0.138694 -0.98542 -0.0985417 0.438639 
1537437957041 0.244872 0.925899 -0.287662 -0.632602 -0.939226 0.300159 0.166607 -0.250738 0.240606 0.229382 0.943129 0.376009 0.136016 -0.115264 0.983979 0.37318 -0.980508 0.126483 0.150353 -0.496633 -0.141787 -0.985249 -0.0958135 0.438075 
1537437957302 0.244514 0.926311 -0.286637 -0.634698 -0.939356 0.299599 0.166888 -0.251438 0.240467 0.228448 0.943391 0.374687 0.141441 -0.11371 0.983394 0.377637 -0.97929 0.129293 0.155801 -0.494246 -0.144863 -0.985065 -0.0930674 0.43751 
1537437957587 0.249151 0.92396 -0.290209 -0.63162 -0.938097 0.3047 0.164719 -0.252182 0.240621 0.231204 0.942681 0.376767 0.135397 -0.116651 0.9839 0.371543 -0.981053 0.123106 0.149601 -0.497079 -0.138575 -0.985514 -0.0977725 0.438736 
1537437957604 0.248084 0.923282 -0.293267 -0.632655 -0.9381 0.304499 0.165074 -0.252396 0.241709 0.234162 0.941671 0.376654 0.14133 -0.116567 0.983076 0.373119 -0.980956 0.117157 0.154917 -0.496286 -0.133233 -0.986249 -0.097789 0.439015 
1537437957687 0.247012 0.922593 -0.296321 -0.633694 -0.938103 0.304298 0.165429 -0.252613 0.242793 0.237117 0.940653 0.376541 0.14726 -0.116446 0.982219 0.374696 -0.980796 0.111205 0.16023 -0.495499 -0.127886 -0.986952 -0.0978339 0.439295 
1537437957887 0.245937 0.921896 -0.299371 -0.634733 -0.938105 0.304097 0.165784 -0.252829 0.243874 0.240069 0.939624 0.376428 0.153184 -0.11629 0.981331 0.376274 -0.980571 0.10525 0.165538 -0.494715 -0.122535 -0.987623 -0.0979078 0.439574 
1537437958113 0.244859 0.921188 -0.302418 -0.635771 -0.938106 0.303899 0.16614 -0.253045 0.244951 0.243019 0.938584 0.376315 0.159102 -0.116098 0.980412 0.377851 -0.980283 0.0992922 0.170839 -0.493926 -0.117181 -0.988262 -0.0980109 0.439853 
1537437958329 0.243777 0.920471 -0.305461 -0.63681 -0.938107 0.303701 0.166497 -0.253261 0.246025 0.245967 0.937535 0.376201 0.165014 -0.115869 0.979461 0.379428 -0.979931 0.0933325 0.176135 -0.493141 -0.111824 -0.98887 -0.0981428 0.440133 
1537437958533 0.242692 0.919744 -0.308501 -0.637849 -0.938107 0.303504 0.166855 -0.253478 0.247095 0.248913 0.936476 0.376088 0.17092 -0.115605 0.978479 0.381006 -0.979516 0.087371 0.181424 -0.492355 -0.106464 -0.989445 -0.0983037 0.440412 
1537437958739 0.241603 0.919007 -0.311537 -0.638887 -0.938107 0.303308 0.167213 -0.253694 0.248161 0.251856 0.935406 0.375975 0.176818 -0.115305 0.977466 0.382583 -0.979037 0.0814084 0.186706 -0.491568 -0.101102 -0.989989 -0.0984937 0.440692 
1537437958975 0.24051 0.91826 -0.314569 -0.639925 -0.938106 0.303113 0.167571 -0.25391 0.249224 0.254797 0.934327 0.375862 0.182709 -0.11497 0.976422 0.38416 -0.978495 0.0754449 0.19198 -0.490781 -0.0957379 -0.9905 -0.0987127 0.440971 
1537437959160 0.239414 0.917503 -0.317598 -0.640965 -0.938104 0.302919 0.16793 -0.254126 0.250283 0.257735 0.933237 0.375748 0.188593 -0.114598 0.975346 0.385737 -0.977888 0.0694806 0.197248 -0.489996 -0.0903719 -0.990979 -0.0989605 0.44125 
1537437959406 0.241034 0.918393 -0.313778 -0.639601 -0.938077 0.303357 0.167293 -0.253996 0.248827 0.254024 0.934643 0.375839 0.178987 -0.115913 0.976999 0.383184 -0.979082 0.0766741 0.188465 -0.490875 -0.0967562 -0.990296 -0.0997649 0.440597 
1537437959416 0.239817 0.918406 -0.314673 -0.640205 -0.938237 0.302524 0.167903 -0.25405 0.249399 0.254971 0.934232 0.375908 0.181197 -0.11655 0.976516 0.382892 -0.979058 0.0723221 0.190301 -0.491224 -0.0928033 -0.990548 -0.101005 0.440828 
1537437959464 0.2386 0.918416 -0.315565 -0.640814 -0.938395 0.301692 0.168515 -0.254106 0.24997 0.255917 0.933821 0.375976 0.183412 -0.117177 0.976027 0.382602 -0.979012 0.0679675 0.192133 -0.491579 -0.0888516 -0.990783 -0.102252 0.441059 
1537437959550 0.237382 0.918425 -0.316457 -0.641425 -0.938552 0.300859 0.169128 -0.254163 0.25054 0.256863 0.933408 0.376045 0.185629 -0.117793 0.975534 0.382311 -0.978945 0.0636103 0.193959 -0.491936 -0.0849011 -0.990999 -0.103505 0.44129 
1537437959672 0.236163 0.918432 -0.317347 -0.642034 -0.938707 0.300028 0.169742 -0.25422 0.251109 0.25781 0.932994 0.376113 0.187847 -0.1184 0.975036 0.382021 -0.978857 0.059251 0.195778 -0.492292 -0.080952 -0.991197 -0.104766 0.441522 
1537437959806 0.234943 0.918437 -0.318237 -0.642644 -0.938861 0.299196 0.170356 -0.254276 0.251676 0.258756 0.932579 0.376181 0.190066 -0.118996 0.974533 0.381731 -0.978747 0.0548896 0.197591 -0.492648 -0.0770043 -0.991376 -0.106035 0.441753 
1537437959965 0.233723 0.91844 -0.319125 -0.643253 -0.939014 0.298365 0.170971 -0.254332 0.252242 0.259703 0.932163 0.376249 0.192287 -0.119583 0.974025 0.38144 -0.978615 0.0505261 0.199397 -0.493002 -0.0730582 -0.991538 -0.10731 0.441984 
1537437960105 0.232502 0.918442 -0.320012 -0.643863 -0.939165 0.297534 0.171587 -0.254389 0.252807 0.26065 0.931746 0.376317 0.19451 -0.12016 0.973513 0.38115 -0.978463 0.0461606 0.201197 -0.493358 -0.0691137 -0.991681 -0.108593 0.442215 
1537437960251 0.23128 0.918441 -0.320899 -0.644472 -0.939315 0.296703 0.172203 -0.254445 0.25337 0.261598 0.931327 0.376386 0.196734 -0.120726 0.972996 0.380859 -0.978289 0.0417933 0.20299 -0.493713 -0.0651709 -0.991806 -0.109883 0.442446 
1537437960392 0.230057 0.918438 -0.321784 -0.645082 -0.939464 0.295873 0.172821 -0.254502 0.253932 0.262546 0.930907 0.376454 0.19896 -0.121283 0.972474 0.380569 -0.978093 0.0374241 0.204777 -0.494069 -0.0612299 -0.991912 -0.11118 0.442678 
1537437960545 0.231915 0.918513 -0.320232 -0.644108 -0.939244 0.29709 0.171925 -0.254333 0.253053 0.260904 0.931608 0.376401 0.195528 -0.121244 0.973175 0.381239 -0.978351 0.0444941 0.202111 -0.493021 -0.0678053 -0.991625 -0.109919 0.441976 
1537437960564 0.231324 0.918938 -0.319441 -0.64424 -0.939464 0.296307 0.172072 -0.254383 0.252776 0.260299 0.931852 0.376436 0.19546 -0.122429 0.97304 0.380631 -0.978518 0.0419825 0.201843 -0.493579 -0.0655621 -0.991589 -0.111593 0.442121 
1537437960586 0.230733 0.919361 -0.318649 -0.644376 -0.939684 0.295524 0.172218 -0.254434 0.252499 0.259693 0.932097 0.37647 0.195398 -0.123613 0.972903 0.380024 -0.978678 0.0394708 0.201572 -0.494141 -0.0633181 -0.991545 -0.113264 0.442266 
1537437960632 0.230142 0.919784 -0.317856 -0.644512 -0.939904 0.294741 0.172363 -0.254486 0.252222 0.259086 0.93234 0.376504 0.195337 -0.124796 0.972764 0.379417 -0.978833 0.0369592 0.201297 -0.494702 -0.0610737 -0.991494 -0.114935 0.442411 
1537437960688 0.22955 0.920205 -0.317063 -0.644649 -0.940122 0.293957 0.172508 -0.254538 0.251946 0.258479 0.932584 0.376538 0.19528 -0.12598 0.972623 0.37881 -0.978982 0.0344477 0.201018 -0.495264 -0.0588288 -0.991435 -0.116605 0.442556 
1537437960744 0.228958 0.920626 -0.31627 -0.644786 -0.940341 0.293173 0.172652 -0.25459 0.25167 0.257871 0.932826 0.376572 0.195225 -0.127163 0.97248 0.378203 -0.979125 0.0319363 0.200735 -0.495826 -0.0565834 -0.991368 -0.118274 0.442701 
1537437960808 0.228365 0.921045 -0.315476 -0.644923 -0.940558 0.292389 0.172796 -0.254643 0.251395 0.257263 0.933068 0.376606 0.195173 -0.128346 0.972335 0.377596 -0.979262 0.0294251 0.200447 -0.496388 -0.0543377 -0.991293 -0.119942 0.442846 
1537437960893 0.227772 0.921464 -0.314682 -0.645059 -0.940776 0.291605 0.172939 -0.254694 0.25112 0.256655 0.93331 0.37664 0.195123 -0.129529 0.972188 0.376989 -0.979394 0.0269141 0.200155 -0.496949 -0.0520915 -0.99121 -0.121609 0.442991 
1537437960995 0.227179 0.921881 -0.313888 -0.645197 -0.940992 0.29082 0.173081 -0.254747 0.250845 0.256046 0.933551 0.376674 0.195076 -0.130712 0.972039 0.376382 -0.979521 0.0244032 0.199859 -0.497511 -0.049845 -0.99112 -0.123275 0.443136 
1537437961112 0.226585 0.922297 -0.313094 -0.645333 -0.941209 0.290035 0.173223 -0.254798 0.250571 0.255437 0.933791 0.376708 0.195032 -0.131895 0.971888 0.375775 -0.979641 0.0218927 0.199559 -0.498072 -0.0475981 -0.991022 -0.12494 0.443281 
1537437961237 0.227454 0.921521 -0.314743 -0.645085 -0.940913 0.291254 0.172784 -0.254642 0.250894 0.256845 0.933318 0.376558 0.1965 -0.128949 0.971988 0.377664 -0.979027 0.0285862 0.201716 -0.496175 -0.0537966 -0.991239 -0.120628 0.44274 
1537437961258 0.227904 0.921777 -0.313668 -0.644971 -0.940916 0.291363 0.172581 -0.254629 0.250472 0.255803 0.933718 0.37652 0.195469 -0.1305 0.971988 0.377313 -0.979175 0.0294631 0.20087 -0.496499 -0.0548514 -0.99101 -0.122023 0.442858 
1537437961281 0.228354 0.922031 -0.312591 -0.644859 -0.94092 0.291472 0.172377 -0.254617 0.250048 0.25476 0.934116 0.376482 0.194434 -0.132051 0.971987 0.37696 -0.979321 0.0303429 0.200023 -0.496817 -0.0559061 -0.990778 -0.12342 0.442975 
1537437961336 0.228803 0.922284 -0.311513 -0.644749 -0.940923 0.291581 0.172173 -0.254606 0.249624 0.253716 0.934514 0.376444 0.193396 -0.1336 0.971982 0.376607 -0.979466 0.0312242 0.199177 -0.497134 -0.0569593 -0.990543 -0.124818 0.443092 
1537437961441 0.229252 0.922537 -0.310435 -0.644636 -0.940927 0.29169 0.17197 -0.254594 0.249199 0.252672 0.93491 0.376406 0.192358 -0.135147 0.971974 0.376255 -0.979609 0.0321064 0.198333 -0.497453 -0.0580108 -0.990305 -0.126216 0.44321 
1537437961543 0.229701 0.922787 -0.309357 -0.644525 -0.94093 0.2918 0.171766 -0.254582 0.248774 0.251628 0.935305 0.376368 0.191317 -0.136694 0.971963 0.375902 -0.97975 0.0329902 0.197489 -0.497771 -0.0590608 -0.990064 -0.127614 0.443327 
1537437961662 0.230148 0.923037 -0.308277 -0.644413 -0.940933 0.291909 0.171563 -0.25457 0.248348 0.250583 0.935698 0.37633 0.190274 -0.138239 0.971949 0.375549 -0.979889 0.0338752 0.196647 -0.49809 -0.0601092 -0.989819 -0.129013 0.443444 
1537437961740 0.230595 0.923285 -0.307198 -0.644303 -0.940936 0.292019 0.17136 -0.254558 0.247922 0.249538 0.936091 0.376292 0.18923 -0.139783 0.971932 0.375196 -0.980027 0.0347616 0.195805 -0.498406 -0.0611562 -0.989572 -0.130413 0.443562 
1537437961819 0.231042 0.923532 -0.306118 -0.644191 -0.940939 0.292129 0.171157 -0.254547 0.247495 0.248493 0.936481 0.376254 0.188184 -0.141326 0.971912 0.374844 -0.980162 0.0356492 0.194965 -0.498725 -0.0622015 -0.989321 -0.131814 0.443679 
1537437961893 0.231489 0.923778 -0.305038 -0.64408 -0.940941 0.29224 0.170953 -0.254535 0.247067 0.247449 0.936871 0.376216 0.187135 -0.142868 0.971889 0.374491 -0.980296 0.0365383 0.194125 -0.499042 -0.0632454 -0.989067 -0.133215 0.443796 
1537437962007 0.230314 0.923253 -0.307506 -0.644293 -0.940995 0.291819 0.171375 -0.254595 0.247959 0.249892 0.935987 0.376322 0.190697 -0.138068 0.971891 0.375591 -0.979823 0.0335854 0.197025 -0.497954 -0.0598441 -0.989853 -0.128877 0.443582 
1537437962010 0.231094 0.923358 -0.306603 -0.644014 -0.940936 0.292258 0.170951 -0.254461 0.247456 0.248988 0.93636 0.37636 0.190458 -0.137746 0.971984 0.375427 -0.979839 0.0341791 0.196841 -0.498248 -0.0603355 -0.989878 -0.128459 0.44342 
1537437962040 0.231873 0.923462 -0.305701 -0.64373 -0.940877 0.292697 0.170527 -0.254325 0.246953 0.248086 0.936732 0.376399 0.19022 -0.137423 0.972076 0.375264 -0.979855 0.0347724 0.196658 -0.498544 -0.0608268 -0.989902 -0.128041 0.443258 
1537437962076 0.232652 0.923564 -0.304798 -0.643447 -0.940816 0.293137 0.170104 -0.254189 0.24645 0.247184 0.937103 0.376438 0.189982 -0.137101 0.972168 0.3751 -0.979871 0.0353655 0.196475 -0.498839 -0.0613181 -0.989926 -0.127623 0.443096 
1537437962125 0.233431 0.923666 -0.303894 -0.643163 -0.940756 0.293576 0.169682 -0.254052 0.245945 0.246281 0.937473 0.376477 0.189744 -0.136779 0.97226 0.374937 -0.979886 0.0359586 0.196291 -0.499135 -0.0618095 -0.989949 -0.127205 0.442935 
1537437962191 0.234209 0.923766 -0.30299 -0.642879 -0.940694 0.294017 0.16926 -0.253916 0.24544 0.245379 0.937842 0.376515 0.189507 -0.136456 0.972351 0.374774 -0.979901 0.0365516 0.196108 -0.499431 -0.062301 -0.989972 -0.126787 0.442773 
1537437962283 0.234986 0.923865 -0.302086 -0.642594 -0.940632 0.294457 0.168838 -0.253779 0.244934 0.244477 0.93821 0.376555 0.189269 -0.136133 0.972443 0.37461 -0.979915 0.0371446 0.195923 -0.499727 -0.0627927 -0.989994 -0.126369 0.442611 
1537437962385 0.235763 0.923962 -0.30118 -0.642311 -0.94057 0.294898 0.168416 -0.253643 0.244428 0.243575 0.938577 0.376593 0.189032 -0.13581 0.972534 0.374447 -0.97993 0.0377374 0.195739 -0.500022 -0.0632843 -0.990016 -0.125951 0.442449 
1537437962485 0.236539 0.924059 -0.300274 -0.642026 -0.940506 0.295339 0.167995 -0.253506 0.24392 0.242672 0.938943 0.376632 0.188795 -0.135487 0.972625 0.374284 -0.979943 0.0383303 0.195555 -0.500318 -0.0637761 -0.990037 -0.125533 0.442288 
1537437962521 0.237314 0.924154 -0.299367 -0.641743 -0.940443 0.29578 0.167575 -0.25337 0.243412 0.24177 0.939307 0.376671 0.188558 -0.135164 0.972716 0.37412 -0.979957 0.0389229 0.19537 -0.500613 -0.0642679 -0.990058 -0.125115 0.442126 
1537437962591 0.235075 0.923854 -0.302049 -0.64258 -0.940586 0.294559 0.168919 -0.253683 0.245028 0.244394 0.938207 0.376544 0.189032 -0.136884 0.972384 0.374622 -0.97995 0.03721 0.195741 -0.499577 -0.0629762 -0.989888 -0.127106 0.442494 
1537437962605 0.235661 0.923782 -0.301814 -0.642067 -0.940558 0.294954 0.168382 -0.253478 0.244569 0.244193 0.938379 0.376712 0.188086 -0.138086 0.972397 0.37459 -0.979951 0.0398776 0.19521 -0.499738 -0.0657325 -0.989617 -0.127817 0.442521 
1537437962642 0.236248 0.923708 -0.30158 -0.64155 -0.94053 0.295349 0.167845 -0.253271 0.244111 0.243993 0.938551 0.37688 0.187136 -0.139286 0.972409 0.374557 -0.979944 0.0425465 0.19468 -0.499899 -0.0684888 -0.989338 -0.12853 0.442548 
1537437962720 0.236834 0.923634 -0.301347 -0.641033 -0.940501 0.295745 0.167307 -0.253065 0.243652 0.243793 0.938722 0.377049 0.186183 -0.140483 0.97242 0.374525 -0.979929 0.0452157 0.194153 -0.50006 -0.0712438 -0.98905 -0.129245 0.442575 
1537437962831 0.237421 0.92356 -0.301113 -0.640515 -0.940472 0.296141 0.16677 -0.252858 0.243194 0.243593 0.938893 0.377217 0.185227 -0.141677 0.972429 0.374493 -0.979906 0.0478852 0.193628 -0.50022 -0.0739975 -0.988754 -0.12996 0.442602 
1537437962961 0.238007 0.923485 -0.300878 -0.639997 -0.940443 0.296537 0.166232 -0.25265 0.242735 0.243394 0.939063 0.377386 0.184267 -0.142869 0.972437 0.37446 -0.979875 0.050555 0.193104 -0.500381 -0.0767501 -0.98845 -0.130678 0.442629 
1537437963135 0.238594 0.92341 -0.300644 -0.639479 -0.940413 0.296933 0.165695 -0.252443 0.242275 0.243195 0.939233 0.377555 0.183304 -0.144057 0.972444 0.374428 -0.979836 0.053225 0.192583 -0.500541 -0.0795012 -0.988137 -0.131396 0.442655 
1537437963263 0.23918 0.923335 -0.300408 -0.638963 -0.940382 0.297329 0.165158 -0.252236 0.241816 0.242996 0.939403 0.377723 0.182337 -0.145244 0.972449 0.374395 -0.97979 0.0558953 0.192062 -0.500702 -0.0822512 -0.987816 -0.132116 0.442682 
1537437963355 0.239765 0.92326 -0.300173 -0.638446 -0.940351 0.297725 0.16462 -0.25203 0.241356 0.242797 0.939573 0.377892 0.181368 -0.146427 0.972453 0.374363 -0.979735 0.0585658 0.191544 -0.500863 -0.0849997 -0.987486 -0.132838 0.442709 
1537437963462 0.240351 0.923184 -0.299937 -0.637927 -0.940319 0.298122 0.164083 -0.251822 0.240897 0.242599 0.939742 0.378061 0.180395 -0.147607 0.972456 0.374331 -0.979673 0.0612364 0.191028 -0.501023 -0.0877469 -0.987148 -0.13356 0.442736 
1537437963612 0.238254 0.923698 -0.300028 -0.639035 -0.940562 0.296437 0.165737 -0.251855 0.24203 0.242708 0.939422 0.377773 0.183025 -0.144565 0.972421 0.374432 -0.979692 0.0555713 0.192655 -0.500554 -0.08189 -0.987934 -0.131459 0.442608 
1537437963624 0.238328 0.923561 -0.300391 -0.638445 -0.940386 0.29673 0.16621 -0.251678 0.24264 0.242871 0.939223 0.377982 0.183621 -0.144181 0.972366 0.37455 -0.979698 0.054129 0.193032 -0.500626 -0.0804647 -0.98807 -0.131314 0.44257 
1537437963668 0.238402 0.923423 -0.300756 -0.63785 -0.940209 0.297024 0.166683 -0.251498 0.24325 0.243036 0.939022 0.378192 0.184209 -0.143808 0.97231 0.37467 -0.979701 0.0527193 0.193406 -0.500701 -0.0790729 -0.9882 -0.131178 0.442533 
1537437963738 0.238476 0.923285 -0.30112 -0.637256 -0.940033 0.297318 0.167155 -0.251319 0.24386 0.2432 0.938821 0.378402 0.184795 -0.143435 0.972254 0.37479 -0.979702 0.0513097 0.193781 -0.500775 -0.0776809 -0.988329 -0.131041 0.442496 
1537437963842 0.23855 0.923147 -0.301485 -0.63666 -0.939856 0.297612 0.167627 -0.251139 0.24447 0.243365 0.93862 0.378612 0.185382 -0.14306 0.972197 0.37491 -0.979701 0.0499001 0.194155 -0.50085 -0.0762886 -0.988455 -0.130906 0.442459 
1537437963989 0.238623 0.923009 -0.30185 -0.636065 -0.939678 0.297906 0.168099 -0.250959 0.24508 0.243529 0.938419 0.378822 0.185967 -0.142685 0.972141 0.375029 -0.979697 0.0484907 0.194529 -0.500926 -0.0748962 -0.98858 -0.13077 0.442421 
1537437964137 0.238697 0.922871 -0.302215 -0.635471 -0.9395 0.2982 0.168571 -0.25078 0.245689 0.243693 0.938217 0.379031 0.186552 -0.142309 0.972084 0.375149 -0.979692 0.0470811 0.194905 -0.501 -0.0735034 -0.988702 -0.130636 0.442384 
1537437964249 0.23877 0.922732 -0.302579 -0.634875 -0.939322 0.298494 0.169042 -0.2506 0.246299 0.243857 0.938014 0.379241 0.187136 -0.141932 0.972026 0.375269 -0.979684 0.0456717 0.195279 -0.501075 -0.0721105 -0.988822 -0.130502 0.442347 
1537437964347 0.238842 0.922594 -0.302944 -0.63428 -0.939143 0.298788 0.169514 -0.25042 0.246909 0.244021 0.937811 0.379451 0.18772 -0.141554 0.971969 0.375388 -0.979673 0.0442623 0.195655 -0.50115 -0.0707172 -0.98894 -0.130368 0.44231 
1537437964434 0.238915 0.922455 -0.303309 -0.633684 -0.938965 0.299083 0.169985 -0.25024 0.247518 0.244184 0.937608 0.379661 0.188303 -0.141176 0.971911 0.375508 -0.979661 0.042853 0.196029 -0.501225 -0.0693239 -0.989057 -0.130235 0.442273 
1537437964565 0.238039 0.923086 -0.302075 -0.635019 -0.939634 0.297583 0.168916 -0.250412 0.245816 0.243631 0.938199 0.379173 0.186262 -0.142511 0.97211 0.375031 -0.979765 0.0468319 0.194595 -0.500996 -0.0732576 -0.988685 -0.130904 0.442454 
1537437964584 0.238026 0.923016 -0.3023 -0.634522 -0.939502 0.297746 0.169363 -0.250253 0.246333 0.243698 0.938046 0.379315 0.187441 -0.14202 0.971955 0.37519 -0.979692 0.044698 0.195464 -0.501139 -0.0712043 -0.988854 -0.130758 0.442402 
1537437964606 0.238014 0.922945 -0.302525 -0.63402 -0.939369 0.29791 0.169809 -0.250093 0.24685 0.243765 0.937893 0.379458 0.188619 -0.141526 0.971799 0.375349 -0.979613 0.0425651 0.196335 -0.501285 -0.0691512 -0.989019 -0.130612 0.442351 
1537437964659 0.238002 0.922875 -0.302749 -0.633518 -0.939236 0.298074 0.170256 -0.249932 0.247366 0.243832 0.93774 0.3796 0.189796 -0.14103 0.971642 0.375509 -0.979528 0.0404324 0.197206 -0.50143 -0.0670977 -0.989179 -0.130469 0.442299 
1537437964709 0.237989 0.922804 -0.302974 -0.633016 -0.939103 0.298237 0.170702 -0.249771 0.247883 0.243899 0.937586 0.379743 0.190973 -0.140531 0.971484 0.375669 -0.979438 0.0382999 0.198077 -0.501577 -0.0650437 -0.989335 -0.130327 0.442248 
1537437964783 0.237977 0.922734 -0.303199 -0.632513 -0.93897 0.298401 0.171148 -0.24961 0.248399 0.243966 0.937432 0.379886 0.192147 -0.14003 0.971324 0.375828 -0.979342 0.0361677 0.198948 -0.501723 -0.0629892 -0.989487 -0.130188 0.442196 
1537437964893 0.237964 0.922663 -0.303424 -0.632012 -0.938837 0.298565 0.171594 -0.249449 0.248915 0.244032 0.937278 0.380029 0.193321 -0.139526 0.971164 0.375988 -0.979242 0.0340359 0.199819 -0.501868 -0.0609343 -0.989633 -0.13005 0.442145 
1537437965004 0.237951 0.922592 -0.303649 -0.631509 -0.938703 0.298729 0.17204 -0.249288 0.249431 0.244099 0.937123 0.380172 0.194493 -0.139019 0.971003 0.376148 -0.979135 0.0319042 0.20069 -0.502015 -0.0588789 -0.989776 -0.129914 0.442093 
1537437965106 0.237938 0.922522 -0.303873 -0.631008 -0.938569 0.298893 0.172486 -0.249127 0.249947 0.244165 0.936968 0.380314 0.195664 -0.13851 0.97084 0.376307 -0.979023 0.029773 0.201561 -0.50216 -0.0568231 -0.989913 -0.129779 0.442042 
1537437965202 0.237925 0.922451 -0.304098 -0.630504 -0.938435 0.299057 0.172931 -0.248966 0.250464 0.244232 0.936813 0.380457 0.196834 -0.137999 0.970676 0.376467 -0.978906 0.027642 0.202433 -0.502307 -0.0547669 -0.990047 -0.129647 0.44199 
1537437965344 0.237511 0.922888 -0.303093 -0.63158 -0.938945 0.298079 0.171844 -0.249203 0.248939 0.243773 0.937339 0.380274 0.193721 -0.139478 0.971091 0.376005 -0.979267 0.0322687 0.199987 -0.501797 -0.0592295 -0.989699 -0.130335 0.442165 
1537437965359 0.237545 0.922783 -0.303388 -0.631125 -0.938838 0.298264 0.172111 -0.249054 0.249311 0.243948 0.937195 0.380436 0.194123 -0.138994 0.97108 0.3761 -0.979256 0.0311589 0.200217 -0.50191 -0.0580869 -0.989803 -0.130062 0.442096 
1537437965372 0.23758 0.922677 -0.303683 -0.630665 -0.93873 0.298449 0.172377 -0.248903 0.249682 0.244123 0.93705 0.380599 0.194525 -0.138511 0.971069 0.376195 -0.979243 0.0300488 0.200449 -0.502024 -0.0569438 -0.989905 -0.12979 0.442027 
1537437965410 0.237615 0.922571 -0.303977 -0.630206 -0.938623 0.298633 0.172642 -0.248752 0.250053 0.244298 0.936906 0.380762 0.194926 -0.138027 0.971057 0.376291 -0.979229 0.028939 0.200679 -0.502139 -0.0558006 -0.990006 -0.129519 0.441958 
1537437965451 0.23765 0.922465 -0.304272 -0.629746 -0.938515 0.298818 0.172908 -0.248601 0.250424 0.244472 0.936761 0.380925 0.195327 -0.137542 0.971046 0.376386 -0.979214 0.0278289 0.200912 -0.502253 -0.054657 -0.990105 -0.129248 0.441889 
1537437965505 0.237685 0.922358 -0.304567 -0.629286 -0.938407 0.299003 0.173173 -0.24845 0.250794 0.244647 0.936616 0.381088 0.195727 -0.137057 0.971034 0.376482 -0.979197 0.0267191 0.201144 -0.502368 -0.0535134 -0.990203 -0.128977 0.44182 
1537437965572 0.237719 0.922252 -0.304862 -0.628827 -0.938299 0.299188 0.173439 -0.248299 0.251165 0.244822 0.936471 0.381251 0.196126 -0.136572 0.971022 0.376577 -0.979179 0.0256095 0.201375 -0.502483 -0.0523696 -0.990299 -0.128706 0.441751 
1537437965657 0.237754 0.922146 -0.305157 -0.628366 -0.938191 0.299373 0.173704 -0.248147 0.251536 0.244996 0.936326 0.381414 0.196525 -0.136086 0.971009 0.376673 -0.97916 0.0244996 0.201608 -0.502597 -0.0512255 -0.990394 -0.128435 0.441683 
1537437965751 0.237788 0.922039 -0.305451 -0.627907 -0.938083 0.299558 0.17397 -0.247997 0.251907 0.245171 0.936181 0.381577 0.196923 -0.1356 0.970996 0.376768 -0.979139 0.0233901 0.201841 -0.502711 -0.0500813 -0.990488 -0.128165 0.441614 
1537437965841 0.237822 0.921933 -0.305746 -0.627448 -0.937975 0.299743 0.174235 -0.247846 0.252278 0.245345 0.936035 0.38174 0.197321 -0.135113 0.970984 0.376863 -0.979117 0.0222807 0.202074 -0.502826 -0.0489371 -0.99058 -0.127895 0.441545 
1537437965971 0.237023 0.92264 -0.304229 -0.628684 -0.938518 0.298367 0.17367 -0.248024 0.251006 0.24436 0.936634 0.381395 0.196459 -0.136246 0.971 0.376588 -0.979176 0.0244183 0.201539 -0.502522 -0.0511691 -0.990374 -0.128612 0.441772 
1537437965983 0.236947 0.922517 -0.304661 -0.628311 -0.938337 0.298571 0.174295 -0.247923 0.251753 0.244576 0.936378 0.381505 0.196829 -0.133726 0.971275 0.376634 -0.97925 0.0219407 0.201466 -0.502608 -0.0482518 -0.990775 -0.126633 0.441472 
1537437966019 0.23687 0.922394 -0.305094 -0.627934 -0.938155 0.298776 0.174922 -0.247821 0.252501 0.244792 0.93612 0.381615 0.197192 -0.131205 0.971546 0.376681 -0.979316 0.0194625 0.201397 -0.502697 -0.0453329 -0.991164 -0.124653 0.441173 
1537437966084 0.236793 0.92227 -0.305527 -0.627557 -0.937973 0.29898 0.175548 -0.247718 0.253249 0.245008 0.935861 0.381725 0.197547 -0.128682 0.971811 0.376728 -0.979376 0.0169839 0.201333 -0.502785 -0.042413 -0.991541 -0.122673 0.440873 
1537437966187 0.236716 0.922146 -0.30596 -0.62718 -0.937791 0.299185 0.176174 -0.247616 0.253997 0.245224 0.935602 0.381836 0.197894 -0.126157 0.972071 0.376775 -0.979428 0.0145049 0.201274 -0.502874 -0.039492 -0.991904 -0.120691 0.440573 
1537437966322 0.236639 0.922022 -0.306393 -0.626802 -0.937607 0.29939 0.176799 -0.247513 0.254744 0.245439 0.935342 0.381946 0.198234 -0.123631 0.972326 0.376822 -0.979472 0.0120258 0.20122 -0.502963 -0.03657 -0.992255 -0.118709 0.440274 
1537437966448 0.236561 0.921898 -0.306826 -0.626425 -0.937424 0.299595 0.177425 -0.24741 0.255492 0.245654 0.935082 0.382056 0.198567 -0.121103 0.972577 0.376869 -0.97951 0.00954644 0.201171 -0.503051 -0.0336471 -0.992594 -0.116726 0.439974 
1537437966587 0.236483 0.921774 -0.307259 -0.626047 -0.937239 0.299801 0.17805 -0.247307 0.256239 0.24587 0.934821 0.382167 0.198892 -0.118574 0.972822 0.376916 -0.97954 0.00706683 0.201127 -0.503141 -0.0307232 -0.99292 -0.114743 0.439675 
1537437966714 0.236404 0.92165 -0.307692 -0.62567 -0.937055 0.300006 0.178676 -0.247205 0.256986 0.246084 0.934559 0.382277 0.19921 -0.116044 0.973062 0.376963 -0.979563 0.00458713 0.201088 -0.503229 -0.0277985 -0.993234 -0.112758 0.439375 
1537437966846 0.236325 0.921526 -0.308124 -0.625294 -0.936869 0.300212 0.179301 -0.247102 0.257733 0.246299 0.934297 0.382388 0.19952 -0.113512 0.973297 0.377009 -0.979578 0.0021073 0.201053 -0.503317 -0.0248729 -0.993534 -0.110773 0.439075 
1537437967021 0.236331 0.921833 -0.307199 -0.625856 -0.937229 0.299693 0.178288 -0.247233 0.256418 0.245781 0.934795 0.382298 0.198971 -0.119514 0.972691 0.376833 -0.979521 0.00694351 0.201221 -0.503178 -0.0308026 -0.992808 -0.115685 0.439636 
1537437967034 0.236406 0.921682 -0.307594 -0.625634 -0.93712 0.299926 0.178468 -0.247167 0.256746 0.246062 0.934631 0.382372 0.198569 -0.119272 0.972802 0.376826 -0.979579 0.00779034 0.200908 -0.503235 -0.0315411 -0.992831 -0.11529 0.43959 
1537437967056 0.236481 0.921531 -0.307989 -0.625406 -0.937011 0.30016 0.178646 -0.247098 0.257074 0.246342 0.934467 0.382447 0.198168 -0.119029 0.972914 0.376818 -0.979636 0.00863634 0.200594 -0.50329 -0.0322789 -0.992853 -0.114894 0.439545 
1537437967094 0.236556 0.92138 -0.308383 -0.625179 -0.936902 0.300393 0.178825 -0.247029 0.257402 0.246623 0.934303 0.382522 0.197766 -0.118785 0.973025 0.376811 -0.979693 0.00948245 0.200279 -0.503346 -0.0330169 -0.992875 -0.114498 0.439499 
1537437967151 0.23663 0.921229 -0.308778 -0.624952 -0.936793 0.300627 0.179003 -0.24696 0.25773 0.246903 0.934138 0.382597 0.197365 -0.118542 0.973137 0.376804 -0.979749 0.0103283 0.199964 -0.503402 -0.0337549 -0.992895 -0.114102 0.439453 
1537437967222 0.236705 0.921077 -0.309172 -0.624726 -0.936684 0.30086 0.179182 -0.246892 0.258058 0.247184 0.933973 0.382672 0.196964 -0.118297 0.973248 0.376796 -0.979804 0.0111742 0.199649 -0.503458 -0.0344932 -0.992915 -0.113707 0.439408 
1537437967327 0.236779 0.920926 -0.309567 -0.624498 -0.936575 0.301094 0.17936 -0.246823 0.258386 0.247464 0.933808 0.382747 0.196563 -0.118053 0.973358 0.376789 -0.979858 0.0120199 0.199333 -0.503513 -0.0352315 -0.992935 -0.113312 0.439362 
1537437967444 0.236853 0.920774 -0.309961 -0.624271 -0.936466 0.301328 0.179538 -0.246754 0.258714 0.247744 0.933643 0.382822 0.196162 -0.117808 0.973469 0.376781 -0.979911 0.0128656 0.199018 -0.503569 -0.03597 -0.992953 -0.112917 0.439316 
1537437967540 0.236927 0.920622 -0.310356 -0.624043 -0.936356 0.301561 0.179716 -0.246685 0.259042 0.248024 0.933478 0.382897 0.195762 -0.117562 0.973579 0.376774 -0.979964 0.013711 0.198702 -0.503625 -0.0367086 -0.992971 -0.112523 0.43927 
1537437967591 0.237001 0.92047 -0.31075 -0.623816 -0.936247 0.301795 0.179894 -0.246616 0.25937 0.248304 0.933313 0.382972 0.195361 -0.117317 0.973689 0.376767 -0.980016 0.0145566 0.198385 -0.503681 -0.0374475 -0.992988 -0.112129 0.439225 
1537437967674 0.236726 0.920886 -0.309727 -0.624374 -0.936531 0.30113 0.179531 -0.246749 0.258595 0.247569 0.933723 0.382796 0.197309 -0.117886 0.973228 0.376805 -0.97973 0.0113521 0.200002 -0.503437 -0.0346256 -0.992962 -0.113256 0.439317 
1537437967694 0.237025 0.920774 -0.309829 -0.624169 -0.936518 0.301373 0.179187 -0.246649 0.258365 0.247689 0.933755 0.382857 0.19725 -0.11853 0.973161 0.376805 -0.979727 0.0116498 0.2 -0.503543 -0.0350431 -0.992882 -0.11383 0.439427 
1537437967713 0.237326 0.920662 -0.309932 -0.623957 -0.936506 0.301615 0.178842 -0.246545 0.258134 0.247809 0.933787 0.382918 0.197192 -0.119175 0.973094 0.376806 -0.979723 0.0119469 0.199999 -0.50365 -0.0354603 -0.992801 -0.114403 0.439536 
1537437967736 0.237626 0.92055 -0.310034 -0.623746 -0.936494 0.301858 0.178498 -0.246443 0.257902 0.24793 0.933819 0.38298 0.197134 -0.11982 0.973027 0.376806 -0.97972 0.0122441 0.199997 -0.503756 -0.0358775 -0.99272 -0.114976 0.439646 
1537437967772 0.237926 0.920438 -0.310137 -0.623535 -0.936481 0.3021 0.178153 -0.24634 0.257671 0.24805 0.93385 0.383042 0.197075 -0.120465 0.972959 0.376807 -0.979716 0.0125412 0.199997 -0.503862 -0.0362947 -0.992638 -0.11555 0.439755 
1537437967836 0.238226 0.920326 -0.310239 -0.623326 -0.936468 0.302343 0.177808 -0.246238 0.25744 0.248171 0.933882 0.383103 0.197016 -0.121109 0.972891 0.376807 -0.979713 0.0128385 0.199996 -0.503969 -0.0367118 -0.992556 -0.116123 0.439865 
1537437967900 0.238526 0.920214 -0.310341 -0.623114 -0.936456 0.302585 0.177464 -0.246135 0.257209 0.248291 0.933914 0.383165 0.196957 -0.121754 0.972823 0.376808 -0.979709 0.0131356 0.199995 -0.504075 -0.0371289 -0.992473 -0.116696 0.439975 
1537437967954 0.238826 0.920102 -0.310443 -0.622904 -0.936443 0.302827 0.177119 -0.246032 0.256978 0.248412 0.933945 0.383226 0.196898 -0.122398 0.972754 0.376808 -0.979705 0.0134328 0.199995 -0.504182 -0.0375459 -0.99239 -0.11727 0.440084 
1537437968016 0.239126 0.919989 -0.310545 -0.622693 -0.936429 0.303069 0.176774 -0.245929 0.256747 0.248533 0.933977 0.383288 0.196838 -0.123043 0.972685 0.376809 -0.979701 0.01373 0.199995 -0.504288 -0.0379629 -0.992306 -0.117843 0.440194 
1537437968067 0.239426 0.919877 -0.310647 -0.622483 -0.936416 0.303312 0.176429 -0.245826 0.256516 0.248653 0.934008 0.383349 0.196778 -0.123687 0.972615 0.376809 -0.979697 0.0140272 0.199995 -0.504395 -0.0383798 -0.992222 -0.118416 0.440303 
1537437968188 0.238105 0.920438 -0.31 -0.623096 -0.936468 0.302212 0.178031 -0.245883 0.257552 0.247916 0.933919 0.38324 0.197069 -0.120979 0.972897 0.376741 -0.979697 0.0129921 0.200062 -0.503886 -0.0368433 -0.99257 -0.115963 0.439702 
1537437968202 0.238396 0.920401 -0.309885 -0.622842 -0.936437 0.302424 0.177835 -0.245783 0.257396 0.247793 0.933995 0.383305 0.196867 -0.121076 0.972925 0.376719 -0.97967 0.0147664 0.200069 -0.504058 -0.0385903 -0.992533 -0.115708 0.439668 
1537437968223 0.238687 0.920365 -0.30977 -0.622582 -0.936406 0.302635 0.177638 -0.24568 0.257239 0.247671 0.93407 0.383371 0.196665 -0.121174 0.972954 0.376696 -0.979641 0.0165399 0.200077 -0.504231 -0.0403366 -0.992494 -0.115454 0.439634 
1537437968249 0.238977 0.920328 -0.309656 -0.622321 -0.936375 0.302847 0.177441 -0.245577 0.257082 0.24755 0.934145 0.383437 0.196463 -0.121271 0.972983 0.376674 -0.979608 0.0183133 0.200083 -0.504403 -0.0420828 -0.992451 -0.1152 0.439601 
1537437968274 0.239268 0.920291 -0.309541 -0.622063 -0.936344 0.303058 0.177245 -0.245475 0.256926 0.247428 0.934221 0.383503 0.196261 -0.121367 0.973012 0.376651 -0.979572 0.0200867 0.20009 -0.504576 -0.0438289 -0.992404 -0.114946 0.439567 
1537437968311 0.239559 0.920254 -0.309426 -0.621803 -0.936313 0.30327 0.177048 -0.245372 0.256769 0.247306 0.934296 0.38357 0.196059 -0.121463 0.97304 0.376629 -0.979532 0.0218599 0.200096 -0.504748 -0.0455749 -0.992355 -0.114691 0.439533 
1537437968358 0.239849 0.920217 -0.309312 -0.621543 -0.936281 0.303481 0.176851 -0.245269 0.256612 0.247185 0.934371 0.383636 0.195856 -0.121559 0.973069 0.376607 -0.97949 0.0236332 0.200101 -0.504921 -0.0473208 -0.992303 -0.114437 0.439499 
1537437968403 0.24014 0.92018 -0.309196 -0.621284 -0.93625 0.303693 0.176654 -0.245167 0.256454 0.247063 0.934447 0.383702 0.195654 -0.121655 0.973098 0.376584 -0.979445 0.0254063 0.200106 -0.505093 -0.0490666 -0.992247 -0.114183 0.439465 
1537437968462 0.24043 0.920142 -0.309082 -0.621023 -0.936218 0.303904 0.176458 -0.245063 0.256297 0.246942 0.934522 0.383768 0.195451 -0.12175 0.973127 0.376562 -0.979396 0.0271793 0.20011 -0.505266 -0.0508123 -0.992189 -0.113929 0.439432 
1537437968470 0.240721 0.920105 -0.308967 -0.620764 -0.936187 0.304116 0.176261 -0.244961 0.25614 0.246821 0.934597 0.383834 0.195248 -0.121844 0.973156 0.376539 -0.979345 0.0289522 0.200115 -0.505438 -0.0525579 -0.992127 -0.113675 0.439398 
1537437968591 0.239519 0.920249 -0.30947 -0.621912 -0.936316 0.303248 0.17707 -0.245424 0.256795 0.24735 0.934277 0.383559 0.196219 -0.121986 0.972943 0.376648 -0.979563 0.0203549 0.200106 -0.504669 -0.0442144 -0.992323 -0.115499 0.439594 
1537437968605 0.23979 0.920254 -0.309246 -0.621488 -0.936273 0.303436 0.176976 -0.245261 0.256699 0.247101 0.93437 0.383676 0.196262 -0.123378 0.972758 0.376655 -0.979524 0.0207314 0.200257 -0.504915 -0.0448739 -0.992143 -0.116783 0.439765 
1537437968628 0.240063 0.920258 -0.309022 -0.621058 -0.936229 0.303626 0.17688 -0.245095 0.256603 0.246853 0.934462 0.383795 0.196308 -0.124768 0.972572 0.376663 -0.979485 0.0211077 0.200411 -0.505162 -0.0455336 -0.991961 -0.118065 0.439935 
1537437968666 0.240336 0.920262 -0.308798 -0.620629 -0.936186 0.303815 0.176785 -0.244929 0.256506 0.246605 0.934554 0.383913 0.19635 -0.126158 0.972384 0.376671 -0.979445 0.0214841 0.200564 -0.50541 -0.0461936 -0.991777 -0.119347 0.440106 
1537437968708 0.240609 0.920266 -0.308574 -0.6202 -0.936142 0.304005 0.176689 -0.244764 0.256409 0.246356 0.934646 0.384031 0.196393 -0.127548 0.972194 0.376678 -0.979405 0.0218601 0.200718 -0.505657 -0.0468534 -0.991591 -0.120628 0.440277 
1537437968782 0.240881 0.92027 -0.30835 -0.619772 -0.936098 0.304195 0.176594 -0.244599 0.256313 0.246108 0.934738 0.384149 0.196434 -0.128938 0.972002 0.376686 -0.979365 0.0222361 0.200872 -0.505905 -0.0475135 -0.991403 -0.121909 0.440447 
1537437968857 0.241154 0.920273 -0.308126 -0.619342 -0.936055 0.304385 0.176498 -0.244433 0.256216 0.24586 0.93483 0.384267 0.196475 -0.130327 0.971809 0.376694 -0.979325 0.0226117 0.201027 -0.506153 -0.0481735 -0.991213 -0.12319 0.440618 
1537437968954 0.241427 0.920277 -0.307902 -0.618914 -0.936011 0.304574 0.176403 -0.244267 0.256119 0.245611 0.934921 0.384385 0.196515 -0.131716 0.971614 0.376701 -0.979284 0.0229872 0.201182 -0.5064 -0.0488336 -0.991021 -0.124471 0.440789 
1537437969036 0.241699 0.92028 -0.307678 -0.618484 -0.935967 0.304764 0.176308 -0.244101 0.256022 0.245363 0.935013 0.384504 0.196554 -0.133105 0.971416 0.376709 -0.979243 0.0233621 0.201339 -0.506647 -0.0494936 -0.990826 -0.125751 0.440959 
1537437969112 0.241972 0.920283 -0.307454 -0.618056 -0.935923 0.304954 0.176212 -0.243936 0.255925 0.245115 0.935105 0.384622 0.196591 -0.134494 0.971217 0.376717 -0.979202 0.0237372 0.201495 -0.506895 -0.0501539 -0.99063 -0.127031 0.44113 
1537437969245 0.240752 0.920513 -0.307723 -0.619205 -0.936173 0.303912 0.176684 -0.244106 0.256161 0.245545 0.934927 0.384335 0.196652 -0.130056 0.971809 0.376588 -0.979284 0.0227436 0.201208 -0.506102 -0.0482708 -0.991246 -0.122889 0.440782 
1537437969268 0.241052 0.920477 -0.307596 -0.618764 -0.936154 0.304116 0.176432 -0.243926 0.255946 0.245428 0.935017 0.384456 0.196456 -0.130188 0.971831 0.376591 -0.979342 0.0223669 0.200971 -0.506274 -0.0479008 -0.991237 -0.123104 0.440784 
1537437969294 0.241353 0.920441 -0.307469 -0.618319 -0.936136 0.30432 0.176179 -0.243744 0.255731 0.245312 0.935106 0.384577 0.19626 -0.13032 0.971853 0.376595 -0.979399 0.02199 0.200733 -0.506446 -0.0475306 -0.991228 -0.123319 0.440785 
1537437969328 0.241654 0.920404 -0.307343 -0.617874 -0.936117 0.304524 0.175926 -0.243561 0.255516 0.245195 0.935195 0.384699 0.196065 -0.130452 0.971875 0.376599 -0.979456 0.0216132 0.200495 -0.506618 -0.0471603 -0.991219 -0.123534 0.440787 
1537437969362 0.241954 0.920368 -0.307216 -0.617428 -0.936098 0.304729 0.175673 -0.243379 0.255301 0.24508 0.935285 0.384821 0.195869 -0.130584 0.971897 0.376602 -0.979513 0.0212363 0.200258 -0.50679 -0.0467899 -0.99121 -0.123749 0.440789 
1537437969414 0.242255 0.920331 -0.307089 -0.616984 -0.936079 0.304933 0.17542 -0.243197 0.255086 0.244963 0.935374 0.384942 0.195674 -0.130716 0.971918 0.376606 -0.97957 0.0208596 0.20002 -0.506962 -0.0464196 -0.9912 -0.123964 0.44079 
