1534969213824 -0.278566 0.895689 -0.346616 -0.451103 -0.955825 -0.293799 0.00896728 -0.28239 -0.0938033 0.333802 0.937964 0.381573 0.16008 -0.304787 0.938871 0.370831 -0.775623 0.549475 0.310623 -0.528794 -0.61056 -0.777934 -0.14844 0.432481 
1534969213836 -0.226088 0.911781 -0.342841 -0.466282 -0.972488 -0.231551 0.0255042 -0.277803 -0.0561309 0.339175 0.939047 0.382829 0.316241 -0.38488 0.867098 0.400864 -0.930001 -0.306251 0.203246 -0.504429 0.187325 -0.870677 -0.454788 0.485926 
1534969214711 -0.172624 0.924456 -0.339974 -0.48146 -0.98482 -0.168358 0.0422522 -0.273217 -0.0181769 0.342107 0.939485 0.384085 0.316241 -0.38488 0.867098 0.400864 -0.930001 -0.306251 0.203246 -0.504429 0.187325 -0.870677 -0.454788 0.485926 
1534969215571 -0.118414 0.933657 -0.338028 -0.496638 -0.992765 -0.104501 0.0591366 -0.26863 0.0198892 0.342585 0.939276 0.385341 0.316241 -0.38488 0.867098 0.400864 -0.930001 -0.306251 0.203246 -0.504429 0.187325 -0.870677 -0.454788 0.485926 
1534969216422 -0.0636981 0.939343 -0.337012 -0.511815 -0.996288 -0.0402634 0.0760818 -0.264043 0.0578977 0.340608 0.938421 0.386597 0.316241 -0.38488 0.867098 0.400864 -0.930001 -0.306251 0.203246 -0.504429 0.187325 -0.870677 -0.454788 0.485926 
1534969217265 -0.00871967 0.941489 -0.336931 -0.526992 -0.995374 0.0240677 0.0930126 -0.259455 0.0956795 0.336184 0.936924 0.387854 0.316241 -0.38488 0.867098 0.400864 -0.930001 -0.306251 0.203246 -0.504429 0.187325 -0.870677 -0.454788 0.485926 
1534969218100 0.0462763 0.940085 -0.337785 -0.542168 -0.990026 0.0882065 0.109854 -0.254867 0.133066 0.329333 0.934791 0.38911 0.316241 -0.38488 0.867098 0.400864 -0.930001 -0.306251 0.203246 -0.504429 0.187325 -0.870677 -0.454788 0.485926 
1534969218930 0.101045 0.935137 -0.33957 -0.557342 -0.980269 0.151867 0.12653 -0.250278 0.169892 0.320085 0.932031 0.390367 0.316241 -0.38488 0.867098 0.400864 -0.930001 -0.306251 0.203246 -0.504429 0.187325 -0.870677 -0.454788 0.485926 
1534969219748 0.155343 0.926668 -0.342279 -0.572515 -0.966145 0.214767 0.142967 -0.245688 0.205993 0.308482 0.928658 0.391624 0.316241 -0.38488 0.867098 0.400864 -0.930001 -0.306251 0.203246 -0.504429 0.187325 -0.870677 -0.454788 0.485926 
1534969220561 0.209 0.914663 -0.345992 -0.587088 -0.947705 0.276706 0.159028 -0.240788 0.241195 0.294662 0.924662 0.392995 0.316531 -0.385118 0.866887 0.401814 -0.929976 -0.306103 0.20358 -0.50615 0.186955 -0.870623 -0.455042 0.486735 
1534969221389 0.208124 0.914928 -0.34582 -0.586776 -0.948191 0.275496 0.158226 -0.240944 0.240038 0.294972 0.924864 0.392912 0.316531 -0.385118 0.866887 0.401814 -0.929976 -0.306103 0.20358 -0.50615 0.186955 -0.870623 -0.455042 0.486735 
1534969221399 0.213517 0.913527 -0.346236 -0.588387 -0.946075 0.28173 0.159906 -0.240502 0.243623 0.293423 0.924419 0.393034 0.316221 -0.384863 0.867113 0.400797 -0.930002 -0.306262 0.203223 -0.504308 0.187351 -0.87068 -0.45477 0.485869 
1534969221406 0.218898 0.91209 -0.346662 -0.589998 -0.943916 0.287949 0.161582 -0.24006 0.247198 0.29185 0.923968 0.393156 0.316221 -0.384863 0.867113 0.400797 -0.930002 -0.306262 0.203223 -0.504308 0.187351 -0.87068 -0.45477 0.485869 
1534969221761 0.224269 0.910619 -0.347097 -0.591609 -0.941712 0.294153 0.163255 -0.239618 0.250763 0.290253 0.92351 0.393278 0.316221 -0.384863 0.867113 0.400797 -0.930002 -0.306262 0.203223 -0.504308 0.187351 -0.87068 -0.45477 0.485869 
1534969222014 0.229629 0.909112 -0.347542 -0.59322 -0.939465 0.300344 0.164923 -0.239176 0.254315 0.288633 0.923047 0.3934 0.316221 -0.384863 0.867113 0.400797 -0.930002 -0.306262 0.203223 -0.504308 0.187351 -0.87068 -0.45477 0.485869 
1534969222274 0.234979 0.90757 -0.347997 -0.594831 -0.937174 0.306519 0.166586 -0.238734 0.257856 0.28699 0.922576 0.393522 0.316221 -0.384863 0.867113 0.400797 -0.930002 -0.306262 0.203223 -0.504308 0.187351 -0.87068 -0.45477 0.485869 
1534969222528 0.240317 0.905993 -0.348461 -0.596441 -0.93484 0.312679 0.168246 -0.238292 0.261386 0.285322 0.9221 0.393645 0.316221 -0.384863 0.867113 0.400797 -0.930002 -0.306262 0.203223 -0.504308 0.187351 -0.87068 -0.45477 0.485869 
1534969222784 0.245644 0.90438 -0.348934 -0.598052 -0.932462 0.318824 0.1699 -0.237849 0.264903 0.283633 0.921618 0.393767 0.316221 -0.384863 0.867113 0.400797 -0.930002 -0.306262 0.203223 -0.504308 0.187351 -0.87068 -0.45477 0.485869 
1534969223039 0.25096 0.902733 -0.349417 -0.599663 -0.930041 0.324953 0.171551 -0.237407 0.268408 0.28192 0.921129 0.393889 0.316221 -0.384863 0.867113 0.400797 -0.930002 -0.306262 0.203223 -0.504308 0.187351 -0.87068 -0.45477 0.485869 
1534969223296 0.256264 0.901051 -0.349909 -0.601274 -0.927577 0.331066 0.173196 -0.236965 0.271902 0.280184 0.920634 0.394011 0.316221 -0.384863 0.867113 0.400797 -0.930002 -0.306262 0.203223 -0.504308 0.187351 -0.87068 -0.45477 0.485869 
1534969223560 0.255295 0.901365 -0.349808 -0.600977 -0.92807 0.329907 0.172764 -0.237075 0.271127 0.28054 0.920754 0.393957 0.316221 -0.384863 0.867113 0.400797 -0.930002 -0.306262 0.203223 -0.504308 0.187351 -0.87068 -0.45477 0.485869 
1534969223572 0.255921 0.90116 -0.34988 -0.601164 -0.927762 0.330646 0.173004 -0.237018 0.271591 0.28033 0.920681 0.393979 0.31622 -0.384863 0.867113 0.400795 -0.930002 -0.306262 0.203222 -0.504304 0.187352 -0.87068 -0.454769 0.485867 
1534969223588 0.256545 0.900954 -0.349952 -0.601355 -0.927454 0.331383 0.173245 -0.236963 0.272054 0.280119 0.920608 0.394001 0.31622 -0.384863 0.867113 0.400795 -0.930002 -0.306262 0.203222 -0.504304 0.187351 -0.87068 -0.454769 0.485867 
1534969223605 0.257168 0.900748 -0.350024 -0.601546 -0.927145 0.33212 0.173486 -0.236908 0.272517 0.279908 0.920535 0.394023 0.31622 -0.384863 0.867113 0.400795 -0.930002 -0.306262 0.203222 -0.504304 0.187351 -0.87068 -0.454769 0.485867 
1534969223622 0.257792 0.900542 -0.350097 -0.601737 -0.926836 0.332857 0.173727 -0.236853 0.27298 0.279697 0.920462 0.394045 0.31622 -0.384863 0.867113 0.400795 -0.930002 -0.306262 0.203222 -0.504304 0.187351 -0.87068 -0.454769 0.485867 
1534969223772 0.258415 0.900335 -0.35017 -0.601927 -0.926526 0.333594 0.173967 -0.236798 0.273443 0.279486 0.920389 0.394066 0.31622 -0.384863 0.867113 0.400795 -0.930002 -0.306262 0.203222 -0.504304 0.187351 -0.87068 -0.454769 0.485867 
1534969223812 0.259038 0.900127 -0.350243 -0.602119 -0.926215 0.33433 0.174208 -0.236744 0.273906 0.279274 0.920316 0.394088 0.31622 -0.384863 0.867113 0.400795 -0.930002 -0.306262 0.203222 -0.504304 0.187351 -0.87068 -0.454769 0.485867 
1534969223886 0.259661 0.899919 -0.350316 -0.602309 -0.925904 0.335067 0.174448 -0.236688 0.274368 0.279061 0.920243 0.39411 0.31622 -0.384863 0.867113 0.400795 -0.930002 -0.306262 0.203222 -0.504304 0.187351 -0.87068 -0.454769 0.485867 
1534969223933 0.260283 0.899711 -0.350389 -0.602501 -0.925592 0.335802 0.174689 -0.236634 0.274831 0.278849 0.920169 0.394131 0.31622 -0.384863 0.867113 0.400795 -0.930002 -0.306262 0.203222 -0.504304 0.187351 -0.87068 -0.454769 0.485867 
1534969224008 0.260906 0.899502 -0.350462 -0.602691 -0.925279 0.336538 0.174929 -0.236579 0.275293 0.278636 0.920096 0.394153 0.31622 -0.384863 0.867113 0.400795 -0.930002 -0.306262 0.203222 -0.504304 0.187351 -0.87068 -0.454769 0.485867 
1534969224046 0.259918 0.899841 -0.350327 -0.602356 -0.925812 0.335329 0.174431 -0.236695 0.274435 0.278999 0.920242 0.394114 0.31622 -0.384863 0.867113 0.400795 -0.930002 -0.306262 0.203222 -0.504304 0.187351 -0.87068 -0.454769 0.485867 
1534969224059 0.260089 0.899782 -0.350353 -0.602404 -0.925722 0.335537 0.17451 -0.236676 0.274577 0.278941 0.920217 0.394122 0.31622 -0.384863 0.867113 0.400795 -0.930002 -0.306262 0.203222 -0.504304 0.187351 -0.87068 -0.454769 0.485867 
1534969224076 0.26026 0.899722 -0.350378 -0.602455 -0.925631 0.335745 0.17459 -0.236656 0.27472 0.278882 0.920192 0.394129 0.31622 -0.384863 0.867113 0.400795 -0.930002 -0.306262 0.203222 -0.504304 0.187351 -0.87068 -0.454769 0.485867 
1534969224093 0.260431 0.899663 -0.350402 -0.602508 -0.925541 0.335953 0.17467 -0.236637 0.274863 0.278822 0.920168 0.394137 0.31622 -0.384863 0.867113 0.400795 -0.930002 -0.306262 0.203222 -0.504304 0.187351 -0.87068 -0.454769 0.485867 
1534969224110 0.260602 0.899604 -0.350426 -0.60256 -0.92545 0.33616 0.17475 -0.236618 0.275005 0.278762 0.920143 0.394144 0.31622 -0.384863 0.867113 0.400795 -0.930002 -0.306262 0.203222 -0.504304 0.187351 -0.87068 -0.454769 0.485867 
1534969224126 0.260773 0.899545 -0.35045 -0.602613 -0.92536 0.336368 0.17483 -0.236599 0.275148 0.278702 0.920119 0.394152 0.31622 -0.384863 0.867113 0.400795 -0.930002 -0.306262 0.203222 -0.504304 0.187351 -0.87068 -0.454769 0.485867 
1534969224143 0.260944 0.899486 -0.350475 -0.602664 -0.925269 0.336576 0.17491 -0.23658 0.275291 0.278642 0.920094 0.394159 0.31622 -0.384863 0.867113 0.400795 -0.930002 -0.306262 0.203222 -0.504304 0.187351 -0.87068 -0.454769 0.485867 
1534969224160 0.261115 0.899427 -0.3505 -0.602716 -0.925179 0.336783 0.17499 -0.236561 0.275433 0.278582 0.92007 0.394167 0.31622 -0.384863 0.867113 0.400795 -0.930002 -0.306262 0.203222 -0.504304 0.187351 -0.87068 -0.454769 0.485867 
1534969224176 0.261286 0.899368 -0.350524 -0.602769 -0.925088 0.33699 0.17507 -0.236543 0.275576 0.278522 0.920045 0.394174 0.31622 -0.384863 0.867113 0.400795 -0.930002 -0.306262 0.203222 -0.504304 0.187351 -0.87068 -0.454769 0.485867 
1534969224193 0.261456 0.899309 -0.350548 -0.602821 -0.924997 0.337198 0.17515 -0.236524 0.275718 0.278462 0.920021 0.394181 0.31622 -0.384863 0.867113 0.400795 -0.930002 -0.306262 0.203222 -0.504304 0.187351 -0.87068 -0.454769 0.485867 
1534969224223 0.260588 0.89961 -0.350422 -0.602567 -0.925438 0.336163 0.174812 -0.236636 0.275062 0.27874 0.920133 0.394175 0.31622 -0.384863 0.867113 0.400795 -0.930002 -0.306262 0.203222 -0.504304 0.187351 -0.87068 -0.454769 0.485867 
1534969224236 0.260876 0.89987 -0.349538 -0.602617 -0.925517 0.336099 0.174515 -0.236582 0.274521 0.277977 0.920526 0.394084 0.31622 -0.384863 0.867113 0.400795 -0.930002 -0.306262 0.203222 -0.504304 0.187351 -0.87068 -0.454769 0.485867 
1534969224253 0.261165 0.90013 -0.348653 -0.602672 -0.925596 0.336035 0.174219 -0.236531 0.27398 0.277211 0.920917 0.393993 0.31622 -0.384863 0.867113 0.400795 -0.930002 -0.306262 0.203222 -0.504304 0.187351 -0.87068 -0.45477 0.485867 
1534969224396 0.261453 0.900389 -0.347766 -0.602726 -0.925675 0.335972 0.173923 -0.236479 0.273438 0.276446 0.921308 0.393902 0.31622 -0.384863 0.867113 0.400795 -0.930002 -0.306262 0.203222 -0.504304 0.187351 -0.87068 -0.45477 0.485867 
1534969224452 0.261741 0.900648 -0.34688 -0.602781 -0.925753 0.335908 0.173627 -0.236428 0.272897 0.27568 0.921698 0.39381 0.31622 -0.384863 0.867113 0.400795 -0.930002 -0.306262 0.203222 -0.504304 0.187351 -0.87068 -0.45477 0.485867 
1534969224551 0.262028 0.900905 -0.345993 -0.602834 -0.925832 0.335845 0.173331 -0.236376 0.272355 0.274914 0.922087 0.393719 0.31622 -0.384863 0.867113 0.400795 -0.930002 -0.306262 0.203222 -0.504304 0.187351 -0.87068 -0.45477 0.485867 
1534969224623 0.262314 0.901162 -0.345106 -0.602889 -0.92591 0.335783 0.173034 -0.236325 0.271813 0.274147 0.922476 0.393627 0.31622 -0.384863 0.867113 0.400795 -0.930002 -0.306262 0.203222 -0.504304 0.187351 -0.87068 -0.45477 0.485867 
1534969224716 0.2626 0.901418 -0.344218 -0.602943 -0.925988 0.33572 0.172738 -0.236273 0.27127 0.273381 0.922863 0.393536 0.31622 -0.384863 0.867113 0.400795 -0.930002 -0.306262 0.203222 -0.504304 0.187351 -0.87068 -0.45477 0.485867 
1534969224783 0.262886 0.901674 -0.34333 -0.602998 -0.926066 0.335658 0.172441 -0.236222 0.270727 0.272614 0.923249 0.393444 0.31622 -0.384863 0.867113 0.400795 -0.930002 -0.306262 0.203222 -0.504304 0.187351 -0.87068 -0.45477 0.485867 
1534969224880 0.263171 0.901928 -0.342442 -0.603052 -0.926143 0.335596 0.172145 -0.23617 0.270184 0.271847 0.923634 0.393353 0.31622 -0.384863 0.867113 0.400795 -0.930002 -0.306262 0.203222 -0.504304 0.187351 -0.87068 -0.45477 0.485867 
1534969224967 0.262909 0.901637 -0.343408 -0.602967 -0.926048 0.335706 0.172445 -0.236298 0.270767 0.272675 0.923219 0.393463 0.31622 -0.384863 0.867113 0.400795 -0.930002 -0.306262 0.203222 -0.504304 0.187351 -0.87068 -0.45477 0.485867 
1534969224980 0.263019 0.901957 -0.342483 -0.603007 -0.92613 0.335518 0.172368 -0.23628 0.270378 0.271848 0.923577 0.393408 0.31622 -0.384863 0.867113 0.400795 -0.930002 -0.306262 0.203222 -0.504304 0.187351 -0.87068 -0.45477 0.485867 
1534969224997 0.263129 0.902276 -0.341557 -0.603049 -0.926212 0.33533 0.172292 -0.236264 0.269989 0.27102 0.923934 0.393353 0.31622 -0.384863 0.867113 0.400795 -0.930002 -0.306262 0.203222 -0.504304 0.187351 -0.87068 -0.45477 0.485867 
1534969225055 0.263238 0.902595 -0.34063 -0.603095 -0.926295 0.335142 0.172215 -0.236248 0.2696 0.270191 0.924291 0.393298 0.31622 -0.384863 0.867113 0.400795 -0.930002 -0.306262 0.203222 -0.504304 0.187351 -0.87068 -0.45477 0.485867 
1534969225155 0.263346 0.902912 -0.339704 -0.603137 -0.926377 0.334954 0.172138 -0.236232 0.26921 0.269362 0.924646 0.393243 0.31622 -0.384863 0.867113 0.400795 -0.930002 -0.306262 0.203222 -0.504304 0.187351 -0.87068 -0.45477 0.485867 
1534969225230 0.263455 0.903229 -0.338776 -0.603181 -0.92646 0.334766 0.17206 -0.236216 0.268821 0.268532 0.925 0.393187 0.31622 -0.384863 0.867113 0.400795 -0.930002 -0.306262 0.203222 -0.504304 0.187351 -0.87068 -0.45477 0.485867 
1534969225319 0.263563 0.903545 -0.337849 -0.603224 -0.926542 0.334578 0.171983 -0.2362 0.268431 0.267703 0.925354 0.393132 0.31622 -0.384863 0.867113 0.400795 -0.930002 -0.306262 0.203222 -0.504304 0.187351 -0.87068 -0.45477 0.485867 
1534969225388 0.26367 0.90386 -0.336921 -0.603269 -0.926624 0.33439 0.171905 -0.236185 0.268041 0.266873 0.925707 0.393077 0.31622 -0.384863 0.867113 0.400795 -0.930002 -0.306262 0.203222 -0.504304 0.187351 -0.87068 -0.45477 0.485867 
1534969225478 0.263777 0.904174 -0.335992 -0.603312 -0.926706 0.334202 0.171827 -0.236168 0.267651 0.266042 0.926059 0.393021 0.31622 -0.384863 0.867113 0.400795 -0.930002 -0.306262 0.203222 -0.504304 0.187351 -0.87068 -0.45477 0.485867 
1534969225559 0.263884 0.904488 -0.335064 -0.603357 -0.926789 0.334014 0.171749 -0.236153 0.267261 0.265211 0.92641 0.392966 0.31622 -0.384863 0.867113 0.400795 -0.930002 -0.306262 0.203222 -0.504304 0.187351 -0.87068 -0.45477 0.485867 
1534969225657 0.263594 0.904195 -0.33608 -0.603327 -0.926738 0.334067 0.171919 -0.23611 0.267722 0.266141 0.92601 0.392999 0.31622 -0.384863 0.867113 0.400795 -0.930002 -0.306262 0.203222 -0.504304 0.187351 -0.87068 -0.45477 0.485867 
1534969225668 0.26357 0.904285 -0.335856 -0.603329 -0.926779 0.333967 0.171891 -0.236106 0.267603 0.265959 0.926096 0.392999 0.31622 -0.384863 0.867113 0.400795 -0.930002 -0.306262 0.203222 -0.504304 0.187351 -0.87068 -0.45477 0.485867 
1534969225685 0.263545 0.904376 -0.33563 -0.603335 -0.92682 0.333867 0.171864 -0.236104 0.267485 0.265775 0.926183 0.392999 0.31622 -0.384863 0.867113 0.400795 -0.930002 -0.306262 0.203222 -0.504304 0.187351 -0.87068 -0.45477 0.485867 
1534969225701 0.26352 0.904467 -0.335405 -0.603341 -0.926861 0.333767 0.171836 -0.236102 0.267368 0.265592 0.92627 0.392999 0.31622 -0.384863 0.867113 0.400795 -0.930002 -0.306262 0.203222 -0.504304 0.187351 -0.87068 -0.45477 0.485867 
1534969225718 0.263496 0.904558 -0.33518 -0.603347 -0.926902 0.333668 0.171809 -0.236101 0.26725 0.265408 0.926356 0.392998 0.31622 -0.384863 0.867113 0.400795 -0.930002 -0.306262 0.203222 -0.504304 0.187351 -0.87068 -0.45477 0.485867 
1534969225735 0.263471 0.904648 -0.334955 -0.603352 -0.926943 0.333568 0.171782 -0.236098 0.267132 0.265225 0.926443 0.392998 0.31622 -0.384863 0.867113 0.400795 -0.930002 -0.306262 0.203222 -0.504304 0.187351 -0.87068 -0.45477 0.485867 
1534969225751 0.263446 0.904739 -0.334729 -0.603358 -0.926984 0.333468 0.171755 -0.236097 0.267015 0.265041 0.926529 0.392997 0.31622 -0.384863 0.867113 0.400795 -0.930002 -0.306262 0.203222 -0.504304 0.187351 -0.87068 -0.45477 0.485867 
1534969225768 0.263421 0.904829 -0.334504 -0.603363 -0.927025 0.333368 0.171727 -0.236094 0.266897 0.264857 0.926616 0.392997 0.31622 -0.384863 0.867113 0.400795 -0.930002 -0.306262 0.203222 -0.504304 0.187351 -0.87068 -0.45477 0.485867 
1534969225784 0.263396 0.90492 -0.334279 -0.603369 -0.927066 0.333268 0.1717 -0.236092 0.266779 0.264674 0.926702 0.392997 0.31622 -0.384863 0.867113 0.400795 -0.930002 -0.306262 0.203222 -0.504304 0.187351 -0.87068 -0.45477 0.485867 
1534969225802 0.263371 0.90501 -0.334053 -0.603375 -0.927107 0.333168 0.171673 -0.236091 0.266662 0.26449 0.926788 0.392996 0.31622 -0.384863 0.867113 0.400795 -0.930002 -0.306262 0.203222 -0.504304 0.187351 -0.87068 -0.45477 0.485867 
1534969225900 0.263407 0.904646 -0.335011 -0.603359 -0.926954 0.333526 0.171805 -0.23608 0.267158 0.265285 0.926418 0.393004 0.31622 -0.384863 0.867113 0.400795 -0.930002 -0.306262 0.203222 -0.504304 0.187351 -0.87068 -0.45477 0.485867 
1534969225913 0.265058 0.904205 -0.3349 -0.603443 -0.926513 0.335028 0.171259 -0.236025 0.267054 0.264896 0.92656 0.392962 0.31622 -0.384863 0.867113 0.400795 -0.930002 -0.306262 0.203222 -0.504304 0.187351 -0.87068 -0.45477 0.485867 
1534969226069 0.266709 0.903761 -0.334789 -0.603522 -0.926069 0.336531 0.170712 -0.235968 0.26695 0.264507 0.926701 0.392921 0.31622 -0.384863 0.867113 0.400795 -0.930002 -0.306262 0.203222 -0.504304 0.187351 -0.87068 -0.45477 0.485867 
1534969226225 0.268359 0.903314 -0.334677 -0.603601 -0.925623 0.338033 0.170166 -0.23591 0.266845 0.264119 0.926841 0.39288 0.31622 -0.384863 0.867113 0.400795 -0.930002 -0.306262 0.203222 -0.504304 0.187351 -0.87068 -0.45477 0.485867 
1534969226380 0.270008 0.902864 -0.334564 -0.60368 -0.925173 0.339534 0.16962 -0.235853 0.26674 0.26373 0.926982 0.392838 0.31622 -0.384863 0.867113 0.400795 -0.930002 -0.306262 0.203222 -0.504304 0.187351 -0.87068 -0.45477 0.485867 
1534969226540 0.271656 0.902411 -0.334449 -0.60376 -0.924721 0.341034 0.169075 -0.235796 0.266634 0.263342 0.927123 0.392797 0.31622 -0.384863 0.867113 0.400795 -0.930002 -0.306262 0.203222 -0.504304 0.187351 -0.87068 -0.45477 0.485867 
1534969226698 0.273304 0.901956 -0.334335 -0.603839 -0.924266 0.342534 0.168529 -0.235738 0.266527 0.262955 0.927264 0.392756 0.31622 -0.384863 0.867113 0.400795 -0.930002 -0.306262 0.203222 -0.504304 0.187351 -0.87068 -0.45477 0.485867 
1534969226852 0.274951 0.901499 -0.334219 -0.603919 -0.923809 0.344033 0.167984 -0.235681 0.26642 0.262567 0.927405 0.392715 0.31622 -0.384863 0.867113 0.400795 -0.930002 -0.306262 0.203222 -0.504304 0.187351 -0.87068 -0.45477 0.485867 
1534969227015 0.276597 0.901038 -0.334102 -0.603997 -0.923348 0.345531 0.167439 -0.235624 0.266312 0.262179 0.927545 0.392674 0.31622 -0.384863 0.867113 0.400795 -0.930002 -0.306262 0.203222 -0.504304 0.187351 -0.87068 -0.45477 0.485867 
1534969227171 0.278242 0.900575 -0.333984 -0.604077 -0.922885 0.347029 0.166894 -0.235566 0.266203 0.261792 0.927686 0.392632 0.31622 -0.384863 0.867113 0.400795 -0.930002 -0.306262 0.203222 -0.504304 0.187351 -0.87068 -0.45477 0.485867 
1534969227339 0.277544 0.900777 -0.33402 -0.604025 -0.923094 0.346379 0.167089 -0.235673 0.266207 0.261957 0.927638 0.392695 0.31622 -0.384863 0.867113 0.400795 -0.930002 -0.306262 0.203222 -0.504304 0.187351 -0.87068 -0.45477 0.485867 
1534969227352 0.279373 0.900197 -0.334059 -0.604144 -0.922478 0.348173 0.166763 -0.235633 0.266431 0.261573 0.927682 0.392619 0.31622 -0.384863 0.867113 0.400795 -0.930002 -0.306262 0.203222 -0.504304 0.187351 -0.87068 -0.45477 0.485867 
1534969227480 0.281203 0.899612 -0.334099 -0.604259 -0.921857 0.349968 0.166437 -0.23559 0.266652 0.261189 0.927727 0.392544 0.31622 -0.384863 0.867113 0.400795 -0.930002 -0.306262 0.203222 -0.504304 0.187351 -0.87068 -0.45477 0.485867 
1534969227637 0.283032 0.899024 -0.334138 -0.604374 -0.921234 0.351761 0.16611 -0.235548 0.266874 0.260805 0.927771 0.392468 0.31622 -0.384863 0.867113 0.400795 -0.930002 -0.306262 0.203222 -0.504304 0.187351 -0.87068 -0.45477 0.485867 
1534969227792 0.284859 0.898433 -0.334177 -0.604489 -0.920606 0.353553 0.165783 -0.235505 0.267094 0.26042 0.927816 0.392393 0.31622 -0.384863 0.867113 0.400795 -0.930002 -0.306262 0.203222 -0.504304 0.187351 -0.87068 -0.45477 0.485867 
1534969227951 0.286685 0.897838 -0.334214 -0.604605 -0.919975 0.355344 0.165456 -0.235463 0.267314 0.260035 0.92786 0.392318 0.31622 -0.384863 0.867113 0.400795 -0.930002 -0.306262 0.203222 -0.504304 0.187351 -0.87068 -0.45477 0.485867 
1534969228117 0.28851 0.897239 -0.334252 -0.604719 -0.919341 0.357134 0.165129 -0.23542 0.267533 0.25965 0.927905 0.392242 0.31622 -0.384863 0.867113 0.400795 -0.930002 -0.306262 0.203222 -0.504304 0.187351 -0.87068 -0.45477 0.485867 
1534969228276 0.290334 0.896637 -0.334288 -0.604834 -0.918703 0.358922 0.164802 -0.235378 0.267751 0.259264 0.92795 0.392167 0.31622 -0.384863 0.867113 0.400795 -0.930002 -0.306262 0.203222 -0.504304 0.187351 -0.87068 -0.45477 0.485867 
1534969228437 0.292157 0.896031 -0.334324 -0.60495 -0.918062 0.360709 0.164475 -0.235336 0.267969 0.258877 0.927995 0.392092 0.31622 -0.384863 0.867113 0.400795 -0.930002 -0.306262 0.203222 -0.504304 0.187351 -0.87068 -0.45477 0.485867 
1534969228605 0.293979 0.895422 -0.33436 -0.605064 -0.917417 0.362495 0.164148 -0.235293 0.268185 0.258491 0.92804 0.392017 0.31622 -0.384863 0.867113 0.400795 -0.930002 -0.306262 0.203222 -0.504304 0.187351 -0.87068 -0.45477 0.485867 
1534969228776 0.293136 0.895722 -0.334295 -0.605 -0.917715 0.36166 0.164321 -0.235319 0.268087 0.258619 0.928033 0.392071 0.31622 -0.384863 0.867113 0.400795 -0.930002 -0.306262 0.203222 -0.504304 0.187351 -0.87068 -0.45477 0.485867 
1534969228787 0.295178 0.89509 -0.33419 -0.605173 -0.916982 0.363643 0.164039 -0.235313 0.268356 0.258026 0.928121 0.391969 0.31622 -0.384863 0.867113 0.400795 -0.930002 -0.306262 0.203222 -0.504304 0.187351 -0.87068 -0.45477 0.485867 
1534969228896 0.297219 0.894454 -0.334087 -0.605343 -0.916243 0.365625 0.163759 -0.235304 0.268625 0.257432 0.928208 0.391868 0.31622 -0.384863 0.867113 0.400795 -0.930002 -0.306262 0.203222 -0.504304 0.187351 -0.87068 -0.45477 0.485867 
1534969229044 0.299258 0.893812 -0.333982 -0.605512 -0.915501 0.367605 0.163478 -0.235295 0.268892 0.256839 0.928295 0.391768 0.31622 -0.384863 0.867113 0.400795 -0.930002 -0.306262 0.203222 -0.504304 0.187351 -0.87068 -0.45477 0.485867 
1534969229207 0.301297 0.893167 -0.333877 -0.605682 -0.914754 0.369584 0.163198 -0.235286 0.269158 0.256244 0.928382 0.391667 0.31622 -0.384863 0.867113 0.400795 -0.930002 -0.306262 0.203222 -0.504304 0.187351 -0.87068 -0.45477 0.485867 
1534969229214 0.303333 0.892517 -0.333771 -0.605852 -0.914002 0.371561 0.162918 -0.235278 0.269423 0.255649 0.928469 0.391566 0.31622 -0.384863 0.867113 0.400795 -0.930002 -0.306262 0.203222 -0.504304 0.187351 -0.87068 -0.45477 0.485867 
1534969229440 0.305368 0.891862 -0.333664 -0.606021 -0.913247 0.373537 0.162638 -0.235269 0.269687 0.255053 0.928556 0.391465 0.31622 -0.384863 0.867113 0.400795 -0.930002 -0.306262 0.203222 -0.504304 0.187351 -0.87068 -0.45477 0.485867 
1534969229598 0.307402 0.891203 -0.333557 -0.606191 -0.912486 0.375511 0.162359 -0.23526 0.269949 0.254457 0.928644 0.391364 0.31622 -0.384863 0.867113 0.400795 -0.930002 -0.306262 0.203222 -0.504304 0.187351 -0.87068 -0.45477 0.485867 
1534969229604 0.309434 0.89054 -0.333449 -0.606361 -0.911722 0.377483 0.16208 -0.235252 0.27021 0.25386 0.928731 0.391263 0.31622 -0.384863 0.867113 0.400795 -0.930002 -0.306262 0.203222 -0.504304 0.187351 -0.87068 -0.45477 0.485867 
1534969229825 0.311465 0.889872 -0.333341 -0.606529 -0.910953 0.379453 0.161801 -0.235243 0.270469 0.253263 0.928819 0.391162 0.31622 -0.384863 0.867113 0.400795 -0.930002 -0.306262 0.203222 -0.504304 0.187351 -0.87068 -0.45477 0.485867 
1534969229989 0.310569 0.890147 -0.333446 -0.606432 -0.911298 0.37859 0.161884 -0.235278 0.27034 0.253592 0.928767 0.391167 0.31622 -0.384863 0.867113 0.400795 -0.930002 -0.306262 0.203222 -0.504304 0.187351 -0.87068 -0.45477 0.485867 
1534969230002 0.312683 0.889469 -0.333278 -0.606657 -0.910479 0.380646 0.16167 -0.235287 0.270661 0.252891 0.928864 0.391065 0.31622 -0.384863 0.867113 0.400795 -0.930002 -0.306262 0.203222 -0.504304 0.187351 -0.87068 -0.45477 0.485867 
1534969230129 0.314797 0.888787 -0.333108 -0.606883 -0.909655 0.3827 0.161456 -0.235293 0.27098 0.252188 0.928962 0.390963 0.31622 -0.384863 0.867113 0.400795 -0.930002 -0.306262 0.203222 -0.504304 0.187351 -0.87068 -0.45477 0.485867 
1534969230285 0.316908 0.8881 -0.332939 -0.607108 -0.908827 0.384753 0.161242 -0.235301 0.271298 0.251485 0.92906 0.390861 0.31622 -0.384863 0.867113 0.400795 -0.930002 -0.306262 0.203222 -0.504304 0.187351 -0.87068 -0.45477 0.485867 
1534969230441 0.319018 0.887408 -0.332769 -0.607333 -0.907994 0.386803 0.161029 -0.235309 0.271614 0.250781 0.929158 0.390759 0.31622 -0.384863 0.867113 0.400795 -0.930002 -0.306262 0.203222 -0.504304 0.187351 -0.87068 -0.45477 0.485867 
1534969230598 0.321127 0.886711 -0.332598 -0.60756 -0.907156 0.388852 0.160816 -0.235314 0.271929 0.250076 0.929256 0.390657 0.31622 -0.384863 0.867113 0.400795 -0.930002 -0.306262 0.203222 -0.504304 0.187351 -0.87068 -0.45477 0.485867 
1534969230754 0.323234 0.886009 -0.332427 -0.607785 -0.906314 0.390899 0.160603 -0.235321 0.272241 0.24937 0.929354 0.390555 0.31622 -0.384863 0.867113 0.400795 -0.930002 -0.306262 0.203222 -0.504304 0.187351 -0.87068 -0.45477 0.485867 
1534969230910 0.325339 0.885303 -0.332255 -0.608011 -0.905466 0.392944 0.160391 -0.235329 0.272553 0.248664 0.929452 0.390453 0.31622 -0.384863 0.867113 0.400795 -0.930002 -0.306262 0.203222 -0.504304 0.187351 -0.87068 -0.45477 0.485867 
1534969231067 0.327442 0.884592 -0.332083 -0.608236 -0.904615 0.394987 0.16018 -0.235336 0.272862 0.247957 0.92955 0.390351 0.31622 -0.384863 0.867113 0.400795 -0.930002 -0.306262 0.203222 -0.504304 0.187351 -0.87068 -0.45477 0.485867 
1534969231232 0.329544 0.883876 -0.33191 -0.608461 -0.903758 0.397028 0.159969 -0.235343 0.27317 0.24725 0.929648 0.390249 0.31622 -0.384863 0.867113 0.400795 -0.930002 -0.306262 0.203222 -0.504304 0.187351 -0.87068 -0.45477 0.485867 
1534969231399 0.328515 0.884187 -0.332102 -0.608344 -0.904178 0.396048 0.160025 -0.23535 0.273021 0.247709 0.92957 0.390254 0.31622 -0.384863 0.867113 0.400795 -0.930002 -0.306262 0.203222 -0.504304 0.187351 -0.87068 -0.45477 0.485867 
1534969231412 0.330533 0.883478 -0.331987 -0.608567 -0.903354 0.398016 0.159796 -0.235362 0.273312 0.247084 0.92965 0.390135 0.31622 -0.384863 0.867113 0.400795 -0.930002 -0.306262 0.203222 -0.504304 0.187351 -0.87068 -0.45477 0.485867 
1534969231528 0.332549 0.882764 -0.331872 -0.608792 -0.902526 0.399982 0.159567 -0.235373 0.273603 0.24646 0.929731 0.390015 0.31622 -0.384863 0.867113 0.400795 -0.930002 -0.306262 0.203222 -0.504304 0.187351 -0.87068 -0.45477 0.485867 
1534969231677 0.334563 0.882046 -0.331757 -0.609016 -0.901693 0.401946 0.159338 -0.235384 0.273892 0.245834 0.929811 0.389896 0.31622 -0.384863 0.867113 0.400795 -0.930002 -0.306262 0.203222 -0.504304 0.187351 -0.87068 -0.45477 0.485867 
1534969231836 0.336576 0.881323 -0.331641 -0.60924 -0.900856 0.403908 0.15911 -0.235396 0.27418 0.245208 0.929892 0.389777 0.31622 -0.384863 0.867113 0.400795 -0.930002 -0.306262 0.203222 -0.504304 0.187351 -0.87068 -0.45477 0.485867 
1534969231998 0.338588 0.880596 -0.331524 -0.609465 -0.900015 0.405869 0.158882 -0.235406 0.274466 0.244581 0.929972 0.389657 0.31622 -0.384863 0.867113 0.400795 -0.930002 -0.306262 0.203222 -0.504304 0.187351 -0.87068 -0.45477 0.485867 
1534969232157 0.340598 0.879865 -0.331407 -0.609689 -0.899169 0.407828 0.158654 -0.235417 0.274751 0.243954 0.930053 0.389538 0.31622 -0.384863 0.867113 0.400795 -0.930002 -0.306262 0.203222 -0.504304 0.187351 -0.87068 -0.45477 0.485867 
1534969232314 0.342606 0.87913 -0.331289 -0.609913 -0.898319 0.409785 0.158427 -0.235428 0.275035 0.243326 0.930134 0.389418 0.31622 -0.384863 0.867113 0.400795 -0.930002 -0.306262 0.203222 -0.504304 0.187351 -0.87068 -0.45477 0.485867 
1534969232469 0.344612 0.87839 -0.331171 -0.610137 -0.897465 0.41174 0.158199 -0.235439 0.275317 0.242697 0.930214 0.389299 0.31622 -0.384863 0.867113 0.400795 -0.930002 -0.306262 0.203222 -0.504304 0.187351 -0.87068 -0.45477 0.485867 
1534969232475 0.346617 0.877645 -0.331053 -0.610361 -0.896606 0.413693 0.157973 -0.23545 0.275598 0.242068 0.930295 0.38918 0.31622 -0.384863 0.867113 0.400795 -0.930002 -0.306262 0.203222 -0.504304 0.187351 -0.87068 -0.45477 0.485867 
1534969232704 0.34566 0.877959 -0.33122 -0.610231 -0.896963 0.412828 0.158208 -0.235481 0.275637 0.242406 0.930195 0.38927 0.31622 -0.384863 0.867113 0.400795 -0.930002 -0.306262 0.203222 -0.504304 0.187351 -0.87068 -0.45477 0.485867 
1534969232717 0.347816 0.877074 -0.331308 -0.610468 -0.89602 0.414982 0.157917 -0.235491 0.275992 0.241932 0.930214 0.389162 0.31622 -0.384863 0.867113 0.400795 -0.930002 -0.306262 0.203222 -0.504304 0.187351 -0.87068 -0.45477 0.485867 
1534969232855 0.349971 0.876184 -0.331394 -0.610704 -0.895072 0.417133 0.157626 -0.235499 0.276345 0.241457 0.930232 0.389054 0.31622 -0.384863 0.867113 0.400795 -0.930002 -0.306262 0.203222 -0.504304 0.187351 -0.87068 -0.45477 0.485867 
1534969233028 0.352123 0.875288 -0.331481 -0.61094 -0.894118 0.419283 0.157335 -0.235506 0.276698 0.240981 0.930251 0.388947 0.31622 -0.384863 0.867113 0.400795 -0.930002 -0.306262 0.203222 -0.504304 0.187351 -0.87068 -0.45477 0.485867 
1534969233198 0.354274 0.874388 -0.331566 -0.611174 -0.893159 0.42143 0.157044 -0.235513 0.277049 0.240505 0.930269 0.38884 0.31622 -0.384863 0.867113 0.400795 -0.930002 -0.306262 0.203222 -0.504304 0.187351 -0.87068 -0.45477 0.485867 
1534969233369 0.356422 0.873482 -0.331651 -0.61141 -0.892195 0.423575 0.156753 -0.235521 0.2774 0.240027 0.930288 0.388732 0.31622 -0.384863 0.867113 0.400795 -0.930002 -0.306262 0.203222 -0.504304 0.187351 -0.87068 -0.45477 0.485867 
1534969233536 0.358569 0.872571 -0.331735 -0.611644 -0.891226 0.425718 0.156461 -0.235528 0.277749 0.239549 0.930307 0.388625 0.31622 -0.384863 0.867113 0.400795 -0.930002 -0.306262 0.203222 -0.504304 0.187351 -0.87068 -0.45477 0.485867 
1534969233700 0.360713 0.871655 -0.331819 -0.61188 -0.890252 0.427858 0.156169 -0.235536 0.278097 0.23907 0.930327 0.388517 0.31622 -0.384863 0.867113 0.400795 -0.930002 -0.306262 0.203222 -0.504304 0.187351 -0.87068 -0.45477 0.485867 
1534969233861 0.362854 0.870734 -0.331901 -0.612115 -0.889273 0.429996 0.155877 -0.235544 0.278444 0.23859 0.930346 0.38841 0.31622 -0.384863 0.867113 0.400795 -0.930002 -0.306262 0.203222 -0.504304 0.187351 -0.87068 -0.45477 0.485867 
1534969234033 0.364994 0.869808 -0.331983 -0.612349 -0.888288 0.432132 0.155585 -0.235551 0.278789 0.238109 0.930366 0.388303 0.31622 -0.384863 0.867113 0.400795 -0.930002 -0.306262 0.203222 -0.504304 0.187351 -0.87068 -0.45477 0.485867 
1534969234209 0.364008 0.870255 -0.331896 -0.612228 -0.888788 0.4311 0.155591 -0.23554 0.278484 0.238348 0.930396 0.38837 0.31622 -0.384863 0.867113 0.400795 -0.930002 -0.306262 0.203222 -0.504304 0.187351 -0.87068 -0.45477 0.485867 
1534969234221 0.365924 0.869382 -0.332075 -0.612418 -0.887835 0.43309 0.155508 -0.23555 0.279014 0.237924 0.930346 0.388282 0.31622 -0.384863 0.867113 0.400795 -0.930002 -0.306262 0.203222 -0.504304 0.187351 -0.87068 -0.45477 0.485867 
1534969234356 0.367839 0.868506 -0.332254 -0.612604 -0.886877 0.435078 0.155422 -0.235557 0.279541 0.237498 0.930296 0.388195 0.31622 -0.384863 0.867113 0.400795 -0.930002 -0.306262 0.203222 -0.504304 0.187351 -0.87068 -0.45477 0.485867 
1534969234517 0.369751 0.867625 -0.332433 -0.61279 -0.885915 0.437063 0.155337 -0.235565 0.280068 0.237072 0.930247 0.388108 0.31622 -0.384863 0.867113 0.400795 -0.930002 -0.306262 0.203222 -0.504304 0.187351 -0.87068 -0.45477 0.485867 
1534969234673 0.371661 0.86674 -0.332612 -0.612976 -0.884949 0.439047 0.155251 -0.235572 0.280594 0.236644 0.930197 0.388022 0.31622 -0.384863 0.867113 0.400795 -0.930002 -0.306262 0.203222 -0.504304 0.187351 -0.87068 -0.45477 0.485867 
1534969234832 0.37357 0.86585 -0.33279 -0.613161 -0.883978 0.441028 0.155164 -0.235579 0.281119 0.236215 0.930148 0.387935 0.31622 -0.384863 0.867113 0.400795 -0.930002 -0.306262 0.203222 -0.504304 0.187351 -0.87068 -0.45477 0.485867 
1534969234838 0.375476 0.864957 -0.332969 -0.613347 -0.883004 0.443008 0.155077 -0.235587 0.281643 0.235785 0.930098 0.387848 0.31622 -0.384863 0.867113 0.400795 -0.930002 -0.306262 0.203222 -0.504304 0.187351 -0.87068 -0.45477 0.485867 
1534969235065 0.37738 0.864059 -0.333147 -0.613532 -0.882024 0.444985 0.15499 -0.235594 0.282166 0.235353 0.930049 0.387761 0.31622 -0.384863 0.867113 0.400795 -0.930002 -0.306262 0.203222 -0.504304 0.187351 -0.87068 -0.45477 0.485867 
1534969235228 0.379283 0.863157 -0.333325 -0.613719 -0.88104 0.44696 0.154903 -0.235602 0.282688 0.234921 0.93 0.387674 0.31622 -0.384863 0.867113 0.400795 -0.930002 -0.306262 0.203222 -0.504304 0.187351 -0.87068 -0.45477 0.485867 
1534969235396 0.381183 0.86225 -0.333503 -0.613905 -0.880052 0.448932 0.154815 -0.23561 0.283209 0.234487 0.929951 0.387587 0.31622 -0.384863 0.867113 0.400795 -0.930002 -0.306262 0.203222 -0.504304 0.187351 -0.87068 -0.45477 0.485867 
1534969235560 0.380408 0.862654 -0.333343 -0.613802 -0.880505 0.448071 0.154734 -0.235675 0.282843 0.234648 0.930021 0.387654 0.31622 -0.384863 0.867113 0.400795 -0.930002 -0.306262 0.203222 -0.504304 0.187351 -0.87068 -0.45477 0.485867 
1534969235573 0.382351 0.861803 -0.333323 -0.614005 -0.879588 0.449973 0.154435 -0.235681 0.283078 0.234138 0.930078 0.387531 0.31622 -0.384863 0.867113 0.400795 -0.930002 -0.306262 0.203222 -0.504304 0.187351 -0.87068 -0.45477 0.485867 
1534969235692 0.384293 0.860947 -0.333302 -0.614207 -0.878666 0.451873 0.154135 -0.235684 0.283312 0.233628 0.930136 0.387409 0.31622 -0.384863 0.867113 0.400795 -0.930002 -0.306262 0.203222 -0.504304 0.187351 -0.87068 -0.45477 0.485867 
1534969235840 0.386233 0.860086 -0.33328 -0.614408 -0.877739 0.453771 0.153835 -0.235686 0.283544 0.233117 0.930193 0.387287 0.31622 -0.384863 0.867113 0.400795 -0.930002 -0.306262 0.203222 -0.504304 0.187351 -0.87068 -0.45477 0.485867 
1534969235998 0.388172 0.859222 -0.333258 -0.614608 -0.876809 0.455668 0.153535 -0.235689 0.283776 0.232605 0.930251 0.387165 0.31622 -0.384863 0.867113 0.400795 -0.930002 -0.306262 0.203222 -0.504304 0.187351 -0.87068 -0.45477 0.485867 
1534969236155 0.390108 0.858353 -0.333235 -0.61481 -0.875874 0.457562 0.153236 -0.235692 0.284006 0.232093 0.930308 0.387042 0.31622 -0.384863 0.867113 0.400795 -0.930002 -0.306262 0.203222 -0.504304 0.187351 -0.87068 -0.45477 0.485867 
1534969236315 0.392043 0.85748 -0.333211 -0.615009 -0.874936 0.459454 0.152936 -0.235694 0.284235 0.231581 0.930366 0.386921 0.31622 -0.384863 0.867113 0.400795 -0.930002 -0.306262 0.203222 -0.504304 0.187351 -0.87068 -0.45477 0.485867 
1534969236473 0.393976 0.856603 -0.333187 -0.61521 -0.873993 0.461344 0.152637 -0.235697 0.284463 0.231068 0.930424 0.386798 0.31622 -0.384863 0.867113 0.400795 -0.930002 -0.306262 0.203222 -0.504304 0.187351 -0.87068 -0.45477 0.485867 
1534969236641 0.395907 0.855722 -0.333162 -0.61541 -0.873046 0.463232 0.152337 -0.2357 0.28469 0.230555 0.930482 0.386676 0.31622 -0.384863 0.867113 0.400795 -0.930002 -0.306262 0.203222 -0.504304 0.187351 -0.87068 -0.45477 0.485867 
1534969236797 0.397836 0.854837 -0.333137 -0.615611 -0.872095 0.465118 0.152038 -0.235703 0.284915 0.230041 0.93054 0.386554 0.31622 -0.384863 0.867113 0.400795 -0.930002 -0.306262 0.203222 -0.504304 0.187351 -0.87068 -0.45477 0.485867 
1534969236955 0.396794 0.85531 -0.333165 -0.615524 -0.872575 0.464129 0.152303 -0.235624 0.284898 0.230279 0.930486 0.386608 0.31622 -0.384863 0.867113 0.400795 -0.930002 -0.306262 0.203222 -0.504304 0.187351 -0.87068 -0.45477 0.485867 
1534969236968 0.398687 0.854414 -0.333204 -0.615714 -0.871569 0.466049 0.152204 -0.235668 0.285335 0.229728 0.930489 0.386469 0.31622 -0.384863 0.867113 0.400795 -0.930002 -0.306262 0.203222 -0.504304 0.187351 -0.87068 -0.45477 0.485867 
1534969237047 0.400579 0.853514 -0.333243 -0.615904 -0.870559 0.467966 0.152104 -0.235709 0.285769 0.229178 0.930491 0.38633 0.31622 -0.384863 0.867113 0.400795 -0.930002 -0.306262 0.203222 -0.504304 0.187351 -0.87068 -0.45477 0.485867 
1534969237179 0.402468 0.852609 -0.333282 -0.616094 -0.869544 0.46988 0.152004 -0.235751 0.286202 0.228626 0.930494 0.386191 0.31622 -0.384863 0.867113 0.400795 -0.930002 -0.306262 0.203222 -0.504304 0.187351 -0.87068 -0.45477 0.485867 
1534969237332 0.404356 0.8517 -0.33332 -0.616283 -0.868526 0.471793 0.151903 -0.235791 0.286634 0.228074 0.930496 0.386052 0.31622 -0.384863 0.867113 0.400795 -0.930002 -0.306262 0.203222 -0.504304 0.187351 -0.87068 -0.45477 0.485867 
1534969237492 0.406242 0.850788 -0.333358 -0.616473 -0.867503 0.473703 0.151803 -0.235833 0.287065 0.227521 0.930499 0.385914 0.31622 -0.384863 0.867113 0.400795 -0.930002 -0.306262 0.203222 -0.504304 0.187351 -0.87068 -0.45477 0.485867 
1534969237647 0.408125 0.849871 -0.333396 -0.616662 -0.866476 0.475611 0.151702 -0.235875 0.287494 0.226966 0.930502 0.385775 0.31622 -0.384863 0.867113 0.400795 -0.930002 -0.306262 0.203222 -0.504304 0.187351 -0.87068 -0.45477 0.485867 
1534969237799 0.410007 0.84895 -0.333435 -0.616851 -0.865445 0.477517 0.151601 -0.235915 0.287923 0.226411 0.930504 0.385636 0.31622 -0.384863 0.867113 0.400795 -0.930002 -0.306262 0.203222 -0.504304 0.187351 -0.87068 -0.45477 0.485867 
1534969237959 0.411887 0.848024 -0.333472 -0.61704 -0.864409 0.47942 0.151501 -0.235956 0.28835 0.225855 0.930507 0.385497 0.31622 -0.384863 0.867113 0.400795 -0.930002 -0.306262 0.203222 -0.504304 0.187351 -0.87068 -0.45477 0.485867 
1534969238111 0.413764 0.847095 -0.33351 -0.61723 -0.86337 0.481321 0.1514 -0.235998 0.288776 0.225298 0.93051 0.385359 0.31622 -0.384863 0.867113 0.400795 -0.930002 -0.306262 0.203222 -0.504304 0.187351 -0.87068 -0.45477 0.485867 
1534969238275 0.412714 0.847628 -0.333458 -0.617139 -0.863976 0.480234 0.151396 -0.235918 0.288465 0.225617 0.93053 0.385404 0.31622 -0.384863 0.867113 0.400795 -0.930002 -0.306262 0.203222 -0.504304 0.187351 -0.87068 -0.45477 0.485867 
1534969238289 0.414727 0.846734 -0.333233 -0.617341 -0.862954 0.48215 0.151133 -0.235952 0.288638 0.224885 0.930653 0.385229 0.31622 -0.384863 0.867113 0.400795 -0.930002 -0.306262 0.203222 -0.504304 0.187351 -0.87068 -0.45477 0.485867 
1534969238372 0.416739 0.845834 -0.333007 -0.617546 -0.861927 0.484065 0.15087 -0.235984 0.288808 0.224154 0.930776 0.385054 0.31622 -0.384863 0.867113 0.400795 -0.930002 -0.306262 0.203222 -0.504304 0.187351 -0.87068 -0.45477 0.485867 
1534969238511 0.418748 0.84493 -0.33278 -0.617751 -0.860896 0.485978 0.150608 -0.236016 0.288977 0.223423 0.9309 0.384879 0.31622 -0.384863 0.867113 0.400795 -0.930002 -0.306262 0.203222 -0.504304 0.187351 -0.87068 -0.45477 0.485867 
1534969238667 0.420756 0.844022 -0.332552 -0.617955 -0.859861 0.487889 0.150346 -0.236049 0.289144 0.22269 0.931024 0.384704 0.31622 -0.384863 0.867113 0.400795 -0.930002 -0.306262 0.203222 -0.504304 0.187351 -0.87068 -0.45477 0.485867 
1534969238823 0.422761 0.84311 -0.332324 -0.618161 -0.858821 0.489797 0.150085 -0.236082 0.28931 0.221957 0.931147 0.384529 0.31622 -0.384863 0.867113 0.400795 -0.930002 -0.306262 0.203222 -0.504304 0.187351 -0.87068 -0.45477 0.485867 
1534969238980 0.424764 0.842192 -0.332096 -0.618367 -0.857776 0.491704 0.149824 -0.236115 0.289473 0.221224 0.931271 0.384353 0.31622 -0.384863 0.867113 0.400795 -0.930002 -0.306262 0.203222 -0.504304 0.187351 -0.87068 -0.45477 0.485867 
1534969239141 0.426765 0.841271 -0.331866 -0.618571 -0.856728 0.493607 0.149564 -0.236148 0.289635 0.22049 0.931394 0.384178 0.31622 -0.384863 0.867113 0.400795 -0.930002 -0.306262 0.203222 -0.504304 0.187351 -0.87068 -0.45477 0.485867 
