0.275657 -0.8825 0.381061 -0.604483 0.633204 0.464965 0.618757 -0.181741 -0.723233 0.0707247 0.686973 0.426588 -0.0149508 -0.9944 -0.104623 0.355943 -0.155917 0.105673 -0.982101 -0.491666 0.987657 0.00162931 -0.156624 0.441188 
0.25636 -0.939187 0.228488 0.190522 -0.09544 -0.259828 -0.960927 -0.632759 0.961858 0.224537 -0.156246 0.522991 -0.0149988 -0.994428 -0.104349 0.359019 -0.15563 0.105411 -0.982175 -0.491665 0.987702 0.00150842 -0.156344 0.441165 
0.218501 -0.931404 0.291108 0.220456 0.106878 -0.27368 -0.955864 -0.527818 0.969966 0.23997 0.0397474 0.494922 -0.0150477 -0.994456 -0.104075 0.362094 -0.155342 0.105148 -0.982249 -0.491658 0.987746 0.00138665 -0.156063 0.441141 
0.16226 -0.93285 0.321655 0.11859 0.348692 -0.250737 -0.903075 -0.461437 0.923085 0.258692 0.284592 0.483134 -0.015097 -0.994484 -0.103801 0.36517 -0.155054 0.104885 -0.982322 -0.491648 0.987791 0.00126463 -0.155783 0.441119 
0.101453 -0.93566 0.338006 0.00618326 0.566381 -0.224998 -0.792836 -0.420067 0.817875 0.271876 0.507113 0.472819 -0.0151466 -0.994511 -0.103526 0.368245 -0.154767 0.104622 -0.982396 -0.491637 0.987835 0.0011425 -0.155502 0.441096 
0.0360287 -0.940511 0.337848 -0.0997268 0.748977 -0.198404 -0.632194 -0.390054 0.661615 0.275817 0.697273 0.458167 -0.0151965 -0.994539 -0.103252 0.371319 -0.154479 0.104359 -0.982469 -0.491623 0.987879 0.00102015 -0.155222 0.441074 
-0.028658 -0.947013 0.319914 -0.200692 0.887811 -0.171177 -0.427189 -0.361428 0.459315 0.271781 0.845674 0.447097 -0.0152471 -0.994567 -0.102977 0.374389 -0.154192 0.104096 -0.982542 -0.491603 0.987923 0.000897339 -0.154942 0.441053 
-0.0865608 -0.95418 0.286438 -0.298905 0.970218 -0.146033 -0.193265 -0.33332 0.226239 0.261179 0.938404 0.436097 -0.0152977 -0.994595 -0.102701 0.377444 -0.153906 0.103832 -0.982615 -0.491564 0.987967 0.000774587 -0.154662 0.441035 
-0.134169 -0.961548 0.239633 -0.39213 0.990702 -0.124655 0.0544986 -0.306217 -0.0225316 0.244717 0.969333 0.424433 -0.0153413 -0.994622 -0.102426 0.38042 -0.153618 0.103566 -0.982688 -0.49148 0.988011 0.000658732 -0.154381 0.441022 
-0.169134 -0.968199 0.184351 -0.470179 0.948618 -0.109163 0.296996 -0.284173 -0.267427 0.225111 0.936914 0.407963 -0.0153188 -0.994651 -0.102155 0.38297 -0.153336 0.103296 -0.98276 -0.491318 0.988055 0.000609404 -0.154098 0.441022 
-0.169134 -0.968199 0.184351 -0.470179 0.948618 -0.109163 0.296996 -0.284173 -0.267427 0.225111 0.936914 0.407963 -0.0159213 -0.99468 -0.101777 0.377058 -0.154182 0.103015 -0.982657 -0.491792 0.987914 4.71092e-05 -0.155002 0.441243 
0.279843 -0.930318 0.237057 0.205876 -0.110552 -0.276506 -0.954632 -0.484925 0.953659 0.24094 -0.180227 0.499532 -0.0158723 -0.99468 -0.101788 0.378022 -0.154068 0.103018 -0.982675 -0.49177 0.987933 8.49063e-05 -0.154883 0.441215 
0.233697 -0.928027 0.290089 0.185001 0.102142 -0.273268 -0.9565 -0.464226 0.966929 0.253161 0.0309292 0.494691 -0.0158249 -0.994679 -0.101798 0.378986 -0.153954 0.103021 -0.982693 -0.491747 0.987951 0.000121228 -0.154765 0.441187 
0.171679 -0.930653 0.323128 0.0945128 0.343354 -0.250907 -0.905071 -0.441983 0.923382 0.266329 0.276468 0.489173 -0.0157779 -0.994679 -0.101809 0.379949 -0.153839 0.103024 -0.98271 -0.491724 0.98797 0.000157149 -0.154646 0.441158 
0.105306 -0.934593 0.339774 -0.00556128 0.56304 -0.225599 -0.795042 -0.41627 0.819693 0.275029 0.502456 0.475998 -0.0157315 -0.994678 -0.10182 0.380913 -0.153725 0.103028 -0.982728 -0.491701 0.987988 0.000192434 -0.154528 0.44113 
0.0368383 -0.940237 0.338523 -0.103954 0.748813 -0.198353 -0.632404 -0.38911 0.661756 0.276787 0.696755 0.461136 -0.0156846 -0.994678 -0.10183 0.381876 -0.15361 0.103031 -0.982745 -0.491676 0.988007 0.000228179 -0.154409 0.441102 
-0.0284509 -0.946963 0.32008 -0.202101 0.887724 -0.171131 -0.427389 -0.36114 0.459497 0.271983 0.84551 0.447866 -0.0156387 -0.994678 -0.101841 0.382838 -0.153496 0.103034 -0.982763 -0.49165 0.988026 0.000263039 -0.15429 0.441075 
-0.0865127 -0.95417 0.286489 -0.299499 0.970199 -0.146024 -0.193365 -0.333176 0.226337 0.261223 0.938368 0.43638 -0.015592 -0.994678 -0.101851 0.383795 -0.153382 0.103037 -0.98278 -0.491617 0.988044 0.000298533 -0.154172 0.441048 
-0.134176 -0.961546 0.239636 -0.392487 0.990702 -0.124667 0.0544781 -0.306154 -0.0225084 0.244718 0.969333 0.424338 -0.0155428 -0.994677 -0.101861 0.384727 -0.153268 0.103039 -0.982798 -0.491569 0.988062 0.000336622 -0.154054 0.441023 
-0.169249 -0.968162 0.184436 -0.470704 0.948568 -0.109218 0.297137 -0.28431 -0.267533 0.22524 0.936853 0.407243 -0.0154743 -0.994677 -0.101871 0.385524 -0.153156 0.103038 -0.982816 -0.491494 0.988081 0.000393666 -0.153935 0.441002 
-0.169249 -0.968162 0.184436 -0.470704 0.948568 -0.109218 0.297137 -0.28431 -0.267533 0.22524 0.936853 0.407243 -0.0153215 -0.99464 -0.102254 0.382887 -0.153418 0.103394 -0.982737 -0.491288 0.988043 0.000630603 -0.15418 0.440985 
0.28122 -0.929914 0.237013 0.204542 -0.111016 -0.276847 -0.954479 -0.481845 0.9532 0.242107 -0.181091 0.49876 -0.0153349 -0.994644 -0.102216 0.383268 -0.15338 0.103358 -0.982747 -0.491315 0.988048 0.0006075 -0.154143 0.440983 
0.234426 -0.92788 0.28997 0.182951 0.101468 -0.273298 -0.956563 -0.463047 0.966824 0.253665 0.0300816 0.495557 -0.0153478 -0.994648 -0.102178 0.383649 -0.153342 0.103323 -0.982757 -0.491343 0.988054 0.000585044 -0.154107 0.44098 
0.172205 -0.930537 0.323182 0.0929967 0.342876 -0.250944 -0.905242 -0.441645 0.923462 0.266698 0.275845 0.489888 -0.0153606 -0.994651 -0.102141 0.384029 -0.153304 0.103288 -0.982766 -0.49137 0.98806 0.000562786 -0.154071 0.440978 
0.105643 -0.934496 0.339937 -0.0065455 0.562675 -0.225684 -0.795276 -0.416303 0.8199 0.275289 0.501976 0.476432 -0.0153736 -0.994655 -0.102104 0.38441 -0.153266 0.103254 -0.982776 -0.491397 0.988065 0.000540355 -0.154034 0.440975 
0.0369688 -0.940169 0.338697 -0.1044 0.748834 -0.198368 -0.632375 -0.389087 0.661726 0.277006 0.696697 0.461965 -0.0153864 -0.994658 -0.102067 0.384791 -0.153229 0.103219 -0.982785 -0.491423 0.988071 0.000518108 -0.153998 0.440973 
-0.0284055 -0.946922 0.320206 -0.202161 0.887736 -0.171143 -0.427357 -0.361125 0.459475 0.272119 0.845478 0.448113 -0.0153993 -0.994662 -0.102031 0.38517 -0.153191 0.103185 -0.982795 -0.491448 0.988077 0.000495825 -0.153962 0.440971 
-0.0865092 -0.954149 0.286558 -0.299488 0.970201 -0.146033 -0.193349 -0.333173 0.226331 0.261293 0.93835 0.436438 -0.0154125 -0.994666 -0.101993 0.385548 -0.153153 0.10315 -0.982804 -0.491469 0.988082 0.000473136 -0.153926 0.440969 
-0.134203 -0.961531 0.239684 -0.392526 0.990698 -0.124687 0.0545068 -0.306186 -0.0225244 0.244769 0.96932 0.424276 -0.0154252 -0.994669 -0.101956 0.385914 -0.153115 0.103115 -0.982814 -0.491481 0.988088 0.000450836 -0.153889 0.440968 
-0.169362 -0.968125 0.184528 -0.470907 0.948521 -0.109273 0.297266 -0.28445 -0.267627 0.225375 0.936794 0.406874 -0.0154305 -0.994673 -0.101917 0.386222 -0.153077 0.103077 -0.982824 -0.491472 0.988094 0.000435636 -0.153852 0.440965 
-0.169362 -0.968125 0.184528 -0.470907 0.948521 -0.109273 0.297266 -0.28445 -0.267627 0.225375 0.936794 0.406874 -0.0154739 -0.994624 -0.10239 0.383215 -0.153239 0.103552 -0.982749 -0.491346 0.988068 0.000483192 -0.154018 0.440979 
0.281889 -0.929679 0.237139 0.204299 -0.111197 -0.277153 -0.95437 -0.480869 0.952981 0.242658 -0.181504 0.497936 -0.0154718 -0.994629 -0.102338 0.383563 -0.153219 0.1035 -0.982757 -0.491367 0.988071 0.000475036 -0.153997 0.440977 
0.234719 -0.9278 0.28999 0.182268 0.101145 -0.273393 -0.95657 -0.462903 0.966787 0.253857 0.029672 0.495798 -0.0154694 -0.994635 -0.102288 0.383911 -0.153199 0.10345 -0.982766 -0.491389 0.988074 0.000467559 -0.153977 0.440975 
0.172414 -0.930477 0.323243 0.0924589 0.342652 -0.251008 -0.905309 -0.441779 0.923506 0.266848 0.275553 0.490167 -0.0154669 -0.99464 -0.102237 0.384259 -0.153179 0.1034 -0.982774 -0.49141 0.988077 0.000460134 -0.153957 0.440974 
0.105773 -0.934448 0.340029 -0.00692803 0.562509 -0.22575 -0.795375 -0.416516 0.819997 0.275398 0.501757 0.476716 -0.0154647 -0.994645 -0.102186 0.384607 -0.153159 0.103349 -0.982782 -0.491432 0.988081 0.000452305 -0.153937 0.440972 
0.0370119 -0.940137 0.33878 -0.104654 0.748838 -0.198392 -0.632363 -0.389229 0.661719 0.277096 0.696667 0.462577 -0.0154623 -0.99465 -0.102136 0.384955 -0.153139 0.103299 -0.982791 -0.491452 0.988084 0.000444729 -0.153917 0.44097 
-0.0283558 -0.946855 0.320409 -0.202397 0.887765 -0.171176 -0.427285 -0.361229 0.459423 0.272332 0.845438 0.448894 -0.0154603 -0.994656 -0.102085 0.385302 -0.153119 0.103248 -0.982799 -0.491472 0.988087 0.000436737 -0.153897 0.440969 
-0.0865175 -0.954128 0.286628 -0.299546 0.970204 -0.146051 -0.193323 -0.333251 0.226317 0.261361 0.938334 0.43662 -0.0154586 -0.994661 -0.102034 0.385647 -0.153099 0.103197 -0.982808 -0.491488 0.98809 0.000428454 -0.153877 0.440967 
-0.134235 -0.961513 0.239738 -0.392566 0.990693 -0.124711 0.0545364 -0.306259 -0.0225395 0.244828 0.969305 0.424262 -0.0154555 -0.994666 -0.101983 0.385981 -0.153079 0.103147 -0.982816 -0.491495 0.988093 0.000421606 -0.153857 0.440966 
-0.169463 -0.968091 0.184612 -0.471042 0.948483 -0.109323 0.29737 -0.284594 -0.267699 0.225495 0.936744 0.406634 -0.0154463 -0.994672 -0.101931 0.386264 -0.153058 0.103094 -0.982825 -0.491485 0.988096 0.000420308 -0.153835 0.440964 
-0.169463 -0.968091 0.184612 -0.471042 0.948483 -0.109323 0.29737 -0.284594 -0.267699 0.225495 0.936744 0.406634 -0.0153076 -0.99469 -0.101775 0.38599 -0.153095 0.102918 -0.982838 -0.491454 0.988093 0.000536256 -0.153857 0.441038 
0.282374 -0.929509 0.23723 0.204062 -0.111326 -0.277374 -0.95429 -0.480225 0.952823 0.243057 -0.181802 0.497377 -0.0153216 -0.994688 -0.101785 0.386061 -0.153089 0.10293 -0.982837 -0.491465 0.988094 0.000523438 -0.153852 0.44103 
0.234932 -0.927742 0.290004 0.181774 0.100908 -0.273464 -0.956575 -0.462819 0.96676 0.253994 0.029371 0.495975 -0.0153359 -0.994687 -0.101796 0.386131 -0.153083 0.102943 -0.982837 -0.491476 0.988094 0.000510474 -0.153848 0.441023 
0.172568 -0.930432 0.32329 0.0920842 0.342475 -0.25106 -0.905362 -0.441874 0.923543 0.266955 0.275325 0.490388 -0.0153502 -0.994686 -0.101807 0.386202 -0.153077 0.102956 -0.982836 -0.491486 0.988095 0.000497515 -0.153844 0.441015 
0.105811 -0.934433 0.340057 -0.00710908 0.562492 -0.225761 -0.795383 -0.416622 0.820004 0.27544 0.501723 0.47709 -0.0153647 -0.994684 -0.101817 0.386272 -0.153072 0.102969 -0.982836 -0.491497 0.988096 0.000484435 -0.15384 0.441007 
0.0370435 -0.940116 0.338835 -0.104837 0.748837 -0.198407 -0.632358 -0.389321 0.661718 0.277157 0.696645 0.463046 -0.015379 -0.994683 -0.101828 0.386343 -0.153067 0.102982 -0.982835 -0.491508 0.988096 0.000471463 -0.153836 0.441 
-0.0283189 -0.946811 0.320541 -0.202579 0.88778 -0.171196 -0.427246 -0.361302 0.459397 0.27247 0.845408 0.449419 -0.0153936 -0.994682 -0.101839 0.386413 -0.153061 0.102995 -0.982835 -0.491518 0.988097 0.000458215 -0.153833 0.440992 
-0.0865206 -0.954113 0.286674 -0.299599 0.970204 -0.146062 -0.193312 -0.333306 0.226314 0.261407 0.938322 0.436734 -0.0154074 -0.99468 -0.10185 0.386483 -0.153056 0.103008 -0.982834 -0.491527 0.988097 0.000445804 -0.153829 0.440984 
-0.134257 -0.961499 0.239779 -0.392596 0.99069 -0.124728 0.0545549 -0.306316 -0.0225473 0.244871 0.969293 0.424248 -0.0154218 -0.994679 -0.101861 0.386551 -0.15305 0.103021 -0.982834 -0.491534 0.988098 0.000432757 -0.153825 0.440977 
-0.169536 -0.968067 0.184674 -0.471128 0.948456 -0.109359 0.297443 -0.284705 -0.267749 0.225582 0.936709 0.406474 -0.0154348 -0.994678 -0.101871 0.386607 -0.153045 0.103033 -0.982833 -0.491536 0.988099 0.000421024 -0.153821 0.44097 
-0.169536 -0.968067 0.184674 -0.471128 0.948456 -0.109359 0.297443 -0.284705 -0.267749 0.225582 0.936709 0.406474 -0.0153405 -0.994662 -0.102045 0.3863 -0.153082 0.10319 -0.982811 -0.491439 0.988094 0.00054433 -0.153848 0.440927 
0.282708 -0.929392 0.237292 0.203876 -0.111413 -0.277526 -0.954236 -0.479808 0.952714 0.243332 -0.182005 0.497005 -0.0153517 -0.994663 -0.102028 0.38634 -0.153078 0.103175 -0.982813 -0.491451 0.988095 0.000530335 -0.153845 0.44093 
0.235076 -0.927702 0.290013 0.181438 0.100747 -0.273512 -0.956578 -0.462768 0.966742 0.254086 0.0291671 0.496096 -0.0153627 -0.994665 -0.102012 0.386379 -0.153073 0.103161 -0.982816 -0.491464 0.988095 0.000516593 -0.153842 0.440934 
0.17267 -0.930403 0.32332 0.0918329 0.342358 -0.251094 -0.905397 -0.441939 0.923567 0.267026 0.275174 0.490536 -0.0153737 -0.994666 -0.101996 0.386419 -0.153069 0.103147 -0.982818 -0.491476 0.988096 0.000502854 -0.153838 0.440937 
0.105836 -0.934424 0.340076 -0.00723033 0.562481 -0.225767 -0.79539 -0.41669 0.820009 0.275466 0.501701 0.47733 -0.0153848 -0.994668 -0.101979 0.386458 -0.153065 0.103132 -0.98282 -0.491488 0.988096 0.000489003 -0.153835 0.440941 
0.0370637 -0.940103 0.338869 -0.104956 0.748836 -0.198416 -0.632357 -0.38938 0.661718 0.277195 0.69663 0.463335 -0.0153957 -0.994669 -0.101963 0.386498 -0.153061 0.103118 -0.982822 -0.4915 0.988097 0.000475277 -0.153832 0.440944 
-0.0282958 -0.946785 0.32062 -0.202697 0.887787 -0.171208 -0.427225 -0.361348 0.459383 0.272554 0.845389 0.449734 -0.0154069 -0.994671 -0.101947 0.386537 -0.153056 0.103103 -0.982824 -0.491512 0.988097 0.00046131 -0.153829 0.440947 
-0.0865205 -0.954105 0.286702 -0.299638 0.970204 -0.146068 -0.193308 -0.333339 0.226315 0.261434 0.938314 0.436799 -0.0154174 -0.994672 -0.101931 0.386576 -0.153052 0.10309 -0.982826 -0.491523 0.988098 0.000448157 -0.153826 0.440951 
-0.13427 -0.961491 0.239806 -0.392616 0.990688 -0.124739 0.0545648 -0.306355 -0.0225505 0.244899 0.969286 0.424235 -0.0154285 -0.994673 -0.101915 0.386614 -0.153048 0.103075 -0.982828 -0.491533 0.988098 0.000434309 -0.153823 0.440954 
-0.169585 -0.96805 0.184716 -0.47118 0.948438 -0.109384 0.297491 -0.284785 -0.267782 0.225642 0.936685 0.406376 -0.0154386 -0.994675 -0.101898 0.386645 -0.153043 0.10306 -0.982831 -0.491539 0.988099 0.00042128 -0.15382 0.440958 
-0.169585 -0.96805 0.184716 -0.47118 0.948438 -0.109384 0.297491 -0.284785 -0.267782 0.225642 0.936685 0.406376 -0.0153334 -0.994661 -0.102054 0.386319 -0.153091 0.103198 -0.982809 -0.491429 0.988093 0.00055363 -0.153856 0.440922 
0.282917 -0.929318 0.237331 0.203751 -0.111466 -0.277621 -0.954202 -0.479557 0.952646 0.243505 -0.182131 0.496777 -0.0153446 -0.994662 -0.102037 0.386357 -0.153086 0.103183 -0.982811 -0.491442 0.988094 0.000539588 -0.153852 0.440926 
0.235164 -0.927678 0.290019 0.181231 0.100648 -0.273541 -0.95658 -0.462739 0.966731 0.254143 0.0290415 0.49617 -0.0153565 -0.994664 -0.102019 0.386394 -0.153081 0.103167 -0.982814 -0.491456 0.988094 0.000524672 -0.153848 0.44093 
0.172732 -0.930385 0.323339 0.0916798 0.342287 -0.251114 -0.905418 -0.441978 0.923582 0.267069 0.275084 0.490625 -0.0153682 -0.994665 -0.102002 0.386432 -0.153076 0.103152 -0.982816 -0.491469 0.988095 0.000509924 -0.153844 0.440934 
0.105851 -0.934418 0.340086 -0.00730385 0.562474 -0.225771 -0.795394 -0.41673 0.820012 0.275482 0.501688 0.477467 -0.0153801 -0.994667 -0.101985 0.38647 -0.15307 0.103137 -0.982818 -0.491482 0.988096 0.000495064 -0.15384 0.440938 
0.037075 -0.940096 0.338887 -0.105026 0.748835 -0.19842 -0.632357 -0.389414 0.661719 0.277215 0.696621 0.463491 -0.0153919 -0.994669 -0.101968 0.386507 -0.153065 0.103122 -0.982821 -0.491495 0.988096 0.000480328 -0.153837 0.440942 
-0.028283 -0.946772 0.32066 -0.202765 0.88779 -0.171214 -0.427217 -0.361373 0.459378 0.272596 0.845378 0.449896 -0.0154038 -0.99467 -0.101951 0.386545 -0.15306 0.103107 -0.982823 -0.491508 0.988097 0.000465343 -0.153833 0.440945 
-0.0865169 -0.954102 0.286714 -0.299666 0.970203 -0.146069 -0.193312 -0.333355 0.226319 0.261446 0.93831 0.436832 -0.0154151 -0.994672 -0.101934 0.386582 -0.153055 0.103092 -0.982826 -0.49152 0.988097 0.000451184 -0.153829 0.440949 
-0.134277 -0.961486 0.239823 -0.39263 0.990687 -0.124744 0.0545694 -0.306379 -0.0225511 0.244917 0.969282 0.424227 -0.0154272 -0.994673 -0.101917 0.386618 -0.15305 0.103077 -0.982828 -0.491531 0.988098 0.000436018 -0.153825 0.440954 
-0.169618 -0.968039 0.184744 -0.471209 0.948426 -0.109402 0.297522 -0.284841 -0.267802 0.225682 0.93667 0.406324 -0.0154379 -0.994675 -0.101899 0.386648 -0.153044 0.103061 -0.982831 -0.491538 0.988099 0.000422154 -0.15382 0.440957 
-0.169618 -0.968039 0.184744 -0.471209 0.948426 -0.109402 0.297522 -0.284841 -0.267802 0.225682 0.93667 0.406324 -0.0153417 -0.994661 -0.102052 0.38632 -0.153093 0.103198 -0.982809 -0.49143 0.988093 0.000545524 -0.153859 0.440922 
0.283035 -0.929276 0.237354 0.203678 -0.111495 -0.277674 -0.954183 -0.479421 0.952607 0.243603 -0.182201 0.496651 -0.0153526 -0.994662 -0.102035 0.386358 -0.153087 0.103182 -0.982811 -0.491443 0.988093 0.000531446 -0.153854 0.440926 
0.235214 -0.927665 0.290023 0.181115 0.100592 -0.273558 -0.956581 -0.462724 0.966724 0.254175 0.0289714 0.496212 -0.0153636 -0.994664 -0.102018 0.386395 -0.153081 0.103167 -0.982814 -0.491456 0.988094 0.000517498 -0.15385 0.44093 
0.172766 -0.930375 0.323349 0.0915947 0.342249 -0.251125 -0.905429 -0.442 0.92359 0.267093 0.275034 0.490675 -0.0153745 -0.994665 -0.102001 0.386433 -0.153076 0.103152 -0.982816 -0.491469 0.988095 0.000503638 -0.153845 0.440934 
0.105859 -0.934415 0.340092 -0.00734469 0.56247 -0.225773 -0.795396 -0.416752 0.820013 0.275491 0.50168 0.477541 -0.0153855 -0.994667 -0.101984 0.38647 -0.153071 0.103137 -0.982818 -0.491483 0.988095 0.000489674 -0.153841 0.440938 
0.0370804 -0.940093 0.338895 -0.105064 0.748834 -0.198423 -0.632357 -0.389433 0.661719 0.277225 0.696616 0.463574 -0.0153963 -0.994669 -0.101967 0.386508 -0.153066 0.103122 -0.982821 -0.491496 0.988096 0.000475836 -0.153837 0.440942 
-0.0282778 -0.946766 0.320677 -0.202804 0.887791 -0.171217 -0.427214 -0.36139 0.459377 0.272614 0.845373 0.449984 -0.0154074 -0.99467 -0.10195 0.386545 -0.15306 0.103107 -0.982823 -0.491509 0.988097 0.000461749 -0.153833 0.440945 
-0.0865136 -0.954099 0.286722 -0.299695 0.970203 -0.146068 -0.193314 -0.333369 0.226322 0.261455 0.938307 0.436884 -0.0154178 -0.994672 -0.101934 0.386582 -0.153055 0.103092 -0.982826 -0.491521 0.988097 0.000448488 -0.153829 0.440949 
-0.134283 -0.961482 0.239834 -0.392645 0.990686 -0.124749 0.0545738 -0.3064 -0.0225527 0.244929 0.969279 0.424238 -0.015429 -0.994673 -0.101916 0.386618 -0.15305 0.103077 -0.982828 -0.491531 0.988098 0.000434216 -0.153825 0.440954 
-0.169639 -0.968032 0.184762 -0.471226 0.948419 -0.109412 0.297541 -0.284878 -0.267814 0.225707 0.93666 0.4063 -0.0154389 -0.994675 -0.101898 0.386648 -0.153044 0.103061 -0.982831 -0.491538 0.988099 0.000421211 -0.153821 0.440957 
-0.169639 -0.968032 0.184762 -0.471226 0.948419 -0.109412 0.297541 -0.284878 -0.267814 0.225707 0.93666 0.4063 -0.0153469 -0.994661 -0.102053 0.38632 -0.153094 0.103199 -0.982808 -0.49143 0.988092 0.000540587 -0.15386 0.440922 
0.283098 -0.929254 0.237365 0.203638 -0.111511 -0.277703 -0.954173 -0.479351 0.952586 0.243656 -0.182239 0.496585 -0.0153577 -0.994662 -0.102035 0.386358 -0.153088 0.103183 -0.982811 -0.491443 0.988093 0.000526549 -0.153856 0.440926 
0.23524 -0.927657 0.290025 0.181053 0.100563 -0.273566 -0.956582 -0.462717 0.966721 0.254192 0.0289338 0.496235 -0.0153684 -0.994664 -0.102018 0.386395 -0.153083 0.103168 -0.982813 -0.491456 0.988094 0.000512918 -0.153851 0.44093 
0.172784 -0.93037 0.323354 0.0915492 0.342228 -0.251131 -0.905435 -0.442012 0.923594 0.267106 0.275007 0.490702 -0.0153787 -0.994665 -0.102001 0.386433 -0.153077 0.103152 -0.982816 -0.49147 0.988095 0.000499566 -0.153847 0.440934 
0.105863 -0.934413 0.340095 -0.00736661 0.562468 -0.225774 -0.795397 -0.416764 0.820014 0.275496 0.501677 0.477582 -0.0153891 -0.994667 -0.101984 0.38647 -0.153072 0.103137 -0.982818 -0.491483 0.988095 0.000486166 -0.153843 0.440938 
0.0370831 -0.940091 0.3389 -0.105084 0.748834 -0.198424 -0.632358 -0.389445 0.66172 0.277229 0.696614 0.46362 -0.0153994 -0.994669 -0.101967 0.386508 -0.153066 0.103122 -0.982821 -0.491496 0.988096 0.000472906 -0.153838 0.440942 
-0.0282759 -0.946763 0.320686 -0.202827 0.887792 -0.171219 -0.427212 -0.361402 0.459376 0.272623 0.84537 0.450036 -0.0154098 -0.99467 -0.10195 0.386545 -0.153061 0.103107 -0.982823 -0.491509 0.988097 0.000459402 -0.153834 0.440945 
-0.086513 -0.954094 0.286741 -0.299717 0.970204 -0.14607 -0.193308 -0.333383 0.226319 0.261474 0.938302 0.436942 -0.0154196 -0.994672 -0.101933 0.386582 -0.153056 0.103092 -0.982825 -0.491521 0.988097 0.000446726 -0.15383 0.440949 
-0.134286 -0.96148 0.239841 -0.392654 0.990686 -0.124751 0.0545765 -0.306412 -0.0225538 0.244936 0.969277 0.424247 -0.0154302 -0.994673 -0.101916 0.386618 -0.15305 0.103077 -0.982828 -0.491531 0.988098 0.000433036 -0.153826 0.440954 
-0.16965 -0.968028 0.184772 -0.471236 0.948415 -0.109418 0.297552 -0.284898 -0.267821 0.22572 0.936655 0.406288 -0.0154395 -0.994675 -0.101898 0.386648 -0.153045 0.103061 -0.982831 -0.491538 0.988099 0.00042059 -0.153821 0.440957 
-0.16965 -0.968028 0.184772 -0.471236 0.948415 -0.109418 0.297552 -0.284898 -0.267821 0.22572 0.936655 0.406288 -0.0153508 -0.994661 -0.102052 0.38632 -0.153095 0.103199 -0.982808 -0.491431 0.988092 0.000536815 -0.153861 0.440922 
0.283132 -0.929242 0.237372 0.203617 -0.111519 -0.277718 -0.954168 -0.479314 0.952575 0.243684 -0.18226 0.49655 -0.0153608 -0.994662 -0.102035 0.386358 -0.153089 0.103184 -0.982811 -0.491444 0.988093 0.000523634 -0.153857 0.440926 
0.235254 -0.927653 0.290025 0.18102 0.100547 -0.273571 -0.956582 -0.462713 0.966719 0.254201 0.0289137 0.496247 -0.0153709 -0.994664 -0.102018 0.386395 -0.153083 0.103169 -0.982813 -0.491457 0.988094 0.000510539 -0.153852 0.44093 
0.172794 -0.930367 0.323357 0.0915249 0.342217 -0.251134 -0.905439 -0.442018 0.923596 0.267113 0.274993 0.490716 -0.0153809 -0.994665 -0.102001 0.386433 -0.153078 0.103153 -0.982816 -0.49147 0.988094 0.00049754 -0.153848 0.440934 
0.105865 -0.934413 0.340097 -0.00737829 0.562467 -0.225774 -0.795397 -0.416771 0.820014 0.275498 0.501674 0.477603 -0.015391 -0.994667 -0.101984 0.38647 -0.153072 0.103138 -0.982818 -0.491483 0.988095 0.000484443 -0.153843 0.440938 
0.0370845 -0.94009 0.338902 -0.105095 0.748833 -0.198425 -0.632358 -0.389451 0.66172 0.277232 0.696613 0.463644 -0.0154009 -0.994669 -0.101967 0.386508 -0.153067 0.103123 -0.982821 -0.491496 0.988096 0.000471475 -0.153839 0.440942 
-0.0282748 -0.946762 0.32069 -0.202838 0.887792 -0.17122 -0.427211 -0.361408 0.459376 0.272627 0.845369 0.450063 -0.0154111 -0.99467 -0.10195 0.386545 -0.153061 0.103107 -0.982823 -0.491509 0.988097 0.000458259 -0.153835 0.440945 
-0.0865127 -0.954091 0.286751 -0.299729 0.970204 -0.146072 -0.193305 -0.333391 0.226317 0.261484 0.9383 0.436972 -0.0154205 -0.994672 -0.101934 0.386582 -0.153056 0.103093 -0.982825 -0.491521 0.988097 0.00044587 -0.15383 0.440949 
-0.134288 -0.961479 0.239845 -0.392659 0.990686 -0.124752 0.0545779 -0.306418 -0.0225543 0.24494 0.969276 0.424251 -0.0154309 -0.994673 -0.101916 0.386618 -0.153051 0.103077 -0.982828 -0.491531 0.988098 0.000432466 -0.153826 0.440954 
-0.169656 -0.968026 0.184777 -0.471241 0.948413 -0.109421 0.297557 -0.284909 -0.267825 0.225728 0.936652 0.406281 -0.0154398 -0.994675 -0.101898 0.386648 -0.153045 0.103061 -0.982831 -0.491538 0.988099 0.000420302 -0.153821 0.440957 
-0.169656 -0.968026 0.184777 -0.471241 0.948413 -0.109421 0.297557 -0.284909 -0.267825 0.225728 0.936652 0.406281 -0.0153537 -0.99466 -0.102053 0.38632 -0.153095 0.1032 -0.982808 -0.491431 0.988092 0.000534044 -0.153862 0.440922 
0.28315 -0.929236 0.237375 0.203606 -0.111524 -0.277726 -0.954165 -0.479294 0.952569 0.243699 -0.18227 0.496531 -0.0153633 -0.994662 -0.102034 0.386358 -0.153089 0.103183 -0.982811 -0.491444 0.988093 0.000521123 -0.153857 0.440926 
0.235262 -0.927651 0.290026 0.181003 0.100538 -0.273574 -0.956582 -0.462711 0.966718 0.254206 0.0289031 0.496253 -0.0153732 -0.994664 -0.102017 0.386395 -0.153084 0.103168 -0.982813 -0.491457 0.988094 0.000508191 -0.153853 0.44093 
0.172799 -0.930365 0.323358 0.0915121 0.342211 -0.251136 -0.905441 -0.442021 0.923597 0.267116 0.274985 0.490724 -0.015383 -0.994665 -0.102 0.386433 -0.153078 0.103153 -0.982816 -0.49147 0.988094 0.00049545 -0.153849 0.440934 
0.105867 -0.934412 0.340097 -0.00738445 0.562466 -0.225774 -0.795398 -0.416774 0.820015 0.275499 0.501673 0.477614 -0.0153927 -0.994667 -0.101983 0.38647 -0.153073 0.103137 -0.982818 -0.491483 0.988095 0.000482642 -0.153844 0.440938 
0.0370853 -0.94009 0.338904 -0.105101 0.748833 -0.198425 -0.632358 -0.389454 0.66172 0.277233 0.696612 0.463657 -0.0154024 -0.994669 -0.101967 0.386508 -0.153067 0.103122 -0.982821 -0.491496 0.988096 0.000469969 -0.15384 0.440942 
-0.0282743 -0.946761 0.320693 -0.202845 0.887792 -0.171221 -0.42721 -0.361411 0.459375 0.27263 0.845368 0.450078 -0.0154123 -0.99467 -0.10195 0.386545 -0.153062 0.103107 -0.982823 -0.491509 0.988096 0.000457054 -0.153835 0.440945 
-0.0865125 -0.954089 0.286756 -0.299735 0.970204 -0.146072 -0.193304 -0.333395 0.226316 0.261489 0.938299 0.436988 -0.0154214 -0.994672 -0.101933 0.386582 -0.153056 0.103092 -0.982825 -0.491521 0.988097 0.000444965 -0.153831 0.440949 
-0.134289 -0.961478 0.239846 -0.392662 0.990686 -0.124753 0.0545786 -0.306421 -0.0225546 0.244942 0.969275 0.424254 -0.0154314 -0.994673 -0.101916 0.386618 -0.153051 0.103077 -0.982828 -0.491531 0.988098 0.00043186 -0.153826 0.440954 
-0.169659 -0.968025 0.18478 -0.471244 0.948412 -0.109422 0.29756 -0.284915 -0.267826 0.225731 0.936651 0.406278 -0.0154401 -0.994675 -0.101898 0.386648 -0.153045 0.103061 -0.982831 -0.491538 0.988099 0.000419983 -0.153821 0.440957 
-0.169659 -0.968025 0.18478 -0.471244 0.948412 -0.109422 0.29756 -0.284915 -0.267826 0.225731 0.936651 0.406278 -0.0153552 -0.99466 -0.102053 0.38632 -0.153095 0.103201 -0.982808 -0.491432 0.988092 0.000532599 -0.153862 0.440922 
0.283159 -0.929232 0.237377 0.2036 -0.111526 -0.27773 -0.954163 -0.479284 0.952566 0.243706 -0.182276 0.496521 -0.0153653 -0.994662 -0.102036 0.386358 -0.15309 0.103185 -0.98281 -0.491445 0.988093 0.000519499 -0.153858 0.440926 
0.235265 -0.92765 0.290026 0.180994 0.100534 -0.273575 -0.956582 -0.46271 0.966718 0.254208 0.0288977 0.496256 -0.015375 -0.994664 -0.102019 0.386395 -0.153084 0.10317 -0.982813 -0.491458 0.988094 0.00050664 -0.153853 0.44093 
0.172802 -0.930365 0.323359 0.0915054 0.342208 -0.251137 -0.905441 -0.442023 0.923598 0.267118 0.274981 0.490728 -0.0153845 -0.994665 -0.102002 0.386433 -0.153078 0.103154 -0.982815 -0.491471 0.988094 0.000494132 -0.153849 0.440934 
0.105867 -0.934412 0.340098 -0.00738763 0.562466 -0.225775 -0.795398 -0.416776 0.820015 0.2755 0.501673 0.47762 -0.015394 -0.994667 -0.101985 0.38647 -0.153073 0.103139 -0.982818 -0.491484 0.988095 0.000481526 -0.153844 0.440938 
0.0370857 -0.94009 0.338904 -0.105104 0.748833 -0.198425 -0.632358 -0.389455 0.66172 0.277234 0.696612 0.463663 -0.0154035 -0.994668 -0.101968 0.386508 -0.153067 0.103123 -0.98282 -0.491497 0.988096 0.000469046 -0.15384 0.440942 
-0.028274 -0.946761 0.320694 -0.202848 0.887792 -0.171221 -0.42721 -0.361412 0.459375 0.272631 0.845368 0.450085 -0.0154131 -0.99467 -0.10195 0.386545 -0.153062 0.103108 -0.982823 -0.491509 0.988096 0.000456317 -0.153835 0.440945 
-0.0865125 -0.954088 0.286759 -0.299738 0.970204 -0.146073 -0.193303 -0.333397 0.226316 0.261492 0.938298 0.436996 -0.0154221 -0.994672 -0.101934 0.386582 -0.153056 0.103093 -0.982825 -0.491521 0.988097 0.000444414 -0.153831 0.440949 
-0.134289 -0.961478 0.239847 -0.392663 0.990685 -0.124753 0.054579 -0.306423 -0.0225547 0.244943 0.969275 0.424255 -0.0154319 -0.994673 -0.101916 0.386618 -0.153051 0.103077 -0.982828 -0.491532 0.988098 0.000431495 -0.153826 0.440954 
-0.169661 -0.968024 0.184781 -0.471245 0.948411 -0.109423 0.297561 -0.284918 -0.267827 0.225733 0.93665 0.406276 -0.0154403 -0.994675 -0.101899 0.386648 -0.153045 0.103061 -0.98283 -0.491538 0.988099 0.000419802 -0.153821 0.440957 
-0.169661 -0.968024 0.184781 -0.471245 0.948411 -0.109423 0.297561 -0.284918 -0.267827 0.225733 0.93665 0.406276 -0.0153573 -0.99466 -0.102054 0.38632 -0.153095 0.103202 -0.982808 -0.491432 0.988092 0.000530719 -0.153863 0.440921 
0.283164 -0.929231 0.237378 0.203597 -0.111527 -0.277733 -0.954163 -0.479279 0.952565 0.24371 -0.182279 0.496517 -0.0153666 -0.994662 -0.102037 0.386358 -0.153089 0.103186 -0.98281 -0.491445 0.988093 0.000518201 -0.153857 0.440925 
0.235267 -0.92765 0.290026 0.180989 0.100532 -0.273576 -0.956582 -0.462709 0.966717 0.254209 0.0288948 0.496258 -0.0153759 -0.994664 -0.10202 0.386395 -0.153083 0.10317 -0.982813 -0.491458 0.988094 0.000505821 -0.153853 0.440929 
0.172803 -0.930364 0.32336 0.091502 0.342206 -0.251137 -0.905442 -0.442024 0.923598 0.267119 0.274979 0.49073 -0.0153852 -0.994665 -0.102002 0.386433 -0.153078 0.103155 -0.982815 -0.491471 0.988094 0.000493445 -0.153848 0.440933 
0.105867 -0.934412 0.340098 -0.00738927 0.562466 -0.225775 -0.795398 -0.416777 0.820015 0.2755 0.501673 0.477623 -0.0153947 -0.994667 -0.101985 0.38647 -0.153072 0.103139 -0.982818 -0.491484 0.988095 0.000480943 -0.153844 0.440937 
0.0370859 -0.94009 0.338905 -0.105105 0.748833 -0.198426 -0.632358 -0.389456 0.66172 0.277235 0.696611 0.463667 -0.015404 -0.994668 -0.101968 0.386508 -0.153067 0.103124 -0.98282 -0.491497 0.988096 0.000468562 -0.153839 0.440941 
-0.0282738 -0.946761 0.320695 -0.20285 0.887792 -0.171221 -0.42721 -0.361413 0.459375 0.272631 0.845368 0.450089 -0.0154135 -0.99467 -0.101951 0.386545 -0.153061 0.103108 -0.982823 -0.491509 0.988096 0.00045593 -0.153835 0.440945 
-0.0865124 -0.954088 0.28676 -0.299739 0.970205 -0.146073 -0.193303 -0.333398 0.226316 0.261493 0.938298 0.437 -0.0154224 -0.994672 -0.101934 0.386582 -0.153056 0.103093 -0.982825 -0.491521 0.988097 0.000444124 -0.15383 0.440949 
-0.134289 -0.961478 0.239848 -0.392664 0.990685 -0.124754 0.0545792 -0.306424 -0.0225548 0.244943 0.969275 0.424256 -0.0154321 -0.994673 -0.101917 0.386618 -0.15305 0.103077 -0.982828 -0.491532 0.988098 0.000431302 -0.153826 0.440953 
-0.169662 -0.968024 0.184782 -0.471246 0.948411 -0.109424 0.297562 -0.284919 -0.267828 0.225734 0.93665 0.406275 -0.0154404 -0.994675 -0.101899 0.386648 -0.153045 0.103061 -0.98283 -0.491538 0.988099 0.0004197 -0.153821 0.440957 
-0.169662 -0.968024 0.184782 -0.471246 0.948411 -0.109424 0.297562 -0.284919 -0.267828 0.225734 0.93665 0.406275 -0.0153594 -0.99466 -0.102054 0.38632 -0.153096 0.103202 -0.982808 -0.491432 0.988092 0.000528736 -0.153863 0.440921 
0.283167 -0.92923 0.237378 0.203595 -0.111528 -0.277734 -0.954162 -0.479276 0.952564 0.243713 -0.18228 0.496514 -0.0153684 -0.994662 -0.102036 0.386358 -0.15309 0.103186 -0.98281 -0.491445 0.988093 0.000516598 -0.153859 0.440925 
0.235268 -0.927649 0.290026 0.180986 0.100531 -0.273576 -0.956582 -0.462709 0.966717 0.25421 0.0288934 0.496259 -0.0153775 -0.994664 -0.102019 0.386395 -0.153085 0.103171 -0.982813 -0.491458 0.988093 0.000504353 -0.153854 0.440929 
0.172804 -0.930364 0.32336 0.0915002 0.342206 -0.251137 -0.905442 -0.442024 0.923598 0.26712 0.274978 0.490731 -0.0153867 -0.994665 -0.102002 0.386433 -0.153079 0.103155 -0.982815 -0.491471 0.988094 0.000492139 -0.15385 0.440933 
0.105868 -0.934412 0.340098 -0.00739012 0.562466 -0.225775 -0.795398 -0.416777 0.820015 0.2755 0.501672 0.477625 -0.0153959 -0.994667 -0.101985 0.38647 -0.153073 0.103139 -0.982818 -0.491484 0.988095 0.000479817 -0.153845 0.440937 
0.037086 -0.940089 0.338905 -0.105106 0.748833 -0.198426 -0.632358 -0.389456 0.66172 0.277235 0.696611 0.463668 -0.015405 -0.994668 -0.101968 0.386508 -0.153068 0.103124 -0.98282 -0.491497 0.988096 0.00046762 -0.15384 0.440941 
-0.0282738 -0.94676 0.320695 -0.20285 0.887792 -0.171221 -0.42721 -0.361414 0.459375 0.272632 0.845368 0.450091 -0.0154144 -0.99467 -0.101951 0.386545 -0.153062 0.103108 -0.982823 -0.491509 0.988096 0.000455176 -0.153836 0.440945 
-0.0865124 -0.954088 0.286761 -0.29974 0.970205 -0.146073 -0.193302 -0.333398 0.226315 0.261494 0.938298 0.437002 -0.015423 -0.994672 -0.101934 0.386582 -0.153057 0.103093 -0.982825 -0.491521 0.988097 0.000443557 -0.153831 0.440949 
-0.134289 -0.961478 0.239848 -0.392664 0.990685 -0.124754 0.0545793 -0.306424 -0.0225549 0.244943 0.969275 0.424256 -0.0154325 -0.994673 -0.101917 0.386618 -0.153051 0.103077 -0.982828 -0.491532 0.988098 0.000430922 -0.153826 0.440953 
-0.169662 -0.968024 0.184782 -0.471246 0.948411 -0.109424 0.297563 -0.28492 -0.267828 0.225735 0.936649 0.406275 -0.0154407 -0.994675 -0.101899 0.386648 -0.153045 0.103061 -0.98283 -0.491538 0.988099 0.000419501 -0.153821 0.440957 
-0.169662 -0.968024 0.184782 -0.471246 0.948411 -0.109424 0.297563 -0.28492 -0.267828 0.225735 0.936649 0.406275 -0.0153611 -0.99466 -0.102054 0.38632 -0.153096 0.103202 -0.982808 -0.491432 0.988092 0.000527131 -0.153864 0.440921 
0.283168 -0.929229 0.237379 0.203595 -0.111528 -0.277734 -0.954162 -0.479275 0.952564 0.243714 -0.182281 0.496513 -0.01537 -0.994662 -0.102036 0.386358 -0.15309 0.103186 -0.98281 -0.491445 0.988093 0.000514987 -0.153859 0.440925 
0.235269 -0.927649 0.290026 0.180985 0.10053 -0.273576 -0.956582 -0.462709 0.966717 0.25421 0.0288926 0.496259 -0.0153791 -0.994664 -0.102019 0.386395 -0.153084 0.103171 -0.982813 -0.491458 0.988093 0.000502803 -0.153854 0.440929 
0.172804 -0.930364 0.32336 0.0914993 0.342205 -0.251137 -0.905442 -0.442025 0.923599 0.26712 0.274978 0.490731 -0.015388 -0.994665 -0.102002 0.386433 -0.153079 0.103155 -0.982815 -0.491471 0.988094 0.000490754 -0.153849 0.440933 
0.105868 -0.934412 0.340098 -0.00739056 0.562466 -0.225775 -0.795398 -0.416777 0.820015 0.275501 0.501672 0.477625 -0.0153971 -0.994667 -0.101985 0.38647 -0.153073 0.103139 -0.982818 -0.491484 0.988095 0.000478622 -0.153845 0.440937 
0.037086 -0.940089 0.338905 -0.105107 0.748833 -0.198426 -0.632358 -0.389457 0.66172 0.277235 0.696611 0.463669 -0.015406 -0.994668 -0.101968 0.386508 -0.153068 0.103124 -0.98282 -0.491497 0.988096 0.000466622 -0.15384 0.440941 
-0.0282737 -0.94676 0.320695 -0.202851 0.887792 -0.171221 -0.42721 -0.361414 0.459375 0.272632 0.845368 0.450092 -0.0154152 -0.99467 -0.101951 0.386545 -0.153062 0.103108 -0.982823 -0.491509 0.988096 0.000454377 -0.153836 0.440945 
-0.0865124 -0.954088 0.286762 -0.299741 0.970205 -0.146073 -0.193302 -0.333399 0.226315 0.261494 0.938297 0.437004 -0.0154236 -0.994672 -0.101934 0.386582 -0.153056 0.103093 -0.982825 -0.491521 0.988097 0.000442957 -0.153831 0.440949 
-0.13429 -0.961478 0.239848 -0.392664 0.990685 -0.124754 0.0545793 -0.306425 -0.0225549 0.244943 0.969275 0.424256 -0.0154329 -0.994673 -0.101917 0.386618 -0.153051 0.103077 -0.982828 -0.491532 0.988098 0.00043052 -0.153826 0.440953 
-0.169662 -0.968024 0.184783 -0.471246 0.948411 -0.109424 0.297563 -0.28492 -0.267828 0.225735 0.936649 0.406275 -0.0154409 -0.994675 -0.101899 0.386648 -0.153045 0.103061 -0.98283 -0.491538 0.988099 0.000419289 -0.153821 0.440957 
-0.169662 -0.968024 0.184783 -0.471246 0.948411 -0.109424 0.297563 -0.28492 -0.267828 0.225735 0.936649 0.406275 -0.0153619 -0.99466 -0.102054 0.38632 -0.153096 0.103203 -0.982808 -0.491432 0.988092 0.00052627 -0.153864 0.440921 
0.283169 -0.929229 0.237379 0.203594 -0.111529 -0.277735 -0.954162 -0.479274 0.952563 0.243714 -0.182281 0.496512 -0.0153715 -0.994662 -0.102036 0.386358 -0.15309 0.103186 -0.98281 -0.491445 0.988093 0.000513479 -0.153859 0.440925 
0.235269 -0.927649 0.290026 0.180985 0.10053 -0.273576 -0.956582 -0.462709 0.966717 0.254211 0.0288922 0.49626 -0.0153806 -0.994664 -0.102019 0.386395 -0.153084 0.103171 -0.982813 -0.491458 0.988093 0.000501282 -0.153854 0.440929 
0.172805 -0.930364 0.32336 0.0914989 0.342205 -0.251137 -0.905442 -0.442025 0.923599 0.26712 0.274977 0.490731 -0.0153894 -0.994665 -0.102002 0.386433 -0.153079 0.103155 -0.982815 -0.491471 0.988094 0.000489384 -0.15385 0.440933 
0.105868 -0.934412 0.340098 -0.00739079 0.562466 -0.225775 -0.795398 -0.416778 0.820015 0.275501 0.501672 0.477626 -0.0153983 -0.994667 -0.101985 0.38647 -0.153073 0.10314 -0.982818 -0.491484 0.988095 0.000477439 -0.153845 0.440937 
0.0370861 -0.940089 0.338905 -0.105107 0.748833 -0.198426 -0.632358 -0.389457 0.66172 0.277235 0.696611 0.46367 -0.015407 -0.994668 -0.101968 0.386508 -0.153068 0.103124 -0.98282 -0.491497 0.988096 0.000465633 -0.15384 0.440941 
-0.0282737 -0.94676 0.320695 -0.202851 0.887792 -0.171221 -0.42721 -0.361414 0.459375 0.272632 0.845368 0.450092 -0.015416 -0.99467 -0.101951 0.386545 -0.153062 0.103109 -0.982823 -0.491509 0.988096 0.000453585 -0.153836 0.440945 
-0.0865124 -0.954088 0.286762 -0.299741 0.970205 -0.146073 -0.193302 -0.333399 0.226315 0.261495 0.938297 0.437004 -0.0154242 -0.994672 -0.101934 0.386582 -0.153056 0.103093 -0.982825 -0.491521 0.988097 0.000442362 -0.153831 0.440949 
-0.13429 -0.961478 0.239848 -0.392664 0.990685 -0.124754 0.0545794 -0.306425 -0.0225549 0.244944 0.969275 0.424256 -0.0154333 -0.994673 -0.101917 0.386618 -0.153051 0.103078 -0.982828 -0.491532 0.988098 0.000430122 -0.153826 0.440953 
-0.169662 -0.968024 0.184783 -0.471246 0.948411 -0.109424 0.297563 -0.284921 -0.267828 0.225735 0.936649 0.406274 -0.0154411 -0.994675 -0.101899 0.386648 -0.153045 0.103061 -0.98283 -0.491538 0.988099 0.00041908 -0.153821 0.440957 
-0.169662 -0.968024 0.184783 -0.471246 0.948411 -0.109424 0.297563 -0.284921 -0.267828 0.225735 0.936649 0.406274 -0.015363 -0.99466 -0.102054 0.38632 -0.153096 0.103203 -0.982808 -0.491433 0.988092 0.000525266 -0.153864 0.440921 
0.283169 -0.929229 0.237379 0.203594 -0.111529 -0.277735 -0.954162 -0.479273 0.952563 0.243714 -0.182282 0.496512 -0.0153721 -0.994662 -0.102036 0.386358 -0.15309 0.103186 -0.98281 -0.491446 0.988093 0.000512935 -0.153859 0.440925 
0.235269 -0.927649 0.290026 0.180984 0.10053 -0.273576 -0.956582 -0.462709 0.966717 0.254211 0.028892 0.49626 -0.0153808 -0.994664 -0.102019 0.386395 -0.153085 0.103171 -0.982813 -0.491459 0.988093 0.000501124 -0.153854 0.440929 
0.172805 -0.930364 0.32336 0.0914986 0.342205 -0.251137 -0.905442 -0.442025 0.923599 0.26712 0.274977 0.490732 -0.0153895 -0.994665 -0.102002 0.386433 -0.153079 0.103155 -0.982815 -0.491472 0.988094 0.000489336 -0.15385 0.440933 
0.105868 -0.934412 0.340098 -0.00739091 0.562466 -0.225775 -0.795398 -0.416778 0.820015 0.275501 0.501672 0.477626 -0.0153983 -0.994667 -0.101985 0.38647 -0.153073 0.10314 -0.982818 -0.491484 0.988095 0.000477421 -0.153845 0.440937 
0.0370861 -0.940089 0.338905 -0.105107 0.748833 -0.198426 -0.632358 -0.389457 0.66172 0.277235 0.696611 0.46367 -0.015407 -0.994668 -0.101968 0.386508 -0.153068 0.103124 -0.98282 -0.491497 0.988096 0.000465627 -0.15384 0.440941 
-0.0282737 -0.94676 0.320695 -0.202851 0.887792 -0.171221 -0.42721 -0.361414 0.459375 0.272632 0.845368 0.450093 -0.015416 -0.99467 -0.101951 0.386545 -0.153062 0.103109 -0.982823 -0.49151 0.988096 0.000453583 -0.153836 0.440945 
-0.0865124 -0.954088 0.286762 -0.299741 0.970205 -0.146073 -0.193302 -0.333399 0.226315 0.261495 0.938297 0.437004 -0.0154242 -0.994672 -0.101934 0.386583 -0.153056 0.103093 -0.982825 -0.491522 0.988097 0.000442363 -0.153831 0.440949 
-0.13429 -0.961478 0.239848 -0.392664 0.990685 -0.124754 0.0545794 -0.306425 -0.0225549 0.244944 0.969275 0.424256 -0.0154333 -0.994673 -0.101917 0.386618 -0.153051 0.103078 -0.982828 -0.491532 0.988098 0.000430127 -0.153826 0.440953 
-0.169662 -0.968024 0.184783 -0.471247 0.948411 -0.109424 0.297563 -0.284921 -0.267828 0.225735 0.936649 0.406274 -0.0154411 -0.994675 -0.101899 0.386648 -0.153045 0.103061 -0.98283 -0.491538 0.988099 0.000419093 -0.153821 0.440957 
-0.169662 -0.968024 0.184783 -0.471247 0.948411 -0.109424 0.297563 -0.284921 -0.267828 0.225735 0.936649 0.406274 -0.015364 -0.99466 -0.102054 0.38632 -0.153097 0.103203 -0.982808 -0.491433 0.988092 0.000524288 -0.153865 0.440922 
0.283169 -0.929229 0.237379 0.203594 -0.111529 -0.277735 -0.954162 -0.479273 0.952563 0.243715 -0.182282 0.496511 -0.0153728 -0.994662 -0.102038 0.386358 -0.153091 0.103188 -0.98281 -0.491446 0.988093 0.000512505 -0.15386 0.440926 
