1535381463127 0.226603 0.921007 -0.316856 -0.510468 -0.940512 0.291468 0.174594 -0.187838 0.253156 0.258444 0.932265 0.448063 0.25601 -0.247388 0.934483 0.428103 -0.966672 -0.0636708 0.247973 -0.4934 -0.00184632 -0.966822 -0.255443 0.460385 
1535381463139 0.228939 0.921702 -0.313134 -0.523201 -0.94036 0.292551 0.173599 -0.193158 0.251614 0.254715 0.933708 0.440589 0.244693 -0.235815 0.940488 0.423404 -0.96947 -0.0436035 0.241301 -0.492285 -0.0158936 -0.970819 -0.239285 0.458317 
1535381463984 0.23127 0.92238 -0.309403 -0.535936 -0.940203 0.293639 0.17261 -0.19848 0.250064 0.250982 0.935134 0.433115 0.233522 -0.223958 0.946209 0.418703 -0.971885 -0.0236072 0.234271 -0.491165 -0.0301295 -0.974313 -0.223174 0.456248 
1535381464820 0.233593 0.92304 -0.305665 -0.548671 -0.940043 0.294729 0.171624 -0.203802 0.248504 0.247248 0.936544 0.42564 0.222505 -0.211825 0.951642 0.414001 -0.973913 -0.0036949 0.22689 -0.490044 -0.0445446 -0.977301 -0.207121 0.454179 
1535381465624 0.23591 0.923683 -0.30192 -0.561406 -0.939878 0.295823 0.170642 -0.209124 0.246934 0.243511 0.937937 0.418165 0.211649 -0.199422 0.956784 0.4093 -0.975556 0.0161211 0.219161 -0.488923 -0.05913 -0.979781 -0.191136 0.45211 
1535381466523 0.238219 0.924309 -0.298167 -0.574141 -0.939709 0.296919 0.169665 -0.214445 0.245354 0.239773 0.939314 0.410691 0.20096 -0.186759 0.961632 0.404598 -0.97681 0.0358287 0.21109 -0.487803 -0.073877 -0.981752 -0.175228 0.450041 
1535381467393 0.240522 0.924918 -0.294408 -0.586875 -0.939536 0.298019 0.168692 -0.219767 0.243765 0.236033 0.940674 0.403216 0.190447 -0.173842 0.966183 0.399897 -0.977675 0.0554157 0.202683 -0.486682 -0.0887764 -0.983213 -0.159407 0.447972 
1535381468262 0.242818 0.925509 -0.290641 -0.59961 -0.939359 0.299122 0.167723 -0.225089 0.242166 0.23229 0.942017 0.395742 0.180113 -0.160679 0.970434 0.395195 -0.978152 0.0748703 0.193942 -0.485561 -0.103819 -0.984163 -0.143683 0.445903 
1535381469150 0.245107 0.926083 -0.286868 -0.612346 -0.939178 0.300228 0.166758 -0.230411 0.240558 0.228546 0.943344 0.388267 0.169967 -0.147278 0.974382 0.390494 -0.978239 0.0941802 0.184875 -0.48444 -0.118996 -0.984601 -0.128066 0.443834 
1535381470087 0.247388 0.926639 -0.283087 -0.625082 -0.938993 0.301337 0.165798 -0.235733 0.238939 0.2248 0.944655 0.380792 0.160014 -0.133649 0.978025 0.385792 -0.977937 0.113334 0.175487 -0.48332 -0.134297 -0.984527 -0.112565 0.441765 
1535381471063 0.248268 0.926223 -0.283678 -0.624838 -0.93873 0.302312 0.16551 -0.235989 0.239058 0.225207 0.944528 0.381089 0.160574 -0.134762 0.977781 0.386117 -0.978081 0.111321 0.175967 -0.483355 -0.132561 -0.984605 -0.113933 0.441804 
1535381471194 0.248407 0.92632 -0.283242 -0.626131 -0.938737 0.302325 0.165443 -0.236493 0.238884 0.224792 0.944671 0.380313 0.162787 -0.132212 0.977763 0.385758 -0.978543 0.105227 0.177146 -0.483652 -0.126308 -0.98562 -0.112246 0.441647 
1535381471558 0.248547 0.926416 -0.282804 -0.627429 -0.938745 0.302339 0.165376 -0.237 0.23871 0.224377 0.944814 0.379536 0.164984 -0.129647 0.977738 0.385398 -0.978964 0.0991312 0.178335 -0.48395 -0.120045 -0.986592 -0.110564 0.441491 
1535381471923 0.248687 0.926512 -0.282366 -0.628728 -0.938752 0.302352 0.16531 -0.237507 0.238535 0.223961 0.944956 0.378758 0.167164 -0.127067 0.977707 0.385039 -0.979343 0.0930349 0.179535 -0.484248 -0.113774 -0.987521 -0.10889 0.441334 
1535381472283 0.248826 0.926608 -0.281928 -0.630027 -0.93876 0.302366 0.165243 -0.238014 0.238361 0.223546 0.945099 0.377981 0.169326 -0.124473 0.977668 0.38468 -0.97968 0.0869381 0.180743 -0.484545 -0.107494 -0.988407 -0.107223 0.441178 
1535381472645 0.248966 0.926704 -0.28149 -0.631325 -0.938767 0.302379 0.165176 -0.238521 0.238186 0.223131 0.945241 0.377204 0.171473 -0.121865 0.977623 0.384321 -0.979977 0.0808411 0.181963 -0.484843 -0.101207 -0.989249 -0.105563 0.441021 
1535381473004 0.249105 0.926799 -0.281052 -0.632622 -0.938774 0.302393 0.165109 -0.239027 0.238011 0.222715 0.945383 0.376427 0.173601 -0.119243 0.97757 0.383962 -0.980232 0.0747442 0.183191 -0.48514 -0.0949121 -0.990048 -0.10391 0.440865 
1535381473379 0.249244 0.926894 -0.280614 -0.633921 -0.938782 0.302407 0.165042 -0.239534 0.237836 0.2223 0.945525 0.37565 0.175713 -0.116608 0.977511 0.383603 -0.980445 0.0686477 0.18443 -0.485438 -0.0886098 -0.990803 -0.102265 0.440708 
1535381473728 0.249383 0.926989 -0.280176 -0.635219 -0.938789 0.302421 0.164975 -0.240041 0.237661 0.221884 0.945666 0.374873 0.177808 -0.113959 0.977445 0.383243 -0.980618 0.0625518 0.185678 -0.485736 -0.0823006 -0.991514 -0.100628 0.440552 
1535381474083 0.249522 0.927084 -0.279738 -0.636518 -0.938796 0.302434 0.164909 -0.240548 0.237487 0.221469 0.945808 0.374095 0.179886 -0.111297 0.977371 0.382884 -0.980748 0.0564567 0.186936 -0.486033 -0.0759845 -0.992182 -0.0989982 0.440395 
1535381474456 0.249788 0.926949 -0.279948 -0.636317 -0.938706 0.302744 0.164854 -0.240544 0.237564 0.22161 0.945755 0.374208 0.179507 -0.111816 0.977381 0.382989 -0.980733 0.0574957 0.1867 -0.485976 -0.0770712 -0.992064 -0.0993404 0.440381 
1535381474472 0.249285 0.926861 -0.280688 -0.636517 -0.938755 0.302474 0.165072 -0.240717 0.2379 0.222348 0.945497 0.374188 0.181177 -0.112885 0.97695 0.382904 -0.980738 0.0529865 0.188002 -0.486219 -0.0729878 -0.992194 -0.101111 0.440715 
1535381474737 0.24878 0.926772 -0.281427 -0.636721 -0.938804 0.302203 0.16529 -0.240892 0.238235 0.223084 0.94524 0.374167 0.182854 -0.113946 0.976515 0.38282 -0.980722 0.048475 0.189298 -0.486467 -0.0689064 -0.992304 -0.102886 0.44105 
1535381474993 0.248275 0.926683 -0.282166 -0.636924 -0.938853 0.301931 0.165509 -0.241067 0.238569 0.223821 0.944981 0.374147 0.184535 -0.115 0.976075 0.382737 -0.980686 0.0439613 0.190586 -0.486714 -0.0648268 -0.992392 -0.104666 0.441385 
1535381475249 0.24777 0.926593 -0.282904 -0.637128 -0.938901 0.30166 0.165728 -0.241242 0.238903 0.224557 0.944722 0.374126 0.186219 -0.116045 0.975631 0.382653 -0.980628 0.0394453 0.191865 -0.486962 -0.060749 -0.99246 -0.106451 0.441719 
1535381475490 0.247264 0.926503 -0.283643 -0.637331 -0.938949 0.301389 0.165947 -0.241416 0.239237 0.225293 0.944462 0.374105 0.187907 -0.117082 0.975183 0.382569 -0.98055 0.0349273 0.193135 -0.487208 -0.0566731 -0.992508 -0.108242 0.442054 
1535381475733 0.246758 0.926411 -0.28438 -0.637536 -0.938998 0.301118 0.166166 -0.241592 0.23957 0.22603 0.944202 0.374084 0.189599 -0.118112 0.974732 0.382486 -0.980452 0.0304072 0.194396 -0.487457 -0.0525993 -0.992535 -0.110038 0.442389 
1535381475989 0.246252 0.92632 -0.285118 -0.637741 -0.939046 0.300848 0.166385 -0.241767 0.239903 0.226766 0.943941 0.374063 0.191295 -0.119133 0.974276 0.382403 -0.980332 0.0258852 0.19565 -0.487705 -0.0485277 -0.992541 -0.111838 0.442724 
1535381476253 0.245745 0.926227 -0.285855 -0.637944 -0.939093 0.300577 0.166605 -0.241942 0.240235 0.227502 0.943679 0.374043 0.192995 -0.120146 0.973816 0.382319 -0.980192 0.0213615 0.196894 -0.487952 -0.0444582 -0.992526 -0.113644 0.443058 
1535381476494 0.245238 0.926133 -0.286592 -0.638147 -0.939141 0.300307 0.166825 -0.242116 0.240567 0.228238 0.943416 0.374022 0.194698 -0.121151 0.973352 0.382235 -0.980031 0.0168361 0.198129 -0.488199 -0.0403911 -0.992491 -0.115454 0.443393 
1535381476772 0.245886 0.926227 -0.285734 -0.637926 -0.939056 0.30069 0.166613 -0.242018 0.240238 0.227352 0.943714 0.374115 0.194185 -0.120936 0.973482 0.382214 -0.980069 0.0184781 0.197794 -0.488111 -0.0419084 -0.992488 -0.114937 0.443208 
1535381476790 0.245267 0.926386 -0.285749 -0.637912 -0.939127 0.300188 0.167114 -0.242107 0.24059 0.227367 0.943621 0.374173 0.194014 -0.12168 0.973423 0.382136 -0.980086 0.0187522 0.197686 -0.488112 -0.0423083 -0.992392 -0.115619 0.443324 
1535381476954 0.244648 0.926546 -0.285763 -0.637904 -0.939199 0.299685 0.167615 -0.242199 0.240942 0.227381 0.943528 0.37423 0.193842 -0.122424 0.973364 0.382057 -0.980103 0.0190277 0.197577 -0.488112 -0.0427091 -0.992295 -0.1163 0.443439 
1535381477032 0.244029 0.926705 -0.285776 -0.637896 -0.93927 0.299181 0.168117 -0.242291 0.241294 0.227395 0.943434 0.374286 0.193669 -0.123169 0.973305 0.381978 -0.980119 0.0193031 0.197468 -0.488111 -0.0431097 -0.992198 -0.116982 0.443555 
1535381477168 0.243409 0.926864 -0.285789 -0.637888 -0.93934 0.298678 0.168619 -0.242383 0.241646 0.22741 0.943341 0.374343 0.193496 -0.123913 0.973244 0.3819 -0.980136 0.0195786 0.197359 -0.488111 -0.0435101 -0.9921 -0.117663 0.44367 
1535381477277 0.24279 0.927022 -0.285803 -0.637879 -0.93941 0.298174 0.16912 -0.242474 0.241997 0.227425 0.943247 0.3744 0.193323 -0.124657 0.973184 0.381821 -0.980152 0.0198543 0.19725 -0.488111 -0.0439105 -0.992001 -0.118345 0.443786 
1535381477391 0.24217 0.92718 -0.285815 -0.637871 -0.939479 0.29767 0.169622 -0.242566 0.242349 0.22744 0.943153 0.374457 0.193149 -0.125401 0.973123 0.381743 -0.980168 0.02013 0.197142 -0.488111 -0.0443107 -0.991902 -0.119026 0.443902 
1535381477504 0.24155 0.927338 -0.285827 -0.637864 -0.939548 0.297167 0.170124 -0.242658 0.242701 0.227455 0.943059 0.374513 0.192975 -0.126145 0.973061 0.381664 -0.980184 0.0204058 0.197033 -0.488111 -0.0447108 -0.991802 -0.119708 0.444017 
1535381477612 0.24093 0.927496 -0.285839 -0.637855 -0.939616 0.296663 0.170625 -0.242749 0.243052 0.22747 0.942965 0.37457 0.192801 -0.126889 0.972999 0.381585 -0.9802 0.0206817 0.196925 -0.488111 -0.0451108 -0.991701 -0.120389 0.444133 
1535381477734 0.24031 0.927653 -0.285851 -0.637846 -0.939684 0.296159 0.171127 -0.242841 0.243404 0.227486 0.942871 0.374627 0.192626 -0.127632 0.972936 0.381507 -0.980216 0.0209576 0.196817 -0.488111 -0.0455106 -0.9916 -0.12107 0.444248 
1535381477861 0.24085 0.92747 -0.28599 -0.637893 -0.939657 0.296595 0.170516 -0.242679 0.242972 0.227664 0.942939 0.374507 0.192747 -0.12679 0.973023 0.381605 -0.980204 0.0208569 0.196887 -0.488131 -0.0452576 -0.99171 -0.12026 0.444117 
1535381477879 0.24039 0.927746 -0.285481 -0.637897 -0.939872 0.295972 0.170415 -0.242778 0.242596 0.227349 0.943112 0.374496 0.192325 -0.127145 0.97306 0.381568 -0.980283 0.0209195 0.196487 -0.488113 -0.0453382 -0.991663 -0.120615 0.444174 
1535381477901 0.239952 0.928017 -0.284971 -0.637906 -0.940083 0.295367 0.170303 -0.242878 0.242215 0.227032 0.943286 0.374484 0.191903 -0.1275 0.973096 0.38153 -0.980362 0.0209834 0.196086 -0.488092 -0.0454199 -0.991617 -0.12097 0.444231 
1535381478030 0.239512 0.928287 -0.28446 -0.637916 -0.940293 0.294762 0.17019 -0.242979 0.241833 0.226713 0.94346 0.374471 0.191481 -0.127856 0.973133 0.381492 -0.980441 0.0210475 0.195685 -0.488072 -0.0455014 -0.991569 -0.121325 0.444287 
1535381478123 0.239073 0.928556 -0.28395 -0.637926 -0.940503 0.294158 0.170077 -0.24308 0.241452 0.226395 0.943635 0.374458 0.191059 -0.128211 0.973169 0.381454 -0.98052 0.0211117 0.195283 -0.488052 -0.0455827 -0.991522 -0.12168 0.444344 
1535381478243 0.238633 0.928825 -0.28344 -0.637934 -0.940712 0.293553 0.169963 -0.24318 0.241071 0.226077 0.943808 0.374446 0.190637 -0.128566 0.973205 0.381417 -0.980598 0.0211761 0.194882 -0.488032 -0.0456639 -0.991475 -0.122034 0.444401 
1535381478319 0.238193 0.929093 -0.28293 -0.637944 -0.940921 0.292949 0.169849 -0.243281 0.24069 0.225758 0.943982 0.374433 0.190214 -0.128921 0.973241 0.381379 -0.980676 0.0212406 0.194481 -0.488012 -0.045745 -0.991427 -0.122389 0.444458 
1535381478445 0.237753 0.929361 -0.28242 -0.637952 -0.94113 0.292344 0.169735 -0.243381 0.240309 0.225439 0.944155 0.37442 0.189792 -0.129276 0.973276 0.381341 -0.980754 0.0213053 0.19408 -0.487992 -0.0458258 -0.99138 -0.122744 0.444515 
1535381478523 0.237312 0.929629 -0.28191 -0.637963 -0.941338 0.291739 0.169621 -0.243482 0.239928 0.225119 0.944328 0.374407 0.18937 -0.129631 0.973311 0.381304 -0.980832 0.0213701 0.193679 -0.487972 -0.0459066 -0.991332 -0.123099 0.444571 
1535381478625 0.236872 0.929896 -0.2814 -0.637971 -0.941546 0.291134 0.169506 -0.243582 0.239548 0.2248 0.944501 0.374395 0.188947 -0.129986 0.973346 0.381266 -0.98091 0.0214351 0.193278 -0.487953 -0.0459871 -0.991284 -0.123454 0.444628 
1535381478725 0.237152 0.929637 -0.282016 -0.637977 -0.941333 0.291647 0.169804 -0.243346 0.240105 0.225202 0.944263 0.374443 0.189617 -0.129357 0.9733 0.381306 -0.980788 0.0213221 0.19391 -0.488036 -0.0458364 -0.991369 -0.122829 0.444508 
1535381478746 0.237533 0.929611 -0.281784 -0.637938 -0.941281 0.291927 0.169611 -0.24335 0.239933 0.22495 0.944368 0.374422 0.189469 -0.13022 0.973213 0.381317 -0.980796 0.0216018 0.193836 -0.488081 -0.0462645 -0.99125 -0.123626 0.444615 
1535381478761 0.237913 0.929584 -0.281551 -0.637894 -0.941229 0.292207 0.169419 -0.243352 0.23976 0.224697 0.944471 0.374403 0.18932 -0.131083 0.973126 0.381331 -0.980805 0.0218814 0.193762 -0.488128 -0.0466923 -0.99113 -0.124425 0.444724 
1535381478929 0.238293 0.929557 -0.281319 -0.637848 -0.941177 0.292486 0.169227 -0.243353 0.239588 0.224446 0.944575 0.374383 0.189172 -0.131948 0.973038 0.381345 -0.980813 0.0221612 0.193688 -0.488176 -0.0471204 -0.991009 -0.125224 0.444833 
1535381478985 0.238673 0.92953 -0.281087 -0.637804 -0.941125 0.292766 0.169034 -0.243355 0.239415 0.224194 0.944679 0.374364 0.189023 -0.132811 0.97295 0.381358 -0.980821 0.0224409 0.193615 -0.488223 -0.0475481 -0.990887 -0.126022 0.444942 
1535381479137 0.239053 0.929502 -0.280854 -0.63776 -0.941072 0.293046 0.168842 -0.243357 0.239243 0.223942 0.944782 0.374344 0.188873 -0.133674 0.972861 0.381371 -0.980829 0.0227206 0.193542 -0.488269 -0.0479756 -0.990765 -0.12682 0.44505 
1535381479194 0.239433 0.929475 -0.280622 -0.637715 -0.941019 0.293325 0.16865 -0.243358 0.23907 0.22369 0.944885 0.374324 0.188723 -0.134538 0.972771 0.381384 -0.980837 0.0230004 0.193469 -0.488317 -0.048403 -0.990642 -0.127619 0.445159 
1535381479338 0.239813 0.929447 -0.280389 -0.63767 -0.940966 0.293605 0.168458 -0.243359 0.238897 0.223438 0.944989 0.374305 0.188572 -0.135401 0.97268 0.381397 -0.980845 0.0232803 0.193396 -0.488364 -0.0488302 -0.990517 -0.128417 0.445267 
1535381479400 0.240193 0.929419 -0.280157 -0.637626 -0.940914 0.293885 0.168267 -0.243361 0.238724 0.223187 0.945092 0.374285 0.188422 -0.136264 0.972589 0.38141 -0.980852 0.0235601 0.193324 -0.488411 -0.0492573 -0.990392 -0.129215 0.445376 
1535381479548 0.240573 0.929391 -0.279924 -0.637582 -0.94086 0.294164 0.168075 -0.243363 0.238551 0.222935 0.945195 0.374266 0.188271 -0.137126 0.972497 0.381423 -0.98086 0.0238401 0.193251 -0.488458 -0.0496843 -0.990267 -0.130013 0.445484 
1535381479610 0.239897 0.92949 -0.280176 -0.637655 -0.940965 0.293628 0.168429 -0.243278 0.23882 0.22323 0.945057 0.37434 0.188229 -0.135953 0.97267 0.381367 -0.980898 0.0234701 0.193102 -0.488451 -0.0490815 -0.990437 -0.128939 0.445424 
1535381479630 0.240702 0.929315 -0.280063 -0.637448 -0.940835 0.294306 0.16797 -0.243179 0.238521 0.223062 0.945172 0.374393 0.188397 -0.135979 0.972634 0.381412 -0.980898 0.0227771 0.193183 -0.488571 -0.0484226 -0.99045 -0.12909 0.445394 
1535381479712 0.241509 0.92914 -0.27995 -0.637237 -0.940704 0.294985 0.16751 -0.243077 0.238221 0.222895 0.945287 0.374447 0.188566 -0.136005 0.972597 0.381458 -0.980898 0.0220844 0.193264 -0.488691 -0.0477641 -0.990462 -0.129243 0.445364 
1535381479867 0.242315 0.928964 -0.279837 -0.637024 -0.940573 0.295664 0.16705 -0.242975 0.237921 0.222728 0.945402 0.374502 0.188735 -0.136032 0.972561 0.381503 -0.980898 0.0213916 0.193345 -0.488812 -0.0471057 -0.990474 -0.129396 0.445333 
1535381480029 0.24312 0.928788 -0.279723 -0.636814 -0.940441 0.296342 0.16659 -0.242874 0.237621 0.222562 0.945517 0.374556 0.188905 -0.136058 0.972524 0.381549 -0.980896 0.0206988 0.193427 -0.488932 -0.0464472 -0.990485 -0.129548 0.445303 
1535381480202 0.243926 0.928611 -0.279609 -0.636601 -0.940308 0.297021 0.16613 -0.242772 0.23732 0.222396 0.945632 0.37461 0.189074 -0.136084 0.972488 0.381594 -0.980895 0.0200059 0.193508 -0.489053 -0.0457888 -0.990495 -0.129701 0.445273 
1535381480370 0.244731 0.928434 -0.279495 -0.636389 -0.940175 0.2977 0.16567 -0.24267 0.23702 0.22223 0.945746 0.374664 0.189243 -0.13611 0.972451 0.38164 -0.980893 0.0193131 0.193589 -0.489174 -0.0451304 -0.990506 -0.129854 0.445243 
1535381480543 0.245537 0.928256 -0.27938 -0.636178 -0.94004 0.298378 0.165211 -0.242569 0.236719 0.222064 0.94586 0.374718 0.189412 -0.136135 0.972415 0.381685 -0.98089 0.0186203 0.19367 -0.489294 -0.044472 -0.990515 -0.130007 0.445213 
1535381480712 0.246342 0.928077 -0.279266 -0.635965 -0.939906 0.299056 0.164751 -0.242467 0.236418 0.221898 0.945975 0.374773 0.189581 -0.136161 0.972378 0.381731 -0.980887 0.0179274 0.193751 -0.489415 -0.0438135 -0.990524 -0.13016 0.445182 
1535381480873 0.247146 0.927898 -0.27915 -0.635754 -0.93977 0.299734 0.164291 -0.242365 0.236116 0.221733 0.946089 0.374827 0.18975 -0.136187 0.972341 0.381776 -0.980883 0.0172346 0.193831 -0.489535 -0.0431551 -0.990533 -0.130313 0.445152 
1535381481067 0.246607 0.927985 -0.279336 -0.635928 -0.939861 0.299299 0.164563 -0.242447 0.236317 0.221954 0.945987 0.374767 0.189567 -0.136161 0.972381 0.381743 -0.980867 0.0184341 0.193803 -0.489315 -0.0443134 -0.990515 -0.130062 0.445122 
1535381481082 0.246795 0.927894 -0.279471 -0.635583 -0.939827 0.299488 0.164413 -0.242315 0.236256 0.222078 0.945973 0.374889 0.190018 -0.13583 0.972339 0.381778 -0.980779 0.018455 0.194245 -0.489459 -0.0443288 -0.99056 -0.129713 0.445003 
1535381481122 0.246983 0.927803 -0.279607 -0.635234 -0.939793 0.299678 0.164261 -0.242181 0.236194 0.222203 0.945959 0.375012 0.190469 -0.135498 0.972297 0.381813 -0.980691 0.0184766 0.194688 -0.489603 -0.0443447 -0.990605 -0.129363 0.444885 
1535381481337 0.247171 0.927712 -0.279744 -0.634885 -0.939759 0.299867 0.16411 -0.242047 0.236133 0.222328 0.945945 0.375135 0.190921 -0.135166 0.972255 0.381849 -0.980603 0.0184984 0.195132 -0.489748 -0.0443604 -0.99065 -0.129012 0.444766 
1535381481543 0.24736 0.927621 -0.27988 -0.634535 -0.939725 0.300057 0.163959 -0.241913 0.236071 0.222453 0.945931 0.375258 0.191373 -0.134834 0.972212 0.381884 -0.980514 0.0185203 0.195576 -0.489892 -0.0443759 -0.990695 -0.128662 0.444648 
1535381481725 0.247548 0.92753 -0.280016 -0.634185 -0.939691 0.300246 0.163807 -0.241778 0.23601 0.222579 0.945917 0.375381 0.191825 -0.134502 0.972169 0.381919 -0.980425 0.0185423 0.196019 -0.490037 -0.0443913 -0.99074 -0.128312 0.444529 
1535381481919 0.247736 0.927438 -0.280152 -0.633835 -0.939657 0.300435 0.163655 -0.241644 0.235948 0.222704 0.945903 0.375504 0.192276 -0.13417 0.972126 0.381955 -0.980336 0.0185646 0.196463 -0.490181 -0.0444065 -0.990784 -0.127962 0.444411 
1535381482124 0.247924 0.927347 -0.280288 -0.633486 -0.939623 0.300625 0.163504 -0.24151 0.235886 0.222829 0.945888 0.375627 0.192728 -0.133838 0.972082 0.38199 -0.980246 0.0185869 0.196906 -0.490325 -0.0444216 -0.990829 -0.127612 0.444292 
1535381482307 0.248112 0.927255 -0.280424 -0.633137 -0.939589 0.300814 0.163353 -0.241376 0.235825 0.222954 0.945874 0.37575 0.19318 -0.133506 0.972038 0.382025 -0.980157 0.0186094 0.19735 -0.49047 -0.0444364 -0.990873 -0.127262 0.444174 
1535381482519 0.2483 0.927164 -0.28056 -0.632786 -0.939554 0.301003 0.163201 -0.241241 0.235763 0.223079 0.94586 0.375873 0.193632 -0.133174 0.971994 0.382061 -0.980067 0.0186321 0.197793 -0.490614 -0.0444512 -0.990917 -0.126912 0.444055 
1535381482735 0.248344 0.927192 -0.280428 -0.63299 -0.939541 0.301024 0.163243 -0.241312 0.235773 0.222934 0.945892 0.375813 0.192953 -0.133513 0.972082 0.381959 -0.980206 0.0185224 0.197109 -0.490538 -0.0443219 -0.990874 -0.127296 0.44423 
1535381482749 0.248223 0.927167 -0.280617 -0.632526 -0.939449 0.301059 0.163706 -0.241158 0.236265 0.222989 0.945756 0.375965 0.192846 -0.13375 0.972071 0.382014 -0.980203 0.0190211 0.197077 -0.490617 -0.0448489 -0.990833 -0.127434 0.444191 
1535381482943 0.248103 0.927142 -0.280806 -0.632057 -0.939356 0.301094 0.16417 -0.241002 0.236758 0.223046 0.945619 0.376117 0.192745 -0.133986 0.972058 0.382068 -0.980199 0.0195203 0.19705 -0.490695 -0.0453768 -0.990791 -0.12757 0.444152 
1535381483157 0.247983 0.927117 -0.280996 -0.631586 -0.939264 0.30113 0.164633 -0.240846 0.237251 0.223103 0.945483 0.37627 0.192644 -0.134221 0.972046 0.382123 -0.980194 0.0200196 0.197024 -0.490774 -0.0459047 -0.990749 -0.127706 0.444112 
1535381483365 0.247863 0.927092 -0.281185 -0.631117 -0.939171 0.301166 0.165097 -0.24069 0.237743 0.223159 0.945345 0.376423 0.192543 -0.134457 0.972033 0.382177 -0.980189 0.0205188 0.196997 -0.490853 -0.0464326 -0.990707 -0.127842 0.444073 
1535381483565 0.247743 0.927066 -0.281374 -0.630648 -0.939078 0.301202 0.16556 -0.240534 0.238236 0.223216 0.945208 0.376575 0.192442 -0.134692 0.972021 0.382232 -0.980184 0.0210181 0.19697 -0.490931 -0.0469604 -0.990665 -0.127979 0.444033 
1535381483780 0.247622 0.927041 -0.281563 -0.630178 -0.938985 0.301238 0.166024 -0.240378 0.238728 0.223272 0.945071 0.376728 0.19234 -0.134928 0.972008 0.382287 -0.980179 0.0215173 0.196944 -0.49101 -0.0474882 -0.990622 -0.128115 0.443993 
1535381483998 0.247502 0.927016 -0.281752 -0.629709 -0.938891 0.301274 0.166487 -0.240222 0.23922 0.223329 0.944933 0.376881 0.192239 -0.135163 0.971995 0.382341 -0.980173 0.0220166 0.196918 -0.491089 -0.048016 -0.990579 -0.128251 0.443954 
1535381484227 0.247382 0.926991 -0.281941 -0.629239 -0.938797 0.30131 0.16695 -0.240065 0.239713 0.223385 0.944795 0.377034 0.192138 -0.135398 0.971983 0.382396 -0.980167 0.0225157 0.196892 -0.491167 -0.0485437 -0.990535 -0.128387 0.443914 
1535381484430 0.247261 0.926965 -0.28213 -0.62877 -0.938703 0.301345 0.167413 -0.239909 0.240205 0.223442 0.944656 0.377186 0.192035 -0.135634 0.97197 0.38245 -0.98016 0.023015 0.196865 -0.491246 -0.0490715 -0.990492 -0.128523 0.443875 
1535381484669 0.247136 0.927055 -0.281944 -0.629018 -0.93877 0.301161 0.167371 -0.239867 0.240073 0.223317 0.944719 0.377148 0.192208 -0.135351 0.971975 0.382383 -0.980157 0.0224234 0.196948 -0.491146 -0.0484521 -0.990544 -0.128355 0.443891 
1535381484691 0.247104 0.927013 -0.282111 -0.628643 -0.938646 0.301283 0.167843 -0.239734 0.240588 0.223328 0.944586 0.377253 0.192643 -0.134486 0.972009 0.382436 -0.980129 0.0213521 0.197207 -0.491241 -0.0472761 -0.990685 -0.127701 0.443755 
1535381484884 0.247074 0.926969 -0.282281 -0.628262 -0.938522 0.301408 0.168314 -0.239598 0.241104 0.223341 0.944451 0.377359 0.193077 -0.133622 0.972042 0.382489 -0.9801 0.0202815 0.197466 -0.491338 -0.0461001 -0.990825 -0.127047 0.443619 
1535381485089 0.247043 0.926926 -0.28245 -0.627882 -0.938398 0.301532 0.168785 -0.239463 0.241619 0.223353 0.944317 0.377465 0.19351 -0.132756 0.972075 0.382541 -0.980069 0.019211 0.197726 -0.491434 -0.0449238 -0.990962 -0.126393 0.443484 
1535381485282 0.247012 0.926883 -0.282619 -0.627501 -0.938273 0.301656 0.169256 -0.239327 0.242134 0.223365 0.944182 0.37757 0.193943 -0.131891 0.972107 0.382594 -0.980037 0.0181407 0.197986 -0.491531 -0.0437472 -0.991098 -0.125739 0.443348 
1535381485463 0.246982 0.926839 -0.282788 -0.627122 -0.938148 0.30178 0.169727 -0.239193 0.24265 0.223377 0.944046 0.377676 0.194374 -0.131024 0.972138 0.382647 -0.980003 0.0170706 0.198247 -0.491627 -0.0425702 -0.991232 -0.125086 0.443212 
1535381485663 0.246951 0.926796 -0.282957 -0.626741 -0.938022 0.301905 0.170198 -0.239057 0.243165 0.223389 0.943911 0.377782 0.194804 -0.130157 0.972168 0.3827 -0.979968 0.0160008 0.198509 -0.491723 -0.0413928 -0.991364 -0.124433 0.443076 
1535381485865 0.24692 0.926753 -0.283126 -0.626361 -0.937897 0.302029 0.170669 -0.238922 0.24368 0.223401 0.943775 0.377888 0.195233 -0.12929 0.972198 0.382753 -0.979932 0.0149311 0.198772 -0.49182 -0.0402151 -0.991494 -0.12378 0.44294 
1535381486064 0.246889 0.926709 -0.283295 -0.62598 -0.937771 0.302153 0.171139 -0.238786 0.244195 0.223414 0.943639 0.377994 0.195661 -0.128422 0.972227 0.382806 -0.979894 0.0138617 0.199035 -0.491916 -0.0390371 -0.991623 -0.123128 0.442805 
1535381486258 0.246858 0.926666 -0.283464 -0.6256 -0.937645 0.302278 0.17161 -0.238651 0.24471 0.223425 0.943503 0.378099 0.196088 -0.127553 0.972255 0.382859 -0.979855 0.0127925 0.199299 -0.492012 -0.0378588 -0.991749 -0.122475 0.442669 
1535381486481 0.246936 0.926701 -0.28328 -0.625812 -0.937727 0.302224 0.171256 -0.238749 0.244317 0.22335 0.943623 0.378077 0.195825 -0.128158 0.972228 0.382794 -0.979887 0.0132453 0.199113 -0.491942 -0.0383954 -0.991665 -0.122987 0.442841 
1535381486504 0.246977 0.926642 -0.283436 -0.625471 -0.937633 0.302368 0.171515 -0.238609 0.244635 0.223399 0.943529 0.378178 0.196338 -0.126971 0.972281 0.382836 -0.979906 0.010136 0.199201 -0.492028 -0.0351479 -0.991855 -0.12243 0.442707 
1535381486748 0.247019 0.926583 -0.283594 -0.625125 -0.937539 0.302514 0.171773 -0.238466 0.244953 0.223449 0.943434 0.378279 0.196846 -0.125783 0.972332 0.382878 -0.979915 0.00702653 0.19929 -0.492115 -0.0318994 -0.992033 -0.121873 0.442572 
1535381486980 0.247061 0.926523 -0.283752 -0.624779 -0.937445 0.302659 0.172032 -0.238323 0.245271 0.2235 0.94334 0.378381 0.197351 -0.124593 0.972383 0.38292 -0.979914 0.00391701 0.199382 -0.492202 -0.0286503 -0.9922 -0.121317 0.442438 
1535381487223 0.247104 0.926464 -0.28391 -0.624432 -0.93735 0.302805 0.17229 -0.23818 0.245589 0.22355 0.943245 0.378482 0.197853 -0.123401 0.972433 0.382962 -0.979903 0.000807545 0.199475 -0.49229 -0.0254006 -0.992357 -0.120761 0.442304 
1535381487455 0.247146 0.926404 -0.284068 -0.624085 -0.937256 0.30295 0.172548 -0.238037 0.245907 0.2236 0.94315 0.378584 0.19835 -0.122207 0.972483 0.383004 -0.979881 -0.00230181 0.19957 -0.492377 -0.0221504 -0.992502 -0.120205 0.44217 
1535381487727 0.247188 0.926344 -0.284227 -0.623738 -0.937161 0.303096 0.172806 -0.237894 0.246225 0.223651 0.943055 0.378686 0.198843 -0.121012 0.972531 0.383046 -0.979849 -0.00541098 0.199666 -0.492464 -0.0188996 -0.992636 -0.119649 0.442036 
1535381487963 0.24723 0.926284 -0.284384 -0.623393 -0.937067 0.303241 0.173064 -0.237752 0.246543 0.223701 0.94296 0.378787 0.199332 -0.119815 0.97258 0.383088 -0.979807 -0.00851998 0.199764 -0.492551 -0.0156484 -0.99276 -0.119094 0.441902 
1535381488231 0.247272 0.926225 -0.284542 -0.623047 -0.936972 0.303386 0.173322 -0.237609 0.246861 0.223751 0.942865 0.378889 0.199818 -0.118617 0.972627 0.38313 -0.979755 -0.0116288 0.199864 -0.492638 -0.0123968 -0.992872 -0.118539 0.441767 
1535381488508 0.247314 0.926165 -0.284701 -0.6227 -0.936877 0.303532 0.173579 -0.237466 0.247179 0.223801 0.94277 0.378991 0.200299 -0.117417 0.972673 0.383172 -0.979692 -0.0147374 0.199966 -0.492725 -0.00914469 -0.992973 -0.117984 0.441633 
1535381488785 0.247195 0.926267 -0.284472 -0.622926 -0.936942 0.303345 0.173554 -0.237482 0.247051 0.223632 0.942844 0.37896 0.200125 -0.117827 0.97266 0.383113 -0.979717 -0.0136777 0.19992 -0.492719 -0.0102522 -0.99294 -0.118175 0.44171 
1535381488796 0.24732 0.926161 -0.284707 -0.622679 -0.936929 0.303491 0.173372 -0.237373 0.246977 0.223872 0.942806 0.37904 0.200371 -0.117983 0.97259 0.383137 -0.979679 -0.0150922 0.200001 -0.492809 -0.0089182 -0.992901 -0.118609 0.441752 
1535381488816 0.247446 0.926055 -0.284944 -0.622427 -0.936915 0.303638 0.17319 -0.237263 0.246903 0.224113 0.942768 0.379122 0.200618 -0.118138 0.97252 0.383161 -0.97964 -0.0165052 0.200082 -0.4929 -0.00758562 -0.99286 -0.119044 0.441794 
1535381489012 0.247572 0.925948 -0.28518 -0.622176 -0.936901 0.303784 0.173007 -0.237152 0.246829 0.224354 0.942731 0.379203 0.200866 -0.118293 0.97245 0.383185 -0.979599 -0.0179183 0.200162 -0.492991 -0.00625314 -0.992817 -0.119479 0.441836 
1535381489201 0.247698 0.925842 -0.285416 -0.621924 -0.936887 0.303931 0.172824 -0.237041 0.246755 0.224595 0.942693 0.379284 0.201113 -0.118447 0.972381 0.383209 -0.979556 -0.0193312 0.200242 -0.493082 -0.00492077 -0.992772 -0.119913 0.441878 
1535381489368 0.247824 0.925735 -0.285653 -0.621674 -0.936873 0.304077 0.172642 -0.236931 0.246681 0.224835 0.942654 0.379365 0.20136 -0.118601 0.97231 0.383233 -0.979511 -0.0207443 0.200321 -0.493173 -0.00358848 -0.992725 -0.120348 0.441919 
1535381489544 0.24795 0.925629 -0.285889 -0.621422 -0.936859 0.304224 0.172459 -0.23682 0.246607 0.225077 0.942616 0.379447 0.201608 -0.118755 0.97224 0.383257 -0.979464 -0.0221572 0.200399 -0.493264 -0.0022563 -0.992676 -0.120783 0.441961 
1535381489705 0.248076 0.925522 -0.286125 -0.621171 -0.936846 0.30437 0.172277 -0.23671 0.246534 0.225317 0.942578 0.379528 0.201856 -0.118908 0.97217 0.383281 -0.979415 -0.0235702 0.200478 -0.493355 -0.000924224 -0.992625 -0.121218 0.442003 
1535381489924 0.248202 0.925415 -0.286361 -0.620918 -0.936832 0.304517 0.172094 -0.236598 0.24646 0.225558 0.94254 0.37961 0.202104 -0.119061 0.9721 0.383306 -0.979364 -0.0249831 0.200555 -0.493446 0.000407733 -0.992573 -0.121654 0.442045 
1535381490091 0.248328 0.925308 -0.286597 -0.620667 -0.936818 0.304663 0.171911 -0.236488 0.246386 0.225799 0.942501 0.379691 0.202353 -0.119214 0.97203 0.38333 -0.979311 -0.0263959 0.200631 -0.493537 0.00173958 -0.992518 -0.122089 0.442087 
1535381490277 0.248203 0.925377 -0.286482 -0.620875 -0.936833 0.304539 0.172045 -0.236555 0.246452 0.225684 0.942512 0.379634 0.20213 -0.119012 0.972101 0.383346 -0.979359 -0.0246431 0.200623 -0.493383 7.90636e-05 -0.992587 -0.121537 0.442016 
1535381490297 0.248264 0.925321 -0.286611 -0.620672 -0.936818 0.30462 0.171986 -0.236488 0.24645 0.225804 0.942483 0.3797 0.202249 -0.119648 0.971998 0.383347 -0.979334 -0.0241837 0.200798 -0.493481 -0.000518502 -0.992522 -0.122066 0.442093 
1535381490452 0.248325 0.925265 -0.286739 -0.620465 -0.936802 0.304701 0.171927 -0.236419 0.246447 0.225924 0.942455 0.379768 0.202368 -0.120283 0.971895 0.383349 -0.979309 -0.0237241 0.200976 -0.49358 -0.00111666 -0.992456 -0.122595 0.442171 
1535381490489 0.248385 0.925209 -0.286868 -0.620258 -0.936787 0.304782 0.171867 -0.23635 0.246445 0.226045 0.942427 0.379835 0.202488 -0.120918 0.971791 0.383351 -0.979283 -0.0232645 0.201154 -0.493679 -0.00171489 -0.99239 -0.123123 0.442248 
1535381490649 0.248446 0.925153 -0.286997 -0.62005 -0.936771 0.304863 0.171807 -0.236281 0.246442 0.226165 0.942399 0.379902 0.202607 -0.121553 0.971687 0.383353 -0.979257 -0.022805 0.201332 -0.493778 -0.00231318 -0.992323 -0.123652 0.442325 
1535381490721 0.248506 0.925097 -0.287125 -0.619844 -0.936756 0.304944 0.171747 -0.236213 0.24644 0.226286 0.94237 0.379969 0.202725 -0.122188 0.971583 0.383355 -0.979231 -0.0223456 0.201511 -0.493877 -0.00291153 -0.992255 -0.12418 0.442402 
1535381490845 0.248567 0.92504 -0.287254 -0.619636 -0.936741 0.305025 0.171687 -0.236143 0.246437 0.226407 0.942342 0.380036 0.202843 -0.122823 0.971478 0.383357 -0.979205 -0.0218864 0.201689 -0.493976 -0.00350995 -0.992187 -0.124708 0.44248 
1535381490958 0.248627 0.924984 -0.287382 -0.61943 -0.936725 0.305106 0.171628 -0.236075 0.246435 0.226527 0.942314 0.380103 0.202961 -0.123458 0.971373 0.383358 -0.979178 -0.0214273 0.201868 -0.494074 -0.00410843 -0.992118 -0.125236 0.442557 
1535381491074 0.248688 0.924928 -0.287511 -0.619222 -0.93671 0.305187 0.171568 -0.236005 0.246432 0.226648 0.942285 0.380171 0.203078 -0.124093 0.971267 0.38336 -0.979151 -0.0209682 0.202047 -0.494174 -0.00470698 -0.992049 -0.125764 0.442634 
1535381491186 0.248748 0.924872 -0.28764 -0.619015 -0.936695 0.305268 0.171508 -0.235936 0.24643 0.226768 0.942257 0.380238 0.203195 -0.124729 0.971161 0.383362 -0.979124 -0.0205093 0.202227 -0.494272 -0.00530557 -0.991979 -0.126292 0.442712 
1535381491317 0.248787 0.924922 -0.287444 -0.619199 -0.936662 0.305289 0.171649 -0.236055 0.246516 0.226533 0.942291 0.380207 0.203008 -0.123895 0.971307 0.383382 -0.979168 -0.0213196 0.201931 -0.494113 -0.00431035 -0.992066 -0.125642 0.442605 
1535381491335 0.248822 0.924934 -0.287376 -0.618995 -0.936629 0.305331 0.171754 -0.235969 0.246606 0.226428 0.942293 0.380256 0.202994 -0.123817 0.97132 0.38337 -0.979168 -0.0208592 0.201976 -0.494202 -0.00474705 -0.992086 -0.125472 0.442583 
1535381491348 0.248858 0.924945 -0.287308 -0.618786 -0.936596 0.305375 0.171856 -0.23588 0.246694 0.226324 0.942295 0.380305 0.202981 -0.123739 0.971333 0.383359 -0.979169 -0.0203993 0.20202 -0.494293 -0.00518337 -0.992105 -0.125302 0.442561 
1535381491368 0.248893 0.924957 -0.287241 -0.618577 -0.936563 0.305418 0.171959 -0.235792 0.246783 0.22622 0.942296 0.380355 0.202968 -0.123662 0.971345 0.383348 -0.979169 -0.0199393 0.202064 -0.494383 -0.00561968 -0.992124 -0.125133 0.44254 
1535381491533 0.248929 0.924968 -0.287174 -0.618368 -0.93653 0.305461 0.172062 -0.235703 0.246872 0.226116 0.942298 0.380405 0.202955 -0.123584 0.971358 0.383336 -0.979169 -0.0194794 0.202109 -0.494473 -0.006056 -0.992143 -0.124963 0.442518 
1535381491586 0.248965 0.924979 -0.287107 -0.618159 -0.936497 0.305504 0.172164 -0.235615 0.246961 0.226012 0.9423 0.380455 0.202942 -0.123507 0.97137 0.383325 -0.979169 -0.0190195 0.202153 -0.494563 -0.00649231 -0.992161 -0.124794 0.442496 
1535381491719 0.249001 0.92499 -0.28704 -0.617951 -0.936464 0.305547 0.172267 -0.235526 0.247049 0.225908 0.942302 0.380504 0.202929 -0.123429 0.971383 0.383313 -0.979169 -0.0185595 0.202198 -0.494653 -0.00692863 -0.99218 -0.124624 0.442474 
1535381491781 0.249037 0.925001 -0.286973 -0.617741 -0.936431 0.30559 0.17237 -0.235438 0.247138 0.225804 0.942303 0.380554 0.202917 -0.123351 0.971396 0.383302 -0.979168 -0.0180996 0.202242 -0.494743 -0.00736495 -0.992198 -0.124454 0.442452 
1535381491912 0.249072 0.925013 -0.286905 -0.617533 -0.936398 0.305633 0.172472 -0.235349 0.247227 0.2257 0.942305 0.380604 0.202904 -0.123274 0.971408 0.383291 -0.979168 -0.0176396 0.202286 -0.494833 -0.00780127 -0.992216 -0.124285 0.442431 
1535381491960 0.249108 0.925024 -0.286838 -0.617324 -0.936365 0.305676 0.172575 -0.235261 0.247316 0.225596 0.942307 0.380653 0.202891 -0.123196 0.971421 0.383279 -0.979167 -0.0171796 0.20233 -0.494923 -0.00823759 -0.992234 -0.124115 0.442409 
1535381492122 0.249075 0.925039 -0.286819 -0.61756 -0.936389 0.305627 0.172534 -0.235347 0.247261 0.2256 0.94232 0.380647 0.202948 -0.123497 0.97137 0.383256 -0.979162 -0.0182085 0.202261 -0.494748 -0.00729151 -0.992178 -0.124619 0.442411 
1535381492140 0.249095 0.924979 -0.286995 -0.617295 -0.936291 0.305764 0.172823 -0.235247 0.24761 0.225662 0.942213 0.380728 0.202799 -0.123227 0.971436 0.383241 -0.979187 -0.0173292 0.202219 -0.494859 -0.00808453 -0.992227 -0.124176 0.442348 
1535381492152 0.249116 0.924918 -0.287173 -0.617025 -0.936193 0.305901 0.173111 -0.235145 0.24796 0.225725 0.942106 0.38081 0.20265 -0.122956 0.971501 0.383227 -0.979211 -0.0164501 0.202176 -0.494969 -0.00887758 -0.992276 -0.123734 0.442286 
1535381492324 0.249137 0.924857 -0.287351 -0.616756 -0.936094 0.306039 0.1734 -0.235044 0.24831 0.225787 0.941999 0.380893 0.202502 -0.122686 0.971566 0.383213 -0.979234 -0.0155709 0.202134 -0.49508 -0.00967068 -0.992323 -0.123291 0.442223 
1535381492474 0.249158 0.924796 -0.287529 -0.616486 -0.935996 0.306176 0.173688 -0.234942 0.24866 0.22585 0.941892 0.380975 0.202353 -0.122415 0.971631 0.383198 -0.979257 -0.0146918 0.20209 -0.495191 -0.0104638 -0.99237 -0.122848 0.442161 
1535381492616 0.249178 0.924735 -0.287706 -0.616216 -0.935897 0.306314 0.173976 -0.23484 0.249011 0.225913 0.941784 0.381057 0.202205 -0.122144 0.971696 0.383184 -0.979278 -0.0138127 0.202047 -0.495302 -0.0112571 -0.992416 -0.122406 0.442098 
1535381492740 0.249199 0.924674 -0.287884 -0.615947 -0.935799 0.306452 0.174265 -0.234738 0.249361 0.225975 0.941676 0.381139 0.202057 -0.121873 0.971761 0.383169 -0.9793 -0.0129335 0.202003 -0.495413 -0.0120504 -0.992461 -0.121963 0.442036 
1535381492877 0.249219 0.924613 -0.288062 -0.615676 -0.9357 0.306589 0.174553 -0.234636 0.249711 0.226038 0.941569 0.381222 0.20191 -0.121602 0.971826 0.383155 -0.97932 -0.0120545 0.201959 -0.495523 -0.0128437 -0.992506 -0.121521 0.441973 
1535381493035 0.24924 0.924553 -0.28824 -0.615407 -0.935601 0.306727 0.174841 -0.234534 0.250061 0.2261 0.941461 0.381304 0.201762 -0.12133 0.97189 0.383141 -0.97934 -0.0111752 0.201914 -0.495634 -0.0136371 -0.992549 -0.121078 0.441911 
1535381493168 0.24926 0.924492 -0.288417 -0.615138 -0.935502 0.306865 0.175129 -0.234432 0.250411 0.226162 0.941353 0.381386 0.201615 -0.121059 0.971955 0.383126 -0.979359 -0.0102961 0.201868 -0.495745 -0.0144306 -0.992592 -0.120636 0.441848 
1535381493308 0.24942 0.924517 -0.288198 -0.615325 -0.935507 0.306932 0.174984 -0.234584 0.250233 0.225967 0.941447 0.38135 0.201629 -0.121451 0.971903 0.383105 -0.979375 -0.0117931 0.201706 -0.495642 -0.0130356 -0.992527 -0.121324 0.441989 
1535381493336 0.249447 0.924536 -0.288114 -0.615039 -0.935414 0.30702 0.175329 -0.234488 0.250554 0.22577 0.941409 0.381423 0.201916 -0.120392 0.971975 0.383095 -0.979337 -0.0132777 0.201801 -0.495795 -0.0113897 -0.992638 -0.120586 0.441873 
1535381493541 0.249475 0.924555 -0.28803 -0.61475 -0.935321 0.307107 0.175672 -0.234391 0.250874 0.225575 0.94137 0.381497 0.202203 -0.119334 0.972046 0.383086 -0.979295 -0.0147618 0.201898 -0.49595 -0.00974409 -0.992744 -0.119848 0.441758 
1535381493725 0.249502 0.924573 -0.287946 -0.614461 -0.935227 0.307195 0.176015 -0.234293 0.251195 0.225379 0.941332 0.381571 0.202487 -0.118274 0.972116 0.383077 -0.979252 -0.0162457 0.201996 -0.496104 -0.00809829 -0.992848 -0.11911 0.441642 
1535381493924 0.24953 0.924592 -0.287862 -0.614171 -0.935134 0.307282 0.176359 -0.234195 0.251515 0.225183 0.941293 0.381645 0.202769 -0.117214 0.972186 0.383068 -0.979205 -0.0177294 0.202096 -0.496259 -0.00645226 -0.992948 -0.118372 0.441527 
1535381494121 0.249557 0.924611 -0.287778 -0.613882 -0.93504 0.30737 0.176702 -0.234098 0.251835 0.224987 0.941254 0.381719 0.203049 -0.116154 0.972255 0.383059 -0.979157 -0.0192129 0.202196 -0.496413 -0.00480602 -0.993045 -0.117634 0.441411 
1535381494337 0.249585 0.924629 -0.287695 -0.613592 -0.934946 0.307457 0.177045 -0.234 0.252155 0.224791 0.941215 0.381793 0.203329 -0.115093 0.972322 0.38305 -0.979105 -0.0206964 0.202298 -0.496568 -0.00315951 -0.993139 -0.116897 0.441296 
1535381494539 0.249613 0.924648 -0.287611 -0.613303 -0.934853 0.307545 0.177389 -0.233902 0.252475 0.224595 0.941176 0.381867 0.203606 -0.114032 0.972389 0.383041 -0.979052 -0.0221796 0.2024 -0.496723 -0.00151281 -0.993229 -0.116159 0.44118 
1535381494730 0.249641 0.924666 -0.287527 -0.613013 -0.934759 0.307632 0.177732 -0.233804 0.252795 0.2244 0.941137 0.381941 0.203882 -0.11297 0.972456 0.383032 -0.978996 -0.0236627 0.202504 -0.496878 0.00013411 -0.993317 -0.115421 0.441065 
1535381494931 0.249669 0.924685 -0.287444 -0.612724 -0.934665 0.307719 0.178075 -0.233707 0.253116 0.224204 0.941098 0.382015 0.204155 -0.111907 0.972521 0.383023 -0.978937 -0.0251456 0.202609 -0.497032 0.00178123 -0.9934 -0.114684 0.440949 
1535381495148 0.249839 0.924597 -0.287576 -0.612935 -0.934684 0.30785 0.17775 -0.233908 0.252878 0.224384 0.941119 0.381937 0.203863 -0.112522 0.972512 0.382986 -0.978999 -0.024288 0.202412 -0.497015 0.000844597 -0.993352 -0.11511 0.440947 
1535381495164 0.249962 0.92456 -0.287591 -0.612623 -0.934636 0.307982 0.17777 -0.233781 0.252932 0.224357 0.941111 0.382012 0.203702 -0.11241 0.972558 0.382997 -0.979033 -0.0233856 0.202355 -0.497086 -2.83553e-06 -0.993387 -0.114817 0.440882 
1535381495313 0.250085 0.924521 -0.287607 -0.612306 -0.934589 0.308116 0.177788 -0.233652 0.252985 0.224332 0.941102 0.382088 0.203534 -0.112319 0.972604 0.383009 -0.979067 -0.0224458 0.202295 -0.497154 -0.000890779 -0.993419 -0.114537 0.44082 
1535381495473 0.250208 0.924483 -0.287623 -0.611989 -0.934541 0.30825 0.177807 -0.233523 0.253039 0.224307 0.941094 0.382163 0.203366 -0.112229 0.972649 0.38302 -0.979101 -0.0215059 0.202234 -0.497221 -0.00177868 -0.99345 -0.114257 0.440759 
1535381495643 0.250332 0.924444 -0.287639 -0.611672 -0.934493 0.308383 0.177826 -0.233394 0.253093 0.224282 0.941085 0.382239 0.203199 -0.112138 0.972695 0.383032 -0.979134 -0.020566 0.202173 -0.497289 -0.0026668 -0.99348 -0.113977 0.440698 
