1537388541261 0.237045 0.920368 -0.311019 -0.619411 -0.937329 0.300831 0.175828 -0.244891 0.25539 0.249848 0.933998 0.384633 0.16008 -0.304787 0.938871 0.370831 -0.775623 0.549475 0.310623 -0.528794 -0.61056 -0.777934 -0.14844 0.432481 
1537388541292 0.237421 0.921003 -0.308843 -0.621164 -0.937724 0.300293 0.174637 -0.245627 0.253585 0.248147 0.934943 0.383521 0.316241 -0.38488 0.867098 0.400864 -0.930001 -0.306251 0.203246 -0.504429 0.187325 -0.870677 -0.454788 0.485926 
1537388541577 0.237793 0.921635 -0.306666 -0.622916 -0.938116 0.299758 0.173445 -0.246363 0.251778 0.246444 0.935881 0.38241 0.316241 -0.38488 0.867098 0.400864 -0.930001 -0.306251 0.203246 -0.504429 0.187325 -0.870677 -0.454788 0.485926 
1537388541805 0.23816 0.922262 -0.304487 -0.624668 -0.938507 0.299224 0.172251 -0.247099 0.24997 0.24474 0.936812 0.381298 0.316241 -0.38488 0.867098 0.400864 -0.930001 -0.306251 0.203246 -0.504429 0.187325 -0.870677 -0.454788 0.485926 
1537388542032 0.238524 0.922885 -0.302306 -0.626419 -0.938894 0.298693 0.171055 -0.247834 0.248161 0.243033 0.937737 0.380187 0.316241 -0.38488 0.867098 0.400864 -0.930001 -0.306251 0.203246 -0.504429 0.187325 -0.870677 -0.454788 0.485926 
1537388542293 0.238883 0.923505 -0.300124 -0.62817 -0.93928 0.298164 0.169858 -0.248569 0.24635 0.241324 0.938655 0.379075 0.316241 -0.38488 0.867098 0.400864 -0.930001 -0.306251 0.203246 -0.504429 0.187325 -0.870677 -0.454788 0.485926 
1537388542512 0.239238 0.92412 -0.29794 -0.62992 -0.939663 0.297638 0.168658 -0.249304 0.244539 0.239614 0.939567 0.377964 0.316241 -0.38488 0.867098 0.400864 -0.930001 -0.306251 0.203246 -0.504429 0.187325 -0.870677 -0.454788 0.485926 
1537388542778 0.239588 0.924731 -0.295754 -0.631669 -0.940044 0.297113 0.167457 -0.250039 0.242725 0.237901 0.940472 0.376853 0.316241 -0.38488 0.867098 0.400864 -0.930001 -0.306251 0.203246 -0.504429 0.187325 -0.870677 -0.454788 0.485926 
1537388543089 0.239935 0.925338 -0.293567 -0.633417 -0.940422 0.296591 0.166255 -0.250773 0.240911 0.236186 0.94137 0.375742 0.316241 -0.38488 0.867098 0.400864 -0.930001 -0.306251 0.203246 -0.504429 0.187325 -0.870677 -0.454788 0.485926 
1537388543381 0.240345 0.925881 -0.29151 -0.634441 -0.940783 0.296157 0.164978 -0.25115 0.239083 0.234596 0.942234 0.374774 0.316531 -0.385118 0.866887 0.401814 -0.929976 -0.306103 0.20358 -0.50615 0.186955 -0.870623 -0.455042 0.486735 
1537388543593 0.240181 0.925374 -0.293252 -0.633559 -0.940449 0.29668 0.165941 -0.250924 0.24056 0.235932 0.941524 0.375665 0.16008 -0.304787 0.938871 0.370831 -0.775623 0.549475 0.310623 -0.528794 -0.61056 -0.777934 -0.14844 0.432481 
1537388543612 0.239198 0.925165 -0.294711 -0.634325 -0.940509 0.296193 0.166468 -0.251137 0.241302 0.23736 0.940975 0.375615 0.316241 -0.38488 0.867098 0.400864 -0.930001 -0.306251 0.203246 -0.504429 0.187325 -0.870677 -0.454788 0.485926 
1537388543622 0.238213 0.924953 -0.29617 -0.635091 -0.940569 0.295707 0.166995 -0.25135 0.242042 0.238788 0.940423 0.375565 0.316241 -0.38488 0.867098 0.400864 -0.930001 -0.306251 0.203246 -0.504429 0.187325 -0.870677 -0.454788 0.485926 
1537388543642 0.237227 0.924738 -0.297629 -0.635856 -0.940628 0.295221 0.167523 -0.251563 0.242781 0.240217 0.939869 0.375515 0.316241 -0.38488 0.867098 0.400864 -0.930001 -0.306251 0.203246 -0.504429 0.187325 -0.870677 -0.454788 0.485926 
1537388543664 0.23624 0.924521 -0.299085 -0.636622 -0.940686 0.294736 0.168051 -0.251776 0.243518 0.241645 0.939312 0.375465 0.316241 -0.38488 0.867098 0.400864 -0.930001 -0.306251 0.203246 -0.504429 0.187325 -0.870677 -0.454788 0.485926 
1537388543890 0.235252 0.924301 -0.300541 -0.637387 -0.940743 0.294251 0.16858 -0.251989 0.244253 0.243073 0.938752 0.375415 0.316241 -0.38488 0.867098 0.400864 -0.930001 -0.306251 0.203246 -0.504429 0.187325 -0.870677 -0.454788 0.485926 
1537388543951 0.234262 0.924078 -0.301995 -0.638153 -0.940799 0.293767 0.16911 -0.252202 0.244987 0.244501 0.93819 0.375365 0.316241 -0.38488 0.867098 0.400864 -0.930001 -0.306251 0.203246 -0.504429 0.187325 -0.870677 -0.454788 0.485926 
1537388544057 0.233271 0.923853 -0.303448 -0.638918 -0.940854 0.293284 0.16964 -0.252414 0.245719 0.245929 0.937625 0.375315 0.316241 -0.38488 0.867098 0.400864 -0.930001 -0.306251 0.203246 -0.504429 0.187325 -0.870677 -0.454788 0.485926 
1537388544069 0.232279 0.923625 -0.3049 -0.639684 -0.940909 0.292801 0.170171 -0.252627 0.24645 0.247356 0.937058 0.375266 0.316241 -0.38488 0.867098 0.400864 -0.930001 -0.306251 0.203246 -0.504429 0.187325 -0.870677 -0.454788 0.485926 
1537388544285 0.231306 0.923376 -0.30639 -0.640232 -0.940958 0.292345 0.170681 -0.252732 0.247175 0.248821 0.936479 0.375258 0.316531 -0.385118 0.866887 0.401814 -0.929976 -0.306103 0.20358 -0.50615 0.186955 -0.870623 -0.455042 0.486735 
1537388544334 0.234497 0.923758 -0.302792 -0.638502 -0.940724 0.294153 0.168859 -0.252769 0.245052 0.245247 0.937978 0.375182 0.16008 -0.304787 0.938871 0.370831 -0.775623 0.549475 0.310623 -0.528794 -0.61056 -0.777934 -0.14844 0.432481 
1537388544342 0.23352 0.923404 -0.30462 -0.639213 -0.940796 0.293732 0.169189 -0.25293 0.245706 0.247076 0.937327 0.375269 0.316241 -0.38488 0.867098 0.400864 -0.930001 -0.306251 0.203246 -0.504429 0.187325 -0.870677 -0.454788 0.485926 
1537388544362 0.232542 0.923046 -0.306447 -0.639923 -0.940867 0.293312 0.169521 -0.253091 0.24636 0.248905 0.936671 0.375357 0.316241 -0.38488 0.867098 0.400864 -0.930001 -0.306251 0.203246 -0.504429 0.187325 -0.870677 -0.454788 0.485926 
1537388544382 0.231563 0.922684 -0.308273 -0.640633 -0.940938 0.292893 0.169853 -0.253252 0.247012 0.250734 0.936012 0.375444 0.316241 -0.38488 0.867098 0.400864 -0.930001 -0.306251 0.203246 -0.504429 0.187325 -0.870677 -0.454788 0.485926 
1537388544397 0.230583 0.922319 -0.310097 -0.641344 -0.941008 0.292474 0.170186 -0.253413 0.247661 0.252562 0.935348 0.375531 0.316241 -0.38488 0.867098 0.400864 -0.930001 -0.306251 0.203246 -0.504429 0.187325 -0.870677 -0.454788 0.485926 
1537388544439 0.229601 0.921949 -0.31192 -0.642054 -0.941077 0.292056 0.17052 -0.253573 0.248309 0.254389 0.934681 0.375619 0.316241 -0.38488 0.867098 0.400864 -0.930001 -0.306251 0.203246 -0.504429 0.187325 -0.870677 -0.454788 0.485926 
1537388544451 0.228618 0.921575 -0.313741 -0.642764 -0.941146 0.291638 0.170855 -0.253734 0.248955 0.256215 0.93401 0.375706 0.316241 -0.38488 0.867098 0.400864 -0.930001 -0.306251 0.203246 -0.504429 0.187325 -0.870677 -0.454788 0.485926 
1537388544671 0.227633 0.921198 -0.31556 -0.643475 -0.941214 0.291221 0.171191 -0.253895 0.249598 0.258041 0.933336 0.375794 0.316241 -0.38488 0.867098 0.400864 -0.930001 -0.306251 0.203246 -0.504429 0.187325 -0.870677 -0.454788 0.485926 
1537388544760 0.226647 0.920816 -0.317378 -0.644185 -0.941282 0.290805 0.171527 -0.254056 0.25024 0.259866 0.932657 0.375881 0.316241 -0.38488 0.867098 0.400864 -0.930001 -0.306251 0.203246 -0.504429 0.187325 -0.870677 -0.454788 0.485926 
1537388544853 0.225676 0.920416 -0.319224 -0.644729 -0.941346 0.290408 0.171847 -0.254134 0.250876 0.261719 0.931968 0.376 0.316531 -0.385118 0.866887 0.401814 -0.929976 -0.306103 0.20358 -0.50615 0.186955 -0.870623 -0.455042 0.486735 
