1535105296607 0.188941 0.909392 -0.370551 -0.522204 -0.947614 0.267814 0.174077 -0.236845 0.257543 0.318249 0.912354 0.427966 0.16008 -0.304787 0.938871 0.370831 -0.775623 0.549475 0.310623 -0.528794 -0.61056 -0.777934 -0.14844 0.432481 
1535105296618 0.195711 0.911652 -0.36137 -0.534048 -0.946295 0.272261 0.174355 -0.238327 0.257338 0.30784 0.915976 0.42257 0.316225 -0.384867 0.86711 0.400813 -0.930002 -0.30626 0.203228 -0.504337 0.187345 -0.870679 -0.454774 0.485882 
1535105297349 0.202473 0.91378 -0.352151 -0.545891 -0.944948 0.276697 0.174679 -0.23981 0.257057 0.297397 0.919498 0.417174 0.316225 -0.384867 0.86711 0.400813 -0.930002 -0.30626 0.203228 -0.504337 0.187345 -0.870679 -0.454774 0.485882 
1535105298078 0.209227 0.915776 -0.342897 -0.557733 -0.943573 0.281121 0.175048 -0.241292 0.2567 0.286923 0.922919 0.411778 0.316225 -0.384867 0.86711 0.400813 -0.930002 -0.30626 0.203228 -0.504337 0.187345 -0.870679 -0.454774 0.485882 
1535105298824 0.21597 0.91764 -0.333607 -0.569575 -0.94217 0.285532 0.175463 -0.242774 0.256268 0.27642 0.926239 0.406382 0.316225 -0.384867 0.86711 0.400813 -0.930002 -0.30626 0.203228 -0.504337 0.187345 -0.870679 -0.454774 0.485882 
1535105299583 0.222702 0.919371 -0.324284 -0.581415 -0.94074 0.289931 0.175923 -0.244255 0.255759 0.265888 0.929457 0.400986 0.316225 -0.384867 0.86711 0.400813 -0.930002 -0.30626 0.203228 -0.504337 0.187345 -0.870679 -0.454774 0.485882 
1535105300355 0.229423 0.92097 -0.314929 -0.593254 -0.939282 0.294315 0.176429 -0.245735 0.255174 0.25533 0.932573 0.395591 0.316225 -0.384867 0.86711 0.400813 -0.930002 -0.30626 0.203228 -0.504337 0.187345 -0.870679 -0.454774 0.485882 
1535105301153 0.236131 0.922435 -0.305544 -0.605088 -0.937798 0.298686 0.17698 -0.247213 0.254514 0.244748 0.935586 0.390197 0.316225 -0.384867 0.86711 0.400813 -0.930002 -0.30626 0.203228 -0.504337 0.187345 -0.870679 -0.454774 0.485882 
1535105301943 0.242825 0.923766 -0.29613 -0.616917 -0.936287 0.303041 0.177576 -0.248689 0.253778 0.234142 0.938496 0.384803 0.316225 -0.384867 0.86711 0.400813 -0.930002 -0.30626 0.203228 -0.504337 0.187345 -0.870679 -0.454774 0.485882 
1535105302747 0.249651 0.92484 -0.286958 -0.627251 -0.934716 0.307568 0.178069 -0.249414 0.252944 0.223769 0.941247 0.379699 0.316379 -0.384993 0.866998 0.401317 -0.929989 -0.306181 0.203405 -0.505249 0.187149 -0.870651 -0.454908 0.48631 
1535105303523 0.250154 0.92447 -0.287713 -0.627063 -0.934576 0.308197 0.177716 -0.249593 0.252965 0.224434 0.941083 0.379845 0.316379 -0.384993 0.866998 0.401317 -0.929989 -0.306181 0.203405 -0.505249 0.187149 -0.870651 -0.454908 0.48631 
1535105303535 0.250053 0.924578 -0.287452 -0.627588 -0.93465 0.308009 0.17765 -0.249627 0.252789 0.224245 0.941176 0.379485 0.316221 -0.384863 0.867113 0.400797 -0.930002 -0.306262 0.203223 -0.504308 0.187351 -0.87068 -0.45477 0.485869 
1535105303690 0.249951 0.924687 -0.287191 -0.628114 -0.934725 0.307819 0.177585 -0.249661 0.252613 0.224057 0.941268 0.379124 0.31622 -0.384863 0.867113 0.400797 -0.930002 -0.306262 0.203222 -0.504307 0.187351 -0.87068 -0.45477 0.485868 
1535105303870 0.24985 0.924795 -0.286929 -0.628641 -0.9348 0.30763 0.177519 -0.249696 0.252437 0.223868 0.94136 0.378763 0.316221 -0.384863 0.867113 0.400796 -0.930002 -0.306262 0.203223 -0.504306 0.187351 -0.87068 -0.45477 0.485868 
1535105303877 0.249748 0.924904 -0.286668 -0.629169 -0.934874 0.307441 0.177454 -0.249731 0.252261 0.223679 0.941452 0.378402 0.31622 -0.384863 0.867113 0.400796 -0.930002 -0.306262 0.203222 -0.504306 0.187351 -0.87068 -0.454769 0.485868 
1535105304126 0.249646 0.925013 -0.286406 -0.629697 -0.934949 0.307251 0.177388 -0.249767 0.252085 0.223491 0.941544 0.37804 0.31622 -0.384863 0.867113 0.400796 -0.930002 -0.306262 0.203222 -0.504305 0.187351 -0.87068 -0.45477 0.485867 
1535105304309 0.249544 0.925121 -0.286144 -0.630226 -0.935024 0.307062 0.177323 -0.249802 0.251909 0.223302 0.941636 0.377679 0.316221 -0.384863 0.867113 0.400795 -0.930002 -0.306262 0.203223 -0.504305 0.187351 -0.87068 -0.45477 0.485867 
1535105304492 0.249442 0.92523 -0.285882 -0.630753 -0.935098 0.306873 0.177257 -0.249837 0.251733 0.223113 0.941728 0.377318 0.316221 -0.384863 0.867113 0.400795 -0.930002 -0.306262 0.203223 -0.504305 0.187351 -0.87068 -0.45477 0.485867 
1535105304676 0.24934 0.925338 -0.28562 -0.631281 -0.935173 0.306683 0.177191 -0.249872 0.251557 0.222924 0.94182 0.376957 0.31622 -0.384863 0.867113 0.400795 -0.930002 -0.306262 0.203222 -0.504305 0.187352 -0.87068 -0.454769 0.485867 
1535105304952 0.249238 0.925446 -0.285359 -0.631808 -0.935248 0.306494 0.177125 -0.249907 0.251381 0.222735 0.941911 0.376596 0.31622 -0.384863 0.867113 0.400795 -0.930002 -0.306262 0.203222 -0.504305 0.187352 -0.87068 -0.454769 0.485867 
1535105305157 0.249327 0.925382 -0.285488 -0.631555 -0.935214 0.306612 0.177096 -0.24995 0.251416 0.222838 0.941878 0.376682 0.31622 -0.384863 0.867113 0.400795 -0.930002 -0.306262 0.203222 -0.504305 0.187352 -0.87068 -0.454769 0.485867 
1535105305169 0.249292 0.925423 -0.285386 -0.632199 -0.93508 0.306686 0.177678 -0.250145 0.251951 0.222565 0.941799 0.376572 0.31622 -0.384863 0.867113 0.400795 -0.930002 -0.306262 0.203222 -0.504304 0.187351 -0.87068 -0.454769 0.485867 
1535105305353 0.249256 0.925465 -0.285282 -0.632848 -0.934945 0.306759 0.178259 -0.250342 0.252486 0.222291 0.941721 0.376462 0.31622 -0.384863 0.867113 0.400795 -0.930002 -0.306262 0.203222 -0.504304 0.187351 -0.87068 -0.454769 0.485867 
1535105305551 0.24922 0.925507 -0.285179 -0.633496 -0.93481 0.306832 0.178841 -0.250538 0.25302 0.222017 0.941642 0.376351 0.31622 -0.384863 0.867113 0.400795 -0.930002 -0.306262 0.203222 -0.504304 0.187351 -0.87068 -0.454769 0.485867 
1535105305755 0.249184 0.925548 -0.285076 -0.634145 -0.934675 0.306905 0.179422 -0.250735 0.253555 0.221744 0.941562 0.376241 0.31622 -0.384863 0.867113 0.400795 -0.930002 -0.306262 0.203222 -0.504304 0.187351 -0.87068 -0.454769 0.485867 
1535105305962 0.249148 0.92559 -0.284972 -0.634794 -0.934539 0.306977 0.180004 -0.250933 0.25409 0.22147 0.941483 0.37613 0.31622 -0.384863 0.867113 0.400795 -0.930002 -0.306262 0.203222 -0.504304 0.187351 -0.87068 -0.454769 0.485867 
1535105306163 0.249112 0.925631 -0.284869 -0.635444 -0.934403 0.30705 0.180586 -0.25113 0.254624 0.221196 0.941403 0.376019 0.31622 -0.384863 0.867113 0.400795 -0.930002 -0.306262 0.203222 -0.504304 0.187351 -0.87068 -0.454769 0.485867 
1535105306366 0.249077 0.925672 -0.284765 -0.636092 -0.934267 0.307122 0.181167 -0.251326 0.255159 0.220922 0.941322 0.375909 0.31622 -0.384863 0.867113 0.400795 -0.930002 -0.306262 0.203222 -0.504304 0.187351 -0.87068 -0.454769 0.485867 
1535105306577 0.249041 0.925714 -0.284662 -0.636742 -0.93413 0.307194 0.181748 -0.251524 0.255693 0.220648 0.941241 0.375798 0.31622 -0.384863 0.867113 0.400795 -0.930002 -0.306262 0.203222 -0.504304 0.187351 -0.87068 -0.454769 0.485867 
1535105306784 0.249005 0.925755 -0.284558 -0.63739 -0.933993 0.307266 0.18233 -0.25172 0.256228 0.220374 0.94116 0.375688 0.31622 -0.384863 0.867113 0.400795 -0.930002 -0.306262 0.203222 -0.504304 0.187351 -0.87068 -0.454769 0.485867 
1535105307001 0.249252 0.925695 -0.284537 -0.637118 -0.934003 0.307432 0.182001 -0.251798 0.255953 0.220394 0.94123 0.375757 0.31622 -0.384863 0.867113 0.400795 -0.930002 -0.306262 0.203222 -0.504304 0.187351 -0.87068 -0.454769 0.485867 
1535105307013 0.249004 0.92583 -0.284315 -0.637371 -0.933974 0.307233 0.182483 -0.251952 0.256299 0.220104 0.941204 0.375734 0.31622 -0.384863 0.867113 0.400795 -0.930002 -0.306262 0.203222 -0.504304 0.187351 -0.87068 -0.45477 0.485867 
1535105307030 0.248755 0.925965 -0.284094 -0.637629 -0.933945 0.307034 0.182965 -0.252108 0.256646 0.219814 0.941177 0.375709 0.31622 -0.384863 0.867113 0.400795 -0.930002 -0.306262 0.203222 -0.504304 0.187351 -0.87068 -0.45477 0.485867 
1535105307204 0.248507 0.9261 -0.283872 -0.637888 -0.933916 0.306835 0.183448 -0.252265 0.256993 0.219524 0.94115 0.375685 0.31622 -0.384863 0.867113 0.400795 -0.930002 -0.306262 0.203222 -0.504304 0.187351 -0.87068 -0.45477 0.485867 
1535105307351 0.248258 0.926235 -0.283649 -0.638146 -0.933887 0.306635 0.18393 -0.252421 0.257339 0.219234 0.941123 0.375661 0.31622 -0.384863 0.867113 0.400795 -0.930002 -0.306262 0.203222 -0.504304 0.187351 -0.87068 -0.45477 0.485867 
1535105307487 0.24801 0.926369 -0.283427 -0.638403 -0.933857 0.306436 0.184412 -0.252577 0.257686 0.218945 0.941096 0.375637 0.31622 -0.384863 0.867113 0.400795 -0.930002 -0.306262 0.203222 -0.504304 0.187351 -0.87068 -0.45477 0.485867 
1535105307615 0.247761 0.926504 -0.283205 -0.638662 -0.933827 0.306236 0.184894 -0.252733 0.258033 0.218655 0.941068 0.375612 0.31622 -0.384863 0.867113 0.400795 -0.930002 -0.306262 0.203222 -0.504304 0.187351 -0.87068 -0.45477 0.485867 
1535105307750 0.247513 0.926638 -0.282982 -0.63892 -0.933797 0.306036 0.185376 -0.25289 0.25838 0.218365 0.94104 0.375588 0.31622 -0.384863 0.867113 0.400795 -0.930002 -0.306262 0.203222 -0.504304 0.187351 -0.87068 -0.45477 0.485867 
1535105307891 0.247264 0.926773 -0.28276 -0.639178 -0.933767 0.305836 0.185858 -0.253046 0.258726 0.218075 0.941012 0.375564 0.31622 -0.384863 0.867113 0.400795 -0.930002 -0.306262 0.203222 -0.504304 0.187351 -0.87068 -0.45477 0.485867 
1535105308026 0.247016 0.926907 -0.282537 -0.639435 -0.933737 0.305636 0.18634 -0.253202 0.259073 0.217786 0.940984 0.375539 0.31622 -0.384863 0.867113 0.400795 -0.930002 -0.306262 0.203222 -0.504304 0.187351 -0.87068 -0.45477 0.485867 
1535105308177 0.247151 0.926798 -0.282776 -0.639292 -0.933745 0.305775 0.186067 -0.253057 0.258913 0.218054 0.940966 0.375522 0.31622 -0.384863 0.867113 0.400795 -0.930002 -0.306262 0.203222 -0.504304 0.187351 -0.87068 -0.45477 0.485867 
1535105308190 0.247071 0.926937 -0.28239 -0.639401 -0.93384 0.305559 0.185946 -0.253156 0.258647 0.217765 0.941106 0.375494 0.31622 -0.384863 0.867113 0.400795 -0.930002 -0.306262 0.203222 -0.504304 0.187351 -0.87068 -0.45477 0.485867 
1535105308206 0.24699 0.927076 -0.282002 -0.639514 -0.933935 0.305342 0.185824 -0.253257 0.25838 0.217475 0.941246 0.375465 0.31622 -0.384863 0.867113 0.400795 -0.930002 -0.306262 0.203222 -0.504304 0.187351 -0.87068 -0.45477 0.485867 
1535105308222 0.246909 0.927216 -0.281615 -0.639629 -0.934031 0.305125 0.185702 -0.253359 0.258114 0.217185 0.941386 0.375435 0.31622 -0.384863 0.867113 0.400795 -0.930002 -0.306262 0.203222 -0.504304 0.187351 -0.87068 -0.45477 0.485867 
1535105308358 0.246828 0.927355 -0.281227 -0.639743 -0.934126 0.304908 0.18558 -0.253461 0.257847 0.216896 0.941526 0.375406 0.31622 -0.384863 0.867113 0.400795 -0.930002 -0.306262 0.203222 -0.504304 0.187351 -0.87068 -0.45477 0.485867 
1535105308408 0.246746 0.927494 -0.28084 -0.639857 -0.934221 0.304691 0.185458 -0.253563 0.257581 0.216605 0.941666 0.375376 0.31622 -0.384863 0.867113 0.400795 -0.930002 -0.306262 0.203222 -0.504304 0.187351 -0.87068 -0.45477 0.485867 
1535105308511 0.246665 0.927633 -0.280453 -0.63997 -0.934316 0.304475 0.185335 -0.253664 0.257314 0.216316 0.941805 0.375347 0.31622 -0.384863 0.867113 0.400795 -0.930002 -0.306262 0.203222 -0.504304 0.187351 -0.87068 -0.45477 0.485867 
1535105308557 0.246583 0.927772 -0.280065 -0.640085 -0.934411 0.304258 0.185213 -0.253766 0.257047 0.216025 0.941945 0.375318 0.31622 -0.384863 0.867113 0.400795 -0.930002 -0.306262 0.203222 -0.504304 0.187351 -0.87068 -0.45477 0.485867 
1535105308666 0.246501 0.92791 -0.279678 -0.640198 -0.934506 0.304041 0.18509 -0.253867 0.256781 0.215735 0.942084 0.375289 0.31622 -0.384863 0.867113 0.400795 -0.930002 -0.306262 0.203222 -0.504304 0.187351 -0.87068 -0.45477 0.485867 
1535105308673 0.246419 0.928049 -0.27929 -0.640313 -0.9346 0.303824 0.184968 -0.253969 0.256514 0.215445 0.942223 0.375259 0.31622 -0.384863 0.867113 0.400795 -0.930002 -0.306262 0.203222 -0.504304 0.187351 -0.87068 -0.45477 0.485867 
1535105308824 0.246396 0.927953 -0.27963 -0.640202 -0.934536 0.303928 0.18512 -0.253778 0.25677 0.215711 0.942092 0.375353 0.31622 -0.384863 0.867113 0.400795 -0.930002 -0.306262 0.203222 -0.504304 0.187351 -0.87068 -0.45477 0.485867 
1535105308835 0.24659 0.92792 -0.279566 -0.640208 -0.934461 0.304121 0.185184 -0.253795 0.256858 0.215579 0.942099 0.375337 0.31622 -0.384863 0.867113 0.400795 -0.930002 -0.306262 0.203222 -0.504304 0.187351 -0.87068 -0.45477 0.485867 
1535105308841 0.246784 0.927888 -0.279502 -0.640219 -0.934386 0.304314 0.185248 -0.253814 0.256945 0.215447 0.942105 0.37532 0.31622 -0.384863 0.867113 0.400795 -0.930002 -0.306262 0.203222 -0.504304 0.187351 -0.87068 -0.45477 0.485867 
1535105308855 0.246978 0.927855 -0.279439 -0.640231 -0.93431 0.304506 0.185311 -0.253834 0.257033 0.215314 0.942111 0.375302 0.31622 -0.384863 0.867113 0.400795 -0.930002 -0.306262 0.203222 -0.504304 0.187351 -0.87068 -0.45477 0.485867 
1535105308872 0.247172 0.927823 -0.279375 -0.640243 -0.934235 0.304698 0.185375 -0.253854 0.25712 0.215182 0.942118 0.375285 0.31622 -0.384863 0.867113 0.400795 -0.930002 -0.306262 0.203222 -0.504304 0.187351 -0.87068 -0.45477 0.485867 
1535105308947 0.247366 0.92779 -0.279312 -0.640253 -0.934159 0.304891 0.185439 -0.253873 0.257208 0.21505 0.942124 0.375268 0.31622 -0.384863 0.867113 0.400795 -0.930002 -0.306262 0.203222 -0.504304 0.187351 -0.87068 -0.45477 0.485867 
1535105308963 0.24756 0.927758 -0.279248 -0.640265 -0.934084 0.305083 0.185503 -0.253893 0.257295 0.214918 0.94213 0.37525 0.31622 -0.384863 0.867113 0.400795 -0.930002 -0.306262 0.203222 -0.504304 0.187351 -0.87068 -0.45477 0.485867 
1535105308980 0.247754 0.927725 -0.279184 -0.640277 -0.934008 0.305276 0.185567 -0.253913 0.257383 0.214785 0.942137 0.375233 0.31622 -0.384863 0.867113 0.400795 -0.930002 -0.306262 0.203222 -0.504304 0.187351 -0.87068 -0.45477 0.485867 
1535105308997 0.247948 0.927692 -0.279121 -0.640288 -0.933933 0.305468 0.18563 -0.253932 0.25747 0.214653 0.942143 0.375216 0.31622 -0.384863 0.867113 0.400795 -0.930002 -0.306262 0.203222 -0.504304 0.187351 -0.87068 -0.45477 0.485867 
1535105309013 0.248143 0.92766 -0.279057 -0.640299 -0.933857 0.305661 0.185694 -0.253952 0.257558 0.214521 0.942149 0.375198 0.31622 -0.384863 0.867113 0.400795 -0.930002 -0.306262 0.203222 -0.504304 0.187351 -0.87068 -0.45477 0.485867 
1535105309043 0.24716 0.927869 -0.279234 -0.640243 -0.934284 0.30462 0.185256 -0.253828 0.256953 0.215096 0.942183 0.37534 0.31622 -0.384863 0.867113 0.400795 -0.930002 -0.306262 0.203222 -0.504304 0.187351 -0.87068 -0.45477 0.485867 
1535105309053 0.247604 0.927815 -0.27902 -0.640077 -0.934135 0.305027 0.185339 -0.253784 0.257069 0.214751 0.94223 0.375381 0.31622 -0.384863 0.867113 0.400795 -0.930002 -0.306262 0.203222 -0.504304 0.187351 -0.87068 -0.45477 0.485867 
1535105309070 0.248049 0.92776 -0.278807 -0.639903 -0.933985 0.305436 0.185423 -0.253738 0.257186 0.214407 0.942277 0.375424 0.31622 -0.384863 0.867113 0.400795 -0.930002 -0.306262 0.203222 -0.504304 0.187351 -0.87068 -0.45477 0.485867 
1535105309209 0.248494 0.927705 -0.278594 -0.639732 -0.933834 0.305845 0.185507 -0.253691 0.257302 0.214063 0.942323 0.375466 0.31622 -0.384863 0.867113 0.400795 -0.930002 -0.306262 0.203222 -0.504304 0.187351 -0.87068 -0.45477 0.485867 
1535105309258 0.24894 0.927649 -0.278381 -0.63956 -0.933684 0.306253 0.185591 -0.253645 0.257418 0.213719 0.942369 0.375509 0.31622 -0.384863 0.867113 0.400795 -0.930002 -0.306262 0.203222 -0.504304 0.187351 -0.87068 -0.45477 0.485867 
1535105309344 0.249385 0.927594 -0.278168 -0.639387 -0.933533 0.306662 0.185675 -0.253598 0.257534 0.213374 0.942416 0.375552 0.31622 -0.384863 0.867113 0.400795 -0.930002 -0.306262 0.203222 -0.504304 0.187351 -0.87068 -0.45477 0.485867 
1535105309389 0.24983 0.927538 -0.277955 -0.639216 -0.933382 0.30707 0.185759 -0.253552 0.25765 0.21303 0.942462 0.375594 0.31622 -0.384863 0.867113 0.400795 -0.930002 -0.306262 0.203222 -0.504304 0.187351 -0.87068 -0.45477 0.485867 
1535105309396 0.250275 0.927481 -0.277742 -0.639043 -0.933231 0.307478 0.185843 -0.253506 0.257766 0.212686 0.942508 0.375637 0.31622 -0.384863 0.867113 0.400795 -0.930002 -0.306262 0.203222 -0.504304 0.187351 -0.87068 -0.45477 0.485867 
1535105309520 0.25072 0.927425 -0.277529 -0.638871 -0.933079 0.307887 0.185927 -0.25346 0.257881 0.212341 0.942554 0.375679 0.31622 -0.384863 0.867113 0.400795 -0.930002 -0.306262 0.203222 -0.504304 0.187351 -0.87068 -0.45477 0.485867 
1535105309556 0.251165 0.927368 -0.277316 -0.638698 -0.932928 0.308295 0.186012 -0.253413 0.257997 0.211996 0.9426 0.375722 0.31622 -0.384863 0.867113 0.400795 -0.930002 -0.306262 0.203222 -0.504304 0.187351 -0.87068 -0.45477 0.485867 
1535105309671 0.25063 0.927384 -0.277748 -0.638945 -0.933093 0.307853 0.185912 -0.253535 0.257917 0.21257 0.942493 0.375657 0.31622 -0.384863 0.867113 0.400795 -0.930002 -0.306262 0.203222 -0.504304 0.187351 -0.87068 -0.45477 0.485867 
1535105309682 0.250856 0.92734 -0.27769 -0.638598 -0.93306 0.308035 0.18578 -0.253405 0.257819 0.212497 0.942536 0.375812 0.31622 -0.384863 0.867113 0.400795 -0.930002 -0.306262 0.203222 -0.504304 0.187351 -0.87068 -0.45477 0.485867 
1535105309698 0.251083 0.927295 -0.277634 -0.638244 -0.933026 0.308218 0.185647 -0.253271 0.257721 0.212427 0.942579 0.375969 0.31622 -0.384863 0.867113 0.400795 -0.930002 -0.306262 0.203222 -0.504304 0.187351 -0.87068 -0.45477 0.485867 
1535105309891 0.25131 0.927251 -0.277578 -0.637891 -0.932992 0.3084 0.185514 -0.253138 0.257623 0.212356 0.942621 0.376126 0.31622 -0.384863 0.867113 0.400795 -0.930002 -0.306262 0.203222 -0.504304 0.187351 -0.87068 -0.45477 0.485867 
1535105310048 0.251537 0.927206 -0.277521 -0.637538 -0.932958 0.308583 0.185381 -0.253005 0.257525 0.212286 0.942664 0.376282 0.31622 -0.384863 0.867113 0.400795 -0.930002 -0.306262 0.203222 -0.504304 0.187351 -0.87068 -0.45477 0.485867 
1535105310202 0.251763 0.927161 -0.277465 -0.637185 -0.932924 0.308766 0.185248 -0.252872 0.257427 0.212215 0.942707 0.376439 0.31622 -0.384863 0.867113 0.400795 -0.930002 -0.306262 0.203222 -0.504304 0.187351 -0.87068 -0.45477 0.485867 
1535105310366 0.25199 0.927117 -0.277409 -0.636833 -0.93289 0.308949 0.185116 -0.25274 0.257329 0.212144 0.94275 0.376595 0.31622 -0.384863 0.867113 0.400795 -0.930002 -0.306262 0.203222 -0.504304 0.187351 -0.87068 -0.45477 0.485867 
1535105310372 0.252217 0.927072 -0.277352 -0.636479 -0.932855 0.309131 0.184983 -0.252606 0.25723 0.212074 0.942792 0.376752 0.31622 -0.384863 0.867113 0.400795 -0.930002 -0.306262 0.203222 -0.504304 0.187351 -0.87068 -0.45477 0.485867 
1535105310583 0.252443 0.927027 -0.277296 -0.636127 -0.932821 0.309314 0.18485 -0.252474 0.257132 0.212003 0.942835 0.376908 0.31622 -0.384863 0.867113 0.400795 -0.930002 -0.306262 0.203222 -0.504304 0.187351 -0.87068 -0.45477 0.485867 
1535105310741 0.25267 0.926982 -0.277239 -0.635775 -0.932787 0.309497 0.184717 -0.252341 0.257034 0.211933 0.942878 0.377064 0.31622 -0.384863 0.867113 0.400795 -0.930002 -0.306262 0.203222 -0.504304 0.187351 -0.87068 -0.45477 0.485867 
1535105310912 0.252714 0.926922 -0.277402 -0.635945 -0.932716 0.30962 0.184871 -0.252536 0.25725 0.212017 0.9428 0.376971 0.31622 -0.384863 0.867113 0.400795 -0.930002 -0.306262 0.203222 -0.504304 0.187351 -0.87068 -0.45477 0.485867 
1535105310922 0.252772 0.926869 -0.277526 -0.63551 -0.932688 0.30971 0.184859 -0.252326 0.257292 0.212118 0.942765 0.377155 0.31622 -0.384863 0.867113 0.400795 -0.930002 -0.306262 0.203222 -0.504304 0.187351 -0.87068 -0.45477 0.485867 
1535105311072 0.25283 0.926816 -0.277651 -0.63507 -0.93266 0.3098 0.184847 -0.252114 0.257335 0.212219 0.942731 0.377341 0.31622 -0.384863 0.867113 0.400795 -0.930002 -0.306262 0.203222 -0.504304 0.187351 -0.87068 -0.45477 0.485867 
1535105311251 0.252888 0.926762 -0.277776 -0.634629 -0.932633 0.30989 0.184836 -0.251901 0.257379 0.21232 0.942696 0.377526 0.31622 -0.384863 0.867113 0.400795 -0.930002 -0.306262 0.203222 -0.504304 0.187351 -0.87068 -0.45477 0.485867 
1535105311430 0.252945 0.926709 -0.2779 -0.63419 -0.932605 0.30998 0.184824 -0.251689 0.257422 0.212421 0.942662 0.377712 0.31622 -0.384863 0.867113 0.400795 -0.930002 -0.306262 0.203222 -0.504304 0.187351 -0.87068 -0.45477 0.485867 
1535105311605 0.253003 0.926656 -0.278025 -0.63375 -0.932578 0.31007 0.184813 -0.251476 0.257465 0.212522 0.942627 0.377897 0.31622 -0.384863 0.867113 0.400795 -0.930002 -0.306262 0.203222 -0.504304 0.187351 -0.87068 -0.45477 0.485867 
1535105311612 0.253061 0.926603 -0.278151 -0.633309 -0.93255 0.31016 0.184801 -0.251263 0.257508 0.212623 0.942593 0.378083 0.31622 -0.384863 0.867113 0.400795 -0.930002 -0.306262 0.203222 -0.504304 0.187351 -0.87068 -0.45477 0.485867 
1535105311852 0.253119 0.926549 -0.278275 -0.63287 -0.932522 0.31025 0.184789 -0.251051 0.257551 0.212724 0.942558 0.378268 0.31622 -0.384863 0.867113 0.400795 -0.930002 -0.306262 0.203222 -0.504304 0.187351 -0.87068 -0.45477 0.485867 
1535105312027 0.253177 0.926496 -0.278401 -0.632429 -0.932495 0.31034 0.184778 -0.250838 0.257594 0.212826 0.942523 0.378453 0.31622 -0.384863 0.867113 0.400795 -0.930002 -0.306262 0.203222 -0.504304 0.187351 -0.87068 -0.45477 0.485867 
1535105312207 0.253235 0.926443 -0.278525 -0.631989 -0.932467 0.310429 0.184766 -0.250626 0.257638 0.212927 0.942489 0.378639 0.31622 -0.384863 0.867113 0.400795 -0.930002 -0.306262 0.203222 -0.504304 0.187351 -0.87068 -0.45477 0.485867 
1535105312394 0.253073 0.926498 -0.278486 -0.632211 -0.932518 0.310262 0.184791 -0.250652 0.257612 0.212928 0.942496 0.378518 0.31622 -0.384863 0.867113 0.400795 -0.930002 -0.306262 0.203222 -0.504304 0.187351 -0.87068 -0.45477 0.485867 
1535105312405 0.253131 0.926442 -0.278623 -0.631835 -0.932445 0.310391 0.184941 -0.250486 0.257819 0.212987 0.942426 0.378626 0.31622 -0.384863 0.867113 0.400795 -0.930002 -0.306262 0.203222 -0.504304 0.187351 -0.87068 -0.45477 0.485867 
1535105312429 0.253188 0.926385 -0.278761 -0.631455 -0.932373 0.31052 0.18509 -0.250317 0.258026 0.213047 0.942356 0.378735 0.31622 -0.384863 0.867113 0.400795 -0.930002 -0.306262 0.203222 -0.504304 0.187351 -0.87068 -0.45477 0.485867 
1535105312618 0.253245 0.926327 -0.278899 -0.631074 -0.9323 0.310649 0.185239 -0.250147 0.258232 0.213107 0.942285 0.378845 0.31622 -0.384863 0.867113 0.400795 -0.930002 -0.306262 0.203222 -0.504304 0.187351 -0.87068 -0.45477 0.485867 
1535105312779 0.253302 0.92627 -0.279037 -0.630693 -0.932227 0.310779 0.185388 -0.249978 0.258438 0.213167 0.942215 0.378954 0.31622 -0.384863 0.867113 0.400795 -0.930002 -0.306262 0.203222 -0.504304 0.187351 -0.87068 -0.45477 0.485867 
1535105312940 0.253359 0.926213 -0.279175 -0.630313 -0.932155 0.310908 0.185537 -0.24981 0.258645 0.213227 0.942145 0.379063 0.31622 -0.384863 0.867113 0.400795 -0.930002 -0.306262 0.203222 -0.504304 0.187351 -0.87068 -0.45477 0.485867 
1535105313107 0.253416 0.926156 -0.279313 -0.629932 -0.932082 0.311037 0.185686 -0.24964 0.258851 0.213287 0.942075 0.379172 0.31622 -0.384863 0.867113 0.400795 -0.930002 -0.306262 0.203222 -0.504304 0.187351 -0.87068 -0.45477 0.485867 
1535105313265 0.253473 0.926099 -0.279451 -0.629552 -0.932009 0.311166 0.185835 -0.249472 0.259057 0.213347 0.942005 0.379281 0.31622 -0.384863 0.867113 0.400795 -0.930002 -0.306262 0.203222 -0.504304 0.187351 -0.87068 -0.45477 0.485867 
1535105313432 0.253529 0.926041 -0.279589 -0.629171 -0.931936 0.311295 0.185984 -0.249302 0.259263 0.213407 0.941934 0.379391 0.31622 -0.384863 0.867113 0.400795 -0.930002 -0.306262 0.203222 -0.504304 0.187351 -0.87068 -0.45477 0.485867 
1535105313598 0.253586 0.925984 -0.279727 -0.62879 -0.931863 0.311424 0.186133 -0.249133 0.25947 0.213467 0.941864 0.3795 0.31622 -0.384863 0.867113 0.400795 -0.930002 -0.306262 0.203222 -0.504304 0.187351 -0.87068 -0.45477 0.485867 
1535105313774 0.253529 0.926043 -0.279583 -0.628993 -0.931917 0.31131 0.186058 -0.2492 0.259335 0.213377 0.941921 0.379454 0.31622 -0.384863 0.867113 0.400795 -0.930002 -0.306262 0.203222 -0.504304 0.187351 -0.87068 -0.45477 0.485867 
1535105313786 0.253534 0.925984 -0.279775 -0.6287 -0.931848 0.311408 0.186235 -0.249096 0.259575 0.213492 0.941829 0.379527 0.31622 -0.384863 0.867113 0.400795 -0.930002 -0.306262 0.203222 -0.504304 0.187351 -0.87068 -0.45477 0.485867 
1535105313803 0.25354 0.925924 -0.279969 -0.628402 -0.93178 0.311508 0.18641 -0.248989 0.259814 0.213607 0.941737 0.3796 0.31622 -0.384863 0.867113 0.400795 -0.930002 -0.306262 0.203222 -0.504304 0.187351 -0.87068 -0.45477 0.485867 
1535105313965 0.253547 0.925863 -0.280163 -0.628103 -0.931712 0.311608 0.186584 -0.248881 0.260053 0.213723 0.941645 0.379674 0.31622 -0.384863 0.867113 0.400795 -0.930002 -0.306262 0.203222 -0.504304 0.187351 -0.87068 -0.45477 0.485867 
1535105314105 0.253553 0.925803 -0.280356 -0.627806 -0.931643 0.311708 0.18676 -0.248775 0.260292 0.213838 0.941553 0.379747 0.31622 -0.384863 0.867113 0.400795 -0.930002 -0.306262 0.203222 -0.504304 0.187351 -0.87068 -0.45477 0.485867 
1535105314231 0.253559 0.925743 -0.280549 -0.627508 -0.931575 0.311808 0.186934 -0.248668 0.260531 0.213954 0.94146 0.379821 0.31622 -0.384863 0.867113 0.400795 -0.930002 -0.306262 0.203222 -0.504304 0.187351 -0.87068 -0.45477 0.485867 
1535105314361 0.253566 0.925682 -0.280743 -0.627209 -0.931506 0.311908 0.187109 -0.248561 0.26077 0.214069 0.941368 0.379895 0.31622 -0.384863 0.867113 0.400795 -0.930002 -0.306262 0.203222 -0.504304 0.187351 -0.87068 -0.45477 0.485867 
1535105314490 0.253572 0.925622 -0.280936 -0.626911 -0.931438 0.312008 0.187284 -0.248454 0.261009 0.214184 0.941275 0.379968 0.31622 -0.384863 0.867113 0.400795 -0.930002 -0.306262 0.203222 -0.504304 0.187351 -0.87068 -0.45477 0.485867 
1535105314617 0.253578 0.925562 -0.28113 -0.626612 -0.931369 0.312108 0.187459 -0.248347 0.261248 0.2143 0.941183 0.380042 0.31622 -0.384863 0.867113 0.400795 -0.930002 -0.306262 0.203222 -0.504304 0.187351 -0.87068 -0.45477 0.485867 
1535105314624 0.253584 0.925501 -0.281323 -0.626315 -0.9313 0.312208 0.187634 -0.24824 0.261487 0.214415 0.94109 0.380115 0.31622 -0.384863 0.867113 0.400795 -0.930002 -0.306262 0.203222 -0.504304 0.187351 -0.87068 -0.45477 0.485867 
1535105314835 0.253507 0.925599 -0.28107 -0.626533 -0.93142 0.312002 0.187383 -0.248286 0.261135 0.214291 0.941216 0.380041 0.31622 -0.384863 0.867113 0.400795 -0.930002 -0.306262 0.203222 -0.504304 0.187351 -0.87068 -0.45477 0.485867 
1535105314845 0.253577 0.925508 -0.281307 -0.626257 -0.931297 0.312202 0.187659 -0.248185 0.261504 0.214394 0.94109 0.380124 0.31622 -0.384863 0.867113 0.400795 -0.930002 -0.306262 0.203222 -0.504304 0.187351 -0.87068 -0.45477 0.485867 
1535105314861 0.253648 0.925416 -0.281544 -0.625976 -0.931174 0.312402 0.187935 -0.248082 0.261873 0.214497 0.940964 0.380207 0.31622 -0.384863 0.867113 0.400795 -0.930002 -0.306262 0.203222 -0.504304 0.187351 -0.87068 -0.45477 0.485867 
1535105315018 0.253718 0.925325 -0.281782 -0.625695 -0.931051 0.312603 0.188211 -0.24798 0.262243 0.214601 0.940838 0.38029 0.31622 -0.384863 0.867113 0.400795 -0.930002 -0.306262 0.203222 -0.504304 0.187351 -0.87068 -0.45477 0.485867 
1535105315025 0.253789 0.925233 -0.28202 -0.625414 -0.930928 0.312804 0.188487 -0.247877 0.262612 0.214704 0.940711 0.380374 0.31622 -0.384863 0.867113 0.400795 -0.930002 -0.306262 0.203222 -0.504304 0.187351 -0.87068 -0.45477 0.485867 
1535105315213 0.253859 0.925141 -0.282258 -0.625132 -0.930804 0.313005 0.188763 -0.247773 0.262981 0.214807 0.940584 0.380458 0.31622 -0.384863 0.867113 0.400795 -0.930002 -0.306262 0.203222 -0.504304 0.187351 -0.87068 -0.45477 0.485867 
1535105315354 0.25393 0.925049 -0.282496 -0.624852 -0.930681 0.313205 0.189039 -0.247671 0.26335 0.21491 0.940457 0.380541 0.31622 -0.384863 0.867113 0.400795 -0.930002 -0.306262 0.203222 -0.504304 0.187351 -0.87068 -0.45477 0.485867 
1535105315478 0.254 0.924957 -0.282734 -0.62457 -0.930557 0.313406 0.189315 -0.247567 0.263719 0.215014 0.94033 0.380625 0.31622 -0.384863 0.867113 0.400795 -0.930002 -0.306262 0.203222 -0.504304 0.187351 -0.87068 -0.45477 0.485867 
1535105315592 0.25407 0.924865 -0.282971 -0.624289 -0.930433 0.313607 0.189591 -0.247465 0.264088 0.215117 0.940203 0.380708 0.31622 -0.384863 0.867113 0.400795 -0.930002 -0.306262 0.203222 -0.504304 0.187351 -0.87068 -0.45477 0.485867 
1535105315708 0.25414 0.924773 -0.28321 -0.624007 -0.930309 0.313808 0.189867 -0.247361 0.264457 0.21522 0.940076 0.380792 0.31622 -0.384863 0.867113 0.400795 -0.930002 -0.306262 0.203222 -0.504304 0.187351 -0.87068 -0.45477 0.485867 
1535105315847 0.253952 0.924915 -0.282914 -0.624245 -0.930454 0.313492 0.18968 -0.247356 0.264129 0.215069 0.940203 0.380751 0.31622 -0.384863 0.867113 0.400795 -0.930002 -0.306262 0.203222 -0.504304 0.187351 -0.87068 -0.45477 0.485867 
1535105315860 0.254119 0.924851 -0.282974 -0.624043 -0.930408 0.313663 0.18962 -0.247276 0.264129 0.215095 0.940197 0.380813 0.31622 -0.384863 0.867113 0.400795 -0.930002 -0.306262 0.203222 -0.504304 0.187351 -0.87068 -0.45477 0.485867 
1535105315877 0.254286 0.924786 -0.283036 -0.623837 -0.930363 0.313835 0.18956 -0.247193 0.264129 0.215123 0.94019 0.380877 0.31622 -0.384863 0.867113 0.400795 -0.930002 -0.306262 0.203222 -0.504304 0.187351 -0.87068 -0.45477 0.485867 
1535105315917 0.254452 0.924722 -0.283097 -0.62363 -0.930317 0.314006 0.1895 -0.247111 0.264129 0.215151 0.940184 0.38094 0.31622 -0.384863 0.867113 0.400795 -0.930002 -0.306262 0.203222 -0.504304 0.187351 -0.87068 -0.45477 0.485867 
1535105316044 0.254619 0.924657 -0.283159 -0.623424 -0.930272 0.314177 0.18944 -0.247029 0.264129 0.21518 0.940177 0.381003 0.31622 -0.384863 0.867113 0.400795 -0.930002 -0.306262 0.203222 -0.504304 0.187351 -0.87068 -0.45477 0.485867 
1535105316051 0.254786 0.924592 -0.283221 -0.623217 -0.930226 0.314349 0.189379 -0.246946 0.264129 0.215208 0.940171 0.381067 0.31622 -0.384863 0.867113 0.400795 -0.930002 -0.306262 0.203222 -0.504304 0.187351 -0.87068 -0.45477 0.485867 
1535105316214 0.254952 0.924527 -0.283282 -0.623011 -0.93018 0.31452 0.189319 -0.246864 0.264129 0.215236 0.940165 0.38113 0.31622 -0.384863 0.867113 0.400795 -0.930002 -0.306262 0.203222 -0.504304 0.187351 -0.87068 -0.45477 0.485867 
1535105316271 0.255119 0.924462 -0.283344 -0.622803 -0.930135 0.314692 0.189259 -0.246781 0.264128 0.215264 0.940158 0.381193 0.31622 -0.384863 0.867113 0.400795 -0.930002 -0.306262 0.203222 -0.504304 0.187351 -0.87068 -0.45477 0.485867 
1535105316383 0.255286 0.924397 -0.283405 -0.622597 -0.930089 0.314863 0.189198 -0.246699 0.264128 0.215293 0.940152 0.381256 0.31622 -0.384863 0.867113 0.400795 -0.930002 -0.306262 0.203222 -0.504304 0.187351 -0.87068 -0.45477 0.485867 
1535105316445 0.255453 0.924332 -0.283467 -0.62239 -0.930043 0.315034 0.189138 -0.246616 0.264128 0.215321 0.940145 0.38132 0.31622 -0.384863 0.867113 0.400795 -0.930002 -0.306262 0.203222 -0.504304 0.187351 -0.87068 -0.45477 0.485867 
1535105316565 0.255178 0.924417 -0.283437 -0.622609 -0.930119 0.314766 0.189211 -0.246671 0.264127 0.215347 0.94014 0.381214 0.31622 -0.384863 0.867113 0.400795 -0.930002 -0.306262 0.203222 -0.504304 0.187351 -0.87068 -0.45477 0.485867 
1535105316576 0.255198 0.924444 -0.283334 -0.62244 -0.930064 0.314804 0.189417 -0.246612 0.2643 0.21518 0.940129 0.381244 0.31622 -0.384863 0.867113 0.400795 -0.930002 -0.306262 0.203222 -0.504304 0.187351 -0.87068 -0.45477 0.485867 
1535105316592 0.255219 0.924469 -0.283232 -0.622265 -0.93001 0.314843 0.189621 -0.24655 0.264472 0.215014 0.940119 0.381275 0.31622 -0.384863 0.867113 0.400795 -0.930002 -0.306262 0.203222 -0.504304 0.187351 -0.87068 -0.45477 0.485867 
1535105316609 0.25524 0.924494 -0.283131 -0.62209 -0.929955 0.314882 0.189824 -0.246487 0.264644 0.214848 0.940108 0.381307 0.31622 -0.384863 0.867113 0.400795 -0.930002 -0.306262 0.203222 -0.504304 0.187351 -0.87068 -0.45477 0.485867 
1535105316626 0.255261 0.92452 -0.283029 -0.621915 -0.9299 0.314921 0.190028 -0.246425 0.264817 0.214682 0.940098 0.381338 0.31622 -0.384863 0.867113 0.400795 -0.930002 -0.306262 0.203222 -0.504304 0.187351 -0.87068 -0.45477 0.485867 
1535105316773 0.255282 0.924545 -0.282927 -0.621741 -0.929845 0.31496 0.190232 -0.246363 0.264989 0.214515 0.940087 0.381369 0.31622 -0.384863 0.867113 0.400795 -0.930002 -0.306262 0.203222 -0.504304 0.187351 -0.87068 -0.45477 0.485867 
1535105316807 0.255303 0.92457 -0.282825 -0.621566 -0.92979 0.314999 0.190436 -0.246301 0.265161 0.214349 0.940077 0.3814 0.31622 -0.384863 0.867113 0.400795 -0.930002 -0.306262 0.203222 -0.504304 0.187351 -0.87068 -0.45477 0.485867 
1535105316903 0.255325 0.924596 -0.282723 -0.621392 -0.929735 0.315038 0.19064 -0.246239 0.265333 0.214182 0.940066 0.381431 0.31622 -0.384863 0.867113 0.400795 -0.930002 -0.306262 0.203222 -0.504304 0.187351 -0.87068 -0.45477 0.485867 
1535105316951 0.255346 0.924621 -0.282621 -0.621216 -0.92968 0.315077 0.190844 -0.246176 0.265506 0.214016 0.940055 0.381463 0.31622 -0.384863 0.867113 0.400795 -0.930002 -0.306262 0.203222 -0.504304 0.187351 -0.87068 -0.45477 0.485867 
1535105317024 0.255367 0.924646 -0.282519 -0.621042 -0.929625 0.315115 0.191048 -0.246115 0.265678 0.21385 0.940044 0.381494 0.31622 -0.384863 0.867113 0.400795 -0.930002 -0.306262 0.203222 -0.504304 0.187351 -0.87068 -0.45477 0.485867 
1535105317104 0.255435 0.924635 -0.282495 -0.621275 -0.929695 0.315103 0.190726 -0.246207 0.265367 0.213916 0.940117 0.381454 0.31622 -0.384863 0.867113 0.400795 -0.930002 -0.306262 0.203222 -0.504304 0.187351 -0.87068 -0.45477 0.485867 
1535105317117 0.255504 0.924596 -0.282558 -0.621035 -0.929686 0.315174 0.190653 -0.246098 0.265332 0.213978 0.940113 0.381528 0.31622 -0.384863 0.867113 0.400795 -0.930002 -0.306262 0.203222 -0.504304 0.187351 -0.87068 -0.45477 0.485867 
1535105317134 0.255574 0.924558 -0.282622 -0.62079 -0.929677 0.315246 0.190579 -0.245987 0.265297 0.21404 0.940109 0.381602 0.31622 -0.384863 0.867113 0.400795 -0.930002 -0.306262 0.203222 -0.504304 0.187351 -0.87068 -0.45477 0.485867 
1535105317269 0.255645 0.924518 -0.282686 -0.620544 -0.929668 0.315319 0.190506 -0.245875 0.265262 0.214102 0.940104 0.381677 0.31622 -0.384863 0.867113 0.400795 -0.930002 -0.306262 0.203222 -0.504304 0.187351 -0.87068 -0.45477 0.485867 
1535105317379 0.255715 0.92448 -0.28275 -0.6203 -0.929658 0.315391 0.190432 -0.245764 0.265227 0.214164 0.9401 0.381752 0.31622 -0.384863 0.867113 0.400795 -0.930002 -0.306262 0.203222 -0.504304 0.187351 -0.87068 -0.45477 0.485867 
1535105317496 0.255785 0.924441 -0.282813 -0.620055 -0.929649 0.315463 0.190359 -0.245652 0.265192 0.214226 0.940096 0.381827 0.31622 -0.384863 0.867113 0.400795 -0.930002 -0.306262 0.203222 -0.504304 0.187351 -0.87068 -0.45477 0.485867 
1535105317603 0.255856 0.924402 -0.282877 -0.619809 -0.929639 0.315535 0.190285 -0.245541 0.265157 0.214289 0.940091 0.381901 0.31622 -0.384863 0.867113 0.400795 -0.930002 -0.306262 0.203222 -0.504304 0.187351 -0.87068 -0.45477 0.485867 
1535105317699 0.255926 0.924363 -0.282941 -0.619565 -0.92963 0.315607 0.190211 -0.24543 0.265122 0.214351 0.940087 0.381976 0.31622 -0.384863 0.867113 0.400795 -0.930002 -0.306262 0.203222 -0.504304 0.187351 -0.87068 -0.45477 0.485867 
1535105317809 0.255996 0.924324 -0.283005 -0.619319 -0.929621 0.315679 0.190138 -0.245318 0.265088 0.214413 0.940083 0.382051 0.31622 -0.384863 0.867113 0.400795 -0.930002 -0.306262 0.203222 -0.504304 0.187351 -0.87068 -0.45477 0.485867 
1535105317816 0.256066 0.924285 -0.283069 -0.619075 -0.929611 0.315751 0.190064 -0.245207 0.265053 0.214475 0.940078 0.382125 0.31622 -0.384863 0.867113 0.400795 -0.930002 -0.306262 0.203222 -0.504304 0.187351 -0.87068 -0.45477 0.485867 
1535105318013 0.255785 0.924346 -0.283122 -0.619322 -0.929665 0.315513 0.190194 -0.24522 0.265134 0.21456 0.940036 0.382051 0.31622 -0.384863 0.867113 0.400795 -0.930002 -0.306262 0.203222 -0.504304 0.187351 -0.87068 -0.45477 0.485867 
1535105318026 0.255854 0.924326 -0.283124 -0.619007 -0.92966 0.315568 0.190131 -0.245094 0.265088 0.214563 0.940048 0.382141 0.31622 -0.384863 0.867113 0.400795 -0.930002 -0.306262 0.203222 -0.504304 0.187351 -0.87068 -0.45477 0.485867 
1535105318043 0.255923 0.924307 -0.283127 -0.618688 -0.929654 0.315624 0.190068 -0.244966 0.265043 0.214567 0.94006 0.382232 0.31622 -0.384863 0.867113 0.400795 -0.930002 -0.306262 0.203222 -0.504304 0.187351 -0.87068 -0.45477 0.485867 
1535105318222 0.255992 0.924287 -0.283129 -0.618369 -0.929647 0.31568 0.190005 -0.244839 0.264998 0.214571 0.940072 0.382322 0.31622 -0.384863 0.867113 0.400795 -0.930002 -0.306262 0.203222 -0.504304 0.187351 -0.87068 -0.45477 0.485867 
1535105318365 0.256061 0.924267 -0.283132 -0.618049 -0.929641 0.315735 0.189942 -0.244711 0.264952 0.214574 0.940084 0.382413 0.31622 -0.384863 0.867113 0.400795 -0.930002 -0.306262 0.203222 -0.504304 0.187351 -0.87068 -0.45477 0.485867 
1535105318498 0.25613 0.924247 -0.283135 -0.61773 -0.929635 0.315791 0.189879 -0.244583 0.264907 0.214578 0.940096 0.382504 0.31622 -0.384863 0.867113 0.400795 -0.930002 -0.306262 0.203222 -0.504304 0.187351 -0.87068 -0.45477 0.485867 
1535105318629 0.256199 0.924227 -0.283137 -0.617411 -0.929629 0.315847 0.189817 -0.244455 0.264862 0.214582 0.940108 0.382594 0.31622 -0.384863 0.867113 0.400795 -0.930002 -0.306262 0.203222 -0.504304 0.187351 -0.87068 -0.45477 0.485867 
1535105318755 0.256268 0.924207 -0.28314 -0.617091 -0.929623 0.315903 0.189754 -0.244327 0.264816 0.214585 0.94012 0.382685 0.31622 -0.384863 0.867113 0.400795 -0.930002 -0.306262 0.203222 -0.504304 0.187351 -0.87068 -0.45477 0.485867 
1535105318885 0.256337 0.924187 -0.283142 -0.616772 -0.929617 0.315958 0.189691 -0.244199 0.264771 0.214589 0.940132 0.382776 0.31622 -0.384863 0.867113 0.400795 -0.930002 -0.306262 0.203222 -0.504304 0.187351 -0.87068 -0.45477 0.485867 
1535105318892 0.256406 0.924167 -0.283145 -0.616453 -0.929611 0.316014 0.189628 -0.244071 0.264726 0.214593 0.940144 0.382866 0.31622 -0.384863 0.867113 0.400795 -0.930002 -0.306262 0.203222 -0.504304 0.187351 -0.87068 -0.45477 0.485867 
1535105319106 0.256333 0.924166 -0.283214 -0.616656 -0.929577 0.316002 0.189812 -0.2442 0.264914 0.214614 0.940086 0.382814 0.31622 -0.384863 0.867113 0.400795 -0.930002 -0.306262 0.203222 -0.504304 0.187351 -0.87068 -0.45477 0.485867 
1535105319118 0.256513 0.924143 -0.283128 -0.616331 -0.929506 0.316173 0.189876 -0.244061 0.26499 0.214464 0.940099 0.382884 0.31622 -0.384863 0.867113 0.400795 -0.930002 -0.306262 0.203222 -0.504304 0.187351 -0.87068 -0.45477 0.485867 
1535105319135 0.256692 0.924119 -0.283043 -0.616001 -0.929435 0.316344 0.18994 -0.24392 0.265066 0.214314 0.940111 0.382955 0.31622 -0.384863 0.867113 0.400795 -0.930002 -0.306262 0.203222 -0.504304 0.187351 -0.87068 -0.45477 0.485867 
1535105319296 0.256871 0.924095 -0.282958 -0.615672 -0.929363 0.316515 0.190005 -0.243778 0.265143 0.214164 0.940124 0.383026 0.31622 -0.384863 0.867113 0.400795 -0.930002 -0.306262 0.203222 -0.504304 0.187351 -0.87068 -0.45477 0.485867 
1535105319439 0.25705 0.924071 -0.282873 -0.615342 -0.929292 0.316686 0.190069 -0.243637 0.265219 0.214014 0.940137 0.383097 0.31622 -0.384863 0.867113 0.400795 -0.930002 -0.306262 0.203222 -0.504304 0.187351 -0.87068 -0.45477 0.485867 
1535105319572 0.25723 0.924048 -0.282788 -0.615014 -0.929221 0.316857 0.190133 -0.243496 0.265296 0.213864 0.940149 0.383167 0.31622 -0.384863 0.867113 0.400795 -0.930002 -0.306262 0.203222 -0.504304 0.187351 -0.87068 -0.45477 0.485867 
1535105319697 0.257409 0.924024 -0.282703 -0.614683 -0.929149 0.317028 0.190198 -0.243354 0.265372 0.213715 0.940162 0.383239 0.31622 -0.384863 0.867113 0.400795 -0.930002 -0.306262 0.203222 -0.504304 0.187351 -0.87068 -0.45477 0.485867 
1535105319828 0.257588 0.924 -0.282618 -0.614355 -0.929078 0.317198 0.190262 -0.243214 0.265448 0.213565 0.940174 0.383309 0.31622 -0.384863 0.867113 0.400795 -0.930002 -0.306262 0.203222 -0.504304 0.187351 -0.87068 -0.45477 0.485867 
1535105319835 0.257768 0.923976 -0.282533 -0.614024 -0.929006 0.317369 0.190327 -0.243072 0.265524 0.213415 0.940187 0.38338 0.31622 -0.384863 0.867113 0.400795 -0.930002 -0.306262 0.203222 -0.504304 0.187351 -0.87068 -0.45477 0.485867 
