1534194688994 -0.353613 0.88102 -0.314264 -0.48753 -0.934886 -0.343922 0.0877808 -0.285045 -0.0307456 0.324842 0.945269 0.36615 0.16008 -0.304787 0.938871 0.370831 -0.775623 0.549475 0.310623 -0.528794 -0.61056 -0.777934 -0.14844 0.432481 
1534194689008 -0.304123 0.891892 -0.334719 -0.500906 -0.95262 -0.286549 0.102005 -0.280028 -0.00493593 0.349882 0.936781 0.371014 0.316241 -0.38488 0.867098 0.400864 -0.930001 -0.306251 0.203246 -0.504429 0.187325 -0.870677 -0.454788 0.485926 
1534194689930 -0.254236 0.899343 -0.355734 -0.514283 -0.966887 -0.2279 0.114855 -0.27501 0.0222225 0.373155 0.927503 0.375877 0.316241 -0.38488 0.867098 0.400864 -0.930001 -0.306251 0.203246 -0.504429 0.187325 -0.870677 -0.454788 0.485926 
1534194689935 -0.204155 0.90334 -0.377222 -0.52766 -0.977629 -0.168213 0.126278 -0.269994 0.0506186 0.394564 0.917473 0.380741 0.316241 -0.38488 0.867098 0.400864 -0.930001 -0.306251 0.203246 -0.504429 0.187325 -0.870677 -0.454788 0.485926 
1534194691198 -0.154085 0.90387 -0.399096 -0.541038 -0.984803 -0.107732 0.136227 -0.264978 0.0801366 0.414021 0.906733 0.385604 0.316241 -0.38488 0.867098 0.400864 -0.930001 -0.306251 0.203246 -0.504429 0.187325 -0.870677 -0.454788 0.485926 
1534194692120 -0.104229 0.900928 -0.421266 -0.554417 -0.988378 -0.0467034 0.144663 -0.259963 0.110656 0.431448 0.895325 0.390467 0.316241 -0.38488 0.867098 0.400864 -0.930001 -0.306251 0.203246 -0.504429 0.187325 -0.870677 -0.454788 0.485926 
1534194692125 -0.054792 0.894528 -0.443642 -0.567797 -0.988341 0.0146229 0.15155 -0.254949 0.142053 0.446773 0.883298 0.39533 0.316241 -0.38488 0.867098 0.400864 -0.930001 -0.306251 0.203246 -0.504429 0.187325 -0.870677 -0.454788 0.485926 
1534194693403 -0.0059751 0.884695 -0.466132 -0.581181 -0.984692 0.0759968 0.15686 -0.249937 0.174198 0.459934 0.870698 0.400191 0.316241 -0.38488 0.867098 0.400864 -0.930001 -0.306251 0.203246 -0.504429 0.187325 -0.870677 -0.454788 0.485926 
1534194694299 0.0420221 0.87147 -0.488644 -0.594567 -0.977446 0.137168 0.160574 -0.244928 0.206962 0.470876 0.85758 0.405052 0.316241 -0.38488 0.867098 0.400864 -0.930001 -0.306251 0.203246 -0.504429 0.187325 -0.870677 -0.454788 0.485926 
1534194695209 0.088795 0.855037 -0.510909 -0.60851 -0.966623 0.197731 0.162918 -0.240556 0.240324 0.47939 0.844056 0.40965 0.316531 -0.385118 0.866887 0.401814 -0.929976 -0.306103 0.20358 -0.50615 0.186955 -0.870623 -0.455042 0.486735 
1534194696132 0.08795 0.855336 -0.510553 -0.60818 -0.966788 0.196769 0.163106 -0.240551 0.239971 0.479251 0.844235 0.409254 0.316531 -0.385118 0.866887 0.401814 -0.929976 -0.306103 0.20358 -0.50615 0.186955 -0.870623 -0.455042 0.486735 
1534194696145 0.090025 0.85496 -0.510822 -0.608572 -0.966232 0.199315 0.163308 -0.240247 0.241437 0.478871 0.844033 0.409238 0.316221 -0.384863 0.867113 0.400797 -0.930002 -0.306262 0.203223 -0.504308 0.187351 -0.87068 -0.45477 0.485869 
1534194696325 0.0920995 0.854577 -0.511092 -0.608964 -0.965669 0.201861 0.163508 -0.239944 0.2429 0.478487 0.84383 0.409222 0.316221 -0.384863 0.867113 0.400797 -0.930002 -0.306262 0.203223 -0.504308 0.187351 -0.87068 -0.45477 0.485869 
1534194696332 0.094173 0.854189 -0.511363 -0.609356 -0.9651 0.204405 0.163708 -0.239641 0.244362 0.4781 0.843628 0.409206 0.316221 -0.384863 0.867113 0.400797 -0.930002 -0.306262 0.203223 -0.504308 0.187351 -0.87068 -0.45477 0.485869 
1534194696612 0.0962447 0.853796 -0.511633 -0.609748 -0.964525 0.206947 0.163907 -0.239337 0.245824 0.477708 0.843425 0.40919 0.316221 -0.384863 0.867113 0.400797 -0.930002 -0.306262 0.203223 -0.504308 0.187351 -0.87068 -0.45477 0.485869 
1534194696812 0.0983163 0.853397 -0.511905 -0.610139 -0.963942 0.209488 0.164104 -0.239034 0.247284 0.477313 0.843222 0.409173 0.316221 -0.384863 0.867113 0.400797 -0.930002 -0.306262 0.203223 -0.504308 0.187351 -0.87068 -0.45477 0.485869 
1534194697001 0.100386 0.852993 -0.512177 -0.610531 -0.963353 0.212028 0.1643 -0.23873 0.248743 0.476914 0.843019 0.409157 0.316221 -0.384863 0.867113 0.400797 -0.930002 -0.306262 0.203223 -0.504308 0.187351 -0.87068 -0.45477 0.485869 
1534194697201 0.102455 0.852584 -0.512449 -0.610923 -0.962758 0.214566 0.164496 -0.238427 0.250201 0.476511 0.842815 0.409141 0.316221 -0.384863 0.867113 0.400797 -0.930002 -0.306262 0.203223 -0.504308 0.187351 -0.87068 -0.45477 0.485869 
1534194697406 0.104523 0.852169 -0.512721 -0.611315 -0.962156 0.217102 0.164691 -0.238123 0.251658 0.476104 0.842611 0.409125 0.316221 -0.384863 0.867113 0.400797 -0.930002 -0.306262 0.203223 -0.504308 0.187351 -0.87068 -0.45477 0.485869 
1534194697598 0.106589 0.851749 -0.512994 -0.611707 -0.961547 0.219637 0.164885 -0.23782 0.253114 0.475693 0.842407 0.409109 0.316221 -0.384863 0.867113 0.400797 -0.930002 -0.306262 0.203223 -0.504308 0.187351 -0.87068 -0.45477 0.485869 
1534194697820 0.106079 0.851912 -0.512828 -0.61154 -0.961747 0.2189 0.164698 -0.23797 0.252567 0.475739 0.842545 0.409101 0.316221 -0.384863 0.867113 0.400797 -0.930002 -0.306262 0.203223 -0.504308 0.187351 -0.87068 -0.45477 0.485869 
1534194697833 0.108657 0.85137 -0.513188 -0.612203 -0.960984 0.222058 0.164921 -0.237781 0.254367 0.475246 0.842282 0.409349 0.31622 -0.384863 0.867113 0.400795 -0.930002 -0.306262 0.203222 -0.504304 0.187351 -0.87068 -0.454769 0.485867 
1534194698016 0.111235 0.850818 -0.513551 -0.612867 -0.960212 0.225215 0.16514 -0.237586 0.256164 0.474749 0.842018 0.4096 0.31622 -0.384863 0.867113 0.400795 -0.930002 -0.306262 0.203222 -0.504304 0.187351 -0.87068 -0.454769 0.485867 
1534194698221 0.113811 0.850258 -0.513915 -0.613531 -0.959429 0.22837 0.165357 -0.237393 0.257959 0.474245 0.841753 0.409851 0.31622 -0.384863 0.867113 0.400795 -0.930002 -0.306262 0.203222 -0.504304 0.187351 -0.87068 -0.454769 0.485867 
1534194698426 0.116385 0.849689 -0.514279 -0.614194 -0.958636 0.231522 0.165574 -0.2372 0.259753 0.473736 0.841488 0.4101 0.31622 -0.384863 0.867113 0.400795 -0.930002 -0.306262 0.203222 -0.504304 0.187351 -0.87068 -0.454769 0.485867 
1534194698621 0.118957 0.849112 -0.514644 -0.614857 -0.957833 0.234672 0.165788 -0.237006 0.261545 0.473221 0.841223 0.410351 0.31622 -0.384863 0.867113 0.400795 -0.930002 -0.306262 0.203222 -0.504304 0.187351 -0.87068 -0.454769 0.485867 
1534194698833 0.121527 0.848526 -0.515009 -0.61552 -0.957019 0.237819 0.166002 -0.236813 0.263336 0.4727 0.840957 0.410601 0.31622 -0.384863 0.867113 0.400795 -0.930002 -0.306262 0.203222 -0.504304 0.187351 -0.87068 -0.454769 0.485867 
1534194699032 0.124095 0.847932 -0.515376 -0.616182 -0.956195 0.240964 0.166213 -0.236618 0.265124 0.472174 0.840691 0.410852 0.31622 -0.384863 0.867113 0.400795 -0.930002 -0.306262 0.203222 -0.504304 0.187351 -0.87068 -0.454769 0.485867 
1534194699235 0.126661 0.847329 -0.515742 -0.616845 -0.955361 0.244106 0.166423 -0.236425 0.266911 0.471641 0.840424 0.411102 0.31622 -0.384863 0.867113 0.400795 -0.930002 -0.306262 0.203222 -0.504304 0.187351 -0.87068 -0.454769 0.485867 
1534194699430 0.129225 0.846719 -0.516109 -0.617508 -0.954517 0.247246 0.166632 -0.236232 0.268696 0.471102 0.840158 0.411353 0.31622 -0.384863 0.867113 0.400795 -0.930002 -0.306262 0.203222 -0.504304 0.187351 -0.87068 -0.454769 0.485867 
1534194699647 0.128345 0.846941 -0.515963 -0.617247 -0.954772 0.246228 0.166681 -0.23627 0.268214 0.471235 0.840238 0.411255 0.31622 -0.384863 0.867113 0.400795 -0.930002 -0.306262 0.203222 -0.504304 0.187351 -0.87068 -0.454769 0.485867 
1534194699659 0.12888 0.846463 -0.516614 -0.617442 -0.954507 0.247151 0.166832 -0.236346 0.268899 0.471611 0.839808 0.41139 0.31622 -0.384863 0.867113 0.400795 -0.930002 -0.306262 0.203222 -0.504304 0.187351 -0.87068 -0.454769 0.485867 
1534194699664 0.129415 0.845983 -0.517266 -0.617635 -0.954242 0.248074 0.16698 -0.23642 0.269582 0.471987 0.839377 0.411527 0.31622 -0.384863 0.867113 0.400795 -0.930002 -0.306262 0.203222 -0.504304 0.187351 -0.87068 -0.454769 0.485867 
1534194699796 0.12995 0.845503 -0.517917 -0.617829 -0.953975 0.248997 0.167127 -0.236492 0.270266 0.472362 0.838946 0.411664 0.31622 -0.384863 0.867113 0.400795 -0.930002 -0.306262 0.203222 -0.504304 0.187351 -0.87068 -0.454769 0.485867 
1534194699868 0.130485 0.845021 -0.518568 -0.618021 -0.953708 0.24992 0.167273 -0.236564 0.27095 0.472736 0.838514 0.411801 0.31622 -0.384863 0.867113 0.400795 -0.930002 -0.306262 0.203222 -0.504304 0.187351 -0.87068 -0.454769 0.485867 
1534194699960 0.131019 0.844538 -0.51922 -0.618213 -0.95344 0.250843 0.167419 -0.236636 0.271634 0.47311 0.838082 0.411938 0.31622 -0.384863 0.867113 0.400795 -0.930002 -0.306262 0.203222 -0.504304 0.187351 -0.87068 -0.454769 0.485867 
1534194700020 0.131552 0.844055 -0.519871 -0.618406 -0.953172 0.251765 0.167564 -0.23671 0.272319 0.473483 0.83765 0.412075 0.31622 -0.384863 0.867113 0.400795 -0.930002 -0.306262 0.203222 -0.504304 0.187351 -0.87068 -0.454769 0.485867 
1534194700117 0.132085 0.84357 -0.520522 -0.618598 -0.952902 0.252688 0.167708 -0.236781 0.273003 0.473855 0.837216 0.412212 0.31622 -0.384863 0.867113 0.400795 -0.930002 -0.306262 0.203222 -0.504304 0.187351 -0.87068 -0.454769 0.485867 
1534194700173 0.132617 0.843085 -0.521172 -0.618791 -0.952632 0.25361 0.167852 -0.236854 0.273688 0.474225 0.836783 0.412349 0.31622 -0.384863 0.867113 0.400795 -0.930002 -0.306262 0.203222 -0.504304 0.187351 -0.87068 -0.454769 0.485867 
1534194700270 0.133149 0.842598 -0.521823 -0.618982 -0.952361 0.254533 0.167994 -0.236926 0.274372 0.474596 0.836349 0.412487 0.31622 -0.384863 0.867113 0.400795 -0.930002 -0.306262 0.203222 -0.504304 0.187351 -0.87068 -0.454769 0.485867 
1534194700333 0.132487 0.843135 -0.521124 -0.618714 -0.952699 0.253406 0.167781 -0.236882 0.273518 0.474246 0.836827 0.412262 0.31622 -0.384863 0.867113 0.400795 -0.930002 -0.306262 0.203222 -0.504304 0.187351 -0.87068 -0.454769 0.485867 
1534194700344 0.132605 0.84294 -0.521409 -0.618724 -0.952616 0.253677 0.167839 -0.237066 0.273748 0.474446 0.836638 0.412285 0.31622 -0.384863 0.867113 0.400795 -0.930002 -0.306262 0.203222 -0.504304 0.187351 -0.87068 -0.454769 0.485867 
1534194700363 0.132723 0.842746 -0.521693 -0.618737 -0.952533 0.253949 0.167899 -0.237255 0.27398 0.474646 0.836449 0.412307 0.31622 -0.384863 0.867113 0.400795 -0.930002 -0.306262 0.203222 -0.504304 0.187351 -0.87068 -0.45477 0.485867 
1534194700377 0.13284 0.842552 -0.521977 -0.618751 -0.95245 0.254221 0.167959 -0.237442 0.274212 0.474845 0.836259 0.412329 0.31622 -0.384863 0.867113 0.400795 -0.930002 -0.306262 0.203222 -0.504304 0.187351 -0.87068 -0.45477 0.485867 
1534194700503 0.132958 0.842357 -0.522261 -0.618765 -0.952367 0.254493 0.168019 -0.237631 0.274444 0.475044 0.83607 0.412351 0.31622 -0.384863 0.867113 0.400795 -0.930002 -0.306262 0.203222 -0.504304 0.187351 -0.87068 -0.45477 0.485867 
1534194700517 0.133075 0.842163 -0.522544 -0.618779 -0.952284 0.254765 0.168079 -0.23782 0.274676 0.475243 0.835881 0.412373 0.31622 -0.384863 0.867113 0.400795 -0.930002 -0.306262 0.203222 -0.504304 0.187351 -0.87068 -0.45477 0.485867 
1534194700535 0.133192 0.841968 -0.522828 -0.618794 -0.9522 0.255037 0.168139 -0.238008 0.274908 0.475442 0.835691 0.412395 0.31622 -0.384863 0.867113 0.400795 -0.930002 -0.306262 0.203222 -0.504304 0.187351 -0.87068 -0.45477 0.485867 
1534194700550 0.133309 0.841773 -0.523112 -0.618807 -0.952117 0.255309 0.168198 -0.238196 0.27514 0.475641 0.835502 0.412417 0.31622 -0.384863 0.867113 0.400795 -0.930002 -0.306262 0.203222 -0.504304 0.187351 -0.87068 -0.45477 0.485867 
1534194700567 0.133426 0.841578 -0.523396 -0.61882 -0.952033 0.255581 0.168257 -0.238384 0.275372 0.47584 0.835312 0.412439 0.31622 -0.384863 0.867113 0.400795 -0.930002 -0.306262 0.203222 -0.504304 0.187351 -0.87068 -0.45477 0.485867 
1534194700619 0.133543 0.841384 -0.523679 -0.618835 -0.95195 0.255853 0.168317 -0.238573 0.275604 0.476039 0.835123 0.41246 0.31622 -0.384863 0.867113 0.400795 -0.930002 -0.306262 0.203222 -0.504304 0.187351 -0.87068 -0.45477 0.485867 
1534194700672 0.133331 0.842147 -0.522505 -0.618738 -0.952213 0.255035 0.168071 -0.238042 0.274798 0.475127 0.835907 0.412462 0.31622 -0.384863 0.867113 0.400795 -0.930002 -0.306262 0.203222 -0.504304 0.187351 -0.87068 -0.45477 0.485867 
1534194700686 0.132938 0.842193 -0.522531 -0.618486 -0.952128 0.254948 0.168682 -0.238207 0.275281 0.475092 0.835768 0.412477 0.31622 -0.384863 0.867113 0.400795 -0.930002 -0.306262 0.203222 -0.504304 0.187351 -0.87068 -0.45477 0.485867 
1534194700705 0.132544 0.84224 -0.522555 -0.618234 -0.952043 0.25486 0.169296 -0.238377 0.275766 0.475056 0.835629 0.41249 0.31622 -0.384863 0.867113 0.400795 -0.930002 -0.306262 0.203222 -0.504304 0.187351 -0.87068 -0.45477 0.485867 
1534194700816 0.132149 0.842287 -0.522579 -0.617982 -0.951957 0.254772 0.169908 -0.238546 0.27625 0.47502 0.835489 0.412503 0.31622 -0.384863 0.867113 0.400795 -0.930002 -0.306262 0.203222 -0.504304 0.187351 -0.87068 -0.45477 0.485867 
1534194700901 0.131755 0.842333 -0.522604 -0.61773 -0.951871 0.254684 0.170521 -0.238714 0.276734 0.474985 0.835349 0.412516 0.31622 -0.384863 0.867113 0.400795 -0.930002 -0.306262 0.203222 -0.504304 0.187351 -0.87068 -0.45477 0.485867 
1534194700987 0.131361 0.84238 -0.522628 -0.617479 -0.951785 0.254595 0.171134 -0.238884 0.277218 0.474949 0.835209 0.412529 0.31622 -0.384863 0.867113 0.400795 -0.930002 -0.306262 0.203222 -0.504304 0.187351 -0.87068 -0.45477 0.485867 
1534194701067 0.130966 0.842427 -0.522652 -0.617227 -0.951698 0.254507 0.171746 -0.239052 0.277702 0.474914 0.835068 0.412543 0.31622 -0.384863 0.867113 0.400795 -0.930002 -0.306262 0.203222 -0.504304 0.187351 -0.87068 -0.45477 0.485867 
1534194701155 0.130572 0.842474 -0.522675 -0.616977 -0.951611 0.254419 0.172359 -0.239222 0.278186 0.474878 0.834927 0.412555 0.31622 -0.384863 0.867113 0.400795 -0.930002 -0.306262 0.203222 -0.504304 0.187351 -0.87068 -0.45477 0.485867 
1534194701225 0.130177 0.84252 -0.522698 -0.616725 -0.951523 0.25433 0.172971 -0.239391 0.27867 0.474842 0.834786 0.412569 0.31622 -0.384863 0.867113 0.400795 -0.930002 -0.306262 0.203222 -0.504304 0.187351 -0.87068 -0.45477 0.485867 
1534194701310 0.129783 0.842567 -0.522721 -0.616475 -0.951436 0.254242 0.173584 -0.239561 0.279154 0.474807 0.834645 0.412581 0.31622 -0.384863 0.867113 0.400795 -0.930002 -0.306262 0.203222 -0.504304 0.187351 -0.87068 -0.45477 0.485867 
1534194701407 0.130112 0.842523 -0.52271 -0.616767 -0.951575 0.254204 0.172872 -0.239364 0.278523 0.474905 0.834799 0.412557 0.31622 -0.384863 0.867113 0.400795 -0.930002 -0.306262 0.203222 -0.504304 0.187351 -0.87068 -0.45477 0.485867 
1534194701419 0.129752 0.842615 -0.522651 -0.616504 -0.951627 0.253882 0.173058 -0.239426 0.278513 0.474914 0.834797 0.412643 0.31622 -0.384863 0.867113 0.400795 -0.930002 -0.306262 0.203222 -0.504304 0.187351 -0.87068 -0.45477 0.485867 
1534194701436 0.129393 0.842706 -0.522593 -0.616236 -0.95168 0.25356 0.173244 -0.239485 0.278502 0.474924 0.834795 0.41273 0.31622 -0.384863 0.867113 0.400795 -0.930002 -0.306262 0.203222 -0.504304 0.187351 -0.87068 -0.45477 0.485867 
1534194701490 0.129034 0.842798 -0.522535 -0.615969 -0.951731 0.253238 0.173429 -0.239544 0.278491 0.474934 0.834793 0.412817 0.31622 -0.384863 0.867113 0.400795 -0.930002 -0.306262 0.203222 -0.504304 0.187351 -0.87068 -0.45477 0.485867 
1534194701595 0.128675 0.842889 -0.522476 -0.615701 -0.951783 0.252916 0.173615 -0.239603 0.27848 0.474944 0.834791 0.412904 0.31622 -0.384863 0.867113 0.400795 -0.930002 -0.306262 0.203222 -0.504304 0.187351 -0.87068 -0.45477 0.485867 
1534194701655 0.128315 0.84298 -0.522418 -0.615435 -0.951835 0.252594 0.173801 -0.239662 0.27847 0.474954 0.834789 0.412991 0.31622 -0.384863 0.867113 0.400795 -0.930002 -0.306262 0.203222 -0.504304 0.187351 -0.87068 -0.45477 0.485867 
1534194701753 0.127956 0.84307 -0.52236 -0.615166 -0.951887 0.252272 0.173986 -0.239721 0.278459 0.474964 0.834787 0.413078 0.31622 -0.384863 0.867113 0.400795 -0.930002 -0.306262 0.203222 -0.504304 0.187351 -0.87068 -0.45477 0.485867 
1534194701799 0.127597 0.843161 -0.522301 -0.614899 -0.951938 0.251949 0.174171 -0.23978 0.278448 0.474974 0.834785 0.413165 0.31622 -0.384863 0.867113 0.400795 -0.930002 -0.306262 0.203222 -0.504304 0.187351 -0.87068 -0.45477 0.485867 
1534194701892 0.127238 0.843252 -0.522243 -0.614631 -0.951989 0.251627 0.174356 -0.239838 0.278437 0.474985 0.834783 0.413253 0.31622 -0.384863 0.867113 0.400795 -0.930002 -0.306262 0.203222 -0.504304 0.187351 -0.87068 -0.45477 0.485867 
1534194701948 0.126878 0.843342 -0.522184 -0.614364 -0.95204 0.251305 0.174542 -0.239897 0.278426 0.474995 0.834781 0.41334 0.31622 -0.384863 0.867113 0.400795 -0.930002 -0.306262 0.203222 -0.504304 0.187351 -0.87068 -0.45477 0.485867 
1534194702048 0.127439 0.843192 -0.52229 -0.6147 -0.951976 0.251784 0.174201 -0.239872 0.27839 0.475007 0.834786 0.413222 0.31622 -0.384863 0.867113 0.400795 -0.930002 -0.306262 0.203222 -0.504304 0.187351 -0.87068 -0.45477 0.485867 
1534194702060 0.127072 0.843096 -0.522533 -0.614488 -0.952043 0.251493 0.174256 -0.239883 0.278328 0.475331 0.834622 0.413336 0.31622 -0.384863 0.867113 0.400795 -0.930002 -0.306262 0.203222 -0.504304 0.187351 -0.87068 -0.45477 0.485867 
1534194702067 0.126707 0.842999 -0.522778 -0.614268 -0.95211 0.251202 0.174308 -0.239888 0.278265 0.475657 0.834458 0.413451 0.31622 -0.384863 0.867113 0.400795 -0.930002 -0.306262 0.203222 -0.504304 0.187351 -0.87068 -0.45477 0.485867 
1534194702130 0.126341 0.842903 -0.523023 -0.614051 -0.952178 0.250911 0.17436 -0.239895 0.278201 0.475982 0.834293 0.413566 0.31622 -0.384863 0.867113 0.400795 -0.930002 -0.306262 0.203222 -0.504304 0.187351 -0.87068 -0.45477 0.485867 
1534194702234 0.125976 0.842806 -0.523267 -0.613833 -0.952245 0.25062 0.174413 -0.239901 0.278137 0.476307 0.834129 0.413681 0.31622 -0.384863 0.867113 0.400795 -0.930002 -0.306262 0.203222 -0.504304 0.187351 -0.87068 -0.45477 0.485867 
1534194702284 0.12561 0.842709 -0.523512 -0.613616 -0.952311 0.250329 0.174465 -0.239908 0.278074 0.476631 0.833965 0.413795 0.31622 -0.384863 0.867113 0.400795 -0.930002 -0.306262 0.203222 -0.504304 0.187351 -0.87068 -0.45477 0.485867 
1534194702395 0.125245 0.842611 -0.523756 -0.613397 -0.952378 0.250038 0.174518 -0.239914 0.27801 0.476956 0.8338 0.413911 0.31622 -0.384863 0.867113 0.400795 -0.930002 -0.306262 0.203222 -0.504304 0.187351 -0.87068 -0.45477 0.485867 
1534194702448 0.124879 0.842513 -0.524001 -0.613179 -0.952445 0.249748 0.17457 -0.23992 0.277946 0.477281 0.833636 0.414026 0.31622 -0.384863 0.867113 0.400795 -0.930002 -0.306262 0.203222 -0.504304 0.187351 -0.87068 -0.45477 0.485867 
1534194702455 0.124514 0.842416 -0.524245 -0.612961 -0.952512 0.249457 0.174623 -0.239926 0.277881 0.477606 0.833471 0.414141 0.31622 -0.384863 0.867113 0.400795 -0.930002 -0.306262 0.203222 -0.504304 0.187351 -0.87068 -0.45477 0.485867 
1534194702589 0.124148 0.842318 -0.524489 -0.612744 -0.952578 0.249165 0.174676 -0.239933 0.277817 0.477931 0.833307 0.414256 0.31622 -0.384863 0.867113 0.400795 -0.930002 -0.306262 0.203222 -0.504304 0.187351 -0.87068 -0.45477 0.485867 
1534194702641 0.12462 0.84246 -0.524149 -0.613005 -0.952469 0.249575 0.174684 -0.239885 0.277978 0.477466 0.833519 0.414098 0.31622 -0.384863 0.867113 0.400795 -0.930002 -0.306262 0.203222 -0.504304 0.187351 -0.87068 -0.45477 0.485867 
1534194702653 0.124294 0.842392 -0.524335 -0.612843 -0.952454 0.249437 0.174963 -0.239915 0.278176 0.477659 0.833343 0.414145 0.31622 -0.384863 0.867113 0.400795 -0.930002 -0.306262 0.203222 -0.504304 0.187351 -0.87068 -0.45477 0.485867 
1534194702670 0.123968 0.842323 -0.524522 -0.612676 -0.952439 0.249299 0.175242 -0.239942 0.278373 0.477851 0.833167 0.414192 0.31622 -0.384863 0.867113 0.400795 -0.930002 -0.306262 0.203222 -0.504304 0.187351 -0.87068 -0.45477 0.485867 
1534194702688 0.123642 0.842255 -0.524709 -0.61251 -0.952424 0.249161 0.175521 -0.239969 0.278571 0.478044 0.83299 0.41424 0.31622 -0.384863 0.867113 0.400795 -0.930002 -0.306262 0.203222 -0.504304 0.187351 -0.87068 -0.45477 0.485867 
1534194702774 0.123315 0.842186 -0.524896 -0.612343 -0.952408 0.249023 0.175801 -0.239995 0.278768 0.478237 0.832813 0.414288 0.31622 -0.384863 0.867113 0.400795 -0.930002 -0.306262 0.203222 -0.504304 0.187351 -0.87068 -0.45477 0.485867 
1534194702816 0.122989 0.842117 -0.525083 -0.612176 -0.952393 0.248885 0.17608 -0.240021 0.278965 0.47843 0.832637 0.414336 0.31622 -0.384863 0.867113 0.400795 -0.930002 -0.306262 0.203222 -0.504304 0.187351 -0.87068 -0.45477 0.485867 
1534194702822 0.122663 0.842049 -0.52527 -0.61201 -0.952377 0.248747 0.176359 -0.240048 0.279162 0.478622 0.83246 0.414383 0.31622 -0.384863 0.867113 0.400795 -0.930002 -0.306262 0.203222 -0.504304 0.187351 -0.87068 -0.45477 0.485867 
1534194702923 0.122337 0.841979 -0.525456 -0.611843 -0.952361 0.24861 0.176638 -0.240074 0.279359 0.478815 0.832283 0.414431 0.31622 -0.384863 0.867113 0.400795 -0.930002 -0.306262 0.203222 -0.504304 0.187351 -0.87068 -0.45477 0.485867 
1534194702972 0.12201 0.841911 -0.525643 -0.611677 -0.952345 0.248472 0.176917 -0.240101 0.279556 0.479008 0.832106 0.414479 0.31622 -0.384863 0.867113 0.400795 -0.930002 -0.306262 0.203222 -0.504304 0.187351 -0.87068 -0.45477 0.485867 
1534194703044 0.121684 0.841841 -0.525829 -0.611509 -0.952329 0.248335 0.177196 -0.240127 0.279753 0.479201 0.831929 0.414527 0.31622 -0.384863 0.867113 0.400795 -0.930002 -0.306262 0.203222 -0.504304 0.187351 -0.87068 -0.45477 0.485867 
1534194703103 0.12226 0.842014 -0.525418 -0.611808 -0.952327 0.248613 0.176818 -0.240046 0.279509 0.478752 0.832269 0.414455 0.31622 -0.384863 0.867113 0.400795 -0.930002 -0.306262 0.203222 -0.504304 0.187351 -0.87068 -0.45477 0.485867 
1534194703115 0.121942 0.84208 -0.525386 -0.611682 -0.952317 0.248424 0.177137 -0.240077 0.279682 0.478734 0.832221 0.414455 0.31622 -0.384863 0.867113 0.400795 -0.930002 -0.306262 0.203222 -0.504304 0.187351 -0.87068 -0.45477 0.485867 
1534194703137 0.121622 0.842147 -0.525354 -0.611554 -0.952307 0.248234 0.177457 -0.240113 0.279856 0.478715 0.832173 0.414452 0.31622 -0.384863 0.867113 0.400795 -0.930002 -0.306262 0.203222 -0.504304 0.187351 -0.87068 -0.45477 0.485867 
1534194703148 0.121303 0.842213 -0.525322 -0.611428 -0.952297 0.248045 0.177776 -0.240146 0.280029 0.478697 0.832125 0.41445 0.31622 -0.384863 0.867113 0.400795 -0.930002 -0.306262 0.203222 -0.504304 0.187351 -0.87068 -0.45477 0.485867 
1534194703230 0.120984 0.842279 -0.525289 -0.611301 -0.952286 0.247855 0.178097 -0.240182 0.280203 0.478679 0.832077 0.414448 0.31622 -0.384863 0.867113 0.400795 -0.930002 -0.306262 0.203222 -0.504304 0.187351 -0.87068 -0.45477 0.485867 
1534194703267 0.120664 0.842345 -0.525256 -0.611175 -0.952276 0.247665 0.178417 -0.240218 0.280377 0.478661 0.832029 0.414445 0.31622 -0.384863 0.867113 0.400795 -0.930002 -0.306262 0.203222 -0.504304 0.187351 -0.87068 -0.45477 0.485867 
1534194703309 0.120344 0.842411 -0.525224 -0.611049 -0.952265 0.247476 0.178737 -0.240252 0.28055 0.478642 0.831981 0.414443 0.31622 -0.384863 0.867113 0.400795 -0.930002 -0.306262 0.203222 -0.504304 0.187351 -0.87068 -0.45477 0.485867 
1534194703369 0.120025 0.842477 -0.525191 -0.610922 -0.952254 0.247286 0.179056 -0.240287 0.280724 0.478624 0.831933 0.414441 0.31622 -0.384863 0.867113 0.400795 -0.930002 -0.306262 0.203222 -0.504304 0.187351 -0.87068 -0.45477 0.485867 
1534194703375 0.119705 0.842544 -0.525158 -0.610797 -0.952243 0.247097 0.179377 -0.240323 0.280897 0.478606 0.831885 0.414438 0.31622 -0.384863 0.867113 0.400795 -0.930002 -0.306262 0.203222 -0.504304 0.187351 -0.87068 -0.45477 0.485867 
1534194703473 0.119386 0.842609 -0.525125 -0.610671 -0.952232 0.246907 0.179696 -0.240357 0.281071 0.478588 0.831837 0.414436 0.31622 -0.384863 0.867113 0.400795 -0.930002 -0.306262 0.203222 -0.504304 0.187351 -0.87068 -0.45477 0.485867 
1534194703521 0.119922 0.842403 -0.525334 -0.610918 -0.95229 0.24719 0.178997 -0.240289 0.280645 0.478805 0.831856 0.414381 0.31622 -0.384863 0.867113 0.400795 -0.930002 -0.306262 0.203222 -0.504304 0.187351 -0.87068 -0.45477 0.485867 
1534194703529 0.119867 0.842499 -0.525192 -0.610826 -0.952333 0.247053 0.178962 -0.240287 0.280526 0.478706 0.831953 0.414339 0.31622 -0.384863 0.867113 0.400795 -0.930002 -0.306262 0.203222 -0.504304 0.187351 -0.87068 -0.45477 0.485867 
1534194703549 0.119812 0.842595 -0.525051 -0.610732 -0.952375 0.246918 0.178926 -0.240284 0.280406 0.478608 0.83205 0.414296 0.31622 -0.384863 0.867113 0.400795 -0.930002 -0.306262 0.203222 -0.504304 0.187351 -0.87068 -0.45477 0.485867 
1534194703563 0.119757 0.84269 -0.52491 -0.610637 -0.952417 0.246781 0.17889 -0.240281 0.280287 0.47851 0.832146 0.414254 0.31622 -0.384863 0.867113 0.400795 -0.930002 -0.306262 0.203222 -0.504304 0.187351 -0.87068 -0.45477 0.485867 
1534194703580 0.119703 0.842786 -0.52477 -0.610541 -0.952458 0.246645 0.178854 -0.240278 0.280168 0.478412 0.832243 0.414211 0.31622 -0.384863 0.867113 0.400795 -0.930002 -0.306262 0.203222 -0.504304 0.187351 -0.87068 -0.45477 0.485867 
1534194703596 0.119648 0.842881 -0.524629 -0.610445 -0.9525 0.246509 0.178819 -0.240274 0.280049 0.478314 0.832339 0.414169 0.31622 -0.384863 0.867113 0.400795 -0.930002 -0.306262 0.203222 -0.504304 0.187351 -0.87068 -0.45477 0.485867 
1534194703613 0.119593 0.842977 -0.524488 -0.610351 -0.952542 0.246373 0.178783 -0.240271 0.279929 0.478216 0.832436 0.414127 0.31622 -0.384863 0.867113 0.400795 -0.930002 -0.306262 0.203222 -0.504304 0.187351 -0.87068 -0.45477 0.485867 
1534194703674 0.119538 0.843072 -0.524347 -0.610254 -0.952584 0.246237 0.178747 -0.240267 0.27981 0.478118 0.832532 0.414085 0.31622 -0.384863 0.867113 0.400795 -0.930002 -0.306262 0.203222 -0.504304 0.187351 -0.87068 -0.45477 0.485867 
1534194703701 0.119484 0.843168 -0.524206 -0.61016 -0.952626 0.246101 0.178711 -0.240264 0.279691 0.478019 0.832629 0.414042 0.31622 -0.384863 0.867113 0.400795 -0.930002 -0.306262 0.203222 -0.504304 0.187351 -0.87068 -0.45477 0.485867 
1534194703722 0.119429 0.843263 -0.524065 -0.610065 -0.952668 0.245965 0.178675 -0.240261 0.279572 0.477921 0.832725 0.414 0.31622 -0.384863 0.867113 0.400795 -0.930002 -0.306262 0.203222 -0.504304 0.187351 -0.87068 -0.45477 0.485867 
1534194703750 0.11937 0.842908 -0.524649 -0.610467 -0.952503 0.246334 0.179047 -0.240193 0.280159 0.478357 0.832277 0.41415 0.31622 -0.384863 0.867113 0.400795 -0.930002 -0.306262 0.203222 -0.504304 0.187351 -0.87068 -0.45477 0.485867 
1534194703762 0.119279 0.842904 -0.524676 -0.610382 -0.952512 0.246267 0.179092 -0.240197 0.280168 0.478398 0.832251 0.414141 0.31622 -0.384863 0.867113 0.400795 -0.930002 -0.306262 0.203222 -0.504304 0.187351 -0.87068 -0.45477 0.485867 
1534194703768 0.11919 0.8429 -0.524703 -0.610293 -0.95252 0.246202 0.179136 -0.240199 0.280176 0.478439 0.832224 0.414133 0.31622 -0.384863 0.867113 0.400795 -0.930002 -0.306262 0.203222 -0.504304 0.187351 -0.87068 -0.45477 0.485867 
1534194703782 0.119101 0.842896 -0.524729 -0.610205 -0.952529 0.246137 0.179179 -0.240201 0.280185 0.478479 0.832198 0.414125 0.31622 -0.384863 0.867113 0.400795 -0.930002 -0.306262 0.203222 -0.504304 0.187351 -0.87068 -0.45477 0.485867 
1534194703799 0.119012 0.842892 -0.524756 -0.610115 -0.952538 0.246072 0.179223 -0.240202 0.280193 0.47852 0.832172 0.414117 0.31622 -0.384863 0.867113 0.400795 -0.930002 -0.306262 0.203222 -0.504304 0.187351 -0.87068 -0.45477 0.485867 
1534194703815 0.118923 0.842888 -0.524782 -0.610027 -0.952546 0.246006 0.179266 -0.240204 0.280201 0.47856 0.832146 0.414109 0.31622 -0.384863 0.867113 0.400795 -0.930002 -0.306262 0.203222 -0.504304 0.187351 -0.87068 -0.45477 0.485867 
1534194703832 0.118835 0.842884 -0.524809 -0.609938 -0.952555 0.245941 0.17931 -0.240205 0.280209 0.478601 0.83212 0.414101 0.31622 -0.384863 0.867113 0.400795 -0.930002 -0.306262 0.203222 -0.504304 0.187351 -0.87068 -0.45477 0.485867 
1534194703876 0.118745 0.84288 -0.524835 -0.609849 -0.952564 0.245876 0.179353 -0.240207 0.280218 0.478642 0.832094 0.414093 0.31622 -0.384863 0.867113 0.400795 -0.930002 -0.306262 0.203222 -0.504304 0.187351 -0.87068 -0.45477 0.485867 
1534194703897 0.118657 0.842876 -0.524862 -0.609759 -0.952572 0.245811 0.179397 -0.240208 0.280226 0.478683 0.832068 0.414086 0.31622 -0.384863 0.867113 0.400795 -0.930002 -0.306262 0.203222 -0.504304 0.187351 -0.87068 -0.45477 0.485867 
1534194703946 0.118568 0.842872 -0.524889 -0.609671 -0.952581 0.245745 0.17944 -0.24021 0.280234 0.478723 0.832041 0.414078 0.31622 -0.384863 0.867113 0.400795 -0.930002 -0.306262 0.203222 -0.504304 0.187351 -0.87068 -0.45477 0.485867 
1534194703987 0.1189 0.84293 -0.52472 -0.609932 -0.952511 0.246039 0.179411 -0.240184 0.280332 0.47847 0.832154 0.414153 0.31622 -0.384863 0.867113 0.400795 -0.930002 -0.306262 0.203222 -0.504304 0.187351 -0.87068 -0.45477 0.485867 
1534194704000 0.118758 0.842892 -0.524814 -0.609867 -0.952518 0.245957 0.179485 -0.240206 0.280368 0.478579 0.832079 0.414183 0.31622 -0.384863 0.867113 0.400795 -0.930002 -0.306262 0.203222 -0.504304 0.187351 -0.87068 -0.45477 0.485867 
1534194704017 0.118617 0.842853 -0.524908 -0.609797 -0.952526 0.245875 0.179557 -0.240226 0.280402 0.47869 0.832004 0.414214 0.31622 -0.384863 0.867113 0.400795 -0.930002 -0.306262 0.203222 -0.504304 0.187351 -0.87068 -0.45477 0.485867 
1534194704033 0.118475 0.842814 -0.525002 -0.609727 -0.952533 0.245792 0.179629 -0.240246 0.280436 0.4788 0.831929 0.414245 0.31622 -0.384863 0.867113 0.400795 -0.930002 -0.306262 0.203222 -0.504304 0.187351 -0.87068 -0.45477 0.485867 
1534194704050 0.118334 0.842775 -0.525097 -0.609657 -0.952541 0.24571 0.179701 -0.240266 0.280469 0.478911 0.831854 0.414275 0.31622 -0.384863 0.867113 0.400795 -0.930002 -0.306262 0.203222 -0.504304 0.187351 -0.87068 -0.45477 0.485867 
1534194704067 0.118193 0.842736 -0.525191 -0.609587 -0.952548 0.245628 0.179773 -0.240285 0.280503 0.479022 0.831779 0.414306 0.31622 -0.384863 0.867113 0.400795 -0.930002 -0.306262 0.203222 -0.504304 0.187351 -0.87068 -0.45477 0.485867 
1534194704083 0.118052 0.842698 -0.525285 -0.609518 -0.952556 0.245546 0.179845 -0.240305 0.280537 0.479133 0.831704 0.414337 0.31622 -0.384863 0.867113 0.400795 -0.930002 -0.306262 0.203222 -0.504304 0.187351 -0.87068 -0.45477 0.485867 
1534194704100 0.11791 0.842658 -0.52538 -0.609447 -0.952564 0.245464 0.179917 -0.240324 0.280571 0.479243 0.831628 0.414368 0.31622 -0.384863 0.867113 0.400795 -0.930002 -0.306262 0.203222 -0.504304 0.187351 -0.87068 -0.45477 0.485867 
1534194704117 0.117769 0.84262 -0.525474 -0.609378 -0.952571 0.245381 0.17999 -0.240344 0.280604 0.479354 0.831553 0.414399 0.31622 -0.384863 0.867113 0.400795 -0.930002 -0.306262 0.203222 -0.504304 0.187351 -0.87068 -0.45477 0.485867 
1534194704124 0.117628 0.842581 -0.525568 -0.609308 -0.952579 0.245299 0.180062 -0.240364 0.280638 0.479465 0.831478 0.41443 0.31622 -0.384863 0.867113 0.400795 -0.930002 -0.306262 0.203222 -0.504304 0.187351 -0.87068 -0.45477 0.485867 
1534194704229 0.11818 0.842655 -0.525325 -0.609618 -0.952548 0.24565 0.179746 -0.24029 0.28051 0.479155 0.8317 0.414218 0.31622 -0.384863 0.867113 0.400795 -0.930002 -0.306262 0.203222 -0.504304 0.187351 -0.87068 -0.45477 0.485867 
1534194704243 0.118316 0.84268 -0.525253 -0.609561 -0.952656 0.245535 0.179329 -0.24028 0.280085 0.479168 0.831835 0.414206 0.31622 -0.384863 0.867113 0.400795 -0.930002 -0.306262 0.203222 -0.504304 0.187351 -0.87068 -0.45477 0.485867 
1534194704259 0.118453 0.842706 -0.525182 -0.6095 -0.952765 0.24542 0.178909 -0.240267 0.279658 0.479183 0.831971 0.414194 0.31622 -0.384863 0.867113 0.400795 -0.930002 -0.306262 0.203222 -0.504304 0.187351 -0.87068 -0.45477 0.485867 
1534194704359 0.118589 0.842731 -0.52511 -0.609439 -0.952873 0.245306 0.178489 -0.240254 0.279231 0.479197 0.832106 0.414183 0.31622 -0.384863 0.867113 0.400795 -0.930002 -0.306262 0.203222 -0.504304 0.187351 -0.87068 -0.45477 0.485867 
1534194704375 0.118726 0.842756 -0.525039 -0.609377 -0.952981 0.245191 0.178069 -0.240241 0.278803 0.479211 0.832241 0.414172 0.31622 -0.384863 0.867113 0.400795 -0.930002 -0.306262 0.203222 -0.504304 0.187351 -0.87068 -0.45477 0.485867 
1534194704407 0.118863 0.842782 -0.524968 -0.609315 -0.953089 0.245077 0.177648 -0.240227 0.278376 0.479225 0.832376 0.414161 0.31622 -0.384863 0.867113 0.400795 -0.930002 -0.306262 0.203222 -0.504304 0.187351 -0.87068 -0.45477 0.485867 
1534194704465 0.118999 0.842807 -0.524896 -0.609255 -0.953197 0.244962 0.177228 -0.240214 0.277949 0.479239 0.832511 0.41415 0.31622 -0.384863 0.867113 0.400795 -0.930002 -0.306262 0.203222 -0.504304 0.187351 -0.87068 -0.45477 0.485867 
1534194704504 0.119136 0.842832 -0.524824 -0.609193 -0.953304 0.244848 0.176808 -0.2402 0.277521 0.479253 0.832646 0.414139 0.31622 -0.384863 0.867113 0.400795 -0.930002 -0.306262 0.203222 -0.504304 0.187351 -0.87068 -0.45477 0.485867 
1534194704535 0.119272 0.842858 -0.524752 -0.609132 -0.953411 0.244733 0.176387 -0.240187 0.277094 0.479267 0.83278 0.414128 0.31622 -0.384863 0.867113 0.400795 -0.930002 -0.306262 0.203222 -0.504304 0.187351 -0.87068 -0.45477 0.485867 
1534194704570 0.119409 0.842883 -0.524681 -0.60907 -0.953518 0.244619 0.175967 -0.240173 0.276666 0.479281 0.832914 0.414117 0.31622 -0.384863 0.867113 0.400795 -0.930002 -0.306262 0.203222 -0.504304 0.187351 -0.87068 -0.45477 0.485867 
1534194704630 0.11892 0.842916 -0.524739 -0.609217 -0.95328 0.244735 0.177092 -0.240135 0.277696 0.479163 0.832639 0.414192 0.31622 -0.384863 0.867113 0.400795 -0.930002 -0.306262 0.203222 -0.504304 0.187351 -0.87068 -0.45477 0.485867 
1534194704640 0.118631 0.842904 -0.524823 -0.609101 -0.953221 0.244672 0.177495 -0.240176 0.278021 0.479216 0.8325 0.414193 0.31622 -0.384863 0.867113 0.400795 -0.930002 -0.306262 0.203222 -0.504304 0.187351 -0.87068 -0.45477 0.485867 
1534194704657 0.118341 0.842893 -0.524907 -0.608983 -0.953162 0.244608 0.1779 -0.24022 0.278347 0.479269 0.832361 0.414193 0.31622 -0.384863 0.867113 0.400795 -0.930002 -0.306262 0.203222 -0.504304 0.187351 -0.87068 -0.45477 0.485867 
1534194704669 0.11805 0.842881 -0.524991 -0.608866 -0.953103 0.244544 0.178304 -0.240265 0.278673 0.479321 0.832221 0.414193 0.31622 -0.384863 0.867113 0.400795 -0.930002 -0.306262 0.203222 -0.504304 0.187351 -0.87068 -0.45477 0.485867 
1534194704786 0.117759 0.84287 -0.525074 -0.608749 -0.953044 0.24448 0.178709 -0.24031 0.278998 0.479374 0.832082 0.414192 0.31622 -0.384863 0.867113 0.400795 -0.930002 -0.306262 0.203222 -0.504304 0.187351 -0.87068 -0.45477 0.485867 
1534194704858 0.117469 0.842859 -0.525157 -0.608631 -0.952984 0.244416 0.179113 -0.240354 0.279324 0.479426 0.831943 0.414192 0.31622 -0.384863 0.867113 0.400795 -0.930002 -0.306262 0.203222 -0.504304 0.187351 -0.87068 -0.45477 0.485867 
1534194704913 0.117178 0.842848 -0.52524 -0.608515 -0.952925 0.244352 0.179518 -0.240399 0.279649 0.479479 0.831803 0.414191 0.31622 -0.384863 0.867113 0.400795 -0.930002 -0.306262 0.203222 -0.504304 0.187351 -0.87068 -0.45477 0.485867 
1534194704947 0.116887 0.842836 -0.525323 -0.608398 -0.952865 0.244288 0.179922 -0.240443 0.279975 0.479531 0.831663 0.414191 0.31622 -0.384863 0.867113 0.400795 -0.930002 -0.306262 0.203222 -0.504304 0.187351 -0.87068 -0.45477 0.485867 
1534194704954 0.116597 0.842825 -0.525406 -0.608281 -0.952805 0.244224 0.180326 -0.240487 0.2803 0.479584 0.831524 0.414191 0.31622 -0.384863 0.867113 0.400795 -0.930002 -0.306262 0.203222 -0.504304 0.187351 -0.87068 -0.45477 0.485867 
1534194705044 0.116306 0.842814 -0.525488 -0.608164 -0.952745 0.24416 0.180731 -0.240533 0.280625 0.479636 0.831384 0.41419 0.31622 -0.384863 0.867113 0.400795 -0.930002 -0.306262 0.203222 -0.504304 0.187351 -0.87068 -0.45477 0.485867 
1534194705088 0.116879 0.842901 -0.525221 -0.608424 -0.952954 0.244108 0.179692 -0.240416 0.279674 0.47951 0.831777 0.414175 0.31622 -0.384863 0.867113 0.400795 -0.930002 -0.306262 0.203222 -0.504304 0.187351 -0.87068 -0.45477 0.485867 
1534194705102 0.116581 0.842932 -0.525238 -0.608265 -0.953005 0.243836 0.179794 -0.240464 0.279626 0.479594 0.831744 0.414193 0.31622 -0.384863 0.867113 0.400795 -0.930002 -0.306262 0.203222 -0.504304 0.187351 -0.87068 -0.45477 0.485867 
1534194705117 0.116283 0.842962 -0.525256 -0.608101 -0.953055 0.243565 0.179896 -0.24051 0.27958 0.479679 0.831711 0.414211 0.31622 -0.384863 0.867113 0.400795 -0.930002 -0.306262 0.203222 -0.504304 0.187351 -0.87068 -0.45477 0.485867 
1534194705134 0.115986 0.842992 -0.525274 -0.607937 -0.953105 0.243294 0.179998 -0.240556 0.279533 0.479764 0.831678 0.414229 0.31622 -0.384863 0.867113 0.400795 -0.930002 -0.306262 0.203222 -0.504304 0.187351 -0.87068 -0.45477 0.485867 
1534194705162 0.115688 0.843022 -0.525291 -0.607775 -0.953155 0.243023 0.1801 -0.240603 0.279486 0.479848 0.831645 0.414247 0.31622 -0.384863 0.867113 0.400795 -0.930002 -0.306262 0.203222 -0.504304 0.187351 -0.87068 -0.45477 0.485867 
1534194705347 0.115391 0.843051 -0.525309 -0.607611 -0.953205 0.242752 0.180201 -0.240648 0.279439 0.479934 0.831611 0.414266 0.31622 -0.384863 0.867113 0.400795 -0.930002 -0.306262 0.203222 -0.504304 0.187351 -0.87068 -0.45477 0.485867 
1534194705361 0.115093 0.843081 -0.525327 -0.607446 -0.953254 0.242481 0.180303 -0.240693 0.279392 0.480019 0.831578 0.414284 0.31622 -0.384863 0.867113 0.400795 -0.930002 -0.306262 0.203222 -0.504304 0.187351 -0.87068 -0.45477 0.485867 
1534194705384 0.114796 0.84311 -0.525345 -0.607284 -0.953304 0.24221 0.180405 -0.24074 0.279345 0.480103 0.831545 0.414303 0.31622 -0.384863 0.867113 0.400795 -0.930002 -0.306262 0.203222 -0.504304 0.187351 -0.87068 -0.45477 0.485867 
1534194705482 0.114498 0.84314 -0.525362 -0.607121 -0.953353 0.241939 0.180507 -0.240786 0.279298 0.480188 0.831512 0.414321 0.31622 -0.384863 0.867113 0.400795 -0.930002 -0.306262 0.203222 -0.504304 0.187351 -0.87068 -0.45477 0.485867 
1534194705518 0.114201 0.843169 -0.52538 -0.606956 -0.953403 0.241669 0.180608 -0.240831 0.279251 0.480273 0.831478 0.414339 0.31622 -0.384863 0.867113 0.400795 -0.930002 -0.306262 0.203222 -0.504304 0.187351 -0.87068 -0.45477 0.485867 
1534194705574 0.115126 0.843102 -0.525285 -0.607254 -0.953274 0.242459 0.180229 -0.240875 0.279312 0.479992 0.831621 0.414348 0.31622 -0.384863 0.867113 0.400795 -0.930002 -0.306262 0.203222 -0.504304 0.187351 -0.87068 -0.45477 0.485867 
1534194705592 0.114865 0.843048 -0.525429 -0.607082 -0.953267 0.242336 0.18043 -0.240905 0.279442 0.480149 0.831486 0.414388 0.31622 -0.384863 0.867113 0.400795 -0.930002 -0.306262 0.203222 -0.504304 0.187351 -0.87068 -0.45477 0.485867 
1534194705606 0.114605 0.842993 -0.525575 -0.606904 -0.95326 0.242213 0.180631 -0.240931 0.279572 0.480308 0.83135 0.414429 0.31622 -0.384863 0.867113 0.400795 -0.930002 -0.306262 0.203222 -0.504304 0.187351 -0.87068 -0.45477 0.485867 
1534194705622 0.114346 0.842937 -0.52572 -0.606725 -0.953253 0.242091 0.180832 -0.240956 0.279702 0.480467 0.831215 0.414471 0.31622 -0.384863 0.867113 0.400795 -0.930002 -0.306262 0.203222 -0.504304 0.187351 -0.87068 -0.45477 0.485867 
1534194705670 0.114086 0.842882 -0.525866 -0.606548 -0.953246 0.241968 0.181033 -0.240982 0.279832 0.480626 0.831079 0.414512 0.31622 -0.384863 0.867113 0.400795 -0.930002 -0.306262 0.203222 -0.504304 0.187351 -0.87068 -0.45477 0.485867 
1534194705762 0.113825 0.842827 -0.526011 -0.606371 -0.953239 0.241845 0.181234 -0.241008 0.279962 0.480785 0.830944 0.414553 0.31622 -0.384863 0.867113 0.400795 -0.930002 -0.306262 0.203222 -0.504304 0.187351 -0.87068 -0.45477 0.485867 
1534194705798 0.113566 0.842771 -0.526156 -0.606193 -0.953232 0.241723 0.181435 -0.241033 0.280092 0.480944 0.830808 0.414595 0.31622 -0.384863 0.867113 0.400795 -0.930002 -0.306262 0.203222 -0.504304 0.187351 -0.87068 -0.45477 0.485867 
1534194705857 0.113305 0.842716 -0.526301 -0.606016 -0.953225 0.2416 0.181636 -0.24106 0.280222 0.481103 0.830672 0.414636 0.31622 -0.384863 0.867113 0.400795 -0.930002 -0.306262 0.203222 -0.504304 0.187351 -0.87068 -0.45477 0.485867 
