1537390138985 0.246367 0.926508 -0.284406 -0.60218 -0.939058 0.30079 0.166419 -0.235309 0.239735 0.226073 0.944149 0.390172 0.16008 -0.304787 0.938871 0.370831 -0.775623 0.549475 0.310623 -0.528794 -0.61056 -0.777934 -0.14844 0.432481 
1537390138997 0.245809 0.926523 -0.284837 -0.605656 -0.939235 0.300305 0.166295 -0.237007 0.239614 0.226653 0.944041 0.388516 0.316241 -0.38488 0.867098 0.400864 -0.930001 -0.306251 0.203246 -0.504429 0.187325 -0.870677 -0.454788 0.485926 
1537390139003 0.24525 0.926539 -0.285269 -0.60913 -0.939413 0.299819 0.16617 -0.238705 0.239492 0.227232 0.943933 0.386859 0.316241 -0.38488 0.867098 0.400864 -0.930001 -0.306251 0.203246 -0.504429 0.187325 -0.870677 -0.454788 0.485926 
1537390139812 0.244691 0.926554 -0.285701 -0.612604 -0.93959 0.299333 0.166045 -0.240402 0.239369 0.227812 0.943824 0.385203 0.316241 -0.38488 0.867098 0.400864 -0.930001 -0.306251 0.203246 -0.504429 0.187325 -0.870677 -0.454788 0.485926 
1537390140376 0.244132 0.926568 -0.286132 -0.616076 -0.939766 0.298847 0.16592 -0.242098 0.239246 0.228391 0.943715 0.383547 0.316241 -0.38488 0.867098 0.400864 -0.930001 -0.306251 0.203246 -0.504429 0.187325 -0.870677 -0.454788 0.485926 
1537390141037 0.243573 0.926581 -0.286565 -0.619546 -0.939943 0.298361 0.165796 -0.243794 0.239123 0.228971 0.943606 0.381892 0.316241 -0.38488 0.867098 0.400864 -0.930001 -0.306251 0.203246 -0.504429 0.187325 -0.870677 -0.454788 0.485926 
1537390141550 0.243014 0.926594 -0.286997 -0.623016 -0.940119 0.297875 0.165671 -0.245489 0.238999 0.229551 0.943497 0.380237 0.316241 -0.38488 0.867098 0.400864 -0.930001 -0.306251 0.203246 -0.504429 0.187325 -0.870677 -0.454788 0.485926 
1537390142107 0.242456 0.926606 -0.28743 -0.626483 -0.940295 0.297389 0.165547 -0.247183 0.238875 0.230131 0.943387 0.378582 0.316241 -0.38488 0.867098 0.400864 -0.930001 -0.306251 0.203246 -0.504429 0.187325 -0.870677 -0.454788 0.485926 
1537390142677 0.241897 0.926618 -0.287863 -0.629948 -0.94047 0.296903 0.165422 -0.248876 0.238751 0.230711 0.943276 0.376928 0.316241 -0.38488 0.867098 0.400864 -0.930001 -0.306251 0.203246 -0.504429 0.187325 -0.870677 -0.454788 0.485926 
1537390143284 0.241448 0.926535 -0.288505 -0.632268 -0.940622 0.296554 0.165186 -0.250005 0.238608 0.231491 0.943122 0.375499 0.316531 -0.385118 0.866887 0.401814 -0.929976 -0.306103 0.20358 -0.50615 0.186955 -0.870623 -0.455042 0.486735 
1537390143864 0.242085 0.926323 -0.288652 -0.632031 -0.940454 0.297192 0.164992 -0.250128 0.238621 0.231522 0.943111 0.375705 0.16008 -0.304787 0.938871 0.370831 -0.775623 0.549475 0.310623 -0.528794 -0.61056 -0.777934 -0.14844 0.432481 
1537390143883 0.241262 0.925859 -0.290823 -0.632899 -0.940437 0.297017 0.165406 -0.250445 0.239522 0.233595 0.942371 0.375729 0.316241 -0.38488 0.867098 0.400864 -0.930001 -0.306251 0.203246 -0.504429 0.187325 -0.870677 -0.454788 0.485926 
1537390144149 0.240435 0.92539 -0.292992 -0.633767 -0.940419 0.296841 0.16582 -0.250762 0.240421 0.235666 0.941626 0.375752 0.316241 -0.38488 0.867098 0.400864 -0.930001 -0.306251 0.203246 -0.504429 0.187325 -0.870677 -0.454788 0.485926 
1537390144410 0.239607 0.924916 -0.295159 -0.634635 -0.940401 0.296667 0.166235 -0.251078 0.241317 0.237737 0.940876 0.375776 0.316241 -0.38488 0.867098 0.400864 -0.930001 -0.306251 0.203246 -0.504429 0.187325 -0.870677 -0.454788 0.485926 
1537390144669 0.238776 0.924437 -0.297324 -0.635503 -0.940383 0.296494 0.16665 -0.251395 0.242212 0.239807 0.94012 0.375799 0.316241 -0.38488 0.867098 0.400864 -0.930001 -0.306251 0.203246 -0.504429 0.187325 -0.870677 -0.454788 0.485926 
1537390144929 0.237943 0.923954 -0.299488 -0.63637 -0.940363 0.296321 0.167065 -0.251712 0.243105 0.241875 0.93936 0.375823 0.316241 -0.38488 0.867098 0.400864 -0.930001 -0.306251 0.203246 -0.504429 0.187325 -0.870677 -0.454788 0.485926 
1537390145165 0.237108 0.923465 -0.301649 -0.637238 -0.940343 0.296149 0.16748 -0.252028 0.243995 0.243943 0.938594 0.375847 0.316241 -0.38488 0.867098 0.400864 -0.930001 -0.306251 0.203246 -0.504429 0.187325 -0.870677 -0.454788 0.485926 
1537390145386 0.236271 0.922971 -0.303808 -0.638105 -0.940323 0.295979 0.167896 -0.252345 0.244884 0.246009 0.937823 0.37587 0.316241 -0.38488 0.867098 0.400864 -0.930001 -0.306251 0.203246 -0.504429 0.187325 -0.870677 -0.454788 0.485926 
1537390145628 0.235432 0.922473 -0.305966 -0.638973 -0.940302 0.295809 0.168312 -0.252661 0.245771 0.248074 0.937046 0.375894 0.316241 -0.38488 0.867098 0.400864 -0.930001 -0.306251 0.203246 -0.504429 0.187325 -0.870677 -0.454788 0.485926 
1537390145897 0.234611 0.921952 -0.308159 -0.639634 -0.940277 0.295664 0.168708 -0.252876 0.246652 0.250174 0.936256 0.375958 0.316531 -0.385118 0.866887 0.401814 -0.929976 -0.306103 0.20358 -0.50615 0.186955 -0.870623 -0.455042 0.486735 
1537390146128 0.235216 0.922187 -0.306992 -0.639232 -0.940291 0.295856 0.168289 -0.252866 0.246019 0.249078 0.936715 0.375881 0.16008 -0.304787 0.938871 0.370831 -0.775623 0.549475 0.310623 -0.528794 -0.61056 -0.777934 -0.14844 0.432481 
1537390146138 0.23457 0.921964 -0.308155 -0.639739 -0.940328 0.295583 0.168565 -0.252965 0.246496 0.250227 0.936283 0.375966 0.316241 -0.38488 0.867098 0.400864 -0.930001 -0.306251 0.203246 -0.504429 0.187325 -0.870677 -0.454788 0.485926 
1537390146150 0.233922 0.921739 -0.309318 -0.640245 -0.940364 0.295309 0.168842 -0.253064 0.246972 0.251375 0.93585 0.376051 0.316241 -0.38488 0.867098 0.400864 -0.930001 -0.306251 0.203246 -0.504429 0.187325 -0.870677 -0.454788 0.485926 
1537390146353 0.233274 0.921513 -0.310479 -0.640752 -0.9404 0.295035 0.16912 -0.253162 0.247448 0.252523 0.935415 0.376136 0.316241 -0.38488 0.867098 0.400864 -0.930001 -0.306251 0.203246 -0.504429 0.187325 -0.870677 -0.454788 0.485926 
1537390146585 0.232625 0.921285 -0.31164 -0.641259 -0.940436 0.294762 0.169397 -0.253261 0.247923 0.253671 0.934979 0.376221 0.316241 -0.38488 0.867098 0.400864 -0.930001 -0.306251 0.203246 -0.504429 0.187325 -0.870677 -0.454788 0.485926 
1537390146762 0.231976 0.921056 -0.3128 -0.641765 -0.940471 0.294489 0.169675 -0.25336 0.248396 0.254819 0.934541 0.376306 0.316241 -0.38488 0.867098 0.400864 -0.930001 -0.306251 0.203246 -0.504429 0.187325 -0.870677 -0.454788 0.485926 
1537390146965 0.231325 0.920825 -0.313959 -0.642272 -0.940507 0.294216 0.169954 -0.253458 0.248869 0.255966 0.934101 0.376391 0.316241 -0.38488 0.867098 0.400864 -0.930001 -0.306251 0.203246 -0.504429 0.187325 -0.870677 -0.454788 0.485926 
1537390146973 0.230675 0.920592 -0.315118 -0.642778 -0.940541 0.293944 0.170232 -0.253557 0.249342 0.257114 0.93366 0.376476 0.316241 -0.38488 0.867098 0.400864 -0.930001 -0.306251 0.203246 -0.504429 0.187325 -0.870677 -0.454788 0.485926 
1537390147254 0.230023 0.920358 -0.316277 -0.643285 -0.940576 0.293672 0.170511 -0.253656 0.249813 0.258261 0.933218 0.376561 0.316241 -0.38488 0.867098 0.400864 -0.930001 -0.306251 0.203246 -0.504429 0.187325 -0.870677 -0.454788 0.485926 
1537390147461 0.229383 0.920111 -0.317456 -0.64367 -0.940608 0.293415 0.170778 -0.253694 0.250281 0.259428 0.932768 0.376669 0.316531 -0.385118 0.866887 0.401814 -0.929976 -0.306103 0.20358 -0.50615 0.186955 -0.870623 -0.455042 0.486735 
1537390147625 0.229969 0.920357 -0.316318 -0.64333 -0.94057 0.293648 0.170587 -0.253594 0.249887 0.25829 0.93319 0.376597 0.16008 -0.304787 0.938871 0.370831 -0.775623 0.549475 0.310623 -0.528794 -0.61056 -0.777934 -0.14844 0.432481 
1537390147634 0.22947 0.920513 -0.316228 -0.643504 -0.94066 0.293192 0.17087 -0.253652 0.250003 0.258254 0.933168 0.376654 0.316241 -0.38488 0.867098 0.400864 -0.930001 -0.306251 0.203246 -0.504429 0.187325 -0.870677 -0.454788 0.485926 
1537390147660 0.22897 0.920668 -0.316136 -0.643678 -0.940751 0.292735 0.171153 -0.253709 0.25012 0.258217 0.933147 0.376711 0.316241 -0.38488 0.867098 0.400864 -0.930001 -0.306251 0.203246 -0.504429 0.187325 -0.870677 -0.454788 0.485926 
1537390147827 0.228471 0.920824 -0.316046 -0.643852 -0.940842 0.292278 0.171436 -0.253767 0.250236 0.258181 0.933126 0.376767 0.316241 -0.38488 0.867098 0.400864 -0.930001 -0.306251 0.203246 -0.504429 0.187325 -0.870677 -0.454788 0.485926 
1537390147957 0.227971 0.920979 -0.315954 -0.644025 -0.940932 0.291821 0.17172 -0.253824 0.250353 0.258143 0.933105 0.376824 0.316241 -0.38488 0.867098 0.400864 -0.930001 -0.306251 0.203246 -0.504429 0.187325 -0.870677 -0.454788 0.485926 
1537390148078 0.227472 0.921134 -0.315862 -0.644199 -0.941022 0.291364 0.172003 -0.253882 0.250469 0.258107 0.933084 0.376881 0.316241 -0.38488 0.867098 0.400864 -0.930001 -0.306251 0.203246 -0.504429 0.187325 -0.870677 -0.454788 0.485926 
1537390148241 0.226972 0.921289 -0.31577 -0.644373 -0.941111 0.290907 0.172287 -0.253939 0.250585 0.25807 0.933063 0.376938 0.316241 -0.38488 0.867098 0.400864 -0.930001 -0.306251 0.203246 -0.504429 0.187325 -0.870677 -0.454788 0.485926 
1537390148369 0.226473 0.921443 -0.315678 -0.644547 -0.941201 0.29045 0.17257 -0.253997 0.250702 0.258034 0.933042 0.376995 0.316241 -0.38488 0.867098 0.400864 -0.930001 -0.306251 0.203246 -0.504429 0.187325 -0.870677 -0.454788 0.485926 
1537390148486 0.225973 0.921597 -0.315586 -0.644721 -0.94129 0.289993 0.172853 -0.254055 0.250818 0.257998 0.933021 0.377051 0.316241 -0.38488 0.867098 0.400864 -0.930001 -0.306251 0.203246 -0.504429 0.187325 -0.870677 -0.454788 0.485926 
1537390148616 0.225482 0.921744 -0.31551 -0.644805 -0.941377 0.289546 0.173127 -0.254068 0.250933 0.257977 0.932996 0.377125 0.316531 -0.385118 0.866887 0.401814 -0.929976 -0.306103 0.20358 -0.50615 0.186955 -0.870623 -0.455042 0.486735 
1537390148717 0.22624 0.921504 -0.315667 -0.644617 -0.941297 0.290187 0.172489 -0.254163 0.250552 0.258112 0.933061 0.377006 0.16008 -0.304787 0.938871 0.370831 -0.775623 0.549475 0.310623 -0.528794 -0.61056 -0.777934 -0.14844 0.432481 
1537390148723 0.226171 0.921762 -0.314964 -0.64459 -0.941463 0.289835 0.17217 -0.254211 0.249988 0.257587 0.933357 0.376976 0.316241 -0.38488 0.867098 0.400864 -0.930001 -0.306251 0.203246 -0.504429 0.187325 -0.870677 -0.454788 0.485926 
1537390148747 0.2261 0.922019 -0.31426 -0.644563 -0.94163 0.289483 0.171851 -0.25426 0.249423 0.257061 0.933653 0.376945 0.316241 -0.38488 0.867098 0.400864 -0.930001 -0.306251 0.203246 -0.504429 0.187325 -0.870677 -0.454788 0.485926 
1537390149016 0.22603 0.922276 -0.313556 -0.644536 -0.941796 0.289131 0.171532 -0.254308 0.248858 0.256535 0.933948 0.376915 0.316241 -0.38488 0.867098 0.400864 -0.930001 -0.306251 0.203246 -0.504429 0.187325 -0.870677 -0.454788 0.485926 
1537390149022 0.225958 0.922533 -0.312852 -0.644509 -0.941962 0.288779 0.171212 -0.254357 0.248294 0.256008 0.934243 0.376885 0.316241 -0.38488 0.867098 0.400864 -0.930001 -0.306251 0.203246 -0.504429 0.187325 -0.870677 -0.454788 0.485926 
1537390149234 0.225887 0.922789 -0.312148 -0.644482 -0.942128 0.288428 0.170892 -0.254405 0.247729 0.255481 0.934537 0.376854 0.316241 -0.38488 0.867098 0.400864 -0.930001 -0.306251 0.203246 -0.504429 0.187325 -0.870677 -0.454788 0.485926 
1537390149397 0.225815 0.923044 -0.311444 -0.644454 -0.942294 0.288076 0.170571 -0.254454 0.247164 0.254954 0.934831 0.376824 0.316241 -0.38488 0.867098 0.400864 -0.930001 -0.306251 0.203246 -0.504429 0.187325 -0.870677 -0.454788 0.485926 
1537390149504 0.225742 0.923299 -0.310739 -0.644427 -0.942459 0.287725 0.170251 -0.254502 0.2466 0.254426 0.935124 0.376794 0.316241 -0.38488 0.867098 0.400864 -0.930001 -0.306251 0.203246 -0.504429 0.187325 -0.870677 -0.454788 0.485926 
1537390149612 0.225669 0.923554 -0.310034 -0.6444 -0.942624 0.287373 0.16993 -0.254551 0.246035 0.253898 0.935416 0.376764 0.316241 -0.38488 0.867098 0.400864 -0.930001 -0.306251 0.203246 -0.504429 0.187325 -0.870677 -0.454788 0.485926 
1537390149697 0.225599 0.923805 -0.309337 -0.644331 -0.942788 0.287027 0.169604 -0.254578 0.245469 0.253377 0.935706 0.376741 0.316531 -0.385118 0.866887 0.401814 -0.929976 -0.306103 0.20358 -0.50615 0.186955 -0.870623 -0.455042 0.486735 
1537390149824 0.225728 0.923461 -0.310269 -0.644392 -0.942585 0.287499 0.169935 -0.254555 0.24613 0.254096 0.935337 0.37675 0.16008 -0.304787 0.938871 0.370831 -0.775623 0.549475 0.310623 -0.528794 -0.61056 -0.777934 -0.14844 0.432481 
1537390149838 0.226161 0.923536 -0.309729 -0.644292 -0.94263 0.287655 0.169418 -0.254544 0.245559 0.253644 0.93561 0.376714 0.316241 -0.38488 0.867098 0.400864 -0.930001 -0.306251 0.203246 -0.504429 0.187325 -0.870677 -0.454788 0.485926 
1537390149857 0.226594 0.923611 -0.30919 -0.644192 -0.942675 0.287813 0.1689 -0.254532 0.244987 0.253194 0.935881 0.376679 0.316241 -0.38488 0.867098 0.400864 -0.930001 -0.306251 0.203246 -0.504429 0.187325 -0.870677 -0.454788 0.485926 
1537390149861 0.227027 0.923685 -0.30865 -0.644092 -0.94272 0.28797 0.168383 -0.254521 0.244415 0.252743 0.936153 0.376643 0.316241 -0.38488 0.867098 0.400864 -0.930001 -0.306251 0.203246 -0.504429 0.187325 -0.870677 -0.454788 0.485926 
1537390150034 0.227459 0.923759 -0.308111 -0.643992 -0.942763 0.288129 0.167866 -0.254509 0.243843 0.252293 0.936423 0.376607 0.316241 -0.38488 0.867098 0.400864 -0.930001 -0.306251 0.203246 -0.504429 0.187325 -0.870677 -0.454788 0.485926 
1537390150040 0.227891 0.923832 -0.30757 -0.643892 -0.942807 0.288286 0.167349 -0.254498 0.243271 0.251842 0.936694 0.376572 0.316241 -0.38488 0.867098 0.400864 -0.930001 -0.306251 0.203246 -0.504429 0.187325 -0.870677 -0.454788 0.485926 
1537390150137 0.228322 0.923906 -0.30703 -0.643792 -0.94285 0.288445 0.166831 -0.254486 0.242698 0.251392 0.936963 0.376536 0.316241 -0.38488 0.867098 0.400864 -0.930001 -0.306251 0.203246 -0.504429 0.187325 -0.870677 -0.454788 0.485926 
1537390150225 0.228753 0.923979 -0.306489 -0.643692 -0.942893 0.288604 0.166314 -0.254475 0.242125 0.250942 0.937232 0.376501 0.316241 -0.38488 0.867098 0.400864 -0.930001 -0.306251 0.203246 -0.504429 0.187325 -0.870677 -0.454788 0.485926 
1537390150272 0.229184 0.924051 -0.305948 -0.643592 -0.942936 0.288763 0.165797 -0.254463 0.241551 0.250492 0.9375 0.376465 0.316241 -0.38488 0.867098 0.400864 -0.930001 -0.306251 0.203246 -0.504429 0.187325 -0.870677 -0.454788 0.485926 
1537390150368 0.229613 0.924125 -0.305403 -0.643514 -0.942978 0.288919 0.165282 -0.254462 0.240978 0.250038 0.937769 0.376425 0.316531 -0.385118 0.866887 0.401814 -0.929976 -0.306103 0.20358 -0.50615 0.186955 -0.870623 -0.455042 0.486735 
1537390150445 0.228833 0.923987 -0.306403 -0.643706 -0.942876 0.288662 0.166313 -0.254447 0.242118 0.250842 0.93726 0.376522 0.16008 -0.304787 0.938871 0.370831 -0.775623 0.549475 0.310623 -0.528794 -0.61056 -0.777934 -0.14844 0.432481 
1537390150454 0.229529 0.923921 -0.306081 -0.643456 -0.942767 0.289201 0.165992 -0.25434 0.241883 0.250463 0.937423 0.376565 0.316241 -0.38488 0.867098 0.400864 -0.930001 -0.306251 0.203246 -0.504429 0.187325 -0.870677 -0.454788 0.485926 
1537390150473 0.230226 0.923855 -0.305759 -0.643205 -0.942657 0.289742 0.165671 -0.254234 0.241648 0.250084 0.937584 0.376609 0.316241 -0.38488 0.867098 0.400864 -0.930001 -0.306251 0.203246 -0.504429 0.187325 -0.870677 -0.454788 0.485926 
1537390150692 0.230923 0.923787 -0.305437 -0.642955 -0.942547 0.290283 0.165351 -0.254127 0.241412 0.249706 0.937746 0.376652 0.316241 -0.38488 0.867098 0.400864 -0.930001 -0.306251 0.203246 -0.504429 0.187325 -0.870677 -0.454788 0.485926 
1537390150880 0.231619 0.923719 -0.305114 -0.642705 -0.942436 0.290824 0.16503 -0.254021 0.241176 0.249327 0.937907 0.376695 0.316241 -0.38488 0.867098 0.400864 -0.930001 -0.306251 0.203246 -0.504429 0.187325 -0.870677 -0.454788 0.485926 
1537390151047 0.232316 0.923651 -0.304791 -0.642455 -0.942325 0.291365 0.16471 -0.253914 0.24094 0.248948 0.938069 0.376739 0.316241 -0.38488 0.867098 0.400864 -0.930001 -0.306251 0.203246 -0.504429 0.187325 -0.870677 -0.454788 0.485926 
1537390151054 0.233012 0.923582 -0.304468 -0.642204 -0.942214 0.291905 0.16439 -0.253807 0.240704 0.248569 0.93823 0.376782 0.316241 -0.38488 0.867098 0.400864 -0.930001 -0.306251 0.203246 -0.504429 0.187325 -0.870677 -0.454788 0.485926 
1537390151292 0.233708 0.923513 -0.304145 -0.641954 -0.942102 0.292446 0.16407 -0.253701 0.240467 0.248191 0.938391 0.376826 0.316241 -0.38488 0.867098 0.400864 -0.930001 -0.306251 0.203246 -0.504429 0.187325 -0.870677 -0.454788 0.485926 
1537390151465 0.234404 0.923443 -0.303821 -0.641704 -0.94199 0.292987 0.163751 -0.253594 0.24023 0.247812 0.938551 0.376869 0.316241 -0.38488 0.867098 0.400864 -0.930001 -0.306251 0.203246 -0.504429 0.187325 -0.870677 -0.454788 0.485926 
1537390151659 0.235089 0.923382 -0.303478 -0.64156 -0.941879 0.293515 0.163442 -0.25354 0.239995 0.247416 0.938716 0.376892 0.316531 -0.385118 0.866887 0.401814 -0.929976 -0.306103 0.20358 -0.50615 0.186955 -0.870623 -0.455042 0.486735 
1537390151784 0.234228 0.923542 -0.303658 -0.641702 -0.942022 0.292802 0.163893 -0.25349 0.240273 0.247664 0.938579 0.376948 0.16008 -0.304787 0.938871 0.370831 -0.775623 0.549475 0.310623 -0.528794 -0.61056 -0.777934 -0.14844 0.432481 
1537390151798 0.234445 0.923452 -0.303764 -0.641311 -0.941925 0.293072 0.16397 -0.253351 0.240443 0.24768 0.938532 0.377101 0.316241 -0.38488 0.867098 0.400864 -0.930001 -0.306251 0.203246 -0.504429 0.187325 -0.870677 -0.454788 0.485926 
1537390151987 0.234661 0.923362 -0.30387 -0.640921 -0.941828 0.293341 0.164049 -0.253212 0.240614 0.247697 0.938483 0.377254 0.316241 -0.38488 0.867098 0.400864 -0.930001 -0.306251 0.203246 -0.504429 0.187325 -0.870677 -0.454788 0.485926 
1537390152249 0.234877 0.923272 -0.303977 -0.64053 -0.94173 0.29361 0.164127 -0.253073 0.240785 0.247714 0.938435 0.377407 0.316241 -0.38488 0.867098 0.400864 -0.930001 -0.306251 0.203246 -0.504429 0.187325 -0.870677 -0.454788 0.485926 
1537390152267 0.235093 0.923182 -0.304083 -0.640139 -0.941633 0.293879 0.164206 -0.252934 0.240955 0.247731 0.938387 0.37756 0.316241 -0.38488 0.867098 0.400864 -0.930001 -0.306251 0.203246 -0.504429 0.187325 -0.870677 -0.454788 0.485926 
1537390152470 0.235309 0.923092 -0.30419 -0.639748 -0.941535 0.294148 0.164284 -0.252795 0.241126 0.247748 0.938339 0.377713 0.316241 -0.38488 0.867098 0.400864 -0.930001 -0.306251 0.203246 -0.504429 0.187325 -0.870677 -0.454788 0.485926 
1537390152741 0.235525 0.923001 -0.304297 -0.639357 -0.941437 0.294417 0.164362 -0.252657 0.241297 0.247765 0.93829 0.377866 0.316241 -0.38488 0.867098 0.400864 -0.930001 -0.306251 0.203246 -0.504429 0.187325 -0.870677 -0.454788 0.485926 
1537390152950 0.235741 0.922911 -0.304403 -0.638966 -0.941339 0.294686 0.164441 -0.252518 0.241467 0.247781 0.938242 0.378019 0.316241 -0.38488 0.867098 0.400864 -0.930001 -0.306251 0.203246 -0.504429 0.187325 -0.870677 -0.454788 0.485926 
1537390153156 0.235957 0.922821 -0.30451 -0.638575 -0.941241 0.294955 0.164519 -0.252379 0.241638 0.247798 0.938194 0.378172 0.316241 -0.38488 0.867098 0.400864 -0.930001 -0.306251 0.203246 -0.504429 0.187325 -0.870677 -0.454788 0.485926 
1537390153371 0.236158 0.922744 -0.304588 -0.638346 -0.941146 0.295205 0.164614 -0.25232 0.241812 0.247787 0.938152 0.378294 0.316531 -0.385118 0.866887 0.401814 -0.929976 -0.306103 0.20358 -0.50615 0.186955 -0.870623 -0.455042 0.486735 
1537390153533 0.235969 0.922807 -0.304541 -0.638564 -0.941231 0.294978 0.164533 -0.252362 0.241665 0.247819 0.938181 0.378156 0.16008 -0.304787 0.938871 0.370831 -0.775623 0.549475 0.310623 -0.528794 -0.61056 -0.777934 -0.14844 0.432481 
1537390153540 0.235913 0.922708 -0.304884 -0.638083 -0.941117 0.295118 0.164936 -0.252197 0.242165 0.248021 0.937999 0.378336 0.316241 -0.38488 0.867098 0.400864 -0.930001 -0.306251 0.203246 -0.504429 0.187325 -0.870677 -0.454788 0.485926 
1537390153734 0.235856 0.92261 -0.305226 -0.637602 -0.941002 0.295257 0.16534 -0.252032 0.242665 0.248222 0.937816 0.378516 0.316241 -0.38488 0.867098 0.400864 -0.930001 -0.306251 0.203246 -0.504429 0.187325 -0.870677 -0.454788 0.485926 
1537390153954 0.235799 0.922511 -0.305568 -0.637121 -0.940888 0.295397 0.165745 -0.251866 0.243165 0.248423 0.937634 0.378695 0.316241 -0.38488 0.867098 0.400864 -0.930001 -0.306251 0.203246 -0.504429 0.187325 -0.870677 -0.454788 0.485926 
1537390154173 0.235742 0.922412 -0.30591 -0.63664 -0.940773 0.295536 0.166148 -0.251701 0.243665 0.248624 0.937451 0.378875 0.316241 -0.38488 0.867098 0.400864 -0.930001 -0.306251 0.203246 -0.504429 0.187325 -0.870677 -0.454788 0.485926 
1537390154405 0.235684 0.922314 -0.306253 -0.636159 -0.940657 0.295675 0.166552 -0.251536 0.244165 0.248825 0.937267 0.379055 0.316241 -0.38488 0.867098 0.400864 -0.930001 -0.306251 0.203246 -0.504429 0.187325 -0.870677 -0.454788 0.485926 
1537390154634 0.235627 0.922215 -0.306595 -0.635678 -0.940542 0.295815 0.166956 -0.251371 0.244665 0.249026 0.937083 0.379235 0.316241 -0.38488 0.867098 0.400864 -0.930001 -0.306251 0.203246 -0.504429 0.187325 -0.870677 -0.454788 0.485926 
1537390154856 0.235569 0.922116 -0.306937 -0.635197 -0.940426 0.295955 0.16736 -0.251205 0.245164 0.249226 0.936899 0.379415 0.316241 -0.38488 0.867098 0.400864 -0.930001 -0.306251 0.203246 -0.504429 0.187325 -0.870677 -0.454788 0.485926 
1537390155093 0.235511 0.922016 -0.307278 -0.634716 -0.94031 0.296094 0.167763 -0.25104 0.245664 0.249427 0.936715 0.379595 0.316241 -0.38488 0.867098 0.400864 -0.930001 -0.306251 0.203246 -0.504429 0.187325 -0.870677 -0.454788 0.485926 
1537390155385 0.235435 0.921933 -0.307587 -0.634418 -0.940198 0.296212 0.168186 -0.250967 0.246167 0.249596 0.936538 0.379739 0.316531 -0.385118 0.866887 0.401814 -0.929976 -0.306103 0.20358 -0.50615 0.186955 -0.870623 -0.455042 0.486735 
1537390155632 0.235376 0.921998 -0.307439 -0.634638 -0.940307 0.296033 0.16789 -0.250972 0.245806 0.24957 0.93664 0.379594 0.16008 -0.304787 0.938871 0.370831 -0.775623 0.549475 0.310623 -0.528794 -0.61056 -0.777934 -0.14844 0.432481 
1537390155653 0.23535 0.921999 -0.307453 -0.634276 -0.940217 0.296109 0.16826 -0.250838 0.246176 0.249472 0.936569 0.379686 0.316241 -0.38488 0.867098 0.400864 -0.930001 -0.306251 0.203246 -0.504429 0.187325 -0.870677 -0.454788 0.485926 
1537390155663 0.235325 0.922001 -0.307469 -0.633914 -0.940126 0.296186 0.168631 -0.250704 0.246546 0.249376 0.936497 0.379778 0.316241 -0.38488 0.867098 0.400864 -0.930001 -0.306251 0.203246 -0.504429 0.187325 -0.870677 -0.454788 0.485926 
1537390155669 0.2353 0.922002 -0.307484 -0.633551 -0.940035 0.296264 0.169001 -0.250571 0.246915 0.24928 0.936425 0.37987 0.316241 -0.38488 0.867098 0.400864 -0.930001 -0.306251 0.203246 -0.504429 0.187325 -0.870677 -0.454788 0.485926 
1537390155987 0.235275 0.922003 -0.3075 -0.633189 -0.939945 0.29634 0.169371 -0.250437 0.247285 0.249184 0.936353 0.379961 0.316241 -0.38488 0.867098 0.400864 -0.930001 -0.306251 0.203246 -0.504429 0.187325 -0.870677 -0.454788 0.485926 
1537390156192 0.23525 0.922004 -0.307515 -0.632827 -0.939854 0.296417 0.169741 -0.250303 0.247655 0.249087 0.936281 0.380053 0.316241 -0.38488 0.867098 0.400864 -0.930001 -0.306251 0.203246 -0.504429 0.187325 -0.870677 -0.454788 0.485926 
1537390156215 0.235224 0.922006 -0.30753 -0.632465 -0.939762 0.296494 0.170111 -0.250169 0.248024 0.248991 0.936209 0.380145 0.316241 -0.38488 0.867098 0.400864 -0.930001 -0.306251 0.203246 -0.504429 0.187325 -0.870677 -0.454788 0.485926 
1537390156493 0.235199 0.922007 -0.307545 -0.632102 -0.939671 0.296571 0.170481 -0.250035 0.248394 0.248894 0.936137 0.380237 0.316241 -0.38488 0.867098 0.400864 -0.930001 -0.306251 0.203246 -0.504429 0.187325 -0.870677 -0.454788 0.485926 
1537390156685 0.235174 0.922009 -0.307561 -0.63174 -0.93958 0.296648 0.170851 -0.249901 0.248763 0.248798 0.936064 0.380329 0.316241 -0.38488 0.867098 0.400864 -0.930001 -0.306251 0.203246 -0.504429 0.187325 -0.870677 -0.454788 0.485926 
1537390156872 0.235137 0.92202 -0.307554 -0.631494 -0.93949 0.29671 0.171234 -0.249826 0.249135 0.248681 0.935996 0.380399 0.316531 -0.385118 0.866887 0.401814 -0.929976 -0.306103 0.20358 -0.50615 0.186955 -0.870623 -0.455042 0.486735 
1537390157069 0.235214 0.921962 -0.307669 -0.631731 -0.939542 0.296733 0.170909 -0.249941 0.248867 0.248868 0.936018 0.38032 0.16008 -0.304787 0.938871 0.370831 -0.775623 0.549475 0.310623 -0.528794 -0.61056 -0.777934 -0.14844 0.432481 
1537390157082 0.235254 0.921926 -0.307746 -0.631397 -0.939514 0.296803 0.170942 -0.249791 0.248936 0.248917 0.935987 0.380423 0.316241 -0.38488 0.867098 0.400864 -0.930001 -0.306251 0.203246 -0.504429 0.187325 -0.870677 -0.454788 0.485926 
1537390157089 0.235294 0.92189 -0.307825 -0.631064 -0.939486 0.296875 0.170974 -0.249641 0.249005 0.248967 0.935955 0.380526 0.316241 -0.38488 0.867098 0.400864 -0.930001 -0.306251 0.203246 -0.504429 0.187325 -0.870677 -0.454788 0.485926 
1537390157409 0.235335 0.921853 -0.307903 -0.63073 -0.939457 0.296946 0.171006 -0.249492 0.249073 0.249018 0.935923 0.380629 0.316241 -0.38488 0.867098 0.400864 -0.930001 -0.306251 0.203246 -0.504429 0.187325 -0.870677 -0.454788 0.485926 
1537390157630 0.235376 0.921816 -0.307981 -0.630397 -0.939429 0.297018 0.171038 -0.249342 0.249142 0.249068 0.935892 0.380732 0.316241 -0.38488 0.867098 0.400864 -0.930001 -0.306251 0.203246 -0.504429 0.187325 -0.870677 -0.454788 0.485926 
1537390157636 0.235417 0.92178 -0.308059 -0.630063 -0.9394 0.297089 0.17107 -0.249192 0.24921 0.249118 0.93586 0.380835 0.316241 -0.38488 0.867098 0.400864 -0.930001 -0.306251 0.203246 -0.504429 0.187325 -0.870677 -0.454788 0.485926 
1537390157971 0.235458 0.921743 -0.308137 -0.62973 -0.939372 0.29716 0.171103 -0.249042 0.249279 0.249168 0.935829 0.380938 0.316241 -0.38488 0.867098 0.400864 -0.930001 -0.306251 0.203246 -0.504429 0.187325 -0.870677 -0.454788 0.485926 
1537390158231 0.235499 0.921707 -0.308215 -0.629396 -0.939344 0.297232 0.171135 -0.248892 0.249347 0.249218 0.935797 0.381041 0.316241 -0.38488 0.867098 0.400864 -0.930001 -0.306251 0.203246 -0.504429 0.187325 -0.870677 -0.454788 0.485926 
1537390158492 0.235539 0.92167 -0.308293 -0.629063 -0.939315 0.297303 0.171167 -0.248742 0.249416 0.249268 0.935766 0.381144 0.316241 -0.38488 0.867098 0.400864 -0.930001 -0.306251 0.203246 -0.504429 0.187325 -0.870677 -0.454788 0.485926 
1537390158765 0.235568 0.921644 -0.30835 -0.628847 -0.939289 0.297359 0.171212 -0.248652 0.249487 0.249298 0.935739 0.381224 0.316531 -0.385118 0.866887 0.401814 -0.929976 -0.306103 0.20358 -0.50615 0.186955 -0.870623 -0.455042 0.486735 
1537390158856 0.23536 0.921722 -0.308275 -0.629089 -0.939312 0.297178 0.171402 -0.248644 0.249597 0.249225 0.935729 0.381146 0.16008 -0.304787 0.938871 0.370831 -0.775623 0.549475 0.310623 -0.528794 -0.61056 -0.777934 -0.14844 0.432481 
1537390158866 0.235341 0.921682 -0.308409 -0.628776 -0.939195 0.297306 0.171821 -0.248517 0.250056 0.24922 0.935608 0.381263 0.316241 -0.38488 0.867098 0.400864 -0.930001 -0.306251 0.203246 -0.504429 0.187325 -0.870677 -0.454788 0.485926 
1537390158948 0.235322 0.921642 -0.308544 -0.628463 -0.939077 0.297436 0.17224 -0.248389 0.250515 0.249215 0.935486 0.381381 0.316241 -0.38488 0.867098 0.400864 -0.930001 -0.306251 0.203246 -0.504429 0.187325 -0.870677 -0.454788 0.485926 
1537390159109 0.235303 0.921602 -0.308678 -0.62815 -0.938959 0.297565 0.172659 -0.248262 0.250975 0.249209 0.935364 0.381498 0.316241 -0.38488 0.867098 0.400864 -0.930001 -0.306251 0.203246 -0.504429 0.187325 -0.870677 -0.454788 0.485926 
1537390159291 0.235285 0.921562 -0.308813 -0.627837 -0.938841 0.297694 0.173078 -0.248135 0.251434 0.249204 0.935242 0.381616 0.316241 -0.38488 0.867098 0.400864 -0.930001 -0.306251 0.203246 -0.504429 0.187325 -0.870677 -0.454788 0.485926 
1537390159296 0.235265 0.921521 -0.308948 -0.627524 -0.938723 0.297823 0.173497 -0.248007 0.251893 0.249198 0.93512 0.381733 0.316241 -0.38488 0.867098 0.400864 -0.930001 -0.306251 0.203246 -0.504429 0.187325 -0.870677 -0.454788 0.485926 
1537390159573 0.235246 0.921481 -0.309082 -0.627211 -0.938604 0.297952 0.173916 -0.24788 0.252352 0.249193 0.934998 0.38185 0.316241 -0.38488 0.867098 0.400864 -0.930001 -0.306251 0.203246 -0.504429 0.187325 -0.870677 -0.454788 0.485926 
1537390159740 0.235227 0.921441 -0.309217 -0.626898 -0.938485 0.298082 0.174335 -0.247753 0.252811 0.249187 0.934876 0.381968 0.316241 -0.38488 0.867098 0.400864 -0.930001 -0.306251 0.203246 -0.504429 0.187325 -0.870677 -0.454788 0.485926 
1537390159917 0.235208 0.921401 -0.309351 -0.626585 -0.938366 0.298211 0.174754 -0.247625 0.25327 0.249181 0.934753 0.382085 0.316241 -0.38488 0.867098 0.400864 -0.930001 -0.306251 0.203246 -0.504429 0.187325 -0.870677 -0.454788 0.485926 
1537390160125 0.235178 0.921369 -0.309467 -0.626373 -0.938249 0.298327 0.175184 -0.247549 0.253731 0.249158 0.934634 0.382183 0.316531 -0.385118 0.866887 0.401814 -0.929976 -0.306103 0.20358 -0.50615 0.186955 -0.870623 -0.455042 0.486735 
1537390160228 0.235113 0.921459 -0.309249 -0.626632 -0.938409 0.298083 0.174745 -0.247542 0.253202 0.249117 0.934788 0.382116 0.16008 -0.304787 0.938871 0.370831 -0.775623 0.549475 0.310623 -0.528794 -0.61056 -0.777934 -0.14844 0.432481 
1537390160238 0.235188 0.92143 -0.30928 -0.626426 -0.938457 0.298094 0.174464 -0.247437 0.252951 0.249214 0.93483 0.382198 0.316241 -0.38488 0.867098 0.400864 -0.930001 -0.306251 0.203246 -0.504429 0.187325 -0.870677 -0.454788 0.485926 
1537390160265 0.235264 0.921399 -0.309312 -0.626219 -0.938507 0.298104 0.174182 -0.247332 0.252698 0.249313 0.934873 0.382281 0.316241 -0.38488 0.867098 0.400864 -0.930001 -0.306251 0.203246 -0.504429 0.187325 -0.870677 -0.454788 0.485926 
1537390160395 0.235339 0.921369 -0.309345 -0.626013 -0.938556 0.298115 0.173899 -0.247228 0.252445 0.249412 0.934914 0.382363 0.316241 -0.38488 0.867098 0.400864 -0.930001 -0.306251 0.203246 -0.504429 0.187325 -0.870677 -0.454788 0.485926 
1537390160570 0.235414 0.92134 -0.309376 -0.625807 -0.938605 0.298125 0.173617 -0.247123 0.252192 0.24951 0.934957 0.382446 0.316241 -0.38488 0.867098 0.400864 -0.930001 -0.306251 0.203246 -0.504429 0.187325 -0.870677 -0.454788 0.485926 
1537390160681 0.23549 0.921309 -0.309409 -0.625601 -0.938654 0.298135 0.173334 -0.247018 0.25194 0.249609 0.934998 0.382528 0.316241 -0.38488 0.867098 0.400864 -0.930001 -0.306251 0.203246 -0.504429 0.187325 -0.870677 -0.454788 0.485926 
1537390160705 0.235566 0.921279 -0.30944 -0.625394 -0.938703 0.298145 0.173051 -0.246914 0.251687 0.249708 0.93504 0.38261 0.316241 -0.38488 0.867098 0.400864 -0.930001 -0.306251 0.203246 -0.504429 0.187325 -0.870677 -0.454788 0.485926 
1537390160899 0.235641 0.921249 -0.309472 -0.625188 -0.938751 0.298156 0.172769 -0.246809 0.251434 0.249806 0.935082 0.382693 0.316241 -0.38488 0.867098 0.400864 -0.930001 -0.306251 0.203246 -0.504429 0.187325 -0.870677 -0.454788 0.485926 
1537390161007 0.235717 0.921219 -0.309504 -0.624982 -0.9388 0.298166 0.172486 -0.246704 0.251181 0.249905 0.935123 0.382775 0.316241 -0.38488 0.867098 0.400864 -0.930001 -0.306251 0.203246 -0.504429 0.187325 -0.870677 -0.454788 0.485926 
1537390161113 0.235784 0.921196 -0.309522 -0.624852 -0.93885 0.298166 0.172212 -0.246638 0.25093 0.24999 0.935168 0.382842 0.316531 -0.385118 0.866887 0.401814 -0.929976 -0.306103 0.20358 -0.50615 0.186955 -0.870623 -0.455042 0.486735 
1537390161231 0.235745 0.921177 -0.30961 -0.625019 -0.938813 0.298192 0.172371 -0.246817 0.251107 0.25003 0.93511 0.382722 0.16008 -0.304787 0.938871 0.370831 -0.775623 0.549475 0.310623 -0.528794 -0.61056 -0.777934 -0.14844 0.432481 
1537390161242 0.235965 0.921161 -0.309488 -0.624828 -0.938877 0.298259 0.171905 -0.246714 0.25066 0.250008 0.935236 0.382772 0.316241 -0.38488 0.867098 0.400864 -0.930001 -0.306251 0.203246 -0.504429 0.187325 -0.870677 -0.454788 0.485926 
1537390161265 0.236187 0.921144 -0.309368 -0.624636 -0.938941 0.298328 0.171438 -0.24661 0.250212 0.249987 0.935361 0.382823 0.316241 -0.38488 0.867098 0.400864 -0.930001 -0.306251 0.203246 -0.504429 0.187325 -0.870677 -0.454788 0.485926 
1537390161300 0.236408 0.921128 -0.309248 -0.624445 -0.939004 0.298396 0.170971 -0.246507 0.249764 0.249967 0.935486 0.382873 0.316241 -0.38488 0.867098 0.400864 -0.930001 -0.306251 0.203246 -0.504429 0.187325 -0.870677 -0.454788 0.485926 
1537390161532 0.236629 0.921112 -0.309128 -0.624254 -0.939068 0.298463 0.170504 -0.246403 0.249317 0.249946 0.935611 0.382923 0.316241 -0.38488 0.867098 0.400864 -0.930001 -0.306251 0.203246 -0.504429 0.187325 -0.870677 -0.454788 0.485926 
1537390161623 0.236851 0.921095 -0.309008 -0.624063 -0.939131 0.298532 0.170037 -0.2463 0.248869 0.249925 0.935736 0.382973 0.316241 -0.38488 0.867098 0.400864 -0.930001 -0.306251 0.203246 -0.504429 0.187325 -0.870677 -0.454788 0.485926 
1537390161754 0.237072 0.921079 -0.308887 -0.623871 -0.939193 0.2986 0.16957 -0.246197 0.248421 0.249905 0.93586 0.383024 0.316241 -0.38488 0.867098 0.400864 -0.930001 -0.306251 0.203246 -0.504429 0.187325 -0.870677 -0.454788 0.485926 
1537390161804 0.237293 0.921062 -0.308767 -0.62368 -0.939256 0.298668 0.169103 -0.246093 0.247973 0.249884 0.935985 0.383074 0.316241 -0.38488 0.867098 0.400864 -0.930001 -0.306251 0.203246 -0.504429 0.187325 -0.870677 -0.454788 0.485926 
1537390161811 0.237514 0.921046 -0.308646 -0.623489 -0.939318 0.298736 0.168636 -0.24599 0.247525 0.249864 0.936109 0.383124 0.316241 -0.38488 0.867098 0.400864 -0.930001 -0.306251 0.203246 -0.504429 0.187325 -0.870677 -0.454788 0.485926 
1537390161988 0.237727 0.921035 -0.308512 -0.623366 -0.939382 0.298795 0.168176 -0.245922 0.247078 0.249831 0.936236 0.383161 0.316531 -0.385118 0.866887 0.401814 -0.929976 -0.306103 0.20358 -0.50615 0.186955 -0.870623 -0.455042 0.486735 
1537390162081 0.237278 0.921069 -0.308758 -0.623571 -0.939329 0.298582 0.168847 -0.246012 0.24771 0.249962 0.936034 0.383052 0.16008 -0.304787 0.938871 0.370831 -0.775623 0.549475 0.310623 -0.528794 -0.61056 -0.777934 -0.14844 0.432481 
1537390162112 0.237469 0.921016 -0.308769 -0.623312 -0.939307 0.29874 0.168694 -0.245902 0.247612 0.249969 0.936058 0.383133 0.316241 -0.38488 0.867098 0.400864 -0.930001 -0.306251 0.203246 -0.504429 0.187325 -0.870677 -0.454788 0.485926 
1537390162122 0.237661 0.920962 -0.30878 -0.623053 -0.939284 0.298898 0.168541 -0.245792 0.247514 0.249977 0.936082 0.383214 0.316241 -0.38488 0.867098 0.400864 -0.930001 -0.306251 0.203246 -0.504429 0.187325 -0.870677 -0.454788 0.485926 
1537390162130 0.237853 0.920909 -0.308792 -0.622794 -0.939261 0.299056 0.168388 -0.245682 0.247416 0.249984 0.936105 0.383296 0.316241 -0.38488 0.867098 0.400864 -0.930001 -0.306251 0.203246 -0.504429 0.187325 -0.870677 -0.454788 0.485926 
1537390162386 0.238045 0.920855 -0.308804 -0.622535 -0.939238 0.299214 0.168235 -0.245572 0.247318 0.249993 0.936129 0.383377 0.316241 -0.38488 0.867098 0.400864 -0.930001 -0.306251 0.203246 -0.504429 0.187325 -0.870677 -0.454788 0.485926 
1537390162548 0.238237 0.920802 -0.308815 -0.622276 -0.939215 0.299372 0.168081 -0.245462 0.24722 0.250001 0.936153 0.383458 0.316241 -0.38488 0.867098 0.400864 -0.930001 -0.306251 0.203246 -0.504429 0.187325 -0.870677 -0.454788 0.485926 
1537390162740 0.238429 0.920748 -0.308826 -0.622017 -0.939192 0.29953 0.167928 -0.245352 0.247122 0.250008 0.936176 0.383539 0.316241 -0.38488 0.867098 0.400864 -0.930001 -0.306251 0.203246 -0.504429 0.187325 -0.870677 -0.454788 0.485926 
1537390162941 0.238621 0.920695 -0.308838 -0.621758 -0.939169 0.299688 0.167775 -0.245242 0.247024 0.250016 0.9362 0.38362 0.316241 -0.38488 0.867098 0.400864 -0.930001 -0.306251 0.203246 -0.504429 0.187325 -0.870677 -0.454788 0.485926 
1537390163145 0.238813 0.920641 -0.308849 -0.621499 -0.939146 0.299846 0.167622 -0.245132 0.246927 0.250024 0.936224 0.383701 0.316241 -0.38488 0.867098 0.400864 -0.930001 -0.306251 0.203246 -0.504429 0.187325 -0.870677 -0.454788 0.485926 
1537390163330 0.238996 0.920595 -0.308844 -0.621326 -0.939125 0.299993 0.167478 -0.245066 0.246831 0.250017 0.936251 0.383766 0.316531 -0.385118 0.866887 0.401814 -0.929976 -0.306103 0.20358 -0.50615 0.186955 -0.870623 -0.455042 0.486735 
1537390163444 0.238722 0.920672 -0.308829 -0.621529 -0.939143 0.299782 0.167754 -0.245159 0.247028 0.249988 0.936207 0.3837 0.16008 -0.304787 0.938871 0.370831 -0.775623 0.549475 0.310623 -0.528794 -0.61056 -0.777934 -0.14844 0.432481 
1537390163457 0.238674 0.920661 -0.3089 -0.621227 -0.939065 0.29984 0.168084 -0.245071 0.247369 0.24996 0.936124 0.383803 0.316241 -0.38488 0.867098 0.400864 -0.930001 -0.306251 0.203246 -0.504429 0.187325 -0.870677 -0.454788 0.485926 
1537390163464 0.238625 0.920651 -0.308965 -0.620929 -0.938988 0.299897 0.168415 -0.244984 0.247709 0.249927 0.936043 0.383905 0.316241 -0.38488 0.867098 0.400864 -0.930001 -0.306251 0.203246 -0.504429 0.187325 -0.870677 -0.454788 0.485926 
1537390163702 0.238577 0.920641 -0.309032 -0.620632 -0.93891 0.299954 0.168745 -0.244897 0.248049 0.249894 0.935962 0.384007 0.316241 -0.38488 0.867098 0.400864 -0.930001 -0.306251 0.203246 -0.504429 0.187325 -0.870677 -0.454788 0.485926 
1537390163708 0.238529 0.920632 -0.309097 -0.620334 -0.938833 0.300011 0.169076 -0.24481 0.248389 0.249861 0.935881 0.384109 0.316241 -0.38488 0.867098 0.400864 -0.930001 -0.306251 0.203246 -0.504429 0.187325 -0.870677 -0.454788 0.485926 
1537390163961 0.238481 0.920622 -0.309163 -0.620037 -0.938755 0.300068 0.169406 -0.244723 0.248729 0.249829 0.935799 0.384211 0.316241 -0.38488 0.867098 0.400864 -0.930001 -0.306251 0.203246 -0.504429 0.187325 -0.870677 -0.454788 0.485926 
1537390164165 0.238432 0.920612 -0.309229 -0.619739 -0.938677 0.300125 0.169737 -0.244636 0.249069 0.249796 0.935717 0.384313 0.316241 -0.38488 0.867098 0.400864 -0.930001 -0.306251 0.203246 -0.504429 0.187325 -0.870677 -0.454788 0.485926 
1537390164351 0.238384 0.920603 -0.309295 -0.619442 -0.938599 0.300182 0.170068 -0.244549 0.249409 0.249763 0.935635 0.384415 0.316241 -0.38488 0.867098 0.400864 -0.930001 -0.306251 0.203246 -0.504429 0.187325 -0.870677 -0.454788 0.485926 
1537390164530 0.238336 0.920593 -0.309361 -0.619145 -0.938521 0.300238 0.170398 -0.244462 0.249749 0.24973 0.935553 0.384517 0.316241 -0.38488 0.867098 0.400864 -0.930001 -0.306251 0.203246 -0.504429 0.187325 -0.870677 -0.454788 0.485926 
1537390164755 0.238279 0.920591 -0.309412 -0.618926 -0.938444 0.300285 0.170738 -0.244415 0.250091 0.249683 0.935475 0.384603 0.316531 -0.385118 0.866887 0.401814 -0.929976 -0.306103 0.20358 -0.50615 0.186955 -0.870623 -0.455042 0.486735 
1537390164793 0.23835 0.920626 -0.309253 -0.619184 -0.93855 0.3002 0.170308 -0.244451 0.249628 0.249656 0.935606 0.384549 0.16008 -0.304787 0.938871 0.370831 -0.775623 0.549475 0.310623 -0.528794 -0.61056 -0.777934 -0.14844 0.432481 
1537390164827 0.238438 0.920665 -0.309068 -0.618875 -0.938435 0.300341 0.17069 -0.244344 0.249974 0.249341 0.935597 0.384617 0.316241 -0.38488 0.867098 0.400864 -0.930001 -0.306251 0.203246 -0.504429 0.187325 -0.870677 -0.454788 0.485926 
1537390164837 0.238527 0.920704 -0.308885 -0.618567 -0.93832 0.300483 0.171072 -0.244238 0.250321 0.249027 0.935588 0.384685 0.316241 -0.38488 0.867098 0.400864 -0.930001 -0.306251 0.203246 -0.504429 0.187325 -0.870677 -0.454788 0.485926 
1537390165018 0.238616 0.920742 -0.308701 -0.618258 -0.938205 0.300626 0.171454 -0.244131 0.250668 0.248713 0.935579 0.384753 0.316241 -0.38488 0.867098 0.400864 -0.930001 -0.306251 0.203246 -0.504429 0.187325 -0.870677 -0.454788 0.485926 
1537390165176 0.238705 0.920781 -0.308517 -0.617949 -0.938089 0.300767 0.171837 -0.244025 0.251016 0.248398 0.935569 0.384821 0.316241 -0.38488 0.867098 0.400864 -0.930001 -0.306251 0.203246 -0.504429 0.187325 -0.870677 -0.454788 0.485926 
1537390165182 0.238794 0.920819 -0.308333 -0.61764 -0.937973 0.30091 0.172218 -0.243918 0.251362 0.248084 0.935559 0.384888 0.316241 -0.38488 0.867098 0.400864 -0.930001 -0.306251 0.203246 -0.504429 0.187325 -0.870677 -0.454788 0.485926 
1537390165424 0.238884 0.920858 -0.308149 -0.617332 -0.937858 0.301052 0.172601 -0.243811 0.251709 0.247769 0.93555 0.384956 0.316241 -0.38488 0.867098 0.400864 -0.930001 -0.306251 0.203246 -0.504429 0.187325 -0.870677 -0.454788 0.485926 
