1535133722075 0.251671 0.922604 -0.292342 -0.604943 -0.935405 0.309395 0.171152 -0.232488 0.248354 0.230385 0.940874 0.384107 0.16008 -0.304787 0.938871 0.370831 -0.775623 0.549475 0.310623 -0.528794 -0.61056 -0.777934 -0.14844 0.432481 
1535133722088 0.247372 0.922544 -0.296174 -0.608107 -0.935921 0.306607 0.173334 -0.233854 0.250717 0.234317 0.939274 0.383709 0.316241 -0.38488 0.867098 0.400864 -0.930001 -0.306251 0.203246 -0.504429 0.187325 -0.870677 -0.454788 0.485926 
1535133722499 0.243061 0.922457 -0.29999 -0.61127 -0.936419 0.303823 0.175528 -0.23522 0.253061 0.238253 0.937654 0.383311 0.316241 -0.38488 0.867098 0.400864 -0.930001 -0.306251 0.203246 -0.504429 0.187325 -0.870677 -0.454788 0.485926 
1535133722893 0.238738 0.922342 -0.303792 -0.614433 -0.936901 0.301046 0.177732 -0.236586 0.255385 0.242192 0.936014 0.382914 0.316241 -0.38488 0.867098 0.400864 -0.930001 -0.306251 0.203246 -0.504429 0.187325 -0.870677 -0.454788 0.485926 
1535133723291 0.234402 0.922199 -0.307579 -0.617595 -0.937364 0.298273 0.179947 -0.237951 0.25769 0.246134 0.934352 0.382517 0.316241 -0.38488 0.867098 0.400864 -0.930001 -0.306251 0.203246 -0.504429 0.187325 -0.870677 -0.454788 0.485926 
1535133723692 0.230053 0.922028 -0.31135 -0.620756 -0.937811 0.295507 0.182172 -0.239315 0.259974 0.250078 0.93267 0.382119 0.316241 -0.38488 0.867098 0.400864 -0.930001 -0.306251 0.203246 -0.504429 0.187325 -0.870677 -0.454788 0.485926 
1535133724090 0.225693 0.92183 -0.315107 -0.623915 -0.93824 0.292746 0.184408 -0.240679 0.262239 0.254026 0.930968 0.381722 0.316241 -0.38488 0.867098 0.400864 -0.930001 -0.306251 0.203246 -0.504429 0.187325 -0.870677 -0.454788 0.485926 
1535133724511 0.221321 0.921604 -0.318848 -0.627074 -0.938651 0.289991 0.186653 -0.242043 0.264483 0.257977 0.929245 0.381325 0.316241 -0.38488 0.867098 0.400864 -0.930001 -0.306251 0.203246 -0.504429 0.187325 -0.870677 -0.454788 0.485926 
1535133724936 0.216937 0.921349 -0.322574 -0.630231 -0.939045 0.287242 0.188909 -0.243406 0.266708 0.26193 0.927502 0.380929 0.316241 -0.38488 0.867098 0.400864 -0.930001 -0.306251 0.203246 -0.504429 0.187325 -0.870677 -0.454788 0.485926 
1535133725353 0.212632 0.920982 -0.326465 -0.63247 -0.939408 0.284614 0.191067 -0.2443 0.268886 0.266058 0.925696 0.38071 0.316531 -0.385118 0.866887 0.401814 -0.929976 -0.306103 0.20358 -0.50615 0.186955 -0.870623 -0.455042 0.486735 
1535133725708 0.213303 0.92091 -0.326231 -0.632208 -0.939362 0.285091 0.190583 -0.244308 0.268515 0.265797 0.925879 0.380622 0.316531 -0.385118 0.866887 0.401814 -0.929976 -0.306103 0.20358 -0.50615 0.186955 -0.870623 -0.455042 0.486735 
1535133725720 0.212478 0.920848 -0.326945 -0.632409 -0.939293 0.284718 0.191479 -0.244492 0.26941 0.266412 0.925442 0.380522 0.316221 -0.384863 0.867113 0.400797 -0.930002 -0.306262 0.203223 -0.504308 0.187351 -0.87068 -0.45477 0.485869 
1535133725737 0.211651 0.920785 -0.327657 -0.632611 -0.939223 0.284345 0.192375 -0.244677 0.270304 0.267026 0.925004 0.380423 0.316221 -0.384863 0.867113 0.400797 -0.930002 -0.306262 0.203223 -0.504308 0.187351 -0.87068 -0.45477 0.485869 
1535133725905 0.210824 0.920721 -0.328368 -0.632812 -0.939151 0.283973 0.193272 -0.244861 0.271198 0.267641 0.924565 0.380323 0.316221 -0.384863 0.867113 0.400797 -0.930002 -0.306262 0.203223 -0.504308 0.187351 -0.87068 -0.45477 0.485869 
1535133726036 0.209996 0.920657 -0.329078 -0.633013 -0.939079 0.283601 0.19417 -0.245046 0.272091 0.268255 0.924124 0.380223 0.316221 -0.384863 0.867113 0.400797 -0.930002 -0.306262 0.203223 -0.504308 0.187351 -0.87068 -0.45477 0.485869 
1535133726180 0.209167 0.920592 -0.329787 -0.633215 -0.939005 0.28323 0.195067 -0.24523 0.272983 0.26887 0.923682 0.380124 0.316221 -0.384863 0.867113 0.400797 -0.930002 -0.306262 0.203223 -0.504308 0.187351 -0.87068 -0.45477 0.485869 
1535133726320 0.208337 0.920526 -0.330496 -0.633416 -0.93893 0.282859 0.195964 -0.245415 0.273874 0.269485 0.923239 0.380024 0.316221 -0.384863 0.867113 0.400797 -0.930002 -0.306262 0.203223 -0.504308 0.187351 -0.87068 -0.45477 0.485869 
1535133726465 0.207507 0.92046 -0.331203 -0.633619 -0.938853 0.282489 0.196862 -0.2456 0.274764 0.2701 0.922795 0.379924 0.31622 -0.384863 0.867113 0.400797 -0.930002 -0.306262 0.203222 -0.504307 0.187351 -0.87068 -0.45477 0.485868 
1535133726600 0.206676 0.920392 -0.331909 -0.63382 -0.938776 0.282119 0.197759 -0.245785 0.275654 0.270716 0.922349 0.379825 0.31622 -0.384863 0.867113 0.400797 -0.930002 -0.306262 0.203222 -0.504307 0.187351 -0.87068 -0.45477 0.485868 
1535133726735 0.205844 0.920324 -0.332614 -0.634022 -0.938697 0.28175 0.198657 -0.245969 0.276543 0.271332 0.921902 0.379725 0.31622 -0.384863 0.867113 0.400797 -0.930002 -0.306262 0.203222 -0.504307 0.187351 -0.87068 -0.45477 0.485868 
1535133726885 0.206546 0.920313 -0.332209 -0.633871 -0.938734 0.282131 0.19794 -0.245937 0.275893 0.270972 0.922202 0.379786 0.31622 -0.384863 0.867113 0.400797 -0.930002 -0.306262 0.203222 -0.504307 0.187351 -0.87068 -0.45477 0.485868 
1535133726898 0.206053 0.920214 -0.332788 -0.634045 -0.938826 0.281811 0.197961 -0.246025 0.27595 0.271639 0.921989 0.379928 0.31622 -0.384863 0.867113 0.400795 -0.930002 -0.306262 0.203222 -0.504304 0.187351 -0.87068 -0.454769 0.485867 
1535133726915 0.20556 0.920116 -0.333365 -0.634226 -0.938917 0.281492 0.197984 -0.246117 0.276008 0.272304 0.921776 0.380069 0.31622 -0.384863 0.867113 0.400795 -0.930002 -0.306262 0.203222 -0.504304 0.187351 -0.87068 -0.454769 0.485867 
1535133727014 0.205068 0.920016 -0.333942 -0.634406 -0.939008 0.281172 0.198006 -0.246208 0.276064 0.27297 0.921562 0.380211 0.31622 -0.384863 0.867113 0.400795 -0.930002 -0.306262 0.203222 -0.504304 0.187351 -0.87068 -0.454769 0.485867 
1535133727065 0.204575 0.919916 -0.334519 -0.634586 -0.939099 0.280853 0.198029 -0.246299 0.276121 0.273635 0.921348 0.380352 0.31622 -0.384863 0.867113 0.400795 -0.930002 -0.306262 0.203222 -0.504304 0.187351 -0.87068 -0.454769 0.485867 
1535133727147 0.204083 0.919816 -0.335096 -0.634766 -0.939189 0.280533 0.198052 -0.24639 0.276177 0.2743 0.921133 0.380493 0.31622 -0.384863 0.867113 0.400795 -0.930002 -0.306262 0.203222 -0.504304 0.187351 -0.87068 -0.454769 0.485867 
1535133727207 0.20359 0.919714 -0.335673 -0.634945 -0.93928 0.280213 0.198075 -0.24648 0.276232 0.274965 0.920918 0.380634 0.31622 -0.384863 0.867113 0.400795 -0.930002 -0.306262 0.203222 -0.504304 0.187351 -0.87068 -0.454769 0.485867 
1535133727280 0.203097 0.919613 -0.336249 -0.635126 -0.93937 0.279894 0.198098 -0.246572 0.276288 0.27563 0.920703 0.380775 0.31622 -0.384863 0.867113 0.400795 -0.930002 -0.306262 0.203222 -0.504304 0.187351 -0.87068 -0.454769 0.485867 
1535133727331 0.202604 0.919511 -0.336826 -0.635305 -0.939461 0.279574 0.198122 -0.246662 0.276343 0.276294 0.920487 0.380917 0.31622 -0.384863 0.867113 0.400795 -0.930002 -0.306262 0.203222 -0.504304 0.187351 -0.87068 -0.454769 0.485867 
1535133727417 0.202111 0.919408 -0.337402 -0.635486 -0.939551 0.279254 0.198145 -0.246754 0.276397 0.276959 0.920271 0.381058 0.31622 -0.384863 0.867113 0.400795 -0.930002 -0.306262 0.203222 -0.504304 0.187351 -0.87068 -0.454769 0.485867 
1535133727483 0.202701 0.919611 -0.336495 -0.635219 -0.939451 0.279581 0.198155 -0.246552 0.276303 0.275954 0.920601 0.380901 0.31622 -0.384863 0.867113 0.400795 -0.930002 -0.306262 0.203222 -0.504304 0.187351 -0.87068 -0.454769 0.485867 
1535133727496 0.202296 0.919736 -0.336396 -0.635339 -0.939623 0.279097 0.198022 -0.246639 0.276015 0.276027 0.920665 0.380961 0.31622 -0.384863 0.867113 0.400795 -0.930002 -0.306262 0.203222 -0.504304 0.187351 -0.87068 -0.454769 0.485867 
1535133727511 0.20189 0.919861 -0.336298 -0.635465 -0.939795 0.278613 0.197889 -0.246728 0.275727 0.276099 0.92073 0.38102 0.31622 -0.384863 0.867113 0.400795 -0.930002 -0.306262 0.203222 -0.504304 0.187351 -0.87068 -0.454769 0.485867 
1535133727547 0.201484 0.919986 -0.336199 -0.635591 -0.939967 0.278128 0.197756 -0.246817 0.275439 0.276171 0.920795 0.381078 0.31622 -0.384863 0.867113 0.400795 -0.930002 -0.306262 0.203222 -0.504304 0.187351 -0.87068 -0.45477 0.485867 
1535133727554 0.201078 0.920111 -0.3361 -0.635717 -0.940138 0.277643 0.197623 -0.246907 0.275151 0.276243 0.920859 0.381137 0.31622 -0.384863 0.867113 0.400795 -0.930002 -0.306262 0.203222 -0.504304 0.187351 -0.87068 -0.45477 0.485867 
1535133727695 0.200672 0.920235 -0.336002 -0.635842 -0.940309 0.277158 0.197489 -0.246996 0.274862 0.276315 0.920924 0.381196 0.31622 -0.384863 0.867113 0.400795 -0.930002 -0.306262 0.203222 -0.504304 0.187351 -0.87068 -0.45477 0.485867 
1535133727701 0.200266 0.92036 -0.335904 -0.635968 -0.94048 0.276673 0.197356 -0.247085 0.274574 0.276387 0.920988 0.381255 0.31622 -0.384863 0.867113 0.400795 -0.930002 -0.306262 0.203222 -0.504304 0.187351 -0.87068 -0.45477 0.485867 
1535133727840 0.19986 0.920484 -0.335805 -0.636094 -0.94065 0.276188 0.197223 -0.247175 0.274286 0.276458 0.921053 0.381313 0.31622 -0.384863 0.867113 0.400795 -0.930002 -0.306262 0.203222 -0.504304 0.187351 -0.87068 -0.45477 0.485867 
1535133727888 0.199454 0.920608 -0.335707 -0.63622 -0.940821 0.275703 0.197089 -0.247264 0.273997 0.27653 0.921117 0.381372 0.31622 -0.384863 0.867113 0.400795 -0.930002 -0.306262 0.203222 -0.504304 0.187351 -0.87068 -0.45477 0.485867 
1535133727894 0.199048 0.920732 -0.335609 -0.636345 -0.940991 0.275218 0.196955 -0.247353 0.273709 0.276601 0.921181 0.381431 0.31622 -0.384863 0.867113 0.400795 -0.930002 -0.306262 0.203222 -0.504304 0.187351 -0.87068 -0.45477 0.485867 
1535133728042 0.199369 0.920577 -0.335842 -0.636191 -0.940789 0.275703 0.197241 -0.24715 0.274168 0.276633 0.921035 0.381333 0.31622 -0.384863 0.867113 0.400795 -0.930002 -0.306262 0.203222 -0.504304 0.187351 -0.87068 -0.45477 0.485867 
1535133728055 0.199084 0.920731 -0.335588 -0.636255 -0.940898 0.275333 0.197235 -0.247263 0.273999 0.276488 0.921129 0.381334 0.31622 -0.384863 0.867113 0.400795 -0.930002 -0.306262 0.203222 -0.504304 0.187351 -0.87068 -0.45477 0.485867 
1535133728072 0.198799 0.920886 -0.335334 -0.636326 -0.941008 0.274963 0.197229 -0.247379 0.27383 0.276343 0.921223 0.381334 0.31622 -0.384863 0.867113 0.400795 -0.930002 -0.306262 0.203222 -0.504304 0.187351 -0.87068 -0.45477 0.485867 
1535133728078 0.198514 0.92104 -0.335079 -0.636395 -0.941117 0.274593 0.197223 -0.247495 0.27366 0.276197 0.921317 0.381335 0.31622 -0.384863 0.867113 0.400795 -0.930002 -0.306262 0.203222 -0.504304 0.187351 -0.87068 -0.45477 0.485867 
1535133728221 0.198229 0.921194 -0.334824 -0.636465 -0.941227 0.274222 0.197216 -0.24761 0.273491 0.276052 0.921411 0.381335 0.31622 -0.384863 0.867113 0.400795 -0.930002 -0.306262 0.203222 -0.504304 0.187351 -0.87068 -0.45477 0.485867 
1535133728227 0.197944 0.921348 -0.33457 -0.636535 -0.941336 0.273852 0.19721 -0.247726 0.273321 0.275906 0.921505 0.381335 0.31622 -0.384863 0.867113 0.400795 -0.930002 -0.306262 0.203222 -0.504304 0.187351 -0.87068 -0.45477 0.485867 
1535133728372 0.197659 0.921501 -0.334315 -0.636604 -0.941445 0.273481 0.197203 -0.247841 0.273152 0.27576 0.921599 0.381335 0.31622 -0.384863 0.867113 0.400795 -0.930002 -0.306262 0.203222 -0.504304 0.187351 -0.87068 -0.45477 0.485867 
1535133728415 0.197374 0.921655 -0.33406 -0.636674 -0.941554 0.273111 0.197197 -0.247958 0.272983 0.275614 0.921693 0.381335 0.31622 -0.384863 0.867113 0.400795 -0.930002 -0.306262 0.203222 -0.504304 0.187351 -0.87068 -0.45477 0.485867 
1535133728511 0.197089 0.921808 -0.333806 -0.636743 -0.941663 0.27274 0.19719 -0.248073 0.272813 0.275468 0.921786 0.381336 0.31622 -0.384863 0.867113 0.400795 -0.930002 -0.306262 0.203222 -0.504304 0.187351 -0.87068 -0.45477 0.485867 
1535133728567 0.196803 0.921961 -0.333551 -0.636814 -0.941772 0.27237 0.197183 -0.248189 0.272644 0.275322 0.92188 0.381336 0.31622 -0.384863 0.867113 0.400795 -0.930002 -0.306262 0.203222 -0.504304 0.187351 -0.87068 -0.45477 0.485867 
1535133728664 0.197343 0.921683 -0.334001 -0.636713 -0.941594 0.273035 0.197111 -0.248119 0.272868 0.275595 0.921732 0.381347 0.31622 -0.384863 0.867113 0.400795 -0.930002 -0.306262 0.203222 -0.504304 0.187351 -0.87068 -0.45477 0.485867 
1535133728675 0.197751 0.921654 -0.333838 -0.636694 -0.94157 0.273319 0.196829 -0.248107 0.272653 0.275409 0.921851 0.38133 0.31622 -0.384863 0.867113 0.400795 -0.930002 -0.306262 0.203222 -0.504304 0.187351 -0.87068 -0.45477 0.485867 
1535133728691 0.198161 0.921625 -0.333677 -0.636671 -0.941547 0.273604 0.196546 -0.248094 0.272437 0.275225 0.92197 0.381314 0.31622 -0.384863 0.867113 0.400795 -0.930002 -0.306262 0.203222 -0.504304 0.187351 -0.87068 -0.45477 0.485867 
1535133728814 0.19857 0.921595 -0.333515 -0.636648 -0.941523 0.273889 0.196263 -0.24808 0.272221 0.27504 0.922089 0.381297 0.31622 -0.384863 0.867113 0.400795 -0.930002 -0.306262 0.203222 -0.504304 0.187351 -0.87068 -0.45477 0.485867 
1535133728841 0.19898 0.921565 -0.333353 -0.636624 -0.941499 0.274175 0.19598 -0.248066 0.272005 0.274855 0.922208 0.381281 0.31622 -0.384863 0.867113 0.400795 -0.930002 -0.306262 0.203222 -0.504304 0.187351 -0.87068 -0.45477 0.485867 
1535133728906 0.199389 0.921535 -0.333191 -0.6366 -0.941475 0.27446 0.195697 -0.248052 0.271789 0.274671 0.922327 0.381265 0.31622 -0.384863 0.867113 0.400795 -0.930002 -0.306262 0.203222 -0.504304 0.187351 -0.87068 -0.45477 0.485867 
1535133728956 0.199799 0.921505 -0.333029 -0.636576 -0.94145 0.274745 0.195414 -0.248037 0.271573 0.274487 0.922445 0.381249 0.31622 -0.384863 0.867113 0.400795 -0.930002 -0.306262 0.203222 -0.504304 0.187351 -0.87068 -0.45477 0.485867 
1535133728987 0.200208 0.921475 -0.332867 -0.636553 -0.941426 0.27503 0.195131 -0.248024 0.271357 0.274302 0.922564 0.381233 0.31622 -0.384863 0.867113 0.400795 -0.930002 -0.306262 0.203222 -0.504304 0.187351 -0.87068 -0.45477 0.485867 
1535133729056 0.200617 0.921445 -0.332704 -0.636529 -0.941401 0.275316 0.194848 -0.248009 0.271141 0.274118 0.922682 0.381217 0.31622 -0.384863 0.867113 0.400795 -0.930002 -0.306262 0.203222 -0.504304 0.187351 -0.87068 -0.45477 0.485867 
1535133729092 0.201026 0.921414 -0.332542 -0.636505 -0.941376 0.275601 0.194566 -0.247996 0.270924 0.273934 0.9228 0.3812 0.31622 -0.384863 0.867113 0.400795 -0.930002 -0.306262 0.203222 -0.504304 0.187351 -0.87068 -0.45477 0.485867 
1535133729148 0.200166 0.921498 -0.33283 -0.636583 -0.941387 0.275031 0.195316 -0.247972 0.271522 0.274226 0.922538 0.381259 0.31622 -0.384863 0.867113 0.400795 -0.930002 -0.306262 0.203222 -0.504304 0.187351 -0.87068 -0.45477 0.485867 
1535133729162 0.200767 0.921421 -0.33268 -0.636394 -0.941279 0.275541 0.195116 -0.247898 0.271451 0.273972 0.922634 0.381353 0.31622 -0.384863 0.867113 0.400795 -0.930002 -0.306262 0.203222 -0.504304 0.187351 -0.87068 -0.45477 0.485867 
1535133729179 0.201368 0.921344 -0.332531 -0.636198 -0.941172 0.27605 0.194915 -0.24782 0.271379 0.273719 0.92273 0.381449 0.31622 -0.384863 0.867113 0.400795 -0.930002 -0.306262 0.203222 -0.504304 0.187351 -0.87068 -0.45477 0.485867 
1535133729313 0.201969 0.921266 -0.332382 -0.636004 -0.941064 0.27656 0.194714 -0.247743 0.271307 0.273466 0.922826 0.381544 0.31622 -0.384863 0.867113 0.400795 -0.930002 -0.306262 0.203222 -0.504304 0.187351 -0.87068 -0.45477 0.485867 
1535133729401 0.20257 0.921188 -0.332233 -0.63581 -0.940955 0.277069 0.194514 -0.247665 0.271235 0.273214 0.922923 0.38164 0.31622 -0.384863 0.867113 0.400795 -0.930002 -0.306262 0.203222 -0.504304 0.187351 -0.87068 -0.45477 0.485867 
1535133729498 0.203171 0.921109 -0.332083 -0.635615 -0.940847 0.277579 0.194313 -0.247588 0.271163 0.272961 0.923019 0.381735 0.31622 -0.384863 0.867113 0.400795 -0.930002 -0.306262 0.203222 -0.504304 0.187351 -0.87068 -0.45477 0.485867 
1535133729584 0.203771 0.921031 -0.331933 -0.635421 -0.940738 0.278088 0.194112 -0.247511 0.27109 0.272708 0.923115 0.38183 0.31622 -0.384863 0.867113 0.400795 -0.930002 -0.306262 0.203222 -0.504304 0.187351 -0.87068 -0.45477 0.485867 
1535133729682 0.204372 0.920952 -0.331784 -0.635226 -0.940628 0.278597 0.193912 -0.247433 0.271017 0.272455 0.923211 0.381926 0.31622 -0.384863 0.867113 0.400795 -0.930002 -0.306262 0.203222 -0.504304 0.187351 -0.87068 -0.45477 0.485867 
1535133729762 0.204972 0.920872 -0.331634 -0.635032 -0.940519 0.279107 0.193711 -0.247356 0.270945 0.272202 0.923307 0.382021 0.31622 -0.384863 0.867113 0.400795 -0.930002 -0.306262 0.203222 -0.504304 0.187351 -0.87068 -0.45477 0.485867 
1535133729865 0.205573 0.920792 -0.331484 -0.634838 -0.940409 0.279616 0.193511 -0.247279 0.270872 0.271949 0.923402 0.382117 0.31622 -0.384863 0.867113 0.400795 -0.930002 -0.306262 0.203222 -0.504304 0.187351 -0.87068 -0.45477 0.485867 
1535133730029 0.205084 0.920869 -0.331574 -0.634993 -0.940526 0.279167 0.193589 -0.247381 0.270835 0.272152 0.923354 0.382013 0.31622 -0.384863 0.867113 0.400795 -0.930002 -0.306262 0.203222 -0.504304 0.187351 -0.87068 -0.45477 0.485867 
1535133730040 0.205205 0.920828 -0.331614 -0.634662 -0.940454 0.279334 0.193697 -0.247274 0.270992 0.27212 0.923317 0.382189 0.31622 -0.384863 0.867113 0.400795 -0.930002 -0.306262 0.203222 -0.504304 0.187351 -0.87068 -0.45477 0.485867 
1535133730046 0.205328 0.920785 -0.331656 -0.634326 -0.940382 0.279503 0.193802 -0.247166 0.271149 0.27209 0.92328 0.382366 0.31622 -0.384863 0.867113 0.400795 -0.930002 -0.306262 0.203222 -0.504304 0.187351 -0.87068 -0.45477 0.485867 
1535133730258 0.205451 0.920742 -0.331698 -0.633991 -0.94031 0.279673 0.193907 -0.247057 0.271305 0.272061 0.923242 0.382542 0.31622 -0.384863 0.867113 0.400795 -0.930002 -0.306262 0.203222 -0.504304 0.187351 -0.87068 -0.45477 0.485867 
1535133730408 0.205575 0.920699 -0.33174 -0.633654 -0.940238 0.279843 0.194012 -0.246949 0.271462 0.272031 0.923205 0.382719 0.31622 -0.384863 0.867113 0.400795 -0.930002 -0.306262 0.203222 -0.504304 0.187351 -0.87068 -0.45477 0.485867 
1535133730548 0.205698 0.920656 -0.331783 -0.633318 -0.940166 0.280013 0.194117 -0.24684 0.271619 0.272001 0.923168 0.382896 0.31622 -0.384863 0.867113 0.400795 -0.930002 -0.306262 0.203222 -0.504304 0.187351 -0.87068 -0.45477 0.485867 
1535133730554 0.205822 0.920614 -0.331825 -0.632983 -0.940093 0.280182 0.194223 -0.246732 0.271776 0.271971 0.92313 0.383073 0.31622 -0.384863 0.867113 0.400795 -0.930002 -0.306262 0.203222 -0.504304 0.187351 -0.87068 -0.45477 0.485867 
1535133730839 0.205945 0.920571 -0.331868 -0.632646 -0.940021 0.280352 0.194328 -0.246624 0.271932 0.271942 0.923093 0.38325 0.31622 -0.384863 0.867113 0.400795 -0.930002 -0.306262 0.203222 -0.504304 0.187351 -0.87068 -0.45477 0.485867 
1535133730986 0.206068 0.920528 -0.33191 -0.632311 -0.939949 0.280522 0.194433 -0.246516 0.272089 0.271912 0.923056 0.383426 0.31622 -0.384863 0.867113 0.400795 -0.930002 -0.306262 0.203222 -0.504304 0.187351 -0.87068 -0.45477 0.485867 
1535133731135 0.206192 0.920485 -0.331952 -0.631974 -0.939876 0.280691 0.194538 -0.246407 0.272245 0.271882 0.923018 0.383603 0.31622 -0.384863 0.867113 0.400795 -0.930002 -0.306262 0.203222 -0.504304 0.187351 -0.87068 -0.45477 0.485867 
1535133731299 0.206053 0.92047 -0.33208 -0.632193 -0.939958 0.280537 0.194364 -0.24651 0.272067 0.272092 0.923009 0.383452 0.31622 -0.384863 0.867113 0.400795 -0.930002 -0.306262 0.203222 -0.504304 0.187351 -0.87068 -0.45477 0.485867 
1535133731312 0.206155 0.920465 -0.332031 -0.631767 -0.93984 0.280718 0.194676 -0.246358 0.272399 0.271922 0.922961 0.383603 0.31622 -0.384863 0.867113 0.400795 -0.930002 -0.306262 0.203222 -0.504304 0.187351 -0.87068 -0.45477 0.485867 
1535133731349 0.206258 0.920459 -0.331983 -0.631337 -0.939721 0.2809 0.194986 -0.246205 0.272731 0.271753 0.922913 0.383756 0.31622 -0.384863 0.867113 0.400795 -0.930002 -0.306262 0.203222 -0.504304 0.187351 -0.87068 -0.45477 0.485867 
1535133731523 0.206362 0.920453 -0.331935 -0.630907 -0.939602 0.281083 0.195296 -0.246051 0.273062 0.271585 0.922864 0.383908 0.31622 -0.384863 0.867113 0.400795 -0.930002 -0.306262 0.203222 -0.504304 0.187351 -0.87068 -0.45477 0.485867 
1535133731692 0.206465 0.920447 -0.331887 -0.630476 -0.939483 0.281265 0.195607 -0.245896 0.273394 0.271416 0.922816 0.384061 0.31622 -0.384863 0.867113 0.400795 -0.930002 -0.306262 0.203222 -0.504304 0.187351 -0.87068 -0.45477 0.485867 
1535133731855 0.206568 0.920441 -0.331839 -0.630045 -0.939364 0.281447 0.195917 -0.245742 0.273725 0.271247 0.922767 0.384213 0.31622 -0.384863 0.867113 0.400795 -0.930002 -0.306262 0.203222 -0.504304 0.187351 -0.87068 -0.45477 0.485867 
1535133732018 0.206672 0.920435 -0.331792 -0.629614 -0.939244 0.281629 0.196227 -0.245588 0.274056 0.271079 0.922719 0.384366 0.31622 -0.384863 0.867113 0.400795 -0.930002 -0.306262 0.203222 -0.504304 0.187351 -0.87068 -0.45477 0.485867 
1535133732199 0.206584 0.920427 -0.33187 -0.629843 -0.939308 0.28152 0.196078 -0.245675 0.273904 0.271221 0.922722 0.384305 0.31622 -0.384863 0.867113 0.400795 -0.930002 -0.306262 0.203222 -0.504304 0.187351 -0.87068 -0.45477 0.485867 
1535133732212 0.206575 0.920355 -0.332073 -0.629355 -0.9392 0.281664 0.196388 -0.245504 0.27428 0.271314 0.922583 0.384371 0.31622 -0.384863 0.867113 0.400795 -0.930002 -0.306262 0.203222 -0.504304 0.187351 -0.87068 -0.45477 0.485867 
1535133732228 0.206567 0.920283 -0.332278 -0.628861 -0.939092 0.281808 0.196697 -0.245329 0.274656 0.271409 0.922443 0.384438 0.31622 -0.384863 0.867113 0.400795 -0.930002 -0.306262 0.203222 -0.504304 0.187351 -0.87068 -0.45477 0.485867 
1535133732506 0.206558 0.920211 -0.332483 -0.628368 -0.938984 0.281953 0.197007 -0.245156 0.275033 0.271502 0.922303 0.384505 0.31622 -0.384863 0.867113 0.400795 -0.930002 -0.306262 0.203222 -0.504304 0.187351 -0.87068 -0.45477 0.485867 
1535133732682 0.20655 0.920139 -0.332687 -0.627875 -0.938875 0.282098 0.197316 -0.244982 0.275409 0.271596 0.922163 0.384573 0.31622 -0.384863 0.867113 0.400795 -0.930002 -0.306262 0.203222 -0.504304 0.187351 -0.87068 -0.45477 0.485867 
1535133732855 0.206541 0.920067 -0.332892 -0.627383 -0.938767 0.282242 0.197626 -0.244808 0.275785 0.27169 0.922023 0.384639 0.31622 -0.384863 0.867113 0.400795 -0.930002 -0.306262 0.203222 -0.504304 0.187351 -0.87068 -0.45477 0.485867 
1535133733036 0.206532 0.919995 -0.333096 -0.626889 -0.938658 0.282387 0.197935 -0.244634 0.276161 0.271784 0.921883 0.384707 0.31622 -0.384863 0.867113 0.400795 -0.930002 -0.306262 0.203222 -0.504304 0.187351 -0.87068 -0.45477 0.485867 
1535133733043 0.206523 0.919923 -0.333301 -0.626397 -0.938549 0.282532 0.198244 -0.244461 0.276538 0.271877 0.921743 0.384774 0.31622 -0.384863 0.867113 0.400795 -0.930002 -0.306262 0.203222 -0.504304 0.187351 -0.87068 -0.45477 0.485867 
1535133733283 0.206515 0.919851 -0.333506 -0.625903 -0.93844 0.282677 0.198553 -0.244286 0.276914 0.271971 0.921602 0.384841 0.31622 -0.384863 0.867113 0.400795 -0.930002 -0.306262 0.203222 -0.504304 0.187351 -0.87068 -0.45477 0.485867 
1535133733462 0.206506 0.919779 -0.33371 -0.62541 -0.938331 0.282821 0.198862 -0.244113 0.27729 0.272064 0.921462 0.384908 0.31622 -0.384863 0.867113 0.400795 -0.930002 -0.306262 0.203222 -0.504304 0.187351 -0.87068 -0.45477 0.485867 
1535133733657 0.206361 0.919832 -0.333652 -0.625679 -0.938392 0.282645 0.198825 -0.244096 0.277191 0.272067 0.92149 0.384863 0.31622 -0.384863 0.867113 0.400795 -0.930002 -0.306262 0.203222 -0.504304 0.187351 -0.87068 -0.45477 0.485867 
1535133733670 0.206355 0.919768 -0.333832 -0.625335 -0.938368 0.282704 0.198858 -0.243965 0.277279 0.272222 0.921418 0.385081 0.31622 -0.384863 0.867113 0.400795 -0.930002 -0.306262 0.203222 -0.504304 0.187351 -0.87068 -0.45477 0.485867 
1535133733687 0.206349 0.919704 -0.334013 -0.624987 -0.938343 0.282763 0.198891 -0.243833 0.277367 0.272378 0.921346 0.385299 0.31622 -0.384863 0.867113 0.400795 -0.930002 -0.306262 0.203222 -0.504304 0.187351 -0.87068 -0.45477 0.485867 
1535133733872 0.206342 0.91964 -0.334194 -0.624639 -0.938319 0.282822 0.198923 -0.2437 0.277455 0.272534 0.921273 0.385518 0.31622 -0.384863 0.867113 0.400795 -0.930002 -0.306262 0.203222 -0.504304 0.187351 -0.87068 -0.45477 0.485867 
1535133734030 0.206336 0.919575 -0.334375 -0.624291 -0.938294 0.28288 0.198955 -0.243567 0.277543 0.272691 0.9212 0.385737 0.31622 -0.384863 0.867113 0.400795 -0.930002 -0.306262 0.203222 -0.504304 0.187351 -0.87068 -0.45477 0.485867 
1535133734192 0.20633 0.919511 -0.334556 -0.623944 -0.938269 0.282939 0.198988 -0.243435 0.27763 0.272847 0.921128 0.385955 0.31622 -0.384863 0.867113 0.400795 -0.930002 -0.306262 0.203222 -0.504304 0.187351 -0.87068 -0.45477 0.485867 
1535133734349 0.206324 0.919446 -0.334737 -0.623595 -0.938245 0.282998 0.19902 -0.243302 0.277718 0.273003 0.921055 0.386174 0.31622 -0.384863 0.867113 0.400795 -0.930002 -0.306262 0.203222 -0.504304 0.187351 -0.87068 -0.45477 0.485867 
1535133734509 0.206317 0.919382 -0.334918 -0.623248 -0.93822 0.283057 0.199052 -0.243169 0.277806 0.273159 0.920982 0.386392 0.31622 -0.384863 0.867113 0.400795 -0.930002 -0.306262 0.203222 -0.504304 0.187351 -0.87068 -0.45477 0.485867 
1535133734666 0.206311 0.919317 -0.335099 -0.622899 -0.938196 0.283116 0.199085 -0.243036 0.277894 0.273316 0.920909 0.386611 0.31622 -0.384863 0.867113 0.400795 -0.930002 -0.306262 0.203222 -0.504304 0.187351 -0.87068 -0.45477 0.485867 
1535133734823 0.206304 0.919253 -0.33528 -0.622551 -0.938171 0.283174 0.199117 -0.242904 0.277982 0.273472 0.920836 0.386829 0.31622 -0.384863 0.867113 0.400795 -0.930002 -0.306262 0.203222 -0.504304 0.187351 -0.87068 -0.45477 0.485867 
1535133734995 0.206357 0.919242 -0.335277 -0.622777 -0.93814 0.283242 0.199166 -0.242948 0.278047 0.273438 0.920827 0.386666 0.31622 -0.384863 0.867113 0.400795 -0.930002 -0.306262 0.203222 -0.504304 0.187351 -0.87068 -0.45477 0.485867 
1535133735007 0.206383 0.919187 -0.335413 -0.622516 -0.938066 0.283362 0.199344 -0.242869 0.278278 0.273498 0.920739 0.386786 0.31622 -0.384863 0.867113 0.400795 -0.930002 -0.306262 0.203222 -0.504304 0.187351 -0.87068 -0.45477 0.485867 
1535133735023 0.20641 0.919131 -0.33555 -0.622249 -0.937992 0.283485 0.19952 -0.242787 0.278508 0.27356 0.920651 0.386906 0.31622 -0.384863 0.867113 0.400795 -0.930002 -0.306262 0.203222 -0.504304 0.187351 -0.87068 -0.45477 0.485867 
1535133735180 0.206437 0.919075 -0.335687 -0.621981 -0.937917 0.283607 0.199696 -0.242705 0.278739 0.273622 0.920563 0.387027 0.31622 -0.384863 0.867113 0.400795 -0.930002 -0.306262 0.203222 -0.504304 0.187351 -0.87068 -0.45477 0.485867 
1535133735294 0.206464 0.919019 -0.335824 -0.621714 -0.937843 0.283729 0.199872 -0.242623 0.278969 0.273684 0.920475 0.387148 0.31622 -0.384863 0.867113 0.400795 -0.930002 -0.306262 0.203222 -0.504304 0.187351 -0.87068 -0.45477 0.485867 
1535133735401 0.206491 0.918963 -0.33596 -0.621449 -0.937768 0.283851 0.200048 -0.242542 0.2792 0.273745 0.920386 0.387268 0.31622 -0.384863 0.867113 0.400795 -0.930002 -0.306262 0.203222 -0.504304 0.187351 -0.87068 -0.45477 0.485867 
1535133735516 0.206517 0.918906 -0.336097 -0.621181 -0.937694 0.283973 0.200224 -0.24246 0.27943 0.273807 0.920298 0.387389 0.31622 -0.384863 0.867113 0.400795 -0.930002 -0.306262 0.203222 -0.504304 0.187351 -0.87068 -0.45477 0.485867 
1535133735624 0.206544 0.91885 -0.336234 -0.620915 -0.937619 0.284095 0.200401 -0.242378 0.279661 0.273868 0.92021 0.387509 0.31622 -0.384863 0.867113 0.400795 -0.930002 -0.306262 0.203222 -0.504304 0.187351 -0.87068 -0.45477 0.485867 
1535133735630 0.206571 0.918794 -0.336371 -0.620648 -0.937544 0.284218 0.200576 -0.242296 0.279891 0.27393 0.920122 0.38763 0.31622 -0.384863 0.867113 0.400795 -0.930002 -0.306262 0.203222 -0.504304 0.187351 -0.87068 -0.45477 0.485867 
1535133735813 0.206598 0.918738 -0.336508 -0.620381 -0.93747 0.28434 0.200753 -0.242214 0.280122 0.273991 0.920033 0.38775 0.31622 -0.384863 0.867113 0.400795 -0.930002 -0.306262 0.203222 -0.504304 0.187351 -0.87068 -0.45477 0.485867 
1535133735958 0.206737 0.918752 -0.336384 -0.620577 -0.937492 0.284391 0.200575 -0.24237 0.279943 0.273891 0.920117 0.387716 0.31622 -0.384863 0.867113 0.400795 -0.930002 -0.306262 0.203222 -0.504304 0.187351 -0.87068 -0.45477 0.485867 
1535133735969 0.206724 0.918711 -0.336505 -0.620358 -0.937436 0.284462 0.200735 -0.242269 0.28014 0.273956 0.920038 0.387806 0.31622 -0.384863 0.867113 0.400795 -0.930002 -0.306262 0.203222 -0.504304 0.187351 -0.87068 -0.45477 0.485867 
1535133735985 0.206711 0.918669 -0.336628 -0.620136 -0.93738 0.284535 0.200893 -0.242166 0.280337 0.274022 0.919958 0.387898 0.31622 -0.384863 0.867113 0.400795 -0.930002 -0.306262 0.203222 -0.504304 0.187351 -0.87068 -0.45477 0.485867 
1535133736121 0.206698 0.918626 -0.336751 -0.619913 -0.937324 0.284607 0.201052 -0.242063 0.280533 0.274088 0.919879 0.387989 0.31622 -0.384863 0.867113 0.400795 -0.930002 -0.306262 0.203222 -0.504304 0.187351 -0.87068 -0.45477 0.485867 
1535133736200 0.206686 0.918584 -0.336875 -0.61969 -0.937268 0.28468 0.20121 -0.241959 0.28073 0.274155 0.919799 0.38808 0.31622 -0.384863 0.867113 0.400795 -0.930002 -0.306262 0.203222 -0.504304 0.187351 -0.87068 -0.45477 0.485867 
1535133736206 0.206673 0.918542 -0.336998 -0.619466 -0.937212 0.284753 0.201369 -0.241856 0.280927 0.274221 0.919719 0.388172 0.31622 -0.384863 0.867113 0.400795 -0.930002 -0.306262 0.203222 -0.504304 0.187351 -0.87068 -0.45477 0.485867 
1535133736357 0.206661 0.918499 -0.337121 -0.619244 -0.937156 0.284826 0.201527 -0.241753 0.281123 0.274287 0.919639 0.388263 0.31622 -0.384863 0.867113 0.400795 -0.930002 -0.306262 0.203222 -0.504304 0.187351 -0.87068 -0.45477 0.485867 
1535133736467 0.206648 0.918457 -0.337244 -0.61902 -0.9371 0.284899 0.201686 -0.241649 0.28132 0.274354 0.919559 0.388354 0.31622 -0.384863 0.867113 0.400795 -0.930002 -0.306262 0.203222 -0.504304 0.187351 -0.87068 -0.45477 0.485867 
1535133736566 0.206635 0.918414 -0.337367 -0.618798 -0.937043 0.284971 0.201844 -0.241546 0.281517 0.27442 0.919479 0.388445 0.31622 -0.384863 0.867113 0.400795 -0.930002 -0.306262 0.203222 -0.504304 0.187351 -0.87068 -0.45477 0.485867 
1535133736653 0.206622 0.918372 -0.33749 -0.618575 -0.936987 0.285044 0.202003 -0.241443 0.281713 0.274486 0.919399 0.388537 0.31622 -0.384863 0.867113 0.400795 -0.930002 -0.306262 0.203222 -0.504304 0.187351 -0.87068 -0.45477 0.485867 
1535133736764 0.206499 0.918446 -0.337365 -0.618822 -0.937053 0.284864 0.201953 -0.241444 0.281586 0.274425 0.919456 0.388416 0.31622 -0.384863 0.867113 0.400795 -0.930002 -0.306262 0.203222 -0.504304 0.187351 -0.87068 -0.45477 0.485867 
1535133736776 0.206569 0.918438 -0.337343 -0.618646 -0.937058 0.284905 0.201871 -0.241364 0.281517 0.27441 0.919482 0.388449 0.31622 -0.384863 0.867113 0.400795 -0.930002 -0.306262 0.203222 -0.504304 0.187351 -0.87068 -0.45477 0.485867 
1535133736792 0.20664 0.91843 -0.337322 -0.618466 -0.937063 0.284945 0.201789 -0.241282 0.281447 0.274394 0.919508 0.388483 0.31622 -0.384863 0.867113 0.400795 -0.930002 -0.306262 0.203222 -0.504304 0.187351 -0.87068 -0.45477 0.485867 
1535133736809 0.20671 0.918422 -0.3373 -0.618286 -0.937069 0.284985 0.201707 -0.2412 0.281378 0.274379 0.919534 0.388517 0.31622 -0.384863 0.867113 0.400795 -0.930002 -0.306262 0.203222 -0.504304 0.187351 -0.87068 -0.45477 0.485867 
1535133736957 0.20678 0.918414 -0.337279 -0.618105 -0.937074 0.285026 0.201624 -0.241117 0.281308 0.274364 0.91956 0.388551 0.31622 -0.384863 0.867113 0.400795 -0.930002 -0.306262 0.203222 -0.504304 0.187351 -0.87068 -0.45477 0.485867 
1535133737010 0.20685 0.918406 -0.337258 -0.617924 -0.937079 0.285066 0.201542 -0.241035 0.281238 0.274348 0.919586 0.388585 0.31622 -0.384863 0.867113 0.400795 -0.930002 -0.306262 0.203222 -0.504304 0.187351 -0.87068 -0.45477 0.485867 
1535133737114 0.20692 0.918398 -0.337236 -0.617744 -0.937085 0.285107 0.20146 -0.240953 0.281169 0.274333 0.919612 0.388619 0.31622 -0.384863 0.867113 0.400795 -0.930002 -0.306262 0.203222 -0.504304 0.187351 -0.87068 -0.45477 0.485867 
1535133737171 0.20699 0.91839 -0.337215 -0.617563 -0.93709 0.285147 0.201378 -0.24087 0.281099 0.274318 0.919637 0.388653 0.31622 -0.384863 0.867113 0.400795 -0.930002 -0.306262 0.203222 -0.504304 0.187351 -0.87068 -0.45477 0.485867 
1535133737264 0.207061 0.918382 -0.337194 -0.617383 -0.937096 0.285187 0.201295 -0.240788 0.28103 0.274302 0.919663 0.388687 0.31622 -0.384863 0.867113 0.400795 -0.930002 -0.306262 0.203222 -0.504304 0.187351 -0.87068 -0.45477 0.485867 
1535133737330 0.207131 0.918374 -0.337173 -0.617202 -0.937101 0.285228 0.201213 -0.240706 0.28096 0.274287 0.919689 0.388721 0.31622 -0.384863 0.867113 0.400795 -0.930002 -0.306262 0.203222 -0.504304 0.187351 -0.87068 -0.45477 0.485867 
1535133737442 0.207219 0.918317 -0.337274 -0.617391 -0.937027 0.285385 0.201333 -0.240896 0.281141 0.274315 0.919626 0.388673 0.31622 -0.384863 0.867113 0.400795 -0.930002 -0.306262 0.203222 -0.504304 0.187351 -0.87068 -0.45477 0.485867 
1535133737454 0.207282 0.91833 -0.337199 -0.617166 -0.936994 0.285446 0.2014 -0.240824 0.281204 0.274207 0.919638 0.388756 0.31622 -0.384863 0.867113 0.400795 -0.930002 -0.306262 0.203222 -0.504304 0.187351 -0.87068 -0.45477 0.485867 
1535133737460 0.207346 0.918343 -0.337126 -0.616936 -0.936961 0.285508 0.201466 -0.24075 0.281267 0.2741 0.919651 0.388839 0.31622 -0.384863 0.867113 0.400795 -0.930002 -0.306262 0.203222 -0.504304 0.187351 -0.87068 -0.45477 0.485867 
1535133737474 0.207409 0.918356 -0.337052 -0.616705 -0.936928 0.28557 0.201533 -0.240675 0.281331 0.273994 0.919663 0.388923 0.31622 -0.384863 0.867113 0.400795 -0.930002 -0.306262 0.203222 -0.504304 0.187351 -0.87068 -0.45477 0.485867 
1535133737481 0.207473 0.918369 -0.336978 -0.616476 -0.936895 0.285631 0.201599 -0.240602 0.281394 0.273887 0.919676 0.389006 0.31622 -0.384863 0.867113 0.400795 -0.930002 -0.306262 0.203222 -0.504304 0.187351 -0.87068 -0.45477 0.485867 
1535133737682 0.207536 0.918381 -0.336904 -0.616245 -0.936862 0.285693 0.201665 -0.240527 0.281457 0.27378 0.919688 0.38909 0.31622 -0.384863 0.867113 0.400795 -0.930002 -0.306262 0.203222 -0.504304 0.187351 -0.87068 -0.45477 0.485867 
1535133737738 0.2076 0.918394 -0.336831 -0.616015 -0.936829 0.285754 0.201732 -0.240452 0.28152 0.273673 0.919701 0.389174 0.31622 -0.384863 0.867113 0.400795 -0.930002 -0.306262 0.203222 -0.504304 0.187351 -0.87068 -0.45477 0.485867 
1535133737846 0.207663 0.918407 -0.336757 -0.615785 -0.936796 0.285816 0.201798 -0.240379 0.281583 0.273566 0.919713 0.389257 0.31622 -0.384863 0.867113 0.400795 -0.930002 -0.306262 0.203222 -0.504304 0.187351 -0.87068 -0.45477 0.485867 
1535133737903 0.207727 0.918419 -0.336683 -0.615556 -0.936763 0.285877 0.201865 -0.240305 0.281646 0.273459 0.919726 0.389341 0.31622 -0.384863 0.867113 0.400795 -0.930002 -0.306262 0.203222 -0.504304 0.187351 -0.87068 -0.45477 0.485867 
1535133738021 0.207791 0.918432 -0.336609 -0.615325 -0.93673 0.285939 0.201931 -0.24023 0.281709 0.273353 0.919738 0.389425 0.31622 -0.384863 0.867113 0.400795 -0.930002 -0.306262 0.203222 -0.504304 0.187351 -0.87068 -0.45477 0.485867 
1535133738088 0.207637 0.918491 -0.336542 -0.615568 -0.936778 0.285768 0.201951 -0.240285 0.281663 0.273332 0.919758 0.389391 0.31622 -0.384863 0.867113 0.400795 -0.930002 -0.306262 0.203222 -0.504304 0.187351 -0.87068 -0.45477 0.485867 
1535133738099 0.20772 0.918433 -0.336651 -0.615227 -0.93673 0.285897 0.201988 -0.240157 0.281759 0.273394 0.91971 0.389531 0.31622 -0.384863 0.867113 0.400795 -0.930002 -0.306262 0.203222 -0.504304 0.187351 -0.87068 -0.45477 0.485867 
1535133738166 0.207803 0.918374 -0.336761 -0.614882 -0.936683 0.286026 0.202023 -0.240027 0.281855 0.273457 0.919662 0.389671 0.31622 -0.384863 0.867113 0.400795 -0.930002 -0.306262 0.203222 -0.504304 0.187351 -0.87068 -0.45477 0.485867 
1535133738327 0.207885 0.918315 -0.336871 -0.614537 -0.936636 0.286155 0.202059 -0.239897 0.281951 0.27352 0.919614 0.389812 0.31622 -0.384863 0.867113 0.400795 -0.930002 -0.306262 0.203222 -0.504304 0.187351 -0.87068 -0.45477 0.485867 
