1530612670172 0.275657 -0.8825 0.381061 -0.604483 0.633204 0.464965 0.618757 -0.181741 -0.723233 0.0707247 0.686973 0.426588 -0.0273735 -0.995423 -0.091559 0.392008 -0.152404 0.0946784 -0.983773 -0.491737 0.987939 -0.0129753 -0.154299 0.443259 
1530612670182 0.25636 -0.939187 0.228488 0.190522 -0.09544 -0.259828 -0.960927 -0.632759 0.961858 0.224537 -0.156246 0.522991 -0.026145 -0.99537 -0.0924917 0.391497 -0.152878 0.0954162 -0.983628 -0.491734 0.987899 -0.0115771 -0.154664 0.443107 
1530612670188 0.218501 -0.931404 0.291108 0.220456 0.106878 -0.27368 -0.955864 -0.527818 0.969966 0.23997 0.0397474 0.494922 -0.0249174 -0.995314 -0.0934257 0.390985 -0.153352 0.0961542 -0.983482 -0.491731 0.987857 -0.0101788 -0.15503 0.442955 
1530612670422 0.16226 -0.93285 0.321655 0.11859 0.348692 -0.250737 -0.903075 -0.461437 0.923085 0.258692 0.284592 0.483134 -0.0236899 -0.995256 -0.0943607 0.390474 -0.153828 0.096892 -0.983336 -0.491728 0.987814 -0.00877988 -0.155393 0.442803 
1530612670755 0.101454 -0.93566 0.338006 0.00618325 0.566381 -0.224998 -0.792836 -0.420067 0.817875 0.271876 0.507113 0.472819 -0.0224629 -0.995196 -0.095296 0.389963 -0.154304 0.097629 -0.983188 -0.491725 0.987768 -0.0073807 -0.155755 0.442651 
1530612670995 0.0360287 -0.940511 0.337848 -0.0997268 0.748977 -0.198404 -0.632194 -0.390054 0.661615 0.275817 0.697273 0.458167 -0.0212369 -0.995132 -0.0962309 0.389451 -0.154781 0.0983647 -0.98304 -0.491722 0.987721 -0.005982 -0.156117 0.442499 
1530612671236 -0.028658 -0.947013 0.319914 -0.200692 0.887811 -0.171177 -0.427189 -0.361428 0.459315 0.271781 0.845674 0.447097 -0.0200106 -0.995067 -0.097167 0.38894 -0.155259 0.0991002 -0.982891 -0.491719 0.987671 -0.00458222 -0.156476 0.442347 
1530612671490 -0.0865608 -0.95418 0.286438 -0.298905 0.970218 -0.146033 -0.193265 -0.33332 0.226239 0.261179 0.938404 0.436097 -0.018786 -0.994999 -0.0981029 0.388431 -0.155737 0.0998347 -0.982741 -0.491714 0.98762 -0.00318349 -0.156834 0.442195 
1530612671731 -0.134169 -0.961548 0.239633 -0.39213 0.990702 -0.124655 0.0544986 -0.306217 -0.0225316 0.244717 0.969333 0.424433 -0.0175669 -0.994929 -0.099038 0.387938 -0.156215 0.100568 -0.98259 -0.491701 0.987567 -0.00178977 -0.15719 0.44204 
1530612671987 -0.169134 -0.968199 0.184351 -0.470179 0.948618 -0.109163 0.296996 -0.284173 -0.267427 0.225111 0.936914 0.407963 -0.0163916 -0.994856 -0.0999596 0.387539 -0.156678 0.101294 -0.982442 -0.491649 0.987514 -0.000442358 -0.157532 0.441872 
1530612672238 -0.169134 -0.968199 0.184351 -0.470179 0.948618 -0.109163 0.296996 -0.284173 -0.267427 0.225111 0.936914 0.407963 -0.0163871 -0.994872 -0.0998043 0.387559 -0.156633 0.10114 -0.982465 -0.491641 0.987521 -0.000467166 -0.157487 0.441915 
1530612672248 0.279843 -0.930318 0.237057 0.205875 -0.110552 -0.276506 -0.954632 -0.484925 0.953659 0.24094 -0.180227 0.499532 -0.0162604 -0.994863 -0.0999159 0.387492 -0.156687 0.10123 -0.982447 -0.491648 0.987514 -0.000319397 -0.157528 0.441897 
1530612672391 0.233697 -0.928027 0.290089 0.185001 0.102142 -0.273268 -0.9565 -0.464226 0.966929 0.253162 0.0309292 0.494691 -0.016133 -0.994854 -0.100027 0.387426 -0.156742 0.10132 -0.982429 -0.491654 0.987508 -0.000171108 -0.15757 0.44188 
1530612672549 0.171679 -0.930653 0.323128 0.0945128 0.343354 -0.250907 -0.905071 -0.441983 0.923382 0.266329 0.276468 0.489173 -0.0160055 -0.994845 -0.100138 0.387359 -0.156796 0.10141 -0.982411 -0.491661 0.987501 -2.26253e-05 -0.157611 0.441862 
1530612672696 0.105306 -0.934593 0.339774 -0.00556129 0.56304 -0.225599 -0.795042 -0.41627 0.819693 0.275029 0.502456 0.475998 -0.0158781 -0.994836 -0.10025 0.387292 -0.156851 0.101499 -0.982393 -0.491668 0.987495 0.000125646 -0.157652 0.441845 
1530612672703 0.0368383 -0.940237 0.338523 -0.103954 0.748813 -0.198353 -0.632404 -0.38911 0.661756 0.276787 0.696755 0.461136 -0.0157508 -0.994826 -0.100361 0.387226 -0.156905 0.101589 -0.982375 -0.491674 0.987488 0.00027394 -0.157693 0.441828 
1530612672846 -0.0284509 -0.946963 0.32008 -0.202101 0.887724 -0.171131 -0.427389 -0.36114 0.459497 0.271983 0.84551 0.447866 -0.0156228 -0.994817 -0.100473 0.387159 -0.156959 0.101679 -0.982357 -0.491681 0.987481 0.000422985 -0.157734 0.44181 
1530612673053 -0.0865127 -0.95417 0.286489 -0.299499 0.970199 -0.146024 -0.193365 -0.333176 0.226337 0.261223 0.938368 0.43638 -0.0154952 -0.994808 -0.100584 0.387093 -0.157014 0.101769 -0.982339 -0.491687 0.987475 0.000571463 -0.157775 0.441792 
1530612673231 -0.134176 -0.961546 0.239636 -0.392487 0.990702 -0.124667 0.0544781 -0.306154 -0.0225084 0.244718 0.969333 0.424338 -0.0153685 -0.994799 -0.100695 0.387028 -0.157068 0.101858 -0.982321 -0.491692 0.987468 0.000719173 -0.157816 0.441775 
1530612673372 -0.169249 -0.968162 0.184436 -0.470704 0.948568 -0.109218 0.297137 -0.28431 -0.267533 0.22524 0.936853 0.407243 -0.0152469 -0.994789 -0.100804 0.386975 -0.15712 0.101947 -0.982303 -0.491692 0.987462 0.000861337 -0.157856 0.441755 
1530612673518 -0.169249 -0.968162 0.184436 -0.470704 0.948568 -0.109218 0.297137 -0.28431 -0.267533 0.22524 0.936853 0.407243 -0.0152463 -0.994795 -0.100751 0.386999 -0.157191 0.101895 -0.982298 -0.491687 0.987451 0.000860772 -0.157926 0.441771 
1530612673532 0.28122 -0.929914 0.237013 0.204542 -0.111016 -0.276847 -0.954479 -0.481845 0.9532 0.242107 -0.181091 0.49876 -0.0152337 -0.994793 -0.100768 0.386988 -0.157189 0.101909 -0.982296 -0.491689 0.987451 0.000875603 -0.157923 0.441768 
1530612673548 0.234426 -0.92788 0.28997 0.182951 0.101468 -0.273298 -0.956563 -0.463047 0.966824 0.253665 0.0300816 0.495557 -0.0152203 -0.994792 -0.100784 0.386978 -0.157188 0.101923 -0.982295 -0.491691 0.987451 0.00089121 -0.15792 0.441765 
1530612673565 0.172205 -0.930537 0.323182 0.0929966 0.342876 -0.250944 -0.905242 -0.441645 0.923462 0.266698 0.275845 0.489888 -0.015207 -0.99479 -0.100801 0.386967 -0.157186 0.101938 -0.982294 -0.491693 0.987452 0.000906809 -0.157918 0.441762 
1530612673582 0.105643 -0.934496 0.339937 -0.0065455 0.562675 -0.225684 -0.795276 -0.416303 0.8199 0.275289 0.501976 0.476432 -0.0151931 -0.994789 -0.100818 0.386956 -0.157185 0.101952 -0.982293 -0.491695 0.987452 0.000922994 -0.157915 0.441759 
1530612673588 0.0369688 -0.940169 0.338697 -0.1044 0.748834 -0.198368 -0.632375 -0.389087 0.661726 0.277006 0.696697 0.461965 -0.0151798 -0.994787 -0.100834 0.386946 -0.157184 0.101966 -0.982291 -0.491697 0.987453 0.000938561 -0.157912 0.441756 
1530612673595 -0.0284055 -0.946922 0.320206 -0.202161 0.887736 -0.171143 -0.427357 -0.361125 0.459475 0.272119 0.845478 0.448113 -0.0151665 -0.994786 -0.100851 0.386935 -0.157182 0.101981 -0.98229 -0.4917 0.987453 0.000954093 -0.157909 0.441752 
1530612673602 -0.0865092 -0.954149 0.286558 -0.299488 0.970201 -0.146033 -0.193349 -0.333173 0.226331 0.261293 0.93835 0.436438 -0.0151535 -0.994784 -0.100868 0.386924 -0.157181 0.101995 -0.982289 -0.491702 0.987454 0.00096932 -0.157907 0.441749 
1530612673737 -0.134203 -0.961531 0.239684 -0.392526 0.990698 -0.124687 0.0545068 -0.306186 -0.0225244 0.244769 0.96932 0.424276 -0.0151397 -0.994783 -0.100884 0.386914 -0.15718 0.102009 -0.982287 -0.491703 0.987454 0.000985396 -0.157904 0.441746 
1530612673835 -0.169362 -0.968125 0.184528 -0.470907 0.948521 -0.109273 0.297266 -0.28445 -0.267627 0.225375 0.936794 0.406874 -0.0151267 -0.994781 -0.100901 0.386905 -0.157178 0.102024 -0.982286 -0.491704 0.987454 0.00100067 -0.157901 0.441743 
1530612673996 -0.169362 -0.968125 0.184528 -0.470907 0.948521 -0.109273 0.297266 -0.28445 -0.267627 0.225375 0.936794 0.406874 -0.0153316 -0.994783 -0.100854 0.386845 -0.157209 0.10201 -0.982283 -0.491763 0.987446 0.000795288 -0.157953 0.441756 
1530612674007 0.28189 -0.929679 0.237139 0.204299 -0.111197 -0.277153 -0.95437 -0.480869 0.952981 0.242658 -0.181504 0.497936 -0.015899 -0.994664 -0.101931 0.386918 -0.157007 0.103162 -0.982195 -0.491706 0.98747 0.00038782 -0.157809 0.441741 
1530612674201 0.234719 -0.9278 0.28999 0.182268 0.101145 -0.273393 -0.95657 -0.462903 0.966787 0.253857 0.029672 0.495798 -0.0164658 -0.994544 -0.103008 0.386992 -0.156804 0.104316 -0.982105 -0.49165 0.987493 -1.90819e-05 -0.157666 0.441725 
1530612674406 0.172414 -0.930477 0.323243 0.0924589 0.342652 -0.251008 -0.905309 -0.441779 0.923506 0.266848 0.275553 0.490167 -0.0170323 -0.994423 -0.104085 0.387065 -0.1566 0.105468 -0.982015 -0.491593 0.987515 -0.000426328 -0.157523 0.441709 
1530612674413 0.105773 -0.934448 0.340029 -0.00692803 0.562509 -0.22575 -0.795375 -0.416516 0.819997 0.275398 0.501757 0.476716 -0.0175985 -0.994299 -0.105162 0.387138 -0.156396 0.106621 -0.981923 -0.491537 0.987538 -0.000833497 -0.157381 0.441694 
1530612674591 0.0370119 -0.940137 0.33878 -0.104654 0.748838 -0.198392 -0.632363 -0.389229 0.661719 0.277096 0.696667 0.462577 -0.0181645 -0.994175 -0.106238 0.387211 -0.156191 0.107773 -0.98183 -0.49148 0.98756 -0.00124101 -0.157239 0.441678 
1530612674597 -0.0283558 -0.946855 0.320409 -0.202397 0.887765 -0.171176 -0.427285 -0.361229 0.459423 0.272332 0.845438 0.448894 -0.01873 -0.994049 -0.107315 0.387285 -0.155985 0.108925 -0.981735 -0.491424 0.987582 -0.00164839 -0.157097 0.441662 
1530612674834 -0.0865175 -0.954128 0.286628 -0.299546 0.970204 -0.146051 -0.193323 -0.333251 0.226317 0.261361 0.938334 0.43662 -0.0192946 -0.993921 -0.108392 0.387358 -0.155779 0.110077 -0.981639 -0.491369 0.987603 -0.00205516 -0.156956 0.441646 
1530612675091 -0.134235 -0.961513 0.239738 -0.392566 0.990693 -0.124711 0.0545364 -0.306259 -0.0225395 0.244828 0.969305 0.424262 -0.0198587 -0.993792 -0.109469 0.387428 -0.155572 0.111228 -0.981542 -0.491319 0.987625 -0.0024619 -0.156815 0.441629 
1530612675276 -0.169463 -0.968091 0.184612 -0.471042 0.948483 -0.109323 0.29737 -0.284594 -0.267699 0.225495 0.936744 0.406634 -0.0204087 -0.993662 -0.110538 0.38748 -0.155369 0.11237 -0.981445 -0.491284 0.987646 -0.00285584 -0.156678 0.441605 
1530612675478 -0.169463 -0.968091 0.184612 -0.471042 0.948483 -0.109323 0.29737 -0.284594 -0.267699 0.225495 0.936744 0.406634 -0.0203825 -0.993679 -0.110393 0.387464 -0.155407 0.112223 -0.981455 -0.491315 0.98764 -0.00284858 -0.156712 0.4416 
1530612675488 0.282374 -0.929509 0.23723 0.204062 -0.111326 -0.277374 -0.95429 -0.480225 0.952823 0.243057 -0.181802 0.497377 -0.020705 -0.993819 -0.109066 0.387634 -0.156063 0.110965 -0.981494 -0.4913 0.98753 -0.00330064 -0.157396 0.44174 
1530612675690 0.234932 -0.927742 0.290004 0.181774 0.100908 -0.273464 -0.956575 -0.462819 0.96676 0.253994 0.029371 0.495975 -0.0210266 -0.993957 -0.107739 0.387805 -0.156718 0.109707 -0.981531 -0.491284 0.98742 -0.00375369 -0.158078 0.44188 
1530612675866 0.172568 -0.930432 0.32329 0.0920842 0.342475 -0.25106 -0.905362 -0.441874 0.923543 0.266955 0.275325 0.490388 -0.0213475 -0.994093 -0.106411 0.387975 -0.157373 0.108449 -0.981566 -0.491269 0.987308 -0.00420784 -0.158759 0.44202 
1530612676092 0.105811 -0.934433 0.340057 -0.00710909 0.562492 -0.225761 -0.795383 -0.416622 0.820004 0.27544 0.501723 0.47709 -0.0216681 -0.994227 -0.105082 0.388145 -0.158029 0.107191 -0.981599 -0.491254 0.987197 -0.0046634 -0.159439 0.44216 
1530612676316 0.0370435 -0.940116 0.338835 -0.104837 0.748837 -0.198407 -0.632358 -0.389321 0.661718 0.277157 0.696645 0.463046 -0.0219871 -0.99436 -0.103753 0.388315 -0.158685 0.105933 -0.98163 -0.491239 0.987084 -0.00511924 -0.160119 0.4423 
1530612676577 -0.0283189 -0.946811 0.320541 -0.202579 0.88778 -0.171196 -0.427246 -0.361302 0.459397 0.27247 0.845408 0.449419 -0.0223052 -0.994491 -0.102424 0.388486 -0.159341 0.104676 -0.981659 -0.491224 0.986972 -0.00557581 -0.160798 0.44244 
1530612676788 -0.0865206 -0.954113 0.286674 -0.299599 0.970204 -0.146062 -0.193312 -0.333306 0.226314 0.261407 0.938322 0.436734 -0.0226219 -0.99462 -0.101094 0.388655 -0.159997 0.103418 -0.981685 -0.491212 0.986858 -0.00603283 -0.161476 0.442579 
1530612676981 -0.134257 -0.961499 0.239779 -0.392596 0.99069 -0.124728 0.0545549 -0.306316 -0.0225473 0.244871 0.969293 0.424248 -0.0229355 -0.994747 -0.0997642 0.388821 -0.160652 0.102161 -0.98171 -0.491206 0.986745 -0.00648869 -0.162151 0.442714 
1530612677217 -0.169536 -0.968067 0.184674 -0.471128 0.948456 -0.109359 0.297443 -0.284705 -0.267749 0.225582 0.936709 0.406474 -0.0232344 -0.994871 -0.0984454 0.388953 -0.161288 0.100912 -0.981735 -0.491224 0.986634 -0.00693197 -0.162806 0.442825 
1530612677424 -0.169536 -0.968067 0.184674 -0.471128 0.948456 -0.109359 0.297443 -0.284705 -0.267749 0.225582 0.936709 0.406474 -0.0232752 -0.994856 -0.0985864 0.388906 -0.161229 0.101058 -0.981729 -0.491242 0.986643 -0.00695497 -0.162752 0.442762 
1530612677435 0.282708 -0.929392 0.237292 0.203876 -0.111413 -0.277526 -0.954236 -0.479808 0.952714 0.243332 -0.182005 0.497005 -0.0235489 -0.994904 -0.0980399 0.389019 -0.160255 0.100556 -0.98194 -0.49123 0.986795 -0.00741223 -0.161806 0.442683 
1530612677707 0.235076 -0.927702 0.290013 0.181438 0.100747 -0.273512 -0.956578 -0.462768 0.966742 0.254086 0.0291671 0.496096 -0.0238228 -0.994951 -0.0974933 0.389132 -0.159281 0.100053 -0.98215 -0.491218 0.986946 -0.00786872 -0.16086 0.442603 
1530612677930 0.17267 -0.930403 0.32332 0.0918329 0.342358 -0.251094 -0.905397 -0.441939 0.923567 0.267026 0.275174 0.490536 -0.0240972 -0.994998 -0.0969469 0.389245 -0.158307 0.0995494 -0.982359 -0.491206 0.987096 -0.00832477 -0.159914 0.442524 
1530612678155 0.105836 -0.934424 0.340076 -0.00723033 0.562481 -0.225767 -0.79539 -0.41669 0.820009 0.275466 0.501701 0.47733 -0.024372 -0.995044 -0.0964009 0.389358 -0.157333 0.0990457 -0.982566 -0.491194 0.987245 -0.00878007 -0.158967 0.442444 
1530612678428 0.0370637 -0.940103 0.338869 -0.104956 0.748836 -0.198416 -0.632357 -0.38938 0.661718 0.277195 0.69663 0.463335 -0.0246469 -0.99509 -0.0958556 0.389471 -0.156359 0.0985418 -0.982772 -0.491182 0.987393 -0.00923443 -0.15802 0.442364 
1530612678668 -0.0282958 -0.946785 0.32062 -0.202697 0.887787 -0.171208 -0.427225 -0.361348 0.459383 0.272554 0.845389 0.449734 -0.024923 -0.995136 -0.0953097 0.389585 -0.155385 0.0980368 -0.982977 -0.491171 0.98754 -0.00968907 -0.157072 0.442286 
1530612678878 -0.0865205 -0.954105 0.286702 -0.299638 0.970204 -0.146068 -0.193308 -0.333339 0.226315 0.261434 0.938314 0.436799 -0.0251987 -0.995181 -0.0947649 0.389698 -0.154412 0.0975321 -0.983181 -0.491162 0.987685 -0.010142 -0.156125 0.442209 
1530612679133 -0.13427 -0.961491 0.239806 -0.392616 0.990688 -0.124739 0.0545648 -0.306355 -0.0225505 0.244899 0.969286 0.424235 -0.0254725 -0.995225 -0.0942224 0.38981 -0.153444 0.0970285 -0.983382 -0.491161 0.987829 -0.0105913 -0.155182 0.442144 
1530612679421 -0.169585 -0.96805 0.184716 -0.47118 0.948438 -0.109384 0.297491 -0.284785 -0.267782 0.225642 0.936685 0.406376 -0.0257296 -0.995268 -0.0936954 0.389907 -0.152514 0.0965374 -0.983575 -0.491185 0.987966 -0.0110171 -0.154277 0.442145 
1530612679650 -0.169585 -0.96805 0.184716 -0.47118 0.948438 -0.109384 0.297491 -0.284785 -0.267782 0.225642 0.936685 0.406376 -0.0258153 -0.995279 -0.093556 0.389878 -0.152477 0.0964125 -0.983593 -0.491216 0.98797 -0.0111266 -0.154246 0.442222 
1530612679663 0.282917 -0.929318 0.237331 0.203751 -0.111466 -0.277621 -0.954202 -0.479557 0.952646 0.243505 -0.182131 0.496777 -0.0259094 -0.995302 -0.0932868 0.389957 -0.151863 0.0961539 -0.983713 -0.491217 0.988062 -0.0113205 -0.153641 0.442174 
1530612679851 0.235164 -0.927678 0.290019 0.181231 0.100648 -0.273541 -0.95658 -0.462739 0.966731 0.254143 0.0290415 0.49617 -0.0260039 -0.995325 -0.0930173 0.390037 -0.151249 0.0958949 -0.983833 -0.491218 0.988154 -0.0115147 -0.153035 0.442127 
1530612680057 0.172732 -0.930385 0.323339 0.0916798 0.342287 -0.251114 -0.905418 -0.441978 0.923582 0.267069 0.275084 0.490625 -0.0260983 -0.995347 -0.0927484 0.390116 -0.150634 0.0956363 -0.983953 -0.491219 0.988245 -0.0117084 -0.152429 0.442079 
1530612680246 0.105851 -0.934418 0.340086 -0.00730385 0.562474 -0.225771 -0.795394 -0.41673 0.820012 0.275482 0.501688 0.477467 -0.0261932 -0.99537 -0.0924792 0.390195 -0.150019 0.0953772 -0.984072 -0.49122 0.988336 -0.0119023 -0.151823 0.442032 
1530612680450 0.037075 -0.940096 0.338887 -0.105026 0.748835 -0.19842 -0.632357 -0.389414 0.661719 0.277215 0.696621 0.463491 -0.026288 -0.995392 -0.0922102 0.390274 -0.149404 0.0951182 -0.98419 -0.491221 0.988427 -0.0120958 -0.151216 0.441984 
1530612680689 -0.028283 -0.946772 0.32066 -0.202765 0.88779 -0.171214 -0.427217 -0.361373 0.459378 0.272596 0.845378 0.449896 -0.0263832 -0.995415 -0.091941 0.390354 -0.148789 0.0948588 -0.984309 -0.491223 0.988517 -0.0122894 -0.15061 0.441937 
1530612680870 -0.0865169 -0.954102 0.286714 -0.299666 0.970203 -0.146069 -0.193312 -0.333355 0.226319 0.261446 0.93831 0.436832 -0.0264782 -0.995437 -0.0916723 0.390433 -0.148175 0.0945997 -0.984426 -0.491225 0.988607 -0.0124823 -0.150004 0.441891 
1530612681064 -0.134277 -0.961486 0.239823 -0.39263 0.990687 -0.124744 0.0545694 -0.306379 -0.0225511 0.244917 0.969282 0.424227 -0.0265722 -0.995459 -0.0914048 0.390511 -0.147564 0.0943414 -0.984543 -0.49123 0.988696 -0.0126735 -0.1494 0.441853 
1530612681290 -0.169618 -0.968039 0.184744 -0.471209 0.948426 -0.109402 0.297522 -0.284841 -0.267802 0.225682 0.93667 0.406324 -0.026658 -0.995481 -0.0911452 0.390579 -0.146976 0.0940899 -0.984655 -0.491244 0.988781 -0.0128528 -0.14882 0.441853 
1530612681485 -0.169618 -0.968039 0.184744 -0.471209 0.948426 -0.109402 0.297522 -0.284841 -0.267802 0.225682 0.93667 0.406324 -0.0267389 -0.995476 -0.091169 0.390509 -0.147122 0.0941274 -0.984629 -0.491269 0.988757 -0.0129149 -0.148974 0.441797 
1530612681497 0.283035 -0.929276 0.237354 0.203678 -0.111495 -0.277674 -0.954183 -0.479421 0.952607 0.243603 -0.182201 0.496651 -0.026676 -0.995469 -0.0912676 0.390593 -0.147383 0.0942189 -0.984582 -0.491306 0.98872 -0.0128134 -0.149228 0.441873 
1530612681721 0.235214 -0.927665 0.290023 0.181115 0.100592 -0.273558 -0.956581 -0.462724 0.966724 0.254175 0.0289714 0.496212 -0.0266127 -0.995462 -0.0913668 0.390677 -0.147644 0.0943109 -0.984534 -0.491343 0.988682 -0.0127113 -0.149484 0.441948 
1530612681926 0.172766 -0.930375 0.323349 0.0915947 0.342249 -0.251125 -0.905429 -0.442 0.92359 0.267093 0.275034 0.490675 -0.0265492 -0.995454 -0.091466 0.390761 -0.147905 0.0944029 -0.984486 -0.491379 0.988645 -0.012609 -0.149739 0.442024 
1530612682101 0.105859 -0.934415 0.340092 -0.00734469 0.56247 -0.225773 -0.795396 -0.416752 0.820013 0.275491 0.50168 0.477541 -0.026486 -0.995447 -0.0915649 0.390845 -0.148166 0.0944945 -0.984438 -0.491416 0.988608 -0.012507 -0.149995 0.4421 
1530612682283 0.0370804 -0.940093 0.338895 -0.105064 0.748834 -0.198423 -0.632357 -0.389433 0.661719 0.277225 0.696616 0.463574 -0.0264226 -0.995439 -0.0916642 0.390929 -0.148428 0.0945864 -0.984389 -0.491453 0.98857 -0.0124046 -0.15025 0.442176 
1530612682555 -0.0282778 -0.946766 0.320677 -0.202804 0.887791 -0.171217 -0.427214 -0.36139 0.459377 0.272614 0.845373 0.449984 -0.0263598 -0.995432 -0.0917628 0.391013 -0.148689 0.0946778 -0.984341 -0.491488 0.988533 -0.0123029 -0.150505 0.442251 
1530612682745 -0.0865136 -0.954099 0.286722 -0.299695 0.970203 -0.146068 -0.193314 -0.333369 0.226322 0.261455 0.938307 0.436884 -0.0262966 -0.995424 -0.091862 0.391095 -0.14895 0.0947696 -0.984293 -0.491522 0.988495 -0.0122008 -0.15076 0.442326 
1530612683010 -0.134283 -0.961482 0.239834 -0.392645 0.990686 -0.124749 0.0545738 -0.3064 -0.0225527 0.244929 0.969279 0.424238 -0.0262347 -0.995417 -0.0919599 0.391174 -0.149209 0.0948603 -0.984245 -0.491548 0.988458 -0.0121002 -0.151013 0.442397 
1530612683205 -0.169639 -0.968032 0.184762 -0.471226 0.948419 -0.109412 0.297541 -0.284878 -0.267814 0.225707 0.93666 0.4063 -0.0261763 -0.99541 -0.0920522 0.391238 -0.149454 0.0949457 -0.9842 -0.491556 0.988422 -0.0120052 -0.151253 0.442442 
1530612683407 -0.169639 -0.968032 0.184762 -0.471226 0.948419 -0.109412 0.297541 -0.284878 -0.267814 0.225707 0.93666 0.4063 -0.0263441 -0.995398 -0.0921313 0.391224 -0.149527 0.0950502 -0.984178 -0.491576 0.988407 -0.0121512 -0.151343 0.442393 
1530612683417 0.283098 -0.929254 0.237365 0.203638 -0.111511 -0.277703 -0.954173 -0.479351 0.952586 0.243656 -0.182239 0.496585 -0.026456 -0.995396 -0.0921277 0.391318 -0.149872 0.0950679 -0.984124 -0.491595 0.988351 -0.0122286 -0.151697 0.442501 
1530612683665 0.23524 -0.927657 0.290025 0.181053 0.100563 -0.273566 -0.956582 -0.462717 0.966721 0.254192 0.0289338 0.496235 -0.0265681 -0.995393 -0.0921249 0.391411 -0.150218 0.0950864 -0.98407 -0.491614 0.988296 -0.0123061 -0.152052 0.44261 
1530612683851 0.172784 -0.93037 0.323354 0.0915492 0.342228 -0.251131 -0.905435 -0.442012 0.923594 0.267106 0.275007 0.490702 -0.02668 -0.99539 -0.0921223 0.391505 -0.150563 0.0951051 -0.984015 -0.491633 0.98824 -0.0123833 -0.152406 0.442718 
1530612684047 0.105863 -0.934413 0.340095 -0.00736661 0.562468 -0.225774 -0.795397 -0.416764 0.820014 0.275496 0.501677 0.477582 -0.0267919 -0.995387 -0.0921196 0.391598 -0.150909 0.0951239 -0.98396 -0.491652 0.988185 -0.0124606 -0.152761 0.442826 
1530612684242 0.0370831 -0.940091 0.3389 -0.105084 0.748834 -0.198424 -0.632358 -0.389445 0.66172 0.277229 0.696614 0.46362 -0.0269039 -0.995385 -0.0921167 0.391692 -0.151254 0.0951426 -0.983906 -0.491671 0.988129 -0.0125379 -0.153115 0.442934 
1530612684416 -0.0282759 -0.946763 0.320686 -0.202827 0.887792 -0.171219 -0.427212 -0.361402 0.459376 0.272623 0.84537 0.450036 -0.0270159 -0.995382 -0.0921139 0.391785 -0.151599 0.0951614 -0.983851 -0.49169 0.988073 -0.0126152 -0.15347 0.443042 
1530612684659 -0.086513 -0.954094 0.286741 -0.299717 0.970204 -0.14607 -0.193308 -0.333383 0.226319 0.261474 0.938302 0.436942 -0.027128 -0.995379 -0.0921108 0.391877 -0.151944 0.0951799 -0.983796 -0.491707 0.988017 -0.0126927 -0.153824 0.443149 
1530612684838 -0.134286 -0.96148 0.239841 -0.392654 0.990686 -0.124751 0.0545765 -0.306412 -0.0225538 0.244936 0.969277 0.424247 -0.0272403 -0.995376 -0.0921068 0.391966 -0.152286 0.0951977 -0.983741 -0.491721 0.987961 -0.0127707 -0.154176 0.443251 
1530612685037 -0.16965 -0.968028 0.184772 -0.471236 0.948415 -0.109418 0.297552 -0.284898 -0.267821 0.22572 0.936655 0.406288 -0.0273509 -0.995374 -0.0920986 0.392035 -0.152613 0.0952109 -0.983689 -0.491728 0.987908 -0.0128494 -0.154511 0.443321 
1530612685224 -0.16965 -0.968028 0.184772 -0.471236 0.948415 -0.109418 0.297552 -0.284898 -0.267821 0.22572 0.936655 0.406288 -0.0273288 -0.995388 -0.0919603 0.392009 -0.152599 0.0950707 -0.983705 -0.491747 0.98791 -0.0128504 -0.154493 0.443342 
1530612685235 0.283132 -0.929242 0.237372 0.203617 -0.111519 -0.277718 -0.954168 -0.479314 0.952575 0.243684 -0.18226 0.49655 -0.0275265 -0.995385 -0.0919343 0.392112 -0.152317 0.0950717 -0.983748 -0.491749 0.987948 -0.013076 -0.154231 0.443352 
1530612685479 0.235254 -0.927653 0.290025 0.18102 0.100547 -0.273571 -0.956582 -0.462713 0.966719 0.254201 0.0289137 0.496247 -0.0277246 -0.995381 -0.0919084 0.392216 -0.152035 0.095073 -0.983792 -0.49175 0.987986 -0.013302 -0.153969 0.443362 
1530612685705 0.172794 -0.930367 0.323357 0.0915249 0.342217 -0.251134 -0.905439 -0.442018 0.923596 0.267113 0.274993 0.490716 -0.0279229 -0.995378 -0.0918825 0.392319 -0.151753 0.095074 -0.983835 -0.491752 0.988024 -0.0135281 -0.153707 0.443372 
1530612685885 0.105865 -0.934413 0.340097 -0.00737829 0.562467 -0.225774 -0.795397 -0.416771 0.820014 0.275498 0.501674 0.477603 -0.0281209 -0.995375 -0.0918569 0.392423 -0.151471 0.0950752 -0.983879 -0.491753 0.988062 -0.0137538 -0.153444 0.443382 
1530612686066 0.0370845 -0.94009 0.338902 -0.105095 0.748833 -0.198425 -0.632358 -0.389451 0.66172 0.277232 0.696613 0.463644 -0.0283189 -0.995372 -0.0918313 0.392526 -0.15119 0.0950764 -0.983922 -0.491755 0.988099 -0.0139797 -0.153182 0.443392 
1530612686253 -0.0282748 -0.946762 0.32069 -0.202838 0.887792 -0.17122 -0.427211 -0.361408 0.459376 0.272627 0.845369 0.450063 -0.028517 -0.995369 -0.0918056 0.392629 -0.150908 0.0950773 -0.983965 -0.491756 0.988136 -0.0142056 -0.15292 0.443402 
1530612686462 -0.0865127 -0.954091 0.286751 -0.299729 0.970204 -0.146072 -0.193305 -0.333391 0.226317 0.261484 0.9383 0.436972 -0.0287148 -0.995365 -0.0917801 0.392732 -0.150626 0.0950783 -0.984008 -0.491758 0.988174 -0.0144311 -0.152658 0.443412 
1530612686620 -0.134288 -0.961479 0.239845 -0.392659 0.990686 -0.124752 0.0545779 -0.306418 -0.0225543 0.24494 0.969276 0.424251 -0.0289124 -0.995362 -0.0917547 0.392832 -0.150345 0.0950791 -0.984051 -0.491761 0.988211 -0.0146564 -0.152396 0.443425 
1530612686831 -0.169656 -0.968026 0.184777 -0.471241 0.948413 -0.109421 0.297557 -0.284909 -0.267825 0.225728 0.936652 0.406281 -0.0291012 -0.995358 -0.0917322 0.392914 -0.150073 0.0950816 -0.984092 -0.491769 0.988247 -0.0148717 -0.152144 0.443449 
1530612687013 -0.169656 -0.968026 0.184777 -0.471241 0.948413 -0.109421 0.297557 -0.284909 -0.267825 0.225728 0.936652 0.406281 -0.0290074 -0.995379 -0.0915395 0.392893 -0.150015 0.0948759 -0.984121 -0.491785 0.988258 -0.0148144 -0.152074 0.443524 
1530612687026 0.28315 -0.929236 0.237375 0.203606 -0.111524 -0.277726 -0.954165 -0.479294 0.952569 0.243699 -0.18227 0.496531 -0.0291309 -0.995375 -0.0915384 0.393005 -0.14969 0.0948887 -0.984169 -0.491797 0.988304 -0.0149674 -0.151762 0.443501 
1530612687243 0.235262 -0.927651 0.290026 0.181003 0.100538 -0.273574 -0.956582 -0.462711 0.966718 0.254206 0.0289031 0.496253 -0.0292554 -0.995372 -0.0915376 0.393117 -0.149365 0.0949018 -0.984217 -0.491809 0.988349 -0.0151212 -0.15145 0.443477 
1530612687424 0.172799 -0.930365 0.323358 0.0915121 0.342211 -0.251136 -0.905441 -0.442021 0.923597 0.267116 0.274985 0.490724 -0.0293798 -0.995368 -0.0915371 0.393229 -0.14904 0.0949152 -0.984265 -0.491821 0.988395 -0.0152748 -0.151138 0.443454 
1530612687600 0.105867 -0.934412 0.340097 -0.00738445 0.562466 -0.225774 -0.795398 -0.416774 0.820015 0.275499 0.501673 0.477614 -0.0295045 -0.995365 -0.0915359 0.393341 -0.148714 0.0949278 -0.984313 -0.491833 0.98844 -0.015429 -0.150826 0.443431 
1530612687795 0.0370853 -0.94009 0.338904 -0.105101 0.748833 -0.198425 -0.632358 -0.389454 0.66172 0.277233 0.696612 0.463657 -0.029629 -0.995361 -0.0915354 0.393453 -0.148389 0.0949409 -0.984361 -0.491844 0.988485 -0.0155828 -0.150514 0.443408 
1530612687993 -0.0282743 -0.946761 0.320693 -0.202845 0.887792 -0.171221 -0.42721 -0.361411 0.459375 0.27263 0.845368 0.450078 -0.0297537 -0.995357 -0.0915345 0.393565 -0.148064 0.0949536 -0.984409 -0.491856 0.98853 -0.0157369 -0.150202 0.443385 
1530612688188 -0.0865125 -0.954089 0.286756 -0.299735 0.970204 -0.146072 -0.193304 -0.333395 0.226316 0.261489 0.938299 0.436988 -0.0298781 -0.995354 -0.0915341 0.393676 -0.147739 0.0949667 -0.984456 -0.491867 0.988575 -0.0158905 -0.14989 0.443362 
1530612688390 -0.134289 -0.961478 0.239846 -0.392662 0.990686 -0.124753 0.0545786 -0.306421 -0.0225546 0.244942 0.969275 0.424254 -0.0300021 -0.99535 -0.0915337 0.393784 -0.147415 0.0949797 -0.984504 -0.491877 0.98862 -0.0160438 -0.149579 0.443343 
1530612688573 -0.169659 -0.968025 0.18478 -0.471244 0.948412 -0.109422 0.29756 -0.284915 -0.267826 0.225731 0.936651 0.406278 -0.0301195 -0.995346 -0.091536 0.393874 -0.147102 0.0949945 -0.984549 -0.491888 0.988663 -0.016189 -0.149279 0.443341 
1530612688771 -0.169659 -0.968025 0.18478 -0.471244 0.948412 -0.109422 0.29756 -0.284915 -0.267826 0.225731 0.936651 0.406278 -0.0300947 -0.995341 -0.0916012 0.393859 -0.147167 0.0950563 -0.984533 -0.491899 0.988654 -0.0161486 -0.149342 0.443316 
1530612688783 0.283159 -0.929232 0.237377 0.2036 -0.111526 -0.27773 -0.954163 -0.479284 0.952566 0.243706 -0.182276 0.496521 -0.0302683 -0.995327 -0.0916953 0.394005 -0.147316 0.0951777 -0.9845 -0.491916 0.988626 -0.016291 -0.149508 0.443367 
1530612688943 0.235265 -0.92765 0.290026 0.180994 0.100534 -0.273575 -0.956582 -0.46271 0.966718 0.254208 0.0288977 0.496256 -0.0304422 -0.995313 -0.0917903 0.394151 -0.147464 0.0953002 -0.984465 -0.491933 0.988599 -0.0164335 -0.149674 0.443418 
1530612689110 0.172802 -0.930365 0.323359 0.0915054 0.342208 -0.251137 -0.905441 -0.442023 0.923598 0.267118 0.274981 0.490728 -0.030616 -0.995299 -0.0918856 0.394296 -0.147613 0.095423 -0.984431 -0.491951 0.988571 -0.0165758 -0.149841 0.443469 
1530612689292 0.105867 -0.934412 0.340098 -0.00738763 0.562466 -0.225775 -0.795398 -0.416776 0.820015 0.2755 0.501673 0.47762 -0.0307898 -0.995285 -0.0919807 0.394442 -0.147762 0.0955457 -0.984397 -0.491968 0.988544 -0.0167182 -0.150007 0.44352 
1530612689449 0.0370857 -0.94009 0.338904 -0.105104 0.748833 -0.198425 -0.632358 -0.389455 0.66172 0.277234 0.696612 0.463663 -0.0309636 -0.99527 -0.0920761 0.394588 -0.147911 0.0956686 -0.984363 -0.491985 0.988516 -0.0168604 -0.150174 0.443571 
1530612689624 -0.028274 -0.946761 0.320694 -0.202848 0.887792 -0.171221 -0.42721 -0.361412 0.459375 0.272631 0.845368 0.450085 -0.0311376 -0.995256 -0.0921711 0.394733 -0.148059 0.0957912 -0.984328 -0.492001 0.988488 -0.0170028 -0.15034 0.443622 
1530612689845 -0.0865125 -0.954088 0.286759 -0.299738 0.970204 -0.146073 -0.193303 -0.333397 0.226316 0.261492 0.938298 0.436996 -0.0313117 -0.995242 -0.0922659 0.394877 -0.148208 0.0959137 -0.984294 -0.492016 0.98846 -0.0171454 -0.150506 0.443673 
1530612690019 -0.134289 -0.961478 0.239847 -0.392663 0.990685 -0.124753 0.054579 -0.306423 -0.0225547 0.244943 0.969275 0.424255 -0.0314852 -0.995228 -0.0923607 0.395016 -0.148355 0.0960362 -0.98426 -0.492028 0.988433 -0.0172874 -0.150671 0.44372 
1530612690189 -0.169661 -0.968024 0.184781 -0.471245 0.948411 -0.109423 0.297561 -0.284918 -0.267827 0.225733 0.93665 0.406276 -0.0316542 -0.995214 -0.0924522 0.395128 -0.148495 0.0961546 -0.984227 -0.492032 0.988406 -0.0174262 -0.150828 0.443752 
1530612690357 -0.169661 -0.968024 0.184781 -0.471245 0.948411 -0.109423 0.297561 -0.284918 -0.267827 0.225733 0.93665 0.406276 -0.0317373 -0.995212 -0.0924464 0.395109 -0.14843 0.0961603 -0.984237 -0.492023 0.988414 -0.0175152 -0.150771 0.443752 
1530612690369 0.283164 -0.929231 0.237378 0.203597 -0.111527 -0.277733 -0.954163 -0.479279 0.952565 0.24371 -0.182279 0.496517 -0.031959 -0.995201 -0.0924887 0.395268 -0.148639 0.0962393 -0.984197 -0.49204 0.988375 -0.0177065 -0.151001 0.443818 
1530612690578 0.235267 -0.92765 0.290026 0.180989 0.100532 -0.273576 -0.956582 -0.462709 0.966717 0.254209 0.0288948 0.496258 -0.032181 -0.99519 -0.0925307 0.395426 -0.148849 0.0963182 -0.984158 -0.492056 0.988336 -0.0178981 -0.151232 0.443883 
1530612690747 0.172803 -0.930364 0.32336 0.091502 0.342206 -0.251137 -0.905442 -0.442024 0.923598 0.267119 0.274979 0.49073 -0.032403 -0.995179 -0.0925728 0.395585 -0.149058 0.0963973 -0.984118 -0.492073 0.988297 -0.0180897 -0.151463 0.443949 
1530612690968 0.105867 -0.934412 0.340098 -0.00738927 0.562466 -0.225775 -0.795398 -0.416777 0.820015 0.2755 0.501673 0.477623 -0.0326252 -0.995167 -0.0926147 0.395744 -0.149268 0.0964763 -0.984079 -0.492089 0.988258 -0.0182814 -0.151694 0.444015 
1530612691181 0.0370859 -0.94009 0.338905 -0.105105 0.748833 -0.198426 -0.632358 -0.389456 0.66172 0.277235 0.696611 0.463667 -0.0328472 -0.995156 -0.0926567 0.395902 -0.149477 0.0965555 -0.984039 -0.492106 0.988219 -0.0184729 -0.151925 0.44408 
1530612691409 -0.0282738 -0.946761 0.320695 -0.20285 0.887792 -0.171221 -0.42721 -0.361413 0.459375 0.272631 0.845368 0.450089 -0.0330693 -0.995145 -0.0926986 0.396061 -0.149687 0.0966347 -0.984 -0.492121 0.98818 -0.0186644 -0.152156 0.444146 
1530612691605 -0.0865124 -0.954088 0.28676 -0.299739 0.970205 -0.146073 -0.193303 -0.333398 0.226316 0.261493 0.938298 0.437 -0.0332916 -0.995134 -0.0927403 0.396218 -0.149896 0.0967136 -0.98396 -0.492136 0.988141 -0.0188562 -0.152386 0.444211 
1530612691795 -0.134289 -0.961478 0.239848 -0.392664 0.990685 -0.124754 0.0545792 -0.306424 -0.0225548 0.244943 0.969275 0.424256 -0.0335135 -0.995122 -0.0927813 0.396369 -0.150104 0.0967921 -0.983921 -0.492147 0.988102 -0.0190478 -0.152615 0.444272 
1530612692002 -0.169662 -0.968024 0.184782 -0.471246 0.948411 -0.109424 0.297562 -0.284919 -0.267828 0.225734 0.93665 0.406275 -0.0337292 -0.995111 -0.0928196 0.39649 -0.150301 0.0968667 -0.983883 -0.492154 0.988065 -0.0192348 -0.152833 0.444313 
1530612692183 -0.169662 -0.968024 0.184782 -0.471246 0.948411 -0.109424 0.297562 -0.284919 -0.267828 0.225734 0.93665 0.406275 -0.0336811 -0.99511 -0.0928562 0.39647 -0.150256 0.0968947 -0.983887 -0.492164 0.988073 -0.0191862 -0.152785 0.444296 
1530612692195 0.283167 -0.92923 0.237378 0.203595 -0.111528 -0.277734 -0.954162 -0.479276 0.952564 0.243713 -0.18228 0.496514 -0.0340822 -0.995088 -0.0929395 0.396737 -0.150238 0.097038 -0.983876 -0.49219 0.988062 -0.0195696 -0.152807 0.444367 
1530612692406 0.235268 -0.927649 0.290026 0.180986 0.100531 -0.273576 -0.956582 -0.462709 0.966717 0.25421 0.0288934 0.496259 -0.0344831 -0.995067 -0.0930226 0.397005 -0.15022 0.0971811 -0.983865 -0.492216 0.988051 -0.0199529 -0.15283 0.444439 
1530612692412 0.172804 -0.930364 0.32336 0.0915002 0.342206 -0.251137 -0.905442 -0.442024 0.923598 0.26712 0.274978 0.490731 -0.034884 -0.995045 -0.0931058 0.397272 -0.150201 0.0973243 -0.983853 -0.492242 0.98804 -0.0203362 -0.152852 0.44451 
1530612692703 0.105868 -0.934412 0.340098 -0.00739012 0.562466 -0.225775 -0.795398 -0.416777 0.820015 0.2755 0.501672 0.477625 -0.0352849 -0.995023 -0.0931891 0.397539 -0.150183 0.0974677 -0.983842 -0.492268 0.988028 -0.0207193 -0.152875 0.444582 
1530612692930 0.037086 -0.940089 0.338905 -0.105106 0.748833 -0.198426 -0.632358 -0.389456 0.66172 0.277235 0.696611 0.463668 -0.0356859 -0.995001 -0.0932721 0.397806 -0.150164 0.0976106 -0.983831 -0.492294 0.988017 -0.0211028 -0.152897 0.444653 
1530612693129 -0.0282738 -0.94676 0.320695 -0.20285 0.887792 -0.171221 -0.42721 -0.361414 0.459375 0.272632 0.845368 0.450091 -0.0360868 -0.994979 -0.0933552 0.398073 -0.150145 0.0977538 -0.983819 -0.492319 0.988005 -0.021486 -0.152919 0.444725 
1530612693337 -0.0865124 -0.954088 0.286761 -0.29974 0.970205 -0.146073 -0.193302 -0.333398 0.226315 0.261494 0.938298 0.437002 -0.036488 -0.994956 -0.0934378 0.398337 -0.150126 0.0978964 -0.983808 -0.492343 0.987993 -0.0218698 -0.152941 0.444796 
1530612693536 -0.134289 -0.961478 0.239848 -0.392664 0.990685 -0.124754 0.0545793 -0.306424 -0.0225549 0.244943 0.969275 0.424256 -0.0368877 -0.994934 -0.0935208 0.398593 -0.150106 0.0980392 -0.983797 -0.492362 0.987981 -0.0222519 -0.152962 0.444865 
1530612693732 -0.169662 -0.968024 0.184782 -0.471246 0.948411 -0.109424 0.297563 -0.28492 -0.267828 0.225735 0.936649 0.406275 -0.0372745 -0.994912 -0.0936019 0.398799 -0.150083 0.0981781 -0.983787 -0.492378 0.98797 -0.0226221 -0.152979 0.444923 
1530612693993 -0.169662 -0.968024 0.184782 -0.471246 0.948411 -0.109424 0.297563 -0.28492 -0.267828 0.225735 0.936649 0.406275 -0.037292 -0.994928 -0.0934195 0.398819 -0.150009 0.0979987 -0.983816 -0.492378 0.987981 -0.0226747 -0.152903 0.445002 
1530612694004 0.283168 -0.929229 0.237379 0.203595 -0.111528 -0.277734 -0.954162 -0.479275 0.952564 0.243714 -0.182281 0.496513 -0.0376683 -0.994897 -0.0936031 0.399091 -0.149985 0.0982373 -0.983796 -0.492418 0.98797 -0.0230189 -0.15292 0.445061 
1530612694182 0.235269 -0.927649 0.290026 0.180985 0.10053 -0.273576 -0.956582 -0.462709 0.966717 0.25421 0.0288926 0.496259 -0.0380447 -0.994865 -0.093787 0.399363 -0.149961 0.0984763 -0.983776 -0.492457 0.98796 -0.0233631 -0.152937 0.445121 
1530612694379 0.172804 -0.930364 0.32336 0.0914993 0.342205 -0.251137 -0.905442 -0.442025 0.923599 0.26712 0.274978 0.490731 -0.0384212 -0.994833 -0.093971 0.399636 -0.149936 0.0987152 -0.983755 -0.492497 0.987949 -0.0237073 -0.152955 0.44518 
1530612694588 0.105868 -0.934412 0.340098 -0.00739056 0.562466 -0.225775 -0.795398 -0.416777 0.820015 0.275501 0.501672 0.477625 -0.0387979 -0.994801 -0.0941545 0.399908 -0.149912 0.0989538 -0.983735 -0.492536 0.987938 -0.024052 -0.152972 0.44524 
1530612694787 0.037086 -0.940089 0.338905 -0.105107 0.748833 -0.198426 -0.632358 -0.389457 0.66172 0.277235 0.696611 0.463669 -0.0391745 -0.994769 -0.0943384 0.40018 -0.149888 0.0991927 -0.983715 -0.492575 0.987927 -0.0243963 -0.152989 0.445299 
1530612695023 -0.0282737 -0.94676 0.320695 -0.202851 0.887792 -0.171221 -0.42721 -0.361414 0.459375 0.272632 0.845368 0.450092 -0.0395512 -0.994737 -0.094522 0.400451 -0.149863 0.0994314 -0.983694 -0.492613 0.987915 -0.024741 -0.153007 0.445359 
1530612695029 -0.0865124 -0.954088 0.286762 -0.299741 0.970205 -0.146073 -0.193302 -0.333399 0.226315 0.261494 0.938297 0.437004 -0.039928 -0.994704 -0.0947055 0.40072 -0.149838 0.0996699 -0.983674 -0.492649 0.987904 -0.0250857 -0.153024 0.445418 
1530612695225 -0.13429 -0.961478 0.239848 -0.392664 0.990685 -0.124754 0.0545793 -0.306425 -0.0225549 0.244943 0.969275 0.424256 -0.0403041 -0.994672 -0.0948885 0.400979 -0.149812 0.0999079 -0.983654 -0.492679 0.987893 -0.0254299 -0.15304 0.445475 
1530612695500 -0.169662 -0.968024 0.184783 -0.471246 0.948411 -0.109424 0.297563 -0.28492 -0.267828 0.225735 0.936649 0.406275 -0.0406686 -0.99464 -0.0950686 0.401188 -0.149782 0.100141 -0.983635 -0.492699 0.987882 -0.0257634 -0.153052 0.44552 
1530612695702 -0.169662 -0.968024 0.184783 -0.471246 0.948411 -0.109424 0.297563 -0.28492 -0.267828 0.225735 0.936649 0.406275 -0.040847 -0.994636 -0.0950309 0.401092 -0.149937 0.100135 -0.983612 -0.492757 0.987851 -0.0259289 -0.153223 0.445462 
1530612695714 0.283169 -0.929229 0.237379 0.203594 -0.111529 -0.277735 -0.954162 -0.479274 0.952563 0.243714 -0.182281 0.496512 -0.0410851 -0.994649 -0.0947878 0.401369 -0.149732 0.0999258 -0.983664 -0.49279 0.987873 -0.0262212 -0.153036 0.445501 
1530612695911 0.235269 -0.927649 0.290026 0.180985 0.10053 -0.273576 -0.956582 -0.462709 0.966717 0.254211 0.0288922 0.49626 -0.0413229 -0.994663 -0.0945447 0.401646 -0.149526 0.0997162 -0.983717 -0.492822 0.987894 -0.0265132 -0.152848 0.445539 
1530612695918 0.172805 -0.930364 0.32336 0.0914989 0.342205 -0.251137 -0.905442 -0.442025 0.923599 0.26712 0.274977 0.490731 -0.0415605 -0.994676 -0.0943023 0.401923 -0.149321 0.0995073 -0.983769 -0.492854 0.987915 -0.0268046 -0.152661 0.445578 
1530612696159 0.105868 -0.934412 0.340098 -0.00739079 0.562466 -0.225775 -0.795398 -0.416778 0.820015 0.275501 0.501672 0.477626 -0.0417982 -0.994689 -0.0940597 0.4022 -0.149115 0.0992981 -0.983821 -0.492887 0.987936 -0.0270962 -0.152473 0.445617 
1530612696388 0.0370861 -0.940089 0.338905 -0.105107 0.748833 -0.198426 -0.632358 -0.389457 0.66172 0.277235 0.696611 0.46367 -0.0420358 -0.994702 -0.0938173 0.402477 -0.14891 0.099089 -0.983874 -0.492919 0.987957 -0.0273876 -0.152286 0.445655 
1530612696572 -0.0282737 -0.94676 0.320695 -0.202851 0.887792 -0.171221 -0.42721 -0.361414 0.459375 0.272632 0.845368 0.450092 -0.0422734 -0.994714 -0.0935751 0.402753 -0.148705 0.0988799 -0.983926 -0.49295 0.987978 -0.0276788 -0.152099 0.445694 
1530612696745 -0.0865124 -0.954088 0.286762 -0.299741 0.970205 -0.146073 -0.193302 -0.333399 0.226315 0.261495 0.938297 0.437004 -0.0425116 -0.994727 -0.0933323 0.403028 -0.148499 0.0986701 -0.983978 -0.49298 0.987998 -0.0279707 -0.151911 0.445734 
1530612696962 -0.13429 -0.961478 0.239848 -0.392664 0.990685 -0.124754 0.0545794 -0.306425 -0.0225549 0.244944 0.969275 0.424256 -0.0427474 -0.99474 -0.0930902 0.403293 -0.148295 0.0984607 -0.98403 -0.493005 0.988019 -0.0282599 -0.151724 0.445775 
1530612696968 -0.169662 -0.968024 0.184783 -0.471246 0.948411 -0.109424 0.297563 -0.284921 -0.267828 0.225735 0.936649 0.406274 -0.0429733 -0.994752 -0.0928513 0.403512 -0.148096 0.0982529 -0.98408 -0.493026 0.988039 -0.0285382 -0.151541 0.445823 
1530612697355 -0.169662 -0.968024 0.184783 -0.471246 0.948411 -0.109424 0.297563 -0.284921 -0.267828 0.225735 0.936649 0.406274 -0.0427791 -0.994732 -0.0931538 0.403225 -0.148314 0.0985289 -0.98402 -0.493009 0.988015 -0.0282795 -0.151747 0.445795 
1530612697633 0.283169 -0.929229 0.237379 0.203594 -0.111529 -0.277735 -0.954162 -0.479273 0.952563 0.243714 -0.182282 0.496512 -0.0432159 -0.994693 -0.0933722 0.403543 -0.148447 0.0988153 -0.983971 -0.493045 0.987976 -0.0286624 -0.15193 0.44587 
