1533551736520 0.102951 0.944327 -0.312487 -0.60388 -0.95883 0.177805 0.221429 -0.226306 0.264663 0.276825 0.923754 0.380693 1 0 0 0 0 1 0 0 0 0 1 1.306 
1533551736533 0.102857 0.944323 -0.312529 -0.603878 -0.958766 0.177805 0.221706 -0.226311 0.264932 0.276838 0.923673 0.380727 0.313239 -0.3866 0.867422 0.386189 -0.93126 -0.304042 0.200784 -0.500185 0.18611 -0.870689 -0.455263 0.505382 
1533551736715 0.102762 0.944319 -0.312572 -0.603876 -0.958702 0.177804 0.221984 -0.226316 0.265201 0.276851 0.923592 0.380761 0.316244 -0.384866 0.867103 0.400216 -0.929998 -0.306258 0.203249 -0.504049 0.187334 -0.87068 -0.454777 0.486145 
1533551737001 0.102667 0.944316 -0.312614 -0.603875 -0.958637 0.177803 0.222262 -0.226322 0.265469 0.276865 0.923511 0.380794 0.316258 -0.384857 0.867102 0.400836 -0.929992 -0.306267 0.203261 -0.504368 0.187338 -0.870681 -0.454774 0.485921 
1533551737156 0.102571 0.944312 -0.312656 -0.603873 -0.958573 0.177802 0.22254 -0.226327 0.265738 0.276878 0.923429 0.380828 0.316239 -0.384881 0.867098 0.400855 -0.93 -0.306257 0.203241 -0.504361 0.187331 -0.870674 -0.454789 0.485943 
1533551737303 0.102476 0.944308 -0.312699 -0.603871 -0.958509 0.177801 0.222818 -0.226332 0.266007 0.276891 0.923348 0.380862 0.316214 -0.384899 0.867099 0.400827 -0.930009 -0.306245 0.203216 -0.504329 0.187327 -0.87067 -0.454799 0.48594 
1533551737413 0.102381 0.944305 -0.312741 -0.603869 -0.958444 0.1778 0.223095 -0.226337 0.266275 0.276904 0.923267 0.380896 0.3162 -0.384907 0.867101 0.400798 -0.930014 -0.306239 0.203202 -0.504306 0.187326 -0.870669 -0.454801 0.485922 
1533551737543 0.102285 0.944301 -0.312783 -0.603867 -0.95838 0.177799 0.223373 -0.226342 0.266544 0.276917 0.923185 0.38093 0.316197 -0.384904 0.867103 0.400778 -0.930014 -0.30624 0.2032 -0.504292 0.187329 -0.87067 -0.454799 0.485903 
1533551737580 0.10219 0.944297 -0.312825 -0.603866 -0.958315 0.177798 0.223651 -0.226348 0.266813 0.27693 0.923104 0.380963 0.316201 -0.384895 0.867106 0.400765 -0.930012 -0.306246 0.203202 -0.504277 0.187337 -0.870672 -0.454792 0.485883 
1533551737728 0.102095 0.944294 -0.312867 -0.603864 -0.958251 0.177797 0.223928 -0.226352 0.267081 0.276943 0.923022 0.380997 0.316123 -0.384928 0.86712 0.40068 -0.93004 -0.30621 0.20313 -0.504145 0.18733 -0.87067 -0.454798 0.485852 
1533551737899 0.101981 0.944301 -0.312882 -0.60387 -0.958266 0.177691 0.223948 -0.226261 0.26707 0.276985 0.923013 0.380958 1 0 0 0 0 1 0 0 0 0 1 1.306 
1533551737910 0.101985 0.9443 -0.312885 -0.603869 -0.958257 0.177704 0.223974 -0.226271 0.267099 0.276982 0.923005 0.380965 0.313239 -0.3866 0.867422 0.386189 -0.93126 -0.304042 0.200784 -0.500185 0.18611 -0.870689 -0.455263 0.505382 
1533551737927 0.101988 0.944299 -0.312887 -0.603868 -0.958249 0.177716 0.224 -0.226281 0.267128 0.276979 0.922998 0.380973 0.316244 -0.384866 0.867103 0.400216 -0.929998 -0.306258 0.203249 -0.504049 0.187334 -0.87068 -0.454777 0.486145 
1533551737944 0.101992 0.944297 -0.31289 -0.603868 -0.95824 0.177729 0.224026 -0.22629 0.267157 0.276975 0.922991 0.38098 0.316258 -0.384857 0.867102 0.400836 -0.929992 -0.306267 0.203261 -0.504368 0.187338 -0.870681 -0.454774 0.485921 
1533551737960 0.101996 0.944296 -0.312892 -0.603867 -0.958232 0.177741 0.224052 -0.2263 0.267185 0.276971 0.922984 0.380987 0.316239 -0.384881 0.867098 0.400855 -0.93 -0.306257 0.203241 -0.504361 0.187331 -0.870674 -0.454789 0.485943 
1533551737977 0.102 0.944295 -0.312895 -0.603866 -0.958224 0.177753 0.224078 -0.22631 0.267214 0.276968 0.922977 0.380994 0.316214 -0.384899 0.867099 0.400827 -0.930009 -0.306245 0.203216 -0.504329 0.187327 -0.87067 -0.454799 0.48594 
1533551737993 0.102004 0.944294 -0.312898 -0.603865 -0.958215 0.177766 0.224104 -0.22632 0.267242 0.276964 0.922969 0.381002 0.3162 -0.384907 0.867101 0.400798 -0.930014 -0.306239 0.203202 -0.504306 0.187326 -0.870669 -0.454801 0.485922 
1533551738010 0.102008 0.944292 -0.3129 -0.603864 -0.958207 0.177778 0.22413 -0.22633 0.267271 0.27696 0.922962 0.381009 0.316197 -0.384904 0.867103 0.400778 -0.930014 -0.30624 0.2032 -0.504292 0.187329 -0.87067 -0.454799 0.485903 
1533551738086 0.102012 0.944291 -0.312903 -0.603864 -0.958199 0.177791 0.224156 -0.226339 0.267299 0.276957 0.922955 0.381016 0.316201 -0.384895 0.867106 0.400765 -0.930012 -0.306246 0.203202 -0.504277 0.187337 -0.870672 -0.454792 0.485883 
1533551738146 0.102016 0.94429 -0.312905 -0.603863 -0.95819 0.177803 0.224181 -0.226349 0.267328 0.276953 0.922948 0.381024 0.316123 -0.384928 0.86712 0.40068 -0.93004 -0.30621 0.20313 -0.504145 0.18733 -0.87067 -0.454798 0.485852 
1533551738358 0.101918 0.944298 -0.312912 -0.603864 -0.958183 0.177732 0.224268 -0.226276 0.26739 0.27697 0.922925 0.381032 1 0 0 0 0 1 0 0 0 0 1 1.306 
1533551738370 0.102 0.944248 -0.313036 -0.60386 -0.958216 0.177795 0.224078 -0.226275 0.267242 0.2771 0.922929 0.381028 0.313239 -0.3866 0.867422 0.386189 -0.93126 -0.304042 0.200784 -0.500185 0.18611 -0.870689 -0.455263 0.505382 
1533551738557 0.102082 0.944199 -0.313159 -0.603856 -0.958249 0.177857 0.223888 -0.226274 0.267092 0.277229 0.922933 0.381023 0.316244 -0.384866 0.867103 0.400216 -0.929998 -0.306258 0.203249 -0.504049 0.187334 -0.87068 -0.454777 0.486145 
1533551738823 0.102164 0.944149 -0.313281 -0.603852 -0.958282 0.177919 0.223698 -0.226273 0.266943 0.277358 0.922938 0.381019 0.316258 -0.384857 0.867102 0.400836 -0.929992 -0.306267 0.203261 -0.504368 0.187338 -0.870681 -0.454774 0.485921 
1533551738957 0.102245 0.944099 -0.313404 -0.603848 -0.958315 0.177981 0.223508 -0.226272 0.266794 0.277487 0.922942 0.381014 0.316239 -0.384881 0.867098 0.400855 -0.93 -0.306257 0.203241 -0.504361 0.187331 -0.870674 -0.454789 0.485943 
1533551739106 0.102327 0.94405 -0.313526 -0.603844 -0.958347 0.178042 0.223319 -0.226271 0.266645 0.277616 0.922946 0.38101 0.316214 -0.384899 0.867099 0.400827 -0.930009 -0.306245 0.203216 -0.504329 0.187327 -0.87067 -0.454799 0.48594 
1533551739254 0.102409 0.944 -0.313649 -0.60384 -0.95838 0.178105 0.223128 -0.22627 0.266496 0.277745 0.922951 0.381006 0.3162 -0.384907 0.867101 0.400798 -0.930014 -0.306239 0.203202 -0.504306 0.187326 -0.870669 -0.454801 0.485922 
1533551739392 0.102491 0.943951 -0.313772 -0.603836 -0.958413 0.178166 0.222939 -0.226269 0.266347 0.277874 0.922955 0.381001 0.316197 -0.384904 0.867103 0.400778 -0.930014 -0.30624 0.2032 -0.504292 0.187329 -0.87067 -0.454799 0.485903 
1533551739477 0.102573 0.943901 -0.313894 -0.603832 -0.958446 0.178228 0.222749 -0.226268 0.266197 0.278003 0.922959 0.380997 0.316201 -0.384895 0.867106 0.400765 -0.930012 -0.306246 0.203202 -0.504277 0.187337 -0.870672 -0.454792 0.485883 
1533551739579 0.102654 0.943852 -0.314016 -0.60383 -0.958478 0.17829 0.222559 -0.226268 0.266049 0.278131 0.922963 0.380992 0.316123 -0.384928 0.86712 0.40068 -0.93004 -0.30621 0.20313 -0.504145 0.18733 -0.87067 -0.454798 0.485852 
1533551739713 0.102564 0.943847 -0.31406 -0.603847 -0.958452 0.178253 0.2227 -0.226259 0.266176 0.278171 0.922915 0.380997 1 0 0 0 0 1 0 0 0 0 1 1.306 
1533551739724 0.102682 0.943875 -0.313936 -0.603855 -0.958515 0.178255 0.222429 -0.226246 0.265906 0.278073 0.923022 0.380962 0.313239 -0.3866 0.867422 0.386189 -0.93126 -0.304042 0.200784 -0.500185 0.18611 -0.870689 -0.455263 0.505382 
1533551740045 0.102801 0.943904 -0.313812 -0.603864 -0.958577 0.178257 0.222157 -0.226233 0.265634 0.277975 0.92313 0.380928 0.316244 -0.384866 0.867103 0.400216 -0.929998 -0.306258 0.203249 -0.504049 0.187334 -0.87068 -0.454777 0.486145 
1533551740236 0.102919 0.943932 -0.313688 -0.603872 -0.95864 0.17826 0.221885 -0.226221 0.265363 0.277878 0.923237 0.380893 0.316258 -0.384857 0.867102 0.400836 -0.929992 -0.306267 0.203261 -0.504368 0.187338 -0.870681 -0.454774 0.485921 
1533551740500 0.103038 0.94396 -0.313564 -0.60388 -0.958702 0.178263 0.221613 -0.226208 0.265091 0.27778 0.923345 0.380859 0.316239 -0.384881 0.867098 0.400855 -0.93 -0.306257 0.203241 -0.504361 0.187331 -0.870674 -0.454789 0.485943 
1533551740656 0.103157 0.943988 -0.31344 -0.603889 -0.958764 0.178265 0.221342 -0.226195 0.26482 0.277683 0.923452 0.380824 0.316214 -0.384899 0.867099 0.400827 -0.930009 -0.306245 0.203216 -0.504329 0.187327 -0.87067 -0.454799 0.48594 
1533551740817 0.103275 0.944016 -0.313317 -0.603897 -0.958827 0.178268 0.22107 -0.226182 0.264548 0.277585 0.923559 0.380789 0.3162 -0.384907 0.867101 0.400798 -0.930014 -0.306239 0.203202 -0.504306 0.187326 -0.870669 -0.454801 0.485922 
1533551740954 0.103394 0.944045 -0.313192 -0.603905 -0.958889 0.178271 0.220798 -0.226169 0.264276 0.277487 0.923666 0.380755 0.316197 -0.384904 0.867103 0.400778 -0.930014 -0.30624 0.2032 -0.504292 0.187329 -0.87067 -0.454799 0.485903 
1533551741101 0.103513 0.944073 -0.313069 -0.603913 -0.958951 0.178274 0.220526 -0.226157 0.264005 0.27739 0.923773 0.38072 0.316201 -0.384895 0.867106 0.400765 -0.930012 -0.306246 0.203202 -0.504277 0.187337 -0.870672 -0.454792 0.485883 
1533551741227 0.103631 0.944101 -0.312945 -0.60392 -0.959013 0.178277 0.220255 -0.226145 0.263733 0.277292 0.92388 0.380687 0.316123 -0.384928 0.86712 0.40068 -0.93004 -0.30621 0.20313 -0.504145 0.18733 -0.87067 -0.454798 0.485852 
1533551741384 0.103685 0.944082 -0.312985 -0.603916 -0.958962 0.178384 0.220389 -0.226175 0.263897 0.277289 0.923834 0.380704 1 0 0 0 0 1 0 0 0 0 1 1.306 
1533551741396 0.103591 0.944101 -0.312957 -0.603916 -0.958902 0.178362 0.220666 -0.226197 0.26415 0.277236 0.923777 0.380699 0.313239 -0.3866 0.867422 0.386189 -0.93126 -0.304042 0.200784 -0.500185 0.18611 -0.870689 -0.455263 0.505382 
1533551741662 0.103496 0.944121 -0.312929 -0.603915 -0.958842 0.178341 0.220943 -0.226219 0.264405 0.277183 0.923721 0.380693 0.316244 -0.384866 0.867103 0.400216 -0.929998 -0.306258 0.203249 -0.504049 0.187334 -0.87068 -0.454777 0.486145 
1533551742007 0.103401 0.944141 -0.312901 -0.603914 -0.958783 0.17832 0.22122 -0.226241 0.264659 0.277129 0.923664 0.380688 0.316258 -0.384857 0.867102 0.400836 -0.929992 -0.306267 0.203261 -0.504368 0.187338 -0.870681 -0.454774 0.485921 
1533551742205 0.103307 0.94416 -0.312873 -0.603914 -0.958723 0.178299 0.221496 -0.226263 0.264913 0.277076 0.923607 0.380682 0.316239 -0.384881 0.867098 0.400855 -0.93 -0.306257 0.203241 -0.504361 0.187331 -0.870674 -0.454789 0.485943 
1533551742319 0.103212 0.944179 -0.312846 -0.603914 -0.958663 0.178278 0.221773 -0.226285 0.265167 0.277024 0.92355 0.380677 0.316214 -0.384899 0.867099 0.400827 -0.930009 -0.306245 0.203216 -0.504329 0.187327 -0.87067 -0.454799 0.48594 
1533551742484 0.103117 0.944199 -0.312817 -0.603913 -0.958602 0.178256 0.22205 -0.226306 0.265421 0.27697 0.923493 0.380672 0.3162 -0.384907 0.867101 0.400798 -0.930014 -0.306239 0.203202 -0.504306 0.187326 -0.870669 -0.454801 0.485922 
1533551742679 0.103023 0.944219 -0.31279 -0.603912 -0.958542 0.178235 0.222326 -0.226328 0.265675 0.276917 0.923436 0.380666 0.316197 -0.384904 0.867103 0.400778 -0.930014 -0.30624 0.2032 -0.504292 0.187329 -0.87067 -0.454799 0.485903 
1533551742835 0.102928 0.944238 -0.312762 -0.603912 -0.958482 0.178214 0.222603 -0.22635 0.265929 0.276864 0.923379 0.380661 0.316201 -0.384895 0.867106 0.400765 -0.930012 -0.306246 0.203202 -0.504277 0.187337 -0.870672 -0.454792 0.485883 
1533551742955 0.102834 0.944258 -0.312734 -0.603911 -0.958422 0.178193 0.222879 -0.22637 0.266182 0.276812 0.923321 0.380656 0.316123 -0.384928 0.86712 0.40068 -0.93004 -0.30621 0.20313 -0.504145 0.18733 -0.87067 -0.454798 0.485852 
1533551743150 0.102908 0.944209 -0.312855 -0.603903 -0.958425 0.178278 0.222796 -0.22641 0.266141 0.276921 0.9233 0.380617 1 0 0 0 0 1 0 0 0 0 1 1.306 
1533551743162 0.102801 0.944177 -0.312987 -0.603893 -0.958398 0.17825 0.222934 -0.22642 0.266279 0.277049 0.923222 0.380645 0.313239 -0.3866 0.867422 0.386189 -0.93126 -0.304042 0.200784 -0.500185 0.18611 -0.870689 -0.455263 0.505382 
1533551743348 0.102692 0.944145 -0.313121 -0.603883 -0.958371 0.178221 0.223073 -0.22643 0.266418 0.277178 0.923143 0.380673 0.316244 -0.384866 0.867103 0.400216 -0.929998 -0.306258 0.203249 -0.504049 0.187334 -0.87068 -0.454777 0.486145 
1533551743479 0.102585 0.944113 -0.313253 -0.603873 -0.958345 0.178192 0.223212 -0.226441 0.266556 0.277306 0.923065 0.380702 0.316258 -0.384857 0.867102 0.400836 -0.929992 -0.306267 0.203261 -0.504368 0.187338 -0.870681 -0.454774 0.485921 
1533551743603 0.102476 0.94408 -0.313386 -0.603863 -0.958318 0.178163 0.22335 -0.226451 0.266694 0.277435 0.922986 0.38073 0.316239 -0.384881 0.867098 0.400855 -0.93 -0.306257 0.203241 -0.504361 0.187331 -0.870674 -0.454789 0.485943 
1533551743690 0.102369 0.944048 -0.313518 -0.603853 -0.958291 0.178134 0.223489 -0.226461 0.266833 0.277564 0.922908 0.380758 0.316214 -0.384899 0.867099 0.400827 -0.930009 -0.306245 0.203216 -0.504329 0.187327 -0.87067 -0.454799 0.48594 
1533551743832 0.102261 0.944016 -0.313651 -0.603843 -0.958264 0.178105 0.223628 -0.226471 0.266971 0.277692 0.922829 0.380786 0.3162 -0.384907 0.867101 0.400798 -0.930014 -0.306239 0.203202 -0.504306 0.187326 -0.870669 -0.454801 0.485922 
1533551743949 0.102152 0.943983 -0.313784 -0.603833 -0.958237 0.178076 0.223766 -0.226481 0.267109 0.277821 0.92275 0.380814 0.316197 -0.384904 0.867103 0.400778 -0.930014 -0.30624 0.2032 -0.504292 0.187329 -0.87067 -0.454799 0.485903 
1533551743955 0.102044 0.943951 -0.313916 -0.603823 -0.95821 0.178047 0.223905 -0.226492 0.267247 0.277949 0.922672 0.380843 0.316201 -0.384895 0.867106 0.400765 -0.930012 -0.306246 0.203202 -0.504277 0.187337 -0.870672 -0.454792 0.485883 
1533551744119 0.101937 0.943919 -0.314048 -0.603815 -0.958183 0.178018 0.224043 -0.226502 0.267385 0.278078 0.922593 0.38087 0.316123 -0.384928 0.86712 0.40068 -0.93004 -0.30621 0.20313 -0.504145 0.18733 -0.87067 -0.454798 0.485852 
1533551744282 0.10211 0.943945 -0.313912 -0.603823 -0.958137 0.178175 0.224113 -0.226515 0.267482 0.277886 0.922623 0.380946 1 0 0 0 0 1 0 0 0 0 1 1.306 
1533551744294 0.102077 0.943928 -0.313975 -0.60382 -0.958134 0.178167 0.224135 -0.226514 0.267507 0.277951 0.922596 0.380943 0.313239 -0.3866 0.867422 0.386189 -0.93126 -0.304042 0.200784 -0.500185 0.18611 -0.870689 -0.455263 0.505382 
1533551744311 0.102044 0.94391 -0.31404 -0.603817 -0.95813 0.178159 0.224158 -0.226513 0.267534 0.278017 0.922568 0.38094 0.316244 -0.384866 0.867103 0.400216 -0.929998 -0.306258 0.203249 -0.504049 0.187334 -0.87068 -0.454777 0.486145 
1533551744327 0.102011 0.943892 -0.314104 -0.603814 -0.958126 0.178151 0.22418 -0.226511 0.26756 0.278083 0.922541 0.380936 0.316258 -0.384857 0.867102 0.400836 -0.929992 -0.306267 0.203261 -0.504368 0.187338 -0.870681 -0.454774 0.485921 
1533551744344 0.101978 0.943874 -0.314169 -0.603811 -0.958122 0.178143 0.224203 -0.22651 0.267586 0.278148 0.922514 0.380933 0.316239 -0.384881 0.867098 0.400855 -0.93 -0.306257 0.203241 -0.504361 0.187331 -0.870674 -0.454789 0.485943 
1533551744561 0.101945 0.943856 -0.314233 -0.603809 -0.958118 0.178136 0.224225 -0.226509 0.267613 0.278214 0.922486 0.38093 0.316214 -0.384899 0.867099 0.400827 -0.930009 -0.306245 0.203216 -0.504329 0.187327 -0.87067 -0.454799 0.48594 
1533551744688 0.101912 0.943838 -0.314298 -0.603806 -0.958114 0.178128 0.224248 -0.226508 0.267639 0.278279 0.922459 0.380927 0.3162 -0.384907 0.867101 0.400798 -0.930014 -0.306239 0.203202 -0.504306 0.187326 -0.870669 -0.454801 0.485922 
1533551744863 0.101879 0.943821 -0.314362 -0.603803 -0.958111 0.17812 0.224271 -0.226507 0.267665 0.278345 0.922431 0.380924 0.316197 -0.384904 0.867103 0.400778 -0.930014 -0.30624 0.2032 -0.504292 0.187329 -0.87067 -0.454799 0.485903 
1533551744870 0.101846 0.943803 -0.314426 -0.6038 -0.958107 0.178112 0.224293 -0.226505 0.267692 0.27841 0.922404 0.38092 0.316201 -0.384895 0.867106 0.400765 -0.930012 -0.306246 0.203202 -0.504277 0.187337 -0.870672 -0.454792 0.485883 
1533551745039 0.101813 0.943785 -0.314491 -0.603798 -0.958103 0.178104 0.224315 -0.226504 0.267718 0.278476 0.922376 0.380917 0.316123 -0.384928 0.86712 0.40068 -0.93004 -0.30621 0.20313 -0.504145 0.18733 -0.87067 -0.454798 0.485852 
1533551745245 0.10182 0.943766 -0.314546 -0.603801 -0.958078 0.178149 0.224387 -0.226483 0.267805 0.278512 0.92234 0.380884 1 0 0 0 0 1 0 0 0 0 1 1.306 
1533551745257 0.101925 0.943794 -0.314427 -0.603808 -0.958135 0.178147 0.224144 -0.226464 0.26756 0.278418 0.92244 0.380868 0.313239 -0.3866 0.867422 0.386189 -0.93126 -0.304042 0.200784 -0.500185 0.18611 -0.870689 -0.455263 0.505382 
1533551745545 0.102029 0.943822 -0.314308 -0.603816 -0.958192 0.178146 0.223901 -0.226445 0.267315 0.278323 0.922539 0.380852 0.316244 -0.384866 0.867103 0.400216 -0.929998 -0.306258 0.203249 -0.504049 0.187334 -0.87068 -0.454777 0.486145 
1533551745771 0.102134 0.94385 -0.31419 -0.603823 -0.958249 0.178143 0.223659 -0.226426 0.267071 0.278229 0.922638 0.380836 0.316258 -0.384857 0.867102 0.400836 -0.929992 -0.306267 0.203261 -0.504368 0.187338 -0.870681 -0.454774 0.485921 
1533551745937 0.102239 0.943878 -0.314071 -0.603831 -0.958306 0.178142 0.223416 -0.226407 0.266826 0.278135 0.922738 0.38082 0.316239 -0.384881 0.867098 0.400855 -0.93 -0.306257 0.203241 -0.504361 0.187331 -0.870674 -0.454789 0.485943 
1533551746244 0.102343 0.943907 -0.313953 -0.603838 -0.958363 0.17814 0.223173 -0.226389 0.266582 0.278041 0.922837 0.380805 0.316214 -0.384899 0.867099 0.400827 -0.930009 -0.306245 0.203216 -0.504329 0.187327 -0.87067 -0.454799 0.48594 
1533551746476 0.102447 0.943935 -0.313834 -0.603845 -0.95842 0.178138 0.22293 -0.22637 0.266337 0.277946 0.922936 0.380789 0.3162 -0.384907 0.867101 0.400798 -0.930014 -0.306239 0.203202 -0.504306 0.187326 -0.870669 -0.454801 0.485922 
1533551746617 0.102552 0.943963 -0.313715 -0.603853 -0.958477 0.178136 0.222687 -0.226351 0.266092 0.277852 0.923035 0.380773 0.316197 -0.384904 0.867103 0.400778 -0.930014 -0.30624 0.2032 -0.504292 0.187329 -0.87067 -0.454799 0.485903 
1533551746753 0.102656 0.943991 -0.313597 -0.60386 -0.958534 0.178135 0.222444 -0.226332 0.265848 0.277758 0.923133 0.380757 0.316201 -0.384895 0.867106 0.400765 -0.930012 -0.306246 0.203202 -0.504277 0.187337 -0.870672 -0.454792 0.485883 
1533551746876 0.102761 0.944019 -0.313478 -0.603866 -0.95859 0.178133 0.222202 -0.226314 0.265604 0.277664 0.923232 0.380741 0.316123 -0.384928 0.86712 0.40068 -0.93004 -0.30621 0.20313 -0.504145 0.18733 -0.87067 -0.454798 0.485852 
1533551747037 0.10271 0.944052 -0.313396 -0.603842 -0.958563 0.1781 0.222346 -0.226292 0.265722 0.277572 0.923226 0.380805 1 0 0 0 0 1 0 0 0 0 1 1.306 
1533551747049 0.102722 0.944051 -0.313395 -0.603845 -0.958606 0.178066 0.222189 -0.226287 0.265563 0.277598 0.923264 0.380796 0.313239 -0.3866 0.867422 0.386189 -0.93126 -0.304042 0.200784 -0.500185 0.18611 -0.870689 -0.455263 0.505382 
1533551747067 0.102736 0.94405 -0.313393 -0.603847 -0.958648 0.178032 0.222032 -0.226282 0.265403 0.277624 0.923302 0.380788 0.316244 -0.384866 0.867103 0.400216 -0.929998 -0.306258 0.203249 -0.504049 0.187334 -0.87068 -0.454777 0.486145 
1533551747182 0.102749 0.944049 -0.313392 -0.60385 -0.958691 0.177997 0.221875 -0.226277 0.265243 0.277649 0.92334 0.380779 0.316258 -0.384857 0.867102 0.400836 -0.929992 -0.306267 0.203261 -0.504368 0.187338 -0.870681 -0.454774 0.485921 
1533551747203 0.102761 0.944048 -0.31339 -0.603853 -0.958734 0.177962 0.221718 -0.226272 0.265084 0.277674 0.923378 0.38077 0.316239 -0.384881 0.867098 0.400855 -0.93 -0.306257 0.203241 -0.504361 0.187331 -0.870674 -0.454789 0.485943 
1533551747280 0.102775 0.944047 -0.313389 -0.603856 -0.958777 0.177928 0.22156 -0.226268 0.264924 0.277699 0.923417 0.380762 0.316214 -0.384899 0.867099 0.400827 -0.930009 -0.306245 0.203216 -0.504329 0.187327 -0.87067 -0.454799 0.48594 
1533551747341 0.102788 0.944046 -0.313388 -0.603858 -0.958819 0.177894 0.221403 -0.226263 0.264764 0.277725 0.923455 0.380753 0.3162 -0.384907 0.867101 0.400798 -0.930014 -0.306239 0.203202 -0.504306 0.187326 -0.870669 -0.454801 0.485922 
1533551747348 0.102801 0.944045 -0.313386 -0.603861 -0.958862 0.177859 0.221246 -0.226258 0.264605 0.27775 0.923493 0.380744 0.316197 -0.384904 0.867103 0.400778 -0.930014 -0.30624 0.2032 -0.504292 0.187329 -0.87067 -0.454799 0.485903 
1533551747483 0.102814 0.944044 -0.313385 -0.603864 -0.958905 0.177825 0.221088 -0.226253 0.264445 0.277775 0.923531 0.380735 0.316201 -0.384895 0.867106 0.400765 -0.930012 -0.306246 0.203202 -0.504277 0.187337 -0.870672 -0.454792 0.485883 
1533551747659 0.102827 0.944043 -0.313384 -0.603866 -0.958947 0.17779 0.220931 -0.226249 0.264285 0.277801 0.923569 0.380727 0.316123 -0.384928 0.86712 0.40068 -0.93004 -0.30621 0.20313 -0.504145 0.18733 -0.87067 -0.454798 0.485852 
