1533297468937 0.135482 0.933151 -0.332977 -0.599651 -0.958165 0.208922 0.195633 -0.221979 0.252121 0.292542 0.922417 0.382645 1 0 0 0 0 1 0 0 0 0 1 1.306 
1533297468949 0.135201 0.934034 -0.330607 -0.600279 -0.957388 0.209095 0.199216 -0.222219 0.255203 0.289585 0.922503 0.382676 0.313239 -0.3866 0.867422 0.386189 -0.93126 -0.304042 0.200784 -0.500185 0.18611 -0.870689 -0.455263 0.505382 
1533297468966 0.134927 0.93491 -0.328233 -0.600906 -0.956601 0.209257 0.202798 -0.22246 0.258283 0.286625 0.92257 0.382708 0.316244 -0.384866 0.867103 0.400217 -0.929998 -0.306258 0.203249 -0.504049 0.187334 -0.87068 -0.454777 0.486145 
1533297468982 0.134662 0.93578 -0.325857 -0.601533 -0.955802 0.209408 0.206377 -0.2227 0.26136 0.283663 0.922619 0.382739 0.316258 -0.384857 0.867102 0.400836 -0.929992 -0.306267 0.203261 -0.504368 0.187338 -0.870681 -0.454774 0.485921 
1533297468999 0.134405 0.936642 -0.323476 -0.602161 -0.954992 0.209547 0.209954 -0.222941 0.264435 0.280698 0.92265 0.382771 0.316239 -0.384881 0.867098 0.400855 -0.93 -0.306257 0.203241 -0.504361 0.187331 -0.870674 -0.454789 0.485943 
1533297469015 0.134155 0.937498 -0.321092 -0.602788 -0.954171 0.209675 0.213529 -0.223181 0.267508 0.277731 0.922662 0.382802 0.316214 -0.384899 0.867099 0.400827 -0.930009 -0.306245 0.203216 -0.504329 0.187327 -0.87067 -0.454799 0.48594 
1533297469032 0.133914 0.938347 -0.318705 -0.603416 -0.953338 0.209791 0.217102 -0.223421 0.270579 0.27476 0.922656 0.382834 0.3162 -0.384907 0.867101 0.400798 -0.930014 -0.306239 0.203202 -0.504306 0.187326 -0.870669 -0.454801 0.485922 
1533297469049 0.133681 0.939188 -0.316315 -0.604042 -0.952495 0.209896 0.220673 -0.223662 0.273647 0.271788 0.922631 0.382865 0.316197 -0.384904 0.867103 0.400778 -0.930014 -0.30624 0.2032 -0.504292 0.187329 -0.87067 -0.454799 0.485903 
1533297469056 0.133455 0.940023 -0.313922 -0.604663 -0.951641 0.209991 0.224242 -0.2239 0.276713 0.268815 0.922588 0.382898 0.316201 -0.384895 0.867106 0.400765 -0.930012 -0.306246 0.203202 -0.504277 0.187337 -0.870672 -0.454792 0.485883 
1533297469069 0.133244 0.940844 -0.311543 -0.605213 -0.950777 0.210081 0.227793 -0.22411 0.279767 0.265856 0.922524 0.382951 0.316123 -0.384928 0.86712 0.40068 -0.93004 -0.30621 0.20313 -0.504145 0.18733 -0.87067 -0.454798 0.485852 
1533297469098 0.135077 0.933425 -0.332374 -0.599744 -0.958099 0.20856 0.196341 -0.221892 0.25259 0.291926 0.922485 0.382749 1 0 0 0 0 1 0 0 0 0 1 1.306 
1533297469109 0.134838 0.934279 -0.330063 -0.600362 -0.957327 0.208768 0.199853 -0.222141 0.255625 0.289031 0.92256 0.38277 0.313239 -0.3866 0.867422 0.386189 -0.93126 -0.304042 0.200784 -0.500185 0.18611 -0.870689 -0.455263 0.505382 
1533297469126 0.134606 0.935127 -0.327749 -0.60098 -0.956545 0.208964 0.203363 -0.22239 0.258658 0.286132 0.922618 0.382791 0.316244 -0.384866 0.867103 0.400217 -0.929998 -0.306258 0.203249 -0.504049 0.187334 -0.87068 -0.454777 0.486145 
1533297469142 0.134382 0.935968 -0.325432 -0.601599 -0.955751 0.209151 0.206871 -0.222639 0.261689 0.283232 0.922658 0.382812 0.316258 -0.384857 0.867102 0.400836 -0.929992 -0.306267 0.203261 -0.504368 0.187338 -0.870681 -0.454774 0.485921 
1533297469159 0.134166 0.936802 -0.323111 -0.602217 -0.954947 0.209325 0.210377 -0.222888 0.264717 0.280329 0.922681 0.382833 0.316239 -0.384881 0.867098 0.400855 -0.93 -0.306257 0.203241 -0.504361 0.187331 -0.870674 -0.454789 0.485943 
1533297469176 0.133957 0.93763 -0.320788 -0.602835 -0.954133 0.209489 0.213881 -0.223137 0.267743 0.277423 0.922686 0.382854 0.316214 -0.384899 0.867099 0.400827 -0.930009 -0.306245 0.203216 -0.504329 0.187327 -0.87067 -0.454799 0.48594 
1533297469192 0.133756 0.938452 -0.318461 -0.603453 -0.953307 0.209642 0.217384 -0.223387 0.270767 0.274515 0.922674 0.382876 0.3162 -0.384907 0.867101 0.400798 -0.930014 -0.306239 0.203202 -0.504306 0.187326 -0.870669 -0.454801 0.485922 
1533297469209 0.133563 0.939266 -0.316132 -0.60407 -0.952471 0.209785 0.220884 -0.223636 0.273789 0.271604 0.922643 0.382897 0.316197 -0.384904 0.867103 0.400778 -0.930014 -0.30624 0.2032 -0.504292 0.187329 -0.87067 -0.454799 0.485903 
1533297469226 0.133378 0.940074 -0.3138 -0.604682 -0.951624 0.209916 0.224383 -0.223883 0.276808 0.268692 0.922595 0.382919 0.316201 -0.384895 0.867106 0.400765 -0.930012 -0.306246 0.203202 -0.504277 0.187337 -0.870672 -0.454792 0.485883 
1533297469242 0.133206 0.940869 -0.311483 -0.605223 -0.950768 0.210044 0.227864 -0.224101 0.279816 0.265795 0.922527 0.382962 0.316123 -0.384928 0.86712 0.40068 -0.93004 -0.30621 0.20313 -0.504145 0.18733 -0.87067 -0.454798 0.485852 
1533297469289 0.133017 0.935576 -0.327114 -0.600715 -0.957107 0.20697 0.202757 -0.221706 0.257397 0.286113 0.922977 0.382991 1 0 0 0 0 1 0 0 0 0 1 1.306 
1533297469302 0.132837 0.935424 -0.327622 -0.600658 -0.957143 0.2069 0.202658 -0.221743 0.257356 0.286661 0.922818 0.382958 0.313239 -0.3866 0.867422 0.386189 -0.93126 -0.304042 0.200784 -0.500185 0.18611 -0.870689 -0.455263 0.505382 
1533297469319 0.132656 0.935272 -0.32813 -0.600601 -0.957179 0.20683 0.20256 -0.22178 0.257315 0.287209 0.922659 0.382924 0.316244 -0.384866 0.867103 0.400216 -0.929998 -0.306258 0.203249 -0.504049 0.187334 -0.87068 -0.454777 0.486145 
1533297469336 0.132475 0.935119 -0.328639 -0.600543 -0.957215 0.206759 0.202462 -0.221818 0.257275 0.287757 0.9225 0.382891 0.316258 -0.384857 0.867102 0.400836 -0.929992 -0.306267 0.203261 -0.504368 0.187338 -0.870681 -0.454774 0.485921 
1533297469352 0.132294 0.934966 -0.329146 -0.600486 -0.957251 0.206688 0.202364 -0.221855 0.257234 0.288304 0.92234 0.382858 0.316239 -0.384881 0.867098 0.400855 -0.93 -0.306257 0.203241 -0.504361 0.187331 -0.870674 -0.454789 0.485943 
1533297469370 0.132113 0.934812 -0.329655 -0.600429 -0.957287 0.206617 0.202266 -0.221892 0.257192 0.288852 0.92218 0.382824 0.316214 -0.384899 0.867099 0.400827 -0.930009 -0.306245 0.203216 -0.504329 0.187327 -0.87067 -0.454799 0.48594 
1533297469386 0.131932 0.934659 -0.330162 -0.600372 -0.957323 0.206546 0.202168 -0.221929 0.257151 0.289399 0.92202 0.382791 0.3162 -0.384907 0.867101 0.400798 -0.930014 -0.306239 0.203202 -0.504306 0.187326 -0.870669 -0.454801 0.485922 
1533297469403 0.131751 0.934505 -0.33067 -0.600315 -0.957359 0.206474 0.20207 -0.221966 0.25711 0.289947 0.92186 0.382758 0.316197 -0.384904 0.867103 0.400778 -0.930014 -0.30624 0.2032 -0.504292 0.187329 -0.87067 -0.454799 0.485903 
1533297469419 0.13157 0.93435 -0.331178 -0.600258 -0.957395 0.206403 0.201972 -0.222004 0.257069 0.290495 0.921699 0.382724 0.316201 -0.384895 0.867106 0.400765 -0.930012 -0.306246 0.203202 -0.504277 0.187337 -0.870672 -0.454792 0.485883 
1533297469436 0.131389 0.934196 -0.331683 -0.60021 -0.957431 0.206332 0.201874 -0.222042 0.257027 0.29104 0.921538 0.382689 0.316123 -0.384928 0.86712 0.40068 -0.93004 -0.30621 0.20313 -0.504145 0.18733 -0.87067 -0.454798 0.485852 
1533297469463 0.1349 0.937267 -0.321453 -0.602305 -0.954622 0.20987 0.211308 -0.223414 0.265515 0.278361 0.923048 0.38278 1 0 0 0 0 1 0 0 0 0 1 1.306 
1533297469476 0.134736 0.937033 -0.322204 -0.602179 -0.95473 0.209797 0.210893 -0.223433 0.265212 0.279203 0.922881 0.382705 0.313239 -0.3866 0.867422 0.386189 -0.93126 -0.304042 0.200784 -0.500185 0.18611 -0.870689 -0.455263 0.505382 
1533297469492 0.134573 0.936798 -0.322955 -0.602052 -0.954837 0.209725 0.210479 -0.223452 0.264908 0.280045 0.922713 0.38263 0.316244 -0.384866 0.867103 0.400216 -0.929998 -0.306258 0.203249 -0.504049 0.187334 -0.87068 -0.454777 0.486145 
1533297469509 0.134409 0.936562 -0.323706 -0.601926 -0.954944 0.209652 0.210065 -0.223472 0.264604 0.280886 0.922544 0.382555 0.316258 -0.384857 0.867102 0.400836 -0.929992 -0.306267 0.203261 -0.504368 0.187338 -0.870681 -0.454774 0.485921 
1533297469526 0.134247 0.936326 -0.324457 -0.601799 -0.955052 0.20958 0.20965 -0.223491 0.2643 0.281728 0.922374 0.38248 0.316239 -0.384881 0.867098 0.400855 -0.93 -0.306257 0.203241 -0.504361 0.187331 -0.870674 -0.454789 0.485943 
1533297469542 0.134084 0.936089 -0.325207 -0.601673 -0.955159 0.209506 0.209235 -0.22351 0.263996 0.28257 0.922204 0.382405 0.316214 -0.384899 0.867099 0.400827 -0.930009 -0.306245 0.203216 -0.504329 0.187327 -0.87067 -0.454799 0.48594 
1533297469559 0.133921 0.935851 -0.325958 -0.601547 -0.955265 0.209432 0.208821 -0.223529 0.263691 0.28341 0.922033 0.38233 0.3162 -0.384907 0.867101 0.400798 -0.930014 -0.306239 0.203202 -0.504306 0.187326 -0.870669 -0.454801 0.485922 
1533297469576 0.133759 0.935612 -0.326708 -0.60142 -0.955372 0.209358 0.208407 -0.223548 0.263387 0.284252 0.921861 0.382255 0.316197 -0.384904 0.867103 0.400778 -0.930014 -0.30624 0.2032 -0.504292 0.187329 -0.87067 -0.454799 0.485903 
1533297469592 0.133597 0.935373 -0.327458 -0.601295 -0.955479 0.209284 0.207992 -0.223568 0.263082 0.285092 0.921689 0.38218 0.316201 -0.384895 0.867106 0.400765 -0.930012 -0.306246 0.203202 -0.504277 0.187337 -0.870672 -0.454792 0.485883 
1533297469609 0.133435 0.935135 -0.328205 -0.601185 -0.955585 0.209208 0.20758 -0.223591 0.262778 0.285929 0.921516 0.382101 0.316123 -0.384928 0.86712 0.40068 -0.93004 -0.30621 0.20313 -0.504145 0.18733 -0.87067 -0.454798 0.485852 
1533297469662 0.139527 0.936025 -0.323094 -0.602685 -0.953448 0.215083 0.211368 -0.22561 0.267338 0.278562 0.922461 0.382199 1 0 0 0 0 1 0 0 0 0 1 1.306 
1533297469672 0.139021 0.935921 -0.323612 -0.602502 -0.953531 0.214719 0.211363 -0.225578 0.267305 0.27919 0.92228 0.382114 0.313239 -0.3866 0.867422 0.386189 -0.93126 -0.304042 0.200784 -0.500185 0.18611 -0.870689 -0.455263 0.505382 
1533297469689 0.138514 0.935817 -0.324129 -0.602319 -0.953614 0.214355 0.211359 -0.225547 0.267272 0.279818 0.922099 0.382028 0.316244 -0.384866 0.867103 0.400216 -0.929998 -0.306258 0.203249 -0.504049 0.187334 -0.87068 -0.454777 0.486145 
1533297469706 0.138008 0.935713 -0.324647 -0.602137 -0.953696 0.213991 0.211356 -0.225515 0.26724 0.280446 0.921918 0.381943 0.316258 -0.384857 0.867102 0.400836 -0.929992 -0.306267 0.203261 -0.504368 0.187338 -0.870681 -0.454774 0.485921 
1533297469722 0.137502 0.935607 -0.325165 -0.601954 -0.953779 0.213627 0.211352 -0.225484 0.267206 0.281074 0.921737 0.381857 0.316239 -0.384881 0.867098 0.400855 -0.93 -0.306257 0.203241 -0.504361 0.187331 -0.870674 -0.454789 0.485943 
1533297469739 0.136996 0.935502 -0.325682 -0.601771 -0.953861 0.213263 0.211349 -0.225452 0.267173 0.281701 0.921555 0.381772 0.316214 -0.384899 0.867099 0.400827 -0.930009 -0.306245 0.203216 -0.504329 0.187327 -0.87067 -0.454799 0.48594 
1533297469756 0.13649 0.935396 -0.326199 -0.601588 -0.953943 0.212898 0.211346 -0.22542 0.267139 0.282328 0.921373 0.381687 0.3162 -0.384907 0.867101 0.400798 -0.930014 -0.306239 0.203202 -0.504306 0.187326 -0.870669 -0.454801 0.485922 
1533297469772 0.135984 0.935289 -0.326716 -0.601406 -0.954025 0.212534 0.211343 -0.225389 0.267105 0.282956 0.92119 0.381601 0.316197 -0.384904 0.867103 0.400778 -0.930014 -0.30624 0.2032 -0.504292 0.187329 -0.87067 -0.454799 0.485903 
1533297469789 0.135478 0.935182 -0.327233 -0.601224 -0.954106 0.21217 0.21134 -0.225357 0.267071 0.283583 0.921007 0.381516 0.316201 -0.384895 0.867106 0.400765 -0.930012 -0.306246 0.203202 -0.504277 0.187337 -0.870672 -0.454792 0.485883 
1533297469806 0.134972 0.935075 -0.327747 -0.601059 -0.954188 0.211805 0.211339 -0.225328 0.267036 0.284207 0.920825 0.381428 0.316123 -0.384928 0.86712 0.40068 -0.93004 -0.30621 0.20313 -0.504145 0.18733 -0.87067 -0.454798 0.485852 
1533297469830 0.135861 0.935959 -0.324843 -0.602002 -0.954575 0.211434 0.209959 -0.224355 0.265196 0.281561 0.922168 0.382309 1 0 0 0 0 1 0 0 0 0 1 1.306 
1533297469842 0.135473 0.935917 -0.325125 -0.601818 -0.954891 0.210857 0.209098 -0.224192 0.264253 0.282132 0.922265 0.382269 0.313239 -0.3866 0.867422 0.386189 -0.93126 -0.304042 0.200784 -0.500185 0.18611 -0.870689 -0.455263 0.505382 
1533297469849 0.135085 0.935875 -0.325408 -0.601634 -0.955207 0.21028 0.208237 -0.224029 0.26331 0.282702 0.92236 0.38223 0.316244 -0.384866 0.867103 0.400216 -0.929998 -0.306258 0.203249 -0.504049 0.187334 -0.87068 -0.454777 0.486145 
1533297469864 0.134697 0.935832 -0.325691 -0.60145 -0.955521 0.209703 0.207376 -0.223867 0.262367 0.283272 0.922453 0.38219 0.316258 -0.384857 0.867102 0.400836 -0.929992 -0.306267 0.203261 -0.504368 0.187338 -0.870681 -0.454774 0.485921 
1533297469879 0.13431 0.935789 -0.325975 -0.601266 -0.955834 0.209124 0.206515 -0.223704 0.261424 0.283841 0.922546 0.382151 0.316239 -0.384881 0.867098 0.400855 -0.93 -0.306257 0.203241 -0.504361 0.187331 -0.870674 -0.454789 0.485943 
1533297469896 0.133922 0.935746 -0.326258 -0.601083 -0.956146 0.208545 0.205654 -0.223541 0.26048 0.284409 0.922638 0.382112 0.316214 -0.384899 0.867099 0.400827 -0.930009 -0.306245 0.203216 -0.504329 0.187327 -0.87067 -0.454799 0.48594 
1533297469913 0.133535 0.935702 -0.326543 -0.600899 -0.956457 0.207966 0.204793 -0.223378 0.259536 0.284977 0.922729 0.382072 0.3162 -0.384907 0.867101 0.400798 -0.930014 -0.306239 0.203202 -0.504306 0.187326 -0.870669 -0.454801 0.485922 
1533297469929 0.133148 0.935658 -0.326827 -0.600715 -0.956767 0.207386 0.203933 -0.223215 0.258591 0.285544 0.922819 0.382032 0.316197 -0.384904 0.867103 0.400778 -0.930014 -0.30624 0.2032 -0.504292 0.187329 -0.87067 -0.454799 0.485903 
1533297469946 0.132762 0.935613 -0.327112 -0.600532 -0.957075 0.206806 0.203072 -0.223053 0.257645 0.28611 0.922908 0.381993 0.316201 -0.384895 0.867106 0.400765 -0.930012 -0.306246 0.203202 -0.504277 0.187337 -0.870672 -0.454792 0.485883 
1533297469963 0.132375 0.93557 -0.327394 -0.600367 -0.957382 0.206224 0.202214 -0.222898 0.256702 0.286673 0.922997 0.381949 0.316123 -0.384928 0.86712 0.40068 -0.93004 -0.30621 0.20313 -0.504145 0.18733 -0.87067 -0.454798 0.485852 
1533297470015 0.136657 0.93523 -0.326605 -0.601167 -0.954359 0.212678 0.209681 -0.225656 0.265562 0.283044 0.921609 0.381884 1 0 0 0 0 1 0 0 0 0 1 1.306 
1533297470026 0.136343 0.935275 -0.326605 -0.601044 -0.954683 0.212088 0.208805 -0.225516 0.26456 0.283335 0.921808 0.381919 0.313239 -0.3866 0.867422 0.386189 -0.93126 -0.304042 0.200784 -0.500185 0.18611 -0.870689 -0.455263 0.505382 
1533297470043 0.136028 0.935321 -0.326606 -0.60092 -0.955005 0.211498 0.20793 -0.225377 0.263558 0.283626 0.922005 0.381953 0.316244 -0.384866 0.867103 0.400216 -0.929998 -0.306258 0.203249 -0.504049 0.187334 -0.87068 -0.454777 0.486145 
1533297470059 0.135713 0.935366 -0.326608 -0.600797 -0.955325 0.210908 0.207054 -0.225237 0.262555 0.283917 0.922202 0.381988 0.316258 -0.384857 0.867102 0.400836 -0.929992 -0.306267 0.203261 -0.504368 0.187338 -0.870681 -0.454774 0.485921 
1533297470066 0.135399 0.935411 -0.32661 -0.600674 -0.955645 0.210317 0.206178 -0.225098 0.261553 0.284207 0.922397 0.382022 0.316239 -0.384881 0.867098 0.400855 -0.93 -0.306257 0.203241 -0.504361 0.187331 -0.870674 -0.454789 0.485943 
1533297470079 0.135084 0.935455 -0.326612 -0.600551 -0.955964 0.209726 0.205302 -0.224959 0.26055 0.284497 0.922592 0.382057 0.316214 -0.384899 0.867099 0.400827 -0.930009 -0.306245 0.203216 -0.504329 0.187327 -0.87067 -0.454799 0.48594 
1533297470096 0.134769 0.9355 -0.326615 -0.600427 -0.956281 0.209134 0.204425 -0.224819 0.259546 0.284785 0.922785 0.382092 0.3162 -0.384907 0.867101 0.400798 -0.930014 -0.306239 0.203202 -0.504306 0.187326 -0.870669 -0.454801 0.485922 
1533297470113 0.134454 0.935544 -0.326618 -0.600304 -0.956597 0.208543 0.203548 -0.22468 0.258542 0.285074 0.922978 0.382126 0.316197 -0.384904 0.867103 0.400778 -0.930014 -0.30624 0.2032 -0.504292 0.187329 -0.87067 -0.454799 0.485903 
1533297470129 0.13414 0.935588 -0.326622 -0.600182 -0.956912 0.207951 0.202671 -0.22454 0.257538 0.285362 0.92317 0.382161 0.316201 -0.384895 0.867106 0.400765 -0.930012 -0.306246 0.203202 -0.504277 0.187337 -0.870672 -0.454792 0.485883 
1533297470146 0.133824 0.935633 -0.326623 -0.600069 -0.957225 0.207358 0.201797 -0.224407 0.256536 0.285646 0.923361 0.382192 0.316123 -0.384928 0.86712 0.40068 -0.93004 -0.30621 0.20313 -0.504145 0.18733 -0.87067 -0.454798 0.485852 
1533297470173 0.132282 0.935941 -0.326369 -0.600369 -0.956565 0.206834 0.205436 -0.223356 0.25978 0.285018 0.922648 0.382101 1 0 0 0 0 1 0 0 0 0 1 1.306 
1533297470186 0.131992 0.93593 -0.326516 -0.600282 -0.956855 0.20632 0.204598 -0.223175 0.258856 0.285423 0.922782 0.382186 0.313239 -0.3866 0.867422 0.386189 -0.93126 -0.304042 0.200784 -0.500185 0.18611 -0.870689 -0.455263 0.505382 
1533297470203 0.13178 0.935898 -0.326695 -0.60021 -0.957127 0.205894 0.203755 -0.223026 0.257958 0.285837 0.922906 0.382261 0.316244 -0.384866 0.867103 0.400216 -0.929998 -0.306258 0.203249 -0.504049 0.187334 -0.87068 -0.454777 0.486145 
1533297470220 0.131568 0.935866 -0.326872 -0.600139 -0.957398 0.205467 0.202912 -0.222877 0.25706 0.28625 0.923028 0.382335 0.316258 -0.384857 0.867102 0.400836 -0.929992 -0.306267 0.203261 -0.504368 0.187338 -0.870681 -0.454774 0.485921 
1533297470236 0.131357 0.935833 -0.327051 -0.600068 -0.957667 0.20504 0.202069 -0.222729 0.256161 0.286663 0.92315 0.382409 0.316239 -0.384881 0.867098 0.400855 -0.93 -0.306257 0.203241 -0.504361 0.187331 -0.870674 -0.454789 0.485943 
1533297470253 0.131145 0.9358 -0.32723 -0.599997 -0.957936 0.204612 0.201226 -0.22258 0.255262 0.287076 0.923271 0.382484 0.316214 -0.384899 0.867099 0.400827 -0.930009 -0.306245 0.203216 -0.504329 0.187327 -0.87067 -0.454799 0.48594 
1533297470269 0.130934 0.935767 -0.327408 -0.599925 -0.958204 0.204184 0.200383 -0.222431 0.254363 0.287487 0.923391 0.382558 0.3162 -0.384907 0.867101 0.400798 -0.930014 -0.306239 0.203202 -0.504306 0.187326 -0.870669 -0.454801 0.485922 
1533297470286 0.130723 0.935734 -0.327588 -0.599854 -0.958472 0.203755 0.199539 -0.222283 0.253463 0.287899 0.92351 0.382632 0.316197 -0.384904 0.867103 0.400778 -0.930014 -0.30624 0.2032 -0.504292 0.187329 -0.87067 -0.454799 0.485903 
1533297470293 0.130512 0.9357 -0.327767 -0.599784 -0.958738 0.203327 0.198696 -0.222135 0.252563 0.28831 0.923628 0.382706 0.316201 -0.384895 0.867106 0.400765 -0.930012 -0.306246 0.203202 -0.504277 0.187337 -0.870672 -0.454792 0.485883 
1533297470307 0.1303 0.935668 -0.327944 -0.599722 -0.959003 0.202896 0.197855 -0.221993 0.251666 0.288718 0.923746 0.382776 0.316123 -0.384928 0.86712 0.40068 -0.93004 -0.30621 0.20313 -0.504145 0.18733 -0.87067 -0.454798 0.485852 
1533297470331 0.131938 0.936037 -0.326233 -0.600092 -0.957041 0.206011 0.204037 -0.223267 0.258194 0.285298 0.923006 0.382333 1 0 0 0 0 1 0 0 0 0 1 1.306 
1533297470343 0.13183 0.935862 -0.326777 -0.600047 -0.957183 0.205889 0.203497 -0.223188 0.257725 0.285958 0.922933 0.382436 0.313239 -0.3866 0.867422 0.386189 -0.93126 -0.304042 0.200784 -0.500185 0.18611 -0.870689 -0.455263 0.505382 
1533297470360 0.131721 0.935687 -0.327323 -0.600002 -0.957324 0.205766 0.202957 -0.223109 0.257256 0.28662 0.922859 0.382538 0.316244 -0.384866 0.867103 0.400216 -0.929998 -0.306258 0.203249 -0.504049 0.187334 -0.87068 -0.454777 0.486145 
1533297470376 0.131613 0.935511 -0.327867 -0.599958 -0.957464 0.205642 0.202418 -0.22303 0.256788 0.287281 0.922784 0.382641 0.316258 -0.384857 0.867102 0.400836 -0.929992 -0.306267 0.203261 -0.504368 0.187338 -0.870681 -0.454774 0.485921 
1533297470393 0.131505 0.935335 -0.328413 -0.599913 -0.957605 0.205519 0.201878 -0.222951 0.256319 0.287942 0.922708 0.382744 0.316239 -0.384881 0.867098 0.400855 -0.93 -0.306257 0.203241 -0.504361 0.187331 -0.870674 -0.454789 0.485943 
1533297470410 0.131397 0.935159 -0.328958 -0.599868 -0.957745 0.205394 0.201338 -0.222872 0.255849 0.288603 0.922632 0.382847 0.316214 -0.384899 0.867099 0.400827 -0.930009 -0.306245 0.203216 -0.504329 0.187327 -0.87067 -0.454799 0.48594 
1533297470416 0.131289 0.934982 -0.329502 -0.599823 -0.957885 0.20527 0.200799 -0.222794 0.25538 0.289263 0.922555 0.382949 0.3162 -0.384907 0.867101 0.400798 -0.930014 -0.306239 0.203202 -0.504306 0.187326 -0.870669 -0.454801 0.485922 
1533297470431 0.131182 0.934805 -0.330048 -0.599778 -0.958025 0.205145 0.200259 -0.222715 0.254911 0.289924 0.922478 0.383052 0.316197 -0.384904 0.867103 0.400778 -0.930014 -0.30624 0.2032 -0.504292 0.187329 -0.87067 -0.454799 0.485903 
1533297470447 0.131075 0.934627 -0.330593 -0.599735 -0.958164 0.20502 0.199719 -0.222636 0.254441 0.290584 0.922399 0.383154 0.316201 -0.384895 0.867106 0.400765 -0.930012 -0.306246 0.203202 -0.504277 0.187337 -0.870672 -0.454792 0.485883 
1533297470464 0.130967 0.934451 -0.331134 -0.5997 -0.958303 0.204893 0.199182 -0.222563 0.253973 0.291241 0.922321 0.383251 0.316123 -0.384928 0.86712 0.40068 -0.93004 -0.30621 0.20313 -0.504145 0.18733 -0.87067 -0.454798 0.485852 
1533297470490 0.130777 0.935805 -0.327362 -0.599897 -0.958289 0.203956 0.20021 -0.222687 0.254125 0.287524 0.923445 0.38259 1 0 0 0 0 1 0 0 0 0 1 1.306 
1533297470501 0.130657 0.935706 -0.327695 -0.599871 -0.958344 0.203871 0.200031 -0.222678 0.253978 0.287909 0.923365 0.382594 0.313239 -0.3866 0.867422 0.386189 -0.93126 -0.304042 0.200784 -0.500185 0.18611 -0.870689 -0.455263 0.505382 
1533297470517 0.130535 0.935606 -0.328027 -0.599845 -0.9584 0.203785 0.199852 -0.22267 0.25383 0.288293 0.923286 0.382598 0.316244 -0.384866 0.867103 0.400216 -0.929998 -0.306258 0.203249 -0.504049 0.187334 -0.87068 -0.454777 0.486145 
1533297470534 0.130414 0.935506 -0.32836 -0.599819 -0.958456 0.203698 0.199673 -0.222661 0.253682 0.288678 0.923207 0.382601 0.316258 -0.384857 0.867102 0.400836 -0.929992 -0.306267 0.203261 -0.504368 0.187338 -0.870681 -0.454774 0.485921 
1533297470551 0.130293 0.935406 -0.328692 -0.599793 -0.958511 0.203612 0.199494 -0.222652 0.253534 0.289062 0.923127 0.382605 0.316239 -0.384881 0.867098 0.400855 -0.93 -0.306257 0.203241 -0.504361 0.187331 -0.870674 -0.454789 0.485943 
1533297470567 0.130173 0.935306 -0.329025 -0.599768 -0.958567 0.203526 0.199315 -0.222644 0.253386 0.289447 0.923047 0.382609 0.316214 -0.384899 0.867099 0.400827 -0.930009 -0.306245 0.203216 -0.504329 0.187327 -0.87067 -0.454799 0.48594 
1533297470584 0.130052 0.935206 -0.329357 -0.599742 -0.958623 0.203439 0.199137 -0.222635 0.253238 0.289831 0.922967 0.382613 0.3162 -0.384907 0.867101 0.400798 -0.930014 -0.306239 0.203202 -0.504306 0.187326 -0.870669 -0.454801 0.485922 
1533297470601 0.129931 0.935106 -0.329689 -0.599716 -0.958678 0.203352 0.198958 -0.222626 0.25309 0.290215 0.922887 0.382617 0.316197 -0.384904 0.867103 0.400778 -0.930014 -0.30624 0.2032 -0.504292 0.187329 -0.87067 -0.454799 0.485903 
1533297470617 0.12981 0.935005 -0.330022 -0.59969 -0.958734 0.203266 0.198779 -0.222617 0.252941 0.290599 0.922807 0.38262 0.316201 -0.384895 0.867106 0.400765 -0.930012 -0.306246 0.203202 -0.504277 0.187337 -0.870672 -0.454792 0.485883 
1533297470634 0.129689 0.934905 -0.330353 -0.59967 -0.958789 0.203179 0.198601 -0.222611 0.252793 0.290982 0.922727 0.382622 0.316123 -0.384928 0.86712 0.40068 -0.93004 -0.30621 0.20313 -0.504145 0.18733 -0.87067 -0.454798 0.485852 
1533297470661 0.130394 0.93494 -0.329976 -0.599908 -0.958236 0.204278 0.200134 -0.222543 0.25452 0.290098 0.922531 0.38272 1 0 0 0 0 1 0 0 0 0 1 1.306 
1533297470674 0.130427 0.934839 -0.33025 -0.599894 -0.958319 0.204267 0.199747 -0.222522 0.254191 0.290433 0.922516 0.382724 0.313239 -0.3866 0.867422 0.386189 -0.93126 -0.304042 0.200784 -0.500185 0.18611 -0.870689 -0.455263 0.505382 
1533297470691 0.13046 0.934737 -0.330524 -0.599879 -0.958402 0.204257 0.19936 -0.222501 0.253861 0.290767 0.922502 0.382727 0.316244 -0.384866 0.867103 0.400216 -0.929998 -0.306258 0.203249 -0.504049 0.187334 -0.87068 -0.454777 0.486145 
1533297470707 0.130493 0.934635 -0.330799 -0.599865 -0.958485 0.204246 0.198972 -0.22248 0.25353 0.291102 0.922487 0.382731 0.316258 -0.384857 0.867102 0.400836 -0.929992 -0.306267 0.203261 -0.504368 0.187338 -0.870681 -0.454774 0.485921 
1533297470724 0.130527 0.934534 -0.331073 -0.59985 -0.958568 0.204235 0.198584 -0.222459 0.2532 0.291436 0.922472 0.382735 0.316239 -0.384881 0.867098 0.400855 -0.93 -0.306257 0.203241 -0.504361 0.187331 -0.870674 -0.454789 0.485943 
1533297470741 0.13056 0.934432 -0.331348 -0.599836 -0.958651 0.204224 0.198196 -0.222438 0.25287 0.291771 0.922457 0.382738 0.316214 -0.384899 0.867099 0.400827 -0.930009 -0.306245 0.203216 -0.504329 0.187327 -0.87067 -0.454799 0.48594 
1533297470757 0.130594 0.93433 -0.331622 -0.599821 -0.958733 0.204213 0.197808 -0.222417 0.25254 0.292105 0.922442 0.382742 0.3162 -0.384907 0.867101 0.400798 -0.930014 -0.306239 0.203202 -0.504306 0.187326 -0.870669 -0.454801 0.485922 
1533297470774 0.130627 0.934228 -0.331896 -0.599807 -0.958815 0.204202 0.197421 -0.222396 0.252209 0.292439 0.922426 0.382746 0.316197 -0.384904 0.867103 0.400778 -0.930014 -0.30624 0.2032 -0.504292 0.187329 -0.87067 -0.454799 0.485903 
1533297470791 0.130661 0.934125 -0.332171 -0.599792 -0.958898 0.20419 0.197033 -0.222375 0.251879 0.292773 0.92241 0.38275 0.316201 -0.384895 0.867106 0.400765 -0.930012 -0.306246 0.203202 -0.504277 0.187337 -0.870672 -0.454792 0.485883 
1533297470807 0.130695 0.934023 -0.332444 -0.599782 -0.958979 0.204178 0.196646 -0.222357 0.25155 0.293106 0.922394 0.382751 0.316123 -0.384928 0.86712 0.40068 -0.93004 -0.30621 0.20313 -0.504145 0.18733 -0.87067 -0.454798 0.485852 
1533297470870 0.129839 0.934804 -0.33058 -0.599802 -0.958702 0.203444 0.198751 -0.222454 0.253047 0.291122 0.922613 0.382677 1 0 0 0 0 1 0 0 0 0 1 1.306 
1533297470881 0.130041 0.934745 -0.330667 -0.599798 -0.958697 0.203624 0.198587 -0.222456 0.25296 0.291185 0.922617 0.382656 0.313239 -0.3866 0.867422 0.386189 -0.93126 -0.304042 0.200784 -0.500185 0.18611 -0.870689 -0.455263 0.505382 
1533297470897 0.130243 0.934686 -0.330755 -0.599793 -0.958693 0.203804 0.198423 -0.222459 0.252873 0.291249 0.922621 0.382636 0.316244 -0.384866 0.867103 0.400216 -0.929998 -0.306258 0.203249 -0.504049 0.187334 -0.87068 -0.454777 0.486145 
1533297470914 0.130445 0.934627 -0.330843 -0.599789 -0.958688 0.203984 0.198259 -0.222461 0.252785 0.291313 0.922625 0.382615 0.316258 -0.384857 0.867102 0.400836 -0.929992 -0.306267 0.203261 -0.504368 0.187338 -0.870681 -0.454774 0.485921 
1533297470931 0.130647 0.934567 -0.330931 -0.599784 -0.958684 0.204165 0.198095 -0.222463 0.252698 0.291377 0.922628 0.382595 0.316239 -0.384881 0.867098 0.400855 -0.93 -0.306257 0.203241 -0.504361 0.187331 -0.870674 -0.454789 0.485943 
1533297470947 0.130849 0.934508 -0.331018 -0.59978 -0.95868 0.204344 0.197932 -0.222465 0.252611 0.291441 0.922632 0.382574 0.316214 -0.384899 0.867099 0.400827 -0.930009 -0.306245 0.203216 -0.504329 0.187327 -0.87067 -0.454799 0.48594 
1533297470965 0.131052 0.934449 -0.331106 -0.599776 -0.958675 0.204525 0.197768 -0.222468 0.252523 0.291506 0.922636 0.382553 0.3162 -0.384907 0.867101 0.400798 -0.930014 -0.306239 0.203202 -0.504306 0.187326 -0.870669 -0.454801 0.485922 
1533297470981 0.131254 0.934389 -0.331194 -0.599771 -0.95867 0.204705 0.197604 -0.22247 0.252436 0.29157 0.922639 0.382533 0.316197 -0.384904 0.867103 0.400778 -0.930014 -0.30624 0.2032 -0.504292 0.187329 -0.87067 -0.454799 0.485903 
1533297470997 0.131456 0.93433 -0.331282 -0.599767 -0.958666 0.204885 0.19744 -0.222472 0.252348 0.291634 0.922643 0.382512 0.316201 -0.384895 0.867106 0.400765 -0.930012 -0.306246 0.203202 -0.504277 0.187337 -0.870672 -0.454792 0.485883 
1533297471014 0.131657 0.934271 -0.331368 -0.599764 -0.958661 0.205064 0.197277 -0.222476 0.252262 0.291697 0.922647 0.382491 0.316123 -0.384928 0.86712 0.40068 -0.93004 -0.30621 0.20313 -0.504145 0.18733 -0.87067 -0.454798 0.485852 
1533297471041 0.130718 0.93411 -0.332191 -0.599805 -0.958866 0.204274 0.197098 -0.222385 0.25197 0.292762 0.922389 0.382669 1 0 0 0 0 1 0 0 0 0 1 1.306 
1533297471054 0.130804 0.934116 -0.332142 -0.599801 -0.958784 0.204426 0.19734 -0.222411 0.252237 0.292639 0.922355 0.382626 0.313239 -0.3866 0.867422 0.386189 -0.93126 -0.304042 0.200784 -0.500185 0.18611 -0.870689 -0.455263 0.505382 
1533297471071 0.13089 0.934121 -0.332092 -0.599797 -0.958702 0.204577 0.197584 -0.222438 0.252506 0.292516 0.922321 0.382584 0.316244 -0.384866 0.867103 0.400216 -0.929998 -0.306258 0.203249 -0.504049 0.187334 -0.87068 -0.454777 0.486145 
1533297471087 0.130976 0.934127 -0.332043 -0.599793 -0.958619 0.204729 0.197827 -0.222464 0.252774 0.292393 0.922286 0.382541 0.316258 -0.384857 0.867102 0.400836 -0.929992 -0.306267 0.203261 -0.504368 0.187338 -0.870681 -0.454774 0.485921 
1533297471104 0.131062 0.934132 -0.331995 -0.599789 -0.958536 0.204881 0.19807 -0.22249 0.253043 0.29227 0.922252 0.382498 0.316239 -0.384881 0.867098 0.400855 -0.93 -0.306257 0.203241 -0.504361 0.187331 -0.870674 -0.454789 0.485943 
1533297471121 0.131148 0.934137 -0.331946 -0.599785 -0.958454 0.205033 0.198313 -0.222517 0.253311 0.292147 0.922217 0.382455 0.316214 -0.384899 0.867099 0.400827 -0.930009 -0.306245 0.203216 -0.504329 0.187327 -0.87067 -0.454799 0.48594 
1533297471137 0.131234 0.934142 -0.331897 -0.59978 -0.958371 0.205184 0.198556 -0.222543 0.25358 0.292023 0.922182 0.382413 0.3162 -0.384907 0.867101 0.400798 -0.930014 -0.306239 0.203202 -0.504306 0.187326 -0.870669 -0.454801 0.485922 
1533297471154 0.131321 0.934148 -0.331848 -0.599776 -0.958288 0.205336 0.198799 -0.222569 0.253848 0.2919 0.922147 0.38237 0.316197 -0.384904 0.867103 0.400778 -0.930014 -0.30624 0.2032 -0.504292 0.187329 -0.87067 -0.454799 0.485903 
1533297471171 0.131407 0.934153 -0.3318 -0.599772 -0.958205 0.205488 0.199042 -0.222595 0.254116 0.291777 0.922112 0.382327 0.316201 -0.384895 0.867106 0.400765 -0.930012 -0.306246 0.203202 -0.504277 0.187337 -0.870672 -0.454792 0.485883 
1533297471187 0.131493 0.934158 -0.331751 -0.599767 -0.958122 0.205639 0.199284 -0.22262 0.254384 0.291653 0.922078 0.382286 0.316123 -0.384928 0.86712 0.40068 -0.93004 -0.30621 0.20313 -0.504145 0.18733 -0.87067 -0.454798 0.485852 
1533297471214 0.131241 0.934133 -0.331922 -0.599818 -0.958601 0.204929 0.197707 -0.222426 0.252705 0.292234 0.922356 0.382508 1 0 0 0 0 1 0 0 0 0 1 1.306 
1533297471224 0.131286 0.934164 -0.331814 -0.599819 -0.958498 0.205061 0.198072 -0.222464 0.253074 0.292039 0.922316 0.382495 0.313239 -0.3866 0.867422 0.386189 -0.93126 -0.304042 0.200784 -0.500185 0.18611 -0.870689 -0.455263 0.505382 
1533297471241 0.131331 0.934196 -0.331708 -0.599819 -0.958394 0.205192 0.198437 -0.222502 0.253442 0.291846 0.922276 0.382481 0.316244 -0.384866 0.867103 0.400216 -0.929998 -0.306258 0.203249 -0.504049 0.187334 -0.87068 -0.454777 0.486145 
1533297471257 0.131375 0.934228 -0.331601 -0.59982 -0.95829 0.205322 0.198802 -0.222541 0.253811 0.291652 0.922236 0.382468 0.316258 -0.384857 0.867102 0.400836 -0.929992 -0.306267 0.203261 -0.504368 0.187338 -0.870681 -0.454774 0.485921 
1533297471274 0.131419 0.934259 -0.331494 -0.59982 -0.958187 0.205453 0.199166 -0.222579 0.25418 0.291459 0.922195 0.382455 0.316239 -0.384881 0.867098 0.400855 -0.93 -0.306257 0.203241 -0.504361 0.187331 -0.870674 -0.454789 0.485943 
1533297471291 0.131463 0.934291 -0.331387 -0.599821 -0.958083 0.205583 0.199532 -0.222617 0.254548 0.291265 0.922155 0.382441 0.316214 -0.384899 0.867099 0.400827 -0.930009 -0.306245 0.203216 -0.504329 0.187327 -0.87067 -0.454799 0.48594 
1533297471307 0.131508 0.934323 -0.33128 -0.599822 -0.957979 0.205714 0.199896 -0.222655 0.254917 0.291072 0.922114 0.382428 0.3162 -0.384907 0.867101 0.400798 -0.930014 -0.306239 0.203202 -0.504306 0.187326 -0.870669 -0.454801 0.485922 
1533297471324 0.131552 0.934354 -0.331174 -0.599822 -0.957874 0.205845 0.200261 -0.222693 0.255285 0.290878 0.922073 0.382415 0.316197 -0.384904 0.867103 0.400778 -0.930014 -0.30624 0.2032 -0.504292 0.187329 -0.87067 -0.454799 0.485903 
1533297471341 0.131597 0.934386 -0.331067 -0.599823 -0.95777 0.205975 0.200626 -0.222732 0.255654 0.290685 0.922032 0.382402 0.316201 -0.384895 0.867106 0.400765 -0.930012 -0.306246 0.203202 -0.504277 0.187337 -0.870672 -0.454792 0.485883 
1533297471359 0.131641 0.934417 -0.330961 -0.599821 -0.957666 0.206105 0.20099 -0.222767 0.256021 0.290491 0.921991 0.38239 0.316123 -0.384928 0.86712 0.40068 -0.93004 -0.30621 0.20313 -0.504145 0.18733 -0.87067 -0.454798 0.485852 
1533297471382 0.131603 0.93421 -0.33156 -0.59977 -0.95816 0.20564 0.199103 -0.222646 0.254186 0.291485 0.922186 0.382383 1 0 0 0 0 1 0 0 0 0 1 1.306 
1533297471394 0.131647 0.934269 -0.331377 -0.599772 -0.958124 0.205677 0.199237 -0.222666 0.254297 0.291271 0.922222 0.382343 0.313239 -0.3866 0.867422 0.386189 -0.93126 -0.304042 0.200784 -0.500185 0.18611 -0.870689 -0.455263 0.505382 
1533297471411 0.131692 0.934328 -0.331193 -0.599774 -0.958088 0.205713 0.199372 -0.222686 0.25441 0.291056 0.922259 0.382303 0.316244 -0.384866 0.867103 0.400216 -0.929998 -0.306258 0.203249 -0.504049 0.187334 -0.87068 -0.454777 0.486145 
1533297471427 0.131737 0.934387 -0.331009 -0.599775 -0.958052 0.205749 0.199507 -0.222705 0.254522 0.290841 0.922296 0.382263 0.316258 -0.384857 0.867102 0.400836 -0.929992 -0.306267 0.203261 -0.504368 0.187338 -0.870681 -0.454774 0.485921 
1533297471444 0.131782 0.934445 -0.330825 -0.599777 -0.958016 0.205786 0.199642 -0.222725 0.254634 0.290627 0.922333 0.382223 0.316239 -0.384881 0.867098 0.400855 -0.93 -0.306257 0.203241 -0.504361 0.187331 -0.870674 -0.454789 0.485943 
1533297471461 0.131827 0.934504 -0.330641 -0.599779 -0.95798 0.205822 0.199777 -0.222745 0.254746 0.290412 0.92237 0.382184 0.316214 -0.384899 0.867099 0.400827 -0.930009 -0.306245 0.203216 -0.504329 0.187327 -0.87067 -0.454799 0.48594 
1533297471477 0.131872 0.934563 -0.330457 -0.599781 -0.957944 0.205859 0.199912 -0.222765 0.254858 0.290197 0.922406 0.382144 0.3162 -0.384907 0.867101 0.400798 -0.930014 -0.306239 0.203202 -0.504306 0.187326 -0.870669 -0.454801 0.485922 
1533297471494 0.131917 0.934621 -0.330274 -0.599783 -0.957908 0.205895 0.200047 -0.222785 0.25497 0.289982 0.922443 0.382104 0.316197 -0.384904 0.867103 0.400778 -0.930014 -0.30624 0.2032 -0.504292 0.187329 -0.87067 -0.454799 0.485903 
1533297471511 0.131962 0.93468 -0.33009 -0.599784 -0.957872 0.205932 0.200182 -0.222804 0.255082 0.289768 0.922479 0.382064 0.316201 -0.384895 0.867106 0.400765 -0.930012 -0.306246 0.203202 -0.504277 0.187337 -0.870672 -0.454792 0.485883 
1533297471527 0.132007 0.934738 -0.329907 -0.599783 -0.957836 0.205968 0.200316 -0.222823 0.255193 0.289553 0.922516 0.382026 0.316123 -0.384928 0.86712 0.40068 -0.93004 -0.30621 0.20313 -0.504145 0.18733 -0.87067 -0.454798 0.485852 
1533297471603 0.131767 0.93444 -0.330847 -0.599793 -0.957785 0.206043 0.200486 -0.22273 0.25551 0.290463 0.922142 0.382383 1 0 0 0 0 1 0 0 0 0 1 1.306 
1533297471614 0.131769 0.934419 -0.330904 -0.599784 -0.957791 0.20605 0.200451 -0.222741 0.255488 0.290523 0.922129 0.382389 0.313239 -0.3866 0.867422 0.386189 -0.93126 -0.304042 0.200784 -0.500185 0.18611 -0.870689 -0.455263 0.505382 
1533297471631 0.131771 0.934399 -0.330962 -0.599776 -0.957797 0.206057 0.200415 -0.222752 0.255464 0.290585 0.922116 0.382395 0.316244 -0.384866 0.867103 0.400216 -0.929998 -0.306258 0.203249 -0.504049 0.187334 -0.87068 -0.454777 0.486145 
1533297471647 0.131773 0.934378 -0.331019 -0.599768 -0.957803 0.206064 0.200379 -0.222763 0.255441 0.290646 0.922104 0.382402 0.316258 -0.384857 0.867102 0.400836 -0.929992 -0.306267 0.203261 -0.504368 0.187338 -0.870681 -0.454774 0.485921 
1533297471664 0.131774 0.934358 -0.331076 -0.599759 -0.957809 0.20607 0.200343 -0.222774 0.255417 0.290707 0.922091 0.382408 0.316239 -0.384881 0.867098 0.400855 -0.93 -0.306257 0.203241 -0.504361 0.187331 -0.870674 -0.454789 0.485943 
1533297471681 0.131776 0.934337 -0.331133 -0.599751 -0.957815 0.206077 0.200307 -0.222785 0.255394 0.290769 0.922078 0.382414 0.316214 -0.384899 0.867099 0.400827 -0.930009 -0.306245 0.203216 -0.504329 0.187327 -0.87067 -0.454799 0.48594 
1533297471697 0.131778 0.934317 -0.33119 -0.599742 -0.957821 0.206084 0.200272 -0.222795 0.25537 0.29083 0.922065 0.38242 0.3162 -0.384907 0.867101 0.400798 -0.930014 -0.306239 0.203202 -0.504306 0.187326 -0.870669 -0.454801 0.485922 
1533297471714 0.131779 0.934296 -0.331247 -0.599734 -0.957827 0.20609 0.200236 -0.222806 0.255347 0.290891 0.922052 0.382426 0.316197 -0.384904 0.867103 0.400778 -0.930014 -0.30624 0.2032 -0.504292 0.187329 -0.87067 -0.454799 0.485903 
1533297471731 0.131781 0.934276 -0.331305 -0.599725 -0.957833 0.206097 0.2002 -0.222817 0.255323 0.290952 0.92204 0.382433 0.316201 -0.384895 0.867106 0.400765 -0.930012 -0.306246 0.203202 -0.504277 0.187337 -0.870672 -0.454792 0.485883 
1533297471747 0.131783 0.934255 -0.331361 -0.599718 -0.957839 0.206104 0.200165 -0.222828 0.2553 0.291013 0.922027 0.382438 0.316123 -0.384928 0.86712 0.40068 -0.93004 -0.30621 0.20313 -0.504145 0.18733 -0.87067 -0.454798 0.485852 
1533297471812 0.131587 0.934481 -0.330802 -0.599831 -0.957858 0.205811 0.200377 -0.22271 0.255331 0.290494 0.922182 0.382173 1 0 0 0 0 1 0 0 0 0 1 1.306 
1533297471824 0.131598 0.934516 -0.330699 -0.599835 -0.957848 0.205809 0.200426 -0.222716 0.255363 0.290383 0.922208 0.38217 0.313239 -0.3866 0.867422 0.386189 -0.93126 -0.304042 0.200784 -0.500185 0.18611 -0.870689 -0.455263 0.505382 
1533297471841 0.13161 0.934551 -0.330596 -0.599839 -0.957838 0.205807 0.200476 -0.222722 0.255394 0.290273 0.922234 0.382167 0.316244 -0.384866 0.867103 0.400216 -0.929998 -0.306258 0.203249 -0.504049 0.187334 -0.87068 -0.454777 0.486145 
1533297471857 0.131621 0.934585 -0.330494 -0.599843 -0.957828 0.205805 0.200525 -0.222728 0.255425 0.290163 0.92226 0.382164 0.316258 -0.384857 0.867102 0.400836 -0.929992 -0.306267 0.203261 -0.504368 0.187338 -0.870681 -0.454774 0.485921 
1533297471874 0.131632 0.93462 -0.330391 -0.599847 -0.957818 0.205803 0.200574 -0.222734 0.255456 0.290052 0.922286 0.382161 0.316239 -0.384881 0.867098 0.400855 -0.93 -0.306257 0.203241 -0.504361 0.187331 -0.870674 -0.454789 0.485943 
1533297471891 0.131643 0.934655 -0.330288 -0.59985 -0.957808 0.205801 0.200623 -0.22274 0.255487 0.289942 0.922312 0.382158 0.316214 -0.384899 0.867099 0.400827 -0.930009 -0.306245 0.203216 -0.504329 0.187327 -0.87067 -0.454799 0.48594 
1533297471907 0.131655 0.934689 -0.330186 -0.599854 -0.957798 0.205799 0.200672 -0.222746 0.255518 0.289832 0.922338 0.382155 0.3162 -0.384907 0.867101 0.400798 -0.930014 -0.306239 0.203202 -0.504306 0.187326 -0.870669 -0.454801 0.485922 
1533297471924 0.131666 0.934724 -0.330083 -0.599858 -0.957788 0.205796 0.200722 -0.222752 0.255549 0.289721 0.922364 0.382152 0.316197 -0.384904 0.867103 0.400778 -0.930014 -0.30624 0.2032 -0.504292 0.187329 -0.87067 -0.454799 0.485903 
1533297471941 0.131677 0.934759 -0.329981 -0.599862 -0.957779 0.205794 0.200771 -0.222758 0.25558 0.289612 0.92239 0.382149 0.316201 -0.384895 0.867106 0.400765 -0.930012 -0.306246 0.203202 -0.504277 0.187337 -0.870672 -0.454792 0.485883 
1533297471958 0.131688 0.934793 -0.329878 -0.599865 -0.957769 0.205792 0.20082 -0.222763 0.255611 0.289501 0.922416 0.382147 0.316123 -0.384928 0.86712 0.40068 -0.93004 -0.30621 0.20313 -0.504145 0.18733 -0.87067 -0.454798 0.485852 
1533297471983 0.131793 0.93454 -0.330554 -0.599805 -0.957804 0.205978 0.20046 -0.222732 0.255424 0.290187 0.922253 0.382299 1 0 0 0 0 1 0 0 0 0 1 1.306 
1533297471994 0.131745 0.934447 -0.330837 -0.599793 -0.957798 0.206008 0.200458 -0.222736 0.255473 0.290465 0.922152 0.382346 0.313239 -0.3866 0.867422 0.386189 -0.93126 -0.304042 0.200784 -0.500185 0.18611 -0.870689 -0.455263 0.505382 
1533297472011 0.131696 0.934353 -0.331119 -0.599781 -0.957791 0.206039 0.200458 -0.22274 0.255522 0.290744 0.92205 0.382393 0.316244 -0.384866 0.867103 0.400216 -0.929998 -0.306258 0.203249 -0.504049 0.187334 -0.87068 -0.454777 0.486145 
1533297472027 0.131647 0.93426 -0.331402 -0.599768 -0.957785 0.206069 0.200458 -0.222745 0.255572 0.291022 0.921949 0.38244 0.316258 -0.384857 0.867102 0.400836 -0.929992 -0.306267 0.203261 -0.504368 0.187338 -0.870681 -0.454774 0.485921 
1533297472044 0.131599 0.934166 -0.331685 -0.599756 -0.957778 0.206099 0.200458 -0.222749 0.255621 0.291301 0.921847 0.382487 0.316239 -0.384881 0.867098 0.400855 -0.93 -0.306257 0.203241 -0.504361 0.187331 -0.870674 -0.454789 0.485943 
