1535383631934 0.447677 0.851624 -0.272621 -0.521324 -0.884132 0.467176 0.0075311 -0.178229 0.133775 0.237661 0.962092 0.350444 0.310718 -0.310597 0.898323 0.408955 -0.940254 -0.238846 0.242641 -0.490872 0.139197 -0.920045 -0.366254 0.471742 
1535383631945 0.42833 0.860641 -0.275373 -0.533054 -0.892144 0.451194 0.0224548 -0.184403 0.143572 0.236054 0.961075 0.352726 0.292261 -0.294557 0.909846 0.406057 -0.949749 -0.200891 0.240042 -0.48989 0.112074 -0.93428 -0.338468 0.468334 
1535383633211 0.408789 0.86932 -0.277804 -0.544782 -0.899648 0.435009 0.0374223 -0.190574 0.153379 0.234628 0.959909 0.355004 0.274239 -0.277599 0.920724 0.403158 -0.957964 -0.162738 0.236265 -0.488909 0.0842498 -0.946813 -0.310558 0.464925 
1535383634175 0.389062 0.877656 -0.279911 -0.55651 -0.906642 0.418632 0.0524264 -0.196745 0.163192 0.233382 0.958593 0.357282 0.256689 -0.259753 0.930934 0.40026 -0.964883 -0.124461 0.231322 -0.487928 0.0557786 -0.957621 -0.282579 0.461517 
1535383635063 0.369162 0.885645 -0.281696 -0.56823 -0.913121 0.40207 0.0674569 -0.202912 0.173004 0.23232 0.95713 0.359558 0.239646 -0.241057 0.940458 0.397363 -0.970493 -0.0861373 0.225221 -0.486949 0.0267175 -0.966681 -0.254586 0.458109 
1535383635958 0.349096 0.893284 -0.283154 -0.579958 -0.919082 0.385332 0.0825094 -0.209084 0.182813 0.231438 0.955519 0.361835 0.223144 -0.221546 0.949276 0.394464 -0.974781 -0.0478423 0.217974 -0.485966 -0.00287578 -0.973976 -0.226635 0.4547 
1535383636943 0.328878 0.900567 -0.284287 -0.591686 -0.924522 0.368428 0.0975734 -0.215255 0.192611 0.23074 0.953761 0.364114 0.207214 -0.201261 0.957369 0.391566 -0.977741 -0.00965228 0.209594 -0.484984 -0.0329424 -0.97949 -0.198781 0.451291 
1535383637784 0.308519 0.90749 -0.285093 -0.603413 -0.929437 0.351367 0.112641 -0.221426 0.202393 0.230225 0.951858 0.366392 0.191891 -0.180241 0.964723 0.388667 -0.979365 0.0283564 0.200101 -0.484002 -0.0634226 -0.983214 -0.17108 0.447883 
1535383638613 0.288029 0.91405 -0.285573 -0.615139 -0.933826 0.334158 0.127703 -0.227597 0.212153 0.229893 0.949811 0.36867 0.177204 -0.158528 0.971323 0.385769 -0.97965 0.0661084 0.189512 -0.48302 -0.0942557 -0.985139 -0.143587 0.444474 
1535383639548 0.267428 0.920236 -0.285741 -0.626782 -0.937682 0.316821 0.142744 -0.233729 0.221887 0.229761 0.947616 0.370966 0.163183 -0.136166 0.977154 0.382874 -0.978596 0.103528 0.177851 -0.482048 -0.12538 -0.985262 -0.116357 0.441067 
1535383640476 0.268134 0.919776 -0.286558 -0.626553 -0.93762 0.317479 0.14169 -0.23395 0.221299 0.230691 0.947527 0.370711 0.16393 -0.137434 0.976851 0.383207 -0.978638 0.101892 0.178565 -0.482003 -0.124075 -0.985256 -0.117795 0.440973 
1535383640494 0.26637 0.919867 -0.28791 -0.627231 -0.937901 0.31623 0.142617 -0.234495 0.222234 0.232042 0.946979 0.370928 0.16669 -0.13564 0.976635 0.383032 -0.978833 0.0965237 0.18047 -0.482405 -0.118748 -0.986045 -0.11668 0.44098 
1535383640794 0.264605 0.919953 -0.289258 -0.627915 -0.93818 0.314982 0.143545 -0.235041 0.223166 0.233393 0.946427 0.371144 0.16944 -0.133832 0.976411 0.382857 -0.978993 0.0911552 0.182382 -0.48281 -0.113413 -0.986803 -0.115575 0.440987 
1535383641092 0.262838 0.920036 -0.290604 -0.628599 -0.938455 0.313734 0.144476 -0.235589 0.224095 0.234745 0.945873 0.37136 0.17218 -0.132008 0.97618 0.382683 -0.979119 0.0857874 0.184299 -0.483214 -0.108073 -0.987529 -0.114481 0.440994 
1535383641468 0.261069 0.920114 -0.291947 -0.629283 -0.938727 0.312487 0.145408 -0.236136 0.225021 0.236097 0.945317 0.371575 0.174908 -0.130169 0.975942 0.382508 -0.979211 0.0804209 0.18622 -0.483619 -0.102726 -0.988225 -0.113396 0.441 
1535383641773 0.259299 0.920188 -0.293288 -0.629966 -0.938996 0.311241 0.146341 -0.236682 0.225945 0.23745 0.944757 0.371792 0.177626 -0.128315 0.975697 0.382334 -0.979269 0.0750556 0.188147 -0.484022 -0.0973735 -0.988889 -0.112323 0.441007 
1535383642137 0.257526 0.920258 -0.294627 -0.63065 -0.939262 0.309995 0.147277 -0.237229 0.226866 0.238804 0.944195 0.372007 0.180333 -0.126445 0.975444 0.382159 -0.979292 0.0696918 0.190078 -0.484427 -0.0920149 -0.989522 -0.111259 0.441014 
1535383642458 0.255751 0.920324 -0.295963 -0.631334 -0.939524 0.30875 0.148214 -0.237776 0.227784 0.240159 0.94363 0.372223 0.183028 -0.124561 0.975185 0.381985 -0.979282 0.0643296 0.192014 -0.484831 -0.0866507 -0.990124 -0.110206 0.441021 
1535383642774 0.253975 0.920386 -0.297297 -0.632017 -0.939784 0.307506 0.149153 -0.238323 0.228699 0.241514 0.943063 0.372439 0.185713 -0.122661 0.974918 0.38181 -0.979237 0.0589694 0.193955 -0.485235 -0.081281 -0.990695 -0.109163 0.441028 
1535383643120 0.252196 0.920444 -0.298629 -0.6327 -0.94004 0.306262 0.150093 -0.238869 0.229611 0.242871 0.942493 0.372655 0.188386 -0.120747 0.974644 0.381635 -0.979157 0.0536111 0.1959 -0.485639 -0.0759061 -0.991235 -0.108131 0.441035 
1535383643447 0.252754 0.920423 -0.298224 -0.632471 -0.940006 0.306605 0.149607 -0.238792 0.229139 0.242519 0.942698 0.372559 0.18777 -0.121157 0.974712 0.381688 -0.979208 0.0544727 0.195407 -0.485539 -0.07677 -0.991138 -0.108409 0.441013 
1535383643463 0.25161 0.920746 -0.298192 -0.632909 -0.940154 0.305677 0.15057 -0.239016 0.229787 0.242462 0.942555 0.372735 0.188211 -0.12041 0.974719 0.381618 -0.979395 0.0509898 0.195413 -0.485605 -0.0732303 -0.991414 -0.108332 0.44107 
1535383643646 0.250465 0.921069 -0.298159 -0.633351 -0.940302 0.304747 0.151533 -0.239243 0.230435 0.242405 0.942411 0.37291 0.188651 -0.119662 0.974726 0.381547 -0.979568 0.0475057 0.19542 -0.485671 -0.0696895 -0.991677 -0.108255 0.441127 
1535383643872 0.24932 0.921391 -0.298124 -0.633793 -0.940447 0.303817 0.152495 -0.239469 0.231083 0.24235 0.942267 0.373085 0.189089 -0.118913 0.974733 0.381477 -0.97973 0.0440211 0.195428 -0.485737 -0.0661477 -0.991928 -0.108178 0.441183 
1535383644099 0.248174 0.921712 -0.298088 -0.634236 -0.94059 0.302886 0.153458 -0.239696 0.231731 0.242294 0.942122 0.373261 0.189523 -0.118162 0.97474 0.381407 -0.979878 0.0405359 0.195436 -0.485804 -0.062605 -0.992167 -0.108102 0.44124 
1535383644323 0.247028 0.922032 -0.298051 -0.634679 -0.940732 0.301955 0.154421 -0.239923 0.232379 0.24224 0.941977 0.373436 0.189955 -0.117409 0.974747 0.381336 -0.980015 0.0370502 0.195444 -0.48587 -0.0590615 -0.992392 -0.108025 0.441297 
1535383644556 0.245882 0.922351 -0.298012 -0.635123 -0.940872 0.301024 0.155383 -0.24015 0.233027 0.242186 0.94183 0.373611 0.190384 -0.116655 0.974754 0.381266 -0.980139 0.0335641 0.195453 -0.485936 -0.0555173 -0.992605 -0.107948 0.441354 
1535383644763 0.244735 0.922668 -0.297973 -0.635564 -0.941011 0.300092 0.156346 -0.240376 0.233675 0.242133 0.941684 0.373786 0.190811 -0.115899 0.974761 0.381196 -0.98025 0.0300775 0.195462 -0.486002 -0.0519723 -0.992805 -0.107871 0.441411 
1535383644989 0.243588 0.922985 -0.297933 -0.636008 -0.941147 0.29916 0.157308 -0.240603 0.234322 0.24208 0.941536 0.373961 0.191235 -0.115142 0.974767 0.381126 -0.980349 0.0265905 0.195471 -0.486068 -0.0484266 -0.992993 -0.107795 0.441467 
1535383645190 0.242442 0.9233 -0.297891 -0.63645 -0.941282 0.298227 0.15827 -0.24083 0.23497 0.242028 0.941388 0.374136 0.191656 -0.114384 0.974774 0.381055 -0.980435 0.0231032 0.19548 -0.486135 -0.0448802 -0.993168 -0.107718 0.441524 
1535383645435 0.242985 0.923169 -0.297853 -0.63622 -0.941267 0.298609 0.157638 -0.240811 0.234468 0.242056 0.941506 0.374042 0.191681 -0.114782 0.974722 0.381143 -0.980368 0.024385 0.195663 -0.486024 -0.0462272 -0.993091 -0.107854 0.441469 
1535383645448 0.242351 0.923488 -0.297382 -0.636384 -0.941358 0.297999 0.158244 -0.24093 0.234756 0.241592 0.941553 0.374121 0.191499 -0.114363 0.974807 0.381052 -0.980416 0.0242279 0.195443 -0.486026 -0.0459691 -0.993144 -0.107484 0.441431 
1535383645467 0.241716 0.923807 -0.296908 -0.636554 -0.94145 0.297386 0.158851 -0.241051 0.235044 0.241127 0.941601 0.374199 0.191316 -0.113944 0.974892 0.380961 -0.980464 0.024071 0.195222 -0.486028 -0.045711 -0.993196 -0.107112 0.441394 
1535383645639 0.241081 0.924125 -0.296433 -0.636723 -0.941541 0.296773 0.159457 -0.241173 0.235331 0.240662 0.941648 0.374277 0.191132 -0.113524 0.974977 0.38087 -0.980511 0.023914 0.195002 -0.48603 -0.0454529 -0.993247 -0.106741 0.441356 
1535383645804 0.240445 0.924443 -0.295959 -0.636893 -0.941631 0.29616 0.160062 -0.241294 0.235619 0.240198 0.941695 0.374355 0.190949 -0.113104 0.975062 0.380779 -0.980559 0.0237568 0.194781 -0.486032 -0.045195 -0.993299 -0.106369 0.441319 
1535383645954 0.23981 0.92476 -0.295483 -0.637062 -0.941721 0.295546 0.160668 -0.241415 0.235908 0.239733 0.941741 0.374433 0.190765 -0.112685 0.975146 0.380689 -0.980607 0.0235996 0.194561 -0.486034 -0.0449371 -0.99335 -0.105998 0.441281 
1535383646118 0.239175 0.925076 -0.295008 -0.637231 -0.94181 0.294932 0.161273 -0.241536 0.236197 0.239269 0.941786 0.374512 0.190582 -0.112265 0.975231 0.380598 -0.980654 0.0234422 0.19434 -0.486036 -0.0446793 -0.993402 -0.105626 0.441243 
1535383646289 0.23854 0.925392 -0.294531 -0.637401 -0.941899 0.294317 0.161877 -0.241658 0.236486 0.238804 0.941832 0.37459 0.190398 -0.111846 0.975315 0.380507 -0.980701 0.0232848 0.19412 -0.486038 -0.0444215 -0.993453 -0.105254 0.441206 
1535383646452 0.237905 0.925707 -0.294055 -0.63757 -0.941987 0.293702 0.162482 -0.241779 0.236775 0.23834 0.941877 0.374668 0.190214 -0.111426 0.975399 0.380416 -0.980749 0.0231273 0.193899 -0.48604 -0.0441638 -0.993504 -0.104882 0.441168 
1535383646603 0.23727 0.926021 -0.293577 -0.63774 -0.942074 0.293087 0.163086 -0.241901 0.237064 0.237876 0.941921 0.374746 0.190029 -0.111007 0.975483 0.380325 -0.980796 0.0229698 0.193678 -0.486042 -0.0439062 -0.993554 -0.10451 0.441131 
1535383646792 0.237622 0.925808 -0.293966 -0.63763 -0.942046 0.293429 0.162631 -0.241772 0.236823 0.238285 0.941879 0.374661 0.190309 -0.111663 0.975353 0.380434 -0.980727 0.0231475 0.194007 -0.48603 -0.0442405 -0.993476 -0.105106 0.441194 
1535383646829 0.237358 0.926034 -0.293467 -0.637714 -0.942173 0.293029 0.162617 -0.241851 0.236583 0.237898 0.942036 0.374664 0.190181 -0.112044 0.975334 0.380385 -0.980814 0.0216642 0.193738 -0.486066 -0.0428371 -0.993467 -0.105775 0.441288 
1535383646925 0.237091 0.92626 -0.292968 -0.637803 -0.9423 0.292628 0.162604 -0.241931 0.236344 0.237512 0.942194 0.374665 0.190054 -0.112425 0.975315 0.380337 -0.980899 0.0201803 0.193468 -0.486103 -0.0414329 -0.993455 -0.106443 0.441381 
1535383646990 0.236825 0.926486 -0.29247 -0.637893 -0.942427 0.292226 0.16259 -0.242013 0.236105 0.237126 0.942351 0.374667 0.189928 -0.112806 0.975296 0.380288 -0.980982 0.0186965 0.193197 -0.486139 -0.0400285 -0.993441 -0.10711 0.441475 
1535383647105 0.236559 0.926711 -0.291971 -0.637982 -0.942554 0.291824 0.162577 -0.242094 0.235866 0.236739 0.942508 0.374668 0.189802 -0.113188 0.975276 0.38024 -0.981062 0.0172127 0.192926 -0.486175 -0.0386239 -0.993425 -0.107777 0.441569 
1535383647162 0.236292 0.926936 -0.291472 -0.63807 -0.94268 0.291423 0.162562 -0.242174 0.235627 0.236353 0.942665 0.37467 0.189677 -0.113569 0.975256 0.380191 -0.981141 0.015729 0.192653 -0.486211 -0.0372192 -0.993406 -0.108444 0.441662 
1535383647282 0.236025 0.927161 -0.290973 -0.638159 -0.942807 0.291021 0.162548 -0.242255 0.235388 0.235966 0.942822 0.374672 0.189553 -0.11395 0.975236 0.380143 -0.981217 0.0142453 0.19238 -0.486248 -0.0358143 -0.993384 -0.10911 0.441756 
1535383647350 0.235758 0.927385 -0.290474 -0.638247 -0.942933 0.290619 0.162534 -0.242336 0.235149 0.235579 0.942978 0.374673 0.189429 -0.114332 0.975215 0.380094 -0.981291 0.0127618 0.192105 -0.486284 -0.0344093 -0.993361 -0.109776 0.44185 
1535383647470 0.235491 0.927609 -0.289975 -0.638337 -0.94306 0.290218 0.162519 -0.242417 0.23491 0.235192 0.943134 0.374675 0.189305 -0.114714 0.975194 0.380046 -0.981363 0.0112784 0.191829 -0.48632 -0.0330041 -0.993335 -0.110441 0.441944 
1535383647544 0.235224 0.927833 -0.289476 -0.638426 -0.943186 0.289816 0.162504 -0.242498 0.234671 0.234804 0.94329 0.374676 0.189183 -0.115096 0.975173 0.379997 -0.981433 0.00979488 0.191553 -0.486357 -0.0315987 -0.993306 -0.111106 0.442037 
1535383647689 0.23568 0.927467 -0.290275 -0.638311 -0.943017 0.290446 0.162359 -0.242471 0.234892 0.23547 0.943069 0.374612 0.189234 -0.114496 0.975234 0.380034 -0.981347 0.0122402 0.191857 -0.486333 -0.0339039 -0.993348 -0.110044 0.441865 
1535383647700 0.235976 0.927525 -0.28985 -0.638315 -0.943005 0.290591 0.162168 -0.242466 0.234643 0.235062 0.943233 0.374559 0.189207 -0.116328 0.975022 0.380051 -0.981335 0.0123719 0.191908 -0.486417 -0.0343872 -0.993134 -0.111816 0.442095 
1535383647883 0.23627 0.927583 -0.289425 -0.638322 -0.942993 0.290736 0.161978 -0.242464 0.234394 0.234655 0.943396 0.374505 0.18918 -0.11816 0.974807 0.38007 -0.981323 0.0125024 0.19196 -0.486505 -0.0348694 -0.992916 -0.113588 0.442326 
1535383648072 0.236565 0.92764 -0.289 -0.638329 -0.942981 0.290881 0.161787 -0.242461 0.234145 0.234248 0.943559 0.37445 0.189153 -0.119992 0.974589 0.380088 -0.981311 0.0126326 0.192013 -0.486593 -0.0353516 -0.992695 -0.11536 0.442557 
1535383648272 0.236859 0.927697 -0.288575 -0.638337 -0.942969 0.291025 0.161597 -0.242458 0.233895 0.233841 0.943722 0.374396 0.189125 -0.121823 0.974367 0.380107 -0.981299 0.0127628 0.192066 -0.486682 -0.0358337 -0.99247 -0.117131 0.442788 
1535383648459 0.237153 0.927755 -0.288149 -0.638346 -0.942957 0.29117 0.161406 -0.242456 0.233646 0.233434 0.943885 0.374342 0.189096 -0.123654 0.974142 0.380126 -0.981287 0.0128929 0.192119 -0.48677 -0.0363157 -0.992242 -0.118902 0.443019 
1535383648639 0.237447 0.927811 -0.287724 -0.638353 -0.942945 0.291315 0.161216 -0.242453 0.233396 0.233027 0.944047 0.374288 0.189066 -0.125484 0.973914 0.380144 -0.981275 0.0130228 0.192173 -0.486857 -0.0367977 -0.99201 -0.120672 0.44325 
1535383648845 0.237741 0.927868 -0.287298 -0.638361 -0.942933 0.29146 0.161025 -0.24245 0.233146 0.23262 0.944209 0.374234 0.189035 -0.127314 0.973682 0.380163 -0.981262 0.0131527 0.192226 -0.486946 -0.0372796 -0.991775 -0.122442 0.443481 
1535383649038 0.238035 0.927924 -0.286872 -0.638369 -0.94292 0.291605 0.160835 -0.242448 0.232896 0.232213 0.944371 0.37418 0.189003 -0.129143 0.973447 0.380181 -0.98125 0.0132825 0.19228 -0.487033 -0.0377615 -0.991537 -0.124211 0.443712 
1535383649224 0.238329 0.927981 -0.286446 -0.638377 -0.942908 0.29175 0.160645 -0.242445 0.232646 0.231806 0.944533 0.374125 0.18897 -0.130972 0.973209 0.3802 -0.981238 0.0134122 0.192334 -0.487122 -0.0382433 -0.991295 -0.12598 0.443943 
1535383649457 0.238073 0.927895 -0.286937 -0.63836 -0.942888 0.291674 0.160896 -0.242489 0.232987 0.232244 0.944341 0.374227 0.189046 -0.130222 0.973295 0.38017 -0.98122 0.0136277 0.192409 -0.487094 -0.0383196 -0.991391 -0.1252 0.443722 
1535383649468 0.238687 0.927813 -0.28669 -0.638171 -0.942778 0.292173 0.160638 -0.242387 0.232805 0.231943 0.94446 0.374271 0.189508 -0.130163 0.973213 0.380219 -0.981155 0.0129661 0.192788 -0.487238 -0.0377127 -0.991408 -0.125253 0.443689 
1535383649617 0.239301 0.92773 -0.286445 -0.637975 -0.942667 0.292673 0.160379 -0.242283 0.232623 0.231644 0.944578 0.374317 0.189971 -0.130103 0.973131 0.380269 -0.981088 0.0123034 0.19317 -0.487384 -0.0371048 -0.991424 -0.125305 0.443656 
1535383649738 0.239916 0.927648 -0.2862 -0.63778 -0.942556 0.293172 0.16012 -0.242179 0.232441 0.231344 0.944696 0.374362 0.190434 -0.130043 0.973049 0.380319 -0.981021 0.0116408 0.19355 -0.48753 -0.0364969 -0.99144 -0.125358 0.443623 
1535383649895 0.24053 0.927564 -0.285954 -0.637586 -0.942444 0.293672 0.159861 -0.242074 0.232258 0.231045 0.944815 0.374407 0.190897 -0.129983 0.972966 0.380368 -0.980954 0.0109783 0.19393 -0.487675 -0.035889 -0.991456 -0.125411 0.443591 
1535383650042 0.241145 0.92748 -0.285709 -0.63739 -0.942332 0.294171 0.159603 -0.24197 0.232076 0.230745 0.944933 0.374452 0.191359 -0.129922 0.972883 0.380418 -0.980886 0.0103157 0.194311 -0.487821 -0.0352812 -0.991471 -0.125464 0.443558 
1535383650158 0.241759 0.927396 -0.285463 -0.637196 -0.94222 0.294671 0.159344 -0.241866 0.231893 0.230446 0.945051 0.374497 0.191822 -0.129861 0.9728 0.380468 -0.980817 0.00965315 0.194691 -0.487967 -0.0346733 -0.991485 -0.125518 0.443525 
1535383650317 0.242373 0.927312 -0.285217 -0.637001 -0.942107 0.29517 0.159086 -0.241762 0.23171 0.230147 0.945168 0.374543 0.192284 -0.129799 0.972717 0.380518 -0.980748 0.00899061 0.195072 -0.488112 -0.0340655 -0.9915 -0.125572 0.443492 
1535383650454 0.242987 0.927227 -0.28497 -0.636807 -0.941994 0.29567 0.158828 -0.241658 0.231527 0.229847 0.945286 0.374588 0.192747 -0.129738 0.972634 0.380567 -0.980678 0.00832812 0.195452 -0.488258 -0.0334576 -0.991513 -0.125625 0.443459 
1535383650596 0.2436 0.927142 -0.284724 -0.636613 -0.941881 0.296169 0.15857 -0.241554 0.231343 0.229548 0.945404 0.374633 0.193209 -0.129675 0.972551 0.380617 -0.980608 0.00766565 0.195832 -0.488403 -0.0328498 -0.991527 -0.12568 0.443427 
1535383650762 0.243084 0.927231 -0.284874 -0.636758 -0.942004 0.295712 0.158692 -0.241695 0.231385 0.229777 0.945338 0.374606 0.192711 -0.129839 0.972628 0.38053 -0.980677 0.0085378 0.195445 -0.488187 -0.0336805 -0.991498 -0.125685 0.44345 
1535383650784 0.243275 0.927178 -0.284882 -0.63639 -0.941939 0.295912 0.158706 -0.241557 0.231448 0.229733 0.945333 0.37473 0.193186 -0.130274 0.972475 0.380584 -0.980579 0.00853234 0.195939 -0.488371 -0.0338232 -0.991441 -0.126096 0.443446 
1535383650848 0.243466 0.927125 -0.284891 -0.636018 -0.941874 0.296111 0.158719 -0.241416 0.231512 0.229689 0.945328 0.374855 0.193662 -0.130709 0.972322 0.380638 -0.98048 0.00852591 0.196433 -0.488555 -0.0339654 -0.991384 -0.126506 0.443442 
1535383651058 0.243657 0.927072 -0.2849 -0.635644 -0.941809 0.296311 0.158733 -0.241275 0.231576 0.229645 0.945323 0.374981 0.194138 -0.131143 0.972169 0.380692 -0.980381 0.00851929 0.196927 -0.48874 -0.0341079 -0.991327 -0.126917 0.443438 
1535383651250 0.243848 0.92702 -0.284908 -0.635273 -0.941744 0.29651 0.158746 -0.241135 0.231639 0.229601 0.945318 0.375106 0.194613 -0.131578 0.972015 0.380746 -0.980282 0.0085124 0.197421 -0.488924 -0.0342505 -0.991269 -0.127327 0.443434 
1535383651441 0.244039 0.926967 -0.284917 -0.634899 -0.941679 0.296709 0.15876 -0.240993 0.231703 0.229557 0.945314 0.375231 0.195089 -0.132013 0.971861 0.3808 -0.980182 0.00850537 0.197915 -0.489109 -0.0343933 -0.991212 -0.127737 0.44343 
1535383651625 0.24423 0.926914 -0.284926 -0.634526 -0.941614 0.296909 0.158773 -0.240852 0.231766 0.229513 0.945309 0.375356 0.195564 -0.132447 0.971706 0.380854 -0.980083 0.00849804 0.198409 -0.489294 -0.0345363 -0.991154 -0.128147 0.443426 
1535383651808 0.24442 0.926861 -0.284934 -0.634154 -0.941549 0.297108 0.158787 -0.240712 0.23183 0.229469 0.945304 0.375481 0.19604 -0.132882 0.971551 0.380908 -0.979983 0.00849053 0.198902 -0.489478 -0.0346795 -0.991096 -0.128557 0.443422 
1535383652008 0.244611 0.926808 -0.284943 -0.63378 -0.941483 0.297307 0.158801 -0.240571 0.231893 0.229425 0.945299 0.375607 0.196515 -0.133316 0.971395 0.380962 -0.979882 0.00848282 0.199396 -0.489663 -0.0348229 -0.991037 -0.128967 0.443418 
1535383652213 0.244802 0.926755 -0.284952 -0.633408 -0.941418 0.297506 0.158814 -0.24043 0.231957 0.229381 0.945294 0.375732 0.19699 -0.133751 0.971239 0.381016 -0.979782 0.00847481 0.19989 -0.489847 -0.0349665 -0.990979 -0.129377 0.443414 
1535383652444 0.244693 0.926765 -0.285014 -0.633626 -0.941441 0.297418 0.158844 -0.240508 0.23198 0.229455 0.94527 0.37567 0.196607 -0.133356 0.971371 0.381 -0.979869 0.00832514 0.19947 -0.489672 -0.0346873 -0.991033 -0.129034 0.443496 
1535383652463 0.244749 0.926697 -0.285187 -0.633147 -0.941378 0.297549 0.158971 -0.240306 0.232174 0.229561 0.945197 0.375819 0.196828 -0.133268 0.971339 0.381056 -0.97982 0.00845044 0.199706 -0.489785 -0.0348226 -0.991044 -0.128915 0.443413 
1535383652656 0.244804 0.926628 -0.28536 -0.632664 -0.941316 0.297679 0.159096 -0.240102 0.232369 0.229667 0.945123 0.375969 0.196994 -0.133143 0.971322 0.381111 -0.979782 0.00858041 0.199886 -0.489895 -0.0349476 -0.99106 -0.12876 0.443333 
1535383652866 0.24486 0.92656 -0.285534 -0.63218 -0.941253 0.29781 0.159222 -0.239898 0.232564 0.229772 0.94505 0.376119 0.19716 -0.133017 0.971306 0.381166 -0.979744 0.00871037 0.200066 -0.490004 -0.0350726 -0.991075 -0.128605 0.443253 
1535383653092 0.244916 0.926492 -0.285707 -0.631697 -0.941191 0.29794 0.159348 -0.239693 0.232759 0.229878 0.944976 0.376269 0.197327 -0.132892 0.971289 0.381221 -0.979706 0.00884033 0.200246 -0.490114 -0.0351975 -0.991091 -0.12845 0.443173 
1535383653297 0.244971 0.926424 -0.285881 -0.631213 -0.941128 0.298071 0.159474 -0.239489 0.232953 0.229984 0.944902 0.376419 0.197493 -0.132766 0.971272 0.381275 -0.979668 0.00897032 0.200426 -0.490224 -0.0353224 -0.991107 -0.128295 0.443093 
1535383653512 0.245027 0.926356 -0.286054 -0.63073 -0.941065 0.298201 0.1596 -0.239285 0.233148 0.230089 0.944828 0.376569 0.197659 -0.132641 0.971256 0.38133 -0.97963 0.00910037 0.200606 -0.490334 -0.0354473 -0.991122 -0.12814 0.443013 
1535383653713 0.245083 0.926287 -0.286228 -0.630245 -0.941002 0.298332 0.159726 -0.23908 0.233343 0.230195 0.944755 0.376719 0.197826 -0.132515 0.971239 0.381385 -0.979591 0.00923031 0.200787 -0.490444 -0.0355722 -0.991138 -0.127985 0.442933 
1535383653937 0.245138 0.926219 -0.286401 -0.629762 -0.94094 0.298463 0.159851 -0.238876 0.233538 0.230301 0.944681 0.376869 0.197992 -0.13239 0.971222 0.38144 -0.979553 0.00936048 0.200966 -0.490554 -0.035697 -0.991154 -0.127829 0.442853 
1535383654157 0.245193 0.926151 -0.286575 -0.629279 -0.940877 0.298593 0.159977 -0.238672 0.233732 0.230406 0.944607 0.377019 0.198158 -0.132264 0.971205 0.381495 -0.979515 0.00949059 0.201146 -0.490664 -0.0358218 -0.991169 -0.127674 0.442773 
1535383654410 0.245065 0.926218 -0.286468 -0.629506 -0.940936 0.298427 0.159941 -0.238726 0.23363 0.230352 0.944645 0.376974 0.197946 -0.132412 0.971228 0.381444 -0.979565 0.00928375 0.200911 -0.490548 -0.0356197 -0.991151 -0.127868 0.442862 
1535383654426 0.245063 0.926129 -0.286757 -0.629109 -0.94081 0.298599 0.160358 -0.238586 0.234138 0.230486 0.944487 0.377102 0.198209 -0.131158 0.971345 0.381489 -0.979548 0.00851176 0.201032 -0.49063 -0.0346348 -0.991325 -0.126789 0.442651 
1535383654582 0.24506 0.92604 -0.287047 -0.628707 -0.940684 0.298772 0.160775 -0.238443 0.234646 0.230621 0.944328 0.377231 0.19847 -0.129904 0.97146 0.381533 -0.979529 0.00773928 0.201153 -0.490712 -0.033649 -0.991496 -0.125709 0.442441 
1535383654775 0.245058 0.92595 -0.287337 -0.628305 -0.940558 0.298944 0.161192 -0.238301 0.235153 0.230756 0.944169 0.37736 0.19873 -0.12865 0.971574 0.381578 -0.97951 0.00696696 0.201275 -0.490793 -0.0326629 -0.991666 -0.124629 0.44223 
1535383654987 0.245056 0.925861 -0.287627 -0.627903 -0.940432 0.299117 0.161608 -0.238158 0.235661 0.230891 0.944009 0.377489 0.198988 -0.127395 0.971686 0.381623 -0.97949 0.00619479 0.201398 -0.490875 -0.0316765 -0.991833 -0.123549 0.44202 
1535383655180 0.245053 0.925771 -0.287917 -0.6275 -0.940305 0.29929 0.162025 -0.238016 0.236169 0.231025 0.943849 0.377618 0.199245 -0.126139 0.971797 0.381667 -0.979469 0.00542281 0.201522 -0.490957 -0.0306897 -0.991998 -0.122469 0.441809 
1535383655372 0.24505 0.925682 -0.288207 -0.627099 -0.940178 0.299463 0.162441 -0.237874 0.236676 0.23116 0.943689 0.377747 0.199501 -0.124884 0.971907 0.381712 -0.979447 0.00465093 0.201647 -0.491039 -0.0297027 -0.99216 -0.121389 0.441599 
1535383655570 0.245047 0.925592 -0.288497 -0.626696 -0.940051 0.299636 0.162858 -0.237731 0.237184 0.231294 0.943529 0.377876 0.199756 -0.123628 0.972015 0.381757 -0.979425 0.00387926 0.201772 -0.491121 -0.0287153 -0.992321 -0.120309 0.441388 
1535383655772 0.245044 0.925503 -0.288787 -0.626294 -0.939923 0.299809 0.163274 -0.237589 0.237692 0.231429 0.943368 0.378005 0.200009 -0.122371 0.972122 0.381801 -0.979402 0.00310775 0.201898 -0.491203 -0.0277277 -0.99248 -0.119229 0.441178 
1535383655977 0.245041 0.925413 -0.289077 -0.625891 -0.939796 0.299982 0.16369 -0.237446 0.238199 0.231563 0.943207 0.378134 0.200262 -0.121115 0.972228 0.381846 -0.979377 0.00233634 0.202026 -0.491285 -0.0267397 -0.992636 -0.118149 0.440967 
1535383656206 0.244974 0.925461 -0.288981 -0.626122 -0.939886 0.299831 0.163451 -0.237499 0.237912 0.231568 0.943278 0.378019 0.200272 -0.121836 0.972135 0.381859 -0.979363 0.0026469 0.202092 -0.491182 -0.0271952 -0.992547 -0.118791 0.441199 
1535383656220 0.245069 0.925346 -0.289269 -0.625784 -0.939826 0.300006 0.163472 -0.237349 0.238051 0.231801 0.943186 0.378143 0.200358 -0.120715 0.972258 0.381875 -0.979398 0.000861773 0.201936 -0.49124 -0.0252146 -0.992687 -0.118055 0.441057 
1535383656306 0.245163 0.92523 -0.289558 -0.625442 -0.939767 0.300181 0.163493 -0.237197 0.238188 0.232034 0.943094 0.378267 0.200442 -0.119594 0.972379 0.381891 -0.97943 -0.000923193 0.201782 -0.491299 -0.0232342 -0.992822 -0.117319 0.440915 
1535383656493 0.245258 0.925115 -0.289846 -0.625101 -0.939707 0.300357 0.163513 -0.237044 0.238326 0.232267 0.943002 0.378392 0.200525 -0.118473 0.972499 0.381907 -0.979458 -0.0027083 0.20163 -0.491357 -0.0212538 -0.992954 -0.116582 0.440773 
1535383656708 0.245353 0.924999 -0.290135 -0.624759 -0.939647 0.300532 0.163534 -0.236892 0.238463 0.232501 0.94291 0.378517 0.200605 -0.117351 0.972618 0.381923 -0.979483 -0.00449367 0.201479 -0.491416 -0.0192731 -0.99308 -0.115845 0.440631 
1535383656900 0.245447 0.924884 -0.290423 -0.624418 -0.939588 0.300707 0.163554 -0.23674 0.238601 0.232734 0.942817 0.378641 0.200683 -0.116229 0.972737 0.381939 -0.979504 -0.006279 0.201328 -0.491474 -0.0172924 -0.993203 -0.115107 0.440489 
1535383657097 0.245542 0.924768 -0.290712 -0.624075 -0.939528 0.300882 0.163575 -0.236588 0.238739 0.232968 0.942725 0.378766 0.200759 -0.115107 0.972855 0.381956 -0.979521 -0.00806468 0.20118 -0.491533 -0.0153116 -0.99332 -0.114369 0.440347 
1535383657281 0.245636 0.924652 -0.291 -0.623734 -0.939469 0.301057 0.163595 -0.236436 0.238876 0.233201 0.942632 0.37889 0.200832 -0.113985 0.972972 0.381972 -0.979535 -0.00985031 0.201032 -0.491591 -0.0133306 -0.993434 -0.11363 0.440205 
1535383657487 0.24573 0.924536 -0.291289 -0.623391 -0.939409 0.301233 0.163615 -0.236283 0.239014 0.233434 0.94254 0.379015 0.200903 -0.112862 0.973088 0.381988 -0.979545 -0.0116361 0.200886 -0.49165 -0.0113495 -0.993542 -0.112892 0.440063 
1535383657670 0.245825 0.92442 -0.291577 -0.623049 -0.939349 0.301408 0.163635 -0.236131 0.239152 0.233667 0.942447 0.379139 0.200973 -0.11174 0.973203 0.382004 -0.979552 -0.0134222 0.200743 -0.491708 -0.00936834 -0.993647 -0.112152 0.439921 
1535383657896 0.24591 0.924443 -0.291434 -0.623229 -0.93933 0.301461 0.163649 -0.23628 0.23914 0.233509 0.942489 0.379089 0.200846 -0.112336 0.973161 0.381963 -0.979568 -0.0124851 0.200727 -0.491734 -0.0103988 -0.993592 -0.112548 0.440009 
1535383657912 0.245843 0.924425 -0.291548 -0.623018 -0.939309 0.301454 0.163778 -0.236182 0.239289 0.23359 0.942431 0.379163 0.200881 -0.112084 0.973182 0.381971 -0.979567 -0.0131018 0.20069 -0.491801 -0.00974367 -0.993612 -0.112426 0.43997 
1535383657927 0.245777 0.924406 -0.291663 -0.622803 -0.939289 0.301449 0.163906 -0.236082 0.239437 0.233671 0.942373 0.379239 0.200915 -0.111832 0.973204 0.381979 -0.979566 -0.0137188 0.200652 -0.491868 -0.00908823 -0.993632 -0.112303 0.439931 
1535383658066 0.245711 0.924387 -0.291777 -0.622588 -0.939268 0.301443 0.164035 -0.235982 0.239586 0.233752 0.942316 0.379314 0.20095 -0.111581 0.973226 0.381987 -0.979565 -0.0143358 0.200615 -0.491935 -0.00843279 -0.993652 -0.112181 0.439893 
1535383658161 0.245646 0.924369 -0.291891 -0.622373 -0.939247 0.301438 0.164163 -0.235882 0.239734 0.233832 0.942258 0.379389 0.200984 -0.111329 0.973248 0.381995 -0.979564 -0.0149527 0.200577 -0.492002 -0.00777736 -0.993671 -0.112059 0.439854 
1535383658289 0.24558 0.92435 -0.292006 -0.622157 -0.939227 0.301433 0.164291 -0.235782 0.239882 0.233913 0.9422 0.379464 0.201018 -0.111077 0.97327 0.382003 -0.979562 -0.0155697 0.200541 -0.492069 -0.0071219 -0.99369 -0.111936 0.439815 
1535383658387 0.245514 0.924331 -0.29212 -0.621943 -0.939206 0.301427 0.164419 -0.235682 0.240031 0.233994 0.942142 0.379539 0.201052 -0.110825 0.973291 0.382011 -0.979559 -0.0161867 0.200503 -0.492136 -0.00646644 -0.993708 -0.111814 0.439776 
1535383658518 0.245449 0.924313 -0.292234 -0.621727 -0.939185 0.301422 0.164547 -0.235582 0.240179 0.234074 0.942085 0.379615 0.201086 -0.110573 0.973313 0.382019 -0.979556 -0.0168037 0.200467 -0.492203 -0.00581096 -0.993726 -0.111692 0.439737 
1535383658605 0.245383 0.924294 -0.292349 -0.621512 -0.939165 0.301417 0.164675 -0.235482 0.240327 0.234155 0.942027 0.37969 0.201119 -0.110321 0.973335 0.382027 -0.979553 -0.0174207 0.20043 -0.49227 -0.00515549 -0.993743 -0.111569 0.439699 
1535383658744 0.245317 0.924275 -0.292463 -0.621297 -0.939144 0.301411 0.164804 -0.235383 0.240476 0.234235 0.941969 0.379765 0.201152 -0.110069 0.973356 0.382035 -0.97955 -0.0180377 0.200393 -0.492337 -0.00450002 -0.99376 -0.111447 0.43966 
1535383658872 0.245292 0.924291 -0.292433 -0.621523 -0.939186 0.301348 0.164679 -0.235461 0.240336 0.234255 0.942 0.379642 0.201138 -0.1105 0.97331 0.38205 -0.979547 -0.0170467 0.200492 -0.492198 -0.0055627 -0.99373 -0.111669 0.439701 
1535383658890 0.245214 0.924254 -0.292616 -0.6213 -0.939112 0.301398 0.165009 -0.235389 0.240704 0.234337 0.941885 0.379723 0.201791 -0.110864 0.973134 0.382075 -0.979417 -0.0180443 0.201038 -0.492345 -0.00472844 -0.993672 -0.112224 0.439774 
1535383659022 0.245137 0.924216 -0.2928 -0.621072 -0.939038 0.301449 0.165338 -0.235315 0.241072 0.23442 0.94177 0.379804 0.202443 -0.111228 0.972957 0.382101 -0.979286 -0.0190408 0.201583 -0.492496 -0.00389576 -0.993612 -0.112779 0.439847 
1535383659158 0.245059 0.924179 -0.292984 -0.620845 -0.938963 0.3015 0.165668 -0.235241 0.241441 0.234503 0.941655 0.379886 0.203095 -0.111591 0.972779 0.382127 -0.979154 -0.0200376 0.202128 -0.492646 -0.00306344 -0.993552 -0.113334 0.439921 
1535383659302 0.244982 0.924141 -0.293168 -0.620617 -0.938889 0.301551 0.165997 -0.235167 0.24181 0.234586 0.94154 0.379968 0.203749 -0.111953 0.972601 0.382153 -0.979021 -0.0210346 0.202672 -0.492796 -0.00223147 -0.993491 -0.11389 0.439994 
1535383659470 0.244904 0.924103 -0.293352 -0.62039 -0.938814 0.301602 0.166327 -0.235093 0.242179 0.234669 0.941425 0.380049 0.204403 -0.112314 0.972422 0.382179 -0.978886 -0.0220318 0.203217 -0.492945 -0.00139987 -0.993428 -0.114446 0.440067 
1535383659619 0.244827 0.924065 -0.293536 -0.620162 -0.938739 0.301654 0.166656 -0.235019 0.242547 0.234752 0.941309 0.380131 0.205056 -0.112675 0.972243 0.382205 -0.97875 -0.0230291 0.203759 -0.493096 -0.000568671 -0.993365 -0.115003 0.440141 
1535383659782 0.244749 0.924027 -0.29372 -0.619935 -0.938664 0.301705 0.166985 -0.234945 0.242916 0.234835 0.941193 0.380212 0.205709 -0.113035 0.972063 0.38223 -0.978613 -0.0240265 0.204301 -0.493245 0.000262161 -0.9933 -0.11556 0.440214 
1535383659940 0.244671 0.92399 -0.293904 -0.619707 -0.938589 0.301757 0.167315 -0.23487 0.243284 0.234918 0.941077 0.380294 0.206363 -0.113394 0.971883 0.382257 -0.978475 -0.0250243 0.204843 -0.493396 0.00109264 -0.993235 -0.116117 0.440287 
1535383660064 0.244593 0.923952 -0.294087 -0.61948 -0.938513 0.301808 0.167644 -0.234797 0.243653 0.235 0.940961 0.380375 0.207017 -0.113753 0.971702 0.382282 -0.978335 -0.0260222 0.205384 -0.493545 0.00192272 -0.993168 -0.116675 0.44036 
1535383660264 0.244705 0.92395 -0.294 -0.61971 -0.938581 0.301805 0.167271 -0.234863 0.24328 0.235011 0.941055 0.380245 0.206563 -0.113429 0.971836 0.382322 -0.978433 -0.0252295 0.20502 -0.493444 0.00126366 -0.993226 -0.116195 0.440284 
1535383660279 0.244725 0.923926 -0.294058 -0.619542 -0.93853 0.301879 0.167425 -0.234814 0.243458 0.235009 0.94101 0.380302 0.206612 -0.113101 0.971864 0.382295 -0.978421 -0.025924 0.204989 -0.493514 0.00201004 -0.993245 -0.116017 0.440252 
1535383660295 0.244745 0.923903 -0.294116 -0.619369 -0.938478 0.301953 0.167579 -0.234762 0.243636 0.235007 0.940964 0.380361 0.206661 -0.112774 0.971892 0.382269 -0.978409 -0.0266187 0.204958 -0.493585 0.0027566 -0.993264 -0.11584 0.44022 
1535383660428 0.244764 0.923879 -0.294174 -0.619197 -0.938427 0.302027 0.167734 -0.234711 0.243814 0.235006 0.940918 0.380419 0.20671 -0.112446 0.971919 0.382243 -0.978396 -0.0273134 0.204927 -0.493656 0.00350316 -0.993282 -0.115663 0.440187 
1535383660514 0.244784 0.923855 -0.294233 -0.619025 -0.938376 0.302101 0.167888 -0.234659 0.243992 0.235004 0.940872 0.380477 0.206758 -0.112118 0.971947 0.382217 -0.978383 -0.0280081 0.204896 -0.493727 0.00424971 -0.9933 -0.115486 0.440155 
1535383660614 0.244803 0.923831 -0.294291 -0.618853 -0.938324 0.302175 0.168043 -0.234608 0.24417 0.235003 0.940827 0.380535 0.206807 -0.111791 0.971974 0.38219 -0.978369 -0.0287028 0.204866 -0.493798 0.00499629 -0.993317 -0.115308 0.440123 
1535383660698 0.244823 0.923807 -0.294349 -0.61868 -0.938273 0.302249 0.168197 -0.234556 0.244348 0.235001 0.940781 0.380593 0.206854 -0.111463 0.972002 0.382164 -0.978355 -0.0293975 0.204835 -0.493869 0.00574286 -0.993334 -0.115131 0.440091 
1535383660790 0.244843 0.923784 -0.294408 -0.618509 -0.938221 0.302323 0.168351 -0.234505 0.244526 0.235 0.940735 0.380651 0.206902 -0.111135 0.972029 0.382138 -0.97834 -0.0300922 0.204805 -0.49394 0.00648945 -0.99335 -0.114954 0.440059 
1535383660874 0.244863 0.92376 -0.294466 -0.618335 -0.93817 0.302397 0.168506 -0.234453 0.244704 0.234999 0.940689 0.38071 0.20695 -0.110807 0.972056 0.382111 -0.978325 -0.0307868 0.204775 -0.494011 0.00723603 -0.993365 -0.114777 0.440026 
1535383660975 0.244882 0.923736 -0.294525 -0.618163 -0.938118 0.30247 0.16866 -0.234402 0.244882 0.234997 0.940643 0.380768 0.206997 -0.110479 0.972084 0.382085 -0.978309 -0.0314815 0.204745 -0.494082 0.00798262 -0.99338 -0.114599 0.439994 
1535383661077 0.244784 0.923831 -0.294308 -0.618394 -0.938227 0.302258 0.168437 -0.234469 0.244564 0.234897 0.940751 0.380756 0.207007 -0.111071 0.972014 0.382149 -0.978314 -0.0306268 0.204849 -0.493932 0.00701689 -0.99334 -0.115002 0.440051 
1535383661087 0.24496 0.923856 -0.294082 -0.618171 -0.938223 0.302343 0.168302 -0.234387 0.244401 0.234687 0.940845 0.380807 0.207107 -0.111765 0.971913 0.382149 -0.978293 -0.0307414 0.204931 -0.494048 0.00697375 -0.993259 -0.115706 0.440163 
1535383661249 0.245136 0.923881 -0.293857 -0.617944 -0.93822 0.302429 0.168167 -0.234303 0.244237 0.234479 0.94094 0.380858 0.207208 -0.112459 0.971812 0.38215 -0.978272 -0.030857 0.205015 -0.494166 0.0069313 -0.993177 -0.11641 0.440276 
1535383661281 0.245312 0.923906 -0.293632 -0.617717 -0.938216 0.302515 0.168032 -0.234219 0.244074 0.23427 0.941034 0.38091 0.207309 -0.113154 0.971709 0.382151 -0.978251 -0.0309726 0.205098 -0.494284 0.00688878 -0.993095 -0.117113 0.440389 
1535383661447 0.245488 0.923931 -0.293407 -0.617489 -0.938213 0.3026 0.167897 -0.234135 0.24391 0.234061 0.941129 0.380961 0.20741 -0.113848 0.971607 0.382151 -0.97823 -0.0310882 0.205181 -0.494401 0.00684619 -0.993012 -0.117817 0.440501 
1535383661485 0.245663 0.923956 -0.293182 -0.617261 -0.93821 0.302686 0.167762 -0.23405 0.243746 0.233853 0.941223 0.381013 0.207511 -0.114541 0.971504 0.382152 -0.978209 -0.031204 0.205264 -0.494519 0.00680353 -0.992928 -0.118521 0.440614 
1535383661653 0.245839 0.92398 -0.292956 -0.617034 -0.938206 0.302772 0.167627 -0.233966 0.243583 0.233644 0.941317 0.381065 0.207612 -0.115235 0.9714 0.382153 -0.978188 -0.0313198 0.205347 -0.494637 0.00676078 -0.992844 -0.119224 0.440726 
1535383661699 0.246015 0.924005 -0.292731 -0.616806 -0.938202 0.302857 0.167492 -0.233882 0.243419 0.233436 0.941411 0.381116 0.207712 -0.115929 0.971296 0.382154 -0.978167 -0.0314356 0.20543 -0.494755 0.00671796 -0.99276 -0.119928 0.440839 
1535383661839 0.24619 0.92403 -0.292506 -0.616579 -0.938199 0.302943 0.167357 -0.233798 0.243255 0.233227 0.941505 0.381168 0.207813 -0.116623 0.971191 0.382154 -0.978146 -0.0315515 0.205513 -0.494872 0.00667509 -0.992675 -0.120631 0.440952 
1535383661894 0.246366 0.924054 -0.292281 -0.616351 -0.938195 0.303029 0.167221 -0.233713 0.243091 0.233018 0.941599 0.38122 0.207914 -0.117317 0.971086 0.382155 -0.978125 -0.0316675 0.205595 -0.49499 0.00663212 -0.99259 -0.121334 0.441064 
1535383662077 0.246043 0.924068 -0.292508 -0.616622 -0.938214 0.302826 0.167484 -0.233729 0.243345 0.233227 0.941482 0.381147 0.207841 -0.116362 0.971217 0.382149 -0.97814 -0.0314869 0.20555 -0.494824 0.00666227 -0.992708 -0.120363 0.440872 
1535383662100 0.246121 0.924039 -0.292534 -0.616267 -0.938127 0.302968 0.167712 -0.233608 0.243601 0.233157 0.941433 0.381244 0.207979 -0.115814 0.971253 0.382141 -0.978106 -0.0320833 0.205621 -0.494968 0.00734713 -0.992753 -0.119951 0.440808 
1535383662246 0.2462 0.92401 -0.29256 -0.615908 -0.93804 0.303112 0.167939 -0.233484 0.243855 0.233087 0.941385 0.381341 0.208118 -0.115266 0.971288 0.382133 -0.978071 -0.0326791 0.205693 -0.495113 0.00803127 -0.992797 -0.11954 0.440745 
1535383662428 0.246279 0.92398 -0.292586 -0.615549 -0.937954 0.303255 0.168166 -0.233361 0.24411 0.233017 0.941336 0.381439 0.208256 -0.114718 0.971323 0.382126 -0.978035 -0.0332748 0.205765 -0.495257 0.00871547 -0.992841 -0.119128 0.440681 
1535383662611 0.246358 0.923951 -0.292613 -0.61519 -0.937867 0.303398 0.168393 -0.233237 0.244365 0.232947 0.941287 0.381536 0.208394 -0.11417 0.971358 0.382118 -0.978 -0.0338704 0.205838 -0.495402 0.00939972 -0.992884 -0.118717 0.440618 
1535383662787 0.246437 0.923922 -0.292639 -0.614832 -0.937779 0.303541 0.16862 -0.233115 0.24462 0.232877 0.941238 0.381633 0.208531 -0.113622 0.971393 0.38211 -0.977964 -0.034466 0.20591 -0.495547 0.010084 -0.992926 -0.118306 0.440554 
1535383662964 0.246515 0.923892 -0.292665 -0.614472 -0.937692 0.303684 0.168847 -0.232991 0.244874 0.232807 0.941189 0.381731 0.208668 -0.113074 0.971428 0.382103 -0.977927 -0.0350615 0.205983 -0.495692 0.0107684 -0.992968 -0.117894 0.440491 
1535383663136 0.246594 0.923863 -0.292692 -0.614113 -0.937605 0.303827 0.169074 -0.232868 0.245129 0.232737 0.941141 0.381828 0.208805 -0.112526 0.971462 0.382095 -0.97789 -0.035657 0.206056 -0.495836 0.0114528 -0.993009 -0.117483 0.440427 
1535383663320 0.246673 0.923834 -0.292718 -0.613753 -0.937518 0.30397 0.169301 -0.232744 0.245383 0.232667 0.941092 0.381926 0.208941 -0.111977 0.971496 0.382087 -0.977853 -0.0362524 0.20613 -0.495981 0.0121373 -0.993049 -0.117072 0.440364 
1535383663489 0.246752 0.923804 -0.292745 -0.613395 -0.93743 0.304113 0.169528 -0.232621 0.245638 0.232596 0.941042 0.382024 0.209077 -0.111428 0.97153 0.382079 -0.977815 -0.0368477 0.206203 -0.496126 0.0128218 -0.993089 -0.11666 0.4403 
1535383663700 0.246921 0.923747 -0.292783 -0.613593 -0.937455 0.304216 0.169206 -0.232813 0.245373 0.23269 0.941088 0.381932 0.209011 -0.111951 0.971484 0.382077 -0.977838 -0.036281 0.206197 -0.495938 0.0121625 -0.993051 -0.117053 0.440423 
1535383663715 0.247061 0.923642 -0.292996 -0.613263 -0.937345 0.304458 0.169383 -0.232669 0.245654 0.23279 0.94099 0.382038 0.208915 -0.111836 0.971518 0.382089 -0.977864 -0.0357261 0.206167 -0.496055 0.0116517 -0.993084 -0.116824 0.440363 
1535383663737 0.247201 0.923537 -0.293209 -0.612928 -0.937234 0.3047 0.16956 -0.232523 0.245935 0.23289 0.940892 0.382145 0.20882 -0.11172 0.971552 0.382101 -0.977891 -0.0351714 0.206138 -0.496172 0.0111411 -0.993117 -0.116594 0.440304 
1535383663949 0.247341 0.923431 -0.293422 -0.612594 -0.937123 0.304943 0.169736 -0.232377 0.246217 0.23299 0.940794 0.382251 0.208725 -0.111604 0.971585 0.382114 -0.977916 -0.0346167 0.206109 -0.496289 0.0106305 -0.99315 -0.116365 0.440244 
1535383664156 0.247482 0.923326 -0.293636 -0.612259 -0.937012 0.305185 0.169913 -0.232231 0.246498 0.23309 0.940695 0.382358 0.20863 -0.111488 0.971619 0.382126 -0.977942 -0.034062 0.20608 -0.496406 0.0101198 -0.993182 -0.116135 0.440184 
1535383664334 0.247621 0.923221 -0.293849 -0.611925 -0.936901 0.305428 0.170089 -0.232085 0.246779 0.23319 0.940597 0.382464 0.208536 -0.111372 0.971653 0.382138 -0.977968 -0.0335073 0.20605 -0.496523 0.00960914 -0.993214 -0.115906 0.440124 
