1534185343275 0.341366 0.902976 -0.260965 -0.554947 -0.929623 0.365354 0.0481452 -0.183933 0.138819 0.226164 0.964147 0.345437 0.16008 -0.304787 0.938871 0.370831 -0.775623 0.549475 0.310623 -0.528794 -0.61056 -0.777934 -0.14844 0.432481 
1534185343288 0.350594 0.912638 -0.210179 -0.561118 -0.928361 0.368244 0.0504122 -0.184728 0.123405 0.177448 0.976362 0.338287 0.316223 -0.384865 0.867111 0.400804 -0.930002 -0.306261 0.203225 -0.504321 0.187348 -0.87068 -0.454772 0.485875 
1534185344135 0.358997 0.919725 -0.158828 -0.567289 -0.927124 0.37101 0.0528406 -0.185523 0.107526 0.128284 0.985891 0.331137 0.316223 -0.384865 0.867111 0.400804 -0.930002 -0.306261 0.203225 -0.504321 0.187348 -0.87068 -0.454772 0.485875 
1534185344981 0.366553 0.924218 -0.107055 -0.573459 -0.925914 0.373646 0.0554232 -0.186318 0.0912237 0.078808 0.992707 0.323988 0.316223 -0.384865 0.867111 0.400804 -0.930002 -0.306261 0.203225 -0.504321 0.187348 -0.87068 -0.454772 0.485875 
1534185345830 0.373241 0.926103 -0.0550026 -0.579627 -0.924735 0.376143 0.0581532 -0.187112 0.0745447 0.0291577 0.996791 0.316839 0.316223 -0.384865 0.867111 0.400804 -0.930002 -0.306261 0.203225 -0.504321 0.187348 -0.87068 -0.454772 0.485875 
1534185346685 0.379042 0.925375 -0.00281573 -0.585792 -0.923589 0.378496 0.0610228 -0.187905 0.0575348 -0.0205297 0.998132 0.309691 0.316223 -0.384865 0.867111 0.400804 -0.930002 -0.306261 0.203225 -0.504321 0.187348 -0.87068 -0.454772 0.485875 
1534185347542 0.383941 0.922037 0.0493612 -0.591951 -0.92248 0.380698 0.0640244 -0.188697 0.0402412 -0.0701163 0.996727 0.302544 0.316223 -0.384865 0.867111 0.400804 -0.930002 -0.306261 0.203225 -0.504321 0.187348 -0.87068 -0.454772 0.485875 
1534185348403 0.387924 0.916098 0.101383 -0.598099 -0.921411 0.382743 0.0671497 -0.189485 0.0227121 -0.119465 0.992579 0.2954 0.316223 -0.384865 0.867111 0.400804 -0.930002 -0.306261 0.203225 -0.504321 0.187348 -0.87068 -0.454772 0.485875 
1534185349284 0.390981 0.907575 0.153106 -0.604231 -0.920385 0.384625 0.0703903 -0.190267 0.00499624 -0.168437 0.9857 0.288262 0.316223 -0.384865 0.867111 0.400804 -0.930002 -0.306261 0.203225 -0.504321 0.187348 -0.87068 -0.454772 0.485875 
1534185350184 0.393292 0.896488 0.204034 -0.607885 -0.919326 0.386518 0.0737838 -0.190255 -0.0127166 -0.216592 0.976179 0.281805 0.316334 -0.384956 0.867031 0.401168 -0.929993 -0.306204 0.203353 -0.504979 0.187206 -0.87066 -0.454869 0.486184 
1534185351088 0.393716 0.896543 0.202973 -0.607769 -0.919144 0.387014 0.0734451 -0.190426 -0.0127066 -0.215478 0.976426 0.281867 0.316334 -0.384956 0.867031 0.401168 -0.929993 -0.306204 0.203353 -0.504979 0.187206 -0.87066 -0.454869 0.486184 
1534185351098 0.393818 0.895296 0.208215 -0.608653 -0.919074 0.38711 0.0738168 -0.19057 -0.0145142 -0.220435 0.975294 0.281075 0.31622 -0.384863 0.867113 0.400795 -0.930002 -0.306262 0.203222 -0.504304 0.187352 -0.87068 -0.454769 0.485867 
