1530647425565 0.182642 -0.965048 0.187948 -0.651162 0.753688 0.260183 0.60354 -0.226785 -0.631345 0.0314218 0.774865 0.444478 0.16008 -0.775623 -0.61056 0.370831 -0.304787 0.549475 -0.777934 -0.528794 0.938871 0.310623 -0.14844 0.432481 
1530647425578 0.185487 -0.963751 0.191779 -0.646686 0.751333 0.264882 0.604431 -0.226107 -0.63332 0.0319759 0.773229 0.444733 0.316305 -0.930106 0.186693 0.400738 -0.38429 -0.305553 -0.871182 -0.506322 0.867336 0.203815 -0.454078 0.485854 
1530647426114 0.188318 -0.96243 0.195613 -0.642207 0.74896 0.269575 0.605301 -0.225428 -0.635292 0.0325171 0.771587 0.444989 0.316242 -0.929997 0.187342 0.400828 -0.384853 -0.306262 -0.870685 -0.504438 0.86711 0.203248 -0.454765 0.485876 
1530647426121 0.191134 -0.961087 0.199448 -0.637728 0.746568 0.274262 0.606148 -0.224748 -0.637262 0.0330459 0.769938 0.445245 0.316223 -0.930001 0.187352 0.40079 -0.384857 -0.306263 -0.870683 -0.50432 0.867115 0.203227 -0.454765 0.485866 
1530647426688 0.193937 -0.95972 0.203285 -0.633248 0.744159 0.278945 0.606974 -0.224068 -0.63923 0.033562 0.768283 0.445501 0.316222 -0.930002 0.187352 0.40079 -0.384859 -0.306263 -0.870682 -0.504311 0.867114 0.203224 -0.454766 0.485866 
1530647427428 0.196726 -0.958331 0.207125 -0.628769 0.741732 0.283622 0.607777 -0.223388 -0.641196 0.0340655 0.76662 0.445757 0.316221 -0.930002 0.187352 0.400793 -0.384861 -0.306262 -0.870681 -0.504309 0.867114 0.203224 -0.454768 0.485867 
1530647427954 0.199501 -0.956918 0.210966 -0.62429 0.739287 0.288293 0.608558 -0.222709 -0.64316 0.0345564 0.764952 0.446013 0.316221 -0.930002 0.187351 0.400795 -0.384862 -0.306262 -0.870681 -0.504309 0.867113 0.203223 -0.454769 0.485868 
1530647428551 0.202261 -0.955483 0.214808 -0.619812 0.736824 0.292959 0.609316 -0.22203 -0.645121 0.0350349 0.763277 0.446269 0.316221 -0.930002 0.187351 0.400796 -0.384862 -0.306262 -0.870681 -0.50431 0.867113 0.203223 -0.454769 0.485869 
1530647429090 0.205008 -0.954025 0.218653 -0.615348 0.734344 0.297619 0.610051 -0.221361 -0.647079 0.0355013 0.761596 0.446521 0.316222 -0.930002 0.18735 0.400801 -0.384863 -0.306262 -0.87068 -0.504317 0.867112 0.203224 -0.45477 0.485871 
1530647429616 0.207745 -0.952543 0.222495 -0.611118 0.731863 0.302273 0.610743 -0.220826 -0.649014 0.0359573 0.759927 0.446732 0.316238 -0.930001 0.187328 0.400844 -0.384878 -0.306253 -0.870677 -0.504402 0.8671 0.203243 -0.454786 0.48592 
1530647430122 0.207721 -0.952548 0.222497 -0.611144 0.731879 0.302256 0.610732 -0.220834 -0.649003 0.035979 0.759935 0.44675 0.316238 -0.930001 0.187328 0.400844 -0.384878 -0.306253 -0.870677 -0.504402 0.8671 0.203243 -0.454786 0.48592 
1530647430136 0.207994 -0.952398 0.222882 -0.610667 0.731626 0.302721 0.610806 -0.220749 -0.649201 0.036022 0.759763 0.446779 0.316221 -0.930002 0.187351 0.400799 -0.384863 -0.306262 -0.87068 -0.504312 0.867113 0.203223 -0.45477 0.485869 
1530647430382 0.208268 -0.952248 0.223266 -0.610189 0.731371 0.303188 0.61088 -0.220665 -0.649401 0.036064 0.759591 0.446807 0.31622 -0.930002 0.187351 0.400795 -0.384863 -0.306262 -0.87068 -0.504305 0.867113 0.203222 -0.454769 0.485867 
1530647430614 0.208541 -0.952098 0.223651 -0.609712 0.731116 0.303654 0.610953 -0.22058 -0.6496 0.0361059 0.759419 0.446836 0.31622 -0.930002 0.187352 0.400795 -0.384863 -0.306262 -0.87068 -0.504304 0.867113 0.203222 -0.454769 0.485867 
1530647430842 0.208815 -0.951948 0.224035 -0.609235 0.730861 0.30412 0.611026 -0.220495 -0.649799 0.0361476 0.759247 0.446865 0.31622 -0.930002 0.187352 0.400795 -0.384863 -0.306262 -0.87068 -0.504304 0.867113 0.203222 -0.454769 0.485867 
1530647431082 0.209088 -0.951797 0.22442 -0.608757 0.730606 0.304586 0.611099 -0.220411 -0.649997 0.0361892 0.759074 0.446893 0.31622 -0.930002 0.187352 0.400795 -0.384863 -0.306262 -0.87068 -0.504304 0.867113 0.203222 -0.454769 0.485867 
1530647431089 0.209361 -0.951646 0.224805 -0.60828 0.730351 0.305052 0.611172 -0.220326 -0.650196 0.0362307 0.758902 0.446922 0.31622 -0.930002 0.187352 0.400795 -0.384863 -0.306262 -0.87068 -0.504304 0.867113 0.203222 -0.454769 0.485867 
1530647431382 0.209633 -0.951496 0.225189 -0.607803 0.730095 0.305517 0.611245 -0.220241 -0.650396 0.0362725 0.758729 0.446951 0.31622 -0.930002 0.187352 0.400795 -0.384863 -0.306262 -0.87068 -0.504304 0.867113 0.203222 -0.454769 0.485867 
1530647431629 0.209906 -0.951344 0.225574 -0.607327 0.72984 0.305983 0.611317 -0.220158 -0.650594 0.0363139 0.758557 0.446979 0.31622 -0.930002 0.187352 0.400795 -0.384863 -0.306262 -0.87068 -0.504304 0.867113 0.203222 -0.454769 0.485867 
1530647431887 0.210179 -0.951193 0.225958 -0.606874 0.729586 0.306448 0.611387 -0.220088 -0.650791 0.0363555 0.758386 0.447003 0.31622 -0.930002 0.187352 0.400795 -0.384863 -0.306262 -0.87068 -0.504304 0.867113 0.203222 -0.454769 0.485867 
1530647432241 0.210162 -0.951161 0.226108 -0.606882 0.729534 0.306535 0.611406 -0.220075 -0.650855 0.0364588 0.758326 0.44696 0.31622 -0.930002 0.187352 0.400795 -0.384863 -0.306262 -0.87068 -0.504304 0.867113 0.203222 -0.454769 0.485867 
1530647432252 0.208151 -0.952143 0.223823 -0.606824 0.730301 0.303517 0.611995 -0.220514 -0.650641 0.0360712 0.758528 0.447049 0.31622 -0.930002 0.187352 0.400795 -0.384863 -0.306262 -0.87068 -0.504304 0.867113 0.203222 -0.454769 0.485867 
1530647432555 0.206137 -0.953116 0.221536 -0.606765 0.731062 0.300495 0.612577 -0.220952 -0.650427 0.0356819 0.75873 0.447137 0.31622 -0.930002 0.187352 0.400795 -0.384863 -0.306262 -0.87068 -0.504304 0.867113 0.203222 -0.454769 0.485867 
1530647432861 0.204121 -0.954078 0.219248 -0.606707 0.731817 0.297471 0.613151 -0.221391 -0.650214 0.0352922 0.758931 0.447226 0.31622 -0.930002 0.187352 0.400795 -0.384863 -0.306262 -0.87068 -0.504304 0.867113 0.203222 -0.454769 0.485867 
1530647433208 0.202102 -0.955031 0.216957 -0.606648 0.732565 0.294444 0.613719 -0.221829 -0.650002 0.0349013 0.759131 0.447315 0.31622 -0.930002 0.187352 0.400795 -0.384863 -0.306262 -0.87068 -0.504304 0.867113 0.203222 -0.454769 0.485867 
1530647433488 0.20008 -0.955974 0.214664 -0.60659 0.733307 0.291414 0.614279 -0.222268 -0.649791 0.0345094 0.759329 0.447403 0.31622 -0.930002 0.187352 0.400795 -0.384863 -0.306262 -0.87068 -0.504304 0.867113 0.203222 -0.454769 0.485867 
1530647433819 0.198057 -0.956908 0.212369 -0.606531 0.734043 0.28838 0.614832 -0.222707 -0.64958 0.0341167 0.759527 0.447492 0.31622 -0.930002 0.187352 0.400795 -0.384863 -0.306262 -0.87068 -0.504304 0.867113 0.203222 -0.454769 0.485867 
1530647434121 0.196031 -0.957832 0.210073 -0.606472 0.734772 0.285344 0.615377 -0.223145 -0.649371 0.033723 0.759724 0.447581 0.31622 -0.930002 0.187352 0.400795 -0.384863 -0.306262 -0.87068 -0.504304 0.867113 0.203222 -0.454769 0.485867 
1530647434409 0.194002 -0.958746 0.207774 -0.606413 0.735494 0.282305 0.615916 -0.223583 -0.649162 0.0333279 0.75992 0.44767 0.31622 -0.930002 0.187352 0.400795 -0.384863 -0.306262 -0.87068 -0.504304 0.867113 0.203222 -0.454769 0.485867 
1530647434694 0.191974 -0.959649 0.205475 -0.606351 0.736209 0.279267 0.616446 -0.224005 -0.648954 0.0329309 0.760114 0.447759 0.31622 -0.930002 0.187352 0.400795 -0.384863 -0.306262 -0.87068 -0.504304 0.867113 0.203222 -0.454769 0.485867 
1530647435018 0.191963 -0.959639 0.20553 -0.606371 0.736176 0.279294 0.616473 -0.223965 -0.648995 0.0329664 0.760078 0.447739 0.31622 -0.930002 0.187352 0.400795 -0.384863 -0.306262 -0.87068 -0.504304 0.867113 0.203222 -0.454769 0.485867 
1530647435029 0.19087 -0.960123 0.204285 -0.60636 0.736364 0.277662 0.616986 -0.224208 -0.649104 0.0326641 0.759998 0.447813 0.31622 -0.930002 0.187352 0.400795 -0.384863 -0.306262 -0.87068 -0.504304 0.867113 0.203222 -0.454769 0.485867 
1530647435271 0.189776 -0.960605 0.203037 -0.606349 0.736551 0.276028 0.617496 -0.224452 -0.649214 0.0323616 0.759917 0.447888 0.31622 -0.930002 0.187352 0.400795 -0.384863 -0.306262 -0.87068 -0.504304 0.867113 0.203222 -0.454769 0.485867 
1530647435544 0.188681 -0.961083 0.201789 -0.606339 0.736735 0.274394 0.618004 -0.224695 -0.649323 0.0320594 0.759837 0.447962 0.31622 -0.930002 0.187352 0.400795 -0.384863 -0.306262 -0.87068 -0.504304 0.867113 0.203222 -0.454769 0.485867 
1530647435779 0.187587 -0.961558 0.200541 -0.606328 0.736918 0.272758 0.61851 -0.224939 -0.649433 0.0317575 0.759755 0.448037 0.31622 -0.930002 0.187352 0.400795 -0.384863 -0.306262 -0.87068 -0.504304 0.867113 0.203222 -0.454769 0.485867 
1530647436012 0.186492 -0.962031 0.199291 -0.606317 0.737099 0.271122 0.619014 -0.225182 -0.649543 0.0314559 0.759674 0.448111 0.31622 -0.930002 0.187352 0.400795 -0.384863 -0.306262 -0.87068 -0.504304 0.867113 0.203222 -0.454769 0.485867 
1530647436269 0.185398 -0.962501 0.198041 -0.606306 0.737278 0.269485 0.619516 -0.225425 -0.649653 0.0311545 0.759592 0.448186 0.31622 -0.930002 0.187352 0.400795 -0.384863 -0.306262 -0.87068 -0.504304 0.867113 0.203222 -0.454769 0.485867 
1530647436536 0.184302 -0.962968 0.196789 -0.606295 0.737455 0.267846 0.620016 -0.225669 -0.649764 0.030853 0.759509 0.44826 0.31622 -0.930002 0.187352 0.400795 -0.384863 -0.306262 -0.87068 -0.504304 0.867113 0.203222 -0.454769 0.485867 
1530647436792 0.183207 -0.963432 0.195537 -0.606284 0.73763 0.266207 0.620513 -0.225912 -0.649875 0.0305517 0.759427 0.448335 0.31622 -0.930002 0.187352 0.400795 -0.384863 -0.306262 -0.87068 -0.504304 0.867113 0.203222 -0.454769 0.485867 
1530647437041 0.182113 -0.963892 0.194284 -0.606272 0.737803 0.264568 0.621008 -0.226147 -0.649986 0.0302502 0.759344 0.448407 0.31622 -0.930002 0.187352 0.400795 -0.384863 -0.306262 -0.87068 -0.504304 0.867113 0.203222 -0.454769 0.485867 
1530647437292 0.182035 -0.963899 0.194325 -0.606293 0.737737 0.264539 0.621098 -0.226093 -0.650083 0.030299 0.759259 0.448368 0.31622 -0.930002 0.187352 0.400795 -0.384863 -0.306262 -0.87068 -0.504304 0.867113 0.203222 -0.454769 0.485867 
1530647437306 0.181666 -0.964032 0.19401 -0.606291 0.737826 0.264054 0.621199 -0.226173 -0.650085 0.0302954 0.759258 0.448378 0.31622 -0.930002 0.187352 0.400795 -0.384863 -0.306262 -0.87068 -0.504304 0.867113 0.203222 -0.454769 0.485867 
1530647437592 0.181295 -0.964165 0.193696 -0.606288 0.737916 0.263568 0.621299 -0.226253 -0.650087 0.0302925 0.759256 0.448387 0.31622 -0.930002 0.187352 0.400795 -0.384863 -0.306262 -0.87068 -0.504304 0.867113 0.203222 -0.454769 0.485867 
1530647437773 0.180924 -0.964298 0.193381 -0.606286 0.738005 0.263082 0.621399 -0.226333 -0.650089 0.0302896 0.759254 0.448397 0.31622 -0.930002 0.187352 0.400795 -0.384863 -0.306262 -0.87068 -0.504304 0.867113 0.203222 -0.454769 0.485867 
1530647437991 0.180553 -0.964431 0.193066 -0.606284 0.738094 0.262595 0.621499 -0.226413 -0.650091 0.0302875 0.759253 0.448407 0.31622 -0.930002 0.187352 0.400795 -0.384863 -0.306262 -0.87068 -0.504304 0.867113 0.203222 -0.454769 0.485867 
1530647438163 0.180182 -0.964563 0.192751 -0.606282 0.738183 0.262109 0.621599 -0.226493 -0.650093 0.0302848 0.759251 0.448416 0.31622 -0.930002 0.187352 0.400795 -0.384863 -0.306262 -0.87068 -0.504304 0.867113 0.203222 -0.454769 0.485867 
1530647438319 0.17981 -0.964695 0.192436 -0.606279 0.738271 0.261623 0.621699 -0.226573 -0.650095 0.0302821 0.759249 0.448426 0.31622 -0.930002 0.187352 0.400795 -0.384863 -0.306262 -0.87068 -0.504304 0.867113 0.203222 -0.454769 0.485867 
1530647438540 0.179439 -0.964827 0.192121 -0.606277 0.73836 0.261136 0.621798 -0.226654 -0.650097 0.0302794 0.759247 0.448436 0.31622 -0.930002 0.187352 0.400795 -0.384863 -0.306262 -0.87068 -0.504304 0.867113 0.203222 -0.454769 0.485867 
1530647438547 0.179068 -0.964959 0.191806 -0.606274 0.738448 0.26065 0.621898 -0.226734 -0.6501 0.0302767 0.759246 0.448446 0.31622 -0.930002 0.187352 0.400795 -0.384863 -0.306262 -0.87068 -0.504304 0.867113 0.203222 -0.454769 0.485867 
1530647438765 0.178698 -0.96509 0.191491 -0.606271 0.738536 0.260164 0.621997 -0.22681 -0.650102 0.0302736 0.759244 0.448455 0.31622 -0.930002 0.187352 0.400795 -0.384863 -0.306262 -0.87068 -0.504304 0.867113 0.203222 -0.454769 0.485867 
1530647439020 0.178557 -0.965129 0.191426 -0.606285 0.738474 0.260019 0.622131 -0.226751 -0.650211 0.0302774 0.75915 0.448373 0.31622 -0.930002 0.187352 0.400795 -0.384863 -0.306262 -0.87068 -0.504304 0.867113 0.203222 -0.454769 0.485867 
1530647439034 0.178406 -0.965144 0.191489 -0.606275 0.738655 0.259937 0.62195 -0.226807 -0.650047 0.030485 0.759282 0.448359 0.31622 -0.930002 0.187352 0.400795 -0.384863 -0.306262 -0.87068 -0.504304 0.867113 0.203222 -0.454769 0.485867 
1530647439261 0.178254 -0.96516 0.191551 -0.606265 0.738836 0.259854 0.621769 -0.226864 -0.649882 0.0306925 0.759415 0.448346 0.31622 -0.930002 0.187352 0.400795 -0.384863 -0.306262 -0.87068 -0.504304 0.867113 0.203222 -0.454769 0.485867 
1530647439415 0.178102 -0.965176 0.191614 -0.606255 0.739018 0.259771 0.621588 -0.22692 -0.649718 0.0308999 0.759547 0.448332 0.31622 -0.930002 0.187352 0.400795 -0.384863 -0.306262 -0.87068 -0.504304 0.867113 0.203222 -0.454769 0.485867 
1530647439585 0.177949 -0.965191 0.191676 -0.606244 0.739199 0.259688 0.621407 -0.226976 -0.649552 0.031108 0.75968 0.448319 0.31622 -0.930002 0.187352 0.400795 -0.384863 -0.306262 -0.87068 -0.504304 0.867113 0.203222 -0.454769 0.485867 
1530647439737 0.177797 -0.965207 0.191738 -0.606234 0.739381 0.259605 0.621225 -0.227033 -0.649387 0.0313156 0.759813 0.448305 0.31622 -0.930002 0.187352 0.400795 -0.384863 -0.306262 -0.87068 -0.504304 0.867113 0.203222 -0.454769 0.485867 
1530647439932 0.177645 -0.965223 0.191801 -0.606224 0.739562 0.259522 0.621044 -0.227089 -0.649222 0.0315232 0.759945 0.448292 0.31622 -0.930002 0.187352 0.400795 -0.384863 -0.306262 -0.87068 -0.504304 0.867113 0.203222 -0.454769 0.485867 
1530647440071 0.177493 -0.965238 0.191863 -0.606214 0.739744 0.259438 0.620863 -0.227146 -0.649057 0.0317307 0.760077 0.448278 0.31622 -0.930002 0.187352 0.400795 -0.384863 -0.306262 -0.87068 -0.504304 0.867113 0.203222 -0.454769 0.485867 
1530647440252 0.177341 -0.965254 0.191925 -0.606204 0.739925 0.259355 0.620682 -0.227202 -0.648892 0.0319382 0.76021 0.448264 0.31622 -0.930002 0.187352 0.400795 -0.384863 -0.306262 -0.87068 -0.504304 0.867113 0.203222 -0.454769 0.485867 
1530647440513 0.177189 -0.965269 0.191987 -0.606192 0.740106 0.259272 0.620501 -0.227255 -0.648728 0.032145 0.760341 0.448253 0.31622 -0.930002 0.187352 0.400795 -0.384863 -0.306262 -0.87068 -0.504304 0.867113 0.203222 -0.454769 0.485867 
1530647440753 0.177178 -0.965265 0.192017 -0.606167 0.740149 0.25928 0.620446 -0.227254 -0.648681 0.0321922 0.760379 0.448272 0.31622 -0.930002 0.187352 0.400795 -0.384863 -0.306262 -0.87068 -0.504304 0.867113 0.203222 -0.454769 0.485867 
1530647440766 0.177171 -0.965277 0.191964 -0.60617 0.740119 0.259242 0.620498 -0.22724 -0.648718 0.0321417 0.76035 0.448289 0.31622 -0.930002 0.187352 0.400795 -0.384863 -0.306262 -0.87068 -0.504304 0.867113 0.203222 -0.454769 0.485867 
1530647440783 0.177163 -0.965289 0.19191 -0.606174 0.740088 0.259204 0.620551 -0.227227 -0.648756 0.0320917 0.76032 0.448306 0.31622 -0.930002 0.187352 0.400795 -0.384863 -0.306262 -0.87068 -0.504304 0.867113 0.203222 -0.454769 0.485867 
1530647440966 0.177156 -0.965301 0.191857 -0.606177 0.740057 0.259165 0.620604 -0.227212 -0.648793 0.0320417 0.76029 0.448324 0.31622 -0.930002 0.187352 0.400795 -0.384863 -0.306262 -0.87068 -0.504304 0.867113 0.203222 -0.454769 0.485867 
1530647441111 0.177148 -0.965313 0.191804 -0.60618 0.740026 0.259127 0.620657 -0.227198 -0.64883 0.0319917 0.76026 0.448341 0.31622 -0.930002 0.187352 0.400795 -0.384863 -0.306262 -0.87068 -0.504304 0.867113 0.203222 -0.454769 0.485867 
1530647441219 0.17714 -0.965325 0.191751 -0.606184 0.739995 0.259088 0.62071 -0.227185 -0.648868 0.0319418 0.76023 0.448358 0.31622 -0.930002 0.187352 0.400795 -0.384863 -0.306262 -0.87068 -0.504304 0.867113 0.203222 -0.454769 0.485867 
1530647441318 0.177133 -0.965337 0.191698 -0.606187 0.739963 0.25905 0.620763 -0.227171 -0.648905 0.0318918 0.760201 0.448375 0.31622 -0.930002 0.187352 0.400795 -0.384863 -0.306262 -0.87068 -0.504304 0.867113 0.203222 -0.454769 0.485867 
1530647441517 0.177125 -0.965349 0.191644 -0.60619 0.739932 0.259012 0.620816 -0.227157 -0.648943 0.0318418 0.760171 0.448392 0.31622 -0.930002 0.187352 0.400795 -0.384863 -0.306262 -0.87068 -0.504304 0.867113 0.203222 -0.454769 0.485867 
1530647441649 0.177118 -0.965361 0.191591 -0.606194 0.739901 0.258973 0.620869 -0.227143 -0.64898 0.0317919 0.760141 0.448409 0.31622 -0.930002 0.187352 0.400795 -0.384863 -0.306262 -0.87068 -0.504304 0.867113 0.203222 -0.454769 0.485867 
1530647441778 0.17711 -0.965373 0.191538 -0.606197 0.73987 0.258935 0.620923 -0.22713 -0.649018 0.0317418 0.760111 0.448426 0.31622 -0.930002 0.187352 0.400795 -0.384863 -0.306262 -0.87068 -0.504304 0.867113 0.203222 -0.454769 0.485867 
1530647441927 0.177137 -0.965382 0.191467 -0.6062 0.739836 0.258911 0.620973 -0.227154 -0.649049 0.0316571 0.760088 0.448348 0.31622 -0.930002 0.187352 0.400795 -0.384863 -0.306262 -0.87068 -0.504304 0.867113 0.203222 -0.454769 0.485867 
1530647441940 0.17712 -0.96538 0.191494 -0.606201 0.739852 0.258915 0.620953 -0.227148 -0.649036 0.0316943 0.760097 0.448357 0.31622 -0.930002 0.187352 0.400795 -0.384863 -0.306262 -0.87068 -0.504304 0.867113 0.203222 -0.454769 0.485867 
1530647441957 0.177103 -0.965378 0.191522 -0.606201 0.739867 0.258919 0.620933 -0.227141 -0.649023 0.0317314 0.760106 0.448365 0.31622 -0.930002 0.187352 0.400795 -0.384863 -0.306262 -0.87068 -0.504304 0.867113 0.203222 -0.454769 0.485867 
1530647441975 0.177086 -0.965375 0.191549 -0.606202 0.739882 0.258924 0.620913 -0.227135 -0.649011 0.0317685 0.760116 0.448374 0.31622 -0.930002 0.187352 0.400795 -0.384863 -0.306262 -0.87068 -0.504304 0.867113 0.203222 -0.454769 0.485867 
1530647442125 0.17707 -0.965373 0.191577 -0.606203 0.739897 0.258928 0.620893 -0.227128 -0.648998 0.0318056 0.760125 0.448383 0.31622 -0.930002 0.187352 0.400795 -0.384863 -0.306262 -0.87068 -0.504304 0.867113 0.203222 -0.454769 0.485867 
1530647442296 0.177053 -0.96537 0.191605 -0.606203 0.739913 0.258932 0.620873 -0.227122 -0.648985 0.0318438 0.760135 0.448391 0.31622 -0.930002 0.187352 0.400795 -0.384863 -0.306262 -0.87068 -0.504304 0.867113 0.203222 -0.454769 0.485867 
1530647442386 0.177036 -0.965368 0.191632 -0.606204 0.739928 0.258937 0.620853 -0.227115 -0.648972 0.0318811 0.760144 0.4484 0.31622 -0.930002 0.187352 0.400795 -0.384863 -0.306262 -0.87068 -0.504304 0.867113 0.203222 -0.454769 0.485867 
1530647442519 0.177019 -0.965366 0.19166 -0.606205 0.739943 0.258941 0.620833 -0.227109 -0.648959 0.0319184 0.760153 0.448409 0.31622 -0.930002 0.187352 0.400795 -0.384863 -0.306262 -0.87068 -0.504304 0.867113 0.203222 -0.454769 0.485867 
1530647442656 0.177002 -0.965363 0.191688 -0.606205 0.739958 0.258946 0.620813 -0.227102 -0.648947 0.0319556 0.760163 0.448418 0.31622 -0.930002 0.187352 0.400795 -0.384863 -0.306262 -0.87068 -0.504304 0.867113 0.203222 -0.454769 0.485867 
1530647442761 0.176986 -0.965361 0.191715 -0.606206 0.739974 0.25895 0.620793 -0.227096 -0.648934 0.0319929 0.760172 0.448426 0.31622 -0.930002 0.187352 0.400795 -0.384863 -0.306262 -0.87068 -0.504304 0.867113 0.203222 -0.454769 0.485867 
1530647442856 0.177054 -0.965383 0.191541 -0.606193 0.739921 0.258892 0.62088 -0.227128 -0.648975 0.0317958 0.760145 0.448393 0.31622 -0.930002 0.187352 0.400795 -0.384863 -0.306262 -0.87068 -0.504304 0.867113 0.203222 -0.454769 0.485867 
1530647442869 0.177035 -0.965357 0.191689 -0.606193 0.739852 0.258977 0.620927 -0.227126 -0.649059 0.031896 0.760069 0.448407 0.31622 -0.930002 0.187352 0.400795 -0.384863 -0.306262 -0.87068 -0.504304 0.867113 0.203222 -0.454769 0.485867 
1530647443113 0.177016 -0.965331 0.191838 -0.606194 0.739783 0.259061 0.620974 -0.227124 -0.649143 0.0319965 0.759993 0.44842 0.31622 -0.930002 0.187352 0.400795 -0.384863 -0.306262 -0.87068 -0.504304 0.867113 0.203222 -0.454769 0.485867 
1530647443260 0.176996 -0.965305 0.191987 -0.606194 0.739714 0.259145 0.62102 -0.227121 -0.649226 0.0320971 0.759918 0.448435 0.31622 -0.930002 0.187352 0.400795 -0.384863 -0.306262 -0.87068 -0.504304 0.867113 0.203222 -0.454769 0.485867 
1530647443310 0.176976 -0.965279 0.192135 -0.606194 0.739646 0.259229 0.621067 -0.227119 -0.64931 0.0321976 0.759842 0.448449 0.31622 -0.930002 0.187352 0.400795 -0.384863 -0.306262 -0.87068 -0.504304 0.867113 0.203222 -0.454769 0.485867 
1530647443461 0.176957 -0.965253 0.192284 -0.606195 0.739577 0.259314 0.621114 -0.227117 -0.649394 0.0322981 0.759766 0.448462 0.31622 -0.930002 0.187352 0.400795 -0.384863 -0.306262 -0.87068 -0.504304 0.867113 0.203222 -0.454769 0.485867 
1530647443565 0.176937 -0.965227 0.192432 -0.606195 0.739508 0.259398 0.621161 -0.227115 -0.649478 0.0323986 0.75969 0.448476 0.31622 -0.930002 0.187352 0.400795 -0.384863 -0.306262 -0.87068 -0.504304 0.867113 0.203222 -0.454769 0.485867 
1530647443709 0.176918 -0.965201 0.192581 -0.606195 0.739439 0.259482 0.621208 -0.227113 -0.649561 0.0324991 0.759614 0.44849 0.31622 -0.930002 0.187352 0.400795 -0.384863 -0.306262 -0.87068 -0.504304 0.867113 0.203222 -0.454769 0.485867 
1530647443857 0.176898 -0.965175 0.192729 -0.606196 0.73937 0.259566 0.621254 -0.22711 -0.649645 0.0325996 0.759538 0.448504 0.31622 -0.930002 0.187352 0.400795 -0.384863 -0.306262 -0.87068 -0.504304 0.867113 0.203222 -0.454769 0.485867 
1530647444006 0.176878 -0.965149 0.192877 -0.606196 0.739302 0.25965 0.621301 -0.227108 -0.649729 0.0326998 0.759463 0.448517 0.31622 -0.930002 0.187352 0.400795 -0.384863 -0.306262 -0.87068 -0.504304 0.867113 0.203222 -0.454769 0.485867 
1530647444246 0.176761 -0.965172 0.19287 -0.606199 0.73938 0.259553 0.621249 -0.227121 -0.649672 0.0327916 0.759507 0.448573 0.31622 -0.930002 0.187352 0.400795 -0.384863 -0.306262 -0.87068 -0.504304 0.867113 0.203222 -0.454769 0.485867 
1530647444260 0.176691 -0.965174 0.192922 -0.606202 0.739422 0.259532 0.621206 -0.227129 -0.649642 0.0328894 0.759529 0.448564 0.31622 -0.930002 0.187352 0.400795 -0.384863 -0.306262 -0.87068 -0.504304 0.867113 0.203222 -0.454769 0.485867 
1530647444366 0.176622 -0.965176 0.192975 -0.606204 0.739466 0.259512 0.621163 -0.227137 -0.649612 0.0329875 0.75955 0.448554 0.31622 -0.930002 0.187352 0.400795 -0.384863 -0.306262 -0.87068 -0.504304 0.867113 0.203222 -0.454769 0.485867 
1530647444529 0.176553 -0.965178 0.193028 -0.606207 0.739509 0.259492 0.62112 -0.227145 -0.649581 0.0330857 0.759572 0.448545 0.31622 -0.930002 0.187352 0.400795 -0.384863 -0.306262 -0.87068 -0.504304 0.867113 0.203222 -0.454769 0.485867 
1530647444726 0.176483 -0.96518 0.193081 -0.60621 0.739552 0.259472 0.621077 -0.227153 -0.649551 0.0331838 0.759594 0.448535 0.31622 -0.930002 0.187352 0.400795 -0.384863 -0.306262 -0.87068 -0.504304 0.867113 0.203222 -0.454769 0.485867 
1530647444851 0.176414 -0.965183 0.193134 -0.606212 0.739595 0.259451 0.621034 -0.227161 -0.64952 0.0332819 0.759615 0.448526 0.31622 -0.930002 0.187352 0.400795 -0.384863 -0.306262 -0.87068 -0.504304 0.867113 0.203222 -0.454769 0.485867 
1530647445027 0.176345 -0.965185 0.193187 -0.606215 0.739639 0.259431 0.620991 -0.227169 -0.64949 0.03338 0.759637 0.448517 0.31622 -0.930002 0.187352 0.400795 -0.384863 -0.306262 -0.87068 -0.504304 0.867113 0.203222 -0.454769 0.485867 
1530647445152 0.176276 -0.965187 0.19324 -0.606218 0.739682 0.259411 0.620948 -0.227177 -0.649459 0.0334781 0.759659 0.448507 0.31622 -0.930002 0.187352 0.400795 -0.384863 -0.306262 -0.87068 -0.504304 0.867113 0.203222 -0.454769 0.485867 
1530647445335 0.176206 -0.965189 0.193293 -0.60622 0.739725 0.259391 0.620905 -0.227185 -0.649429 0.0335762 0.759681 0.448498 0.31622 -0.930002 0.187352 0.400795 -0.384863 -0.306262 -0.87068 -0.504304 0.867113 0.203222 -0.454769 0.485867 
1530647445585 0.176138 -0.965191 0.193346 -0.606223 0.739768 0.25937 0.620862 -0.227192 -0.649399 0.0336738 0.759702 0.448489 0.31622 -0.930002 0.187352 0.400795 -0.384863 -0.306262 -0.87068 -0.504304 0.867113 0.203222 -0.454769 0.485867 
1530647445871 0.176034 -0.965209 0.193347 -0.606242 0.739669 0.259299 0.62101 -0.227154 -0.649539 0.0336937 0.759581 0.448463 0.31622 -0.930002 0.187352 0.400795 -0.384863 -0.306262 -0.87068 -0.504304 0.867113 0.203222 -0.454769 0.485867 
1530647445884 0.17608 -0.965223 0.193234 -0.606241 0.739672 0.25926 0.621022 -0.227149 -0.649523 0.0335802 0.7596 0.448464 0.31622 -0.930002 0.187352 0.400795 -0.384863 -0.306262 -0.87068 -0.504304 0.867113 0.203222 -0.454769 0.485867 
1530647445891 0.176126 -0.965238 0.193122 -0.606241 0.739676 0.259223 0.621034 -0.227144 -0.649507 0.0334672 0.759619 0.448466 0.31622 -0.930002 0.187352 0.400795 -0.384863 -0.306262 -0.87068 -0.504304 0.867113 0.203222 -0.454769 0.485867 
1530647446186 0.176172 -0.965252 0.193009 -0.60624 0.73968 0.259185 0.621045 -0.227139 -0.64949 0.0333541 0.759638 0.448467 0.31622 -0.930002 0.187352 0.400795 -0.384863 -0.306262 -0.87068 -0.504304 0.867113 0.203222 -0.454769 0.485867 
1530647446431 0.176218 -0.965266 0.192897 -0.606239 0.739683 0.259147 0.621057 -0.227134 -0.649474 0.0332411 0.759657 0.448469 0.31622 -0.930002 0.187352 0.400795 -0.384863 -0.306262 -0.87068 -0.504304 0.867113 0.203222 -0.454769 0.485867 
1530647446615 0.176265 -0.96528 0.192785 -0.606238 0.739687 0.259109 0.621068 -0.227129 -0.649457 0.033128 0.759676 0.44847 0.31622 -0.930002 0.187352 0.400795 -0.384863 -0.306262 -0.87068 -0.504304 0.867113 0.203222 -0.454769 0.485867 
1530647446855 0.176311 -0.965294 0.192672 -0.606238 0.73969 0.259072 0.62108 -0.227123 -0.64944 0.033015 0.759695 0.448471 0.31622 -0.930002 0.187352 0.400795 -0.384863 -0.306262 -0.87068 -0.504304 0.867113 0.203222 -0.454769 0.485867 
1530647447023 0.176357 -0.965308 0.19256 -0.606237 0.739694 0.259034 0.621091 -0.227118 -0.649424 0.0329019 0.759715 0.448473 0.31622 -0.930002 0.187352 0.400795 -0.384863 -0.306262 -0.87068 -0.504304 0.867113 0.203222 -0.454769 0.485867 
1530647447204 0.176403 -0.965322 0.192448 -0.606236 0.739697 0.258996 0.621103 -0.227113 -0.649407 0.0327888 0.759734 0.448474 0.31622 -0.930002 0.187352 0.400795 -0.384863 -0.306262 -0.87068 -0.504304 0.867113 0.203222 -0.454769 0.485867 
1530647447386 0.176449 -0.965336 0.192336 -0.606236 0.739701 0.258958 0.621114 -0.227109 -0.649391 0.0326764 0.759753 0.448475 0.31622 -0.930002 0.187352 0.400795 -0.384863 -0.306262 -0.87068 -0.504304 0.867113 0.203222 -0.454769 0.485867 
1530647447558 0.176316 -0.965359 0.192342 -0.606271 0.73963 0.258866 0.621237 -0.227117 -0.649508 0.032728 0.75965 0.448441 0.31622 -0.930002 0.187352 0.400795 -0.384863 -0.306262 -0.87068 -0.504304 0.867113 0.203222 -0.454769 0.485867 
1530647447575 0.17632 -0.965349 0.192388 -0.606274 0.739578 0.258901 0.621284 -0.227116 -0.649566 0.0327415 0.7596 0.448452 0.31622 -0.930002 0.187352 0.400795 -0.384863 -0.306262 -0.87068 -0.504304 0.867113 0.203222 -0.454769 0.485867 
1530647447591 0.176324 -0.965339 0.192435 -0.606277 0.739526 0.258937 0.621331 -0.227115 -0.649624 0.0327553 0.75955 0.448462 0.31622 -0.930002 0.187352 0.400795 -0.384863 -0.306262 -0.87068 -0.504304 0.867113 0.203222 -0.454769 0.485867 
1530647447780 0.176328 -0.965328 0.192482 -0.606279 0.739474 0.258973 0.621378 -0.227114 -0.649682 0.0327691 0.759499 0.448473 0.31622 -0.930002 0.187352 0.400795 -0.384863 -0.306262 -0.87068 -0.504304 0.867113 0.203222 -0.454769 0.485867 
1530647447914 0.176332 -0.965318 0.192529 -0.606282 0.739422 0.259009 0.621426 -0.227113 -0.64974 0.0327829 0.759449 0.448484 0.31622 -0.930002 0.187352 0.400795 -0.384863 -0.306262 -0.87068 -0.504304 0.867113 0.203222 -0.454769 0.485867 
1530647448021 0.176337 -0.965308 0.192576 -0.606285 0.73937 0.259046 0.621473 -0.227113 -0.649799 0.0327967 0.759399 0.448495 0.31622 -0.930002 0.187352 0.400795 -0.384863 -0.306262 -0.87068 -0.504304 0.867113 0.203222 -0.454769 0.485867 
1530647448192 0.176341 -0.965298 0.192623 -0.606288 0.739317 0.259082 0.62152 -0.227112 -0.649857 0.0328105 0.759348 0.448506 0.31622 -0.930002 0.187352 0.400795 -0.384863 -0.306262 -0.87068 -0.504304 0.867113 0.203222 -0.454769 0.485867 
1530647448407 0.176345 -0.965288 0.19267 -0.606291 0.739265 0.259118 0.621567 -0.227111 -0.649915 0.0328243 0.759298 0.448517 0.31622 -0.930002 0.187352 0.400795 -0.384863 -0.306262 -0.87068 -0.504304 0.867113 0.203222 -0.454769 0.485867 
1530647448508 0.176349 -0.965278 0.192717 -0.606293 0.739213 0.259154 0.621614 -0.22711 -0.649973 0.0328382 0.759247 0.448527 0.31622 -0.930002 0.187352 0.400795 -0.384863 -0.306262 -0.87068 -0.504304 0.867113 0.203222 -0.454769 0.485867 
1530647448633 0.176353 -0.965268 0.192764 -0.606296 0.739161 0.25919 0.62166 -0.227109 -0.650031 0.0328519 0.759197 0.448537 0.31622 -0.930002 0.187352 0.400795 -0.384863 -0.306262 -0.87068 -0.504304 0.867113 0.203222 -0.454769 0.485867 
1530647448674 0.176292 -0.965287 0.192725 -0.606313 0.739182 0.259117 0.621666 -0.22714 -0.650024 0.0328644 0.759203 0.448511 0.31622 -0.930002 0.187352 0.400795 -0.384863 -0.306262 -0.87068 -0.504304 0.867113 0.203222 -0.454769 0.485867 
1530647448687 0.176382 -0.9653 0.192574 -0.606336 0.739199 0.259087 0.621658 -0.227133 -0.64998 0.0327019 0.759247 0.448512 0.31622 -0.930002 0.187352 0.400795 -0.384863 -0.306262 -0.87068 -0.504304 0.867113 0.203222 -0.454769 0.485867 
1530647448855 0.176471 -0.965314 0.192423 -0.606359 0.739216 0.259056 0.62165 -0.227126 -0.649936 0.0325391 0.759292 0.448512 0.31622 -0.930002 0.187352 0.400795 -0.384863 -0.306262 -0.87068 -0.504304 0.867113 0.203222 -0.454769 0.485867 
1530647449011 0.176561 -0.965328 0.192272 -0.606382 0.739233 0.259025 0.621643 -0.22712 -0.649893 0.0323763 0.759336 0.448513 0.31622 -0.930002 0.187352 0.400795 -0.384863 -0.306262 -0.87068 -0.504304 0.867113 0.203222 -0.454769 0.485867 
1530647449150 0.176651 -0.965341 0.192121 -0.606405 0.73925 0.258995 0.621636 -0.227113 -0.649849 0.0322134 0.75938 0.448513 0.31622 -0.930002 0.187352 0.400795 -0.384863 -0.306262 -0.87068 -0.504304 0.867113 0.203222 -0.454769 0.485867 
1530647449364 0.17674 -0.965355 0.19197 -0.606429 0.739267 0.258964 0.621628 -0.227106 -0.649805 0.0320506 0.759425 0.448514 0.31622 -0.930002 0.187352 0.400795 -0.384863 -0.306262 -0.87068 -0.504304 0.867113 0.203222 -0.454769 0.485867 
1530647449496 0.17683 -0.965369 0.191819 -0.606452 0.739284 0.258933 0.621621 -0.227099 -0.649762 0.0318878 0.759469 0.448514 0.31622 -0.930002 0.187352 0.400795 -0.384863 -0.306262 -0.87068 -0.504304 0.867113 0.203222 -0.454769 0.485867 
1530647449504 0.176919 -0.965382 0.191668 -0.606475 0.739301 0.258903 0.621614 -0.227092 -0.649718 0.031725 0.759513 0.448515 0.31622 -0.930002 0.187352 0.400795 -0.384863 -0.306262 -0.87068 -0.504304 0.867113 0.203222 -0.454769 0.485867 
1530647449708 0.17701 -0.965396 0.191517 -0.606498 0.739318 0.258873 0.621606 -0.227086 -0.649674 0.0315615 0.759557 0.448515 0.31622 -0.930002 0.187352 0.400795 -0.384863 -0.306262 -0.87068 -0.504304 0.867113 0.203222 -0.454769 0.485867 
1530647449830 0.177099 -0.965409 0.191367 -0.606521 0.739335 0.258842 0.621599 -0.227079 -0.649631 0.0313995 0.759601 0.448516 0.31622 -0.930002 0.187352 0.400795 -0.384863 -0.306262 -0.87068 -0.504304 0.867113 0.203222 -0.454769 0.485867 
1530647450008 0.177056 -0.965401 0.191445 -0.606542 0.739237 0.258865 0.621706 -0.227071 -0.649754 0.0314467 0.759494 0.448439 0.31622 -0.930002 0.187352 0.400795 -0.384863 -0.306262 -0.87068 -0.504304 0.867113 0.203222 -0.454769 0.485867 
1530647450019 0.176974 -0.965397 0.191544 -0.606574 0.739215 0.258869 0.62173 -0.227078 -0.649801 0.031562 0.759449 0.448446 0.31622 -0.930002 0.187352 0.400795 -0.384863 -0.306262 -0.87068 -0.504304 0.867113 0.203222 -0.454769 0.485867 
1530647450324 0.176892 -0.965392 0.191643 -0.606607 0.739194 0.258871 0.621754 -0.227084 -0.649848 0.0316779 0.759404 0.448452 0.31622 -0.930002 0.187352 0.400795 -0.384863 -0.306262 -0.87068 -0.504304 0.867113 0.203222 -0.454769 0.485867 
1530647450592 0.17681 -0.965388 0.191742 -0.606639 0.739172 0.258874 0.621779 -0.227091 -0.649895 0.0317938 0.759359 0.448459 0.31622 -0.930002 0.187352 0.400795 -0.384863 -0.306262 -0.87068 -0.504304 0.867113 0.203222 -0.454769 0.485867 
1530647450781 0.176727 -0.965383 0.191841 -0.606671 0.73915 0.258877 0.621803 -0.227098 -0.649942 0.0319096 0.759314 0.448466 0.31622 -0.930002 0.187352 0.400795 -0.384863 -0.306262 -0.87068 -0.504304 0.867113 0.203222 -0.454769 0.485867 
1530647450923 0.176645 -0.965378 0.19194 -0.606704 0.739129 0.25888 0.621828 -0.227104 -0.649989 0.0320255 0.759269 0.448472 0.31622 -0.930002 0.187352 0.400795 -0.384863 -0.306262 -0.87068 -0.504304 0.867113 0.203222 -0.454769 0.485867 
1530647451160 0.176563 -0.965374 0.192039 -0.606736 0.739107 0.258883 0.621852 -0.227111 -0.650035 0.0321414 0.759224 0.448479 0.31622 -0.930002 0.187352 0.400795 -0.384863 -0.306262 -0.87068 -0.504304 0.867113 0.203222 -0.454769 0.485867 
1530647451310 0.17648 -0.965369 0.192138 -0.606769 0.739086 0.258886 0.621877 -0.227118 -0.650082 0.0322573 0.759179 0.448486 0.31622 -0.930002 0.187352 0.400795 -0.384863 -0.306262 -0.87068 -0.504304 0.867113 0.203222 -0.454769 0.485867 
1530647451476 0.176398 -0.965365 0.192237 -0.606801 0.739064 0.258888 0.621901 -0.227124 -0.650129 0.0323731 0.759134 0.448493 0.31622 -0.930002 0.187352 0.400795 -0.384863 -0.306262 -0.87068 -0.504304 0.867113 0.203222 -0.454769 0.485867 
1530647451604 0.176316 -0.96536 0.192335 -0.606831 0.739043 0.258891 0.621926 -0.22713 -0.650176 0.0324881 0.759089 0.448499 0.31622 -0.930002 0.187352 0.400795 -0.384863 -0.306262 -0.87068 -0.504304 0.867113 0.203222 -0.454769 0.485867 
1530647451791 0.176353 -0.965346 0.19237 -0.606842 0.739126 0.258937 0.621807 -0.227082 -0.650071 0.0325278 0.759177 0.448572 0.31622 -0.930002 0.187352 0.400795 -0.384863 -0.306262 -0.87068 -0.504304 0.867113 0.203222 -0.454769 0.485867 
1530647451802 0.176334 -0.965351 0.192365 -0.606892 0.739234 0.258914 0.621689 -0.227089 -0.649954 0.0325783 0.759275 0.448554 0.31622 -0.930002 0.187352 0.400795 -0.384863 -0.306262 -0.87068 -0.504304 0.867113 0.203222 -0.454769 0.485867 
1530647452067 0.176313 -0.965355 0.192361 -0.606942 0.739341 0.25889 0.621571 -0.227096 -0.649837 0.0326291 0.759373 0.448535 0.31622 -0.930002 0.187352 0.400795 -0.384863 -0.306262 -0.87068 -0.504304 0.867113 0.203222 -0.454769 0.485867 
1530647452273 0.176292 -0.96536 0.192356 -0.606993 0.739449 0.258867 0.621453 -0.227103 -0.649721 0.03268 0.75947 0.448517 0.31622 -0.930002 0.187352 0.400795 -0.384863 -0.306262 -0.87068 -0.504304 0.867113 0.203222 -0.454769 0.485867 
1530647452437 0.176272 -0.965365 0.192352 -0.607043 0.739556 0.258843 0.621335 -0.22711 -0.649604 0.0327308 0.759568 0.448498 0.31622 -0.930002 0.187352 0.400795 -0.384863 -0.306262 -0.87068 -0.504304 0.867113 0.203222 -0.454769 0.485867 
1530647452597 0.176252 -0.965369 0.192347 -0.607094 0.739664 0.258819 0.621217 -0.227116 -0.649487 0.0327816 0.759666 0.44848 0.31622 -0.930002 0.187352 0.400795 -0.384863 -0.306262 -0.87068 -0.504304 0.867113 0.203222 -0.454769 0.485867 
1530647452798 0.176231 -0.965374 0.192343 -0.607144 0.739771 0.258796 0.621099 -0.227123 -0.64937 0.0328325 0.759764 0.448462 0.31622 -0.930002 0.187352 0.400795 -0.384863 -0.306262 -0.87068 -0.504304 0.867113 0.203222 -0.454769 0.485867 
1530647452978 0.176211 -0.965379 0.192338 -0.607195 0.739878 0.258772 0.620981 -0.22713 -0.649253 0.0328833 0.759861 0.448443 0.31622 -0.930002 0.187352 0.400795 -0.384863 -0.306262 -0.87068 -0.504304 0.867113 0.203222 -0.454769 0.485867 
1530647453104 0.17619 -0.965383 0.192334 -0.607245 0.739986 0.258748 0.620863 -0.227137 -0.649136 0.0329341 0.759959 0.448425 0.31622 -0.930002 0.187352 0.400795 -0.384863 -0.306262 -0.87068 -0.504304 0.867113 0.203222 -0.454769 0.485867 
1530647453242 0.17617 -0.965388 0.192329 -0.607292 0.740093 0.258724 0.620745 -0.227142 -0.64902 0.0329847 0.760056 0.448408 0.31622 -0.930002 0.187352 0.400795 -0.384863 -0.306262 -0.87068 -0.504304 0.867113 0.203222 -0.454769 0.485867 
1530647453386 0.176202 -0.965374 0.192368 -0.607264 0.740035 0.258777 0.620792 -0.22715 -0.649077 0.0329743 0.760008 0.448398 0.31622 -0.930002 0.187352 0.400795 -0.384863 -0.306262 -0.87068 -0.504304 0.867113 0.203222 -0.454769 0.485867 
1530647453400 0.176215 -0.965371 0.192374 -0.607322 0.740028 0.25879 0.620795 -0.227156 -0.649082 0.0329687 0.760004 0.448401 0.31622 -0.930002 0.187352 0.400795 -0.384863 -0.306262 -0.87068 -0.504304 0.867113 0.203222 -0.454769 0.485867 
1530647453607 0.176229 -0.965367 0.192379 -0.60738 0.74002 0.258804 0.620798 -0.227162 -0.649087 0.0329618 0.76 0.448404 0.31622 -0.930002 0.187352 0.400795 -0.384863 -0.306262 -0.87068 -0.504304 0.867113 0.203222 -0.454769 0.485867 
1530647453783 0.176243 -0.965364 0.192384 -0.607438 0.740013 0.258819 0.620801 -0.227169 -0.649091 0.0329549 0.759996 0.448407 0.31622 -0.930002 0.187352 0.400795 -0.384863 -0.306262 -0.87068 -0.504304 0.867113 0.203222 -0.454769 0.485867 
1530647454057 0.176257 -0.96536 0.192389 -0.607496 0.740005 0.258833 0.620804 -0.227175 -0.649096 0.032948 0.759992 0.44841 0.31622 -0.930002 0.187352 0.400795 -0.384863 -0.306262 -0.87068 -0.504304 0.867113 0.203222 -0.454769 0.485867 
1530647454205 0.176271 -0.965356 0.192394 -0.607554 0.739997 0.258847 0.620807 -0.227181 -0.649101 0.0329411 0.759988 0.448413 0.31622 -0.930002 0.187352 0.400795 -0.384863 -0.306262 -0.87068 -0.504304 0.867113 0.203222 -0.454769 0.485867 
1530647454369 0.176285 -0.965353 0.1924 -0.607612 0.73999 0.258862 0.620811 -0.227187 -0.649106 0.0329342 0.759985 0.448416 0.31622 -0.930002 0.187352 0.400795 -0.384863 -0.306262 -0.87068 -0.504304 0.867113 0.203222 -0.454769 0.485867 
1530647454477 0.176299 -0.965349 0.192405 -0.60767 0.739982 0.258876 0.620814 -0.227193 -0.649111 0.0329272 0.759981 0.448419 0.31622 -0.930002 0.187352 0.400795 -0.384863 -0.306262 -0.87068 -0.504304 0.867113 0.203222 -0.454769 0.485867 
1530647454629 0.176314 -0.965345 0.19241 -0.607728 0.739975 0.258891 0.620817 -0.227199 -0.649116 0.0329198 0.759977 0.448422 0.31622 -0.930002 0.187352 0.400795 -0.384863 -0.306262 -0.87068 -0.504304 0.867113 0.203222 -0.454769 0.485867 
1530647454796 0.176328 -0.965342 0.192415 -0.607783 0.739967 0.258905 0.62082 -0.227204 -0.649121 0.0329128 0.759973 0.448425 0.31622 -0.930002 0.187352 0.400795 -0.384863 -0.306262 -0.87068 -0.504304 0.867113 0.203222 -0.454769 0.485867 
1530647454927 0.176367 -0.965333 0.192427 -0.607761 0.739968 0.258942 0.620803 -0.227182 -0.649109 0.0329006 0.759984 0.448422 0.31622 -0.930002 0.187352 0.400795 -0.384863 -0.306262 -0.87068 -0.504304 0.867113 0.203222 -0.454769 0.485867 
1530647454939 0.176353 -0.965337 0.192418 -0.60783 0.739952 0.258927 0.620829 -0.227181 -0.649131 0.0328951 0.759965 0.448422 0.31622 -0.930002 0.187352 0.400795 -0.384863 -0.306262 -0.87068 -0.504304 0.867113 0.203222 -0.454769 0.485867 
1530647455035 0.17634 -0.965341 0.192409 -0.607898 0.739935 0.258912 0.620855 -0.22718 -0.649154 0.0328886 0.759946 0.448422 0.31622 -0.930002 0.187352 0.400795 -0.384863 -0.306262 -0.87068 -0.504304 0.867113 0.203222 -0.454769 0.485867 
1530647455184 0.176328 -0.965345 0.1924 -0.607967 0.739918 0.258898 0.620881 -0.22718 -0.649176 0.032882 0.759927 0.448422 0.31622 -0.930002 0.187352 0.400795 -0.384863 -0.306262 -0.87068 -0.504304 0.867113 0.203222 -0.454769 0.485867 
1530647455405 0.176315 -0.965349 0.192391 -0.608036 0.739902 0.258883 0.620906 -0.227179 -0.649198 0.0328755 0.759908 0.448422 0.31622 -0.930002 0.187352 0.400795 -0.384863 -0.306262 -0.87068 -0.504304 0.867113 0.203222 -0.454769 0.485867 
1530647455544 0.176302 -0.965353 0.192382 -0.608105 0.739885 0.258868 0.620932 -0.227178 -0.649221 0.032869 0.75989 0.448422 0.31622 -0.930002 0.187352 0.400795 -0.384863 -0.306262 -0.87068 -0.504304 0.867113 0.203222 -0.454769 0.485867 
1530647455797 0.176289 -0.965357 0.192373 -0.608174 0.739869 0.258854 0.620958 -0.227178 -0.649243 0.0328624 0.759871 0.448422 0.31622 -0.930002 0.187352 0.400795 -0.384863 -0.306262 -0.87068 -0.504304 0.867113 0.203222 -0.454769 0.485867 
