1537347797884 0.275657 0.633204 -0.723233 -0.604483 -0.8825 0.464965 0.0707247 -0.181741 0.381061 0.618757 0.686973 0.426588 0.16008 -0.304787 0.938871 0.370831 -0.775623 0.549475 0.310623 -0.528794 -0.61056 -0.777934 -0.14844 0.432481 
1537347797971 -0.177828 0.804549 -0.566637 -0.607613 -0.974764 -0.0650501 0.213548 -0.258274 0.13495 0.590313 0.795814 0.413008 0.283077 -0.260335 0.923089 0.403911 -0.941318 -0.25987 0.215378 -0.503241 0.183812 -0.929889 -0.318621 0.461445 
1537347797991 -0.16974 0.758178 -0.629566 -0.617963 -0.973602 -0.030088 0.226262 -0.261425 0.152604 0.651353 0.743271 0.418755 0.250704 -0.128547 0.959491 0.407007 -0.95209 -0.212049 0.220362 -0.50214 0.175133 -0.968768 -0.17555 0.437005 
1537347798061 -0.163045 0.70665 -0.688522 -0.628313 -0.971727 0.00577698 0.236038 -0.264576 0.170774 0.70754 0.685729 0.424501 0.219822 0.00758225 0.975511 0.410101 -0.96208 -0.163856 0.218069 -0.501036 0.161497 -0.986455 -0.0287245 0.412565 
1537347798191 -0.157793 0.650334 -0.74308 -0.638662 -0.969152 0.0422865 0.242808 -0.267726 0.189328 0.758471 0.6236 0.430247 0.191114 0.145041 0.970793 0.413196 -0.971065 -0.116356 0.208552 -0.49993 0.143206 -0.98256 0.118607 0.388125 
1537347798261 -0.15402 0.589634 -0.792849 -0.649009 -0.965898 0.0791785 0.246521 -0.270875 0.208134 0.80378 0.557331 0.435993 0.165215 0.28079 0.945442 0.416291 -0.978848 -0.070598 0.19202 -0.498825 0.120664 -0.957169 0.263187 0.363686 
1537347798301 -0.151754 0.524986 -0.837473 -0.659354 -0.961986 0.116188 0.247152 -0.274023 0.227056 0.843143 0.487397 0.441739 0.142699 0.411828 0.900019 0.419388 -0.985257 -0.0275946 0.168841 -0.497722 0.094369 -0.910844 0.401819 0.339248 
1537347798361 -0.15101 0.456855 -0.87663 -0.669693 -0.957445 0.15305 0.244694 -0.277166 0.245958 0.876276 0.414301 0.447483 0.124064 0.535257 0.835529 0.422485 -0.990149 0.0117036 0.139525 -0.496622 0.0649033 -0.844608 0.531436 0.314811 
1537347798381 -0.151792 0.385731 -0.910039 -0.68002 -0.952308 0.189501 0.239165 -0.280301 0.264706 0.90294 0.33857 0.453223 0.109721 0.648348 0.753396 0.425582 -0.993417 0.0464273 0.104722 -0.495521 0.0329184 -0.759927 0.649174 0.290374 
1537347798441 -0.153539 0.312316 -0.937488 -0.687979 -0.94667 0.225481 0.23016 -0.281771 0.283268 0.922831 0.26104 0.458415 0.100042 0.748607 0.655422 0.428972 -0.994983 0.0758556 0.0652317 -0.494855 -0.000884572 -0.65866 0.75244 0.2658 
1537347798529 0.275657 0.633204 -0.723233 -0.604483 -0.8825 0.464965 0.0707247 -0.181741 0.381061 0.618757 0.686973 0.426588 0.16008 -0.304787 0.938871 0.370831 -0.775623 0.549475 0.310623 -0.528794 -0.61056 -0.777934 -0.14844 0.432481 
1537347798634 -0.157878 0.236574 -0.958701 -0.70058 -0.940398 0.260129 0.219054 -0.286495 0.301208 0.936144 0.181405 0.464664 0.0950794 0.833797 0.543822 0.431773 -0.994828 0.0992 0.0218361 -0.493315 -0.0357402 -0.543085 0.838917 0.241503 
1537347798843 -0.157878 0.236574 -0.958701 -0.70058 -0.940398 0.260129 0.219055 -0.286495 0.301208 0.936144 0.181405 0.464664 0.0950817 0.833797 0.543821 0.431773 -0.994828 0.0992023 0.0218367 -0.493315 -0.0357409 -0.543084 0.838917 0.241503 
1537347798869 -0.157879 0.236574 -0.958701 -0.70058 -0.940398 0.260128 0.219055 -0.286495 0.301208 0.936144 0.181405 0.464664 0.095084 0.833798 0.54382 0.431773 -0.994827 0.0992046 0.0218374 -0.493315 -0.0357415 -0.543084 0.838917 0.241503 
1537347798933 -0.157879 0.236573 -0.958701 -0.70058 -0.940398 0.260128 0.219055 -0.286495 0.301207 0.936145 0.181404 0.464664 0.0950863 0.833798 0.54382 0.431773 -0.994827 0.0992069 0.021838 -0.493315 -0.0357422 -0.543083 0.838918 0.241503 
1537347799166 -0.15788 0.236573 -0.958701 -0.70058 -0.940398 0.260128 0.219056 -0.286495 0.301207 0.936145 0.181404 0.464664 0.0950886 0.833798 0.543819 0.431773 -0.994827 0.0992092 0.0218387 -0.493315 -0.0357428 -0.543083 0.838918 0.241503 
1537347799273 -0.15788 0.236573 -0.958701 -0.70058 -0.940398 0.260127 0.219056 -0.286495 0.301207 0.936145 0.181404 0.464664 0.0950909 0.833798 0.543819 0.431773 -0.994827 0.0992115 0.0218393 -0.493315 -0.0357435 -0.543082 0.838918 0.241503 
1537347799403 -0.157881 0.236572 -0.958701 -0.70058 -0.940398 0.260127 0.219057 -0.286495 0.301207 0.936145 0.181403 0.464664 0.0950932 0.833798 0.543818 0.431773 -0.994826 0.0992138 0.02184 -0.493315 -0.0357441 -0.543082 0.838919 0.241503 
1537347800236 -0.157881 0.236572 -0.958701 -0.70058 -0.940398 0.260126 0.219057 -0.286495 0.301206 0.936145 0.181403 0.464664 0.0950955 0.833798 0.543818 0.431773 -0.994826 0.0992161 0.0218406 -0.493315 -0.0357448 -0.543081 0.838919 0.241503 
1537347800408 -0.156965 0.236934 -0.958762 -0.697332 -0.940485 0.260422 0.218329 -0.284069 0.301412 0.935972 0.181956 0.463648 0.0951198 0.833801 0.543809 0.431907 -0.994824 0.0992389 0.0218495 -0.493507 -0.0357489 -0.543073 0.838924 0.241437 
1537347800847 0.275657 0.633204 -0.723233 -0.604483 -0.8825 0.464965 0.0707247 -0.181741 0.381061 0.618757 0.686973 0.426588 0.16008 -0.304787 0.938871 0.370831 -0.775623 0.549475 0.310623 -0.528794 -0.61056 -0.777934 -0.14844 0.432481 
1537347801443 -0.15731 0.236397 -0.958838 -0.700649 -0.940518 0.260199 0.218455 -0.286484 0.301131 0.936169 0.181403 0.464642 0.0937533 0.833854 0.543966 0.431787 -0.994982 0.0976438 0.021807 -0.493357 -0.0349311 -0.543281 0.838824 0.241519 
1537347801820 -0.156737 0.236221 -0.958975 -0.700717 -0.940637 0.260273 0.217853 -0.286474 0.301057 0.936193 0.181404 0.46462 0.0924064 0.833907 0.544115 0.4318 -0.995137 0.0960668 0.0217717 -0.493398 -0.0341158 -0.54348 0.838728 0.241535 
1537347801840 -0.156165 0.236046 -0.959111 -0.700786 -0.940756 0.260347 0.21725 -0.286464 0.300982 0.936217 0.181405 0.464598 0.0910595 0.833958 0.544264 0.431814 -0.995289 0.0944895 0.0217362 -0.493439 -0.0333001 -0.543679 0.838633 0.241552 
1537347801860 -0.155592 0.235871 -0.959248 -0.700855 -0.940875 0.26042 0.216647 -0.286454 0.300908 0.93624 0.181406 0.464576 0.0897124 0.834006 0.544412 0.431828 -0.995438 0.092912 0.0217004 -0.49348 -0.0324842 -0.543876 0.838537 0.241568 
1537347801900 -0.155019 0.235696 -0.959383 -0.700924 -0.940993 0.260493 0.216044 -0.286444 0.300834 0.936264 0.181407 0.464554 0.0883653 0.834053 0.544561 0.431841 -0.995585 0.0913343 0.0216643 -0.493522 -0.0316679 -0.544071 0.838441 0.241584 
1537347801910 -0.154446 0.235521 -0.959519 -0.700993 -0.941111 0.260566 0.215441 -0.286433 0.300759 0.936288 0.181408 0.464532 0.0870181 0.834098 0.54471 0.431855 -0.995729 0.0897563 0.0216279 -0.493563 -0.0308513 -0.544266 0.838345 0.2416 
1537347801920 -0.153874 0.235345 -0.959654 -0.701061 -0.941229 0.260639 0.214838 -0.286423 0.300685 0.936312 0.181408 0.46451 0.0856708 0.83414 0.544859 0.431869 -0.995871 0.0881781 0.0215913 -0.493604 -0.0300345 -0.544459 0.83825 0.241616 
1537347801940 -0.153301 0.23517 -0.959789 -0.70113 -0.941346 0.260712 0.214235 -0.286413 0.30061 0.936335 0.181409 0.464488 0.0843235 0.83418 0.545007 0.431882 -0.99601 0.0865997 0.0215544 -0.493645 -0.0292173 -0.54465 0.838154 0.241633 
1537347801951 -0.151801 0.235358 -0.959981 -0.697944 -0.941547 0.261083 0.212896 -0.283965 0.300742 0.936185 0.181968 0.463444 0.0829995 0.834221 0.545147 0.432039 -0.996145 0.085043 0.0215261 -0.493891 -0.0284034 -0.544832 0.838064 0.241577 
1537347802038 0.275657 0.633204 -0.723233 -0.604483 -0.8825 0.464965 0.0707247 -0.181741 0.381061 0.618757 0.686973 0.426588 0.16008 -0.304787 0.938871 0.370831 -0.775623 0.549475 0.310623 -0.528794 -0.61056 -0.777934 -0.14844 0.432481 
1537347802158 -0.151946 0.235006 -0.960044 -0.70131 -0.941711 0.260551 0.212823 -0.286448 0.300155 0.936422 0.181718 0.464421 0.081307 0.834152 0.545509 0.431893 -0.996306 0.0831988 0.021276 -0.493709 -0.0276384 -0.545224 0.837835 0.241638 
1537347802368 -0.151737 0.235193 -0.960031 -0.701353 -0.941842 0.260243 0.212618 -0.286504 0.299848 0.93646 0.182026 0.464398 0.0809854 0.834049 0.545714 0.431876 -0.99633 0.0829554 0.0210722 -0.493691 -0.0276947 -0.545418 0.837706 0.24161 
1537347802518 -0.151529 0.235379 -0.960019 -0.701395 -0.941974 0.259936 0.212412 -0.286559 0.299541 0.936499 0.182333 0.464375 0.0806638 0.833946 0.545919 0.431859 -0.996355 0.082712 0.0208684 -0.493672 -0.027751 -0.545612 0.837578 0.241583 
1537347802578 -0.15132 0.235566 -0.960006 -0.701438 -0.942105 0.259629 0.212206 -0.286615 0.299234 0.936537 0.182641 0.464352 0.0803422 0.833843 0.546123 0.431842 -0.996379 0.0824687 0.0206645 -0.493654 -0.0278072 -0.545806 0.83745 0.241555 
1537347802610 -0.151112 0.235753 -0.959993 -0.70148 -0.942236 0.259322 0.212001 -0.286671 0.298927 0.936575 0.182948 0.464329 0.0800206 0.83374 0.546328 0.431825 -0.996404 0.0822254 0.0204605 -0.493635 -0.0278633 -0.546 0.837322 0.241528 
1537347802618 -0.150904 0.23594 -0.959979 -0.701522 -0.942367 0.259014 0.211795 -0.286726 0.298619 0.936613 0.183256 0.464306 0.0796989 0.833637 0.546532 0.431808 -0.996428 0.0819822 0.0202565 -0.493617 -0.0279193 -0.546194 0.837193 0.2415 
1537347802958 -0.150695 0.236127 -0.959966 -0.701565 -0.942497 0.258707 0.211589 -0.286782 0.298312 0.936651 0.183563 0.464283 0.0793772 0.833534 0.546736 0.431791 -0.996452 0.081739 0.0200524 -0.493598 -0.0279753 -0.546388 0.837065 0.241473 
1537347802978 -0.150487 0.236314 -0.959953 -0.701607 -0.942628 0.2584 0.211382 -0.286837 0.298004 0.936688 0.18387 0.464259 0.0790555 0.83343 0.546941 0.431774 -0.996476 0.0814958 0.0198483 -0.49358 -0.0280312 -0.546582 0.836936 0.241446 
1537347803128 -0.149356 0.236863 -0.959994 -0.698391 -0.942841 0.258391 0.210441 -0.284454 0.2979 0.936552 0.184732 0.463222 0.0787582 0.83333 0.547136 0.431907 -0.996498 0.0812753 0.0196535 -0.493774 -0.0280908 -0.546767 0.836813 0.241344 
1537347803248 0.275657 0.633204 -0.723233 -0.604483 -0.8825 0.464965 0.0707247 -0.181741 0.381061 0.618757 0.686973 0.426588 0.16008 -0.304787 0.938871 0.370831 -0.775623 0.549475 0.310623 -0.528794 -0.61056 -0.777934 -0.14844 0.432481 
1537347803448 -0.149852 0.236853 -0.959919 -0.701679 -0.942985 0.257596 0.210769 -0.287016 0.297192 0.936774 0.184748 0.464177 0.0783335 0.833101 0.547545 0.431726 -0.996516 0.0812066 0.0190071 -0.493533 -0.0286295 -0.547127 0.83656 0.241384 
1537347803468 -0.149634 0.237019 -0.959912 -0.701666 -0.943082 0.257406 0.210568 -0.287083 0.296996 0.936784 0.185011 0.464141 0.0782548 0.832979 0.547742 0.431711 -0.996508 0.0814036 0.0185743 -0.493522 -0.0291162 -0.547283 0.836441 0.241376 
1537347803518 -0.149415 0.237184 -0.959906 -0.701653 -0.943178 0.257216 0.210367 -0.28715 0.296799 0.936794 0.185275 0.464105 0.0781759 0.832857 0.547939 0.431696 -0.9965 0.0816008 0.0181416 -0.493512 -0.0296029 -0.54744 0.836322 0.241369 
1537347804195 -0.149196 0.237349 -0.959899 -0.70164 -0.943275 0.257026 0.210166 -0.287218 0.296602 0.936805 0.185538 0.464068 0.078097 0.832735 0.548136 0.431681 -0.996492 0.081798 0.0177089 -0.493502 -0.0300896 -0.547596 0.836202 0.241362 
1537347804245 -0.148978 0.237514 -0.959892 -0.701627 -0.943371 0.256836 0.209965 -0.287285 0.296405 0.936815 0.185801 0.464032 0.078018 0.832613 0.548332 0.431666 -0.996483 0.0819954 0.0172763 -0.493492 -0.0305762 -0.547752 0.836082 0.241355 
1537347804255 -0.148759 0.237679 -0.959885 -0.701614 -0.943468 0.256647 0.209764 -0.287353 0.296208 0.936825 0.186064 0.463996 0.0779388 0.832491 0.548529 0.431651 -0.996474 0.0821927 0.0168437 -0.493481 -0.0310629 -0.547908 0.835962 0.241348 
1537347804295 -0.148541 0.237844 -0.959878 -0.701601 -0.943564 0.256457 0.209563 -0.28742 0.296011 0.936835 0.186327 0.46396 0.0778595 0.832369 0.548726 0.431636 -0.996465 0.0823902 0.0164111 -0.493471 -0.0315495 -0.548064 0.835841 0.24134 
1537347804335 -0.148322 0.238009 -0.959871 -0.701588 -0.94366 0.256267 0.209361 -0.287487 0.295814 0.936845 0.18659 0.463924 0.0777801 0.832247 0.548922 0.431621 -0.996456 0.0825878 0.0159786 -0.493461 -0.0320361 -0.548219 0.835721 0.241333 
1537347804348 -0.14719 0.238531 -0.959916 -0.698334 -0.943837 0.256374 0.208432 -0.28513 0.295815 0.936683 0.187399 0.462889 0.0777256 0.832128 0.549109 0.431759 -0.996444 0.0828086 0.0155559 -0.493668 -0.0325265 -0.548366 0.835606 0.241249 
1537347804625 0.275657 0.633204 -0.723233 -0.604483 -0.8825 0.464965 0.0707247 -0.181741 0.381061 0.618757 0.686973 0.426588 0.16008 -0.304787 0.938871 0.370831 -0.775623 0.549475 0.310623 -0.528794 -0.61056 -0.777934 -0.14844 0.432481 
1537347804665 -0.147607 0.238426 -0.959878 -0.701526 -0.943795 0.256243 0.208783 -0.287593 0.295742 0.936746 0.187202 0.463872 0.0779934 0.831896 0.549424 0.431591 -0.996395 0.0834939 0.015023 -0.493477 -0.033376 -0.548615 0.835409 0.241315 
1537347804705 -0.147329 0.238512 -0.959899 -0.701491 -0.943737 0.256599 0.208607 -0.287563 0.296064 0.936626 0.187289 0.463892 0.0783657 0.831788 0.549533 0.431591 -0.996353 0.0840047 0.0149324 -0.493514 -0.0337428 -0.5487 0.835338 0.241312 
1537347805079 -0.14705 0.238598 -0.95992 -0.701456 -0.94368 0.256954 0.208431 -0.287534 0.296386 0.936507 0.187375 0.463912 0.0787379 0.831681 0.549643 0.431591 -0.996312 0.0845154 0.0148418 -0.493551 -0.0341096 -0.548784 0.835268 0.241308 
1537347805119 -0.146772 0.238684 -0.959942 -0.70142 -0.943622 0.257309 0.208255 -0.287504 0.296709 0.936388 0.187462 0.463932 0.0791101 0.831574 0.549752 0.431591 -0.99627 0.0850261 0.0147513 -0.493588 -0.0344765 -0.548868 0.835198 0.241304 
1537347805425 -0.146493 0.23877 -0.959963 -0.701385 -0.943564 0.257664 0.208079 -0.287475 0.297031 0.936268 0.187549 0.463953 0.0794822 0.831466 0.549861 0.431591 -0.996227 0.0855368 0.0146608 -0.493625 -0.0348434 -0.548952 0.835127 0.241301 
1537347805459 -0.146215 0.238856 -0.959984 -0.70135 -0.943505 0.258019 0.207903 -0.287446 0.297353 0.936149 0.187635 0.463973 0.0798543 0.831358 0.54997 0.431591 -0.996184 0.0860475 0.0145704 -0.493662 -0.0352103 -0.549036 0.835057 0.241297 
1537347806096 -0.145936 0.238941 -0.960005 -0.701315 -0.943447 0.258374 0.207727 -0.287416 0.297675 0.936029 0.187722 0.463993 0.0802262 0.83125 0.55008 0.431591 -0.996142 0.0865582 0.0144801 -0.493699 -0.0355773 -0.549119 0.834987 0.241294 
1537347806107 -0.145658 0.239027 -0.960026 -0.701279 -0.943388 0.258729 0.207551 -0.287387 0.297997 0.935909 0.187809 0.464013 0.0805982 0.831141 0.550189 0.431591 -0.996098 0.0870689 0.0143899 -0.493736 -0.0359443 -0.549202 0.834916 0.24129 
1537347806116 -0.144473 0.239461 -0.960097 -0.698039 -0.943407 0.259379 0.206655 -0.284958 0.298515 0.935618 0.188436 0.463045 0.0809944 0.831036 0.55029 0.43174 -0.996053 0.0876021 0.0143092 -0.493985 -0.0363151 -0.549277 0.834851 0.241212 
1537347806172 0.275657 0.633204 -0.723233 -0.604483 -0.8825 0.464965 0.0707247 -0.181741 0.381061 0.618757 0.686973 0.426588 0.16008 -0.304787 0.938871 0.370831 -0.775623 0.549475 0.310623 -0.528794 -0.61056 -0.777934 -0.14844 0.432481 
1537347806570 -0.144757 0.23932 -0.960089 -0.701176 -0.943223 0.259794 0.206973 -0.287251 0.298959 0.935539 0.188125 0.464242 0.081164 0.830941 0.550408 0.431642 -0.996035 0.0877961 0.0143328 -0.493918 -0.036414 -0.549389 0.834773 0.241277 
1537347807209 -0.144415 0.239443 -0.96011 -0.701143 -0.943175 0.260149 0.206746 -0.287174 0.299276 0.935409 0.188267 0.464431 0.0809863 0.830958 0.550408 0.431692 -0.996059 0.087502 0.014456 -0.494026 -0.0361495 -0.54941 0.83477 0.241271 
1537347807295 -0.144072 0.239565 -0.960131 -0.70111 -0.943126 0.260504 0.206519 -0.287097 0.299593 0.935279 0.188409 0.46462 0.0808086 0.830976 0.550408 0.431742 -0.996083 0.0872078 0.0145791 -0.494134 -0.035885 -0.549431 0.834768 0.241266 
1537347807306 -0.143729 0.239687 -0.960152 -0.701077 -0.943078 0.260859 0.206293 -0.28702 0.29991 0.935149 0.188551 0.464808 0.0806308 0.830993 0.550409 0.431793 -0.996107 0.0869137 0.0147023 -0.494242 -0.0356205 -0.549451 0.834766 0.24126 
1537347807315 -0.143386 0.23981 -0.960173 -0.701044 -0.943029 0.261213 0.206066 -0.286942 0.300227 0.935018 0.188693 0.464997 0.0804531 0.83101 0.550409 0.431843 -0.996131 0.0866196 0.0148255 -0.49435 -0.035356 -0.549472 0.834764 0.241254 
1537347807326 -0.143043 0.239932 -0.960193 -0.701011 -0.942981 0.261568 0.205839 -0.286865 0.300543 0.934888 0.188835 0.465186 0.0802753 0.831027 0.550409 0.431893 -0.996155 0.0863254 0.0149487 -0.494458 -0.0350915 -0.549493 0.834761 0.241248 
1537347807345 -0.1427 0.240054 -0.960214 -0.700979 -0.942932 0.261923 0.205613 -0.286788 0.30086 0.934757 0.188978 0.465374 0.0800975 0.831044 0.550409 0.431944 -0.996178 0.0860312 0.0150719 -0.494566 -0.034827 -0.549513 0.834759 0.241242 
1537347807356 -0.142357 0.240176 -0.960234 -0.700946 -0.942882 0.262277 0.205386 -0.286711 0.301177 0.934626 0.18912 0.465563 0.0799198 0.831061 0.550409 0.431994 -0.996202 0.0857371 0.0151951 -0.494674 -0.0345625 -0.549533 0.834757 0.241237 
1537347807366 -0.14111 0.240643 -0.960301 -0.697737 -0.942907 0.262925 0.204441 -0.284252 0.301685 0.934324 0.189802 0.464758 0.0797651 0.831081 0.550401 0.432185 -0.996223 0.0854642 0.0153273 -0.494982 -0.0343014 -0.549545 0.83476 0.24116 
1537347807455 0.275657 0.633204 -0.723233 -0.604483 -0.8825 0.464965 0.0707247 -0.181741 0.381061 0.618757 0.686973 0.426588 0.16008 -0.304787 0.938871 0.370831 -0.775623 0.549475 0.310623 -0.528794 -0.61056 -0.777934 -0.14844 0.432481 
1537347807475 -0.141632 0.240434 -0.960277 -0.700829 -0.942776 0.263034 0.204908 -0.286471 0.301852 0.934347 0.189421 0.46625 0.0794979 0.830991 0.550576 0.43212 -0.996264 0.0849318 0.0156624 -0.494997 -0.0337461 -0.549764 0.834638 0.241224 
1537347807495 -0.141592 0.240448 -0.960279 -0.700778 -0.942768 0.263081 0.204884 -0.286385 0.301895 0.93433 0.189437 0.46656 0.0794316 0.830887 0.550742 0.432147 -0.996279 0.0847148 0.0158832 -0.495105 -0.0334588 -0.549955 0.834524 0.241223 
1537347807505 -0.141553 0.240463 -0.960281 -0.700727 -0.94276 0.263128 0.204859 -0.286299 0.301938 0.934313 0.189452 0.46687 0.0793654 0.830783 0.550909 0.432173 -0.996294 0.0844977 0.0161041 -0.495212 -0.0331715 -0.550145 0.83441 0.241223 
1537347807515 -0.141513 0.240478 -0.960284 -0.700677 -0.942752 0.263175 0.204835 -0.286214 0.301981 0.934296 0.189468 0.46718 0.0792992 0.830679 0.551075 0.432199 -0.996308 0.0842807 0.0163249 -0.49532 -0.0328842 -0.550335 0.834296 0.241222 
1537347807525 -0.141474 0.240492 -0.960286 -0.700626 -0.942744 0.263222 0.20481 -0.286128 0.302023 0.934279 0.189484 0.46749 0.0792331 0.830575 0.551241 0.432225 -0.996323 0.0840635 0.0165456 -0.495427 -0.0325969 -0.550525 0.834182 0.241221 
1537347807535 -0.141434 0.240507 -0.960288 -0.700575 -0.942737 0.263269 0.204786 -0.286042 0.302066 0.934262 0.189499 0.467799 0.079167 0.830471 0.551407 0.432251 -0.996338 0.0838463 0.0167663 -0.495535 -0.0323095 -0.550715 0.834068 0.24122 
1537347807555 -0.141395 0.240522 -0.96029 -0.700524 -0.942729 0.263316 0.204761 -0.285956 0.302109 0.934245 0.189515 0.468109 0.079101 0.830367 0.551574 0.432277 -0.996352 0.0836291 0.016987 -0.495643 -0.0320221 -0.550905 0.833953 0.241219 
1537347807565 -0.141355 0.240536 -0.960292 -0.700473 -0.942721 0.263363 0.204737 -0.28587 0.302152 0.934228 0.189531 0.468419 0.079035 0.830263 0.55174 0.432303 -0.996367 0.0834118 0.0172076 -0.49575 -0.0317347 -0.551095 0.833839 0.241219 
1537347807575 -0.140404 0.240902 -0.96034 -0.697251 -0.942788 0.263704 0.203988 -0.283397 0.302387 0.934038 0.190095 0.467708 0.0789911 0.830162 0.551898 0.432462 -0.996379 0.0832147 0.0174369 -0.496048 -0.0314506 -0.551277 0.833729 0.241151 
1537347807671 0.275657 0.633204 -0.723233 -0.604483 -0.8825 0.464965 0.0707247 -0.181741 0.381061 0.618757 0.686973 0.426588 0.16008 -0.304787 0.938871 0.370831 -0.775623 0.549475 0.310623 -0.528794 -0.61056 -0.777934 -0.14844 0.432481 
1537347807717 -0.14154 0.240641 -0.960239 -0.700278 -0.942606 0.263574 0.204994 -0.285564 0.302424 0.934142 0.189524 0.46944 0.0788371 0.830003 0.552159 0.43241 -0.996406 0.082827 0.0177614 -0.49605 -0.0309916 -0.551575 0.83355 0.241233 
1537347807754 -0.141803 0.240717 -0.960181 -0.700183 -0.942507 0.263691 0.2053 -0.285429 0.302611 0.934089 0.189485 0.469841 0.078771 0.829951 0.552246 0.432465 -0.996416 0.0826768 0.0178741 -0.496135 -0.0308233 -0.551675 0.83349 0.241249 
1537347807794 -0.142067 0.240793 -0.960123 -0.700089 -0.942407 0.263809 0.205607 -0.285295 0.302797 0.934036 0.189447 0.470242 0.0787049 0.8299 0.552333 0.43252 -0.996427 0.0825267 0.0179868 -0.49622 -0.030655 -0.551775 0.833429 0.241265 
1537347807854 -0.14233 0.240869 -0.960065 -0.699995 -0.942307 0.263926 0.205913 -0.285161 0.302984 0.933984 0.189408 0.470643 0.0786388 0.829848 0.55242 0.432575 -0.996437 0.0823766 0.0180995 -0.496304 -0.0304866 -0.551875 0.833369 0.241281 
1537347807915 -0.142593 0.240945 -0.960007 -0.699901 -0.942207 0.264043 0.20622 -0.285026 0.30317 0.933931 0.189369 0.471044 0.0785727 0.829797 0.552507 0.432631 -0.996447 0.0822264 0.0182121 -0.496389 -0.0303183 -0.551975 0.833309 0.241297 
1537347808667 -0.142857 0.241021 -0.959948 -0.699806 -0.942107 0.26416 0.206526 -0.284892 0.303357 0.933878 0.189331 0.471445 0.0785066 0.829745 0.552594 0.432686 -0.996458 0.0820763 0.0183248 -0.496474 -0.03015 -0.552075 0.833249 0.241313 
1537347808682 -0.14312 0.241097 -0.95989 -0.699712 -0.942007 0.264277 0.206833 -0.284757 0.303544 0.933825 0.189292 0.471846 0.0784406 0.829693 0.552681 0.432741 -0.996468 0.0819261 0.0184374 -0.496559 -0.0299816 -0.552175 0.833189 0.241328 
1537347808719 -0.143383 0.241173 -0.959832 -0.699618 -0.941907 0.264394 0.207139 -0.284623 0.30373 0.933773 0.189253 0.472247 0.0783745 0.829642 0.552768 0.432796 -0.996478 0.0817759 0.01855 -0.496643 -0.0298132 -0.552275 0.833129 0.241344 
1537347808747 -0.142725 0.241609 -0.95982 -0.696356 -0.941885 0.264805 0.206716 -0.282097 0.30411 0.933543 0.189773 0.471591 0.0783294 0.829593 0.552847 0.432977 -0.996487 0.0816449 0.0186709 -0.496909 -0.029648 -0.552368 0.833073 0.241297 
1537347808792 0.275657 0.633204 -0.723233 -0.604483 -0.8825 0.464965 0.0707247 -0.181741 0.381061 0.618757 0.686973 0.426588 0.16008 -0.304787 0.938871 0.370831 -0.775623 0.549475 0.310623 -0.528794 -0.61056 -0.777934 -0.14844 0.432481 
1537347808839 -0.144135 0.241402 -0.959661 -0.699351 -0.941625 0.264711 0.208014 -0.284248 0.304248 0.933624 0.189156 0.47337 0.078095 0.829598 0.552873 0.432972 -0.996516 0.0812417 0.018856 -0.496885 -0.0292735 -0.552419 0.833052 0.241385 
1537347808859 -0.144361 0.241479 -0.959608 -0.699272 -0.941544 0.264793 0.208277 -0.284143 0.304392 0.93358 0.189137 0.473691 0.0779475 0.829658 0.552804 0.433038 -0.996534 0.081008 0.0189369 -0.496956 -0.0290704 -0.552364 0.833096 0.241394 
1537347808869 -0.144586 0.241556 -0.959555 -0.699193 -0.941463 0.264876 0.208539 -0.284037 0.304537 0.933537 0.189118 0.474012 0.0778 0.829717 0.552735 0.433104 -0.996551 0.0807743 0.0190177 -0.497028 -0.0288674 -0.552308 0.83314 0.241402 
1537347808879 -0.144812 0.241633 -0.959502 -0.699115 -0.941381 0.264959 0.208802 -0.283932 0.304682 0.933494 0.189099 0.474333 0.0776524 0.829777 0.552666 0.433169 -0.996568 0.0805406 0.0190987 -0.4971 -0.0286644 -0.552253 0.833184 0.241411 
1537347808889 -0.145037 0.241709 -0.959448 -0.699036 -0.9413 0.265041 0.209064 -0.283827 0.304826 0.93345 0.18908 0.474655 0.0775048 0.829837 0.552597 0.433235 -0.996586 0.0803069 0.0191796 -0.497171 -0.0284615 -0.552197 0.833228 0.24142 
1537347808899 -0.145262 0.241786 -0.959395 -0.698957 -0.941218 0.265124 0.209327 -0.283721 0.304971 0.933407 0.189061 0.474976 0.0773572 0.829897 0.552528 0.433301 -0.996603 0.0800732 0.0192605 -0.497243 -0.0282585 -0.552141 0.833272 0.241429 
1537347808909 -0.145488 0.241863 -0.959341 -0.698879 -0.941136 0.265207 0.209589 -0.283616 0.305115 0.933364 0.189042 0.475297 0.0772096 0.829956 0.552459 0.433367 -0.99662 0.0798395 0.0193415 -0.497315 -0.0280555 -0.552086 0.833315 0.241437 
1537347808919 -0.145713 0.24194 -0.959288 -0.6988 -0.941055 0.265289 0.209852 -0.28351 0.30526 0.93332 0.189023 0.475618 0.077062 0.830016 0.552391 0.433433 -0.996637 0.0796058 0.0194224 -0.497386 -0.0278525 -0.55203 0.833359 0.241446 
1537347808929 -0.14501 0.242383 -0.959282 -0.695556 -0.941053 0.265666 0.209381 -0.281011 0.305599 0.933098 0.189571 0.474854 0.076934 0.830078 0.552315 0.433618 -0.996653 0.0793903 0.0195112 -0.497629 -0.0276526 -0.551967 0.833407 0.241396 
1537347808979 0.275657 0.633204 -0.723233 -0.604483 -0.8825 0.464965 0.0707247 -0.181741 0.381061 0.618757 0.686973 0.426588 0.16008 -0.304787 0.938871 0.370831 -0.775623 0.549475 0.310623 -0.528794 -0.61056 -0.777934 -0.14844 0.432481 
1537347808994 -0.146349 0.242147 -0.959139 -0.698583 -0.940825 0.265521 0.210589 -0.283217 0.305665 0.933201 0.188959 0.476514 0.0764669 0.830268 0.552094 0.433619 -0.9967 0.0787717 0.0195855 -0.497587 -0.0272282 -0.55177 0.833552 0.241453 
1537347810033 -0.146534 0.242199 -0.959097 -0.698522 -0.940758 0.265588 0.210801 -0.283135 0.30578 0.933168 0.188933 0.476766 0.0761672 0.830401 0.551936 0.433672 -0.996729 0.078405 0.0195865 -0.497644 -0.0270099 -0.551622 0.833657 0.241443 
1537347810070 -0.146719 0.242252 -0.959056 -0.698462 -0.940692 0.265654 0.211013 -0.283052 0.305895 0.933135 0.188908 0.477019 0.0758674 0.830534 0.551777 0.433726 -0.996758 0.0780383 0.0195876 -0.497702 -0.0267916 -0.551474 0.833761 0.241433 
1537347810116 -0.146904 0.242304 -0.959014 -0.698402 -0.940626 0.265721 0.211224 -0.28297 0.306011 0.933103 0.188882 0.477272 0.0755676 0.830666 0.551619 0.43378 -0.996787 0.0776716 0.0195888 -0.497759 -0.0265733 -0.551326 0.833866 0.241423 
1537347810130 -0.147089 0.242357 -0.958972 -0.698342 -0.940559 0.265788 0.211436 -0.282887 0.306126 0.93307 0.188857 0.477525 0.0752677 0.830799 0.55146 0.433834 -0.996815 0.0773048 0.0195901 -0.497817 -0.0263551 -0.551178 0.833971 0.241413 
1537347810140 -0.147274 0.24241 -0.958931 -0.698282 -0.940493 0.265855 0.211648 -0.282805 0.306242 0.933037 0.188831 0.477777 0.0749677 0.830931 0.551301 0.433887 -0.996843 0.0769381 0.0195915 -0.497874 -0.0261369 -0.55103 0.834076 0.241403 
1537347810150 -0.147459 0.242462 -0.958889 -0.698221 -0.940426 0.265921 0.21186 -0.282722 0.306357 0.933005 0.188805 0.47803 0.0746677 0.831063 0.551143 0.433941 -0.996872 0.0765713 0.0195929 -0.497931 -0.0259188 -0.550881 0.834181 0.241393 
1537347810160 -0.147644 0.242515 -0.958847 -0.698161 -0.940359 0.265988 0.212072 -0.28264 0.306473 0.932972 0.18878 0.478283 0.0743677 0.831196 0.550984 0.433995 -0.9969 0.0762046 0.0195944 -0.497989 -0.0257008 -0.550733 0.834286 0.241383 
1537347810170 -0.146895 0.24294 -0.958855 -0.694934 -0.940375 0.26635 0.211547 -0.280158 0.306784 0.932758 0.189329 0.477425 0.0740862 0.83133 0.550819 0.434162 -0.996926 0.0758551 0.0196032 -0.498208 -0.0254856 -0.550578 0.834395 0.241318 
1537347810254 0.275657 0.633204 -0.723233 -0.604483 -0.8825 0.464965 0.0707247 -0.181741 0.381061 0.618757 0.686973 0.426588 0.16008 -0.304787 0.938871 0.370831 -0.775623 0.549475 0.310623 -0.528794 -0.61056 -0.777934 -0.14844 0.432481 
1537347810294 -0.148172 0.242671 -0.958726 -0.697993 -0.940169 0.266177 0.212678 -0.282408 0.306802 0.932878 0.188712 0.478992 0.0732753 0.831613 0.5505 0.434131 -0.997 0.074876 0.0195961 -0.498165 -0.0249229 -0.550285 0.834605 0.24135 
1537347810331 -0.14833 0.242722 -0.958689 -0.697944 -0.940112 0.266233 0.212861 -0.282342 0.3069 0.932848 0.188696 0.479195 0.0727831 0.831766 0.550334 0.434159 -0.997045 0.0742809 0.0195948 -0.498226 -0.024581 -0.550134 0.834715 0.241336 
1537347810354 -0.148487 0.242773 -0.958652 -0.697896 -0.940055 0.266288 0.213043 -0.282276 0.306999 0.932819 0.18868 0.479398 0.0722908 0.831919 0.550168 0.434188 -0.997089 0.0736857 0.0195936 -0.498288 -0.0242392 -0.549982 0.834824 0.241322 
1537347810517 -0.148645 0.242824 -0.958614 -0.697848 -0.939998 0.266344 0.213225 -0.28221 0.307097 0.93279 0.188663 0.479602 0.0717984 0.832072 0.550001 0.434216 -0.997133 0.0730906 0.0195925 -0.498349 -0.0238975 -0.549831 0.834934 0.241308 
1537347810535 -0.148803 0.242875 -0.958577 -0.6978 -0.939941 0.266399 0.213407 -0.282144 0.307195 0.932761 0.188647 0.479805 0.0713059 0.832224 0.549835 0.434245 -0.997176 0.0724954 0.0195916 -0.49841 -0.0235559 -0.549679 0.835044 0.241294 
1537347810545 -0.14896 0.242926 -0.95854 -0.697752 -0.939884 0.266455 0.213589 -0.282078 0.307294 0.932732 0.188631 0.480008 0.0708133 0.832376 0.549668 0.434273 -0.997219 0.0719002 0.0195907 -0.498472 -0.0232144 -0.549527 0.835153 0.241281 
1537347810558 -0.149118 0.242977 -0.958502 -0.697703 -0.939827 0.26651 0.213772 -0.282012 0.307392 0.932703 0.188614 0.480211 0.0703207 0.832528 0.549502 0.434301 -0.997262 0.071305 0.01959 -0.498533 -0.022873 -0.549375 0.835263 0.241267 
1537347810567 -0.149275 0.243027 -0.958465 -0.697655 -0.939769 0.266566 0.213954 -0.281946 0.307491 0.932674 0.188598 0.480415 0.0698279 0.832679 0.549335 0.43433 -0.997305 0.0707097 0.0195894 -0.498595 -0.0225316 -0.549222 0.835372 0.241253 
1537347810575 -0.148493 0.243455 -0.958478 -0.694438 -0.939797 0.266917 0.213396 -0.279476 0.307786 0.932462 0.189163 0.479488 0.069353 0.832833 0.549162 0.434467 -0.997345 0.0701311 0.019596 -0.498812 -0.0221932 -0.549063 0.835486 0.241186 
1537347810663 0.275657 0.633204 -0.723233 -0.604483 -0.8825 0.464965 0.0707247 -0.181741 0.381061 0.618757 0.686973 0.426588 0.16008 -0.304787 0.938871 0.370831 -0.775623 0.549475 0.310623 -0.528794 -0.61056 -0.777934 -0.14844 0.432481 
1537347810680 -0.149713 0.24317 -0.95836 -0.697518 -0.93961 0.266722 0.214461 -0.281759 0.307766 0.932592 0.188554 0.480988 0.0686143 0.833106 0.548841 0.434409 -0.997408 0.0692323 0.0196023 -0.498774 -0.0216667 -0.548763 0.835697 0.241208 
1537347810833 -0.149836 0.243211 -0.958331 -0.697478 -0.939564 0.266766 0.214603 -0.281705 0.307844 0.932569 0.188542 0.481155 0.0683864 0.833231 0.548679 0.434431 -0.997428 0.0689455 0.0196161 -0.49883 -0.0214842 -0.548609 0.835803 0.241191 
1537347810843 -0.149958 0.243253 -0.958301 -0.697438 -0.939519 0.26681 0.214746 -0.28165 0.307922 0.932545 0.18853 0.481322 0.0681585 0.833356 0.548518 0.434454 -0.997447 0.0686587 0.0196299 -0.498887 -0.0213018 -0.548455 0.835909 0.241174 
1537347810853 -0.150081 0.243294 -0.958271 -0.697398 -0.939474 0.266855 0.214888 -0.281596 0.308 0.932522 0.188518 0.481489 0.0679306 0.833481 0.548356 0.434476 -0.997466 0.0683719 0.0196438 -0.498944 -0.0211194 -0.548301 0.836014 0.241157 
1537347810863 -0.150203 0.243335 -0.958242 -0.697358 -0.939429 0.266899 0.21503 -0.281541 0.308078 0.932498 0.188507 0.481656 0.0677026 0.833606 0.548194 0.434498 -0.997486 0.0680851 0.0196577 -0.499 -0.020937 -0.548147 0.83612 0.24114 
1537347810873 -0.150326 0.243376 -0.958212 -0.697317 -0.939384 0.266944 0.215173 -0.281487 0.308157 0.932475 0.188495 0.481823 0.0674746 0.833731 0.548033 0.434521 -0.997505 0.0677982 0.0196717 -0.499057 -0.0207547 -0.547993 0.836225 0.241122 
1537347810883 -0.150448 0.243417 -0.958182 -0.697277 -0.939338 0.266988 0.215315 -0.281433 0.308235 0.932451 0.188483 0.48199 0.0672465 0.833855 0.547871 0.434543 -0.997524 0.0675114 0.0196858 -0.499113 -0.0205725 -0.547839 0.836331 0.241105 
1537347810893 -0.150571 0.243458 -0.958153 -0.697237 -0.939293 0.267033 0.215458 -0.281378 0.308313 0.932428 0.188471 0.482157 0.0670184 0.83398 0.54771 0.434566 -0.997543 0.0672246 0.0196999 -0.49917 -0.0203902 -0.547684 0.836436 0.241088 
1537347810903 -0.149749 0.24388 -0.958174 -0.694026 -0.939334 0.267372 0.214858 -0.278917 0.308589 0.93222 0.189046 0.481177 0.0668073 0.834107 0.547542 0.434692 -0.997561 0.0669536 0.0197207 -0.499375 -0.0202108 -0.547524 0.836546 0.24102 
1537347811191 0.275657 0.633204 -0.723233 -0.604483 -0.8825 0.464965 0.0707247 -0.181741 0.381061 0.618757 0.686973 0.426588 0.16008 -0.304787 0.938871 0.370831 -0.775623 0.549475 0.310623 -0.528794 -0.61056 -0.777934 -0.14844 0.432481 
1537347811211 -0.150914 0.243578 -0.958068 -0.697122 -0.939165 0.267161 0.215859 -0.281223 0.308537 0.93236 0.188442 0.482631 0.066539 0.834331 0.547233 0.434628 -0.997583 0.0666352 0.0197033 -0.499331 -0.0200259 -0.547222 0.836748 0.24103 
1537347811231 -0.151011 0.243616 -0.958043 -0.697088 -0.939127 0.2672 0.215975 -0.281177 0.308604 0.932339 0.188436 0.48277 0.0665159 0.834433 0.54708 0.434646 -0.997584 0.0666195 0.0196784 -0.499379 -0.0200259 -0.547067 0.836849 0.241007 
1537347811241 -0.151109 0.243654 -0.958018 -0.697054 -0.939089 0.26724 0.216091 -0.281131 0.308672 0.932317 0.18843 0.48291 0.0664928 0.834536 0.546927 0.434664 -0.997586 0.0666038 0.0196535 -0.499427 -0.0200259 -0.546913 0.83695 0.240983 
1537347811251 -0.151207 0.243691 -0.957993 -0.697019 -0.939051 0.267279 0.216207 -0.281085 0.308739 0.932296 0.188424 0.483049 0.0664696 0.834638 0.546773 0.434681 -0.997587 0.0665881 0.0196285 -0.499475 -0.0200259 -0.546759 0.837051 0.24096 
1537347811261 -0.151304 0.243729 -0.957968 -0.696985 -0.939013 0.267319 0.216323 -0.281039 0.308807 0.932275 0.188418 0.483188 0.0664465 0.83474 0.54662 0.434699 -0.997589 0.0665723 0.0196036 -0.499522 -0.0200259 -0.546605 0.837151 0.240936 
1537347811291 -0.151402 0.243767 -0.957943 -0.696951 -0.938975 0.267358 0.216439 -0.280993 0.308874 0.932254 0.188412 0.483328 0.0664234 0.834843 0.546467 0.434717 -0.997591 0.0665566 0.0195787 -0.49957 -0.0200259 -0.54645 0.837252 0.240913 
1537347811301 -0.1515 0.243805 -0.957918 -0.696917 -0.938937 0.267397 0.216554 -0.280947 0.308942 0.932233 0.188407 0.483467 0.0664003 0.834945 0.546313 0.434735 -0.997592 0.0665409 0.0195537 -0.499618 -0.0200259 -0.546296 0.837353 0.240889 
1537347811321 -0.151597 0.243842 -0.957893 -0.696882 -0.938899 0.267437 0.21667 -0.2809 0.309009 0.932212 0.188401 0.483607 0.0663772 0.835047 0.54616 0.434753 -0.997594 0.0665252 0.0195288 -0.499666 -0.0200259 -0.546142 0.837453 0.240866 
1537347811331 -0.150748 0.244264 -0.95792 -0.693677 -0.938948 0.267772 0.216042 -0.278446 0.309275 0.932005 0.188985 0.482586 0.06637 0.835152 0.546001 0.434867 -0.997594 0.0665243 0.0195099 -0.499853 -0.0200286 -0.545982 0.837557 0.240795 
1537347811381 0.275657 0.633204 -0.723233 -0.604483 -0.8825 0.464965 0.0707247 -0.181741 0.381061 0.618757 0.686973 0.426588 0.16008 -0.304787 0.938871 0.370831 -0.775623 0.549475 0.310623 -0.528794 -0.61056 -0.777934 -0.14844 0.432481 
1537347811427 -0.151872 0.243975 -0.957816 -0.696768 -0.938783 0.26757 0.21701 -0.280745 0.309228 0.932139 0.188403 0.484084 0.0663842 0.835253 0.545844 0.434792 -0.997591 0.0665892 0.0194296 -0.499837 -0.0201187 -0.545819 0.837662 0.240801 
1537347811507 -0.151952 0.244032 -0.957789 -0.696723 -0.938742 0.267625 0.217117 -0.280683 0.309311 0.932108 0.188417 0.484283 0.0664366 0.835255 0.545835 0.434796 -0.997586 0.0666839 0.0193798 -0.499913 -0.0202114 -0.545805 0.837668 0.240783 
1537347811517 -0.152031 0.244088 -0.957762 -0.696678 -0.938702 0.267679 0.217224 -0.28062 0.309395 0.932078 0.188431 0.484482 0.066489 0.835256 0.545826 0.434801 -0.997581 0.0667787 0.0193299 -0.499988 -0.0203041 -0.545791 0.837675 0.240765 
1537347811527 -0.15211 0.244145 -0.957735 -0.696633 -0.938662 0.267734 0.217332 -0.280557 0.309479 0.932047 0.188445 0.48468 0.0665414 0.835258 0.545818 0.434805 -0.997575 0.0668735 0.0192801 -0.500063 -0.0203968 -0.545777 0.837682 0.240747 
1537347811537 -0.15219 0.244202 -0.957707 -0.696587 -0.938621 0.267789 0.217439 -0.280494 0.309562 0.932016 0.188459 0.484879 0.0665938 0.835259 0.545809 0.434809 -0.99757 0.0669683 0.0192303 -0.500139 -0.0204896 -0.545763 0.837689 0.240729 
1537347811547 -0.152269 0.244259 -0.95768 -0.696542 -0.938581 0.267843 0.217546 -0.280431 0.309646 0.931986 0.188473 0.485078 0.0666462 0.835261 0.5458 0.434813 -0.997564 0.067063 0.0191805 -0.500214 -0.0205823 -0.545749 0.837696 0.240711 
1537347811557 -0.152348 0.244316 -0.957653 -0.696497 -0.93854 0.267898 0.217653 -0.280369 0.309729 0.931955 0.188487 0.485276 0.0666986 0.835262 0.545791 0.434817 -0.997559 0.0671578 0.0191307 -0.50029 -0.020675 -0.545735 0.837703 0.240694 
1537347811567 -0.152427 0.244373 -0.957626 -0.696451 -0.9385 0.267952 0.217761 -0.280306 0.309813 0.931925 0.188501 0.485475 0.066751 0.835264 0.545782 0.434821 -0.997554 0.0672526 0.0190809 -0.500365 -0.0207677 -0.545721 0.83771 0.240676 
1537347811577 -0.151555 0.244817 -0.957651 -0.693237 -0.938548 0.268303 0.217121 -0.277832 0.310095 0.931707 0.18911 0.484496 0.0668173 0.835267 0.545769 0.434915 -0.997547 0.0673605 0.0190363 -0.500569 -0.0208629 -0.545702 0.837719 0.240615 
1537347811644 0.275657 0.633204 -0.723233 -0.604483 -0.8825 0.464965 0.0707247 -0.181741 0.381061 0.618757 0.686973 0.426588 0.16008 -0.304787 0.938871 0.370831 -0.775623 0.549475 0.310623 -0.528794 -0.61056 -0.777934 -0.14844 0.432481 
1537347811871 -0.152703 0.244596 -0.957525 -0.696296 -0.938357 0.268141 0.218142 -0.280099 0.310108 0.931812 0.188573 0.486152 0.0667687 0.835318 0.545698 0.434855 -0.997549 0.0673638 0.0189389 -0.500613 -0.0209403 -0.545625 0.837768 0.240611 
1537347811904 -0.15282 0.244705 -0.957479 -0.696232 -0.938296 0.26822 0.218308 -0.280019 0.310236 0.93176 0.188617 0.486431 0.0666817 0.835368 0.545631 0.434879 -0.997555 0.0672854 0.0188965 -0.500711 -0.0209275 -0.545557 0.837812 0.240582 
1537347812008 -0.152937 0.244815 -0.957432 -0.696167 -0.938235 0.2683 0.218474 -0.279938 0.310365 0.931709 0.188661 0.486711 0.0665947 0.835419 0.545564 0.434904 -0.997561 0.0672071 0.0188542 -0.500808 -0.0209147 -0.545489 0.837857 0.240552 
1537347813007 -0.153054 0.244924 -0.957385 -0.696102 -0.938173 0.268379 0.218641 -0.279857 0.310493 0.931657 0.188705 0.48699 0.0665076 0.83547 0.545497 0.434929 -0.997567 0.0671288 0.0188118 -0.500905 -0.0209019 -0.545421 0.837901 0.240523 
1537347813017 -0.153171 0.245033 -0.957339 -0.696037 -0.938112 0.268458 0.218807 -0.279776 0.310621 0.931605 0.188749 0.48727 0.0664206 0.83552 0.54543 0.434954 -0.997573 0.0670504 0.0187694 -0.501002 -0.0208891 -0.545353 0.837946 0.240494 
1537347813027 -0.153288 0.245143 -0.957292 -0.695973 -0.93805 0.268538 0.218974 -0.279695 0.310749 0.931554 0.188793 0.487549 0.0663336 0.835571 0.545363 0.434978 -0.997579 0.0669721 0.0187271 -0.501099 -0.0208763 -0.545285 0.83799 0.240465 
1537347813044 -0.153405 0.245252 -0.957245 -0.695908 -0.937989 0.268617 0.21914 -0.279615 0.310877 0.931502 0.188837 0.487829 0.0662465 0.835621 0.545297 0.435003 -0.997585 0.0668937 0.0186848 -0.501196 -0.0208635 -0.545218 0.838035 0.240436 
1537347813054 -0.153521 0.245362 -0.957198 -0.695843 -0.937927 0.268696 0.219306 -0.279534 0.311005 0.931451 0.188881 0.488108 0.0661595 0.835672 0.54523 0.435028 -0.997591 0.0668154 0.0186424 -0.501293 -0.0208508 -0.54515 0.838079 0.240406 
1537347813064 -0.152681 0.245863 -0.957204 -0.692611 -0.937956 0.269071 0.218723 -0.27704 0.311332 0.93121 0.189527 0.487187 0.0660849 0.835724 0.545159 0.435132 -0.997596 0.0667488 0.0186045 -0.501505 -0.0208404 -0.545078 0.838127 0.24034 
1537347813125 0.275657 0.633204 -0.723233 -0.604483 -0.8825 0.464965 0.0707247 -0.181741 0.381061 0.618757 0.686973 0.426588 0.16008 -0.304787 0.938871 0.370831 -0.775623 0.549475 0.310623 -0.528794 -0.61056 -0.777934 -0.14844 0.432481 
1537347813144 -0.153885 0.245654 -0.957065 -0.695638 -0.937711 0.269024 0.219825 -0.279271 0.311475 0.931279 0.188954 0.488945 0.065899 0.83585 0.544989 0.435116 -0.997611 0.0665346 0.018585 -0.501595 -0.0207263 -0.544912 0.838237 0.240323 
1537347813185 -0.154016 0.245728 -0.957025 -0.695562 -0.937619 0.269194 0.220012 -0.279169 0.311689 0.93121 0.188939 0.489223 0.0658125 0.835926 0.544882 0.435154 -0.997619 0.0664105 0.0186123 -0.501702 -0.0206274 -0.544809 0.838306 0.240297 
1537347813195 -0.154146 0.245802 -0.956985 -0.695486 -0.937526 0.269364 0.220198 -0.279068 0.311903 0.931141 0.188925 0.489501 0.065726 0.836003 0.544775 0.435192 -0.997627 0.0662864 0.0186396 -0.501808 -0.0205284 -0.544707 0.838375 0.240272 
1537347813204 -0.154276 0.245876 -0.956945 -0.69541 -0.937434 0.269534 0.220384 -0.278966 0.312116 0.931073 0.18891 0.489779 0.0656395 0.836079 0.544668 0.43523 -0.997634 0.0661624 0.0186669 -0.501915 -0.0204295 -0.544605 0.838444 0.240246 
1537347813214 -0.154407 0.24595 -0.956905 -0.695333 -0.937341 0.269704 0.220571 -0.278864 0.31233 0.931004 0.188895 0.490056 0.065553 0.836156 0.544561 0.435269 -0.997642 0.0660383 0.0186942 -0.502022 -0.0203306 -0.544502 0.838513 0.240221 
