1532542881924 0.195597 0.66401 -0.721687 -0.403421 -0.977794 0.0755868 -0.195463 -0.438551 -0.0752392 0.743893 0.664049 0.463767 0.166306 -0.363895 0.916473 0.164625 -0.953882 -0.294912 0.0559968 -0.541723 0.249902 -0.88352 -0.396159 0.481149 
1532542881931 0.200234 0.668139 -0.716587 -0.421271 -0.978344 0.0972136 -0.182734 -0.420053 -0.0524299 0.737659 0.673135 0.457963 0.136942 -0.345173 0.928495 0.186646 -0.96765 -0.247119 0.0508496 -0.534848 0.211896 -0.905421 -0.367848 0.479621 
1532542882869 0.205019 0.672113 -0.711499 -0.439078 -0.978309 0.118702 -0.16977 -0.401501 -0.0296485 0.730872 0.68187 0.452179 0.108891 -0.325179 0.939362 0.20713 -0.979005 -0.198888 0.0446372 -0.526887 0.172313 -0.924501 -0.340009 0.477377 
1532542883380 0.209944 0.675934 -0.706426 -0.456883 -0.977689 0.140036 -0.15657 -0.382945 -0.00690534 0.723535 0.690253 0.446397 0.0816373 -0.303502 0.949327 0.227721 -0.987943 -0.150361 0.0368873 -0.518874 0.131546 -0.940892 -0.312118 0.474944 
1532542884473 0.215004 0.679598 -0.70137 -0.474687 -0.976486 0.161203 -0.143142 -0.36439 0.0157846 0.715654 0.698277 0.440615 0.0553156 -0.280246 0.958333 0.248352 -0.994431 -0.101698 0.0276597 -0.510821 0.0897086 -0.954526 -0.284311 0.472371 
1532542884831 0.220197 0.683103 -0.696336 -0.492492 -0.974699 0.182189 -0.129495 -0.345834 0.0384061 0.707232 0.705937 0.434833 0.0300457 -0.255518 0.966337 0.268935 -0.998446 -0.0530574 0.0170146 -0.502701 0.0469239 -0.965347 -0.256715 0.469703 
1532542884841 0.225518 0.686447 -0.691326 -0.510297 -0.972331 0.202978 -0.115639 -0.327278 0.0609441 0.698276 0.713229 0.429051 0.00593927 -0.229432 0.973307 0.289382 -0.999977 -0.00459827 0.0050181 -0.494507 0.00332422 -0.973314 -0.229454 0.467011 
1532542886229 0.230964 0.689628 -0.686345 -0.5281 -0.969383 0.223558 -0.101583 -0.308722 0.0833835 0.688793 0.720147 0.42327 -0.0169346 -0.202067 0.979225 0.30974 -0.999018 0.0435226 -0.00829583 -0.486307 -0.0409421 -0.978404 -0.202605 0.464371 
1532542886236 0.236531 0.69264 -0.681397 -0.545867 -0.965856 0.243914 -0.0873368 -0.290155 0.105709 0.67879 0.726684 0.417505 -0.0386242 -0.173362 0.9841 0.330468 -0.995572 0.0911413 -0.0230187 -0.478311 -0.0857016 -0.980632 -0.176115 0.461781 
1532542886612 0.242158 0.695443 -0.676549 -0.562944 -0.961771 0.263971 -0.0729055 -0.27171 0.127887 0.66834 0.73278 0.41208 -0.0588019 -0.143669 0.987877 0.350683 -0.989662 0.138063 -0.0388293 -0.470812 -0.130811 -0.979948 -0.150302 0.459607 
1532542888581 0.242173 0.695407 -0.67658 -0.562919 -0.961773 0.263952 -0.0729571 -0.271759 0.12785 0.668385 0.732746 0.412063 -0.0387446 -0.173333 0.984101 0.330409 -0.995572 0.0911124 -0.0231483 -0.478329 -0.0856514 -0.98064 -0.176095 0.461787 
1532542889067 0.242753 0.695691 -0.676081 -0.564773 -0.961329 0.26596 -0.0715003 -0.269885 0.130068 0.667293 0.73335 0.41145 -0.0428646 -0.167491 0.984941 0.334532 -0.994585 0.100573 -0.0261817 -0.476987 -0.0946731 -0.98073 -0.170895 0.461829 
1532542889331 0.243335 0.695973 -0.675582 -0.566627 -0.960879 0.267964 -0.0700423 -0.268011 0.132284 0.666196 0.733951 0.410838 -0.0470028 -0.161545 0.985745 0.338697 -0.993499 0.109994 -0.0293466 -0.475229 -0.103686 -0.980716 -0.165664 0.46098 
1532542889471 0.243917 0.696253 -0.675083 -0.568481 -0.960424 0.269966 -0.0685826 -0.266136 0.134499 0.665094 0.734547 0.410225 -0.0510832 -0.155556 0.986505 0.342859 -0.992314 0.119387 -0.0325584 -0.47348 -0.112712 -0.980586 -0.160459 0.460185 
1532542889989 0.2445 0.696531 -0.674584 -0.570335 -0.959963 0.271965 -0.0671209 -0.264262 0.136712 0.663987 0.73514 0.409612 -0.0551029 -0.14953 0.987221 0.347018 -0.99103 0.128751 -0.0358141 -0.47176 -0.121751 -0.980339 -0.155283 0.459452 
1532542889995 0.245085 0.696807 -0.674087 -0.572189 -0.959497 0.273962 -0.0656578 -0.262388 0.138923 0.662876 0.735728 0.409 -0.0590627 -0.143465 0.987891 0.351176 -0.989648 0.138085 -0.0391146 -0.470061 -0.130801 -0.979975 -0.150135 0.45876 
1532542890529 0.24567 0.697082 -0.673589 -0.574042 -0.959024 0.275956 -0.0641928 -0.260513 0.141133 0.661759 0.736313 0.408387 -0.0629629 -0.13736 0.988518 0.355332 -0.988167 0.147386 -0.0424604 -0.468378 -0.139861 -0.979495 -0.145014 0.458098 
1532542890554 0.246257 0.697356 -0.673092 -0.575896 -0.958546 0.277947 -0.0627262 -0.258639 0.143342 0.660636 0.736894 0.407775 -0.0668036 -0.131216 0.9891 0.359487 -0.986589 0.156654 -0.0458518 -0.466707 -0.14893 -0.978898 -0.139921 0.457459 
1532542890948 0.246845 0.697626 -0.672596 -0.577745 -0.958062 0.279937 -0.0612579 -0.256763 0.145549 0.65951 0.73747 0.407164 -0.0705836 -0.125035 0.989638 0.363639 -0.984912 0.165889 -0.0492875 -0.465051 -0.158007 -0.978186 -0.134857 0.456843 
1532542891502 0.247428 0.697891 -0.672106 -0.57952 -0.957574 0.281917 -0.0597877 -0.2549 0.147753 0.658385 0.738037 0.40659 -0.0742733 -0.118844 0.990131 0.367683 -0.983141 0.175079 -0.0527345 -0.463498 -0.167084 -0.977355 -0.129844 0.456305 
1532542893123 0.252431 0.703017 -0.664865 -0.579751 -0.957371 0.281182 -0.0661703 -0.253944 0.140429 0.653226 0.744027 0.405713 -0.072833 -0.121214 0.989951 0.366143 -0.983861 0.171393 -0.0513989 -0.464006 -0.16344 -0.977718 -0.131741 0.456502 
1532542893134 0.253224 0.703798 -0.663737 -0.57978 -0.957321 0.281119 -0.0671438 -0.253823 0.139333 0.652412 0.744946 0.405601 -0.0733513 -0.120351 0.990018 0.366723 -0.98361 0.172682 -0.0518844 -0.463777 -0.164714 -0.977597 -0.131045 0.456413 
1532542893207 0.254016 0.704577 -0.662607 -0.579809 -0.957271 0.281057 -0.068118 -0.253701 0.138236 0.651597 0.745864 0.405488 -0.0738706 -0.119487 0.990084 0.367305 -0.983357 0.17397 -0.0523734 -0.463541 -0.165987 -0.977475 -0.13035 0.456306 
1532542893515 0.254806 0.705355 -0.661474 -0.579839 -0.957219 0.280996 -0.0690923 -0.25358 0.137137 0.65078 0.746779 0.405376 -0.0743886 -0.118622 0.990149 0.367886 -0.983103 0.175257 -0.0528631 -0.463305 -0.16726 -0.97735 -0.129654 0.456202 
1532542893522 0.255595 0.706132 -0.66034 -0.579868 -0.957165 0.280937 -0.0700666 -0.253458 0.136037 0.649963 0.747691 0.405263 -0.0749049 -0.117756 0.990214 0.368467 -0.982846 0.176543 -0.0533531 -0.463069 -0.168533 -0.977224 -0.12896 0.456098 
1532542893632 0.256382 0.706908 -0.659204 -0.579897 -0.957111 0.280878 -0.0710409 -0.253337 0.134937 0.649144 0.748601 0.405151 -0.0754209 -0.116889 0.990277 0.369047 -0.982587 0.177829 -0.053845 -0.462834 -0.169806 -0.977095 -0.128266 0.455996 
1532542893639 0.257167 0.707683 -0.658066 -0.579926 -0.957054 0.280821 -0.0720151 -0.253216 0.133835 0.648324 0.749509 0.405039 -0.0759347 -0.116022 0.99034 0.369628 -0.982327 0.179113 -0.0543365 -0.462599 -0.171079 -0.976963 -0.127572 0.455894 
1532542893645 0.257951 0.708457 -0.656925 -0.579955 -0.956997 0.280765 -0.0729899 -0.253094 0.132731 0.647503 0.750415 0.404926 -0.0764483 -0.115154 0.990402 0.370209 -0.982064 0.180397 -0.05483 -0.462366 -0.172352 -0.97683 -0.126879 0.455794 
1532542893652 0.258733 0.709229 -0.655783 -0.579984 -0.956939 0.280709 -0.0739642 -0.252973 0.131627 0.646681 0.751317 0.404814 -0.0769599 -0.114285 0.990463 0.37079 -0.9818 0.181681 -0.0553234 -0.462133 -0.173625 -0.976694 -0.126187 0.455696 
1532542893659 0.25951 0.709998 -0.654642 -0.580009 -0.956879 0.280655 -0.0749353 -0.252856 0.130524 0.64586 0.752215 0.404711 -0.0774659 -0.11342 0.990523 0.371355 -0.981534 0.182962 -0.0558128 -0.461915 -0.174898 -0.976555 -0.125499 0.455608 
1532542895240 0.268241 0.715043 -0.64557 -0.581619 -0.955399 0.283388 -0.0830941 -0.251875 0.123531 0.639066 0.759167 0.403186 -0.0819238 -0.113626 0.99014 0.372137 -0.979617 0.192009 -0.0590188 -0.461025 -0.183409 -0.974793 -0.12704 0.455693 
1532542895252 0.268343 0.715097 -0.645467 -0.581636 -0.95538 0.283425 -0.0831846 -0.251867 0.123456 0.638988 0.759245 0.403164 -0.0819831 -0.113631 0.990135 0.372149 -0.979592 0.192121 -0.0590617 -0.461014 -0.183514 -0.97477 -0.127063 0.455693 
1532542895260 0.268446 0.715154 -0.645362 -0.581654 -0.955361 0.283461 -0.0832775 -0.251853 0.123379 0.638909 0.759324 0.403142 -0.0820434 -0.113637 0.990129 0.372161 -0.979568 0.192234 -0.0591057 -0.461001 -0.18362 -0.974748 -0.127086 0.45569 
1532542895267 0.268549 0.71521 -0.645257 -0.581673 -0.955342 0.283498 -0.0833705 -0.251838 0.123301 0.63883 0.759403 0.403119 -0.0821032 -0.113642 0.990123 0.372173 -0.979543 0.192347 -0.059149 -0.460988 -0.183725 -0.974725 -0.12711 0.455687 
1532542895273 0.268651 0.715266 -0.645152 -0.581691 -0.955323 0.283534 -0.0834635 -0.251823 0.123224 0.638751 0.759482 0.403097 -0.0821629 -0.113648 0.990118 0.372185 -0.979518 0.192459 -0.0591924 -0.460976 -0.18383 -0.974702 -0.127133 0.455685 
1532542895280 0.268754 0.715323 -0.645046 -0.58171 -0.955304 0.28357 -0.0835565 -0.251809 0.123146 0.638672 0.759561 0.403075 -0.0822227 -0.113654 0.990112 0.372197 -0.979493 0.192572 -0.0592357 -0.460963 -0.183936 -0.974679 -0.127157 0.455682 
1532542895287 0.268857 0.715379 -0.644941 -0.581729 -0.955285 0.283607 -0.0836495 -0.251794 0.123069 0.638592 0.759641 0.403053 -0.0822829 -0.113659 0.990107 0.372209 -0.979468 0.192685 -0.0592796 -0.460951 -0.184041 -0.974656 -0.12718 0.45568 
1532542895293 0.26896 0.715435 -0.644836 -0.581747 -0.955266 0.283643 -0.0837425 -0.251779 0.122991 0.638513 0.75972 0.403031 -0.0823428 -0.113665 0.990101 0.372221 -0.979444 0.192798 -0.059323 -0.460938 -0.184146 -0.974633 -0.127204 0.455677 
1532542895300 0.269063 0.715491 -0.644731 -0.581766 -0.955247 0.283679 -0.0838355 -0.251764 0.122913 0.638434 0.759799 0.403008 -0.0824025 -0.113671 0.990095 0.372233 -0.979419 0.19291 -0.0593663 -0.460926 -0.184252 -0.97461 -0.127227 0.455675 
1532542895307 0.269166 0.715548 -0.644625 -0.581783 -0.955228 0.283716 -0.0839283 -0.25175 0.122836 0.638355 0.759878 0.402988 -0.0824622 -0.113676 0.99009 0.372245 -0.979394 0.193023 -0.0594096 -0.460914 -0.184357 -0.974587 -0.127251 0.455673 
