1532365469507 0.275657 0.633204 -0.723233 -0.604483 -0.8825 0.464965 0.0707247 -0.181741 0.381061 0.618757 0.686973 0.426588 0.582431 -0.199473 0.788026 0.3127 -0.709741 -0.59739 0.373353 -0.54661 0.396285 -0.776747 -0.489512 0.503867 
1532365469521 0.300885 -0.138768 0.94351 0.225257 -0.922898 -0.291628 0.25142 -0.486344 0.240265 -0.946412 -0.215815 0.468712 0.563736 -0.207974 0.799343 0.323734 -0.729886 -0.578433 0.364254 -0.539055 0.386611 -0.788772 -0.477881 0.500711 
1532365470479 0.242825 0.102786 0.964609 0.16152 -0.925174 -0.274468 0.262144 -0.435487 0.291699 -0.956087 0.0284473 0.461493 0.545299 -0.216169 0.809889 0.333228 -0.749143 -0.559151 0.355155 -0.531225 0.376076 -0.800388 -0.466846 0.497788 
1532365471299 0.185198 0.340052 0.92199 0.0634543 -0.926148 -0.25329 0.279452 -0.39584 0.328559 -0.905654 0.26803 0.437571 0.526436 -0.223859 0.820215 0.342846 -0.767819 -0.539477 0.345568 -0.52342 0.365129 -0.811696 -0.455883 0.494846 
1532365472029 0.10875 0.566677 0.816732 -0.0100481 -0.933954 -0.223137 0.279178 -0.393705 0.340446 -0.793151 0.504984 0.453534 0.507141 -0.231018 0.830324 0.352667 -0.785903 -0.519424 0.335492 -0.51565 0.353786 -0.822696 -0.444979 0.491873 
1532365472730 0.0372285 0.750403 0.659931 -0.0983866 -0.940161 -0.197521 0.277637 -0.379776 0.33869 -0.630778 0.698147 0.449361 0.48745 -0.237638 0.840191 0.36265 -0.803367 -0.499009 0.324948 -0.5079 0.342043 -0.833378 -0.434153 0.488872 
1532365472737 -0.0276973 0.888257 0.458512 -0.198398 -0.946596 -0.170707 0.273524 -0.355414 0.321231 -0.426449 0.845548 0.44002 0.467447 -0.243739 0.849756 0.37264 -0.82017 -0.478259 0.313991 -0.50016 0.329871 -0.843718 -0.423468 0.485877 
1532365473448 -0.0860491 0.970276 0.226186 -0.298192 -0.953826 -0.145805 0.262596 -0.330412 0.28777 -0.193146 0.938021 0.431334 0.447159 -0.249326 0.859003 0.382664 -0.836292 -0.457195 0.302636 -0.492487 0.317277 -0.853703 -0.412948 0.483009 
1532365474382 -0.133997 0.990741 -0.0218344 -0.397711 -0.961333 -0.124607 0.245585 -0.305255 0.240591 0.0538978 0.969129 0.423196 0.426608 -0.254394 0.867922 0.39273 -0.851719 -0.435837 0.290897 -0.484896 0.30427 -0.863325 -0.402604 0.480283 
1532365475074 -0.168042 0.948352 -0.269056 -0.493232 -0.968646 -0.108185 0.223654 -0.280336 0.182995 0.298203 0.936797 0.4148 0.405901 -0.25893 0.87647 0.402677 -0.8664 -0.414229 0.278864 -0.477654 0.290853 -0.872565 -0.392473 0.477725 
1532365475770 -0.168042 0.948352 -0.269056 -0.493232 -0.968646 -0.108185 0.223654 -0.280336 0.182995 0.298203 0.936797 0.4148 0.405967 -0.258965 0.876429 0.402685 -0.866368 -0.414273 0.278898 -0.477675 0.290856 -0.872533 -0.392541 0.47771 
1532365475782 0.280754 -0.144149 0.948893 0.287766 -0.928413 -0.291474 0.230416 -0.485432 0.243364 -0.945655 -0.215662 0.482456 0.403903 -0.259428 0.877245 0.403846 -0.867795 -0.412099 0.277682 -0.477134 0.289473 -0.873425 -0.391579 0.477945 
1532365476118 0.230218 0.100587 0.967927 0.20189 -0.928641 -0.274625 0.249413 -0.456571 0.290905 -0.956276 0.030186 0.473159 0.401786 -0.25984 0.878095 0.404861 -0.86923 -0.409909 0.276431 -0.476324 0.288111 -0.874333 -0.390556 0.477613 
1532365476383 0.170645 0.342906 0.92374 0.101623 -0.930795 -0.251472 0.265298 -0.431196 0.323267 -0.905084 0.276263 0.465823 0.399662 -0.260245 0.878944 0.40586 -0.870659 -0.407716 0.275175 -0.475489 0.286747 -0.875237 -0.389533 0.47726 
1532365476645 0.105023 0.564008 0.819064 0.00121063 -0.934666 -0.225325 0.275005 -0.405891 0.33966 -0.794433 0.503495 0.457313 0.397535 -0.260644 0.87979 0.406859 -0.872081 -0.40552 0.273914 -0.474651 0.285379 -0.876138 -0.388511 0.476906 
1532365476967 0.0375016 0.74959 0.660839 -0.0987905 -0.940025 -0.197903 0.277826 -0.380798 0.339037 -0.631625 0.697212 0.447834 0.395406 -0.261038 0.880632 0.407858 -0.873495 -0.403322 0.272649 -0.473813 0.284007 -0.877035 -0.387491 0.476552 
1532365477275 -0.0276228 0.888121 0.458779 -0.198536 -0.946572 -0.170761 0.273572 -0.355532 0.321307 -0.426711 0.845387 0.439595 0.393275 -0.261426 0.881471 0.408857 -0.874903 -0.401121 0.27138 -0.472976 0.282631 -0.877928 -0.386474 0.476198 
1532365477591 -0.086029 0.970274 0.226203 -0.29823 -0.953825 -0.145793 0.262606 -0.330328 0.287779 -0.193166 0.938014 0.431354 0.391141 -0.26181 0.882306 0.409856 -0.876303 -0.398918 0.270108 -0.472138 0.281251 -0.878817 -0.385458 0.475845 
1532365477921 -0.134011 0.990739 -0.0218391 -0.39775 -0.961334 -0.12462 0.245575 -0.305195 0.240579 0.0539044 0.969132 0.423215 0.389006 -0.262187 0.883138 0.410856 -0.877695 -0.396713 0.268832 -0.471302 0.279868 -0.879703 -0.384444 0.475492 
1532365478193 -0.168353 0.948258 -0.26919 -0.493436 -0.968609 -0.10847 0.223675 -0.280353 0.182902 0.298396 0.936753 0.414455 0.386879 -0.262559 0.883961 0.411847 -0.879076 -0.394507 0.267562 -0.470504 0.278478 -0.880583 -0.383436 0.47516 
1532365478501 -0.168353 0.948258 -0.26919 -0.493436 -0.968609 -0.10847 0.223675 -0.280353 0.182902 0.298396 0.936753 0.414455 0.387132 -0.262575 0.883846 0.411905 -0.878988 -0.394547 0.267792 -0.470464 0.278404 -0.88056 -0.383542 0.475104 
1532365478513 0.280859 -0.144208 0.948853 0.288043 -0.928369 -0.291562 0.230484 -0.48396 0.243412 -0.945619 -0.215766 0.481726 0.389617 -0.260974 0.883228 0.41214 -0.878073 -0.394559 0.27076 -0.470747 0.277824 -0.881031 -0.382881 0.47572 
1532365478769 0.230386 0.100465 0.967899 0.20149 -0.928601 -0.274647 0.249539 -0.456577 0.2909 -0.956282 0.0300168 0.473432 0.392031 -0.259309 0.88265 0.412166 -0.877171 -0.394546 0.273686 -0.470668 0.277277 -0.881529 -0.382132 0.475558 
1532365479013 0.170718 0.342842 0.92375 0.101414 -0.930775 -0.251486 0.265353 -0.431262 0.323285 -0.905105 0.276175 0.465959 0.394437 -0.257641 0.882066 0.412173 -0.876264 -0.394527 0.276605 -0.470554 0.276734 -0.882026 -0.381377 0.475368 
1532365479235 0.105056 0.563969 0.819086 0.00111899 -0.934655 -0.225339 0.275033 -0.40593 0.339682 -0.794457 0.503443 0.457344 0.39684 -0.255973 0.881474 0.412178 -0.875349 -0.394503 0.279522 -0.470438 0.276194 -0.882522 -0.38062 0.475177 
1532365479472 0.0375183 0.749587 0.660842 -0.0987625 -0.940026 -0.19789 0.277833 -0.380778 0.339034 -0.631632 0.697207 0.447783 0.399241 -0.254305 0.880872 0.412184 -0.874426 -0.394473 0.282436 -0.470322 0.275655 -0.883018 -0.37986 0.474985 
1532365479699 -0.027607 0.888123 0.458776 -0.198487 -0.946571 -0.170749 0.273585 -0.355503 0.321313 -0.426711 0.845385 0.439569 0.401639 -0.252637 0.880262 0.412189 -0.873496 -0.394438 0.285348 -0.470206 0.27512 -0.883512 -0.379099 0.474794 
1532365479939 -0.0860265 0.970274 0.226204 -0.298203 -0.953822 -0.145793 0.262619 -0.330305 0.287791 -0.193166 0.93801 0.431364 0.404035 -0.250968 0.879642 0.412194 -0.872558 -0.394398 0.288257 -0.47009 0.274586 -0.884005 -0.378335 0.474602 
1532365479945 -0.134026 0.990737 -0.021839 -0.397753 -0.96133 -0.124634 0.245584 -0.305179 0.240587 0.053909 0.969129 0.423237 0.406429 -0.2493 0.879014 0.412199 -0.871613 -0.394353 0.291164 -0.469974 0.274055 -0.884497 -0.377569 0.474411 
1532365480187 -0.168507 0.948228 -0.269201 -0.493507 -0.96858 -0.108605 0.223737 -0.280366 0.182917 0.298444 0.936735 0.414331 0.408814 -0.247635 0.878378 0.412212 -0.870663 -0.394302 0.29406 -0.46985 0.273526 -0.884988 -0.376803 0.47422 
1532365480523 -0.168507 0.948228 -0.269201 -0.493507 -0.96858 -0.108605 0.223737 -0.280366 0.182917 0.298444 0.936735 0.414331 0.408775 -0.247663 0.878388 0.41223 -0.870663 -0.394353 0.293991 -0.469814 0.273585 -0.884957 -0.376833 0.474274 
1532365480537 0.280903 -0.144206 0.94884 0.288147 -0.928348 -0.291599 0.230519 -0.483441 0.243439 -0.945608 -0.215784 0.481313 0.410692 -0.247372 0.877575 0.412468 -0.869633 -0.395505 0.29549 -0.470106 0.273989 -0.884524 -0.377554 0.474956 
1532365480801 0.230428 0.100432 0.967893 0.201403 -0.928592 -0.274648 0.24957 -0.456587 0.290894 -0.956286 0.029974 0.473477 0.41254 -0.247017 0.876809 0.412498 -0.868621 -0.396635 0.296947 -0.470032 0.274422 -0.884117 -0.378192 0.47487 
1532365481046 0.170726 0.342832 0.923752 0.101395 -0.930774 -0.251487 0.265358 -0.431273 0.323285 -0.905108 0.276164 0.465962 0.414381 -0.246657 0.876042 0.412509 -0.867607 -0.397764 0.298398 -0.469924 0.274856 -0.88371 -0.378827 0.474755 
1532365481276 0.105066 0.563956 0.819094 0.00111108 -0.934651 -0.225344 0.275041 -0.405939 0.339689 -0.794464 0.503426 0.457331 0.41622 -0.246294 0.875272 0.412518 -0.86659 -0.398892 0.299846 -0.469813 0.275288 -0.883303 -0.379463 0.47464 
1532365481495 0.0375281 0.749589 0.660839 -0.0987295 -0.940027 -0.197879 0.277837 -0.380762 0.339029 -0.631633 0.697208 0.447746 0.418057 -0.24593 0.874498 0.412527 -0.865568 -0.400019 0.301293 -0.469702 0.275719 -0.882895 -0.380099 0.474524 
1532365481718 -0.0276005 0.888124 0.458774 -0.198454 -0.946569 -0.170746 0.273594 -0.355486 0.321319 -0.42671 0.845383 0.439553 0.419892 -0.245562 0.873722 0.412536 -0.864542 -0.401145 0.302737 -0.469591 0.276148 -0.882486 -0.380737 0.474408 
1532365481934 -0.0860301 0.970273 0.226205 -0.298191 -0.953818 -0.145799 0.262629 -0.330295 0.287802 -0.193164 0.938007 0.431373 0.421725 -0.245193 0.872942 0.412545 -0.863512 -0.40227 0.304179 -0.469481 0.276576 -0.882077 -0.381375 0.474292 
1532365482130 -0.134034 0.990736 -0.0218384 -0.397759 -0.961327 -0.124642 0.24559 -0.305173 0.240593 0.0539113 0.969128 0.423252 0.423557 -0.244821 0.87216 0.412554 -0.862479 -0.403394 0.30562 -0.46937 0.277002 -0.881667 -0.382013 0.474177 
1532365482348 -0.168562 0.948217 -0.269205 -0.49354 -0.968567 -0.10865 0.223769 -0.280383 0.182933 0.298462 0.936726 0.414253 0.425382 -0.244447 0.871376 0.412568 -0.861444 -0.404515 0.307055 -0.469251 0.277426 -0.881257 -0.382651 0.47406 
1532365482592 -0.168562 0.948217 -0.269205 -0.49354 -0.968567 -0.10865 0.223769 -0.280383 0.182933 0.298462 0.936726 0.414253 0.425535 -0.244521 0.87128 0.412652 -0.8614 -0.40451 0.307185 -0.469222 0.277328 -0.881239 -0.382764 0.47398 
1532365482605 0.280953 -0.144226 0.948823 0.288128 -0.92833 -0.291629 0.230556 -0.483095 0.243452 -0.945596 -0.215823 0.481116 0.426271 -0.244732 0.870861 0.412862 -0.861293 -0.404096 0.308028 -0.469566 0.276527 -0.88137 -0.38304 0.474632 
1532365482849 0.230489 0.100383 0.967883 0.201256 -0.928577 -0.274658 0.249615 -0.456601 0.290895 -0.956288 0.0299079 0.473589 0.426945 -0.244887 0.870488 0.412878 -0.861207 -0.403662 0.308834 -0.469568 0.275754 -0.881525 -0.38324 0.474572 
1532365483105 0.170765 0.342797 0.923758 0.101291 -0.930763 -0.251497 0.265388 -0.43131 0.323296 -0.905119 0.276116 0.466031 0.427613 -0.245041 0.870116 0.412876 -0.861123 -0.403228 0.309636 -0.469537 0.274982 -0.881681 -0.383436 0.474485 
1532365483323 0.105095 0.563921 0.819114 0.0010376 -0.93464 -0.22536 0.275066 -0.40598 0.339711 -0.794485 0.503379 0.457359 0.42828 -0.245195 0.869745 0.412872 -0.861037 -0.402794 0.310438 -0.469504 0.27421 -0.881837 -0.383631 0.474396 
1532365483532 0.0375279 0.749594 0.660833 -0.0987313 -0.940018 -0.197894 0.277857 -0.380768 0.339055 -0.631622 0.697205 0.447833 0.428947 -0.24535 0.869372 0.412868 -0.860951 -0.40236 0.31124 -0.469472 0.273438 -0.881992 -0.383825 0.474308 
1532365483717 -0.0276014 0.888124 0.458774 -0.198436 -0.946564 -0.170752 0.273605 -0.355472 0.321332 -0.426708 0.84538 0.439552 0.429614 -0.245504 0.868999 0.412864 -0.860863 -0.401926 0.312042 -0.469439 0.272665 -0.882147 -0.384019 0.474219 
1532365483881 -0.0860343 0.970272 0.226207 -0.298194 -0.953815 -0.145805 0.262635 -0.330288 0.28781 -0.193164 0.938005 0.431389 0.43028 -0.24566 0.868626 0.41286 -0.860775 -0.401492 0.312844 -0.469407 0.271893 -0.882301 -0.384212 0.474131 
1532365484048 -0.134039 0.990735 -0.0218373 -0.39777 -0.961326 -0.124647 0.245592 -0.305169 0.240595 0.0539115 0.969127 0.423263 0.430946 -0.245816 0.868251 0.412856 -0.860685 -0.401058 0.313645 -0.469374 0.27112 -0.882455 -0.384404 0.474043 
1532365484240 -0.168584 0.948212 -0.269209 -0.493562 -0.968562 -0.108667 0.223785 -0.280397 0.182942 0.298472 0.936721 0.414185 0.431609 -0.245971 0.867878 0.412856 -0.860596 -0.400623 0.314445 -0.469339 0.270347 -0.882609 -0.384595 0.473954 
1532365484424 -0.168584 0.948212 -0.269209 -0.493562 -0.968562 -0.108667 0.223785 -0.280397 0.182942 0.298472 0.936721 0.414185 0.431494 -0.245879 0.867961 0.412852 -0.860607 -0.40069 0.314329 -0.469329 0.270496 -0.882605 -0.3845 0.474012 
1532365484437 0.280998 -0.144242 0.948807 0.288097 -0.928314 -0.291654 0.23059 -0.482821 0.243463 -0.945586 -0.215856 0.480952 0.432541 -0.246861 0.867161 0.413115 -0.860444 -0.400337 0.315224 -0.469693 0.26934 -0.882491 -0.385573 0.474744 
1532365484444 0.230541 0.100342 0.967875 0.201135 -0.928564 -0.274668 0.249652 -0.456615 0.290895 -0.956289 0.029852 0.473683 0.433527 -0.247791 0.866403 0.413195 -0.860301 -0.399966 0.316084 -0.469731 0.268209 -0.882399 -0.386571 0.474801 
1532365484704 0.170797 0.342768 0.923763 0.101204 -0.930753 -0.251505 0.265412 -0.431343 0.323305 -0.905127 0.276076 0.46609 0.434507 -0.248719 0.865646 0.413257 -0.860159 -0.399594 0.316941 -0.469739 0.267078 -0.882306 -0.387564 0.474834 
1532365485061 0.105117 0.563893 0.819131 0.000974106 -0.934631 -0.225373 0.275086 -0.406016 0.339729 -0.794501 0.503341 0.457391 0.435485 -0.249647 0.864887 0.413317 -0.860015 -0.399224 0.317797 -0.469745 0.265947 -0.882211 -0.388556 0.474866 
1532365485351 0.037532 0.749599 0.660828 -0.0987651 -0.940009 -0.197905 0.277879 -0.380786 0.339079 -0.631613 0.697202 0.447975 0.436461 -0.250575 0.864126 0.413378 -0.859869 -0.398854 0.318653 -0.469751 0.264814 -0.882115 -0.389547 0.474897 
1532365485557 -0.0276042 0.888124 0.458774 -0.198421 -0.94656 -0.17076 0.273615 -0.355467 0.321344 -0.426704 0.845377 0.439557 0.437436 -0.251504 0.863363 0.413438 -0.859722 -0.398486 0.31951 -0.469757 0.26368 -0.882018 -0.390536 0.474929 
1532365485780 -0.0860376 0.970272 0.226209 -0.298196 -0.953813 -0.14581 0.262641 -0.330284 0.287817 -0.193164 0.938003 0.431401 0.438409 -0.252433 0.862598 0.413499 -0.859574 -0.398118 0.320366 -0.469763 0.262545 -0.881918 -0.391523 0.47496 
1532365485961 -0.134042 0.990735 -0.0218363 -0.397779 -0.961325 -0.12465 0.245593 -0.305167 0.240596 0.0539115 0.969127 0.423273 0.43938 -0.253362 0.861831 0.413559 -0.859425 -0.39775 0.321222 -0.469769 0.261408 -0.881818 -0.392509 0.474992 
1532365486152 -0.1686 0.948208 -0.269212 -0.493579 -0.968557 -0.108678 0.223798 -0.280408 0.18295 0.29848 0.936717 0.414128 0.440346 -0.254288 0.861065 0.413619 -0.859275 -0.397383 0.322077 -0.469764 0.260272 -0.881717 -0.39349 0.475015 
1532365486331 -0.1686 0.948208 -0.269212 -0.493579 -0.968557 -0.108678 0.223798 -0.280408 0.18295 0.29848 0.936717 0.414128 0.440336 -0.254212 0.861093 0.413604 -0.859249 -0.397456 0.322056 -0.46975 0.260376 -0.881706 -0.393446 0.475025 
1532365486344 0.281038 -0.144255 0.948793 0.288062 -0.928299 -0.291676 0.230621 -0.482603 0.243472 -0.945577 -0.215883 0.480814 0.439529 -0.253438 0.861733 0.413663 -0.859517 -0.397281 0.321557 -0.469944 0.260856 -0.882007 -0.39245 0.475365 
1532365486572 0.230583 0.100308 0.967869 0.201036 -0.928554 -0.274675 0.249683 -0.456628 0.290895 -0.956291 0.0298057 0.47376 0.438673 -0.252619 0.862409 0.413572 -0.859802 -0.397091 0.321029 -0.469873 0.261357 -0.882328 -0.391396 0.475155 
1532365486803 0.170823 0.342744 0.923767 0.101135 -0.930746 -0.251511 0.265431 -0.431369 0.323313 -0.905134 0.276044 0.466138 0.437812 -0.251799 0.863086 0.413466 -0.860087 -0.396901 0.320498 -0.469776 0.261859 -0.882647 -0.390338 0.474926 
1532365487021 0.105134 0.563872 0.819143 0.000924752 -0.934624 -0.225382 0.275102 -0.406044 0.339743 -0.794513 0.503312 0.457415 0.436951 -0.250979 0.863761 0.413359 -0.860373 -0.396712 0.319966 -0.469677 0.26236 -0.882966 -0.389279 0.474695 
1532365487237 0.0375375 0.749601 0.660824 -0.0987926 -0.940003 -0.197911 0.277895 -0.380799 0.339094 -0.631608 0.697199 0.448077 0.436089 -0.250158 0.864435 0.413253 -0.860657 -0.396523 0.319434 -0.469579 0.262859 -0.883284 -0.388219 0.474464 
1532365487445 -0.0276058 0.888125 0.458773 -0.198407 -0.946557 -0.170766 0.273623 -0.355463 0.321354 -0.426701 0.845375 0.439558 0.435226 -0.249336 0.865107 0.413146 -0.860942 -0.396335 0.318902 -0.46948 0.263358 -0.883601 -0.387159 0.474233 
1532365487452 -0.0860399 0.970271 0.22621 -0.298197 -0.953811 -0.145814 0.262646 -0.330283 0.287823 -0.193163 0.938001 0.431411 0.434363 -0.248514 0.865777 0.413039 -0.861225 -0.396147 0.318368 -0.469382 0.263856 -0.883916 -0.386098 0.474002 
1532365487667 -0.134044 0.990735 -0.0218355 -0.397787 -0.961325 -0.124652 0.245595 -0.305166 0.240598 0.0539115 0.969127 0.423281 0.433499 -0.247692 0.866446 0.412932 -0.861508 -0.39596 0.317835 -0.469286 0.264353 -0.884231 -0.385036 0.473773 
1532365487902 -0.168612 0.948205 -0.269215 -0.493591 -0.968554 -0.108687 0.223809 -0.280418 0.182957 0.298487 0.936714 0.414082 0.432637 -0.24687 0.86711 0.412835 -0.86179 -0.395773 0.317304 -0.469203 0.264846 -0.884545 -0.383976 0.473559 
1532365488114 -0.168612 0.948205 -0.269215 -0.493591 -0.968554 -0.108687 0.223809 -0.280418 0.182957 0.298487 0.936714 0.414082 0.432653 -0.246775 0.867129 0.412839 -0.861743 -0.395874 0.317304 -0.469191 0.264971 -0.884526 -0.383933 0.473612 
1532365488235 0.281073 -0.144265 0.948781 0.288026 -0.928286 -0.291695 0.230648 -0.48243 0.24348 -0.94557 -0.215907 0.480699 0.432928 -0.246556 0.867055 0.413025 -0.861473 -0.39636 0.317432 -0.469534 0.265401 -0.884369 -0.383996 0.474225 
1532365488496 0.230618 0.100279 0.967863 0.200955 -0.928545 -0.274681 0.249708 -0.456641 0.290895 -0.956292 0.029767 0.473824 0.433143 -0.246282 0.867025 0.413029 -0.861224 -0.396827 0.317524 -0.469549 0.265858 -0.884236 -0.383987 0.474158 
1532365488697 0.170843 0.342725 0.923771 0.101078 -0.93074 -0.251516 0.265447 -0.431392 0.323319 -0.90514 0.276018 0.466178 0.433353 -0.246007 0.866998 0.413014 -0.860976 -0.397293 0.317613 -0.469533 0.266317 -0.884103 -0.383975 0.474067 
1532365488918 0.105148 0.563855 0.819153 0.000884932 -0.934619 -0.22539 0.275114 -0.406067 0.339753 -0.794523 0.50329 0.457434 0.433564 -0.245732 0.866971 0.412998 -0.860728 -0.39776 0.317702 -0.469515 0.266777 -0.88397 -0.383963 0.473974 
1532365489109 0.0375424 0.749603 0.660822 -0.0988157 -0.939999 -0.197914 0.277907 -0.380811 0.339106 -0.631605 0.697196 0.448154 0.433774 -0.245457 0.866944 0.412982 -0.86048 -0.398226 0.31779 -0.469497 0.267236 -0.883837 -0.383951 0.473882 
1532365489294 -0.0276063 0.888125 0.458771 -0.198396 -0.946554 -0.170769 0.27363 -0.355461 0.321361 -0.426698 0.845373 0.439558 0.433984 -0.245182 0.866916 0.412966 -0.860231 -0.398692 0.317879 -0.469479 0.267695 -0.883703 -0.383939 0.47379 
1532365489583 -0.0860414 0.970271 0.22621 -0.298197 -0.953809 -0.145816 0.262651 -0.330283 0.287827 -0.193162 0.938 0.431419 0.434193 -0.244906 0.866889 0.412951 -0.859982 -0.399158 0.317967 -0.469462 0.268153 -0.883569 -0.383927 0.473698 
1532365489780 -0.134046 0.990735 -0.021835 -0.397792 -0.961324 -0.124654 0.245596 -0.305167 0.240599 0.0539117 0.969126 0.423288 0.434403 -0.244631 0.866862 0.412935 -0.859733 -0.399624 0.318056 -0.469444 0.268612 -0.883434 -0.383915 0.473606 
1532365489936 -0.168622 0.948203 -0.269218 -0.4936 -0.968551 -0.108693 0.223819 -0.280426 0.182964 0.298492 0.936711 0.414045 0.434612 -0.244355 0.866835 0.412923 -0.859485 -0.400088 0.318145 -0.469426 0.26907 -0.883301 -0.383902 0.473519 
1532365490152 -0.168622 0.948203 -0.269218 -0.4936 -0.968551 -0.108693 0.223819 -0.280426 0.182964 0.298492 0.936711 0.414045 0.434728 -0.244454 0.866749 0.41293 -0.859452 -0.400091 0.318229 -0.46939 0.268986 -0.883272 -0.384028 0.473467 
1532365490165 0.281103 -0.144274 0.948771 0.287992 -0.928276 -0.29171 0.230672 -0.482293 0.243486 -0.945563 -0.215926 0.480606 0.434278 -0.244006 0.867101 0.413057 -0.859498 -0.400319 0.317818 -0.469653 0.269567 -0.883293 -0.383572 0.474018 
1532365490447 0.230646 0.100255 0.967859 0.200889 -0.928538 -0.274687 0.249729 -0.456652 0.290895 -0.956293 0.0297351 0.473877 0.433767 -0.243505 0.867497 0.413004 -0.859565 -0.400528 0.317373 -0.469589 0.270175 -0.883336 -0.383045 0.473897 
1532365490688 0.17086 0.34271 0.923773 0.101033 -0.930736 -0.251521 0.265459 -0.43141 0.323323 -0.905145 0.275997 0.46621 0.433251 -0.243004 0.867896 0.412932 -0.859633 -0.400738 0.316923 -0.469495 0.270785 -0.883379 -0.382514 0.473751 
1532365490907 0.105159 0.563841 0.819161 0.000853011 -0.934614 -0.225395 0.275124 -0.406085 0.339761 -0.794531 0.503272 0.45745 0.432735 -0.242502 0.868293 0.41286 -0.859701 -0.400947 0.316474 -0.469398 0.271394 -0.883422 -0.381983 0.473604 
1532365491132 0.0375466 0.749604 0.66082 -0.0988347 -0.939995 -0.197917 0.277917 -0.38082 0.339115 -0.631603 0.697193 0.448214 0.432218 -0.242001 0.868691 0.412787 -0.859769 -0.401157 0.316024 -0.469302 0.272003 -0.883464 -0.381452 0.473458 
1532365491339 -0.0276061 0.888126 0.45877 -0.198387 -0.946552 -0.170771 0.273635 -0.355459 0.321367 -0.426696 0.845372 0.439556 0.431701 -0.241499 0.869087 0.412714 -0.859836 -0.401367 0.315575 -0.469206 0.272612 -0.883506 -0.38092 0.473311 
1532365491612 -0.0860423 0.970271 0.22621 -0.298197 -0.953808 -0.145818 0.262654 -0.330283 0.287831 -0.193162 0.937999 0.431424 0.431183 -0.240998 0.869483 0.412641 -0.859902 -0.401577 0.315125 -0.46911 0.27322 -0.883547 -0.380388 0.473165 
1532365491867 -0.134047 0.990734 -0.0218346 -0.397796 -0.961323 -0.124655 0.245598 -0.305168 0.240601 0.0539118 0.969126 0.423293 0.430665 -0.240497 0.869879 0.412569 -0.859969 -0.401788 0.314676 -0.469016 0.273828 -0.883588 -0.379856 0.473019 
1532365492066 -0.16863 0.948201 -0.269221 -0.493607 -0.968549 -0.108698 0.223827 -0.280433 0.182969 0.298497 0.936708 0.414016 0.430149 -0.239996 0.870272 0.412505 -0.860034 -0.401997 0.314229 -0.468929 0.274433 -0.883629 -0.379323 0.472885 
1532365492290 -0.16863 0.948201 -0.269221 -0.493607 -0.968549 -0.108698 0.223827 -0.280433 0.182969 0.298497 0.936708 0.414016 0.430292 -0.240023 0.870194 0.412545 -0.859995 -0.401967 0.314375 -0.468906 0.274332 -0.883635 -0.379381 0.472901 
1532365492303 0.281128 -0.144281 0.948762 0.287961 -0.928267 -0.291723 0.230692 -0.482186 0.243492 -0.945558 -0.215942 0.480531 0.43051 -0.239929 0.870112 0.412736 -0.859828 -0.402216 0.314513 -0.469276 0.274512 -0.883548 -0.379455 0.473585 
1532365492586 0.230669 0.100236 0.967856 0.200836 -0.928532 -0.274691 0.249746 -0.456661 0.290895 -0.956294 0.0297092 0.47392 0.430662 -0.239778 0.870079 0.412732 -0.859685 -0.402445 0.314611 -0.469288 0.274722 -0.883485 -0.379451 0.473533 
1532365492838 0.170874 0.342697 0.923775 0.100996 -0.930732 -0.251524 0.26547 -0.431425 0.323327 -0.905149 0.27598 0.466237 0.430809 -0.239625 0.870048 0.412708 -0.859543 -0.402673 0.314705 -0.469267 0.274934 -0.883422 -0.379443 0.473453 
1532365493060 0.105168 0.563831 0.819167 0.000827767 -0.934611 -0.2254 0.275131 -0.406099 0.339767 -0.794537 0.503258 0.457463 0.430957 -0.239472 0.870017 0.412683 -0.859402 -0.402902 0.3148 -0.469244 0.275146 -0.883359 -0.379436 0.473373 
1532365493265 0.0375492 0.749605 0.660819 -0.0988506 -0.939993 -0.197919 0.277924 -0.380829 0.339122 -0.631601 0.697192 0.448262 0.431104 -0.239319 0.869986 0.412658 -0.85926 -0.403131 0.314894 -0.469221 0.275358 -0.883296 -0.379429 0.473292 
1532365493462 -0.0276066 0.888128 0.458766 -0.198398 -0.946548 -0.170776 0.273647 -0.355468 0.32138 -0.42669 0.84537 0.439604 0.431251 -0.239166 0.869955 0.412633 -0.859118 -0.40336 0.314988 -0.469199 0.275571 -0.883233 -0.379421 0.473212 
1532365493688 -0.0860431 0.970271 0.22621 -0.298197 -0.953807 -0.145819 0.262657 -0.330284 0.287835 -0.193161 0.937998 0.431428 0.431398 -0.239014 0.869924 0.412608 -0.858976 -0.403589 0.315082 -0.469177 0.275783 -0.88317 -0.379414 0.473132 
1532365493902 -0.134048 0.990734 -0.0218344 -0.397799 -0.961323 -0.124656 0.245599 -0.305169 0.240602 0.0539121 0.969125 0.423297 0.431545 -0.238861 0.869893 0.412584 -0.858834 -0.403818 0.315176 -0.469155 0.275995 -0.883106 -0.379408 0.473053 
1532365494168 -0.168635 0.948199 -0.269223 -0.493612 -0.968547 -0.108701 0.223833 -0.280438 0.182974 0.298501 0.936706 0.413993 0.431692 -0.238708 0.869863 0.412564 -0.858692 -0.404044 0.31527 -0.469131 0.276206 -0.883044 -0.379399 0.472978 
1532365494376 -0.168635 0.948199 -0.269223 -0.493612 -0.968547 -0.108701 0.223833 -0.280438 0.182974 0.298501 0.936706 0.413993 0.431808 -0.238611 0.869832 0.412622 -0.858612 -0.404131 0.315378 -0.469073 0.276273 -0.883031 -0.379381 0.472975 
1532365494389 0.281148 -0.144286 0.948756 0.287935 -0.928259 -0.291734 0.230708 -0.482102 0.243496 -0.945554 -0.215955 0.480471 0.431251 -0.238602 0.87011 0.412755 -0.859109 -0.403184 0.315237 -0.469396 0.275598 -0.883466 -0.378859 0.473568 
1532365494705 0.230687 0.10022 0.967853 0.200795 -0.928528 -0.274694 0.249759 -0.456669 0.290895 -0.956294 0.029689 0.473953 0.430629 -0.238538 0.870436 0.412698 -0.859628 -0.402217 0.315057 -0.469368 0.274951 -0.883924 -0.37826 0.473439 
1532365495016 0.170884 0.342688 0.923777 0.100969 -0.930729 -0.251526 0.265477 -0.431436 0.32333 -0.905152 0.275968 0.466257 0.430002 -0.238472 0.870764 0.412622 -0.860148 -0.401249 0.314872 -0.469308 0.274305 -0.884382 -0.377659 0.473284 
1532365495338 0.105173 0.563824 0.819171 0.000810819 -0.934609 -0.225402 0.275136 -0.406108 0.339771 -0.794541 0.503249 0.457472 0.429375 -0.238405 0.871091 0.412544 -0.860667 -0.400281 0.314686 -0.469246 0.273658 -0.884838 -0.377058 0.473129 
1532365495630 0.0375506 0.749605 0.660819 -0.0988606 -0.939991 -0.197921 0.277927 -0.380835 0.339125 -0.631601 0.697191 0.44829 0.428748 -0.238337 0.871419 0.412466 -0.861185 -0.399312 0.3145 -0.469184 0.273011 -0.885294 -0.376457 0.472973 
1532365495934 -0.0276049 0.888129 0.458764 -0.198414 -0.946545 -0.170778 0.273656 -0.355475 0.321389 -0.426687 0.845368 0.439648 0.428121 -0.238268 0.871746 0.412389 -0.861702 -0.398343 0.314312 -0.469122 0.272363 -0.885749 -0.375856 0.472818 
1532365496194 -0.0860438 0.970271 0.226209 -0.298195 -0.953806 -0.14582 0.262661 -0.330286 0.287838 -0.19316 0.937997 0.431432 0.427494 -0.238199 0.872072 0.412311 -0.862218 -0.397375 0.314124 -0.469061 0.271715 -0.886202 -0.375255 0.472663 
1532365496201 -0.134049 0.990734 -0.0218346 -0.3978 -0.961322 -0.124657 0.245601 -0.305171 0.240604 0.0539128 0.969125 0.4233 0.426867 -0.23813 0.872398 0.412235 -0.862733 -0.396405 0.313935 -0.469001 0.271066 -0.886655 -0.374655 0.47251 
1532365496407 -0.16864 0.948197 -0.269226 -0.493615 -0.968545 -0.108704 0.223839 -0.280444 0.182978 0.298505 0.936704 0.413976 0.426242 -0.238059 0.872723 0.412167 -0.863246 -0.395434 0.313748 -0.468949 0.270414 -0.887107 -0.374054 0.472365 
1532365496657 -0.16864 0.948197 -0.269226 -0.493615 -0.968545 -0.108704 0.223839 -0.280444 0.182978 0.298505 0.936704 0.413976 0.426334 -0.237936 0.872712 0.412171 -0.863138 -0.395635 0.313791 -0.468906 0.270613 -0.887051 -0.374044 0.472425 
1532365496671 0.28115 -0.144278 0.948756 0.287952 -0.928257 -0.291738 0.23071 -0.482045 0.243502 -0.945554 -0.215949 0.480419 0.427357 -0.23907 0.871901 0.412459 -0.862917 -0.395561 0.314493 -0.469341 0.269704 -0.886779 -0.375343 0.4733 
1532365496677 0.230701 0.100209 0.967851 0.200765 -0.928524 -0.274697 0.249768 -0.456674 0.290894 -0.956295 0.0296741 0.473978 0.428309 -0.240143 0.871139 0.412546 -0.862719 -0.395467 0.315152 -0.4694 0.268825 -0.886531 -0.376558 0.473404 
1532365496961 0.170891 0.342681 0.923778 0.100949 -0.930727 -0.251528 0.265482 -0.431444 0.323332 -0.905154 0.275959 0.466272 0.429254 -0.241215 0.870377 0.412613 -0.862523 -0.395374 0.315807 -0.469425 0.267947 -0.886281 -0.377769 0.473481 
1532365497300 0.105177 0.56382 0.819173 0.000799013 -0.934608 -0.225404 0.275139 -0.406114 0.339774 -0.794544 0.503243 0.457479 0.430198 -0.242286 0.869613 0.412679 -0.862325 -0.395281 0.316461 -0.469448 0.267068 -0.88603 -0.378979 0.473556 
1532365497585 0.0375517 0.749606 0.660819 -0.0988673 -0.939991 -0.197921 0.27793 -0.380838 0.339128 -0.6316 0.69719 0.448308 0.43114 -0.243358 0.868847 0.412745 -0.862127 -0.39519 0.317116 -0.469471 0.266187 -0.885778 -0.380187 0.473632 
1532365497805 -0.0276035 0.88813 0.458763 -0.198424 -0.946543 -0.170779 0.273662 -0.355479 0.321395 -0.426685 0.845367 0.439676 0.432081 -0.244429 0.868079 0.41281 -0.861928 -0.395099 0.31777 -0.469494 0.265305 -0.885523 -0.381395 0.473708 
1532365498009 -0.086044 0.970271 0.226209 -0.298194 -0.953805 -0.145821 0.262663 -0.330288 0.28784 -0.193159 0.937997 0.431434 0.433021 -0.245499 0.867308 0.412876 -0.861727 -0.395009 0.318423 -0.469518 0.264422 -0.885267 -0.382601 0.473785 
1532365498215 -0.13405 0.990734 -0.0218348 -0.397801 -0.961322 -0.124658 0.245603 -0.305172 0.240605 0.0539133 0.969125 0.423302 0.433959 -0.24657 0.866535 0.412942 -0.861526 -0.39492 0.319077 -0.469541 0.263537 -0.885009 -0.383806 0.473861 
1532365498222 -0.168644 0.948196 -0.269228 -0.493617 -0.968544 -0.108705 0.223844 -0.280449 0.182981 0.298509 0.936702 0.413964 0.434892 -0.247637 0.865763 0.413008 -0.861326 -0.394829 0.319729 -0.46955 0.262652 -0.884752 -0.385004 0.473929 
1532365498430 -0.168644 0.948196 -0.269228 -0.493617 -0.968544 -0.108705 0.223844 -0.280449 0.182981 0.298509 0.936702 0.413964 0.434121 -0.246544 0.866461 0.413016 -0.861474 -0.394885 0.319261 -0.4695 0.263441 -0.885032 -0.38382 0.473822 
1532365498446 0.281149 -0.144271 0.948758 0.287968 -0.928256 -0.291741 0.230711 -0.482006 0.243507 -0.945554 -0.215943 0.480382 0.434307 -0.24647 0.866389 0.41317 -0.861307 -0.39519 0.319336 -0.4698 0.263681 -0.884916 -0.383921 0.47436 
1532365498766 0.23071 0.100201 0.967849 0.200743 -0.928522 -0.274698 0.249775 -0.456679 0.290894 -0.956295 0.029663 0.473997 0.434437 -0.246349 0.866358 0.41316 -0.86116 -0.395478 0.319376 -0.469794 0.263948 -0.884821 -0.383956 0.47427 
1532365499006 0.170896 0.342677 0.923779 0.100934 -0.930726 -0.251529 0.265486 -0.43145 0.323333 -0.905155 0.275952 0.466283 0.434563 -0.246226 0.86633 0.413134 -0.861014 -0.395766 0.319413 -0.46976 0.264216 -0.884727 -0.383989 0.474159 
1532365499233 0.105179 0.563817 0.819175 0.000790456 -0.934607 -0.225405 0.275141 -0.406118 0.339776 -0.794546 0.503239 0.457484 0.434689 -0.246103 0.866302 0.413107 -0.860868 -0.396054 0.319449 -0.469725 0.264485 -0.884632 -0.384022 0.474046 
1532365499440 0.0375524 0.749606 0.660819 -0.0988721 -0.93999 -0.197922 0.277931 -0.380841 0.339129 -0.6316 0.697189 0.44832 0.434814 -0.24598 0.866274 0.41308 -0.860722 -0.396342 0.319485 -0.469689 0.264754 -0.884538 -0.384056 0.473934 
1532365499612 -0.0276025 0.88813 0.458763 -0.198431 -0.946542 -0.17078 0.273667 -0.355482 0.321399 -0.426684 0.845366 0.439695 0.43494 -0.245858 0.866246 0.413053 -0.860576 -0.39663 0.319522 -0.469654 0.265022 -0.884443 -0.384089 0.473822 
1532365499619 -0.0860442 0.970271 0.226209 -0.298193 -0.953805 -0.145821 0.262665 -0.330289 0.287842 -0.193158 0.937996 0.431435 0.435065 -0.245735 0.866217 0.413026 -0.860429 -0.396918 0.319558 -0.46962 0.265291 -0.884347 -0.384123 0.473711 
1532365499812 -0.13405 0.990734 -0.021835 -0.397802 -0.961322 -0.124658 0.245604 -0.305174 0.240606 0.0539137 0.969124 0.423303 0.435191 -0.245612 0.866189 0.412999 -0.860283 -0.397206 0.319594 -0.469585 0.265559 -0.884252 -0.384157 0.4736 
1532365500046 -0.168646 0.948195 -0.269229 -0.493619 -0.968543 -0.108706 0.223847 -0.280453 0.182983 0.298511 0.936701 0.413955 0.435317 -0.245489 0.866161 0.412978 -0.860137 -0.397492 0.319632 -0.469551 0.265826 -0.884158 -0.384189 0.473495 
1532365500270 -0.168646 0.948195 -0.269229 -0.493619 -0.968543 -0.108706 0.223847 -0.280453 0.182983 0.298511 0.936701 0.413955 0.435381 -0.245422 0.866147 0.413013 -0.860099 -0.397516 0.319705 -0.469552 0.265845 -0.884166 -0.384158 0.473498 
1532365500284 0.281149 -0.144266 0.948759 0.287981 -0.928255 -0.291744 0.230711 -0.481978 0.243511 -0.945554 -0.215939 0.480357 0.434715 -0.244685 0.86669 0.413085 -0.860178 -0.397797 0.319142 -0.469779 0.266678 -0.884244 -0.383401 0.473961 
1532365500583 0.230718 0.100195 0.967848 0.200726 -0.92852 -0.2747 0.24978 -0.456683 0.290894 -0.956295 0.0296547 0.474011 0.433992 -0.243901 0.867273 0.412994 -0.860276 -0.398063 0.318545 -0.4697 0.267537 -0.88434 -0.382579 0.473798 
1532365500859 0.1709 0.342673 0.923779 0.100923 -0.930725 -0.25153 0.265489 -0.431455 0.323334 -0.905156 0.275948 0.466291 0.433265 -0.243116 0.867857 0.412887 -0.860375 -0.39833 0.317944 -0.469592 0.268396 -0.884437 -0.381753 0.473612 
1532365501086 0.105181 0.563815 0.819176 0.000784184 -0.934606 -0.225406 0.275143 -0.406122 0.339777 -0.794547 0.503236 0.457487 0.432536 -0.242331 0.86844 0.41278 -0.860473 -0.398596 0.317343 -0.469483 0.269255 -0.884532 -0.380926 0.473425 
1532365501309 0.0375529 0.749606 0.660819 -0.0988756 -0.93999 -0.197922 0.277932 -0.380843 0.33913 -0.6316 0.697189 0.448329 0.431806 -0.241546 0.869022 0.412672 -0.860571 -0.398864 0.316742 -0.469374 0.270113 -0.884626 -0.380099 0.47324 
1532365501521 -0.0276017 0.88813 0.458762 -0.198437 -0.946541 -0.170781 0.273669 -0.355485 0.321402 -0.426683 0.845365 0.439709 0.431075 -0.240761 0.869602 0.412564 -0.860668 -0.399132 0.316141 -0.469266 0.270971 -0.884719 -0.379271 0.473054 
1532365501748 -0.0860442 0.970271 0.226208 -0.298193 -0.953804 -0.145822 0.262666 -0.33029 0.287843 -0.193158 0.937996 0.431435 0.430344 -0.239977 0.870181 0.412456 -0.860763 -0.3994 0.315541 -0.469159 0.271828 -0.884811 -0.378443 0.472869 
1532365501997 -0.134051 0.990734 -0.0218351 -0.397802 -0.961321 -0.124658 0.245604 -0.305175 0.240607 0.053914 0.969124 0.423304 0.429611 -0.239193 0.870759 0.412349 -0.860859 -0.399669 0.31494 -0.469052 0.272684 -0.884902 -0.377614 0.472686 
1532365502228 -0.168648 0.948195 -0.26923 -0.49362 -0.968542 -0.108707 0.223849 -0.280456 0.182985 0.298513 0.9367 0.413949 0.428881 -0.238409 0.871334 0.412253 -0.860953 -0.399935 0.314344 -0.468956 0.273535 -0.884993 -0.376783 0.472518 
1532365502488 -0.168648 0.948195 -0.26923 -0.49362 -0.968542 -0.108707 0.223849 -0.280456 0.182985 0.298513 0.9367 0.413949 0.429032 -0.238446 0.871249 0.412278 -0.860891 -0.399971 0.314466 -0.468913 0.273491 -0.884967 -0.376876 0.472502 
1532365502501 0.281148 -0.144262 0.948759 0.28799 -0.928255 -0.291746 0.230711 -0.481959 0.243513 -0.945554 -0.215936 0.480339 0.429372 -0.238581 0.871045 0.412473 -0.860733 -0.400137 0.31469 -0.469287 0.273459 -0.884856 -0.377162 0.473206 
1532365502507 0.230723 0.10019 0.967848 0.200715 -0.928519 -0.274701 0.249784 -0.456685 0.290894 -0.956296 0.0296487 0.474021 0.429645 -0.238663 0.870888 0.412485 -0.860597 -0.400285 0.314872 -0.469307 0.273455 -0.884766 -0.377373 0.473187 
1532365502873 0.170903 0.34267 0.92378 0.100916 -0.930724 -0.251531 0.265491 -0.431458 0.323335 -0.905157 0.275944 0.466296 0.429914 -0.238743 0.870733 0.412478 -0.860463 -0.400433 0.31505 -0.469296 0.273455 -0.884678 -0.377581 0.473143 
1532365503223 0.105183 0.563813 0.819177 0.000779672 -0.934606 -0.225407 0.275144 -0.406124 0.339778 -0.794548 0.503234 0.45749 0.430183 -0.238824 0.870578 0.41247 -0.860329 -0.400582 0.315228 -0.469282 0.273454 -0.884589 -0.37779 0.473098 
1532365503411 0.0375533 0.749606 0.660819 -0.0988781 -0.939989 -0.197922 0.277933 -0.380844 0.339131 -0.6316 0.697189 0.448335 0.430452 -0.238904 0.870423 0.412462 -0.860195 -0.40073 0.315406 -0.46927 0.273453 -0.8845 -0.377999 0.473054 
1532365503620 -0.0276012 0.88813 0.458762 -0.198441 -0.94654 -0.170781 0.273672 -0.355486 0.321404 -0.426683 0.845365 0.439719 0.430721 -0.238985 0.870268 0.412454 -0.86006 -0.400879 0.315583 -0.469258 0.273452 -0.884411 -0.378208 0.473011 
1532365503769 -0.0860443 0.970271 0.226208 -0.298193 -0.953804 -0.145822 0.262666 -0.33029 0.287844 -0.193157 0.937996 0.431436 0.43099 -0.239066 0.870112 0.412446 -0.859926 -0.401027 0.315761 -0.469246 0.273451 -0.884322 -0.378418 0.472968 
1532365503933 -0.134051 0.990734 -0.0218352 -0.397802 -0.961321 -0.124658 0.245605 -0.305175 0.240607 0.0539143 0.969124 0.423305 0.431259 -0.239147 0.869957 0.412439 -0.859791 -0.401176 0.315938 -0.469235 0.27345 -0.884232 -0.378627 0.472926 
1532365504116 -0.168649 0.948194 -0.269231 -0.49362 -0.968542 -0.108708 0.22385 -0.280457 0.182986 0.298514 0.936699 0.413945 0.431527 -0.239226 0.869802 0.412437 -0.859658 -0.401321 0.316117 -0.469219 0.273447 -0.884145 -0.378834 0.472887 
1532365504352 -0.168649 0.948194 -0.269231 -0.49362 -0.968542 -0.108708 0.22385 -0.280457 0.182986 0.298514 0.936699 0.413945 0.43145 -0.239209 0.869845 0.412405 -0.859685 -0.401319 0.316047 -0.469233 0.273483 -0.884151 -0.378794 0.47295 
1532365504365 0.281148 -0.14426 0.94876 0.287996 -0.928254 -0.291747 0.230711 -0.481945 0.243515 -0.945554 -0.215934 0.480326 0.43133 -0.23884 0.870006 0.412544 -0.859739 -0.40115 0.316114 -0.469545 0.273502 -0.884327 -0.378368 0.473485 
1532365504705 0.230727 0.100187 0.967847 0.200707 -0.928518 -0.274701 0.249787 -0.456687 0.290894 -0.956296 0.0296444 0.474028 0.431149 -0.238423 0.87021 0.412513 -0.859815 -0.400964 0.316142 -0.469528 0.273548 -0.884524 -0.377875 0.473348 
1532365505005 0.170905 0.342669 0.92378 0.10091 -0.930723 -0.251531 0.265493 -0.43146 0.323335 -0.905158 0.275942 0.466301 0.430964 -0.238004 0.870416 0.412465 -0.859893 -0.400778 0.316166 -0.46948 0.273595 -0.884721 -0.377379 0.473188 
1532365505320 0.105184 0.563812 0.819178 0.000776441 -0.934605 -0.225407 0.275145 -0.406126 0.339779 -0.794549 0.503232 0.457491 0.430778 -0.237585 0.870622 0.412417 -0.859971 -0.400593 0.316189 -0.469432 0.273643 -0.884917 -0.376883 0.473027 
1532365505535 0.0375536 0.749606 0.660818 -0.0988799 -0.939989 -0.197923 0.277934 -0.380845 0.339132 -0.6316 0.697188 0.44834 0.430593 -0.237167 0.870828 0.412368 -0.860048 -0.400407 0.316213 -0.469384 0.273691 -0.885113 -0.376387 0.472867 
1532365505755 -0.0276008 0.888131 0.458762 -0.198444 -0.946539 -0.170781 0.273673 -0.355487 0.321405 -0.426682 0.845364 0.439726 0.430407 -0.236748 0.871034 0.41232 -0.860126 -0.400222 0.316236 -0.469337 0.273739 -0.885309 -0.375892 0.472708 
1532365506022 -0.0860443 0.970271 0.226208 -0.298192 -0.953804 -0.145822 0.262667 -0.330291 0.287844 -0.193157 0.937996 0.431436 0.430222 -0.23633 0.871239 0.412271 -0.860203 -0.400037 0.31626 -0.469291 0.273786 -0.885505 -0.375397 0.47255 
1532365506223 -0.134051 0.990734 -0.0218353 -0.397802 -0.961321 -0.124659 0.245605 -0.305176 0.240608 0.0539144 0.969124 0.423306 0.430037 -0.235912 0.871444 0.412223 -0.860281 -0.399852 0.316283 -0.469245 0.273834 -0.8857 -0.374901 0.472392 
1532365506409 -0.16865 0.948194 -0.269232 -0.493621 -0.968542 -0.108708 0.223852 -0.280459 0.182987 0.298515 0.936699 0.413942 0.429852 -0.235493 0.871648 0.412185 -0.860359 -0.399664 0.316308 -0.469202 0.273878 -0.885896 -0.374405 0.472246 
1532365506630 -0.16865 0.948194 -0.269232 -0.493621 -0.968542 -0.108708 0.223852 -0.280459 0.182987 0.298515 0.936699 0.413942 0.429877 -0.235516 0.871629 0.412209 -0.860333 -0.399728 0.316299 -0.469165 0.273922 -0.885861 -0.374457 0.4723 
1532365506644 0.281148 -0.144258 0.94876 0.288001 -0.928254 -0.291748 0.230711 -0.481935 0.243517 -0.945554 -0.215932 0.480317 0.430177 -0.236015 0.871346 0.412404 -0.860258 -0.399801 0.316412 -0.469504 0.273687 -0.885695 -0.375019 0.473008 
1532365506650 0.230729 0.100185 0.967847 0.200701 -0.928517 -0.274702 0.249789 -0.456689 0.290894 -0.956296 0.0296413 0.474033 0.430414 -0.236464 0.871108 0.412424 -0.860205 -0.399856 0.316485 -0.469499 0.27348 -0.885551 -0.375511 0.473014 
1532365507041 0.170906 0.342667 0.92378 0.100906 -0.930723 -0.251531 0.265494 -0.431462 0.323336 -0.905158 0.27594 0.466304 0.430646 -0.236912 0.870872 0.412427 -0.860154 -0.399911 0.316554 -0.469462 0.273276 -0.885406 -0.376 0.472997 
1532365507384 0.105184 0.563811 0.819179 0.000774171 -0.934605 -0.225408 0.275145 -0.406127 0.339779 -0.794549 0.503231 0.457493 0.430877 -0.237359 0.870635 0.412429 -0.860103 -0.399967 0.316623 -0.469425 0.273072 -0.885261 -0.37649 0.47298 
1532365507585 0.0375538 0.749606 0.660818 -0.0988812 -0.939989 -0.197923 0.277934 -0.380845 0.339132 -0.6316 0.697188 0.448343 0.431109 -0.237807 0.870398 0.412431 -0.860051 -0.400022 0.316692 -0.469388 0.272867 -0.885116 -0.376979 0.472964 
