1535142356489 0.47256 0.840684 -0.264459 -0.621578 -0.843188 0.518578 0.141812 -0.229918 0.256361 0.155974 0.953914 0.373465 0.218713 -0.120058 0.968375 0.279704 -0.975197 -0.0614738 0.212632 -0.503644 0.0340015 -0.990862 -0.130525 0.443208 
1535142356500 0.447301 0.851888 -0.272412 -0.623018 -0.856176 0.495921 0.145003 -0.231517 0.258621 0.168373 0.951192 0.374152 0.209103 -0.113952 0.971232 0.289733 -0.977736 -0.0422006 0.205552 -0.501047 0.0175635 -0.99259 -0.120239 0.441621 
1535142356506 0.421688 0.862347 -0.280245 -0.624462 -0.86851 0.472932 0.148411 -0.233119 0.260518 0.180813 0.948386 0.374838 0.19958 -0.107649 0.973951 0.299761 -0.979881 -0.0229588 0.198257 -0.498446 0.00101857 -0.993924 -0.110065 0.440034 
1535142357492 0.395741 0.872051 -0.287952 -0.625906 -0.880181 0.449631 0.152032 -0.23472 0.262051 0.193285 0.9455 0.375525 0.190148 -0.101152 0.976531 0.30979 -0.981631 -0.00375811 0.190752 -0.495847 -0.0156251 -0.994864 -0.100009 0.438447 
1535142357500 0.369482 0.880992 -0.295526 -0.627351 -0.891178 0.426038 0.155863 -0.236322 0.263219 0.205778 0.942534 0.376211 0.180812 -0.0944657 0.97897 0.319818 -0.982985 0.0153925 0.183039 -0.493246 -0.0323597 -0.995409 -0.0900753 0.43686 
1535142358475 0.342935 0.889163 -0.302961 -0.628796 -0.901492 0.402173 0.159901 -0.237924 0.264021 0.218281 0.939493 0.376897 0.171578 -0.0875919 0.981269 0.329846 -0.983942 0.0344839 0.175123 -0.490646 -0.0491773 -0.995559 -0.0802687 0.435273 
1535142358538 0.316121 0.896556 -0.31025 -0.63024 -0.911115 0.378055 0.164144 -0.239525 0.264456 0.230784 0.936377 0.377583 0.162448 -0.0805341 0.983425 0.339875 -0.984503 0.0535071 0.167007 -0.488046 -0.06607 -0.995315 -0.0705939 0.433686 
1535142359222 0.289062 0.903166 -0.317388 -0.631684 -0.920038 0.353706 0.168586 -0.241127 0.264523 0.243277 0.93319 0.378269 0.153427 -0.0732957 0.985438 0.349903 -0.984665 0.072453 0.158696 -0.485447 -0.0830297 -0.994675 -0.0610554 0.432099 
1535142359572 0.261782 0.908986 -0.324368 -0.633129 -0.928254 0.329146 0.173225 -0.242728 0.264223 0.255749 0.929935 0.378956 0.14452 -0.0658802 0.987306 0.359932 -0.984431 0.0913129 0.150192 -0.482847 -0.100049 -0.993641 -0.0516579 0.430512 
1535142360202 0.234303 0.914013 -0.331184 -0.634574 -0.935756 0.304394 0.178056 -0.24433 0.263556 0.268189 0.926614 0.379642 0.135731 -0.0582911 0.989029 0.36996 -0.983799 0.110078 0.141501 -0.480247 -0.117118 -0.992212 -0.0424057 0.428925 
1535142361329 0.234778 0.914202 -0.330324 -0.634416 -0.935812 0.304496 0.177593 -0.244104 0.262938 0.267426 0.92701 0.379545 0.135867 -0.0579132 0.989033 0.36941 -0.983828 0.109723 0.141577 -0.480421 -0.116719 -0.992274 -0.0420688 0.429048 
1535142361340 0.231688 0.914526 -0.331606 -0.634442 -0.936096 0.302336 0.179767 -0.244341 0.264658 0.268765 0.926132 0.379729 0.134988 -0.057179 0.989196 0.370469 -0.983739 0.111633 0.140697 -0.48015 -0.118472 -0.992103 -0.0411801 0.428877 
1535142361614 0.228594 0.914842 -0.33288 -0.634472 -0.936371 0.300177 0.181944 -0.24458 0.266373 0.270108 0.92525 0.379913 0.134107 -0.0564436 0.989358 0.371526 -0.983647 0.113542 0.139811 -0.479872 -0.120225 -0.991929 -0.0402938 0.428706 
1535142361621 0.225496 0.915149 -0.334147 -0.634502 -0.936634 0.298019 0.184123 -0.244819 0.268082 0.271454 0.924362 0.380097 0.133227 -0.0557064 0.989519 0.372584 -0.983551 0.115449 0.138923 -0.479595 -0.121978 -0.99175 -0.039409 0.428535 
1535142361958 0.222395 0.915447 -0.335405 -0.634532 -0.936887 0.295862 0.186304 -0.245059 0.269785 0.272804 0.923469 0.380281 0.132348 -0.0549675 0.989678 0.373642 -0.98345 0.117356 0.138034 -0.479317 -0.123732 -0.991567 -0.0385259 0.428364 
1535142362209 0.219289 0.915738 -0.336656 -0.634563 -0.937128 0.293706 0.188488 -0.245298 0.271483 0.274157 0.92257 0.380464 0.131471 -0.0542269 0.989836 0.3747 -0.983346 0.119262 0.137142 -0.479038 -0.125487 -0.991381 -0.0376444 0.428193 
1535142362216 0.21618 0.916019 -0.3379 -0.634593 -0.937359 0.291551 0.190673 -0.245538 0.273175 0.275514 0.921666 0.380648 0.130594 -0.0534846 0.989992 0.375757 -0.983237 0.121167 0.136249 -0.478759 -0.127241 -0.99119 -0.0367644 0.428022 
1535142362587 0.213066 0.916292 -0.339134 -0.634623 -0.937579 0.289397 0.192861 -0.245776 0.274861 0.276873 0.920756 0.380832 0.129719 -0.0527405 0.990147 0.376815 -0.983124 0.12307 0.135354 -0.478483 -0.128996 -0.990996 -0.0358859 0.427851 
1535142362593 0.209948 0.916556 -0.340362 -0.634652 -0.937788 0.287244 0.195051 -0.246015 0.276542 0.278237 0.919842 0.381015 0.128845 -0.0519946 0.990301 0.377873 -0.983007 0.124973 0.134458 -0.478206 -0.130752 -0.990797 -0.0350089 0.42768 
1535142362848 0.206827 0.916812 -0.341582 -0.634683 -0.937986 0.285092 0.197243 -0.246255 0.278217 0.279603 0.918922 0.381199 0.127972 -0.0512472 0.990453 0.378931 -0.982886 0.126874 0.133559 -0.477927 -0.132507 -0.990594 -0.0341338 0.427509 
1535142363237 0.207487 0.916751 -0.341346 -0.63471 -0.938043 0.285452 0.196447 -0.246121 0.277531 0.279437 0.91918 0.381042 0.128025 -0.0511012 0.990454 0.37847 -0.98296 0.126283 0.133572 -0.478086 -0.131903 -0.990677 -0.034063 0.427647 
1535142363248 0.206499 0.916768 -0.341898 -0.634784 -0.93837 0.28454 0.196213 -0.246224 0.277165 0.280309 0.919025 0.381146 0.131751 -0.0519499 0.989921 0.378619 -0.983848 0.115225 0.136989 -0.478596 -0.12118 -0.99198 -0.0359299 0.428055 
1535142363255 0.205511 0.916784 -0.34245 -0.634858 -0.938694 0.283628 0.19598 -0.246328 0.276799 0.28118 0.918869 0.38125 0.135485 -0.0527557 0.989374 0.378769 -0.984604 0.104149 0.140385 -0.479112 -0.110449 -0.993161 -0.0378329 0.428463 
1535142363445 0.204523 0.916799 -0.343002 -0.634932 -0.939018 0.282715 0.195748 -0.246431 0.276433 0.28205 0.918713 0.381353 0.139225 -0.0535194 0.988813 0.378919 -0.985228 0.0930583 0.143757 -0.479628 -0.0997111 -0.994221 -0.0397728 0.42887 
1535142363600 0.203535 0.916812 -0.343554 -0.635006 -0.939341 0.281802 0.195516 -0.246535 0.276065 0.28292 0.918556 0.381457 0.142972 -0.0542408 0.988239 0.379069 -0.98572 0.0819534 0.147106 -0.480144 -0.0889687 -0.995159 -0.0417492 0.429278 
1535142363751 0.202547 0.916824 -0.344106 -0.63508 -0.939663 0.280888 0.195285 -0.246638 0.275697 0.283789 0.918398 0.381561 0.146726 -0.0549199 0.987651 0.37922 -0.986079 0.0708362 0.150431 -0.480662 -0.0782231 -0.995975 -0.0437619 0.429685 
1535142363880 0.201559 0.916834 -0.344658 -0.635154 -0.939983 0.279973 0.195054 -0.246742 0.275327 0.284658 0.91824 0.381665 0.150483 -0.0555567 0.98705 0.37937 -0.986307 0.0597084 0.153731 -0.481177 -0.0674759 -0.996669 -0.0458108 0.430093 
1535142363887 0.200571 0.916843 -0.34521 -0.635228 -0.940303 0.279059 0.194824 -0.246845 0.274957 0.285526 0.918081 0.381769 0.154247 -0.0561508 0.986435 0.37952 -0.986402 0.048571 0.157007 -0.481694 -0.0567282 -0.99724 -0.0478954 0.4305 
1535142364091 0.199583 0.916851 -0.345762 -0.635302 -0.940622 0.278143 0.194594 -0.246949 0.274585 0.286394 0.917922 0.381872 0.158014 -0.0567025 0.985808 0.37967 -0.986366 0.0374261 0.160256 -0.48221 -0.0459818 -0.997689 -0.0500156 0.430908 
1535142364218 0.198595 0.916857 -0.346315 -0.635376 -0.940939 0.277227 0.194365 -0.247052 0.274213 0.287261 0.917763 0.381976 0.161785 -0.0572115 0.985166 0.37982 -0.986197 0.0262748 0.16348 -0.482726 -0.035238 -0.998016 -0.052171 0.431316 
1535142364814 0.199359 0.916873 -0.345833 -0.635342 -0.940691 0.277927 0.19457 -0.246926 0.274512 0.286533 0.917901 0.38191 0.153839 -0.0562833 0.986492 0.379383 -0.986412 0.0495222 0.156652 -0.481567 -0.0576701 -0.997186 -0.0479001 0.430457 
1535142364826 0.19877 0.917038 -0.345733 -0.635425 -0.94105 0.277112 0.193995 -0.247016 0.273707 0.286792 0.91806 0.381951 0.154599 -0.0568178 0.986342 0.379368 -0.986499 0.0457075 0.157257 -0.481689 -0.0540182 -0.997338 -0.0489844 0.430629 
1535142364843 0.198208 0.917203 -0.345618 -0.635508 -0.941399 0.276324 0.193427 -0.247102 0.272914 0.287026 0.918223 0.381991 0.155364 -0.0573494 0.986191 0.379354 -0.986572 0.0418918 0.15786 -0.481818 -0.0503666 -0.997475 -0.0500708 0.4308 
1535142364848 0.197647 0.917367 -0.345504 -0.635592 -0.941746 0.275535 0.192858 -0.247189 0.272121 0.28726 0.918386 0.382031 0.156132 -0.0578778 0.986039 0.37934 -0.986631 0.0380751 0.15846 -0.481949 -0.0467149 -0.997597 -0.0511593 0.430971 
1535142364858 0.197085 0.917531 -0.34539 -0.635675 -0.942093 0.274746 0.19229 -0.247276 0.271327 0.287492 0.918548 0.382071 0.1569 -0.0584035 0.985886 0.379326 -0.986675 0.0342578 0.159055 -0.482077 -0.0430637 -0.997705 -0.0522503 0.431143 
1535142364865 0.196524 0.917694 -0.345277 -0.635759 -0.942439 0.273957 0.191722 -0.247362 0.270533 0.287724 0.918709 0.382111 0.15767 -0.0589261 0.985732 0.379312 -0.986705 0.0304395 0.159646 -0.482207 -0.0394125 -0.997798 -0.0533432 0.431314 
1535142365057 0.195962 0.917857 -0.345164 -0.635843 -0.942783 0.273167 0.191153 -0.247449 0.269738 0.287956 0.91887 0.382151 0.158443 -0.0594455 0.985577 0.379298 -0.98672 0.0266205 0.160233 -0.482337 -0.0357616 -0.997877 -0.0544383 0.431485 
1535142365130 0.1954 0.918019 -0.345051 -0.635926 -0.943127 0.272377 0.190584 -0.247536 0.268943 0.288187 0.919031 0.382191 0.159217 -0.0599621 0.985421 0.379284 -0.986721 0.0228009 0.160814 -0.482465 -0.0321113 -0.99794 -0.0555356 0.431657 
1535142365136 0.194837 0.918181 -0.344939 -0.63601 -0.94347 0.271587 0.190014 -0.247623 0.268148 0.288417 0.919191 0.38223 0.159993 -0.0604755 0.985264 0.37927 -0.986708 0.0189805 0.161393 -0.482596 -0.0284611 -0.997989 -0.0566349 0.431828 
1535142365379 0.194275 0.918342 -0.344826 -0.636094 -0.943811 0.270797 0.189445 -0.247709 0.267353 0.288646 0.919351 0.38227 0.160771 -0.060986 0.985106 0.379256 -0.98668 0.0151597 0.161966 -0.482725 -0.0248116 -0.998023 -0.0577365 0.432 
1535142365598 0.195025 0.918125 -0.344981 -0.636005 -0.943425 0.271778 0.189965 -0.247682 0.26817 0.288416 0.919185 0.382222 0.158318 -0.0593601 0.985602 0.379305 -0.986677 0.0283743 0.1602 -0.482212 -0.0374753 -0.997833 -0.0540771 0.431215 
1535142365610 0.194838 0.91835 -0.344488 -0.636072 -0.943678 0.27127 0.189429 -0.24776 0.267412 0.288178 0.919481 0.382174 0.155297 -0.0591386 0.986096 0.379322 -0.986907 0.0347197 0.157507 -0.481888 -0.0435517 -0.997646 -0.0529725 0.430906 
1535142365631 0.194685 0.918562 -0.344008 -0.636137 -0.943917 0.270806 0.188907 -0.247843 0.266682 0.287938 0.919768 0.382126 0.152273 -0.0588978 0.986582 0.379338 -0.987092 0.041064 0.154803 -0.481559 -0.0496306 -0.997419 -0.0518846 0.430596 
1535142365637 0.194532 0.918774 -0.343529 -0.636202 -0.944154 0.270342 0.188383 -0.247926 0.265952 0.287698 0.920054 0.382078 0.14925 -0.0586375 0.987059 0.379355 -0.987229 0.0474061 0.152092 -0.481231 -0.0557109 -0.997153 -0.0508133 0.430287 
1535142365772 0.194377 0.918985 -0.34305 -0.636268 -0.944391 0.269878 0.18786 -0.248009 0.265222 0.287457 0.92034 0.38203 0.146227 -0.0583579 0.987528 0.379371 -0.987319 0.0537456 0.149372 -0.480901 -0.0617923 -0.996848 -0.0497588 0.429978 
1535142365826 0.194223 0.919197 -0.34257 -0.636333 -0.944628 0.269413 0.187336 -0.248092 0.264492 0.287216 0.920625 0.381982 0.143204 -0.0580588 0.987989 0.379387 -0.987363 0.0600823 0.146644 -0.480572 -0.0678746 -0.996504 -0.0487211 0.429668 
1535142365905 0.194068 0.919408 -0.342091 -0.636398 -0.944864 0.26895 0.186812 -0.248175 0.263762 0.286975 0.92091 0.381934 0.140183 -0.0577403 0.988441 0.379404 -0.98736 0.0664156 0.143909 -0.480244 -0.0739572 -0.99612 -0.0477001 0.429359 
1535142365960 0.193912 0.919619 -0.341611 -0.636463 -0.945099 0.268485 0.186288 -0.248258 0.263032 0.286733 0.921194 0.381886 0.137161 -0.0574025 0.988884 0.37942 -0.98731 0.0727455 0.141166 -0.479914 -0.0800402 -0.995697 -0.0466961 0.42905 
1535142365974 0.193757 0.91983 -0.341132 -0.636529 -0.945334 0.268022 0.185763 -0.248341 0.262301 0.286491 0.921478 0.381838 0.134142 -0.0570452 0.989319 0.379436 -0.987213 0.0790716 0.138416 -0.479586 -0.0861229 -0.995235 -0.0457089 0.42874 
1535142366034 0.1936 0.920041 -0.340652 -0.636594 -0.945568 0.267558 0.185238 -0.248425 0.261571 0.286248 0.921761 0.38179 0.131122 -0.0566687 0.989745 0.379452 -0.987069 0.0853937 0.135657 -0.479255 -0.0922055 -0.994734 -0.0447388 0.428431 
1535142367014 0.193829 0.919655 -0.341562 -0.636486 -0.945164 0.268346 0.186161 -0.248266 0.26286 0.286748 0.921238 0.381851 0.134471 -0.056549 0.989303 0.379578 -0.987214 0.0785954 0.138679 -0.479784 -0.0855968 -0.995301 -0.0452572 0.42892 
1535142367126 0.194375 0.919664 -0.341227 -0.636459 -0.945087 0.26875 0.18597 -0.248261 0.262735 0.286342 0.921401 0.381799 0.133708 -0.0567129 0.989397 0.379569 -0.987162 0.0803993 0.138015 -0.479741 -0.087374 -0.995148 -0.0452348 0.428837 
1535142367180 0.194921 0.919673 -0.340893 -0.636432 -0.945009 0.269153 0.185779 -0.248255 0.262609 0.285935 0.921563 0.381748 0.132943 -0.0568761 0.98949 0.379559 -0.987106 0.0822034 0.137348 -0.479691 -0.0891513 -0.994991 -0.0452144 0.428755 
1535142367239 0.195467 0.919681 -0.340559 -0.636404 -0.944932 0.269557 0.185588 -0.24825 0.262482 0.285529 0.921725 0.381696 0.132177 -0.0570379 0.989584 0.37955 -0.987047 0.0840073 0.136681 -0.479643 -0.0909282 -0.994831 -0.0451952 0.428673 
1535142367246 0.196012 0.919688 -0.340224 -0.636377 -0.944854 0.269961 0.185397 -0.248245 0.262355 0.285122 0.921887 0.381645 0.131411 -0.0571983 0.989676 0.37954 -0.986984 0.085811 0.136013 -0.479593 -0.0927049 -0.994668 -0.0451773 0.428591 
1535142367370 0.196558 0.919696 -0.33989 -0.636349 -0.944776 0.270364 0.185207 -0.248239 0.262228 0.284716 0.922048 0.381593 0.130645 -0.0573574 0.989769 0.37953 -0.986917 0.0876147 0.135345 -0.479543 -0.0944813 -0.994502 -0.0451606 0.428508 
1535142367410 0.197103 0.919703 -0.339555 -0.636322 -0.944698 0.270768 0.185016 -0.248234 0.262101 0.284309 0.92221 0.381541 0.129878 -0.057515 0.98986 0.379521 -0.986847 0.089418 0.134678 -0.479495 -0.0962574 -0.994332 -0.045145 0.428426 
1535142367484 0.197649 0.919709 -0.33922 -0.636295 -0.944619 0.271172 0.184826 -0.248228 0.261973 0.283903 0.922371 0.38149 0.129111 -0.0576713 0.989952 0.379511 -0.986772 0.0912213 0.13401 -0.479444 -0.0980333 -0.994159 -0.0451308 0.428344 
1535142367550 0.198194 0.919715 -0.338885 -0.636267 -0.94454 0.271576 0.184636 -0.248223 0.261845 0.283497 0.922533 0.381438 0.128344 -0.057826 0.990042 0.379501 -0.986695 0.0930243 0.133343 -0.479396 -0.0998087 -0.993983 -0.0451176 0.428261 
1535142367607 0.198739 0.919721 -0.33855 -0.63624 -0.944461 0.271979 0.184446 -0.248218 0.261717 0.28309 0.922694 0.381387 0.127576 -0.0579794 0.990133 0.379492 -0.986613 0.0948271 0.132675 -0.479347 -0.101584 -0.993804 -0.0451056 0.428179 
1535142367740 0.197926 0.919741 -0.338971 -0.636248 -0.944593 0.271347 0.184703 -0.248244 0.261858 0.283632 0.922487 0.381514 0.130774 -0.0569577 0.989775 0.379468 -0.98701 0.0865007 0.135386 -0.479415 -0.0933275 -0.994622 -0.0449058 0.428508 
1535142367751 0.198865 0.919671 -0.338611 -0.636046 -0.944447 0.272097 0.184346 -0.248111 0.261673 0.28314 0.922691 0.381539 0.130517 -0.0570504 0.989803 0.379503 -0.986976 0.0872202 0.135172 -0.479508 -0.0940424 -0.994554 -0.0449237 0.428419 
1535142367765 0.199806 0.9196 -0.338251 -0.635837 -0.9443 0.272848 0.183989 -0.247975 0.261487 0.282649 0.922895 0.381565 0.13026 -0.0571429 0.989832 0.379537 -0.986941 0.08794 0.134956 -0.479599 -0.0947576 -0.994485 -0.0449416 0.42833 
1535142367771 0.200746 0.919528 -0.337891 -0.63563 -0.944152 0.273599 0.183631 -0.24784 0.2613 0.282157 0.923098 0.381591 0.130001 -0.0572352 0.989861 0.379571 -0.986907 0.0886599 0.13474 -0.479691 -0.0954728 -0.994416 -0.0449599 0.428241 
1535142367781 0.201685 0.919455 -0.33753 -0.635422 -0.944004 0.274349 0.183274 -0.247705 0.261113 0.281666 0.923301 0.381617 0.129743 -0.0573273 0.989889 0.379606 -0.986871 0.0893798 0.134524 -0.479782 -0.0961879 -0.994346 -0.0449783 0.428152 
1535142367787 0.202624 0.919381 -0.337168 -0.635215 -0.943854 0.2751 0.182917 -0.24757 0.260925 0.281174 0.923504 0.381642 0.129485 -0.0574192 0.989918 0.37964 -0.986835 0.0900995 0.134308 -0.479874 -0.096903 -0.994276 -0.0449967 0.428063 
1535142367984 0.203564 0.919306 -0.336806 -0.635007 -0.943704 0.275851 0.18256 -0.247435 0.260737 0.280683 0.923706 0.381669 0.129226 -0.0575109 0.989946 0.379675 -0.986798 0.0908193 0.134092 -0.479966 -0.097618 -0.994205 -0.0450154 0.427974 
1535142368008 0.204503 0.91923 -0.336444 -0.6348 -0.943553 0.276602 0.182204 -0.2473 0.260548 0.280192 0.923909 0.381694 0.128968 -0.0576024 0.989974 0.379709 -0.986761 0.0915391 0.133876 -0.480058 -0.0983329 -0.994134 -0.0450342 0.427885 
1535142368017 0.205441 0.919153 -0.336081 -0.634592 -0.943402 0.277352 0.181848 -0.247164 0.260359 0.279701 0.924111 0.38172 0.12871 -0.0576937 0.990003 0.379743 -0.986724 0.0922588 0.13366 -0.480149 -0.0990478 -0.994062 -0.0450532 0.427796 
1535142368097 0.20638 0.919076 -0.335718 -0.634385 -0.943249 0.278103 0.181492 -0.247029 0.260169 0.27921 0.924313 0.381746 0.128451 -0.0577849 0.990031 0.379778 -0.986685 0.0929785 0.133444 -0.480241 -0.0997626 -0.99399 -0.0450723 0.427707 
1535142368381 0.204744 0.919177 -0.336443 -0.634822 -0.943439 0.276894 0.182351 -0.247165 0.260772 0.280078 0.92388 0.381684 0.129269 -0.0576451 0.989933 0.379749 -0.98674 0.0913365 0.134171 -0.479931 -0.0981513 -0.99415 -0.0450738 0.427943 
1535142368505 0.204842 0.919152 -0.336452 -0.634488 -0.943398 0.277009 0.182389 -0.247082 0.260844 0.280047 0.923869 0.381816 0.132445 -0.0587302 0.989449 0.379797 -0.987131 0.0824347 0.137027 -0.480523 -0.0896125 -0.994864 -0.0470564 0.428282 
1535142368543 0.20494 0.919127 -0.336461 -0.634153 -0.943357 0.277123 0.182428 -0.246999 0.260915 0.280016 0.923858 0.381948 0.13563 -0.0597869 0.988954 0.379846 -0.987437 0.0735232 0.139867 -0.48112 -0.0810733 -0.9955 -0.0490638 0.428621 
1535142368550 0.205038 0.919101 -0.33647 -0.633818 -0.943316 0.277238 0.182466 -0.246915 0.260987 0.279985 0.923848 0.382081 0.138824 -0.0608147 0.988448 0.379895 -0.987657 0.0646031 0.142688 -0.481717 -0.0725343 -0.996056 -0.0510957 0.42896 
1535142368775 0.205136 0.919076 -0.336479 -0.633483 -0.943275 0.277353 0.182504 -0.246832 0.261058 0.279954 0.923837 0.382213 0.142025 -0.0618135 0.987931 0.379943 -0.987792 0.055675 0.145489 -0.482315 -0.0639962 -0.996534 -0.0531517 0.429298 
1535142368922 0.205234 0.919051 -0.336488 -0.633148 -0.943234 0.277467 0.182542 -0.246749 0.26113 0.279924 0.923826 0.382345 0.145233 -0.0627833 0.987404 0.379992 -0.987842 0.04674 0.148269 -0.482911 -0.0554601 -0.996932 -0.0552318 0.429637 
1535142368945 0.205332 0.919026 -0.336498 -0.632812 -0.943193 0.277582 0.18258 -0.246665 0.261202 0.279893 0.923815 0.382478 0.148448 -0.0637238 0.986865 0.380041 -0.987806 0.0377986 0.15103 -0.483509 -0.0469263 -0.997251 -0.0573356 0.429976 
1535142368951 0.20543 0.919 -0.336507 -0.632477 -0.943152 0.277697 0.182618 -0.246582 0.261273 0.279862 0.923804 0.38261 0.151669 -0.0646351 0.986316 0.380089 -0.987685 0.0288517 0.153771 -0.484106 -0.0383959 -0.997492 -0.0594632 0.430315 
1535142369216 0.205528 0.918975 -0.336517 -0.632142 -0.94311 0.277812 0.182656 -0.246498 0.261345 0.279831 0.923793 0.382742 0.154898 -0.065517 0.985756 0.380138 -0.987479 0.0199 0.156491 -0.484704 -0.0298694 -0.997653 -0.0616141 0.430653 
1535142369361 0.205626 0.91895 -0.336526 -0.631807 -0.943069 0.277927 0.182694 -0.246415 0.261416 0.279801 0.923782 0.382875 0.158132 -0.0663695 0.985185 0.380187 -0.987187 0.0109445 0.15919 -0.485301 -0.0213478 -0.997735 -0.0637885 0.430992 
1535142369749 0.205534 0.918943 -0.336598 -0.63204 -0.943073 0.277873 0.182756 -0.246461 0.261474 0.279874 0.923743 0.382776 0.145033 -0.0629219 0.987424 0.37993 -0.987843 0.0472386 0.148104 -0.482731 -0.0559636 -0.9969 -0.0553058 0.429627 
1535142369763 0.205517 0.918809 -0.336976 -0.631502 -0.942891 0.278131 0.183302 -0.246288 0.262143 0.28006 0.923497 0.382998 0.144055 -0.0628185 0.987574 0.379988 -0.98781 0.050357 0.147292 -0.482741 -0.0589839 -0.996754 -0.0547986 0.429401 
1535142369771 0.2055 0.918673 -0.337355 -0.630957 -0.942709 0.278389 0.183847 -0.246111 0.262811 0.280247 0.923251 0.383221 0.143076 -0.062713 0.987723 0.380046 -0.987768 0.0534747 0.146478 -0.482745 -0.0620043 -0.996598 -0.0542949 0.429175 
1535142370065 0.205483 0.918538 -0.337734 -0.630414 -0.942526 0.278648 0.184392 -0.245936 0.26348 0.280434 0.923003 0.383443 0.142098 -0.0626043 0.987871 0.380103 -0.987714 0.0565918 0.145662 -0.48275 -0.0650244 -0.996433 -0.0537935 0.428949 
1535142370101 0.205465 0.918403 -0.338113 -0.62987 -0.942343 0.278906 0.184936 -0.24576 0.264148 0.28062 0.922756 0.383666 0.141121 -0.0624925 0.988018 0.380161 -0.987651 0.0597082 0.144845 -0.482755 -0.0680445 -0.996258 -0.0532948 0.428723 
1535142370293 0.205447 0.918267 -0.338492 -0.629328 -0.942159 0.279165 0.185481 -0.245585 0.264816 0.280807 0.922507 0.383889 0.140143 -0.0623776 0.988164 0.380218 -0.987578 0.0628239 0.144026 -0.482762 -0.0710644 -0.996073 -0.0527984 0.428497 
1535142370400 0.205429 0.918131 -0.338871 -0.628784 -0.941975 0.279424 0.186025 -0.245408 0.265484 0.280993 0.922259 0.384111 0.139166 -0.0622597 0.98831 0.380276 -0.987494 0.0659391 0.143205 -0.482766 -0.0740841 -0.995879 -0.0523046 0.428271 
1535142370602 0.205411 0.917996 -0.339249 -0.628241 -0.941791 0.279682 0.18657 -0.245233 0.266152 0.281179 0.92201 0.384334 0.138189 -0.0621387 0.988455 0.380333 -0.9874 0.0690534 0.142383 -0.482772 -0.0771036 -0.995676 -0.0518133 0.428045 
1535142370720 0.205392 0.91786 -0.339628 -0.627697 -0.941606 0.279942 0.187113 -0.245057 0.26682 0.281364 0.92176 0.384557 0.137212 -0.0620146 0.988599 0.380391 -0.987296 0.072167 0.141558 -0.482777 -0.0801229 -0.995463 -0.0513246 0.427819 
1535142370950 0.205373 0.917724 -0.340007 -0.627154 -0.94142 0.280201 0.187657 -0.244881 0.267488 0.28155 0.92151 0.384779 0.136236 -0.0618874 0.988742 0.380448 -0.987181 0.0752798 0.140733 -0.482782 -0.0831418 -0.99524 -0.0508383 0.427593 
1535142371319 0.205194 0.917851 -0.339771 -0.62739 -0.941559 0.27988 0.187438 -0.24489 0.267136 0.281453 0.921641 0.384693 0.136749 -0.0619384 0.988667 0.380468 -0.987214 0.0740017 0.141184 -0.482729 -0.0819078 -0.995333 -0.0510267 0.427692 
1535142371331 0.205157 0.917848 -0.339801 -0.62705 -0.941482 0.279942 0.187733 -0.244757 0.267435 0.281402 0.92157 0.384815 0.136701 -0.0618147 0.988682 0.380521 -0.987204 0.0742187 0.141137 -0.4828 -0.082103 -0.995324 -0.0508779 0.427607 
1535142371337 0.205123 0.917845 -0.339832 -0.626706 -0.941405 0.280005 0.188027 -0.244622 0.267735 0.281351 0.921499 0.384937 0.136653 -0.0616907 0.988696 0.380574 -0.987195 0.0744353 0.14109 -0.482871 -0.0822979 -0.995316 -0.0507289 0.427522 
1535142371352 0.205088 0.917841 -0.339863 -0.626362 -0.941327 0.280069 0.188322 -0.244487 0.268034 0.281299 0.921427 0.385059 0.136604 -0.0615667 0.988711 0.380627 -0.987185 0.074652 0.141042 -0.482943 -0.0824927 -0.995307 -0.0505799 0.427437 
1535142371508 0.205054 0.917837 -0.339893 -0.626017 -0.941249 0.280132 0.188616 -0.244352 0.268334 0.281248 0.921356 0.385182 0.136556 -0.0614427 0.988725 0.38068 -0.987175 0.0748686 0.140994 -0.483014 -0.0826876 -0.995299 -0.050431 0.427352 
1535142371520 0.205019 0.917834 -0.339924 -0.625674 -0.941171 0.280196 0.18891 -0.244217 0.268633 0.281196 0.921284 0.385304 0.136508 -0.0613186 0.988739 0.380733 -0.987166 0.0750852 0.140947 -0.483085 -0.0828824 -0.99529 -0.050282 0.427267 
1535142371526 0.204985 0.91783 -0.339954 -0.625329 -0.941093 0.280259 0.189204 -0.244082 0.268932 0.281145 0.921213 0.385427 0.136459 -0.0611946 0.988754 0.380786 -0.987156 0.0753019 0.140899 -0.483157 -0.0830773 -0.995281 -0.0501331 0.427181 
1535142371556 0.20495 0.917827 -0.339985 -0.624986 -0.941015 0.280323 0.189498 -0.243947 0.269232 0.281093 0.921141 0.385549 0.136411 -0.0610705 0.988768 0.38084 -0.987146 0.0755184 0.140851 -0.483228 -0.0832721 -0.995273 -0.0499841 0.427096 
1535142371630 0.204916 0.917823 -0.340016 -0.624641 -0.940937 0.280386 0.189792 -0.243811 0.269531 0.281042 0.921069 0.385671 0.136362 -0.0609465 0.988783 0.380893 -0.987137 0.0757351 0.140803 -0.4833 -0.083467 -0.995264 -0.0498352 0.427011 
1535142371666 0.204881 0.917819 -0.340046 -0.624297 -0.940859 0.28045 0.190086 -0.243676 0.26983 0.280991 0.920997 0.385794 0.136313 -0.0608225 0.988797 0.380946 -0.987127 0.0759517 0.140755 -0.483372 -0.0836619 -0.995255 -0.0496863 0.426926 
1535142371953 0.205067 0.917765 -0.340079 -0.625187 -0.941079 0.280359 0.18913 -0.244128 0.268921 0.281257 0.921182 0.385454 0.136559 -0.0612643 0.988736 0.38074 -0.987154 0.0751424 0.140996 -0.483098 -0.082934 -0.995289 -0.050216 0.427262 
1535142371964 0.205058 0.917751 -0.340123 -0.624894 -0.941076 0.280364 0.189137 -0.243992 0.268939 0.281297 0.921164 0.385566 0.136567 -0.0609697 0.988753 0.380791 -0.987176 0.0749043 0.140968 -0.483185 -0.0826566 -0.995325 -0.0499584 0.427168 
1535142371970 0.205049 0.917737 -0.340167 -0.624597 -0.941072 0.280371 0.189143 -0.243853 0.268956 0.281338 0.921147 0.38568 0.136576 -0.0606751 0.98877 0.380843 -0.987198 0.0746664 0.14094 -0.483274 -0.0823795 -0.995361 -0.0497007 0.427074 
1535142371977 0.205041 0.917722 -0.340211 -0.624298 -0.941069 0.280377 0.189149 -0.243714 0.268974 0.281379 0.921129 0.385793 0.136585 -0.0603803 0.988787 0.380895 -0.98722 0.0744285 0.140913 -0.483363 -0.0821023 -0.995397 -0.0494429 0.426981 
1535142371998 0.205032 0.917708 -0.340255 -0.624001 -0.941066 0.280383 0.189155 -0.243576 0.268991 0.28142 0.921112 0.385906 0.136593 -0.0600857 0.988803 0.380946 -0.987242 0.0741907 0.140886 -0.483452 -0.0818252 -0.995432 -0.0491852 0.426887 
1535142372225 0.205024 0.917694 -0.3403 -0.623703 -0.941063 0.28039 0.189162 -0.243437 0.269009 0.281461 0.921094 0.38602 0.136602 -0.059791 0.98882 0.380998 -0.987264 0.0739528 0.140859 -0.483541 -0.0815481 -0.995468 -0.0489274 0.426793 
1535142372260 0.205015 0.917679 -0.340344 -0.623404 -0.94106 0.280396 0.189168 -0.243298 0.269026 0.281502 0.921076 0.386133 0.136611 -0.0594963 0.988837 0.381049 -0.987285 0.0737148 0.140832 -0.483631 -0.0812709 -0.995503 -0.0486696 0.426699 
1535142372266 0.205006 0.917665 -0.340388 -0.623107 -0.941057 0.280402 0.189174 -0.243159 0.269044 0.281543 0.921059 0.386246 0.136619 -0.0592016 0.988853 0.381101 -0.987307 0.073477 0.140805 -0.483719 -0.0809938 -0.995538 -0.0484118 0.426605 
1535142372416 0.204998 0.91765 -0.340432 -0.62281 -0.941054 0.280409 0.18918 -0.243021 0.269061 0.281583 0.921041 0.386359 0.136628 -0.0589069 0.98887 0.381152 -0.987329 0.073239 0.140777 -0.483808 -0.0807166 -0.995573 -0.048154 0.426512 
1535142372474 0.204989 0.917636 -0.340476 -0.622511 -0.94105 0.280415 0.189186 -0.242882 0.269079 0.281624 0.921024 0.386473 0.136636 -0.0586122 0.988886 0.381204 -0.98735 0.0730011 0.140751 -0.483898 -0.0804394 -0.995608 -0.0478961 0.426418 
1535142372613 0.204593 0.917818 -0.340224 -0.623371 -0.941174 0.279954 0.189256 -0.243062 0.268949 0.281489 0.921103 0.386093 0.136492 -0.0590219 0.988881 0.381109 -0.987345 0.0732556 0.140652 -0.48381 -0.0807426 -0.995565 -0.0482762 0.426609 
1535142372625 0.204747 0.91774 -0.34034 -0.622977 -0.941152 0.280109 0.189133 -0.242873 0.268908 0.281587 0.921085 0.386243 0.136555 -0.0586726 0.988893 0.381133 -0.98739 0.0726416 0.140657 -0.483886 -0.0800876 -0.995631 -0.0480131 0.426549 
1535142372647 0.204902 0.917663 -0.340456 -0.622578 -0.941131 0.280265 0.18901 -0.242681 0.268865 0.281686 0.921067 0.386394 0.136619 -0.0583232 0.988905 0.381158 -0.987434 0.0720265 0.140663 -0.483965 -0.0794313 -0.995696 -0.0477501 0.426488 
1535142372678 0.205056 0.917585 -0.340573 -0.622178 -0.941109 0.280421 0.188886 -0.242489 0.268823 0.281784 0.921049 0.386545 0.136682 -0.0579739 0.988917 0.381183 -0.987478 0.0714115 0.140669 -0.484044 -0.0787752 -0.995761 -0.0474873 0.426428 
1535142372840 0.205211 0.917507 -0.34069 -0.62178 -0.941087 0.280577 0.188763 -0.242297 0.268781 0.281883 0.921032 0.386696 0.136745 -0.0576243 0.988929 0.381207 -0.987521 0.0707962 0.140676 -0.484121 -0.0781187 -0.995825 -0.0472242 0.426368 
1535142372847 0.205366 0.917429 -0.340807 -0.621381 -0.941066 0.280732 0.188639 -0.242105 0.268738 0.281981 0.921014 0.386847 0.136809 -0.0572748 0.98894 0.381232 -0.987564 0.0701809 0.140683 -0.4842 -0.0774623 -0.995889 -0.0469612 0.426308 
1535142373036 0.20552 0.917351 -0.340923 -0.620983 -0.941044 0.280888 0.188515 -0.241914 0.268696 0.28208 0.920996 0.386998 0.136871 -0.0569253 0.988952 0.381257 -0.987607 0.0695657 0.140689 -0.484278 -0.0768059 -0.995952 -0.0466982 0.426247 
1535142373136 0.205675 0.917273 -0.34104 -0.620583 -0.941022 0.281044 0.188391 -0.241722 0.268653 0.282179 0.920978 0.387149 0.136934 -0.0565756 0.988963 0.381282 -0.987649 0.0689504 0.140696 -0.484357 -0.0761494 -0.996015 -0.0464352 0.426187 
1535142373181 0.205829 0.917195 -0.341156 -0.620185 -0.941001 0.281199 0.188268 -0.24153 0.268611 0.282277 0.92096 0.3873 0.136996 -0.056226 0.988975 0.381306 -0.987691 0.0683351 0.140703 -0.484435 -0.0754929 -0.996077 -0.0461722 0.426127 
1535142373271 0.205984 0.917117 -0.341273 -0.619785 -0.940979 0.281355 0.188144 -0.241338 0.268569 0.282376 0.920942 0.387451 0.137059 -0.0558763 0.988986 0.381331 -0.987732 0.0677197 0.140711 -0.484514 -0.0748363 -0.996138 -0.0459092 0.426066 
1535142373520 0.205369 0.917339 -0.341047 -0.620435 -0.941097 0.280752 0.188456 -0.241459 0.268628 0.282255 0.920962 0.387112 0.136979 -0.0562014 0.988978 0.381294 -0.987686 0.0684283 0.140689 -0.484445 -0.075581 -0.996072 -0.0461361 0.426126 
1535142373531 0.205429 0.917284 -0.341159 -0.620198 -0.941008 0.280909 0.188661 -0.241386 0.268891 0.282277 0.920879 0.387211 0.137035 -0.0559055 0.988987 0.381303 -0.987711 0.0680351 0.140704 -0.484513 -0.075152 -0.996115 -0.0458954 0.426086 
1535142373548 0.205488 0.917228 -0.341272 -0.619956 -0.94092 0.281067 0.188866 -0.24131 0.269153 0.2823 0.920795 0.387311 0.137092 -0.0556085 0.988996 0.381313 -0.987736 0.0676421 0.140721 -0.484584 -0.074723 -0.996159 -0.0456533 0.426045 
1535142373555 0.205548 0.917173 -0.341385 -0.619712 -0.940832 0.281225 0.18907 -0.241233 0.269416 0.282322 0.920711 0.387412 0.13715 -0.0553114 0.989005 0.381323 -0.98776 0.0672489 0.140738 -0.484657 -0.0742939 -0.996202 -0.0454112 0.426005 
1535142373568 0.205608 0.917118 -0.341497 -0.619471 -0.940744 0.281383 0.189275 -0.241157 0.269679 0.282345 0.920627 0.387512 0.137206 -0.0550143 0.989014 0.381333 -0.987785 0.0668559 0.140755 -0.484727 -0.0738649 -0.996245 -0.0451693 0.425965 
1535142373716 0.205667 0.917062 -0.34161 -0.619229 -0.940655 0.281541 0.189479 -0.241081 0.269942 0.282367 0.920543 0.387612 0.137263 -0.0547172 0.989022 0.381342 -0.987809 0.0664628 0.140772 -0.484799 -0.0734358 -0.996287 -0.0449272 0.425924 
1535142373772 0.205727 0.917007 -0.341723 -0.618986 -0.940567 0.281698 0.189684 -0.241004 0.270204 0.28239 0.920459 0.387712 0.13732 -0.05442 0.989031 0.381352 -0.987833 0.0660696 0.140789 -0.484871 -0.0730066 -0.99633 -0.0446851 0.425884 
1535142373941 0.205787 0.916952 -0.341835 -0.618744 -0.940478 0.281856 0.189888 -0.240929 0.270467 0.282412 0.920375 0.387813 0.137377 -0.0541228 0.989039 0.381362 -0.987856 0.0656765 0.140807 -0.484942 -0.0725775 -0.996372 -0.0444431 0.425843 
1535142373959 0.205846 0.916896 -0.341948 -0.618503 -0.94039 0.282014 0.190093 -0.240853 0.27073 0.282434 0.920291 0.387913 0.137433 -0.0538257 0.989047 0.381372 -0.98788 0.0652835 0.140824 -0.485013 -0.0721484 -0.996414 -0.0442012 0.425803 
1535142373991 0.205906 0.916841 -0.342061 -0.618259 -0.940301 0.282172 0.190297 -0.240776 0.270992 0.282457 0.920207 0.388013 0.13749 -0.0535284 0.989056 0.381382 -0.987903 0.0648903 0.140842 -0.485085 -0.0717191 -0.996456 -0.0439591 0.425763 
1535142374263 0.205449 0.917038 -0.341806 -0.618765 -0.940589 0.281497 0.189875 -0.240792 0.27034 0.282489 0.920389 0.38775 0.137333 -0.0539873 0.989053 0.381341 -0.987894 0.0652659 0.140734 -0.484988 -0.0721493 -0.996406 -0.0443706 0.425833 
1535142374274 0.205493 0.916949 -0.34202 -0.618556 -0.940528 0.281635 0.189969 -0.240741 0.270517 0.282643 0.92029 0.387846 0.137342 -0.0537261 0.989066 0.38134 -0.9879 0.0651957 0.140722 -0.485052 -0.0720432 -0.996425 -0.0441219 0.425794 
1535142374279 0.205537 0.916858 -0.342236 -0.618341 -0.940468 0.281774 0.190062 -0.240687 0.270693 0.282797 0.920191 0.387942 0.137352 -0.0534653 0.989078 0.38134 -0.987907 0.0651258 0.14071 -0.485118 -0.0719377 -0.996444 -0.0438736 0.425756 
1535142374291 0.205581 0.916768 -0.342451 -0.618127 -0.940408 0.281912 0.190154 -0.240634 0.270868 0.282952 0.920092 0.388039 0.137362 -0.0532045 0.989091 0.38134 -0.987913 0.065056 0.140698 -0.485183 -0.0718321 -0.996462 -0.0436252 0.425717 
1535142374313 0.205625 0.916678 -0.342667 -0.617913 -0.940348 0.282051 0.190247 -0.24058 0.271044 0.283107 0.919992 0.388135 0.137372 -0.0529438 0.989104 0.38134 -0.987919 0.0649861 0.140686 -0.485249 -0.0717265 -0.996481 -0.0433768 0.425678 
1535142374326 0.205669 0.916587 -0.342882 -0.617698 -0.940287 0.28219 0.190339 -0.240526 0.27122 0.283261 0.919893 0.388232 0.137382 -0.0526829 0.989116 0.38134 -0.987925 0.0649162 0.140675 -0.485316 -0.0716209 -0.996499 -0.0431285 0.42564 
1535142374332 0.205712 0.916497 -0.343098 -0.617484 -0.940227 0.282328 0.190432 -0.240472 0.271396 0.283416 0.919793 0.388329 0.137392 -0.0524222 0.989129 0.381339 -0.987932 0.0648464 0.140663 -0.485381 -0.0715153 -0.996517 -0.0428801 0.425601 
1535142374370 0.205756 0.916406 -0.343313 -0.617269 -0.940166 0.282467 0.190524 -0.240418 0.271572 0.28357 0.919694 0.388425 0.137402 -0.0521613 0.989141 0.381339 -0.987938 0.0647765 0.140651 -0.485448 -0.0714096 -0.996536 -0.0426317 0.425562 
1535142374561 0.2058 0.916316 -0.343529 -0.617055 -0.940106 0.282606 0.190616 -0.240365 0.271748 0.283725 0.919594 0.388522 0.137412 -0.0519006 0.989153 0.381339 -0.987944 0.0647066 0.140639 -0.485513 -0.0713041 -0.996554 -0.0423834 0.425524 
1535142374620 0.205844 0.916225 -0.343744 -0.616842 -0.940046 0.282744 0.190709 -0.240311 0.271924 0.283879 0.919495 0.388618 0.137422 -0.0516398 0.989166 0.381339 -0.98795 0.0646368 0.140628 -0.485579 -0.0711985 -0.996572 -0.042135 0.425485 
1535142374897 0.205749 0.916342 -0.34349 -0.617053 -0.94008 0.282589 0.190769 -0.240351 0.271876 0.283657 0.919577 0.388527 0.137444 -0.05234 0.989126 0.381352 -0.987929 0.0647943 0.140706 -0.485412 -0.0714543 -0.996525 -0.0428027 0.42558 
1535142374917 0.205807 0.916328 -0.343491 -0.616757 -0.940024 0.282688 0.190897 -0.240274 0.272025 0.283602 0.91955 0.388612 0.141102 -0.0539104 0.988526 0.381346 -0.987976 0.0560633 0.144081 -0.48604 -0.0631875 -0.996971 -0.0453515 0.42612 
1535142374923 0.205865 0.916314 -0.343493 -0.616461 -0.939968 0.282788 0.191024 -0.240198 0.272174 0.283547 0.919523 0.388696 0.144775 -0.0554469 0.98791 0.38134 -0.987939 0.0473229 0.147435 -0.486673 -0.0549256 -0.99734 -0.047927 0.42666 
1535142375032 0.205923 0.916301 -0.343495 -0.616166 -0.939913 0.282887 0.191152 -0.240121 0.272323 0.283493 0.919496 0.388781 0.148458 -0.0569508 0.987277 0.381335 -0.987817 0.0385738 0.150764 -0.487307 -0.0466692 -0.997632 -0.0505303 0.427199 
1535142375122 0.205982 0.916287 -0.343497 -0.615869 -0.939857 0.282987 0.191279 -0.240044 0.272471 0.283438 0.919469 0.388866 0.152152 -0.0584216 0.986629 0.381329 -0.98761 0.0298169 0.154069 -0.487941 -0.0384192 -0.997847 -0.0531611 0.427739 
1535142375344 0.206039 0.916273 -0.343498 -0.615574 -0.939801 0.283086 0.191407 -0.239967 0.27262 0.283382 0.919441 0.38895 0.155855 -0.0598596 0.985964 0.381324 -0.987319 0.0210531 0.157348 -0.488573 -0.0301764 -0.997985 -0.0558193 0.428279 
1535142375488 0.206098 0.916259 -0.3435 -0.615277 -0.939745 0.283185 0.191534 -0.23989 0.272769 0.283328 0.919414 0.389035 0.159569 -0.0612642 0.985284 0.381318 -0.986943 0.0122829 0.160602 -0.489208 -0.0219413 -0.998046 -0.0585043 0.428818 
1535142375649 0.206156 0.916246 -0.343502 -0.614982 -0.939689 0.283284 0.191661 -0.239813 0.272918 0.283273 0.919387 0.38912 0.163292 -0.0626357 0.984587 0.381313 -0.986482 0.00350733 0.16383 -0.489841 -0.0137149 -0.99803 -0.0612163 0.429358 
1535142375724 0.206214 0.916232 -0.343503 -0.614685 -0.939633 0.283384 0.191789 -0.239736 0.273066 0.283218 0.91936 0.389205 0.167025 -0.0639736 0.983875 0.381308 -0.985937 -0.00527309 0.167032 -0.490476 -0.0054976 -0.997938 -0.0639547 0.429898 
1535142375770 0.206272 0.916218 -0.343506 -0.61439 -0.939577 0.283483 0.191916 -0.239659 0.273215 0.283163 0.919333 0.389289 0.170766 -0.0652781 0.983147 0.381302 -0.985308 -0.0140572 0.170208 -0.491109 0.00270948 -0.997768 -0.0667196 0.430437 
1535142376569 0.206072 0.916274 -0.343476 -0.614644 -0.939648 0.283263 0.191897 -0.239681 0.273124 0.283202 0.919347 0.389175 0.166676 -0.0642353 0.983917 0.381224 -0.985991 -0.00434878 0.166744 -0.490298 -0.00643198 -0.997925 -0.0640603 0.429651 
1535142376708 0.206162 0.916242 -0.343507 -0.614321 -0.939624 0.283358 0.191873 -0.239555 0.273137 0.283211 0.919341 0.389301 0.164128 -0.0631143 0.984418 0.381222 -0.986369 0.00135618 0.16454 -0.490091 -0.0117199 -0.998005 -0.0620314 0.429243 
1535142376727 0.206253 0.91621 -0.34354 -0.613997 -0.9396 0.283453 0.191847 -0.239429 0.27315 0.283221 0.919334 0.389427 0.161583 -0.061978 0.984911 0.381219 -0.986712 0.00705889 0.162323 -0.489879 -0.0170129 -0.998053 -0.0600139 0.428835 
1535142376900 0.206345 0.916177 -0.343572 -0.613674 -0.939577 0.283549 0.191821 -0.239303 0.273162 0.283231 0.919327 0.389554 0.159044 -0.060827 0.985396 0.381216 -0.987019 0.0127588 0.160094 -0.489667 -0.0223105 -0.998067 -0.0580082 0.428426 
1535142376964 0.206436 0.916144 -0.343604 -0.61335 -0.939553 0.283645 0.191796 -0.239177 0.273174 0.28324 0.919321 0.38968 0.15651 -0.0596612 0.985873 0.381213 -0.98729 0.0184557 0.157852 -0.489454 -0.0276126 -0.998048 -0.0560144 0.428018 
1535142376971 0.206528 0.916112 -0.343636 -0.613026 -0.939529 0.283741 0.19177 -0.23905 0.273187 0.28325 0.919314 0.389806 0.15398 -0.0584806 0.986342 0.38121 -0.987525 0.0241494 0.155597 -0.489241 -0.032919 -0.997996 -0.0540326 0.42761 
1535142377271 0.20662 0.916079 -0.343668 -0.612702 -0.939506 0.283837 0.191745 -0.238924 0.273199 0.28326 0.919307 0.389933 0.151457 -0.0572853 0.986802 0.381207 -0.987724 0.0298395 0.153331 -0.489029 -0.0382293 -0.997912 -0.0520626 0.427202 
1535142377446 0.206711 0.916046 -0.3437 -0.612378 -0.939482 0.283933 0.191719 -0.238798 0.273211 0.28327 0.919301 0.390059 0.148939 -0.0560754 0.987255 0.381203 -0.987887 0.0355261 0.151052 -0.488816 -0.0435437 -0.997794 -0.050105 0.426793 
1535142377527 0.206803 0.916013 -0.343733 -0.612055 -0.939458 0.284028 0.191694 -0.238672 0.273224 0.28328 0.919294 0.390185 0.146427 -0.0548508 0.9877 0.3812 -0.988014 0.0412087 0.148762 -0.488604 -0.0488615 -0.997644 -0.0481593 0.426385 
1535142377625 0.206894 0.915981 -0.343765 -0.611731 -0.939434 0.284124 0.191668 -0.238546 0.273236 0.28329 0.919287 0.390312 0.143919 -0.0536118 0.988136 0.381197 -0.988105 0.0468873 0.146459 -0.48839 -0.0541829 -0.99746 -0.0462261 0.425977 
1535142378217 0.206763 0.916018 -0.343745 -0.611982 -0.939477 0.283983 0.191666 -0.238579 0.273187 0.283311 0.919295 0.390196 0.146742 -0.054715 0.98766 0.381268 -0.988026 0.0399978 0.149012 -0.488764 -0.0476575 -0.997701 -0.0481905 0.426744 
1535142378357 0.206867 0.91589 -0.344024 -0.611633 -0.939309 0.284289 0.192038 -0.238465 0.273688 0.283418 0.919113 0.390355 0.149657 -0.0553818 0.987186 0.381302 -0.987776 0.0356652 0.151747 -0.489272 -0.0436122 -0.997828 -0.0493673 0.427031 
1535142378367 0.206972 0.915761 -0.344302 -0.611283 -0.939139 0.284597 0.19241 -0.23835 0.274189 0.283524 0.918931 0.390515 0.152575 -0.0560351 0.986702 0.381338 -0.987499 0.0313289 0.154477 -0.489786 -0.0395684 -0.997937 -0.0505546 0.427317 
1535142378374 0.207078 0.915633 -0.344581 -0.610932 -0.93897 0.284905 0.192781 -0.238236 0.27469 0.28363 0.918749 0.390674 0.155495 -0.0566755 0.98621 0.381373 -0.987198 0.0269902 0.157202 -0.4903 -0.0355274 -0.998028 -0.0517531 0.427603 
1535142378380 0.207183 0.915504 -0.344859 -0.610582 -0.9388 0.285213 0.193153 -0.238121 0.27519 0.283736 0.918566 0.390833 0.158416 -0.0573029 0.985708 0.381408 -0.98687 0.0226492 0.159919 -0.490815 -0.0314893 -0.9981 -0.0529626 0.42789 
