1535386001203 0.213378 0.919015 -0.331483 -0.472077 -0.94397 0.28138 0.17247 -0.171154 0.251776 0.276108 0.927563 0.473911 0.132142 0.0412215 0.990373 0.379047 -0.98874 0.0762751 0.128749 -0.493489 -0.0702336 -0.996234 0.0508364 0.412899 
1535386001222 0.216654 0.919883 -0.326919 -0.487884 -0.943626 0.283168 0.171422 -0.178198 0.250261 0.27135 0.929375 0.463863 0.134359 0.025831 0.990596 0.379983 -0.98783 0.082534 0.131831 -0.492334 -0.0783525 -0.996253 0.0366058 0.415439 
1535386002125 0.219921 0.920723 -0.322342 -0.503693 -0.943276 0.284958 0.170383 -0.185246 0.248729 0.266587 0.931164 0.453813 0.13645 0.0104217 0.990592 0.380919 -0.986863 0.0887401 0.135002 -0.491179 -0.0864983 -0.996 0.0223933 0.417979 
1535386003019 0.223179 0.921533 -0.317754 -0.519502 -0.942918 0.286752 0.169351 -0.192293 0.247179 0.26182 0.932927 0.443763 0.138413 -0.00500271 0.990362 0.381856 -0.98584 0.0948918 0.13826 -0.490024 -0.0946689 -0.995475 0.00820238 0.420519 
1535386003960 0.226428 0.922315 -0.313154 -0.535311 -0.942552 0.288549 0.16833 -0.199341 0.245613 0.257049 0.934666 0.433712 0.140248 -0.0204378 0.989905 0.382792 -0.984759 0.100987 0.141604 -0.488869 -0.102862 -0.994678 -0.00596307 0.423059 
1535386004923 0.229668 0.923068 -0.308542 -0.551121 -0.94218 0.29035 0.167316 -0.206389 0.244029 0.252275 0.93638 0.423662 0.141955 -0.0358793 0.989223 0.383728 -0.983621 0.107025 0.145033 -0.487714 -0.111075 -0.993609 -0.0200989 0.425599 
1535386005873 0.232898 0.923792 -0.30392 -0.56693 -0.9418 0.292154 0.166312 -0.213437 0.242429 0.247498 0.938069 0.413612 0.143534 -0.0513228 0.988314 0.384664 -0.982428 0.113002 0.148547 -0.486558 -0.119305 -0.992268 -0.0342013 0.428139 
1535386006843 0.23612 0.924486 -0.299287 -0.58274 -0.941412 0.293961 0.165316 -0.220485 0.240811 0.242718 0.939733 0.403562 0.144983 -0.066764 0.987179 0.3856 -0.981178 0.118918 0.152144 -0.485403 -0.127552 -0.990657 -0.0482662 0.430679 
1535386007817 0.239332 0.925152 -0.294643 -0.59855 -0.941018 0.295772 0.164329 -0.227533 0.239177 0.237935 0.941372 0.393512 0.146302 -0.0821986 0.985819 0.386537 -0.979873 0.124772 0.155824 -0.484248 -0.135811 -0.988775 -0.0622898 0.433219 
1535386008836 0.242534 0.925788 -0.289989 -0.614358 -0.940616 0.297586 0.163351 -0.23458 0.237525 0.23315 0.942986 0.383462 0.147492 -0.0976222 0.984234 0.387473 -0.978513 0.13056 0.159585 -0.483093 -0.144081 -0.986623 -0.076268 0.435759 
1535386009932 0.243249 0.925487 -0.29035 -0.614153 -0.940484 0.29828 0.162845 -0.234753 0.237317 0.233458 0.942962 0.383708 0.147018 -0.0963275 0.984432 0.387329 -0.978647 0.130374 0.158911 -0.483233 -0.143652 -0.986774 -0.0751033 0.435772 
1535386010066 0.243497 0.925579 -0.289849 -0.61575 -0.940457 0.298392 0.162799 -0.235438 0.237172 0.232949 0.943125 0.382679 0.150072 -0.0967327 0.983931 0.387352 -0.979267 0.122422 0.161397 -0.483584 -0.136067 -0.987753 -0.0763549 0.436095 
1535386010479 0.243745 0.925671 -0.289346 -0.617353 -0.940429 0.298504 0.162752 -0.236126 0.237026 0.232439 0.943287 0.381649 0.153129 -0.0971137 0.983423 0.387376 -0.979819 0.11446 0.163871 -0.483936 -0.128477 -0.98867 -0.0776266 0.436417 
1535386010834 0.243993 0.925763 -0.288844 -0.618954 -0.940402 0.298616 0.162706 -0.236814 0.236881 0.23193 0.943449 0.38062 0.156187 -0.0974698 0.982907 0.387399 -0.980303 0.10649 0.166333 -0.484288 -0.120883 -0.989525 -0.0789175 0.43674 
1535386011212 0.244241 0.925854 -0.288341 -0.620556 -0.940374 0.298728 0.16266 -0.237502 0.236735 0.23142 0.943611 0.37959 0.159247 -0.0978011 0.982383 0.387423 -0.980718 0.0985132 0.168784 -0.48464 -0.113285 -0.990318 -0.0802273 0.437062 
1535386011558 0.244488 0.925945 -0.287838 -0.622159 -0.940346 0.298841 0.162613 -0.238189 0.236589 0.230911 0.943772 0.37856 0.162307 -0.0981074 0.981851 0.387446 -0.981064 0.0905291 0.171223 -0.484992 -0.105684 -0.99105 -0.0815562 0.437385 
1535386011921 0.244736 0.926036 -0.287336 -0.623759 -0.940319 0.298953 0.162567 -0.238877 0.236443 0.230401 0.943933 0.377531 0.16537 -0.0983889 0.981312 0.38747 -0.981342 0.0825385 0.17365 -0.485344 -0.0980813 -0.991719 -0.0829038 0.437708 
1535386012291 0.244984 0.926126 -0.286833 -0.625362 -0.940291 0.299065 0.162521 -0.239565 0.236297 0.229891 0.944094 0.376501 0.168432 -0.0986454 0.980765 0.387493 -0.981552 0.0745423 0.176065 -0.485696 -0.0904764 -0.992327 -0.0842702 0.43803 
1535386012674 0.245231 0.926217 -0.28633 -0.626965 -0.940263 0.299177 0.162475 -0.240253 0.23615 0.229381 0.944255 0.375471 0.171496 -0.0988769 0.98021 0.387517 -0.981693 0.0665407 0.178467 -0.486048 -0.0828702 -0.992872 -0.0856553 0.438353 
1535386013015 0.245479 0.926306 -0.285827 -0.628566 -0.940235 0.29929 0.162429 -0.24094 0.236004 0.228872 0.944415 0.374442 0.17456 -0.0990834 0.979649 0.38754 -0.981766 0.0585345 0.180857 -0.4864 -0.0752632 -0.993356 -0.087059 0.438675 
1535386013394 0.245951 0.926029 -0.286318 -0.628337 -0.940074 0.299863 0.162303 -0.241071 0.236154 0.229242 0.944288 0.374543 0.174111 -0.0991201 0.979725 0.387491 -0.981738 0.0599731 0.180536 -0.486281 -0.0766518 -0.993267 -0.086868 0.438614 
1535386013407 0.245599 0.925908 -0.287011 -0.628574 -0.940093 0.29972 0.162457 -0.241247 0.236444 0.229918 0.944051 0.374492 0.176064 -0.0993209 0.979355 0.38759 -0.98171 0.0554935 0.182115 -0.486459 -0.0724357 -0.993507 -0.087734 0.438791 
1535386013645 0.245246 0.925787 -0.287702 -0.628812 -0.940113 0.299575 0.162613 -0.241424 0.236734 0.230592 0.943814 0.374441 0.178018 -0.0995126 0.978983 0.387689 -0.98166 0.0510118 0.18369 -0.48664 -0.0682191 -0.993728 -0.0886065 0.438969 
1535386013894 0.244893 0.925665 -0.288394 -0.629051 -0.940132 0.299431 0.162769 -0.241602 0.237023 0.231267 0.943576 0.37439 0.179973 -0.0996954 0.978606 0.38779 -0.981587 0.0465287 0.185261 -0.486822 -0.064003 -0.99393 -0.0894858 0.439146 
1535386014150 0.244539 0.925543 -0.289085 -0.62929 -0.940151 0.299287 0.162924 -0.24178 0.237313 0.231942 0.943337 0.374339 0.181928 -0.0998693 0.978227 0.38789 -0.981492 0.0420445 0.186828 -0.487004 -0.0597875 -0.994112 -0.0903718 0.439324 
1535386014421 0.244186 0.925421 -0.289776 -0.62953 -0.94017 0.299142 0.16308 -0.241957 0.237602 0.232617 0.943099 0.374287 0.183884 -0.100034 0.977844 0.38799 -0.981376 0.0375592 0.18839 -0.487187 -0.0555725 -0.994275 -0.0912646 0.439502 
1535386014671 0.243832 0.925297 -0.290467 -0.629769 -0.940188 0.298998 0.163236 -0.242135 0.237891 0.233292 0.942859 0.374236 0.185839 -0.10019 0.977459 0.38809 -0.981237 0.0330729 0.189948 -0.487368 -0.0513583 -0.994418 -0.092164 0.439679 
1535386014948 0.243477 0.925174 -0.291157 -0.630009 -0.940207 0.298854 0.163392 -0.242313 0.238179 0.233966 0.942619 0.374185 0.187795 -0.100337 0.97707 0.38819 -0.981076 0.0285857 0.191501 -0.487551 -0.0471448 -0.994543 -0.0930701 0.439857 
1535386015210 0.243123 0.925049 -0.291848 -0.630248 -0.940226 0.29871 0.163548 -0.24249 0.238468 0.234641 0.942378 0.374134 0.18975 -0.100475 0.976678 0.38829 -0.980893 0.0240978 0.193048 -0.487732 -0.0429323 -0.994648 -0.0939829 0.440034 
1535386015480 0.242768 0.924924 -0.292538 -0.630487 -0.940244 0.298566 0.163704 -0.242668 0.238756 0.235315 0.942137 0.374082 0.191706 -0.100604 0.976283 0.38839 -0.980688 0.0196092 0.194592 -0.487914 -0.0387208 -0.994733 -0.0949023 0.440212 
1535386015755 0.24303 0.925078 -0.291834 -0.630275 -0.940236 0.298633 0.16363 -0.242458 0.238522 0.234626 0.942368 0.374165 0.191228 -0.100685 0.976368 0.38831 -0.98073 0.0209335 0.194241 -0.487826 -0.039996 -0.994698 -0.0947419 0.440156 
1535386015770 0.242364 0.925245 -0.291858 -0.630279 -0.940399 0.298011 0.163828 -0.242558 0.238558 0.234757 0.942327 0.374249 0.191965 -0.10113 0.976177 0.38833 -0.980657 0.0189624 0.194811 -0.487894 -0.0382119 -0.994693 -0.0955335 0.440263 
1535386015785 0.241696 0.925413 -0.291881 -0.630286 -0.940561 0.297388 0.164028 -0.242659 0.238595 0.234888 0.942285 0.374331 0.192706 -0.101572 0.975985 0.388352 -0.98058 0.0169908 0.195381 -0.487968 -0.0364281 -0.994683 -0.0963256 0.44037 
1535386015983 0.241028 0.925579 -0.291905 -0.630293 -0.940723 0.296764 0.164227 -0.24276 0.238632 0.235018 0.942243 0.374414 0.193446 -0.102013 0.975793 0.388373 -0.980499 0.0150189 0.195949 -0.488041 -0.0346448 -0.99467 -0.0971188 0.440478 
1535386016170 0.240359 0.925746 -0.291928 -0.6303 -0.940885 0.296141 0.164427 -0.242862 0.238669 0.235149 0.942201 0.374497 0.194188 -0.102453 0.9756 0.388395 -0.980414 0.0130467 0.196516 -0.488115 -0.032862 -0.994652 -0.0979129 0.440585 
1535386016364 0.239691 0.925912 -0.291951 -0.630307 -0.941046 0.295518 0.164626 -0.242962 0.238706 0.23528 0.942158 0.37458 0.19493 -0.102891 0.975405 0.388417 -0.980325 0.0110742 0.197081 -0.488187 -0.0310797 -0.994631 -0.0987081 0.440693 
1535386016549 0.239023 0.926077 -0.291974 -0.630315 -0.941207 0.294894 0.164826 -0.243064 0.238743 0.235411 0.942116 0.374663 0.195673 -0.103328 0.975211 0.388439 -0.980232 0.0091013 0.197644 -0.488261 -0.0292978 -0.994606 -0.0995042 0.4408 
1535386016722 0.238354 0.926242 -0.291997 -0.630321 -0.941367 0.29427 0.165026 -0.243165 0.23878 0.235542 0.942074 0.374746 0.196416 -0.103763 0.975015 0.38846 -0.980134 0.00712823 0.198206 -0.488333 -0.0275165 -0.994577 -0.100301 0.440907 
1535386016878 0.237686 0.926407 -0.29202 -0.63033 -0.941527 0.293647 0.165225 -0.243267 0.238816 0.235673 0.942032 0.374828 0.197161 -0.104196 0.974818 0.388482 -0.980033 0.0051548 0.198766 -0.488407 -0.0257357 -0.994543 -0.101099 0.441015 
1535386017050 0.237017 0.926571 -0.292042 -0.630337 -0.941686 0.293023 0.165425 -0.243368 0.238853 0.235804 0.94199 0.374911 0.197905 -0.104628 0.974621 0.388504 -0.979928 0.00318117 0.199324 -0.48848 -0.0239554 -0.994506 -0.101899 0.441122 
1535386017258 0.237668 0.926432 -0.291955 -0.630318 -0.941566 0.293584 0.165113 -0.243251 0.238679 0.235653 0.942072 0.374832 0.197212 -0.104195 0.974808 0.388456 -0.980034 0.00473525 0.198776 -0.488498 -0.0253275 -0.994546 -0.101181 0.441063 
1535386017271 0.237405 0.926606 -0.291617 -0.630299 -0.941688 0.293219 0.165067 -0.243329 0.238459 0.235424 0.942185 0.374838 0.197216 -0.104774 0.974745 0.38847 -0.980036 0.00448424 0.198769 -0.488531 -0.0251968 -0.994486 -0.101798 0.44112 
1535386017296 0.237143 0.92678 -0.291277 -0.630286 -0.94181 0.292853 0.165021 -0.24341 0.238239 0.235194 0.942298 0.374843 0.197222 -0.105353 0.974682 0.388484 -0.980038 0.00423249 0.198763 -0.488565 -0.0250656 -0.994426 -0.102415 0.441177 
1535386017434 0.23688 0.926954 -0.290936 -0.630273 -0.941931 0.292487 0.164975 -0.243491 0.23802 0.234963 0.942411 0.374848 0.197227 -0.105932 0.974618 0.388498 -0.980041 0.00398076 0.198757 -0.488599 -0.0249344 -0.994365 -0.103032 0.441234 
1535386017483 0.236618 0.927128 -0.290596 -0.63026 -0.942053 0.292122 0.164929 -0.243572 0.2378 0.234732 0.942524 0.374853 0.197233 -0.10651 0.974554 0.388512 -0.980043 0.003729 0.198751 -0.488633 -0.0248032 -0.994305 -0.103649 0.441291 
1535386017585 0.236355 0.927301 -0.290256 -0.630246 -0.942174 0.291756 0.164883 -0.243652 0.237581 0.234501 0.942637 0.374858 0.197239 -0.107089 0.974489 0.388526 -0.980045 0.00347722 0.198746 -0.488667 -0.0246719 -0.994243 -0.104266 0.441348 
1535386017655 0.236092 0.927475 -0.289916 -0.630233 -0.942295 0.291391 0.164837 -0.243733 0.237361 0.23427 0.94275 0.374863 0.197244 -0.107667 0.974424 0.38854 -0.980047 0.00322551 0.198739 -0.488701 -0.0245407 -0.994182 -0.104883 0.441406 
1535386017720 0.235829 0.927648 -0.289576 -0.630219 -0.942416 0.291025 0.164791 -0.243814 0.237142 0.234039 0.942862 0.374868 0.19725 -0.108246 0.974359 0.388554 -0.980049 0.00297378 0.198732 -0.488735 -0.0244095 -0.99412 -0.1055 0.441463 
1535386017789 0.235566 0.927821 -0.289236 -0.630206 -0.942537 0.290659 0.164744 -0.243895 0.236922 0.233807 0.942975 0.374873 0.197256 -0.108824 0.974293 0.388569 -0.980051 0.00272201 0.198726 -0.48877 -0.0242783 -0.994057 -0.106117 0.44152 
1535386017859 0.235303 0.927993 -0.288896 -0.630192 -0.942658 0.290294 0.164698 -0.243976 0.236703 0.233576 0.943087 0.374878 0.197262 -0.109403 0.974227 0.388583 -0.980053 0.00247029 0.198719 -0.488803 -0.0241471 -0.993994 -0.106733 0.441577 
1535386017972 0.235732 0.927635 -0.289695 -0.630225 -0.942444 0.290951 0.164766 -0.243824 0.23713 0.23418 0.94283 0.374803 0.197167 -0.108338 0.974365 0.388507 -0.980068 0.00287023 0.198641 -0.488806 -0.0243169 -0.99411 -0.105612 0.441508 
1535386017992 0.236009 0.927619 -0.289521 -0.630171 -0.942418 0.29114 0.164575 -0.24383 0.236955 0.234009 0.942917 0.374789 0.196885 -0.108718 0.97438 0.388519 -0.980125 0.0028185 0.19836 -0.488839 -0.0243116 -0.994069 -0.106002 0.44153 
1535386017999 0.236286 0.927603 -0.289348 -0.630113 -0.942393 0.29133 0.164384 -0.243835 0.236779 0.233837 0.943004 0.374776 0.196601 -0.109098 0.974395 0.38853 -0.980182 0.00276684 0.198078 -0.48887 -0.024306 -0.994027 -0.106392 0.441552 
1535386018117 0.236563 0.927586 -0.289174 -0.630054 -0.942367 0.29152 0.164193 -0.243839 0.236604 0.233666 0.94309 0.374763 0.196317 -0.109478 0.97441 0.388542 -0.980239 0.00271542 0.197796 -0.488901 -0.0243003 -0.993985 -0.106782 0.441574 
1535386018159 0.236841 0.92757 -0.289 -0.629995 -0.942342 0.291711 0.164002 -0.243843 0.236428 0.233495 0.943177 0.37475 0.196032 -0.109858 0.974424 0.388553 -0.980296 0.00266412 0.197514 -0.488932 -0.0242946 -0.993944 -0.107172 0.441597 
1535386018237 0.237118 0.927553 -0.288827 -0.629936 -0.942316 0.291901 0.163811 -0.243847 0.236252 0.233323 0.943263 0.374737 0.195747 -0.110239 0.974439 0.388564 -0.980354 0.00261302 0.197231 -0.488963 -0.0242887 -0.993902 -0.107561 0.441619 
1535386018293 0.237396 0.927536 -0.288653 -0.629877 -0.94229 0.292091 0.16362 -0.243851 0.236077 0.233152 0.943349 0.374725 0.195463 -0.110619 0.974453 0.388576 -0.98041 0.00256192 0.196949 -0.488994 -0.0242827 -0.99386 -0.107951 0.441641 
1535386018348 0.237673 0.927519 -0.288479 -0.629819 -0.942265 0.292281 0.163429 -0.243855 0.235901 0.232981 0.943436 0.374712 0.195179 -0.110999 0.974466 0.388587 -0.980467 0.0025109 0.196667 -0.489025 -0.0242766 -0.993817 -0.108341 0.441663 
1535386018430 0.23795 0.927502 -0.288305 -0.629759 -0.942239 0.292472 0.163238 -0.243859 0.235725 0.23281 0.943522 0.374699 0.194895 -0.111379 0.97448 0.388599 -0.980524 0.00245996 0.196385 -0.489056 -0.0242703 -0.993775 -0.10873 0.441685 
1535386018474 0.238227 0.927485 -0.288131 -0.629701 -0.942213 0.292662 0.163048 -0.243863 0.235549 0.232639 0.943608 0.374686 0.19461 -0.111759 0.974493 0.38861 -0.980581 0.00240923 0.196102 -0.489087 -0.024264 -0.993732 -0.10912 0.441707 
1535386018544 0.237485 0.927555 -0.288517 -0.629864 -0.942278 0.292143 0.163601 -0.243848 0.236037 0.23301 0.943394 0.374784 0.195525 -0.110901 0.974408 0.388641 -0.980401 0.00236679 0.196997 -0.48892 -0.0241535 -0.993829 -0.108265 0.441663 
1535386018559 0.238147 0.927435 -0.288359 -0.629652 -0.942126 0.292732 0.163424 -0.243757 0.235977 0.232752 0.943473 0.374837 0.195504 -0.112031 0.974283 0.388698 -0.980389 0.00281877 0.197053 -0.489037 -0.0248223 -0.993701 -0.109283 0.441748 
1535386018576 0.238811 0.927313 -0.288202 -0.629433 -0.941973 0.293322 0.163246 -0.243663 0.235916 0.232494 0.943552 0.374891 0.195482 -0.113159 0.974157 0.388755 -0.980376 0.00327076 0.19711 -0.489155 -0.0254911 -0.993571 -0.110299 0.441833 
1535386018768 0.239474 0.927191 -0.288045 -0.629215 -0.94182 0.293912 0.163069 -0.24357 0.235856 0.232235 0.943631 0.374945 0.195459 -0.114288 0.97403 0.388811 -0.980363 0.00372267 0.197167 -0.489273 -0.0261598 -0.993441 -0.111316 0.441918 
1535386018888 0.240138 0.927068 -0.287887 -0.628997 -0.941666 0.294502 0.162892 -0.243477 0.235795 0.231977 0.943709 0.374999 0.195436 -0.115417 0.973901 0.388868 -0.980349 0.0041745 0.197224 -0.48939 -0.0268285 -0.993308 -0.112333 0.442003 
1535386019021 0.240801 0.926945 -0.287729 -0.628781 -0.941512 0.295092 0.162715 -0.243384 0.235734 0.231718 0.943788 0.375052 0.195411 -0.116545 0.973772 0.388925 -0.980336 0.0046263 0.197282 -0.489508 -0.0274972 -0.993175 -0.113349 0.442087 
1535386019175 0.241464 0.926821 -0.287571 -0.628562 -0.941357 0.295682 0.162538 -0.24329 0.235673 0.23146 0.943867 0.375106 0.195387 -0.117673 0.973641 0.388982 -0.980322 0.00507798 0.197341 -0.489626 -0.0281658 -0.993039 -0.114365 0.442172 
1535386019292 0.242127 0.926698 -0.287413 -0.628345 -0.941202 0.296272 0.162361 -0.243197 0.235612 0.231202 0.943945 0.37516 0.195361 -0.118801 0.973509 0.389039 -0.980307 0.00552964 0.1974 -0.489743 -0.0288345 -0.992903 -0.115381 0.442257 
1535386019455 0.24279 0.926573 -0.287255 -0.628126 -0.941047 0.296862 0.162184 -0.243103 0.235551 0.230944 0.944024 0.375214 0.195334 -0.119929 0.973376 0.389096 -0.980293 0.00598123 0.197459 -0.489861 -0.029503 -0.992764 -0.116397 0.442342 
1535386019580 0.243452 0.926448 -0.287097 -0.627909 -0.940891 0.297452 0.162008 -0.24301 0.235489 0.230686 0.944102 0.375268 0.195307 -0.121057 0.973242 0.389153 -0.980278 0.00643268 0.197519 -0.489979 -0.0301716 -0.992625 -0.117413 0.442427 
1535386019756 0.242748 0.926618 -0.287145 -0.62812 -0.941051 0.29681 0.162258 -0.242994 0.235578 0.230831 0.944045 0.375223 0.195548 -0.120053 0.973318 0.389142 -0.980247 0.00604747 0.197686 -0.48979 -0.029619 -0.992749 -0.116499 0.4423 
1535386019770 0.242936 0.926585 -0.287091 -0.627772 -0.940998 0.296985 0.162245 -0.242885 0.235595 0.230737 0.944063 0.375343 0.19581 -0.120646 0.973192 0.389179 -0.98019 0.00603967 0.197966 -0.489944 -0.0297615 -0.992677 -0.117073 0.442338 
1535386019794 0.243126 0.926552 -0.287037 -0.627418 -0.940945 0.29716 0.16223 -0.242773 0.235611 0.230644 0.944082 0.375463 0.196071 -0.121238 0.973066 0.389217 -0.980134 0.00603181 0.198247 -0.490099 -0.0299044 -0.992605 -0.117647 0.442376 
1535386019997 0.243316 0.926519 -0.286983 -0.627063 -0.940892 0.297335 0.162216 -0.24266 0.235627 0.230551 0.944101 0.375584 0.196333 -0.12183 0.972939 0.389255 -0.980077 0.00602374 0.198527 -0.490254 -0.0300474 -0.992533 -0.11822 0.442414 
1535386020155 0.243505 0.926486 -0.28693 -0.62671 -0.940839 0.297511 0.162202 -0.242548 0.235642 0.230458 0.94412 0.375705 0.196595 -0.122423 0.972812 0.389293 -0.98002 0.00601547 0.198808 -0.490409 -0.0301906 -0.99246 -0.118794 0.442452 
1535386020323 0.243695 0.926453 -0.286875 -0.626357 -0.940786 0.297686 0.162188 -0.242436 0.235658 0.230364 0.944139 0.375825 0.196856 -0.123015 0.972684 0.389331 -0.979963 0.006007 0.199089 -0.490563 -0.0303339 -0.992387 -0.119368 0.44249 
1535386020490 0.243884 0.92642 -0.286822 -0.626002 -0.940733 0.297861 0.162173 -0.242324 0.235674 0.230271 0.944157 0.375946 0.197118 -0.123607 0.972556 0.389369 -0.979906 0.00599843 0.19937 -0.490718 -0.0304773 -0.992313 -0.119941 0.442528 
1535386020663 0.244074 0.926387 -0.286768 -0.625649 -0.94068 0.298037 0.162159 -0.242212 0.235689 0.230178 0.944176 0.376066 0.197379 -0.124199 0.972428 0.389407 -0.979849 0.00598961 0.199651 -0.490873 -0.0306209 -0.992239 -0.120514 0.442566 
1535386020828 0.244263 0.926353 -0.286714 -0.625295 -0.940627 0.298212 0.162145 -0.242099 0.235705 0.230085 0.944195 0.376187 0.19764 -0.124792 0.972299 0.389445 -0.979792 0.0059807 0.199931 -0.491028 -0.0307647 -0.992165 -0.121088 0.442604 
1535386020999 0.244453 0.92632 -0.28666 -0.624942 -0.940574 0.298387 0.162131 -0.241988 0.235721 0.229992 0.944214 0.376307 0.197901 -0.125384 0.97217 0.389483 -0.979734 0.00597159 0.200212 -0.491183 -0.0309086 -0.99209 -0.121661 0.442642 
1535386021191 0.244527 0.92627 -0.286759 -0.625149 -0.94054 0.29849 0.162138 -0.242099 0.235778 0.230061 0.944182 0.376202 0.197637 -0.124694 0.972312 0.389419 -0.979793 0.00598317 0.199925 -0.491005 -0.0307469 -0.992177 -0.120991 0.442566 
1535386021203 0.244545 0.926251 -0.286804 -0.62468 -0.940459 0.298589 0.162423 -0.241905 0.236081 0.230007 0.94412 0.376344 0.197958 -0.124918 0.972218 0.389476 -0.979767 0.00460872 0.200087 -0.491115 -0.0294751 -0.992156 -0.121478 0.442581 
1535386021372 0.244562 0.926232 -0.28685 -0.624207 -0.940379 0.298687 0.162707 -0.241708 0.236383 0.229956 0.944057 0.376487 0.19828 -0.125141 0.972124 0.389534 -0.97974 0.00323455 0.200249 -0.491226 -0.0282037 -0.992134 -0.121964 0.442597 
1535386021565 0.24458 0.926213 -0.286897 -0.623734 -0.940298 0.298786 0.162992 -0.241512 0.236686 0.229904 0.943994 0.37663 0.198602 -0.125363 0.97203 0.389591 -0.97971 0.00186029 0.200411 -0.491337 -0.0269323 -0.992109 -0.12245 0.442612 
1535386021766 0.244598 0.926194 -0.286943 -0.62326 -0.940217 0.298885 0.163276 -0.241315 0.236988 0.229852 0.94393 0.376773 0.198924 -0.125585 0.971935 0.389649 -0.979679 0.000485979 0.200572 -0.491448 -0.0256611 -0.992083 -0.122936 0.442627 
1535386021956 0.244615 0.926175 -0.28699 -0.622786 -0.940136 0.298984 0.16356 -0.241118 0.237291 0.2298 0.943867 0.376916 0.199247 -0.125806 0.97184 0.389706 -0.979646 -0.000888378 0.200732 -0.491559 -0.02439 -0.992054 -0.123423 0.442642 
1535386022157 0.244633 0.926156 -0.287037 -0.622311 -0.940055 0.299083 0.163845 -0.240921 0.237594 0.229749 0.943803 0.377059 0.19957 -0.126027 0.971745 0.389764 -0.979611 -0.00226272 0.200892 -0.49167 -0.023119 -0.992024 -0.123909 0.442658 
1535386022353 0.24465 0.926137 -0.287083 -0.621838 -0.939974 0.299182 0.164129 -0.240725 0.237896 0.229696 0.94374 0.377202 0.199893 -0.126248 0.97165 0.389821 -0.979574 -0.0036371 0.20105 -0.491781 -0.0218481 -0.991992 -0.124396 0.442673 
1535386022556 0.244668 0.926118 -0.287129 -0.621365 -0.939893 0.299281 0.164413 -0.240529 0.238198 0.229644 0.943676 0.377345 0.200217 -0.126468 0.971555 0.389879 -0.979536 -0.00501158 0.201209 -0.491892 -0.0205774 -0.991958 -0.124883 0.442688 
1535386022739 0.244685 0.926099 -0.287176 -0.620891 -0.939812 0.29938 0.164697 -0.240332 0.238501 0.229593 0.943612 0.377488 0.20054 -0.126687 0.97146 0.389936 -0.979495 -0.00638602 0.201366 -0.492003 -0.0193068 -0.991922 -0.12537 0.442704 
1535386022953 0.244718 0.926121 -0.287077 -0.621092 -0.939827 0.299371 0.164626 -0.240437 0.238406 0.229516 0.943655 0.377446 0.200131 -0.126362 0.971586 0.389842 -0.979545 -0.00459928 0.201172 -0.491846 -0.0209519 -0.991974 -0.124698 0.442674 
1535386022969 0.244735 0.926032 -0.28735 -0.620696 -0.939842 0.299417 0.164458 -0.240242 0.238331 0.229815 0.943601 0.377599 0.200244 -0.126423 0.971555 0.389901 -0.97953 -0.00500668 0.201236 -0.491924 -0.0205766 -0.991964 -0.124838 0.442637 
1535386023130 0.244752 0.925942 -0.287625 -0.620295 -0.939857 0.299463 0.164289 -0.240044 0.238255 0.230116 0.943547 0.377754 0.200357 -0.126484 0.971524 0.389961 -0.979515 -0.00541516 0.2013 -0.492002 -0.0202004 -0.991954 -0.124978 0.4426 
1535386023321 0.244769 0.925852 -0.287899 -0.619895 -0.939872 0.299509 0.16412 -0.239846 0.238179 0.230417 0.943493 0.377908 0.200471 -0.126546 0.971492 0.39002 -0.979499 -0.00582362 0.201365 -0.492081 -0.0198242 -0.991944 -0.125119 0.442563 
1535386023512 0.244786 0.925762 -0.288173 -0.619494 -0.939886 0.299556 0.163951 -0.239649 0.238104 0.230717 0.943438 0.378063 0.200585 -0.126607 0.971461 0.390079 -0.979483 -0.00623211 0.201429 -0.492159 -0.019448 -0.991933 -0.125259 0.442526 
1535386023699 0.244803 0.925672 -0.288448 -0.619093 -0.939901 0.299602 0.163782 -0.239451 0.238028 0.231018 0.943384 0.378217 0.200698 -0.126668 0.97143 0.390139 -0.979467 -0.00664054 0.201493 -0.492238 -0.0190719 -0.991923 -0.1254 0.442488 
1535386023889 0.24482 0.925582 -0.288722 -0.618693 -0.939916 0.299648 0.163613 -0.239253 0.237952 0.231319 0.943329 0.378371 0.200812 -0.126729 0.971398 0.390198 -0.979451 -0.00704906 0.201557 -0.492316 -0.0186958 -0.991912 -0.12554 0.442451 
1535386024070 0.244837 0.925492 -0.288997 -0.618291 -0.939931 0.299695 0.163444 -0.239055 0.237877 0.23162 0.943275 0.378526 0.200926 -0.12679 0.971367 0.390258 -0.979435 -0.00745751 0.201621 -0.492395 -0.0183196 -0.991902 -0.125681 0.442414 
1535386024262 0.244855 0.925402 -0.289271 -0.617891 -0.939945 0.299741 0.163275 -0.238858 0.237801 0.23192 0.94322 0.37868 0.20104 -0.126851 0.971335 0.390317 -0.979419 -0.00786597 0.201685 -0.492473 -0.0179435 -0.991891 -0.125822 0.442377 
1535386024453 0.244872 0.925312 -0.289545 -0.617491 -0.93996 0.299787 0.163106 -0.23866 0.237725 0.232221 0.943165 0.378835 0.201154 -0.126912 0.971304 0.390376 -0.979402 -0.0082745 0.20175 -0.492551 -0.0175674 -0.991879 -0.125962 0.44234 
1535386024665 0.244767 0.925385 -0.289398 -0.617686 -0.93998 0.299668 0.163208 -0.238711 0.237754 0.23208 0.943192 0.378731 0.200993 -0.126748 0.971358 0.390328 -0.979426 -0.0077075 0.201657 -0.492462 -0.0180729 -0.991905 -0.125689 0.442392 
1535386024685 0.244849 0.925301 -0.289596 -0.617384 -0.939862 0.299876 0.163507 -0.238604 0.238136 0.232146 0.94308 0.378822 0.200799 -0.126187 0.971471 0.390353 -0.979445 -0.00645321 0.201609 -0.492521 -0.0191713 -0.991985 -0.124889 0.442229 
1535386024700 0.244931 0.925217 -0.289796 -0.617078 -0.939744 0.300083 0.163805 -0.238495 0.238518 0.232213 0.942967 0.378915 0.200605 -0.125625 0.971584 0.390379 -0.979463 -0.00519968 0.201559 -0.492579 -0.020269 -0.992064 -0.124088 0.442065 
1535386024880 0.245012 0.925133 -0.289995 -0.616772 -0.939625 0.300291 0.164103 -0.238386 0.2389 0.23228 0.942854 0.379007 0.200411 -0.125063 0.971697 0.390404 -0.979479 -0.00394615 0.201508 -0.492638 -0.0213668 -0.992141 -0.123287 0.441902 
1535386025026 0.245094 0.925049 -0.290195 -0.616466 -0.939507 0.300498 0.164401 -0.238277 0.239282 0.232347 0.94274 0.379099 0.200218 -0.124501 0.971809 0.39043 -0.979494 -0.00269262 0.201456 -0.492696 -0.0224647 -0.992216 -0.122487 0.441738 
1535386025190 0.245175 0.924965 -0.290395 -0.616161 -0.939388 0.300706 0.164699 -0.238169 0.239664 0.232413 0.942627 0.379191 0.200025 -0.123938 0.971921 0.390455 -0.979507 -0.00143903 0.201403 -0.492755 -0.0235628 -0.992289 -0.121686 0.441575 
1535386025333 0.245256 0.924881 -0.290594 -0.615854 -0.93927 0.300913 0.164997 -0.238059 0.240046 0.23248 0.942513 0.379284 0.199833 -0.123375 0.972031 0.39048 -0.979519 -0.000185651 0.201349 -0.492814 -0.024661 -0.99236 -0.120885 0.441411 
1535386025479 0.245337 0.924796 -0.290794 -0.615548 -0.939151 0.301121 0.165294 -0.237951 0.240428 0.232546 0.942399 0.379376 0.199642 -0.122812 0.972142 0.390506 -0.97953 0.00106789 0.201294 -0.492872 -0.0257593 -0.992429 -0.120084 0.441248 
1535386025626 0.245419 0.924712 -0.290994 -0.615241 -0.939032 0.301328 0.165592 -0.237841 0.240809 0.232613 0.942286 0.379469 0.199451 -0.122248 0.972252 0.390531 -0.97954 0.00232127 0.201238 -0.492931 -0.0268578 -0.992497 -0.119284 0.441084 
1535386025762 0.2455 0.924628 -0.291193 -0.614936 -0.938913 0.301536 0.165889 -0.237732 0.241191 0.232679 0.942172 0.379561 0.199262 -0.121684 0.972362 0.390557 -0.979547 0.00357456 0.201181 -0.492989 -0.0279564 -0.992562 -0.118483 0.440921 
1535386025921 0.245176 0.924788 -0.290956 -0.615186 -0.939096 0.301089 0.165661 -0.237707 0.240805 0.232619 0.942285 0.379443 0.199542 -0.122356 0.97222 0.390503 -0.979532 0.00187027 0.201278 -0.492903 -0.0264458 -0.992485 -0.119478 0.441168 
1535386025938 0.245344 0.924712 -0.291056 -0.614915 -0.939035 0.301284 0.165653 -0.237607 0.240871 0.23267 0.942256 0.379523 0.199318 -0.121819 0.972334 0.390509 -0.979549 0.00308586 0.201183 -0.49298 -0.0275084 -0.992548 -0.118713 0.441042 
1535386025954 0.245512 0.924636 -0.291156 -0.614639 -0.938974 0.301479 0.165644 -0.237504 0.240938 0.232721 0.942226 0.379605 0.199095 -0.121282 0.972446 0.390515 -0.979564 0.00430215 0.201089 -0.493057 -0.028572 -0.992609 -0.117947 0.440917 
1535386026126 0.245681 0.92456 -0.291257 -0.614361 -0.938913 0.301674 0.165635 -0.2374 0.241004 0.232772 0.942197 0.379686 0.198873 -0.120744 0.972559 0.390522 -0.979577 0.00551836 0.200993 -0.493135 -0.0296357 -0.992668 -0.117181 0.440791 
1535386026277 0.245849 0.924483 -0.291357 -0.614086 -0.938852 0.301868 0.165627 -0.237298 0.241071 0.232822 0.942167 0.379768 0.198651 -0.120206 0.972671 0.390528 -0.979589 0.00673455 0.200896 -0.493212 -0.0306994 -0.992726 -0.116415 0.440666 
1535386026400 0.246017 0.924407 -0.291458 -0.613809 -0.938791 0.302063 0.165618 -0.237194 0.241137 0.232873 0.942137 0.379849 0.198429 -0.119668 0.972782 0.390534 -0.9796 0.00795076 0.200798 -0.493289 -0.0317634 -0.992782 -0.115649 0.44054 
1535386026526 0.246185 0.92433 -0.291558 -0.613532 -0.93873 0.302258 0.165609 -0.237091 0.241204 0.232924 0.942108 0.379931 0.198209 -0.119129 0.972893 0.39054 -0.97961 0.00916675 0.2007 -0.493366 -0.0328274 -0.992836 -0.114883 0.440414 
1535386026648 0.246353 0.924254 -0.291659 -0.613256 -0.938669 0.302453 0.165601 -0.236988 0.24127 0.232975 0.942078 0.380012 0.197988 -0.11859 0.973004 0.390546 -0.979618 0.0103828 0.200599 -0.493444 -0.0338916 -0.992889 -0.114117 0.440289 
1535386026772 0.246521 0.924177 -0.291759 -0.612981 -0.938607 0.302647 0.165592 -0.236886 0.241337 0.233025 0.942049 0.380093 0.197768 -0.118051 0.973114 0.390553 -0.979625 0.0115988 0.200499 -0.493521 -0.034956 -0.99294 -0.113352 0.440163 
1535386026896 0.24669 0.924101 -0.29186 -0.612703 -0.938546 0.302842 0.165583 -0.236782 0.241403 0.233076 0.942019 0.380175 0.19755 -0.117511 0.973224 0.390559 -0.979631 0.0128145 0.200398 -0.493598 -0.0360204 -0.992989 -0.112586 0.440038 
1535386027028 0.24644 0.924167 -0.29186 -0.612922 -0.938608 0.302607 0.16566 -0.236889 0.241416 0.233117 0.942006 0.380103 0.19807 -0.118453 0.973004 0.390597 -0.979575 0.0111767 0.200768 -0.493418 -0.0346567 -0.992897 -0.11382 0.440135 
1535386027050 0.246465 0.924158 -0.291867 -0.612704 -0.938566 0.302668 0.165791 -0.236788 0.241556 0.233075 0.94198 0.380171 0.197914 -0.117961 0.973096 0.390586 -0.979604 0.0113674 0.200615 -0.493489 -0.0347265 -0.992953 -0.113306 0.440076 
1535386027064 0.246491 0.924148 -0.291876 -0.612482 -0.938523 0.302729 0.165923 -0.236684 0.241697 0.233034 0.941954 0.380239 0.197758 -0.11747 0.973187 0.390575 -0.979633 0.0115584 0.200463 -0.493561 -0.0347968 -0.993009 -0.112792 0.440016 
1535386027137 0.246517 0.924139 -0.291885 -0.612259 -0.93848 0.30279 0.166054 -0.23658 0.241837 0.232993 0.941928 0.380308 0.197603 -0.116978 0.973278 0.390564 -0.979662 0.0117492 0.200311 -0.493632 -0.0348672 -0.993065 -0.112277 0.439957 
1535386027254 0.246543 0.924129 -0.291895 -0.612036 -0.938437 0.302851 0.166185 -0.236476 0.241977 0.232953 0.941902 0.380376 0.197447 -0.116486 0.973368 0.390553 -0.979691 0.01194 0.200158 -0.493704 -0.0349377 -0.993121 -0.111763 0.439898 
1535386027337 0.246569 0.924119 -0.291904 -0.611813 -0.938394 0.302913 0.166316 -0.236371 0.242117 0.232912 0.941876 0.380445 0.197292 -0.115994 0.973458 0.390541 -0.97972 0.0121307 0.200006 -0.493775 -0.0350083 -0.993176 -0.111249 0.439838 
1535386027444 0.246595 0.924109 -0.291913 -0.61159 -0.938351 0.302974 0.166447 -0.236267 0.242257 0.232872 0.94185 0.380514 0.197136 -0.115502 0.973548 0.39053 -0.979748 0.0123213 0.199853 -0.493846 -0.0350789 -0.993231 -0.110734 0.439779 
1535386027511 0.246621 0.924099 -0.291922 -0.611368 -0.938308 0.303035 0.166578 -0.236163 0.242397 0.232831 0.941825 0.380582 0.196981 -0.115011 0.973638 0.390519 -0.979777 0.0125119 0.199701 -0.493918 -0.0351497 -0.993285 -0.11022 0.43972 
1535386027630 0.246647 0.92409 -0.291931 -0.611146 -0.938265 0.303096 0.166709 -0.23606 0.242537 0.23279 0.941799 0.380651 0.196826 -0.114518 0.973727 0.390508 -0.979806 0.0127023 0.199548 -0.493989 -0.0352205 -0.99334 -0.109706 0.439661 
1535386027690 0.246673 0.92408 -0.29194 -0.610922 -0.938222 0.303158 0.16684 -0.235955 0.242678 0.232749 0.941772 0.38072 0.19667 -0.114026 0.973817 0.390497 -0.979834 0.0128927 0.199395 -0.494061 -0.0352914 -0.993394 -0.109191 0.439601 
1535386027836 0.246463 0.924167 -0.29184 -0.611157 -0.938338 0.302881 0.16669 -0.236001 0.242443 0.232761 0.94183 0.380632 0.196996 -0.115169 0.973616 0.390499 -0.979774 0.0124893 0.199719 -0.493917 -0.0351611 -0.993267 -0.110379 0.43967 
1535386027851 0.246468 0.924145 -0.291908 -0.61097 -0.938324 0.302909 0.166714 -0.235924 0.24249 0.232815 0.941805 0.380697 0.196912 -0.115334 0.973614 0.390484 -0.979741 0.0138306 0.19979 -0.494005 -0.0365082 -0.99323 -0.110274 0.439674 
1535386028020 0.246472 0.924121 -0.291978 -0.610779 -0.938311 0.302938 0.166737 -0.235846 0.242536 0.23287 0.941779 0.380763 0.19683 -0.115499 0.973611 0.39047 -0.979707 0.0151725 0.199862 -0.494093 -0.0378561 -0.993192 -0.110169 0.439678 
1535386028059 0.246477 0.924098 -0.292048 -0.610588 -0.938298 0.302966 0.16676 -0.235767 0.242583 0.232926 0.941753 0.38083 0.196747 -0.115665 0.973608 0.390455 -0.97967 0.0165143 0.199934 -0.494182 -0.0392038 -0.993151 -0.110064 0.439681 
1535386028212 0.246481 0.924075 -0.292118 -0.610397 -0.938285 0.302994 0.166782 -0.235688 0.242629 0.232981 0.941728 0.380896 0.196665 -0.11583 0.973605 0.390441 -0.979632 0.017856 0.200006 -0.49427 -0.0405515 -0.993109 -0.109959 0.439685 
1535386028259 0.246486 0.924052 -0.292188 -0.610205 -0.938271 0.303023 0.166805 -0.235609 0.242676 0.233036 0.941702 0.380962 0.196582 -0.115995 0.973602 0.390426 -0.979592 0.0191977 0.200079 -0.494358 -0.0418991 -0.993064 -0.109854 0.439689 
1535386028408 0.24649 0.924028 -0.292257 -0.610015 -0.938258 0.303051 0.166828 -0.235531 0.242722 0.233091 0.941676 0.381028 0.196498 -0.11616 0.973599 0.390412 -0.97955 0.0205394 0.20015 -0.494446 -0.0432467 -0.993018 -0.109749 0.439693 
1535386028467 0.246494 0.924005 -0.292327 -0.609823 -0.938245 0.30308 0.16685 -0.235451 0.242769 0.233147 0.941651 0.381095 0.196415 -0.116325 0.973596 0.390397 -0.979506 0.0218811 0.200221 -0.494535 -0.0445941 -0.99297 -0.109644 0.439697 
1535386028611 0.246499 0.923982 -0.292397 -0.609633 -0.938232 0.303108 0.166873 -0.235373 0.242815 0.233202 0.941625 0.381161 0.196331 -0.11649 0.973593 0.390383 -0.979461 0.0232226 0.200293 -0.494623 -0.0459415 -0.99292 -0.109538 0.4397 
1535386028672 0.246503 0.923959 -0.292467 -0.609442 -0.938219 0.303136 0.166896 -0.235294 0.242862 0.233257 0.941599 0.381227 0.196247 -0.116655 0.973591 0.390368 -0.979414 0.0245641 0.200364 -0.494711 -0.0472888 -0.992869 -0.109433 0.439704 
1535386028820 0.246539 0.923948 -0.292471 -0.609607 -0.938187 0.303192 0.16697 -0.235413 0.242946 0.233228 0.941585 0.381196 0.196259 -0.116544 0.973601 0.390377 -0.979475 0.0232288 0.200224 -0.494615 -0.0459504 -0.992914 -0.109593 0.439659 
1535386028835 0.246662 0.923939 -0.292395 -0.609422 -0.938186 0.303266 0.166843 -0.235319 0.242826 0.233167 0.941631 0.381247 0.196314 -0.116349 0.973614 0.390364 -0.979436 0.023857 0.200339 -0.494743 -0.0465368 -0.992922 -0.109273 0.439624 
1535386028851 0.246786 0.92393 -0.292319 -0.609234 -0.938185 0.30334 0.166716 -0.235224 0.242706 0.233106 0.941677 0.3813 0.19637 -0.116154 0.973626 0.390351 -0.979397 0.0244848 0.200455 -0.494873 -0.0471226 -0.992929 -0.108953 0.43959 
1535386028865 0.246909 0.923921 -0.292243 -0.609045 -0.938184 0.303414 0.166588 -0.235128 0.242585 0.233045 0.941723 0.381352 0.196425 -0.115959 0.973638 0.390339 -0.979357 0.0251125 0.20057 -0.495003 -0.0477084 -0.992936 -0.108633 0.439555 
1535386029009 0.247033 0.923912 -0.292167 -0.608856 -0.938182 0.303488 0.166461 -0.235032 0.242464 0.232984 0.941769 0.381404 0.196481 -0.115764 0.97365 0.390326 -0.979318 0.0257403 0.200685 -0.495133 -0.0482942 -0.992943 -0.108312 0.439521 
1535386029067 0.247156 0.923903 -0.29209 -0.608668 -0.938181 0.303562 0.166334 -0.234937 0.242344 0.232923 0.941815 0.381456 0.196537 -0.115569 0.973662 0.390314 -0.979277 0.0263681 0.2008 -0.495263 -0.0488799 -0.992949 -0.107992 0.439486 
1535386029173 0.24728 0.923894 -0.292014 -0.608479 -0.938179 0.303636 0.166206 -0.23484 0.242223 0.232863 0.941862 0.381508 0.196593 -0.115374 0.973674 0.390301 -0.979237 0.0269959 0.200915 -0.495393 -0.0494655 -0.992955 -0.107671 0.439452 
1535386029236 0.247403 0.923885 -0.291938 -0.608291 -0.938178 0.30371 0.166079 -0.234745 0.242102 0.232802 0.941908 0.38156 0.196648 -0.115179 0.973685 0.390288 -0.979196 0.0276238 0.201029 -0.495522 -0.0500512 -0.992961 -0.107351 0.439417 
1535386029346 0.247527 0.923876 -0.291862 -0.608101 -0.938177 0.303784 0.165951 -0.234649 0.241981 0.232741 0.941954 0.381613 0.196704 -0.114984 0.973697 0.390276 -0.979154 0.0282517 0.201143 -0.495652 -0.0506368 -0.992966 -0.10703 0.439383 
1535386029391 0.24765 0.923867 -0.291786 -0.607913 -0.938175 0.303858 0.165824 -0.234553 0.24186 0.23268 0.942 0.381665 0.196761 -0.114789 0.973709 0.390263 -0.979113 0.0288795 0.201257 -0.495782 -0.0512223 -0.99297 -0.106709 0.439348 
1535386029547 0.247402 0.923889 -0.291927 -0.608158 -0.938201 0.303684 0.165994 -0.234618 0.242014 0.232819 0.941926 0.381574 0.196474 -0.115322 0.973704 0.390263 -0.979251 0.0272012 0.200815 -0.495482 -0.0496444 -0.992956 -0.107585 0.439448 
1535386029572 0.247526 0.923917 -0.291732 -0.607831 -0.938147 0.303789 0.166111 -0.234518 0.242098 0.232571 0.941966 0.38166 0.196713 -0.114802 0.973717 0.390258 -0.979336 0.0245536 0.200743 -0.49563 -0.0469539 -0.993085 -0.107599 0.439429 
1535386029813 0.24765 0.923945 -0.291539 -0.607499 -0.938092 0.303893 0.166227 -0.234417 0.242181 0.232324 0.942005 0.381748 0.196953 -0.11428 0.97373 0.390253 -0.979413 0.0219057 0.200674 -0.495779 -0.0442633 -0.993207 -0.107613 0.439411 
1535386030054 0.247774 0.923973 -0.291346 -0.607168 -0.938038 0.303997 0.166343 -0.234315 0.242265 0.232078 0.942044 0.381835 0.197191 -0.113759 0.973743 0.390249 -0.979483 0.0192577 0.200603 -0.495928 -0.0415724 -0.993322 -0.107627 0.439392 
1535386030276 0.247898 0.924 -0.291153 -0.606837 -0.937984 0.304101 0.16646 -0.234213 0.242349 0.231832 0.942083 0.381922 0.197427 -0.113236 0.973756 0.390244 -0.979546 0.0166095 0.200533 -0.496078 -0.0388812 -0.993429 -0.107641 0.439374 
1535386030508 0.248022 0.924028 -0.29096 -0.606506 -0.937929 0.304205 0.166576 -0.234112 0.242432 0.231585 0.942123 0.382009 0.197662 -0.112713 0.973769 0.390239 -0.979602 0.0139613 0.200462 -0.496227 -0.0361898 -0.993529 -0.107654 0.439355 
1535386030733 0.248146 0.924055 -0.290767 -0.606174 -0.937875 0.30431 0.166692 -0.23401 0.242516 0.231339 0.942162 0.382096 0.197896 -0.112189 0.973782 0.390235 -0.97965 0.0113128 0.200392 -0.496376 -0.033498 -0.993622 -0.107668 0.439337 
1535386030970 0.24827 0.924083 -0.290574 -0.605843 -0.937821 0.304414 0.166808 -0.233909 0.242599 0.231092 0.942201 0.382183 0.198128 -0.111665 0.973795 0.39023 -0.979692 0.00866427 0.200321 -0.496526 -0.0308061 -0.993708 -0.107681 0.439318 
1535386031187 0.248395 0.92411 -0.290381 -0.605511 -0.937766 0.304518 0.166925 -0.233806 0.242683 0.230846 0.942239 0.382271 0.198359 -0.11114 0.973808 0.390226 -0.979726 0.00601548 0.200251 -0.496675 -0.0281139 -0.993787 -0.107694 0.4393 
1535386031395 0.248519 0.924137 -0.290188 -0.60518 -0.937712 0.304622 0.167041 -0.233705 0.242766 0.2306 0.942278 0.382358 0.198588 -0.110615 0.973821 0.390221 -0.979753 0.00336672 0.200181 -0.496824 -0.0254215 -0.993858 -0.107706 0.439281 
1535386031647 0.248672 0.924073 -0.290262 -0.605375 -0.937725 0.30473 0.166768 -0.23395 0.242558 0.230715 0.942304 0.38233 0.198534 -0.11089 0.973801 0.390271 -0.979729 0.00464624 0.200272 -0.496712 -0.0267327 -0.993822 -0.10772 0.439272 
1535386031763 0.248932 0.924146 -0.289806 -0.605088 -0.937669 0.304883 0.166804 -0.233798 0.242508 0.230219 0.942438 0.382358 0.198448 -0.110631 0.973848 0.390272 -0.979789 0.00309657 0.20001 -0.496792 -0.0251428 -0.993857 -0.10778 0.439257 
1535386031780 0.249186 0.924217 -0.28936 -0.604813 -0.937616 0.305031 0.16683 -0.233652 0.242451 0.229737 0.94257 0.38238 0.198361 -0.110371 0.973895 0.390273 -0.979846 0.00154655 0.199749 -0.496873 -0.0235526 -0.993889 -0.10784 0.439241 
1535386031994 0.24944 0.924288 -0.288914 -0.604537 -0.937563 0.305179 0.166856 -0.233506 0.242393 0.229255 0.942702 0.382403 0.198275 -0.110111 0.973942 0.390275 -0.9799 -3.58954e-06 0.199487 -0.496954 -0.0219623 -0.993919 -0.107899 0.439226 
1535386032157 0.249695 0.924358 -0.288469 -0.604261 -0.93751 0.305327 0.166882 -0.23336 0.242336 0.228773 0.942834 0.382426 0.198188 -0.109852 0.973989 0.390276 -0.979952 -0.00155382 0.199226 -0.497035 -0.0203719 -0.993947 -0.107957 0.439211 
