1537387559578 0.227666 0.924848 -0.304672 -0.538457 -0.941135 0.289283 0.174871 -0.202803 0.249865 0.246925 0.936267 0.431767 0.16008 -0.304787 0.938871 0.370831 -0.775623 0.549475 0.310623 -0.528794 -0.61056 -0.777934 -0.14844 0.432481 
1537387559604 0.228967 0.925005 -0.303215 -0.548305 -0.94109 0.289974 0.173965 -0.207748 0.248843 0.245521 0.936908 0.425971 0.316231 -0.384871 0.867106 0.40083 -0.930001 -0.306257 0.203234 -0.504368 0.187338 -0.870678 -0.454779 0.485897 
1537387560612 0.230268 0.925159 -0.301757 -0.558153 -0.941043 0.290668 0.173059 -0.212693 0.247819 0.244116 0.937546 0.420175 0.316231 -0.384871 0.867106 0.40083 -0.930001 -0.306257 0.203234 -0.504368 0.187338 -0.870678 -0.454779 0.485897 
1537387561500 0.231567 0.92531 -0.300297 -0.567999 -0.940994 0.291363 0.172155 -0.217638 0.246792 0.242712 0.938181 0.414379 0.316231 -0.384871 0.867106 0.40083 -0.930001 -0.306257 0.203234 -0.504368 0.187338 -0.870678 -0.454779 0.485897 
1537387562354 0.232864 0.925458 -0.298835 -0.577844 -0.940944 0.292059 0.171252 -0.222582 0.245764 0.241309 0.938813 0.408583 0.316231 -0.384871 0.867106 0.40083 -0.930001 -0.306257 0.203234 -0.504368 0.187338 -0.870678 -0.454779 0.485897 
1537387563168 0.234159 0.925602 -0.297372 -0.587686 -0.940891 0.292756 0.170349 -0.227524 0.244733 0.239906 0.939442 0.402788 0.316231 -0.384871 0.867106 0.40083 -0.930001 -0.306257 0.203234 -0.504368 0.187338 -0.870678 -0.454779 0.485897 
1537387563181 0.235453 0.925743 -0.295908 -0.597524 -0.940836 0.293455 0.169447 -0.232465 0.2437 0.238504 0.940067 0.396993 0.316231 -0.384871 0.867106 0.40083 -0.930001 -0.306257 0.203234 -0.504368 0.187338 -0.870678 -0.454779 0.485897 
1537387564344 0.236746 0.925881 -0.294443 -0.607358 -0.940779 0.294155 0.168545 -0.237404 0.242665 0.237103 0.940689 0.391199 0.316231 -0.384871 0.867106 0.40083 -0.930001 -0.306257 0.203234 -0.504368 0.187338 -0.870678 -0.454779 0.485897 
1537387565245 0.238037 0.926015 -0.292977 -0.617184 -0.94072 0.294857 0.167644 -0.242339 0.241627 0.235704 0.941308 0.385407 0.316231 -0.384871 0.867106 0.40083 -0.930001 -0.306257 0.203234 -0.504368 0.187338 -0.870678 -0.454779 0.485897 
1537387565257 0.239514 0.925986 -0.291861 -0.625129 -0.940621 0.295794 0.166548 -0.246331 0.240552 0.23464 0.941849 0.379986 0.316442 -0.385045 0.866951 0.401525 -0.929984 -0.306148 0.203478 -0.505625 0.187068 -0.87064 -0.454964 0.486487 
1537387566406 0.240434 0.925591 -0.292357 -0.624876 -0.940456 0.296691 0.165884 -0.246646 0.240281 0.235065 0.941812 0.380294 0.16008 -0.304787 0.938871 0.370831 -0.775623 0.549475 0.310623 -0.528794 -0.61056 -0.777934 -0.14844 0.432481 
1537387566420 0.240571 0.925015 -0.294062 -0.626749 -0.94058 0.29697 0.164677 -0.247468 0.239656 0.236972 0.941493 0.379597 0.316241 -0.38488 0.867098 0.400864 -0.930001 -0.306251 0.203246 -0.504429 0.187325 -0.870677 -0.454788 0.485926 
1537387566855 0.240709 0.924436 -0.295764 -0.628621 -0.940703 0.297245 0.16347 -0.24829 0.239032 0.238878 0.94117 0.378901 0.316241 -0.38488 0.867098 0.400864 -0.930001 -0.306251 0.203246 -0.504429 0.187325 -0.870677 -0.454788 0.485926 
1537387567360 0.240848 0.923854 -0.297465 -0.630494 -0.940826 0.297518 0.162262 -0.249112 0.238408 0.240783 0.940843 0.378204 0.316241 -0.38488 0.867098 0.400864 -0.930001 -0.306251 0.203246 -0.504429 0.187325 -0.870677 -0.454788 0.485926 
1537387567804 0.240989 0.923268 -0.299166 -0.632365 -0.940948 0.297789 0.161053 -0.249934 0.237783 0.242687 0.940512 0.377507 0.316241 -0.38488 0.867098 0.400864 -0.930001 -0.306251 0.203246 -0.504429 0.187325 -0.870677 -0.454788 0.485926 
1537387568200 0.24113 0.922679 -0.300865 -0.634236 -0.941069 0.298058 0.159844 -0.250755 0.237159 0.244591 0.940176 0.376811 0.316241 -0.38488 0.867098 0.400864 -0.930001 -0.306251 0.203246 -0.504429 0.187325 -0.870677 -0.454788 0.485926 
1537387568661 0.241273 0.922086 -0.302562 -0.636107 -0.94119 0.298324 0.158634 -0.251576 0.236535 0.246495 0.939836 0.376115 0.316241 -0.38488 0.867098 0.400864 -0.930001 -0.306251 0.203246 -0.504429 0.187325 -0.870677 -0.454788 0.485926 
1537387569108 0.241417 0.92149 -0.304259 -0.637977 -0.94131 0.298587 0.157423 -0.252397 0.235912 0.248397 0.939492 0.375418 0.316241 -0.38488 0.867098 0.400864 -0.930001 -0.306251 0.203246 -0.504429 0.187325 -0.870677 -0.454788 0.485926 
1537387569662 0.241562 0.920891 -0.305954 -0.639847 -0.941428 0.298848 0.156212 -0.253218 0.235288 0.250299 0.939143 0.374722 0.316241 -0.38488 0.867098 0.400864 -0.930001 -0.306251 0.203246 -0.504429 0.187325 -0.870677 -0.454788 0.485926 
1537387569673 0.241763 0.920239 -0.307753 -0.641135 -0.941535 0.299174 0.154941 -0.253752 0.234654 0.252301 0.938766 0.37414 0.316531 -0.385118 0.866887 0.401814 -0.929976 -0.306103 0.20358 -0.50615 0.186955 -0.870623 -0.455042 0.486735 
1537387570297 0.242401 0.920108 -0.307642 -0.640804 -0.941296 0.299842 0.155101 -0.253878 0.234953 0.251986 0.938776 0.374203 0.16008 -0.304787 0.938871 0.370831 -0.775623 0.549475 0.310623 -0.528794 -0.61056 -0.777934 -0.14844 0.432481 
1537387570305 0.241558 0.920083 -0.308377 -0.641176 -0.941282 0.299413 0.156012 -0.25393 0.235876 0.252584 0.938384 0.374335 0.316241 -0.38488 0.867098 0.400864 -0.930001 -0.306251 0.203246 -0.504429 0.187325 -0.870677 -0.454788 0.485926 
1537387570330 0.240713 0.920059 -0.30911 -0.641548 -0.941267 0.298983 0.156925 -0.253982 0.236799 0.253182 0.93799 0.374467 0.316241 -0.38488 0.867098 0.400864 -0.930001 -0.306251 0.203246 -0.504429 0.187325 -0.870677 -0.454788 0.485926 
1537387570553 0.239867 0.920034 -0.309842 -0.64192 -0.941251 0.298554 0.157838 -0.254034 0.237721 0.253779 0.937595 0.374599 0.316241 -0.38488 0.867098 0.400864 -0.930001 -0.306251 0.203246 -0.504429 0.187325 -0.870677 -0.454788 0.485926 
1537387570741 0.23902 0.920007 -0.310573 -0.642292 -0.941233 0.298125 0.158751 -0.254087 0.238642 0.254377 0.937199 0.374731 0.316241 -0.38488 0.867098 0.400864 -0.930001 -0.306251 0.203246 -0.504429 0.187325 -0.870677 -0.454788 0.485926 
1537387570949 0.238173 0.91998 -0.311303 -0.642664 -0.941214 0.297697 0.159664 -0.254139 0.239562 0.254975 0.936802 0.374863 0.316241 -0.38488 0.867098 0.400864 -0.930001 -0.306251 0.203246 -0.504429 0.187325 -0.870677 -0.454788 0.485926 
1537387571153 0.237324 0.919953 -0.312032 -0.643036 -0.941194 0.297269 0.160577 -0.254191 0.240481 0.255574 0.936403 0.374995 0.316241 -0.38488 0.867098 0.400864 -0.930001 -0.306251 0.203246 -0.504429 0.187325 -0.870677 -0.454788 0.485926 
1537387571325 0.236475 0.919924 -0.312761 -0.643408 -0.941172 0.296842 0.161491 -0.254243 0.2414 0.256173 0.936003 0.375127 0.316241 -0.38488 0.867098 0.400864 -0.930001 -0.306251 0.203246 -0.504429 0.187325 -0.870677 -0.454788 0.485926 
1537387571525 0.235626 0.919894 -0.313488 -0.64378 -0.94115 0.296415 0.162404 -0.254295 0.242318 0.256773 0.935601 0.37526 0.316241 -0.38488 0.867098 0.400864 -0.930001 -0.306251 0.203246 -0.504429 0.187325 -0.870677 -0.454788 0.485926 
1537387571709 0.234786 0.919854 -0.314235 -0.644035 -0.941124 0.296003 0.163306 -0.254289 0.243232 0.257392 0.935194 0.375414 0.316531 -0.385118 0.866887 0.401814 -0.929976 -0.306103 0.20358 -0.50615 0.186955 -0.870623 -0.455042 0.486735 
1537387571905 0.235332 0.919946 -0.313556 -0.643861 -0.94118 0.296195 0.162629 -0.254181 0.242483 0.256841 0.93554 0.375366 0.16008 -0.304787 0.938871 0.370831 -0.775623 0.549475 0.310623 -0.528794 -0.61056 -0.777934 -0.14844 0.432481 
1537387571916 0.234435 0.920169 -0.313575 -0.6439 -0.941219 0.295544 0.163584 -0.254177 0.243201 0.256793 0.935367 0.375537 0.316241 -0.38488 0.867098 0.400864 -0.930001 -0.306251 0.203246 -0.504429 0.187325 -0.870677 -0.454788 0.485926 
1537387571939 0.233538 0.920391 -0.313593 -0.643938 -0.941257 0.294894 0.16454 -0.254172 0.243918 0.256745 0.935193 0.375708 0.316241 -0.38488 0.867098 0.400864 -0.930001 -0.306251 0.203246 -0.504429 0.187325 -0.870677 -0.454788 0.485926 
1537387572130 0.23264 0.920613 -0.313609 -0.643977 -0.941293 0.294242 0.165496 -0.254168 0.244635 0.256697 0.935019 0.375879 0.316241 -0.38488 0.867098 0.400864 -0.930001 -0.306251 0.203246 -0.504429 0.187325 -0.870677 -0.454788 0.485926 
1537387572288 0.231741 0.920834 -0.313624 -0.644016 -0.941328 0.29359 0.166452 -0.254163 0.245352 0.25665 0.934844 0.37605 0.316241 -0.38488 0.867098 0.400864 -0.930001 -0.306251 0.203246 -0.504429 0.187325 -0.870677 -0.454788 0.485926 
1537387572297 0.230844 0.921055 -0.313639 -0.644054 -0.941362 0.292939 0.167407 -0.254159 0.246068 0.256603 0.934668 0.37622 0.316241 -0.38488 0.867098 0.400864 -0.930001 -0.306251 0.203246 -0.504429 0.187325 -0.870677 -0.454788 0.485926 
1537387572456 0.229945 0.921275 -0.313653 -0.644093 -0.941394 0.292286 0.168363 -0.254155 0.246785 0.256556 0.934492 0.376391 0.316241 -0.38488 0.867098 0.400864 -0.930001 -0.306251 0.203246 -0.504429 0.187325 -0.870677 -0.454788 0.485926 
1537387572673 0.229046 0.921494 -0.313665 -0.644131 -0.941425 0.291634 0.169318 -0.25415 0.247501 0.256511 0.934315 0.376562 0.316241 -0.38488 0.867098 0.400864 -0.930001 -0.306251 0.203246 -0.504429 0.187325 -0.870677 -0.454788 0.485926 
1537387572833 0.228148 0.921713 -0.313677 -0.64417 -0.941454 0.290982 0.170274 -0.254146 0.248218 0.256465 0.934138 0.376733 0.316241 -0.38488 0.867098 0.400864 -0.930001 -0.306251 0.203246 -0.504429 0.187325 -0.870677 -0.454788 0.485926 
1537387573025 0.227254 0.921927 -0.313697 -0.64416 -0.941482 0.290335 0.171224 -0.254117 0.248933 0.256429 0.933957 0.376914 0.316531 -0.385118 0.866887 0.401814 -0.929976 -0.306103 0.20358 -0.50615 0.186955 -0.870623 -0.455042 0.486735 
1537387573159 0.22805 0.921724 -0.313715 -0.644192 -0.941483 0.290891 0.170272 -0.254118 0.248201 0.256527 0.934125 0.376712 0.16008 -0.304787 0.938871 0.370831 -0.775623 0.549475 0.310623 -0.528794 -0.61056 -0.777934 -0.14844 0.432481 
1537387573171 0.227575 0.921973 -0.313329 -0.644171 -0.941581 0.290388 0.170587 -0.254175 0.248264 0.256203 0.934198 0.376756 0.316241 -0.38488 0.867098 0.400864 -0.930001 -0.306251 0.203246 -0.504429 0.187325 -0.870677 -0.454788 0.485926 
1537387573190 0.2271 0.922221 -0.312942 -0.64415 -0.941679 0.289885 0.170903 -0.254231 0.248327 0.255879 0.934269 0.3768 0.316241 -0.38488 0.867098 0.400864 -0.930001 -0.306251 0.203246 -0.504429 0.187325 -0.870677 -0.454788 0.485926 
1537387573247 0.226626 0.922469 -0.312555 -0.644129 -0.941776 0.289382 0.171218 -0.254288 0.248391 0.255555 0.934341 0.376843 0.316241 -0.38488 0.867098 0.400864 -0.930001 -0.306251 0.203246 -0.504429 0.187325 -0.870677 -0.454788 0.485926 
1537387573388 0.226151 0.922717 -0.312168 -0.644108 -0.941873 0.288879 0.171533 -0.254344 0.248455 0.25523 0.934413 0.376887 0.316241 -0.38488 0.867098 0.400864 -0.930001 -0.306251 0.203246 -0.504429 0.187325 -0.870677 -0.454788 0.485926 
1537387573468 0.225677 0.922964 -0.311782 -0.644087 -0.94197 0.288376 0.171848 -0.254401 0.24852 0.254907 0.934484 0.376931 0.316241 -0.38488 0.867098 0.400864 -0.930001 -0.306251 0.203246 -0.504429 0.187325 -0.870677 -0.454788 0.485926 
1537387573657 0.225202 0.923211 -0.311394 -0.644066 -0.942067 0.287872 0.172163 -0.254458 0.248584 0.254582 0.934556 0.376975 0.316241 -0.38488 0.867098 0.400864 -0.930001 -0.306251 0.203246 -0.504429 0.187325 -0.870677 -0.454788 0.485926 
1537387573717 0.224728 0.923457 -0.311006 -0.644045 -0.942163 0.287368 0.172477 -0.254514 0.248649 0.254258 0.934627 0.377019 0.316241 -0.38488 0.867098 0.400864 -0.930001 -0.306251 0.203246 -0.504429 0.187325 -0.870677 -0.454788 0.485926 
1537387573842 0.224253 0.923703 -0.310618 -0.644024 -0.942259 0.286864 0.172792 -0.254571 0.248713 0.253934 0.934698 0.377062 0.316241 -0.38488 0.867098 0.400864 -0.930001 -0.306251 0.203246 -0.504429 0.187325 -0.870677 -0.454788 0.485926 
1537387573865 0.223783 0.923944 -0.310239 -0.643957 -0.942354 0.286365 0.173101 -0.254604 0.248777 0.253617 0.934766 0.377115 0.316531 -0.385118 0.866887 0.401814 -0.929976 -0.306103 0.20358 -0.50615 0.186955 -0.870623 -0.455042 0.486735 
1537387574049 0.224362 0.923631 -0.310752 -0.644028 -0.942257 0.286968 0.172632 -0.254515 0.248624 0.254076 0.934683 0.377086 0.16008 -0.304787 0.938871 0.370831 -0.775623 0.549475 0.310623 -0.528794 -0.61056 -0.777934 -0.14844 0.432481 
1537387574064 0.224762 0.923628 -0.310473 -0.643964 -0.942228 0.287226 0.172357 -0.254491 0.24837 0.253797 0.934826 0.37707 0.316241 -0.38488 0.867098 0.400864 -0.930001 -0.306251 0.203246 -0.504429 0.187325 -0.870677 -0.454788 0.485926 
1537387574235 0.225163 0.923624 -0.310195 -0.643899 -0.9422 0.287485 0.172083 -0.254468 0.248116 0.253519 0.934969 0.377054 0.316241 -0.38488 0.867098 0.400864 -0.930001 -0.306251 0.203246 -0.504429 0.187325 -0.870677 -0.454788 0.485926 
1537387574284 0.225564 0.92362 -0.309916 -0.643835 -0.942171 0.287743 0.171808 -0.254444 0.247862 0.25324 0.935112 0.377038 0.316241 -0.38488 0.867098 0.400864 -0.930001 -0.306251 0.203246 -0.504429 0.187325 -0.870677 -0.454788 0.485926 
1537387574380 0.225964 0.923616 -0.309636 -0.643771 -0.942142 0.288002 0.171534 -0.254421 0.247607 0.25296 0.935255 0.377022 0.316241 -0.38488 0.867098 0.400864 -0.930001 -0.306251 0.203246 -0.504429 0.187325 -0.870677 -0.454788 0.485926 
1537387574393 0.226364 0.923611 -0.309357 -0.643706 -0.942113 0.28826 0.17126 -0.254397 0.247353 0.252682 0.935398 0.377006 0.316241 -0.38488 0.867098 0.400864 -0.930001 -0.306251 0.203246 -0.504429 0.187325 -0.870677 -0.454788 0.485926 
1537387574525 0.226764 0.923607 -0.309077 -0.643642 -0.942083 0.288519 0.170985 -0.254374 0.247098 0.252403 0.93554 0.37699 0.316241 -0.38488 0.867098 0.400864 -0.930001 -0.306251 0.203246 -0.504429 0.187325 -0.870677 -0.454788 0.485926 
1537387574584 0.227164 0.923602 -0.308798 -0.643578 -0.942054 0.288778 0.170711 -0.25435 0.246843 0.252124 0.935683 0.376974 0.316241 -0.38488 0.867098 0.400864 -0.930001 -0.306251 0.203246 -0.504429 0.187325 -0.870677 -0.454788 0.485926 
1537387574644 0.227564 0.923597 -0.308518 -0.643513 -0.942024 0.289037 0.170437 -0.254327 0.246588 0.251846 0.935825 0.376958 0.316241 -0.38488 0.867098 0.400864 -0.930001 -0.306251 0.203246 -0.504429 0.187325 -0.870677 -0.454788 0.485926 
1537387574712 0.227962 0.923594 -0.308234 -0.643473 -0.941994 0.289293 0.170165 -0.254315 0.246334 0.251563 0.935968 0.376937 0.316531 -0.385118 0.866887 0.401814 -0.929976 -0.306103 0.20358 -0.50615 0.186955 -0.870623 -0.455042 0.486735 
1537387574806 0.227076 0.923625 -0.308793 -0.643597 -0.942049 0.28872 0.170836 -0.254277 0.246943 0.252105 0.935661 0.376978 0.16008 -0.304787 0.938871 0.370831 -0.775623 0.549475 0.310623 -0.528794 -0.61056 -0.777934 -0.14844 0.432481 
1537387574823 0.227842 0.923487 -0.308641 -0.643378 -0.942003 0.289276 0.170146 -0.254164 0.24641 0.251974 0.935837 0.377026 0.316241 -0.38488 0.867098 0.400864 -0.930001 -0.306251 0.203246 -0.504429 0.187325 -0.870677 -0.454788 0.485926 
1537387574839 0.228608 0.923349 -0.308488 -0.643159 -0.941957 0.28983 0.169456 -0.254052 0.245876 0.251843 0.936013 0.377074 0.316241 -0.38488 0.867098 0.400864 -0.930001 -0.306251 0.203246 -0.504429 0.187325 -0.870677 -0.454788 0.485926 
1537387575065 0.229374 0.92321 -0.308335 -0.64294 -0.941911 0.290384 0.168765 -0.253939 0.245341 0.251713 0.936188 0.377122 0.316241 -0.38488 0.867098 0.400864 -0.930001 -0.306251 0.203246 -0.504429 0.187325 -0.870677 -0.454788 0.485926 
1537387575249 0.230139 0.923071 -0.30818 -0.642721 -0.941863 0.290938 0.168075 -0.253827 0.244806 0.251583 0.936363 0.377169 0.316241 -0.38488 0.867098 0.400864 -0.930001 -0.306251 0.203246 -0.504429 0.187325 -0.870677 -0.454788 0.485926 
1537387575508 0.230904 0.922932 -0.308026 -0.642501 -0.941815 0.291492 0.167385 -0.253714 0.244272 0.251453 0.936538 0.377217 0.316241 -0.38488 0.867098 0.400864 -0.930001 -0.306251 0.203246 -0.504429 0.187325 -0.870677 -0.454788 0.485926 
1537387575691 0.231669 0.922792 -0.30787 -0.642282 -0.941765 0.292046 0.166694 -0.253601 0.243737 0.251324 0.936712 0.377265 0.316241 -0.38488 0.867098 0.400864 -0.930001 -0.306251 0.203246 -0.504429 0.187325 -0.870677 -0.454788 0.485926 
1537387575890 0.232433 0.922652 -0.307715 -0.642063 -0.941715 0.2926 0.166004 -0.253489 0.243201 0.251195 0.936885 0.377313 0.316241 -0.38488 0.867098 0.400864 -0.930001 -0.306251 0.203246 -0.504429 0.187325 -0.870677 -0.454788 0.485926 
1537387576052 0.233198 0.922511 -0.307558 -0.641844 -0.941664 0.293154 0.165314 -0.253376 0.242666 0.251066 0.937059 0.377361 0.316241 -0.38488 0.867098 0.400864 -0.930001 -0.306251 0.203246 -0.504429 0.187325 -0.870677 -0.454788 0.485926 
1537387576221 0.233951 0.92238 -0.30738 -0.641743 -0.941615 0.293694 0.164636 -0.253322 0.242133 0.250917 0.937237 0.377386 0.316531 -0.385118 0.866887 0.401814 -0.929976 -0.306103 0.20358 -0.50615 0.186955 -0.870623 -0.455042 0.486735 
1537387576421 0.233327 0.922498 -0.307499 -0.641822 -0.941715 0.29318 0.164977 -0.253361 0.242344 0.251083 0.937137 0.377354 0.16008 -0.304787 0.938871 0.370831 -0.775623 0.549475 0.310623 -0.528794 -0.61056 -0.777934 -0.14844 0.432481 
1537387576430 0.233582 0.922442 -0.307475 -0.641465 -0.941664 0.293405 0.164872 -0.253234 0.242299 0.251027 0.937164 0.377472 0.316241 -0.38488 0.867098 0.400864 -0.930001 -0.306251 0.203246 -0.504429 0.187325 -0.870677 -0.454788 0.485926 
1537387576666 0.233838 0.922385 -0.307451 -0.641108 -0.941612 0.293632 0.164765 -0.253106 0.242254 0.250971 0.937191 0.377589 0.316241 -0.38488 0.867098 0.400864 -0.930001 -0.306251 0.203246 -0.504429 0.187325 -0.870677 -0.454788 0.485926 
1537387576878 0.234093 0.922328 -0.307427 -0.640751 -0.94156 0.293858 0.164659 -0.252979 0.242209 0.250915 0.937217 0.377706 0.316241 -0.38488 0.867098 0.400864 -0.930001 -0.306251 0.203246 -0.504429 0.187325 -0.870677 -0.454788 0.485926 
1537387577085 0.234349 0.922271 -0.307403 -0.640394 -0.941508 0.294084 0.164552 -0.252851 0.242164 0.25086 0.937244 0.377824 0.316241 -0.38488 0.867098 0.400864 -0.930001 -0.306251 0.203246 -0.504429 0.187325 -0.870677 -0.454788 0.485926 
1537387577270 0.234604 0.922214 -0.307379 -0.640037 -0.941456 0.29431 0.164446 -0.252724 0.242119 0.250804 0.93727 0.377941 0.316241 -0.38488 0.867098 0.400864 -0.930001 -0.306251 0.203246 -0.504429 0.187325 -0.870677 -0.454788 0.485926 
1537387577465 0.234859 0.922157 -0.307354 -0.63968 -0.941404 0.294536 0.16434 -0.252597 0.242074 0.250748 0.937297 0.378059 0.316241 -0.38488 0.867098 0.400864 -0.930001 -0.306251 0.203246 -0.504429 0.187325 -0.870677 -0.454788 0.485926 
1537387577698 0.235115 0.9221 -0.30733 -0.639323 -0.941352 0.294761 0.164233 -0.252469 0.242029 0.250692 0.937324 0.378176 0.316241 -0.38488 0.867098 0.400864 -0.930001 -0.306251 0.203246 -0.504429 0.187325 -0.870677 -0.454788 0.485926 
1537387577909 0.23537 0.922043 -0.307306 -0.638966 -0.9413 0.294987 0.164127 -0.252342 0.241984 0.250636 0.93735 0.378294 0.316241 -0.38488 0.867098 0.400864 -0.930001 -0.306251 0.203246 -0.504429 0.187325 -0.870677 -0.454788 0.485926 
1537387578125 0.235612 0.921998 -0.307256 -0.638753 -0.94125 0.295196 0.164036 -0.252286 0.241941 0.250556 0.937383 0.378384 0.316531 -0.385118 0.866887 0.401814 -0.929976 -0.306103 0.20358 -0.50615 0.186955 -0.870623 -0.455042 0.486735 
1537387578238 0.235117 0.922122 -0.307262 -0.639015 -0.941384 0.294717 0.164126 -0.252257 0.2419 0.250663 0.937365 0.378314 0.16008 -0.304787 0.938871 0.370831 -0.775623 0.549475 0.310623 -0.528794 -0.61056 -0.777934 -0.14844 0.432481 
1537387578250 0.235109 0.922062 -0.307449 -0.638554 -0.94123 0.294905 0.164672 -0.252137 0.242506 0.250664 0.937208 0.378451 0.316241 -0.38488 0.867098 0.400864 -0.930001 -0.306251 0.203246 -0.504429 0.187325 -0.870677 -0.454788 0.485926 
1537387578268 0.235026 0.922038 -0.307587 -0.638102 -0.941098 0.295008 0.165242 -0.251997 0.2431 0.250633 0.937062 0.378591 0.316241 -0.38488 0.867098 0.400864 -0.930001 -0.306251 0.203246 -0.504429 0.187325 -0.870677 -0.454788 0.485926 
1537387578509 0.234942 0.922013 -0.307725 -0.637649 -0.940965 0.295111 0.165812 -0.251856 0.243694 0.250602 0.936916 0.37873 0.316241 -0.38488 0.867098 0.400864 -0.930001 -0.306251 0.203246 -0.504429 0.187325 -0.870677 -0.454788 0.485926 
1537387578727 0.234858 0.921988 -0.307862 -0.637196 -0.940832 0.295215 0.166382 -0.251715 0.244288 0.250571 0.93677 0.378869 0.316241 -0.38488 0.867098 0.400864 -0.930001 -0.306251 0.203246 -0.504429 0.187325 -0.870677 -0.454788 0.485926 
1537387578927 0.234774 0.921964 -0.308 -0.636743 -0.940699 0.295318 0.166952 -0.251574 0.244882 0.250539 0.936623 0.379009 0.316241 -0.38488 0.867098 0.400864 -0.930001 -0.306251 0.203246 -0.504429 0.187325 -0.870677 -0.454788 0.485926 
1537387579180 0.234689 0.921939 -0.308138 -0.636291 -0.940565 0.295421 0.167522 -0.251433 0.245476 0.250508 0.936476 0.379148 0.316241 -0.38488 0.867098 0.400864 -0.930001 -0.306251 0.203246 -0.504429 0.187325 -0.870677 -0.454788 0.485926 
1537387579473 0.234605 0.921915 -0.308275 -0.635838 -0.940431 0.295525 0.168092 -0.251293 0.246069 0.250476 0.936329 0.379288 0.316241 -0.38488 0.867098 0.400864 -0.930001 -0.306251 0.203246 -0.504429 0.187325 -0.870677 -0.454788 0.485926 
1537387579726 0.234521 0.92189 -0.308413 -0.635385 -0.940296 0.295628 0.168662 -0.251152 0.246663 0.250445 0.936181 0.379427 0.316241 -0.38488 0.867098 0.400864 -0.930001 -0.306251 0.203246 -0.504429 0.187325 -0.870677 -0.454788 0.485926 
1537387579961 0.234421 0.921879 -0.308522 -0.635087 -0.940165 0.295712 0.169248 -0.251089 0.24726 0.250386 0.936039 0.379537 0.316531 -0.385118 0.866887 0.401814 -0.929976 -0.306103 0.20358 -0.50615 0.186955 -0.870623 -0.455042 0.486735 
1537387580153 0.234787 0.921847 -0.30834 -0.635267 -0.940187 0.295911 0.168777 -0.251262 0.246828 0.25027 0.936184 0.379485 0.16008 -0.304787 0.938871 0.370831 -0.775623 0.549475 0.310623 -0.528794 -0.61056 -0.777934 -0.14844 0.432481 
1537387580164 0.234713 0.921807 -0.308514 -0.634855 -0.940058 0.296022 0.1693 -0.251099 0.247389 0.250285 0.936032 0.37962 0.316241 -0.38488 0.867098 0.400864 -0.930001 -0.306251 0.203246 -0.504429 0.187325 -0.870677 -0.454788 0.485926 
1537387580257 0.234638 0.921768 -0.308689 -0.634443 -0.939929 0.296132 0.169822 -0.250935 0.247949 0.250299 0.93588 0.379755 0.316241 -0.38488 0.867098 0.400864 -0.930001 -0.306251 0.203246 -0.504429 0.187325 -0.870677 -0.454788 0.485926 
1537387580465 0.234564 0.921728 -0.308864 -0.63403 -0.939799 0.296244 0.170344 -0.250772 0.24851 0.250314 0.935727 0.37989 0.316241 -0.38488 0.867098 0.400864 -0.930001 -0.306251 0.203246 -0.504429 0.187325 -0.870677 -0.454788 0.485926 
1537387580697 0.234489 0.921689 -0.309039 -0.633618 -0.93967 0.296354 0.170866 -0.250609 0.24907 0.250328 0.935575 0.380025 0.316241 -0.38488 0.867098 0.400864 -0.930001 -0.306251 0.203246 -0.504429 0.187325 -0.870677 -0.454788 0.485926 
1537387580980 0.234414 0.921649 -0.309213 -0.633206 -0.939539 0.296465 0.171388 -0.250446 0.249631 0.250342 0.935421 0.38016 0.316241 -0.38488 0.867098 0.400864 -0.930001 -0.306251 0.203246 -0.504429 0.187325 -0.870677 -0.454788 0.485926 
1537387581188 0.234339 0.92161 -0.309388 -0.632794 -0.939409 0.296576 0.171911 -0.250282 0.250191 0.250356 0.935268 0.380295 0.316241 -0.38488 0.867098 0.400864 -0.930001 -0.306251 0.203246 -0.504429 0.187325 -0.870677 -0.454788 0.485926 
1537387581441 0.234264 0.92157 -0.309562 -0.632381 -0.939278 0.296687 0.172433 -0.250119 0.250752 0.25037 0.935114 0.38043 0.316241 -0.38488 0.867098 0.400864 -0.930001 -0.306251 0.203246 -0.504429 0.187325 -0.870677 -0.454788 0.485926 
1537387581645 0.234189 0.921531 -0.309737 -0.631969 -0.939147 0.296797 0.172954 -0.249956 0.251312 0.250384 0.93496 0.380565 0.316241 -0.38488 0.867098 0.400864 -0.930001 -0.306251 0.203246 -0.504429 0.187325 -0.870677 -0.454788 0.485926 
1537387581657 0.234099 0.921504 -0.309885 -0.631699 -0.939019 0.296891 0.173492 -0.249864 0.251875 0.250373 0.934811 0.380673 0.316531 -0.385118 0.866887 0.401814 -0.929976 -0.306103 0.20358 -0.50615 0.186955 -0.870623 -0.455042 0.486735 
1537387581955 0.233832 0.92165 -0.30965 -0.631952 -0.939248 0.296433 0.173036 -0.249823 0.251269 0.250377 0.934973 0.380569 0.16008 -0.304787 0.938871 0.370831 -0.775623 0.549475 0.310623 -0.528794 -0.61056 -0.777934 -0.14844 0.432481 
1537387581965 0.233895 0.921568 -0.309847 -0.631586 -0.939227 0.296534 0.172975 -0.24967 0.251289 0.250558 0.93492 0.3807 0.316241 -0.38488 0.867098 0.400864 -0.930001 -0.306251 0.203246 -0.504429 0.187325 -0.870677 -0.454788 0.485926 
1537387582030 0.233959 0.921486 -0.310043 -0.631219 -0.939206 0.296636 0.172913 -0.249516 0.251307 0.25074 0.934866 0.380832 0.316241 -0.38488 0.867098 0.400864 -0.930001 -0.306251 0.203246 -0.504429 0.187325 -0.870677 -0.454788 0.485926 
1537387582345 0.234022 0.921404 -0.31024 -0.630853 -0.939185 0.296738 0.172851 -0.249363 0.251325 0.250922 0.934812 0.380963 0.316241 -0.38488 0.867098 0.400864 -0.930001 -0.306251 0.203246 -0.504429 0.187325 -0.870677 -0.454788 0.485926 
1537387582634 0.234086 0.921321 -0.310436 -0.630486 -0.939165 0.29684 0.172789 -0.24921 0.251344 0.251103 0.934758 0.381094 0.316241 -0.38488 0.867098 0.400864 -0.930001 -0.306251 0.203246 -0.504429 0.187325 -0.870677 -0.454788 0.485926 
1537387582897 0.234149 0.921239 -0.310632 -0.63012 -0.939144 0.296942 0.172727 -0.249056 0.251362 0.251285 0.934705 0.381225 0.316241 -0.38488 0.867098 0.400864 -0.930001 -0.306251 0.203246 -0.504429 0.187325 -0.870677 -0.454788 0.485926 
1537387583097 0.234212 0.921157 -0.310829 -0.629753 -0.939123 0.297043 0.172665 -0.248903 0.251381 0.251466 0.934651 0.381356 0.316241 -0.38488 0.867098 0.400864 -0.930001 -0.306251 0.203246 -0.504429 0.187325 -0.870677 -0.454788 0.485926 
1537387583341 0.234276 0.921075 -0.311025 -0.629387 -0.939102 0.297145 0.172603 -0.24875 0.251399 0.251648 0.934597 0.381488 0.316241 -0.38488 0.867098 0.400864 -0.930001 -0.306251 0.203246 -0.504429 0.187325 -0.870677 -0.454788 0.485926 
1537387583549 0.234339 0.920992 -0.311221 -0.62902 -0.939082 0.297247 0.172541 -0.248596 0.251418 0.251829 0.934543 0.381619 0.316241 -0.38488 0.867098 0.400864 -0.930001 -0.306251 0.203246 -0.504429 0.187325 -0.870677 -0.454788 0.485926 
1537387583776 0.234389 0.920922 -0.311392 -0.628791 -0.939063 0.297331 0.172494 -0.248513 0.25144 0.251986 0.934495 0.381724 0.316531 -0.385118 0.866887 0.401814 -0.929976 -0.306103 0.20358 -0.50615 0.186955 -0.870623 -0.455042 0.486735 
1537387584016 0.234434 0.920954 -0.311263 -0.628967 -0.939041 0.297362 0.172565 -0.248597 0.251482 0.251833 0.934525 0.381614 0.16008 -0.304787 0.938871 0.370831 -0.775623 0.549475 0.310623 -0.528794 -0.61056 -0.777934 -0.14844 0.432481 
1537387584039 0.23451 0.920943 -0.311239 -0.628745 -0.939023 0.297428 0.172549 -0.248502 0.251478 0.251796 0.934536 0.381681 0.316241 -0.38488 0.867098 0.400864 -0.930001 -0.306251 0.203246 -0.504429 0.187325 -0.870677 -0.454788 0.485926 
1537387584065 0.234586 0.920931 -0.311215 -0.628523 -0.939004 0.297495 0.172533 -0.248408 0.251476 0.251759 0.934547 0.381749 0.316241 -0.38488 0.867098 0.400864 -0.930001 -0.306251 0.203246 -0.504429 0.187325 -0.870677 -0.454788 0.485926 
1537387584311 0.234662 0.92092 -0.311192 -0.628301 -0.938986 0.297562 0.172517 -0.248313 0.251474 0.251722 0.934557 0.381816 0.316241 -0.38488 0.867098 0.400864 -0.930001 -0.306251 0.203246 -0.504429 0.187325 -0.870677 -0.454788 0.485926 
1537387584397 0.234738 0.920909 -0.311168 -0.628079 -0.938968 0.297628 0.172502 -0.248218 0.251471 0.251684 0.934568 0.381883 0.316241 -0.38488 0.867098 0.400864 -0.930001 -0.306251 0.203246 -0.504429 0.187325 -0.870677 -0.454788 0.485926 
1537387584405 0.234814 0.920897 -0.311145 -0.627858 -0.938949 0.297695 0.172487 -0.248124 0.251469 0.251647 0.934579 0.38195 0.316241 -0.38488 0.867098 0.400864 -0.930001 -0.306251 0.203246 -0.504429 0.187325 -0.870677 -0.454788 0.485926 
1537387584618 0.23489 0.920886 -0.311121 -0.627636 -0.938931 0.297762 0.172471 -0.248029 0.251466 0.25161 0.934589 0.382018 0.316241 -0.38488 0.867098 0.400864 -0.930001 -0.306251 0.203246 -0.504429 0.187325 -0.870677 -0.454788 0.485926 
1537387584805 0.234966 0.920874 -0.311098 -0.627414 -0.938913 0.297829 0.172456 -0.247934 0.251464 0.251573 0.9346 0.382085 0.316241 -0.38488 0.867098 0.400864 -0.930001 -0.306251 0.203246 -0.504429 0.187325 -0.870677 -0.454788 0.485926 
1537387584908 0.235042 0.920863 -0.311074 -0.627192 -0.938894 0.297896 0.17244 -0.24784 0.251462 0.251535 0.934611 0.382152 0.316241 -0.38488 0.867098 0.400864 -0.930001 -0.306251 0.203246 -0.504429 0.187325 -0.870677 -0.454788 0.485926 
1537387585074 0.23511 0.920858 -0.311037 -0.627043 -0.938877 0.297953 0.172433 -0.247783 0.251461 0.251485 0.934624 0.382205 0.316531 -0.385118 0.866887 0.401814 -0.929976 -0.306103 0.20358 -0.50615 0.186955 -0.870623 -0.455042 0.486735 
1537387585144 0.234952 0.920854 -0.311167 -0.627289 -0.938862 0.297883 0.17264 -0.247777 0.251667 0.251581 0.934543 0.382109 0.16008 -0.304787 0.938871 0.370831 -0.775623 0.549475 0.310623 -0.528794 -0.61056 -0.777934 -0.14844 0.432481 
1537387585163 0.234967 0.920813 -0.311279 -0.627081 -0.938821 0.297956 0.172736 -0.247686 0.251805 0.251648 0.934488 0.382185 0.316241 -0.38488 0.867098 0.400864 -0.930001 -0.306251 0.203246 -0.504429 0.187325 -0.870677 -0.454788 0.485926 
1537387585179 0.234985 0.92077 -0.311391 -0.626873 -0.93878 0.29803 0.172831 -0.247595 0.251941 0.251714 0.934433 0.38226 0.316241 -0.38488 0.867098 0.400864 -0.930001 -0.306251 0.203246 -0.504429 0.187325 -0.870677 -0.454788 0.485926 
1537387585337 0.235002 0.920728 -0.311502 -0.626665 -0.938739 0.298104 0.172926 -0.247504 0.252078 0.251781 0.934378 0.382335 0.316241 -0.38488 0.867098 0.400864 -0.930001 -0.306251 0.203246 -0.504429 0.187325 -0.870677 -0.454788 0.485926 
1537387585469 0.235019 0.920686 -0.311613 -0.626457 -0.938698 0.298177 0.173022 -0.247413 0.252215 0.251847 0.934323 0.382411 0.316241 -0.38488 0.867098 0.400864 -0.930001 -0.306251 0.203246 -0.504429 0.187325 -0.870677 -0.454788 0.485926 
1537387585481 0.235036 0.920644 -0.311726 -0.626249 -0.938657 0.298252 0.173117 -0.247323 0.252352 0.251915 0.934268 0.382486 0.316241 -0.38488 0.867098 0.400864 -0.930001 -0.306251 0.203246 -0.504429 0.187325 -0.870677 -0.454788 0.485926 
1537387585711 0.235053 0.920602 -0.311837 -0.626041 -0.938616 0.298325 0.173213 -0.247232 0.252489 0.251981 0.934214 0.382562 0.316241 -0.38488 0.867098 0.400864 -0.930001 -0.306251 0.203246 -0.504429 0.187325 -0.870677 -0.454788 0.485926 
1537387585793 0.23507 0.92056 -0.311949 -0.625833 -0.938575 0.298399 0.173308 -0.247141 0.252626 0.252048 0.934159 0.382637 0.316241 -0.38488 0.867098 0.400864 -0.930001 -0.306251 0.203246 -0.504429 0.187325 -0.870677 -0.454788 0.485926 
1537387585941 0.235087 0.920517 -0.31206 -0.625625 -0.938533 0.298473 0.173403 -0.24705 0.252762 0.252114 0.934104 0.382713 0.316241 -0.38488 0.867098 0.400864 -0.930001 -0.306251 0.203246 -0.504429 0.187325 -0.870677 -0.454788 0.485926 
1537387586031 0.235097 0.920482 -0.312158 -0.625488 -0.938494 0.298538 0.173507 -0.246996 0.252901 0.252168 0.934052 0.382774 0.316531 -0.385118 0.866887 0.401814 -0.929976 -0.306103 0.20358 -0.50615 0.186955 -0.870623 -0.455042 0.486735 
1537387586186 0.234885 0.920586 -0.312011 -0.625732 -0.938625 0.298231 0.173324 -0.247004 0.252611 0.25215 0.934135 0.382696 0.16008 -0.304787 0.938871 0.370831 -0.775623 0.549475 0.310623 -0.528794 -0.61056 -0.777934 -0.14844 0.432481 
1537387586199 0.234975 0.920529 -0.312111 -0.625497 -0.938552 0.298385 0.173452 -0.246921 0.252797 0.252176 0.934078 0.382774 0.316241 -0.38488 0.867098 0.400864 -0.930001 -0.306251 0.203246 -0.504429 0.187325 -0.870677 -0.454788 0.485926 
1537387586213 0.235079 0.920466 -0.312217 -0.625269 -0.938477 0.298553 0.17357 -0.246847 0.252979 0.252206 0.93402 0.382848 0.316241 -0.38488 0.867098 0.400864 -0.930001 -0.306251 0.203246 -0.504429 0.187325 -0.870677 -0.454788 0.485926 
1537387586430 0.235184 0.920404 -0.312323 -0.625042 -0.938402 0.298721 0.173689 -0.246774 0.253161 0.252236 0.933963 0.382921 0.316241 -0.38488 0.867098 0.400864 -0.930001 -0.306251 0.203246 -0.504429 0.187325 -0.870677 -0.454788 0.485926 
1537387586508 0.235287 0.920342 -0.312428 -0.624815 -0.938327 0.298888 0.173807 -0.246699 0.253343 0.252264 0.933906 0.382995 0.316241 -0.38488 0.867098 0.400864 -0.930001 -0.306251 0.203246 -0.504429 0.187325 -0.870677 -0.454788 0.485926 
1537387586689 0.235392 0.920279 -0.312534 -0.624587 -0.938251 0.299056 0.173925 -0.246626 0.253525 0.252295 0.933848 0.383068 0.316241 -0.38488 0.867098 0.400864 -0.930001 -0.306251 0.203246 -0.504429 0.187325 -0.870677 -0.454788 0.485926 
1537387586868 0.235496 0.920216 -0.312639 -0.62436 -0.938176 0.299223 0.174044 -0.246552 0.253707 0.252324 0.933791 0.383141 0.316241 -0.38488 0.867098 0.400864 -0.930001 -0.306251 0.203246 -0.504429 0.187325 -0.870677 -0.454788 0.485926 
1537387586955 0.235601 0.920154 -0.312745 -0.624133 -0.938101 0.29939 0.174162 -0.246478 0.253889 0.252354 0.933733 0.383215 0.316241 -0.38488 0.867098 0.400864 -0.930001 -0.306251 0.203246 -0.504429 0.187325 -0.870677 -0.454788 0.485926 
1537387587117 0.235705 0.920091 -0.31285 -0.623905 -0.938025 0.299558 0.17428 -0.246404 0.254071 0.252383 0.933676 0.383288 0.316241 -0.38488 0.867098 0.400864 -0.930001 -0.306251 0.203246 -0.504429 0.187325 -0.870677 -0.454788 0.485926 
1537387587210 0.235801 0.920035 -0.312942 -0.623752 -0.937951 0.299716 0.174407 -0.246368 0.254254 0.252399 0.933622 0.383347 0.316531 -0.385118 0.866887 0.401814 -0.929976 -0.306103 0.20358 -0.50615 0.186955 -0.870623 -0.455042 0.486735 
1537387587341 0.235649 0.920107 -0.312845 -0.623978 -0.938087 0.299457 0.174122 -0.246454 0.253895 0.252444 0.933707 0.383281 0.16008 -0.304787 0.938871 0.370831 -0.775623 0.549475 0.310623 -0.528794 -0.61056 -0.777934 -0.14844 0.432481 
1537387587361 0.235775 0.920072 -0.312853 -0.623716 -0.938035 0.299598 0.174161 -0.246376 0.253971 0.252404 0.933697 0.383357 0.316241 -0.38488 0.867098 0.400864 -0.930001 -0.306251 0.203246 -0.504429 0.187325 -0.870677 -0.454788 0.485926 
1537387587380 0.2359 0.920037 -0.312861 -0.623453 -0.937983 0.299739 0.1742 -0.246299 0.254047 0.252365 0.933687 0.383433 0.316241 -0.38488 0.867098 0.400864 -0.930001 -0.306251 0.203246 -0.504429 0.187325 -0.870677 -0.454788 0.485926 
1537387587621 0.236026 0.920002 -0.31287 -0.623191 -0.93793 0.299879 0.174238 -0.246221 0.254123 0.252326 0.933677 0.383509 0.316241 -0.38488 0.867098 0.400864 -0.930001 -0.306251 0.203246 -0.504429 0.187325 -0.870677 -0.454788 0.485926 
1537387587796 0.236151 0.919967 -0.312878 -0.622928 -0.937878 0.300019 0.174277 -0.246143 0.254199 0.252286 0.933667 0.383585 0.316241 -0.38488 0.867098 0.400864 -0.930001 -0.306251 0.203246 -0.504429 0.187325 -0.870677 -0.454788 0.485926 
1537387587977 0.236276 0.919932 -0.312888 -0.622666 -0.937826 0.30016 0.174315 -0.246066 0.254275 0.252248 0.933657 0.38366 0.316241 -0.38488 0.867098 0.400864 -0.930001 -0.306251 0.203246 -0.504429 0.187325 -0.870677 -0.454788 0.485926 
1537387588168 0.236402 0.919897 -0.312896 -0.622404 -0.937774 0.300301 0.174354 -0.245988 0.25435 0.252209 0.933647 0.383736 0.316241 -0.38488 0.867098 0.400864 -0.930001 -0.306251 0.203246 -0.504429 0.187325 -0.870677 -0.454788 0.485926 
1537387588369 0.236527 0.919862 -0.312905 -0.622141 -0.937722 0.300442 0.174392 -0.24591 0.254426 0.252169 0.933637 0.383812 0.316241 -0.38488 0.867098 0.400864 -0.930001 -0.306251 0.203246 -0.504429 0.187325 -0.870677 -0.454788 0.485926 
1537387588514 0.236652 0.919826 -0.312914 -0.621879 -0.93767 0.300582 0.174431 -0.245833 0.254502 0.25213 0.933627 0.383888 0.316241 -0.38488 0.867098 0.400864 -0.930001 -0.306251 0.203246 -0.504429 0.187325 -0.870677 -0.454788 0.485926 
1537387588660 0.236769 0.919798 -0.312908 -0.621694 -0.937619 0.300713 0.174478 -0.245795 0.25458 0.252077 0.93362 0.383949 0.316531 -0.385118 0.866887 0.401814 -0.929976 -0.306103 0.20358 -0.50615 0.186955 -0.870623 -0.455042 0.486735 
1537387588771 0.23649 0.919905 -0.312807 -0.621918 -0.937677 0.300442 0.174635 -0.245751 0.254628 0.252012 0.933625 0.383906 0.16008 -0.304787 0.938871 0.370831 -0.775623 0.549475 0.310623 -0.528794 -0.61056 -0.777934 -0.14844 0.432481 
1537387588805 0.236575 0.919944 -0.312626 -0.621613 -0.937619 0.300524 0.174802 -0.245654 0.254759 0.25177 0.933654 0.383988 0.316241 -0.38488 0.867098 0.400864 -0.930001 -0.306251 0.203246 -0.504429 0.187325 -0.870677 -0.454788 0.485926 
1537387588858 0.236662 0.919983 -0.312446 -0.621308 -0.937562 0.300606 0.174967 -0.245556 0.25489 0.251529 0.933683 0.38407 0.316241 -0.38488 0.867098 0.400864 -0.930001 -0.306251 0.203246 -0.504429 0.187325 -0.870677 -0.454788 0.485926 
1537387589051 0.236748 0.920022 -0.312266 -0.621004 -0.937504 0.300689 0.175133 -0.245459 0.255021 0.251288 0.933712 0.384152 0.316241 -0.38488 0.867098 0.400864 -0.930001 -0.306251 0.203246 -0.504429 0.187325 -0.870677 -0.454788 0.485926 
1537387589233 0.236834 0.920061 -0.312085 -0.620699 -0.937447 0.300771 0.175299 -0.245361 0.255152 0.251046 0.933742 0.384234 0.316241 -0.38488 0.867098 0.400864 -0.930001 -0.306251 0.203246 -0.504429 0.187325 -0.870677 -0.454788 0.485926 
1537387589410 0.236921 0.9201 -0.311905 -0.620394 -0.93739 0.300854 0.175464 -0.245264 0.255282 0.250805 0.933771 0.384316 0.316241 -0.38488 0.867098 0.400864 -0.930001 -0.306251 0.203246 -0.504429 0.187325 -0.870677 -0.454788 0.485926 
1537387589610 0.237008 0.920139 -0.311725 -0.620089 -0.937332 0.300936 0.17563 -0.245167 0.255413 0.250564 0.9338 0.384398 0.316241 -0.38488 0.867098 0.400864 -0.930001 -0.306251 0.203246 -0.504429 0.187325 -0.870677 -0.454788 0.485926 
1537387589620 0.237094 0.920177 -0.311544 -0.619784 -0.937275 0.301019 0.175796 -0.245069 0.255544 0.250322 0.933829 0.384481 0.316241 -0.38488 0.867098 0.400864 -0.930001 -0.306251 0.203246 -0.504429 0.187325 -0.870677 -0.454788 0.485926 
1537387589883 0.237181 0.920216 -0.311364 -0.619479 -0.937217 0.301101 0.175961 -0.244972 0.255674 0.250081 0.933858 0.384563 0.316241 -0.38488 0.867098 0.400864 -0.930001 -0.306251 0.203246 -0.504429 0.187325 -0.870677 -0.454788 0.485926 
1537387590065 0.237259 0.920262 -0.311169 -0.61925 -0.937161 0.301173 0.176136 -0.244914 0.255807 0.249826 0.93389 0.38463 0.316531 -0.385118 0.866887 0.401814 -0.929976 -0.306103 0.20358 -0.50615 0.186955 -0.870623 -0.455042 0.486735 
