1535149359249 0.214194 0.919676 -0.329116 -0.472319 -0.94384 0.281643 0.172752 -0.171372 0.251569 0.27363 0.928353 0.474019 0.207403 -0.108398 0.972231 0.393806 -0.978184 -0.0350058 0.20477 -0.4978 0.0118371 -0.993491 -0.113293 0.442285 
1535149359262 0.218273 0.920369 -0.324465 -0.488555 -0.943249 0.284239 0.171726 -0.178444 0.250277 0.268568 0.930179 0.463945 0.202362 -0.109771 0.973139 0.392847 -0.979301 -0.0183348 0.201575 -0.496501 -0.00428478 -0.993788 -0.111209 0.441966 
1535149359805 0.222342 0.921027 -0.319801 -0.504793 -0.942646 0.286837 0.170713 -0.185519 0.248962 0.263503 0.931979 0.45387 0.197294 -0.111058 0.974033 0.391887 -0.980132 -0.00165442 0.198341 -0.495197 -0.0204159 -0.993812 -0.109178 0.441647 
1535149360150 0.226403 0.92165 -0.315125 -0.52103 -0.942032 0.289437 0.169713 -0.192593 0.247624 0.258434 0.933753 0.443795 0.192203 -0.11226 0.974913 0.390927 -0.980674 0.0150305 0.195069 -0.493894 -0.0365519 -0.993565 -0.107201 0.441328 
1535149360156 0.230454 0.922237 -0.310436 -0.537266 -0.941406 0.292039 0.168726 -0.199666 0.246264 0.253363 0.9355 0.433721 0.18709 -0.113375 0.975778 0.389968 -0.980929 0.0317152 0.191762 -0.492592 -0.0526879 -0.993046 -0.105279 0.441009 
1535149360290 0.234495 0.922788 -0.305735 -0.553505 -0.940768 0.294643 0.167752 -0.206741 0.244882 0.248288 0.937222 0.423646 0.181955 -0.114403 0.976629 0.389007 -0.980896 0.0483949 0.188419 -0.491286 -0.0688195 -0.992255 -0.103411 0.440689 
1535149361176 0.238527 0.923304 -0.301021 -0.569742 -0.940119 0.29725 0.166792 -0.213815 0.243478 0.243211 0.938918 0.413571 0.176801 -0.115343 0.977465 0.388047 -0.980574 0.0650647 0.185042 -0.489982 -0.0849418 -0.991192 -0.101599 0.44037 
1535149361182 0.24255 0.923785 -0.296296 -0.585979 -0.939458 0.299858 0.165844 -0.220888 0.242051 0.238132 0.940587 0.403497 0.171631 -0.116197 0.978285 0.387087 -0.979965 0.0817194 0.181632 -0.488677 -0.10105 -0.989859 -0.0998433 0.440051 
1535149361788 0.246562 0.92423 -0.291558 -0.602217 -0.938785 0.302468 0.164911 -0.227963 0.240602 0.23305 0.942231 0.393422 0.166443 -0.116963 0.97909 0.386126 -0.979068 0.0983549 0.178189 -0.487373 -0.11714 -0.988254 -0.098144 0.439731 
1535149361793 0.250565 0.924639 -0.286809 -0.618455 -0.938101 0.30508 0.16399 -0.235037 0.239131 0.227965 0.943847 0.383347 0.161242 -0.117641 0.979878 0.385166 -0.977884 0.114966 0.174716 -0.486069 -0.133206 -0.986379 -0.0965015 0.439412 
1535149364033 0.251583 0.924402 -0.286682 -0.61817 -0.937837 0.306022 0.163746 -0.23535 0.239098 0.227666 0.943928 0.384164 0.161769 -0.11736 0.979825 0.385332 -0.977959 0.113758 0.175086 -0.486227 -0.132011 -0.986552 -0.096371 0.439461 
1535149364045 0.251882 0.924464 -0.28622 -0.619818 -0.937794 0.30619 0.163678 -0.236024 0.238952 0.227187 0.94408 0.383076 0.161201 -0.117448 0.979908 0.38522 -0.977818 0.115542 0.174706 -0.486081 -0.13374 -0.986335 -0.0962176 0.439424 
1535149364152 0.252179 0.924526 -0.285757 -0.62147 -0.937751 0.306357 0.163612 -0.2367 0.238807 0.226709 0.944232 0.381987 0.160631 -0.117535 0.979991 0.385107 -0.977674 0.117326 0.174323 -0.485935 -0.135468 -0.986114 -0.0960651 0.439387 
1535149364397 0.252477 0.924588 -0.285293 -0.623124 -0.937708 0.306523 0.163546 -0.237377 0.238661 0.22623 0.944384 0.380897 0.160061 -0.117622 0.980074 0.384994 -0.977526 0.11911 0.17394 -0.485789 -0.137196 -0.985889 -0.0959133 0.439351 
1535149364432 0.252774 0.92465 -0.28483 -0.624777 -0.937665 0.30669 0.163479 -0.238053 0.238516 0.225752 0.944535 0.379808 0.159491 -0.117707 0.980157 0.384882 -0.977376 0.120893 0.173556 -0.485642 -0.138923 -0.985662 -0.0957622 0.439314 
1535149364602 0.253071 0.924711 -0.284366 -0.62643 -0.937622 0.306857 0.163413 -0.23873 0.23837 0.225273 0.944686 0.378719 0.158919 -0.11779 0.98024 0.384769 -0.977222 0.122676 0.173171 -0.485496 -0.14065 -0.985432 -0.0956118 0.439277 
1535149364836 0.253369 0.924772 -0.283903 -0.628081 -0.937579 0.307024 0.163347 -0.239405 0.238224 0.224795 0.944837 0.37763 0.158349 -0.117873 0.980322 0.384657 -0.977064 0.124459 0.172788 -0.48535 -0.142377 -0.985198 -0.0954619 0.43924 
1535149365003 0.253666 0.924833 -0.28344 -0.629734 -0.937535 0.307191 0.163281 -0.240082 0.238078 0.224316 0.944987 0.37654 0.157779 -0.117955 0.980404 0.384544 -0.976903 0.126241 0.172404 -0.485204 -0.144103 -0.984962 -0.0953128 0.439203 
1535149365018 0.253963 0.924893 -0.282976 -0.631386 -0.937492 0.307359 0.163215 -0.240758 0.237931 0.223837 0.945138 0.375451 0.157207 -0.118036 0.980486 0.384431 -0.976739 0.128023 0.172019 -0.485058 -0.145829 -0.984722 -0.0951645 0.439167 
1535149365054 0.254259 0.924954 -0.282512 -0.63304 -0.937449 0.307526 0.163149 -0.241434 0.237785 0.223359 0.945288 0.374362 0.156636 -0.118116 0.980568 0.384319 -0.976572 0.129804 0.171634 -0.484911 -0.147554 -0.984479 -0.0950167 0.43913 
1535149365841 0.254973 0.924721 -0.282631 -0.632807 -0.937231 0.308252 0.163032 -0.241602 0.237881 0.223322 0.945273 0.374809 0.156952 -0.11809 0.980521 0.384419 -0.976607 0.129205 0.171886 -0.484946 -0.146986 -0.984561 -0.0950484 0.439122 
1535149365852 0.254308 0.924097 -0.285259 -0.632631 -0.937213 0.308267 0.163107 -0.241641 0.238662 0.225869 0.94447 0.375132 0.159806 -0.117044 0.980185 0.384426 -0.977237 0.121597 0.173845 -0.485339 -0.139535 -0.985655 -0.0949474 0.439228 
1535149365859 0.253641 0.923465 -0.287886 -0.63245 -0.937194 0.308283 0.163182 -0.241677 0.239443 0.228416 0.94366 0.375456 0.162654 -0.115976 0.979844 0.384434 -0.977804 0.113983 0.175807 -0.485737 -0.132075 -0.98669 -0.0948617 0.439334 
1535149366177 0.252972 0.922827 -0.290511 -0.63227 -0.937176 0.308299 0.163256 -0.241714 0.240222 0.230961 0.942842 0.37578 0.165493 -0.114886 0.979497 0.384442 -0.978307 0.106365 0.177767 -0.486135 -0.124607 -0.987668 -0.094791 0.439439 
1535149366319 0.2523 0.922181 -0.293133 -0.63209 -0.937158 0.308316 0.163331 -0.241751 0.240998 0.233504 0.942017 0.376104 0.168322 -0.113774 0.979144 0.38445 -0.978748 0.0987422 0.179728 -0.486533 -0.117131 -0.988588 -0.0947352 0.439545 
1535149366407 0.251627 0.921528 -0.295753 -0.631911 -0.937139 0.308332 0.163406 -0.241788 0.241773 0.236045 0.941185 0.376428 0.171142 -0.11264 0.978786 0.384458 -0.979126 0.0911163 0.181687 -0.48693 -0.109649 -0.989449 -0.0946946 0.439651 
1535149366740 0.250951 0.920868 -0.298371 -0.63173 -0.937121 0.308349 0.16348 -0.241824 0.242546 0.238584 0.940345 0.376752 0.173953 -0.111484 0.978423 0.384466 -0.979441 0.0834872 0.183646 -0.487328 -0.102159 -0.990253 -0.0946689 0.439757 
1535149366798 0.250273 0.920201 -0.300986 -0.63155 -0.937102 0.308366 0.163555 -0.241861 0.243317 0.241121 0.939498 0.377076 0.176753 -0.110306 0.978055 0.384474 -0.979692 0.0758556 0.185604 -0.487725 -0.0946642 -0.990999 -0.0946582 0.439863 
1535149366971 0.249593 0.919527 -0.303599 -0.631369 -0.937083 0.308384 0.163629 -0.241898 0.244086 0.243657 0.938644 0.3774 0.179544 -0.109106 0.977681 0.384482 -0.979881 0.0682218 0.187562 -0.488124 -0.0871633 -0.991686 -0.0946625 0.439969 
1535149367316 0.248911 0.918846 -0.30621 -0.631189 -0.937064 0.308401 0.163703 -0.241934 0.244854 0.246191 0.937783 0.377724 0.182325 -0.107885 0.977302 0.38449 -0.980006 0.0605866 0.189517 -0.488522 -0.0796575 -0.992315 -0.0946818 0.440075 
1535149367881 0.248981 0.919116 -0.305342 -0.631279 -0.937125 0.308233 0.163673 -0.24186 0.244551 0.245393 0.938071 0.37753 0.181835 -0.108234 0.977354 0.384445 -0.980026 0.06145 0.189138 -0.488416 -0.0805295 -0.992224 -0.0948981 0.440108 
1535149367897 0.248538 0.91952 -0.304488 -0.631474 -0.937291 0.307612 0.16389 -0.242013 0.244364 0.244661 0.938311 0.377413 0.183136 -0.109123 0.977012 0.384446 -0.980017 0.0582175 0.190201 -0.488615 -0.0776346 -0.992322 -0.0962809 0.440349 
1535149368032 0.248093 0.919922 -0.303632 -0.631673 -0.937458 0.306988 0.164107 -0.242169 0.244177 0.243928 0.93855 0.377295 0.18444 -0.110008 0.976668 0.384448 -0.979998 0.0549844 0.191262 -0.488818 -0.0747418 -0.992409 -0.0976664 0.44059 
1535149368121 0.247648 0.920324 -0.302776 -0.631871 -0.937624 0.306364 0.164323 -0.242324 0.24399 0.243196 0.938789 0.377177 0.185746 -0.110889 0.976321 0.384449 -0.979967 0.0517498 0.192317 -0.48902 -0.0718502 -0.992485 -0.099055 0.440832 
1535149368277 0.247203 0.920725 -0.30192 -0.632071 -0.93779 0.30574 0.164538 -0.242479 0.243804 0.242463 0.939027 0.37706 0.187054 -0.111765 0.975971 0.384451 -0.979926 0.0485138 0.193368 -0.489223 -0.0689598 -0.99255 -0.100446 0.441073 
1535149368420 0.246758 0.921125 -0.301063 -0.63227 -0.937956 0.305115 0.164753 -0.242635 0.243617 0.24173 0.939264 0.376942 0.188365 -0.112636 0.975619 0.384453 -0.979874 0.0452764 0.194414 -0.489425 -0.0660706 -0.992604 -0.101841 0.441314 
1535149368511 0.246312 0.921524 -0.300206 -0.632468 -0.938121 0.30449 0.164968 -0.24279 0.243432 0.240996 0.939501 0.376824 0.189678 -0.113503 0.975264 0.384454 -0.979811 0.0420377 0.195455 -0.489627 -0.0631827 -0.992648 -0.103238 0.441556 
1535149368519 0.245867 0.921922 -0.299349 -0.632668 -0.938286 0.303865 0.165181 -0.242946 0.243246 0.240263 0.939737 0.376706 0.190993 -0.114366 0.974906 0.384456 -0.979738 0.0387976 0.196491 -0.48983 -0.0602959 -0.992681 -0.104639 0.441797 
1535149368722 0.245421 0.922319 -0.298492 -0.632866 -0.938451 0.30324 0.165394 -0.243101 0.243061 0.239529 0.939972 0.376589 0.192311 -0.115224 0.974546 0.384458 -0.979653 0.0355562 0.197523 -0.490032 -0.0574106 -0.992703 -0.106042 0.442038 
1535149368729 0.244974 0.922714 -0.297634 -0.633064 -0.938615 0.302615 0.165607 -0.243256 0.242876 0.238794 0.940207 0.376471 0.19363 -0.116078 0.974183 0.384459 -0.979558 0.0323137 0.198549 -0.490234 -0.0545266 -0.992714 -0.107448 0.442279 
1535149369168 0.245459 0.92241 -0.298177 -0.632893 -0.938509 0.303153 0.165225 -0.243289 0.242798 0.239286 0.940102 0.376552 0.193288 -0.115847 0.974279 0.384394 -0.979554 0.0336957 0.198341 -0.490083 -0.0558062 -0.992695 -0.106965 0.442137 
1535149369180 0.245261 0.922842 -0.297001 -0.633064 -0.93867 0.302646 0.165236 -0.243436 0.242373 0.23826 0.940472 0.376388 0.192978 -0.116258 0.974291 0.38438 -0.979639 0.033223 0.198001 -0.490102 -0.0553881 -0.992663 -0.107479 0.442188 
1535149369187 0.245062 0.923273 -0.295825 -0.633239 -0.938832 0.302139 0.165247 -0.243585 0.241948 0.237234 0.940841 0.376222 0.192666 -0.11667 0.974304 0.384366 -0.979723 0.0327507 0.19766 -0.490121 -0.0549701 -0.992631 -0.107995 0.442239 
1535149369198 0.244862 0.923702 -0.294648 -0.633414 -0.938994 0.301631 0.165257 -0.243734 0.241523 0.236207 0.941208 0.376057 0.192355 -0.117083 0.974316 0.384352 -0.979808 0.0322784 0.197318 -0.49014 -0.0545519 -0.992597 -0.10851 0.44229 
1535149369353 0.244662 0.92413 -0.29347 -0.63359 -0.939155 0.301123 0.165267 -0.243883 0.241099 0.235179 0.941574 0.375892 0.192045 -0.117495 0.974327 0.384338 -0.979892 0.0318061 0.196978 -0.490159 -0.0541335 -0.992564 -0.109025 0.442341 
1535149369382 0.244461 0.924556 -0.292292 -0.633766 -0.939316 0.300615 0.165276 -0.244032 0.240674 0.234151 0.941939 0.375726 0.191734 -0.117908 0.974339 0.384325 -0.979976 0.0313341 0.196635 -0.490178 -0.053715 -0.99253 -0.109539 0.442393 
1535149369412 0.24426 0.924981 -0.291114 -0.63394 -0.939477 0.300107 0.165284 -0.244181 0.24025 0.233122 0.942303 0.375561 0.191423 -0.118321 0.97435 0.384311 -0.98006 0.0308624 0.196293 -0.490197 -0.0532963 -0.992496 -0.110054 0.442444 
1535149369425 0.244058 0.925405 -0.289935 -0.634116 -0.939638 0.299599 0.165292 -0.24433 0.239826 0.232093 0.942665 0.375396 0.191113 -0.118734 0.97436 0.384297 -0.980143 0.0303905 0.195951 -0.490215 -0.0528773 -0.992461 -0.110568 0.442495 
1535149369560 0.243856 0.925827 -0.288755 -0.634291 -0.939798 0.299091 0.165299 -0.244479 0.239402 0.231063 0.943025 0.375231 0.190803 -0.119147 0.974371 0.384283 -0.980226 0.0299189 0.195608 -0.490234 -0.0524583 -0.992426 -0.111083 0.442546 
1535149369592 0.243652 0.926247 -0.287575 -0.634467 -0.939959 0.298582 0.165305 -0.244629 0.238978 0.230032 0.943385 0.375065 0.190492 -0.119561 0.974381 0.384269 -0.980308 0.0294476 0.195265 -0.490253 -0.0520391 -0.99239 -0.111597 0.442597 
1535149369824 0.244606 0.925025 -0.290682 -0.633992 -0.939409 0.300338 0.165248 -0.244373 0.240162 0.232649 0.942442 0.375566 0.191107 -0.118818 0.974351 0.384328 -0.980144 0.0303675 0.195946 -0.490225 -0.0528706 -0.992452 -0.110656 0.442485 
1535149369957 0.244966 0.925051 -0.290297 -0.633988 -0.939292 0.300635 0.165375 -0.244365 0.240254 0.232162 0.942538 0.375495 0.191121 -0.119528 0.974262 0.384337 -0.980176 0.029575 0.19591 -0.4903 -0.0522305 -0.99239 -0.111506 0.442596 
1535149369972 0.245325 0.925077 -0.28991 -0.633986 -0.939175 0.30093 0.165503 -0.244359 0.240346 0.231674 0.942635 0.375424 0.191137 -0.120238 0.974171 0.384347 -0.980207 0.028783 0.195874 -0.490379 -0.0515911 -0.992328 -0.112357 0.442707 
1535149370072 0.245683 0.925103 -0.289523 -0.633984 -0.939058 0.301226 0.165631 -0.244352 0.240438 0.231187 0.942731 0.375352 0.191153 -0.120949 0.97408 0.384357 -0.980237 0.027991 0.195837 -0.490458 -0.0509518 -0.992264 -0.113208 0.442819 
1535149370130 0.246042 0.925129 -0.289136 -0.633981 -0.938941 0.301521 0.165759 -0.244345 0.240529 0.230698 0.942828 0.375281 0.19117 -0.121659 0.973988 0.384367 -0.980267 0.0271992 0.195799 -0.490536 -0.0503124 -0.992199 -0.114059 0.44293 
1535149370327 0.2464 0.925154 -0.288749 -0.63398 -0.938823 0.301816 0.165887 -0.244339 0.24062 0.23021 0.942924 0.37521 0.191187 -0.122369 0.973896 0.384377 -0.980296 0.0264072 0.195762 -0.490615 -0.049673 -0.992133 -0.114909 0.443042 
1535149370334 0.246759 0.925179 -0.288363 -0.633979 -0.938705 0.302111 0.166015 -0.244333 0.240711 0.229722 0.943019 0.375138 0.191205 -0.123079 0.973803 0.384387 -0.980325 0.0256152 0.195723 -0.490695 -0.0490335 -0.992066 -0.115759 0.443153 
1535149370387 0.247118 0.925204 -0.287976 -0.633977 -0.938588 0.302406 0.166144 -0.244326 0.240802 0.229233 0.943115 0.375067 0.191223 -0.123789 0.973709 0.384397 -0.980353 0.0248233 0.195684 -0.490774 -0.0483941 -0.991998 -0.11661 0.443264 
1535149370517 0.247476 0.925229 -0.287589 -0.633975 -0.93847 0.3027 0.166272 -0.244319 0.240893 0.228745 0.943211 0.374996 0.191241 -0.124499 0.973615 0.384407 -0.980381 0.0240315 0.195643 -0.490852 -0.0477547 -0.991929 -0.11746 0.443376 
1535149370601 0.247835 0.925253 -0.287202 -0.633974 -0.938352 0.302995 0.166401 -0.244313 0.240983 0.228257 0.943306 0.374924 0.191261 -0.125208 0.97352 0.384418 -0.980408 0.0232395 0.195603 -0.490933 -0.0471152 -0.991858 -0.11831 0.443487 
1535149370709 0.24721 0.925176 -0.287986 -0.633945 -0.938554 0.302505 0.166156 -0.24441 0.24084 0.229215 0.94311 0.375166 0.190998 -0.123601 0.973777 0.384356 -0.980376 0.025306 0.195504 -0.490852 -0.048807 -0.992009 -0.116342 0.443164 
1535149370720 0.247955 0.92504 -0.287782 -0.633755 -0.93841 0.303129 0.165829 -0.244303 0.240633 0.22894 0.94323 0.375196 0.190944 -0.124275 0.973702 0.384397 -0.980377 0.0253859 0.195493 -0.490953 -0.0490131 -0.991923 -0.116989 0.443219 
1535149370755 0.248688 0.924906 -0.287581 -0.633558 -0.938271 0.30374 0.165499 -0.24419 0.240421 0.228671 0.943349 0.375233 0.19089 -0.124949 0.973627 0.384438 -0.980377 0.0254669 0.195482 -0.491054 -0.0492205 -0.991836 -0.117635 0.443274 
1535149370778 0.24942 0.924771 -0.28738 -0.63336 -0.938131 0.304351 0.16517 -0.244076 0.240209 0.228403 0.943468 0.375269 0.190836 -0.125623 0.97355 0.384479 -0.980377 0.0255481 0.195471 -0.491156 -0.0494279 -0.991749 -0.118282 0.443329 
1535149370885 0.250153 0.924636 -0.287178 -0.633162 -0.93799 0.304963 0.164841 -0.243963 0.239996 0.228135 0.943587 0.375305 0.190782 -0.126296 0.973474 0.38452 -0.980377 0.0256292 0.19546 -0.491258 -0.0496352 -0.991661 -0.118928 0.443384 
1535149370936 0.250885 0.924501 -0.286976 -0.632966 -0.937849 0.305573 0.164511 -0.243851 0.239783 0.227867 0.943706 0.375341 0.190728 -0.12697 0.973397 0.384561 -0.980377 0.0257103 0.195449 -0.491359 -0.0498426 -0.991573 -0.119575 0.443439 
1535149370942 0.251617 0.924364 -0.286774 -0.632768 -0.937707 0.306185 0.164182 -0.243738 0.23957 0.227599 0.943824 0.375378 0.190674 -0.127644 0.973319 0.384602 -0.980377 0.0257914 0.195439 -0.491461 -0.0500498 -0.991485 -0.120221 0.443495 
1535149371132 0.252348 0.924228 -0.286572 -0.632572 -0.937565 0.306795 0.163854 -0.243625 0.239357 0.227332 0.943943 0.375414 0.190619 -0.128317 0.973241 0.384643 -0.980377 0.0258726 0.195428 -0.491562 -0.0502571 -0.991396 -0.120867 0.44355 
1535149371159 0.25308 0.92409 -0.286369 -0.632374 -0.937423 0.307406 0.163525 -0.243512 0.239143 0.227064 0.944062 0.375451 0.190565 -0.128991 0.973163 0.384684 -0.980377 0.0259538 0.195417 -0.491664 -0.0504643 -0.991306 -0.121514 0.443605 
1535149371219 0.253811 0.923953 -0.286166 -0.632177 -0.937279 0.308017 0.163196 -0.243399 0.23893 0.226797 0.94418 0.375487 0.19051 -0.129664 0.973084 0.384725 -0.980377 0.0260349 0.195407 -0.491765 -0.0506714 -0.991216 -0.12216 0.44366 
1535149371489 0.252601 0.924139 -0.286635 -0.63257 -0.937446 0.307097 0.163971 -0.243624 0.239557 0.227285 0.943904 0.375443 0.190692 -0.128632 0.973186 0.384671 -0.980356 0.0259218 0.195523 -0.49159 -0.0503773 -0.991354 -0.121162 0.443526 
1535149371512 0.25265 0.924203 -0.286387 -0.632266 -0.937447 0.307085 0.163984 -0.243516 0.2395 0.227042 0.943977 0.375525 0.19099 -0.129938 0.972954 0.384736 -0.980316 0.0252737 0.19581 -0.491807 -0.0500333 -0.9912 -0.122553 0.443667 
1535149371534 0.252699 0.924266 -0.286139 -0.631956 -0.937449 0.307074 0.163996 -0.243405 0.239442 0.226799 0.944049 0.375608 0.191337 -0.131093 0.972731 0.384805 -0.980268 0.0246023 0.196135 -0.491993 -0.0496434 -0.991065 -0.123799 0.443769 
1535149371635 0.252747 0.924329 -0.285892 -0.631647 -0.937451 0.307062 0.164009 -0.243295 0.239385 0.226557 0.944122 0.37569 0.191686 -0.132247 0.972506 0.384874 -0.98022 0.0239305 0.19646 -0.492176 -0.0492538 -0.990928 -0.125044 0.44387 
1535149371767 0.252796 0.924393 -0.285644 -0.631338 -0.937452 0.307051 0.164021 -0.243184 0.239327 0.226314 0.944195 0.375773 0.192035 -0.133401 0.972279 0.384943 -0.980171 0.0232582 0.196784 -0.49236 -0.0488646 -0.990789 -0.126289 0.443972 
1535149371862 0.252844 0.924456 -0.285397 -0.63103 -0.937454 0.307039 0.164033 -0.243074 0.239269 0.226072 0.944268 0.375855 0.192385 -0.134554 0.972051 0.385011 -0.980122 0.0225854 0.197108 -0.492544 -0.0484759 -0.990649 -0.127534 0.444074 
1535149371871 0.252893 0.924519 -0.285149 -0.63072 -0.937456 0.307028 0.164045 -0.242963 0.239211 0.225829 0.944341 0.375938 0.192734 -0.135707 0.971822 0.38508 -0.980072 0.0219125 0.19743 -0.492728 -0.0480876 -0.990507 -0.128779 0.444176 
1535149372001 0.252941 0.924582 -0.284902 -0.630412 -0.937457 0.307016 0.164057 -0.242853 0.239153 0.225586 0.944413 0.376021 0.193085 -0.136859 0.97159 0.385149 -0.980022 0.0212389 0.197752 -0.492911 -0.0476997 -0.990363 -0.130024 0.444278 
1535149372131 0.252989 0.924645 -0.284654 -0.630102 -0.937459 0.307005 0.164069 -0.242742 0.239096 0.225344 0.944486 0.376104 0.193435 -0.138011 0.971358 0.385218 -0.979972 0.0205652 0.198072 -0.493096 -0.0473124 -0.990217 -0.131269 0.44438 
1535149372296 0.253038 0.924708 -0.284406 -0.629793 -0.937461 0.306993 0.164081 -0.242632 0.239038 0.225101 0.944558 0.376186 0.193785 -0.139163 0.971124 0.385287 -0.979921 0.0198911 0.198391 -0.493279 -0.0469254 -0.99007 -0.132514 0.444482 
1535149372533 0.253023 0.924599 -0.284774 -0.630051 -0.937462 0.307046 0.163973 -0.242736 0.239048 0.225476 0.944466 0.376065 0.193549 -0.138179 0.971311 0.385153 -0.979939 0.0207343 0.198218 -0.493138 -0.047529 -0.99019 -0.131394 0.444331 
1535149372541 0.253028 0.92459 -0.284799 -0.629608 -0.937454 0.307062 0.16399 -0.242526 0.239074 0.225492 0.944456 0.376204 0.193633 -0.137766 0.971353 0.385207 -0.979866 0.0219612 0.198445 -0.493241 -0.0486711 -0.990221 -0.13074 0.444163 
1535149372546 0.253034 0.92458 -0.284824 -0.62916 -0.937446 0.307078 0.164005 -0.242313 0.239099 0.225508 0.944446 0.376344 0.193719 -0.137354 0.971394 0.385262 -0.979792 0.0231882 0.198672 -0.493345 -0.0498133 -0.990251 -0.130086 0.443996 
1535149372752 0.253039 0.924571 -0.28485 -0.628712 -0.937438 0.307094 0.164021 -0.242101 0.239125 0.225525 0.944435 0.376484 0.193804 -0.136942 0.971436 0.385316 -0.979716 0.0244153 0.198898 -0.493449 -0.0509553 -0.990278 -0.129432 0.443828 
1535149372781 0.253045 0.924562 -0.284876 -0.628264 -0.93743 0.30711 0.164037 -0.241888 0.239151 0.225542 0.944425 0.376624 0.19389 -0.136529 0.971476 0.385371 -0.979639 0.0256424 0.199123 -0.493553 -0.0520971 -0.990304 -0.128778 0.443661 
1535149372813 0.253051 0.924552 -0.284901 -0.627815 -0.937422 0.307127 0.164053 -0.241675 0.239176 0.225559 0.944414 0.376764 0.193977 -0.136117 0.971517 0.385425 -0.97956 0.0268696 0.199348 -0.493657 -0.0532389 -0.990328 -0.128123 0.443493 
1535149372932 0.253057 0.924543 -0.284927 -0.627368 -0.937414 0.307143 0.164069 -0.241463 0.239202 0.225576 0.944404 0.376904 0.194064 -0.135705 0.971557 0.38548 -0.97948 0.0280969 0.199571 -0.49376 -0.0543805 -0.990351 -0.127468 0.443325 
1535149373108 0.253063 0.924533 -0.284953 -0.626919 -0.937406 0.307159 0.164084 -0.24125 0.239227 0.225593 0.944393 0.377044 0.194152 -0.135293 0.971597 0.385534 -0.979399 0.0293242 0.199794 -0.493864 -0.0555219 -0.990372 -0.126812 0.443158 
1535149373148 0.253068 0.924524 -0.284978 -0.626471 -0.937398 0.307175 0.1641 -0.241038 0.239253 0.22561 0.944383 0.377184 0.194239 -0.134881 0.971637 0.385589 -0.979316 0.0305516 0.200016 -0.493968 -0.0566632 -0.990391 -0.126156 0.44299 
1535149373170 0.253074 0.924514 -0.285004 -0.626024 -0.93739 0.307191 0.164116 -0.240825 0.239278 0.225626 0.944372 0.377324 0.194328 -0.134469 0.971676 0.385643 -0.979232 0.031779 0.200237 -0.494072 -0.0578044 -0.990408 -0.1255 0.442823 
1535149373583 0.252493 0.924708 -0.28489 -0.62627 -0.937558 0.306605 0.16425 -0.240764 0.239232 0.225629 0.944383 0.377174 0.194374 -0.134949 0.9716 0.385644 -0.979296 0.0304013 0.200137 -0.493891 -0.056546 -0.990386 -0.126245 0.442913 
1535149373595 0.252398 0.924697 -0.28501 -0.625872 -0.937406 0.306702 0.164933 -0.240656 0.239926 0.225542 0.944228 0.377273 0.195104 -0.133654 0.971633 0.385697 -0.979344 0.027087 0.200378 -0.493995 -0.0530999 -0.990658 -0.125608 0.442782 
1535149373601 0.252303 0.924686 -0.285131 -0.62547 -0.937254 0.3068 0.165615 -0.240546 0.24062 0.225455 0.944072 0.377372 0.195829 -0.132357 0.971665 0.385752 -0.97938 0.0237728 0.200623 -0.494103 -0.0496529 -0.990917 -0.124972 0.442652 
1535149373846 0.252208 0.924674 -0.285252 -0.625068 -0.937102 0.306898 0.166296 -0.240437 0.241313 0.225369 0.943916 0.377472 0.19655 -0.131057 0.971695 0.385806 -0.979405 0.0204586 0.200869 -0.49421 -0.0462048 -0.991164 -0.124337 0.442522 
1535149373953 0.252113 0.924663 -0.285372 -0.624665 -0.936948 0.306996 0.166978 -0.240327 0.242006 0.225282 0.943759 0.377571 0.197266 -0.129755 0.971725 0.38586 -0.979417 0.0171446 0.201117 -0.494317 -0.0427557 -0.991398 -0.123702 0.442391 
1535149374020 0.252018 0.924652 -0.285493 -0.624262 -0.936795 0.307093 0.167659 -0.240217 0.242699 0.225195 0.943602 0.377671 0.197978 -0.12845 0.971754 0.385914 -0.979418 0.0138306 0.201368 -0.494425 -0.0393057 -0.99162 -0.123068 0.442261 
1535149374268 0.251923 0.92464 -0.285613 -0.62386 -0.93664 0.307191 0.16834 -0.240107 0.243392 0.225108 0.943444 0.37777 0.198685 -0.127143 0.971781 0.385968 -0.979407 0.0105169 0.20162 -0.494532 -0.0358547 -0.991829 -0.122435 0.44213 
1535149374274 0.251827 0.924629 -0.285734 -0.623457 -0.936486 0.307288 0.169021 -0.239997 0.244085 0.225022 0.943286 0.37787 0.199388 -0.125833 0.971808 0.386023 -0.979385 0.00720335 0.201875 -0.49464 -0.0324028 -0.992025 -0.121803 0.442 
1535149374308 0.251732 0.924618 -0.285854 -0.623055 -0.936331 0.307386 0.169703 -0.239887 0.244778 0.224935 0.943127 0.377969 0.200085 -0.124521 0.971834 0.386077 -0.979351 0.00389011 0.202131 -0.494747 -0.0289501 -0.992209 -0.121171 0.44187 
1535149374523 0.251636 0.924607 -0.285975 -0.622653 -0.936175 0.307483 0.170384 -0.239777 0.24547 0.224848 0.942968 0.378068 0.200778 -0.123206 0.971858 0.386131 -0.979305 0.00057717 0.20239 -0.494854 -0.0254966 -0.992381 -0.12054 0.441739 
1535149374814 0.251506 0.924678 -0.285858 -0.622913 -0.936372 0.307189 0.169829 -0.239775 0.24485 0.224956 0.943103 0.377959 0.19965 -0.125142 0.971843 0.385979 -0.979406 0.00495089 0.201842 -0.494773 -0.0300703 -0.992127 -0.121576 0.441836 
1535149374829 0.251705 0.924553 -0.286088 -0.622568 -0.936302 0.307436 0.169771 -0.239635 0.244916 0.225132 0.943044 0.378056 0.199493 -0.12576 0.971796 0.385997 -0.979426 0.00523374 0.201737 -0.494791 -0.0304566 -0.992047 -0.122129 0.441923 
1535149374850 0.251903 0.924428 -0.286319 -0.622218 -0.936231 0.307683 0.169711 -0.239493 0.244981 0.22531 0.942984 0.378155 0.199336 -0.12638 0.971748 0.386015 -0.979446 0.00551644 0.201632 -0.494808 -0.030843 -0.991967 -0.122683 0.442009 
1535149375037 0.252101 0.924302 -0.28655 -0.621869 -0.936161 0.30793 0.169652 -0.239351 0.245047 0.225488 0.942925 0.378253 0.199178 -0.127 0.971699 0.386034 -0.979466 0.00579927 0.201528 -0.494825 -0.0312292 -0.991886 -0.123237 0.442096 
1535149375052 0.252299 0.924176 -0.286781 -0.621519 -0.93609 0.308178 0.169592 -0.239208 0.245113 0.225665 0.942865 0.378352 0.199019 -0.12762 0.97165 0.386052 -0.979485 0.00608219 0.201423 -0.494842 -0.0316154 -0.991804 -0.123792 0.442182 
1535149375302 0.252497 0.92405 -0.287013 -0.621168 -0.93602 0.308425 0.169533 -0.239066 0.245179 0.225843 0.942806 0.37845 0.19886 -0.12824 0.971601 0.38607 -0.979505 0.00636529 0.201318 -0.49486 -0.0320015 -0.991723 -0.124346 0.442269 
1535149375403 0.252695 0.923925 -0.287244 -0.620819 -0.935949 0.308672 0.169473 -0.238924 0.245244 0.226021 0.942746 0.378548 0.198702 -0.128859 0.971552 0.386088 -0.979525 0.00664819 0.201214 -0.494877 -0.0323874 -0.991641 -0.1249 0.442356 
1535149375477 0.252892 0.923798 -0.287475 -0.620469 -0.935878 0.308919 0.169413 -0.238781 0.24531 0.226198 0.942686 0.378647 0.198542 -0.129479 0.971502 0.386106 -0.979544 0.00693144 0.20111 -0.494894 -0.0327734 -0.991558 -0.125454 0.442442 
1535149375583 0.25309 0.923672 -0.287706 -0.620119 -0.935808 0.309166 0.169354 -0.238639 0.245376 0.226376 0.942626 0.378745 0.198384 -0.130098 0.971452 0.386125 -0.979563 0.00721446 0.201006 -0.494912 -0.0331591 -0.991475 -0.126008 0.442529 
1535149375748 0.253288 0.923546 -0.287937 -0.619769 -0.935737 0.309413 0.169294 -0.238496 0.245442 0.226553 0.942567 0.378844 0.198224 -0.130718 0.971401 0.386143 -0.979583 0.00749766 0.200903 -0.494929 -0.0335448 -0.991391 -0.126563 0.442615 
1535149376007 0.252895 0.923712 -0.287751 -0.620023 -0.935832 0.309014 0.169496 -0.238414 0.245485 0.226421 0.942587 0.378738 0.198413 -0.129946 0.971466 0.386085 -0.979554 0.00734861 0.201048 -0.494904 -0.0332642 -0.991494 -0.125831 0.442427 
1535149376017 0.252979 0.92366 -0.287843 -0.619779 -0.935769 0.309148 0.169598 -0.23833 0.245637 0.22645 0.942541 0.378835 0.198891 -0.130053 0.971354 0.386117 -0.979487 0.00636389 0.201408 -0.495035 -0.0323753 -0.991487 -0.12612 0.442466 
1535149376037 0.253063 0.923608 -0.287937 -0.619531 -0.935707 0.309282 0.169699 -0.238245 0.245789 0.22648 0.942494 0.378933 0.199369 -0.13016 0.971242 0.38615 -0.979418 0.00537779 0.201769 -0.495169 -0.0314854 -0.991478 -0.126409 0.442506 
1535149376110 0.253146 0.923556 -0.288031 -0.619283 -0.935644 0.309416 0.1698 -0.238159 0.245941 0.22651 0.942447 0.379031 0.199848 -0.130267 0.971129 0.386182 -0.979349 0.00439166 0.202129 -0.495303 -0.0305957 -0.991469 -0.126699 0.442546 
1535149376117 0.25323 0.923504 -0.288124 -0.619034 -0.935581 0.30955 0.169902 -0.238074 0.246094 0.22654 0.9424 0.37913 0.200328 -0.130373 0.971016 0.386215 -0.979279 0.00340547 0.202489 -0.495438 -0.029706 -0.991459 -0.12699 0.442586 
1535149376177 0.253314 0.923451 -0.288218 -0.618787 -0.935519 0.309684 0.170003 -0.237989 0.246246 0.226569 0.942353 0.379227 0.200806 -0.130479 0.970903 0.386248 -0.979207 0.0024193 0.202849 -0.495571 -0.0288165 -0.991448 -0.12728 0.442625 
1535149376387 0.253398 0.923399 -0.288312 -0.618538 -0.935456 0.309818 0.170104 -0.237903 0.246398 0.226599 0.942306 0.379326 0.201286 -0.130584 0.970789 0.386281 -0.979134 0.00143299 0.203209 -0.495706 -0.027927 -0.991436 -0.127571 0.442665 
1535149376394 0.253481 0.923347 -0.288406 -0.61829 -0.935393 0.309952 0.170206 -0.237817 0.246551 0.226629 0.942259 0.379424 0.201765 -0.130689 0.970676 0.386314 -0.979061 0.000446725 0.203568 -0.49584 -0.0270377 -0.991423 -0.127862 0.442705 
1535149376424 0.253565 0.923295 -0.2885 -0.618041 -0.93533 0.310086 0.170307 -0.237731 0.246703 0.226659 0.942212 0.379522 0.202244 -0.130793 0.970562 0.386347 -0.978986 -0.000539665 0.203927 -0.495975 -0.0261485 -0.99141 -0.128154 0.442744 
1535149376634 0.253648 0.923242 -0.288593 -0.617793 -0.935267 0.31022 0.170408 -0.237646 0.246855 0.226688 0.942165 0.37962 0.202724 -0.130897 0.970448 0.386379 -0.97891 -0.00152602 0.204286 -0.496109 -0.0252594 -0.991395 -0.128446 0.442784 
1535149376855 0.253485 0.923307 -0.288529 -0.61803 -0.935363 0.310005 0.170275 -0.237701 0.246662 0.226717 0.942209 0.379525 0.202333 -0.130774 0.970546 0.386334 -0.97897 -0.000640002 0.204003 -0.495933 -0.0260571 -0.991412 -0.128153 0.442755 
1535149376862 0.253517 0.923285 -0.288571 -0.617841 -0.935344 0.310052 0.17029 -0.237609 0.246698 0.226742 0.942193 0.37959 0.202716 -0.13063 0.970485 0.386358 -0.978909 -0.00136298 0.204292 -0.496059 -0.0253639 -0.99143 -0.128151 0.442754 
1535149376877 0.25355 0.923263 -0.288614 -0.617648 -0.935326 0.3101 0.170303 -0.237515 0.246734 0.226768 0.942178 0.379656 0.203101 -0.130486 0.970424 0.386383 -0.978847 -0.00208588 0.204583 -0.49619 -0.024671 -0.991448 -0.12815 0.442753 
1535149376882 0.253582 0.923241 -0.288656 -0.617454 -0.935308 0.310147 0.170317 -0.237421 0.246769 0.226793 0.942162 0.379721 0.203485 -0.130342 0.970363 0.386409 -0.978784 -0.00280871 0.204873 -0.49632 -0.0239782 -0.991465 -0.128149 0.442752 
1535149376890 0.253615 0.923219 -0.288699 -0.617261 -0.93529 0.310195 0.17033 -0.237326 0.246805 0.226819 0.942147 0.379787 0.203869 -0.130198 0.970302 0.386434 -0.978721 -0.00353153 0.205164 -0.496451 -0.0232854 -0.991482 -0.128148 0.442751 
1535149377116 0.253647 0.923196 -0.288742 -0.617067 -0.935272 0.310242 0.170344 -0.237232 0.24684 0.226845 0.942131 0.379853 0.204253 -0.130054 0.970241 0.38646 -0.978657 -0.00425431 0.205455 -0.496582 -0.0225925 -0.991498 -0.128147 0.44275 
1535149377121 0.25368 0.923174 -0.288784 -0.616874 -0.935253 0.31029 0.170357 -0.237138 0.246876 0.22687 0.942116 0.379919 0.204637 -0.129909 0.970179 0.386485 -0.978593 -0.00497697 0.205745 -0.496712 -0.0218996 -0.991513 -0.128147 0.442749 
1535149377303 0.253712 0.923152 -0.288827 -0.616679 -0.935235 0.310337 0.170371 -0.237044 0.246912 0.226896 0.9421 0.379985 0.205021 -0.129764 0.970117 0.38651 -0.978528 -0.00569968 0.206036 -0.496843 -0.0212067 -0.991528 -0.128147 0.442748 
1535149377309 0.253745 0.92313 -0.288869 -0.616486 -0.935217 0.310384 0.170384 -0.23695 0.246947 0.226921 0.942085 0.380051 0.205404 -0.129619 0.970056 0.386535 -0.978462 -0.00642227 0.206326 -0.496973 -0.0205139 -0.991543 -0.128147 0.442747 
1535149377402 0.253777 0.923107 -0.288912 -0.616294 -0.935199 0.310432 0.170398 -0.236856 0.246983 0.226947 0.942069 0.380116 0.205787 -0.129474 0.969994 0.38656 -0.978396 -0.00714481 0.206616 -0.497103 -0.019821 -0.991557 -0.128147 0.442747 
1535149377602 0.253616 0.923158 -0.28889 -0.6165 -0.935291 0.31023 0.17026 -0.236976 0.2468 0.227015 0.942101 0.379976 0.205457 -0.129714 0.970032 0.386487 -0.978451 -0.00644748 0.206378 -0.496947 -0.0205158 -0.991531 -0.128243 0.442777 
1535149377612 0.253599 0.923109 -0.289062 -0.616307 -0.935179 0.310352 0.170651 -0.236924 0.24724 0.227048 0.941977 0.380045 0.205513 -0.128827 0.970138 0.386477 -0.978429 -0.00577597 0.206502 -0.497024 -0.0209995 -0.99165 -0.127235 0.442641 
1535149377619 0.253581 0.92306 -0.289235 -0.616109 -0.935067 0.310474 0.17104 -0.23687 0.24768 0.227082 0.941854 0.380115 0.20557 -0.127939 0.970244 0.386468 -0.978407 -0.00510392 0.206627 -0.497102 -0.0214835 -0.991769 -0.126225 0.442506 
1535149377700 0.253563 0.923011 -0.289408 -0.615912 -0.934956 0.310596 0.171429 -0.236816 0.24812 0.227116 0.94173 0.380185 0.205628 -0.127051 0.970348 0.386459 -0.978384 -0.00443175 0.20675 -0.497181 -0.0219675 -0.991886 -0.125216 0.44237 
1535149377810 0.253546 0.922961 -0.289581 -0.615714 -0.934844 0.310718 0.171819 -0.236762 0.24856 0.227149 0.941606 0.380254 0.205686 -0.126163 0.970452 0.386449 -0.978361 -0.00375947 0.206873 -0.497259 -0.0224514 -0.992002 -0.124207 0.442235 
1535149377817 0.253528 0.922912 -0.289754 -0.615518 -0.934731 0.31084 0.172208 -0.236709 0.249 0.227183 0.941481 0.380324 0.205744 -0.125275 0.970554 0.38644 -0.978337 -0.00308704 0.206995 -0.497337 -0.0229353 -0.992117 -0.123197 0.442099 
1535149377824 0.25351 0.922863 -0.289927 -0.615319 -0.934619 0.310962 0.172597 -0.236654 0.24944 0.227216 0.941357 0.380394 0.205803 -0.124388 0.970656 0.386431 -0.978313 -0.00241455 0.207117 -0.497416 -0.023419 -0.992231 -0.122187 0.441964 
1535149378041 0.253492 0.922813 -0.2901 -0.615123 -0.934506 0.311084 0.172986 -0.2366 0.24988 0.227249 0.941232 0.380464 0.205862 -0.1235 0.970757 0.386422 -0.978289 -0.00174191 0.207238 -0.497494 -0.0239028 -0.992343 -0.121177 0.441828 
1535149378085 0.253474 0.922764 -0.290273 -0.614924 -0.934394 0.311207 0.173375 -0.236546 0.250319 0.227283 0.941107 0.380534 0.205922 -0.122611 0.970857 0.386412 -0.978265 -0.00106919 0.207358 -0.497572 -0.0243864 -0.992454 -0.120167 0.441693 
1535149378223 0.253455 0.922714 -0.290445 -0.614727 -0.934281 0.311329 0.173764 -0.236492 0.250759 0.227316 0.940982 0.380603 0.205982 -0.121723 0.970956 0.386403 -0.97824 -0.000396337 0.207477 -0.49765 -0.02487 -0.992564 -0.119156 0.441557 
1535149378348 0.253249 0.922876 -0.290113 -0.615011 -0.934564 0.310863 0.173071 -0.236424 0.249908 0.227299 0.941213 0.38049 0.205822 -0.123486 0.970767 0.386419 -0.978296 -0.00169601 0.207203 -0.497507 -0.0239403 -0.992345 -0.121155 0.441816 
1535149378358 0.253372 0.92284 -0.290118 -0.614727 -0.934552 0.310962 0.172961 -0.236322 0.249831 0.227307 0.941231 0.38057 0.20555 -0.12376 0.97079 0.38641 -0.978345 -0.00135221 0.206978 -0.497575 -0.0243029 -0.992311 -0.121358 0.441829 
1535149378366 0.253496 0.922811 -0.290104 -0.614447 -0.934545 0.311053 0.172834 -0.236217 0.249731 0.227303 0.941259 0.380648 0.205277 -0.124034 0.970813 0.3864 -0.978393 -0.00100854 0.206751 -0.497644 -0.0246649 -0.992278 -0.121561 0.441841 
1535149378394 0.253619 0.922781 -0.290091 -0.614167 -0.934538 0.311144 0.172708 -0.236112 0.249632 0.227299 0.941286 0.380727 0.205003 -0.124307 0.970836 0.38639 -0.978441 -0.000664824 0.206524 -0.497712 -0.0250269 -0.992244 -0.121763 0.441854 
1535149378569 0.253743 0.922751 -0.290078 -0.613886 -0.934531 0.311235 0.172581 -0.236007 0.249532 0.227295 0.941313 0.380805 0.204728 -0.12458 0.970858 0.386381 -0.978489 -0.000320923 0.206296 -0.49778 -0.0253889 -0.992209 -0.121966 0.441866 
1535149378689 0.253866 0.922721 -0.290064 -0.613607 -0.934524 0.311326 0.172455 -0.235902 0.249432 0.227291 0.941341 0.380883 0.204455 -0.124853 0.970881 0.386371 -0.978537 2.27759e-05 0.20607 -0.497848 -0.0257507 -0.992175 -0.122169 0.441879 
1535149378696 0.25399 0.922692 -0.290051 -0.613326 -0.934517 0.311417 0.172329 -0.235797 0.249333 0.227288 0.941368 0.380962 0.20418 -0.125127 0.970904 0.386361 -0.978585 0.000366827 0.205843 -0.497917 -0.0261126 -0.992141 -0.122372 0.441892 
1535149378791 0.254113 0.922662 -0.290037 -0.613047 -0.93451 0.311508 0.172202 -0.235692 0.249233 0.227284 0.941395 0.381041 0.203907 -0.125399 0.970926 0.386352 -0.978632 0.000710661 0.205617 -0.497985 -0.0264743 -0.992106 -0.122575 0.441904 
1535149378866 0.254237 0.922632 -0.290024 -0.612765 -0.934503 0.311599 0.172076 -0.235586 0.249134 0.22728 0.941422 0.381119 0.203633 -0.125672 0.970948 0.386342 -0.97868 0.00105466 0.205391 -0.498053 -0.0268359 -0.992071 -0.122778 0.441917 
1535149378941 0.254361 0.922602 -0.29001 -0.612486 -0.934496 0.31169 0.171949 -0.235481 0.249034 0.227276 0.94145 0.381198 0.203357 -0.125945 0.97097 0.386333 -0.978727 0.00139893 0.205163 -0.498121 -0.0271976 -0.992036 -0.122981 0.441929 
1535149379078 0.253955 0.922745 -0.289911 -0.613276 -0.93454 0.311345 0.172332 -0.235705 0.249281 0.227169 0.94141 0.380957 0.204029 -0.125399 0.9709 0.386395 -0.978608 0.000632162 0.205731 -0.497927 -0.0264122 -0.992106 -0.122587 0.441878 
1535149379084 0.254082 0.922736 -0.289829 -0.612967 -0.93445 0.311502 0.172539 -0.235598 0.24949 0.226991 0.941398 0.381045 0.204174 -0.125007 0.97092 0.386397 -0.978616 -0.000775922 0.205693 -0.498093 -0.0249596 -0.992156 -0.122492 0.441843 
1535149379096 0.254209 0.922727 -0.289747 -0.612654 -0.93436 0.311658 0.172746 -0.235488 0.249699 0.226814 0.941385 0.381133 0.20432 -0.124614 0.97094 0.3864 -0.978622 -0.00218425 0.205656 -0.498262 -0.0235068 -0.992203 -0.122396 0.441809 
1535149379306 0.254335 0.922718 -0.289665 -0.61234 -0.934269 0.311814 0.172953 -0.235379 0.249908 0.226637 0.941372 0.381222 0.204464 -0.124221 0.97096 0.386403 -0.978626 -0.00359258 0.205619 -0.498431 -0.022054 -0.992248 -0.122301 0.441774 
1535149379337 0.254462 0.922708 -0.289583 -0.612027 -0.934179 0.31197 0.17316 -0.23527 0.250118 0.22646 0.941359 0.38131 0.204609 -0.123828 0.97098 0.386406 -0.978627 -0.00500094 0.205582 -0.4986 -0.0206011 -0.992291 -0.122205 0.441739 
1535149379364 0.254588 0.922699 -0.289501 -0.611714 -0.934089 0.312125 0.173367 -0.235161 0.250327 0.226282 0.941346 0.381399 0.204752 -0.123435 0.971 0.386409 -0.978627 -0.00640924 0.205545 -0.498768 -0.0191482 -0.992332 -0.122109 0.441705 
1535149379517 0.254715 0.92269 -0.289419 -0.6114 -0.933998 0.312281 0.173575 -0.235051 0.250536 0.226105 0.941333 0.381487 0.204895 -0.123042 0.971019 0.386412 -0.978624 -0.00781762 0.205509 -0.498937 -0.0176952 -0.992371 -0.122014 0.44167 
1535149379524 0.254841 0.922681 -0.289337 -0.611088 -0.933907 0.312437 0.173782 -0.234942 0.250745 0.225927 0.94132 0.381576 0.205037 -0.122648 0.971039 0.386415 -0.978619 -0.00922594 0.205473 -0.499106 -0.0162421 -0.992407 -0.121918 0.441636 
1535149379653 0.254968 0.922671 -0.289255 -0.610773 -0.933817 0.312593 0.173989 -0.234833 0.250954 0.22575 0.941307 0.381664 0.205179 -0.122255 0.971059 0.386418 -0.978613 -0.0106343 0.205437 -0.499275 -0.014789 -0.992442 -0.121822 0.441601 
1535149379812 0.255095 0.922662 -0.289174 -0.610461 -0.933726 0.312749 0.174196 -0.234723 0.251163 0.225572 0.941294 0.381753 0.20532 -0.121861 0.971079 0.386421 -0.978604 -0.0120426 0.2054 -0.499443 -0.0133359 -0.992474 -0.121726 0.441566 
1535149380130 0.254782 0.922698 -0.289335 -0.610744 -0.933837 0.312458 0.174122 -0.234728 0.251067 0.225829 0.941258 0.381664 0.205011 -0.122062 0.971119 0.386399 -0.978656 -0.0111499 0.205201 -0.499404 -0.0142194 -0.99246 -0.121743 0.441611 
1535149380140 0.255065 0.922633 -0.289292 -0.610367 -0.933764 0.312715 0.174049 -0.234571 0.25105 0.225737 0.941285 0.381758 0.204817 -0.122229 0.971138 0.386406 -0.978696 -0.0110886 0.205016 -0.499481 -0.0142903 -0.99244 -0.121896 0.441631 
1535149380147 0.255349 0.922568 -0.28925 -0.609986 -0.933692 0.312973 0.173975 -0.234412 0.251031 0.225646 0.941311 0.381852 0.204624 -0.122397 0.971158 0.386414 -0.978735 -0.0110274 0.204831 -0.499558 -0.0143613 -0.99242 -0.122051 0.441652 
1535149380160 0.255633 0.922503 -0.289208 -0.609605 -0.933619 0.313232 0.1739 -0.234253 0.251012 0.225555 0.941338 0.381946 0.204431 -0.122564 0.971178 0.386421 -0.978775 -0.0109662 0.204646 -0.499636 -0.0144321 -0.9924 -0.122205 0.441672 
1535149380292 0.255916 0.922437 -0.289165 -0.609225 -0.933546 0.313489 0.173826 -0.234095 0.250994 0.225464 0.941365 0.382041 0.204237 -0.122732 0.971197 0.386429 -0.978814 -0.010905 0.204461 -0.499713 -0.014503 -0.99238 -0.122359 0.441693 
1535149380297 0.2562 0.922372 -0.289123 -0.608843 -0.933474 0.313748 0.173752 -0.233936 0.250975 0.225373 0.941392 0.382135 0.204044 -0.122899 0.971217 0.386436 -0.978853 -0.0108437 0.204276 -0.49979 -0.0145737 -0.99236 -0.122513 0.441713 
