1535123556326 0.213825 0.919499 -0.32985 -0.472309 -0.943844 0.28152 0.172928 -0.17138 0.251866 0.274351 0.92806 0.474094 0.214846 -0.0999381 0.971521 0.384404 -0.975527 -0.0695993 0.208572 -0.502617 0.0467729 -0.992556 -0.112445 0.440674 
1535123556341 0.2175 0.920201 -0.32546 -0.488592 -0.943455 0.283668 0.17154 -0.178494 0.250174 0.269746 0.929866 0.464014 0.208829 -0.101933 0.972625 0.384319 -0.977587 -0.048947 0.204764 -0.500796 0.0267349 -0.993586 -0.10987 0.440395 
1535123556970 0.221165 0.920874 -0.321055 -0.504875 -0.943054 0.285819 0.170165 -0.18561 0.248464 0.265138 0.931648 0.453931 0.202766 -0.1038 0.97371 0.384233 -0.979204 -0.0282652 0.200897 -0.498976 0.00666883 -0.994196 -0.107373 0.440115 
1535123557218 0.224819 0.921519 -0.316638 -0.521161 -0.942644 0.287974 0.1688 -0.19273 0.246736 0.260527 0.933406 0.443847 0.196663 -0.10554 0.974774 0.384148 -0.980379 -0.00756408 0.196975 -0.497153 -0.0134154 -0.994386 -0.104957 0.439836 
1535123557591 0.228464 0.922134 -0.312208 -0.537444 -0.942223 0.290133 0.167445 -0.199847 0.244988 0.255915 0.935141 0.433764 0.190521 -0.10715 0.975818 0.384062 -0.981111 0.0131469 0.192998 -0.495332 -0.0335087 -0.994156 -0.102621 0.439557 
1535123558438 0.232098 0.922719 -0.307766 -0.55373 -0.941793 0.292297 0.1661 -0.206965 0.243223 0.2513 0.936852 0.423681 0.184342 -0.108631 0.97684 0.383976 -0.981399 0.0338588 0.188968 -0.493509 -0.0536024 -0.993505 -0.100369 0.439277 
1535123558510 0.235722 0.923275 -0.303312 -0.570014 -0.941351 0.294465 0.164765 -0.214083 0.241438 0.246684 0.938538 0.413598 0.17813 -0.109982 0.977841 0.38389 -0.981244 0.0545622 0.184887 -0.491685 -0.0736873 -0.992435 -0.0981997 0.438998 
1535123559183 0.239336 0.923802 -0.298845 -0.586299 -0.9409 0.296638 0.16344 -0.221201 0.239635 0.242067 0.940201 0.403515 0.171887 -0.111201 0.97882 0.383804 -0.980645 0.0752477 0.180757 -0.489862 -0.0937544 -0.990945 -0.096115 0.438718 
1535123560068 0.242939 0.924299 -0.294367 -0.602584 -0.940439 0.298814 0.162126 -0.228319 0.237814 0.237448 0.94184 0.393432 0.165617 -0.11229 0.979777 0.383718 -0.979603 0.0959063 0.176579 -0.488037 -0.113795 -0.989036 -0.0941156 0.438439 
1535123560206 0.246531 0.924767 -0.289878 -0.618868 -0.939967 0.300995 0.160821 -0.235436 0.235974 0.232828 0.943455 0.383349 0.159322 -0.113246 0.98071 0.383632 -0.978118 0.116528 0.172356 -0.486214 -0.133799 -0.98671 -0.0922025 0.438159 
1535123561976 0.246671 0.924622 -0.290222 -0.618733 -0.940068 0.301052 0.160126 -0.235336 0.235428 0.233329 0.943468 0.38345 0.159757 -0.113139 0.980651 0.383703 -0.978077 0.11628 0.172753 -0.486391 -0.133576 -0.986751 -0.0920825 0.438189 
1535123561989 0.247016 0.924681 -0.289739 -0.620371 -0.94001 0.301265 0.160066 -0.236056 0.235298 0.232819 0.943626 0.382432 0.163111 -0.114289 0.979966 0.383698 -0.978597 0.107578 0.17543 -0.48675 -0.125473 -0.987606 -0.0942959 0.438667 
1535123562000 0.24736 0.92474 -0.289255 -0.622013 -0.939952 0.301478 0.160005 -0.236777 0.235167 0.232307 0.943785 0.381414 0.166475 -0.115408 0.979269 0.383694 -0.979036 0.0988646 0.178087 -0.487113 -0.117368 -0.988386 -0.0965304 0.439144 
1535123562353 0.247704 0.9248 -0.28877 -0.623656 -0.939894 0.301691 0.159945 -0.2375 0.235037 0.231794 0.943943 0.380395 0.169847 -0.116497 0.97856 0.383691 -0.979395 0.0901409 0.180723 -0.487478 -0.109262 -0.989092 -0.0987865 0.439622 
1535123562513 0.248049 0.924859 -0.288286 -0.625299 -0.939836 0.301903 0.159885 -0.238222 0.234906 0.231282 0.944102 0.379377 0.173226 -0.117556 0.977841 0.383687 -0.979674 0.0814078 0.183337 -0.487842 -0.101156 -0.989724 -0.101064 0.4401 
1535123562520 0.248393 0.924917 -0.287801 -0.62694 -0.939778 0.302116 0.159825 -0.238943 0.234774 0.23077 0.94426 0.378359 0.176611 -0.118584 0.977111 0.383683 -0.979872 0.0726661 0.185929 -0.488205 -0.0930511 -0.990282 -0.103363 0.440578 
1535123562886 0.248737 0.924975 -0.287316 -0.628583 -0.939719 0.302329 0.159766 -0.239665 0.234643 0.230257 0.944417 0.37734 0.180004 -0.119581 0.97637 0.383679 -0.979991 0.0639164 0.1885 -0.48857 -0.0849471 -0.990765 -0.105684 0.441056 
1535123563202 0.249081 0.925033 -0.286831 -0.630226 -0.939661 0.302541 0.159706 -0.240388 0.234512 0.229744 0.944575 0.376321 0.183403 -0.120548 0.975618 0.383676 -0.98003 0.0551594 0.191048 -0.488934 -0.0768451 -0.991174 -0.108025 0.441533 
1535123563495 0.249425 0.925091 -0.286346 -0.631867 -0.939603 0.302754 0.159646 -0.241109 0.23438 0.229232 0.944732 0.375303 0.186808 -0.121485 0.974856 0.383672 -0.979988 0.046396 0.193574 -0.489298 -0.0687457 -0.991508 -0.110387 0.442011 
1535123563771 0.249769 0.925148 -0.285861 -0.63351 -0.939544 0.302966 0.159587 -0.241832 0.234248 0.228719 0.944889 0.374284 0.19022 -0.122391 0.974083 0.383668 -0.979866 0.0376268 0.196077 -0.489662 -0.0606496 -0.991769 -0.112769 0.442489 
1535123564426 0.250149 0.92491 -0.286298 -0.633271 -0.939437 0.303411 0.159374 -0.241976 0.234273 0.229092 0.944793 0.374362 0.189913 -0.122419 0.974139 0.383694 -0.979878 0.0384373 0.195862 -0.489506 -0.0614205 -0.991734 -0.112656 0.442293 
1535123564436 0.249584 0.924664 -0.287585 -0.63331 -0.939454 0.303224 0.159631 -0.242072 0.234808 0.230331 0.944358 0.3745 0.191365 -0.12353 0.973715 0.383739 -0.979811 0.0344538 0.196934 -0.489637 -0.0578754 -0.991743 -0.114443 0.442587 
1535123564636 0.249019 0.924415 -0.288872 -0.633347 -0.93947 0.303038 0.159888 -0.242166 0.235342 0.231572 0.943922 0.374638 0.192778 -0.124598 0.973299 0.383787 -0.979734 0.0305382 0.197962 -0.489769 -0.0543885 -0.991737 -0.116186 0.442878 
1535123564667 0.248452 0.924164 -0.290159 -0.633383 -0.939486 0.302852 0.160146 -0.242261 0.235876 0.232811 0.943484 0.374776 0.194195 -0.125661 0.972881 0.383835 -0.979641 0.0266209 0.198983 -0.489902 -0.0509034 -0.991716 -0.117933 0.443169 
1535123564796 0.247886 0.923912 -0.291445 -0.633421 -0.939502 0.302667 0.160404 -0.242356 0.23641 0.234051 0.943043 0.374914 0.195615 -0.126717 0.972459 0.383883 -0.979534 0.0227025 0.199997 -0.490032 -0.0474203 -0.991679 -0.119683 0.44346 
1535123565006 0.247318 0.923657 -0.29273 -0.633458 -0.939517 0.302482 0.160662 -0.242451 0.236942 0.23529 0.942601 0.375053 0.197039 -0.127768 0.972034 0.383932 -0.97941 0.0187824 0.201003 -0.490165 -0.0439389 -0.991626 -0.121436 0.443751 
1535123565027 0.24675 0.923402 -0.294014 -0.633495 -0.939532 0.302297 0.16092 -0.242546 0.237474 0.236528 0.942157 0.375191 0.198467 -0.128812 0.971606 0.38398 -0.979272 0.014861 0.202003 -0.490298 -0.0404594 -0.991558 -0.123193 0.444042 
1535123565267 0.246181 0.923144 -0.295298 -0.633532 -0.939547 0.302113 0.161178 -0.24264 0.238004 0.237767 0.941712 0.375329 0.199897 -0.129851 0.971175 0.384028 -0.979119 0.0109384 0.202995 -0.490429 -0.0369821 -0.991473 -0.124953 0.444333 
1535123565345 0.245611 0.922884 -0.296581 -0.633569 -0.939562 0.301929 0.161437 -0.242735 0.238534 0.239005 0.941264 0.375467 0.201331 -0.130883 0.97074 0.384076 -0.97895 0.00701467 0.203979 -0.49056 -0.0335069 -0.991373 -0.126716 0.444624 
1535123565437 0.24504 0.922623 -0.297863 -0.633606 -0.939577 0.301745 0.161696 -0.24283 0.239063 0.240243 0.940814 0.375605 0.202768 -0.13191 0.970301 0.384125 -0.978766 0.00308956 0.204957 -0.490693 -0.0300337 -0.991257 -0.128483 0.444915 
1535123565785 0.245713 0.922691 -0.297096 -0.63359 -0.939494 0.302158 0.161405 -0.242848 0.238697 0.23946 0.941107 0.375467 0.200952 -0.130674 0.970846 0.38403 -0.978992 0.00816 0.203737 -0.490485 -0.0345452 -0.991392 -0.126289 0.444434 
1535123565796 0.245093 0.92292 -0.296898 -0.63368 -0.939627 0.301562 0.161743 -0.243009 0.238809 0.239331 0.941111 0.375466 0.196963 -0.129601 0.971807 0.383953 -0.979494 0.0168405 0.200766 -0.49004 -0.0423852 -0.991423 -0.123627 0.443873 
1535123565802 0.244473 0.923148 -0.296699 -0.633771 -0.93976 0.300965 0.162082 -0.243171 0.238922 0.239201 0.941116 0.375466 0.192977 -0.128493 0.972753 0.383874 -0.979916 0.0255171 0.197769 -0.489589 -0.0502339 -0.991382 -0.120989 0.443311 
1535123566021 0.243852 0.923376 -0.2965 -0.633862 -0.939893 0.300368 0.162421 -0.243332 0.239035 0.239072 0.94112 0.375465 0.188998 -0.12735 0.973685 0.383794 -0.980258 0.0341886 0.194746 -0.489136 -0.0580899 -0.991268 -0.118375 0.44275 
1535123566053 0.243231 0.923604 -0.296301 -0.633953 -0.940025 0.29977 0.162759 -0.243494 0.239147 0.238942 0.941124 0.375464 0.185026 -0.126172 0.9746 0.383716 -0.980518 0.042854 0.191698 -0.488685 -0.0659524 -0.991082 -0.115784 0.442188 
1535123566313 0.24261 0.923831 -0.296102 -0.634043 -0.940157 0.299173 0.163098 -0.243655 0.23926 0.238813 0.941129 0.375464 0.181062 -0.124957 0.975501 0.383637 -0.980697 0.0515125 0.188625 -0.488235 -0.0738206 -0.990824 -0.113218 0.441626 
1535123566486 0.241989 0.924058 -0.295902 -0.634134 -0.940288 0.298575 0.163436 -0.243817 0.239374 0.238684 0.941133 0.375463 0.177105 -0.123708 0.976386 0.383558 -0.980796 0.0601637 0.185528 -0.487783 -0.0816943 -0.990493 -0.110677 0.441065 
1535123566493 0.241368 0.924284 -0.295702 -0.634225 -0.940419 0.297977 0.163775 -0.243979 0.239487 0.238554 0.941137 0.375462 0.173156 -0.122423 0.977256 0.383479 -0.980813 0.0688065 0.182406 -0.487332 -0.0895723 -0.99009 -0.10816 0.440503 
1535123566724 0.240747 0.92451 -0.295502 -0.634316 -0.940549 0.297379 0.164113 -0.24414 0.2396 0.238425 0.941141 0.375462 0.169215 -0.121104 0.978111 0.3834 -0.980749 0.0774405 0.179259 -0.48688 -0.0974544 -0.989615 -0.105668 0.439941 
1535123566774 0.240126 0.924736 -0.295302 -0.634407 -0.940679 0.296781 0.164451 -0.244302 0.239713 0.238295 0.941144 0.375461 0.165283 -0.119749 0.978949 0.383321 -0.980605 0.0860647 0.17609 -0.486429 -0.105339 -0.989067 -0.103201 0.43938 
1535123567730 0.24062 0.924557 -0.295461 -0.634341 -0.940555 0.297278 0.164263 -0.244164 0.239704 0.238372 0.941127 0.375477 0.16613 -0.119749 0.978806 0.383478 -0.98051 0.0855156 0.176882 -0.486445 -0.104885 -0.989114 -0.103209 0.439625 
1535123567745 0.240515 0.924779 -0.294849 -0.634398 -0.940682 0.296969 0.164093 -0.244244 0.239311 0.237892 0.941349 0.375398 0.169575 -0.119662 0.978225 0.383504 -0.980796 0.0765466 0.179385 -0.486843 -0.0963454 -0.989859 -0.104384 0.439937 
1535123567883 0.240408 0.925002 -0.294236 -0.634456 -0.940809 0.29666 0.163924 -0.244324 0.238918 0.237412 0.94157 0.37532 0.173022 -0.119544 0.977636 0.383532 -0.980997 0.0675706 0.181879 -0.48725 -0.0878021 -0.990527 -0.105581 0.44025 
1535123568085 0.240302 0.925224 -0.293625 -0.634514 -0.940936 0.296351 0.163754 -0.244404 0.238525 0.236932 0.94179 0.375241 0.176465 -0.119395 0.977039 0.38356 -0.981111 0.0585899 0.18436 -0.487655 -0.0792562 -0.991117 -0.106801 0.440562 
1535123568158 0.240195 0.925446 -0.293013 -0.634572 -0.941063 0.296042 0.163584 -0.244483 0.238133 0.236451 0.942011 0.375162 0.179905 -0.119214 0.976433 0.383587 -0.981139 0.0496049 0.186828 -0.48806 -0.0707084 -0.991629 -0.108041 0.440874 
1535123568167 0.240088 0.925667 -0.292401 -0.63463 -0.941189 0.295734 0.163414 -0.244564 0.23774 0.235971 0.94223 0.375084 0.183341 -0.119002 0.97582 0.383615 -0.981082 0.0406167 0.189283 -0.488464 -0.0621596 -0.992063 -0.109304 0.441187 
1535123568361 0.239981 0.925888 -0.291789 -0.634689 -0.941316 0.295425 0.163244 -0.244644 0.237347 0.23549 0.942449 0.375005 0.186775 -0.118758 0.975198 0.383642 -0.980939 0.0316256 0.191726 -0.48887 -0.0536102 -0.992419 -0.110587 0.441499 
1535123568440 0.239874 0.926108 -0.291177 -0.634747 -0.941442 0.295117 0.163073 -0.244723 0.236954 0.235009 0.942668 0.374926 0.190204 -0.118483 0.974569 0.38367 -0.98071 0.0226328 0.194154 -0.489274 -0.0450612 -0.992698 -0.111892 0.441811 
1535123568447 0.239766 0.926329 -0.290564 -0.634804 -0.941568 0.294808 0.162902 -0.244803 0.236562 0.234528 0.942887 0.374848 0.193629 -0.118176 0.973931 0.383697 -0.980395 0.013639 0.196569 -0.489679 -0.0365133 -0.992899 -0.113219 0.442124 
1535123568646 0.239658 0.926548 -0.289952 -0.634863 -0.941694 0.2945 0.162731 -0.244884 0.236169 0.234046 0.943105 0.374769 0.197051 -0.117838 0.973286 0.383725 -0.979994 0.00464472 0.198971 -0.490085 -0.0279671 -0.993022 -0.114566 0.442436 
1535123569025 0.239968 0.926252 -0.290642 -0.634781 -0.941525 0.295007 0.162795 -0.244917 0.236531 0.234581 0.942881 0.374853 0.182836 -0.119215 0.975889 0.383567 -0.981158 0.040922 0.188822 -0.488352 -0.0624458 -0.992025 -0.109487 0.441116 
1535123569052 0.240346 0.926301 -0.290174 -0.634778 -0.941523 0.295191 0.16247 -0.244912 0.236152 0.234156 0.943082 0.374799 0.183729 -0.121591 0.975428 0.38359 -0.981184 0.0372191 0.189452 -0.488525 -0.0593403 -0.991882 -0.112465 0.44157 
1535123569171 0.240723 0.926349 -0.289705 -0.634776 -0.941522 0.295375 0.162144 -0.244907 0.235774 0.233731 0.943282 0.374745 0.18463 -0.123962 0.974959 0.383613 -0.981198 0.0335139 0.190072 -0.488703 -0.0562364 -0.991721 -0.115444 0.442024 
1535123569231 0.241101 0.926398 -0.289236 -0.634773 -0.94152 0.295559 0.161819 -0.244903 0.235395 0.233306 0.943482 0.374691 0.185538 -0.126329 0.974483 0.383637 -0.981199 0.0298068 0.190681 -0.488881 -0.0531347 -0.991541 -0.118424 0.442478 
1535123569275 0.241478 0.926446 -0.288766 -0.634771 -0.941518 0.295743 0.161494 -0.244898 0.235016 0.232881 0.943681 0.374637 0.186454 -0.128691 0.973999 0.383661 -0.981189 0.0260977 0.191279 -0.48906 -0.0500351 -0.991341 -0.121404 0.442932 
1535123569392 0.241855 0.926494 -0.288296 -0.634769 -0.941516 0.295927 0.161169 -0.244893 0.234637 0.232456 0.94388 0.374583 0.187377 -0.131049 0.973507 0.383684 -0.981166 0.0223872 0.191864 -0.489237 -0.0469378 -0.991123 -0.124386 0.443386 
1535123569544 0.242233 0.926541 -0.287827 -0.634767 -0.941513 0.296112 0.160843 -0.244889 0.234257 0.232032 0.944079 0.374529 0.188307 -0.133403 0.973008 0.383708 -0.981131 0.0186747 0.19244 -0.489416 -0.0438426 -0.990886 -0.127369 0.44384 
1535123569592 0.242609 0.926589 -0.287357 -0.634764 -0.941511 0.296297 0.160519 -0.244884 0.233878 0.231606 0.944277 0.374475 0.189245 -0.135752 0.972501 0.383731 -0.981084 0.0149608 0.193003 -0.489593 -0.04075 -0.99063 -0.130353 0.444294 
1535123569644 0.242986 0.926636 -0.286887 -0.634762 -0.941508 0.296482 0.160194 -0.244879 0.233498 0.231182 0.944475 0.37442 0.19019 -0.138097 0.971986 0.383755 -0.981025 0.0112451 0.193556 -0.489773 -0.0376595 -0.990355 -0.133338 0.444748 
1535123569694 0.243362 0.926683 -0.286416 -0.634759 -0.941505 0.296666 0.159869 -0.244874 0.233118 0.230756 0.944673 0.374366 0.191141 -0.140437 0.971464 0.383779 -0.980953 0.00752824 0.194097 -0.48995 -0.0345717 -0.990061 -0.136323 0.445202 
1535123570132 0.242541 0.926609 -0.287348 -0.634776 -0.941586 0.296173 0.160304 -0.244835 0.233644 0.231683 0.944317 0.374379 0.190041 -0.137367 0.972119 0.383706 -0.980995 0.0129348 0.193604 -0.489623 -0.0391689 -0.990436 -0.132298 0.444502 
1535123570299 0.243164 0.926498 -0.28718 -0.634582 -0.941447 0.296717 0.160116 -0.244736 0.233558 0.23143 0.9444 0.374434 0.191881 -0.136484 0.971882 0.383749 -0.980804 0.00837243 0.194819 -0.489895 -0.0347266 -0.990607 -0.132257 0.4445 
1535123570358 0.243787 0.926386 -0.287012 -0.634386 -0.941307 0.297262 0.159928 -0.244636 0.233473 0.231178 0.944482 0.374489 0.19372 -0.135592 0.971642 0.383793 -0.980589 0.00380995 0.196036 -0.490173 -0.0302827 -0.990757 -0.132222 0.444498 
1535123570472 0.24441 0.926274 -0.286846 -0.634189 -0.941166 0.297808 0.159739 -0.244536 0.233387 0.230927 0.944565 0.374545 0.195555 -0.134691 0.971399 0.383837 -0.980352 -0.000751653 0.197253 -0.490454 -0.0258381 -0.990887 -0.132192 0.444496 
1535123570688 0.245033 0.926161 -0.286677 -0.633993 -0.941026 0.298352 0.159552 -0.244437 0.233301 0.230675 0.944648 0.3746 0.197384 -0.133782 0.971155 0.383881 -0.980093 -0.00531178 0.198469 -0.490731 -0.021393 -0.990997 -0.132168 0.444495 
1535123570694 0.245656 0.926048 -0.28651 -0.633796 -0.940885 0.298897 0.159364 -0.244337 0.233215 0.230424 0.94473 0.374656 0.199209 -0.132865 0.970908 0.383925 -0.97981 -0.0098709 0.199685 -0.49101 -0.0169474 -0.991085 -0.132149 0.444493 
1535123570769 0.246279 0.925934 -0.286342 -0.6336 -0.940743 0.299442 0.159176 -0.244237 0.233129 0.230173 0.944813 0.374711 0.20103 -0.131939 0.970659 0.383969 -0.979505 -0.0144287 0.200901 -0.491289 -0.0125013 -0.991153 -0.132135 0.444491 
1535123570935 0.246902 0.925821 -0.286174 -0.633404 -0.940601 0.299987 0.158988 -0.244137 0.233043 0.229921 0.944895 0.374766 0.202846 -0.131004 0.970408 0.384013 -0.979178 -0.0189848 0.202116 -0.491567 -0.00805508 -0.9912 -0.132128 0.44449 
1535123571171 0.247524 0.925707 -0.286006 -0.633208 -0.940459 0.300532 0.158801 -0.244037 0.232957 0.22967 0.944978 0.374822 0.204657 -0.130062 0.970154 0.384057 -0.978827 -0.0235394 0.20333 -0.491845 -0.00360867 -0.991226 -0.132125 0.444488 
1535123571296 0.248147 0.925592 -0.285838 -0.633011 -0.940316 0.301076 0.158613 -0.243937 0.23287 0.229419 0.94506 0.374877 0.206464 -0.12911 0.969899 0.384102 -0.978454 -0.0280925 0.204545 -0.492125 0.000837962 -0.991232 -0.132129 0.444486 
1535123571952 0.247488 0.925741 -0.285924 -0.633204 -0.940452 0.300499 0.158901 -0.243984 0.233022 0.229572 0.944986 0.374861 0.205878 -0.129346 0.969992 0.384042 -0.978577 -0.0277378 0.204002 -0.492034 0.000518471 -0.991211 -0.132286 0.444468 
1535123571972 0.247721 0.925659 -0.285988 -0.632835 -0.940383 0.300741 0.158857 -0.24385 0.233055 0.229586 0.944974 0.374988 0.205653 -0.132156 0.969661 0.384106 -0.978623 -0.0256826 0.204053 -0.492111 -0.00206348 -0.990896 -0.134613 0.444769 
1535123572088 0.247953 0.925577 -0.286053 -0.632462 -0.940313 0.300982 0.158812 -0.243714 0.23309 0.229601 0.944962 0.375117 0.205419 -0.134965 0.969323 0.38417 -0.978663 -0.0236266 0.204108 -0.492186 -0.00464557 -0.990569 -0.136938 0.445071 
1535123572230 0.248186 0.925495 -0.286117 -0.632087 -0.940243 0.301225 0.158768 -0.243577 0.233124 0.229616 0.94495 0.375246 0.205177 -0.137772 0.968979 0.384233 -0.978698 -0.0215708 0.204168 -0.492261 -0.00722698 -0.990229 -0.139263 0.445372 
1535123572235 0.248419 0.925412 -0.286182 -0.631713 -0.940173 0.301467 0.158723 -0.243441 0.233159 0.22963 0.944937 0.375374 0.20493 -0.140577 0.968629 0.384297 -0.978728 -0.0195152 0.204234 -0.492337 -0.00980766 -0.989877 -0.141586 0.445673 
1535123572380 0.248652 0.92533 -0.286246 -0.63134 -0.940103 0.301708 0.158679 -0.243305 0.233193 0.229645 0.944925 0.375502 0.204674 -0.143382 0.968272 0.38436 -0.978752 -0.0174595 0.204304 -0.492412 -0.0123878 -0.989513 -0.143909 0.445974 
1535123572691 0.248885 0.925247 -0.286311 -0.630965 -0.940032 0.30195 0.158635 -0.243168 0.233228 0.22966 0.944913 0.375631 0.204411 -0.146184 0.967908 0.384424 -0.978771 -0.0154042 0.204379 -0.492487 -0.0149672 -0.989137 -0.14623 0.446275 
1535123572698 0.249118 0.925165 -0.286375 -0.630592 -0.939962 0.302192 0.15859 -0.243032 0.233262 0.229674 0.944901 0.375759 0.204141 -0.148986 0.967538 0.384487 -0.978784 -0.0133487 0.204458 -0.492563 -0.0175459 -0.988749 -0.14855 0.446577 
1535123572964 0.249351 0.925082 -0.28644 -0.630217 -0.939892 0.302434 0.158546 -0.242895 0.233297 0.229689 0.944889 0.375888 0.203863 -0.151785 0.967161 0.384551 -0.978792 -0.0112936 0.204543 -0.492638 -0.0201238 -0.988349 -0.150869 0.446878 
1535123573112 0.249583 0.924999 -0.286504 -0.629844 -0.939822 0.302676 0.158501 -0.242759 0.233331 0.229703 0.944877 0.376016 0.203579 -0.154583 0.966778 0.384615 -0.978795 -0.00923866 0.204632 -0.492714 -0.0227009 -0.987937 -0.153186 0.447179 
1535123573485 0.249532 0.92498 -0.28661 -0.630028 -0.939832 0.302648 0.158492 -0.242916 0.233344 0.229817 0.944847 0.375881 0.203709 -0.153439 0.966933 0.38463 -0.978786 -0.00979239 0.204652 -0.492624 -0.0219329 -0.98811 -0.152178 0.447078 
1535123573495 0.249573 0.924977 -0.286586 -0.629547 -0.939707 0.302795 0.158949 -0.242715 0.233801 0.229638 0.944777 0.376044 0.201433 -0.151366 0.967736 0.384593 -0.979154 -0.00477553 0.203063 -0.492533 -0.0261154 -0.988466 -0.149173 0.446429 
1535123573502 0.249616 0.924972 -0.286563 -0.629061 -0.939582 0.302944 0.159405 -0.242512 0.234258 0.229459 0.944707 0.376208 0.199164 -0.149282 0.968529 0.384555 -0.979498 0.00023762 0.201456 -0.492437 -0.0303039 -0.988795 -0.146174 0.445779 
1535123573826 0.249659 0.924968 -0.28654 -0.628576 -0.939457 0.303092 0.159861 -0.242309 0.234714 0.229281 0.944637 0.376372 0.196903 -0.147185 0.969312 0.384518 -0.979816 0.00524725 0.199833 -0.492341 -0.0344987 -0.989095 -0.143181 0.445129 
1535123573882 0.249702 0.924963 -0.286517 -0.62809 -0.939331 0.303241 0.160317 -0.242105 0.235171 0.229103 0.944567 0.376536 0.194649 -0.145076 0.970085 0.384479 -0.980109 0.0102533 0.198194 -0.492245 -0.0386997 -0.989367 -0.140194 0.44448 
1535123574057 0.249745 0.924959 -0.286494 -0.627604 -0.939206 0.303389 0.160773 -0.241902 0.235627 0.228924 0.944496 0.376701 0.192404 -0.142954 0.970847 0.384441 -0.980377 0.0152556 0.196539 -0.492148 -0.0429069 -0.989612 -0.137213 0.44383 
1535123574263 0.249788 0.924954 -0.28647 -0.627119 -0.93908 0.303537 0.161229 -0.241699 0.236084 0.228745 0.944426 0.376865 0.190168 -0.140819 0.9716 0.384404 -0.98062 0.0202537 0.194869 -0.492053 -0.0471198 -0.989828 -0.134239 0.44318 
1535123574394 0.249831 0.92495 -0.286448 -0.626633 -0.938953 0.303686 0.161684 -0.241496 0.23654 0.228567 0.944355 0.377029 0.18794 -0.138673 0.972342 0.384365 -0.980838 0.0252479 0.193183 -0.491955 -0.0513387 -0.990016 -0.13127 0.442531 
1535123574666 0.249874 0.924945 -0.286424 -0.626148 -0.938827 0.303834 0.16214 -0.241293 0.236996 0.228388 0.944284 0.377193 0.18572 -0.136514 0.973073 0.384328 -0.98103 0.0302376 0.191481 -0.49186 -0.0555632 -0.990177 -0.128309 0.441881 
1535123574696 0.249917 0.924941 -0.286402 -0.625661 -0.9387 0.303982 0.162596 -0.241089 0.237452 0.22821 0.944212 0.377357 0.183509 -0.134343 0.973795 0.384289 -0.981198 0.035223 0.189763 -0.491762 -0.0597933 -0.990309 -0.125353 0.441231 
1535123575117 0.250035 0.924879 -0.2865 -0.625867 -0.938688 0.304092 0.162457 -0.241268 0.237376 0.228314 0.944206 0.377325 0.186079 -0.136842 0.972959 0.384365 -0.981019 0.0291116 0.191715 -0.491999 -0.054559 -0.990165 -0.128827 0.442169 
1535123575127 0.249924 0.924752 -0.287006 -0.625479 -0.938627 0.304163 0.16268 -0.241126 0.237736 0.228734 0.944014 0.377493 0.185716 -0.136259 0.97311 0.384403 -0.981047 0.0300042 0.191432 -0.492031 -0.0552817 -0.990219 -0.128104 0.441956 
1535123575145 0.249813 0.924624 -0.287513 -0.625087 -0.938565 0.304235 0.162904 -0.240982 0.238096 0.229154 0.943821 0.377662 0.185353 -0.135676 0.973261 0.384441 -0.981075 0.0308962 0.191148 -0.492063 -0.0560044 -0.990271 -0.127382 0.441744 
1535123575366 0.249702 0.924496 -0.28802 -0.624692 -0.938503 0.304306 0.163127 -0.240838 0.238456 0.229574 0.943628 0.377832 0.184991 -0.135094 0.973411 0.384478 -0.981102 0.0317881 0.190864 -0.492094 -0.0567273 -0.990323 -0.12666 0.441531 
1535123575391 0.249591 0.924368 -0.288527 -0.624299 -0.938441 0.304378 0.16335 -0.240694 0.238817 0.229995 0.943435 0.378001 0.184629 -0.13451 0.97356 0.384516 -0.981128 0.0326797 0.190579 -0.492125 -0.0574505 -0.990373 -0.125938 0.441318 
1535123575630 0.249479 0.92424 -0.289033 -0.623907 -0.938379 0.304449 0.163573 -0.24055 0.239177 0.230415 0.943241 0.37817 0.184267 -0.133927 0.973709 0.384554 -0.981153 0.0335711 0.190293 -0.492157 -0.0581738 -0.990422 -0.125217 0.441106 
1535123575676 0.249368 0.924112 -0.28954 -0.623513 -0.938316 0.304521 0.163796 -0.240406 0.239537 0.230835 0.943047 0.378339 0.183906 -0.133343 0.973857 0.384591 -0.981178 0.0344624 0.190007 -0.492188 -0.0588975 -0.990471 -0.124495 0.440893 
1535123575680 0.249256 0.923983 -0.290046 -0.623121 -0.938254 0.304593 0.164019 -0.240262 0.239897 0.231254 0.942852 0.378508 0.183545 -0.132758 0.974005 0.384629 -0.981202 0.0353534 0.18972 -0.49222 -0.0596213 -0.990518 -0.123774 0.44068 
1535123575827 0.249144 0.923854 -0.290553 -0.622727 -0.938192 0.304665 0.164242 -0.240117 0.240257 0.231675 0.942658 0.378678 0.183185 -0.132174 0.974153 0.384667 -0.981225 0.0362443 0.189432 -0.492251 -0.0603454 -0.990564 -0.123053 0.440467 
1535123576025 0.249032 0.923725 -0.291059 -0.622335 -0.938129 0.304737 0.164465 -0.239973 0.240617 0.232094 0.942463 0.378847 0.182825 -0.131588 0.9743 0.384705 -0.981247 0.0371349 0.189144 -0.492282 -0.0610697 -0.990609 -0.122331 0.440255 
1535123576325 0.248785 0.923929 -0.290623 -0.622568 -0.938263 0.304358 0.164405 -0.239895 0.240352 0.231779 0.942608 0.378737 0.183262 -0.132211 0.974133 0.384684 -0.981226 0.0359645 0.189478 -0.492255 -0.0600852 -0.990569 -0.123138 0.440604 
1535123576342 0.248652 0.923847 -0.290995 -0.622223 -0.938186 0.304406 0.164753 -0.239781 0.240787 0.232042 0.942432 0.378859 0.183245 -0.131837 0.974187 0.384715 -0.981241 0.0358411 0.189423 -0.492315 -0.0598889 -0.990623 -0.122797 0.440496 
1535123576358 0.248521 0.923765 -0.291369 -0.62187 -0.938109 0.304455 0.1651 -0.239664 0.241222 0.232305 0.942256 0.378982 0.183229 -0.131464 0.97424 0.384746 -0.981256 0.0357183 0.189369 -0.492376 -0.0596933 -0.990677 -0.122455 0.440388 
1535123576442 0.248389 0.923683 -0.291742 -0.62152 -0.938032 0.304504 0.165447 -0.239548 0.241657 0.232568 0.94208 0.379104 0.183214 -0.13109 0.974294 0.384777 -0.981271 0.0355954 0.189315 -0.492437 -0.0594977 -0.990731 -0.122114 0.44028 
1535123576604 0.248258 0.9236 -0.292115 -0.621169 -0.937955 0.304553 0.165794 -0.239432 0.242092 0.232831 0.941903 0.379227 0.183198 -0.130717 0.974347 0.384807 -0.981286 0.0354724 0.189261 -0.492497 -0.0593021 -0.990785 -0.121772 0.440172 
1535123576647 0.248126 0.923518 -0.292487 -0.620819 -0.937878 0.304602 0.166142 -0.239316 0.242527 0.233093 0.941726 0.379349 0.183182 -0.130344 0.9744 0.384838 -0.981301 0.0353494 0.189208 -0.492558 -0.0591065 -0.990839 -0.121431 0.440064 
1535123576771 0.247994 0.923435 -0.29286 -0.620467 -0.9378 0.304652 0.166489 -0.239199 0.242962 0.233356 0.941549 0.379472 0.183166 -0.12997 0.974453 0.384869 -0.981315 0.0352265 0.189154 -0.492619 -0.058911 -0.990892 -0.121089 0.439957 
1535123576819 0.247861 0.923352 -0.293233 -0.620117 -0.937722 0.304701 0.166836 -0.239084 0.243397 0.233619 0.941372 0.379595 0.18315 -0.129597 0.974505 0.3849 -0.98133 0.0351034 0.189101 -0.492679 -0.0587153 -0.990945 -0.120748 0.439849 
1535123576877 0.247729 0.923269 -0.293606 -0.619765 -0.937644 0.304751 0.167183 -0.238967 0.243831 0.233882 0.941194 0.379718 0.183134 -0.129223 0.974558 0.384931 -0.981345 0.0349805 0.189047 -0.49274 -0.0585198 -0.990998 -0.120406 0.439741 
1535123576919 0.247596 0.923186 -0.293978 -0.619415 -0.937566 0.304801 0.16753 -0.238851 0.244266 0.234144 0.941016 0.37984 0.183117 -0.12885 0.974611 0.384962 -0.981359 0.0348575 0.188994 -0.492801 -0.0583242 -0.991051 -0.120065 0.439633 
1535123577289 0.247467 0.923516 -0.293049 -0.619992 -0.937823 0.304296 0.167011 -0.238918 0.243411 0.233499 0.941398 0.379726 0.183043 -0.129404 0.974551 0.384885 -0.981345 0.0352388 0.188998 -0.492729 -0.058799 -0.990966 -0.120539 0.439789 
1535123577300 0.24752 0.923488 -0.293092 -0.619797 -0.937797 0.304366 0.167029 -0.238845 0.243456 0.233517 0.941381 0.379757 0.185095 -0.129953 0.97409 0.38495 -0.981211 0.0304746 0.190513 -0.492999 -0.0544428 -0.991052 -0.121871 0.440081 
1535123577306 0.247575 0.92346 -0.293135 -0.6196 -0.937771 0.304437 0.167046 -0.238772 0.243502 0.233537 0.941365 0.379788 0.187151 -0.130492 0.973625 0.385016 -0.981053 0.0257087 0.192024 -0.493275 -0.0500883 -0.991116 -0.123208 0.440373 
1535123577484 0.247629 0.923432 -0.293179 -0.619404 -0.937744 0.304508 0.167064 -0.238698 0.243547 0.233557 0.941348 0.37982 0.189208 -0.131021 0.973157 0.385081 -0.980871 0.0209414 0.193528 -0.493551 -0.0457355 -0.991158 -0.124553 0.440666 
1535123577508 0.247683 0.923403 -0.293223 -0.619208 -0.937718 0.304579 0.167081 -0.238625 0.243593 0.233577 0.941331 0.379851 0.191268 -0.13154 0.972684 0.385147 -0.980665 0.0161729 0.195024 -0.493827 -0.0413847 -0.991179 -0.125904 0.440958 
1535123577515 0.247738 0.923375 -0.293266 -0.619012 -0.937692 0.30465 0.167099 -0.238552 0.243638 0.233597 0.941314 0.379882 0.193328 -0.132049 0.972207 0.385213 -0.980435 0.0114033 0.196513 -0.494101 -0.0370358 -0.991178 -0.127261 0.441251 
1535123577748 0.247792 0.923346 -0.29331 -0.618815 -0.937666 0.304721 0.167116 -0.238478 0.243684 0.233617 0.941298 0.379914 0.195391 -0.132548 0.971727 0.385279 -0.98018 0.00663253 0.197996 -0.494378 -0.032689 -0.991154 -0.128625 0.441543 
1535123577790 0.247846 0.923318 -0.293354 -0.618619 -0.93764 0.304792 0.167133 -0.238405 0.243729 0.233637 0.941281 0.379945 0.197455 -0.133037 0.971243 0.385345 -0.979902 0.00186104 0.199471 -0.494653 -0.0283444 -0.991109 -0.129996 0.441835 
1535123577796 0.247901 0.923289 -0.293397 -0.618423 -0.937614 0.304863 0.167151 -0.238331 0.243774 0.233656 0.941264 0.379976 0.199521 -0.133515 0.970755 0.385411 -0.979599 -0.00291144 0.200939 -0.49493 -0.0240021 -0.991042 -0.131372 0.442128 
1535123577992 0.247955 0.923261 -0.293441 -0.618227 -0.937587 0.304934 0.167168 -0.238258 0.24382 0.233676 0.941248 0.380007 0.201588 -0.133984 0.970263 0.385477 -0.979273 -0.00768438 0.202399 -0.495205 -0.0196623 -0.990954 -0.132756 0.44242 
1535123578509 0.247837 0.92333 -0.293322 -0.618459 -0.937609 0.304809 0.167274 -0.238329 0.243857 0.233564 0.941266 0.380047 0.198814 -0.133521 0.970899 0.385336 -0.979727 -0.0021573 0.200325 -0.494875 -0.0246531 -0.991044 -0.131243 0.441841 
1535123578663 0.247941 0.923276 -0.293404 -0.618209 -0.937532 0.304971 0.167412 -0.238222 0.244047 0.233567 0.941216 0.380132 0.20054 -0.133594 0.970534 0.38538 -0.979466 -0.00635493 0.201511 -0.495097 -0.020753 -0.991016 -0.132125 0.442045 
1535123578682 0.248046 0.923222 -0.293487 -0.617957 -0.937455 0.305132 0.167549 -0.238114 0.244237 0.233571 0.941166 0.380217 0.202269 -0.13366 0.970166 0.385425 -0.979185 -0.0105524 0.202695 -0.495324 -0.0168546 -0.990971 -0.133012 0.442249 
1535123578688 0.248149 0.923168 -0.29357 -0.617704 -0.937378 0.305294 0.167686 -0.238006 0.244427 0.233575 0.941115 0.380303 0.203997 -0.133718 0.969796 0.38547 -0.978886 -0.0147496 0.203875 -0.495551 -0.0129575 -0.99091 -0.133903 0.442452 
1535123578808 0.248254 0.923113 -0.293653 -0.617452 -0.937301 0.305455 0.167823 -0.237898 0.244617 0.233579 0.941065 0.380388 0.205725 -0.133768 0.969424 0.385516 -0.978568 -0.0189468 0.205051 -0.495779 -0.00906178 -0.990832 -0.134799 0.442656 
1535123578926 0.248358 0.923059 -0.293737 -0.6172 -0.937224 0.305617 0.167959 -0.23779 0.244807 0.233583 0.941015 0.380474 0.207453 -0.133811 0.96905 0.385561 -0.978231 -0.0231438 0.206223 -0.496007 -0.00516746 -0.990737 -0.1357 0.442861 
1535123579157 0.248461 0.923004 -0.293819 -0.616948 -0.937146 0.305778 0.168096 -0.237683 0.244997 0.233586 0.940964 0.380559 0.20918 -0.133847 0.968674 0.385606 -0.977876 -0.0273402 0.20739 -0.496234 -0.00127478 -0.990625 -0.136605 0.443064 
1535123579282 0.248565 0.92295 -0.293903 -0.616695 -0.937069 0.30594 0.168233 -0.237575 0.245187 0.23359 0.940914 0.380644 0.210908 -0.133875 0.968295 0.385652 -0.977502 -0.0315364 0.208553 -0.496462 0.00261645 -0.990496 -0.137515 0.443269 
1535123579321 0.248669 0.922895 -0.293986 -0.616443 -0.936992 0.306101 0.16837 -0.237467 0.245377 0.233594 0.940863 0.38073 0.212634 -0.133896 0.967914 0.385697 -0.97711 -0.035732 0.209711 -0.496689 0.00650589 -0.990351 -0.138429 0.443472 
1535123579568 0.248773 0.922841 -0.294069 -0.616191 -0.936915 0.306262 0.168507 -0.237359 0.245567 0.233597 0.940813 0.380815 0.214361 -0.13391 0.967532 0.385742 -0.976699 -0.0399269 0.210866 -0.496916 0.0103936 -0.990189 -0.139348 0.443676 
1535123579785 0.24872 0.922846 -0.294098 -0.616429 -0.936928 0.306218 0.168515 -0.237439 0.245572 0.233635 0.940802 0.380747 0.210302 -0.133735 0.968446 0.385601 -0.977634 -0.0308128 0.208043 -0.496386 0.00201797 -0.990538 -0.137224 0.443159 
1535123579800 0.24882 0.922807 -0.294134 -0.61625 -0.936872 0.306348 0.168587 -0.237372 0.245681 0.233618 0.940778 0.380775 0.20884 -0.132878 0.96888 0.385576 -0.97795 -0.0276722 0.207 -0.49633 -0.000694669 -0.990746 -0.135727 0.442896 
1535123579821 0.248921 0.922768 -0.294172 -0.61607 -0.936817 0.306478 0.168658 -0.237305 0.245789 0.233602 0.940754 0.380804 0.207379 -0.132017 0.969312 0.385549 -0.978255 -0.0245318 0.205951 -0.49627 -0.00340999 -0.990944 -0.134234 0.442632 
1535123579844 0.249022 0.922729 -0.294209 -0.61589 -0.936762 0.306608 0.168729 -0.237238 0.245898 0.233586 0.940729 0.380833 0.20592 -0.131151 0.96974 0.385522 -0.97855 -0.0213923 0.204897 -0.496209 -0.00612751 -0.991132 -0.132743 0.442368 
1535123580048 0.249123 0.92269 -0.294247 -0.615709 -0.936706 0.306737 0.1688 -0.23717 0.246007 0.233571 0.940705 0.380861 0.204462 -0.13028 0.970166 0.385496 -0.978834 -0.0182534 0.203838 -0.496148 -0.00884726 -0.991309 -0.131255 0.442104 
1535123580053 0.249223 0.922651 -0.294284 -0.615529 -0.936651 0.306867 0.168872 -0.237103 0.246116 0.233555 0.94068 0.38089 0.203007 -0.129405 0.970589 0.385469 -0.979109 -0.0151152 0.202774 -0.496087 -0.0115692 -0.991477 -0.12977 0.44184 
1535123580161 0.249324 0.922612 -0.294321 -0.615349 -0.936595 0.306997 0.168943 -0.237036 0.246224 0.233539 0.940656 0.380919 0.201554 -0.128524 0.971008 0.385442 -0.979373 -0.0119781 0.201705 -0.496027 -0.0142931 -0.991634 -0.128287 0.441576 
1535123580247 0.249425 0.922573 -0.294359 -0.615168 -0.93654 0.307127 0.169014 -0.236968 0.246333 0.233523 0.940631 0.380948 0.200103 -0.127639 0.971425 0.385415 -0.979627 -0.00884162 0.20063 -0.495965 -0.0170193 -0.991781 -0.126808 0.441312 
1535123580252 0.249525 0.922533 -0.294396 -0.614988 -0.936485 0.307257 0.169085 -0.236901 0.246442 0.233507 0.940607 0.380976 0.198654 -0.126749 0.971839 0.385389 -0.979871 -0.00570623 0.199552 -0.495905 -0.0197474 -0.991918 -0.125331 0.441048 
1535123580496 0.249626 0.922494 -0.294433 -0.614807 -0.936429 0.307386 0.169156 -0.236833 0.246551 0.23349 0.940582 0.381005 0.197207 -0.125854 0.97225 0.385362 -0.980104 -0.00257178 0.198468 -0.495845 -0.0224775 -0.992045 -0.123857 0.440784 
1535123580839 0.24936 0.922595 -0.294343 -0.615078 -0.936531 0.307087 0.169136 -0.236847 0.246433 0.233486 0.940614 0.381046 0.201926 -0.128607 0.97092 0.385467 -0.979307 -0.0127661 0.201979 -0.496194 -0.0135811 -0.991613 -0.128524 0.441838 
1535123580969 0.249428 0.922574 -0.29435 -0.614822 -0.93649 0.307175 0.169203 -0.236746 0.246519 0.233452 0.9406 0.3811 0.203709 -0.129865 0.97038 0.385513 -0.978976 -0.0164859 0.203307 -0.496438 -0.0104049 -0.991395 -0.130493 0.442165 
1535123581011 0.249496 0.922554 -0.294358 -0.614565 -0.93645 0.307262 0.169269 -0.236645 0.246605 0.23342 0.940585 0.381155 0.205497 -0.131114 0.969835 0.385561 -0.978631 -0.0202081 0.204629 -0.496687 -0.00723119 -0.991161 -0.132465 0.442493 
1535123581213 0.249563 0.922533 -0.294366 -0.614307 -0.936409 0.307349 0.169336 -0.236543 0.246691 0.233387 0.940571 0.381209 0.207289 -0.132356 0.969285 0.385609 -0.978271 -0.0239318 0.205943 -0.496936 -0.00406109 -0.990913 -0.134441 0.44282 
1535123581220 0.249631 0.922512 -0.294374 -0.614049 -0.936368 0.307437 0.169402 -0.236442 0.246777 0.233355 0.940557 0.381264 0.209085 -0.133591 0.96873 0.385657 -0.977897 -0.027657 0.207249 -0.497185 -0.000894565 -0.990651 -0.136421 0.443147 
1535123581460 0.249698 0.922491 -0.294382 -0.613792 -0.936328 0.307524 0.169469 -0.23634 0.246863 0.233322 0.940542 0.381318 0.210884 -0.134819 0.968169 0.385705 -0.977509 -0.0313834 0.208548 -0.497435 0.00226832 -0.990373 -0.138405 0.443475 
1535123581467 0.249766 0.92247 -0.29439 -0.613534 -0.936287 0.307611 0.169535 -0.236238 0.246949 0.23329 0.940528 0.381373 0.212685 -0.13604 0.967604 0.385753 -0.977106 -0.035111 0.209837 -0.497684 0.00542738 -0.990081 -0.140393 0.443802 
1535123581708 0.249834 0.922449 -0.294398 -0.613276 -0.936246 0.307699 0.169602 -0.236137 0.247035 0.233257 0.940513 0.381427 0.214491 -0.137253 0.967034 0.385801 -0.976688 -0.03884 0.21112 -0.497934 0.00858279 -0.989774 -0.142384 0.44413 
1535123581829 0.249901 0.922428 -0.294406 -0.613019 -0.936205 0.307786 0.169668 -0.236035 0.247121 0.233225 0.940499 0.381482 0.2163 -0.138459 0.966459 0.385849 -0.976257 -0.0425699 0.212394 -0.498183 0.0117343 -0.989453 -0.144379 0.444457 
1535123581877 0.249969 0.922408 -0.294414 -0.612762 -0.936165 0.307873 0.169735 -0.235934 0.247207 0.233192 0.940484 0.381536 0.218111 -0.139658 0.965879 0.385896 -0.97581 -0.0463008 0.213659 -0.498431 0.0148819 -0.989117 -0.146378 0.444785 
1535123582340 0.249887 0.922479 -0.294261 -0.612985 -0.936217 0.307738 0.169691 -0.236021 0.247091 0.233088 0.94054 0.38155 0.215736 -0.138381 0.966596 0.385782 -0.976392 -0.0415601 0.211972 -0.498102 0.0108389 -0.989507 -0.14408 0.444138 
1535123582352 0.250031 0.922462 -0.29419 -0.612665 -0.936208 0.307834 0.169567 -0.23591 0.246981 0.233026 0.940584 0.38165 0.215804 -0.138731 0.966531 0.385793 -0.976376 -0.0416608 0.212023 -0.49824 0.0108523 -0.989453 -0.144445 0.444202 
1535123582386 0.250175 0.922445 -0.294122 -0.612337 -0.936198 0.307932 0.169443 -0.235795 0.246871 0.232966 0.940628 0.381752 0.215873 -0.139081 0.966465 0.385804 -0.976361 -0.0417611 0.212073 -0.498381 0.0108652 -0.9894 -0.144809 0.444267 
1535123582587 0.250319 0.922428 -0.294053 -0.612012 -0.936189 0.308029 0.169318 -0.235681 0.246761 0.232906 0.940672 0.381854 0.215942 -0.139431 0.9664 0.385815 -0.976346 -0.0418614 0.212124 -0.498521 0.0108781 -0.989347 -0.145173 0.444331 
1535123582592 0.250463 0.92241 -0.293985 -0.611685 -0.936179 0.308126 0.169194 -0.235566 0.24665 0.232846 0.940716 0.381955 0.216011 -0.139781 0.966334 0.385827 -0.97633 -0.0419618 0.212176 -0.498661 0.010891 -0.989293 -0.145537 0.444395 
1535123582846 0.250607 0.922393 -0.293916 -0.611361 -0.93617 0.308223 0.169069 -0.235453 0.24654 0.232785 0.94076 0.382056 0.216079 -0.140131 0.966268 0.385838 -0.976315 -0.0420621 0.212226 -0.4988 0.0109039 -0.989239 -0.1459 0.44446 
1535123582873 0.250751 0.922376 -0.293848 -0.611034 -0.93616 0.308321 0.168945 -0.235338 0.24643 0.232726 0.940803 0.382158 0.216149 -0.14048 0.966201 0.385849 -0.976299 -0.0421626 0.212277 -0.498941 0.0109168 -0.989185 -0.146264 0.444524 
1535123583034 0.250895 0.922359 -0.293779 -0.610709 -0.936151 0.308418 0.16882 -0.235224 0.246319 0.232665 0.940847 0.382259 0.216217 -0.14083 0.966135 0.38586 -0.976284 -0.042263 0.212328 -0.499081 0.0109296 -0.989131 -0.146628 0.444589 
1535123583049 0.251039 0.922341 -0.293711 -0.610382 -0.936141 0.308515 0.168696 -0.235109 0.246209 0.232605 0.940891 0.382361 0.216287 -0.14118 0.966068 0.385872 -0.976269 -0.0423636 0.212379 -0.499221 0.0109424 -0.989077 -0.146992 0.444653 
1535123583163 0.251184 0.922324 -0.293642 -0.610056 -0.936132 0.308612 0.168571 -0.234995 0.246099 0.232545 0.940935 0.382463 0.216355 -0.14153 0.966002 0.385883 -0.976253 -0.042464 0.21243 -0.499361 0.0109552 -0.989023 -0.147356 0.444717 
1535123583299 0.25056 0.92248 -0.293684 -0.61097 -0.936225 0.308095 0.168995 -0.235203 0.246377 0.232611 0.940846 0.382237 0.216197 -0.141023 0.966111 0.385834 -0.97629 -0.0421973 0.212316 -0.499142 0.0108258 -0.989107 -0.146803 0.444538 
1535123583306 0.250911 0.92242 -0.293573 -0.610645 -0.936158 0.308384 0.16884 -0.235072 0.246275 0.232467 0.940908 0.38229 0.216046 -0.139885 0.966311 0.385827 -0.976309 -0.0431788 0.212031 -0.499279 0.0120642 -0.989226 -0.1459 0.444405 
1535123583313 0.251263 0.922359 -0.293464 -0.610316 -0.936091 0.308674 0.168685 -0.234938 0.246173 0.232324 0.94097 0.382344 0.215894 -0.138747 0.966509 0.385821 -0.976326 -0.0441614 0.211748 -0.499418 0.0133031 -0.989343 -0.144996 0.444272 
1535123583554 0.251615 0.922298 -0.293355 -0.609988 -0.936023 0.308964 0.16853 -0.234805 0.246071 0.232182 0.941032 0.382398 0.215741 -0.137608 0.966706 0.385814 -0.976342 -0.0451444 0.211466 -0.499557 0.0145419 -0.989457 -0.144092 0.444139 
1535123583568 0.251967 0.922236 -0.293245 -0.609659 -0.935955 0.309254 0.168375 -0.234672 0.245969 0.232039 0.941093 0.382451 0.215587 -0.13647 0.966901 0.385808 -0.976357 -0.0461276 0.211185 -0.499697 0.0157805 -0.98957 -0.143188 0.444007 
