1530711269317 0.275657 -0.8825 0.381061 -0.604483 0.633204 0.464965 0.618757 -0.181741 -0.723233 0.0707247 0.686973 0.426588 -0.0256853 -0.995012 -0.0963946 0.342893 -0.150295 0.099174 -0.983654 -0.494883 0.988307 -0.0107778 -0.152093 0.443086 
1530711269327 0.300885 -0.922898 0.240265 0.225257 -0.138768 -0.291628 -0.946412 -0.486344 0.94351 0.25142 -0.215815 0.468712 -0.0237869 -0.995012 -0.0968797 0.347216 -0.150807 0.0993696 -0.983556 -0.494834 0.988277 -0.00878558 -0.152419 0.443109 
1530711269681 0.242825 -0.925174 0.291699 0.16152 0.102786 -0.274468 -0.956087 -0.435487 0.964609 0.262144 0.0284473 0.461493 -0.0219067 -0.995008 -0.0973601 0.351546 -0.151312 0.0995615 -0.983459 -0.494697 0.988243 -0.00681261 -0.152737 0.442966 
1530711269971 0.185198 -0.926148 0.328559 0.0634541 0.340052 -0.25329 -0.905654 -0.39584 0.921991 0.279452 0.26803 0.437571 -0.0200256 -0.995001 -0.0978415 0.355874 -0.151816 0.0997526 -0.983362 -0.494563 0.988206 -0.00483847 -0.153055 0.442836 
1530711270259 0.108749 -0.933954 0.340446 -0.0100477 0.566676 -0.223137 -0.793151 -0.393705 0.816732 0.279177 0.504984 0.453534 -0.0181436 -0.994989 -0.0983239 0.360201 -0.152322 0.0999429 -0.983265 -0.494434 0.988164 -0.00286303 -0.153372 0.442716 
1530711270557 0.0372286 -0.940161 0.33869 -0.098386 0.750403 -0.197521 -0.630778 -0.379776 0.659932 0.277637 0.698146 0.449359 -0.016261 -0.994974 -0.0988071 0.364528 -0.152828 0.100132 -0.983167 -0.49431 0.988119 -0.000886764 -0.153688 0.442603 
1530711270859 -0.0276971 -0.946596 0.321231 -0.198397 0.888256 -0.170708 -0.426451 -0.355415 0.458513 0.273524 0.845547 0.440016 -0.0143782 -0.994955 -0.099291 0.368855 -0.153335 0.100321 -0.983069 -0.494188 0.98807 0.00109001 -0.154004 0.442495 
1530711271170 -0.0860491 -0.953826 0.28777 -0.298191 0.970276 -0.145805 -0.193145 -0.330411 0.226186 0.262597 0.938021 0.431334 -0.0124955 -0.994932 -0.0997756 0.373182 -0.153843 0.100508 -0.98297 -0.494067 0.988016 0.00306708 -0.154319 0.442388 
1530711271486 -0.133997 -0.961333 0.240591 -0.397711 0.990741 -0.124607 0.053898 -0.305255 -0.0218346 0.245585 0.969129 0.423196 -0.0106128 -0.994905 -0.100261 0.377506 -0.15435 0.100695 -0.982872 -0.493943 0.987959 0.00504433 -0.154632 0.442281 
1530711271803 -0.168046 -0.968645 0.182994 -0.493234 0.94835 -0.108189 0.298206 -0.280336 -0.269058 0.223654 0.936796 0.414797 -0.00872252 -0.994874 -0.10075 0.381735 -0.15486 0.100882 -0.982772 -0.493771 0.987898 0.00702987 -0.154946 0.442164 
1530711272131 -0.168046 -0.968645 0.182994 -0.493234 0.94835 -0.108189 0.298206 -0.280336 -0.269058 0.223654 0.936796 0.414797 -0.0091053 -0.994854 -0.100905 0.381085 -0.154585 0.101097 -0.982793 -0.49387 0.987938 0.00664984 -0.15471 0.44218 
1530711272144 0.280755 -0.928413 0.243364 0.287768 -0.14415 -0.291475 -0.945655 -0.485421 0.948893 0.230416 -0.215663 0.482452 -0.00887876 -0.994853 -0.100939 0.381593 -0.154663 0.101095 -0.982781 -0.493856 0.987927 0.00688574 -0.154765 0.442174 
1530711272160 0.230219 -0.928641 0.290905 0.201887 0.100587 -0.274625 -0.956276 -0.456571 0.967926 0.249414 0.0301848 0.473161 -0.00865385 -0.994852 -0.100972 0.382101 -0.154741 0.101092 -0.982769 -0.493838 0.987917 0.00711981 -0.154819 0.44216 
1530711272177 0.170645 -0.930795 0.323267 0.101621 0.342906 -0.251472 -0.905084 -0.431197 0.92374 0.265299 0.276262 0.465824 -0.0084291 -0.99485 -0.101005 0.382608 -0.154819 0.101089 -0.982757 -0.493821 0.987907 0.00735372 -0.154873 0.442147 
1530711272310 0.105023 -0.934666 0.339661 0.00120971 0.564008 -0.225325 -0.794433 -0.405891 0.819064 0.275005 0.503494 0.457314 -0.00820313 -0.994849 -0.101039 0.383116 -0.154897 0.101087 -0.982745 -0.493803 0.987897 0.00758898 -0.154928 0.442134 
1530711272371 0.0375019 -0.940025 0.339037 -0.0987905 0.749589 -0.197903 -0.631625 -0.380798 0.66084 0.277826 0.697211 0.447832 -0.00797825 -0.994847 -0.101072 0.383624 -0.154974 0.101084 -0.982733 -0.493785 0.987886 0.00782302 -0.154982 0.442122 
1530711272469 -0.0276228 -0.946572 0.321307 -0.198535 0.888121 -0.170761 -0.426711 -0.355532 0.458779 0.273572 0.845387 0.439595 -0.00775317 -0.994846 -0.101105 0.384131 -0.155052 0.101081 -0.982721 -0.493768 0.987876 0.00805738 -0.155037 0.442109 
1530711272533 -0.0860291 -0.953825 0.287779 -0.298229 0.970274 -0.145793 -0.193166 -0.330328 0.226203 0.262606 0.938014 0.431354 -0.00752811 -0.994844 -0.101138 0.384639 -0.15513 0.101078 -0.982709 -0.493751 0.987865 0.00829161 -0.155091 0.442097 
1530711272624 -0.134011 -0.961334 0.240579 -0.39775 0.990739 -0.124621 0.0539045 -0.305195 -0.0218391 0.245575 0.969132 0.423216 -0.00730283 -0.994842 -0.101171 0.385146 -0.155208 0.101075 -0.982697 -0.493734 0.987855 0.00852608 -0.155145 0.442085 
1530711272683 -0.168354 -0.968609 0.182902 -0.493437 0.948258 -0.108471 0.298397 -0.280353 -0.26919 0.223675 0.936753 0.414453 -0.00707582 -0.994841 -0.101204 0.385642 -0.155286 0.101072 -0.982685 -0.493711 0.987844 0.00876232 -0.1552 0.442072 
1530711272790 -0.168354 -0.968609 0.182902 -0.493437 0.948258 -0.108471 0.298397 -0.280353 -0.26919 0.223675 0.936753 0.414453 -0.00748391 -0.994837 -0.101208 0.385025 -0.15519 0.10114 -0.982694 -0.493775 0.987856 0.00835202 -0.155146 0.442036 
1530711272800 0.28086 -0.928369 0.243412 0.288043 -0.144209 -0.291562 -0.945619 -0.483955 0.948853 0.230484 -0.215767 0.481724 -0.00567436 -0.994768 -0.102003 0.385105 -0.153677 0.10166 -0.982878 -0.493957 0.988105 0.0100983 -0.15345 0.442113 
1530711272807 0.230386 -0.928601 0.2909 0.201488 0.100464 -0.274647 -0.956282 -0.456577 0.967899 0.24954 0.030016 0.473433 -0.00386375 -0.994695 -0.102795 0.385185 -0.152166 0.102184 -0.983058 -0.494139 0.988347 0.0118437 -0.151754 0.442189 
1530711272956 0.170719 -0.930775 0.323285 0.101413 0.342841 -0.251486 -0.905105 -0.431262 0.92375 0.265354 0.276175 0.465959 -0.00205115 -0.994619 -0.103584 0.385266 -0.150656 0.102709 -0.983236 -0.494322 0.988584 0.0135888 -0.150055 0.442266 
1530711272963 0.105057 -0.934654 0.339682 0.00111833 0.563968 -0.225339 -0.794457 -0.40593 0.819086 0.275033 0.503442 0.457344 -0.000237785 -0.994539 -0.10437 0.385346 -0.149146 0.103238 -0.983411 -0.494504 0.988815 0.0153325 -0.148356 0.442343 
1530711273167 0.0375184 -0.940026 0.339034 -0.0987622 0.749587 -0.19789 -0.631632 -0.380778 0.660842 0.277833 0.697207 0.447782 0.00157678 -0.994455 -0.105153 0.385426 -0.147636 0.103769 -0.983583 -0.494686 0.98904 0.0170753 -0.146654 0.442419 
1530711273384 -0.027607 -0.946571 0.321313 -0.198486 0.888123 -0.170749 -0.426711 -0.355503 0.458776 0.273585 0.845385 0.439569 0.00339228 -0.994368 -0.105932 0.385506 -0.146128 0.104303 -0.983752 -0.494868 0.98926 0.0188168 -0.144951 0.442496 
1530711273545 -0.0860265 -0.953822 0.287791 -0.298203 0.970274 -0.145793 -0.193166 -0.330305 0.226204 0.262619 0.93801 0.431364 0.00520914 -0.994277 -0.106709 0.385586 -0.14462 0.104839 -0.983918 -0.49505 0.989474 0.0205576 -0.143246 0.442573 
1530711273699 -0.134026 -0.96133 0.240587 -0.397753 0.990737 -0.124634 0.053909 -0.305179 -0.021839 0.245584 0.969129 0.423237 0.00702714 -0.994182 -0.107482 0.385666 -0.143112 0.105378 -0.98408 -0.495232 0.989682 0.0222972 -0.141539 0.442649 
1530711273854 -0.168508 -0.96858 0.182917 -0.493507 0.948228 -0.108606 0.298444 -0.280366 -0.269201 0.223737 0.936735 0.414331 0.00884018 -0.994084 -0.108251 0.385747 -0.141609 0.10592 -0.98424 -0.495397 0.989883 0.0240301 -0.139835 0.442725 
1530711274017 -0.168508 -0.96858 0.182917 -0.493507 0.948228 -0.108606 0.298444 -0.280366 -0.269201 0.223737 0.936735 0.414331 0.00798782 -0.994155 -0.107663 0.38573 -0.142385 0.105439 -0.984179 -0.49525 0.989779 0.023191 -0.14071 0.442718 
1530711274033 0.280904 -0.928348 0.243439 0.288147 -0.144206 -0.2916 -0.945608 -0.483438 0.94884 0.23052 -0.215785 0.481311 0.00900264 -0.994479 -0.10455 0.385791 -0.142211 0.102218 -0.984544 -0.495297 0.989795 0.0237316 -0.140505 0.442736 
1530711274231 0.230428 -0.928592 0.290894 0.201402 0.100432 -0.274648 -0.956286 -0.456587 0.967893 0.24957 0.0299733 0.473479 0.0100166 -0.994792 -0.101435 0.385852 -0.142034 0.0989966 -0.984899 -0.495344 0.989811 0.0242726 -0.140303 0.442753 
1530711274430 0.170727 -0.930773 0.323285 0.101394 0.342832 -0.251487 -0.905108 -0.431273 0.923753 0.265359 0.276163 0.465962 0.0110305 -0.995094 -0.0983189 0.385914 -0.141854 0.0957732 -0.985244 -0.495391 0.989826 0.0248146 -0.140101 0.442771 
1530711274436 0.105066 -0.934651 0.339689 0.00111042 0.563956 -0.225344 -0.794464 -0.405939 0.819094 0.275041 0.503426 0.457331 0.0120435 -0.995385 -0.0952017 0.385975 -0.141671 0.0925496 -0.985578 -0.495438 0.989841 0.0253571 -0.139902 0.442788 
1530711274628 0.0375282 -0.940027 0.339029 -0.0987292 0.749589 -0.197879 -0.631633 -0.380762 0.660839 0.277837 0.697208 0.447746 0.013056 -0.995666 -0.0920834 0.386036 -0.141484 0.0893252 -0.985902 -0.495485 0.989854 0.0259003 -0.139705 0.442806 
1530711274908 -0.0276005 -0.946568 0.32132 -0.198454 0.888124 -0.170746 -0.42671 -0.355486 0.458774 0.273594 0.845383 0.439553 0.0140679 -0.995936 -0.0889636 0.386097 -0.141294 0.0860996 -0.986216 -0.495532 0.989868 0.0264441 -0.139509 0.442824 
1530711275110 -0.0860301 -0.953818 0.287802 -0.298191 0.970273 -0.145799 -0.193164 -0.330295 0.226205 0.262629 0.938007 0.431374 0.0150791 -0.996195 -0.0858434 0.386158 -0.141101 0.082874 -0.98652 -0.495579 0.98988 0.0269884 -0.139314 0.442841 
1530711275316 -0.134034 -0.961327 0.240593 -0.397759 0.990736 -0.124642 0.0539113 -0.305173 -0.0218383 0.24559 0.969128 0.423252 0.0160895 -0.996443 -0.0827219 0.38622 -0.140904 0.0796474 -0.986814 -0.495625 0.989892 0.0275332 -0.139122 0.442859 
1530711275522 -0.168562 -0.968567 0.182933 -0.49354 0.948217 -0.10865 0.298462 -0.280383 -0.269205 0.223769 0.936726 0.414253 0.0170973 -0.99668 -0.0796015 0.38628 -0.140706 0.0764225 -0.987098 -0.495661 0.989904 0.0280771 -0.138932 0.442879 
1530711275734 -0.168562 -0.968567 0.182933 -0.49354 0.948217 -0.10865 0.298462 -0.280383 -0.269205 0.223769 0.936726 0.414253 0.0168051 -0.996613 -0.0804997 0.386239 -0.140669 0.0773536 -0.98703 -0.495622 0.989914 0.027911 -0.138893 0.442941 
1530711275748 0.280953 -0.92833 0.243452 0.288128 -0.144226 -0.291629 -0.945596 -0.483092 0.948823 0.230556 -0.215823 0.481115 0.0172009 -0.997 -0.0754724 0.386434 -0.143284 0.0722465 -0.987041 -0.495641 0.989532 0.027792 -0.141611 0.443375 
1530711275968 0.23049 -0.928577 0.290895 0.201255 0.100383 -0.274659 -0.956288 -0.456601 0.967883 0.249615 0.0299073 0.47359 0.0176102 -0.99736 -0.0704458 0.386629 -0.145894 0.0671394 -0.987019 -0.495661 0.989143 0.0276592 -0.144327 0.443809 
1530711276193 0.170765 -0.930762 0.323296 0.10129 0.342797 -0.251497 -0.905119 -0.43131 0.923758 0.265388 0.276115 0.466031 0.0180331 -0.997695 -0.0654175 0.386824 -0.148502 0.0620298 -0.986965 -0.49568 0.988748 0.0275127 -0.147041 0.444243 
1530711276412 0.105095 -0.93464 0.339712 0.001037 0.563921 -0.22536 -0.794485 -0.405981 0.819115 0.275067 0.503378 0.45736 0.0184692 -0.998004 -0.0603892 0.387019 -0.151106 0.0569195 -0.986877 -0.4957 0.988345 0.027352 -0.149754 0.444677 
1530711276635 0.0375279 -0.940018 0.339055 -0.0987316 0.749594 -0.197894 -0.631622 -0.380768 0.660833 0.277857 0.697205 0.447834 0.0189185 -0.998287 -0.0553606 0.387214 -0.153707 0.0518083 -0.986757 -0.495719 0.987935 0.0271773 -0.152464 0.445111 
1530711276858 -0.0276014 -0.946564 0.321332 -0.198436 0.888124 -0.170753 -0.426708 -0.355472 0.458774 0.273605 0.845379 0.439552 0.0193814 -0.998545 -0.0503309 0.387409 -0.156305 0.0466953 -0.986604 -0.495738 0.987519 0.0269887 -0.155173 0.445545 
1530711277078 -0.0860343 -0.953815 0.28781 -0.298194 0.970272 -0.145805 -0.193164 -0.330288 0.226207 0.262635 0.938005 0.431389 0.0198572 -0.998776 -0.045302 0.387603 -0.158899 0.0415823 -0.986419 -0.495757 0.987095 0.0267859 -0.157879 0.445979 
1530711277302 -0.134039 -0.961326 0.240595 -0.39777 0.990735 -0.124647 0.0539115 -0.305169 -0.0218372 0.245592 0.969127 0.423263 0.0203461 -0.998982 -0.0402731 0.387798 -0.16149 0.0364689 -0.9862 -0.495775 0.986665 0.026569 -0.160583 0.446412 
1530711277523 -0.168584 -0.968562 0.182942 -0.493562 0.948212 -0.108667 0.298472 -0.280397 -0.269209 0.223785 0.936721 0.414184 0.0208482 -0.999161 -0.0352495 0.387986 -0.164067 0.03136 -0.985951 -0.49577 0.986229 0.0263386 -0.163275 0.446827 
1530711277751 -0.168584 -0.968562 0.182942 -0.493562 0.948212 -0.108667 0.298472 -0.280397 -0.269209 0.223785 0.936721 0.414184 0.0208329 -0.999114 -0.0365641 0.387999 -0.163438 0.0326768 -0.986012 -0.495706 0.986334 0.0265174 -0.162612 0.446665 
1530711277768 0.280998 -0.928313 0.243463 0.288096 -0.144242 -0.291654 -0.945586 -0.482819 0.948807 0.23059 -0.215856 0.48095 0.0195129 -0.999054 -0.0388649 0.388079 -0.161409 0.0352146 -0.986259 -0.495618 0.986695 0.0255179 -0.160569 0.446443 
1530711277937 0.230541 -0.928564 0.290895 0.201134 0.100342 -0.274668 -0.956289 -0.456615 0.967875 0.249653 0.0298515 0.473683 0.0181982 -0.998987 -0.0411666 0.388158 -0.159376 0.0377486 -0.986496 -0.495529 0.98705 0.0245134 -0.158527 0.44622 
1530711278097 0.170797 -0.930753 0.323306 0.101203 0.342767 -0.251505 -0.905127 -0.431343 0.923763 0.265412 0.276076 0.466091 0.0168874 -0.998912 -0.043471 0.388238 -0.157338 0.0402806 -0.986723 -0.495441 0.9874 0.0235029 -0.156487 0.445998 
1530711278253 0.105117 -0.934631 0.339729 0.000973599 0.563893 -0.225373 -0.794501 -0.406017 0.819131 0.275087 0.503341 0.457391 0.0155818 -0.99883 -0.0457777 0.388318 -0.155297 0.0428101 -0.98694 -0.495352 0.987745 0.0224874 -0.154448 0.445776 
1530711278409 0.0375321 -0.940009 0.339079 -0.0987654 0.749599 -0.197905 -0.631613 -0.380786 0.660828 0.277879 0.697202 0.447976 0.0142809 -0.998741 -0.0480868 0.388397 -0.153252 0.0453372 -0.987147 -0.495264 0.988084 0.0214667 -0.152411 0.445553 
1530711278576 -0.0276042 -0.94656 0.321344 -0.198421 0.888124 -0.17076 -0.426704 -0.355467 0.458774 0.273615 0.845377 0.439557 0.0129847 -0.998645 -0.0503985 0.388477 -0.151203 0.0478622 -0.987343 -0.495176 0.988418 0.0204407 -0.150376 0.445331 
1530711278732 -0.0860376 -0.953813 0.287817 -0.298197 0.970272 -0.14581 -0.193164 -0.330284 0.226209 0.262641 0.938003 0.431402 0.0116933 -0.998541 -0.0527127 0.388557 -0.149149 0.0503848 -0.98753 -0.495088 0.988746 0.0194096 -0.148343 0.445109 
1530711278891 -0.134042 -0.961325 0.240596 -0.397779 0.990735 -0.12465 0.0539115 -0.305167 -0.0218363 0.245593 0.969127 0.423273 0.010407 -0.998431 -0.055029 0.388637 -0.147093 0.0529048 -0.987707 -0.495001 0.989068 0.0183734 -0.146311 0.444887 
1530711279052 -0.1686 -0.968557 0.18295 -0.493579 0.948208 -0.108678 0.29848 -0.280408 -0.269212 0.223798 0.936717 0.414128 0.00912923 -0.998313 -0.0573457 0.388713 -0.145039 0.0554197 -0.987873 -0.494935 0.989384 0.0173359 -0.144288 0.444681 
1530711279226 -0.1686 -0.968557 0.18295 -0.493579 0.948208 -0.108678 0.29848 -0.280408 -0.269212 0.223798 0.936717 0.414128 0.00966344 -0.998379 -0.0560863 0.388653 -0.146075 0.0540778 -0.987794 -0.495017 0.989226 0.0177383 -0.145315 0.44482 
1530711279239 0.281038 -0.928299 0.243472 0.288061 -0.144255 -0.291676 -0.945577 -0.482601 0.948793 0.230621 -0.215884 0.480812 0.0092113 -0.99838 -0.0561492 0.388738 -0.145454 0.0542165 -0.987878 -0.494977 0.989322 0.0172668 -0.144719 0.44479 
1530711279255 0.230583 -0.928554 0.290895 0.201035 0.100307 -0.274675 -0.956291 -0.456628 0.967869 0.249683 0.0298053 0.47376 0.00875875 -0.99838 -0.0562114 0.388824 -0.144833 0.0543542 -0.987962 -0.494937 0.989417 0.0167946 -0.144123 0.44476 
1530711279274 0.170823 -0.930746 0.323313 0.101134 0.342744 -0.251511 -0.905135 -0.43137 0.923767 0.265431 0.276044 0.466139 0.00830697 -0.998381 -0.0562741 0.388909 -0.144213 0.0544916 -0.988045 -0.494898 0.989512 0.0163231 -0.143527 0.44473 
1530711279401 0.105134 -0.934624 0.339743 0.000924353 0.563871 -0.225382 -0.794514 -0.406044 0.819143 0.275102 0.503312 0.457415 0.00785479 -0.998381 -0.0563369 0.388994 -0.143592 0.0546287 -0.988128 -0.494858 0.989606 0.0158511 -0.14293 0.4447 
1530711279452 0.0375375 -0.940003 0.339094 -0.0987929 0.749602 -0.197911 -0.631608 -0.3808 0.660824 0.277895 0.697199 0.448077 0.0074025 -0.998381 -0.0564 0.389079 -0.14297 0.0547654 -0.988211 -0.494818 0.989699 0.0153788 -0.142334 0.444669 
1530711279556 -0.0276058 -0.946557 0.321354 -0.198407 0.888125 -0.170766 -0.426701 -0.355463 0.458773 0.273623 0.845374 0.439558 0.00695007 -0.99838 -0.0564632 0.389165 -0.142349 0.0549018 -0.988293 -0.494778 0.989792 0.0149062 -0.141737 0.444639 
1530711279616 -0.08604 -0.953811 0.287823 -0.298197 0.970271 -0.145814 -0.193163 -0.330283 0.22621 0.262646 0.938001 0.431411 0.00649803 -0.99838 -0.0565268 0.38925 -0.141728 0.0550378 -0.988374 -0.494738 0.989884 0.0144339 -0.141141 0.444609 
1530711279712 -0.134044 -0.961325 0.240598 -0.397787 0.990735 -0.124652 0.0539115 -0.305166 -0.0218355 0.245595 0.969127 0.423281 0.0060458 -0.998379 -0.0565908 0.389335 -0.141106 0.0551739 -0.988456 -0.494699 0.989976 0.0139613 -0.140544 0.444579 
1530711279774 -0.168613 -0.968554 0.182957 -0.493591 0.948205 -0.108687 0.298487 -0.280418 -0.269215 0.22381 0.936714 0.414082 0.0055955 -0.998378 -0.0566551 0.389418 -0.140486 0.0553093 -0.988537 -0.494665 0.990067 0.0134906 -0.139949 0.444554 
1530711279875 -0.168613 -0.968554 0.182957 -0.493591 0.948205 -0.108687 0.298487 -0.280418 -0.269215 0.22381 0.936714 0.414082 0.00610072 -0.998383 -0.0565086 0.389327 -0.141185 0.0550836 -0.98845 -0.494687 0.989965 0.0140084 -0.14062 0.444588 
1530711279890 0.281073 -0.928286 0.24348 0.288025 -0.144265 -0.291695 -0.945569 -0.482429 0.948781 0.230648 -0.215907 0.480699 0.0067544 -0.998519 -0.053991 0.389383 -0.14008 0.052515 -0.988747 -0.494771 0.990117 0.0142415 -0.139518 0.444494 
1530711280081 0.230618 -0.928545 0.290895 0.200954 0.100279 -0.274681 -0.956292 -0.456641 0.967863 0.249709 0.0297666 0.473825 0.00740603 -0.998647 -0.0514723 0.389439 -0.138974 0.0499462 -0.989036 -0.494856 0.990268 0.0144781 -0.138416 0.444401 
1530711280266 0.170844 -0.93074 0.323319 0.101078 0.342725 -0.251516 -0.90514 -0.431392 0.923771 0.265447 0.276018 0.466178 0.00805492 -0.998769 -0.0489521 0.389496 -0.137865 0.047377 -0.989317 -0.49494 0.990418 0.0147177 -0.137314 0.444307 
1530711280458 0.105148 -0.934618 0.339753 0.000884616 0.563855 -0.22539 -0.794523 -0.406067 0.819153 0.275114 0.503289 0.457434 0.00870104 -0.998884 -0.0464304 0.389552 -0.136756 0.0448072 -0.989591 -0.495024 0.990567 0.0149601 -0.136213 0.444214 
1530711280654 0.0375425 -0.939999 0.339106 -0.0988159 0.749603 -0.197914 -0.631605 -0.380811 0.660822 0.277907 0.697196 0.448155 0.00934438 -0.998992 -0.0439087 0.389608 -0.135643 0.0422384 -0.989857 -0.495109 0.990714 0.0152055 -0.135112 0.44412 
1530711280847 -0.0276063 -0.946554 0.321362 -0.198396 0.888125 -0.170769 -0.426698 -0.355461 0.458771 0.27363 0.845373 0.439558 0.00998539 -0.999093 -0.0413852 0.389665 -0.13453 0.0396687 -0.990115 -0.495195 0.990859 0.0154543 -0.134012 0.44403 
1530711281044 -0.0860414 -0.953809 0.287827 -0.298197 0.970271 -0.145816 -0.193162 -0.330283 0.22621 0.262651 0.938 0.431419 0.010623 -0.999188 -0.0388606 0.389721 -0.133415 0.0370991 -0.990366 -0.495282 0.991003 0.0157052 -0.132913 0.44394 
1530711281241 -0.134046 -0.961324 0.240599 -0.397792 0.990735 -0.124654 0.0539117 -0.305167 -0.021835 0.245596 0.969126 0.423288 0.011258 -0.999276 -0.0363356 0.389777 -0.132298 0.0345299 -0.990608 -0.495368 0.991146 0.0159594 -0.131814 0.44385 
1530711281444 -0.168622 -0.968551 0.182964 -0.4936 0.948203 -0.108693 0.298492 -0.280426 -0.269218 0.223819 0.936711 0.414045 0.0118886 -0.999357 -0.0338128 0.389832 -0.131183 0.0319642 -0.990843 -0.495448 0.991287 0.0162154 -0.130718 0.443771 
1530711281647 -0.168622 -0.968551 0.182964 -0.4936 0.948203 -0.108693 0.298492 -0.280426 -0.269218 0.223819 0.936711 0.414045 0.0114964 -0.999333 -0.034666 0.389735 -0.131587 0.0328548 -0.99076 -0.495447 0.991238 0.0159517 -0.131121 0.443841 
1530711281660 0.281103 -0.928276 0.243486 0.287991 -0.144274 -0.29171 -0.945563 -0.482292 0.948771 0.230672 -0.215927 0.480606 0.011701 -0.999352 -0.0340282 0.389832 -0.132383 0.0321828 -0.990676 -0.495494 0.99113 0.0160967 -0.131921 0.44399 
1530711281677 0.230646 -0.928538 0.290895 0.200888 0.100255 -0.274687 -0.956293 -0.456652 0.967859 0.249729 0.0297348 0.473877 0.0119066 -0.999371 -0.033391 0.389929 -0.13318 0.0315109 -0.990591 -0.495536 0.99102 0.0162415 -0.132721 0.44413 
1530711281789 0.17086 -0.930736 0.323323 0.101032 0.342709 -0.251521 -0.905145 -0.43141 0.923773 0.26546 0.275997 0.466211 0.0121124 -0.99939 -0.0327541 0.390026 -0.133976 0.0308392 -0.990505 -0.495581 0.990911 0.0163856 -0.13352 0.444274 
1530711281828 0.105159 -0.934614 0.339761 0.000852753 0.563841 -0.225396 -0.794531 -0.406085 0.819161 0.275124 0.503271 0.45745 0.0123191 -0.999408 -0.0321173 0.390123 -0.134772 0.0301672 -0.990417 -0.495625 0.9908 0.0165296 -0.13432 0.444418 
1530711281920 0.0375466 -0.939995 0.339115 -0.0988349 0.749604 -0.197917 -0.631603 -0.38082 0.66082 0.277917 0.697193 0.448214 0.0125266 -0.999426 -0.0314806 0.390221 -0.135568 0.0294949 -0.990329 -0.49567 0.990689 0.0166732 -0.13512 0.444563 
1530711281967 -0.0276061 -0.946552 0.321367 -0.198387 0.888126 -0.170771 -0.426696 -0.355459 0.45877 0.273635 0.845372 0.439556 0.0127346 -0.999443 -0.030844 0.390318 -0.136364 0.0288224 -0.990239 -0.495715 0.990577 0.0168163 -0.135921 0.444707 
1530711282043 -0.0860423 -0.953808 0.287831 -0.298197 0.970271 -0.145818 -0.193162 -0.330283 0.22621 0.262654 0.937999 0.431424 0.0129429 -0.99946 -0.0302077 0.390415 -0.137159 0.0281501 -0.990149 -0.495759 0.990465 0.0169587 -0.13672 0.444851 
1530711282050 -0.134047 -0.961323 0.240601 -0.397796 0.990734 -0.124655 0.0539118 -0.305168 -0.0218346 0.245598 0.969126 0.423293 0.0131518 -0.999476 -0.0295712 0.390512 -0.137954 0.0274772 -0.990057 -0.495803 0.990351 0.0171005 -0.13752 0.444995 
1530711282109 -0.16863 -0.968549 0.182969 -0.493607 0.948201 -0.108698 0.298497 -0.280433 -0.269221 0.223827 0.936708 0.414016 0.0133609 -0.999492 -0.0289353 0.390606 -0.138746 0.0268048 -0.989965 -0.495838 0.990238 0.0172415 -0.138318 0.445131 
1530711282222 -0.16863 -0.968549 0.182969 -0.493607 0.948201 -0.108698 0.298497 -0.280433 -0.269221 0.223827 0.936708 0.414016 0.0129089 -0.999466 -0.0300229 0.390409 -0.137454 0.0279666 -0.990113 -0.495772 0.990424 0.0169081 -0.137019 0.444913 
1530711282236 0.281128 -0.928267 0.243492 0.287961 -0.144281 -0.291723 -0.945558 -0.482185 0.948762 0.230692 -0.215943 0.480531 0.0125188 -0.999487 -0.0294936 0.39054 -0.137857 0.0274891 -0.990071 -0.495738 0.990373 0.0164604 -0.137442 0.445043 
1530711282252 0.23067 -0.928532 0.290895 0.200835 0.100235 -0.274691 -0.956294 -0.456661 0.967856 0.249746 0.029709 0.47392 0.0121283 -0.999507 -0.0289635 0.390672 -0.138261 0.0270111 -0.990027 -0.495704 0.990322 0.0160119 -0.137865 0.445173 
1530711282269 0.170874 -0.930732 0.323327 0.100996 0.342697 -0.251524 -0.905149 -0.431425 0.923775 0.26547 0.27598 0.466237 0.0117385 -0.999527 -0.0284334 0.390804 -0.138665 0.0265334 -0.989984 -0.49567 0.99027 0.0155636 -0.138288 0.445303 
1530711282373 0.105168 -0.934611 0.339768 0.00082758 0.563831 -0.2254 -0.794537 -0.406099 0.819167 0.275131 0.503258 0.457463 0.0113487 -0.999546 -0.027903 0.390935 -0.13907 0.0260559 -0.98994 -0.495636 0.990218 0.015115 -0.138711 0.445433 
1530711282423 0.0375493 -0.939993 0.339122 -0.0988507 0.749605 -0.197919 -0.631601 -0.380829 0.660819 0.277924 0.697192 0.448262 0.010959 -0.999565 -0.0273725 0.391067 -0.139475 0.0255785 -0.989895 -0.495602 0.990165 0.014666 -0.139134 0.445563 
1530711282483 -0.0276066 -0.946548 0.32138 -0.198398 0.888128 -0.170776 -0.42669 -0.355468 0.458766 0.273647 0.84537 0.439604 0.0105694 -0.999584 -0.0268418 0.391198 -0.139879 0.0251014 -0.98985 -0.495569 0.990112 0.0142167 -0.139556 0.445693 
1530711282542 -0.0860431 -0.953807 0.287835 -0.298197 0.970271 -0.145819 -0.193161 -0.330284 0.22621 0.262657 0.937998 0.431429 0.0101802 -0.999602 -0.026311 0.39133 -0.140284 0.0246244 -0.989805 -0.495535 0.990059 0.0137674 -0.139978 0.445823 
1530711282594 -0.134048 -0.961323 0.240602 -0.397799 0.990734 -0.124656 0.0539121 -0.305169 -0.0218344 0.245599 0.969125 0.423297 0.0097912 -0.99962 -0.02578 0.391461 -0.140689 0.0241477 -0.989759 -0.495501 0.990005 0.0133179 -0.140399 0.445953 
1530711282645 -0.168635 -0.968547 0.182974 -0.493612 0.948199 -0.108701 0.298502 -0.280439 -0.269223 0.223833 0.936706 0.413993 0.00940407 -0.999637 -0.0252489 0.391588 -0.141093 0.0236709 -0.989713 -0.495466 0.989952 0.0128698 -0.140819 0.446079 
1530711282718 -0.168635 -0.968547 0.182974 -0.493612 0.948199 -0.108701 0.298502 -0.280439 -0.269223 0.223833 0.936706 0.413993 0.010051 -0.999608 -0.0261396 0.391405 -0.140491 0.0244699 -0.989779 -0.495477 0.990031 0.0136207 -0.14019 0.44584 
1530711282732 0.281149 -0.928259 0.243496 0.287935 -0.144286 -0.291734 -0.945554 -0.482101 0.948756 0.230708 -0.215955 0.48047 0.00881981 -0.999449 -0.0320016 0.3916 -0.142079 0.0304257 -0.989388 -0.495458 0.989816 0.013273 -0.141732 0.446132 
1530711283013 0.230687 -0.928528 0.290895 0.200795 0.10022 -0.274694 -0.956294 -0.456669 0.967853 0.249759 0.0296889 0.473954 0.00757155 -0.999255 -0.0378509 0.391797 -0.143662 0.0363723 -0.988958 -0.49544 0.989598 0.0129257 -0.14328 0.446425 
1530711283295 0.170884 -0.930729 0.32333 0.100968 0.342688 -0.251526 -0.905152 -0.431436 0.923777 0.265477 0.275968 0.466257 0.00631351 -0.999025 -0.0436975 0.391993 -0.145239 0.0423189 -0.988491 -0.495421 0.989377 0.0125874 -0.14483 0.446719 
1530711283564 0.105173 -0.934609 0.339771 0.000810688 0.563824 -0.225402 -0.794541 -0.406108 0.819171 0.275136 0.503249 0.457472 0.00504629 -0.998759 -0.0495402 0.39219 -0.146807 0.0482641 -0.987987 -0.495402 0.989152 0.0122585 -0.146381 0.447012 
1530711283847 0.0375506 -0.939991 0.339125 -0.0988607 0.749605 -0.197921 -0.631601 -0.380835 0.660819 0.277927 0.697191 0.44829 0.00376981 -0.998458 -0.0553791 0.392387 -0.148367 0.0542081 -0.987446 -0.495384 0.988925 0.0119389 -0.147934 0.447306 
1530711284121 -0.0276049 -0.946545 0.321389 -0.198414 0.888129 -0.170778 -0.426687 -0.355475 0.458764 0.273657 0.845368 0.439649 0.00248414 -0.998122 -0.0612141 0.392584 -0.14992 0.0601507 -0.986867 -0.495365 0.988695 0.0116287 -0.149489 0.4476 
1530711284401 -0.0860438 -0.953806 0.287838 -0.298195 0.970271 -0.14582 -0.19316 -0.330286 0.226209 0.262661 0.937997 0.431432 0.00118915 -0.997749 -0.0670452 0.39278 -0.151464 0.0660921 -0.986251 -0.495347 0.988462 0.0113277 -0.151044 0.447893 
1530711284685 -0.134049 -0.961322 0.240604 -0.3978 0.990734 -0.124657 0.0539128 -0.305171 -0.0218346 0.245601 0.969125 0.4233 -0.000114924 -0.997341 -0.0728722 0.392977 -0.152999 0.0720317 -0.985598 -0.495328 0.988226 0.0110361 -0.152601 0.448186 
1530711284973 -0.16864 -0.968545 0.182978 -0.493615 0.948197 -0.108704 0.298505 -0.280444 -0.269226 0.223839 0.936704 0.413976 -0.00142488 -0.996898 -0.0786878 0.393169 -0.154521 0.0779623 -0.984909 -0.495309 0.987988 0.0107556 -0.154153 0.448457 
1530711285267 -0.16864 -0.968545 0.182978 -0.493615 0.948197 -0.108704 0.298505 -0.280444 -0.269226 0.223839 0.936704 0.413976 -0.00106485 -0.996978 -0.0776797 0.39315 -0.154151 0.0769149 -0.985049 -0.495273 0.988047 0.0109255 -0.153767 0.448434 
1530711285281 0.28115 -0.928257 0.243502 0.287952 -0.144278 -0.291738 -0.945554 -0.482045 0.948756 0.23071 -0.215949 0.480418 -0.00110669 -0.997088 -0.0762489 0.393304 -0.155635 0.0754916 -0.984926 -0.495299 0.987814 0.010777 -0.155265 0.448633 
1530711285426 0.230701 -0.928524 0.290894 0.200764 0.100209 -0.274697 -0.956295 -0.456674 0.967851 0.249768 0.029674 0.473978 -0.00114751 -0.997197 -0.0748173 0.393458 -0.15712 0.0740679 -0.984798 -0.495326 0.987579 0.0106252 -0.156764 0.448832 
1530711285560 0.170891 -0.930727 0.323332 0.100949 0.342681 -0.251528 -0.905154 -0.431444 0.923778 0.265482 0.275959 0.466272 -0.00118645 -0.997303 -0.073386 0.393612 -0.158603 0.0726448 -0.984666 -0.495352 0.987342 0.010471 -0.158262 0.44903 
1530711285684 0.105177 -0.934608 0.339774 0.000798921 0.56382 -0.225404 -0.794544 -0.406114 0.819173 0.275139 0.503243 0.457479 -0.00122295 -0.997407 -0.0719543 0.393766 -0.160087 0.0712216 -0.98453 -0.495379 0.987102 0.0103149 -0.159759 0.449229 
1530711285822 0.0375517 -0.939991 0.339128 -0.0988674 0.749606 -0.197921 -0.6316 -0.380838 0.660819 0.27793 0.69719 0.448308 -0.00125723 -0.997509 -0.0705224 0.39392 -0.16157 0.0697985 -0.98439 -0.495405 0.98686 0.0101567 -0.161256 0.449428 
1530711285942 -0.0276035 -0.946543 0.321395 -0.198424 0.88813 -0.170779 -0.426685 -0.355479 0.458763 0.273662 0.845367 0.439676 -0.0012893 -0.99761 -0.0690903 0.394074 -0.163054 0.0683754 -0.984245 -0.495431 0.986616 0.00999644 -0.162752 0.449627 
1530711286078 -0.086044 -0.953805 0.28784 -0.298194 0.970271 -0.145821 -0.193159 -0.330288 0.226209 0.262663 0.937997 0.431434 -0.00131908 -0.997708 -0.0676575 0.394228 -0.164537 0.066952 -0.984096 -0.495458 0.98637 0.00983404 -0.164248 0.449826 
1530711286194 -0.13405 -0.961322 0.240605 -0.397801 0.990734 -0.124658 0.0539133 -0.305172 -0.0218348 0.245603 0.969125 0.423302 -0.00134707 -0.997804 -0.066225 0.394382 -0.166019 0.0655292 -0.983943 -0.495483 0.986122 0.00966916 -0.165743 0.450024 
1530711286313 -0.168644 -0.968544 0.182981 -0.493617 0.948196 -0.108705 0.298509 -0.280449 -0.269228 0.223844 0.936702 0.413964 -0.00137205 -0.997898 -0.0647935 0.394531 -0.167496 0.0641075 -0.983786 -0.495498 0.985872 0.00950285 -0.167232 0.450211 
1530711286425 -0.168644 -0.968544 0.182981 -0.493617 0.948196 -0.108705 0.298509 -0.280449 -0.269228 0.223844 0.936702 0.413964 -0.00126488 -0.997818 -0.0660058 0.394425 -0.166119 0.0652984 -0.983941 -0.495459 0.986105 0.00972025 -0.165839 0.450073 
1530711286438 0.281149 -0.928256 0.243507 0.287968 -0.144271 -0.291741 -0.945554 -0.482006 0.948758 0.230711 -0.215943 0.480382 -0.0015307 -0.997692 -0.0678861 0.394589 -0.166206 0.0671958 -0.983799 -0.495511 0.98609 0.00977721 -0.165926 0.450111 
1530711286605 0.23071 -0.928522 0.290894 0.200742 0.100201 -0.274698 -0.956295 -0.456679 0.967849 0.249775 0.0296629 0.473997 -0.00179822 -0.997562 -0.0697667 0.394754 -0.166294 0.0690937 -0.983653 -0.495563 0.986075 0.00983293 -0.166012 0.450149 
1530711286748 0.170896 -0.930726 0.323333 0.100934 0.342677 -0.251529 -0.905155 -0.43145 0.923779 0.265486 0.275952 0.466283 -0.00206548 -0.997428 -0.0716459 0.394918 -0.16638 0.0709902 -0.983503 -0.495616 0.98606 0.00988902 -0.166098 0.450187 
1530711286755 0.105179 -0.934607 0.339776 0.000790387 0.563817 -0.225405 -0.794546 -0.406118 0.819175 0.275141 0.503239 0.457484 -0.00233316 -0.997291 -0.0735253 0.395082 -0.166466 0.072887 -0.98335 -0.495668 0.986044 0.00994513 -0.166185 0.450225 
1530711286904 0.0375524 -0.93999 0.339129 -0.0988722 0.749606 -0.197922 -0.6316 -0.380841 0.660819 0.277931 0.697189 0.44832 -0.00260111 -0.99715 -0.0754045 0.395246 -0.166551 0.0747836 -0.983193 -0.49572 0.986029 0.0100013 -0.166271 0.450263 
1530711287120 -0.0276025 -0.946541 0.321399 -0.198431 0.88813 -0.17078 -0.426684 -0.355482 0.458763 0.273667 0.845366 0.439695 -0.00286932 -0.997005 -0.0772836 0.395411 -0.166637 0.0766801 -0.983032 -0.495772 0.986014 0.0100576 -0.166358 0.450302 
1530711287277 -0.0860442 -0.953805 0.287842 -0.298193 0.970271 -0.145821 -0.193158 -0.330289 0.226209 0.262665 0.937996 0.431435 -0.00313747 -0.996857 -0.0791618 0.395575 -0.166721 0.0785757 -0.982868 -0.495825 0.985999 0.0101142 -0.166444 0.45034 
1530711287435 -0.13405 -0.961322 0.240606 -0.397802 0.990734 -0.124658 0.0539137 -0.305174 -0.021835 0.245604 0.969124 0.423303 -0.00340595 -0.996705 -0.0810406 0.395739 -0.166805 0.0804719 -0.982701 -0.495876 0.985984 0.0101709 -0.166529 0.450377 
1530711287588 -0.168646 -0.968543 0.182983 -0.493619 0.948195 -0.108706 0.298511 -0.280453 -0.269229 0.223847 0.936701 0.413955 -0.00367404 -0.99655 -0.0829168 0.395899 -0.166888 0.0823655 -0.98253 -0.495926 0.985969 0.0102279 -0.166615 0.45041 
1530711287754 -0.168646 -0.968543 0.182983 -0.493619 0.948195 -0.108706 0.298511 -0.280453 -0.269229 0.223847 0.936701 0.413955 -0.0036214 -0.996631 -0.0819391 0.395768 -0.166838 0.0813933 -0.982619 -0.495953 0.985978 0.0101121 -0.166571 0.450387 
1530711287768 0.281149 -0.928255 0.243511 0.287981 -0.144266 -0.291744 -0.945554 -0.481978 0.948759 0.230711 -0.215939 0.480357 -0.00381827 -0.996812 -0.0796946 0.395956 -0.165719 0.079224 -0.982986 -0.495926 0.986166 0.00945362 -0.165493 0.450321 
1530711287963 0.230718 -0.92852 0.290894 0.200726 0.100195 -0.2747 -0.956295 -0.456683 0.967848 0.24978 0.0296546 0.474011 -0.00410729 -0.996923 -0.0782837 0.396201 -0.164675 0.0778899 -0.983268 -0.495925 0.986339 0.00885284 -0.164489 0.450222 
1530711288122 0.1709 -0.930724 0.323334 0.100923 0.342673 -0.25153 -0.905156 -0.431455 0.923779 0.265489 0.275948 0.466291 -0.00439819 -0.997031 -0.0768737 0.396449 -0.163632 0.0765558 -0.983547 -0.495926 0.986512 0.00825317 -0.163483 0.450126 
1530711288278 0.105181 -0.934606 0.339777 0.000784134 0.563815 -0.225406 -0.794547 -0.406122 0.819176 0.275143 0.503236 0.457487 -0.00469051 -0.997137 -0.075464 0.396696 -0.162589 0.0752211 -0.983822 -0.495926 0.986683 0.00765498 -0.162476 0.450029 
1530711288441 0.0375529 -0.93999 0.33913 -0.0988756 0.749606 -0.197922 -0.6316 -0.380843 0.660819 0.277932 0.697189 0.448329 -0.00498433 -0.997242 -0.0740544 0.396943 -0.161546 0.0738856 -0.984095 -0.495926 0.986853 0.00705816 -0.161469 0.449932 
1530711288606 -0.0276017 -0.946541 0.321402 -0.198437 0.88813 -0.170781 -0.426683 -0.355485 0.458762 0.27367 0.845365 0.439709 -0.00527957 -0.997344 -0.0726455 0.39719 -0.160504 0.0725498 -0.984365 -0.495927 0.987021 0.00646285 -0.160461 0.449835 
1530711288764 -0.0860442 -0.953804 0.287843 -0.298193 0.970271 -0.145822 -0.193158 -0.33029 0.226208 0.262666 0.937996 0.431435 -0.00557635 -0.997444 -0.0712364 0.397437 -0.159461 0.0712129 -0.984632 -0.495927 0.987188 0.00586881 -0.159451 0.449738 
1530711288928 -0.134051 -0.961321 0.240607 -0.397802 0.990734 -0.124658 0.053914 -0.305175 -0.0218351 0.245604 0.969124 0.423304 -0.00587455 -0.997542 -0.0698269 0.397684 -0.158419 0.0698747 -0.984896 -0.495928 0.987354 0.0052761 -0.15844 0.449642 
1530711289089 -0.168648 -0.968542 0.182985 -0.49362 0.948195 -0.108707 0.298513 -0.280456 -0.26923 0.223849 0.9367 0.413949 -0.0061727 -0.997638 -0.0684197 0.397924 -0.157381 0.0685375 -0.985157 -0.495931 0.987519 0.00468687 -0.157432 0.449554 
1530711289252 -0.168648 -0.968542 0.182985 -0.49362 0.948195 -0.108707 0.298513 -0.280456 -0.26923 0.223849 0.9367 0.413949 -0.00585606 -0.997573 -0.069377 0.397838 -0.158106 0.0694292 -0.984978 -0.495903 0.987405 0.00520084 -0.158129 0.44956 
1530711289265 0.281148 -0.928255 0.243513 0.28799 -0.144262 -0.291746 -0.945554 -0.481958 0.948759 0.230711 -0.215936 0.480339 -0.00624282 -0.997497 -0.0704308 0.398067 -0.155749 0.0705426 -0.985275 -0.495937 0.987777 0.00481863 -0.155799 0.449317 
1530711289430 0.230723 -0.928519 0.290894 0.200715 0.10019 -0.274701 -0.956296 -0.456685 0.967848 0.249784 0.0296487 0.474021 -0.00662684 -0.99742 -0.0714857 0.398296 -0.15339 0.0716551 -0.985564 -0.495971 0.988143 0.00443403 -0.153469 0.449075 
1530711289608 0.170903 -0.930724 0.323335 0.100916 0.34267 -0.251531 -0.905157 -0.431458 0.92378 0.265491 0.275944 0.466296 -0.00700858 -0.997341 -0.0725412 0.398525 -0.15103 0.0727665 -0.985847 -0.496005 0.988504 0.0040465 -0.151138 0.448832 
1530711289813 0.105183 -0.934606 0.339778 0.000779635 0.563813 -0.225407 -0.794548 -0.406124 0.819177 0.275144 0.503234 0.45749 -0.00738768 -0.997261 -0.0735976 0.398754 -0.148669 0.073877 -0.986124 -0.496039 0.988859 0.00365648 -0.148807 0.448589 
1530711289991 0.0375533 -0.939989 0.339131 -0.0988782 0.749606 -0.197922 -0.6316 -0.380844 0.660819 0.277933 0.697189 0.448335 -0.00776425 -0.997179 -0.0746547 0.398982 -0.146306 0.0749864 -0.986393 -0.496073 0.989209 0.00326382 -0.146476 0.448346 
1530711290175 -0.0276011 -0.94654 0.321404 -0.198441 0.88813 -0.170781 -0.426683 -0.355486 0.458762 0.273672 0.845365 0.439719 -0.00813805 -0.997096 -0.0757127 0.399211 -0.143943 0.0760948 -0.986656 -0.496107 0.989553 0.00286883 -0.144144 0.448104 
1530711290358 -0.0860443 -0.953804 0.287844 -0.298193 0.970271 -0.145822 -0.193157 -0.33029 0.226208 0.262667 0.937996 0.431436 -0.00850988 -0.997012 -0.0767715 0.39944 -0.141577 0.0772022 -0.986912 -0.496141 0.989891 0.00247057 -0.141811 0.447861 
1530711290364 -0.134051 -0.961321 0.240607 -0.397802 0.990734 -0.124658 0.0539143 -0.305175 -0.0218352 0.245605 0.969124 0.423305 -0.00887852 -0.996927 -0.0778309 0.399669 -0.139211 0.0783084 -0.987162 -0.496176 0.990223 0.0020704 -0.139479 0.447619 
1530711290543 -0.168649 -0.968542 0.182986 -0.49362 0.948194 -0.108708 0.298514 -0.280457 -0.269231 0.22385 0.936699 0.413945 -0.00924395 -0.99684 -0.0788911 0.399891 -0.136851 0.0794133 -0.987403 -0.496219 0.990548 0.00166883 -0.137153 0.447392 
1530711290800 -0.168649 -0.968542 0.182986 -0.49362 0.948194 -0.108708 0.298514 -0.280457 -0.269231 0.22385 0.936699 0.413945 -0.0092083 -0.996896 -0.0781879 0.399756 -0.13796 0.07871 -0.987305 -0.496219 0.990395 0.00169544 -0.138257 0.447606 
1530711290813 0.281148 -0.928254 0.243515 0.287996 -0.14426 -0.291747 -0.945554 -0.481944 0.94876 0.230711 -0.215934 0.480326 -0.00948663 -0.996727 -0.080285 0.400032 -0.137933 0.0808255 -0.987138 -0.496289 0.990396 0.00170931 -0.138248 0.447679 
1530711290975 0.230727 -0.928518 0.290894 0.200707 0.100187 -0.274702 -0.956296 -0.456687 0.967847 0.249787 0.0296444 0.474028 -0.00976495 -0.996553 -0.0823833 0.400307 -0.137905 0.0829421 -0.986966 -0.496359 0.990397 0.0017234 -0.13824 0.447752 
1530711291141 0.170905 -0.930723 0.323335 0.10091 0.342669 -0.251531 -0.905158 -0.43146 0.92378 0.265493 0.275942 0.466301 -0.0100426 -0.996375 -0.0844801 0.400582 -0.137876 0.0850572 -0.98679 -0.496429 0.990399 0.0017379 -0.138231 0.447826 
1530711291304 0.105184 -0.934605 0.339779 0.000776415 0.563812 -0.225407 -0.794549 -0.406126 0.819178 0.275145 0.503232 0.457491 -0.0103205 -0.996192 -0.086577 0.400858 -0.137848 0.0871724 -0.98661 -0.496499 0.9904 0.00175212 -0.138222 0.447899 
1530711291460 0.0375536 -0.939989 0.339132 -0.09888 0.749606 -0.197923 -0.6316 -0.380845 0.660818 0.277934 0.697188 0.44834 -0.0105985 -0.996004 -0.0886736 0.401133 -0.137818 0.0892873 -0.986425 -0.496569 0.990401 0.00176621 -0.138214 0.447972 
1530711291627 -0.0276008 -0.946539 0.321405 -0.198444 0.888131 -0.170781 -0.426682 -0.355487 0.458762 0.273673 0.845364 0.439726 -0.0108766 -0.995812 -0.0907699 0.401409 -0.137789 0.0914019 -0.986235 -0.496639 0.990402 0.00178017 -0.138206 0.448045 
1530711291786 -0.0860443 -0.953804 0.287844 -0.298192 0.970271 -0.145822 -0.193157 -0.330291 0.226208 0.262667 0.937996 0.431436 -0.0111543 -0.995616 -0.0928653 0.401684 -0.137758 0.0935156 -0.986041 -0.496708 0.990403 0.00179432 -0.138197 0.448118 
1530711291946 -0.134051 -0.961321 0.240608 -0.397802 0.990734 -0.124659 0.0539144 -0.305176 -0.0218353 0.245605 0.969124 0.423306 -0.0114322 -0.995415 -0.0949611 0.40196 -0.137727 0.0956297 -0.985843 -0.496778 0.990404 0.00180834 -0.138188 0.448191 
1530711292109 -0.16865 -0.968542 0.182987 -0.493621 0.948194 -0.108708 0.298515 -0.280459 -0.269232 0.223852 0.936699 0.413942 -0.0117091 -0.99521 -0.0970541 0.402227 -0.137694 0.0977409 -0.98564 -0.496842 0.990406 0.00182283 -0.138179 0.448258 
1530711292288 -0.16865 -0.968542 0.182987 -0.493621 0.948194 -0.108708 0.298515 -0.280459 -0.269232 0.223852 0.936699 0.413942 -0.0115151 -0.995321 -0.0959345 0.402057 -0.137673 0.0966053 -0.985755 -0.496816 0.990411 0.00185652 -0.138141 0.448242 
1530711292302 0.281148 -0.928254 0.243517 0.288001 -0.144258 -0.291748 -0.945554 -0.481934 0.94876 0.230711 -0.215932 0.480317 -0.0124591 -0.995302 -0.0960113 0.402377 -0.13842 0.096811 -0.985631 -0.496779 0.990295 0.00100981 -0.138976 0.448409 
