1533680015847 0.275657 0.633204 -0.723233 -0.604483 -0.8825 0.464965 0.0707247 -0.181741 0.381061 0.618757 0.686973 0.426588 0.16008 -0.304787 0.938871 0.370831 -0.775623 0.549475 0.310623 -0.528794 -0.61056 -0.777934 -0.14844 0.432481 
1533680015857 -0.17242 0.821069 -0.544166 -0.602962 -0.975879 -0.0672843 0.207686 -0.254677 0.133911 0.566849 0.812865 0.413293 0.316241 -0.38488 0.867098 0.400864 -0.930001 -0.306251 0.203246 -0.504429 0.187325 -0.870677 -0.454788 0.485926 
1533680015877 -0.158362 0.794068 -0.586837 -0.608688 -0.975831 -0.0352262 0.215669 -0.254245 0.150584 0.606808 0.780454 0.419322 0.316241 -0.38488 0.867098 0.400864 -0.930001 -0.306251 0.203246 -0.504429 0.187325 -0.870677 -0.454788 0.485926 
1533680015887 -0.145127 0.764515 -0.628056 -0.614413 -0.975063 -0.00279304 0.221911 -0.253812 0.1679 0.6446 0.745856 0.425352 0.316241 -0.38488 0.867098 0.400864 -0.930001 -0.306251 0.203246 -0.504429 0.187325 -0.870677 -0.454788 0.485926 
1533680015897 -0.132759 0.732512 -0.667684 -0.620137 -0.973577 0.0299055 0.226391 -0.253379 0.185801 0.680097 0.709187 0.431381 0.316241 -0.38488 0.867098 0.400864 -0.930001 -0.306251 0.203246 -0.504429 0.187325 -0.870677 -0.454788 0.485926 
1533680015907 -0.1213 0.698165 -0.705586 -0.625861 -0.971379 0.0627587 0.229092 -0.252946 0.204226 0.713181 0.670571 0.43741 0.316241 -0.38488 0.867098 0.400864 -0.930001 -0.306251 0.203246 -0.504429 0.187325 -0.870677 -0.454788 0.485926 
1533680015917 -0.110788 0.661593 -0.741634 -0.631584 -0.968477 0.0956557 0.230007 -0.252512 0.223112 0.743737 0.630139 0.443439 0.316241 -0.38488 0.867098 0.400864 -0.930001 -0.306251 0.203246 -0.504429 0.187325 -0.870677 -0.454788 0.485926 
1533680015927 -0.10126 0.622917 -0.775707 -0.637306 -0.964878 0.128485 0.229132 -0.252077 0.242397 0.771664 0.588029 0.449468 0.316241 -0.38488 0.867098 0.400864 -0.930001 -0.306251 0.203246 -0.504429 0.187325 -0.870677 -0.454788 0.485926 
1533680015937 -0.0927468 0.582269 -0.807688 -0.643026 -0.960597 0.161136 0.22647 -0.251642 0.262014 0.796867 0.544381 0.455496 0.316241 -0.38488 0.867098 0.400864 -0.930001 -0.306251 0.203246 -0.504429 0.187325 -0.870677 -0.454788 0.485926 
1533680015947 -0.0850706 0.539823 -0.837469 -0.647348 -0.955662 0.193604 0.221872 -0.250392 0.281909 0.819212 0.499419 0.46136 0.316531 -0.385118 0.866887 0.401814 -0.929976 -0.306103 0.20358 -0.50615 0.186955 -0.870623 -0.455042 0.486735 
1533680015975 -0.0850706 0.539823 -0.837469 -0.647348 -0.955662 0.193604 0.221872 -0.250392 0.281909 0.819212 0.499419 0.46136 0.316531 -0.385118 0.866887 0.401814 -0.929976 -0.306103 0.20358 -0.50615 0.186955 -0.870623 -0.455042 0.486735 
1533680015988 -0.0788846 0.495613 -0.864954 -0.654527 -0.950045 0.225459 0.215831 -0.250805 0.30198 0.838771 0.453069 0.467559 0.316221 -0.384863 0.867113 0.400797 -0.930002 -0.306262 0.203223 -0.504308 0.187351 -0.87068 -0.45477 0.485869 
1533680015998 -0.0788821 0.495614 -0.864954 -0.654527 -0.950045 0.225461 0.21583 -0.250805 0.301982 0.83877 0.45307 0.467559 0.316221 -0.384863 0.867113 0.400797 -0.930002 -0.306262 0.203223 -0.504308 0.187351 -0.87068 -0.45477 0.485869 
1533680016008 -0.0788796 0.495614 -0.864954 -0.654527 -0.950044 0.225463 0.215829 -0.250805 0.301983 0.838769 0.453071 0.467559 0.316221 -0.384863 0.867113 0.400797 -0.930002 -0.306262 0.203223 -0.504308 0.187351 -0.87068 -0.45477 0.485869 
1533680016018 -0.0788771 0.495615 -0.864953 -0.654527 -0.950044 0.225465 0.215827 -0.250805 0.301984 0.838768 0.453072 0.467559 0.316221 -0.384863 0.867113 0.400797 -0.930002 -0.306262 0.203223 -0.504308 0.187351 -0.87068 -0.45477 0.485869 
1533680016028 -0.0788746 0.495615 -0.864953 -0.654527 -0.950044 0.225467 0.215826 -0.250805 0.301986 0.838767 0.453073 0.467559 0.316221 -0.384863 0.867113 0.400797 -0.930002 -0.306262 0.203223 -0.504308 0.187351 -0.87068 -0.45477 0.485869 
1533680016038 -0.078872 0.495616 -0.864953 -0.654527 -0.950044 0.22547 0.215825 -0.250805 0.301987 0.838766 0.453074 0.467559 0.316221 -0.384863 0.867113 0.400797 -0.930002 -0.306262 0.203223 -0.504308 0.187351 -0.87068 -0.45477 0.485869 
1533680016048 -0.0788695 0.495616 -0.864953 -0.654527 -0.950044 0.225472 0.215823 -0.250805 0.301988 0.838765 0.453074 0.467559 0.316221 -0.384863 0.867113 0.400797 -0.930002 -0.306262 0.203223 -0.504308 0.187351 -0.87068 -0.45477 0.485869 
1533680016058 -0.078867 0.495617 -0.864953 -0.654527 -0.950043 0.225474 0.215822 -0.250805 0.301989 0.838764 0.453075 0.467559 0.316221 -0.384863 0.867113 0.400797 -0.930002 -0.306262 0.203223 -0.504308 0.187351 -0.87068 -0.45477 0.485869 
1533680016068 -0.0788457 0.495622 -0.864952 -0.654406 -0.950044 0.225485 0.215806 -0.250734 0.301992 0.838758 0.453084 0.467541 0.316231 -0.384871 0.867106 0.40083 -0.930001 -0.306257 0.203234 -0.504368 0.187338 -0.870678 -0.454779 0.485897 
1533680016097 -0.0788457 0.495622 -0.864952 -0.654406 -0.950044 0.225485 0.215806 -0.250734 0.301992 0.838758 0.453084 0.467541 0.316231 -0.384871 0.867106 0.40083 -0.930001 -0.306257 0.203234 -0.504368 0.187338 -0.870678 -0.454779 0.485897 
1533680016107 -0.0788606 0.495619 -0.864953 -0.654529 -0.950043 0.225479 0.215818 -0.250806 0.301992 0.838762 0.453077 0.46756 0.31622 -0.384863 0.867113 0.400797 -0.930002 -0.306262 0.203222 -0.504307 0.187351 -0.87068 -0.45477 0.485868 
1533680016117 -0.0788597 0.495619 -0.864953 -0.654529 -0.950043 0.22548 0.215818 -0.250806 0.301993 0.838761 0.453078 0.46756 0.31622 -0.384863 0.867113 0.400797 -0.930002 -0.306262 0.203222 -0.504307 0.187351 -0.87068 -0.45477 0.485868 
1533680016127 -0.0788589 0.495619 -0.864952 -0.654529 -0.950043 0.22548 0.215817 -0.250806 0.301993 0.838761 0.453078 0.46756 0.31622 -0.384863 0.867113 0.400797 -0.930002 -0.306262 0.203222 -0.504307 0.187351 -0.87068 -0.45477 0.485868 
1533680016137 -0.078858 0.49562 -0.864952 -0.654529 -0.950043 0.225481 0.215817 -0.250806 0.301993 0.838761 0.453079 0.46756 0.31622 -0.384863 0.867113 0.400797 -0.930002 -0.306262 0.203222 -0.504307 0.187351 -0.87068 -0.45477 0.485868 
1533680016147 -0.0788571 0.49562 -0.864952 -0.654529 -0.950043 0.225482 0.215816 -0.250806 0.301994 0.83876 0.453079 0.46756 0.31622 -0.384863 0.867113 0.400797 -0.930002 -0.306262 0.203222 -0.504307 0.187351 -0.87068 -0.45477 0.485868 
1533680016157 -0.0788563 0.49562 -0.864952 -0.654529 -0.950043 0.225482 0.215816 -0.250806 0.301994 0.83876 0.45308 0.46756 0.31622 -0.384863 0.867113 0.400797 -0.930002 -0.306262 0.203222 -0.504307 0.187351 -0.87068 -0.45477 0.485868 
1533680016167 -0.0788554 0.495621 -0.864952 -0.654529 -0.950043 0.225483 0.215815 -0.250806 0.301994 0.83876 0.45308 0.46756 0.31622 -0.384863 0.867113 0.400797 -0.930002 -0.306262 0.203222 -0.504307 0.187351 -0.87068 -0.45477 0.485868 
1533680016177 -0.0788545 0.495621 -0.864952 -0.654529 -0.950043 0.225483 0.215815 -0.250806 0.301995 0.838759 0.453081 0.46756 0.31622 -0.384863 0.867113 0.400797 -0.930002 -0.306262 0.203222 -0.504307 0.187351 -0.87068 -0.45477 0.485868 
1533680016187 -0.0788536 0.495622 -0.864952 -0.654529 -0.950043 0.225484 0.215814 -0.250806 0.301995 0.838759 0.453081 0.46756 0.31622 -0.384863 0.867113 0.400797 -0.930002 -0.306262 0.203222 -0.504307 0.187351 -0.87068 -0.45477 0.485868 
1533680016218 -0.0788536 0.495622 -0.864952 -0.654529 -0.950043 0.225484 0.215814 -0.250806 0.301995 0.838759 0.453081 0.46756 0.31622 -0.384863 0.867113 0.400797 -0.930002 -0.306262 0.203222 -0.504307 0.187351 -0.87068 -0.45477 0.485868 
1533680016228 -0.0790823 0.495825 -0.864814 -0.654478 -0.950022 0.225332 0.216064 -0.250856 0.302 0.838679 0.453225 0.467576 0.31622 -0.384863 0.867113 0.400795 -0.930002 -0.306262 0.203222 -0.504305 0.187352 -0.87068 -0.454769 0.485867 
1533680016238 -0.0793117 0.496028 -0.864677 -0.654424 -0.950001 0.22518 0.216314 -0.250906 0.302005 0.8386 0.453368 0.467592 0.31622 -0.384863 0.867113 0.400795 -0.930002 -0.306262 0.203222 -0.504304 0.187352 -0.87068 -0.454769 0.485867 
1533680016248 -0.0795405 0.496231 -0.864539 -0.654369 -0.94998 0.225027 0.216563 -0.250955 0.302011 0.838521 0.453511 0.467608 0.31622 -0.384863 0.867113 0.400795 -0.930002 -0.306262 0.203222 -0.504304 0.187352 -0.87068 -0.454769 0.485867 
1533680016258 -0.0797693 0.496434 -0.864402 -0.654315 -0.94996 0.224875 0.216813 -0.251004 0.302016 0.838442 0.453654 0.467624 0.31622 -0.384863 0.867113 0.400795 -0.930002 -0.306262 0.203222 -0.504304 0.187352 -0.87068 -0.454769 0.485867 
1533680016268 -0.0799994 0.496637 -0.864264 -0.65426 -0.949939 0.224722 0.217063 -0.251055 0.302021 0.838362 0.453797 0.46764 0.31622 -0.384863 0.867113 0.400795 -0.930002 -0.306262 0.203222 -0.504304 0.187351 -0.87068 -0.454769 0.485867 
1533680016278 -0.0802284 0.49684 -0.864126 -0.654205 -0.949918 0.22457 0.217313 -0.251105 0.302026 0.838283 0.45394 0.467656 0.31622 -0.384863 0.867113 0.400795 -0.930002 -0.306262 0.203222 -0.504304 0.187351 -0.87068 -0.454769 0.485867 
1533680016288 -0.0804574 0.497043 -0.863988 -0.654151 -0.949897 0.224417 0.217562 -0.251154 0.302032 0.838203 0.454084 0.467672 0.31622 -0.384863 0.867113 0.400795 -0.930002 -0.306262 0.203222 -0.504304 0.187351 -0.87068 -0.454769 0.485867 
1533680016298 -0.0806865 0.497246 -0.86385 -0.654096 -0.949875 0.224265 0.217812 -0.251204 0.302037 0.838124 0.454227 0.467688 0.31622 -0.384863 0.867113 0.400795 -0.930002 -0.306262 0.203222 -0.504304 0.187351 -0.87068 -0.454769 0.485867 
1533680016308 -0.0809155 0.497449 -0.863711 -0.654041 -0.949854 0.224112 0.218061 -0.251253 0.302042 0.838045 0.45437 0.467704 0.31622 -0.384863 0.867113 0.400795 -0.930002 -0.306262 0.203222 -0.504304 0.187351 -0.87068 -0.454769 0.485867 
1533680016338 -0.0809155 0.497449 -0.863711 -0.654041 -0.949854 0.224112 0.218061 -0.251253 0.302042 0.838045 0.45437 0.467704 0.31622 -0.384863 0.867113 0.400795 -0.930002 -0.306262 0.203222 -0.504304 0.187351 -0.87068 -0.454769 0.485867 
1533680016348 -0.0811141 0.497677 -0.863561 -0.653982 -0.949839 0.223957 0.218287 -0.251304 0.302037 0.83795 0.454547 0.467741 0.31622 -0.384863 0.867113 0.400795 -0.930002 -0.306262 0.203222 -0.504304 0.187351 -0.87068 -0.454769 0.485867 
1533680016358 -0.0810815 0.497703 -0.863549 -0.653977 -0.949845 0.223957 0.218261 -0.251301 0.302027 0.837935 0.454582 0.467761 0.31622 -0.384863 0.867113 0.400795 -0.930002 -0.306262 0.203222 -0.504304 0.187351 -0.87068 -0.454769 0.485867 
1533680016368 -0.0810512 0.49773 -0.863537 -0.653969 -0.949851 0.223955 0.218237 -0.251301 0.302017 0.83792 0.454617 0.467781 0.31622 -0.384863 0.867113 0.400795 -0.930002 -0.306262 0.203222 -0.504304 0.187351 -0.87068 -0.454769 0.485867 
1533680016378 -0.0810198 0.497756 -0.863525 -0.653962 -0.949857 0.223954 0.218212 -0.2513 0.302006 0.837904 0.454652 0.4678 0.31622 -0.384863 0.867113 0.400795 -0.930002 -0.306262 0.203222 -0.504304 0.187351 -0.87068 -0.454769 0.485867 
1533680016388 -0.0809885 0.497782 -0.863513 -0.653954 -0.949863 0.223953 0.218188 -0.251299 0.301996 0.837889 0.454687 0.46782 0.31622 -0.384863 0.867113 0.400795 -0.930002 -0.306262 0.203222 -0.504304 0.187351 -0.87068 -0.454769 0.485867 
1533680016398 -0.0809569 0.497808 -0.863501 -0.653947 -0.949869 0.223952 0.218162 -0.251298 0.301985 0.837874 0.454722 0.46784 0.31622 -0.384863 0.867113 0.400795 -0.930002 -0.306262 0.203222 -0.504304 0.187351 -0.87068 -0.454769 0.485867 
1533680016408 -0.0809255 0.497834 -0.863488 -0.653938 -0.949875 0.223951 0.218138 -0.251295 0.301975 0.837859 0.454757 0.46786 0.31622 -0.384863 0.867113 0.400795 -0.930002 -0.306262 0.203222 -0.504304 0.187351 -0.87068 -0.454769 0.485867 
1533680016418 -0.0808945 0.49786 -0.863476 -0.653931 -0.949881 0.223949 0.218113 -0.251294 0.301965 0.837844 0.454792 0.46788 0.31622 -0.384863 0.867113 0.400795 -0.930002 -0.306262 0.203222 -0.504304 0.187351 -0.87068 -0.454769 0.485867 
1533680016428 -0.0808631 0.497886 -0.863464 -0.653924 -0.949887 0.223948 0.218088 -0.251292 0.301954 0.837828 0.454827 0.4679 0.31622 -0.384863 0.867113 0.400795 -0.930002 -0.306262 0.203222 -0.504304 0.187351 -0.87068 -0.454769 0.485867 
1533680016458 -0.0808631 0.497886 -0.863464 -0.653924 -0.949887 0.223948 0.218088 -0.251292 0.301954 0.837828 0.454827 0.4679 0.31622 -0.384863 0.867113 0.400795 -0.930002 -0.306262 0.203222 -0.504304 0.187351 -0.87068 -0.454769 0.485867 
1533680016468 -0.0808192 0.497827 -0.863503 -0.653901 -0.949926 0.223886 0.217983 -0.251294 0.301843 0.837881 0.454804 0.467949 0.31622 -0.384863 0.867113 0.400795 -0.930002 -0.306262 0.203222 -0.504304 0.187351 -0.87068 -0.454769 0.485867 
1533680016478 -0.0808077 0.49774 -0.863554 -0.653885 -0.949959 0.223824 0.217902 -0.251298 0.301743 0.837949 0.454745 0.467981 0.31622 -0.384863 0.867113 0.400795 -0.930002 -0.306262 0.203222 -0.504304 0.187351 -0.87068 -0.454769 0.485867 
1533680016488 -0.0807963 0.497653 -0.863605 -0.65387 -0.949992 0.223763 0.217822 -0.251302 0.301642 0.838017 0.454687 0.468012 0.31622 -0.384863 0.867113 0.400795 -0.930002 -0.306262 0.203222 -0.504304 0.187351 -0.87068 -0.454769 0.485867 
1533680016498 -0.0807852 0.497566 -0.863656 -0.653854 -0.950024 0.223701 0.217742 -0.251306 0.301541 0.838085 0.454628 0.468044 0.31622 -0.384863 0.867113 0.400795 -0.930002 -0.306262 0.203222 -0.504304 0.187351 -0.87068 -0.454769 0.485867 
1533680016508 -0.0807735 0.497479 -0.863707 -0.653839 -0.950058 0.223639 0.217661 -0.25131 0.30144 0.838153 0.454569 0.468075 0.31622 -0.384863 0.867113 0.400795 -0.930002 -0.306262 0.203222 -0.504304 0.187351 -0.87068 -0.454769 0.485867 
1533680016518 -0.0807621 0.497392 -0.863758 -0.653824 -0.95009 0.223577 0.21758 -0.251314 0.30134 0.838221 0.454511 0.468107 0.31622 -0.384863 0.867113 0.400795 -0.930002 -0.306262 0.203222 -0.504304 0.187351 -0.87068 -0.454769 0.485867 
1533680016528 -0.080751 0.497305 -0.863809 -0.653808 -0.950123 0.223516 0.2175 -0.251318 0.301239 0.838289 0.454452 0.468139 0.31622 -0.384863 0.867113 0.400795 -0.930002 -0.306262 0.203222 -0.504304 0.187351 -0.87068 -0.454769 0.485867 
1533680016538 -0.0807396 0.497218 -0.863861 -0.653793 -0.950156 0.223454 0.21742 -0.251322 0.301138 0.838357 0.454394 0.46817 0.31622 -0.384863 0.867113 0.400795 -0.930002 -0.306262 0.203222 -0.504304 0.187351 -0.87068 -0.454769 0.485867 
1533680016548 -0.0807281 0.497131 -0.863912 -0.653778 -0.950189 0.223392 0.21734 -0.251326 0.301038 0.838425 0.454335 0.468201 0.31622 -0.384863 0.867113 0.400795 -0.930002 -0.306262 0.203222 -0.504304 0.187351 -0.87068 -0.454769 0.485867 
1533680016574 -0.0807281 0.497131 -0.863912 -0.653778 -0.950189 0.223392 0.21734 -0.251326 0.301038 0.838425 0.454335 0.468201 0.31622 -0.384863 0.867113 0.400795 -0.930002 -0.306262 0.203222 -0.504304 0.187351 -0.87068 -0.454769 0.485867 
1533680016587 -0.0810261 0.496897 -0.864019 -0.653734 -0.950234 0.223117 0.217426 -0.251452 0.300816 0.838637 0.45409 0.468253 0.31622 -0.384863 0.867113 0.400795 -0.930002 -0.306262 0.203222 -0.504304 0.187351 -0.87068 -0.454769 0.485867 
1533680016597 -0.0813374 0.49675 -0.864074 -0.653715 -0.950246 0.222903 0.217595 -0.25158 0.300695 0.838781 0.453904 0.468274 0.31622 -0.384863 0.867113 0.400795 -0.930002 -0.306262 0.203222 -0.504304 0.187351 -0.87068 -0.454769 0.485867 
1533680016607 -0.0816486 0.496603 -0.864129 -0.653695 -0.950257 0.22269 0.217763 -0.251708 0.300574 0.838925 0.453718 0.468296 0.31622 -0.384863 0.867113 0.400795 -0.930002 -0.306262 0.203222 -0.504304 0.187351 -0.87068 -0.454769 0.485867 
1533680016617 -0.0819598 0.496455 -0.864184 -0.653676 -0.950269 0.222476 0.217932 -0.251836 0.300453 0.839069 0.453532 0.468317 0.31622 -0.384863 0.867113 0.400795 -0.930002 -0.306262 0.203222 -0.504304 0.187351 -0.87068 -0.45477 0.485867 
1533680016627 -0.0822702 0.496308 -0.86424 -0.653657 -0.95028 0.222262 0.2181 -0.251964 0.300333 0.839213 0.453346 0.468338 0.31622 -0.384863 0.867113 0.400795 -0.930002 -0.306262 0.203222 -0.504304 0.187351 -0.87068 -0.45477 0.485867 
1533680016637 -0.082582 0.49616 -0.864295 -0.653637 -0.950291 0.222048 0.218269 -0.252091 0.300211 0.839357 0.45316 0.468359 0.31622 -0.384863 0.867113 0.400795 -0.930002 -0.306262 0.203222 -0.504304 0.187351 -0.87068 -0.45477 0.485867 
1533680016647 -0.0828924 0.496013 -0.86435 -0.653619 -0.950302 0.221835 0.218437 -0.252219 0.30009 0.8395 0.452974 0.46838 0.31622 -0.384863 0.867113 0.400795 -0.930002 -0.306262 0.203222 -0.504304 0.187351 -0.87068 -0.45477 0.485867 
1533680016657 -0.0832032 0.495865 -0.864404 -0.653599 -0.950313 0.221621 0.218605 -0.252347 0.299969 0.839644 0.452788 0.468401 0.31622 -0.384863 0.867113 0.400795 -0.930002 -0.306262 0.203222 -0.504304 0.187351 -0.87068 -0.45477 0.485867 
1533680016667 -0.083515 0.495717 -0.864459 -0.653579 -0.950324 0.221407 0.218775 -0.252474 0.299848 0.839788 0.452601 0.468422 0.31622 -0.384863 0.867113 0.400795 -0.930002 -0.306262 0.203222 -0.504304 0.187351 -0.87068 -0.45477 0.485867 
1533680016698 -0.083515 0.495717 -0.864459 -0.653579 -0.950324 0.221407 0.218775 -0.252474 0.299848 0.839788 0.452601 0.468422 0.31622 -0.384863 0.867113 0.400795 -0.930002 -0.306262 0.203222 -0.504304 0.187351 -0.87068 -0.45477 0.485867 
1533680016708 -0.0841257 0.495439 -0.864559 -0.653525 -0.950368 0.220922 0.219076 -0.252732 0.299539 0.840079 0.452264 0.468473 0.31622 -0.384863 0.867113 0.400795 -0.930002 -0.306262 0.203222 -0.504304 0.187351 -0.87068 -0.45477 0.485867 
1533680016718 -0.0844255 0.495309 -0.864605 -0.653491 -0.9504 0.220651 0.219208 -0.252862 0.299352 0.840227 0.452113 0.468503 0.31622 -0.384863 0.867113 0.400795 -0.930002 -0.306262 0.203222 -0.504304 0.187351 -0.87068 -0.45477 0.485867 
1533680016728 -0.0847254 0.495179 -0.86465 -0.653457 -0.950433 0.22038 0.219341 -0.252993 0.299164 0.840375 0.451962 0.468533 0.31622 -0.384863 0.867113 0.400795 -0.930002 -0.306262 0.203222 -0.504304 0.187351 -0.87068 -0.45477 0.485867 
1533680016738 -0.0850245 0.495049 -0.864695 -0.653423 -0.950465 0.220109 0.219473 -0.253124 0.298977 0.840523 0.451812 0.468563 0.31622 -0.384863 0.867113 0.400795 -0.930002 -0.306262 0.203222 -0.504304 0.187351 -0.87068 -0.45477 0.485867 
1533680016748 -0.0853248 0.494918 -0.86474 -0.653388 -0.950497 0.219837 0.219606 -0.253254 0.298789 0.840671 0.451661 0.468593 0.31622 -0.384863 0.867113 0.400795 -0.930002 -0.306262 0.203222 -0.504304 0.187351 -0.87068 -0.45477 0.485867 
1533680016758 -0.0856239 0.494788 -0.864785 -0.653354 -0.950529 0.219566 0.219738 -0.253386 0.298601 0.840819 0.45151 0.468623 0.31622 -0.384863 0.867113 0.400795 -0.930002 -0.306262 0.203222 -0.504304 0.187351 -0.87068 -0.45477 0.485867 
1533680016768 -0.0859234 0.494657 -0.86483 -0.653319 -0.950561 0.219295 0.219871 -0.253516 0.298413 0.840966 0.451359 0.468653 0.31622 -0.384863 0.867113 0.400795 -0.930002 -0.306262 0.203222 -0.504304 0.187351 -0.87068 -0.45477 0.485867 
1533680016778 -0.0862237 0.494526 -0.864875 -0.653285 -0.950593 0.219023 0.220004 -0.253646 0.298226 0.841114 0.451208 0.468683 0.31622 -0.384863 0.867113 0.400795 -0.930002 -0.306262 0.203222 -0.504304 0.187351 -0.87068 -0.45477 0.485867 
1533680016788 -0.0865232 0.494395 -0.86492 -0.65325 -0.950625 0.218752 0.220137 -0.253777 0.298038 0.841261 0.451057 0.468712 0.31622 -0.384863 0.867113 0.400795 -0.930002 -0.306262 0.203222 -0.504304 0.187351 -0.87068 -0.45477 0.485867 
1533680016816 -0.0865232 0.494395 -0.86492 -0.65325 -0.950625 0.218752 0.220137 -0.253777 0.298038 0.841261 0.451057 0.468712 0.31622 -0.384863 0.867113 0.400795 -0.930002 -0.306262 0.203222 -0.504304 0.187351 -0.87068 -0.45477 0.485867 
1533680016826 -0.0868808 0.494133 -0.865034 -0.653154 -0.95064 0.218519 0.220303 -0.253972 0.297885 0.841476 0.450758 0.468768 0.31622 -0.384863 0.867113 0.400795 -0.930002 -0.306262 0.203222 -0.504304 0.187351 -0.87068 -0.45477 0.485867 
1533680016836 -0.0869392 0.494002 -0.865103 -0.653093 -0.950623 0.218556 0.220337 -0.254037 0.297921 0.841543 0.450609 0.468794 0.31622 -0.384863 0.867113 0.400795 -0.930002 -0.306262 0.203222 -0.504304 0.187351 -0.87068 -0.45477 0.485867 
1533680016846 -0.0869977 0.493871 -0.865172 -0.653033 -0.950607 0.218594 0.22037 -0.254102 0.297956 0.84161 0.45046 0.46882 0.31622 -0.384863 0.867113 0.400795 -0.930002 -0.306262 0.203222 -0.504304 0.187351 -0.87068 -0.45477 0.485867 
1533680016856 -0.0870561 0.49374 -0.865241 -0.652972 -0.95059 0.218632 0.220404 -0.254167 0.297992 0.841677 0.450311 0.468846 0.31622 -0.384863 0.867113 0.400795 -0.930002 -0.306262 0.203222 -0.504304 0.187351 -0.87068 -0.45477 0.485867 
1533680016866 -0.0871146 0.493609 -0.86531 -0.652911 -0.950574 0.21867 0.220437 -0.254232 0.298027 0.841744 0.450162 0.468871 0.31622 -0.384863 0.867113 0.400795 -0.930002 -0.306262 0.203222 -0.504304 0.187351 -0.87068 -0.45477 0.485867 
1533680016876 -0.087173 0.493478 -0.865379 -0.65285 -0.950558 0.218708 0.22047 -0.254297 0.298062 0.841811 0.450014 0.468897 0.31622 -0.384863 0.867113 0.400795 -0.930002 -0.306262 0.203222 -0.504304 0.187351 -0.87068 -0.45477 0.485867 
1533680016886 -0.0872315 0.493347 -0.865448 -0.652789 -0.950541 0.218746 0.220504 -0.254362 0.298098 0.841879 0.449865 0.468923 0.31622 -0.384863 0.867113 0.400795 -0.930002 -0.306262 0.203222 -0.504304 0.187351 -0.87068 -0.45477 0.485867 
1533680016896 -0.08729 0.493215 -0.865517 -0.652728 -0.950525 0.218784 0.220537 -0.254427 0.298133 0.841946 0.449716 0.468949 0.31622 -0.384863 0.867113 0.400795 -0.930002 -0.306262 0.203222 -0.504304 0.187351 -0.87068 -0.45477 0.485867 
1533680016906 -0.0873493 0.493084 -0.865586 -0.652667 -0.950508 0.218821 0.220571 -0.254493 0.298169 0.842013 0.449566 0.468976 0.31622 -0.384863 0.867113 0.400795 -0.930002 -0.306262 0.203222 -0.504304 0.187351 -0.87068 -0.45477 0.485867 
1533680016933 -0.0873493 0.493084 -0.865586 -0.652667 -0.950508 0.218821 0.220571 -0.254493 0.298169 0.842013 0.449566 0.468976 0.31622 -0.384863 0.867113 0.400795 -0.930002 -0.306262 0.203222 -0.504304 0.187351 -0.87068 -0.45477 0.485867 
1533680016946 -0.0874859 0.492973 -0.865635 -0.652501 -0.950473 0.218851 0.220694 -0.254603 0.298241 0.84207 0.449411 0.469052 0.31622 -0.384863 0.867113 0.400795 -0.930002 -0.306262 0.203222 -0.504304 0.187351 -0.87068 -0.45477 0.485867 
1533680016956 -0.0875634 0.492994 -0.865615 -0.652391 -0.950454 0.218842 0.220783 -0.254645 0.298278 0.84206 0.449405 0.469102 0.31622 -0.384863 0.867113 0.400795 -0.930002 -0.306262 0.203222 -0.504304 0.187351 -0.87068 -0.45477 0.485867 
1533680016966 -0.0876411 0.493014 -0.865596 -0.652281 -0.950435 0.218834 0.220872 -0.254687 0.298315 0.84205 0.449399 0.469151 0.31622 -0.384863 0.867113 0.400795 -0.930002 -0.306262 0.203222 -0.504304 0.187351 -0.87068 -0.45477 0.485867 
1533680016976 -0.0877181 0.493034 -0.865576 -0.652171 -0.950417 0.218826 0.22096 -0.254728 0.298352 0.84204 0.449393 0.469201 0.31622 -0.384863 0.867113 0.400795 -0.930002 -0.306262 0.203222 -0.504304 0.187351 -0.87068 -0.45477 0.485867 
1533680016986 -0.087795 0.493055 -0.865557 -0.65206 -0.950398 0.218818 0.221048 -0.254769 0.298388 0.84203 0.449387 0.46925 0.31622 -0.384863 0.867113 0.400795 -0.930002 -0.306262 0.203222 -0.504304 0.187351 -0.87068 -0.45477 0.485867 
1533680016996 -0.0878723 0.493076 -0.865537 -0.651951 -0.950379 0.21881 0.221136 -0.254811 0.298425 0.842021 0.449381 0.469299 0.31622 -0.384863 0.867113 0.400795 -0.930002 -0.306262 0.203222 -0.504304 0.187351 -0.87068 -0.45477 0.485867 
1533680017006 -0.0879486 0.493096 -0.865518 -0.651841 -0.950361 0.218802 0.221224 -0.254853 0.298462 0.84201 0.449376 0.469349 0.31622 -0.384863 0.867113 0.400795 -0.930002 -0.306262 0.203222 -0.504304 0.187351 -0.87068 -0.45477 0.485867 
1533680017016 -0.0880262 0.493117 -0.865498 -0.65173 -0.950342 0.218794 0.221313 -0.254894 0.298499 0.842001 0.44937 0.469398 0.31622 -0.384863 0.867113 0.400795 -0.930002 -0.306262 0.203222 -0.504304 0.187351 -0.87068 -0.45477 0.485867 
1533680017026 -0.0881034 0.493137 -0.865479 -0.65162 -0.950323 0.218786 0.221401 -0.254936 0.298536 0.841991 0.449364 0.469447 0.31622 -0.384863 0.867113 0.400795 -0.930002 -0.306262 0.203222 -0.504304 0.187351 -0.87068 -0.45477 0.485867 
1533680017059 -0.0881034 0.493137 -0.865479 -0.65162 -0.950323 0.218786 0.221401 -0.254936 0.298536 0.841991 0.449364 0.469447 0.31622 -0.384863 0.867113 0.400795 -0.930002 -0.306262 0.203222 -0.504304 0.187351 -0.87068 -0.45477 0.485867 
1533680017069 -0.0883605 0.493152 -0.865444 -0.651397 -0.950314 0.218622 0.221602 -0.255009 0.298489 0.842025 0.449331 0.469576 0.31622 -0.384863 0.867113 0.400795 -0.930002 -0.306262 0.203222 -0.504304 0.187351 -0.87068 -0.45477 0.485867 
1533680017079 -0.0885422 0.493145 -0.865429 -0.651283 -0.950324 0.218465 0.221715 -0.255041 0.298404 0.842069 0.449304 0.469655 0.31622 -0.384863 0.867113 0.400795 -0.930002 -0.306262 0.203222 -0.504304 0.187351 -0.87068 -0.45477 0.485867 
1533680017089 -0.0887226 0.493139 -0.865414 -0.65117 -0.950333 0.218309 0.221828 -0.255072 0.29832 0.842113 0.449278 0.469735 0.31622 -0.384863 0.867113 0.400795 -0.930002 -0.306262 0.203222 -0.504304 0.187351 -0.87068 -0.45477 0.485867 
1533680017099 -0.0889044 0.493133 -0.8654 -0.651057 -0.950343 0.218152 0.221941 -0.255104 0.298235 0.842158 0.44925 0.469814 0.31622 -0.384863 0.867113 0.400795 -0.930002 -0.306262 0.203222 -0.504304 0.187351 -0.87068 -0.45477 0.485867 
1533680017109 -0.0890847 0.493126 -0.865385 -0.650943 -0.950353 0.217996 0.222053 -0.255136 0.298151 0.842202 0.449224 0.469894 0.31622 -0.384863 0.867113 0.400795 -0.930002 -0.306262 0.203222 -0.504304 0.187351 -0.87068 -0.45477 0.485867 
1533680017119 -0.0892664 0.49312 -0.86537 -0.65083 -0.950362 0.217839 0.222167 -0.255168 0.298066 0.842246 0.449197 0.469973 0.31622 -0.384863 0.867113 0.400795 -0.930002 -0.306262 0.203222 -0.504304 0.187351 -0.87068 -0.45477 0.485867 
1533680017129 -0.0894476 0.493113 -0.865354 -0.650717 -0.950371 0.217683 0.22228 -0.2552 0.297982 0.842291 0.44917 0.470053 0.31622 -0.384863 0.867113 0.400795 -0.930002 -0.306262 0.203222 -0.504304 0.187351 -0.87068 -0.45477 0.485867 
1533680017139 -0.0896283 0.493107 -0.865339 -0.650603 -0.950381 0.217526 0.222392 -0.255231 0.297897 0.842335 0.449143 0.470132 0.31622 -0.384863 0.867113 0.400795 -0.930002 -0.306262 0.203222 -0.504304 0.187351 -0.87068 -0.45477 0.485867 
1533680017149 -0.0898095 0.4931 -0.865324 -0.65049 -0.95039 0.21737 0.222505 -0.255263 0.297813 0.842379 0.449116 0.470212 0.31622 -0.384863 0.867113 0.400795 -0.930002 -0.306262 0.203222 -0.504304 0.187351 -0.87068 -0.45477 0.485867 
1533680017178 -0.0898095 0.4931 -0.865324 -0.65049 -0.95039 0.21737 0.222505 -0.255263 0.297813 0.842379 0.449116 0.470212 0.31622 -0.384863 0.867113 0.400795 -0.930002 -0.306262 0.203222 -0.504304 0.187351 -0.87068 -0.45477 0.485867 
1533680017188 -0.0902041 0.493098 -0.865285 -0.650281 -0.950397 0.217063 0.222774 -0.255321 0.297671 0.842459 0.449059 0.470364 0.31622 -0.384863 0.867113 0.400795 -0.930002 -0.306262 0.203222 -0.504304 0.187351 -0.87068 -0.45477 0.485867 
1533680017198 -0.09042 0.493102 -0.86526 -0.650184 -0.950395 0.216911 0.222932 -0.255347 0.297613 0.842496 0.449028 0.470436 0.31622 -0.384863 0.867113 0.400795 -0.930002 -0.306262 0.203222 -0.504304 0.187351 -0.87068 -0.45477 0.485867 
1533680017208 -0.0906355 0.493106 -0.865235 -0.650087 -0.950393 0.21676 0.223089 -0.255373 0.297555 0.842533 0.448998 0.470508 0.31622 -0.384863 0.867113 0.400795 -0.930002 -0.306262 0.203222 -0.504304 0.187351 -0.87068 -0.45477 0.485867 
1533680017218 -0.0908497 0.49311 -0.865211 -0.649991 -0.95039 0.216609 0.223246 -0.255399 0.297497 0.84257 0.448968 0.470581 0.31622 -0.384863 0.867113 0.400795 -0.930002 -0.306262 0.203222 -0.504304 0.187351 -0.87068 -0.45477 0.485867 
1533680017228 -0.0910652 0.493113 -0.865186 -0.649893 -0.950388 0.216457 0.223403 -0.255424 0.297439 0.842606 0.448937 0.470653 0.31622 -0.384863 0.867113 0.400795 -0.930002 -0.306262 0.203222 -0.504304 0.187351 -0.87068 -0.45477 0.485867 
1533680017238 -0.0912803 0.493117 -0.865161 -0.649797 -0.950385 0.216306 0.22356 -0.255451 0.297381 0.842643 0.448907 0.470725 0.31622 -0.384863 0.867113 0.400795 -0.930002 -0.306262 0.203222 -0.504304 0.187351 -0.87068 -0.45477 0.485867 
1533680017248 -0.0914954 0.493121 -0.865136 -0.649701 -0.950383 0.216155 0.223718 -0.255477 0.297323 0.84268 0.448876 0.470798 0.31622 -0.384863 0.867113 0.400795 -0.930002 -0.306262 0.203222 -0.504304 0.187351 -0.87068 -0.45477 0.485867 
1533680017258 -0.0917096 0.493125 -0.865111 -0.649603 -0.95038 0.216004 0.223874 -0.255502 0.297265 0.842716 0.448846 0.47087 0.31622 -0.384863 0.867113 0.400795 -0.930002 -0.306262 0.203222 -0.504304 0.187351 -0.87068 -0.45477 0.485867 
1533680017268 -0.0919252 0.493128 -0.865086 -0.649507 -0.950378 0.215852 0.224031 -0.255528 0.297207 0.842753 0.448816 0.470942 0.31622 -0.384863 0.867113 0.400795 -0.930002 -0.306262 0.203222 -0.504304 0.187351 -0.87068 -0.45477 0.485867 
1533680017295 -0.0919252 0.493128 -0.865086 -0.649507 -0.950378 0.215852 0.224031 -0.255528 0.297207 0.842753 0.448816 0.470942 0.31622 -0.384863 0.867113 0.400795 -0.930002 -0.306262 0.203222 -0.504304 0.187351 -0.87068 -0.45477 0.485867 
1533680017306 -0.0922988 0.493138 -0.865041 -0.64933 -0.950375 0.215581 0.224301 -0.255574 0.297098 0.842816 0.448769 0.471071 0.31622 -0.384863 0.867113 0.400795 -0.930002 -0.306262 0.203222 -0.504304 0.187351 -0.87068 -0.45477 0.485867 
1533680017316 -0.0924599 0.493144 -0.86502 -0.64925 -0.950376 0.21546 0.224416 -0.255593 0.297047 0.842844 0.448751 0.471129 0.31622 -0.384863 0.867113 0.400795 -0.930002 -0.306262 0.203222 -0.504304 0.187351 -0.87068 -0.45477 0.485867 
1533680017326 -0.0926203 0.49315 -0.865 -0.649172 -0.950376 0.21534 0.224531 -0.255614 0.296996 0.842871 0.448733 0.471186 0.31622 -0.384863 0.867113 0.400795 -0.930002 -0.306262 0.203222 -0.504304 0.187351 -0.87068 -0.45477 0.485867 
1533680017336 -0.0927801 0.493156 -0.864979 -0.649091 -0.950377 0.215219 0.224644 -0.255634 0.296945 0.842899 0.448716 0.471244 0.31622 -0.384863 0.867113 0.400795 -0.930002 -0.306262 0.203222 -0.504304 0.187351 -0.87068 -0.45477 0.485867 
1533680017346 -0.0929403 0.493162 -0.864959 -0.649012 -0.950377 0.215099 0.224758 -0.255654 0.296894 0.842926 0.448698 0.471301 0.31622 -0.384863 0.867113 0.400795 -0.930002 -0.306262 0.203222 -0.504304 0.187351 -0.87068 -0.45477 0.485867 
1533680017356 -0.093101 0.493167 -0.864938 -0.648931 -0.950377 0.214978 0.224873 -0.255673 0.296843 0.842953 0.44868 0.471358 0.31622 -0.384863 0.867113 0.400795 -0.930002 -0.306262 0.203222 -0.504304 0.187351 -0.87068 -0.45477 0.485867 
1533680017366 -0.0932613 0.493173 -0.864918 -0.648852 -0.950377 0.214857 0.224987 -0.255693 0.296791 0.842981 0.448663 0.471416 0.31622 -0.384863 0.867113 0.400795 -0.930002 -0.306262 0.203222 -0.504304 0.187351 -0.87068 -0.45477 0.485867 
1533680017376 -0.0934208 0.493179 -0.864897 -0.648773 -0.950378 0.214737 0.225101 -0.255714 0.29674 0.843008 0.448645 0.471473 0.31622 -0.384863 0.867113 0.400795 -0.930002 -0.306262 0.203222 -0.504304 0.187351 -0.87068 -0.45477 0.485867 
1533680017385 -0.0935808 0.493185 -0.864877 -0.648692 -0.950378 0.214617 0.225215 -0.255733 0.296689 0.843035 0.448628 0.47153 0.31622 -0.384863 0.867113 0.400795 -0.930002 -0.306262 0.203222 -0.504304 0.187351 -0.87068 -0.45477 0.485867 
1533680017417 -0.0935808 0.493185 -0.864877 -0.648692 -0.950378 0.214617 0.225215 -0.255733 0.296689 0.843035 0.448628 0.47153 0.31622 -0.384863 0.867113 0.400795 -0.930002 -0.306262 0.203222 -0.504304 0.187351 -0.87068 -0.45477 0.485867 
1533680017427 -0.09387 0.4932 -0.864837 -0.648546 -0.95038 0.214393 0.225419 -0.255769 0.296591 0.843084 0.448602 0.471634 0.31622 -0.384863 0.867113 0.400795 -0.930002 -0.306262 0.203222 -0.504304 0.187351 -0.87068 -0.45477 0.485867 
1533680017437 -0.0939997 0.493208 -0.864818 -0.648481 -0.950382 0.214289 0.22551 -0.255787 0.296545 0.843105 0.448593 0.47168 0.31622 -0.384863 0.867113 0.400795 -0.930002 -0.306262 0.203222 -0.504304 0.187351 -0.87068 -0.45477 0.485867 
1533680017447 -0.0941296 0.493217 -0.864798 -0.648414 -0.950383 0.214186 0.225601 -0.255804 0.296498 0.843126 0.448584 0.471727 0.31622 -0.384863 0.867113 0.400795 -0.930002 -0.306262 0.203222 -0.504304 0.187351 -0.87068 -0.45477 0.485867 
1533680017457 -0.0942596 0.493226 -0.864779 -0.648347 -0.950385 0.214082 0.225692 -0.25582 0.296451 0.843147 0.448575 0.471773 0.31622 -0.384863 0.867113 0.400795 -0.930002 -0.306262 0.203222 -0.504304 0.187351 -0.87068 -0.45477 0.485867 
1533680017467 -0.0943894 0.493235 -0.86476 -0.648281 -0.950387 0.213978 0.225783 -0.255838 0.296404 0.843168 0.448567 0.471819 0.31622 -0.384863 0.867113 0.400795 -0.930002 -0.306262 0.203222 -0.504304 0.187351 -0.87068 -0.45477 0.485867 
1533680017477 -0.0945191 0.493244 -0.864741 -0.648215 -0.950389 0.213875 0.225874 -0.255855 0.296357 0.843189 0.448558 0.471866 0.31622 -0.384863 0.867113 0.400795 -0.930002 -0.306262 0.203222 -0.504304 0.187351 -0.87068 -0.45477 0.485867 
1533680017487 -0.0946493 0.493252 -0.864722 -0.648148 -0.95039 0.213771 0.225965 -0.255871 0.29631 0.843211 0.448549 0.471912 0.31622 -0.384863 0.867113 0.400795 -0.930002 -0.306262 0.203222 -0.504304 0.187351 -0.87068 -0.45477 0.485867 
1533680017497 -0.0947784 0.493261 -0.864703 -0.648082 -0.950392 0.213667 0.226055 -0.255888 0.296263 0.843232 0.44854 0.471959 0.31622 -0.384863 0.867113 0.400795 -0.930002 -0.306262 0.203222 -0.504304 0.187351 -0.87068 -0.45477 0.485867 
1533680017507 -0.0949082 0.49327 -0.864683 -0.648016 -0.950394 0.213564 0.226146 -0.255906 0.296216 0.843253 0.448532 0.472005 0.31622 -0.384863 0.867113 0.400795 -0.930002 -0.306262 0.203222 -0.504304 0.187351 -0.87068 -0.45477 0.485867 
1533680017537 -0.0949082 0.49327 -0.864683 -0.648016 -0.950394 0.213564 0.226146 -0.255906 0.296216 0.843253 0.448532 0.472005 0.31622 -0.384863 0.867113 0.400795 -0.930002 -0.306262 0.203222 -0.504304 0.187351 -0.87068 -0.45477 0.485867 
1533680017547 -0.0951505 0.493282 -0.86465 -0.647895 -0.950394 0.21338 0.22632 -0.255935 0.296139 0.843292 0.448509 0.472091 0.31622 -0.384863 0.867113 0.400795 -0.930002 -0.306262 0.203222 -0.504304 0.187351 -0.87068 -0.45477 0.485867 
1533680017557 -0.0952642 0.493286 -0.864635 -0.647839 -0.950392 0.2133 0.226403 -0.255949 0.296108 0.84331 0.448495 0.472132 0.31622 -0.384863 0.867113 0.400795 -0.930002 -0.306262 0.203222 -0.504304 0.187351 -0.87068 -0.45477 0.485867 
1533680017567 -0.0953779 0.493289 -0.864621 -0.647783 -0.95039 0.21322 0.226487 -0.255962 0.296078 0.843329 0.44848 0.472172 0.31622 -0.384863 0.867113 0.400795 -0.930002 -0.306262 0.203222 -0.504304 0.187351 -0.87068 -0.45477 0.485867 
1533680017577 -0.0954922 0.493292 -0.864606 -0.647729 -0.950388 0.213139 0.226571 -0.255976 0.296047 0.843347 0.448466 0.472213 0.31622 -0.384863 0.867113 0.400795 -0.930002 -0.306262 0.203222 -0.504304 0.187351 -0.87068 -0.45477 0.485867 
1533680017587 -0.0956058 0.493295 -0.864592 -0.647675 -0.950386 0.213059 0.226654 -0.25599 0.296016 0.843366 0.448451 0.472253 0.31622 -0.384863 0.867113 0.400795 -0.930002 -0.306262 0.203222 -0.504304 0.187351 -0.87068 -0.45477 0.485867 
1533680017597 -0.0957189 0.493299 -0.864578 -0.647619 -0.950384 0.212978 0.226737 -0.256003 0.295985 0.843384 0.448437 0.472293 0.31622 -0.384863 0.867113 0.400795 -0.930002 -0.306262 0.203222 -0.504304 0.187351 -0.87068 -0.45477 0.485867 
1533680017607 -0.0958325 0.493302 -0.864563 -0.647564 -0.950383 0.212898 0.22682 -0.256017 0.295955 0.843402 0.448423 0.472334 0.31622 -0.384863 0.867113 0.400795 -0.930002 -0.306262 0.203222 -0.504304 0.187351 -0.87068 -0.45477 0.485867 
1533680017617 -0.0959461 0.493305 -0.864549 -0.64751 -0.950381 0.212818 0.226904 -0.256031 0.295924 0.843421 0.448409 0.472374 0.31622 -0.384863 0.867113 0.400795 -0.930002 -0.306262 0.203222 -0.504304 0.187351 -0.87068 -0.45477 0.485867 
1533680017627 -0.0960601 0.493308 -0.864534 -0.647453 -0.950379 0.212737 0.226988 -0.256043 0.295893 0.843439 0.448394 0.472414 0.31622 -0.384863 0.867113 0.400795 -0.930002 -0.306262 0.203222 -0.504304 0.187351 -0.87068 -0.45477 0.485867 
1533680017658 -0.0960601 0.493308 -0.864534 -0.647453 -0.950379 0.212737 0.226988 -0.256043 0.295893 0.843439 0.448394 0.472414 0.31622 -0.384863 0.867113 0.400795 -0.930002 -0.306262 0.203222 -0.504304 0.187351 -0.87068 -0.45477 0.485867 
1533680017668 -0.096265 0.493318 -0.864506 -0.647351 -0.950379 0.212579 0.227133 -0.256069 0.295825 0.843474 0.448375 0.472487 0.31622 -0.384863 0.867113 0.400795 -0.930002 -0.306262 0.203222 -0.504304 0.187351 -0.87068 -0.45477 0.485867 
1533680017678 -0.0963577 0.493323 -0.864492 -0.647304 -0.950382 0.212501 0.227195 -0.256081 0.295786 0.84349 0.448369 0.47252 0.31622 -0.384863 0.867113 0.400795 -0.930002 -0.306262 0.203222 -0.504304 0.187351 -0.87068 -0.45477 0.485867 
1533680017688 -0.0964503 0.493329 -0.864479 -0.647257 -0.950384 0.212423 0.227258 -0.256094 0.295748 0.843506 0.448364 0.472553 0.31622 -0.384863 0.867113 0.400795 -0.930002 -0.306262 0.203222 -0.504304 0.187351 -0.87068 -0.45477 0.485867 
1533680017698 -0.0965431 0.493335 -0.864465 -0.647209 -0.950387 0.212345 0.22732 -0.256107 0.29571 0.843523 0.448358 0.472586 0.31622 -0.384863 0.867113 0.400795 -0.930002 -0.306262 0.203222 -0.504304 0.187351 -0.87068 -0.45477 0.485867 
1533680017708 -0.0966365 0.49334 -0.864452 -0.647162 -0.950389 0.212267 0.227383 -0.256119 0.295672 0.843539 0.448353 0.472619 0.31622 -0.384863 0.867113 0.400795 -0.930002 -0.306262 0.203222 -0.504304 0.187351 -0.87068 -0.45477 0.485867 
1533680017718 -0.0967293 0.493346 -0.864438 -0.647115 -0.950392 0.212188 0.227446 -0.256132 0.295633 0.843555 0.448347 0.472652 0.31622 -0.384863 0.867113 0.400795 -0.930002 -0.306262 0.203222 -0.504304 0.187351 -0.87068 -0.45477 0.485867 
1533680017728 -0.0968214 0.493352 -0.864424 -0.647067 -0.950394 0.212111 0.227508 -0.256144 0.295595 0.843572 0.448342 0.472685 0.31622 -0.384863 0.867113 0.400795 -0.930002 -0.306262 0.203222 -0.504304 0.187351 -0.87068 -0.45477 0.485867 
1533680017738 -0.0969141 0.493357 -0.864411 -0.64702 -0.950397 0.212032 0.227571 -0.256157 0.295557 0.843588 0.448336 0.472718 0.31622 -0.384863 0.867113 0.400795 -0.930002 -0.306262 0.203222 -0.504304 0.187351 -0.87068 -0.45477 0.485867 
1533680017748 -0.0970068 0.493363 -0.864397 -0.646973 -0.950399 0.211954 0.227633 -0.25617 0.295519 0.843604 0.448331 0.472751 0.31622 -0.384863 0.867113 0.400795 -0.930002 -0.306262 0.203222 -0.504304 0.187351 -0.87068 -0.45477 0.485867 
1533680017776 -0.0970068 0.493363 -0.864397 -0.646973 -0.950399 0.211954 0.227633 -0.25617 0.295519 0.843604 0.448331 0.472751 0.31622 -0.384863 0.867113 0.400795 -0.930002 -0.306262 0.203222 -0.504304 0.187351 -0.87068 -0.45477 0.485867 
1533680017786 -0.0971873 0.493373 -0.864371 -0.646886 -0.950399 0.211817 0.227762 -0.256192 0.29546 0.843633 0.448315 0.472812 0.31622 -0.384863 0.867113 0.400795 -0.930002 -0.306262 0.203222 -0.504304 0.187351 -0.87068 -0.45477 0.485867 
1533680017796 -0.0972759 0.493377 -0.864359 -0.646845 -0.950396 0.211757 0.227829 -0.256203 0.295439 0.843646 0.448304 0.472843 0.31622 -0.384863 0.867113 0.400795 -0.930002 -0.306262 0.203222 -0.504304 0.187351 -0.87068 -0.45477 0.485867 
1533680017806 -0.0973646 0.49338 -0.864347 -0.646805 -0.950394 0.211696 0.227896 -0.256213 0.295419 0.843659 0.448294 0.472873 0.31622 -0.384863 0.867113 0.400795 -0.930002 -0.306262 0.203222 -0.504304 0.187351 -0.87068 -0.45477 0.485867 
1533680017816 -0.0974532 0.493384 -0.864335 -0.646765 -0.950391 0.211637 0.227963 -0.256224 0.295398 0.843672 0.448283 0.472902 0.31622 -0.384863 0.867113 0.400795 -0.930002 -0.306262 0.203222 -0.504304 0.187351 -0.87068 -0.45477 0.485867 
1533680017826 -0.0975429 0.493388 -0.864323 -0.646724 -0.950388 0.211576 0.228031 -0.256234 0.295378 0.843685 0.448272 0.472932 0.31622 -0.384863 0.867113 0.400795 -0.930002 -0.306262 0.203222 -0.504304 0.187351 -0.87068 -0.45477 0.485867 
1533680017836 -0.0976317 0.493391 -0.864311 -0.646685 -0.950385 0.211516 0.228098 -0.256245 0.295357 0.843698 0.448261 0.472962 0.31622 -0.384863 0.867113 0.400795 -0.930002 -0.306262 0.203222 -0.504304 0.187351 -0.87068 -0.45477 0.485867 
