1535112907473 0.166422 0.898624 -0.40593 -0.529007 -0.952116 0.253521 0.170885 -0.241953 0.256473 0.358053 0.897786 0.433515 0.0334608 -0.167519 0.985301 0.286825 -0.947394 -0.319305 -0.0221142 -0.449006 0.318316 -0.932728 -0.169391 0.449224 
1535112907485 0.174873 0.902467 -0.393666 -0.540196 -0.950829 0.258595 0.170447 -0.242947 0.255623 0.344503 0.903313 0.427523 0.0440259 -0.160361 0.986076 0.295971 -0.960959 -0.276683 -0.0020911 -0.453389 0.273166 -0.947487 -0.166281 0.44818 
1535112908187 0.183305 0.906087 -0.38132 -0.551389 -0.949502 0.263665 0.170079 -0.243945 0.254647 0.330888 0.908663 0.421529 0.054916 -0.153676 0.986594 0.305116 -0.972236 -0.233327 0.0177728 -0.457776 0.227467 -0.960178 -0.162223 0.447135 
1535112908195 0.191715 0.909484 -0.368896 -0.562582 -0.948135 0.268728 0.169782 -0.244943 0.253547 0.317213 0.913832 0.415535 0.066102 -0.147482 0.986853 0.314261 -0.981198 -0.189339 0.0374271 -0.462166 0.18133 -0.970773 -0.157225 0.446091 
1535112908282 0.200101 0.912656 -0.356397 -0.573775 -0.946728 0.273784 0.169556 -0.24594 0.252322 0.303482 0.918821 0.409541 0.0775561 -0.141794 0.986853 0.323406 -0.987824 -0.144826 0.0568233 -0.466554 0.134864 -0.979245 -0.1513 0.445047 
1535112908843 0.208461 0.915602 -0.343825 -0.584967 -0.945281 0.278832 0.1694 -0.246938 0.250973 0.289698 0.923627 0.403548 0.0892509 -0.136626 0.986594 0.332551 -0.992098 -0.0998948 0.0759152 -0.470942 0.0881836 -0.985573 -0.144462 0.444002 
1535112909676 0.216794 0.918323 -0.331185 -0.596159 -0.943796 0.28387 0.169315 -0.247935 0.249499 0.275864 0.92825 0.397554 0.101158 -0.131989 0.986076 0.341696 -0.994009 -0.0546549 0.0946564 -0.47533 0.0414002 -0.989743 -0.136727 0.442958 
1535112910002 0.225097 0.920817 -0.318478 -0.607351 -0.942272 0.288897 0.169301 -0.248932 0.247902 0.261984 0.932689 0.391561 0.113249 -0.127896 0.985301 0.350841 -0.993552 -0.00921502 0.113002 -0.479719 -0.00537289 -0.991745 -0.128115 0.441914 
1535112910829 0.233367 0.923083 -0.305708 -0.618545 -0.940709 0.293912 0.169358 -0.24993 0.246182 0.24806 0.936942 0.385567 0.125495 -0.124356 0.98427 0.359986 -0.990729 0.0363148 0.130907 -0.484108 -0.0520226 -0.991573 -0.118645 0.44087 
1535112910981 0.241605 0.925122 -0.292878 -0.629737 -0.939109 0.298913 0.169484 -0.250927 0.244339 0.234096 0.941009 0.379574 0.137865 -0.121377 0.982986 0.369131 -0.985547 0.0818252 0.148328 -0.488496 -0.0984366 -0.989228 -0.108342 0.439825 
