1530629028508 0.275657 -0.8825 0.381061 -0.604483 0.633204 0.464965 0.618757 -0.181741 -0.723233 0.0707247 0.686973 0.426588 -0.0209324 -0.999724 -0.0106581 0.387119 -0.178633 0.0142288 -0.983813 -0.488385 0.983693 -0.0186897 -0.178881 0.447672 
1530629028519 0.25636 -0.939187 0.228488 0.190522 -0.09544 -0.259828 -0.960927 -0.632759 0.961858 0.224537 -0.156246 0.522991 0.00144022 -0.999937 -0.0111455 0.386611 -0.168579 0.0107432 -0.98563 -0.487895 0.985687 0.00329842 -0.168553 0.445245 
1530629029179 0.218501 -0.931404 0.291108 0.220456 0.106878 -0.27368 -0.955864 -0.527818 0.969966 0.23997 0.0397475 0.494922 0.0238127 -0.999651 -0.0113969 0.386086 -0.158421 0.00748282 -0.987343 -0.487391 0.987084 0.0253168 -0.158188 0.442807 
1530629029855 0.16226 -0.93285 0.321655 0.118591 0.348692 -0.250737 -0.903075 -0.461437 0.923085 0.258691 0.284593 0.483134 0.0461741 -0.998868 -0.0114127 0.385556 -0.148175 0.00444983 -0.988951 -0.486881 0.987883 0.047355 -0.147802 0.440367 
1530629030529 0.101453 -0.93566 0.338006 0.0061834 0.566381 -0.224998 -0.792835 -0.420067 0.817875 0.271876 0.507113 0.472819 0.068511 -0.997588 -0.0111933 0.385024 -0.137847 0.00164632 -0.990452 -0.486367 0.988081 0.0693998 -0.137402 0.437928 
1530629031201 0.0360286 -0.940511 0.337848 -0.0997269 0.748977 -0.198404 -0.632194 -0.390054 0.661615 0.275817 0.697273 0.458167 0.0908094 -0.99581 -0.0107386 0.384489 -0.127445 -0.000926028 -0.991845 -0.485846 0.98768 0.0914374 -0.126995 0.435491 
1530629031897 -0.028658 -0.947013 0.319914 -0.200692 0.887811 -0.171177 -0.427189 -0.361429 0.459315 0.271781 0.845674 0.447097 0.113053 -0.993538 -0.0100487 0.38395 -0.116975 -0.00326585 -0.99313 -0.485304 0.986679 0.113452 -0.116588 0.433058 
1530629031903 -0.0865608 -0.95418 0.286438 -0.298905 0.970218 -0.146033 -0.193265 -0.33332 0.226239 0.261179 0.938404 0.436097 0.135221 -0.990773 -0.00912349 0.383406 -0.106448 -0.00537205 -0.994304 -0.484695 0.985081 0.135422 -0.106192 0.430649 
1530629032584 -0.134169 -0.961548 0.239633 -0.39213 0.990702 -0.124655 0.0544986 -0.306217 -0.0225316 0.244717 0.969333 0.424433 0.157261 -0.987525 -0.00796509 0.382907 -0.0958941 -0.00724259 -0.995365 -0.483875 0.98289 0.157296 -0.0958367 0.428347 
1530629033466 -0.169134 -0.968199 0.184351 -0.470179 0.948618 -0.109163 0.296996 -0.284173 -0.267427 0.225111 0.936914 0.407964 0.178757 -0.983871 -0.00659257 0.382884 -0.0855394 -0.00886565 -0.996295 -0.482383 0.980168 0.178659 -0.0857445 0.426608 
1530629034130 -0.169134 -0.968199 0.184351 -0.470179 0.948618 -0.109163 0.296996 -0.284173 -0.267427 0.225111 0.936914 0.407964 0.178744 -0.983873 -0.00666004 0.382896 -0.085597 -0.00880661 -0.996291 -0.4824 0.980165 0.178651 -0.0857907 0.426556 
1530629034141 0.279843 -0.930318 0.237057 0.205876 -0.110552 -0.276506 -0.954632 -0.484925 0.953659 0.24094 -0.180227 0.499533 0.181003 -0.983461 -0.00650232 0.382787 -0.0844908 -0.00896246 -0.996384 -0.48249 0.979847 0.180897 -0.0847156 0.426229 
1530629034411 0.233697 -0.928027 0.290089 0.185001 0.102143 -0.273268 -0.9565 -0.464227 0.96693 0.253161 0.0309294 0.49469 0.18326 -0.983044 -0.0063417 0.382678 -0.0833832 -0.00911605 -0.996476 -0.48258 0.979522 0.183143 -0.0836399 0.425902 
1530629034744 0.171679 -0.930653 0.323128 0.0945132 0.343354 -0.250907 -0.905071 -0.441983 0.923382 0.266329 0.276468 0.489173 0.185517 -0.982622 -0.00617834 0.382569 -0.0822759 -0.00926748 -0.996567 -0.482669 0.979191 0.185388 -0.0825653 0.425574 
1530629035028 0.105306 -0.934593 0.339774 -0.00556105 0.56304 -0.225599 -0.795042 -0.41627 0.819693 0.275029 0.502456 0.475998 0.187772 -0.982194 -0.00601279 0.38246 -0.0811673 -0.00941595 -0.996656 -0.482758 0.978853 0.187633 -0.0814901 0.425247 
1530629035323 0.0368382 -0.940237 0.338523 -0.103954 0.748813 -0.198353 -0.632404 -0.38911 0.661756 0.276787 0.696755 0.461136 0.190027 -0.981762 -0.00584459 0.382351 -0.0800588 -0.00956213 -0.996744 -0.482846 0.978509 0.189876 -0.0804157 0.42492 
1530629035603 -0.028451 -0.946963 0.32008 -0.202101 0.887724 -0.171131 -0.427389 -0.36114 0.459497 0.271983 0.84551 0.447866 0.192279 -0.981324 -0.00567381 0.382241 -0.07895 -0.00970586 -0.996831 -0.482931 0.978159 0.192118 -0.0793418 0.424594 
1530629035927 -0.0865127 -0.95417 0.286489 -0.299499 0.970199 -0.146024 -0.193365 -0.333176 0.226337 0.261223 0.938368 0.43638 0.194529 -0.980881 -0.00550039 0.382129 -0.0778415 -0.00984722 -0.996917 -0.483006 0.977803 0.194357 -0.0782689 0.424271 
1530629036255 -0.134176 -0.961546 0.239636 -0.392487 0.990702 -0.124667 0.0544781 -0.306154 -0.0225084 0.244718 0.969333 0.424338 0.19677 -0.980435 -0.00532441 0.382021 -0.0767362 -0.00998633 -0.997001 -0.483049 0.977442 0.196589 -0.0771998 0.423961 
1530629036553 -0.169249 -0.968162 0.184436 -0.470704 0.948568 -0.109218 0.297137 -0.28431 -0.267533 0.22524 0.936853 0.407243 0.198959 -0.979994 -0.00514745 0.381964 -0.0756593 -0.0101232 -0.997082 -0.482993 0.977083 0.198768 -0.0761598 0.42372 
1530629036910 -0.169249 -0.968162 0.184436 -0.470704 0.948568 -0.109218 0.297137 -0.28431 -0.267533 0.22524 0.936853 0.407243 0.198877 -0.980011 -0.00507486 0.381922 -0.0757198 -0.0102028 -0.997077 -0.483051 0.977095 0.19868 -0.0762354 0.423705 
1530629036922 0.28122 -0.929914 0.237013 0.204542 -0.111016 -0.276847 -0.954479 -0.481845 0.9532 0.242107 -0.18109 0.49876 0.198461 -0.980108 0.000670061 0.381907 -0.0759278 -0.0160562 -0.996984 -0.482865 0.977163 0.197812 -0.077604 0.423966 
1530629036929 0.234425 -0.92788 0.28997 0.182951 0.101468 -0.273298 -0.956563 -0.463047 0.966824 0.253665 0.0300818 0.495557 0.198047 -0.980172 0.00641544 0.381892 -0.0761378 -0.0219086 -0.996857 -0.48268 0.977231 0.196936 -0.078967 0.424228 
1530629037304 0.172205 -0.930537 0.323182 0.0929969 0.342876 -0.250944 -0.905242 -0.441645 0.923462 0.266698 0.275845 0.489888 0.197634 -0.9802 0.0121612 0.381877 -0.0763502 -0.02776 -0.996695 -0.482495 0.977298 0.196052 -0.0803248 0.424489 
1530629037310 0.105643 -0.934496 0.339937 -0.00654533 0.562675 -0.225684 -0.795276 -0.416303 0.8199 0.275289 0.501976 0.476432 0.197222 -0.980195 0.017907 0.381863 -0.076565 -0.0336103 -0.996498 -0.482311 0.977364 0.19516 -0.0816773 0.424751 
1530629037767 0.0369688 -0.940169 0.338697 -0.1044 0.748834 -0.198368 -0.632375 -0.389087 0.661726 0.277006 0.696697 0.461965 0.196812 -0.980156 0.0236527 0.381848 -0.0767822 -0.039459 -0.996267 -0.482128 0.97743 0.194261 -0.0830245 0.425012 
1530629038215 -0.0284055 -0.946922 0.320206 -0.202161 0.887736 -0.171143 -0.427357 -0.361125 0.459475 0.272119 0.845478 0.448112 0.196403 -0.980082 0.0293979 0.381836 -0.0770016 -0.0453061 -0.996001 -0.481951 0.977495 0.193354 -0.0843662 0.425272 
1530629038550 -0.0865092 -0.954149 0.286558 -0.299488 0.970201 -0.146033 -0.193349 -0.333173 0.226331 0.261293 0.93835 0.436438 0.195998 -0.979974 0.0351419 0.381828 -0.0772232 -0.0511507 -0.995701 -0.48179 0.977559 0.192441 -0.0857022 0.425531 
1530629038941 -0.134203 -0.961531 0.239684 -0.392526 0.990698 -0.124687 0.0545068 -0.306186 -0.0225244 0.244769 0.96932 0.424276 0.195601 -0.979831 0.0408822 0.381832 -0.077447 -0.0569909 -0.995366 -0.481674 0.977621 0.191528 -0.0870324 0.42579 
1530629039312 -0.169362 -0.968125 0.184528 -0.470907 0.948521 -0.109273 0.297266 -0.28445 -0.267627 0.225375 0.936794 0.406874 0.195231 -0.979651 0.0465621 0.381852 -0.0776564 -0.0627675 -0.995002 -0.481696 0.977678 0.19064 -0.0883303 0.42607 
1530629039682 -0.169362 -0.968125 0.184528 -0.470907 0.948521 -0.109273 0.297266 -0.28445 -0.267627 0.225375 0.936794 0.406874 0.195261 -0.97964 0.04668 0.381877 -0.077686 -0.0628959 -0.994992 -0.481698 0.97767 0.190657 -0.0883854 0.426152 
1530629039693 0.281889 -0.929679 0.237139 0.204299 -0.111197 -0.277153 -0.95437 -0.48087 0.952981 0.242657 -0.181504 0.497936 0.194971 -0.979599 0.0487056 0.381878 -0.078996 -0.0651811 -0.994742 -0.481521 0.977623 0.190098 -0.0900928 0.42639 
1530629039919 0.234719 -0.9278 0.28999 0.182269 0.101145 -0.273393 -0.95657 -0.462903 0.966787 0.253856 0.0296721 0.495798 0.194684 -0.979553 0.0507367 0.381879 -0.08031 -0.0674715 -0.994484 -0.481343 0.977573 0.189536 -0.0918035 0.426627 
1530629040155 0.172414 -0.930477 0.323243 0.0924591 0.342652 -0.251008 -0.905309 -0.441779 0.923506 0.266848 0.275553 0.490167 0.194401 -0.979502 0.0527683 0.38188 -0.0816249 -0.0697611 -0.994219 -0.481165 0.97752 0.18897 -0.0935134 0.426863 
1530629040382 0.105773 -0.934448 0.340029 -0.00692796 0.562509 -0.22575 -0.795375 -0.416516 0.819997 0.275398 0.501757 0.476716 0.194121 -0.979446 0.0547993 0.381882 -0.0829401 -0.0720489 -0.993947 -0.480988 0.977465 0.1884 -0.0952215 0.427099 
1530629040612 0.0370119 -0.940137 0.33878 -0.104654 0.748838 -0.198392 -0.632363 -0.389229 0.661719 0.277096 0.696667 0.462577 0.193842 -0.979385 0.0568315 0.381883 -0.0842561 -0.0743365 -0.993667 -0.480811 0.977408 0.187826 -0.0969287 0.427335 
1530629040625 -0.0283558 -0.946855 0.320409 -0.202397 0.887765 -0.171176 -0.427285 -0.361229 0.459423 0.272332 0.845438 0.448893 0.193568 -0.979319 0.0588633 0.381886 -0.0855721 -0.0766223 -0.993381 -0.480639 0.977348 0.187249 -0.0986341 0.42757 
1530629040847 -0.0865175 -0.954128 0.286628 -0.299546 0.970204 -0.146051 -0.193323 -0.333251 0.226317 0.261361 0.938334 0.43662 0.193297 -0.979249 0.060895 0.381892 -0.086888 -0.0789067 -0.993088 -0.480476 0.977285 0.18667 -0.100337 0.427803 
1530629041182 -0.134235 -0.961513 0.239738 -0.392566 0.990693 -0.124711 0.0545364 -0.306259 -0.0225395 0.244828 0.969305 0.424262 0.193033 -0.979172 0.0629262 0.381903 -0.0882009 -0.0811891 -0.992788 -0.480343 0.97722 0.186091 -0.102036 0.428026 
1530629041415 -0.169463 -0.968091 0.184612 -0.471042 0.948483 -0.109323 0.29737 -0.284594 -0.267699 0.225495 0.936744 0.406634 0.192783 -0.97909 0.0649392 0.381913 -0.0894715 -0.0834448 -0.992488 -0.480298 0.977154 0.185525 -0.103687 0.428203 
1530629041654 -0.169463 -0.968091 0.184612 -0.471042 0.948483 -0.109323 0.29737 -0.284594 -0.267699 0.225495 0.936744 0.406634 0.192756 -0.979099 0.0648835 0.381901 -0.0894514 -0.0833816 -0.992495 -0.480338 0.977161 0.185506 -0.103654 0.428185 
1530629041665 0.282374 -0.929509 0.23723 0.204063 -0.111326 -0.277374 -0.95429 -0.480225 0.952823 0.243057 -0.181802 0.497378 0.192561 -0.979112 0.0652658 0.381895 -0.0895105 -0.0837594 -0.992458 -0.480215 0.977194 0.185267 -0.10377 0.428236 
1530629041919 0.234932 -0.927742 0.290004 0.181774 0.100908 -0.273464 -0.956575 -0.462819 0.96676 0.253994 0.0293711 0.495975 0.192366 -0.979125 0.0656486 0.381888 -0.0895688 -0.0841374 -0.99242 -0.480092 0.977227 0.185028 -0.103884 0.428287 
1530629042121 0.172567 -0.930432 0.32329 0.0920843 0.342475 -0.25106 -0.905362 -0.441874 0.923543 0.266955 0.275325 0.490388 0.192171 -0.979137 0.0660316 0.381882 -0.0896271 -0.0845156 -0.992383 -0.47997 0.97726 0.184789 -0.103999 0.428337 
1530629042349 0.105811 -0.934433 0.340057 -0.00710903 0.562492 -0.225761 -0.795383 -0.416622 0.820004 0.275439 0.501723 0.47709 0.191976 -0.97915 0.0664147 0.381875 -0.0896855 -0.0848938 -0.992345 -0.479847 0.977293 0.18455 -0.104113 0.428388 
1530629042544 0.0370435 -0.940116 0.338835 -0.104837 0.748837 -0.198407 -0.632358 -0.389321 0.661718 0.277157 0.696645 0.463046 0.191781 -0.979162 0.0667975 0.381869 -0.0897439 -0.0852718 -0.992308 -0.479725 0.977326 0.184311 -0.104227 0.428439 
1530629042739 -0.0283189 -0.946811 0.320541 -0.202579 0.88778 -0.171196 -0.427246 -0.361302 0.459397 0.27247 0.845408 0.449419 0.191587 -0.979174 0.0671803 0.381864 -0.0898023 -0.0856496 -0.99227 -0.479605 0.977359 0.184073 -0.104341 0.428489 
1530629042968 -0.0865206 -0.954113 0.286674 -0.299599 0.970204 -0.146062 -0.193312 -0.333306 0.226314 0.261407 0.938322 0.436734 0.191392 -0.979186 0.0675633 0.381859 -0.0898609 -0.0860278 -0.992232 -0.479489 0.977392 0.183834 -0.104456 0.428539 
1530629043146 -0.134257 -0.961499 0.239779 -0.392596 0.99069 -0.124728 0.0545549 -0.306316 -0.0225473 0.244871 0.969293 0.424248 0.1912 -0.979197 0.0679454 0.381858 -0.089919 -0.086405 -0.992194 -0.479387 0.977424 0.183598 -0.104569 0.428588 
1530629043336 -0.169536 -0.968067 0.184674 -0.471128 0.948456 -0.109359 0.297443 -0.284705 -0.267749 0.225582 0.936709 0.406474 0.191018 -0.979206 0.0683213 0.381861 -0.0899747 -0.0867765 -0.992156 -0.479327 0.977454 0.183372 -0.10468 0.428633 
1530629043496 -0.169536 -0.968067 0.184674 -0.471128 0.948456 -0.109359 0.297443 -0.284705 -0.267749 0.225582 0.936709 0.406474 0.191089 -0.979191 0.0683321 0.381869 -0.0898853 -0.0867785 -0.992164 -0.479335 0.977449 0.183449 -0.104597 0.428645 
1530629043508 0.282708 -0.929392 0.237292 0.203876 -0.111413 -0.277526 -0.954236 -0.479808 0.952714 0.243332 -0.182005 0.497005 0.19199 -0.97934 0.063507 0.381871 -0.0892988 -0.0818752 -0.992634 -0.479559 0.977326 0.184904 -0.103173 0.428338 
1530629043821 0.235076 -0.927702 0.290013 0.181438 0.100747 -0.273512 -0.956578 -0.462768 0.966742 0.254086 0.0291672 0.496096 0.192895 -0.979463 0.058682 0.381873 -0.0887165 -0.0769695 -0.993079 -0.479782 0.977201 0.186353 -0.101742 0.428032 
1530629044144 0.17267 -0.930403 0.32332 0.091833 0.342358 -0.251094 -0.905397 -0.441939 0.923567 0.267026 0.275174 0.490536 0.193803 -0.979561 0.0538562 0.381875 -0.0881387 -0.0720604 -0.993498 -0.480005 0.977073 0.187796 -0.100303 0.427725 
1530629044460 0.105836 -0.934424 0.340076 -0.0072303 0.562481 -0.225767 -0.79539 -0.41669 0.820009 0.275466 0.501701 0.477329 0.194713 -0.979634 0.049031 0.381876 -0.0875654 -0.0671493 -0.993893 -0.480228 0.976944 0.18923 -0.0988569 0.427418 
1530629044804 0.0370637 -0.940103 0.338869 -0.104956 0.748836 -0.198416 -0.632357 -0.38938 0.661718 0.277195 0.69663 0.463335 0.195625 -0.979682 0.044206 0.381877 -0.0869968 -0.0622357 -0.994263 -0.480448 0.976812 0.190657 -0.097404 0.427112 
1530629045158 -0.0282958 -0.946785 0.32062 -0.202697 0.887787 -0.171208 -0.427225 -0.361348 0.459383 0.272554 0.845389 0.449734 0.196539 -0.979705 0.0393816 0.381876 -0.0864328 -0.05732 -0.994607 -0.480663 0.976679 0.192076 -0.0959442 0.426807 
1530629045476 -0.0865205 -0.954105 0.286702 -0.299638 0.970204 -0.146068 -0.193308 -0.333339 0.226315 0.261434 0.938314 0.436799 0.197453 -0.979703 0.0345584 0.38187 -0.0858737 -0.0524027 -0.994927 -0.48086 0.976544 0.193484 -0.0944778 0.426504 
1530629045855 -0.13427 -0.961491 0.239806 -0.392616 0.990688 -0.124739 0.0545648 -0.306355 -0.0225505 0.244899 0.969286 0.424235 0.198362 -0.979678 0.0297385 0.381854 -0.0853206 -0.0474857 -0.995221 -0.481006 0.976408 0.194876 -0.093006 0.426205 
1530629046201 -0.169585 -0.96805 0.184716 -0.47118 0.948438 -0.109384 0.297491 -0.284784 -0.267782 0.225642 0.936685 0.406376 0.199236 -0.979633 0.0249702 0.381833 -0.0847955 -0.0426199 -0.995486 -0.480997 0.976276 0.196219 -0.0915599 0.425908 
1530629046521 -0.169585 -0.96805 0.184716 -0.47118 0.948438 -0.109384 0.297491 -0.284784 -0.267782 0.225642 0.936685 0.406376 0.199242 -0.979631 0.0250158 0.38181 -0.084676 -0.0426428 -0.995496 -0.480974 0.976285 0.196227 -0.0914475 0.425939 
1530629046533 0.282917 -0.929318 0.237331 0.203751 -0.111466 -0.277621 -0.954202 -0.479557 0.952646 0.243505 -0.182131 0.496777 0.198713 -0.979663 0.0278243 0.381821 -0.0857608 -0.0456631 -0.995269 -0.480827 0.976298 0.195387 -0.0930905 0.426257 
1530629046541 0.235164 -0.927678 0.290019 0.181231 0.100648 -0.273541 -0.95658 -0.462739 0.966731 0.254143 0.0290416 0.49617 0.198188 -0.979685 0.0306341 0.381832 -0.0868464 -0.0486828 -0.995032 -0.480681 0.976309 0.194543 -0.0947305 0.426576 
1530629046764 0.172732 -0.930385 0.323339 0.0916799 0.342287 -0.251114 -0.905418 -0.441978 0.923582 0.267069 0.275084 0.490625 0.197666 -0.979699 0.033445 0.381843 -0.0879335 -0.0517015 -0.994784 -0.480535 0.976318 0.193694 -0.0963679 0.426894 
1530629047069 0.105851 -0.934418 0.340086 -0.00730383 0.562474 -0.225771 -0.795394 -0.41673 0.820012 0.275482 0.501688 0.477467 0.197146 -0.979703 0.0362561 0.381854 -0.0890219 -0.0547186 -0.994526 -0.480389 0.976324 0.192839 -0.0980026 0.427212 
1530629047075 0.037075 -0.940096 0.338887 -0.105026 0.748835 -0.19842 -0.632357 -0.389414 0.661719 0.277215 0.696621 0.463491 0.19663 -0.979699 0.0390677 0.381866 -0.0901117 -0.0577341 -0.994257 -0.480245 0.976328 0.19198 -0.0996346 0.42753 
1530629047382 -0.028283 -0.946772 0.32066 -0.202765 0.88779 -0.171214 -0.427217 -0.361373 0.459378 0.272596 0.845378 0.449896 0.196118 -0.979686 0.0418797 0.381879 -0.0912028 -0.060748 -0.993978 -0.480104 0.97633 0.191117 -0.101264 0.427847 
1530629047670 -0.0865169 -0.954102 0.286714 -0.299666 0.970203 -0.146069 -0.193312 -0.333355 0.226319 0.261446 0.93831 0.436832 0.19561 -0.979663 0.0446918 0.381894 -0.0922947 -0.0637601 -0.993688 -0.479975 0.976329 0.19025 -0.10289 0.428162 
1530629047923 -0.134277 -0.961486 0.239823 -0.39263 0.990687 -0.124744 0.0545694 -0.306379 -0.0225511 0.244917 0.969282 0.424227 0.19511 -0.97963 0.0475033 0.381916 -0.0933849 -0.0667696 -0.993389 -0.479879 0.976326 0.189384 -0.10451 0.428468 
1530629048160 -0.169618 -0.968039 0.184744 -0.471209 0.948426 -0.109402 0.297522 -0.284841 -0.267802 0.225682 0.93667 0.406324 0.194631 -0.979587 0.0502892 0.381933 -0.0944376 -0.0697456 -0.993085 -0.479882 0.97632 0.188536 -0.106084 0.428733 
1530629048422 -0.169618 -0.968039 0.184744 -0.471209 0.948426 -0.109402 0.297522 -0.284841 -0.267802 0.225682 0.93667 0.406324 0.194598 -0.979602 0.0501049 0.381889 -0.0945668 -0.0695802 -0.993084 -0.479901 0.976314 0.188514 -0.106178 0.428662 
1530629048432 0.283035 -0.929276 0.237354 0.203678 -0.111495 -0.277674 -0.954183 -0.479421 0.952607 0.243603 -0.182201 0.496651 0.194588 -0.979491 0.0522832 0.381934 -0.0955274 -0.0719724 -0.992821 -0.479817 0.976222 0.188196 -0.107573 0.428918 
1530629048674 0.235213 -0.927665 0.290023 0.181115 0.100592 -0.273558 -0.956581 -0.462724 0.966724 0.254175 0.0289714 0.496212 0.194579 -0.979374 0.0544619 0.381978 -0.0964872 -0.0743646 -0.992552 -0.479732 0.97613 0.187875 -0.108967 0.429175 
1530629048902 0.172766 -0.930375 0.323349 0.0915947 0.342249 -0.251125 -0.905429 -0.442 0.92359 0.267093 0.275034 0.490675 0.194573 -0.979251 0.0566407 0.382023 -0.0974468 -0.0767564 -0.992276 -0.479648 0.976036 0.187551 -0.11036 0.429431 
1530629049131 0.105859 -0.934415 0.340092 -0.00734468 0.56247 -0.225773 -0.795396 -0.416752 0.820013 0.275491 0.50168 0.477541 0.194568 -0.979124 0.0588194 0.382067 -0.0984064 -0.0791475 -0.991994 -0.479565 0.97594 0.187222 -0.111752 0.429687 
1530629049371 0.0370804 -0.940093 0.338895 -0.105064 0.748834 -0.198423 -0.632357 -0.389433 0.661719 0.277225 0.696616 0.463574 0.194566 -0.978991 0.0609974 0.382112 -0.0993658 -0.0815377 -0.991705 -0.479482 0.975843 0.186891 -0.113143 0.429943 
1530629049600 -0.0282778 -0.946766 0.320677 -0.202804 0.887791 -0.171217 -0.427214 -0.36139 0.459377 0.272614 0.845373 0.449984 0.194567 -0.978853 0.063175 0.382158 -0.100325 -0.083927 -0.991409 -0.479401 0.975745 0.186557 -0.114533 0.430199 
1530629049828 -0.0865136 -0.954099 0.286722 -0.299695 0.970203 -0.146068 -0.193314 -0.333369 0.226322 0.261455 0.938307 0.436884 0.19457 -0.978709 0.0653521 0.382205 -0.101283 -0.0863153 -0.991106 -0.479327 0.975646 0.186221 -0.115921 0.430452 
1530629050072 -0.134283 -0.961482 0.239834 -0.392645 0.990686 -0.124749 0.0545738 -0.3064 -0.0225527 0.244929 0.969279 0.424238 0.194578 -0.97856 0.0675285 0.382254 -0.102239 -0.0887023 -0.990797 -0.479271 0.975544 0.185883 -0.117306 0.430698 
1530629050287 -0.169639 -0.968032 0.184762 -0.471226 0.948419 -0.109412 0.297541 -0.284878 -0.267814 0.225707 0.93666 0.4063 0.194592 -0.978406 0.0696871 0.382299 -0.103159 -0.0910646 -0.990488 -0.479271 0.975445 0.185552 -0.118651 0.430907 
1530629050545 -0.169639 -0.968032 0.184762 -0.471226 0.948419 -0.109412 0.297541 -0.284878 -0.267814 0.225707 0.93666 0.4063 0.194576 -0.978418 0.0695596 0.382258 -0.103138 -0.0909296 -0.990502 -0.479272 0.97545 0.185554 -0.118605 0.430882 
1530629050555 0.283098 -0.929254 0.237365 0.203638 -0.111511 -0.277703 -0.954173 -0.479351 0.952586 0.243656 -0.182239 0.496585 0.194558 -0.97839 0.0700016 0.382285 -0.103405 -0.0914256 -0.990429 -0.479231 0.975425 0.185457 -0.118958 0.430945 
1530629050808 0.23524 -0.927657 0.290025 0.181053 0.100563 -0.273566 -0.956582 -0.462717 0.966721 0.254192 0.0289338 0.496235 0.19454 -0.978362 0.0704435 0.382311 -0.103672 -0.0919214 -0.990355 -0.47919 0.975401 0.18536 -0.119311 0.431009 
1530629051006 0.172784 -0.93037 0.323354 0.0915492 0.342228 -0.251131 -0.905435 -0.442012 0.923594 0.267106 0.275007 0.490702 0.194521 -0.978334 0.0708855 0.382338 -0.103939 -0.0924172 -0.990281 -0.479149 0.975376 0.185263 -0.119664 0.431072 
1530629051235 0.105863 -0.934413 0.340095 -0.0073666 0.562468 -0.225774 -0.795397 -0.416764 0.820014 0.275496 0.501677 0.477582 0.194502 -0.978305 0.0713275 0.382365 -0.104206 -0.0929129 -0.990206 -0.479109 0.975351 0.185165 -0.120017 0.431135 
1530629051410 0.0370831 -0.940091 0.3389 -0.105084 0.748834 -0.198424 -0.632358 -0.389445 0.66172 0.277229 0.696614 0.46362 0.194484 -0.978277 0.0717698 0.382392 -0.104473 -0.093409 -0.990131 -0.479068 0.975326 0.185066 -0.12037 0.431198 
1530629051611 -0.0282759 -0.946763 0.320686 -0.202827 0.887792 -0.171219 -0.427212 -0.361402 0.459376 0.272623 0.84537 0.450036 0.194465 -0.978248 0.0722117 0.382419 -0.10474 -0.0939046 -0.990056 -0.479028 0.975301 0.184968 -0.120723 0.431262 
1530629051823 -0.086513 -0.954094 0.286741 -0.299717 0.970204 -0.14607 -0.193308 -0.333383 0.226319 0.261474 0.938302 0.436942 0.194448 -0.978219 0.0726536 0.382446 -0.105006 -0.0944001 -0.989981 -0.47899 0.975276 0.18487 -0.121075 0.431324 
1530629052002 -0.134286 -0.96148 0.239841 -0.392654 0.990686 -0.124751 0.0545765 -0.306412 -0.0225538 0.244936 0.969277 0.424247 0.194431 -0.978189 0.0730953 0.382474 -0.105272 -0.0948954 -0.989905 -0.478958 0.975251 0.184773 -0.121427 0.431384 
1530629052009 -0.16965 -0.968028 0.184772 -0.471236 0.948415 -0.109418 0.297552 -0.284898 -0.267821 0.22572 0.936655 0.406288 0.194416 -0.978159 0.0735334 0.382498 -0.105529 -0.0953854 -0.989831 -0.478943 0.975226 0.184679 -0.121768 0.431434 
1530629052403 -0.16965 -0.968028 0.184772 -0.471236 0.948415 -0.109418 0.297552 -0.284898 -0.267821 0.22572 0.936655 0.406288 0.194378 -0.978199 0.0731031 0.382469 -0.105298 -0.0949015 -0.989902 -0.478989 0.975259 0.184718 -0.121449 0.431334 
1530629052659 0.283132 -0.929242 0.237372 0.203617 -0.111519 -0.277718 -0.954168 -0.479314 0.952575 0.243684 -0.18226 0.49655 0.194236 -0.978153 0.0740862 0.382465 -0.103826 -0.0955999 -0.98999 -0.478949 0.975445 0.184599 -0.120127 0.431174 
1530629052666 0.235254 -0.927653 0.290025 0.18102 0.100547 -0.273571 -0.956582 -0.462713 0.966719 0.254201 0.0289137 0.496247 0.194091 -0.978107 0.075068 0.38246 -0.102354 -0.0962972 -0.990076 -0.478909 0.975629 0.184481 -0.118804 0.431015 
1530629052952 0.172794 -0.930367 0.323357 0.0915249 0.342217 -0.251134 -0.905439 -0.442018 0.923596 0.267113 0.274993 0.490716 0.193944 -0.97806 0.0760498 0.382456 -0.100882 -0.0969948 -0.990159 -0.478868 0.975812 0.184363 -0.11748 0.430855 
1530629053270 0.105865 -0.934413 0.340097 -0.00737829 0.562467 -0.225774 -0.795397 -0.416771 0.820014 0.275498 0.501674 0.477603 0.193795 -0.978013 0.0770313 0.382451 -0.0994092 -0.0976924 -0.990239 -0.478828 0.975992 0.184246 -0.116156 0.430696 
1530629053523 0.0370845 -0.94009 0.338902 -0.105095 0.748833 -0.198425 -0.632358 -0.389451 0.66172 0.277232 0.696613 0.463644 0.193646 -0.977965 0.0780124 0.382447 -0.0979368 -0.0983901 -0.990317 -0.478788 0.976171 0.18413 -0.114832 0.430536 
1530629053780 -0.0282748 -0.946762 0.32069 -0.202838 0.887792 -0.17122 -0.427211 -0.361408 0.459376 0.272627 0.845369 0.450063 0.193495 -0.977916 0.0789927 0.382443 -0.0964649 -0.0990875 -0.990392 -0.478748 0.976347 0.184016 -0.113507 0.430377 
1530629054054 -0.0865127 -0.954091 0.286751 -0.299729 0.970204 -0.146072 -0.193305 -0.333391 0.226317 0.261484 0.9383 0.436972 0.193343 -0.977866 0.0799732 0.38244 -0.0949925 -0.0997853 -0.990464 -0.47871 0.976522 0.183902 -0.112183 0.43022 
1530629054313 -0.134288 -0.961479 0.239845 -0.392659 0.990686 -0.124752 0.0545779 -0.306418 -0.0225543 0.24494 0.969276 0.424251 0.193191 -0.977816 0.0809512 0.38244 -0.0935244 -0.100482 -0.990533 -0.478678 0.976694 0.183791 -0.110862 0.430075 
1530629054588 -0.169656 -0.968026 0.184777 -0.471241 0.948413 -0.109421 0.297557 -0.284909 -0.267825 0.225728 0.936652 0.406281 0.193052 -0.977764 0.0819107 0.382453 -0.0921006 -0.10117 -0.990597 -0.478663 0.976856 0.183692 -0.109584 0.430004 
1530629054894 -0.169656 -0.968026 0.184777 -0.471241 0.948413 -0.109421 0.297557 -0.284909 -0.267825 0.225728 0.936652 0.406281 0.193198 -0.977735 0.081912 0.382536 -0.0920533 -0.101179 -0.9906 -0.478635 0.976832 0.183842 -0.109551 0.429993 
1530629054908 0.28315 -0.929236 0.237375 0.203606 -0.111524 -0.277726 -0.954165 -0.479294 0.952569 0.243699 -0.18227 0.496531 0.193083 -0.977761 0.0818627 0.382509 -0.0910755 -0.100932 -0.990716 -0.478626 0.976946 0.183834 -0.108538 0.429878 
1530629055133 0.235262 -0.927651 0.290026 0.181003 0.100538 -0.273574 -0.956582 -0.462711 0.966718 0.254206 0.0289031 0.496253 0.192967 -0.977788 0.0818125 0.382482 -0.0900973 -0.100685 -0.990831 -0.478617 0.97706 0.183827 -0.107525 0.429763 
1530629055402 0.172799 -0.930365 0.323358 0.0915121 0.342211 -0.251136 -0.905441 -0.442021 0.923597 0.267116 0.274985 0.490724 0.192852 -0.977815 0.0817624 0.382454 -0.0891188 -0.100437 -0.990944 -0.478608 0.977172 0.183819 -0.106511 0.429647 
1530629055620 0.105867 -0.934412 0.340097 -0.00738445 0.562466 -0.225774 -0.795398 -0.416774 0.820015 0.275499 0.501673 0.477614 0.192737 -0.977842 0.081712 0.382427 -0.0881403 -0.100189 -0.991057 -0.478599 0.977284 0.183811 -0.105497 0.429532 
1530629055821 0.0370853 -0.94009 0.338904 -0.105101 0.748833 -0.198425 -0.632358 -0.389454 0.66172 0.277233 0.696612 0.463657 0.192622 -0.977869 0.0816617 0.3824 -0.0871613 -0.0999414 -0.991168 -0.47859 0.977394 0.183803 -0.104483 0.429416 
1530629056032 -0.0282743 -0.946761 0.320693 -0.202845 0.887792 -0.171221 -0.42721 -0.361411 0.459375 0.27263 0.845368 0.450078 0.192506 -0.977896 0.0816109 0.382373 -0.0861829 -0.0996936 -0.991279 -0.47858 0.977504 0.183794 -0.10347 0.429301 
1530629056249 -0.0865125 -0.954089 0.286756 -0.299735 0.970204 -0.146072 -0.193304 -0.333395 0.226316 0.261489 0.938299 0.436988 0.192391 -0.977923 0.08156 0.382346 -0.0852043 -0.0994457 -0.991388 -0.478571 0.977612 0.183785 -0.102456 0.429187 
1530629056481 -0.134289 -0.961478 0.239846 -0.392662 0.990686 -0.124753 0.0545786 -0.306421 -0.0225546 0.244942 0.969275 0.424254 0.192277 -0.97795 0.0815083 0.382321 -0.0842272 -0.0991975 -0.991497 -0.478561 0.97772 0.183776 -0.101443 0.42908 
1530629056693 -0.169659 -0.968025 0.18478 -0.471244 0.948412 -0.109422 0.29756 -0.284915 -0.267826 0.225731 0.936651 0.406278 0.192169 -0.977976 0.0814517 0.382305 -0.0832813 -0.098951 -0.991601 -0.478551 0.977822 0.183772 -0.100462 0.429017 
1530629056895 -0.169659 -0.968025 0.18478 -0.471244 0.948412 -0.109422 0.29756 -0.284915 -0.267826 0.225731 0.936651 0.406278 0.192194 -0.977956 0.0816261 0.382324 -0.0833348 -0.0991405 -0.991578 -0.478558 0.977812 0.183773 -0.100552 0.429072 
1530629056906 0.283159 -0.929232 0.237377 0.2036 -0.111526 -0.27773 -0.954163 -0.479284 0.952566 0.243706 -0.182276 0.496521 0.192096 -0.977924 0.0822371 0.382316 -0.0832064 -0.0997257 -0.99153 -0.478527 0.977842 0.183626 -0.100526 0.429077 
1530629057226 0.235265 -0.92765 0.290026 0.180994 0.100534 -0.273575 -0.956582 -0.46271 0.966718 0.254208 0.0288977 0.496256 0.191998 -0.977892 0.0828499 0.382308 -0.0830774 -0.100313 -0.991481 -0.478497 0.977873 0.183479 -0.100501 0.429082 
1530629057528 0.172802 -0.930365 0.323359 0.0915054 0.342208 -0.251137 -0.905441 -0.442023 0.923598 0.267118 0.274981 0.490728 0.1919 -0.977859 0.0834622 0.3823 -0.0829486 -0.100899 -0.991433 -0.478466 0.977903 0.183333 -0.100475 0.429086 
1530629057534 0.105867 -0.934412 0.340098 -0.00738763 0.562466 -0.225775 -0.795398 -0.416776 0.820015 0.2755 0.501673 0.47762 0.191802 -0.977826 0.0840749 0.382292 -0.0828197 -0.101486 -0.991384 -0.478435 0.977933 0.183186 -0.100448 0.429091 
1530629057722 0.0370857 -0.94009 0.338904 -0.105104 0.748833 -0.198425 -0.632358 -0.389455 0.66172 0.277234 0.696612 0.463663 0.191703 -0.977792 0.0846872 0.382284 -0.0826909 -0.102072 -0.991334 -0.478405 0.977963 0.183039 -0.100422 0.429096 
1530629057957 -0.028274 -0.946761 0.320694 -0.202848 0.887792 -0.171221 -0.42721 -0.361412 0.459375 0.272631 0.845368 0.450085 0.191605 -0.977758 0.0852998 0.382276 -0.0825621 -0.102659 -0.991284 -0.478375 0.977993 0.182892 -0.100396 0.429101 
1530629058162 -0.0865125 -0.954088 0.286759 -0.299738 0.970204 -0.146073 -0.193303 -0.333397 0.226316 0.261492 0.938298 0.436996 0.191506 -0.977724 0.0859124 0.382269 -0.0824334 -0.103246 -0.991234 -0.478347 0.978024 0.182746 -0.100369 0.429106 
1530629058381 -0.134289 -0.961478 0.239847 -0.392663 0.990685 -0.124753 0.054579 -0.306423 -0.0225547 0.244943 0.969275 0.424255 0.191409 -0.977689 0.086524 0.382264 -0.0823052 -0.103832 -0.991184 -0.478326 0.978053 0.1826 -0.100343 0.429112 
1530629058578 -0.169661 -0.968024 0.184781 -0.471245 0.948411 -0.109423 0.297561 -0.284918 -0.267827 0.225733 0.93665 0.406276 0.191317 -0.977654 0.087128 0.382262 -0.0821804 -0.104411 -0.991133 -0.478323 0.978082 0.182461 -0.10032 0.429128 
1530629058769 -0.169661 -0.968024 0.184781 -0.471245 0.948411 -0.109423 0.297561 -0.284918 -0.267827 0.225733 0.93665 0.406276 0.191382 -0.977655 0.0869659 0.382271 -0.0822668 -0.10427 -0.991141 -0.478298 0.978062 0.182532 -0.100384 0.42909 
1530629058780 0.283164 -0.929231 0.237378 0.203597 -0.111527 -0.277733 -0.954163 -0.479279 0.952565 0.24371 -0.182279 0.496517 0.191512 -0.977709 0.0860671 0.382293 -0.0828637 -0.103484 -0.991173 -0.478304 0.977986 0.18269 -0.100835 0.429157 
1530629058996 0.235267 -0.92765 0.290026 0.180989 0.100532 -0.273576 -0.956582 -0.462709 0.966717 0.254209 0.0288948 0.496258 0.191641 -0.977763 0.0851673 0.382316 -0.0834611 -0.102696 -0.991205 -0.478311 0.97791 0.182847 -0.101286 0.429224 
1530629059204 0.172803 -0.930364 0.32336 0.091502 0.342206 -0.251137 -0.905442 -0.442024 0.923598 0.267119 0.274979 0.49073 0.19177 -0.977816 0.0842671 0.382338 -0.0840587 -0.101909 -0.991236 -0.478317 0.977834 0.183005 -0.101737 0.42929 
1530629059445 0.105867 -0.934412 0.340098 -0.00738927 0.562466 -0.225775 -0.795398 -0.416777 0.820015 0.2755 0.501673 0.477623 0.191898 -0.977868 0.0833666 0.382361 -0.0846564 -0.101122 -0.991266 -0.478323 0.977757 0.183164 -0.102188 0.429357 
1530629059654 0.0370859 -0.94009 0.338905 -0.105105 0.748833 -0.198426 -0.632358 -0.389456 0.66172 0.277235 0.696611 0.463667 0.192025 -0.977919 0.0824665 0.382383 -0.085254 -0.100335 -0.991294 -0.478329 0.97768 0.183323 -0.102638 0.429424 
1530629059866 -0.0282738 -0.946761 0.320695 -0.20285 0.887792 -0.171221 -0.42721 -0.361413 0.459375 0.272631 0.845368 0.450089 0.192152 -0.97797 0.081566 0.382405 -0.0858518 -0.0995478 -0.991322 -0.478334 0.977603 0.183482 -0.103089 0.42949 
1530629060078 -0.0865124 -0.954088 0.28676 -0.299739 0.970205 -0.146073 -0.193303 -0.333398 0.226316 0.261493 0.938298 0.437 0.192278 -0.97802 0.0806657 0.382426 -0.0864494 -0.098761 -0.991349 -0.478338 0.977525 0.183641 -0.103539 0.429556 
1530629060292 -0.134289 -0.961478 0.239848 -0.392664 0.990685 -0.124754 0.0545792 -0.306424 -0.0225548 0.244943 0.969275 0.424256 0.192402 -0.978069 0.0797663 0.382445 -0.0870453 -0.0979748 -0.991375 -0.478337 0.977448 0.1838 -0.103987 0.429616 
1530629060500 -0.169662 -0.968024 0.184782 -0.471246 0.948411 -0.109424 0.297562 -0.284919 -0.267828 0.225734 0.93665 0.406275 0.192518 -0.978118 0.0788797 0.382457 -0.087623 -0.0971973 -0.9914 -0.478321 0.977373 0.183951 -0.104418 0.42964 
1530629060721 -0.169662 -0.968024 0.184782 -0.471246 0.948411 -0.109424 0.297562 -0.284919 -0.267828 0.225734 0.93665 0.406275 0.192479 -0.978122 0.0789203 0.382469 -0.0875961 -0.0972292 -0.9914 -0.478346 0.977384 0.183911 -0.104394 0.429621 
1530629060739 0.283167 -0.92923 0.237378 0.203595 -0.111528 -0.277734 -0.954162 -0.479276 0.952564 0.243713 -0.18228 0.496514 0.192885 -0.978042 0.0789184 0.382486 -0.0876221 -0.0972761 -0.991393 -0.478379 0.977301 0.18431 -0.104461 0.429654 
1530629061028 0.235268 -0.927649 0.290026 0.180986 0.100531 -0.273576 -0.956582 -0.462709 0.966717 0.25421 0.0288934 0.496259 0.193292 -0.977962 0.0789163 0.382503 -0.0876479 -0.0973229 -0.991386 -0.478411 0.977219 0.18471 -0.104528 0.429687 
1530629061234 0.172804 -0.930364 0.32336 0.0915002 0.342206 -0.251137 -0.905442 -0.442024 0.923598 0.26712 0.274978 0.490731 0.193698 -0.977882 0.078914 0.38252 -0.0876738 -0.0973695 -0.991379 -0.478444 0.977136 0.185109 -0.104595 0.429719 
1530629061408 0.105868 -0.934412 0.340098 -0.00739012 0.562466 -0.225775 -0.795398 -0.416777 0.820015 0.2755 0.501672 0.477625 0.194104 -0.977802 0.0789119 0.382536 -0.0876996 -0.0974164 -0.991372 -0.478477 0.977053 0.185509 -0.104662 0.429752 
1530629061610 0.037086 -0.940089 0.338905 -0.105106 0.748833 -0.198426 -0.632358 -0.389456 0.66172 0.277235 0.696611 0.463668 0.19451 -0.977721 0.0789095 0.382553 -0.0877255 -0.097463 -0.991365 -0.478509 0.97697 0.185908 -0.104729 0.429785 
1530629061803 -0.0282738 -0.94676 0.320695 -0.20285 0.887792 -0.171221 -0.42721 -0.361414 0.459375 0.272632 0.845368 0.450091 0.194916 -0.977641 0.0789072 0.38257 -0.0877513 -0.0975097 -0.991358 -0.47854 0.976887 0.186308 -0.104796 0.429818 
1530629061958 -0.0865124 -0.954088 0.286761 -0.29974 0.970205 -0.146073 -0.193302 -0.333398 0.226315 0.261494 0.938298 0.437002 0.195322 -0.97756 0.0789048 0.382585 -0.0877771 -0.0975564 -0.991352 -0.478569 0.976803 0.186707 -0.104862 0.429851 
1530629062136 -0.134289 -0.961478 0.239848 -0.392664 0.990685 -0.124754 0.0545793 -0.306424 -0.0225549 0.244943 0.969275 0.424256 0.195726 -0.977479 0.0789032 0.3826 -0.0878027 -0.0976036 -0.991345 -0.478591 0.97672 0.187104 -0.104929 0.429883 
1530629062340 -0.169662 -0.968024 0.184782 -0.471246 0.948411 -0.109424 0.297563 -0.28492 -0.267828 0.225735 0.936649 0.406275 0.196119 -0.9774 0.0789045 0.382617 -0.0878244 -0.097652 -0.991338 -0.478591 0.976639 0.187491 -0.104991 0.429908 
1530629062576 -0.169662 -0.968024 0.184782 -0.471246 0.948411 -0.109424 0.297563 -0.28492 -0.267828 0.225735 0.936649 0.406275 0.196034 -0.977405 0.0790537 0.382561 -0.087877 -0.0978041 -0.991318 -0.478613 0.976652 0.187385 -0.105064 0.42995 
1530629062586 0.283168 -0.929229 0.237379 0.203595 -0.111528 -0.277734 -0.954162 -0.479275 0.952564 0.243714 -0.182281 0.496513 0.196086 -0.977368 0.0793808 0.382575 -0.0877399 -0.0981153 -0.9913 -0.478604 0.976653 0.187416 -0.104993 0.429973 
1530629062758 0.235269 -0.927649 0.290026 0.180985 0.10053 -0.273576 -0.956582 -0.462709 0.966717 0.25421 0.0288926 0.496259 0.19614 -0.977331 0.079708 0.382589 -0.0876022 -0.0984265 -0.991281 -0.478594 0.976655 0.187447 -0.104922 0.429996 
1530629063043 0.172804 -0.930364 0.32336 0.0914993 0.342205 -0.251137 -0.905442 -0.442025 0.923599 0.26712 0.274978 0.490731 0.196193 -0.977294 0.080035 0.382602 -0.0874643 -0.0987376 -0.991262 -0.478585 0.976657 0.187479 -0.10485 0.430019 
1530629063196 0.105868 -0.934412 0.340098 -0.00739056 0.562466 -0.225775 -0.795398 -0.416777 0.820015 0.275501 0.501672 0.477625 0.196246 -0.977256 0.0803626 0.382616 -0.0873263 -0.0990491 -0.991243 -0.478576 0.976658 0.18751 -0.104778 0.430042 
1530629063450 0.037086 -0.940089 0.338905 -0.105107 0.748833 -0.198426 -0.632358 -0.389457 0.66172 0.277235 0.696611 0.463669 0.196299 -0.977218 0.0806896 0.38263 -0.0871884 -0.0993601 -0.991224 -0.478566 0.97666 0.187541 -0.104706 0.430065 
1530629063706 -0.0282737 -0.94676 0.320695 -0.202851 0.887792 -0.171221 -0.42721 -0.361414 0.459375 0.272632 0.845368 0.450092 0.196353 -0.977181 0.0810167 0.382644 -0.0870504 -0.0996712 -0.991205 -0.478557 0.976662 0.187573 -0.104635 0.430087 
1530629063887 -0.0865124 -0.954088 0.286762 -0.299741 0.970205 -0.146073 -0.193302 -0.333399 0.226315 0.261494 0.938297 0.437004 0.196406 -0.977143 0.081344 0.382658 -0.0869125 -0.0999824 -0.991186 -0.478548 0.976663 0.187605 -0.104563 0.43011 
1530629063895 -0.13429 -0.961478 0.239848 -0.392664 0.990685 -0.124754 0.0545793 -0.306425 -0.0225549 0.244943 0.969275 0.424256 0.196459 -0.977105 0.0816712 0.382672 -0.0867748 -0.100294 -0.991167 -0.478541 0.976665 0.187636 -0.104492 0.430134 
1530629064041 -0.169662 -0.968024 0.184783 -0.471246 0.948411 -0.109424 0.297563 -0.28492 -0.267828 0.225735 0.936649 0.406275 0.196512 -0.977067 0.0819953 0.382687 -0.086639 -0.100602 -0.991147 -0.478536 0.976666 0.187668 -0.104422 0.430162 
1530629064261 -0.169662 -0.968024 0.184783 -0.471246 0.948411 -0.109424 0.297563 -0.28492 -0.267828 0.225735 0.936649 0.406275 0.196311 -0.977107 0.0819968 0.382611 -0.0868462 -0.100622 -0.991127 -0.478609 0.976688 0.187448 -0.104611 0.430094 
1530629064272 0.283169 -0.929229 0.237379 0.203594 -0.111529 -0.277735 -0.954162 -0.479274 0.952563 0.243714 -0.182281 0.496512 0.196576 -0.976963 0.0830725 0.382636 -0.0868231 -0.101737 -0.991015 -0.478619 0.976637 0.187598 -0.104822 0.430144 
1530629064507 0.235269 -0.927649 0.290026 0.180985 0.10053 -0.273576 -0.956582 -0.462709 0.966717 0.254211 0.0288922 0.49626 0.196842 -0.976817 0.0841486 0.382661 -0.0867999 -0.102853 -0.990902 -0.478628 0.976585 0.187747 -0.105033 0.430193 
1530629064699 0.172805 -0.930364 0.32336 0.0914989 0.342205 -0.251137 -0.905442 -0.442025 0.923599 0.26712 0.274977 0.490731 0.197108 -0.976671 0.0852242 0.382687 -0.0867766 -0.103969 -0.990788 -0.478638 0.976534 0.187897 -0.105245 0.430243 
1530629064892 0.105868 -0.934412 0.340098 -0.00739079 0.562466 -0.225775 -0.795398 -0.416778 0.820015 0.275501 0.501672 0.477626 0.197373 -0.976522 0.0863001 0.382712 -0.0867528 -0.105085 -0.990672 -0.478647 0.976482 0.188046 -0.105457 0.430293 
1530629065100 0.0370861 -0.940089 0.338905 -0.105107 0.748833 -0.198426 -0.632358 -0.389457 0.66172 0.277235 0.696611 0.46367 0.197639 -0.976373 0.0873756 0.382737 -0.0867287 -0.106201 -0.990555 -0.478657 0.976431 0.188195 -0.105669 0.430343 
1530629065288 -0.0282737 -0.94676 0.320695 -0.202851 0.887792 -0.171221 -0.42721 -0.361414 0.459375 0.272632 0.845368 0.450092 0.197905 -0.976222 0.0884512 0.382762 -0.0867043 -0.107316 -0.990437 -0.478667 0.976379 0.188343 -0.105881 0.430392 
1530629065513 -0.0865124 -0.954088 0.286762 -0.299741 0.970205 -0.146073 -0.193302 -0.333399 0.226315 0.261495 0.938297 0.437004 0.19817 -0.976071 0.0895265 0.382788 -0.0866798 -0.108432 -0.990318 -0.478677 0.976327 0.188491 -0.106093 0.430442 
1530629065695 -0.13429 -0.961478 0.239848 -0.392664 0.990685 -0.124754 0.0545794 -0.306425 -0.0225549 0.244944 0.969275 0.424256 0.198436 -0.975917 0.0906011 0.382814 -0.086655 -0.109547 -0.990197 -0.478688 0.976276 0.188639 -0.106306 0.430492 
1530629065892 -0.169662 -0.968024 0.184783 -0.471246 0.948411 -0.109424 0.297563 -0.284921 -0.267828 0.225735 0.936649 0.406274 0.198696 -0.975765 0.0916674 0.382842 -0.0866266 -0.110652 -0.990077 -0.478701 0.976225 0.188784 -0.106513 0.430546 
1530629066132 -0.169662 -0.968024 0.184783 -0.471246 0.948411 -0.109424 0.297563 -0.284921 -0.267828 0.225735 0.936649 0.406274 0.198809 -0.975753 0.091543 0.38289 -0.0865099 -0.110516 -0.990102 -0.478637 0.976213 0.188922 -0.106384 0.430496 
1530629066143 0.283169 -0.929229 0.237379 0.203594 -0.111529 -0.277735 -0.954162 -0.479273 0.952563 0.243714 -0.182282 0.496512 0.198552 -0.975914 0.090378 0.382901 -0.0872884 -0.109456 -0.990152 -0.478595 0.976196 0.188708 -0.106919 0.430586 
1530629066388 0.235269 -0.927649 0.290026 0.180984 0.10053 -0.273576 -0.956582 -0.462709 0.966717 0.254211 0.028892 0.49626 0.198294 -0.976074 0.089213 0.382913 -0.0880665 -0.108395 -0.990199 -0.478553 0.976178 0.188494 -0.107454 0.430677 
