1530722267387 -0.0787153 -0.98928 -0.123002 -0.523062 0.741598 -0.140566 0.655952 -0.252702 -0.66621 -0.0395849 0.744713 0.424759 0.16008 -0.775623 -0.61056 0.370831 -0.304787 0.549475 -0.777934 -0.528794 0.938871 0.310623 -0.14844 0.432481 
1530722267399 -0.0315425 -0.992916 -0.114553 -0.530287 0.721933 -0.101895 0.684419 -0.24715 -0.691244 -0.0611112 0.720033 0.430336 0.316305 -0.930106 0.186693 0.400738 -0.38429 -0.305553 -0.871182 -0.506322 0.867336 0.203815 -0.454078 0.485854 
1530722268353 0.0153904 -0.994424 -0.104326 -0.537491 0.699576 -0.0638382 0.711701 -0.2416 -0.714393 -0.0839373 0.694692 0.435914 0.316242 -0.929997 0.187342 0.400828 -0.384853 -0.306262 -0.870685 -0.504438 0.86711 0.203248 -0.454765 0.485876 
1530722269239 0.06193 -0.993798 -0.0923589 -0.544693 0.674603 -0.0265199 0.737705 -0.23605 -0.735579 -0.107992 0.668776 0.441493 0.316223 -0.930001 0.187352 0.40079 -0.384857 -0.306263 -0.870683 -0.50432 0.867115 0.203227 -0.454765 0.485866 
1530722270151 0.10792 -0.99104 -0.0786911 -0.551894 0.647098 0.00993448 0.762342 -0.230501 -0.75473 -0.133193 0.642372 0.447072 0.316222 -0.930002 0.187352 0.40079 -0.384859 -0.306263 -0.870682 -0.504311 0.867114 0.203224 -0.454766 0.485866 
1530722270157 0.153208 -0.98616 -0.0633686 -0.559096 0.617153 0.0454028 0.785532 -0.224951 -0.771783 -0.159458 0.615568 0.452651 0.316221 -0.930002 0.187352 0.400793 -0.384861 -0.306262 -0.870681 -0.504309 0.867114 0.203224 -0.454768 0.485867 
1530722271389 0.19764 -0.979174 -0.0464429 -0.566296 0.584869 0.0797661 0.807196 -0.219402 -0.786681 -0.186697 0.588454 0.45823 0.316221 -0.930002 0.187351 0.400795 -0.384862 -0.306262 -0.870681 -0.504309 0.867113 0.203223 -0.454769 0.485868 
1530722272294 0.241068 -0.970105 -0.0279708 -0.573495 0.550354 0.112909 0.827262 -0.213854 -0.799373 -0.21482 0.56112 0.463809 0.316221 -0.930002 0.187351 0.400796 -0.384862 -0.306262 -0.870681 -0.50431 0.867113 0.203223 -0.454769 0.485869 
1530722273242 0.283342 -0.958985 -0.00801246 -0.580677 0.513726 0.14472 0.84566 -0.208316 -0.809816 -0.243727 0.533661 0.469381 0.316222 -0.930002 0.18735 0.400801 -0.384863 -0.306262 -0.87068 -0.504317 0.867112 0.203224 -0.45477 0.485871 
1530722274226 0.324113 -0.945924 0.0133993 -0.587483 0.475252 0.175055 0.862259 -0.20318 -0.817977 -0.273101 0.50629 0.474625 0.316238 -0.930001 0.187328 0.400844 -0.384878 -0.306253 -0.870677 -0.504402 0.8671 0.203243 -0.454786 0.48592 
1530722275332 0.324032 -0.945952 0.0133729 -0.587481 0.475417 0.175041 0.862171 -0.203171 -0.817913 -0.273013 0.506441 0.474695 0.316238 -0.930001 0.187328 0.400844 -0.384878 -0.306253 -0.870677 -0.504402 0.8671 0.203243 -0.454786 0.48592 
1530722275531 0.328084 -0.94452 0.0155848 -0.58824 0.47142 0.178003 0.863758 -0.202575 -0.818611 -0.276039 0.503665 0.475282 0.316221 -0.930002 0.187351 0.400799 -0.384863 -0.306262 -0.87068 -0.504312 0.867113 0.203223 -0.45477 0.485869 
1530722275924 0.332122 -0.943068 0.0178104 -0.588998 0.467403 0.180948 0.865328 -0.201978 -0.819286 -0.27907 0.50089 0.475869 0.316221 -0.930002 0.187351 0.400795 -0.384863 -0.306262 -0.87068 -0.504305 0.867113 0.203223 -0.45477 0.485867 
1530722276321 0.336146 -0.941597 0.0200491 -0.589757 0.463367 0.183878 0.866879 -0.201382 -0.819937 -0.282108 0.498115 0.476456 0.31622 -0.930002 0.187352 0.400795 -0.384863 -0.306262 -0.87068 -0.504304 0.867113 0.203222 -0.454769 0.485867 
1530722276722 0.340154 -0.940105 0.0223016 -0.590515 0.459313 0.186792 0.868412 -0.200786 -0.820565 -0.285151 0.495341 0.477042 0.31622 -0.930002 0.187351 0.400795 -0.384863 -0.306262 -0.87068 -0.504304 0.867113 0.203222 -0.454769 0.485867 
1530722277126 0.344148 -0.938594 0.0245675 -0.591273 0.455241 0.18969 0.869927 -0.200189 -0.821169 -0.288199 0.492568 0.477629 0.31622 -0.930002 0.187352 0.400795 -0.384863 -0.306262 -0.87068 -0.504304 0.867113 0.203222 -0.454769 0.485867 
1530722277506 0.348126 -0.937063 0.0268468 -0.592032 0.45115 0.192572 0.871424 -0.199593 -0.821749 -0.291253 0.489795 0.478216 0.31622 -0.930002 0.187352 0.400795 -0.384863 -0.306262 -0.87068 -0.504304 0.867113 0.203222 -0.454769 0.485867 
1530722277923 0.352089 -0.935513 0.0291393 -0.59279 0.447041 0.195437 0.872902 -0.198997 -0.822306 -0.294313 0.487024 0.478803 0.31622 -0.930002 0.187352 0.400795 -0.384863 -0.306262 -0.87068 -0.504304 0.867113 0.203222 -0.454769 0.485867 
1530722278353 0.356036 -0.933943 0.0314453 -0.593547 0.442915 0.198286 0.874362 -0.198402 -0.822839 -0.297377 0.484254 0.479389 0.31622 -0.930002 0.187352 0.400795 -0.384863 -0.306262 -0.87068 -0.504304 0.867113 0.203222 -0.454769 0.485867 
1530722278810 0.359947 -0.932362 0.0337684 -0.594269 0.438786 0.201117 0.875796 -0.197846 -0.82335 -0.300423 0.481499 0.47994 0.31622 -0.930002 0.187352 0.400795 -0.384863 -0.306262 -0.87068 -0.504304 0.867113 0.203222 -0.454769 0.485867 
1530722279198 0.359885 -0.932386 0.0337386 -0.594254 0.438883 0.201091 0.875753 -0.197838 -0.823325 -0.300363 0.481579 0.479954 0.31622 -0.930002 0.187352 0.400795 -0.384863 -0.306262 -0.87068 -0.504304 0.867113 0.203222 -0.454769 0.485867 
1530722279211 0.360286 -0.932223 0.0339739 -0.594335 0.438456 0.201376 0.875902 -0.197775 -0.823378 -0.300679 0.481291 0.480015 0.31622 -0.930002 0.187352 0.400795 -0.384863 -0.306262 -0.87068 -0.504304 0.867113 0.203222 -0.454769 0.485867 
1530722279453 0.360686 -0.93206 0.0342088 -0.594416 0.438029 0.20166 0.87605 -0.197712 -0.82343 -0.300995 0.481005 0.480076 0.31622 -0.930002 0.187352 0.400795 -0.384863 -0.306262 -0.87068 -0.504304 0.867113 0.203222 -0.454769 0.485867 
1530722279657 0.361086 -0.931896 0.0344439 -0.594497 0.437602 0.201945 0.876198 -0.197649 -0.823482 -0.30131 0.480719 0.480137 0.31622 -0.930002 0.187352 0.400795 -0.384863 -0.306262 -0.87068 -0.504304 0.867113 0.203222 -0.454769 0.485867 
1530722279841 0.361486 -0.931732 0.0346791 -0.594578 0.437174 0.202229 0.876346 -0.197586 -0.823533 -0.301626 0.480432 0.480198 0.31622 -0.930002 0.187352 0.400795 -0.384863 -0.306262 -0.87068 -0.504304 0.867113 0.203222 -0.454769 0.485867 
1530722280050 0.361885 -0.931569 0.0349144 -0.594659 0.436747 0.202513 0.876494 -0.197523 -0.823584 -0.301941 0.480146 0.480259 0.31622 -0.930002 0.187352 0.400795 -0.384863 -0.306262 -0.87068 -0.504304 0.867113 0.203222 -0.454769 0.485867 
1530722280257 0.362285 -0.931404 0.0351498 -0.594741 0.436319 0.202796 0.876641 -0.19746 -0.823636 -0.302257 0.479859 0.48032 0.31622 -0.930002 0.187352 0.400795 -0.384863 -0.306262 -0.87068 -0.504304 0.867113 0.203222 -0.454769 0.485867 
1530722280479 0.362684 -0.93124 0.0353853 -0.594822 0.435891 0.20308 0.876788 -0.197397 -0.823686 -0.302573 0.479573 0.480381 0.31622 -0.930002 0.187352 0.400795 -0.384863 -0.306262 -0.87068 -0.504304 0.867113 0.203222 -0.454769 0.485867 
1530722280704 0.363084 -0.931075 0.0356212 -0.594903 0.435463 0.203364 0.876935 -0.197334 -0.823737 -0.302889 0.479287 0.480442 0.31622 -0.930002 0.187352 0.400795 -0.384863 -0.306262 -0.87068 -0.504304 0.867113 0.203222 -0.454769 0.485867 
1530722280937 0.363481 -0.930911 0.0358575 -0.59498 0.435036 0.203647 0.877081 -0.197276 -0.823787 -0.303203 0.479002 0.480499 0.31622 -0.930002 0.187352 0.400795 -0.384863 -0.306262 -0.87068 -0.504304 0.867113 0.203222 -0.454769 0.485867 
1530722281257 0.363593 -0.930863 0.0359615 -0.594949 0.434938 0.20377 0.877101 -0.197348 -0.823789 -0.303267 0.478957 0.480433 0.31622 -0.930002 0.187352 0.400795 -0.384863 -0.306262 -0.87068 -0.504304 0.867113 0.203222 -0.454769 0.485867 
1530722281436 0.347302 -0.937482 0.0225736 -0.594436 0.456172 0.189929 0.869387 -0.199708 -0.819322 -0.291642 0.493615 0.478182 0.31622 -0.930002 0.187352 0.400795 -0.384863 -0.306262 -0.87068 -0.504304 0.867113 0.203222 -0.454769 0.485867 
1530722282200 0.330624 -0.943715 0.00947772 -0.593917 0.476992 0.175759 0.861155 -0.202073 -0.814351 -0.280197 0.508254 0.475932 0.31622 -0.930002 0.187352 0.400795 -0.384863 -0.306262 -0.87068 -0.504304 0.867113 0.203222 -0.454769 0.485867 
1530722282925 0.313574 -0.949558 -0.0033168 -0.593397 0.497381 0.161273 0.85241 -0.204437 -0.808878 -0.268943 0.522863 0.473682 0.31622 -0.930002 0.187352 0.400795 -0.384863 -0.306262 -0.87068 -0.504304 0.867113 0.203222 -0.454769 0.485867 
1530722283633 0.296167 -0.955006 -0.0158 -0.592878 0.517323 0.146483 0.843161 -0.206802 -0.802909 -0.25789 0.53743 0.471432 0.31622 -0.930002 0.187352 0.400795 -0.384863 -0.306262 -0.87068 -0.504304 0.867113 0.203222 -0.454769 0.485867 
1530722284330 0.278415 -0.960054 -0.0279622 -0.592358 0.536803 0.131399 0.833413 -0.209166 -0.796447 -0.247045 0.551943 0.469182 0.31622 -0.930002 0.187352 0.400795 -0.384863 -0.306262 -0.87068 -0.504304 0.867113 0.203222 -0.454769 0.485867 
1530722285046 0.260333 -0.964699 -0.0397938 -0.591839 0.555805 0.116033 0.823175 -0.21153 -0.789498 -0.236417 0.566392 0.466932 0.31622 -0.930002 0.187352 0.400795 -0.384863 -0.306262 -0.87068 -0.504304 0.867113 0.203222 -0.454769 0.485867 
1530722285051 0.241934 -0.968936 -0.0512856 -0.591319 0.574316 0.100398 0.812454 -0.213895 -0.782067 -0.226015 0.580765 0.464683 0.31622 -0.930002 0.187352 0.400795 -0.384863 -0.306262 -0.87068 -0.504304 0.867113 0.203222 -0.454769 0.485867 
1530722285970 0.223235 -0.972763 -0.0624294 -0.590794 0.592318 0.0845056 0.801261 -0.216254 -0.774161 -0.215848 0.59505 0.462439 0.31622 -0.930002 0.187352 0.400795 -0.384863 -0.306262 -0.87068 -0.504304 0.867113 0.203222 -0.454769 0.485867 
1530722286665 0.204311 -0.976163 -0.0732338 -0.590234 0.609745 0.0683789 0.789642 -0.218478 -0.765812 -0.205986 0.609181 0.460377 0.31622 -0.930002 0.187352 0.400795 -0.384863 -0.306262 -0.87068 -0.504304 0.867113 0.203222 -0.454769 0.485867 
1530722287500 0.204434 -0.976144 -0.0731409 -0.590238 0.609701 0.0685216 0.789664 -0.218517 -0.765814 -0.206028 0.609164 0.460376 0.31622 -0.930002 0.187352 0.400795 -0.384863 -0.306262 -0.87068 -0.504304 0.867113 0.203222 -0.454769 0.485867 
1530722287697 0.185191 -0.979126 -0.0837634 -0.590331 0.626852 0.0520564 0.777397 -0.220859 -0.756809 -0.196474 0.623408 0.457889 0.31622 -0.930002 0.187352 0.400795 -0.384863 -0.306262 -0.87068 -0.504304 0.867113 0.203222 -0.454769 0.485867 
1530722287704 0.165681 -0.981689 -0.0940073 -0.590419 0.643449 0.03537 0.764672 -0.223204 -0.747344 -0.18718 0.637526 0.455401 0.31622 -0.930002 0.187352 0.400795 -0.384863 -0.306262 -0.87068 -0.504304 0.867113 0.203222 -0.454769 0.485867 
1530722288611 0.145922 -0.983829 -0.103865 -0.590507 0.659477 0.0184772 0.751498 -0.225549 -0.737426 -0.178157 0.651508 0.452913 0.31622 -0.930002 0.187352 0.400795 -0.384863 -0.306262 -0.87068 -0.504304 0.867113 0.203222 -0.454769 0.485867 
1530722289284 0.125931 -0.985545 -0.113327 -0.590595 0.674923 0.00139127 0.737886 -0.227893 -0.727062 -0.16941 0.665342 0.450425 0.31622 -0.930002 0.187352 0.400795 -0.384863 -0.306262 -0.87068 -0.504304 0.867113 0.203222 -0.454769 0.485867 
1530722289931 0.105723 -0.986835 -0.122389 -0.590683 0.689777 -0.0158743 0.723848 -0.230238 -0.716261 -0.160948 0.679018 0.447938 0.31622 -0.930002 0.187352 0.400795 -0.384863 -0.306262 -0.87068 -0.504304 0.867113 0.203222 -0.454769 0.485867 
1530722290600 0.085314 -0.987699 -0.13104 -0.59077 0.704026 -0.0333057 0.709393 -0.232582 -0.705032 -0.152777 0.692524 0.44545 0.31622 -0.930002 0.187352 0.400795 -0.384863 -0.306262 -0.87068 -0.504304 0.867113 0.203222 -0.454769 0.485867 
1530722291273 0.06472 -0.988136 -0.139277 -0.590857 0.717658 -0.0508893 0.694534 -0.234926 -0.693382 -0.144903 0.70585 0.442963 0.31622 -0.930002 0.187352 0.400795 -0.384863 -0.306262 -0.87068 -0.504304 0.867113 0.203222 -0.454769 0.485867 
1530722291280 0.0439584 -0.988146 -0.147091 -0.590936 0.730662 -0.0686112 0.679284 -0.237266 -0.681323 -0.137334 0.718984 0.440482 0.31622 -0.930002 0.187352 0.400795 -0.384863 -0.306262 -0.87068 -0.504304 0.867113 0.203222 -0.454769 0.485867 
1530722292140 0.0230954 -0.987723 -0.1545 -0.590915 0.742989 -0.0864427 0.663698 -0.239483 -0.668905 -0.13012 0.73187 0.438186 0.31622 -0.930002 0.187352 0.400795 -0.384863 -0.306262 -0.87068 -0.504304 0.867113 0.203222 -0.454769 0.485867 
1530722292898 0.0232035 -0.987733 -0.154421 -0.590913 0.742938 -0.0863203 0.663771 -0.239496 -0.668958 -0.130127 0.731821 0.438189 0.31622 -0.930002 0.187352 0.400795 -0.384863 -0.306262 -0.87068 -0.504304 0.867113 0.203222 -0.454769 0.485867 
1530722293137 0.00524992 -0.986837 -0.161636 -0.59152 0.752577 -0.102538 0.650472 -0.241636 -0.658484 -0.125058 0.742132 0.43615 0.31622 -0.930002 0.187352 0.400795 -0.384863 -0.306262 -0.87068 -0.504304 0.867113 0.203222 -0.454769 0.485867 
1530722293758 -0.0128085 -0.985612 -0.168538 -0.592125 0.761738 -0.118808 0.636899 -0.243776 -0.647759 -0.120224 0.7523 0.43411 0.31622 -0.930002 0.187352 0.400795 -0.384863 -0.306262 -0.87068 -0.504304 0.867113 0.203222 -0.454769 0.485867 
1530722294369 -0.0309594 -0.984059 -0.175125 -0.592729 0.770415 -0.135119 0.62306 -0.245916 -0.636791 -0.115629 0.762317 0.43207 0.31622 -0.930002 0.187352 0.400795 -0.384863 -0.306262 -0.87068 -0.504304 0.867113 0.203222 -0.454769 0.485867 
1530722294959 -0.0491922 -0.98218 -0.181392 -0.593333 0.778603 -0.151462 0.608963 -0.248056 -0.625585 -0.111276 0.772179 0.43003 0.31622 -0.930002 0.187352 0.400795 -0.384863 -0.306262 -0.87068 -0.504304 0.867113 0.203222 -0.454769 0.485867 
1530722295550 -0.0674966 -0.979974 -0.187337 -0.593937 0.786298 -0.167827 0.594617 -0.250196 -0.614149 -0.107168 0.78188 0.42799 0.31622 -0.930002 0.187352 0.400795 -0.384863 -0.306262 -0.87068 -0.504304 0.867113 0.203222 -0.454769 0.485867 
1530722296140 -0.085862 -0.977444 -0.192954 -0.594541 0.793495 -0.184205 0.580029 -0.252336 -0.602489 -0.103306 0.791413 0.42595 0.31622 -0.930002 0.187352 0.400795 -0.384863 -0.306262 -0.87068 -0.504304 0.867113 0.203222 -0.454769 0.485867 
1530722296786 -0.104278 -0.97459 -0.198243 -0.595145 0.80019 -0.200587 0.565208 -0.254476 -0.590611 -0.0996931 0.800774 0.42391 0.31622 -0.930002 0.187352 0.400795 -0.384863 -0.306262 -0.87068 -0.504304 0.867113 0.203222 -0.454769 0.485867 
1530722296792 -0.122733 -0.971415 -0.203199 -0.595737 0.806379 -0.216964 0.550164 -0.256611 -0.578524 -0.0963322 0.809957 0.421877 0.31622 -0.930002 0.187352 0.400795 -0.384863 -0.306262 -0.87068 -0.504304 0.867113 0.203222 -0.454769 0.485867 
1530722297608 -0.14118 -0.967921 -0.207839 -0.596199 0.812035 -0.23331 0.534944 -0.258638 -0.566275 -0.093249 0.818925 0.419989 0.31622 -0.930002 0.187352 0.400795 -0.384863 -0.306262 -0.87068 -0.504304 0.867113 0.203222 -0.454769 0.485867 
1530722298348 -0.141233 -0.967924 -0.207787 -0.596229 0.811976 -0.233333 0.535024 -0.258605 -0.566347 -0.0931553 0.818885 0.419991 0.31622 -0.930002 0.187352 0.400795 -0.384863 -0.306262 -0.87068 -0.504304 0.867113 0.203222 -0.454769 0.485867 
1530722298509 -0.158307 -0.964441 -0.211641 -0.597132 0.816944 -0.248321 0.520519 -0.260268 -0.554565 -0.0904969 0.827205 0.418089 0.31622 -0.930002 0.187352 0.400795 -0.384863 -0.306262 -0.87068 -0.504304 0.867113 0.203222 -0.454769 0.485867 
1530722299075 -0.175388 -0.960692 -0.215199 -0.598033 0.821467 -0.263281 0.505841 -0.261931 -0.542615 -0.0880599 0.835353 0.416187 0.31622 -0.930002 0.187352 0.400795 -0.384863 -0.306262 -0.87068 -0.504304 0.867113 0.203222 -0.454769 0.485867 
1530722299651 -0.19247 -0.956677 -0.218458 -0.598934 0.825543 -0.278208 0.490999 -0.263594 -0.530504 -0.0858442 0.843324 0.414284 0.31622 -0.930002 0.187352 0.400795 -0.384863 -0.306262 -0.87068 -0.504304 0.867113 0.203222 -0.454769 0.485867 
1530722300229 -0.209541 -0.9524 -0.221421 -0.599835 0.829169 -0.293093 0.475999 -0.265256 -0.518238 -0.0838543 0.851115 0.412381 0.31622 -0.930002 0.187352 0.400795 -0.384863 -0.306262 -0.87068 -0.504304 0.867113 0.203222 -0.454769 0.485867 
1530722300817 -0.226595 -0.947862 -0.224083 -0.600735 0.832345 -0.307929 0.46085 -0.266919 -0.505823 -0.082088 0.858723 0.410479 0.31622 -0.930002 0.187352 0.400795 -0.384863 -0.306262 -0.87068 -0.504304 0.867113 0.203222 -0.454769 0.485867 
1530722301417 -0.243622 -0.943065 -0.226445 -0.601636 0.835068 -0.322708 0.445557 -0.268582 -0.493265 -0.0805493 0.866142 0.408576 0.31622 -0.930002 0.187352 0.400795 -0.384863 -0.306262 -0.87068 -0.504304 0.867113 0.203222 -0.454769 0.485867 
1530722302038 -0.260615 -0.938012 -0.228504 -0.602536 0.837336 -0.337425 0.430131 -0.270244 -0.480571 -0.0792359 0.873369 0.406674 0.31622 -0.930002 0.187352 0.400795 -0.384863 -0.306262 -0.87068 -0.504304 0.867113 0.203222 -0.454769 0.485867 
1530722302618 -0.277563 -0.932705 -0.23026 -0.603423 0.83915 -0.35207 0.414578 -0.271901 -0.467747 -0.0781516 0.880401 0.404777 0.31622 -0.930002 0.187352 0.400795 -0.384863 -0.306262 -0.87068 -0.504304 0.867113 0.203222 -0.454769 0.485867 
1530722303217 -0.29443 -0.927152 -0.231734 -0.604153 0.840493 -0.366624 0.398946 -0.273456 -0.454843 -0.0773088 0.88721 0.403013 0.31622 -0.930002 0.187352 0.400795 -0.384863 -0.306262 -0.87068 -0.504304 0.867113 0.203222 -0.454769 0.485867 
1530722303902 -0.294348 -0.927159 -0.231808 -0.604149 0.840469 -0.366591 0.399028 -0.273444 -0.454941 -0.0773744 0.887154 0.403 0.31622 -0.930002 0.187352 0.400795 -0.384863 -0.306262 -0.87068 -0.504304 0.867113 0.203222 -0.454769 0.485867 
1530722304127 -0.291469 -0.928333 -0.230746 -0.604068 0.839126 -0.36394 0.404248 -0.273749 -0.459254 -0.0757994 0.885065 0.40323 0.31622 -0.930002 0.187352 0.400795 -0.384863 -0.306262 -0.87068 -0.504304 0.867113 0.203222 -0.454769 0.485867 
1530722304444 -0.288593 -0.929499 -0.229666 -0.603987 0.837751 -0.361277 0.409454 -0.274054 -0.46356 -0.0742374 0.88295 0.40346 0.31622 -0.930002 0.187352 0.400795 -0.384863 -0.306262 -0.87068 -0.504304 0.867113 0.203222 -0.454769 0.485867 
1530722304767 -0.28572 -0.930656 -0.228568 -0.603905 0.836345 -0.358602 0.414646 -0.274359 -0.467858 -0.0726892 0.88081 0.403691 0.31622 -0.930002 0.187352 0.400795 -0.384863 -0.306262 -0.87068 -0.504304 0.867113 0.203222 -0.454769 0.485867 
1530722305108 -0.282851 -0.931805 -0.227452 -0.603824 0.834908 -0.355916 0.419824 -0.274664 -0.472148 -0.0711542 0.878643 0.403921 0.31622 -0.930002 0.187352 0.400795 -0.384863 -0.306262 -0.87068 -0.504304 0.867113 0.203222 -0.454769 0.485867 
1530722305488 -0.279985 -0.932946 -0.226319 -0.603743 0.833441 -0.353218 0.424986 -0.27497 -0.476429 -0.0696339 0.876451 0.404151 0.31622 -0.930002 0.187352 0.400795 -0.384863 -0.306262 -0.87068 -0.504304 0.867113 0.203222 -0.454769 0.485867 
1530722305845 -0.277123 -0.934078 -0.225168 -0.603662 0.831942 -0.350509 0.430135 -0.275275 -0.480703 -0.0681268 0.874233 0.404381 0.31622 -0.930002 0.187352 0.400795 -0.384863 -0.306262 -0.87068 -0.504304 0.867113 0.203222 -0.454769 0.485867 
1530722306186 -0.274265 -0.935202 -0.224 -0.603581 0.830413 -0.347789 0.435268 -0.27558 -0.484968 -0.066634 0.87199 0.404611 0.31622 -0.930002 0.187352 0.400795 -0.384863 -0.306262 -0.87068 -0.504304 0.867113 0.203222 -0.454769 0.485867 
1530722306526 -0.271411 -0.936317 -0.222814 -0.603501 0.828853 -0.345057 0.440385 -0.275886 -0.489223 -0.0651551 0.869721 0.404841 0.31622 -0.930002 0.187352 0.400795 -0.384863 -0.306262 -0.87068 -0.504304 0.867113 0.203222 -0.454769 0.485867 
1530722306872 -0.268562 -0.937423 -0.221612 -0.603439 0.827267 -0.342316 0.445476 -0.276194 -0.493461 -0.063694 0.867433 0.405045 0.31622 -0.930002 0.187352 0.400795 -0.384863 -0.306262 -0.87068 -0.504304 0.867113 0.203222 -0.454769 0.485867 
1530722307388 -0.268689 -0.93738 -0.221641 -0.603438 0.827253 -0.342438 0.445408 -0.276156 -0.493415 -0.063677 0.86746 0.405068 0.31622 -0.930002 0.187352 0.400795 -0.384863 -0.306262 -0.87068 -0.504304 0.867113 0.203222 -0.454769 0.485867 
1530722307671 -0.261011 -0.940178 -0.218951 -0.603202 0.824969 -0.335029 0.455172 -0.276075 -0.501297 -0.0618229 0.863064 0.405814 0.31622 -0.930002 0.187352 0.400795 -0.384863 -0.306262 -0.87068 -0.504304 0.867113 0.203222 -0.454769 0.485867 
1530722308116 -0.253343 -0.942914 -0.216171 -0.602966 0.822548 -0.327578 0.464873 -0.275993 -0.509148 -0.0600388 0.858582 0.406561 0.31622 -0.930002 0.187352 0.400795 -0.384863 -0.306262 -0.87068 -0.504304 0.867113 0.203222 -0.454769 0.485867 
1530722308552 -0.245685 -0.94559 -0.213303 -0.602729 0.819991 -0.32009 0.474508 -0.275911 -0.516966 -0.058327 0.854016 0.407307 0.31622 -0.930002 0.187352 0.400795 -0.384863 -0.306262 -0.87068 -0.504304 0.867113 0.203222 -0.454769 0.485867 
1530722308990 -0.23804 -0.948204 -0.210348 -0.602493 0.817297 -0.312563 0.484076 -0.27583 -0.52475 -0.0566873 0.849367 0.408053 0.31622 -0.930002 0.187352 0.400795 -0.384863 -0.306262 -0.87068 -0.504304 0.867113 0.203222 -0.454769 0.485867 
1530722308996 -0.230408 -0.950756 -0.207305 -0.602257 0.814467 -0.305 0.493577 -0.275748 -0.532499 -0.0551191 0.844634 0.408799 0.31622 -0.930002 0.187352 0.400795 -0.384863 -0.306262 -0.87068 -0.504304 0.867113 0.203222 -0.454769 0.485867 
1530722309612 -0.22279 -0.953245 -0.204176 -0.602021 0.811503 -0.297401 0.503007 -0.275667 -0.540211 -0.0536241 0.839819 0.409545 0.31622 -0.930002 0.187352 0.400795 -0.384863 -0.306262 -0.87068 -0.504304 0.867113 0.203222 -0.454769 0.485867 
1530722309619 -0.215188 -0.955672 -0.20096 -0.601785 0.808403 -0.289769 0.512366 -0.275585 -0.547886 -0.0522013 0.834923 0.410291 0.31622 -0.930002 0.187352 0.400795 -0.384863 -0.306262 -0.87068 -0.504304 0.867113 0.203222 -0.454769 0.485867 
1530722310190 -0.207604 -0.958036 -0.197657 -0.601553 0.805169 -0.282102 0.521652 -0.275505 -0.555521 -0.0508504 0.829946 0.411035 0.31622 -0.930002 0.187352 0.400795 -0.384863 -0.306262 -0.87068 -0.504304 0.867113 0.203222 -0.454769 0.485867 
1530722310652 -0.200047 -0.960334 -0.194267 -0.60137 0.801814 -0.274411 0.530842 -0.275454 -0.563094 -0.0495727 0.824904 0.411717 0.31622 -0.930002 0.187352 0.400795 -0.384863 -0.306262 -0.87068 -0.504304 0.867113 0.203222 -0.454769 0.485867 
1530722311216 -0.200204 -0.960304 -0.194252 -0.601387 0.80174 -0.274535 0.53089 -0.275416 -0.563145 -0.0494533 0.824877 0.411697 0.31622 -0.930002 0.187352 0.400795 -0.384863 -0.306262 -0.87068 -0.504304 0.867113 0.203222 -0.454769 0.485867 
1530722311372 -0.193286 -0.962147 -0.192128 -0.601277 0.798952 -0.268008 0.538375 -0.275178 -0.569488 -0.0494405 0.820512 0.412325 0.31622 -0.930002 0.187352 0.400795 -0.384863 -0.306262 -0.87068 -0.504304 0.867113 0.203222 -0.454769 0.485867 
1530722311799 -0.186376 -0.963943 -0.18994 -0.601166 0.796068 -0.261467 0.545813 -0.27494 -0.575796 -0.0494789 0.816095 0.412952 0.31622 -0.930002 0.187352 0.400795 -0.384863 -0.306262 -0.87068 -0.504304 0.867113 0.203222 -0.454769 0.485867 
1530722312192 -0.179473 -0.965692 -0.187691 -0.601055 0.793087 -0.254915 0.553201 -0.274701 -0.582067 -0.0495706 0.811628 0.413579 0.31622 -0.930002 0.187352 0.400795 -0.384863 -0.306262 -0.87068 -0.504304 0.867113 0.203222 -0.454769 0.485867 
1530722312613 -0.17258 -0.967394 -0.185379 -0.600945 0.790011 -0.24835 0.56054 -0.274463 -0.588302 -0.0497135 0.807112 0.414207 0.31622 -0.930002 0.187352 0.400795 -0.384863 -0.306262 -0.87068 -0.504304 0.867113 0.203222 -0.454769 0.485867 
1530722313085 -0.165696 -0.969048 -0.183005 -0.600834 0.786839 -0.241775 0.567829 -0.274225 -0.594499 -0.0499089 0.802546 0.414834 0.31622 -0.930002 0.187352 0.400795 -0.384863 -0.306262 -0.87068 -0.504304 0.867113 0.203222 -0.454769 0.485867 
1530722313500 -0.158822 -0.970654 -0.18057 -0.600723 0.783572 -0.23519 0.575066 -0.273987 -0.600659 -0.0501562 0.797931 0.415462 0.31622 -0.930002 0.187352 0.400795 -0.384863 -0.306262 -0.87068 -0.504304 0.867113 0.203222 -0.454769 0.485867 
1530722313507 -0.151959 -0.972213 -0.178073 -0.600613 0.78021 -0.228596 0.582251 -0.273749 -0.606779 -0.0504561 0.793268 0.416089 0.31622 -0.930002 0.187352 0.400795 -0.384863 -0.306262 -0.87068 -0.504304 0.867113 0.203222 -0.454769 0.485867 
1530722314084 -0.145109 -0.973724 -0.175515 -0.600506 0.776754 -0.221992 0.589383 -0.273512 -0.612859 -0.0508075 0.788557 0.416714 0.31622 -0.930002 0.187352 0.400795 -0.384863 -0.306262 -0.87068 -0.504304 0.867113 0.203222 -0.454769 0.485867 
1530722314523 -0.138282 -0.975185 -0.172892 -0.600436 0.773216 -0.215387 0.596444 -0.273306 -0.618882 -0.0512052 0.783813 0.417284 0.31622 -0.930002 0.187352 0.400795 -0.384863 -0.306262 -0.87068 -0.504304 0.867113 0.203222 -0.454769 0.485867 
1530722315113 -0.138337 -0.975185 -0.172849 -0.600439 0.773306 -0.215396 0.596324 -0.273272 -0.618757 -0.0511721 0.783914 0.41735 0.31622 -0.930002 0.187352 0.400795 -0.384863 -0.306262 -0.87068 -0.504304 0.867113 0.203222 -0.454769 0.485867 
1530722315125 -0.133226 -0.976308 -0.170508 -0.600423 0.770733 -0.21022 0.60148 -0.273069 -0.623075 -0.0512835 0.780479 0.417775 0.31622 -0.930002 0.187352 0.400795 -0.384863 -0.306262 -0.87068 -0.504304 0.867113 0.203222 -0.454769 0.485867 
1530722315525 -0.128124 -0.977402 -0.168136 -0.600407 0.768108 -0.205038 0.606605 -0.272866 -0.627372 -0.0514258 0.77702 0.418199 0.31622 -0.930002 0.187352 0.400795 -0.384863 -0.306262 -0.87068 -0.504304 0.867113 0.203222 -0.454769 0.485867 
1530722315939 -0.123031 -0.978467 -0.165729 -0.600391 0.765431 -0.199851 0.611699 -0.272664 -0.631648 -0.0515964 0.773537 0.418624 0.31622 -0.930002 0.187352 0.400795 -0.384863 -0.306262 -0.87068 -0.504304 0.867113 0.203222 -0.454769 0.485867 
1530722316376 -0.117947 -0.979502 -0.163291 -0.600375 0.762703 -0.19466 0.616759 -0.272461 -0.635903 -0.0517975 0.770029 0.419049 0.31622 -0.930002 0.187352 0.400795 -0.384863 -0.306262 -0.87068 -0.504304 0.867113 0.203222 -0.454769 0.485867 
1530722316382 -0.112873 -0.980509 -0.160819 -0.600359 0.759924 -0.189463 0.621787 -0.272258 -0.640137 -0.0520265 0.766497 0.419473 0.31622 -0.930002 0.187352 0.400795 -0.384863 -0.306262 -0.87068 -0.504304 0.867113 0.203222 -0.454769 0.485867 
1530722316914 -0.10781 -0.981485 -0.158314 -0.600343 0.757094 -0.184262 0.626783 -0.272055 -0.64435 -0.052285 0.762942 0.419898 0.31622 -0.930002 0.187352 0.400795 -0.384863 -0.306262 -0.87068 -0.504304 0.867113 0.203222 -0.454769 0.485867 
1530722317298 -0.102757 -0.982433 -0.155778 -0.600327 0.754213 -0.179058 0.631745 -0.271853 -0.64854 -0.0525732 0.759363 0.420322 0.31622 -0.930002 0.187352 0.400795 -0.384863 -0.306262 -0.87068 -0.504304 0.867113 0.203222 -0.454769 0.485867 
1530722317675 -0.0977161 -0.983351 -0.153208 -0.600313 0.751282 -0.17385 0.636673 -0.271651 -0.652708 -0.052889 0.755761 0.420745 0.31622 -0.930002 0.187352 0.400795 -0.384863 -0.306262 -0.87068 -0.504304 0.867113 0.203222 -0.454769 0.485867 
1530722318068 -0.0926939 -0.984239 -0.150604 -0.600321 0.748309 -0.168643 0.641555 -0.271471 -0.656842 -0.0532304 0.752147 0.42113 0.31622 -0.930002 0.187352 0.400795 -0.384863 -0.306262 -0.87068 -0.504304 0.867113 0.203222 -0.454769 0.485867 
1530722318559 -0.0927523 -0.984243 -0.150539 -0.600302 0.748351 -0.16864 0.641507 -0.271489 -0.656786 -0.0531545 0.752202 0.42118 0.31622 -0.930002 0.187352 0.400795 -0.384863 -0.306262 -0.87068 -0.504304 0.867113 0.203222 -0.454769 0.485867 
1530722318755 -0.0894308 -0.984811 -0.14883 -0.600326 0.746386 -0.165207 0.644682 -0.271339 -0.659477 -0.0534299 0.749823 0.421455 0.31622 -0.930002 0.187352 0.400795 -0.384863 -0.306262 -0.87068 -0.504304 0.867113 0.203222 -0.454769 0.485867 
1530722319100 -0.0861143 -0.985365 -0.147107 -0.60035 0.744399 -0.161773 0.647843 -0.271189 -0.662159 -0.0537178 0.747435 0.42173 0.31622 -0.930002 0.187352 0.400795 -0.384863 -0.306262 -0.87068 -0.504304 0.867113 0.203222 -0.454769 0.485867 
1530722319445 -0.0828028 -0.985906 -0.145371 -0.600374 0.74239 -0.158338 0.650988 -0.271039 -0.664831 -0.0540183 0.745038 0.422005 0.31622 -0.930002 0.187352 0.400795 -0.384863 -0.306262 -0.87068 -0.504304 0.867113 0.203222 -0.454769 0.485867 
1530722319799 -0.0794964 -0.986435 -0.14362 -0.600398 0.74036 -0.154902 0.65412 -0.270889 -0.667493 -0.0543305 0.742631 0.42228 0.31622 -0.930002 0.187352 0.400795 -0.384863 -0.306262 -0.87068 -0.504304 0.867113 0.203222 -0.454769 0.485867 
1530722319806 -0.0761952 -0.98695 -0.141857 -0.600423 0.738308 -0.151466 0.657236 -0.27074 -0.670145 -0.054656 0.740215 0.422555 0.31622 -0.930002 0.187352 0.400795 -0.384863 -0.306262 -0.87068 -0.504304 0.867113 0.203222 -0.454769 0.485867 
1530722320227 -0.0728993 -0.987453 -0.14008 -0.600447 0.736236 -0.148029 0.660337 -0.27059 -0.672787 -0.0549941 0.737789 0.42283 0.31622 -0.930002 0.187352 0.400795 -0.384863 -0.306262 -0.87068 -0.504304 0.867113 0.203222 -0.454769 0.485867 
1530722320585 -0.0696088 -0.987943 -0.13829 -0.600471 0.734141 -0.144591 0.663423 -0.27044 -0.675419 -0.0553441 0.735354 0.423105 0.31622 -0.930002 0.187352 0.400795 -0.384863 -0.306262 -0.87068 -0.504304 0.867113 0.203222 -0.454769 0.485867 
1530722321020 -0.0663238 -0.988419 -0.136485 -0.600496 0.732026 -0.141152 0.666494 -0.270291 -0.678041 -0.0557059 0.73291 0.423379 0.31622 -0.930002 0.187352 0.400795 -0.384863 -0.306262 -0.87068 -0.504304 0.867113 0.203222 -0.454769 0.485867 
1530722321357 -0.0630502 -0.988883 -0.134666 -0.600534 0.729896 -0.137716 0.669542 -0.270156 -0.680644 -0.0560773 0.730465 0.423628 0.31622 -0.930002 0.187352 0.400795 -0.384863 -0.306262 -0.87068 -0.504304 0.867113 0.203222 -0.454769 0.485867 
1530722321746 -0.063217 -0.988875 -0.134648 -0.600519 0.729943 -0.137821 0.669469 -0.27012 -0.680579 -0.0559632 0.730535 0.423682 0.31622 -0.930002 0.187352 0.400795 -0.384863 -0.306262 -0.87068 -0.504304 0.867113 0.203222 -0.454769 0.485867 
1530722321999 -0.0614839 -0.989066 -0.134048 -0.600544 0.72908 -0.136226 0.670734 -0.270024 -0.681661 -0.0564921 0.729484 0.423784 0.31622 -0.930002 0.187352 0.400795 -0.384863 -0.306262 -0.87068 -0.504304 0.867113 0.203222 -0.454769 0.485867 
1530722322306 -0.059751 -0.989254 -0.133444 -0.600568 0.728214 -0.134632 0.671996 -0.269927 -0.68274 -0.0570234 0.728433 0.423887 0.31622 -0.930002 0.187352 0.400795 -0.384863 -0.306262 -0.87068 -0.504304 0.867113 0.203222 -0.454769 0.485867 
1530722322569 -0.0580192 -0.989438 -0.132839 -0.600593 0.727343 -0.133039 0.673255 -0.269831 -0.683817 -0.0575575 0.72738 0.423989 0.31622 -0.930002 0.187352 0.400795 -0.384863 -0.306262 -0.87068 -0.504304 0.867113 0.203222 -0.454769 0.485867 
1530722322838 -0.0562878 -0.98962 -0.13223 -0.600617 0.726468 -0.131446 0.674512 -0.269734 -0.684891 -0.0580937 0.726326 0.424092 0.31622 -0.930002 0.187352 0.400795 -0.384863 -0.306262 -0.87068 -0.504304 0.867113 0.203222 -0.454769 0.485867 
1530722323121 -0.0545567 -0.989798 -0.131617 -0.600642 0.725588 -0.129853 0.675767 -0.269638 -0.685963 -0.058632 0.72527 0.424194 0.31622 -0.930002 0.187352 0.400795 -0.384863 -0.306262 -0.87068 -0.504304 0.867113 0.203222 -0.454769 0.485867 
1530722323388 -0.0528268 -0.989974 -0.131002 -0.600667 0.724704 -0.128261 0.677018 -0.269542 -0.687033 -0.059173 0.724213 0.424296 0.31622 -0.930002 0.187352 0.400795 -0.384863 -0.306262 -0.87068 -0.504304 0.867113 0.203222 -0.454769 0.485867 
1530722323646 -0.0510977 -0.990146 -0.130385 -0.600691 0.723815 -0.126669 0.678268 -0.269445 -0.6881 -0.0597165 0.723155 0.424399 0.31622 -0.930002 0.187352 0.400795 -0.384863 -0.306262 -0.87068 -0.504304 0.867113 0.203222 -0.454769 0.485867 
1530722323915 -0.0493695 -0.990315 -0.129764 -0.600716 0.722922 -0.125078 0.679514 -0.269349 -0.689163 -0.0602617 0.722096 0.424501 0.31622 -0.930002 0.187352 0.400795 -0.384863 -0.306262 -0.87068 -0.504304 0.867113 0.203222 -0.454769 0.485867 
1530722324185 -0.0476448 -0.990481 -0.129139 -0.600746 0.722027 -0.123488 0.680755 -0.269262 -0.690223 -0.0608071 0.721038 0.424592 0.31622 -0.930002 0.187352 0.400795 -0.384863 -0.306262 -0.87068 -0.504304 0.867113 0.203222 -0.454769 0.485867 
1530722324458 -0.0476291 -0.990472 -0.129216 -0.600713 0.722054 -0.123528 0.680719 -0.269274 -0.690195 -0.0608789 0.721058 0.42458 0.31622 -0.930002 0.187352 0.400795 -0.384863 -0.306262 -0.87068 -0.504304 0.867113 0.203222 -0.454769 0.485867 
1530722324471 -0.0479458 -0.990558 -0.12844 -0.600731 0.722485 -0.123184 0.680324 -0.269307 -0.689722 -0.0601769 0.721569 0.424507 0.31622 -0.930002 0.187352 0.400795 -0.384863 -0.306262 -0.87068 -0.504304 0.867113 0.203222 -0.454769 0.485867 
1530722324678 -0.0482622 -0.990643 -0.127663 -0.600749 0.722916 -0.122841 0.679928 -0.26934 -0.689248 -0.0594747 0.72208 0.424433 0.31622 -0.930002 0.187352 0.400795 -0.384863 -0.306262 -0.87068 -0.504304 0.867113 0.203222 -0.454769 0.485867 
1530722324933 -0.0485777 -0.990727 -0.126886 -0.600768 0.723346 -0.122498 0.679532 -0.269373 -0.688774 -0.0587726 0.72259 0.42436 0.31622 -0.930002 0.187352 0.400795 -0.384863 -0.306262 -0.87068 -0.504304 0.867113 0.203222 -0.454769 0.485867 
1530722325184 -0.0488927 -0.990811 -0.126109 -0.600786 0.723777 -0.122155 0.679136 -0.269406 -0.6883 -0.0580703 0.723098 0.424286 0.31622 -0.930002 0.187352 0.400795 -0.384863 -0.306262 -0.87068 -0.504304 0.867113 0.203222 -0.454769 0.485867 
1530722325427 -0.0492072 -0.990894 -0.125332 -0.600804 0.724207 -0.121813 0.678738 -0.269438 -0.687825 -0.0573677 0.723606 0.424213 0.31622 -0.930002 0.187352 0.400795 -0.384863 -0.306262 -0.87068 -0.504304 0.867113 0.203222 -0.454769 0.485867 
1530722325671 -0.0495211 -0.990976 -0.124555 -0.600822 0.724637 -0.121472 0.678341 -0.269471 -0.687349 -0.0566649 0.724113 0.424139 0.31622 -0.930002 0.187352 0.400795 -0.384863 -0.306262 -0.87068 -0.504304 0.867113 0.203222 -0.454769 0.485867 
1530722325914 -0.0498346 -0.991058 -0.123777 -0.60084 0.725067 -0.12113 0.677942 -0.269504 -0.686873 -0.0559617 0.72462 0.424066 0.31622 -0.930002 0.187352 0.400795 -0.384863 -0.306262 -0.87068 -0.504304 0.867113 0.203222 -0.454769 0.485867 
1530722326165 -0.0501475 -0.991139 -0.122999 -0.600858 0.725496 -0.12079 0.677544 -0.269537 -0.686397 -0.0552584 0.725125 0.423992 0.31622 -0.930002 0.187352 0.400795 -0.384863 -0.306262 -0.87068 -0.504304 0.867113 0.203222 -0.454769 0.485867 
1530722326394 -0.0504582 -0.991219 -0.122223 -0.600871 0.725924 -0.120449 0.677145 -0.269565 -0.685921 -0.0545573 0.725628 0.423927 0.31622 -0.930002 0.187352 0.400795 -0.384863 -0.306262 -0.87068 -0.504304 0.867113 0.203222 -0.454769 0.485867 
1530722326656 -0.0505832 -0.99122 -0.122163 -0.600888 0.725996 -0.120493 0.67706 -0.269517 -0.685836 -0.0544423 0.725717 0.423999 0.31622 -0.930002 0.187352 0.400795 -0.384863 -0.306262 -0.87068 -0.504304 0.867113 0.203222 -0.454769 0.485867 
1530722326670 -0.0503576 -0.99119 -0.1225 -0.600891 0.725818 -0.120574 0.677237 -0.269499 -0.686041 -0.0548084 0.725496 0.424012 0.31622 -0.930002 0.187352 0.400795 -0.384863 -0.306262 -0.87068 -0.504304 0.867113 0.203222 -0.454769 0.485867 
1530722326880 -0.0501313 -0.99116 -0.122835 -0.600893 0.72564 -0.120654 0.677413 -0.269481 -0.686246 -0.0551744 0.725274 0.424026 0.31622 -0.930002 0.187352 0.400795 -0.384863 -0.306262 -0.87068 -0.504304 0.867113 0.203222 -0.454769 0.485867 
1530722327100 -0.0499049 -0.99113 -0.12317 -0.600896 0.725462 -0.120734 0.67759 -0.269463 -0.68645 -0.0555403 0.725052 0.424039 0.31622 -0.930002 0.187352 0.400795 -0.384863 -0.306262 -0.87068 -0.504304 0.867113 0.203222 -0.454769 0.485867 
1530722327320 -0.0496777 -0.9911 -0.123506 -0.600898 0.725284 -0.120814 0.677767 -0.269444 -0.686656 -0.0559069 0.72483 0.424052 0.31622 -0.930002 0.187352 0.400795 -0.384863 -0.306262 -0.87068 -0.504304 0.867113 0.203222 -0.454769 0.485867 
1530722327327 -0.049451 -0.991069 -0.123841 -0.600901 0.725105 -0.120894 0.677943 -0.269426 -0.68686 -0.0562729 0.724608 0.424065 0.31622 -0.930002 0.187352 0.400795 -0.384863 -0.306262 -0.87068 -0.504304 0.867113 0.203222 -0.454769 0.485867 
1530722327545 -0.0492241 -0.991038 -0.124176 -0.600903 0.724927 -0.120974 0.67812 -0.269408 -0.687065 -0.0566389 0.724385 0.424079 0.31622 -0.930002 0.187352 0.400795 -0.384863 -0.306262 -0.87068 -0.504304 0.867113 0.203222 -0.454769 0.485867 
1530722327760 -0.0489972 -0.991008 -0.124511 -0.600906 0.724749 -0.121055 0.678296 -0.26939 -0.687269 -0.0570048 0.724163 0.424092 0.31622 -0.930002 0.187352 0.400795 -0.384863 -0.306262 -0.87068 -0.504304 0.867113 0.203222 -0.454769 0.485867 
1530722327964 -0.0487702 -0.990977 -0.124846 -0.600908 0.72457 -0.121135 0.678472 -0.269372 -0.687473 -0.0573707 0.72394 0.424105 0.31622 -0.930002 0.187352 0.400795 -0.384863 -0.306262 -0.87068 -0.504304 0.867113 0.203222 -0.454769 0.485867 
1530722327970 -0.0485441 -0.990946 -0.12518 -0.600912 0.724392 -0.121216 0.678648 -0.269355 -0.687677 -0.0577353 0.723718 0.424116 0.31622 -0.930002 0.187352 0.400795 -0.384863 -0.306262 -0.87068 -0.504304 0.867113 0.203222 -0.454769 0.485867 
1530722328194 -0.0487106 -0.990945 -0.12512 -0.600922 0.724402 -0.121293 0.678623 -0.269313 -0.687655 -0.0575808 0.723751 0.424107 0.31622 -0.930002 0.187352 0.400795 -0.384863 -0.306262 -0.87068 -0.504304 0.867113 0.203222 -0.454769 0.485867 
1530722328206 -0.048781 -0.990974 -0.124865 -0.600925 0.724684 -0.121147 0.678348 -0.269324 -0.687353 -0.0573974 0.724053 0.42406 0.31622 -0.930002 0.187352 0.400795 -0.384863 -0.306262 -0.87068 -0.504304 0.867113 0.203222 -0.454769 0.485867 
1530722328414 -0.0488503 -0.991002 -0.124614 -0.600929 0.724966 -0.121001 0.678073 -0.269334 -0.68705 -0.0572166 0.724354 0.424015 0.31622 -0.930002 0.187352 0.400795 -0.384863 -0.306262 -0.87068 -0.504304 0.867113 0.203222 -0.454769 0.485867 
1530722328662 -0.0489196 -0.99103 -0.124361 -0.600932 0.725249 -0.120855 0.677797 -0.269345 -0.686747 -0.0570353 0.724655 0.423969 0.31622 -0.930002 0.187352 0.400795 -0.384863 -0.306262 -0.87068 -0.504304 0.867113 0.203222 -0.454769 0.485867 
1530722328863 -0.0489887 -0.991059 -0.124109 -0.600935 0.72553 -0.120709 0.677521 -0.269356 -0.686444 -0.0568543 0.724957 0.423923 0.31622 -0.930002 0.187352 0.400795 -0.384863 -0.306262 -0.87068 -0.504304 0.867113 0.203222 -0.454769 0.485867 
1530722329077 -0.0490576 -0.991087 -0.123857 -0.600938 0.725812 -0.120563 0.677245 -0.269366 -0.686141 -0.0566732 0.725257 0.423877 0.31622 -0.930002 0.187352 0.400795 -0.384863 -0.306262 -0.87068 -0.504304 0.867113 0.203222 -0.454769 0.485867 
1530722329292 -0.0491265 -0.991115 -0.123605 -0.600942 0.726094 -0.120417 0.676969 -0.269377 -0.685838 -0.056492 0.725558 0.423831 0.31622 -0.930002 0.187352 0.400795 -0.384863 -0.306262 -0.87068 -0.504304 0.867113 0.203222 -0.454769 0.485867 
1530722329299 -0.0491953 -0.991143 -0.123353 -0.600945 0.726376 -0.120272 0.676693 -0.269388 -0.685535 -0.0563108 0.725859 0.423785 0.31622 -0.930002 0.187352 0.400795 -0.384863 -0.306262 -0.87068 -0.504304 0.867113 0.203222 -0.454769 0.485867 
1530722329556 -0.0492639 -0.991171 -0.123101 -0.600948 0.726657 -0.120126 0.676416 -0.269398 -0.685232 -0.0561295 0.726159 0.42374 0.31622 -0.930002 0.187352 0.400795 -0.384863 -0.306262 -0.87068 -0.504304 0.867113 0.203222 -0.454769 0.485867 
1530722329827 -0.0493319 -0.991198 -0.12285 -0.600949 0.726938 -0.119981 0.676141 -0.269408 -0.684929 -0.0559488 0.726458 0.423698 0.31622 -0.930002 0.187352 0.400795 -0.384863 -0.306262 -0.87068 -0.504304 0.867113 0.203222 -0.454769 0.485867 
1530722330071 -0.0493693 -0.991199 -0.122826 -0.600949 0.727009 -0.119986 0.676063 -0.269379 -0.684851 -0.055919 0.726535 0.42376 0.31622 -0.930002 0.187352 0.400795 -0.384863 -0.306262 -0.87068 -0.504304 0.867113 0.203222 -0.454769 0.485867 
1530722330085 -0.049683 -0.99126 -0.12221 -0.600945 0.72693 -0.119799 0.676181 -0.269418 -0.684912 -0.0552434 0.726529 0.423739 0.31622 -0.930002 0.187352 0.400795 -0.384863 -0.306262 -0.87068 -0.504304 0.867113 0.203222 -0.454769 0.485867 
1530722330385 -0.0499965 -0.99132 -0.121594 -0.600942 0.726852 -0.119612 0.676298 -0.269456 -0.684972 -0.0545679 0.726523 0.423719 0.31622 -0.930002 0.187352 0.400795 -0.384863 -0.306262 -0.87068 -0.504304 0.867113 0.203222 -0.454769 0.485867 
1530722330632 -0.0503101 -0.99138 -0.120977 -0.600938 0.726774 -0.119424 0.676415 -0.269495 -0.685032 -0.0538925 0.726517 0.423698 0.31622 -0.930002 0.187352 0.400795 -0.384863 -0.306262 -0.87068 -0.504304 0.867113 0.203222 -0.454769 0.485867 
1530722330888 -0.0506248 -0.991439 -0.12036 -0.600935 0.726696 -0.119237 0.676532 -0.269534 -0.685092 -0.053216 0.726511 0.423677 0.31622 -0.930002 0.187352 0.400795 -0.384863 -0.306262 -0.87068 -0.504304 0.867113 0.203222 -0.454769 0.485867 
