1530646726637 -0.208236 -0.881646 -0.423483 -0.503854 0.913663 -0.329874 0.237494 -0.300077 -0.349082 -0.337466 0.874219 0.388587 0.16008 -0.775623 -0.61056 0.370831 -0.304787 0.549475 -0.777934 -0.528794 0.938871 0.310623 -0.14844 0.432481 
1530646726657 -0.157062 -0.915025 -0.371566 -0.514085 0.914279 -0.27697 0.295602 -0.29205 -0.373396 -0.293288 0.88009 0.394419 0.316305 -0.930106 0.186693 0.400738 -0.38429 -0.305553 -0.871182 -0.506322 0.867336 0.203815 -0.454078 0.485854 
1530646727779 -0.106953 -0.942875 -0.315512 -0.524314 0.91045 -0.220397 0.350008 -0.284011 -0.399552 -0.249824 0.882013 0.400228 0.316242 -0.929997 0.187342 0.400828 -0.384853 -0.306262 -0.870685 -0.504438 0.86711 0.203248 -0.454765 0.485876 
1530646728897 -0.0582883 -0.964984 -0.25575 -0.534543 0.9022 -0.160589 0.400307 -0.275972 -0.42736 -0.207404 0.87997 0.406036 0.316223 -0.930001 0.187352 0.40079 -0.384857 -0.306263 -0.870683 -0.50432 0.867115 0.203227 -0.454765 0.485866 
1530646729999 -0.0114372 -0.981185 -0.192733 -0.544772 0.889592 -0.0980002 0.446118 -0.267933 -0.456612 -0.166352 0.873975 0.411845 0.316222 -0.930002 0.187352 0.40079 -0.384859 -0.306263 -0.870682 -0.504311 0.867114 0.203224 -0.454766 0.485866 
1530646731154 0.0332448 -0.991353 -0.126941 -0.555001 0.872722 -0.0331048 0.487094 -0.259894 -0.487084 -0.126977 0.864075 0.417654 0.316221 -0.930002 0.187352 0.400793 -0.384861 -0.306262 -0.870681 -0.504309 0.867114 0.203224 -0.454768 0.485867 
1530646732272 0.0754185 -0.995413 -0.0588714 -0.56523 0.851717 0.0336042 0.522923 -0.251855 -0.518546 -0.0895798 0.850344 0.423464 0.316221 -0.930002 0.187351 0.400795 -0.384862 -0.306262 -0.870681 -0.504309 0.867113 0.203223 -0.454769 0.485868 
1530646733369 0.114764 -0.993332 0.0109576 -0.575459 0.826738 0.10162 0.553334 -0.243816 -0.550758 -0.0544435 0.832888 0.429273 0.316221 -0.930002 0.187351 0.400796 -0.384862 -0.306262 -0.870681 -0.50431 0.867113 0.203223 -0.454769 0.485869 
1530646734428 0.150981 -0.985128 0.0820165 -0.585681 0.797974 0.170426 0.578093 -0.23578 -0.583474 -0.0218337 0.811838 0.435075 0.316222 -0.930002 0.18735 0.400802 -0.384863 -0.306262 -0.87068 -0.504318 0.867112 0.203225 -0.45477 0.485871 
1530646735476 0.183755 -0.970883 0.153686 -0.595629 0.765758 0.239419 0.596904 -0.2279 -0.616319 0.00800242 0.787456 0.440528 0.31624 -0.930001 0.187325 0.40085 -0.384881 -0.306252 -0.870676 -0.504412 0.867098 0.203245 -0.454788 0.485926 
1530646736691 0.183662 -0.970905 0.153661 -0.595669 0.765723 0.23933 0.596983 -0.227841 -0.61639 0.00801884 0.787401 0.440476 0.31624 -0.930001 0.187325 0.40085 -0.384881 -0.306252 -0.870676 -0.504412 0.867098 0.203245 -0.454788 0.485926 
1530646736858 0.18676 -0.969146 0.160864 -0.596716 0.762296 0.24625 0.598553 -0.227025 -0.619698 0.0108401 0.784766 0.441097 0.316221 -0.930002 0.187351 0.4008 -0.384863 -0.306262 -0.87068 -0.504313 0.867113 0.203223 -0.45477 0.485869 
1530646736865 0.189822 -0.967327 0.168068 -0.597763 0.758836 0.253167 0.600063 -0.22621 -0.623006 0.0136309 0.782098 0.441718 0.316221 -0.930002 0.187351 0.400795 -0.384863 -0.306262 -0.87068 -0.504305 0.867113 0.203223 -0.45477 0.485867 
1530646737395 0.192847 -0.965448 0.175272 -0.59881 0.755342 0.26008 0.601512 -0.225394 -0.626313 0.0163911 0.779399 0.442338 0.316221 -0.930002 0.187351 0.400795 -0.384863 -0.306262 -0.87068 -0.504304 0.867113 0.203222 -0.45477 0.485867 
1530646737813 0.195834 -0.96351 0.182477 -0.599857 0.751816 0.266989 0.6029 -0.224578 -0.62962 0.0191208 0.776668 0.442959 0.31622 -0.930002 0.187351 0.400795 -0.384863 -0.306262 -0.87068 -0.504304 0.867113 0.203222 -0.454769 0.485867 
1530646738213 0.198784 -0.961513 0.189681 -0.600904 0.748258 0.273893 0.604229 -0.223763 -0.632926 0.0218193 0.773905 0.44358 0.31622 -0.930002 0.187352 0.400795 -0.384863 -0.306262 -0.87068 -0.504304 0.867113 0.203222 -0.454769 0.485867 
1530646738697 0.201695 -0.959456 0.196882 -0.601951 0.744668 0.280792 0.605497 -0.222947 -0.636231 0.0244861 0.77111 0.4442 0.31622 -0.930002 0.187352 0.400795 -0.384863 -0.306262 -0.87068 -0.504304 0.867113 0.203222 -0.454769 0.485867 
1530646739115 0.204569 -0.957341 0.204083 -0.602997 0.741045 0.287685 0.606704 -0.222131 -0.639534 0.0271217 0.768284 0.444821 0.31622 -0.930002 0.187352 0.400795 -0.384863 -0.306262 -0.87068 -0.504304 0.867113 0.203222 -0.454769 0.485867 
1530646739549 0.207405 -0.955167 0.211281 -0.604044 0.737392 0.294572 0.607849 -0.221316 -0.642834 0.0297268 0.765428 0.445441 0.31622 -0.930002 0.187352 0.400795 -0.384863 -0.306262 -0.87068 -0.504304 0.867113 0.203222 -0.454769 0.485867 
1530646739970 0.2102 -0.952936 0.218469 -0.605069 0.733718 0.301445 0.608924 -0.220518 -0.646122 0.032299 0.76255 0.446025 0.31622 -0.930002 0.187352 0.400795 -0.384863 -0.306262 -0.87068 -0.504304 0.867113 0.203222 -0.454769 0.485867 
1530646740388 0.210198 -0.95296 0.218365 -0.605064 0.733797 0.301374 0.608864 -0.220565 -0.646033 0.0322538 0.762627 0.446066 0.31622 -0.930002 0.187352 0.400795 -0.384863 -0.306262 -0.87068 -0.504304 0.867113 0.203222 -0.454769 0.485867 
1530646740400 0.210476 -0.952731 0.219096 -0.605171 0.733418 0.30207 0.608976 -0.220477 -0.646373 0.0325145 0.762328 0.446128 0.31622 -0.930002 0.187352 0.400795 -0.384863 -0.306262 -0.87068 -0.504304 0.867113 0.203222 -0.454769 0.485867 
1530646740612 0.210753 -0.952502 0.219827 -0.605278 0.733039 0.302764 0.609088 -0.220389 -0.646713 0.0327744 0.762029 0.446189 0.31622 -0.930002 0.187352 0.400795 -0.384863 -0.306262 -0.87068 -0.504304 0.867113 0.203222 -0.454769 0.485867 
1530646740802 0.21103 -0.952271 0.220557 -0.605386 0.732658 0.30346 0.609199 -0.220301 -0.647053 0.0330331 0.761729 0.446251 0.31622 -0.930002 0.187352 0.400795 -0.384863 -0.306262 -0.87068 -0.504304 0.867113 0.203222 -0.454769 0.485867 
1530646740808 0.211307 -0.952041 0.221287 -0.605493 0.732278 0.304155 0.60931 -0.220213 -0.647393 0.033292 0.761429 0.446313 0.31622 -0.930002 0.187352 0.400795 -0.384863 -0.306262 -0.87068 -0.504304 0.867113 0.203222 -0.454769 0.485867 
1530646741034 0.211583 -0.951809 0.222017 -0.605601 0.731898 0.30485 0.60942 -0.220124 -0.647733 0.0335507 0.761128 0.446375 0.31622 -0.930002 0.187352 0.400795 -0.384863 -0.306262 -0.87068 -0.504304 0.867113 0.203222 -0.454769 0.485867 
1530646741217 0.211859 -0.951577 0.222747 -0.605708 0.731517 0.305544 0.609529 -0.220036 -0.648073 0.0338089 0.760827 0.446436 0.31622 -0.930002 0.187352 0.400795 -0.384863 -0.306262 -0.87068 -0.504304 0.867113 0.203222 -0.454769 0.485867 
1530646741398 0.212134 -0.951345 0.223477 -0.605816 0.731136 0.306239 0.609638 -0.219948 -0.648413 0.0340668 0.760526 0.446498 0.31622 -0.930002 0.187352 0.400795 -0.384863 -0.306262 -0.87068 -0.504304 0.867113 0.203222 -0.454769 0.485867 
1530646741597 0.212409 -0.951112 0.224207 -0.605923 0.730754 0.306933 0.609746 -0.21986 -0.648753 0.0343245 0.760225 0.44656 0.31622 -0.930002 0.187352 0.400795 -0.384863 -0.306262 -0.87068 -0.504304 0.867113 0.203222 -0.454769 0.485867 
1530646741839 0.212684 -0.950878 0.224936 -0.606028 0.730373 0.307627 0.609852 -0.219774 -0.649092 0.0345816 0.759924 0.446618 0.31622 -0.930002 0.187352 0.400795 -0.384863 -0.306262 -0.87068 -0.504304 0.867113 0.203222 -0.454769 0.485867 
1530646742118 0.212557 -0.95093 0.224839 -0.606062 0.730492 0.307464 0.609793 -0.219726 -0.649 0.0346272 0.76 0.446641 0.31622 -0.930002 0.187352 0.400795 -0.384863 -0.306262 -0.87068 -0.504304 0.867113 0.203222 -0.454769 0.485867 
1530646742353 0.210385 -0.951892 0.222799 -0.606064 0.731009 0.304496 0.610662 -0.220181 -0.649126 0.0343942 0.759903 0.446773 0.31622 -0.930002 0.187352 0.400795 -0.384863 -0.306262 -0.87068 -0.504304 0.867113 0.203222 -0.454769 0.485867 
1530646742678 0.20821 -0.952846 0.220756 -0.606065 0.731518 0.301526 0.611525 -0.220636 -0.649253 0.0341613 0.759805 0.446905 0.31622 -0.930002 0.187352 0.400795 -0.384863 -0.306262 -0.87068 -0.504304 0.867113 0.203222 -0.454769 0.485867 
1530646742979 0.206034 -0.95379 0.21871 -0.606067 0.732021 0.298552 0.612383 -0.22109 -0.649381 0.0339287 0.759706 0.447037 0.31622 -0.930002 0.187352 0.400795 -0.384863 -0.306262 -0.87068 -0.504304 0.867113 0.203222 -0.454769 0.485867 
1530646743285 0.203857 -0.954725 0.216662 -0.606068 0.732516 0.295575 0.613234 -0.221545 -0.649509 0.0336967 0.759607 0.447169 0.31622 -0.930002 0.187352 0.400795 -0.384863 -0.306262 -0.87068 -0.504304 0.867113 0.203222 -0.454769 0.485867 
1530646743613 0.201678 -0.955651 0.214611 -0.60607 0.733005 0.292595 0.614078 -0.222 -0.649638 0.0334652 0.759507 0.447301 0.31622 -0.930002 0.187352 0.400795 -0.384863 -0.306262 -0.87068 -0.504304 0.867113 0.203222 -0.454769 0.485867 
1530646743938 0.199497 -0.956567 0.212557 -0.606072 0.733487 0.289612 0.614916 -0.222455 -0.649768 0.0332341 0.759406 0.447433 0.31622 -0.930002 0.187352 0.400795 -0.384863 -0.306262 -0.87068 -0.504304 0.867113 0.203222 -0.454769 0.485867 
1530646744258 0.197315 -0.957474 0.210501 -0.606073 0.733962 0.286627 0.615748 -0.222909 -0.649897 0.0330036 0.759305 0.447565 0.31622 -0.930002 0.187352 0.400795 -0.384863 -0.306262 -0.87068 -0.504304 0.867113 0.203222 -0.454769 0.485867 
1530646744581 0.195132 -0.958371 0.208442 -0.606074 0.73443 0.283638 0.616573 -0.223364 -0.650028 0.0327733 0.759203 0.447697 0.31622 -0.930002 0.187352 0.400795 -0.384863 -0.306262 -0.87068 -0.504304 0.867113 0.203222 -0.454769 0.485867 
1530646744914 0.192951 -0.959258 0.206381 -0.606071 0.734891 0.28065 0.617391 -0.2238 -0.650158 0.0325417 0.759102 0.447826 0.31622 -0.930002 0.187352 0.400795 -0.384863 -0.306262 -0.87068 -0.504304 0.867113 0.203222 -0.454769 0.485867 
1530646745272 0.193074 -0.959233 0.206386 -0.60606 0.734924 0.280744 0.617309 -0.223809 -0.650084 0.0324915 0.759167 0.447849 0.31622 -0.930002 0.187352 0.400795 -0.384863 -0.306262 -0.87068 -0.504304 0.867113 0.203222 -0.454769 0.485867 
1530646745307 0.192071 -0.959693 0.205177 -0.606063 0.735276 0.279194 0.617592 -0.224032 -0.649983 0.0322403 0.759265 0.447876 0.31622 -0.930002 0.187352 0.400795 -0.384863 -0.306262 -0.87068 -0.504304 0.867113 0.203222 -0.454769 0.485867 
1530646745558 0.191066 -0.960152 0.203967 -0.606067 0.735628 0.277643 0.617873 -0.224256 -0.649882 0.0319895 0.759362 0.447903 0.31622 -0.930002 0.187352 0.400795 -0.384863 -0.306262 -0.87068 -0.504304 0.867113 0.203222 -0.454769 0.485867 
1530646745828 0.19006 -0.960608 0.202756 -0.60607 0.735977 0.27609 0.618152 -0.224479 -0.64978 0.0317377 0.759459 0.44793 0.31622 -0.930002 0.187352 0.400795 -0.384863 -0.306262 -0.87068 -0.504304 0.867113 0.203222 -0.454769 0.485867 
1530646746082 0.189055 -0.961061 0.201545 -0.606074 0.736325 0.274537 0.618429 -0.224703 -0.64968 0.0314857 0.759556 0.447957 0.31622 -0.930002 0.187352 0.400795 -0.384863 -0.306262 -0.87068 -0.504304 0.867113 0.203222 -0.454769 0.485867 
1530646746334 0.188048 -0.961512 0.200333 -0.606077 0.736671 0.272984 0.618705 -0.224926 -0.649579 0.0312335 0.759652 0.447983 0.31622 -0.930002 0.187352 0.400795 -0.384863 -0.306262 -0.87068 -0.504304 0.867113 0.203222 -0.454769 0.485867 
1530646746620 0.187041 -0.96196 0.199121 -0.60608 0.737016 0.271429 0.618978 -0.225149 -0.649479 0.0309812 0.759748 0.44801 0.31622 -0.930002 0.187352 0.400795 -0.384863 -0.306262 -0.87068 -0.504304 0.867113 0.203222 -0.454769 0.485867 
1530646746839 0.186033 -0.962405 0.197908 -0.606084 0.737359 0.269873 0.619249 -0.225373 -0.649379 0.0307282 0.759844 0.448037 0.31622 -0.930002 0.187352 0.400795 -0.384863 -0.306262 -0.87068 -0.504304 0.867113 0.203222 -0.454769 0.485867 
1530646746845 0.185025 -0.962848 0.196695 -0.606087 0.7377 0.268318 0.619519 -0.225596 -0.649279 0.0304751 0.759939 0.448064 0.31622 -0.930002 0.187352 0.400795 -0.384863 -0.306262 -0.87068 -0.504304 0.867113 0.203222 -0.454769 0.485867 
1530646747143 0.184018 -0.963288 0.195481 -0.606087 0.73804 0.266763 0.619787 -0.22581 -0.64918 0.0302212 0.760034 0.448092 0.31622 -0.930002 0.187352 0.400795 -0.384863 -0.306262 -0.87068 -0.504304 0.867113 0.203222 -0.454769 0.485867 
1530646747399 0.183906 -0.963301 0.195527 -0.6061 0.738149 0.266702 0.619682 -0.225766 -0.649087 0.0303647 0.760108 0.448135 0.31622 -0.930002 0.187352 0.400795 -0.384863 -0.306262 -0.87068 -0.504304 0.867113 0.203222 -0.454769 0.485867 
1530646747413 0.183521 -0.963437 0.195215 -0.606087 0.738221 0.266208 0.619809 -0.225858 -0.649115 0.0303631 0.760084 0.448151 0.31622 -0.930002 0.187352 0.400795 -0.384863 -0.306262 -0.87068 -0.504304 0.867113 0.203222 -0.454769 0.485867 
1530646747593 0.183137 -0.963573 0.194903 -0.606074 0.738292 0.265715 0.619936 -0.22595 -0.649143 0.0303625 0.76006 0.448167 0.31622 -0.930002 0.187352 0.400795 -0.384863 -0.306262 -0.87068 -0.504304 0.867113 0.203222 -0.454769 0.485867 
1530646747910 0.182752 -0.963709 0.194592 -0.606061 0.738363 0.265221 0.620063 -0.226043 -0.649171 0.030362 0.760037 0.448182 0.31622 -0.930002 0.187352 0.400795 -0.384863 -0.306262 -0.87068 -0.504304 0.867113 0.203222 -0.454769 0.485867 
1530646747916 0.182365 -0.963845 0.194281 -0.606048 0.738433 0.264727 0.62019 -0.226135 -0.649199 0.0303622 0.760013 0.448198 0.31622 -0.930002 0.187352 0.400795 -0.384863 -0.306262 -0.87068 -0.504304 0.867113 0.203222 -0.454769 0.485867 
1530646748135 0.18198 -0.963981 0.193969 -0.606035 0.738504 0.264233 0.620317 -0.226227 -0.649227 0.0303619 0.759989 0.448214 0.31622 -0.930002 0.187352 0.400795 -0.384863 -0.306262 -0.87068 -0.504304 0.867113 0.203222 -0.454769 0.485867 
1530646748449 0.181595 -0.964116 0.193658 -0.606021 0.738574 0.263739 0.620444 -0.226319 -0.649255 0.0303615 0.759965 0.44823 0.31622 -0.930002 0.187352 0.400795 -0.384863 -0.306262 -0.87068 -0.504304 0.867113 0.203222 -0.454769 0.485867 
1530646748455 0.181209 -0.964251 0.193347 -0.606008 0.738644 0.263245 0.62057 -0.226411 -0.649283 0.0303612 0.759941 0.448246 0.31622 -0.930002 0.187352 0.400795 -0.384863 -0.306262 -0.87068 -0.504304 0.867113 0.203222 -0.454769 0.485867 
1530646748672 0.180824 -0.964386 0.193035 -0.605995 0.738714 0.262751 0.620696 -0.226503 -0.649311 0.0303609 0.759917 0.448261 0.31622 -0.930002 0.187352 0.400795 -0.384863 -0.306262 -0.87068 -0.504304 0.867113 0.203222 -0.454769 0.485867 
1530646748927 0.180439 -0.96452 0.192723 -0.605981 0.738783 0.262257 0.620822 -0.226592 -0.649339 0.0303602 0.759893 0.448277 0.31622 -0.930002 0.187352 0.400795 -0.384863 -0.306262 -0.87068 -0.504304 0.867113 0.203222 -0.454769 0.485867 
1530646749113 0.180412 -0.964499 0.192857 -0.606007 0.738755 0.262324 0.620827 -0.226539 -0.649378 0.0304697 0.759855 0.448254 0.31622 -0.930002 0.187352 0.400795 -0.384863 -0.306262 -0.87068 -0.504304 0.867113 0.203222 -0.454769 0.485867 
1530646749126 0.180284 -0.964536 0.192792 -0.606007 0.738884 0.26218 0.620735 -0.226558 -0.649267 0.0305422 0.759947 0.448243 0.31622 -0.930002 0.187352 0.400795 -0.384863 -0.306262 -0.87068 -0.504304 0.867113 0.203222 -0.454769 0.485867 
1530646749290 0.180157 -0.964572 0.192727 -0.606007 0.739012 0.262036 0.620643 -0.226577 -0.649156 0.0306145 0.760039 0.448231 0.31622 -0.930002 0.187352 0.400795 -0.384863 -0.306262 -0.87068 -0.504304 0.867113 0.203222 -0.454769 0.485867 
1530646749628 0.180029 -0.964609 0.192662 -0.606007 0.739141 0.261892 0.620551 -0.226596 -0.649046 0.0306867 0.76013 0.44822 0.31622 -0.930002 0.187352 0.400795 -0.384863 -0.306262 -0.87068 -0.504304 0.867113 0.203222 -0.454769 0.485867 
1530646749864 0.179902 -0.964646 0.192596 -0.606007 0.739269 0.261748 0.620459 -0.226614 -0.648935 0.0307589 0.760222 0.448209 0.31622 -0.930002 0.187352 0.400795 -0.384863 -0.306262 -0.87068 -0.504304 0.867113 0.203222 -0.454769 0.485867 
1530646750152 0.179774 -0.964683 0.192531 -0.606006 0.739397 0.261604 0.620367 -0.226633 -0.648825 0.030831 0.760313 0.448198 0.31622 -0.930002 0.187352 0.400795 -0.384863 -0.306262 -0.87068 -0.504304 0.867113 0.203222 -0.454769 0.485867 
1530646750384 0.179647 -0.96472 0.192466 -0.606006 0.739525 0.26146 0.620276 -0.226652 -0.648714 0.0309032 0.760404 0.448186 0.31622 -0.930002 0.187352 0.400795 -0.384863 -0.306262 -0.87068 -0.504304 0.867113 0.203222 -0.454769 0.485867 
1530646750541 0.179519 -0.964756 0.192401 -0.606006 0.739653 0.261316 0.620184 -0.226671 -0.648604 0.0309753 0.760496 0.448175 0.31622 -0.930002 0.187352 0.400795 -0.384863 -0.306262 -0.87068 -0.504304 0.867113 0.203222 -0.454769 0.485867 
1530646750695 0.179391 -0.964793 0.192336 -0.606006 0.739781 0.261171 0.620091 -0.22669 -0.648492 0.0310481 0.760588 0.448164 0.31622 -0.930002 0.187352 0.400795 -0.384863 -0.306262 -0.87068 -0.504304 0.867113 0.203222 -0.454769 0.485867 
1530646750841 0.179264 -0.96483 0.192271 -0.606005 0.739909 0.261027 0.619999 -0.226707 -0.648382 0.03112 0.760679 0.448154 0.31622 -0.930002 0.187352 0.400795 -0.384863 -0.306262 -0.87068 -0.504304 0.867113 0.203222 -0.454769 0.485867 
1530646750992 0.179241 -0.964833 0.192276 -0.606018 0.739896 0.261014 0.620021 -0.226666 -0.648403 0.0311312 0.76066 0.448186 0.31622 -0.930002 0.187352 0.400795 -0.384863 -0.306262 -0.87068 -0.504304 0.867113 0.203222 -0.454769 0.485867 
1530646751005 0.179225 -0.964833 0.192292 -0.606015 0.739878 0.261013 0.620042 -0.226676 -0.648428 0.0311458 0.760639 0.448192 0.31622 -0.930002 0.187352 0.400795 -0.384863 -0.306262 -0.87068 -0.504304 0.867113 0.203222 -0.454769 0.485867 
1530646751025 0.179208 -0.964833 0.192308 -0.606012 0.739859 0.261012 0.620065 -0.226685 -0.648454 0.0311603 0.760616 0.448198 0.31622 -0.930002 0.187352 0.400795 -0.384863 -0.306262 -0.87068 -0.504304 0.867113 0.203222 -0.454769 0.485867 
1530646751305 0.179192 -0.964832 0.192325 -0.606009 0.739841 0.261011 0.620088 -0.226695 -0.64848 0.0311744 0.760593 0.448204 0.31622 -0.930002 0.187352 0.400795 -0.384863 -0.306262 -0.87068 -0.504304 0.867113 0.203222 -0.454769 0.485867 
1530646751448 0.179177 -0.964832 0.192341 -0.606007 0.739822 0.261011 0.620111 -0.226704 -0.648505 0.0311885 0.760571 0.448211 0.31622 -0.930002 0.187352 0.400795 -0.384863 -0.306262 -0.87068 -0.504304 0.867113 0.203222 -0.454769 0.485867 
1530646751619 0.179161 -0.964832 0.192357 -0.606004 0.739803 0.26101 0.620133 -0.226714 -0.648531 0.0312027 0.760548 0.448217 0.31622 -0.930002 0.187352 0.400795 -0.384863 -0.306262 -0.87068 -0.504304 0.867113 0.203222 -0.454769 0.485867 
1530646751626 0.179145 -0.964831 0.192373 -0.606001 0.739785 0.261009 0.620156 -0.226724 -0.648557 0.0312168 0.760526 0.448223 0.31622 -0.930002 0.187352 0.400795 -0.384863 -0.306262 -0.87068 -0.504304 0.867113 0.203222 -0.454769 0.485867 
1530646751832 0.179129 -0.964831 0.192389 -0.605998 0.739766 0.261008 0.620178 -0.226733 -0.648582 0.0312309 0.760503 0.448229 0.31622 -0.930002 0.187352 0.400795 -0.384863 -0.306262 -0.87068 -0.504304 0.867113 0.203222 -0.454769 0.485867 
1530646751995 0.179113 -0.964831 0.192405 -0.605995 0.739747 0.261008 0.620201 -0.226743 -0.648608 0.031245 0.760481 0.448236 0.31622 -0.930002 0.187352 0.400795 -0.384863 -0.306262 -0.87068 -0.504304 0.867113 0.203222 -0.454769 0.485867 
1530646752145 0.179098 -0.964831 0.192421 -0.605992 0.739729 0.261007 0.620223 -0.226752 -0.648634 0.031259 0.760459 0.448241 0.31622 -0.930002 0.187352 0.400795 -0.384863 -0.306262 -0.87068 -0.504304 0.867113 0.203222 -0.454769 0.485867 
1530646752301 0.179029 -0.96483 0.192488 -0.606014 0.739793 0.260995 0.620151 -0.226726 -0.648579 0.0313761 0.7605 0.448231 0.31622 -0.930002 0.187352 0.400795 -0.384863 -0.306262 -0.87068 -0.504304 0.867113 0.203222 -0.454769 0.485867 
1530646752314 0.179038 -0.964835 0.192452 -0.606012 0.739826 0.260978 0.62012 -0.226731 -0.648539 0.0313558 0.760535 0.448227 0.31622 -0.930002 0.187352 0.400795 -0.384863 -0.306262 -0.87068 -0.504304 0.867113 0.203222 -0.454769 0.485867 
1530646752332 0.179049 -0.964841 0.192416 -0.606009 0.739859 0.260961 0.620088 -0.226737 -0.648499 0.0313345 0.760571 0.448223 0.31622 -0.930002 0.187352 0.400795 -0.384863 -0.306262 -0.87068 -0.504304 0.867113 0.203222 -0.454769 0.485867 
1530646752526 0.179059 -0.964846 0.19238 -0.606007 0.739891 0.260944 0.620056 -0.226742 -0.648459 0.0313131 0.760606 0.448219 0.31622 -0.930002 0.187352 0.400795 -0.384863 -0.306262 -0.87068 -0.504304 0.867113 0.203222 -0.454769 0.485867 
1530646752666 0.17907 -0.964851 0.192343 -0.606005 0.739924 0.260927 0.620024 -0.226747 -0.648418 0.0312918 0.760641 0.448215 0.31622 -0.930002 0.187352 0.400795 -0.384863 -0.306262 -0.87068 -0.504304 0.867113 0.203222 -0.454769 0.485867 
1530646752692 0.17908 -0.964857 0.192307 -0.606002 0.739957 0.26091 0.619992 -0.226753 -0.648378 0.0312704 0.760676 0.44821 0.31622 -0.930002 0.187352 0.400795 -0.384863 -0.306262 -0.87068 -0.504304 0.867113 0.203222 -0.454769 0.485867 
1530646752955 0.179091 -0.964862 0.192271 -0.606 0.739989 0.260892 0.61996 -0.226758 -0.648338 0.031249 0.760711 0.448206 0.31622 -0.930002 0.187352 0.400795 -0.384863 -0.306262 -0.87068 -0.504304 0.867113 0.203222 -0.454769 0.485867 
1530646753133 0.179101 -0.964867 0.192234 -0.605998 0.740022 0.260875 0.619929 -0.226764 -0.648298 0.0312277 0.760746 0.448202 0.31622 -0.930002 0.187352 0.400795 -0.384863 -0.306262 -0.87068 -0.504304 0.867113 0.203222 -0.454769 0.485867 
1530646753281 0.179111 -0.964873 0.192198 -0.605996 0.740055 0.260858 0.619897 -0.226769 -0.648258 0.0312063 0.760781 0.448197 0.31622 -0.930002 0.187352 0.400795 -0.384863 -0.306262 -0.87068 -0.504304 0.867113 0.203222 -0.454769 0.485867 
1530646753359 0.179122 -0.964878 0.192162 -0.605993 0.740087 0.260841 0.619865 -0.226774 -0.648218 0.031185 0.760816 0.448194 0.31622 -0.930002 0.187352 0.400795 -0.384863 -0.306262 -0.87068 -0.504304 0.867113 0.203222 -0.454769 0.485867 
1530646753514 0.179167 -0.964864 0.192189 -0.60599 0.740086 0.260893 0.619844 -0.226779 -0.648206 0.0311804 0.760826 0.448224 0.31622 -0.930002 0.187352 0.400795 -0.384863 -0.306262 -0.87068 -0.504304 0.867113 0.203222 -0.454769 0.485867 
1530646753524 0.179142 -0.964879 0.192138 -0.605991 0.7401 0.260841 0.61985 -0.226783 -0.648197 0.0311597 0.760835 0.448223 0.31622 -0.930002 0.187352 0.400795 -0.384863 -0.306262 -0.87068 -0.504304 0.867113 0.203222 -0.454769 0.485867 
1530646753546 0.179118 -0.964894 0.192087 -0.605993 0.740114 0.260789 0.619855 -0.226787 -0.648188 0.0311393 0.760843 0.448221 0.31622 -0.930002 0.187352 0.400795 -0.384863 -0.306262 -0.87068 -0.504304 0.867113 0.203222 -0.454769 0.485867 
1530646753565 0.179092 -0.964908 0.192035 -0.605994 0.740129 0.260736 0.61986 -0.226791 -0.648179 0.031119 0.760852 0.44822 0.31622 -0.930002 0.187352 0.400795 -0.384863 -0.306262 -0.87068 -0.504304 0.867113 0.203222 -0.454769 0.485867 
1530646753785 0.179067 -0.964923 0.191985 -0.605995 0.740143 0.260684 0.619865 -0.226794 -0.648169 0.0310986 0.760861 0.448218 0.31622 -0.930002 0.187352 0.400795 -0.384863 -0.306262 -0.87068 -0.504304 0.867113 0.203222 -0.454769 0.485867 
1530646753892 0.179042 -0.964938 0.191934 -0.605996 0.740157 0.260632 0.61987 -0.226798 -0.64816 0.0310783 0.76087 0.448217 0.31622 -0.930002 0.187352 0.400795 -0.384863 -0.306262 -0.87068 -0.504304 0.867113 0.203222 -0.454769 0.485867 
1530646753950 0.179017 -0.964953 0.191883 -0.605998 0.740171 0.260579 0.619875 -0.226802 -0.64815 0.031058 0.760879 0.448215 0.31622 -0.930002 0.187352 0.400795 -0.384863 -0.306262 -0.87068 -0.504304 0.867113 0.203222 -0.454769 0.485867 
1530646754084 0.178992 -0.964967 0.191832 -0.605999 0.740186 0.260527 0.61988 -0.226806 -0.648141 0.0310376 0.760888 0.448214 0.31622 -0.930002 0.187352 0.400795 -0.384863 -0.306262 -0.87068 -0.504304 0.867113 0.203222 -0.454769 0.485867 
1530646754136 0.178967 -0.964982 0.191781 -0.606 0.7402 0.260475 0.619884 -0.22681 -0.648132 0.0310173 0.760896 0.448212 0.31622 -0.930002 0.187352 0.400795 -0.384863 -0.306262 -0.87068 -0.504304 0.867113 0.203222 -0.454769 0.485867 
1530646754297 0.178943 -0.964997 0.19173 -0.606002 0.740214 0.260423 0.619889 -0.226814 -0.648122 0.030997 0.760905 0.448211 0.31622 -0.930002 0.187352 0.400795 -0.384863 -0.306262 -0.87068 -0.504304 0.867113 0.203222 -0.454769 0.485867 
1530646754432 0.178875 -0.964983 0.191862 -0.606011 0.740226 0.260456 0.619861 -0.226751 -0.648127 0.031144 0.760895 0.448178 0.31622 -0.930002 0.187352 0.400795 -0.384863 -0.306262 -0.87068 -0.504304 0.867113 0.203222 -0.454769 0.485867 
1530646754448 0.178876 -0.964972 0.191918 -0.60601 0.740211 0.260493 0.619863 -0.226757 -0.648144 0.0311811 0.760879 0.448181 0.31622 -0.930002 0.187352 0.400795 -0.384863 -0.306262 -0.87068 -0.504304 0.867113 0.203222 -0.454769 0.485867 
1530646754463 0.178877 -0.964961 0.191973 -0.606009 0.740196 0.260531 0.619866 -0.226762 -0.648161 0.0312176 0.760863 0.448184 0.31622 -0.930002 0.187352 0.400795 -0.384863 -0.306262 -0.87068 -0.504304 0.867113 0.203222 -0.454769 0.485867 
1530646754479 0.178879 -0.964949 0.192029 -0.606007 0.74018 0.260569 0.619869 -0.226768 -0.648179 0.031255 0.760846 0.448187 0.31622 -0.930002 0.187352 0.400795 -0.384863 -0.306262 -0.87068 -0.504304 0.867113 0.203222 -0.454769 0.485867 
1530646754497 0.17888 -0.964938 0.192085 -0.606006 0.740165 0.260606 0.619872 -0.226773 -0.648196 0.0312917 0.76083 0.44819 0.31622 -0.930002 0.187352 0.400795 -0.384863 -0.306262 -0.87068 -0.504304 0.867113 0.203222 -0.454769 0.485867 
1530646754779 0.178882 -0.964927 0.192141 -0.606005 0.740149 0.260644 0.619874 -0.226779 -0.648214 0.0313285 0.760814 0.448193 0.31622 -0.930002 0.187352 0.400795 -0.384863 -0.306262 -0.87068 -0.504304 0.867113 0.203222 -0.454769 0.485867 
1530646754929 0.178883 -0.964915 0.192196 -0.606004 0.740133 0.260681 0.619877 -0.226784 -0.648231 0.0313652 0.760798 0.448196 0.31622 -0.930002 0.187352 0.400795 -0.384863 -0.306262 -0.87068 -0.504304 0.867113 0.203222 -0.454769 0.485867 
1530646755120 0.178885 -0.964904 0.192252 -0.606003 0.740118 0.260719 0.61988 -0.22679 -0.648248 0.0314019 0.760781 0.448199 0.31622 -0.930002 0.187352 0.400795 -0.384863 -0.306262 -0.87068 -0.504304 0.867113 0.203222 -0.454769 0.485867 
1530646755319 0.178886 -0.964892 0.192307 -0.606001 0.740102 0.260757 0.619883 -0.226796 -0.648266 0.0314386 0.760765 0.448202 0.31622 -0.930002 0.187352 0.400795 -0.384863 -0.306262 -0.87068 -0.504304 0.867113 0.203222 -0.454769 0.485867 
1530646755516 0.178888 -0.964881 0.192363 -0.606 0.740087 0.260794 0.619885 -0.226801 -0.648283 0.0314753 0.760749 0.448205 0.31622 -0.930002 0.187352 0.400795 -0.384863 -0.306262 -0.87068 -0.504304 0.867113 0.203222 -0.454769 0.485867 
1530646755709 0.178745 -0.964937 0.192217 -0.606025 0.740087 0.260593 0.619969 -0.22675 -0.648322 0.0314408 0.760717 0.448219 0.31622 -0.930002 0.187352 0.400795 -0.384863 -0.306262 -0.87068 -0.504304 0.867113 0.203222 -0.454769 0.485867 
1530646755723 0.178722 -0.964934 0.192253 -0.606027 0.740083 0.260599 0.619972 -0.226759 -0.648332 0.0314806 0.760706 0.44822 0.31622 -0.930002 0.187352 0.400795 -0.384863 -0.306262 -0.87068 -0.504304 0.867113 0.203222 -0.454769 0.485867 
1530646755739 0.178698 -0.964931 0.192289 -0.606028 0.740079 0.260604 0.619974 -0.226769 -0.648344 0.0315207 0.760695 0.448221 0.31622 -0.930002 0.187352 0.400795 -0.384863 -0.306262 -0.87068 -0.504304 0.867113 0.203222 -0.454769 0.485867 
1530646755756 0.178675 -0.964928 0.192325 -0.60603 0.740075 0.26061 0.619977 -0.226778 -0.648355 0.0315604 0.760684 0.448222 0.31622 -0.930002 0.187352 0.400795 -0.384863 -0.306262 -0.87068 -0.504304 0.867113 0.203222 -0.454769 0.485867 
1530646755774 0.178652 -0.964925 0.19236 -0.606032 0.740071 0.260615 0.619979 -0.226788 -0.648366 0.0316 0.760673 0.448223 0.31622 -0.930002 0.187352 0.400795 -0.384863 -0.306262 -0.87068 -0.504304 0.867113 0.203222 -0.454769 0.485867 
1530646755971 0.178628 -0.964923 0.192396 -0.606033 0.740067 0.260621 0.619982 -0.226797 -0.648377 0.0316396 0.760662 0.448225 0.31622 -0.930002 0.187352 0.400795 -0.384863 -0.306262 -0.87068 -0.504304 0.867113 0.203222 -0.454769 0.485867 
1530646756096 0.178605 -0.96492 0.192431 -0.606035 0.740063 0.260626 0.619984 -0.226806 -0.648388 0.0316792 0.760651 0.448226 0.31622 -0.930002 0.187352 0.400795 -0.384863 -0.306262 -0.87068 -0.504304 0.867113 0.203222 -0.454769 0.485867 
1530646756320 0.178581 -0.964917 0.192467 -0.606037 0.740059 0.260631 0.619987 -0.226816 -0.648399 0.0317188 0.76064 0.448227 0.31622 -0.930002 0.187352 0.400795 -0.384863 -0.306262 -0.87068 -0.504304 0.867113 0.203222 -0.454769 0.485867 
1530646756487 0.178558 -0.964914 0.192503 -0.606038 0.740055 0.260637 0.619989 -0.226825 -0.64841 0.0317585 0.760629 0.448228 0.31622 -0.930002 0.187352 0.400795 -0.384863 -0.306262 -0.87068 -0.504304 0.867113 0.203222 -0.454769 0.485867 
1530646756641 0.178535 -0.964912 0.192538 -0.60604 0.740051 0.260642 0.619992 -0.226834 -0.648421 0.0317978 0.760618 0.448229 0.31622 -0.930002 0.187352 0.400795 -0.384863 -0.306262 -0.87068 -0.504304 0.867113 0.203222 -0.454769 0.485867 
1530646756748 0.178732 -0.964907 0.19238 -0.606019 0.740048 0.260689 0.619975 -0.226876 -0.64837 0.031561 0.760671 0.448244 0.31622 -0.930002 0.187352 0.400795 -0.384863 -0.306262 -0.87068 -0.504304 0.867113 0.203222 -0.454769 0.485867 
1530646756761 0.178744 -0.964918 0.192312 -0.606043 0.740045 0.260655 0.619994 -0.226873 -0.648371 0.0314995 0.760673 0.448245 0.31622 -0.930002 0.187352 0.400795 -0.384863 -0.306262 -0.87068 -0.504304 0.867113 0.203222 -0.454769 0.485867 
1530646756955 0.178758 -0.964929 0.192243 -0.606066 0.740041 0.260622 0.620013 -0.226871 -0.648371 0.0314353 0.760675 0.448246 0.31622 -0.930002 0.187352 0.400795 -0.384863 -0.306262 -0.87068 -0.504304 0.867113 0.203222 -0.454769 0.485867 
1530646757095 0.178772 -0.96494 0.192174 -0.60609 0.740037 0.260588 0.620031 -0.226868 -0.648371 0.031372 0.760678 0.448247 0.31622 -0.930002 0.187352 0.400795 -0.384863 -0.306262 -0.87068 -0.504304 0.867113 0.203222 -0.454769 0.485867 
1530646757258 0.178785 -0.964951 0.192105 -0.606113 0.740034 0.260554 0.62005 -0.226866 -0.648372 0.0313087 0.76068 0.448248 0.31622 -0.930002 0.187352 0.400795 -0.384863 -0.306262 -0.87068 -0.504304 0.867113 0.203222 -0.454769 0.485867 
1530646757492 0.178799 -0.964963 0.192037 -0.606137 0.74003 0.26052 0.620068 -0.226863 -0.648372 0.0312455 0.760682 0.448249 0.31622 -0.930002 0.187352 0.400795 -0.384863 -0.306262 -0.87068 -0.504304 0.867113 0.203222 -0.454769 0.485867 
1530646757705 0.178812 -0.964974 0.191968 -0.60616 0.740027 0.260487 0.620087 -0.226861 -0.648372 0.0311822 0.760684 0.448251 0.31622 -0.930002 0.187352 0.400795 -0.384863 -0.306262 -0.87068 -0.504304 0.867113 0.203222 -0.454769 0.485867 
1530646757911 0.178826 -0.964985 0.191899 -0.606184 0.740023 0.260453 0.620105 -0.226858 -0.648373 0.0311189 0.760687 0.448252 0.31622 -0.930002 0.187352 0.400795 -0.384863 -0.306262 -0.87068 -0.504304 0.867113 0.203222 -0.454769 0.485867 
1530646758130 0.178839 -0.964996 0.19183 -0.606208 0.740019 0.260419 0.620124 -0.226856 -0.648373 0.0310556 0.760689 0.448253 0.31622 -0.930002 0.187352 0.400795 -0.384863 -0.306262 -0.87068 -0.504304 0.867113 0.203222 -0.454769 0.485867 
1530646758255 0.178853 -0.965007 0.191762 -0.60623 0.740016 0.260385 0.620142 -0.226853 -0.648374 0.0309926 0.760691 0.448254 0.31622 -0.930002 0.187352 0.400795 -0.384863 -0.306262 -0.87068 -0.504304 0.867113 0.203222 -0.454769 0.485867 
1530646758518 0.178738 -0.965015 0.191832 -0.606271 0.739983 0.260345 0.620198 -0.226832 -0.648443 0.0310997 0.760628 0.448229 0.31622 -0.930002 0.187352 0.400795 -0.384863 -0.306262 -0.87068 -0.504304 0.867113 0.203222 -0.454769 0.485867 
1530646758531 0.178708 -0.96501 0.191885 -0.606304 0.740033 0.260354 0.620135 -0.226838 -0.648394 0.0311783 0.760666 0.448223 0.31622 -0.930002 0.187352 0.400795 -0.384863 -0.306262 -0.87068 -0.504304 0.867113 0.203222 -0.454769 0.485867 
1530646758622 0.178677 -0.965005 0.191937 -0.606338 0.740083 0.260362 0.620071 -0.226844 -0.648345 0.0312571 0.760705 0.448218 0.31622 -0.930002 0.187352 0.400795 -0.384863 -0.306262 -0.87068 -0.504304 0.867113 0.203222 -0.454769 0.485867 
1530646758853 0.178646 -0.965 0.19199 -0.606371 0.740133 0.26037 0.620008 -0.22685 -0.648296 0.031336 0.760743 0.448212 0.31622 -0.930002 0.187352 0.400795 -0.384863 -0.306262 -0.87068 -0.504304 0.867113 0.203222 -0.454769 0.485867 
1530646759067 0.178616 -0.964995 0.192042 -0.606404 0.740184 0.260378 0.619945 -0.226855 -0.648247 0.0314149 0.760782 0.448206 0.31622 -0.930002 0.187352 0.400795 -0.384863 -0.306262 -0.87068 -0.504304 0.867113 0.203222 -0.454769 0.485867 
1530646759212 0.178585 -0.964991 0.192095 -0.606438 0.740234 0.260387 0.619881 -0.226861 -0.648199 0.0314937 0.76082 0.448201 0.31622 -0.930002 0.187352 0.400795 -0.384863 -0.306262 -0.87068 -0.504304 0.867113 0.203222 -0.454769 0.485867 
1530646759344 0.178554 -0.964986 0.192148 -0.606471 0.740284 0.260395 0.619818 -0.226867 -0.64815 0.0315726 0.760858 0.448195 0.31622 -0.930002 0.187352 0.400795 -0.384863 -0.306262 -0.87068 -0.504304 0.867113 0.203222 -0.454769 0.485867 
1530646759349 0.178524 -0.964981 0.1922 -0.606505 0.740334 0.260403 0.619754 -0.226873 -0.648101 0.0316515 0.760897 0.448189 0.31622 -0.930002 0.187352 0.400795 -0.384863 -0.306262 -0.87068 -0.504304 0.867113 0.203222 -0.454769 0.485867 
1530646759581 0.178493 -0.964976 0.192253 -0.606538 0.740384 0.260411 0.619691 -0.226879 -0.648052 0.0317303 0.760935 0.448183 0.31622 -0.930002 0.187352 0.400795 -0.384863 -0.306262 -0.87068 -0.504304 0.867113 0.203222 -0.454769 0.485867 
1530646759707 0.178463 -0.964971 0.192305 -0.606569 0.740434 0.26042 0.619628 -0.226883 -0.648003 0.0318087 0.760973 0.448179 0.31622 -0.930002 0.187352 0.400795 -0.384863 -0.306262 -0.87068 -0.504304 0.867113 0.203222 -0.454769 0.485867 
1530646759870 0.178483 -0.964984 0.192221 -0.606545 0.740471 0.260379 0.619601 -0.226893 -0.647955 0.0317462 0.761016 0.448245 0.31622 -0.930002 0.187352 0.400795 -0.384863 -0.306262 -0.87068 -0.504304 0.867113 0.203222 -0.454769 0.485867 
1530646759883 0.178547 -0.964991 0.192126 -0.606599 0.740493 0.260365 0.61958 -0.226883 -0.647913 0.031644 0.761057 0.448239 0.31622 -0.930002 0.187352 0.400795 -0.384863 -0.306262 -0.87068 -0.504304 0.867113 0.203222 -0.454769 0.485867 
1530646760120 0.178611 -0.964998 0.192031 -0.606652 0.740515 0.260352 0.61956 -0.226873 -0.64787 0.0315417 0.761097 0.448232 0.31622 -0.930002 0.187352 0.400795 -0.384863 -0.306262 -0.87068 -0.504304 0.867113 0.203222 -0.454769 0.485867 
1530646760421 0.178676 -0.965005 0.191937 -0.606706 0.740536 0.260339 0.61954 -0.226864 -0.647828 0.0314394 0.761138 0.448226 0.31622 -0.930002 0.187352 0.400795 -0.384863 -0.306262 -0.87068 -0.504304 0.867113 0.203222 -0.454769 0.485867 
1530646760590 0.17874 -0.965012 0.191842 -0.60676 0.740558 0.260326 0.61952 -0.226854 -0.647786 0.0313371 0.761178 0.448219 0.31622 -0.930002 0.187352 0.400795 -0.384863 -0.306262 -0.87068 -0.504304 0.867113 0.203222 -0.454769 0.485867 
1530646760757 0.178804 -0.965019 0.191747 -0.606813 0.740579 0.260312 0.6195 -0.226844 -0.647743 0.0312347 0.761218 0.448213 0.31622 -0.930002 0.187352 0.400795 -0.384863 -0.306262 -0.87068 -0.504304 0.867113 0.203222 -0.454769 0.485867 
1530646760935 0.17887 -0.965026 0.191653 -0.606867 0.740601 0.2603 0.619479 -0.226834 -0.647701 0.0311319 0.761259 0.448206 0.31622 -0.930002 0.187352 0.400795 -0.384863 -0.306262 -0.87068 -0.504304 0.867113 0.203222 -0.454769 0.485867 
1530646761073 0.178934 -0.965033 0.191558 -0.606921 0.740622 0.260287 0.619459 -0.226824 -0.647658 0.0310295 0.761299 0.4482 0.31622 -0.930002 0.187352 0.400795 -0.384863 -0.306262 -0.87068 -0.504304 0.867113 0.203222 -0.454769 0.485867 
1530646761257 0.178999 -0.96504 0.191463 -0.606974 0.740644 0.260273 0.619439 -0.226814 -0.647616 0.0309271 0.761339 0.448193 0.31622 -0.930002 0.187352 0.400795 -0.384863 -0.306262 -0.87068 -0.504304 0.867113 0.203222 -0.454769 0.485867 
1530646761415 0.179063 -0.965046 0.191369 -0.607025 0.740665 0.26026 0.619419 -0.226804 -0.647574 0.0308252 0.761379 0.448187 0.31622 -0.930002 0.187352 0.400795 -0.384863 -0.306262 -0.87068 -0.504304 0.867113 0.203222 -0.454769 0.485867 
1530646761566 0.178962 -0.965053 0.191428 -0.607008 0.740675 0.260221 0.619423 -0.22678 -0.64759 0.0309334 0.761361 0.448203 0.31622 -0.930002 0.187352 0.400795 -0.384863 -0.306262 -0.87068 -0.504304 0.867113 0.203222 -0.454769 0.485867 
1530646761579 0.178945 -0.965039 0.191515 -0.60707 0.740657 0.260266 0.619427 -0.226785 -0.647616 0.0310034 0.761336 0.4482 0.31622 -0.930002 0.187352 0.400795 -0.384863 -0.306262 -0.87068 -0.504304 0.867113 0.203222 -0.454769 0.485867 
1530646761737 0.178929 -0.965025 0.191601 -0.607132 0.740638 0.260309 0.619431 -0.226791 -0.647642 0.0310733 0.761311 0.448198 0.31622 -0.930002 0.187352 0.400795 -0.384863 -0.306262 -0.87068 -0.504304 0.867113 0.203222 -0.454769 0.485867 
1530646761974 0.178912 -0.965011 0.191688 -0.607195 0.740619 0.260353 0.619435 -0.226796 -0.647668 0.0311432 0.761286 0.448195 0.31622 -0.930002 0.187352 0.400795 -0.384863 -0.306262 -0.87068 -0.504304 0.867113 0.203222 -0.454769 0.485867 
1530646762205 0.178895 -0.964997 0.191774 -0.607257 0.7406 0.260397 0.61944 -0.226802 -0.647695 0.0312131 0.76126 0.448193 0.31622 -0.930002 0.187352 0.400795 -0.384863 -0.306262 -0.87068 -0.504304 0.867113 0.203222 -0.454769 0.485867 
1530646762381 0.178878 -0.964983 0.19186 -0.607319 0.740581 0.26044 0.619444 -0.226807 -0.647721 0.0312829 0.761235 0.44819 0.31622 -0.930002 0.187352 0.400795 -0.384863 -0.306262 -0.87068 -0.504304 0.867113 0.203222 -0.454769 0.485867 
1530646762604 0.178862 -0.964969 0.191947 -0.607381 0.740562 0.260484 0.619448 -0.226812 -0.647747 0.0313528 0.76121 0.448187 0.31622 -0.930002 0.187352 0.400795 -0.384863 -0.306262 -0.87068 -0.504304 0.867113 0.203222 -0.454769 0.485867 
1530646762861 0.178845 -0.964955 0.192033 -0.607443 0.740543 0.260528 0.619452 -0.226818 -0.647774 0.0314227 0.761185 0.448185 0.31622 -0.930002 0.187352 0.400795 -0.384863 -0.306262 -0.87068 -0.504304 0.867113 0.203222 -0.454769 0.485867 
1530646763115 0.178829 -0.964941 0.192119 -0.607505 0.740524 0.260572 0.619456 -0.226823 -0.647799 0.0314921 0.76116 0.448182 0.31622 -0.930002 0.187352 0.400795 -0.384863 -0.306262 -0.87068 -0.504304 0.867113 0.203222 -0.454769 0.485867 
1530646763126 0.178812 -0.964927 0.192205 -0.607564 0.740505 0.260616 0.619461 -0.226827 -0.647826 0.0315616 0.761134 0.44818 0.31622 -0.930002 0.187352 0.400795 -0.384863 -0.306262 -0.87068 -0.504304 0.867113 0.203222 -0.454769 0.485867 
1530646763402 0.178694 -0.964961 0.192143 -0.607589 0.740559 0.260484 0.619452 -0.226817 -0.647797 0.0316011 0.761157 0.448198 0.31622 -0.930002 0.187352 0.400795 -0.384863 -0.306262 -0.87068 -0.504304 0.867113 0.203222 -0.454769 0.485867 
1530646763413 0.178736 -0.964947 0.192174 -0.607652 0.740511 0.260538 0.619487 -0.226822 -0.647841 0.0315824 0.761121 0.448195 0.31622 -0.930002 0.187352 0.400795 -0.384863 -0.306262 -0.87068 -0.504304 0.867113 0.203222 -0.454769 0.485867 
1530646763657 0.178778 -0.964933 0.192205 -0.607716 0.740462 0.260592 0.619523 -0.226827 -0.647885 0.0315631 0.761084 0.448192 0.31622 -0.930002 0.187352 0.400795 -0.384863 -0.306262 -0.87068 -0.504304 0.867113 0.203222 -0.454769 0.485867 
1530646763806 0.178821 -0.964919 0.192236 -0.60778 0.740413 0.260646 0.619558 -0.226833 -0.647929 0.0315438 0.761047 0.448189 0.31622 -0.930002 0.187352 0.400795 -0.384863 -0.306262 -0.87068 -0.504304 0.867113 0.203222 -0.454769 0.485867 
1530646764021 0.178864 -0.964905 0.192267 -0.607844 0.740364 0.260701 0.619594 -0.226838 -0.647973 0.0315246 0.761011 0.448186 0.31622 -0.930002 0.187352 0.400795 -0.384863 -0.306262 -0.87068 -0.504304 0.867113 0.203222 -0.454769 0.485867 
1530646764151 0.178906 -0.964891 0.192298 -0.607907 0.740315 0.260755 0.619629 -0.226843 -0.648017 0.0315053 0.760974 0.448184 0.31622 -0.930002 0.187352 0.400795 -0.384863 -0.306262 -0.87068 -0.504304 0.867113 0.203222 -0.454769 0.485867 
1530646764157 0.178949 -0.964877 0.192328 -0.607971 0.740266 0.260809 0.619665 -0.226848 -0.648061 0.031486 0.760937 0.448181 0.31622 -0.930002 0.187352 0.400795 -0.384863 -0.306262 -0.87068 -0.504304 0.867113 0.203222 -0.454769 0.485867 
