1531926183750 0.275657 0.633204 -0.723233 -0.604483 -0.8825 0.464965 0.0707247 -0.181741 0.381061 0.618757 0.686973 0.426588 0.16008 -0.304787 0.938871 0.370831 -0.775623 0.549475 0.310623 -0.528794 -0.61056 -0.777934 -0.14844 0.432481 
1531926183764 -0.186319 0.845148 -0.501008 -0.595444 -0.975422 -0.098067 0.19732 -0.251671 0.117632 0.525459 0.842648 0.409373 0.274036 -0.36997 0.887708 0.405512 -0.947425 -0.262405 0.183109 -0.505509 0.165194 -0.891216 -0.422427 0.481787 
1531926183774 -0.187231 0.845419 -0.500212 -0.597087 -0.97521 -0.098835 0.197982 -0.254964 0.11794 0.52488 0.842966 0.40735 0.231687 -0.354017 0.906087 0.410462 -0.962281 -0.219945 0.160121 -0.502946 0.142604 -0.909008 -0.391622 0.477923 
1531926183784 -0.187247 0.845429 -0.500188 -0.597265 -0.975206 -0.0988475 0.197997 -0.255093 0.11795 0.524861 0.842976 0.40726 0.189552 -0.335262 0.922859 0.415243 -0.97479 -0.17693 0.135942 -0.5021 0.117706 -0.925362 -0.360348 0.473947 
1531926183794 -0.18725 0.845429 -0.500187 -0.597275 -0.975206 -0.0988521 0.197995 -0.255107 0.117946 0.52486 0.842977 0.407257 0.147734 -0.314364 0.937737 0.42006 -0.984811 -0.134207 0.110159 -0.501354 0.0912206 -0.939768 -0.329416 0.469977 
1531926183804 -0.187251 0.845429 -0.500187 -0.597273 -0.975206 -0.0988555 0.197993 -0.255114 0.117943 0.52486 0.842978 0.407258 0.10636 -0.291394 0.950672 0.424881 -0.992314 -0.0919221 0.0828431 -0.500615 0.0632477 -0.952176 -0.298931 0.466007 
1531926183814 -0.187253 0.845429 -0.500187 -0.597271 -0.975206 -0.0988578 0.197991 -0.255119 0.11794 0.524859 0.842978 0.407259 0.0655708 -0.266431 0.961621 0.429701 -0.997272 -0.0502216 0.0540872 -0.499877 0.0338836 -0.962545 -0.268997 0.462038 
1531926183824 -0.187253 0.845429 -0.500186 -0.597269 -0.975206 -0.0988592 0.19799 -0.255122 0.117939 0.524859 0.842979 0.40726 0.0255076 -0.239561 0.970546 0.434522 -0.999669 -0.0092482 0.0239903 -0.499141 0.00322866 -0.970837 -0.239718 0.458068 
1531926183834 -0.187254 0.845429 -0.500186 -0.597268 -0.975206 -0.09886 0.19799 -0.255123 0.117938 0.524859 0.842979 0.407261 -0.0136849 -0.210885 0.977415 0.439351 -0.999497 0.0308597 -0.00733587 -0.498435 -0.0286157 -0.977024 -0.211201 0.454115 
1531926183844 -0.187253 0.845429 -0.500186 -0.59726 -0.975206 -0.0988593 0.19799 -0.255118 0.117938 0.524859 0.842979 0.407261 -0.0516552 -0.180758 0.98217 0.444094 -0.996763 0.0699971 -0.0395404 -0.498191 -0.0616018 -0.981034 -0.183789 0.450571 
1531926183860 -0.187253 0.845429 -0.500186 -0.59726 -0.975206 -0.0988593 0.19799 -0.255118 0.117938 0.524859 0.842979 0.407261 -0.0516552 -0.180758 0.98217 0.444094 -0.996763 0.0699971 -0.0395404 -0.498191 -0.0616018 -0.981034 -0.183789 0.450571 
1531926183874 -0.187254 0.845429 -0.500186 -0.597267 -0.975206 -0.0988608 0.197989 -0.255126 0.117937 0.524859 0.842979 0.407261 -0.0887262 -0.148744 0.984887 0.448863 -0.99147 0.107962 -0.0730141 -0.497436 -0.0954703 -0.982965 -0.157054 0.446586 
1531926183884 -0.187254 0.845429 -0.500186 -0.597268 -0.975206 -0.0988609 0.197989 -0.255126 0.117937 0.524859 0.842979 0.407261 -0.08896 -0.148483 0.984905 0.448977 -0.991454 0.107926 -0.0732807 -0.496962 -0.0954163 -0.983008 -0.156816 0.446197 
1531926183894 -0.187254 0.845429 -0.500186 -0.597268 -0.975206 -0.0988609 0.197989 -0.255126 0.117937 0.524859 0.842979 0.407261 -0.0889688 -0.148474 0.984906 0.448971 -0.991454 0.107924 -0.0732907 -0.496931 -0.0954134 -0.98301 -0.156807 0.446181 
1531926183904 -0.187254 0.845429 -0.500186 -0.597268 -0.975206 -0.0988609 0.197989 -0.255126 0.117937 0.524859 0.842979 0.407261 -0.0889695 -0.148474 0.984906 0.448969 -0.991454 0.107925 -0.0732914 -0.496929 -0.0954139 -0.98301 -0.156807 0.446181 
1531926183914 -0.187254 0.845429 -0.500186 -0.597268 -0.975206 -0.0988609 0.197989 -0.255126 0.117937 0.524859 0.842979 0.407261 -0.0889697 -0.148474 0.984906 0.448969 -0.991454 0.107925 -0.0732915 -0.496929 -0.0954145 -0.98301 -0.156807 0.446181 
1531926183924 -0.187254 0.845429 -0.500186 -0.597268 -0.975206 -0.0988609 0.197989 -0.255126 0.117937 0.524859 0.842979 0.407261 -0.0889699 -0.148474 0.984906 0.448969 -0.991454 0.107926 -0.0732917 -0.496929 -0.095415 -0.983009 -0.156807 0.446181 
1531926183934 -0.187254 0.845429 -0.500186 -0.597268 -0.975206 -0.0988609 0.197989 -0.255126 0.117937 0.524859 0.842979 0.407261 -0.0889701 -0.148474 0.984906 0.448969 -0.991454 0.107927 -0.0732918 -0.496929 -0.0954156 -0.983009 -0.156807 0.446181 
1531926183944 -0.187254 0.845429 -0.500186 -0.597268 -0.975206 -0.0988609 0.197989 -0.255126 0.117937 0.524859 0.842979 0.407261 -0.0889701 -0.148474 0.984906 0.448969 -0.991453 0.107927 -0.0732916 -0.49693 -0.0954163 -0.983009 -0.156807 0.446181 
1531926183954 -0.187254 0.845429 -0.500186 -0.597268 -0.975206 -0.0988609 0.197989 -0.255126 0.117937 0.524859 0.842979 0.407261 -0.0889667 -0.148479 0.984906 0.448974 -0.991453 0.107931 -0.0732871 -0.496945 -0.0954202 -0.983008 -0.156812 0.446191 
1531926183970 -0.187254 0.845429 -0.500186 -0.597268 -0.975206 -0.0988609 0.197989 -0.255126 0.117937 0.524859 0.842979 0.407261 -0.0889667 -0.148479 0.984906 0.448974 -0.991453 0.107931 -0.0732871 -0.496945 -0.0954202 -0.983008 -0.156812 0.446191 
1531926183984 -0.187254 0.845429 -0.500186 -0.597268 -0.975206 -0.0988609 0.197989 -0.255126 0.117937 0.524859 0.842979 0.407261 -0.0889704 -0.148474 0.984906 0.448969 -0.991453 0.107929 -0.0732917 -0.496929 -0.0954176 -0.983009 -0.156807 0.44618 
1531926183994 -0.187254 0.845429 -0.500186 -0.597268 -0.975206 -0.0988609 0.197989 -0.255126 0.117937 0.524859 0.842979 0.407261 -0.0889708 -0.148473 0.984906 0.448968 -0.991453 0.107928 -0.0732922 -0.496928 -0.0954174 -0.983009 -0.156807 0.44618 
1531926184004 -0.187254 0.845429 -0.500186 -0.597268 -0.975206 -0.0988609 0.197989 -0.255126 0.117937 0.524859 0.842979 0.407261 -0.0889709 -0.148473 0.984906 0.448968 -0.991453 0.107928 -0.0732923 -0.496928 -0.0954174 -0.983009 -0.156807 0.44618 
1531926184014 -0.187254 0.845429 -0.500186 -0.597268 -0.975206 -0.0988609 0.197989 -0.255126 0.117937 0.524859 0.842979 0.407261 -0.0889709 -0.148473 0.984906 0.448968 -0.991453 0.107928 -0.0732923 -0.496928 -0.0954174 -0.983009 -0.156807 0.44618 
1531926184024 -0.187254 0.845429 -0.500186 -0.597268 -0.975206 -0.0988609 0.197989 -0.255126 0.117937 0.524859 0.842979 0.407261 -0.0889709 -0.148473 0.984906 0.448968 -0.991453 0.107928 -0.0732923 -0.496928 -0.0954174 -0.983009 -0.156807 0.44618 
1531926184034 -0.187254 0.845429 -0.500186 -0.597268 -0.975206 -0.0988609 0.197989 -0.255126 0.117937 0.524859 0.842979 0.407261 -0.0889709 -0.148473 0.984906 0.448968 -0.991453 0.107928 -0.0732923 -0.496928 -0.0954174 -0.983009 -0.156807 0.44618 
1531926184044 -0.187254 0.845429 -0.500186 -0.597268 -0.975206 -0.0988609 0.197989 -0.255126 0.117937 0.524859 0.842979 0.407261 -0.0889709 -0.148473 0.984906 0.448968 -0.991453 0.107928 -0.0732923 -0.496928 -0.0954174 -0.983009 -0.156807 0.44618 
1531926184054 -0.187254 0.845429 -0.500186 -0.597268 -0.975206 -0.0988609 0.197989 -0.255126 0.117937 0.524859 0.842979 0.407261 -0.0889709 -0.148473 0.984906 0.448968 -0.991453 0.107928 -0.0732923 -0.496928 -0.0954174 -0.983009 -0.156807 0.44618 
1531926184064 -0.187254 0.845429 -0.500186 -0.597268 -0.975206 -0.0988609 0.197989 -0.255126 0.117937 0.524859 0.842979 0.407261 -0.0889709 -0.148473 0.984906 0.448968 -0.991453 0.107928 -0.0732923 -0.496928 -0.0954174 -0.983009 -0.156807 0.44618 
1531926184080 -0.187254 0.845429 -0.500186 -0.597268 -0.975206 -0.0988609 0.197989 -0.255126 0.117937 0.524859 0.842979 0.407261 -0.0889709 -0.148473 0.984906 0.448968 -0.991453 0.107928 -0.0732923 -0.496928 -0.0954174 -0.983009 -0.156807 0.44618 
1531926184094 -0.187254 0.845429 -0.500186 -0.597268 -0.975206 -0.0988609 0.197989 -0.255126 0.117937 0.524859 0.842979 0.407261 -0.0889709 -0.148473 0.984906 0.448968 -0.991453 0.107928 -0.0732922 -0.496928 -0.0954174 -0.983009 -0.156807 0.44618 
1531926184104 -0.187254 0.845429 -0.500186 -0.597268 -0.975206 -0.0988609 0.197989 -0.255126 0.117937 0.524859 0.842979 0.407261 -0.0889709 -0.148473 0.984906 0.448968 -0.991453 0.107928 -0.0732922 -0.496928 -0.0954174 -0.983009 -0.156807 0.44618 
1531926184114 -0.187254 0.845429 -0.500186 -0.597268 -0.975206 -0.0988609 0.197989 -0.255126 0.117937 0.524859 0.842979 0.407261 -0.0889709 -0.148473 0.984906 0.448968 -0.991453 0.107928 -0.0732922 -0.496928 -0.0954174 -0.983009 -0.156807 0.44618 
1531926184124 -0.187254 0.845429 -0.500186 -0.597268 -0.975206 -0.0988609 0.197989 -0.255126 0.117937 0.524859 0.842979 0.407261 -0.0889709 -0.148473 0.984906 0.448968 -0.991453 0.107928 -0.0732922 -0.496928 -0.0954174 -0.983009 -0.156807 0.44618 
1531926184134 -0.187254 0.845429 -0.500186 -0.597268 -0.975206 -0.0988609 0.197989 -0.255126 0.117937 0.524859 0.842979 0.407261 -0.0889709 -0.148473 0.984906 0.448968 -0.991453 0.107928 -0.0732922 -0.496928 -0.0954174 -0.983009 -0.156807 0.44618 
1531926184144 -0.187254 0.845429 -0.500186 -0.597268 -0.975206 -0.0988609 0.197989 -0.255126 0.117937 0.524859 0.842979 0.407261 -0.0889709 -0.148473 0.984906 0.448968 -0.991453 0.107928 -0.0732922 -0.496928 -0.0954174 -0.983009 -0.156807 0.44618 
1531926184154 -0.187254 0.845429 -0.500186 -0.597268 -0.975206 -0.0988609 0.197989 -0.255126 0.117937 0.524859 0.842979 0.407261 -0.0889709 -0.148473 0.984906 0.448968 -0.991453 0.107928 -0.0732922 -0.496928 -0.0954174 -0.983009 -0.156807 0.44618 
1531926184164 -0.187254 0.845429 -0.500186 -0.597268 -0.975206 -0.0988609 0.197989 -0.255126 0.117937 0.524859 0.842979 0.407261 -0.0889709 -0.148473 0.984906 0.448968 -0.991453 0.107928 -0.0732922 -0.496928 -0.0954174 -0.983009 -0.156807 0.44618 
1531926184174 -0.187254 0.845429 -0.500186 -0.597268 -0.975206 -0.0988609 0.197989 -0.255126 0.117937 0.524859 0.842979 0.407261 -0.0889709 -0.148473 0.984906 0.448968 -0.991453 0.107928 -0.0732922 -0.496928 -0.0954174 -0.983009 -0.156807 0.44618 
1531926184190 -0.187254 0.845429 -0.500186 -0.597268 -0.975206 -0.0988609 0.197989 -0.255126 0.117937 0.524859 0.842979 0.407261 -0.0889709 -0.148473 0.984906 0.448968 -0.991453 0.107928 -0.0732922 -0.496928 -0.0954174 -0.983009 -0.156807 0.44618 
1531926184204 -0.187254 0.845429 -0.500186 -0.597268 -0.975206 -0.0988609 0.197989 -0.255126 0.117937 0.524859 0.842979 0.407261 -0.0889709 -0.148473 0.984906 0.448968 -0.991453 0.107928 -0.0732922 -0.496928 -0.0954174 -0.983009 -0.156807 0.44618 
1531926184214 -0.187254 0.845429 -0.500186 -0.597268 -0.975206 -0.0988609 0.197989 -0.255126 0.117937 0.524859 0.842979 0.407261 -0.0889709 -0.148473 0.984906 0.448968 -0.991453 0.107928 -0.0732922 -0.496928 -0.0954174 -0.983009 -0.156807 0.44618 
1531926184224 -0.187254 0.845429 -0.500186 -0.597268 -0.975206 -0.0988609 0.197989 -0.255126 0.117937 0.524859 0.842979 0.407261 -0.0889709 -0.148473 0.984906 0.448968 -0.991453 0.107928 -0.0732922 -0.496928 -0.0954174 -0.983009 -0.156807 0.44618 
1531926184234 -0.187254 0.845429 -0.500186 -0.597268 -0.975206 -0.0988609 0.197989 -0.255126 0.117937 0.524859 0.842979 0.407261 -0.0889709 -0.148473 0.984906 0.448968 -0.991453 0.107928 -0.0732922 -0.496928 -0.0954174 -0.983009 -0.156807 0.44618 
1531926184244 -0.187254 0.845429 -0.500186 -0.597268 -0.975206 -0.0988609 0.197989 -0.255126 0.117937 0.524859 0.842979 0.407261 -0.0889709 -0.148473 0.984906 0.448968 -0.991453 0.107928 -0.0732922 -0.496928 -0.0954174 -0.983009 -0.156807 0.44618 
1531926184254 -0.187254 0.845429 -0.500186 -0.597268 -0.975206 -0.0988609 0.197989 -0.255126 0.117937 0.524859 0.842979 0.407261 -0.0889709 -0.148473 0.984906 0.448968 -0.991453 0.107928 -0.0732922 -0.496928 -0.0954174 -0.983009 -0.156807 0.44618 
1531926184264 -0.187254 0.845429 -0.500186 -0.597268 -0.975206 -0.0988609 0.197989 -0.255126 0.117937 0.524859 0.842979 0.407261 -0.0889709 -0.148473 0.984906 0.448968 -0.991453 0.107928 -0.0732922 -0.496928 -0.0954174 -0.983009 -0.156807 0.44618 
1531926184274 -0.187254 0.845429 -0.500186 -0.597268 -0.975206 -0.0988609 0.197989 -0.255126 0.117937 0.524859 0.842979 0.407261 -0.0889709 -0.148473 0.984906 0.448968 -0.991453 0.107928 -0.0732922 -0.496928 -0.0954174 -0.983009 -0.156807 0.44618 
1531926184284 -0.187254 0.845429 -0.500186 -0.597268 -0.975206 -0.0988609 0.197989 -0.255126 0.117937 0.524859 0.842979 0.407261 -0.0889709 -0.148473 0.984906 0.448968 -0.991453 0.107928 -0.0732922 -0.496928 -0.0954174 -0.983009 -0.156807 0.44618 
1531926184300 -0.187254 0.845429 -0.500186 -0.597268 -0.975206 -0.0988609 0.197989 -0.255126 0.117937 0.524859 0.842979 0.407261 -0.0889709 -0.148473 0.984906 0.448968 -0.991453 0.107928 -0.0732922 -0.496928 -0.0954174 -0.983009 -0.156807 0.44618 
1531926184314 -0.187254 0.845429 -0.500186 -0.597268 -0.975206 -0.0988609 0.197989 -0.255126 0.117937 0.524859 0.842979 0.407261 -0.0889709 -0.148473 0.984906 0.448968 -0.991453 0.107928 -0.0732922 -0.496928 -0.0954174 -0.983009 -0.156807 0.44618 
1531926184324 -0.187254 0.845429 -0.500186 -0.597268 -0.975206 -0.0988609 0.197989 -0.255126 0.117937 0.524859 0.842979 0.407261 -0.0889709 -0.148473 0.984906 0.448968 -0.991453 0.107928 -0.0732922 -0.496928 -0.0954174 -0.983009 -0.156807 0.44618 
1531926184334 -0.187254 0.845429 -0.500186 -0.597268 -0.975206 -0.0988609 0.197989 -0.255126 0.117937 0.524859 0.842979 0.407261 -0.0889709 -0.148473 0.984906 0.448968 -0.991453 0.107928 -0.0732922 -0.496928 -0.0954174 -0.983009 -0.156807 0.44618 
1531926184344 -0.187254 0.845429 -0.500186 -0.597268 -0.975206 -0.0988609 0.197989 -0.255126 0.117937 0.524859 0.842979 0.407261 -0.0889709 -0.148473 0.984906 0.448968 -0.991453 0.107928 -0.0732922 -0.496928 -0.0954174 -0.983009 -0.156807 0.44618 
1531926184354 -0.187254 0.845429 -0.500186 -0.597268 -0.975206 -0.0988609 0.197989 -0.255126 0.117937 0.524859 0.842979 0.407261 -0.0889709 -0.148473 0.984906 0.448968 -0.991453 0.107928 -0.0732922 -0.496928 -0.0954174 -0.983009 -0.156807 0.44618 
1531926184364 -0.187254 0.845429 -0.500186 -0.597268 -0.975206 -0.0988609 0.197989 -0.255126 0.117937 0.524859 0.842979 0.407261 -0.0889709 -0.148473 0.984906 0.448968 -0.991453 0.107928 -0.0732922 -0.496928 -0.0954174 -0.983009 -0.156807 0.44618 
1531926184374 -0.187254 0.845429 -0.500186 -0.597268 -0.975206 -0.0988609 0.197989 -0.255126 0.117937 0.524859 0.842979 0.407261 -0.0889709 -0.148473 0.984906 0.448968 -0.991453 0.107928 -0.0732922 -0.496928 -0.0954174 -0.983009 -0.156807 0.44618 
1531926184384 -0.187254 0.845429 -0.500186 -0.597268 -0.975206 -0.0988609 0.197989 -0.255126 0.117937 0.524859 0.842979 0.407261 -0.0889709 -0.148473 0.984906 0.448968 -0.991453 0.107928 -0.0732922 -0.496928 -0.0954174 -0.983009 -0.156807 0.44618 
1531926184394 -0.187254 0.845429 -0.500186 -0.597268 -0.975206 -0.0988609 0.197989 -0.255126 0.117937 0.524859 0.842979 0.407261 -0.0889709 -0.148473 0.984906 0.448968 -0.991453 0.107928 -0.0732922 -0.496928 -0.0954174 -0.983009 -0.156807 0.44618 
1531926184410 -0.187254 0.845429 -0.500186 -0.597268 -0.975206 -0.0988609 0.197989 -0.255126 0.117937 0.524859 0.842979 0.407261 -0.0889709 -0.148473 0.984906 0.448968 -0.991453 0.107928 -0.0732922 -0.496928 -0.0954174 -0.983009 -0.156807 0.44618 
1531926184424 -0.187254 0.845429 -0.500186 -0.597268 -0.975206 -0.0988609 0.197989 -0.255126 0.117937 0.524859 0.842979 0.407261 -0.0889709 -0.148473 0.984906 0.448968 -0.991453 0.107928 -0.0732922 -0.496928 -0.0954174 -0.983009 -0.156807 0.44618 
1531926184434 -0.187254 0.845429 -0.500186 -0.597268 -0.975206 -0.0988609 0.197989 -0.255126 0.117937 0.524859 0.842979 0.407261 -0.0889709 -0.148473 0.984906 0.448968 -0.991453 0.107928 -0.0732922 -0.496928 -0.0954174 -0.983009 -0.156807 0.44618 
1531926184444 -0.187254 0.845429 -0.500186 -0.597268 -0.975206 -0.0988609 0.197989 -0.255126 0.117937 0.524859 0.842979 0.407261 -0.0889709 -0.148473 0.984906 0.448968 -0.991453 0.107928 -0.0732922 -0.496928 -0.0954174 -0.983009 -0.156807 0.44618 
1531926184454 -0.187254 0.845429 -0.500186 -0.597268 -0.975206 -0.0988609 0.197989 -0.255126 0.117937 0.524859 0.842979 0.407261 -0.0889709 -0.148473 0.984906 0.448968 -0.991453 0.107928 -0.0732922 -0.496928 -0.0954174 -0.983009 -0.156807 0.44618 
1531926184464 -0.187254 0.845429 -0.500186 -0.597268 -0.975206 -0.0988609 0.197989 -0.255126 0.117937 0.524859 0.842979 0.407261 -0.0889709 -0.148473 0.984906 0.448968 -0.991453 0.107928 -0.0732922 -0.496928 -0.0954174 -0.983009 -0.156807 0.44618 
1531926184474 -0.187254 0.845429 -0.500186 -0.597268 -0.975206 -0.0988609 0.197989 -0.255126 0.117937 0.524859 0.842979 0.407261 -0.0889709 -0.148473 0.984906 0.448968 -0.991453 0.107928 -0.0732922 -0.496928 -0.0954174 -0.983009 -0.156807 0.44618 
1531926184484 -0.187254 0.845429 -0.500186 -0.597268 -0.975206 -0.0988609 0.197989 -0.255126 0.117937 0.524859 0.842979 0.407261 -0.0889709 -0.148473 0.984906 0.448968 -0.991453 0.107928 -0.0732922 -0.496928 -0.0954174 -0.983009 -0.156807 0.44618 
1531926184494 -0.187254 0.845429 -0.500186 -0.597268 -0.975206 -0.0988609 0.197989 -0.255126 0.117937 0.524859 0.842979 0.407261 -0.0889709 -0.148473 0.984906 0.448968 -0.991453 0.107928 -0.0732922 -0.496928 -0.0954174 -0.983009 -0.156807 0.44618 
1531926184504 -0.187254 0.845429 -0.500186 -0.597268 -0.975206 -0.0988609 0.197989 -0.255126 0.117937 0.524859 0.842979 0.407261 -0.0889709 -0.148473 0.984906 0.448968 -0.991453 0.107928 -0.0732922 -0.496928 -0.0954174 -0.983009 -0.156807 0.44618 
1531926184520 -0.187254 0.845429 -0.500186 -0.597268 -0.975206 -0.0988609 0.197989 -0.255126 0.117937 0.524859 0.842979 0.407261 -0.0889709 -0.148473 0.984906 0.448968 -0.991453 0.107928 -0.0732922 -0.496928 -0.0954174 -0.983009 -0.156807 0.44618 
1531926184534 -0.187254 0.845429 -0.500186 -0.597268 -0.975206 -0.0988609 0.197989 -0.255126 0.117937 0.524859 0.842979 0.407261 -0.0889709 -0.148473 0.984906 0.448968 -0.991453 0.107928 -0.0732922 -0.496928 -0.0954174 -0.983009 -0.156807 0.44618 
1531926184544 -0.187254 0.845429 -0.500186 -0.597268 -0.975206 -0.0988609 0.197989 -0.255126 0.117937 0.524859 0.842979 0.407261 -0.0889709 -0.148473 0.984906 0.448968 -0.991453 0.107928 -0.0732922 -0.496928 -0.0954174 -0.983009 -0.156807 0.44618 
1531926184554 -0.187254 0.845429 -0.500186 -0.597268 -0.975206 -0.0988609 0.197989 -0.255126 0.117937 0.524859 0.842979 0.407261 -0.0889709 -0.148473 0.984906 0.448968 -0.991453 0.107928 -0.0732922 -0.496928 -0.0954174 -0.983009 -0.156807 0.44618 
1531926184564 -0.187254 0.845429 -0.500186 -0.597268 -0.975206 -0.0988609 0.197989 -0.255126 0.117937 0.524859 0.842979 0.407261 -0.0889709 -0.148473 0.984906 0.448968 -0.991453 0.107928 -0.0732922 -0.496928 -0.0954174 -0.983009 -0.156807 0.44618 
1531926184574 -0.187254 0.845429 -0.500186 -0.597268 -0.975206 -0.0988609 0.197989 -0.255126 0.117937 0.524859 0.842979 0.407261 -0.0889709 -0.148473 0.984906 0.448968 -0.991453 0.107928 -0.0732922 -0.496928 -0.0954174 -0.983009 -0.156807 0.44618 
1531926184584 -0.187254 0.845429 -0.500186 -0.597268 -0.975206 -0.0988609 0.197989 -0.255126 0.117937 0.524859 0.842979 0.407261 -0.0889709 -0.148473 0.984906 0.448968 -0.991453 0.107928 -0.0732922 -0.496928 -0.0954174 -0.983009 -0.156807 0.44618 
1531926184594 -0.187254 0.845429 -0.500186 -0.597268 -0.975206 -0.0988609 0.197989 -0.255126 0.117937 0.524859 0.842979 0.407261 -0.0889709 -0.148473 0.984906 0.448968 -0.991453 0.107928 -0.0732922 -0.496928 -0.0954174 -0.983009 -0.156807 0.44618 
1531926184604 -0.187254 0.845429 -0.500186 -0.597268 -0.975206 -0.0988609 0.197989 -0.255126 0.117937 0.524859 0.842979 0.407261 -0.0889709 -0.148473 0.984906 0.448968 -0.991453 0.107928 -0.0732922 -0.496928 -0.0954174 -0.983009 -0.156807 0.44618 
1531926184614 -0.187254 0.845429 -0.500186 -0.597268 -0.975206 -0.0988609 0.197989 -0.255126 0.117937 0.524859 0.842979 0.407261 -0.0889709 -0.148473 0.984906 0.448968 -0.991453 0.107928 -0.0732922 -0.496928 -0.0954174 -0.983009 -0.156807 0.44618 
1531926184630 -0.187254 0.845429 -0.500186 -0.597268 -0.975206 -0.0988609 0.197989 -0.255126 0.117937 0.524859 0.842979 0.407261 -0.0889709 -0.148473 0.984906 0.448968 -0.991453 0.107928 -0.0732922 -0.496928 -0.0954174 -0.983009 -0.156807 0.44618 
1531926184644 -0.187254 0.845429 -0.500186 -0.597268 -0.975206 -0.0988609 0.197989 -0.255126 0.117937 0.524859 0.842979 0.407261 -0.0889709 -0.148473 0.984906 0.448968 -0.991453 0.107928 -0.0732922 -0.496928 -0.0954174 -0.983009 -0.156807 0.44618 
1531926184654 -0.187254 0.845429 -0.500186 -0.597268 -0.975206 -0.0988609 0.197989 -0.255126 0.117937 0.524859 0.842979 0.407261 -0.0889709 -0.148473 0.984906 0.448968 -0.991453 0.107928 -0.0732922 -0.496928 -0.0954174 -0.983009 -0.156807 0.44618 
1531926184664 -0.187254 0.845429 -0.500186 -0.597268 -0.975206 -0.0988609 0.197989 -0.255126 0.117937 0.524859 0.842979 0.407261 -0.0889709 -0.148473 0.984906 0.448968 -0.991453 0.107928 -0.0732922 -0.496928 -0.0954174 -0.983009 -0.156807 0.44618 
1531926184674 -0.187254 0.845429 -0.500186 -0.597268 -0.975206 -0.0988609 0.197989 -0.255126 0.117937 0.524859 0.842979 0.407261 -0.0889709 -0.148473 0.984906 0.448968 -0.991453 0.107928 -0.0732922 -0.496928 -0.0954174 -0.983009 -0.156807 0.44618 
1531926184684 -0.187254 0.845429 -0.500186 -0.597268 -0.975206 -0.0988609 0.197989 -0.255126 0.117937 0.524859 0.842979 0.407261 -0.0889709 -0.148473 0.984906 0.448968 -0.991453 0.107928 -0.0732922 -0.496928 -0.0954174 -0.983009 -0.156807 0.44618 
1531926184694 -0.187254 0.845429 -0.500186 -0.597268 -0.975206 -0.0988609 0.197989 -0.255126 0.117937 0.524859 0.842979 0.407261 -0.0889709 -0.148473 0.984906 0.448968 -0.991453 0.107928 -0.0732922 -0.496928 -0.0954174 -0.983009 -0.156807 0.44618 
1531926184704 -0.187254 0.845429 -0.500186 -0.597268 -0.975206 -0.0988609 0.197989 -0.255126 0.117937 0.524859 0.842979 0.407261 -0.0889709 -0.148473 0.984906 0.448968 -0.991453 0.107928 -0.0732922 -0.496928 -0.0954174 -0.983009 -0.156807 0.44618 
1531926184714 -0.187254 0.845429 -0.500186 -0.597268 -0.975206 -0.0988609 0.197989 -0.255126 0.117937 0.524859 0.842979 0.407261 -0.0889709 -0.148473 0.984906 0.448968 -0.991453 0.107928 -0.0732922 -0.496928 -0.0954174 -0.983009 -0.156807 0.44618 
1531926184724 -0.187254 0.845429 -0.500186 -0.597268 -0.975206 -0.0988609 0.197989 -0.255126 0.117937 0.524859 0.842979 0.407261 -0.0889709 -0.148473 0.984906 0.448968 -0.991453 0.107928 -0.0732922 -0.496928 -0.0954174 -0.983009 -0.156807 0.44618 
1531926184756 -0.187254 0.845429 -0.500186 -0.597268 -0.975206 -0.0988609 0.197989 -0.255126 0.117937 0.524859 0.842979 0.407261 -0.0889709 -0.148473 0.984906 0.448968 -0.991453 0.107928 -0.0732922 -0.496928 -0.0954174 -0.983009 -0.156807 0.44618 
1531926184766 -0.187254 0.845429 -0.500186 -0.597268 -0.975206 -0.0988609 0.197989 -0.255126 0.117937 0.524859 0.842979 0.407261 -0.0889709 -0.148473 0.984906 0.448968 -0.991453 0.107928 -0.0732922 -0.496928 -0.0954174 -0.983009 -0.156807 0.44618 
1531926184776 -0.187254 0.845429 -0.500186 -0.597268 -0.975206 -0.0988609 0.197989 -0.255126 0.117937 0.524859 0.842979 0.407261 -0.0889709 -0.148473 0.984906 0.448968 -0.991453 0.107928 -0.0732922 -0.496928 -0.0954174 -0.983009 -0.156807 0.44618 
1531926184786 -0.187254 0.845429 -0.500186 -0.597268 -0.975206 -0.0988609 0.197989 -0.255126 0.117937 0.524859 0.842979 0.407261 -0.0889709 -0.148473 0.984906 0.448968 -0.991453 0.107928 -0.0732922 -0.496928 -0.0954174 -0.983009 -0.156807 0.44618 
1531926184796 -0.187254 0.845429 -0.500186 -0.597268 -0.975206 -0.0988609 0.197989 -0.255126 0.117937 0.524859 0.842979 0.407261 -0.0889709 -0.148473 0.984906 0.448968 -0.991453 0.107928 -0.0732922 -0.496928 -0.0954174 -0.983009 -0.156807 0.44618 
1531926184806 -0.187254 0.845429 -0.500186 -0.597268 -0.975206 -0.0988609 0.197989 -0.255126 0.117937 0.524859 0.842979 0.407261 -0.0889709 -0.148473 0.984906 0.448968 -0.991453 0.107928 -0.0732922 -0.496928 -0.0954174 -0.983009 -0.156807 0.44618 
1531926184816 -0.187254 0.845429 -0.500186 -0.597268 -0.975206 -0.0988609 0.197989 -0.255126 0.117937 0.524859 0.842979 0.407261 -0.0889709 -0.148473 0.984906 0.448968 -0.991453 0.107928 -0.0732922 -0.496928 -0.0954174 -0.983009 -0.156807 0.44618 
1531926184826 -0.187254 0.845429 -0.500186 -0.597268 -0.975206 -0.0988609 0.197989 -0.255126 0.117937 0.524859 0.842979 0.407261 -0.0889709 -0.148473 0.984906 0.448968 -0.991453 0.107928 -0.0732922 -0.496928 -0.0954174 -0.983009 -0.156807 0.44618 
1531926184836 -0.187254 0.845429 -0.500186 -0.597268 -0.975206 -0.0988609 0.197989 -0.255126 0.117937 0.524859 0.842979 0.407261 -0.0889709 -0.148473 0.984906 0.448968 -0.991453 0.107928 -0.0732922 -0.496928 -0.0954174 -0.983009 -0.156807 0.44618 
1531926184846 -0.187254 0.845429 -0.500186 -0.597268 -0.975206 -0.0988609 0.197989 -0.255126 0.117937 0.524859 0.842979 0.407261 -0.0889709 -0.148473 0.984906 0.448968 -0.991453 0.107928 -0.0732922 -0.496928 -0.0954174 -0.983009 -0.156807 0.44618 
1531926184878 0.130864 -0.636132 0.760402 0.29775 0.573926 -0.576797 -0.581304 0.072734 0.808383 0.512486 0.289611 0.506608 -0.120593 0.469783 0.874506 0.442805 -0.942507 0.222395 -0.24944 -0.268174 -0.311668 -0.854309 0.415955 0.898583 
1531926184898 -0.194858 0.845068 -0.497887 -0.461519 -0.972563 -0.100697 0.209719 -0.199785 0.127091 0.525091 0.841503 0.400529 -0.0930898 -0.150195 0.984264 0.452497 -0.991119 0.108262 -0.0772177 -0.47836 -0.0949607 -0.982711 -0.15894 0.457361 
1531926184907 -0.19007 0.847971 -0.494791 -0.48894 -0.974089 -0.0999614 0.202875 -0.21388 0.122572 0.520531 0.844999 0.389363 -0.0891721 -0.148556 0.984875 0.448751 -0.991439 0.10793 -0.0734865 -0.49558 -0.0953807 -0.982997 -0.156909 0.446564 
1531926184917 -0.189761 0.848297 -0.494352 -0.49011 -0.974202 -0.100037 0.202295 -0.214706 0.122153 0.519986 0.845395 0.388424 -0.0889865 -0.148479 0.984904 0.448942 -0.991453 0.107921 -0.0733086 -0.496815 -0.095407 -0.983009 -0.156813 0.446192 
1531926184928 -0.189675 0.84837 -0.494259 -0.490194 -0.974233 -0.10005 0.202138 -0.214779 0.122037 0.519864 0.845487 0.388292 -0.0889748 -0.148475 0.984905 0.448969 -0.991454 0.107923 -0.0732969 -0.49691 -0.0954111 -0.98301 -0.156809 0.446176 
1531926184937 -0.189651 0.848389 -0.494235 -0.490208 -0.974242 -0.100054 0.202094 -0.214792 0.122004 0.519832 0.845511 0.388262 -0.0889735 -0.148475 0.984906 0.44897 -0.991454 0.107924 -0.0732954 -0.496919 -0.0954129 -0.983009 -0.156808 0.446177 
1531926184947 -0.189644 0.848395 -0.494228 -0.490211 -0.974245 -0.100054 0.202081 -0.214795 0.121995 0.519823 0.845519 0.388253 -0.088973 -0.148474 0.984906 0.44897 -0.991453 0.107925 -0.0732948 -0.496921 -0.0954139 -0.983009 -0.156808 0.446178 
1531926184957 -0.189639 0.848398 -0.494224 -0.490213 -0.974246 -0.100054 0.202073 -0.214797 0.121989 0.519817 0.845523 0.388249 -0.0889729 -0.148474 0.984906 0.448969 -0.991453 0.107926 -0.0732946 -0.496921 -0.0954144 -0.983009 -0.156808 0.446178 
1531926184967 -0.189629 0.848406 -0.494215 -0.490219 -0.974249 -0.100053 0.202058 -0.2148 0.121979 0.519804 0.845532 0.388235 -0.0889733 -0.148474 0.984906 0.448964 -0.991453 0.107926 -0.073295 -0.496913 -0.0954148 -0.983009 -0.156807 0.446179 
1531926184978 -0.189493 0.848513 -0.494083 -0.490244 -0.974277 -0.0999768 0.201963 -0.214819 0.121971 0.519645 0.845631 0.388011 -0.088976 -0.148465 0.984907 0.448891 -0.991454 0.107917 -0.0733 -0.496808 -0.0954055 -0.983012 -0.156799 0.446161 
1531926184994 -0.189493 0.848513 -0.494083 -0.490244 -0.974277 -0.0999768 0.201963 -0.214819 0.121971 0.519645 0.845631 0.388011 -0.088976 -0.148465 0.984907 0.448891 -0.991454 0.107917 -0.0733 -0.496808 -0.0954055 -0.983012 -0.156799 0.446161 
1531926185008 -0.189635 0.848403 -0.494218 -0.490219 -0.974248 -0.100056 0.202064 -0.214802 0.121982 0.519809 0.845529 0.388235 -0.088972 -0.148473 0.984906 0.448964 -0.991453 0.107928 -0.0732935 -0.496918 -0.0954168 -0.983009 -0.156807 0.44618 
1531926185017 -0.18964 0.848398 -0.494224 -0.490214 -0.974246 -0.100055 0.202074 -0.214797 0.121989 0.519817 0.845523 0.388248 -0.0889716 -0.148473 0.984906 0.448968 -0.991453 0.107928 -0.0732931 -0.496927 -0.0954167 -0.983009 -0.156807 0.44618 
1531926185028 -0.189642 0.848397 -0.494226 -0.490213 -0.974245 -0.100055 0.202076 -0.214796 0.121991 0.519819 0.845521 0.38825 -0.0889714 -0.148473 0.984906 0.448968 -0.991453 0.107928 -0.0732929 -0.496928 -0.0954167 -0.983009 -0.156806 0.44618 
1531926185038 -0.189642 0.848396 -0.494226 -0.490212 -0.974245 -0.100055 0.202077 -0.214796 0.121992 0.51982 0.845521 0.388251 -0.0889713 -0.148473 0.984906 0.448968 -0.991453 0.107928 -0.0732928 -0.496928 -0.0954168 -0.983009 -0.156806 0.44618 
1531926185047 -0.189642 0.848396 -0.494226 -0.490212 -0.974245 -0.100055 0.202077 -0.214796 0.121992 0.51982 0.845521 0.388251 -0.0889713 -0.148473 0.984906 0.448968 -0.991453 0.107928 -0.0732928 -0.496928 -0.0954168 -0.983009 -0.156806 0.44618 
1531926185058 -0.189642 0.848396 -0.494226 -0.490212 -0.974245 -0.100055 0.202077 -0.214796 0.121992 0.51982 0.845521 0.388251 -0.0889713 -0.148473 0.984906 0.448968 -0.991453 0.107928 -0.0732928 -0.496928 -0.0954168 -0.983009 -0.156806 0.44618 
1531926185068 -0.189642 0.848396 -0.494226 -0.490212 -0.974245 -0.100055 0.202077 -0.214796 0.121992 0.51982 0.845521 0.388251 -0.0889713 -0.148473 0.984906 0.448968 -0.991453 0.107928 -0.0732928 -0.496928 -0.0954168 -0.983009 -0.156806 0.44618 
1531926185078 -0.189642 0.848396 -0.494226 -0.490212 -0.974245 -0.100055 0.202077 -0.214796 0.121992 0.51982 0.845521 0.388251 -0.0889713 -0.148473 0.984906 0.448968 -0.991453 0.107928 -0.0732928 -0.496928 -0.0954168 -0.983009 -0.156806 0.44618 
1531926185087 -0.18964 0.848397 -0.494225 -0.490213 -0.974246 -0.100054 0.202075 -0.214795 0.121991 0.519819 0.845522 0.388251 -0.0889713 -0.148473 0.984906 0.448968 -0.991453 0.107928 -0.0732928 -0.496927 -0.0954168 -0.983009 -0.156806 0.44618 
1531926185104 -0.18964 0.848397 -0.494225 -0.490213 -0.974246 -0.100054 0.202075 -0.214795 0.121991 0.519819 0.845522 0.388251 -0.0889713 -0.148473 0.984906 0.448968 -0.991453 0.107928 -0.0732928 -0.496927 -0.0954168 -0.983009 -0.156806 0.44618 
1531926185118 -0.189643 0.848396 -0.494227 -0.490212 -0.974245 -0.100055 0.202078 -0.214796 0.121992 0.51982 0.84552 0.388251 -0.0889713 -0.148473 0.984906 0.448968 -0.991453 0.107928 -0.0732929 -0.496928 -0.0954168 -0.983009 -0.156806 0.44618 
1531926185128 -0.189643 0.848396 -0.494227 -0.490212 -0.974245 -0.100055 0.202078 -0.214796 0.121992 0.519821 0.84552 0.388251 -0.0889713 -0.148473 0.984906 0.448968 -0.991453 0.107928 -0.0732928 -0.496928 -0.0954168 -0.983009 -0.156806 0.44618 
1531926185138 -0.189643 0.848396 -0.494227 -0.490212 -0.974245 -0.100055 0.202078 -0.214796 0.121993 0.519821 0.84552 0.388251 -0.0889713 -0.148473 0.984906 0.448968 -0.991453 0.107928 -0.0732928 -0.496928 -0.0954168 -0.983009 -0.156806 0.44618 
1531926185147 -0.189643 0.848396 -0.494227 -0.490212 -0.974245 -0.100055 0.202078 -0.214796 0.121993 0.519821 0.84552 0.388251 -0.0889713 -0.148473 0.984906 0.448968 -0.991453 0.107928 -0.0732928 -0.496928 -0.0954168 -0.983009 -0.156806 0.44618 
1531926185157 -0.189643 0.848396 -0.494227 -0.490212 -0.974245 -0.100055 0.202078 -0.214796 0.121993 0.519821 0.84552 0.388251 -0.0889713 -0.148473 0.984906 0.448968 -0.991453 0.107928 -0.0732928 -0.496928 -0.0954168 -0.983009 -0.156806 0.44618 
1531926185168 -0.189643 0.848396 -0.494227 -0.490212 -0.974245 -0.100055 0.202078 -0.214796 0.121993 0.519821 0.84552 0.388251 -0.0889713 -0.148473 0.984906 0.448968 -0.991453 0.107928 -0.0732928 -0.496928 -0.0954168 -0.983009 -0.156806 0.44618 
1531926185178 -0.189643 0.848396 -0.494227 -0.490212 -0.974245 -0.100055 0.202078 -0.214796 0.121993 0.519821 0.84552 0.388251 -0.0889713 -0.148473 0.984906 0.448968 -0.991453 0.107928 -0.0732928 -0.496928 -0.0954168 -0.983009 -0.156806 0.44618 
1531926185188 -0.189643 0.848396 -0.494227 -0.490212 -0.974245 -0.100055 0.202078 -0.214796 0.121993 0.519821 0.84552 0.388251 -0.0889713 -0.148473 0.984906 0.448968 -0.991453 0.107928 -0.0732928 -0.496928 -0.0954168 -0.983009 -0.156806 0.44618 
1531926185198 -0.189643 0.848396 -0.494227 -0.490212 -0.974245 -0.100055 0.202078 -0.214796 0.121993 0.519821 0.84552 0.388251 -0.0889713 -0.148473 0.984906 0.448968 -0.991453 0.107928 -0.0732928 -0.496928 -0.0954168 -0.983009 -0.156806 0.44618 
1531926185214 -0.189643 0.848396 -0.494227 -0.490212 -0.974245 -0.100055 0.202078 -0.214796 0.121993 0.519821 0.84552 0.388251 -0.0889713 -0.148473 0.984906 0.448968 -0.991453 0.107928 -0.0732928 -0.496928 -0.0954168 -0.983009 -0.156806 0.44618 
1531926185228 -0.189643 0.848396 -0.494227 -0.490212 -0.974245 -0.100055 0.202078 -0.214796 0.121993 0.519821 0.84552 0.388251 -0.0889713 -0.148473 0.984906 0.448968 -0.991453 0.107928 -0.0732928 -0.496928 -0.0954168 -0.983009 -0.156806 0.44618 
1531926185238 -0.189643 0.848396 -0.494227 -0.490212 -0.974245 -0.100055 0.202078 -0.214796 0.121993 0.519821 0.84552 0.388251 -0.0889713 -0.148473 0.984906 0.448968 -0.991453 0.107928 -0.0732928 -0.496928 -0.0954168 -0.983009 -0.156806 0.44618 
1531926185247 -0.189643 0.848396 -0.494227 -0.490212 -0.974245 -0.100055 0.202078 -0.214796 0.121993 0.519821 0.84552 0.388251 -0.0889713 -0.148473 0.984906 0.448968 -0.991453 0.107928 -0.0732928 -0.496928 -0.0954168 -0.983009 -0.156806 0.44618 
1531926185258 -0.189643 0.848396 -0.494227 -0.490212 -0.974245 -0.100055 0.202078 -0.214796 0.121993 0.519821 0.84552 0.388251 -0.0889713 -0.148473 0.984906 0.448968 -0.991453 0.107928 -0.0732928 -0.496928 -0.0954168 -0.983009 -0.156806 0.44618 
1531926185268 -0.189643 0.848396 -0.494227 -0.490212 -0.974245 -0.100055 0.202078 -0.214796 0.121993 0.519821 0.84552 0.388251 -0.0889713 -0.148473 0.984906 0.448968 -0.991453 0.107928 -0.0732928 -0.496928 -0.0954168 -0.983009 -0.156806 0.44618 
1531926185278 -0.189643 0.848396 -0.494227 -0.490212 -0.974245 -0.100055 0.202078 -0.214796 0.121993 0.519821 0.84552 0.388251 -0.0889713 -0.148473 0.984906 0.448968 -0.991453 0.107928 -0.0732928 -0.496928 -0.0954168 -0.983009 -0.156806 0.44618 
1531926185288 -0.189643 0.848396 -0.494227 -0.490212 -0.974245 -0.100055 0.202078 -0.214796 0.121993 0.519821 0.84552 0.388251 -0.0889713 -0.148473 0.984906 0.448968 -0.991453 0.107928 -0.0732928 -0.496928 -0.0954168 -0.983009 -0.156806 0.44618 
1531926185298 -0.189643 0.848396 -0.494227 -0.490212 -0.974245 -0.100055 0.202078 -0.214796 0.121993 0.519821 0.84552 0.388251 -0.0889713 -0.148473 0.984906 0.448968 -0.991453 0.107928 -0.0732928 -0.496928 -0.0954168 -0.983009 -0.156806 0.44618 
1531926185307 -0.189643 0.848396 -0.494227 -0.490212 -0.974245 -0.100055 0.202078 -0.214796 0.121993 0.519821 0.84552 0.388251 -0.0889713 -0.148473 0.984906 0.448968 -0.991453 0.107928 -0.0732928 -0.496928 -0.0954168 -0.983009 -0.156806 0.44618 
1531926185324 -0.189643 0.848396 -0.494227 -0.490212 -0.974245 -0.100055 0.202078 -0.214796 0.121993 0.519821 0.84552 0.388251 -0.0889713 -0.148473 0.984906 0.448968 -0.991453 0.107928 -0.0732928 -0.496928 -0.0954168 -0.983009 -0.156806 0.44618 
1531926185338 -0.189643 0.848396 -0.494227 -0.490212 -0.974245 -0.100055 0.202078 -0.214796 0.121993 0.519821 0.84552 0.388251 -0.0889713 -0.148473 0.984906 0.448968 -0.991453 0.107928 -0.0732928 -0.496928 -0.0954168 -0.983009 -0.156806 0.44618 
1531926185348 -0.189643 0.848396 -0.494227 -0.490212 -0.974245 -0.100055 0.202078 -0.214796 0.121993 0.519821 0.84552 0.388251 -0.0889713 -0.148473 0.984906 0.448968 -0.991453 0.107928 -0.0732928 -0.496928 -0.0954168 -0.983009 -0.156806 0.44618 
1531926185358 -0.189643 0.848396 -0.494227 -0.490212 -0.974245 -0.100055 0.202078 -0.214796 0.121993 0.519821 0.84552 0.388251 -0.0889713 -0.148473 0.984906 0.448968 -0.991453 0.107928 -0.0732928 -0.496928 -0.0954168 -0.983009 -0.156806 0.44618 
1531926185368 -0.189643 0.848396 -0.494227 -0.490212 -0.974245 -0.100055 0.202078 -0.214796 0.121993 0.519821 0.84552 0.388251 -0.0889713 -0.148473 0.984906 0.448968 -0.991453 0.107928 -0.0732928 -0.496928 -0.0954168 -0.983009 -0.156806 0.44618 
1531926185378 -0.189643 0.848396 -0.494227 -0.490212 -0.974245 -0.100055 0.202078 -0.214796 0.121993 0.519821 0.84552 0.388251 -0.0889713 -0.148473 0.984906 0.448968 -0.991453 0.107928 -0.0732928 -0.496928 -0.0954168 -0.983009 -0.156806 0.44618 
1531926185388 -0.189643 0.848396 -0.494227 -0.490212 -0.974245 -0.100055 0.202078 -0.214796 0.121993 0.519821 0.84552 0.388251 -0.0889713 -0.148473 0.984906 0.448968 -0.991453 0.107928 -0.0732928 -0.496928 -0.0954168 -0.983009 -0.156806 0.44618 
1531926185397 -0.189643 0.848396 -0.494227 -0.490212 -0.974245 -0.100055 0.202078 -0.214796 0.121993 0.519821 0.84552 0.388251 -0.0889713 -0.148473 0.984906 0.448968 -0.991453 0.107928 -0.0732928 -0.496928 -0.0954168 -0.983009 -0.156806 0.44618 
1531926185408 -0.189643 0.848396 -0.494227 -0.490212 -0.974245 -0.100055 0.202078 -0.214796 0.121993 0.519821 0.84552 0.388251 -0.0889713 -0.148473 0.984906 0.448968 -0.991453 0.107928 -0.0732928 -0.496928 -0.0954168 -0.983009 -0.156806 0.44618 
1531926185417 -0.189643 0.848396 -0.494227 -0.490212 -0.974245 -0.100055 0.202078 -0.214796 0.121993 0.519821 0.84552 0.388251 -0.0889713 -0.148473 0.984906 0.448968 -0.991453 0.107928 -0.0732928 -0.496928 -0.0954168 -0.983009 -0.156806 0.44618 
1531926185434 -0.189643 0.848396 -0.494227 -0.490212 -0.974245 -0.100055 0.202078 -0.214796 0.121993 0.519821 0.84552 0.388251 -0.0889713 -0.148473 0.984906 0.448968 -0.991453 0.107928 -0.0732928 -0.496928 -0.0954168 -0.983009 -0.156806 0.44618 
1531926185448 -0.189643 0.848396 -0.494227 -0.490212 -0.974245 -0.100055 0.202078 -0.214796 0.121993 0.519821 0.84552 0.388251 -0.0889713 -0.148473 0.984906 0.448968 -0.991453 0.107928 -0.0732928 -0.496928 -0.0954168 -0.983009 -0.156806 0.44618 
1531926185457 -0.189643 0.848396 -0.494227 -0.490212 -0.974245 -0.100055 0.202078 -0.214796 0.121993 0.519821 0.84552 0.388251 -0.0889713 -0.148473 0.984906 0.448968 -0.991453 0.107928 -0.0732928 -0.496928 -0.0954168 -0.983009 -0.156806 0.44618 
1531926185468 -0.189643 0.848396 -0.494227 -0.490212 -0.974245 -0.100055 0.202078 -0.214796 0.121993 0.519821 0.84552 0.388251 -0.0889713 -0.148473 0.984906 0.448968 -0.991453 0.107928 -0.0732928 -0.496928 -0.0954168 -0.983009 -0.156806 0.44618 
1531926185478 -0.189643 0.848396 -0.494227 -0.490212 -0.974245 -0.100055 0.202078 -0.214796 0.121993 0.519821 0.84552 0.388251 -0.0889713 -0.148473 0.984906 0.448968 -0.991453 0.107928 -0.0732928 -0.496928 -0.0954168 -0.983009 -0.156806 0.44618 
1531926185488 -0.189643 0.848396 -0.494227 -0.490212 -0.974245 -0.100055 0.202078 -0.214796 0.121993 0.519821 0.84552 0.388251 -0.0889713 -0.148473 0.984906 0.448968 -0.991453 0.107928 -0.0732928 -0.496928 -0.0954168 -0.983009 -0.156806 0.44618 
1531926185498 -0.189643 0.848396 -0.494227 -0.490212 -0.974245 -0.100055 0.202078 -0.214796 0.121993 0.519821 0.84552 0.388251 -0.0889713 -0.148473 0.984906 0.448968 -0.991453 0.107928 -0.0732928 -0.496928 -0.0954168 -0.983009 -0.156806 0.44618 
1531926185507 -0.189643 0.848396 -0.494227 -0.490212 -0.974245 -0.100055 0.202078 -0.214796 0.121993 0.519821 0.84552 0.388251 -0.0889713 -0.148473 0.984906 0.448968 -0.991453 0.107928 -0.0732928 -0.496928 -0.0954168 -0.983009 -0.156806 0.44618 
1531926185518 -0.189643 0.848396 -0.494227 -0.490212 -0.974245 -0.100055 0.202078 -0.214796 0.121993 0.519821 0.84552 0.388251 -0.0889713 -0.148473 0.984906 0.448968 -0.991453 0.107928 -0.0732928 -0.496928 -0.0954168 -0.983009 -0.156806 0.44618 
1531926185528 -0.189643 0.848396 -0.494227 -0.490212 -0.974245 -0.100055 0.202078 -0.214796 0.121993 0.519821 0.84552 0.388251 -0.0889713 -0.148473 0.984906 0.448968 -0.991453 0.107928 -0.0732928 -0.496928 -0.0954168 -0.983009 -0.156806 0.44618 
1531926185544 -0.189643 0.848396 -0.494227 -0.490212 -0.974245 -0.100055 0.202078 -0.214796 0.121993 0.519821 0.84552 0.388251 -0.0889713 -0.148473 0.984906 0.448968 -0.991453 0.107928 -0.0732928 -0.496928 -0.0954168 -0.983009 -0.156806 0.44618 
1531926185558 -0.189643 0.848396 -0.494227 -0.490212 -0.974245 -0.100055 0.202078 -0.214796 0.121993 0.519821 0.84552 0.388251 -0.0889713 -0.148473 0.984906 0.448968 -0.991453 0.107928 -0.0732928 -0.496928 -0.0954168 -0.983009 -0.156806 0.44618 
