1533578361374 0.464982 0.851099 -0.243768 -0.542383 -0.861589 0.498351 0.0964963 -0.208325 0.20361 0.165159 0.965021 0.342114 0.16008 -0.304787 0.938871 0.370831 -0.775623 0.549475 0.310623 -0.528794 -0.61056 -0.777934 -0.14844 0.432481 
1533578361385 0.435247 0.863553 -0.25463 -0.54955 -0.873312 0.4737 0.113729 -0.2142 0.21883 0.172871 0.960328 0.364515 0.315001 -0.381946 0.868845 0.386844 -0.938285 -0.263074 0.224529 -0.523886 0.142812 -0.885951 -0.441243 0.58104 
1533578362342 0.409623 0.872791 -0.265416 -0.551853 -0.885242 0.450576 0.115451 -0.209 0.220354 0.187666 0.957197 0.362449 0.317286 -0.385031 0.866649 0.387625 -0.93655 -0.270816 0.22256 -0.521657 0.14901 -0.882275 -0.446527 0.585764 
1533578362781 0.383765 0.881375 -0.275504 -0.553958 -0.896331 0.427286 0.118397 -0.203595 0.222071 0.201506 0.953981 0.360566 0.31735 -0.385095 0.866597 0.387663 -0.936511 -0.270967 0.222541 -0.521549 0.14912 -0.882201 -0.446637 0.585911 
1533578363210 0.357659 0.889166 -0.285418 -0.555967 -0.906755 0.403754 0.121561 -0.198178 0.223327 0.215327 0.950663 0.358707 0.317352 -0.385096 0.866596 0.387664 -0.93651 -0.270971 0.222541 -0.521545 0.149122 -0.8822 -0.446639 0.585915 
1533578363648 0.331333 0.896164 -0.295143 -0.557882 -0.916501 0.380011 0.124973 -0.192751 0.224154 0.229091 0.947245 0.356891 0.317352 -0.385096 0.866596 0.387664 -0.93651 -0.270971 0.222541 -0.521545 0.149122 -0.8822 -0.446639 0.585915 
1533578363655 0.304841 0.902438 -0.304429 -0.559715 -0.925426 0.356206 0.129246 -0.187335 0.225076 0.242327 0.943726 0.355431 0.317351 -0.385095 0.866597 0.387663 -0.93651 -0.27097 0.222541 -0.521546 0.149122 -0.8822 -0.446638 0.585915 
1533578364262 0.27816 0.907974 -0.313385 -0.561473 -0.93359 0.332298 0.134117 -0.181953 0.225912 0.255267 0.940108 0.35424 0.317332 -0.385064 0.866618 0.387645 -0.936517 -0.270949 0.222537 -0.521564 0.149118 -0.88222 -0.4466 0.585905 
1533578364699 0.251223 0.912856 -0.321839 -0.563076 -0.941028 0.30819 0.139588 -0.176437 0.226611 0.267792 0.936448 0.353116 0.316711 -0.383613 0.867488 0.38726 -0.936739 -0.270209 0.222504 -0.521751 0.149048 -0.883079 -0.444924 0.586093 
1533578365142 0.238284 0.919109 -0.313784 -0.56175 -0.941664 0.297716 0.156955 -0.160441 0.237677 0.258079 0.936432 0.349844 0.289772 -0.336689 0.89592 0.383725 -0.950832 -0.208186 0.229296 -0.517696 0.109317 -0.918313 -0.380461 0.609467 
1533578365702 0.239142 0.918742 -0.314203 -0.561875 -0.941574 0.298462 0.156076 -0.161459 0.237171 0.258521 0.936438 0.350232 0.289772 -0.336689 0.89592 0.383725 -0.950832 -0.208186 0.229296 -0.517696 0.109317 -0.918313 -0.380461 0.609467 
1533578365712 0.234522 0.918963 -0.317028 -0.562511 -0.942978 0.294297 0.155506 -0.162914 0.236205 0.262481 0.935581 0.351057 0.324637 -0.397491 0.858261 0.392105 -0.932649 -0.285539 0.220531 -0.524575 0.157407 -0.872049 -0.463416 0.56921 
