1535386108147 0.21284 0.919196 -0.331326 -0.471717 -0.943805 0.281159 0.173728 -0.171273 0.252846 0.275731 0.927384 0.474207 0.209854 -0.0874275 0.973816 0.388925 -0.977384 -0.0453494 0.206552 -0.501594 0.0261036 -0.995138 -0.094967 0.439053 
1535386108179 0.217602 0.9198 -0.326522 -0.48738 -0.943043 0.284381 0.172622 -0.17811 0.251635 0.270362 0.929293 0.464146 0.205285 -0.0909481 0.974467 0.389083 -0.978663 -0.0279865 0.203557 -0.499804 0.00875879 -0.995462 -0.0947527 0.439145 
1535386109154 0.222353 0.920362 -0.321703 -0.503044 -0.942263 0.287602 0.171536 -0.18495 0.250397 0.264987 0.931173 0.454083 0.200651 -0.0943873 0.975105 0.38924 -0.979625 -0.0106036 0.200555 -0.498013 -0.0085902 -0.995479 -0.0945918 0.439236 
1535386110106 0.227093 0.920882 -0.316868 -0.518707 -0.941468 0.290826 0.170466 -0.19179 0.249132 0.25961 0.933025 0.44402 0.195956 -0.0977438 0.975729 0.389397 -0.98027 0.00679294 0.197548 -0.496222 -0.0259372 -0.995188 -0.0944842 0.439328 
1535386111067 0.231823 0.921359 -0.312019 -0.534372 -0.940656 0.294051 0.169413 -0.198631 0.24784 0.254229 0.934849 0.433956 0.1912 -0.101016 0.976339 0.389555 -0.980597 0.0241976 0.194537 -0.494431 -0.0432765 -0.99459 -0.0944298 0.43942 
1535386112031 0.236543 0.921793 -0.307156 -0.550037 -0.939827 0.297277 0.168378 -0.205472 0.24652 0.248845 0.936645 0.423893 0.186385 -0.104204 0.976935 0.389712 -0.980606 0.0416047 0.191523 -0.49264 -0.0606026 -0.993685 -0.0944288 0.439512 
1535386113054 0.241252 0.922185 -0.302279 -0.565702 -0.938983 0.300504 0.167359 -0.212312 0.245172 0.243459 0.938413 0.41383 0.181512 -0.107306 0.977517 0.389869 -0.980298 0.0590087 0.188506 -0.490849 -0.0779099 -0.992473 -0.094481 0.439603 
1535386114037 0.24595 0.922534 -0.297388 -0.581366 -0.938121 0.303733 0.166357 -0.219153 0.243797 0.238071 0.940152 0.403767 0.176584 -0.110321 0.978084 0.390026 -0.979672 0.076404 0.185488 -0.489057 -0.0951927 -0.990955 -0.0945866 0.439695 
1535386114993 0.250637 0.92284 -0.292484 -0.597032 -0.937244 0.306962 0.165373 -0.225993 0.242394 0.23268 0.941863 0.393704 0.171601 -0.113248 0.978636 0.390183 -0.978728 0.0937848 0.18247 -0.487266 -0.112446 -0.989131 -0.0947454 0.439787 
1535386116027 0.255313 0.923104 -0.287566 -0.612695 -0.93635 0.310192 0.164406 -0.232833 0.240964 0.227288 0.943545 0.383641 0.166565 -0.116086 0.979173 0.390341 -0.977468 0.111146 0.179452 -0.485475 -0.129663 -0.987001 -0.0949574 0.439878 
1535386117134 0.256169 0.922702 -0.288093 -0.612475 -0.936182 0.311041 0.163756 -0.233098 0.240707 0.227758 0.943497 0.383852 0.166909 -0.115751 0.979154 0.39037 -0.977575 0.109903 0.179632 -0.485716 -0.128404 -0.987179 -0.094812 0.439901 
1535386117240 0.256551 0.922766 -0.287548 -0.614059 -0.936109 0.311279 0.163725 -0.233753 0.240588 0.227173 0.943668 0.382826 0.169874 -0.11605 0.978609 0.390402 -0.977705 0.104534 0.182113 -0.486026 -0.123432 -0.987727 -0.0957049 0.440152 
1535386117633 0.256932 0.92283 -0.287003 -0.615648 -0.936035 0.311517 0.163694 -0.234411 0.240469 0.226587 0.94384 0.381798 0.17284 -0.116332 0.978056 0.390434 -0.9778 0.0991611 0.184589 -0.486337 -0.118459 -0.988248 -0.0966102 0.440404 
1535386117998 0.257312 0.922894 -0.286457 -0.617238 -0.935961 0.311755 0.163664 -0.235069 0.240349 0.226 0.944011 0.38077 0.175806 -0.116597 0.977495 0.390466 -0.977862 0.093785 0.187059 -0.486648 -0.113485 -0.988741 -0.097528 0.440655 
1535386118398 0.257693 0.922957 -0.285912 -0.618827 -0.935887 0.311993 0.163634 -0.235727 0.24023 0.225414 0.944181 0.379743 0.178773 -0.116847 0.976927 0.390498 -0.977888 0.0884056 0.189522 -0.486959 -0.108511 -0.989207 -0.0984584 0.440906 
1535386118767 0.258074 0.923019 -0.285366 -0.620416 -0.935813 0.312231 0.163604 -0.236385 0.24011 0.224827 0.944352 0.378715 0.181739 -0.11708 0.976352 0.39053 -0.977881 0.0830233 0.191979 -0.48727 -0.103537 -0.989646 -0.0994014 0.441157 
1535386119169 0.258454 0.923081 -0.28482 -0.622004 -0.935738 0.312469 0.163574 -0.237042 0.23999 0.224241 0.944522 0.377688 0.184705 -0.117296 0.975769 0.390562 -0.977839 0.077638 0.194429 -0.48758 -0.0985627 -0.990058 -0.100357 0.441409 
1535386119599 0.258835 0.923143 -0.284274 -0.623593 -0.935664 0.312707 0.163544 -0.2377 0.239869 0.223654 0.944691 0.37666 0.18767 -0.117497 0.975179 0.390594 -0.977763 0.0722502 0.196873 -0.487891 -0.0935888 -0.990442 -0.101325 0.44166 
1535386119971 0.259215 0.923204 -0.283728 -0.625182 -0.93559 0.312945 0.163515 -0.238358 0.239749 0.223068 0.944861 0.375633 0.190636 -0.117681 0.974582 0.390626 -0.977653 0.0668598 0.19931 -0.488202 -0.0886152 -0.990798 -0.102305 0.441911 
1535386120362 0.259595 0.923265 -0.283182 -0.626771 -0.935515 0.313183 0.163485 -0.239016 0.239628 0.222481 0.945029 0.374605 0.1936 -0.117848 0.973977 0.390658 -0.977508 0.0614672 0.20174 -0.488513 -0.0836423 -0.991127 -0.103298 0.442163 
1535386120785 0.260115 0.923046 -0.283419 -0.626519 -0.935351 0.31374 0.163357 -0.239173 0.239706 0.222605 0.944981 0.374785 0.193088 -0.117951 0.974066 0.390627 -0.977502 0.0627661 0.20137 -0.488361 -0.0848901 -0.991034 -0.103178 0.442024 
1535386120931 0.25961 0.922906 -0.284337 -0.626749 -0.9354 0.313505 0.163527 -0.239344 0.240061 0.223515 0.944675 0.374761 0.194638 -0.116774 0.973899 0.390666 -0.977634 0.0575479 0.202285 -0.488503 -0.0796675 -0.99149 -0.102961 0.442025 
1535386121200 0.259104 0.922765 -0.285254 -0.626983 -0.935449 0.313269 0.163697 -0.239516 0.240416 0.224426 0.944369 0.374737 0.196146 -0.115594 0.973738 0.390706 -0.97774 0.0523921 0.203172 -0.488641 -0.0745015 -0.991914 -0.102744 0.442024 
1535386121461 0.258597 0.922623 -0.286171 -0.627216 -0.935499 0.313033 0.163868 -0.239689 0.240769 0.225337 0.944062 0.374713 0.197647 -0.114406 0.973574 0.390746 -0.977818 0.0472359 0.204059 -0.488778 -0.0693333 -0.99231 -0.102532 0.442022 
1535386121736 0.258091 0.92248 -0.287088 -0.627448 -0.935547 0.312798 0.164038 -0.239861 0.241122 0.226248 0.943754 0.374689 0.199141 -0.11321 0.97341 0.390785 -0.977868 0.0420796 0.204947 -0.488914 -0.0641628 -0.99268 -0.102325 0.44202 
1535386121998 0.257584 0.922336 -0.288004 -0.627682 -0.935596 0.312562 0.164209 -0.240033 0.241475 0.227158 0.943445 0.374665 0.20063 -0.112006 0.973243 0.390825 -0.97789 0.0369231 0.205837 -0.489052 -0.0589902 -0.993021 -0.102122 0.442019 
1535386122258 0.257076 0.922191 -0.28892 -0.627914 -0.935645 0.312327 0.16438 -0.240205 0.241827 0.228069 0.943135 0.374641 0.202111 -0.110795 0.973075 0.390865 -0.977883 0.0317668 0.206726 -0.489188 -0.0538157 -0.993336 -0.101924 0.442017 
1535386122540 0.256568 0.922045 -0.289836 -0.628148 -0.935693 0.312091 0.164551 -0.240378 0.242179 0.228979 0.942825 0.374617 0.203586 -0.109575 0.972906 0.390905 -0.977848 0.0266107 0.207617 -0.489327 -0.0486394 -0.993622 -0.10173 0.442016 
1535386122553 0.25606 0.921899 -0.290751 -0.628381 -0.935742 0.311856 0.164722 -0.240551 0.24253 0.229889 0.942513 0.374592 0.205054 -0.108348 0.972735 0.390945 -0.977785 0.021455 0.208508 -0.489463 -0.0434615 -0.993881 -0.101542 0.442015 
1535386122930 0.255552 0.921751 -0.291666 -0.628615 -0.93579 0.311621 0.164894 -0.240723 0.24288 0.230799 0.9422 0.374568 0.206516 -0.107113 0.972563 0.390985 -0.977694 0.0162998 0.209401 -0.489601 -0.0382821 -0.994113 -0.101358 0.442013 
1535386123209 0.256055 0.921906 -0.290732 -0.628394 -0.93573 0.31186 0.164781 -0.240539 0.24258 0.229854 0.942508 0.374621 0.206202 -0.107423 0.972595 0.391006 -0.977704 0.0177023 0.20924 -0.489513 -0.0396944 -0.994056 -0.101378 0.441929 
1535386123225 0.255508 0.922008 -0.290891 -0.628366 -0.935775 0.311465 0.165269 -0.240645 0.242982 0.229982 0.942374 0.374712 0.206589 -0.107426 0.972512 0.390982 -0.977655 0.01684 0.209542 -0.48958 -0.0388874 -0.99407 -0.101547 0.44195 
1535386123237 0.254959 0.92211 -0.291049 -0.62834 -0.935821 0.311069 0.165757 -0.240752 0.243382 0.230108 0.942239 0.374802 0.206977 -0.107429 0.97243 0.390959 -0.977604 0.0159775 0.209843 -0.489651 -0.0380803 -0.994084 -0.101716 0.441972 
1535386123256 0.254411 0.922212 -0.291206 -0.628314 -0.935866 0.310672 0.166245 -0.240858 0.243783 0.230236 0.942105 0.374893 0.207364 -0.107432 0.972347 0.390936 -0.977553 0.0151151 0.210145 -0.489721 -0.0372734 -0.994098 -0.101886 0.441994 
1535386123428 0.253861 0.922314 -0.291363 -0.628287 -0.935911 0.310276 0.166734 -0.240965 0.244183 0.230362 0.94197 0.374983 0.207752 -0.107434 0.972264 0.390913 -0.977502 0.0142527 0.210446 -0.489791 -0.0364665 -0.99411 -0.102056 0.442015 
1535386123495 0.253312 0.922415 -0.291519 -0.628262 -0.935955 0.309879 0.167222 -0.241072 0.244584 0.230489 0.941835 0.375074 0.208139 -0.107436 0.972181 0.39089 -0.977449 0.0133902 0.210747 -0.489862 -0.0356596 -0.994122 -0.102226 0.442037 
1535386123636 0.252763 0.922516 -0.291676 -0.628235 -0.935999 0.309483 0.16771 -0.241178 0.244984 0.230617 0.9417 0.375164 0.208526 -0.107438 0.972098 0.390867 -0.977396 0.0125278 0.211047 -0.489932 -0.0348527 -0.994133 -0.102397 0.442059 
1535386123691 0.252214 0.922617 -0.291832 -0.62821 -0.936042 0.309087 0.168199 -0.241285 0.245384 0.230745 0.941564 0.375255 0.208914 -0.107439 0.972014 0.390845 -0.977341 0.0116653 0.211348 -0.490004 -0.0340459 -0.994143 -0.102568 0.44208 
1535386123824 0.251665 0.922718 -0.291987 -0.628184 -0.936085 0.30869 0.168687 -0.241392 0.245784 0.230872 0.941429 0.375345 0.209301 -0.10744 0.971931 0.390822 -0.977286 0.0108028 0.211649 -0.490074 -0.0332392 -0.994153 -0.102739 0.442102 
1535386123895 0.251115 0.922818 -0.292143 -0.628158 -0.936127 0.308294 0.169175 -0.241499 0.246184 0.231001 0.941293 0.375436 0.209689 -0.107441 0.971847 0.390799 -0.97723 0.00994036 0.211949 -0.490144 -0.0324325 -0.994162 -0.10291 0.442124 
1535386124034 0.25163 0.922762 -0.291878 -0.628182 -0.936158 0.308577 0.168486 -0.241301 0.245539 0.230848 0.941499 0.375301 0.208961 -0.107319 0.972017 0.39079 -0.977344 0.0113029 0.211354 -0.490126 -0.033669 -0.99416 -0.102526 0.442124 
1535386124047 0.251204 0.922969 -0.291589 -0.628141 -0.936297 0.308095 0.168595 -0.241409 0.245446 0.230662 0.941569 0.375348 0.208999 -0.108316 0.971899 0.390786 -0.977358 0.0104213 0.211335 -0.490159 -0.0330193 -0.994062 -0.103685 0.442249 
1535386124180 0.250778 0.923176 -0.2913 -0.628105 -0.936436 0.307614 0.168706 -0.24152 0.245353 0.230476 0.941638 0.375394 0.209039 -0.109312 0.971778 0.390782 -0.977371 0.00953901 0.211315 -0.490195 -0.0323692 -0.993962 -0.104845 0.442374 
1535386124269 0.250352 0.923383 -0.29101 -0.62807 -0.936574 0.307132 0.168816 -0.241631 0.245261 0.230289 0.941708 0.37544 0.209079 -0.110309 0.971657 0.390778 -0.977384 0.00865677 0.211295 -0.490231 -0.031719 -0.99386 -0.106004 0.442499 
1535386124402 0.249926 0.92359 -0.290721 -0.628034 -0.936712 0.30665 0.168926 -0.241742 0.245168 0.230103 0.941778 0.375485 0.209121 -0.111305 0.971535 0.390774 -0.977396 0.0077745 0.211273 -0.490266 -0.0310689 -0.993756 -0.107163 0.442625 
1535386124477 0.249499 0.923796 -0.290431 -0.627997 -0.93685 0.306168 0.169036 -0.241852 0.245076 0.229916 0.941847 0.375532 0.209163 -0.112301 0.971411 0.390771 -0.977408 0.0068922 0.211251 -0.490301 -0.0304188 -0.99365 -0.108322 0.44275 
1535386124612 0.249073 0.924003 -0.290141 -0.627961 -0.936988 0.305686 0.169146 -0.241964 0.244983 0.229729 0.941917 0.375577 0.209205 -0.113297 0.971286 0.390767 -0.977419 0.00601002 0.211227 -0.490336 -0.0297688 -0.993543 -0.109481 0.442875 
1535386124683 0.248646 0.924208 -0.289852 -0.627925 -0.937125 0.305204 0.169256 -0.242074 0.244891 0.229543 0.941986 0.375623 0.209248 -0.114293 0.97116 0.390763 -0.977429 0.00512777 0.211202 -0.490371 -0.0291188 -0.993434 -0.11064 0.443 
1535386124817 0.24822 0.924414 -0.289562 -0.62789 -0.937262 0.304721 0.169365 -0.242185 0.244799 0.229356 0.942056 0.375669 0.209292 -0.115288 0.971033 0.390759 -0.977439 0.00424563 0.211176 -0.490407 -0.0284688 -0.993323 -0.111799 0.443125 
1535386124889 0.247793 0.924619 -0.289272 -0.627853 -0.937399 0.304239 0.169475 -0.242296 0.244707 0.229169 0.942125 0.375715 0.209336 -0.116284 0.970905 0.390755 -0.977448 0.00336348 0.211149 -0.490442 -0.0278188 -0.99321 -0.112957 0.443251 
1535386125044 0.248298 0.924377 -0.289612 -0.627914 -0.937227 0.304819 0.169385 -0.242149 0.244855 0.229374 0.942037 0.375729 0.209383 -0.115163 0.971028 0.39081 -0.97742 0.0042455 0.211265 -0.490347 -0.0284525 -0.993337 -0.111674 0.44318 
1535386125063 0.248627 0.924411 -0.289221 -0.627879 -0.937246 0.304961 0.16902 -0.242151 0.244445 0.229048 0.942223 0.37569 0.20921 -0.115855 0.970984 0.390813 -0.97748 0.0032915 0.211002 -0.490375 -0.0276416 -0.993261 -0.112557 0.443251 
1535386125079 0.248957 0.924445 -0.288829 -0.627844 -0.937266 0.305103 0.168656 -0.242153 0.244036 0.228721 0.942408 0.375652 0.209037 -0.116547 0.970938 0.390817 -0.97754 0.00233829 0.210739 -0.490403 -0.0268314 -0.993182 -0.113441 0.443324 
1535386125260 0.249286 0.924479 -0.288437 -0.627809 -0.937285 0.305246 0.168292 -0.242154 0.243627 0.228394 0.942593 0.375613 0.208864 -0.11724 0.970892 0.39082 -0.977598 0.00138507 0.210474 -0.490431 -0.0260207 -0.993103 -0.114324 0.443396 
1535386125275 0.249615 0.924512 -0.288044 -0.627774 -0.937304 0.305389 0.167928 -0.242156 0.243217 0.228067 0.942778 0.375574 0.208692 -0.117932 0.970845 0.390824 -0.977656 0.000432046 0.210209 -0.490459 -0.0252098 -0.993022 -0.115207 0.443468 
1535386125431 0.249943 0.924546 -0.287652 -0.62774 -0.937322 0.305531 0.167564 -0.242157 0.242807 0.227741 0.942963 0.375535 0.208521 -0.118625 0.970797 0.390829 -0.977714 -0.000520425 0.209943 -0.490487 -0.0243993 -0.992939 -0.11609 0.443542 
1535386125489 0.250272 0.924579 -0.287259 -0.627705 -0.937341 0.305674 0.1672 -0.242159 0.242397 0.227414 0.943147 0.375496 0.20835 -0.119318 0.970749 0.390832 -0.97777 -0.001473 0.209676 -0.490514 -0.0235882 -0.992855 -0.116972 0.443614 
1535386125612 0.2506 0.924612 -0.286867 -0.62767 -0.937359 0.305817 0.166836 -0.242161 0.241988 0.227088 0.943331 0.375458 0.20818 -0.120011 0.9707 0.390836 -0.977825 -0.00242538 0.209408 -0.490542 -0.0227769 -0.99277 -0.117854 0.443686 
1535386125665 0.250928 0.924645 -0.286474 -0.627635 -0.937377 0.30596 0.166473 -0.242162 0.241577 0.226761 0.943515 0.375419 0.20801 -0.120704 0.97065 0.39084 -0.97788 -0.00337757 0.20914 -0.49057 -0.0219654 -0.992683 -0.118736 0.443759 
1535386125779 0.251256 0.924677 -0.286081 -0.6276 -0.937395 0.306103 0.166109 -0.242164 0.241167 0.226435 0.943698 0.37538 0.207841 -0.121396 0.9706 0.390843 -0.977934 -0.00432956 0.20887 -0.490598 -0.0211538 -0.992595 -0.119618 0.443831 
1535386125858 0.250323 0.924665 -0.286936 -0.627689 -0.937419 0.305578 0.166934 -0.242097 0.24204 0.227192 0.943292 0.375436 0.208183 -0.120489 0.97064 0.390886 -0.977839 -0.00316901 0.209334 -0.490515 -0.0221464 -0.99271 -0.118479 0.44373 
1535386125875 0.251067 0.924556 -0.286638 -0.627512 -0.937304 0.306155 0.166523 -0.241989 0.241716 0.226858 0.943456 0.375458 0.208247 -0.120859 0.97058 0.390935 -0.977841 -0.00394486 0.209314 -0.490623 -0.0214686 -0.992662 -0.119002 0.443751 
1535386125891 0.251811 0.924446 -0.286339 -0.62733 -0.937188 0.306733 0.166111 -0.241879 0.241391 0.226525 0.943619 0.375481 0.208312 -0.121229 0.97052 0.390984 -0.977842 -0.00472145 0.209293 -0.490732 -0.0207901 -0.992613 -0.119526 0.443771 
1535386126073 0.252554 0.924336 -0.286041 -0.627149 -0.937072 0.307311 0.165699 -0.241768 0.241065 0.226193 0.943782 0.375504 0.208377 -0.121599 0.97046 0.391033 -0.977842 -0.00549808 0.209273 -0.490841 -0.0201116 -0.992564 -0.12005 0.443792 
1535386126229 0.253297 0.924225 -0.285742 -0.626967 -0.936955 0.307888 0.165288 -0.241658 0.24074 0.225861 0.943945 0.375527 0.208442 -0.121968 0.9704 0.391082 -0.977842 -0.00627471 0.209252 -0.49095 -0.0194331 -0.992514 -0.120574 0.443813 
1535386126417 0.254041 0.924113 -0.285443 -0.626784 -0.936837 0.308466 0.164876 -0.241547 0.240414 0.225529 0.944107 0.37555 0.208508 -0.122338 0.970339 0.391131 -0.977841 -0.00705134 0.209231 -0.491059 -0.0187547 -0.992463 -0.121097 0.443834 
1535386126583 0.254784 0.924001 -0.285144 -0.626603 -0.936719 0.309044 0.164465 -0.241437 0.240088 0.225197 0.944269 0.375572 0.208574 -0.122707 0.970278 0.39118 -0.97784 -0.00782792 0.209209 -0.491168 -0.0180762 -0.992412 -0.121621 0.443855 
1535386126737 0.255526 0.923889 -0.284844 -0.62642 -0.936601 0.309622 0.164054 -0.241326 0.239761 0.224865 0.944431 0.375595 0.208639 -0.123077 0.970217 0.391229 -0.977838 -0.00860446 0.209187 -0.491277 -0.0173978 -0.99236 -0.122144 0.443876 
1535386126917 0.256269 0.923776 -0.284544 -0.626239 -0.936481 0.310199 0.163643 -0.241216 0.239435 0.224533 0.944593 0.375618 0.208706 -0.123446 0.970156 0.391278 -0.977835 -0.00938108 0.209164 -0.491385 -0.0167194 -0.992307 -0.122668 0.443896 
1535386127101 0.257011 0.923662 -0.284243 -0.626056 -0.936361 0.310777 0.163232 -0.241106 0.239108 0.224202 0.944754 0.375641 0.208772 -0.123815 0.970095 0.391327 -0.977833 -0.0101576 0.209141 -0.491495 -0.0160411 -0.992253 -0.123191 0.443917 
1535386127281 0.256389 0.923737 -0.28456 -0.626186 -0.936471 0.310296 0.163521 -0.241209 0.239348 0.224557 0.944609 0.375597 0.208654 -0.123433 0.970169 0.391243 -0.977843 -0.00918521 0.209136 -0.491375 -0.0169031 -0.99231 -0.122615 0.443865 
1535386127298 0.256542 0.923634 -0.284758 -0.625856 -0.936389 0.310515 0.163575 -0.241074 0.239505 0.22468 0.94454 0.375713 0.208853 -0.123758 0.970085 0.391285 -0.977792 -0.00875554 0.209396 -0.491486 -0.0174207 -0.992274 -0.122838 0.443852 
1535386127394 0.256695 0.92353 -0.284958 -0.625519 -0.936306 0.310735 0.163629 -0.240936 0.239663 0.224805 0.944471 0.375831 0.209052 -0.124082 0.97 0.391327 -0.97774 -0.00832591 0.209655 -0.491599 -0.0179383 -0.992237 -0.123061 0.443839 
1535386127579 0.256848 0.923425 -0.285157 -0.625184 -0.936224 0.310954 0.163684 -0.240799 0.23982 0.224929 0.944401 0.375948 0.20925 -0.124407 0.969916 0.391369 -0.977688 -0.00789638 0.209914 -0.491711 -0.018456 -0.9922 -0.123283 0.443827 
1535386127770 0.257002 0.923321 -0.285356 -0.624848 -0.936141 0.311174 0.163738 -0.240661 0.239978 0.225053 0.944331 0.376066 0.209448 -0.124732 0.969832 0.391412 -0.977636 -0.00746689 0.210174 -0.491823 -0.0189736 -0.992162 -0.123506 0.443814 
1535386127983 0.257155 0.923217 -0.285555 -0.624513 -0.936059 0.311393 0.163792 -0.240524 0.240136 0.225177 0.944262 0.376183 0.209647 -0.125056 0.969747 0.391454 -0.977583 -0.00703756 0.210433 -0.491935 -0.0194914 -0.992125 -0.123728 0.443801 
1535386128184 0.257308 0.923113 -0.285755 -0.624177 -0.935976 0.311613 0.163846 -0.240386 0.240293 0.225301 0.944192 0.3763 0.209845 -0.125381 0.969662 0.391496 -0.97753 -0.00660825 0.210693 -0.492048 -0.0200092 -0.992087 -0.123951 0.443788 
1535386128385 0.257461 0.923008 -0.285954 -0.623842 -0.935894 0.311833 0.1639 -0.240249 0.240451 0.225425 0.944122 0.376418 0.210043 -0.125706 0.969577 0.391538 -0.977477 -0.0061791 0.210953 -0.49216 -0.020527 -0.992048 -0.124173 0.443775 
1535386128594 0.257614 0.922904 -0.286154 -0.623505 -0.935811 0.312052 0.163954 -0.240111 0.240609 0.225549 0.944053 0.376535 0.21024 -0.126031 0.969492 0.39158 -0.977423 -0.00574997 0.211212 -0.492272 -0.0210448 -0.99201 -0.124395 0.443763 
1535386128794 0.257767 0.922799 -0.286353 -0.62317 -0.935728 0.312272 0.164008 -0.239974 0.240766 0.225673 0.943983 0.376653 0.210437 -0.126356 0.969407 0.391623 -0.97737 -0.00532094 0.211472 -0.492384 -0.0215627 -0.991971 -0.124617 0.44375 
1535386129028 0.257824 0.92282 -0.286234 -0.623317 -0.935739 0.312281 0.163933 -0.240127 0.240666 0.225574 0.944032 0.376605 0.210152 -0.125947 0.969522 0.391542 -0.977444 -0.00578629 0.211117 -0.492281 -0.0209796 -0.99202 -0.124322 0.443792 
1535386129045 0.257907 0.922779 -0.286291 -0.622863 -0.935675 0.312408 0.16405 -0.239925 0.240822 0.225566 0.943994 0.376746 0.210402 -0.126375 0.969412 0.391612 -0.977357 -0.00439885 0.211553 -0.492415 -0.0224707 -0.991973 -0.124439 0.443761 
1535386129233 0.257992 0.922738 -0.286349 -0.622405 -0.935612 0.312536 0.164168 -0.239721 0.240978 0.225557 0.943956 0.376888 0.210652 -0.126803 0.969302 0.391681 -0.977267 -0.00301243 0.211989 -0.49255 -0.023961 -0.991923 -0.124555 0.44373 
1535386129470 0.258076 0.922696 -0.286407 -0.621946 -0.935549 0.312665 0.164285 -0.239517 0.241134 0.225549 0.943918 0.37703 0.210901 -0.127232 0.969192 0.391751 -0.977176 -0.00162619 0.212425 -0.492684 -0.0254512 -0.991872 -0.124671 0.443699 
1535386129704 0.25816 0.922655 -0.286465 -0.621487 -0.935485 0.312793 0.164402 -0.239312 0.241291 0.225541 0.94388 0.377172 0.21115 -0.127661 0.969081 0.391821 -0.977082 -0.000240142 0.212862 -0.492819 -0.0269414 -0.991818 -0.124786 0.443668 
1535386129936 0.258244 0.922613 -0.286523 -0.621028 -0.935422 0.312921 0.16452 -0.239108 0.241447 0.225533 0.943842 0.377315 0.211398 -0.12809 0.968971 0.391891 -0.976987 0.00114577 0.213298 -0.492954 -0.0284316 -0.991762 -0.1249 0.443637 
1535386130167 0.258328 0.922572 -0.286581 -0.62057 -0.935358 0.31305 0.164637 -0.238904 0.241603 0.225525 0.943804 0.377457 0.211645 -0.12852 0.96886 0.391961 -0.976888 0.00253139 0.213735 -0.493088 -0.0299218 -0.991704 -0.125014 0.443606 
1535386130386 0.258412 0.92253 -0.286639 -0.620111 -0.935294 0.313178 0.164754 -0.238699 0.24176 0.225517 0.943766 0.377599 0.211892 -0.12895 0.968749 0.39203 -0.976788 0.00391689 0.214171 -0.493223 -0.031412 -0.991643 -0.125127 0.443575 
1535386130603 0.258496 0.922488 -0.286697 -0.619652 -0.935231 0.313306 0.164872 -0.238495 0.241916 0.225509 0.943728 0.377741 0.212138 -0.129381 0.968637 0.3921 -0.976686 0.00530211 0.214609 -0.493357 -0.032902 -0.991581 -0.125239 0.443544 
1535386130833 0.25858 0.922447 -0.286755 -0.619193 -0.935167 0.313434 0.164989 -0.23829 0.242072 0.225501 0.94369 0.377883 0.212383 -0.129811 0.968526 0.39217 -0.976581 0.0066872 0.215046 -0.493492 -0.0343921 -0.991516 -0.125351 0.443513 
1535386131095 0.258462 0.922531 -0.28659 -0.61942 -0.935228 0.313267 0.164964 -0.238346 0.241963 0.22539 0.943744 0.377897 0.212312 -0.129336 0.968605 0.392148 -0.976648 0.00528566 0.21478 -0.493297 -0.0328985 -0.991587 -0.125193 0.443555 
1535386131114 0.258485 0.922485 -0.286719 -0.619046 -0.935161 0.313368 0.165149 -0.238195 0.242196 0.225439 0.943673 0.378003 0.212415 -0.129003 0.968627 0.392182 -0.976646 0.00472437 0.214803 -0.4934 -0.0322864 -0.991633 -0.124987 0.443487 
1535386131266 0.258509 0.922438 -0.286848 -0.618666 -0.935094 0.313469 0.165335 -0.238042 0.24243 0.225489 0.943601 0.37811 0.212518 -0.128671 0.968648 0.392216 -0.976644 0.00416258 0.214826 -0.493503 -0.0316739 -0.991679 -0.124781 0.44342 
1535386131477 0.258532 0.922391 -0.286978 -0.618286 -0.935027 0.313571 0.165521 -0.237888 0.242663 0.225539 0.943529 0.378218 0.212621 -0.128338 0.96867 0.39225 -0.976641 0.00360082 0.214848 -0.493607 -0.0310613 -0.991724 -0.124575 0.443352 
1535386131692 0.258555 0.922344 -0.287107 -0.617907 -0.93496 0.313673 0.165707 -0.237735 0.242897 0.225589 0.943457 0.378325 0.212725 -0.128006 0.968691 0.392284 -0.976638 0.00303903 0.214871 -0.49371 -0.0304487 -0.991769 -0.124369 0.443284 
1535386131905 0.258578 0.922298 -0.287236 -0.617527 -0.934893 0.313774 0.165893 -0.237582 0.24313 0.225639 0.943385 0.378432 0.212827 -0.127673 0.968713 0.392318 -0.976634 0.00247732 0.214894 -0.493813 -0.029836 -0.991813 -0.124163 0.443216 
1535386132116 0.258601 0.922251 -0.287366 -0.617147 -0.934826 0.313876 0.166079 -0.237428 0.243364 0.225689 0.943312 0.378539 0.21293 -0.127341 0.968734 0.392352 -0.97663 0.00191554 0.214917 -0.493916 -0.0292234 -0.991857 -0.123957 0.443149 
1535386132336 0.258624 0.922204 -0.287495 -0.616768 -0.934759 0.313978 0.166265 -0.237275 0.243597 0.225739 0.94324 0.378646 0.213032 -0.127008 0.968755 0.392386 -0.976626 0.00135381 0.21494 -0.49402 -0.0286107 -0.991901 -0.123751 0.443081 
1535386132538 0.258647 0.922157 -0.287625 -0.616389 -0.934692 0.314079 0.166451 -0.237122 0.243831 0.225788 0.943168 0.378754 0.213134 -0.126675 0.968776 0.39242 -0.976622 0.000792035 0.214964 -0.494123 -0.0279979 -0.991944 -0.123545 0.443013 
1535386132755 0.25867 0.92211 -0.287754 -0.616009 -0.934624 0.314181 0.166637 -0.236968 0.244065 0.225838 0.943096 0.378861 0.213236 -0.126343 0.968797 0.392454 -0.976617 0.000230331 0.214987 -0.494226 -0.0273852 -0.991987 -0.123339 0.442946 
1535386132986 0.258559 0.922167 -0.287672 -0.616257 -0.934682 0.314035 0.166589 -0.237005 0.243962 0.225808 0.94313 0.378859 0.213148 -0.126749 0.968763 0.39242 -0.976619 0.000756711 0.214975 -0.49409 -0.027981 -0.991935 -0.123624 0.443016 
1535386133003 0.2587 0.922066 -0.287868 -0.615944 -0.93464 0.314208 0.166499 -0.236881 0.243973 0.225979 0.943086 0.378963 0.212918 -0.126798 0.968808 0.392451 -0.976685 0.000199191 0.214676 -0.494132 -0.0274133 -0.991929 -0.123799 0.442998 
1535386133015 0.258841 0.921965 -0.288065 -0.615626 -0.934598 0.314381 0.166408 -0.236756 0.243985 0.226151 0.943041 0.379067 0.212688 -0.126845 0.968852 0.392482 -0.976751 -0.000357475 0.214375 -0.494173 -0.0268461 -0.991922 -0.123972 0.44298 
1535386133249 0.258982 0.921864 -0.288262 -0.615309 -0.934556 0.314554 0.166317 -0.23663 0.243996 0.226324 0.942997 0.379172 0.212458 -0.126893 0.968896 0.392513 -0.976817 -0.000914181 0.214075 -0.494215 -0.026279 -0.991916 -0.124146 0.442961 
1535386133443 0.259123 0.921763 -0.288459 -0.614991 -0.934514 0.314727 0.166226 -0.236504 0.244007 0.226496 0.942953 0.379276 0.212228 -0.126942 0.96894 0.392544 -0.976882 -0.00147079 0.213775 -0.494256 -0.0257118 -0.991909 -0.124319 0.442943 
1535386133646 0.259264 0.921661 -0.288656 -0.614673 -0.934472 0.3149 0.166135 -0.236378 0.244018 0.226668 0.942909 0.379381 0.211999 -0.12699 0.968984 0.392575 -0.976946 -0.00202745 0.213475 -0.494298 -0.0251446 -0.991902 -0.124492 0.442925 
1535386133831 0.259405 0.92156 -0.288853 -0.614356 -0.93443 0.315072 0.166045 -0.236253 0.24403 0.22684 0.942864 0.379485 0.211769 -0.127038 0.969028 0.392605 -0.977011 -0.00258408 0.213175 -0.49434 -0.0245773 -0.991894 -0.124665 0.442907 
1535386134025 0.259546 0.921459 -0.289051 -0.614038 -0.934388 0.315245 0.165954 -0.236126 0.244041 0.227013 0.94282 0.37959 0.211539 -0.127087 0.969072 0.392636 -0.977075 -0.00314064 0.212874 -0.494381 -0.02401 -0.991887 -0.124838 0.442889 
1535386134222 0.259686 0.921357 -0.289247 -0.613721 -0.934345 0.315417 0.165863 -0.236001 0.244052 0.227185 0.942775 0.379694 0.211309 -0.127135 0.969116 0.392667 -0.977138 -0.00369723 0.212574 -0.494423 -0.0234426 -0.991878 -0.12501 0.44287 
1535386134398 0.259827 0.921256 -0.289444 -0.613404 -0.934303 0.31559 0.165772 -0.235875 0.244064 0.227357 0.942731 0.379798 0.21108 -0.127184 0.969159 0.392698 -0.977201 -0.0042538 0.212273 -0.494464 -0.0228752 -0.99187 -0.125183 0.442852 
1535386134587 0.259632 0.921318 -0.289422 -0.61364 -0.934368 0.315391 0.165789 -0.235881 0.244025 0.227382 0.942735 0.379655 0.211208 -0.127095 0.969143 0.392625 -0.977154 -0.00340784 0.212507 -0.494472 -0.0237059 -0.991885 -0.124911 0.442858 
1535386134600 0.259747 0.921274 -0.289458 -0.613369 -0.934331 0.315511 0.165766 -0.235763 0.244043 0.227392 0.942728 0.379726 0.211505 -0.126593 0.969144 0.39265 -0.977135 -0.00532288 0.212554 -0.494568 -0.0217492 -0.99194 -0.124825 0.442834 
1535386134772 0.259855 0.921232 -0.289493 -0.61309 -0.934297 0.315624 0.165744 -0.235639 0.24406 0.227403 0.942721 0.3798 0.211801 -0.126091 0.969145 0.392676 -0.977112 -0.0072376 0.212601 -0.494665 -0.0197929 -0.991992 -0.124738 0.44281 
1535386134956 0.259963 0.921191 -0.289529 -0.612812 -0.934262 0.315738 0.165722 -0.235514 0.244077 0.227414 0.942714 0.379873 0.212096 -0.125589 0.969145 0.392701 -0.977086 -0.00915226 0.212648 -0.494763 -0.0178364 -0.99204 -0.124652 0.442786 
1535386135135 0.260072 0.921149 -0.289565 -0.612533 -0.934227 0.315852 0.1657 -0.23539 0.244094 0.227425 0.942707 0.379947 0.212391 -0.125086 0.969146 0.392727 -0.977056 -0.0110669 0.212696 -0.49486 -0.0158798 -0.992084 -0.124566 0.442761 
1535386135317 0.26018 0.921107 -0.2896 -0.612253 -0.934193 0.315966 0.165678 -0.235265 0.244111 0.227437 0.9427 0.38002 0.212684 -0.124582 0.969147 0.392753 -0.977022 -0.0129814 0.212743 -0.494958 -0.0139231 -0.992124 -0.12448 0.442737 
1535386135495 0.260288 0.921065 -0.289636 -0.611975 -0.934158 0.31608 0.165656 -0.235141 0.244128 0.227447 0.942693 0.380093 0.212976 -0.124078 0.969147 0.392778 -0.976984 -0.0148959 0.212791 -0.495055 -0.0119664 -0.992161 -0.124394 0.442713 
1535386135675 0.260396 0.921023 -0.289672 -0.611696 -0.934124 0.316194 0.165634 -0.235016 0.244145 0.227459 0.942685 0.380167 0.213267 -0.123573 0.969148 0.392804 -0.976943 -0.0168102 0.212839 -0.495152 -0.0100096 -0.992193 -0.124309 0.442689 
1535386135859 0.260505 0.920982 -0.289707 -0.611417 -0.934089 0.316308 0.165612 -0.234892 0.244162 0.22747 0.942678 0.38024 0.213558 -0.123067 0.969148 0.392829 -0.976897 -0.0187245 0.212888 -0.495249 -0.00805269 -0.992222 -0.124223 0.442665 
1535386136036 0.260613 0.92094 -0.289743 -0.611139 -0.934054 0.316421 0.16559 -0.234768 0.244179 0.227481 0.942671 0.380313 0.213847 -0.122561 0.969148 0.392855 -0.976848 -0.0206387 0.212936 -0.495346 -0.00609576 -0.992246 -0.124137 0.442641 
1535386136230 0.260586 0.920947 -0.289744 -0.611361 -0.934071 0.316388 0.165562 -0.234876 0.244145 0.227499 0.942676 0.380259 0.213479 -0.122897 0.969187 0.392798 -0.97692 -0.0193906 0.212724 -0.495352 -0.00735014 -0.99223 -0.124201 0.4426 
1535386136242 0.260668 0.920946 -0.289672 -0.611156 -0.934073 0.31643 0.165469 -0.234772 0.244049 0.227442 0.942714 0.380306 0.213921 -0.122973 0.96908 0.392816 -0.976832 -0.0207424 0.213 -0.495458 -0.00609219 -0.992193 -0.124561 0.442662 
1535386136259 0.260751 0.920945 -0.289601 -0.610947 -0.934075 0.316473 0.165377 -0.234666 0.243954 0.227386 0.942752 0.380354 0.214363 -0.123048 0.968972 0.392836 -0.976742 -0.0220936 0.213276 -0.495567 -0.00483521 -0.992155 -0.124922 0.442723 
1535386136267 0.260833 0.920945 -0.289529 -0.610737 -0.934076 0.316515 0.165285 -0.23456 0.243859 0.22733 0.94279 0.380403 0.214805 -0.123123 0.968865 0.392856 -0.97665 -0.0234447 0.213552 -0.495675 -0.00357839 -0.992114 -0.125284 0.442785 
1535386136476 0.260916 0.920944 -0.289458 -0.610527 -0.934078 0.316558 0.165193 -0.234454 0.243763 0.227275 0.942829 0.380451 0.215246 -0.123197 0.968758 0.392875 -0.976557 -0.0247956 0.213826 -0.495785 -0.00232174 -0.992072 -0.125646 0.442847 
1535386136622 0.260999 0.920943 -0.289386 -0.610317 -0.93408 0.316601 0.165101 -0.234348 0.243668 0.227219 0.942867 0.380499 0.215689 -0.12327 0.96865 0.392895 -0.976462 -0.0261467 0.214101 -0.495894 -0.00106523 -0.992029 -0.126008 0.442909 
1535386136771 0.261081 0.920942 -0.289314 -0.610108 -0.934082 0.316644 0.165008 -0.234242 0.243573 0.227163 0.942905 0.380547 0.216132 -0.123343 0.968542 0.392915 -0.976364 -0.0274979 0.214375 -0.496002 0.00019112 -0.991983 -0.126371 0.442971 
1535386136835 0.261164 0.920941 -0.289243 -0.609898 -0.934084 0.316687 0.164916 -0.234135 0.243477 0.227107 0.942943 0.380596 0.216573 -0.123415 0.968434 0.392934 -0.976265 -0.0288488 0.214648 -0.496111 0.00144728 -0.991936 -0.126734 0.443033 
1535386136993 0.261246 0.92094 -0.289171 -0.609689 -0.934085 0.316729 0.164824 -0.23403 0.243382 0.227051 0.942981 0.380644 0.217016 -0.123487 0.968326 0.392954 -0.976164 -0.0301997 0.214921 -0.49622 0.00270328 -0.991887 -0.127097 0.443095 
1535386137042 0.261329 0.920939 -0.2891 -0.60948 -0.934087 0.316772 0.164732 -0.233924 0.243287 0.226995 0.943019 0.380692 0.217459 -0.123558 0.968218 0.392973 -0.976061 -0.0315508 0.215194 -0.496328 0.00395913 -0.991836 -0.127461 0.443157 
1535386137214 0.261042 0.921025 -0.289085 -0.609734 -0.934152 0.31651 0.164869 -0.233946 0.243347 0.227011 0.943 0.380613 0.21705 -0.123417 0.968327 0.392951 -0.976157 -0.0301357 0.214964 -0.496145 0.00265109 -0.991897 -0.127015 0.443117 
1535386137231 0.261038 0.921079 -0.288917 -0.609564 -0.934089 0.316536 0.165175 -0.23388 0.243591 0.226757 0.942998 0.380645 0.217085 -0.123386 0.968323 0.39294 -0.976146 -0.0310437 0.214884 -0.496205 0.00354668 -0.991873 -0.127182 0.443143 
1535386137245 0.261035 0.921132 -0.288749 -0.609388 -0.934026 0.316562 0.16548 -0.233811 0.243836 0.226503 0.942996 0.380678 0.217122 -0.123355 0.968319 0.39293 -0.976134 -0.0319512 0.214804 -0.496267 0.00444176 -0.991848 -0.127349 0.443168 
1535386137261 0.261032 0.921186 -0.288581 -0.609212 -0.933963 0.316589 0.165784 -0.233742 0.24408 0.226249 0.942993 0.380711 0.217159 -0.123324 0.968315 0.39292 -0.976122 -0.0328588 0.214725 -0.496329 0.00533683 -0.991822 -0.127515 0.443194 
1535386137282 0.26103 0.921239 -0.288413 -0.609037 -0.9339 0.316615 0.166089 -0.233674 0.244324 0.225995 0.942991 0.380744 0.217195 -0.123294 0.96831 0.39291 -0.976108 -0.0337662 0.214644 -0.496391 0.00623186 -0.991796 -0.127682 0.44322 
1535386137470 0.261027 0.921292 -0.288246 -0.608861 -0.933837 0.316641 0.166394 -0.233605 0.244568 0.225741 0.942988 0.380778 0.217231 -0.123263 0.968306 0.3929 -0.976094 -0.0346736 0.214564 -0.496453 0.00712688 -0.991768 -0.127848 0.443246 
1535386137505 0.261024 0.921345 -0.288078 -0.608685 -0.933774 0.316668 0.166699 -0.233536 0.244813 0.225487 0.942986 0.380811 0.217267 -0.123232 0.968302 0.392889 -0.976079 -0.0355809 0.214483 -0.496515 0.00802189 -0.99174 -0.128014 0.443272 
1535386137655 0.261022 0.921399 -0.28791 -0.60851 -0.93371 0.316694 0.167004 -0.233468 0.245057 0.225233 0.942983 0.380844 0.217303 -0.123201 0.968298 0.392879 -0.976063 -0.0364883 0.214403 -0.496576 0.0089169 -0.991711 -0.128181 0.443297 
1535386137706 0.261019 0.921452 -0.287743 -0.608335 -0.933647 0.316719 0.167309 -0.2334 0.245301 0.224979 0.94298 0.380877 0.217339 -0.12317 0.968294 0.392869 -0.976047 -0.0373956 0.214323 -0.496638 0.00981188 -0.991681 -0.128347 0.443323 
1535386137841 0.261017 0.921505 -0.287575 -0.608159 -0.933583 0.316746 0.167614 -0.233331 0.245545 0.224725 0.942977 0.38091 0.217375 -0.123139 0.96829 0.392859 -0.976029 -0.0383029 0.214242 -0.4967 0.0107069 -0.99165 -0.128513 0.443349 
1535386137914 0.260918 0.921463 -0.287797 -0.608451 -0.933748 0.316566 0.167033 -0.233419 0.245021 0.225148 0.943013 0.380826 0.217378 -0.123197 0.968282 0.392839 -0.976042 -0.0370177 0.21441 -0.496614 0.00942879 -0.991692 -0.128293 0.443325 
1535386137939 0.261086 0.921461 -0.287653 -0.608217 -0.933715 0.316687 0.166991 -0.233302 0.244972 0.224986 0.943064 0.380875 0.216974 -0.123704 0.968308 0.392831 -0.976141 -0.0360568 0.214123 -0.496673 0.0084262 -0.991664 -0.128576 0.443359 
1535386138104 0.261253 0.921459 -0.287508 -0.607978 -0.933681 0.316809 0.166949 -0.233182 0.244922 0.224825 0.943116 0.380925 0.216568 -0.124211 0.968334 0.392823 -0.976239 -0.0350959 0.213834 -0.496731 0.00742403 -0.991635 -0.12886 0.443392 
1535386138216 0.26142 0.921456 -0.287364 -0.607739 -0.933647 0.31693 0.166907 -0.233063 0.244872 0.224663 0.943167 0.380976 0.216161 -0.124717 0.968359 0.392815 -0.976337 -0.0341347 0.213546 -0.49679 0.00642196 -0.991605 -0.129144 0.443426 
1535386138350 0.261587 0.921454 -0.287219 -0.6075 -0.933614 0.317052 0.166865 -0.232943 0.244822 0.224502 0.943219 0.381026 0.215754 -0.125222 0.968385 0.392807 -0.976433 -0.0331733 0.213257 -0.496848 0.00542 -0.991574 -0.129428 0.443459 
1535386138463 0.261755 0.921451 -0.287075 -0.60726 -0.93358 0.317173 0.166823 -0.232823 0.244771 0.224341 0.94327 0.381076 0.215346 -0.125727 0.96841 0.392799 -0.976528 -0.0322118 0.212969 -0.496906 0.00441816 -0.991542 -0.129713 0.443493 
1535386138594 0.261922 0.921449 -0.28693 -0.607022 -0.933546 0.317294 0.166781 -0.232704 0.244721 0.224179 0.943321 0.381126 0.214938 -0.126232 0.968435 0.392791 -0.976622 -0.03125 0.212681 -0.496965 0.00341644 -0.991508 -0.129998 0.443527 
1535386138700 0.262089 0.921446 -0.286786 -0.606782 -0.933512 0.317416 0.166738 -0.232584 0.244671 0.224018 0.943373 0.381177 0.214529 -0.126736 0.96846 0.392783 -0.976715 -0.0302882 0.212394 -0.497023 0.00241484 -0.991474 -0.130283 0.44356 
1535386138844 0.262256 0.921444 -0.286641 -0.606544 -0.933479 0.317537 0.166696 -0.232465 0.244621 0.223856 0.943424 0.381227 0.214119 -0.12724 0.968485 0.392775 -0.976806 -0.029326 0.212106 -0.497082 0.00141334 -0.991438 -0.130568 0.443594 
1535386138966 0.262424 0.921441 -0.286497 -0.606304 -0.933445 0.317659 0.166654 -0.232345 0.24457 0.223695 0.943475 0.381277 0.21371 -0.127744 0.968509 0.392767 -0.976897 -0.0283638 0.211819 -0.49714 0.000411977 -0.991402 -0.130854 0.443627 
1535386139119 0.262184 0.921439 -0.286721 -0.606585 -0.933469 0.31751 0.166803 -0.232392 0.244735 0.223912 0.943381 0.381241 0.214131 -0.127228 0.968484 0.392725 -0.976804 -0.0292074 0.212134 -0.497094 0.00129746 -0.991443 -0.130531 0.443575 
1535386139136 0.26236 0.921446 -0.286537 -0.606245 -0.933413 0.317651 0.166847 -0.23228 0.244759 0.223684 0.943429 0.381337 0.213971 -0.12699 0.96855 0.392724 -0.976839 -0.0264108 0.212339 -0.49724 -0.00138482 -0.991552 -0.1297 0.443433 
1535386139268 0.262538 0.921453 -0.286354 -0.6059 -0.933357 0.317793 0.16689 -0.232165 0.244783 0.223456 0.943477 0.381433 0.213811 -0.126752 0.968617 0.392724 -0.976866 -0.0236135 0.212542 -0.497387 -0.00406773 -0.991653 -0.128869 0.443291 
1535386139439 0.262715 0.921459 -0.286171 -0.605556 -0.933301 0.317935 0.166934 -0.23205 0.244806 0.223227 0.943525 0.38153 0.213653 -0.126513 0.968683 0.392723 -0.976886 -0.020816 0.212743 -0.497534 -0.00675073 -0.991746 -0.128037 0.44315 
1535386139605 0.262893 0.921465 -0.285988 -0.605211 -0.933245 0.318077 0.166977 -0.231935 0.24483 0.222999 0.943573 0.381626 0.213494 -0.126274 0.968749 0.392722 -0.976899 -0.0180183 0.212942 -0.497681 -0.00943381 -0.991832 -0.127204 0.443008 
1535386139793 0.26307 0.921472 -0.285804 -0.604866 -0.933189 0.318218 0.167021 -0.23182 0.244853 0.222771 0.943621 0.381723 0.213337 -0.126035 0.968815 0.392722 -0.976903 -0.0152205 0.213139 -0.497828 -0.0121169 -0.991909 -0.126371 0.442866 
1535386139965 0.263247 0.921478 -0.285621 -0.604523 -0.933132 0.31836 0.167065 -0.231706 0.244877 0.222543 0.943668 0.381819 0.21318 -0.125794 0.968881 0.392721 -0.976901 -0.0124224 0.213332 -0.497974 -0.0148001 -0.991979 -0.125537 0.442724 
1535386140149 0.263425 0.921484 -0.285438 -0.604179 -0.933076 0.318502 0.167108 -0.231592 0.2449 0.222315 0.943716 0.381915 0.213024 -0.125554 0.968946 0.392721 -0.976891 -0.00962413 0.213523 -0.498121 -0.0174834 -0.99204 -0.124702 0.442582 
1535386140316 0.263602 0.92149 -0.285255 -0.603833 -0.93302 0.318644 0.167152 -0.231477 0.244923 0.222087 0.943764 0.382012 0.212868 -0.125313 0.969012 0.39272 -0.976873 -0.00682583 0.213712 -0.498268 -0.0201666 -0.992094 -0.123868 0.442441 
1535386140492 0.26378 0.921496 -0.285071 -0.603489 -0.932964 0.318785 0.167196 -0.231362 0.244947 0.221858 0.943811 0.382108 0.212713 -0.125071 0.969077 0.392719 -0.976847 -0.00402739 0.213899 -0.498415 -0.0228497 -0.99214 -0.123032 0.442299 
1535386140693 0.263655 0.921451 -0.285333 -0.603749 -0.933002 0.318711 0.167124 -0.231461 0.244935 0.222153 0.943745 0.381971 0.212688 -0.125172 0.96907 0.3927 -0.976903 -0.00631237 0.213591 -0.498348 -0.0206185 -0.992115 -0.123623 0.442409 
1535386140702 0.263961 0.9215 -0.28489 -0.603448 -0.932933 0.318907 0.167134 -0.231326 0.244868 0.221667 0.943877 0.382011 0.213059 -0.124278 0.969103 0.392712 -0.976808 -0.00549532 0.214048 -0.498534 -0.0212761 -0.992232 -0.122567 0.442237 
1535386140859 0.264269 0.921549 -0.284448 -0.603142 -0.932864 0.319105 0.167145 -0.231189 0.2448 0.22118 0.944009 0.382052 0.213432 -0.123386 0.969135 0.392725 -0.976712 -0.00467794 0.214505 -0.498723 -0.0219333 -0.992348 -0.121511 0.442065 
1535386141005 0.264576 0.921597 -0.284005 -0.602836 -0.932794 0.319302 0.167155 -0.231053 0.244733 0.220693 0.94414 0.382093 0.213805 -0.122493 0.969166 0.392739 -0.976615 -0.00386013 0.21496 -0.498912 -0.0225901 -0.992462 -0.120454 0.441893 
1535386141140 0.264883 0.921645 -0.283562 -0.60253 -0.932725 0.319499 0.167165 -0.230915 0.244665 0.220206 0.944271 0.382134 0.214178 -0.121601 0.969196 0.392752 -0.976518 -0.0030419 0.215414 -0.499102 -0.0232465 -0.992574 -0.119397 0.441721 
