1534349368538 0.0976749 0.850852 -0.516247 -0.493601 -0.962029 0.213565 0.169969 -0.230433 0.25487 0.480043 0.839405 0.452846 0.16008 -0.304787 0.938871 0.370831 -0.775623 0.549475 0.310623 -0.528794 -0.61056 -0.777934 -0.14844 0.432481 
1534349368549 0.100611 0.849234 -0.518343 -0.505665 -0.961784 0.216365 0.167801 -0.229784 0.254654 0.481651 0.838549 0.448984 0.316241 -0.38488 0.867098 0.400864 -0.930001 -0.306251 0.203246 -0.504429 0.187325 -0.870677 -0.454788 0.485926 
1534349369186 0.103547 0.847603 -0.52043 -0.517729 -0.961528 0.21916 0.165627 -0.229134 0.254443 0.483258 0.837687 0.445122 0.316241 -0.38488 0.867098 0.400864 -0.930001 -0.306251 0.203246 -0.504429 0.187325 -0.870677 -0.454788 0.485926 
1534349369821 0.106481 0.845959 -0.522509 -0.529792 -0.961262 0.221947 0.163445 -0.228484 0.254237 0.484864 0.836822 0.441261 0.316241 -0.38488 0.867098 0.400864 -0.930001 -0.306251 0.203246 -0.504429 0.187325 -0.870677 -0.454788 0.485926 
1534349370475 0.109416 0.844302 -0.524578 -0.541855 -0.960986 0.224728 0.161257 -0.227835 0.254037 0.486468 0.835951 0.437399 0.316241 -0.38488 0.867098 0.400864 -0.930001 -0.306251 0.203246 -0.504429 0.187325 -0.870677 -0.454788 0.485926 
1534349371143 0.11235 0.842633 -0.526638 -0.553917 -0.960699 0.227503 0.159061 -0.227184 0.253842 0.48807 0.835076 0.433537 0.316241 -0.38488 0.867098 0.400864 -0.930001 -0.306251 0.203246 -0.504429 0.187325 -0.870677 -0.454788 0.485926 
1534349371817 0.115283 0.840951 -0.528689 -0.565978 -0.960401 0.230272 0.156858 -0.226533 0.253652 0.48967 0.834196 0.429676 0.316241 -0.38488 0.867098 0.400864 -0.930001 -0.306251 0.203246 -0.504429 0.187325 -0.870677 -0.454788 0.485926 
1534349372505 0.118216 0.839256 -0.53073 -0.578038 -0.960093 0.233034 0.154649 -0.225882 0.253468 0.491269 0.833312 0.425815 0.316241 -0.38488 0.867098 0.400864 -0.930001 -0.306251 0.203246 -0.504429 0.187325 -0.870677 -0.454788 0.485926 
1534349373179 0.121148 0.837548 -0.532763 -0.590096 -0.959775 0.235789 0.152432 -0.22523 0.253289 0.492865 0.832423 0.421953 0.316241 -0.38488 0.867098 0.400864 -0.930001 -0.306251 0.203246 -0.504429 0.187325 -0.870677 -0.454788 0.485926 
1534349373871 0.124197 0.835772 -0.534846 -0.601143 -0.959437 0.238637 0.150112 -0.224103 0.253094 0.494507 0.831508 0.418229 0.316531 -0.385118 0.866887 0.401814 -0.929976 -0.306103 0.20358 -0.50615 0.186955 -0.870623 -0.455042 0.486735 
1534349374544 0.124416 0.836316 -0.533944 -0.6007 -0.959389 0.238698 0.150322 -0.224214 0.253168 0.493557 0.83205 0.418653 0.316531 -0.385118 0.866887 0.401814 -0.929976 -0.306103 0.20358 -0.50615 0.186955 -0.870623 -0.455042 0.486735 
1534349374556 0.124676 0.836095 -0.53423 -0.602055 -0.959361 0.238957 0.150087 -0.224187 0.253145 0.493807 0.831909 0.41821 0.316221 -0.384863 0.867113 0.400797 -0.930002 -0.306262 0.203223 -0.504308 0.187351 -0.87068 -0.45477 0.485869 
1534349374792 0.124936 0.835873 -0.534515 -0.60341 -0.959333 0.239216 0.149853 -0.22416 0.253123 0.494056 0.831768 0.417768 0.316221 -0.384863 0.867113 0.400797 -0.930002 -0.306262 0.203223 -0.504308 0.187351 -0.87068 -0.45477 0.485869 
1534349375039 0.125195 0.835652 -0.534801 -0.604764 -0.959305 0.239474 0.149619 -0.224133 0.253101 0.494305 0.831626 0.417325 0.316221 -0.384863 0.867113 0.400797 -0.930002 -0.306262 0.203223 -0.504308 0.187351 -0.87068 -0.45477 0.485869 
1534349375282 0.125454 0.835431 -0.535086 -0.606119 -0.959277 0.239732 0.149386 -0.224106 0.253079 0.494555 0.831485 0.416883 0.316221 -0.384863 0.867113 0.400797 -0.930002 -0.306262 0.203223 -0.504308 0.187351 -0.87068 -0.45477 0.485869 
1534349375289 0.125714 0.835209 -0.535371 -0.607474 -0.959249 0.239991 0.149151 -0.224079 0.253057 0.494804 0.831343 0.41644 0.316221 -0.384863 0.867113 0.400797 -0.930002 -0.306262 0.203223 -0.504308 0.187351 -0.87068 -0.45477 0.485869 
1534349375621 0.125974 0.834987 -0.535657 -0.608829 -0.959221 0.240249 0.148917 -0.224051 0.253035 0.495053 0.831201 0.415997 0.316221 -0.384863 0.867113 0.400797 -0.930002 -0.306262 0.203223 -0.504308 0.187351 -0.87068 -0.45477 0.485869 
1534349375874 0.126233 0.834765 -0.535941 -0.610183 -0.959192 0.240507 0.148683 -0.224024 0.253013 0.495302 0.83106 0.415555 0.316221 -0.384863 0.867113 0.400797 -0.930002 -0.306262 0.203223 -0.504308 0.187351 -0.87068 -0.45477 0.485869 
1534349376127 0.126493 0.834542 -0.536227 -0.61154 -0.959164 0.240766 0.148448 -0.223998 0.252991 0.495551 0.830918 0.415112 0.31622 -0.384863 0.867113 0.400797 -0.930002 -0.306262 0.203222 -0.504307 0.187351 -0.87068 -0.45477 0.485868 
1534349376375 0.126752 0.83432 -0.536511 -0.612894 -0.959135 0.241024 0.148214 -0.223971 0.252969 0.495801 0.830776 0.414669 0.31622 -0.384863 0.867113 0.400797 -0.930002 -0.306262 0.203222 -0.504307 0.187351 -0.87068 -0.45477 0.485868 
1534349376634 0.126771 0.834521 -0.536193 -0.612585 -0.95909 0.241068 0.148437 -0.223978 0.253133 0.49544 0.830941 0.41489 0.31622 -0.384863 0.867113 0.400797 -0.930002 -0.306262 0.203222 -0.504307 0.187351 -0.87068 -0.45477 0.485868 
1534349376645 0.127039 0.834954 -0.535455 -0.612671 -0.959015 0.241238 0.148641 -0.224007 0.253281 0.494627 0.83138 0.414698 0.31622 -0.384863 0.867113 0.400795 -0.930002 -0.306262 0.203222 -0.504304 0.187351 -0.87068 -0.454769 0.485867 
1534349376776 0.127307 0.835387 -0.534716 -0.61276 -0.958941 0.241408 0.148845 -0.224038 0.253428 0.493812 0.83182 0.414506 0.31622 -0.384863 0.867113 0.400795 -0.930002 -0.306262 0.203222 -0.504304 0.187351 -0.87068 -0.454769 0.485867 
1534349376823 0.127575 0.83582 -0.533976 -0.61285 -0.958866 0.241578 0.149049 -0.224068 0.253575 0.492997 0.832258 0.414314 0.31622 -0.384863 0.867113 0.400795 -0.930002 -0.306262 0.203222 -0.504304 0.187351 -0.87068 -0.454769 0.485867 
1534349376928 0.127844 0.836251 -0.533236 -0.612941 -0.958792 0.241748 0.149252 -0.2241 0.253721 0.492182 0.832696 0.414122 0.31622 -0.384863 0.867113 0.400795 -0.930002 -0.306262 0.203222 -0.504304 0.187351 -0.87068 -0.454769 0.485867 
1534349376984 0.128112 0.836681 -0.532496 -0.613031 -0.958717 0.241918 0.149457 -0.224131 0.253868 0.491366 0.833133 0.413929 0.31622 -0.384863 0.867113 0.400795 -0.930002 -0.306262 0.203222 -0.504304 0.187351 -0.87068 -0.454769 0.485867 
1534349377082 0.12838 0.837111 -0.531755 -0.613121 -0.958642 0.242087 0.149661 -0.224162 0.254014 0.490549 0.83357 0.413737 0.31622 -0.384863 0.867113 0.400795 -0.930002 -0.306262 0.203222 -0.504304 0.187351 -0.87068 -0.454769 0.485867 
1534349377138 0.128649 0.837541 -0.531013 -0.613212 -0.958568 0.242256 0.149866 -0.224193 0.25416 0.489732 0.834005 0.413545 0.31622 -0.384863 0.867113 0.400795 -0.930002 -0.306262 0.203222 -0.504304 0.187351 -0.87068 -0.454769 0.485867 
1534349377245 0.128917 0.837969 -0.530272 -0.613301 -0.958493 0.242425 0.15007 -0.224224 0.254305 0.488915 0.83444 0.413353 0.31622 -0.384863 0.867113 0.400795 -0.930002 -0.306262 0.203222 -0.504304 0.187351 -0.87068 -0.454769 0.485867 
1534349377300 0.129186 0.838397 -0.52953 -0.613391 -0.958418 0.242594 0.150275 -0.224254 0.254451 0.488098 0.834875 0.413161 0.31622 -0.384863 0.867113 0.400795 -0.930002 -0.306262 0.203222 -0.504304 0.187351 -0.87068 -0.454769 0.485867 
1534349377412 0.128838 0.837849 -0.530481 -0.613268 -0.958546 0.242314 0.149912 -0.224235 0.254147 0.489176 0.834336 0.413327 0.31622 -0.384863 0.867113 0.400795 -0.930002 -0.306262 0.203222 -0.504304 0.187351 -0.87068 -0.454769 0.485867 
1534349377424 0.128805 0.838036 -0.530193 -0.613288 -0.958586 0.242166 0.149895 -0.224359 0.254012 0.488929 0.834522 0.413253 0.31622 -0.384863 0.867113 0.400795 -0.930002 -0.306262 0.203222 -0.504304 0.187351 -0.87068 -0.454769 0.485867 
1534349377431 0.128772 0.838223 -0.529905 -0.613313 -0.958626 0.242018 0.149877 -0.224484 0.253877 0.488681 0.834708 0.413179 0.31622 -0.384863 0.867113 0.400795 -0.930002 -0.306262 0.203222 -0.504304 0.187351 -0.87068 -0.454769 0.485867 
1534349377444 0.128739 0.83841 -0.529617 -0.613337 -0.958667 0.241869 0.149859 -0.22461 0.253742 0.488434 0.834894 0.413105 0.31622 -0.384863 0.867113 0.400795 -0.930002 -0.306262 0.203222 -0.504304 0.187351 -0.87068 -0.454769 0.485867 
1534349377553 0.128706 0.838597 -0.529329 -0.61336 -0.958707 0.241721 0.149841 -0.224735 0.253607 0.488186 0.83508 0.413031 0.31622 -0.384863 0.867113 0.400795 -0.930002 -0.306262 0.203222 -0.504304 0.187351 -0.87068 -0.454769 0.485867 
1534349377570 0.128672 0.838784 -0.529041 -0.613385 -0.958747 0.241572 0.149824 -0.22486 0.253471 0.487938 0.835266 0.412957 0.31622 -0.384863 0.867113 0.400795 -0.930002 -0.306262 0.203222 -0.504304 0.187351 -0.87068 -0.454769 0.485867 
1534349377618 0.128639 0.838971 -0.528753 -0.613408 -0.958787 0.241424 0.149806 -0.224985 0.253336 0.48769 0.835451 0.412883 0.31622 -0.384863 0.867113 0.400795 -0.930002 -0.306262 0.203222 -0.504304 0.187351 -0.87068 -0.454769 0.485867 
1534349377675 0.128606 0.839158 -0.528464 -0.613433 -0.958827 0.241275 0.149788 -0.225111 0.253201 0.487442 0.835637 0.412809 0.31622 -0.384863 0.867113 0.400795 -0.930002 -0.306262 0.203222 -0.504304 0.187351 -0.87068 -0.454769 0.485867 
1534349377720 0.128573 0.839345 -0.528176 -0.613457 -0.958867 0.241127 0.14977 -0.225236 0.253066 0.487194 0.835822 0.412735 0.31622 -0.384863 0.867113 0.400795 -0.930002 -0.306262 0.203222 -0.504304 0.187351 -0.87068 -0.454769 0.485867 
1534349377752 0.128539 0.839531 -0.527888 -0.61348 -0.958908 0.240979 0.149751 -0.225362 0.252931 0.486946 0.836008 0.412661 0.31622 -0.384863 0.867113 0.400795 -0.930002 -0.306262 0.203222 -0.504304 0.187351 -0.87068 -0.454769 0.485867 
1534349377796 0.128526 0.839163 -0.528475 -0.613446 -0.958835 0.241215 0.149834 -0.224982 0.253211 0.487463 0.835622 0.412856 0.31622 -0.384863 0.867113 0.400795 -0.930002 -0.306262 0.203222 -0.504304 0.187351 -0.87068 -0.454769 0.485867 
1534349377810 0.128175 0.839095 -0.528669 -0.613343 -0.958906 0.240908 0.149879 -0.225223 0.253123 0.487732 0.835491 0.412834 0.31622 -0.384863 0.867113 0.400795 -0.930002 -0.306262 0.203222 -0.504304 0.187351 -0.87068 -0.45477 0.485867 
1534349377826 0.127824 0.839027 -0.528862 -0.613241 -0.958976 0.2406 0.149924 -0.225465 0.253034 0.488002 0.835361 0.412813 0.31622 -0.384863 0.867113 0.400795 -0.930002 -0.306262 0.203222 -0.504304 0.187351 -0.87068 -0.45477 0.485867 
1534349377831 0.127473 0.838958 -0.529056 -0.61314 -0.959046 0.240292 0.149969 -0.225709 0.252946 0.488272 0.83523 0.412791 0.31622 -0.384863 0.867113 0.400795 -0.930002 -0.306262 0.203222 -0.504304 0.187351 -0.87068 -0.45477 0.485867 
1534349377966 0.127123 0.838889 -0.529249 -0.613037 -0.959116 0.239984 0.150014 -0.225951 0.252857 0.488541 0.835099 0.41277 0.31622 -0.384863 0.867113 0.400795 -0.930002 -0.306262 0.203222 -0.504304 0.187351 -0.87068 -0.45477 0.485867 
1534349378013 0.126772 0.83882 -0.529443 -0.612937 -0.959186 0.239676 0.150059 -0.226194 0.252768 0.48881 0.834969 0.412748 0.31622 -0.384863 0.867113 0.400795 -0.930002 -0.306262 0.203222 -0.504304 0.187351 -0.87068 -0.45477 0.485867 
1534349378114 0.126421 0.838751 -0.529636 -0.612835 -0.959256 0.239369 0.150104 -0.226437 0.252679 0.48908 0.834838 0.412727 0.31622 -0.384863 0.867113 0.400795 -0.930002 -0.306262 0.203222 -0.504304 0.187351 -0.87068 -0.45477 0.485867 
1534349378153 0.126071 0.838682 -0.529829 -0.612735 -0.959325 0.239061 0.150149 -0.226681 0.252589 0.489349 0.834707 0.412705 0.31622 -0.384863 0.867113 0.400795 -0.930002 -0.306262 0.203222 -0.504304 0.187351 -0.87068 -0.45477 0.485867 
1534349378263 0.125719 0.838613 -0.530022 -0.612634 -0.959395 0.238753 0.150195 -0.226923 0.2525 0.489618 0.834576 0.412684 0.31622 -0.384863 0.867113 0.400795 -0.930002 -0.306262 0.203222 -0.504304 0.187351 -0.87068 -0.45477 0.485867 
1534349378309 0.125369 0.838543 -0.530216 -0.612532 -0.959464 0.238445 0.150241 -0.227166 0.252411 0.489887 0.834445 0.412662 0.31622 -0.384863 0.867113 0.400795 -0.930002 -0.306262 0.203222 -0.504304 0.187351 -0.87068 -0.45477 0.485867 
1534349378415 0.125826 0.838699 -0.52986 -0.61268 -0.959399 0.238779 0.150126 -0.226833 0.25243 0.489458 0.834692 0.412704 0.31622 -0.384863 0.867113 0.400795 -0.930002 -0.306262 0.203222 -0.504304 0.187351 -0.87068 -0.45477 0.485867 
1534349378428 0.125407 0.838779 -0.529833 -0.612406 -0.959428 0.238469 0.150431 -0.226959 0.252527 0.489471 0.834654 0.412697 0.31622 -0.384863 0.867113 0.400795 -0.930002 -0.306262 0.203222 -0.504304 0.187351 -0.87068 -0.45477 0.485867 
1534349378445 0.124989 0.838859 -0.529805 -0.61213 -0.959457 0.23816 0.150736 -0.227085 0.252625 0.489485 0.834617 0.412689 0.31622 -0.384863 0.867113 0.400795 -0.930002 -0.306262 0.203222 -0.504304 0.187351 -0.87068 -0.45477 0.485867 
1534349378552 0.124571 0.838938 -0.529778 -0.611853 -0.959486 0.237851 0.151041 -0.227209 0.252722 0.489499 0.834579 0.412682 0.31622 -0.384863 0.867113 0.400795 -0.930002 -0.306262 0.203222 -0.504304 0.187351 -0.87068 -0.45477 0.485867 
1534349378558 0.124154 0.839018 -0.52975 -0.611575 -0.959514 0.237543 0.151345 -0.227334 0.25282 0.489513 0.834541 0.412676 0.31622 -0.384863 0.867113 0.400795 -0.930002 -0.306262 0.203222 -0.504304 0.187351 -0.87068 -0.45477 0.485867 
1534349378677 0.123737 0.839096 -0.529723 -0.611299 -0.959543 0.237235 0.151649 -0.227459 0.252917 0.489527 0.834504 0.412668 0.31622 -0.384863 0.867113 0.400795 -0.930002 -0.306262 0.203222 -0.504304 0.187351 -0.87068 -0.45477 0.485867 
1534349378743 0.123319 0.839176 -0.529695 -0.611021 -0.959571 0.236926 0.151954 -0.227584 0.253015 0.489541 0.834466 0.412662 0.31622 -0.384863 0.867113 0.400795 -0.930002 -0.306262 0.203222 -0.504304 0.187351 -0.87068 -0.45477 0.485867 
1534349378819 0.122901 0.839255 -0.529667 -0.610744 -0.959599 0.236617 0.152259 -0.227709 0.253112 0.489555 0.834428 0.412654 0.31622 -0.384863 0.867113 0.400795 -0.930002 -0.306262 0.203222 -0.504304 0.187351 -0.87068 -0.45477 0.485867 
1534349378876 0.122483 0.839333 -0.529639 -0.610466 -0.959626 0.236309 0.152563 -0.227833 0.25321 0.489569 0.83439 0.412648 0.31622 -0.384863 0.867113 0.400795 -0.930002 -0.306262 0.203222 -0.504304 0.187351 -0.87068 -0.45477 0.485867 
1534349378947 0.122065 0.839412 -0.529611 -0.610189 -0.959654 0.236 0.152868 -0.227958 0.253307 0.489583 0.834352 0.412641 0.31622 -0.384863 0.867113 0.400795 -0.930002 -0.306262 0.203222 -0.504304 0.187351 -0.87068 -0.45477 0.485867 
1534349379022 0.122611 0.839352 -0.52958 -0.610626 -0.959641 0.236347 0.152415 -0.227711 0.253094 0.489519 0.834455 0.412691 0.31622 -0.384863 0.867113 0.400795 -0.930002 -0.306262 0.203222 -0.504304 0.187351 -0.87068 -0.45477 0.485867 
1534349379033 0.122162 0.839365 -0.529663 -0.610329 -0.959684 0.236008 0.152665 -0.227782 0.253146 0.489659 0.834357 0.412753 0.31622 -0.384863 0.867113 0.400795 -0.930002 -0.306262 0.203222 -0.504304 0.187351 -0.87068 -0.45477 0.485867 
1534349379056 0.121713 0.839377 -0.529747 -0.610027 -0.959727 0.235671 0.152913 -0.227851 0.253198 0.489801 0.834258 0.412816 0.31622 -0.384863 0.867113 0.400795 -0.930002 -0.306262 0.203222 -0.504304 0.187351 -0.87068 -0.45477 0.485867 
1534349379088 0.121264 0.839389 -0.529831 -0.609726 -0.959771 0.235333 0.153162 -0.22792 0.253249 0.489943 0.834159 0.412878 0.31622 -0.384863 0.867113 0.400795 -0.930002 -0.306262 0.203222 -0.504304 0.187351 -0.87068 -0.45477 0.485867 
1534349379218 0.120815 0.839401 -0.529915 -0.609424 -0.959814 0.234995 0.153411 -0.227989 0.253301 0.490085 0.83406 0.412941 0.31622 -0.384863 0.867113 0.400795 -0.930002 -0.306262 0.203222 -0.504304 0.187351 -0.87068 -0.45477 0.485867 
1534349379273 0.120366 0.839413 -0.529998 -0.609123 -0.959857 0.234657 0.153661 -0.228058 0.253352 0.490227 0.833961 0.413003 0.31622 -0.384863 0.867113 0.400795 -0.930002 -0.306262 0.203222 -0.504304 0.187351 -0.87068 -0.45477 0.485867 
1534349379386 0.119917 0.839424 -0.530082 -0.608821 -0.959899 0.234319 0.15391 -0.228127 0.253404 0.490369 0.833861 0.413066 0.31622 -0.384863 0.867113 0.400795 -0.930002 -0.306262 0.203222 -0.504304 0.187351 -0.87068 -0.45477 0.485867 
1534349379439 0.119468 0.839436 -0.530165 -0.60852 -0.959942 0.233981 0.154159 -0.228196 0.253455 0.490511 0.833762 0.413129 0.31622 -0.384863 0.867113 0.400795 -0.930002 -0.306262 0.203222 -0.504304 0.187351 -0.87068 -0.45477 0.485867 
1534349379545 0.11902 0.839446 -0.530249 -0.608219 -0.959984 0.233644 0.154407 -0.228265 0.253506 0.490653 0.833663 0.413191 0.31622 -0.384863 0.867113 0.400795 -0.930002 -0.306262 0.203222 -0.504304 0.187351 -0.87068 -0.45477 0.485867 
1534349379551 0.11857 0.839458 -0.530332 -0.607916 -0.960026 0.233305 0.154657 -0.228334 0.253557 0.490795 0.833564 0.413254 0.31622 -0.384863 0.867113 0.400795 -0.930002 -0.306262 0.203222 -0.504304 0.187351 -0.87068 -0.45477 0.485867 
1534349379720 0.119099 0.839398 -0.530308 -0.608196 -0.959965 0.233739 0.15438 -0.228318 0.253539 0.49069 0.833631 0.413159 0.31622 -0.384863 0.867113 0.400795 -0.930002 -0.306262 0.203222 -0.504304 0.187351 -0.87068 -0.45477 0.485867 
1534349379731 0.118631 0.839445 -0.530339 -0.60798 -0.959923 0.233542 0.154936 -0.228383 0.253917 0.490704 0.833508 0.413191 0.31622 -0.384863 0.867113 0.400795 -0.930002 -0.306262 0.203222 -0.504304 0.187351 -0.87068 -0.45477 0.485867 
1534349379738 0.118163 0.839491 -0.53037 -0.607759 -0.959881 0.233345 0.155493 -0.228446 0.254294 0.490718 0.833385 0.413223 0.31622 -0.384863 0.867113 0.400795 -0.930002 -0.306262 0.203222 -0.504304 0.187351 -0.87068 -0.45477 0.485867 
1534349379753 0.117695 0.839538 -0.5304 -0.607539 -0.959839 0.233148 0.156049 -0.228509 0.254671 0.490733 0.833261 0.413256 0.31622 -0.384863 0.867113 0.400795 -0.930002 -0.306262 0.203222 -0.504304 0.187351 -0.87068 -0.45477 0.485867 
1534349379870 0.117227 0.839584 -0.530431 -0.607321 -0.959796 0.232952 0.156606 -0.228573 0.255049 0.490747 0.833137 0.413288 0.31622 -0.384863 0.867113 0.400795 -0.930002 -0.306262 0.203222 -0.504304 0.187351 -0.87068 -0.45477 0.485867 
1534349379876 0.116759 0.83963 -0.530461 -0.6071 -0.959753 0.232755 0.157163 -0.228636 0.255426 0.490761 0.833013 0.413321 0.31622 -0.384863 0.867113 0.400795 -0.930002 -0.306262 0.203222 -0.504304 0.187351 -0.87068 -0.45477 0.485867 
1534349379957 0.11629 0.839676 -0.530491 -0.60688 -0.959709 0.232558 0.157719 -0.2287 0.255803 0.490775 0.832889 0.413353 0.31622 -0.384863 0.867113 0.400795 -0.930002 -0.306262 0.203222 -0.504304 0.187351 -0.87068 -0.45477 0.485867 
1534349380034 0.115822 0.839722 -0.53052 -0.606659 -0.959665 0.232362 0.158276 -0.228763 0.25618 0.49079 0.832765 0.413385 0.31622 -0.384863 0.867113 0.400795 -0.930002 -0.306262 0.203222 -0.504304 0.187351 -0.87068 -0.45477 0.485867 
1534349380073 0.115354 0.839768 -0.53055 -0.60644 -0.959621 0.232165 0.158832 -0.228826 0.256557 0.490804 0.83264 0.413418 0.31622 -0.384863 0.867113 0.400795 -0.930002 -0.306262 0.203222 -0.504304 0.187351 -0.87068 -0.45477 0.485867 
1534349380123 0.114886 0.839814 -0.530579 -0.60622 -0.959576 0.231968 0.159389 -0.22889 0.256934 0.490819 0.832515 0.41345 0.31622 -0.384863 0.867113 0.400795 -0.930002 -0.306262 0.203222 -0.504304 0.187351 -0.87068 -0.45477 0.485867 
1534349380197 0.115662 0.839785 -0.530456 -0.606655 -0.959676 0.232231 0.158404 -0.228688 0.256213 0.490744 0.832781 0.413458 0.31622 -0.384863 0.867113 0.400795 -0.930002 -0.306262 0.203222 -0.504304 0.187351 -0.87068 -0.45477 0.485867 
1534349380209 0.115268 0.839699 -0.530677 -0.606471 -0.959658 0.232065 0.158753 -0.228739 0.256457 0.49097 0.832574 0.413508 0.31622 -0.384863 0.867113 0.400795 -0.930002 -0.306262 0.203222 -0.504304 0.187351 -0.87068 -0.45477 0.485867 
1534349380226 0.114876 0.839613 -0.530899 -0.606282 -0.95964 0.2319 0.159101 -0.228788 0.256699 0.491195 0.832366 0.41356 0.31622 -0.384863 0.867113 0.400795 -0.930002 -0.306262 0.203222 -0.504304 0.187351 -0.87068 -0.45477 0.485867 
1534349380242 0.114484 0.839526 -0.531121 -0.606094 -0.959622 0.231736 0.159449 -0.228837 0.256941 0.491421 0.832158 0.413611 0.31622 -0.384863 0.867113 0.400795 -0.930002 -0.306262 0.203222 -0.504304 0.187351 -0.87068 -0.45477 0.485867 
1534349380259 0.114092 0.839439 -0.531343 -0.605907 -0.959604 0.231571 0.159796 -0.228886 0.257183 0.491647 0.83195 0.413661 0.31622 -0.384863 0.867113 0.400795 -0.930002 -0.306262 0.203222 -0.504304 0.187351 -0.87068 -0.45477 0.485867 
1534349380396 0.1137 0.839352 -0.531564 -0.605718 -0.959586 0.231406 0.160144 -0.228935 0.257425 0.491873 0.831741 0.413713 0.31622 -0.384863 0.867113 0.400795 -0.930002 -0.306262 0.203222 -0.504304 0.187351 -0.87068 -0.45477 0.485867 
1534349380402 0.113308 0.839265 -0.531785 -0.605531 -0.959567 0.231242 0.160492 -0.228984 0.257666 0.492099 0.831533 0.413763 0.31622 -0.384863 0.867113 0.400795 -0.930002 -0.306262 0.203222 -0.504304 0.187351 -0.87068 -0.45477 0.485867 
1534349380520 0.112915 0.839178 -0.532006 -0.605341 -0.959549 0.231077 0.16084 -0.229033 0.257908 0.492324 0.831324 0.413815 0.31622 -0.384863 0.867113 0.400795 -0.930002 -0.306262 0.203222 -0.504304 0.187351 -0.87068 -0.45477 0.485867 
1534349380570 0.112522 0.839091 -0.532226 -0.605154 -0.95953 0.230913 0.161188 -0.229082 0.258149 0.49255 0.831116 0.413865 0.31622 -0.384863 0.867113 0.400795 -0.930002 -0.306262 0.203222 -0.504304 0.187351 -0.87068 -0.45477 0.485867 
1534349380624 0.11213 0.839003 -0.532447 -0.604966 -0.959511 0.230749 0.161536 -0.229131 0.258391 0.492776 0.830907 0.413916 0.31622 -0.384863 0.867113 0.400795 -0.930002 -0.306262 0.203222 -0.504304 0.187351 -0.87068 -0.45477 0.485867 
1534349380698 0.112786 0.839213 -0.531978 -0.605312 -0.959602 0.23089 0.160789 -0.228984 0.257764 0.492353 0.831352 0.41381 0.31622 -0.384863 0.867113 0.400795 -0.930002 -0.306262 0.203222 -0.504304 0.187351 -0.87068 -0.45477 0.485867 
1534349380710 0.112548 0.839125 -0.532167 -0.605181 -0.959597 0.230789 0.160964 -0.229005 0.257888 0.49255 0.831197 0.413827 0.31622 -0.384863 0.867113 0.400795 -0.930002 -0.306262 0.203222 -0.504304 0.187351 -0.87068 -0.45477 0.485867 
1534349380727 0.112311 0.839036 -0.532357 -0.605049 -0.959592 0.230689 0.161139 -0.229026 0.258011 0.492748 0.831041 0.413845 0.31622 -0.384863 0.867113 0.400795 -0.930002 -0.306262 0.203222 -0.504304 0.187351 -0.87068 -0.45477 0.485867 
1534349380745 0.112074 0.838948 -0.532547 -0.604915 -0.959586 0.23059 0.161314 -0.229046 0.258134 0.492946 0.830886 0.413863 0.31622 -0.384863 0.867113 0.400795 -0.930002 -0.306262 0.203222 -0.504304 0.187351 -0.87068 -0.45477 0.485867 
1534349380750 0.111838 0.838859 -0.532737 -0.60478 -0.959581 0.23049 0.161489 -0.229066 0.258257 0.493144 0.83073 0.41388 0.31622 -0.384863 0.867113 0.400795 -0.930002 -0.306262 0.203222 -0.504304 0.187351 -0.87068 -0.45477 0.485867 
1534349380778 0.111601 0.838769 -0.532927 -0.604647 -0.959575 0.230391 0.161664 -0.229086 0.25838 0.493342 0.830574 0.413898 0.31622 -0.384863 0.867113 0.400795 -0.930002 -0.306262 0.203222 -0.504304 0.187351 -0.87068 -0.45477 0.485867 
1534349380925 0.111364 0.83868 -0.533117 -0.604512 -0.95957 0.230291 0.161839 -0.229106 0.258503 0.493539 0.830418 0.413916 0.31622 -0.384863 0.867113 0.400795 -0.930002 -0.306262 0.203222 -0.504304 0.187351 -0.87068 -0.45477 0.485867 
1534349380942 0.111127 0.838591 -0.533306 -0.604379 -0.959564 0.230191 0.162014 -0.229126 0.258626 0.493737 0.830263 0.413933 0.31622 -0.384863 0.867113 0.400795 -0.930002 -0.306262 0.203222 -0.504304 0.187351 -0.87068 -0.45477 0.485867 
1534349380977 0.11089 0.838502 -0.533496 -0.604244 -0.959558 0.230092 0.162189 -0.229146 0.258749 0.493935 0.830107 0.413951 0.31622 -0.384863 0.867113 0.400795 -0.930002 -0.306262 0.203222 -0.504304 0.187351 -0.87068 -0.45477 0.485867 
1534349381065 0.110653 0.838413 -0.533685 -0.604111 -0.959553 0.229993 0.162364 -0.229166 0.258872 0.494133 0.829951 0.413969 0.31622 -0.384863 0.867113 0.400795 -0.930002 -0.306262 0.203222 -0.504304 0.187351 -0.87068 -0.45477 0.485867 
1534349381106 0.111109 0.838645 -0.533225 -0.60439 -0.959564 0.230165 0.162053 -0.229114 0.258635 0.493658 0.830307 0.413949 0.31622 -0.384863 0.867113 0.400795 -0.930002 -0.306262 0.203222 -0.504304 0.187351 -0.87068 -0.45477 0.485867 
1534349381117 0.11101 0.838827 -0.53296 -0.604306 -0.959567 0.230046 0.162202 -0.229133 0.258665 0.493404 0.830448 0.413922 0.31622 -0.384863 0.867113 0.400795 -0.930002 -0.306262 0.203222 -0.504304 0.187351 -0.87068 -0.45477 0.485867 
1534349381134 0.110913 0.839009 -0.532693 -0.604217 -0.95957 0.229929 0.162351 -0.229152 0.258695 0.493149 0.830591 0.413895 0.31622 -0.384863 0.867113 0.400795 -0.930002 -0.306262 0.203222 -0.504304 0.187351 -0.87068 -0.45477 0.485867 
1534349381151 0.110816 0.839191 -0.532427 -0.60413 -0.959573 0.229811 0.162499 -0.229171 0.258725 0.492895 0.830732 0.413867 0.31622 -0.384863 0.867113 0.400795 -0.930002 -0.306262 0.203222 -0.504304 0.187351 -0.87068 -0.45477 0.485867 
1534349381259 0.110719 0.839373 -0.53216 -0.604041 -0.959577 0.229693 0.162648 -0.229188 0.258755 0.49264 0.830874 0.41384 0.31622 -0.384863 0.867113 0.400795 -0.930002 -0.306262 0.203222 -0.504304 0.187351 -0.87068 -0.45477 0.485867 
1534349381276 0.110622 0.839554 -0.531894 -0.603952 -0.95958 0.229575 0.162796 -0.229206 0.258785 0.492386 0.831015 0.413813 0.31622 -0.384863 0.867113 0.400795 -0.930002 -0.306262 0.203222 -0.504304 0.187351 -0.87068 -0.45477 0.485867 
1534349381304 0.110524 0.839736 -0.531627 -0.603864 -0.959583 0.229456 0.162945 -0.229225 0.258816 0.492131 0.831157 0.413785 0.31622 -0.384863 0.867113 0.400795 -0.930002 -0.306262 0.203222 -0.504304 0.187351 -0.87068 -0.45477 0.485867 
1534349381359 0.110428 0.839917 -0.531361 -0.603775 -0.959586 0.229339 0.163092 -0.229242 0.258846 0.491877 0.831298 0.413758 0.31622 -0.384863 0.867113 0.400795 -0.930002 -0.306262 0.203222 -0.504304 0.187351 -0.87068 -0.45477 0.485867 
1534349381405 0.11033 0.840099 -0.531094 -0.603687 -0.959589 0.22922 0.163241 -0.229261 0.258876 0.491622 0.831439 0.413731 0.31622 -0.384863 0.867113 0.400795 -0.930002 -0.306262 0.203222 -0.504304 0.187351 -0.87068 -0.45477 0.485867 
1534349381433 0.110233 0.84028 -0.530828 -0.6036 -0.959592 0.229102 0.163389 -0.229279 0.258906 0.491367 0.83158 0.413704 0.31622 -0.384863 0.867113 0.400795 -0.930002 -0.306262 0.203222 -0.504304 0.187351 -0.87068 -0.45477 0.485867 
1534349381472 0.110633 0.839847 -0.53143 -0.603848 -0.959588 0.229475 0.162884 -0.229247 0.258748 0.491934 0.831295 0.413818 0.31622 -0.384863 0.867113 0.400795 -0.930002 -0.306262 0.203222 -0.504304 0.187351 -0.87068 -0.45477 0.485867 
1534349381485 0.110637 0.839792 -0.531516 -0.603783 -0.95966 0.229357 0.162626 -0.229223 0.258479 0.492082 0.831291 0.413806 0.31622 -0.384863 0.867113 0.400795 -0.930002 -0.306262 0.203222 -0.504304 0.187351 -0.87068 -0.45477 0.485867 
1534349381502 0.110649 0.839756 -0.53157 -0.603702 -0.959731 0.229241 0.162374 -0.229205 0.258212 0.492197 0.831305 0.413794 0.31622 -0.384863 0.867113 0.400795 -0.930002 -0.306262 0.203222 -0.504304 0.187351 -0.87068 -0.45477 0.485867 
1534349381518 0.11066 0.83972 -0.531624 -0.603622 -0.959801 0.229124 0.162122 -0.229188 0.257945 0.492313 0.83132 0.413782 0.31622 -0.384863 0.867113 0.400795 -0.930002 -0.306262 0.203222 -0.504304 0.187351 -0.87068 -0.45477 0.485867 
1534349381637 0.110672 0.839685 -0.531678 -0.603541 -0.959872 0.229007 0.16187 -0.22917 0.257677 0.492428 0.831334 0.41377 0.31622 -0.384863 0.867113 0.400795 -0.930002 -0.306262 0.203222 -0.504304 0.187351 -0.87068 -0.45477 0.485867 
1534349381656 0.110683 0.839649 -0.531732 -0.603462 -0.959942 0.228889 0.161618 -0.229153 0.25741 0.492544 0.831349 0.413758 0.31622 -0.384863 0.867113 0.400795 -0.930002 -0.306262 0.203222 -0.504304 0.187351 -0.87068 -0.45477 0.485867 
1534349381670 0.110694 0.839613 -0.531786 -0.603381 -0.960013 0.228772 0.161366 -0.229136 0.257143 0.492659 0.831363 0.413747 0.31622 -0.384863 0.867113 0.400795 -0.930002 -0.306262 0.203222 -0.504304 0.187351 -0.87068 -0.45477 0.485867 
1534349381718 0.110706 0.839578 -0.53184 -0.603301 -0.960083 0.228655 0.161114 -0.229119 0.256876 0.492774 0.831377 0.413735 0.31622 -0.384863 0.867113 0.400795 -0.930002 -0.306262 0.203222 -0.504304 0.187351 -0.87068 -0.45477 0.485867 
1534349381764 0.110718 0.839542 -0.531894 -0.603221 -0.960153 0.228538 0.160862 -0.229102 0.256608 0.49289 0.831391 0.413723 0.31622 -0.384863 0.867113 0.400795 -0.930002 -0.306262 0.203222 -0.504304 0.187351 -0.87068 -0.45477 0.485867 
1534349381770 0.110729 0.839506 -0.531948 -0.60314 -0.960223 0.228421 0.16061 -0.229084 0.256341 0.493005 0.831406 0.413711 0.31622 -0.384863 0.867113 0.400795 -0.930002 -0.306262 0.203222 -0.504304 0.187351 -0.87068 -0.45477 0.485867 
1534349381846 0.110531 0.839597 -0.531845 -0.603399 -0.960036 0.228637 0.161417 -0.229064 0.257124 0.492749 0.831315 0.413686 0.31622 -0.384863 0.867113 0.400795 -0.930002 -0.306262 0.203222 -0.504304 0.187351 -0.87068 -0.45477 0.485867 
1534349381852 0.110294 0.839634 -0.531837 -0.603321 -0.96003 0.2285 0.16165 -0.229088 0.257251 0.49275 0.831276 0.413655 0.31622 -0.384863 0.867113 0.400795 -0.930002 -0.306262 0.203222 -0.504304 0.187351 -0.87068 -0.45477 0.485867 
1534349381859 0.110055 0.839671 -0.531827 -0.60324 -0.960023 0.228362 0.161883 -0.229111 0.257377 0.492751 0.831236 0.413625 0.31622 -0.384863 0.867113 0.400795 -0.930002 -0.306262 0.203222 -0.504304 0.187351 -0.87068 -0.45477 0.485867 
1534349381873 0.109816 0.839708 -0.531818 -0.603158 -0.960017 0.228224 0.162116 -0.229134 0.257504 0.492751 0.831197 0.413595 0.31622 -0.384863 0.867113 0.400795 -0.930002 -0.306262 0.203222 -0.504304 0.187351 -0.87068 -0.45477 0.485867 
1534349381981 0.109577 0.839745 -0.531809 -0.603076 -0.96001 0.228086 0.162349 -0.229157 0.25763 0.492753 0.831157 0.413564 0.31622 -0.384863 0.867113 0.400795 -0.930002 -0.306262 0.203222 -0.504304 0.187351 -0.87068 -0.45477 0.485867 
1534349381998 0.109339 0.839782 -0.5318 -0.602995 -0.960003 0.227948 0.162582 -0.22918 0.257756 0.492753 0.831117 0.413534 0.31622 -0.384863 0.867113 0.400795 -0.930002 -0.306262 0.203222 -0.504304 0.187351 -0.87068 -0.45477 0.485867 
1534349382012 0.109101 0.839818 -0.531791 -0.602912 -0.959997 0.227811 0.162815 -0.229203 0.257883 0.492755 0.831077 0.413504 0.31622 -0.384863 0.867113 0.400795 -0.930002 -0.306262 0.203222 -0.504304 0.187351 -0.87068 -0.45477 0.485867 
1534349382029 0.108862 0.839855 -0.531782 -0.602831 -0.95999 0.227673 0.163048 -0.229226 0.258009 0.492755 0.831038 0.413473 0.31622 -0.384863 0.867113 0.400795 -0.930002 -0.306262 0.203222 -0.504304 0.187351 -0.87068 -0.45477 0.485867 
1534349382072 0.108623 0.839892 -0.531773 -0.60275 -0.959983 0.227535 0.163281 -0.229249 0.258135 0.492756 0.830998 0.413443 0.31622 -0.384863 0.867113 0.400795 -0.930002 -0.306262 0.203222 -0.504304 0.187351 -0.87068 -0.45477 0.485867 
1534349382112 0.108385 0.839929 -0.531763 -0.602667 -0.959976 0.227397 0.163514 -0.229272 0.258262 0.492758 0.830958 0.413413 0.31622 -0.384863 0.867113 0.400795 -0.930002 -0.306262 0.203222 -0.504304 0.187351 -0.87068 -0.45477 0.485867 
1534349382137 0.109115 0.839773 -0.531861 -0.603046 -0.960035 0.227761 0.162661 -0.229137 0.257736 0.492856 0.831063 0.41349 0.31622 -0.384863 0.867113 0.400795 -0.930002 -0.306262 0.203222 -0.504304 0.187351 -0.87068 -0.45477 0.485867 
1534349382150 0.108834 0.839723 -0.531997 -0.602981 -0.96002 0.22764 0.162918 -0.22917 0.25791 0.492997 0.830925 0.4135 0.31622 -0.384863 0.867113 0.400795 -0.930002 -0.306262 0.203222 -0.504304 0.187351 -0.87068 -0.45477 0.485867 
1534349382166 0.108553 0.839673 -0.532133 -0.602914 -0.960005 0.227519 0.163175 -0.229204 0.258084 0.493137 0.830788 0.413512 0.31622 -0.384863 0.867113 0.400795 -0.930002 -0.306262 0.203222 -0.504304 0.187351 -0.87068 -0.45477 0.485867 
1534349382182 0.108271 0.839623 -0.53227 -0.602846 -0.95999 0.227398 0.163432 -0.229237 0.258258 0.493279 0.83065 0.413524 0.31622 -0.384863 0.867113 0.400795 -0.930002 -0.306262 0.203222 -0.504304 0.187351 -0.87068 -0.45477 0.485867 
1534349382199 0.10799 0.839573 -0.532406 -0.602779 -0.959974 0.227278 0.163689 -0.22927 0.258432 0.493419 0.830512 0.413535 0.31622 -0.384863 0.867113 0.400795 -0.930002 -0.306262 0.203222 -0.504304 0.187351 -0.87068 -0.45477 0.485867 
1534349382216 0.107708 0.839522 -0.532542 -0.60271 -0.959959 0.227157 0.163945 -0.229303 0.258607 0.493561 0.830374 0.413547 0.31622 -0.384863 0.867113 0.400795 -0.930002 -0.306262 0.203222 -0.504304 0.187351 -0.87068 -0.45477 0.485867 
1534349382252 0.107427 0.839472 -0.532678 -0.602643 -0.959944 0.227036 0.164202 -0.229336 0.258781 0.493701 0.830236 0.413558 0.31622 -0.384863 0.867113 0.400795 -0.930002 -0.306262 0.203222 -0.504304 0.187351 -0.87068 -0.45477 0.485867 
1534349382290 0.107146 0.839421 -0.532815 -0.602574 -0.959928 0.226916 0.164459 -0.229369 0.258954 0.493843 0.830097 0.41357 0.31622 -0.384863 0.867113 0.400795 -0.930002 -0.306262 0.203222 -0.504304 0.187351 -0.87068 -0.45477 0.485867 
1534349382320 0.106864 0.839371 -0.53295 -0.602507 -0.959913 0.226796 0.164716 -0.229402 0.259128 0.493983 0.82996 0.413581 0.31622 -0.384863 0.867113 0.400795 -0.930002 -0.306262 0.203222 -0.504304 0.187351 -0.87068 -0.45477 0.485867 
1534349382341 0.106583 0.839321 -0.533086 -0.602439 -0.959897 0.226675 0.164973 -0.229435 0.259302 0.494124 0.829821 0.413593 0.31622 -0.384863 0.867113 0.400795 -0.930002 -0.306262 0.203222 -0.504304 0.187351 -0.87068 -0.45477 0.485867 
1534349382372 0.107542 0.839586 -0.532475 -0.602779 -0.960027 0.22691 0.163889 -0.229217 0.258422 0.493566 0.830428 0.413553 0.31622 -0.384863 0.867113 0.400795 -0.930002 -0.306262 0.203222 -0.504304 0.187351 -0.87068 -0.45477 0.485867 
1534349382386 0.107457 0.839631 -0.532422 -0.602674 -0.960056 0.22679 0.163884 -0.229251 0.25835 0.493545 0.830463 0.413586 0.31622 -0.384863 0.867113 0.400795 -0.930002 -0.306262 0.203222 -0.504304 0.187351 -0.87068 -0.45477 0.485867 
1534349382401 0.107371 0.839675 -0.53237 -0.602567 -0.960085 0.226671 0.16388 -0.229284 0.258279 0.493525 0.830497 0.41362 0.31622 -0.384863 0.867113 0.400795 -0.930002 -0.306262 0.203222 -0.504304 0.187351 -0.87068 -0.45477 0.485867 
1534349382419 0.107286 0.839719 -0.532318 -0.602459 -0.960114 0.226553 0.163876 -0.229316 0.258208 0.493505 0.830531 0.413653 0.31622 -0.384863 0.867113 0.400795 -0.930002 -0.306262 0.203222 -0.504304 0.187351 -0.87068 -0.45477 0.485867 
1534349382435 0.1072 0.839763 -0.532266 -0.60235 -0.960143 0.226433 0.163872 -0.229348 0.258136 0.493484 0.830566 0.413687 0.31622 -0.384863 0.867113 0.400795 -0.930002 -0.306262 0.203222 -0.504304 0.187351 -0.87068 -0.45477 0.485867 
1534349382451 0.107114 0.839806 -0.532214 -0.60224 -0.960171 0.226315 0.163867 -0.22938 0.258065 0.493464 0.8306 0.413721 0.31622 -0.384863 0.867113 0.400795 -0.930002 -0.306262 0.203222 -0.504304 0.187351 -0.87068 -0.45477 0.485867 
1534349382470 0.107029 0.83985 -0.532162 -0.602133 -0.9602 0.226196 0.163863 -0.229412 0.257993 0.493444 0.830634 0.413755 0.31622 -0.384863 0.867113 0.400795 -0.930002 -0.306262 0.203222 -0.504304 0.187351 -0.87068 -0.45477 0.485867 
1534349382485 0.106944 0.839894 -0.53211 -0.602025 -0.960229 0.226078 0.163858 -0.229445 0.257922 0.493424 0.830668 0.413788 0.31622 -0.384863 0.867113 0.400795 -0.930002 -0.306262 0.203222 -0.504304 0.187351 -0.87068 -0.45477 0.485867 
1534349382491 0.106858 0.839938 -0.532058 -0.601915 -0.960258 0.225958 0.163855 -0.229476 0.257851 0.493403 0.830702 0.413822 0.31622 -0.384863 0.867113 0.400795 -0.930002 -0.306262 0.203222 -0.504304 0.187351 -0.87068 -0.45477 0.485867 
1534349382610 0.106772 0.839982 -0.532006 -0.601807 -0.960286 0.22584 0.16385 -0.229509 0.257779 0.493383 0.830736 0.413856 0.31622 -0.384863 0.867113 0.400795 -0.930002 -0.306262 0.203222 -0.504304 0.187351 -0.87068 -0.45477 0.485867 
1534349382637 0.106789 0.83984 -0.532226 -0.602075 -0.960291 0.225884 0.163762 -0.229287 0.257755 0.493603 0.830613 0.413648 0.31622 -0.384863 0.867113 0.400795 -0.930002 -0.306262 0.203222 -0.504304 0.187351 -0.87068 -0.45477 0.485867 
1534349382650 0.10657 0.839752 -0.532409 -0.60189 -0.960343 0.225682 0.163735 -0.229345 0.257652 0.493846 0.830501 0.413694 0.31622 -0.384863 0.867113 0.400795 -0.930002 -0.306262 0.203222 -0.504304 0.187351 -0.87068 -0.45477 0.485867 
1534349382667 0.106352 0.839662 -0.532594 -0.601699 -0.960395 0.225481 0.163706 -0.229401 0.257548 0.49409 0.830388 0.41374 0.31622 -0.384863 0.867113 0.400795 -0.930002 -0.306262 0.203222 -0.504304 0.187351 -0.87068 -0.45477 0.485867 
1534349382748 0.106134 0.839573 -0.532778 -0.601509 -0.960447 0.22528 0.163677 -0.229458 0.257443 0.494334 0.830275 0.413787 0.31622 -0.384863 0.867113 0.400795 -0.930002 -0.306262 0.203222 -0.504304 0.187351 -0.87068 -0.45477 0.485867 
1534349382802 0.105916 0.839483 -0.532963 -0.601318 -0.960499 0.225079 0.163648 -0.229514 0.257339 0.494578 0.830162 0.413834 0.31622 -0.384863 0.867113 0.400795 -0.930002 -0.306262 0.203222 -0.504304 0.187351 -0.87068 -0.45477 0.485867 
1534349382863 0.105697 0.839394 -0.533147 -0.601129 -0.960551 0.224878 0.16362 -0.229571 0.257235 0.494821 0.83005 0.41388 0.31622 -0.384863 0.867113 0.400795 -0.930002 -0.306262 0.203222 -0.504304 0.187351 -0.87068 -0.45477 0.485867 
1534349382911 0.10548 0.839304 -0.533332 -0.600938 -0.960603 0.224677 0.163591 -0.229626 0.25713 0.495065 0.829937 0.413927 0.31622 -0.384863 0.867113 0.400795 -0.930002 -0.306262 0.203222 -0.504304 0.187351 -0.87068 -0.45477 0.485867 
1534349382986 0.105261 0.839214 -0.533516 -0.600748 -0.960655 0.224476 0.163563 -0.229683 0.257026 0.495308 0.829824 0.413973 0.31622 -0.384863 0.867113 0.400795 -0.930002 -0.306262 0.203222 -0.504304 0.187351 -0.87068 -0.45477 0.485867 
1534349383039 0.105044 0.839124 -0.533701 -0.600559 -0.960707 0.224275 0.163534 -0.22974 0.256921 0.495552 0.829711 0.414019 0.31622 -0.384863 0.867113 0.400795 -0.930002 -0.306262 0.203222 -0.504304 0.187351 -0.87068 -0.45477 0.485867 
1534349383094 0.104826 0.839034 -0.533885 -0.600368 -0.960758 0.224074 0.163506 -0.229795 0.256817 0.495795 0.829598 0.414066 0.31622 -0.384863 0.867113 0.400795 -0.930002 -0.306262 0.203222 -0.504304 0.187351 -0.87068 -0.45477 0.485867 
1534349383180 0.105158 0.839103 -0.533711 -0.600658 -0.960668 0.224423 0.163556 -0.229765 0.257017 0.495521 0.8297 0.413968 0.31622 -0.384863 0.867113 0.400795 -0.930002 -0.306262 0.203222 -0.504304 0.187351 -0.87068 -0.45477 0.485867 
1534349383190 0.104987 0.83907 -0.533797 -0.600495 -0.96068 0.22431 0.163643 -0.229803 0.257044 0.495627 0.829627 0.414015 0.31622 -0.384863 0.867113 0.400795 -0.930002 -0.306262 0.203222 -0.504304 0.187351 -0.87068 -0.45477 0.485867 
1534349383207 0.104819 0.839036 -0.533884 -0.600327 -0.960691 0.224198 0.163729 -0.229839 0.25707 0.495736 0.829555 0.414064 0.31622 -0.384863 0.867113 0.400795 -0.930002 -0.306262 0.203222 -0.504304 0.187351 -0.87068 -0.45477 0.485867 
1534349383224 0.10465 0.839002 -0.53397 -0.60016 -0.960703 0.224087 0.163815 -0.229875 0.257097 0.495844 0.829482 0.414112 0.31622 -0.384863 0.867113 0.400795 -0.930002 -0.306262 0.203222 -0.504304 0.187351 -0.87068 -0.45477 0.485867 
1534349383240 0.104481 0.838967 -0.534057 -0.599994 -0.960714 0.223976 0.1639 -0.229912 0.257123 0.495952 0.829409 0.414159 0.31622 -0.384863 0.867113 0.400795 -0.930002 -0.306262 0.203222 -0.504304 0.187351 -0.87068 -0.45477 0.485867 
1534349383395 0.104312 0.838934 -0.534144 -0.599826 -0.960725 0.223865 0.163986 -0.229948 0.25715 0.49606 0.829336 0.414208 0.31622 -0.384863 0.867113 0.400795 -0.930002 -0.306262 0.203222 -0.504304 0.187351 -0.87068 -0.45477 0.485867 
1534349383423 0.104144 0.838899 -0.534231 -0.59966 -0.960736 0.223754 0.164072 -0.229984 0.257176 0.496168 0.829264 0.414255 0.31622 -0.384863 0.867113 0.400795 -0.930002 -0.306262 0.203222 -0.504304 0.187351 -0.87068 -0.45477 0.485867 
1534349383464 0.103975 0.838865 -0.534317 -0.599492 -0.960748 0.223643 0.164158 -0.23002 0.257202 0.496276 0.829191 0.414304 0.31622 -0.384863 0.867113 0.400795 -0.930002 -0.306262 0.203222 -0.504304 0.187351 -0.87068 -0.45477 0.485867 
