1533056065061 0.256848 0.929458 -0.264832 -0.51118 -0.954767 0.286513 0.0795679 -0.211475 0.149833 0.232416 0.961006 0.374432 0.16008 -0.304787 0.938871 0.370831 -0.775623 0.549475 0.310623 -0.528794 -0.61056 -0.777934 -0.14844 0.432481 
1533056065071 0.259179 0.937418 -0.232536 -0.523204 -0.954104 0.285903 0.0891352 -0.214267 0.15004 0.198761 0.968495 0.370602 0.316302 -0.384298 0.867334 0.400736 -0.930107 -0.305552 0.20381 -0.506291 0.186691 -0.871179 -0.454085 0.485863 
1533056066333 0.261627 0.944376 -0.199263 -0.53389 -0.953471 0.284934 0.0985207 -0.217018 0.149817 0.164215 0.974981 0.365839 0.31624 -0.384859 0.867108 0.400838 -0.929998 -0.306261 0.203245 -0.504429 0.18734 -0.870682 -0.45477 0.485879 
1533056066348 0.26405 0.950138 -0.165879 -0.544776 -0.952842 0.283638 0.107893 -0.219778 0.149563 0.129567 0.980226 0.3612 0.316222 -0.38486 0.867114 0.400795 -0.930002 -0.306263 0.203224 -0.504314 0.187352 -0.870681 -0.454768 0.485866 
1533056067413 0.266456 0.954713 -0.132377 -0.555793 -0.952221 0.282015 0.117228 -0.222544 0.149251 0.0948158 0.984243 0.356646 0.316221 -0.38486 0.867114 0.40079 -0.930002 -0.306263 0.203223 -0.504306 0.187352 -0.870681 -0.454767 0.485865 
1533056068737 0.268848 0.958105 -0.0987727 -0.566878 -0.951608 0.280067 0.126509 -0.225312 0.148872 0.0599812 0.987036 0.352146 0.31622 -0.38486 0.867114 0.40079 -0.930002 -0.306263 0.203223 -0.504305 0.187352 -0.870681 -0.454767 0.485865 
1533056069718 0.271225 0.960312 -0.0650986 -0.578003 -0.951004 0.277797 0.135721 -0.228078 0.148419 0.0250981 0.988606 0.347686 0.31622 -0.38486 0.867114 0.400791 -0.930002 -0.306263 0.203223 -0.504305 0.187352 -0.870681 -0.454767 0.485865 
1533056070696 0.273588 0.961334 -0.0313998 -0.589153 -0.950409 0.27521 0.144851 -0.230839 0.147892 -0.00978688 0.988955 0.343272 0.31622 -0.384861 0.867114 0.400791 -0.930002 -0.306263 0.203223 -0.504304 0.187352 -0.870681 -0.454768 0.485866 
1533056071713 0.275936 0.961173 0.00225555 -0.600222 -0.949822 0.272316 0.153888 -0.233568 0.147299 -0.0446056 0.988086 0.338955 0.31622 -0.384861 0.867114 0.400792 -0.930002 -0.306263 0.203222 -0.504304 0.187352 -0.870681 -0.454768 0.485866 
1533056072728 0.278312 0.959831 0.0356006 -0.610077 -0.949227 0.2692 0.162787 -0.236016 0.146664 -0.0790987 0.986019 0.335236 0.316221 -0.384859 0.867115 0.400789 -0.930002 -0.306263 0.203223 -0.504305 0.187353 -0.870682 -0.454766 0.485865 
1533056073805 0.278223 0.959859 0.0355296 -0.610072 -0.949253 0.269124 0.162759 -0.235981 0.146663 -0.0790097 0.986026 0.335219 0.316221 -0.384859 0.867115 0.400789 -0.930002 -0.306263 0.203223 -0.504305 0.187353 -0.870682 -0.454766 0.485865 
1533056073816 0.278352 0.959771 0.0368773 -0.610588 -0.949501 0.269179 0.161217 -0.235841 0.144805 -0.0798902 0.98623 0.335178 0.31622 -0.384862 0.867114 0.400795 -0.930002 -0.306262 0.203222 -0.504304 0.187352 -0.870681 -0.454769 0.485867 
1533056074566 0.278475 0.959671 0.03851 -0.610863 -0.949762 0.269193 0.159648 -0.235752 0.142843 -0.0810333 0.986423 0.33476 0.31622 -0.384862 0.867114 0.400795 -0.930002 -0.306262 0.203222 -0.504304 0.187352 -0.87068 -0.454769 0.485867 
1533056075175 0.278596 0.959571 0.0401029 -0.61117 -0.950017 0.269216 0.158083 -0.235656 0.140895 -0.0821397 0.986611 0.334391 0.31622 -0.384862 0.867114 0.400795 -0.930002 -0.306262 0.203222 -0.504304 0.187352 -0.87068 -0.454769 0.485867 
1533056075656 0.278714 0.95947 0.0416735 -0.611498 -0.950269 0.269243 0.156519 -0.235556 0.138955 -0.083225 0.986795 0.334051 0.31622 -0.384862 0.867114 0.400795 -0.930002 -0.306262 0.203222 -0.504304 0.187352 -0.87068 -0.454769 0.485867 
1533056076057 0.278829 0.959367 0.0432317 -0.611837 -0.950516 0.269273 0.154956 -0.235454 0.137018 -0.0842985 0.986975 0.333729 0.31622 -0.384862 0.867114 0.400795 -0.930002 -0.306262 0.203222 -0.504304 0.187352 -0.87068 -0.454769 0.485867 
1533056076419 0.278941 0.959264 0.0447827 -0.612182 -0.95076 0.269307 0.153393 -0.23535 0.135084 -0.0853651 0.98715 0.333416 0.31622 -0.384862 0.867114 0.400795 -0.930002 -0.306262 0.203222 -0.504304 0.187352 -0.87068 -0.454769 0.485867 
1533056076747 0.27905 0.959158 0.0463291 -0.61253 -0.951001 0.269343 0.15183 -0.235246 0.133151 -0.0864271 0.98732 0.333111 0.31622 -0.384862 0.867114 0.400795 -0.930002 -0.306262 0.203222 -0.504304 0.187352 -0.87068 -0.454769 0.485867 
1533056077040 0.279156 0.959052 0.0478711 -0.612876 -0.951238 0.269381 0.150267 -0.23514 0.131218 -0.0874847 0.987486 0.332812 0.31622 -0.384862 0.867114 0.400795 -0.930002 -0.306262 0.203222 -0.504304 0.187352 -0.87068 -0.454769 0.485867 
1533056077307 0.279259 0.958944 0.0494005 -0.613181 -0.951471 0.269423 0.148706 -0.235026 0.129291 -0.0885308 0.987647 0.332536 0.31622 -0.384862 0.867114 0.400795 -0.930002 -0.306262 0.203222 -0.504304 0.187352 -0.87068 -0.454769 0.485867 
