1537391496071 0.211992 0.919801 -0.33019 -0.474391 -0.9442 0.279926 0.173576 -0.173557 0.252084 0.274968 0.927818 0.473477 0.16008 -0.304787 0.938871 0.370831 -0.775623 0.549475 0.310623 -0.528794 -0.61056 -0.777934 -0.14844 0.432481 
1537391496098 0.215092 0.92055 -0.326073 -0.490637 -0.943587 0.281967 0.173601 -0.18143 0.251751 0.270338 0.929268 0.463578 0.316225 -0.384867 0.86711 0.400813 -0.930002 -0.30626 0.203228 -0.504337 0.187345 -0.870679 -0.454774 0.485882 
1537391496738 0.218188 0.921272 -0.32195 -0.506883 -0.942969 0.284006 0.173636 -0.189304 0.251401 0.265704 0.930698 0.453679 0.316225 -0.384867 0.86711 0.400813 -0.930002 -0.30626 0.203228 -0.504337 0.187345 -0.870679 -0.454774 0.485882 
1537391497667 0.221281 0.921968 -0.31782 -0.523129 -0.942346 0.286042 0.17368 -0.197177 0.251037 0.261064 0.932108 0.44378 0.316225 -0.384867 0.86711 0.400813 -0.930002 -0.30626 0.203228 -0.504337 0.187345 -0.870679 -0.454774 0.485882 
1537391498566 0.224371 0.922638 -0.313683 -0.539374 -0.941716 0.288077 0.173732 -0.205051 0.250657 0.25642 0.933499 0.43388 0.316225 -0.384867 0.86711 0.400813 -0.930002 -0.30626 0.203228 -0.504337 0.187345 -0.870679 -0.454774 0.485882 
1537391499490 0.227458 0.923281 -0.30954 -0.555618 -0.94108 0.29011 0.173795 -0.212924 0.250262 0.251771 0.934869 0.423981 0.316225 -0.384867 0.86711 0.400813 -0.930002 -0.30626 0.203228 -0.504337 0.187345 -0.870679 -0.454774 0.485882 
1537391499497 0.230542 0.923897 -0.305392 -0.571859 -0.940439 0.29214 0.173866 -0.220796 0.249851 0.247119 0.936219 0.414083 0.316225 -0.384867 0.86711 0.400813 -0.930002 -0.30626 0.203228 -0.504337 0.187345 -0.870679 -0.454774 0.485882 
1537391501165 0.233623 0.924487 -0.301237 -0.588097 -0.939791 0.29417 0.173946 -0.228665 0.249426 0.242462 0.937549 0.404185 0.316225 -0.384867 0.86711 0.400813 -0.930002 -0.30626 0.203228 -0.504337 0.187345 -0.870679 -0.454774 0.485882 
1537391502193 0.236702 0.92505 -0.297078 -0.604327 -0.939137 0.296197 0.174035 -0.236532 0.248984 0.237803 0.938859 0.394288 0.316225 -0.384867 0.86711 0.400813 -0.930002 -0.30626 0.203228 -0.504337 0.187345 -0.870679 -0.454774 0.485882 
1537391503223 0.239971 0.925424 -0.293267 -0.618692 -0.938439 0.298464 0.17393 -0.243445 0.248489 0.233475 0.940076 0.384757 0.316379 -0.384993 0.866998 0.401317 -0.929989 -0.306181 0.203405 -0.505249 0.187149 -0.870651 -0.454908 0.48631 
1537391504196 0.247102 0.921736 -0.298905 -0.613089 -0.936763 0.306126 0.169591 -0.244265 0.247821 0.238097 0.939093 0.388946 0.16008 -0.304787 0.938871 0.370831 -0.775623 0.549475 0.310623 -0.528794 -0.61056 -0.777934 -0.14844 0.432481 
1537391504209 0.246676 0.922178 -0.297891 -0.61546 -0.93687 0.30554 0.170059 -0.245066 0.247842 0.237136 0.93933 0.387501 0.316241 -0.38488 0.867098 0.400864 -0.930001 -0.306251 0.203246 -0.504429 0.187325 -0.870677 -0.454788 0.485926 
1537391504282 0.24625 0.922619 -0.296877 -0.617831 -0.936976 0.304953 0.170527 -0.245866 0.247864 0.236174 0.939566 0.386055 0.316241 -0.38488 0.867098 0.400864 -0.930001 -0.306251 0.203246 -0.504429 0.187325 -0.870677 -0.454788 0.485926 
1537391504288 0.245824 0.923058 -0.295862 -0.620201 -0.937082 0.304366 0.170993 -0.246666 0.247887 0.235212 0.939802 0.38461 0.316241 -0.38488 0.867098 0.400864 -0.930001 -0.306251 0.203246 -0.504429 0.187325 -0.870677 -0.454788 0.485926 
1537391504529 0.245399 0.923496 -0.294846 -0.622571 -0.937187 0.303779 0.171459 -0.247466 0.24791 0.23425 0.940036 0.383165 0.316241 -0.38488 0.867098 0.400864 -0.930001 -0.306251 0.203246 -0.504429 0.187325 -0.870677 -0.454788 0.485926 
1537391504534 0.244973 0.923933 -0.293831 -0.624939 -0.937292 0.303191 0.171925 -0.248265 0.247934 0.233288 0.940269 0.381721 0.316241 -0.38488 0.867098 0.400864 -0.930001 -0.306251 0.203246 -0.504429 0.187325 -0.870677 -0.454788 0.485926 
1537391504746 0.244548 0.924368 -0.292814 -0.627306 -0.937397 0.302603 0.172389 -0.249064 0.247958 0.232326 0.940501 0.380276 0.316241 -0.38488 0.867098 0.400864 -0.930001 -0.306251 0.203246 -0.504429 0.187325 -0.870677 -0.454788 0.485926 
1537391505194 0.244122 0.924802 -0.291798 -0.629673 -0.937502 0.302014 0.172853 -0.249863 0.247982 0.231364 0.940732 0.378832 0.316241 -0.38488 0.867098 0.400864 -0.930001 -0.306251 0.203246 -0.504429 0.187325 -0.870677 -0.454788 0.485926 
1537391505512 0.243697 0.925234 -0.290781 -0.632038 -0.937606 0.301425 0.173316 -0.250661 0.248007 0.230401 0.940961 0.377388 0.316241 -0.38488 0.867098 0.400864 -0.930001 -0.306251 0.203246 -0.504429 0.187325 -0.870677 -0.454788 0.485926 
1537391505759 0.243354 0.925593 -0.289923 -0.633527 -0.937692 0.300941 0.173692 -0.251024 0.248018 0.22959 0.941156 0.376114 0.316531 -0.385118 0.866887 0.401814 -0.929976 -0.306103 0.20358 -0.50615 0.186955 -0.870623 -0.455042 0.486735 
1537391506012 0.248662 0.922999 -0.293666 -0.631008 -0.936382 0.306614 0.170811 -0.252336 0.247701 0.232509 0.940523 0.378137 0.16008 -0.304787 0.938871 0.370831 -0.775623 0.549475 0.310623 -0.528794 -0.61056 -0.777934 -0.14844 0.432481 
1537391506029 0.247649 0.922771 -0.295236 -0.631857 -0.936591 0.305996 0.170774 -0.252366 0.247926 0.234223 0.940038 0.37814 0.316241 -0.38488 0.867098 0.400864 -0.930001 -0.306251 0.203246 -0.504429 0.187325 -0.870677 -0.454788 0.485926 
1537391506056 0.246636 0.922539 -0.296805 -0.632706 -0.936799 0.305379 0.170738 -0.252396 0.248151 0.235936 0.939551 0.378144 0.316241 -0.38488 0.867098 0.400864 -0.930001 -0.306251 0.203246 -0.504429 0.187325 -0.870677 -0.454788 0.485926 
1537391506117 0.245622 0.922303 -0.298373 -0.633556 -0.937006 0.304762 0.170704 -0.252426 0.248373 0.237649 0.93906 0.378147 0.316241 -0.38488 0.867098 0.400864 -0.930001 -0.306251 0.203246 -0.504429 0.187325 -0.870677 -0.454788 0.485926 
1537391506181 0.244608 0.922064 -0.299941 -0.634405 -0.937213 0.304144 0.17067 -0.252455 0.248594 0.239361 0.938567 0.378151 0.316241 -0.38488 0.867098 0.400864 -0.930001 -0.306251 0.203246 -0.504429 0.187325 -0.870677 -0.454788 0.485926 
1537391506281 0.243593 0.921822 -0.301508 -0.635254 -0.937419 0.303527 0.170637 -0.252485 0.248813 0.241073 0.93807 0.378154 0.316241 -0.38488 0.867098 0.400864 -0.930001 -0.306251 0.203246 -0.504429 0.187325 -0.870677 -0.454788 0.485926 
1537391506388 0.242578 0.921576 -0.303074 -0.636103 -0.937625 0.302908 0.170605 -0.252515 0.249029 0.242784 0.937571 0.378158 0.316241 -0.38488 0.867098 0.400864 -0.930001 -0.306251 0.203246 -0.504429 0.187325 -0.870677 -0.454788 0.485926 
1537391506484 0.241562 0.921327 -0.304639 -0.636952 -0.93783 0.30229 0.170575 -0.252545 0.249245 0.244495 0.93707 0.378161 0.316241 -0.38488 0.867098 0.400864 -0.930001 -0.306251 0.203246 -0.504429 0.187325 -0.870677 -0.454788 0.485926 
1537391506573 0.240546 0.921074 -0.306203 -0.637801 -0.938034 0.301672 0.170545 -0.252574 0.249458 0.246205 0.936565 0.378165 0.316241 -0.38488 0.867098 0.400864 -0.930001 -0.306251 0.203246 -0.504429 0.187325 -0.870677 -0.454788 0.485926 
1537391506671 0.239547 0.920802 -0.3078 -0.638461 -0.938235 0.301075 0.170498 -0.25251 0.249666 0.247947 0.93605 0.378204 0.316531 -0.385118 0.866887 0.401814 -0.929976 -0.306103 0.20358 -0.50615 0.186955 -0.870623 -0.455042 0.486735 
1537391506792 0.242862 0.921455 -0.303215 -0.636291 -0.937524 0.303231 0.170586 -0.252668 0.249131 0.242842 0.937529 0.377871 0.16008 -0.304787 0.938871 0.370831 -0.775623 0.549475 0.310623 -0.528794 -0.61056 -0.777934 -0.14844 0.432481 
1537391506812 0.241487 0.921445 -0.30434 -0.637032 -0.937757 0.302254 0.171038 -0.252747 0.24959 0.244094 0.937082 0.377945 0.316241 -0.38488 0.867098 0.400864 -0.930001 -0.306251 0.203246 -0.504429 0.187325 -0.870677 -0.454788 0.485926 
1537391506837 0.240111 0.921433 -0.305464 -0.637774 -0.937989 0.301277 0.171493 -0.252826 0.250048 0.245345 0.936633 0.37802 0.316241 -0.38488 0.867098 0.400864 -0.930001 -0.306251 0.203246 -0.504429 0.187325 -0.870677 -0.454788 0.485926 
1537391506887 0.238734 0.921418 -0.306587 -0.638515 -0.938218 0.3003 0.171948 -0.252905 0.250504 0.246596 0.936183 0.378094 0.316241 -0.38488 0.867098 0.400864 -0.930001 -0.306251 0.203246 -0.504429 0.187325 -0.870677 -0.454788 0.485926 
1537391506938 0.237356 0.9214 -0.307709 -0.639256 -0.938447 0.299323 0.172405 -0.252984 0.250959 0.247847 0.93573 0.378169 0.316241 -0.38488 0.867098 0.400864 -0.930001 -0.306251 0.203246 -0.504429 0.187325 -0.870677 -0.454788 0.485926 
1537391507006 0.235977 0.921379 -0.30883 -0.639997 -0.938673 0.298347 0.172863 -0.253063 0.251411 0.249099 0.935277 0.378243 0.316241 -0.38488 0.867098 0.400864 -0.930001 -0.306251 0.203246 -0.504429 0.187325 -0.870677 -0.454788 0.485926 
1537391507101 0.234597 0.921355 -0.30995 -0.640738 -0.938898 0.297371 0.173322 -0.253142 0.251861 0.25035 0.934821 0.378318 0.316241 -0.38488 0.867098 0.400864 -0.930001 -0.306251 0.203246 -0.504429 0.187325 -0.870677 -0.454788 0.485926 
1537391507191 0.233217 0.921329 -0.311068 -0.641479 -0.939122 0.296395 0.173782 -0.253221 0.25231 0.251602 0.934364 0.378392 0.316241 -0.38488 0.867098 0.400864 -0.930001 -0.306251 0.203246 -0.504429 0.187325 -0.870677 -0.454788 0.485926 
1537391507289 0.231835 0.921299 -0.312186 -0.64222 -0.939344 0.295419 0.174244 -0.2533 0.252756 0.252854 0.933905 0.378467 0.316241 -0.38488 0.867098 0.400864 -0.930001 -0.306251 0.203246 -0.504429 0.187325 -0.870677 -0.454788 0.485926 
1537391507380 0.230474 0.921249 -0.313341 -0.642743 -0.93956 0.294469 0.174684 -0.25327 0.253196 0.254143 0.933436 0.378582 0.316531 -0.385118 0.866887 0.401814 -0.929976 -0.306103 0.20358 -0.50615 0.186955 -0.870623 -0.455042 0.486735 
1537391507501 0.234553 0.921259 -0.310268 -0.640811 -0.938992 0.297307 0.172925 -0.253428 0.251554 0.250779 0.934789 0.378211 0.16008 -0.304787 0.938871 0.370831 -0.775623 0.549475 0.310623 -0.528794 -0.61056 -0.777934 -0.14844 0.432481 
1537391507521 0.233855 0.921443 -0.31025 -0.641149 -0.939154 0.296654 0.173163 -0.253539 0.251597 0.250878 0.934751 0.378143 0.316241 -0.38488 0.867098 0.400864 -0.930001 -0.306251 0.203246 -0.504429 0.187325 -0.870677 -0.454788 0.485926 
1537391507547 0.233157 0.921626 -0.310231 -0.641487 -0.939317 0.296001 0.1734 -0.253651 0.251639 0.250976 0.934713 0.378076 0.316241 -0.38488 0.867098 0.400864 -0.930001 -0.306251 0.203246 -0.504429 0.187325 -0.870677 -0.454788 0.485926 
1537391507592 0.232459 0.921808 -0.310213 -0.641825 -0.939478 0.295348 0.173637 -0.253762 0.251681 0.251075 0.934675 0.378008 0.316241 -0.38488 0.867098 0.400864 -0.930001 -0.306251 0.203246 -0.504429 0.187325 -0.870677 -0.454788 0.485926 
1537391507636 0.231761 0.92199 -0.310194 -0.642162 -0.939639 0.294696 0.173874 -0.253874 0.251723 0.251174 0.934638 0.377941 0.316241 -0.38488 0.867098 0.400864 -0.930001 -0.306251 0.203246 -0.504429 0.187325 -0.870677 -0.454788 0.485926 
1537391507669 0.231063 0.922172 -0.310175 -0.6425 -0.9398 0.294043 0.17411 -0.253985 0.251765 0.251272 0.9346 0.377873 0.316241 -0.38488 0.867098 0.400864 -0.930001 -0.306251 0.203246 -0.504429 0.187325 -0.870677 -0.454788 0.485926 
1537391507721 0.230365 0.922353 -0.310156 -0.642838 -0.93996 0.29339 0.174347 -0.254096 0.251806 0.251371 0.934562 0.377806 0.316241 -0.38488 0.867098 0.400864 -0.930001 -0.306251 0.203246 -0.504429 0.187325 -0.870677 -0.454788 0.485926 
1537391507770 0.229667 0.922533 -0.310137 -0.643175 -0.94012 0.292737 0.174584 -0.254208 0.251848 0.25147 0.934524 0.377738 0.316241 -0.38488 0.867098 0.400864 -0.930001 -0.306251 0.203246 -0.504429 0.187325 -0.870677 -0.454788 0.485926 
1537391507852 0.228969 0.922713 -0.310118 -0.643513 -0.940279 0.292084 0.174821 -0.254319 0.25189 0.251569 0.934486 0.377671 0.316241 -0.38488 0.867098 0.400864 -0.930001 -0.306251 0.203246 -0.504429 0.187325 -0.870677 -0.454788 0.485926 
1537391507933 0.228286 0.92288 -0.310127 -0.643693 -0.940435 0.291449 0.175041 -0.254352 0.251928 0.251695 0.934442 0.377633 0.316531 -0.385118 0.866887 0.401814 -0.929976 -0.306103 0.20358 -0.50615 0.186955 -0.870623 -0.455042 0.486735 
1537391508026 0.230691 0.922087 -0.310705 -0.64278 -0.939931 0.293752 0.173897 -0.254283 0.251619 0.251925 0.934463 0.37783 0.16008 -0.304787 0.938871 0.370831 -0.775623 0.549475 0.310623 -0.528794 -0.61056 -0.777934 -0.14844 0.432481 
1537391508040 0.230783 0.922131 -0.310505 -0.642839 -0.93984 0.293869 0.17419 -0.254318 0.251874 0.251625 0.934476 0.37778 0.316241 -0.38488 0.867098 0.400864 -0.930001 -0.306251 0.203246 -0.504429 0.187325 -0.870677 -0.454788 0.485926 
1537391508046 0.230874 0.922176 -0.310304 -0.642897 -0.939749 0.293986 0.174483 -0.254354 0.252129 0.251324 0.934487 0.377729 0.316241 -0.38488 0.867098 0.400864 -0.930001 -0.306251 0.203246 -0.504429 0.187325 -0.870677 -0.454788 0.485926 
1537391508053 0.230966 0.922221 -0.310103 -0.642955 -0.939658 0.294103 0.174777 -0.254389 0.252385 0.251024 0.934499 0.377679 0.316241 -0.38488 0.867098 0.400864 -0.930001 -0.306251 0.203246 -0.504429 0.187325 -0.870677 -0.454788 0.485926 
1537391508060 0.231057 0.922265 -0.309902 -0.643014 -0.939567 0.294219 0.17507 -0.254424 0.25264 0.250723 0.934511 0.377629 0.316241 -0.38488 0.867098 0.400864 -0.930001 -0.306251 0.203246 -0.504429 0.187325 -0.870677 -0.454788 0.485926 
1537391508089 0.231148 0.92231 -0.309702 -0.643072 -0.939476 0.294335 0.175363 -0.25446 0.252896 0.250423 0.934522 0.377578 0.316241 -0.38488 0.867098 0.400864 -0.930001 -0.306251 0.203246 -0.504429 0.187325 -0.870677 -0.454788 0.485926 
1537391508112 0.23124 0.922354 -0.309502 -0.643131 -0.939384 0.294452 0.175657 -0.254495 0.253151 0.250122 0.934534 0.377528 0.316241 -0.38488 0.867098 0.400864 -0.930001 -0.306251 0.203246 -0.504429 0.187325 -0.870677 -0.454788 0.485926 
1537391508140 0.231331 0.922399 -0.3093 -0.643189 -0.939293 0.294568 0.175951 -0.25453 0.253406 0.249821 0.934545 0.377478 0.316241 -0.38488 0.867098 0.400864 -0.930001 -0.306251 0.203246 -0.504429 0.187325 -0.870677 -0.454788 0.485926 
1537391508167 0.231422 0.922443 -0.309099 -0.643248 -0.939202 0.294684 0.176244 -0.254566 0.253662 0.24952 0.934556 0.377428 0.316241 -0.38488 0.867098 0.400864 -0.930001 -0.306251 0.203246 -0.504429 0.187325 -0.870677 -0.454788 0.485926 
1537391508203 0.231518 0.922484 -0.308907 -0.643262 -0.939109 0.294805 0.176533 -0.254579 0.253916 0.249227 0.934566 0.377386 0.316531 -0.385118 0.866887 0.401814 -0.929976 -0.306103 0.20358 -0.50615 0.186955 -0.870623 -0.455042 0.486735 
1537391508248 0.229238 0.922413 -0.310813 -0.643541 -0.940249 0.292435 0.174397 -0.254894 0.251758 0.252263 0.934334 0.377547 0.16008 -0.304787 0.938871 0.370831 -0.775623 0.549475 0.310623 -0.528794 -0.61056 -0.777934 -0.14844 0.432481 
1537391508255 0.229736 0.922475 -0.310261 -0.643452 -0.940135 0.292794 0.174409 -0.254829 0.25173 0.25162 0.934516 0.377546 0.316241 -0.38488 0.867098 0.400864 -0.930001 -0.306251 0.203246 -0.504429 0.187325 -0.870677 -0.454788 0.485926 
1537391508262 0.230234 0.922536 -0.309711 -0.643364 -0.940021 0.293153 0.174421 -0.254765 0.251702 0.250977 0.934696 0.377546 0.316241 -0.38488 0.867098 0.400864 -0.930001 -0.306251 0.203246 -0.504429 0.187325 -0.870677 -0.454788 0.485926 
1537391508293 0.230731 0.922596 -0.309159 -0.643276 -0.939906 0.293512 0.174433 -0.2547 0.251673 0.250334 0.934876 0.377545 0.316241 -0.38488 0.867098 0.400864 -0.930001 -0.306251 0.203246 -0.504429 0.187325 -0.870677 -0.454788 0.485926 
1537391508310 0.231229 0.922656 -0.308608 -0.643187 -0.939792 0.293871 0.174445 -0.254635 0.251644 0.24969 0.935056 0.377544 0.316241 -0.38488 0.867098 0.400864 -0.930001 -0.306251 0.203246 -0.504429 0.187325 -0.870677 -0.454788 0.485926 
1537391508321 0.231726 0.922716 -0.308056 -0.643099 -0.939677 0.294229 0.174458 -0.25457 0.251614 0.249047 0.935236 0.377544 0.316241 -0.38488 0.867098 0.400864 -0.930001 -0.306251 0.203246 -0.504429 0.187325 -0.870677 -0.454788 0.485926 
1537391508337 0.232223 0.922775 -0.307504 -0.64301 -0.939563 0.294588 0.174471 -0.254506 0.251584 0.248403 0.935415 0.377543 0.316241 -0.38488 0.867098 0.400864 -0.930001 -0.306251 0.203246 -0.504429 0.187325 -0.870677 -0.454788 0.485926 
1537391508377 0.23272 0.922833 -0.306952 -0.642922 -0.939448 0.294947 0.174484 -0.254441 0.251554 0.24776 0.935594 0.377543 0.316241 -0.38488 0.867098 0.400864 -0.930001 -0.306251 0.203246 -0.504429 0.187325 -0.870677 -0.454788 0.485926 
1537391508411 0.233217 0.922891 -0.3064 -0.642833 -0.939333 0.295305 0.174497 -0.254376 0.251524 0.247116 0.935772 0.377542 0.316241 -0.38488 0.867098 0.400864 -0.930001 -0.306251 0.203246 -0.504429 0.187325 -0.870677 -0.454788 0.485926 
1537391508437 0.233713 0.92295 -0.305845 -0.642763 -0.939218 0.295662 0.174512 -0.254321 0.251493 0.24647 0.935951 0.377538 0.316531 -0.385118 0.866887 0.401814 -0.929976 -0.306103 0.20358 -0.50615 0.186955 -0.870623 -0.455042 0.486735 
1537391508513 0.231334 0.922615 -0.308652 -0.643188 -0.939547 0.294195 0.175213 -0.254658 0.252458 0.249461 0.934898 0.377521 0.16008 -0.304787 0.938871 0.370831 -0.775623 0.549475 0.310623 -0.528794 -0.61056 -0.777934 -0.14844 0.432481 
1537391508518 0.231739 0.922576 -0.308465 -0.642825 -0.939355 0.294634 0.175506 -0.254515 0.252802 0.249087 0.934905 0.377636 0.316241 -0.38488 0.867098 0.400864 -0.930001 -0.306251 0.203246 -0.504429 0.187325 -0.870677 -0.454788 0.485926 
1537391508545 0.232144 0.922536 -0.30828 -0.642461 -0.939163 0.295073 0.175797 -0.254373 0.253144 0.248715 0.934911 0.377751 0.316241 -0.38488 0.867098 0.400864 -0.930001 -0.306251 0.203246 -0.504429 0.187325 -0.870677 -0.454788 0.485926 
1537391508577 0.232549 0.922496 -0.308094 -0.642098 -0.93897 0.295512 0.176089 -0.254231 0.253487 0.248341 0.934918 0.377867 0.316241 -0.38488 0.867098 0.400864 -0.930001 -0.306251 0.203246 -0.504429 0.187325 -0.870677 -0.454788 0.485926 
1537391508584 0.232954 0.922456 -0.307908 -0.641734 -0.938777 0.295951 0.176381 -0.254088 0.253829 0.247968 0.934924 0.377982 0.316241 -0.38488 0.867098 0.400864 -0.930001 -0.306251 0.203246 -0.504429 0.187325 -0.870677 -0.454788 0.485926 
1537391508647 0.23336 0.922416 -0.307722 -0.64137 -0.938584 0.296389 0.176673 -0.253945 0.254171 0.247594 0.93493 0.378097 0.316241 -0.38488 0.867098 0.400864 -0.930001 -0.306251 0.203246 -0.504429 0.187325 -0.870677 -0.454788 0.485926 
1537391508732 0.233765 0.922375 -0.307536 -0.641007 -0.938391 0.296827 0.176965 -0.253803 0.254513 0.24722 0.934936 0.378212 0.316241 -0.38488 0.867098 0.400864 -0.930001 -0.306251 0.203246 -0.504429 0.187325 -0.870677 -0.454788 0.485926 
1537391508829 0.23417 0.922334 -0.30735 -0.640643 -0.938197 0.297265 0.177257 -0.25366 0.254855 0.246847 0.934942 0.378327 0.316241 -0.38488 0.867098 0.400864 -0.930001 -0.306251 0.203246 -0.504429 0.187325 -0.870677 -0.454788 0.485926 
1537391508834 0.234576 0.922293 -0.307165 -0.64028 -0.938003 0.297703 0.17755 -0.253518 0.255197 0.246472 0.934947 0.378443 0.316241 -0.38488 0.867098 0.400864 -0.930001 -0.306251 0.203246 -0.504429 0.187325 -0.870677 -0.454788 0.485926 
1537391508933 0.234968 0.922263 -0.306954 -0.640054 -0.937811 0.298124 0.177856 -0.253444 0.255541 0.246075 0.934958 0.378532 0.316531 -0.385118 0.866887 0.401814 -0.929976 -0.306103 0.20358 -0.50615 0.186955 -0.870623 -0.455042 0.486735 
1537391509028 0.232909 0.922784 -0.306959 -0.641299 -0.93885 0.295666 0.176472 -0.25369 0.253603 0.247086 0.935219 0.378149 0.16008 -0.304787 0.938871 0.370831 -0.775623 0.549475 0.310623 -0.528794 -0.61056 -0.777934 -0.14844 0.432481 
1537391509045 0.233224 0.922766 -0.306771 -0.640604 -0.93869 0.296009 0.17675 -0.253393 0.253906 0.24674 0.935228 0.378352 0.316241 -0.38488 0.867098 0.400864 -0.930001 -0.306251 0.203246 -0.504429 0.187325 -0.870677 -0.454788 0.485926 
1537391509077 0.23354 0.922749 -0.306584 -0.639909 -0.938529 0.296352 0.177028 -0.253097 0.254209 0.246395 0.935236 0.378554 0.316241 -0.38488 0.867098 0.400864 -0.930001 -0.306251 0.203246 -0.504429 0.187325 -0.870677 -0.454788 0.485926 
1537391509145 0.233856 0.922731 -0.306397 -0.639213 -0.938368 0.296695 0.177307 -0.2528 0.254513 0.246049 0.935245 0.378757 0.316241 -0.38488 0.867098 0.400864 -0.930001 -0.306251 0.203246 -0.504429 0.187325 -0.870677 -0.454788 0.485926 
1537391509218 0.234172 0.922713 -0.30621 -0.638518 -0.938207 0.297037 0.177585 -0.252503 0.254816 0.245703 0.935254 0.37896 0.316241 -0.38488 0.867098 0.400864 -0.930001 -0.306251 0.203246 -0.504429 0.187325 -0.870677 -0.454788 0.485926 
1537391509341 0.234488 0.922695 -0.306022 -0.637823 -0.938046 0.297379 0.177864 -0.252207 0.255118 0.245356 0.935262 0.379163 0.316241 -0.38488 0.867098 0.400864 -0.930001 -0.306251 0.203246 -0.504429 0.187325 -0.870677 -0.454788 0.485926 
1537391509431 0.234804 0.922677 -0.305835 -0.637127 -0.937884 0.297722 0.178142 -0.25191 0.255421 0.24501 0.93527 0.379366 0.316241 -0.38488 0.867098 0.400864 -0.930001 -0.306251 0.203246 -0.504429 0.187325 -0.870677 -0.454788 0.485926 
1537391509570 0.235119 0.922658 -0.305648 -0.636432 -0.937723 0.298064 0.178421 -0.251613 0.255724 0.244663 0.935278 0.379568 0.316241 -0.38488 0.867098 0.400864 -0.930001 -0.306251 0.203246 -0.504429 0.187325 -0.870677 -0.454788 0.485926 
1537391509576 0.235435 0.922639 -0.305461 -0.635736 -0.937561 0.298406 0.178699 -0.251316 0.256026 0.244316 0.935286 0.379771 0.316241 -0.38488 0.867098 0.400864 -0.930001 -0.306251 0.203246 -0.504429 0.187325 -0.870677 -0.454788 0.485926 
1537391509713 0.235727 0.922642 -0.305228 -0.635294 -0.937404 0.298716 0.179004 -0.251147 0.256334 0.243926 0.935304 0.379926 0.316531 -0.385118 0.866887 0.401814 -0.929976 -0.306103 0.20358 -0.50615 0.186955 -0.870623 -0.455042 0.486735 
1537391509845 0.233362 0.923383 -0.304806 -0.637099 -0.938289 0.296114 0.178691 -0.251161 0.255257 0.244297 0.935501 0.379589 0.16008 -0.304787 0.938871 0.370831 -0.775623 0.549475 0.310623 -0.528794 -0.61056 -0.777934 -0.14844 0.432481 
1537391509865 0.233511 0.923313 -0.304903 -0.636419 -0.938143 0.296378 0.17902 -0.250906 0.255659 0.244239 0.935407 0.37981 0.316241 -0.38488 0.867098 0.400864 -0.930001 -0.306251 0.203246 -0.504429 0.187325 -0.870677 -0.454788 0.485926 
1537391509896 0.233661 0.923242 -0.305002 -0.635739 -0.937996 0.296644 0.179349 -0.250652 0.25606 0.244183 0.935312 0.380031 0.316241 -0.38488 0.867098 0.400864 -0.930001 -0.306251 0.203246 -0.504429 0.187325 -0.870677 -0.454788 0.485926 
1537391509949 0.233811 0.923172 -0.3051 -0.635058 -0.937849 0.29691 0.179679 -0.250397 0.256461 0.244127 0.935216 0.380252 0.316241 -0.38488 0.867098 0.400864 -0.930001 -0.306251 0.203246 -0.504429 0.187325 -0.870677 -0.454788 0.485926 
1537391509957 0.23396 0.923102 -0.305198 -0.634378 -0.937702 0.297175 0.180008 -0.250142 0.256863 0.24407 0.935121 0.380473 0.316241 -0.38488 0.867098 0.400864 -0.930001 -0.306251 0.203246 -0.504429 0.187325 -0.870677 -0.454788 0.485926 
1537391510063 0.23411 0.923031 -0.305297 -0.633697 -0.937554 0.297441 0.180337 -0.249887 0.257264 0.244014 0.935025 0.380694 0.316241 -0.38488 0.867098 0.400864 -0.930001 -0.306251 0.203246 -0.504429 0.187325 -0.870677 -0.454788 0.485926 
1537391510165 0.23426 0.922961 -0.305395 -0.633017 -0.937407 0.297706 0.180666 -0.249633 0.257665 0.243957 0.93493 0.380915 0.316241 -0.38488 0.867098 0.400864 -0.930001 -0.306251 0.203246 -0.504429 0.187325 -0.870677 -0.454788 0.485926 
1537391510172 0.234409 0.92289 -0.305494 -0.632336 -0.937259 0.297971 0.180994 -0.249378 0.258066 0.2439 0.934834 0.381136 0.316241 -0.38488 0.867098 0.400864 -0.930001 -0.306251 0.203246 -0.504429 0.187325 -0.870677 -0.454788 0.485926 
1537391510296 0.234559 0.922819 -0.305592 -0.631655 -0.937111 0.298237 0.181323 -0.249123 0.258468 0.243843 0.934738 0.381357 0.316241 -0.38488 0.867098 0.400864 -0.930001 -0.306251 0.203246 -0.504429 0.187325 -0.870677 -0.454788 0.485926 
1537391510308 0.234684 0.922769 -0.305647 -0.631214 -0.936967 0.298472 0.181678 -0.248989 0.258874 0.243744 0.934651 0.381532 0.316531 -0.385118 0.866887 0.401814 -0.929976 -0.306103 0.20358 -0.50615 0.186955 -0.870623 -0.455042 0.486735 
1537391510470 0.232785 0.923722 -0.30422 -0.63342 -0.937967 0.295896 0.180729 -0.249193 0.256961 0.243277 0.935301 0.380961 0.16008 -0.304787 0.938871 0.370831 -0.775623 0.549475 0.310623 -0.528794 -0.61056 -0.777934 -0.14844 0.432481 
1537391510485 0.232996 0.923542 -0.304603 -0.632872 -0.937827 0.296255 0.180871 -0.249037 0.257282 0.243523 0.935148 0.381132 0.316241 -0.38488 0.867098 0.400864 -0.930001 -0.306251 0.203246 -0.504429 0.187325 -0.870677 -0.454788 0.485926 
1537391510518 0.233206 0.923362 -0.304988 -0.632324 -0.937686 0.296613 0.181013 -0.248881 0.257604 0.243769 0.934996 0.381304 0.316241 -0.38488 0.867098 0.400864 -0.930001 -0.306251 0.203246 -0.504429 0.187325 -0.870677 -0.454788 0.485926 
1537391510561 0.233417 0.923182 -0.305372 -0.631776 -0.937545 0.296971 0.181154 -0.248725 0.257925 0.244016 0.934843 0.381476 0.316241 -0.38488 0.867098 0.400864 -0.930001 -0.306251 0.203246 -0.504429 0.187325 -0.870677 -0.454788 0.485926 
1537391510636 0.233627 0.923001 -0.305756 -0.631228 -0.937405 0.297329 0.181296 -0.24857 0.258246 0.244262 0.93469 0.381647 0.316241 -0.38488 0.867098 0.400864 -0.930001 -0.306251 0.203246 -0.504429 0.187325 -0.870677 -0.454788 0.485926 
1537391510685 0.233837 0.922821 -0.306141 -0.63068 -0.937264 0.297687 0.181437 -0.248414 0.258568 0.244508 0.934537 0.381819 0.316241 -0.38488 0.867098 0.400864 -0.930001 -0.306251 0.203246 -0.504429 0.187325 -0.870677 -0.454788 0.485926 
1537391510770 0.234047 0.92264 -0.306525 -0.630132 -0.937122 0.298046 0.181578 -0.248258 0.258889 0.244754 0.934383 0.38199 0.316241 -0.38488 0.867098 0.400864 -0.930001 -0.306251 0.203246 -0.504429 0.187325 -0.870677 -0.454788 0.485926 
1537391510841 0.234257 0.922459 -0.30691 -0.629584 -0.936981 0.298404 0.181719 -0.248102 0.259211 0.245 0.93423 0.382162 0.316241 -0.38488 0.867098 0.400864 -0.930001 -0.306251 0.203246 -0.504429 0.187325 -0.870677 -0.454788 0.485926 
1537391510940 0.234466 0.922278 -0.307294 -0.629035 -0.93684 0.298762 0.181859 -0.247946 0.259532 0.245245 0.934076 0.382333 0.316241 -0.38488 0.867098 0.400864 -0.930001 -0.306251 0.203246 -0.504429 0.187325 -0.870677 -0.454788 0.485926 
1537391511039 0.234656 0.922114 -0.307641 -0.628687 -0.936702 0.299095 0.182021 -0.247891 0.259858 0.245456 0.93393 0.382467 0.316531 -0.385118 0.866887 0.401814 -0.929976 -0.306103 0.20358 -0.50615 0.186955 -0.870623 -0.455042 0.486735 
1537391511157 0.233449 0.922978 -0.305962 -0.629921 -0.937265 0.297375 0.18194 -0.247915 0.258912 0.244294 0.934497 0.382153 0.16008 -0.304787 0.938871 0.370831 -0.775623 0.549475 0.310623 -0.528794 -0.61056 -0.777934 -0.14844 0.432481 
1537391511165 0.233717 0.922804 -0.306282 -0.62958 -0.937122 0.297763 0.18204 -0.24787 0.259187 0.244478 0.934373 0.382224 0.316241 -0.38488 0.867098 0.400864 -0.930001 -0.306251 0.203246 -0.504429 0.187325 -0.870677 -0.454788 0.485926 
1537391511171 0.233984 0.92263 -0.306603 -0.629238 -0.93698 0.298151 0.18214 -0.247824 0.259461 0.244663 0.934248 0.382295 0.316241 -0.38488 0.867098 0.400864 -0.930001 -0.306251 0.203246 -0.504429 0.187325 -0.870677 -0.454788 0.485926 
1537391511206 0.234251 0.922456 -0.306923 -0.628897 -0.936837 0.298539 0.182239 -0.247779 0.259736 0.244848 0.934124 0.382366 0.316241 -0.38488 0.867098 0.400864 -0.930001 -0.306251 0.203246 -0.504429 0.187325 -0.870677 -0.454788 0.485926 
1537391511212 0.234518 0.922281 -0.307244 -0.628556 -0.936694 0.298926 0.182338 -0.247733 0.26001 0.245032 0.933999 0.382437 0.316241 -0.38488 0.867098 0.400864 -0.930001 -0.306251 0.203246 -0.504429 0.187325 -0.870677 -0.454788 0.485926 
1537391511289 0.234785 0.922106 -0.307564 -0.628214 -0.936551 0.299314 0.182437 -0.247688 0.260284 0.245216 0.933874 0.382507 0.316241 -0.38488 0.867098 0.400864 -0.930001 -0.306251 0.203246 -0.504429 0.187325 -0.870677 -0.454788 0.485926 
1537391511343 0.235052 0.921931 -0.307885 -0.627873 -0.936408 0.299701 0.182536 -0.247643 0.260559 0.2454 0.933749 0.382578 0.316241 -0.38488 0.867098 0.400864 -0.930001 -0.306251 0.203246 -0.504429 0.187325 -0.870677 -0.454788 0.485926 
1537391511396 0.235318 0.921756 -0.308205 -0.627531 -0.936265 0.300089 0.182634 -0.247597 0.260833 0.245584 0.933624 0.382649 0.316241 -0.38488 0.867098 0.400864 -0.930001 -0.306251 0.203246 -0.504429 0.187325 -0.870677 -0.454788 0.485926 
1537391511465 0.235585 0.921581 -0.308526 -0.62719 -0.936121 0.300477 0.182733 -0.247552 0.261108 0.245768 0.933499 0.38272 0.316241 -0.38488 0.867098 0.400864 -0.930001 -0.306251 0.203246 -0.504429 0.187325 -0.870677 -0.454788 0.485926 
1537391511544 0.235839 0.921416 -0.308824 -0.626968 -0.93598 0.300849 0.182844 -0.247567 0.261385 0.245931 0.933379 0.382768 0.316531 -0.385118 0.866887 0.401814 -0.929976 -0.306103 0.20358 -0.50615 0.186955 -0.870623 -0.455042 0.486735 
1537391511632 0.234579 0.922189 -0.307474 -0.627912 -0.936601 0.299103 0.182527 -0.247556 0.260291 0.245163 0.933886 0.382634 0.16008 -0.304787 0.938871 0.370831 -0.775623 0.549475 0.310623 -0.528794 -0.61056 -0.777934 -0.14844 0.432481 
1537391511645 0.234758 0.921935 -0.308099 -0.627551 -0.936446 0.2995 0.182673 -0.247511 0.260688 0.245634 0.933652 0.382759 0.316241 -0.38488 0.867098 0.400864 -0.930001 -0.306251 0.203246 -0.504429 0.187325 -0.870677 -0.454788 0.485926 
1537391511652 0.234936 0.921681 -0.308723 -0.627191 -0.936291 0.299896 0.182818 -0.247466 0.261084 0.246104 0.933417 0.382885 0.316241 -0.38488 0.867098 0.400864 -0.930001 -0.306251 0.203246 -0.504429 0.187325 -0.870677 -0.454788 0.485926 
1537391511682 0.235114 0.921425 -0.309349 -0.62683 -0.936135 0.300293 0.182962 -0.247421 0.261481 0.246575 0.933182 0.38301 0.316241 -0.38488 0.867098 0.400864 -0.930001 -0.306251 0.203246 -0.504429 0.187325 -0.870677 -0.454788 0.485926 
1537391511688 0.235292 0.92117 -0.309974 -0.62647 -0.93598 0.30069 0.183107 -0.247376 0.261878 0.247046 0.932946 0.383136 0.316241 -0.38488 0.867098 0.400864 -0.930001 -0.306251 0.203246 -0.504429 0.187325 -0.870677 -0.454788 0.485926 
1537391511738 0.235469 0.920914 -0.310599 -0.626109 -0.935824 0.301086 0.183251 -0.247331 0.262275 0.247516 0.93271 0.383261 0.316241 -0.38488 0.867098 0.400864 -0.930001 -0.306251 0.203246 -0.504429 0.187325 -0.870677 -0.454788 0.485926 
1537391511818 0.235646 0.920658 -0.311223 -0.625749 -0.935668 0.301483 0.183395 -0.247286 0.262672 0.247985 0.932473 0.383387 0.316241 -0.38488 0.867098 0.400864 -0.930001 -0.306251 0.203246 -0.504429 0.187325 -0.870677 -0.454788 0.485926 
1537391511825 0.235822 0.920401 -0.311848 -0.625388 -0.935512 0.30188 0.183538 -0.247241 0.263069 0.248455 0.932236 0.383512 0.316241 -0.38488 0.867098 0.400864 -0.930001 -0.306251 0.203246 -0.504429 0.187325 -0.870677 -0.454788 0.485926 
1537391511920 0.235999 0.920144 -0.312472 -0.625028 -0.935356 0.302277 0.183681 -0.247196 0.263467 0.248924 0.931999 0.383638 0.316241 -0.38488 0.867098 0.400864 -0.930001 -0.306251 0.203246 -0.504429 0.187325 -0.870677 -0.454788 0.485926 
1537391512013 0.236161 0.919899 -0.313071 -0.624803 -0.935202 0.302656 0.18384 -0.247221 0.263867 0.249369 0.931767 0.383737 0.316531 -0.385118 0.866887 0.401814 -0.929976 -0.306103 0.20358 -0.50615 0.186955 -0.870623 -0.455042 0.486735 
1537391512168 0.234489 0.921259 -0.310317 -0.625733 -0.93604 0.300132 0.18371 -0.246763 0.262381 0.247392 0.932713 0.383429 0.16008 -0.304787 0.938871 0.370831 -0.775623 0.549475 0.310623 -0.528794 -0.61056 -0.777934 -0.14844 0.432481 
1537391512186 0.234755 0.921134 -0.310488 -0.625459 -0.935938 0.300451 0.183711 -0.246741 0.262509 0.24747 0.932656 0.3835 0.316241 -0.38488 0.867098 0.400864 -0.930001 -0.306251 0.203246 -0.504429 0.187325 -0.870677 -0.454788 0.485926 
1537391512216 0.23502 0.921009 -0.310658 -0.625185 -0.935835 0.30077 0.183713 -0.246718 0.262638 0.247549 0.932599 0.383572 0.316241 -0.38488 0.867098 0.400864 -0.930001 -0.306251 0.203246 -0.504429 0.187325 -0.870677 -0.454788 0.485926 
1537391512236 0.235285 0.920884 -0.310828 -0.624911 -0.935732 0.301088 0.183714 -0.246696 0.262766 0.247627 0.932542 0.383644 0.316241 -0.38488 0.867098 0.400864 -0.930001 -0.306251 0.203246 -0.504429 0.187325 -0.870677 -0.454788 0.485926 
1537391512264 0.235551 0.920758 -0.310999 -0.624637 -0.935629 0.301408 0.183715 -0.246673 0.262895 0.247706 0.932485 0.383715 0.316241 -0.38488 0.867098 0.400864 -0.930001 -0.306251 0.203246 -0.504429 0.187325 -0.870677 -0.454788 0.485926 
1537391512273 0.235816 0.920633 -0.31117 -0.624363 -0.935526 0.301726 0.183717 -0.246651 0.263024 0.247784 0.932428 0.383787 0.316241 -0.38488 0.867098 0.400864 -0.930001 -0.306251 0.203246 -0.504429 0.187325 -0.870677 -0.454788 0.485926 
1537391512302 0.236081 0.920507 -0.31134 -0.624088 -0.935423 0.302045 0.183718 -0.246629 0.263152 0.247862 0.932371 0.383858 0.316241 -0.38488 0.867098 0.400864 -0.930001 -0.306251 0.203246 -0.504429 0.187325 -0.870677 -0.454788 0.485926 
1537391512343 0.236347 0.920381 -0.31151 -0.623814 -0.93532 0.302364 0.183719 -0.246606 0.263281 0.247941 0.932314 0.38393 0.316241 -0.38488 0.867098 0.400864 -0.930001 -0.306251 0.203246 -0.504429 0.187325 -0.870677 -0.454788 0.485926 
1537391512350 0.236612 0.920255 -0.311681 -0.62354 -0.935217 0.302683 0.18372 -0.246584 0.26341 0.248019 0.932256 0.384001 0.316241 -0.38488 0.867098 0.400864 -0.930001 -0.306251 0.203246 -0.504429 0.187325 -0.870677 -0.454788 0.485926 
1537391512425 0.236868 0.920137 -0.311835 -0.623354 -0.935115 0.30299 0.183731 -0.246607 0.263541 0.248081 0.932203 0.384056 0.316531 -0.385118 0.866887 0.401814 -0.929976 -0.306103 0.20358 -0.50615 0.186955 -0.870623 -0.455042 0.486735 
1537391512509 0.235664 0.92043 -0.311882 -0.624568 -0.935427 0.301855 0.184012 -0.246688 0.263514 0.248378 0.932131 0.383744 0.16008 -0.304787 0.938871 0.370831 -0.775623 0.549475 0.310623 -0.528794 -0.61056 -0.777934 -0.14844 0.432481 
1537391512529 0.235969 0.920346 -0.311901 -0.624243 -0.935339 0.302157 0.183962 -0.246587 0.263552 0.248324 0.932135 0.383837 0.316241 -0.38488 0.867098 0.400864 -0.930001 -0.306251 0.203246 -0.504429 0.187325 -0.870677 -0.454788 0.485926 
1537391512549 0.236275 0.920261 -0.31192 -0.623917 -0.935251 0.30246 0.183911 -0.246486 0.26359 0.24827 0.932139 0.38393 0.316241 -0.38488 0.867098 0.400864 -0.930001 -0.306251 0.203246 -0.504429 0.187325 -0.870677 -0.454788 0.485926 
1537391512587 0.236581 0.920176 -0.311938 -0.623592 -0.935163 0.302763 0.183861 -0.246385 0.263628 0.248215 0.932142 0.384023 0.316241 -0.38488 0.867098 0.400864 -0.930001 -0.306251 0.203246 -0.504429 0.187325 -0.870677 -0.454788 0.485926 
1537391512613 0.236887 0.920091 -0.311958 -0.623267 -0.935075 0.303066 0.18381 -0.246284 0.263666 0.248162 0.932146 0.384115 0.316241 -0.38488 0.867098 0.400864 -0.930001 -0.306251 0.203246 -0.504429 0.187325 -0.870677 -0.454788 0.485926 
1537391512652 0.237193 0.920005 -0.311977 -0.622942 -0.934986 0.303369 0.183759 -0.246183 0.263704 0.248107 0.93215 0.384208 0.316241 -0.38488 0.867098 0.400864 -0.930001 -0.306251 0.203246 -0.504429 0.187325 -0.870677 -0.454788 0.485926 
1537391512705 0.237499 0.91992 -0.311995 -0.622616 -0.934898 0.303672 0.183709 -0.246082 0.263742 0.248053 0.932153 0.384301 0.316241 -0.38488 0.867098 0.400864 -0.930001 -0.306251 0.203246 -0.504429 0.187325 -0.870677 -0.454788 0.485926 
1537391512765 0.237805 0.919835 -0.312014 -0.622291 -0.93481 0.303975 0.183658 -0.245982 0.26378 0.247999 0.932157 0.384394 0.316241 -0.38488 0.867098 0.400864 -0.930001 -0.306251 0.203246 -0.504429 0.187325 -0.870677 -0.454788 0.485926 
1537391512820 0.238111 0.919749 -0.312033 -0.621966 -0.934721 0.304277 0.183608 -0.245881 0.263817 0.247945 0.932161 0.384487 0.316241 -0.38488 0.867098 0.400864 -0.930001 -0.306251 0.203246 -0.504429 0.187325 -0.870677 -0.454788 0.485926 
1537391512828 0.238406 0.919673 -0.312032 -0.621743 -0.934635 0.304567 0.183569 -0.245833 0.263858 0.247872 0.932169 0.384559 0.316531 -0.385118 0.866887 0.401814 -0.929976 -0.306103 0.20358 -0.50615 0.186955 -0.870623 -0.455042 0.486735 
1537391512916 0.236328 0.92033 -0.311675 -0.623186 -0.935206 0.30249 0.184089 -0.246076 0.263701 0.247975 0.932186 0.384165 0.16008 -0.304787 0.938871 0.370831 -0.775623 0.549475 0.310623 -0.528794 -0.61056 -0.777934 -0.14844 0.432481 
1537391512964 0.236697 0.920353 -0.311327 -0.622726 -0.935129 0.302755 0.184048 -0.245888 0.263645 0.247567 0.93231 0.384276 0.316241 -0.38488 0.867098 0.400864 -0.930001 -0.306251 0.203246 -0.504429 0.187325 -0.870677 -0.454788 0.485926 
1537391512990 0.237067 0.920375 -0.31098 -0.622266 -0.935051 0.303021 0.184008 -0.245701 0.26359 0.24716 0.932434 0.384388 0.316241 -0.38488 0.867098 0.400864 -0.930001 -0.306251 0.203246 -0.504429 0.187325 -0.870677 -0.454788 0.485926 
1537391513012 0.237437 0.920397 -0.310634 -0.621806 -0.934972 0.303286 0.183968 -0.245513 0.263534 0.246753 0.932557 0.384499 0.316241 -0.38488 0.867098 0.400864 -0.930001 -0.306251 0.203246 -0.504429 0.187325 -0.870677 -0.454788 0.485926 
1537391513064 0.237807 0.920418 -0.310286 -0.621346 -0.934894 0.303552 0.183928 -0.245326 0.263479 0.246345 0.93268 0.384611 0.316241 -0.38488 0.867098 0.400864 -0.930001 -0.306251 0.203246 -0.504429 0.187325 -0.870677 -0.454788 0.485926 
1537391513113 0.238177 0.92044 -0.309939 -0.620886 -0.934816 0.303817 0.183888 -0.245138 0.263423 0.245938 0.932804 0.384722 0.316241 -0.38488 0.867098 0.400864 -0.930001 -0.306251 0.203246 -0.504429 0.187325 -0.870677 -0.454788 0.485926 
1537391513169 0.238547 0.920461 -0.309592 -0.620425 -0.934737 0.304083 0.183849 -0.24495 0.263367 0.245531 0.932927 0.384833 0.316241 -0.38488 0.867098 0.400864 -0.930001 -0.306251 0.203246 -0.504429 0.187325 -0.870677 -0.454788 0.485926 
1537391513239 0.238916 0.920482 -0.309245 -0.619965 -0.934658 0.304348 0.183809 -0.244763 0.263311 0.245123 0.93305 0.384945 0.316241 -0.38488 0.867098 0.400864 -0.930001 -0.306251 0.203246 -0.504429 0.187325 -0.870677 -0.454788 0.485926 
1537391513323 0.239286 0.920502 -0.308897 -0.619505 -0.93458 0.304614 0.18377 -0.244575 0.263255 0.244716 0.933173 0.385056 0.316241 -0.38488 0.867098 0.400864 -0.930001 -0.306251 0.203246 -0.504429 0.187325 -0.870677 -0.454788 0.485926 
1537391513409 0.239643 0.920534 -0.308526 -0.61917 -0.934503 0.304863 0.183744 -0.244452 0.263201 0.244286 0.9333 0.385143 0.316531 -0.385118 0.866887 0.401814 -0.929976 -0.306103 0.20358 -0.50615 0.186955 -0.870623 -0.455042 0.486735 
1537391513514 0.238167 0.920591 -0.309497 -0.620378 -0.934797 0.303739 0.184111 -0.244789 0.263498 0.245468 0.932906 0.384812 0.16008 -0.304787 0.938871 0.370831 -0.775623 0.549475 0.310623 -0.528794 -0.61056 -0.777934 -0.14844 0.432481 
1537391513528 0.238492 0.920541 -0.309396 -0.619874 -0.93469 0.304049 0.184145 -0.244574 0.263585 0.245272 0.932933 0.384939 0.316241 -0.38488 0.867098 0.400864 -0.930001 -0.306251 0.203246 -0.504429 0.187325 -0.870677 -0.454788 0.485926 
1537391513553 0.238816 0.920491 -0.309295 -0.61937 -0.934583 0.304358 0.184178 -0.244358 0.263671 0.245077 0.93296 0.385065 0.316241 -0.38488 0.867098 0.400864 -0.930001 -0.306251 0.203246 -0.504429 0.187325 -0.870677 -0.454788 0.485926 
1537391513599 0.239141 0.92044 -0.309194 -0.618866 -0.934475 0.304668 0.184211 -0.244143 0.263756 0.244882 0.932987 0.385192 0.316241 -0.38488 0.867098 0.400864 -0.930001 -0.306251 0.203246 -0.504429 0.187325 -0.870677 -0.454788 0.485926 
1537391513653 0.239466 0.92039 -0.309093 -0.618362 -0.934368 0.304977 0.184243 -0.243928 0.263842 0.244687 0.933014 0.385319 0.316241 -0.38488 0.867098 0.400864 -0.930001 -0.306251 0.203246 -0.504429 0.187325 -0.870677 -0.454788 0.485926 
1537391513716 0.239791 0.920339 -0.308992 -0.617858 -0.93426 0.305286 0.184276 -0.243712 0.263928 0.244491 0.933041 0.385445 0.316241 -0.38488 0.867098 0.400864 -0.930001 -0.306251 0.203246 -0.504429 0.187325 -0.870677 -0.454788 0.485926 
1537391513790 0.240115 0.920289 -0.308891 -0.617354 -0.934153 0.305595 0.184309 -0.243497 0.264014 0.244296 0.933068 0.385572 0.316241 -0.38488 0.867098 0.400864 -0.930001 -0.306251 0.203246 -0.504429 0.187325 -0.870677 -0.454788 0.485926 
