1533679121330 0.138018 0.564842 -0.813575 -0.533079 -0.917775 0.38175 0.109342 -0.203847 0.372343 0.731588 0.571086 0.442034 0.16008 -0.304787 0.938871 0.370831 -0.775623 0.549475 0.310623 -0.528794 -0.61056 -0.777934 -0.14844 0.432481 
1533679121343 0.1206 0.563677 -0.817144 -0.544746 -0.922771 0.367136 0.117067 -0.207246 0.365991 0.739918 0.564421 0.443882 0.31622 -0.384863 0.867113 0.400795 -0.930002 -0.306262 0.203222 -0.504304 0.187351 -0.87068 -0.454769 0.485867 
1533679122026 0.103166 0.562218 -0.820529 -0.556416 -0.927449 0.352474 0.124902 -0.210653 0.359437 0.748113 0.557792 0.445723 0.31622 -0.384863 0.867113 0.400795 -0.930002 -0.306262 0.203222 -0.504304 0.187351 -0.87068 -0.454769 0.485867 
1533679122752 0.0857283 0.560455 -0.823736 -0.568083 -0.931807 0.337771 0.132838 -0.214052 0.352683 0.756175 0.551193 0.44757 0.31622 -0.384863 0.867113 0.400795 -0.930002 -0.306262 0.203222 -0.504304 0.187351 -0.87068 -0.454769 0.485867 
1533679123446 0.0682967 0.558384 -0.826767 -0.579736 -0.935845 0.323034 0.140864 -0.217428 0.345729 0.764105 0.544623 0.449432 0.31622 -0.384863 0.867113 0.400795 -0.930002 -0.306262 0.203222 -0.504304 0.187351 -0.87068 -0.454769 0.485867 
1533679124154 0.0508875 0.555987 -0.829632 -0.591356 -0.939563 0.308272 0.148962 -0.220752 0.338573 0.771911 0.538072 0.451327 0.31622 -0.384863 0.867113 0.400795 -0.930002 -0.306262 0.203222 -0.504304 0.187351 -0.87068 -0.454769 0.485867 
1533679124161 0.0335298 0.553229 -0.832354 -0.602891 -0.942963 0.293501 0.157092 -0.22395 0.331205 0.779612 0.531516 0.453302 0.31622 -0.384863 0.867113 0.400795 -0.930002 -0.306262 0.203222 -0.504304 0.187351 -0.87068 -0.454769 0.485867 
1533679125224 0.0162676 0.550045 -0.834977 -0.614248 -0.946054 0.278738 0.165188 -0.226902 0.323601 0.787246 0.524906 0.455433 0.31622 -0.384863 0.867113 0.400795 -0.930002 -0.306262 0.203222 -0.504304 0.187351 -0.87068 -0.454769 0.485867 
