1533291488560 0.0994763 0.94797 -0.302419 -0.612607 -0.962799 0.168439 0.211295 -0.225897 0.251241 0.27015 0.929461 0.377818 0.16008 -0.304787 0.938871 0.370831 -0.775623 0.549475 0.310623 -0.528794 -0.61056 -0.777934 -0.14844 0.432481 
1533291488589 0.10189 0.948058 -0.301338 -0.614785 -0.962149 0.170881 0.212292 -0.225391 0.252759 0.268302 0.929584 0.378359 0.316305 -0.38429 0.867336 0.400738 -0.930106 -0.305553 0.203815 -0.506322 0.186693 -0.871182 -0.454078 0.485854 
1533291488612 0.104306 0.948137 -0.30026 -0.616963 -0.961492 0.173321 0.213292 -0.224885 0.254272 0.266449 0.929705 0.3789 0.316242 -0.384853 0.86711 0.400828 -0.929997 -0.306262 0.203248 -0.504438 0.187342 -0.870685 -0.454765 0.485876 
1533291488637 0.106722 0.948209 -0.299182 -0.61914 -0.960826 0.175757 0.214295 -0.22438 0.25578 0.264592 0.929821 0.379441 0.316223 -0.384857 0.867115 0.40079 -0.930001 -0.306263 0.203227 -0.50432 0.187352 -0.870683 -0.454765 0.485866 
1533291488642 0.10914 0.948273 -0.298107 -0.621317 -0.960153 0.178191 0.2153 -0.223874 0.257282 0.26273 0.929935 0.379982 0.316222 -0.384859 0.867114 0.40079 -0.930002 -0.306263 0.203224 -0.504311 0.187352 -0.870682 -0.454766 0.485866 
1533291488657 0.111559 0.948328 -0.297033 -0.623495 -0.959472 0.180621 0.216307 -0.223368 0.25878 0.260864 0.930044 0.380523 0.316221 -0.384861 0.867114 0.400793 -0.930002 -0.306262 0.203224 -0.504309 0.187352 -0.870681 -0.454768 0.485867 
1533291488672 0.113979 0.948375 -0.295962 -0.625672 -0.958784 0.183048 0.217316 -0.222862 0.260273 0.258994 0.930151 0.381065 0.316221 -0.384862 0.867113 0.400795 -0.930002 -0.306262 0.203223 -0.504309 0.187351 -0.870681 -0.454769 0.485868 
1533291488701 0.1164 0.948414 -0.294893 -0.627848 -0.958088 0.185472 0.218328 -0.222356 0.26176 0.25712 0.930253 0.381606 0.316221 -0.384862 0.867113 0.400796 -0.930002 -0.306262 0.203223 -0.50431 0.187351 -0.870681 -0.454769 0.485869 
1533291488719 0.118822 0.948445 -0.293827 -0.630009 -0.957384 0.187894 0.219342 -0.221846 0.263242 0.255243 0.930352 0.382149 0.316222 -0.384863 0.867112 0.400801 -0.930002 -0.306262 0.203224 -0.504317 0.18735 -0.87068 -0.45477 0.485871 
1533291488732 0.121245 0.948459 -0.292787 -0.63199 -0.956673 0.190318 0.220353 -0.221316 0.264719 0.253385 0.930441 0.382702 0.316238 -0.384878 0.8671 0.400844 -0.930001 -0.306253 0.203243 -0.504402 0.187328 -0.870677 -0.454786 0.48592 
1533291488757 0.0996513 0.948063 -0.302069 -0.612763 -0.962748 0.168561 0.211433 -0.225838 0.251369 0.269747 0.929543 0.378024 0.316238 -0.384878 0.8671 0.400844 -0.930001 -0.306253 0.203243 -0.504402 0.187328 -0.870677 -0.454786 0.48592 
1533291488769 0.102049 0.948141 -0.301024 -0.614925 -0.962103 0.170991 0.212417 -0.225338 0.252873 0.267939 0.929658 0.378544 0.316221 -0.384863 0.867113 0.400799 -0.930002 -0.306262 0.203223 -0.504312 0.187351 -0.87068 -0.45477 0.485869 
1533291488786 0.104447 0.94821 -0.29998 -0.617087 -0.961449 0.173419 0.213403 -0.224838 0.254373 0.266127 0.929769 0.379065 0.31622 -0.384863 0.867113 0.400795 -0.930002 -0.306262 0.203222 -0.504305 0.187351 -0.87068 -0.45477 0.485867 
1533291488802 0.106846 0.948272 -0.298938 -0.619249 -0.960789 0.175842 0.214392 -0.224338 0.255868 0.264309 0.929878 0.379586 0.31622 -0.384863 0.867113 0.400795 -0.930002 -0.306262 0.203222 -0.504304 0.187352 -0.87068 -0.454769 0.485867 
1533291488822 0.109247 0.948326 -0.297898 -0.621411 -0.960121 0.178264 0.215384 -0.223838 0.257358 0.262488 0.929982 0.380106 0.31622 -0.384863 0.867113 0.400795 -0.930002 -0.306262 0.203222 -0.504304 0.187352 -0.87068 -0.454769 0.485867 
1533291488835 0.111648 0.948372 -0.296859 -0.623573 -0.959445 0.180682 0.216377 -0.223338 0.258843 0.260662 0.930084 0.380627 0.31622 -0.384863 0.867113 0.400795 -0.930002 -0.306262 0.203222 -0.504304 0.187352 -0.87068 -0.454769 0.485867 
1533291488842 0.11405 0.94841 -0.295823 -0.625735 -0.958762 0.183097 0.217373 -0.222838 0.260323 0.258833 0.930181 0.381148 0.31622 -0.384863 0.867113 0.400795 -0.930002 -0.306262 0.203222 -0.504304 0.187352 -0.87068 -0.454769 0.485867 
1533291488856 0.116454 0.94844 -0.294789 -0.627896 -0.958071 0.18551 0.218371 -0.222338 0.261798 0.256999 0.930276 0.381668 0.31622 -0.384863 0.867113 0.400795 -0.930002 -0.306262 0.203222 -0.504304 0.187352 -0.87068 -0.454769 0.485867 
1533291488872 0.118858 0.948461 -0.293758 -0.630042 -0.957373 0.187919 0.219372 -0.221835 0.263268 0.255162 0.930367 0.38219 0.31622 -0.384863 0.867113 0.400795 -0.930002 -0.306262 0.203222 -0.504304 0.187352 -0.87068 -0.454769 0.485867 
1533291488900 0.121262 0.948469 -0.292751 -0.632025 -0.956667 0.190329 0.22037 -0.221319 0.264733 0.253342 0.930448 0.38272 0.31622 -0.384863 0.867113 0.400795 -0.930002 -0.306262 0.203222 -0.504304 0.187352 -0.87068 -0.454769 0.485867 
1533291488928 0.101096 0.948659 -0.29971 -0.614751 -0.962155 0.169855 0.213089 -0.224702 0.253056 0.266825 0.929929 0.379004 0.31622 -0.384863 0.867113 0.400795 -0.930002 -0.306262 0.203222 -0.504304 0.187352 -0.87068 -0.454769 0.485867 
1533291488942 0.10247 0.948306 -0.30036 -0.615741 -0.962216 0.17107 0.21184 -0.22428 0.252272 0.267304 0.930004 0.379318 0.31622 -0.384863 0.867113 0.400795 -0.930002 -0.306262 0.203222 -0.504304 0.187352 -0.87068 -0.454769 0.485867 
1533291488956 0.103844 0.947951 -0.301008 -0.616731 -0.962273 0.172283 0.210591 -0.223859 0.251489 0.267783 0.930078 0.379633 0.31622 -0.384863 0.867113 0.400795 -0.930002 -0.306262 0.203222 -0.504304 0.187352 -0.87068 -0.454769 0.485867 
1533291488973 0.105218 0.947594 -0.301654 -0.617721 -0.962328 0.173495 0.209341 -0.223437 0.250706 0.268264 0.930151 0.379947 0.31622 -0.384863 0.867113 0.400795 -0.930002 -0.306262 0.203222 -0.504304 0.187352 -0.87068 -0.454769 0.485867 
1533291488990 0.106593 0.947235 -0.302298 -0.618711 -0.962381 0.174706 0.20809 -0.223016 0.249923 0.268745 0.930223 0.380262 0.31622 -0.384863 0.867113 0.400795 -0.930002 -0.306262 0.203222 -0.504304 0.187352 -0.87068 -0.454769 0.485867 
1533291489008 0.107967 0.946874 -0.302941 -0.619701 -0.96243 0.175916 0.206837 -0.222594 0.249141 0.269228 0.930293 0.380576 0.31622 -0.384863 0.867113 0.400795 -0.930002 -0.306262 0.203222 -0.504304 0.187352 -0.87068 -0.454769 0.485867 
1533291489023 0.109343 0.946511 -0.303581 -0.620691 -0.962477 0.177126 0.205584 -0.222172 0.24836 0.269711 0.930362 0.38089 0.31622 -0.384863 0.867113 0.400795 -0.930002 -0.306262 0.203222 -0.504304 0.187352 -0.87068 -0.454769 0.485867 
1533291489040 0.110718 0.946146 -0.30422 -0.621681 -0.962521 0.178334 0.20433 -0.221751 0.247579 0.270195 0.93043 0.381205 0.31622 -0.384863 0.867113 0.400795 -0.930002 -0.306262 0.203222 -0.504304 0.187352 -0.87068 -0.454769 0.485867 
1533291489059 0.112094 0.945778 -0.304857 -0.622666 -0.962562 0.179541 0.203074 -0.221329 0.246798 0.270681 0.930496 0.381519 0.31622 -0.384863 0.867113 0.400795 -0.930002 -0.306262 0.203222 -0.504304 0.187352 -0.87068 -0.454769 0.485867 
1533291489073 0.113467 0.945409 -0.305495 -0.623594 -0.9626 0.180746 0.201823 -0.220915 0.246022 0.271169 0.930559 0.381827 0.31622 -0.384863 0.867113 0.400795 -0.930002 -0.306262 0.203222 -0.504304 0.187352 -0.87068 -0.454769 0.485867 
1533291489097 0.104041 0.948525 -0.299126 -0.618725 -0.961323 0.173024 0.214292 -0.223422 0.255017 0.265262 0.92984 0.379415 0.31622 -0.384863 0.867113 0.400795 -0.930002 -0.306262 0.203222 -0.504304 0.187352 -0.87068 -0.454769 0.485867 
1533291489110 0.10532 0.948089 -0.300057 -0.619667 -0.961377 0.174229 0.213069 -0.223026 0.254287 0.266027 0.929821 0.379608 0.31622 -0.384863 0.867113 0.400795 -0.930002 -0.306262 0.203222 -0.504304 0.187352 -0.87068 -0.454769 0.485867 
1533291489120 0.106598 0.947652 -0.300985 -0.620609 -0.961429 0.175432 0.211845 -0.22263 0.253558 0.266794 0.929801 0.379802 0.31622 -0.384863 0.867113 0.400795 -0.930002 -0.306262 0.203222 -0.504304 0.187352 -0.87068 -0.454769 0.485867 
1533291489126 0.107876 0.947213 -0.301911 -0.621551 -0.961478 0.176633 0.21062 -0.222234 0.252829 0.26756 0.929779 0.379995 0.31622 -0.384863 0.867113 0.400795 -0.930002 -0.306262 0.203222 -0.504304 0.187352 -0.87068 -0.454769 0.485867 
1533291489147 0.109155 0.946771 -0.302836 -0.622492 -0.961525 0.177833 0.209393 -0.221838 0.252102 0.268328 0.929755 0.380188 0.31622 -0.384863 0.867113 0.400795 -0.930002 -0.306262 0.203222 -0.504304 0.187352 -0.87068 -0.454769 0.485867 
1533291489165 0.110435 0.946327 -0.303759 -0.623434 -0.961569 0.179032 0.208165 -0.221442 0.251375 0.269097 0.92973 0.380382 0.31622 -0.384863 0.867113 0.400795 -0.930002 -0.306262 0.203222 -0.504304 0.187352 -0.87068 -0.454769 0.485867 
1533291489180 0.111715 0.94588 -0.30468 -0.624377 -0.96161 0.18023 0.206936 -0.221047 0.250649 0.269866 0.929703 0.380575 0.31622 -0.384863 0.867113 0.400795 -0.930002 -0.306262 0.203222 -0.504304 0.187352 -0.87068 -0.454769 0.485867 
1533291489196 0.112996 0.945432 -0.3056 -0.625318 -0.96165 0.181426 0.205706 -0.220651 0.249924 0.270636 0.929674 0.380768 0.31622 -0.384863 0.867113 0.400795 -0.930002 -0.306262 0.203222 -0.504304 0.187352 -0.87068 -0.454769 0.485867 
1533291489213 0.114277 0.94498 -0.306517 -0.626256 -0.961686 0.182621 0.204474 -0.220254 0.2492 0.271407 0.929644 0.380962 0.31622 -0.384863 0.867113 0.400795 -0.930002 -0.306262 0.203222 -0.504304 0.187352 -0.87068 -0.454769 0.485867 
1533291489230 0.115555 0.944527 -0.307435 -0.627141 -0.961719 0.183813 0.203245 -0.219866 0.248481 0.27218 0.92961 0.381149 0.31622 -0.384863 0.867113 0.400795 -0.930002 -0.306262 0.203222 -0.504304 0.187352 -0.87068 -0.454769 0.485867 
1533291489258 0.108132 0.947087 -0.302215 -0.620975 -0.961531 0.176853 0.210194 -0.223166 0.25252 0.26786 0.929777 0.379762 0.31622 -0.384863 0.867113 0.400795 -0.930002 -0.306262 0.203222 -0.504304 0.187352 -0.87068 -0.454769 0.485867 
1533291489270 0.109349 0.946713 -0.302948 -0.621696 -0.961652 0.17788 0.208768 -0.222848 0.251532 0.268502 0.929859 0.379905 0.31622 -0.384863 0.867113 0.400795 -0.930002 -0.306262 0.203222 -0.504304 0.187352 -0.87068 -0.454769 0.485867 
1533291489287 0.110575 0.946333 -0.303689 -0.622426 -0.961773 0.178913 0.207325 -0.222523 0.250532 0.269155 0.92994 0.38005 0.31622 -0.384863 0.867113 0.400795 -0.930002 -0.306262 0.203222 -0.504304 0.187352 -0.87068 -0.454769 0.485867 
1533291489303 0.111802 0.945951 -0.304429 -0.623157 -0.961891 0.179944 0.20588 -0.222198 0.249533 0.26981 0.930019 0.380196 0.31622 -0.384863 0.867113 0.400795 -0.930002 -0.306262 0.203222 -0.504304 0.187352 -0.87068 -0.454769 0.485867 
1533291489310 0.11303 0.945567 -0.305167 -0.623889 -0.962006 0.180973 0.204435 -0.221873 0.248534 0.270465 0.930096 0.380341 0.31622 -0.384863 0.867113 0.400795 -0.930002 -0.306262 0.203222 -0.504304 0.187352 -0.87068 -0.454769 0.485867 
1533291489323 0.114258 0.945182 -0.305902 -0.62462 -0.962118 0.182001 0.202989 -0.221548 0.247536 0.271121 0.930172 0.380487 0.31622 -0.384863 0.867113 0.400795 -0.930002 -0.306262 0.203222 -0.504304 0.187352 -0.87068 -0.454769 0.485867 
1533291489341 0.115487 0.944795 -0.306636 -0.625351 -0.962228 0.183028 0.201541 -0.221223 0.246538 0.271778 0.930245 0.380632 0.31622 -0.384863 0.867113 0.400795 -0.930002 -0.306262 0.203222 -0.504304 0.187352 -0.87068 -0.454769 0.485867 
1533291489347 0.116716 0.944406 -0.307368 -0.626082 -0.962334 0.184054 0.200092 -0.220898 0.24554 0.272437 0.930316 0.380778 0.31622 -0.384863 0.867113 0.400795 -0.930002 -0.306262 0.203222 -0.504304 0.187352 -0.87068 -0.454769 0.485867 
1533291489361 0.117947 0.944015 -0.308098 -0.626809 -0.962438 0.185079 0.198641 -0.220573 0.244543 0.273096 0.930385 0.380923 0.31622 -0.384863 0.867113 0.400795 -0.930002 -0.306262 0.203222 -0.504304 0.187352 -0.87068 -0.454769 0.485867 
1533291489377 0.119174 0.943623 -0.308827 -0.627497 -0.962538 0.186101 0.197196 -0.220256 0.243551 0.273757 0.930451 0.381063 0.31622 -0.384863 0.867113 0.400795 -0.930002 -0.306262 0.203222 -0.504304 0.187352 -0.87068 -0.454769 0.485867 
1533291489401 0.10999 0.946349 -0.303852 -0.62311 -0.961619 0.178637 0.208274 -0.22163 0.251379 0.269282 0.929675 0.380146 0.31622 -0.384863 0.867113 0.400795 -0.930002 -0.306262 0.203222 -0.504304 0.187352 -0.87068 -0.454769 0.485867 
1533291489408 0.110967 0.946019 -0.304522 -0.62367 -0.961717 0.179472 0.207098 -0.221419 0.250572 0.269883 0.929719 0.380295 0.31622 -0.384863 0.867113 0.400795 -0.930002 -0.306262 0.203222 -0.504304 0.187352 -0.87068 -0.454769 0.485867 
1533291489424 0.111944 0.945689 -0.305191 -0.62423 -0.961814 0.180308 0.205921 -0.221209 0.249766 0.270485 0.929761 0.380444 0.31622 -0.384863 0.867113 0.400795 -0.930002 -0.306262 0.203222 -0.504304 0.187352 -0.87068 -0.454769 0.485867 
1533291489448 0.112922 0.945357 -0.305858 -0.62479 -0.961908 0.181142 0.204744 -0.220999 0.24896 0.271087 0.929801 0.380593 0.31622 -0.384863 0.867113 0.400795 -0.930002 -0.306262 0.203222 -0.504304 0.187352 -0.87068 -0.454769 0.485867 
1533291489462 0.113901 0.945023 -0.306524 -0.62535 -0.962001 0.181975 0.203567 -0.220788 0.248155 0.27169 0.929841 0.380742 0.31622 -0.384863 0.867113 0.400795 -0.930002 -0.306262 0.203222 -0.504304 0.187352 -0.87068 -0.454769 0.485867 
1533291489478 0.11488 0.944689 -0.307189 -0.62591 -0.962092 0.182808 0.202388 -0.220578 0.247351 0.272294 0.929878 0.380892 0.31622 -0.384863 0.867113 0.400795 -0.930002 -0.306262 0.203222 -0.504304 0.187352 -0.87068 -0.454769 0.485867 
1533291489501 0.115859 0.944353 -0.307853 -0.626471 -0.962181 0.183639 0.201209 -0.220368 0.246546 0.272898 0.929915 0.381041 0.31622 -0.384863 0.867113 0.400795 -0.930002 -0.306262 0.203222 -0.504304 0.187352 -0.87068 -0.454769 0.485867 
1533291489516 0.116839 0.944017 -0.308514 -0.62703 -0.962268 0.184469 0.200029 -0.220157 0.245742 0.273502 0.92995 0.38119 0.31622 -0.384863 0.867113 0.400795 -0.930002 -0.306262 0.203222 -0.504304 0.187352 -0.87068 -0.454769 0.485867 
1533291489531 0.117819 0.943678 -0.309176 -0.627588 -0.962353 0.185299 0.198848 -0.219947 0.244939 0.274108 0.929984 0.381339 0.31622 -0.384863 0.867113 0.400795 -0.930002 -0.306262 0.203222 -0.504304 0.187352 -0.87068 -0.454769 0.485867 
1533291489551 0.118797 0.943339 -0.309836 -0.628116 -0.962436 0.186126 0.197671 -0.219743 0.24414 0.274714 0.930015 0.381483 0.31622 -0.384863 0.867113 0.400795 -0.930002 -0.306262 0.203222 -0.504304 0.187352 -0.87068 -0.454769 0.485867 
1533291489570 0.112849 0.945411 -0.305719 -0.625132 -0.962098 0.180845 0.204113 -0.220576 0.248259 0.271098 0.929986 0.380467 0.31622 -0.384863 0.867113 0.400795 -0.930002 -0.306262 0.203222 -0.504304 0.187352 -0.87068 -0.454769 0.485867 
1533291489584 0.11334 0.945178 -0.306255 -0.625504 -0.962239 0.181204 0.203128 -0.22052 0.247487 0.271668 0.930025 0.380664 0.31622 -0.384863 0.867113 0.400795 -0.930002 -0.306262 0.203222 -0.504304 0.187352 -0.87068 -0.454769 0.485867 
1533291489601 0.113833 0.944946 -0.306789 -0.625875 -0.962379 0.181561 0.202143 -0.220464 0.246715 0.272237 0.930064 0.380861 0.31622 -0.384863 0.867113 0.400795 -0.930002 -0.306262 0.203222 -0.504304 0.187352 -0.87068 -0.454769 0.485867 
1533291489623 0.114327 0.944713 -0.307323 -0.626247 -0.962518 0.181919 0.201156 -0.220408 0.245943 0.272807 0.930101 0.381059 0.31622 -0.384863 0.867113 0.400795 -0.930002 -0.306262 0.203222 -0.504304 0.187352 -0.87068 -0.454769 0.485867 
1533291489634 0.11482 0.944479 -0.307857 -0.626619 -0.962656 0.182276 0.20017 -0.220352 0.245171 0.273377 0.930138 0.381256 0.31622 -0.384863 0.867113 0.400795 -0.930002 -0.306262 0.203222 -0.504304 0.187352 -0.87068 -0.454769 0.485867 
1533291489641 0.115314 0.944245 -0.308389 -0.626991 -0.962794 0.182632 0.199183 -0.220296 0.244399 0.273947 0.930173 0.381453 0.31622 -0.384863 0.867113 0.400795 -0.930002 -0.306262 0.203222 -0.504304 0.187352 -0.87068 -0.454769 0.485867 
1533291489654 0.115808 0.944011 -0.308922 -0.627363 -0.96293 0.182988 0.198196 -0.22024 0.243628 0.274517 0.930207 0.38165 0.31622 -0.384863 0.867113 0.400795 -0.930002 -0.306262 0.203222 -0.504304 0.187352 -0.87068 -0.454769 0.485867 
1533291489671 0.116303 0.943776 -0.309453 -0.627734 -0.963065 0.183343 0.197208 -0.220184 0.242856 0.275088 0.930241 0.381847 0.31622 -0.384863 0.867113 0.400795 -0.930002 -0.306262 0.203222 -0.504304 0.187352 -0.87068 -0.454769 0.485867 
1533291489688 0.116798 0.94354 -0.309984 -0.628104 -0.963199 0.183697 0.196221 -0.220128 0.242085 0.275658 0.930273 0.382045 0.31622 -0.384863 0.867113 0.400795 -0.930002 -0.306262 0.203222 -0.504304 0.187352 -0.87068 -0.454769 0.485867 
1533291489706 0.117292 0.943305 -0.310514 -0.628455 -0.963332 0.18405 0.195236 -0.220075 0.241317 0.276228 0.930303 0.382236 0.31622 -0.384863 0.867113 0.400795 -0.930002 -0.306262 0.203222 -0.504304 0.187352 -0.87068 -0.454769 0.485867 
1533291489725 0.116061 0.944367 -0.307736 -0.626689 -0.962246 0.183705 0.200838 -0.22012 0.246197 0.272808 0.930034 0.38103 0.31622 -0.384863 0.867113 0.400795 -0.930002 -0.306262 0.203222 -0.504304 0.187352 -0.87068 -0.454769 0.485867 
1533291489739 0.116131 0.944178 -0.308289 -0.626873 -0.962455 0.183645 0.199885 -0.22025 0.245343 0.273502 0.930056 0.381201 0.31622 -0.384863 0.867113 0.400795 -0.930002 -0.306262 0.203222 -0.504304 0.187352 -0.87068 -0.454769 0.485867 
1533291489754 0.116202 0.943988 -0.308842 -0.627058 -0.962664 0.183585 0.198932 -0.220381 0.244488 0.274194 0.930077 0.381372 0.31622 -0.384863 0.867113 0.400795 -0.930002 -0.306262 0.203222 -0.504304 0.187352 -0.87068 -0.454769 0.485867 
1533291489771 0.116273 0.943799 -0.309394 -0.627242 -0.962872 0.183524 0.197979 -0.220512 0.243634 0.274887 0.930097 0.381543 0.31622 -0.384863 0.867113 0.400795 -0.930002 -0.306262 0.203222 -0.504304 0.187352 -0.87068 -0.454769 0.485867 
1533291489778 0.116345 0.943609 -0.309946 -0.627427 -0.96308 0.183463 0.197026 -0.220642 0.242779 0.27558 0.930115 0.381714 0.31622 -0.384863 0.867113 0.400795 -0.930002 -0.306262 0.203222 -0.504304 0.187352 -0.87068 -0.454769 0.485867 
1533291489795 0.116417 0.943418 -0.310498 -0.627611 -0.963286 0.1834 0.196073 -0.220773 0.241924 0.276272 0.930132 0.381885 0.31622 -0.384863 0.867113 0.400795 -0.930002 -0.306262 0.203222 -0.504304 0.187352 -0.87068 -0.454769 0.485867 
1533291489812 0.11649 0.943227 -0.31105 -0.627796 -0.963491 0.183337 0.195119 -0.220904 0.241069 0.276965 0.930149 0.382055 0.31622 -0.384863 0.867113 0.400795 -0.930002 -0.306262 0.203222 -0.504304 0.187352 -0.87068 -0.454769 0.485867 
1533291489820 0.116563 0.943036 -0.311602 -0.62798 -0.963696 0.183274 0.194166 -0.221034 0.240214 0.277657 0.930163 0.382226 0.31622 -0.384863 0.867113 0.400795 -0.930002 -0.306262 0.203222 -0.504304 0.187352 -0.87068 -0.454769 0.485867 
1533291489832 0.116637 0.942845 -0.312153 -0.628164 -0.9639 0.18321 0.193212 -0.221165 0.239359 0.278349 0.930177 0.382397 0.31622 -0.384863 0.867113 0.400795 -0.930002 -0.306262 0.203222 -0.504304 0.187352 -0.87068 -0.454769 0.485867 
1533291489848 0.11671 0.942654 -0.312703 -0.628341 -0.964103 0.183144 0.192261 -0.221297 0.238505 0.279038 0.93019 0.382562 0.31622 -0.384863 0.867113 0.400795 -0.930002 -0.306262 0.203222 -0.504304 0.187352 -0.87068 -0.454769 0.485867 
1533291489868 0.116728 0.94388 -0.308974 -0.627416 -0.962685 0.184011 0.198439 -0.220079 0.244157 0.274281 0.930138 0.381547 0.31622 -0.384863 0.867113 0.400795 -0.930002 -0.306262 0.203222 -0.504304 0.187352 -0.87068 -0.454769 0.485867 
1533291489882 0.116748 0.943745 -0.309378 -0.627476 -0.962757 0.18403 0.198069 -0.220278 0.243862 0.274732 0.930083 0.381645 0.31622 -0.384863 0.867113 0.400795 -0.930002 -0.306262 0.203222 -0.504304 0.187352 -0.87068 -0.454769 0.485867 
1533291489898 0.116768 0.94361 -0.309782 -0.627537 -0.962829 0.18405 0.1977 -0.220478 0.243568 0.275182 0.930027 0.381743 0.31622 -0.384863 0.867113 0.400795 -0.930002 -0.306262 0.203222 -0.504304 0.187352 -0.87068 -0.454769 0.485867 
1533291489915 0.116789 0.943475 -0.310187 -0.627597 -0.962901 0.18407 0.197332 -0.220677 0.243273 0.275633 0.92997 0.381841 0.31622 -0.384863 0.867113 0.400795 -0.930002 -0.306262 0.203222 -0.504304 0.187352 -0.87068 -0.454769 0.485867 
1533291489938 0.116809 0.943339 -0.310591 -0.627658 -0.962973 0.18409 0.196963 -0.220877 0.242979 0.276084 0.929913 0.381939 0.31622 -0.384863 0.867113 0.400795 -0.930002 -0.306262 0.203222 -0.504304 0.187352 -0.87068 -0.454769 0.485867 
1533291489952 0.11683 0.943203 -0.310996 -0.627719 -0.963045 0.184109 0.196594 -0.221076 0.242685 0.276535 0.929856 0.382037 0.31622 -0.384863 0.867113 0.400795 -0.930002 -0.306262 0.203222 -0.504304 0.187352 -0.87068 -0.454769 0.485867 
1533291489968 0.11685 0.943067 -0.3114 -0.627779 -0.963116 0.184128 0.196225 -0.221275 0.242391 0.276986 0.929799 0.382135 0.31622 -0.384863 0.867113 0.400795 -0.930002 -0.306262 0.203222 -0.504304 0.187352 -0.87068 -0.454769 0.485867 
1533291489985 0.116871 0.942931 -0.311805 -0.62784 -0.963188 0.184146 0.195856 -0.221475 0.242096 0.277437 0.929741 0.382233 0.31622 -0.384863 0.867113 0.400795 -0.930002 -0.306262 0.203222 -0.504304 0.187352 -0.87068 -0.454769 0.485867 
1533291490010 0.116892 0.942795 -0.312209 -0.6279 -0.963259 0.184165 0.195487 -0.221674 0.241802 0.277887 0.929683 0.382331 0.31622 -0.384863 0.867113 0.400795 -0.930002 -0.306262 0.203222 -0.504304 0.187352 -0.87068 -0.454769 0.485867 
1533291490027 0.116913 0.942659 -0.312612 -0.62796 -0.96333 0.184184 0.195119 -0.221872 0.241508 0.278337 0.929625 0.382426 0.31622 -0.384863 0.867113 0.400795 -0.930002 -0.306262 0.203222 -0.504304 0.187352 -0.87068 -0.454769 0.485867 
1533291490048 0.116362 0.943269 -0.310971 -0.627825 -0.963584 0.183112 0.194872 -0.220671 0.24076 0.276971 0.930227 0.381981 0.31622 -0.384863 0.867113 0.400795 -0.930002 -0.306262 0.203222 -0.504304 0.187352 -0.87068 -0.454769 0.485867 
1533291490065 0.115954 0.943171 -0.311422 -0.627682 -0.963635 0.182822 0.194896 -0.220939 0.240755 0.277498 0.930071 0.382031 0.31622 -0.384863 0.867113 0.400795 -0.930002 -0.306262 0.203222 -0.504304 0.187352 -0.87068 -0.454769 0.485867 
1533291490080 0.115547 0.943071 -0.311875 -0.627538 -0.963685 0.182533 0.19492 -0.221207 0.240751 0.278027 0.929914 0.382082 0.31622 -0.384863 0.867113 0.400795 -0.930002 -0.306262 0.203222 -0.504304 0.187352 -0.87068 -0.454769 0.485867 
1533291490102 0.11514 0.942971 -0.312327 -0.627395 -0.963734 0.182244 0.194945 -0.221475 0.240747 0.278554 0.929757 0.382132 0.31622 -0.384863 0.867113 0.400795 -0.930002 -0.306262 0.203222 -0.504304 0.187352 -0.87068 -0.454769 0.485867 
1533291490114 0.114733 0.942871 -0.312779 -0.627252 -0.963784 0.181955 0.194969 -0.221742 0.240742 0.279082 0.9296 0.382183 0.31622 -0.384863 0.867113 0.400795 -0.930002 -0.306262 0.203222 -0.504304 0.187352 -0.87068 -0.454769 0.485867 
1533291490131 0.114325 0.942771 -0.313231 -0.627108 -0.963833 0.181665 0.194994 -0.22201 0.240738 0.279609 0.929443 0.382233 0.31622 -0.384863 0.867113 0.400795 -0.930002 -0.306262 0.203222 -0.504304 0.187352 -0.87068 -0.454769 0.485867 
1533291490151 0.113918 0.94267 -0.313682 -0.626965 -0.963883 0.181376 0.195019 -0.222278 0.240733 0.280137 0.929285 0.382284 0.31622 -0.384863 0.867113 0.400795 -0.930002 -0.306262 0.203222 -0.504304 0.187352 -0.87068 -0.454769 0.485867 
1533291490165 0.113511 0.942568 -0.314134 -0.626821 -0.963932 0.181087 0.195044 -0.222546 0.240728 0.280664 0.929127 0.382334 0.31622 -0.384863 0.867113 0.400795 -0.930002 -0.306262 0.203222 -0.504304 0.187352 -0.87068 -0.454769 0.485867 
1533291490180 0.113104 0.942467 -0.314586 -0.626679 -0.963981 0.180798 0.195069 -0.222814 0.240723 0.281192 0.928969 0.382385 0.31622 -0.384863 0.867113 0.400795 -0.930002 -0.306262 0.203222 -0.504304 0.187352 -0.87068 -0.454769 0.485867 
1533291490198 0.112698 0.942365 -0.315035 -0.626549 -0.96403 0.180509 0.195094 -0.223079 0.240717 0.281717 0.928812 0.382432 0.31622 -0.384863 0.867113 0.400795 -0.930002 -0.306262 0.203222 -0.504304 0.187352 -0.87068 -0.454769 0.485867 
1533291490222 0.116242 0.942822 -0.312369 -0.627886 -0.963417 0.183498 0.195335 -0.221387 0.241486 0.278236 0.929661 0.38213 0.31622 -0.384863 0.867113 0.400795 -0.930002 -0.306262 0.203222 -0.504304 0.187352 -0.87068 -0.454769 0.485867 
1533291490235 0.115686 0.942863 -0.312452 -0.627592 -0.963382 0.183112 0.195868 -0.221669 0.241891 0.278351 0.929521 0.382077 0.31622 -0.384863 0.867113 0.400795 -0.930002 -0.306262 0.203222 -0.504304 0.187352 -0.87068 -0.454769 0.485867 
1533291490253 0.115129 0.942903 -0.312535 -0.627297 -0.963347 0.182725 0.196402 -0.221952 0.242297 0.278468 0.92938 0.382024 0.31622 -0.384863 0.867113 0.400795 -0.930002 -0.306262 0.203222 -0.504304 0.187352 -0.87068 -0.454769 0.485867 
1533291490272 0.114573 0.942944 -0.312618 -0.627003 -0.963311 0.182339 0.196936 -0.222234 0.242702 0.278585 0.92924 0.381972 0.31622 -0.384863 0.867113 0.400795 -0.930002 -0.306262 0.203222 -0.504304 0.187352 -0.87068 -0.454769 0.485867 
1533291490285 0.114017 0.942984 -0.3127 -0.626709 -0.963275 0.181953 0.19747 -0.222516 0.243108 0.278701 0.929099 0.381919 0.31622 -0.384863 0.867113 0.400795 -0.930002 -0.306262 0.203222 -0.504304 0.187352 -0.87068 -0.454769 0.485867 
1533291490301 0.113461 0.943024 -0.312782 -0.626414 -0.963238 0.181566 0.198004 -0.222798 0.243513 0.278818 0.928957 0.381866 0.31622 -0.384863 0.867113 0.400795 -0.930002 -0.306262 0.203222 -0.504304 0.187352 -0.87068 -0.454769 0.485867 
1533291490324 0.112904 0.943063 -0.312864 -0.62612 -0.963201 0.18118 0.198537 -0.22308 0.243918 0.278935 0.928816 0.381813 0.31622 -0.384863 0.867113 0.400795 -0.930002 -0.306262 0.203222 -0.504304 0.187352 -0.87068 -0.454769 0.485867 
1533291490335 0.112348 0.943103 -0.312945 -0.625825 -0.963164 0.180794 0.199071 -0.223362 0.244323 0.279052 0.928674 0.38176 0.31622 -0.384863 0.867113 0.400795 -0.930002 -0.306262 0.203222 -0.504304 0.187352 -0.87068 -0.454769 0.485867 
1533291490351 0.111791 0.943142 -0.313026 -0.625532 -0.963126 0.180408 0.199604 -0.223645 0.244728 0.27917 0.928532 0.381707 0.31622 -0.384863 0.867113 0.400795 -0.930002 -0.306262 0.203222 -0.504304 0.187352 -0.87068 -0.454769 0.485867 
1533291490372 0.111236 0.943181 -0.313106 -0.625258 -0.963087 0.180023 0.200136 -0.223922 0.24513 0.279286 0.928391 0.381655 0.31622 -0.384863 0.867113 0.400795 -0.930002 -0.306262 0.203222 -0.504304 0.187352 -0.87068 -0.454769 0.485867 
1533291490391 0.11431 0.942591 -0.313775 -0.626799 -0.963848 0.181748 0.194844 -0.222892 0.240686 0.280159 0.929291 0.382214 0.31622 -0.384863 0.867113 0.400795 -0.930002 -0.306262 0.203222 -0.504304 0.187352 -0.87068 -0.454769 0.485867 
1533291490405 0.113674 0.942622 -0.313913 -0.626405 -0.963873 0.18124 0.195192 -0.223115 0.240886 0.280384 0.929171 0.382156 0.31622 -0.384863 0.867113 0.400795 -0.930002 -0.306262 0.203222 -0.504304 0.187352 -0.87068 -0.454769 0.485867 
1533291490411 0.113039 0.942652 -0.314052 -0.626011 -0.963898 0.180732 0.19554 -0.223338 0.241085 0.280611 0.929051 0.382098 0.31622 -0.384863 0.867113 0.400795 -0.930002 -0.306262 0.203222 -0.504304 0.187352 -0.87068 -0.454769 0.485867 
1533291490436 0.112404 0.942682 -0.314192 -0.625617 -0.963923 0.180225 0.195887 -0.223561 0.241284 0.280838 0.92893 0.38204 0.31622 -0.384863 0.867113 0.400795 -0.930002 -0.306262 0.203222 -0.504304 0.187352 -0.87068 -0.454769 0.485867 
1533291490452 0.111769 0.942711 -0.314331 -0.625223 -0.963947 0.179718 0.196235 -0.223785 0.241483 0.281065 0.92881 0.381982 0.31622 -0.384863 0.867113 0.400795 -0.930002 -0.306262 0.203222 -0.504304 0.187352 -0.87068 -0.454769 0.485867 
1533291490469 0.111134 0.94274 -0.314469 -0.624829 -0.963971 0.17921 0.196582 -0.224008 0.241682 0.281292 0.92869 0.381924 0.31622 -0.384863 0.867113 0.400795 -0.930002 -0.306262 0.203222 -0.504304 0.187352 -0.87068 -0.454769 0.485867 
1533291490476 0.110498 0.942768 -0.314607 -0.624435 -0.963994 0.178703 0.19693 -0.224231 0.241881 0.281519 0.928569 0.381866 0.31622 -0.384863 0.867113 0.400795 -0.930002 -0.306262 0.203222 -0.504304 0.187352 -0.87068 -0.454769 0.485867 
1533291490494 0.109863 0.942797 -0.314745 -0.624041 -0.964017 0.178195 0.197278 -0.224454 0.242079 0.281746 0.928449 0.381808 0.31622 -0.384863 0.867113 0.400795 -0.930002 -0.306262 0.203222 -0.504304 0.187352 -0.87068 -0.454769 0.485867 
1533291490506 0.109227 0.942825 -0.314883 -0.623649 -0.964039 0.177688 0.197626 -0.224677 0.242277 0.281973 0.928328 0.38175 0.31622 -0.384863 0.867113 0.400795 -0.930002 -0.306262 0.203222 -0.504304 0.187352 -0.87068 -0.454769 0.485867 
1533291490523 0.108593 0.942853 -0.315018 -0.623284 -0.964061 0.17718 0.197972 -0.224898 0.242474 0.282198 0.928208 0.381691 0.31622 -0.384863 0.867113 0.400795 -0.930002 -0.306262 0.203222 -0.504304 0.187352 -0.87068 -0.454769 0.485867 
1533291490548 0.112832 0.942855 -0.313517 -0.625975 -0.963388 0.181046 0.197754 -0.223565 0.243214 0.279725 0.928763 0.381816 0.31622 -0.384863 0.867113 0.400795 -0.930002 -0.306262 0.203222 -0.504304 0.187352 -0.87068 -0.454769 0.485867 
1533291490559 0.111984 0.942984 -0.313435 -0.625553 -0.963337 0.180408 0.198584 -0.2238 0.243807 0.279705 0.928613 0.381718 0.31622 -0.384863 0.867113 0.400795 -0.930002 -0.306262 0.203222 -0.504304 0.187352 -0.87068 -0.454769 0.485867 
1533291490576 0.111136 0.943111 -0.313352 -0.62513 -0.963285 0.179769 0.199413 -0.224036 0.2444 0.279685 0.928464 0.381621 0.31622 -0.384863 0.867113 0.400795 -0.930002 -0.306262 0.203222 -0.504304 0.187352 -0.87068 -0.454769 0.485867 
1533291490593 0.110288 0.943239 -0.313269 -0.624707 -0.963232 0.17913 0.200241 -0.224271 0.244991 0.279666 0.928314 0.381523 0.31622 -0.384863 0.867113 0.400795 -0.930002 -0.306262 0.203222 -0.504304 0.187352 -0.87068 -0.454769 0.485867 
1533291490609 0.109441 0.943365 -0.313184 -0.624284 -0.963178 0.178492 0.20107 -0.224506 0.245583 0.279647 0.928163 0.381426 0.31622 -0.384863 0.867113 0.400795 -0.930002 -0.306262 0.203222 -0.504304 0.187352 -0.87068 -0.454769 0.485867 
1533291490626 0.108593 0.943491 -0.3131 -0.623862 -0.963123 0.177853 0.201898 -0.224742 0.246175 0.279629 0.928012 0.381328 0.31622 -0.384863 0.867113 0.400795 -0.930002 -0.306262 0.203222 -0.504304 0.187352 -0.87068 -0.454769 0.485867 
1533291490644 0.107745 0.943617 -0.313014 -0.623439 -0.963067 0.177214 0.202726 -0.224977 0.246766 0.279611 0.92786 0.38123 0.31622 -0.384863 0.867113 0.400795 -0.930002 -0.306262 0.203222 -0.504304 0.187352 -0.87068 -0.454769 0.485867 
1533291490670 0.106898 0.943742 -0.312929 -0.623016 -0.963009 0.176575 0.203554 -0.225212 0.247358 0.279594 0.927708 0.381133 0.31622 -0.384863 0.867113 0.400795 -0.930002 -0.306262 0.203222 -0.504304 0.187352 -0.87068 -0.454769 0.485867 
1533291490695 0.10605 0.943866 -0.312842 -0.622596 -0.962951 0.175936 0.204382 -0.225448 0.247949 0.279576 0.927555 0.381035 0.31622 -0.384863 0.867113 0.400795 -0.930002 -0.306262 0.203222 -0.504304 0.187352 -0.87068 -0.454769 0.485867 
1533291490713 0.105205 0.943991 -0.312752 -0.6222 -0.962892 0.175298 0.205206 -0.225678 0.248537 0.279558 0.927403 0.380939 0.31622 -0.384863 0.867113 0.400795 -0.930002 -0.306262 0.203222 -0.504304 0.187352 -0.87068 -0.454769 0.485867 
1533291490731 0.110624 0.943066 -0.313669 -0.624436 -0.963729 0.178913 0.198031 -0.224172 0.242875 0.280385 0.928653 0.381898 0.31622 -0.384863 0.867113 0.400795 -0.930002 -0.306262 0.203222 -0.504304 0.187352 -0.87068 -0.454769 0.485867 
1533291490745 0.109886 0.943187 -0.313564 -0.624048 -0.963671 0.178367 0.198807 -0.224287 0.243442 0.280326 0.928522 0.381836 0.31622 -0.384863 0.867113 0.400795 -0.930002 -0.306262 0.203222 -0.504304 0.187352 -0.87068 -0.454769 0.485867 
1533291490751 0.10915 0.943308 -0.313458 -0.623661 -0.963611 0.177821 0.199585 -0.224403 0.244009 0.280267 0.928391 0.381775 0.31622 -0.384863 0.867113 0.400795 -0.930002 -0.306262 0.203222 -0.504304 0.187352 -0.87068 -0.454769 0.485867 
1533291490765 0.108414 0.943428 -0.313352 -0.623273 -0.96355 0.177275 0.200362 -0.224518 0.244576 0.280209 0.928259 0.381713 0.31622 -0.384863 0.867113 0.400795 -0.930002 -0.306262 0.203222 -0.504304 0.187352 -0.87068 -0.454769 0.485867 
1533291490772 0.107678 0.943548 -0.313246 -0.622885 -0.963489 0.176729 0.201139 -0.224633 0.245144 0.280151 0.928127 0.381652 0.31622 -0.384863 0.867113 0.400795 -0.930002 -0.306262 0.203222 -0.504304 0.187352 -0.87068 -0.454769 0.485867 
1533291490788 0.106942 0.943667 -0.313139 -0.622497 -0.963426 0.176183 0.201915 -0.224748 0.245711 0.280094 0.927995 0.38159 0.31622 -0.384863 0.867113 0.400795 -0.930002 -0.306262 0.203222 -0.504304 0.187352 -0.87068 -0.454769 0.485867 
1533291490803 0.106206 0.943786 -0.313032 -0.622109 -0.963363 0.175637 0.202692 -0.224863 0.246278 0.280036 0.927862 0.381528 0.31622 -0.384863 0.867113 0.400795 -0.930002 -0.306262 0.203222 -0.504304 0.187352 -0.87068 -0.454769 0.485867 
1533291490820 0.105469 0.943904 -0.312923 -0.621722 -0.963299 0.17509 0.203468 -0.224978 0.246844 0.279979 0.927728 0.381467 0.31622 -0.384863 0.867113 0.400795 -0.930002 -0.306262 0.203222 -0.504304 0.187352 -0.87068 -0.454769 0.485867 
1533291490837 0.104733 0.944022 -0.312814 -0.621336 -0.963233 0.174544 0.204245 -0.225094 0.247411 0.279922 0.927594 0.381405 0.31622 -0.384863 0.867113 0.400795 -0.930002 -0.306262 0.203222 -0.504304 0.187352 -0.87068 -0.454769 0.485867 
1533291490845 0.103999 0.94414 -0.312703 -0.620974 -0.963168 0.173998 0.205018 -0.225206 0.247976 0.279864 0.927461 0.381344 0.31622 -0.384863 0.867113 0.400795 -0.930002 -0.306262 0.203222 -0.504304 0.187352 -0.87068 -0.454769 0.485867 
1533291490863 0.1082 0.943473 -0.313292 -0.623604 -0.963375 0.17729 0.20119 -0.224716 0.24536 0.280049 0.928101 0.381443 0.31622 -0.384863 0.867113 0.400795 -0.930002 -0.306262 0.203222 -0.504304 0.187352 -0.87068 -0.454769 0.485867 
1533291490875 0.107365 0.943591 -0.313224 -0.623202 -0.963301 0.176686 0.202073 -0.224837 0.246017 0.280033 0.927932 0.381372 0.31622 -0.384863 0.867113 0.400795 -0.930002 -0.306262 0.203222 -0.504304 0.187352 -0.87068 -0.454769 0.485867 
1533291490892 0.106531 0.943708 -0.313154 -0.622799 -0.963226 0.176083 0.202957 -0.224958 0.246673 0.280017 0.927762 0.381301 0.31622 -0.384863 0.867113 0.400795 -0.930002 -0.306262 0.203222 -0.504304 0.187352 -0.87068 -0.454769 0.485867 
1533291490911 0.105697 0.943825 -0.313084 -0.622397 -0.963149 0.175479 0.20384 -0.225079 0.247329 0.280002 0.927592 0.38123 0.31622 -0.384863 0.867113 0.400795 -0.930002 -0.306262 0.203222 -0.504304 0.187352 -0.87068 -0.454769 0.485867 
1533291490926 0.104863 0.943942 -0.313013 -0.621994 -0.963072 0.174875 0.204723 -0.2252 0.247985 0.279986 0.927422 0.381159 0.31622 -0.384863 0.867113 0.400795 -0.930002 -0.306262 0.203222 -0.504304 0.187352 -0.87068 -0.454769 0.485867 
1533291490942 0.104029 0.944058 -0.312942 -0.621592 -0.962993 0.174271 0.205605 -0.225321 0.24864 0.279972 0.92725 0.381088 0.31622 -0.384863 0.867113 0.400795 -0.930002 -0.306262 0.203222 -0.504304 0.187352 -0.87068 -0.454769 0.485867 
1533291490959 0.103195 0.944173 -0.31287 -0.621189 -0.962913 0.173667 0.206488 -0.225441 0.249296 0.279958 0.927079 0.381018 0.31622 -0.384863 0.867113 0.400795 -0.930002 -0.306262 0.203222 -0.504304 0.187352 -0.87068 -0.454769 0.485867 
1533291490982 0.102361 0.944288 -0.312797 -0.620787 -0.962833 0.173063 0.207371 -0.225562 0.249951 0.279944 0.926907 0.380947 0.31622 -0.384863 0.867113 0.400795 -0.930002 -0.306262 0.203222 -0.504304 0.187352 -0.87068 -0.454769 0.485867 
1533291490999 0.101527 0.944403 -0.312723 -0.620386 -0.962751 0.172459 0.208253 -0.225683 0.250606 0.279931 0.926734 0.380876 0.31622 -0.384863 0.867113 0.400795 -0.930002 -0.306262 0.203222 -0.504304 0.187352 -0.87068 -0.454769 0.485867 
1533291491015 0.100695 0.944517 -0.312646 -0.620011 -0.962668 0.171855 0.209132 -0.225801 0.251259 0.279916 0.926561 0.380806 0.31622 -0.384863 0.867113 0.400795 -0.930002 -0.306262 0.203222 -0.504304 0.187352 -0.87068 -0.454769 0.485867 
1533291491046 0.106128 0.943756 -0.313149 -0.622369 -0.963366 0.175595 0.202711 -0.225186 0.246297 0.280164 0.927818 0.381368 0.31622 -0.384863 0.867113 0.400795 -0.930002 -0.306262 0.203222 -0.504304 0.187352 -0.87068 -0.454769 0.485867 
1533291491059 0.105475 0.943855 -0.313069 -0.622042 -0.963348 0.17507 0.203251 -0.225259 0.246648 0.280157 0.927727 0.381307 0.31622 -0.384863 0.867113 0.400795 -0.930002 -0.306262 0.203222 -0.504304 0.187352 -0.87068 -0.454769 0.485867 
1533291491087 0.104822 0.943954 -0.31299 -0.621715 -0.963329 0.174545 0.203791 -0.225331 0.247 0.280151 0.927635 0.381247 0.31622 -0.384863 0.867113 0.400795 -0.930002 -0.306262 0.203222 -0.504304 0.187352 -0.87068 -0.454769 0.485867 
1533291491100 0.104168 0.944053 -0.312911 -0.621388 -0.96331 0.174019 0.204331 -0.225404 0.247352 0.280145 0.927543 0.381186 0.31622 -0.384863 0.867113 0.400795 -0.930002 -0.306262 0.203222 -0.504304 0.187352 -0.87068 -0.454769 0.485867 
1533291491116 0.103515 0.944151 -0.312831 -0.62106 -0.96329 0.173494 0.204871 -0.225476 0.247703 0.28014 0.927451 0.381126 0.31622 -0.384863 0.867113 0.400795 -0.930002 -0.306262 0.203222 -0.504304 0.187352 -0.87068 -0.454769 0.485867 
1533291491138 0.102862 0.944249 -0.312751 -0.620733 -0.96327 0.17297 0.20541 -0.225549 0.248055 0.280135 0.927358 0.381065 0.31622 -0.384863 0.867113 0.400795 -0.930002 -0.306262 0.203222 -0.504304 0.187352 -0.87068 -0.454769 0.485867 
1533291491149 0.102209 0.944346 -0.312671 -0.620406 -0.963248 0.172444 0.20595 -0.225622 0.248406 0.28013 0.927266 0.381005 0.31622 -0.384863 0.867113 0.400795 -0.930002 -0.306262 0.203222 -0.504304 0.187352 -0.87068 -0.454769 0.485867 
1533291491175 0.101556 0.944444 -0.31259 -0.620079 -0.963227 0.171919 0.20649 -0.225694 0.248758 0.280125 0.927173 0.380944 0.31622 -0.384863 0.867113 0.400795 -0.930002 -0.306262 0.203222 -0.504304 0.187352 -0.87068 -0.454769 0.485867 
1533291491191 0.100902 0.944541 -0.312508 -0.619753 -0.963205 0.171393 0.207029 -0.225767 0.249109 0.280119 0.92708 0.380884 0.31622 -0.384863 0.867113 0.400795 -0.930002 -0.306262 0.203222 -0.504304 0.187352 -0.87068 -0.454769 0.485867 
1533291491208 0.100251 0.944638 -0.312425 -0.619449 -0.963182 0.170868 0.207567 -0.225838 0.249459 0.280114 0.926988 0.380824 0.31622 -0.384863 0.867113 0.400795 -0.930002 -0.306262 0.203222 -0.504304 0.187352 -0.87068 -0.454769 0.485867 
1533291491237 0.103404 0.944144 -0.312889 -0.620897 -0.963091 0.173642 0.205682 -0.225817 0.248524 0.280073 0.927251 0.381105 0.31622 -0.384863 0.867113 0.400795 -0.930002 -0.306262 0.203222 -0.504304 0.187352 -0.87068 -0.454769 0.485867 
1533291491255 0.102912 0.944243 -0.312752 -0.620627 -0.963101 0.1732 0.206005 -0.225796 0.248688 0.280012 0.927226 0.381041 0.31622 -0.384863 0.867113 0.400795 -0.930002 -0.306262 0.203222 -0.504304 0.187352 -0.87068 -0.454769 0.485867 
1533291491271 0.10242 0.944342 -0.312614 -0.620356 -0.963111 0.172759 0.206329 -0.225775 0.248852 0.27995 0.9272 0.380978 0.31622 -0.384863 0.867113 0.400795 -0.930002 -0.306262 0.203222 -0.504304 0.187352 -0.87068 -0.454769 0.485867 
1533291491288 0.101929 0.944441 -0.312477 -0.620085 -0.963121 0.172318 0.206653 -0.225754 0.249017 0.279889 0.927175 0.380914 0.31622 -0.384863 0.867113 0.400795 -0.930002 -0.306262 0.203222 -0.504304 0.187352 -0.87068 -0.454769 0.485867 
1533291491305 0.101437 0.94454 -0.312338 -0.619815 -0.96313 0.171876 0.206977 -0.225733 0.249181 0.279827 0.927149 0.380851 0.31622 -0.384863 0.867113 0.400795 -0.930002 -0.306262 0.203222 -0.504304 0.187352 -0.87068 -0.454769 0.485867 
1533291491321 0.100946 0.944638 -0.312201 -0.619544 -0.963139 0.171435 0.2073 -0.225712 0.249345 0.279767 0.927123 0.380787 0.31622 -0.384863 0.867113 0.400795 -0.930002 -0.306262 0.203222 -0.504304 0.187352 -0.87068 -0.454769 0.485867 
1533291491338 0.100454 0.944736 -0.312063 -0.619274 -0.963148 0.170994 0.207623 -0.225691 0.24951 0.279706 0.927097 0.380723 0.31622 -0.384863 0.867113 0.400795 -0.930002 -0.306262 0.203222 -0.504304 0.187352 -0.87068 -0.454769 0.485867 
1533291491356 0.099963 0.944834 -0.311924 -0.619003 -0.963156 0.170552 0.207946 -0.22567 0.249674 0.279645 0.927072 0.38066 0.31622 -0.384863 0.867113 0.400795 -0.930002 -0.306262 0.203222 -0.504304 0.187352 -0.87068 -0.454769 0.485867 
