1531935763206 0.275657 0.633204 -0.723233 -0.604483 -0.8825 0.464965 0.0707247 -0.181741 0.381061 0.618757 0.686973 0.426588 0.16008 -0.304787 0.938871 0.370831 -0.775623 0.549475 0.310623 -0.528794 -0.61056 -0.777934 -0.14844 0.432481 
1531935763216 -0.186323 0.84515 -0.501005 -0.595438 -0.975423 -0.0980785 0.197308 -0.251687 0.117617 0.525454 0.842653 0.409383 0.424244 -0.415921 0.80438 0.361032 -0.875519 -0.415251 0.24705 -0.455844 0.231266 -0.809059 -0.540314 0.437059 
1531935763226 -0.187239 0.845417 -0.500212 -0.597075 -0.97521 -0.0988485 0.197974 -0.254988 0.117925 0.52488 0.842968 0.407357 0.529335 -0.43152 0.730476 0.320996 -0.80676 -0.522474 0.275969 -0.403886 0.262569 -0.735399 -0.624697 0.388386 
1531935763236 -0.187252 0.845428 -0.500188 -0.597257 -0.975206 -0.0988576 0.19799 -0.255112 0.117939 0.524861 0.842978 0.407264 0.628735 -0.429882 0.647992 0.281386 -0.725915 -0.623248 0.290876 -0.354238 0.278817 -0.653271 -0.703916 0.339681 
1531935763246 -0.187253 0.845429 -0.500187 -0.597271 -0.975206 -0.0988577 0.197991 -0.255118 0.11794 0.52486 0.842978 0.407259 0.720349 -0.411405 0.55843 0.243314 -0.634598 -0.715883 0.291199 -0.307671 0.27997 -0.564143 -0.776762 0.290868 
1531935763256 -0.187252 0.845429 -0.500187 -0.597271 -0.975206 -0.0988576 0.197991 -0.255118 0.11794 0.524859 0.842978 0.407259 0.801762 -0.376646 0.464021 0.205064 -0.535079 -0.798233 0.276613 -0.260848 0.266212 -0.470065 -0.841528 0.240657 
1531935763266 -0.187253 0.845429 -0.500187 -0.597271 -0.975206 -0.0988577 0.197991 -0.255119 0.11794 0.524859 0.842978 0.407259 0.871134 -0.326455 0.366815 0.166383 -0.429652 -0.868415 0.247498 -0.213335 0.237751 -0.373207 -0.896767 0.1889 
1531935763276 -0.187253 0.845429 -0.500187 -0.597271 -0.975206 -0.0988579 0.197991 -0.255119 0.11794 0.524859 0.842978 0.407259 0.926522 -0.262008 0.270015 0.126067 -0.321005 -0.924827 0.204086 -0.16338 0.196245 -0.275766 -0.940979 0.135968 
1531935763286 -0.187253 0.845429 -0.500187 -0.59727 -0.975206 -0.0988581 0.197991 -0.255119 0.11794 0.524859 0.842979 0.407259 0.967025 -0.184934 0.175105 0.0850593 -0.211522 -0.966137 0.147773 -0.112656 0.141847 -0.179939 -0.973397 0.0849966 
1531935763296 -0.187251 0.845429 -0.500187 -0.597273 -0.975206 -0.0988541 0.197994 -0.255111 0.117944 0.52486 0.842978 0.407258 0.991899 -0.0968976 0.0821407 0.0506258 -0.103585 -0.991277 0.0814856 -0.0692948 0.0735284 -0.0893341 -0.993284 0.0403425 
