1533760816895 0.0451477 0.724616 -0.687673 -0.534512 -0.973119 0.187518 0.133704 -0.219371 0.225835 0.663151 0.713603 0.422824 0.16008 -0.304787 0.938871 0.370831 -0.775623 0.549475 0.310623 -0.528794 -0.61056 -0.777934 -0.14844 0.432481 
1533760816907 0.04168 0.716477 -0.696364 -0.545227 -0.971357 0.19225 0.139664 -0.219021 0.233942 0.670597 0.703968 0.425585 0.316231 -0.384871 0.867106 0.40083 -0.930001 -0.306257 0.203234 -0.504368 0.187338 -0.870678 -0.454779 0.485897 
1533760817483 0.0381178 0.708248 -0.704934 -0.555936 -0.96953 0.197047 0.145548 -0.218659 0.241989 0.677907 0.694178 0.42835 0.316231 -0.384871 0.867106 0.40083 -0.930001 -0.306257 0.203234 -0.504368 0.187338 -0.870678 -0.454779 0.485897 
1533760818074 0.0344626 0.699928 -0.713382 -0.566639 -0.967639 0.201908 0.151354 -0.218285 0.249974 0.68508 0.684236 0.431121 0.316231 -0.384871 0.867106 0.40083 -0.930001 -0.306257 0.203234 -0.504368 0.187338 -0.870678 -0.454779 0.485897 
1533760818680 0.0307165 0.691518 -0.721706 -0.577331 -0.965684 0.206832 0.15708 -0.217893 0.257896 0.692115 0.674141 0.433899 0.316231 -0.384871 0.867106 0.40083 -0.930001 -0.306257 0.203234 -0.504368 0.187338 -0.870678 -0.454779 0.485897 
1533760819284 0.026882 0.683019 -0.729905 -0.588011 -0.963667 0.21182 0.162722 -0.217482 0.265751 0.699011 0.663897 0.436682 0.316231 -0.384871 0.867106 0.40083 -0.930001 -0.306257 0.203234 -0.504368 0.187338 -0.870678 -0.454779 0.485897 
1533760819890 0.0229619 0.674432 -0.73798 -0.598674 -0.961587 0.216871 0.168276 -0.217047 0.273537 0.705768 0.653505 0.439472 0.316231 -0.384871 0.867106 0.40083 -0.930001 -0.306257 0.203234 -0.504368 0.187338 -0.870678 -0.454779 0.485897 
1533760820503 0.0189592 0.665757 -0.745928 -0.609315 -0.959447 0.221984 0.173739 -0.216582 0.281252 0.712384 0.642967 0.442269 0.316231 -0.384871 0.867106 0.40083 -0.930001 -0.306257 0.203234 -0.504368 0.187338 -0.870678 -0.454779 0.485897 
