1534878365031 0.231861 0.8164 -0.528897 -0.430428 -0.938645 0.33048 0.0986357 -0.286339 0.255316 0.473577 0.842935 0.438557 0.16008 -0.304787 0.938871 0.370831 -0.775623 0.549475 0.310623 -0.528794 -0.61056 -0.777934 -0.14844 0.432481 
1534878365042 0.250254 0.848188 -0.466852 -0.450865 -0.936069 0.335124 0.107086 -0.282631 0.247282 0.410207 0.877828 0.427353 0.316221 -0.384863 0.867113 0.400797 -0.930002 -0.306262 0.203223 -0.504308 0.187351 -0.87068 -0.45477 0.485869 
1534878365923 0.268018 0.875324 -0.40246 -0.471302 -0.933574 0.339133 0.11588 -0.278922 0.23792 0.344668 0.908074 0.41615 0.316221 -0.384863 0.867113 0.400797 -0.930002 -0.306262 0.203223 -0.504308 0.187351 -0.87068 -0.45477 0.485869 
1534878366851 0.285059 0.897666 -0.336061 -0.491739 -0.931175 0.342485 0.12497 -0.275214 0.227277 0.277308 0.933512 0.404946 0.316221 -0.384863 0.867113 0.400797 -0.930002 -0.306262 0.203223 -0.504308 0.187351 -0.87068 -0.45477 0.485869 
1534878367803 0.301288 0.915094 -0.268008 -0.512175 -0.928883 0.345163 0.134308 -0.271506 0.215411 0.208483 0.954009 0.393742 0.316221 -0.384863 0.867113 0.400797 -0.930002 -0.306262 0.203223 -0.504308 0.187351 -0.87068 -0.45477 0.485869 
1534878368803 0.316618 0.927516 -0.198661 -0.532612 -0.926711 0.347153 0.143844 -0.267797 0.202384 0.138558 0.969455 0.382539 0.316221 -0.384863 0.867113 0.400797 -0.930002 -0.306262 0.203223 -0.504308 0.187351 -0.87068 -0.45477 0.485869 
1534878368809 0.330967 0.934867 -0.128392 -0.553059 -0.924671 0.348443 0.153529 -0.264092 0.188266 0.0679078 0.979767 0.371343 0.31622 -0.384863 0.867113 0.400795 -0.930002 -0.306262 0.203222 -0.504305 0.187352 -0.87068 -0.454769 0.485867 
1534878370277 0.344259 0.937107 -0.0575885 -0.573532 -0.922772 0.349029 0.163309 -0.26039 0.173138 -0.00307965 0.984893 0.360174 0.31622 -0.384863 0.867113 0.400795 -0.930002 -0.306262 0.203222 -0.504305 0.187352 -0.87068 -0.454769 0.485867 
1534878371382 0.356428 0.934227 0.0133754 -0.594007 -0.921024 0.348912 0.173134 -0.256679 0.157079 -0.0740287 0.984808 0.349031 0.31622 -0.384863 0.867113 0.400795 -0.930002 -0.306262 0.203222 -0.504305 0.187352 -0.87068 -0.454769 0.485867 
1534878372533 0.367489 0.926329 0.0828605 -0.614806 -0.919344 0.348357 0.182907 -0.252567 0.140567 -0.143394 0.979632 0.339723 0.316241 -0.38488 0.867098 0.400864 -0.930001 -0.306251 0.203246 -0.504429 0.187325 -0.870677 -0.454788 0.485926 
1534878373779 0.368258 0.926113 0.0818522 -0.61461 -0.91899 0.349254 0.18297 -0.252833 0.140864 -0.142602 0.979705 0.339887 0.316241 -0.38488 0.867098 0.400864 -0.930001 -0.306251 0.203246 -0.504429 0.187325 -0.870677 -0.454788 0.485926 
1534878373790 0.369206 0.925062 0.0891466 -0.61663 -0.918885 0.349014 0.183953 -0.252475 0.139055 -0.149832 0.978884 0.338555 0.31622 -0.384863 0.867113 0.400795 -0.930002 -0.306262 0.203222 -0.504304 0.187351 -0.87068 -0.45477 0.485867 
