1534194301818 0.246802 0.967447 -0.0559842 -0.560635 -0.956736 0.252441 0.144671 -0.230265 0.154095 0.0178568 0.987895 0.384183 0.16008 -0.304787 0.938871 0.370831 -0.775623 0.549475 0.310623 -0.528794 -0.61056 -0.777934 -0.14844 0.432481 
1534194301831 0.237007 0.965632 -0.106691 -0.566474 -0.957048 0.250944 0.14521 -0.231115 0.166992 0.0676924 0.983632 0.387178 0.316241 -0.38488 0.867098 0.400864 -0.930001 -0.306251 0.203246 -0.504429 0.187325 -0.870677 -0.454788 0.485926 
1534194302636 0.22656 0.961243 -0.157109 -0.572312 -0.957339 0.249474 0.145825 -0.231964 0.179368 0.117369 0.976756 0.390172 0.316241 -0.38488 0.867098 0.400864 -0.930001 -0.306251 0.203246 -0.504429 0.187325 -0.870677 -0.454788 0.485926 
1534194303435 0.215486 0.954292 -0.207104 -0.578152 -0.957608 0.248032 0.146515 -0.232815 0.191187 0.166753 0.967285 0.393167 0.316241 -0.38488 0.867098 0.400864 -0.930001 -0.306251 0.203246 -0.504429 0.187325 -0.870677 -0.454788 0.485926 
1534194304237 0.203817 0.944799 -0.256542 -0.583991 -0.957854 0.246625 0.14728 -0.233665 0.202419 0.215712 0.955246 0.396161 0.316241 -0.38488 0.867098 0.400864 -0.930001 -0.306251 0.203246 -0.504429 0.187325 -0.870677 -0.454788 0.485926 
1534194305036 0.191583 0.932788 -0.305291 -0.589831 -0.958078 0.245254 0.148115 -0.234516 0.213034 0.264116 0.940669 0.399156 0.316241 -0.38488 0.867098 0.400864 -0.930001 -0.306251 0.203246 -0.504429 0.187325 -0.870677 -0.454788 0.485926 
1534194305043 0.178816 0.918292 -0.353221 -0.595672 -0.958277 0.243923 0.149021 -0.235368 0.223003 0.311836 0.923595 0.40215 0.316241 -0.38488 0.867098 0.400864 -0.930001 -0.306251 0.203246 -0.504429 0.187325 -0.870677 -0.454788 0.485926 
1534194306177 0.165551 0.901349 -0.400203 -0.601515 -0.958452 0.242637 0.149993 -0.236222 0.2323 0.358744 0.904068 0.405143 0.316241 -0.38488 0.867098 0.400864 -0.930001 -0.306251 0.203246 -0.504429 0.187325 -0.870677 -0.454788 0.485926 
1534194306995 0.151823 0.882005 -0.446113 -0.60736 -0.958602 0.241398 0.151031 -0.237077 0.2409 0.404714 0.882141 0.408136 0.316241 -0.38488 0.867098 0.400864 -0.930001 -0.306251 0.203246 -0.504429 0.187325 -0.870677 -0.454788 0.485926 
1534194307805 0.13751 0.860429 -0.490666 -0.613899 -0.95873 0.240078 0.152313 -0.238464 0.248852 0.449472 0.857932 0.410939 0.316531 -0.385118 0.866887 0.401814 -0.929976 -0.306103 0.20358 -0.50615 0.186955 -0.870623 -0.455042 0.486735 
1534194308624 0.137925 0.860918 -0.48969 -0.613679 -0.95872 0.240177 0.152222 -0.238392 0.248663 0.448481 0.858505 0.410726 0.316531 -0.385118 0.866887 0.401814 -0.929976 -0.306103 0.20358 -0.50615 0.186955 -0.870623 -0.455042 0.486735 
1534194308636 0.136466 0.858565 -0.494209 -0.614211 -0.95873 0.240068 0.152325 -0.238428 0.249425 0.453026 0.855894 0.411067 0.316221 -0.384863 0.867113 0.400797 -0.930002 -0.306262 0.203223 -0.504308 0.187351 -0.87068 -0.45477 0.485869 
1534194308916 0.135002 0.856189 -0.498713 -0.614743 -0.958741 0.239959 0.152429 -0.238464 0.250179 0.457559 0.853259 0.411408 0.316221 -0.384863 0.867113 0.400797 -0.930002 -0.306262 0.203223 -0.504308 0.187351 -0.87068 -0.45477 0.485869 
1534194309195 0.133536 0.853788 -0.503204 -0.615275 -0.958752 0.239851 0.152532 -0.238501 0.250924 0.46208 0.850599 0.411748 0.316221 -0.384863 0.867113 0.400797 -0.930002 -0.306262 0.203223 -0.504308 0.187351 -0.87068 -0.45477 0.485869 
1534194309471 0.132064 0.851363 -0.507681 -0.615808 -0.958762 0.239743 0.152636 -0.238537 0.251662 0.466587 0.847917 0.412089 0.316221 -0.384863 0.867113 0.400797 -0.930002 -0.306262 0.203223 -0.504308 0.187351 -0.87068 -0.45477 0.485869 
1534194309749 0.130589 0.848915 -0.512143 -0.61634 -0.958772 0.239636 0.152741 -0.238573 0.252392 0.471082 0.84521 0.41243 0.316221 -0.384863 0.867113 0.400797 -0.930002 -0.306262 0.203223 -0.504308 0.187351 -0.87068 -0.45477 0.485869 
1534194310019 0.129111 0.846442 -0.516591 -0.616871 -0.958782 0.23953 0.152846 -0.238609 0.253114 0.475564 0.84248 0.412771 0.31622 -0.384863 0.867113 0.400797 -0.930002 -0.306262 0.203222 -0.504307 0.187351 -0.87068 -0.45477 0.485868 
1534194310291 0.127628 0.843946 -0.521024 -0.617403 -0.958792 0.239423 0.152952 -0.238645 0.253829 0.480032 0.839726 0.413112 0.31622 -0.384863 0.867113 0.400797 -0.930002 -0.306262 0.203222 -0.504307 0.187351 -0.87068 -0.45477 0.485868 
1534194310563 0.126141 0.841427 -0.525442 -0.617935 -0.958801 0.239317 0.153059 -0.238681 0.254535 0.484488 0.836949 0.413453 0.31622 -0.384863 0.867113 0.400797 -0.930002 -0.306262 0.203222 -0.504307 0.187351 -0.87068 -0.45477 0.485868 
1534194310830 0.124652 0.838883 -0.529846 -0.618465 -0.958811 0.239213 0.153165 -0.238716 0.255234 0.48893 0.834148 0.413794 0.316221 -0.384863 0.867113 0.400796 -0.930002 -0.306262 0.203223 -0.504306 0.187351 -0.87068 -0.45477 0.485868 
1534194311105 0.124975 0.839269 -0.529159 -0.618365 -0.958784 0.239332 0.153147 -0.238737 0.255176 0.488209 0.834588 0.413608 0.316221 -0.384863 0.867113 0.400796 -0.930002 -0.306262 0.203223 -0.504306 0.187351 -0.87068 -0.45477 0.485868 
1534194311116 0.125252 0.839514 -0.528704 -0.61843 -0.958681 0.239611 0.153357 -0.238751 0.255428 0.48765 0.834837 0.413507 0.31622 -0.384863 0.867113 0.400795 -0.930002 -0.306262 0.203222 -0.504304 0.187351 -0.87068 -0.454769 0.485867 
1534194311255 0.125527 0.83976 -0.528248 -0.6185 -0.958577 0.239889 0.153568 -0.23877 0.255681 0.48709 0.835087 0.413404 0.31622 -0.384863 0.867113 0.400795 -0.930002 -0.306262 0.203222 -0.504304 0.187351 -0.87068 -0.454769 0.485867 
1534194311294 0.125802 0.840006 -0.527791 -0.618572 -0.958474 0.240166 0.15378 -0.238789 0.255934 0.486528 0.835337 0.413302 0.31622 -0.384863 0.867113 0.400795 -0.930002 -0.306262 0.203222 -0.504304 0.187351 -0.87068 -0.454769 0.485867 
1534194311391 0.126077 0.840251 -0.527335 -0.618642 -0.95837 0.240444 0.153991 -0.238808 0.256186 0.485967 0.835586 0.413199 0.31622 -0.384863 0.867113 0.400795 -0.930002 -0.306262 0.203222 -0.504304 0.187351 -0.87068 -0.454769 0.485867 
1534194311439 0.126353 0.840496 -0.526879 -0.618711 -0.958266 0.240722 0.154203 -0.238826 0.256438 0.485406 0.835835 0.413097 0.31622 -0.384863 0.867113 0.400795 -0.930002 -0.306262 0.203222 -0.504304 0.187351 -0.87068 -0.454769 0.485867 
1534194311533 0.126628 0.840741 -0.526422 -0.618782 -0.958163 0.240999 0.154415 -0.238845 0.25669 0.484844 0.836084 0.412994 0.31622 -0.384863 0.867113 0.400795 -0.930002 -0.306262 0.203222 -0.504304 0.187351 -0.87068 -0.454769 0.485867 
1534194311577 0.126904 0.840985 -0.525965 -0.618852 -0.958059 0.241276 0.154626 -0.238863 0.256941 0.484283 0.836332 0.412892 0.31622 -0.384863 0.867113 0.400795 -0.930002 -0.306262 0.203222 -0.504304 0.187351 -0.87068 -0.454769 0.485867 
1534194311669 0.12718 0.841229 -0.525508 -0.618923 -0.957955 0.241553 0.154839 -0.238882 0.257193 0.48372 0.83658 0.412789 0.31622 -0.384863 0.867113 0.400795 -0.930002 -0.306262 0.203222 -0.504304 0.187351 -0.87068 -0.454769 0.485867 
1534194311729 0.127456 0.841473 -0.525051 -0.618993 -0.95785 0.24183 0.155051 -0.2389 0.257444 0.483158 0.836828 0.412687 0.31622 -0.384863 0.867113 0.400795 -0.930002 -0.306262 0.203222 -0.504304 0.187351 -0.87068 -0.454769 0.485867 
1534194311824 0.127034 0.841148 -0.525673 -0.618947 -0.957958 0.241489 0.154915 -0.238814 0.257251 0.483893 0.836462 0.412835 0.31622 -0.384863 0.867113 0.400795 -0.930002 -0.306262 0.203222 -0.504304 0.187351 -0.87068 -0.454769 0.485867 
1534194311833 0.12696 0.841532 -0.525076 -0.618909 -0.957789 0.241653 0.155707 -0.238902 0.257919 0.483143 0.83669 0.412773 0.31622 -0.384863 0.867113 0.400795 -0.930002 -0.306262 0.203222 -0.504304 0.187351 -0.87068 -0.454769 0.485867 
1534194311850 0.126885 0.841916 -0.524478 -0.618876 -0.957618 0.241816 0.1565 -0.238993 0.258587 0.482392 0.836917 0.412709 0.31622 -0.384863 0.867113 0.400795 -0.930002 -0.306262 0.203222 -0.504304 0.187351 -0.87068 -0.45477 0.485867 
1534194311990 0.126811 0.8423 -0.523879 -0.618842 -0.957447 0.241978 0.157293 -0.239084 0.259255 0.48164 0.837144 0.412646 0.31622 -0.384863 0.867113 0.400795 -0.930002 -0.306262 0.203222 -0.504304 0.187351 -0.87068 -0.45477 0.485867 
1534194312105 0.126738 0.842683 -0.52328 -0.618808 -0.957276 0.242139 0.158086 -0.239175 0.259923 0.480888 0.837369 0.412582 0.31622 -0.384863 0.867113 0.400795 -0.930002 -0.306262 0.203222 -0.504304 0.187351 -0.87068 -0.45477 0.485867 
1534194312210 0.126664 0.843066 -0.522681 -0.618775 -0.957104 0.242299 0.158879 -0.239266 0.260591 0.480136 0.837593 0.412519 0.31622 -0.384863 0.867113 0.400795 -0.930002 -0.306262 0.203222 -0.504304 0.187351 -0.87068 -0.45477 0.485867 
1534194312319 0.126592 0.843448 -0.522082 -0.618741 -0.956932 0.242459 0.159672 -0.239357 0.261259 0.479383 0.837816 0.412455 0.31622 -0.384863 0.867113 0.400795 -0.930002 -0.306262 0.203222 -0.504304 0.187351 -0.87068 -0.45477 0.485867 
1534194312421 0.12652 0.84383 -0.521482 -0.618708 -0.956759 0.242618 0.160466 -0.239448 0.261927 0.47863 0.838038 0.412392 0.31622 -0.384863 0.867113 0.400795 -0.930002 -0.306262 0.203222 -0.504304 0.187351 -0.87068 -0.45477 0.485867 
1534194312528 0.126448 0.844212 -0.520881 -0.618674 -0.956585 0.242777 0.161259 -0.239539 0.262595 0.477877 0.838259 0.412328 0.31622 -0.384863 0.867113 0.400795 -0.930002 -0.306262 0.203222 -0.504304 0.187351 -0.87068 -0.45477 0.485867 
1534194312633 0.126377 0.844593 -0.520281 -0.61864 -0.956411 0.242935 0.162052 -0.23963 0.263262 0.477123 0.838479 0.412265 0.31622 -0.384863 0.867113 0.400795 -0.930002 -0.306262 0.203222 -0.504304 0.187351 -0.87068 -0.45477 0.485867 
1534194312737 0.126312 0.844316 -0.520746 -0.618661 -0.9566 0.242641 0.161375 -0.239497 0.262606 0.477762 0.838321 0.41232 0.31622 -0.384863 0.867113 0.400795 -0.930002 -0.306262 0.203222 -0.504304 0.187351 -0.87068 -0.45477 0.485867 
1534194312747 0.12598 0.84426 -0.520916 -0.618595 -0.956677 0.24233 0.161384 -0.239635 0.262483 0.478018 0.838213 0.412362 0.31622 -0.384863 0.867113 0.400795 -0.930002 -0.306262 0.203222 -0.504304 0.187351 -0.87068 -0.45477 0.485867 
1534194312764 0.125648 0.844204 -0.521087 -0.618529 -0.956754 0.24202 0.161393 -0.239776 0.262362 0.478274 0.838105 0.412403 0.31622 -0.384863 0.867113 0.400795 -0.930002 -0.306262 0.203222 -0.504304 0.187351 -0.87068 -0.45477 0.485867 
1534194312780 0.125315 0.844148 -0.521258 -0.618465 -0.956831 0.241709 0.161403 -0.239918 0.262241 0.478529 0.837997 0.412443 0.31622 -0.384863 0.867113 0.400795 -0.930002 -0.306262 0.203222 -0.504304 0.187351 -0.87068 -0.45477 0.485867 
1534194312884 0.124983 0.844093 -0.521428 -0.6184 -0.956908 0.241398 0.161413 -0.24006 0.262119 0.478784 0.837889 0.412484 0.31622 -0.384863 0.867113 0.400795 -0.930002 -0.306262 0.203222 -0.504304 0.187351 -0.87068 -0.45477 0.485867 
1534194312923 0.12465 0.844037 -0.521598 -0.618337 -0.956985 0.241087 0.161424 -0.240203 0.261998 0.47904 0.837782 0.412524 0.31622 -0.384863 0.867113 0.400795 -0.930002 -0.306262 0.203222 -0.504304 0.187351 -0.87068 -0.45477 0.485867 
1534194312930 0.124317 0.84398 -0.521768 -0.618272 -0.957061 0.240776 0.161434 -0.240344 0.261876 0.479295 0.837673 0.412565 0.31622 -0.384863 0.867113 0.400795 -0.930002 -0.306262 0.203222 -0.504304 0.187351 -0.87068 -0.45477 0.485867 
1534194312987 0.123985 0.843924 -0.521938 -0.618209 -0.957138 0.240465 0.161444 -0.240487 0.261755 0.47955 0.837566 0.412605 0.31622 -0.384863 0.867113 0.400795 -0.930002 -0.306262 0.203222 -0.504304 0.187351 -0.87068 -0.45477 0.485867 
1534194313098 0.123652 0.843868 -0.522109 -0.618144 -0.957214 0.240154 0.161455 -0.240628 0.261633 0.479806 0.837457 0.412646 0.31622 -0.384863 0.867113 0.400795 -0.930002 -0.306262 0.203222 -0.504304 0.187351 -0.87068 -0.45477 0.485867 
1534194313131 0.123319 0.843811 -0.522279 -0.618081 -0.95729 0.239843 0.161465 -0.240771 0.261511 0.48006 0.837349 0.412687 0.31622 -0.384863 0.867113 0.400795 -0.930002 -0.306262 0.203222 -0.504304 0.187351 -0.87068 -0.45477 0.485867 
1534194313232 0.124 0.843884 -0.522 -0.618174 -0.957148 0.240467 0.161379 -0.240629 0.261709 0.47962 0.83754 0.412674 0.31622 -0.384863 0.867113 0.400795 -0.930002 -0.306262 0.203222 -0.504304 0.187351 -0.87068 -0.45477 0.485867 
1534194313246 0.123466 0.843815 -0.522237 -0.618033 -0.957225 0.240044 0.161552 -0.240879 0.26168 0.479952 0.837359 0.412683 0.31622 -0.384863 0.867113 0.400795 -0.930002 -0.306262 0.203222 -0.504304 0.187351 -0.87068 -0.45477 0.485867 
1534194313262 0.122931 0.843748 -0.522473 -0.617895 -0.957302 0.239621 0.161725 -0.241132 0.261651 0.480283 0.837178 0.41269 0.31622 -0.384863 0.867113 0.400795 -0.930002 -0.306262 0.203222 -0.504304 0.187351 -0.87068 -0.45477 0.485867 
1534194313388 0.122396 0.843679 -0.522709 -0.617756 -0.957378 0.239197 0.161899 -0.241385 0.261621 0.480614 0.836997 0.412698 0.31622 -0.384863 0.867113 0.400795 -0.930002 -0.306262 0.203222 -0.504304 0.187351 -0.87068 -0.45477 0.485867 
1534194313491 0.121861 0.843611 -0.522944 -0.617619 -0.957455 0.238774 0.162073 -0.241639 0.261592 0.480945 0.836816 0.412706 0.31622 -0.384863 0.867113 0.400795 -0.930002 -0.306262 0.203222 -0.504304 0.187351 -0.87068 -0.45477 0.485867 
1534194313590 0.121326 0.843542 -0.52318 -0.617482 -0.957531 0.23835 0.162247 -0.241893 0.261562 0.481276 0.836636 0.412713 0.31622 -0.384863 0.867113 0.400795 -0.930002 -0.306262 0.203222 -0.504304 0.187351 -0.87068 -0.45477 0.485867 
1534194313694 0.120792 0.843473 -0.523415 -0.617343 -0.957607 0.237926 0.162421 -0.242145 0.261532 0.481607 0.836455 0.412721 0.31622 -0.384863 0.867113 0.400795 -0.930002 -0.306262 0.203222 -0.504304 0.187351 -0.87068 -0.45477 0.485867 
1534194313782 0.120256 0.843403 -0.52365 -0.617206 -0.957682 0.237503 0.162595 -0.242399 0.261502 0.481937 0.836274 0.412728 0.31622 -0.384863 0.867113 0.400795 -0.930002 -0.306262 0.203222 -0.504304 0.187351 -0.87068 -0.45477 0.485867 
1534194313894 0.119721 0.843333 -0.523885 -0.617068 -0.957758 0.237079 0.16277 -0.242652 0.261471 0.482268 0.836092 0.412736 0.31622 -0.384863 0.867113 0.400795 -0.930002 -0.306262 0.203222 -0.504304 0.187351 -0.87068 -0.45477 0.485867 
1534194314026 0.119186 0.843263 -0.52412 -0.616932 -0.957833 0.236655 0.162944 -0.242906 0.261441 0.482598 0.835911 0.412743 0.31622 -0.384863 0.867113 0.400795 -0.930002 -0.306262 0.203222 -0.504304 0.187351 -0.87068 -0.45477 0.485867 
1534194314142 0.119618 0.843378 -0.523837 -0.617055 -0.957752 0.237016 0.162893 -0.242631 0.261538 0.482222 0.836098 0.412785 0.31622 -0.384863 0.867113 0.400795 -0.930002 -0.306262 0.203222 -0.504304 0.187351 -0.87068 -0.45477 0.485867 
1534194314153 0.11934 0.843459 -0.52377 -0.61678 -0.957766 0.236805 0.163117 -0.242735 0.261614 0.482182 0.836097 0.412763 0.31622 -0.384863 0.867113 0.400795 -0.930002 -0.306262 0.203222 -0.504304 0.187351 -0.87068 -0.45477 0.485867 
1534194314171 0.119062 0.843541 -0.523701 -0.6165 -0.95778 0.236594 0.163341 -0.242837 0.26169 0.482143 0.836096 0.412742 0.31622 -0.384863 0.867113 0.400795 -0.930002 -0.306262 0.203222 -0.504304 0.187351 -0.87068 -0.45477 0.485867 
1534194314179 0.118784 0.843622 -0.523633 -0.616221 -0.957794 0.236384 0.163564 -0.242939 0.261765 0.482104 0.836095 0.412721 0.31622 -0.384863 0.867113 0.400795 -0.930002 -0.306262 0.203222 -0.504304 0.187351 -0.87068 -0.45477 0.485867 
1534194314335 0.118507 0.843704 -0.523565 -0.615941 -0.957808 0.236173 0.163787 -0.24304 0.26184 0.482065 0.836094 0.4127 0.31622 -0.384863 0.867113 0.400795 -0.930002 -0.306262 0.203222 -0.504304 0.187351 -0.87068 -0.45477 0.485867 
1534194314385 0.118229 0.843785 -0.523497 -0.615662 -0.957822 0.235962 0.164011 -0.243142 0.261915 0.482026 0.836093 0.412679 0.31622 -0.384863 0.867113 0.400795 -0.930002 -0.306262 0.203222 -0.504304 0.187351 -0.87068 -0.45477 0.485867 
1534194314481 0.117951 0.843866 -0.523429 -0.615382 -0.957835 0.235751 0.164234 -0.243243 0.26199 0.481987 0.836092 0.412658 0.31622 -0.384863 0.867113 0.400795 -0.930002 -0.306262 0.203222 -0.504304 0.187351 -0.87068 -0.45477 0.485867 
1534194314488 0.117673 0.843947 -0.52336 -0.615103 -0.957849 0.23554 0.164457 -0.243345 0.262066 0.481948 0.836091 0.412637 0.31622 -0.384863 0.867113 0.400795 -0.930002 -0.306262 0.203222 -0.504304 0.187351 -0.87068 -0.45477 0.485867 
1534194314623 0.117396 0.844028 -0.523292 -0.614822 -0.957862 0.23533 0.16468 -0.243446 0.262141 0.481909 0.83609 0.412616 0.31622 -0.384863 0.867113 0.400795 -0.930002 -0.306262 0.203222 -0.504304 0.187351 -0.87068 -0.45477 0.485867 
1534194314687 0.117118 0.844109 -0.523223 -0.614543 -0.957876 0.235119 0.164904 -0.243548 0.262216 0.48187 0.836089 0.412595 0.31622 -0.384863 0.867113 0.400795 -0.930002 -0.306262 0.203222 -0.504304 0.187351 -0.87068 -0.45477 0.485867 
1534194314783 0.117555 0.844011 -0.523284 -0.614916 -0.957829 0.235488 0.164646 -0.243396 0.26219 0.481862 0.836101 0.41266 0.31622 -0.384863 0.867113 0.400795 -0.930002 -0.306262 0.203222 -0.504304 0.187351 -0.87068 -0.45477 0.485867 
1534194314794 0.117128 0.844091 -0.523251 -0.614625 -0.957883 0.235117 0.164863 -0.243443 0.262185 0.481904 0.836079 0.412703 0.31622 -0.384863 0.867113 0.400795 -0.930002 -0.306262 0.203222 -0.504304 0.187351 -0.87068 -0.45477 0.485867 
1534194314810 0.116701 0.844169 -0.52322 -0.614329 -0.957937 0.234745 0.165079 -0.243488 0.262178 0.481947 0.836056 0.412746 0.31622 -0.384863 0.867113 0.400795 -0.930002 -0.306262 0.203222 -0.504304 0.187351 -0.87068 -0.45477 0.485867 
1534194314841 0.116274 0.844248 -0.523188 -0.614034 -0.957991 0.234374 0.165296 -0.243532 0.262172 0.48199 0.836033 0.41279 0.31622 -0.384863 0.867113 0.400795 -0.930002 -0.306262 0.203222 -0.504304 0.187351 -0.87068 -0.45477 0.485867 
1534194314979 0.115847 0.844327 -0.523156 -0.613738 -0.958044 0.234003 0.165511 -0.243576 0.262166 0.482033 0.836011 0.412834 0.31622 -0.384863 0.867113 0.400795 -0.930002 -0.306262 0.203222 -0.504304 0.187351 -0.87068 -0.45477 0.485867 
1534194314986 0.11542 0.844405 -0.523124 -0.613441 -0.958097 0.233632 0.165727 -0.24362 0.262159 0.482076 0.835988 0.412877 0.31622 -0.384863 0.867113 0.400795 -0.930002 -0.306262 0.203222 -0.504304 0.187351 -0.87068 -0.45477 0.485867 
1534194315144 0.114993 0.844483 -0.523092 -0.613146 -0.958151 0.23326 0.165944 -0.243665 0.262153 0.482118 0.835965 0.412921 0.31622 -0.384863 0.867113 0.400795 -0.930002 -0.306262 0.203222 -0.504304 0.187351 -0.87068 -0.45477 0.485867 
1534194315206 0.114566 0.844561 -0.52306 -0.61285 -0.958204 0.232889 0.166159 -0.243709 0.262146 0.482162 0.835942 0.412965 0.31622 -0.384863 0.867113 0.400795 -0.930002 -0.306262 0.203222 -0.504304 0.187351 -0.87068 -0.45477 0.485867 
1534194315312 0.114139 0.844639 -0.523028 -0.612554 -0.958256 0.232517 0.166375 -0.243753 0.26214 0.482205 0.83592 0.413008 0.31622 -0.384863 0.867113 0.400795 -0.930002 -0.306262 0.203222 -0.504304 0.187351 -0.87068 -0.45477 0.485867 
1534194315368 0.113711 0.844716 -0.522995 -0.612259 -0.958309 0.232146 0.166591 -0.243798 0.262133 0.482247 0.835897 0.413052 0.31622 -0.384863 0.867113 0.400795 -0.930002 -0.306262 0.203222 -0.504304 0.187351 -0.87068 -0.45477 0.485867 
1534194315485 0.114111 0.844613 -0.523075 -0.612616 -0.958283 0.23246 0.166302 -0.243702 0.262055 0.482277 0.835904 0.412961 0.31622 -0.384863 0.867113 0.400795 -0.930002 -0.306262 0.203222 -0.504304 0.187351 -0.87068 -0.45477 0.485867 
1534194315497 0.113859 0.844542 -0.523244 -0.612398 -0.958346 0.232218 0.166274 -0.243724 0.261932 0.482517 0.835804 0.413014 0.31622 -0.384863 0.867113 0.400795 -0.930002 -0.306262 0.203222 -0.504304 0.187351 -0.87068 -0.45477 0.485867 
1534194315516 0.113609 0.844471 -0.523414 -0.612176 -0.95841 0.231977 0.166244 -0.243741 0.261808 0.482758 0.835704 0.413067 0.31622 -0.384863 0.867113 0.400795 -0.930002 -0.306262 0.203222 -0.504304 0.187351 -0.87068 -0.45477 0.485867 
1534194315530 0.113358 0.8444 -0.523583 -0.611954 -0.958473 0.231736 0.166214 -0.24376 0.261684 0.482999 0.835604 0.413121 0.31622 -0.384863 0.867113 0.400795 -0.930002 -0.306262 0.203222 -0.504304 0.187351 -0.87068 -0.45477 0.485867 
1534194315537 0.113107 0.844328 -0.523753 -0.611731 -0.958537 0.231495 0.166185 -0.243777 0.26156 0.483239 0.835503 0.413175 0.31622 -0.384863 0.867113 0.400795 -0.930002 -0.306262 0.203222 -0.504304 0.187351 -0.87068 -0.45477 0.485867 
1534194315707 0.112857 0.844256 -0.523922 -0.611508 -0.9586 0.231253 0.166155 -0.243795 0.261436 0.48348 0.835403 0.413229 0.31622 -0.384863 0.867113 0.400795 -0.930002 -0.306262 0.203222 -0.504304 0.187351 -0.87068 -0.45477 0.485867 
1534194315750 0.112607 0.844184 -0.524092 -0.611285 -0.958664 0.231012 0.166125 -0.243812 0.261312 0.483721 0.835302 0.413283 0.31622 -0.384863 0.867113 0.400795 -0.930002 -0.306262 0.203222 -0.504304 0.187351 -0.87068 -0.45477 0.485867 
1534194315854 0.112356 0.844113 -0.524261 -0.611063 -0.958727 0.230771 0.166096 -0.24383 0.261188 0.483961 0.835202 0.413336 0.31622 -0.384863 0.867113 0.400795 -0.930002 -0.306262 0.203222 -0.504304 0.187351 -0.87068 -0.45477 0.485867 
1534194315902 0.112106 0.844041 -0.52443 -0.610841 -0.95879 0.230529 0.166067 -0.243849 0.261064 0.484202 0.835102 0.41339 0.31622 -0.384863 0.867113 0.400795 -0.930002 -0.306262 0.203222 -0.504304 0.187351 -0.87068 -0.45477 0.485867 
1534194316003 0.111855 0.843969 -0.5246 -0.610618 -0.958853 0.230288 0.166037 -0.243866 0.260939 0.484442 0.835001 0.413444 0.31622 -0.384863 0.867113 0.400795 -0.930002 -0.306262 0.203222 -0.504304 0.187351 -0.87068 -0.45477 0.485867 
1534194316061 0.112098 0.844198 -0.524179 -0.610916 -0.95873 0.230585 0.166332 -0.243729 0.261285 0.483901 0.835207 0.413447 0.31622 -0.384863 0.867113 0.400795 -0.930002 -0.306262 0.203222 -0.504304 0.187351 -0.87068 -0.45477 0.485867 
1534194316073 0.111954 0.844083 -0.524395 -0.610748 -0.958788 0.23043 0.166214 -0.243749 0.261135 0.484175 0.835095 0.413494 0.31622 -0.384863 0.867113 0.400795 -0.930002 -0.306262 0.203222 -0.504304 0.187351 -0.87068 -0.45477 0.485867 
1534194316092 0.111811 0.843967 -0.524613 -0.610575 -0.958846 0.230276 0.166095 -0.243766 0.260984 0.484452 0.834981 0.413543 0.31622 -0.384863 0.867113 0.400795 -0.930002 -0.306262 0.203222 -0.504304 0.187351 -0.87068 -0.45477 0.485867 
1534194316106 0.111667 0.84385 -0.524831 -0.610402 -0.958904 0.230121 0.165976 -0.243783 0.260834 0.484728 0.834868 0.413591 0.31622 -0.384863 0.867113 0.400795 -0.930002 -0.306262 0.203222 -0.504304 0.187351 -0.87068 -0.45477 0.485867 
1534194316188 0.111524 0.843734 -0.525049 -0.610229 -0.958961 0.229966 0.165857 -0.243799 0.260683 0.485004 0.834755 0.41364 0.31622 -0.384863 0.867113 0.400795 -0.930002 -0.306262 0.203222 -0.504304 0.187351 -0.87068 -0.45477 0.485867 
1534194316243 0.11138 0.843617 -0.525267 -0.610055 -0.959019 0.229811 0.165738 -0.243815 0.260532 0.485281 0.834641 0.413689 0.31622 -0.384863 0.867113 0.400795 -0.930002 -0.306262 0.203222 -0.504304 0.187351 -0.87068 -0.45477 0.485867 
1534194316305 0.111237 0.8435 -0.525484 -0.609883 -0.959077 0.229656 0.16562 -0.243832 0.260381 0.485557 0.834528 0.413737 0.31622 -0.384863 0.867113 0.400795 -0.930002 -0.306262 0.203222 -0.504304 0.187351 -0.87068 -0.45477 0.485867 
1534194316383 0.111094 0.843383 -0.525702 -0.609709 -0.959134 0.229501 0.1655 -0.243848 0.26023 0.485833 0.834414 0.413786 0.31622 -0.384863 0.867113 0.400795 -0.930002 -0.306262 0.203222 -0.504304 0.187351 -0.87068 -0.45477 0.485867 
1534194316437 0.11095 0.843266 -0.52592 -0.609536 -0.959192 0.229346 0.165382 -0.243865 0.260079 0.486109 0.8343 0.413834 0.31622 -0.384863 0.867113 0.400795 -0.930002 -0.306262 0.203222 -0.504304 0.187351 -0.87068 -0.45477 0.485867 
1534194316444 0.110807 0.843149 -0.526138 -0.609362 -0.959249 0.229191 0.165263 -0.243881 0.259927 0.486385 0.834186 0.413883 0.31622 -0.384863 0.867113 0.400795 -0.930002 -0.306262 0.203222 -0.504304 0.187351 -0.87068 -0.45477 0.485867 
1534194316581 0.110876 0.843343 -0.525812 -0.609621 -0.959167 0.229324 0.165554 -0.243805 0.260201 0.485986 0.834334 0.413834 0.31622 -0.384863 0.867113 0.400795 -0.930002 -0.306262 0.203222 -0.504304 0.187351 -0.87068 -0.45477 0.485867 
1534194316595 0.110529 0.843467 -0.525688 -0.609495 -0.959093 0.22922 0.166129 -0.243856 0.260622 0.485821 0.834298 0.413808 0.31622 -0.384863 0.867113 0.400795 -0.930002 -0.306262 0.203222 -0.504304 0.187351 -0.87068 -0.45477 0.485867 
1534194316612 0.110181 0.843591 -0.525561 -0.609373 -0.959018 0.229114 0.166704 -0.243911 0.261044 0.485655 0.834263 0.413781 0.31622 -0.384863 0.867113 0.400795 -0.930002 -0.306262 0.203222 -0.504304 0.187351 -0.87068 -0.45477 0.485867 
1534194316748 0.109832 0.843715 -0.525435 -0.609252 -0.958943 0.229009 0.16728 -0.243968 0.261466 0.485489 0.834228 0.413753 0.31622 -0.384863 0.867113 0.400795 -0.930002 -0.306262 0.203222 -0.504304 0.187351 -0.87068 -0.45477 0.485867 
1534194316783 0.109485 0.843839 -0.525308 -0.609129 -0.958868 0.228903 0.167855 -0.244022 0.261888 0.485324 0.834192 0.413726 0.31622 -0.384863 0.867113 0.400795 -0.930002 -0.306262 0.203222 -0.504304 0.187351 -0.87068 -0.45477 0.485867 
1534194316882 0.109137 0.843963 -0.525182 -0.609008 -0.958792 0.228797 0.168431 -0.244077 0.26231 0.485158 0.834155 0.413699 0.31622 -0.384863 0.867113 0.400795 -0.930002 -0.306262 0.203222 -0.504304 0.187351 -0.87068 -0.45477 0.485867 
1534194316927 0.108789 0.844087 -0.525054 -0.608887 -0.958716 0.228691 0.169007 -0.244133 0.262732 0.484992 0.834119 0.413671 0.31622 -0.384863 0.867113 0.400795 -0.930002 -0.306262 0.203222 -0.504304 0.187351 -0.87068 -0.45477 0.485867 
1534194317014 0.108441 0.844211 -0.524927 -0.608764 -0.95864 0.228586 0.169582 -0.244188 0.263153 0.484827 0.834082 0.413644 0.31622 -0.384863 0.867113 0.400795 -0.930002 -0.306262 0.203222 -0.504304 0.187351 -0.87068 -0.45477 0.485867 
1534194317064 0.108094 0.844335 -0.5248 -0.608643 -0.958563 0.228479 0.170157 -0.244244 0.263575 0.484661 0.834045 0.413617 0.31622 -0.384863 0.867113 0.400795 -0.930002 -0.306262 0.203222 -0.504304 0.187351 -0.87068 -0.45477 0.485867 
1534194317157 0.107746 0.844458 -0.524672 -0.608521 -0.958486 0.228373 0.170732 -0.244299 0.263997 0.484495 0.834008 0.413589 0.31622 -0.384863 0.867113 0.400795 -0.930002 -0.306262 0.203222 -0.504304 0.187351 -0.87068 -0.45477 0.485867 
1534194317219 0.10814 0.844247 -0.524931 -0.608727 -0.958609 0.228451 0.169937 -0.244196 0.26339 0.484826 0.834008 0.413622 0.31622 -0.384863 0.867113 0.400795 -0.930002 -0.306262 0.203222 -0.504304 0.187351 -0.87068 -0.45477 0.485867 
1534194317231 0.107983 0.844336 -0.52482 -0.608647 -0.958577 0.228388 0.170202 -0.244223 0.26357 0.484702 0.834023 0.41359 0.31622 -0.384863 0.867113 0.400795 -0.930002 -0.306262 0.203222 -0.504304 0.187351 -0.87068 -0.45477 0.485867 
1534194317247 0.107826 0.844426 -0.524708 -0.608569 -0.958545 0.228323 0.170468 -0.244253 0.26375 0.484576 0.83404 0.413556 0.31622 -0.384863 0.867113 0.400795 -0.930002 -0.306262 0.203222 -0.504304 0.187351 -0.87068 -0.45477 0.485867 
1534194317265 0.107668 0.844516 -0.524596 -0.608492 -0.958513 0.228258 0.170734 -0.244283 0.263931 0.484449 0.834056 0.413522 0.31622 -0.384863 0.867113 0.400795 -0.930002 -0.306262 0.203222 -0.504304 0.187351 -0.87068 -0.45477 0.485867 
1534194317281 0.10751 0.844606 -0.524483 -0.608415 -0.958481 0.228194 0.171 -0.244314 0.264112 0.484323 0.834072 0.413488 0.31622 -0.384863 0.867113 0.400795 -0.930002 -0.306262 0.203222 -0.504304 0.187351 -0.87068 -0.45477 0.485867 
1534194317297 0.107353 0.844696 -0.52437 -0.608339 -0.958449 0.228129 0.171267 -0.244346 0.264292 0.484197 0.834088 0.413454 0.31622 -0.384863 0.867113 0.400795 -0.930002 -0.306262 0.203222 -0.504304 0.187351 -0.87068 -0.45477 0.485867 
1534194317321 0.107195 0.844786 -0.524258 -0.608263 -0.958417 0.228064 0.171533 -0.244377 0.264473 0.48407 0.834104 0.41342 0.31622 -0.384863 0.867113 0.400795 -0.930002 -0.306262 0.203222 -0.504304 0.187351 -0.87068 -0.45477 0.485867 
1534194317396 0.107037 0.844876 -0.524145 -0.608186 -0.958385 0.227999 0.171799 -0.244407 0.264653 0.483944 0.83412 0.413387 0.31622 -0.384863 0.867113 0.400795 -0.930002 -0.306262 0.203222 -0.504304 0.187351 -0.87068 -0.45477 0.485867 
1534194317429 0.10688 0.844965 -0.524033 -0.608108 -0.958353 0.227934 0.172065 -0.244437 0.264834 0.483818 0.834136 0.413353 0.31622 -0.384863 0.867113 0.400795 -0.930002 -0.306262 0.203222 -0.504304 0.187351 -0.87068 -0.45477 0.485867 
1534194317435 0.106722 0.845055 -0.52392 -0.608032 -0.95832 0.227869 0.172332 -0.244469 0.265015 0.483691 0.834152 0.413319 0.31622 -0.384863 0.867113 0.400795 -0.930002 -0.306262 0.203222 -0.504304 0.187351 -0.87068 -0.45477 0.485867 
1534194317497 0.10712 0.844838 -0.524189 -0.608287 -0.958437 0.227965 0.171552 -0.244344 0.26443 0.484025 0.834144 0.41348 0.31622 -0.384863 0.867113 0.400795 -0.930002 -0.306262 0.203222 -0.504304 0.187351 -0.87068 -0.45477 0.485867 
1534194317511 0.107004 0.844884 -0.524139 -0.608204 -0.958467 0.227826 0.171571 -0.244361 0.26437 0.484011 0.834171 0.413458 0.31622 -0.384863 0.867113 0.400795 -0.930002 -0.306262 0.203222 -0.504304 0.187351 -0.87068 -0.45477 0.485867 
1534194317528 0.106887 0.844929 -0.52409 -0.608116 -0.958496 0.227687 0.17159 -0.244378 0.26431 0.483998 0.834198 0.413436 0.31622 -0.384863 0.867113 0.400795 -0.930002 -0.306262 0.203222 -0.504304 0.187351 -0.87068 -0.45477 0.485867 
1534194317544 0.10677 0.844973 -0.524042 -0.608028 -0.958526 0.227548 0.171609 -0.244395 0.26425 0.483985 0.834224 0.413414 0.31622 -0.384863 0.867113 0.400795 -0.930002 -0.306262 0.203222 -0.504304 0.187351 -0.87068 -0.45477 0.485867 
1534194317551 0.106653 0.845018 -0.523993 -0.607942 -0.958556 0.227409 0.171628 -0.244413 0.26419 0.483972 0.834251 0.413392 0.31622 -0.384863 0.867113 0.400795 -0.930002 -0.306262 0.203222 -0.504304 0.187351 -0.87068 -0.45477 0.485867 
1534194317564 0.106537 0.845063 -0.523945 -0.607853 -0.958585 0.227271 0.171647 -0.244429 0.26413 0.483959 0.834278 0.41337 0.31622 -0.384863 0.867113 0.400795 -0.930002 -0.306262 0.203222 -0.504304 0.187351 -0.87068 -0.45477 0.485867 
1534194317581 0.10642 0.845108 -0.523896 -0.607767 -0.958615 0.227132 0.171666 -0.244446 0.264069 0.483946 0.834304 0.413348 0.31622 -0.384863 0.867113 0.400795 -0.930002 -0.306262 0.203222 -0.504304 0.187351 -0.87068 -0.45477 0.485867 
1534194317651 0.106303 0.845153 -0.523848 -0.607678 -0.958644 0.226993 0.171684 -0.244462 0.264009 0.483933 0.834331 0.413327 0.31622 -0.384863 0.867113 0.400795 -0.930002 -0.306262 0.203222 -0.504304 0.187351 -0.87068 -0.45477 0.485867 
1534194317671 0.106187 0.845198 -0.523799 -0.607591 -0.958674 0.226854 0.171703 -0.244479 0.263949 0.48392 0.834358 0.413305 0.31622 -0.384863 0.867113 0.400795 -0.930002 -0.306262 0.203222 -0.504304 0.187351 -0.87068 -0.45477 0.485867 
1534194317688 0.10607 0.845242 -0.523751 -0.607502 -0.958703 0.226715 0.171722 -0.244494 0.263889 0.483907 0.834384 0.413283 0.31622 -0.384863 0.867113 0.400795 -0.930002 -0.306262 0.203222 -0.504304 0.187351 -0.87068 -0.45477 0.485867 
1534194317735 0.106096 0.84516 -0.523879 -0.607876 -0.95863 0.226892 0.171896 -0.244237 0.264144 0.483968 0.834268 0.41335 0.31622 -0.384863 0.867113 0.400795 -0.930002 -0.306262 0.203222 -0.504304 0.187351 -0.87068 -0.45477 0.485867 
1534194317747 0.105869 0.845105 -0.524013 -0.607799 -0.958623 0.226786 0.172074 -0.24427 0.264259 0.484114 0.834147 0.413373 0.31622 -0.384863 0.867113 0.400795 -0.930002 -0.306262 0.203222 -0.504304 0.187351 -0.87068 -0.45477 0.485867 
1534194317763 0.105641 0.845049 -0.524148 -0.607716 -0.958616 0.22668 0.172253 -0.244304 0.264376 0.48426 0.834025 0.413397 0.31622 -0.384863 0.867113 0.400795 -0.930002 -0.306262 0.203222 -0.504304 0.187351 -0.87068 -0.45477 0.485867 
1534194317780 0.105414 0.844994 -0.524284 -0.607634 -0.958609 0.226574 0.172431 -0.244337 0.264493 0.484407 0.833903 0.41342 0.31622 -0.384863 0.867113 0.400795 -0.930002 -0.306262 0.203222 -0.504304 0.187351 -0.87068 -0.45477 0.485867 
1534194317796 0.105187 0.844938 -0.524419 -0.607551 -0.958602 0.226469 0.172609 -0.24437 0.264609 0.484553 0.833781 0.413444 0.31622 -0.384863 0.867113 0.400795 -0.930002 -0.306262 0.203222 -0.504304 0.187351 -0.87068 -0.45477 0.485867 
1534194317803 0.10496 0.844882 -0.524555 -0.60747 -0.958595 0.226364 0.172788 -0.244403 0.264725 0.4847 0.833659 0.413467 0.31622 -0.384863 0.867113 0.400795 -0.930002 -0.306262 0.203222 -0.504304 0.187351 -0.87068 -0.45477 0.485867 
1534194317836 0.104733 0.844826 -0.52469 -0.607387 -0.958587 0.226258 0.172966 -0.244436 0.264842 0.484846 0.833536 0.413491 0.31622 -0.384863 0.867113 0.400795 -0.930002 -0.306262 0.203222 -0.504304 0.187351 -0.87068 -0.45477 0.485867 
1534194317892 0.104505 0.84477 -0.524825 -0.607306 -0.95858 0.226153 0.173144 -0.244469 0.264958 0.484993 0.833414 0.413514 0.31622 -0.384863 0.867113 0.400795 -0.930002 -0.306262 0.203222 -0.504304 0.187351 -0.87068 -0.45477 0.485867 
1534194317929 0.104278 0.844714 -0.524961 -0.607224 -0.958573 0.226048 0.173322 -0.244502 0.265074 0.485139 0.833292 0.413538 0.31622 -0.384863 0.867113 0.400795 -0.930002 -0.306262 0.203222 -0.504304 0.187351 -0.87068 -0.45477 0.485867 
1534194317965 0.104051 0.844658 -0.525096 -0.607141 -0.958565 0.225943 0.1735 -0.244534 0.26519 0.485286 0.83317 0.413562 0.31622 -0.384863 0.867113 0.400795 -0.930002 -0.306262 0.203222 -0.504304 0.187351 -0.87068 -0.45477 0.485867 
1534194317999 0.104525 0.844909 -0.524598 -0.607406 -0.958586 0.226108 0.17317 -0.244328 0.264928 0.484772 0.833552 0.413573 0.31622 -0.384863 0.867113 0.400795 -0.930002 -0.306262 0.203222 -0.504304 0.187351 -0.87068 -0.45477 0.485867 
1534194318013 0.104576 0.844918 -0.524574 -0.607356 -0.958682 0.22596 0.17283 -0.244325 0.26456 0.484826 0.833638 0.413573 0.31622 -0.384863 0.867113 0.400795 -0.930002 -0.306262 0.203222 -0.504304 0.187351 -0.87068 -0.45477 0.485867 
1534194318028 0.104629 0.844926 -0.524551 -0.607302 -0.958778 0.225813 0.17249 -0.244317 0.264191 0.48488 0.833723 0.413574 0.31622 -0.384863 0.867113 0.400795 -0.930002 -0.306262 0.203222 -0.504304 0.187351 -0.87068 -0.45477 0.485867 
1534194318045 0.104682 0.844934 -0.524527 -0.607248 -0.958874 0.225667 0.172149 -0.24431 0.263823 0.484935 0.833808 0.413575 0.31622 -0.384863 0.867113 0.400795 -0.930002 -0.306262 0.203222 -0.504304 0.187351 -0.87068 -0.45477 0.485867 
1534194318163 0.104735 0.844941 -0.524504 -0.607193 -0.958969 0.225521 0.171809 -0.244303 0.263455 0.484989 0.833893 0.413576 0.31622 -0.384863 0.867113 0.400795 -0.930002 -0.306262 0.203222 -0.504304 0.187351 -0.87068 -0.45477 0.485867 
1534194318180 0.104787 0.844949 -0.524481 -0.607138 -0.959065 0.225374 0.171468 -0.244295 0.263087 0.485043 0.833977 0.413577 0.31622 -0.384863 0.867113 0.400795 -0.930002 -0.306262 0.203222 -0.504304 0.187351 -0.87068 -0.45477 0.485867 
1534194318196 0.10484 0.844957 -0.524458 -0.607085 -0.95916 0.225228 0.171128 -0.244288 0.262718 0.485098 0.834062 0.413578 0.31622 -0.384863 0.867113 0.400795 -0.930002 -0.306262 0.203222 -0.504304 0.187351 -0.87068 -0.45477 0.485867 
1534194318214 0.104893 0.844965 -0.524435 -0.60703 -0.959255 0.225081 0.170787 -0.24428 0.26235 0.485152 0.834146 0.41358 0.31622 -0.384863 0.867113 0.400795 -0.930002 -0.306262 0.203222 -0.504304 0.187351 -0.87068 -0.45477 0.485867 
1534194318221 0.104945 0.844973 -0.524411 -0.606976 -0.95935 0.224935 0.170447 -0.244274 0.261981 0.485206 0.834231 0.41358 0.31622 -0.384863 0.867113 0.400795 -0.930002 -0.306262 0.203222 -0.504304 0.187351 -0.87068 -0.45477 0.485867 
1534194318307 0.104998 0.844981 -0.524388 -0.60692 -0.959445 0.224788 0.170106 -0.244266 0.261613 0.48526 0.834315 0.413582 0.31622 -0.384863 0.867113 0.400795 -0.930002 -0.306262 0.203222 -0.504304 0.187351 -0.87068 -0.45477 0.485867 
1534194318336 0.104743 0.844983 -0.524436 -0.607156 -0.959124 0.225228 0.171331 -0.244232 0.26289 0.485053 0.834034 0.413547 0.31622 -0.384863 0.867113 0.400795 -0.930002 -0.306262 0.203222 -0.504304 0.187351 -0.87068 -0.45477 0.485867 
1534194318347 0.104656 0.844972 -0.52447 -0.607052 -0.959161 0.22511 0.171277 -0.244263 0.262788 0.485126 0.834023 0.413525 0.31622 -0.384863 0.867113 0.400795 -0.930002 -0.306262 0.203222 -0.504304 0.187351 -0.87068 -0.45477 0.485867 
1534194318364 0.104569 0.844961 -0.524505 -0.606943 -0.959198 0.224992 0.171222 -0.244292 0.262685 0.4852 0.834013 0.413504 0.31622 -0.384863 0.867113 0.400795 -0.930002 -0.306262 0.203222 -0.504304 0.187351 -0.87068 -0.45477 0.485867 
1534194318380 0.104483 0.844951 -0.524539 -0.606835 -0.959236 0.224874 0.171167 -0.24432 0.262583 0.485273 0.834003 0.413483 0.31622 -0.384863 0.867113 0.400795 -0.930002 -0.306262 0.203222 -0.504304 0.187351 -0.87068 -0.45477 0.485867 
1534194318397 0.104396 0.84494 -0.524574 -0.606726 -0.959273 0.224756 0.171112 -0.244348 0.262481 0.485346 0.833992 0.413462 0.31622 -0.384863 0.867113 0.400795 -0.930002 -0.306262 0.203222 -0.504304 0.187351 -0.87068 -0.45477 0.485867 
1534194318414 0.10431 0.844929 -0.524608 -0.606617 -0.959311 0.224639 0.171057 -0.244375 0.262378 0.48542 0.833982 0.413441 0.31622 -0.384863 0.867113 0.400795 -0.930002 -0.306262 0.203222 -0.504304 0.187351 -0.87068 -0.45477 0.485867 
1534194318430 0.104223 0.844919 -0.524643 -0.606509 -0.959348 0.224521 0.171002 -0.244404 0.262276 0.485493 0.833971 0.41342 0.31622 -0.384863 0.867113 0.400795 -0.930002 -0.306262 0.203222 -0.504304 0.187351 -0.87068 -0.45477 0.485867 
1534194318520 0.104137 0.844908 -0.524677 -0.6064 -0.959385 0.224403 0.170947 -0.244431 0.262174 0.485566 0.833961 0.413399 0.31622 -0.384863 0.867113 0.400795 -0.930002 -0.306262 0.203222 -0.504304 0.187351 -0.87068 -0.45477 0.485867 
1534194318540 0.104051 0.844897 -0.524712 -0.606292 -0.959423 0.224285 0.170892 -0.24446 0.262071 0.485639 0.83395 0.413378 0.31622 -0.384863 0.867113 0.400795 -0.930002 -0.306262 0.203222 -0.504304 0.187351 -0.87068 -0.45477 0.485867 
1534194318561 0.103964 0.844886 -0.524747 -0.606182 -0.95946 0.224167 0.170837 -0.244487 0.261969 0.485712 0.83394 0.413357 0.31622 -0.384863 0.867113 0.400795 -0.930002 -0.306262 0.203222 -0.504304 0.187351 -0.87068 -0.45477 0.485867 
1534194318602 0.10414 0.845032 -0.524476 -0.60653 -0.959319 0.224487 0.171209 -0.244316 0.262415 0.48531 0.834034 0.413516 0.31622 -0.384863 0.867113 0.400795 -0.930002 -0.306262 0.203222 -0.504304 0.187351 -0.87068 -0.45477 0.485867 
1534194318615 0.103881 0.845027 -0.524536 -0.606354 -0.95932 0.22433 0.171409 -0.244386 0.262514 0.485392 0.833955 0.413506 0.31622 -0.384863 0.867113 0.400795 -0.930002 -0.306262 0.203222 -0.504304 0.187351 -0.87068 -0.45477 0.485867 
1534194318632 0.103622 0.84502 -0.524598 -0.606175 -0.959321 0.224173 0.171606 -0.244455 0.262612 0.485476 0.833875 0.413496 0.31622 -0.384863 0.867113 0.400795 -0.930002 -0.306262 0.203222 -0.504304 0.187351 -0.87068 -0.45477 0.485867 
1534194318650 0.103363 0.845014 -0.524659 -0.605996 -0.959323 0.224017 0.171804 -0.244524 0.262709 0.485559 0.833796 0.413486 0.31622 -0.384863 0.867113 0.400795 -0.930002 -0.306262 0.203222 -0.504304 0.187351 -0.87068 -0.45477 0.485867 
1534194318665 0.103105 0.845007 -0.524721 -0.605816 -0.959324 0.22386 0.172002 -0.244592 0.262807 0.485643 0.833716 0.413477 0.31622 -0.384863 0.867113 0.400795 -0.930002 -0.306262 0.203222 -0.504304 0.187351 -0.87068 -0.45477 0.485867 
1534194318754 0.102846 0.845001 -0.524783 -0.605635 -0.959325 0.223704 0.1722 -0.24466 0.262905 0.485727 0.833637 0.413467 0.31622 -0.384863 0.867113 0.400795 -0.930002 -0.306262 0.203222 -0.504304 0.187351 -0.87068 -0.45477 0.485867 
1534194318815 0.102587 0.844994 -0.524844 -0.605456 -0.959326 0.223548 0.172398 -0.244729 0.263003 0.48581 0.833557 0.413457 0.31622 -0.384863 0.867113 0.400795 -0.930002 -0.306262 0.203222 -0.504304 0.187351 -0.87068 -0.45477 0.485867 
1534194318854 0.102329 0.844987 -0.524905 -0.605275 -0.959326 0.223392 0.172595 -0.244797 0.2631 0.485894 0.833478 0.413448 0.31622 -0.384863 0.867113 0.400795 -0.930002 -0.306262 0.203222 -0.504304 0.187351 -0.87068 -0.45477 0.485867 
