1531910031575 0.275657 -0.8825 0.381061 -0.604483 0.633204 0.464965 0.618757 -0.181741 -0.723233 0.0707247 0.686973 0.426588 0.16008 -0.775623 -0.61056 0.370831 -0.304787 0.549475 -0.777934 -0.528794 0.938871 0.310623 -0.14844 0.432481 
1531910031583 -0.186319 -0.975422 0.117632 -0.595444 0.845148 -0.098067 0.525459 -0.251671 -0.501008 0.19732 0.842648 0.409373 0.281082 -0.945602 0.163797 0.399302 -0.369256 -0.264103 -0.891011 -0.504949 0.885801 0.189964 -0.423403 0.481408 
1531910031592 -0.187231 -0.97521 0.11794 -0.597087 0.845419 -0.098835 0.52488 -0.254964 -0.500212 0.197982 0.842966 0.40735 0.245957 -0.959102 0.140098 0.398041 -0.352979 -0.223242 -0.908608 -0.501823 0.902724 0.174027 -0.393451 0.477127 
1531910031602 -0.187247 -0.975206 0.11795 -0.597265 0.845429 -0.0988476 0.524861 -0.255093 -0.500188 0.197997 0.842976 0.40726 0.211167 -0.970735 0.114378 0.396613 -0.334293 -0.181685 -0.924791 -0.500411 0.918508 0.15705 -0.362875 0.472751 
1531910031625 -0.18725 -0.975206 0.117946 -0.597275 0.845429 -0.0988521 0.52486 -0.255107 -0.500187 0.197995 0.842977 0.407257 0.176776 -0.980368 0.0873447 0.39522 -0.313842 -0.140255 -0.939059 -0.4991 0.932874 0.138591 -0.332474 0.468381 
1531910031635 -0.187251 -0.975206 0.117943 -0.597273 0.845429 -0.0988555 0.52486 -0.255114 -0.500187 0.197993 0.842978 0.407258 0.142868 -0.987977 0.0590839 0.39383 -0.291686 -0.0990745 -0.951369 -0.497796 0.945784 0.118686 -0.302334 0.464012 
1531910031645 -0.187253 -0.975206 0.11794 -0.597271 0.845429 -0.0988578 0.524859 -0.255119 -0.500187 0.197991 0.842978 0.407259 0.109541 -0.993539 0.0296788 0.39244 -0.267891 -0.0582631 -0.961686 -0.496493 0.957202 0.0973932 -0.272542 0.459643 
1531910031655 -0.187253 -0.975206 0.117939 -0.597269 0.845429 -0.0988592 0.524859 -0.255122 -0.500186 0.19799 0.842979 0.40726 0.0768918 -0.997039 -0.000785327 0.391051 -0.242525 -0.0179395 -0.969979 -0.495192 0.967093 0.0747739 -0.243186 0.455274 
1531910031679 -0.187254 -0.975206 0.117938 -0.597268 0.845429 -0.09886 0.524859 -0.255123 -0.500186 0.19799 0.842979 0.407261 0.0450211 -0.998466 -0.0322225 0.389671 -0.215666 0.0217803 -0.976224 -0.493918 0.975429 0.0509 -0.214355 0.450914 
1531910031695 -0.187253 -0.975206 0.117938 -0.59726 0.845429 -0.0988592 0.524859 -0.255118 -0.500187 0.19799 0.842979 0.407261 0.0141705 -0.997812 -0.0645801 0.388357 -0.187588 0.0607869 -0.980365 -0.493064 0.982146 0.0260067 -0.186316 0.446824 
1531910031815 -0.187253 -0.975206 0.117938 -0.59726 0.845429 -0.0988592 0.524859 -0.255118 -0.500187 0.19799 0.842979 0.407261 0.0141705 -0.997812 -0.0645801 0.388357 -0.187588 0.0607869 -0.980365 -0.493064 0.982146 0.0260067 -0.186316 0.446824 
1531910031824 -0.187254 -0.975206 0.117937 -0.597267 0.845429 -0.0988608 0.524859 -0.255126 -0.500186 0.197989 0.842979 0.407261 -0.0158869 -0.995092 -0.0976702 0.386927 -0.157962 0.0989536 -0.982475 -0.49174 0.987317 -0.000180306 -0.158758 0.442436 
1531910031837 -0.187254 -0.975206 0.117937 -0.597268 0.845429 -0.0988609 0.524859 -0.255126 -0.500186 0.197989 0.842979 0.407261 -0.0160478 -0.995093 -0.0976347 0.386878 -0.157765 0.0989441 -0.982507 -0.491303 0.987346 -0.000363768 -0.158579 0.442179 
1531910031847 -0.187254 -0.975206 0.117937 -0.597268 0.845429 -0.0988609 0.524859 -0.255126 -0.500186 0.197989 0.842979 0.407261 -0.0160538 -0.995093 -0.0976327 0.38687 -0.157759 0.0989431 -0.982508 -0.491276 0.987347 -0.00037049 -0.158574 0.442171 
1531910031857 -0.187254 -0.975206 0.117937 -0.597268 0.845429 -0.0988609 0.524859 -0.255126 -0.500186 0.197989 0.842979 0.407261 -0.0160542 -0.995093 -0.0976332 0.386869 -0.15776 0.0989436 -0.982508 -0.491274 0.987347 -0.000370767 -0.158574 0.442171 
1531910031867 -0.187254 -0.975206 0.117937 -0.597268 0.845429 -0.0988609 0.524859 -0.255126 -0.500186 0.197989 0.842979 0.407261 -0.0160543 -0.995093 -0.0976336 0.386868 -0.157759 0.098944 -0.982508 -0.491274 0.987347 -0.000370877 -0.158573 0.442171 
1531910031877 -0.187254 -0.975206 0.117937 -0.597268 0.845429 -0.0988609 0.524859 -0.255126 -0.500186 0.197989 0.842979 0.407261 -0.0160544 -0.995093 -0.097634 0.386868 -0.157759 0.0989445 -0.982508 -0.491274 0.987347 -0.000370985 -0.158573 0.442171 
1531910031887 -0.187254 -0.975206 0.117937 -0.597268 0.845429 -0.0988609 0.524859 -0.255126 -0.500186 0.197989 0.842979 0.407261 -0.0160546 -0.995093 -0.0976344 0.386868 -0.157759 0.0989449 -0.982508 -0.491274 0.987347 -0.000371103 -0.158573 0.442171 
1531910031897 -0.187254 -0.975206 0.117937 -0.597268 0.845429 -0.0988609 0.524859 -0.255126 -0.500186 0.197989 0.842979 0.407261 -0.0160546 -0.995093 -0.0976349 0.386868 -0.157758 0.0989454 -0.982508 -0.491275 0.987347 -0.00037101 -0.158573 0.442171 
1531910031907 -0.187254 -0.975206 0.117937 -0.597268 0.845429 -0.0988609 0.524859 -0.255126 -0.500186 0.197989 0.842979 0.407261 -0.0160537 -0.995093 -0.0976364 0.38687 -0.15776 0.0989468 -0.982508 -0.491281 0.987347 -0.000369826 -0.158574 0.442175 
