1533762243102 0.109031 0.817111 -0.566076 -0.614827 -0.959243 0.235839 0.155667 -0.221853 0.2607 0.526032 0.809522 0.413111 0.16008 -0.304787 0.938871 0.370831 -0.775623 0.549475 0.310623 -0.528794 -0.61056 -0.777934 -0.14844 0.432481 
1533762243122 0.108794 0.815539 -0.568384 -0.615789 -0.958887 0.236858 0.156313 -0.22198 0.262105 0.52801 0.807779 0.413701 0.316241 -0.38488 0.867098 0.400864 -0.930001 -0.306251 0.203246 -0.504429 0.187325 -0.870677 -0.454788 0.485926 
1533762243325 0.108553 0.813962 -0.570685 -0.616751 -0.958529 0.237878 0.156957 -0.222108 0.26351 0.52998 0.806029 0.414292 0.316241 -0.38488 0.867098 0.400864 -0.930001 -0.306251 0.203246 -0.504429 0.187325 -0.870677 -0.454788 0.485926 
1533762243525 0.108307 0.81238 -0.572982 -0.617714 -0.95817 0.2389 0.157597 -0.222235 0.264914 0.531946 0.804273 0.414883 0.316241 -0.38488 0.867098 0.400864 -0.930001 -0.306251 0.203246 -0.504429 0.187325 -0.870677 -0.454788 0.485926 
1533762243531 0.108059 0.810791 -0.575276 -0.618676 -0.957809 0.239923 0.158234 -0.222363 0.266316 0.533906 0.802509 0.415473 0.316241 -0.38488 0.867098 0.400864 -0.930001 -0.306251 0.203246 -0.504429 0.187325 -0.870677 -0.454788 0.485926 
1533762243811 0.107805 0.809196 -0.577563 -0.619638 -0.957447 0.240948 0.158868 -0.22249 0.267718 0.53586 0.800738 0.416064 0.316241 -0.38488 0.867098 0.400864 -0.930001 -0.306251 0.203246 -0.504429 0.187325 -0.870677 -0.454788 0.485926 
1533762243817 0.107548 0.807596 -0.579847 -0.6206 -0.957083 0.241974 0.159499 -0.222617 0.269118 0.537808 0.79896 0.416654 0.316241 -0.38488 0.867098 0.400864 -0.930001 -0.306251 0.203246 -0.504429 0.187325 -0.870677 -0.454788 0.485926 
1533762244096 0.107287 0.805989 -0.582126 -0.621562 -0.956718 0.243002 0.160126 -0.222744 0.270518 0.539751 0.797175 0.417245 0.316241 -0.38488 0.867098 0.400864 -0.930001 -0.306251 0.203246 -0.504429 0.187325 -0.870677 -0.454788 0.485926 
1533762244294 0.107021 0.804377 -0.584401 -0.622524 -0.956352 0.244031 0.16075 -0.222872 0.271916 0.541689 0.795384 0.417835 0.316241 -0.38488 0.867098 0.400864 -0.930001 -0.306251 0.203246 -0.504429 0.187325 -0.870677 -0.454788 0.485926 
1533762244495 0.106763 0.80275 -0.58668 -0.623437 -0.955984 0.24507 0.161358 -0.222965 0.273308 0.54363 0.79358 0.418435 0.316531 -0.385118 0.866887 0.401814 -0.929976 -0.306103 0.20358 -0.50615 0.186955 -0.870623 -0.455042 0.486735 
1533762244720 0.106915 0.803253 -0.585964 -0.623137 -0.956088 0.244806 0.161137 -0.222948 0.272881 0.543006 0.794154 0.418189 0.316531 -0.385118 0.866887 0.401814 -0.929976 -0.306103 0.20358 -0.50615 0.186955 -0.870623 -0.455042 0.486735 
1533762244733 0.106873 0.803042 -0.586261 -0.623269 -0.956041 0.244936 0.161222 -0.222966 0.273065 0.543259 0.793918 0.418272 0.316221 -0.384863 0.867113 0.400797 -0.930002 -0.306262 0.203223 -0.504308 0.187351 -0.87068 -0.45477 0.485869 
1533762244739 0.106832 0.80283 -0.586558 -0.6234 -0.955993 0.245067 0.161308 -0.222984 0.273249 0.543513 0.793681 0.418354 0.316221 -0.384863 0.867113 0.400797 -0.930002 -0.306262 0.203223 -0.504308 0.187351 -0.87068 -0.45477 0.485869 
1533762244753 0.106791 0.802619 -0.586855 -0.623532 -0.955945 0.245198 0.161393 -0.223002 0.273433 0.543766 0.793444 0.418437 0.316221 -0.384863 0.867113 0.400797 -0.930002 -0.306262 0.203223 -0.504308 0.187351 -0.87068 -0.45477 0.485869 
1533762244770 0.106749 0.802407 -0.587152 -0.623663 -0.955897 0.245329 0.161478 -0.223021 0.273617 0.544019 0.793207 0.418519 0.316221 -0.384863 0.867113 0.400797 -0.930002 -0.306262 0.203223 -0.504308 0.187351 -0.87068 -0.45477 0.485869 
1533762244787 0.106708 0.802195 -0.58745 -0.623795 -0.955849 0.24546 0.161563 -0.223039 0.2738 0.544273 0.792969 0.418602 0.316221 -0.384863 0.867113 0.400797 -0.930002 -0.306262 0.203223 -0.504308 0.187351 -0.87068 -0.45477 0.485869 
1533762244793 0.106666 0.801983 -0.587746 -0.623927 -0.955801 0.245591 0.161648 -0.223057 0.273984 0.544526 0.792732 0.418685 0.316221 -0.384863 0.867113 0.400797 -0.930002 -0.306262 0.203223 -0.504308 0.187351 -0.87068 -0.45477 0.485869 
1533762244896 0.106625 0.801771 -0.588043 -0.624058 -0.955753 0.245722 0.161733 -0.223075 0.274168 0.544779 0.792495 0.418767 0.316221 -0.384863 0.867113 0.400797 -0.930002 -0.306262 0.203223 -0.504308 0.187351 -0.87068 -0.45477 0.485869 
1533762244922 0.106583 0.801559 -0.58834 -0.62419 -0.955705 0.245853 0.161818 -0.223093 0.274352 0.545032 0.792257 0.41885 0.316221 -0.384863 0.867113 0.400797 -0.930002 -0.306262 0.203223 -0.504308 0.187351 -0.87068 -0.45477 0.485869 
1533762244949 0.106541 0.801347 -0.588636 -0.624322 -0.955656 0.245984 0.161903 -0.223111 0.274536 0.545285 0.792019 0.418933 0.316221 -0.384863 0.867113 0.400797 -0.930002 -0.306262 0.203223 -0.504308 0.187351 -0.87068 -0.45477 0.485869 
1533762245020 0.10673 0.801775 -0.588019 -0.624009 -0.95577 0.245744 0.161596 -0.223137 0.274066 0.544763 0.792541 0.41869 0.316221 -0.384863 0.867113 0.400797 -0.930002 -0.306262 0.203223 -0.504308 0.187351 -0.87068 -0.45477 0.485869 
1533762245031 0.107193 0.802131 -0.587448 -0.624071 -0.955518 0.246398 0.16209 -0.223163 0.274764 0.543942 0.792863 0.418562 0.31622 -0.384863 0.867113 0.400795 -0.930002 -0.306262 0.203222 -0.504304 0.187351 -0.87068 -0.454769 0.485867 
1533762245037 0.107654 0.802489 -0.586874 -0.62414 -0.955265 0.247052 0.162587 -0.223195 0.275462 0.543117 0.793186 0.418431 0.31622 -0.384863 0.867113 0.400795 -0.930002 -0.306262 0.203222 -0.504304 0.187351 -0.87068 -0.454769 0.485867 
1533762245209 0.108117 0.802846 -0.586301 -0.624207 -0.955011 0.247705 0.163083 -0.223225 0.27616 0.542292 0.793508 0.418301 0.31622 -0.384863 0.867113 0.400795 -0.930002 -0.306262 0.203222 -0.504304 0.187351 -0.87068 -0.454769 0.485867 
1533762245318 0.10858 0.803202 -0.585728 -0.624274 -0.954757 0.248357 0.16358 -0.223256 0.276857 0.541466 0.793829 0.418171 0.31622 -0.384863 0.867113 0.400795 -0.930002 -0.306262 0.203222 -0.504304 0.187351 -0.87068 -0.454769 0.485867 
1533762245413 0.109043 0.803557 -0.585155 -0.624342 -0.954502 0.249008 0.164078 -0.223287 0.277554 0.54064 0.794149 0.418041 0.31622 -0.384863 0.867113 0.400795 -0.930002 -0.306262 0.203222 -0.504304 0.187351 -0.87068 -0.454769 0.485867 
1533762245419 0.109507 0.803911 -0.584581 -0.624409 -0.954246 0.24966 0.164575 -0.223317 0.27825 0.539812 0.794468 0.417911 0.31622 -0.384863 0.867113 0.400795 -0.930002 -0.306262 0.203222 -0.504304 0.187351 -0.87068 -0.454769 0.485867 
1533762245580 0.109971 0.804265 -0.584007 -0.624478 -0.953989 0.25031 0.165074 -0.223349 0.278946 0.538984 0.794787 0.417781 0.31622 -0.384863 0.867113 0.400795 -0.930002 -0.306262 0.203222 -0.504304 0.187351 -0.87068 -0.454769 0.485867 
1533762245694 0.110436 0.804617 -0.583434 -0.624544 -0.953732 0.25096 0.165572 -0.223379 0.279641 0.538154 0.795104 0.417651 0.31622 -0.384863 0.867113 0.400795 -0.930002 -0.306262 0.203222 -0.504304 0.187351 -0.87068 -0.454769 0.485867 
1533762245795 0.110901 0.804969 -0.58286 -0.624613 -0.953474 0.251609 0.166071 -0.22341 0.280335 0.537324 0.795421 0.41752 0.31622 -0.384863 0.867113 0.400795 -0.930002 -0.306262 0.203222 -0.504304 0.187351 -0.87068 -0.454769 0.485867 
1533762245922 0.110488 0.804691 -0.583322 -0.624547 -0.953707 0.251016 0.165633 -0.223355 0.279707 0.538018 0.795174 0.417611 0.31622 -0.384863 0.867113 0.400795 -0.930002 -0.306262 0.203222 -0.504304 0.187351 -0.87068 -0.454769 0.485867 
1533762245935 0.110693 0.805366 -0.582351 -0.624494 -0.953545 0.251246 0.166212 -0.223412 0.280175 0.536899 0.795764 0.417517 0.31622 -0.384863 0.867113 0.400795 -0.930002 -0.306262 0.203222 -0.504304 0.187351 -0.87068 -0.454769 0.485867 
1533762245952 0.110899 0.80604 -0.581378 -0.624449 -0.953384 0.251475 0.166794 -0.223476 0.280644 0.535779 0.796354 0.417421 0.31622 -0.384863 0.867113 0.400795 -0.930002 -0.306262 0.203222 -0.504304 0.187351 -0.87068 -0.45477 0.485867 
1533762245958 0.111105 0.806713 -0.580405 -0.624401 -0.953222 0.251703 0.167374 -0.223538 0.281113 0.534658 0.796942 0.417325 0.31622 -0.384863 0.867113 0.400795 -0.930002 -0.306262 0.203222 -0.504304 0.187351 -0.87068 -0.45477 0.485867 
1533762246163 0.111311 0.807384 -0.579431 -0.624354 -0.953059 0.251931 0.167956 -0.2236 0.281581 0.533537 0.797528 0.41723 0.31622 -0.384863 0.867113 0.400795 -0.930002 -0.306262 0.203222 -0.504304 0.187351 -0.87068 -0.45477 0.485867 
1533762246297 0.111518 0.808055 -0.578456 -0.624308 -0.952897 0.252157 0.168537 -0.223663 0.282049 0.532414 0.798113 0.417134 0.31622 -0.384863 0.867113 0.400795 -0.930002 -0.306262 0.203222 -0.504304 0.187351 -0.87068 -0.45477 0.485867 
1533762246431 0.111726 0.808723 -0.577481 -0.62426 -0.952734 0.252383 0.169119 -0.223724 0.282517 0.53129 0.798696 0.417038 0.31622 -0.384863 0.867113 0.400795 -0.930002 -0.306262 0.203222 -0.504304 0.187351 -0.87068 -0.45477 0.485867 
1533762246569 0.111934 0.809391 -0.576504 -0.624214 -0.95257 0.252608 0.169701 -0.223787 0.282984 0.530165 0.799278 0.416942 0.31622 -0.384863 0.867113 0.400795 -0.930002 -0.306262 0.203222 -0.504304 0.187351 -0.87068 -0.45477 0.485867 
1533762246710 0.112143 0.810057 -0.575527 -0.624166 -0.952407 0.252833 0.170283 -0.223849 0.283451 0.52904 0.799858 0.416847 0.31622 -0.384863 0.867113 0.400795 -0.930002 -0.306262 0.203222 -0.504304 0.187351 -0.87068 -0.45477 0.485867 
1533762246848 0.112353 0.810722 -0.574549 -0.624119 -0.952243 0.253056 0.170866 -0.223911 0.283918 0.527913 0.800436 0.416751 0.31622 -0.384863 0.867113 0.400795 -0.930002 -0.306262 0.203222 -0.504304 0.187351 -0.87068 -0.45477 0.485867 
1533762246990 0.112232 0.810204 -0.575303 -0.624146 -0.952359 0.252928 0.170411 -0.223913 0.283578 0.52877 0.799991 0.416745 0.31622 -0.384863 0.867113 0.400795 -0.930002 -0.306262 0.203222 -0.504304 0.187351 -0.87068 -0.45477 0.485867 
1533762247001 0.111947 0.81006 -0.57556 -0.624081 -0.952446 0.25265 0.170335 -0.224043 0.283397 0.529122 0.799823 0.416794 0.31622 -0.384863 0.867113 0.400795 -0.930002 -0.306262 0.203222 -0.504304 0.187351 -0.87068 -0.45477 0.485867 
1533762247018 0.111661 0.809917 -0.575817 -0.624013 -0.952534 0.25237 0.170259 -0.224174 0.283215 0.529474 0.799654 0.416843 0.31622 -0.384863 0.867113 0.400795 -0.930002 -0.306262 0.203222 -0.504304 0.187351 -0.87068 -0.45477 0.485867 
1533762247133 0.111376 0.809774 -0.576074 -0.623943 -0.952622 0.252091 0.170183 -0.224305 0.283033 0.529827 0.799485 0.416893 0.31622 -0.384863 0.867113 0.400795 -0.930002 -0.306262 0.203222 -0.504304 0.187351 -0.87068 -0.45477 0.485867 
1533762247149 0.11109 0.80963 -0.576331 -0.623873 -0.952709 0.251811 0.170107 -0.224435 0.28285 0.530179 0.799316 0.416942 0.31622 -0.384863 0.867113 0.400795 -0.930002 -0.306262 0.203222 -0.504304 0.187351 -0.87068 -0.45477 0.485867 
1533762247156 0.110804 0.809487 -0.576588 -0.623805 -0.952796 0.251532 0.170031 -0.224566 0.282668 0.530531 0.799147 0.416992 0.31622 -0.384863 0.867113 0.400795 -0.930002 -0.306262 0.203222 -0.504304 0.187351 -0.87068 -0.45477 0.485867 
1533762247240 0.110519 0.809343 -0.576845 -0.623735 -0.952884 0.251253 0.169955 -0.224696 0.282485 0.530883 0.798978 0.417041 0.31622 -0.384863 0.867113 0.400795 -0.930002 -0.306262 0.203222 -0.504304 0.187351 -0.87068 -0.45477 0.485867 
1533762247272 0.110234 0.809199 -0.577102 -0.623667 -0.952971 0.250973 0.169879 -0.224826 0.282303 0.531235 0.798808 0.417091 0.31622 -0.384863 0.867113 0.400795 -0.930002 -0.306262 0.203222 -0.504304 0.187351 -0.87068 -0.45477 0.485867 
1533762247306 0.109949 0.809054 -0.577358 -0.623596 -0.953058 0.250694 0.169803 -0.224956 0.28212 0.531587 0.798639 0.41714 0.31622 -0.384863 0.867113 0.400795 -0.930002 -0.306262 0.203222 -0.504304 0.187351 -0.87068 -0.45477 0.485867 
1533762247345 0.109663 0.80891 -0.577615 -0.623528 -0.953145 0.250414 0.169728 -0.225086 0.281937 0.531938 0.798469 0.41719 0.31622 -0.384863 0.867113 0.400795 -0.930002 -0.306262 0.203222 -0.504304 0.187351 -0.87068 -0.45477 0.485867 
1533762247401 0.110584 0.809116 -0.577151 -0.6237 -0.952862 0.251396 0.169863 -0.224904 0.282532 0.531161 0.798776 0.417019 0.31622 -0.384863 0.867113 0.400795 -0.930002 -0.306262 0.203222 -0.504304 0.187351 -0.87068 -0.45477 0.485867 
1533762247412 0.110098 0.809019 -0.577379 -0.623544 -0.952904 0.251077 0.170102 -0.225149 0.282582 0.531459 0.798561 0.417047 0.31622 -0.384863 0.867113 0.400795 -0.930002 -0.306262 0.203222 -0.504304 0.187351 -0.87068 -0.45477 0.485867 
1533762247428 0.109608 0.808924 -0.577605 -0.623392 -0.952945 0.250756 0.170344 -0.2254 0.282633 0.531755 0.798345 0.417074 0.31622 -0.384863 0.867113 0.400795 -0.930002 -0.306262 0.203222 -0.504304 0.187351 -0.87068 -0.45477 0.485867 
1533762247525 0.109119 0.808829 -0.577831 -0.623242 -0.952986 0.250434 0.170586 -0.225651 0.282684 0.532051 0.79813 0.4171 0.31622 -0.384863 0.867113 0.400795 -0.930002 -0.306262 0.203222 -0.504304 0.187351 -0.87068 -0.45477 0.485867 
1533762247619 0.10863 0.808734 -0.578057 -0.623089 -0.953027 0.250114 0.170828 -0.2259 0.282734 0.532347 0.797915 0.417128 0.31622 -0.384863 0.867113 0.400795 -0.930002 -0.306262 0.203222 -0.504304 0.187351 -0.87068 -0.45477 0.485867 
1533762247713 0.10814 0.808638 -0.578282 -0.622938 -0.953068 0.249793 0.17107 -0.226151 0.282784 0.532643 0.7977 0.417154 0.31622 -0.384863 0.867113 0.400795 -0.930002 -0.306262 0.203222 -0.504304 0.187351 -0.87068 -0.45477 0.485867 
1533762247798 0.107651 0.808542 -0.578507 -0.622788 -0.953109 0.249472 0.171312 -0.226402 0.282834 0.532938 0.797484 0.417181 0.31622 -0.384863 0.867113 0.400795 -0.930002 -0.306262 0.203222 -0.504304 0.187351 -0.87068 -0.45477 0.485867 
1533762247888 0.107161 0.808446 -0.578733 -0.622635 -0.953149 0.249151 0.171554 -0.226651 0.282884 0.533235 0.797269 0.417208 0.31622 -0.384863 0.867113 0.400795 -0.930002 -0.306262 0.203222 -0.504304 0.187351 -0.87068 -0.45477 0.485867 
1533762247981 0.106672 0.80835 -0.578958 -0.622485 -0.953189 0.24883 0.171797 -0.226902 0.282934 0.53353 0.797053 0.417234 0.31622 -0.384863 0.867113 0.400795 -0.930002 -0.306262 0.203222 -0.504304 0.187351 -0.87068 -0.45477 0.485867 
1533762248074 0.106182 0.808253 -0.579183 -0.622333 -0.953229 0.248509 0.172039 -0.227152 0.282983 0.533826 0.796838 0.417261 0.31622 -0.384863 0.867113 0.400795 -0.930002 -0.306262 0.203222 -0.504304 0.187351 -0.87068 -0.45477 0.485867 
1533762248172 0.106631 0.808387 -0.578913 -0.622471 -0.953192 0.24879 0.171838 -0.226901 0.28294 0.533492 0.797077 0.417256 0.31622 -0.384863 0.867113 0.400795 -0.930002 -0.306262 0.203222 -0.504304 0.187351 -0.87068 -0.45477 0.485867 
1533762248184 0.106361 0.80857 -0.578707 -0.622197 -0.953238 0.248498 0.172006 -0.226987 0.282887 0.53335 0.79719 0.417269 0.31622 -0.384863 0.867113 0.400795 -0.930002 -0.306262 0.203222 -0.504304 0.187351 -0.87068 -0.45477 0.485867 
1533762248201 0.10609 0.808753 -0.578502 -0.621918 -0.953284 0.248206 0.172174 -0.227073 0.282834 0.53321 0.797303 0.417282 0.31622 -0.384863 0.867113 0.400795 -0.930002 -0.306262 0.203222 -0.504304 0.187351 -0.87068 -0.45477 0.485867 
1533762248305 0.10582 0.808935 -0.578296 -0.621641 -0.95333 0.247913 0.172341 -0.227159 0.28278 0.53307 0.797416 0.417295 0.31622 -0.384863 0.867113 0.400795 -0.930002 -0.306262 0.203222 -0.504304 0.187351 -0.87068 -0.45477 0.485867 
1533762248356 0.10555 0.809117 -0.578091 -0.621362 -0.953375 0.247621 0.172509 -0.227244 0.282727 0.532929 0.797529 0.417308 0.31622 -0.384863 0.867113 0.400795 -0.930002 -0.306262 0.203222 -0.504304 0.187351 -0.87068 -0.45477 0.485867 
1533762248436 0.10528 0.809299 -0.577885 -0.621083 -0.953421 0.247329 0.172675 -0.227329 0.282674 0.532789 0.797641 0.417321 0.31622 -0.384863 0.867113 0.400795 -0.930002 -0.306262 0.203222 -0.504304 0.187351 -0.87068 -0.45477 0.485867 
1533762248496 0.10501 0.809481 -0.577679 -0.620806 -0.953467 0.247036 0.172843 -0.227415 0.28262 0.532648 0.797754 0.417334 0.31622 -0.384863 0.867113 0.400795 -0.930002 -0.306262 0.203222 -0.504304 0.187351 -0.87068 -0.45477 0.485867 
1533762248566 0.10474 0.809663 -0.577474 -0.620526 -0.953512 0.246743 0.173009 -0.227499 0.282567 0.532507 0.797867 0.417347 0.31622 -0.384863 0.867113 0.400795 -0.930002 -0.306262 0.203222 -0.504304 0.187351 -0.87068 -0.45477 0.485867 
1533762248633 0.10447 0.809844 -0.577268 -0.620249 -0.953558 0.246451 0.173176 -0.227585 0.282514 0.532367 0.79798 0.41736 0.31622 -0.384863 0.867113 0.400795 -0.930002 -0.306262 0.203222 -0.504304 0.187351 -0.87068 -0.45477 0.485867 
1533762248693 0.104199 0.810026 -0.577062 -0.619971 -0.953603 0.246158 0.173343 -0.22767 0.282461 0.532226 0.798092 0.417373 0.31622 -0.384863 0.867113 0.400795 -0.930002 -0.306262 0.203222 -0.504304 0.187351 -0.87068 -0.45477 0.485867 
1533762248773 0.104798 0.809743 -0.577351 -0.620327 -0.953566 0.246651 0.172844 -0.227676 0.282363 0.532428 0.797992 0.41734 0.31622 -0.384863 0.867113 0.400795 -0.930002 -0.306262 0.203222 -0.504304 0.187351 -0.87068 -0.45477 0.485867 
1533762248784 0.104182 0.809798 -0.577384 -0.620033 -0.953563 0.246292 0.173373 -0.227742 0.282603 0.53251 0.797853 0.417428 0.31622 -0.384863 0.867113 0.400795 -0.930002 -0.306262 0.203222 -0.504304 0.187351 -0.87068 -0.45477 0.485867 
1533762248801 0.103564 0.809853 -0.577419 -0.619734 -0.953559 0.245933 0.173903 -0.227807 0.282843 0.532593 0.797712 0.417515 0.31622 -0.384863 0.867113 0.400795 -0.930002 -0.306262 0.203222 -0.504304 0.187351 -0.87068 -0.45477 0.485867 
1533762248829 0.102947 0.809907 -0.577454 -0.619435 -0.953555 0.245575 0.174433 -0.227873 0.283082 0.532676 0.797572 0.417602 0.31622 -0.384863 0.867113 0.400795 -0.930002 -0.306262 0.203222 -0.504304 0.187351 -0.87068 -0.45477 0.485867 
1533762248953 0.10233 0.809961 -0.577488 -0.619138 -0.95355 0.245216 0.174962 -0.227938 0.283322 0.532759 0.797431 0.417689 0.31622 -0.384863 0.867113 0.400795 -0.930002 -0.306262 0.203222 -0.504304 0.187351 -0.87068 -0.45477 0.485867 
1533762249012 0.101713 0.810015 -0.577521 -0.618838 -0.953545 0.244858 0.175491 -0.228003 0.283561 0.532843 0.79729 0.417777 0.31622 -0.384863 0.867113 0.400795 -0.930002 -0.306262 0.203222 -0.504304 0.187351 -0.87068 -0.45477 0.485867 
1533762249109 0.101096 0.810068 -0.577555 -0.61854 -0.953539 0.244499 0.176021 -0.228068 0.2838 0.532926 0.79715 0.417864 0.31622 -0.384863 0.867113 0.400795 -0.930002 -0.306262 0.203222 -0.504304 0.187351 -0.87068 -0.45477 0.485867 
1533762249172 0.10048 0.810121 -0.577588 -0.618241 -0.953533 0.244141 0.17655 -0.228133 0.284039 0.533009 0.797009 0.417952 0.31622 -0.384863 0.867113 0.400795 -0.930002 -0.306262 0.203222 -0.504304 0.187351 -0.87068 -0.45477 0.485867 
1533762249263 0.0998624 0.810174 -0.57762 -0.617943 -0.953527 0.243782 0.177079 -0.228198 0.284279 0.533093 0.796867 0.418039 0.31622 -0.384863 0.867113 0.400795 -0.930002 -0.306262 0.203222 -0.504304 0.187351 -0.87068 -0.45477 0.485867 
1533762249323 0.0992453 0.810227 -0.577653 -0.617645 -0.95352 0.243424 0.177609 -0.228263 0.284517 0.533176 0.796726 0.418126 0.31622 -0.384863 0.867113 0.400795 -0.930002 -0.306262 0.203222 -0.504304 0.187351 -0.87068 -0.45477 0.485867 
1533762249429 0.0999608 0.810222 -0.577536 -0.617995 -0.953532 0.243814 0.177006 -0.228165 0.284226 0.533006 0.796945 0.41809 0.31622 -0.384863 0.867113 0.400795 -0.930002 -0.306262 0.203222 -0.504304 0.187351 -0.87068 -0.45477 0.485867 
1533762249441 0.0997109 0.810168 -0.577656 -0.617787 -0.953602 0.243556 0.176985 -0.228185 0.284079 0.533206 0.796863 0.418138 0.31622 -0.384863 0.867113 0.400795 -0.930002 -0.306262 0.203222 -0.504304 0.187351 -0.87068 -0.45477 0.485867 
1533762249457 0.0994615 0.810113 -0.577775 -0.617574 -0.953672 0.243297 0.176963 -0.228202 0.283931 0.533407 0.796781 0.418188 0.31622 -0.384863 0.867113 0.400795 -0.930002 -0.306262 0.203222 -0.504304 0.187351 -0.87068 -0.45477 0.485867 
1533762249477 0.0992121 0.810058 -0.577895 -0.617361 -0.953742 0.243039 0.17694 -0.228218 0.283783 0.533608 0.796699 0.418237 0.31622 -0.384863 0.867113 0.400795 -0.930002 -0.306262 0.203222 -0.504304 0.187351 -0.87068 -0.45477 0.485867 
1533762249597 0.0989629 0.810003 -0.578015 -0.617148 -0.953812 0.242781 0.176918 -0.228235 0.283635 0.533809 0.796617 0.418287 0.31622 -0.384863 0.867113 0.400795 -0.930002 -0.306262 0.203222 -0.504304 0.187351 -0.87068 -0.45477 0.485867 
1533762249645 0.0987137 0.809948 -0.578134 -0.616935 -0.953882 0.242523 0.176896 -0.228251 0.283487 0.53401 0.796535 0.418337 0.31622 -0.384863 0.867113 0.400795 -0.930002 -0.306262 0.203222 -0.504304 0.187351 -0.87068 -0.45477 0.485867 
1533762249743 0.0984642 0.809893 -0.578254 -0.616723 -0.953952 0.242264 0.176874 -0.228268 0.283339 0.53421 0.796453 0.418386 0.31622 -0.384863 0.867113 0.400795 -0.930002 -0.306262 0.203222 -0.504304 0.187351 -0.87068 -0.45477 0.485867 
1533762249789 0.0982152 0.809838 -0.578374 -0.616509 -0.954021 0.242006 0.176851 -0.228283 0.283191 0.534411 0.796371 0.418436 0.31622 -0.384863 0.867113 0.400795 -0.930002 -0.306262 0.203222 -0.504304 0.187351 -0.87068 -0.45477 0.485867 
1533762249796 0.0979658 0.809783 -0.578493 -0.616297 -0.954091 0.241747 0.176829 -0.2283 0.283043 0.534612 0.79629 0.418485 0.31622 -0.384863 0.867113 0.400795 -0.930002 -0.306262 0.203222 -0.504304 0.187351 -0.87068 -0.45477 0.485867 
1533762249921 0.0977169 0.809727 -0.578613 -0.616083 -0.95416 0.241489 0.176807 -0.228316 0.282894 0.534813 0.796207 0.418535 0.31622 -0.384863 0.867113 0.400795 -0.930002 -0.306262 0.203222 -0.504304 0.187351 -0.87068 -0.45477 0.485867 
1533762249965 0.0978726 0.80996 -0.57826 -0.616406 -0.954038 0.24174 0.177127 -0.228112 0.283255 0.534346 0.796392 0.418499 0.31622 -0.384863 0.867113 0.400795 -0.930002 -0.306262 0.203222 -0.504304 0.187351 -0.87068 -0.45477 0.485867 
1533762249979 0.0977264 0.809902 -0.578366 -0.616255 -0.954071 0.24161 0.177123 -0.228129 0.283191 0.534493 0.796316 0.418542 0.31622 -0.384863 0.867113 0.400795 -0.930002 -0.306262 0.203222 -0.504304 0.187351 -0.87068 -0.45477 0.485867 
1533762249995 0.0975818 0.809843 -0.578474 -0.616099 -0.954105 0.24148 0.177118 -0.228142 0.283128 0.534641 0.79624 0.418586 0.31622 -0.384863 0.867113 0.400795 -0.930002 -0.306262 0.203222 -0.504304 0.187351 -0.87068 -0.45477 0.485867 
1533762250012 0.0974371 0.809784 -0.578581 -0.615943 -0.954139 0.241351 0.177113 -0.228155 0.283064 0.534789 0.796163 0.418631 0.31622 -0.384863 0.867113 0.400795 -0.930002 -0.306262 0.203222 -0.504304 0.187351 -0.87068 -0.45477 0.485867 
1533762250077 0.0972926 0.809725 -0.578688 -0.615786 -0.954172 0.241222 0.177107 -0.228168 0.283 0.534937 0.796086 0.418675 0.31622 -0.384863 0.867113 0.400795 -0.930002 -0.306262 0.203222 -0.504304 0.187351 -0.87068 -0.45477 0.485867 
1533762250132 0.0971482 0.809665 -0.578796 -0.615629 -0.954206 0.241093 0.177101 -0.22818 0.282937 0.535085 0.796009 0.41872 0.31622 -0.384863 0.867113 0.400795 -0.930002 -0.306262 0.203222 -0.504304 0.187351 -0.87068 -0.45477 0.485867 
1533762250184 0.0970039 0.809606 -0.578903 -0.615473 -0.95424 0.240964 0.177096 -0.228193 0.282873 0.535233 0.795932 0.418764 0.31622 -0.384863 0.867113 0.400795 -0.930002 -0.306262 0.203222 -0.504304 0.187351 -0.87068 -0.45477 0.485867 
1533762250233 0.0968592 0.809546 -0.57901 -0.615317 -0.954273 0.240835 0.17709 -0.228206 0.282809 0.535381 0.795855 0.418808 0.31622 -0.384863 0.867113 0.400795 -0.930002 -0.306262 0.203222 -0.504304 0.187351 -0.87068 -0.45477 0.485867 
1533762250283 0.0967149 0.809487 -0.579118 -0.61516 -0.954307 0.240706 0.177085 -0.228218 0.282745 0.535529 0.795779 0.418853 0.31622 -0.384863 0.867113 0.400795 -0.930002 -0.306262 0.203222 -0.504304 0.187351 -0.87068 -0.45477 0.485867 
1533762250339 0.0965703 0.809427 -0.579225 -0.615004 -0.95434 0.240577 0.177079 -0.228231 0.282681 0.535677 0.795702 0.418897 0.31622 -0.384863 0.867113 0.400795 -0.930002 -0.306262 0.203222 -0.504304 0.187351 -0.87068 -0.45477 0.485867 
1533762250394 0.096797 0.809547 -0.579019 -0.615279 -0.95431 0.240729 0.177036 -0.22821 0.282706 0.535427 0.795861 0.418781 0.31622 -0.384863 0.867113 0.400795 -0.930002 -0.306262 0.203222 -0.504304 0.187351 -0.87068 -0.45477 0.485867 
1533762250408 0.0966652 0.809609 -0.578955 -0.615157 -0.954331 0.240593 0.177105 -0.228234 0.282679 0.535396 0.795892 0.418783 0.31622 -0.384863 0.867113 0.400795 -0.930002 -0.306262 0.203222 -0.504304 0.187351 -0.87068 -0.45477 0.485867 
1533762250426 0.096534 0.80967 -0.578892 -0.61503 -0.954353 0.240458 0.177173 -0.228258 0.282651 0.535364 0.795923 0.418785 0.31622 -0.384863 0.867113 0.400795 -0.930002 -0.306262 0.203222 -0.504304 0.187351 -0.87068 -0.45477 0.485867 
1533762250440 0.096403 0.80973 -0.578829 -0.614903 -0.954375 0.240323 0.177241 -0.228281 0.282623 0.535333 0.795954 0.418787 0.31622 -0.384863 0.867113 0.400795 -0.930002 -0.306262 0.203222 -0.504304 0.187351 -0.87068 -0.45477 0.485867 
1533762250457 0.0962718 0.809791 -0.578766 -0.614778 -0.954396 0.240187 0.177309 -0.228304 0.282595 0.535302 0.795985 0.418789 0.31622 -0.384863 0.867113 0.400795 -0.930002 -0.306262 0.203222 -0.504304 0.187351 -0.87068 -0.45477 0.485867 
1533762250474 0.096141 0.809852 -0.578703 -0.61465 -0.954417 0.240052 0.177376 -0.228327 0.282567 0.535271 0.796015 0.418791 0.31622 -0.384863 0.867113 0.400795 -0.930002 -0.306262 0.203222 -0.504304 0.187351 -0.87068 -0.45477 0.485867 
1533762250490 0.0960103 0.809912 -0.57864 -0.614523 -0.954439 0.239917 0.177443 -0.228349 0.282539 0.53524 0.796046 0.418793 0.31622 -0.384863 0.867113 0.400795 -0.930002 -0.306262 0.203222 -0.504304 0.187351 -0.87068 -0.45477 0.485867 
1533762250497 0.0958792 0.809973 -0.578577 -0.614397 -0.95446 0.239782 0.177511 -0.228372 0.282511 0.535209 0.796077 0.418795 0.31622 -0.384863 0.867113 0.400795 -0.930002 -0.306262 0.203222 -0.504304 0.187351 -0.87068 -0.45477 0.485867 
1533762250597 0.0957482 0.810034 -0.578513 -0.614271 -0.954482 0.239646 0.177579 -0.228395 0.282484 0.535178 0.796108 0.418797 0.31622 -0.384863 0.867113 0.400795 -0.930002 -0.306262 0.203222 -0.504304 0.187351 -0.87068 -0.45477 0.485867 
1533762250614 0.0956175 0.810094 -0.578451 -0.614143 -0.954503 0.239511 0.177646 -0.228417 0.282456 0.535147 0.796139 0.4188 0.31622 -0.384863 0.867113 0.400795 -0.930002 -0.306262 0.203222 -0.504304 0.187351 -0.87068 -0.45477 0.485867 
1533762250648 0.0959945 0.810008 -0.578509 -0.61453 -0.954435 0.239885 0.177505 -0.228283 0.282556 0.53511 0.796128 0.418868 0.31622 -0.384863 0.867113 0.400795 -0.930002 -0.306262 0.203222 -0.504304 0.187351 -0.87068 -0.45477 0.485867 
1533762250660 0.0959543 0.809897 -0.57867 -0.614411 -0.954565 0.23965 0.177126 -0.228289 0.282133 0.535382 0.796095 0.41889 0.31622 -0.384863 0.867113 0.400795 -0.930002 -0.306262 0.203222 -0.504304 0.187351 -0.87068 -0.45477 0.485867 
1533762250676 0.0959161 0.809786 -0.578833 -0.614285 -0.954694 0.239417 0.176746 -0.22829 0.281709 0.535655 0.796061 0.418915 0.31622 -0.384863 0.867113 0.400795 -0.930002 -0.306262 0.203222 -0.504304 0.187351 -0.87068 -0.45477 0.485867 
1533762250780 0.0958776 0.809674 -0.578995 -0.614161 -0.954823 0.239184 0.176366 -0.228292 0.281285 0.535928 0.796027 0.418938 0.31622 -0.384863 0.867113 0.400795 -0.930002 -0.306262 0.203222 -0.504304 0.187351 -0.87068 -0.45477 0.485867 
1533762250810 0.0958393 0.809562 -0.579158 -0.614036 -0.954951 0.23895 0.175985 -0.228293 0.280861 0.536201 0.795993 0.418962 0.31622 -0.384863 0.867113 0.400795 -0.930002 -0.306262 0.203222 -0.504304 0.187351 -0.87068 -0.45477 0.485867 
1533762250873 0.0958007 0.809451 -0.57932 -0.613913 -0.95508 0.238716 0.175606 -0.228296 0.280437 0.536474 0.795959 0.418986 0.31622 -0.384863 0.867113 0.400795 -0.930002 -0.306262 0.203222 -0.504304 0.187351 -0.87068 -0.45477 0.485867 
1533762250930 0.0957627 0.809339 -0.579483 -0.613788 -0.955208 0.238483 0.175225 -0.228297 0.280013 0.536746 0.795925 0.41901 0.31622 -0.384863 0.867113 0.400795 -0.930002 -0.306262 0.203222 -0.504304 0.187351 -0.87068 -0.45477 0.485867 
1533762250978 0.0957248 0.809227 -0.579645 -0.613663 -0.955336 0.238249 0.174845 -0.228298 0.279589 0.537019 0.79589 0.419034 0.31622 -0.384863 0.867113 0.400795 -0.930002 -0.306262 0.203222 -0.504304 0.187351 -0.87068 -0.45477 0.485867 
1533762251034 0.0956867 0.809115 -0.579808 -0.613539 -0.955464 0.238015 0.174465 -0.2283 0.279165 0.537291 0.795855 0.419058 0.31622 -0.384863 0.867113 0.400795 -0.930002 -0.306262 0.203222 -0.504304 0.187351 -0.87068 -0.45477 0.485867 
1533762251086 0.0956486 0.809003 -0.57997 -0.613415 -0.955591 0.23778 0.174085 -0.228302 0.278741 0.537563 0.79582 0.419081 0.31622 -0.384863 0.867113 0.400795 -0.930002 -0.306262 0.203222 -0.504304 0.187351 -0.87068 -0.45477 0.485867 
1533762251145 0.095576 0.809185 -0.579728 -0.613646 -0.955394 0.238063 0.174779 -0.228286 0.27944 0.537165 0.795844 0.419041 0.31622 -0.384863 0.867113 0.400795 -0.930002 -0.306262 0.203222 -0.504304 0.187351 -0.87068 -0.45477 0.485867 
1533762251158 0.0955729 0.809309 -0.579556 -0.613572 -0.955371 0.238068 0.174898 -0.228301 0.27952 0.536975 0.795943 0.419016 0.31622 -0.384863 0.867113 0.400795 -0.930002 -0.306262 0.203222 -0.504304 0.187351 -0.87068 -0.45477 0.485867 
1533762251173 0.0955691 0.809433 -0.579382 -0.613499 -0.955348 0.238073 0.175018 -0.228319 0.2796 0.536786 0.796043 0.41899 0.31622 -0.384863 0.867113 0.400795 -0.930002 -0.306262 0.203222 -0.504304 0.187351 -0.87068 -0.45477 0.485867 
1533762251190 0.0955649 0.809558 -0.579209 -0.613427 -0.955325 0.238077 0.175138 -0.228338 0.27968 0.536596 0.796143 0.418963 0.31622 -0.384863 0.867113 0.400795 -0.930002 -0.306262 0.203222 -0.504304 0.187351 -0.87068 -0.45477 0.485867 
1533762251303 0.0955606 0.809683 -0.579035 -0.613355 -0.955302 0.238081 0.175258 -0.228357 0.27976 0.536406 0.796243 0.418937 0.31622 -0.384863 0.867113 0.400795 -0.930002 -0.306262 0.203222 -0.504304 0.187351 -0.87068 -0.45477 0.485867 
1533762251320 0.0955562 0.809808 -0.578862 -0.613283 -0.955279 0.238084 0.175378 -0.228377 0.279841 0.536216 0.796343 0.41891 0.31622 -0.384863 0.867113 0.400795 -0.930002 -0.306262 0.203222 -0.504304 0.187351 -0.87068 -0.45477 0.485867 
1533762251336 0.0955523 0.809932 -0.578688 -0.61321 -0.955256 0.238089 0.175498 -0.228395 0.279921 0.536026 0.796442 0.418884 0.31622 -0.384863 0.867113 0.400795 -0.930002 -0.306262 0.203222 -0.504304 0.187351 -0.87068 -0.45477 0.485867 
1533762251352 0.0955479 0.810057 -0.578514 -0.613139 -0.955233 0.238092 0.175618 -0.228415 0.280001 0.535836 0.796542 0.418857 0.31622 -0.384863 0.867113 0.400795 -0.930002 -0.306262 0.203222 -0.504304 0.187351 -0.87068 -0.45477 0.485867 
1533762251397 0.0955439 0.810181 -0.578341 -0.613067 -0.95521 0.238096 0.175738 -0.228433 0.280081 0.535646 0.796642 0.418831 0.31622 -0.384863 0.867113 0.400795 -0.930002 -0.306262 0.203222 -0.504304 0.187351 -0.87068 -0.45477 0.485867 
1533762251435 0.0955395 0.810306 -0.578167 -0.612996 -0.955187 0.2381 0.175859 -0.228453 0.280161 0.535456 0.796741 0.418804 0.31622 -0.384863 0.867113 0.400795 -0.930002 -0.306262 0.203222 -0.504304 0.187351 -0.87068 -0.45477 0.485867 
1533762251467 0.0955643 0.809878 -0.578761 -0.613309 -0.955247 0.238129 0.175492 -0.22833 0.279946 0.536089 0.796391 0.418929 0.31622 -0.384863 0.867113 0.400795 -0.930002 -0.306262 0.203222 -0.504304 0.187351 -0.87068 -0.45477 0.485867 
1533762251478 0.0956712 0.809813 -0.578836 -0.613247 -0.955353 0.238007 0.175079 -0.228318 0.279548 0.536242 0.796428 0.418913 0.31622 -0.384863 0.867113 0.400795 -0.930002 -0.306262 0.203222 -0.504304 0.187351 -0.87068 -0.45477 0.485867 
1533762251495 0.0957798 0.809746 -0.578911 -0.61318 -0.955459 0.237887 0.174663 -0.228301 0.279148 0.536396 0.796464 0.418898 0.31622 -0.384863 0.867113 0.400795 -0.930002 -0.306262 0.203222 -0.504304 0.187351 -0.87068 -0.45477 0.485867 
1533762251639 0.0958884 0.80968 -0.578986 -0.613114 -0.955565 0.237766 0.174247 -0.228285 0.278748 0.53655 0.796501 0.418883 0.31622 -0.384863 0.867113 0.400795 -0.930002 -0.306262 0.203222 -0.504304 0.187351 -0.87068 -0.45477 0.485867 
1533762251659 0.0959972 0.809613 -0.579061 -0.613047 -0.955671 0.237645 0.173832 -0.228269 0.278348 0.536704 0.796537 0.418869 0.31622 -0.384863 0.867113 0.400795 -0.930002 -0.306262 0.203222 -0.504304 0.187351 -0.87068 -0.45477 0.485867 
1533762251721 0.0961062 0.809546 -0.579136 -0.61298 -0.955777 0.237525 0.173416 -0.228252 0.277947 0.536858 0.796573 0.418854 0.31622 -0.384863 0.867113 0.400795 -0.930002 -0.306262 0.203222 -0.504304 0.187351 -0.87068 -0.45477 0.485867 
1533762251767 0.0962147 0.80948 -0.57921 -0.612915 -0.955882 0.237404 0.173 -0.228237 0.277547 0.537012 0.796609 0.418839 0.31622 -0.384863 0.867113 0.400795 -0.930002 -0.306262 0.203222 -0.504304 0.187351 -0.87068 -0.45477 0.485867 
1533762251806 0.0963239 0.809413 -0.579286 -0.612847 -0.955987 0.237283 0.172584 -0.228219 0.277147 0.537166 0.796645 0.418825 0.31622 -0.384863 0.867113 0.400795 -0.930002 -0.306262 0.203222 -0.504304 0.187351 -0.87068 -0.45477 0.485867 
1533762251850 0.0964326 0.809347 -0.57936 -0.612781 -0.956092 0.237162 0.172169 -0.228204 0.276747 0.537319 0.79668 0.41881 0.31622 -0.384863 0.867113 0.400795 -0.930002 -0.306262 0.203222 -0.504304 0.187351 -0.87068 -0.45477 0.485867 
1533762251905 0.0965419 0.80928 -0.579435 -0.612714 -0.956197 0.237041 0.171753 -0.228186 0.276346 0.537473 0.796716 0.418795 0.31622 -0.384863 0.867113 0.400795 -0.930002 -0.306262 0.203222 -0.504304 0.187351 -0.87068 -0.45477 0.485867 
1533762251946 0.0963234 0.8094 -0.579304 -0.61286 -0.955963 0.237333 0.172648 -0.228214 0.27723 0.537163 0.796618 0.418798 0.31622 -0.384863 0.867113 0.400795 -0.930002 -0.306262 0.203222 -0.504304 0.187351 -0.87068 -0.45477 0.485867 
1533762251957 0.0961033 0.809353 -0.579406 -0.612796 -0.955935 0.237274 0.172884 -0.228236 0.277402 0.53726 0.796492 0.418806 0.31622 -0.384863 0.867113 0.400795 -0.930002 -0.306262 0.203222 -0.504304 0.187351 -0.87068 -0.45477 0.485867 
1533762251974 0.0958825 0.809307 -0.579508 -0.612729 -0.955907 0.237214 0.17312 -0.228262 0.277575 0.537356 0.796367 0.418813 0.31622 -0.384863 0.867113 0.400795 -0.930002 -0.306262 0.203222 -0.504304 0.187351 -0.87068 -0.45477 0.485867 
1533762252123 0.0956612 0.809261 -0.579609 -0.612663 -0.955879 0.237155 0.173357 -0.228288 0.277748 0.537452 0.796242 0.41882 0.31622 -0.384863 0.867113 0.400795 -0.930002 -0.306262 0.203222 -0.504304 0.187351 -0.87068 -0.45477 0.485867 
1533762252137 0.0954399 0.809214 -0.57971 -0.612597 -0.955851 0.237095 0.173594 -0.228314 0.277921 0.537548 0.796117 0.418826 0.31622 -0.384863 0.867113 0.400795 -0.930002 -0.306262 0.203222 -0.504304 0.187351 -0.87068 -0.45477 0.485867 
1533762252153 0.0952191 0.809168 -0.579811 -0.612531 -0.955823 0.237035 0.173831 -0.228339 0.278094 0.537644 0.795991 0.418833 0.31622 -0.384863 0.867113 0.400795 -0.930002 -0.306262 0.203222 -0.504304 0.187351 -0.87068 -0.45477 0.485867 
1533762252169 0.0949976 0.809122 -0.579912 -0.612466 -0.955794 0.236976 0.174068 -0.228366 0.278267 0.53774 0.795866 0.418839 0.31622 -0.384863 0.867113 0.400795 -0.930002 -0.306262 0.203222 -0.504304 0.187351 -0.87068 -0.45477 0.485867 
1533762252230 0.0947766 0.809075 -0.580013 -0.6124 -0.955766 0.236916 0.174305 -0.228391 0.27844 0.537836 0.795741 0.418846 0.31622 -0.384863 0.867113 0.400795 -0.930002 -0.306262 0.203222 -0.504304 0.187351 -0.87068 -0.45477 0.485867 
1533762252253 0.0945556 0.809029 -0.580113 -0.612334 -0.955738 0.236857 0.174541 -0.228417 0.278613 0.537932 0.795615 0.418853 0.31622 -0.384863 0.867113 0.400795 -0.930002 -0.306262 0.203222 -0.504304 0.187351 -0.87068 -0.45477 0.485867 
1533762252279 0.0943346 0.808982 -0.580214 -0.612269 -0.955709 0.236798 0.174778 -0.228442 0.278785 0.538028 0.79549 0.41886 0.31622 -0.384863 0.867113 0.400795 -0.930002 -0.306262 0.203222 -0.504304 0.187351 -0.87068 -0.45477 0.485867 
1533762252319 0.095181 0.809106 -0.579904 -0.612483 -0.955782 0.23711 0.173951 -0.228412 0.278246 0.537705 0.795897 0.418908 0.31622 -0.384863 0.867113 0.400795 -0.930002 -0.306262 0.203222 -0.504304 0.187351 -0.87068 -0.45477 0.485867 
1533762252330 0.0948241 0.809041 -0.580053 -0.612374 -0.955778 0.236932 0.17422 -0.228461 0.278384 0.537881 0.79573 0.418923 0.31622 -0.384863 0.867113 0.400795 -0.930002 -0.306262 0.203222 -0.504304 0.187351 -0.87068 -0.45477 0.485867 
1533762252347 0.0944657 0.808976 -0.580202 -0.612263 -0.955773 0.236753 0.17449 -0.228512 0.278523 0.538058 0.795562 0.418936 0.31622 -0.384863 0.867113 0.400795 -0.930002 -0.306262 0.203222 -0.504304 0.187351 -0.87068 -0.45477 0.485867 
1533762252364 0.0941076 0.808911 -0.580351 -0.612153 -0.955768 0.236574 0.17476 -0.228562 0.278661 0.538234 0.795394 0.41895 0.31622 -0.384863 0.867113 0.400795 -0.930002 -0.306262 0.203222 -0.504304 0.187351 -0.87068 -0.45477 0.485867 
1533762252380 0.0937486 0.808846 -0.580499 -0.612042 -0.955762 0.236395 0.175031 -0.228614 0.2788 0.538411 0.795226 0.418963 0.31622 -0.384863 0.867113 0.400795 -0.930002 -0.306262 0.203222 -0.504304 0.187351 -0.87068 -0.45477 0.485867 
1533762252397 0.0933903 0.808781 -0.580648 -0.611931 -0.955757 0.236216 0.175301 -0.228664 0.278938 0.538587 0.795058 0.418977 0.31622 -0.384863 0.867113 0.400795 -0.930002 -0.306262 0.203222 -0.504304 0.187351 -0.87068 -0.45477 0.485867 
1533762252490 0.0930311 0.808716 -0.580796 -0.61182 -0.955752 0.236036 0.175572 -0.228716 0.279077 0.538763 0.79489 0.41899 0.31622 -0.384863 0.867113 0.400795 -0.930002 -0.306262 0.203222 -0.504304 0.187351 -0.87068 -0.45477 0.485867 
1533762252496 0.0926726 0.80865 -0.580945 -0.61171 -0.955746 0.235858 0.175843 -0.228767 0.279215 0.53894 0.794722 0.419004 0.31622 -0.384863 0.867113 0.400795 -0.930002 -0.306262 0.203222 -0.504304 0.187351 -0.87068 -0.45477 0.485867 
1533762252565 0.092314 0.808585 -0.581093 -0.6116 -0.95574 0.235679 0.176113 -0.228817 0.279354 0.539116 0.794553 0.419018 0.31622 -0.384863 0.867113 0.400795 -0.930002 -0.306262 0.203222 -0.504304 0.187351 -0.87068 -0.45477 0.485867 
1533762252620 0.0919554 0.808519 -0.581241 -0.611489 -0.955735 0.2355 0.176383 -0.228868 0.279492 0.539293 0.794385 0.419032 0.31622 -0.384863 0.867113 0.400795 -0.930002 -0.306262 0.203222 -0.504304 0.187351 -0.87068 -0.45477 0.485867 
1533762252671 0.0928117 0.808638 -0.580939 -0.611734 -0.95578 0.235877 0.175632 -0.228806 0.279052 0.538949 0.794773 0.419005 0.31622 -0.384863 0.867113 0.400795 -0.930002 -0.306262 0.203222 -0.504304 0.187351 -0.87068 -0.45477 0.485867 
1533762252683 0.0921893 0.808706 -0.580944 -0.611564 -0.955672 0.2357 0.176453 -0.228904 0.279627 0.538925 0.794587 0.419035 0.31622 -0.384863 0.867113 0.400795 -0.930002 -0.306262 0.203222 -0.504304 0.187351 -0.87068 -0.45477 0.485867 
1533762252700 0.0915653 0.808773 -0.580949 -0.611398 -0.955564 0.235523 0.177276 -0.229006 0.280203 0.538901 0.7944 0.419063 0.31622 -0.384863 0.867113 0.400795 -0.930002 -0.306262 0.203222 -0.504304 0.187351 -0.87068 -0.45477 0.485867 
1533762252816 0.0909414 0.808841 -0.580953 -0.611232 -0.955454 0.235346 0.178099 -0.229108 0.280778 0.538877 0.794213 0.419091 0.31622 -0.384863 0.867113 0.400795 -0.930002 -0.306262 0.203222 -0.504304 0.187351 -0.87068 -0.45477 0.485867 
1533762252918 0.0903172 0.808908 -0.580956 -0.611066 -0.955344 0.235168 0.178922 -0.22921 0.281354 0.538853 0.794026 0.419119 0.31622 -0.384863 0.867113 0.400795 -0.930002 -0.306262 0.203222 -0.504304 0.187351 -0.87068 -0.45477 0.485867 
1533762253021 0.089693 0.808976 -0.580959 -0.610901 -0.955234 0.234991 0.179745 -0.229313 0.281929 0.538829 0.793838 0.419147 0.31622 -0.384863 0.867113 0.400795 -0.930002 -0.306262 0.203222 -0.504304 0.187351 -0.87068 -0.45477 0.485867 
1533762253126 0.0890687 0.809043 -0.580961 -0.610736 -0.955122 0.234813 0.180568 -0.229416 0.282504 0.538806 0.79365 0.419175 0.31622 -0.384863 0.867113 0.400795 -0.930002 -0.306262 0.203222 -0.504304 0.187351 -0.87068 -0.45477 0.485867 
1533762253238 0.0884448 0.809111 -0.580963 -0.610569 -0.95501 0.234636 0.18139 -0.229518 0.283079 0.538782 0.793461 0.419203 0.31622 -0.384863 0.867113 0.400795 -0.930002 -0.306262 0.203222 -0.504304 0.187351 -0.87068 -0.45477 0.485867 
