1535378430886 0.248204 0.927563 -0.279325 -0.637004 -0.938362 0.301824 0.168462 -0.241928 0.240566 0.220295 0.945303 0.374135 0.151124 -0.119101 0.981314 0.381296 -0.978356 0.123931 0.16571 -0.482952 -0.141352 -0.985117 -0.0977943 0.439996 
1535378430894 0.248292 0.927575 -0.279206 -0.637067 -0.938351 0.301875 0.16843 -0.241914 0.240517 0.220173 0.945344 0.374085 0.150924 -0.119262 0.981325 0.381294 -0.978309 0.124467 0.165587 -0.482913 -0.141891 -0.98503 -0.09789 0.440026 
1535378430906 0.24838 0.927588 -0.279086 -0.637135 -0.938341 0.301925 0.168398 -0.241903 0.240467 0.220051 0.945385 0.374033 0.150723 -0.119423 0.981336 0.381292 -0.978262 0.125004 0.165463 -0.482871 -0.142431 -0.984943 -0.0979859 0.440055 
1535378431024 0.248467 0.9276 -0.278966 -0.637204 -0.93833 0.301975 0.168365 -0.241892 0.240417 0.219929 0.945426 0.373981 0.150523 -0.119584 0.981347 0.381289 -0.978214 0.125541 0.16534 -0.482828 -0.142971 -0.984855 -0.0980817 0.440085 
1535378431070 0.248555 0.927613 -0.278846 -0.637272 -0.93832 0.302026 0.168333 -0.241881 0.240367 0.219807 0.945468 0.37393 0.150321 -0.119744 0.981359 0.381286 -0.978166 0.126078 0.165216 -0.482786 -0.143511 -0.984767 -0.0981777 0.440115 
