1533578444371 0.238389 0.919232 -0.313341 -0.561675 -0.941646 0.29773 0.157031 -0.230599 0.237639 0.257622 0.936567 0.349974 0.16008 -0.304787 0.938871 0.370831 -0.775623 0.549475 0.310623 -0.528794 -0.61056 -0.777934 -0.14844 0.432481 
1533578444382 0.231218 0.920061 -0.316268 -0.567036 -0.94343 0.291442 0.158117 -0.232668 0.237651 0.261817 0.9354 0.353564 0.316221 -0.384863 0.867113 0.400798 -0.930002 -0.306261 0.203223 -0.504311 0.18735 -0.870681 -0.454769 0.48587 
1533578444826 0.224035 0.920832 -0.319182 -0.572398 -0.945167 0.285146 0.159223 -0.234736 0.237631 0.266009 0.934222 0.357153 0.316221 -0.384863 0.867113 0.400798 -0.930002 -0.306262 0.203223 -0.504309 0.187351 -0.87068 -0.45477 0.485869 
1533578445269 0.216841 0.921543 -0.322085 -0.577759 -0.946856 0.27884 0.160349 -0.236805 0.237579 0.270197 0.933033 0.360743 0.316221 -0.384863 0.867113 0.400798 -0.930002 -0.306262 0.203223 -0.504309 0.187351 -0.87068 -0.45477 0.485869 
1533578445717 0.209636 0.922195 -0.324974 -0.583121 -0.948498 0.272525 0.161496 -0.238873 0.237494 0.274382 0.931832 0.364332 0.316221 -0.384863 0.867113 0.400798 -0.930002 -0.306262 0.203223 -0.504309 0.187351 -0.87068 -0.45477 0.485869 
1533578446174 0.202421 0.922789 -0.32785 -0.588482 -0.950093 0.266202 0.162663 -0.240942 0.237378 0.278562 0.930621 0.367922 0.316221 -0.384863 0.867113 0.400798 -0.930002 -0.306262 0.203223 -0.504309 0.187351 -0.87068 -0.45477 0.485869 
1533578446628 0.195197 0.923323 -0.330714 -0.593843 -0.951641 0.259871 0.16385 -0.243011 0.237229 0.282739 0.929398 0.371511 0.316221 -0.384863 0.867113 0.400798 -0.930002 -0.306262 0.203223 -0.504309 0.187351 -0.87068 -0.45477 0.485869 
1533578447089 0.187963 0.923799 -0.333566 -0.599205 -0.953141 0.253532 0.165056 -0.245079 0.237048 0.286911 0.928165 0.375101 0.316221 -0.384863 0.867113 0.400798 -0.930002 -0.306262 0.203223 -0.504309 0.187351 -0.87068 -0.45477 0.485869 
1533578447557 0.18072 0.924215 -0.336403 -0.604566 -0.954594 0.247186 0.166283 -0.247147 0.236835 0.291078 0.926921 0.37869 0.316221 -0.384863 0.867113 0.400798 -0.930002 -0.306262 0.203223 -0.504309 0.187351 -0.87068 -0.45477 0.485869 
1533578448026 0.173477 0.924566 -0.33924 -0.609863 -0.955998 0.240842 0.167521 -0.249181 0.236587 0.295252 0.925663 0.382294 0.316242 -0.384881 0.867097 0.400856 -0.930001 -0.306251 0.203247 -0.504423 0.187324 -0.870676 -0.454789 0.485929 
1533578448497 0.173899 0.92453 -0.339122 -0.6096 -0.955921 0.241215 0.167423 -0.249079 0.236589 0.295059 0.925724 0.382145 0.316242 -0.384881 0.867097 0.400856 -0.930001 -0.306251 0.203247 -0.504423 0.187324 -0.870676 -0.454789 0.485929 
1533578448510 0.173132 0.924567 -0.339414 -0.610169 -0.956067 0.240542 0.167559 -0.2493 0.236563 0.295492 0.925593 0.382517 0.31622 -0.384863 0.867113 0.400795 -0.930002 -0.306262 0.203222 -0.504304 0.187352 -0.87068 -0.454769 0.485867 
1533578448634 0.172365 0.924603 -0.339706 -0.610738 -0.956211 0.239871 0.167696 -0.24952 0.236537 0.295926 0.925461 0.38289 0.31622 -0.384863 0.867113 0.400795 -0.930002 -0.306262 0.203222 -0.504304 0.187352 -0.87068 -0.454769 0.485867 
1533578448779 0.171599 0.924638 -0.339998 -0.611307 -0.956356 0.239199 0.167833 -0.249741 0.236512 0.296359 0.925329 0.383262 0.31622 -0.384863 0.867113 0.400795 -0.930002 -0.306262 0.203222 -0.504304 0.187352 -0.87068 -0.454769 0.485867 
1533578448941 0.170832 0.924672 -0.34029 -0.611877 -0.956499 0.238527 0.16797 -0.249962 0.236485 0.296792 0.925197 0.383635 0.31622 -0.384863 0.867113 0.400795 -0.930002 -0.306262 0.203222 -0.504304 0.187352 -0.87068 -0.454769 0.485867 
1533578449105 0.170065 0.924707 -0.340581 -0.612446 -0.956643 0.237854 0.168108 -0.250183 0.236459 0.297225 0.925065 0.384007 0.31622 -0.384863 0.867113 0.400795 -0.930002 -0.306262 0.203222 -0.504304 0.187352 -0.87068 -0.454769 0.485867 
1533578449262 0.169298 0.92474 -0.340872 -0.613015 -0.956785 0.237182 0.168246 -0.250404 0.236432 0.297658 0.924932 0.384379 0.31622 -0.384863 0.867113 0.400795 -0.930002 -0.306262 0.203222 -0.504304 0.187352 -0.87068 -0.454769 0.485867 
1533578449422 0.168531 0.924773 -0.341163 -0.613584 -0.956927 0.23651 0.168383 -0.250624 0.236405 0.298091 0.9248 0.384752 0.31622 -0.384863 0.867113 0.400795 -0.930002 -0.306262 0.203222 -0.504304 0.187352 -0.87068 -0.454769 0.485867 
1533578449583 0.167764 0.924805 -0.341454 -0.614153 -0.957069 0.235838 0.168522 -0.250845 0.236378 0.298524 0.924667 0.385124 0.31622 -0.384863 0.867113 0.400795 -0.930002 -0.306262 0.203222 -0.504304 0.187352 -0.87068 -0.454769 0.485867 
1533578449749 0.166997 0.924836 -0.341745 -0.614722 -0.95721 0.235166 0.16866 -0.251066 0.23635 0.298956 0.924534 0.385497 0.31622 -0.384863 0.867113 0.400795 -0.930002 -0.306262 0.203222 -0.504304 0.187352 -0.87068 -0.454769 0.485867 
1533578449912 0.167366 0.924797 -0.341671 -0.614459 -0.957115 0.235535 0.168683 -0.250939 0.236473 0.298787 0.924558 0.385296 0.31622 -0.384863 0.867113 0.400795 -0.930002 -0.306262 0.203222 -0.504304 0.187352 -0.87068 -0.454769 0.485867 
1533578449925 0.167571 0.924903 -0.341284 -0.614524 -0.957114 0.235612 0.16858 -0.250971 0.236331 0.298399 0.924719 0.385244 0.31622 -0.384863 0.867113 0.400795 -0.930002 -0.306262 0.203222 -0.504304 0.187352 -0.87068 -0.454769 0.485867 
1533578449942 0.167776 0.925008 -0.340897 -0.614589 -0.957114 0.235688 0.168477 -0.251003 0.236188 0.298011 0.924881 0.385193 0.31622 -0.384863 0.867113 0.400795 -0.930002 -0.306262 0.203222 -0.504304 0.187352 -0.87068 -0.454769 0.485867 
1533578450038 0.16798 0.925114 -0.34051 -0.614654 -0.957113 0.235765 0.168373 -0.251035 0.236045 0.297624 0.925042 0.385141 0.31622 -0.384863 0.867113 0.400795 -0.930002 -0.306262 0.203222 -0.504304 0.187352 -0.87068 -0.454769 0.485867 
1533578450065 0.168184 0.925219 -0.340123 -0.61472 -0.957113 0.23584 0.16827 -0.251067 0.235902 0.297235 0.925204 0.38509 0.31622 -0.384863 0.867113 0.400795 -0.930002 -0.306262 0.203222 -0.504304 0.187352 -0.87068 -0.454769 0.485867 
1533578450121 0.168389 0.925324 -0.339735 -0.614785 -0.957112 0.235917 0.168167 -0.251099 0.235758 0.296847 0.925365 0.385038 0.31622 -0.384863 0.867113 0.400795 -0.930002 -0.306262 0.203222 -0.504304 0.187352 -0.87068 -0.454769 0.485867 
1533578450178 0.168593 0.925429 -0.339348 -0.61485 -0.957111 0.235993 0.168064 -0.251131 0.235615 0.296459 0.925525 0.384986 0.31622 -0.384863 0.867113 0.400795 -0.930002 -0.306262 0.203222 -0.504304 0.187352 -0.87068 -0.454769 0.485867 
1533578450219 0.168797 0.925534 -0.338961 -0.614915 -0.957111 0.236069 0.167961 -0.251163 0.235472 0.296071 0.925686 0.384935 0.31622 -0.384863 0.867113 0.400795 -0.930002 -0.306262 0.203222 -0.504304 0.187352 -0.87068 -0.454769 0.485867 
1533578450261 0.169001 0.925639 -0.338573 -0.61498 -0.95711 0.236145 0.167858 -0.251195 0.235328 0.295683 0.925847 0.384883 0.31622 -0.384863 0.867113 0.400795 -0.930002 -0.306262 0.203222 -0.504304 0.187352 -0.87068 -0.454769 0.485867 
1533578450321 0.169205 0.925743 -0.338185 -0.615045 -0.957109 0.236221 0.167755 -0.251227 0.235184 0.295295 0.926007 0.384832 0.31622 -0.384863 0.867113 0.400795 -0.930002 -0.306262 0.203222 -0.504304 0.187352 -0.87068 -0.454769 0.485867 
1533578450358 0.168904 0.925549 -0.338865 -0.614873 -0.957083 0.236162 0.167985 -0.251216 0.235506 0.295949 0.925717 0.384988 0.31622 -0.384863 0.867113 0.400795 -0.930002 -0.306262 0.203222 -0.504304 0.187352 -0.87068 -0.454769 0.485867 
1533578450371 0.168867 0.925843 -0.33808 -0.614887 -0.957027 0.236063 0.168442 -0.251292 0.23576 0.295108 0.925921 0.384943 0.31622 -0.384863 0.867113 0.400795 -0.930002 -0.306262 0.203222 -0.504304 0.187352 -0.87068 -0.454769 0.485867 
1533578450387 0.16883 0.926137 -0.337294 -0.614901 -0.956971 0.235963 0.1689 -0.251367 0.236014 0.294265 0.926124 0.384898 0.31622 -0.384863 0.867113 0.400795 -0.930002 -0.306262 0.203222 -0.504304 0.187352 -0.87068 -0.454769 0.485867 
1533578450479 0.168793 0.926429 -0.336508 -0.614916 -0.956915 0.235863 0.169358 -0.251443 0.236268 0.293423 0.926326 0.384854 0.31622 -0.384863 0.867113 0.400795 -0.930002 -0.306262 0.203222 -0.504304 0.187352 -0.87068 -0.454769 0.485867 
1533578450575 0.168756 0.926721 -0.335721 -0.61493 -0.956859 0.235763 0.169815 -0.251519 0.236522 0.29258 0.926528 0.384809 0.31622 -0.384863 0.867113 0.400795 -0.930002 -0.306262 0.203222 -0.504304 0.187352 -0.87068 -0.454769 0.485867 
1533578450661 0.16872 0.927013 -0.334934 -0.614944 -0.956802 0.235662 0.170272 -0.251594 0.236776 0.291737 0.926729 0.384764 0.31622 -0.384863 0.867113 0.400795 -0.930002 -0.306262 0.203222 -0.504304 0.187352 -0.87068 -0.454769 0.485867 
1533578450757 0.168684 0.927303 -0.334147 -0.614958 -0.956746 0.235561 0.170729 -0.25167 0.23703 0.290895 0.926929 0.384719 0.31622 -0.384863 0.867113 0.400795 -0.930002 -0.306262 0.203222 -0.504304 0.187352 -0.87068 -0.454769 0.485867 
1533578450840 0.168648 0.927593 -0.33336 -0.614973 -0.956689 0.235459 0.171186 -0.251746 0.237284 0.290051 0.927128 0.384674 0.31622 -0.384863 0.867113 0.400795 -0.930002 -0.306262 0.203222 -0.504304 0.187352 -0.87068 -0.454769 0.485867 
1533578450930 0.168612 0.927883 -0.332572 -0.614987 -0.956633 0.235357 0.171643 -0.251821 0.237538 0.289208 0.927327 0.38463 0.31622 -0.384863 0.867113 0.400795 -0.930002 -0.306262 0.203222 -0.504304 0.187352 -0.87068 -0.454769 0.485867 
1533578451026 0.168576 0.928171 -0.331784 -0.615002 -0.956576 0.235254 0.1721 -0.251897 0.237792 0.288365 0.927524 0.384585 0.31622 -0.384863 0.867113 0.400795 -0.930002 -0.306262 0.203222 -0.504304 0.187352 -0.87068 -0.454769 0.485867 
1533578451122 0.168663 0.927867 -0.332589 -0.615002 -0.956643 0.235384 0.171545 -0.251857 0.237458 0.289236 0.927338 0.384586 0.31622 -0.384863 0.867113 0.400795 -0.930002 -0.306262 0.203222 -0.504304 0.187352 -0.87068 -0.454769 0.485867 
1533578451135 0.168581 0.927933 -0.332448 -0.614981 -0.9566 0.235351 0.17183 -0.251876 0.237689 0.289052 0.927337 0.384636 0.31622 -0.384863 0.867113 0.400795 -0.930002 -0.306262 0.203222 -0.504304 0.187352 -0.87068 -0.454769 0.485867 
1533578451152 0.168499 0.927999 -0.332305 -0.61496 -0.956558 0.235316 0.172114 -0.251895 0.237918 0.288868 0.927335 0.384686 0.31622 -0.384863 0.867113 0.400795 -0.930002 -0.306262 0.203222 -0.504304 0.187352 -0.87068 -0.454769 0.485867 
1533578451169 0.168415 0.928065 -0.332163 -0.614939 -0.956515 0.235281 0.172398 -0.251914 0.238148 0.288684 0.927333 0.384736 0.31622 -0.384863 0.867113 0.400795 -0.930002 -0.306262 0.203222 -0.504304 0.187352 -0.87068 -0.454769 0.485867 
1533578451185 0.168333 0.928131 -0.33202 -0.614918 -0.956473 0.235247 0.172682 -0.251933 0.238378 0.2885 0.927331 0.384786 0.31622 -0.384863 0.867113 0.400795 -0.930002 -0.306262 0.203222 -0.504304 0.187352 -0.87068 -0.454769 0.485867 
1533578451202 0.16825 0.928197 -0.331878 -0.614897 -0.95643 0.235212 0.172966 -0.251952 0.238608 0.288316 0.927329 0.384837 0.31622 -0.384863 0.867113 0.400795 -0.930002 -0.306262 0.203222 -0.504304 0.187352 -0.87068 -0.454769 0.485867 
1533578451219 0.168167 0.928263 -0.331735 -0.614876 -0.956387 0.235177 0.17325 -0.251971 0.238838 0.288132 0.927327 0.384887 0.31622 -0.384863 0.867113 0.400795 -0.930002 -0.306262 0.203222 -0.504304 0.187352 -0.87068 -0.454769 0.485867 
1533578451236 0.168084 0.928329 -0.331593 -0.614855 -0.956344 0.235142 0.173534 -0.25199 0.239068 0.287948 0.927325 0.384937 0.31622 -0.384863 0.867113 0.400795 -0.930002 -0.306262 0.203222 -0.504304 0.187352 -0.87068 -0.454769 0.485867 
1533578451252 0.168002 0.928394 -0.33145 -0.614834 -0.956301 0.235107 0.173818 -0.252009 0.239298 0.287764 0.927323 0.384987 0.31622 -0.384863 0.867113 0.400795 -0.930002 -0.306262 0.203222 -0.504304 0.187352 -0.87068 -0.454769 0.485867 
1533578451286 0.167919 0.92846 -0.331307 -0.614813 -0.956258 0.235072 0.174102 -0.252028 0.239528 0.28758 0.927321 0.385037 0.31622 -0.384863 0.867113 0.400795 -0.930002 -0.306262 0.203222 -0.504304 0.187352 -0.87068 -0.454769 0.485867 
1533578451319 0.168198 0.928138 -0.332069 -0.614967 -0.956503 0.235121 0.172684 -0.251901 0.238351 0.28858 0.927314 0.384821 0.31622 -0.384863 0.867113 0.400795 -0.930002 -0.306262 0.203222 -0.504304 0.187352 -0.87068 -0.454769 0.485867 
1533578451332 0.168098 0.928193 -0.331965 -0.61493 -0.956507 0.235025 0.172793 -0.251913 0.238406 0.28848 0.92733 0.384861 0.31622 -0.384863 0.867113 0.400795 -0.930002 -0.306262 0.203222 -0.504304 0.187352 -0.87068 -0.454769 0.485867 
1533578451349 0.167999 0.928248 -0.33186 -0.614893 -0.956511 0.234929 0.172903 -0.251926 0.23846 0.28838 0.927348 0.384901 0.31622 -0.384863 0.867113 0.400795 -0.930002 -0.306262 0.203222 -0.504304 0.187352 -0.87068 -0.454769 0.485867 
1533578451366 0.1679 0.928304 -0.331756 -0.614856 -0.956515 0.234833 0.173012 -0.251939 0.238515 0.28828 0.927365 0.384942 0.31622 -0.384863 0.867113 0.400795 -0.930002 -0.306262 0.203222 -0.504304 0.187352 -0.87068 -0.454769 0.485867 
1533578451386 0.167801 0.928359 -0.331651 -0.614819 -0.956518 0.234738 0.173121 -0.251951 0.23857 0.28818 0.927382 0.384982 0.31622 -0.384863 0.867113 0.400795 -0.930002 -0.306262 0.203222 -0.504304 0.187352 -0.87068 -0.454769 0.485867 
1533578451403 0.167702 0.928414 -0.331546 -0.614781 -0.956522 0.234642 0.173231 -0.251964 0.238625 0.28808 0.927399 0.385022 0.31622 -0.384863 0.867113 0.400795 -0.930002 -0.306262 0.203222 -0.504304 0.187352 -0.87068 -0.454769 0.485867 
1533578451419 0.167604 0.928469 -0.331442 -0.614744 -0.956526 0.234546 0.17334 -0.251976 0.238679 0.28798 0.927416 0.385062 0.31622 -0.384863 0.867113 0.400795 -0.930002 -0.306262 0.203222 -0.504304 0.187352 -0.87068 -0.454769 0.485867 
1533578451436 0.167505 0.928525 -0.331337 -0.614707 -0.956529 0.234451 0.173449 -0.251989 0.238734 0.28788 0.927433 0.385102 0.31622 -0.384863 0.867113 0.400795 -0.930002 -0.306262 0.203222 -0.504304 0.187352 -0.87068 -0.454769 0.485867 
1533578451453 0.167405 0.92858 -0.331232 -0.61467 -0.956533 0.234354 0.173559 -0.252002 0.238789 0.28778 0.927449 0.385143 0.31622 -0.384863 0.867113 0.400795 -0.930002 -0.306262 0.203222 -0.504304 0.187352 -0.87068 -0.454769 0.485867 
1533578451469 0.167306 0.928635 -0.331127 -0.614633 -0.956537 0.234258 0.173669 -0.252014 0.238844 0.287679 0.927466 0.385183 0.31622 -0.384863 0.867113 0.400795 -0.930002 -0.306262 0.203222 -0.504304 0.187352 -0.87068 -0.454769 0.485867 
1533578451489 0.167893 0.928349 -0.331632 -0.614834 -0.956448 0.234885 0.173308 -0.252045 0.238785 0.288091 0.927354 0.384995 0.31622 -0.384863 0.867113 0.400795 -0.930002 -0.306262 0.203222 -0.504304 0.187352 -0.87068 -0.454769 0.485867 
1533578451503 0.167526 0.928245 -0.332108 -0.614756 -0.956442 0.234715 0.173571 -0.25217 0.239067 0.288564 0.927134 0.385085 0.31622 -0.384863 0.867113 0.400795 -0.930002 -0.306262 0.203222 -0.504304 0.187352 -0.87068 -0.454769 0.485867 
1533578451519 0.167159 0.928141 -0.332584 -0.614678 -0.956436 0.234546 0.173835 -0.252295 0.23935 0.289037 0.926914 0.385174 0.31622 -0.384863 0.867113 0.400795 -0.930002 -0.306262 0.203222 -0.504304 0.187352 -0.87068 -0.454769 0.485867 
1533578451536 0.166793 0.928036 -0.33306 -0.6146 -0.956429 0.234378 0.174099 -0.252421 0.239632 0.28951 0.926693 0.385264 0.31622 -0.384863 0.867113 0.400795 -0.930002 -0.306262 0.203222 -0.504304 0.187352 -0.87068 -0.454769 0.485867 
1533578451661 0.166426 0.927931 -0.333536 -0.614522 -0.956422 0.234209 0.174363 -0.252546 0.239914 0.289982 0.926473 0.385353 0.31622 -0.384863 0.867113 0.400795 -0.930002 -0.306262 0.203222 -0.504304 0.187352 -0.87068 -0.454769 0.485867 
1533578451682 0.166059 0.927826 -0.334011 -0.614444 -0.956415 0.234041 0.174627 -0.252671 0.240196 0.290455 0.926252 0.385443 0.31622 -0.384863 0.867113 0.400795 -0.930002 -0.306262 0.203222 -0.504304 0.187352 -0.87068 -0.454769 0.485867 
1533578451689 0.165692 0.92772 -0.334486 -0.614366 -0.956408 0.233872 0.174891 -0.252796 0.240477 0.290927 0.92603 0.385533 0.31622 -0.384863 0.867113 0.400795 -0.930002 -0.306262 0.203222 -0.504304 0.187352 -0.87068 -0.454769 0.485867 
1533578451803 0.165325 0.927614 -0.334961 -0.614288 -0.956401 0.233704 0.175156 -0.252921 0.240759 0.2914 0.925808 0.385622 0.31622 -0.384863 0.867113 0.400795 -0.930002 -0.306262 0.203222 -0.504304 0.187352 -0.87068 -0.454769 0.485867 
1533578451810 0.164958 0.927508 -0.335436 -0.61421 -0.956394 0.233536 0.17542 -0.253047 0.24104 0.291872 0.925586 0.385712 0.31622 -0.384863 0.867113 0.400795 -0.930002 -0.306262 0.203222 -0.504304 0.187352 -0.87068 -0.454769 0.485867 
1533578451896 0.164591 0.927401 -0.335912 -0.614132 -0.956386 0.233369 0.175684 -0.253172 0.241321 0.292345 0.925364 0.385801 0.31622 -0.384863 0.867113 0.400795 -0.930002 -0.306262 0.203222 -0.504304 0.187352 -0.87068 -0.454769 0.485867 
1533578451964 0.165298 0.927597 -0.335024 -0.614234 -0.956374 0.233729 0.175268 -0.253041 0.240883 0.291437 0.925764 0.385711 0.31622 -0.384863 0.867113 0.400795 -0.930002 -0.306262 0.203222 -0.504304 0.187352 -0.87068 -0.454769 0.485867 
1533578451977 0.16488 0.927649 -0.335085 -0.614169 -0.95643 0.233369 0.175443 -0.253221 0.240948 0.291558 0.925709 0.385669 0.31622 -0.384863 0.867113 0.400795 -0.930002 -0.306262 0.203222 -0.504304 0.187352 -0.87068 -0.454769 0.485867 
1533578451993 0.164462 0.927701 -0.335145 -0.614105 -0.956486 0.23301 0.175618 -0.253401 0.241013 0.291679 0.925654 0.385626 0.31622 -0.384863 0.867113 0.400795 -0.930002 -0.306262 0.203222 -0.504304 0.187352 -0.87068 -0.454769 0.485867 
1533578452096 0.164045 0.927754 -0.335205 -0.614041 -0.956541 0.23265 0.175793 -0.253581 0.241078 0.2918 0.925599 0.385584 0.31622 -0.384863 0.867113 0.400795 -0.930002 -0.306262 0.203222 -0.504304 0.187352 -0.87068 -0.454769 0.485867 
1533578452162 0.163627 0.927806 -0.335266 -0.613976 -0.956596 0.232291 0.175968 -0.253761 0.241143 0.291921 0.925544 0.385542 0.31622 -0.384863 0.867113 0.400795 -0.930002 -0.306262 0.203222 -0.504304 0.187352 -0.87068 -0.454769 0.485867 
1533578452235 0.163209 0.927857 -0.335326 -0.613912 -0.956651 0.231932 0.176143 -0.253941 0.241208 0.292041 0.925489 0.3855 0.31622 -0.384863 0.867113 0.400795 -0.930002 -0.306262 0.203222 -0.504304 0.187352 -0.87068 -0.454769 0.485867 
1533578452318 0.162791 0.92791 -0.335385 -0.613848 -0.956706 0.231572 0.176318 -0.254121 0.241273 0.292162 0.925434 0.385457 0.31622 -0.384863 0.867113 0.400795 -0.930002 -0.306262 0.203222 -0.504304 0.187352 -0.87068 -0.454769 0.485867 
1533578452379 0.162373 0.927961 -0.335445 -0.613784 -0.956761 0.231212 0.176493 -0.254302 0.241338 0.292283 0.925379 0.385415 0.31622 -0.384863 0.867113 0.400795 -0.930002 -0.306262 0.203222 -0.504304 0.187352 -0.87068 -0.454769 0.485867 
1533578452468 0.161955 0.928013 -0.335504 -0.613719 -0.956815 0.230853 0.176669 -0.254482 0.241403 0.292403 0.925324 0.385373 0.31622 -0.384863 0.867113 0.400795 -0.930002 -0.306262 0.203222 -0.504304 0.187352 -0.87068 -0.454769 0.485867 
1533578452529 0.161537 0.928064 -0.335564 -0.613655 -0.95687 0.230493 0.176844 -0.254662 0.241467 0.292524 0.925269 0.38533 0.31622 -0.384863 0.867113 0.400795 -0.930002 -0.306262 0.203222 -0.504304 0.187352 -0.87068 -0.454769 0.485867 
1533578452610 0.161861 0.928052 -0.335441 -0.613738 -0.95681 0.230778 0.176794 -0.254341 0.241487 0.292337 0.925323 0.385398 0.31622 -0.384863 0.867113 0.400795 -0.930002 -0.306262 0.203222 -0.504304 0.187352 -0.87068 -0.454769 0.485867 
1533578452623 0.161799 0.9281 -0.335336 -0.613674 -0.956839 0.230679 0.176769 -0.254432 0.241414 0.292262 0.925366 0.385348 0.31622 -0.384863 0.867113 0.400795 -0.930002 -0.306262 0.203222 -0.504304 0.187352 -0.87068 -0.454769 0.485867 
1533578452640 0.161737 0.928149 -0.335231 -0.61361 -0.956867 0.230578 0.176745 -0.254523 0.241343 0.292186 0.925409 0.385298 0.31622 -0.384863 0.867113 0.400795 -0.930002 -0.306262 0.203222 -0.504304 0.187352 -0.87068 -0.454769 0.485867 
1533578452656 0.161674 0.928198 -0.335126 -0.613546 -0.956896 0.230478 0.176721 -0.254615 0.241271 0.292109 0.925451 0.385249 0.31622 -0.384863 0.867113 0.400795 -0.930002 -0.306262 0.203222 -0.504304 0.187352 -0.87068 -0.454769 0.485867 
1533578452673 0.161612 0.928247 -0.33502 -0.613482 -0.956924 0.230377 0.176697 -0.254706 0.2412 0.292033 0.925494 0.385199 0.31622 -0.384863 0.867113 0.400795 -0.930002 -0.306262 0.203222 -0.504304 0.187352 -0.87068 -0.454769 0.485867 
1533578452690 0.161549 0.928296 -0.334915 -0.613419 -0.956953 0.230277 0.176673 -0.254797 0.241128 0.291956 0.925537 0.385149 0.31622 -0.384863 0.867113 0.400795 -0.930002 -0.306262 0.203222 -0.504304 0.187352 -0.87068 -0.454769 0.485867 
1533578452706 0.161487 0.928345 -0.33481 -0.613355 -0.956982 0.230177 0.176649 -0.254889 0.241057 0.29188 0.92558 0.385099 0.31622 -0.384863 0.867113 0.400795 -0.930002 -0.306262 0.203222 -0.504304 0.187352 -0.87068 -0.454769 0.485867 
1533578452748 0.161424 0.928394 -0.334704 -0.613291 -0.95701 0.230077 0.176625 -0.25498 0.240985 0.291804 0.925622 0.385049 0.31622 -0.384863 0.867113 0.400795 -0.930002 -0.306262 0.203222 -0.504304 0.187352 -0.87068 -0.454769 0.485867 
1533578452776 0.161362 0.928443 -0.334599 -0.613227 -0.957039 0.229976 0.176601 -0.255071 0.240914 0.291727 0.925665 0.385 0.31622 -0.384863 0.867113 0.400795 -0.930002 -0.306262 0.203222 -0.504304 0.187352 -0.87068 -0.454769 0.485867 
1533578452827 0.161299 0.928492 -0.334494 -0.613164 -0.957067 0.229876 0.176577 -0.255163 0.240842 0.291651 0.925708 0.38495 0.31622 -0.384863 0.867113 0.400795 -0.930002 -0.306262 0.203222 -0.504304 0.187352 -0.87068 -0.454769 0.485867 
1533578452847 0.161751 0.928338 -0.334702 -0.613385 -0.956919 0.230425 0.176664 -0.254893 0.241127 0.291707 0.925616 0.385199 0.31622 -0.384863 0.867113 0.400795 -0.930002 -0.306262 0.203222 -0.504304 0.187352 -0.87068 -0.454769 0.485867 
1533578452860 0.161676 0.928376 -0.334633 -0.613238 -0.956865 0.230422 0.176959 -0.254983 0.241391 0.291589 0.925584 0.38512 0.31622 -0.384863 0.867113 0.400795 -0.930002 -0.306262 0.203222 -0.504304 0.187352 -0.87068 -0.454769 0.485867 
1533578452877 0.161591 0.928417 -0.334559 -0.613088 -0.956815 0.230407 0.17725 -0.255078 0.241647 0.291469 0.925555 0.385039 0.31622 -0.384863 0.867113 0.400795 -0.930002 -0.306262 0.203222 -0.504304 0.187352 -0.87068 -0.454769 0.485867 
1533578452893 0.161507 0.928458 -0.334485 -0.612939 -0.956765 0.230392 0.177541 -0.255172 0.241902 0.291349 0.925526 0.384957 0.31622 -0.384863 0.867113 0.400795 -0.930002 -0.306262 0.203222 -0.504304 0.187352 -0.87068 -0.454769 0.485867 
1533578452910 0.161423 0.9285 -0.334411 -0.612789 -0.956714 0.230377 0.177832 -0.255266 0.242158 0.29123 0.925497 0.384876 0.31622 -0.384863 0.867113 0.400795 -0.930002 -0.306262 0.203222 -0.504304 0.187352 -0.87068 -0.454769 0.485867 
1533578452972 0.161338 0.928541 -0.334337 -0.61264 -0.956664 0.230361 0.178124 -0.255361 0.242414 0.29111 0.925468 0.384795 0.31622 -0.384863 0.867113 0.400795 -0.930002 -0.306262 0.203222 -0.504304 0.187352 -0.87068 -0.454769 0.485867 
1533578453025 0.161254 0.928583 -0.334263 -0.61249 -0.956613 0.230346 0.178416 -0.255455 0.24267 0.29099 0.925438 0.384714 0.31622 -0.384863 0.867113 0.400795 -0.930002 -0.306262 0.203222 -0.504304 0.187352 -0.87068 -0.454769 0.485867 
1533578453066 0.161169 0.928624 -0.334189 -0.612341 -0.956562 0.23033 0.178707 -0.255549 0.242925 0.29087 0.925409 0.384633 0.31622 -0.384863 0.867113 0.400795 -0.930002 -0.306262 0.203222 -0.504304 0.187352 -0.87068 -0.454769 0.485867 
1533578453099 0.161085 0.928665 -0.334114 -0.612191 -0.956512 0.230315 0.178998 -0.255644 0.243181 0.29075 0.92538 0.384551 0.31622 -0.384863 0.867113 0.400795 -0.930002 -0.306262 0.203222 -0.504304 0.187352 -0.87068 -0.454769 0.485867 
1533578453134 0.161 0.928707 -0.33404 -0.612042 -0.956461 0.230299 0.17929 -0.255738 0.243437 0.290631 0.92535 0.38447 0.31622 -0.384863 0.867113 0.400795 -0.930002 -0.306262 0.203222 -0.504304 0.187352 -0.87068 -0.454769 0.485867 
1533578453175 0.161454 0.928506 -0.334377 -0.612422 -0.956578 0.230557 0.178331 -0.255615 0.242674 0.291066 0.925413 0.3846 0.31622 -0.384863 0.867113 0.400795 -0.930002 -0.306262 0.203222 -0.504304 0.187352 -0.87068 -0.454769 0.485867 
1533578453188 0.161203 0.928613 -0.334201 -0.612233 -0.956556 0.230366 0.178698 -0.255678 0.24293 0.290875 0.925406 0.384563 0.31622 -0.384863 0.867113 0.400795 -0.930002 -0.306262 0.203222 -0.504304 0.187352 -0.87068 -0.454769 0.485867 
1533578453195 0.160953 0.928721 -0.334024 -0.612044 -0.956533 0.230175 0.179064 -0.255741 0.243185 0.290684 0.925399 0.384525 0.31622 -0.384863 0.867113 0.400795 -0.930002 -0.306262 0.203222 -0.504304 0.187352 -0.87068 -0.454769 0.485867 
1533578453209 0.160702 0.928828 -0.333847 -0.611855 -0.95651 0.229985 0.179431 -0.255804 0.24344 0.290493 0.925392 0.384488 0.31622 -0.384863 0.867113 0.400795 -0.930002 -0.306262 0.203222 -0.504304 0.187352 -0.87068 -0.454769 0.485867 
1533578453225 0.160452 0.928935 -0.333669 -0.611666 -0.956487 0.229794 0.179798 -0.255868 0.243696 0.290302 0.925385 0.384451 0.31622 -0.384863 0.867113 0.400795 -0.930002 -0.306262 0.203222 -0.504304 0.187352 -0.87068 -0.454769 0.485867 
1533578453263 0.160201 0.929042 -0.333492 -0.611477 -0.956464 0.229602 0.180165 -0.255931 0.243952 0.290111 0.925377 0.384413 0.31622 -0.384863 0.867113 0.400795 -0.930002 -0.306262 0.203222 -0.504304 0.187352 -0.87068 -0.454769 0.485867 
1533578453345 0.159951 0.929149 -0.333315 -0.611288 -0.956441 0.229411 0.180532 -0.255994 0.244207 0.28992 0.92537 0.384376 0.31622 -0.384863 0.867113 0.400795 -0.930002 -0.306262 0.203222 -0.504304 0.187352 -0.87068 -0.454769 0.485867 
1533578453381 0.1597 0.929255 -0.333137 -0.611099 -0.956417 0.22922 0.180899 -0.256057 0.244463 0.289729 0.925362 0.384339 0.31622 -0.384863 0.867113 0.400795 -0.930002 -0.306262 0.203222 -0.504304 0.187352 -0.87068 -0.454769 0.485867 
1533578453420 0.15945 0.929362 -0.33296 -0.61091 -0.956394 0.229029 0.181265 -0.25612 0.244719 0.289538 0.925354 0.384302 0.31622 -0.384863 0.867113 0.400795 -0.930002 -0.306262 0.203222 -0.504304 0.187352 -0.87068 -0.454769 0.485867 
1533578453463 0.159199 0.929469 -0.332782 -0.610721 -0.95637 0.228838 0.181632 -0.256183 0.244974 0.289347 0.925346 0.384264 0.31622 -0.384863 0.867113 0.400795 -0.930002 -0.306262 0.203222 -0.504304 0.187352 -0.87068 -0.454769 0.485867 
1533578453519 0.159692 0.92926 -0.333128 -0.611105 -0.956465 0.229156 0.180729 -0.256084 0.244282 0.289764 0.925399 0.38434 0.31622 -0.384863 0.867113 0.400795 -0.930002 -0.306262 0.203222 -0.504304 0.187352 -0.87068 -0.454769 0.485867 
1533578453532 0.159399 0.9293 -0.333156 -0.610929 -0.956484 0.228923 0.180924 -0.256118 0.2444 0.289819 0.925351 0.384354 0.31622 -0.384863 0.867113 0.400795 -0.930002 -0.306262 0.203222 -0.504304 0.187352 -0.87068 -0.454769 0.485867 
1533578453549 0.159108 0.92934 -0.333184 -0.610753 -0.956502 0.228692 0.181118 -0.256152 0.244517 0.289874 0.925302 0.384368 0.31622 -0.384863 0.867113 0.400795 -0.930002 -0.306262 0.203222 -0.504304 0.187352 -0.87068 -0.454769 0.485867 
1533578453566 0.158817 0.92938 -0.333212 -0.610578 -0.956521 0.228461 0.181312 -0.256187 0.244633 0.289929 0.925254 0.384381 0.31622 -0.384863 0.867113 0.400795 -0.930002 -0.306262 0.203222 -0.504304 0.187352 -0.87068 -0.454769 0.485867 
1533578453582 0.158526 0.92942 -0.33324 -0.610402 -0.956539 0.228229 0.181506 -0.256221 0.24475 0.289984 0.925206 0.384395 0.31622 -0.384863 0.867113 0.400795 -0.930002 -0.306262 0.203222 -0.504304 0.187352 -0.87068 -0.454769 0.485867 
1533578453590 0.158234 0.929459 -0.333268 -0.610226 -0.956557 0.227998 0.1817 -0.256255 0.244867 0.290039 0.925158 0.384409 0.31622 -0.384863 0.867113 0.400795 -0.930002 -0.306262 0.203222 -0.504304 0.187352 -0.87068 -0.454769 0.485867 
1533578453716 0.157943 0.929498 -0.333297 -0.61005 -0.956576 0.227767 0.181894 -0.256289 0.244984 0.290095 0.92511 0.384423 0.31622 -0.384863 0.867113 0.400795 -0.930002 -0.306262 0.203222 -0.504304 0.187352 -0.87068 -0.454769 0.485867 
1533578453723 0.157652 0.929538 -0.333324 -0.609874 -0.956594 0.227536 0.182088 -0.256323 0.245101 0.29015 0.925062 0.384437 0.31622 -0.384863 0.867113 0.400795 -0.930002 -0.306262 0.203222 -0.504304 0.187352 -0.87068 -0.454769 0.485867 
1533578453815 0.157361 0.929577 -0.333352 -0.609698 -0.956612 0.227305 0.182282 -0.256357 0.245218 0.290205 0.925013 0.38445 0.31622 -0.384863 0.867113 0.400795 -0.930002 -0.306262 0.203222 -0.504304 0.187352 -0.87068 -0.454769 0.485867 
1533578453875 0.15707 0.929617 -0.33338 -0.609522 -0.95663 0.227073 0.182476 -0.256391 0.245334 0.29026 0.924965 0.384464 0.31622 -0.384863 0.867113 0.400795 -0.930002 -0.306262 0.203222 -0.504304 0.187352 -0.87068 -0.454769 0.485867 
1533578453914 0.157637 0.929518 -0.333386 -0.609853 -0.956638 0.227484 0.181918 -0.256338 0.244936 0.290253 0.925073 0.38442 0.31622 -0.384863 0.867113 0.400795 -0.930002 -0.306262 0.203222 -0.504304 0.187352 -0.87068 -0.454769 0.485867 
1533578453928 0.157415 0.929453 -0.333672 -0.609697 -0.95667 0.227339 0.181935 -0.256331 0.244956 0.290574 0.924966 0.384441 0.31622 -0.384863 0.867113 0.400795 -0.930002 -0.306262 0.203222 -0.504304 0.187352 -0.87068 -0.454769 0.485867 
1533578453944 0.157194 0.929388 -0.333958 -0.609542 -0.956701 0.227194 0.181951 -0.256323 0.244977 0.290896 0.92486 0.384461 0.31622 -0.384863 0.867113 0.400795 -0.930002 -0.306262 0.203222 -0.504304 0.187352 -0.87068 -0.454769 0.485867 
1533578453961 0.156973 0.929323 -0.334244 -0.609385 -0.956732 0.22705 0.181968 -0.256316 0.244997 0.291218 0.924753 0.384482 0.31622 -0.384863 0.867113 0.400795 -0.930002 -0.306262 0.203222 -0.504304 0.187352 -0.87068 -0.454769 0.485867 
1533578454055 0.156751 0.929257 -0.33453 -0.60923 -0.956763 0.226905 0.181984 -0.256308 0.245017 0.29154 0.924647 0.384502 0.31622 -0.384863 0.867113 0.400795 -0.930002 -0.306262 0.203222 -0.504304 0.187352 -0.87068 -0.454769 0.485867 
1533578454112 0.15653 0.929191 -0.334816 -0.609074 -0.956794 0.22676 0.182001 -0.256301 0.245037 0.291861 0.92454 0.384523 0.31622 -0.384863 0.867113 0.400795 -0.930002 -0.306262 0.203222 -0.504304 0.187352 -0.87068 -0.454769 0.485867 
1533578454175 0.156309 0.929126 -0.335102 -0.608918 -0.956825 0.226616 0.182018 -0.256294 0.245056 0.292183 0.924433 0.384544 0.31622 -0.384863 0.867113 0.400795 -0.930002 -0.306262 0.203222 -0.504304 0.187352 -0.87068 -0.454769 0.485867 
1533578454240 0.156087 0.92906 -0.335387 -0.608762 -0.956857 0.226471 0.182034 -0.256286 0.245076 0.292504 0.924326 0.384564 0.31622 -0.384863 0.867113 0.400795 -0.930002 -0.306262 0.203222 -0.504304 0.187352 -0.87068 -0.454769 0.485867 
1533578454309 0.155866 0.928994 -0.335673 -0.608606 -0.956888 0.226326 0.182051 -0.256279 0.245096 0.292826 0.924219 0.384585 0.31622 -0.384863 0.867113 0.400795 -0.930002 -0.306262 0.203222 -0.504304 0.187352 -0.87068 -0.454769 0.485867 
1533578454356 0.155644 0.928928 -0.335959 -0.60845 -0.956919 0.226182 0.182068 -0.256272 0.245116 0.293147 0.924112 0.384605 0.31622 -0.384863 0.867113 0.400795 -0.930002 -0.306262 0.203222 -0.504304 0.187352 -0.87068 -0.454769 0.485867 
1533578454428 0.155854 0.929103 -0.335375 -0.608687 -0.956872 0.226277 0.182192 -0.25622 0.245163 0.292516 0.9243 0.384666 0.31622 -0.384863 0.867113 0.400795 -0.930002 -0.306262 0.203222 -0.504304 0.187352 -0.87068 -0.454769 0.485867 
1533578454442 0.155634 0.929128 -0.335409 -0.608568 -0.956847 0.226152 0.182481 -0.256232 0.245402 0.292534 0.92423 0.384653 0.31622 -0.384863 0.867113 0.400795 -0.930002 -0.306262 0.203222 -0.504304 0.187352 -0.87068 -0.454769 0.485867 
1533578454458 0.155414 0.92915 -0.33545 -0.608446 -0.956821 0.226028 0.182769 -0.256247 0.245641 0.292561 0.924159 0.384638 0.31622 -0.384863 0.867113 0.400795 -0.930002 -0.306262 0.203222 -0.504304 0.187352 -0.87068 -0.454769 0.485867 
1533578454475 0.155194 0.929172 -0.335492 -0.608324 -0.956796 0.225904 0.183056 -0.256261 0.24588 0.292588 0.924086 0.384624 0.31622 -0.384863 0.867113 0.400795 -0.930002 -0.306262 0.203222 -0.504304 0.187352 -0.87068 -0.454769 0.485867 
1533578454491 0.154975 0.929193 -0.335533 -0.608203 -0.95677 0.22578 0.183344 -0.256275 0.246119 0.292614 0.924014 0.38461 0.31622 -0.384863 0.867113 0.400795 -0.930002 -0.306262 0.203222 -0.504304 0.187352 -0.87068 -0.454769 0.485867 
1533578454508 0.154755 0.929215 -0.335574 -0.608081 -0.956744 0.225656 0.183632 -0.25629 0.246358 0.292641 0.923942 0.384595 0.31622 -0.384863 0.867113 0.400795 -0.930002 -0.306262 0.203222 -0.504304 0.187352 -0.87068 -0.454769 0.485867 
1533578454553 0.154535 0.929237 -0.335615 -0.60796 -0.956718 0.225532 0.183919 -0.256304 0.246596 0.292667 0.92387 0.384581 0.31622 -0.384863 0.867113 0.400795 -0.930002 -0.306262 0.203222 -0.504304 0.187352 -0.87068 -0.454769 0.485867 
1533578454621 0.154315 0.929259 -0.335657 -0.607838 -0.956692 0.225407 0.184207 -0.256318 0.246835 0.292694 0.923798 0.384567 0.31622 -0.384863 0.867113 0.400795 -0.930002 -0.306262 0.203222 -0.504304 0.187352 -0.87068 -0.454769 0.485867 
1533578454647 0.154095 0.92928 -0.335698 -0.607716 -0.956666 0.225283 0.184495 -0.256332 0.247074 0.292721 0.923726 0.384553 0.31622 -0.384863 0.867113 0.400795 -0.930002 -0.306262 0.203222 -0.504304 0.187352 -0.87068 -0.454769 0.485867 
1533578454653 0.153875 0.929302 -0.335739 -0.607595 -0.956639 0.225159 0.184782 -0.256347 0.247313 0.292747 0.923653 0.384538 0.31622 -0.384863 0.867113 0.400795 -0.930002 -0.306262 0.203222 -0.504304 0.187352 -0.87068 -0.454769 0.485867 
1533578454733 0.154395 0.9293 -0.335505 -0.607908 -0.956679 0.225452 0.18422 -0.256234 0.246836 0.292528 0.92385 0.3846 0.31622 -0.384863 0.867113 0.400795 -0.930002 -0.306262 0.203222 -0.504304 0.187352 -0.87068 -0.454769 0.485867 
1533578454744 0.154267 0.92942 -0.335232 -0.607805 -0.956722 0.225253 0.184242 -0.256255 0.24675 0.292301 0.923945 0.384542 0.31622 -0.384863 0.867113 0.400795 -0.930002 -0.306262 0.203222 -0.504304 0.187352 -0.87068 -0.454769 0.485867 
1533578454760 0.15414 0.92954 -0.334958 -0.607702 -0.956764 0.225054 0.184264 -0.256276 0.246664 0.292073 0.92404 0.384485 0.31622 -0.384863 0.867113 0.400795 -0.930002 -0.306262 0.203222 -0.504304 0.187352 -0.87068 -0.454769 0.485867 
1533578454777 0.154013 0.929659 -0.334684 -0.607599 -0.956807 0.224855 0.184287 -0.256297 0.246579 0.291845 0.924135 0.384427 0.31622 -0.384863 0.867113 0.400795 -0.930002 -0.306262 0.203222 -0.504304 0.187352 -0.87068 -0.454769 0.485867 
1533578454879 0.153885 0.929779 -0.33441 -0.607495 -0.956849 0.224655 0.184309 -0.256318 0.246494 0.291618 0.924229 0.384369 0.31622 -0.384863 0.867113 0.400795 -0.930002 -0.306262 0.203222 -0.504304 0.187352 -0.87068 -0.454769 0.485867 
1533578454885 0.153757 0.929899 -0.334136 -0.607392 -0.956891 0.224456 0.184333 -0.256338 0.246409 0.291389 0.924324 0.384312 0.31622 -0.384863 0.867113 0.400795 -0.930002 -0.306262 0.203222 -0.504304 0.187352 -0.87068 -0.454769 0.485867 
1533578454916 0.15363 0.930018 -0.333862 -0.607289 -0.956934 0.224256 0.184355 -0.256359 0.246324 0.291161 0.924419 0.384254 0.31622 -0.384863 0.867113 0.400795 -0.930002 -0.306262 0.203222 -0.504304 0.187352 -0.87068 -0.454769 0.485867 
1533578454958 0.153502 0.930138 -0.333587 -0.607186 -0.956976 0.224057 0.184378 -0.25638 0.246239 0.290933 0.924513 0.384196 0.31622 -0.384863 0.867113 0.400795 -0.930002 -0.306262 0.203222 -0.504304 0.187352 -0.87068 -0.454769 0.485867 
1533578455013 0.153375 0.930257 -0.333313 -0.607083 -0.957018 0.223858 0.1844 -0.256401 0.246154 0.290705 0.924607 0.384139 0.31622 -0.384863 0.867113 0.400795 -0.930002 -0.306262 0.203222 -0.504304 0.187352 -0.87068 -0.454769 0.485867 
1533578455030 0.153247 0.930376 -0.333039 -0.606979 -0.957061 0.223658 0.184422 -0.256422 0.246069 0.290477 0.924702 0.384081 0.31622 -0.384863 0.867113 0.400795 -0.930002 -0.306262 0.203222 -0.504304 0.187352 -0.87068 -0.454769 0.485867 
1533578455058 0.153783 0.930044 -0.333721 -0.607288 -0.956948 0.224326 0.184196 -0.256409 0.246172 0.291028 0.924501 0.384332 0.31622 -0.384863 0.867113 0.400795 -0.930002 -0.306262 0.203222 -0.504304 0.187352 -0.87068 -0.454769 0.485867 
1533578455071 0.153757 0.930078 -0.333638 -0.607193 -0.957048 0.224171 0.183863 -0.25641 0.245799 0.291038 0.924597 0.38426 0.31622 -0.384863 0.867113 0.400795 -0.930002 -0.306262 0.203222 -0.504304 0.187352 -0.87068 -0.454769 0.485867 
1533578455088 0.153731 0.930111 -0.333557 -0.607098 -0.957149 0.224017 0.183528 -0.256411 0.245424 0.29105 0.924693 0.384188 0.31622 -0.384863 0.867113 0.400795 -0.930002 -0.306262 0.203222 -0.504304 0.187352 -0.87068 -0.454769 0.485867 
1533578455104 0.153704 0.930145 -0.333475 -0.607002 -0.957249 0.223862 0.183194 -0.256412 0.24505 0.291061 0.924789 0.384115 0.31622 -0.384863 0.867113 0.400795 -0.930002 -0.306262 0.203222 -0.504304 0.187352 -0.87068 -0.454769 0.485867 
1533578455121 0.153677 0.930179 -0.333393 -0.606907 -0.957349 0.223707 0.18286 -0.256414 0.244675 0.291072 0.924884 0.384043 0.31622 -0.384863 0.867113 0.400795 -0.930002 -0.306262 0.203222 -0.504304 0.187352 -0.87068 -0.454769 0.485867 
1533578455128 0.153651 0.930212 -0.333311 -0.606812 -0.957449 0.223552 0.182526 -0.256415 0.2443 0.291083 0.92498 0.383971 0.31622 -0.384863 0.867113 0.400795 -0.930002 -0.306262 0.203222 -0.504304 0.187352 -0.87068 -0.454769 0.485867 
1533578455201 0.153624 0.930246 -0.333229 -0.606716 -0.957549 0.223397 0.182192 -0.256416 0.243926 0.291094 0.925075 0.383899 0.31622 -0.384863 0.867113 0.400795 -0.930002 -0.306262 0.203222 -0.504304 0.187352 -0.87068 -0.454769 0.485867 
1533578455234 0.153598 0.93028 -0.333148 -0.606621 -0.957649 0.223243 0.181857 -0.256417 0.243551 0.291106 0.925171 0.383827 0.31622 -0.384863 0.867113 0.400795 -0.930002 -0.306262 0.203222 -0.504304 0.187352 -0.87068 -0.454769 0.485867 
1533578455261 0.153571 0.930313 -0.333066 -0.606526 -0.957748 0.223088 0.181523 -0.256418 0.243176 0.291117 0.925266 0.383754 0.31622 -0.384863 0.867113 0.400795 -0.930002 -0.306262 0.203222 -0.504304 0.187352 -0.87068 -0.454769 0.485867 
1533578455285 0.153544 0.930347 -0.332984 -0.60643 -0.957847 0.222933 0.181188 -0.256419 0.242801 0.291127 0.925361 0.383682 0.31622 -0.384863 0.867113 0.400795 -0.930002 -0.306262 0.203222 -0.504304 0.187352 -0.87068 -0.454769 0.485867 
1533578455313 0.153574 0.930226 -0.333309 -0.606758 -0.957545 0.22338 0.182233 -0.256369 0.243972 0.291172 0.925039 0.383905 0.31622 -0.384863 0.867113 0.400795 -0.930002 -0.306262 0.203222 -0.504304 0.187352 -0.87068 -0.454769 0.485867 
1533578455327 0.153595 0.930232 -0.333283 -0.606673 -0.957649 0.223266 0.181825 -0.256359 0.24355 0.291241 0.925128 0.383886 0.31622 -0.384863 0.867113 0.400795 -0.930002 -0.306262 0.203222 -0.504304 0.187352 -0.87068 -0.454769 0.485867 
1533578455343 0.153615 0.930238 -0.333256 -0.606589 -0.957753 0.223151 0.181417 -0.256349 0.243127 0.291308 0.925218 0.383867 0.31622 -0.384863 0.867113 0.400795 -0.930002 -0.306262 0.203222 -0.504304 0.187352 -0.87068 -0.454769 0.485867 
1533578455360 0.153635 0.930245 -0.333229 -0.606504 -0.957857 0.223036 0.181009 -0.256338 0.242705 0.291376 0.925308 0.383848 0.31622 -0.384863 0.867113 0.400795 -0.930002 -0.306262 0.203222 -0.504304 0.187352 -0.87068 -0.454769 0.485867 
1533578455377 0.153655 0.930251 -0.333201 -0.606419 -0.957961 0.222921 0.180601 -0.256328 0.242282 0.291444 0.925397 0.383829 0.31622 -0.384863 0.867113 0.400795 -0.930002 -0.306262 0.203222 -0.504304 0.187352 -0.87068 -0.454769 0.485867 
1533578455393 0.153676 0.930257 -0.333175 -0.606334 -0.958065 0.222806 0.180193 -0.256318 0.241859 0.291512 0.925486 0.383809 0.31622 -0.384863 0.867113 0.400795 -0.930002 -0.306262 0.203222 -0.504304 0.187352 -0.87068 -0.454769 0.485867 
1533578455423 0.153696 0.930263 -0.333148 -0.606249 -0.958168 0.222691 0.179785 -0.256307 0.241437 0.291579 0.925575 0.38379 0.31622 -0.384863 0.867113 0.400795 -0.930002 -0.306262 0.203222 -0.504304 0.187352 -0.87068 -0.454769 0.485867 
1533578455498 0.153716 0.93027 -0.333121 -0.606165 -0.958271 0.222577 0.179377 -0.256297 0.241014 0.291647 0.925664 0.383771 0.31622 -0.384863 0.867113 0.400795 -0.930002 -0.306262 0.203222 -0.504304 0.187352 -0.87068 -0.454769 0.485867 
