1534166679324 0.293355 0.90432 -0.310078 -0.548441 -0.944415 0.32448 0.0528412 -0.219833 0.148399 0.277341 0.949242 0.35348 0.16008 -0.304787 0.938871 0.370831 -0.775623 0.549475 0.310623 -0.528794 -0.61056 -0.777934 -0.14844 0.432481 
1534166679336 0.291283 0.903509 -0.314364 -0.553157 -0.944668 0.323484 0.0544113 -0.221188 0.150853 0.281121 0.947742 0.354311 0.316241 -0.38488 0.867098 0.400864 -0.930001 -0.306251 0.203246 -0.504429 0.187325 -0.870677 -0.454788 0.485926 
1534166679343 0.289246 0.902667 -0.318636 -0.557703 -0.944912 0.322515 0.0559005 -0.222406 0.153224 0.284914 0.946228 0.354928 0.316241 -0.38488 0.867098 0.400864 -0.930001 -0.306251 0.203246 -0.504429 0.187325 -0.870677 -0.454788 0.485926 
1534166680168 0.287199 0.901806 -0.322898 -0.562246 -0.945151 0.321553 0.0573927 -0.223621 0.155586 0.288704 0.944692 0.355543 0.316241 -0.38488 0.867098 0.400864 -0.930001 -0.306251 0.203246 -0.504429 0.187325 -0.870677 -0.454788 0.485926 
1534166680573 0.285142 0.900925 -0.327151 -0.566783 -0.945384 0.320596 0.0588877 -0.224833 0.157937 0.292492 0.943136 0.356154 0.316241 -0.38488 0.867098 0.400864 -0.930001 -0.306251 0.203246 -0.504429 0.187325 -0.870677 -0.454788 0.485926 
1534166680983 0.283074 0.900026 -0.331395 -0.571316 -0.945611 0.319646 0.0603853 -0.226043 0.160277 0.296277 0.941558 0.356761 0.316241 -0.38488 0.867098 0.400864 -0.930001 -0.306251 0.203246 -0.504429 0.187325 -0.870677 -0.454788 0.485926 
1534166680989 0.280996 0.899107 -0.33563 -0.575844 -0.945833 0.318701 0.0618854 -0.227249 0.162607 0.30006 0.939959 0.357365 0.316241 -0.38488 0.867098 0.400864 -0.930001 -0.306251 0.203246 -0.504429 0.187325 -0.870677 -0.454788 0.485926 
1534166681569 0.278904 0.898171 -0.339856 -0.580385 -0.946049 0.31776 0.0633978 -0.228467 0.164935 0.303839 0.938338 0.357991 0.316241 -0.38488 0.867098 0.400864 -0.930001 -0.306251 0.203246 -0.504429 0.187325 -0.870677 -0.454788 0.485926 
1534166681989 0.276795 0.897217 -0.344073 -0.584945 -0.94626 0.316822 0.0649225 -0.229698 0.16726 0.307613 0.936696 0.358636 0.316241 -0.38488 0.867098 0.400864 -0.930001 -0.306251 0.203246 -0.504429 0.187325 -0.870677 -0.454788 0.485926 
1534166682412 0.274739 0.896179 -0.348397 -0.588946 -0.946449 0.315956 0.0663806 -0.230644 0.169567 0.311503 0.934993 0.359433 0.316531 -0.385118 0.866887 0.401814 -0.929976 -0.306103 0.20358 -0.50615 0.186955 -0.870623 -0.455042 0.486735 
1534166682823 0.275287 0.896056 -0.348282 -0.58865 -0.946342 0.316368 0.0659445 -0.230737 0.169275 0.31144 0.935067 0.359195 0.316531 -0.385118 0.866887 0.401814 -0.929976 -0.306103 0.20358 -0.50615 0.186955 -0.870623 -0.455042 0.486735 
1534166682834 0.275016 0.895976 -0.348702 -0.589195 -0.946374 0.316229 0.0661484 -0.230881 0.169537 0.31181 0.934897 0.359267 0.316221 -0.384863 0.867113 0.400797 -0.930002 -0.306262 0.203223 -0.504308 0.187351 -0.87068 -0.45477 0.485869 
1534166682962 0.274743 0.895897 -0.34912 -0.58974 -0.946406 0.31609 0.0663533 -0.231025 0.169799 0.31218 0.934726 0.359339 0.316221 -0.384863 0.867113 0.400797 -0.930002 -0.306262 0.203223 -0.504308 0.187351 -0.87068 -0.45477 0.485869 
1534166683097 0.27447 0.895817 -0.349539 -0.590285 -0.946438 0.31595 0.0665582 -0.23117 0.170061 0.312549 0.934555 0.359412 0.316221 -0.384863 0.867113 0.400797 -0.930002 -0.306262 0.203223 -0.504308 0.187351 -0.87068 -0.45477 0.485869 
1534166683238 0.274198 0.895737 -0.349958 -0.59083 -0.94647 0.315812 0.0667627 -0.231314 0.170323 0.312919 0.934383 0.359484 0.316221 -0.384863 0.867113 0.400797 -0.930002 -0.306262 0.203223 -0.504308 0.187351 -0.87068 -0.45477 0.485869 
1534166683380 0.273925 0.895657 -0.350376 -0.591374 -0.946502 0.315672 0.0669679 -0.231458 0.170584 0.313288 0.934212 0.359556 0.316221 -0.384863 0.867113 0.400797 -0.930002 -0.306262 0.203223 -0.504308 0.187351 -0.87068 -0.45477 0.485869 
1534166683522 0.273652 0.895577 -0.350795 -0.591919 -0.946534 0.315534 0.0671728 -0.231602 0.170846 0.313657 0.93404 0.359629 0.316221 -0.384863 0.867113 0.400797 -0.930002 -0.306262 0.203223 -0.504308 0.187351 -0.87068 -0.45477 0.485869 
1534166683529 0.273379 0.895496 -0.351213 -0.592464 -0.946566 0.315395 0.0673778 -0.231747 0.171107 0.314026 0.933868 0.359701 0.316221 -0.384863 0.867113 0.400797 -0.930002 -0.306262 0.203223 -0.504308 0.187351 -0.87068 -0.45477 0.485869 
1534166683738 0.273105 0.895416 -0.351631 -0.593009 -0.946597 0.315256 0.0675828 -0.231891 0.171369 0.314396 0.933696 0.359773 0.316221 -0.384863 0.867113 0.400797 -0.930002 -0.306262 0.203223 -0.504308 0.187351 -0.87068 -0.45477 0.485869 
1534166683891 0.272832 0.895335 -0.352049 -0.593554 -0.946629 0.315117 0.067788 -0.232035 0.17163 0.314765 0.933524 0.359845 0.316221 -0.384863 0.867113 0.400797 -0.930002 -0.306262 0.203223 -0.504308 0.187351 -0.87068 -0.45477 0.485869 
1534166684054 0.272971 0.895374 -0.35184 -0.593244 -0.946622 0.315171 0.0676334 -0.231967 0.171447 0.314598 0.933613 0.359754 0.316221 -0.384863 0.867113 0.400797 -0.930002 -0.306262 0.203223 -0.504308 0.187351 -0.87068 -0.45477 0.485869 
1534166684067 0.273402 0.89531 -0.351668 -0.593283 -0.946541 0.315484 0.067307 -0.231994 0.171206 0.314467 0.933702 0.359662 0.31622 -0.384863 0.867113 0.400795 -0.930002 -0.306262 0.203222 -0.504305 0.187352 -0.87068 -0.454769 0.485867 
1534166684084 0.273832 0.895247 -0.351496 -0.593326 -0.94646 0.315795 0.06698 -0.232023 0.170964 0.314335 0.93379 0.359569 0.31622 -0.384863 0.867113 0.400795 -0.930002 -0.306262 0.203222 -0.504304 0.187351 -0.87068 -0.454769 0.485867 
1534166684101 0.274263 0.895183 -0.351323 -0.593369 -0.946379 0.316107 0.0666531 -0.232051 0.170722 0.314204 0.933879 0.359477 0.31622 -0.384863 0.867113 0.400795 -0.930002 -0.306262 0.203222 -0.504304 0.187351 -0.87068 -0.454769 0.485867 
1534166684195 0.274693 0.895119 -0.35115 -0.593411 -0.946298 0.316418 0.0663262 -0.232079 0.17048 0.314073 0.933967 0.359384 0.31622 -0.384863 0.867113 0.400795 -0.930002 -0.306262 0.203222 -0.504304 0.187351 -0.87068 -0.454769 0.485867 
1534166684201 0.275123 0.895055 -0.350976 -0.593454 -0.946217 0.31673 0.0659996 -0.232108 0.170238 0.313942 0.934056 0.359291 0.31622 -0.384863 0.867113 0.400795 -0.930002 -0.306262 0.203222 -0.504304 0.187351 -0.87068 -0.454769 0.485867 
1534166684243 0.275553 0.89499 -0.350803 -0.593498 -0.946135 0.317041 0.065673 -0.232137 0.169996 0.31381 0.934144 0.359198 0.31622 -0.384863 0.867113 0.400795 -0.930002 -0.306262 0.203222 -0.504304 0.187351 -0.87068 -0.454769 0.485867 
1534166684268 0.275983 0.894926 -0.350629 -0.593541 -0.946053 0.317353 0.0653463 -0.232166 0.169753 0.313679 0.934232 0.359106 0.31622 -0.384863 0.867113 0.400795 -0.930002 -0.306262 0.203222 -0.504304 0.187351 -0.87068 -0.454769 0.485867 
1534166684314 0.276413 0.894861 -0.350456 -0.593583 -0.945971 0.317664 0.0650196 -0.232194 0.169511 0.313549 0.93432 0.359013 0.31622 -0.384863 0.867113 0.400795 -0.930002 -0.306262 0.203222 -0.504304 0.187351 -0.87068 -0.454769 0.485867 
1534166684345 0.276843 0.894797 -0.350281 -0.593627 -0.945889 0.317976 0.0646933 -0.232223 0.169268 0.313417 0.934408 0.35892 0.31622 -0.384863 0.867113 0.400795 -0.930002 -0.306262 0.203222 -0.504304 0.187351 -0.87068 -0.454769 0.485867 
1534166684386 0.275642 0.895004 -0.350699 -0.59345 -0.946089 0.317154 0.0657897 -0.232188 0.170108 0.313658 0.934174 0.359229 0.31622 -0.384863 0.867113 0.400795 -0.930002 -0.306262 0.203222 -0.504304 0.187351 -0.87068 -0.454769 0.485867 
1534166684398 0.27612 0.895302 -0.349559 -0.593528 -0.946064 0.317309 0.0653988 -0.23221 0.16947 0.312648 0.934629 0.359153 0.31622 -0.384863 0.867113 0.400795 -0.930002 -0.306262 0.203222 -0.504304 0.187351 -0.87068 -0.454769 0.485867 
1534166684432 0.276596 0.8956 -0.348418 -0.59361 -0.946039 0.317464 0.0650098 -0.232235 0.168833 0.311636 0.935082 0.359077 0.31622 -0.384863 0.867113 0.400795 -0.930002 -0.306262 0.203222 -0.504304 0.187351 -0.87068 -0.454769 0.485867 
1534166684566 0.277071 0.895897 -0.347276 -0.593692 -0.946014 0.317619 0.064621 -0.23226 0.168195 0.310623 0.935534 0.359 0.31622 -0.384863 0.867113 0.400795 -0.930002 -0.306262 0.203222 -0.504304 0.187351 -0.87068 -0.454769 0.485867 
1534166684689 0.277545 0.896192 -0.346133 -0.593775 -0.945988 0.317775 0.0642324 -0.232284 0.167557 0.30961 0.935984 0.358923 0.31622 -0.384863 0.867113 0.400795 -0.930002 -0.306262 0.203222 -0.504304 0.187351 -0.87068 -0.454769 0.485867 
1534166684815 0.278019 0.896486 -0.34499 -0.593856 -0.945962 0.317931 0.0638438 -0.232309 0.166918 0.308597 0.936433 0.358847 0.31622 -0.384863 0.867113 0.400795 -0.930002 -0.306262 0.203222 -0.504304 0.187351 -0.87068 -0.454769 0.485867 
1534166684937 0.278492 0.896779 -0.343846 -0.593939 -0.945935 0.318088 0.0634556 -0.232334 0.166279 0.307584 0.93688 0.35877 0.31622 -0.384863 0.867113 0.400795 -0.930002 -0.306262 0.203222 -0.504304 0.187351 -0.87068 -0.454769 0.485867 
1534166684944 0.278964 0.89707 -0.342701 -0.594021 -0.945908 0.318245 0.0630675 -0.232358 0.165639 0.30657 0.937325 0.358693 0.31622 -0.384863 0.867113 0.400795 -0.930002 -0.306262 0.203222 -0.504304 0.187351 -0.87068 -0.454769 0.485867 
1534166685133 0.279435 0.897361 -0.341555 -0.594104 -0.945881 0.318402 0.0626797 -0.232383 0.164998 0.305556 0.937769 0.358616 0.31622 -0.384863 0.867113 0.400795 -0.930002 -0.306262 0.203222 -0.504304 0.187351 -0.87068 -0.454769 0.485867 
1534166685260 0.279906 0.897649 -0.340409 -0.594186 -0.945854 0.318559 0.0622919 -0.232407 0.164357 0.304542 0.938212 0.35854 0.31622 -0.384863 0.867113 0.400795 -0.930002 -0.306262 0.203222 -0.504304 0.187351 -0.87068 -0.454769 0.485867 
1534166685393 0.279606 0.897425 -0.341246 -0.594121 -0.945869 0.31847 0.0625146 -0.232405 0.164779 0.305294 0.937893 0.358547 0.31622 -0.384863 0.867113 0.400795 -0.930002 -0.306262 0.203222 -0.504304 0.187351 -0.87068 -0.454769 0.485867 
1534166685406 0.279632 0.897441 -0.341183 -0.594131 -0.945848 0.318515 0.062603 -0.232414 0.164855 0.305201 0.93791 0.358562 0.31622 -0.384863 0.867113 0.400795 -0.930002 -0.306262 0.203222 -0.504304 0.187351 -0.87068 -0.45477 0.485867 
1534166685422 0.279658 0.897457 -0.34112 -0.594146 -0.945827 0.31856 0.0626918 -0.232425 0.16493 0.305108 0.937927 0.358575 0.31622 -0.384863 0.867113 0.400795 -0.930002 -0.306262 0.203222 -0.504304 0.187351 -0.87068 -0.45477 0.485867 
1534166685439 0.279684 0.897473 -0.341056 -0.59416 -0.945807 0.318604 0.0627805 -0.232436 0.165006 0.305014 0.937944 0.358589 0.31622 -0.384863 0.867113 0.400795 -0.930002 -0.306262 0.203222 -0.504304 0.187351 -0.87068 -0.45477 0.485867 
1534166685456 0.27971 0.897489 -0.340993 -0.594175 -0.945786 0.318649 0.0628692 -0.232447 0.165081 0.304921 0.937961 0.358602 0.31622 -0.384863 0.867113 0.400795 -0.930002 -0.306262 0.203222 -0.504304 0.187351 -0.87068 -0.45477 0.485867 
1534166685472 0.279736 0.897505 -0.34093 -0.594189 -0.945765 0.318693 0.0629578 -0.232458 0.165157 0.304828 0.937978 0.358616 0.31622 -0.384863 0.867113 0.400795 -0.930002 -0.306262 0.203222 -0.504304 0.187351 -0.87068 -0.45477 0.485867 
1534166685489 0.279762 0.897521 -0.340866 -0.594204 -0.945744 0.318737 0.0630466 -0.232469 0.165232 0.304734 0.937995 0.358629 0.31622 -0.384863 0.867113 0.400795 -0.930002 -0.306262 0.203222 -0.504304 0.187351 -0.87068 -0.45477 0.485867 
1534166685506 0.279788 0.897537 -0.340803 -0.594218 -0.945723 0.318782 0.0631352 -0.23248 0.165308 0.304641 0.938012 0.358643 0.31622 -0.384863 0.867113 0.400795 -0.930002 -0.306262 0.203222 -0.504304 0.187351 -0.87068 -0.45477 0.485867 
1534166685522 0.279813 0.897553 -0.340739 -0.594233 -0.945702 0.318826 0.0632241 -0.232492 0.165384 0.304547 0.93803 0.358656 0.31622 -0.384863 0.867113 0.400795 -0.930002 -0.306262 0.203222 -0.504304 0.187351 -0.87068 -0.45477 0.485867 
1534166685539 0.279839 0.897569 -0.340676 -0.594247 -0.945681 0.31887 0.0633127 -0.232503 0.165459 0.304454 0.938046 0.35867 0.31622 -0.384863 0.867113 0.400795 -0.930002 -0.306262 0.203222 -0.504304 0.187351 -0.87068 -0.45477 0.485867 
1534166685559 0.279712 0.897481 -0.341011 -0.594219 -0.94582 0.318588 0.0626652 -0.232384 0.164883 0.305006 0.937968 0.358571 0.31622 -0.384863 0.867113 0.400795 -0.930002 -0.306262 0.203222 -0.504304 0.187351 -0.87068 -0.45477 0.485867 
1534166685572 0.27977 0.897438 -0.341079 -0.594231 -0.9458 0.318651 0.0626342 -0.232381 0.164895 0.305069 0.937946 0.358596 0.31622 -0.384863 0.867113 0.400795 -0.930002 -0.306262 0.203222 -0.504304 0.187351 -0.87068 -0.45477 0.485867 
1534166685589 0.279829 0.897393 -0.341148 -0.594241 -0.945781 0.318715 0.062601 -0.232373 0.164907 0.305134 0.937923 0.358625 0.31622 -0.384863 0.867113 0.400795 -0.930002 -0.306262 0.203222 -0.504304 0.187351 -0.87068 -0.45477 0.485867 
1534166685606 0.279887 0.897348 -0.341217 -0.59425 -0.945762 0.318779 0.0625681 -0.232366 0.164918 0.305198 0.9379 0.358652 0.31622 -0.384863 0.867113 0.400795 -0.930002 -0.306262 0.203222 -0.504304 0.187351 -0.87068 -0.45477 0.485867 
1534166685623 0.279946 0.897304 -0.341286 -0.594259 -0.945742 0.318843 0.0625352 -0.232359 0.16493 0.305262 0.937877 0.35868 0.31622 -0.384863 0.867113 0.400795 -0.930002 -0.306262 0.203222 -0.504304 0.187351 -0.87068 -0.45477 0.485867 
1534166685639 0.280005 0.897259 -0.341355 -0.594267 -0.945723 0.318907 0.0625023 -0.232352 0.164941 0.305326 0.937854 0.358708 0.31622 -0.384863 0.867113 0.400795 -0.930002 -0.306262 0.203222 -0.504304 0.187351 -0.87068 -0.45477 0.485867 
1534166685656 0.280064 0.897215 -0.341423 -0.594277 -0.945703 0.318971 0.0624695 -0.232346 0.164953 0.30539 0.937831 0.358736 0.31622 -0.384863 0.867113 0.400795 -0.930002 -0.306262 0.203222 -0.504304 0.187351 -0.87068 -0.45477 0.485867 
1534166685685 0.280122 0.89717 -0.341492 -0.594285 -0.945684 0.319035 0.0624365 -0.232338 0.164964 0.305454 0.937808 0.358764 0.31622 -0.384863 0.867113 0.400795 -0.930002 -0.306262 0.203222 -0.504304 0.187351 -0.87068 -0.45477 0.485867 
1534166685711 0.280181 0.897126 -0.341561 -0.594295 -0.945665 0.319099 0.0624038 -0.232332 0.164976 0.305518 0.937786 0.358791 0.31622 -0.384863 0.867113 0.400795 -0.930002 -0.306262 0.203222 -0.504304 0.187351 -0.87068 -0.45477 0.485867 
1534166685728 0.28024 0.897081 -0.34163 -0.594304 -0.945645 0.319163 0.062371 -0.232325 0.164987 0.305582 0.937763 0.358819 0.31622 -0.384863 0.867113 0.400795 -0.930002 -0.306262 0.203222 -0.504304 0.187351 -0.87068 -0.45477 0.485867 
1534166685755 0.280155 0.897221 -0.341331 -0.594268 -0.94565 0.3191 0.0626213 -0.232464 0.165104 0.305236 0.937855 0.358674 0.31622 -0.384863 0.867113 0.400795 -0.930002 -0.306262 0.203222 -0.504304 0.187351 -0.87068 -0.45477 0.485867 
1534166685768 0.280132 0.897152 -0.341532 -0.594268 -0.945639 0.319125 0.0626577 -0.232467 0.165205 0.305413 0.937779 0.358712 0.31622 -0.384863 0.867113 0.400795 -0.930002 -0.306262 0.203222 -0.504304 0.187351 -0.87068 -0.45477 0.485867 
1534166685785 0.28011 0.897082 -0.341734 -0.594264 -0.945628 0.31915 0.0626931 -0.232467 0.165305 0.305593 0.937703 0.358751 0.31622 -0.384863 0.867113 0.400795 -0.930002 -0.306262 0.203222 -0.504304 0.187351 -0.87068 -0.45477 0.485867 
1534166685801 0.280087 0.897012 -0.341936 -0.59426 -0.945617 0.319175 0.0627285 -0.232467 0.165406 0.305772 0.937627 0.35879 0.31622 -0.384863 0.867113 0.400795 -0.930002 -0.306262 0.203222 -0.504304 0.187351 -0.87068 -0.45477 0.485867 
1534166685818 0.280064 0.896942 -0.342139 -0.594255 -0.945606 0.319201 0.0627639 -0.232467 0.165507 0.305951 0.937551 0.35883 0.31622 -0.384863 0.867113 0.400795 -0.930002 -0.306262 0.203222 -0.504304 0.187351 -0.87068 -0.45477 0.485867 
1534166685835 0.280042 0.896872 -0.342341 -0.59425 -0.945596 0.319226 0.0627992 -0.232467 0.165607 0.30613 0.937475 0.358869 0.31622 -0.384863 0.867113 0.400795 -0.930002 -0.306262 0.203222 -0.504304 0.187351 -0.87068 -0.45477 0.485867 
1534166685852 0.280019 0.896802 -0.342543 -0.594246 -0.945585 0.319251 0.0628348 -0.232468 0.165708 0.306309 0.937398 0.358908 0.31622 -0.384863 0.867113 0.400795 -0.930002 -0.306262 0.203222 -0.504304 0.187351 -0.87068 -0.45477 0.485867 
1534166685868 0.279996 0.896732 -0.342746 -0.594241 -0.945574 0.319277 0.0628701 -0.232467 0.165808 0.306488 0.937322 0.358948 0.31622 -0.384863 0.867113 0.400795 -0.930002 -0.306262 0.203222 -0.504304 0.187351 -0.87068 -0.45477 0.485867 
1534166685934 0.279973 0.896661 -0.342948 -0.594237 -0.945563 0.319302 0.0629055 -0.232468 0.165909 0.306667 0.937246 0.358987 0.31622 -0.384863 0.867113 0.400795 -0.930002 -0.306262 0.203222 -0.504304 0.187351 -0.87068 -0.45477 0.485867 
1534166685957 0.279951 0.896591 -0.34315 -0.594233 -0.945552 0.319327 0.062941 -0.232468 0.166009 0.306846 0.937169 0.359026 0.31622 -0.384863 0.867113 0.400795 -0.930002 -0.306262 0.203222 -0.504304 0.187351 -0.87068 -0.45477 0.485867 
1534166685976 0.279827 0.896841 -0.342596 -0.594312 -0.94564 0.319076 0.062886 -0.23241 0.165713 0.306376 0.937376 0.358804 0.31622 -0.384863 0.867113 0.400795 -0.930002 -0.306262 0.203222 -0.504304 0.187351 -0.87068 -0.45477 0.485867 
1534166685990 0.279793 0.896839 -0.342629 -0.594312 -0.945632 0.319081 0.0629912 -0.232412 0.165819 0.306376 0.937357 0.358812 0.31622 -0.384863 0.867113 0.400795 -0.930002 -0.306262 0.203222 -0.504304 0.187351 -0.87068 -0.45477 0.485867 
1534166685996 0.279759 0.896838 -0.342662 -0.594311 -0.945624 0.319085 0.0630959 -0.232416 0.165925 0.306378 0.937338 0.35882 0.31622 -0.384863 0.867113 0.400795 -0.930002 -0.306262 0.203222 -0.504304 0.187351 -0.87068 -0.45477 0.485867 
1534166686010 0.279725 0.896836 -0.342695 -0.59431 -0.945615 0.319089 0.0632002 -0.232418 0.16603 0.306379 0.937318 0.358828 0.31622 -0.384863 0.867113 0.400795 -0.930002 -0.306262 0.203222 -0.504304 0.187351 -0.87068 -0.45477 0.485867 
1534166686027 0.27969 0.896834 -0.342728 -0.594309 -0.945607 0.319093 0.0633052 -0.232423 0.166136 0.30638 0.937299 0.358835 0.31622 -0.384863 0.867113 0.400795 -0.930002 -0.306262 0.203222 -0.504304 0.187351 -0.87068 -0.45477 0.485867 
1534166686043 0.279656 0.896832 -0.342761 -0.594309 -0.945598 0.319097 0.0634097 -0.232426 0.166242 0.306381 0.93728 0.358842 0.31622 -0.384863 0.867113 0.400795 -0.930002 -0.306262 0.203222 -0.504304 0.187351 -0.87068 -0.45477 0.485867 
1534166686060 0.279622 0.89683 -0.342794 -0.594308 -0.94559 0.319101 0.0635142 -0.23243 0.166347 0.306382 0.937261 0.35885 0.31622 -0.384863 0.867113 0.400795 -0.930002 -0.306262 0.203222 -0.504304 0.187351 -0.87068 -0.45477 0.485867 
1534166686077 0.279587 0.896828 -0.342826 -0.594307 -0.945582 0.319105 0.0636187 -0.232433 0.166453 0.306383 0.937242 0.358858 0.31622 -0.384863 0.867113 0.400795 -0.930002 -0.306262 0.203222 -0.504304 0.187351 -0.87068 -0.45477 0.485867 
1534166686093 0.279552 0.896827 -0.342859 -0.594307 -0.945573 0.319109 0.0637238 -0.232438 0.166559 0.306384 0.937223 0.358865 0.31622 -0.384863 0.867113 0.400795 -0.930002 -0.306262 0.203222 -0.504304 0.187351 -0.87068 -0.45477 0.485867 
1534166686110 0.279518 0.896825 -0.342892 -0.594306 -0.945565 0.319113 0.0638284 -0.232442 0.166664 0.306385 0.937204 0.358872 0.31622 -0.384863 0.867113 0.400795 -0.930002 -0.306262 0.203222 -0.504304 0.187351 -0.87068 -0.45477 0.485867 
1534166686134 0.279922 0.896652 -0.343016 -0.594289 -0.945552 0.319306 0.0630452 -0.232469 0.166057 0.306692 0.937212 0.358952 0.31622 -0.384863 0.867113 0.400795 -0.930002 -0.306262 0.203222 -0.504304 0.187351 -0.87068 -0.45477 0.485867 
1534166686147 0.280128 0.896644 -0.342869 -0.594298 -0.945543 0.319395 0.0627372 -0.232442 0.165763 0.306623 0.937286 0.358949 0.31622 -0.384863 0.867113 0.400795 -0.930002 -0.306262 0.203222 -0.504304 0.187351 -0.87068 -0.45477 0.485867 
1534166686163 0.280334 0.896635 -0.342723 -0.594306 -0.945533 0.319484 0.0624283 -0.232412 0.16547 0.306555 0.93736 0.358948 0.31622 -0.384863 0.867113 0.400795 -0.930002 -0.306262 0.203222 -0.504304 0.187351 -0.87068 -0.45477 0.485867 
1534166686180 0.28054 0.896626 -0.342577 -0.594313 -0.945523 0.319573 0.0621192 -0.232382 0.165176 0.306487 0.937434 0.358947 0.31622 -0.384863 0.867113 0.400795 -0.930002 -0.306262 0.203222 -0.504304 0.187351 -0.87068 -0.45477 0.485867 
1534166686281 0.280746 0.896618 -0.34243 -0.594321 -0.945513 0.319662 0.0618105 -0.232352 0.164882 0.306419 0.937508 0.358945 0.31622 -0.384863 0.867113 0.400795 -0.930002 -0.306262 0.203222 -0.504304 0.187351 -0.87068 -0.45477 0.485867 
1534166686299 0.280952 0.896609 -0.342284 -0.594328 -0.945503 0.319751 0.0615012 -0.232322 0.164588 0.306352 0.937581 0.358944 0.31622 -0.384863 0.867113 0.400795 -0.930002 -0.306262 0.203222 -0.504304 0.187351 -0.87068 -0.45477 0.485867 
1534166686315 0.281158 0.8966 -0.342138 -0.594336 -0.945493 0.319841 0.0611924 -0.232292 0.164295 0.306284 0.937655 0.358942 0.31622 -0.384863 0.867113 0.400795 -0.930002 -0.306262 0.203222 -0.504304 0.187351 -0.87068 -0.45477 0.485867 
1534166686335 0.281364 0.896591 -0.341992 -0.594343 -0.945483 0.31993 0.0608833 -0.232261 0.164001 0.306217 0.937728 0.358941 0.31622 -0.384863 0.867113 0.400795 -0.930002 -0.306262 0.203222 -0.504304 0.187351 -0.87068 -0.45477 0.485867 
1534166686387 0.28157 0.896582 -0.341846 -0.59435 -0.945473 0.320019 0.0605744 -0.232232 0.163707 0.30615 0.937802 0.35894 0.31622 -0.384863 0.867113 0.400795 -0.930002 -0.306262 0.203222 -0.504304 0.187351 -0.87068 -0.45477 0.485867 
1534166686414 0.281776 0.896574 -0.341699 -0.594358 -0.945462 0.320108 0.0602656 -0.232202 0.163413 0.306082 0.937875 0.358938 0.31622 -0.384863 0.867113 0.400795 -0.930002 -0.306262 0.203222 -0.504304 0.187351 -0.87068 -0.45477 0.485867 
1534166686448 0.281046 0.896507 -0.342475 -0.594352 -0.945463 0.319876 0.0614719 -0.232292 0.164659 0.306521 0.937514 0.358879 0.31622 -0.384863 0.867113 0.400795 -0.930002 -0.306262 0.203222 -0.504304 0.187351 -0.87068 -0.45477 0.485867 
1534166686460 0.28107 0.896493 -0.342491 -0.594355 -0.945475 0.319865 0.0613488 -0.232287 0.164549 0.306573 0.937516 0.358908 0.31622 -0.384863 0.867113 0.400795 -0.930002 -0.306262 0.203222 -0.504304 0.187351 -0.87068 -0.45477 0.485867 
1534166686476 0.281096 0.896478 -0.342509 -0.594354 -0.945487 0.319854 0.0612237 -0.232276 0.164439 0.306628 0.937518 0.358941 0.31622 -0.384863 0.867113 0.400795 -0.930002 -0.306262 0.203222 -0.504304 0.187351 -0.87068 -0.45477 0.485867 
1534166686494 0.281122 0.896463 -0.342527 -0.594351 -0.945498 0.319844 0.0610985 -0.232266 0.164328 0.306683 0.937519 0.358974 0.31622 -0.384863 0.867113 0.400795 -0.930002 -0.306262 0.203222 -0.504304 0.187351 -0.87068 -0.45477 0.485867 
1534166686510 0.281148 0.896448 -0.342545 -0.594351 -0.94551 0.319834 0.0609739 -0.232257 0.164217 0.306737 0.937521 0.359005 0.31622 -0.384863 0.867113 0.400795 -0.930002 -0.306262 0.203222 -0.504304 0.187351 -0.87068 -0.45477 0.485867 
1534166686526 0.281174 0.896433 -0.342563 -0.594348 -0.945521 0.319823 0.060849 -0.232247 0.164107 0.306791 0.937522 0.359038 0.31622 -0.384863 0.867113 0.400795 -0.930002 -0.306262 0.203222 -0.504304 0.187351 -0.87068 -0.45477 0.485867 
1534166686543 0.281199 0.896418 -0.342581 -0.594346 -0.945533 0.319813 0.0607241 -0.232238 0.163996 0.306846 0.937524 0.35907 0.31622 -0.384863 0.867113 0.400795 -0.930002 -0.306262 0.203222 -0.504304 0.187351 -0.87068 -0.45477 0.485867 
1534166686573 0.281225 0.896403 -0.342599 -0.594345 -0.945544 0.319802 0.0605994 -0.232229 0.163885 0.3069 0.937525 0.359102 0.31622 -0.384863 0.867113 0.400795 -0.930002 -0.306262 0.203222 -0.504304 0.187351 -0.87068 -0.45477 0.485867 
1534166686590 0.281251 0.896388 -0.342617 -0.594344 -0.945556 0.319792 0.0604747 -0.232219 0.163775 0.306955 0.937527 0.359134 0.31622 -0.384863 0.867113 0.400795 -0.930002 -0.306262 0.203222 -0.504304 0.187351 -0.87068 -0.45477 0.485867 
1534166686606 0.281276 0.896373 -0.342635 -0.594341 -0.945567 0.319782 0.0603497 -0.232209 0.163664 0.307009 0.937528 0.359166 0.31622 -0.384863 0.867113 0.400795 -0.930002 -0.306262 0.203222 -0.504304 0.187351 -0.87068 -0.45477 0.485867 
1534166686631 0.281468 0.896374 -0.342475 -0.594374 -0.945441 0.320081 0.0607358 -0.232245 0.164062 0.306695 0.937562 0.358962 0.31622 -0.384863 0.867113 0.400795 -0.930002 -0.306262 0.203222 -0.504304 0.187351 -0.87068 -0.45477 0.485867 
1534166686643 0.281558 0.896401 -0.34233 -0.594382 -0.945509 0.319979 0.0602169 -0.232213 0.163517 0.306722 0.937648 0.358968 0.31622 -0.384863 0.867113 0.400795 -0.930002 -0.306262 0.203222 -0.504304 0.187351 -0.87068 -0.45477 0.485867 
1534166686659 0.281649 0.896428 -0.342184 -0.59439 -0.945576 0.319879 0.0596968 -0.232178 0.162971 0.306748 0.937735 0.358975 0.31622 -0.384863 0.867113 0.400795 -0.930002 -0.306262 0.203222 -0.504304 0.187351 -0.87068 -0.45477 0.485867 
1534166686676 0.281741 0.896455 -0.342039 -0.594397 -0.945643 0.319778 0.0591764 -0.232142 0.162426 0.306775 0.937821 0.358983 0.31622 -0.384863 0.867113 0.400795 -0.930002 -0.306262 0.203222 -0.504304 0.187351 -0.87068 -0.45477 0.485867 
1534166686692 0.281832 0.896482 -0.341894 -0.594403 -0.945709 0.319678 0.0586559 -0.232106 0.16188 0.306801 0.937906 0.358991 0.31622 -0.384863 0.867113 0.400795 -0.930002 -0.306262 0.203222 -0.504304 0.187351 -0.87068 -0.45477 0.485867 
1534166686742 0.281923 0.896508 -0.341749 -0.594409 -0.945775 0.319577 0.0581354 -0.232069 0.161334 0.306828 0.937991 0.358999 0.31622 -0.384863 0.867113 0.400795 -0.930002 -0.306262 0.203222 -0.504304 0.187351 -0.87068 -0.45477 0.485867 
1534166686749 0.282014 0.896535 -0.341603 -0.594415 -0.945841 0.319477 0.0576151 -0.232034 0.160788 0.306854 0.938077 0.359006 0.31622 -0.384863 0.867113 0.400795 -0.930002 -0.306262 0.203222 -0.504304 0.187351 -0.87068 -0.45477 0.485867 
1534166686796 0.282105 0.896562 -0.341458 -0.594421 -0.945906 0.319376 0.0570945 -0.231998 0.160242 0.306881 0.938161 0.359015 0.31622 -0.384863 0.867113 0.400795 -0.930002 -0.306262 0.203222 -0.504304 0.187351 -0.87068 -0.45477 0.485867 
1534166686801 0.282196 0.896589 -0.341312 -0.594427 -0.945972 0.319276 0.0565742 -0.231963 0.159697 0.306907 0.938246 0.359022 0.31622 -0.384863 0.867113 0.400795 -0.930002 -0.306262 0.203222 -0.504304 0.187351 -0.87068 -0.45477 0.485867 
1534166686854 0.282287 0.896616 -0.341167 -0.594434 -0.946037 0.319175 0.0560538 -0.231928 0.159151 0.306933 0.93833 0.35903 0.31622 -0.384863 0.867113 0.400795 -0.930002 -0.306262 0.203222 -0.504304 0.187351 -0.87068 -0.45477 0.485867 
1534166686892 0.281925 0.896554 -0.341628 -0.59443 -0.945868 0.319394 0.0576345 -0.231987 0.160786 0.306886 0.938067 0.358961 0.31622 -0.384863 0.867113 0.400795 -0.930002 -0.306262 0.203222 -0.504304 0.187351 -0.87068 -0.45477 0.485867 
1534166686906 0.281779 0.896591 -0.34165 -0.594417 -0.945859 0.319356 0.057981 -0.231999 0.161093 0.306815 0.938037 0.358963 0.31622 -0.384863 0.867113 0.400795 -0.930002 -0.306262 0.203222 -0.504304 0.187351 -0.87068 -0.45477 0.485867 
1534166686922 0.28163 0.89663 -0.341672 -0.594406 -0.945851 0.319317 0.05833 -0.232015 0.161402 0.306743 0.938007 0.358962 0.31622 -0.384863 0.867113 0.400795 -0.930002 -0.306262 0.203222 -0.504304 0.187351 -0.87068 -0.45477 0.485867 
1534166686939 0.281481 0.896668 -0.341693 -0.594396 -0.945842 0.319279 0.0586787 -0.232031 0.161711 0.306671 0.937978 0.358962 0.31622 -0.384863 0.867113 0.400795 -0.930002 -0.306262 0.203222 -0.504304 0.187351 -0.87068 -0.45477 0.485867 
1534166687046 0.281333 0.896707 -0.341715 -0.594386 -0.945834 0.31924 0.0590275 -0.232047 0.162019 0.306599 0.937948 0.358962 0.31622 -0.384863 0.867113 0.400795 -0.930002 -0.306262 0.203222 -0.504304 0.187351 -0.87068 -0.45477 0.485867 
1534166687062 0.281184 0.896745 -0.341736 -0.594375 -0.945825 0.319201 0.059376 -0.232062 0.162328 0.306527 0.937918 0.358962 0.31622 -0.384863 0.867113 0.400795 -0.930002 -0.306262 0.203222 -0.504304 0.187351 -0.87068 -0.45477 0.485867 
1534166687069 0.281036 0.896784 -0.341758 -0.594366 -0.945816 0.319162 0.0597248 -0.232078 0.162636 0.306455 0.937888 0.358961 0.31622 -0.384863 0.867113 0.400795 -0.930002 -0.306262 0.203222 -0.504304 0.187351 -0.87068 -0.45477 0.485867 
1534166687100 0.280887 0.896822 -0.341779 -0.594355 -0.945807 0.319124 0.0600734 -0.232093 0.162945 0.306383 0.937858 0.358961 0.31622 -0.384863 0.867113 0.400795 -0.930002 -0.306262 0.203222 -0.504304 0.187351 -0.87068 -0.45477 0.485867 
1534166687130 0.280739 0.89686 -0.3418 -0.594346 -0.945798 0.319085 0.0604222 -0.232109 0.163253 0.306311 0.937828 0.358961 0.31622 -0.384863 0.867113 0.400795 -0.930002 -0.306262 0.203222 -0.504304 0.187351 -0.87068 -0.45477 0.485867 
1534166687156 0.28059 0.896899 -0.341821 -0.594335 -0.945789 0.319046 0.0607708 -0.232124 0.163562 0.306239 0.937798 0.358961 0.31622 -0.384863 0.867113 0.400795 -0.930002 -0.306262 0.203222 -0.504304 0.187351 -0.87068 -0.45477 0.485867 
1534166687185 0.281004 0.896766 -0.341831 -0.594379 -0.945893 0.31901 0.0593179 -0.232035 0.162242 0.306667 0.937888 0.358959 0.31622 -0.384863 0.867113 0.400795 -0.930002 -0.306262 0.203222 -0.504304 0.187351 -0.87068 -0.45477 0.485867 
1534166687199 0.281012 0.896759 -0.341841 -0.594377 -0.945892 0.319015 0.0593038 -0.232038 0.162234 0.306679 0.937885 0.358965 0.31622 -0.384863 0.867113 0.400795 -0.930002 -0.306262 0.203222 -0.504304 0.187351 -0.87068 -0.45477 0.485867 
1534166687205 0.28102 0.896752 -0.341852 -0.594371 -0.945892 0.31902 0.059288 -0.232038 0.162224 0.306694 0.937882 0.358976 0.31622 -0.384863 0.867113 0.400795 -0.930002 -0.306262 0.203222 -0.504304 0.187351 -0.87068 -0.45477 0.485867 
1534166687219 0.281027 0.896746 -0.341864 -0.594365 -0.945891 0.319025 0.0592724 -0.232038 0.162215 0.306709 0.937878 0.358985 0.31622 -0.384863 0.867113 0.400795 -0.930002 -0.306262 0.203222 -0.504304 0.187351 -0.87068 -0.45477 0.485867 
1534166687236 0.281035 0.896739 -0.341875 -0.594358 -0.94589 0.31903 0.0592568 -0.232038 0.162206 0.306723 0.937875 0.358994 0.31622 -0.384863 0.867113 0.400795 -0.930002 -0.306262 0.203222 -0.504304 0.187351 -0.87068 -0.45477 0.485867 
1534166687253 0.281043 0.896732 -0.341887 -0.594351 -0.945889 0.319035 0.0592411 -0.232038 0.162197 0.306738 0.937872 0.359004 0.31622 -0.384863 0.867113 0.400795 -0.930002 -0.306262 0.203222 -0.504304 0.187351 -0.87068 -0.45477 0.485867 
1534166687269 0.28105 0.896725 -0.341898 -0.594346 -0.945889 0.31904 0.0592257 -0.232039 0.162189 0.306752 0.937869 0.359013 0.31622 -0.384863 0.867113 0.400795 -0.930002 -0.306262 0.203222 -0.504304 0.187351 -0.87068 -0.45477 0.485867 
1534166687318 0.281058 0.896718 -0.34191 -0.594339 -0.945888 0.319045 0.05921 -0.232038 0.16218 0.306767 0.937865 0.359022 0.31622 -0.384863 0.867113 0.400795 -0.930002 -0.306262 0.203222 -0.504304 0.187351 -0.87068 -0.45477 0.485867 
1534166687335 0.281066 0.896712 -0.341921 -0.594333 -0.945887 0.31905 0.0591945 -0.232039 0.162171 0.306782 0.937862 0.359031 0.31622 -0.384863 0.867113 0.400795 -0.930002 -0.306262 0.203222 -0.504304 0.187351 -0.87068 -0.45477 0.485867 
1534166687351 0.281073 0.896705 -0.341933 -0.594327 -0.945887 0.319055 0.059179 -0.232039 0.162162 0.306796 0.937859 0.35904 0.31622 -0.384863 0.867113 0.400795 -0.930002 -0.306262 0.203222 -0.504304 0.187351 -0.87068 -0.45477 0.485867 
1534166687376 0.280898 0.896791 -0.341852 -0.594366 -0.945868 0.319017 0.059674 -0.232087 0.162572 0.306585 0.937857 0.359006 0.31622 -0.384863 0.867113 0.400795 -0.930002 -0.306262 0.203222 -0.504304 0.187351 -0.87068 -0.45477 0.485867 
1534166687388 0.280813 0.896793 -0.341917 -0.594358 -0.945856 0.319012 0.0598953 -0.232108 0.162789 0.306585 0.937819 0.359012 0.31622 -0.384863 0.867113 0.400795 -0.930002 -0.306262 0.203222 -0.504304 0.187351 -0.87068 -0.45477 0.485867 
1534166687405 0.280726 0.896795 -0.341981 -0.594351 -0.945844 0.319005 0.0601183 -0.232133 0.163008 0.306584 0.937782 0.359016 0.31622 -0.384863 0.867113 0.400795 -0.930002 -0.306262 0.203222 -0.504304 0.187351 -0.87068 -0.45477 0.485867 
1534166687421 0.28064 0.896798 -0.342046 -0.594344 -0.945832 0.318999 0.0603416 -0.232158 0.163226 0.306584 0.937744 0.359019 0.31622 -0.384863 0.867113 0.400795 -0.930002 -0.306262 0.203222 -0.504304 0.187351 -0.87068 -0.45477 0.485867 
1534166687438 0.280553 0.8968 -0.34211 -0.594338 -0.94582 0.318992 0.0605649 -0.232183 0.163445 0.306583 0.937706 0.359022 0.31622 -0.384863 0.867113 0.400795 -0.930002 -0.306262 0.203222 -0.504304 0.187351 -0.87068 -0.45477 0.485867 
1534166687492 0.280467 0.896803 -0.342174 -0.594331 -0.945808 0.318986 0.0607878 -0.232207 0.163663 0.306582 0.937668 0.359027 0.31622 -0.384863 0.867113 0.400795 -0.930002 -0.306262 0.203222 -0.504304 0.187351 -0.87068 -0.45477 0.485867 
1534166687506 0.28038 0.896806 -0.342238 -0.594325 -0.945796 0.318979 0.0610112 -0.232233 0.163882 0.306581 0.93763 0.35903 0.31622 -0.384863 0.867113 0.400795 -0.930002 -0.306262 0.203222 -0.504304 0.187351 -0.87068 -0.45477 0.485867 
1534166687523 0.280294 0.896808 -0.342302 -0.594318 -0.945784 0.318973 0.0612341 -0.232257 0.1641 0.30658 0.937592 0.359034 0.31622 -0.384863 0.867113 0.400795 -0.930002 -0.306262 0.203222 -0.504304 0.187351 -0.87068 -0.45477 0.485867 
1534166687540 0.280207 0.896811 -0.342366 -0.594313 -0.945771 0.318966 0.0614574 -0.232282 0.164319 0.306579 0.937555 0.359037 0.31622 -0.384863 0.867113 0.400795 -0.930002 -0.306262 0.203222 -0.504304 0.187351 -0.87068 -0.45477 0.485867 
1534166687556 0.28012 0.896813 -0.34243 -0.594306 -0.945759 0.31896 0.0616804 -0.232307 0.164537 0.306578 0.937516 0.359041 0.31622 -0.384863 0.867113 0.400795 -0.930002 -0.306262 0.203222 -0.504304 0.187351 -0.87068 -0.45477 0.485867 
1534166687576 0.280488 0.896827 -0.342094 -0.594336 -0.94583 0.318947 0.0606446 -0.232136 0.163498 0.306553 0.937707 0.359037 0.31622 -0.384863 0.867113 0.400795 -0.930002 -0.306262 0.203222 -0.504304 0.187351 -0.87068 -0.45477 0.485867 
1534166687590 0.280563 0.89687 -0.34192 -0.594338 -0.945844 0.318938 0.0604738 -0.232128 0.163288 0.306436 0.937781 0.35903 0.31622 -0.384863 0.867113 0.400795 -0.930002 -0.306262 0.203222 -0.504304 0.187351 -0.87068 -0.45477 0.485867 
1534166687606 0.280638 0.896913 -0.341744 -0.594346 -0.945858 0.318929 0.0603029 -0.23212 0.163079 0.306318 0.937857 0.359022 0.31622 -0.384863 0.867113 0.400795 -0.930002 -0.306262 0.203222 -0.504304 0.187351 -0.87068 -0.45477 0.485867 
1534166687623 0.280713 0.896957 -0.341567 -0.594353 -0.945872 0.31892 0.0601322 -0.232113 0.162869 0.306199 0.937932 0.359014 0.31622 -0.384863 0.867113 0.400795 -0.930002 -0.306262 0.203222 -0.504304 0.187351 -0.87068 -0.45477 0.485867 
1534166687640 0.280788 0.897001 -0.341391 -0.59436 -0.945886 0.318911 0.0599615 -0.232106 0.162659 0.30608 0.938007 0.359005 0.31622 -0.384863 0.867113 0.400795 -0.930002 -0.306262 0.203222 -0.504304 0.187351 -0.87068 -0.45477 0.485867 
1534166687656 0.280862 0.897045 -0.341214 -0.594368 -0.9459 0.318902 0.0597909 -0.2321 0.162449 0.305962 0.938082 0.358997 0.31622 -0.384863 0.867113 0.400795 -0.930002 -0.306262 0.203222 -0.504304 0.187351 -0.87068 -0.45477 0.485867 
1534166687702 0.280937 0.897088 -0.341038 -0.594375 -0.945914 0.318893 0.0596201 -0.232092 0.162239 0.305843 0.938157 0.358989 0.31622 -0.384863 0.867113 0.400795 -0.930002 -0.306262 0.203222 -0.504304 0.187351 -0.87068 -0.45477 0.485867 
1534166687719 0.281012 0.897132 -0.340862 -0.594381 -0.945928 0.318884 0.0594494 -0.232085 0.162029 0.305725 0.938232 0.358981 0.31622 -0.384863 0.867113 0.400795 -0.930002 -0.306262 0.203222 -0.504304 0.187351 -0.87068 -0.45477 0.485867 
1534166687736 0.281086 0.897176 -0.340685 -0.594389 -0.945941 0.318874 0.0592788 -0.232079 0.161819 0.305606 0.938307 0.358972 0.31622 -0.384863 0.867113 0.400795 -0.930002 -0.306262 0.203222 -0.504304 0.187351 -0.87068 -0.45477 0.485867 
1534166687752 0.281161 0.897219 -0.340509 -0.594396 -0.945955 0.318865 0.059108 -0.232072 0.161609 0.305487 0.938382 0.358964 0.31622 -0.384863 0.867113 0.400795 -0.930002 -0.306262 0.203222 -0.504304 0.187351 -0.87068 -0.45477 0.485867 
1534166687777 0.28072 0.897087 -0.341219 -0.594325 -0.945841 0.318959 0.0604218 -0.232093 0.163038 0.305778 0.93804 0.359085 0.31622 -0.384863 0.867113 0.400795 -0.930002 -0.306262 0.203222 -0.504304 0.187351 -0.87068 -0.45477 0.485867 
1534166687791 0.280771 0.897146 -0.341022 -0.594325 -0.945856 0.318937 0.0603019 -0.232091 0.162864 0.305627 0.938119 0.359073 0.31622 -0.384863 0.867113 0.400795 -0.930002 -0.306262 0.203222 -0.504304 0.187351 -0.87068 -0.45477 0.485867 
1534166687806 0.280822 0.897206 -0.340823 -0.594329 -0.94587 0.318916 0.0601832 -0.232092 0.162691 0.305474 0.938199 0.35906 0.31622 -0.384863 0.867113 0.400795 -0.930002 -0.306262 0.203222 -0.504304 0.187351 -0.87068 -0.45477 0.485867 
1534166687822 0.280873 0.897266 -0.340624 -0.594333 -0.945885 0.318894 0.0600645 -0.232093 0.162517 0.305321 0.938279 0.359046 0.31622 -0.384863 0.867113 0.400795 -0.930002 -0.306262 0.203222 -0.504304 0.187351 -0.87068 -0.45477 0.485867 
1534166687839 0.280924 0.897325 -0.340425 -0.594338 -0.9459 0.318873 0.0599458 -0.232094 0.162343 0.305168 0.938359 0.359033 0.31622 -0.384863 0.867113 0.400795 -0.930002 -0.306262 0.203222 -0.504304 0.187351 -0.87068 -0.45477 0.485867 
1534166687846 0.280974 0.897385 -0.340226 -0.594343 -0.945915 0.318851 0.0598272 -0.232095 0.162169 0.305015 0.938439 0.35902 0.31622 -0.384863 0.867113 0.400795 -0.930002 -0.306262 0.203222 -0.504304 0.187351 -0.87068 -0.45477 0.485867 
1534166687859 0.281025 0.897445 -0.340027 -0.594347 -0.945929 0.31883 0.0597083 -0.232095 0.161996 0.304862 0.938518 0.359007 0.31622 -0.384863 0.867113 0.400795 -0.930002 -0.306262 0.203222 -0.504304 0.187351 -0.87068 -0.45477 0.485867 
1534166687876 0.281076 0.897504 -0.339827 -0.594352 -0.945944 0.318809 0.0595897 -0.232097 0.161822 0.304709 0.938598 0.358993 0.31622 -0.384863 0.867113 0.400795 -0.930002 -0.306262 0.203222 -0.504304 0.187351 -0.87068 -0.45477 0.485867 
1534166687893 0.281126 0.897564 -0.339628 -0.594356 -0.945959 0.318787 0.0594709 -0.232097 0.161648 0.304556 0.938678 0.35898 0.31622 -0.384863 0.867113 0.400795 -0.930002 -0.306262 0.203222 -0.504304 0.187351 -0.87068 -0.45477 0.485867 
1534166687962 0.281177 0.897623 -0.339429 -0.59436 -0.945973 0.318766 0.059352 -0.232098 0.161474 0.304403 0.938757 0.358967 0.31622 -0.384863 0.867113 0.400795 -0.930002 -0.306262 0.203222 -0.504304 0.187351 -0.87068 -0.45477 0.485867 
1534166687991 0.280955 0.897408 -0.340181 -0.594325 -0.945893 0.318881 0.0600069 -0.232074 0.162328 0.304916 0.938443 0.359086 0.31622 -0.384863 0.867113 0.400795 -0.930002 -0.306262 0.203222 -0.504304 0.187351 -0.87068 -0.45477 0.485867 
1534166688002 0.280973 0.897281 -0.340501 -0.594316 -0.945884 0.318927 0.0599116 -0.232069 0.162353 0.305241 0.938333 0.359094 0.31622 -0.384863 0.867113 0.400795 -0.930002 -0.306262 0.203222 -0.504304 0.187351 -0.87068 -0.45477 0.485867 
1534166688019 0.280991 0.897154 -0.340821 -0.594302 -0.945874 0.318974 0.0598156 -0.232061 0.162377 0.305566 0.938223 0.359103 0.31622 -0.384863 0.867113 0.400795 -0.930002 -0.306262 0.203222 -0.504304 0.187351 -0.87068 -0.45477 0.485867 
1534166688158 0.281009 0.897026 -0.341141 -0.594289 -0.945864 0.31902 0.0597196 -0.232054 0.162401 0.305892 0.938113 0.359112 0.31622 -0.384863 0.867113 0.400795 -0.930002 -0.306262 0.203222 -0.504304 0.187351 -0.87068 -0.45477 0.485867 
1534166688175 0.281028 0.896899 -0.341461 -0.594275 -0.945855 0.319067 0.0596235 -0.232046 0.162425 0.306217 0.938003 0.359121 0.31622 -0.384863 0.867113 0.400795 -0.930002 -0.306262 0.203222 -0.504304 0.187351 -0.87068 -0.45477 0.485867 
1534166688196 0.281046 0.896771 -0.341781 -0.594263 -0.945845 0.319113 0.0595275 -0.232039 0.162449 0.306542 0.937892 0.35913 0.31622 -0.384863 0.867113 0.400795 -0.930002 -0.306262 0.203222 -0.504304 0.187351 -0.87068 -0.45477 0.485867 
1534166688256 0.281065 0.896644 -0.342101 -0.594249 -0.945836 0.31916 0.0594314 -0.232031 0.162474 0.306867 0.937782 0.359139 0.31622 -0.384863 0.867113 0.400795 -0.930002 -0.306262 0.203222 -0.504304 0.187351 -0.87068 -0.45477 0.485867 
1534166688296 0.281083 0.896516 -0.342421 -0.594236 -0.945826 0.319206 0.0593353 -0.232024 0.162498 0.307192 0.937671 0.359148 0.31622 -0.384863 0.867113 0.400795 -0.930002 -0.306262 0.203222 -0.504304 0.187351 -0.87068 -0.45477 0.485867 
