1530618457425 0.275657 -0.8825 0.381061 -0.604483 0.633204 0.464965 0.618757 -0.181741 -0.723233 0.0707247 0.686973 0.426588 -0.061541 -0.995658 -0.0698354 0.448149 -0.138278 0.0777983 -0.987333 -0.500158 0.98848 -0.0511047 -0.142465 0.446091 
1530618457439 0.25636 -0.939187 0.228488 0.190522 -0.09544 -0.259828 -0.960927 -0.632759 0.961858 0.224537 -0.156246 0.522991 -0.0569247 -0.9957 -0.0730812 0.442016 -0.139819 0.0804292 -0.986905 -0.499334 0.988539 -0.0459611 -0.143796 0.445588 
1530618457968 0.218501 -0.931404 0.291108 0.220456 0.106878 -0.27368 -0.955864 -0.527818 0.969966 0.23997 0.0397474 0.494922 -0.0523161 -0.995709 -0.0763331 0.435877 -0.141368 0.0830523 -0.986467 -0.498487 0.988574 -0.0408171 -0.145106 0.445085 
1530618458446 0.16226 -0.93285 0.321655 0.11859 0.348692 -0.250737 -0.903075 -0.461437 0.923085 0.258691 0.284592 0.483134 -0.0477126 -0.995685 -0.07959 0.429735 -0.142929 0.0856663 -0.986019 -0.497633 0.988582 -0.0356698 -0.146399 0.444581 
1530618458943 0.101453 -0.93566 0.338006 0.0061833 0.566381 -0.224998 -0.792835 -0.420067 0.817875 0.271876 0.507113 0.472819 -0.0431132 -0.995629 -0.0828522 0.423592 -0.144501 0.0882715 -0.98556 -0.496778 0.988565 -0.0305184 -0.147675 0.444077 
1530618459434 0.0360286 -0.940511 0.337848 -0.0997268 0.748977 -0.198404 -0.632194 -0.390054 0.661615 0.275817 0.697273 0.458167 -0.0385175 -0.99554 -0.0861197 0.417451 -0.146085 0.0908677 -0.98509 -0.495928 0.988522 -0.0253625 -0.148933 0.443573 
1530618459936 -0.028658 -0.947013 0.319914 -0.200692 0.887811 -0.171177 -0.427189 -0.361428 0.459315 0.271781 0.845674 0.447097 -0.0339251 -0.995419 -0.0893928 0.411321 -0.14768 0.0934552 -0.98461 -0.495092 0.988453 -0.0202014 -0.150174 0.443066 
1530618459943 -0.0865608 -0.95418 0.286438 -0.298905 0.970218 -0.146033 -0.193265 -0.33332 0.226239 0.261179 0.938404 0.436097 -0.0293366 -0.995264 -0.0926717 0.40523 -0.149287 0.0960344 -0.984119 -0.494295 0.988359 -0.015036 -0.151398 0.442552 
1530618460465 -0.134169 -0.961548 0.239633 -0.39213 0.990702 -0.124655 0.0544986 -0.306217 -0.0225316 0.244717 0.969333 0.424433 -0.0247706 -0.995077 -0.0959552 0.399326 -0.150904 0.0986066 -0.983618 -0.493597 0.988238 -0.00988473 -0.152604 0.442014 
1530618461125 -0.169134 -0.968199 0.184351 -0.470179 0.948618 -0.109163 0.296996 -0.284173 -0.267427 0.225111 0.936914 0.407963 -0.0204219 -0.994858 -0.0991983 0.394401 -0.15249 0.101158 -0.983114 -0.493065 0.988094 -0.00495033 -0.153772 0.441406 
1530618461641 -0.169134 -0.968199 0.184351 -0.470179 0.948618 -0.109163 0.296996 -0.284173 -0.267427 0.225111 0.936914 0.407963 -0.0204972 -0.994871 -0.0990542 0.39434 -0.152484 0.101027 -0.983129 -0.493109 0.988093 -0.00504719 -0.153773 0.441428 
1530618461655 0.279843 -0.930318 0.237057 0.205876 -0.110552 -0.276506 -0.954632 -0.484925 0.953659 0.24094 -0.180227 0.499532 -0.0200094 -0.994846 -0.0994018 0.393577 -0.152652 0.101296 -0.983075 -0.492957 0.988077 -0.00449689 -0.153892 0.441391 
1530618461876 0.233697 -0.928027 0.290089 0.185001 0.102143 -0.273268 -0.9565 -0.464227 0.966929 0.253161 0.0309292 0.494691 -0.0195216 -0.994821 -0.0997495 0.392814 -0.15282 0.101565 -0.983021 -0.492804 0.988061 -0.00394644 -0.154012 0.441354 
1530618462109 0.171679 -0.930653 0.323128 0.0945129 0.343354 -0.250907 -0.905071 -0.441983 0.923382 0.266329 0.276468 0.489173 -0.0190339 -0.994796 -0.100097 0.39205 -0.152989 0.101834 -0.982967 -0.492651 0.988045 -0.00339599 -0.154131 0.441318 
1530618462328 0.105306 -0.934593 0.339774 -0.00556121 0.56304 -0.225599 -0.795042 -0.41627 0.819693 0.275029 0.502456 0.475998 -0.0185463 -0.99477 -0.100445 0.391287 -0.153157 0.102103 -0.982913 -0.492499 0.988028 -0.00284554 -0.15425 0.441281 
1530618462637 0.0368382 -0.940237 0.338523 -0.103954 0.748813 -0.198353 -0.632404 -0.38911 0.661756 0.276787 0.696755 0.461136 -0.0180582 -0.994744 -0.100793 0.390525 -0.153326 0.102372 -0.982859 -0.492347 0.988011 -0.00229444 -0.154369 0.441244 
1530618462866 -0.028451 -0.946963 0.32008 -0.202101 0.887724 -0.171131 -0.427389 -0.36114 0.459497 0.271983 0.84551 0.447866 -0.0175707 -0.994717 -0.101141 0.389763 -0.153495 0.102641 -0.982804 -0.492198 0.987993 -0.00174395 -0.154487 0.441207 
1530618462873 -0.0865127 -0.95417 0.286489 -0.299499 0.970199 -0.146024 -0.193365 -0.333176 0.226337 0.261223 0.938368 0.43638 -0.0170826 -0.99469 -0.10149 0.389007 -0.153664 0.10291 -0.98275 -0.492056 0.987976 -0.00119265 -0.154606 0.441168 
1530618463087 -0.134176 -0.961546 0.239636 -0.392487 0.990702 -0.124667 0.0544781 -0.306154 -0.0225084 0.244718 0.969333 0.424338 -0.0165958 -0.994663 -0.101838 0.388276 -0.153833 0.10318 -0.982695 -0.491931 0.987958 -0.000642536 -0.154724 0.441127 
1530618463373 -0.169249 -0.968162 0.184436 -0.470704 0.948568 -0.109218 0.297137 -0.28431 -0.267533 0.22524 0.936853 0.407243 -0.0161315 -0.994635 -0.102184 0.387669 -0.153999 0.103449 -0.982641 -0.491843 0.987939 -0.000115294 -0.154841 0.441078 
1530618463609 -0.169249 -0.968162 0.184436 -0.470704 0.948568 -0.109218 0.297137 -0.28431 -0.267533 0.22524 0.936853 0.407243 -0.0160753 -0.994618 -0.102355 0.387706 -0.154014 0.10361 -0.982621 -0.491803 0.987938 -3.17895e-05 -0.154851 0.441036 
1530618463620 0.28122 -0.929914 0.237013 0.204542 -0.111016 -0.276847 -0.954479 -0.481845 0.9532 0.242107 -0.18109 0.49876 -0.015177 -0.994678 -0.101907 0.387547 -0.154905 0.103027 -0.982543 -0.491906 0.987813 0.000873746 -0.155644 0.441252 
1530618463881 0.234425 -0.92788 0.28997 0.182951 0.101468 -0.273298 -0.956563 -0.463047 0.966824 0.253665 0.0300817 0.495557 -0.014283 -0.994737 -0.101456 0.387385 -0.155795 0.102441 -0.982463 -0.492011 0.987686 0.00177383 -0.156438 0.441468 
1530618464099 0.172205 -0.930537 0.323182 0.0929967 0.342876 -0.250944 -0.905242 -0.441645 0.923462 0.266698 0.275845 0.489888 -0.0133885 -0.994796 -0.101007 0.387223 -0.156685 0.101855 -0.982382 -0.492115 0.987558 0.00267366 -0.157234 0.441685 
1530618464308 0.105643 -0.934496 0.339937 -0.00654544 0.562675 -0.225684 -0.795276 -0.416303 0.8199 0.275289 0.501976 0.476432 -0.0124937 -0.994853 -0.100558 0.38706 -0.157575 0.101268 -0.982301 -0.492219 0.987428 0.00357283 -0.158029 0.441902 
1530618464539 0.0369688 -0.940169 0.338697 -0.1044 0.748834 -0.198368 -0.632375 -0.389087 0.661726 0.277006 0.696697 0.461965 -0.0115989 -0.994909 -0.100109 0.386898 -0.158464 0.10068 -0.982218 -0.492323 0.987297 0.00447101 -0.158825 0.442118 
1530618464546 -0.0284055 -0.946922 0.320206 -0.202161 0.887736 -0.171143 -0.427357 -0.361125 0.459475 0.272119 0.845478 0.448113 -0.0107031 -0.994964 -0.0996619 0.386735 -0.159352 0.100091 -0.982135 -0.492425 0.987164 0.00536941 -0.159621 0.442335 
1530618464814 -0.0865092 -0.954149 0.286558 -0.299488 0.970201 -0.146033 -0.193349 -0.333173 0.226331 0.261293 0.93835 0.436438 -0.00980829 -0.995018 -0.0992144 0.386571 -0.160239 0.0995009 -0.98205 -0.492522 0.98703 0.00626573 -0.160416 0.442549 
1530618465108 -0.134203 -0.961531 0.239684 -0.392526 0.990698 -0.124687 0.0545068 -0.306186 -0.0225244 0.244769 0.96932 0.424276 -0.00891725 -0.995071 -0.0987653 0.386411 -0.16112 0.0989084 -0.981966 -0.492605 0.986895 0.00715662 -0.161208 0.442753 
1530618465115 -0.169362 -0.968125 0.184528 -0.470907 0.948521 -0.109273 0.297266 -0.28445 -0.267627 0.225375 0.936794 0.406874 -0.0080566 -0.995124 -0.0983069 0.386281 -0.161962 0.0983106 -0.981888 -0.492638 0.986764 0.00801127 -0.161964 0.442893 
1530618465601 -0.169362 -0.968125 0.184528 -0.470907 0.948521 -0.109273 0.297266 -0.28445 -0.267627 0.225375 0.936794 0.406874 -0.0088831 -0.995066 -0.0988144 0.386447 -0.161184 0.0989509 -0.981951 -0.492614 0.986884 0.00720458 -0.161268 0.442725 
1530618465873 0.281889 -0.929679 0.237139 0.204299 -0.111197 -0.277153 -0.95437 -0.48087 0.952981 0.242658 -0.181504 0.497936 -0.00774407 -0.995462 -0.0948421 0.386437 -0.161805 0.0948425 -0.982254 -0.492674 0.986792 0.00773933 -0.161806 0.442964 
1530618466180 0.234719 -0.9278 0.28999 0.182268 0.101145 -0.273393 -0.95657 -0.462903 0.966787 0.253857 0.029672 0.495798 -0.00660287 -0.995841 -0.0908691 0.386427 -0.162421 0.0907324 -0.982541 -0.492734 0.986699 0.00827147 -0.162345 0.443204 
1530618466544 0.172414 -0.930477 0.323243 0.092459 0.342652 -0.251008 -0.905309 -0.441779 0.923506 0.266848 0.275553 0.490167 -0.00545924 -0.996203 -0.0868952 0.386417 -0.163032 0.0866205 -0.982811 -0.492793 0.986606 0.0088013 -0.162886 0.443444 
1530618466854 0.105773 -0.934448 0.340029 -0.00692801 0.562509 -0.22575 -0.795375 -0.416516 0.819997 0.275398 0.501757 0.476716 -0.00431297 -0.996547 -0.0829207 0.386407 -0.163638 0.082507 -0.983064 -0.492853 0.986511 0.00932906 -0.163429 0.443683 
1530618466861 0.0370119 -0.940137 0.33878 -0.104654 0.748838 -0.198392 -0.632363 -0.389229 0.661719 0.277096 0.696667 0.462577 -0.0031638 -0.996874 -0.078946 0.386398 -0.16424 0.0783923 -0.983301 -0.492913 0.986415 0.0098551 -0.163974 0.443922 
1530618467140 -0.0283558 -0.946855 0.320409 -0.202397 0.887765 -0.171176 -0.427285 -0.361229 0.459423 0.272332 0.845438 0.448894 -0.00201308 -0.997184 -0.0749695 0.386388 -0.164836 0.0742751 -0.98352 -0.492974 0.986319 0.0103778 -0.164522 0.444162 
1530618467508 -0.0865175 -0.954128 0.286628 -0.299546 0.970204 -0.146051 -0.193323 -0.333251 0.226317 0.261361 0.938334 0.43662 -0.000859399 -0.997476 -0.0709932 0.386379 -0.165428 0.0701569 -0.983723 -0.493036 0.986221 0.0108989 -0.165071 0.444402 
1530618467821 -0.134235 -0.961513 0.239738 -0.392566 0.990693 -0.124711 0.0545364 -0.306259 -0.0225395 0.244828 0.969305 0.424262 0.000296193 -0.997752 -0.0670169 0.386375 -0.166015 0.0660378 -0.983909 -0.4931 0.986123 0.0114173 -0.165623 0.444643 
1530618468103 -0.169463 -0.968091 0.184612 -0.471042 0.948483 -0.109323 0.29737 -0.284594 -0.267699 0.225495 0.936744 0.406634 0.00143843 -0.998008 -0.0630729 0.38639 -0.166583 0.0619525 -0.984079 -0.493167 0.986026 0.0119224 -0.166162 0.44489 
1530618468397 -0.169463 -0.968091 0.184612 -0.471042 0.948483 -0.109323 0.29737 -0.284594 -0.267699 0.225495 0.936744 0.406634 0.00132133 -0.998002 -0.0631728 0.38641 -0.166527 0.0620712 -0.984081 -0.493196 0.986036 0.0118203 -0.166112 0.444886 
1530618468412 0.282374 -0.929509 0.23723 0.204062 -0.111326 -0.277374 -0.95429 -0.480225 0.952823 0.243057 -0.181802 0.497377 0.00074336 -0.997877 -0.0651252 0.38636 -0.164169 0.0641198 -0.984346 -0.493121 0.986432 0.0114233 -0.163773 0.444613 
1530618468648 0.234932 -0.927742 0.290004 0.181774 0.100908 -0.273464 -0.956575 -0.462819 0.96676 0.253994 0.0293711 0.495975 0.000170072 -0.997748 -0.0670785 0.38631 -0.161809 0.0661671 -0.984601 -0.493046 0.986822 0.0110214 -0.161433 0.44434 
1530618468893 0.172568 -0.930432 0.32329 0.0920842 0.342475 -0.25106 -0.905362 -0.441874 0.923543 0.266955 0.275325 0.490388 -0.000398727 -0.997614 -0.0690328 0.38626 -0.159446 0.0682131 -0.984847 -0.492971 0.987207 0.0106143 -0.159093 0.444068 
1530618469169 0.105811 -0.934433 0.340057 -0.00710907 0.562492 -0.225761 -0.795383 -0.416622 0.820004 0.27544 0.501723 0.47709 -0.000962709 -0.997477 -0.0709883 0.38621 -0.157081 0.0702579 -0.985083 -0.492896 0.987585 0.0102026 -0.156753 0.443795 
1530618469433 0.0370435 -0.940116 0.338835 -0.104837 0.748837 -0.198407 -0.632358 -0.389321 0.661718 0.277157 0.696645 0.463046 -0.00152193 -0.997335 -0.0729449 0.386161 -0.154715 0.0723015 -0.98531 -0.492821 0.987958 0.00978611 -0.154413 0.443522 
1530618469691 -0.0283189 -0.946811 0.320541 -0.202579 0.88778 -0.171196 -0.427246 -0.361302 0.459397 0.27247 0.845408 0.449419 -0.00207651 -0.997189 -0.0749024 0.386111 -0.152346 0.0743437 -0.985527 -0.492747 0.988325 0.00936461 -0.152072 0.44325 
1530618469965 -0.0865206 -0.954113 0.286674 -0.299599 0.970204 -0.146062 -0.193312 -0.333306 0.226314 0.261407 0.938322 0.436734 -0.00262587 -0.997038 -0.0768615 0.386063 -0.149977 0.0763851 -0.985734 -0.492676 0.988686 0.00893903 -0.149733 0.442981 
1530618470241 -0.134257 -0.961499 0.239779 -0.392596 0.99069 -0.124728 0.0545549 -0.306316 -0.0225473 0.244871 0.969293 0.424248 -0.00316855 -0.996884 -0.0788241 0.386018 -0.147613 0.0784272 -0.985931 -0.492611 0.98904 0.0085115 -0.147402 0.442732 
1530618470247 -0.169536 -0.968067 0.184674 -0.471128 0.948456 -0.109359 0.297443 -0.284705 -0.267749 0.225582 0.936709 0.406474 -0.00368781 -0.996725 -0.0807862 0.385985 -0.145328 0.0804633 -0.986106 -0.492572 0.989377 0.00810395 -0.145149 0.442588 
1530618470799 -0.169536 -0.968067 0.184674 -0.471128 0.948456 -0.109359 0.297443 -0.284705 -0.267749 0.225582 0.936709 0.406474 -0.00312379 -0.996886 -0.0787943 0.386029 -0.147585 0.0783914 -0.985938 -0.492567 0.989044 0.00854897 -0.14737 0.442743 
1530618471041 0.282708 -0.929392 0.237292 0.203876 -0.111413 -0.277526 -0.954236 -0.479808 0.952714 0.243332 -0.182005 0.497005 -0.00283714 -0.996988 -0.0775102 0.386067 -0.149525 0.0770621 -0.98575 -0.492594 0.988754 0.00879299 -0.149293 0.443035 
1530618471312 0.235076 -0.927702 0.290013 0.181438 0.100747 -0.273512 -0.956578 -0.462768 0.966742 0.254086 0.0291671 0.496096 -0.00254812 -0.997087 -0.0762274 0.386106 -0.151465 0.075733 -0.985557 -0.49262 0.988459 0.00903444 -0.151216 0.443327 
1530618471606 0.17267 -0.930403 0.32332 0.091833 0.342358 -0.251094 -0.905397 -0.441939 0.923567 0.267026 0.275174 0.490536 -0.00225649 -0.997185 -0.0749452 0.386144 -0.153404 0.0744035 -0.985359 -0.492646 0.988161 0.00927342 -0.15314 0.443619 
1530618471869 0.105836 -0.934424 0.340076 -0.00723032 0.562481 -0.225767 -0.79539 -0.41669 0.820009 0.275466 0.501701 0.47733 -0.00196232 -0.997281 -0.0736631 0.386182 -0.155341 0.0730731 -0.985155 -0.492673 0.987859 0.00950973 -0.155062 0.443911 
1530618472173 0.0370637 -0.940103 0.338869 -0.104956 0.748836 -0.198416 -0.632357 -0.38938 0.661718 0.277195 0.69663 0.463335 -0.0016657 -0.997376 -0.072382 0.38622 -0.157279 0.0717426 -0.984945 -0.492699 0.987553 0.00974353 -0.156986 0.444203 
1530618472420 -0.0282958 -0.946785 0.32062 -0.202697 0.887787 -0.171208 -0.427225 -0.361348 0.459383 0.272554 0.845389 0.449734 -0.00136654 -0.997468 -0.071101 0.386258 -0.159215 0.0704111 -0.98473 -0.492725 0.987243 0.00997464 -0.158908 0.444495 
1530618472689 -0.0865205 -0.954105 0.286702 -0.299638 0.970204 -0.146068 -0.193308 -0.333339 0.226315 0.261434 0.938314 0.436799 -0.00106508 -0.997559 -0.06982 0.386295 -0.161148 0.0690787 -0.98451 -0.49275 0.98693 0.0102028 -0.160828 0.444783 
1530618472934 -0.13427 -0.961491 0.239806 -0.392616 0.990688 -0.124739 0.0545648 -0.306355 -0.0225505 0.244899 0.969286 0.424235 -0.000762286 -0.997648 -0.0685372 0.38633 -0.163074 0.0677438 -0.984285 -0.492772 0.986614 0.0104263 -0.162742 0.445052 
1530618473184 -0.169585 -0.96805 0.184716 -0.47118 0.948438 -0.109384 0.297491 -0.284785 -0.267782 0.225642 0.936685 0.406376 -0.00046917 -0.997736 -0.0672519 0.386352 -0.164929 0.0664082 -0.984067 -0.492783 0.986305 0.0106301 -0.164586 0.445219 
1530618473432 -0.169585 -0.96805 0.184716 -0.47118 0.948438 -0.109384 0.297491 -0.284785 -0.267782 0.225642 0.936685 0.406376 -0.000490497 -0.997728 -0.0673732 0.38632 -0.164892 0.0665317 -0.984065 -0.492783 0.986311 0.0106267 -0.16455 0.445152 
1530618473443 0.282917 -0.929318 0.237331 0.203751 -0.111466 -0.277621 -0.954202 -0.479557 0.952646 0.243505 -0.182131 0.496777 -0.000544794 -0.997634 -0.0687407 0.386288 -0.163472 0.0679049 -0.984208 -0.492794 0.986548 0.010701 -0.163122 0.444973 
1530618473654 0.235164 -0.927678 0.290019 0.181231 0.100648 -0.273541 -0.95658 -0.462739 0.966731 0.254143 0.0290415 0.49617 -0.000596984 -0.997539 -0.0701087 0.386255 -0.16205 0.0692786 -0.984348 -0.492805 0.986782 0.0107735 -0.161693 0.444794 
1530618473865 0.172732 -0.930385 0.323339 0.0916798 0.342287 -0.251114 -0.905418 -0.441978 0.923582 0.267069 0.275084 0.490625 -0.000647257 -0.997442 -0.0714765 0.386223 -0.160628 0.0706521 -0.984483 -0.492816 0.987015 0.0108439 -0.160263 0.444615 
1530618474167 0.105851 -0.934418 0.340086 -0.00730385 0.562474 -0.225771 -0.795394 -0.41673 0.820012 0.275482 0.501688 0.477467 -0.000695406 -0.997343 -0.0728445 0.386191 -0.159205 0.0720258 -0.984615 -0.492827 0.987245 0.0109125 -0.158832 0.444436 
1530618474390 0.037075 -0.940096 0.338887 -0.105026 0.748835 -0.19842 -0.632357 -0.389414 0.661719 0.277215 0.696621 0.463491 -0.000741699 -0.997242 -0.0742124 0.386159 -0.157782 0.0733995 -0.984742 -0.492838 0.987474 0.010979 -0.157401 0.444257 
1530618474617 -0.028283 -0.946772 0.32066 -0.202765 0.88779 -0.171214 -0.427217 -0.361373 0.459378 0.272596 0.845378 0.449896 -0.000786533 -0.997139 -0.0755799 0.386126 -0.15636 0.074773 -0.984866 -0.492848 0.9877 0.011043 -0.155971 0.444079 
1530618474852 -0.0865169 -0.954102 0.286714 -0.299666 0.970203 -0.146069 -0.193312 -0.333355 0.226319 0.261446 0.93831 0.436832 -0.0008287 -0.997035 -0.076948 0.386094 -0.154936 0.0761469 -0.984986 -0.492857 0.987924 0.0111058 -0.15454 0.443903 
1530618475091 -0.134277 -0.961486 0.239823 -0.39263 0.990687 -0.124744 0.0545694 -0.306379 -0.0225511 0.244917 0.969282 0.424227 -0.000869863 -0.996928 -0.0783167 0.386062 -0.153517 0.0775215 -0.9851 -0.492861 0.988146 0.011166 -0.153113 0.443738 
1530618475333 -0.169618 -0.968039 0.184744 -0.471209 0.948426 -0.109402 0.297522 -0.284841 -0.267802 0.225682 0.93667 0.406324 -0.00090778 -0.99682 -0.0796798 0.386042 -0.152144 0.0788899 -0.985205 -0.492854 0.988358 0.0112284 -0.151732 0.443633 
1530618475554 -0.169618 -0.968039 0.184744 -0.471209 0.948426 -0.109402 0.297522 -0.284841 -0.267802 0.225682 0.93667 0.406324 -0.000858997 -0.99683 -0.079556 0.38607 -0.15206 0.0787611 -0.985228 -0.492837 0.988371 0.011251 -0.151645 0.443712 
1530618475567 0.283035 -0.929276 0.237354 0.203678 -0.111495 -0.277674 -0.954183 -0.479421 0.952607 0.243603 -0.182201 0.496651 -0.00116439 -0.996896 -0.0787207 0.38603 -0.149418 0.0780105 -0.985692 -0.492757 0.988773 0.0106146 -0.149045 0.443334 
1530618475845 0.235214 -0.927665 0.290023 0.181115 0.100592 -0.273558 -0.956581 -0.462724 0.966724 0.254175 0.0289714 0.496212 -0.00147211 -0.996961 -0.0778858 0.385991 -0.146775 0.0772577 -0.986148 -0.492676 0.989169 0.00997998 -0.146443 0.442957 
1530618476134 0.172766 -0.930375 0.323349 0.0915947 0.342249 -0.251125 -0.905429 -0.442 0.92359 0.267093 0.275034 0.490675 -0.0017821 -0.997026 -0.0770516 0.385951 -0.144132 0.0765033 -0.986597 -0.492595 0.989557 0.00934736 -0.143839 0.442579 
1530618476410 0.105859 -0.934415 0.340092 -0.00734469 0.56247 -0.225773 -0.795396 -0.416752 0.820013 0.275491 0.50168 0.477541 -0.00209432 -0.997089 -0.0762182 0.385911 -0.141487 0.075747 -0.987038 -0.492514 0.989938 0.00871674 -0.141234 0.442202 
1530618476705 0.0370804 -0.940093 0.338895 -0.105064 0.748834 -0.198423 -0.632357 -0.389433 0.661719 0.277225 0.696616 0.463574 -0.00240869 -0.997152 -0.0753856 0.385872 -0.138842 0.0749891 -0.987471 -0.492433 0.990312 0.00808821 -0.138628 0.441824 
1530618476995 -0.0282778 -0.946766 0.320677 -0.202804 0.887791 -0.171217 -0.427214 -0.36139 0.459377 0.272614 0.845373 0.449984 -0.00272499 -0.997213 -0.074554 0.385834 -0.136197 0.0742296 -0.987897 -0.492355 0.990678 0.00746203 -0.13602 0.441448 
1530618477275 -0.0865136 -0.954099 0.286722 -0.299695 0.970203 -0.146068 -0.193314 -0.333369 0.226322 0.261455 0.938307 0.436884 -0.00304247 -0.997274 -0.0737241 0.385798 -0.133553 0.0734692 -0.988315 -0.492283 0.991037 0.00683916 -0.133413 0.441077 
1530618477563 -0.134283 -0.961482 0.239834 -0.392645 0.990686 -0.124749 0.0545738 -0.3064 -0.0225527 0.244929 0.969279 0.424239 -0.003358 -0.997334 -0.0728999 0.385768 -0.13092 0.0727113 -0.988723 -0.492229 0.991387 0.00622394 -0.130815 0.440738 
1530618477873 -0.169639 -0.968032 0.184762 -0.471226 0.948419 -0.109412 0.297541 -0.284878 -0.267814 0.225707 0.93666 0.4063 -0.0036481 -0.99739 -0.0721092 0.385758 -0.128391 0.07198 -0.989108 -0.492236 0.991717 0.0056498 -0.128318 0.440575 
1530618478146 -0.169639 -0.968032 0.184762 -0.471226 0.948419 -0.109412 0.297541 -0.284878 -0.267814 0.225707 0.93666 0.4063 -0.00356222 -0.997396 -0.0720377 0.385795 -0.128437 0.0718978 -0.989108 -0.492206 0.991711 0.00572891 -0.128359 0.440627 
1530618478157 0.283098 -0.929254 0.237365 0.203638 -0.111511 -0.277703 -0.954173 -0.479351 0.952586 0.243656 -0.182239 0.496585 -0.0032091 -0.997367 -0.072455 0.385787 -0.128092 0.0722685 -0.989126 -0.492244 0.991757 0.00610673 -0.127987 0.440559 
1530618478164 0.23524 -0.927657 0.290025 0.181053 0.100563 -0.273566 -0.956582 -0.462717 0.966721 0.254192 0.0289338 0.496235 -0.0028555 -0.997337 -0.0728728 0.385778 -0.127748 0.0726398 -0.989143 -0.492282 0.991803 0.00648487 -0.127615 0.440491 
1530618478403 0.172784 -0.93037 0.323354 0.0915492 0.342228 -0.251131 -0.905435 -0.442012 0.923594 0.267106 0.275007 0.490702 -0.00250157 -0.997307 -0.0732906 0.38577 -0.127405 0.0730114 -0.98916 -0.492319 0.991848 0.0068631 -0.127244 0.440424 
1530618478619 0.105863 -0.934413 0.340095 -0.00736661 0.562468 -0.225774 -0.795397 -0.416764 0.820014 0.275496 0.501677 0.477582 -0.00214771 -0.997278 -0.0737081 0.385762 -0.127061 0.073383 -0.989177 -0.492357 0.991893 0.00724095 -0.126873 0.440356 
1530618478840 0.0370831 -0.940091 0.3389 -0.105084 0.748834 -0.198424 -0.632358 -0.389445 0.66172 0.277229 0.696614 0.46362 -0.00179357 -0.997247 -0.0741257 0.385753 -0.126718 0.073755 -0.989193 -0.492394 0.991937 0.00761884 -0.126501 0.440288 
1530618479002 -0.0282759 -0.946763 0.320686 -0.202827 0.887792 -0.171219 -0.427212 -0.361402 0.459376 0.272623 0.84537 0.450036 -0.00143934 -0.997217 -0.0745432 0.385745 -0.126374 0.0741271 -0.989209 -0.492431 0.991982 0.00799654 -0.126129 0.44022 
1530618479226 -0.086513 -0.954094 0.286741 -0.299717 0.970204 -0.14607 -0.193308 -0.333383 0.226319 0.261474 0.938302 0.436942 -0.00108494 -0.997186 -0.0749607 0.385736 -0.126031 0.0744994 -0.989225 -0.492464 0.992026 0.00837412 -0.125757 0.440154 
1530618479414 -0.134286 -0.96148 0.239841 -0.392654 0.990686 -0.124751 0.0545765 -0.306412 -0.0225538 0.244936 0.969277 0.424247 -0.000732635 -0.997155 -0.0753774 0.385726 -0.125689 0.0748715 -0.98924 -0.492489 0.992069 0.00874935 -0.125386 0.44009 
1530618479609 -0.16965 -0.968028 0.184772 -0.471236 0.948415 -0.109418 0.297552 -0.284898 -0.267821 0.22572 0.936655 0.406288 -0.000390215 -0.997124 -0.0757895 0.385724 -0.125356 0.0752404 -0.989255 -0.492488 0.992112 0.00911466 -0.125025 0.440041 
1530618479847 -0.16965 -0.968028 0.184772 -0.471236 0.948415 -0.109418 0.297552 -0.284898 -0.267821 0.22572 0.936655 0.406288 -0.000344868 -0.997113 -0.0759312 0.385764 -0.125292 0.0753759 -0.989252 -0.492433 0.99212 0.00917243 -0.124956 0.440019 
1530618479859 0.283132 -0.929242 0.237372 0.203617 -0.111519 -0.277718 -0.954168 -0.479314 0.952575 0.243684 -0.18226 0.49655 -0.000821295 -0.997184 -0.0749858 0.385737 -0.124145 0.0745074 -0.989463 -0.492354 0.992264 0.00849646 -0.123856 0.439843 
1530618480105 0.235254 -0.927653 0.290025 0.18102 0.100547 -0.273571 -0.956582 -0.462713 0.966719 0.254201 0.0289137 0.496247 -0.00130026 -0.997254 -0.0740416 0.385709 -0.122997 0.0736389 -0.989671 -0.492276 0.992406 0.00782006 -0.122755 0.439667 
1530618480338 0.172794 -0.930367 0.323357 0.0915249 0.342217 -0.251134 -0.905439 -0.442018 0.923596 0.267113 0.274993 0.490716 -0.00177995 -0.997323 -0.0730982 0.385681 -0.12185 0.0727699 -0.989877 -0.492198 0.992547 0.00714505 -0.121653 0.439491 
1530618480599 0.105865 -0.934413 0.340097 -0.0073783 0.562467 -0.225774 -0.795397 -0.416771 0.820014 0.275498 0.501674 0.477603 -0.00226101 -0.997391 -0.072155 0.385652 -0.120702 0.0718998 -0.990082 -0.49212 0.992686 0.00647069 -0.12055 0.439316 
1530618480854 0.0370845 -0.94009 0.338902 -0.105095 0.748833 -0.198425 -0.632358 -0.389451 0.66172 0.277232 0.696613 0.463644 -0.00274368 -0.997457 -0.0712117 0.385625 -0.119555 0.0710284 -0.990284 -0.492043 0.992824 0.00579669 -0.119446 0.439141 
1530618481117 -0.0282748 -0.946762 0.32069 -0.202838 0.887792 -0.17122 -0.427211 -0.361408 0.459376 0.272627 0.845369 0.450063 -0.00322662 -0.997523 -0.0702696 0.385597 -0.118408 0.0701567 -0.990483 -0.491968 0.99296 0.00512459 -0.118341 0.438966 
1530618481402 -0.0865127 -0.954091 0.286751 -0.299729 0.970204 -0.146072 -0.193305 -0.333391 0.226317 0.261484 0.9383 0.436972 -0.00370967 -0.997587 -0.0693286 0.385572 -0.117263 0.0692847 -0.990681 -0.491898 0.993094 0.00445457 -0.117237 0.438793 
1530618481652 -0.134288 -0.961479 0.239845 -0.392659 0.990686 -0.124752 0.0545779 -0.306418 -0.0225543 0.24494 0.969276 0.424251 -0.00418997 -0.99765 -0.0683909 0.385551 -0.116124 0.0684142 -0.990876 -0.491847 0.993226 0.00379008 -0.116138 0.438636 
1530618481922 -0.169656 -0.968026 0.184777 -0.471241 0.948413 -0.109421 0.297557 -0.284909 -0.267825 0.225728 0.936652 0.406281 -0.00464705 -0.99771 -0.067477 0.385535 -0.115035 0.0675632 -0.991061 -0.491852 0.993351 0.00315672 -0.115086 0.438568 
1530618482186 -0.169656 -0.968026 0.184777 -0.471241 0.948413 -0.109421 0.297557 -0.284909 -0.267825 0.225728 0.936652 0.406281 -0.00454154 -0.997703 -0.0675868 0.385599 -0.115015 0.0676602 -0.991057 -0.491802 0.993353 0.00327256 -0.115058 0.438577 
1530618482198 0.28315 -0.929236 0.237375 0.203606 -0.111524 -0.277726 -0.954165 -0.479294 0.952569 0.243699 -0.18227 0.496531 -0.00579857 -0.997491 -0.0705548 0.385648 -0.118708 0.0707437 -0.990406 -0.491713 0.992912 0.00263251 -0.118821 0.43911 
1530618482558 0.235262 -0.927651 0.290026 0.181003 0.100538 -0.273574 -0.956582 -0.462711 0.966718 0.254206 0.0289031 0.496253 -0.00706969 -0.997269 -0.0735172 0.385698 -0.122395 0.0738292 -0.989732 -0.491622 0.992456 0.00200102 -0.122582 0.439643 
1530618482928 0.172799 -0.930365 0.323358 0.091512 0.342211 -0.251136 -0.905441 -0.442021 0.923597 0.267116 0.274985 0.490724 -0.00835124 -0.997037 -0.0764741 0.385747 -0.126075 0.0769163 -0.989034 -0.491531 0.991985 0.00138184 -0.126344 0.440175 
1530618483321 0.105867 -0.934412 0.340097 -0.00738446 0.562466 -0.225774 -0.795398 -0.416774 0.820015 0.275499 0.501673 0.477614 -0.00964322 -0.996794 -0.079425 0.385796 -0.12975 0.0800045 -0.988314 -0.49144 0.9915 0.00077487 -0.130106 0.440708 
1530618483671 0.0370853 -0.94009 0.338904 -0.105101 0.748833 -0.198425 -0.632358 -0.389454 0.66172 0.277233 0.696612 0.463657 -0.0109473 -0.996542 -0.0823709 0.385845 -0.133419 0.083095 -0.98757 -0.491349 0.990999 0.000178668 -0.133868 0.44124 
1530618484037 -0.0282743 -0.946761 0.320693 -0.202845 0.887792 -0.171221 -0.42721 -0.361411 0.459375 0.27263 0.845368 0.450078 -0.0122617 -0.996279 -0.0853106 0.385893 -0.137082 0.0861863 -0.986803 -0.491257 0.990484 -0.000405386 -0.137629 0.44177 
1530618484418 -0.0865125 -0.954089 0.286756 -0.299735 0.970204 -0.146072 -0.193304 -0.333395 0.226316 0.261489 0.938299 0.436988 -0.0135872 -0.996006 -0.0882432 0.38594 -0.140735 0.0892778 -0.986014 -0.491165 0.989954 -0.000978215 -0.141386 0.442291 
1530618484783 -0.134289 -0.961478 0.239846 -0.392662 0.990686 -0.124753 0.0545786 -0.306421 -0.0225546 0.244942 0.969275 0.424254 -0.0149238 -0.995724 -0.091164 0.385977 -0.144364 0.0923646 -0.985204 -0.491071 0.989412 -0.00154217 -0.145125 0.442758 
1530618485150 -0.169659 -0.968025 0.18478 -0.471244 0.948412 -0.109422 0.29756 -0.284915 -0.267826 0.225731 0.936651 0.406278 -0.016266 -0.995437 -0.0940236 0.385963 -0.14784 0.0953968 -0.9844 -0.490976 0.988878 -0.00211181 -0.148717 0.44295 
1530618485502 -0.169659 -0.968025 0.18478 -0.471244 0.948412 -0.109422 0.29756 -0.284915 -0.267826 0.225731 0.936651 0.406278 -0.0163153 -0.995443 -0.0939521 0.385948 -0.147792 0.0953334 -0.984413 -0.491004 0.988884 -0.00217559 -0.148674 0.442949 
1530618485511 0.283159 -0.929232 0.237377 0.2036 -0.111526 -0.27773 -0.954163 -0.479284 0.952566 0.243706 -0.182276 0.496521 -0.0143501 -0.995925 -0.0890358 0.385935 -0.146658 0.0901783 -0.985068 -0.491173 0.989083 -0.00107799 -0.147355 0.44278 
1530618485854 0.235265 -0.92765 0.290026 0.180994 0.100534 -0.273575 -0.956582 -0.46271 0.966718 0.254208 0.0288977 0.496256 -0.0123915 -0.996379 -0.084114 0.385922 -0.145514 0.0850219 -0.985696 -0.491341 0.989279 2.54979e-05 -0.146041 0.442611 
1530618485861 0.172802 -0.930365 0.323359 0.0915054 0.342208 -0.251137 -0.905441 -0.442023 0.923598 0.267118 0.274981 0.490728 -0.0104387 -0.996805 -0.0791875 0.385908 -0.14436 0.0798645 -0.986297 -0.49151 0.98947 0.00113579 -0.144732 0.442441 
1530618486242 0.105867 -0.934412 0.340098 -0.00738764 0.562466 -0.225775 -0.795398 -0.416776 0.820015 0.2755 0.501673 0.47762 -0.00849173 -0.997203 -0.0742563 0.385895 -0.143195 0.0747063 -0.986871 -0.491678 0.989658 0.0022529 -0.143429 0.442272 
1530618486769 0.0370857 -0.94009 0.338904 -0.105104 0.748833 -0.198425 -0.632358 -0.389455 0.66172 0.277234 0.696612 0.463663 -0.00655058 -0.997573 -0.0693207 0.385882 -0.14202 0.0695475 -0.987418 -0.491846 0.989842 0.00337677 -0.142131 0.442103 
1530618487123 -0.028274 -0.946761 0.320694 -0.202848 0.887792 -0.171221 -0.42721 -0.361412 0.459375 0.272631 0.845368 0.450085 -0.00461544 -0.997915 -0.0643808 0.385869 -0.140835 0.0643884 -0.987937 -0.492013 0.990022 0.00450732 -0.140839 0.441935 
1530618487534 -0.0865125 -0.954088 0.286759 -0.299738 0.970204 -0.146073 -0.193303 -0.333397 0.226316 0.261492 0.938298 0.436996 -0.0026867 -0.998228 -0.0594372 0.385856 -0.139642 0.0592295 -0.988429 -0.492178 0.990198 0.00564429 -0.139553 0.441772 
1530618487878 -0.134289 -0.961478 0.239847 -0.392663 0.990685 -0.124753 0.054579 -0.306423 -0.0225547 0.244943 0.969275 0.424255 -0.000766108 -0.998514 -0.0544924 0.38585 -0.138447 0.0540735 -0.988893 -0.492334 0.99037 0.0067867 -0.138282 0.441637 
1530618488243 -0.169661 -0.968024 0.184781 -0.471245 0.948411 -0.109423 0.297561 -0.284918 -0.267827 0.225733 0.93665 0.406276 0.00112272 -0.998769 -0.0495976 0.385887 -0.137297 0.048974 -0.989318 -0.492458 0.990529 0.00792034 -0.137073 0.441649 
1530618488628 -0.169661 -0.968024 0.184781 -0.471245 0.948411 -0.109423 0.297561 -0.284918 -0.267827 0.225733 0.93665 0.406276 0.00112338 -0.998762 -0.0497297 0.385861 -0.137339 0.0491044 -0.989306 -0.492477 0.990524 0.00794118 -0.137114 0.441584 
1530618488645 0.283164 -0.929231 0.237378 0.203597 -0.111527 -0.277733 -0.954163 -0.479279 0.952565 0.24371 -0.182279 0.496517 0.000588198 -0.998599 -0.052918 0.385832 -0.136184 0.052345 -0.9893 -0.492455 0.990683 0.0077885 -0.135963 0.441411 
1530618488887 0.235267 -0.92765 0.290026 0.180989 0.100532 -0.273576 -0.956582 -0.462709 0.966717 0.254209 0.0288948 0.496258 5.63385e-05 -0.998425 -0.0561071 0.385804 -0.135028 0.0555857 -0.989281 -0.492432 0.990842 0.00763175 -0.134812 0.441237 
1530618489154 0.172803 -0.930364 0.32336 0.091502 0.342206 -0.251137 -0.905442 -0.442024 0.923598 0.267119 0.274979 0.49073 -0.00047152 -0.99824 -0.0592966 0.385775 -0.133869 0.0588259 -0.989252 -0.49241 0.990999 0.00747154 -0.133661 0.441064 
1530618489425 0.105867 -0.934412 0.340098 -0.00738928 0.562466 -0.225775 -0.795398 -0.416777 0.820015 0.2755 0.501673 0.477623 -0.000995517 -0.998045 -0.0624863 0.385747 -0.132709 0.0620655 -0.98921 -0.492387 0.991155 0.00730771 -0.132511 0.440891 
1530618489671 0.0370859 -0.94009 0.338905 -0.105105 0.748833 -0.198426 -0.632358 -0.389456 0.66172 0.277235 0.696611 0.463667 -0.00151667 -0.99784 -0.0656751 0.385718 -0.131547 0.0653035 -0.989157 -0.492364 0.991309 0.00713912 -0.131362 0.440717 
1530618489918 -0.0282738 -0.946761 0.320695 -0.20285 0.887792 -0.171221 -0.42721 -0.361413 0.459375 0.272631 0.845368 0.450089 -0.00203303 -0.997624 -0.0688648 0.385689 -0.130383 0.0685415 -0.989092 -0.49234 0.991462 0.00696791 -0.130212 0.440544 
1530618490261 -0.0865124 -0.954088 0.28676 -0.299739 0.970205 -0.146073 -0.193303 -0.333398 0.226316 0.261493 0.938298 0.437 -0.00254651 -0.997398 -0.0720537 0.38566 -0.129217 0.0717781 -0.989015 -0.492314 0.991613 0.00679203 -0.129064 0.440372 
1530618490527 -0.134289 -0.961478 0.239848 -0.392664 0.990685 -0.124754 0.0545792 -0.306424 -0.0225548 0.244943 0.969275 0.424256 -0.00305675 -0.997161 -0.0752424 0.385629 -0.128051 0.0750136 -0.988927 -0.492283 0.991763 0.00661197 -0.127917 0.440204 
1530618490789 -0.169662 -0.968024 0.184782 -0.471246 0.948411 -0.109424 0.297562 -0.284919 -0.267828 0.225734 0.93665 0.406275 -0.00355725 -0.996915 -0.0784055 0.385596 -0.126916 0.0782221 -0.988824 -0.492238 0.991907 0.0064334 -0.126802 0.440055 
1530618491052 -0.169662 -0.968024 0.184782 -0.471246 0.948411 -0.109424 0.297562 -0.284919 -0.267828 0.225734 0.93665 0.406275 -0.00348867 -0.996919 -0.0783609 0.38564 -0.126837 0.0781697 -0.988839 -0.492218 0.991917 0.00648938 -0.126719 0.440118 
1530618491062 0.283167 -0.92923 0.237378 0.203595 -0.111528 -0.277734 -0.954162 -0.479276 0.952564 0.243713 -0.18228 0.496514 -0.00320609 -0.997024 -0.0770311 0.385657 -0.127737 0.0768088 -0.988829 -0.492245 0.991803 0.00666947 -0.127603 0.440257 
1530618491069 0.235268 -0.927649 0.290026 0.180986 0.100531 -0.273576 -0.956582 -0.462709 0.966717 0.25421 0.0288934 0.496259 -0.00292248 -0.997126 -0.0757014 0.385673 -0.128637 0.0754476 -0.988818 -0.492271 0.991687 0.00684821 -0.128488 0.440395 
1530618491358 0.172804 -0.930364 0.32336 0.0915002 0.342206 -0.251137 -0.905442 -0.442024 0.923598 0.26712 0.274978 0.490731 -0.00263769 -0.997227 -0.0743716 0.38569 -0.129536 0.0740859 -0.988803 -0.492298 0.991571 0.00702567 -0.129373 0.440534 
1530618491609 0.105868 -0.934412 0.340098 -0.00739013 0.562466 -0.225775 -0.795398 -0.416777 0.820015 0.2755 0.501672 0.477625 -0.00235165 -0.997326 -0.0730422 0.385707 -0.130436 0.0727243 -0.988786 -0.492325 0.991454 0.00720203 -0.130258 0.440673 
1530618491893 0.037086 -0.940089 0.338905 -0.105106 0.748833 -0.198426 -0.632358 -0.389456 0.66172 0.277235 0.696611 0.463668 -0.00206459 -0.997423 -0.0717126 0.385723 -0.131335 0.0713621 -0.988766 -0.492351 0.991336 0.00737695 -0.131144 0.440811 
1530618491899 -0.0282738 -0.94676 0.320695 -0.20285 0.887792 -0.171221 -0.42721 -0.361414 0.459375 0.272632 0.845368 0.450091 -0.00177587 -0.997518 -0.0703835 0.38574 -0.132232 0.0699998 -0.988744 -0.492378 0.991217 0.00755106 -0.132028 0.44095 
1530618492121 -0.0865124 -0.954088 0.286761 -0.29974 0.970205 -0.146073 -0.193302 -0.333398 0.226315 0.261494 0.938298 0.437002 -0.0014867 -0.997612 -0.0690539 0.385756 -0.13313 0.0686367 -0.988719 -0.492405 0.991097 0.00772321 -0.132914 0.441087 
1530618492390 -0.134289 -0.961478 0.239848 -0.392664 0.990685 -0.124754 0.0545793 -0.306424 -0.0225549 0.244943 0.969275 0.424256 -0.00119641 -0.997703 -0.067724 0.385772 -0.134024 0.067273 -0.988692 -0.492431 0.990977 0.00789376 -0.133797 0.441218 
1530618492624 -0.169662 -0.968024 0.184782 -0.471246 0.948411 -0.109424 0.297563 -0.28492 -0.267828 0.225735 0.936649 0.406275 -0.000912071 -0.997793 -0.0664008 0.385786 -0.134888 0.0659167 -0.988666 -0.492454 0.99086 0.00805495 -0.134651 0.441314 
1530618492825 -0.169662 -0.968024 0.184782 -0.471246 0.948411 -0.109424 0.297563 -0.28492 -0.267828 0.225735 0.936649 0.406275 -0.000886707 -0.99778 -0.0665856 0.385777 -0.134888 0.0660964 -0.988654 -0.492441 0.99086 0.00810493 -0.134647 0.441283 
1530618492836 0.283168 -0.929229 0.237379 0.203595 -0.111528 -0.277734 -0.954162 -0.479275 0.952564 0.243714 -0.182281 0.496513 -0.00113387 -0.997737 -0.0672316 0.385773 -0.135145 0.0667678 -0.988574 -0.492429 0.990825 0.00796508 -0.134914 0.441312 
1530618493034 0.235269 -0.927649 0.290026 0.180985 0.10053 -0.273576 -0.956582 -0.462709 0.966717 0.25421 0.0288926 0.496259 -0.00138083 -0.997693 -0.0678796 0.385769 -0.135402 0.067441 -0.988493 -0.492416 0.99079 0.00782611 -0.135183 0.44134 
1530618493216 0.172804 -0.930364 0.32336 0.0914993 0.342205 -0.251137 -0.905442 -0.442025 0.923599 0.26712 0.274978 0.490731 -0.00162799 -0.997648 -0.068527 0.385765 -0.13566 0.0681139 -0.988411 -0.492404 0.990754 0.00768721 -0.135451 0.441369 
1530618493410 0.105868 -0.934412 0.340098 -0.00739057 0.562466 -0.225775 -0.795398 -0.416777 0.820015 0.275501 0.501672 0.477625 -0.00187518 -0.997603 -0.0691746 0.38576 -0.135917 0.068787 -0.988329 -0.492392 0.990718 0.00754869 -0.13572 0.441397 
1530618493620 0.037086 -0.940089 0.338905 -0.105107 0.748833 -0.198426 -0.632358 -0.389457 0.66172 0.277235 0.696611 0.463669 -0.00212263 -0.997557 -0.0698219 0.385756 -0.136174 0.06946 -0.988247 -0.49238 0.990683 0.00741021 -0.135988 0.441426 
1530618493792 -0.0282737 -0.94676 0.320695 -0.202851 0.887792 -0.171221 -0.42721 -0.361414 0.459375 0.272632 0.845368 0.450092 -0.00237009 -0.997511 -0.0704692 0.385752 -0.13643 0.0701331 -0.988164 -0.492367 0.990647 0.00727211 -0.136257 0.441454 
1530618493967 -0.0865124 -0.954088 0.286762 -0.299741 0.970205 -0.146073 -0.193302 -0.333399 0.226315 0.261494 0.938297 0.437004 -0.00261773 -0.997465 -0.0711164 0.385748 -0.136687 0.0708061 -0.988081 -0.492355 0.990611 0.00713416 -0.136526 0.441482 
1530618494162 -0.13429 -0.961478 0.239848 -0.392664 0.990685 -0.124754 0.0545793 -0.306425 -0.0225549 0.244943 0.969275 0.424256 -0.00286552 -0.997418 -0.0717629 0.385742 -0.136942 0.0714785 -0.987997 -0.492343 0.990575 0.00699619 -0.136793 0.441505 
1530618494350 -0.169662 -0.968024 0.184783 -0.471246 0.948411 -0.109424 0.297563 -0.28492 -0.267828 0.225735 0.936649 0.406275 -0.00311112 -0.997371 -0.0724013 0.385731 -0.137185 0.0721428 -0.987915 -0.492332 0.990541 0.00685888 -0.137049 0.441503 
1530618494540 -0.169662 -0.968024 0.184783 -0.471246 0.948411 -0.109424 0.297563 -0.28492 -0.267828 0.225735 0.936649 0.406275 -0.00308121 -0.997375 -0.0723396 0.385733 -0.137237 0.0720772 -0.987912 -0.492339 0.990533 0.00688369 -0.137099 0.441458 
1530618494550 0.283169 -0.929229 0.237379 0.203594 -0.111529 -0.277735 -0.954162 -0.479274 0.952563 0.243714 -0.182281 0.496512 -0.00319757 -0.997406 -0.0719131 0.385737 -0.137402 0.0716696 -0.987919 -0.492316 0.99051 0.00672204 -0.137274 0.441488 
1530618494724 0.235269 -0.927649 0.290026 0.180985 0.10053 -0.273576 -0.956582 -0.462709 0.966717 0.254211 0.0288922 0.49626 -0.00331295 -0.997436 -0.0714862 0.385741 -0.137567 0.0712615 -0.987926 -0.492294 0.990487 0.00656116 -0.13745 0.441517 
1530618494729 0.172805 -0.930364 0.32336 0.0914989 0.342205 -0.251137 -0.905442 -0.442025 0.923599 0.26712 0.274977 0.490731 -0.00342836 -0.997466 -0.071059 0.385744 -0.137731 0.0708532 -0.987932 -0.492271 0.990464 0.00640007 -0.137625 0.441547 
1530618494887 0.105868 -0.934412 0.340098 -0.00739079 0.562466 -0.225775 -0.795398 -0.416778 0.820015 0.275501 0.501672 0.477626 -0.00354356 -0.997496 -0.070632 0.385748 -0.137896 0.0704451 -0.987938 -0.492248 0.99044 0.00623908 -0.137801 0.441576 
1530618495072 0.0370861 -0.940089 0.338905 -0.105107 0.748833 -0.198426 -0.632358 -0.389457 0.66172 0.277235 0.696611 0.46367 -0.00365882 -0.997526 -0.0702047 0.385752 -0.138061 0.0700367 -0.987944 -0.492226 0.990417 0.00607785 -0.137976 0.441606 
1530618495222 -0.0282737 -0.94676 0.320695 -0.202851 0.887792 -0.171221 -0.42721 -0.361414 0.459375 0.272632 0.845368 0.450092 -0.00377396 -0.997555 -0.0697774 0.385756 -0.138226 0.0696284 -0.98795 -0.492204 0.990393 0.00591659 -0.138151 0.441635 
1530618495387 -0.0865124 -0.954088 0.286762 -0.299741 0.970205 -0.146073 -0.193302 -0.333399 0.226315 0.261495 0.938297 0.437004 -0.00388838 -0.997585 -0.0693504 0.385761 -0.138391 0.0692204 -0.987956 -0.492184 0.99037 0.00575595 -0.138326 0.441664 
1530618495557 -0.13429 -0.961478 0.239848 -0.392664 0.990685 -0.124754 0.0545794 -0.306425 -0.0225549 0.244944 0.969275 0.424256 -0.00400285 -0.997614 -0.0689231 0.385766 -0.138557 0.0688121 -0.987961 -0.492169 0.990346 0.00559508 -0.138501 0.441693 
1530618495726 -0.169662 -0.968024 0.184783 -0.471246 0.948411 -0.109424 0.297563 -0.284921 -0.267828 0.225735 0.936649 0.406274 -0.0041119 -0.997643 -0.0685009 0.385768 -0.138718 0.0684082 -0.987966 -0.492168 0.990323 0.00543988 -0.138672 0.441718 
1530618495879 -0.169662 -0.968024 0.184783 -0.471246 0.948411 -0.109424 0.297563 -0.284921 -0.267828 0.225735 0.936649 0.406274 -0.00396139 -0.997628 -0.0687163 0.385825 -0.13859 0.0686015 -0.987971 -0.492094 0.990342 0.00560969 -0.138534 0.441702 
