1535121503136 0.240733 0.926832 -0.288149 -0.619422 -0.940194 0.296397 0.16788 -0.236125 0.241003 0.230502 0.942755 0.383831 0.15242 -0.113459 0.981782 0.382828 -0.979954 0.111597 0.165033 -0.484889 -0.128288 -0.987255 -0.0941752 0.439132 
1535121503147 0.241295 0.927169 -0.286592 -0.621084 -0.940394 0.296323 0.166888 -0.236829 0.239657 0.22924 0.943405 0.382646 0.151711 -0.114725 0.981744 0.38287 -0.979651 0.114596 0.164779 -0.484742 -0.131408 -0.986765 -0.0950046 0.439239 
1535121503155 0.241855 0.927504 -0.285032 -0.622752 -0.940593 0.29625 0.165895 -0.237537 0.238309 0.227976 0.944053 0.38146 0.150997 -0.115988 0.981706 0.382911 -0.979338 0.117595 0.164527 -0.484593 -0.134527 -0.986265 -0.0958346 0.439347 
1535121503506 0.242413 0.927836 -0.283471 -0.624419 -0.94079 0.296178 0.164903 -0.238243 0.23696 0.226712 0.944696 0.380275 0.15028 -0.117248 0.981666 0.382953 -0.979015 0.120593 0.164277 -0.484444 -0.137644 -0.985754 -0.0966651 0.439454 
1535121503654 0.242968 0.928167 -0.281909 -0.626086 -0.940986 0.296107 0.16391 -0.23895 0.235611 0.225447 0.945337 0.379089 0.149558 -0.118507 0.981625 0.382994 -0.978682 0.123591 0.16403 -0.484295 -0.140759 -0.985232 -0.0974963 0.439562 
1535121503768 0.243521 0.928496 -0.280345 -0.627753 -0.94118 0.296038 0.162916 -0.239657 0.23426 0.224182 0.945973 0.377903 0.148833 -0.119763 0.981583 0.383036 -0.97834 0.126588 0.163786 -0.484146 -0.143872 -0.984699 -0.0983282 0.439669 
1535121504169 0.244072 0.928822 -0.27878 -0.629421 -0.941373 0.29597 0.161922 -0.240364 0.232908 0.222916 0.946606 0.376717 0.148104 -0.121016 0.98154 0.383077 -0.977988 0.129583 0.163545 -0.483997 -0.146983 -0.984156 -0.0991607 0.439776 
1535121504419 0.244621 0.929146 -0.277214 -0.631087 -0.941564 0.295903 0.160928 -0.24107 0.231554 0.221649 0.947235 0.375531 0.14737 -0.122267 0.981495 0.383119 -0.977627 0.132578 0.163305 -0.483849 -0.150092 -0.983602 -0.099994 0.439884 
1535121504678 0.245167 0.929469 -0.275647 -0.632755 -0.941754 0.295838 0.159934 -0.241777 0.2302 0.220381 0.947861 0.374346 0.146633 -0.123516 0.981449 0.38316 -0.977256 0.135572 0.163068 -0.4837 -0.153198 -0.983038 -0.100828 0.439991 
1535121504745 0.245711 0.929789 -0.274079 -0.634421 -0.941943 0.295774 0.158939 -0.242483 0.228845 0.219114 0.948483 0.37316 0.145891 -0.124763 0.981402 0.383202 -0.976875 0.138565 0.162833 -0.483551 -0.156303 -0.982463 -0.101662 0.440099 
1535121505446 0.245766 0.929734 -0.274216 -0.63425 -0.941853 0.295922 0.159195 -0.242378 0.229156 0.219147 0.9484 0.373347 0.145972 -0.124311 0.981447 0.383175 -0.97697 0.137957 0.16278 -0.483642 -0.155633 -0.982606 -0.10131 0.440069 
1535121505457 0.245096 0.929631 -0.275162 -0.634266 -0.941814 0.295647 0.159937 -0.242526 0.230033 0.219951 0.948001 0.373367 0.145896 -0.124478 0.981437 0.383183 -0.976921 0.13832 0.162768 -0.483625 -0.156013 -0.982534 -0.101425 0.440083 
1535121505463 0.244424 0.929528 -0.276106 -0.634281 -0.941774 0.295372 0.160679 -0.242674 0.230909 0.220756 0.947601 0.373387 0.145818 -0.124644 0.981428 0.38319 -0.976872 0.138683 0.162754 -0.483601 -0.156394 -0.982462 -0.101539 0.440096 
1535121505476 0.243751 0.929424 -0.27705 -0.634296 -0.941733 0.295096 0.161421 -0.242821 0.231785 0.221561 0.947199 0.373407 0.145738 -0.12481 0.981419 0.383196 -0.976822 0.139047 0.162739 -0.483575 -0.156775 -0.982389 -0.101653 0.44011 
1535121505483 0.243077 0.929319 -0.277994 -0.634311 -0.941692 0.294822 0.162163 -0.242969 0.232659 0.222367 0.946796 0.373427 0.14566 -0.124976 0.981409 0.383203 -0.976773 0.139411 0.162725 -0.483553 -0.157156 -0.982316 -0.101767 0.440124 
1535121505494 0.242402 0.929213 -0.278936 -0.634325 -0.941649 0.294548 0.162905 -0.243117 0.233533 0.223171 0.946391 0.373448 0.145581 -0.125142 0.9814 0.38321 -0.976723 0.139775 0.16271 -0.483528 -0.157537 -0.982244 -0.101881 0.440138 
1535121505650 0.241727 0.929105 -0.279878 -0.63434 -0.941606 0.294275 0.163647 -0.243264 0.234407 0.223976 0.945985 0.373468 0.145502 -0.125308 0.98139 0.383217 -0.976674 0.140139 0.162696 -0.483503 -0.157918 -0.982171 -0.101995 0.440151 
1535121505658 0.24105 0.928997 -0.280819 -0.634355 -0.941562 0.294003 0.164389 -0.243412 0.235279 0.224782 0.945577 0.373488 0.145423 -0.125474 0.981381 0.383224 -0.976624 0.140502 0.162682 -0.48348 -0.158299 -0.982097 -0.102109 0.440165 
1535121505710 0.240373 0.928888 -0.281759 -0.634369 -0.941517 0.29373 0.165132 -0.243559 0.236151 0.225587 0.945168 0.373508 0.145343 -0.12564 0.981371 0.38323 -0.976574 0.140866 0.162667 -0.483455 -0.15868 -0.982024 -0.102223 0.440179 
1535121505884 0.239694 0.928778 -0.282698 -0.634384 -0.941471 0.293459 0.165875 -0.243707 0.237021 0.226393 0.944758 0.373529 0.145265 -0.125806 0.981362 0.383237 -0.976523 0.14123 0.162653 -0.483432 -0.15906 -0.981951 -0.102336 0.440192 
1535121505972 0.241856 0.929077 -0.279862 -0.634342 -0.941657 0.294315 0.163279 -0.243311 0.234066 0.224044 0.946054 0.373394 0.145496 -0.125564 0.981359 0.383284 -0.976606 0.140519 0.16277 -0.483443 -0.158338 -0.982084 -0.102182 0.440123 
1535121505988 0.241541 0.929123 -0.279979 -0.634416 -0.941718 0.294054 0.163402 -0.243384 0.23415 0.224193 0.945998 0.373399 0.149527 -0.127684 0.980479 0.383351 -0.977644 0.129166 0.165916 -0.483918 -0.14783 -0.983368 -0.105515 0.440745 
1535121506156 0.241224 0.92917 -0.280096 -0.634491 -0.941778 0.293792 0.163525 -0.243457 0.234233 0.224342 0.945942 0.373404 0.153595 -0.129752 0.979578 0.383421 -0.978552 0.117746 0.16903 -0.484401 -0.137273 -0.984531 -0.108883 0.441366 
1535121506397 0.240908 0.929217 -0.280213 -0.634566 -0.941838 0.29353 0.163648 -0.24353 0.234316 0.224491 0.945886 0.373409 0.157682 -0.131771 0.978659 0.38349 -0.979326 0.106305 0.172103 -0.484883 -0.126714 -0.985564 -0.112284 0.441987 
1535121506412 0.240591 0.929264 -0.28033 -0.634641 -0.941899 0.293268 0.163772 -0.243604 0.234399 0.22464 0.94583 0.373414 0.16179 -0.133742 0.97772 0.383559 -0.979966 0.0948442 0.175135 -0.485366 -0.116154 -0.986467 -0.115718 0.442608 
1535121506417 0.240275 0.92931 -0.280447 -0.634716 -0.941959 0.293005 0.163895 -0.243677 0.234482 0.22479 0.945774 0.37342 0.165916 -0.135664 0.976764 0.383629 -0.98047 0.0833656 0.178124 -0.485849 -0.105593 -0.987241 -0.119182 0.443229 
1535121506428 0.239958 0.929357 -0.280564 -0.63479 -0.942019 0.292743 0.164019 -0.24375 0.234565 0.224939 0.945718 0.373425 0.17006 -0.137536 0.975789 0.383698 -0.98084 0.071871 0.18107 -0.48633 -0.0950346 -0.987886 -0.122679 0.44385 
1535121506564 0.239642 0.929403 -0.280681 -0.634865 -0.942079 0.292481 0.164142 -0.243823 0.234648 0.225088 0.945662 0.37343 0.174222 -0.139359 0.974795 0.383768 -0.981076 0.0603617 0.183974 -0.486814 -0.0844788 -0.9884 -0.126205 0.444471 
1535121506708 0.239325 0.92945 -0.280797 -0.63494 -0.942139 0.292219 0.164265 -0.243896 0.234731 0.225237 0.945606 0.373435 0.178401 -0.141132 0.973784 0.383837 -0.981177 0.0488398 0.186834 -0.487296 -0.0739277 -0.988785 -0.129762 0.445092 
1535121506782 0.239009 0.929496 -0.280914 -0.635015 -0.942198 0.291957 0.164389 -0.24397 0.234813 0.225386 0.945549 0.37344 0.182597 -0.142855 0.972754 0.383906 -0.981143 0.0373067 0.18965 -0.487778 -0.0633828 -0.98904 -0.133349 0.445712 
1535121507400 0.239597 0.929405 -0.280711 -0.634845 -0.942115 0.29242 0.164044 -0.243881 0.234549 0.225157 0.94567 0.373391 0.169572 -0.137611 0.975863 0.383658 -0.980843 0.0727674 0.180698 -0.486247 -0.0958771 -0.98781 -0.122635 0.443557 
1535121507536 0.239077 0.929561 -0.280639 -0.634924 -0.942249 0.291909 0.164186 -0.244002 0.234541 0.225179 0.945666 0.373435 0.167477 -0.136819 0.976336 0.383603 -0.980847 0.0767787 0.17901 -0.486047 -0.0994538 -0.987616 -0.12134 0.443269 
1535121507551 0.238555 0.929718 -0.280564 -0.635005 -0.942383 0.291395 0.164328 -0.244124 0.234534 0.225198 0.945664 0.37348 0.165381 -0.136018 0.976805 0.383546 -0.980833 0.0807877 0.177313 -0.485838 -0.103032 -0.987407 -0.12005 0.44298 
1535121507754 0.238034 0.929874 -0.28049 -0.635085 -0.942517 0.290882 0.16447 -0.244245 0.234526 0.225217 0.945661 0.373524 0.163289 -0.135208 0.977269 0.38349 -0.980801 0.0847938 0.175611 -0.485632 -0.10661 -0.987182 -0.118767 0.442692 
1535121507849 0.237512 0.93003 -0.280416 -0.635165 -0.94265 0.290368 0.164612 -0.244367 0.234518 0.225237 0.945658 0.373568 0.161199 -0.13439 0.977729 0.383433 -0.980751 0.0887973 0.173902 -0.485424 -0.110191 -0.986942 -0.117489 0.442403 
1535121507954 0.23699 0.930185 -0.280341 -0.635245 -0.942783 0.289854 0.164755 -0.244488 0.23451 0.225256 0.945656 0.373612 0.159112 -0.133563 0.978184 0.383377 -0.980683 0.092798 0.172189 -0.485219 -0.113772 -0.986686 -0.116218 0.442115 
1535121508049 0.236468 0.93034 -0.280267 -0.635326 -0.942916 0.28934 0.164897 -0.24461 0.234503 0.225275 0.945653 0.373656 0.157026 -0.132727 0.978635 0.383321 -0.980597 0.096796 0.170469 -0.485011 -0.117354 -0.986415 -0.114952 0.441826 
1535121508137 0.235946 0.930495 -0.280192 -0.635406 -0.943049 0.288826 0.165039 -0.244732 0.234495 0.225295 0.94565 0.373701 0.154943 -0.131883 0.979081 0.383264 -0.980493 0.100791 0.168743 -0.484803 -0.120937 -0.986128 -0.113693 0.441538 
1535121508164 0.235424 0.93065 -0.280118 -0.635487 -0.943181 0.288312 0.165181 -0.244853 0.234487 0.225314 0.945648 0.373745 0.152863 -0.13103 0.979522 0.383208 -0.980371 0.104783 0.167013 -0.484597 -0.124521 -0.985825 -0.11244 0.441249 
1535121508170 0.234902 0.930805 -0.280042 -0.635567 -0.943314 0.287798 0.165323 -0.244975 0.234479 0.225333 0.945645 0.373789 0.150786 -0.130168 0.979959 0.383152 -0.980231 0.108772 0.165276 -0.48439 -0.128106 -0.985507 -0.111194 0.440961 
1535121509180 0.23532 0.93066 -0.280171 -0.635465 -0.943228 0.288203 0.165106 -0.244817 0.234404 0.225413 0.945645 0.373711 0.153501 -0.13106 0.979419 0.383317 -0.98036 0.103999 0.167565 -0.484675 -0.123819 -0.985905 -0.112522 0.441564 
1535121509281 0.235127 0.930845 -0.279718 -0.63553 -0.9434 0.287819 0.164792 -0.244925 0.233904 0.225139 0.945834 0.373699 0.152557 -0.131108 0.97956 0.383281 -0.980389 0.10504 0.166745 -0.484623 -0.124755 -0.985788 -0.112512 0.441486 
1535121509293 0.234935 0.93103 -0.279265 -0.635598 -0.943572 0.287435 0.164476 -0.245035 0.233403 0.224865 0.946023 0.373687 0.15161 -0.131155 0.9797 0.383245 -0.980416 0.106083 0.165923 -0.484566 -0.125691 -0.98567 -0.112503 0.441407 
1535121509310 0.234742 0.931215 -0.278811 -0.635666 -0.943744 0.287051 0.164161 -0.245144 0.232902 0.224591 0.946211 0.373674 0.150664 -0.131202 0.97984 0.383208 -0.980442 0.107125 0.165101 -0.484509 -0.126627 -0.985551 -0.112496 0.441328 
1535121509441 0.234549 0.931399 -0.278358 -0.635735 -0.943916 0.286668 0.163845 -0.245254 0.232401 0.224316 0.946399 0.373661 0.149717 -0.131247 0.979979 0.383172 -0.980465 0.108167 0.164278 -0.484451 -0.127563 -0.985431 -0.112489 0.44125 
1535121509479 0.234355 0.931583 -0.277904 -0.635804 -0.944087 0.286284 0.163529 -0.245364 0.2319 0.224041 0.946587 0.373649 0.14877 -0.131291 0.980117 0.383135 -0.980487 0.10921 0.163455 -0.484392 -0.128498 -0.98531 -0.112482 0.441171 
1535121509642 0.234162 0.931767 -0.27745 -0.635872 -0.944258 0.2859 0.163213 -0.245473 0.2314 0.223767 0.946775 0.373636 0.147823 -0.131335 0.980255 0.383099 -0.980508 0.110252 0.162633 -0.484336 -0.129434 -0.985188 -0.112477 0.441093 
1535121509704 0.233968 0.931951 -0.276997 -0.635941 -0.944428 0.285517 0.162897 -0.245583 0.230899 0.223491 0.946962 0.373624 0.146876 -0.131377 0.980392 0.383062 -0.980526 0.111294 0.16181 -0.484277 -0.13037 -0.985065 -0.112472 0.441014 
1535121509710 0.233774 0.932134 -0.276543 -0.636009 -0.944599 0.285134 0.16258 -0.245693 0.230398 0.223216 0.947149 0.373611 0.145929 -0.131418 0.980527 0.383025 -0.980543 0.112336 0.160987 -0.48422 -0.131305 -0.984942 -0.112468 0.440935 
1535121509858 0.233579 0.932317 -0.27609 -0.636078 -0.944769 0.28475 0.162263 -0.245803 0.229897 0.22294 0.947336 0.373598 0.144981 -0.131459 0.980663 0.382989 -0.980558 0.113378 0.160164 -0.484161 -0.13224 -0.984817 -0.112465 0.440857 
1535121509937 0.234021 0.931998 -0.276794 -0.635945 -0.944471 0.285478 0.162718 -0.245727 0.230672 0.223345 0.947052 0.373596 0.148372 -0.131379 0.980166 0.383166 -0.980463 0.109889 0.163146 -0.484403 -0.129143 -0.985223 -0.112508 0.441057 
1535121509947 0.234492 0.931932 -0.276614 -0.635927 -0.944451 0.285804 0.162261 -0.245702 0.230273 0.2232 0.947183 0.373581 0.151255 -0.132068 0.979633 0.383163 -0.98083 0.103124 0.165342 -0.484828 -0.12286 -0.985862 -0.113939 0.44139 
1535121509953 0.234963 0.931867 -0.276435 -0.635909 -0.944431 0.286129 0.161803 -0.245677 0.229875 0.223056 0.947314 0.373566 0.154219 -0.132742 0.979079 0.383169 -0.981147 0.0962462 0.167594 -0.485261 -0.116479 -0.986467 -0.115396 0.441721 
1535121510173 0.235433 0.931802 -0.276255 -0.63589 -0.944411 0.286454 0.161345 -0.245652 0.229476 0.222912 0.947444 0.373552 0.157186 -0.133395 0.978518 0.383174 -0.981413 0.0893631 0.169834 -0.485693 -0.110098 -0.987026 -0.116869 0.442052 
1535121510197 0.235904 0.931736 -0.276075 -0.635872 -0.94439 0.286779 0.160887 -0.245627 0.229077 0.222769 0.947575 0.373537 0.160157 -0.134027 0.97795 0.383179 -0.981627 0.0824744 0.172062 -0.486127 -0.103717 -0.98754 -0.118355 0.442383 
1535121510239 0.236374 0.93167 -0.275895 -0.635854 -0.944369 0.287104 0.16043 -0.245602 0.228678 0.222625 0.947705 0.373522 0.163131 -0.134638 0.977375 0.383185 -0.981791 0.0755805 0.17428 -0.48656 -0.097335 -0.988008 -0.119857 0.442715 
1535121510313 0.236844 0.931604 -0.275714 -0.635836 -0.944348 0.287429 0.159972 -0.245577 0.228279 0.222482 0.947835 0.373507 0.166107 -0.135228 0.976792 0.38319 -0.981904 0.068682 0.176485 -0.486992 -0.0909536 -0.988431 -0.121372 0.443046 
1535121510457 0.237315 0.931538 -0.275534 -0.635817 -0.944327 0.287754 0.159514 -0.245552 0.22788 0.222339 0.947964 0.373492 0.169086 -0.135797 0.976201 0.383196 -0.981966 0.0617789 0.178679 -0.487426 -0.0845726 -0.988809 -0.122902 0.443377 
1535121510513 0.237785 0.931472 -0.275353 -0.635799 -0.944305 0.28808 0.159057 -0.245527 0.22748 0.222196 0.948094 0.373478 0.172067 -0.136345 0.975604 0.383201 -0.981977 0.054872 0.18086 -0.487859 -0.0781926 -0.989141 -0.124446 0.443708 
1535121510604 0.238255 0.931405 -0.275172 -0.635781 -0.944282 0.288405 0.158599 -0.245502 0.227081 0.222053 0.948223 0.373463 0.175052 -0.136871 0.974999 0.383207 -0.981937 0.0479611 0.18303 -0.488293 -0.0718136 -0.989427 -0.126003 0.444039 
1535121511128 0.237593 0.931502 -0.275416 -0.63579 -0.944283 0.287975 0.159372 -0.245549 0.227768 0.222205 0.948022 0.373509 0.162353 -0.134858 0.977474 0.383092 -0.981905 0.075797 0.173546 -0.486489 -0.0974937 -0.987962 -0.120112 0.442523 
1535121511146 0.238357 0.931356 -0.275249 -0.635589 -0.944192 0.288579 0.15882 -0.245416 0.227349 0.222032 0.948163 0.373554 0.164712 -0.135073 0.977049 0.383139 -0.982162 0.0686316 0.175062 -0.486803 -0.0907026 -0.988456 -0.121359 0.442753 
1535121511169 0.239121 0.931209 -0.275082 -0.635385 -0.944099 0.289184 0.158269 -0.245282 0.226931 0.221859 0.948304 0.373599 0.167076 -0.135269 0.976621 0.383188 -0.982367 0.0614621 0.176572 -0.487125 -0.08391 -0.988901 -0.122615 0.442983 
1535121511372 0.239886 0.931062 -0.274915 -0.635181 -0.944006 0.28979 0.157718 -0.245148 0.226513 0.221687 0.948445 0.373645 0.169441 -0.135449 0.976188 0.383237 -0.982519 0.0542891 0.178073 -0.487448 -0.077116 -0.989296 -0.123882 0.443214 
1535121511379 0.24065 0.930915 -0.274747 -0.634978 -0.943912 0.290395 0.157167 -0.245014 0.226094 0.221514 0.948585 0.37369 0.171807 -0.135611 0.975752 0.383285 -0.982618 0.0471132 0.179563 -0.48777 -0.0703214 -0.989641 -0.125159 0.443444 
1535121511508 0.241413 0.930767 -0.274578 -0.634775 -0.943817 0.291 0.156616 -0.24488 0.225675 0.221342 0.948725 0.373736 0.174172 -0.135755 0.975313 0.383334 -0.982664 0.0399348 0.181043 -0.48809 -0.0635265 -0.989937 -0.126446 0.443675 
1535121511592 0.242177 0.930618 -0.274409 -0.634571 -0.943721 0.291605 0.156065 -0.244746 0.225256 0.22117 0.948864 0.373781 0.176538 -0.135883 0.974869 0.383382 -0.982658 0.0327541 0.182514 -0.488413 -0.0567315 -0.990183 -0.127744 0.443905 
1535121511845 0.24294 0.930469 -0.274239 -0.634368 -0.943625 0.29221 0.155515 -0.244612 0.224837 0.220998 0.949004 0.373826 0.178904 -0.135993 0.974423 0.383431 -0.982598 0.0255717 0.183974 -0.488734 -0.0499368 -0.99038 -0.129052 0.444135 
1535121512008 0.243703 0.930319 -0.27407 -0.634164 -0.943528 0.292816 0.154964 -0.244478 0.224418 0.220827 0.949143 0.373872 0.181271 -0.136086 0.973972 0.38348 -0.982486 0.0183876 0.185424 -0.489057 -0.0431427 -0.990526 -0.130369 0.444366 
1535121512158 0.244466 0.930169 -0.2739 -0.633961 -0.94343 0.293421 0.154413 -0.244344 0.223998 0.220656 0.949282 0.373917 0.183637 -0.136162 0.973518 0.383528 -0.982322 0.0112027 0.186864 -0.489378 -0.0363498 -0.990623 -0.131697 0.444596 
1535121512967 0.243843 0.930328 -0.273917 -0.634087 -0.943531 0.292885 0.154812 -0.244399 0.224252 0.2207 0.949212 0.373914 0.183153 -0.136205 0.973603 0.383471 -0.982387 0.011937 0.186476 -0.489324 -0.0370208 -0.990609 -0.131619 0.444472 
1535121512978 0.244046 0.930253 -0.273991 -0.633741 -0.943486 0.293085 0.154711 -0.244293 0.224223 0.22075 0.949207 0.37402 0.184595 -0.13652 0.973287 0.383515 -0.982214 0.00900417 0.187551 -0.489565 -0.034368 -0.990596 -0.132429 0.444591 
1535121512997 0.24425 0.930177 -0.274065 -0.633391 -0.94344 0.293286 0.154608 -0.244186 0.224192 0.220801 0.949202 0.374127 0.186043 -0.136828 0.972968 0.383559 -0.98203 0.0060532 0.188627 -0.489815 -0.0316991 -0.990576 -0.133243 0.444711 
1535121513222 0.244454 0.930102 -0.274139 -0.633041 -0.943395 0.293487 0.154505 -0.244078 0.224162 0.220852 0.949197 0.374234 0.187492 -0.137133 0.972647 0.383604 -0.981837 0.00310187 0.189701 -0.490065 -0.0290313 -0.990548 -0.134061 0.444832 
1535121513228 0.244658 0.930026 -0.274214 -0.632691 -0.943349 0.293688 0.154403 -0.24397 0.224132 0.220903 0.949193 0.374341 0.188942 -0.137433 0.972324 0.383649 -0.981634 0.00015011 0.190772 -0.490315 -0.0263643 -0.990511 -0.13488 0.444953 
1535121513492 0.244862 0.929951 -0.274288 -0.632342 -0.943303 0.293889 0.1543 -0.243863 0.224102 0.220955 0.949188 0.374448 0.190391 -0.137729 0.971999 0.383693 -0.981422 -0.00280181 0.19184 -0.490564 -0.0236985 -0.990466 -0.135703 0.445074 
1535121513652 0.245067 0.929875 -0.274363 -0.631992 -0.943257 0.29409 0.154197 -0.243755 0.224072 0.221006 0.949183 0.374555 0.191842 -0.13802 0.971672 0.383738 -0.9812 -0.00575427 0.192906 -0.490815 -0.0210335 -0.990413 -0.136529 0.445195 
1535121513659 0.245271 0.929799 -0.274437 -0.631642 -0.943211 0.294291 0.154095 -0.243648 0.224041 0.221057 0.949178 0.374662 0.193293 -0.138307 0.971344 0.383782 -0.980969 -0.0087068 0.193968 -0.491064 -0.0183698 -0.990351 -0.137357 0.445316 
1535121513886 0.245475 0.929723 -0.274511 -0.631292 -0.943165 0.294492 0.153992 -0.24354 0.224011 0.221109 0.949173 0.374769 0.194744 -0.138589 0.971014 0.383827 -0.980728 -0.0116598 0.195028 -0.491315 -0.0157069 -0.990281 -0.138189 0.445437 
1535121514060 0.245679 0.929648 -0.274586 -0.630942 -0.94312 0.294693 0.153889 -0.243432 0.223981 0.22116 0.949169 0.374876 0.196196 -0.138867 0.970682 0.383872 -0.980478 -0.0146128 0.196085 -0.491565 -0.0130454 -0.990203 -0.139023 0.445558 
1535121514481 0.245594 0.929642 -0.274682 -0.631147 -0.943139 0.294629 0.153889 -0.243555 0.223991 0.22127 0.949141 0.374751 0.195633 -0.138687 0.970821 0.383799 -0.980583 -0.0139669 0.195605 -0.491482 -0.0135685 -0.990238 -0.138727 0.445526 
1535121514507 0.245468 0.929638 -0.274806 -0.630656 -0.94302 0.294679 0.154522 -0.24337 0.224629 0.221218 0.949002 0.374893 0.192228 -0.138761 0.97149 0.383804 -0.981104 -0.00498578 0.193419 -0.491237 -0.0219953 -0.990313 -0.137097 0.445056 
1535121514587 0.245342 0.929634 -0.274931 -0.630164 -0.942901 0.294729 0.155154 -0.243184 0.225267 0.221167 0.948862 0.375035 0.188821 -0.138804 0.972152 0.383807 -0.98154 0.00399659 0.191215 -0.490988 -0.0304268 -0.990312 -0.135488 0.444585 
1535121514594 0.245217 0.92963 -0.275056 -0.629671 -0.942781 0.294779 0.155786 -0.242998 0.225905 0.221116 0.948723 0.375177 0.185412 -0.138817 0.972806 0.383811 -0.981892 0.0129787 0.188996 -0.490738 -0.0388615 -0.990233 -0.133897 0.444115 
1535121514902 0.245091 0.929627 -0.275181 -0.629178 -0.942661 0.294829 0.156418 -0.242811 0.226542 0.221066 0.948582 0.375319 0.182001 -0.138798 0.973453 0.383814 -0.98216 0.0219598 0.18676 -0.490488 -0.0472988 -0.990077 -0.132325 0.443644 
1535121514911 0.244965 0.929623 -0.275306 -0.628685 -0.94254 0.294879 0.15705 -0.242625 0.227179 0.221015 0.948442 0.375462 0.178589 -0.138748 0.974092 0.383818 -0.982344 0.0309392 0.184509 -0.490237 -0.055738 -0.989844 -0.130773 0.443174 
1535121515201 0.244839 0.929619 -0.275431 -0.628192 -0.942419 0.294929 0.157682 -0.242439 0.227817 0.220964 0.948301 0.375604 0.175177 -0.138667 0.974723 0.383821 -0.982443 0.0399159 0.182243 -0.489989 -0.064178 -0.989534 -0.12924 0.442703 
1535121515389 0.244713 0.929615 -0.275555 -0.627699 -0.942297 0.294979 0.158314 -0.242253 0.228454 0.220914 0.948159 0.375746 0.171763 -0.138555 0.975346 0.383825 -0.982458 0.0488894 0.179961 -0.489738 -0.0726186 -0.989147 -0.127727 0.442233 
1535121515600 0.244587 0.929612 -0.27568 -0.627206 -0.942175 0.295029 0.158946 -0.242067 0.229091 0.220863 0.948017 0.375888 0.16835 -0.138412 0.975961 0.383828 -0.982389 0.0578587 0.177664 -0.489489 -0.0810587 -0.988683 -0.126234 0.441762 
1535121515607 0.244461 0.929608 -0.275805 -0.626713 -0.942053 0.295079 0.159577 -0.24188 0.229728 0.220812 0.947875 0.37603 0.164936 -0.138237 0.976569 0.383832 -0.982235 0.0668233 0.175352 -0.489238 -0.0894978 -0.988142 -0.12476 0.441292 
1535121516474 0.244266 0.929731 -0.275561 -0.626956 -0.94218 0.294777 0.159386 -0.241877 0.229415 0.220695 0.947978 0.376068 0.165281 -0.138038 0.976539 0.383801 -0.982229 0.0662391 0.175607 -0.489392 -0.0889255 -0.988209 -0.124637 0.441488 
1535121516486 0.244307 0.929744 -0.275483 -0.626601 -0.942103 0.294866 0.159674 -0.241745 0.229687 0.220524 0.947952 0.376152 0.16499 -0.137923 0.976604 0.383849 -0.982211 0.0670399 0.175405 -0.489402 -0.0896639 -0.988171 -0.124409 0.441353 
1535121516492 0.244348 0.929756 -0.275406 -0.62624 -0.942026 0.294955 0.159961 -0.24161 0.229957 0.220354 0.947926 0.376236 0.164734 -0.137813 0.976663 0.3839 -0.982192 0.0677684 0.175229 -0.489427 -0.0903357 -0.988137 -0.124195 0.441232 
1535121516504 0.244389 0.929768 -0.275329 -0.625878 -0.94195 0.295045 0.160248 -0.241474 0.230228 0.220183 0.9479 0.376322 0.164479 -0.137702 0.976721 0.383951 -0.982173 0.0684967 0.175054 -0.489451 -0.0910074 -0.988102 -0.123981 0.44111 
1535121516524 0.24443 0.92978 -0.275252 -0.625518 -0.941873 0.295134 0.160535 -0.241339 0.230499 0.220013 0.947874 0.376406 0.164225 -0.13759 0.97678 0.384003 -0.982153 0.0692247 0.174879 -0.489476 -0.091679 -0.988067 -0.123766 0.440988 
1535121516529 0.244471 0.929792 -0.275175 -0.625158 -0.941796 0.295223 0.160822 -0.241205 0.230769 0.219842 0.947848 0.376491 0.16397 -0.137479 0.976839 0.384054 -0.982133 0.069953 0.174703 -0.489502 -0.0923508 -0.988031 -0.123552 0.440867 
1535121516713 0.244512 0.929804 -0.275098 -0.624796 -0.941719 0.295312 0.161109 -0.241069 0.23104 0.219672 0.947821 0.376576 0.163715 -0.137367 0.976897 0.384105 -0.982112 0.0706811 0.174528 -0.489527 -0.0930225 -0.987995 -0.123339 0.440745 
1535121516719 0.244553 0.929816 -0.275021 -0.624436 -0.941642 0.295401 0.161396 -0.240935 0.23131 0.219501 0.947795 0.376661 0.16346 -0.137255 0.976955 0.384156 -0.982091 0.0714091 0.174352 -0.489552 -0.0936942 -0.987958 -0.123125 0.440623 
1535121516726 0.244594 0.929828 -0.274944 -0.624075 -0.941565 0.29549 0.161683 -0.240799 0.231581 0.219331 0.947768 0.376746 0.163206 -0.137143 0.977014 0.384207 -0.982069 0.0721369 0.174176 -0.489577 -0.0943658 -0.987921 -0.122911 0.440501 
1535121516738 0.244635 0.92984 -0.274867 -0.623715 -0.941488 0.295579 0.16197 -0.240664 0.231851 0.21916 0.947741 0.37683 0.162951 -0.137031 0.977072 0.384258 -0.982046 0.0728649 0.174 -0.489602 -0.0950376 -0.987883 -0.122698 0.44038 
1535121517183 0.244178 0.930081 -0.274456 -0.623951 -0.941713 0.294969 0.161769 -0.240659 0.231415 0.218959 0.947895 0.376924 0.163468 -0.137187 0.976964 0.384129 -0.982095 0.07136 0.174347 -0.48956 -0.0936343 -0.987971 -0.123066 0.440755 
1535121517197 0.244208 0.929994 -0.274725 -0.62373 -0.941641 0.295106 0.161944 -0.240578 0.23168 0.219144 0.947787 0.377007 0.16705 -0.138918 0.976113 0.384252 -0.982224 0.0625254 0.176995 -0.490023 -0.0856197 -0.988328 -0.126004 0.441275 
1535121517212 0.244238 0.929907 -0.274993 -0.623507 -0.941568 0.295242 0.162118 -0.240497 0.231944 0.21933 0.94768 0.377091 0.170649 -0.140615 0.975247 0.384378 -0.982271 0.0536817 0.179619 -0.490495 -0.07761 -0.988608 -0.128961 0.441795 
1535121517389 0.244268 0.92982 -0.275262 -0.623284 -0.941495 0.295379 0.162291 -0.240415 0.232208 0.219515 0.947572 0.377175 0.17426 -0.142279 0.974367 0.384503 -0.982237 0.0448297 0.182213 -0.490965 -0.0696057 -0.988811 -0.131939 0.442315 
1535121517506 0.244297 0.929732 -0.27553 -0.623062 -0.941422 0.295516 0.162465 -0.240334 0.232473 0.2197 0.947464 0.377258 0.177882 -0.143909 0.973472 0.384627 -0.982121 0.0359701 0.18478 -0.491435 -0.0616074 -0.988937 -0.134938 0.442835 
1535121517598 0.244326 0.929645 -0.275798 -0.62284 -0.941349 0.295653 0.162639 -0.240252 0.232737 0.219886 0.947356 0.377342 0.181515 -0.145506 0.972564 0.384752 -0.981925 0.0271038 0.187317 -0.491904 -0.053616 -0.988986 -0.137957 0.443355 
1535121517605 0.244356 0.929558 -0.276067 -0.622617 -0.941276 0.29579 0.162812 -0.240171 0.233001 0.220071 0.947248 0.377425 0.18516 -0.14707 0.971641 0.384877 -0.981648 0.0182312 0.189826 -0.492375 -0.0456318 -0.988958 -0.140995 0.443875 
1535121517612 0.244385 0.92947 -0.276335 -0.622395 -0.941203 0.295926 0.162986 -0.24009 0.233265 0.220256 0.94714 0.377509 0.188815 -0.148599 0.970705 0.385002 -0.981291 0.00935343 0.192306 -0.492844 -0.0376559 -0.988853 -0.144053 0.444395 
1535121517843 0.244414 0.929383 -0.276604 -0.622172 -0.94113 0.296063 0.163159 -0.240008 0.23353 0.220442 0.947032 0.377593 0.19248 -0.150095 0.969754 0.385127 -0.980852 0.000471171 0.194756 -0.493313 -0.0296888 -0.988671 -0.14713 0.444915 
1535121517972 0.244443 0.929295 -0.276872 -0.621949 -0.941057 0.2962 0.163333 -0.239927 0.233794 0.220627 0.946924 0.377676 0.196156 -0.151557 0.96879 0.385252 -0.980332 -0.00841506 0.197177 -0.493785 -0.0217311 -0.988413 -0.150227 0.445435 
1535121518505 0.244224 0.92943 -0.276614 -0.62217 -0.941188 0.295875 0.163168 -0.239939 0.233496 0.220497 0.947027 0.37759 0.188235 -0.148676 0.970805 0.384926 -0.981367 0.0103173 0.191863 -0.492787 -0.0385415 -0.988832 -0.143963 0.444026 
1535121518622 0.244359 0.929259 -0.277067 -0.621803 -0.941041 0.29619 0.163445 -0.239828 0.233947 0.220792 0.946847 0.377719 0.189572 -0.147339 0.970749 0.384932 -0.981251 0.00658724 0.192622 -0.492945 -0.0347753 -0.989064 -0.143328 0.444025 
1535121518634 0.244495 0.929088 -0.27752 -0.621432 -0.940893 0.296505 0.163722 -0.239716 0.234398 0.221087 0.946667 0.37785 0.190904 -0.145997 0.970691 0.38494 -0.981119 0.00285811 0.193385 -0.49311 -0.0310079 -0.989281 -0.142694 0.444025 
1535121518642 0.244631 0.928917 -0.277973 -0.621059 -0.940745 0.296821 0.163998 -0.239602 0.234849 0.221383 0.946486 0.37798 0.192232 -0.144649 0.970631 0.384949 -0.980971 -0.000870189 0.19415 -0.493276 -0.027239 -0.989483 -0.142064 0.444025 
1535121518906 0.244766 0.928746 -0.278426 -0.620687 -0.940598 0.297137 0.164274 -0.239489 0.2353 0.221678 0.946305 0.37811 0.193554 -0.143296 0.970568 0.384957 -0.980809 -0.00459727 0.194917 -0.493441 -0.0234689 -0.989669 -0.141436 0.444025 
1535121519042 0.244901 0.928574 -0.278879 -0.620317 -0.940449 0.297453 0.16455 -0.239377 0.235751 0.221973 0.946124 0.378241 0.19487 -0.141938 0.970505 0.384965 -0.980631 -0.00832306 0.195686 -0.493605 -0.0196978 -0.989841 -0.140811 0.444024 
1535121519085 0.245036 0.928402 -0.279332 -0.619944 -0.940301 0.297768 0.164826 -0.239263 0.236201 0.222268 0.945942 0.378371 0.196182 -0.140575 0.970439 0.384973 -0.980438 -0.0120479 0.196458 -0.49377 -0.0159254 -0.989997 -0.140189 0.444024 
1535121519331 0.245171 0.92823 -0.279785 -0.619573 -0.940153 0.298084 0.165102 -0.239151 0.236652 0.222562 0.94576 0.378501 0.197487 -0.139207 0.970371 0.384981 -0.98023 -0.0157712 0.197231 -0.493934 -0.012152 -0.990138 -0.13957 0.444024 
1535121519421 0.245305 0.928058 -0.280238 -0.619201 -0.940004 0.2984 0.165378 -0.239038 0.237103 0.222857 0.945577 0.378632 0.198788 -0.137834 0.970302 0.384989 -0.980007 -0.0194935 0.198007 -0.4941 -0.00837755 -0.990263 -0.138953 0.444024 
1535121519509 0.245439 0.927886 -0.280691 -0.61883 -0.939855 0.298716 0.165653 -0.238925 0.237554 0.223151 0.945395 0.378762 0.200082 -0.136456 0.97023 0.384997 -0.979768 -0.0232142 0.198785 -0.494264 -0.00460223 -0.990374 -0.13834 0.444024 
1535121519927 0.245203 0.928105 -0.280173 -0.619069 -0.939976 0.298343 0.165641 -0.238847 0.23732 0.22274 0.945551 0.378772 0.198402 -0.138159 0.970334 0.384954 -0.980081 -0.0190418 0.197683 -0.494051 -0.00883479 -0.990227 -0.139185 0.444082 
1535121520033 0.245255 0.928074 -0.28023 -0.618805 -0.939993 0.298373 0.165488 -0.238738 0.237198 0.222827 0.945561 0.378824 0.196143 -0.137623 0.97087 0.38493 -0.980479 -0.0136789 0.196145 -0.493916 -0.0137136 -0.99039 -0.137619 0.443729 
1535121520050 0.245305 0.928044 -0.280285 -0.618539 -0.940011 0.298402 0.165336 -0.238627 0.237076 0.222914 0.945571 0.378876 0.193885 -0.137075 0.971401 0.384904 -0.980848 -0.0083158 0.194597 -0.493775 -0.0185964 -0.990526 -0.136062 0.443376 
1535121520200 0.245356 0.928013 -0.280342 -0.618272 -0.940028 0.298432 0.165182 -0.238517 0.236954 0.223001 0.945581 0.378928 0.191628 -0.136515 0.971927 0.384877 -0.981187 -0.00295315 0.193038 -0.493632 -0.0234824 -0.990634 -0.134513 0.443023 
1535121520241 0.245406 0.927983 -0.280398 -0.618006 -0.940046 0.298461 0.165029 -0.238407 0.236833 0.223088 0.945591 0.37898 0.189373 -0.135942 0.972449 0.384851 -0.981495 0.00240854 0.191472 -0.493491 -0.0283713 -0.990714 -0.132971 0.442669 
1535121520448 0.245457 0.927953 -0.280455 -0.61774 -0.940063 0.298491 0.164876 -0.238297 0.236711 0.223175 0.945601 0.379032 0.187121 -0.135357 0.972967 0.384825 -0.981773 0.00776906 0.189896 -0.493351 -0.0332628 -0.990766 -0.131436 0.442316 
1535121520593 0.245507 0.927922 -0.280511 -0.617474 -0.940081 0.29852 0.164723 -0.238186 0.236589 0.223262 0.945611 0.379084 0.184871 -0.13476 0.97348 0.384799 -0.982022 0.0131286 0.188311 -0.493209 -0.0381572 -0.990791 -0.12991 0.441963 
1535121520800 0.245558 0.927892 -0.280567 -0.617208 -0.940098 0.298549 0.16457 -0.238076 0.236467 0.223349 0.945621 0.379136 0.182624 -0.13415 0.973988 0.384774 -0.98224 0.0184867 0.186717 -0.493069 -0.0430539 -0.990789 -0.128391 0.441609 
1535121520828 0.245608 0.927862 -0.280623 -0.616942 -0.940116 0.298579 0.164417 -0.237965 0.236345 0.223436 0.945631 0.379188 0.180378 -0.133527 0.974492 0.384747 -0.982428 0.0238435 0.185114 -0.492926 -0.0479531 -0.990758 -0.12688 0.441256 
1535121520961 0.245659 0.927831 -0.280679 -0.616676 -0.940133 0.298608 0.164264 -0.237855 0.236223 0.223523 0.945641 0.37924 0.178136 -0.132893 0.974991 0.384721 -0.982585 0.0291983 0.183503 -0.492786 -0.0528543 -0.9907 -0.125377 0.440903 
1535121521523 0.2453 0.927977 -0.28051 -0.616917 -0.940179 0.29828 0.164596 -0.237805 0.236412 0.223355 0.945633 0.379181 0.180955 -0.133487 0.97439 0.384816 -0.982369 0.0227933 0.185559 -0.492968 -0.0469793 -0.990788 -0.127009 0.441558 
1535121521633 0.245255 0.927951 -0.280636 -0.616749 -0.940134 0.298313 0.164797 -0.237759 0.236641 0.223418 0.945561 0.379221 0.18044 -0.133183 0.974528 0.3848 -0.982412 0.0239839 0.185177 -0.49299 -0.0480354 -0.990801 -0.126513 0.441431 
1535121521647 0.245211 0.927925 -0.280761 -0.616578 -0.940087 0.298348 0.164999 -0.23771 0.236871 0.22348 0.945489 0.379261 0.179923 -0.132877 0.974665 0.384782 -0.982455 0.0251752 0.184793 -0.493007 -0.0490922 -0.990813 -0.126016 0.441305 
1535121521679 0.245167 0.927899 -0.280886 -0.616406 -0.940041 0.298383 0.1652 -0.237662 0.237101 0.223543 0.945416 0.379302 0.179406 -0.132571 0.974802 0.384765 -0.982496 0.0263664 0.184408 -0.493024 -0.0501492 -0.990823 -0.12552 0.441178 
1535121521684 0.245122 0.927873 -0.281012 -0.616234 -0.939994 0.298418 0.165402 -0.237613 0.237331 0.223606 0.945344 0.379342 0.178889 -0.132265 0.974938 0.384748 -0.982536 0.0275575 0.184022 -0.49304 -0.0512064 -0.990831 -0.125025 0.441051 
1535121521829 0.245078 0.927846 -0.281137 -0.616061 -0.939948 0.298452 0.165603 -0.237565 0.237561 0.223669 0.945271 0.379383 0.178373 -0.131957 0.975075 0.38473 -0.982574 0.0287484 0.183635 -0.493056 -0.0522639 -0.990838 -0.12453 0.440924 
1535121521866 0.245034 0.92782 -0.281262 -0.61589 -0.939901 0.298487 0.165805 -0.237516 0.23779 0.223731 0.945198 0.379423 0.177857 -0.131649 0.97521 0.384713 -0.982611 0.029939 0.183249 -0.493074 -0.0533214 -0.990844 -0.124035 0.440797 
1535121522024 0.244989 0.927794 -0.281388 -0.615717 -0.939855 0.298522 0.166006 -0.237468 0.23802 0.223794 0.945126 0.379464 0.177342 -0.131341 0.975346 0.384695 -0.982646 0.0311297 0.182861 -0.49309 -0.0543793 -0.990848 -0.123541 0.44067 
1535121522037 0.244945 0.927767 -0.281513 -0.615546 -0.939808 0.298557 0.166208 -0.237419 0.23825 0.223857 0.945053 0.379504 0.176826 -0.131031 0.975481 0.384678 -0.98268 0.03232 0.182473 -0.493107 -0.0554372 -0.990851 -0.123047 0.440543 
1535121522043 0.244901 0.927741 -0.281638 -0.615374 -0.939761 0.298591 0.16641 -0.237371 0.23848 0.223919 0.94498 0.379544 0.176312 -0.130722 0.975616 0.384661 -0.982712 0.0335102 0.182084 -0.493125 -0.0564954 -0.990853 -0.122553 0.440416 
1535121522359 0.244923 0.92784 -0.281294 -0.615598 -0.939853 0.29846 0.166129 -0.237409 0.238096 0.223686 0.945132 0.379561 0.176794 -0.131004 0.975491 0.384613 -0.982693 0.0321881 0.182422 -0.493118 -0.0552972 -0.990859 -0.123046 0.440611 
1535121522375 0.24507 0.92776 -0.281429 -0.615388 -0.939808 0.298631 0.166077 -0.237322 0.238123 0.223789 0.945101 0.379636 0.179572 -0.131374 0.974933 0.384672 -0.982512 0.025652 0.184424 -0.493513 -0.0492375 -0.991001 -0.12447 0.440928 
1535121522381 0.245217 0.92768 -0.281565 -0.615178 -0.939762 0.298802 0.166024 -0.237234 0.23815 0.223893 0.94507 0.37971 0.182354 -0.131725 0.974369 0.384732 -0.982284 0.0191136 0.186419 -0.493913 -0.0431796 -0.991102 -0.125906 0.441246 
1535121522387 0.245364 0.927599 -0.281701 -0.614967 -0.939717 0.298973 0.165972 -0.237147 0.238176 0.223996 0.945039 0.379785 0.185136 -0.132057 0.9738 0.384792 -0.982011 0.0125736 0.188403 -0.494313 -0.0371241 -0.991162 -0.127354 0.441564 
1535121522627 0.245511 0.927519 -0.281837 -0.614757 -0.939672 0.299144 0.165919 -0.237059 0.238203 0.2241 0.945007 0.37986 0.18792 -0.132371 0.973223 0.384852 -0.981693 0.00603247 0.190376 -0.494714 -0.0310712 -0.991182 -0.128814 0.441882 
1535121522709 0.245658 0.927439 -0.281974 -0.614547 -0.939627 0.299316 0.165866 -0.236972 0.23823 0.224204 0.944976 0.379934 0.190704 -0.132666 0.972642 0.384911 -0.981329 -0.000509392 0.192338 -0.495113 -0.0250213 -0.991161 -0.130286 0.442199 
1535121522840 0.245805 0.927359 -0.282109 -0.614336 -0.939582 0.299487 0.165813 -0.236884 0.238256 0.224307 0.944945 0.380009 0.19349 -0.132942 0.972053 0.384972 -0.980919 -0.00705204 0.19429 -0.495515 -0.0189744 -0.991099 -0.13177 0.442517 
1535121522864 0.245952 0.927278 -0.282246 -0.614126 -0.939536 0.299658 0.16576 -0.236796 0.238283 0.224411 0.944913 0.380084 0.196275 -0.1332 0.97146 0.385031 -0.980464 -0.0135948 0.196231 -0.495914 -0.0129312 -0.990996 -0.133266 0.442835 
1535121522955 0.246099 0.927198 -0.282382 -0.613915 -0.939491 0.299829 0.165708 -0.236709 0.23831 0.224514 0.944882 0.380158 0.199062 -0.133439 0.97086 0.385092 -0.979963 -0.0201376 0.198161 -0.496316 -0.00689167 -0.990852 -0.134774 0.443153 
1535121523155 0.246246 0.927117 -0.282517 -0.613704 -0.939446 0.3 0.165655 -0.236621 0.238337 0.224618 0.94485 0.380233 0.201848 -0.13366 0.970254 0.385152 -0.979416 -0.0266799 0.200079 -0.496716 -0.000856281 -0.990668 -0.136294 0.443471 
1535121523632 0.246077 0.927219 -0.28233 -0.6139 -0.939504 0.299793 0.165702 -0.236743 0.238283 0.224475 0.944898 0.380199 0.195698 -0.133394 0.971549 0.38497 -0.980574 -0.0131546 0.195709 -0.495792 -0.0133262 -0.990976 -0.133377 0.442663 
1535121523642 0.246278 0.927214 -0.282171 -0.613556 -0.939464 0.299943 0.165652 -0.236607 0.23823 0.224294 0.944954 0.380279 0.196587 -0.134187 0.971261 0.384988 -0.980433 -0.0165318 0.196159 -0.495933 -0.0102653 -0.990818 -0.134811 0.442908 
1535121523658 0.24648 0.927209 -0.282014 -0.613207 -0.939425 0.300096 0.165601 -0.236468 0.238178 0.224113 0.94501 0.380359 0.197481 -0.134976 0.97097 0.385008 -0.98028 -0.0199097 0.196607 -0.496084 -0.00720554 -0.990649 -0.136246 0.443154 
1535121523664 0.246682 0.927203 -0.281856 -0.61286 -0.939385 0.300248 0.165551 -0.236329 0.238126 0.223933 0.945066 0.38044 0.198377 -0.135762 0.970678 0.385027 -0.980117 -0.0232875 0.197049 -0.496232 -0.00414719 -0.990468 -0.137683 0.443399 
1535121523918 0.246884 0.927197 -0.281698 -0.612512 -0.939345 0.300401 0.1655 -0.236191 0.238074 0.223752 0.945122 0.38052 0.199276 -0.136545 0.970384 0.385047 -0.979943 -0.0266655 0.197487 -0.49638 -0.00109009 -0.990275 -0.13912 0.443645 
1535121524073 0.247086 0.927191 -0.28154 -0.612164 -0.939305 0.300553 0.16545 -0.236053 0.238021 0.223572 0.945178 0.380601 0.200177 -0.137325 0.970088 0.385066 -0.979758 -0.0300435 0.197919 -0.496527 0.00196559 -0.99007 -0.140559 0.44389 
1535121524078 0.247288 0.927185 -0.281382 -0.611816 -0.939265 0.300706 0.165399 -0.235914 0.237969 0.223391 0.945234 0.380681 0.20108 -0.138101 0.969791 0.385086 -0.979562 -0.0334216 0.198347 -0.496676 0.00502005 -0.989854 -0.141999 0.444136 
1535121524110 0.24749 0.927179 -0.281224 -0.611469 -0.939225 0.300858 0.165349 -0.235776 0.237917 0.223211 0.94529 0.380762 0.201985 -0.138875 0.969493 0.385105 -0.979355 -0.0367996 0.198769 -0.496824 0.008073 -0.989626 -0.143441 0.444382 
1535121524312 0.247692 0.927173 -0.281066 -0.61112 -0.939185 0.30101 0.165299 -0.235637 0.237864 0.22303 0.945345 0.380842 0.202893 -0.139645 0.969192 0.385125 -0.979138 -0.0401777 0.199187 -0.496973 0.0111246 -0.989386 -0.144883 0.444627 
1535121524433 0.247894 0.927167 -0.280908 -0.610772 -0.939145 0.301163 0.165248 -0.235499 0.237812 0.22285 0.945401 0.380923 0.203803 -0.140411 0.968891 0.385144 -0.978909 -0.0435556 0.199599 -0.497121 0.0141747 -0.989135 -0.146327 0.444873 
1535121524759 0.247723 0.927143 -0.281139 -0.611027 -0.939185 0.301046 0.165238 -0.235559 0.237835 0.223108 0.945335 0.380782 0.203552 -0.140046 0.968996 0.385139 -0.978977 -0.0422838 0.199538 -0.497026 0.0130284 -0.989242 -0.145709 0.444756 
1535121524771 0.247817 0.927164 -0.280986 -0.610702 -0.939067 0.301195 0.165634 -0.235454 0.238202 0.222818 0.945311 0.380855 0.204164 -0.138945 0.969026 0.385137 -0.978828 -0.0437195 0.19996 -0.497218 0.0145819 -0.989335 -0.144929 0.44467 
1535121524777 0.247911 0.927186 -0.280833 -0.610373 -0.938949 0.301345 0.16603 -0.235347 0.238568 0.222527 0.945287 0.380928 0.204775 -0.137842 0.969054 0.385136 -0.978676 -0.0451548 0.200386 -0.497416 0.0161359 -0.989424 -0.14415 0.444585 
1535121524985 0.248005 0.927207 -0.28068 -0.610045 -0.938831 0.301494 0.166426 -0.235241 0.238935 0.222237 0.945262 0.381001 0.205385 -0.136739 0.969082 0.385135 -0.978521 -0.0465896 0.200812 -0.497613 0.0176904 -0.989511 -0.143371 0.4445 
1535121525088 0.248099 0.927228 -0.280527 -0.609716 -0.938713 0.301643 0.166822 -0.235134 0.239301 0.221946 0.945238 0.381075 0.205993 -0.135634 0.969108 0.385134 -0.978364 -0.0480238 0.201239 -0.497811 0.0192453 -0.989594 -0.142592 0.444414 
1535121525139 0.248193 0.927249 -0.280375 -0.609387 -0.938595 0.301792 0.167218 -0.235027 0.239668 0.221656 0.945213 0.381148 0.206599 -0.134529 0.969133 0.385133 -0.978205 -0.0494574 0.201667 -0.49801 0.0208007 -0.989675 -0.141815 0.444329 
