1533764003110 -0.0984939 0.888684 -0.447816 -0.510132 -0.995031 -0.0945297 0.0312573 -0.246021 -0.014554 0.448669 0.893579 0.377039 0.16008 -0.304787 0.938871 0.370831 -0.775623 0.549475 0.310623 -0.528794 -0.61056 -0.777934 -0.14844 0.432481 
1533764003122 -0.076671 0.884826 -0.45957 -0.521578 -0.996992 -0.0627984 0.0454223 -0.243902 0.0113305 0.461671 0.886979 0.380918 0.316241 -0.38488 0.867098 0.400864 -0.930001 -0.306251 0.203246 -0.504429 0.187325 -0.870677 -0.454788 0.485926 
1533764003723 -0.0551378 0.880116 -0.471546 -0.533023 -0.997774 -0.0308218 0.0591422 -0.241783 0.0375181 0.473757 0.879856 0.384798 0.316241 -0.38488 0.867098 0.400864 -0.930001 -0.306251 0.203246 -0.504429 0.187325 -0.870677 -0.454788 0.485926 
1533764004296 -0.0339225 0.874561 -0.483727 -0.544468 -0.997375 0.00135745 0.0723975 -0.239663 0.0639727 0.484913 0.872219 0.388678 0.316241 -0.38488 0.867098 0.400864 -0.930001 -0.306251 0.203246 -0.504429 0.187325 -0.870677 -0.454788 0.485926 
1533764004872 -0.0130548 0.868169 -0.496096 -0.555913 -0.995796 0.033695 0.0851707 -0.237543 0.0906585 0.495123 0.86408 0.392558 0.316241 -0.38488 0.867098 0.400864 -0.930001 -0.306251 0.203246 -0.504429 0.187325 -0.870677 -0.454788 0.485926 
1533764005462 0.00743834 0.860948 -0.508638 -0.567358 -0.99304 0.0661477 0.097443 -0.235423 0.117539 0.504373 0.855449 0.396439 0.316241 -0.38488 0.867098 0.400864 -0.930001 -0.306251 0.203246 -0.504429 0.187325 -0.870677 -0.454788 0.485926 
1533764006053 0.027527 0.85291 -0.521332 -0.578801 -0.989111 0.0986699 0.1092 -0.233301 0.144577 0.512649 0.846338 0.400319 0.316241 -0.38488 0.867098 0.400864 -0.930001 -0.306251 0.203246 -0.504429 0.187325 -0.870677 -0.454788 0.485926 
1533764006645 0.0471849 0.844063 -0.534165 -0.590244 -0.984012 0.131218 0.120424 -0.231179 0.171737 0.519942 0.836759 0.4042 0.316241 -0.38488 0.867098 0.400864 -0.930001 -0.306251 0.203246 -0.504429 0.187325 -0.870677 -0.454788 0.485926 
1533764007249 0.0663854 0.83442 -0.547117 -0.601686 -0.977752 0.163749 0.131099 -0.229056 0.198982 0.526242 0.826726 0.408081 0.316241 -0.38488 0.867098 0.400864 -0.930001 -0.306251 0.203246 -0.504429 0.187325 -0.870677 -0.454788 0.485926 
1533764007858 0.0851169 0.823972 -0.560201 -0.612856 -0.970339 0.196232 0.141194 -0.226859 0.226269 0.531567 0.816235 0.411954 0.316531 -0.385118 0.866887 0.401814 -0.929976 -0.306103 0.20358 -0.50615 0.186955 -0.870623 -0.455042 0.486735 
1533764008482 0.0843784 0.824306 -0.559821 -0.612453 -0.97069 0.194883 0.140648 -0.226983 0.225037 0.531545 0.81659 0.411536 0.316531 -0.385118 0.866887 0.401814 -0.929976 -0.306103 0.20358 -0.50615 0.186955 -0.870623 -0.455042 0.486735 
1533764008493 0.0862991 0.823192 -0.561166 -0.613666 -0.969854 0.198261 0.141686 -0.226767 0.227892 0.532022 0.815486 0.411966 0.316221 -0.384863 0.867113 0.400797 -0.930002 -0.306262 0.203223 -0.504308 0.187351 -0.87068 -0.45477 0.485869 
1533764008499 0.0882136 0.82207 -0.562511 -0.614879 -0.969007 0.201637 0.142718 -0.226551 0.230748 0.532487 0.814379 0.412397 0.316221 -0.384863 0.867113 0.400797 -0.930002 -0.306262 0.203223 -0.504308 0.187351 -0.87068 -0.45477 0.485869 
1533764008787 0.0901223 0.820941 -0.563857 -0.616092 -0.968146 0.205012 0.143745 -0.226335 0.233603 0.532941 0.813267 0.412827 0.316221 -0.384863 0.867113 0.400797 -0.930002 -0.306262 0.203223 -0.504308 0.187351 -0.87068 -0.45477 0.485869 
1533764008995 0.0920262 0.819802 -0.565204 -0.617305 -0.967274 0.208386 0.144764 -0.226119 0.236459 0.533385 0.81215 0.413257 0.316221 -0.384863 0.867113 0.400797 -0.930002 -0.306262 0.203223 -0.504308 0.187351 -0.87068 -0.45477 0.485869 
1533764009198 0.0939235 0.818656 -0.566551 -0.618518 -0.966389 0.211758 0.145778 -0.225902 0.239314 0.533816 0.811029 0.413688 0.316221 -0.384863 0.867113 0.400797 -0.930002 -0.306262 0.203223 -0.504308 0.187351 -0.87068 -0.45477 0.485869 
1533764009408 0.0958157 0.817502 -0.5679 -0.619731 -0.965491 0.215129 0.146785 -0.225686 0.242169 0.534238 0.809904 0.414118 0.316221 -0.384863 0.867113 0.400797 -0.930002 -0.306262 0.203223 -0.504308 0.187351 -0.87068 -0.45477 0.485869 
1533764009615 0.0977023 0.816339 -0.569249 -0.620944 -0.964581 0.218499 0.147786 -0.22547 0.245024 0.534648 0.808774 0.414548 0.316221 -0.384863 0.867113 0.400797 -0.930002 -0.306262 0.203223 -0.504308 0.187351 -0.87068 -0.45477 0.485869 
1533764009821 0.0995832 0.815169 -0.570599 -0.622157 -0.963659 0.221867 0.148781 -0.225254 0.247879 0.535047 0.807639 0.414979 0.316221 -0.384863 0.867113 0.400797 -0.930002 -0.306262 0.203223 -0.504308 0.187351 -0.87068 -0.45477 0.485869 
1533764010029 0.101458 0.81399 -0.57195 -0.62337 -0.962725 0.225233 0.14977 -0.225037 0.250733 0.535435 0.8065 0.415409 0.316221 -0.384863 0.867113 0.400797 -0.930002 -0.306262 0.203223 -0.504308 0.187351 -0.87068 -0.45477 0.485869 
1533764010248 0.101011 0.814282 -0.571613 -0.622978 -0.963002 0.224313 0.149367 -0.225156 0.249847 0.535377 0.806814 0.415172 0.316221 -0.384863 0.867113 0.400797 -0.930002 -0.306262 0.203223 -0.504308 0.187351 -0.87068 -0.45477 0.485869 
1533764010259 0.101673 0.814387 -0.571346 -0.623085 -0.962738 0.225221 0.149704 -0.225142 0.250596 0.534835 0.80694 0.415069 0.31622 -0.384863 0.867113 0.400795 -0.930002 -0.306262 0.203222 -0.504304 0.187351 -0.87068 -0.454769 0.485867 
1533764010276 0.102342 0.814484 -0.571088 -0.623208 -0.962466 0.226147 0.150052 -0.22513 0.251365 0.534297 0.807058 0.414966 0.31622 -0.384863 0.867113 0.400795 -0.930002 -0.306262 0.203222 -0.504304 0.187351 -0.87068 -0.454769 0.485867 
1533764010405 0.103011 0.81458 -0.570831 -0.62333 -0.962194 0.227073 0.1504 -0.225116 0.252134 0.533758 0.807175 0.414863 0.31622 -0.384863 0.867113 0.400795 -0.930002 -0.306262 0.203222 -0.504304 0.187351 -0.87068 -0.454769 0.485867 
1533764010451 0.10368 0.814675 -0.570575 -0.623452 -0.961921 0.227999 0.150749 -0.225103 0.252902 0.533218 0.807291 0.41476 0.31622 -0.384863 0.867113 0.400795 -0.930002 -0.306262 0.203222 -0.504304 0.187351 -0.87068 -0.454769 0.485867 
1533764010543 0.104349 0.814769 -0.570318 -0.623575 -0.961646 0.228924 0.151098 -0.225091 0.253669 0.532677 0.807408 0.414657 0.31622 -0.384863 0.867113 0.400795 -0.930002 -0.306262 0.203222 -0.504304 0.187351 -0.87068 -0.454769 0.485867 
1533764010590 0.105018 0.814863 -0.570062 -0.623697 -0.961371 0.229849 0.151446 -0.225077 0.254436 0.532136 0.807523 0.414554 0.31622 -0.384863 0.867113 0.400795 -0.930002 -0.306262 0.203222 -0.504304 0.187351 -0.87068 -0.454769 0.485867 
1533764010685 0.105688 0.814955 -0.569805 -0.62382 -0.961094 0.230773 0.151796 -0.225065 0.255202 0.531593 0.807639 0.414451 0.31622 -0.384863 0.867113 0.400795 -0.930002 -0.306262 0.203222 -0.504304 0.187351 -0.87068 -0.454769 0.485867 
1533764010731 0.106358 0.815047 -0.569549 -0.623941 -0.960817 0.231697 0.152145 -0.225051 0.255968 0.53105 0.807754 0.414348 0.31622 -0.384863 0.867113 0.400795 -0.930002 -0.306262 0.203222 -0.504304 0.187351 -0.87068 -0.454769 0.485867 
1533764010828 0.107027 0.815139 -0.569293 -0.624065 -0.960538 0.23262 0.152495 -0.225039 0.256734 0.530506 0.807868 0.414245 0.31622 -0.384863 0.867113 0.400795 -0.930002 -0.306262 0.203222 -0.504304 0.187351 -0.87068 -0.454769 0.485867 
1533764010887 0.106142 0.815077 -0.569546 -0.623838 -0.960921 0.231352 0.152008 -0.225077 0.255664 0.531154 0.807781 0.414451 0.31622 -0.384863 0.867113 0.400795 -0.930002 -0.306262 0.203222 -0.504304 0.187351 -0.87068 -0.454769 0.485867 
1533764010897 0.106548 0.815515 -0.568844 -0.623844 -0.960715 0.231888 0.152495 -0.225106 0.25627 0.530249 0.808184 0.41439 0.31622 -0.384863 0.867113 0.400795 -0.930002 -0.306262 0.203222 -0.504304 0.187351 -0.87068 -0.454769 0.485867 
1533764010914 0.106953 0.815952 -0.568141 -0.623854 -0.960508 0.232422 0.152983 -0.225139 0.256876 0.529342 0.808587 0.414328 0.31622 -0.384863 0.867113 0.400795 -0.930002 -0.306262 0.203222 -0.504304 0.187351 -0.87068 -0.454769 0.485867 
1533764011038 0.107359 0.816388 -0.567437 -0.623864 -0.960301 0.232956 0.153472 -0.225171 0.257481 0.528434 0.808988 0.414266 0.31622 -0.384863 0.867113 0.400795 -0.930002 -0.306262 0.203222 -0.504304 0.187351 -0.87068 -0.454769 0.485867 
1533764011133 0.107765 0.816823 -0.566733 -0.623875 -0.960093 0.233489 0.153961 -0.225205 0.258085 0.527525 0.809388 0.414203 0.31622 -0.384863 0.867113 0.400795 -0.930002 -0.306262 0.203222 -0.504304 0.187351 -0.87068 -0.45477 0.485867 
1533764011229 0.108171 0.817258 -0.566029 -0.623886 -0.959885 0.234022 0.154451 -0.225238 0.25869 0.526615 0.809788 0.414141 0.31622 -0.384863 0.867113 0.400795 -0.930002 -0.306262 0.203222 -0.504304 0.187351 -0.87068 -0.45477 0.485867 
1533764011235 0.108578 0.817691 -0.565325 -0.623897 -0.959676 0.234554 0.154942 -0.225272 0.259293 0.525705 0.810186 0.414078 0.31622 -0.384863 0.867113 0.400795 -0.930002 -0.306262 0.203222 -0.504304 0.187351 -0.87068 -0.45477 0.485867 
1533764011404 0.108986 0.818124 -0.56462 -0.623906 -0.959466 0.235085 0.155432 -0.225304 0.259896 0.524794 0.810583 0.414016 0.31622 -0.384863 0.867113 0.400795 -0.930002 -0.306262 0.203222 -0.504304 0.187351 -0.87068 -0.45477 0.485867 
1533764011518 0.109395 0.818555 -0.563915 -0.623916 -0.959257 0.235616 0.155923 -0.225337 0.260499 0.523882 0.810979 0.413954 0.31622 -0.384863 0.867113 0.400795 -0.930002 -0.306262 0.203222 -0.504304 0.187351 -0.87068 -0.45477 0.485867 
1533764011606 0.109803 0.818986 -0.56321 -0.623928 -0.959046 0.236146 0.156415 -0.225371 0.261101 0.522969 0.811375 0.413891 0.31622 -0.384863 0.867113 0.400795 -0.930002 -0.306262 0.203222 -0.504304 0.187351 -0.87068 -0.45477 0.485867 
1533764011731 0.109547 0.818655 -0.563741 -0.623902 -0.95924 0.235707 0.155888 -0.225419 0.260496 0.523686 0.811107 0.413964 0.31622 -0.384863 0.867113 0.400795 -0.930002 -0.306262 0.203222 -0.504304 0.187351 -0.87068 -0.45477 0.485867 
1533764011743 0.109336 0.818971 -0.563322 -0.623858 -0.959226 0.235531 0.156242 -0.225559 0.260638 0.52327 0.81133 0.413954 0.31622 -0.384863 0.867113 0.400795 -0.930002 -0.306262 0.203222 -0.504304 0.187351 -0.87068 -0.45477 0.485867 
1533764011760 0.109123 0.819289 -0.562902 -0.623819 -0.959211 0.235352 0.156598 -0.225702 0.260779 0.522853 0.811553 0.413942 0.31622 -0.384863 0.867113 0.400795 -0.930002 -0.306262 0.203222 -0.504304 0.187351 -0.87068 -0.45477 0.485867 
1533764011905 0.108911 0.819606 -0.562481 -0.623779 -0.959197 0.235174 0.156954 -0.225846 0.260921 0.522436 0.811776 0.413931 0.31622 -0.384863 0.867113 0.400795 -0.930002 -0.306262 0.203222 -0.504304 0.187351 -0.87068 -0.45477 0.485867 
1533764012016 0.108698 0.819923 -0.56206 -0.62374 -0.959182 0.234996 0.15731 -0.22599 0.261063 0.522019 0.811999 0.413919 0.31622 -0.384863 0.867113 0.400795 -0.930002 -0.306262 0.203222 -0.504304 0.187351 -0.87068 -0.45477 0.485867 
1533764012109 0.108485 0.82024 -0.561639 -0.623701 -0.959168 0.234817 0.157665 -0.226134 0.261206 0.521601 0.812221 0.413907 0.31622 -0.384863 0.867113 0.400795 -0.930002 -0.306262 0.203222 -0.504304 0.187351 -0.87068 -0.45477 0.485867 
1533764012210 0.108272 0.820556 -0.561217 -0.623662 -0.959153 0.234638 0.158021 -0.226279 0.261348 0.521184 0.812444 0.413895 0.31622 -0.384863 0.867113 0.400795 -0.930002 -0.306262 0.203222 -0.504304 0.187351 -0.87068 -0.45477 0.485867 
1533764012296 0.10806 0.820872 -0.560795 -0.623622 -0.959138 0.234459 0.158376 -0.226422 0.26149 0.520766 0.812666 0.413884 0.31622 -0.384863 0.867113 0.400795 -0.930002 -0.306262 0.203222 -0.504304 0.187351 -0.87068 -0.45477 0.485867 
1533764012303 0.107847 0.821189 -0.560373 -0.623584 -0.959123 0.23428 0.158732 -0.226566 0.261633 0.520348 0.812887 0.413872 0.31622 -0.384863 0.867113 0.400795 -0.930002 -0.306262 0.203222 -0.504304 0.187351 -0.87068 -0.45477 0.485867 
1533764012457 0.107635 0.821504 -0.559951 -0.623544 -0.959108 0.2341 0.159087 -0.22671 0.261775 0.519931 0.813109 0.41386 0.31622 -0.384863 0.867113 0.400795 -0.930002 -0.306262 0.203222 -0.504304 0.187351 -0.87068 -0.45477 0.485867 
1533764012586 0.107816 0.82122 -0.560333 -0.623577 -0.959086 0.234327 0.158887 -0.226568 0.261782 0.520277 0.812885 0.413877 0.31622 -0.384863 0.867113 0.400795 -0.930002 -0.306262 0.203222 -0.504304 0.187351 -0.87068 -0.45477 0.485867 
1533764012600 0.107243 0.82111 -0.560605 -0.623447 -0.95914 0.233927 0.159148 -0.226795 0.261818 0.520631 0.812647 0.413889 0.31622 -0.384863 0.867113 0.400795 -0.930002 -0.306262 0.203222 -0.504304 0.187351 -0.87068 -0.45477 0.485867 
1533764012616 0.106669 0.821 -0.560875 -0.62332 -0.959195 0.233526 0.159409 -0.227026 0.261854 0.520984 0.812409 0.413899 0.31622 -0.384863 0.867113 0.400795 -0.930002 -0.306262 0.203222 -0.504304 0.187351 -0.87068 -0.45477 0.485867 
1533764012737 0.106095 0.82089 -0.561145 -0.623194 -0.959248 0.233125 0.159671 -0.227257 0.26189 0.521337 0.812171 0.41391 0.31622 -0.384863 0.867113 0.400795 -0.930002 -0.306262 0.203222 -0.504304 0.187351 -0.87068 -0.45477 0.485867 
1533764012841 0.10552 0.820779 -0.561415 -0.623068 -0.959302 0.232724 0.159934 -0.227489 0.261925 0.52169 0.811932 0.41392 0.31622 -0.384863 0.867113 0.400795 -0.930002 -0.306262 0.203222 -0.504304 0.187351 -0.87068 -0.45477 0.485867 
1533764012938 0.104946 0.820668 -0.561685 -0.622942 -0.959356 0.232323 0.160196 -0.22772 0.26196 0.522043 0.811694 0.413931 0.31622 -0.384863 0.867113 0.400795 -0.930002 -0.306262 0.203222 -0.504304 0.187351 -0.87068 -0.45477 0.485867 
1533764013045 0.104372 0.820557 -0.561954 -0.622815 -0.959409 0.231922 0.160459 -0.227951 0.261995 0.522396 0.811456 0.413941 0.31622 -0.384863 0.867113 0.400795 -0.930002 -0.306262 0.203222 -0.504304 0.187351 -0.87068 -0.45477 0.485867 
1533764013152 0.103797 0.820446 -0.562223 -0.62269 -0.959462 0.231521 0.160722 -0.228183 0.26203 0.522749 0.811217 0.413951 0.31622 -0.384863 0.867113 0.400795 -0.930002 -0.306262 0.203222 -0.504304 0.187351 -0.87068 -0.45477 0.485867 
1533764013244 0.103223 0.820334 -0.562492 -0.622563 -0.959514 0.231121 0.160984 -0.228413 0.262064 0.523102 0.810979 0.413962 0.31622 -0.384863 0.867113 0.400795 -0.930002 -0.306262 0.203222 -0.504304 0.187351 -0.87068 -0.45477 0.485867 
1533764013353 0.102648 0.820222 -0.562761 -0.622438 -0.959566 0.23072 0.161247 -0.228646 0.262099 0.523455 0.81074 0.413972 0.31622 -0.384863 0.867113 0.400795 -0.930002 -0.306262 0.203222 -0.504304 0.187351 -0.87068 -0.45477 0.485867 
1533764013470 0.103229 0.82038 -0.562424 -0.622532 -0.959484 0.231172 0.161092 -0.228454 0.262173 0.523008 0.811004 0.414046 0.31622 -0.384863 0.867113 0.400795 -0.930002 -0.306262 0.203222 -0.504304 0.187351 -0.87068 -0.45477 0.485867 
1533764013482 0.102937 0.820309 -0.56258 -0.62225 -0.95959 0.230812 0.160972 -0.228566 0.261897 0.523277 0.81092 0.414073 0.31622 -0.384863 0.867113 0.400795 -0.930002 -0.306262 0.203222 -0.504304 0.187351 -0.87068 -0.45477 0.485867 
1533764013489 0.102648 0.820237 -0.562739 -0.621961 -0.959697 0.230454 0.160849 -0.228673 0.26162 0.523548 0.810834 0.414103 0.31622 -0.384863 0.867113 0.400795 -0.930002 -0.306262 0.203222 -0.504304 0.187351 -0.87068 -0.45477 0.485867 
1533764013645 0.102357 0.820165 -0.562897 -0.621673 -0.959804 0.230095 0.160727 -0.22878 0.261343 0.523819 0.810749 0.414132 0.31622 -0.384863 0.867113 0.400795 -0.930002 -0.306262 0.203222 -0.504304 0.187351 -0.87068 -0.45477 0.485867 
1533764013698 0.102067 0.820092 -0.563055 -0.621385 -0.95991 0.229737 0.160605 -0.228888 0.261066 0.52409 0.810663 0.414161 0.31622 -0.384863 0.867113 0.400795 -0.930002 -0.306262 0.203222 -0.504304 0.187351 -0.87068 -0.45477 0.485867 
1533764013798 0.101778 0.820019 -0.563214 -0.621097 -0.960016 0.229378 0.160483 -0.228995 0.260788 0.52436 0.810577 0.41419 0.31622 -0.384863 0.867113 0.400795 -0.930002 -0.306262 0.203222 -0.504304 0.187351 -0.87068 -0.45477 0.485867 
1533764013859 0.101488 0.819947 -0.563372 -0.62081 -0.960122 0.229019 0.160362 -0.229103 0.260511 0.524631 0.810492 0.414218 0.31622 -0.384863 0.867113 0.400795 -0.930002 -0.306262 0.203222 -0.504304 0.187351 -0.87068 -0.45477 0.485867 
1533764013960 0.101198 0.819874 -0.56353 -0.620522 -0.960228 0.228661 0.16024 -0.22921 0.260234 0.524901 0.810406 0.414248 0.31622 -0.384863 0.867113 0.400795 -0.930002 -0.306262 0.203222 -0.504304 0.187351 -0.87068 -0.45477 0.485867 
1533764014015 0.100908 0.819801 -0.563688 -0.620235 -0.960333 0.228302 0.160118 -0.229318 0.259956 0.525171 0.81032 0.414276 0.31622 -0.384863 0.867113 0.400795 -0.930002 -0.306262 0.203222 -0.504304 0.187351 -0.87068 -0.45477 0.485867 
1533764014118 0.100618 0.819728 -0.563846 -0.619947 -0.960439 0.227943 0.159997 -0.229426 0.259679 0.525441 0.810234 0.414305 0.31622 -0.384863 0.867113 0.400795 -0.930002 -0.306262 0.203222 -0.504304 0.187351 -0.87068 -0.45477 0.485867 
1533764014196 0.100873 0.819901 -0.563549 -0.620279 -0.960311 0.228299 0.160258 -0.229192 0.260053 0.525017 0.810389 0.414313 0.31622 -0.384863 0.867113 0.400795 -0.930002 -0.306262 0.203222 -0.504304 0.187351 -0.87068 -0.45477 0.485867 
1533764014206 0.100454 0.819878 -0.563657 -0.620003 -0.960296 0.228095 0.160636 -0.22926 0.260269 0.525141 0.810239 0.414403 0.31622 -0.384863 0.867113 0.400795 -0.930002 -0.306262 0.203222 -0.504304 0.187351 -0.87068 -0.45477 0.485867 
1533764014223 0.100036 0.819854 -0.563766 -0.619723 -0.960281 0.22789 0.161014 -0.229325 0.260485 0.525267 0.810088 0.414493 0.31622 -0.384863 0.867113 0.400795 -0.930002 -0.306262 0.203222 -0.504304 0.187351 -0.87068 -0.45477 0.485867 
1533764014230 0.0996175 0.81983 -0.563875 -0.619444 -0.960266 0.227686 0.161392 -0.22939 0.2607 0.525393 0.809937 0.414583 0.31622 -0.384863 0.867113 0.400795 -0.930002 -0.306262 0.203222 -0.504304 0.187351 -0.87068 -0.45477 0.485867 
1533764014376 0.0991991 0.819806 -0.563984 -0.619163 -0.960251 0.227483 0.161769 -0.229455 0.260916 0.525519 0.809785 0.414674 0.31622 -0.384863 0.867113 0.400795 -0.930002 -0.306262 0.203222 -0.504304 0.187351 -0.87068 -0.45477 0.485867 
1533764014437 0.0987808 0.819781 -0.564093 -0.618883 -0.960236 0.227279 0.162147 -0.22952 0.261131 0.525645 0.809634 0.414764 0.31622 -0.384863 0.867113 0.400795 -0.930002 -0.306262 0.203222 -0.504304 0.187351 -0.87068 -0.45477 0.485867 
1533764014525 0.0983621 0.819757 -0.564201 -0.618604 -0.96022 0.227075 0.162525 -0.229585 0.261347 0.525771 0.809483 0.414854 0.31622 -0.384863 0.867113 0.400795 -0.930002 -0.306262 0.203222 -0.504304 0.187351 -0.87068 -0.45477 0.485867 
1533764014611 0.0979438 0.819733 -0.56431 -0.618323 -0.960204 0.226871 0.162903 -0.229649 0.261562 0.525897 0.809331 0.414945 0.31622 -0.384863 0.867113 0.400795 -0.930002 -0.306262 0.203222 -0.504304 0.187351 -0.87068 -0.45477 0.485867 
1533764014689 0.0975251 0.819708 -0.564418 -0.618043 -0.960188 0.226667 0.163281 -0.229715 0.261777 0.526023 0.80918 0.415035 0.31622 -0.384863 0.867113 0.400795 -0.930002 -0.306262 0.203222 -0.504304 0.187351 -0.87068 -0.45477 0.485867 
1533764014764 0.0971064 0.819684 -0.564525 -0.617764 -0.960172 0.226463 0.163659 -0.22978 0.261993 0.526149 0.809028 0.415126 0.31622 -0.384863 0.867113 0.400795 -0.930002 -0.306262 0.203222 -0.504304 0.187351 -0.87068 -0.45477 0.485867 
1533764014859 0.0974667 0.819736 -0.564387 -0.618105 -0.960202 0.226597 0.163296 -0.229661 0.261749 0.52601 0.809198 0.415017 0.31622 -0.384863 0.867113 0.400795 -0.930002 -0.306262 0.203222 -0.504304 0.187351 -0.87068 -0.45477 0.485867 
1533764014871 0.0971292 0.819748 -0.564428 -0.617892 -0.960263 0.226275 0.163384 -0.229704 0.26165 0.52613 0.809152 0.415063 0.31622 -0.384863 0.867113 0.400795 -0.930002 -0.306262 0.203222 -0.504304 0.187351 -0.87068 -0.45477 0.485867 
1533764014878 0.0967917 0.819759 -0.564471 -0.617676 -0.960325 0.225951 0.16347 -0.229744 0.261549 0.526252 0.809105 0.41511 0.31622 -0.384863 0.867113 0.400795 -0.930002 -0.306262 0.203222 -0.504304 0.187351 -0.87068 -0.45477 0.485867 
1533764014891 0.0964541 0.819769 -0.564513 -0.617459 -0.960386 0.225628 0.163556 -0.229784 0.261448 0.526375 0.809058 0.415158 0.31622 -0.384863 0.867113 0.400795 -0.930002 -0.306262 0.203222 -0.504304 0.187351 -0.87068 -0.45477 0.485867 
1533764015014 0.0961167 0.81978 -0.564555 -0.617242 -0.960447 0.225305 0.163643 -0.229824 0.261348 0.526497 0.809011 0.415205 0.31622 -0.384863 0.867113 0.400795 -0.930002 -0.306262 0.203222 -0.504304 0.187351 -0.87068 -0.45477 0.485867 
1533764015067 0.095779 0.81979 -0.564597 -0.617027 -0.960508 0.224981 0.163729 -0.229864 0.261247 0.526619 0.808964 0.415252 0.31622 -0.384863 0.867113 0.400795 -0.930002 -0.306262 0.203222 -0.504304 0.187351 -0.87068 -0.45477 0.485867 
1533764015136 0.0954417 0.819801 -0.56464 -0.616809 -0.960569 0.224658 0.163815 -0.229904 0.261146 0.526741 0.808917 0.415299 0.31622 -0.384863 0.867113 0.400795 -0.930002 -0.306262 0.203222 -0.504304 0.187351 -0.87068 -0.45477 0.485867 
1533764015188 0.0951045 0.81981 -0.564682 -0.616592 -0.96063 0.224335 0.163901 -0.229943 0.261045 0.526863 0.80887 0.415347 0.31622 -0.384863 0.867113 0.400795 -0.930002 -0.306262 0.203222 -0.504304 0.187351 -0.87068 -0.45477 0.485867 
1533764015252 0.0947669 0.819821 -0.564724 -0.616375 -0.960691 0.224011 0.163987 -0.229983 0.260945 0.526985 0.808823 0.415394 0.31622 -0.384863 0.867113 0.400795 -0.930002 -0.306262 0.203222 -0.504304 0.187351 -0.87068 -0.45477 0.485867 
1533764015317 0.0944293 0.819831 -0.564766 -0.616159 -0.960752 0.223688 0.164074 -0.230023 0.260844 0.527107 0.808776 0.415441 0.31622 -0.384863 0.867113 0.400795 -0.930002 -0.306262 0.203222 -0.504304 0.187351 -0.87068 -0.45477 0.485867 
1533764015385 0.094726 0.819839 -0.564705 -0.616521 -0.960654 0.224057 0.164142 -0.229853 0.261096 0.526937 0.808805 0.41538 0.31622 -0.384863 0.867113 0.400795 -0.930002 -0.306262 0.203222 -0.504304 0.187351 -0.87068 -0.45477 0.485867 
1533764015397 0.0944562 0.819783 -0.564831 -0.616354 -0.960679 0.223865 0.164259 -0.2299 0.261102 0.527106 0.808693 0.415422 0.31622 -0.384863 0.867113 0.400795 -0.930002 -0.306262 0.203222 -0.504304 0.187351 -0.87068 -0.45477 0.485867 
1533764015413 0.0941866 0.819726 -0.564958 -0.616182 -0.960704 0.223672 0.164375 -0.229943 0.261108 0.527276 0.808581 0.415465 0.31622 -0.384863 0.867113 0.400795 -0.930002 -0.306262 0.203222 -0.504304 0.187351 -0.87068 -0.45477 0.485867 
1533764015430 0.0939174 0.819669 -0.565086 -0.616009 -0.960729 0.223481 0.16449 -0.229985 0.261113 0.527446 0.808468 0.415508 0.31622 -0.384863 0.867113 0.400795 -0.930002 -0.306262 0.203222 -0.504304 0.187351 -0.87068 -0.45477 0.485867 
1533764015447 0.0936476 0.819612 -0.565213 -0.615838 -0.960754 0.223288 0.164606 -0.230029 0.261118 0.527615 0.808356 0.41555 0.31622 -0.384863 0.867113 0.400795 -0.930002 -0.306262 0.203222 -0.504304 0.187351 -0.87068 -0.45477 0.485867 
1533764015566 0.0933783 0.819555 -0.56534 -0.615665 -0.960778 0.223096 0.164722 -0.230072 0.261124 0.527785 0.808243 0.415593 0.31622 -0.384863 0.867113 0.400795 -0.930002 -0.306262 0.203222 -0.504304 0.187351 -0.87068 -0.45477 0.485867 
1533764015603 0.093109 0.819498 -0.565468 -0.615492 -0.960803 0.222904 0.164837 -0.230114 0.261129 0.527955 0.808131 0.415637 0.31622 -0.384863 0.867113 0.400795 -0.930002 -0.306262 0.203222 -0.504304 0.187351 -0.87068 -0.45477 0.485867 
1533764015673 0.0928394 0.819441 -0.565595 -0.615321 -0.960828 0.222712 0.164953 -0.230157 0.261134 0.528125 0.808018 0.415679 0.31622 -0.384863 0.867113 0.400795 -0.930002 -0.306262 0.203222 -0.504304 0.187351 -0.87068 -0.45477 0.485867 
1533764015736 0.0925702 0.819384 -0.565722 -0.615148 -0.960852 0.22252 0.165068 -0.230199 0.261139 0.528295 0.807905 0.415723 0.31622 -0.384863 0.867113 0.400795 -0.930002 -0.306262 0.203222 -0.504304 0.187351 -0.87068 -0.45477 0.485867 
1533764015773 0.0923006 0.819326 -0.565849 -0.614976 -0.960877 0.222328 0.165184 -0.230243 0.261144 0.528464 0.807793 0.415765 0.31622 -0.384863 0.867113 0.400795 -0.930002 -0.306262 0.203222 -0.504304 0.187351 -0.87068 -0.45477 0.485867 
1533764015837 0.0928055 0.819475 -0.565551 -0.615295 -0.96083 0.222678 0.164986 -0.230131 0.261138 0.528087 0.808042 0.415677 0.31622 -0.384863 0.867113 0.400795 -0.930002 -0.306262 0.203222 -0.504304 0.187351 -0.87068 -0.45477 0.485867 
1533764015849 0.0926442 0.819676 -0.565285 -0.615169 -0.960807 0.222569 0.165265 -0.230147 0.261279 0.52782 0.808171 0.415663 0.31622 -0.384863 0.867113 0.400795 -0.930002 -0.306262 0.203222 -0.504304 0.187351 -0.87068 -0.45477 0.485867 
1533764015867 0.0924823 0.819879 -0.565018 -0.615045 -0.960784 0.222461 0.165544 -0.230166 0.26142 0.52755 0.808301 0.415647 0.31622 -0.384863 0.867113 0.400795 -0.930002 -0.306262 0.203222 -0.504304 0.187351 -0.87068 -0.45477 0.485867 
1533764015873 0.0923206 0.820082 -0.56475 -0.614921 -0.960761 0.222352 0.165823 -0.230185 0.261562 0.527281 0.80843 0.415632 0.31622 -0.384863 0.867113 0.400795 -0.930002 -0.306262 0.203222 -0.504304 0.187351 -0.87068 -0.45477 0.485867 
1533764015981 0.0921588 0.820284 -0.564482 -0.614798 -0.960738 0.222243 0.166103 -0.230205 0.261704 0.527012 0.80856 0.415616 0.31622 -0.384863 0.867113 0.400795 -0.930002 -0.306262 0.203222 -0.504304 0.187351 -0.87068 -0.45477 0.485867 
1533764016014 0.0919974 0.820487 -0.564215 -0.614674 -0.960715 0.222134 0.166382 -0.230224 0.261846 0.526743 0.80869 0.415601 0.31622 -0.384863 0.867113 0.400795 -0.930002 -0.306262 0.203222 -0.504304 0.187351 -0.87068 -0.45477 0.485867 
1533764016109 0.0918354 0.820689 -0.563946 -0.614552 -0.960692 0.222025 0.166661 -0.230244 0.261988 0.526473 0.808819 0.415585 0.31622 -0.384863 0.867113 0.400795 -0.930002 -0.306262 0.203222 -0.504304 0.187351 -0.87068 -0.45477 0.485867 
1533764016142 0.091674 0.820891 -0.563678 -0.614428 -0.960669 0.221916 0.16694 -0.230263 0.262129 0.526204 0.808948 0.41557 0.31622 -0.384863 0.867113 0.400795 -0.930002 -0.306262 0.203222 -0.504304 0.187351 -0.87068 -0.45477 0.485867 
1533764016174 0.0915121 0.821094 -0.56341 -0.614305 -0.960645 0.221807 0.16722 -0.230283 0.262271 0.525934 0.809078 0.415554 0.31622 -0.384863 0.867113 0.400795 -0.930002 -0.306262 0.203222 -0.504304 0.187351 -0.87068 -0.45477 0.485867 
1533764016228 0.0913507 0.821296 -0.563142 -0.614182 -0.960622 0.221697 0.167499 -0.230302 0.262413 0.525665 0.809207 0.415538 0.31622 -0.384863 0.867113 0.400795 -0.930002 -0.306262 0.203222 -0.504304 0.187351 -0.87068 -0.45477 0.485867 
1533764016276 0.091708 0.820811 -0.56379 -0.614452 -0.960723 0.22185 0.166713 -0.230282 0.261917 0.526357 0.808918 0.415549 0.31622 -0.384863 0.867113 0.400795 -0.930002 -0.306262 0.203222 -0.504304 0.187351 -0.87068 -0.45477 0.485867 
1533764016290 0.0915072 0.820926 -0.563655 -0.614349 -0.960705 0.221734 0.166974 -0.230298 0.262054 0.526227 0.808958 0.415511 0.31622 -0.384863 0.867113 0.400795 -0.930002 -0.306262 0.203222 -0.504304 0.187351 -0.87068 -0.45477 0.485867 
1533764016307 0.0913039 0.821042 -0.563519 -0.614249 -0.960686 0.221615 0.167237 -0.230319 0.262193 0.526096 0.808998 0.415471 0.31622 -0.384863 0.867113 0.400795 -0.930002 -0.306262 0.203222 -0.504304 0.187351 -0.87068 -0.45477 0.485867 
1533764016323 0.0911007 0.821158 -0.563383 -0.614149 -0.960668 0.221497 0.1675 -0.23034 0.262331 0.525965 0.809039 0.415431 0.31622 -0.384863 0.867113 0.400795 -0.930002 -0.306262 0.203222 -0.504304 0.187351 -0.87068 -0.45477 0.485867 
1533764016340 0.0908974 0.821274 -0.563247 -0.614049 -0.960649 0.221378 0.167763 -0.230361 0.26247 0.525833 0.809079 0.41539 0.31622 -0.384863 0.867113 0.400795 -0.930002 -0.306262 0.203222 -0.504304 0.187351 -0.87068 -0.45477 0.485867 
1533764016357 0.090694 0.82139 -0.56311 -0.61395 -0.960631 0.22126 0.168026 -0.230383 0.262608 0.525702 0.809119 0.41535 0.31622 -0.384863 0.867113 0.400795 -0.930002 -0.306262 0.203222 -0.504304 0.187351 -0.87068 -0.45477 0.485867 
1533764016439 0.0904905 0.821506 -0.562974 -0.613851 -0.960612 0.221141 0.168289 -0.230405 0.262747 0.525571 0.80916 0.41531 0.31622 -0.384863 0.867113 0.400795 -0.930002 -0.306262 0.203222 -0.504304 0.187351 -0.87068 -0.45477 0.485867 
1533764016446 0.0902876 0.821621 -0.562838 -0.613751 -0.960593 0.221022 0.168551 -0.230425 0.262885 0.52544 0.8092 0.41527 0.31622 -0.384863 0.867113 0.400795 -0.930002 -0.306262 0.203222 -0.504304 0.187351 -0.87068 -0.45477 0.485867 
1533764016506 0.0900846 0.821737 -0.562701 -0.613651 -0.960574 0.220904 0.168814 -0.230445 0.263024 0.525309 0.80924 0.41523 0.31622 -0.384863 0.867113 0.400795 -0.930002 -0.306262 0.203222 -0.504304 0.187351 -0.87068 -0.45477 0.485867 
1533764016564 0.0898811 0.821853 -0.562565 -0.613553 -0.960556 0.220785 0.169077 -0.230468 0.263162 0.525178 0.80928 0.41519 0.31622 -0.384863 0.867113 0.400795 -0.930002 -0.306262 0.203222 -0.504304 0.187351 -0.87068 -0.45477 0.485867 
1533764016604 0.0902865 0.821563 -0.562923 -0.613819 -0.960631 0.220963 0.168412 -0.230374 0.262747 0.525556 0.809169 0.415215 0.31622 -0.384863 0.867113 0.400795 -0.930002 -0.306262 0.203222 -0.504304 0.187351 -0.87068 -0.45477 0.485867 
1533764016620 0.0902493 0.821592 -0.562886 -0.613743 -0.960689 0.220817 0.168276 -0.230376 0.262549 0.525572 0.809223 0.415193 0.31622 -0.384863 0.867113 0.400795 -0.930002 -0.306262 0.203222 -0.504304 0.187351 -0.87068 -0.45477 0.485867 
1533764016634 0.0902134 0.821621 -0.562851 -0.613662 -0.960746 0.220673 0.168139 -0.230374 0.262352 0.525588 0.809276 0.415172 0.31622 -0.384863 0.867113 0.400795 -0.930002 -0.306262 0.203222 -0.504304 0.187351 -0.87068 -0.45477 0.485867 
1533764016651 0.0901776 0.821649 -0.562815 -0.613582 -0.960803 0.220528 0.168002 -0.230373 0.262156 0.525604 0.80933 0.415151 0.31622 -0.384863 0.867113 0.400795 -0.930002 -0.306262 0.203222 -0.504304 0.187351 -0.87068 -0.45477 0.485867 
1533764016667 0.0901419 0.821677 -0.56278 -0.613501 -0.96086 0.220384 0.167865 -0.230371 0.261958 0.525621 0.809383 0.415131 0.31622 -0.384863 0.867113 0.400795 -0.930002 -0.306262 0.203222 -0.504304 0.187351 -0.87068 -0.45477 0.485867 
1533764016763 0.0901063 0.821705 -0.562744 -0.613419 -0.960917 0.22024 0.167728 -0.230369 0.261761 0.525637 0.809436 0.41511 0.31622 -0.384863 0.867113 0.400795 -0.930002 -0.306262 0.203222 -0.504304 0.187351 -0.87068 -0.45477 0.485867 
1533764016769 0.0900707 0.821734 -0.562709 -0.613338 -0.960974 0.220096 0.16759 -0.230366 0.261564 0.525654 0.809489 0.41509 0.31622 -0.384863 0.867113 0.400795 -0.930002 -0.306262 0.203222 -0.504304 0.187351 -0.87068 -0.45477 0.485867 
1533764016783 0.0900348 0.821762 -0.562673 -0.613258 -0.961031 0.219951 0.167453 -0.230365 0.261367 0.52567 0.809542 0.415069 0.31622 -0.384863 0.867113 0.400795 -0.930002 -0.306262 0.203222 -0.504304 0.187351 -0.87068 -0.45477 0.485867 
1533764016789 0.0899993 0.82179 -0.562638 -0.613176 -0.961088 0.219807 0.167316 -0.230362 0.26117 0.525686 0.809595 0.415049 0.31622 -0.384863 0.867113 0.400795 -0.930002 -0.306262 0.203222 -0.504304 0.187351 -0.87068 -0.45477 0.485867 
1533764016863 0.0899634 0.821818 -0.562602 -0.613096 -0.961145 0.219663 0.167179 -0.23036 0.260973 0.525702 0.809648 0.415028 0.31622 -0.384863 0.867113 0.400795 -0.930002 -0.306262 0.203222 -0.504304 0.187351 -0.87068 -0.45477 0.485867 
1533764016911 0.089961 0.821703 -0.562772 -0.613422 -0.960983 0.220022 0.167638 -0.230319 0.261571 0.525733 0.809435 0.415083 0.31622 -0.384863 0.867113 0.400795 -0.930002 -0.306262 0.203222 -0.504304 0.187351 -0.87068 -0.45477 0.485867 
1533764016920 0.0898245 0.821562 -0.562999 -0.61335 -0.960992 0.219964 0.167661 -0.230338 0.261584 0.525978 0.809272 0.415121 0.31622 -0.384863 0.867113 0.400795 -0.930002 -0.306262 0.203222 -0.504304 0.187351 -0.87068 -0.45477 0.485867 
1533764016937 0.0896901 0.821419 -0.563229 -0.613273 -0.961001 0.219907 0.167683 -0.230352 0.261596 0.526224 0.809108 0.41516 0.31622 -0.384863 0.867113 0.400795 -0.930002 -0.306262 0.203222 -0.504304 0.187351 -0.87068 -0.45477 0.485867 
1533764016943 0.0895561 0.821276 -0.563458 -0.613195 -0.96101 0.219851 0.167704 -0.230365 0.261608 0.52647 0.808944 0.4152 0.31622 -0.384863 0.867113 0.400795 -0.930002 -0.306262 0.203222 -0.504304 0.187351 -0.87068 -0.45477 0.485867 
1533764017054 0.0894219 0.821133 -0.563688 -0.613117 -0.96102 0.219795 0.167725 -0.230379 0.26162 0.526717 0.80878 0.41524 0.31622 -0.384863 0.867113 0.400795 -0.930002 -0.306262 0.203222 -0.504304 0.187351 -0.87068 -0.45477 0.485867 
1533764017071 0.0892872 0.820991 -0.563917 -0.613041 -0.961029 0.219738 0.167747 -0.230394 0.261632 0.526962 0.808616 0.415279 0.31622 -0.384863 0.867113 0.400795 -0.930002 -0.306262 0.203222 -0.504304 0.187351 -0.87068 -0.45477 0.485867 
1533764017078 0.0891531 0.820848 -0.564146 -0.612963 -0.961038 0.219681 0.167768 -0.230408 0.261644 0.527209 0.808451 0.415319 0.31622 -0.384863 0.867113 0.400795 -0.930002 -0.306262 0.203222 -0.504304 0.187351 -0.87068 -0.45477 0.485867 
1533764017165 0.0890191 0.820705 -0.564375 -0.612885 -0.961047 0.219625 0.167789 -0.230421 0.261656 0.527455 0.808287 0.415359 0.31622 -0.384863 0.867113 0.400795 -0.930002 -0.306262 0.203222 -0.504304 0.187351 -0.87068 -0.45477 0.485867 
1533764017171 0.0888846 0.820562 -0.564604 -0.612808 -0.961056 0.219569 0.16781 -0.230435 0.261668 0.527701 0.808122 0.415398 0.31622 -0.384863 0.867113 0.400795 -0.930002 -0.306262 0.203222 -0.504304 0.187351 -0.87068 -0.45477 0.485867 
1533764017222 0.0887501 0.820419 -0.564833 -0.612732 -0.961066 0.219512 0.167832 -0.23045 0.26168 0.527947 0.807958 0.415438 0.31622 -0.384863 0.867113 0.400795 -0.930002 -0.306262 0.203222 -0.504304 0.187351 -0.87068 -0.45477 0.485867 
1533764017299 0.0890264 0.820843 -0.564173 -0.612887 -0.961037 0.219609 0.167869 -0.2304 0.261691 0.527246 0.808412 0.415382 0.31622 -0.384863 0.867113 0.400795 -0.930002 -0.306262 0.203222 -0.504304 0.187351 -0.87068 -0.45477 0.485867 
1533764017310 0.0890789 0.820869 -0.564127 -0.612839 -0.961077 0.219553 0.167715 -0.230391 0.261528 0.52723 0.808475 0.415363 0.31622 -0.384863 0.867113 0.400795 -0.930002 -0.306262 0.203222 -0.504304 0.187351 -0.87068 -0.45477 0.485867 
1533764017327 0.089133 0.820894 -0.564082 -0.612788 -0.961116 0.219498 0.167559 -0.230377 0.261363 0.527214 0.808539 0.415345 0.31622 -0.384863 0.867113 0.400795 -0.930002 -0.306262 0.203222 -0.504304 0.187351 -0.87068 -0.45477 0.485867 
1533764017343 0.089187 0.820919 -0.564037 -0.612736 -0.961156 0.219443 0.167404 -0.230364 0.261199 0.527198 0.808603 0.415326 0.31622 -0.384863 0.867113 0.400795 -0.930002 -0.306262 0.203222 -0.504304 0.187351 -0.87068 -0.45477 0.485867 
1533764017360 0.0892412 0.820944 -0.563992 -0.612683 -0.961196 0.219387 0.167248 -0.23035 0.261034 0.527182 0.808666 0.415309 0.31622 -0.384863 0.867113 0.400795 -0.930002 -0.306262 0.203222 -0.504304 0.187351 -0.87068 -0.45477 0.485867 
1533764017377 0.0892955 0.820969 -0.563948 -0.612631 -0.961235 0.219332 0.167092 -0.230336 0.260869 0.527166 0.80873 0.415291 0.31622 -0.384863 0.867113 0.400795 -0.930002 -0.306262 0.203222 -0.504304 0.187351 -0.87068 -0.45477 0.485867 
1533764017393 0.0893498 0.820993 -0.563903 -0.612578 -0.961275 0.219278 0.166936 -0.230322 0.260705 0.52715 0.808793 0.415273 0.31622 -0.384863 0.867113 0.400795 -0.930002 -0.306262 0.203222 -0.504304 0.187351 -0.87068 -0.45477 0.485867 
1533764017420 0.0894038 0.821019 -0.563858 -0.612526 -0.961315 0.219222 0.16678 -0.230309 0.26054 0.527134 0.808856 0.415255 0.31622 -0.384863 0.867113 0.400795 -0.930002 -0.306262 0.203222 -0.504304 0.187351 -0.87068 -0.45477 0.485867 
1533764017442 0.0894582 0.821043 -0.563813 -0.612473 -0.961354 0.219167 0.166624 -0.230294 0.260375 0.527118 0.80892 0.415237 0.31622 -0.384863 0.867113 0.400795 -0.930002 -0.306262 0.203222 -0.504304 0.187351 -0.87068 -0.45477 0.485867 
1533764017458 0.0895121 0.821068 -0.563768 -0.612421 -0.961394 0.219112 0.166469 -0.230281 0.260211 0.527102 0.808983 0.415219 0.31622 -0.384863 0.867113 0.400795 -0.930002 -0.306262 0.203222 -0.504304 0.187351 -0.87068 -0.45477 0.485867 
1533764017498 0.0894453 0.820875 -0.564061 -0.612663 -0.961165 0.219593 0.167156 -0.23044 0.261078 0.527204 0.808637 0.415297 0.31622 -0.384863 0.867113 0.400795 -0.930002 -0.306262 0.203222 -0.504304 0.187351 -0.87068 -0.45477 0.485867 
1533764017509 0.0893809 0.820744 -0.564261 -0.612553 -0.961294 0.219332 0.166757 -0.230458 0.260626 0.527515 0.80858 0.415353 0.31622 -0.384863 0.867113 0.400795 -0.930002 -0.306262 0.203222 -0.504304 0.187351 -0.87068 -0.45477 0.485867 
1533764017526 0.0893335 0.820617 -0.564454 -0.612435 -0.961426 0.219074 0.166335 -0.230467 0.260154 0.527821 0.808532 0.415404 0.31622 -0.384863 0.867113 0.400795 -0.930002 -0.306262 0.203222 -0.504304 0.187351 -0.87068 -0.45477 0.485867 
1533764017543 0.0892863 0.820489 -0.564647 -0.612317 -0.961557 0.218816 0.165912 -0.230476 0.259683 0.528127 0.808484 0.415454 0.31622 -0.384863 0.867113 0.400795 -0.930002 -0.306262 0.203222 -0.504304 0.187351 -0.87068 -0.45477 0.485867 
1533764017648 0.0892393 0.820361 -0.56484 -0.612199 -0.961689 0.218557 0.16549 -0.230485 0.259211 0.528432 0.808436 0.415505 0.31622 -0.384863 0.867113 0.400795 -0.930002 -0.306262 0.203222 -0.504304 0.187351 -0.87068 -0.45477 0.485867 
1533764017692 0.0891925 0.820233 -0.565034 -0.61208 -0.96182 0.218299 0.165067 -0.230493 0.25874 0.528738 0.808387 0.415555 0.31622 -0.384863 0.867113 0.400795 -0.930002 -0.306262 0.203222 -0.504304 0.187351 -0.87068 -0.45477 0.485867 
1533764017775 0.0891459 0.820105 -0.565227 -0.611961 -0.961952 0.21804 0.164644 -0.230501 0.258268 0.529044 0.808338 0.415606 0.31622 -0.384863 0.867113 0.400795 -0.930002 -0.306262 0.203222 -0.504304 0.187351 -0.87068 -0.45477 0.485867 
1533764017817 0.089099 0.819977 -0.56542 -0.611843 -0.962082 0.217781 0.164222 -0.230511 0.257796 0.529349 0.808289 0.415657 0.31622 -0.384863 0.867113 0.400795 -0.930002 -0.306262 0.203222 -0.504304 0.187351 -0.87068 -0.45477 0.485867 
1533764017823 0.0890523 0.819849 -0.565613 -0.611725 -0.962213 0.217522 0.1638 -0.23052 0.257324 0.529653 0.80824 0.415707 0.31622 -0.384863 0.867113 0.400795 -0.930002 -0.306262 0.203222 -0.504304 0.187351 -0.87068 -0.45477 0.485867 
1533764017936 0.0890061 0.81972 -0.565807 -0.611606 -0.962343 0.217262 0.163377 -0.230528 0.256852 0.529959 0.80819 0.415758 0.31622 -0.384863 0.867113 0.400795 -0.930002 -0.306262 0.203222 -0.504304 0.187351 -0.87068 -0.45477 0.485867 
1533764017986 0.0889076 0.81993 -0.565518 -0.611844 -0.96217 0.217501 0.164082 -0.230464 0.257537 0.529536 0.808249 0.415614 0.31622 -0.384863 0.867113 0.400795 -0.930002 -0.306262 0.203222 -0.504304 0.187351 -0.87068 -0.45477 0.485867 
1533764018000 0.0884911 0.820014 -0.565461 -0.611683 -0.962124 0.217322 0.164588 -0.230535 0.257851 0.529479 0.808186 0.41564 0.31622 -0.384863 0.867113 0.400795 -0.930002 -0.306262 0.203222 -0.504304 0.187351 -0.87068 -0.45477 0.485867 
1533764018168 0.0880736 0.820099 -0.565402 -0.611524 -0.962077 0.217143 0.165095 -0.230609 0.258167 0.52942 0.808124 0.415664 0.31622 -0.384863 0.867113 0.400795 -0.930002 -0.306262 0.203222 -0.504304 0.187351 -0.87068 -0.45477 0.485867 
1533764018209 0.0876562 0.820185 -0.565344 -0.611366 -0.962031 0.216963 0.165602 -0.230683 0.258483 0.529362 0.808061 0.415688 0.31622 -0.384863 0.867113 0.400795 -0.930002 -0.306262 0.203222 -0.504304 0.187351 -0.87068 -0.45477 0.485867 
1533764018216 0.0872387 0.82027 -0.565285 -0.611208 -0.961984 0.216783 0.166109 -0.230757 0.258798 0.529304 0.807998 0.415712 0.31622 -0.384863 0.867113 0.400795 -0.930002 -0.306262 0.203222 -0.504304 0.187351 -0.87068 -0.45477 0.485867 
1533764018343 0.0868215 0.820355 -0.565226 -0.611049 -0.961937 0.216604 0.166615 -0.23083 0.259114 0.529245 0.807935 0.415737 0.31622 -0.384863 0.867113 0.400795 -0.930002 -0.306262 0.203222 -0.504304 0.187351 -0.87068 -0.45477 0.485867 
1533764018396 0.0864038 0.82044 -0.565166 -0.610892 -0.961889 0.216424 0.167122 -0.230905 0.259429 0.529187 0.807872 0.415761 0.31622 -0.384863 0.867113 0.400795 -0.930002 -0.306262 0.203222 -0.504304 0.187351 -0.87068 -0.45477 0.485867 
1533764018490 0.0859866 0.820525 -0.565106 -0.610733 -0.961841 0.216244 0.167629 -0.230979 0.259745 0.529129 0.807809 0.415785 0.31622 -0.384863 0.867113 0.400795 -0.930002 -0.306262 0.203222 -0.504304 0.187351 -0.87068 -0.45477 0.485867 
