1530569780437 0.275657 -0.8825 0.381061 -0.604483 0.633204 0.464965 0.618757 -0.181741 -0.723233 0.0707247 0.686973 0.426588 -0.089459 -0.991023 -0.0993507 0.366719 -0.144744 0.111628 -0.983152 -0.497229 0.985417 -0.0735714 -0.15343 0.445421 
1530569780450 0.279959 -0.928327 0.244604 0.300914 -0.147635 -0.293395 -0.944523 -0.479405 0.948592 0.228316 -0.219193 0.477999 -0.0821747 -0.991673 -0.0991556 0.368716 -0.145805 0.110384 -0.983136 -0.496635 0.985895 -0.0663315 -0.153661 0.445039 
1530569780802 0.230439 -0.928572 0.290949 0.201144 0.100162 -0.274773 -0.956278 -0.454448 0.967918 0.249506 0.0296893 0.470138 -0.0748858 -0.992269 -0.0989623 0.370712 -0.146856 0.109133 -0.983119 -0.496041 0.986319 -0.0590885 -0.153893 0.444657 
1530569781097 0.170924 -0.930702 0.323387 0.101345 0.342533 -0.251615 -0.905186 -0.429528 0.923827 0.265489 0.275789 0.46227 -0.0675928 -0.992812 -0.0987709 0.372709 -0.147898 0.107874 -0.983102 -0.495446 0.98669 -0.0518425 -0.154127 0.444276 
1530569781382 0.105241 -0.934585 0.339817 0.00154856 0.563806 -0.225413 -0.794552 -0.404593 0.819175 0.27521 0.503202 0.454389 -0.0602958 -0.993301 -0.0985808 0.374705 -0.148931 0.106607 -0.983084 -0.494852 0.987008 -0.0445941 -0.154362 0.443894 
1530569781716 0.0376411 -0.939972 0.33917 -0.0982441 0.749696 -0.197848 -0.631515 -0.379703 0.660711 0.278046 0.697246 0.446561 -0.0529954 -0.993736 -0.0983926 0.376702 -0.149955 0.105333 -0.983066 -0.494258 0.987271 -0.0373435 -0.154598 0.443512 
1530569782023 -0.0274966 -0.946509 0.321504 -0.19804 0.888171 -0.170715 -0.426625 -0.354799 0.45869 0.273819 0.845356 0.438708 -0.045692 -0.994117 -0.0982062 0.378699 -0.150969 0.104052 -0.983047 -0.493664 0.987482 -0.0300913 -0.154836 0.44313 
1530569782315 -0.0859582 -0.953775 0.287965 -0.297843 0.970288 -0.145755 -0.193125 -0.329885 0.22617 0.262808 0.937965 0.430849 -0.0383859 -0.994444 -0.0980214 0.380695 -0.151974 0.102762 -0.983028 -0.49307 0.987639 -0.0228377 -0.155074 0.442748 
1530569782627 -0.133891 -0.961306 0.240757 -0.39763 0.990757 -0.124507 0.0538481 -0.304986 -0.0217887 0.245741 0.96909 0.423012 -0.0310775 -0.994717 -0.0978384 0.382692 -0.152969 0.101466 -0.983008 -0.492475 0.987742 -0.0155832 -0.155315 0.442367 
1530569782915 -0.16636 -0.968714 0.184166 -0.497042 0.948948 -0.10652 0.296902 -0.280487 -0.267995 0.224156 0.93698 0.415822 -0.0237677 -0.994936 -0.0976578 0.384688 -0.153955 0.100163 -0.982988 -0.491881 0.987792 -0.00832846 -0.155556 0.441985 
1530569783211 -0.16636 -0.968714 0.184166 -0.497042 0.948948 -0.10652 0.296902 -0.280487 -0.267995 0.224156 0.93698 0.415822 -0.0238645 -0.994924 -0.0977582 0.384706 -0.153998 0.100277 -0.982969 -0.491881 0.987783 -0.00840351 -0.15561 0.441936 
1530569783223 0.279944 -0.928332 0.244602 0.300919 -0.147641 -0.29339 -0.944523 -0.479385 0.948596 0.2283 -0.219192 0.478003 -0.023125 -0.994944 -0.0977301 0.384904 -0.154092 0.100135 -0.982969 -0.491822 0.987786 -0.00767172 -0.155629 0.441903 
1530569783411 0.230438 -0.928573 0.290948 0.201144 0.100162 -0.274773 -0.956278 -0.454448 0.967918 0.249505 0.0296894 0.470138 -0.0223841 -0.994964 -0.0977026 0.385102 -0.154185 0.0999935 -0.982969 -0.491762 0.987788 -0.00693862 -0.155647 0.441869 
1530569783573 0.170952 -0.930693 0.323399 0.101346 0.342531 -0.251618 -0.905185 -0.429524 0.923822 0.265517 0.275777 0.46227 -0.0216441 -0.994983 -0.097675 0.385299 -0.154278 0.0998517 -0.982969 -0.491703 0.98779 -0.00620633 -0.155666 0.441836 
1530569783725 0.105263 -0.934576 0.339834 0.0015493 0.563799 -0.225417 -0.794555 -0.40459 0.819177 0.275236 0.503185 0.454387 -0.0209025 -0.995002 -0.0976477 0.385497 -0.154372 0.0997097 -0.982969 -0.491643 0.987792 -0.00547246 -0.155684 0.441803 
1530569783887 0.0376357 -0.939972 0.339171 -0.0982456 0.749696 -0.197853 -0.631515 -0.379703 0.660712 0.278042 0.697246 0.446561 -0.0201616 -0.99502 -0.0976201 0.385695 -0.154465 0.0995676 -0.982968 -0.491584 0.987793 -0.00473936 -0.155703 0.441769 
1530569784045 -0.0275103 -0.946508 0.321506 -0.198043 0.888169 -0.170729 -0.426624 -0.354797 0.458694 0.273815 0.845355 0.438706 -0.0194206 -0.995037 -0.0975925 0.385893 -0.154557 0.0994254 -0.982968 -0.491525 0.987793 -0.00400623 -0.155721 0.441736 
1530569784210 -0.0859875 -0.953774 0.28796 -0.297848 0.970285 -0.145782 -0.193118 -0.329881 0.22617 0.262798 0.937968 0.430844 -0.0186797 -0.995054 -0.097565 0.386091 -0.15465 0.0992832 -0.982968 -0.491465 0.987793 -0.00327311 -0.15574 0.441703 
1530569784373 -0.133994 -0.961304 0.240707 -0.397649 0.990742 -0.124599 0.0539059 -0.30497 -0.0218281 0.245702 0.9691 0.422988 -0.0179388 -0.99507 -0.0975375 0.386288 -0.154743 0.0991409 -0.982968 -0.491406 0.987792 -0.00254001 -0.155758 0.44167 
1530569784547 -0.168166 -0.968643 0.182894 -0.497401 0.948284 -0.108293 0.29838 -0.280131 -0.269217 0.223613 0.93676 0.415185 -0.0171979 -0.995086 -0.0975101 0.386486 -0.154835 0.0989985 -0.982968 -0.491346 0.987791 -0.00180693 -0.155777 0.441636 
1530569784772 -0.168166 -0.968643 0.182894 -0.497401 0.948284 -0.108293 0.29838 -0.280131 -0.269217 0.223613 0.93676 0.415185 -0.017153 -0.995087 -0.0975055 0.386529 -0.155017 0.0989874 -0.98294 -0.491318 0.987763 -0.00174544 -0.155953 0.441569 
1530569784783 0.279944 -0.928332 0.244603 0.300918 -0.14764 -0.293391 -0.944523 -0.479383 0.948596 0.228301 -0.219192 0.478 -0.0170837 -0.995089 -0.0975038 0.386545 -0.155008 0.0989749 -0.982943 -0.491315 0.987766 -0.00167842 -0.155937 0.441572 
1530569784800 0.230433 -0.928574 0.290949 0.201135 0.100157 -0.274774 -0.956278 -0.454444 0.96792 0.249499 0.0296862 0.470131 -0.0170139 -0.99509 -0.0975015 0.38656 -0.154999 0.0989617 -0.982946 -0.491312 0.987768 -0.00161115 -0.155921 0.441576 
1530569784816 0.170907 -0.930708 0.323379 0.101361 0.342537 -0.25161 -0.905185 -0.429539 0.923828 0.265472 0.2758 0.462285 -0.0169443 -0.995091 -0.0974991 0.386576 -0.15499 0.0989485 -0.982948 -0.491309 0.987771 -0.00154398 -0.155906 0.441579 
1530569784833 0.105225 -0.934591 0.339806 0.00157287 0.563812 -0.225408 -0.794548 -0.404636 0.819172 0.275193 0.503215 0.45443 -0.0168747 -0.995093 -0.0974968 0.386591 -0.154981 0.0989353 -0.982951 -0.491306 0.987773 -0.00147682 -0.15589 0.441583 
1530569784907 0.0376324 -0.939973 0.339168 -0.0982377 0.749694 -0.197854 -0.631516 -0.379715 0.660713 0.278038 0.697247 0.446568 -0.016805 -0.995094 -0.0974944 0.386607 -0.154972 0.0989221 -0.982954 -0.491302 0.987776 -0.00140965 -0.155874 0.441586 
1530569785103 -0.0275109 -0.946508 0.321506 -0.198044 0.888168 -0.170729 -0.426625 -0.354797 0.458694 0.273814 0.845355 0.438706 -0.0167354 -0.995096 -0.097492 0.386622 -0.154963 0.0989089 -0.982956 -0.491299 0.987778 -0.00134248 -0.155859 0.441589 
1530569785300 -0.0859935 -0.953774 0.28796 -0.297849 0.970284 -0.145787 -0.193117 -0.32988 0.226171 0.262796 0.937968 0.430843 -0.0166658 -0.995097 -0.0974897 0.386638 -0.154954 0.0988957 -0.982959 -0.491296 0.987781 -0.00127532 -0.155843 0.441593 
1530569785447 -0.134035 -0.9613 0.240699 -0.397656 0.990736 -0.12464 0.0539165 -0.304962 -0.0218293 0.245696 0.969101 0.422982 -0.0165962 -0.995098 -0.0974874 0.386653 -0.154946 0.0988826 -0.982962 -0.491293 0.987784 -0.00120815 -0.155827 0.441596 
1530569785551 -0.168532 -0.968602 0.182777 -0.497457 0.948201 -0.108653 0.298511 -0.280044 -0.269279 0.223618 0.936741 0.415121 -0.0165265 -0.9951 -0.097485 0.386668 -0.154937 0.0988694 -0.982965 -0.49129 0.987786 -0.00114099 -0.155811 0.4416 
1530569785630 -0.168532 -0.968602 0.182777 -0.497457 0.948201 -0.108653 0.298511 -0.280044 -0.269279 0.223618 0.936741 0.415121 -0.0165912 -0.995099 -0.0974855 0.386688 -0.154831 0.0988798 -0.98298 -0.491278 0.987802 -0.00121502 -0.155713 0.441659 
1530569785642 0.279949 -0.92833 0.244604 0.300903 -0.147644 -0.293394 -0.944522 -0.479377 0.948594 0.228304 -0.219197 0.477994 -0.0171647 -0.994983 -0.0985574 0.386756 -0.15464 0.100028 -0.982894 -0.491228 0.987822 -0.00163021 -0.155581 0.441639 
1530569785942 0.230423 -0.928578 0.290943 0.201162 0.100165 -0.274767 -0.956279 -0.454451 0.967922 0.249491 0.0296987 0.470149 -0.0177374 -0.994867 -0.0996293 0.386825 -0.154448 0.101175 -0.982807 -0.491178 0.987842 -0.00204484 -0.15545 0.44162 
1530569786185 0.170901 -0.930709 0.323378 0.10138 0.342534 -0.251613 -0.905186 -0.429553 0.923831 0.265465 0.275798 0.462288 -0.0183098 -0.994748 -0.100701 0.386893 -0.154256 0.102323 -0.982718 -0.491128 0.987861 -0.00245964 -0.155319 0.4416 
1530569786402 0.105225 -0.934591 0.339806 0.00157044 0.563812 -0.225409 -0.794548 -0.404635 0.819173 0.275193 0.503215 0.45443 -0.0188818 -0.994628 -0.101773 0.386962 -0.154063 0.10347 -0.982628 -0.491078 0.987881 -0.00287432 -0.155189 0.44158 
1530569786612 0.0376322 -0.939973 0.339168 -0.0982381 0.749694 -0.197854 -0.631516 -0.379714 0.660713 0.278038 0.697247 0.446568 -0.0194539 -0.994507 -0.102845 0.38703 -0.153869 0.104617 -0.982537 -0.491028 0.9879 -0.00328949 -0.155059 0.441561 
1530569786801 -0.027511 -0.946508 0.321505 -0.198044 0.888169 -0.170729 -0.426624 -0.354797 0.458694 0.273814 0.845356 0.438706 -0.0200259 -0.994384 -0.103917 0.387098 -0.153675 0.105764 -0.982445 -0.490979 0.987918 -0.00370492 -0.15493 0.441541 
1530569787001 -0.0859929 -0.953774 0.28796 -0.297849 0.970284 -0.145787 -0.193118 -0.32988 0.226172 0.262796 0.937968 0.430843 -0.0205975 -0.99426 -0.104988 0.387167 -0.15348 0.10691 -0.982351 -0.490929 0.987937 -0.00412034 -0.154801 0.441521 
1530569787240 -0.134036 -0.961301 0.240698 -0.397656 0.990736 -0.12464 0.0539166 -0.304962 -0.0218294 0.245695 0.969101 0.422982 -0.0211689 -0.994134 -0.10606 0.387235 -0.153285 0.108057 -0.982256 -0.490879 0.987955 -0.00453588 -0.154673 0.441501 
1530569787453 -0.168532 -0.968602 0.182777 -0.497457 0.948201 -0.108653 0.298511 -0.280044 -0.269279 0.223618 0.936741 0.415121 -0.02174 -0.994007 -0.107132 0.387304 -0.153088 0.109203 -0.98216 -0.490829 0.987973 -0.00495156 -0.154545 0.441482 
1530569787674 -0.168532 -0.968602 0.182777 -0.497457 0.948201 -0.108653 0.298511 -0.280044 -0.269279 0.223618 0.936741 0.415121 -0.0217916 -0.994015 -0.107049 0.387268 -0.153129 0.10913 -0.982162 -0.49089 0.987966 -0.00501057 -0.154591 0.441468 
1530569787952 0.279948 -0.928331 0.244603 0.300905 -0.147646 -0.293394 -0.944521 -0.479376 0.948594 0.228302 -0.219199 0.477997 -0.0221083 -0.994151 -0.105714 0.387437 -0.153788 0.107863 -0.982199 -0.490875 0.987857 -0.00545718 -0.155273 0.441608 
1530569788154 0.230424 -0.928578 0.290944 0.201164 0.100163 -0.274768 -0.956279 -0.454459 0.967922 0.249491 0.0296964 0.470156 -0.0224247 -0.994285 -0.104379 0.387606 -0.154446 0.106597 -0.982234 -0.490859 0.987747 -0.00590528 -0.155954 0.441748 
1530569788476 0.1709 -0.930709 0.323379 0.101382 0.342533 -0.251614 -0.905186 -0.429555 0.923831 0.265464 0.275798 0.462288 -0.0227401 -0.994417 -0.103044 0.387775 -0.155105 0.105332 -0.982267 -0.490844 0.987636 -0.00635425 -0.156634 0.441888 
1530569788734 0.105225 -0.934591 0.339806 0.00157168 0.563812 -0.225409 -0.794548 -0.404636 0.819173 0.275193 0.503214 0.45443 -0.0230546 -0.994547 -0.101707 0.387944 -0.155763 0.104065 -0.982297 -0.490829 0.987525 -0.00680417 -0.157313 0.442028 
1530569788954 0.0376322 -0.939973 0.339168 -0.0982379 0.749694 -0.197854 -0.631516 -0.379714 0.660713 0.278038 0.697247 0.446568 -0.0233682 -0.994676 -0.100371 0.388112 -0.156423 0.1028 -0.982326 -0.490814 0.987414 -0.00725486 -0.157992 0.442167 
1530569789185 -0.027511 -0.946508 0.321505 -0.198044 0.888168 -0.170729 -0.426625 -0.354797 0.458694 0.273814 0.845355 0.438705 -0.023681 -0.994802 -0.0990348 0.388281 -0.157083 0.101535 -0.982352 -0.490798 0.987301 -0.0077064 -0.158671 0.442307 
1530569789384 -0.0859935 -0.953774 0.28796 -0.297849 0.970284 -0.145788 -0.193118 -0.32988 0.226171 0.262796 0.937968 0.430843 -0.0239929 -0.994927 -0.0976978 0.38845 -0.157743 0.100269 -0.982376 -0.490783 0.987189 -0.00815887 -0.159349 0.442447 
1530569789585 -0.134035 -0.961301 0.240699 -0.397656 0.990736 -0.124639 0.0539163 -0.304962 -0.0218293 0.245695 0.969101 0.422982 -0.0243038 -0.99505 -0.0963603 0.388619 -0.158404 0.0990041 -0.982398 -0.490768 0.987075 -0.0086122 -0.160026 0.442587 
1530569789829 -0.168532 -0.968602 0.182777 -0.497457 0.948201 -0.108653 0.298511 -0.280044 -0.269279 0.223618 0.936741 0.415121 -0.0246138 -0.995171 -0.0950225 0.388788 -0.159064 0.097739 -0.982418 -0.490752 0.986961 -0.0090664 -0.160702 0.442727 
1530569790071 -0.168532 -0.968602 0.182777 -0.497457 0.948201 -0.108653 0.298511 -0.280044 -0.269279 0.223618 0.936741 0.415121 -0.0246152 -0.995162 -0.0951139 0.388776 -0.158934 0.0978283 -0.98243 -0.490736 0.986982 -0.00906585 -0.160573 0.44274 
1530569790083 0.279947 -0.928331 0.244603 0.300906 -0.147648 -0.293393 -0.944521 -0.479374 0.948594 0.228301 -0.219201 0.477999 -0.0248912 -0.995207 -0.0945737 0.388881 -0.157965 0.09733 -0.982636 -0.490732 0.987131 -0.00951961 -0.159631 0.442649 
1530569790350 0.230423 -0.928578 0.290944 0.201164 0.100164 -0.274768 -0.956279 -0.454459 0.967922 0.249491 0.0296967 0.470155 -0.0251674 -0.995251 -0.0940329 0.388986 -0.156997 0.0968304 -0.982841 -0.490729 0.987278 -0.00997267 -0.158688 0.442559 
1530569790628 0.1709 -0.930709 0.323379 0.101382 0.342533 -0.251613 -0.905186 -0.429555 0.923831 0.265464 0.275798 0.462288 -0.0254439 -0.995295 -0.0934924 0.389091 -0.156028 0.0963303 -0.983044 -0.490725 0.987425 -0.0104251 -0.157745 0.442468 
1530569790887 0.105225 -0.934591 0.339806 0.0015715 0.563812 -0.225409 -0.794548 -0.404636 0.819173 0.275193 0.503214 0.45443 -0.025721 -0.995338 -0.092952 0.389196 -0.155059 0.0958298 -0.983246 -0.490722 0.98757 -0.010877 -0.156801 0.442378 
1530569791123 0.0376321 -0.939973 0.339168 -0.0982377 0.749694 -0.197854 -0.631516 -0.379715 0.660714 0.278038 0.697246 0.446568 -0.0259986 -0.995381 -0.092412 0.389301 -0.15409 0.0953287 -0.983447 -0.490718 0.987715 -0.0113285 -0.155857 0.442287 
1530569791387 -0.027511 -0.946508 0.321505 -0.198043 0.888168 -0.170729 -0.426625 -0.354797 0.458694 0.273814 0.845355 0.438705 -0.0262769 -0.995424 -0.0918721 0.389407 -0.153121 0.0948272 -0.983647 -0.490714 0.987858 -0.0117796 -0.154912 0.442196 
1530569791691 -0.0859935 -0.953774 0.28796 -0.297849 0.970284 -0.145788 -0.193118 -0.32988 0.226171 0.262796 0.937968 0.430843 -0.0265555 -0.995466 -0.0913325 0.389512 -0.152152 0.0943252 -0.983846 -0.490711 0.988 -0.01223 -0.153967 0.442106 
1530569791917 -0.134035 -0.961301 0.240699 -0.397656 0.990736 -0.124639 0.0539163 -0.304962 -0.0218293 0.245695 0.969101 0.422982 -0.0268347 -0.995508 -0.0907932 0.389617 -0.151183 0.0938228 -0.984043 -0.490707 0.988141 -0.0126801 -0.153022 0.442015 
1530569792198 -0.168532 -0.968602 0.182777 -0.497457 0.948201 -0.108653 0.298511 -0.280044 -0.269279 0.223618 0.936741 0.415121 -0.0271144 -0.99555 -0.0902541 0.389722 -0.150215 0.0933199 -0.984239 -0.490704 0.988282 -0.0131296 -0.152076 0.441925 
1530569792424 -0.168532 -0.968602 0.182777 -0.497457 0.948201 -0.108653 0.298511 -0.280044 -0.269279 0.223618 0.936741 0.415121 -0.0270802 -0.99555 -0.0902639 0.389745 -0.150227 0.0933245 -0.984237 -0.490665 0.988281 -0.0130932 -0.152086 0.441968 
1530569792439 0.279952 -0.928342 0.244559 0.30098 -0.147641 -0.293348 -0.944537 -0.47939 0.948593 0.228318 -0.219184 0.477999 -0.0271843 -0.995572 -0.0899825 0.389817 -0.149615 0.093054 -0.984356 -0.49068 0.988371 -0.0132963 -0.151482 0.441933 
1530569792646 0.230438 -0.928583 0.290917 0.201188 0.100167 -0.274739 -0.956287 -0.454469 0.967918 0.249505 0.0297027 0.47014 -0.0272889 -0.995595 -0.089701 0.389889 -0.149001 0.0927831 -0.984475 -0.490694 0.98846 -0.0134997 -0.150876 0.441897 
1530569792851 0.170908 -0.93071 0.323371 0.101378 0.342536 -0.251602 -0.905188 -0.429552 0.923829 0.26547 0.275801 0.462286 -0.0273937 -0.995617 -0.0894195 0.38996 -0.148387 0.0925121 -0.984593 -0.490708 0.98855 -0.0137029 -0.150271 0.441862 
1530569792858 0.105228 -0.934591 0.339804 0.00157024 0.563812 -0.225405 -0.794549 -0.404634 0.819172 0.275194 0.503215 0.454427 -0.0274995 -0.99564 -0.089138 0.390032 -0.147773 0.0922411 -0.98471 -0.490723 0.988639 -0.0139069 -0.149665 0.441827 
1530569793046 0.0376422 -0.939977 0.339156 -0.0982335 0.7497 -0.197837 -0.631514 -0.379718 0.660706 0.278037 0.697254 0.446563 -0.0276044 -0.995662 -0.0888567 0.390104 -0.147159 0.0919698 -0.984828 -0.490738 0.988728 -0.0141095 -0.149059 0.441791 
1530569793301 -0.027466 -0.94652 0.321475 -0.198032 0.888184 -0.170668 -0.426615 -0.354808 0.458666 0.273812 0.845372 0.438701 -0.0277091 -0.995684 -0.0885755 0.390176 -0.146545 0.0916983 -0.984945 -0.490752 0.988816 -0.0143116 -0.148453 0.441756 
1530569793512 -0.0859456 -0.953782 0.287946 -0.297841 0.970294 -0.145734 -0.193111 -0.32989 0.22615 0.262795 0.937974 0.430843 -0.0278145 -0.995706 -0.0882942 0.390248 -0.145931 0.0914268 -0.985061 -0.490766 0.988904 -0.0145142 -0.147847 0.441721 
1530569793761 -0.133999 -0.961306 0.240696 -0.397651 0.990741 -0.124602 0.0539174 -0.30497 -0.02184 0.245692 0.969102 0.422984 -0.0279202 -0.995728 -0.0880131 0.390319 -0.145317 0.0911551 -0.985177 -0.490781 0.988991 -0.0147165 -0.147241 0.441686 
1530569794014 -0.168389 -0.968625 0.182785 -0.49744 0.94822 -0.108513 0.298503 -0.280081 -0.269303 0.223585 0.936742 0.415129 -0.028026 -0.99575 -0.087732 0.390391 -0.144703 0.0908834 -0.985293 -0.490796 0.989078 -0.0149187 -0.146635 0.44165 
1530569794306 -0.168389 -0.968625 0.182785 -0.49744 0.94822 -0.108513 0.298503 -0.280081 -0.269303 0.223585 0.936742 0.415129 -0.0280318 -0.995739 -0.0878547 0.39037 -0.144669 0.0910052 -0.985286 -0.490786 0.989083 -0.0149095 -0.146604 0.441609 
1530569794319 0.279952 -0.928342 0.244556 0.30098 -0.147642 -0.293345 -0.944537 -0.479389 0.948593 0.228319 -0.219184 0.477997 -0.0279751 -0.995733 -0.087943 0.390447 -0.144951 0.0910884 -0.985237 -0.49083 0.989043 -0.0148146 -0.146881 0.441691 
1530569794504 0.230444 -0.928584 0.290907 0.201189 0.100168 -0.274728 -0.95629 -0.454469 0.967916 0.249511 0.0297052 0.470137 -0.0279188 -0.995726 -0.0880322 0.390524 -0.145234 0.0911726 -0.985188 -0.490873 0.989003 -0.01472 -0.147158 0.441773 
1530569794727 0.17091 -0.930711 0.323369 0.101378 0.342537 -0.2516 -0.905188 -0.429552 0.923828 0.265471 0.275802 0.462286 -0.0278625 -0.99572 -0.0881214 0.390602 -0.145516 0.0912568 -0.985138 -0.490917 0.988963 -0.0146253 -0.147436 0.441854 
1530569794921 0.105228 -0.934591 0.339804 0.0015701 0.563812 -0.225406 -0.794549 -0.404634 0.819172 0.275194 0.503215 0.454427 -0.0278067 -0.995714 -0.0882104 0.390679 -0.145799 0.0913408 -0.985089 -0.49096 0.988923 -0.0145311 -0.147714 0.441936 
1530569795117 0.0376402 -0.939976 0.339158 -0.0982342 0.749699 -0.19784 -0.631515 -0.379718 0.660708 0.278037 0.697252 0.446563 -0.0277503 -0.995707 -0.0882997 0.390756 -0.146081 0.0914249 -0.985039 -0.491004 0.988883 -0.0144362 -0.147991 0.442018 
1530569795438 -0.0274755 -0.946518 0.321479 -0.198034 0.888182 -0.17068 -0.426616 -0.354806 0.45867 0.27381 0.84537 0.438701 -0.0276939 -0.995701 -0.0883891 0.390833 -0.146364 0.0915091 -0.984989 -0.491048 0.988843 -0.0143412 -0.148269 0.4421 
1530569795639 -0.0859624 -0.95378 0.287948 -0.297844 0.970291 -0.145751 -0.193111 -0.329887 0.226155 0.262793 0.937973 0.430843 -0.0276377 -0.995695 -0.0884784 0.39091 -0.146646 0.0915932 -0.984939 -0.491091 0.988803 -0.0142464 -0.148546 0.442182 
1530569795880 -0.134015 -0.961304 0.240695 -0.397653 0.990739 -0.124618 0.0539187 -0.304967 -0.0218374 0.245692 0.969102 0.422983 -0.0275815 -0.995688 -0.0885677 0.390988 -0.146929 0.0916772 -0.984889 -0.491135 0.988762 -0.0141516 -0.148824 0.442263 
1530569796073 -0.168456 -0.968616 0.182775 -0.497449 0.948209 -0.108578 0.298514 -0.280064 -0.2693 0.223595 0.936741 0.415122 -0.0275254 -0.995682 -0.088657 0.391065 -0.147211 0.0917612 -0.984839 -0.491178 0.988722 -0.0140568 -0.149101 0.442345 
1530569796392 -0.168456 -0.968616 0.182775 -0.497449 0.948209 -0.108578 0.298514 -0.280064 -0.2693 0.223595 0.936741 0.415122 -0.0274731 -0.995667 -0.0888375 0.391037 -0.14734 0.0919337 -0.984804 -0.491168 0.988704 -0.0139663 -0.149227 0.442263 
1530569796405 0.27995 -0.928342 0.244558 0.30098 -0.147642 -0.293347 -0.944537 -0.479388 0.948594 0.228316 -0.219185 0.477997 -0.0276086 -0.995665 -0.0888232 0.391128 -0.14768 0.0919447 -0.984752 -0.491186 0.98865 -0.0140702 -0.149578 0.442372 
1530569796722 0.230443 -0.928584 0.290908 0.201189 0.100168 -0.27473 -0.95629 -0.454469 0.967917 0.24951 0.0297048 0.470138 -0.027744 -0.995662 -0.0888087 0.39122 -0.14802 0.0919555 -0.9847 -0.491204 0.988595 -0.014174 -0.149929 0.44248 
1530569796928 0.170908 -0.93071 0.323371 0.101378 0.342536 -0.251603 -0.905188 -0.429552 0.923829 0.26547 0.275801 0.462287 -0.0278794 -0.99566 -0.0887942 0.391311 -0.14836 0.0919663 -0.984648 -0.491222 0.98854 -0.0142779 -0.15028 0.442589 
1530569797137 0.105227 -0.934591 0.339805 0.00156986 0.563812 -0.225407 -0.794549 -0.404634 0.819172 0.275194 0.503214 0.454427 -0.0280153 -0.995657 -0.0887793 0.391402 -0.1487 0.091977 -0.984596 -0.49124 0.988485 -0.0143823 -0.150631 0.442698 
1530569797329 0.0376404 -0.939976 0.339158 -0.0982341 0.749699 -0.197839 -0.631515 -0.379718 0.660707 0.278037 0.697253 0.446563 -0.0281506 -0.995655 -0.0887648 0.391493 -0.14904 0.091988 -0.984543 -0.491259 0.98843 -0.014486 -0.150982 0.442807 
1530569797549 -0.0274873 -0.946515 0.321486 -0.198037 0.888178 -0.170695 -0.426618 -0.354804 0.458677 0.27381 0.845366 0.438701 -0.0282857 -0.995652 -0.0887503 0.391585 -0.149381 0.0919991 -0.984491 -0.491277 0.988375 -0.0145894 -0.151333 0.442915 
1530569797750 -0.0859737 -0.953778 0.287951 -0.297846 0.970289 -0.145764 -0.193112 -0.329884 0.226159 0.262793 0.937972 0.430842 -0.0284211 -0.99565 -0.0887356 0.391676 -0.149721 0.0920101 -0.984438 -0.491295 0.98832 -0.0146933 -0.151684 0.443024 
1530569797948 -0.134023 -0.961303 0.240696 -0.397654 0.990738 -0.124626 0.0539188 -0.304965 -0.0218353 0.245693 0.969102 0.422982 -0.0285565 -0.995647 -0.0887208 0.391767 -0.150061 0.0920212 -0.984385 -0.491313 0.988264 -0.0147971 -0.152035 0.443133 
1530569798158 -0.168487 -0.968611 0.182773 -0.497453 0.948205 -0.108609 0.298516 -0.280056 -0.269295 0.223602 0.93674 0.41512 -0.0286919 -0.995645 -0.088706 0.391859 -0.150401 0.0920322 -0.984332 -0.491331 0.988209 -0.0149009 -0.152386 0.443241 
1530569798366 -0.168487 -0.968611 0.182773 -0.497453 0.948205 -0.108609 0.298516 -0.280056 -0.269295 0.223602 0.93674 0.41512 -0.0287754 -0.995638 -0.0887568 0.391869 -0.150334 0.0920942 -0.984336 -0.491326 0.988216 -0.0149815 -0.152328 0.443254 
1530569798380 0.279945 -0.928342 0.244566 0.300979 -0.147642 -0.293353 -0.944535 -0.479388 0.948595 0.228309 -0.219185 0.477999 -0.0289652 -0.995636 -0.0887094 0.391965 -0.150054 0.092072 -0.984381 -0.491328 0.988253 -0.0152016 -0.152066 0.44326 
1530569798609 0.230438 -0.928583 0.290915 0.201187 0.100166 -0.274738 -0.956288 -0.454469 0.967918 0.249504 0.0297028 0.47014 -0.0291551 -0.995635 -0.0886632 0.392062 -0.149774 0.0920509 -0.984426 -0.49133 0.98829 -0.0154215 -0.151804 0.443267 
1530569798799 0.170907 -0.93071 0.323373 0.101377 0.342535 -0.251605 -0.905188 -0.429552 0.923829 0.265469 0.2758 0.462287 -0.029345 -0.995633 -0.0886171 0.392158 -0.149495 0.0920297 -0.98447 -0.491331 0.988327 -0.0156415 -0.151543 0.443273 
1530569798981 0.105227 -0.934591 0.339805 0.00156971 0.563812 -0.225407 -0.794549 -0.404634 0.819173 0.275194 0.503214 0.454427 -0.029535 -0.995632 -0.0885712 0.392254 -0.149215 0.0920087 -0.984515 -0.491333 0.988364 -0.0158614 -0.151281 0.443279 
1530569799175 0.037643 -0.939978 0.339153 -0.0982331 0.749701 -0.197833 -0.631514 -0.379719 0.660705 0.278036 0.697256 0.446562 -0.0297249 -0.99563 -0.0885252 0.39235 -0.148936 0.0919873 -0.984559 -0.491335 0.9884 -0.0160813 -0.151019 0.443285 
1530569799362 -0.0274959 -0.946513 0.321492 -0.198039 0.888175 -0.170707 -0.42662 -0.354802 0.458682 0.273811 0.845363 0.438702 -0.0299147 -0.995629 -0.0884791 0.392447 -0.148656 0.0919658 -0.984603 -0.491337 0.988436 -0.0163012 -0.150757 0.443292 
1530569799546 -0.0859812 -0.953777 0.287954 -0.297847 0.970287 -0.145772 -0.193114 -0.329883 0.226163 0.262794 0.937971 0.430842 -0.0301047 -0.995627 -0.0884332 0.392543 -0.148376 0.0919444 -0.984648 -0.491339 0.988473 -0.0165211 -0.150495 0.443298 
1530569799766 -0.134028 -0.961302 0.240697 -0.397655 0.990737 -0.124631 0.0539184 -0.304964 -0.0218336 0.245694 0.969102 0.422982 -0.0302946 -0.995625 -0.0883873 0.392639 -0.148097 0.0919229 -0.984692 -0.49134 0.988509 -0.016741 -0.150233 0.443304 
1530569799975 -0.168503 -0.968608 0.182772 -0.497455 0.948203 -0.108624 0.298516 -0.280052 -0.269291 0.223606 0.93674 0.41512 -0.0304846 -0.995624 -0.0883415 0.392736 -0.147817 0.0919013 -0.984736 -0.491342 0.988545 -0.0169609 -0.149972 0.443311 
1530569800151 -0.168503 -0.968608 0.182772 -0.497455 0.948203 -0.108624 0.298516 -0.280052 -0.269291 0.223606 0.93674 0.41512 -0.030426 -0.995619 -0.088416 0.392719 -0.147804 0.091966 -0.984732 -0.491337 0.988549 -0.0168931 -0.149955 0.443328 
1530569800164 0.280096 -0.928367 0.244297 0.301008 -0.147655 -0.293119 -0.944605 -0.479375 0.948548 0.228508 -0.21918 0.477914 -0.0305449 -0.995618 -0.0883872 0.392827 -0.147476 0.0919498 -0.984782 -0.491352 0.988594 -0.0170451 -0.149638 0.443312 
1530569800353 0.230557 -0.928605 0.290751 0.201213 0.100199 -0.274556 -0.956336 -0.454462 0.967886 0.249623 0.0297445 0.47009 -0.030664 -0.995617 -0.0883582 0.392936 -0.147148 0.0919332 -0.984833 -0.491367 0.988639 -0.0171972 -0.149322 0.443296 
1530569800544 0.170929 -0.930716 0.323342 0.101384 0.342547 -0.251566 -0.905194 -0.429552 0.923821 0.265484 0.275814 0.462278 -0.030783 -0.995616 -0.0883292 0.393044 -0.146819 0.0919165 -0.984883 -0.491383 0.988684 -0.0173493 -0.149005 0.44328 
1530569800737 0.10523 -0.934592 0.339802 0.00157074 0.563813 -0.225402 -0.794549 -0.404635 0.819171 0.275195 0.503216 0.454426 -0.0309022 -0.995614 -0.0883004 0.393152 -0.146491 0.0919 -0.984934 -0.491398 0.988729 -0.0175015 -0.148688 0.443264 
1530569800960 0.0376479 -0.93998 0.339146 -0.0982313 0.749705 -0.197824 -0.631513 -0.37972 0.660701 0.278035 0.69726 0.44656 -0.0310213 -0.995613 -0.0882714 0.393261 -0.146162 0.0918832 -0.984984 -0.491413 0.988774 -0.0176535 -0.148372 0.443248 
1530569801143 -0.0274967 -0.946513 0.321493 -0.19804 0.888175 -0.170708 -0.42662 -0.354801 0.458683 0.273811 0.845362 0.438702 -0.0311403 -0.995612 -0.0882425 0.393369 -0.145834 0.0918663 -0.985035 -0.491428 0.988819 -0.0178055 -0.148055 0.443233 
1530569801335 -0.0859863 -0.953775 0.287956 -0.297848 0.970286 -0.145779 -0.193115 -0.329882 0.226166 0.262795 0.93797 0.430843 -0.0312593 -0.995611 -0.0882136 0.393477 -0.145506 0.0918494 -0.985085 -0.491443 0.988863 -0.0179575 -0.147738 0.443217 
1530569801502 -0.134032 -0.961301 0.240698 -0.397655 0.990737 -0.124636 0.0539175 -0.304963 -0.0218315 0.245695 0.969101 0.422982 -0.0313784 -0.99561 -0.0881848 0.393585 -0.145177 0.0918325 -0.985135 -0.491459 0.988908 -0.0181096 -0.147421 0.443201 
1530569801683 -0.168517 -0.968605 0.182774 -0.497456 0.948202 -0.108639 0.298514 -0.280048 -0.269286 0.223612 0.936741 0.41512 -0.0314976 -0.995609 -0.0881561 0.393694 -0.144849 0.0918156 -0.985185 -0.491474 0.988952 -0.0182616 -0.147104 0.443185 
1530569801881 -0.168517 -0.968605 0.182774 -0.497456 0.948202 -0.108639 0.298514 -0.280048 -0.269286 0.223612 0.936741 0.41512 -0.0314171 -0.995604 -0.0882322 0.393675 -0.14486 0.0918793 -0.985177 -0.491448 0.988953 -0.01817 -0.14711 0.443189 
1530569801895 0.280068 -0.928364 0.24434 0.301003 -0.147655 -0.293156 -0.944594 -0.479378 0.948557 0.228472 -0.219181 0.477927 -0.0315962 -0.995591 -0.0883246 0.393818 -0.145016 0.092 -0.985143 -0.491469 0.988925 -0.0183183 -0.147283 0.443241 
1530569802081 0.23053 -0.928601 0.290785 0.201207 0.100192 -0.274594 -0.956326 -0.454464 0.967893 0.249596 0.0297359 0.4701 -0.0317741 -0.995577 -0.0884165 0.393961 -0.145171 0.09212 -0.985109 -0.49149 0.988896 -0.0184654 -0.147456 0.443293 
1530569802267 0.170922 -0.930714 0.323352 0.101381 0.342543 -0.251578 -0.905192 -0.429552 0.923823 0.265479 0.27581 0.462281 -0.031952 -0.995563 -0.0885083 0.394104 -0.145326 0.09224 -0.985075 -0.491511 0.988868 -0.0186125 -0.147629 0.443345 
1530569802473 0.105229 -0.934591 0.339803 0.00157041 0.563813 -0.225404 -0.794549 -0.404635 0.819171 0.275195 0.503216 0.454426 -0.0321301 -0.995549 -0.0886 0.394247 -0.145481 0.0923601 -0.985041 -0.491532 0.988839 -0.0187598 -0.147801 0.443397 
1530569802674 0.0376453 -0.939979 0.339149 -0.0982322 0.749703 -0.197828 -0.631513 -0.379719 0.660703 0.278035 0.697258 0.446561 -0.032308 -0.995535 -0.0886918 0.39439 -0.145636 0.0924802 -0.985006 -0.491553 0.988811 -0.0189069 -0.147974 0.443449 
1530569802882 -0.0275006 -0.946512 0.321496 -0.198041 0.888173 -0.170713 -0.426621 -0.354801 0.458686 0.273811 0.845361 0.438702 -0.0324859 -0.995521 -0.0887836 0.394533 -0.145792 0.0926003 -0.984972 -0.491573 0.988782 -0.0190538 -0.148147 0.443501 
1530569803050 -0.0859886 -0.953775 0.287957 -0.297849 0.970286 -0.145781 -0.193116 -0.329881 0.226168 0.262795 0.93797 0.430843 -0.0326639 -0.995507 -0.0888753 0.394676 -0.145947 0.0927204 -0.984938 -0.491594 0.988753 -0.0192009 -0.14832 0.443553 
1530569803230 -0.134033 -0.961301 0.240698 -0.397655 0.990736 -0.124637 0.0539173 -0.304962 -0.0218309 0.245695 0.969101 0.422982 -0.0328419 -0.995493 -0.0889669 0.394819 -0.146102 0.0928405 -0.984903 -0.491615 0.988724 -0.0193479 -0.148493 0.443605 
1530569803237 -0.168522 -0.968604 0.182775 -0.497457 0.948202 -0.108643 0.298514 -0.280047 -0.269284 0.223613 0.936741 0.41512 -0.0330199 -0.995479 -0.0890586 0.394962 -0.146257 0.0929607 -0.984869 -0.491636 0.988695 -0.0194949 -0.148665 0.443657 
1530569803427 -0.168522 -0.968604 0.182775 -0.497457 0.948202 -0.108643 0.298514 -0.280047 -0.269284 0.223613 0.936741 0.41512 -0.0329148 -0.995484 -0.0890399 0.394759 -0.146026 0.0929221 -0.984907 -0.491632 0.988733 -0.0194159 -0.148425 0.44357 
1530569803443 0.280045 -0.928362 0.244375 0.300998 -0.147655 -0.293186 -0.944585 -0.47938 0.948563 0.228443 -0.219182 0.477938 -0.0331555 -0.995472 -0.089084 0.394931 -0.146252 0.0930059 -0.984866 -0.491646 0.988692 -0.019625 -0.148673 0.443642 
1530569803651 0.230512 -0.928598 0.290808 0.201203 0.100187 -0.274619 -0.956319 -0.454465 0.967898 0.249578 0.0297301 0.470107 -0.033396 -0.99546 -0.0891271 0.395104 -0.146477 0.0930889 -0.984824 -0.491661 0.98865 -0.0198341 -0.148921 0.443715 
1530569803820 0.170918 -0.930713 0.323357 0.10138 0.342541 -0.251585 -0.905191 -0.429552 0.923825 0.265476 0.275807 0.462282 -0.0336366 -0.995448 -0.0891702 0.395276 -0.146703 0.093172 -0.984783 -0.491675 0.988608 -0.0200432 -0.149169 0.443787 
1530569804015 0.105228 -0.934591 0.339804 0.00157008 0.563812 -0.225405 -0.794549 -0.404635 0.819172 0.275194 0.503215 0.454427 -0.0338774 -0.995436 -0.0892131 0.395449 -0.146928 0.093255 -0.984741 -0.491689 0.988567 -0.0202525 -0.149417 0.44386 
1530569804248 0.0376382 -0.939975 0.33916 -0.0982348 0.749698 -0.197843 -0.631515 -0.379718 0.660709 0.278037 0.697251 0.446563 -0.0341178 -0.995424 -0.0892561 0.395621 -0.147154 0.0933382 -0.9847 -0.491704 0.988525 -0.0204614 -0.149665 0.443932 
1530569804474 -0.0275034 -0.946511 0.321498 -0.198041 0.888172 -0.170718 -0.426622 -0.3548 0.458688 0.273812 0.845359 0.438703 -0.0343582 -0.995412 -0.0892991 0.395793 -0.14738 0.0934214 -0.984658 -0.491718 0.988483 -0.0206702 -0.149914 0.444004 
1530569804705 -0.0859902 -0.953775 0.287958 -0.297849 0.970285 -0.145783 -0.193116 -0.329881 0.226169 0.262795 0.937969 0.430843 -0.0345988 -0.9954 -0.0893419 0.395966 -0.147606 0.0935046 -0.984616 -0.491732 0.988441 -0.0208792 -0.150162 0.444077 
1530569804936 -0.134034 -0.961301 0.240698 -0.397656 0.990736 -0.124638 0.0539171 -0.304962 -0.0218304 0.245695 0.969101 0.422982 -0.0348394 -0.995388 -0.0893847 0.396138 -0.147831 0.0935879 -0.984575 -0.491746 0.988399 -0.0210881 -0.15041 0.444149 
1530569805163 -0.168525 -0.968603 0.182775 -0.497457 0.948201 -0.108646 0.298513 -0.280046 -0.269283 0.223614 0.936741 0.41512 -0.03508 -0.995375 -0.0894274 0.396311 -0.148057 0.0936712 -0.984533 -0.491761 0.988357 -0.0212971 -0.150658 0.444222 
1530569805372 -0.168525 -0.968603 0.182775 -0.497457 0.948201 -0.108646 0.298513 -0.280046 -0.269283 0.223614 0.936741 0.41512 -0.0352103 -0.995358 -0.0895667 0.396273 -0.148088 0.0938293 -0.984513 -0.491779 0.988347 -0.0214013 -0.150704 0.44414 
1530569805385 0.280027 -0.928359 0.244404 0.300995 -0.147654 -0.293212 -0.944577 -0.479381 0.948569 0.22842 -0.219183 0.477947 -0.0355943 -0.995338 -0.0896406 0.396539 -0.148062 0.0939598 -0.984505 -0.491802 0.988337 -0.0217704 -0.150716 0.444216 
1530569805597 0.230499 -0.928596 0.290825 0.2012 0.100183 -0.274638 -0.956314 -0.454466 0.967902 0.249565 0.0297257 0.470113 -0.0359781 -0.995318 -0.089714 0.396804 -0.148036 0.0940897 -0.984496 -0.491826 0.988327 -0.0221395 -0.150728 0.444292 
1530569805807 0.170915 -0.930713 0.32336 0.10138 0.34254 -0.251589 -0.90519 -0.429552 0.923826 0.265475 0.275806 0.462283 -0.036362 -0.995297 -0.0897874 0.397069 -0.148009 0.0942196 -0.984488 -0.491849 0.988317 -0.0225085 -0.150739 0.444369 
1530569806046 0.105228 -0.934591 0.339805 0.00156983 0.563812 -0.225406 -0.794549 -0.404634 0.819172 0.275194 0.503215 0.454427 -0.0367458 -0.995276 -0.0898613 0.397335 -0.147983 0.09435 -0.984479 -0.491873 0.988307 -0.0228776 -0.150751 0.444445 
1530569806292 0.0376355 -0.939974 0.339164 -0.0982358 0.749696 -0.197848 -0.631516 -0.379717 0.660711 0.278037 0.697249 0.446564 -0.0371296 -0.995255 -0.0899344 0.3976 -0.147957 0.0944797 -0.984471 -0.491896 0.988297 -0.0232466 -0.150763 0.444521 
1530569806524 -0.0275059 -0.94651 0.321501 -0.198042 0.888171 -0.170721 -0.426623 -0.354799 0.45869 0.273813 0.845358 0.438703 -0.0375134 -0.995234 -0.0900075 0.397866 -0.147931 0.0946093 -0.984462 -0.491919 0.988286 -0.0236157 -0.150775 0.444597 
1530569806710 -0.0859914 -0.953774 0.287959 -0.297849 0.970285 -0.145785 -0.193116 -0.32988 0.22617 0.262796 0.937969 0.430843 -0.0378972 -0.995213 -0.0900809 0.398131 -0.147904 0.0947391 -0.984454 -0.491943 0.988275 -0.0239847 -0.150787 0.444673 
1530569806923 -0.134034 -0.961301 0.240699 -0.397656 0.990736 -0.124639 0.0539169 -0.304962 -0.0218301 0.245695 0.969101 0.422982 -0.038281 -0.995192 -0.0901542 0.398397 -0.147878 0.094869 -0.984445 -0.491966 0.988264 -0.0243538 -0.150799 0.44475 
1530569807139 -0.168527 -0.968603 0.182776 -0.497457 0.948201 -0.108648 0.298513 -0.280046 -0.269282 0.223616 0.936741 0.41512 -0.0386648 -0.99517 -0.0902276 0.398662 -0.147851 0.0949988 -0.984436 -0.49199 0.988253 -0.0247228 -0.150811 0.444826 
1530569807398 -0.168527 -0.968603 0.182776 -0.497457 0.948201 -0.108648 0.298513 -0.280046 -0.269282 0.223616 0.936741 0.41512 -0.0386589 -0.995187 -0.0900499 0.398679 -0.147783 0.0948204 -0.984464 -0.491991 0.988264 -0.0247505 -0.150737 0.444881 
1530569807410 0.280014 -0.928357 0.244427 0.300992 -0.147653 -0.293231 -0.944571 -0.479382 0.948573 0.228403 -0.219184 0.477954 -0.0390337 -0.995155 -0.0902328 0.398944 -0.147756 0.0950572 -0.984445 -0.492028 0.988253 -0.0250941 -0.150751 0.444942 
1530569807417 0.230489 -0.928595 0.290838 0.201198 0.10018 -0.274653 -0.95631 -0.454467 0.967904 0.249556 0.0297223 0.470117 -0.0394091 -0.995124 -0.0904157 0.399208 -0.14773 0.0952942 -0.984426 -0.492065 0.988242 -0.0254382 -0.150765 0.445004 
1530569807609 0.170914 -0.930712 0.323363 0.101379 0.342539 -0.251592 -0.90519 -0.429552 0.923827 0.265474 0.275805 0.462284 -0.0397845 -0.995092 -0.0905987 0.399473 -0.147704 0.0955311 -0.984407 -0.492103 0.988231 -0.0257824 -0.15078 0.445065 
1530569807846 0.105227 -0.934591 0.339805 0.00156968 0.563812 -0.225407 -0.794549 -0.404634 0.819172 0.275194 0.503214 0.454427 -0.04016 -0.995061 -0.090782 0.399737 -0.147677 0.0957685 -0.984388 -0.49214 0.98822 -0.0261266 -0.150793 0.445126 
1530569808049 0.0376344 -0.939974 0.339166 -0.0982362 0.749695 -0.19785 -0.631516 -0.379717 0.660712 0.278038 0.697248 0.446565 -0.0405353 -0.995029 -0.0909648 0.400002 -0.147651 0.0960052 -0.984369 -0.492177 0.988209 -0.0264707 -0.150808 0.445188 
1530569808348 -0.0275077 -0.946509 0.321502 -0.198042 0.88817 -0.170724 -0.426624 -0.354799 0.458692 0.273813 0.845357 0.438703 -0.0409107 -0.994997 -0.0911474 0.400267 -0.147624 0.0962419 -0.98435 -0.492214 0.988197 -0.0268149 -0.150823 0.445249 
1530569808572 -0.0859923 -0.953774 0.287959 -0.297849 0.970285 -0.145786 -0.193117 -0.32988 0.22617 0.262796 0.937969 0.430843 -0.0412861 -0.994964 -0.0913303 0.400531 -0.147598 0.0964787 -0.984331 -0.492251 0.988185 -0.027159 -0.150838 0.44531 
1530569808784 -0.134035 -0.961301 0.240699 -0.397656 0.990736 -0.124639 0.0539168 -0.304962 -0.0218298 0.245696 0.969101 0.422982 -0.0416614 -0.994932 -0.0915132 0.400796 -0.147571 0.0967156 -0.984311 -0.492289 0.988174 -0.0275032 -0.150852 0.445371 
1530569808997 -0.168529 -0.968603 0.182776 -0.497457 0.948201 -0.10865 0.298512 -0.280045 -0.269281 0.223616 0.936741 0.41512 -0.0420368 -0.994899 -0.091696 0.40106 -0.147544 0.0969525 -0.984292 -0.492326 0.988162 -0.0278473 -0.150867 0.445433 
1530569809273 -0.168529 -0.968603 0.182776 -0.497457 0.948201 -0.10865 0.298512 -0.280045 -0.269281 0.223616 0.936741 0.41512 -0.0419962 -0.994909 -0.0916139 0.401137 -0.147551 0.0968653 -0.9843 -0.492317 0.988162 -0.0278191 -0.150868 0.445409 
1530569809287 0.280009 -0.928357 0.244434 0.300991 -0.147653 -0.293237 -0.944569 -0.479383 0.948574 0.228396 -0.219184 0.477956 -0.0422538 -0.99492 -0.0913755 0.401388 -0.14736 0.0966629 -0.984348 -0.492353 0.98818 -0.0281273 -0.150696 0.445443 
1530569809605 0.230482 -0.928593 0.290848 0.201197 0.100178 -0.274664 -0.956307 -0.454467 0.967906 0.249548 0.0297197 0.47012 -0.0425132 -0.994931 -0.0911365 0.401639 -0.147169 0.0964601 -0.984397 -0.492388 0.988197 -0.0284374 -0.150523 0.445478 
1530569809826 0.170912 -0.930712 0.323365 0.101379 0.342538 -0.251595 -0.905189 -0.429552 0.923827 0.265473 0.275804 0.462285 -0.0427722 -0.994941 -0.0908981 0.401889 -0.146977 0.0962576 -0.984445 -0.492424 0.988215 -0.028747 -0.150351 0.445512 
1530569810018 0.105227 -0.934591 0.339805 0.00156957 0.563812 -0.225407 -0.794549 -0.404634 0.819173 0.275194 0.503214 0.454427 -0.0430313 -0.994952 -0.0906602 0.40214 -0.146786 0.0960557 -0.984493 -0.492459 0.988232 -0.0290564 -0.150178 0.445547 
1530569810213 0.0376338 -0.939973 0.339166 -0.0982365 0.749695 -0.197852 -0.631516 -0.379717 0.660713 0.278038 0.697247 0.446565 -0.0432904 -0.994962 -0.0904216 0.402391 -0.146595 0.0958528 -0.984542 -0.492495 0.988249 -0.0293659 -0.150006 0.445581 
1530569810420 -0.0275088 -0.946509 0.321504 -0.198043 0.888169 -0.170726 -0.426624 -0.354799 0.458693 0.273814 0.845356 0.438704 -0.0435496 -0.994973 -0.0901829 0.402642 -0.146403 0.0956498 -0.98459 -0.492531 0.988266 -0.0296754 -0.149833 0.445615 
1530569810686 -0.0859928 -0.953774 0.28796 -0.297849 0.970285 -0.145787 -0.193117 -0.32988 0.226171 0.262796 0.937969 0.430843 -0.0438088 -0.994983 -0.0899445 0.402893 -0.146212 0.0954471 -0.984638 -0.492566 0.988283 -0.0299848 -0.14966 0.44565 
1530569810885 -0.134035 -0.9613 0.240699 -0.397656 0.990736 -0.124639 0.0539167 -0.304962 -0.0218296 0.245696 0.969101 0.422983 -0.044068 -0.994993 -0.0897063 0.403143 -0.146021 0.0952443 -0.984686 -0.492602 0.988299 -0.0302942 -0.149487 0.445684 
1530569811093 -0.16853 -0.968602 0.182776 -0.497457 0.948201 -0.108651 0.298512 -0.280045 -0.26928 0.223617 0.936741 0.41512 -0.0443273 -0.995003 -0.089468 0.403394 -0.14583 0.0950414 -0.984734 -0.492637 0.988316 -0.0306035 -0.149314 0.445719 
1530569811295 -0.16853 -0.968602 0.182776 -0.497457 0.948201 -0.108651 0.298512 -0.280045 -0.26928 0.223617 0.936741 0.41512 -0.0444976 -0.99499 -0.0895247 0.403307 -0.145889 0.0951248 -0.984717 -0.49267 0.9883 -0.0307568 -0.149391 0.44572 
1530569811308 0.280008 -0.928358 0.244434 0.300991 -0.147654 -0.293237 -0.944569 -0.479383 0.948575 0.228395 -0.219184 0.477956 -0.0448979 -0.99495 -0.0897705 0.403594 -0.146041 0.0954327 -0.984665 -0.492699 0.988259 -0.0310993 -0.149588 0.445794 
