1535139134182 0.439458 0.848829 -0.29388 -0.500382 -0.866415 0.486895 0.110718 -0.149611 0.237069 0.205966 0.949408 0.381087 0.16008 -0.304787 0.938871 0.370831 -0.775623 0.549475 0.310623 -0.528794 -0.61056 -0.777934 -0.14844 0.432481 
1535139134193 0.536716 0.79842 -0.272875 -0.450344 -0.812955 0.575922 0.086128 -0.13465 0.225921 0.175609 0.958186 0.342978 0.316221 -0.384863 0.867113 0.400797 -0.930002 -0.306262 0.203223 -0.504308 0.187351 -0.87068 -0.45477 0.485869 
1535139134200 0.625076 0.740317 -0.247407 -0.410209 -0.75145 0.656493 0.0658795 -0.131162 0.211193 0.144734 0.966669 0.30017 0.316221 -0.384863 0.867113 0.400797 -0.930002 -0.306262 0.203223 -0.504308 0.187351 -0.87068 -0.45477 0.485869 
