1535374560085 0.217432 0.920857 -0.323645 -0.487324 -0.942702 0.284082 0.174961 -0.17771 0.253055 0.267058 0.929862 0.463671 0.123512 -0.00535758 0.992329 0.372363 -0.978396 0.166406 0.122676 -0.492951 -0.165787 -0.986043 0.0153113 0.420708 
1535374560101 0.346917 0.886599 -0.305927 -0.44388 -0.904602 0.402439 0.14049 -0.162291 0.247675 0.228004 0.941632 0.416493 0.126294 -0.0167182 0.991852 0.373276 -0.978337 0.163235 0.127325 -0.491962 -0.164034 -0.986446 0.00425968 0.422564 
1535374561843 0.470234 0.836262 -0.282039 -0.410792 -0.850264 0.514917 0.10914 -0.151377 0.236497 0.188486 0.953175 0.364493 0.129096 -0.0280678 0.991235 0.374189 -0.978258 0.16001 0.131937 -0.490974 -0.162311 -0.986716 -0.00680087 0.424419 
