1535116530103 0.165585 0.899415 -0.404518 -0.44308 -0.952503 0.252154 0.17075 -0.205602 0.255576 0.357031 0.898449 0.430229 0.16008 -0.304787 0.938871 0.370831 -0.775623 0.549475 0.310623 -0.528794 -0.61056 -0.777934 -0.14844 0.432481 
1535116530114 0.173895 0.90334 -0.392093 -0.462908 -0.951359 0.256931 0.170009 -0.210236 0.254317 0.343458 0.904079 0.424515 0.316225 -0.384867 0.86711 0.400813 -0.930002 -0.30626 0.203228 -0.504337 0.187345 -0.870679 -0.454774 0.485882 
1535116531017 0.182181 0.907043 -0.379583 -0.482737 -0.950176 0.261708 0.169336 -0.214872 0.252935 0.329821 0.909528 0.418799 0.316225 -0.384867 0.86711 0.400813 -0.930002 -0.30626 0.203228 -0.504337 0.187345 -0.870679 -0.454774 0.485882 
1535116531915 0.190439 0.910522 -0.366991 -0.502565 -0.948955 0.266485 0.168729 -0.219509 0.251429 0.316126 0.914794 0.413083 0.316225 -0.384867 0.86711 0.400813 -0.930002 -0.30626 0.203228 -0.504337 0.187345 -0.870679 -0.454774 0.485882 
1535116532836 0.198668 0.913777 -0.35432 -0.522392 -0.947697 0.271259 0.16819 -0.224145 0.249801 0.302374 0.919875 0.407367 0.316225 -0.384867 0.86711 0.400813 -0.930002 -0.30626 0.203228 -0.504337 0.187345 -0.870679 -0.454774 0.485882 
1535116533788 0.206867 0.916806 -0.341574 -0.542218 -0.946402 0.276032 0.167719 -0.228781 0.248051 0.288571 0.924769 0.401651 0.316225 -0.384867 0.86711 0.400813 -0.930002 -0.30626 0.203228 -0.504337 0.187345 -0.870679 -0.454774 0.485882 
1535116534734 0.215033 0.919609 -0.328756 -0.562041 -0.94507 0.2808 0.167314 -0.233415 0.246178 0.274719 0.929476 0.395936 0.316225 -0.384867 0.86711 0.400813 -0.930002 -0.30626 0.203228 -0.504337 0.187345 -0.870679 -0.454774 0.485882 
1535116535703 0.223164 0.922185 -0.315869 -0.581859 -0.943701 0.285564 0.166977 -0.238047 0.244184 0.260823 0.933994 0.390221 0.316225 -0.384867 0.86711 0.400813 -0.930002 -0.30626 0.203228 -0.504337 0.187345 -0.870679 -0.454774 0.485882 
1535116536696 0.23126 0.924532 -0.302918 -0.601667 -0.942296 0.290323 0.166706 -0.242674 0.242069 0.246886 0.938323 0.384509 0.316225 -0.384867 0.86711 0.400813 -0.930002 -0.30626 0.203228 -0.504337 0.187345 -0.870679 -0.454774 0.485882 
1535116537716 0.239523 0.926466 -0.290328 -0.619335 -0.940814 0.295336 0.166268 -0.246215 0.239786 0.23332 0.942372 0.379227 0.316379 -0.384993 0.866998 0.401317 -0.929989 -0.306181 0.203405 -0.505249 0.187149 -0.870651 -0.454908 0.48631 
1535116538735 0.240028 0.925945 -0.291568 -0.619132 -0.94076 0.295967 0.165452 -0.246447 0.239494 0.234582 0.942133 0.378951 0.316379 -0.384993 0.866998 0.401317 -0.929989 -0.306181 0.203405 -0.505249 0.187149 -0.870651 -0.454908 0.48631 
1535116538746 0.240759 0.926218 -0.290096 -0.621352 -0.940623 0.296352 0.165542 -0.246997 0.239298 0.233015 0.942571 0.378363 0.31622 -0.384863 0.867113 0.400796 -0.930002 -0.306262 0.203222 -0.504306 0.187351 -0.87068 -0.454769 0.485868 
1535116539120 0.24149 0.926488 -0.288623 -0.623575 -0.940486 0.296737 0.165632 -0.24755 0.239101 0.231447 0.943007 0.377775 0.316221 -0.384863 0.867113 0.400795 -0.930002 -0.306262 0.203223 -0.504305 0.187351 -0.87068 -0.45477 0.485867 
1535116539489 0.24222 0.926755 -0.287148 -0.625801 -0.940348 0.297121 0.165723 -0.248103 0.238903 0.229878 0.943441 0.377186 0.31622 -0.384863 0.867113 0.400795 -0.930002 -0.306262 0.203222 -0.504304 0.187352 -0.87068 -0.454769 0.485867 
1535116539848 0.24295 0.92702 -0.285673 -0.628025 -0.940211 0.297505 0.165815 -0.248656 0.238703 0.228308 0.943873 0.376598 0.31622 -0.384863 0.867113 0.400795 -0.930002 -0.306262 0.203222 -0.504304 0.187351 -0.87068 -0.454769 0.485867 
1535116540220 0.243679 0.927282 -0.284198 -0.630249 -0.940073 0.297889 0.165907 -0.249209 0.238502 0.226738 0.944302 0.376009 0.31622 -0.384863 0.867113 0.400795 -0.930002 -0.306262 0.203222 -0.504304 0.187351 -0.87068 -0.454769 0.485867 
1535116540589 0.244408 0.927541 -0.282722 -0.632474 -0.939935 0.298272 0.166 -0.249762 0.2383 0.225168 0.944729 0.375421 0.31622 -0.384863 0.867113 0.400795 -0.930002 -0.306262 0.203222 -0.504304 0.187351 -0.87068 -0.454769 0.485867 
1535116540976 0.245137 0.927798 -0.281245 -0.634697 -0.939797 0.298656 0.166094 -0.250314 0.238097 0.223597 0.945153 0.374833 0.31622 -0.384863 0.867113 0.400795 -0.930002 -0.306262 0.203222 -0.504304 0.187351 -0.87068 -0.454769 0.485867 
1535116541360 0.245865 0.928052 -0.279767 -0.636922 -0.939658 0.299039 0.166188 -0.250867 0.237892 0.222026 0.945575 0.374244 0.31622 -0.384863 0.867113 0.400795 -0.930002 -0.306262 0.203222 -0.504304 0.187351 -0.87068 -0.454769 0.485867 
1535116541367 0.246593 0.928303 -0.278289 -0.639147 -0.939519 0.299421 0.166283 -0.25142 0.237687 0.220454 0.945994 0.373655 0.31622 -0.384863 0.867113 0.400795 -0.930002 -0.306262 0.203222 -0.504304 0.187351 -0.87068 -0.454769 0.485867 
1535116541928 0.246975 0.927957 -0.279103 -0.638943 -0.939406 0.299945 0.165982 -0.251561 0.23774 0.221197 0.945807 0.373555 0.31622 -0.384863 0.867113 0.400795 -0.930002 -0.306262 0.203222 -0.504304 0.187351 -0.87068 -0.454769 0.485867 
1535116541939 0.24655 0.927914 -0.279621 -0.639149 -0.939308 0.299826 0.16675 -0.251706 0.238567 0.221538 0.945519 0.373498 0.31622 -0.384863 0.867113 0.400795 -0.930002 -0.306262 0.203222 -0.504304 0.187351 -0.87068 -0.454769 0.485867 
1535116541956 0.246123 0.927871 -0.280139 -0.639359 -0.939209 0.299707 0.167519 -0.251853 0.239395 0.221879 0.94523 0.373441 0.31622 -0.384863 0.867113 0.400795 -0.930002 -0.306262 0.203222 -0.504304 0.187351 -0.87068 -0.454769 0.485867 
1535116542091 0.245696 0.927828 -0.280656 -0.639568 -0.939109 0.299588 0.168287 -0.251999 0.240223 0.22222 0.94494 0.373384 0.31622 -0.384863 0.867113 0.400795 -0.930002 -0.306262 0.203222 -0.504304 0.187351 -0.87068 -0.454769 0.485867 
1535116542189 0.245269 0.927785 -0.281173 -0.639779 -0.939009 0.29947 0.169055 -0.252146 0.24105 0.22256 0.944649 0.373326 0.31622 -0.384863 0.867113 0.400795 -0.930002 -0.306262 0.203222 -0.504304 0.187351 -0.87068 -0.454769 0.485867 
1535116542288 0.244841 0.927741 -0.28169 -0.63999 -0.938908 0.299351 0.169824 -0.252293 0.241877 0.222901 0.944357 0.373269 0.31622 -0.384863 0.867113 0.400795 -0.930002 -0.306262 0.203222 -0.504304 0.187351 -0.87068 -0.454769 0.485867 
1535116542384 0.244412 0.927697 -0.282206 -0.640201 -0.938807 0.299233 0.170592 -0.252441 0.242703 0.223242 0.944065 0.373211 0.31622 -0.384863 0.867113 0.400795 -0.930002 -0.306262 0.203222 -0.504304 0.187351 -0.87068 -0.454769 0.485867 
1535116542489 0.243983 0.927653 -0.282721 -0.64041 -0.938704 0.299116 0.17136 -0.252587 0.243529 0.223583 0.943771 0.373154 0.31622 -0.384863 0.867113 0.400795 -0.930002 -0.306262 0.203222 -0.504304 0.187351 -0.87068 -0.454769 0.485867 
1535116542589 0.243554 0.927609 -0.283236 -0.640621 -0.938601 0.298998 0.172129 -0.252735 0.244355 0.223923 0.943477 0.373096 0.31622 -0.384863 0.867113 0.400795 -0.930002 -0.306262 0.203222 -0.504304 0.187351 -0.87068 -0.454769 0.485867 
1535116542691 0.243124 0.927564 -0.283751 -0.640831 -0.938497 0.298881 0.172897 -0.252881 0.245181 0.224264 0.943182 0.373039 0.31622 -0.384863 0.867113 0.400795 -0.930002 -0.306262 0.203222 -0.504304 0.187351 -0.87068 -0.454769 0.485867 
1535116542808 0.243525 0.927637 -0.28317 -0.640613 -0.938597 0.298969 0.172202 -0.252746 0.2444 0.223847 0.943484 0.37314 0.31622 -0.384863 0.867113 0.400795 -0.930002 -0.306262 0.203222 -0.504304 0.187351 -0.87068 -0.454769 0.485867 
1535116542821 0.243035 0.927886 -0.282773 -0.640687 -0.938715 0.298436 0.172484 -0.252882 0.244435 0.223523 0.943551 0.373204 0.31622 -0.384863 0.867113 0.400795 -0.930002 -0.306262 0.203222 -0.504304 0.187351 -0.87068 -0.45477 0.485867 
1535116542828 0.242545 0.928136 -0.282375 -0.640765 -0.938832 0.297903 0.172767 -0.25302 0.244472 0.223199 0.943619 0.373267 0.31622 -0.384863 0.867113 0.400795 -0.930002 -0.306262 0.203222 -0.504304 0.187351 -0.87068 -0.45477 0.485867 
1535116542986 0.242055 0.928385 -0.281976 -0.640845 -0.938949 0.297369 0.17305 -0.253159 0.244508 0.222873 0.943686 0.37333 0.31622 -0.384863 0.867113 0.400795 -0.930002 -0.306262 0.203222 -0.504304 0.187351 -0.87068 -0.45477 0.485867 
1535116543110 0.241564 0.928634 -0.281577 -0.640924 -0.939066 0.296835 0.173333 -0.253298 0.244545 0.222548 0.943753 0.373392 0.31622 -0.384863 0.867113 0.400795 -0.930002 -0.306262 0.203222 -0.504304 0.187351 -0.87068 -0.45477 0.485867 
1535116543206 0.241074 0.928882 -0.281178 -0.641002 -0.939182 0.296301 0.173615 -0.253436 0.244581 0.222224 0.94382 0.373456 0.31622 -0.384863 0.867113 0.400795 -0.930002 -0.306262 0.203222 -0.504304 0.187351 -0.87068 -0.45477 0.485867 
1535116543312 0.240583 0.92913 -0.280779 -0.641081 -0.939299 0.295767 0.173897 -0.253575 0.244618 0.221898 0.943887 0.373518 0.31622 -0.384863 0.867113 0.400795 -0.930002 -0.306262 0.203222 -0.504304 0.187351 -0.87068 -0.45477 0.485867 
1535116543423 0.240093 0.929378 -0.28038 -0.641159 -0.939414 0.295233 0.174179 -0.253713 0.244655 0.221573 0.943954 0.373581 0.31622 -0.384863 0.867113 0.400795 -0.930002 -0.306262 0.203222 -0.504304 0.187351 -0.87068 -0.45477 0.485867 
1535116543536 0.239602 0.929625 -0.27998 -0.641239 -0.93953 0.294698 0.174461 -0.253852 0.244693 0.221248 0.944021 0.373644 0.31622 -0.384863 0.867113 0.400795 -0.930002 -0.306262 0.203222 -0.504304 0.187351 -0.87068 -0.45477 0.485867 
1535116543655 0.239111 0.929871 -0.27958 -0.641317 -0.939645 0.294163 0.174742 -0.25399 0.24473 0.220923 0.944087 0.373707 0.31622 -0.384863 0.867113 0.400795 -0.930002 -0.306262 0.203222 -0.504304 0.187351 -0.87068 -0.45477 0.485867 
1535116543779 0.239649 0.929646 -0.279869 -0.641238 -0.939558 0.294686 0.174329 -0.253919 0.244538 0.221176 0.944078 0.373648 0.31622 -0.384863 0.867113 0.400795 -0.930002 -0.306262 0.203222 -0.504304 0.187351 -0.87068 -0.45477 0.485867 
1535116543792 0.239334 0.929733 -0.279849 -0.641244 -0.939629 0.29439 0.174447 -0.254016 0.244574 0.221203 0.944062 0.373705 0.31622 -0.384863 0.867113 0.400795 -0.930002 -0.306262 0.203222 -0.504304 0.187351 -0.87068 -0.45477 0.485867 
1535116543814 0.239019 0.92982 -0.279828 -0.641254 -0.9397 0.294094 0.174564 -0.254114 0.244609 0.22123 0.944046 0.373762 0.31622 -0.384863 0.867113 0.400795 -0.930002 -0.306262 0.203222 -0.504304 0.187351 -0.87068 -0.45477 0.485867 
1535116543830 0.238704 0.929908 -0.279807 -0.641266 -0.939771 0.293797 0.174682 -0.254214 0.244645 0.221257 0.944031 0.373818 0.31622 -0.384863 0.867113 0.400795 -0.930002 -0.306262 0.203222 -0.504304 0.187351 -0.87068 -0.45477 0.485867 
1535116543848 0.238389 0.929995 -0.279786 -0.641277 -0.939842 0.293501 0.174799 -0.254313 0.24468 0.221284 0.944015 0.373875 0.31622 -0.384863 0.867113 0.400795 -0.930002 -0.306262 0.203222 -0.504304 0.187351 -0.87068 -0.45477 0.485867 
1535116544007 0.238074 0.930082 -0.279765 -0.641287 -0.939912 0.293204 0.174916 -0.254411 0.244715 0.221312 0.944 0.373932 0.31622 -0.384863 0.867113 0.400795 -0.930002 -0.306262 0.203222 -0.504304 0.187351 -0.87068 -0.45477 0.485867 
1535116544042 0.237759 0.930169 -0.279744 -0.641299 -0.939983 0.292908 0.175034 -0.25451 0.24475 0.221339 0.943984 0.373988 0.31622 -0.384863 0.867113 0.400795 -0.930002 -0.306262 0.203222 -0.504304 0.187351 -0.87068 -0.45477 0.485867 
1535116544109 0.237443 0.930256 -0.279723 -0.64131 -0.940054 0.292611 0.175151 -0.25461 0.244785 0.221366 0.943969 0.374044 0.31622 -0.384863 0.867113 0.400795 -0.930002 -0.306262 0.203222 -0.504304 0.187351 -0.87068 -0.45477 0.485867 
1535116544171 0.237128 0.930343 -0.279701 -0.641321 -0.940124 0.292314 0.175269 -0.254708 0.244821 0.221393 0.943953 0.374101 0.31622 -0.384863 0.867113 0.400795 -0.930002 -0.306262 0.203222 -0.504304 0.187351 -0.87068 -0.45477 0.485867 
1535116544235 0.236813 0.930429 -0.27968 -0.641331 -0.940194 0.292018 0.175386 -0.254807 0.244856 0.22142 0.943938 0.374158 0.31622 -0.384863 0.867113 0.400795 -0.930002 -0.306262 0.203222 -0.504304 0.187351 -0.87068 -0.45477 0.485867 
1535116544305 0.237413 0.930295 -0.279619 -0.641288 -0.940049 0.292574 0.175239 -0.254662 0.244833 0.221251 0.943983 0.374132 0.31622 -0.384863 0.867113 0.400795 -0.930002 -0.306262 0.203222 -0.504304 0.187351 -0.87068 -0.45477 0.485867 
1535116544315 0.237736 0.930232 -0.279552 -0.641261 -0.940052 0.292793 0.174856 -0.254647 0.244507 0.221224 0.944074 0.374154 0.31622 -0.384863 0.867113 0.400795 -0.930002 -0.306262 0.203222 -0.504304 0.187351 -0.87068 -0.45477 0.485867 
1535116544332 0.238059 0.93017 -0.279486 -0.64123 -0.940055 0.293013 0.174473 -0.254631 0.244183 0.221197 0.944165 0.374177 0.31622 -0.384863 0.867113 0.400795 -0.930002 -0.306262 0.203222 -0.504304 0.187351 -0.87068 -0.45477 0.485867 
1535116544480 0.238382 0.930107 -0.27942 -0.641199 -0.940057 0.293232 0.17409 -0.254614 0.243858 0.221171 0.944255 0.3742 0.31622 -0.384863 0.867113 0.400795 -0.930002 -0.306262 0.203222 -0.504304 0.187351 -0.87068 -0.45477 0.485867 
1535116544515 0.238705 0.930044 -0.279354 -0.641168 -0.940059 0.293452 0.173708 -0.254597 0.243533 0.221144 0.944345 0.374223 0.31622 -0.384863 0.867113 0.400795 -0.930002 -0.306262 0.203222 -0.504304 0.187351 -0.87068 -0.45477 0.485867 
1535116544557 0.239029 0.929981 -0.279288 -0.641136 -0.940061 0.293672 0.173325 -0.25458 0.243208 0.221118 0.944435 0.374246 0.31622 -0.384863 0.867113 0.400795 -0.930002 -0.306262 0.203222 -0.504304 0.187351 -0.87068 -0.45477 0.485867 
1535116544635 0.239352 0.929917 -0.279221 -0.641104 -0.940063 0.293892 0.172942 -0.254563 0.242883 0.221092 0.944524 0.374269 0.31622 -0.384863 0.867113 0.400795 -0.930002 -0.306262 0.203222 -0.504304 0.187351 -0.87068 -0.45477 0.485867 
1535116544662 0.239675 0.929854 -0.279155 -0.641073 -0.940065 0.294111 0.172559 -0.254547 0.242558 0.221065 0.944614 0.374292 0.31622 -0.384863 0.867113 0.400795 -0.930002 -0.306262 0.203222 -0.504304 0.187351 -0.87068 -0.45477 0.485867 
1535116544724 0.239998 0.929791 -0.279088 -0.641041 -0.940066 0.294331 0.172177 -0.254529 0.242233 0.221039 0.944704 0.374315 0.31622 -0.384863 0.867113 0.400795 -0.930002 -0.306262 0.203222 -0.504304 0.187351 -0.87068 -0.45477 0.485867 
1535116544781 0.240321 0.929727 -0.279021 -0.64101 -0.940067 0.294551 0.171794 -0.254513 0.241907 0.221013 0.944793 0.374338 0.31622 -0.384863 0.867113 0.400795 -0.930002 -0.306262 0.203222 -0.504304 0.187351 -0.87068 -0.45477 0.485867 
1535116544836 0.239735 0.929839 -0.279154 -0.641068 -0.940021 0.294194 0.172656 -0.254602 0.242668 0.221018 0.944597 0.374338 0.31622 -0.384863 0.867113 0.400795 -0.930002 -0.306262 0.203222 -0.504304 0.187351 -0.87068 -0.45477 0.485867 
1535116544849 0.24029 0.929785 -0.278855 -0.640894 -0.939959 0.294597 0.172308 -0.254512 0.24236 0.220708 0.944749 0.374392 0.31622 -0.384863 0.867113 0.400795 -0.930002 -0.306262 0.203222 -0.504304 0.187351 -0.87068 -0.45477 0.485867 
1535116544866 0.240858 0.92973 -0.278548 -0.64071 -0.939896 0.295007 0.171948 -0.254416 0.242039 0.220391 0.944905 0.374451 0.31622 -0.384863 0.867113 0.400795 -0.930002 -0.306262 0.203222 -0.504304 0.187351 -0.87068 -0.45477 0.485867 
1535116544872 0.241424 0.929675 -0.278241 -0.640528 -0.939833 0.295416 0.171588 -0.25432 0.241718 0.220075 0.945061 0.37451 0.31622 -0.384863 0.867113 0.400795 -0.930002 -0.306262 0.203222 -0.504304 0.187351 -0.87068 -0.45477 0.485867 
1535116545048 0.241991 0.92962 -0.277934 -0.640346 -0.93977 0.295826 0.171228 -0.254224 0.241397 0.219759 0.945216 0.374569 0.31622 -0.384863 0.867113 0.400795 -0.930002 -0.306262 0.203222 -0.504304 0.187351 -0.87068 -0.45477 0.485867 
1535116545131 0.242557 0.929564 -0.277627 -0.640163 -0.939707 0.296236 0.170868 -0.254128 0.241076 0.219443 0.945372 0.374629 0.31622 -0.384863 0.867113 0.400795 -0.930002 -0.306262 0.203222 -0.504304 0.187351 -0.87068 -0.45477 0.485867 
1535116545234 0.243124 0.929508 -0.277319 -0.639979 -0.939643 0.296646 0.170508 -0.254032 0.240754 0.219127 0.945527 0.374688 0.31622 -0.384863 0.867113 0.400795 -0.930002 -0.306262 0.203222 -0.504304 0.187351 -0.87068 -0.45477 0.485867 
1535116545332 0.24369 0.929451 -0.277011 -0.639797 -0.939578 0.297056 0.170148 -0.253936 0.240432 0.21881 0.945682 0.374747 0.31622 -0.384863 0.867113 0.400795 -0.930002 -0.306262 0.203222 -0.504304 0.187351 -0.87068 -0.45477 0.485867 
1535116545440 0.244256 0.929395 -0.276703 -0.639615 -0.939514 0.297465 0.169788 -0.253841 0.24011 0.218495 0.945837 0.374806 0.31622 -0.384863 0.867113 0.400795 -0.930002 -0.306262 0.203222 -0.504304 0.187351 -0.87068 -0.45477 0.485867 
1535116545541 0.244822 0.929337 -0.276395 -0.639432 -0.939449 0.297875 0.169429 -0.253744 0.239788 0.218179 0.945991 0.374865 0.31622 -0.384863 0.867113 0.400795 -0.930002 -0.306262 0.203222 -0.504304 0.187351 -0.87068 -0.45477 0.485867 
1535116545666 0.24419 0.929457 -0.276552 -0.6396 -0.939512 0.297392 0.169927 -0.25379 0.240184 0.218329 0.945856 0.374864 0.31622 -0.384863 0.867113 0.400795 -0.930002 -0.306262 0.203222 -0.504304 0.187351 -0.87068 -0.45477 0.485867 
1535116545678 0.244201 0.929396 -0.276749 -0.639266 -0.939461 0.297482 0.170053 -0.253678 0.240374 0.218468 0.945776 0.375002 0.31622 -0.384863 0.867113 0.400795 -0.930002 -0.306262 0.203222 -0.504304 0.187351 -0.87068 -0.45477 0.485867 
1535116545713 0.244211 0.929334 -0.276947 -0.638925 -0.939409 0.297573 0.170179 -0.253562 0.240565 0.218608 0.945695 0.375141 0.31622 -0.384863 0.867113 0.400795 -0.930002 -0.306262 0.203222 -0.504304 0.187351 -0.87068 -0.45477 0.485867 
1535116545720 0.24422 0.929272 -0.277146 -0.638586 -0.939358 0.297663 0.170305 -0.253447 0.240756 0.218747 0.945614 0.37528 0.31622 -0.384863 0.867113 0.400795 -0.930002 -0.306262 0.203222 -0.504304 0.187351 -0.87068 -0.45477 0.485867 
1535116545961 0.24423 0.92921 -0.277344 -0.638246 -0.939306 0.297753 0.170431 -0.253332 0.240946 0.218887 0.945533 0.375419 0.31622 -0.384863 0.867113 0.400795 -0.930002 -0.306262 0.203222 -0.504304 0.187351 -0.87068 -0.45477 0.485867 
1535116545968 0.24424 0.929149 -0.277542 -0.637905 -0.939255 0.297843 0.170557 -0.253217 0.241137 0.219026 0.945452 0.375558 0.31622 -0.384863 0.867113 0.400795 -0.930002 -0.306262 0.203222 -0.504304 0.187351 -0.87068 -0.45477 0.485867 
1535116546192 0.24425 0.929087 -0.277741 -0.637566 -0.939203 0.297933 0.170683 -0.253102 0.241328 0.219166 0.945372 0.375696 0.31622 -0.384863 0.867113 0.400795 -0.930002 -0.306262 0.203222 -0.504304 0.187351 -0.87068 -0.45477 0.485867 
1535116546346 0.244259 0.929025 -0.277939 -0.637226 -0.939152 0.298024 0.170809 -0.252987 0.241519 0.219305 0.94529 0.375835 0.31622 -0.384863 0.867113 0.400795 -0.930002 -0.306262 0.203222 -0.504304 0.187351 -0.87068 -0.45477 0.485867 
1535116546507 0.244269 0.928963 -0.278137 -0.636886 -0.9391 0.298114 0.170935 -0.252872 0.241709 0.219445 0.945209 0.375974 0.31622 -0.384863 0.867113 0.400795 -0.930002 -0.306262 0.203222 -0.504304 0.187351 -0.87068 -0.45477 0.485867 
1535116546668 0.244279 0.928901 -0.278336 -0.636546 -0.939049 0.298204 0.171061 -0.252756 0.2419 0.219584 0.945128 0.376113 0.31622 -0.384863 0.867113 0.400795 -0.930002 -0.306262 0.203222 -0.504304 0.187351 -0.87068 -0.45477 0.485867 
1535116546848 0.244421 0.928894 -0.278234 -0.636697 -0.939027 0.298308 0.171001 -0.252943 0.241841 0.219473 0.945169 0.376064 0.31622 -0.384863 0.867113 0.400795 -0.930002 -0.306262 0.203222 -0.504304 0.187351 -0.87068 -0.45477 0.485867 
1535116546860 0.244526 0.928868 -0.278229 -0.636269 -0.938964 0.298439 0.171115 -0.25275 0.241977 0.219406 0.94515 0.376193 0.31622 -0.384863 0.867113 0.400795 -0.930002 -0.306262 0.203222 -0.504304 0.187351 -0.87068 -0.45477 0.485867 
1535116546913 0.24463 0.928842 -0.278226 -0.635836 -0.938902 0.298569 0.171227 -0.252555 0.242112 0.219339 0.945131 0.376324 0.31622 -0.384863 0.867113 0.400795 -0.930002 -0.306262 0.203222 -0.504304 0.187351 -0.87068 -0.45477 0.485867 
1535116547113 0.244734 0.928815 -0.278222 -0.635404 -0.938841 0.298699 0.171339 -0.252361 0.242247 0.219273 0.945111 0.376454 0.31622 -0.384863 0.867113 0.400795 -0.930002 -0.306262 0.203222 -0.504304 0.187351 -0.87068 -0.45477 0.485867 
1535116547120 0.244838 0.928789 -0.278218 -0.63497 -0.938779 0.29883 0.171452 -0.252165 0.242382 0.219207 0.945092 0.376584 0.31622 -0.384863 0.867113 0.400795 -0.930002 -0.306262 0.203222 -0.504304 0.187351 -0.87068 -0.45477 0.485867 
1535116547364 0.244942 0.928763 -0.278215 -0.634537 -0.938716 0.29896 0.171564 -0.25197 0.242517 0.219141 0.945073 0.376715 0.31622 -0.384863 0.867113 0.400795 -0.930002 -0.306262 0.203222 -0.504304 0.187351 -0.87068 -0.45477 0.485867 
1535116547548 0.245046 0.928736 -0.278211 -0.634103 -0.938654 0.299091 0.171676 -0.251775 0.242652 0.219075 0.945053 0.376846 0.31622 -0.384863 0.867113 0.400795 -0.930002 -0.306262 0.203222 -0.504304 0.187351 -0.87068 -0.45477 0.485867 
1535116547714 0.24515 0.92871 -0.278207 -0.633671 -0.938592 0.299221 0.171789 -0.25158 0.242787 0.219009 0.945034 0.376976 0.31622 -0.384863 0.867113 0.400795 -0.930002 -0.306262 0.203222 -0.504304 0.187351 -0.87068 -0.45477 0.485867 
1535116547886 0.245255 0.928683 -0.278204 -0.633237 -0.93853 0.299351 0.171901 -0.251384 0.242922 0.218943 0.945015 0.377106 0.31622 -0.384863 0.867113 0.400795 -0.930002 -0.306262 0.203222 -0.504304 0.187351 -0.87068 -0.45477 0.485867 
1535116547893 0.245359 0.928657 -0.2782 -0.632804 -0.938468 0.299481 0.172013 -0.25119 0.243057 0.218877 0.944995 0.377237 0.31622 -0.384863 0.867113 0.400795 -0.930002 -0.306262 0.203222 -0.504304 0.187351 -0.87068 -0.45477 0.485867 
1535116548236 0.24511 0.928731 -0.278172 -0.633468 -0.93856 0.299215 0.171978 -0.251434 0.242955 0.218927 0.94501 0.377086 0.31622 -0.384863 0.867113 0.400795 -0.930002 -0.306262 0.203222 -0.504304 0.187351 -0.87068 -0.45477 0.485867 
1535116548243 0.245163 0.92868 -0.278297 -0.633041 -0.938416 0.299406 0.172431 -0.251279 0.243457 0.218884 0.944891 0.377223 0.31622 -0.384863 0.867113 0.400795 -0.930002 -0.306262 0.203222 -0.504304 0.187351 -0.87068 -0.45477 0.485867 
1535116548255 0.245218 0.928627 -0.278424 -0.632611 -0.938271 0.299598 0.172883 -0.251121 0.243959 0.218843 0.944771 0.377361 0.31622 -0.384863 0.867113 0.400795 -0.930002 -0.306262 0.203222 -0.504304 0.187351 -0.87068 -0.45477 0.485867 
1535116548285 0.245272 0.928575 -0.27855 -0.63218 -0.938126 0.299791 0.173335 -0.250964 0.244461 0.218801 0.944651 0.377499 0.31622 -0.384863 0.867113 0.400795 -0.930002 -0.306262 0.203222 -0.504304 0.187351 -0.87068 -0.45477 0.485867 
1535116548477 0.245326 0.928523 -0.278677 -0.631749 -0.937981 0.299983 0.173787 -0.250806 0.244963 0.21876 0.94453 0.377637 0.31622 -0.384863 0.867113 0.400795 -0.930002 -0.306262 0.203222 -0.504304 0.187351 -0.87068 -0.45477 0.485867 
1535116548650 0.24538 0.92847 -0.278804 -0.631318 -0.937836 0.300176 0.174238 -0.250649 0.245465 0.218718 0.944409 0.377776 0.31622 -0.384863 0.867113 0.400795 -0.930002 -0.306262 0.203222 -0.504304 0.187351 -0.87068 -0.45477 0.485867 
1535116548827 0.245434 0.928418 -0.278931 -0.630888 -0.93769 0.300368 0.17469 -0.250492 0.245967 0.218676 0.944288 0.377914 0.31622 -0.384863 0.867113 0.400795 -0.930002 -0.306262 0.203222 -0.504304 0.187351 -0.87068 -0.45477 0.485867 
1535116548996 0.245487 0.928365 -0.279058 -0.630456 -0.937544 0.30056 0.175141 -0.250334 0.246469 0.218634 0.944167 0.378052 0.31622 -0.384863 0.867113 0.400795 -0.930002 -0.306262 0.203222 -0.504304 0.187351 -0.87068 -0.45477 0.485867 
1535116549174 0.245541 0.928313 -0.279185 -0.630025 -0.937398 0.300753 0.175593 -0.250177 0.246971 0.218592 0.944046 0.37819 0.31622 -0.384863 0.867113 0.400795 -0.930002 -0.306262 0.203222 -0.504304 0.187351 -0.87068 -0.45477 0.485867 
1535116549350 0.245595 0.928261 -0.279312 -0.629593 -0.937251 0.300945 0.176044 -0.250019 0.247473 0.21855 0.943924 0.378328 0.31622 -0.384863 0.867113 0.400795 -0.930002 -0.306262 0.203222 -0.504304 0.187351 -0.87068 -0.45477 0.485867 
1535116549547 0.24543 0.928295 -0.279342 -0.629834 -0.937351 0.300744 0.17586 -0.250045 0.247261 0.21868 0.94395 0.378216 0.31622 -0.384863 0.867113 0.400795 -0.930002 -0.306262 0.203222 -0.504304 0.187351 -0.87068 -0.45477 0.485867 
1535116549561 0.245487 0.928276 -0.279356 -0.629531 -0.937281 0.300849 0.176053 -0.249949 0.247469 0.218616 0.94391 0.378282 0.31622 -0.384863 0.867113 0.400795 -0.930002 -0.306262 0.203222 -0.504304 0.187351 -0.87068 -0.45477 0.485867 
1535116549580 0.245544 0.928257 -0.27937 -0.629223 -0.93721 0.300956 0.176245 -0.249851 0.247679 0.218553 0.94387 0.378349 0.31622 -0.384863 0.867113 0.400795 -0.930002 -0.306262 0.203222 -0.504304 0.187351 -0.87068 -0.45477 0.485867 
1535116549735 0.245602 0.928237 -0.279385 -0.628914 -0.93714 0.301063 0.176438 -0.249752 0.247888 0.21849 0.943829 0.378416 0.31622 -0.384863 0.867113 0.400795 -0.930002 -0.306262 0.203222 -0.504304 0.187351 -0.87068 -0.45477 0.485867 
1535116549872 0.24566 0.928217 -0.2794 -0.628605 -0.937069 0.301169 0.17663 -0.249654 0.248098 0.218426 0.943789 0.378484 0.31622 -0.384863 0.867113 0.400795 -0.930002 -0.306262 0.203222 -0.504304 0.187351 -0.87068 -0.45477 0.485867 
1535116549994 0.245717 0.928197 -0.279415 -0.628298 -0.936999 0.301276 0.176823 -0.249556 0.248307 0.218363 0.943748 0.37855 0.31622 -0.384863 0.867113 0.400795 -0.930002 -0.306262 0.203222 -0.504304 0.187351 -0.87068 -0.45477 0.485867 
1535116550114 0.245775 0.928178 -0.27943 -0.627989 -0.936928 0.301383 0.177015 -0.249458 0.248517 0.2183 0.943708 0.378618 0.31622 -0.384863 0.867113 0.400795 -0.930002 -0.306262 0.203222 -0.504304 0.187351 -0.87068 -0.45477 0.485867 
1535116550238 0.245832 0.928158 -0.279444 -0.627682 -0.936857 0.301489 0.177208 -0.24936 0.248726 0.218236 0.943667 0.378685 0.31622 -0.384863 0.867113 0.400795 -0.930002 -0.306262 0.203222 -0.504304 0.187351 -0.87068 -0.45477 0.485867 
1535116550359 0.24589 0.928138 -0.279459 -0.627373 -0.936787 0.301596 0.1774 -0.249261 0.248936 0.218173 0.943627 0.378752 0.31622 -0.384863 0.867113 0.400795 -0.930002 -0.306262 0.203222 -0.504304 0.187351 -0.87068 -0.45477 0.485867 
1535116550478 0.245948 0.928119 -0.279474 -0.627065 -0.936716 0.301702 0.177593 -0.249163 0.249145 0.218109 0.943586 0.378819 0.31622 -0.384863 0.867113 0.400795 -0.930002 -0.306262 0.203222 -0.504304 0.187351 -0.87068 -0.45477 0.485867 
1535116550619 0.245828 0.928121 -0.27957 -0.627334 -0.936782 0.301576 0.177458 -0.24917 0.249014 0.218272 0.943583 0.378709 0.31622 -0.384863 0.867113 0.400795 -0.930002 -0.306262 0.203222 -0.504304 0.187351 -0.87068 -0.45477 0.485867 
1535116550631 0.245841 0.928052 -0.27979 -0.627067 -0.936771 0.301637 0.177413 -0.249071 0.249043 0.218484 0.943526 0.378797 0.31622 -0.384863 0.867113 0.400795 -0.930002 -0.306262 0.203222 -0.504304 0.187351 -0.87068 -0.45477 0.485867 
1535116550647 0.245853 0.927982 -0.280011 -0.626795 -0.93676 0.301698 0.177368 -0.24897 0.249073 0.218697 0.943469 0.378886 0.31622 -0.384863 0.867113 0.400795 -0.930002 -0.306262 0.203222 -0.504304 0.187351 -0.87068 -0.45477 0.485867 
1535116550796 0.245866 0.927911 -0.280232 -0.626521 -0.936749 0.30176 0.177322 -0.248868 0.249102 0.21891 0.943412 0.378976 0.31622 -0.384863 0.867113 0.400795 -0.930002 -0.306262 0.203222 -0.504304 0.187351 -0.87068 -0.45477 0.485867 
1535116550944 0.245879 0.927841 -0.280454 -0.626248 -0.936737 0.301821 0.177277 -0.248767 0.249132 0.219123 0.943355 0.379065 0.31622 -0.384863 0.867113 0.400795 -0.930002 -0.306262 0.203222 -0.504304 0.187351 -0.87068 -0.45477 0.485867 
1535116551072 0.245892 0.927771 -0.280674 -0.625977 -0.936726 0.301882 0.177232 -0.248666 0.249161 0.219335 0.943298 0.379154 0.31622 -0.384863 0.867113 0.400795 -0.930002 -0.306262 0.203222 -0.504304 0.187351 -0.87068 -0.45477 0.485867 
1535116551199 0.245905 0.927701 -0.280896 -0.625704 -0.936715 0.301944 0.177187 -0.248565 0.249191 0.219548 0.94324 0.379243 0.31622 -0.384863 0.867113 0.400795 -0.930002 -0.306262 0.203222 -0.504304 0.187351 -0.87068 -0.45477 0.485867 
1535116551332 0.245917 0.92763 -0.281116 -0.625432 -0.936704 0.302005 0.177141 -0.248464 0.24922 0.219761 0.943183 0.379332 0.31622 -0.384863 0.867113 0.400795 -0.930002 -0.306262 0.203222 -0.504304 0.187351 -0.87068 -0.45477 0.485867 
1535116551460 0.24593 0.92756 -0.281338 -0.625158 -0.936692 0.302067 0.177096 -0.248362 0.24925 0.219974 0.943126 0.379422 0.31622 -0.384863 0.867113 0.400795 -0.930002 -0.306262 0.203222 -0.504304 0.187351 -0.87068 -0.45477 0.485867 
1535116551583 0.245943 0.92749 -0.281558 -0.624887 -0.936681 0.302128 0.177051 -0.248261 0.249279 0.220186 0.943068 0.379511 0.31622 -0.384863 0.867113 0.400795 -0.930002 -0.306262 0.203222 -0.504304 0.187351 -0.87068 -0.45477 0.485867 
1535116551729 0.246154 0.927479 -0.281409 -0.625059 -0.93666 0.30227 0.17692 -0.248419 0.249151 0.220034 0.943138 0.379435 0.31622 -0.384863 0.867113 0.400795 -0.930002 -0.306262 0.203222 -0.504304 0.187351 -0.87068 -0.45477 0.485867 
1535116551748 0.246181 0.927422 -0.281571 -0.624848 -0.936643 0.302336 0.176898 -0.248316 0.249188 0.220183 0.943093 0.379502 0.31622 -0.384863 0.867113 0.400795 -0.930002 -0.306262 0.203222 -0.504304 0.187351 -0.87068 -0.45477 0.485867 
1535116551765 0.24621 0.927365 -0.281735 -0.62463 -0.936626 0.302403 0.176874 -0.248209 0.249225 0.220332 0.943049 0.379571 0.31622 -0.384863 0.867113 0.400795 -0.930002 -0.306262 0.203222 -0.504304 0.187351 -0.87068 -0.45477 0.485867 
1535116551914 0.246238 0.927308 -0.281899 -0.624413 -0.936609 0.30247 0.176851 -0.248103 0.249261 0.220481 0.943004 0.37964 0.31622 -0.384863 0.867113 0.400795 -0.930002 -0.306262 0.203222 -0.504304 0.187351 -0.87068 -0.45477 0.485867 
1535116552005 0.246266 0.927251 -0.282062 -0.624196 -0.936592 0.302536 0.176827 -0.247997 0.249297 0.22063 0.94296 0.379708 0.31622 -0.384863 0.867113 0.400795 -0.930002 -0.306262 0.203222 -0.504304 0.187351 -0.87068 -0.45477 0.485867 
1535116552116 0.246294 0.927194 -0.282225 -0.62398 -0.936575 0.302603 0.176804 -0.247891 0.249334 0.220779 0.942915 0.379776 0.31622 -0.384863 0.867113 0.400795 -0.930002 -0.306262 0.203222 -0.504304 0.187351 -0.87068 -0.45477 0.485867 
1535116552122 0.246322 0.927136 -0.282389 -0.623763 -0.936557 0.30267 0.176781 -0.247785 0.24937 0.220928 0.942871 0.379845 0.31622 -0.384863 0.867113 0.400795 -0.930002 -0.306262 0.203222 -0.504304 0.187351 -0.87068 -0.45477 0.485867 
1535116552300 0.246351 0.927079 -0.282552 -0.623545 -0.93654 0.302736 0.176757 -0.247678 0.249407 0.221078 0.942826 0.379914 0.31622 -0.384863 0.867113 0.400795 -0.930002 -0.306262 0.203222 -0.504304 0.187351 -0.87068 -0.45477 0.485867 
1535116552399 0.246379 0.927022 -0.282716 -0.623329 -0.936523 0.302803 0.176734 -0.247573 0.249443 0.221226 0.942782 0.379982 0.31622 -0.384863 0.867113 0.400795 -0.930002 -0.306262 0.203222 -0.504304 0.187351 -0.87068 -0.45477 0.485867 
1535116552512 0.246407 0.926964 -0.282879 -0.623112 -0.936506 0.30287 0.17671 -0.247467 0.249479 0.221375 0.942737 0.38005 0.31622 -0.384863 0.867113 0.400795 -0.930002 -0.306262 0.203222 -0.504304 0.187351 -0.87068 -0.45477 0.485867 
1535116552621 0.246249 0.927087 -0.282616 -0.623327 -0.936541 0.302675 0.17686 -0.247493 0.249505 0.22113 0.942788 0.380066 0.31622 -0.384863 0.867113 0.400795 -0.930002 -0.306262 0.203222 -0.504304 0.187351 -0.87068 -0.45477 0.485867 
1535116552632 0.246377 0.927094 -0.282481 -0.623158 -0.936524 0.302756 0.176809 -0.247409 0.249442 0.220989 0.942838 0.380095 0.31622 -0.384863 0.867113 0.400795 -0.930002 -0.306262 0.203222 -0.504304 0.187351 -0.87068 -0.45477 0.485867 
1535116552649 0.246505 0.9271 -0.282347 -0.622984 -0.936507 0.302838 0.176759 -0.247322 0.249378 0.220848 0.942887 0.380126 0.31622 -0.384863 0.867113 0.400795 -0.930002 -0.306262 0.203222 -0.504304 0.187351 -0.87068 -0.45477 0.485867 
1535116552665 0.246633 0.927107 -0.282213 -0.622811 -0.93649 0.30292 0.176708 -0.247235 0.249315 0.220708 0.942937 0.380156 0.31622 -0.384863 0.867113 0.400795 -0.930002 -0.306262 0.203222 -0.504304 0.187351 -0.87068 -0.45477 0.485867 
1535116552797 0.246761 0.927114 -0.282079 -0.622636 -0.936473 0.303001 0.176658 -0.247148 0.249252 0.220568 0.942986 0.380186 0.31622 -0.384863 0.867113 0.400795 -0.930002 -0.306262 0.203222 -0.504304 0.187351 -0.87068 -0.45477 0.485867 
1535116552845 0.246889 0.92712 -0.281945 -0.622462 -0.936456 0.303083 0.176607 -0.247061 0.249189 0.220427 0.943036 0.380217 0.31622 -0.384863 0.867113 0.400795 -0.930002 -0.306262 0.203222 -0.504304 0.187351 -0.87068 -0.45477 0.485867 
1535116552945 0.247017 0.927127 -0.281812 -0.622287 -0.936439 0.303165 0.176557 -0.246974 0.249126 0.220287 0.943085 0.380247 0.31622 -0.384863 0.867113 0.400795 -0.930002 -0.306262 0.203222 -0.504304 0.187351 -0.87068 -0.45477 0.485867 
1535116552996 0.247145 0.927134 -0.281677 -0.622114 -0.936422 0.303247 0.176506 -0.246888 0.249063 0.220146 0.943135 0.380277 0.31622 -0.384863 0.867113 0.400795 -0.930002 -0.306262 0.203222 -0.504304 0.187351 -0.87068 -0.45477 0.485867 
1535116553092 0.247273 0.92714 -0.281543 -0.621941 -0.936405 0.303328 0.176456 -0.246801 0.248999 0.220006 0.943184 0.380307 0.31622 -0.384863 0.867113 0.400795 -0.930002 -0.306262 0.203222 -0.504304 0.187351 -0.87068 -0.45477 0.485867 
1535116553145 0.247401 0.927147 -0.281409 -0.621766 -0.936388 0.30341 0.176405 -0.246714 0.248936 0.219866 0.943234 0.380338 0.31622 -0.384863 0.867113 0.400795 -0.930002 -0.306262 0.203222 -0.504304 0.187351 -0.87068 -0.45477 0.485867 
1535116553243 0.247057 0.927186 -0.281584 -0.622017 -0.936461 0.303132 0.176501 -0.246787 0.249006 0.220086 0.943164 0.380315 0.31622 -0.384863 0.867113 0.400795 -0.930002 -0.306262 0.203222 -0.504304 0.187351 -0.87068 -0.45477 0.485867 
1535116553254 0.247068 0.927101 -0.281854 -0.621761 -0.936442 0.303208 0.176472 -0.246695 0.249067 0.22034 0.943088 0.380414 0.31622 -0.384863 0.867113 0.400795 -0.930002 -0.306262 0.203222 -0.504304 0.187351 -0.87068 -0.45477 0.485867 
1535116553271 0.247079 0.927015 -0.282126 -0.621501 -0.936423 0.303284 0.176441 -0.2466 0.249128 0.220594 0.943013 0.380514 0.31622 -0.384863 0.867113 0.400795 -0.930002 -0.306262 0.203222 -0.504304 0.187351 -0.87068 -0.45477 0.485867 
1535116553278 0.24709 0.926929 -0.282398 -0.621241 -0.936404 0.30336 0.176411 -0.246506 0.249189 0.220849 0.942937 0.380613 0.31622 -0.384863 0.867113 0.400795 -0.930002 -0.306262 0.203222 -0.504304 0.187351 -0.87068 -0.45477 0.485867 
1535116553479 0.247101 0.926844 -0.282669 -0.620981 -0.936385 0.303437 0.17638 -0.246411 0.249249 0.221103 0.942862 0.380713 0.31622 -0.384863 0.867113 0.400795 -0.930002 -0.306262 0.203222 -0.504304 0.187351 -0.87068 -0.45477 0.485867 
1535116553616 0.247112 0.926758 -0.282941 -0.62072 -0.936365 0.303513 0.17635 -0.246316 0.24931 0.221358 0.942786 0.380813 0.31622 -0.384863 0.867113 0.400795 -0.930002 -0.306262 0.203222 -0.504304 0.187351 -0.87068 -0.45477 0.485867 
1535116553732 0.247123 0.926672 -0.283212 -0.620461 -0.936346 0.30359 0.17632 -0.246222 0.249371 0.221612 0.94271 0.380913 0.31622 -0.384863 0.867113 0.400795 -0.930002 -0.306262 0.203222 -0.504304 0.187351 -0.87068 -0.45477 0.485867 
1535116553739 0.247134 0.926586 -0.283484 -0.6202 -0.936327 0.303666 0.176289 -0.246127 0.249431 0.221867 0.942634 0.381013 0.31622 -0.384863 0.867113 0.400795 -0.930002 -0.306262 0.203222 -0.504304 0.187351 -0.87068 -0.45477 0.485867 
1535116553929 0.247144 0.9265 -0.283755 -0.61994 -0.936308 0.303743 0.176258 -0.246033 0.249492 0.222121 0.942558 0.381112 0.31622 -0.384863 0.867113 0.400795 -0.930002 -0.306262 0.203222 -0.504304 0.187351 -0.87068 -0.45477 0.485867 
1535116554061 0.247155 0.926414 -0.284027 -0.619679 -0.936289 0.303819 0.176228 -0.245938 0.249553 0.222376 0.942482 0.381212 0.31622 -0.384863 0.867113 0.400795 -0.930002 -0.306262 0.203222 -0.504304 0.187351 -0.87068 -0.45477 0.485867 
1535116554215 0.247123 0.926514 -0.28373 -0.619883 -0.936335 0.303699 0.176194 -0.245997 0.249414 0.222124 0.942578 0.381205 0.31622 -0.384863 0.867113 0.400795 -0.930002 -0.306262 0.203222 -0.504304 0.187351 -0.87068 -0.45477 0.485867 
1535116554227 0.247306 0.926494 -0.283635 -0.619588 -0.936275 0.303866 0.176225 -0.245895 0.249459 0.221979 0.9426 0.381276 0.31622 -0.384863 0.867113 0.400795 -0.930002 -0.306262 0.203222 -0.504304 0.187351 -0.87068 -0.45477 0.485867 
1535116554243 0.247489 0.926474 -0.283542 -0.619286 -0.936215 0.304033 0.176256 -0.245789 0.249503 0.221835 0.942623 0.381348 0.31622 -0.384863 0.867113 0.400795 -0.930002 -0.306262 0.203222 -0.504304 0.187351 -0.87068 -0.45477 0.485867 
1535116554396 0.247672 0.926453 -0.283448 -0.618986 -0.936155 0.3042 0.176287 -0.245684 0.249547 0.22169 0.942645 0.38142 0.31622 -0.384863 0.867113 0.400795 -0.930002 -0.306262 0.203222 -0.504304 0.187351 -0.87068 -0.45477 0.485867 
1535116554517 0.247854 0.926433 -0.283355 -0.618685 -0.936094 0.304367 0.176318 -0.245579 0.249591 0.221545 0.942668 0.381492 0.31622 -0.384863 0.867113 0.400795 -0.930002 -0.306262 0.203222 -0.504304 0.187351 -0.87068 -0.45477 0.485867 
1535116554528 0.248037 0.926413 -0.283261 -0.618386 -0.936034 0.304534 0.176349 -0.245474 0.249635 0.221401 0.94269 0.381563 0.31622 -0.384863 0.867113 0.400795 -0.930002 -0.306262 0.203222 -0.504304 0.187351 -0.87068 -0.45477 0.485867 
1535116554633 0.24822 0.926393 -0.283167 -0.618085 -0.935974 0.304701 0.17638 -0.245369 0.249679 0.221256 0.942712 0.381635 0.31622 -0.384863 0.867113 0.400795 -0.930002 -0.306262 0.203222 -0.504304 0.187351 -0.87068 -0.45477 0.485867 
1535116554824 0.248403 0.926372 -0.283073 -0.617785 -0.935914 0.304868 0.176412 -0.245264 0.249723 0.221111 0.942735 0.381707 0.31622 -0.384863 0.867113 0.400795 -0.930002 -0.306262 0.203222 -0.504304 0.187351 -0.87068 -0.45477 0.485867 
1535116554942 0.248585 0.926352 -0.28298 -0.617484 -0.935854 0.305035 0.176443 -0.245159 0.249767 0.220967 0.942757 0.381779 0.31622 -0.384863 0.867113 0.400795 -0.930002 -0.306262 0.203222 -0.504304 0.187351 -0.87068 -0.45477 0.485867 
1535116555051 0.248768 0.926331 -0.282886 -0.617184 -0.935793 0.305201 0.176474 -0.245054 0.24981 0.220822 0.942779 0.381851 0.31622 -0.384863 0.867113 0.400795 -0.930002 -0.306262 0.203222 -0.504304 0.187351 -0.87068 -0.45477 0.485867 
1535116555178 0.248622 0.926378 -0.282861 -0.617388 -0.935869 0.305025 0.176377 -0.245185 0.249672 0.22087 0.942805 0.381788 0.31622 -0.384863 0.867113 0.400795 -0.930002 -0.306262 0.203222 -0.504304 0.187351 -0.87068 -0.45477 0.485867 
1535116555189 0.248743 0.926405 -0.282666 -0.617074 -0.935777 0.305156 0.176638 -0.245038 0.249896 0.220575 0.942814 0.381827 0.31622 -0.384863 0.867113 0.400795 -0.930002 -0.306262 0.203222 -0.504304 0.187351 -0.87068 -0.45477 0.485867 
1535116555196 0.248865 0.926432 -0.282472 -0.616754 -0.935685 0.305288 0.1769 -0.244889 0.250121 0.220281 0.942823 0.381867 0.31622 -0.384863 0.867113 0.400795 -0.930002 -0.306262 0.203222 -0.504304 0.187351 -0.87068 -0.45477 0.485867 
1535116555378 0.248987 0.926458 -0.282279 -0.616433 -0.935592 0.305421 0.177161 -0.244739 0.250346 0.219987 0.942832 0.381907 0.31622 -0.384863 0.867113 0.400795 -0.930002 -0.306262 0.203222 -0.504304 0.187351 -0.87068 -0.45477 0.485867 
1535116555504 0.249109 0.926484 -0.282085 -0.616114 -0.935499 0.305553 0.177422 -0.24459 0.250571 0.219693 0.942841 0.381947 0.31622 -0.384863 0.867113 0.400795 -0.930002 -0.306262 0.203222 -0.504304 0.187351 -0.87068 -0.45477 0.485867 
1535116555628 0.249231 0.92651 -0.281892 -0.615795 -0.935407 0.305685 0.177683 -0.244441 0.250796 0.219399 0.94285 0.381987 0.31622 -0.384863 0.867113 0.400795 -0.930002 -0.306262 0.203222 -0.504304 0.187351 -0.87068 -0.45477 0.485867 
1535116555750 0.249354 0.926536 -0.281698 -0.615475 -0.935314 0.305817 0.177945 -0.244291 0.25102 0.219105 0.942858 0.382027 0.31622 -0.384863 0.867113 0.400795 -0.930002 -0.306262 0.203222 -0.504304 0.187351 -0.87068 -0.45477 0.485867 
1535116555867 0.249476 0.926562 -0.281504 -0.615156 -0.935221 0.305949 0.178206 -0.244142 0.251245 0.218811 0.942867 0.382066 0.31622 -0.384863 0.867113 0.400795 -0.930002 -0.306262 0.203222 -0.504304 0.187351 -0.87068 -0.45477 0.485867 
