1535121461823 0.213455 0.919909 -0.328943 -0.472344 -0.944034 0.280887 0.172921 -0.171413 0.251467 0.273622 0.928383 0.474094 0.212394 -0.106122 0.971405 0.383713 -0.975858 -0.0748138 0.205194 -0.502039 0.0508989 -0.991535 -0.11945 0.442689 
1535121461830 0.216521 0.920784 -0.324462 -0.488686 -0.943629 0.282614 0.172319 -0.178603 0.250366 0.268861 0.93007 0.464059 0.205854 -0.107541 0.972656 0.38363 -0.978091 -0.0541232 0.20102 -0.500127 0.0310253 -0.992726 -0.116326 0.442277 
1535121462440 0.219579 0.921631 -0.31997 -0.505029 -0.943218 0.284342 0.171726 -0.185797 0.249249 0.264094 0.931735 0.454021 0.19928 -0.108822 0.973882 0.383547 -0.97988 -0.033403 0.196775 -0.498216 0.0111172 -0.9935 -0.113289 0.441864 
1535121462772 0.222631 0.922451 -0.315468 -0.521373 -0.942801 0.286071 0.171142 -0.192992 0.248116 0.259322 0.933376 0.443982 0.192676 -0.109964 0.975082 0.383464 -0.981223 -0.0126635 0.192461 -0.496302 -0.00881578 -0.993855 -0.110339 0.441452 
1535121462779 0.225676 0.923242 -0.310956 -0.537716 -0.942379 0.287801 0.170566 -0.200186 0.246968 0.254546 0.934994 0.433944 0.186045 -0.110966 0.976255 0.383381 -0.98212 0.00808611 0.188081 -0.49439 -0.0287647 -0.993791 -0.107477 0.441039 
1535121463090 0.228713 0.924006 -0.306436 -0.55406 -0.941951 0.289533 0.169999 -0.207381 0.245803 0.249766 0.936588 0.423905 0.179389 -0.111828 0.977402 0.383298 -0.982571 0.0288367 0.183637 -0.492476 -0.0487207 -0.993309 -0.104706 0.440626 
1535121464245 0.231745 0.924742 -0.301906 -0.570404 -0.941517 0.291267 0.16944 -0.214576 0.244623 0.244982 0.938159 0.413867 0.172711 -0.112549 0.978521 0.383214 -0.982575 0.0495787 0.179129 -0.490561 -0.0686747 -0.992408 -0.102025 0.440214 
1535121464250 0.234769 0.925449 -0.297367 -0.586748 -0.941077 0.293001 0.16889 -0.22177 0.243428 0.240195 0.939707 0.403829 0.166015 -0.11313 0.979612 0.383131 -0.982133 0.0703028 0.174562 -0.488647 -0.0886177 -0.99109 -0.0994376 0.439801 
1535121464509 0.237786 0.926129 -0.292818 -0.603093 -0.940632 0.294737 0.168348 -0.228964 0.242216 0.235404 0.941231 0.393791 0.159304 -0.11357 0.980675 0.383047 -0.981245 0.0909997 0.169935 -0.486731 -0.108541 -0.989354 -0.0969434 0.439388 
1535121464515 0.240796 0.926781 -0.288262 -0.619437 -0.940182 0.296474 0.167815 -0.236159 0.240989 0.230609 0.942732 0.383753 0.152581 -0.113869 0.981709 0.382964 -0.97991 0.11166 0.165253 -0.484816 -0.128434 -0.987201 -0.0945438 0.438976 
