1535121317784 0.209472 0.918561 -0.335212 -0.531232 -0.943762 0.279609 0.176444 -0.249135 0.255803 0.279401 0.925473 0.435457 0.185717 -0.0593217 0.980811 0.379889 -0.979919 -0.084909 0.180413 -0.496192 0.0725773 -0.994621 -0.0738995 0.434503 
1535121317796 0.213113 0.919862 -0.329296 -0.541721 -0.943579 0.281209 0.174871 -0.248558 0.253458 0.27345 0.927892 0.429156 0.182299 -0.0660921 0.981019 0.380209 -0.981989 -0.0626218 0.17826 -0.494889 0.0496516 -0.995847 -0.0763175 0.435032 
1535121317803 0.21674 0.92112 -0.32336 -0.552205 -0.943387 0.282818 0.173304 -0.247977 0.251086 0.267492 0.930271 0.422849 0.178726 -0.0727813 0.981203 0.38053 -0.983536 -0.0402876 0.176162 -0.493586 0.026709 -0.996534 -0.0787835 0.43556 
1535121318699 0.220352 0.922333 -0.317406 -0.562682 -0.943186 0.284437 0.171745 -0.24739 0.248688 0.261528 0.932608 0.416538 0.174999 -0.0793861 0.981363 0.380851 -0.984562 -0.0179184 0.174119 -0.492289 0.00376183 -0.996683 -0.0812962 0.436089 
1535121318805 0.223945 0.923503 -0.311432 -0.573165 -0.942974 0.286063 0.170199 -0.246809 0.246268 0.255557 0.934902 0.410232 0.171118 -0.0859035 0.981499 0.381171 -0.985064 0.00447393 0.172131 -0.490986 -0.0191778 -0.996293 -0.0838549 0.436617 
1535121319346 0.227521 0.92463 -0.30544 -0.583649 -0.942753 0.287696 0.168663 -0.246228 0.243824 0.24958 0.937155 0.403926 0.167087 -0.0923294 0.98161 0.381492 -0.985043 0.0268769 0.170199 -0.489682 -0.042097 -0.995366 -0.0864577 0.437146 
1535121319823 0.231081 0.925713 -0.299429 -0.594132 -0.942523 0.289338 0.167136 -0.245647 0.241356 0.243597 0.939366 0.397619 0.162907 -0.0986605 0.981696 0.381812 -0.984499 0.0492782 0.168325 -0.488378 -0.0649833 -0.9939 -0.0891034 0.437674 
1535121320308 0.234623 0.926752 -0.2934 -0.604616 -0.942282 0.290988 0.16562 -0.245065 0.238865 0.237608 0.941534 0.391313 0.158582 -0.104893 0.981758 0.382132 -0.983432 0.0716656 0.166509 -0.487074 -0.087824 -0.991898 -0.0917904 0.438203 
1535121320902 0.238147 0.927746 -0.287354 -0.615099 -0.942032 0.292646 0.164114 -0.244484 0.236349 0.231614 0.94366 0.385007 0.154113 -0.111024 0.981796 0.382452 -0.981843 0.0940267 0.164754 -0.48577 -0.110607 -0.98936 -0.0945172 0.438731 
1535121321296 0.241654 0.928697 -0.281291 -0.625582 -0.941773 0.294311 0.162618 -0.243903 0.23381 0.225615 0.945744 0.378701 0.149504 -0.11705 0.981809 0.382772 -0.979732 0.116349 0.163059 -0.484466 -0.133319 -0.986287 -0.0972825 0.43926 
1535121322856 0.242071 0.928419 -0.281851 -0.625336 -0.941704 0.294771 0.162184 -0.244145 0.233656 0.22616 0.945651 0.378814 0.149551 -0.116659 0.981848 0.382722 -0.97977 0.116077 0.163026 -0.484711 -0.132988 -0.986365 -0.0969396 0.439198 
1535121322867 0.24238 0.928539 -0.281189 -0.626405 -0.941684 0.294894 0.162079 -0.244061 0.233417 0.225506 0.945866 0.378173 0.149082 -0.11729 0.981844 0.382759 -0.979526 0.118337 0.162867 -0.484557 -0.135291 -0.986022 -0.0972471 0.439257 
1535121322875 0.242688 0.928659 -0.280525 -0.627478 -0.941664 0.295014 0.161973 -0.243978 0.233177 0.224852 0.946081 0.377531 0.148612 -0.117921 0.98184 0.382796 -0.979276 0.120597 0.162708 -0.484402 -0.137594 -0.985673 -0.0975555 0.439316 
1535121323184 0.242995 0.928779 -0.279861 -0.628553 -0.941644 0.295135 0.161868 -0.243897 0.232937 0.224197 0.946296 0.376889 0.148139 -0.118551 0.981835 0.382833 -0.979022 0.122857 0.162549 -0.484247 -0.139896 -0.985318 -0.0978644 0.439375 
1535121323190 0.243302 0.928899 -0.279197 -0.629626 -0.941624 0.295256 0.161763 -0.243815 0.232696 0.223542 0.94651 0.376246 0.147665 -0.11918 0.981831 0.38287 -0.978762 0.125117 0.162391 -0.484092 -0.142197 -0.984958 -0.0981736 0.439434 
1535121323268 0.243609 0.929018 -0.278534 -0.630699 -0.941605 0.295377 0.161658 -0.243732 0.232455 0.222887 0.946724 0.375605 0.14719 -0.119808 0.981825 0.382907 -0.978497 0.127375 0.162234 -0.483937 -0.144497 -0.984592 -0.098483 0.439493 
1535121323513 0.243916 0.929136 -0.277869 -0.631773 -0.941585 0.295498 0.161553 -0.243651 0.232214 0.222232 0.946937 0.374962 0.146714 -0.120434 0.98182 0.382944 -0.978226 0.129633 0.162078 -0.483782 -0.146796 -0.984221 -0.0987929 0.439552 
1535121323764 0.244223 0.929254 -0.277205 -0.632847 -0.941565 0.295619 0.161448 -0.243569 0.231973 0.221577 0.94715 0.37432 0.146235 -0.12106 0.981815 0.382981 -0.97795 0.131891 0.161922 -0.483627 -0.149094 -0.983844 -0.0991032 0.439611 
1535121323829 0.244529 0.929371 -0.27654 -0.63392 -0.941544 0.295741 0.161343 -0.243486 0.231731 0.220922 0.947362 0.373678 0.145756 -0.121684 0.981809 0.383018 -0.977669 0.134147 0.161767 -0.483472 -0.151392 -0.983462 -0.0994137 0.43967 
1535121324151 0.244836 0.929488 -0.275875 -0.634995 -0.941524 0.295862 0.161238 -0.243405 0.23149 0.220266 0.947573 0.373036 0.145274 -0.122307 0.981803 0.383055 -0.977382 0.136404 0.161612 -0.483316 -0.153688 -0.983074 -0.0997247 0.439729 
1535121324556 0.245099 0.929242 -0.276469 -0.63476 -0.941422 0.296249 0.161125 -0.243609 0.231628 0.220782 0.947419 0.373161 0.14549 -0.122085 0.981798 0.38307 -0.977429 0.135913 0.161743 -0.483392 -0.153185 -0.98317 -0.099555 0.439676 
1535121324569 0.244785 0.929184 -0.276944 -0.634854 -0.941444 0.296088 0.161292 -0.243654 0.23187 0.221245 0.947252 0.373208 0.149261 -0.124162 0.980971 0.383122 -0.978433 0.124726 0.164661 -0.483842 -0.142797 -0.984392 -0.102868 0.440299 
1535121324730 0.244471 0.929125 -0.277418 -0.634947 -0.941466 0.295927 0.161461 -0.243698 0.232113 0.221707 0.947085 0.373255 0.153053 -0.126196 0.980127 0.383175 -0.979308 0.113517 0.167541 -0.484299 -0.132404 -0.985489 -0.10621 0.440923 
1535121324735 0.244156 0.929066 -0.277892 -0.635041 -0.941488 0.295765 0.161629 -0.243743 0.232355 0.222169 0.946917 0.373302 0.156866 -0.128184 0.979266 0.383228 -0.980055 0.102289 0.170381 -0.484756 -0.122008 -0.986461 -0.109582 0.441547 
1535121324774 0.243841 0.929007 -0.278367 -0.635135 -0.941509 0.295604 0.161798 -0.243788 0.232598 0.222632 0.946749 0.373349 0.160697 -0.130129 0.978388 0.383282 -0.980673 0.0910431 0.173182 -0.485214 -0.111611 -0.987308 -0.112983 0.44217 
1535121324888 0.243527 0.928947 -0.278841 -0.635229 -0.941531 0.295443 0.161967 -0.243832 0.23284 0.223094 0.94658 0.373396 0.164548 -0.132028 0.977493 0.383335 -0.981162 0.0797806 0.175941 -0.485672 -0.101214 -0.98803 -0.116413 0.442794 
1535121324925 0.243212 0.928887 -0.279315 -0.635323 -0.941552 0.295282 0.162136 -0.243877 0.233082 0.223556 0.946412 0.373442 0.168416 -0.133882 0.976582 0.383388 -0.981523 0.0685035 0.178659 -0.486128 -0.0908185 -0.988627 -0.119872 0.443418 
1535121324959 0.242897 0.928827 -0.279789 -0.635416 -0.941574 0.295121 0.162304 -0.243922 0.233324 0.224018 0.946243 0.373489 0.172302 -0.135691 0.975654 0.383441 -0.981755 0.0572128 0.181336 -0.486586 -0.0804256 -0.989098 -0.123358 0.444042 
1535121325000 0.242582 0.928766 -0.280263 -0.63551 -0.941595 0.29496 0.162473 -0.243967 0.233566 0.224481 0.946074 0.373536 0.176204 -0.137454 0.974709 0.383494 -0.981859 0.0459106 0.183971 -0.487043 -0.0700371 -0.989444 -0.126871 0.444665 
1535121325048 0.242266 0.928706 -0.280736 -0.635604 -0.941616 0.294799 0.162642 -0.244011 0.233808 0.224943 0.945904 0.373583 0.180123 -0.139172 0.973749 0.383547 -0.981834 0.0345982 0.186563 -0.487499 -0.0596544 -0.989664 -0.130412 0.445289 
1535121326182 0.243109 0.928859 -0.279498 -0.63534 -0.941559 0.295235 0.162183 -0.243945 0.233163 0.223736 0.946349 0.373533 0.175535 -0.137519 0.974821 0.383345 -0.981929 0.0466897 0.183401 -0.48696 -0.0707352 -0.989398 -0.126838 0.444327 
1535121326338 0.242391 0.928988 -0.279692 -0.635373 -0.94173 0.294596 0.162354 -0.244064 0.233221 0.224042 0.946263 0.373617 0.172763 -0.136467 0.975464 0.383305 -0.98199 0.0530304 0.181337 -0.486664 -0.0764758 -0.989224 -0.124847 0.44392 
1535121326350 0.241673 0.929116 -0.279887 -0.635407 -0.9419 0.293957 0.162524 -0.244183 0.233278 0.224348 0.946176 0.373702 0.169992 -0.135397 0.976099 0.383263 -0.98201 0.0593665 0.179256 -0.486359 -0.0822184 -0.989011 -0.122869 0.443513 
1535121326528 0.240955 0.929244 -0.280082 -0.63544 -0.94207 0.293318 0.162694 -0.244303 0.233336 0.224654 0.946089 0.373786 0.167228 -0.134309 0.976727 0.383222 -0.981986 0.0656979 0.177163 -0.486057 -0.0879635 -0.988759 -0.120903 0.443106 
1535121326537 0.240237 0.929372 -0.280276 -0.635474 -0.942239 0.292679 0.162865 -0.244422 0.233393 0.224961 0.946002 0.37387 0.164469 -0.133203 0.977347 0.38318 -0.981921 0.0720245 0.175055 -0.485753 -0.0937108 -0.988468 -0.118949 0.442699 
1535121326625 0.239519 0.929498 -0.280471 -0.635507 -0.942408 0.29204 0.163035 -0.244541 0.23345 0.225268 0.945915 0.373955 0.161716 -0.132079 0.977959 0.383139 -0.981812 0.0783459 0.172934 -0.485452 -0.09946 -0.988138 -0.117007 0.442292 
1535121326726 0.2388 0.929625 -0.280664 -0.635541 -0.942576 0.291401 0.163206 -0.24466 0.233506 0.225574 0.945828 0.374039 0.158967 -0.130937 0.978563 0.383097 -0.981662 0.0846621 0.170799 -0.485148 -0.105211 -0.987769 -0.115078 0.441885 
1535121326739 0.238082 0.92975 -0.280858 -0.635575 -0.942744 0.290762 0.163377 -0.24478 0.233563 0.22588 0.945741 0.374123 0.156225 -0.129778 0.979159 0.383055 -0.981469 0.0909727 0.168651 -0.484844 -0.110964 -0.987361 -0.11316 0.441478 
1535121326964 0.237363 0.929876 -0.281052 -0.635608 -0.942911 0.290122 0.163548 -0.244899 0.233619 0.226187 0.945654 0.374208 0.153489 -0.1286 0.979746 0.383014 -0.981233 0.0972771 0.16649 -0.484542 -0.116718 -0.986914 -0.111255 0.44107 
1535121327060 0.236644 0.93 -0.281246 -0.635642 -0.943078 0.289483 0.163719 -0.245018 0.233675 0.226494 0.945567 0.374292 0.150759 -0.127404 0.980326 0.382973 -0.980955 0.103575 0.164316 -0.48424 -0.122472 -0.986428 -0.109363 0.440663 
1535121327510 0.237368 0.92984 -0.281166 -0.635625 -0.942933 0.290125 0.163419 -0.244924 0.233526 0.22633 0.945643 0.374124 0.162403 -0.132031 0.977851 0.383223 -0.981757 0.0776903 0.173542 -0.485514 -0.0988825 -0.988196 -0.117005 0.44261 
1535121327525 0.236965 0.930018 -0.280916 -0.635656 -0.943088 0.289644 0.163376 -0.245024 0.233308 0.226214 0.945724 0.374128 0.164946 -0.133962 0.977163 0.383243 -0.981864 0.0715866 0.175554 -0.485843 -0.0934692 -0.988397 -0.119724 0.443084 
1535121327637 0.236579 0.930192 -0.280667 -0.635688 -0.94324 0.289178 0.163323 -0.245122 0.233085 0.226097 0.945807 0.374126 0.167501 -0.135876 0.976464 0.383264 -0.981931 0.0654769 0.17755 -0.486179 -0.0880605 -0.98856 -0.122453 0.443558 
1535121327644 0.236193 0.930365 -0.280417 -0.635719 -0.943392 0.288711 0.163271 -0.24522 0.232861 0.225979 0.945891 0.374125 0.170067 -0.137773 0.975754 0.383286 -0.98196 0.0593608 0.17953 -0.486516 -0.0826559 -0.988683 -0.125192 0.444033 
1535121327843 0.235807 0.930538 -0.280168 -0.63575 -0.943544 0.288245 0.163218 -0.245318 0.232638 0.225863 0.945973 0.374123 0.17264 -0.139653 0.975034 0.383307 -0.98195 0.0532394 0.18149 -0.486851 -0.0772559 -0.988768 -0.127941 0.444507 
1535121327850 0.235421 0.930711 -0.279919 -0.635781 -0.943695 0.287779 0.163165 -0.245416 0.232414 0.225745 0.946056 0.374121 0.175224 -0.141517 0.974305 0.383329 -0.981902 0.0471121 0.183434 -0.487188 -0.0718605 -0.988814 -0.1307 0.444981 
1535121327876 0.235035 0.930883 -0.279669 -0.635813 -0.943846 0.287312 0.163112 -0.245514 0.232191 0.225628 0.946139 0.374119 0.177818 -0.143363 0.973565 0.38335 -0.981816 0.0409795 0.185359 -0.487525 -0.0664699 -0.988821 -0.13347 0.445455 
1535121328008 0.234648 0.931056 -0.27942 -0.635844 -0.943998 0.286846 0.163059 -0.245612 0.231967 0.225511 0.946222 0.374117 0.180419 -0.145193 0.972814 0.383372 -0.981691 0.0348421 0.187266 -0.48786 -0.0610846 -0.98879 -0.136249 0.44593 
1535121328014 0.234261 0.931228 -0.279171 -0.635875 -0.944148 0.286379 0.163006 -0.24571 0.231744 0.225393 0.946305 0.374115 0.18303 -0.147006 0.972054 0.383393 -0.981528 0.0286999 0.189154 -0.488195 -0.0557046 -0.988719 -0.139037 0.446404 
1535121328240 0.233875 0.9314 -0.278922 -0.635907 -0.944299 0.285912 0.162952 -0.245808 0.231521 0.225275 0.946387 0.374113 0.18565 -0.148801 0.971284 0.383414 -0.981326 0.0225531 0.191025 -0.488533 -0.0503302 -0.98861 -0.141836 0.446878 
1535121328614 0.234323 0.931134 -0.27943 -0.635858 -0.944122 0.286495 0.162957 -0.245655 0.231791 0.225632 0.946237 0.374059 0.177324 -0.143415 0.973647 0.383313 -0.981839 0.0420155 0.185005 -0.487405 -0.0674407 -0.98877 -0.13336 0.445009 
1535121328737 0.234598 0.931117 -0.279259 -0.635827 -0.944066 0.286715 0.162893 -0.245655 0.23174 0.225425 0.946298 0.374024 0.178507 -0.141806 0.973666 0.383292 -0.981836 0.0389788 0.185682 -0.487581 -0.0642832 -0.989127 -0.132272 0.444906 
1535121328791 0.234866 0.9311 -0.279088 -0.635798 -0.944012 0.286929 0.162827 -0.245657 0.231687 0.22522 0.94636 0.373987 0.179688 -0.140193 0.973683 0.383273 -0.981823 0.0359417 0.186365 -0.487762 -0.0611229 -0.989472 -0.131186 0.444803 
1535121328798 0.235135 0.931084 -0.278917 -0.635769 -0.943958 0.287144 0.162761 -0.245658 0.231633 0.225016 0.946422 0.373951 0.180863 -0.138576 0.973697 0.383253 -0.981799 0.0329054 0.187051 -0.487944 -0.0579607 -0.989805 -0.130103 0.444699 
1535121328808 0.235404 0.931067 -0.278746 -0.63574 -0.943905 0.287358 0.162694 -0.24566 0.231579 0.224811 0.946484 0.373914 0.182033 -0.136955 0.973708 0.383234 -0.981764 0.0298699 0.18774 -0.488126 -0.0547966 -0.990127 -0.129021 0.444597 
1535121328828 0.235673 0.93105 -0.278575 -0.635711 -0.943851 0.287572 0.162628 -0.245662 0.231525 0.224606 0.946545 0.373878 0.183198 -0.135331 0.973717 0.383214 -0.981719 0.0268352 0.188433 -0.488309 -0.0516306 -0.990437 -0.127941 0.444494 
1535121328911 0.235941 0.931033 -0.278404 -0.635682 -0.943797 0.287786 0.162562 -0.245664 0.231471 0.224402 0.946607 0.373842 0.184357 -0.133702 0.973723 0.383195 -0.981664 0.0238013 0.189129 -0.488492 -0.0484628 -0.990736 -0.126863 0.444391 
1535121328917 0.23621 0.931016 -0.278233 -0.635652 -0.943743 0.288 0.162496 -0.245666 0.231417 0.224197 0.946669 0.373805 0.18551 -0.13207 0.973727 0.383175 -0.981598 0.0207686 0.189827 -0.488673 -0.0452933 -0.991023 -0.125787 0.444288 
1535121328957 0.236479 0.930999 -0.278062 -0.635623 -0.943689 0.288215 0.162429 -0.245667 0.231363 0.223993 0.94673 0.373769 0.186659 -0.130434 0.973728 0.383156 -0.981521 0.0177368 0.190528 -0.488854 -0.0421222 -0.991298 -0.124713 0.444185 
1535121328963 0.236747 0.930982 -0.27789 -0.635594 -0.943635 0.288429 0.162363 -0.245669 0.231309 0.223788 0.946792 0.373732 0.187802 -0.128794 0.973726 0.383136 -0.981434 0.0147058 0.191234 -0.489037 -0.0389492 -0.991562 -0.123641 0.444082 
1535121329166 0.235853 0.931039 -0.278459 -0.635665 -0.943828 0.287703 0.162531 -0.245714 0.231436 0.224484 0.946596 0.373796 0.184997 -0.148709 0.971422 0.383313 -0.981397 0.0236942 0.190524 -0.488511 -0.0513497 -0.988597 -0.141559 0.446508 
1535121329189 0.236595 0.930919 -0.278232 -0.635458 -0.943655 0.288361 0.162371 -0.245603 0.231385 0.224139 0.94669 0.37383 0.185559 -0.149034 0.971266 0.38336 -0.981399 0.0214093 0.19078 -0.488657 -0.0492267 -0.9886 -0.142289 0.446545 
1535121329204 0.237336 0.930798 -0.278006 -0.635246 -0.943481 0.289018 0.162211 -0.245489 0.231334 0.223795 0.946784 0.373865 0.186131 -0.149363 0.971106 0.383409 -0.981396 0.0190983 0.191041 -0.48881 -0.0470809 -0.988598 -0.14303 0.446586 
1535121329425 0.238077 0.930676 -0.27778 -0.635035 -0.943307 0.289675 0.16205 -0.245376 0.231282 0.223451 0.946878 0.3739 0.186703 -0.149691 0.970945 0.383457 -0.981388 0.0167872 0.1913 -0.488963 -0.0449353 -0.98859 -0.143771 0.446628 
1535121329432 0.238818 0.930554 -0.277554 -0.634823 -0.943132 0.290333 0.16189 -0.245263 0.231231 0.223108 0.946972 0.373935 0.187277 -0.150018 0.970784 0.383506 -0.981375 0.0144758 0.191557 -0.489117 -0.0427898 -0.988577 -0.144513 0.446669 
1535121329466 0.239559 0.93043 -0.277328 -0.63461 -0.942957 0.29099 0.16173 -0.245149 0.231178 0.222764 0.947065 0.37397 0.187851 -0.150343 0.970623 0.383554 -0.981356 0.0121642 0.191813 -0.489272 -0.0406445 -0.988559 -0.145255 0.446711 
1535121329472 0.2403 0.930307 -0.277101 -0.634398 -0.942781 0.291647 0.161571 -0.245035 0.231126 0.222421 0.947159 0.374005 0.188426 -0.150667 0.970461 0.383603 -0.981332 0.00985251 0.192067 -0.489426 -0.0384995 -0.988536 -0.145998 0.446752 
1535121329683 0.24104 0.930183 -0.276875 -0.634186 -0.942605 0.292304 0.161411 -0.244922 0.231073 0.222077 0.947252 0.374039 0.189001 -0.150989 0.970299 0.383651 -0.981304 0.00754078 0.192318 -0.489579 -0.0363548 -0.988507 -0.146741 0.446793 
1535121329889 0.241781 0.930058 -0.276648 -0.633973 -0.942429 0.292961 0.161252 -0.244808 0.231021 0.221734 0.947346 0.374074 0.189578 -0.15131 0.970137 0.3837 -0.98127 0.00522877 0.192569 -0.489734 -0.0342102 -0.988473 -0.147485 0.446835 
1535121329941 0.242521 0.929933 -0.276421 -0.633762 -0.942251 0.293618 0.161092 -0.244695 0.230967 0.22139 0.947439 0.374109 0.190155 -0.15163 0.969974 0.383749 -0.98123 0.00291679 0.192817 -0.489887 -0.032066 -0.988433 -0.148229 0.446876 
1535121330190 0.241842 0.930112 -0.276413 -0.633966 -0.942408 0.292984 0.161331 -0.244724 0.23104 0.221478 0.947401 0.374176 0.189283 -0.151128 0.970223 0.383647 -0.98129 0.00634331 0.19243 -0.489657 -0.035236 -0.988494 -0.1471 0.446751 
1535121330202 0.242148 0.930041 -0.276385 -0.633613 -0.942318 0.293282 0.161312 -0.244577 0.231085 0.221381 0.947412 0.374291 0.190444 -0.151098 0.97 0.383707 -0.981132 0.00425381 0.193293 -0.489901 -0.0333323 -0.98851 -0.147437 0.446777 
1535121330261 0.242454 0.929969 -0.276358 -0.633256 -0.942228 0.293581 0.161293 -0.244428 0.231131 0.221286 0.947423 0.374406 0.191607 -0.151065 0.969776 0.383769 -0.980968 0.00216415 0.194155 -0.49015 -0.0314287 -0.988522 -0.147775 0.446804 
1535121330373 0.24276 0.929897 -0.276331 -0.632897 -0.942138 0.293881 0.161274 -0.244278 0.231176 0.221191 0.947434 0.374522 0.192769 -0.151029 0.969552 0.383831 -0.9808 7.43477e-05 0.195017 -0.490402 -0.0295254 -0.988529 -0.148115 0.446831 
1535121330440 0.243067 0.929825 -0.276304 -0.632539 -0.942048 0.29418 0.161255 -0.244129 0.231222 0.221096 0.947446 0.374638 0.193931 -0.150991 0.969326 0.383893 -0.980626 -0.0020153 0.195878 -0.490652 -0.0276224 -0.988533 -0.148457 0.446858 
1535121330682 0.243373 0.929753 -0.276277 -0.632182 -0.941958 0.294479 0.161236 -0.24398 0.231267 0.221001 0.947457 0.374754 0.195092 -0.150951 0.969099 0.383955 -0.980448 -0.00410477 0.196737 -0.4909 -0.0257197 -0.988533 -0.1488 0.446885 
1535121330734 0.243679 0.929681 -0.27625 -0.631823 -0.941868 0.294778 0.161217 -0.24383 0.231313 0.220906 0.947468 0.37487 0.196254 -0.150908 0.968871 0.384017 -0.980264 -0.00619437 0.197596 -0.491151 -0.0238173 -0.988528 -0.149145 0.446911 
1535121330874 0.243985 0.929609 -0.276223 -0.631466 -0.941777 0.295077 0.161198 -0.243681 0.231358 0.22081 0.947479 0.374985 0.197414 -0.150862 0.968642 0.384078 -0.980075 -0.00828375 0.198454 -0.4914 -0.0219153 -0.98852 -0.149492 0.446938 
1535121331114 0.244291 0.929536 -0.276196 -0.631107 -0.941687 0.295376 0.161179 -0.243531 0.231404 0.220715 0.94749 0.375101 0.198575 -0.150814 0.968413 0.38414 -0.979881 -0.0103732 0.199311 -0.49165 -0.0200134 -0.988508 -0.14984 0.446965 
1535121331153 0.244597 0.929464 -0.276169 -0.630749 -0.941596 0.295675 0.16116 -0.243382 0.231449 0.22062 0.947501 0.375217 0.199735 -0.150764 0.968182 0.384202 -0.979683 -0.0124625 0.200167 -0.491899 -0.0181121 -0.988491 -0.15019 0.446992 
1535121331447 0.243981 0.929677 -0.275997 -0.63101 -0.941749 0.295062 0.16139 -0.243299 0.231477 0.220544 0.947512 0.375207 0.198042 -0.150821 0.968521 0.384057 -0.979984 -0.0100368 0.198823 -0.491547 -0.0202658 -0.98851 -0.149789 0.446993 
1535121331454 0.243877 0.929546 -0.276529 -0.63055 -0.941586 0.295236 0.162024 -0.243181 0.23225 0.220863 0.947249 0.375373 0.198502 -0.15281 0.968115 0.384154 -0.979889 -0.0104033 0.199274 -0.491712 -0.0203795 -0.988201 -0.151802 0.447221 
1535121331461 0.243772 0.929415 -0.277062 -0.630086 -0.941422 0.29541 0.162657 -0.24306 0.233022 0.221181 0.946984 0.37554 0.198964 -0.154797 0.967704 0.384252 -0.979792 -0.0107709 0.199727 -0.491878 -0.0204941 -0.987888 -0.153812 0.447448 
1535121331657 0.243668 0.929283 -0.277594 -0.629622 -0.941258 0.295585 0.16329 -0.24294 0.233795 0.221499 0.94672 0.375707 0.199425 -0.156784 0.967289 0.384349 -0.979696 -0.0111394 0.200178 -0.492044 -0.0206097 -0.98757 -0.155823 0.447676 
1535121331665 0.243563 0.929152 -0.278126 -0.629158 -0.941093 0.29576 0.163922 -0.24282 0.234567 0.221817 0.946454 0.375874 0.199887 -0.15877 0.96687 0.384447 -0.9796 -0.0115089 0.200629 -0.49221 -0.0207263 -0.987248 -0.157832 0.447904 
1535121331737 0.243457 0.92902 -0.278658 -0.628693 -0.940927 0.295935 0.164555 -0.242699 0.23534 0.222135 0.946188 0.376042 0.200348 -0.160756 0.966446 0.384544 -0.979503 -0.0118793 0.201078 -0.492376 -0.0208438 -0.986923 -0.159841 0.448132 
1535121332007 0.243351 0.928888 -0.27919 -0.628229 -0.940761 0.296111 0.165187 -0.242579 0.236112 0.222452 0.945921 0.376208 0.200808 -0.16274 0.966019 0.384641 -0.979406 -0.0122505 0.201527 -0.492542 -0.0209623 -0.986593 -0.161849 0.44836 
1535121332065 0.243245 0.928756 -0.279721 -0.627764 -0.940595 0.296286 0.165819 -0.242458 0.236884 0.22277 0.945653 0.376376 0.201269 -0.164723 0.965586 0.384739 -0.979309 -0.012623 0.201976 -0.492708 -0.0210816 -0.986259 -0.163856 0.448587 
1535121332272 0.243138 0.928624 -0.280253 -0.6273 -0.940428 0.296462 0.166451 -0.242338 0.237655 0.223087 0.945385 0.376543 0.201728 -0.166706 0.96515 0.384837 -0.979212 -0.0129959 0.202423 -0.492874 -0.0212021 -0.985921 -0.165862 0.448815 
1535121332344 0.24303 0.928491 -0.280784 -0.626835 -0.94026 0.296638 0.167083 -0.242217 0.238427 0.223404 0.945116 0.37671 0.202189 -0.168688 0.964709 0.384934 -0.979114 -0.0133702 0.20287 -0.49304 -0.0213234 -0.985579 -0.167868 0.449043 
1535121332768 0.242881 0.92868 -0.28029 -0.627083 -0.940393 0.296318 0.166903 -0.24212 0.238054 0.223045 0.945294 0.376733 0.202025 -0.167639 0.964926 0.384889 -0.979146 -0.0130101 0.202742 -0.492939 -0.0214337 -0.985763 -0.166771 0.448843 
1535121332781 0.242801 0.928658 -0.280433 -0.626614 -0.940316 0.296359 0.167266 -0.241992 0.238441 0.223083 0.945188 0.376875 0.199247 -0.165247 0.965916 0.384835 -0.979599 -0.00724271 0.200831 -0.492747 -0.0261907 -0.986226 -0.163318 0.448167 
1535121332865 0.242721 0.928635 -0.280579 -0.626143 -0.940238 0.296401 0.167628 -0.241864 0.238829 0.223124 0.94508 0.377018 0.196479 -0.162837 0.966892 0.384781 -0.980019 -0.00147929 0.198898 -0.492551 -0.0309576 -0.986652 -0.159874 0.44749 
1535121333102 0.24264 0.928612 -0.280724 -0.625672 -0.94016 0.296442 0.167991 -0.241735 0.239216 0.223164 0.944973 0.377161 0.193722 -0.160409 0.967854 0.384726 -0.980405 0.00427927 0.196944 -0.492354 -0.0357333 -0.987041 -0.156437 0.446814 
1535121333108 0.242559 0.928589 -0.280869 -0.625201 -0.940082 0.296483 0.168353 -0.241606 0.239604 0.223204 0.944865 0.377304 0.190976 -0.157964 0.968801 0.384671 -0.980758 0.0100328 0.194968 -0.492157 -0.0405179 -0.987394 -0.153009 0.446137 
1535121333160 0.242478 0.928567 -0.281013 -0.624729 -0.940005 0.296524 0.168716 -0.241477 0.239991 0.223244 0.944757 0.377447 0.18824 -0.155502 0.969735 0.384616 -0.981077 0.0157811 0.192972 -0.49196 -0.0453109 -0.98771 -0.149588 0.44546 
1535121333493 0.242398 0.928544 -0.281159 -0.624258 -0.939926 0.296565 0.169078 -0.241348 0.240378 0.223284 0.944649 0.37759 0.185515 -0.153022 0.970654 0.384561 -0.981363 0.0215237 0.190955 -0.491764 -0.0501123 -0.987988 -0.146177 0.444784 
1535121333624 0.242317 0.928521 -0.281303 -0.623786 -0.939848 0.296606 0.169441 -0.241219 0.240766 0.223324 0.944541 0.377733 0.182801 -0.150525 0.971559 0.384506 -0.981615 0.0272606 0.188916 -0.491566 -0.0549218 -0.98823 -0.142774 0.444107 
1535121333695 0.242236 0.928498 -0.281449 -0.623315 -0.93977 0.296648 0.169803 -0.24109 0.241153 0.223364 0.944433 0.377876 0.180098 -0.14801 0.972449 0.384451 -0.981833 0.0329913 0.186857 -0.49137 -0.0597392 -0.988435 -0.13938 0.443431 
1535121333969 0.242155 0.928475 -0.281593 -0.622843 -0.939691 0.296689 0.170166 -0.240961 0.24154 0.223404 0.944325 0.378019 0.177406 -0.145479 0.973326 0.384396 -0.982018 0.0387159 0.184777 -0.491172 -0.0645644 -0.988604 -0.135994 0.442754 
1535121334544 0.242103 0.928532 -0.28145 -0.623072 -0.93974 0.29658 0.170084 -0.240997 0.241401 0.223312 0.944382 0.377975 0.178022 -0.145866 0.973155 0.384505 -0.98197 0.0375662 0.185266 -0.491193 -0.0635816 -0.988591 -0.136548 0.443041 
1535121334556 0.242115 0.928487 -0.281588 -0.622768 -0.939683 0.296667 0.17025 -0.240887 0.241613 0.223383 0.944311 0.378079 0.180702 -0.146228 0.972607 0.384582 -0.981877 0.0306209 0.187028 -0.491486 -0.0571308 -0.988777 -0.138045 0.443354 
1535121334563 0.242128 0.928442 -0.281727 -0.622462 -0.939625 0.296755 0.170415 -0.240777 0.241824 0.223455 0.94424 0.378183 0.183386 -0.146571 0.972053 0.38466 -0.981734 0.0236733 0.188782 -0.491786 -0.0506817 -0.988917 -0.139553 0.443667 
1535121334787 0.242141 0.928396 -0.281865 -0.622155 -0.939567 0.296843 0.170579 -0.240666 0.242035 0.223527 0.944169 0.378287 0.186072 -0.146895 0.971493 0.384739 -0.98154 0.0167238 0.190525 -0.492088 -0.0442342 -0.989011 -0.141072 0.44398 
1535121334982 0.242154 0.928351 -0.282004 -0.621849 -0.93951 0.296931 0.170744 -0.240555 0.242246 0.223599 0.944098 0.378391 0.188757 -0.1472 0.970929 0.384817 -0.981296 0.00977338 0.192255 -0.492386 -0.0377892 -0.989058 -0.142602 0.444293 
1535121335085 0.242167 0.928305 -0.282143 -0.621543 -0.939452 0.297019 0.170909 -0.240444 0.242457 0.223671 0.944026 0.378495 0.191445 -0.147486 0.970359 0.384896 -0.981003 0.0028217 0.193974 -0.492687 -0.0313465 -0.98906 -0.144144 0.444606 
1535121335146 0.24218 0.92826 -0.282282 -0.621236 -0.939394 0.297108 0.171073 -0.240334 0.242668 0.223743 0.943955 0.378599 0.194133 -0.147753 0.969784 0.384974 -0.980659 -0.00413061 0.195681 -0.492988 -0.0249066 -0.989016 -0.145697 0.444919 
1535121335389 0.242192 0.928214 -0.28242 -0.62093 -0.939336 0.297196 0.171238 -0.240223 0.242879 0.223815 0.943884 0.378703 0.196822 -0.148001 0.969204 0.385052 -0.980265 -0.011083 0.197376 -0.493287 -0.0184701 -0.988925 -0.147261 0.445232 
1535121335561 0.242205 0.928169 -0.282558 -0.620624 -0.939278 0.297283 0.171403 -0.240112 0.243091 0.223886 0.943812 0.378807 0.199511 -0.148229 0.968619 0.385131 -0.979822 -0.0180353 0.199059 -0.493586 -0.012037 -0.988789 -0.148836 0.445545 
1535121335680 0.242218 0.928123 -0.282698 -0.620318 -0.93922 0.297372 0.171567 -0.240002 0.243302 0.223959 0.943741 0.378912 0.202202 -0.148438 0.968029 0.385209 -0.979328 -0.0249874 0.20073 -0.493888 -0.00560759 -0.988606 -0.150422 0.445858 
1535121336406 0.242251 0.928102 -0.282739 -0.620545 -0.939211 0.297412 0.171547 -0.24008 0.243303 0.223994 0.943732 0.378831 0.20165 -0.148522 0.968131 0.385119 -0.979437 -0.0241504 0.2003 -0.493796 -0.00636817 -0.988614 -0.150338 0.445625 
1535121336415 0.242395 0.928003 -0.28294 -0.620305 -0.939229 0.297535 0.171235 -0.239954 0.243091 0.224239 0.943728 0.378891 0.203194 -0.147989 0.96789 0.385161 -0.979137 -0.0287768 0.201155 -0.493982 -0.00191605 -0.98857 -0.150749 0.445703 
1535121336420 0.242538 0.927904 -0.283144 -0.620062 -0.939247 0.297659 0.170922 -0.239828 0.242879 0.224487 0.943724 0.378951 0.204737 -0.14745 0.967647 0.385204 -0.978814 -0.0334016 0.20201 -0.494173 0.00253466 -0.988505 -0.151164 0.445781 
1535121336616 0.242681 0.927804 -0.283347 -0.61982 -0.939265 0.297782 0.170609 -0.239701 0.242667 0.224734 0.94372 0.379011 0.206277 -0.146903 0.967403 0.385248 -0.978469 -0.0380252 0.202862 -0.494364 0.00698463 -0.98842 -0.151583 0.44586 
1535121336622 0.242825 0.927704 -0.28355 -0.619577 -0.939283 0.297906 0.170295 -0.239575 0.242455 0.224982 0.943715 0.379071 0.207814 -0.146349 0.967158 0.385291 -0.978101 -0.0426475 0.203712 -0.494555 0.0114338 -0.988313 -0.152007 0.445938 
1535121336848 0.242968 0.927604 -0.283754 -0.619335 -0.9393 0.298029 0.169982 -0.239449 0.242243 0.22523 0.943711 0.379131 0.209349 -0.145787 0.966912 0.385334 -0.977712 -0.0472683 0.20456 -0.494745 0.015882 -0.988186 -0.152434 0.446016 
1535121336855 0.243111 0.927505 -0.283957 -0.619092 -0.939318 0.298152 0.169669 -0.239322 0.242031 0.225477 0.943706 0.379191 0.21088 -0.145219 0.966665 0.385378 -0.9773 -0.0518877 0.205406 -0.494937 0.0203293 -0.988038 -0.152864 0.446095 
1535121337081 0.243255 0.927405 -0.28416 -0.61885 -0.939335 0.298275 0.169355 -0.239195 0.241819 0.225725 0.943701 0.379251 0.212409 -0.144643 0.966416 0.385421 -0.976867 -0.0565055 0.206249 -0.495127 0.0247754 -0.987869 -0.153299 0.446173 
1535121337229 0.243398 0.927305 -0.284363 -0.618607 -0.939353 0.298398 0.169042 -0.239068 0.241607 0.225972 0.943696 0.379311 0.213935 -0.14406 0.966167 0.385465 -0.976411 -0.0611217 0.20709 -0.495319 0.0292203 -0.98768 -0.153738 0.446252 
1535121337376 0.243542 0.927205 -0.284566 -0.618365 -0.93937 0.298521 0.168728 -0.238942 0.241395 0.226221 0.943691 0.379371 0.215458 -0.14347 0.965916 0.385508 -0.975933 -0.0657359 0.207928 -0.49551 0.0336639 -0.987469 -0.15418 0.44633 
1535121337977 0.243574 0.927223 -0.28448 -0.618543 -0.939335 0.298562 0.168853 -0.239116 0.241499 0.226093 0.943695 0.379343 0.21507 -0.143591 0.965985 0.385528 -0.976035 -0.0652072 0.207615 -0.495385 0.0331775 -0.987487 -0.154174 0.446308 
1535121337988 0.243672 0.92719 -0.284504 -0.618351 -0.939289 0.298677 0.168899 -0.239033 0.241577 0.226076 0.943679 0.379378 0.212583 -0.143192 0.966594 0.385472 -0.976766 -0.0586267 0.206135 -0.495256 0.0271514 -0.987957 -0.152328 0.445967 
1535121338098 0.243769 0.927157 -0.28453 -0.618157 -0.939245 0.298793 0.168944 -0.23895 0.241653 0.22606 0.943664 0.379412 0.210096 -0.142777 0.967199 0.385414 -0.977453 -0.0520436 0.20464 -0.495123 0.0211187 -0.988386 -0.150491 0.445626 
1535121338105 0.243866 0.927123 -0.284555 -0.617964 -0.9392 0.298909 0.168989 -0.238866 0.241729 0.226043 0.943648 0.379447 0.20761 -0.142344 0.9678 0.385357 -0.978095 -0.0454591 0.203133 -0.49499 0.0150805 -0.988773 -0.148664 0.445285 
1535121338120 0.243964 0.92709 -0.28458 -0.617771 -0.939155 0.299025 0.169033 -0.238783 0.241805 0.226027 0.943632 0.379482 0.205126 -0.141895 0.968395 0.385299 -0.978694 -0.0388732 0.201612 -0.494856 0.00903696 -0.989118 -0.146845 0.444943 
1535121338326 0.244061 0.927057 -0.284605 -0.617577 -0.93911 0.299141 0.169078 -0.2387 0.241882 0.22601 0.943617 0.379516 0.202645 -0.141429 0.968986 0.385242 -0.979248 -0.0322867 0.200079 -0.494724 0.00298848 -0.989422 -0.145036 0.444602 
1535121338333 0.244158 0.927023 -0.28463 -0.617384 -0.939065 0.299256 0.169122 -0.238616 0.241958 0.225994 0.943601 0.379551 0.200165 -0.140946 0.969571 0.385184 -0.979757 -0.0256993 0.198532 -0.494589 -0.00306488 -0.989684 -0.143237 0.444261 
1535121338353 0.244255 0.92699 -0.284655 -0.617191 -0.93902 0.299372 0.169167 -0.238533 0.242034 0.225977 0.943586 0.379586 0.197688 -0.140446 0.970152 0.385126 -0.980223 -0.0191119 0.196973 -0.494457 -0.00912258 -0.989904 -0.141446 0.443919 
1535121338359 0.244353 0.926957 -0.28468 -0.616997 -0.938975 0.299488 0.169212 -0.238449 0.24211 0.22596 0.94357 0.37962 0.195212 -0.139929 0.970728 0.385069 -0.980644 -0.0125243 0.195401 -0.494322 -0.0151846 -0.990082 -0.139666 0.443578 
1535121338605 0.24445 0.926923 -0.284705 -0.616804 -0.93893 0.299604 0.169256 -0.238366 0.242186 0.225944 0.943554 0.379655 0.192739 -0.139396 0.971298 0.385011 -0.98102 -0.00593718 0.193816 -0.494189 -0.0212504 -0.990219 -0.137894 0.443237 
1535121339193 0.244409 0.927034 -0.284382 -0.617001 -0.938956 0.299492 0.169311 -0.238464 0.242127 0.225641 0.943642 0.379709 0.195657 -0.140002 0.970627 0.385089 -0.980572 -0.0137447 0.19568 -0.494406 -0.0140545 -0.990056 -0.139971 0.443918 
1535121339299 0.244511 0.926993 -0.284427 -0.6168 -0.938901 0.299623 0.169382 -0.238365 0.242237 0.225633 0.943616 0.379761 0.197331 -0.138576 0.970493 0.385089 -0.980292 -0.0184129 0.196694 -0.49458 -0.00938747 -0.990181 -0.139478 0.443903 
1535121339312 0.244613 0.926952 -0.284474 -0.616597 -0.938846 0.299755 0.169453 -0.238265 0.242347 0.225627 0.943589 0.379812 0.198998 -0.137142 0.970357 0.38509 -0.979988 -0.0230797 0.197712 -0.494761 -0.00471901 -0.990283 -0.13899 0.443889 
1535121339489 0.244714 0.92691 -0.284521 -0.616395 -0.938792 0.299887 0.169523 -0.238165 0.242457 0.225621 0.943562 0.379864 0.200659 -0.1357 0.970217 0.385091 -0.979661 -0.0277444 0.198731 -0.494941 -4.96406e-05 -0.990361 -0.138507 0.443875 
1535121339495 0.244816 0.926869 -0.284567 -0.616192 -0.938737 0.300019 0.169593 -0.238064 0.242566 0.225615 0.943536 0.379916 0.202312 -0.134249 0.970076 0.385092 -0.97931 -0.0324071 0.199753 -0.495121 0.0046206 -0.990418 -0.138028 0.443861 
1535121339536 0.244918 0.926828 -0.284614 -0.615989 -0.938682 0.300151 0.169664 -0.237964 0.242676 0.225608 0.943509 0.379968 0.203958 -0.132791 0.969932 0.385093 -0.978936 -0.0370675 0.200777 -0.495302 0.00929157 -0.990451 -0.137554 0.443847 
1535121339685 0.245019 0.926787 -0.28466 -0.615787 -0.938627 0.300283 0.169734 -0.237864 0.242786 0.225602 0.943482 0.38002 0.205597 -0.131325 0.969785 0.385094 -0.978537 -0.0417254 0.201802 -0.495481 0.013963 -0.990461 -0.137085 0.443833 
1535121339867 0.245121 0.926746 -0.284707 -0.615584 -0.938572 0.300415 0.169804 -0.237764 0.242895 0.225596 0.943456 0.380072 0.207228 -0.129851 0.969637 0.385095 -0.978115 -0.046381 0.202829 -0.495663 0.0186351 -0.990448 -0.136621 0.443819 
1535121339924 0.245223 0.926704 -0.284754 -0.615381 -0.938517 0.300547 0.169874 -0.237664 0.243005 0.225589 0.943429 0.380124 0.208852 -0.128369 0.969485 0.385096 -0.977669 -0.0510338 0.203858 -0.495842 0.0233074 -0.990412 -0.136161 0.443805 
1535121340053 0.245323 0.926663 -0.2848 -0.615179 -0.938462 0.300678 0.169946 -0.237565 0.243116 0.225583 0.943402 0.380177 0.21047 -0.12688 0.969332 0.385098 -0.9772 -0.0556841 0.204889 -0.496024 0.02798 -0.990354 -0.135707 0.443791 
1535121340382 0.24517 0.926819 -0.284425 -0.6154 -0.938536 0.300432 0.169975 -0.237599 0.242987 0.22527 0.94351 0.38022 0.203504 -0.133093 0.969986 0.385138 -0.979033 -0.0368011 0.200352 -0.495135 0.00903108 -0.99042 -0.137792 0.443826 
1535121340514 0.24522 0.926781 -0.284506 -0.615191 -0.938538 0.30048 0.169875 -0.237515 0.242925 0.225363 0.943504 0.380277 0.203599 -0.13419 0.969815 0.385139 -0.979023 -0.0358395 0.200573 -0.495272 0.0078428 -0.990307 -0.138672 0.443965 
1535121340536 0.245271 0.926743 -0.284587 -0.61498 -0.938541 0.300528 0.169775 -0.23743 0.242864 0.225456 0.943497 0.380341 0.203693 -0.135287 0.969643 0.385141 -0.979012 -0.0348779 0.200795 -0.495411 0.0066542 -0.990192 -0.139552 0.444104 
1535121340725 0.245322 0.926704 -0.284668 -0.614766 -0.938544 0.300577 0.169673 -0.237343 0.242802 0.225549 0.943491 0.380399 0.203787 -0.136383 0.969469 0.385143 -0.979 -0.0339167 0.201019 -0.49555 0.00546564 -0.990075 -0.140431 0.444243 
1535121340813 0.245373 0.926666 -0.28475 -0.614553 -0.938547 0.300625 0.169572 -0.237256 0.24274 0.225642 0.943485 0.380457 0.203879 -0.13748 0.969295 0.385144 -0.978987 -0.0329556 0.201243 -0.495688 0.00427687 -0.989956 -0.14131 0.444382 
1535121340940 0.245424 0.926628 -0.284831 -0.61434 -0.938549 0.300674 0.169471 -0.23717 0.242677 0.225735 0.943478 0.380515 0.203969 -0.138576 0.96912 0.385146 -0.978972 -0.0319946 0.201468 -0.495826 0.00308797 -0.989835 -0.142188 0.444521 
1535121341015 0.245475 0.926589 -0.284912 -0.614127 -0.938552 0.300723 0.169369 -0.237084 0.242615 0.225828 0.943472 0.380573 0.204058 -0.139672 0.968944 0.385148 -0.978957 -0.0310339 0.201694 -0.495964 0.00189906 -0.989711 -0.143066 0.44466 
1535121341152 0.245526 0.926551 -0.284993 -0.613914 -0.938555 0.300771 0.169268 -0.236997 0.242553 0.225922 0.943466 0.380631 0.204146 -0.140769 0.968766 0.385149 -0.97894 -0.0300733 0.20192 -0.496102 0.000710002 -0.989586 -0.143943 0.444799 
1535121341229 0.245577 0.926512 -0.285074 -0.613701 -0.938558 0.30082 0.169166 -0.23691 0.24249 0.226015 0.943459 0.380689 0.204233 -0.141865 0.968588 0.385151 -0.978922 -0.0291131 0.202148 -0.496241 -0.000479058 -0.989458 -0.14482 0.444938 
1535121341364 0.245628 0.926474 -0.285155 -0.613488 -0.93856 0.300868 0.169065 -0.236824 0.242428 0.226108 0.943453 0.380747 0.204318 -0.142961 0.968409 0.385152 -0.978903 -0.028153 0.202376 -0.496379 -0.00166827 -0.989328 -0.145697 0.445077 
1535121341802 0.245459 0.92662 -0.284827 -0.613693 -0.938631 0.300622 0.169111 -0.236876 0.242327 0.225837 0.943544 0.38076 0.204508 -0.13906 0.968937 0.385204 -0.978862 -0.0314367 0.202091 -0.495955 0.00235747 -0.989785 -0.142549 0.444542 
1535121341809 0.245575 0.926619 -0.284727 -0.613383 -0.938591 0.300724 0.16915 -0.236757 0.242362 0.225703 0.943567 0.380845 0.204252 -0.138996 0.969 0.385219 -0.978916 -0.03105 0.201888 -0.496098 0.00202571 -0.989806 -0.142408 0.444513 
1535121341816 0.245694 0.926619 -0.284627 -0.613067 -0.938551 0.300827 0.169188 -0.236635 0.242396 0.225569 0.94359 0.380925 0.203997 -0.138933 0.969063 0.385234 -0.97897 -0.0306639 0.201686 -0.496242 0.00169444 -0.989827 -0.142266 0.444483 
1535121342020 0.245812 0.926618 -0.284528 -0.612751 -0.938512 0.30093 0.169226 -0.236512 0.242431 0.225435 0.943613 0.381005 0.203742 -0.138869 0.969126 0.38525 -0.979024 -0.0302779 0.201484 -0.496385 0.00136311 -0.989848 -0.142125 0.444454 
1535121342027 0.24593 0.926617 -0.284429 -0.612435 -0.938472 0.301033 0.169264 -0.236389 0.242465 0.225301 0.943637 0.381085 0.203487 -0.138805 0.969188 0.385265 -0.979077 -0.0298918 0.201282 -0.496529 0.00103178 -0.989868 -0.141984 0.444424 
1535121342043 0.246048 0.926616 -0.28433 -0.61212 -0.938432 0.301136 0.169302 -0.236267 0.2425 0.225168 0.94366 0.381165 0.203232 -0.138741 0.969251 0.38528 -0.97913 -0.0295058 0.20108 -0.496672 0.000700416 -0.989889 -0.141842 0.444395 
1535121342248 0.246166 0.926615 -0.284231 -0.611804 -0.938392 0.301239 0.16934 -0.236144 0.242534 0.225034 0.943683 0.381245 0.202977 -0.138677 0.969314 0.385295 -0.979183 -0.0291198 0.200878 -0.496815 0.000368956 -0.989909 -0.141701 0.444366 
1535121342252 0.246285 0.926614 -0.284131 -0.611489 -0.938352 0.301341 0.169378 -0.236022 0.242569 0.2249 0.943706 0.381325 0.202722 -0.138613 0.969376 0.38531 -0.979236 -0.0287338 0.200676 -0.496959 3.7539e-05 -0.98993 -0.14156 0.444336 
1535121342333 0.246403 0.926613 -0.284032 -0.611173 -0.938312 0.301444 0.169416 -0.235899 0.242603 0.224766 0.943729 0.381405 0.202467 -0.138549 0.969439 0.385326 -0.979289 -0.0283478 0.200473 -0.497102 -0.000293975 -0.98995 -0.141419 0.444307 
1535121342355 0.246521 0.926612 -0.283933 -0.610857 -0.938272 0.301547 0.169454 -0.235777 0.242637 0.224632 0.943752 0.381485 0.202213 -0.138485 0.969501 0.385341 -0.979341 -0.0279618 0.200271 -0.497246 -0.000625472 -0.98997 -0.141278 0.444277 
1535121342553 0.24604 0.926722 -0.283989 -0.611743 -0.938419 0.30108 0.169473 -0.235998 0.242557 0.224803 0.943732 0.38132 0.202913 -0.138561 0.969344 0.385314 -0.979197 -0.0291165 0.200813 -0.496844 0.0003991 -0.989926 -0.141586 0.444381 
1535121342565 0.246226 0.926733 -0.283793 -0.611409 -0.938363 0.301228 0.16952 -0.235866 0.242586 0.22456 0.943782 0.381392 0.20361 -0.138639 0.969186 0.38534 -0.979051 -0.0304485 0.201327 -0.49711 0.00159841 -0.989875 -0.141935 0.44442 
1535121342750 0.246413 0.926743 -0.283598 -0.611068 -0.938307 0.301377 0.169565 -0.23573 0.242613 0.224319 0.943833 0.38146 0.204307 -0.138717 0.969028 0.385366 -0.978903 -0.0317804 0.20184 -0.497376 0.00279742 -0.989822 -0.142284 0.444459 
1535121342761 0.246599 0.926753 -0.283402 -0.610728 -0.938251 0.301526 0.169611 -0.235593 0.24264 0.224077 0.943883 0.381527 0.205004 -0.138795 0.96887 0.385391 -0.978753 -0.0331122 0.202352 -0.497643 0.00399602 -0.989767 -0.142634 0.444498 
1535121342775 0.246786 0.926763 -0.283207 -0.610388 -0.938195 0.301675 0.169656 -0.235458 0.242667 0.223835 0.943934 0.381595 0.205701 -0.138871 0.968711 0.385417 -0.978601 -0.0344439 0.202863 -0.49791 0.00519441 -0.989711 -0.142984 0.444537 
1535121342980 0.246973 0.926773 -0.283012 -0.610048 -0.938139 0.301824 0.169701 -0.235322 0.242694 0.223593 0.943984 0.381662 0.206398 -0.138946 0.968552 0.385443 -0.978447 -0.0357756 0.203374 -0.498176 0.00639247 -0.989653 -0.143336 0.444575 
