1535138877691 0.214094 0.919873 -0.328628 -0.472386 -0.943936 0.281378 0.172661 -0.171445 0.251295 0.273238 0.928543 0.473969 0.257837 -0.169638 0.95118 0.397104 -0.966123 -0.0338576 0.25585 -0.506851 -0.0111971 -0.984925 -0.172621 0.448754 
1535138877700 0.217545 0.920624 -0.32423 -0.488681 -0.943709 0.283196 0.170921 -0.178552 0.249175 0.268796 0.930409 0.463858 0.246885 -0.165096 0.954878 0.395735 -0.968706 -0.0160036 0.247693 -0.504567 -0.0256117 -0.986148 -0.163881 0.447655 
1535138877710 0.220982 0.921349 -0.319817 -0.504978 -0.943472 0.285017 0.169192 -0.185663 0.247038 0.26435 0.932251 0.453745 0.235975 -0.160346 0.958439 0.394365 -0.970931 0.00181546 0.239354 -0.502283 -0.0401194 -0.987059 -0.155256 0.446556 
1535138878492 0.224406 0.922047 -0.31539 -0.521276 -0.943225 0.286845 0.167471 -0.192776 0.244884 0.259903 0.934068 0.443631 0.225112 -0.155388 0.961862 0.392995 -0.972795 0.0195915 0.230836 -0.499997 -0.0547135 -0.987659 -0.146751 0.445457 
1535138878498 0.227819 0.922718 -0.31095 -0.537574 -0.942968 0.288678 0.165758 -0.199888 0.242712 0.255453 0.93586 0.433517 0.214302 -0.150226 0.965146 0.391625 -0.9743 0.0373169 0.222143 -0.497711 -0.0693879 -0.987947 -0.138368 0.444357 
1535138879030 0.231221 0.923361 -0.306497 -0.55387 -0.942701 0.290519 0.164052 -0.206999 0.240523 0.251003 0.937628 0.423404 0.203549 -0.144861 0.968289 0.390255 -0.975443 0.0549843 0.213279 -0.495426 -0.0841365 -0.987923 -0.130112 0.443258 
1535138879308 0.23461 0.923978 -0.302032 -0.570168 -0.942424 0.292365 0.162356 -0.214111 0.238317 0.246552 0.939371 0.41329 0.192857 -0.139296 0.971289 0.388884 -0.976225 0.0725866 0.204247 -0.493138 -0.0989533 -0.987587 -0.121985 0.442159 
1535138880124 0.237988 0.924567 -0.297553 -0.586465 -0.942137 0.294218 0.160668 -0.221222 0.236093 0.242099 0.941089 0.403177 0.182231 -0.133533 0.974146 0.387514 -0.976644 0.0901162 0.195051 -0.490851 -0.113832 -0.986939 -0.113992 0.441059 
1535138880626 0.241353 0.925129 -0.293062 -0.602763 -0.94184 0.296076 0.158988 -0.228334 0.233853 0.237645 0.942782 0.393063 0.171674 -0.127573 0.976859 0.386143 -0.976702 0.107566 0.185694 -0.488563 -0.128766 -0.985979 -0.106135 0.43996 
1535138880728 0.244706 0.925664 -0.288558 -0.619059 -0.941532 0.297941 0.157316 -0.235445 0.231595 0.233191 0.94445 0.38295 0.161193 -0.121421 0.979425 0.384773 -0.976398 0.124929 0.176182 -0.486277 -0.14375 -0.984708 -0.0984176 0.43886 
1535138882376 0.242413 0.924674 -0.293621 -0.602468 -0.941751 0.296996 0.157794 -0.228779 0.233112 0.238267 0.942808 0.393195 0.162074 -0.12117 0.979311 0.385024 -0.976314 0.124457 0.176977 -0.486235 -0.143326 -0.984799 -0.0981289 0.43918 
1535138882389 0.242979 0.924829 -0.292666 -0.605753 -0.941698 0.297277 0.157577 -0.230155 0.232735 0.237315 0.943142 0.39116 0.164873 -0.121664 0.978782 0.385109 -0.976575 0.11898 0.179291 -0.486557 -0.138269 -0.985414 -0.0991977 0.439811 
1535138882736 0.243544 0.924982 -0.291709 -0.609042 -0.941646 0.297558 0.157362 -0.231532 0.232358 0.236362 0.943474 0.389124 0.166698 -0.122072 0.978422 0.384935 -0.976826 0.114659 0.180732 -0.486674 -0.134248 -0.985876 -0.10013 0.440123 
1535138883037 0.244108 0.925135 -0.290752 -0.612332 -0.941592 0.297839 0.157148 -0.232911 0.23198 0.235409 0.943805 0.387088 0.168525 -0.122472 0.978059 0.384762 -0.977057 0.110335 0.182169 -0.486791 -0.130225 -0.98632 -0.101068 0.440435 
1535138883322 0.244672 0.925286 -0.289795 -0.615621 -0.941539 0.29812 0.156934 -0.234289 0.231602 0.234456 0.944135 0.385052 0.170353 -0.122864 0.977693 0.384588 -0.977268 0.106009 0.183601 -0.486908 -0.126202 -0.986745 -0.102012 0.440747 
1535138883434 0.245235 0.925437 -0.288837 -0.618911 -0.941486 0.298402 0.15672 -0.235667 0.231223 0.233503 0.944464 0.383016 0.172182 -0.123248 0.977325 0.384414 -0.977459 0.10168 0.185028 -0.487024 -0.122179 -0.987153 -0.102962 0.441059 
1535138883467 0.245798 0.925586 -0.287879 -0.6222 -0.941432 0.298683 0.156506 -0.237045 0.230844 0.23255 0.944792 0.38098 0.174012 -0.123623 0.976953 0.384241 -0.977629 0.0973492 0.186451 -0.487141 -0.118155 -0.987543 -0.103918 0.441372 
1535138883621 0.246361 0.925734 -0.28692 -0.625488 -0.941378 0.298965 0.156292 -0.238422 0.230464 0.231596 0.945119 0.378945 0.175843 -0.123991 0.976579 0.384067 -0.97778 0.0930158 0.187869 -0.487258 -0.114131 -0.987914 -0.10488 0.441684 
1535138883993 0.246923 0.925881 -0.285961 -0.628778 -0.941324 0.299247 0.156079 -0.239801 0.230084 0.230643 0.945445 0.376909 0.177675 -0.12435 0.976201 0.383893 -0.97791 0.0886802 0.189282 -0.487374 -0.110107 -0.988268 -0.105847 0.441996 
1535138884082 0.247485 0.926027 -0.285002 -0.632068 -0.941269 0.299529 0.155866 -0.241179 0.229703 0.229689 0.945769 0.374873 0.179508 -0.124701 0.975821 0.38372 -0.97802 0.0843425 0.19069 -0.487491 -0.106083 -0.988603 -0.10682 0.442308 
1535138884734 0.24763 0.92555 -0.286419 -0.628518 -0.941212 0.299926 0.155449 -0.240041 0.22978 0.231088 0.94541 0.376943 0.179211 -0.124671 0.975879 0.383725 -0.978 0.0850732 0.190468 -0.487433 -0.106767 -0.988544 -0.106683 0.442182 
1535138884738 0.247097 0.925305 -0.287668 -0.628727 -0.941209 0.29977 0.155767 -0.240221 0.230366 0.232266 0.944978 0.376954 0.181568 -0.127245 0.975111 0.383782 -0.978192 0.0783367 0.192364 -0.487746 -0.100864 -0.988773 -0.110246 0.442694 
1535138884744 0.246562 0.92506 -0.288915 -0.628936 -0.941206 0.299614 0.156085 -0.240401 0.230951 0.233444 0.944545 0.376964 0.183942 -0.129799 0.974329 0.383841 -0.978339 0.0715918 0.194236 -0.488065 -0.0949657 -0.988952 -0.113819 0.443206 
1535138885181 0.246027 0.924812 -0.290161 -0.629145 -0.941202 0.299459 0.156404 -0.240581 0.231535 0.234621 0.94411 0.376975 0.186331 -0.132336 0.973534 0.383899 -0.978441 0.0648391 0.196084 -0.488384 -0.0890719 -0.989082 -0.117401 0.443719 
1535138885215 0.245491 0.924563 -0.291407 -0.629355 -0.941199 0.299305 0.156722 -0.240761 0.232119 0.235798 0.943674 0.376986 0.188733 -0.134855 0.972725 0.383958 -0.978499 0.0580789 0.197906 -0.488703 -0.0831833 -0.989162 -0.120994 0.444231 
1535138885487 0.244955 0.924312 -0.292652 -0.629564 -0.941194 0.299151 0.157041 -0.240941 0.232702 0.236975 0.943235 0.376996 0.19115 -0.137356 0.971903 0.384016 -0.978512 0.0513118 0.199701 -0.489021 -0.0773003 -0.989192 -0.124596 0.444743 
1535138885720 0.244417 0.924059 -0.293896 -0.629773 -0.94119 0.298996 0.15736 -0.241121 0.233284 0.238151 0.942795 0.377007 0.193581 -0.139839 0.971067 0.384075 -0.978481 0.0445378 0.201473 -0.489341 -0.071423 -0.989172 -0.128208 0.445255 
1535138885908 0.243879 0.923805 -0.29514 -0.629982 -0.941186 0.298843 0.157679 -0.241301 0.233865 0.239327 0.942353 0.377017 0.196025 -0.142304 0.970218 0.384134 -0.978405 0.0377577 0.203218 -0.489659 -0.0655519 -0.989103 -0.131829 0.445768 
1535138885926 0.243339 0.923549 -0.296383 -0.630192 -0.941181 0.298689 0.157999 -0.241481 0.234446 0.240502 0.94191 0.377028 0.198484 -0.144751 0.969356 0.384193 -0.978285 0.0309715 0.204937 -0.489979 -0.0596872 -0.988983 -0.13546 0.44628 
1535138886111 0.2428 0.923292 -0.297625 -0.630401 -0.941175 0.298537 0.158318 -0.241661 0.235026 0.241678 0.941464 0.377038 0.200956 -0.147179 0.968481 0.384251 -0.97812 0.0241799 0.206631 -0.490297 -0.0538294 -0.988814 -0.139099 0.446792 
1535138886365 0.243361 0.923517 -0.296464 -0.63021 -0.941171 0.298729 0.157983 -0.241498 0.234462 0.240576 0.941887 0.376991 0.195678 -0.142006 0.970332 0.384071 -0.978391 0.0391165 0.203028 -0.489561 -0.0667872 -0.989093 -0.131283 0.445565 
1535138886371 0.24269 0.923582 -0.296811 -0.630495 -0.941281 0.298214 0.158302 -0.24176 0.234718 0.240965 0.941724 0.376913 0.197561 -0.142087 0.969939 0.384089 -0.978311 0.0342759 0.204288 -0.489787 -0.0622722 -0.989261 -0.132234 0.445639 
1535138886519 0.242018 0.923647 -0.297159 -0.630784 -0.94139 0.297699 0.15862 -0.242024 0.234973 0.241353 0.941561 0.376834 0.199446 -0.142158 0.969542 0.384108 -0.978205 0.0294333 0.205544 -0.490018 -0.0577566 -0.989406 -0.13319 0.445713 
1535138886685 0.241345 0.923711 -0.297506 -0.631072 -0.941499 0.297184 0.158939 -0.242288 0.235228 0.241742 0.941397 0.376756 0.201331 -0.142221 0.969144 0.384128 -0.978075 0.0245899 0.206795 -0.490249 -0.0532417 -0.989529 -0.134152 0.445787 
1535138886750 0.240673 0.923775 -0.297853 -0.63136 -0.941607 0.296669 0.159259 -0.242551 0.235483 0.242131 0.941233 0.376677 0.203215 -0.142274 0.968742 0.384147 -0.977921 0.0197459 0.208041 -0.49048 -0.0487274 -0.98963 -0.13512 0.445862 
1535138886848 0.24 0.923838 -0.298199 -0.631649 -0.941715 0.296153 0.159578 -0.242815 0.235737 0.24252 0.94107 0.376598 0.2051 -0.142317 0.968339 0.384166 -0.977742 0.0149013 0.209281 -0.490712 -0.0442138 -0.989709 -0.136093 0.445936 
1535138887116 0.239327 0.923901 -0.298546 -0.631937 -0.941823 0.295638 0.159898 -0.243079 0.235991 0.242909 0.940906 0.37652 0.206983 -0.142351 0.967933 0.384185 -0.977539 0.0100564 0.210516 -0.490942 -0.0397013 -0.989765 -0.137073 0.44601 
1535138887177 0.238654 0.923963 -0.298892 -0.632225 -0.94193 0.295124 0.160217 -0.243342 0.236245 0.243299 0.940741 0.376441 0.208866 -0.142376 0.967525 0.384204 -0.977311 0.00521133 0.211746 -0.491173 -0.0351897 -0.989799 -0.138058 0.446085 
1535138887276 0.237981 0.924025 -0.299237 -0.632514 -0.942037 0.294608 0.160537 -0.243606 0.236498 0.243688 0.940577 0.376362 0.21075 -0.142392 0.967114 0.384224 -0.977058 0.000365888 0.212971 -0.491405 -0.0306792 -0.98981 -0.139048 0.446159 
1535138887520 0.237307 0.924086 -0.299583 -0.632802 -0.942143 0.294093 0.160857 -0.24387 0.236752 0.244078 0.940412 0.376284 0.212632 -0.142398 0.966701 0.384243 -0.976782 -0.00447941 0.21419 -0.491636 -0.02617 -0.989799 -0.140044 0.446233 
1535138888114 0.23772 0.92403 -0.299429 -0.632618 -0.942085 0.294412 0.160617 -0.243733 0.23657 0.243906 0.940502 0.376291 0.212266 -0.142369 0.966786 0.384254 -0.976839 -0.00356641 0.213948 -0.491547 -0.0270116 -0.989807 -0.139828 0.44615 
1535138888125 0.237602 0.924286 -0.298732 -0.632833 -0.942243 0.294046 0.160358 -0.243868 0.236058 0.243376 0.940768 0.376148 0.211742 -0.143515 0.966731 0.384259 -0.976951 -0.0036854 0.213433 -0.491543 -0.0270681 -0.989641 -0.140987 0.446312 
1535138888131 0.237483 0.924542 -0.298033 -0.633052 -0.942401 0.29368 0.160101 -0.244005 0.235546 0.242846 0.941033 0.376004 0.211232 -0.144665 0.966671 0.384263 -0.97706 -0.00383181 0.212929 -0.491539 -0.0270993 -0.989473 -0.142156 0.446475 
1535138888352 0.237364 0.924798 -0.297335 -0.63327 -0.942559 0.293314 0.159843 -0.244142 0.235035 0.242315 0.941298 0.37586 0.210722 -0.145816 0.96661 0.384267 -0.977169 -0.00397762 0.212424 -0.491534 -0.02713 -0.989304 -0.143325 0.446637 
1535138888385 0.237244 0.925053 -0.296636 -0.63349 -0.942716 0.292948 0.159585 -0.244279 0.234524 0.241783 0.941562 0.375716 0.210212 -0.146966 0.966546 0.384271 -0.977279 -0.00412282 0.211919 -0.49153 -0.02716 -0.989133 -0.144494 0.446799 
1535138888524 0.237123 0.925307 -0.295937 -0.633709 -0.942874 0.292582 0.159327 -0.244416 0.234012 0.241251 0.941826 0.375572 0.209701 -0.148116 0.966482 0.384276 -0.977387 -0.00426741 0.211414 -0.491526 -0.0271894 -0.988961 -0.145662 0.446962 
1535138888628 0.237003 0.925562 -0.295238 -0.633929 -0.943031 0.292216 0.159068 -0.244553 0.233501 0.240719 0.942089 0.375428 0.209191 -0.149266 0.966415 0.38428 -0.977496 -0.00441151 0.210908 -0.491521 -0.0272182 -0.988787 -0.14683 0.447124 
1535138888761 0.236882 0.925815 -0.294539 -0.634148 -0.943188 0.29185 0.158809 -0.24469 0.232989 0.240187 0.942351 0.375284 0.20868 -0.150416 0.966347 0.384284 -0.977604 -0.00455482 0.210402 -0.491517 -0.0272464 -0.988612 -0.147998 0.447286 
1535138888870 0.23676 0.926068 -0.29384 -0.634368 -0.943344 0.291485 0.15855 -0.244828 0.232478 0.239654 0.942613 0.37514 0.20817 -0.151566 0.966278 0.384289 -0.977712 -0.0046977 0.209897 -0.491512 -0.0272739 -0.988436 -0.149166 0.447448 
1535138888875 0.236638 0.926321 -0.293141 -0.634587 -0.943501 0.291119 0.158291 -0.244964 0.231967 0.239121 0.942875 0.374996 0.20766 -0.152716 0.966207 0.384293 -0.97782 -0.00483993 0.209391 -0.491508 -0.0273009 -0.988258 -0.150334 0.447611 
1535138889234 0.236772 0.926081 -0.293792 -0.63443 -0.94337 0.291458 0.158446 -0.244935 0.232362 0.239639 0.942646 0.375077 0.208182 -0.151674 0.966258 0.384309 -0.977709 -0.00469803 0.209911 -0.491444 -0.0272987 -0.988419 -0.149272 0.447553 
1535138889247 0.237224 0.926158 -0.293184 -0.634475 -0.943318 0.291721 0.15827 -0.244937 0.232111 0.239021 0.942865 0.374968 0.207673 -0.153664 0.966054 0.384332 -0.977746 -0.00257673 0.209776 -0.491496 -0.0297457 -0.98812 -0.150779 0.447741 
1535138889262 0.237674 0.926234 -0.292576 -0.634527 -0.943267 0.291983 0.158094 -0.244942 0.231859 0.238403 0.943083 0.374857 0.207157 -0.155652 0.965846 0.384353 -0.977778 -0.000454335 0.209643 -0.49154 -0.0321924 -0.987812 -0.152287 0.447929 
1535138889279 0.238125 0.926311 -0.291968 -0.634578 -0.943215 0.292245 0.157918 -0.244946 0.231607 0.237784 0.943301 0.374747 0.206637 -0.157638 0.965635 0.384374 -0.977804 0.0016681 0.209513 -0.491585 -0.034638 -0.987496 -0.153795 0.448117 
1535138889457 0.238575 0.926386 -0.291359 -0.634629 -0.943163 0.292508 0.157742 -0.24495 0.231355 0.237166 0.943518 0.374637 0.206111 -0.159623 0.965421 0.384395 -0.977826 0.00379085 0.209386 -0.491631 -0.0370826 -0.987171 -0.155302 0.448305 
1535138889491 0.239026 0.926462 -0.29075 -0.63468 -0.943111 0.29277 0.157567 -0.244955 0.231103 0.236547 0.943736 0.374526 0.205581 -0.161606 0.965205 0.384416 -0.977842 0.00591385 0.209263 -0.491675 -0.0395262 -0.986838 -0.156809 0.448493 
1535138889520 0.239476 0.926536 -0.290142 -0.63473 -0.943059 0.293033 0.157392 -0.244959 0.23085 0.235929 0.943952 0.374416 0.205047 -0.163587 0.964984 0.384438 -0.977852 0.00803695 0.209143 -0.491722 -0.0419688 -0.986496 -0.158316 0.448681 
1535138889686 0.239925 0.92661 -0.289532 -0.634782 -0.943006 0.293295 0.157216 -0.244964 0.230597 0.235311 0.944168 0.374306 0.204507 -0.165567 0.964761 0.384459 -0.977857 0.0101604 0.209026 -0.491766 -0.0444103 -0.986146 -0.159823 0.448869 
1535138889761 0.240375 0.926684 -0.288923 -0.634832 -0.942954 0.293558 0.157041 -0.244968 0.230343 0.234692 0.944384 0.374196 0.203962 -0.167545 0.964535 0.38448 -0.977857 0.0122839 0.208913 -0.491812 -0.0468506 -0.985788 -0.16133 0.449057 
1535138889849 0.240825 0.926757 -0.288313 -0.634884 -0.942901 0.293821 0.156867 -0.244972 0.23009 0.234074 0.9446 0.374085 0.203412 -0.169522 0.964306 0.384502 -0.977852 0.0144077 0.208802 -0.491857 -0.0492899 -0.985421 -0.162836 0.449244 
1535138889977 0.240392 0.926666 -0.288967 -0.634789 -0.94294 0.293591 0.157061 -0.245055 0.230382 0.234722 0.944367 0.374307 0.205801 -0.16083 0.965287 0.384436 -0.977833 0.0050828 0.209323 -0.491596 -0.0385718 -0.986969 -0.156219 0.448481 
1535138889988 0.241092 0.92667 -0.288371 -0.634633 -0.942821 0.294098 0.15683 -0.244943 0.230139 0.234071 0.944588 0.374312 0.20235 -0.158521 0.966398 0.384334 -0.978321 0.0116911 0.206765 -0.491367 -0.0440748 -0.987286 -0.152719 0.447761 
1535138889995 0.241793 0.926673 -0.287775 -0.634476 -0.9427 0.294606 0.156599 -0.24483 0.229896 0.233421 0.944808 0.374318 0.19891 -0.156187 0.967492 0.384231 -0.978762 0.0182929 0.20418 -0.491131 -0.0495885 -0.987558 -0.149231 0.44704 
1535138890006 0.242493 0.926675 -0.287178 -0.634319 -0.94258 0.295114 0.156368 -0.244717 0.229653 0.23277 0.945028 0.374323 0.195481 -0.153828 0.968568 0.384128 -0.979158 0.0248876 0.201571 -0.490896 -0.0551127 -0.987784 -0.145757 0.446319 
1535138890224 0.243192 0.926676 -0.286582 -0.634162 -0.942459 0.295621 0.156138 -0.244604 0.229409 0.23212 0.945247 0.374328 0.192063 -0.151445 0.969627 0.384025 -0.979507 0.0314751 0.198936 -0.490661 -0.060647 -0.987964 -0.142296 0.445598 
1535138890231 0.243892 0.926676 -0.285985 -0.634004 -0.942338 0.296129 0.155908 -0.244491 0.229165 0.23147 0.945466 0.374334 0.188656 -0.149038 0.970668 0.383921 -0.97981 0.0380549 0.196276 -0.490425 -0.0661913 -0.988099 -0.13885 0.444877 
1535138890413 0.244591 0.926676 -0.285388 -0.633848 -0.942216 0.296637 0.155679 -0.244378 0.228921 0.230819 0.945684 0.374339 0.185262 -0.146607 0.971692 0.383818 -0.980067 0.0446264 0.193592 -0.490191 -0.071745 -0.988188 -0.135417 0.444156 
1535138890535 0.24529 0.926675 -0.28479 -0.63369 -0.942094 0.297145 0.15545 -0.244265 0.228675 0.230169 0.945902 0.374345 0.18188 -0.144151 0.972697 0.383715 -0.980277 0.0511897 0.190883 -0.489955 -0.0773081 -0.988231 -0.131998 0.443435 
1535138890541 0.245989 0.926674 -0.284192 -0.633533 -0.941971 0.297653 0.155221 -0.244152 0.22843 0.229518 0.946119 0.37435 0.17851 -0.141672 0.973685 0.383612 -0.980441 0.0577439 0.18815 -0.48972 -0.08288 -0.988228 -0.128593 0.442714 
1535138890618 0.246688 0.926671 -0.283595 -0.633376 -0.941848 0.298161 0.154992 -0.244039 0.228184 0.228868 0.946336 0.374355 0.175151 -0.139169 0.974656 0.383508 -0.980559 0.0642892 0.185392 -0.489484 -0.0884607 -0.98818 -0.125203 0.441993 
1535138891273 0.245983 0.926671 -0.284207 -0.63357 -0.941929 0.297693 0.155399 -0.244113 0.22861 0.229477 0.946085 0.374379 0.17901 -0.141694 0.97359 0.383713 -0.980472 0.0562104 0.188456 -0.489762 -0.081429 -0.988313 -0.128865 0.443214 
1535138891279 0.246195 0.92667 -0.284027 -0.633221 -0.941915 0.297825 0.155233 -0.243986 0.22844 0.229312 0.946167 0.374481 0.178516 -0.141369 0.973728 0.383711 -0.980472 0.0574216 0.188089 -0.489816 -0.0825031 -0.98829 -0.128358 0.442995 
1535138891292 0.246407 0.926668 -0.283848 -0.632869 -0.9419 0.297957 0.155068 -0.243858 0.228271 0.229147 0.946247 0.374583 0.178021 -0.141044 0.973866 0.383709 -0.980471 0.0586327 0.18772 -0.489868 -0.0835771 -0.988266 -0.127851 0.442776 
1535138891314 0.24662 0.926666 -0.28367 -0.632516 -0.941885 0.298089 0.154903 -0.243729 0.228102 0.228982 0.946328 0.374686 0.177527 -0.140717 0.974003 0.383707 -0.980468 0.0598435 0.187351 -0.489921 -0.0846513 -0.98824 -0.127345 0.442557 
1535138891408 0.246832 0.926664 -0.283491 -0.632163 -0.941871 0.298221 0.154737 -0.2436 0.227932 0.228817 0.946409 0.374788 0.177033 -0.14039 0.974141 0.383705 -0.980464 0.0610542 0.186982 -0.489973 -0.0857257 -0.988212 -0.126839 0.442338 
1535138891489 0.247045 0.926662 -0.283312 -0.631809 -0.941856 0.298353 0.154572 -0.243471 0.227763 0.228653 0.946489 0.374891 0.17654 -0.140062 0.974277 0.383703 -0.980459 0.0622646 0.186611 -0.490025 -0.0868002 -0.988183 -0.126333 0.442119 
1535138891677 0.247257 0.926661 -0.283133 -0.631457 -0.941841 0.298485 0.154406 -0.243343 0.227593 0.228488 0.94657 0.374993 0.176047 -0.139734 0.974414 0.383701 -0.980452 0.0634747 0.186241 -0.490078 -0.0878748 -0.988152 -0.125828 0.4419 
1535138891735 0.24747 0.926658 -0.282954 -0.631103 -0.941827 0.298618 0.154241 -0.243214 0.227424 0.228323 0.94665 0.375096 0.175554 -0.139405 0.97455 0.383699 -0.980443 0.0646849 0.185868 -0.49013 -0.0889496 -0.98812 -0.125323 0.44168 
1535138891773 0.247682 0.926656 -0.282774 -0.630751 -0.941812 0.29875 0.154076 -0.243085 0.227254 0.228158 0.946731 0.375199 0.175061 -0.139076 0.974685 0.383696 -0.980433 0.0658947 0.185496 -0.490183 -0.0900245 -0.988087 -0.124819 0.441461 
1535138891879 0.247894 0.926654 -0.282595 -0.630397 -0.941797 0.298882 0.15391 -0.242956 0.227084 0.227994 0.946811 0.375302 0.174569 -0.138745 0.974821 0.383694 -0.980422 0.0671043 0.185123 -0.490235 -0.0910996 -0.988052 -0.124315 0.441242 
1535138892144 0.247251 0.926782 -0.282739 -0.630978 -0.941875 0.298382 0.1544 -0.243096 0.227459 0.228129 0.946689 0.375187 0.175249 -0.139171 0.974638 0.383723 -0.980442 0.0653838 0.185629 -0.490122 -0.0895597 -0.988107 -0.124991 0.44156 
1535138892159 0.247099 0.926736 -0.283022 -0.630501 -0.941742 0.298457 0.155066 -0.242917 0.228175 0.228217 0.946495 0.375335 0.178136 -0.139285 0.974098 0.383844 -0.980481 0.0585875 0.18768 -0.490534 -0.0832111 -0.988518 -0.12613 0.441751 
1535138892328 0.246948 0.92669 -0.283306 -0.630022 -0.941608 0.298533 0.155732 -0.242737 0.228891 0.228306 0.946301 0.375484 0.181024 -0.13938 0.973552 0.383966 -0.980471 0.0517876 0.189725 -0.490953 -0.0768617 -0.988884 -0.127283 0.441942 
1535138892340 0.246796 0.926644 -0.283589 -0.629541 -0.941474 0.298609 0.156397 -0.242556 0.229607 0.228394 0.946106 0.375633 0.183913 -0.139455 0.973 0.384088 -0.98041 0.044985 0.191761 -0.491373 -0.0705123 -0.989206 -0.128449 0.442133 
1535138892532 0.246644 0.926597 -0.283874 -0.629062 -0.941339 0.298686 0.157063 -0.242376 0.230323 0.228483 0.945911 0.375782 0.186799 -0.139509 0.972442 0.38421 -0.9803 0.0381806 0.193787 -0.49179 -0.0641635 -0.989484 -0.129629 0.442324 
1535138892635 0.246492 0.926551 -0.284157 -0.628582 -0.941203 0.298762 0.157728 -0.242195 0.231038 0.228571 0.945715 0.375931 0.189686 -0.139544 0.971878 0.384332 -0.980141 0.0313742 0.195804 -0.49221 -0.0578151 -0.989719 -0.130822 0.442515 
1535138892916 0.246339 0.926505 -0.28444 -0.628102 -0.941067 0.298838 0.158393 -0.242014 0.231754 0.228659 0.945519 0.37608 0.192572 -0.139559 0.971308 0.384454 -0.979932 0.0245663 0.197812 -0.492629 -0.0514678 -0.989909 -0.132027 0.442706 
1535138892923 0.246187 0.926458 -0.284724 -0.627623 -0.940931 0.298915 0.159058 -0.241834 0.232469 0.228748 0.945321 0.376229 0.195456 -0.139553 0.970733 0.384576 -0.979674 0.0177575 0.199809 -0.493047 -0.0451218 -0.990055 -0.133246 0.442897 
1535138893165 0.246034 0.926411 -0.285007 -0.627143 -0.940794 0.298991 0.159723 -0.241654 0.233184 0.228836 0.945124 0.376377 0.198339 -0.139528 0.970151 0.384698 -0.979366 0.0109479 0.201797 -0.493465 -0.0387775 -0.990158 -0.134478 0.443087 
1535138893212 0.24588 0.926365 -0.28529 -0.626663 -0.940656 0.299068 0.160388 -0.241473 0.233899 0.228924 0.944926 0.376527 0.201221 -0.139482 0.969564 0.384821 -0.979009 0.00413772 0.203777 -0.493885 -0.032435 -0.990216 -0.135722 0.443279 
1535138893890 0.245733 0.926482 -0.285038 -0.626872 -0.940812 0.298769 0.160033 -0.241481 0.233428 0.228842 0.945062 0.376519 0.19782 -0.139735 0.970227 0.384581 -0.979447 0.0115944 0.201369 -0.493362 -0.0393876 -0.990121 -0.13457 0.442995 
1535138893901 0.245801 0.926358 -0.285381 -0.626382 -0.940732 0.298954 0.160154 -0.241299 0.233675 0.229101 0.944938 0.37669 0.196245 -0.139767 0.970543 0.384601 -0.979605 0.0156175 0.200326 -0.493268 -0.0431565 -0.990061 -0.133852 0.442771 
1535138894116 0.245869 0.926235 -0.285723 -0.625888 -0.940653 0.299138 0.160274 -0.241114 0.233922 0.22936 0.944815 0.376863 0.194668 -0.139793 0.970856 0.38462 -0.979746 0.0196398 0.199278 -0.493169 -0.0469252 -0.989986 -0.133139 0.442547 
1535138894243 0.245937 0.926111 -0.286066 -0.625395 -0.940574 0.299322 0.160394 -0.24093 0.234168 0.22962 0.94469 0.377035 0.193091 -0.139813 0.971169 0.384639 -0.97987 0.0236617 0.198227 -0.493071 -0.0506943 -0.989895 -0.13243 0.442322 
1535138894389 0.246005 0.925987 -0.286409 -0.6249 -0.940495 0.299506 0.160514 -0.240745 0.234415 0.229879 0.944566 0.377207 0.191513 -0.139826 0.971479 0.384658 -0.979978 0.0276834 0.197173 -0.492972 -0.0544638 -0.989789 -0.131725 0.442098 
1535138894694 0.246072 0.925863 -0.286752 -0.624406 -0.940416 0.29969 0.160634 -0.24056 0.234661 0.230139 0.944442 0.37738 0.189935 -0.139833 0.971788 0.384677 -0.980068 0.0317047 0.196115 -0.492873 -0.0582335 -0.989667 -0.131024 0.441873 
1535138894826 0.246139 0.925739 -0.287094 -0.623912 -0.940337 0.299875 0.160754 -0.240376 0.234908 0.230398 0.944317 0.377552 0.188357 -0.139833 0.972095 0.384696 -0.980142 0.0357253 0.195055 -0.492775 -0.0620035 -0.98953 -0.130327 0.441649 
1535138894928 0.246207 0.925614 -0.287437 -0.623417 -0.940258 0.300059 0.160873 -0.240191 0.235155 0.230657 0.944193 0.377724 0.186778 -0.139827 0.9724 0.384715 -0.980198 0.0397456 0.193991 -0.492676 -0.0657737 -0.989378 -0.129634 0.441424 
1535138895257 0.246274 0.92549 -0.28778 -0.622924 -0.940178 0.300243 0.160993 -0.240007 0.235401 0.230916 0.944068 0.377896 0.185199 -0.139814 0.972704 0.384734 -0.980237 0.0437651 0.192924 -0.492578 -0.0695439 -0.98921 -0.128946 0.4412 
1535138895304 0.246341 0.925366 -0.288122 -0.62243 -0.940099 0.300427 0.161113 -0.239822 0.235648 0.231175 0.943943 0.378069 0.18362 -0.139795 0.973006 0.384753 -0.98026 0.0477839 0.191854 -0.49248 -0.0733141 -0.989027 -0.128261 0.440976 
1535138895823 0.246333 0.925452 -0.28785 -0.622621 -0.940151 0.300324 0.161004 -0.239891 0.23545 0.230962 0.944044 0.377997 0.184144 -0.139889 0.972894 0.384752 -0.980213 0.0469955 0.192287 -0.492554 -0.0726203 -0.989051 -0.128467 0.441043 
1535138895837 0.246314 0.925343 -0.288217 -0.622328 -0.94007 0.300453 0.161231 -0.239772 0.235789 0.231231 0.943894 0.378111 0.186114 -0.139816 0.972529 0.384812 -0.980248 0.0409706 0.193482 -0.492779 -0.066897 -0.98933 -0.129429 0.441239 
1535138895845 0.246296 0.925234 -0.288584 -0.622032 -0.93999 0.300583 0.161457 -0.239651 0.236129 0.2315 0.943743 0.378226 0.188086 -0.139731 0.972162 0.384874 -0.980246 0.034944 0.194672 -0.49301 -0.0611729 -0.989573 -0.130398 0.441435 
1535138896100 0.246278 0.925124 -0.288951 -0.621736 -0.93991 0.300714 0.161682 -0.23953 0.236468 0.231769 0.943592 0.37834 0.190057 -0.139633 0.971793 0.384935 -0.980206 0.0289161 0.195857 -0.493243 -0.0554485 -0.989781 -0.131373 0.441632 
1535138896286 0.24626 0.925014 -0.289318 -0.621441 -0.939829 0.300844 0.161908 -0.23941 0.236807 0.232038 0.943441 0.378455 0.192026 -0.139523 0.971421 0.384996 -0.980129 0.0228875 0.197035 -0.493472 -0.0497244 -0.989954 -0.132356 0.441828 
1535138896292 0.246242 0.924904 -0.289685 -0.621145 -0.939748 0.300975 0.162134 -0.23929 0.237146 0.232307 0.94329 0.37857 0.193994 -0.139402 0.971048 0.385058 -0.980015 0.0168581 0.198206 -0.493704 -0.0440003 -0.990092 -0.133345 0.442024 
1535138896545 0.246223 0.924794 -0.290052 -0.620848 -0.939667 0.301105 0.162359 -0.239169 0.237485 0.232576 0.943138 0.378684 0.195962 -0.139268 0.970672 0.38512 -0.979864 0.0108282 0.199371 -0.493936 -0.0382767 -0.990196 -0.134342 0.44222 
1535138896735 0.246204 0.924684 -0.290419 -0.620553 -0.939587 0.301236 0.162585 -0.239049 0.237824 0.232845 0.942986 0.378799 0.197928 -0.139122 0.970294 0.385181 -0.979676 0.00479828 0.20053 -0.494167 -0.0325538 -0.990264 -0.135345 0.442417 
1535138896845 0.246186 0.924573 -0.290786 -0.620258 -0.939506 0.301367 0.16281 -0.238928 0.238163 0.233114 0.942834 0.378913 0.199892 -0.138964 0.969913 0.385242 -0.97945 -0.00123166 0.201681 -0.494397 -0.0268318 -0.990297 -0.136355 0.442613 
1535138896932 0.246167 0.924463 -0.291153 -0.619961 -0.939425 0.301497 0.163035 -0.238808 0.238502 0.233382 0.942682 0.379028 0.201856 -0.138794 0.969531 0.385304 -0.979188 -0.00726155 0.202827 -0.49463 -0.0211108 -0.990295 -0.137371 0.442809 
1535138897434 0.245953 0.924665 -0.290693 -0.620175 -0.939562 0.301133 0.162916 -0.238808 0.23818 0.233054 0.942845 0.379016 0.199462 -0.138978 0.97 0.385245 -0.97951 -0.000154795 0.201396 -0.494309 -0.0278394 -0.990295 -0.136161 0.442459 
1535138897566 0.246072 0.924612 -0.290761 -0.619939 -0.939527 0.301262 0.162879 -0.23874 0.238195 0.233098 0.94283 0.379066 0.200836 -0.139604 0.969627 0.385301 -0.979309 -0.00348876 0.202339 -0.49451 -0.0248646 -0.990201 -0.137416 0.442694 
1535138897582 0.246191 0.924558 -0.290831 -0.6197 -0.939492 0.301391 0.162841 -0.23867 0.23821 0.233144 0.942815 0.379117 0.202213 -0.140226 0.969251 0.385359 -0.979097 -0.00682424 0.203279 -0.494718 -0.0218907 -0.990096 -0.138675 0.442929 
1535138897753 0.246309 0.924504 -0.290901 -0.619462 -0.939458 0.301521 0.162803 -0.2386 0.238225 0.23319 0.9428 0.379168 0.203591 -0.140843 0.968873 0.385417 -0.978873 -0.0101602 0.204215 -0.494925 -0.0189184 -0.98998 -0.139936 0.443164 
1535138897792 0.246428 0.92445 -0.290972 -0.619223 -0.939423 0.30165 0.162765 -0.238531 0.23824 0.233235 0.942785 0.379219 0.204971 -0.141455 0.968492 0.385475 -0.978638 -0.0134968 0.205147 -0.495132 -0.0159476 -0.989853 -0.1412 0.443399 
1535138898018 0.246547 0.924397 -0.291042 -0.618984 -0.939388 0.301779 0.162727 -0.238461 0.238255 0.233281 0.94277 0.37927 0.206353 -0.142062 0.96811 0.385533 -0.978392 -0.0168338 0.206074 -0.49534 -0.0129785 -0.989715 -0.142466 0.443635 
1535138898040 0.246666 0.924343 -0.291112 -0.618746 -0.939353 0.301908 0.162689 -0.238392 0.23827 0.233327 0.942755 0.379321 0.207736 -0.142665 0.967725 0.38559 -0.978134 -0.020171 0.206997 -0.495546 -0.0100111 -0.989566 -0.143735 0.44387 
1535138898185 0.246785 0.924289 -0.291182 -0.618507 -0.939318 0.302038 0.162651 -0.238322 0.238285 0.233373 0.942739 0.379372 0.209121 -0.143262 0.967339 0.385648 -0.977864 -0.0235088 0.207915 -0.495755 -0.00704536 -0.989406 -0.145007 0.444105 
1535138898418 0.246903 0.924235 -0.291252 -0.618269 -0.939283 0.302167 0.162613 -0.238252 0.2383 0.233418 0.942724 0.379423 0.210507 -0.143855 0.96695 0.385706 -0.977584 -0.0268468 0.208828 -0.495961 -0.00408145 -0.989235 -0.146282 0.44434 
1535138898459 0.247022 0.924181 -0.291322 -0.61803 -0.939248 0.302296 0.162575 -0.238183 0.238314 0.233464 0.942709 0.379474 0.211895 -0.144443 0.966559 0.385764 -0.977292 -0.0301852 0.209737 -0.49617 -0.00111923 -0.989053 -0.147559 0.444575 
1535138898883 0.246815 0.924294 -0.29114 -0.618289 -0.939313 0.302056 0.162645 -0.238165 0.238273 0.233329 0.942753 0.379479 0.211463 -0.144276 0.966679 0.385715 -0.977384 -0.0289772 0.20948 -0.496071 -0.00221115 -0.989113 -0.14714 0.444385 
1535138898896 0.246913 0.924157 -0.291494 -0.618073 -0.939273 0.302226 0.162561 -0.2381 0.238328 0.233654 0.942659 0.379554 0.212862 -0.144202 0.966383 0.385767 -0.977082 -0.0314357 0.210528 -0.49628 2.03317e-05 -0.989049 -0.147589 0.444477 
1535138899021 0.247013 0.924019 -0.291844 -0.617858 -0.939233 0.302397 0.162475 -0.238032 0.238383 0.233976 0.942565 0.37963 0.214261 -0.144126 0.966085 0.38582 -0.976774 -0.0338947 0.211575 -0.496494 0.00225165 -0.988979 -0.148041 0.444569 
1535138899146 0.247114 0.923881 -0.292195 -0.617642 -0.939192 0.302568 0.162389 -0.237965 0.238437 0.234298 0.942471 0.379706 0.215661 -0.144046 0.965785 0.385874 -0.976458 -0.0363533 0.212622 -0.496708 0.00448228 -0.988903 -0.148494 0.444661 
1535138899250 0.247215 0.923744 -0.292545 -0.617427 -0.939152 0.302739 0.162304 -0.237898 0.238492 0.23462 0.942377 0.379782 0.21706 -0.143962 0.965484 0.385927 -0.976135 -0.0388118 0.213667 -0.496923 0.00671226 -0.988822 -0.148951 0.444754 
1535138899479 0.247315 0.923606 -0.292894 -0.617211 -0.939112 0.30291 0.162219 -0.23783 0.238547 0.234941 0.942283 0.379858 0.218458 -0.143875 0.965182 0.385981 -0.975805 -0.0412699 0.214711 -0.497138 0.00894155 -0.988735 -0.149409 0.444846 
1535138899486 0.247415 0.923468 -0.293245 -0.616996 -0.939071 0.303081 0.162133 -0.237763 0.238601 0.235264 0.942189 0.379933 0.219855 -0.143784 0.964878 0.386034 -0.975469 -0.0437276 0.215752 -0.497351 0.01117 -0.988643 -0.149871 0.444938 
1535138899645 0.247516 0.92333 -0.293594 -0.616779 -0.939031 0.303251 0.162047 -0.237695 0.238656 0.235585 0.942095 0.380009 0.221253 -0.14369 0.964573 0.386087 -0.975124 -0.0461851 0.216793 -0.497567 0.0133979 -0.988544 -0.150334 0.445031 
1535138899872 0.247616 0.923192 -0.293945 -0.616564 -0.938991 0.303422 0.161961 -0.237628 0.238711 0.235907 0.942 0.380085 0.222649 -0.143592 0.964266 0.386141 -0.974773 -0.0486421 0.217832 -0.49778 0.0156249 -0.988441 -0.1508 0.445123 
1535138899921 0.247717 0.923053 -0.294295 -0.616349 -0.93895 0.303593 0.161876 -0.237561 0.238766 0.236229 0.941906 0.380161 0.224045 -0.143491 0.963958 0.386194 -0.974415 -0.0510987 0.218869 -0.497994 0.0178512 -0.988332 -0.151268 0.445215 
1535138900430 0.247754 0.923111 -0.294081 -0.616515 -0.938945 0.303586 0.161916 -0.237713 0.238746 0.236011 0.941966 0.380065 0.223358 -0.143651 0.964093 0.386076 -0.974582 -0.0505255 0.21826 -0.497985 0.0173581 -0.988338 -0.151285 0.445161 
1535138900443 0.247841 0.923146 -0.293898 -0.616363 -0.938919 0.30364 0.161967 -0.237629 0.238759 0.235804 0.942014 0.380105 0.22134 -0.143057 0.964647 0.386031 -0.975109 -0.0457411 0.216957 -0.497855 0.0130868 -0.988657 -0.14962 0.444892 
1535138900572 0.247929 0.923181 -0.293715 -0.616211 -0.938893 0.303695 0.162017 -0.237544 0.238771 0.235598 0.942063 0.380145 0.219321 -0.142453 0.965197 0.385985 -0.975613 -0.0409558 0.215643 -0.49772 0.00881131 -0.988954 -0.147962 0.444622 
1535138900595 0.248017 0.923215 -0.293532 -0.616058 -0.938866 0.30375 0.162067 -0.237459 0.238783 0.235392 0.942111 0.380185 0.217305 -0.141839 0.965743 0.385938 -0.976093 -0.0361704 0.214321 -0.497585 0.00453219 -0.989229 -0.146308 0.444352 
1535138900737 0.248105 0.92325 -0.293349 -0.615905 -0.93884 0.303805 0.162117 -0.237375 0.238796 0.235185 0.942159 0.380224 0.21529 -0.141215 0.966286 0.385892 -0.97655 -0.0313851 0.21299 -0.497449 0.000249508 -0.989481 -0.144661 0.444082 
1535138900743 0.248193 0.923284 -0.293166 -0.615753 -0.938814 0.30386 0.162167 -0.23729 0.238808 0.234979 0.942208 0.380264 0.213278 -0.140581 0.966824 0.385846 -0.976983 -0.0266001 0.211651 -0.497315 -0.00403653 -0.989712 -0.143019 0.443812 
1535138900788 0.248281 0.923319 -0.292983 -0.6156 -0.938787 0.303914 0.162217 -0.237205 0.23882 0.234773 0.942256 0.380304 0.211267 -0.139937 0.967359 0.385799 -0.977393 -0.0218153 0.210303 -0.497179 -0.00832601 -0.98992 -0.141383 0.443542 
1535138901014 0.248369 0.923353 -0.2928 -0.615448 -0.938761 0.303969 0.162267 -0.237121 0.238832 0.234567 0.942304 0.380344 0.209259 -0.139283 0.96789 0.385753 -0.977779 -0.017031 0.208946 -0.497045 -0.0126186 -0.990106 -0.139752 0.443272 
1535138901072 0.248457 0.923388 -0.292617 -0.615295 -0.938734 0.304024 0.162317 -0.237036 0.238844 0.234361 0.942353 0.380384 0.207253 -0.13862 0.968417 0.385706 -0.978141 -0.0122472 0.207581 -0.496909 -0.0169144 -0.99027 -0.138128 0.443002 
1535138901216 0.248545 0.923422 -0.292434 -0.615143 -0.938708 0.304079 0.162367 -0.236951 0.238857 0.234155 0.942401 0.380424 0.205249 -0.137946 0.968939 0.38566 -0.97848 -0.00746416 0.206208 -0.496774 -0.0212131 -0.990412 -0.136509 0.442732 
1535138901301 0.248464 0.923354 -0.292716 -0.615366 -0.938734 0.304047 0.16228 -0.237127 0.238841 0.234462 0.942328 0.380339 0.213749 -0.140592 0.966719 0.385937 -0.976884 -0.0278438 0.211948 -0.497395 -0.00288105 -0.989676 -0.143294 0.444077 
1535138901314 0.248507 0.923315 -0.292803 -0.615105 -0.938684 0.304141 0.162388 -0.237017 0.238989 0.234495 0.942283 0.38045 0.212637 -0.140278 0.96701 0.385906 -0.977117 -0.025231 0.2112 -0.497401 -0.00522806 -0.989791 -0.142433 0.443908 
1535138901331 0.248552 0.923275 -0.292891 -0.614841 -0.938635 0.304235 0.162495 -0.236906 0.239135 0.234529 0.942237 0.380562 0.211524 -0.13996 0.9673 0.385874 -0.977343 -0.0226186 0.210448 -0.497402 -0.00757547 -0.989899 -0.141574 0.443738 
1535138901477 0.248596 0.923235 -0.292979 -0.614577 -0.938586 0.30433 0.162602 -0.236794 0.239282 0.234564 0.942191 0.380674 0.210412 -0.13964 0.967588 0.385843 -0.977562 -0.0200063 0.209694 -0.497404 -0.00992382 -0.99 -0.140716 0.443568 
1535138901507 0.24864 0.923195 -0.293067 -0.614313 -0.938537 0.304424 0.162709 -0.236683 0.239429 0.234598 0.942145 0.380786 0.209301 -0.139317 0.967876 0.385811 -0.977774 -0.0173941 0.208937 -0.497405 -0.0122731 -0.990095 -0.139861 0.443399 
1535138901772 0.248685 0.923156 -0.293155 -0.61405 -0.938488 0.304518 0.162816 -0.236572 0.239576 0.234632 0.942099 0.380898 0.20819 -0.13899 0.968163 0.385779 -0.977979 -0.0147822 0.208179 -0.497407 -0.0146232 -0.990183 -0.139007 0.443229 
1535138901777 0.248729 0.923116 -0.293243 -0.613785 -0.938439 0.304613 0.162923 -0.23646 0.239723 0.234667 0.942053 0.38101 0.207079 -0.138661 0.968448 0.385747 -0.978177 -0.0121703 0.207417 -0.497408 -0.0169743 -0.990265 -0.138155 0.443059 
1535138901932 0.248773 0.923076 -0.293331 -0.613521 -0.938389 0.304707 0.16303 -0.236349 0.239869 0.234701 0.942007 0.381122 0.20597 -0.138328 0.968732 0.385715 -0.978368 -0.00955867 0.206653 -0.49741 -0.0193262 -0.99034 -0.137305 0.44289 
1535138901939 0.248818 0.923036 -0.293419 -0.613256 -0.93834 0.304802 0.163137 -0.236237 0.240016 0.234736 0.941961 0.381234 0.20486 -0.137993 0.969015 0.385683 -0.978551 -0.0069471 0.205887 -0.49741 -0.0216791 -0.990409 -0.136456 0.44272 
1535138902142 0.248862 0.922996 -0.293507 -0.612992 -0.938291 0.304897 0.163244 -0.236126 0.240163 0.23477 0.941916 0.381346 0.203751 -0.137655 0.969297 0.385651 -0.978728 -0.0043359 0.205118 -0.497412 -0.0240327 -0.990471 -0.13561 0.44255 
1535138902540 0.248931 0.923025 -0.293357 -0.613195 -0.938308 0.304901 0.163138 -0.236265 0.240025 0.234649 0.941981 0.381314 0.204352 -0.137849 0.969143 0.385715 -0.978629 -0.00558904 0.205557 -0.497391 -0.0229193 -0.990437 -0.136046 0.442685 
1535138902567 0.249079 0.923016 -0.29326 -0.612929 -0.938292 0.305002 0.163041 -0.236147 0.239935 0.234554 0.942028 0.381378 0.205563 -0.138139 0.968845 0.385746 -0.978452 -0.00938757 0.206263 -0.497633 -0.0193979 -0.990368 -0.137092 0.442856 
1535138902682 0.249228 0.923006 -0.293164 -0.61266 -0.938275 0.305105 0.162944 -0.236028 0.239844 0.234458 0.942074 0.381441 0.206778 -0.138424 0.968546 0.385779 -0.978259 -0.0131878 0.206967 -0.49788 -0.0158761 -0.990285 -0.138141 0.443027 
1535138902688 0.249377 0.922996 -0.293068 -0.612391 -0.938259 0.305207 0.162847 -0.235909 0.239754 0.234363 0.942121 0.381505 0.207993 -0.138703 0.968246 0.385811 -0.978052 -0.016988 0.207666 -0.498127 -0.0123554 -0.990188 -0.139192 0.443199 
1535138902818 0.249526 0.922987 -0.292972 -0.612123 -0.938242 0.30531 0.16275 -0.235789 0.239663 0.234268 0.942168 0.381569 0.209209 -0.138978 0.967944 0.385844 -0.977831 -0.0207883 0.208362 -0.498375 -0.00883576 -0.990077 -0.140246 0.44337 
1535138902825 0.249675 0.922977 -0.292876 -0.611854 -0.938226 0.305413 0.162652 -0.23567 0.239572 0.234173 0.942214 0.381633 0.210427 -0.139248 0.967642 0.385877 -0.977595 -0.0245884 0.209053 -0.498623 -0.00531733 -0.989952 -0.141302 0.443542 
1535138902973 0.249824 0.922967 -0.292779 -0.611585 -0.938209 0.305515 0.162555 -0.235551 0.239482 0.234078 0.942261 0.381697 0.211644 -0.139513 0.967338 0.385909 -0.977345 -0.0283883 0.209739 -0.49887 -0.00180025 -0.989813 -0.142361 0.443713 
1535138903237 0.249973 0.922957 -0.292683 -0.611316 -0.938193 0.305618 0.162458 -0.235432 0.239391 0.233983 0.942308 0.381761 0.212863 -0.139773 0.967033 0.385942 -0.977081 -0.0321882 0.210422 -0.499118 0.00171563 -0.98966 -0.143422 0.443885 
1535138903350 0.250122 0.922947 -0.292587 -0.611048 -0.938176 0.30572 0.162361 -0.235313 0.2393 0.233888 0.942354 0.381825 0.214082 -0.140029 0.966727 0.385975 -0.976802 -0.0359876 0.2111 -0.499365 0.00523005 -0.989493 -0.144485 0.444056 
1535138903436 0.250272 0.922937 -0.292491 -0.610779 -0.938159 0.305823 0.162263 -0.235193 0.239209 0.233793 0.942401 0.381889 0.215302 -0.14028 0.96642 0.386008 -0.976508 -0.0397869 0.211774 -0.499614 0.00874316 -0.989312 -0.145551 0.444228 
1535138903804 0.25013 0.922961 -0.292537 -0.611027 -0.938122 0.30577 0.162581 -0.235214 0.239505 0.233769 0.942332 0.381841 0.213842 -0.139963 0.96679 0.385999 -0.97686 -0.034774 0.211035 -0.499213 0.00408199 -0.989546 -0.14416 0.443853 
1535138903818 0.250285 0.922909 -0.292568 -0.610631 -0.938055 0.305947 0.16263 -0.235049 0.239603 0.233741 0.942314 0.381934 0.214712 -0.138929 0.966746 0.386002 -0.976633 -0.0400178 0.211157 -0.499344 0.0093513 -0.989493 -0.144275 0.443859 
1535138903833 0.250439 0.922857 -0.292599 -0.610231 -0.937989 0.306124 0.162679 -0.234882 0.239701 0.233713 0.942296 0.382028 0.215577 -0.13789 0.966702 0.386006 -0.976377 -0.04526 0.211279 -0.499479 0.0146197 -0.989413 -0.14439 0.443865 
1535138903840 0.250594 0.922806 -0.29263 -0.609831 -0.937923 0.306302 0.162728 -0.234716 0.239799 0.233686 0.942278 0.382121 0.216437 -0.136846 0.966658 0.38601 -0.976094 -0.0505008 0.211401 -0.499614 0.0198877 -0.989304 -0.144505 0.443871 
1535138904056 0.250749 0.922754 -0.292661 -0.609431 -0.937856 0.306479 0.162777 -0.234549 0.239897 0.233658 0.94226 0.382215 0.217292 -0.135798 0.966614 0.386015 -0.975783 -0.0557401 0.211522 -0.49975 0.0251549 -0.989167 -0.144621 0.443877 
