1537386584279 0.209524 0.920398 -0.330101 -0.474562 -0.945457 0.276814 0.171712 -0.174462 0.24942 0.276118 0.928196 0.473198 0.16008 -0.304787 0.938871 0.370831 -0.775623 0.549475 0.310623 -0.528794 -0.61056 -0.777934 -0.14844 0.432481 
1537386584293 0.212765 0.921039 -0.326217 -0.490789 -0.944855 0.279003 0.171482 -0.182236 0.248957 0.271742 0.929611 0.463303 0.316225 -0.384867 0.86711 0.400813 -0.930002 -0.30626 0.203228 -0.504337 0.187345 -0.870679 -0.454774 0.485882 
1537386585258 0.216001 0.921656 -0.322326 -0.507015 -0.944247 0.28119 0.171261 -0.190012 0.248478 0.267363 0.931008 0.453407 0.316225 -0.384867 0.86711 0.400813 -0.930002 -0.30626 0.203228 -0.504337 0.187345 -0.870679 -0.454774 0.485882 
1537386586259 0.219234 0.922247 -0.318428 -0.523242 -0.943631 0.283376 0.171049 -0.197788 0.247984 0.262979 0.932387 0.443511 0.316225 -0.384867 0.86711 0.400813 -0.930002 -0.30626 0.203228 -0.504337 0.187345 -0.870679 -0.454774 0.485882 
1537386587182 0.222463 0.922814 -0.314523 -0.539468 -0.943009 0.285561 0.170847 -0.205563 0.247475 0.258591 0.933749 0.433615 0.316225 -0.384867 0.86711 0.400813 -0.930002 -0.30626 0.203228 -0.504337 0.187345 -0.870679 -0.454774 0.485882 
1537386588216 0.225688 0.923355 -0.310612 -0.555692 -0.94238 0.287745 0.170654 -0.213338 0.246951 0.2542 0.935092 0.42372 0.316225 -0.384867 0.86711 0.400813 -0.930002 -0.30626 0.203228 -0.504337 0.187345 -0.870679 -0.454774 0.485882 
1537386589278 0.22891 0.923871 -0.306695 -0.571915 -0.941744 0.289928 0.17047 -0.221111 0.246412 0.249806 0.936418 0.413825 0.316225 -0.384867 0.86711 0.400813 -0.930002 -0.30626 0.203228 -0.504337 0.187345 -0.870679 -0.454774 0.485882 
1537386590335 0.232128 0.924362 -0.302772 -0.588133 -0.941101 0.292111 0.170295 -0.228883 0.245857 0.245409 0.937725 0.40393 0.316225 -0.384867 0.86711 0.400813 -0.930002 -0.30626 0.203228 -0.504337 0.187345 -0.870679 -0.454774 0.485882 
1537386591471 0.235343 0.924828 -0.298844 -0.604344 -0.940451 0.294293 0.170128 -0.236651 0.245287 0.24101 0.939015 0.394037 0.316225 -0.384867 0.86711 0.400813 -0.930002 -0.30626 0.203228 -0.504337 0.187345 -0.870679 -0.454774 0.485882 
1537386592487 0.238748 0.925104 -0.295266 -0.618689 -0.939755 0.296714 0.169767 -0.243465 0.244662 0.236946 0.940211 0.384512 0.316379 -0.384993 0.866998 0.401317 -0.929989 -0.306181 0.203405 -0.505249 0.187149 -0.870651 -0.454908 0.48631 
1537386593537 0.239778 0.924721 -0.295632 -0.618402 -0.939544 0.297711 0.169188 -0.243814 0.244465 0.237192 0.9402 0.38488 0.16008 -0.304787 0.938871 0.370831 -0.775623 0.549475 0.310623 -0.528794 -0.61056 -0.777934 -0.14844 0.432481 
1537386593552 0.239976 0.924818 -0.295165 -0.620241 -0.939503 0.297805 0.169252 -0.244653 0.244429 0.236692 0.940336 0.383817 0.316241 -0.38488 0.867098 0.400864 -0.930001 -0.306251 0.203246 -0.504429 0.187325 -0.870677 -0.454788 0.485926 
1537386593926 0.240174 0.924916 -0.294699 -0.622079 -0.939462 0.297899 0.169316 -0.245491 0.244394 0.236193 0.94047 0.382753 0.316241 -0.38488 0.867098 0.400864 -0.930001 -0.306251 0.203246 -0.504429 0.187325 -0.870677 -0.454788 0.485926 
1537386594303 0.240372 0.925013 -0.294233 -0.623917 -0.93942 0.297993 0.16938 -0.246329 0.244358 0.235694 0.940605 0.38169 0.316241 -0.38488 0.867098 0.400864 -0.930001 -0.306251 0.203246 -0.504429 0.187325 -0.870677 -0.454788 0.485926 
1537386594701 0.24057 0.925109 -0.293766 -0.625754 -0.939379 0.298087 0.169443 -0.247167 0.244321 0.235195 0.940739 0.380627 0.316241 -0.38488 0.867098 0.400864 -0.930001 -0.306251 0.203246 -0.504429 0.187325 -0.870677 -0.454788 0.485926 
1537386595139 0.240768 0.925206 -0.2933 -0.627591 -0.939338 0.298181 0.169507 -0.248005 0.244285 0.234696 0.940873 0.379564 0.316241 -0.38488 0.867098 0.400864 -0.930001 -0.306251 0.203246 -0.504429 0.187325 -0.870677 -0.454788 0.485926 
1537386595146 0.240966 0.925302 -0.292834 -0.629427 -0.939296 0.298275 0.169571 -0.248842 0.244249 0.234197 0.941007 0.378502 0.316241 -0.38488 0.867098 0.400864 -0.930001 -0.306251 0.203246 -0.504429 0.187325 -0.870677 -0.454788 0.485926 
1537386595813 0.241165 0.925398 -0.292367 -0.631263 -0.939255 0.29837 0.169634 -0.249679 0.244213 0.233698 0.941141 0.377439 0.316241 -0.38488 0.867098 0.400864 -0.930001 -0.306251 0.203246 -0.504429 0.187325 -0.870677 -0.454788 0.485926 
1537386596159 0.241363 0.925493 -0.291901 -0.633098 -0.939214 0.298464 0.169698 -0.250516 0.244176 0.233199 0.941274 0.376377 0.316241 -0.38488 0.867098 0.400864 -0.930001 -0.306251 0.203246 -0.504429 0.187325 -0.870677 -0.454788 0.485926 
1537386596529 0.241626 0.925532 -0.291561 -0.634243 -0.939158 0.29864 0.169693 -0.251012 0.244128 0.23282 0.94138 0.375449 0.316531 -0.385118 0.866887 0.401814 -0.929976 -0.306103 0.20358 -0.50615 0.186955 -0.870623 -0.455042 0.486735 
1537386596949 0.24187 0.92539 -0.291808 -0.634053 -0.939042 0.298969 0.169759 -0.251 0.244335 0.23296 0.941292 0.37568 0.16008 -0.304787 0.938871 0.370831 -0.775623 0.549475 0.310623 -0.528794 -0.61056 -0.777934 -0.14844 0.432481 
1537386596954 0.241188 0.925026 -0.293521 -0.634785 -0.939082 0.298764 0.1699 -0.251209 0.244855 0.234662 0.940733 0.375743 0.316241 -0.38488 0.867098 0.400864 -0.930001 -0.306251 0.203246 -0.504429 0.187325 -0.870677 -0.454788 0.485926 
1537386597136 0.240505 0.924659 -0.295233 -0.635518 -0.939121 0.298559 0.170042 -0.251418 0.245376 0.236363 0.940172 0.375807 0.316241 -0.38488 0.867098 0.400864 -0.930001 -0.306251 0.203246 -0.504429 0.187325 -0.870677 -0.454788 0.485926 
1537386597348 0.239822 0.924289 -0.296944 -0.63625 -0.93916 0.298355 0.170185 -0.251626 0.245895 0.238064 0.939607 0.37587 0.316241 -0.38488 0.867098 0.400864 -0.930001 -0.306251 0.203246 -0.504429 0.187325 -0.870677 -0.454788 0.485926 
1537386597536 0.239137 0.923915 -0.298654 -0.636982 -0.939199 0.298151 0.170328 -0.251835 0.246413 0.239763 0.939039 0.375934 0.316241 -0.38488 0.867098 0.400864 -0.930001 -0.306251 0.203246 -0.504429 0.187325 -0.870677 -0.454788 0.485926 
1537386597756 0.238451 0.923539 -0.300362 -0.637714 -0.939237 0.297947 0.170471 -0.252044 0.246929 0.241462 0.938468 0.375997 0.316241 -0.38488 0.867098 0.400864 -0.930001 -0.306251 0.203246 -0.504429 0.187325 -0.870677 -0.454788 0.485926 
1537386597970 0.237765 0.923158 -0.30207 -0.638446 -0.939276 0.297744 0.170615 -0.252253 0.247444 0.243161 0.937893 0.376061 0.316241 -0.38488 0.867098 0.400864 -0.930001 -0.306251 0.203246 -0.504429 0.187325 -0.870677 -0.454788 0.485926 
1537386598209 0.237077 0.922775 -0.303777 -0.639178 -0.939314 0.29754 0.170759 -0.252461 0.247958 0.244859 0.937316 0.376124 0.316241 -0.38488 0.867098 0.400864 -0.930001 -0.306251 0.203246 -0.504429 0.187325 -0.870677 -0.454788 0.485926 
1537386598395 0.236389 0.922389 -0.305482 -0.63991 -0.939352 0.297337 0.170904 -0.25267 0.248471 0.246556 0.936735 0.376188 0.316241 -0.38488 0.867098 0.400864 -0.930001 -0.306251 0.203246 -0.504429 0.187325 -0.870677 -0.454788 0.485926 
1537386598618 0.235715 0.921985 -0.307217 -0.640474 -0.939387 0.297154 0.171031 -0.252796 0.248979 0.248281 0.936144 0.376283 0.316531 -0.385118 0.866887 0.401814 -0.929976 -0.306103 0.20358 -0.50615 0.186955 -0.870623 -0.455042 0.486735 
1537386598890 0.236205 0.922242 -0.306067 -0.640094 -0.939345 0.297325 0.170967 -0.252732 0.248674 0.247119 0.936533 0.376271 0.16008 -0.304787 0.938871 0.370831 -0.775623 0.549475 0.310623 -0.528794 -0.61056 -0.777934 -0.14844 0.432481 
1537386598955 0.235454 0.922181 -0.306828 -0.640496 -0.939495 0.296792 0.171068 -0.252857 0.248819 0.247985 0.936265 0.376386 0.316241 -0.38488 0.867098 0.400864 -0.930001 -0.306251 0.203246 -0.504429 0.187325 -0.870677 -0.454788 0.485926 
1537386598967 0.234706 0.922155 -0.307478 -0.640876 -0.939652 0.296234 0.171171 -0.25296 0.248932 0.248748 0.936033 0.376507 0.316241 -0.38488 0.867098 0.400864 -0.930001 -0.306251 0.203246 -0.504429 0.187325 -0.870677 -0.454788 0.485926 
1537386599216 0.233958 0.922128 -0.308128 -0.641255 -0.939809 0.295675 0.171275 -0.253063 0.249044 0.24951 0.9358 0.376628 0.316241 -0.38488 0.867098 0.400864 -0.930001 -0.306251 0.203246 -0.504429 0.187325 -0.870677 -0.454788 0.485926 
1537386599389 0.23321 0.9221 -0.308778 -0.641634 -0.939965 0.295117 0.17138 -0.253165 0.249155 0.250273 0.935567 0.37675 0.316241 -0.38488 0.867098 0.400864 -0.930001 -0.306251 0.203246 -0.504429 0.187325 -0.870677 -0.454788 0.485926 
1537386599563 0.232462 0.922072 -0.309428 -0.642013 -0.940121 0.294559 0.171484 -0.253268 0.249266 0.251036 0.935333 0.376871 0.316241 -0.38488 0.867098 0.400864 -0.930001 -0.306251 0.203246 -0.504429 0.187325 -0.870677 -0.454788 0.485926 
1537386599568 0.231713 0.922042 -0.310078 -0.642392 -0.940277 0.294 0.171589 -0.253371 0.249376 0.251799 0.935098 0.376992 0.316241 -0.38488 0.867098 0.400864 -0.930001 -0.306251 0.203246 -0.504429 0.187325 -0.870677 -0.454788 0.485926 
1537386599820 0.230965 0.922011 -0.310727 -0.642771 -0.940432 0.293442 0.171695 -0.253474 0.249485 0.252562 0.934863 0.377113 0.316241 -0.38488 0.867098 0.400864 -0.930001 -0.306251 0.203246 -0.504429 0.187325 -0.870677 -0.454788 0.485926 
1537386599973 0.230216 0.921979 -0.311376 -0.643151 -0.940587 0.292884 0.171801 -0.253577 0.249594 0.253325 0.934628 0.377234 0.316241 -0.38488 0.867098 0.400864 -0.930001 -0.306251 0.203246 -0.504429 0.187325 -0.870677 -0.454788 0.485926 
1537386600167 0.229478 0.921937 -0.312045 -0.643416 -0.940739 0.292339 0.171895 -0.253624 0.2497 0.254107 0.934387 0.377377 0.316531 -0.385118 0.866887 0.401814 -0.929976 -0.306103 0.20358 -0.50615 0.186955 -0.870623 -0.455042 0.486735 
1537386600297 0.230176 0.922043 -0.311218 -0.643162 -0.940603 0.29281 0.171839 -0.25355 0.249571 0.253179 0.934674 0.377302 0.16008 -0.304787 0.938871 0.370831 -0.775623 0.549475 0.310623 -0.528794 -0.61056 -0.777934 -0.14844 0.432481 
1537386600313 0.229886 0.922195 -0.310981 -0.643282 -0.940697 0.292469 0.171907 -0.253638 0.249483 0.25302 0.93474 0.3773 0.316241 -0.38488 0.867098 0.400864 -0.930001 -0.306251 0.203246 -0.504429 0.187325 -0.870677 -0.454788 0.485926 
1537386600324 0.229597 0.922347 -0.310743 -0.643403 -0.94079 0.292127 0.171975 -0.253727 0.249397 0.252859 0.934807 0.377298 0.316241 -0.38488 0.867098 0.400864 -0.930001 -0.306251 0.203246 -0.504429 0.187325 -0.870677 -0.454788 0.485926 
1537386600494 0.229307 0.922499 -0.310505 -0.643523 -0.940884 0.291785 0.172042 -0.253816 0.24931 0.252699 0.934873 0.377296 0.316241 -0.38488 0.867098 0.400864 -0.930001 -0.306251 0.203246 -0.504429 0.187325 -0.870677 -0.454788 0.485926 
1537386600551 0.229017 0.922651 -0.310267 -0.643643 -0.940978 0.291443 0.17211 -0.253904 0.249223 0.252538 0.93494 0.377294 0.316241 -0.38488 0.867098 0.400864 -0.930001 -0.306251 0.203246 -0.504429 0.187325 -0.870677 -0.454788 0.485926 
1537386600563 0.228728 0.922803 -0.310029 -0.643764 -0.941071 0.291101 0.172178 -0.253993 0.249136 0.252377 0.935006 0.377292 0.316241 -0.38488 0.867098 0.400864 -0.930001 -0.306251 0.203246 -0.504429 0.187325 -0.870677 -0.454788 0.485926 
1537386600749 0.228438 0.922955 -0.309791 -0.643884 -0.941164 0.290759 0.172246 -0.254081 0.24905 0.252217 0.935073 0.37729 0.316241 -0.38488 0.867098 0.400864 -0.930001 -0.306251 0.203246 -0.504429 0.187325 -0.870677 -0.454788 0.485926 
1537386600808 0.228148 0.923106 -0.309553 -0.644005 -0.941258 0.290417 0.172313 -0.25417 0.248963 0.252056 0.935139 0.377288 0.316241 -0.38488 0.867098 0.400864 -0.930001 -0.306251 0.203246 -0.504429 0.187325 -0.870677 -0.454788 0.485926 
1537386600953 0.227858 0.923258 -0.309315 -0.644125 -0.941351 0.290075 0.172381 -0.254258 0.248877 0.251895 0.935205 0.377286 0.316241 -0.38488 0.867098 0.400864 -0.930001 -0.306251 0.203246 -0.504429 0.187325 -0.870677 -0.454788 0.485926 
1537386601031 0.227576 0.923402 -0.309091 -0.644165 -0.941442 0.289742 0.17244 -0.254307 0.248789 0.251748 0.935268 0.377299 0.316531 -0.385118 0.866887 0.401814 -0.929976 -0.306103 0.20358 -0.50615 0.186955 -0.870623 -0.455042 0.486735 
1537386601169 0.22785 0.923205 -0.30948 -0.644084 -0.941316 0.290135 0.172469 -0.254101 0.249015 0.252021 0.935135 0.377278 0.16008 -0.304787 0.938871 0.370831 -0.775623 0.549475 0.310623 -0.528794 -0.61056 -0.777934 -0.14844 0.432481 
1537386601187 0.228028 0.923152 -0.309506 -0.644048 -0.941233 0.29035 0.172562 -0.254122 0.249166 0.251968 0.935109 0.377268 0.316241 -0.38488 0.867098 0.400864 -0.930001 -0.306251 0.203246 -0.504429 0.187325 -0.870677 -0.454788 0.485926 
1537386601205 0.228207 0.923099 -0.309533 -0.644011 -0.94115 0.290564 0.172656 -0.254143 0.249318 0.251916 0.935082 0.377257 0.316241 -0.38488 0.867098 0.400864 -0.930001 -0.306251 0.203246 -0.504429 0.187325 -0.870677 -0.454788 0.485926 
1537386601342 0.228385 0.923045 -0.30956 -0.643975 -0.941066 0.290778 0.172749 -0.254164 0.249469 0.251863 0.935056 0.377247 0.316241 -0.38488 0.867098 0.400864 -0.930001 -0.306251 0.203246 -0.504429 0.187325 -0.870677 -0.454788 0.485926 
1537386601363 0.228563 0.922992 -0.309587 -0.643938 -0.940983 0.290992 0.172843 -0.254185 0.24962 0.251811 0.93503 0.377237 0.316241 -0.38488 0.867098 0.400864 -0.930001 -0.306251 0.203246 -0.504429 0.187325 -0.870677 -0.454788 0.485926 
1537386601378 0.228741 0.922939 -0.309614 -0.643902 -0.9409 0.291206 0.172937 -0.254206 0.249771 0.251758 0.935004 0.377226 0.316241 -0.38488 0.867098 0.400864 -0.930001 -0.306251 0.203246 -0.504429 0.187325 -0.870677 -0.454788 0.485926 
1537386601394 0.228919 0.922886 -0.309641 -0.643865 -0.940816 0.29142 0.17303 -0.254228 0.249923 0.251706 0.934977 0.377216 0.316241 -0.38488 0.867098 0.400864 -0.930001 -0.306251 0.203246 -0.504429 0.187325 -0.870677 -0.454788 0.485926 
1537386601411 0.229097 0.922833 -0.309668 -0.643829 -0.940733 0.291634 0.173124 -0.254248 0.250074 0.251653 0.934951 0.377206 0.316241 -0.38488 0.867098 0.400864 -0.930001 -0.306251 0.203246 -0.504429 0.187325 -0.870677 -0.454788 0.485926 
1537386601426 0.229275 0.92278 -0.309695 -0.643792 -0.940649 0.291848 0.173217 -0.25427 0.250225 0.2516 0.934925 0.377195 0.316241 -0.38488 0.867098 0.400864 -0.930001 -0.306251 0.203246 -0.504429 0.187325 -0.870677 -0.454788 0.485926 
1537386601510 0.229452 0.922727 -0.30972 -0.643769 -0.940566 0.292061 0.173312 -0.254297 0.250377 0.251546 0.934899 0.377183 0.316531 -0.385118 0.866887 0.401814 -0.929976 -0.306103 0.20358 -0.50615 0.186955 -0.870623 -0.455042 0.486735 
1537386601552 0.228683 0.922957 -0.309604 -0.643937 -0.940966 0.291096 0.172758 -0.254305 0.249573 0.25182 0.93504 0.377305 0.16008 -0.304787 0.938871 0.370831 -0.775623 0.549475 0.310623 -0.528794 -0.61056 -0.777934 -0.14844 0.432481 
1537386601567 0.229201 0.92285 -0.309538 -0.643709 -0.940796 0.291619 0.172804 -0.254231 0.24974 0.251606 0.935053 0.377363 0.316241 -0.38488 0.867098 0.400864 -0.930001 -0.306251 0.203246 -0.504429 0.187325 -0.870677 -0.454788 0.485926 
1537386601583 0.22972 0.922743 -0.309475 -0.643481 -0.940625 0.292143 0.172848 -0.254157 0.249905 0.251394 0.935066 0.377421 0.316241 -0.38488 0.867098 0.400864 -0.930001 -0.306251 0.203246 -0.504429 0.187325 -0.870677 -0.454788 0.485926 
1537386601809 0.230239 0.922635 -0.309411 -0.643253 -0.940454 0.292666 0.172893 -0.254083 0.250071 0.251181 0.935079 0.377479 0.316241 -0.38488 0.867098 0.400864 -0.930001 -0.306251 0.203246 -0.504429 0.187325 -0.870677 -0.454788 0.485926 
1537386601819 0.230757 0.922526 -0.309347 -0.643025 -0.940283 0.29319 0.172937 -0.254009 0.250237 0.250968 0.935092 0.377537 0.316241 -0.38488 0.867098 0.400864 -0.930001 -0.306251 0.203246 -0.504429 0.187325 -0.870677 -0.454788 0.485926 
1537386602045 0.231276 0.922418 -0.309284 -0.642797 -0.940112 0.293713 0.172982 -0.253934 0.250402 0.250755 0.935105 0.377595 0.316241 -0.38488 0.867098 0.400864 -0.930001 -0.306251 0.203246 -0.504429 0.187325 -0.870677 -0.454788 0.485926 
1537386602170 0.231795 0.922309 -0.30922 -0.642569 -0.93994 0.294236 0.173027 -0.25386 0.250568 0.250541 0.935118 0.377653 0.316241 -0.38488 0.867098 0.400864 -0.930001 -0.306251 0.203246 -0.504429 0.187325 -0.870677 -0.454788 0.485926 
1537386602277 0.232313 0.9222 -0.309156 -0.642341 -0.939768 0.294759 0.173071 -0.253786 0.250733 0.250328 0.93513 0.377711 0.316241 -0.38488 0.867098 0.400864 -0.930001 -0.306251 0.203246 -0.504429 0.187325 -0.870677 -0.454788 0.485926 
1537386602427 0.232832 0.922091 -0.309092 -0.642113 -0.939595 0.295282 0.173116 -0.253712 0.250898 0.250115 0.935143 0.377769 0.316241 -0.38488 0.867098 0.400864 -0.930001 -0.306251 0.203246 -0.504429 0.187325 -0.870677 -0.454788 0.485926 
1537386602565 0.233341 0.921989 -0.309011 -0.641984 -0.939425 0.295793 0.173171 -0.253687 0.251065 0.249884 0.93516 0.377808 0.316531 -0.385118 0.866887 0.401814 -0.929976 -0.306103 0.20358 -0.50615 0.186955 -0.870623 -0.455042 0.486735 
1537386602672 0.232696 0.922101 -0.309165 -0.642196 -0.939648 0.295148 0.173058 -0.253731 0.250826 0.250237 0.93513 0.377678 0.16008 -0.304787 0.938871 0.370831 -0.775623 0.549475 0.310623 -0.528794 -0.61056 -0.777934 -0.14844 0.432481 
1537386602680 0.233108 0.922038 -0.309042 -0.6418 -0.939565 0.295496 0.172915 -0.253581 0.250755 0.250057 0.935197 0.377793 0.316241 -0.38488 0.867098 0.400864 -0.930001 -0.306251 0.203246 -0.504429 0.187325 -0.870677 -0.454788 0.485926 
1537386602818 0.23352 0.921975 -0.308918 -0.641404 -0.939482 0.295844 0.172772 -0.253431 0.250683 0.249877 0.935264 0.377909 0.316241 -0.38488 0.867098 0.400864 -0.930001 -0.306251 0.203246 -0.504429 0.187325 -0.870677 -0.454788 0.485926 
1537386603033 0.233932 0.921912 -0.308794 -0.641008 -0.939399 0.296191 0.172629 -0.253281 0.250611 0.249697 0.935332 0.378024 0.316241 -0.38488 0.867098 0.400864 -0.930001 -0.306251 0.203246 -0.504429 0.187325 -0.870677 -0.454788 0.485926 
1537386603239 0.234343 0.921849 -0.30867 -0.640613 -0.939315 0.296539 0.172487 -0.253131 0.25054 0.249518 0.935399 0.37814 0.316241 -0.38488 0.867098 0.400864 -0.930001 -0.306251 0.203246 -0.504429 0.187325 -0.870677 -0.454788 0.485926 
1537386603251 0.234755 0.921786 -0.308546 -0.640217 -0.939232 0.296886 0.172344 -0.252981 0.250468 0.249338 0.935466 0.378255 0.316241 -0.38488 0.867098 0.400864 -0.930001 -0.306251 0.203246 -0.504429 0.187325 -0.870677 -0.454788 0.485926 
1537386603456 0.235167 0.921722 -0.308422 -0.639821 -0.939148 0.297234 0.172202 -0.25283 0.250396 0.249158 0.935533 0.378371 0.316241 -0.38488 0.867098 0.400864 -0.930001 -0.306251 0.203246 -0.504429 0.187325 -0.870677 -0.454788 0.485926 
1537386603739 0.235578 0.921659 -0.308298 -0.639425 -0.939064 0.297581 0.172059 -0.25268 0.250324 0.248978 0.9356 0.378486 0.316241 -0.38488 0.867098 0.400864 -0.930001 -0.306251 0.203246 -0.504429 0.187325 -0.870677 -0.454788 0.485926 
1537386603957 0.23599 0.921595 -0.308174 -0.639029 -0.93898 0.297929 0.171917 -0.25253 0.250252 0.248798 0.935667 0.378602 0.316241 -0.38488 0.867098 0.400864 -0.930001 -0.306251 0.203246 -0.504429 0.187325 -0.870677 -0.454788 0.485926 
1537386604171 0.236386 0.921545 -0.308021 -0.638792 -0.938898 0.298257 0.171791 -0.252459 0.250182 0.248591 0.935741 0.378687 0.316531 -0.385118 0.866887 0.401814 -0.929976 -0.306103 0.20358 -0.50615 0.186955 -0.870623 -0.455042 0.486735 
1537386604337 0.236226 0.92151 -0.308248 -0.638975 -0.938919 0.298168 0.171835 -0.252651 0.250257 0.248828 0.935658 0.378637 0.16008 -0.304787 0.938871 0.370831 -0.775623 0.549475 0.310623 -0.528794 -0.61056 -0.777934 -0.14844 0.432481 
1537386604361 0.236392 0.921435 -0.308346 -0.638443 -0.938858 0.298362 0.171831 -0.252435 0.25033 0.248874 0.935626 0.378805 0.316241 -0.38488 0.867098 0.400864 -0.930001 -0.306251 0.203246 -0.504429 0.187325 -0.870677 -0.454788 0.485926 
1537386604605 0.236557 0.921359 -0.308445 -0.637911 -0.938797 0.298557 0.171828 -0.252218 0.250404 0.24892 0.935594 0.378973 0.316241 -0.38488 0.867098 0.400864 -0.930001 -0.306251 0.203246 -0.504429 0.187325 -0.870677 -0.454788 0.485926 
1537386604881 0.236722 0.921284 -0.308543 -0.637379 -0.938735 0.298751 0.171825 -0.252002 0.250477 0.248965 0.935563 0.379141 0.316241 -0.38488 0.867098 0.400864 -0.930001 -0.306251 0.203246 -0.504429 0.187325 -0.870677 -0.454788 0.485926 
1537386605129 0.236888 0.921208 -0.308641 -0.636847 -0.938674 0.298946 0.171822 -0.251785 0.250551 0.249011 0.935531 0.379309 0.316241 -0.38488 0.867098 0.400864 -0.930001 -0.306251 0.203246 -0.504429 0.187325 -0.870677 -0.454788 0.485926 
1537386605359 0.237053 0.921133 -0.308739 -0.636315 -0.938612 0.29914 0.171819 -0.251569 0.250625 0.249056 0.935499 0.379477 0.316241 -0.38488 0.867098 0.400864 -0.930001 -0.306251 0.203246 -0.504429 0.187325 -0.870677 -0.454788 0.485926 
1537386605617 0.237218 0.921057 -0.308838 -0.635783 -0.938551 0.299335 0.171816 -0.251352 0.250698 0.249102 0.935467 0.379645 0.316241 -0.38488 0.867098 0.400864 -0.930001 -0.306251 0.203246 -0.504429 0.187325 -0.870677 -0.454788 0.485926 
1537386605879 0.237384 0.920982 -0.308936 -0.635251 -0.938489 0.299529 0.171813 -0.251135 0.250772 0.249148 0.935435 0.379813 0.316241 -0.38488 0.867098 0.400864 -0.930001 -0.306251 0.203246 -0.504429 0.187325 -0.870677 -0.454788 0.485926 
1537386606125 0.237549 0.920906 -0.309034 -0.634719 -0.938428 0.299724 0.17181 -0.250919 0.250846 0.249193 0.935403 0.379981 0.316241 -0.38488 0.867098 0.400864 -0.930001 -0.306251 0.203246 -0.504429 0.187325 -0.870677 -0.454788 0.485926 
1537386606375 0.237694 0.920849 -0.309095 -0.634392 -0.93837 0.299893 0.171829 -0.250806 0.250924 0.249203 0.93538 0.38011 0.316531 -0.385118 0.866887 0.401814 -0.929976 -0.306103 0.20358 -0.50615 0.186955 -0.870623 -0.455042 0.486735 
1537386606593 0.237533 0.920911 -0.309033 -0.63459 -0.9384 0.29974 0.171935 -0.250814 0.250966 0.249156 0.935381 0.380038 0.16008 -0.304787 0.938871 0.370831 -0.775623 0.549475 0.310623 -0.528794 -0.61056 -0.777934 -0.14844 0.432481 
1537386606641 0.237392 0.920963 -0.308986 -0.634251 -0.938349 0.299683 0.172309 -0.250669 0.251288 0.249032 0.935327 0.380151 0.316241 -0.38488 0.867098 0.400864 -0.930001 -0.306251 0.203246 -0.504429 0.187325 -0.870677 -0.454788 0.485926 
1537386606647 0.237251 0.921015 -0.30894 -0.633912 -0.938299 0.299627 0.172682 -0.250523 0.25161 0.248909 0.935274 0.380263 0.316241 -0.38488 0.867098 0.400864 -0.930001 -0.306251 0.203246 -0.504429 0.187325 -0.870677 -0.454788 0.485926 
1537386606893 0.23711 0.921067 -0.308893 -0.633573 -0.938248 0.29957 0.173056 -0.250378 0.251931 0.248785 0.93522 0.380376 0.316241 -0.38488 0.867098 0.400864 -0.930001 -0.306251 0.203246 -0.504429 0.187325 -0.870677 -0.454788 0.485926 
1537386607081 0.236969 0.921119 -0.308847 -0.633234 -0.938198 0.299513 0.173429 -0.250233 0.252252 0.248662 0.935166 0.380488 0.316241 -0.38488 0.867098 0.400864 -0.930001 -0.306251 0.203246 -0.504429 0.187325 -0.870677 -0.454788 0.485926 
1537386607098 0.236828 0.92117 -0.3088 -0.632895 -0.938147 0.299455 0.173802 -0.250087 0.252574 0.248539 0.935112 0.380601 0.316241 -0.38488 0.867098 0.400864 -0.930001 -0.306251 0.203246 -0.504429 0.187325 -0.870677 -0.454788 0.485926 
1537386607341 0.236687 0.921222 -0.308753 -0.632556 -0.938096 0.299398 0.174176 -0.249942 0.252895 0.248415 0.935058 0.380714 0.316241 -0.38488 0.867098 0.400864 -0.930001 -0.306251 0.203246 -0.504429 0.187325 -0.870677 -0.454788 0.485926 
1537386607558 0.236546 0.921274 -0.308707 -0.632217 -0.938045 0.299341 0.174549 -0.249796 0.253216 0.248292 0.935004 0.380826 0.316241 -0.38488 0.867098 0.400864 -0.930001 -0.306251 0.203246 -0.504429 0.187325 -0.870677 -0.454788 0.485926 
1537386607762 0.236405 0.921326 -0.30866 -0.631878 -0.937993 0.299284 0.174922 -0.249651 0.253537 0.248168 0.93495 0.380939 0.316241 -0.38488 0.867098 0.400864 -0.930001 -0.306251 0.203246 -0.504429 0.187325 -0.870677 -0.454788 0.485926 
1537386607973 0.236253 0.921387 -0.308593 -0.631645 -0.937944 0.299213 0.175307 -0.249559 0.253861 0.248026 0.9349 0.381031 0.316531 -0.385118 0.866887 0.401814 -0.929976 -0.306103 0.20358 -0.50615 0.186955 -0.870623 -0.455042 0.486735 
1537386608065 0.236208 0.921417 -0.308541 -0.631904 -0.93809 0.299029 0.174842 -0.249566 0.253365 0.24814 0.935004 0.380924 0.16008 -0.304787 0.938871 0.370831 -0.775623 0.549475 0.310623 -0.528794 -0.61056 -0.777934 -0.14844 0.432481 
1537386608087 0.236155 0.92138 -0.30869 -0.631556 -0.938046 0.299063 0.175018 -0.249438 0.253576 0.248234 0.934922 0.381047 0.316241 -0.38488 0.867098 0.400864 -0.930001 -0.306251 0.203246 -0.504429 0.187325 -0.870677 -0.454788 0.485926 
1537386608195 0.236103 0.921344 -0.308839 -0.631208 -0.938002 0.299098 0.175195 -0.24931 0.253788 0.248328 0.93484 0.38117 0.316241 -0.38488 0.867098 0.400864 -0.930001 -0.306251 0.203246 -0.504429 0.187325 -0.870677 -0.454788 0.485926 
1537386608420 0.23605 0.921307 -0.308989 -0.630861 -0.937958 0.299133 0.175371 -0.249183 0.253999 0.248423 0.934757 0.381293 0.316241 -0.38488 0.867098 0.400864 -0.930001 -0.306251 0.203246 -0.504429 0.187325 -0.870677 -0.454788 0.485926 
1537386608626 0.235998 0.92127 -0.309139 -0.630513 -0.937914 0.299167 0.175547 -0.249055 0.254211 0.248517 0.934674 0.381416 0.316241 -0.38488 0.867098 0.400864 -0.930001 -0.306251 0.203246 -0.504429 0.187325 -0.870677 -0.454788 0.485926 
1537386608839 0.235945 0.921233 -0.309289 -0.630165 -0.93787 0.299202 0.175723 -0.248927 0.254422 0.248611 0.934592 0.381539 0.316241 -0.38488 0.867098 0.400864 -0.930001 -0.306251 0.203246 -0.504429 0.187325 -0.870677 -0.454788 0.485926 
1537386609053 0.235892 0.921196 -0.309438 -0.629817 -0.937825 0.299237 0.1759 -0.248799 0.254634 0.248706 0.934509 0.381662 0.316241 -0.38488 0.867098 0.400864 -0.930001 -0.306251 0.203246 -0.504429 0.187325 -0.870677 -0.454788 0.485926 
1537386609060 0.23584 0.92116 -0.309588 -0.629469 -0.937781 0.299272 0.176076 -0.248671 0.254845 0.2488 0.934426 0.381785 0.316241 -0.38488 0.867098 0.400864 -0.930001 -0.306251 0.203246 -0.504429 0.187325 -0.870677 -0.454788 0.485926 
1537386609395 0.235787 0.921123 -0.309738 -0.629121 -0.937737 0.299307 0.176252 -0.248543 0.255057 0.248894 0.934343 0.381908 0.316241 -0.38488 0.867098 0.400864 -0.930001 -0.306251 0.203246 -0.504429 0.187325 -0.870677 -0.454788 0.485926 
1537386609597 0.235722 0.921096 -0.309865 -0.628892 -0.937695 0.299327 0.176442 -0.248476 0.255271 0.248968 0.934265 0.382008 0.316531 -0.385118 0.866887 0.401814 -0.929976 -0.306103 0.20358 -0.50615 0.186955 -0.870623 -0.455042 0.486735 
1537386609771 0.235845 0.921082 -0.309815 -0.629123 -0.937704 0.299395 0.176279 -0.248556 0.255125 0.24894 0.934313 0.381963 0.16008 -0.304787 0.938871 0.370831 -0.775623 0.549475 0.310623 -0.528794 -0.61056 -0.777934 -0.14844 0.432481 
1537386609780 0.23592 0.920983 -0.310053 -0.628855 -0.937674 0.299522 0.176222 -0.248453 0.255165 0.249154 0.934245 0.382057 0.316241 -0.38488 0.867098 0.400864 -0.930001 -0.306251 0.203246 -0.504429 0.187325 -0.870677 -0.454788 0.485926 
1537386609796 0.235995 0.920883 -0.310293 -0.628587 -0.937644 0.299649 0.176163 -0.248351 0.255205 0.249371 0.934176 0.38215 0.316241 -0.38488 0.867098 0.400864 -0.930001 -0.306251 0.203246 -0.504429 0.187325 -0.870677 -0.454788 0.485926 
1537386610010 0.236068 0.920783 -0.310532 -0.628318 -0.937615 0.299775 0.176106 -0.248248 0.255245 0.249586 0.934107 0.382244 0.316241 -0.38488 0.867098 0.400864 -0.930001 -0.306251 0.203246 -0.504429 0.187325 -0.870677 -0.454788 0.485926 
1537386610208 0.236143 0.920683 -0.310772 -0.62805 -0.937585 0.299902 0.176047 -0.248145 0.255285 0.249803 0.934039 0.382337 0.316241 -0.38488 0.867098 0.400864 -0.930001 -0.306251 0.203246 -0.504429 0.187325 -0.870677 -0.454788 0.485926 
1537386610404 0.236217 0.920583 -0.311012 -0.627782 -0.937556 0.300029 0.175989 -0.248043 0.255325 0.250019 0.93397 0.382431 0.316241 -0.38488 0.867098 0.400864 -0.930001 -0.306251 0.203246 -0.504429 0.187325 -0.870677 -0.454788 0.485926 
1537386610595 0.236291 0.920483 -0.311251 -0.627514 -0.937526 0.300155 0.175931 -0.24794 0.255365 0.250235 0.933901 0.382524 0.316241 -0.38488 0.867098 0.400864 -0.930001 -0.306251 0.203246 -0.504429 0.187325 -0.870677 -0.454788 0.485926 
1537386610776 0.236365 0.920383 -0.311491 -0.627245 -0.937496 0.300282 0.175873 -0.247837 0.255405 0.250451 0.933832 0.382618 0.316241 -0.38488 0.867098 0.400864 -0.930001 -0.306251 0.203246 -0.504429 0.187325 -0.870677 -0.454788 0.485926 
1537386610987 0.23644 0.920283 -0.31173 -0.626977 -0.937467 0.300409 0.175814 -0.247734 0.255445 0.250667 0.933763 0.382711 0.316241 -0.38488 0.867098 0.400864 -0.930001 -0.306251 0.203246 -0.504429 0.187325 -0.870677 -0.454788 0.485926 
1537386611190 0.236503 0.920192 -0.311951 -0.626811 -0.937439 0.300522 0.175768 -0.247684 0.255488 0.250865 0.933698 0.382785 0.316531 -0.385118 0.866887 0.401814 -0.929976 -0.306103 0.20358 -0.50615 0.186955 -0.870623 -0.455042 0.486735 
1537386611247 0.236125 0.920355 -0.311756 -0.627047 -0.937526 0.300135 0.175964 -0.247581 0.255518 0.25073 0.933727 0.382626 0.16008 -0.304787 0.938871 0.370831 -0.775623 0.549475 0.310623 -0.528794 -0.61056 -0.777934 -0.14844 0.432481 
1537386611258 0.236194 0.920326 -0.311789 -0.626832 -0.937502 0.300214 0.17596 -0.247506 0.255544 0.250742 0.933716 0.382688 0.316241 -0.38488 0.867098 0.400864 -0.930001 -0.306251 0.203246 -0.504429 0.187325 -0.870677 -0.454788 0.485926 
1537386611264 0.236262 0.920297 -0.311824 -0.626617 -0.937478 0.300292 0.175956 -0.247432 0.255569 0.250756 0.933705 0.38275 0.316241 -0.38488 0.867098 0.400864 -0.930001 -0.306251 0.203246 -0.504429 0.187325 -0.870677 -0.454788 0.485926 
1537386611417 0.23633 0.920267 -0.311859 -0.626402 -0.937454 0.300369 0.175951 -0.247358 0.255595 0.250771 0.933694 0.382812 0.316241 -0.38488 0.867098 0.400864 -0.930001 -0.306251 0.203246 -0.504429 0.187325 -0.870677 -0.454788 0.485926 
1537386611488 0.236397 0.920239 -0.311893 -0.626187 -0.93743 0.300447 0.175947 -0.247283 0.255621 0.250784 0.933684 0.382874 0.316241 -0.38488 0.867098 0.400864 -0.930001 -0.306251 0.203246 -0.504429 0.187325 -0.870677 -0.454788 0.485926 
1537386611654 0.236466 0.920209 -0.311928 -0.625972 -0.937405 0.300525 0.175943 -0.247209 0.255646 0.250799 0.933673 0.382936 0.316241 -0.38488 0.867098 0.400864 -0.930001 -0.306251 0.203246 -0.504429 0.187325 -0.870677 -0.454788 0.485926 
1537386611732 0.236534 0.92018 -0.311963 -0.625757 -0.937381 0.300603 0.175939 -0.247134 0.255672 0.250813 0.933662 0.382998 0.316241 -0.38488 0.867098 0.400864 -0.930001 -0.306251 0.203246 -0.504429 0.187325 -0.870677 -0.454788 0.485926 
1537386611742 0.236602 0.920151 -0.311998 -0.625542 -0.937357 0.30068 0.175934 -0.24706 0.255698 0.250827 0.933651 0.38306 0.316241 -0.38488 0.867098 0.400864 -0.930001 -0.306251 0.203246 -0.504429 0.187325 -0.870677 -0.454788 0.485926 
1537386611932 0.236669 0.920121 -0.312032 -0.625327 -0.937333 0.300758 0.17593 -0.246985 0.255723 0.250841 0.93364 0.383122 0.316241 -0.38488 0.867098 0.400864 -0.930001 -0.306251 0.203246 -0.504429 0.187325 -0.870677 -0.454788 0.485926 
1537386612019 0.23673 0.920098 -0.312054 -0.625182 -0.93731 0.300827 0.175934 -0.246946 0.255751 0.250842 0.933633 0.38317 0.316531 -0.385118 0.866887 0.401814 -0.929976 -0.306103 0.20358 -0.50615 0.186955 -0.870623 -0.455042 0.486735 
1537386612175 0.236478 0.92016 -0.312065 -0.625432 -0.937402 0.300563 0.175897 -0.246934 0.255649 0.250934 0.933636 0.383039 0.16008 -0.304787 0.938871 0.370831 -0.775623 0.549475 0.310623 -0.528794 -0.61056 -0.777934 -0.14844 0.432481 
1537386612190 0.236484 0.920128 -0.312152 -0.62518 -0.937348 0.300637 0.176059 -0.246841 0.255841 0.25096 0.933576 0.383132 0.316241 -0.38488 0.867098 0.400864 -0.930001 -0.306251 0.203246 -0.504429 0.187325 -0.870677 -0.454788 0.485926 
1537386612203 0.236543 0.92007 -0.312279 -0.624969 -0.937278 0.300771 0.176199 -0.246777 0.25604 0.251014 0.933507 0.383205 0.316241 -0.38488 0.867098 0.400864 -0.930001 -0.306251 0.203246 -0.504429 0.187325 -0.870677 -0.454788 0.485926 
1537386612384 0.236602 0.920012 -0.312407 -0.624758 -0.937209 0.300905 0.17634 -0.246714 0.256239 0.251068 0.933438 0.383277 0.316241 -0.38488 0.867098 0.400864 -0.930001 -0.306251 0.203246 -0.504429 0.187325 -0.870677 -0.454788 0.485926 
1537386612396 0.236661 0.919953 -0.312534 -0.624546 -0.93714 0.301038 0.17648 -0.24665 0.256438 0.251122 0.933369 0.38335 0.316241 -0.38488 0.867098 0.400864 -0.930001 -0.306251 0.203246 -0.504429 0.187325 -0.870677 -0.454788 0.485926 
1537386612593 0.236721 0.919894 -0.312662 -0.624335 -0.93707 0.301172 0.17662 -0.246587 0.256637 0.251176 0.933299 0.383423 0.316241 -0.38488 0.867098 0.400864 -0.930001 -0.306251 0.203246 -0.504429 0.187325 -0.870677 -0.454788 0.485926 
1537386612655 0.23678 0.919836 -0.312789 -0.624124 -0.937001 0.301306 0.176761 -0.246523 0.256836 0.25123 0.93323 0.383496 0.316241 -0.38488 0.867098 0.400864 -0.930001 -0.306251 0.203246 -0.504429 0.187325 -0.870677 -0.454788 0.485926 
1537386612824 0.236839 0.919777 -0.312917 -0.623913 -0.936931 0.30144 0.176901 -0.24646 0.257035 0.251284 0.933161 0.383568 0.316241 -0.38488 0.867098 0.400864 -0.930001 -0.306251 0.203246 -0.504429 0.187325 -0.870677 -0.454788 0.485926 
1537386612913 0.236898 0.919719 -0.313044 -0.623702 -0.936862 0.301573 0.177041 -0.246396 0.257234 0.251338 0.933092 0.383641 0.316241 -0.38488 0.867098 0.400864 -0.930001 -0.306251 0.203246 -0.504429 0.187325 -0.870677 -0.454788 0.485926 
1537386613055 0.23695 0.919667 -0.313158 -0.62356 -0.936794 0.301698 0.177189 -0.246368 0.257434 0.25138 0.933025 0.383701 0.316531 -0.385118 0.866887 0.401814 -0.929976 -0.306103 0.20358 -0.50615 0.186955 -0.870623 -0.455042 0.486735 
1537386613116 0.236796 0.919806 -0.312865 -0.623785 -0.936947 0.301384 0.176912 -0.246394 0.257018 0.251246 0.933176 0.383608 0.16008 -0.304787 0.938871 0.370831 -0.775623 0.549475 0.310623 -0.528794 -0.61056 -0.777934 -0.14844 0.432481 
1537386613127 0.237001 0.919804 -0.312714 -0.62357 -0.936903 0.301541 0.176877 -0.246292 0.256989 0.251063 0.933233 0.383671 0.316241 -0.38488 0.867098 0.400864 -0.930001 -0.306251 0.203246 -0.504429 0.187325 -0.870677 -0.454788 0.485926 
1537386613145 0.237213 0.919801 -0.312564 -0.623331 -0.936853 0.301709 0.176857 -0.246184 0.256977 0.250874 0.933287 0.383742 0.316241 -0.38488 0.867098 0.400864 -0.930001 -0.306251 0.203246 -0.504429 0.187325 -0.870677 -0.454788 0.485926 
1537386613313 0.237424 0.919797 -0.312415 -0.623091 -0.936802 0.301878 0.176837 -0.246075 0.256965 0.250685 0.933341 0.383813 0.316241 -0.38488 0.867098 0.400864 -0.930001 -0.306251 0.203246 -0.504429 0.187325 -0.870677 -0.454788 0.485926 
1537386613447 0.237636 0.919794 -0.312264 -0.622852 -0.936752 0.302045 0.176817 -0.245967 0.256953 0.250496 0.933395 0.383884 0.316241 -0.38488 0.867098 0.400864 -0.930001 -0.306251 0.203246 -0.504429 0.187325 -0.870677 -0.454788 0.485926 
1537386613585 0.237848 0.91979 -0.312115 -0.622612 -0.936701 0.302214 0.176797 -0.245858 0.256941 0.250308 0.933449 0.383954 0.316241 -0.38488 0.867098 0.400864 -0.930001 -0.306251 0.203246 -0.504429 0.187325 -0.870677 -0.454788 0.485926 
1537386613733 0.238059 0.919786 -0.311965 -0.622373 -0.936651 0.302382 0.176777 -0.24575 0.25693 0.250119 0.933503 0.384025 0.316241 -0.38488 0.867098 0.400864 -0.930001 -0.306251 0.203246 -0.504429 0.187325 -0.870677 -0.454788 0.485926 
1537386613860 0.238271 0.919782 -0.311815 -0.622133 -0.9366 0.30255 0.176757 -0.245641 0.256918 0.24993 0.933557 0.384096 0.316241 -0.38488 0.867098 0.400864 -0.930001 -0.306251 0.203246 -0.504429 0.187325 -0.870677 -0.454788 0.485926 
