1535143398672 0.214473 0.919478 -0.329485 -0.472235 -0.943839 0.281907 0.172328 -0.17129 0.251336 0.274021 0.928301 0.473953 0.22604 -0.12125 0.966543 0.385713 -0.973771 -0.0546063 0.22088 -0.504967 0.0259975 -0.991119 -0.130413 0.444129 
1535143398683 0.214103 0.918652 -0.332021 -0.488586 -0.944164 0.281767 0.170766 -0.17865 0.250427 0.276921 0.927686 0.464646 0.216667 -0.113568 0.969617 0.385125 -0.976211 -0.0334952 0.214218 -0.502473 0.00814928 -0.992965 -0.118123 0.44202 
1535143398689 0.213734 0.917819 -0.334554 -0.504938 -0.944489 0.281621 0.169203 -0.186011 0.249516 0.279818 0.927062 0.455338 0.207419 -0.105673 0.972528 0.384535 -0.978203 -0.012425 0.207279 -0.499973 -0.00982013 -0.994323 -0.105947 0.439911 
1535143399500 0.213369 0.916978 -0.337085 -0.521289 -0.944812 0.281471 0.167642 -0.193372 0.248603 0.282712 0.926429 0.44603 0.1983 -0.0975697 0.975273 0.383945 -0.979744 0.00859187 0.200069 -0.497473 -0.0279001 -0.995192 -0.0938896 0.437802 
1535143399960 0.213006 0.916129 -0.339613 -0.537641 -0.945134 0.281316 0.16608 -0.200732 0.247689 0.285604 0.925786 0.436722 0.189318 -0.0892627 0.97785 0.383354 -0.980834 0.0295436 0.192592 -0.494973 -0.0460805 -0.99557 -0.0819587 0.435693 
1535143400105 0.212645 0.915272 -0.342139 -0.553992 -0.945455 0.281156 0.164518 -0.208093 0.246773 0.288493 0.925135 0.427414 0.180475 -0.0807565 0.980259 0.382764 -0.981472 0.0504185 0.184852 -0.492473 -0.0643512 -0.995458 -0.070161 0.433584 
1535143400982 0.212288 0.914407 -0.344664 -0.570343 -0.945774 0.280992 0.162956 -0.215454 0.245856 0.291381 0.924474 0.418107 0.171779 -0.0720558 0.982497 0.382174 -0.981658 0.0712045 0.176855 -0.489974 -0.0827016 -0.994856 -0.0585028 0.431474 
1535143401277 0.211932 0.913535 -0.347186 -0.586694 -0.946092 0.280823 0.161395 -0.222814 0.244938 0.294265 0.923804 0.408799 0.163233 -0.0631658 0.984563 0.381584 -0.981392 0.0918903 0.168602 -0.487473 -0.101122 -0.993764 -0.0469909 0.429365 
1535143401575 0.211579 0.912656 -0.349705 -0.603044 -0.946409 0.280648 0.159835 -0.230174 0.244018 0.297146 0.923125 0.399492 0.154842 -0.0540912 0.986457 0.380994 -0.980673 0.112464 0.160101 -0.484974 -0.119601 -0.992182 -0.0356316 0.427256 
1535143402453 0.211229 0.911769 -0.352222 -0.619396 -0.946724 0.280469 0.158274 -0.237535 0.243097 0.300025 0.922436 0.390184 0.146611 -0.0448374 0.988178 0.380404 -0.979503 0.132914 0.151355 -0.482472 -0.138129 -0.990113 -0.0244317 0.425147 
1535143404344 0.212239 0.911504 -0.3523 -0.619116 -0.946523 0.281395 0.157831 -0.237809 0.242999 0.299962 0.922483 0.390805 0.147217 -0.0449505 0.988082 0.38059 -0.979556 0.131844 0.151945 -0.482515 -0.137102 -0.990251 -0.0246219 0.425423 
1535143404354 0.212103 0.911441 -0.352544 -0.620775 -0.946575 0.281285 0.157719 -0.238516 0.242917 0.300256 0.922408 0.389813 0.146346 -0.0440022 0.988254 0.380513 -0.97941 0.133993 0.151003 -0.482262 -0.139063 -0.990005 -0.0234869 0.425184 
1535143404360 0.211967 0.911378 -0.352788 -0.622439 -0.946626 0.281174 0.157607 -0.239225 0.242835 0.30055 0.922334 0.38882 0.145476 -0.0430518 0.988425 0.380435 -0.979259 0.13614 0.150057 -0.482008 -0.141024 -0.989754 -0.0223538 0.424946 
1535143404655 0.211831 0.911316 -0.353031 -0.624102 -0.946678 0.281063 0.157496 -0.239933 0.242752 0.300844 0.92226 0.387827 0.144608 -0.0420994 0.988593 0.380357 -0.979104 0.138286 0.149109 -0.481753 -0.142986 -0.989497 -0.0212225 0.424707 
1535143404661 0.211695 0.911253 -0.353275 -0.625766 -0.946729 0.280952 0.157384 -0.240642 0.24267 0.301138 0.922186 0.386834 0.143741 -0.0411451 0.98876 0.38028 -0.978943 0.14043 0.148158 -0.481498 -0.144947 -0.989235 -0.0200931 0.424469 
1535143404851 0.211559 0.91119 -0.353519 -0.62743 -0.946781 0.28084 0.157272 -0.241351 0.242587 0.301432 0.922112 0.385841 0.142876 -0.0401889 0.988924 0.380202 -0.978777 0.142573 0.147204 -0.481243 -0.146909 -0.988968 -0.0189657 0.42423 
1535143404971 0.211423 0.911127 -0.353762 -0.629094 -0.946832 0.280729 0.157161 -0.24206 0.242505 0.301726 0.922037 0.384848 0.142014 -0.0392306 0.989087 0.380124 -0.978606 0.144714 0.146249 -0.480988 -0.148872 -0.988696 -0.01784 0.423992 
1535143405301 0.211287 0.911064 -0.354006 -0.630756 -0.946884 0.280618 0.157049 -0.242769 0.242422 0.30202 0.921963 0.383855 0.141152 -0.0382706 0.989248 0.380046 -0.97843 0.146853 0.14529 -0.480734 -0.150835 -0.988418 -0.0167164 0.423753 
1535143405463 0.211151 0.911001 -0.35425 -0.632421 -0.946935 0.280507 0.156937 -0.243478 0.242339 0.302314 0.921888 0.382862 0.140293 -0.0373085 0.989407 0.379969 -0.978249 0.148991 0.144329 -0.480478 -0.152798 -0.988134 -0.0155945 0.423515 
1535143405519 0.211015 0.910937 -0.354493 -0.634083 -0.946987 0.280395 0.156826 -0.244187 0.242257 0.302608 0.921814 0.381869 0.139435 -0.0363446 0.989564 0.379891 -0.978063 0.151128 0.143365 -0.480224 -0.154761 -0.987846 -0.0144748 0.423276 
1535143406075 0.211865 0.91082 -0.354289 -0.63216 -0.946714 0.281257 0.15693 -0.243613 0.242582 0.302162 0.921874 0.383211 0.1398 -0.0366809 0.9895 0.379983 -0.978146 0.150211 0.143764 -0.480341 -0.153907 -0.987973 -0.0148799 0.423386 
1535143406215 0.211472 0.910495 -0.355357 -0.632468 -0.946689 0.281215 0.157155 -0.243806 0.24302 0.303179 0.921425 0.383158 0.139682 -0.0365026 0.989523 0.379992 -0.978363 0.148944 0.143601 -0.480341 -0.152626 -0.988172 -0.014908 0.423346 
1535143406288 0.211078 0.910169 -0.356424 -0.632779 -0.946664 0.281172 0.15738 -0.244001 0.243459 0.304194 0.920974 0.383104 0.139564 -0.036324 0.989547 0.38 -0.978579 0.147678 0.143439 -0.480341 -0.151344 -0.988368 -0.0149353 0.423306 
1535143406400 0.210684 0.909843 -0.35749 -0.63309 -0.946639 0.28113 0.157606 -0.244196 0.243898 0.305209 0.920522 0.38305 0.139447 -0.0361455 0.98957 0.380009 -0.978793 0.146411 0.143276 -0.480342 -0.150063 -0.988563 -0.0149624 0.423266 
1535143406439 0.210289 0.909515 -0.358555 -0.633402 -0.946614 0.281088 0.157832 -0.244391 0.244336 0.306223 0.920069 0.382996 0.139329 -0.0359672 0.989593 0.380018 -0.979005 0.145144 0.143113 -0.480343 -0.148781 -0.988757 -0.0149893 0.423226 
1535143406645 0.209894 0.909185 -0.35962 -0.633712 -0.946589 0.281047 0.158057 -0.244586 0.244773 0.307237 0.919615 0.382943 0.13921 -0.0357891 0.989616 0.380026 -0.979216 0.143877 0.14295 -0.480344 -0.147499 -0.988948 -0.0150162 0.423186 
1535143406704 0.209498 0.908855 -0.360684 -0.634024 -0.946564 0.281005 0.158283 -0.244781 0.24521 0.308251 0.919159 0.382888 0.139092 -0.035611 0.989639 0.380035 -0.979425 0.142609 0.142788 -0.480344 -0.146216 -0.989138 -0.0150425 0.423146 
1535143406729 0.209101 0.908524 -0.361748 -0.634335 -0.946538 0.280964 0.158509 -0.244976 0.245647 0.309264 0.918702 0.382835 0.138973 -0.0354332 0.989662 0.380044 -0.979633 0.141342 0.142625 -0.480345 -0.144934 -0.989327 -0.0150689 0.423106 
1535143406854 0.208704 0.908191 -0.362811 -0.634648 -0.946512 0.280923 0.158734 -0.245172 0.246083 0.310277 0.918244 0.382781 0.138854 -0.0352554 0.989685 0.380052 -0.979839 0.140073 0.142463 -0.480346 -0.143651 -0.989513 -0.0150948 0.423066 
1535143407017 0.208307 0.907857 -0.363874 -0.634958 -0.946487 0.280882 0.15896 -0.245366 0.246519 0.311289 0.917784 0.382727 0.138735 -0.0350779 0.989708 0.380061 -0.980043 0.138805 0.142299 -0.480347 -0.142368 -0.989698 -0.0151208 0.423026 
1535143407244 0.208721 0.908161 -0.362877 -0.634645 -0.946512 0.280946 0.158696 -0.245195 0.24607 0.310344 0.918224 0.382747 0.138901 -0.0353523 0.989675 0.380048 -0.979808 0.140223 0.142525 -0.480357 -0.143814 -0.989489 -0.0151614 0.423068 
1535143407256 0.20802 0.908251 -0.363052 -0.634716 -0.946522 0.280506 0.159411 -0.245364 0.246624 0.310476 0.918031 0.382793 0.141998 -0.0357107 0.989223 0.379976 -0.981004 0.128352 0.145452 -0.480848 -0.132163 -0.991085 -0.0168066 0.423411 
1535143407263 0.207318 0.908343 -0.363224 -0.634788 -0.946532 0.280065 0.160126 -0.245532 0.247176 0.310607 0.917839 0.382838 0.1451 -0.0360307 0.988761 0.379905 -0.982052 0.116462 0.14836 -0.481346 -0.120499 -0.992541 -0.0184853 0.423755 
1535143407460 0.206617 0.908434 -0.363397 -0.63486 -0.946541 0.279624 0.160841 -0.245701 0.247728 0.310738 0.917645 0.382884 0.148205 -0.0363131 0.98829 0.379834 -0.982951 0.104555 0.151246 -0.481842 -0.108823 -0.993856 -0.0201985 0.424098 
1535143407466 0.205915 0.908524 -0.363569 -0.634932 -0.94655 0.279184 0.161556 -0.24587 0.24828 0.310869 0.917451 0.382929 0.151312 -0.0365578 0.98781 0.379763 -0.983702 0.0926316 0.154111 -0.48234 -0.0971363 -0.995029 -0.0219457 0.424441 
1535143407687 0.205213 0.908614 -0.363741 -0.635003 -0.946557 0.278744 0.162271 -0.246039 0.248832 0.311001 0.917257 0.382975 0.154419 -0.0367649 0.987321 0.379692 -0.984304 0.0806948 0.156952 -0.482836 -0.085442 -0.996061 -0.0237271 0.424784 
1535143407841 0.20451 0.908705 -0.363911 -0.635075 -0.946564 0.278302 0.162986 -0.246208 0.249384 0.311133 0.917063 0.38302 0.157528 -0.0369342 0.986824 0.379622 -0.984757 0.0687458 0.159771 -0.483334 -0.073741 -0.99695 -0.0255418 0.425127 
1535143407868 0.203808 0.908794 -0.364082 -0.635147 -0.94657 0.277862 0.163701 -0.246377 0.249935 0.311266 0.916868 0.383066 0.160637 -0.0370659 0.986317 0.37955 -0.985062 0.0567868 0.162567 -0.483831 -0.0620355 -0.997698 -0.0273901 0.42547 
1535143407992 0.203105 0.908883 -0.364252 -0.635219 -0.946575 0.277421 0.164416 -0.246546 0.250486 0.311398 0.916672 0.383111 0.163746 -0.0371596 0.985802 0.37948 -0.985218 0.0448192 0.165339 -0.48433 -0.0503268 -0.998304 -0.0292713 0.425813 
1535143408006 0.202403 0.908972 -0.364421 -0.635291 -0.94658 0.27698 0.165131 -0.246715 0.251037 0.311531 0.916476 0.383157 0.166855 -0.0372157 0.985279 0.379409 -0.985225 0.0328452 0.168086 -0.484826 -0.0386171 -0.998767 -0.0311855 0.426156 
1535143408836 0.202942 0.908952 -0.364171 -0.6352 -0.946679 0.27717 0.164242 -0.246606 0.250226 0.311422 0.916735 0.383132 0.160421 -0.0373127 0.986343 0.379538 -0.985038 0.0576943 0.162392 -0.483628 -0.0629656 -0.997637 -0.027499 0.425414 
1535143408972 0.202743 0.909245 -0.36355 -0.635279 -0.946806 0.276767 0.164191 -0.246696 0.249909 0.310923 0.916991 0.383046 0.161522 -0.0381816 0.98613 0.379514 -0.985155 0.05264 0.1634 -0.483857 -0.0581488 -0.997883 -0.0291123 0.42569 
1535143408982 0.202542 0.909538 -0.362928 -0.63536 -0.946932 0.276365 0.164139 -0.246788 0.249591 0.310424 0.917247 0.382959 0.16263 -0.0390451 0.985914 0.379492 -0.985245 0.0475826 0.164404 -0.484095 -0.0533316 -0.998104 -0.0307306 0.425966 
1535143409130 0.202341 0.909831 -0.362306 -0.63544 -0.947059 0.275962 0.164088 -0.24688 0.249275 0.309924 0.917502 0.382872 0.163741 -0.0399031 0.985696 0.379469 -0.98531 0.0425234 0.165398 -0.48433 -0.048515 -0.998298 -0.0323541 0.426242 
1535143409182 0.20214 0.910123 -0.361685 -0.635521 -0.947185 0.275559 0.164035 -0.246971 0.248958 0.309424 0.917756 0.382785 0.164856 -0.0407552 0.985475 0.379447 -0.985349 0.0374622 0.166384 -0.484567 -0.0436991 -0.998467 -0.0339822 0.426518 
1535143409305 0.201938 0.910415 -0.361062 -0.635601 -0.947311 0.275156 0.163983 -0.247062 0.248641 0.308924 0.918011 0.382699 0.165975 -0.0416017 0.985252 0.379424 -0.985363 0.0323994 0.167361 -0.484802 -0.0388841 -0.998609 -0.0356153 0.426794 
1535143409312 0.201736 0.910706 -0.36044 -0.635682 -0.947437 0.274753 0.16393 -0.247154 0.248325 0.308424 0.918265 0.382612 0.167098 -0.0424421 0.985026 0.379401 -0.985351 0.0273347 0.168331 -0.485039 -0.0340697 -0.998725 -0.0372528 0.42707 
1535143409432 0.201534 0.910997 -0.359818 -0.635763 -0.947563 0.274351 0.163877 -0.247245 0.248008 0.307923 0.918518 0.382526 0.168224 -0.0432769 0.984798 0.379379 -0.985314 0.0222687 0.169291 -0.485274 -0.0292566 -0.998815 -0.0388952 0.427345 
1535143409488 0.201332 0.911287 -0.359195 -0.635844 -0.947689 0.273948 0.163824 -0.247337 0.247692 0.307422 0.918771 0.382439 0.169355 -0.0441056 0.984568 0.379356 -0.985252 0.0172012 0.170244 -0.485511 -0.0244444 -0.998879 -0.0405421 0.427621 
1535143409676 0.20113 0.911577 -0.358573 -0.635924 -0.947814 0.273545 0.163771 -0.247428 0.247375 0.306921 0.919024 0.382352 0.17049 -0.0449286 0.984335 0.379333 -0.985164 0.0121326 0.171187 -0.485747 -0.0196337 -0.998917 -0.0421936 0.427897 
1535143409814 0.201326 0.91121 -0.359394 -0.635813 -0.947689 0.273979 0.16377 -0.24734 0.247695 0.307623 0.918703 0.382383 0.168122 -0.042183 0.984863 0.379352 -0.985282 0.0241108 0.169227 -0.485137 -0.0308843 -0.998819 -0.0375086 0.427277 
1535143409828 0.201733 0.911306 -0.358922 -0.63582 -0.947715 0.274133 0.163362 -0.247336 0.247265 0.307201 0.91896 0.382294 0.170137 -0.0441067 0.984433 0.37937 -0.98501 0.0212206 0.171187 -0.485482 -0.0284407 -0.998801 -0.0398351 0.427641 
1535143409846 0.202138 0.911402 -0.358451 -0.635828 -0.947741 0.274286 0.162953 -0.247332 0.246834 0.306779 0.919217 0.382204 0.172157 -0.0460241 0.983994 0.37939 -0.984726 0.0183257 0.173142 -0.485834 -0.0260011 -0.998772 -0.0421662 0.428005 
1535143409977 0.202543 0.911498 -0.357979 -0.635835 -0.947767 0.27444 0.162545 -0.247328 0.246403 0.306358 0.919473 0.382115 0.174181 -0.0479353 0.983546 0.379409 -0.984432 0.015427 0.175089 -0.486185 -0.0235661 -0.998731 -0.0445019 0.428368 
1535143409994 0.202948 0.911593 -0.357507 -0.635842 -0.947792 0.274594 0.162137 -0.247324 0.245972 0.305937 0.919728 0.382026 0.176209 -0.0498403 0.98309 0.379428 -0.984126 0.0125243 0.177029 -0.486536 -0.0211357 -0.998679 -0.0468422 0.428732 
1535143410000 0.203352 0.911688 -0.357034 -0.63585 -0.947817 0.274747 0.161729 -0.24732 0.245541 0.305515 0.919984 0.381937 0.178241 -0.051739 0.982626 0.379448 -0.983809 0.00961774 0.178962 -0.486888 -0.01871 -0.998614 -0.049187 0.429096 
1535143410164 0.203757 0.911782 -0.356561 -0.635857 -0.947842 0.274901 0.161321 -0.247316 0.245109 0.305094 0.920239 0.381847 0.180276 -0.0536316 0.982153 0.379467 -0.983481 0.00670754 0.180887 -0.487239 -0.0162891 -0.998538 -0.0515364 0.42946 
1535143410183 0.204161 0.911877 -0.356089 -0.635865 -0.947867 0.275056 0.160913 -0.247312 0.244677 0.304672 0.920493 0.381758 0.182316 -0.0555178 0.981671 0.379487 -0.983142 0.00379342 0.182804 -0.487591 -0.0138728 -0.99845 -0.0538902 0.429824 
1535143410200 0.204565 0.911971 -0.355615 -0.635872 -0.947891 0.27521 0.160505 -0.247308 0.244245 0.304251 0.920747 0.381669 0.18436 -0.0573978 0.981181 0.379506 -0.982792 0.000875749 0.184714 -0.487942 -0.0114614 -0.998351 -0.0562486 0.430187 
1535143410337 0.204969 0.912065 -0.355142 -0.635879 -0.947915 0.275364 0.160098 -0.247304 0.243813 0.303829 0.921001 0.381579 0.186407 -0.0592714 0.980683 0.379525 -0.982431 -0.00204557 0.186615 -0.488293 -0.0090549 -0.99824 -0.0586114 0.430551 
1535143410900 0.204212 0.911945 -0.355885 -0.63582 -0.947848 0.275077 0.160988 -0.247304 0.244708 0.304449 0.920559 0.381846 0.183654 -0.0572984 0.981319 0.379357 -0.982915 0.00171925 0.184053 -0.487901 -0.0122331 -0.998356 -0.0560037 0.429781 
1535143410912 0.204931 0.911913 -0.355553 -0.635632 -0.947783 0.275576 0.160514 -0.247189 0.244356 0.304093 0.92077 0.381881 0.179753 -0.0561367 0.982109 0.379371 -0.983481 0.0113881 0.180655 -0.487484 -0.0213257 -0.998358 -0.0531623 0.42918 
1535143411058 0.205651 0.91188 -0.355221 -0.635444 -0.947718 0.276076 0.160039 -0.247074 0.244004 0.303737 0.920981 0.381917 0.175857 -0.0549369 0.982882 0.379384 -0.983945 0.0210534 0.177224 -0.487062 -0.0304291 -0.998268 -0.0503525 0.42858 
1535143411167 0.206371 0.911847 -0.354888 -0.635255 -0.947653 0.276576 0.159563 -0.246959 0.243651 0.303382 0.921192 0.381952 0.17197 -0.0536987 0.983638 0.379396 -0.984308 0.0307125 0.173764 -0.486639 -0.0395408 -0.998085 -0.0475745 0.427979 
1535143411207 0.20709 0.911814 -0.354556 -0.635067 -0.947586 0.277076 0.159088 -0.246844 0.243298 0.303026 0.921402 0.381988 0.168092 -0.0524223 0.984377 0.379409 -0.98457 0.0403644 0.170274 -0.486216 -0.04866 -0.997809 -0.0448284 0.427378 
1535143411400 0.20781 0.911779 -0.354223 -0.634878 -0.947519 0.277577 0.158613 -0.246729 0.242944 0.302672 0.921612 0.382023 0.164223 -0.0511077 0.985098 0.379422 -0.984729 0.0500082 0.166756 -0.485793 -0.0577855 -0.99744 -0.0421148 0.426778 
1535143411555 0.208529 0.911745 -0.353889 -0.634689 -0.947452 0.278077 0.158139 -0.246614 0.24259 0.302316 0.921822 0.382059 0.160364 -0.0497552 0.985803 0.379434 -0.984787 0.0596428 0.163209 -0.485369 -0.0669165 -0.996979 -0.0394337 0.426177 
1535143411562 0.209249 0.911709 -0.353555 -0.634501 -0.947384 0.278578 0.157664 -0.246499 0.242236 0.301962 0.922031 0.382094 0.156516 -0.0483647 0.986491 0.379447 -0.984743 0.0692669 0.159635 -0.484947 -0.0760518 -0.996425 -0.0367854 0.425577 
1535143411767 0.209967 0.911674 -0.35322 -0.634312 -0.947316 0.279078 0.15719 -0.246384 0.241882 0.301607 0.92224 0.38213 0.152678 -0.0469367 0.987161 0.37946 -0.984597 0.0788799 0.156032 -0.484523 -0.0851908 -0.995779 -0.0341705 0.424976 
1535143411852 0.210686 0.911638 -0.352885 -0.634123 -0.947247 0.279578 0.156716 -0.246268 0.241527 0.301252 0.922449 0.382165 0.148852 -0.045471 0.987813 0.379472 -0.98435 0.0884804 0.152403 -0.484101 -0.0943321 -0.99504 -0.0315888 0.424375 
1535143412797 0.210174 0.911658 -0.353138 -0.634248 -0.94731 0.279207 0.156995 -0.246392 0.241724 0.301534 0.922305 0.382182 0.149108 -0.0453362 0.987781 0.379637 -0.984412 0.0874195 0.152612 -0.48427 -0.0932702 -0.995139 -0.0315945 0.424571 
1535143412810 0.210486 0.911578 -0.35316 -0.633892 -0.947257 0.279482 0.156827 -0.246245 0.241662 0.301523 0.922325 0.382338 0.148912 -0.0453861 0.987808 0.379649 -0.984364 0.08824 0.152448 -0.484316 -0.0940832 -0.995065 -0.0315364 0.424467 
1535143412817 0.210798 0.911497 -0.353183 -0.63353 -0.947203 0.279758 0.156659 -0.246095 0.2416 0.301512 0.922345 0.382495 0.148716 -0.0454354 0.987836 0.379661 -0.984316 0.0890606 0.152282 -0.48436 -0.0948962 -0.994989 -0.0314781 0.424362 
1535143412827 0.211111 0.911415 -0.353205 -0.633169 -0.947149 0.280033 0.156491 -0.245945 0.241538 0.301501 0.922365 0.382651 0.148519 -0.0454846 0.987863 0.379673 -0.984267 0.0898813 0.152116 -0.484405 -0.0957094 -0.994913 -0.0314199 0.424258 
1535143412835 0.211423 0.911334 -0.353228 -0.632808 -0.947095 0.280309 0.156323 -0.245796 0.241475 0.301491 0.922384 0.382808 0.148322 -0.0455336 0.98789 0.379685 -0.984218 0.0907019 0.151951 -0.48445 -0.0965224 -0.994837 -0.0313619 0.424153 
1535143412948 0.211735 0.911253 -0.353251 -0.632448 -0.947042 0.280585 0.156155 -0.245647 0.241413 0.30148 0.922404 0.382965 0.148125 -0.0455823 0.987918 0.379697 -0.984167 0.0915224 0.151785 -0.484495 -0.0973353 -0.994759 -0.0313039 0.424049 
1535143413069 0.212048 0.911172 -0.353273 -0.632086 -0.946988 0.280861 0.155987 -0.245497 0.241351 0.301469 0.922424 0.383121 0.147928 -0.045631 0.987945 0.379709 -0.984116 0.0923429 0.15162 -0.48454 -0.0981482 -0.994681 -0.0312461 0.423945 
1535143413074 0.21236 0.91109 -0.353296 -0.631725 -0.946933 0.281137 0.155819 -0.245347 0.241289 0.301458 0.922444 0.383278 0.147731 -0.0456795 0.987972 0.37972 -0.984064 0.0931633 0.151454 -0.484584 -0.098961 -0.994602 -0.0311884 0.42384 
1535143413081 0.212672 0.911009 -0.353318 -0.631363 -0.946879 0.281412 0.15565 -0.245197 0.241227 0.301447 0.922464 0.383435 0.147534 -0.0457278 0.987999 0.379732 -0.984012 0.0939836 0.151288 -0.484629 -0.0997739 -0.994523 -0.0311309 0.423736 
1535143413267 0.212984 0.910927 -0.353341 -0.631003 -0.946825 0.281688 0.155482 -0.245048 0.241165 0.301436 0.922483 0.383591 0.147337 -0.0457759 0.988027 0.379744 -0.983958 0.0948039 0.151122 -0.484674 -0.100587 -0.994443 -0.0310735 0.423631 
1535143413479 0.211949 0.911219 -0.353211 -0.631624 -0.947014 0.280752 0.15602 -0.245064 0.241333 0.301428 0.922442 0.383257 0.14783 -0.0457 0.987956 0.379769 -0.984059 0.0930623 0.151551 -0.484519 -0.0988674 -0.994611 -0.0312141 0.423896 
1535143413491 0.211979 0.911139 -0.353397 -0.631245 -0.946902 0.280944 0.156356 -0.244941 0.241747 0.301489 0.922314 0.383411 0.147869 -0.0458034 0.987946 0.379821 -0.984042 0.0931549 0.151603 -0.484615 -0.098976 -0.994598 -0.0312978 0.423819 
1535143413632 0.212022 0.911057 -0.353585 -0.630854 -0.946787 0.281147 0.156686 -0.244818 0.24216 0.301549 0.922186 0.38357 0.147909 -0.0459072 0.987935 0.379873 -0.984025 0.0932471 0.151657 -0.484713 -0.0990842 -0.994584 -0.0313818 0.423742 
1535143413639 0.212064 0.910974 -0.353772 -0.630463 -0.946672 0.281351 0.157017 -0.244695 0.242573 0.301608 0.922058 0.383728 0.147949 -0.0460111 0.987924 0.379925 -0.984008 0.0933395 0.151709 -0.48481 -0.0991927 -0.994571 -0.0314659 0.423664 
1535143413689 0.212107 0.910891 -0.35396 -0.630072 -0.946556 0.281555 0.157347 -0.244572 0.242985 0.301668 0.92193 0.383886 0.147989 -0.0461149 0.987913 0.379977 -0.983991 0.0934317 0.151763 -0.484908 -0.0993009 -0.994557 -0.0315498 0.423587 
1535143413774 0.212149 0.910809 -0.354147 -0.629681 -0.946441 0.281758 0.157678 -0.244449 0.243398 0.301728 0.921801 0.384045 0.14803 -0.0462187 0.987902 0.380029 -0.983974 0.0935237 0.151817 -0.485006 -0.0994091 -0.994544 -0.0316337 0.42351 
1535143413848 0.212192 0.910726 -0.354335 -0.629289 -0.946325 0.281962 0.158008 -0.244325 0.243811 0.301788 0.921673 0.384203 0.14807 -0.0463225 0.987891 0.380081 -0.983957 0.0936159 0.15187 -0.485103 -0.0995173 -0.99453 -0.0317177 0.423433 
1535143413854 0.212234 0.910643 -0.354522 -0.628898 -0.946209 0.282166 0.158338 -0.244203 0.244224 0.301847 0.921544 0.384361 0.14811 -0.0464264 0.987881 0.380134 -0.98394 0.0937081 0.151924 -0.485201 -0.0996256 -0.994517 -0.0318016 0.423356 
1535143413904 0.212276 0.91056 -0.35471 -0.628508 -0.946093 0.282369 0.158668 -0.24408 0.244636 0.301907 0.921415 0.384519 0.14815 -0.0465303 0.98787 0.380186 -0.983923 0.0938004 0.151976 -0.485299 -0.099734 -0.994503 -0.0318857 0.423278 
1535143413911 0.212319 0.910477 -0.354897 -0.628116 -0.945977 0.282573 0.158998 -0.243956 0.245049 0.301966 0.921286 0.384678 0.148191 -0.0466341 0.987859 0.380238 -0.983906 0.0938924 0.15203 -0.485396 -0.0998422 -0.99449 -0.0319695 0.423201 
1535143414222 0.211618 0.910872 -0.354302 -0.629184 -0.946442 0.281435 0.158246 -0.244056 0.243855 0.301839 0.921644 0.384258 0.148186 -0.0464214 0.987869 0.380106 -0.983923 0.0937632 0.152 -0.485122 -0.0996818 -0.994512 -0.0317807 0.423381 
1535143414351 0.211615 0.9108 -0.354488 -0.62873 -0.946374 0.281549 0.15845 -0.243898 0.244122 0.301948 0.921538 0.384449 0.151976 -0.0456582 0.987329 0.380201 -0.984529 0.0811519 0.155298 -0.485727 -0.0872142 -0.995655 -0.0326186 0.423607 
1535143414361 0.211612 0.910728 -0.354675 -0.628275 -0.946306 0.281665 0.158653 -0.24374 0.244389 0.302058 0.921431 0.384639 0.155757 -0.0448458 0.986777 0.380297 -0.984964 0.0685291 0.158586 -0.486338 -0.0747349 -0.996641 -0.0334976 0.423832 
1535143414443 0.21161 0.910656 -0.354862 -0.627821 -0.946237 0.28178 0.158856 -0.243581 0.244657 0.302168 0.921324 0.38483 0.159526 -0.0439851 0.986213 0.380394 -0.985229 0.0558982 0.16186 -0.486948 -0.062247 -0.997467 -0.0344182 0.424057 
1535143414621 0.211607 0.910584 -0.355049 -0.627366 -0.946168 0.281896 0.159059 -0.243423 0.244924 0.302278 0.921217 0.385021 0.163282 -0.0430762 0.985639 0.38049 -0.985324 0.0432612 0.165121 -0.48756 -0.0497527 -0.998135 -0.0353802 0.424282 
1535143414827 0.211604 0.910511 -0.355236 -0.626911 -0.9461 0.282012 0.159262 -0.243264 0.245191 0.302389 0.921109 0.385212 0.167024 -0.0421192 0.985053 0.380586 -0.985249 0.0306204 0.168367 -0.488172 -0.0372541 -0.998643 -0.0363835 0.424508 
1535143415000 0.211602 0.910439 -0.355423 -0.626456 -0.946031 0.282127 0.159466 -0.243106 0.245458 0.302498 0.921002 0.385403 0.170752 -0.0411145 0.984456 0.380682 -0.985003 0.017978 0.171597 -0.488782 -0.0247536 -0.998993 -0.0374281 0.424733 
1535143415018 0.211599 0.910366 -0.35561 -0.626001 -0.945962 0.282243 0.159668 -0.242948 0.245725 0.302608 0.920895 0.385593 0.174465 -0.0400618 0.983848 0.380779 -0.984587 0.00533584 0.174813 -0.489395 -0.012253 -0.999183 -0.0385134 0.424958 
1535143415319 0.211596 0.910294 -0.355797 -0.625547 -0.945894 0.282359 0.159871 -0.242789 0.245992 0.302718 0.920787 0.385784 0.178162 -0.0389619 0.98323 0.380875 -0.984001 -0.00730347 0.178012 -0.490005 0.000245298 -0.999214 -0.0396397 0.425184 
1535143415533 0.211594 0.910221 -0.355985 -0.625092 -0.945825 0.282475 0.160074 -0.242631 0.24626 0.302829 0.92068 0.385975 0.181843 -0.0378144 0.9826 0.380972 -0.983245 -0.0199381 0.181195 -0.490618 0.0127394 -0.999086 -0.0408064 0.425409 
1535143416029 0.211584 0.910254 -0.355906 -0.6253 -0.945873 0.282395 0.15993 -0.242707 0.246084 0.302803 0.920735 0.385843 0.174014 -0.0404311 0.983913 0.380619 -0.984659 0.00591246 0.174389 -0.489279 -0.0128681 -0.999165 -0.038782 0.424975 
1535143416046 0.211551 0.910196 -0.356074 -0.62489 -0.945763 0.282538 0.160325 -0.242589 0.246532 0.302845 0.920602 0.385997 0.172075 -0.0407248 0.984242 0.380651 -0.984895 0.0124588 0.172705 -0.4891 -0.0192959 -0.999093 -0.0379657 0.424719 
1535143416061 0.211518 0.910138 -0.356244 -0.624479 -0.945654 0.28268 0.160719 -0.242471 0.24698 0.302888 0.920467 0.38615 0.170131 -0.0410061 0.984568 0.380683 -0.985086 0.0190049 0.171012 -0.488917 -0.0257242 -0.998978 -0.0371612 0.424462 
1535143416306 0.211485 0.910079 -0.356413 -0.624068 -0.945544 0.282823 0.161113 -0.242352 0.247428 0.302932 0.920333 0.386304 0.168185 -0.0412746 0.984891 0.380714 -0.985231 0.0255507 0.169314 -0.488733 -0.032153 -0.998821 -0.0363678 0.424206 
1535143416489 0.211451 0.910021 -0.356583 -0.623656 -0.945434 0.282965 0.161508 -0.242233 0.247876 0.302975 0.920198 0.386458 0.166237 -0.0415302 0.985211 0.380745 -0.985331 0.0320958 0.16761 -0.488549 -0.038582 -0.998622 -0.0355854 0.42395 
1535143416665 0.211417 0.909962 -0.356752 -0.623245 -0.945324 0.283107 0.161902 -0.242115 0.248323 0.303018 0.920063 0.386612 0.164287 -0.0417727 0.985528 0.380777 -0.985385 0.0386399 0.165901 -0.488366 -0.0450108 -0.99838 -0.0348141 0.423694 
1535143416671 0.211383 0.909903 -0.356922 -0.622834 -0.945214 0.283249 0.162296 -0.241996 0.248771 0.303061 0.919928 0.386765 0.162334 -0.0420024 0.985841 0.380808 -0.985394 0.045183 0.164185 -0.488181 -0.0514394 -0.998095 -0.0340542 0.423438 
1535143416677 0.211349 0.909845 -0.357091 -0.622422 -0.945104 0.283391 0.16269 -0.241877 0.249219 0.303104 0.919792 0.386919 0.160379 -0.0422192 0.986152 0.380839 -0.985358 0.0517245 0.162464 -0.487996 -0.0578673 -0.997769 -0.0333055 0.423181 
1535143416994 0.211315 0.909786 -0.35726 -0.622011 -0.944993 0.283534 0.163084 -0.241759 0.249667 0.303147 0.919657 0.387073 0.158423 -0.0424229 0.98646 0.380871 -0.985276 0.058264 0.160738 -0.487813 -0.0642941 -0.997399 -0.0325679 0.422925 
1535143417183 0.211281 0.909727 -0.35743 -0.6216 -0.944883 0.283676 0.163477 -0.24164 0.250114 0.30319 0.919521 0.387227 0.156465 -0.0426136 0.986764 0.380902 -0.985148 0.0648014 0.159007 -0.48763 -0.0707195 -0.996988 -0.0318416 0.422669 
1535143417749 0.211405 0.909749 -0.357301 -0.621817 -0.944908 0.283704 0.163283 -0.241745 0.249915 0.303098 0.919605 0.387168 0.160885 -0.0420144 0.986078 0.380976 -0.985319 0.0509818 0.162933 -0.488061 -0.0571176 -0.997815 -0.0331954 0.423205 
1535143417873 0.211329 0.909651 -0.357597 -0.621571 -0.944812 0.283823 0.163631 -0.241679 0.250342 0.303282 0.919429 0.387266 0.160286 -0.0418061 0.986185 0.380984 -0.985334 0.0524559 0.162371 -0.488064 -0.0585193 -0.997748 -0.0327851 0.423094 
1535143417889 0.211248 0.909552 -0.357895 -0.62132 -0.944716 0.28394 0.163982 -0.241608 0.25077 0.303468 0.91925 0.387366 0.159685 -0.0415978 0.986291 0.380991 -0.985348 0.053931 0.161807 -0.488062 -0.0599224 -0.997678 -0.0323763 0.422983 
1535143417896 0.211168 0.909454 -0.358192 -0.621069 -0.94462 0.284056 0.164332 -0.241538 0.251199 0.303653 0.919072 0.387467 0.159085 -0.0413885 0.986397 0.380998 -0.985358 0.0554058 0.161242 -0.488061 -0.0613257 -0.997606 -0.0319683 0.422872 
1535143418145 0.211087 0.909356 -0.358489 -0.620818 -0.944524 0.284173 0.164683 -0.241468 0.251628 0.303839 0.918894 0.387567 0.158484 -0.0411784 0.986502 0.381005 -0.985367 0.0568805 0.160676 -0.488059 -0.0627291 -0.997531 -0.0315612 0.422761 
1535143418205 0.211007 0.909258 -0.358785 -0.620567 -0.944428 0.284289 0.165033 -0.241398 0.252057 0.304024 0.918715 0.387667 0.157884 -0.0409673 0.986607 0.381013 -0.985373 0.0583548 0.16011 -0.488059 -0.0641325 -0.997455 -0.0311547 0.42265 
1535143418299 0.210926 0.909159 -0.359082 -0.620315 -0.944331 0.284406 0.165383 -0.241327 0.252485 0.304209 0.918536 0.387767 0.157284 -0.0407554 0.986712 0.38102 -0.985376 0.059829 0.159543 -0.488056 -0.0655362 -0.997376 -0.0307493 0.422539 
1535143418306 0.210845 0.909061 -0.359379 -0.620064 -0.944235 0.284523 0.165734 -0.241257 0.252914 0.304394 0.918357 0.387867 0.156685 -0.0405425 0.986816 0.381027 -0.985378 0.0613028 0.158975 -0.488056 -0.0669399 -0.997295 -0.0303445 0.422428 
1535143418556 0.210764 0.908962 -0.359676 -0.619814 -0.944138 0.284639 0.166084 -0.241187 0.253342 0.304579 0.918177 0.387967 0.156086 -0.0403287 0.98692 0.381034 -0.985376 0.0627764 0.158407 -0.488055 -0.0683436 -0.997212 -0.0299405 0.422317 
1535143418580 0.210682 0.908863 -0.359973 -0.619561 -0.944041 0.284756 0.166434 -0.241116 0.25377 0.304764 0.917997 0.388067 0.155486 -0.0401142 0.987023 0.381041 -0.985373 0.0642499 0.157838 -0.488052 -0.0697477 -0.997127 -0.0295375 0.422207 
1535143418892 0.210777 0.908933 -0.359741 -0.619768 -0.944082 0.284727 0.166252 -0.241162 0.25354 0.304582 0.918121 0.387938 0.155982 -0.0402631 0.986939 0.38107 -0.985383 0.0629376 0.158304 -0.488046 -0.0684894 -0.997205 -0.0298574 0.42238 
1535143418907 0.21072 0.908899 -0.359862 -0.619531 -0.944047 0.284753 0.166404 -0.241065 0.253716 0.304662 0.918046 0.388064 0.15591 -0.0399909 0.986961 0.381073 -0.985396 0.0629592 0.158214 -0.488101 -0.0684654 -0.997215 -0.0295909 0.422323 
1535143418915 0.210664 0.908863 -0.359983 -0.619289 -0.944012 0.284781 0.166556 -0.240965 0.253893 0.304741 0.917971 0.388191 0.155839 -0.0397201 0.986984 0.381075 -0.985409 0.0629808 0.158124 -0.488157 -0.0684417 -0.997224 -0.0293257 0.422266 
1535143419065 0.210609 0.908828 -0.360105 -0.619046 -0.943977 0.284808 0.166707 -0.240864 0.254069 0.304821 0.917896 0.388318 0.155767 -0.0394494 0.987006 0.381078 -0.985422 0.0630024 0.158035 -0.488214 -0.0684181 -0.997233 -0.0290607 0.422209 
1535143419072 0.210553 0.908793 -0.360226 -0.618805 -0.943942 0.284836 0.166859 -0.240765 0.254245 0.3049 0.917821 0.388444 0.155695 -0.0391786 0.987028 0.381081 -0.985435 0.0630238 0.157946 -0.48827 -0.0683944 -0.997243 -0.0287955 0.422152 
1535143419098 0.210498 0.908758 -0.360347 -0.618562 -0.943907 0.284864 0.16701 -0.240664 0.254422 0.304979 0.917746 0.388571 0.155624 -0.0389078 0.98705 0.381083 -0.985447 0.0630453 0.157856 -0.488326 -0.0683707 -0.997252 -0.0285303 0.422096 
1535143419122 0.210442 0.908722 -0.360469 -0.618321 -0.943872 0.284891 0.167162 -0.240565 0.254598 0.305058 0.91767 0.388698 0.155552 -0.0386371 0.987072 0.381086 -0.98546 0.0630668 0.157767 -0.488382 -0.0683471 -0.997261 -0.0282652 0.422039 
1535143419134 0.210386 0.908687 -0.36059 -0.618078 -0.943837 0.284919 0.167314 -0.240464 0.254775 0.305138 0.917595 0.388825 0.15548 -0.0383663 0.987094 0.381089 -0.985473 0.0630882 0.157677 -0.488439 -0.0683235 -0.99727 -0.028 0.421982 
1535143419250 0.210331 0.908652 -0.360712 -0.617837 -0.943801 0.284946 0.167465 -0.240365 0.254951 0.305217 0.91752 0.388951 0.155409 -0.0380955 0.987115 0.381091 -0.985486 0.0631096 0.157588 -0.488495 -0.0682999 -0.997279 -0.0277349 0.421925 
1535143419275 0.210275 0.908616 -0.360833 -0.617594 -0.943766 0.284974 0.167617 -0.240264 0.255127 0.305297 0.917444 0.389078 0.155337 -0.0378247 0.987137 0.381094 -0.985499 0.063131 0.157498 -0.488552 -0.0682763 -0.997288 -0.0274697 0.421868 
1535143419460 0.210139 0.908813 -0.360416 -0.618316 -0.943954 0.284582 0.167225 -0.240436 0.254544 0.305076 0.91768 0.388629 0.155532 -0.0386961 0.987073 0.381066 -0.985469 0.0629778 0.157748 -0.48839 -0.0682679 -0.997264 -0.0283388 0.422051 
1535143419474 0.210228 0.908817 -0.360355 -0.61819 -0.943943 0.284642 0.167182 -0.240382 0.25451 0.305008 0.917712 0.388687 0.155492 -0.0383963 0.987091 0.381065 -0.985477 0.063006 0.157689 -0.488458 -0.0682473 -0.997274 -0.0280418 0.421999 
1535143419492 0.210317 0.908821 -0.360294 -0.61806 -0.943933 0.284703 0.16714 -0.240326 0.254477 0.304941 0.917743 0.388746 0.155454 -0.038097 0.987108 0.381064 -0.985484 0.0630339 0.157631 -0.488529 -0.0682265 -0.997284 -0.0277452 0.421948 
1535143419509 0.210406 0.908825 -0.360232 -0.61793 -0.943922 0.284764 0.167097 -0.240271 0.254443 0.304873 0.917775 0.388804 0.155416 -0.0377977 0.987126 0.381063 -0.985492 0.0630618 0.157573 -0.4886 -0.0682058 -0.997294 -0.0274486 0.421896 
1535143419524 0.210495 0.908828 -0.360171 -0.617801 -0.943911 0.284824 0.167054 -0.240216 0.254409 0.304805 0.917807 0.388863 0.155377 -0.0374985 0.987143 0.381062 -0.985499 0.0630897 0.157515 -0.488669 -0.0681851 -0.997303 -0.0271521 0.421844 
1535143419542 0.210584 0.908832 -0.360109 -0.61767 -0.9439 0.284885 0.167011 -0.240159 0.254375 0.304737 0.917839 0.388922 0.155339 -0.0371992 0.987161 0.381061 -0.985507 0.0631175 0.157457 -0.488741 -0.0681643 -0.997313 -0.0268554 0.421793 
1535143419561 0.210673 0.908836 -0.360048 -0.617539 -0.943889 0.284946 0.166968 -0.240103 0.254341 0.30467 0.917871 0.38898 0.155301 -0.0368998 0.987178 0.38106 -0.985514 0.0631452 0.157399 -0.488812 -0.0681436 -0.997322 -0.0265588 0.421741 
1535143419563 0.210762 0.908839 -0.359986 -0.61741 -0.943879 0.285007 0.166926 -0.240048 0.254307 0.304602 0.917903 0.389039 0.155262 -0.0366005 0.987195 0.381059 -0.985522 0.0631731 0.157341 -0.488882 -0.0681229 -0.997331 -0.0262622 0.421689 
1535143419659 0.210851 0.908843 -0.359925 -0.61728 -0.943868 0.285067 0.166883 -0.239992 0.254273 0.304534 0.917935 0.389098 0.155224 -0.0363012 0.987212 0.381058 -0.985529 0.0632009 0.157283 -0.488952 -0.0681022 -0.99734 -0.0259657 0.421638 
1535143419732 0.210941 0.908847 -0.359864 -0.617149 -0.943857 0.285128 0.16684 -0.239936 0.254239 0.304466 0.917966 0.389157 0.155186 -0.0360019 0.987229 0.381057 -0.985537 0.0632286 0.157225 -0.489024 -0.0680815 -0.997349 -0.025669 0.421586 
1535143419883 0.210488 0.908618 -0.360705 -0.61753 -0.943742 0.28512 0.167503 -0.240206 0.255041 0.305155 0.917515 0.389123 0.155222 -0.0368515 0.987192 0.380979 -0.985539 0.0629701 0.157312 -0.488869 -0.0679608 -0.997335 -0.0265443 0.421763 
1535143419893 0.210542 0.908553 -0.360839 -0.617227 -0.943704 0.285226 0.167536 -0.240079 0.255135 0.305252 0.917457 0.389263 0.158795 -0.0357516 0.986664 0.380992 -0.985634 0.0524885 0.160531 -0.489491 -0.0575278 -0.997981 -0.026903 0.421989 
1535143419900 0.210596 0.908487 -0.360973 -0.616924 -0.943667 0.285332 0.167568 -0.239951 0.25523 0.305349 0.917398 0.389404 0.162362 -0.0346498 0.986123 0.381006 -0.985608 0.0419709 0.163752 -0.490111 -0.0470624 -0.998518 -0.0273367 0.422221 
1535143419907 0.21065 0.908421 -0.361107 -0.616621 -0.943629 0.285437 0.1676 -0.239823 0.255325 0.305446 0.91734 0.389544 0.165915 -0.0335102 0.985571 0.38102 -0.985461 0.0314522 0.166965 -0.490731 -0.0365934 -0.998943 -0.0278046 0.422453 
1535143420117 0.210705 0.908355 -0.361242 -0.616317 -0.943591 0.285544 0.167632 -0.239696 0.255419 0.305544 0.917281 0.389684 0.169454 -0.0323327 0.985008 0.381034 -0.985192 0.0209337 0.170172 -0.491352 -0.026122 -0.999258 -0.0283066 0.422684 
1535143420288 0.210759 0.908289 -0.361376 -0.616014 -0.943553 0.28565 0.167664 -0.239568 0.255514 0.305641 0.917222 0.389824 0.172978 -0.0311174 0.984434 0.381048 -0.984801 0.0104168 0.173372 -0.491973 -0.0156495 -0.999461 -0.0288426 0.422916 
1535143420456 0.210813 0.908223 -0.36151 -0.615711 -0.943516 0.285755 0.167696 -0.239441 0.255609 0.305737 0.917163 0.389965 0.176487 -0.0298648 0.98385 0.381062 -0.984289 -9.71628e-05 0.176563 -0.492592 -0.00517743 -0.999554 -0.0294127 0.423148 
1535143420649 0.210867 0.908157 -0.361644 -0.615407 -0.943478 0.285861 0.167729 -0.239313 0.255704 0.305834 0.917105 0.390105 0.179982 -0.0285746 0.983255 0.381076 -0.983656 -0.0106072 0.179747 -0.493214 0.00529335 -0.999535 -0.0300167 0.42338 
1535143420716 0.210922 0.908091 -0.361778 -0.615104 -0.94344 0.285967 0.16776 -0.239185 0.255798 0.305932 0.917046 0.390245 0.18346 -0.0272473 0.982649 0.38109 -0.982901 -0.0211116 0.182922 -0.493833 0.0157612 -0.999406 -0.0306546 0.423612 
1535143420821 0.210976 0.908025 -0.361912 -0.614801 -0.943402 0.286073 0.167793 -0.239058 0.255893 0.306029 0.916987 0.390386 0.186922 -0.025883 0.982034 0.381103 -0.982025 -0.0316093 0.186087 -0.494453 0.0262249 -0.999165 -0.0313263 0.423843 
1535143421736 0.210615 0.908133 -0.361852 -0.61506 -0.943484 0.285725 0.167925 -0.239017 0.255888 0.306034 0.916987 0.390215 0.18315 -0.027641 0.982696 0.381047 -0.982971 -0.0203924 0.182628 -0.49365 0.0149915 -0.99941 -0.0309051 0.423535 
1535143421748 0.210728 0.908165 -0.361704 -0.614703 -0.943432 0.285834 0.16803 -0.238888 0.255986 0.305835 0.917026 0.390343 0.180835 -0.0283484 0.983105 0.381036 -0.983478 -0.013681 0.180509 -0.49346 0.00833273 -0.999504 -0.0303541 0.423326 
1535143421755 0.210841 0.908197 -0.361558 -0.614346 -0.943381 0.285944 0.168135 -0.238758 0.256085 0.305637 0.917064 0.39047 0.178511 -0.0290403 0.983509 0.381023 -0.983937 -0.00696669 0.178382 -0.493264 0.00167153 -0.999554 -0.0298175 0.423116 
1535143421980 0.210954 0.908229 -0.361412 -0.613988 -0.943329 0.286054 0.168239 -0.238629 0.256183 0.305439 0.917103 0.390598 0.176181 -0.0297163 0.983909 0.38101 -0.984345 -0.000250603 0.176251 -0.493068 -0.00499097 -0.999558 -0.0292953 0.422907 
1535143422141 0.211066 0.908261 -0.361265 -0.613631 -0.943277 0.286163 0.168344 -0.238499 0.256281 0.305241 0.917141 0.390726 0.173846 -0.0303765 0.984304 0.380997 -0.984704 0.00646701 0.174116 -0.492871 -0.0116545 -0.999518 -0.0287876 0.422698 
1535143422146 0.211179 0.908293 -0.361119 -0.613273 -0.943225 0.286273 0.168449 -0.238369 0.25638 0.305043 0.917179 0.390854 0.171505 -0.0310208 0.984695 0.380984 -0.985013 0.0131858 0.171976 -0.492674 -0.0183188 -0.999432 -0.0282944 0.422489 
1535143422392 0.211292 0.908325 -0.360972 -0.612915 -0.943173 0.286382 0.168554 -0.23824 0.256478 0.304845 0.917218 0.390982 0.16916 -0.0316489 0.98508 0.380972 -0.985272 0.0199052 0.169832 -0.492479 -0.0249832 -0.999301 -0.0278156 0.42228 
1535143422572 0.211405 0.908357 -0.360826 -0.612558 -0.943121 0.286492 0.168659 -0.23811 0.256576 0.304647 0.917256 0.391109 0.166809 -0.0322612 0.985461 0.380959 -0.985481 0.0266252 0.167684 -0.492282 -0.0316478 -0.999125 -0.0273515 0.42207 
1535143422741 0.211518 0.908389 -0.36068 -0.6122 -0.943069 0.286601 0.168764 -0.237981 0.256674 0.304449 0.917294 0.391237 0.164454 -0.0328573 0.985837 0.380946 -0.98564 0.0333452 0.165533 -0.492087 -0.0383119 -0.998904 -0.0269018 0.421861 
1535143422914 0.211631 0.908421 -0.360533 -0.611842 -0.943017 0.286711 0.168868 -0.237851 0.256772 0.304251 0.917333 0.391365 0.162093 -0.0334376 0.986209 0.380933 -0.98575 0.0400651 0.163376 -0.491889 -0.0449755 -0.998637 -0.0264668 0.421652 
1535143423750 0.211836 0.908361 -0.360563 -0.612051 -0.942989 0.286886 0.168728 -0.238031 0.256706 0.304264 0.917347 0.391287 0.162381 -0.0331889 0.98617 0.380932 -0.985738 0.0393042 0.163632 -0.49205 -0.0441914 -0.998676 -0.0263333 0.421711 
1535143423758 0.211998 0.908295 -0.360633 -0.611732 -0.942907 0.287103 0.168815 -0.237902 0.256873 0.304255 0.917303 0.391402 0.162156 -0.0331276 0.986209 0.380945 -0.985747 0.0399473 0.163422 -0.492121 -0.0448102 -0.998652 -0.0261777 0.421639 
1535143423771 0.212159 0.908229 -0.360705 -0.611409 -0.942825 0.28732 0.168902 -0.237771 0.25704 0.304248 0.917259 0.391518 0.16193 -0.0330655 0.986248 0.380957 -0.985756 0.0405909 0.16321 -0.492192 -0.0454294 -0.998629 -0.0260216 0.421568 
1535143423778 0.21232 0.908163 -0.360777 -0.611086 -0.942743 0.287537 0.168989 -0.237639 0.257206 0.30424 0.917215 0.391633 0.161704 -0.0330033 0.986287 0.38097 -0.985764 0.0412346 0.162998 -0.492263 -0.0460486 -0.998604 -0.0258657 0.421496 
