1533292288222 0.164871 0.935315 -0.313056 -0.602986 -0.953307 0.232539 0.192696 -0.219039 0.253029 0.266668 0.929981 0.379152 1 0 0 0 0 1 0 0 0 0 1 1.306 
1533292288252 0.167321 0.935729 -0.310509 -0.604736 -0.952495 0.234716 0.194063 -0.218615 0.254472 0.263288 0.93055 0.379414 0.313239 -0.3866 0.867422 0.386189 -0.93126 -0.304042 0.200784 -0.500186 0.18611 -0.870689 -0.455263 0.505382 
1533292288258 0.169773 0.936128 -0.307964 -0.606487 -0.951677 0.236887 0.195436 -0.21819 0.255906 0.259902 0.931108 0.379676 0.316244 -0.384866 0.867103 0.400217 -0.929998 -0.306258 0.203249 -0.50405 0.187334 -0.87068 -0.454777 0.486145 
1533292288289 0.172227 0.936513 -0.305419 -0.608237 -0.950852 0.23905 0.196815 -0.217765 0.257331 0.256511 0.931656 0.379938 0.316258 -0.384857 0.867102 0.400836 -0.929992 -0.306267 0.203261 -0.504368 0.187338 -0.870681 -0.454774 0.485921 
1533292288310 0.174684 0.936884 -0.302874 -0.609987 -0.950019 0.241207 0.1982 -0.217341 0.258746 0.253114 0.932193 0.3802 0.316239 -0.384881 0.867098 0.400855 -0.93 -0.306257 0.203241 -0.504361 0.187331 -0.870674 -0.454789 0.485943 
1533292288375 0.177145 0.937241 -0.300331 -0.611737 -0.949179 0.243358 0.19959 -0.216916 0.260152 0.249712 0.932719 0.380462 0.316214 -0.384899 0.867099 0.400827 -0.930009 -0.306245 0.203216 -0.504329 0.187327 -0.87067 -0.454799 0.48594 
1533292288391 0.179608 0.937584 -0.297788 -0.613487 -0.948332 0.245503 0.200985 -0.216492 0.261549 0.246304 0.933235 0.380724 0.3162 -0.384907 0.867101 0.400798 -0.930014 -0.306239 0.203202 -0.504306 0.187326 -0.870669 -0.454801 0.485922 
1533292288412 0.182075 0.937911 -0.295248 -0.615236 -0.947477 0.247641 0.202386 -0.216067 0.262936 0.242891 0.933739 0.380986 0.316197 -0.384904 0.867103 0.400778 -0.930014 -0.30624 0.2032 -0.504292 0.187329 -0.87067 -0.454799 0.485903 
1533292288462 0.184544 0.938225 -0.292708 -0.616973 -0.946616 0.249774 0.203792 -0.21564 0.264313 0.239473 0.934233 0.38125 0.316201 -0.384895 0.867106 0.400765 -0.930012 -0.306246 0.203202 -0.504277 0.187337 -0.870672 -0.454792 0.485883 
1533292288477 0.187015 0.938516 -0.290193 -0.618564 -0.945748 0.251904 0.205198 -0.2152 0.265682 0.236075 0.934709 0.38153 0.316123 -0.384928 0.86712 0.40068 -0.93004 -0.30621 0.20313 -0.504144 0.18733 -0.87067 -0.454798 0.485852 
1533292288502 0.166068 0.936199 -0.309761 -0.603966 -0.952768 0.233329 0.1944 -0.218267 0.254273 0.262847 0.930729 0.379739 1 0 0 0 0 1 0 0 0 0 1 1.306 
1533292288523 0.168401 0.936513 -0.307544 -0.605618 -0.952007 0.235421 0.195602 -0.21792 0.255586 0.259845 0.931212 0.379942 0.313239 -0.3866 0.867422 0.386189 -0.93126 -0.304042 0.200784 -0.500186 0.18611 -0.870689 -0.455263 0.505382 
1533292288541 0.170736 0.936816 -0.305329 -0.60727 -0.951239 0.237508 0.196808 -0.217572 0.256891 0.256838 0.931687 0.380146 0.316244 -0.384866 0.867103 0.400217 -0.929998 -0.306258 0.203249 -0.50405 0.187334 -0.87068 -0.454777 0.486145 
1533292288551 0.173072 0.937106 -0.303113 -0.608923 -0.950466 0.23959 0.198019 -0.217225 0.258188 0.253827 0.932154 0.380349 0.316258 -0.384857 0.867102 0.400836 -0.929992 -0.306267 0.203261 -0.504368 0.187338 -0.870681 -0.454774 0.485921 
1533292288558 0.175411 0.937385 -0.300898 -0.610575 -0.949686 0.241666 0.199235 -0.216878 0.259477 0.25081 0.932612 0.380552 0.316239 -0.384881 0.867098 0.400855 -0.93 -0.306257 0.203241 -0.504361 0.187331 -0.870674 -0.454789 0.485943 
1533292288616 0.177752 0.937652 -0.298684 -0.612227 -0.948899 0.243738 0.200455 -0.21653 0.260758 0.24779 0.933062 0.380755 0.316214 -0.384899 0.867099 0.400827 -0.930009 -0.306245 0.203216 -0.504329 0.187327 -0.87067 -0.454799 0.48594 
1533292288633 0.180095 0.937908 -0.296471 -0.613878 -0.948106 0.245804 0.20168 -0.216183 0.262031 0.244765 0.933504 0.380959 0.3162 -0.384907 0.867101 0.400798 -0.930014 -0.306239 0.203202 -0.504306 0.187326 -0.870669 -0.454801 0.485922 
1533292288686 0.182441 0.938151 -0.29426 -0.61553 -0.947307 0.247866 0.202909 -0.215835 0.263297 0.241736 0.933937 0.381162 0.316197 -0.384904 0.867103 0.400778 -0.930014 -0.30624 0.2032 -0.504292 0.187329 -0.87067 -0.454799 0.485903 
1533292288701 0.184788 0.938382 -0.29205 -0.617169 -0.946501 0.249922 0.204143 -0.215486 0.264554 0.238702 0.934362 0.381367 0.316201 -0.384895 0.867106 0.400765 -0.930012 -0.306246 0.203202 -0.504277 0.187337 -0.870672 -0.454792 0.485883 
1533292288721 0.187137 0.938594 -0.289863 -0.618673 -0.945689 0.251977 0.205376 -0.215123 0.265804 0.235687 0.934773 0.381588 0.316123 -0.384928 0.86712 0.40068 -0.93004 -0.30621 0.20313 -0.504145 0.18733 -0.87067 -0.454798 0.485852 
1533292288768 0.171337 0.936873 -0.304815 -0.608629 -0.951061 0.238036 0.197031 -0.217099 0.25715 0.256139 0.931808 0.379858 1 0 0 0 0 1 0 0 0 0 1 1.306 
1533292288780 0.17269 0.936476 -0.305273 -0.60915 -0.951069 0.239154 0.195633 -0.216769 0.256213 0.256552 0.931953 0.379774 0.313239 -0.3866 0.867422 0.386189 -0.93126 -0.304042 0.200784 -0.500185 0.18611 -0.870689 -0.455263 0.505382 
1533292288804 0.174042 0.936076 -0.305729 -0.609671 -0.951075 0.24027 0.194236 -0.216439 0.255277 0.256966 0.932095 0.379691 0.316244 -0.384866 0.867103 0.400216 -0.929998 -0.306258 0.203249 -0.504049 0.187334 -0.87068 -0.454777 0.486145 
1533292288896 0.175396 0.935675 -0.306185 -0.610192 -0.951077 0.241385 0.192837 -0.21611 0.254341 0.257382 0.932237 0.379607 0.316258 -0.384857 0.867102 0.400836 -0.929992 -0.306267 0.203261 -0.504368 0.187338 -0.870681 -0.454774 0.485921 
1533292288915 0.176749 0.935272 -0.306638 -0.610713 -0.951076 0.2425 0.191437 -0.21578 0.253406 0.257799 0.932376 0.379524 0.316239 -0.384881 0.867098 0.400855 -0.93 -0.306257 0.203241 -0.504361 0.187331 -0.870674 -0.454789 0.485943 
1533292288925 0.178102 0.934867 -0.307089 -0.611235 -0.951072 0.243614 0.190037 -0.21545 0.25247 0.258217 0.932514 0.379441 0.316214 -0.384899 0.867099 0.400827 -0.930009 -0.306245 0.203216 -0.504329 0.187327 -0.87067 -0.454799 0.48594 
1533292288981 0.179456 0.93446 -0.307538 -0.611756 -0.951066 0.244726 0.188636 -0.21512 0.251535 0.258637 0.932651 0.379357 0.3162 -0.384907 0.867101 0.400798 -0.930014 -0.306239 0.203202 -0.504306 0.187326 -0.870669 -0.454801 0.485922 
1533292289000 0.18081 0.934052 -0.307984 -0.612277 -0.951056 0.245838 0.187233 -0.21479 0.2506 0.259057 0.932786 0.379274 0.316197 -0.384904 0.867103 0.400778 -0.930014 -0.30624 0.2032 -0.504292 0.187329 -0.87067 -0.454799 0.485903 
1533292289012 0.182164 0.933642 -0.308429 -0.612796 -0.951043 0.246948 0.18583 -0.214461 0.249665 0.259478 0.932919 0.37919 0.316201 -0.384895 0.867106 0.400765 -0.930012 -0.306246 0.203202 -0.504277 0.187337 -0.870672 -0.454792 0.485883 
1533292289069 0.183514 0.933231 -0.308874 -0.613287 -0.951027 0.248056 0.184432 -0.214141 0.248736 0.259902 0.93305 0.379105 0.316123 -0.384928 0.86712 0.40068 -0.93004 -0.30621 0.20313 -0.504145 0.18733 -0.87067 -0.454798 0.485852 
