1533551863436 0.102815 0.944054 -0.313354 -0.603894 -0.958948 0.177773 0.220941 -0.226229 0.264286 0.277775 0.923577 0.380764 1 0 0 0 0 1 0 0 0 0 1 1.306 
1533551863447 0.102646 0.943994 -0.31359 -0.603882 -0.958878 0.177763 0.221252 -0.226212 0.264605 0.277984 0.923422 0.380839 0.313239 -0.3866 0.867422 0.386189 -0.93126 -0.304042 0.200784 -0.500185 0.18611 -0.870689 -0.455263 0.505382 
1533551863712 0.102477 0.943934 -0.313827 -0.60387 -0.958809 0.177754 0.221561 -0.226196 0.264923 0.278195 0.923268 0.380914 0.316244 -0.384866 0.867103 0.400216 -0.929998 -0.306258 0.203249 -0.504049 0.187334 -0.87068 -0.454777 0.486145 
1533551863895 0.102308 0.943874 -0.314063 -0.603857 -0.958739 0.177744 0.221871 -0.226179 0.265241 0.278405 0.923113 0.380988 0.316258 -0.384857 0.867102 0.400836 -0.929992 -0.306267 0.203261 -0.504368 0.187338 -0.870681 -0.454774 0.485921 
1533551864084 0.102139 0.943813 -0.314299 -0.603845 -0.958669 0.177735 0.22218 -0.226163 0.265558 0.278616 0.922958 0.381063 0.316239 -0.384881 0.867098 0.400855 -0.93 -0.306257 0.203241 -0.504361 0.187331 -0.870674 -0.454789 0.485943 
1533551864275 0.10197 0.943753 -0.314535 -0.603833 -0.958599 0.177725 0.222489 -0.226146 0.265876 0.278826 0.922803 0.381138 0.316214 -0.384899 0.867099 0.400827 -0.930009 -0.306245 0.203216 -0.504329 0.187327 -0.87067 -0.454799 0.48594 
1533551864461 0.1018 0.943693 -0.314771 -0.603821 -0.958529 0.177716 0.222799 -0.226129 0.266193 0.279037 0.922648 0.381213 0.3162 -0.384907 0.867101 0.400798 -0.930014 -0.306239 0.203202 -0.504306 0.187326 -0.870669 -0.454801 0.485922 
1533551864468 0.101631 0.943632 -0.315007 -0.603809 -0.958459 0.177707 0.223108 -0.226113 0.266511 0.279247 0.922493 0.381288 0.316197 -0.384904 0.867103 0.400778 -0.930014 -0.30624 0.2032 -0.504292 0.187329 -0.87067 -0.454799 0.485903 
1533551864648 0.101461 0.943572 -0.315243 -0.603797 -0.958388 0.177697 0.223417 -0.226096 0.266828 0.279457 0.922338 0.381362 0.316201 -0.384895 0.867106 0.400765 -0.930012 -0.306246 0.203202 -0.504277 0.187337 -0.870672 -0.454792 0.485883 
1533551864839 0.101292 0.943511 -0.315478 -0.603788 -0.958318 0.177688 0.223726 -0.22608 0.267145 0.279667 0.922182 0.381435 0.316123 -0.384928 0.86712 0.40068 -0.93004 -0.30621 0.20313 -0.504145 0.18733 -0.87067 -0.454798 0.485852 
1533551865007 0.101245 0.943526 -0.31545 -0.603787 -0.958363 0.177596 0.223607 -0.226088 0.267002 0.279676 0.922221 0.381401 1 0 0 0 0 1 0 0 0 0 1 1.306 
1533551865022 0.101235 0.943518 -0.315475 -0.603786 -0.958351 0.177606 0.22365 -0.226086 0.267049 0.279695 0.922202 0.381412 0.313239 -0.3866 0.867422 0.386189 -0.93126 -0.304042 0.200784 -0.500185 0.18611 -0.870689 -0.455263 0.505382 
1533551865035 0.101224 0.94351 -0.315502 -0.603784 -0.958339 0.177617 0.223694 -0.226083 0.267096 0.279715 0.922182 0.381423 0.316244 -0.384866 0.867103 0.400216 -0.929998 -0.306258 0.203249 -0.504049 0.187334 -0.87068 -0.454777 0.486145 
1533551865052 0.101214 0.943503 -0.315529 -0.603783 -0.958327 0.177627 0.223737 -0.226081 0.267142 0.279734 0.922162 0.381434 0.316258 -0.384857 0.867102 0.400836 -0.929992 -0.306267 0.203261 -0.504368 0.187338 -0.870681 -0.454774 0.485921 
1533551865069 0.101204 0.943495 -0.315555 -0.603781 -0.958315 0.177637 0.22378 -0.226078 0.267189 0.279754 0.922143 0.381445 0.316239 -0.384881 0.867098 0.400855 -0.93 -0.306257 0.203241 -0.504361 0.187331 -0.870674 -0.454789 0.485943 
1533551865075 0.101193 0.943487 -0.315582 -0.60378 -0.958303 0.177647 0.223823 -0.226076 0.267236 0.279774 0.922123 0.381456 0.316214 -0.384899 0.867099 0.400827 -0.930009 -0.306245 0.203216 -0.504329 0.187327 -0.87067 -0.454799 0.48594 
1533551865089 0.101183 0.943479 -0.315608 -0.603779 -0.958291 0.177658 0.223866 -0.226074 0.267283 0.279793 0.922104 0.381468 0.3162 -0.384907 0.867101 0.400798 -0.930014 -0.306239 0.203202 -0.504306 0.187326 -0.870669 -0.454801 0.485922 
1533551865118 0.101172 0.943472 -0.315635 -0.603777 -0.958279 0.177668 0.223909 -0.226071 0.26733 0.279813 0.922084 0.381479 0.316197 -0.384904 0.867103 0.400778 -0.930014 -0.30624 0.2032 -0.504292 0.187329 -0.87067 -0.454799 0.485903 
1533551865124 0.101162 0.943464 -0.315661 -0.603776 -0.958267 0.177678 0.223952 -0.226069 0.267376 0.279832 0.922065 0.38149 0.316201 -0.384895 0.867106 0.400765 -0.930012 -0.306246 0.203202 -0.504277 0.187337 -0.870672 -0.454792 0.485883 
1533551865395 0.101152 0.943456 -0.315687 -0.603775 -0.958255 0.177689 0.223994 -0.226066 0.267423 0.279851 0.922046 0.381501 0.316123 -0.384928 0.86712 0.40068 -0.93004 -0.30621 0.20313 -0.504145 0.18733 -0.87067 -0.454798 0.485852 
1533551865521 0.100978 0.943449 -0.315766 -0.603792 -0.958304 0.177514 0.223923 -0.226035 0.267313 0.279988 0.922036 0.381431 1 0 0 0 0 1 0 0 0 0 1 1.306 
1533551865534 0.10089 0.943479 -0.315704 -0.603795 -0.958254 0.177479 0.224164 -0.226063 0.267525 0.279908 0.921999 0.381408 0.313239 -0.3866 0.867422 0.386189 -0.93126 -0.304042 0.200784 -0.500185 0.18611 -0.870689 -0.455263 0.505382 
1533551865746 0.100801 0.943509 -0.315641 -0.603798 -0.958204 0.177444 0.224406 -0.226092 0.267738 0.279829 0.921961 0.381386 0.316244 -0.384866 0.867103 0.400216 -0.929998 -0.306258 0.203249 -0.504049 0.187334 -0.87068 -0.454777 0.486145 
1533551865753 0.100713 0.943539 -0.315579 -0.603801 -0.958154 0.177409 0.224647 -0.22612 0.26795 0.279749 0.921924 0.381363 0.316258 -0.384857 0.867102 0.400836 -0.929992 -0.306267 0.203261 -0.504368 0.187338 -0.870681 -0.454774 0.485921 
1533551865927 0.100624 0.943569 -0.315518 -0.603804 -0.958104 0.177374 0.224888 -0.226148 0.268163 0.279669 0.921886 0.38134 0.316239 -0.384881 0.867098 0.400855 -0.93 -0.306257 0.203241 -0.504361 0.187331 -0.870674 -0.454789 0.485943 
1533551866096 0.100536 0.9436 -0.315455 -0.603807 -0.958054 0.177339 0.22513 -0.226176 0.268375 0.27959 0.921848 0.381317 0.316214 -0.384899 0.867099 0.400827 -0.930009 -0.306245 0.203216 -0.504329 0.187327 -0.87067 -0.454799 0.48594 
1533551866345 0.100447 0.94363 -0.315393 -0.603811 -0.958004 0.177304 0.225371 -0.226205 0.268587 0.27951 0.921811 0.381295 0.3162 -0.384907 0.867101 0.400798 -0.930014 -0.306239 0.203202 -0.504306 0.187326 -0.870669 -0.454801 0.485922 
1533551866352 0.100359 0.94366 -0.315331 -0.603814 -0.957953 0.177269 0.225612 -0.226233 0.2688 0.279431 0.921773 0.381272 0.316197 -0.384904 0.867103 0.400778 -0.930014 -0.30624 0.2032 -0.504292 0.187329 -0.87067 -0.454799 0.485903 
1533551866568 0.100271 0.94369 -0.31527 -0.603817 -0.957903 0.177234 0.225853 -0.226261 0.269012 0.279351 0.921735 0.381249 0.316201 -0.384895 0.867106 0.400765 -0.930012 -0.306246 0.203202 -0.504277 0.187337 -0.870672 -0.454792 0.485883 
1533551866575 0.100182 0.94372 -0.315208 -0.603818 -0.957853 0.177199 0.226094 -0.226288 0.269224 0.279272 0.921697 0.381228 0.316123 -0.384928 0.86712 0.40068 -0.93004 -0.30621 0.20313 -0.504145 0.18733 -0.87067 -0.454798 0.485852 
1533551866880 0.100234 0.943713 -0.315211 -0.603815 -0.957943 0.177149 0.225752 -0.226241 0.268885 0.279327 0.92178 0.381247 1 0 0 0 0 1 0 0 0 0 1 1.306 
1533551867197 0.100373 0.943642 -0.315381 -0.60381 -0.957988 0.177256 0.225473 -0.226227 0.268669 0.2795 0.92179 0.381257 0.313239 -0.3866 0.867422 0.386189 -0.93126 -0.304042 0.200784 -0.500185 0.18611 -0.870689 -0.455263 0.505382 
1533551867450 0.100512 0.94357 -0.315552 -0.603804 -0.958034 0.177363 0.225195 -0.226212 0.268454 0.279675 0.9218 0.381268 0.316244 -0.384866 0.867103 0.400216 -0.929998 -0.306258 0.203249 -0.504049 0.187334 -0.87068 -0.454777 0.486145 
1533551867675 0.100651 0.943498 -0.315723 -0.603799 -0.95808 0.17747 0.224916 -0.226198 0.268239 0.27985 0.921809 0.381278 0.316258 -0.384857 0.867102 0.400836 -0.929992 -0.306267 0.203261 -0.504368 0.187338 -0.870681 -0.454774 0.485921 
1533551867813 0.100789 0.943426 -0.315893 -0.603793 -0.958126 0.177576 0.224637 -0.226183 0.268023 0.280024 0.921819 0.381288 0.316239 -0.384881 0.867098 0.400855 -0.93 -0.306257 0.203241 -0.504361 0.187331 -0.870674 -0.454789 0.485943 
1533551867820 0.100928 0.943354 -0.316064 -0.603788 -0.958171 0.177683 0.224358 -0.226169 0.267808 0.280199 0.921828 0.381299 0.316214 -0.384899 0.867099 0.400827 -0.930009 -0.306245 0.203216 -0.504329 0.187327 -0.87067 -0.454799 0.48594 
1533551867995 0.101067 0.943282 -0.316234 -0.603782 -0.958217 0.17779 0.224079 -0.226155 0.267592 0.280374 0.921838 0.381309 0.3162 -0.384907 0.867101 0.400798 -0.930014 -0.306239 0.203202 -0.504306 0.187326 -0.870669 -0.454801 0.485922 
1533551868224 0.101206 0.94321 -0.316405 -0.603777 -0.958262 0.177896 0.2238 -0.22614 0.267377 0.280549 0.921847 0.381319 0.316197 -0.384904 0.867103 0.400778 -0.930014 -0.30624 0.2032 -0.504292 0.187329 -0.87067 -0.454799 0.485903 
1533551868385 0.101345 0.943138 -0.316575 -0.603771 -0.958308 0.178002 0.223521 -0.226126 0.267162 0.280723 0.921856 0.381329 0.316201 -0.384895 0.867106 0.400765 -0.930012 -0.306246 0.203202 -0.504277 0.187337 -0.870672 -0.454792 0.485883 
1533551868537 0.101484 0.943066 -0.316745 -0.603769 -0.958353 0.178109 0.223242 -0.226114 0.266947 0.280898 0.921865 0.381338 0.316123 -0.384928 0.86712 0.40068 -0.93004 -0.30621 0.20313 -0.504145 0.18733 -0.87067 -0.454798 0.485852 
1533551868715 0.101394 0.943079 -0.316734 -0.603797 -0.958325 0.178063 0.2234 -0.226079 0.267083 0.280883 0.921831 0.381345 1 0 0 0 0 1 0 0 0 0 1 1.306 
1533551868727 0.101381 0.943065 -0.316781 -0.603794 -0.958312 0.178076 0.223443 -0.226089 0.267132 0.280923 0.921804 0.381346 0.313239 -0.3866 0.867422 0.386189 -0.93126 -0.304042 0.200784 -0.500185 0.18611 -0.870689 -0.455263 0.505382 
1533551868744 0.101367 0.94305 -0.316829 -0.603792 -0.9583 0.178089 0.223486 -0.226099 0.267183 0.280963 0.921777 0.381347 0.316244 -0.384866 0.867103 0.400216 -0.929998 -0.306258 0.203249 -0.504049 0.187334 -0.87068 -0.454777 0.486145 
1533551869011 0.101354 0.943036 -0.316877 -0.603789 -0.958287 0.178103 0.22353 -0.226108 0.267233 0.281003 0.92175 0.381348 0.316258 -0.384857 0.867102 0.400836 -0.929992 -0.306267 0.203261 -0.504368 0.187338 -0.870681 -0.454774 0.485921 
1533551869165 0.101341 0.943021 -0.316924 -0.603787 -0.958274 0.178117 0.223573 -0.226118 0.267284 0.281043 0.921723 0.381349 0.316239 -0.384881 0.867098 0.400855 -0.93 -0.306257 0.203241 -0.504361 0.187331 -0.870674 -0.454789 0.485943 
1533551869301 0.101327 0.943007 -0.316972 -0.603784 -0.958262 0.17813 0.223617 -0.226128 0.267334 0.281083 0.921697 0.38135 0.316214 -0.384899 0.867099 0.400827 -0.930009 -0.306245 0.203216 -0.504329 0.187327 -0.87067 -0.454799 0.48594 
1533551869414 0.101314 0.942992 -0.317019 -0.603781 -0.958249 0.178144 0.22366 -0.226138 0.267385 0.281123 0.92167 0.381352 0.3162 -0.384907 0.867101 0.400798 -0.930014 -0.306239 0.203202 -0.504306 0.187326 -0.870669 -0.454801 0.485922 
1533551869615 0.101301 0.942978 -0.317067 -0.603779 -0.958236 0.178158 0.223703 -0.226148 0.267435 0.281164 0.921643 0.381353 0.316197 -0.384904 0.867103 0.400778 -0.930014 -0.30624 0.2032 -0.504292 0.187329 -0.87067 -0.454799 0.485903 
1533551869709 0.101287 0.942963 -0.317114 -0.603776 -0.958224 0.178171 0.223747 -0.226157 0.267486 0.281203 0.921616 0.381354 0.316201 -0.384895 0.867106 0.400765 -0.930012 -0.306246 0.203202 -0.504277 0.187337 -0.870672 -0.454792 0.485883 
1533551869773 0.101274 0.942949 -0.317161 -0.603774 -0.958211 0.178185 0.22379 -0.226167 0.267536 0.281243 0.921589 0.381355 0.316123 -0.384928 0.86712 0.40068 -0.93004 -0.30621 0.20313 -0.504145 0.18733 -0.87067 -0.454798 0.485852 
1533551869930 0.101268 0.942984 -0.317057 -0.60377 -0.958221 0.178145 0.223778 -0.22611 0.267501 0.281149 0.921628 0.381355 1 0 0 0 0 1 0 0 0 0 1 1.306 
1533551869941 0.101248 0.942991 -0.317043 -0.603768 -0.958236 0.178109 0.223742 -0.226114 0.267455 0.281148 0.921642 0.381346 0.313239 -0.3866 0.867422 0.386189 -0.93126 -0.304042 0.200784 -0.500185 0.18611 -0.870689 -0.455263 0.505382 
1533551869958 0.101227 0.942999 -0.317027 -0.603766 -0.958252 0.178072 0.223705 -0.226119 0.267408 0.281147 0.921656 0.381337 0.316244 -0.384866 0.867103 0.400216 -0.929998 -0.306258 0.203249 -0.504049 0.187334 -0.87068 -0.454777 0.486145 
1533551869974 0.101207 0.943006 -0.317013 -0.603764 -0.958267 0.178036 0.223669 -0.226123 0.267361 0.281146 0.92167 0.381329 0.316258 -0.384857 0.867102 0.400836 -0.929992 -0.306267 0.203261 -0.504368 0.187338 -0.870681 -0.454774 0.485921 
1533551870125 0.101187 0.943013 -0.316998 -0.603762 -0.958282 0.178001 0.223632 -0.226128 0.267314 0.281145 0.921684 0.38132 0.316239 -0.384881 0.867098 0.400855 -0.93 -0.306257 0.203241 -0.504361 0.187331 -0.870674 -0.454789 0.485943 
1533551870291 0.101167 0.94302 -0.316984 -0.60376 -0.958297 0.177965 0.223595 -0.226132 0.267267 0.281144 0.921698 0.381311 0.316214 -0.384899 0.867099 0.400827 -0.930009 -0.306245 0.203216 -0.504329 0.187327 -0.87067 -0.454799 0.48594 
1533551870454 0.101147 0.943027 -0.316969 -0.603758 -0.958313 0.177929 0.223559 -0.226136 0.26722 0.281143 0.921712 0.381302 0.3162 -0.384907 0.867101 0.400798 -0.930014 -0.306239 0.203202 -0.504306 0.187326 -0.870669 -0.454801 0.485922 
1533551870574 0.101127 0.943034 -0.316954 -0.603756 -0.958328 0.177893 0.223522 -0.226141 0.267173 0.281142 0.921726 0.381293 0.316197 -0.384904 0.867103 0.400778 -0.930014 -0.30624 0.2032 -0.504292 0.187329 -0.87067 -0.454799 0.485903 
1533551870691 0.101107 0.943041 -0.31694 -0.603754 -0.958343 0.177857 0.223485 -0.226145 0.267126 0.281141 0.921739 0.381285 0.316201 -0.384895 0.867106 0.400765 -0.930012 -0.306246 0.203202 -0.504277 0.187337 -0.870672 -0.454792 0.485883 
1533551870886 0.101087 0.943048 -0.316925 -0.603752 -0.958358 0.177822 0.223449 -0.22615 0.267079 0.28114 0.921753 0.381276 0.316123 -0.384928 0.86712 0.40068 -0.93004 -0.30621 0.20313 -0.504145 0.18733 -0.87067 -0.454798 0.485852 
1533551871030 0.101008 0.943056 -0.316928 -0.603735 -0.95833 0.177787 0.223599 -0.226108 0.267212 0.281136 0.921716 0.381284 1 0 0 0 0 1 0 0 0 0 1 1.306 
1533551871041 0.101008 0.943056 -0.316926 -0.603737 -0.958333 0.177784 0.223587 -0.226111 0.2672 0.281137 0.921719 0.381279 0.313239 -0.3866 0.867422 0.386189 -0.93126 -0.304042 0.200784 -0.500185 0.18611 -0.870689 -0.455263 0.505382 
1533551871058 0.101009 0.943057 -0.316925 -0.603738 -0.958336 0.177781 0.223577 -0.226113 0.267189 0.281137 0.921722 0.381273 0.316244 -0.384866 0.867103 0.400216 -0.929998 -0.306258 0.203249 -0.504049 0.187334 -0.87068 -0.454777 0.486145 
1533551871074 0.10101 0.943057 -0.316923 -0.603739 -0.958339 0.177778 0.223567 -0.226116 0.267178 0.281137 0.921725 0.381268 0.316258 -0.384857 0.867102 0.400836 -0.929992 -0.306267 0.203261 -0.504368 0.187338 -0.870681 -0.454774 0.485921 
1533551871091 0.101011 0.943057 -0.316922 -0.603741 -0.958341 0.177776 0.223556 -0.226118 0.267168 0.281138 0.921728 0.381262 0.316239 -0.384881 0.867098 0.400855 -0.93 -0.306257 0.203241 -0.504361 0.187331 -0.870674 -0.454789 0.485943 
1533551871108 0.101012 0.943058 -0.316921 -0.603743 -0.958344 0.177773 0.223547 -0.22612 0.267158 0.281138 0.921731 0.381257 0.316214 -0.384899 0.867099 0.400827 -0.930009 -0.306245 0.203216 -0.504329 0.187327 -0.87067 -0.454799 0.48594 
1533551871124 0.101013 0.943058 -0.316919 -0.603744 -0.958347 0.177771 0.223536 -0.226123 0.267146 0.281139 0.921734 0.381252 0.3162 -0.384907 0.867101 0.400798 -0.930014 -0.306239 0.203202 -0.504306 0.187326 -0.870669 -0.454801 0.485922 
1533551871141 0.101014 0.943058 -0.316918 -0.603745 -0.95835 0.177768 0.223526 -0.226125 0.267136 0.281139 0.921737 0.381246 0.316197 -0.384904 0.867103 0.400778 -0.930014 -0.30624 0.2032 -0.504292 0.187329 -0.87067 -0.454799 0.485903 
1533551871158 0.101014 0.943059 -0.316917 -0.603747 -0.958353 0.177765 0.223515 -0.226128 0.267125 0.28114 0.92174 0.381241 0.316201 -0.384895 0.867106 0.400765 -0.930012 -0.306246 0.203202 -0.504277 0.187337 -0.870672 -0.454792 0.485883 
1533551871174 0.101015 0.943059 -0.316916 -0.603748 -0.958356 0.177763 0.223505 -0.22613 0.267114 0.28114 0.921743 0.381236 0.316123 -0.384928 0.86712 0.40068 -0.93004 -0.30621 0.20313 -0.504145 0.18733 -0.87067 -0.454798 0.485852 
1533551871202 0.100992 0.943059 -0.316923 -0.603734 -0.958337 0.177766 0.223584 -0.226109 0.267191 0.281139 0.921721 0.381278 1 0 0 0 0 1 0 0 0 0 1 1.306 
1533551871211 0.100944 0.943034 -0.317012 -0.603731 -0.95834 0.177745 0.223588 -0.226113 0.267198 0.281236 0.92169 0.381288 0.313239 -0.3866 0.867422 0.386189 -0.93126 -0.304042 0.200784 -0.500185 0.18611 -0.870689 -0.455263 0.505382 
1533551871218 0.100896 0.943009 -0.317104 -0.603727 -0.958343 0.177724 0.223592 -0.226118 0.267206 0.281335 0.921657 0.381298 0.316244 -0.384866 0.867103 0.400216 -0.929998 -0.306258 0.203249 -0.504049 0.187334 -0.87068 -0.454777 0.486145 
1533551871485 0.100848 0.942983 -0.317195 -0.603724 -0.958346 0.177703 0.223595 -0.226122 0.267213 0.281433 0.921625 0.381309 0.316258 -0.384857 0.867102 0.400836 -0.929992 -0.306267 0.203261 -0.504368 0.187338 -0.870681 -0.454774 0.485921 
1533551871596 0.1008 0.942958 -0.317286 -0.60372 -0.958349 0.177682 0.223599 -0.226127 0.26722 0.281531 0.921593 0.381319 0.316239 -0.384881 0.867098 0.400855 -0.93 -0.306257 0.203241 -0.504361 0.187331 -0.870674 -0.454789 0.485943 
1533551871713 0.100752 0.942932 -0.317377 -0.603717 -0.958352 0.177661 0.223603 -0.226132 0.267228 0.281631 0.92156 0.381329 0.316214 -0.384899 0.867099 0.400827 -0.930009 -0.306245 0.203216 -0.504329 0.187327 -0.87067 -0.454799 0.48594 
1533551871842 0.100704 0.942906 -0.317468 -0.603714 -0.958355 0.17764 0.223606 -0.226136 0.267235 0.281729 0.921528 0.381339 0.3162 -0.384907 0.867101 0.400798 -0.930014 -0.306239 0.203202 -0.504306 0.187326 -0.870669 -0.454801 0.485922 
1533551871956 0.100656 0.942881 -0.317559 -0.60371 -0.958358 0.177619 0.22361 -0.22614 0.267242 0.281828 0.921496 0.381349 0.316197 -0.384904 0.867103 0.400778 -0.930014 -0.30624 0.2032 -0.504292 0.187329 -0.87067 -0.454799 0.485903 
1533551872087 0.100608 0.942855 -0.317651 -0.603707 -0.958361 0.177599 0.223613 -0.226145 0.267249 0.281927 0.921464 0.38136 0.316201 -0.384895 0.867106 0.400765 -0.930012 -0.306246 0.203202 -0.504277 0.187337 -0.870672 -0.454792 0.485883 
1533551872218 0.10056 0.94283 -0.317741 -0.603705 -0.958364 0.177578 0.223617 -0.22615 0.267257 0.282024 0.921432 0.381369 0.316123 -0.384928 0.86712 0.40068 -0.93004 -0.30621 0.20313 -0.504145 0.18733 -0.87067 -0.454798 0.485852 
1533551872377 0.100567 0.942802 -0.317823 -0.603732 -0.958403 0.177562 0.223462 -0.226142 0.267114 0.282129 0.921441 0.381344 1 0 0 0 0 1 0 0 0 0 1 1.306 
1533551872389 0.100603 0.942794 -0.317834 -0.60373 -0.958407 0.177589 0.223425 -0.226137 0.267088 0.282137 0.921446 0.381344 0.313239 -0.3866 0.867422 0.386189 -0.93126 -0.304042 0.200784 -0.500185 0.18611 -0.870689 -0.455263 0.505382 
1533551872406 0.10064 0.942786 -0.317845 -0.603728 -0.95841 0.177619 0.223388 -0.226132 0.267062 0.282144 0.921451 0.381344 0.316244 -0.384866 0.867103 0.400216 -0.929998 -0.306258 0.203249 -0.504049 0.187334 -0.87068 -0.454777 0.486145 
1533551872580 0.100677 0.942779 -0.317856 -0.603726 -0.958413 0.177648 0.223351 -0.226127 0.267037 0.282151 0.921456 0.381344 0.316258 -0.384857 0.867102 0.400836 -0.929992 -0.306267 0.203261 -0.504368 0.187338 -0.870681 -0.454774 0.485921 
1533551872746 0.100713 0.942771 -0.317867 -0.603724 -0.958416 0.177678 0.223314 -0.226122 0.267012 0.282159 0.921461 0.381344 0.316239 -0.384881 0.867098 0.400855 -0.93 -0.306257 0.203241 -0.504361 0.187331 -0.870674 -0.454789 0.485943 
1533551872832 0.10075 0.942763 -0.317879 -0.603723 -0.958419 0.177707 0.223277 -0.226117 0.266987 0.282166 0.921466 0.381344 0.316214 -0.384899 0.867099 0.400827 -0.930009 -0.306245 0.203216 -0.504329 0.187327 -0.87067 -0.454799 0.48594 
1533551873034 0.100787 0.942756 -0.31789 -0.603721 -0.958422 0.177736 0.22324 -0.226112 0.266961 0.282173 0.921472 0.381344 0.3162 -0.384907 0.867101 0.400798 -0.930014 -0.306239 0.203202 -0.504306 0.187326 -0.870669 -0.454801 0.485922 
1533551873251 0.100823 0.942748 -0.317901 -0.603719 -0.958426 0.177766 0.223203 -0.226107 0.266936 0.282181 0.921477 0.381344 0.316197 -0.384904 0.867103 0.400778 -0.930014 -0.30624 0.2032 -0.504292 0.187329 -0.87067 -0.454799 0.485903 
1533551873446 0.10086 0.94274 -0.317912 -0.603717 -0.958429 0.177795 0.223166 -0.226102 0.266911 0.282188 0.921482 0.381344 0.316201 -0.384895 0.867106 0.400765 -0.930012 -0.306246 0.203202 -0.504277 0.187337 -0.870672 -0.454792 0.485883 
1533551873453 0.100897 0.942732 -0.317924 -0.603715 -0.958432 0.177825 0.223129 -0.226097 0.266886 0.282195 0.921487 0.381344 0.316123 -0.384928 0.86712 0.40068 -0.93004 -0.30621 0.20313 -0.504145 0.18733 -0.87067 -0.454798 0.485852 
1533551873608 0.100871 0.94274 -0.31791 -0.603721 -0.958422 0.17781 0.223183 -0.226103 0.266931 0.282179 0.921479 0.381351 1 0 0 0 0 1 0 0 0 0 1 1.306 
1533551873618 0.100857 0.942793 -0.317756 -0.603727 -0.958423 0.177762 0.223219 -0.22611 0.266934 0.282031 0.921523 0.381337 0.313239 -0.3866 0.867422 0.386189 -0.93126 -0.304042 0.200784 -0.500185 0.18611 -0.870689 -0.455263 0.505382 
1533551873912 0.100843 0.942847 -0.317601 -0.603733 -0.958423 0.177713 0.223255 -0.226116 0.266937 0.281882 0.921568 0.381322 0.316244 -0.384866 0.867103 0.400216 -0.929998 -0.306258 0.203249 -0.504049 0.187334 -0.87068 -0.454777 0.486145 
1533551874161 0.100828 0.942901 -0.317446 -0.603739 -0.958424 0.177664 0.22329 -0.226123 0.266939 0.281734 0.921612 0.381308 0.316258 -0.384857 0.867102 0.400836 -0.929992 -0.306267 0.203261 -0.504368 0.187338 -0.870681 -0.454774 0.485921 
1533551874295 0.100814 0.942954 -0.317291 -0.603745 -0.958425 0.177614 0.223326 -0.22613 0.266942 0.281585 0.921657 0.381293 0.316239 -0.384881 0.867098 0.400855 -0.93 -0.306257 0.203241 -0.504361 0.187331 -0.870674 -0.454789 0.485943 
1533551874302 0.1008 0.943008 -0.317136 -0.603751 -0.958426 0.177565 0.223362 -0.226137 0.266944 0.281437 0.921702 0.381279 0.316214 -0.384899 0.867099 0.400827 -0.930009 -0.306245 0.203216 -0.504329 0.187327 -0.87067 -0.454799 0.48594 
1533551874476 0.100785 0.943062 -0.316981 -0.603756 -0.958427 0.177516 0.223398 -0.226143 0.266947 0.281288 0.921746 0.381265 0.3162 -0.384907 0.867101 0.400798 -0.930014 -0.306239 0.203202 -0.504306 0.187326 -0.870669 -0.454801 0.485922 
1533551874584 0.100771 0.943115 -0.316826 -0.603762 -0.958427 0.177467 0.223434 -0.22615 0.26695 0.281139 0.921791 0.38125 0.316197 -0.384904 0.867103 0.400778 -0.930014 -0.30624 0.2032 -0.504292 0.187329 -0.87067 -0.454799 0.485903 
1533551874763 0.100757 0.943169 -0.316671 -0.603768 -0.958428 0.177417 0.22347 -0.226157 0.266952 0.280991 0.921835 0.381236 0.316201 -0.384895 0.867106 0.400765 -0.930012 -0.306246 0.203202 -0.504277 0.187337 -0.870672 -0.454792 0.485883 
1533551874770 0.100743 0.943222 -0.316518 -0.603772 -0.958429 0.177369 0.223505 -0.226162 0.266955 0.280843 0.92188 0.381223 0.316123 -0.384928 0.86712 0.40068 -0.93004 -0.30621 0.20313 -0.504145 0.18733 -0.87067 -0.454798 0.485852 
1533551875006 0.100754 0.943262 -0.316393 -0.603754 -0.958462 0.177314 0.223407 -0.226211 0.266832 0.280741 0.921946 0.381294 1 0 0 0 0 1 0 0 0 0 1 1.306 
1533551875019 0.100706 0.943261 -0.316414 -0.603753 -0.958427 0.177316 0.223556 -0.226223 0.266977 0.280746 0.921903 0.381295 0.313239 -0.3866 0.867422 0.386189 -0.93126 -0.304042 0.200784 -0.500185 0.18611 -0.870689 -0.455263 0.505382 
1533551875035 0.100657 0.943259 -0.316436 -0.603752 -0.958391 0.177318 0.223707 -0.226234 0.267123 0.280751 0.921859 0.381297 0.316244 -0.384866 0.867103 0.400216 -0.929998 -0.306258 0.203249 -0.504049 0.187334 -0.87068 -0.454777 0.486145 
1533551875211 0.100608 0.943256 -0.316458 -0.603751 -0.958356 0.177321 0.223857 -0.226246 0.267269 0.280757 0.921815 0.381298 0.316258 -0.384857 0.867102 0.400836 -0.929992 -0.306267 0.203261 -0.504368 0.187338 -0.870681 -0.454774 0.485921 
1533551875340 0.100559 0.943254 -0.316479 -0.60375 -0.95832 0.177324 0.224006 -0.226257 0.267414 0.280763 0.921771 0.381299 0.316239 -0.384881 0.867098 0.400855 -0.93 -0.306257 0.203241 -0.504361 0.187331 -0.870674 -0.454789 0.485943 
1533551875346 0.10051 0.943252 -0.316501 -0.603749 -0.958285 0.177326 0.224157 -0.226269 0.26756 0.280768 0.921727 0.381301 0.316214 -0.384899 0.867099 0.400827 -0.930009 -0.306245 0.203216 -0.504329 0.187327 -0.87067 -0.454799 0.48594 
1533551875530 0.100462 0.94325 -0.316523 -0.603748 -0.958249 0.177329 0.224306 -0.226281 0.267706 0.280774 0.921683 0.381302 0.3162 -0.384907 0.867101 0.400798 -0.930014 -0.306239 0.203202 -0.504306 0.187326 -0.870669 -0.454801 0.485922 
1533551875649 0.100413 0.943248 -0.316545 -0.603747 -0.958213 0.177331 0.224456 -0.226292 0.267851 0.280779 0.921639 0.381303 0.316197 -0.384904 0.867103 0.400778 -0.930014 -0.30624 0.2032 -0.504292 0.187329 -0.87067 -0.454799 0.485903 
1533551875752 0.100364 0.943246 -0.316567 -0.603746 -0.958178 0.177333 0.224606 -0.226304 0.267997 0.280785 0.921595 0.381304 0.316201 -0.384895 0.867106 0.400765 -0.930012 -0.306246 0.203202 -0.504277 0.187337 -0.870672 -0.454792 0.485883 
1533551875837 0.100315 0.943244 -0.316588 -0.603745 -0.958142 0.177336 0.224756 -0.226315 0.268142 0.28079 0.921551 0.381306 0.316123 -0.384928 0.86712 0.40068 -0.93004 -0.30621 0.20313 -0.504145 0.18733 -0.87067 -0.454798 0.485852 
1533551876023 0.100303 0.943292 -0.316448 -0.603741 -0.958175 0.177258 0.224677 -0.226259 0.268029 0.280677 0.921619 0.381321 1 0 0 0 0 1 0 0 0 0 1 1.306 
1533551876035 0.100453 0.943269 -0.316469 -0.603744 -0.958244 0.177314 0.224341 -0.226232 0.267728 0.280718 0.921693 0.381315 0.313239 -0.3866 0.867422 0.386189 -0.93126 -0.304042 0.200784 -0.500185 0.18611 -0.870689 -0.455263 0.505382 
1533551876041 0.100603 0.943246 -0.31649 -0.603748 -0.958312 0.17737 0.224004 -0.226206 0.267427 0.280761 0.921768 0.381308 0.316244 -0.384866 0.867103 0.400216 -0.929998 -0.306258 0.203249 -0.504049 0.187334 -0.87068 -0.454777 0.486145 
1533551876351 0.100752 0.943223 -0.316511 -0.603751 -0.95838 0.177426 0.223667 -0.226179 0.267125 0.280803 0.921842 0.381302 0.316258 -0.384857 0.867102 0.400836 -0.929992 -0.306267 0.203261 -0.504368 0.187338 -0.870681 -0.454774 0.485921 
1533551876550 0.100902 0.9432 -0.316532 -0.603754 -0.958449 0.177482 0.223331 -0.226153 0.266824 0.280845 0.921917 0.381296 0.316239 -0.384881 0.867098 0.400855 -0.93 -0.306257 0.203241 -0.504361 0.187331 -0.870674 -0.454789 0.485943 
1533551876723 0.101051 0.943177 -0.316553 -0.603757 -0.958517 0.177537 0.222994 -0.226126 0.266523 0.280887 0.921991 0.38129 0.316214 -0.384899 0.867099 0.400827 -0.930009 -0.306245 0.203216 -0.504329 0.187327 -0.87067 -0.454799 0.48594 
1533551876912 0.101201 0.943154 -0.316574 -0.603761 -0.958585 0.177593 0.222657 -0.226099 0.266222 0.28093 0.922065 0.381283 0.3162 -0.384907 0.867101 0.400798 -0.930014 -0.306239 0.203202 -0.504306 0.187326 -0.870669 -0.454801 0.485922 
1533551877075 0.101351 0.943131 -0.316595 -0.603764 -0.958652 0.177649 0.222321 -0.226073 0.26592 0.280972 0.922139 0.381277 0.316197 -0.384904 0.867103 0.400778 -0.930014 -0.30624 0.2032 -0.504292 0.187329 -0.87067 -0.454799 0.485903 
1533551877290 0.101501 0.943108 -0.316616 -0.603767 -0.95872 0.177704 0.221984 -0.226046 0.265619 0.281015 0.922213 0.381271 0.316201 -0.384895 0.867106 0.400765 -0.930012 -0.306246 0.203202 -0.504277 0.187337 -0.870672 -0.454792 0.485883 
1533551877446 0.10165 0.943085 -0.316637 -0.603771 -0.958788 0.17776 0.221648 -0.226022 0.265318 0.281057 0.922287 0.381264 0.316123 -0.384928 0.86712 0.40068 -0.93004 -0.30621 0.20313 -0.504145 0.18733 -0.87067 -0.454798 0.485852 
1533551877617 0.101647 0.943056 -0.316724 -0.603756 -0.958785 0.177781 0.221644 -0.226064 0.26533 0.28114 0.922258 0.381247 1 0 0 0 0 1 0 0 0 0 1 1.306 
1533551877628 0.101589 0.943073 -0.31669 -0.603758 -0.958738 0.177775 0.221849 -0.226076 0.265519 0.281085 0.92222 0.381241 0.313239 -0.3866 0.867422 0.386189 -0.93126 -0.304042 0.200784 -0.500185 0.18611 -0.870689 -0.455263 0.505382 
1533551877924 0.101531 0.943091 -0.316655 -0.603761 -0.958692 0.177768 0.222055 -0.226087 0.26571 0.28103 0.922183 0.381236 0.316244 -0.384866 0.867103 0.400216 -0.929998 -0.306258 0.203249 -0.504049 0.187334 -0.87068 -0.454777 0.486145 
1533551877930 0.101473 0.943109 -0.316622 -0.603763 -0.958645 0.177763 0.222261 -0.226099 0.2659 0.280974 0.922145 0.38123 0.316258 -0.384857 0.867102 0.400836 -0.929992 -0.306267 0.203261 -0.504368 0.187338 -0.870681 -0.454774 0.485921 
1533551878119 0.101415 0.943127 -0.316587 -0.603765 -0.958598 0.177756 0.222468 -0.226111 0.26609 0.280918 0.922107 0.381224 0.316239 -0.384881 0.867098 0.400855 -0.93 -0.306257 0.203241 -0.504361 0.187331 -0.870674 -0.454789 0.485943 
1533551878142 0.101357 0.943144 -0.316553 -0.603768 -0.958552 0.17775 0.222674 -0.226123 0.266281 0.280862 0.922069 0.381218 0.316214 -0.384899 0.867099 0.400827 -0.930009 -0.306245 0.203216 -0.504329 0.187327 -0.87067 -0.454799 0.48594 
1533551878279 0.101299 0.943162 -0.316518 -0.60377 -0.958505 0.177744 0.22288 -0.226134 0.266471 0.280806 0.922031 0.381213 0.3162 -0.384907 0.867101 0.400798 -0.930014 -0.306239 0.203202 -0.504306 0.187326 -0.870669 -0.454801 0.485922 
1533551878439 0.101241 0.94318 -0.316484 -0.603772 -0.958458 0.177738 0.223086 -0.226146 0.266661 0.280751 0.921993 0.381207 0.316197 -0.384904 0.867103 0.400778 -0.930014 -0.30624 0.2032 -0.504292 0.187329 -0.87067 -0.454799 0.485903 
1533551878591 0.101183 0.943197 -0.31645 -0.603774 -0.958411 0.177732 0.223292 -0.226158 0.266851 0.280696 0.921955 0.381201 0.316201 -0.384895 0.867106 0.400765 -0.930012 -0.306246 0.203202 -0.504277 0.187337 -0.870672 -0.454792 0.485883 
1533551878852 0.101126 0.943215 -0.316415 -0.603776 -0.958365 0.177725 0.223497 -0.226168 0.267041 0.28064 0.921917 0.381196 0.316123 -0.384928 0.86712 0.40068 -0.93004 -0.30621 0.20313 -0.504145 0.18733 -0.87067 -0.454798 0.485852 
1533551879008 0.10102 0.943234 -0.316392 -0.603786 -0.958421 0.177574 0.223376 -0.226105 0.266879 0.280672 0.921954 0.381187 1 0 0 0 0 1 0 0 0 0 1 1.306 
1533551879020 0.101026 0.943246 -0.316356 -0.603785 -0.95842 0.177571 0.223383 -0.226107 0.266881 0.280635 0.921965 0.381186 0.313239 -0.3866 0.867422 0.386189 -0.93126 -0.304042 0.200784 -0.500185 0.18611 -0.870689 -0.455263 0.505382 
1533551879036 0.101031 0.943258 -0.316319 -0.603785 -0.958418 0.177569 0.223391 -0.226109 0.266884 0.280597 0.921975 0.381186 0.316244 -0.384866 0.867103 0.400216 -0.929998 -0.306258 0.203249 -0.504049 0.187334 -0.87068 -0.454777 0.486145 
1533551879053 0.101037 0.943269 -0.316282 -0.603784 -0.958417 0.177566 0.223399 -0.226112 0.266886 0.280559 0.921986 0.381185 0.316258 -0.384857 0.867102 0.400836 -0.929992 -0.306267 0.203261 -0.504368 0.187338 -0.870681 -0.454774 0.485921 
1533551879060 0.101042 0.943281 -0.316246 -0.603784 -0.958416 0.177563 0.223406 -0.226114 0.266889 0.280522 0.921997 0.381184 0.316239 -0.384881 0.867098 0.400855 -0.93 -0.306257 0.203241 -0.504361 0.187331 -0.870674 -0.454789 0.485943 
1533551879188 0.101048 0.943293 -0.316209 -0.603783 -0.958415 0.177561 0.223414 -0.226116 0.266891 0.280484 0.922008 0.381184 0.316214 -0.384899 0.867099 0.400827 -0.930009 -0.306245 0.203216 -0.504329 0.187327 -0.87067 -0.454799 0.48594 
1533552158224 0.101054 0.943304 -0.316173 -0.603783 -0.958413 0.177558 0.223422 -0.226118 0.266894 0.280447 0.922018 0.381183 0.3162 -0.384907 0.867101 0.400798 -0.930014 -0.306239 0.203202 -0.504306 0.187326 -0.870669 -0.454801 0.485922 
1533552158230 0.101059 0.943316 -0.316136 -0.603782 -0.958412 0.177555 0.223429 -0.22612 0.266896 0.280409 0.922029 0.381182 0.316197 -0.384904 0.867103 0.400778 -0.930014 -0.30624 0.2032 -0.504292 0.187329 -0.87067 -0.454799 0.485903 
1533552158237 0.101065 0.943327 -0.3161 -0.603782 -0.958411 0.177553 0.223437 -0.226123 0.266899 0.280372 0.922039 0.381181 0.316201 -0.384895 0.867106 0.400765 -0.930012 -0.306246 0.203202 -0.504277 0.187337 -0.870672 -0.454792 0.485883 
1533552158244 0.101071 0.943339 -0.316064 -0.603781 -0.958409 0.17755 0.223444 -0.226125 0.266901 0.280335 0.92205 0.381181 0.316123 -0.384928 0.86712 0.40068 -0.93004 -0.30621 0.20313 -0.504145 0.18733 -0.87067 -0.454798 0.485852 
