1530722078727 -0.415277 -0.624989 -0.661009 -0.488173 0.44816 -0.772889 0.449217 -0.289689 -0.791642 -0.109688 0.601058 0.441779 0.16008 -0.775623 -0.61056 0.370831 -0.304787 0.549475 -0.777934 -0.528794 0.938871 0.310623 -0.14844 0.432481 
1530722078744 -0.343289 -0.705223 -0.620333 -0.498846 0.486829 -0.698426 0.524593 -0.280399 -0.803212 -0.121909 0.583085 0.445795 0.316303 -0.930106 0.186692 0.400737 -0.384294 -0.305552 -0.871181 -0.506308 0.867335 0.203813 -0.454081 0.485857 
1530722080029 -0.267157 -0.776252 -0.571017 -0.509486 0.517076 -0.615501 0.594803 -0.271113 -0.813179 -0.136354 0.565816 0.449821 0.316241 -0.929997 0.187342 0.400829 -0.384855 -0.306262 -0.870684 -0.504432 0.867109 0.203247 -0.454766 0.485875 
1530722081344 -0.187889 -0.837133 -0.513718 -0.520123 0.538507 -0.525213 0.65891 -0.261828 -0.821406 -0.152838 0.549484 0.453849 0.316222 -0.930001 0.187353 0.400788 -0.384857 -0.306263 -0.870683 -0.504315 0.867115 0.203225 -0.454764 0.485864 
1530722082658 -0.106541 -0.887058 -0.449196 -0.530758 0.550836 -0.428763 0.71606 -0.252544 -0.827785 -0.171144 0.534304 0.457877 0.316221 -0.930002 0.187353 0.400787 -0.384858 -0.306263 -0.870682 -0.504306 0.867115 0.203224 -0.454765 0.485864 
1530722083966 -0.0241943 -0.925362 -0.378311 -0.541392 0.553901 -0.327435 0.765494 -0.243261 -0.832231 -0.191026 0.520481 0.461906 0.316221 -0.930002 0.187353 0.400789 -0.384859 -0.306263 -0.870682 -0.504305 0.867115 0.203223 -0.454766 0.485865 
1530722085300 0.0580557 -0.951537 -0.302005 -0.552024 0.54766 -0.222576 0.806554 -0.23398 -0.834685 -0.212221 0.508196 0.465935 0.31622 -0.930002 0.187352 0.400791 -0.38486 -0.306263 -0.870681 -0.504305 0.867114 0.203223 -0.454767 0.485866 
1530722086680 0.139115 -0.965234 -0.221294 -0.562653 0.532196 -0.11558 0.838694 -0.224701 -0.835113 -0.234447 0.497615 0.469966 0.31622 -0.930002 0.187352 0.400793 -0.384861 -0.306262 -0.870681 -0.504305 0.867114 0.203222 -0.454768 0.485866 
1530722088107 0.217899 -0.966273 -0.137249 -0.57325 0.507716 -0.00787288 0.861488 -0.215435 -0.833513 -0.257401 0.488877 0.474 0.316221 -0.930002 0.187351 0.400796 -0.384862 -0.306262 -0.87068 -0.504307 0.867113 0.203223 -0.454769 0.485868 
1530722088114 0.293068 -0.95473 -0.0510061 -0.583213 0.474633 0.0989701 0.874602 -0.206755 -0.829961 -0.280527 0.482151 0.477998 0.316225 -0.930002 0.187344 0.400813 -0.384868 -0.306259 -0.870679 -0.504335 0.867109 0.203228 -0.454775 0.485884 
1530722090301 0.293022 -0.954742 -0.0510554 -0.583203 0.474717 0.0989286 0.874561 -0.206739 -0.829929 -0.280502 0.48222 0.478033 0.316225 -0.930002 0.187344 0.400813 -0.384868 -0.306259 -0.870679 -0.504335 0.867109 0.203228 -0.454775 0.485884 
1530722090311 0.300386 -0.952877 -0.042345 -0.584336 0.470922 0.109555 0.875346 -0.205747 -0.829458 -0.282883 0.48164 0.478438 0.316221 -0.930002 0.187351 0.400796 -0.384863 -0.306262 -0.87068 -0.504307 0.867113 0.203223 -0.45477 0.485868 
1530722090318 0.307706 -0.950887 -0.0336243 -0.585469 0.467044 0.120158 0.876032 -0.204756 -0.828967 -0.285264 0.481079 0.478844 0.31622 -0.930002 0.187351 0.400795 -0.384863 -0.306262 -0.87068 -0.504304 0.867113 0.203222 -0.454769 0.485867 
1530722091078 0.31498 -0.948772 -0.0248951 -0.586602 0.463084 0.130736 0.876619 -0.203764 -0.828457 -0.287646 0.480541 0.479249 0.31622 -0.930002 0.187351 0.400795 -0.384863 -0.306262 -0.87068 -0.504304 0.867113 0.203222 -0.45477 0.485867 
1530722091624 0.322208 -0.946531 -0.0161584 -0.587735 0.459042 0.141289 0.877108 -0.202772 -0.827927 -0.290028 0.480022 0.479655 0.31622 -0.930002 0.187351 0.400795 -0.384863 -0.306262 -0.87068 -0.504304 0.867113 0.203222 -0.454769 0.485867 
1530722092167 0.329388 -0.944166 -0.00741567 -0.588868 0.454919 0.151814 0.877497 -0.201781 -0.827377 -0.292411 0.479525 0.48006 0.31622 -0.930002 0.187351 0.400795 -0.384863 -0.306262 -0.87068 -0.504304 0.867113 0.203222 -0.454769 0.485867 
1530722092724 0.33652 -0.941675 0.00133215 -0.590001 0.450716 0.162311 0.877787 -0.200789 -0.826807 -0.294792 0.479049 0.480466 0.31622 -0.930002 0.187351 0.400795 -0.384863 -0.306262 -0.87068 -0.504304 0.867113 0.203222 -0.454769 0.485867 
1530722093258 0.343603 -0.939061 0.0100841 -0.591134 0.446431 0.172777 0.877979 -0.199797 -0.826218 -0.297174 0.478593 0.480871 0.31622 -0.930002 0.187351 0.400795 -0.384863 -0.306262 -0.87068 -0.504304 0.867113 0.203222 -0.454769 0.485867 
1530722093790 0.350633 -0.936323 0.0188388 -0.592264 0.442069 0.183212 0.878071 -0.198807 -0.82561 -0.299553 0.478159 0.481277 0.31622 -0.930002 0.187351 0.400795 -0.384863 -0.306262 -0.87068 -0.504304 0.867113 0.203222 -0.454769 0.485867 
1530722093796 0.357586 -0.933472 0.0275946 -0.593329 0.437637 0.193602 0.878062 -0.197872 -0.824989 -0.301906 0.477751 0.481677 0.31622 -0.930002 0.187351 0.400795 -0.384863 -0.306262 -0.87068 -0.504304 0.867113 0.203222 -0.454769 0.485867 
1530722094585 0.357595 -0.933471 0.027521 -0.59334 0.437665 0.193548 0.878059 -0.197907 -0.82497 -0.301944 0.47776 0.481683 0.31622 -0.930002 0.187351 0.400795 -0.384863 -0.306262 -0.87068 -0.504304 0.867113 0.203222 -0.454769 0.485867 
1530722094790 0.358291 -0.933178 0.0284027 -0.593459 0.437214 0.194592 0.878054 -0.197799 -0.824907 -0.302181 0.477719 0.481724 0.31622 -0.930002 0.187351 0.400795 -0.384863 -0.306262 -0.87068 -0.504304 0.867113 0.203222 -0.454769 0.485867 
1530722095038 0.358988 -0.932883 0.0292857 -0.593579 0.43676 0.195636 0.878047 -0.19769 -0.824844 -0.302417 0.477677 0.481764 0.31622 -0.930002 0.187351 0.400795 -0.384863 -0.306262 -0.87068 -0.504304 0.867113 0.203222 -0.454769 0.485867 
1530722095045 0.359683 -0.932587 0.0301679 -0.593698 0.436307 0.196679 0.87804 -0.197582 -0.824782 -0.302654 0.477636 0.481805 0.31622 -0.930002 0.187351 0.400795 -0.384863 -0.306262 -0.87068 -0.504304 0.867113 0.203222 -0.454769 0.485867 
1530722095358 0.360378 -0.932289 0.0310506 -0.593817 0.435852 0.197723 0.878031 -0.197473 -0.824719 -0.30289 0.477595 0.481845 0.31622 -0.930002 0.187351 0.400795 -0.384863 -0.306262 -0.87068 -0.504304 0.867113 0.203222 -0.454769 0.485867 
1530722095616 0.361073 -0.931991 0.0319333 -0.593936 0.435396 0.198766 0.878022 -0.197365 -0.824656 -0.303126 0.477554 0.481886 0.31622 -0.930002 0.187351 0.400795 -0.384863 -0.306262 -0.87068 -0.504304 0.867113 0.203222 -0.454769 0.485867 
1530722095967 0.361767 -0.931691 0.032816 -0.594056 0.434939 0.199808 0.878012 -0.197256 -0.824592 -0.303363 0.477513 0.481926 0.31622 -0.930002 0.187351 0.400795 -0.384863 -0.306262 -0.87068 -0.504304 0.867113 0.203222 -0.454769 0.485867 
1530722096215 0.362461 -0.931389 0.0336993 -0.594175 0.434482 0.200851 0.878 -0.197148 -0.824529 -0.303599 0.477473 0.481967 0.31622 -0.930002 0.187351 0.400795 -0.384863 -0.306262 -0.87068 -0.504304 0.867113 0.203222 -0.454769 0.485867 
1530722096482 0.363154 -0.931087 0.0345822 -0.594294 0.434024 0.201893 0.877988 -0.197039 -0.824465 -0.303835 0.477432 0.482007 0.31622 -0.930002 0.187351 0.400795 -0.384863 -0.306262 -0.87068 -0.504304 0.867113 0.203222 -0.454769 0.485867 
1530722096488 0.363844 -0.930785 0.0354649 -0.594406 0.433566 0.202934 0.877974 -0.196937 -0.824402 -0.304069 0.477393 0.482047 0.31622 -0.930002 0.187351 0.400795 -0.384863 -0.306262 -0.87068 -0.504304 0.867113 0.203222 -0.454769 0.485867 
1530722096981 0.363846 -0.930786 0.0354118 -0.594431 0.433558 0.202882 0.87799 -0.196955 -0.824405 -0.3041 0.477367 0.482026 0.31622 -0.930002 0.187351 0.400795 -0.384863 -0.306262 -0.87068 -0.504304 0.867113 0.203222 -0.454769 0.485867 
1530722096993 0.347611 -0.937379 0.0220781 -0.593882 0.454792 0.189149 0.87028 -0.199338 -0.819958 -0.292477 0.492063 0.479753 0.31622 -0.930002 0.187351 0.400795 -0.384863 -0.306262 -0.87068 -0.504304 0.867113 0.203222 -0.454769 0.485867 
1530722096999 0.33099 -0.943591 0.0090357 -0.593328 0.475616 0.17509 0.862052 -0.201724 -0.815006 -0.281033 0.50674 0.477481 0.31622 -0.930002 0.187351 0.400795 -0.384863 -0.306262 -0.87068 -0.504304 0.867113 0.203222 -0.454769 0.485867 
1530722097943 0.314 -0.949416 -0.00370576 -0.592773 0.496012 0.160715 0.853313 -0.204111 -0.809553 -0.269778 0.521386 0.47521 0.31622 -0.930002 0.187351 0.400795 -0.384863 -0.306262 -0.87068 -0.504304 0.867113 0.203222 -0.454769 0.485867 
1530722098699 0.296654 -0.954849 -0.0161364 -0.592218 0.515964 0.146036 0.84407 -0.206498 -0.803603 -0.258722 0.53599 0.472938 0.31622 -0.930002 0.187351 0.400795 -0.384863 -0.306262 -0.87068 -0.504304 0.867113 0.203222 -0.454769 0.485867 
1530722099440 0.278964 -0.959886 -0.0282466 -0.591663 0.535457 0.131064 0.834331 -0.208884 -0.79716 -0.247873 0.55054 0.470667 0.31622 -0.930002 0.187351 0.400795 -0.384863 -0.306262 -0.87068 -0.504304 0.867113 0.203222 -0.454769 0.485867 
1530722100167 0.260946 -0.964523 -0.0400268 -0.591107 0.554476 0.115811 0.824102 -0.211271 -0.79023 -0.23724 0.565025 0.468395 0.31622 -0.930002 0.187351 0.400795 -0.384863 -0.306262 -0.87068 -0.504304 0.867113 0.203222 -0.454769 0.485867 
1530722100173 0.242613 -0.968757 -0.0514681 -0.590552 0.573006 0.100288 0.813392 -0.213657 -0.782818 -0.226831 0.579434 0.466124 0.31622 -0.930002 0.187351 0.400795 -0.384863 -0.306262 -0.87068 -0.504304 0.867113 0.203222 -0.454769 0.485867 
1530722101146 0.22398 -0.972584 -0.0625621 -0.589991 0.59103 0.084508 0.80221 -0.21604 -0.77493 -0.216655 0.593754 0.463859 0.31622 -0.930002 0.187351 0.400795 -0.384863 -0.306262 -0.87068 -0.504304 0.867113 0.203222 -0.454769 0.485867 
1530722101847 0.205125 -0.975986 -0.0733189 -0.589394 0.608482 0.0684935 0.790606 -0.218284 -0.766598 -0.206787 0.60792 0.461778 0.31622 -0.930002 0.187351 0.400795 -0.384863 -0.306262 -0.87068 -0.504304 0.867113 0.203222 -0.454769 0.485867 
1530722102677 0.2052 -0.975974 -0.0732649 -0.589418 0.60839 0.0685605 0.790671 -0.218283 -0.766651 -0.206819 0.607842 0.461751 0.31622 -0.930002 0.187351 0.400795 -0.384863 -0.306262 -0.87068 -0.504304 0.867113 0.203222 -0.454769 0.485867 
1530722102931 0.185984 -0.978964 -0.0839064 -0.589482 0.625578 0.0521298 0.778418 -0.220655 -0.757669 -0.197263 0.622113 0.459243 0.31622 -0.930002 0.187351 0.400795 -0.384863 -0.306262 -0.87068 -0.504304 0.867113 0.203222 -0.454769 0.485867 
1530722103617 0.166501 -0.981534 -0.0941689 -0.58954 0.64221 0.0354777 0.765708 -0.223028 -0.748227 -0.187967 0.636258 0.456735 0.31622 -0.930002 0.187351 0.400795 -0.384863 -0.306262 -0.87068 -0.504304 0.867113 0.203222 -0.454769 0.485867 
1530722104315 0.146768 -0.983684 -0.104045 -0.589598 0.658275 0.0186188 0.752548 -0.225402 -0.738332 -0.178941 0.650267 0.454227 0.31622 -0.930002 0.187351 0.400795 -0.384863 -0.306262 -0.87068 -0.504304 0.867113 0.203222 -0.454769 0.485867 
1530722104986 0.126803 -0.98541 -0.113527 -0.589657 0.67376 0.00156654 0.738949 -0.227776 -0.72799 -0.170191 0.664128 0.451719 0.31622 -0.930002 0.187351 0.400795 -0.384863 -0.306262 -0.87068 -0.504304 0.867113 0.203222 -0.454769 0.485867 
1530722105659 0.106619 -0.986712 -0.122608 -0.589715 0.688652 -0.0156657 0.724922 -0.230149 -0.71721 -0.161724 0.677831 0.449211 0.31622 -0.930002 0.187351 0.400795 -0.384863 -0.306262 -0.87068 -0.504304 0.867113 0.203222 -0.454769 0.485867 
1530722105665 0.0862336 -0.987588 -0.131279 -0.589773 0.702941 -0.0330642 0.710479 -0.232523 -0.706001 -0.153549 0.691365 0.446703 0.31622 -0.930002 0.187351 0.400795 -0.384863 -0.306262 -0.87068 -0.504304 0.867113 0.203222 -0.454769 0.485867 
1530722106565 0.0656627 -0.988038 -0.139535 -0.589831 0.716615 -0.0506153 0.69563 -0.234897 -0.694371 -0.14567 0.704719 0.444196 0.31622 -0.930002 0.187351 0.400795 -0.384863 -0.306262 -0.87068 -0.504304 0.867113 0.203222 -0.454769 0.485867 
1530722107216 0.0449234 -0.988061 -0.147369 -0.589879 0.729661 -0.068305 0.680389 -0.237265 -0.682332 -0.138095 0.717881 0.441695 0.31622 -0.930002 0.187351 0.400795 -0.384863 -0.306262 -0.87068 -0.504304 0.867113 0.203222 -0.454769 0.485867 
1530722107851 0.0240837 -0.987652 -0.154799 -0.589827 0.742031 -0.086105 0.664813 -0.239512 -0.669933 -0.130877 0.730795 0.439382 0.31622 -0.930002 0.187351 0.400795 -0.384863 -0.306262 -0.87068 -0.504304 0.867113 0.203222 -0.454769 0.485867 
1530722108648 0.024247 -0.987652 -0.154775 -0.589814 0.74199 -0.0859764 0.664875 -0.23955 -0.669972 -0.130963 0.730743 0.439379 0.31622 -0.930002 0.187351 0.400795 -0.384863 -0.306262 -0.87068 -0.504304 0.867113 0.203222 -0.454769 0.485867 
1530722108899 0.00594926 -0.986932 -0.161025 -0.590422 0.7524 -0.10165 0.650817 -0.24151 -0.65868 -0.125027 0.741963 0.437083 0.31622 -0.930002 0.187351 0.400795 -0.384863 -0.306262 -0.87068 -0.504304 0.867113 0.203222 -0.454769 0.485867 
1530722109496 -0.0124464 -0.985889 -0.166938 -0.591026 0.762307 -0.117397 0.636479 -0.243471 -0.647096 -0.119336 0.753011 0.434786 0.31622 -0.930002 0.187351 0.400795 -0.384863 -0.306262 -0.87068 -0.504304 0.867113 0.203222 -0.454769 0.485867 
1530722110127 -0.030927 -0.984522 -0.172511 -0.591631 0.771706 -0.133208 0.621872 -0.245431 -0.635226 -0.113895 0.763882 0.432489 0.31622 -0.930002 0.187351 0.400795 -0.384863 -0.306262 -0.87068 -0.504304 0.867113 0.203222 -0.454769 0.485867 
1530722110789 -0.0494811 -0.982833 -0.177741 -0.592235 0.780592 -0.149073 0.607004 -0.247392 -0.623079 -0.108708 0.774567 0.430192 0.31622 -0.930002 0.187351 0.400795 -0.384863 -0.306262 -0.87068 -0.504304 0.867113 0.203222 -0.454769 0.485867 
1530722110795 -0.0680976 -0.980822 -0.182623 -0.59284 0.788958 -0.164982 0.591884 -0.249353 -0.610662 -0.103776 0.785062 0.427895 0.31622 -0.930002 0.187351 0.400795 -0.384863 -0.306262 -0.87068 -0.504304 0.867113 0.203222 -0.454769 0.485867 
1530722111614 -0.0867651 -0.978491 -0.187156 -0.593444 0.7968 -0.180925 0.576521 -0.251313 -0.597982 -0.0991042 0.795359 0.425598 0.31622 -0.930002 0.187351 0.400795 -0.384863 -0.306262 -0.87068 -0.504304 0.867113 0.203222 -0.454769 0.485867 
1530722112255 -0.105472 -0.975841 -0.191337 -0.594048 0.804112 -0.196894 0.560925 -0.253274 -0.585046 -0.0946942 0.805453 0.423301 0.31622 -0.930002 0.187351 0.400795 -0.384863 -0.306262 -0.87068 -0.504304 0.867113 0.203222 -0.454769 0.485867 
1530722112884 -0.124207 -0.972874 -0.195163 -0.59464 0.81089 -0.212877 0.545106 -0.255229 -0.571865 -0.0905501 0.815335 0.421011 0.31622 -0.930002 0.187351 0.400795 -0.384863 -0.306262 -0.87068 -0.504304 0.867113 0.203222 -0.454769 0.485867 
1530722113515 -0.14292 -0.969592 -0.198657 -0.595092 0.817106 -0.228852 0.529116 -0.257078 -0.55849 -0.0867022 0.824968 0.418883 0.31622 -0.930002 0.187351 0.400795 -0.384863 -0.306262 -0.87068 -0.504304 0.867113 0.203222 -0.454769 0.485867 
1530722114316 -0.142847 -0.969613 -0.198611 -0.59511 0.817033 -0.22878 0.529261 -0.257054 -0.558617 -0.0866679 0.824886 0.418857 0.31622 -0.930002 0.187351 0.400795 -0.384863 -0.306262 -0.87068 -0.504304 0.867113 0.203222 -0.454769 0.485867 
1530722114644 -0.158711 -0.9663 -0.20267 -0.596039 0.821452 -0.243116 0.515859 -0.258731 -0.547747 -0.084611 0.832355 0.417095 0.31622 -0.930002 0.187351 0.400795 -0.384863 -0.306262 -0.87068 -0.504304 0.867113 0.203222 -0.454769 0.485867 
1530722115230 -0.174589 -0.96275 -0.206475 -0.596968 0.825486 -0.257423 0.502302 -0.26041 -0.536742 -0.0827463 0.839679 0.415329 0.31622 -0.930002 0.187351 0.400795 -0.384863 -0.306262 -0.87068 -0.504304 0.867113 0.203222 -0.454769 0.485867 
1530722115832 -0.19047 -0.958963 -0.210027 -0.597896 0.82913 -0.271693 0.488596 -0.262089 -0.525608 -0.0810766 0.846854 0.413562 0.31622 -0.930002 0.187351 0.400795 -0.384863 -0.306262 -0.87068 -0.504304 0.867113 0.203222 -0.454769 0.485867 
1530722116439 -0.206349 -0.954941 -0.213323 -0.598824 0.832384 -0.28592 0.474749 -0.263768 -0.514351 -0.0796032 0.853878 0.411796 0.31622 -0.930002 0.187351 0.400795 -0.384863 -0.306262 -0.87068 -0.504304 0.867113 0.203222 -0.454769 0.485867 
1530722117034 -0.222219 -0.950687 -0.216362 -0.599753 0.835246 -0.300098 0.460765 -0.265448 -0.502974 -0.0783253 0.860745 0.410029 0.31622 -0.930002 0.187351 0.400795 -0.384863 -0.306262 -0.87068 -0.504304 0.867113 0.203222 -0.454769 0.485867 
1530722117626 -0.238072 -0.946202 -0.219143 -0.600681 0.837715 -0.314222 0.446652 -0.267127 -0.491482 -0.0772443 0.867455 0.408262 0.31622 -0.930002 0.187351 0.400795 -0.384863 -0.306262 -0.87068 -0.504304 0.867113 0.203222 -0.454769 0.485867 
1530722118218 -0.253903 -0.941487 -0.221664 -0.601608 0.83979 -0.328284 0.432415 -0.268805 -0.479882 -0.07636 0.874004 0.406496 0.31622 -0.930002 0.187351 0.400795 -0.384863 -0.306262 -0.87068 -0.504304 0.867113 0.203222 -0.454769 0.485867 
1530722118849 -0.269702 -0.936546 -0.223926 -0.602523 0.841469 -0.34228 0.418061 -0.270479 -0.468179 -0.0756748 0.880388 0.404736 0.31622 -0.930002 0.187351 0.400795 -0.384863 -0.306262 -0.87068 -0.504304 0.867113 0.203222 -0.454769 0.485867 
1530722119472 -0.285437 -0.931383 -0.225945 -0.603284 0.842739 -0.356189 0.403633 -0.272056 -0.456416 -0.0752011 0.886583 0.403099 0.31622 -0.930002 0.187351 0.400795 -0.384863 -0.306262 -0.87068 -0.504304 0.867113 0.203222 -0.454769 0.485867 
1530722120144 -0.285308 -0.93143 -0.225917 -0.603254 0.842712 -0.356072 0.403793 -0.272094 -0.456548 -0.0751772 0.886517 0.40303 0.31622 -0.930002 0.187351 0.400795 -0.384863 -0.306262 -0.87068 -0.504304 0.867113 0.203222 -0.454769 0.485867 
1530722120158 -0.283511 -0.932163 -0.22515 -0.603264 0.841139 -0.354481 0.408446 -0.272554 -0.46055 -0.0735837 0.884578 0.40324 0.31622 -0.930002 0.187351 0.400795 -0.384863 -0.306262 -0.87068 -0.504304 0.867113 0.203222 -0.454769 0.485867 
1530722120524 -0.281718 -0.932894 -0.224375 -0.603274 0.839543 -0.352882 0.413088 -0.273014 -0.464545 -0.0719985 0.882618 0.40345 0.31622 -0.930002 0.187351 0.400795 -0.384863 -0.306262 -0.87068 -0.504304 0.867113 0.203222 -0.454769 0.485867 
1530722120896 -0.279928 -0.933621 -0.22359 -0.603283 0.837925 -0.351273 0.417718 -0.273473 -0.468532 -0.0704206 0.880635 0.40366 0.31622 -0.930002 0.187351 0.400795 -0.384863 -0.306262 -0.87068 -0.504304 0.867113 0.203222 -0.454769 0.485867 
1530722121253 -0.27814 -0.934345 -0.222795 -0.603293 0.836284 -0.349656 0.422338 -0.273933 -0.472511 -0.0688505 0.878631 0.40387 0.31622 -0.930002 0.187351 0.400795 -0.384863 -0.306262 -0.87068 -0.504304 0.867113 0.203222 -0.454769 0.485867 
1530722121627 -0.276356 -0.935066 -0.22199 -0.603303 0.834621 -0.34803 0.426946 -0.274393 -0.476482 -0.0672882 0.876605 0.404081 0.31622 -0.930002 0.187351 0.400795 -0.384863 -0.306262 -0.87068 -0.504304 0.867113 0.203222 -0.454769 0.485867 
1530722121982 -0.274575 -0.935783 -0.221175 -0.603313 0.832935 -0.346394 0.431544 -0.274852 -0.480445 -0.0657336 0.874558 0.404291 0.31622 -0.930002 0.187351 0.400795 -0.384863 -0.306262 -0.87068 -0.504304 0.867113 0.203222 -0.454769 0.485867 
1530722121989 -0.272798 -0.936497 -0.220351 -0.603323 0.831227 -0.344751 0.436129 -0.275312 -0.4844 -0.0641869 0.872489 0.404501 0.31622 -0.930002 0.187351 0.400795 -0.384863 -0.306262 -0.87068 -0.504304 0.867113 0.203222 -0.454769 0.485867 
1530722122351 -0.271023 -0.937208 -0.219516 -0.603333 0.829497 -0.343098 0.440703 -0.275772 -0.488346 -0.0626476 0.870399 0.40471 0.31622 -0.930002 0.187351 0.400795 -0.384863 -0.306262 -0.87068 -0.504304 0.867113 0.203222 -0.454769 0.485867 
1530722122358 -0.269252 -0.937916 -0.218673 -0.603354 0.827749 -0.341436 0.445255 -0.276227 -0.492275 -0.0611206 0.868291 0.404899 0.31622 -0.930002 0.187351 0.400795 -0.384863 -0.306262 -0.87068 -0.504304 0.867113 0.203222 -0.454769 0.485867 
1530722123198 -0.270942 -0.937245 -0.219458 -0.603312 0.829576 -0.342992 0.440637 -0.275831 -0.488257 -0.0626695 0.870447 0.404698 0.31622 -0.930002 0.187351 0.400795 -0.384863 -0.306262 -0.87068 -0.504304 0.867113 0.203222 -0.454769 0.485867 
1530722123560 -0.262774 -0.940066 -0.217316 -0.603082 0.826887 -0.335476 0.451347 -0.275776 -0.4972 -0.061093 0.865482 0.405531 0.31622 -0.930002 0.187351 0.400795 -0.384863 -0.306262 -0.87068 -0.504304 0.867113 0.203222 -0.454769 0.485867 
1530722124023 -0.254612 -0.942824 -0.215072 -0.602851 0.824036 -0.327919 0.461988 -0.27572 -0.5061 -0.0595993 0.860413 0.406364 0.31622 -0.930002 0.187351 0.400795 -0.384863 -0.306262 -0.87068 -0.504304 0.867113 0.203222 -0.454769 0.485867 
1530722124503 -0.246457 -0.945519 -0.212725 -0.60262 0.821025 -0.320324 0.472557 -0.275664 -0.514953 -0.0581876 0.855241 0.407197 0.31622 -0.930002 0.187351 0.400795 -0.384863 -0.306262 -0.87068 -0.504304 0.867113 0.203222 -0.454769 0.485867 
1530722124991 -0.238312 -0.948151 -0.210276 -0.602389 0.817854 -0.312692 0.483052 -0.275609 -0.523758 -0.056858 0.849967 0.40803 0.31622 -0.930002 0.187351 0.400795 -0.384863 -0.306262 -0.87068 -0.504304 0.867113 0.203222 -0.454769 0.485867 
1530722124997 -0.230178 -0.95072 -0.207727 -0.602158 0.814522 -0.305024 0.493471 -0.275553 -0.532514 -0.055612 0.844592 0.408862 0.31622 -0.930002 0.187351 0.400795 -0.384863 -0.306262 -0.87068 -0.504304 0.867113 0.203222 -0.454769 0.485867 
1530722125610 -0.222056 -0.953224 -0.205076 -0.601927 0.811032 -0.297322 0.503813 -0.275498 -0.54122 -0.0544487 0.839116 0.409695 0.31622 -0.930002 0.187351 0.400795 -0.384863 -0.306262 -0.87068 -0.504304 0.867113 0.203222 -0.454769 0.485867 
1530722126124 -0.213947 -0.955663 -0.202325 -0.601697 0.807383 -0.289587 0.514075 -0.275442 -0.549873 -0.0533693 0.833542 0.410528 0.31622 -0.930002 0.187351 0.400795 -0.384863 -0.306262 -0.87068 -0.504304 0.867113 0.203222 -0.454769 0.485867 
1530722126602 -0.205854 -0.958037 -0.199473 -0.601471 0.803576 -0.28182 0.524255 -0.275389 -0.558471 -0.052372 0.827869 0.411358 0.31622 -0.930002 0.187351 0.400795 -0.384863 -0.306262 -0.87068 -0.504304 0.867113 0.203222 -0.454769 0.485867 
1530722127064 -0.19779 -0.960344 -0.196517 -0.6013 0.799626 -0.27403 0.534327 -0.275365 -0.566989 -0.0514558 0.822117 0.412117 0.31622 -0.930002 0.187351 0.400795 -0.384863 -0.306262 -0.87068 -0.504304 0.867113 0.203222 -0.454769 0.485867 
1530722127660 -0.197836 -0.960342 -0.196478 -0.601293 0.79965 -0.274043 0.534286 -0.275373 -0.566941 -0.0514127 0.822153 0.412111 0.31622 -0.930002 0.187351 0.400795 -0.384863 -0.306262 -0.87068 -0.504304 0.867113 0.203222 -0.454769 0.485867 
1530722127895 -0.19093 -0.962203 -0.194192 -0.60119 0.79683 -0.267458 0.541783 -0.275116 -0.573243 -0.0512954 0.817778 0.412745 0.31622 -0.930002 0.187351 0.400795 -0.384863 -0.306262 -0.87068 -0.504304 0.867113 0.203222 -0.454769 0.485867 
1530722128379 -0.184034 -0.964017 -0.191842 -0.601087 0.793914 -0.260859 0.54923 -0.27486 -0.57951 -0.0512293 0.813353 0.413379 0.31622 -0.930002 0.187351 0.400795 -0.384863 -0.306262 -0.87068 -0.504304 0.867113 0.203222 -0.454769 0.485867 
1530722128820 -0.177147 -0.965782 -0.189431 -0.600983 0.790902 -0.254248 0.556626 -0.274603 -0.585742 -0.0512169 0.808878 0.414013 0.31622 -0.930002 0.187351 0.400795 -0.384863 -0.306262 -0.87068 -0.504304 0.867113 0.203222 -0.454769 0.485867 
1530722129236 -0.17027 -0.9675 -0.186957 -0.60088 0.787793 -0.247624 0.563972 -0.274347 -0.591937 -0.0512562 0.804353 0.414647 0.31622 -0.930002 0.187351 0.400795 -0.384863 -0.306262 -0.87068 -0.504304 0.867113 0.203222 -0.454769 0.485867 
1530722129658 -0.163403 -0.969169 -0.184421 -0.600777 0.784589 -0.240988 0.571265 -0.27409 -0.598096 -0.0513481 0.799778 0.415281 0.31622 -0.930002 0.187351 0.400795 -0.384863 -0.306262 -0.87068 -0.504304 0.867113 0.203222 -0.454769 0.485867 
1530722130082 -0.156548 -0.97079 -0.181823 -0.600674 0.78129 -0.234341 0.578506 -0.273833 -0.604217 -0.0514927 0.795154 0.415915 0.31622 -0.930002 0.187351 0.400795 -0.384863 -0.306262 -0.87068 -0.504304 0.867113 0.203222 -0.454769 0.485867 
1530722130530 -0.149706 -0.972362 -0.179165 -0.600571 0.777897 -0.227684 0.585694 -0.273577 -0.610299 -0.0516903 0.790483 0.416549 0.31622 -0.930002 0.187351 0.400795 -0.384863 -0.306262 -0.87068 -0.504304 0.867113 0.203222 -0.454769 0.485867 
1530722130968 -0.142876 -0.973886 -0.176444 -0.600471 0.774408 -0.221017 0.592827 -0.273322 -0.616343 -0.0519387 0.785763 0.417181 0.31622 -0.930002 0.187351 0.400795 -0.384863 -0.306262 -0.87068 -0.504304 0.867113 0.203222 -0.454769 0.485867 
1530722131400 -0.136073 -0.97536 -0.173658 -0.60041 0.770838 -0.214347 0.599887 -0.273096 -0.622329 -0.0522338 0.781011 0.417757 0.31622 -0.930002 0.187351 0.400795 -0.384863 -0.306262 -0.87068 -0.504304 0.867113 0.203222 -0.454769 0.485867 
1530722131927 -0.136281 -0.975334 -0.173641 -0.600443 0.770891 -0.214492 0.599766 -0.273048 -0.622217 -0.0521214 0.781108 0.417775 0.31622 -0.930002 0.187351 0.400795 -0.384863 -0.306262 -0.87068 -0.504304 0.867113 0.203222 -0.454769 0.485867 
1530722132204 -0.131193 -0.97644 -0.171329 -0.600434 0.768424 -0.209352 0.604728 -0.272824 -0.626349 -0.0523173 0.777785 0.418195 0.31622 -0.930002 0.187351 0.400795 -0.384863 -0.306262 -0.87068 -0.504304 0.867113 0.203222 -0.454769 0.485867 
1530722132612 -0.126115 -0.977517 -0.168986 -0.600424 0.765907 -0.204207 0.60966 -0.272601 -0.630461 -0.0525405 0.774441 0.418616 0.31622 -0.930002 0.187351 0.400795 -0.384863 -0.306262 -0.87068 -0.504304 0.867113 0.203222 -0.454769 0.485867 
1530722132982 -0.121044 -0.978565 -0.16661 -0.600415 0.763341 -0.199057 0.614562 -0.272377 -0.634554 -0.0527912 0.771074 0.419036 0.31622 -0.930002 0.187351 0.400795 -0.384863 -0.306262 -0.87068 -0.504304 0.867113 0.203222 -0.454769 0.485867 
1530722133362 -0.115983 -0.979584 -0.164203 -0.600406 0.760726 -0.193903 0.619433 -0.272153 -0.638626 -0.0530692 0.767685 0.419456 0.31622 -0.930002 0.187351 0.400795 -0.384863 -0.306262 -0.87068 -0.504304 0.867113 0.203222 -0.454769 0.485867 
1530722133763 -0.110932 -0.980575 -0.161764 -0.600396 0.758062 -0.188745 0.624274 -0.27193 -0.642679 -0.0533758 0.764274 0.419877 0.31622 -0.930002 0.187351 0.400795 -0.384863 -0.306262 -0.87068 -0.504304 0.867113 0.203222 -0.454769 0.485867 
1530722133769 -0.105889 -0.981536 -0.159294 -0.600387 0.755349 -0.183582 0.629083 -0.271706 -0.646711 -0.0537096 0.760842 0.420297 0.31622 -0.930002 0.187351 0.400795 -0.384863 -0.306262 -0.87068 -0.504304 0.867113 0.203222 -0.454769 0.485867 
1530722134269 -0.100857 -0.982468 -0.156793 -0.600378 0.752588 -0.178417 0.63386 -0.271482 -0.650722 -0.0540712 0.757388 0.420717 0.31622 -0.930002 0.187351 0.400795 -0.384863 -0.306262 -0.87068 -0.504304 0.867113 0.203222 -0.454769 0.485867 
1530722134664 -0.0958355 -0.983371 -0.154261 -0.60037 0.749779 -0.173248 0.638606 -0.27126 -0.654712 -0.0544603 0.753914 0.421136 0.31622 -0.930002 0.187351 0.400795 -0.384863 -0.306262 -0.87068 -0.504304 0.867113 0.203222 -0.454769 0.485867 
1530722134670 -0.0908328 -0.984245 -0.151696 -0.600386 0.746929 -0.168081 0.643308 -0.271059 -0.65867 -0.0548724 0.750429 0.421517 0.31622 -0.930002 0.187351 0.400795 -0.384863 -0.306262 -0.87068 -0.504304 0.867113 0.203222 -0.454769 0.485867 
1530722135253 -0.0908377 -0.984231 -0.151785 -0.600363 0.747012 -0.168136 0.643198 -0.271096 -0.658575 -0.0549585 0.750505 0.421524 0.31622 -0.930002 0.187351 0.400795 -0.384863 -0.306262 -0.87068 -0.504304 0.867113 0.203222 -0.454769 0.485867 
1530722135522 -0.0867588 -0.984823 -0.150319 -0.600391 0.744978 -0.164314 0.646536 -0.270886 -0.661424 -0.0558915 0.747927 0.421801 0.31622 -0.930002 0.187351 0.400795 -0.384863 -0.306262 -0.87068 -0.504304 0.867113 0.203222 -0.454769 0.485867 
1530722135899 -0.0826839 -0.985399 -0.148835 -0.600419 0.742916 -0.160492 0.649859 -0.270676 -0.664258 -0.0568388 0.745339 0.422078 0.31622 -0.930002 0.187351 0.400795 -0.384863 -0.306262 -0.87068 -0.504304 0.867113 0.203222 -0.454769 0.485867 
1530722136254 -0.078613 -0.985958 -0.147334 -0.600447 0.740829 -0.156672 0.653167 -0.270466 -0.667078 -0.0578017 0.742742 0.422354 0.31622 -0.930002 0.187351 0.400795 -0.384863 -0.306262 -0.87068 -0.504304 0.867113 0.203222 -0.454769 0.485867 
1530722136833 -0.0745463 -0.986499 -0.145815 -0.600475 0.738714 -0.152854 0.656459 -0.270256 -0.669884 -0.0587791 0.740135 0.422631 0.31622 -0.930002 0.187351 0.400795 -0.384863 -0.306262 -0.87068 -0.504304 0.867113 0.203222 -0.454769 0.485867 
1530722137233 -0.070484 -0.987024 -0.144279 -0.600503 0.736572 -0.149036 0.659735 -0.270047 -0.672676 -0.0597708 0.737519 0.422908 0.31622 -0.930002 0.187351 0.400795 -0.384863 -0.306262 -0.87068 -0.504304 0.867113 0.203222 -0.454769 0.485867 
1530722137600 -0.0664262 -0.987531 -0.142725 -0.600531 0.734404 -0.14522 0.662995 -0.269837 -0.675455 -0.0607773 0.734893 0.423185 0.31622 -0.930002 0.187351 0.400795 -0.384863 -0.306262 -0.87068 -0.504304 0.867113 0.203222 -0.454769 0.485867 
1530722137971 -0.062373 -0.988021 -0.141153 -0.600559 0.732209 -0.141406 0.666239 -0.269627 -0.678218 -0.0617984 0.732257 0.423462 0.31622 -0.930002 0.187351 0.400795 -0.384863 -0.306262 -0.87068 -0.504304 0.867113 0.203222 -0.454769 0.485867 
1530722137980 -0.0583248 -0.988494 -0.139564 -0.600589 0.729987 -0.137593 0.669468 -0.269418 -0.680968 -0.0628332 0.729613 0.423737 0.31622 -0.930002 0.187351 0.400795 -0.384863 -0.306262 -0.87068 -0.504304 0.867113 0.203222 -0.454769 0.485867 
1530722138437 -0.0542897 -0.98895 -0.137954 -0.600633 0.727746 -0.133786 0.672672 -0.269228 -0.683695 -0.0638767 0.726967 0.423984 0.31622 -0.930002 0.187351 0.400795 -0.384863 -0.306262 -0.87068 -0.504304 0.867113 0.203222 -0.454769 0.485867 
1530722138873 -0.0542409 -0.988941 -0.138034 -0.600595 0.727697 -0.133809 0.672721 -0.269278 -0.683751 -0.0639579 0.726907 0.423961 0.31622 -0.930002 0.187351 0.400795 -0.384863 -0.306262 -0.87068 -0.504304 0.867113 0.203222 -0.454769 0.485867 
1530722139171 -0.0530342 -0.989171 -0.13685 -0.600624 0.726897 -0.132205 0.673901 -0.269237 -0.684696 -0.0637361 0.726037 0.424063 0.31622 -0.930002 0.187351 0.400795 -0.384863 -0.306262 -0.87068 -0.504304 0.867113 0.203222 -0.454769 0.485867 
1530722139445 -0.051828 -0.989398 -0.135664 -0.600653 0.726094 -0.1306 0.675079 -0.269196 -0.68564 -0.0635166 0.725165 0.424165 0.31622 -0.930002 0.187351 0.400795 -0.384863 -0.306262 -0.87068 -0.504304 0.867113 0.203222 -0.454769 0.485867 
1530722139803 -0.0506236 -0.989623 -0.134476 -0.600683 0.725287 -0.128995 0.676254 -0.269154 -0.686583 -0.0632995 0.724291 0.424267 0.31622 -0.930002 0.187351 0.400795 -0.384863 -0.306262 -0.87068 -0.504304 0.867113 0.203222 -0.454769 0.485867 
1530722139810 -0.0494203 -0.989845 -0.133286 -0.600712 0.724477 -0.127389 0.677425 -0.269113 -0.687525 -0.0630842 0.723415 0.424369 0.31622 -0.930002 0.187351 0.400795 -0.384863 -0.306262 -0.87068 -0.504304 0.867113 0.203222 -0.454769 0.485867 
1530722140206 -0.048218 -0.990064 -0.132093 -0.600741 0.723664 -0.125781 0.678594 -0.269072 -0.688466 -0.0628706 0.722538 0.424471 0.31622 -0.930002 0.187351 0.400795 -0.384863 -0.306262 -0.87068 -0.504304 0.867113 0.203222 -0.454769 0.485867 
1530722140472 -0.0470176 -0.99028 -0.130899 -0.60077 0.722847 -0.124173 0.679759 -0.269031 -0.689407 -0.0626595 0.721659 0.424573 0.31622 -0.930002 0.187351 0.400795 -0.384863 -0.306262 -0.87068 -0.504304 0.867113 0.203222 -0.454769 0.485867 
1530722140736 -0.0458187 -0.990494 -0.129703 -0.600799 0.722027 -0.122565 0.680922 -0.26899 -0.690346 -0.0624505 0.720779 0.424675 0.31622 -0.930002 0.187351 0.400795 -0.384863 -0.306262 -0.87068 -0.504304 0.867113 0.203222 -0.454769 0.485867 
1530722141002 -0.044621 -0.990705 -0.128505 -0.600829 0.721204 -0.120956 0.682081 -0.268949 -0.691284 -0.0622433 0.719898 0.424777 0.31622 -0.930002 0.187351 0.400795 -0.384863 -0.306262 -0.87068 -0.504304 0.867113 0.203222 -0.454769 0.485867 
1530722141284 -0.0434264 -0.990912 -0.127306 -0.600861 0.72038 -0.119348 0.683234 -0.268911 -0.692218 -0.0620381 0.719017 0.42487 0.31622 -0.930002 0.187351 0.400795 -0.384863 -0.306262 -0.87068 -0.504304 0.867113 0.203222 -0.454769 0.485867 
1530722141658 -0.0435047 -0.990927 -0.127164 -0.600858 0.720347 -0.119309 0.683275 -0.268887 -0.692248 -0.0618762 0.719002 0.424903 0.31622 -0.930002 0.187351 0.400795 -0.384863 -0.306262 -0.87068 -0.504304 0.867113 0.203222 -0.454769 0.485867 
1530722141672 -0.0434471 -0.990945 -0.127043 -0.600865 0.720269 -0.119191 0.683379 -0.268887 -0.692333 -0.0618142 0.718925 0.424902 0.31622 -0.930002 0.187351 0.400795 -0.384863 -0.306262 -0.87068 -0.504304 0.867113 0.203222 -0.454769 0.485867 
1530722141845 -0.043389 -0.990963 -0.126923 -0.600872 0.72019 -0.119074 0.683482 -0.268887 -0.692418 -0.0617533 0.718849 0.424902 0.31622 -0.930002 0.187351 0.400795 -0.384863 -0.306262 -0.87068 -0.504304 0.867113 0.203222 -0.454769 0.485867 
1530722142009 -0.0433309 -0.990981 -0.126804 -0.600879 0.720112 -0.118957 0.683584 -0.268887 -0.692503 -0.0616925 0.718772 0.424901 0.31622 -0.930002 0.187351 0.400795 -0.384863 -0.306262 -0.87068 -0.504304 0.867113 0.203222 -0.454769 0.485867 
1530722142224 -0.0432728 -0.990999 -0.126684 -0.600886 0.720034 -0.11884 0.683687 -0.268887 -0.692588 -0.0616316 0.718695 0.424901 0.31622 -0.930002 0.187351 0.400795 -0.384863 -0.306262 -0.87068 -0.504304 0.867113 0.203222 -0.454769 0.485867 
1530722142449 -0.0432147 -0.991017 -0.126564 -0.600892 0.719956 -0.118722 0.68379 -0.268886 -0.692673 -0.0615707 0.718619 0.4249 0.31622 -0.930002 0.187351 0.400795 -0.384863 -0.306262 -0.87068 -0.504304 0.867113 0.203222 -0.454769 0.485867 
1530722142692 -0.0431566 -0.991034 -0.126444 -0.600899 0.719877 -0.118605 0.683893 -0.268886 -0.692758 -0.0615099 0.718542 0.424899 0.31622 -0.930002 0.187351 0.400795 -0.384863 -0.306262 -0.87068 -0.504304 0.867113 0.203222 -0.454769 0.485867 
1530722142980 -0.0430986 -0.991052 -0.126325 -0.600906 0.719799 -0.118488 0.683996 -0.268886 -0.692843 -0.0614491 0.718465 0.424899 0.31622 -0.930002 0.187351 0.400795 -0.384863 -0.306262 -0.87068 -0.504304 0.867113 0.203222 -0.454769 0.485867 
1530722143163 -0.0430405 -0.99107 -0.126205 -0.600913 0.719721 -0.118371 0.684098 -0.268886 -0.692928 -0.0613882 0.718388 0.424898 0.31622 -0.930002 0.187351 0.400795 -0.384863 -0.306262 -0.87068 -0.504304 0.867113 0.203222 -0.454769 0.485867 
1530722143320 -0.0429825 -0.991088 -0.126085 -0.60092 0.719643 -0.118254 0.684201 -0.268886 -0.693013 -0.0613278 0.718312 0.424897 0.31622 -0.930002 0.187351 0.400795 -0.384863 -0.306262 -0.87068 -0.504304 0.867113 0.203222 -0.454769 0.485867 
1530722143372 -0.0430815 -0.991054 -0.12632 -0.600915 0.719626 -0.118488 0.684178 -0.268844 -0.693024 -0.0614277 0.718292 0.424826 0.31622 -0.930002 0.187351 0.400795 -0.384863 -0.306262 -0.87068 -0.504304 0.867113 0.203222 -0.454769 0.485867 
1530722143385 -0.0431701 -0.991033 -0.126454 -0.600918 0.720171 -0.118596 0.683586 -0.268843 -0.692452 -0.0615582 0.718832 0.424748 0.31622 -0.930002 0.187351 0.400795 -0.384863 -0.306262 -0.87068 -0.504304 0.867113 0.203222 -0.454769 0.485867 
1530722143725 -0.0432597 -0.991012 -0.126589 -0.600921 0.720716 -0.118704 0.682992 -0.268842 -0.69188 -0.0616883 0.719373 0.424671 0.31622 -0.930002 0.187351 0.400795 -0.384863 -0.306262 -0.87068 -0.504304 0.867113 0.203222 -0.454769 0.485867 
1530722143972 -0.0433494 -0.99099 -0.126723 -0.600925 0.72126 -0.118812 0.682399 -0.268841 -0.691307 -0.0618186 0.719912 0.424593 0.31622 -0.930002 0.187351 0.400795 -0.384863 -0.306262 -0.87068 -0.504304 0.867113 0.203222 -0.454769 0.485867 
1530722144251 -0.0434393 -0.990969 -0.126857 -0.600928 0.721804 -0.118921 0.681805 -0.26884 -0.690733 -0.061949 0.720451 0.424516 0.31622 -0.930002 0.187351 0.400795 -0.384863 -0.306262 -0.87068 -0.504304 0.867113 0.203222 -0.454769 0.485867 
1530722144505 -0.0435292 -0.990948 -0.126992 -0.600931 0.722347 -0.119029 0.68121 -0.26884 -0.69016 -0.0620795 0.720989 0.424438 0.31622 -0.930002 0.187351 0.400795 -0.384863 -0.306262 -0.87068 -0.504304 0.867113 0.203222 -0.454769 0.485867 
1530722144746 -0.0436192 -0.990927 -0.127126 -0.600934 0.72289 -0.119137 0.680615 -0.268839 -0.689585 -0.0622101 0.721527 0.42436 0.31622 -0.930002 0.187351 0.400795 -0.384863 -0.306262 -0.87068 -0.504304 0.867113 0.203222 -0.454769 0.485867 
1530722145012 -0.0437094 -0.990906 -0.12726 -0.600937 0.723432 -0.119245 0.68002 -0.268838 -0.689011 -0.0623408 0.722065 0.424283 0.31622 -0.930002 0.187351 0.400795 -0.384863 -0.306262 -0.87068 -0.504304 0.867113 0.203222 -0.454769 0.485867 
1530722145265 -0.0437995 -0.990885 -0.127394 -0.60094 0.723974 -0.119352 0.679424 -0.268837 -0.688436 -0.0624716 0.722602 0.424205 0.31622 -0.930002 0.187351 0.400795 -0.384863 -0.306262 -0.87068 -0.504304 0.867113 0.203222 -0.454769 0.485867 
1530722145271 -0.0438898 -0.990863 -0.127528 -0.60094 0.724513 -0.11946 0.67883 -0.268835 -0.687862 -0.0626022 0.723137 0.424134 0.31622 -0.930002 0.187351 0.400795 -0.384863 -0.306262 -0.87068 -0.504304 0.867113 0.203222 -0.454769 0.485867 
1530722145583 -0.0437011 -0.990874 -0.127509 -0.600904 0.7245 -0.119313 0.67887 -0.268912 -0.687888 -0.0627132 0.723102 0.424153 0.31622 -0.930002 0.187351 0.400795 -0.384863 -0.306262 -0.87068 -0.504304 0.867113 0.203222 -0.454769 0.485867 
1530722145593 -0.0438176 -0.990869 -0.127507 -0.6009 0.724494 -0.119395 0.678861 -0.268922 -0.687887 -0.0626321 0.723111 0.424149 0.31622 -0.930002 0.187351 0.400795 -0.384863 -0.306262 -0.87068 -0.504304 0.867113 0.203222 -0.454769 0.485867 
1530722145901 -0.0439339 -0.990864 -0.127506 -0.600896 0.724488 -0.119479 0.678853 -0.268932 -0.687886 -0.062552 0.723119 0.424144 0.31622 -0.930002 0.187351 0.400795 -0.384863 -0.306262 -0.87068 -0.504304 0.867113 0.203222 -0.454769 0.485867 
1530722146203 -0.0440503 -0.990859 -0.127505 -0.600891 0.724482 -0.119563 0.678845 -0.268942 -0.687884 -0.0624718 0.723127 0.42414 0.31622 -0.930002 0.187351 0.400795 -0.384863 -0.306262 -0.87068 -0.504304 0.867113 0.203222 -0.454769 0.485867 
1530722146498 -0.0441666 -0.990854 -0.127504 -0.600887 0.724476 -0.119646 0.678837 -0.268952 -0.687883 -0.0623916 0.723135 0.424135 0.31622 -0.930002 0.187351 0.400795 -0.384863 -0.306262 -0.87068 -0.504304 0.867113 0.203222 -0.454769 0.485867 
1530722146840 -0.0442829 -0.990849 -0.127503 -0.600883 0.72447 -0.11973 0.678828 -0.268962 -0.687882 -0.0623114 0.723143 0.424131 0.31622 -0.930002 0.187351 0.400795 -0.384863 -0.306262 -0.87068 -0.504304 0.867113 0.203222 -0.454769 0.485867 
1530722147024 -0.0443992 -0.990844 -0.127502 -0.600879 0.724464 -0.119813 0.67882 -0.268972 -0.687881 -0.0622312 0.723151 0.424126 0.31622 -0.930002 0.187351 0.400795 -0.384863 -0.306262 -0.87068 -0.504304 0.867113 0.203222 -0.454769 0.485867 
1530722147170 -0.0445156 -0.990839 -0.1275 -0.600874 0.724458 -0.119897 0.678812 -0.268982 -0.68788 -0.0621511 0.723159 0.424122 0.31622 -0.930002 0.187351 0.400795 -0.384863 -0.306262 -0.87068 -0.504304 0.867113 0.203222 -0.454769 0.485867 
1530722147429 -0.0446319 -0.990834 -0.127499 -0.60087 0.724452 -0.11998 0.678803 -0.268992 -0.687879 -0.0620709 0.723167 0.424117 0.31622 -0.930002 0.187351 0.400795 -0.384863 -0.306262 -0.87068 -0.504304 0.867113 0.203222 -0.454769 0.485867 
1530722147619 -0.0447486 -0.990829 -0.127498 -0.600866 0.724446 -0.120064 0.678795 -0.269001 -0.687878 -0.0619905 0.723175 0.424113 0.31622 -0.930002 0.187351 0.400795 -0.384863 -0.306262 -0.87068 -0.504304 0.867113 0.203222 -0.454769 0.485867 
1530722147796 -0.0446294 -0.990831 -0.127524 -0.600854 0.724454 -0.119996 0.678799 -0.269017 -0.687877 -0.0620911 0.723167 0.42413 0.31622 -0.930002 0.187351 0.400795 -0.384863 -0.306262 -0.87068 -0.504304 0.867113 0.203222 -0.454769 0.485867 
1530722147810 -0.0450057 -0.990905 -0.126812 -0.600862 0.724584 -0.119767 0.6787 -0.26905 -0.687715 -0.0613408 0.723385 0.424117 0.31622 -0.930002 0.187351 0.400795 -0.384863 -0.306262 -0.87068 -0.504304 0.867113 0.203222 -0.454769 0.485867 
1530722148066 -0.0453815 -0.990979 -0.1261 -0.60087 0.724715 -0.119539 0.6786 -0.269083 -0.687553 -0.060591 0.723602 0.424105 0.31622 -0.930002 0.187351 0.400795 -0.384863 -0.306262 -0.87068 -0.504304 0.867113 0.203222 -0.454769 0.485867 
1530722148352 -0.0457581 -0.991052 -0.125388 -0.600878 0.724846 -0.119311 0.6785 -0.269116 -0.687389 -0.0598401 0.72382 0.424092 0.31622 -0.930002 0.187351 0.400795 -0.384863 -0.306262 -0.87068 -0.504304 0.867113 0.203222 -0.454769 0.485867 
