1530632689726 0.275657 -0.8825 0.381061 -0.604483 0.633204 0.464965 0.618757 -0.181741 -0.723233 0.0707247 0.686973 0.426588 0.0531701 -0.997954 -0.035518 0.388196 0.0593949 0.0386658 -0.997485 -0.472414 0.996818 0.0509268 0.0613292 0.432324 
1530632689737 0.25636 -0.939187 0.228488 0.190522 -0.09544 -0.259828 -0.960927 -0.632759 0.961858 0.224537 -0.156246 0.522991 0.0492059 -0.997975 -0.0403065 0.388209 0.0598064 0.043227 -0.997274 -0.472001 0.996996 0.0466611 0.0618123 0.432267 
1530632690055 0.218501 -0.931404 0.291108 0.220456 0.106878 -0.27368 -0.955864 -0.527818 0.969966 0.23997 0.0397474 0.494922 0.0452439 -0.997958 -0.0450954 0.388221 0.0602355 0.0477848 -0.99704 -0.471588 0.997158 0.0423936 0.0622745 0.43221 
1530632690338 0.16226 -0.93285 0.321655 0.11859 0.348692 -0.250737 -0.903075 -0.461437 0.923085 0.258692 0.284592 0.483134 0.0412829 -0.997901 -0.0498849 0.388233 0.0606828 0.0523395 -0.996784 -0.471176 0.997303 0.038123 0.0627162 0.432154 
1530632690629 0.101453 -0.93566 0.338006 0.00618326 0.566381 -0.224998 -0.792836 -0.420067 0.817875 0.271876 0.507113 0.472819 0.0373233 -0.997806 -0.0546749 0.388245 0.0611486 0.0568909 -0.996506 -0.470763 0.997431 0.0338496 0.0631379 0.432097 
1530632690921 0.0360287 -0.940511 0.337848 -0.0997268 0.748977 -0.198404 -0.632194 -0.390054 0.661615 0.275817 0.697273 0.458167 0.0333661 -0.997673 -0.0594656 0.388257 0.0616314 0.0614394 -0.996206 -0.470353 0.997541 0.0295746 0.0635379 0.432039 
1530632691247 -0.028658 -0.947013 0.319914 -0.200692 0.887811 -0.171177 -0.427189 -0.361428 0.459315 0.271781 0.845674 0.447097 0.0294111 -0.9975 -0.0642565 0.388271 0.0621329 0.0659844 -0.995884 -0.469947 0.997634 0.0252976 0.0639182 0.431981 
1530632691545 -0.0865608 -0.95418 0.286438 -0.298905 0.970218 -0.146033 -0.193265 -0.33332 0.226239 0.261179 0.938404 0.436097 0.0254611 -0.997288 -0.0690476 0.388287 0.0626527 0.0705261 -0.99554 -0.469557 0.997711 0.0210216 0.0642785 0.431918 
1530632691878 -0.134169 -0.961548 0.239633 -0.39213 0.990702 -0.124655 0.0544986 -0.306217 -0.0225316 0.244717 0.969333 0.424433 0.021527 -0.997038 -0.0738387 0.388297 0.0631903 0.0750651 -0.995174 -0.469221 0.997769 0.0167572 0.0646191 0.431844 
1530632692231 -0.169134 -0.968199 0.184351 -0.470179 0.948618 -0.109163 0.296996 -0.284173 -0.267427 0.225111 0.936914 0.407963 0.0177073 -0.99675 -0.0785926 0.388234 0.0637131 0.07957 -0.994791 -0.469075 0.997811 0.0126077 0.0649149 0.431728 
1530632692544 -0.169134 -0.968199 0.184351 -0.470179 0.948618 -0.109163 0.296996 -0.284173 -0.267427 0.225111 0.936914 0.407963 0.0177997 -0.996755 -0.078504 0.388235 0.0638296 0.0794891 -0.99479 -0.469069 0.997802 0.0126961 0.0650373 0.431781 
1530632692558 0.279843 -0.930318 0.237057 0.205876 -0.110552 -0.276506 -0.954632 -0.484925 0.953659 0.24094 -0.180227 0.499532 0.0173809 -0.996723 -0.0789965 0.388243 0.0638781 0.0799539 -0.99475 -0.468991 0.997806 0.0122435 0.0650585 0.431778 
1530632692794 0.233697 -0.928027 0.290089 0.185001 0.102142 -0.273268 -0.9565 -0.464226 0.966929 0.253161 0.0309292 0.494691 0.0169617 -0.996691 -0.0794886 0.388251 0.0639264 0.0804184 -0.994709 -0.468912 0.99781 0.0117906 0.0650789 0.431776 
1530632692962 0.171679 -0.930653 0.323128 0.0945128 0.343354 -0.250907 -0.905071 -0.441983 0.923382 0.266329 0.276468 0.489173 0.0165426 -0.996659 -0.0799807 0.388258 0.0639749 0.0808828 -0.994668 -0.468834 0.997814 0.0113376 0.0650992 0.431773 
1530632693247 0.105306 -0.934593 0.339774 -0.00556128 0.56304 -0.225599 -0.795042 -0.41627 0.819693 0.275029 0.502456 0.475998 0.0161237 -0.996626 -0.0804728 0.388266 0.0640236 0.0813472 -0.994627 -0.468755 0.997818 0.0108849 0.0651192 0.431771 
1530632693434 0.0368383 -0.940237 0.338523 -0.103954 0.748813 -0.198353 -0.632404 -0.38911 0.661756 0.276787 0.696755 0.461136 0.015704 -0.996593 -0.0809644 0.388274 0.0640725 0.081811 -0.994586 -0.468677 0.997822 0.0104314 0.0651389 0.431768 
1530632693636 -0.0284509 -0.946963 0.32008 -0.202101 0.887724 -0.171131 -0.427389 -0.36114 0.459497 0.271983 0.84551 0.447866 0.0152851 -0.99656 -0.0814564 0.388282 0.0641215 0.0822752 -0.994545 -0.4686 0.997825 0.0099786 0.0651585 0.431766 
1530632693867 -0.0865127 -0.95417 0.286489 -0.299499 0.970199 -0.146024 -0.193365 -0.333176 0.226337 0.261223 0.938368 0.43638 0.0148666 -0.996526 -0.0819485 0.388291 0.0641708 0.0827395 -0.994503 -0.468525 0.997828 0.00952622 0.065178 0.431762 
1530632694071 -0.134176 -0.961546 0.239636 -0.392487 0.990702 -0.124667 0.0544781 -0.306154 -0.0225084 0.244718 0.969333 0.424338 0.01445 -0.996491 -0.0824405 0.388299 0.0642203 0.0832038 -0.994461 -0.468457 0.997831 0.0090756 0.0651973 0.431757 
1530632694258 -0.169249 -0.968162 0.184436 -0.470704 0.948568 -0.109218 0.297137 -0.28431 -0.267533 0.22524 0.936853 0.407243 0.0140467 -0.996456 -0.0829291 0.3883 0.0642668 0.0836655 -0.994419 -0.468418 0.997834 0.00863868 0.0652143 0.431747 
1530632694455 -0.169249 -0.968162 0.184436 -0.470704 0.948568 -0.109218 0.297137 -0.28431 -0.267533 0.22524 0.936853 0.407243 0.0139707 -0.996461 -0.0828879 0.388282 0.064199 0.0836189 -0.994428 -0.468472 0.997839 0.0085715 0.06514 0.43173 
1530632694469 0.28122 -0.929914 0.237013 0.204542 -0.111016 -0.276847 -0.954479 -0.481845 0.9532 0.242107 -0.181091 0.49876 0.0162453 -0.996546 -0.0814371 0.388176 0.0633039 0.0823095 -0.994594 -0.468741 0.997862 0.0110022 0.0644224 0.431933 
1530632694752 0.234426 -0.92788 0.28997 0.182951 0.101468 -0.273298 -0.956563 -0.463047 0.966824 0.253665 0.0300816 0.495557 0.0185216 -0.996624 -0.0799881 0.38807 0.0624109 0.0809982 -0.994758 -0.46901 0.997879 0.0134324 0.0637004 0.432137 
1530632695026 0.172205 -0.930537 0.323182 0.0929967 0.342876 -0.250944 -0.905242 -0.441645 0.923462 0.266698 0.275845 0.489888 0.0207992 -0.996694 -0.0785408 0.387963 0.0615207 0.0796848 -0.99492 -0.469279 0.997889 0.0158617 0.0629747 0.43234 
1530632695302 0.105643 -0.934496 0.339937 -0.0065455 0.562675 -0.225684 -0.795276 -0.416303 0.8199 0.275289 0.501976 0.476432 0.0230778 -0.996757 -0.0770947 0.387857 0.0606337 0.0783688 -0.995079 -0.469547 0.997893 0.0182896 0.0622457 0.432544 
1530632695588 0.0369688 -0.940169 0.338697 -0.1044 0.748834 -0.198368 -0.632375 -0.389087 0.661726 0.277006 0.696697 0.461965 0.0253567 -0.996812 -0.0756498 0.38775 0.0597499 0.07705 -0.995235 -0.469815 0.997891 0.0207158 0.0615132 0.432748 
1530632695858 -0.0284055 -0.946922 0.320206 -0.202161 0.887736 -0.171143 -0.427357 -0.361125 0.459475 0.272119 0.845478 0.448113 0.0276375 -0.99686 -0.0742071 0.387643 0.0588687 0.0757298 -0.995389 -0.470079 0.997883 0.0231416 0.0607768 0.432952 
1530632696125 -0.0865092 -0.954149 0.286558 -0.299488 0.970201 -0.146033 -0.193349 -0.333173 0.226331 0.261293 0.93835 0.436438 0.0299167 -0.9969 -0.0727653 0.387534 0.057991 0.0744063 -0.99554 -0.470332 0.997869 0.0255636 0.0600372 0.433157 
1530632696471 -0.134203 -0.961531 0.239684 -0.392526 0.990698 -0.124687 0.0545068 -0.306186 -0.0225244 0.244769 0.96932 0.424276 0.0321878 -0.996934 -0.0713235 0.387428 0.0571197 0.0730786 -0.995689 -0.47055 0.997848 0.0279751 0.0592968 0.433357 
1530632696734 -0.169362 -0.968125 0.184528 -0.470907 0.948521 -0.109273 0.297266 -0.28445 -0.267627 0.225375 0.936794 0.406874 0.0343875 -0.996962 -0.0698861 0.387374 0.0562937 0.0717486 -0.995833 -0.470639 0.997822 0.03031 0.05859 0.43352 
1530632697017 -0.169362 -0.968125 0.184528 -0.470907 0.948521 -0.109273 0.297266 -0.28445 -0.267627 0.225375 0.936794 0.406874 0.03441 -0.996965 -0.0698402 0.387377 0.0563855 0.0717069 -0.995831 -0.470603 0.997816 0.0303286 0.0586818 0.433557 
1530632697027 0.28189 -0.929679 0.237139 0.204299 -0.111197 -0.277153 -0.95437 -0.480869 0.952981 0.242658 -0.181504 0.497936 0.0352438 -0.996972 -0.0693192 0.387332 0.0565469 0.0712406 -0.995855 -0.470692 0.997778 0.0311779 0.0588864 0.433528 
1530632697306 0.234719 -0.9278 0.28999 0.182268 0.101145 -0.273393 -0.95657 -0.462903 0.966787 0.253857 0.029672 0.495798 0.0360777 -0.996978 -0.0687978 0.387286 0.0567089 0.0707741 -0.995879 -0.470781 0.997739 0.0320276 0.0590909 0.433499 
1530632697312 0.172414 -0.930477 0.323243 0.0924589 0.342652 -0.251008 -0.905309 -0.441779 0.923506 0.266848 0.275553 0.490167 0.0369116 -0.996983 -0.0682763 0.387241 0.0568713 0.0703078 -0.995903 -0.47087 0.997699 0.0328774 0.0592949 0.433471 
1530632697535 0.105773 -0.934448 0.340029 -0.00692803 0.562509 -0.22575 -0.795375 -0.416516 0.819997 0.275398 0.501757 0.476716 0.0377457 -0.996988 -0.0677547 0.387195 0.057034 0.0698419 -0.995926 -0.470959 0.997658 0.0337276 0.0594985 0.433442 
1530632697865 0.0370119 -0.940137 0.33878 -0.104654 0.748838 -0.198392 -0.632363 -0.389229 0.661719 0.277096 0.696667 0.462577 0.03858 -0.996991 -0.0672333 0.38715 0.0571973 0.0693764 -0.995949 -0.471047 0.997617 0.0345781 0.0597017 0.433413 
1530632698090 -0.0283558 -0.946855 0.320409 -0.202397 0.887765 -0.171176 -0.427285 -0.361229 0.459423 0.272332 0.845438 0.448894 0.0394129 -0.996994 -0.0667111 0.387104 0.0573606 0.0689103 -0.995972 -0.471134 0.997575 0.0354276 0.0599041 0.433385 
1530632698312 -0.0865175 -0.954128 0.286628 -0.299546 0.970204 -0.146051 -0.193323 -0.333251 0.226317 0.261361 0.938334 0.43662 0.0402461 -0.996995 -0.0661891 0.387058 0.0575245 0.0684448 -0.995995 -0.471218 0.997533 0.0362775 0.0601063 0.433358 
1530632698537 -0.134235 -0.961513 0.239738 -0.392566 0.990693 -0.124711 0.0545364 -0.306259 -0.0225395 0.244828 0.969305 0.424262 0.0410754 -0.996996 -0.0656667 0.387013 0.0576881 0.0679789 -0.996018 -0.471288 0.997489 0.0371237 0.060307 0.433335 
1530632698760 -0.169463 -0.968091 0.184612 -0.471042 0.948483 -0.109323 0.29737 -0.284594 -0.267699 0.225495 0.936744 0.406634 0.0418807 -0.996996 -0.0651479 0.386989 0.0578503 0.0675155 -0.99604 -0.471314 0.997446 0.0379461 0.0605041 0.433328 
1530632698978 -0.169463 -0.968091 0.184612 -0.471042 0.948483 -0.109323 0.29737 -0.284594 -0.267699 0.225495 0.936744 0.406634 0.0419935 -0.996991 -0.0651642 0.387031 0.0579328 0.0675417 -0.996033 -0.471274 0.997437 0.0380518 0.0605948 0.433387 
1530632698990 0.282374 -0.929509 0.23723 0.204062 -0.111326 -0.277374 -0.95429 -0.480225 0.952823 0.243057 -0.181802 0.497377 0.0426304 -0.997073 -0.0634645 0.38696 0.057571 0.0658683 -0.996166 -0.471346 0.997431 0.0388132 0.0602104 0.433421 
1530632699194 0.234932 -0.927742 0.290004 0.181774 0.100908 -0.273464 -0.956575 -0.462819 0.96676 0.253994 0.029371 0.495975 0.043268 -0.997153 -0.0617635 0.386888 0.0572108 0.0641929 -0.996296 -0.471417 0.997424 0.0395742 0.0598254 0.433454 
1530632699408 0.172568 -0.930432 0.32329 0.0920842 0.342475 -0.25106 -0.905362 -0.441874 0.923543 0.266955 0.275325 0.490388 0.043906 -0.997229 -0.0600626 0.386817 0.0568517 0.0625172 -0.996423 -0.471489 0.997417 0.0403343 0.0594391 0.433488 
1530632699630 0.105811 -0.934433 0.340057 -0.00710909 0.562492 -0.225761 -0.795383 -0.416622 0.820004 0.27544 0.501723 0.47709 0.0445446 -0.997301 -0.0583621 0.386745 0.0564934 0.0608413 -0.996547 -0.471561 0.997409 0.0410937 0.0590511 0.433521 
1530632699900 0.0370435 -0.940116 0.338835 -0.104837 0.748837 -0.198407 -0.632358 -0.389321 0.661718 0.277157 0.696645 0.463046 0.0451837 -0.99737 -0.0566616 0.386673 0.0561362 0.0591649 -0.996669 -0.471632 0.9974 0.0418524 0.0586619 0.433555 
1530632700113 -0.0283189 -0.946811 0.320541 -0.202579 0.88778 -0.171196 -0.427246 -0.361302 0.459397 0.27247 0.845408 0.449419 0.045823 -0.997436 -0.0549608 0.386602 0.0557802 0.0574876 -0.996787 -0.471703 0.997391 0.04261 0.0582715 0.433589 
1530632700338 -0.0865206 -0.954113 0.286674 -0.299599 0.970204 -0.146062 -0.193312 -0.333306 0.226314 0.261407 0.938322 0.436734 0.0464623 -0.997499 -0.0532603 0.38653 0.055425 0.05581 -0.996902 -0.471773 0.997381 0.0433664 0.0578795 0.433623 
1530632700565 -0.134257 -0.961499 0.239779 -0.392596 0.99069 -0.124728 0.0545549 -0.306316 -0.0225473 0.244871 0.969293 0.424248 0.0471009 -0.997559 -0.0515598 0.386463 0.0550711 0.0541319 -0.997014 -0.471836 0.997371 0.0441208 0.0574863 0.433659 
1530632700769 -0.169536 -0.968067 0.184674 -0.471128 0.948456 -0.109359 0.297443 -0.284705 -0.267749 0.225582 0.936709 0.406474 0.047719 -0.997615 -0.0498739 0.386418 0.0547306 0.0524672 -0.997122 -0.471876 0.99736 0.0448521 0.0571038 0.4337 
1530632700982 -0.169536 -0.968067 0.184674 -0.471128 0.948456 -0.109359 0.297443 -0.284705 -0.267749 0.225582 0.936709 0.406474 0.0475742 -0.997615 -0.0500156 0.386393 0.0547338 0.0526007 -0.997115 -0.471876 0.997367 0.0446994 0.0571057 0.4337 
1530632700995 0.282708 -0.929392 0.237292 0.203876 -0.111413 -0.277526 -0.954236 -0.479808 0.952714 0.243332 -0.182005 0.497005 0.0476593 -0.99764 -0.0494283 0.386403 0.054748 0.0520192 -0.997144 -0.471904 0.997362 0.0448171 0.057098 0.43369 
1530632701225 0.235076 -0.927702 0.290013 0.181438 0.100747 -0.273512 -0.956578 -0.462768 0.966742 0.254086 0.0291671 0.496096 0.0477441 -0.997665 -0.0488409 0.386412 0.0547625 0.0514375 -0.997174 -0.471932 0.997357 0.0449345 0.0570905 0.43368 
1530632701468 0.17267 -0.930403 0.32332 0.0918329 0.342358 -0.251094 -0.905397 -0.441939 0.923567 0.267026 0.275174 0.490536 0.0478288 -0.997689 -0.0482536 0.386422 0.0547769 0.0508561 -0.997203 -0.471959 0.997352 0.0450518 0.0570827 0.43367 
1530632701667 0.105836 -0.934424 0.340076 -0.00723033 0.562481 -0.225767 -0.79539 -0.41669 0.820009 0.275466 0.501701 0.47733 0.0479135 -0.997713 -0.0476665 0.386432 0.0547913 0.0502747 -0.997231 -0.471987 0.997348 0.0451692 0.0570748 0.43366 
1530632701872 0.0370637 -0.940103 0.338869 -0.104956 0.748836 -0.198416 -0.632357 -0.38938 0.661718 0.277195 0.69663 0.463335 0.0479979 -0.997737 -0.0470785 0.386441 0.0548063 0.0496925 -0.99726 -0.472015 0.997343 0.0452862 0.0570674 0.433651 
1530632702083 -0.0282958 -0.946785 0.32062 -0.202697 0.887787 -0.171208 -0.427225 -0.361348 0.459383 0.272554 0.845389 0.449734 0.0480825 -0.997761 -0.0464911 0.386451 0.0548209 0.0491109 -0.997288 -0.472043 0.997338 0.0454034 0.0570595 0.433641 
1530632702253 -0.0865205 -0.954105 0.286702 -0.299638 0.970204 -0.146068 -0.193308 -0.333339 0.226315 0.261434 0.938314 0.436799 0.0481666 -0.997784 -0.0459034 0.386461 0.0548354 0.048529 -0.997315 -0.47207 0.997333 0.0455202 0.0570514 0.433631 
1530632702430 -0.13427 -0.961491 0.239806 -0.392616 0.990688 -0.124739 0.0545648 -0.306355 -0.0225505 0.244899 0.969286 0.424235 0.0482508 -0.997807 -0.0453158 0.38647 0.0548499 0.0479471 -0.997343 -0.472095 0.997328 0.045637 0.0570431 0.433624 
1530632702615 -0.169585 -0.96805 0.184716 -0.47118 0.948438 -0.109384 0.297491 -0.284785 -0.267782 0.225642 0.936685 0.406376 0.0483325 -0.997829 -0.0447339 0.38648 0.0548634 0.0473708 -0.99737 -0.472116 0.997323 0.0457511 0.0570339 0.433626 
1530632702805 -0.169585 -0.96805 0.184716 -0.47118 0.948438 -0.109384 0.297491 -0.284785 -0.267782 0.225642 0.936685 0.406376 0.0482336 -0.997836 -0.0446837 0.386437 0.0549582 0.0473193 -0.997367 -0.472153 0.997323 0.0456509 0.0571217 0.433694 
1530632702818 0.282917 -0.929318 0.237331 0.203751 -0.111466 -0.277621 -0.954202 -0.479557 0.952646 0.243505 -0.182131 0.496777 0.048307 -0.997801 -0.0453921 0.386437 0.0553513 0.0480495 -0.99731 -0.472132 0.997298 0.0456646 0.0575507 0.433636 
1530632703048 0.235164 -0.927678 0.290019 0.181231 0.100648 -0.273541 -0.95658 -0.462739 0.966731 0.254143 0.0290415 0.49617 0.0483819 -0.997764 -0.0461013 0.386436 0.0557449 0.0487807 -0.997253 -0.472111 0.997272 0.0456791 0.0579803 0.433578 
1530632703220 0.172732 -0.930385 0.323339 0.0916798 0.342287 -0.251114 -0.905418 -0.441978 0.923582 0.267069 0.275084 0.490625 0.0484565 -0.997728 -0.0468101 0.386436 0.0561382 0.0495116 -0.997195 -0.47209 0.997246 0.0456927 0.0584098 0.43352 
1530632703420 0.105851 -0.934418 0.340086 -0.00730385 0.562474 -0.225771 -0.795394 -0.41673 0.820012 0.275482 0.501688 0.477467 0.0485317 -0.997691 -0.0475192 0.386436 0.0565314 0.0502427 -0.997136 -0.47207 0.997221 0.0457064 0.0588392 0.433462 
1530632703626 0.037075 -0.940096 0.338887 -0.105026 0.748835 -0.19842 -0.632357 -0.389414 0.661719 0.277215 0.696621 0.463491 0.0486074 -0.997653 -0.0482284 0.386436 0.0569246 0.050974 -0.997076 -0.472049 0.997195 0.0457199 0.0592687 0.433404 
1530632703802 -0.028283 -0.946772 0.32066 -0.202765 0.88779 -0.171214 -0.427217 -0.361373 0.459378 0.272596 0.845378 0.449896 0.0486829 -0.997615 -0.0489373 0.386435 0.0573177 0.051705 -0.997016 -0.472027 0.997168 0.0457327 0.0596981 0.433346 
1530632703981 -0.0865169 -0.954102 0.286714 -0.299666 0.970203 -0.146069 -0.193312 -0.333355 0.226319 0.261446 0.93831 0.436832 0.0487586 -0.997576 -0.0496461 0.386435 0.0577105 0.052436 -0.996955 -0.472006 0.997142 0.045745 0.0601273 0.433289 
1530632704155 -0.134277 -0.961486 0.239823 -0.39263 0.990687 -0.124744 0.0545694 -0.306379 -0.0225511 0.244917 0.969282 0.424227 0.0488349 -0.997537 -0.0503552 0.386434 0.0581029 0.0531672 -0.996894 -0.471982 0.997115 0.0457574 0.0605562 0.433234 
1530632704410 -0.169618 -0.968039 0.184744 -0.471209 0.948426 -0.109402 0.297522 -0.284841 -0.267802 0.225682 0.93667 0.406324 0.0489114 -0.997497 -0.0510588 0.386435 0.0584831 0.0538924 -0.996833 -0.471955 0.997089 0.0457704 0.0609727 0.433191 
1530632704596 -0.169618 -0.968039 0.184744 -0.471209 0.948426 -0.109402 0.297522 -0.284841 -0.267802 0.225682 0.93667 0.406324 0.0489568 -0.9975 -0.0509572 0.386436 0.0584476 0.053792 -0.99684 -0.471943 0.997089 0.0458238 0.0609349 0.433223 
1530632704619 0.283035 -0.929276 0.237354 0.203678 -0.111495 -0.277674 -0.954183 -0.479421 0.952607 0.243603 -0.182201 0.496651 0.0491618 -0.997483 -0.0511051 0.386423 0.0590152 0.0539786 -0.996797 -0.471953 0.997046 0.0459883 0.0615203 0.433147 
1530632704908 0.235214 -0.927665 0.290023 0.181115 0.100592 -0.273558 -0.956581 -0.462724 0.966724 0.254175 0.0289714 0.496212 0.0493671 -0.997465 -0.0512526 0.38641 0.0595832 0.0541649 -0.996753 -0.471963 0.997002 0.046153 0.0621061 0.433071 
1530632705119 0.172766 -0.930375 0.323349 0.0915947 0.342249 -0.251125 -0.905429 -0.442 0.92359 0.267093 0.275034 0.490675 0.0495725 -0.997447 -0.0514 0.386397 0.060151 0.0543514 -0.996708 -0.471973 0.996958 0.0463175 0.0626917 0.432995 
1530632705280 0.105859 -0.934415 0.340092 -0.00734469 0.56247 -0.225773 -0.795396 -0.416752 0.820013 0.275491 0.50168 0.477541 0.049778 -0.997429 -0.0515471 0.386384 0.0607193 0.0545379 -0.996664 -0.471983 0.996913 0.046482 0.063278 0.432919 
1530632705492 0.0370804 -0.940093 0.338895 -0.105064 0.748834 -0.198423 -0.632357 -0.389433 0.661719 0.277225 0.696616 0.463574 0.0499832 -0.997411 -0.0516941 0.386371 0.0612867 0.0547243 -0.996619 -0.471993 0.996868 0.046646 0.0638634 0.432843 
1530632705690 -0.0282778 -0.946766 0.320677 -0.202804 0.887791 -0.171217 -0.427214 -0.36139 0.459377 0.272614 0.845373 0.449984 0.0501888 -0.997393 -0.0518412 0.386358 0.0618547 0.0549111 -0.996574 -0.472002 0.996822 0.0468102 0.0644494 0.432767 
1530632705948 -0.0865136 -0.954099 0.286722 -0.299695 0.970203 -0.146068 -0.193314 -0.333369 0.226322 0.261455 0.938307 0.436884 0.0503939 -0.997375 -0.0519881 0.386345 0.0624219 0.0550979 -0.996528 -0.47201 0.996777 0.0469737 0.0650346 0.432693 
1530632706174 -0.134283 -0.961482 0.239834 -0.392645 0.990686 -0.124749 0.0545738 -0.3064 -0.0225527 0.244929 0.969279 0.424238 0.0505992 -0.997357 -0.0521354 0.386332 0.0629883 0.0552852 -0.996482 -0.472015 0.996731 0.0471373 0.0656193 0.432623 
1530632706364 -0.169639 -0.968032 0.184762 -0.471226 0.948419 -0.109412 0.297541 -0.284878 -0.267814 0.225707 0.93666 0.4063 0.050801 -0.997339 -0.052283 0.386326 0.0635369 0.055472 -0.996437 -0.472009 0.996686 0.0472981 0.0661859 0.432582 
1530632706564 -0.169639 -0.968032 0.184762 -0.471226 0.948419 -0.109412 0.297541 -0.284878 -0.267814 0.225707 0.93666 0.4063 0.0509163 -0.99733 -0.0523548 0.386311 0.0634926 0.0555493 -0.996435 -0.471969 0.996683 0.0474107 0.0661514 0.432585 
1530632706577 0.283098 -0.929254 0.237365 0.203638 -0.111511 -0.277703 -0.954173 -0.479351 0.952586 0.243656 -0.182239 0.496585 0.0506852 -0.997337 -0.0524452 0.386291 0.0621338 0.05556 -0.99652 -0.471939 0.99678 0.0472502 0.0647844 0.432776 
1530632706898 0.23524 -0.927657 0.290025 0.181053 0.100563 -0.273566 -0.956582 -0.462717 0.966721 0.254192 0.0289338 0.496235 0.0504539 -0.997344 -0.0525364 0.386271 0.0607744 0.0555719 -0.996603 -0.471909 0.996876 0.0470896 0.0634168 0.432967 
1530632707114 0.172784 -0.93037 0.323354 0.0915492 0.342228 -0.251131 -0.905435 -0.442012 0.923594 0.267106 0.275007 0.490702 0.0502226 -0.99735 -0.0526278 0.386251 0.0594145 0.0555845 -0.996685 -0.47188 0.996969 0.0469292 0.0620487 0.433157 
1530632707347 0.105863 -0.934413 0.340095 -0.00736661 0.562468 -0.225774 -0.795397 -0.416764 0.820014 0.275496 0.501677 0.477582 0.0499912 -0.997357 -0.0527184 0.386231 0.0580549 0.055597 -0.996764 -0.47185 0.997061 0.0467689 0.0606808 0.433348 
1530632707569 0.0370831 -0.940091 0.3389 -0.105084 0.748834 -0.198424 -0.632358 -0.389445 0.66172 0.277229 0.696614 0.46362 0.0497597 -0.997364 -0.0528089 0.386211 0.0566948 0.0556098 -0.996842 -0.47182 0.997151 0.0466085 0.0593124 0.433539 
1530632707806 -0.0282759 -0.946763 0.320686 -0.202827 0.887792 -0.171219 -0.427212 -0.361402 0.459376 0.272623 0.84537 0.450036 0.0495279 -0.997371 -0.0528988 0.386191 0.0553346 0.0556225 -0.996917 -0.471792 0.997239 0.0464481 0.057944 0.433729 
1530632708035 -0.086513 -0.954094 0.286741 -0.299717 0.970204 -0.14607 -0.193308 -0.333383 0.226319 0.261474 0.938302 0.436942 0.0492966 -0.997378 -0.0529882 0.386172 0.0539753 0.0556355 -0.996991 -0.471765 0.997325 0.0462882 0.0565764 0.433916 
1530632708042 -0.134286 -0.96148 0.239841 -0.392654 0.990686 -0.124751 0.0545765 -0.306412 -0.0225538 0.244936 0.969277 0.424247 0.0490658 -0.997384 -0.0530762 0.386154 0.0526201 0.0556477 -0.997063 -0.471744 0.997408 0.0461288 0.0552129 0.43409 
1530632708310 -0.16965 -0.968028 0.184772 -0.471236 0.948415 -0.109418 0.297552 -0.284898 -0.267821 0.22572 0.936655 0.406288 0.0488347 -0.997391 -0.0531579 0.386131 0.0513082 0.0556562 -0.997131 -0.471738 0.997488 0.0459671 0.0538923 0.43419 
1530632708586 -0.16965 -0.968028 0.184772 -0.471236 0.948415 -0.109418 0.297552 -0.284898 -0.267821 0.22572 0.936655 0.406288 0.0487982 -0.997396 -0.0531126 0.386097 0.0513873 0.0556126 -0.997129 -0.471762 0.997486 0.0459288 0.0539673 0.434182 
1530632708763 0.283132 -0.929242 0.237372 0.203617 -0.111519 -0.277718 -0.954168 -0.479314 0.952575 0.243684 -0.18226 0.49655 0.048932 -0.997543 -0.0501412 0.386129 0.0525057 0.052701 -0.997229 -0.471781 0.997421 0.0461637 0.0549555 0.434049 
1530632709099 0.235254 -0.927653 0.290025 0.18102 0.100547 -0.273571 -0.956582 -0.462713 0.966719 0.254201 0.0289137 0.496247 0.0490617 -0.997681 -0.047169 0.386162 0.0536239 0.0497889 -0.997319 -0.4718 0.997355 0.0464008 0.0559423 0.433917 
1530632709106 0.172794 -0.930367 0.323357 0.0915249 0.342217 -0.251134 -0.905439 -0.442018 0.923596 0.267113 0.274993 0.490716 0.0491879 -0.997811 -0.0441961 0.386194 0.0547424 0.0468765 -0.9974 -0.471819 0.997288 0.0466405 0.0569283 0.433784 
1530632709391 0.105865 -0.934413 0.340097 -0.0073783 0.562467 -0.225774 -0.795397 -0.416771 0.820014 0.275498 0.501674 0.477603 0.049311 -0.997932 -0.0412229 0.386227 0.055861 0.0439641 -0.99747 -0.471838 0.99722 0.0468835 0.0579134 0.433651 
1530632709778 0.0370845 -0.94009 0.338902 -0.105095 0.748833 -0.198425 -0.632358 -0.389451 0.66172 0.277232 0.696613 0.463644 0.0494312 -0.998045 -0.0382496 0.386259 0.0569798 0.041052 -0.997531 -0.471857 0.997151 0.0471297 0.0588977 0.433518 
1530632710087 -0.0282748 -0.946762 0.32069 -0.202839 0.887792 -0.17122 -0.427211 -0.361408 0.459376 0.272627 0.845369 0.450063 0.0495478 -0.998149 -0.0352757 0.386292 0.0580988 0.0381397 -0.997582 -0.471876 0.997081 0.0473785 0.059881 0.433386 
1530632710385 -0.0865127 -0.954091 0.286751 -0.299729 0.970204 -0.146072 -0.193305 -0.333391 0.226317 0.261484 0.9383 0.436972 0.0496605 -0.998244 -0.032301 0.386325 0.0592176 0.0352269 -0.997623 -0.471896 0.997009 0.0476297 0.060863 0.433257 
1530632710683 -0.134288 -0.961479 0.239845 -0.392659 0.990686 -0.124752 0.0545779 -0.306418 -0.0225543 0.24494 0.969276 0.424251 0.0497711 -0.99833 -0.0293285 0.386359 0.0603315 0.0323164 -0.997655 -0.471918 0.996937 0.047885 0.0618392 0.433144 
1530632710988 -0.169656 -0.968026 0.184777 -0.471241 0.948413 -0.109421 0.297557 -0.284909 -0.267825 0.225728 0.936652 0.406281 0.0498831 -0.998406 -0.0263892 0.386401 0.0614079 0.0294381 -0.997679 -0.471955 0.996865 0.0481468 0.0627785 0.433124 
1530632711300 -0.169656 -0.968026 0.184777 -0.471241 0.948413 -0.109421 0.297557 -0.284909 -0.267825 0.225728 0.936652 0.406281 0.049896 -0.998403 -0.0264885 0.386386 0.0614142 0.0295384 -0.997675 -0.471929 0.996864 0.0481532 0.06279 0.433116 
1530632711313 0.28315 -0.929236 0.237375 0.203606 -0.111524 -0.277726 -0.954165 -0.479294 0.952569 0.243699 -0.18227 0.496531 0.0500907 -0.998332 -0.0286977 0.386408 0.0607012 0.0317237 -0.997652 -0.471923 0.996898 0.0482311 0.0621891 0.43319 
1530632711578 0.235262 -0.927651 0.290026 0.181003 0.100538 -0.273574 -0.956582 -0.462711 0.966718 0.254206 0.0289031 0.496253 0.0502839 -0.998257 -0.0309073 0.386431 0.0599883 0.0339094 -0.997623 -0.471917 0.996932 0.0483103 0.0615888 0.433265 
1530632711839 0.172799 -0.930365 0.323358 0.0915121 0.342211 -0.251136 -0.905441 -0.442021 0.923597 0.267116 0.274985 0.490724 0.0504756 -0.998176 -0.0331171 0.386453 0.0592749 0.036095 -0.997589 -0.471911 0.996965 0.0483909 0.0609887 0.43334 
1530632712119 0.105867 -0.934412 0.340097 -0.00738445 0.562466 -0.225774 -0.795398 -0.416774 0.820015 0.275499 0.501673 0.477614 0.0506656 -0.998091 -0.0353266 0.386476 0.0585612 0.0382802 -0.99755 -0.471905 0.996997 0.0484727 0.0603888 0.433414 
1530632712125 0.0370853 -0.94009 0.338904 -0.105101 0.748833 -0.198425 -0.632358 -0.389454 0.66172 0.277233 0.696612 0.463657 0.0508542 -0.998 -0.0375364 0.386498 0.057847 0.0404654 -0.997505 -0.471898 0.997029 0.048556 0.0597891 0.433489 
1530632712396 -0.0282743 -0.946761 0.320693 -0.202845 0.887792 -0.171221 -0.42721 -0.361411 0.459375 0.27263 0.845368 0.450078 0.0510405 -0.997905 -0.0397453 0.38652 0.0571326 0.0426496 -0.997455 -0.471891 0.997061 0.0486398 0.0591897 0.433563 
1530632712739 -0.0865125 -0.954089 0.286756 -0.299735 0.970204 -0.146072 -0.193304 -0.333395 0.226316 0.261489 0.938299 0.436988 0.0512258 -0.997805 -0.0419549 0.386541 0.056418 0.0448342 -0.9974 -0.471882 0.997092 0.0487256 0.0585909 0.433636 
1530632713027 -0.134289 -0.961478 0.239846 -0.392662 0.990686 -0.124753 0.0545786 -0.306421 -0.0225546 0.244942 0.969275 0.424254 0.0514078 -0.997701 -0.0441623 0.38656 0.0557066 0.0470167 -0.99734 -0.471866 0.997123 0.0488109 0.0579955 0.433698 
1530632713371 -0.169659 -0.968025 0.18478 -0.471244 0.948412 -0.109422 0.29756 -0.284915 -0.267826 0.225731 0.936651 0.406278 0.0515791 -0.997593 -0.0463444 0.386572 0.0550207 0.0491744 -0.997274 -0.471825 0.997152 0.0488886 0.0574246 0.433697 
1530632713647 -0.169659 -0.968025 0.18478 -0.471244 0.948412 -0.109422 0.29756 -0.284915 -0.267826 0.225731 0.936651 0.406278 0.0514551 -0.997601 -0.0463084 0.386536 0.0549968 0.0491301 -0.997277 -0.471865 0.99716 0.0487682 0.0573929 0.433658 
1530632713658 0.283159 -0.929232 0.237377 0.2036 -0.111526 -0.27773 -0.954163 -0.479284 0.952566 0.243706 -0.182276 0.496521 0.0513517 -0.997724 -0.0436964 0.386579 0.0556814 0.0465464 -0.997363 -0.47187 0.997127 0.0487832 0.0579449 0.433571 
1530632713664 0.235265 -0.92765 0.290026 0.180994 0.100534 -0.273575 -0.956582 -0.46271 0.966718 0.254208 0.0288977 0.496256 0.051246 -0.997841 -0.0410831 0.386621 0.0563662 0.0439615 -0.997442 -0.471874 0.997094 0.0487992 0.0584973 0.433484 
1530632713948 0.172802 -0.930365 0.323359 0.0915054 0.342208 -0.251137 -0.905441 -0.442023 0.923598 0.267118 0.274981 0.490728 0.0511392 -0.99795 -0.0384702 0.386664 0.0570504 0.0413769 -0.997514 -0.471878 0.997061 0.0488173 0.0590494 0.433397 
1530632714309 0.105867 -0.934412 0.340098 -0.00738763 0.562466 -0.225775 -0.795398 -0.416776 0.820015 0.2755 0.501673 0.47762 0.0510302 -0.998053 -0.0358567 0.386706 0.0577343 0.0387915 -0.997578 -0.471883 0.997027 0.0488364 0.0596015 0.433309 
1530632714624 0.0370857 -0.94009 0.338904 -0.105104 0.748833 -0.198425 -0.632358 -0.389455 0.66172 0.277234 0.696612 0.463663 0.0509197 -0.998149 -0.0332432 0.386749 0.0584179 0.0362062 -0.997635 -0.471888 0.996993 0.0488573 0.0601534 0.433222 
1530632714895 -0.028274 -0.946761 0.320694 -0.202848 0.887792 -0.171221 -0.42721 -0.361412 0.459375 0.272631 0.845368 0.450085 0.050808 -0.998239 -0.0306301 0.386792 0.0591011 0.0336213 -0.997686 -0.471893 0.996958 0.0488802 0.0607052 0.433135 
1530632715198 -0.0865125 -0.954088 0.286759 -0.299738 0.970204 -0.146073 -0.193303 -0.333397 0.226316 0.261492 0.938298 0.436996 0.0506936 -0.998321 -0.0280161 0.386835 0.0597835 0.0310352 -0.997729 -0.471899 0.996923 0.0489036 0.0612564 0.433051 
1530632715495 -0.134289 -0.961478 0.239847 -0.392663 0.990685 -0.124753 0.054579 -0.306423 -0.0225547 0.244943 0.969275 0.424255 0.0505794 -0.998397 -0.0254041 0.386879 0.060462 0.0284511 -0.997765 -0.471911 0.996888 0.0489304 0.0618041 0.432977 
1530632715792 -0.169661 -0.968024 0.184781 -0.471245 0.948411 -0.109423 0.297561 -0.284918 -0.267827 0.225733 0.93665 0.406276 0.0504722 -0.998465 -0.0228209 0.386923 0.0611153 0.0258949 -0.997795 -0.471946 0.996854 0.0489662 0.0623284 0.432972 
1530632716097 -0.169661 -0.968024 0.184781 -0.471245 0.948411 -0.109423 0.297561 -0.284918 -0.267827 0.225733 0.93665 0.406276 0.0504425 -0.998462 -0.0230171 0.386927 0.0611147 0.0260891 -0.99779 -0.471948 0.996855 0.0489244 0.0623367 0.43292 
1530632716110 0.283164 -0.929231 0.237378 0.203597 -0.111527 -0.277733 -0.954163 -0.479279 0.952565 0.24371 -0.182279 0.496517 0.050477 -0.99842 -0.0246843 0.386936 0.0595204 0.0276792 -0.997843 -0.47193 0.99695 0.0488989 0.0608235 0.433135 
1530632716393 0.235267 -0.92765 0.290026 0.180989 0.100532 -0.273576 -0.956582 -0.462709 0.966717 0.254209 0.0288948 0.496258 0.0505085 -0.998376 -0.026352 0.386946 0.0579249 0.0292697 -0.997892 -0.471912 0.997042 0.0488756 0.0593092 0.43335 
1530632716721 0.172803 -0.930364 0.32336 0.091502 0.342206 -0.251137 -0.905442 -0.442024 0.923598 0.267119 0.274979 0.49073 0.0505374 -0.998329 -0.0280193 0.386955 0.0563295 0.0308597 -0.997935 -0.471893 0.997132 0.0488547 0.0577949 0.433565 
1530632717051 0.105867 -0.934412 0.340098 -0.00738928 0.562466 -0.225775 -0.795398 -0.416777 0.820015 0.2755 0.501673 0.477623 0.0505639 -0.998279 -0.0296876 0.386965 0.0547332 0.0324508 -0.997974 -0.471875 0.99722 0.0488365 0.0562799 0.43378 
1530632717341 0.0370859 -0.94009 0.338905 -0.105105 0.748833 -0.198426 -0.632358 -0.389456 0.66172 0.277235 0.696611 0.463667 0.0505875 -0.998227 -0.0313549 0.386974 0.0531374 0.0340408 -0.998007 -0.471857 0.997305 0.0488205 0.0547653 0.433995 
1530632717658 -0.0282738 -0.946761 0.320695 -0.20285 0.887792 -0.171221 -0.42721 -0.361413 0.459375 0.272631 0.845368 0.450089 0.0506087 -0.998172 -0.033023 0.386984 0.0515409 0.0356317 -0.998035 -0.471838 0.997388 0.0488072 0.05325 0.434209 
1530632717943 -0.0865124 -0.954088 0.28676 -0.299739 0.970205 -0.146073 -0.193303 -0.333398 0.226316 0.261493 0.938298 0.437 0.050627 -0.998115 -0.0346902 0.386993 0.0499456 0.0372216 -0.998058 -0.47182 0.997468 0.048796 0.0517359 0.43442 
1530632718239 -0.134289 -0.961478 0.239848 -0.392664 0.990685 -0.124754 0.0545792 -0.306424 -0.0225548 0.244943 0.969275 0.424256 0.0506419 -0.998055 -0.0363552 0.387 0.0483561 0.0388096 -0.998076 -0.4718 0.997546 0.0487864 0.0502274 0.434612 
1530632718517 -0.169662 -0.968024 0.184782 -0.471246 0.948411 -0.109424 0.297562 -0.284919 -0.267828 0.225734 0.93665 0.406275 0.0506451 -0.997994 -0.0379966 0.386998 0.0468204 0.0403762 -0.998087 -0.471768 0.997619 0.0487692 0.0487714 0.434699 
1530632718786 -0.169662 -0.968024 0.184782 -0.471246 0.948411 -0.109424 0.297562 -0.284919 -0.267828 0.225734 0.93665 0.406275 0.050573 -0.998001 -0.037888 0.386994 0.0468309 0.0402646 -0.998091 -0.471794 0.997622 0.0487021 0.0487736 0.434694 
1530632718797 0.283167 -0.92923 0.237378 0.203595 -0.111528 -0.277734 -0.954162 -0.479276 0.952564 0.243713 -0.18228 0.496514 0.0507075 -0.998 -0.0377518 0.38702 0.0452542 0.0400577 -0.998172 -0.471825 0.997688 0.0489064 0.0471949 0.434921 
1530632719068 0.235268 -0.927649 0.290026 0.180986 0.100531 -0.273576 -0.956582 -0.462709 0.966717 0.25421 0.0288934 0.496259 0.0508425 -0.997998 -0.037615 0.387045 0.0436773 0.0398496 -0.998251 -0.471855 0.997751 0.0491106 0.0456159 0.435147 
1530632719304 0.172804 -0.930364 0.32336 0.0915002 0.342206 -0.251137 -0.905442 -0.442024 0.923598 0.26712 0.274978 0.490731 0.0509779 -0.997996 -0.037479 0.387071 0.0421 0.0396419 -0.998327 -0.471886 0.997812 0.0493148 0.0440365 0.435374 
1530632719562 0.105868 -0.934412 0.340098 -0.00739013 0.562466 -0.225775 -0.795398 -0.416777 0.820015 0.2755 0.501672 0.477625 0.0511134 -0.997994 -0.0373426 0.387096 0.0405231 0.0394332 -0.9984 -0.471917 0.99787 0.0495184 0.0424574 0.435601 
1530632719805 0.037086 -0.940089 0.338905 -0.105106 0.748833 -0.198426 -0.632358 -0.389456 0.66172 0.277235 0.696611 0.463668 0.0512494 -0.997993 -0.0372071 0.387122 0.0389454 0.0392249 -0.998471 -0.471947 0.997926 0.049722 0.0408775 0.435827 
1530632720041 -0.0282738 -0.94676 0.320695 -0.20285 0.887792 -0.171221 -0.42721 -0.361414 0.459375 0.272632 0.845368 0.450091 0.0513853 -0.997991 -0.0370713 0.387147 0.0373678 0.0390158 -0.99854 -0.471978 0.99798 0.049925 0.0392976 0.436053 
1530632720278 -0.0865124 -0.954088 0.286761 -0.29974 0.970205 -0.146073 -0.193302 -0.333398 0.226315 0.261494 0.938298 0.437002 0.0515214 -0.997989 -0.0369355 0.387172 0.0357913 0.0388061 -0.998606 -0.472008 0.99803 0.0501276 0.0377186 0.436277 
1530632720516 -0.134289 -0.961478 0.239848 -0.392664 0.990685 -0.124754 0.0545793 -0.306424 -0.0225549 0.244943 0.969275 0.424256 0.0516568 -0.997987 -0.0367983 0.387196 0.0342197 0.0385947 -0.998669 -0.472036 0.998078 0.0503288 0.0361445 0.436485 
1530632720767 -0.169662 -0.968024 0.184782 -0.471246 0.948411 -0.109424 0.297563 -0.28492 -0.267828 0.225735 0.936649 0.406275 0.0517803 -0.997986 -0.0366546 0.387212 0.0327011 0.0383785 -0.998728 -0.472051 0.998123 0.0505158 0.0346225 0.43661 
1530632721024 -0.169662 -0.968024 0.184782 -0.471246 0.948411 -0.109424 0.297563 -0.28492 -0.267828 0.225735 0.936649 0.406275 0.0518015 -0.997977 -0.0368534 0.387189 0.0326271 0.0385745 -0.998723 -0.472041 0.998124 0.0505329 0.0345593 0.436524 
1530632721034 0.283168 -0.929229 0.237379 0.203595 -0.111528 -0.277734 -0.954162 -0.479275 0.952564 0.243714 -0.182281 0.496513 0.0518959 -0.99791 -0.0385134 0.387242 0.0335114 0.0402838 -0.998626 -0.472035 0.99809 0.0505339 0.0355319 0.436383 
1530632721239 0.235269 -0.927649 0.290026 0.180985 0.10053 -0.273576 -0.956582 -0.462709 0.966717 0.25421 0.0288926 0.496259 0.0519915 -0.997839 -0.0401728 0.387295 0.0343955 0.0419926 -0.998526 -0.47203 0.998055 0.0505331 0.0365044 0.436242 
1530632721245 0.172804 -0.930364 0.32336 0.0914993 0.342205 -0.251137 -0.905442 -0.442025 0.923599 0.26712 0.274978 0.490731 0.0520887 -0.997766 -0.0418321 0.387348 0.0352792 0.0437013 -0.998422 -0.472024 0.998019 0.0505307 0.0374767 0.436101 
1530632721510 0.105868 -0.934412 0.340098 -0.00739057 0.562466 -0.225775 -0.795398 -0.416777 0.820015 0.275501 0.501672 0.477625 0.0521874 -0.99769 -0.0434913 0.387401 0.0361627 0.0454101 -0.998314 -0.472018 0.997982 0.0505266 0.038449 0.43596 
1530632721780 0.037086 -0.940089 0.338905 -0.105107 0.748833 -0.198426 -0.632358 -0.389457 0.66172 0.277235 0.696611 0.463669 0.0522879 -0.997611 -0.0451505 0.387454 0.0370463 0.047119 -0.998202 -0.472012 0.997945 0.0505212 0.0394215 0.435819 
1530632722016 -0.0282737 -0.94676 0.320695 -0.202851 0.887792 -0.171221 -0.42721 -0.361414 0.459375 0.272632 0.845368 0.450092 0.0523893 -0.997529 -0.0468091 0.387507 0.0379294 0.0488273 -0.998087 -0.472005 0.997906 0.0505136 0.0403937 0.435678 
1530632722243 -0.0865124 -0.954088 0.286762 -0.299741 0.970205 -0.146073 -0.193302 -0.333399 0.226315 0.261494 0.938297 0.437004 0.0524918 -0.997444 -0.0484676 0.387558 0.038812 0.0505355 -0.997968 -0.471995 0.997867 0.050504 0.0413656 0.435538 
1530632722472 -0.13429 -0.961478 0.239848 -0.392664 0.990685 -0.124754 0.0545793 -0.306425 -0.0225549 0.244943 0.969275 0.424256 0.0525952 -0.997357 -0.0501258 0.387607 0.0396926 0.0522435 -0.997845 -0.471979 0.997827 0.0504922 0.0423355 0.435405 
1530632722686 -0.169662 -0.968024 0.184783 -0.471246 0.948411 -0.109424 0.297563 -0.28492 -0.267828 0.225735 0.936649 0.406275 0.0527013 -0.997267 -0.051771 0.387649 0.0405461 0.0539372 -0.997721 -0.471944 0.997787 0.0504821 0.0432779 0.435299 
1530632722938 -0.169662 -0.968024 0.184783 -0.471246 0.948411 -0.109424 0.297563 -0.28492 -0.267828 0.225735 0.936649 0.406275 0.0527375 -0.99727 -0.051682 0.387667 0.0406284 0.053854 -0.997722 -0.471932 0.997782 0.0505176 0.0433576 0.435373 
1530632722951 0.283169 -0.929229 0.237379 0.203594 -0.111529 -0.277735 -0.954162 -0.479274 0.952563 0.243714 -0.182281 0.496512 0.0522253 -0.997266 -0.0522766 0.387717 0.0420532 0.0544979 -0.997628 -0.47186 0.997749 0.049903 0.0447844 0.435156 
1530632723204 0.235269 -0.927649 0.290026 0.180985 0.10053 -0.273576 -0.956582 -0.462709 0.966717 0.254211 0.0288922 0.49626 0.0517132 -0.997261 -0.0528709 0.387767 0.0434795 0.0551399 -0.997532 -0.471789 0.997715 0.0492868 0.0462119 0.434939 
1530632723483 0.172805 -0.930364 0.32336 0.0914989 0.342205 -0.251137 -0.905442 -0.442025 0.923599 0.26712 0.274977 0.490731 0.0512025 -0.997256 -0.0534664 0.387816 0.0449058 0.0557814 -0.997433 -0.471717 0.997678 0.0486701 0.0476387 0.434722 
1530632723724 0.105868 -0.934412 0.340098 -0.00739079 0.562466 -0.225775 -0.795398 -0.416778 0.820015 0.275501 0.501672 0.477626 0.0506921 -0.99725 -0.0540621 0.387866 0.0463326 0.0564217 -0.997331 -0.471646 0.997639 0.048052 0.0490653 0.434505 
1530632723967 0.0370861 -0.940089 0.338905 -0.105107 0.748833 -0.198426 -0.632358 -0.389457 0.66172 0.277235 0.696611 0.46367 0.0501831 -0.997243 -0.0546589 0.387916 0.0477592 0.0570614 -0.997228 -0.471574 0.997597 0.0474335 0.0504911 0.434288 
1530632724221 -0.0282737 -0.94676 0.320695 -0.202851 0.887792 -0.171221 -0.42721 -0.361414 0.459375 0.272632 0.845368 0.450092 0.0496746 -0.997236 -0.0552563 0.387966 0.0491865 0.0577 -0.997122 -0.471503 0.997554 0.0468137 0.0519167 0.434072 
1530632724468 -0.0865124 -0.954088 0.286762 -0.299741 0.970205 -0.146073 -0.193302 -0.333399 0.226315 0.261495 0.938297 0.437004 0.0491675 -0.997228 -0.0558547 0.388016 0.0506131 0.0583381 -0.997013 -0.471434 0.997507 0.0461937 0.0533411 0.433857 
1530632724722 -0.13429 -0.961478 0.239848 -0.392664 0.990685 -0.124754 0.0545794 -0.306425 -0.0225549 0.244944 0.969275 0.424256 0.0486635 -0.997218 -0.0564551 0.388065 0.0520355 0.0589765 -0.996902 -0.471371 0.997459 0.0455751 0.0547607 0.433655 
1530632724980 -0.169662 -0.968024 0.184783 -0.471246 0.948411 -0.109424 0.297563 -0.284921 -0.267828 0.225735 0.936649 0.406274 0.0481832 -0.997207 -0.0570582 0.388102 0.0534085 0.0596151 -0.996792 -0.471337 0.99741 0.0449812 0.0561318 0.433522 
1530632725247 -0.169662 -0.968024 0.184783 -0.471246 0.948411 -0.109424 0.297563 -0.284921 -0.267828 0.225735 0.936649 0.406274 0.0483262 -0.997206 -0.0569609 0.388156 0.0534748 0.0595288 -0.996793 -0.471291 0.997399 0.0451252 0.0562022 0.433589 
1530632725258 0.283169 -0.929229 0.237379 0.203594 -0.111529 -0.277735 -0.954162 -0.479273 0.952563 0.243714 -0.182282 0.496512 0.0483747 -0.997269 -0.0558001 0.388204 0.0538411 0.0583878 -0.996841 -0.471309 0.997377 0.0452175 0.0565186 0.433534 
1530632725488 0.235269 -0.927649 0.290026 0.180984 0.10053 -0.273576 -0.956582 -0.462709 0.966717 0.254211 0.028892 0.49626 0.0484237 -0.997331 -0.0546395 0.388251 0.0542081 0.0572472 -0.996887 -0.471328 0.997355 0.045311 0.0568356 0.433478 
