1533308453440 0.132562 0.935381 -0.327857 -0.599884 -0.958708 0.204969 0.197146 -0.222874 0.251607 0.288185 0.923928 0.381668 1 0 0 0 0 1 0 0 0 0 1 1.306 
1533308453450 0.132305 0.935229 -0.328394 -0.599875 -0.958493 0.20513 0.198022 -0.222884 0.252559 0.288564 0.92355 0.381829 0.313239 -0.3866 0.867422 0.386189 -0.93126 -0.304042 0.200784 -0.500185 0.18611 -0.870689 -0.455263 0.505382 
1533308453734 0.132049 0.935077 -0.32893 -0.599866 -0.958277 0.205291 0.198898 -0.222894 0.253511 0.288942 0.923171 0.381989 0.316244 -0.384866 0.867103 0.400216 -0.929998 -0.306258 0.203249 -0.504049 0.187334 -0.87068 -0.454777 0.486145 
1533308453921 0.131791 0.934924 -0.329466 -0.599857 -0.95806 0.205453 0.199774 -0.222904 0.254463 0.28932 0.922791 0.38215 0.316258 -0.384857 0.867102 0.400836 -0.929992 -0.306267 0.203261 -0.504368 0.187338 -0.870681 -0.454774 0.485921 
1533308454101 0.131533 0.934772 -0.330001 -0.599848 -0.957843 0.205615 0.20065 -0.222914 0.255415 0.289697 0.922409 0.38231 0.316239 -0.384881 0.867098 0.400855 -0.93 -0.306257 0.203241 -0.504361 0.187331 -0.870674 -0.454789 0.485943 
1533308454287 0.131275 0.934619 -0.330536 -0.599839 -0.957624 0.205777 0.201525 -0.222924 0.256366 0.290074 0.922027 0.382471 0.316214 -0.384899 0.867099 0.400827 -0.930009 -0.306245 0.203216 -0.504329 0.187327 -0.87067 -0.454799 0.48594 
1533308454461 0.131016 0.934466 -0.33107 -0.59983 -0.957404 0.20594 0.2024 -0.222934 0.257316 0.290451 0.921644 0.382632 0.3162 -0.384907 0.867101 0.400798 -0.930014 -0.306239 0.203202 -0.504306 0.187326 -0.870669 -0.454801 0.485922 
1533308454666 0.130757 0.934313 -0.331604 -0.599821 -0.957184 0.206103 0.203274 -0.222944 0.258266 0.290827 0.921259 0.382792 0.316197 -0.384904 0.867103 0.400778 -0.930014 -0.30624 0.2032 -0.504292 0.187329 -0.87067 -0.454799 0.485903 
1533308454858 0.130496 0.93416 -0.332138 -0.599812 -0.956963 0.206266 0.204149 -0.222954 0.259217 0.291203 0.920873 0.382953 0.316201 -0.384895 0.867106 0.400765 -0.930012 -0.306246 0.203202 -0.504277 0.187337 -0.870672 -0.454792 0.485883 
1533308455064 0.130237 0.934007 -0.33267 -0.599809 -0.956741 0.20643 0.205021 -0.222962 0.260164 0.291578 0.920487 0.383108 0.316123 -0.384928 0.86712 0.40068 -0.93004 -0.30621 0.20313 -0.504145 0.18733 -0.87067 -0.454798 0.485852 
1533308455248 0.130279 0.934002 -0.332669 -0.599835 -0.956764 0.206436 0.204906 -0.222943 0.260057 0.291591 0.920514 0.383084 1 0 0 0 0 1 0 0 0 0 1 1.306 
1533308455260 0.130251 0.933986 -0.332722 -0.599831 -0.956739 0.206455 0.205005 -0.222946 0.260164 0.291626 0.920472 0.383103 0.313239 -0.3866 0.867422 0.386189 -0.93126 -0.304042 0.200784 -0.500185 0.18611 -0.870689 -0.455263 0.505382 
1533308455277 0.130222 0.933971 -0.332776 -0.599827 -0.956714 0.206472 0.205104 -0.222949 0.260271 0.291663 0.92043 0.383122 0.316244 -0.384866 0.867103 0.400216 -0.929998 -0.306258 0.203249 -0.504049 0.187334 -0.87068 -0.454777 0.486145 
1533308455294 0.130194 0.933956 -0.33283 -0.599823 -0.956689 0.20649 0.205204 -0.222953 0.260377 0.291698 0.920389 0.383141 0.316258 -0.384857 0.867102 0.400836 -0.929992 -0.306267 0.203261 -0.504368 0.187338 -0.870681 -0.454774 0.485921 
1533308455484 0.130165 0.933941 -0.332883 -0.599819 -0.956664 0.206508 0.205303 -0.222956 0.260484 0.291734 0.920348 0.38316 0.316239 -0.384881 0.867098 0.400855 -0.93 -0.306257 0.203241 -0.504361 0.187331 -0.870674 -0.454789 0.485943 
1533308455638 0.130137 0.933926 -0.332936 -0.599815 -0.956638 0.206526 0.205403 -0.222959 0.260591 0.291769 0.920306 0.383179 0.316214 -0.384899 0.867099 0.400827 -0.930009 -0.306245 0.203216 -0.504329 0.187327 -0.87067 -0.454799 0.48594 
1533308455770 0.130108 0.933911 -0.33299 -0.599811 -0.956613 0.206543 0.205502 -0.222962 0.260697 0.291805 0.920265 0.383198 0.3162 -0.384907 0.867101 0.400798 -0.930014 -0.306239 0.203202 -0.504306 0.187326 -0.870669 -0.454801 0.485922 
1533308455858 0.13008 0.933896 -0.333043 -0.599807 -0.956588 0.206561 0.205601 -0.222965 0.260804 0.29184 0.920223 0.383217 0.316197 -0.384904 0.867103 0.400778 -0.930014 -0.30624 0.2032 -0.504292 0.187329 -0.87067 -0.454799 0.485903 
1533308455933 0.130051 0.933881 -0.333096 -0.599803 -0.956563 0.206579 0.205701 -0.222969 0.260911 0.291876 0.920182 0.383236 0.316201 -0.384895 0.867106 0.400765 -0.930012 -0.306246 0.203202 -0.504277 0.187337 -0.870672 -0.454792 0.485883 
1533308455993 0.130022 0.933866 -0.33315 -0.5998 -0.956538 0.206597 0.2058 -0.222972 0.261017 0.291912 0.92014 0.383254 0.316123 -0.384928 0.86712 0.40068 -0.93004 -0.30621 0.20313 -0.504145 0.18733 -0.87067 -0.454798 0.485852 
1533308456063 0.130097 0.933864 -0.333127 -0.599785 -0.956575 0.206607 0.205614 -0.222999 0.260842 0.291911 0.92019 0.383231 1 0 0 0 0 1 0 0 0 0 1 1.306 
1533308456076 0.130141 0.933817 -0.33324 -0.599782 -0.956601 0.206637 0.205463 -0.222986 0.260725 0.292039 0.920183 0.38323 0.313239 -0.3866 0.867422 0.386189 -0.93126 -0.304042 0.200784 -0.500185 0.18611 -0.870689 -0.455263 0.505382 
1533308456291 0.130185 0.93377 -0.333354 -0.59978 -0.956627 0.206668 0.205311 -0.222973 0.260607 0.292167 0.920175 0.383229 0.316244 -0.384866 0.867103 0.400216 -0.929998 -0.306258 0.203249 -0.504049 0.187334 -0.87068 -0.454777 0.486145 
1533308456469 0.13023 0.933724 -0.333467 -0.599777 -0.956653 0.206698 0.20516 -0.22296 0.26049 0.292294 0.920168 0.383228 0.316258 -0.384857 0.867102 0.400836 -0.929992 -0.306267 0.203261 -0.504368 0.187338 -0.870681 -0.454774 0.485921 
1533308456619 0.130274 0.933677 -0.33358 -0.599775 -0.956679 0.206728 0.205009 -0.222947 0.260372 0.292422 0.920161 0.383227 0.316239 -0.384881 0.867098 0.400855 -0.93 -0.306257 0.203241 -0.504361 0.187331 -0.870674 -0.454789 0.485943 
1533308456760 0.130318 0.933631 -0.333693 -0.599772 -0.956705 0.206758 0.204858 -0.222934 0.260255 0.292549 0.920153 0.383226 0.316214 -0.384899 0.867099 0.400827 -0.930009 -0.306245 0.203216 -0.504329 0.187327 -0.87067 -0.454799 0.48594 
1533308456879 0.130362 0.933584 -0.333807 -0.599769 -0.956731 0.206788 0.204706 -0.222921 0.260137 0.292677 0.920146 0.383224 0.3162 -0.384907 0.867101 0.400798 -0.930014 -0.306239 0.203202 -0.504306 0.187326 -0.870669 -0.454801 0.485922 
1533308457031 0.130407 0.933537 -0.33392 -0.599767 -0.956757 0.206818 0.204555 -0.222908 0.26002 0.292805 0.920139 0.383223 0.316197 -0.384904 0.867103 0.400778 -0.930014 -0.30624 0.2032 -0.504292 0.187329 -0.87067 -0.454799 0.485903 
1533308457187 0.130451 0.93349 -0.334033 -0.599764 -0.956783 0.206848 0.204403 -0.222895 0.259903 0.292932 0.920131 0.383222 0.316201 -0.384895 0.867106 0.400765 -0.930012 -0.306246 0.203202 -0.504277 0.187337 -0.870672 -0.454792 0.485883 
1533308457302 0.130495 0.933444 -0.334145 -0.599763 -0.956808 0.206878 0.204253 -0.222883 0.259786 0.293059 0.920124 0.38322 0.316123 -0.384928 0.86712 0.40068 -0.93004 -0.30621 0.20313 -0.504145 0.18733 -0.87067 -0.454798 0.485852 
1533308457438 0.130352 0.933437 -0.334222 -0.59978 -0.95681 0.206782 0.204341 -0.222855 0.259851 0.293151 0.920076 0.383212 1 0 0 0 0 1 0 0 0 0 1 1.306 
1533308457450 0.130349 0.93344 -0.334213 -0.599778 -0.956786 0.206806 0.204433 -0.222858 0.259943 0.293123 0.920059 0.383202 0.313239 -0.3866 0.867422 0.386189 -0.93126 -0.304042 0.200784 -0.500185 0.18611 -0.870689 -0.455263 0.505382 
1533308457590 0.130345 0.933444 -0.334203 -0.599776 -0.956761 0.206828 0.204526 -0.222861 0.260037 0.293094 0.920042 0.383191 0.316244 -0.384866 0.867103 0.400216 -0.929998 -0.306258 0.203249 -0.504049 0.187334 -0.87068 -0.454777 0.486145 
1533308457703 0.130342 0.933448 -0.334194 -0.599774 -0.956736 0.206851 0.204619 -0.222864 0.260129 0.293065 0.920025 0.383181 0.316258 -0.384857 0.867102 0.400836 -0.929992 -0.306267 0.203261 -0.504368 0.187338 -0.870681 -0.454774 0.485921 
1533308457938 0.130338 0.933452 -0.334184 -0.599772 -0.956711 0.206874 0.204711 -0.222867 0.260222 0.293036 0.920008 0.38317 0.316239 -0.384881 0.867098 0.400855 -0.93 -0.306257 0.203241 -0.504361 0.187331 -0.870674 -0.454789 0.485943 
1533308457944 0.130335 0.933456 -0.334175 -0.599769 -0.956686 0.206897 0.204804 -0.22287 0.260315 0.293007 0.919991 0.38316 0.316214 -0.384899 0.867099 0.400827 -0.930009 -0.306245 0.203216 -0.504329 0.187327 -0.87067 -0.454799 0.48594 
1533308458121 0.130331 0.93346 -0.334165 -0.599767 -0.956662 0.20692 0.204896 -0.222874 0.260408 0.292979 0.919974 0.38315 0.3162 -0.384907 0.867101 0.400798 -0.930014 -0.306239 0.203202 -0.504306 0.187326 -0.870669 -0.454801 0.485922 
1533308458200 0.130327 0.933464 -0.334155 -0.599765 -0.956637 0.206943 0.204989 -0.222877 0.260501 0.29295 0.919956 0.383139 0.316197 -0.384904 0.867103 0.400778 -0.930014 -0.30624 0.2032 -0.504292 0.187329 -0.87067 -0.454799 0.485903 
1533308458371 0.130324 0.933468 -0.334146 -0.599763 -0.956612 0.206966 0.205081 -0.22288 0.260593 0.292921 0.919939 0.383129 0.316201 -0.384895 0.867106 0.400765 -0.930012 -0.306246 0.203202 -0.504277 0.187337 -0.870672 -0.454792 0.485883 
1533308458488 0.13032 0.933472 -0.334136 -0.599761 -0.956587 0.206989 0.205173 -0.222882 0.260686 0.292892 0.919922 0.383119 0.316123 -0.384928 0.86712 0.40068 -0.93004 -0.30621 0.20313 -0.504145 0.18733 -0.87067 -0.454798 0.485852 
1533308458544 0.130317 0.933423 -0.334273 -0.599802 -0.956605 0.206996 0.205083 -0.222853 0.260623 0.293042 0.919893 0.383065 1 0 0 0 0 1 0 0 0 0 1 1.306 
1533308458555 0.130362 0.933428 -0.334242 -0.599802 -0.95663 0.206997 0.204967 -0.222846 0.260509 0.293025 0.91993 0.383061 0.313239 -0.3866 0.867422 0.386189 -0.93126 -0.304042 0.200784 -0.500185 0.18611 -0.870689 -0.455263 0.505382 
1533308458572 0.13041 0.933433 -0.334209 -0.599802 -0.956654 0.206999 0.20485 -0.22284 0.260395 0.293008 0.919968 0.383058 0.316244 -0.384866 0.867103 0.400216 -0.929998 -0.306258 0.203249 -0.504049 0.187334 -0.87068 -0.454777 0.486145 
1533308458754 0.130456 0.933438 -0.334177 -0.599803 -0.956679 0.207 0.204734 -0.222834 0.260282 0.292991 0.920005 0.383054 0.316258 -0.384857 0.867102 0.400836 -0.929992 -0.306267 0.203261 -0.504368 0.187338 -0.870681 -0.454774 0.485921 
1533308458883 0.130502 0.933443 -0.334145 -0.599803 -0.956704 0.207001 0.204618 -0.222827 0.260168 0.292975 0.920043 0.383051 0.316239 -0.384881 0.867098 0.400855 -0.93 -0.306257 0.203241 -0.504361 0.187331 -0.870674 -0.454789 0.485943 
1533308458890 0.130549 0.933448 -0.334113 -0.599803 -0.956728 0.207003 0.204502 -0.222821 0.260054 0.292958 0.92008 0.383047 0.316214 -0.384899 0.867099 0.400827 -0.930009 -0.306245 0.203216 -0.504329 0.187327 -0.87067 -0.454799 0.48594 
1533308459151 0.130595 0.933453 -0.33408 -0.599803 -0.956753 0.207004 0.204386 -0.222814 0.25994 0.292941 0.920118 0.383043 0.3162 -0.384907 0.867101 0.400798 -0.930014 -0.306239 0.203202 -0.504306 0.187326 -0.870669 -0.454801 0.485922 
1533308459256 0.130641 0.933458 -0.334048 -0.599803 -0.956777 0.207005 0.20427 -0.222808 0.259827 0.292924 0.920155 0.38304 0.316197 -0.384904 0.867103 0.400778 -0.930014 -0.30624 0.2032 -0.504292 0.187329 -0.87067 -0.454799 0.485903 
1533308459358 0.130688 0.933464 -0.334016 -0.599804 -0.956802 0.207006 0.204154 -0.222801 0.259713 0.292907 0.920193 0.383036 0.316201 -0.384895 0.867106 0.400765 -0.930012 -0.306246 0.203202 -0.504277 0.187337 -0.870672 -0.454792 0.485883 
1533308459574 0.130734 0.933468 -0.333984 -0.599804 -0.956826 0.207008 0.204038 -0.222795 0.2596 0.29289 0.92023 0.383033 0.316123 -0.384928 0.86712 0.40068 -0.93004 -0.30621 0.20313 -0.504145 0.18733 -0.87067 -0.454798 0.485852 
1533308459699 0.130782 0.933464 -0.333978 -0.599782 -0.95679 0.207084 0.20413 -0.222838 0.25971 0.29285 0.920212 0.383016 1 0 0 0 0 1 0 0 0 0 1 1.306 
1533308459712 0.130787 0.933508 -0.333853 -0.599785 -0.956799 0.20705 0.204121 -0.222834 0.259673 0.292734 0.920259 0.383 0.313239 -0.3866 0.867422 0.386189 -0.93126 -0.304042 0.200784 -0.500185 0.18611 -0.870689 -0.455263 0.505382 
1533308459976 0.130793 0.933553 -0.333725 -0.599788 -0.956808 0.207017 0.204112 -0.22283 0.259636 0.292615 0.920307 0.382983 0.316244 -0.384866 0.867103 0.400216 -0.929998 -0.306258 0.203249 -0.504049 0.187334 -0.87068 -0.454777 0.486145 
1533308460143 0.130799 0.933597 -0.333599 -0.599791 -0.956818 0.206983 0.204103 -0.222826 0.2596 0.292497 0.920355 0.382967 0.316258 -0.384857 0.867102 0.400836 -0.929992 -0.306267 0.203261 -0.504368 0.187338 -0.870681 -0.454774 0.485921 
1533308460290 0.130804 0.933642 -0.333472 -0.599794 -0.956827 0.20695 0.204095 -0.222822 0.259563 0.292378 0.920403 0.382951 0.316239 -0.384881 0.867098 0.400855 -0.93 -0.306257 0.203241 -0.504361 0.187331 -0.870674 -0.454789 0.485943 
1533308460409 0.13081 0.933686 -0.333345 -0.599797 -0.956836 0.206916 0.204086 -0.222818 0.259526 0.29226 0.920451 0.382935 0.316214 -0.384899 0.867099 0.400827 -0.930009 -0.306245 0.203216 -0.504329 0.187327 -0.87067 -0.454799 0.48594 
1533308460628 0.130816 0.933731 -0.333218 -0.5998 -0.956845 0.206883 0.204077 -0.222814 0.25949 0.292142 0.920499 0.382918 0.3162 -0.384907 0.867101 0.400798 -0.930014 -0.306239 0.203202 -0.504306 0.187326 -0.870669 -0.454801 0.485922 
1533308460958 0.130822 0.933775 -0.333091 -0.599803 -0.956854 0.206849 0.204068 -0.22281 0.259453 0.292023 0.920547 0.382902 0.316197 -0.384904 0.867103 0.400778 -0.930014 -0.30624 0.2032 -0.504292 0.187329 -0.87067 -0.454799 0.485903 
1533308461086 0.130827 0.933819 -0.332965 -0.599806 -0.956863 0.206816 0.204059 -0.222806 0.259417 0.291905 0.920595 0.382886 0.316201 -0.384895 0.867106 0.400765 -0.930012 -0.306246 0.203202 -0.504277 0.187337 -0.870672 -0.454792 0.485883 
1533308461213 0.130833 0.933864 -0.332837 -0.599807 -0.956872 0.206782 0.20405 -0.222802 0.25938 0.291786 0.920643 0.38287 0.316123 -0.384928 0.86712 0.40068 -0.93004 -0.30621 0.20313 -0.504145 0.18733 -0.87067 -0.454798 0.485852 
1533308461354 0.131032 0.9338 -0.33294 -0.599811 -0.95684 0.206994 0.203985 -0.222872 0.259398 0.291842 0.92062 0.382871 1 0 0 0 0 1 0 0 0 0 1 1.306 
1533308461366 0.130995 0.933783 -0.333 -0.599807 -0.956804 0.20702 0.20413 -0.222877 0.259551 0.291876 0.920566 0.382887 0.313239 -0.3866 0.867422 0.386189 -0.93126 -0.304042 0.200784 -0.500185 0.18611 -0.870689 -0.455263 0.505382 
1533308461383 0.130957 0.933767 -0.333062 -0.599802 -0.956767 0.207045 0.204275 -0.222882 0.259704 0.291912 0.920511 0.382902 0.316244 -0.384866 0.867103 0.400216 -0.929998 -0.306258 0.203249 -0.504049 0.187334 -0.87068 -0.454777 0.486145 
1533308461554 0.13092 0.93375 -0.333123 -0.599798 -0.956731 0.207071 0.20442 -0.222886 0.259857 0.291946 0.920457 0.382917 0.316258 -0.384857 0.867102 0.400836 -0.929992 -0.306267 0.203261 -0.504368 0.187338 -0.870681 -0.454774 0.485921 
1533308461671 0.130883 0.933733 -0.333184 -0.599793 -0.956695 0.207096 0.204564 -0.222891 0.260009 0.291981 0.920403 0.382933 0.316239 -0.384881 0.867098 0.400855 -0.93 -0.306257 0.203241 -0.504361 0.187331 -0.870674 -0.454789 0.485943 
1533308461796 0.130845 0.933717 -0.333245 -0.599789 -0.956658 0.207121 0.204709 -0.222896 0.260162 0.292017 0.920349 0.382948 0.316214 -0.384899 0.867099 0.400827 -0.930009 -0.306245 0.203216 -0.504329 0.187327 -0.87067 -0.454799 0.48594 
1533308462009 0.130808 0.9337 -0.333306 -0.599785 -0.956622 0.207146 0.204853 -0.222901 0.260315 0.292052 0.920295 0.382964 0.3162 -0.384907 0.867101 0.400798 -0.930014 -0.306239 0.203202 -0.504306 0.187326 -0.870669 -0.454801 0.485922 
1533308462015 0.130771 0.933684 -0.333367 -0.59978 -0.956586 0.207171 0.204998 -0.222906 0.260467 0.292087 0.92024 0.382979 0.316197 -0.384904 0.867103 0.400778 -0.930014 -0.30624 0.2032 -0.504292 0.187329 -0.87067 -0.454799 0.485903 
1533308462151 0.130733 0.933667 -0.333428 -0.599776 -0.956549 0.207197 0.205142 -0.22291 0.260619 0.292121 0.920186 0.382995 0.316201 -0.384895 0.867106 0.400765 -0.930012 -0.306246 0.203202 -0.504277 0.187337 -0.870672 -0.454792 0.485883 
1533308462297 0.130696 0.933651 -0.333489 -0.599772 -0.956513 0.207222 0.205286 -0.222915 0.260771 0.292156 0.920132 0.38301 0.316123 -0.384928 0.86712 0.40068 -0.93004 -0.30621 0.20313 -0.504145 0.18733 -0.87067 -0.454798 0.485852 
1533308462374 0.130702 0.933651 -0.333486 -0.599782 -0.956549 0.207186 0.205154 -0.222882 0.260636 0.292182 0.920162 0.382955 1 0 0 0 0 1 0 0 0 0 1 1.306 
1533308462386 0.130667 0.933684 -0.333406 -0.599786 -0.956544 0.207146 0.205217 -0.222889 0.260672 0.292103 0.920177 0.382949 0.313239 -0.3866 0.867422 0.386189 -0.93126 -0.304042 0.200784 -0.500185 0.18611 -0.870689 -0.455263 0.505382 
1533308462551 0.130631 0.933717 -0.333327 -0.59979 -0.956539 0.207107 0.20528 -0.222896 0.260708 0.292025 0.920192 0.382944 0.316244 -0.384866 0.867103 0.400216 -0.929998 -0.306258 0.203249 -0.504049 0.187334 -0.87068 -0.454777 0.486145 
1533308462733 0.130596 0.93375 -0.333249 -0.599793 -0.956534 0.207068 0.205342 -0.222903 0.260744 0.291947 0.920206 0.382938 0.316258 -0.384857 0.867102 0.400836 -0.929992 -0.306267 0.203261 -0.504368 0.187338 -0.870681 -0.454774 0.485921 
1533308462879 0.13056 0.933784 -0.333169 -0.599797 -0.956529 0.207028 0.205405 -0.22291 0.26078 0.291868 0.920221 0.382933 0.316239 -0.384881 0.867098 0.400855 -0.93 -0.306257 0.203241 -0.504361 0.187331 -0.870674 -0.454789 0.485943 
1533308462998 0.130525 0.933817 -0.333091 -0.599801 -0.956524 0.206989 0.205468 -0.222916 0.260816 0.29179 0.920236 0.382927 0.316214 -0.384899 0.867099 0.400827 -0.930009 -0.306245 0.203216 -0.504329 0.187327 -0.87067 -0.454799 0.48594 
1533308463098 0.13049 0.93385 -0.333012 -0.599805 -0.956519 0.20695 0.205531 -0.222923 0.260851 0.291713 0.92025 0.382921 0.3162 -0.384907 0.867101 0.400798 -0.930014 -0.306239 0.203202 -0.504306 0.187326 -0.870669 -0.454801 0.485922 
1533308463166 0.130454 0.933883 -0.332932 -0.599809 -0.956514 0.20691 0.205594 -0.22293 0.260888 0.291634 0.920265 0.382916 0.316197 -0.384904 0.867103 0.400778 -0.930014 -0.30624 0.2032 -0.504292 0.187329 -0.87067 -0.454799 0.485903 
1533308463257 0.130419 0.933916 -0.332854 -0.599812 -0.956509 0.206871 0.205656 -0.222937 0.260923 0.291556 0.920279 0.38291 0.316201 -0.384895 0.867106 0.400765 -0.930012 -0.306246 0.203202 -0.504277 0.187337 -0.870672 -0.454792 0.485883 
1533308463264 0.130383 0.933949 -0.332775 -0.599815 -0.956504 0.206831 0.205719 -0.222943 0.260959 0.291478 0.920294 0.382905 0.316123 -0.384928 0.86712 0.40068 -0.93004 -0.30621 0.20313 -0.504145 0.18733 -0.87067 -0.454798 0.485852 
1533308463433 0.130561 0.93388 -0.3329 -0.599814 -0.956457 0.20705 0.20572 -0.223006 0.261045 0.291545 0.920248 0.382912 1 0 0 0 0 1 0 0 0 0 1 1.306 
1533308463446 0.130581 0.93386 -0.332947 -0.599813 -0.956531 0.206993 0.205433 -0.222985 0.260763 0.291648 0.920295 0.382919 0.313239 -0.3866 0.867422 0.386189 -0.93126 -0.304042 0.200784 -0.500185 0.18611 -0.870689 -0.455263 0.505382 
1533308463710 0.1306 0.933841 -0.332994 -0.599813 -0.956605 0.206935 0.205144 -0.222964 0.26048 0.291753 0.920343 0.382926 0.316244 -0.384866 0.867103 0.400216 -0.929998 -0.306258 0.203249 -0.504049 0.187334 -0.87068 -0.454777 0.486145 
1533308463902 0.130619 0.933821 -0.333042 -0.599812 -0.95668 0.206877 0.204855 -0.222943 0.260197 0.291857 0.92039 0.382932 0.316258 -0.384857 0.867102 0.400836 -0.929992 -0.306267 0.203261 -0.504368 0.187338 -0.870681 -0.454774 0.485921 
1533308464036 0.130638 0.933801 -0.333089 -0.599812 -0.956754 0.206819 0.204567 -0.222922 0.259914 0.29196 0.920437 0.382939 0.316239 -0.384881 0.867098 0.400855 -0.93 -0.306257 0.203241 -0.504361 0.187331 -0.870674 -0.454789 0.485943 
1533308464173 0.130657 0.933782 -0.333136 -0.599811 -0.956828 0.20676 0.204278 -0.2229 0.259631 0.292064 0.920484 0.382946 0.316214 -0.384899 0.867099 0.400827 -0.930009 -0.306245 0.203216 -0.504329 0.187327 -0.87067 -0.454799 0.48594 
1533308464347 0.130676 0.933762 -0.333184 -0.59981 -0.956903 0.206702 0.203989 -0.222879 0.259347 0.292168 0.920531 0.382953 0.3162 -0.384907 0.867101 0.400798 -0.930014 -0.306239 0.203202 -0.504306 0.187326 -0.870669 -0.454801 0.485922 
1533308464445 0.130695 0.933743 -0.333232 -0.59981 -0.956977 0.206644 0.203701 -0.222858 0.259064 0.292272 0.920577 0.38296 0.316197 -0.384904 0.867103 0.400778 -0.930014 -0.30624 0.2032 -0.504292 0.187329 -0.87067 -0.454799 0.485903 
1533308464563 0.130715 0.933723 -0.333279 -0.599809 -0.957051 0.206585 0.203412 -0.222837 0.258781 0.292376 0.920624 0.382966 0.316201 -0.384895 0.867106 0.400765 -0.930012 -0.306246 0.203202 -0.504277 0.187337 -0.870672 -0.454792 0.485883 
1533308464753 0.130734 0.933704 -0.333326 -0.59981 -0.957125 0.206527 0.203124 -0.222818 0.258498 0.292479 0.920671 0.382972 0.316123 -0.384928 0.86712 0.40068 -0.93004 -0.30621 0.20313 -0.504145 0.18733 -0.87067 -0.454798 0.485852 
1533308464889 0.130792 0.933708 -0.333292 -0.599791 -0.957083 0.206612 0.203234 -0.222844 0.258623 0.292407 0.920659 0.382983 1 0 0 0 0 1 0 0 0 0 1 1.306 
1533308464900 0.130759 0.933696 -0.333337 -0.599788 -0.957081 0.206598 0.203255 -0.222842 0.258645 0.292453 0.920638 0.382985 0.313239 -0.3866 0.867422 0.386189 -0.93126 -0.304042 0.200784 -0.500185 0.18611 -0.870689 -0.455263 0.505382 
1533308464907 0.130725 0.933684 -0.333384 -0.599786 -0.95708 0.206583 0.203276 -0.22284 0.258667 0.292502 0.920616 0.382987 0.316244 -0.384866 0.867103 0.400216 -0.929998 -0.306258 0.203249 -0.504049 0.187334 -0.87068 -0.454777 0.486145 
1533308464920 0.13069 0.933673 -0.33343 -0.599784 -0.957079 0.206568 0.203298 -0.222838 0.258689 0.29255 0.920595 0.382989 0.316258 -0.384857 0.867102 0.400836 -0.929992 -0.306267 0.203261 -0.504368 0.187338 -0.870681 -0.454774 0.485921 
1533308465150 0.130656 0.933661 -0.333476 -0.599781 -0.957077 0.206553 0.203319 -0.222836 0.258712 0.292598 0.920573 0.382991 0.316239 -0.384881 0.867098 0.400855 -0.93 -0.306257 0.203241 -0.504361 0.187331 -0.870674 -0.454789 0.485943 
1533308465277 0.130622 0.933649 -0.333523 -0.599779 -0.957076 0.206538 0.203341 -0.222835 0.258734 0.292646 0.920552 0.382993 0.316214 -0.384899 0.867099 0.400827 -0.930009 -0.306245 0.203216 -0.504329 0.187327 -0.87067 -0.454799 0.48594 
1533308465566 0.130587 0.933637 -0.333569 -0.599776 -0.957075 0.206523 0.203362 -0.222833 0.258756 0.292694 0.92053 0.382996 0.3162 -0.384907 0.867101 0.400798 -0.930014 -0.306239 0.203202 -0.504306 0.187326 -0.870669 -0.454801 0.485922 
1533308465730 0.130553 0.933626 -0.333615 -0.599774 -0.957073 0.206508 0.203384 -0.222831 0.258778 0.292742 0.920509 0.382998 0.316197 -0.384904 0.867103 0.400778 -0.930014 -0.30624 0.2032 -0.504292 0.187329 -0.87067 -0.454799 0.485903 
1533308465849 0.130519 0.933614 -0.333661 -0.599771 -0.957072 0.206493 0.203405 -0.222829 0.258801 0.292789 0.920487 0.383 0.316201 -0.384895 0.867106 0.400765 -0.930012 -0.306246 0.203202 -0.504277 0.187337 -0.870672 -0.454792 0.485883 
1533308465994 0.130485 0.933602 -0.333708 -0.599769 -0.957071 0.206478 0.203427 -0.222827 0.258823 0.292838 0.920465 0.383002 0.316123 -0.384928 0.86712 0.40068 -0.93004 -0.30621 0.20313 -0.504145 0.18733 -0.87067 -0.454798 0.485852 
1533308466211 0.130489 0.933653 -0.333564 -0.59977 -0.95711 0.206406 0.203315 -0.222796 0.258676 0.292727 0.920542 0.383008 1 0 0 0 0 1 0 0 0 0 1 1.306 
1533308466222 0.130393 0.933626 -0.333677 -0.599764 -0.957086 0.206383 0.203452 -0.222808 0.258813 0.292829 0.920471 0.383019 0.313239 -0.3866 0.867422 0.386189 -0.93126 -0.304042 0.200784 -0.500185 0.18611 -0.870689 -0.455263 0.505382 
1533308466413 0.130295 0.933599 -0.33379 -0.599759 -0.957062 0.206359 0.203589 -0.222821 0.258951 0.292931 0.9204 0.38303 0.316244 -0.384866 0.867103 0.400216 -0.929998 -0.306258 0.203249 -0.504049 0.187334 -0.87068 -0.454777 0.486145 
1533308466550 0.130197 0.933573 -0.333903 -0.599753 -0.957038 0.206335 0.203726 -0.222833 0.259089 0.293033 0.920329 0.383041 0.316258 -0.384857 0.867102 0.400836 -0.929992 -0.306267 0.203261 -0.504368 0.187338 -0.870681 -0.454774 0.485921 
1533308466604 0.1301 0.933546 -0.334015 -0.599748 -0.957014 0.206311 0.203863 -0.222845 0.259227 0.293134 0.920257 0.383052 0.316239 -0.384881 0.867098 0.400855 -0.93 -0.306257 0.203241 -0.504361 0.187331 -0.870674 -0.454789 0.485943 
1533308466741 0.130001 0.933519 -0.334128 -0.599742 -0.95699 0.206286 0.204001 -0.222857 0.259365 0.293237 0.920186 0.383063 0.316214 -0.384899 0.867099 0.400827 -0.930009 -0.306245 0.203216 -0.504329 0.187327 -0.87067 -0.454799 0.48594 
1533308466965 0.129904 0.933493 -0.33424 -0.599736 -0.956966 0.206263 0.204138 -0.22287 0.259503 0.293338 0.920115 0.383074 0.3162 -0.384907 0.867101 0.400798 -0.930014 -0.306239 0.203202 -0.504306 0.187326 -0.870669 -0.454801 0.485922 
1533308466972 0.129806 0.933466 -0.334353 -0.599731 -0.956942 0.206239 0.204275 -0.222882 0.25964 0.29344 0.920043 0.383085 0.316197 -0.384904 0.867103 0.400778 -0.930014 -0.30624 0.2032 -0.504292 0.187329 -0.87067 -0.454799 0.485903 
1533308467181 0.129708 0.933439 -0.334465 -0.599725 -0.956918 0.206214 0.204413 -0.222894 0.259778 0.293542 0.919972 0.383096 0.316201 -0.384895 0.867106 0.400765 -0.930012 -0.306246 0.203202 -0.504277 0.187337 -0.870672 -0.454792 0.485883 
1533308467297 0.12961 0.933412 -0.334578 -0.599721 -0.956893 0.20619 0.20455 -0.222906 0.259916 0.293644 0.919901 0.383106 0.316123 -0.384928 0.86712 0.40068 -0.93004 -0.30621 0.20313 -0.504145 0.18733 -0.87067 -0.454798 0.485852 
1533308467435 0.129654 0.933414 -0.334557 -0.599711 -0.956883 0.206232 0.204558 -0.222896 0.259933 0.29361 0.919907 0.383094 1 0 0 0 0 1 0 0 0 0 1 1.306 
1533308467448 0.129695 0.933472 -0.334379 -0.599721 -0.956809 0.206307 0.204825 -0.222907 0.260183 0.293372 0.919912 0.383063 0.313239 -0.3866 0.867422 0.386189 -0.93126 -0.304042 0.200784 -0.500185 0.18611 -0.870689 -0.455263 0.505382 
1533308467593 0.129736 0.93353 -0.334201 -0.59973 -0.956736 0.206384 0.205092 -0.222918 0.260433 0.293134 0.919917 0.383032 0.316244 -0.384866 0.867103 0.400216 -0.929998 -0.306258 0.203249 -0.504049 0.187334 -0.87068 -0.454777 0.486145 
1533308467811 0.129778 0.933588 -0.334022 -0.59974 -0.956662 0.206459 0.205359 -0.222928 0.260683 0.292895 0.919922 0.383 0.316258 -0.384857 0.867102 0.400836 -0.929992 -0.306267 0.203261 -0.504368 0.187338 -0.870681 -0.454774 0.485921 
1533308467972 0.12982 0.933646 -0.333844 -0.59975 -0.956588 0.206535 0.205626 -0.222939 0.260933 0.292657 0.919927 0.382969 0.316239 -0.384881 0.867098 0.400855 -0.93 -0.306257 0.203241 -0.504361 0.187331 -0.870674 -0.454789 0.485943 
1533308468130 0.129861 0.933704 -0.333665 -0.599759 -0.956514 0.206611 0.205894 -0.22295 0.261183 0.292418 0.919932 0.382938 0.316214 -0.384899 0.867099 0.400827 -0.930009 -0.306245 0.203216 -0.504329 0.187327 -0.87067 -0.454799 0.48594 
1533308468306 0.129903 0.933762 -0.333487 -0.599769 -0.95644 0.206687 0.206161 -0.222961 0.261432 0.29218 0.919937 0.382907 0.3162 -0.384907 0.867101 0.400798 -0.930014 -0.306239 0.203202 -0.504306 0.187326 -0.870669 -0.454801 0.485922 
1533308468458 0.129945 0.93382 -0.333309 -0.599779 -0.956366 0.206763 0.206428 -0.222972 0.261682 0.291941 0.919942 0.382876 0.316197 -0.384904 0.867103 0.400778 -0.930014 -0.30624 0.2032 -0.504292 0.187329 -0.87067 -0.454799 0.485903 
1533308468464 0.129987 0.933878 -0.333131 -0.599788 -0.956292 0.206838 0.206695 -0.222982 0.261932 0.291703 0.919946 0.382844 0.316201 -0.384895 0.867106 0.400765 -0.930012 -0.306246 0.203202 -0.504277 0.187337 -0.870672 -0.454792 0.485883 
1533308468649 0.130028 0.933935 -0.332953 -0.599795 -0.956218 0.206914 0.206961 -0.222991 0.262181 0.291465 0.919951 0.382815 0.316123 -0.384928 0.86712 0.40068 -0.93004 -0.30621 0.20313 -0.504145 0.18733 -0.87067 -0.454798 0.485852 
1533308468813 0.129819 0.933969 -0.332939 -0.599802 -0.956282 0.206677 0.206903 -0.222922 0.262051 0.291524 0.919969 0.382843 1 0 0 0 0 1 0 0 0 0 1 1.306 
1533308468823 0.129918 0.93397 -0.332898 -0.599804 -0.956307 0.206717 0.206749 -0.222919 0.261913 0.291492 0.920018 0.382845 0.313239 -0.3866 0.867422 0.386189 -0.93126 -0.304042 0.200784 -0.500185 0.18611 -0.870689 -0.455263 0.505382 
1533308468965 0.130018 0.933971 -0.332856 -0.599805 -0.956331 0.206759 0.206594 -0.222915 0.261774 0.29146 0.920068 0.382847 0.316244 -0.384866 0.867103 0.400216 -0.929998 -0.306258 0.203249 -0.504049 0.187334 -0.87068 -0.454777 0.486145 
1533308469088 0.130118 0.933972 -0.332815 -0.599807 -0.956356 0.2068 0.206441 -0.222911 0.261636 0.291428 0.920118 0.38285 0.316258 -0.384857 0.867102 0.400836 -0.929992 -0.306267 0.203261 -0.504368 0.187338 -0.870681 -0.454774 0.485921 
1533308469252 0.130218 0.933973 -0.332773 -0.599808 -0.95638 0.206841 0.206287 -0.222908 0.261497 0.291395 0.920167 0.382852 0.316239 -0.384881 0.867098 0.400855 -0.93 -0.306257 0.203241 -0.504361 0.187331 -0.870674 -0.454789 0.485943 
1533308469549 0.130317 0.933974 -0.332731 -0.59981 -0.956404 0.206882 0.206133 -0.222905 0.261359 0.291363 0.920217 0.382854 0.316214 -0.384899 0.867099 0.400827 -0.930009 -0.306245 0.203216 -0.504329 0.187327 -0.87067 -0.454799 0.48594 
1533308469649 0.130416 0.933975 -0.33269 -0.599812 -0.956428 0.206923 0.205979 -0.222901 0.261221 0.291331 0.920266 0.382856 0.3162 -0.384907 0.867101 0.400798 -0.930014 -0.306239 0.203202 -0.504306 0.187326 -0.870669 -0.454801 0.485922 
1533308469697 0.130516 0.933976 -0.332648 -0.599813 -0.956453 0.206964 0.205825 -0.222898 0.261082 0.291299 0.920316 0.382858 0.316197 -0.384904 0.867103 0.400778 -0.930014 -0.30624 0.2032 -0.504292 0.187329 -0.87067 -0.454799 0.485903 
1533308469858 0.130616 0.933977 -0.332606 -0.599815 -0.956477 0.207006 0.205671 -0.222894 0.260943 0.291266 0.920365 0.382861 0.316201 -0.384895 0.867106 0.400765 -0.930012 -0.306246 0.203202 -0.504277 0.187337 -0.870672 -0.454792 0.485883 
1533308469954 0.130715 0.933978 -0.332565 -0.599816 -0.956501 0.207047 0.205517 -0.222891 0.260805 0.291234 0.920415 0.382863 0.316123 -0.384928 0.86712 0.40068 -0.93004 -0.30621 0.20313 -0.504145 0.18733 -0.87067 -0.454798 0.485852 
1533308470075 0.130717 0.933957 -0.332621 -0.599835 -0.956464 0.207101 0.205633 -0.222916 0.260939 0.29126 0.920369 0.382854 1 0 0 0 0 1 0 0 0 0 1 1.306 
1533308470085 0.130722 0.933958 -0.332618 -0.599835 -0.956479 0.207089 0.20558 -0.222915 0.260884 0.291268 0.920382 0.382858 0.313239 -0.3866 0.867422 0.386189 -0.93126 -0.304042 0.200784 -0.500185 0.18611 -0.870689 -0.455263 0.505382 
1533308470102 0.130728 0.933958 -0.332616 -0.599836 -0.956493 0.207077 0.205525 -0.222913 0.260829 0.291277 0.920395 0.382861 0.316244 -0.384866 0.867103 0.400216 -0.929998 -0.306258 0.203249 -0.504049 0.187334 -0.87068 -0.454777 0.486145 
1533308470119 0.130733 0.933958 -0.332613 -0.599836 -0.956507 0.207064 0.205472 -0.222912 0.260775 0.291285 0.920407 0.382865 0.316258 -0.384857 0.867102 0.400836 -0.929992 -0.306267 0.203261 -0.504368 0.187338 -0.870681 -0.454774 0.485921 
1533308470136 0.130738 0.933958 -0.33261 -0.599837 -0.956521 0.207052 0.205419 -0.222911 0.26072 0.291292 0.92042 0.382868 0.316239 -0.384881 0.867098 0.400855 -0.93 -0.306257 0.203241 -0.504361 0.187331 -0.870674 -0.454789 0.485943 
1533308470152 0.130743 0.933959 -0.332607 -0.599837 -0.956535 0.20704 0.205365 -0.22291 0.260666 0.291301 0.920433 0.382872 0.316214 -0.384899 0.867099 0.400827 -0.930009 -0.306245 0.203216 -0.504329 0.187327 -0.87067 -0.454799 0.48594 
1533308470233 0.130748 0.933959 -0.332605 -0.599837 -0.956549 0.207027 0.205312 -0.222908 0.260611 0.291309 0.920446 0.382876 0.3162 -0.384907 0.867101 0.400798 -0.930014 -0.306239 0.203202 -0.504306 0.187326 -0.870669 -0.454801 0.485922 
1533308470368 0.130754 0.933959 -0.332602 -0.599838 -0.956564 0.207015 0.205258 -0.222907 0.260557 0.291316 0.920459 0.382879 0.316197 -0.384904 0.867103 0.400778 -0.930014 -0.30624 0.2032 -0.504292 0.187329 -0.87067 -0.454799 0.485903 
1533308470510 0.130759 0.933959 -0.332599 -0.599838 -0.956578 0.207003 0.205205 -0.222906 0.260502 0.291324 0.920472 0.382883 0.316201 -0.384895 0.867106 0.400765 -0.930012 -0.306246 0.203202 -0.504277 0.187337 -0.870672 -0.454792 0.485883 
1533308470585 0.130764 0.93396 -0.332596 -0.599839 -0.956592 0.20699 0.205152 -0.222905 0.260448 0.291332 0.920485 0.382886 0.316123 -0.384928 0.86712 0.40068 -0.93004 -0.30621 0.20313 -0.504145 0.18733 -0.87067 -0.454798 0.485852 
1533308470613 0.130836 0.933961 -0.332564 -0.599838 -0.956559 0.207076 0.205218 -0.222943 0.260531 0.291267 0.920482 0.382867 1 0 0 0 0 1 0 0 0 0 1 1.306 
1533308470625 0.130824 0.933968 -0.332548 -0.599837 -0.956579 0.20704 0.205161 -0.222939 0.260465 0.291269 0.9205 0.382868 0.313239 -0.3866 0.867422 0.386189 -0.93126 -0.304042 0.200784 -0.500185 0.18611 -0.870689 -0.455263 0.505382 
1533308470642 0.130811 0.933976 -0.332532 -0.599835 -0.956599 0.207004 0.205104 -0.222935 0.260398 0.29127 0.920519 0.382868 0.316244 -0.384866 0.867103 0.400216 -0.929998 -0.306258 0.203249 -0.504049 0.187334 -0.87068 -0.454777 0.486145 
1533308470658 0.130798 0.933983 -0.332516 -0.599834 -0.956619 0.206968 0.205047 -0.222932 0.260331 0.291272 0.920537 0.382869 0.316258 -0.384857 0.867102 0.400836 -0.929992 -0.306267 0.203261 -0.504368 0.187338 -0.870681 -0.454774 0.485921 
1533308470665 0.130785 0.933991 -0.3325 -0.599833 -0.956639 0.206932 0.20499 -0.222928 0.260264 0.291273 0.920556 0.382869 0.316239 -0.384881 0.867098 0.400855 -0.93 -0.306257 0.203241 -0.504361 0.187331 -0.870674 -0.454789 0.485943 
1533308470747 0.130772 0.933998 -0.332484 -0.599832 -0.956659 0.206896 0.204933 -0.222924 0.260197 0.291275 0.920574 0.38287 0.316214 -0.384899 0.867099 0.400827 -0.930009 -0.306245 0.203216 -0.504329 0.187327 -0.87067 -0.454799 0.48594 
1533308470792 0.130759 0.934006 -0.332468 -0.59983 -0.956679 0.20686 0.204876 -0.22292 0.26013 0.291276 0.920593 0.382871 0.3162 -0.384907 0.867101 0.400798 -0.930014 -0.306239 0.203202 -0.504306 0.187326 -0.870669 -0.454801 0.485922 
1533308470815 0.130746 0.934014 -0.332452 -0.599829 -0.956699 0.206824 0.204819 -0.222916 0.260063 0.291277 0.920611 0.382871 0.316197 -0.384904 0.867103 0.400778 -0.930014 -0.30624 0.2032 -0.504292 0.187329 -0.87067 -0.454799 0.485903 
1533308470869 0.130733 0.934021 -0.332436 -0.599828 -0.956719 0.206788 0.204762 -0.222913 0.259996 0.291279 0.92063 0.382872 0.316201 -0.384895 0.867106 0.400765 -0.930012 -0.306246 0.203202 -0.504277 0.187337 -0.870672 -0.454792 0.485883 
1533308471072 0.130719 0.934029 -0.33242 -0.599826 -0.956739 0.206752 0.204706 -0.222909 0.25993 0.29128 0.920648 0.382872 0.316123 -0.384928 0.86712 0.40068 -0.93004 -0.30621 0.20313 -0.504145 0.18733 -0.87067 -0.454798 0.485852 
1533308471221 0.130827 0.933957 -0.332578 -0.599839 -0.956678 0.206939 0.204802 -0.222954 0.2601 0.291377 0.920569 0.382819 1 0 0 0 0 1 0 0 0 0 1 1.306 
1533308471232 0.130755 0.933959 -0.332601 -0.599838 -0.95664 0.20693 0.204988 -0.222963 0.260276 0.291377 0.92052 0.382828 0.313239 -0.3866 0.867422 0.386189 -0.93126 -0.304042 0.200784 -0.500185 0.18611 -0.870689 -0.455263 0.505382 
1533308471504 0.130682 0.933961 -0.332624 -0.599836 -0.956602 0.206922 0.205175 -0.222971 0.260452 0.291376 0.92047 0.382837 0.316244 -0.384866 0.867103 0.400216 -0.929998 -0.306258 0.203249 -0.504049 0.187334 -0.87068 -0.454777 0.486145 
1533308471644 0.130611 0.933963 -0.332646 -0.599835 -0.956564 0.206913 0.20536 -0.22298 0.260628 0.291375 0.92042 0.382845 0.316258 -0.384857 0.867102 0.400836 -0.929992 -0.306267 0.203261 -0.504368 0.187338 -0.870681 -0.454774 0.485921 
1533308471833 0.130538 0.933966 -0.332668 -0.599834 -0.956525 0.206905 0.205547 -0.222988 0.260804 0.291374 0.920371 0.382854 0.316239 -0.384881 0.867098 0.400855 -0.93 -0.306257 0.203241 -0.504361 0.187331 -0.870674 -0.454789 0.485943 
1533308472024 0.130466 0.933968 -0.33269 -0.599832 -0.956487 0.206896 0.205732 -0.222997 0.26098 0.291373 0.920321 0.382863 0.316214 -0.384899 0.867099 0.400827 -0.930009 -0.306245 0.203216 -0.504329 0.187327 -0.87067 -0.454799 0.48594 
1533308472205 0.130395 0.93397 -0.332712 -0.599831 -0.956449 0.206888 0.205918 -0.223006 0.261156 0.291372 0.920272 0.382872 0.3162 -0.384907 0.867101 0.400798 -0.930014 -0.306239 0.203202 -0.504306 0.187326 -0.870669 -0.454801 0.485922 
1533308472342 0.130322 0.933972 -0.332734 -0.59983 -0.956411 0.206879 0.206105 -0.223014 0.261332 0.291371 0.920222 0.382881 0.316197 -0.384904 0.867103 0.400778 -0.930014 -0.30624 0.2032 -0.504292 0.187329 -0.87067 -0.454799 0.485903 
1533308472537 0.13025 0.933974 -0.332757 -0.599829 -0.956373 0.206871 0.20629 -0.223023 0.261508 0.29137 0.920172 0.382889 0.316201 -0.384895 0.867106 0.400765 -0.930012 -0.306246 0.203202 -0.504277 0.187337 -0.870672 -0.454792 0.485883 
1533308472736 0.130178 0.933976 -0.332779 -0.599827 -0.956334 0.206862 0.206476 -0.22303 0.261683 0.291369 0.920123 0.382898 0.316123 -0.384928 0.86712 0.40068 -0.93004 -0.30621 0.20313 -0.504145 0.18733 -0.87067 -0.454798 0.485852 
1533308472858 0.13016 0.934033 -0.332627 -0.599804 -0.956376 0.206768 0.206376 -0.223016 0.261539 0.291255 0.9202 0.382921 1 0 0 0 0 1 0 0 0 0 1 1.306 
1533308472871 0.130162 0.934018 -0.332669 -0.599804 -0.956362 0.206795 0.206417 -0.223017 0.261591 0.291284 0.920176 0.382927 0.313239 -0.3866 0.867422 0.386189 -0.93126 -0.304042 0.200784 -0.500185 0.18611 -0.870689 -0.455263 0.505382 
1533308472954 0.130164 0.934002 -0.332712 -0.599804 -0.956347 0.206822 0.206458 -0.223017 0.261644 0.291315 0.920151 0.382932 0.316244 -0.384866 0.867103 0.400216 -0.929998 -0.306258 0.203249 -0.504049 0.187334 -0.87068 -0.454777 0.486145 
1533308472971 0.130166 0.933987 -0.332755 -0.599803 -0.956332 0.20685 0.206498 -0.223018 0.261697 0.291345 0.920127 0.382937 0.316258 -0.384857 0.867102 0.400836 -0.929992 -0.306267 0.203261 -0.504368 0.187338 -0.870681 -0.454774 0.485921 
1533308472987 0.130168 0.933971 -0.332797 -0.599803 -0.956318 0.206877 0.206539 -0.223019 0.26175 0.291375 0.920102 0.382943 0.316239 -0.384881 0.867098 0.400855 -0.93 -0.306257 0.203241 -0.504361 0.187331 -0.870674 -0.454789 0.485943 
1533308473068 0.13017 0.933956 -0.33284 -0.599803 -0.956303 0.206905 0.20658 -0.22302 0.261803 0.291406 0.920077 0.382948 0.316214 -0.384899 0.867099 0.400827 -0.930009 -0.306245 0.203216 -0.504329 0.187327 -0.87067 -0.454799 0.48594 
1533308473075 0.130172 0.93394 -0.332883 -0.599803 -0.956288 0.206932 0.20662 -0.22302 0.261855 0.291436 0.920053 0.382954 0.3162 -0.384907 0.867101 0.400798 -0.930014 -0.306239 0.203202 -0.504306 0.187326 -0.870669 -0.454801 0.485922 
1533308473228 0.130174 0.933925 -0.332926 -0.599803 -0.956273 0.20696 0.206661 -0.223021 0.261908 0.291466 0.920028 0.382959 0.316197 -0.384904 0.867103 0.400778 -0.930014 -0.30624 0.2032 -0.504292 0.187329 -0.87067 -0.454799 0.485903 
1533308473235 0.130176 0.933909 -0.332968 -0.599802 -0.956259 0.206987 0.206702 -0.223022 0.261961 0.291496 0.920004 0.382965 0.316201 -0.384895 0.867106 0.400765 -0.930012 -0.306246 0.203202 -0.504277 0.187337 -0.870672 -0.454792 0.485883 
1533308473394 0.130178 0.933894 -0.333011 -0.599803 -0.956244 0.207015 0.206742 -0.223022 0.262013 0.291526 0.919979 0.38297 0.316123 -0.384928 0.86712 0.40068 -0.93004 -0.30621 0.20313 -0.504145 0.18733 -0.87067 -0.454798 0.485852 
1533308473511 0.130279 0.93389 -0.332982 -0.599796 -0.956218 0.207116 0.206763 -0.223084 0.262059 0.291467 0.919985 0.382944 1 0 0 0 0 1 0 0 0 0 1 1.306 
1533308473525 0.130264 0.933865 -0.333057 -0.599795 -0.956272 0.20706 0.206565 -0.223069 0.261867 0.291585 0.920002 0.382956 0.313239 -0.3866 0.867422 0.386189 -0.93126 -0.304042 0.200784 -0.500185 0.18611 -0.870689 -0.455263 0.505382 
1533308473688 0.13025 0.93384 -0.333132 -0.599794 -0.956327 0.207004 0.206366 -0.223055 0.261673 0.291704 0.92002 0.382967 0.316244 -0.384866 0.867103 0.400216 -0.929998 -0.306258 0.203249 -0.504049 0.187334 -0.87068 -0.454777 0.486145 
1533308473916 0.130236 0.933816 -0.333207 -0.599793 -0.956382 0.206948 0.206167 -0.223041 0.261479 0.291823 0.920037 0.382978 0.316258 -0.384857 0.867102 0.400836 -0.929992 -0.306267 0.203261 -0.504368 0.187338 -0.870681 -0.454774 0.485921 
1533308474037 0.130221 0.933791 -0.333282 -0.599792 -0.956437 0.206892 0.205969 -0.223026 0.261285 0.291942 0.920054 0.38299 0.316239 -0.384881 0.867098 0.400855 -0.93 -0.306257 0.203241 -0.504361 0.187331 -0.870674 -0.454789 0.485943 
