1537390735241 0.241808 0.925093 -0.2928 -0.586191 -0.939115 0.299037 0.169234 -0.2275 0.244115 0.234051 0.941078 0.400827 0.16008 -0.304787 0.938871 0.370831 -0.775623 0.549475 0.310623 -0.528794 -0.61056 -0.777934 -0.14844 0.432481 
1537390735257 0.24193 0.925172 -0.29245 -0.591251 -0.939011 0.299158 0.169594 -0.22997 0.244393 0.233584 0.941122 0.398184 0.316231 -0.384871 0.867106 0.40083 -0.930001 -0.306257 0.203234 -0.504368 0.187338 -0.870678 -0.454779 0.485897 
1537390736530 0.242052 0.925251 -0.292099 -0.596311 -0.938908 0.299278 0.169954 -0.232439 0.244669 0.233117 0.941166 0.395541 0.316231 -0.384871 0.867106 0.40083 -0.930001 -0.306257 0.203234 -0.504368 0.187338 -0.870678 -0.454779 0.485897 
1537390737786 0.242174 0.925329 -0.291749 -0.60137 -0.938804 0.299399 0.170313 -0.234908 0.244945 0.23265 0.94121 0.392899 0.316231 -0.384871 0.867106 0.40083 -0.930001 -0.306257 0.203234 -0.504368 0.187338 -0.870678 -0.454779 0.485897 
1537390739072 0.242296 0.925408 -0.291399 -0.606427 -0.938701 0.299519 0.170673 -0.237376 0.245222 0.232183 0.941253 0.390256 0.316231 -0.384871 0.867106 0.40083 -0.930001 -0.306257 0.203234 -0.504368 0.187338 -0.870678 -0.454779 0.485897 
1537390740366 0.242418 0.925486 -0.291049 -0.611483 -0.938597 0.299639 0.171032 -0.239844 0.245498 0.231717 0.941296 0.387614 0.316231 -0.384871 0.867106 0.40083 -0.930001 -0.306257 0.203234 -0.504368 0.187338 -0.870678 -0.454779 0.485897 
1537390741674 0.242541 0.925563 -0.2907 -0.616538 -0.938493 0.29976 0.171391 -0.24231 0.245774 0.231251 0.941339 0.384973 0.316231 -0.384871 0.867106 0.40083 -0.930001 -0.306257 0.203234 -0.504368 0.187338 -0.870678 -0.454779 0.485897 
1537390743013 0.242664 0.925641 -0.290351 -0.62159 -0.938389 0.29988 0.17175 -0.244776 0.24605 0.230784 0.941381 0.382331 0.316231 -0.384871 0.867106 0.40083 -0.930001 -0.306257 0.203234 -0.504368 0.187338 -0.870678 -0.454779 0.485897 
1537390744389 0.242787 0.925718 -0.290002 -0.626639 -0.938285 0.3 0.172109 -0.247241 0.246325 0.230319 0.941423 0.379691 0.316231 -0.384871 0.867106 0.40083 -0.930001 -0.306257 0.203234 -0.504368 0.187338 -0.870678 -0.454779 0.485897 
1537390745761 0.243024 0.925697 -0.28987 -0.63051 -0.938156 0.300264 0.17235 -0.249119 0.246582 0.230059 0.941419 0.37728 0.316442 -0.385045 0.866951 0.401525 -0.929984 -0.306148 0.203478 -0.505625 0.187068 -0.87064 -0.454964 0.486487 
1537390747022 0.243047 0.925701 -0.289838 -0.63052 -0.938149 0.300281 0.172359 -0.249108 0.246585 0.23002 0.941428 0.377329 0.16008 -0.304787 0.938871 0.370831 -0.775623 0.549475 0.310623 -0.528794 -0.61056 -0.777934 -0.14844 0.432481 
1537390747030 0.242125 0.925398 -0.291572 -0.631378 -0.938149 0.299949 0.172934 -0.249384 0.247489 0.231666 0.940787 0.377279 0.316241 -0.38488 0.867098 0.400864 -0.930001 -0.306251 0.203246 -0.504429 0.187325 -0.870677 -0.454788 0.485926 
1537390747313 0.241202 0.925092 -0.293303 -0.632236 -0.938149 0.299618 0.173509 -0.249661 0.248391 0.233311 0.940142 0.377228 0.316241 -0.38488 0.867098 0.400864 -0.930001 -0.306251 0.203246 -0.504429 0.187325 -0.870677 -0.454788 0.485926 
1537390747631 0.240277 0.924782 -0.295033 -0.633094 -0.938148 0.299288 0.174085 -0.249937 0.24929 0.234956 0.939494 0.377178 0.316241 -0.38488 0.867098 0.400864 -0.930001 -0.306251 0.203246 -0.504429 0.187325 -0.870677 -0.454788 0.485926 
1537390747969 0.23935 0.92447 -0.296762 -0.633952 -0.938146 0.298958 0.174661 -0.250213 0.250188 0.236601 0.938843 0.377128 0.316241 -0.38488 0.867098 0.400864 -0.930001 -0.306251 0.203246 -0.504429 0.187325 -0.870677 -0.454788 0.485926 
1537390748284 0.238421 0.924154 -0.298489 -0.63481 -0.938143 0.29863 0.175238 -0.250489 0.251084 0.238244 0.938188 0.377077 0.316241 -0.38488 0.867098 0.400864 -0.930001 -0.306251 0.203246 -0.504429 0.187325 -0.870677 -0.454788 0.485926 
1537390748574 0.237491 0.923834 -0.300214 -0.635668 -0.938139 0.298302 0.175815 -0.250765 0.251979 0.239888 0.937529 0.377027 0.316241 -0.38488 0.867098 0.400864 -0.930001 -0.306251 0.203246 -0.504429 0.187325 -0.870677 -0.454788 0.485926 
1537390748580 0.236559 0.923511 -0.301938 -0.636525 -0.938134 0.297976 0.176393 -0.251041 0.252871 0.241531 0.936867 0.376977 0.316241 -0.38488 0.867098 0.400864 -0.930001 -0.306251 0.203246 -0.504429 0.187325 -0.870677 -0.454788 0.485926 
1537390749047 0.235625 0.923185 -0.30366 -0.637383 -0.938129 0.29765 0.176971 -0.251317 0.253762 0.243173 0.936201 0.376926 0.316241 -0.38488 0.867098 0.400864 -0.930001 -0.306251 0.203246 -0.504429 0.187325 -0.870677 -0.454788 0.485926 
1537390749360 0.234712 0.922837 -0.305422 -0.638012 -0.938118 0.297353 0.177527 -0.25148 0.254646 0.244854 0.935522 0.37692 0.316531 -0.385118 0.866887 0.401814 -0.929976 -0.306103 0.20358 -0.50615 0.186955 -0.870623 -0.455042 0.486735 
1537390749653 0.235418 0.92285 -0.304837 -0.637678 -0.938083 0.297773 0.177009 -0.251565 0.254125 0.244291 0.935811 0.376761 0.16008 -0.304787 0.938871 0.370831 -0.775623 0.549475 0.310623 -0.528794 -0.61056 -0.777934 -0.14844 0.432481 
1537390749674 0.234947 0.922541 -0.306134 -0.638189 -0.938057 0.297714 0.177245 -0.251739 0.254656 0.245528 0.935343 0.376847 0.316241 -0.38488 0.867098 0.400864 -0.930001 -0.306251 0.203246 -0.504429 0.187325 -0.870677 -0.454788 0.485926 
1537390749730 0.234474 0.922231 -0.307427 -0.638701 -0.938031 0.297655 0.177481 -0.251913 0.255186 0.246762 0.934874 0.376933 0.316241 -0.38488 0.867098 0.400864 -0.930001 -0.306251 0.203246 -0.504429 0.187325 -0.870677 -0.454788 0.485926 
1537390749968 0.234 0.92192 -0.30872 -0.639212 -0.938005 0.297595 0.177718 -0.252088 0.255716 0.247995 0.934402 0.377019 0.316241 -0.38488 0.867098 0.400864 -0.930001 -0.306251 0.203246 -0.504429 0.187325 -0.870677 -0.454788 0.485926 
1537390750200 0.233526 0.921606 -0.310013 -0.639723 -0.937979 0.297536 0.177955 -0.252262 0.256244 0.249228 0.933929 0.377105 0.316241 -0.38488 0.867098 0.400864 -0.930001 -0.306251 0.203246 -0.504429 0.187325 -0.870677 -0.454788 0.485926 
1537390750458 0.233051 0.921291 -0.311305 -0.640235 -0.937953 0.297477 0.178191 -0.252436 0.256772 0.250461 0.933454 0.377191 0.316241 -0.38488 0.867098 0.400864 -0.930001 -0.306251 0.203246 -0.504429 0.187325 -0.870677 -0.454788 0.485926 
1537390750713 0.232576 0.920973 -0.312596 -0.640746 -0.937926 0.297419 0.178428 -0.25261 0.2573 0.251694 0.932978 0.377277 0.316241 -0.38488 0.867098 0.400864 -0.930001 -0.306251 0.203246 -0.504429 0.187325 -0.870677 -0.454788 0.485926 
1537390750717 0.2321 0.920655 -0.313887 -0.641257 -0.937899 0.297361 0.178665 -0.252784 0.257826 0.252926 0.932499 0.377363 0.316241 -0.38488 0.867098 0.400864 -0.930001 -0.306251 0.203246 -0.504429 0.187325 -0.870677 -0.454788 0.485926 
1537390751046 0.231623 0.920334 -0.315176 -0.641768 -0.937873 0.297303 0.178902 -0.252958 0.258352 0.254158 0.932018 0.377449 0.316241 -0.38488 0.867098 0.400864 -0.930001 -0.306251 0.203246 -0.504429 0.187325 -0.870677 -0.454788 0.485926 
1537390751251 0.231156 0.920002 -0.316487 -0.642161 -0.937844 0.29726 0.179126 -0.253073 0.258875 0.255409 0.931531 0.377557 0.316531 -0.385118 0.866887 0.401814 -0.929976 -0.306103 0.20358 -0.50615 0.186955 -0.870623 -0.455042 0.486735 
1537390751487 0.231505 0.920325 -0.315289 -0.641814 -0.937903 0.297212 0.178894 -0.252937 0.258348 0.254295 0.931982 0.377516 0.16008 -0.304787 0.938871 0.370831 -0.775623 0.549475 0.310623 -0.528794 -0.61056 -0.777934 -0.14844 0.432481 
1537390751501 0.231001 0.920475 -0.31522 -0.642028 -0.937989 0.296761 0.17919 -0.253066 0.258485 0.25428 0.931948 0.377578 0.316241 -0.38488 0.867098 0.400864 -0.930001 -0.306251 0.203246 -0.504429 0.187325 -0.870677 -0.454788 0.485926 
1537390751661 0.230496 0.920626 -0.31515 -0.642242 -0.938076 0.296307 0.179487 -0.253196 0.258622 0.254263 0.931915 0.377639 0.316241 -0.38488 0.867098 0.400864 -0.930001 -0.306251 0.203246 -0.504429 0.187325 -0.870677 -0.454788 0.485926 
1537390751821 0.229991 0.920777 -0.315079 -0.642456 -0.938162 0.295853 0.179784 -0.253325 0.258758 0.254247 0.931881 0.377701 0.316241 -0.38488 0.867098 0.400864 -0.930001 -0.306251 0.203246 -0.504429 0.187325 -0.870677 -0.454788 0.485926 
1537390752033 0.229486 0.920927 -0.315009 -0.642671 -0.938248 0.2954 0.180081 -0.253454 0.258895 0.25423 0.931848 0.377763 0.316241 -0.38488 0.867098 0.400864 -0.930001 -0.306251 0.203246 -0.504429 0.187325 -0.870677 -0.454788 0.485926 
1537390752203 0.228981 0.921076 -0.314938 -0.642885 -0.938334 0.294946 0.180378 -0.253584 0.259032 0.254214 0.931814 0.377824 0.316241 -0.38488 0.867098 0.400864 -0.930001 -0.306251 0.203246 -0.504429 0.187325 -0.870677 -0.454788 0.485926 
1537390752401 0.228476 0.921226 -0.314867 -0.643099 -0.938419 0.294493 0.180674 -0.253713 0.259168 0.254198 0.931781 0.377886 0.316241 -0.38488 0.867098 0.400864 -0.930001 -0.306251 0.203246 -0.504429 0.187325 -0.870677 -0.454788 0.485926 
1537390752582 0.227971 0.921375 -0.314796 -0.643313 -0.938504 0.294039 0.180971 -0.253842 0.259305 0.254182 0.931747 0.377948 0.316241 -0.38488 0.867098 0.400864 -0.930001 -0.306251 0.203246 -0.504429 0.187325 -0.870677 -0.454788 0.485926 
1537390752807 0.227465 0.921525 -0.314725 -0.643527 -0.938589 0.293585 0.181268 -0.253972 0.259441 0.254166 0.931713 0.378009 0.316241 -0.38488 0.867098 0.400864 -0.930001 -0.306251 0.203246 -0.504429 0.187325 -0.870677 -0.454788 0.485926 
1537390752984 0.226971 0.921664 -0.314674 -0.643629 -0.938672 0.293145 0.181553 -0.254045 0.259576 0.254169 0.931675 0.378092 0.316531 -0.385118 0.866887 0.401814 -0.929976 -0.306103 0.20358 -0.50615 0.186955 -0.870623 -0.455042 0.486735 
1537390753093 0.227438 0.921484 -0.314865 -0.643547 -0.938608 0.293575 0.181189 -0.253933 0.2594 0.254325 0.931682 0.377954 0.16008 -0.304787 0.938871 0.370831 -0.775623 0.549475 0.310623 -0.528794 -0.61056 -0.777934 -0.14844 0.432481 
1537390753101 0.22737 0.921709 -0.314254 -0.643583 -0.938736 0.293282 0.181001 -0.253997 0.258995 0.253847 0.931925 0.377908 0.316241 -0.38488 0.867098 0.400864 -0.930001 -0.306251 0.203246 -0.504429 0.187325 -0.870677 -0.454788 0.485926 
1537390753116 0.227302 0.921934 -0.313642 -0.64362 -0.938863 0.292989 0.180814 -0.254061 0.258592 0.253368 0.932167 0.377862 0.316241 -0.38488 0.867098 0.400864 -0.930001 -0.306251 0.203246 -0.504429 0.187325 -0.870677 -0.454788 0.485926 
1537390753284 0.227234 0.922159 -0.31303 -0.643656 -0.938991 0.292695 0.180626 -0.254124 0.258188 0.252888 0.932409 0.377816 0.316241 -0.38488 0.867098 0.400864 -0.930001 -0.306251 0.203246 -0.504429 0.187325 -0.870677 -0.454788 0.485926 
1537390753355 0.227165 0.922383 -0.312418 -0.643692 -0.939118 0.292403 0.180438 -0.254188 0.257785 0.252409 0.93265 0.37777 0.316241 -0.38488 0.867098 0.400864 -0.930001 -0.306251 0.203246 -0.504429 0.187325 -0.870677 -0.454788 0.485926 
1537390753522 0.227096 0.922607 -0.311806 -0.643728 -0.939245 0.292109 0.18025 -0.254252 0.257382 0.251928 0.932892 0.377724 0.316241 -0.38488 0.867098 0.400864 -0.930001 -0.306251 0.203246 -0.504429 0.187325 -0.870677 -0.454788 0.485926 
1537390753584 0.227027 0.922831 -0.311194 -0.643765 -0.939373 0.291816 0.180062 -0.254315 0.256978 0.251448 0.933132 0.377678 0.316241 -0.38488 0.867098 0.400864 -0.930001 -0.306251 0.203246 -0.504429 0.187325 -0.870677 -0.454788 0.485926 
1537390753593 0.226958 0.923054 -0.310581 -0.643801 -0.9395 0.291524 0.179873 -0.254379 0.256575 0.250967 0.933373 0.377632 0.316241 -0.38488 0.867098 0.400864 -0.930001 -0.306251 0.203246 -0.504429 0.187325 -0.870677 -0.454788 0.485926 
1537390753786 0.226888 0.923277 -0.309969 -0.643837 -0.939626 0.291231 0.179685 -0.254443 0.256171 0.250487 0.933613 0.377586 0.316241 -0.38488 0.867098 0.400864 -0.930001 -0.306251 0.203246 -0.504429 0.187325 -0.870677 -0.454788 0.485926 
1537390753865 0.226824 0.923495 -0.309368 -0.64381 -0.939752 0.290946 0.179489 -0.254475 0.255767 0.250017 0.93385 0.377551 0.316531 -0.385118 0.866887 0.401814 -0.929976 -0.306103 0.20358 -0.50615 0.186955 -0.870623 -0.455042 0.486735 
1537390754020 0.227001 0.923179 -0.310178 -0.643751 -0.939539 0.291437 0.179806 -0.254427 0.25639 0.250608 0.93352 0.377624 0.16008 -0.304787 0.938871 0.370831 -0.775623 0.549475 0.310623 -0.528794 -0.61056 -0.777934 -0.14844 0.432481 
1537390754037 0.22742 0.923123 -0.310038 -0.643698 -0.939511 0.291734 0.179473 -0.254406 0.256124 0.250468 0.933631 0.3776 0.316241 -0.38488 0.867098 0.400864 -0.930001 -0.306251 0.203246 -0.504429 0.187325 -0.870677 -0.454788 0.485926 
1537390754055 0.227839 0.923067 -0.309898 -0.643645 -0.939482 0.292033 0.17914 -0.254385 0.255858 0.250329 0.933741 0.377575 0.316241 -0.38488 0.867098 0.400864 -0.930001 -0.306251 0.203246 -0.504429 0.187325 -0.870677 -0.454788 0.485926 
1537390754225 0.228258 0.92301 -0.309758 -0.643592 -0.939452 0.292331 0.178807 -0.254364 0.255592 0.250189 0.933851 0.377551 0.316241 -0.38488 0.867098 0.400864 -0.930001 -0.306251 0.203246 -0.504429 0.187325 -0.870677 -0.454788 0.485926 
1537390754291 0.228677 0.922954 -0.309619 -0.64354 -0.939423 0.292629 0.178474 -0.254343 0.255326 0.25005 0.933961 0.377527 0.316241 -0.38488 0.867098 0.400864 -0.930001 -0.306251 0.203246 -0.504429 0.187325 -0.870677 -0.454788 0.485926 
1537390754432 0.229096 0.922897 -0.309479 -0.643487 -0.939393 0.292927 0.178141 -0.254322 0.25506 0.249911 0.934071 0.377502 0.316241 -0.38488 0.867098 0.400864 -0.930001 -0.306251 0.203246 -0.504429 0.187325 -0.870677 -0.454788 0.485926 
1537390754491 0.229515 0.922839 -0.309339 -0.643434 -0.939363 0.293226 0.177808 -0.254301 0.254794 0.249772 0.934181 0.377478 0.316241 -0.38488 0.867098 0.400864 -0.930001 -0.306251 0.203246 -0.504429 0.187325 -0.870677 -0.454788 0.485926 
1537390754640 0.229933 0.922782 -0.309198 -0.643381 -0.939333 0.293524 0.177475 -0.25428 0.254528 0.249633 0.934291 0.377454 0.316241 -0.38488 0.867098 0.400864 -0.930001 -0.306251 0.203246 -0.504429 0.187325 -0.870677 -0.454788 0.485926 
1537390754701 0.230352 0.922725 -0.309057 -0.643328 -0.939303 0.293822 0.177142 -0.254259 0.254261 0.249494 0.9344 0.377429 0.316241 -0.38488 0.867098 0.400864 -0.930001 -0.306251 0.203246 -0.504429 0.187325 -0.870677 -0.454788 0.485926 
1537390754837 0.230768 0.92267 -0.308912 -0.643305 -0.939272 0.294117 0.176812 -0.254253 0.253995 0.24935 0.934511 0.377399 0.316531 -0.385118 0.866887 0.401814 -0.929976 -0.306103 0.20358 -0.50615 0.186955 -0.870623 -0.455042 0.486735 
1537390754934 0.229977 0.922814 -0.309072 -0.643374 -0.939342 0.293522 0.177432 -0.254159 0.254456 0.249519 0.934341 0.377489 0.16008 -0.304787 0.938871 0.370831 -0.775623 0.549475 0.310623 -0.528794 -0.61056 -0.777934 -0.14844 0.432481 
1537390754944 0.230598 0.922741 -0.308826 -0.643173 -0.939236 0.294016 0.17717 -0.254068 0.254282 0.249206 0.934472 0.377529 0.316241 -0.38488 0.867098 0.400864 -0.930001 -0.306251 0.203246 -0.504429 0.187325 -0.870677 -0.454788 0.485926 
1537390754972 0.231219 0.922668 -0.308581 -0.642973 -0.939131 0.294511 0.176909 -0.253978 0.254109 0.248893 0.934602 0.37757 0.316241 -0.38488 0.867098 0.400864 -0.930001 -0.306251 0.203246 -0.504429 0.187325 -0.870677 -0.454788 0.485926 
1537390755164 0.231839 0.922595 -0.308334 -0.642772 -0.939025 0.295004 0.176649 -0.253887 0.253935 0.248579 0.934733 0.37761 0.316241 -0.38488 0.867098 0.400864 -0.930001 -0.306251 0.203246 -0.504429 0.187325 -0.870677 -0.454788 0.485926 
1537390755165 0.23246 0.922521 -0.308088 -0.642572 -0.938919 0.295499 0.176388 -0.253796 0.253761 0.248267 0.934863 0.37765 0.316241 -0.38488 0.867098 0.400864 -0.930001 -0.306251 0.203246 -0.504429 0.187325 -0.870677 -0.454788 0.485926 
1537390755393 0.23308 0.922446 -0.307842 -0.642371 -0.938812 0.295993 0.176127 -0.253706 0.253587 0.247954 0.934993 0.377691 0.316241 -0.38488 0.867098 0.400864 -0.930001 -0.306251 0.203246 -0.504429 0.187325 -0.870677 -0.454788 0.485926 
1537390755596 0.2337 0.922372 -0.307595 -0.642171 -0.938705 0.296486 0.175867 -0.253615 0.253412 0.247641 0.935124 0.377731 0.316241 -0.38488 0.867098 0.400864 -0.930001 -0.306251 0.203246 -0.504429 0.187325 -0.870677 -0.454788 0.485926 
1537390755800 0.23432 0.922297 -0.307348 -0.64197 -0.938597 0.29698 0.175606 -0.253524 0.253238 0.247328 0.935254 0.377771 0.316241 -0.38488 0.867098 0.400864 -0.930001 -0.306251 0.203246 -0.504429 0.187325 -0.870677 -0.454788 0.485926 
1537390756001 0.23494 0.922221 -0.307101 -0.641769 -0.93849 0.297474 0.175346 -0.253433 0.253063 0.247015 0.935384 0.377811 0.316241 -0.38488 0.867098 0.400864 -0.930001 -0.306251 0.203246 -0.504429 0.187325 -0.870677 -0.454788 0.485926 
1537390756196 0.235551 0.922153 -0.306837 -0.641658 -0.938383 0.297958 0.175095 -0.253387 0.252889 0.246687 0.935517 0.377835 0.316531 -0.385118 0.866887 0.401814 -0.929976 -0.306103 0.20358 -0.50615 0.186955 -0.870623 -0.455042 0.486735 
1537390756307 0.234885 0.922236 -0.307099 -0.64182 -0.938504 0.297421 0.175358 -0.25344 0.25306 0.247025 0.935382 0.377783 0.16008 -0.304787 0.938871 0.370831 -0.775623 0.549475 0.310623 -0.528794 -0.61056 -0.777934 -0.14844 0.432481 
1537390756319 0.235181 0.922215 -0.306936 -0.641463 -0.938468 0.297634 0.175192 -0.253323 0.252919 0.246847 0.935467 0.377902 0.316241 -0.38488 0.867098 0.400864 -0.930001 -0.306251 0.203246 -0.504429 0.187325 -0.870677 -0.454788 0.485926 
1537390756502 0.235478 0.922194 -0.306772 -0.641105 -0.938431 0.297847 0.175025 -0.253205 0.252778 0.246669 0.935552 0.378021 0.316241 -0.38488 0.867098 0.400864 -0.930001 -0.306251 0.203246 -0.504429 0.187325 -0.870677 -0.454788 0.485926 
1537390756769 0.235776 0.922172 -0.306609 -0.640748 -0.938394 0.298061 0.174858 -0.253088 0.252638 0.246492 0.935637 0.378139 0.316241 -0.38488 0.867098 0.400864 -0.930001 -0.306251 0.203246 -0.504429 0.187325 -0.870677 -0.454788 0.485926 
1537390757021 0.236073 0.92215 -0.306445 -0.640391 -0.938358 0.298275 0.174692 -0.252971 0.252497 0.246315 0.935721 0.378258 0.316241 -0.38488 0.867098 0.400864 -0.930001 -0.306251 0.203246 -0.504429 0.187325 -0.870677 -0.454788 0.485926 
1537390757317 0.23637 0.922128 -0.306281 -0.640033 -0.938321 0.298489 0.174525 -0.252854 0.252356 0.246137 0.935806 0.378377 0.316241 -0.38488 0.867098 0.400864 -0.930001 -0.306251 0.203246 -0.504429 0.187325 -0.870677 -0.454788 0.485926 
1537390757573 0.236667 0.922107 -0.306117 -0.639676 -0.938284 0.298702 0.174358 -0.252737 0.252215 0.24596 0.935891 0.378496 0.316241 -0.38488 0.867098 0.400864 -0.930001 -0.306251 0.203246 -0.504429 0.187325 -0.870677 -0.454788 0.485926 
1537390757788 0.236965 0.922085 -0.305953 -0.639318 -0.938247 0.298916 0.174192 -0.252619 0.252074 0.245782 0.935975 0.378615 0.316241 -0.38488 0.867098 0.400864 -0.930001 -0.306251 0.203246 -0.504429 0.187325 -0.870677 -0.454788 0.485926 
1537390758021 0.237262 0.922063 -0.305789 -0.638961 -0.938209 0.299129 0.174025 -0.252502 0.251933 0.245605 0.93606 0.378734 0.316241 -0.38488 0.867098 0.400864 -0.930001 -0.306251 0.203246 -0.504429 0.187325 -0.870677 -0.454788 0.485926 
1537390758309 0.237545 0.922052 -0.3056 -0.63874 -0.938175 0.299327 0.173873 -0.252453 0.251794 0.245404 0.93615 0.378826 0.316531 -0.385118 0.866887 0.401814 -0.929976 -0.306103 0.20358 -0.50615 0.186955 -0.870623 -0.455042 0.486735 
1537390758396 0.237133 0.922126 -0.305698 -0.638974 -0.938205 0.299027 0.174226 -0.252427 0.25207 0.245492 0.936052 0.378735 0.16008 -0.304787 0.938871 0.370831 -0.775623 0.549475 0.310623 -0.528794 -0.61056 -0.777934 -0.14844 0.432481 
1537390758403 0.237191 0.922056 -0.305864 -0.638461 -0.938157 0.299145 0.174282 -0.252226 0.252195 0.24561 0.935988 0.378926 0.316241 -0.38488 0.867098 0.400864 -0.930001 -0.306251 0.203246 -0.504429 0.187325 -0.870677 -0.454788 0.485926 
1537390758625 0.237247 0.921987 -0.30603 -0.637948 -0.938109 0.299263 0.174338 -0.252025 0.252321 0.245729 0.935923 0.379116 0.316241 -0.38488 0.867098 0.400864 -0.930001 -0.306251 0.203246 -0.504429 0.187325 -0.870677 -0.454788 0.485926 
1537390758913 0.237303 0.921917 -0.306197 -0.637435 -0.938061 0.29938 0.174394 -0.251824 0.252446 0.245847 0.935858 0.379307 0.316241 -0.38488 0.867098 0.400864 -0.930001 -0.306251 0.203246 -0.504429 0.187325 -0.870677 -0.454788 0.485926 
1537390759179 0.23736 0.921847 -0.306363 -0.636922 -0.938013 0.299498 0.174451 -0.251623 0.252572 0.245965 0.935793 0.379498 0.316241 -0.38488 0.867098 0.400864 -0.930001 -0.306251 0.203246 -0.504429 0.187325 -0.870677 -0.454788 0.485926 
1537390759477 0.237416 0.921777 -0.306529 -0.636409 -0.937965 0.299616 0.174507 -0.251422 0.252698 0.246083 0.935728 0.379688 0.316241 -0.38488 0.867098 0.400864 -0.930001 -0.306251 0.203246 -0.504429 0.187325 -0.870677 -0.454788 0.485926 
1537390759754 0.237472 0.921708 -0.306695 -0.635896 -0.937917 0.299734 0.174563 -0.251221 0.252823 0.246201 0.935663 0.379879 0.316241 -0.38488 0.867098 0.400864 -0.930001 -0.306251 0.203246 -0.504429 0.187325 -0.870677 -0.454788 0.485926 
1537390760016 0.237528 0.921638 -0.306862 -0.635382 -0.937868 0.299851 0.17462 -0.25102 0.252949 0.246319 0.935598 0.38007 0.316241 -0.38488 0.867098 0.400864 -0.930001 -0.306251 0.203246 -0.504429 0.187325 -0.870677 -0.454788 0.485926 
1537390760294 0.237584 0.921568 -0.307028 -0.634869 -0.93782 0.299969 0.174676 -0.250819 0.253075 0.246437 0.935533 0.380261 0.316241 -0.38488 0.867098 0.400864 -0.930001 -0.306251 0.203246 -0.504429 0.187325 -0.870677 -0.454788 0.485926 
1537390760298 0.237621 0.921515 -0.307158 -0.634555 -0.937776 0.300062 0.174753 -0.250717 0.253204 0.24652 0.935476 0.380414 0.316531 -0.385118 0.866887 0.401814 -0.929976 -0.306103 0.20358 -0.50615 0.186955 -0.870623 -0.455042 0.486735 
1537390760613 0.237062 0.921796 -0.306748 -0.634801 -0.937921 0.299451 0.175021 -0.25047 0.25319 0.246215 0.93556 0.380386 0.16008 -0.304787 0.938871 0.370831 -0.775623 0.549475 0.310623 -0.528794 -0.61056 -0.777934 -0.14844 0.432481 
1537390760620 0.237049 0.921785 -0.306789 -0.634403 -0.937827 0.299541 0.175372 -0.250315 0.253552 0.246143 0.935481 0.380497 0.316241 -0.38488 0.867098 0.400864 -0.930001 -0.306251 0.203246 -0.504429 0.187325 -0.870677 -0.454788 0.485926 
1537390760626 0.237043 0.921772 -0.306834 -0.634 -0.93773 0.29964 0.175721 -0.250161 0.253915 0.246074 0.935401 0.380611 0.316241 -0.38488 0.867098 0.400864 -0.930001 -0.306251 0.203246 -0.504429 0.187325 -0.870677 -0.454788 0.485926 
1537390760905 0.237038 0.921758 -0.30688 -0.633597 -0.937633 0.299739 0.17607 -0.250007 0.254278 0.246006 0.93532 0.380724 0.316241 -0.38488 0.867098 0.400864 -0.930001 -0.306251 0.203246 -0.504429 0.187325 -0.870677 -0.454788 0.485926 
1537390761245 0.237032 0.921744 -0.306926 -0.633194 -0.937536 0.299837 0.176419 -0.249853 0.254641 0.245937 0.93524 0.380837 0.316241 -0.38488 0.867098 0.400864 -0.930001 -0.306251 0.203246 -0.504429 0.187325 -0.870677 -0.454788 0.485926 
1537390761249 0.237026 0.921731 -0.306971 -0.632791 -0.937439 0.299936 0.176768 -0.249699 0.255004 0.245868 0.935159 0.380951 0.316241 -0.38488 0.867098 0.400864 -0.930001 -0.306251 0.203246 -0.504429 0.187325 -0.870677 -0.454788 0.485926 
1537390761566 0.23702 0.921717 -0.307017 -0.632388 -0.937342 0.300034 0.177116 -0.249546 0.255367 0.245799 0.935078 0.381064 0.316241 -0.38488 0.867098 0.400864 -0.930001 -0.306251 0.203246 -0.504429 0.187325 -0.870677 -0.454788 0.485926 
1537390761816 0.237015 0.921703 -0.307062 -0.631985 -0.937244 0.300133 0.177465 -0.249392 0.25573 0.24573 0.934997 0.381177 0.316241 -0.38488 0.867098 0.400864 -0.930001 -0.306251 0.203246 -0.504429 0.187325 -0.870677 -0.454788 0.485926 
1537390762115 0.237009 0.92169 -0.307107 -0.631582 -0.937146 0.300231 0.177814 -0.249238 0.256093 0.245661 0.934916 0.381291 0.316241 -0.38488 0.867098 0.400864 -0.930001 -0.306251 0.203246 -0.504429 0.187325 -0.870677 -0.454788 0.485926 
1537390762354 0.23699 0.921688 -0.307128 -0.631313 -0.937051 0.300313 0.178177 -0.249151 0.256458 0.245569 0.93484 0.381379 0.316531 -0.385118 0.866887 0.401814 -0.929976 -0.306103 0.20358 -0.50615 0.186955 -0.870623 -0.455042 0.486735 
1537390762579 0.236827 0.921711 -0.307185 -0.631585 -0.937215 0.300052 0.177756 -0.249163 0.256011 0.245801 0.934901 0.381242 0.16008 -0.304787 0.938871 0.370831 -0.775623 0.549475 0.310623 -0.528794 -0.61056 -0.777934 -0.14844 0.432481 
1537390762609 0.236845 0.921614 -0.30746 -0.631265 -0.937101 0.300228 0.17806 -0.249079 0.256411 0.245949 0.934753 0.381345 0.316241 -0.38488 0.867098 0.400864 -0.930001 -0.306251 0.203246 -0.504429 0.187325 -0.870677 -0.454788 0.485926 
1537390762676 0.236864 0.921517 -0.307737 -0.630946 -0.936987 0.300404 0.178364 -0.248996 0.256811 0.246098 0.934604 0.381448 0.316241 -0.38488 0.867098 0.400864 -0.930001 -0.306251 0.203246 -0.504429 0.187325 -0.870677 -0.454788 0.485926 
1537390762855 0.236882 0.92142 -0.308014 -0.630626 -0.936872 0.30058 0.178667 -0.248912 0.25721 0.246247 0.934455 0.381551 0.316241 -0.38488 0.867098 0.400864 -0.930001 -0.306251 0.203246 -0.504429 0.187325 -0.870677 -0.454788 0.485926 
1537390763100 0.2369 0.921323 -0.30829 -0.630306 -0.936758 0.300756 0.178971 -0.248828 0.25761 0.246395 0.934305 0.381654 0.316241 -0.38488 0.867098 0.400864 -0.930001 -0.306251 0.203246 -0.504429 0.187325 -0.870677 -0.454788 0.485926 
1537390763341 0.236918 0.921225 -0.308567 -0.629986 -0.936643 0.300932 0.179274 -0.248744 0.25801 0.246544 0.934156 0.381756 0.316241 -0.38488 0.867098 0.400864 -0.930001 -0.306251 0.203246 -0.504429 0.187325 -0.870677 -0.454788 0.485926 
1537390763597 0.236936 0.921128 -0.308843 -0.629667 -0.936529 0.301108 0.179578 -0.248661 0.258409 0.246692 0.934006 0.381859 0.316241 -0.38488 0.867098 0.400864 -0.930001 -0.306251 0.203246 -0.504429 0.187325 -0.870677 -0.454788 0.485926 
1537390763835 0.236954 0.921031 -0.309119 -0.629347 -0.936414 0.301284 0.179881 -0.248577 0.258809 0.24684 0.933856 0.381962 0.316241 -0.38488 0.867098 0.400864 -0.930001 -0.306251 0.203246 -0.504429 0.187325 -0.870677 -0.454788 0.485926 
1537390763854 0.236971 0.920934 -0.309396 -0.629027 -0.936299 0.30146 0.180184 -0.248493 0.259208 0.246988 0.933706 0.382065 0.316241 -0.38488 0.867098 0.400864 -0.930001 -0.306251 0.203246 -0.504429 0.187325 -0.870677 -0.454788 0.485926 
1537390764135 0.236978 0.920846 -0.309652 -0.628818 -0.936186 0.301622 0.1805 -0.248466 0.25961 0.247117 0.933561 0.382147 0.316531 -0.385118 0.866887 0.401814 -0.929976 -0.306103 0.20358 -0.50615 0.186955 -0.870623 -0.455042 0.486735 
1537390764247 0.237079 0.920905 -0.3094 -0.628994 -0.93628 0.301554 0.180125 -0.248593 0.259179 0.246981 0.933717 0.382109 0.16008 -0.304787 0.938871 0.370831 -0.775623 0.549475 0.310623 -0.528794 -0.61056 -0.777934 -0.14844 0.432481 
1537390764257 0.23719 0.920841 -0.309502 -0.628707 -0.936204 0.301726 0.180234 -0.248497 0.259352 0.247007 0.933662 0.382198 0.316241 -0.38488 0.867098 0.400864 -0.930001 -0.306251 0.203246 -0.504429 0.187325 -0.870677 -0.454788 0.485926 
1537390764336 0.237303 0.920778 -0.309605 -0.62842 -0.936127 0.301898 0.180343 -0.248401 0.259525 0.247034 0.933606 0.382286 0.316241 -0.38488 0.867098 0.400864 -0.930001 -0.306251 0.203246 -0.504429 0.187325 -0.870677 -0.454788 0.485926 
1537390764549 0.237414 0.920715 -0.309707 -0.628132 -0.936051 0.302069 0.180453 -0.248305 0.259698 0.24706 0.933551 0.382375 0.316241 -0.38488 0.867098 0.400864 -0.930001 -0.306251 0.203246 -0.504429 0.187325 -0.870677 -0.454788 0.485926 
1537390764803 0.237526 0.920651 -0.309811 -0.627845 -0.935974 0.302241 0.180562 -0.248209 0.259872 0.247087 0.933496 0.382464 0.316241 -0.38488 0.867098 0.400864 -0.930001 -0.306251 0.203246 -0.504429 0.187325 -0.870677 -0.454788 0.485926 
1537390765061 0.237638 0.920588 -0.309913 -0.627558 -0.935898 0.302412 0.180671 -0.248113 0.260045 0.247113 0.933441 0.382553 0.316241 -0.38488 0.867098 0.400864 -0.930001 -0.306251 0.203246 -0.504429 0.187325 -0.870677 -0.454788 0.485926 
1537390765308 0.23775 0.920524 -0.310016 -0.627271 -0.935821 0.302584 0.18078 -0.248017 0.260218 0.247139 0.933386 0.382641 0.316241 -0.38488 0.867098 0.400864 -0.930001 -0.306251 0.203246 -0.504429 0.187325 -0.870677 -0.454788 0.485926 
1537390765532 0.237862 0.920461 -0.310118 -0.626984 -0.935745 0.302756 0.180889 -0.247921 0.260391 0.247165 0.93333 0.38273 0.316241 -0.38488 0.867098 0.400864 -0.930001 -0.306251 0.203246 -0.504429 0.187325 -0.870677 -0.454788 0.485926 
1537390765762 0.237973 0.920398 -0.310221 -0.626696 -0.935668 0.302927 0.180998 -0.247826 0.260565 0.247191 0.933275 0.382819 0.316241 -0.38488 0.867098 0.400864 -0.930001 -0.306251 0.203246 -0.504429 0.187325 -0.870677 -0.454788 0.485926 
1537390766009 0.238075 0.920343 -0.310306 -0.626505 -0.935593 0.303087 0.181118 -0.247779 0.26074 0.2472 0.933224 0.382889 0.316531 -0.385118 0.866887 0.401814 -0.929976 -0.306103 0.20358 -0.50615 0.186955 -0.870623 -0.455042 0.486735 
1537390766105 0.237719 0.920493 -0.310132 -0.626723 -0.93577 0.302634 0.180963 -0.247742 0.260432 0.247193 0.933312 0.382883 0.16008 -0.304787 0.938871 0.370831 -0.775623 0.549475 0.310623 -0.528794 -0.61056 -0.777934 -0.14844 0.432481 
1537390766118 0.237845 0.920433 -0.310214 -0.626534 -0.935764 0.302744 0.180806 -0.24765 0.260335 0.247284 0.933315 0.382944 0.316241 -0.38488 0.867098 0.400864 -0.930001 -0.306251 0.203246 -0.504429 0.187325 -0.870677 -0.454788 0.485926 
1537390766134 0.237971 0.920372 -0.310298 -0.626346 -0.935759 0.302854 0.180648 -0.247558 0.260239 0.247375 0.933317 0.383004 0.316241 -0.38488 0.867098 0.400864 -0.930001 -0.306251 0.203246 -0.504429 0.187325 -0.870677 -0.454788 0.485926 
1537390766349 0.238097 0.920312 -0.310381 -0.626157 -0.935754 0.302964 0.180491 -0.247466 0.260142 0.247466 0.93332 0.383065 0.316241 -0.38488 0.867098 0.400864 -0.930001 -0.306251 0.203246 -0.504429 0.187325 -0.870677 -0.454788 0.485926 
1537390766406 0.238222 0.920251 -0.310464 -0.625968 -0.935749 0.303073 0.180334 -0.247373 0.260046 0.247557 0.933323 0.383126 0.316241 -0.38488 0.867098 0.400864 -0.930001 -0.306251 0.203246 -0.504429 0.187325 -0.870677 -0.454788 0.485926 
1537390766601 0.238348 0.92019 -0.310547 -0.62578 -0.935744 0.303183 0.180176 -0.247281 0.259949 0.247648 0.933326 0.383186 0.316241 -0.38488 0.867098 0.400864 -0.930001 -0.306251 0.203246 -0.504429 0.187325 -0.870677 -0.454788 0.485926 
1537390766661 0.238474 0.92013 -0.31063 -0.625591 -0.935739 0.303292 0.180019 -0.247189 0.259852 0.247739 0.933328 0.383247 0.316241 -0.38488 0.867098 0.400864 -0.930001 -0.306251 0.203246 -0.504429 0.187325 -0.870677 -0.454788 0.485926 
1537390766823 0.2386 0.920069 -0.310713 -0.625403 -0.935734 0.303402 0.179861 -0.247097 0.259756 0.24783 0.933331 0.383308 0.316241 -0.38488 0.867098 0.400864 -0.930001 -0.306251 0.203246 -0.504429 0.187325 -0.870677 -0.454788 0.485926 
1537390766941 0.238725 0.920009 -0.310796 -0.625214 -0.935728 0.303511 0.179704 -0.247005 0.259659 0.247921 0.933334 0.383368 0.316241 -0.38488 0.867098 0.400864 -0.930001 -0.306251 0.203246 -0.504429 0.187325 -0.870677 -0.454788 0.485926 
1537390767083 0.238843 0.919954 -0.310866 -0.625097 -0.935724 0.303612 0.179554 -0.246949 0.259564 0.248 0.93334 0.383415 0.316531 -0.385118 0.866887 0.401814 -0.929976 -0.306103 0.20358 -0.50615 0.186955 -0.870623 -0.455042 0.486735 
1537390767197 0.238586 0.920034 -0.310829 -0.625313 -0.935727 0.303421 0.179863 -0.246994 0.259792 0.247939 0.933292 0.383327 0.16008 -0.304787 0.938871 0.370831 -0.775623 0.549475 0.310623 -0.528794 -0.61056 -0.777934 -0.14844 0.432481 
1537390767208 0.238614 0.920015 -0.310864 -0.62513 -0.935691 0.303482 0.179947 -0.246902 0.259895 0.247934 0.933265 0.383381 0.316241 -0.38488 0.867098 0.400864 -0.930001 -0.306251 0.203246 -0.504429 0.187325 -0.870677 -0.454788 0.485926 
1537390767222 0.238642 0.919996 -0.310898 -0.624947 -0.935655 0.303543 0.180032 -0.24681 0.26 0.24793 0.933237 0.383436 0.316241 -0.38488 0.867098 0.400864 -0.930001 -0.306251 0.203246 -0.504429 0.187325 -0.870677 -0.454788 0.485926 
1537390767229 0.238671 0.919976 -0.310933 -0.624764 -0.935618 0.303605 0.180117 -0.246719 0.260104 0.247926 0.933209 0.38349 0.316241 -0.38488 0.867098 0.400864 -0.930001 -0.306251 0.203246 -0.504429 0.187325 -0.870677 -0.454788 0.485926 
1537390767409 0.238699 0.919958 -0.310968 -0.62458 -0.935582 0.303666 0.180202 -0.246627 0.260209 0.247922 0.933181 0.383544 0.316241 -0.38488 0.867098 0.400864 -0.930001 -0.306251 0.203246 -0.504429 0.187325 -0.870677 -0.454788 0.485926 
1537390767490 0.238728 0.919938 -0.311002 -0.624397 -0.935546 0.303727 0.180288 -0.246535 0.260313 0.247917 0.933153 0.383599 0.316241 -0.38488 0.867098 0.400864 -0.930001 -0.306251 0.203246 -0.504429 0.187325 -0.870677 -0.454788 0.485926 
1537390767653 0.238756 0.919919 -0.311038 -0.624214 -0.935509 0.303789 0.180372 -0.246444 0.260418 0.247913 0.933125 0.383653 0.316241 -0.38488 0.867098 0.400864 -0.930001 -0.306251 0.203246 -0.504429 0.187325 -0.870677 -0.454788 0.485926 
1537390767701 0.238785 0.9199 -0.311072 -0.624031 -0.935473 0.303851 0.180457 -0.246352 0.260522 0.247909 0.933097 0.383707 0.316241 -0.38488 0.867098 0.400864 -0.930001 -0.306251 0.203246 -0.504429 0.187325 -0.870677 -0.454788 0.485926 
1537390767872 0.238813 0.919881 -0.311107 -0.623848 -0.935437 0.303912 0.180542 -0.24626 0.260627 0.247905 0.933069 0.383761 0.316241 -0.38488 0.867098 0.400864 -0.930001 -0.306251 0.203246 -0.504429 0.187325 -0.870677 -0.454788 0.485926 
1537390767931 0.238836 0.919867 -0.311131 -0.623724 -0.935402 0.303966 0.180634 -0.246199 0.260732 0.24789 0.933043 0.383804 0.316531 -0.385118 0.866887 0.401814 -0.929976 -0.306103 0.20358 -0.50615 0.186955 -0.870623 -0.455042 0.486735 
1537390768124 0.238702 0.919961 -0.310955 -0.623946 -0.935479 0.303764 0.180575 -0.246245 0.260579 0.247788 0.933113 0.383747 0.16008 -0.304787 0.938871 0.370831 -0.775623 0.549475 0.310623 -0.528794 -0.61056 -0.777934 -0.14844 0.432481 
1537390768140 0.238836 0.91997 -0.310825 -0.623709 -0.935485 0.303827 0.180438 -0.246131 0.260435 0.247677 0.933183 0.383801 0.316241 -0.38488 0.867098 0.400864 -0.930001 -0.306251 0.203246 -0.504429 0.187325 -0.870677 -0.454788 0.485926 
1537390768149 0.23897 0.919979 -0.310697 -0.623472 -0.93549 0.303891 0.180301 -0.246016 0.260291 0.247568 0.933252 0.383855 0.316241 -0.38488 0.867098 0.400864 -0.930001 -0.306251 0.203246 -0.504429 0.187325 -0.870677 -0.454788 0.485926 
1537390768151 0.239104 0.919987 -0.310569 -0.623235 -0.935496 0.303955 0.180163 -0.245902 0.260147 0.247459 0.933321 0.383908 0.316241 -0.38488 0.867098 0.400864 -0.930001 -0.306251 0.203246 -0.504429 0.187325 -0.870677 -0.454788 0.485926 
1537390768399 0.239238 0.919995 -0.31044 -0.622998 -0.935502 0.304018 0.180026 -0.245788 0.260003 0.247348 0.93339 0.383962 0.316241 -0.38488 0.867098 0.400864 -0.930001 -0.306251 0.203246 -0.504429 0.187325 -0.870677 -0.454788 0.485926 
1537390768404 0.239373 0.920004 -0.310313 -0.622761 -0.935507 0.304082 0.179889 -0.245674 0.259859 0.247239 0.933459 0.384016 0.316241 -0.38488 0.867098 0.400864 -0.930001 -0.306251 0.203246 -0.504429 0.187325 -0.870677 -0.454788 0.485926 
1537390768664 0.239507 0.920012 -0.310184 -0.622524 -0.935513 0.304146 0.179751 -0.245559 0.259715 0.24713 0.933528 0.38407 0.316241 -0.38488 0.867098 0.400864 -0.930001 -0.306251 0.203246 -0.504429 0.187325 -0.870677 -0.454788 0.485926 
1537390768894 0.239641 0.92002 -0.310056 -0.622287 -0.935519 0.30421 0.179614 -0.245445 0.259571 0.24702 0.933597 0.384123 0.316241 -0.38488 0.867098 0.400864 -0.930001 -0.306251 0.203246 -0.504429 0.187325 -0.870677 -0.454788 0.485926 
1537390769013 0.239776 0.920029 -0.309927 -0.62205 -0.935524 0.304274 0.179477 -0.245331 0.259426 0.246911 0.933666 0.384177 0.316241 -0.38488 0.867098 0.400864 -0.930001 -0.306251 0.203246 -0.504429 0.187325 -0.870677 -0.454788 0.485926 
1537390769198 0.239902 0.920043 -0.309786 -0.621885 -0.935531 0.304328 0.179347 -0.245253 0.259284 0.246788 0.933738 0.384217 0.316531 -0.385118 0.866887 0.401814 -0.929976 -0.306103 0.20358 -0.50615 0.186955 -0.870623 -0.455042 0.486735 
1537390769304 0.239831 0.920003 -0.309961 -0.622097 -0.935502 0.304341 0.179479 -0.245396 0.259455 0.246925 0.933655 0.384171 0.16008 -0.304787 0.938871 0.370831 -0.775623 0.549475 0.310623 -0.528794 -0.61056 -0.777934 -0.14844 0.432481 
1537390769318 0.239859 0.920023 -0.309881 -0.621751 -0.935464 0.30438 0.179609 -0.2453 0.259565 0.246802 0.933657 0.384289 0.316241 -0.38488 0.867098 0.400864 -0.930001 -0.306251 0.203246 -0.504429 0.187325 -0.870677 -0.454788 0.485926 
1537390769443 0.239887 0.920042 -0.309802 -0.621406 -0.935427 0.30442 0.179737 -0.245204 0.259676 0.246681 0.933658 0.384407 0.316241 -0.38488 0.867098 0.400864 -0.930001 -0.306251 0.203246 -0.504429 0.187325 -0.870677 -0.454788 0.485926 
1537390769692 0.239914 0.920061 -0.309723 -0.62106 -0.935389 0.30446 0.179866 -0.245108 0.259786 0.246559 0.93366 0.384525 0.316241 -0.38488 0.867098 0.400864 -0.930001 -0.306251 0.203246 -0.504429 0.187325 -0.870677 -0.454788 0.485926 
1537390769923 0.239942 0.920081 -0.309644 -0.620714 -0.935351 0.3045 0.179994 -0.245012 0.259896 0.246438 0.933661 0.384642 0.316241 -0.38488 0.867098 0.400864 -0.930001 -0.306251 0.203246 -0.504429 0.187325 -0.870677 -0.454788 0.485926 
1537390770179 0.23997 0.9201 -0.309565 -0.620368 -0.935313 0.30454 0.180123 -0.244916 0.260006 0.246316 0.933662 0.38476 0.316241 -0.38488 0.867098 0.400864 -0.930001 -0.306251 0.203246 -0.504429 0.187325 -0.870677 -0.454788 0.485926 
1537390770425 0.239998 0.920119 -0.309486 -0.620023 -0.935276 0.30458 0.180252 -0.244819 0.260116 0.246195 0.933664 0.384878 0.316241 -0.38488 0.867098 0.400864 -0.930001 -0.306251 0.203246 -0.504429 0.187325 -0.870677 -0.454788 0.485926 
1537390770696 0.240026 0.920139 -0.309407 -0.619677 -0.935238 0.30462 0.18038 -0.244723 0.260226 0.246073 0.933665 0.384996 0.316241 -0.38488 0.867098 0.400864 -0.930001 -0.306251 0.203246 -0.504429 0.187325 -0.870677 -0.454788 0.485926 
1537390770957 0.240054 0.920158 -0.309328 -0.619331 -0.9352 0.304659 0.180509 -0.244627 0.260337 0.245952 0.933666 0.385114 0.316241 -0.38488 0.867098 0.400864 -0.930001 -0.306251 0.203246 -0.504429 0.187325 -0.870677 -0.454788 0.485926 
1537390771223 0.240072 0.920185 -0.309232 -0.619075 -0.935164 0.304687 0.180648 -0.244578 0.260449 0.245814 0.933671 0.385214 0.316531 -0.385118 0.866887 0.401814 -0.929976 -0.306103 0.20358 -0.50615 0.186955 -0.870623 -0.455042 0.486735 
1537390771310 0.239911 0.920256 -0.309145 -0.619344 -0.935243 0.304483 0.180586 -0.244573 0.260315 0.245801 0.933712 0.385184 0.16008 -0.304787 0.938871 0.370831 -0.775623 0.549475 0.310623 -0.528794 -0.61056 -0.777934 -0.14844 0.432481 
1537390771324 0.240145 0.920246 -0.308996 -0.619055 -0.935212 0.304647 0.180466 -0.244434 0.260208 0.245639 0.933784 0.385243 0.316241 -0.38488 0.867098 0.400864 -0.930001 -0.306251 0.203246 -0.504429 0.187325 -0.870677 -0.454788 0.485926 
1537390771461 0.240379 0.920235 -0.308846 -0.618766 -0.935182 0.304811 0.180347 -0.244294 0.260101 0.245476 0.933857 0.385301 0.316241 -0.38488 0.867098 0.400864 -0.930001 -0.306251 0.203246 -0.504429 0.187325 -0.870677 -0.454788 0.485926 
1537390771689 0.240613 0.920224 -0.308696 -0.618476 -0.935151 0.304975 0.180228 -0.244155 0.259994 0.245312 0.93393 0.38536 0.316241 -0.38488 0.867098 0.400864 -0.930001 -0.306251 0.203246 -0.504429 0.187325 -0.870677 -0.454788 0.485926 
1537390771918 0.240848 0.920213 -0.308546 -0.618187 -0.935121 0.30514 0.180108 -0.244015 0.259888 0.245149 0.934002 0.385419 0.316241 -0.38488 0.867098 0.400864 -0.930001 -0.306251 0.203246 -0.504429 0.187325 -0.870677 -0.454788 0.485926 
1537390771929 0.241082 0.920201 -0.308397 -0.617898 -0.93509 0.305304 0.179988 -0.243876 0.259781 0.244987 0.934075 0.385477 0.316241 -0.38488 0.867098 0.400864 -0.930001 -0.306251 0.203246 -0.504429 0.187325 -0.870677 -0.454788 0.485926 
1537390772166 0.241317 0.92019 -0.308247 -0.617609 -0.935059 0.305469 0.179869 -0.243736 0.259674 0.244824 0.934147 0.385536 0.316241 -0.38488 0.867098 0.400864 -0.930001 -0.306251 0.203246 -0.504429 0.187325 -0.870677 -0.454788 0.485926 
