1535121687037 0.213492 0.91995 -0.328806 -0.472326 -0.944168 0.280741 0.172428 -0.171411 0.250934 0.273636 0.928523 0.473952 0.208489 -0.114526 0.971296 0.383705 -0.977596 -0.0537943 0.203499 -0.501911 0.0289443 -0.991963 -0.123176 0.443316 
1535121687059 0.216412 0.920876 -0.324273 -0.488681 -0.943734 0.28239 0.172109 -0.178613 0.250063 0.268781 0.930175 0.463946 0.202095 -0.115042 0.972586 0.383612 -0.979299 -0.0353403 0.19931 -0.499969 0.0114424 -0.992732 -0.119803 0.442869 
1535121687674 0.219327 0.921775 -0.319729 -0.505036 -0.943296 0.284038 0.171799 -0.185819 0.249176 0.263919 0.931804 0.453937 0.195685 -0.115438 0.973849 0.383519 -0.980648 -0.0168716 0.195051 -0.498027 -0.00608603 -0.993171 -0.116506 0.442422 
1535121687958 0.222235 0.922646 -0.315175 -0.521393 -0.942853 0.285686 0.171499 -0.193027 0.248274 0.259051 0.933409 0.443926 0.189264 -0.115714 0.975084 0.383426 -0.981642 0.00160412 0.190727 -0.496084 -0.0236338 -0.993281 -0.113286 0.441975 
1535121687965 0.225138 0.923489 -0.310613 -0.537749 -0.942405 0.287334 0.171205 -0.200233 0.247356 0.254178 0.934991 0.433917 0.182833 -0.115868 0.976292 0.383333 -0.982281 0.0200801 0.186338 -0.494142 -0.0411946 -0.993062 -0.110144 0.441528 
1535121688268 0.228036 0.924304 -0.306042 -0.554106 -0.941953 0.288983 0.170921 -0.20744 0.246424 0.249301 0.936549 0.423908 0.176395 -0.115902 0.977472 0.383239 -0.982564 0.0385501 0.181885 -0.492197 -0.0587624 -0.992512 -0.107081 0.44108 
1535121689299 0.230928 0.925091 -0.301463 -0.570463 -0.941496 0.290631 0.170644 -0.214647 0.245476 0.244419 0.938084 0.413898 0.169952 -0.115814 0.978623 0.383146 -0.982492 0.0570072 0.17737 -0.490253 -0.0763305 -0.991634 -0.104098 0.440633 
1535121689598 0.233814 0.925849 -0.296875 -0.58682 -0.941034 0.29228 0.170376 -0.221853 0.244513 0.239533 0.939594 0.403889 0.163506 -0.115606 0.979745 0.383052 -0.982064 0.0754447 0.172796 -0.488308 -0.0938928 -0.990426 -0.101197 0.440186 
1535121689889 0.236694 0.926579 -0.292279 -0.603177 -0.940567 0.293929 0.170116 -0.22906 0.243535 0.234643 0.941081 0.39388 0.157061 -0.115277 0.980838 0.382958 -0.981281 0.093856 0.168162 -0.486363 -0.111443 -0.988889 -0.098378 0.439738 
1535121690778 0.239569 0.927281 -0.287675 -0.619534 -0.940096 0.295577 0.169864 -0.236267 0.242542 0.229748 0.942544 0.383871 0.150618 -0.114827 0.981901 0.382865 -0.980143 0.112234 0.163474 -0.484418 -0.128974 -0.987025 -0.0956425 0.439291 
1535121692705 0.240336 0.926912 -0.288223 -0.619275 -0.940066 0.296251 0.168851 -0.236551 0.241897 0.230368 0.942559 0.383908 0.151056 -0.114734 0.981844 0.38289 -0.980115 0.111904 0.163866 -0.48458 -0.128674 -0.987073 -0.0955487 0.439375 
1535121692719 0.240547 0.927017 -0.287708 -0.620932 -0.940022 0.296349 0.168927 -0.237241 0.24186 0.229817 0.942702 0.382904 0.154343 -0.114515 0.981359 0.382873 -0.98067 0.10315 0.166271 -0.484889 -0.120268 -0.988052 -0.0963811 0.439633 
1535121692831 0.240757 0.927123 -0.287193 -0.622594 -0.939977 0.296447 0.169004 -0.237933 0.241825 0.229266 0.942846 0.3819 0.157628 -0.114266 0.980865 0.382857 -0.981143 0.0943888 0.168669 -0.485202 -0.111856 -0.988956 -0.0972334 0.439891 
1535121693072 0.240966 0.927228 -0.286676 -0.624256 -0.939933 0.296544 0.169081 -0.238626 0.241789 0.228714 0.942989 0.380895 0.160911 -0.113989 0.980364 0.382841 -0.981534 0.0856208 0.171058 -0.485518 -0.103438 -0.989786 -0.0981063 0.440149 
1535121693447 0.241176 0.927333 -0.28616 -0.625918 -0.939888 0.296641 0.169158 -0.239318 0.241753 0.228162 0.943132 0.37989 0.164189 -0.113681 0.979856 0.382824 -0.981842 0.0768473 0.173437 -0.485832 -0.0950159 -0.990541 -0.0989998 0.440406 
1535121693596 0.241386 0.927437 -0.285644 -0.627581 -0.939844 0.296738 0.169235 -0.240011 0.241716 0.22761 0.943275 0.378885 0.167463 -0.113345 0.979341 0.382808 -0.982068 0.0680686 0.175808 -0.486146 -0.0865894 -0.991221 -0.0999137 0.440664 
1535121694043 0.241596 0.927541 -0.285128 -0.629241 -0.939799 0.296835 0.169312 -0.240703 0.24168 0.227058 0.943417 0.377881 0.170733 -0.11298 0.978819 0.382792 -0.982212 0.0592858 0.178168 -0.48646 -0.0781595 -0.991827 -0.100848 0.440922 
1535121694127 0.241806 0.927645 -0.284612 -0.630904 -0.939754 0.296932 0.169389 -0.241395 0.241643 0.226506 0.943559 0.376876 0.173999 -0.112585 0.978289 0.382776 -0.982274 0.0504993 0.18052 -0.486775 -0.0697267 -0.992358 -0.101803 0.44118 
1535121694622 0.242015 0.927749 -0.284096 -0.632567 -0.93971 0.297029 0.169466 -0.242088 0.241607 0.225954 0.943701 0.375871 0.17726 -0.112161 0.977752 0.38276 -0.982254 0.0417099 0.182861 -0.487089 -0.0612919 -0.992814 -0.102777 0.441438 
1535121694656 0.242225 0.927852 -0.28358 -0.634228 -0.939665 0.297127 0.169543 -0.24278 0.24157 0.225402 0.943842 0.374867 0.180516 -0.111708 0.977208 0.382744 -0.982151 0.0329185 0.185192 -0.487403 -0.0528557 -0.993196 -0.103772 0.441696 
1535121695420 0.24275 0.927547 -0.28413 -0.633982 -0.939512 0.297744 0.169306 -0.242961 0.241637 0.225844 0.943719 0.374877 0.180138 -0.111823 0.977264 0.382728 -0.982198 0.0333611 0.184865 -0.487273 -0.0532749 -0.993168 -0.103823 0.441641 
1535121695431 0.242195 0.92749 -0.284786 -0.634154 -0.939533 0.297449 0.16971 -0.243103 0.242114 0.226463 0.943448 0.374887 0.181569 -0.112973 0.976867 0.382784 -0.982144 0.0289309 0.185895 -0.487402 -0.0492628 -0.993177 -0.105703 0.441929 
1535121695450 0.24164 0.927434 -0.285441 -0.634327 -0.939553 0.297154 0.170115 -0.243245 0.242591 0.227081 0.943178 0.374896 0.183007 -0.114116 0.976466 0.382842 -0.98207 0.0244981 0.18692 -0.487536 -0.0452522 -0.993165 -0.107587 0.442217 
1535121695594 0.241084 0.927377 -0.286096 -0.6345 -0.939573 0.29686 0.17052 -0.243387 0.243067 0.227698 0.942906 0.374906 0.184448 -0.115253 0.976061 0.382899 -0.981976 0.0200638 0.187935 -0.487669 -0.0412435 -0.993134 -0.109475 0.442506 
1535121695660 0.240528 0.927319 -0.28675 -0.634674 -0.939592 0.296565 0.170925 -0.243529 0.243542 0.228315 0.942634 0.374915 0.185895 -0.116382 0.975653 0.382957 -0.981864 0.0156278 0.188942 -0.487803 -0.0372368 -0.993082 -0.111366 0.442794 
1535121695697 0.239971 0.927261 -0.287403 -0.634846 -0.939611 0.296271 0.171331 -0.243671 0.244017 0.228932 0.942362 0.374925 0.187345 -0.117505 0.975241 0.383014 -0.981732 0.0111905 0.18994 -0.487936 -0.0332324 -0.993009 -0.113262 0.443082 
1535121695805 0.239415 0.927202 -0.288056 -0.63502 -0.93963 0.295977 0.171736 -0.243813 0.244492 0.22955 0.942088 0.374934 0.1888 -0.118621 0.974825 0.383072 -0.98158 0.00675165 0.19093 -0.488071 -0.02923 -0.992917 -0.115161 0.44337 
1535121695996 0.238858 0.927143 -0.288709 -0.635193 -0.939648 0.295683 0.172142 -0.243955 0.244966 0.230167 0.941814 0.374944 0.190259 -0.11973 0.974406 0.383129 -0.98141 0.00231174 0.191911 -0.488204 -0.0252301 -0.992804 -0.117065 0.443659 
1535121696083 0.2383 0.927083 -0.289361 -0.635367 -0.939666 0.29539 0.172547 -0.244098 0.24544 0.230785 0.94154 0.374953 0.191722 -0.120832 0.973983 0.383187 -0.981219 -0.00212953 0.192883 -0.48834 -0.0212324 -0.992671 -0.118971 0.443947 
1535121696211 0.237742 0.927023 -0.290013 -0.63554 -0.939684 0.295097 0.172953 -0.24424 0.245914 0.231403 0.941265 0.374963 0.19319 -0.121928 0.973556 0.383244 -0.98101 -0.00657167 0.193846 -0.488473 -0.0172373 -0.992517 -0.120882 0.444235 
1535121696768 0.238518 0.927024 -0.28937 -0.635342 -0.939627 0.295584 0.17243 -0.244197 0.245379 0.230772 0.941559 0.374982 0.192864 -0.121569 0.973665 0.383147 -0.981051 -0.00516861 0.193682 -0.488389 -0.0185131 -0.99257 -0.120262 0.443963 
1535121696780 0.237825 0.927155 -0.289523 -0.635381 -0.939674 0.295073 0.173046 -0.244346 0.245871 0.230902 0.941399 0.37505 0.192911 -0.122796 0.973502 0.383124 -0.981045 -0.00558493 0.193701 -0.488396 -0.0183487 -0.992416 -0.121545 0.444159 
1535121696883 0.237131 0.927285 -0.289674 -0.635425 -0.93972 0.294562 0.173664 -0.244497 0.246363 0.231032 0.941238 0.375117 0.192957 -0.124022 0.973338 0.383101 -0.981039 -0.00600092 0.193719 -0.488404 -0.0181845 -0.992261 -0.122828 0.444355 
1535121696891 0.236438 0.927415 -0.289826 -0.635469 -0.939766 0.294051 0.174281 -0.244648 0.246854 0.231162 0.941078 0.375185 0.193003 -0.125248 0.973171 0.383077 -0.981033 -0.00641675 0.193736 -0.488411 -0.0180206 -0.992105 -0.124111 0.444551 
1535121696971 0.235744 0.927544 -0.289976 -0.635513 -0.939811 0.29354 0.174898 -0.244799 0.247345 0.231292 0.940917 0.375252 0.19305 -0.126474 0.973004 0.383054 -0.981026 -0.00683305 0.193754 -0.488418 -0.0178562 -0.991946 -0.125393 0.444747 
1535121697167 0.23505 0.927673 -0.290126 -0.635558 -0.939856 0.293029 0.175515 -0.24495 0.247836 0.231422 0.940756 0.375319 0.193097 -0.1277 0.972834 0.383031 -0.98102 -0.00724923 0.19377 -0.488425 -0.017692 -0.991786 -0.126676 0.444943 
1535121697173 0.234356 0.927802 -0.290276 -0.635602 -0.939899 0.292517 0.176133 -0.245102 0.248327 0.231553 0.940594 0.375386 0.193144 -0.128925 0.972663 0.383008 -0.981014 -0.00766541 0.193786 -0.488433 -0.017528 -0.991625 -0.127958 0.445139 
1535121697230 0.233662 0.927931 -0.290425 -0.635646 -0.939943 0.292006 0.17675 -0.245253 0.248818 0.231684 0.940432 0.375453 0.193191 -0.130151 0.972491 0.382985 -0.981007 -0.00808141 0.193802 -0.48844 -0.0173643 -0.991461 -0.12924 0.445335 
1535121697454 0.232967 0.928059 -0.290574 -0.635691 -0.939985 0.291495 0.177367 -0.245404 0.249308 0.231815 0.94027 0.37552 0.193239 -0.131375 0.972316 0.382961 -0.981001 -0.00849756 0.193817 -0.488447 -0.0172004 -0.991296 -0.130522 0.445531 
1535121697508 0.232273 0.928186 -0.290723 -0.635735 -0.940027 0.290983 0.177985 -0.245555 0.249798 0.231946 0.940107 0.375588 0.193286 -0.1326 0.972141 0.382938 -0.980994 -0.00891373 0.193831 -0.488455 -0.0170366 -0.99113 -0.131803 0.445727 
1535121697814 0.232844 0.928089 -0.290578 -0.635729 -0.939927 0.29146 0.177731 -0.245387 0.249642 0.231738 0.9402 0.375563 0.193453 -0.131611 0.972242 0.382994 -0.980959 -0.00858371 0.194026 -0.488396 -0.0171904 -0.991264 -0.130765 0.445528 
1535121697831 0.232608 0.928295 -0.290107 -0.63575 -0.940164 0.29098 0.177263 -0.245457 0.248968 0.231516 0.940434 0.375542 0.193723 -0.132778 0.97203 0.383004 -0.980917 -0.00949443 0.194197 -0.488461 -0.0165562 -0.9911 -0.132083 0.445738 
1535121697855 0.232371 0.928501 -0.289636 -0.635777 -0.940401 0.290499 0.176796 -0.24553 0.248294 0.231292 0.940667 0.375519 0.193997 -0.133944 0.971815 0.383016 -0.980873 -0.0104066 0.194371 -0.488533 -0.0159216 -0.990934 -0.133401 0.445949 
1535121697874 0.232134 0.928707 -0.289166 -0.635803 -0.940637 0.290018 0.176328 -0.245603 0.24762 0.231068 0.940899 0.375496 0.19427 -0.13511 0.971599 0.383027 -0.980829 -0.0113187 0.194542 -0.488603 -0.0152874 -0.990766 -0.134719 0.446159 
1535121697977 0.231896 0.928913 -0.288695 -0.63583 -0.940873 0.289537 0.17586 -0.245676 0.246947 0.230844 0.941131 0.375474 0.194545 -0.136276 0.971381 0.383039 -0.980784 -0.0122311 0.194712 -0.488674 -0.0146535 -0.990595 -0.136037 0.44637 
1535121698123 0.231658 0.929119 -0.288224 -0.635857 -0.941108 0.289056 0.175392 -0.245749 0.246273 0.230619 0.941363 0.375451 0.194821 -0.137441 0.971162 0.38305 -0.980739 -0.0131438 0.194882 -0.488744 -0.01402 -0.990423 -0.137354 0.44658 
1535121698167 0.231419 0.929324 -0.287754 -0.635882 -0.941343 0.288575 0.174923 -0.245821 0.245599 0.230395 0.941594 0.375429 0.195096 -0.138606 0.970941 0.383061 -0.980693 -0.0140565 0.195049 -0.488814 -0.0133869 -0.990248 -0.138672 0.446791 
1535121698185 0.23118 0.929529 -0.287283 -0.63591 -0.941577 0.288094 0.174454 -0.245894 0.244925 0.230169 0.941825 0.375406 0.195373 -0.13977 0.970718 0.383073 -0.980646 -0.0149695 0.195216 -0.488885 -0.0127541 -0.990071 -0.139989 0.447001 
1535121698273 0.230941 0.929734 -0.286813 -0.635935 -0.941811 0.287614 0.173985 -0.245967 0.244251 0.229944 0.942055 0.375383 0.195651 -0.140934 0.970494 0.383084 -0.980599 -0.0158826 0.195381 -0.488955 -0.0121218 -0.989892 -0.141307 0.447212 
1535121698429 0.230701 0.929938 -0.286343 -0.635963 -0.942044 0.287133 0.173515 -0.24604 0.243577 0.229717 0.942285 0.375361 0.195929 -0.142097 0.970268 0.383096 -0.980551 -0.0167961 0.195546 -0.489026 -0.0114897 -0.98971 -0.142624 0.447422 
1535121698511 0.231234 0.929553 -0.287161 -0.635894 -0.941568 0.288119 0.174462 -0.245953 0.244908 0.23004 0.941861 0.375391 0.195203 -0.138616 0.970918 0.383003 -0.980672 -0.0141068 0.19515 -0.488787 -0.0133542 -0.990246 -0.13869 0.446853 
1535121698518 0.231529 0.929593 -0.286796 -0.635859 -0.941607 0.288226 0.174072 -0.245953 0.244478 0.229746 0.942044 0.375355 0.195148 -0.139009 0.970873 0.383022 -0.980696 -0.0152118 0.194945 -0.488814 -0.0123304 -0.990174 -0.139294 0.446906 
1535121698525 0.231824 0.929632 -0.28643 -0.635825 -0.941647 0.288334 0.173682 -0.245953 0.244048 0.229453 0.942227 0.375319 0.195096 -0.139401 0.970827 0.383042 -0.980719 -0.0163172 0.194741 -0.488846 -0.0113059 -0.990102 -0.139897 0.446959 
1535121698540 0.23212 0.929671 -0.286065 -0.63579 -0.941685 0.288442 0.173291 -0.245953 0.243617 0.229159 0.94241 0.375283 0.195044 -0.139793 0.970781 0.383063 -0.980741 -0.0174225 0.194536 -0.488878 -0.0102815 -0.990027 -0.140499 0.447013 
1535121698547 0.232415 0.929709 -0.285699 -0.635755 -0.941724 0.28855 0.172901 -0.245953 0.243186 0.228865 0.942593 0.375247 0.194993 -0.140186 0.970735 0.383083 -0.980761 -0.0185278 0.194331 -0.488911 -0.00925692 -0.989952 -0.141101 0.447066 
1535121698709 0.23271 0.929748 -0.285333 -0.63572 -0.941762 0.288659 0.17251 -0.245953 0.242754 0.228572 0.942775 0.37521 0.194942 -0.140578 0.970688 0.383104 -0.98078 -0.0196329 0.194126 -0.488944 -0.0082323 -0.989875 -0.141703 0.44712 
1535121698739 0.233005 0.929786 -0.284967 -0.635685 -0.941801 0.288768 0.172119 -0.245952 0.242323 0.228278 0.942957 0.375174 0.194891 -0.14097 0.970641 0.383124 -0.980798 -0.0207378 0.193919 -0.488976 -0.00720775 -0.989797 -0.142305 0.447173 
1535121698760 0.233299 0.929825 -0.284601 -0.635651 -0.941839 0.288876 0.171728 -0.245952 0.241892 0.227984 0.943139 0.375138 0.194842 -0.141362 0.970594 0.383145 -0.980815 -0.0218429 0.193712 -0.489009 -0.00618303 -0.989717 -0.142906 0.447227 
1535121698765 0.233594 0.929863 -0.284235 -0.635616 -0.941876 0.288985 0.171338 -0.245952 0.24146 0.227691 0.943321 0.375102 0.194792 -0.141755 0.970547 0.383165 -0.980831 -0.0229476 0.193504 -0.489041 -0.00515838 -0.989636 -0.143507 0.44728 
1535121698866 0.233888 0.929901 -0.283868 -0.635581 -0.941914 0.289094 0.170947 -0.245952 0.241028 0.227397 0.943502 0.375066 0.194742 -0.142147 0.9705 0.383185 -0.980846 -0.0240522 0.193295 -0.489073 -0.0041337 -0.989553 -0.144108 0.447334 
1535121699073 0.233012 0.929796 -0.28493 -0.635662 -0.941748 0.288815 0.172327 -0.245967 0.242521 0.228178 0.942931 0.375198 0.19484 -0.141335 0.970599 0.38314 -0.980817 -0.022116 0.193671 -0.488985 -0.00590668 -0.989715 -0.142933 0.447322 
1535121699084 0.233628 0.929693 -0.28476 -0.635473 -0.941647 0.289323 0.172025 -0.245849 0.242318 0.227954 0.943037 0.375239 0.195607 -0.139269 0.970743 0.383164 -0.98068 -0.0255194 0.193948 -0.489145 -0.00223806 -0.989926 -0.14157 0.44706 
1535121699090 0.234245 0.92959 -0.28459 -0.63528 -0.941547 0.28983 0.171723 -0.245729 0.242114 0.227729 0.943144 0.375281 0.196367 -0.137199 0.970884 0.383189 -0.980529 -0.0289223 0.19423 -0.48931 0.00143193 -0.990121 -0.140208 0.446798 
1535121699279 0.234862 0.929487 -0.284419 -0.635088 -0.941445 0.290338 0.171421 -0.245609 0.241911 0.227505 0.94325 0.375322 0.197119 -0.135127 0.971022 0.383213 -0.980366 -0.0323243 0.194518 -0.489475 0.00510294 -0.990301 -0.138846 0.446536 
1535121699284 0.235479 0.929383 -0.284248 -0.634896 -0.941343 0.290845 0.171119 -0.245489 0.241707 0.22728 0.943356 0.375364 0.197864 -0.133052 0.971158 0.383238 -0.98019 -0.0357253 0.19481 -0.48964 0.00877498 -0.990465 -0.137485 0.446275 
1535121699489 0.236095 0.929279 -0.284077 -0.634704 -0.941241 0.291353 0.170817 -0.24537 0.241503 0.227056 0.943463 0.375406 0.198601 -0.130974 0.97129 0.383263 -0.980001 -0.039125 0.195106 -0.489804 0.0124478 -0.990613 -0.136125 0.446013 
1535121699495 0.236712 0.929174 -0.283906 -0.634511 -0.941139 0.29186 0.170515 -0.24525 0.241299 0.226832 0.943569 0.375447 0.19933 -0.128893 0.971419 0.383288 -0.9798 -0.0425238 0.195408 -0.48997 0.0161217 -0.990746 -0.134766 0.445751 
1535121699513 0.237328 0.92907 -0.283734 -0.634319 -0.941036 0.292367 0.170214 -0.24513 0.241095 0.226607 0.943675 0.375489 0.200052 -0.126809 0.971545 0.383313 -0.979585 -0.0459212 0.195713 -0.490134 0.0197963 -0.990864 -0.133407 0.44549 
1535121699701 0.237944 0.928964 -0.283563 -0.634125 -0.940933 0.292875 0.169912 -0.24501 0.240891 0.226384 0.943781 0.375531 0.200766 -0.124722 0.971667 0.383338 -0.979358 -0.0493176 0.196024 -0.490301 0.0234717 -0.990965 -0.132049 0.445228 
1535121699906 0.23856 0.928859 -0.283391 -0.633933 -0.940829 0.293382 0.169611 -0.24489 0.240686 0.22616 0.943887 0.375572 0.201472 -0.122633 0.971787 0.383363 -0.979118 -0.0527125 0.196339 -0.490465 0.0271477 -0.991051 -0.130692 0.444966 
1535121700232 0.238023 0.92898 -0.283444 -0.634119 -0.940961 0.292883 0.169741 -0.244986 0.240702 0.226307 0.943847 0.375521 0.200033 -0.127542 0.971452 0.383348 -0.979596 -0.0457035 0.19571 -0.489988 0.0194375 -0.99078 -0.134082 0.445592 
1535121700382 0.238371 0.928814 -0.283697 -0.633726 -0.940878 0.293256 0.169556 -0.244807 0.240682 0.226507 0.943804 0.375666 0.197306 -0.12782 0.971973 0.383298 -0.980266 -0.0380595 0.193984 -0.489901 0.0121977 -0.991067 -0.132807 0.4452 
1535121700578 0.238719 0.928647 -0.283951 -0.63333 -0.940795 0.29363 0.16937 -0.244626 0.240661 0.226707 0.943762 0.375811 0.194572 -0.128078 0.97249 0.383246 -0.980876 -0.0304132 0.192245 -0.489808 0.00495421 -0.991298 -0.131546 0.444807 
1535121700655 0.239068 0.92848 -0.284204 -0.632934 -0.940712 0.294004 0.169184 -0.244446 0.240641 0.226908 0.943719 0.375957 0.191836 -0.128315 0.973003 0.383194 -0.981424 -0.0227648 0.190495 -0.489715 -0.00229309 -0.991472 -0.130299 0.444415 
1535121700787 0.239416 0.928312 -0.284457 -0.632538 -0.940628 0.294378 0.168997 -0.244265 0.24062 0.227108 0.943676 0.376103 0.189098 -0.12853 0.97351 0.383142 -0.981912 -0.0151146 0.188734 -0.489622 -0.00954381 -0.99159 -0.129064 0.444022 
1535121701051 0.239765 0.928145 -0.28471 -0.632141 -0.940545 0.294751 0.168811 -0.244084 0.2406 0.227308 0.943633 0.376248 0.186356 -0.128724 0.974013 0.38309 -0.982339 -0.00746316 0.186963 -0.489528 -0.0167975 -0.991652 -0.127842 0.44363 
1535121701236 0.240113 0.927977 -0.284963 -0.631745 -0.940461 0.295125 0.168625 -0.243904 0.24058 0.227508 0.94359 0.376394 0.183613 -0.128897 0.974511 0.383039 -0.982704 0.000188881 0.185182 -0.489436 -0.0240534 -0.991658 -0.126633 0.443237 
1535121701243 0.240462 0.927809 -0.285216 -0.631348 -0.940377 0.295498 0.168438 -0.243723 0.240559 0.227708 0.943547 0.376539 0.180867 -0.129048 0.975004 0.382987 -0.983009 0.00784144 0.18339 -0.489342 -0.0313116 -0.991607 -0.125437 0.442845 
1535121701410 0.24081 0.927641 -0.285469 -0.630952 -0.940293 0.295872 0.168252 -0.243542 0.240539 0.227908 0.943503 0.376685 0.17812 -0.129178 0.975493 0.382935 -0.983253 0.0154936 0.181589 -0.489249 -0.0385712 -0.9915 -0.124255 0.442452 
1535121701417 0.241159 0.927473 -0.285722 -0.630555 -0.940209 0.296245 0.168065 -0.243361 0.240519 0.228108 0.94346 0.376831 0.17537 -0.129287 0.975977 0.382883 -0.983435 0.0231453 0.179776 -0.489155 -0.0458321 -0.991337 -0.123086 0.44206 
1535121702340 0.240934 0.927622 -0.285427 -0.63072 -0.940251 0.295992 0.168274 -0.243425 0.240578 0.22783 0.943512 0.376797 0.175588 -0.129137 0.975957 0.382868 -0.983431 0.0223956 0.179896 -0.489349 -0.0450883 -0.991374 -0.123065 0.442271 
1535121702351 0.240896 0.927616 -0.285477 -0.630276 -0.940102 0.296115 0.16889 -0.243305 0.241199 0.227692 0.943387 0.37692 0.175412 -0.129248 0.975974 0.382917 -0.983431 0.0230676 0.179807 -0.489399 -0.045753 -0.991344 -0.12306 0.442171 
1535121702357 0.240861 0.92761 -0.285526 -0.629823 -0.939951 0.296241 0.169507 -0.243179 0.241821 0.227553 0.943261 0.377047 0.175235 -0.129358 0.975991 0.382966 -0.983432 0.0237405 0.179718 -0.489448 -0.0464185 -0.991314 -0.123055 0.442071 
1535121702372 0.240826 0.927604 -0.285576 -0.629368 -0.9398 0.296367 0.170124 -0.243052 0.242443 0.227414 0.943135 0.377174 0.175058 -0.129468 0.976008 0.383014 -0.983432 0.0244136 0.179628 -0.489497 -0.0470841 -0.991283 -0.12305 0.44197 
1535121702495 0.24079 0.927598 -0.285625 -0.628916 -0.939649 0.296493 0.170742 -0.242926 0.243065 0.227274 0.943009 0.3773 0.174882 -0.129578 0.976025 0.383063 -0.983431 0.0250862 0.17954 -0.489546 -0.0477493 -0.991252 -0.123044 0.44187 
1535121702529 0.240754 0.927592 -0.285675 -0.628462 -0.939497 0.296618 0.171359 -0.242799 0.243687 0.227135 0.942882 0.377428 0.174706 -0.129688 0.976042 0.383112 -0.98343 0.0257592 0.179451 -0.489595 -0.0484147 -0.99122 -0.123039 0.44177 
1535121702602 0.240719 0.927586 -0.285724 -0.628008 -0.939344 0.296744 0.171976 -0.242672 0.244309 0.226995 0.942755 0.377555 0.174529 -0.129798 0.97606 0.383161 -0.983428 0.0264322 0.179361 -0.489645 -0.0490802 -0.991188 -0.123034 0.44167 
1535121702607 0.240683 0.92758 -0.285773 -0.627555 -0.939191 0.296869 0.172593 -0.242546 0.244931 0.226856 0.942627 0.377681 0.174353 -0.129908 0.976076 0.38321 -0.983426 0.0271049 0.179273 -0.489694 -0.0497454 -0.991156 -0.123029 0.44157 
1535121702773 0.240648 0.927574 -0.285823 -0.627101 -0.939038 0.296995 0.17321 -0.242419 0.245553 0.226716 0.942499 0.377808 0.174175 -0.130018 0.976093 0.383258 -0.983423 0.027778 0.179183 -0.489743 -0.0504109 -0.991122 -0.123024 0.441469 
1535121702811 0.240612 0.927568 -0.285872 -0.626648 -0.938885 0.29712 0.173827 -0.242293 0.246174 0.226576 0.94237 0.377935 0.173998 -0.130127 0.97611 0.383307 -0.98342 0.0284508 0.179094 -0.489792 -0.0510762 -0.991089 -0.123019 0.441369 
1535121703044 0.240115 0.927858 -0.28535 -0.627836 -0.939505 0.296092 0.172218 -0.242438 0.244284 0.226735 0.942824 0.377718 0.17437 -0.129906 0.976074 0.383195 -0.983428 0.0270106 0.179278 -0.489673 -0.0496536 -0.991158 -0.123043 0.441594 
1535121703184 0.240227 0.927827 -0.285356 -0.627485 -0.939455 0.29622 0.172272 -0.242292 0.244367 0.226695 0.942812 0.377799 0.17443 -0.129826 0.976074 0.38326 -0.983418 0.0270034 0.179334 -0.489755 -0.0496394 -0.991169 -0.122963 0.441508 
1535121703228 0.240338 0.927796 -0.285362 -0.62713 -0.939405 0.296347 0.172326 -0.242144 0.244449 0.226654 0.9428 0.377881 0.174491 -0.129744 0.976073 0.383325 -0.983408 0.0269958 0.17939 -0.489838 -0.0496247 -0.99118 -0.122881 0.441423 
1535121703265 0.24045 0.927766 -0.285368 -0.626774 -0.939355 0.296475 0.172379 -0.241996 0.244532 0.226613 0.942789 0.377963 0.174552 -0.129663 0.976073 0.38339 -0.983397 0.026988 0.179447 -0.489921 -0.0496099 -0.991191 -0.122799 0.441337 
1535121703304 0.240562 0.927735 -0.285374 -0.626419 -0.939305 0.296602 0.172433 -0.241848 0.244615 0.226572 0.942777 0.378045 0.174612 -0.129582 0.976073 0.383455 -0.983387 0.0269806 0.179503 -0.490004 -0.0495953 -0.991202 -0.122718 0.441252 
1535121703344 0.240673 0.927704 -0.28538 -0.626063 -0.939255 0.29673 0.172487 -0.2417 0.244697 0.226531 0.942766 0.378127 0.174673 -0.1295 0.976073 0.38352 -0.983377 0.026973 0.179559 -0.490088 -0.0495805 -0.991212 -0.122636 0.441166 
1535121703436 0.240785 0.927673 -0.285385 -0.625708 -0.939205 0.296857 0.17254 -0.241552 0.24478 0.22649 0.942754 0.378208 0.174734 -0.129419 0.976073 0.383585 -0.983367 0.0269653 0.179616 -0.49017 -0.0495657 -0.991223 -0.122555 0.44108 
1535121703533 0.240897 0.927642 -0.285392 -0.625352 -0.939155 0.296985 0.172594 -0.241403 0.244862 0.226449 0.942742 0.37829 0.174795 -0.129338 0.976073 0.38365 -0.983357 0.0269578 0.179672 -0.490254 -0.049551 -0.991234 -0.122473 0.440995 
1535121703569 0.241008 0.927612 -0.285397 -0.624997 -0.939104 0.297112 0.172648 -0.241256 0.244945 0.226408 0.942731 0.378372 0.174856 -0.129256 0.976073 0.383715 -0.983347 0.0269501 0.179728 -0.490337 -0.0495362 -0.991245 -0.122391 0.440909 
1535121703594 0.24112 0.927581 -0.285403 -0.624642 -0.939054 0.29724 0.172701 -0.241108 0.245028 0.226367 0.942719 0.378454 0.174917 -0.129175 0.976073 0.38378 -0.983337 0.0269425 0.179784 -0.49042 -0.0495215 -0.991256 -0.12231 0.440824 
1535121703877 0.240572 0.927828 -0.285063 -0.625548 -0.93929 0.296566 0.172578 -0.241468 0.244662 0.226239 0.942845 0.378354 0.174751 -0.1293 0.976086 0.383639 -0.983357 0.0271239 0.179646 -0.490261 -0.0497035 -0.991234 -0.122408 0.440993 
1535121704012 0.240577 0.92778 -0.285212 -0.62516 -0.93918 0.296699 0.172946 -0.24136 0.245078 0.226259 0.942732 0.378452 0.177691 -0.129161 0.975573 0.383761 -0.983088 0.0213471 0.181886 -0.490664 -0.0443182 -0.991394 -0.123183 0.441163 
1535121704142 0.240582 0.927734 -0.28536 -0.624771 -0.93907 0.296832 0.173314 -0.241251 0.245493 0.226277 0.94262 0.37855 0.180631 -0.129004 0.975054 0.383885 -0.98278 0.0155692 0.184122 -0.491072 -0.0389332 -0.991522 -0.12397 0.441334 
1535121704169 0.240587 0.927687 -0.285509 -0.624381 -0.938961 0.296964 0.173682 -0.241142 0.245908 0.226296 0.942507 0.378648 0.183568 -0.12883 0.974528 0.384008 -0.982434 0.00979109 0.186352 -0.49148 -0.0335494 -0.991618 -0.124769 0.441505 
1535121704199 0.240592 0.92764 -0.285657 -0.623991 -0.938851 0.297096 0.17405 -0.241033 0.246323 0.226314 0.942394 0.378746 0.186504 -0.128638 0.973996 0.384132 -0.98205 0.00401305 0.188576 -0.491888 -0.0281669 -0.991683 -0.125581 0.441675 
1535121704397 0.240596 0.927593 -0.285805 -0.623602 -0.938741 0.297228 0.174418 -0.240924 0.246738 0.226332 0.942281 0.378845 0.189437 -0.12843 0.973457 0.384255 -0.981629 -0.00176449 0.190794 -0.492295 -0.022786 -0.991717 -0.126405 0.441846 
1535121704404 0.240601 0.927546 -0.285954 -0.623212 -0.93863 0.297361 0.174785 -0.240814 0.247153 0.226351 0.942168 0.378943 0.192368 -0.128204 0.972912 0.384379 -0.981169 -0.00754172 0.193006 -0.492705 -0.0174068 -0.991719 -0.127241 0.442017 
1535121704653 0.240606 0.927499 -0.286102 -0.622823 -0.93852 0.297493 0.175153 -0.240705 0.247568 0.226369 0.942055 0.379041 0.195296 -0.127961 0.972361 0.384503 -0.980671 -0.013318 0.195212 -0.493112 -0.0120297 -0.99169 -0.128089 0.442187 
1535121704818 0.240611 0.927452 -0.28625 -0.622433 -0.938409 0.297626 0.175521 -0.240596 0.247982 0.226388 0.941941 0.379139 0.198221 -0.127701 0.971803 0.384626 -0.980135 -0.0190935 0.197412 -0.493522 -0.00665463 -0.991629 -0.128949 0.442358 
1535121704995 0.240615 0.927405 -0.286399 -0.622044 -0.938298 0.297758 0.175888 -0.240487 0.248397 0.226406 0.941828 0.379237 0.201144 -0.127424 0.971239 0.38475 -0.979561 -0.0248675 0.199605 -0.49393 -0.00128209 -0.991537 -0.129821 0.442529 
1535121705199 0.240623 0.927422 -0.286337 -0.622298 -0.938341 0.297713 0.175734 -0.24052 0.248226 0.226396 0.941875 0.37924 0.191663 -0.128297 0.973039 0.384327 -0.981303 -0.00727515 0.192331 -0.492627 -0.0175966 -0.991709 -0.127293 0.441907 
1535121705206 0.240742 0.927296 -0.286646 -0.621942 -0.93828 0.297913 0.175721 -0.24037 0.248341 0.226651 0.941783 0.379366 0.19075 -0.127905 0.97327 0.384325 -0.981463 -0.00608904 0.191555 -0.492605 -0.0185746 -0.991768 -0.126696 0.441778 
1535121705225 0.240862 0.927168 -0.286956 -0.621583 -0.938219 0.298114 0.175707 -0.240217 0.248456 0.226907 0.941692 0.379492 0.189836 -0.127511 0.973501 0.384323 -0.981621 -0.00490194 0.190777 -0.49258 -0.0195542 -0.991825 -0.126098 0.44165 
1535121705411 0.240982 0.927041 -0.287267 -0.621223 -0.938158 0.298315 0.175692 -0.240065 0.24857 0.227163 0.9416 0.379618 0.188922 -0.127116 0.97373 0.384321 -0.981777 -0.00371517 0.189999 -0.492555 -0.0205343 -0.991881 -0.125501 0.441521 
1535121705472 0.241102 0.926914 -0.287577 -0.620863 -0.938097 0.298516 0.175678 -0.239912 0.248684 0.227418 0.941508 0.379745 0.188009 -0.126719 0.973958 0.384319 -0.981932 -0.00252868 0.189219 -0.49253 -0.0215149 -0.991935 -0.124905 0.441392 
1535121705677 0.241222 0.926786 -0.287887 -0.620502 -0.938036 0.298716 0.175663 -0.239759 0.248799 0.227674 0.941416 0.379872 0.187095 -0.126322 0.974186 0.384316 -0.982084 -0.00134247 0.188438 -0.492505 -0.0224961 -0.991988 -0.12431 0.441263 
1535121705717 0.241342 0.926659 -0.288197 -0.620143 -0.937975 0.298917 0.175648 -0.239607 0.248913 0.22793 0.941324 0.379998 0.186183 -0.125923 0.974412 0.384314 -0.982235 -0.000156685 0.187657 -0.492481 -0.0234777 -0.99204 -0.123715 0.441134 
1535121705921 0.241462 0.926531 -0.288507 -0.619782 -0.937913 0.299118 0.175634 -0.239454 0.249027 0.228186 0.941231 0.380125 0.18527 -0.125523 0.974638 0.384312 -0.982383 0.0010289 0.186875 -0.492455 -0.02446 -0.99209 -0.123121 0.441006 
1535121705985 0.241581 0.926403 -0.288817 -0.619422 -0.937852 0.299318 0.175619 -0.239302 0.249142 0.228441 0.941139 0.380251 0.184358 -0.125122 0.974862 0.384309 -0.98253 0.00221407 0.186092 -0.492431 -0.0254427 -0.992139 -0.122528 0.440877 
1535121706165 0.241701 0.926275 -0.289127 -0.619063 -0.937791 0.299519 0.175604 -0.239149 0.249256 0.228697 0.941047 0.380377 0.183446 -0.12472 0.975086 0.384307 -0.982675 0.0033989 0.185308 -0.492406 -0.0264259 -0.992186 -0.121936 0.440748 
1535121706436 0.24147 0.926405 -0.288904 -0.619293 -0.937912 0.2992 0.1755 -0.239159 0.249024 0.228589 0.941135 0.380288 0.184241 -0.124959 0.974905 0.384367 -0.982538 0.0027879 0.186041 -0.492345 -0.0259653 -0.992158 -0.122263 0.440853 
1535121706447 0.241406 0.926376 -0.28905 -0.619099 -0.937847 0.299242 0.175778 -0.239091 0.249333 0.228651 0.941038 0.380353 0.184132 -0.124655 0.974965 0.384365 -0.982562 0.00271693 0.185914 -0.492405 -0.0258241 -0.992196 -0.121981 0.440804 
1535121706453 0.241342 0.926347 -0.289198 -0.618901 -0.937781 0.299284 0.176057 -0.239021 0.249642 0.228714 0.94094 0.38042 0.184023 -0.124351 0.975024 0.384363 -0.982586 0.00264582 0.185788 -0.492466 -0.0256827 -0.992235 -0.121699 0.440755 
1535121706475 0.241278 0.926318 -0.289345 -0.618701 -0.937715 0.299327 0.176336 -0.23895 0.249952 0.228777 0.940843 0.380486 0.183914 -0.124047 0.975084 0.384362 -0.98261 0.00257475 0.185662 -0.492528 -0.0255413 -0.992273 -0.121416 0.440707 
1535121706612 0.241214 0.926288 -0.289492 -0.618502 -0.937649 0.29937 0.176614 -0.238879 0.250261 0.22884 0.940745 0.380552 0.183806 -0.123742 0.975143 0.38436 -0.982634 0.00250355 0.185536 -0.492589 -0.0254 -0.992311 -0.121133 0.440658 
1535121706665 0.24115 0.926259 -0.289639 -0.618304 -0.937583 0.299412 0.176893 -0.23881 0.25057 0.228903 0.940648 0.380618 0.183698 -0.123438 0.975202 0.384358 -0.982658 0.00243225 0.18541 -0.49265 -0.0252586 -0.992349 -0.12085 0.440609 
1535121706683 0.241086 0.92623 -0.289786 -0.618105 -0.937516 0.299455 0.177172 -0.238739 0.25088 0.228966 0.94055 0.380685 0.183589 -0.123134 0.975261 0.384357 -0.982682 0.00236108 0.185284 -0.492711 -0.0251174 -0.992387 -0.120568 0.44056 
1535121706717 0.241022 0.9262 -0.289933 -0.617907 -0.93745 0.299497 0.177451 -0.238669 0.251189 0.229028 0.940452 0.380751 0.183481 -0.122829 0.975319 0.384355 -0.982706 0.00228968 0.185158 -0.492772 -0.024976 -0.992425 -0.120285 0.440511 
1535121706823 0.240958 0.926171 -0.29008 -0.617707 -0.937384 0.29954 0.177729 -0.238598 0.251498 0.229091 0.940354 0.380818 0.183372 -0.122525 0.975378 0.384353 -0.98273 0.00221843 0.185032 -0.492833 -0.0248349 -0.992463 -0.120002 0.440463 
1535121706878 0.240893 0.926142 -0.290227 -0.617509 -0.937317 0.299583 0.178008 -0.238528 0.251807 0.229154 0.940256 0.380884 0.183263 -0.12222 0.975437 0.384352 -0.982754 0.00214694 0.184907 -0.492894 -0.0246936 -0.992501 -0.119719 0.440414 
1535121706922 0.240923 0.926373 -0.289462 -0.618372 -0.937662 0.299144 0.176929 -0.238658 0.250493 0.228791 0.940695 0.380588 0.183498 -0.123092 0.975283 0.384335 -0.982696 0.00252351 0.185211 -0.492772 -0.0252591 -0.992392 -0.120499 0.440526 
1535121706938 0.241055 0.926314 -0.289543 -0.618112 -0.937598 0.299312 0.176981 -0.238544 0.250604 0.228813 0.940661 0.380659 0.185451 -0.121691 0.975089 0.38434 -0.982452 -0.00287958 0.186492 -0.493037 -0.0198866 -0.992564 -0.12009 0.440567 
1535121707150 0.241188 0.926254 -0.289624 -0.617851 -0.937534 0.299481 0.177032 -0.23843 0.250714 0.228834 0.940626 0.38073 0.187408 -0.120298 0.974888 0.384347 -0.982175 -0.00828438 0.187787 -0.493303 -0.0145141 -0.992703 -0.119706 0.440613 
1535121707302 0.241321 0.926194 -0.289705 -0.61759 -0.937471 0.299649 0.177084 -0.238316 0.250824 0.228856 0.940591 0.380801 0.189357 -0.118894 0.974684 0.384354 -0.981866 -0.013687 0.189082 -0.493568 -0.00914031 -0.992813 -0.11933 0.440659 
1535121707307 0.241454 0.926134 -0.289786 -0.617328 -0.937407 0.299818 0.177136 -0.238202 0.250934 0.228877 0.940557 0.380872 0.191297 -0.11748 0.974476 0.384361 -0.981525 -0.0190875 0.19038 -0.493834 -0.0037655 -0.992892 -0.118961 0.440705 
1535121707524 0.241586 0.926074 -0.289866 -0.617067 -0.937343 0.299986 0.177187 -0.238087 0.251045 0.228898 0.940522 0.380943 0.19323 -0.116055 0.974266 0.384369 -0.981152 -0.0244855 0.191679 -0.4941 0.00161016 -0.992941 -0.118599 0.440751 
1535121707686 0.241719 0.926014 -0.289947 -0.616806 -0.93728 0.300155 0.177239 -0.237973 0.251155 0.22892 0.940488 0.381014 0.195154 -0.114619 0.974052 0.384376 -0.980748 -0.0298808 0.192979 -0.494365 0.00698638 -0.99296 -0.118243 0.440796 
1535121707829 0.241851 0.925955 -0.290028 -0.616544 -0.937216 0.300324 0.177291 -0.237859 0.251265 0.22894 0.940453 0.381085 0.19707 -0.113172 0.973835 0.384383 -0.980311 -0.0352734 0.194282 -0.494632 0.0123632 -0.992949 -0.117895 0.440842 
1535121707923 0.241984 0.925895 -0.290109 -0.616283 -0.937152 0.300492 0.177342 -0.237744 0.251375 0.228962 0.940418 0.381156 0.198978 -0.111715 0.973616 0.38439 -0.979843 -0.0406628 0.195585 -0.494897 0.0177403 -0.992908 -0.117554 0.440888 
1535121707968 0.242117 0.925835 -0.290189 -0.616022 -0.937088 0.300661 0.177393 -0.23763 0.251486 0.228983 0.940384 0.381228 0.200876 -0.110247 0.973393 0.384397 -0.979344 -0.0460491 0.196889 -0.495162 0.0231174 -0.992837 -0.11722 0.440934 
1535121708607 0.241788 0.925965 -0.290048 -0.616267 -0.937212 0.300286 0.177376 -0.237635 0.251341 0.228949 0.940431 0.381209 0.198484 -0.112098 0.973672 0.384353 -0.979949 -0.0403932 0.195113 -0.494807 0.0174579 -0.992876 -0.117868 0.440814 
1535121708709 0.241789 0.925989 -0.289968 -0.615977 -0.9372 0.300282 0.177447 -0.237526 0.251387 0.228854 0.940442 0.381289 0.198744 -0.113915 0.973409 0.384379 -0.979907 -0.0401413 0.195373 -0.494911 0.0168178 -0.992679 -0.119604 0.441101 
1535121708742 0.24182 0.925997 -0.289918 -0.615727 -0.937181 0.300312 0.177494 -0.237448 0.251425 0.228784 0.940449 0.38135 0.199002 -0.115733 0.973141 0.384405 -0.979866 -0.03989 0.195633 -0.495016 0.0161773 -0.992479 -0.121341 0.441387 
1535121708955 0.241852 0.926005 -0.289867 -0.615478 -0.937163 0.300342 0.177541 -0.237371 0.251463 0.228714 0.940455 0.38141 0.199259 -0.117551 0.972871 0.384431 -0.979824 -0.039639 0.195893 -0.495122 0.0155362 -0.992275 -0.123077 0.441674 
1535121708961 0.241884 0.926012 -0.289816 -0.615228 -0.937144 0.300372 0.177588 -0.237293 0.251502 0.228644 0.940462 0.381471 0.199515 -0.119368 0.972597 0.384457 -0.979782 -0.0393886 0.196154 -0.495228 0.0148948 -0.992069 -0.124813 0.441961 
1535121709159 0.241916 0.92602 -0.289766 -0.614978 -0.937126 0.300402 0.177635 -0.237215 0.25154 0.228574 0.940469 0.381531 0.19977 -0.121184 0.97232 0.384483 -0.979739 -0.039139 0.196416 -0.495333 0.0142531 -0.991858 -0.126548 0.442247 
1535121709176 0.241947 0.926027 -0.289715 -0.614729 -0.937107 0.300431 0.177682 -0.237138 0.251578 0.228504 0.940476 0.381591 0.200023 -0.123001 0.97204 0.384509 -0.979697 -0.0388894 0.196677 -0.495438 0.0136106 -0.991644 -0.128282 0.442534 
1535121709370 0.241979 0.926035 -0.289664 -0.61448 -0.937089 0.300461 0.177729 -0.237061 0.251616 0.228434 0.940482 0.381652 0.200275 -0.124817 0.971757 0.384534 -0.979654 -0.0386404 0.196939 -0.495544 0.0129678 -0.991427 -0.130016 0.442821 
1535121709468 0.242011 0.926042 -0.289614 -0.614229 -0.93707 0.300491 0.177776 -0.236982 0.251655 0.228365 0.940489 0.381712 0.200526 -0.126632 0.97147 0.384561 -0.979611 -0.0383921 0.197202 -0.495649 0.0123246 -0.991206 -0.131749 0.443107 
1535121709473 0.242042 0.92605 -0.289563 -0.61398 -0.937052 0.300521 0.177823 -0.236905 0.251693 0.228295 0.940496 0.381773 0.200776 -0.128448 0.97118 0.384586 -0.979567 -0.0381441 0.197465 -0.495755 0.0116808 -0.990982 -0.133482 0.443394 
1535121709856 0.241848 0.926129 -0.289472 -0.614209 -0.937096 0.300323 0.177923 -0.236884 0.251715 0.228233 0.940505 0.381757 0.200758 -0.127079 0.971363 0.384567 -0.97956 -0.0387536 0.197383 -0.495588 0.0125606 -0.991135 -0.132262 0.443326 
1535121709868 0.241829 0.926083 -0.289637 -0.613805 -0.936988 0.30044 0.178294 -0.236796 0.252134 0.22827 0.940384 0.381877 0.201279 -0.1278 0.971161 0.384593 -0.979438 -0.0401384 0.197713 -0.495754 0.0137132 -0.990987 -0.133251 0.443466 
1535121709875 0.241812 0.926035 -0.289803 -0.613397 -0.93688 0.300557 0.178666 -0.236705 0.252553 0.228307 0.940262 0.381997 0.201802 -0.12852 0.970958 0.38462 -0.979313 -0.0415229 0.198043 -0.495924 0.0148646 -0.990837 -0.13424 0.443606 
1535121710114 0.241794 0.925988 -0.289969 -0.612988 -0.936771 0.300675 0.179037 -0.236614 0.252973 0.228345 0.94014 0.382118 0.202326 -0.129238 0.970753 0.384647 -0.979187 -0.0429074 0.198371 -0.496094 0.0160153 -0.990685 -0.13523 0.443746 
1535121710121 0.241777 0.92594 -0.290136 -0.612579 -0.936662 0.300793 0.179408 -0.236523 0.253392 0.228383 0.940018 0.382239 0.202851 -0.129956 0.970548 0.384674 -0.979059 -0.0442923 0.198699 -0.496265 0.0171656 -0.99053 -0.13622 0.443886 
1535121710288 0.241759 0.925893 -0.290302 -0.61217 -0.936553 0.30091 0.179779 -0.236432 0.253811 0.22842 0.939896 0.38236 0.203376 -0.130673 0.970341 0.384701 -0.978929 -0.0456773 0.199025 -0.496435 0.0183153 -0.990373 -0.13721 0.444027 
1535121710295 0.241741 0.925845 -0.290468 -0.611762 -0.936444 0.301028 0.18015 -0.236342 0.25423 0.228458 0.939773 0.38248 0.203902 -0.13139 0.970134 0.384728 -0.978798 -0.0470623 0.199349 -0.496605 0.0194643 -0.990213 -0.1382 0.444167 
1535121710376 0.241724 0.925798 -0.290635 -0.611352 -0.936335 0.301146 0.180521 -0.236251 0.25465 0.228495 0.939651 0.382601 0.204429 -0.132105 0.969926 0.384756 -0.978664 -0.0484477 0.199672 -0.496776 0.0206129 -0.990051 -0.139191 0.444307 
1535121710578 0.241706 0.92575 -0.290801 -0.610944 -0.936226 0.301263 0.180892 -0.23616 0.255069 0.228532 0.939528 0.382722 0.204957 -0.13282 0.969717 0.384783 -0.978529 -0.049833 0.199994 -0.496946 0.0217608 -0.989887 -0.140182 0.444447 
1535121710674 0.241688 0.925703 -0.290967 -0.610536 -0.936116 0.301381 0.181263 -0.23607 0.255488 0.22857 0.939405 0.382842 0.205485 -0.133534 0.969507 0.38481 -0.978392 -0.0512186 0.200314 -0.497116 0.0229081 -0.98972 -0.141173 0.444587 
1535121711001 0.241571 0.925784 -0.290805 -0.610766 -0.936238 0.301156 0.181006 -0.236141 0.25515 0.228537 0.939505 0.382786 0.205165 -0.13302 0.969646 0.38483 -0.978478 -0.0502279 0.200143 -0.496945 0.0220802 -0.98984 -0.140462 0.444451 
1535121711012 0.241839 0.925694 -0.290869 -0.610417 -0.936172 0.30142 0.180907 -0.235993 0.255138 0.228553 0.939504 0.382897 0.206285 -0.13247 0.969483 0.384859 -0.978173 -0.0532101 0.200864 -0.497217 0.0249779 -0.989758 -0.140555 0.444442 
1535121711019 0.242107 0.925604 -0.290933 -0.610065 -0.936106 0.301685 0.180807 -0.235843 0.255126 0.22857 0.939503 0.383009 0.207407 -0.131916 0.96932 0.384889 -0.977857 -0.0561929 0.201587 -0.497495 0.0278763 -0.989667 -0.14065 0.444434 
1535121711242 0.242375 0.925513 -0.290997 -0.609712 -0.93604 0.301949 0.180707 -0.235692 0.255113 0.228586 0.939503 0.383121 0.208528 -0.13136 0.969155 0.38492 -0.977532 -0.0591749 0.20231 -0.497775 0.0307743 -0.989567 -0.140748 0.444427 
1535121711417 0.242643 0.925423 -0.291063 -0.609361 -0.935974 0.302214 0.180607 -0.235542 0.255101 0.228604 0.939502 0.383232 0.209646 -0.1308 0.968989 0.38495 -0.977198 -0.0621557 0.203031 -0.498051 0.0336718 -0.989458 -0.140848 0.444418 
