1535118412686 0.213561 0.919573 -0.329815 -0.493993 -0.94373 0.281454 0.173655 -0.210101 0.252516 0.27417 0.927936 0.439507 0.223314 -0.113519 0.968114 0.379662 -0.973334 -0.0794258 0.215205 -0.512672 0.0524634 -0.990356 -0.128228 0.443896 
1535118412701 0.217531 0.920372 -0.324955 -0.508538 -0.943111 0.283963 0.172934 -0.214254 0.251438 0.26885 0.929784 0.432908 0.216452 -0.114735 0.969528 0.379678 -0.975746 -0.058664 0.210898 -0.510762 0.0326789 -0.991662 -0.12465 0.443374 
1535118412708 0.221493 0.921134 -0.320083 -0.523079 -0.942482 0.286472 0.172224 -0.218404 0.250336 0.263526 0.931604 0.426304 0.20956 -0.115806 0.970914 0.379695 -0.977711 -0.0378729 0.20651 -0.508852 0.0128563 -0.99255 -0.121161 0.442851 
1535118413318 0.225447 0.921859 -0.315199 -0.53762 -0.941843 0.288982 0.171527 -0.222553 0.24921 0.258198 0.933396 0.4197 0.202641 -0.11673 0.972271 0.379711 -0.979228 -0.0170612 0.202042 -0.506941 -0.00699627 -0.993017 -0.117763 0.442329 
1535118413334 0.229392 0.922546 -0.310303 -0.552162 -0.941193 0.291493 0.170844 -0.226703 0.248062 0.252865 0.93516 0.413097 0.195698 -0.117507 0.973599 0.379728 -0.980296 0.00376178 0.197498 -0.505031 -0.0268698 -0.993065 -0.114455 0.441807 
1535118413966 0.233332 0.923195 -0.305396 -0.566695 -0.940533 0.294006 0.170171 -0.230847 0.246889 0.247529 0.936897 0.406489 0.188735 -0.118136 0.974896 0.379745 -0.980914 0.024586 0.19288 -0.503126 -0.0467549 -0.992693 -0.111241 0.441285 
1535118413972 0.23726 0.923808 -0.300476 -0.581235 -0.939862 0.296519 0.169514 -0.234996 0.245696 0.242187 0.938605 0.399885 0.181754 -0.118618 0.976164 0.379762 -0.981083 0.045403 0.188187 -0.501216 -0.0666432 -0.991901 -0.108122 0.440763 
1535118414181 0.24118 0.924383 -0.295545 -0.595775 -0.939181 0.299033 0.168871 -0.239145 0.24448 0.236842 0.940285 0.393281 0.174759 -0.118952 0.9774 0.379778 -0.980802 0.0662027 0.183424 -0.499305 -0.0865251 -0.99069 -0.105099 0.44024 
1535118415491 0.245092 0.924922 -0.290603 -0.610316 -0.93849 0.301547 0.168242 -0.243295 0.243241 0.231493 0.941937 0.386678 0.167752 -0.119138 0.978604 0.379794 -0.980071 0.0869757 0.178592 -0.497393 -0.106392 -0.989061 -0.102173 0.439718 
1535118415766 0.248997 0.925419 -0.285657 -0.624819 -0.937788 0.304066 0.167622 -0.247426 0.241979 0.226149 0.943559 0.380081 0.160742 -0.119175 0.979775 0.379813 -0.978891 0.107711 0.173698 -0.495496 -0.126233 -0.987013 -0.0993461 0.439196 
1535118417416 0.249534 0.924971 -0.286639 -0.624608 -0.937774 0.304636 0.166665 -0.24764 0.241481 0.227214 0.94343 0.379861 0.161105 -0.119315 0.979699 0.3798 -0.978874 0.10731 0.174038 -0.495676 -0.125897 -0.98704 -0.0995061 0.439222 
1535118417427 0.249871 0.925064 -0.286044 -0.626082 -0.937704 0.304831 0.1667 -0.248033 0.241403 0.226572 0.943605 0.379223 0.164649 -0.120261 0.978993 0.379795 -0.979271 0.0987875 0.176831 -0.496013 -0.117978 -0.987815 -0.101503 0.439745 
1535118417512 0.250206 0.925157 -0.285449 -0.627563 -0.937635 0.305025 0.166735 -0.248429 0.241326 0.225929 0.943779 0.378583 0.168201 -0.121177 0.978276 0.379792 -0.97959 0.0902542 0.179606 -0.496357 -0.110058 -0.988519 -0.103522 0.440269 
1535118417749 0.250541 0.92525 -0.284854 -0.629042 -0.937565 0.305219 0.166771 -0.248825 0.241247 0.225287 0.943952 0.377944 0.171758 -0.122061 0.977548 0.379788 -0.97983 0.0817122 0.182362 -0.496699 -0.102137 -0.989153 -0.105564 0.440793 
1535118417764 0.250876 0.925342 -0.284259 -0.630521 -0.937496 0.305413 0.166806 -0.24922 0.241169 0.224644 0.944125 0.377305 0.17532 -0.122914 0.976808 0.379784 -0.979993 0.073162 0.185098 -0.497041 -0.0942165 -0.989717 -0.107629 0.441316 
1535118418060 0.251211 0.925434 -0.283664 -0.632001 -0.937427 0.305606 0.166842 -0.249616 0.241091 0.224002 0.944298 0.376666 0.178888 -0.123737 0.976058 0.37978 -0.980078 0.0646044 0.187814 -0.497384 -0.0862972 -0.99021 -0.109714 0.44184 
1535118418315 0.251545 0.925525 -0.283069 -0.63348 -0.937357 0.3058 0.166878 -0.250012 0.241012 0.223359 0.94447 0.376027 0.18246 -0.124527 0.975296 0.379777 -0.980084 0.0560401 0.190511 -0.497727 -0.0783795 -0.990632 -0.111822 0.442363 
1535118418704 0.25188 0.925616 -0.282473 -0.634959 -0.937287 0.305994 0.166914 -0.250407 0.240933 0.222717 0.944642 0.375388 0.186036 -0.125287 0.974522 0.379773 -0.980013 0.0474698 0.193187 -0.498069 -0.0704642 -0.990984 -0.113951 0.442887 
1535118418796 0.252215 0.925707 -0.281878 -0.636439 -0.937218 0.306187 0.16695 -0.250803 0.240854 0.222074 0.944814 0.374748 0.189617 -0.126014 0.973738 0.379769 -0.979864 0.0388941 0.195843 -0.498411 -0.0625517 -0.991266 -0.116102 0.443411 
1535118419256 0.25255 0.925796 -0.281282 -0.637918 -0.937148 0.306381 0.166986 -0.251198 0.240775 0.221431 0.944985 0.374109 0.193201 -0.126711 0.972943 0.379765 -0.979636 0.0303139 0.198478 -0.498753 -0.054643 -0.991476 -0.118274 0.443934 
1535118419837 0.252873 0.925556 -0.281783 -0.637736 -0.937085 0.306759 0.166648 -0.251374 0.240681 0.221914 0.944895 0.374065 0.192742 -0.126661 0.97304 0.379783 -0.979697 0.0309199 0.198086 -0.498613 -0.0551761 -0.991464 -0.11813 0.443799 
1535118419852 0.252468 0.925524 -0.28225 -0.63807 -0.937007 0.306628 0.167323 -0.251559 0.241407 0.222226 0.944637 0.374065 0.194741 -0.126661 0.972642 0.379821 -0.979668 0.023638 0.199226 -0.498765 -0.0482256 -0.991664 -0.119483 0.444092 
1535118419863 0.252074 0.925482 -0.282741 -0.638396 -0.936925 0.306514 0.167993 -0.251746 0.242138 0.22256 0.944371 0.37407 0.196741 -0.126646 0.972242 0.379861 -0.979586 0.0163548 0.200358 -0.498923 -0.0412753 -0.991813 -0.120843 0.444386 
1535118420120 0.251679 0.925439 -0.283231 -0.638722 -0.936842 0.306399 0.168663 -0.251932 0.242869 0.222894 0.944104 0.374075 0.198741 -0.126615 0.971839 0.3799 -0.979451 0.00907088 0.201479 -0.49908 -0.0343257 -0.99191 -0.122211 0.44468 
1535118420205 0.251284 0.925396 -0.283722 -0.639048 -0.936758 0.306285 0.169333 -0.252119 0.2436 0.223228 0.943837 0.374079 0.200739 -0.12657 0.971434 0.37994 -0.979262 0.00178642 0.20259 -0.499237 -0.0273772 -0.991956 -0.123587 0.444974 
1535118420282 0.250888 0.925353 -0.284212 -0.639374 -0.936674 0.306172 0.170003 -0.252305 0.24433 0.223562 0.943569 0.374084 0.202737 -0.12651 0.971027 0.379979 -0.97902 -0.00549791 0.20369 -0.499393 -0.0204301 -0.99195 -0.12497 0.445268 
1535118420501 0.250492 0.92531 -0.284702 -0.6397 -0.936589 0.306058 0.170672 -0.252492 0.24506 0.223896 0.943301 0.374089 0.204734 -0.126435 0.970617 0.380019 -0.978725 -0.0127821 0.204779 -0.499552 -0.0134847 -0.991893 -0.126362 0.445562 
1535118420668 0.250096 0.925266 -0.285191 -0.640026 -0.936504 0.305945 0.171342 -0.252678 0.24579 0.224231 0.943031 0.374094 0.20673 -0.126345 0.970206 0.380058 -0.978376 -0.0200654 0.205858 -0.499708 -0.00654156 -0.991783 -0.127761 0.445856 
1535118420768 0.249699 0.925223 -0.28568 -0.640353 -0.936418 0.305832 0.172012 -0.252865 0.24652 0.224565 0.942761 0.374098 0.208725 -0.12624 0.969792 0.380098 -0.977974 -0.0273477 0.206926 -0.499866 0.000399165 -0.991623 -0.129168 0.44615 
1535118420774 0.249302 0.925179 -0.286169 -0.640678 -0.936331 0.30572 0.172682 -0.253051 0.247249 0.224899 0.94249 0.374103 0.210718 -0.126121 0.969377 0.380137 -0.977519 -0.0346282 0.207983 -0.500023 0.00733685 -0.99141 -0.130582 0.446444 
1535118421433 0.249869 0.925108 -0.285902 -0.640418 -0.936342 0.306063 0.172012 -0.253082 0.246634 0.224722 0.942694 0.374102 0.208229 -0.126216 0.969902 0.380056 -0.97808 -0.0264261 0.206546 -0.499811 -0.00043865 -0.991651 -0.128952 0.44601 
1535118421450 0.249335 0.925228 -0.28598 -0.640369 -0.936437 0.305612 0.172301 -0.253123 0.246817 0.224842 0.942617 0.374186 0.208965 -0.127359 0.969594 0.380064 -0.977922 -0.028734 0.206986 -0.499868 0.00149891 -0.99144 -0.130551 0.446209 
1535118421575 0.248801 0.925348 -0.286059 -0.640319 -0.93653 0.305161 0.17259 -0.253163 0.247 0.224962 0.942541 0.374269 0.209705 -0.1285 0.969284 0.380073 -0.977759 -0.0310429 0.207423 -0.499931 0.00343551 -0.991223 -0.132152 0.446408 
1535118421600 0.248266 0.925468 -0.286136 -0.64027 -0.936624 0.30471 0.17288 -0.253204 0.247183 0.225082 0.942464 0.374353 0.210446 -0.12964 0.968972 0.380082 -0.977591 -0.0333521 0.207856 -0.499993 0.00537086 -0.991 -0.133753 0.446608 
1535118421756 0.247731 0.925587 -0.286214 -0.64022 -0.936717 0.304258 0.173169 -0.253244 0.247366 0.225202 0.942387 0.374436 0.21119 -0.130777 0.968657 0.380092 -0.977418 -0.0356617 0.208285 -0.500057 0.007305 -0.99077 -0.135355 0.446807 
1535118421777 0.247196 0.925706 -0.286291 -0.640171 -0.93681 0.303807 0.173459 -0.253285 0.247549 0.225322 0.942311 0.37452 0.211936 -0.131912 0.96834 0.380101 -0.97724 -0.0379716 0.208711 -0.50012 0.00923789 -0.990534 -0.136958 0.447006 
1535118421782 0.246661 0.925825 -0.286368 -0.640122 -0.936903 0.303355 0.173748 -0.253326 0.247732 0.225443 0.942234 0.374604 0.212684 -0.133046 0.968021 0.38011 -0.977057 -0.0402818 0.209133 -0.500182 0.0111694 -0.990291 -0.138561 0.447206 
1535118421789 0.246126 0.925943 -0.286446 -0.640072 -0.936995 0.302904 0.174038 -0.253366 0.247914 0.225563 0.942157 0.374687 0.213434 -0.134177 0.9677 0.38012 -0.97687 -0.0425924 0.209551 -0.500246 0.0130997 -0.990042 -0.140164 0.447405 
1535118421971 0.245591 0.926062 -0.286522 -0.640023 -0.937087 0.302452 0.174327 -0.253407 0.248097 0.225683 0.94208 0.374771 0.214186 -0.135306 0.967376 0.380129 -0.976677 -0.0449032 0.209965 -0.500308 0.0150287 -0.989786 -0.141768 0.447605 
1535118422001 0.245056 0.92618 -0.286599 -0.639973 -0.937179 0.302 0.174617 -0.253447 0.248279 0.225804 0.942003 0.374854 0.214941 -0.136434 0.96705 0.380138 -0.97648 -0.0472144 0.210375 -0.500372 0.0169564 -0.989523 -0.143373 0.447804 
1535118422393 0.245968 0.925965 -0.286512 -0.640052 -0.936999 0.3028 0.174198 -0.253427 0.248057 0.225614 0.942107 0.374753 0.214641 -0.13575 0.967213 0.380151 -0.976568 -0.0456736 0.210307 -0.500268 0.0156269 -0.98969 -0.142373 0.447542 
1535118422411 0.245465 0.92624 -0.286052 -0.639975 -0.937189 0.30218 0.174251 -0.253526 0.247837 0.225313 0.942237 0.374762 0.214424 -0.136525 0.967152 0.380155 -0.976603 -0.046579 0.209944 -0.500273 0.0163863 -0.989541 -0.143319 0.447694 
1535118422449 0.244961 0.926516 -0.285592 -0.639902 -0.937379 0.301561 0.174303 -0.253627 0.247618 0.22501 0.942367 0.37477 0.214207 -0.137301 0.96709 0.380158 -0.976638 -0.0474834 0.209581 -0.500277 0.0171453 -0.989391 -0.144264 0.447846 
1535118422515 0.244457 0.926791 -0.28513 -0.639831 -0.937569 0.300941 0.174355 -0.253728 0.247398 0.224707 0.942497 0.374778 0.213991 -0.138076 0.967028 0.380162 -0.976672 -0.0483875 0.209216 -0.500281 0.0179044 -0.989239 -0.145209 0.447999 
1535118422546 0.243953 0.927065 -0.284669 -0.639759 -0.937758 0.300321 0.174407 -0.253829 0.247179 0.224404 0.942627 0.374785 0.213775 -0.138851 0.966965 0.380166 -0.976705 -0.0492911 0.20885 -0.500285 0.0186636 -0.989086 -0.146154 0.448151 
1535118422706 0.243449 0.927339 -0.284208 -0.639685 -0.937946 0.299701 0.174459 -0.25393 0.24696 0.224101 0.942756 0.374794 0.21356 -0.139627 0.966901 0.380169 -0.976737 -0.0501943 0.208484 -0.500289 0.0194231 -0.988931 -0.147098 0.448303 
1535118422760 0.242944 0.927613 -0.283747 -0.639614 -0.938135 0.299081 0.17451 -0.254031 0.246741 0.223797 0.942886 0.374801 0.213345 -0.140402 0.966836 0.380173 -0.976768 -0.0510974 0.208117 -0.500294 0.0201828 -0.988775 -0.148042 0.448455 
1535118422767 0.242439 0.927886 -0.283286 -0.639542 -0.938323 0.29846 0.174561 -0.254132 0.246522 0.223493 0.943015 0.374809 0.213131 -0.141178 0.96677 0.380176 -0.976799 -0.052 0.207748 -0.500298 0.0209426 -0.988618 -0.148985 0.448607 
1535118422885 0.241934 0.928158 -0.282824 -0.639469 -0.938511 0.29784 0.174612 -0.254233 0.246304 0.223189 0.943144 0.374817 0.212918 -0.141953 0.966703 0.38018 -0.976829 -0.0529024 0.207379 -0.500302 0.0217027 -0.988459 -0.149928 0.44876 
1535118422949 0.241429 0.92843 -0.282363 -0.639396 -0.938698 0.297219 0.174662 -0.254334 0.246085 0.222885 0.943273 0.374825 0.212705 -0.142729 0.966636 0.380184 -0.976858 -0.0538044 0.20701 -0.500306 0.022463 -0.988298 -0.150871 0.448912 
1535118423223 0.241908 0.928172 -0.282802 -0.639489 -0.938512 0.297815 0.174648 -0.254145 0.246326 0.223164 0.943144 0.374879 0.21301 -0.141753 0.966712 0.380167 -0.976814 -0.0526608 0.207513 -0.500273 0.0214922 -0.9885 -0.149684 0.448745 
1535118423235 0.242356 0.92807 -0.282754 -0.639461 -0.938412 0.298219 0.174495 -0.254124 0.246266 0.22305 0.943187 0.374843 0.213011 -0.142259 0.966638 0.380178 -0.976798 -0.0534738 0.20738 -0.500325 0.0221881 -0.988384 -0.150349 0.448838 
1535118423255 0.242803 0.927967 -0.282708 -0.639426 -0.938312 0.298623 0.174341 -0.2541 0.246206 0.222938 0.943229 0.374809 0.213015 -0.142764 0.966563 0.380191 -0.976781 -0.0542879 0.207248 -0.500384 0.022885 -0.988267 -0.151013 0.448932 
1535118423275 0.24325 0.927864 -0.282662 -0.639393 -0.938212 0.299027 0.174188 -0.254077 0.246146 0.222825 0.943271 0.374774 0.213019 -0.143269 0.966487 0.380204 -0.976764 -0.0551017 0.207115 -0.500441 0.0235818 -0.988149 -0.151678 0.449026 
1535118423285 0.243698 0.927761 -0.282615 -0.639359 -0.938111 0.299431 0.174035 -0.254054 0.246086 0.222713 0.943314 0.374739 0.213023 -0.143774 0.966411 0.380217 -0.976746 -0.0559154 0.206982 -0.500499 0.0242786 -0.98803 -0.152342 0.449119 
1535118423373 0.244145 0.927657 -0.282569 -0.639325 -0.938011 0.299835 0.173881 -0.25403 0.246026 0.2226 0.943356 0.374705 0.213027 -0.144279 0.966335 0.38023 -0.976727 -0.0567291 0.206848 -0.500557 0.0249754 -0.98791 -0.153006 0.449213 
1535118423412 0.244592 0.927554 -0.282522 -0.639292 -0.93791 0.300238 0.173728 -0.254007 0.245966 0.222488 0.943398 0.37467 0.213032 -0.144784 0.966258 0.380242 -0.976708 -0.0575425 0.206714 -0.500613 0.0256721 -0.987789 -0.15367 0.449307 
1535118423488 0.245039 0.92745 -0.282475 -0.639258 -0.937809 0.300642 0.173575 -0.253983 0.245906 0.222376 0.94344 0.374635 0.213037 -0.145289 0.966181 0.380255 -0.976688 -0.058356 0.206579 -0.500671 0.0263689 -0.987667 -0.154334 0.4494 
1535118423500 0.245486 0.927346 -0.282429 -0.639225 -0.937708 0.301046 0.173421 -0.25396 0.245845 0.222263 0.943482 0.3746 0.213043 -0.145794 0.966104 0.380268 -0.976668 -0.0591693 0.206443 -0.500728 0.0270655 -0.987544 -0.154998 0.449494 
1535118423665 0.245933 0.927242 -0.282382 -0.63919 -0.937607 0.301449 0.173268 -0.253936 0.245785 0.222151 0.943525 0.374566 0.213049 -0.146298 0.966026 0.38028 -0.976647 -0.0599825 0.206307 -0.500786 0.0277623 -0.98742 -0.155661 0.449588 
1535118423869 0.245009 0.927509 -0.282307 -0.639254 -0.937795 0.300602 0.173721 -0.253881 0.24599 0.222183 0.943464 0.374707 0.21315 -0.145394 0.966141 0.380241 -0.976659 -0.0585664 0.206657 -0.500671 0.0265367 -0.987639 -0.154484 0.449402 
1535118423880 0.245549 0.927368 -0.282301 -0.639052 -0.937626 0.301141 0.173699 -0.253799 0.246095 0.222041 0.94347 0.374772 0.209554 -0.144289 0.967092 0.380163 -0.977628 -0.0493098 0.20448 -0.500495 0.018183 -0.988306 -0.151394 0.448668 
1535118423892 0.246088 0.927227 -0.282296 -0.638849 -0.937457 0.30168 0.173678 -0.253717 0.246202 0.2219 0.943475 0.374837 0.205963 -0.143151 0.968033 0.380084 -0.97851 -0.0400508 0.20227 -0.500314 0.00981536 -0.98889 -0.148323 0.447933 
1535118424079 0.246628 0.927085 -0.28229 -0.638646 -0.937287 0.302219 0.173657 -0.253634 0.246308 0.221758 0.943481 0.374902 0.202381 -0.141978 0.96896 0.380004 -0.979306 -0.0307913 0.20003 -0.500133 0.00143566 -0.989391 -0.145271 0.447198 
1535118424173 0.247167 0.926943 -0.282285 -0.638443 -0.937117 0.302758 0.173636 -0.253552 0.246415 0.221617 0.943486 0.374968 0.198807 -0.14077 0.969876 0.379925 -0.980014 -0.021532 0.19776 -0.499952 -0.00695543 -0.989808 -0.142238 0.446463 
1535118424255 0.247706 0.926801 -0.282278 -0.63824 -0.936947 0.303296 0.173615 -0.253469 0.246521 0.221474 0.943492 0.375033 0.195242 -0.139529 0.970779 0.379846 -0.980635 -0.012274 0.19546 -0.499773 -0.015357 -0.990142 -0.139223 0.445729 
1535118424269 0.248245 0.926658 -0.282273 -0.638037 -0.936776 0.303835 0.173594 -0.253387 0.246627 0.221333 0.943497 0.375098 0.191685 -0.138253 0.97167 0.379767 -0.981169 -0.00301776 0.19313 -0.499591 -0.0237685 -0.990392 -0.136228 0.444994 
1535118424303 0.248784 0.926516 -0.282267 -0.637834 -0.936605 0.304373 0.173573 -0.253304 0.246733 0.221191 0.943503 0.375164 0.188138 -0.136943 0.972548 0.379688 -0.981615 0.00623537 0.19077 -0.499411 -0.0321889 -0.990559 -0.133252 0.444259 
1535118424589 0.249324 0.926372 -0.282262 -0.637631 -0.936434 0.304912 0.173552 -0.253221 0.246839 0.221049 0.943508 0.375229 0.1846 -0.135599 0.973414 0.379608 -0.981974 0.015485 0.188381 -0.499229 -0.0406176 -0.990643 -0.130296 0.443524 
1535118424688 0.249862 0.926229 -0.282256 -0.637428 -0.936262 0.30545 0.173531 -0.253139 0.246945 0.220907 0.943514 0.375294 0.181073 -0.134221 0.974267 0.379529 -0.982246 0.0247298 0.185963 -0.499048 -0.0490536 -0.990643 -0.127361 0.442789 
1535118425057 0.249231 0.926446 -0.282102 -0.637637 -0.93646 0.304792 0.173619 -0.25316 0.246831 0.220907 0.943544 0.375303 0.195761 -0.139568 0.970669 0.379916 -0.980545 -0.013268 0.195845 -0.499831 -0.0144548 -0.990124 -0.13945 0.446049 
1535118425064 0.249575 0.92641 -0.281916 -0.637258 -0.936451 0.305012 0.173284 -0.253034 0.246519 0.220753 0.943661 0.375432 0.198503 -0.139016 0.970191 0.380012 -0.980057 -0.0188572 0.197819 -0.500178 -0.00920501 -0.990111 -0.139987 0.446196 
1535118425078 0.249918 0.926374 -0.281729 -0.636876 -0.936442 0.305231 0.172948 -0.252906 0.246207 0.2206 0.943778 0.375562 0.201243 -0.138448 0.969708 0.380109 -0.979533 -0.0244454 0.199791 -0.50053 -0.00395584 -0.990068 -0.140534 0.446343 
1535118425086 0.250262 0.926338 -0.281543 -0.636495 -0.936432 0.305451 0.172613 -0.252778 0.245895 0.220447 0.943895 0.375691 0.203978 -0.137864 0.969219 0.380207 -0.978975 -0.0300317 0.201759 -0.500883 0.00129187 -0.989996 -0.141091 0.44649 
1535118425332 0.250606 0.926302 -0.281356 -0.636113 -0.936422 0.305671 0.172277 -0.25265 0.245583 0.220294 0.944012 0.375821 0.20671 -0.137265 0.968726 0.380304 -0.97838 -0.0356159 0.203723 -0.501236 0.006538 -0.989894 -0.14166 0.446637 
1535118425516 0.25095 0.926266 -0.28117 -0.63573 -0.936411 0.305892 0.171942 -0.252522 0.245271 0.220142 0.944129 0.375951 0.209437 -0.13665 0.968227 0.380402 -0.977751 -0.0411979 0.205683 -0.501589 0.0117823 -0.989762 -0.142238 0.446784 
1535118425698 0.251293 0.926229 -0.280983 -0.635349 -0.936401 0.306112 0.171607 -0.252394 0.244959 0.219989 0.944246 0.37608 0.21216 -0.13602 0.967723 0.380499 -0.977087 -0.0467772 0.207638 -0.501941 0.0170246 -0.989601 -0.142827 0.446932 
1535118425769 0.251636 0.926193 -0.280796 -0.634966 -0.93639 0.306332 0.171271 -0.252266 0.244647 0.219836 0.944362 0.37621 0.214878 -0.135374 0.967213 0.380597 -0.976387 -0.052354 0.209588 -0.502295 0.0222647 -0.98941 -0.143427 0.447079 
1535118425918 0.25198 0.926156 -0.280609 -0.634584 -0.93638 0.306552 0.170936 -0.252138 0.244334 0.219684 0.944479 0.37634 0.217591 -0.134712 0.966699 0.380694 -0.975652 -0.0579278 0.211534 -0.502647 0.0275024 -0.98919 -0.144037 0.447226 
1535118426189 0.252323 0.926119 -0.280421 -0.634202 -0.936369 0.306772 0.1706 -0.25201 0.244022 0.219532 0.944595 0.37647 0.2203 -0.134036 0.966179 0.380792 -0.974883 -0.0634986 0.213475 -0.503001 0.0327377 -0.98894 -0.144658 0.447373 
1535118426969 0.252098 0.926159 -0.280492 -0.634423 -0.936401 0.306596 0.170741 -0.252082 0.244131 0.219609 0.944549 0.376436 0.21401 -0.135627 0.96737 0.380435 -0.976594 -0.0515605 0.208821 -0.502309 0.0215563 -0.989417 -0.143487 0.446666 
1535118426978 0.252191 0.926127 -0.280516 -0.63396 -0.936303 0.306754 0.170991 -0.251918 0.244408 0.219526 0.944496 0.376554 0.213325 -0.136846 0.96735 0.380487 -0.976811 -0.0483523 0.208571 -0.502379 0.0182314 -0.989411 -0.143988 0.446657 
1535118427133 0.252285 0.926093 -0.280542 -0.633492 -0.936206 0.306913 0.171239 -0.251752 0.244685 0.219444 0.944444 0.376673 0.212634 -0.138063 0.967329 0.380539 -0.977018 -0.0451424 0.208321 -0.502448 0.0149062 -0.989394 -0.144489 0.446648 
1535118427140 0.252379 0.92606 -0.280567 -0.633025 -0.936108 0.307072 0.171487 -0.251585 0.244961 0.219362 0.944391 0.376792 0.211939 -0.139277 0.967308 0.380591 -0.977214 -0.0419317 0.208072 -0.502517 0.0115813 -0.989365 -0.14499 0.44664 
1535118427429 0.252473 0.926027 -0.280593 -0.632557 -0.936011 0.307232 0.171735 -0.251419 0.245238 0.219279 0.944338 0.376911 0.21124 -0.140488 0.967285 0.380643 -0.977399 -0.0387202 0.207825 -0.502585 0.00825652 -0.989325 -0.145492 0.446631 
1535118427646 0.252567 0.925993 -0.280619 -0.632088 -0.935913 0.307391 0.171983 -0.251252 0.245514 0.219197 0.944286 0.37703 0.210537 -0.141697 0.967262 0.380695 -0.977574 -0.0355079 0.207579 -0.502654 0.00493202 -0.989273 -0.145995 0.446622 
1535118427886 0.252661 0.92596 -0.280644 -0.63162 -0.935815 0.30755 0.17223 -0.251085 0.245791 0.219115 0.944233 0.377149 0.209829 -0.142904 0.967239 0.380746 -0.977737 -0.0322947 0.207335 -0.502722 0.00160773 -0.98921 -0.146499 0.446613 
1535118428092 0.252754 0.925926 -0.28067 -0.631152 -0.935717 0.307709 0.172478 -0.250919 0.246067 0.219033 0.94418 0.377268 0.209118 -0.144108 0.967214 0.380798 -0.977889 -0.0290813 0.207093 -0.502791 -0.00171593 -0.989135 -0.147003 0.446604 
1535118428152 0.252848 0.925893 -0.280696 -0.630683 -0.935619 0.307868 0.172726 -0.250752 0.246343 0.218951 0.944127 0.377387 0.208402 -0.14531 0.967189 0.38085 -0.97803 -0.0258669 0.206852 -0.502859 -0.00503947 -0.989048 -0.147508 0.446595 
1535118428297 0.252942 0.925859 -0.280722 -0.630216 -0.935521 0.308027 0.172974 -0.250586 0.24662 0.218868 0.944074 0.377506 0.207682 -0.146509 0.967162 0.380902 -0.978161 -0.0226521 0.206613 -0.502928 -0.00836244 -0.98895 -0.148014 0.446586 
1535118428622 0.25278 0.925933 -0.280626 -0.63037 -0.9356 0.307823 0.17291 -0.250667 0.246487 0.218846 0.944114 0.377477 0.208732 -0.144786 0.967196 0.380866 -0.977963 -0.0265347 0.207083 -0.502808 -0.00431857 -0.989107 -0.147134 0.446544 
1535118428636 0.252721 0.925959 -0.280593 -0.630032 -0.935616 0.30776 0.172933 -0.250504 0.246484 0.218824 0.94412 0.37753 0.207355 -0.144016 0.967607 0.380874 -0.978246 -0.0241903 0.206035 -0.502795 -0.00626561 -0.98928 -0.145899 0.446182 
1535118428651 0.252662 0.925985 -0.280561 -0.629691 -0.935633 0.307698 0.172954 -0.250339 0.246481 0.218803 0.944125 0.377584 0.205979 -0.143242 0.968016 0.380881 -0.978522 -0.0218456 0.204982 -0.502777 -0.00821514 -0.989447 -0.144665 0.44582 
1535118428656 0.252604 0.92601 -0.280528 -0.629349 -0.935649 0.307635 0.172976 -0.250174 0.246478 0.218782 0.944131 0.377638 0.204604 -0.142465 0.968422 0.380888 -0.978792 -0.0195017 0.203926 -0.50276 -0.0101664 -0.989608 -0.143433 0.445458 
1535118428886 0.252546 0.926036 -0.280496 -0.629007 -0.935666 0.307573 0.172997 -0.250009 0.246475 0.218761 0.944137 0.377692 0.20323 -0.141684 0.968826 0.380895 -0.979056 -0.0171585 0.202866 -0.502742 -0.0121193 -0.989763 -0.142204 0.445096 
1535118428909 0.252488 0.926062 -0.280464 -0.628664 -0.935683 0.307511 0.173018 -0.249843 0.246471 0.21874 0.944142 0.377747 0.201857 -0.1409 0.969227 0.380902 -0.979314 -0.014816 0.201804 -0.502724 -0.014074 -0.989913 -0.140976 0.444733 
1535118429148 0.252429 0.926087 -0.280432 -0.628323 -0.935699 0.307448 0.17304 -0.249679 0.246468 0.218719 0.944148 0.377801 0.200485 -0.140112 0.969626 0.380909 -0.979566 -0.0124745 0.200738 -0.502708 -0.0160302 -0.990057 -0.13975 0.444371 
1535118429331 0.252371 0.926113 -0.280399 -0.62798 -0.935716 0.307386 0.173061 -0.249513 0.246465 0.218698 0.944154 0.377855 0.199115 -0.139321 0.970022 0.380915 -0.979811 -0.0101336 0.199669 -0.50269 -0.0179882 -0.990195 -0.138526 0.444009 
1535118429338 0.252313 0.926138 -0.280367 -0.627639 -0.935732 0.307323 0.173082 -0.249348 0.246462 0.218677 0.944159 0.377909 0.197746 -0.138527 0.970416 0.380922 -0.98005 -0.00779373 0.198597 -0.502673 -0.0199478 -0.990328 -0.137304 0.443647 
1535118429350 0.252255 0.926164 -0.280335 -0.627296 -0.935749 0.307261 0.173104 -0.249182 0.246458 0.218657 0.944165 0.377963 0.196378 -0.137729 0.970807 0.380929 -0.980283 -0.00545451 0.197521 -0.502654 -0.0219091 -0.990455 -0.136084 0.443285 
1535118429980 0.252327 0.926151 -0.280312 -0.62748 -0.935776 0.307284 0.172914 -0.249308 0.246279 0.218679 0.944207 0.377907 0.197015 -0.138158 0.970617 0.380997 -0.980178 -0.00666716 0.198007 -0.50265 -0.0208849 -0.990388 -0.136733 0.443479 
1535118429992 0.252359 0.926101 -0.280448 -0.627173 -0.935752 0.307354 0.17292 -0.249153 0.246338 0.218791 0.944165 0.378017 0.198279 -0.139101 0.970225 0.381071 -0.979971 -0.0094763 0.198913 -0.502818 -0.0184748 -0.990233 -0.138194 0.443799 
1535118430001 0.252391 0.926051 -0.280584 -0.626863 -0.935728 0.307423 0.172926 -0.248996 0.246396 0.218905 0.944124 0.378129 0.199548 -0.140041 0.96983 0.381146 -0.979756 -0.0122881 0.199816 -0.502991 -0.0160649 -0.99007 -0.139658 0.444119 
1535118430256 0.252424 0.926001 -0.28072 -0.626552 -0.935704 0.307493 0.172931 -0.24884 0.246454 0.219019 0.944082 0.37824 0.200818 -0.140976 0.969432 0.381221 -0.979533 -0.0151007 0.200714 -0.503165 -0.0136569 -0.989898 -0.141123 0.444439 
1535118430264 0.252456 0.925951 -0.280856 -0.626241 -0.93568 0.307563 0.172937 -0.248683 0.246512 0.219133 0.944041 0.378351 0.20209 -0.141908 0.969031 0.381296 -0.979302 -0.0179141 0.201609 -0.503339 -0.0112505 -0.989718 -0.142591 0.44476 
1535118430461 0.252488 0.925901 -0.280993 -0.625929 -0.935656 0.307633 0.172943 -0.248525 0.24657 0.219247 0.943999 0.378463 0.203365 -0.142836 0.968628 0.381371 -0.979063 -0.0207282 0.202499 -0.503513 -0.00884608 -0.989529 -0.14406 0.44508 
1535118430555 0.25252 0.925851 -0.281129 -0.625619 -0.935632 0.307702 0.172948 -0.248369 0.246628 0.21936 0.943957 0.378574 0.204641 -0.143759 0.968223 0.381446 -0.978816 -0.0235429 0.203384 -0.503685 -0.00644358 -0.989333 -0.145532 0.4454 
1535118430784 0.252552 0.925801 -0.281265 -0.625307 -0.935608 0.307772 0.172954 -0.248211 0.246686 0.219474 0.943916 0.378685 0.205919 -0.144679 0.967815 0.381521 -0.978561 -0.0263585 0.204265 -0.50386 -0.00404285 -0.989127 -0.147005 0.445721 
1535118430791 0.252584 0.925751 -0.281401 -0.624997 -0.935585 0.307842 0.17296 -0.248055 0.246745 0.219588 0.943874 0.378796 0.207199 -0.145596 0.967404 0.381596 -0.978297 -0.0291745 0.205142 -0.504033 -0.00164416 -0.988914 -0.148481 0.446041 
1535118430827 0.252616 0.925701 -0.281538 -0.624684 -0.935561 0.307912 0.172965 -0.247897 0.246803 0.219702 0.943832 0.378908 0.208482 -0.146508 0.966991 0.381672 -0.978026 -0.0319914 0.206014 -0.504208 0.000752709 -0.988692 -0.149958 0.446361 
1535118431282 0.252624 0.925722 -0.28146 -0.624861 -0.935599 0.307869 0.172834 -0.248026 0.246649 0.219671 0.94388 0.378785 0.208094 -0.146341 0.967099 0.38166 -0.978109 -0.030992 0.205773 -0.504064 -0.000140748 -0.988749 -0.149587 0.446033 
1535118431292 0.252438 0.92567 -0.281798 -0.624571 -0.935486 0.3079 0.173391 -0.247934 0.247268 0.219847 0.943677 0.378928 0.208985 -0.144541 0.967178 0.381659 -0.977914 -0.0338517 0.206246 -0.504184 0.0029297 -0.98892 -0.148423 0.445893 
1535118431298 0.252253 0.925617 -0.282137 -0.624276 -0.935372 0.307932 0.173946 -0.24784 0.247886 0.220024 0.943473 0.379071 0.209873 -0.142737 0.967254 0.381659 -0.97771 -0.0367105 0.206724 -0.504311 0.00600114 -0.98908 -0.14726 0.445753 
1535118431518 0.252067 0.925564 -0.282476 -0.623979 -0.935258 0.307964 0.174501 -0.247746 0.248504 0.220202 0.943269 0.379215 0.210755 -0.140931 0.967327 0.38166 -0.977497 -0.0395682 0.207206 -0.504439 0.00907369 -0.989228 -0.146098 0.445614 
1535118431563 0.251881 0.925512 -0.282814 -0.623685 -0.935144 0.307996 0.175056 -0.247652 0.249121 0.220378 0.943065 0.379358 0.211631 -0.139121 0.967397 0.38166 -0.977274 -0.0424243 0.207691 -0.504563 0.012147 -0.989366 -0.144938 0.445474 
1535118431571 0.251695 0.925459 -0.283152 -0.62339 -0.935029 0.308028 0.17561 -0.247558 0.249739 0.220555 0.94286 0.379502 0.212502 -0.137309 0.967465 0.38166 -0.977042 -0.0452794 0.208179 -0.504691 0.0152214 -0.989493 -0.143779 0.445335 
1535118431684 0.251509 0.925406 -0.283491 -0.623094 -0.934914 0.30806 0.176165 -0.247464 0.250356 0.220733 0.942655 0.379646 0.213367 -0.135494 0.967531 0.381661 -0.976801 -0.0481332 0.208671 -0.504818 0.0182967 -0.989608 -0.142621 0.445195 
1535118431975 0.251322 0.925353 -0.283829 -0.622799 -0.934799 0.308092 0.17672 -0.24737 0.250974 0.220909 0.94245 0.379789 0.214226 -0.133676 0.967594 0.381661 -0.97655 -0.0509854 0.209165 -0.504944 0.0213728 -0.989713 -0.141464 0.445056 
1535118431982 0.251136 0.9253 -0.284167 -0.622503 -0.934683 0.308125 0.177274 -0.247275 0.251591 0.221086 0.942244 0.379933 0.215079 -0.131855 0.967654 0.381662 -0.97629 -0.0538364 0.209663 -0.505071 0.0244499 -0.989806 -0.140308 0.444916 
1535118432027 0.250949 0.925247 -0.284505 -0.622208 -0.934567 0.308157 0.177829 -0.247182 0.252208 0.221263 0.942037 0.380076 0.215927 -0.130032 0.967712 0.381662 -0.976021 -0.0566858 0.210164 -0.505197 0.0275276 -0.989888 -0.139154 0.444777 
1535118432651 0.251018 0.925247 -0.284444 -0.622424 -0.934657 0.308117 0.177427 -0.247274 0.251806 0.221321 0.942131 0.379923 0.215754 -0.130724 0.967658 0.381671 -0.976069 -0.0564821 0.209999 -0.505098 0.0272034 -0.989809 -0.139782 0.44482 
1535118432663 0.251177 0.925238 -0.284331 -0.622226 -0.93462 0.308241 0.177405 -0.247184 0.251785 0.221182 0.942169 0.379985 0.216521 -0.130241 0.967551 0.381695 -0.97581 -0.0595524 0.210353 -0.505217 0.0302233 -0.989692 -0.139985 0.444888 
1535118432796 0.251334 0.92523 -0.284219 -0.622026 -0.934583 0.308365 0.177384 -0.247092 0.251765 0.221044 0.942207 0.380047 0.217268 -0.129802 0.967443 0.381717 -0.975548 -0.0625709 0.210693 -0.50534 0.0331853 -0.989564 -0.140223 0.444956 
1535118432802 0.251492 0.925222 -0.284107 -0.621825 -0.934546 0.30849 0.177363 -0.247 0.251744 0.220906 0.942245 0.380109 0.218013 -0.129361 0.967334 0.381738 -0.975276 -0.0655886 0.211032 -0.505464 0.0361468 -0.989426 -0.140462 0.445024 
1535118432890 0.25165 0.925213 -0.283995 -0.621624 -0.934509 0.308614 0.177342 -0.246908 0.251724 0.220768 0.942283 0.380171 0.218757 -0.128918 0.967226 0.38176 -0.974995 -0.0686057 0.21137 -0.505588 0.0391078 -0.989279 -0.140703 0.445092 
1535118433039 0.251808 0.925205 -0.283883 -0.621423 -0.934472 0.308738 0.177321 -0.246816 0.251704 0.22063 0.94232 0.380233 0.219499 -0.128472 0.967117 0.381782 -0.974705 -0.071622 0.211707 -0.505712 0.0420682 -0.989123 -0.140944 0.44516 
1535118433286 0.251965 0.925196 -0.283771 -0.621223 -0.934435 0.308862 0.1773 -0.246724 0.251683 0.220492 0.942358 0.380295 0.22024 -0.128025 0.967008 0.381803 -0.974406 -0.0746373 0.212043 -0.505835 0.045028 -0.988959 -0.141186 0.445228 
1535118433320 0.252123 0.925187 -0.283659 -0.621022 -0.934398 0.308986 0.177279 -0.246632 0.251663 0.220354 0.942396 0.380357 0.22098 -0.127574 0.966898 0.381825 -0.974097 -0.0776519 0.212379 -0.50596 0.0479873 -0.988785 -0.141429 0.445296 
1535118433327 0.252281 0.925179 -0.283546 -0.620821 -0.934361 0.30911 0.177258 -0.24654 0.251642 0.220216 0.942434 0.380419 0.221718 -0.127122 0.966789 0.381846 -0.973779 -0.0806656 0.212714 -0.506083 0.0509459 -0.988602 -0.141674 0.445364 
1535118433357 0.252438 0.92517 -0.283434 -0.62062 -0.934324 0.309234 0.177237 -0.246447 0.251622 0.220078 0.942471 0.380481 0.222455 -0.126667 0.966679 0.381868 -0.973452 -0.0836785 0.213049 -0.506207 0.0539039 -0.988409 -0.141919 0.445432 
1535118433891 0.252052 0.925267 -0.283463 -0.62089 -0.934404 0.308892 0.177409 -0.246434 0.25171 0.220153 0.94243 0.380455 0.222097 -0.126789 0.966746 0.381816 -0.973584 -0.0827161 0.212819 -0.506152 0.0529824 -0.988475 -0.14181 0.445337 
1535118433901 0.252068 0.925215 -0.283618 -0.620719 -0.934322 0.309005 0.177648 -0.24639 0.252002 0.220211 0.942339 0.380502 0.221688 -0.126908 0.966824 0.381804 -0.97381 -0.0801398 0.21277 -0.506202 0.0504788 -0.988672 -0.14135 0.445279 
1535118434039 0.252084 0.925163 -0.283772 -0.620544 -0.934239 0.309119 0.177886 -0.246344 0.252293 0.220269 0.942247 0.38055 0.221278 -0.127026 0.966903 0.38179 -0.97403 -0.0775626 0.212719 -0.506248 0.0479746 -0.988862 -0.14089 0.44522 
1535118434114 0.252099 0.925112 -0.283927 -0.620367 -0.934156 0.309232 0.178124 -0.246297 0.252584 0.220327 0.942156 0.380598 0.220867 -0.127143 0.966981 0.381777 -0.974243 -0.0749848 0.212667 -0.506292 0.0454698 -0.989046 -0.14043 0.44516 
1535118434212 0.252115 0.92506 -0.284081 -0.620193 -0.934073 0.309346 0.178363 -0.246251 0.252876 0.220385 0.942064 0.380645 0.220457 -0.127259 0.967059 0.381763 -0.97445 -0.0724068 0.212614 -0.506338 0.0429647 -0.989223 -0.13997 0.445102 
1535118434381 0.252131 0.925008 -0.284236 -0.620017 -0.93399 0.309459 0.178601 -0.246205 0.253167 0.220443 0.941972 0.380693 0.220046 -0.127374 0.967138 0.38175 -0.97465 -0.069828 0.212559 -0.506383 0.0404589 -0.989394 -0.13951 0.445042 
1535118434398 0.252146 0.924956 -0.284391 -0.61984 -0.933906 0.309573 0.178839 -0.246158 0.253458 0.220501 0.94188 0.380741 0.219635 -0.127488 0.967216 0.381736 -0.974844 -0.0672488 0.212503 -0.506428 0.0379527 -0.989558 -0.139051 0.444983 
1535118434584 0.252162 0.924905 -0.284545 -0.619665 -0.933823 0.309686 0.179078 -0.246112 0.253749 0.220558 0.941788 0.380789 0.219223 -0.127601 0.967295 0.381723 -0.975031 -0.0646693 0.212446 -0.506474 0.0354461 -0.989715 -0.138591 0.444924 
1535118434632 0.252177 0.924853 -0.2847 -0.619489 -0.93374 0.3098 0.179316 -0.246065 0.25404 0.220616 0.941696 0.380837 0.218811 -0.127712 0.967373 0.381709 -0.975211 -0.0620892 0.212387 -0.506518 0.032939 -0.989866 -0.138132 0.444865 
1535118434676 0.252193 0.924801 -0.284854 -0.619314 -0.933656 0.309913 0.179554 -0.246019 0.254332 0.220674 0.941604 0.380884 0.218399 -0.127823 0.967452 0.381696 -0.975385 -0.0595087 0.212328 -0.506564 0.0304315 -0.99001 -0.137673 0.444806 
1535118435090 0.25222 0.924905 -0.28449 -0.619508 -0.933738 0.309792 0.17934 -0.246103 0.254006 0.220406 0.941755 0.380885 0.218711 -0.127728 0.967394 0.381727 -0.975268 -0.0610237 0.212434 -0.506467 0.0319002 -0.98993 -0.137915 0.444963 
1535118435104 0.252327 0.924853 -0.284566 -0.619283 -0.93368 0.309933 0.179396 -0.245997 0.254112 0.220427 0.941722 0.380923 0.218597 -0.129899 0.967131 0.38176 -0.975388 -0.0584039 0.212619 -0.506583 0.0288653 -0.989806 -0.139469 0.445174 
1535118435207 0.252437 0.924802 -0.284635 -0.619061 -0.933625 0.310074 0.179439 -0.245891 0.254203 0.220446 0.941692 0.380958 0.218474 -0.13207 0.966864 0.381793 -0.975501 -0.0557831 0.212806 -0.506697 0.0258295 -0.98967 -0.141021 0.445384 
1535118435212 0.252548 0.92475 -0.284705 -0.61884 -0.93357 0.310214 0.179481 -0.245785 0.254295 0.220465 0.941663 0.380994 0.218344 -0.13424 0.966595 0.381825 -0.975606 -0.0531622 0.212997 -0.506811 0.0227937 -0.989522 -0.142573 0.445594 
1535118435336 0.252658 0.924698 -0.284775 -0.618618 -0.933516 0.310355 0.179524 -0.245679 0.254386 0.220484 0.941634 0.381029 0.218208 -0.136409 0.966322 0.381858 -0.975702 -0.0505412 0.213192 -0.506925 0.0197579 -0.989363 -0.144123 0.445804 
1535118435343 0.252769 0.924646 -0.284845 -0.618396 -0.933461 0.310495 0.179566 -0.245572 0.254478 0.220503 0.941605 0.381064 0.218065 -0.138577 0.966046 0.381891 -0.975791 -0.0479203 0.213391 -0.507038 0.0167221 -0.989192 -0.145672 0.446015 
1535118435470 0.252879 0.924595 -0.284916 -0.618174 -0.933406 0.310636 0.179608 -0.245466 0.25457 0.220523 0.941575 0.381099 0.217915 -0.140745 0.965766 0.381923 -0.975872 -0.0452993 0.213593 -0.507152 0.0136863 -0.989009 -0.14722 0.446225 
1535118435705 0.25299 0.924543 -0.284985 -0.617953 -0.933351 0.310776 0.17965 -0.24536 0.254661 0.220542 0.941546 0.381134 0.217759 -0.142911 0.965483 0.381956 -0.975944 -0.0426788 0.213801 -0.507266 0.010651 -0.988815 -0.148767 0.446435 
1535118435769 0.2531 0.924491 -0.285055 -0.617733 -0.933296 0.310917 0.179693 -0.245255 0.254753 0.220561 0.941517 0.38117 0.217597 -0.145077 0.965197 0.381988 -0.976009 -0.0400582 0.214013 -0.50738 0.00761569 -0.988609 -0.150313 0.446646 
1535118435807 0.253211 0.924439 -0.285125 -0.61751 -0.933241 0.311057 0.179735 -0.245148 0.254844 0.22058 0.941488 0.381205 0.217426 -0.147242 0.964907 0.382021 -0.976066 -0.0374375 0.214228 -0.507494 0.00458041 -0.988392 -0.151857 0.446856 
1535118436265 0.25294 0.924574 -0.284929 -0.617743 -0.933331 0.310747 0.179806 -0.245178 0.254785 0.220453 0.941533 0.381226 0.217528 -0.144124 0.965355 0.381952 -0.976017 -0.0407514 0.213847 -0.507335 0.00851917 -0.98872 -0.149532 0.44655 
1535118436279 0.253073 0.92441 -0.285343 -0.617366 -0.933263 0.310981 0.179751 -0.245048 0.2549 0.22081 0.941419 0.381364 0.217117 -0.144813 0.965344 0.381965 -0.97612 -0.039389 0.213632 -0.507422 0.00708739 -0.988675 -0.149907 0.446594 
1535118436297 0.253206 0.924245 -0.285758 -0.616985 -0.933196 0.311216 0.179694 -0.244915 0.255013 0.221168 0.941304 0.381503 0.216704 -0.145502 0.965333 0.381978 -0.976221 -0.0380268 0.213417 -0.507508 0.0056559 -0.988627 -0.150283 0.446637 
1535118436302 0.253339 0.92408 -0.286172 -0.616603 -0.933129 0.31145 0.179636 -0.244782 0.255127 0.221527 0.941189 0.381642 0.216291 -0.146191 0.965322 0.38199 -0.97632 -0.0366643 0.213202 -0.507594 0.00422457 -0.988577 -0.150659 0.446681 
1535118436501 0.253472 0.923916 -0.286587 -0.616221 -0.933062 0.311685 0.179579 -0.244649 0.255241 0.221885 0.941074 0.381781 0.215876 -0.146879 0.96531 0.382003 -0.976417 -0.0353015 0.212988 -0.50768 0.00279338 -0.988524 -0.151036 0.446724 
1535118436507 0.253605 0.92375 -0.287001 -0.615839 -0.932994 0.311919 0.179522 -0.244516 0.255354 0.222243 0.940958 0.381921 0.21546 -0.147567 0.965298 0.382016 -0.976512 -0.0339385 0.212775 -0.507766 0.00136233 -0.98847 -0.151413 0.446768 
1535118436582 0.253738 0.923585 -0.287415 -0.615458 -0.932927 0.312153 0.179464 -0.244384 0.255468 0.2226 0.940843 0.38206 0.215044 -0.148254 0.965286 0.382029 -0.976604 -0.0325754 0.212562 -0.507852 -6.85074e-05 -0.988413 -0.15179 0.446811 
1535118436717 0.253871 0.923419 -0.28783 -0.615076 -0.93286 0.312388 0.179407 -0.244251 0.255582 0.222958 0.940727 0.382199 0.214626 -0.14894 0.965273 0.382041 -0.976695 -0.031212 0.212349 -0.507938 -0.00149924 -0.988354 -0.152168 0.446855 
1535118436894 0.254004 0.923254 -0.288244 -0.614695 -0.932792 0.312622 0.179349 -0.244118 0.255696 0.223316 0.940611 0.382338 0.214207 -0.149626 0.96526 0.382054 -0.976784 -0.0298484 0.212137 -0.508024 -0.00292976 -0.988292 -0.152546 0.446898 
1535118437027 0.254137 0.923088 -0.288658 -0.614312 -0.932725 0.312856 0.179291 -0.243985 0.25581 0.223674 0.940495 0.382477 0.213788 -0.150311 0.965247 0.382067 -0.97687 -0.0284847 0.211926 -0.50811 -0.00436007 -0.988228 -0.152924 0.446942 
1535118437361 0.253887 0.923201 -0.288516 -0.614562 -0.932817 0.31257 0.179313 -0.243963 0.255724 0.223607 0.940534 0.382358 0.214111 -0.149847 0.965247 0.382088 -0.976803 -0.0293061 0.212125 -0.508013 -0.00349849 -0.988275 -0.152645 0.446865 
1535118437368 0.254016 0.923209 -0.288376 -0.614251 -0.932778 0.312668 0.179341 -0.243849 0.255736 0.223435 0.940572 0.382411 0.214216 -0.148483 0.965435 0.382076 -0.976782 -0.0295833 0.212184 -0.508195 -0.00294501 -0.988472 -0.151373 0.446657 
1535118437374 0.254145 0.923218 -0.288235 -0.613935 -0.93274 0.312767 0.179369 -0.243733 0.255747 0.223263 0.94061 0.382465 0.214322 -0.147119 0.96562 0.382064 -0.97676 -0.0298604 0.212246 -0.50838 -0.00239158 -0.988668 -0.1501 0.44645 
1535118437381 0.254274 0.923226 -0.288095 -0.613617 -0.932701 0.312865 0.179397 -0.243615 0.255759 0.22309 0.940648 0.382519 0.214428 -0.145755 0.965803 0.382053 -0.976738 -0.0301376 0.212308 -0.508566 -0.00183796 -0.988862 -0.148827 0.446243 
1535118437570 0.254403 0.923234 -0.287954 -0.613301 -0.932663 0.312964 0.179425 -0.243499 0.25577 0.222918 0.940685 0.382574 0.214533 -0.144391 0.965985 0.382042 -0.976716 -0.0304146 0.21237 -0.508751 -0.00128424 -0.989053 -0.147554 0.446035 
1535118437635 0.254532 0.923242 -0.287813 -0.612985 -0.932625 0.313062 0.179453 -0.243383 0.255782 0.222745 0.940723 0.382628 0.214636 -0.143027 0.966165 0.382031 -0.976694 -0.0306915 0.212432 -0.508936 -0.000730433 -0.989243 -0.146281 0.445828 
