1533738323821 0.121874 0.638785 -0.759671 -0.503646 -0.95671 0.27941 0.0814627 -0.194478 0.264297 0.716857 0.645185 0.426766 0.16008 -0.304787 0.938871 0.370831 -0.775623 0.549475 0.310623 -0.528794 -0.61056 -0.777934 -0.14844 0.432481 
1533738323832 0.131345 0.662574 -0.73739 -0.513258 -0.957055 0.278671 0.079925 -0.194299 0.258446 0.695225 0.670722 0.422411 0.316225 -0.384867 0.86711 0.400813 -0.930002 -0.30626 0.203228 -0.504337 0.187345 -0.870679 -0.454774 0.485882 
1533738324758 0.140603 0.685628 -0.714244 -0.522874 -0.957385 0.277978 0.078374 -0.194151 0.252279 0.672787 0.695494 0.418034 0.316225 -0.384867 0.86711 0.400813 -0.930002 -0.30626 0.203228 -0.504337 0.187345 -0.870679 -0.454774 0.485882 
1533738325665 0.149633 0.707921 -0.690259 -0.5325 -0.9577 0.277328 0.0768152 -0.194043 0.245807 0.649567 0.719473 0.413629 0.316225 -0.384867 0.86711 0.400813 -0.930002 -0.30626 0.203228 -0.504337 0.187345 -0.870679 -0.454774 0.485882 
1533738326553 0.158429 0.729423 -0.665464 -0.542137 -0.957999 0.276723 0.075246 -0.193966 0.239035 0.625593 0.742628 0.409205 0.316225 -0.384867 0.86711 0.400813 -0.930002 -0.30626 0.203228 -0.504337 0.187345 -0.870679 -0.454774 0.485882 
1533738327412 0.166985 0.750103 -0.639892 -0.551782 -0.958283 0.276167 0.0736609 -0.193901 0.23197 0.600897 0.764927 0.404772 0.316225 -0.384867 0.86711 0.400813 -0.930002 -0.30626 0.203228 -0.504337 0.187345 -0.870679 -0.454774 0.485882 
1533738328235 0.175295 0.769932 -0.613576 -0.561429 -0.95855 0.275662 0.0720557 -0.193837 0.224618 0.575512 0.786341 0.400339 0.316225 -0.384867 0.86711 0.400813 -0.930002 -0.30626 0.203228 -0.504337 0.187345 -0.870679 -0.454774 0.485882 
1533738329029 0.183353 0.788886 -0.586549 -0.571075 -0.958801 0.275211 0.0704298 -0.193766 0.216986 0.54947 0.806846 0.395911 0.316225 -0.384867 0.86711 0.400813 -0.930002 -0.30626 0.203228 -0.504337 0.187345 -0.870679 -0.454774 0.485882 
1533738329792 0.19115 0.806943 -0.558843 -0.58072 -0.959034 0.274814 0.0687846 -0.193689 0.209083 0.522801 0.826416 0.391487 0.316225 -0.384867 0.86711 0.400813 -0.930002 -0.30626 0.203228 -0.504337 0.187345 -0.870679 -0.454774 0.485882 
1533738330516 0.199102 0.823687 -0.53094 -0.588856 -0.959189 0.274805 0.0666301 -0.192296 0.200787 0.496006 0.844786 0.387861 0.316379 -0.384993 0.866998 0.401317 -0.929989 -0.306181 0.203405 -0.505249 0.187149 -0.870651 -0.454908 0.48631 
1533738331207 0.199305 0.823199 -0.531621 -0.588634 -0.959015 0.275358 0.0668488 -0.192394 0.201416 0.496509 0.84434 0.388059 0.316379 -0.384993 0.866998 0.401317 -0.929989 -0.306181 0.203405 -0.505249 0.187149 -0.870651 -0.454908 0.48631 
1533738331217 0.199983 0.824953 -0.528639 -0.589771 -0.959058 0.275241 0.0667106 -0.192506 0.200537 0.493655 0.846221 0.387518 0.316221 -0.384863 0.867113 0.400797 -0.930002 -0.306262 0.203223 -0.504308 0.187351 -0.87068 -0.45477 0.485869 
1533738331473 0.200657 0.826697 -0.52565 -0.590913 -0.959101 0.275124 0.066573 -0.192622 0.199655 0.490793 0.848092 0.386976 0.316221 -0.384863 0.867113 0.400796 -0.930002 -0.306262 0.203223 -0.504306 0.187351 -0.87068 -0.45477 0.485868 
1533738331742 0.201327 0.828432 -0.522655 -0.592054 -0.959144 0.275007 0.0664349 -0.192738 0.19877 0.487926 0.849952 0.386433 0.31622 -0.384863 0.867113 0.400796 -0.930002 -0.306262 0.203222 -0.504306 0.187351 -0.87068 -0.454769 0.485868 
1533738332013 0.201995 0.830156 -0.519652 -0.593196 -0.959187 0.27489 0.0662965 -0.192854 0.197884 0.485052 0.851802 0.38589 0.31622 -0.384863 0.867113 0.400796 -0.930002 -0.306262 0.203222 -0.504305 0.187351 -0.87068 -0.45477 0.485867 
1533738332278 0.202659 0.83187 -0.516644 -0.594337 -0.95923 0.274774 0.0661573 -0.192969 0.196995 0.482173 0.853641 0.385348 0.31622 -0.384863 0.867113 0.400796 -0.930002 -0.306262 0.203222 -0.504305 0.187351 -0.87068 -0.45477 0.485867 
1533738332543 0.20332 0.833575 -0.513628 -0.595479 -0.959273 0.274658 0.0660181 -0.193085 0.196103 0.479287 0.855469 0.384805 0.316221 -0.384863 0.867113 0.400795 -0.930002 -0.306262 0.203223 -0.504305 0.187351 -0.87068 -0.45477 0.485867 
1533738332813 0.203978 0.835269 -0.510607 -0.59662 -0.959315 0.274543 0.0658781 -0.193201 0.19521 0.476395 0.857287 0.384263 0.316221 -0.384863 0.867113 0.400795 -0.930002 -0.306262 0.203223 -0.504305 0.187351 -0.87068 -0.45477 0.485867 
1533738333084 0.204633 0.836952 -0.507578 -0.597762 -0.959358 0.274429 0.0657381 -0.193317 0.194314 0.473497 0.859094 0.38372 0.31622 -0.384863 0.867113 0.400795 -0.930002 -0.306262 0.203222 -0.504305 0.187352 -0.87068 -0.454769 0.485867 
1533738333347 0.205285 0.838626 -0.504544 -0.598903 -0.9594 0.274314 0.0655973 -0.193432 0.193415 0.470594 0.86089 0.383177 0.31622 -0.384863 0.867113 0.400795 -0.930002 -0.306262 0.203222 -0.504305 0.187352 -0.87068 -0.454769 0.485867 
1533738333626 0.205487 0.838138 -0.505273 -0.598657 -0.959318 0.274642 0.0654306 -0.193586 0.193609 0.471272 0.860476 0.383274 0.31622 -0.384863 0.867113 0.400795 -0.930002 -0.306262 0.203222 -0.504305 0.187352 -0.87068 -0.454769 0.485867 
1533738333638 0.206264 0.838291 -0.504702 -0.598759 -0.959232 0.275076 0.0648662 -0.193586 0.193208 0.470747 0.860853 0.383135 0.31622 -0.384863 0.867113 0.400795 -0.930002 -0.306262 0.203222 -0.504304 0.187351 -0.87068 -0.454769 0.485867 
1533738333655 0.20704 0.838443 -0.50413 -0.598865 -0.959146 0.275509 0.0643027 -0.193589 0.192806 0.470221 0.861231 0.382995 0.31622 -0.384863 0.867113 0.400795 -0.930002 -0.306262 0.203222 -0.504304 0.187351 -0.87068 -0.454769 0.485867 
1533738333775 0.207816 0.838596 -0.503557 -0.598971 -0.959059 0.275942 0.0637394 -0.193592 0.192404 0.469695 0.861607 0.382855 0.31622 -0.384863 0.867113 0.400795 -0.930002 -0.306262 0.203222 -0.504304 0.187351 -0.87068 -0.454769 0.485867 
1533738333858 0.208591 0.838747 -0.502984 -0.599078 -0.958971 0.276376 0.0631766 -0.193595 0.192002 0.469169 0.861984 0.382715 0.31622 -0.384863 0.867113 0.400795 -0.930002 -0.306262 0.203222 -0.504304 0.187351 -0.87068 -0.454769 0.485867 
1533738333945 0.209366 0.838898 -0.502411 -0.599183 -0.958883 0.27681 0.0626137 -0.193597 0.191599 0.468644 0.862359 0.382575 0.31622 -0.384863 0.867113 0.400795 -0.930002 -0.306262 0.203222 -0.504304 0.187351 -0.87068 -0.454769 0.485867 
1533738334019 0.21014 0.839048 -0.501836 -0.59929 -0.958794 0.277244 0.0620515 -0.1936 0.191195 0.468118 0.862734 0.382435 0.31622 -0.384863 0.867113 0.400795 -0.930002 -0.306262 0.203222 -0.504304 0.187351 -0.87068 -0.454769 0.485867 
1533738334110 0.210915 0.839198 -0.501261 -0.599395 -0.958704 0.277678 0.0614892 -0.193602 0.190791 0.467592 0.863109 0.382295 0.31622 -0.384863 0.867113 0.400795 -0.930002 -0.306262 0.203222 -0.504304 0.187351 -0.87068 -0.454769 0.485867 
1533738334174 0.211688 0.839347 -0.500685 -0.599503 -0.958614 0.278113 0.0609277 -0.193606 0.190386 0.467066 0.863483 0.382155 0.31622 -0.384863 0.867113 0.400795 -0.930002 -0.306262 0.203222 -0.504304 0.187351 -0.87068 -0.454769 0.485867 
1533738334180 0.212462 0.839495 -0.500109 -0.599608 -0.958523 0.278548 0.0603661 -0.193608 0.189981 0.46654 0.863856 0.382015 0.31622 -0.384863 0.867113 0.400795 -0.930002 -0.306262 0.203222 -0.504304 0.187351 -0.87068 -0.454769 0.485867 
1533738334321 0.211473 0.839348 -0.500774 -0.599419 -0.958655 0.277948 0.0610357 -0.193623 0.190419 0.467162 0.863424 0.382203 0.31622 -0.384863 0.867113 0.400795 -0.930002 -0.306262 0.203222 -0.504304 0.187351 -0.87068 -0.454769 0.485867 
1533738334333 0.212066 0.839638 -0.500036 -0.599494 -0.958598 0.27823 0.0606488 -0.193629 0.190048 0.466472 0.863878 0.382063 0.31622 -0.384863 0.867113 0.400795 -0.930002 -0.306262 0.203222 -0.504304 0.187351 -0.87068 -0.454769 0.485867 
1533738334350 0.212657 0.839929 -0.499296 -0.599575 -0.95854 0.278512 0.0602639 -0.193639 0.189677 0.46578 0.864333 0.381921 0.31622 -0.384863 0.867113 0.400795 -0.930002 -0.306262 0.203222 -0.504304 0.187351 -0.87068 -0.454769 0.485867 
1533738334470 0.213248 0.840219 -0.498555 -0.599655 -0.958482 0.278794 0.0598791 -0.193648 0.189306 0.465087 0.864787 0.381778 0.31622 -0.384863 0.867113 0.400795 -0.930002 -0.306262 0.203222 -0.504304 0.187351 -0.87068 -0.454769 0.485867 
1533738334582 0.213839 0.840508 -0.497814 -0.599736 -0.958424 0.279076 0.0594948 -0.193658 0.188934 0.464395 0.865241 0.381636 0.31622 -0.384863 0.867113 0.400795 -0.930002 -0.306262 0.203222 -0.504304 0.187351 -0.87068 -0.45477 0.485867 
1533738334692 0.214429 0.840797 -0.497072 -0.599817 -0.958366 0.279358 0.0591107 -0.193668 0.188561 0.463702 0.865694 0.381494 0.31622 -0.384863 0.867113 0.400795 -0.930002 -0.306262 0.203222 -0.504304 0.187351 -0.87068 -0.45477 0.485867 
1533738334794 0.215019 0.841085 -0.496329 -0.599897 -0.958307 0.279641 0.0587265 -0.193677 0.188188 0.463009 0.866146 0.381352 0.31622 -0.384863 0.867113 0.400795 -0.930002 -0.306262 0.203222 -0.504304 0.187351 -0.87068 -0.45477 0.485867 
1533738334898 0.215608 0.841372 -0.495586 -0.599978 -0.958248 0.279923 0.058343 -0.193687 0.187814 0.462315 0.866597 0.381209 0.31622 -0.384863 0.867113 0.400795 -0.930002 -0.306262 0.203222 -0.504304 0.187351 -0.87068 -0.45477 0.485867 
1533738334989 0.216197 0.841659 -0.494843 -0.600058 -0.958188 0.280207 0.0579593 -0.193696 0.18744 0.461622 0.867047 0.381067 0.31622 -0.384863 0.867113 0.400795 -0.930002 -0.306262 0.203222 -0.504304 0.187351 -0.87068 -0.45477 0.485867 
1533738335085 0.216786 0.841944 -0.494099 -0.600138 -0.958129 0.28049 0.0575759 -0.193705 0.187066 0.460928 0.867497 0.380925 0.31622 -0.384863 0.867113 0.400795 -0.930002 -0.306262 0.203222 -0.504304 0.187351 -0.87068 -0.45477 0.485867 
1533738335192 0.216057 0.841699 -0.494835 -0.6001 -0.958239 0.280037 0.0579432 -0.193641 0.187343 0.461651 0.867053 0.381036 0.31622 -0.384863 0.867113 0.400795 -0.930002 -0.306262 0.203222 -0.504304 0.187351 -0.87068 -0.45477 0.485867 
1533738335204 0.216263 0.841771 -0.494623 -0.60012 -0.958206 0.28017 0.0578514 -0.193658 0.187276 0.46144 0.86718 0.381016 0.31622 -0.384863 0.867113 0.400795 -0.930002 -0.306262 0.203222 -0.504304 0.187351 -0.87068 -0.45477 0.485867 
1533738335220 0.216469 0.841843 -0.494411 -0.600144 -0.958172 0.280303 0.05776 -0.193677 0.18721 0.461227 0.867307 0.380994 0.31622 -0.384863 0.867113 0.400795 -0.930002 -0.306262 0.203222 -0.504304 0.187351 -0.87068 -0.45477 0.485867 
1533738335237 0.216675 0.841915 -0.494198 -0.600168 -0.958139 0.280437 0.0576686 -0.193696 0.187143 0.461015 0.867434 0.380972 0.31622 -0.384863 0.867113 0.400795 -0.930002 -0.306262 0.203222 -0.504304 0.187351 -0.87068 -0.45477 0.485867 
1533738335254 0.21688 0.841987 -0.493985 -0.600192 -0.958105 0.28057 0.0575773 -0.193716 0.187077 0.460803 0.867562 0.38095 0.31622 -0.384863 0.867113 0.400795 -0.930002 -0.306262 0.203222 -0.504304 0.187351 -0.87068 -0.45477 0.485867 
1533738335270 0.217086 0.842058 -0.493773 -0.600215 -0.958071 0.280704 0.0574858 -0.193734 0.18701 0.46059 0.867689 0.380928 0.31622 -0.384863 0.867113 0.400795 -0.930002 -0.306262 0.203222 -0.504304 0.187351 -0.87068 -0.45477 0.485867 
1533738335288 0.217292 0.84213 -0.49356 -0.60024 -0.958038 0.280837 0.0573948 -0.193754 0.186944 0.460378 0.867816 0.380906 0.31622 -0.384863 0.867113 0.400795 -0.930002 -0.306262 0.203222 -0.504304 0.187351 -0.87068 -0.45477 0.485867 
1533738335304 0.217498 0.842201 -0.493347 -0.600264 -0.958004 0.280971 0.0573034 -0.193773 0.186877 0.460165 0.867943 0.380884 0.31622 -0.384863 0.867113 0.400795 -0.930002 -0.306262 0.203222 -0.504304 0.187351 -0.87068 -0.45477 0.485867 
1533738335410 0.217703 0.842273 -0.493134 -0.600289 -0.95797 0.281104 0.0572124 -0.193793 0.186811 0.459953 0.86807 0.380861 0.31622 -0.384863 0.867113 0.400795 -0.930002 -0.306262 0.203222 -0.504304 0.187351 -0.87068 -0.45477 0.485867 
1533738335428 0.217909 0.842344 -0.492922 -0.600312 -0.957937 0.281238 0.0571212 -0.193812 0.186744 0.45974 0.868197 0.38084 0.31622 -0.384863 0.867113 0.400795 -0.930002 -0.306262 0.203222 -0.504304 0.187351 -0.87068 -0.45477 0.485867 
1533738335451 0.217319 0.842086 -0.493623 -0.600206 -0.958025 0.280881 0.0573894 -0.19383 0.186976 0.460431 0.867781 0.380954 0.31622 -0.384863 0.867113 0.400795 -0.930002 -0.306262 0.203222 -0.504304 0.187351 -0.87068 -0.45477 0.485867 
1533738335464 0.217257 0.84206 -0.493695 -0.60021 -0.958002 0.280923 0.0575681 -0.193847 0.187166 0.460454 0.867727 0.380971 0.31622 -0.384863 0.867113 0.400795 -0.930002 -0.306262 0.203222 -0.504304 0.187351 -0.87068 -0.45477 0.485867 
1533738335481 0.217193 0.842034 -0.493767 -0.600216 -0.957979 0.280964 0.0577483 -0.193868 0.187357 0.460476 0.867675 0.380986 0.31622 -0.384863 0.867113 0.400795 -0.930002 -0.306262 0.203222 -0.504304 0.187351 -0.87068 -0.45477 0.485867 
1533738335497 0.21713 0.842008 -0.493838 -0.600223 -0.957957 0.281005 0.0579282 -0.193889 0.187547 0.460498 0.867622 0.381002 0.31622 -0.384863 0.867113 0.400795 -0.930002 -0.306262 0.203222 -0.504304 0.187351 -0.87068 -0.45477 0.485867 
1533738335504 0.217067 0.841983 -0.49391 -0.600228 -0.957934 0.281046 0.0581078 -0.193909 0.187737 0.46052 0.867569 0.381018 0.31622 -0.384863 0.867113 0.400795 -0.930002 -0.306262 0.203222 -0.504304 0.187351 -0.87068 -0.45477 0.485867 
1533738335517 0.217003 0.841957 -0.493981 -0.600235 -0.957911 0.281086 0.0582878 -0.19393 0.187927 0.460541 0.867517 0.381033 0.31622 -0.384863 0.867113 0.400795 -0.930002 -0.306262 0.203222 -0.504304 0.187351 -0.87068 -0.45477 0.485867 
1533738335653 0.21694 0.841932 -0.494053 -0.600241 -0.957888 0.281127 0.0584675 -0.19395 0.188117 0.460563 0.867464 0.381048 0.31622 -0.384863 0.867113 0.400795 -0.930002 -0.306262 0.203222 -0.504304 0.187351 -0.87068 -0.45477 0.485867 
1533738335669 0.216876 0.841906 -0.494125 -0.600246 -0.957865 0.281168 0.0586471 -0.19397 0.188308 0.460585 0.867411 0.381064 0.31622 -0.384863 0.867113 0.400795 -0.930002 -0.306262 0.203222 -0.504304 0.187351 -0.87068 -0.45477 0.485867 
1533738335686 0.216813 0.841881 -0.494196 -0.600254 -0.957842 0.281209 0.0588273 -0.193992 0.188498 0.460607 0.867358 0.381079 0.31622 -0.384863 0.867113 0.400795 -0.930002 -0.306262 0.203222 -0.504304 0.187351 -0.87068 -0.45477 0.485867 
1533738335703 0.216749 0.841855 -0.494267 -0.60026 -0.957819 0.28125 0.059007 -0.194012 0.188688 0.460629 0.867305 0.381095 0.31622 -0.384863 0.867113 0.400795 -0.930002 -0.306262 0.203222 -0.504304 0.187351 -0.87068 -0.45477 0.485867 
1533738335723 0.217183 0.841937 -0.493936 -0.600239 -0.957863 0.281257 0.0582436 -0.193989 0.18796 0.460474 0.867545 0.381021 0.31622 -0.384863 0.867113 0.400795 -0.930002 -0.306262 0.203222 -0.504304 0.187351 -0.87068 -0.45477 0.485867 
1533738335736 0.217113 0.841936 -0.493969 -0.600243 -0.95788 0.281197 0.0582652 -0.193991 0.187958 0.460513 0.867525 0.381039 0.31622 -0.384863 0.867113 0.400795 -0.930002 -0.306262 0.203222 -0.504304 0.187351 -0.87068 -0.45477 0.485867 
1533738335753 0.217043 0.841934 -0.494003 -0.600246 -0.957896 0.281137 0.0582871 -0.193993 0.187956 0.460553 0.867504 0.381056 0.31622 -0.384863 0.867113 0.400795 -0.930002 -0.306262 0.203222 -0.504304 0.187351 -0.87068 -0.45477 0.485867 
1533738335769 0.216972 0.841932 -0.494037 -0.600251 -0.957912 0.281076 0.0583097 -0.193998 0.187955 0.460593 0.867483 0.381076 0.31622 -0.384863 0.867113 0.400795 -0.930002 -0.306262 0.203222 -0.504304 0.187351 -0.87068 -0.45477 0.485867 
1533738335786 0.216902 0.841931 -0.494071 -0.600255 -0.957929 0.281016 0.0583319 -0.194001 0.187954 0.460633 0.867462 0.381094 0.31622 -0.384863 0.867113 0.400795 -0.930002 -0.306262 0.203222 -0.504304 0.187351 -0.87068 -0.45477 0.485867 
1533738335803 0.21683 0.841929 -0.494106 -0.60026 -0.957945 0.280956 0.0583545 -0.194006 0.187952 0.460673 0.867441 0.381114 0.31622 -0.384863 0.867113 0.400795 -0.930002 -0.306262 0.203222 -0.504304 0.187351 -0.87068 -0.45477 0.485867 
1533738335819 0.21676 0.841927 -0.49414 -0.600264 -0.957961 0.280896 0.0583767 -0.194009 0.187951 0.460713 0.86742 0.381132 0.31622 -0.384863 0.867113 0.400795 -0.930002 -0.306262 0.203222 -0.504304 0.187351 -0.87068 -0.45477 0.485867 
1533738335836 0.216689 0.841925 -0.494174 -0.600268 -0.957978 0.280836 0.058399 -0.194012 0.187949 0.460753 0.867399 0.381151 0.31622 -0.384863 0.867113 0.400795 -0.930002 -0.306262 0.203222 -0.504304 0.187351 -0.87068 -0.45477 0.485867 
1533738335853 0.216619 0.841923 -0.494208 -0.600272 -0.957994 0.280776 0.0584213 -0.194015 0.187948 0.460793 0.867379 0.38117 0.31622 -0.384863 0.867113 0.400795 -0.930002 -0.306262 0.203222 -0.504304 0.187351 -0.87068 -0.45477 0.485867 
1533738335869 0.216548 0.841922 -0.494242 -0.600276 -0.95801 0.280715 0.0584435 -0.194019 0.187946 0.460833 0.867358 0.381188 0.31622 -0.384863 0.867113 0.400795 -0.930002 -0.306262 0.203222 -0.504304 0.187351 -0.87068 -0.45477 0.485867 
1533738335898 0.216806 0.841888 -0.494186 -0.600239 -0.957875 0.281124 0.0586868 -0.194013 0.188335 0.460645 0.867373 0.381095 0.31622 -0.384863 0.867113 0.400795 -0.930002 -0.306262 0.203222 -0.504304 0.187351 -0.87068 -0.45477 0.485867 
1533738335909 0.216842 0.84176 -0.494388 -0.600244 -0.957864 0.281178 0.0586173 -0.193995 0.188353 0.460846 0.867263 0.381117 0.31622 -0.384863 0.867113 0.400795 -0.930002 -0.306262 0.203222 -0.504304 0.187351 -0.87068 -0.45477 0.485867 
1533738335926 0.216879 0.841632 -0.49459 -0.600244 -0.957852 0.281232 0.0585468 -0.193974 0.18837 0.461047 0.867152 0.381141 0.31622 -0.384863 0.867113 0.400795 -0.930002 -0.306262 0.203222 -0.504304 0.187351 -0.87068 -0.45477 0.485867 
1533738335933 0.216916 0.841504 -0.494792 -0.600244 -0.95784 0.281287 0.0584764 -0.193953 0.188387 0.461247 0.867042 0.381165 0.31622 -0.384863 0.867113 0.400795 -0.930002 -0.306262 0.203222 -0.504304 0.187351 -0.87068 -0.45477 0.485867 
1533738335946 0.216953 0.841375 -0.494994 -0.600243 -0.957829 0.281342 0.0584059 -0.193932 0.188404 0.461448 0.866931 0.381189 0.31622 -0.384863 0.867113 0.400795 -0.930002 -0.306262 0.203222 -0.504304 0.187351 -0.87068 -0.45477 0.485867 
1533738336041 0.21699 0.841247 -0.495196 -0.600243 -0.957817 0.281396 0.0583353 -0.19391 0.188421 0.461649 0.86682 0.381213 0.31622 -0.384863 0.867113 0.400795 -0.930002 -0.306262 0.203222 -0.504304 0.187351 -0.87068 -0.45477 0.485867 
1533738336058 0.217027 0.841119 -0.495398 -0.600244 -0.957805 0.281451 0.058265 -0.19389 0.188438 0.46185 0.86671 0.381237 0.31622 -0.384863 0.867113 0.400795 -0.930002 -0.306262 0.203222 -0.504304 0.187351 -0.87068 -0.45477 0.485867 
1533738336074 0.217064 0.84099 -0.4956 -0.600243 -0.957793 0.281505 0.0581943 -0.193868 0.188455 0.462051 0.866599 0.381261 0.31622 -0.384863 0.867113 0.400795 -0.930002 -0.306262 0.203222 -0.504304 0.187351 -0.87068 -0.45477 0.485867 
1533738336091 0.217101 0.840861 -0.495802 -0.600243 -0.957782 0.28156 0.0581239 -0.193847 0.188472 0.462251 0.866488 0.381285 0.31622 -0.384863 0.867113 0.400795 -0.930002 -0.306262 0.203222 -0.504304 0.187351 -0.87068 -0.45477 0.485867 
1533738336151 0.217137 0.840733 -0.496003 -0.600244 -0.95777 0.281614 0.0580535 -0.193826 0.188489 0.462452 0.866378 0.381309 0.31622 -0.384863 0.867113 0.400795 -0.930002 -0.306262 0.203222 -0.504304 0.187351 -0.87068 -0.45477 0.485867 
1533738336195 0.216778 0.841164 -0.495429 -0.600266 -0.957863 0.281231 0.0583692 -0.193792 0.188428 0.4619 0.866685 0.38116 0.31622 -0.384863 0.867113 0.400795 -0.930002 -0.306262 0.203222 -0.504304 0.187351 -0.87068 -0.45477 0.485867 
1533738336207 0.216834 0.841041 -0.495614 -0.600267 -0.95785 0.281293 0.0582803 -0.193772 0.188429 0.462087 0.866585 0.381171 0.31622 -0.384863 0.867113 0.400795 -0.930002 -0.306262 0.203222 -0.504304 0.187351 -0.87068 -0.45477 0.485867 
1533738336227 0.216891 0.840916 -0.4958 -0.600263 -0.957837 0.281357 0.0581899 -0.193748 0.188429 0.462275 0.866485 0.381185 0.31622 -0.384863 0.867113 0.400795 -0.930002 -0.306262 0.203222 -0.504304 0.187351 -0.87068 -0.45477 0.485867 
1533738336241 0.216949 0.840792 -0.495986 -0.60026 -0.957824 0.28142 0.0580996 -0.193725 0.18843 0.462463 0.866385 0.381198 0.31622 -0.384863 0.867113 0.400795 -0.930002 -0.306262 0.203222 -0.504304 0.187351 -0.87068 -0.45477 0.485867 
1533738336258 0.217006 0.840668 -0.496172 -0.600255 -0.957811 0.281483 0.0580091 -0.193701 0.18843 0.46265 0.866284 0.381212 0.31622 -0.384863 0.867113 0.400795 -0.930002 -0.306262 0.203222 -0.504304 0.187351 -0.87068 -0.45477 0.485867 
1533738336274 0.217064 0.840543 -0.496357 -0.600251 -0.957798 0.281546 0.0579186 -0.193677 0.18843 0.462838 0.866184 0.381225 0.31622 -0.384863 0.867113 0.400795 -0.930002 -0.306262 0.203222 -0.504304 0.187351 -0.87068 -0.45477 0.485867 
1533738336291 0.217121 0.840419 -0.496543 -0.600248 -0.957785 0.281609 0.0578284 -0.193654 0.188431 0.463025 0.866084 0.381238 0.31622 -0.384863 0.867113 0.400795 -0.930002 -0.306262 0.203222 -0.504304 0.187351 -0.87068 -0.45477 0.485867 
1533738336307 0.217178 0.840294 -0.496728 -0.600243 -0.957772 0.281672 0.0577378 -0.193629 0.188431 0.463213 0.865983 0.381252 0.31622 -0.384863 0.867113 0.400795 -0.930002 -0.306262 0.203222 -0.504304 0.187351 -0.87068 -0.45477 0.485867 
1533738336428 0.217235 0.84017 -0.496914 -0.60024 -0.957759 0.281735 0.0576475 -0.193606 0.188432 0.463401 0.865883 0.381265 0.31622 -0.384863 0.867113 0.400795 -0.930002 -0.306262 0.203222 -0.504304 0.187351 -0.87068 -0.45477 0.485867 
1533738336445 0.217293 0.840045 -0.497099 -0.600237 -0.957746 0.281797 0.0575573 -0.193583 0.188432 0.463588 0.865783 0.381279 0.31622 -0.384863 0.867113 0.400795 -0.930002 -0.306262 0.203222 -0.504304 0.187351 -0.87068 -0.45477 0.485867 
1533738336469 0.217154 0.840342 -0.496659 -0.600268 -0.957768 0.28167 0.0578169 -0.193719 0.18848 0.463129 0.866018 0.381235 0.31622 -0.384863 0.867113 0.400795 -0.930002 -0.306262 0.203222 -0.504304 0.187351 -0.87068 -0.45477 0.485867 
1533738336486 0.217151 0.840321 -0.496695 -0.600268 -0.957765 0.281679 0.0578231 -0.193725 0.188498 0.463161 0.865997 0.381256 0.31622 -0.384863 0.867113 0.400795 -0.930002 -0.306262 0.203222 -0.504304 0.187351 -0.87068 -0.45477 0.485867 
1533738336499 0.217149 0.840299 -0.496733 -0.600266 -0.957762 0.281688 0.0578287 -0.193728 0.188517 0.463195 0.865975 0.381281 0.31622 -0.384863 0.867113 0.400795 -0.930002 -0.306262 0.203222 -0.504304 0.187351 -0.87068 -0.45477 0.485867 
1533738336515 0.217146 0.840278 -0.496771 -0.600263 -0.957759 0.281697 0.0578345 -0.193731 0.188536 0.463228 0.865953 0.381305 0.31622 -0.384863 0.867113 0.400795 -0.930002 -0.306262 0.203222 -0.504304 0.187351 -0.87068 -0.45477 0.485867 
1533738336532 0.217143 0.840256 -0.496808 -0.600262 -0.957756 0.281707 0.0578407 -0.193735 0.188555 0.463261 0.865931 0.381329 0.31622 -0.384863 0.867113 0.400795 -0.930002 -0.306262 0.203222 -0.504304 0.187351 -0.87068 -0.45477 0.485867 
1533738336548 0.217141 0.840235 -0.496846 -0.600258 -0.957753 0.281716 0.0578462 -0.193737 0.188574 0.463295 0.865909 0.381353 0.31622 -0.384863 0.867113 0.400795 -0.930002 -0.306262 0.203222 -0.504304 0.187351 -0.87068 -0.45477 0.485867 
1533738336565 0.217138 0.840213 -0.496884 -0.600255 -0.957749 0.281726 0.0578518 -0.193739 0.188593 0.463328 0.865887 0.381378 0.31622 -0.384863 0.867113 0.400795 -0.930002 -0.306262 0.203222 -0.504304 0.187351 -0.87068 -0.45477 0.485867 
1533738336582 0.217135 0.840191 -0.496921 -0.600252 -0.957746 0.281735 0.0578577 -0.193743 0.188612 0.463361 0.865865 0.381402 0.31622 -0.384863 0.867113 0.400795 -0.930002 -0.306262 0.203222 -0.504304 0.187351 -0.87068 -0.45477 0.485867 
1533738336598 0.217133 0.84017 -0.496959 -0.600249 -0.957743 0.281745 0.0578632 -0.193745 0.18863 0.463395 0.865843 0.381426 0.31622 -0.384863 0.867113 0.400795 -0.930002 -0.306262 0.203222 -0.504304 0.187351 -0.87068 -0.45477 0.485867 
1533738336615 0.21713 0.840148 -0.496996 -0.600246 -0.95774 0.281754 0.0578691 -0.193748 0.188649 0.463428 0.865821 0.38145 0.31622 -0.384863 0.867113 0.400795 -0.930002 -0.306262 0.203222 -0.504304 0.187351 -0.87068 -0.45477 0.485867 
1533738336641 0.217338 0.840138 -0.496923 -0.600253 -0.957724 0.281853 0.0576458 -0.193652 0.18849 0.463387 0.865878 0.381239 0.31622 -0.384863 0.867113 0.400795 -0.930002 -0.306262 0.203222 -0.504304 0.187351 -0.87068 -0.45477 0.485867 
1533738336652 0.217407 0.840345 -0.496543 -0.600258 -0.957737 0.281816 0.0576063 -0.193651 0.188343 0.463034 0.866098 0.381194 0.31622 -0.384863 0.867113 0.400795 -0.930002 -0.306262 0.203222 -0.504304 0.187351 -0.87068 -0.45477 0.485867 
1533738336668 0.217475 0.840553 -0.496161 -0.600266 -0.957751 0.281779 0.0575677 -0.193653 0.188197 0.462679 0.86632 0.381146 0.31622 -0.384863 0.867113 0.400795 -0.930002 -0.306262 0.203222 -0.504304 0.187351 -0.87068 -0.45477 0.485867 
1533738336783 0.217544 0.84076 -0.495779 -0.600275 -0.957764 0.281742 0.0575291 -0.193654 0.18805 0.462324 0.866541 0.381099 0.31622 -0.384863 0.867113 0.400795 -0.930002 -0.306262 0.203222 -0.504304 0.187351 -0.87068 -0.45477 0.485867 
1533738336807 0.217612 0.840968 -0.495397 -0.600284 -0.957777 0.281704 0.0574906 -0.193656 0.187903 0.46197 0.866762 0.381051 0.31622 -0.384863 0.867113 0.400795 -0.930002 -0.306262 0.203222 -0.504304 0.187351 -0.87068 -0.45477 0.485867 
1533738336852 0.21768 0.841175 -0.495015 -0.600292 -0.957791 0.281667 0.0574517 -0.193658 0.187757 0.461615 0.866983 0.381005 0.31622 -0.384863 0.867113 0.400795 -0.930002 -0.306262 0.203222 -0.504304 0.187351 -0.87068 -0.45477 0.485867 
1533738336928 0.217748 0.841382 -0.494633 -0.600302 -0.957804 0.28163 0.0574132 -0.19366 0.18761 0.46126 0.867204 0.380957 0.31622 -0.384863 0.867113 0.400795 -0.930002 -0.306262 0.203222 -0.504304 0.187351 -0.87068 -0.45477 0.485867 
1533738336962 0.217816 0.841589 -0.494251 -0.60031 -0.957817 0.281593 0.0573744 -0.193661 0.187463 0.460905 0.867424 0.38091 0.31622 -0.384863 0.867113 0.400795 -0.930002 -0.306262 0.203222 -0.504304 0.187351 -0.87068 -0.45477 0.485867 
1533738337005 0.217884 0.841796 -0.493868 -0.600319 -0.95783 0.281555 0.0573359 -0.193664 0.187316 0.460549 0.867644 0.380862 0.31622 -0.384863 0.867113 0.400795 -0.930002 -0.306262 0.203222 -0.504304 0.187351 -0.87068 -0.45477 0.485867 
1533738337075 0.217952 0.842003 -0.493486 -0.600328 -0.957844 0.281518 0.0572971 -0.193665 0.18717 0.460194 0.867865 0.380815 0.31622 -0.384863 0.867113 0.400795 -0.930002 -0.306262 0.203222 -0.504304 0.187351 -0.87068 -0.45477 0.485867 
1533738337114 0.217937 0.841634 -0.494121 -0.600259 -0.957793 0.281681 0.0573415 -0.193692 0.187445 0.460769 0.8675 0.381008 0.31622 -0.384863 0.867113 0.400795 -0.930002 -0.306262 0.203222 -0.504304 0.187351 -0.87068 -0.45477 0.485867 
1533738337129 0.217849 0.841543 -0.494314 -0.600263 -0.957855 0.281514 0.0571271 -0.193693 0.187232 0.461036 0.867404 0.381039 0.31622 -0.384863 0.867113 0.400795 -0.930002 -0.306262 0.203222 -0.504304 0.187351 -0.87068 -0.45477 0.485867 
1533738337143 0.217762 0.841452 -0.494508 -0.600264 -0.957917 0.281348 0.0569119 -0.193691 0.187018 0.461305 0.867308 0.381073 0.31622 -0.384863 0.867113 0.400795 -0.930002 -0.306262 0.203222 -0.504304 0.187351 -0.87068 -0.45477 0.485867 
1533738337294 0.217674 0.84136 -0.494703 -0.600265 -0.957978 0.281182 0.056697 -0.193689 0.186804 0.461573 0.867211 0.381106 0.31622 -0.384863 0.867113 0.400795 -0.930002 -0.306262 0.203222 -0.504304 0.187351 -0.87068 -0.45477 0.485867 
1533738337301 0.217587 0.841269 -0.494897 -0.600265 -0.95804 0.281015 0.0564819 -0.193687 0.18659 0.461841 0.867114 0.38114 0.31622 -0.384863 0.867113 0.400795 -0.930002 -0.306262 0.203222 -0.504304 0.187351 -0.87068 -0.45477 0.485867 
1533738337322 0.217499 0.841177 -0.495091 -0.600267 -0.958101 0.280849 0.0562672 -0.193686 0.186376 0.462109 0.867017 0.381173 0.31622 -0.384863 0.867113 0.400795 -0.930002 -0.306262 0.203222 -0.504304 0.187351 -0.87068 -0.45477 0.485867 
1533738337328 0.217412 0.841086 -0.495285 -0.600267 -0.958163 0.280682 0.0560521 -0.193683 0.186162 0.462377 0.86692 0.381207 0.31622 -0.384863 0.867113 0.400795 -0.930002 -0.306262 0.203222 -0.504304 0.187351 -0.87068 -0.45477 0.485867 
1533738337440 0.217324 0.840994 -0.495479 -0.600268 -0.958224 0.280515 0.0558374 -0.193682 0.185948 0.462645 0.866823 0.38124 0.31622 -0.384863 0.867113 0.400795 -0.930002 -0.306262 0.203222 -0.504304 0.187351 -0.87068 -0.45477 0.485867 
1533738337462 0.217237 0.840902 -0.495673 -0.600267 -0.958285 0.280349 0.0556224 -0.193679 0.185734 0.462913 0.866726 0.381274 0.31622 -0.384863 0.867113 0.400795 -0.930002 -0.306262 0.203222 -0.504304 0.187351 -0.87068 -0.45477 0.485867 
1533738337483 0.21715 0.84081 -0.495867 -0.600269 -0.958347 0.280182 0.0554077 -0.193678 0.18552 0.463181 0.866629 0.381307 0.31622 -0.384863 0.867113 0.400795 -0.930002 -0.306262 0.203222 -0.504304 0.187351 -0.87068 -0.45477 0.485867 
1533738337558 0.217486 0.840999 -0.4954 -0.600263 -0.95816 0.28072 0.0559131 -0.19377 0.186092 0.462512 0.866864 0.381229 0.31622 -0.384863 0.867113 0.400795 -0.930002 -0.306262 0.203222 -0.504304 0.187351 -0.87068 -0.45477 0.485867 
1533738337576 0.217306 0.840988 -0.495497 -0.600259 -0.95817 0.280646 0.0561138 -0.193791 0.18625 0.462577 0.866795 0.381262 0.31622 -0.384863 0.867113 0.400795 -0.930002 -0.306262 0.203222 -0.504304 0.187351 -0.87068 -0.45477 0.485867 
1533738337591 0.217125 0.840978 -0.495594 -0.600257 -0.95818 0.280571 0.0563154 -0.193815 0.186409 0.46264 0.866727 0.381294 0.31622 -0.384863 0.867113 0.400795 -0.930002 -0.306262 0.203222 -0.504304 0.187351 -0.87068 -0.45477 0.485867 
1533738337608 0.216944 0.840968 -0.49569 -0.600254 -0.95819 0.280496 0.0565174 -0.193839 0.186568 0.462704 0.866659 0.381325 0.31622 -0.384863 0.867113 0.400795 -0.930002 -0.306262 0.203222 -0.504304 0.187351 -0.87068 -0.45477 0.485867 
1533738337624 0.216762 0.840958 -0.495785 -0.600253 -0.9582 0.280421 0.0567195 -0.193864 0.186727 0.462767 0.866591 0.381356 0.31622 -0.384863 0.867113 0.400795 -0.930002 -0.306262 0.203222 -0.504304 0.187351 -0.87068 -0.45477 0.485867 
1533738337712 0.216581 0.840948 -0.495882 -0.60025 -0.95821 0.280346 0.0569211 -0.193887 0.186886 0.462831 0.866523 0.381388 0.31622 -0.384863 0.867113 0.400795 -0.930002 -0.306262 0.203222 -0.504304 0.187351 -0.87068 -0.45477 0.485867 
1533738337729 0.2164 0.840939 -0.495977 -0.600249 -0.95822 0.280271 0.0571233 -0.193912 0.187045 0.462894 0.866455 0.381419 0.31622 -0.384863 0.867113 0.400795 -0.930002 -0.306262 0.203222 -0.504304 0.187351 -0.87068 -0.45477 0.485867 
1533738337745 0.216219 0.840928 -0.496073 -0.600246 -0.95823 0.280196 0.057325 -0.193935 0.187204 0.462957 0.866386 0.381451 0.31622 -0.384863 0.867113 0.400795 -0.930002 -0.306262 0.203222 -0.504304 0.187351 -0.87068 -0.45477 0.485867 
1533738337762 0.216038 0.840918 -0.496169 -0.600244 -0.958239 0.280121 0.0575268 -0.193959 0.187363 0.463021 0.866318 0.381483 0.31622 -0.384863 0.867113 0.400795 -0.930002 -0.306262 0.203222 -0.504304 0.187351 -0.87068 -0.45477 0.485867 
1533738337778 0.215856 0.840909 -0.496264 -0.600243 -0.958249 0.280046 0.0577291 -0.193984 0.187522 0.463084 0.86625 0.381513 0.31622 -0.384863 0.867113 0.400795 -0.930002 -0.306262 0.203222 -0.504304 0.187351 -0.87068 -0.45477 0.485867 
1533738337838 0.216677 0.841034 -0.495694 -0.600219 -0.958183 0.28043 0.0569606 -0.19391 0.186914 0.462624 0.866627 0.381477 0.31622 -0.384863 0.867113 0.400795 -0.930002 -0.306262 0.203222 -0.504304 0.187351 -0.87068 -0.45477 0.485867 
1533738337850 0.216592 0.840943 -0.495886 -0.600222 -0.958177 0.280431 0.0570554 -0.193901 0.187042 0.462789 0.866511 0.381484 0.31622 -0.384863 0.867113 0.400795 -0.930002 -0.306262 0.203222 -0.504304 0.187351 -0.87068 -0.45477 0.485867 
1533738337867 0.216507 0.840851 -0.496079 -0.60022 -0.958171 0.280432 0.0571499 -0.19389 0.187171 0.462955 0.866395 0.381494 0.31622 -0.384863 0.867113 0.400795 -0.930002 -0.306262 0.203222 -0.504304 0.187351 -0.87068 -0.45477 0.485867 
1533738337884 0.216422 0.840759 -0.496272 -0.600218 -0.958165 0.280434 0.0572445 -0.193878 0.1873 0.463121 0.866278 0.381504 0.31622 -0.384863 0.867113 0.400795 -0.930002 -0.306262 0.203222 -0.504304 0.187351 -0.87068 -0.45477 0.485867 
1533738337901 0.216337 0.840667 -0.496465 -0.600215 -0.958159 0.280435 0.057339 -0.193866 0.187429 0.463288 0.866161 0.381514 0.31622 -0.384863 0.867113 0.400795 -0.930002 -0.306262 0.203222 -0.504304 0.187351 -0.87068 -0.45477 0.485867 
1533738337917 0.216253 0.840575 -0.496658 -0.600213 -0.958153 0.280436 0.0574334 -0.193854 0.187558 0.463454 0.866044 0.381523 0.31622 -0.384863 0.867113 0.400795 -0.930002 -0.306262 0.203222 -0.504304 0.187351 -0.87068 -0.45477 0.485867 
1533738337961 0.216167 0.840483 -0.49685 -0.600212 -0.958147 0.280438 0.0575281 -0.193842 0.187687 0.46362 0.865927 0.381533 0.31622 -0.384863 0.867113 0.400795 -0.930002 -0.306262 0.203222 -0.504304 0.187351 -0.87068 -0.45477 0.485867 
1533738337977 0.216083 0.84039 -0.497043 -0.600209 -0.958141 0.280439 0.0576225 -0.19383 0.187816 0.463786 0.86581 0.381543 0.31622 -0.384863 0.867113 0.400795 -0.930002 -0.306262 0.203222 -0.504304 0.187351 -0.87068 -0.45477 0.485867 
1533738337995 0.215998 0.840298 -0.497236 -0.600207 -0.958135 0.280441 0.0577171 -0.193818 0.187945 0.463952 0.865693 0.381552 0.31622 -0.384863 0.867113 0.400795 -0.930002 -0.306262 0.203222 -0.504304 0.187351 -0.87068 -0.45477 0.485867 
1533738338043 0.215912 0.840206 -0.497429 -0.600206 -0.958128 0.280442 0.0578118 -0.193807 0.188074 0.464118 0.865576 0.381561 0.31622 -0.384863 0.867113 0.400795 -0.930002 -0.306262 0.203222 -0.504304 0.187351 -0.87068 -0.45477 0.485867 
1533738338069 0.216312 0.840534 -0.496702 -0.600233 -0.958127 0.280521 0.0574458 -0.193869 0.187621 0.463477 0.866018 0.381475 0.31622 -0.384863 0.867113 0.400795 -0.930002 -0.306262 0.203222 -0.504304 0.187351 -0.87068 -0.45477 0.485867 
1533738338083 0.216481 0.84047 -0.496736 -0.600238 -0.958104 0.280633 0.0572784 -0.19385 0.187541 0.463525 0.86601 0.38148 0.31622 -0.384863 0.867113 0.400795 -0.930002 -0.306262 0.203222 -0.504304 0.187351 -0.87068 -0.45477 0.485867 
1533738338099 0.216652 0.840405 -0.496771 -0.600242 -0.958081 0.280746 0.0571105 -0.193829 0.187463 0.463574 0.866001 0.381486 0.31622 -0.384863 0.867113 0.400795 -0.930002 -0.306262 0.203222 -0.504304 0.187351 -0.87068 -0.45477 0.485867 
1533738338116 0.216822 0.84034 -0.496806 -0.600244 -0.958058 0.28086 0.0569422 -0.193808 0.187384 0.463623 0.865991 0.381493 0.31622 -0.384863 0.867113 0.400795 -0.930002 -0.306262 0.203222 -0.504304 0.187351 -0.87068 -0.45477 0.485867 
1533738338123 0.216993 0.840275 -0.496842 -0.600246 -0.958035 0.280973 0.0567737 -0.193786 0.187305 0.463673 0.865982 0.381499 0.31622 -0.384863 0.867113 0.400795 -0.930002 -0.306262 0.203222 -0.504304 0.187351 -0.87068 -0.45477 0.485867 
1533738338210 0.217164 0.84021 -0.496878 -0.600248 -0.958012 0.281087 0.0566052 -0.193763 0.187226 0.463722 0.865972 0.381506 0.31622 -0.384863 0.867113 0.400795 -0.930002 -0.306262 0.203222 -0.504304 0.187351 -0.87068 -0.45477 0.485867 
1533738338237 0.217335 0.840145 -0.496913 -0.600251 -0.957988 0.2812 0.0564371 -0.193742 0.187147 0.463771 0.865963 0.381513 0.31622 -0.384863 0.867113 0.400795 -0.930002 -0.306262 0.203222 -0.504304 0.187351 -0.87068 -0.45477 0.485867 
1533738338273 0.217506 0.840079 -0.496949 -0.600252 -0.957965 0.281313 0.0562685 -0.19372 0.187068 0.463821 0.865954 0.38152 0.31622 -0.384863 0.867113 0.400795 -0.930002 -0.306262 0.203222 -0.504304 0.187351 -0.87068 -0.45477 0.485867 
1533738338317 0.217676 0.840014 -0.496984 -0.600254 -0.957942 0.281426 0.0561003 -0.193699 0.186989 0.46387 0.865944 0.381526 0.31622 -0.384863 0.867113 0.400795 -0.930002 -0.306262 0.203222 -0.504304 0.187351 -0.87068 -0.45477 0.485867 
1533738338339 0.217847 0.839949 -0.49702 -0.600256 -0.957918 0.28154 0.0559316 -0.193676 0.186911 0.46392 0.865935 0.381533 0.31622 -0.384863 0.867113 0.400795 -0.930002 -0.306262 0.203222 -0.504304 0.187351 -0.87068 -0.45477 0.485867 
1533738338367 0.217339 0.84023 -0.496767 -0.60026 -0.957972 0.281232 0.0565548 -0.193671 0.187226 0.463597 0.866039 0.381521 0.31622 -0.384863 0.867113 0.400795 -0.930002 -0.306262 0.203222 -0.504304 0.187351 -0.87068 -0.45477 0.485867 
1533738338380 0.21741 0.840258 -0.496689 -0.60026 -0.957971 0.28125 0.0564737 -0.193669 0.187146 0.463536 0.866089 0.381519 0.31622 -0.384863 0.867113 0.400795 -0.930002 -0.306262 0.203222 -0.504304 0.187351 -0.87068 -0.45477 0.485867 
1533738338397 0.217481 0.840286 -0.49661 -0.600261 -0.957971 0.281267 0.0563919 -0.193664 0.187065 0.463473 0.86614 0.381516 0.31622 -0.384863 0.867113 0.400795 -0.930002 -0.306262 0.203222 -0.504304 0.187351 -0.87068 -0.45477 0.485867 
1533738338413 0.217551 0.840315 -0.49653 -0.600262 -0.957971 0.281285 0.0563104 -0.19366 0.186985 0.463411 0.866191 0.381514 0.31622 -0.384863 0.867113 0.400795 -0.930002 -0.306262 0.203222 -0.504304 0.187351 -0.87068 -0.45477 0.485867 
1533738338430 0.217623 0.840343 -0.496451 -0.600264 -0.95797 0.281303 0.0562285 -0.193655 0.186904 0.463349 0.866242 0.38151 0.31622 -0.384863 0.867113 0.400795 -0.930002 -0.306262 0.203222 -0.504304 0.187351 -0.87068 -0.45477 0.485867 
1533738338447 0.217694 0.840372 -0.496372 -0.600265 -0.95797 0.28132 0.0561468 -0.193651 0.186824 0.463287 0.866292 0.381508 0.31622 -0.384863 0.867113 0.400795 -0.930002 -0.306262 0.203222 -0.504304 0.187351 -0.87068 -0.45477 0.485867 
1533738338463 0.217764 0.8404 -0.496293 -0.600266 -0.95797 0.281338 0.0560652 -0.193647 0.186743 0.463224 0.866343 0.381505 0.31622 -0.384863 0.867113 0.400795 -0.930002 -0.306262 0.203222 -0.504304 0.187351 -0.87068 -0.45477 0.485867 
1533738338482 0.217835 0.840428 -0.496214 -0.600267 -0.957969 0.281355 0.0559836 -0.193644 0.186663 0.463162 0.866394 0.381503 0.31622 -0.384863 0.867113 0.400795 -0.930002 -0.306262 0.203222 -0.504304 0.187351 -0.87068 -0.45477 0.485867 
1533738338497 0.217906 0.840457 -0.496134 -0.600269 -0.957969 0.281373 0.0559016 -0.193638 0.186582 0.4631 0.866444 0.3815 0.31622 -0.384863 0.867113 0.400795 -0.930002 -0.306262 0.203222 -0.504304 0.187351 -0.87068 -0.45477 0.485867 
1533738338513 0.217977 0.840485 -0.496055 -0.60027 -0.957968 0.281391 0.05582 -0.193634 0.186501 0.463037 0.866495 0.381497 0.31622 -0.384863 0.867113 0.400795 -0.930002 -0.306262 0.203222 -0.504304 0.187351 -0.87068 -0.45477 0.485867 
1533738338544 0.217931 0.840038 -0.496832 -0.600254 -0.957869 0.281674 0.0560906 -0.193721 0.187063 0.463676 0.866032 0.38152 0.31622 -0.384863 0.867113 0.400795 -0.930002 -0.306262 0.203222 -0.504304 0.187351 -0.87068 -0.45477 0.485867 
1533738338557 0.218013 0.840194 -0.496532 -0.60026 -0.957859 0.281705 0.05611 -0.193712 0.187019 0.463375 0.866203 0.381471 0.31622 -0.384863 0.867113 0.400795 -0.930002 -0.306262 0.203222 -0.504304 0.187351 -0.87068 -0.45477 0.485867 
1533738338574 0.218094 0.840352 -0.49623 -0.600271 -0.957849 0.281734 0.0561319 -0.193707 0.186975 0.463071 0.866375 0.38142 0.31622 -0.384863 0.867113 0.400795 -0.930002 -0.306262 0.203222 -0.504304 0.187351 -0.87068 -0.45477 0.485867 
1533738338591 0.218175 0.840509 -0.495927 -0.600283 -0.957839 0.281764 0.0561541 -0.193703 0.186932 0.462767 0.866546 0.381368 0.31622 -0.384863 0.867113 0.400795 -0.930002 -0.306262 0.203222 -0.504304 0.187351 -0.87068 -0.45477 0.485867 
1533738338607 0.218256 0.840666 -0.495626 -0.600293 -0.957829 0.281793 0.0561756 -0.193696 0.186889 0.462464 0.866718 0.381317 0.31622 -0.384863 0.867113 0.400795 -0.930002 -0.306262 0.203222 -0.504304 0.187351 -0.87068 -0.45477 0.485867 
1533738338683 0.218337 0.840823 -0.495324 -0.600304 -0.957819 0.281823 0.0561976 -0.193692 0.186846 0.46216 0.866889 0.381266 0.31622 -0.384863 0.867113 0.400795 -0.930002 -0.306262 0.203222 -0.504304 0.187351 -0.87068 -0.45477 0.485867 
1533738338741 0.218418 0.84098 -0.495022 -0.600314 -0.957809 0.281853 0.0562193 -0.193686 0.186802 0.461857 0.86706 0.381215 0.31622 -0.384863 0.867113 0.400795 -0.930002 -0.306262 0.203222 -0.504304 0.187351 -0.87068 -0.45477 0.485867 
1533738338771 0.218498 0.841137 -0.494719 -0.600326 -0.957799 0.281882 0.0562414 -0.193681 0.186759 0.461553 0.867231 0.381163 0.31622 -0.384863 0.867113 0.400795 -0.930002 -0.306262 0.203222 -0.504304 0.187351 -0.87068 -0.45477 0.485867 
