1534349921070 0.0676007 0.81669 -0.573103 -0.581876 -0.952563 0.223674 0.206383 -0.230243 0.296739 0.531965 0.793069 0.42863 0.16008 -0.304787 0.938871 0.370831 -0.775623 0.549475 0.310623 -0.528794 -0.61056 -0.777934 -0.14844 0.432481 
1534349921084 0.0703657 0.816028 -0.573713 -0.58507 -0.952848 0.225175 0.203414 -0.229729 0.295177 0.532348 0.793395 0.427965 0.316241 -0.38488 0.867098 0.400864 -0.930001 -0.306251 0.203246 -0.504429 0.187325 -0.870677 -0.454788 0.485926 
1534349921441 0.0731308 0.815362 -0.574314 -0.588265 -0.953122 0.226673 0.200444 -0.229215 0.293616 0.532732 0.793717 0.4273 0.316241 -0.38488 0.867098 0.400864 -0.930001 -0.306251 0.203246 -0.504429 0.187325 -0.870677 -0.454788 0.485926 
1534349921782 0.0758977 0.814692 -0.574906 -0.591459 -0.953385 0.228169 0.197472 -0.228701 0.292054 0.533119 0.794033 0.426635 0.316241 -0.38488 0.867098 0.400864 -0.930001 -0.306251 0.203246 -0.504429 0.187325 -0.870677 -0.454788 0.485926 
1534349922126 0.0786651 0.814017 -0.57549 -0.594653 -0.953638 0.229663 0.194497 -0.228186 0.290492 0.533509 0.794344 0.42597 0.316241 -0.38488 0.867098 0.400864 -0.930001 -0.306251 0.203246 -0.504429 0.187325 -0.870677 -0.454788 0.485926 
1534349922132 0.0814324 0.813338 -0.576065 -0.597847 -0.953881 0.231153 0.191521 -0.227672 0.28893 0.533901 0.79465 0.425306 0.316241 -0.38488 0.867098 0.400864 -0.930001 -0.306251 0.203246 -0.504429 0.187325 -0.870677 -0.454788 0.485926 
1534349922613 0.0842011 0.812654 -0.576631 -0.601041 -0.954112 0.232641 0.188542 -0.227158 0.287367 0.534295 0.794952 0.424641 0.316241 -0.38488 0.867098 0.400864 -0.930001 -0.306251 0.203246 -0.504429 0.187325 -0.870677 -0.454788 0.485926 
1534349922968 0.0869704 0.811966 -0.577189 -0.604234 -0.954333 0.234126 0.185561 -0.226643 0.285804 0.534692 0.795249 0.423976 0.316241 -0.38488 0.867098 0.400864 -0.930001 -0.306251 0.203246 -0.504429 0.187325 -0.870677 -0.454788 0.485926 
1534349923322 0.0897405 0.811274 -0.577738 -0.607428 -0.954544 0.235609 0.182578 -0.226129 0.284241 0.535091 0.79554 0.423311 0.316241 -0.38488 0.867098 0.400864 -0.930001 -0.306251 0.203246 -0.504429 0.187325 -0.870677 -0.454788 0.485926 
1534349923670 0.0925458 0.810562 -0.578295 -0.610353 -0.954742 0.237117 0.179563 -0.225484 0.28267 0.535505 0.795822 0.422679 0.316531 -0.385118 0.866887 0.401814 -0.929976 -0.306103 0.20358 -0.50615 0.186955 -0.870623 -0.455042 0.486735 
1534349924025 0.0921448 0.810854 -0.577949 -0.609889 -0.954658 0.23695 0.180232 -0.225661 0.283087 0.535136 0.795922 0.422864 0.316531 -0.385118 0.866887 0.401814 -0.929976 -0.306103 0.20358 -0.50615 0.186955 -0.870623 -0.455042 0.486735 
1534349924035 0.0930821 0.811085 -0.577475 -0.610183 -0.954691 0.237367 0.179505 -0.225576 0.282667 0.534601 0.79643 0.42259 0.316221 -0.384863 0.867113 0.400797 -0.930002 -0.306262 0.203223 -0.504308 0.187351 -0.87068 -0.45477 0.485869 
1534349924165 0.0940194 0.811315 -0.577 -0.610478 -0.954724 0.237783 0.178778 -0.225492 0.282246 0.534067 0.796938 0.422316 0.316221 -0.384863 0.867113 0.400797 -0.930002 -0.306262 0.203223 -0.504308 0.187351 -0.87068 -0.45477 0.485869 
1534349924280 0.0949558 0.811544 -0.576523 -0.610772 -0.954756 0.2382 0.178051 -0.225407 0.281824 0.533532 0.797445 0.422042 0.316221 -0.384863 0.867113 0.400797 -0.930002 -0.306262 0.203223 -0.504308 0.187351 -0.87068 -0.45477 0.485869 
1534349924380 0.0958918 0.811773 -0.576046 -0.611066 -0.954787 0.238617 0.177324 -0.225323 0.281401 0.532998 0.797952 0.421768 0.316221 -0.384863 0.867113 0.400797 -0.930002 -0.306262 0.203223 -0.504308 0.187351 -0.87068 -0.45477 0.485869 
1534349924503 0.0968277 0.812001 -0.575568 -0.611361 -0.954817 0.239035 0.176597 -0.225238 0.280978 0.532463 0.798458 0.421494 0.316221 -0.384863 0.867113 0.400797 -0.930002 -0.306262 0.203223 -0.504308 0.187351 -0.87068 -0.45477 0.485869 
1534349924587 0.097763 0.812228 -0.575089 -0.611655 -0.954847 0.239452 0.175871 -0.225154 0.280553 0.531928 0.798963 0.42122 0.316221 -0.384863 0.867113 0.400797 -0.930002 -0.306262 0.203223 -0.504308 0.187351 -0.87068 -0.45477 0.485869 
1534349924707 0.0986982 0.812455 -0.574609 -0.611949 -0.954875 0.23987 0.175144 -0.225069 0.280128 0.531394 0.799468 0.420946 0.316221 -0.384863 0.867113 0.400797 -0.930002 -0.306262 0.203223 -0.504308 0.187351 -0.87068 -0.45477 0.485869 
1534349924794 0.0996332 0.812681 -0.574128 -0.612243 -0.954903 0.240289 0.174418 -0.224985 0.279703 0.530859 0.799972 0.420672 0.316221 -0.384863 0.867113 0.400797 -0.930002 -0.306262 0.203223 -0.504308 0.187351 -0.87068 -0.45477 0.485869 
1534349924800 0.100567 0.812906 -0.573647 -0.612538 -0.95493 0.240708 0.173692 -0.2249 0.279276 0.530324 0.800475 0.420398 0.316221 -0.384863 0.867113 0.400797 -0.930002 -0.306262 0.203223 -0.504308 0.187351 -0.87068 -0.45477 0.485869 
1534349924986 0.09951 0.812674 -0.574159 -0.612298 -0.954878 0.240267 0.174584 -0.224881 0.279831 0.530879 0.799913 0.420603 0.316221 -0.384863 0.867113 0.400797 -0.930002 -0.306262 0.203223 -0.504308 0.187351 -0.87068 -0.45477 0.485869 
1534349924999 0.0995885 0.813065 -0.573592 -0.612424 -0.954753 0.24043 0.175043 -0.22492 0.28023 0.530206 0.800221 0.420516 0.31622 -0.384863 0.867113 0.400795 -0.930002 -0.306262 0.203222 -0.504304 0.187351 -0.87068 -0.454769 0.485867 
1534349925015 0.0996681 0.813456 -0.573024 -0.612555 -0.954628 0.240594 0.175501 -0.224962 0.280628 0.529533 0.800527 0.420427 0.31622 -0.384863 0.867113 0.400795 -0.930002 -0.306262 0.203222 -0.504304 0.187351 -0.87068 -0.454769 0.485867 
1534349925022 0.0997474 0.813846 -0.572456 -0.612685 -0.954502 0.240756 0.17596 -0.225004 0.281027 0.528859 0.800832 0.420339 0.31622 -0.384863 0.867113 0.400795 -0.930002 -0.306262 0.203222 -0.504304 0.187351 -0.87068 -0.454769 0.485867 
1534349925194 0.0998268 0.814236 -0.571887 -0.612816 -0.954376 0.240919 0.17642 -0.225046 0.281425 0.528184 0.801137 0.420251 0.31622 -0.384863 0.867113 0.400795 -0.930002 -0.306262 0.203222 -0.504304 0.187351 -0.87068 -0.454769 0.485867 
1534349925240 0.0999061 0.814625 -0.571318 -0.612946 -0.954251 0.24108 0.176879 -0.225087 0.281824 0.527509 0.801442 0.420163 0.31622 -0.384863 0.867113 0.400795 -0.930002 -0.306262 0.203222 -0.504304 0.187351 -0.87068 -0.454769 0.485867 
1534349925365 0.0999868 0.815014 -0.570749 -0.613077 -0.954124 0.241242 0.177338 -0.225129 0.282222 0.526835 0.801746 0.420075 0.31622 -0.384863 0.867113 0.400795 -0.930002 -0.306262 0.203222 -0.504304 0.187351 -0.87068 -0.454769 0.485867 
1534349925407 0.100067 0.815403 -0.57018 -0.613207 -0.953998 0.241403 0.177798 -0.22517 0.28262 0.526159 0.802049 0.419987 0.31622 -0.384863 0.867113 0.400795 -0.930002 -0.306262 0.203222 -0.504304 0.187351 -0.87068 -0.454769 0.485867 
1534349925532 0.100147 0.815791 -0.569611 -0.613336 -0.953872 0.241563 0.178258 -0.225211 0.283018 0.525483 0.802352 0.419899 0.31622 -0.384863 0.867113 0.400795 -0.930002 -0.306262 0.203222 -0.504304 0.187351 -0.87068 -0.454769 0.485867 
1534349925575 0.100229 0.816178 -0.569041 -0.613468 -0.953745 0.241724 0.178717 -0.225254 0.283416 0.524807 0.802653 0.419811 0.31622 -0.384863 0.867113 0.400795 -0.930002 -0.306262 0.203222 -0.504304 0.187351 -0.87068 -0.454769 0.485867 
1534349925704 0.100092 0.815718 -0.569724 -0.613316 -0.95389 0.241521 0.178219 -0.225192 0.282977 0.525615 0.80228 0.419877 0.31622 -0.384863 0.867113 0.400795 -0.930002 -0.306262 0.203222 -0.504304 0.187351 -0.87068 -0.454769 0.485867 
1534349925715 0.0997721 0.81579 -0.569677 -0.613298 -0.953921 0.241254 0.178413 -0.225356 0.282984 0.525626 0.80227 0.419903 0.31622 -0.384863 0.867113 0.400795 -0.930002 -0.306262 0.203222 -0.504304 0.187351 -0.87068 -0.454769 0.485867 
1534349925731 0.0994493 0.815863 -0.56963 -0.613281 -0.953952 0.240985 0.178609 -0.225522 0.282992 0.525637 0.80226 0.419929 0.31622 -0.384863 0.867113 0.400795 -0.930002 -0.306262 0.203222 -0.504304 0.187351 -0.87068 -0.454769 0.485867 
1534349925839 0.099127 0.815935 -0.569582 -0.613266 -0.953984 0.240717 0.178804 -0.225688 0.283 0.525648 0.80225 0.419954 0.31622 -0.384863 0.867113 0.400795 -0.930002 -0.306262 0.203222 -0.504304 0.187351 -0.87068 -0.454769 0.485867 
1534349925897 0.0988047 0.816007 -0.569535 -0.613252 -0.954015 0.240448 0.179 -0.225854 0.283009 0.525658 0.80224 0.419979 0.31622 -0.384863 0.867113 0.400795 -0.930002 -0.306262 0.203222 -0.504304 0.187351 -0.87068 -0.454769 0.485867 
1534349926099 0.0984829 0.816079 -0.569487 -0.613238 -0.954045 0.24018 0.179195 -0.226021 0.283017 0.525669 0.80223 0.420005 0.31622 -0.384863 0.867113 0.400795 -0.930002 -0.306262 0.203222 -0.504304 0.187351 -0.87068 -0.454769 0.485867 
1534349926116 0.0981609 0.816151 -0.56944 -0.613222 -0.954076 0.239912 0.17939 -0.226187 0.283025 0.52568 0.80222 0.42003 0.31622 -0.384863 0.867113 0.400795 -0.930002 -0.306262 0.203222 -0.504304 0.187351 -0.87068 -0.454769 0.485867 
1534349926240 0.0978379 0.816223 -0.569392 -0.613206 -0.954107 0.239643 0.179586 -0.226352 0.283033 0.525691 0.80221 0.420056 0.31622 -0.384863 0.867113 0.400795 -0.930002 -0.306262 0.203222 -0.504304 0.187351 -0.87068 -0.454769 0.485867 
1534349926288 0.0975161 0.816295 -0.569345 -0.613192 -0.954137 0.239375 0.179781 -0.226519 0.283041 0.525702 0.8022 0.420081 0.31622 -0.384863 0.867113 0.400795 -0.930002 -0.306262 0.203222 -0.504304 0.187351 -0.87068 -0.454769 0.485867 
1534349926387 0.097194 0.816367 -0.569297 -0.613177 -0.954168 0.239107 0.179976 -0.226685 0.283049 0.525712 0.802191 0.420107 0.31622 -0.384863 0.867113 0.400795 -0.930002 -0.306262 0.203222 -0.504304 0.187351 -0.87068 -0.454769 0.485867 
1534349926448 0.0974794 0.816364 -0.569252 -0.61319 -0.954164 0.239283 0.179764 -0.226343 0.282965 0.525636 0.80227 0.420104 0.31622 -0.384863 0.867113 0.400795 -0.930002 -0.306262 0.203222 -0.504304 0.187351 -0.87068 -0.454769 0.485867 
1534349926459 0.0969471 0.81629 -0.569449 -0.613071 -0.954197 0.238933 0.180054 -0.226584 0.283036 0.525911 0.802065 0.420115 0.31622 -0.384863 0.867113 0.400795 -0.930002 -0.306262 0.203222 -0.504304 0.187351 -0.87068 -0.45477 0.485867 
1534349926466 0.0964133 0.816215 -0.569646 -0.612956 -0.95423 0.238581 0.180345 -0.226828 0.283107 0.526186 0.80186 0.420128 0.31622 -0.384863 0.867113 0.400795 -0.930002 -0.306262 0.203222 -0.504304 0.187351 -0.87068 -0.45477 0.485867 
1534349926568 0.09588 0.816141 -0.569843 -0.61284 -0.954263 0.238229 0.180635 -0.227072 0.283177 0.526461 0.801654 0.42014 0.31622 -0.384863 0.867113 0.400795 -0.930002 -0.306262 0.203222 -0.504304 0.187351 -0.87068 -0.45477 0.485867 
1534349926660 0.0953468 0.816066 -0.57004 -0.612723 -0.954296 0.237877 0.180925 -0.227316 0.283246 0.526736 0.801449 0.420152 0.31622 -0.384863 0.867113 0.400795 -0.930002 -0.306262 0.203222 -0.504304 0.187351 -0.87068 -0.45477 0.485867 
1534349926759 0.0948133 0.81599 -0.570237 -0.612609 -0.954328 0.237526 0.181215 -0.22756 0.283316 0.527012 0.801243 0.420163 0.31622 -0.384863 0.867113 0.400795 -0.930002 -0.306262 0.203222 -0.504304 0.187351 -0.87068 -0.45477 0.485867 
1534349926866 0.09428 0.815915 -0.570433 -0.612492 -0.954361 0.237174 0.181506 -0.227803 0.283385 0.527287 0.801038 0.420175 0.31622 -0.384863 0.867113 0.400795 -0.930002 -0.306262 0.203222 -0.504304 0.187351 -0.87068 -0.45477 0.485867 
1534349926951 0.0937471 0.815839 -0.57063 -0.612378 -0.954393 0.236823 0.181796 -0.228048 0.283454 0.527562 0.800832 0.420187 0.31622 -0.384863 0.867113 0.400795 -0.930002 -0.306262 0.203222 -0.504304 0.187351 -0.87068 -0.45477 0.485867 
1534349927056 0.0932129 0.815763 -0.570825 -0.612262 -0.954424 0.236471 0.182087 -0.228291 0.283524 0.527837 0.800626 0.420199 0.31622 -0.384863 0.867113 0.400795 -0.930002 -0.306262 0.203222 -0.504304 0.187351 -0.87068 -0.45477 0.485867 
1534349927146 0.0926794 0.815687 -0.571021 -0.612146 -0.954456 0.23612 0.182378 -0.228535 0.283592 0.528112 0.800421 0.420211 0.31622 -0.384863 0.867113 0.400795 -0.930002 -0.306262 0.203222 -0.504304 0.187351 -0.87068 -0.45477 0.485867 
1534349927263 0.0931675 0.81587 -0.570681 -0.612298 -0.954463 0.236338 0.182056 -0.228209 0.283407 0.527732 0.800737 0.42021 0.31622 -0.384863 0.867113 0.400795 -0.930002 -0.306262 0.203222 -0.504304 0.187351 -0.87068 -0.45477 0.485867 
1534349927269 0.092912 0.815787 -0.570841 -0.612018 -0.954527 0.236093 0.182038 -0.228322 0.283275 0.527969 0.800627 0.42025 0.31622 -0.384863 0.867113 0.400795 -0.930002 -0.306262 0.203222 -0.504304 0.187351 -0.87068 -0.45477 0.485867 
1534349927276 0.0926573 0.815704 -0.571 -0.611732 -0.954591 0.235849 0.182019 -0.228432 0.283144 0.528207 0.800517 0.420291 0.31622 -0.384863 0.867113 0.400795 -0.930002 -0.306262 0.203222 -0.504304 0.187351 -0.87068 -0.45477 0.485867 
1534349927445 0.0924033 0.815621 -0.571161 -0.611447 -0.954655 0.235606 0.182 -0.228542 0.283012 0.528444 0.800407 0.420332 0.31622 -0.384863 0.867113 0.400795 -0.930002 -0.306262 0.203222 -0.504304 0.187351 -0.87068 -0.45477 0.485867 
1534349927502 0.0921495 0.815537 -0.571321 -0.611162 -0.954718 0.235362 0.181982 -0.228652 0.28288 0.528681 0.800297 0.420373 0.31622 -0.384863 0.867113 0.400795 -0.930002 -0.306262 0.203222 -0.504304 0.187351 -0.87068 -0.45477 0.485867 
1534349927618 0.091896 0.815453 -0.571481 -0.610877 -0.954782 0.235119 0.181962 -0.228763 0.282748 0.528918 0.800187 0.420414 0.31622 -0.384863 0.867113 0.400795 -0.930002 -0.306262 0.203222 -0.504304 0.187351 -0.87068 -0.45477 0.485867 
1534349927675 0.0916416 0.81537 -0.571641 -0.610591 -0.954845 0.234875 0.181944 -0.228873 0.282616 0.529155 0.800077 0.420455 0.31622 -0.384863 0.867113 0.400795 -0.930002 -0.306262 0.203222 -0.504304 0.187351 -0.87068 -0.45477 0.485867 
1534349927791 0.0913875 0.815286 -0.571801 -0.610307 -0.954909 0.234632 0.181926 -0.228984 0.282484 0.529392 0.799967 0.420496 0.31622 -0.384863 0.867113 0.400795 -0.930002 -0.306262 0.203222 -0.504304 0.187351 -0.87068 -0.45477 0.485867 
1534349927834 0.0911342 0.815202 -0.571962 -0.610023 -0.954972 0.234389 0.181907 -0.229095 0.282352 0.52963 0.799856 0.420537 0.31622 -0.384863 0.867113 0.400795 -0.930002 -0.306262 0.203222 -0.504304 0.187351 -0.87068 -0.45477 0.485867 
1534349927956 0.0908799 0.815118 -0.572121 -0.609736 -0.955036 0.234145 0.181888 -0.229204 0.28222 0.529866 0.799746 0.420578 0.31622 -0.384863 0.867113 0.400795 -0.930002 -0.306262 0.203222 -0.504304 0.187351 -0.87068 -0.45477 0.485867 
1534349928014 0.0911287 0.815158 -0.572026 -0.610107 -0.95499 0.234367 0.181843 -0.22903 0.282295 0.529708 0.799824 0.420438 0.31622 -0.384863 0.867113 0.400795 -0.930002 -0.306262 0.203222 -0.504304 0.187351 -0.87068 -0.45477 0.485867 
1534349928027 0.0908501 0.815324 -0.571834 -0.609839 -0.955046 0.234042 0.181965 -0.229085 0.282193 0.529596 0.799935 0.420495 0.31622 -0.384863 0.867113 0.400795 -0.930002 -0.306262 0.203222 -0.504304 0.187351 -0.87068 -0.45477 0.485867 
1534349928045 0.0905734 0.815489 -0.571642 -0.609566 -0.955103 0.233717 0.182084 -0.229138 0.28209 0.529485 0.800044 0.420552 0.31622 -0.384863 0.867113 0.400795 -0.930002 -0.306262 0.203222 -0.504304 0.187351 -0.87068 -0.45477 0.485867 
1534349928109 0.0902965 0.815654 -0.57145 -0.609294 -0.95516 0.233393 0.182203 -0.229192 0.281987 0.529374 0.800154 0.420609 0.31622 -0.384863 0.867113 0.400795 -0.930002 -0.306262 0.203222 -0.504304 0.187351 -0.87068 -0.45477 0.485867 
1534349928171 0.0900201 0.815819 -0.571259 -0.609024 -0.955216 0.233068 0.182322 -0.229245 0.281884 0.529263 0.800264 0.420666 0.31622 -0.384863 0.867113 0.400795 -0.930002 -0.306262 0.203222 -0.504304 0.187351 -0.87068 -0.45477 0.485867 
1534349928245 0.0897426 0.815984 -0.571066 -0.608751 -0.955273 0.232743 0.182441 -0.229298 0.281781 0.529151 0.800374 0.420724 0.31622 -0.384863 0.867113 0.400795 -0.930002 -0.306262 0.203222 -0.504304 0.187351 -0.87068 -0.45477 0.485867 
1534349928307 0.0894662 0.816148 -0.570875 -0.60848 -0.955329 0.232419 0.182559 -0.229352 0.281678 0.52904 0.800484 0.420781 0.31622 -0.384863 0.867113 0.400795 -0.930002 -0.306262 0.203222 -0.504304 0.187351 -0.87068 -0.45477 0.485867 
1534349928384 0.0891887 0.816313 -0.570683 -0.608206 -0.955385 0.232094 0.182679 -0.229405 0.281575 0.528929 0.800593 0.420838 0.31622 -0.384863 0.867113 0.400795 -0.930002 -0.306262 0.203222 -0.504304 0.187351 -0.87068 -0.45477 0.485867 
1534349928451 0.0889116 0.816477 -0.57049 -0.607935 -0.955441 0.231769 0.182797 -0.229458 0.281472 0.528817 0.800703 0.420895 0.31622 -0.384863 0.867113 0.400795 -0.930002 -0.306262 0.203222 -0.504304 0.187351 -0.87068 -0.45477 0.485867 
1534349928533 0.0886351 0.816641 -0.570299 -0.607663 -0.955497 0.231444 0.182916 -0.229512 0.281369 0.528706 0.800813 0.420952 0.31622 -0.384863 0.867113 0.400795 -0.930002 -0.306262 0.203222 -0.504304 0.187351 -0.87068 -0.45477 0.485867 
1534349928613 0.0890248 0.816451 -0.570511 -0.608052 -0.955428 0.231872 0.18274 -0.229411 0.281483 0.528814 0.800702 0.420885 0.31622 -0.384863 0.867113 0.400795 -0.930002 -0.306262 0.203222 -0.504304 0.187351 -0.87068 -0.45477 0.485867 
1534349928624 0.0884005 0.816319 -0.570797 -0.607815 -0.95541 0.23157 0.183211 -0.22948 0.281738 0.529149 0.80039 0.420977 0.31622 -0.384863 0.867113 0.400795 -0.930002 -0.306262 0.203222 -0.504304 0.187351 -0.87068 -0.45477 0.485867 
1534349928645 0.0877776 0.816186 -0.571083 -0.607572 -0.955393 0.23127 0.183681 -0.229547 0.281992 0.529486 0.800078 0.421069 0.31622 -0.384863 0.867113 0.400795 -0.930002 -0.306262 0.203222 -0.504304 0.187351 -0.87068 -0.45477 0.485867 
1534349928658 0.0871545 0.816052 -0.571369 -0.60733 -0.955375 0.230969 0.18415 -0.229615 0.282245 0.529822 0.799766 0.421162 0.31622 -0.384863 0.867113 0.400795 -0.930002 -0.306262 0.203222 -0.504304 0.187351 -0.87068 -0.45477 0.485867 
1534349928793 0.0865315 0.815919 -0.571655 -0.607088 -0.955357 0.230669 0.18462 -0.229682 0.282498 0.530159 0.799454 0.421254 0.31622 -0.384863 0.867113 0.400795 -0.930002 -0.306262 0.203222 -0.504304 0.187351 -0.87068 -0.45477 0.485867 
1534349928800 0.0859088 0.815784 -0.57194 -0.606846 -0.955339 0.23037 0.185089 -0.22975 0.28275 0.530496 0.799141 0.421346 0.31622 -0.384863 0.867113 0.400795 -0.930002 -0.306262 0.203222 -0.504304 0.187351 -0.87068 -0.45477 0.485867 
1534349928980 0.0852849 0.81565 -0.572225 -0.606603 -0.95532 0.230069 0.185559 -0.229816 0.283003 0.530832 0.798828 0.421439 0.31622 -0.384863 0.867113 0.400795 -0.930002 -0.306262 0.203222 -0.504304 0.187351 -0.87068 -0.45477 0.485867 
1534349929000 0.0846613 0.815516 -0.572509 -0.606362 -0.955301 0.229769 0.186029 -0.229884 0.283255 0.531169 0.798515 0.421531 0.31622 -0.384863 0.867113 0.400795 -0.930002 -0.306262 0.203222 -0.504304 0.187351 -0.87068 -0.45477 0.485867 
1534349929134 0.0840384 0.815381 -0.572793 -0.606121 -0.955281 0.22947 0.186499 -0.229952 0.283506 0.531505 0.798202 0.421624 0.31622 -0.384863 0.867113 0.400795 -0.930002 -0.306262 0.203222 -0.504304 0.187351 -0.87068 -0.45477 0.485867 
1534349929185 0.0834142 0.815246 -0.573077 -0.605877 -0.955261 0.22917 0.186969 -0.230018 0.283758 0.531842 0.797888 0.421716 0.31622 -0.384863 0.867113 0.400795 -0.930002 -0.306262 0.203222 -0.504304 0.187351 -0.87068 -0.45477 0.485867 
1534349929302 0.0842273 0.815514 -0.572576 -0.606194 -0.955263 0.229575 0.18646 -0.229902 0.28351 0.531256 0.798367 0.421667 0.31622 -0.384863 0.867113 0.400795 -0.930002 -0.306262 0.203222 -0.504304 0.187351 -0.87068 -0.45477 0.485867 
1534349929314 0.0839896 0.815487 -0.572649 -0.606045 -0.955298 0.229373 0.186529 -0.229918 0.283462 0.531384 0.798298 0.421669 0.31622 -0.384863 0.867113 0.400795 -0.930002 -0.306262 0.203222 -0.504304 0.187351 -0.87068 -0.45477 0.485867 
1534349929331 0.0837531 0.81546 -0.572722 -0.605894 -0.955333 0.229172 0.186597 -0.229933 0.283414 0.531512 0.79823 0.421672 0.31622 -0.384863 0.867113 0.400795 -0.930002 -0.306262 0.203222 -0.504304 0.187351 -0.87068 -0.45477 0.485867 
1534349929347 0.0835163 0.815434 -0.572794 -0.605741 -0.955368 0.22897 0.186666 -0.229947 0.283366 0.53164 0.798162 0.421675 0.31622 -0.384863 0.867113 0.400795 -0.930002 -0.306262 0.203222 -0.504304 0.187351 -0.87068 -0.45477 0.485867 
1534349929364 0.0832788 0.815407 -0.572866 -0.605588 -0.955403 0.228768 0.186735 -0.229961 0.283318 0.531767 0.798094 0.421677 0.31622 -0.384863 0.867113 0.400795 -0.930002 -0.306262 0.203222 -0.504304 0.187351 -0.87068 -0.45477 0.485867 
1534349929381 0.0830421 0.815381 -0.572938 -0.605435 -0.955438 0.228566 0.186803 -0.229975 0.28327 0.531895 0.798026 0.42168 0.31622 -0.384863 0.867113 0.400795 -0.930002 -0.306262 0.203222 -0.504304 0.187351 -0.87068 -0.45477 0.485867 
1534349929524 0.0828051 0.815354 -0.573011 -0.605284 -0.955473 0.228364 0.186872 -0.22999 0.283222 0.532022 0.797958 0.421683 0.31622 -0.384863 0.867113 0.400795 -0.930002 -0.306262 0.203222 -0.504304 0.187351 -0.87068 -0.45477 0.485867 
1534349929548 0.0825689 0.815327 -0.573083 -0.605132 -0.955508 0.228163 0.18694 -0.230004 0.283174 0.53215 0.79789 0.421685 0.31622 -0.384863 0.867113 0.400795 -0.930002 -0.306262 0.203222 -0.504304 0.187351 -0.87068 -0.45477 0.485867 
1534349929586 0.0823315 0.8153 -0.573155 -0.604978 -0.955543 0.227961 0.187009 -0.230018 0.283125 0.532278 0.797822 0.421688 0.31622 -0.384863 0.867113 0.400795 -0.930002 -0.306262 0.203222 -0.504304 0.187351 -0.87068 -0.45477 0.485867 
1534349929592 0.0820945 0.815273 -0.573227 -0.604826 -0.955577 0.227759 0.187078 -0.230033 0.283077 0.532405 0.797754 0.421691 0.31622 -0.384863 0.867113 0.400795 -0.930002 -0.306262 0.203222 -0.504304 0.187351 -0.87068 -0.45477 0.485867 
1534349929714 0.0825024 0.815338 -0.573077 -0.60516 -0.955515 0.228106 0.186975 -0.229947 0.28317 0.532157 0.797887 0.42162 0.31622 -0.384863 0.867113 0.400795 -0.930002 -0.306262 0.203222 -0.504304 0.187351 -0.87068 -0.45477 0.485867 
1534349929727 0.0823321 0.815397 -0.573018 -0.605029 -0.955493 0.228022 0.187185 -0.229978 0.283291 0.532103 0.79788 0.421647 0.31622 -0.384863 0.867113 0.400795 -0.930002 -0.306262 0.203222 -0.504304 0.187351 -0.87068 -0.45477 0.485867 
1534349929743 0.082161 0.815455 -0.572959 -0.604893 -0.955472 0.227937 0.187396 -0.230007 0.283412 0.53205 0.797873 0.421675 0.31622 -0.384863 0.867113 0.400795 -0.930002 -0.306262 0.203222 -0.504304 0.187351 -0.87068 -0.45477 0.485867 
1534349929760 0.0819905 0.815514 -0.572901 -0.604758 -0.955451 0.227854 0.187606 -0.230036 0.283533 0.531997 0.797865 0.421702 0.31622 -0.384863 0.867113 0.400795 -0.930002 -0.306262 0.203222 -0.504304 0.187351 -0.87068 -0.45477 0.485867 
1534349929777 0.0818204 0.815572 -0.572842 -0.604624 -0.95543 0.22777 0.187816 -0.230066 0.283654 0.531944 0.797857 0.421729 0.31622 -0.384863 0.867113 0.400795 -0.930002 -0.306262 0.203222 -0.504304 0.187351 -0.87068 -0.45477 0.485867 
1534349929793 0.0816493 0.81563 -0.572784 -0.604488 -0.955408 0.227686 0.188027 -0.230095 0.283775 0.53189 0.79785 0.421757 0.31622 -0.384863 0.867113 0.400795 -0.930002 -0.306262 0.203222 -0.504304 0.187351 -0.87068 -0.45477 0.485867 
1534349929840 0.0814794 0.815688 -0.572726 -0.604354 -0.955387 0.227602 0.188237 -0.230125 0.283896 0.531837 0.797842 0.421784 0.31622 -0.384863 0.867113 0.400795 -0.930002 -0.306262 0.203222 -0.504304 0.187351 -0.87068 -0.45477 0.485867 
1534349929920 0.0813084 0.815746 -0.572667 -0.604218 -0.955365 0.227518 0.188447 -0.230154 0.284017 0.531784 0.797835 0.421812 0.31622 -0.384863 0.867113 0.400795 -0.930002 -0.306262 0.203222 -0.504304 0.187351 -0.87068 -0.45477 0.485867 
1534349929940 0.0811378 0.815804 -0.572608 -0.604083 -0.955344 0.227434 0.188658 -0.230183 0.284138 0.53173 0.797827 0.42184 0.31622 -0.384863 0.867113 0.400795 -0.930002 -0.306262 0.203222 -0.504304 0.187351 -0.87068 -0.45477 0.485867 
1534349929961 0.0809679 0.815862 -0.57255 -0.603948 -0.955322 0.22735 0.188867 -0.230213 0.284259 0.531677 0.797819 0.421867 0.31622 -0.384863 0.867113 0.400795 -0.930002 -0.306262 0.203222 -0.504304 0.187351 -0.87068 -0.45477 0.485867 
1534349929995 0.0813817 0.815648 -0.572796 -0.604421 -0.9555 0.227343 0.187975 -0.23002 0.283542 0.532009 0.797853 0.421697 0.31622 -0.384863 0.867113 0.400795 -0.930002 -0.306262 0.203222 -0.504304 0.187351 -0.87068 -0.45477 0.485867 
1534349930007 0.0813837 0.815669 -0.572766 -0.604307 -0.955554 0.227237 0.187831 -0.230023 0.283362 0.532022 0.797909 0.42171 0.31622 -0.384863 0.867113 0.400795 -0.930002 -0.306262 0.203222 -0.504304 0.187351 -0.87068 -0.45477 0.485867 
1534349930024 0.0813861 0.81569 -0.572736 -0.60419 -0.955607 0.227131 0.187687 -0.230025 0.283181 0.532035 0.797964 0.421722 0.31622 -0.384863 0.867113 0.400795 -0.930002 -0.306262 0.203222 -0.504304 0.187351 -0.87068 -0.45477 0.485867 
1534349930040 0.0813881 0.815711 -0.572706 -0.604072 -0.95566 0.227025 0.187544 -0.230026 0.283 0.532048 0.79802 0.421735 0.31622 -0.384863 0.867113 0.400795 -0.930002 -0.306262 0.203222 -0.504304 0.187351 -0.87068 -0.45477 0.485867 
1534349930057 0.0813894 0.815732 -0.572675 -0.603954 -0.955714 0.226919 0.187401 -0.230027 0.28282 0.532061 0.798075 0.421749 0.31622 -0.384863 0.867113 0.400795 -0.930002 -0.306262 0.203222 -0.504304 0.187351 -0.87068 -0.45477 0.485867 
1534349930097 0.0813915 0.815753 -0.572645 -0.603836 -0.955767 0.226813 0.187257 -0.230028 0.282639 0.532074 0.79813 0.421762 0.31622 -0.384863 0.867113 0.400795 -0.930002 -0.306262 0.203222 -0.504304 0.187351 -0.87068 -0.45477 0.485867 
1534349930155 0.0813933 0.815774 -0.572615 -0.603719 -0.95582 0.226707 0.187114 -0.23003 0.282459 0.532087 0.798186 0.421775 0.31622 -0.384863 0.867113 0.400795 -0.930002 -0.306262 0.203222 -0.504304 0.187351 -0.87068 -0.45477 0.485867 
1534349930161 0.0813958 0.815795 -0.572585 -0.603602 -0.955873 0.226602 0.18697 -0.230031 0.282278 0.532101 0.798241 0.421787 0.31622 -0.384863 0.867113 0.400795 -0.930002 -0.306262 0.203222 -0.504304 0.187351 -0.87068 -0.45477 0.485867 
1534349930237 0.0813973 0.815816 -0.572555 -0.603483 -0.955927 0.226495 0.186827 -0.230032 0.282097 0.532113 0.798296 0.421801 0.31622 -0.384863 0.867113 0.400795 -0.930002 -0.306262 0.203222 -0.504304 0.187351 -0.87068 -0.45477 0.485867 
1534349930280 0.081399 0.815837 -0.572525 -0.603366 -0.95598 0.226389 0.186683 -0.230034 0.281917 0.532126 0.798351 0.421814 0.31622 -0.384863 0.867113 0.400795 -0.930002 -0.306262 0.203222 -0.504304 0.187351 -0.87068 -0.45477 0.485867 
1534349930337 0.0814137 0.81565 -0.572789 -0.603662 -0.955834 0.226735 0.187012 -0.230077 0.282407 0.532266 0.798085 0.421678 0.31622 -0.384863 0.867113 0.400795 -0.930002 -0.306262 0.203222 -0.504304 0.187351 -0.87068 -0.45477 0.485867 
1534349930349 0.0814786 0.815674 -0.572746 -0.603582 -0.955918 0.226609 0.186735 -0.230076 0.282104 0.532283 0.798181 0.421672 0.31622 -0.384863 0.867113 0.400795 -0.930002 -0.306262 0.203222 -0.504304 0.187351 -0.87068 -0.45477 0.485867 
1534349930366 0.0815444 0.815698 -0.572702 -0.603498 -0.956001 0.226483 0.186459 -0.230073 0.281801 0.532299 0.798277 0.421667 0.31622 -0.384863 0.867113 0.400795 -0.930002 -0.306262 0.203222 -0.504304 0.187351 -0.87068 -0.45477 0.485867 
1534349930383 0.0816108 0.815722 -0.572658 -0.603413 -0.956085 0.226358 0.186182 -0.23007 0.281498 0.532316 0.798373 0.421661 0.31622 -0.384863 0.867113 0.400795 -0.930002 -0.306262 0.203222 -0.504304 0.187351 -0.87068 -0.45477 0.485867 
1534349930399 0.0816773 0.815746 -0.572615 -0.603329 -0.956168 0.226233 0.185905 -0.230067 0.281195 0.532332 0.798468 0.421656 0.31622 -0.384863 0.867113 0.400795 -0.930002 -0.306262 0.203222 -0.504304 0.187351 -0.87068 -0.45477 0.485867 
1534349930416 0.0817434 0.81577 -0.572571 -0.603246 -0.956252 0.226108 0.185628 -0.230065 0.280893 0.532348 0.798564 0.42165 0.31622 -0.384863 0.867113 0.400795 -0.930002 -0.306262 0.203222 -0.504304 0.187351 -0.87068 -0.45477 0.485867 
1534349930433 0.0818104 0.815794 -0.572528 -0.603162 -0.956335 0.225984 0.18535 -0.230063 0.28059 0.532365 0.79866 0.421644 0.31622 -0.384863 0.867113 0.400795 -0.930002 -0.306262 0.203222 -0.504304 0.187351 -0.87068 -0.45477 0.485867 
1534349930439 0.0818761 0.815818 -0.572484 -0.603077 -0.956418 0.225859 0.185074 -0.230059 0.280287 0.532381 0.798755 0.421639 0.31622 -0.384863 0.867113 0.400795 -0.930002 -0.306262 0.203222 -0.504304 0.187351 -0.87068 -0.45477 0.485867 
1534349930567 0.081943 0.815842 -0.57244 -0.602993 -0.956501 0.225734 0.184796 -0.230057 0.279983 0.532397 0.798851 0.421633 0.31622 -0.384863 0.867113 0.400795 -0.930002 -0.306262 0.203222 -0.504304 0.187351 -0.87068 -0.45477 0.485867 
1534349930586 0.0820093 0.815866 -0.572396 -0.60291 -0.956584 0.225609 0.184519 -0.230054 0.27968 0.532413 0.798946 0.421628 0.31622 -0.384863 0.867113 0.400795 -0.930002 -0.306262 0.203222 -0.504304 0.187351 -0.87068 -0.45477 0.485867 
1534349930608 0.0816151 0.815807 -0.572536 -0.603219 -0.956348 0.225835 0.185465 -0.229974 0.280602 0.532407 0.798627 0.421579 0.31622 -0.384863 0.867113 0.400795 -0.930002 -0.306262 0.203222 -0.504304 0.187351 -0.87068 -0.45477 0.485867 
1534349930621 0.0813422 0.815762 -0.572639 -0.60314 -0.956278 0.225813 0.185849 -0.230013 0.280918 0.532485 0.798464 0.421592 0.31622 -0.384863 0.867113 0.400795 -0.930002 -0.306262 0.203222 -0.504304 0.187351 -0.87068 -0.45477 0.485867 
1534349930637 0.0810703 0.815718 -0.57274 -0.603057 -0.956209 0.225793 0.186233 -0.230052 0.281234 0.532561 0.798302 0.421606 0.31622 -0.384863 0.867113 0.400795 -0.930002 -0.306262 0.203222 -0.504304 0.187351 -0.87068 -0.45477 0.485867 
1534349930654 0.0807975 0.815674 -0.572842 -0.602974 -0.956139 0.225771 0.186617 -0.230091 0.28155 0.532638 0.798139 0.42162 0.31622 -0.384863 0.867113 0.400795 -0.930002 -0.306262 0.203222 -0.504304 0.187351 -0.87068 -0.45477 0.485867 
1534349930776 0.0805253 0.815629 -0.572944 -0.602893 -0.956069 0.225751 0.187001 -0.230129 0.281866 0.532715 0.797976 0.421634 0.31622 -0.384863 0.867113 0.400795 -0.930002 -0.306262 0.203222 -0.504304 0.187351 -0.87068 -0.45477 0.485867 
1534349930793 0.0802529 0.815585 -0.573046 -0.602809 -0.955998 0.22573 0.187385 -0.230168 0.282182 0.532792 0.797813 0.421648 0.31622 -0.384863 0.867113 0.400795 -0.930002 -0.306262 0.203222 -0.504304 0.187351 -0.87068 -0.45477 0.485867 
1534349930810 0.0799802 0.81554 -0.573147 -0.602727 -0.955928 0.225709 0.187769 -0.230207 0.282498 0.532869 0.79765 0.421662 0.31622 -0.384863 0.867113 0.400795 -0.930002 -0.306262 0.203222 -0.504304 0.187351 -0.87068 -0.45477 0.485867 
1534349930826 0.0797082 0.815495 -0.573248 -0.602643 -0.955857 0.225688 0.188153 -0.230245 0.282813 0.532946 0.797487 0.421676 0.31622 -0.384863 0.867113 0.400795 -0.930002 -0.306262 0.203222 -0.504304 0.187351 -0.87068 -0.45477 0.485867 
1534349930909 0.0794353 0.815451 -0.573349 -0.602561 -0.955787 0.225667 0.188537 -0.230284 0.283129 0.533023 0.797323 0.42169 0.31622 -0.384863 0.867113 0.400795 -0.930002 -0.306262 0.203222 -0.504304 0.187351 -0.87068 -0.45477 0.485867 
1534349930935 0.0791628 0.815407 -0.57345 -0.602478 -0.955716 0.225647 0.188921 -0.230322 0.283444 0.5331 0.79716 0.421703 0.31622 -0.384863 0.867113 0.400795 -0.930002 -0.306262 0.203222 -0.504304 0.187351 -0.87068 -0.45477 0.485867 
1534349930955 0.0799657 0.815665 -0.572972 -0.602808 -0.955976 0.225569 0.187693 -0.230108 0.282339 0.532738 0.797793 0.421692 0.31622 -0.384863 0.867113 0.400795 -0.930002 -0.306262 0.203222 -0.504304 0.187351 -0.87068 -0.45477 0.485867 
1534349930968 0.0796724 0.815691 -0.572975 -0.602739 -0.955911 0.2255 0.188104 -0.230154 0.282641 0.532727 0.797695 0.421703 0.31622 -0.384863 0.867113 0.400795 -0.930002 -0.306262 0.203222 -0.504304 0.187351 -0.87068 -0.45477 0.485867 
1534349930985 0.0793775 0.815718 -0.572977 -0.602669 -0.955847 0.225431 0.188516 -0.230202 0.282942 0.532714 0.797596 0.421714 0.31622 -0.384863 0.867113 0.400795 -0.930002 -0.306262 0.203222 -0.504304 0.187351 -0.87068 -0.45477 0.485867 
1534349931001 0.079083 0.815745 -0.572979 -0.602599 -0.955782 0.225361 0.188927 -0.230249 0.283244 0.532702 0.797497 0.421726 0.31622 -0.384863 0.867113 0.400795 -0.930002 -0.306262 0.203222 -0.504304 0.187351 -0.87068 -0.45477 0.485867 
1534349931018 0.0787885 0.815772 -0.572981 -0.60253 -0.955717 0.225292 0.189339 -0.230296 0.283545 0.53269 0.797398 0.421737 0.31622 -0.384863 0.867113 0.400795 -0.930002 -0.306262 0.203222 -0.504304 0.187351 -0.87068 -0.45477 0.485867 
1534349931035 0.0784932 0.8158 -0.572983 -0.60246 -0.955651 0.225222 0.189751 -0.230344 0.283847 0.532678 0.797299 0.421748 0.31622 -0.384863 0.867113 0.400795 -0.930002 -0.306262 0.203222 -0.504304 0.187351 -0.87068 -0.45477 0.485867 
1534349931076 0.0781986 0.815827 -0.572985 -0.60239 -0.955586 0.225153 0.190162 -0.230392 0.284148 0.532666 0.797199 0.421759 0.31622 -0.384863 0.867113 0.400795 -0.930002 -0.306262 0.203222 -0.504304 0.187351 -0.87068 -0.45477 0.485867 
1534349931150 0.0779039 0.815854 -0.572987 -0.60232 -0.95552 0.225083 0.190574 -0.230439 0.28445 0.532654 0.7971 0.421771 0.31622 -0.384863 0.867113 0.400795 -0.930002 -0.306262 0.203222 -0.504304 0.187351 -0.87068 -0.45477 0.485867 
1534349931189 0.0776092 0.815881 -0.572988 -0.602251 -0.955455 0.225014 0.190985 -0.230486 0.284751 0.532642 0.797 0.421782 0.31622 -0.384863 0.867113 0.400795 -0.930002 -0.306262 0.203222 -0.504304 0.187351 -0.87068 -0.45477 0.485867 
1534349931196 0.0773146 0.815908 -0.572989 -0.602181 -0.955389 0.224944 0.191396 -0.230533 0.285052 0.53263 0.796901 0.421793 0.31622 -0.384863 0.867113 0.400795 -0.930002 -0.306262 0.203222 -0.504304 0.187351 -0.87068 -0.45477 0.485867 
1534349931289 0.0783202 0.815748 -0.57308 -0.602363 -0.955513 0.225391 0.190247 -0.230496 0.284361 0.532685 0.797111 0.421731 0.31622 -0.384863 0.867113 0.400795 -0.930002 -0.306262 0.203222 -0.504304 0.187351 -0.87068 -0.45477 0.485867 
1534349931300 0.0780511 0.815727 -0.573147 -0.602246 -0.955501 0.225253 0.190469 -0.230548 0.284474 0.532776 0.79701 0.421748 0.31622 -0.384863 0.867113 0.400795 -0.930002 -0.306262 0.203222 -0.504304 0.187351 -0.87068 -0.45477 0.485867 
1534349931316 0.0777821 0.815705 -0.573215 -0.602123 -0.95549 0.225114 0.190691 -0.230599 0.284586 0.532869 0.796908 0.421767 0.31622 -0.384863 0.867113 0.400795 -0.930002 -0.306262 0.203222 -0.504304 0.187351 -0.87068 -0.45477 0.485867 
1534349931333 0.0775128 0.815683 -0.573283 -0.602001 -0.955478 0.224976 0.190913 -0.230649 0.284699 0.532961 0.796806 0.421785 0.31622 -0.384863 0.867113 0.400795 -0.930002 -0.306262 0.203222 -0.504304 0.187351 -0.87068 -0.45477 0.485867 
1534349931350 0.0772443 0.815661 -0.573351 -0.601881 -0.955466 0.224838 0.191135 -0.230701 0.284812 0.533053 0.796704 0.421803 0.31622 -0.384863 0.867113 0.400795 -0.930002 -0.306262 0.203222 -0.504304 0.187351 -0.87068 -0.45477 0.485867 
1534349931366 0.0769749 0.815639 -0.573418 -0.601758 -0.955454 0.224699 0.191357 -0.230751 0.284925 0.533145 0.796602 0.421822 0.31622 -0.384863 0.867113 0.400795 -0.930002 -0.306262 0.203222 -0.504304 0.187351 -0.87068 -0.45477 0.485867 
1534349931461 0.0767066 0.815616 -0.573486 -0.601637 -0.955442 0.224562 0.191578 -0.230802 0.285037 0.533238 0.796499 0.42184 0.31622 -0.384863 0.867113 0.400795 -0.930002 -0.306262 0.203222 -0.504304 0.187351 -0.87068 -0.45477 0.485867 
1534349931477 0.0764373 0.815594 -0.573554 -0.601515 -0.95543 0.224423 0.1918 -0.230852 0.28515 0.53333 0.796397 0.421858 0.31622 -0.384863 0.867113 0.400795 -0.930002 -0.306262 0.203222 -0.504304 0.187351 -0.87068 -0.45477 0.485867 
1534349931508 0.0761682 0.815572 -0.573621 -0.601393 -0.955418 0.224285 0.192022 -0.230903 0.285263 0.533422 0.796295 0.421876 0.31622 -0.384863 0.867113 0.400795 -0.930002 -0.306262 0.203222 -0.504304 0.187351 -0.87068 -0.45477 0.485867 
1534349931531 0.0759 0.815549 -0.573689 -0.601272 -0.955406 0.224148 0.192244 -0.230954 0.285375 0.533515 0.796193 0.421894 0.31622 -0.384863 0.867113 0.400795 -0.930002 -0.306262 0.203222 -0.504304 0.187351 -0.87068 -0.45477 0.485867 
1534349931598 0.0768294 0.815648 -0.573425 -0.601643 -0.955438 0.224636 0.191513 -0.230839 0.285019 0.533158 0.79656 0.421846 0.31622 -0.384863 0.867113 0.400795 -0.930002 -0.306262 0.203222 -0.504304 0.187351 -0.87068 -0.45477 0.485867 
1534349931608 0.0765319 0.815648 -0.573464 -0.601471 -0.955468 0.224394 0.191647 -0.230907 0.284998 0.53326 0.796499 0.421868 0.31622 -0.384863 0.867113 0.400795 -0.930002 -0.306262 0.203222 -0.504304 0.187351 -0.87068 -0.45477 0.485867 
1534349931625 0.0762348 0.815647 -0.573505 -0.601293 -0.955498 0.224153 0.191781 -0.230972 0.284978 0.533363 0.796437 0.42189 0.31622 -0.384863 0.867113 0.400795 -0.930002 -0.306262 0.203222 -0.504304 0.187351 -0.87068 -0.45477 0.485867 
1534349931642 0.0759377 0.815646 -0.573546 -0.601117 -0.955527 0.223911 0.191914 -0.231038 0.284958 0.533466 0.796375 0.421912 0.31622 -0.384863 0.867113 0.400795 -0.930002 -0.306262 0.203222 -0.504304 0.187351 -0.87068 -0.45477 0.485867 
1534349931658 0.0756408 0.815645 -0.573587 -0.600939 -0.955557 0.22367 0.192048 -0.231103 0.284937 0.533569 0.796314 0.421935 0.31622 -0.384863 0.867113 0.400795 -0.930002 -0.306262 0.203222 -0.504304 0.187351 -0.87068 -0.45477 0.485867 
1534349931675 0.0753443 0.815643 -0.573628 -0.600763 -0.955587 0.223429 0.192181 -0.23117 0.284917 0.533672 0.796252 0.421957 0.31622 -0.384863 0.867113 0.400795 -0.930002 -0.306262 0.203222 -0.504304 0.187351 -0.87068 -0.45477 0.485867 
1534349931822 0.0750468 0.815642 -0.573669 -0.600586 -0.955616 0.223188 0.192315 -0.231235 0.284896 0.533775 0.79619 0.421979 0.31622 -0.384863 0.867113 0.400795 -0.930002 -0.306262 0.203222 -0.504304 0.187351 -0.87068 -0.45477 0.485867 
1534349931844 0.0747496 0.815641 -0.57371 -0.600409 -0.955646 0.222946 0.192449 -0.231301 0.284876 0.533878 0.796129 0.422002 0.31622 -0.384863 0.867113 0.400795 -0.930002 -0.306262 0.203222 -0.504304 0.187351 -0.87068 -0.45477 0.485867 
1534349931873 0.0744532 0.815639 -0.573751 -0.600233 -0.955675 0.222705 0.192582 -0.231367 0.284855 0.533981 0.796067 0.422024 0.31622 -0.384863 0.867113 0.400795 -0.930002 -0.306262 0.203222 -0.504304 0.187351 -0.87068 -0.45477 0.485867 
1534349931984 0.0741557 0.815638 -0.573791 -0.600055 -0.955704 0.222464 0.192716 -0.231432 0.284834 0.534084 0.796005 0.422046 0.31622 -0.384863 0.867113 0.400795 -0.930002 -0.306262 0.203222 -0.504304 0.187351 -0.87068 -0.45477 0.485867 
1534349932021 0.0747819 0.815589 -0.57378 -0.600466 -0.955635 0.223003 0.192434 -0.231249 0.284901 0.533934 0.796082 0.42202 0.31622 -0.384863 0.867113 0.400795 -0.930002 -0.306262 0.203222 -0.504304 0.187351 -0.87068 -0.45477 0.485867 
1534349932035 0.074646 0.815548 -0.573856 -0.600311 -0.955659 0.222887 0.19245 -0.231266 0.284857 0.534045 0.796023 0.422113 0.31622 -0.384863 0.867113 0.400795 -0.930002 -0.306262 0.203222 -0.504304 0.187351 -0.87068 -0.45477 0.485867 
1534349932052 0.074512 0.815506 -0.573932 -0.600152 -0.955683 0.222772 0.192465 -0.231282 0.284812 0.534156 0.795964 0.422207 0.31622 -0.384863 0.867113 0.400795 -0.930002 -0.306262 0.203222 -0.504304 0.187351 -0.87068 -0.45477 0.485867 
1534349932068 0.0743779 0.815464 -0.574009 -0.599993 -0.955707 0.222656 0.19248 -0.231297 0.284767 0.534268 0.795906 0.422301 0.31622 -0.384863 0.867113 0.400795 -0.930002 -0.306262 0.203222 -0.504304 0.187351 -0.87068 -0.45477 0.485867 
1534349932088 0.0742444 0.815423 -0.574085 -0.599835 -0.955731 0.222542 0.192494 -0.231313 0.284722 0.534379 0.795847 0.422394 0.31622 -0.384863 0.867113 0.400795 -0.930002 -0.306262 0.203222 -0.504304 0.187351 -0.87068 -0.45477 0.485867 
1534349932190 0.0741097 0.815381 -0.574161 -0.599675 -0.955755 0.222426 0.192509 -0.231328 0.284677 0.534491 0.795788 0.422488 0.31622 -0.384863 0.867113 0.400795 -0.930002 -0.306262 0.203222 -0.504304 0.187351 -0.87068 -0.45477 0.485867 
1534349932234 0.0739763 0.815339 -0.574238 -0.599517 -0.955778 0.222312 0.192524 -0.231344 0.284632 0.534602 0.795729 0.422582 0.31622 -0.384863 0.867113 0.400795 -0.930002 -0.306262 0.203222 -0.504304 0.187351 -0.87068 -0.45477 0.485867 
1534349932290 0.0738417 0.815298 -0.574314 -0.599357 -0.955802 0.222196 0.192539 -0.231359 0.284587 0.534713 0.795671 0.422675 0.31622 -0.384863 0.867113 0.400795 -0.930002 -0.306262 0.203222 -0.504304 0.187351 -0.87068 -0.45477 0.485867 
