1533674528475 0.275657 0.633204 -0.723233 -0.604483 -0.8825 0.464965 0.0707247 -0.181741 0.381061 0.618757 0.686973 0.426588 0.16008 -0.304787 0.938871 0.370831 -0.775623 0.549475 0.310623 -0.528794 -0.61056 -0.777934 -0.14844 0.432481 
1533674528495 -0.112612 0.955425 -0.272915 -0.620008 -0.98641 -0.0744225 0.146479 -0.252208 0.119639 0.285701 0.950822 0.393605 0.31622 -0.384863 0.867113 0.400795 -0.930002 -0.306262 0.203222 -0.504304 0.187351 -0.87068 -0.45477 0.485867 
1533674528515 -0.039665 0.998938 -0.0234393 -0.642059 -0.994024 -0.0370606 0.102678 -0.249098 0.1017 0.027372 0.994438 0.379561 0.31622 -0.384863 0.867113 0.400795 -0.930002 -0.306262 0.203222 -0.504304 0.187351 -0.87068 -0.45477 0.485867 
1533674528535 0.0263692 0.973011 0.229248 -0.664802 -0.997523 0.0106515 0.0695309 -0.246137 0.0652125 -0.230514 0.970881 0.367099 0.31622 -0.384863 0.867113 0.400795 -0.930002 -0.306262 0.203222 -0.504304 0.187351 -0.87068 -0.45477 0.485867 
1533674528555 0.0807349 0.879153 0.469652 -0.68306 -0.996654 0.0651842 0.0493087 -0.242015 0.012736 -0.472061 0.881474 0.352842 0.31622 -0.384863 0.867113 0.400795 -0.930002 -0.306262 0.203222 -0.504304 0.187351 -0.87068 -0.45477 0.485867 
1533674528585 0.116845 0.734352 0.668636 -0.657879 -0.991637 0.123415 0.0377452 -0.228378 -0.0548014 -0.667454 0.742632 0.360742 0.31622 -0.384863 0.867113 0.400795 -0.930002 -0.306262 0.203222 -0.504304 0.187352 -0.87068 -0.454769 0.485867 
1533674528605 0.132222 0.543444 0.828967 -0.632588 -0.982791 0.180709 0.0382899 -0.221964 -0.128994 -0.819764 0.557985 0.366461 0.31622 -0.384863 0.867113 0.400795 -0.930002 -0.306262 0.203222 -0.504305 0.187351 -0.87068 -0.45477 0.485867 
1533674528615 0.120323 0.313474 0.941943 -0.609237 -0.971316 0.233209 0.0464647 -0.227713 -0.205104 -0.920515 0.332543 0.361432 0.31622 -0.384863 0.867113 0.400795 -0.930002 -0.306262 0.203222 -0.504304 0.187352 -0.87068 -0.454769 0.485867 
1533674528635 0.0713875 0.0254586 0.997124 -0.5921 -0.959607 0.274495 0.0616932 -0.243906 -0.272135 -0.961251 0.0440257 0.30167 0.31622 -0.384863 0.867113 0.400795 -0.930002 -0.306262 0.203222 -0.504304 0.187351 -0.87068 -0.454769 0.485867 
1533674528655 0.145753 -0.220395 0.964459 -0.596655 -0.930951 0.299347 0.209095 -0.108489 -0.334792 -0.928341 -0.161546 0.350633 0.31622 -0.384863 0.867113 0.400795 -0.930002 -0.306262 0.203222 -0.504304 0.187352 -0.87068 -0.454769 0.485867 
1533674528712 0.145753 -0.220395 0.964459 -0.596655 -0.930951 0.299347 0.209095 -0.108489 -0.334792 -0.928341 -0.161546 0.350633 0.31622 -0.384863 0.867113 0.400795 -0.930002 -0.306262 0.203222 -0.504304 0.187352 -0.87068 -0.454769 0.485867 
1533674528722 0.0994532 -0.448971 0.887995 -0.581771 -0.91509 0.309221 0.25883 -0.102659 -0.390794 -0.838336 -0.380096 0.366598 0.31622 -0.384863 0.867113 0.400795 -0.930002 -0.306262 0.203222 -0.504304 0.187351 -0.87068 -0.454769 0.485867 
1533674528742 0.099453 -0.448971 0.887994 -0.581771 -0.915089 0.309222 0.258831 -0.102659 -0.390795 -0.838336 -0.380096 0.366598 0.31622 -0.384863 0.867113 0.400795 -0.930002 -0.306262 0.203222 -0.504304 0.187351 -0.87068 -0.454769 0.485867 
1533674528762 0.0994528 -0.448971 0.887994 -0.581771 -0.915089 0.309223 0.258831 -0.102659 -0.390796 -0.838335 -0.380096 0.366598 0.31622 -0.384863 0.867113 0.400795 -0.930002 -0.306262 0.203222 -0.504304 0.187351 -0.87068 -0.454769 0.485867 
1533674528782 0.0994526 -0.448972 0.887994 -0.581771 -0.915089 0.309223 0.258831 -0.102659 -0.390796 -0.838335 -0.380096 0.366598 0.31622 -0.384863 0.867113 0.400795 -0.930002 -0.306262 0.203222 -0.504304 0.187351 -0.87068 -0.454769 0.485867 
1533674528802 0.0994524 -0.448972 0.887994 -0.581771 -0.915088 0.309224 0.258831 -0.10266 -0.390797 -0.838334 -0.380096 0.366598 0.31622 -0.384863 0.867113 0.400795 -0.930002 -0.306262 0.203222 -0.504304 0.187351 -0.87068 -0.454769 0.485867 
1533674528822 0.0994522 -0.448972 0.887994 -0.581771 -0.915088 0.309225 0.258832 -0.10266 -0.390798 -0.838334 -0.380096 0.366598 0.31622 -0.384863 0.867113 0.400795 -0.930002 -0.306262 0.203222 -0.504304 0.187351 -0.87068 -0.454769 0.485867 
1533674528842 0.099452 -0.448973 0.887994 -0.581771 -0.915088 0.309226 0.258832 -0.10266 -0.390799 -0.838333 -0.380096 0.366598 0.31622 -0.384863 0.867113 0.400795 -0.930002 -0.306262 0.203222 -0.504304 0.187351 -0.87068 -0.454769 0.485867 
1533674528852 0.0994518 -0.448973 0.887994 -0.581771 -0.915087 0.309227 0.258832 -0.10266 -0.3908 -0.838333 -0.380096 0.366598 0.31622 -0.384863 0.867113 0.400795 -0.930002 -0.306262 0.203222 -0.504304 0.187351 -0.87068 -0.454769 0.485867 
1533674528872 0.0993049 -0.448542 0.888228 -0.581158 -0.915167 0.309272 0.258495 -0.102966 -0.39065 -0.838547 -0.379779 0.366958 0.31622 -0.384863 0.867113 0.400795 -0.930002 -0.306262 0.203222 -0.504304 0.187351 -0.87068 -0.454769 0.485867 
