1533736511011 0.16618 0.691838 -0.70267 -0.498442 -0.942974 0.319909 0.0919662 -0.19888 0.288416 0.647317 0.705547 0.41791 0.16008 -0.304787 0.938871 0.370831 -0.775623 0.549475 0.310623 -0.528794 -0.61056 -0.777934 -0.14844 0.432481 
1533736511021 0.181178 0.723297 -0.666345 -0.50828 -0.94342 0.319171 0.0899374 -0.197762 0.27773 0.612348 0.7402 0.410817 0.316231 -0.384871 0.867106 0.40083 -0.930001 -0.306257 0.203234 -0.504368 0.187338 -0.870678 -0.454779 0.485897 
1533736511860 0.195618 0.752959 -0.62832 -0.518118 -0.943831 0.318532 0.0878702 -0.196648 0.266303 0.575839 0.772976 0.403722 0.316231 -0.384871 0.867106 0.40083 -0.930001 -0.306257 0.203234 -0.504368 0.187338 -0.870678 -0.454779 0.485897 
1533736512682 0.209466 0.780746 -0.588693 -0.527956 -0.944206 0.317991 0.0857687 -0.195534 0.254163 0.537882 0.803794 0.396627 0.316231 -0.384871 0.867106 0.40083 -0.930001 -0.306257 0.203234 -0.504368 0.187338 -0.870678 -0.454779 0.485897 
1533736513484 0.222685 0.806589 -0.547563 -0.537794 -0.944546 0.317551 0.0836379 -0.194421 0.24134 0.498573 0.832574 0.389531 0.316231 -0.384871 0.867106 0.40083 -0.930001 -0.306257 0.203234 -0.504368 0.187338 -0.870678 -0.454779 0.485897 
1533736514272 0.235242 0.830422 -0.505036 -0.547631 -0.944848 0.317212 0.0814829 -0.193307 0.227869 0.458013 0.859244 0.382436 0.316231 -0.384871 0.867106 0.40083 -0.930001 -0.306257 0.203234 -0.504368 0.187338 -0.870678 -0.454779 0.485897 
1533736515031 0.247106 0.852183 -0.461219 -0.557468 -0.945112 0.316976 0.0793093 -0.192193 0.213781 0.416305 0.883735 0.375341 0.316231 -0.384871 0.867106 0.40083 -0.930001 -0.306257 0.203234 -0.504368 0.187338 -0.870678 -0.454779 0.485897 
1533736515805 0.258247 0.871818 -0.416223 -0.567304 -0.945337 0.316844 0.0771225 -0.191079 0.199115 0.373555 0.905986 0.368246 0.316231 -0.384871 0.867106 0.40083 -0.930001 -0.306257 0.203234 -0.504368 0.187338 -0.870678 -0.454779 0.485897 
1533736516594 0.268635 0.889277 -0.370164 -0.577137 -0.945523 0.316815 0.0749281 -0.189964 0.183906 0.329871 0.92594 0.361152 0.316231 -0.384871 0.867106 0.40083 -0.930001 -0.306257 0.203234 -0.504368 0.187338 -0.870678 -0.454779 0.485897 
1533736517401 0.278382 0.904403 -0.323356 -0.585807 -0.945627 0.31704 0.0726344 -0.188352 0.168208 0.285554 0.943486 0.354377 0.316442 -0.385045 0.866951 0.401525 -0.929984 -0.306148 0.203478 -0.505625 0.187068 -0.87064 -0.454964 0.486487 
1533736518203 0.278904 0.903875 -0.324382 -0.585647 -0.945341 0.317842 0.0728461 -0.188504 0.168946 0.286334 0.943117 0.354565 0.316442 -0.385045 0.866951 0.401525 -0.929984 -0.306148 0.203478 -0.505625 0.187068 -0.87064 -0.454964 0.486487 
1533736518216 0.279759 0.905343 -0.319513 -0.586764 -0.945386 0.317761 0.0726183 -0.188428 0.167273 0.281747 0.944795 0.353804 0.316221 -0.384863 0.867113 0.400797 -0.930002 -0.306262 0.203223 -0.504308 0.187351 -0.87068 -0.45477 0.485869 
1533736518494 0.280607 0.906788 -0.314635 -0.587882 -0.94543 0.317682 0.0723898 -0.188352 0.165596 0.277152 0.946448 0.353044 0.316221 -0.384863 0.867113 0.400797 -0.930002 -0.306262 0.203223 -0.504308 0.187351 -0.87068 -0.45477 0.485869 
1533736518771 0.281445 0.90821 -0.309748 -0.589001 -0.945474 0.317603 0.0721609 -0.188276 0.163914 0.27255 0.948076 0.352283 0.31622 -0.384863 0.867113 0.400797 -0.930002 -0.306262 0.203222 -0.504307 0.187351 -0.87068 -0.45477 0.485868 
1533736519060 0.282275 0.909607 -0.304854 -0.590119 -0.945517 0.317526 0.0719314 -0.1882 0.162228 0.26794 0.949679 0.351522 0.31622 -0.384863 0.867113 0.400797 -0.930002 -0.306262 0.203222 -0.504307 0.187351 -0.87068 -0.45477 0.485868 
1533736519349 0.283095 0.910981 -0.299951 -0.591238 -0.94556 0.31745 0.0717017 -0.188125 0.160538 0.263323 0.951256 0.350761 0.316221 -0.384863 0.867113 0.400796 -0.930002 -0.306262 0.203223 -0.504306 0.187351 -0.87068 -0.45477 0.485868 
1533736519634 0.283907 0.912331 -0.295039 -0.592358 -0.945603 0.317374 0.0714715 -0.18805 0.158844 0.258699 0.952808 0.35 0.31622 -0.384863 0.867113 0.400796 -0.930002 -0.306262 0.203222 -0.504306 0.187351 -0.87068 -0.454769 0.485868 
1533736519914 0.284711 0.913657 -0.29012 -0.593477 -0.945645 0.3173 0.0712408 -0.187974 0.157145 0.254068 0.954335 0.349239 0.31622 -0.384863 0.867113 0.400796 -0.930002 -0.306262 0.203222 -0.504306 0.187351 -0.87068 -0.454769 0.485868 
1533736520198 0.285506 0.91496 -0.285193 -0.594595 -0.945687 0.317228 0.0710096 -0.187898 0.155442 0.24943 0.955836 0.348478 0.31622 -0.384863 0.867113 0.400796 -0.930002 -0.306262 0.203222 -0.504306 0.187351 -0.87068 -0.454769 0.485868 
1533736520205 0.286291 0.916238 -0.280259 -0.595715 -0.945729 0.317156 0.0707781 -0.187823 0.153735 0.244786 0.957312 0.347717 0.31622 -0.384863 0.867113 0.400796 -0.930002 -0.306262 0.203222 -0.504305 0.187351 -0.87068 -0.45477 0.485867 
1533736520616 0.286792 0.915793 -0.281202 -0.595522 -0.945505 0.317825 0.0707612 -0.188029 0.154175 0.245584 0.957036 0.347924 0.31622 -0.384863 0.867113 0.400796 -0.930002 -0.306262 0.203222 -0.504305 0.187351 -0.87068 -0.45477 0.485867 
1533736520626 0.287413 0.9158 -0.280542 -0.595674 -0.945461 0.318142 0.0699239 -0.188007 0.153288 0.245144 0.957291 0.347709 0.31622 -0.384863 0.867113 0.400795 -0.930002 -0.306262 0.203222 -0.504304 0.187351 -0.87068 -0.454769 0.485867 
1533736520642 0.288033 0.915808 -0.27988 -0.595829 -0.945416 0.318459 0.0690871 -0.187987 0.152401 0.244703 0.957546 0.347493 0.31622 -0.384863 0.867113 0.400795 -0.930002 -0.306262 0.203222 -0.504304 0.187351 -0.87068 -0.454769 0.485867 
1533736520745 0.288653 0.915815 -0.279217 -0.595984 -0.94537 0.318776 0.0682505 -0.187966 0.151512 0.244262 0.9578 0.347277 0.31622 -0.384863 0.867113 0.400795 -0.930002 -0.306262 0.203222 -0.504304 0.187351 -0.87068 -0.454769 0.485867 
1533736520817 0.289272 0.915822 -0.278553 -0.59614 -0.945322 0.319094 0.0674141 -0.187946 0.150624 0.243821 0.958052 0.347061 0.31622 -0.384863 0.867113 0.400795 -0.930002 -0.306262 0.203222 -0.504304 0.187351 -0.87068 -0.454769 0.485867 
1533736520905 0.28989 0.915829 -0.277889 -0.596297 -0.945274 0.319412 0.0665779 -0.187927 0.149735 0.243381 0.958303 0.346844 0.31622 -0.384863 0.867113 0.400795 -0.930002 -0.306262 0.203222 -0.504304 0.187351 -0.87068 -0.454769 0.485867 
1533736520982 0.290507 0.915834 -0.277224 -0.596452 -0.945225 0.31973 0.0657418 -0.187906 0.148845 0.24294 0.958554 0.346629 0.31622 -0.384863 0.867113 0.400795 -0.930002 -0.306262 0.203222 -0.504304 0.187351 -0.87068 -0.454769 0.485867 
1533736521069 0.291124 0.91584 -0.276558 -0.596608 -0.945175 0.320049 0.0649059 -0.187886 0.147956 0.2425 0.958803 0.346412 0.31622 -0.384863 0.867113 0.400795 -0.930002 -0.306262 0.203222 -0.504304 0.187351 -0.87068 -0.454769 0.485867 
1533736521147 0.29174 0.915845 -0.275892 -0.596763 -0.945124 0.320368 0.0640702 -0.187866 0.147065 0.24206 0.959051 0.346196 0.31622 -0.384863 0.867113 0.400795 -0.930002 -0.306262 0.203222 -0.504304 0.187351 -0.87068 -0.454769 0.485867 
1533736521227 0.292356 0.915849 -0.275225 -0.596919 -0.945072 0.320687 0.0632346 -0.187845 0.146175 0.24162 0.959298 0.34598 0.31622 -0.384863 0.867113 0.400795 -0.930002 -0.306262 0.203222 -0.504304 0.187351 -0.87068 -0.454769 0.485867 
1533736521315 0.291504 0.915906 -0.275939 -0.596765 -0.945202 0.320135 0.064086 -0.187738 0.147034 0.242137 0.959036 0.346163 0.31622 -0.384863 0.867113 0.400795 -0.930002 -0.306262 0.203222 -0.504304 0.187351 -0.87068 -0.454769 0.485867 
1533736521327 0.291903 0.915894 -0.275554 -0.596808 -0.94519 0.32031 0.0633875 -0.187749 0.146319 0.241948 0.959193 0.346117 0.31622 -0.384863 0.867113 0.400795 -0.930002 -0.306262 0.203222 -0.504304 0.187351 -0.87068 -0.454769 0.485867 
1533736521344 0.292301 0.915883 -0.27517 -0.596854 -0.945177 0.320485 0.0626894 -0.18776 0.145604 0.24176 0.95935 0.346071 0.31622 -0.384863 0.867113 0.400795 -0.930002 -0.306262 0.203222 -0.504304 0.187351 -0.87068 -0.454769 0.485867 
1533736521361 0.292699 0.915871 -0.274785 -0.5969 -0.945164 0.32066 0.0619915 -0.187772 0.144889 0.241572 0.959505 0.346024 0.31622 -0.384863 0.867113 0.400795 -0.930002 -0.306262 0.203222 -0.504304 0.187351 -0.87068 -0.454769 0.485867 
1533736521377 0.293097 0.91586 -0.2744 -0.596947 -0.94515 0.320834 0.0612935 -0.187784 0.144173 0.241384 0.95966 0.345978 0.31622 -0.384863 0.867113 0.400795 -0.930002 -0.306262 0.203222 -0.504304 0.187351 -0.87068 -0.454769 0.485867 
1533736521394 0.293494 0.915848 -0.274014 -0.596995 -0.945136 0.321009 0.0605957 -0.187796 0.143458 0.241196 0.959815 0.345931 0.31622 -0.384863 0.867113 0.400795 -0.930002 -0.306262 0.203222 -0.504304 0.187351 -0.87068 -0.454769 0.485867 
1533736521495 0.293891 0.915836 -0.273628 -0.597041 -0.94512 0.321185 0.0598978 -0.187807 0.142742 0.241008 0.959969 0.345885 0.31622 -0.384863 0.867113 0.400795 -0.930002 -0.306262 0.203222 -0.504304 0.187351 -0.87068 -0.454769 0.485867 
1533736521517 0.294288 0.915824 -0.273242 -0.597088 -0.945105 0.32136 0.0592 -0.187819 0.142026 0.24082 0.960122 0.345838 0.31622 -0.384863 0.867113 0.400795 -0.930002 -0.306262 0.203222 -0.504304 0.187351 -0.87068 -0.454769 0.485867 
1533736521559 0.294684 0.915812 -0.272855 -0.597135 -0.945089 0.321535 0.0585022 -0.187831 0.14131 0.240633 0.960275 0.345791 0.31622 -0.384863 0.867113 0.400795 -0.930002 -0.306262 0.203222 -0.504304 0.187351 -0.87068 -0.454769 0.485867 
1533736521624 0.295081 0.915799 -0.272469 -0.597181 -0.945072 0.321711 0.0578045 -0.187843 0.140593 0.240446 0.960427 0.345745 0.31622 -0.384863 0.867113 0.400795 -0.930002 -0.306262 0.203222 -0.504304 0.187351 -0.87068 -0.454769 0.485867 
1533736521662 0.294042 0.915931 -0.273148 -0.597085 -0.945189 0.321103 0.0592463 -0.187736 0.141974 0.240756 0.960146 0.345897 0.31622 -0.384863 0.867113 0.400795 -0.930002 -0.306262 0.203222 -0.504304 0.187351 -0.87068 -0.454769 0.485867 
1533736521673 0.294009 0.915844 -0.273476 -0.59708 -0.94518 0.321126 0.0592751 -0.187778 0.142107 0.241056 0.960051 0.345958 0.31622 -0.384863 0.867113 0.400795 -0.930002 -0.306262 0.203222 -0.504304 0.187351 -0.87068 -0.45477 0.485867 
1533736521690 0.294002 0.91576 -0.273764 -0.597073 -0.94517 0.321158 0.059256 -0.187816 0.142186 0.241332 0.95997 0.346021 0.31622 -0.384863 0.867113 0.400795 -0.930002 -0.306262 0.203222 -0.504304 0.187351 -0.87068 -0.45477 0.485867 
1533736521830 0.293995 0.915676 -0.274051 -0.597067 -0.94516 0.321191 0.0592368 -0.187853 0.142264 0.241607 0.959889 0.346083 0.31622 -0.384863 0.867113 0.400795 -0.930002 -0.306262 0.203222 -0.504304 0.187351 -0.87068 -0.45477 0.485867 
1533736521847 0.293988 0.915592 -0.274339 -0.597061 -0.94515 0.321223 0.0592177 -0.18789 0.142343 0.241882 0.959808 0.346145 0.31622 -0.384863 0.867113 0.400795 -0.930002 -0.306262 0.203222 -0.504304 0.187351 -0.87068 -0.45477 0.485867 
1533736521863 0.293981 0.915508 -0.274626 -0.597055 -0.945141 0.321255 0.0591986 -0.187928 0.142422 0.242157 0.959727 0.346207 0.31622 -0.384863 0.867113 0.400795 -0.930002 -0.306262 0.203222 -0.504304 0.187351 -0.87068 -0.45477 0.485867 
1533736521881 0.293975 0.915424 -0.274914 -0.597048 -0.945131 0.321287 0.0591794 -0.187965 0.1425 0.242432 0.959646 0.34627 0.31622 -0.384863 0.867113 0.400795 -0.930002 -0.306262 0.203222 -0.504304 0.187351 -0.87068 -0.45477 0.485867 
1533736521947 0.293968 0.91534 -0.275201 -0.597043 -0.945121 0.321319 0.0591603 -0.188003 0.142579 0.242707 0.959565 0.346331 0.31622 -0.384863 0.867113 0.400795 -0.930002 -0.306262 0.203222 -0.504304 0.187351 -0.87068 -0.45477 0.485867 
1533736521970 0.293961 0.915256 -0.275489 -0.597036 -0.945112 0.321351 0.059141 -0.18804 0.142658 0.242982 0.959483 0.346394 0.31622 -0.384863 0.867113 0.400795 -0.930002 -0.306262 0.203222 -0.504304 0.187351 -0.87068 -0.45477 0.485867 
1533736521987 0.293954 0.915171 -0.275776 -0.59703 -0.945102 0.321383 0.0591219 -0.188077 0.142736 0.243257 0.959402 0.346456 0.31622 -0.384863 0.867113 0.400795 -0.930002 -0.306262 0.203222 -0.504304 0.187351 -0.87068 -0.45477 0.485867 
1533736522023 0.29385 0.915447 -0.274971 -0.597063 -0.945157 0.321192 0.0592759 -0.187921 0.142582 0.242473 0.959623 0.346195 0.31622 -0.384863 0.867113 0.400795 -0.930002 -0.306262 0.203222 -0.504304 0.187351 -0.87068 -0.45477 0.485867 
1533736522034 0.293773 0.915309 -0.275511 -0.59704 -0.945182 0.32115 0.059099 -0.18793 0.142574 0.243046 0.95948 0.346283 0.31622 -0.384863 0.867113 0.400795 -0.930002 -0.306262 0.203222 -0.504304 0.187351 -0.87068 -0.45477 0.485867 
1533736522051 0.293696 0.915171 -0.276052 -0.597012 -0.945207 0.321109 0.0589227 -0.187936 0.142567 0.243621 0.959335 0.346373 0.31622 -0.384863 0.867113 0.400795 -0.930002 -0.306262 0.203222 -0.504304 0.187351 -0.87068 -0.45477 0.485867 
1533736522067 0.29362 0.915032 -0.276592 -0.596985 -0.945232 0.321068 0.0587464 -0.187943 0.14256 0.244195 0.95919 0.346462 0.31622 -0.384863 0.867113 0.400795 -0.930002 -0.306262 0.203222 -0.504304 0.187351 -0.87068 -0.45477 0.485867 
1533736522097 0.293543 0.914894 -0.277132 -0.596957 -0.945257 0.321026 0.05857 -0.187949 0.142552 0.244769 0.959045 0.346552 0.31622 -0.384863 0.867113 0.400795 -0.930002 -0.306262 0.203222 -0.504304 0.187351 -0.87068 -0.45477 0.485867 
1533736522182 0.293466 0.914754 -0.277673 -0.596929 -0.945282 0.320985 0.0583937 -0.187956 0.142545 0.245343 0.958899 0.346641 0.31622 -0.384863 0.867113 0.400795 -0.930002 -0.306262 0.203222 -0.504304 0.187351 -0.87068 -0.45477 0.485867 
1533736522212 0.293389 0.914615 -0.278213 -0.596902 -0.945307 0.320943 0.0582176 -0.187963 0.142537 0.245916 0.958753 0.34673 0.31622 -0.384863 0.867113 0.400795 -0.930002 -0.306262 0.203222 -0.504304 0.187351 -0.87068 -0.45477 0.485867 
1533736522290 0.293312 0.914475 -0.278753 -0.596875 -0.945332 0.320901 0.0580414 -0.18797 0.14253 0.24649 0.958607 0.34682 0.31622 -0.384863 0.867113 0.400795 -0.930002 -0.306262 0.203222 -0.504304 0.187351 -0.87068 -0.45477 0.485867 
1533736522297 0.293235 0.914335 -0.279293 -0.596846 -0.945357 0.32086 0.0578651 -0.187976 0.142522 0.247064 0.958461 0.346909 0.31622 -0.384863 0.867113 0.400795 -0.930002 -0.306262 0.203222 -0.504304 0.187351 -0.87068 -0.45477 0.485867 
1533736522401 0.293158 0.914195 -0.279833 -0.596819 -0.945382 0.320818 0.057689 -0.187983 0.142514 0.247637 0.958314 0.346998 0.31622 -0.384863 0.867113 0.400795 -0.930002 -0.306262 0.203222 -0.504304 0.187351 -0.87068 -0.45477 0.485867 
1533736522459 0.293277 0.914405 -0.279021 -0.596896 -0.945349 0.320875 0.0579186 -0.187964 0.142492 0.246786 0.958537 0.346828 0.31622 -0.384863 0.867113 0.400795 -0.930002 -0.306262 0.203222 -0.504304 0.187351 -0.87068 -0.45477 0.485867 
1533736522472 0.293207 0.914347 -0.279285 -0.596882 -0.945349 0.320862 0.0579913 -0.187982 0.142636 0.247018 0.958456 0.346876 0.31622 -0.384863 0.867113 0.400795 -0.930002 -0.306262 0.203222 -0.504304 0.187351 -0.87068 -0.45477 0.485867 
1533736522487 0.293138 0.914288 -0.279549 -0.596864 -0.945349 0.32085 0.0580625 -0.187999 0.142779 0.247251 0.958374 0.346926 0.31622 -0.384863 0.867113 0.400795 -0.930002 -0.306262 0.203222 -0.504304 0.187351 -0.87068 -0.45477 0.485867 
1533736522504 0.293069 0.914229 -0.279813 -0.596846 -0.945348 0.320838 0.0581338 -0.188015 0.142922 0.247484 0.958293 0.346975 0.31622 -0.384863 0.867113 0.400795 -0.930002 -0.306262 0.203222 -0.504304 0.187351 -0.87068 -0.45477 0.485867 
1533736522521 0.293001 0.91417 -0.280077 -0.596827 -0.945348 0.320826 0.058205 -0.188032 0.143065 0.247716 0.958211 0.347025 0.31622 -0.384863 0.867113 0.400795 -0.930002 -0.306262 0.203222 -0.504304 0.187351 -0.87068 -0.45477 0.485867 
1533736522537 0.292931 0.914112 -0.280341 -0.59681 -0.945348 0.320813 0.0582764 -0.188048 0.143208 0.247949 0.95813 0.347074 0.31622 -0.384863 0.867113 0.400795 -0.930002 -0.306262 0.203222 -0.504304 0.187351 -0.87068 -0.45477 0.485867 
1533736522553 0.292862 0.914053 -0.280605 -0.59679 -0.945348 0.320801 0.0583476 -0.188065 0.143351 0.248182 0.958048 0.347124 0.31622 -0.384863 0.867113 0.400795 -0.930002 -0.306262 0.203222 -0.504304 0.187351 -0.87068 -0.45477 0.485867 
1533736522570 0.292793 0.913994 -0.280869 -0.596773 -0.945347 0.320789 0.0584189 -0.188081 0.143494 0.248414 0.957966 0.347173 0.31622 -0.384863 0.867113 0.400795 -0.930002 -0.306262 0.203222 -0.504304 0.187351 -0.87068 -0.45477 0.485867 
1533736522637 0.292724 0.913935 -0.281133 -0.596753 -0.945347 0.320777 0.0584901 -0.188097 0.143637 0.248647 0.957885 0.347223 0.31622 -0.384863 0.867113 0.400795 -0.930002 -0.306262 0.203222 -0.504304 0.187351 -0.87068 -0.45477 0.485867 
1533736522669 0.292655 0.913876 -0.281397 -0.596735 -0.945347 0.320765 0.0585614 -0.188114 0.14378 0.24888 0.957803 0.347272 0.31622 -0.384863 0.867113 0.400795 -0.930002 -0.306262 0.203222 -0.504304 0.187351 -0.87068 -0.45477 0.485867 
1533736522694 0.292858 0.91409 -0.280488 -0.596837 -0.94536 0.320771 0.0583174 -0.187986 0.14328 0.248083 0.958084 0.347086 0.31622 -0.384863 0.867113 0.400795 -0.930002 -0.306262 0.203222 -0.504304 0.187351 -0.87068 -0.45477 0.485867 
1533736522706 0.292882 0.914121 -0.280364 -0.596839 -0.945343 0.320802 0.0584165 -0.187999 0.143341 0.247931 0.958115 0.347093 0.31622 -0.384863 0.867113 0.400795 -0.930002 -0.306262 0.203222 -0.504304 0.187351 -0.87068 -0.45477 0.485867 
1533736522722 0.292904 0.914151 -0.28024 -0.596844 -0.945327 0.320832 0.058517 -0.188014 0.143403 0.247778 0.958145 0.347098 0.31622 -0.384863 0.867113 0.400795 -0.930002 -0.306262 0.203222 -0.504304 0.187351 -0.87068 -0.45477 0.485867 
1533736522739 0.292927 0.914182 -0.280115 -0.596851 -0.94531 0.320862 0.0586177 -0.18803 0.143466 0.247625 0.958175 0.347103 0.31622 -0.384863 0.867113 0.400795 -0.930002 -0.306262 0.203222 -0.504304 0.187351 -0.87068 -0.45477 0.485867 
1533736522756 0.29295 0.914213 -0.279991 -0.596856 -0.945294 0.320892 0.0587182 -0.188044 0.143528 0.247472 0.958205 0.347109 0.31622 -0.384863 0.867113 0.400795 -0.930002 -0.306262 0.203222 -0.504304 0.187351 -0.87068 -0.45477 0.485867 
1533736522859 0.292972 0.914244 -0.279866 -0.596863 -0.945277 0.320922 0.0588188 -0.188059 0.14359 0.247319 0.958235 0.347114 0.31622 -0.384863 0.867113 0.400795 -0.930002 -0.306262 0.203222 -0.504304 0.187351 -0.87068 -0.45477 0.485867 
1533736522876 0.292995 0.914275 -0.279742 -0.596868 -0.945261 0.320953 0.0589193 -0.188074 0.143652 0.247166 0.958266 0.34712 0.31622 -0.384863 0.867113 0.400795 -0.930002 -0.306262 0.203222 -0.504304 0.187351 -0.87068 -0.45477 0.485867 
1533736522893 0.293017 0.914306 -0.279618 -0.596875 -0.945244 0.320983 0.0590199 -0.18809 0.143715 0.247013 0.958296 0.347125 0.31622 -0.384863 0.867113 0.400795 -0.930002 -0.306262 0.203222 -0.504304 0.187351 -0.87068 -0.45477 0.485867 
1533736522909 0.29304 0.914336 -0.279493 -0.59688 -0.945228 0.321013 0.0591205 -0.188104 0.143777 0.24686 0.958326 0.34713 0.31622 -0.384863 0.867113 0.400795 -0.930002 -0.306262 0.203222 -0.504304 0.187351 -0.87068 -0.45477 0.485867 
1533736522926 0.293063 0.914367 -0.279369 -0.596885 -0.945211 0.321043 0.059221 -0.188119 0.143839 0.246707 0.958356 0.347136 0.31622 -0.384863 0.867113 0.400795 -0.930002 -0.306262 0.203222 -0.504304 0.187351 -0.87068 -0.45477 0.485867 
1533736522946 0.293113 0.914188 -0.279904 -0.596858 -0.945234 0.32106 0.0587684 -0.188074 0.143591 0.247349 0.958228 0.347102 0.31622 -0.384863 0.867113 0.400795 -0.930002 -0.306262 0.203222 -0.504304 0.187351 -0.87068 -0.45477 0.485867 
1533736522959 0.293145 0.91417 -0.279929 -0.596855 -0.945222 0.321096 0.0587616 -0.188081 0.143602 0.247369 0.958221 0.347097 0.31622 -0.384863 0.867113 0.400795 -0.930002 -0.306262 0.203222 -0.504304 0.187351 -0.87068 -0.45477 0.485867 
1533736522976 0.293178 0.914151 -0.279955 -0.596846 -0.94521 0.321132 0.0587537 -0.188085 0.143612 0.247391 0.958214 0.347093 0.31622 -0.384863 0.867113 0.400795 -0.930002 -0.306262 0.203222 -0.504304 0.187351 -0.87068 -0.45477 0.485867 
1533736522993 0.293212 0.914132 -0.279981 -0.596838 -0.945198 0.321169 0.0587459 -0.18809 0.143623 0.247412 0.958206 0.347089 0.31622 -0.384863 0.867113 0.400795 -0.930002 -0.306262 0.203222 -0.504304 0.187351 -0.87068 -0.45477 0.485867 
1533736523009 0.293245 0.914113 -0.280007 -0.596829 -0.945186 0.321205 0.0587381 -0.188095 0.143633 0.247434 0.958199 0.347085 0.31622 -0.384863 0.867113 0.400795 -0.930002 -0.306262 0.203222 -0.504304 0.187351 -0.87068 -0.45477 0.485867 
1533736523026 0.293279 0.914095 -0.280033 -0.59682 -0.945174 0.321242 0.0587303 -0.188099 0.143643 0.247456 0.958192 0.347082 0.31622 -0.384863 0.867113 0.400795 -0.930002 -0.306262 0.203222 -0.504304 0.187351 -0.87068 -0.45477 0.485867 
1533736523043 0.293312 0.914076 -0.280059 -0.596813 -0.945162 0.321279 0.0587225 -0.188104 0.143654 0.247477 0.958185 0.347077 0.31622 -0.384863 0.867113 0.400795 -0.930002 -0.306262 0.203222 -0.504304 0.187351 -0.87068 -0.45477 0.485867 
1533736523059 0.293345 0.914057 -0.280085 -0.596803 -0.94515 0.321315 0.0587147 -0.188108 0.143664 0.247499 0.958178 0.347074 0.31622 -0.384863 0.867113 0.400795 -0.930002 -0.306262 0.203222 -0.504304 0.187351 -0.87068 -0.45477 0.485867 
1533736523076 0.293379 0.914039 -0.280111 -0.596796 -0.945138 0.321352 0.058707 -0.188113 0.143674 0.24752 0.958171 0.34707 0.31622 -0.384863 0.867113 0.400795 -0.930002 -0.306262 0.203222 -0.504304 0.187351 -0.87068 -0.45477 0.485867 
1533736523093 0.293412 0.91402 -0.280136 -0.596788 -0.945126 0.321388 0.0586992 -0.188118 0.143685 0.247541 0.958164 0.347066 0.31622 -0.384863 0.867113 0.400795 -0.930002 -0.306262 0.203222 -0.504304 0.187351 -0.87068 -0.45477 0.485867 
1533736523113 0.29306 0.914296 -0.279604 -0.59684 -0.945247 0.320995 0.0589039 -0.188086 0.143607 0.247033 0.958307 0.347099 0.31622 -0.384863 0.867113 0.400795 -0.930002 -0.306262 0.203222 -0.504304 0.187351 -0.87068 -0.45477 0.485867 
1533736523126 0.293019 0.914285 -0.279685 -0.596834 -0.945234 0.321006 0.0590656 -0.188097 0.143783 0.247061 0.958273 0.34709 0.31622 -0.384863 0.867113 0.400795 -0.930002 -0.306262 0.203222 -0.504304 0.187351 -0.87068 -0.45477 0.485867 
1533736523143 0.292976 0.914273 -0.279767 -0.596826 -0.94522 0.321016 0.0592284 -0.18811 0.143961 0.247089 0.958239 0.34708 0.31622 -0.384863 0.867113 0.400795 -0.930002 -0.306262 0.203222 -0.504304 0.187351 -0.87068 -0.45477 0.485867 
1533736523159 0.292933 0.914262 -0.279848 -0.596818 -0.945206 0.321027 0.059391 -0.188123 0.144138 0.247116 0.958205 0.347071 0.31622 -0.384863 0.867113 0.400795 -0.930002 -0.306262 0.203222 -0.504304 0.187351 -0.87068 -0.45477 0.485867 
1533736523176 0.292891 0.914251 -0.279929 -0.59681 -0.945192 0.321038 0.0595536 -0.188135 0.144315 0.247144 0.958172 0.347062 0.31622 -0.384863 0.867113 0.400795 -0.930002 -0.306262 0.203222 -0.504304 0.187351 -0.87068 -0.45477 0.485867 
1533736523193 0.292848 0.914239 -0.280012 -0.596803 -0.945178 0.321048 0.0597167 -0.188147 0.144492 0.247173 0.958137 0.347052 0.31622 -0.384863 0.867113 0.400795 -0.930002 -0.306262 0.203222 -0.504304 0.187351 -0.87068 -0.45477 0.485867 
1533736523209 0.292805 0.914228 -0.280093 -0.596793 -0.945165 0.321058 0.0598794 -0.18816 0.144669 0.247201 0.958104 0.347043 0.31622 -0.384863 0.867113 0.400795 -0.930002 -0.306262 0.203222 -0.504304 0.187351 -0.87068 -0.45477 0.485867 
1533736523226 0.292762 0.914217 -0.280174 -0.596785 -0.945151 0.321069 0.0600421 -0.188172 0.144847 0.247229 0.95807 0.347034 0.31622 -0.384863 0.867113 0.400795 -0.930002 -0.306262 0.203222 -0.504304 0.187351 -0.87068 -0.45477 0.485867 
1533736523243 0.292719 0.914206 -0.280255 -0.596777 -0.945137 0.321079 0.0602048 -0.188184 0.145024 0.247257 0.958036 0.347025 0.31622 -0.384863 0.867113 0.400795 -0.930002 -0.306262 0.203222 -0.504304 0.187351 -0.87068 -0.45477 0.485867 
1533736523259 0.292677 0.914194 -0.280338 -0.59677 -0.945123 0.32109 0.0603676 -0.188196 0.145201 0.247285 0.958001 0.347015 0.31622 -0.384863 0.867113 0.400795 -0.930002 -0.306262 0.203222 -0.504304 0.187351 -0.87068 -0.45477 0.485867 
1533736523279 0.292857 0.914268 -0.27991 -0.596781 -0.945248 0.320926 0.0592657 -0.188124 0.144015 0.247228 0.958195 0.34704 0.31622 -0.384863 0.867113 0.400795 -0.930002 -0.306262 0.203222 -0.504304 0.187351 -0.87068 -0.45477 0.485867 
1533736523293 0.292829 0.914265 -0.279948 -0.596779 -0.945234 0.320941 0.0594164 -0.18814 0.144169 0.247218 0.958175 0.347046 0.31622 -0.384863 0.867113 0.400795 -0.930002 -0.306262 0.203222 -0.504304 0.187351 -0.87068 -0.45477 0.485867 
1533736523309 0.2928 0.914263 -0.279986 -0.596777 -0.945219 0.320956 0.0595667 -0.188158 0.144323 0.247207 0.958154 0.347052 0.31622 -0.384863 0.867113 0.400795 -0.930002 -0.306262 0.203222 -0.504304 0.187351 -0.87068 -0.45477 0.485867 
1533736523326 0.292771 0.91426 -0.280024 -0.596775 -0.945205 0.320971 0.0597167 -0.188175 0.144476 0.247197 0.958134 0.347057 0.31622 -0.384863 0.867113 0.400795 -0.930002 -0.306262 0.203222 -0.504304 0.187351 -0.87068 -0.45477 0.485867 
1533736523343 0.292742 0.914258 -0.280062 -0.596774 -0.94519 0.320985 0.0598672 -0.188194 0.14463 0.247187 0.958113 0.347063 0.31622 -0.384863 0.867113 0.400795 -0.930002 -0.306262 0.203222 -0.504304 0.187351 -0.87068 -0.45477 0.485867 
1533736523359 0.292713 0.914255 -0.280101 -0.596772 -0.945176 0.321 0.0600173 -0.188211 0.144783 0.247176 0.958093 0.347068 0.31622 -0.384863 0.867113 0.400795 -0.930002 -0.306262 0.203222 -0.504304 0.187351 -0.87068 -0.45477 0.485867 
1533736523376 0.292684 0.914253 -0.280139 -0.59677 -0.945161 0.321015 0.0601674 -0.188228 0.144937 0.247166 0.958072 0.347074 0.31622 -0.384863 0.867113 0.400795 -0.930002 -0.306262 0.203222 -0.504304 0.187351 -0.87068 -0.45477 0.485867 
1533736523383 0.292655 0.914251 -0.280176 -0.596769 -0.945146 0.32103 0.0603179 -0.188248 0.145091 0.247155 0.958052 0.347079 0.31622 -0.384863 0.867113 0.400795 -0.930002 -0.306262 0.203222 -0.504304 0.187351 -0.87068 -0.45477 0.485867 
1533736523396 0.292626 0.914248 -0.280214 -0.596767 -0.945132 0.321045 0.0604681 -0.188265 0.145244 0.247145 0.958031 0.347085 0.31622 -0.384863 0.867113 0.400795 -0.930002 -0.306262 0.203222 -0.504304 0.187351 -0.87068 -0.45477 0.485867 
1533736523413 0.292597 0.914246 -0.280252 -0.596766 -0.945117 0.321059 0.0606182 -0.188283 0.145398 0.247135 0.95801 0.347091 0.31622 -0.384863 0.867113 0.400795 -0.930002 -0.306262 0.203222 -0.504304 0.187351 -0.87068 -0.45477 0.485867 
1533736523437 0.292674 0.914237 -0.280201 -0.596783 -0.94516 0.321017 0.0601774 -0.18816 0.144966 0.247222 0.958053 0.347075 0.31622 -0.384863 0.867113 0.400795 -0.930002 -0.306262 0.203222 -0.504304 0.187351 -0.87068 -0.45477 0.485867 
1533736523449 0.292857 0.914296 -0.279817 -0.596804 -0.945166 0.32106 0.0598434 -0.188135 0.144552 0.246948 0.958187 0.347049 0.31622 -0.384863 0.867113 0.400795 -0.930002 -0.306262 0.203222 -0.504304 0.187351 -0.87068 -0.45477 0.485867 
1533736523467 0.293039 0.914356 -0.279431 -0.596831 -0.945173 0.321102 0.0595096 -0.188112 0.144139 0.246672 0.95832 0.347021 0.31622 -0.384863 0.867113 0.400795 -0.930002 -0.306262 0.203222 -0.504304 0.187351 -0.87068 -0.45477 0.485867 
1533736523483 0.293221 0.914415 -0.279045 -0.596857 -0.945179 0.321145 0.0591759 -0.188089 0.143725 0.246396 0.958453 0.346993 0.31622 -0.384863 0.867113 0.400795 -0.930002 -0.306262 0.203222 -0.504304 0.187351 -0.87068 -0.45477 0.485867 
1533736523573 0.293403 0.914475 -0.278659 -0.596883 -0.945186 0.321187 0.0588422 -0.188066 0.143311 0.24612 0.958586 0.346965 0.31622 -0.384863 0.867113 0.400795 -0.930002 -0.306262 0.203222 -0.504304 0.187351 -0.87068 -0.45477 0.485867 
1533736523588 0.293585 0.914534 -0.278273 -0.59691 -0.945192 0.32123 0.0585085 -0.188043 0.142898 0.245844 0.958718 0.346937 0.31622 -0.384863 0.867113 0.400795 -0.930002 -0.306262 0.203222 -0.504304 0.187351 -0.87068 -0.45477 0.485867 
1533736523595 0.293767 0.914593 -0.277887 -0.596935 -0.945198 0.321273 0.0581748 -0.18802 0.142484 0.245569 0.958851 0.346909 0.31622 -0.384863 0.867113 0.400795 -0.930002 -0.306262 0.203222 -0.504304 0.187351 -0.87068 -0.45477 0.485867 
1533736523673 0.293948 0.914652 -0.277501 -0.596961 -0.945204 0.321315 0.057841 -0.187996 0.14207 0.245293 0.958983 0.346882 0.31622 -0.384863 0.867113 0.400795 -0.930002 -0.306262 0.203222 -0.504304 0.187351 -0.87068 -0.45477 0.485867 
1533736523718 0.294129 0.914711 -0.277115 -0.596988 -0.94521 0.321358 0.0575074 -0.187974 0.141656 0.245017 0.959114 0.346854 0.31622 -0.384863 0.867113 0.400795 -0.930002 -0.306262 0.203222 -0.504304 0.187351 -0.87068 -0.45477 0.485867 
1533736523739 0.29431 0.914769 -0.276728 -0.597014 -0.945216 0.321401 0.0571737 -0.18795 0.141242 0.244741 0.959246 0.346826 0.31622 -0.384863 0.867113 0.400795 -0.930002 -0.306262 0.203222 -0.504304 0.187351 -0.87068 -0.45477 0.485867 
1533736523775 0.29379 0.914676 -0.277589 -0.596924 -0.945206 0.321249 0.0581688 -0.18796 0.142381 0.245289 0.958937 0.346974 0.31622 -0.384863 0.867113 0.400795 -0.930002 -0.306262 0.203222 -0.504304 0.187351 -0.87068 -0.45477 0.485867 
1533736523786 0.293687 0.91472 -0.277554 -0.596922 -0.94522 0.321179 0.0583319 -0.187967 0.142502 0.245218 0.958938 0.346974 0.31622 -0.384863 0.867113 0.400795 -0.930002 -0.306262 0.203222 -0.504304 0.187351 -0.87068 -0.45477 0.485867 
1533736523803 0.293582 0.914764 -0.277518 -0.596925 -0.945235 0.321107 0.0584952 -0.187978 0.142622 0.245146 0.958938 0.346972 0.31622 -0.384863 0.867113 0.400795 -0.930002 -0.306262 0.203222 -0.504304 0.187351 -0.87068 -0.45477 0.485867 
1533736523820 0.293478 0.914809 -0.277481 -0.596928 -0.945249 0.321036 0.0586584 -0.187988 0.142743 0.245074 0.958939 0.34697 0.31622 -0.384863 0.867113 0.400795 -0.930002 -0.306262 0.203222 -0.504304 0.187351 -0.87068 -0.45477 0.485867 
1533736523836 0.293374 0.914853 -0.277445 -0.596931 -0.945263 0.320964 0.0588215 -0.187998 0.142863 0.245002 0.958939 0.346968 0.31622 -0.384863 0.867113 0.400795 -0.930002 -0.306262 0.203222 -0.504304 0.187351 -0.87068 -0.45477 0.485867 
1533736523853 0.293269 0.914897 -0.277409 -0.596934 -0.945277 0.320893 0.0589847 -0.188009 0.142983 0.24493 0.95894 0.346966 0.31622 -0.384863 0.867113 0.400795 -0.930002 -0.306262 0.203222 -0.504304 0.187351 -0.87068 -0.45477 0.485867 
1533736523870 0.293165 0.914942 -0.277373 -0.596936 -0.945291 0.320821 0.0591477 -0.188018 0.143104 0.244858 0.95894 0.346964 0.31622 -0.384863 0.867113 0.400795 -0.930002 -0.306262 0.203222 -0.504304 0.187351 -0.87068 -0.45477 0.485867 
1533736523918 0.293061 0.914986 -0.277336 -0.59694 -0.945305 0.320749 0.0593109 -0.188029 0.143224 0.244786 0.95894 0.346962 0.31622 -0.384863 0.867113 0.400795 -0.930002 -0.306262 0.203222 -0.504304 0.187351 -0.87068 -0.45477 0.485867 
1533736523925 0.292957 0.91503 -0.2773 -0.596942 -0.945319 0.320678 0.0594739 -0.188038 0.143344 0.244714 0.958941 0.346961 0.31622 -0.384863 0.867113 0.400795 -0.930002 -0.306262 0.203222 -0.504304 0.187351 -0.87068 -0.45477 0.485867 
1533736523949 0.292853 0.915075 -0.277264 -0.596945 -0.945333 0.320606 0.0596369 -0.188048 0.143465 0.244642 0.958941 0.346959 0.31622 -0.384863 0.867113 0.400795 -0.930002 -0.306262 0.203222 -0.504304 0.187351 -0.87068 -0.45477 0.485867 
1533736523969 0.293453 0.914906 -0.277186 -0.596977 -0.9453 0.320917 0.0584724 -0.18794 0.142451 0.244865 0.959035 0.346944 0.31622 -0.384863 0.867113 0.400795 -0.930002 -0.306262 0.203222 -0.504304 0.187351 -0.87068 -0.45477 0.485867 
1533736523982 0.293502 0.914904 -0.277141 -0.596973 -0.945283 0.320965 0.0584895 -0.187941 0.142465 0.24481 0.959047 0.346927 0.31622 -0.384863 0.867113 0.400795 -0.930002 -0.306262 0.203222 -0.504304 0.187351 -0.87068 -0.45477 0.485867 
1533736523999 0.29355 0.914903 -0.277094 -0.596968 -0.945266 0.321012 0.0585063 -0.187943 0.142478 0.244753 0.95906 0.346909 0.31622 -0.384863 0.867113 0.400795 -0.930002 -0.306262 0.203222 -0.504304 0.187351 -0.87068 -0.45477 0.485867 
1533736524017 0.293599 0.914902 -0.277047 -0.596964 -0.945249 0.321059 0.0585233 -0.187944 0.142491 0.244696 0.959073 0.346889 0.31622 -0.384863 0.867113 0.400795 -0.930002 -0.306262 0.203222 -0.504304 0.187351 -0.87068 -0.45477 0.485867 
1533736524032 0.293647 0.9149 -0.277 -0.59696 -0.945232 0.321106 0.0585401 -0.187945 0.142505 0.244639 0.959085 0.34687 0.31622 -0.384863 0.867113 0.400795 -0.930002 -0.306262 0.203222 -0.504304 0.187351 -0.87068 -0.45477 0.485867 
1533736524049 0.293695 0.914899 -0.276953 -0.596956 -0.945215 0.321153 0.058557 -0.187946 0.142518 0.244582 0.959098 0.346852 0.31622 -0.384863 0.867113 0.400795 -0.930002 -0.306262 0.203222 -0.504304 0.187351 -0.87068 -0.45477 0.485867 
1533736524066 0.293743 0.914898 -0.276905 -0.596953 -0.945198 0.3212 0.0585741 -0.187947 0.142531 0.244524 0.95911 0.34683 0.31622 -0.384863 0.867113 0.400795 -0.930002 -0.306262 0.203222 -0.504304 0.187351 -0.87068 -0.45477 0.485867 
1533736524072 0.293792 0.914897 -0.276858 -0.596949 -0.945181 0.321247 0.058591 -0.187948 0.142545 0.244467 0.959123 0.346812 0.31622 -0.384863 0.867113 0.400795 -0.930002 -0.306262 0.203222 -0.504304 0.187351 -0.87068 -0.45477 0.485867 
1533736524095 0.29384 0.914895 -0.276811 -0.596945 -0.945164 0.321294 0.0586079 -0.18795 0.142558 0.24441 0.959135 0.346793 0.31622 -0.384863 0.867113 0.400795 -0.930002 -0.306262 0.203222 -0.504304 0.187351 -0.87068 -0.45477 0.485867 
1533736524111 0.293888 0.914894 -0.276763 -0.596942 -0.945147 0.321341 0.0586251 -0.187951 0.142571 0.244353 0.959148 0.346772 0.31622 -0.384863 0.867113 0.400795 -0.930002 -0.306262 0.203222 -0.504304 0.187351 -0.87068 -0.45477 0.485867 
1533736524139 0.293041 0.915087 -0.277026 -0.596905 -0.945353 0.320638 0.0591443 -0.187986 0.142947 0.244556 0.959041 0.346927 0.31622 -0.384863 0.867113 0.400795 -0.930002 -0.306262 0.203222 -0.504304 0.187351 -0.87068 -0.45477 0.485867 
1533736524152 0.293032 0.915018 -0.277261 -0.596895 -0.945324 0.320701 0.0592844 -0.187998 0.143164 0.244729 0.958964 0.346935 0.31622 -0.384863 0.867113 0.400795 -0.930002 -0.306262 0.203222 -0.504304 0.187351 -0.87068 -0.45477 0.485867 
1533736524168 0.293023 0.91495 -0.277497 -0.596881 -0.945293 0.320764 0.0594243 -0.188009 0.143381 0.244903 0.958887 0.346944 0.31622 -0.384863 0.867113 0.400795 -0.930002 -0.306262 0.203222 -0.504304 0.187351 -0.87068 -0.45477 0.485867 
1533736524185 0.293015 0.914881 -0.277732 -0.596867 -0.945263 0.320827 0.0595643 -0.188019 0.143598 0.245077 0.95881 0.346952 0.31622 -0.384863 0.867113 0.400795 -0.930002 -0.306262 0.203222 -0.504304 0.187351 -0.87068 -0.45477 0.485867 
1533736524274 0.293006 0.914812 -0.277967 -0.596855 -0.945233 0.320891 0.0597044 -0.18803 0.143815 0.24525 0.958733 0.346961 0.31622 -0.384863 0.867113 0.400795 -0.930002 -0.306262 0.203222 -0.504304 0.187351 -0.87068 -0.45477 0.485867 
1533736524290 0.292998 0.914743 -0.278203 -0.596841 -0.945202 0.320954 0.0598443 -0.188041 0.144033 0.245424 0.958656 0.34697 0.31622 -0.384863 0.867113 0.400795 -0.930002 -0.306262 0.203222 -0.504304 0.187351 -0.87068 -0.45477 0.485867 
1533736524306 0.292989 0.914675 -0.278438 -0.596828 -0.945172 0.321018 0.0599843 -0.188051 0.14425 0.245597 0.958579 0.346979 0.31622 -0.384863 0.867113 0.400795 -0.930002 -0.306262 0.203222 -0.504304 0.187351 -0.87068 -0.45477 0.485867 
1533736524323 0.292981 0.914606 -0.278674 -0.596813 -0.945141 0.321081 0.0601242 -0.188062 0.144467 0.245771 0.958502 0.346988 0.31622 -0.384863 0.867113 0.400795 -0.930002 -0.306262 0.203222 -0.504304 0.187351 -0.87068 -0.45477 0.485867 
1533736524340 0.292972 0.914537 -0.278909 -0.5968 -0.945111 0.321145 0.0602641 -0.188072 0.144684 0.245944 0.958425 0.346996 0.31622 -0.384863 0.867113 0.400795 -0.930002 -0.306262 0.203222 -0.504304 0.187351 -0.87068 -0.45477 0.485867 
1533736524372 0.292963 0.914468 -0.279144 -0.596787 -0.94508 0.321209 0.060404 -0.188083 0.144901 0.246117 0.958348 0.347005 0.31622 -0.384863 0.867113 0.400795 -0.930002 -0.306262 0.203222 -0.504304 0.187351 -0.87068 -0.45477 0.485867 
1533736524397 0.293001 0.914784 -0.278066 -0.596821 -0.945221 0.320914 0.0597572 -0.188102 0.1439 0.245325 0.958701 0.347026 0.31622 -0.384863 0.867113 0.400795 -0.930002 -0.306262 0.203222 -0.504304 0.187351 -0.87068 -0.45477 0.485867 
1533736524410 0.293031 0.914753 -0.278136 -0.596821 -0.945197 0.320974 0.0598259 -0.188106 0.144 0.245362 0.958677 0.347021 0.31622 -0.384863 0.867113 0.400795 -0.930002 -0.306262 0.203222 -0.504304 0.187351 -0.87068 -0.45477 0.485867 
1533736524427 0.293062 0.914722 -0.278205 -0.596818 -0.945172 0.321034 0.0598946 -0.188109 0.1441 0.245399 0.958652 0.347018 0.31622 -0.384863 0.867113 0.400795 -0.930002 -0.306262 0.203222 -0.504304 0.187351 -0.87068 -0.45477 0.485867 
1533736524444 0.293093 0.914691 -0.278275 -0.596814 -0.945147 0.321094 0.0599634 -0.188111 0.144201 0.245436 0.958628 0.347015 0.31622 -0.384863 0.867113 0.400795 -0.930002 -0.306262 0.203222 -0.504304 0.187351 -0.87068 -0.45477 0.485867 
1533736524460 0.293124 0.91466 -0.278344 -0.596812 -0.945122 0.321155 0.0600322 -0.188114 0.144301 0.245473 0.958603 0.347011 0.31622 -0.384863 0.867113 0.400795 -0.930002 -0.306262 0.203222 -0.504304 0.187351 -0.87068 -0.45477 0.485867 
1533736524477 0.293155 0.914629 -0.278414 -0.596808 -0.945097 0.321215 0.0601009 -0.188117 0.144401 0.245509 0.958579 0.347008 0.31622 -0.384863 0.867113 0.400795 -0.930002 -0.306262 0.203222 -0.504304 0.187351 -0.87068 -0.45477 0.485867 
1533736524494 0.293186 0.914598 -0.278484 -0.596806 -0.945072 0.321276 0.0601697 -0.18812 0.144501 0.245546 0.958554 0.347004 0.31622 -0.384863 0.867113 0.400795 -0.930002 -0.306262 0.203222 -0.504304 0.187351 -0.87068 -0.45477 0.485867 
1533736524510 0.293217 0.914567 -0.278553 -0.596801 -0.945047 0.321336 0.0602383 -0.188122 0.144601 0.245583 0.95853 0.347001 0.31622 -0.384863 0.867113 0.400795 -0.930002 -0.306262 0.203222 -0.504304 0.187351 -0.87068 -0.45477 0.485867 
1533736524527 0.293248 0.914536 -0.278623 -0.596798 -0.945022 0.321396 0.0603071 -0.188125 0.144701 0.24562 0.958505 0.346998 0.31622 -0.384863 0.867113 0.400795 -0.930002 -0.306262 0.203222 -0.504304 0.187351 -0.87068 -0.45477 0.485867 
1533736524544 0.293278 0.914504 -0.278692 -0.596795 -0.944998 0.321457 0.0603758 -0.188127 0.144801 0.245657 0.958481 0.346994 0.31622 -0.384863 0.867113 0.400795 -0.930002 -0.306262 0.203222 -0.504304 0.187351 -0.87068 -0.45477 0.485867 
1533736524564 0.293046 0.914556 -0.278766 -0.596799 -0.945105 0.321178 0.06018 -0.188092 0.144572 0.245828 0.958472 0.347004 0.31622 -0.384863 0.867113 0.400795 -0.930002 -0.306262 0.203222 -0.504304 0.187351 -0.87068 -0.45477 0.485867 
1533736524580 0.293213 0.914565 -0.278562 -0.596812 -0.945132 0.321192 0.0596844 -0.188068 0.144057 0.245778 0.958562 0.346991 0.31622 -0.384863 0.867113 0.400795 -0.930002 -0.306262 0.203222 -0.504304 0.187351 -0.87068 -0.45477 0.485867 
1533736524597 0.29338 0.914574 -0.278357 -0.596828 -0.945158 0.321206 0.0591892 -0.188042 0.143543 0.245727 0.958652 0.346977 0.31622 -0.384863 0.867113 0.400795 -0.930002 -0.306262 0.203222 -0.504304 0.187351 -0.87068 -0.45477 0.485867 
1533736524616 0.293547 0.914582 -0.278153 -0.596844 -0.945184 0.32122 0.0586943 -0.188016 0.143029 0.245676 0.958742 0.346963 0.31622 -0.384863 0.867113 0.400795 -0.930002 -0.306262 0.203222 -0.504304 0.187351 -0.87068 -0.45477 0.485867 
1533736524630 0.293714 0.914591 -0.277947 -0.596859 -0.94521 0.321234 0.058199 -0.187991 0.142514 0.245625 0.958832 0.34695 0.31622 -0.384863 0.867113 0.400795 -0.930002 -0.306262 0.203222 -0.504304 0.187351 -0.87068 -0.45477 0.485867 
1533736524647 0.293881 0.9146 -0.277743 -0.596877 -0.945235 0.321249 0.0577039 -0.187966 0.142 0.245574 0.958921 0.346936 0.31622 -0.384863 0.867113 0.400795 -0.930002 -0.306262 0.203222 -0.504304 0.187351 -0.87068 -0.45477 0.485867 
1533736524697 0.294048 0.914609 -0.277537 -0.596892 -0.945261 0.321263 0.0572088 -0.187941 0.141486 0.245522 0.95901 0.346922 0.31622 -0.384863 0.867113 0.400795 -0.930002 -0.306262 0.203222 -0.504304 0.187351 -0.87068 -0.45477 0.485867 
1533736524741 0.294215 0.914617 -0.277332 -0.59691 -0.945286 0.321277 0.0567136 -0.187915 0.140972 0.245472 0.959099 0.346908 0.31622 -0.384863 0.867113 0.400795 -0.930002 -0.306262 0.203222 -0.504304 0.187351 -0.87068 -0.45477 0.485867 
