1535116138967 0.189935 0.90983 -0.368963 -0.519103 -0.947863 0.267878 0.17262 -0.19929 0.255892 0.31694 0.913273 0.453207 0.16008 -0.304787 0.938871 0.370831 -0.775623 0.549475 0.310623 -0.528794 -0.61056 -0.777934 -0.14844 0.432481 
1535116138979 0.195691 0.91223 -0.35992 -0.531337 -0.947239 0.270836 0.171423 -0.204541 0.253856 0.307384 0.9171 0.445151 0.316225 -0.384867 0.86711 0.400813 -0.930002 -0.30626 0.203228 -0.504337 0.187345 -0.870679 -0.454774 0.485882 
1535116139744 0.201421 0.91452 -0.350832 -0.543571 -0.946597 0.273801 0.170256 -0.209792 0.25176 0.297804 0.920831 0.437096 0.316225 -0.384867 0.86711 0.400813 -0.930002 -0.30626 0.203228 -0.504337 0.187345 -0.870679 -0.454774 0.485882 
1535116139749 0.207128 0.916699 -0.341702 -0.555804 -0.945937 0.276773 0.169118 -0.215044 0.249604 0.2882 0.924467 0.42904 0.316225 -0.384867 0.86711 0.400813 -0.930002 -0.30626 0.203228 -0.504337 0.187345 -0.870679 -0.454774 0.485882 
1535116140856 0.212809 0.918768 -0.332532 -0.568037 -0.945257 0.279752 0.168009 -0.220294 0.247388 0.278574 0.928006 0.420984 0.316225 -0.384867 0.86711 0.400813 -0.930002 -0.30626 0.203228 -0.504337 0.187345 -0.870679 -0.454774 0.485882 
1535116141682 0.218464 0.920726 -0.323321 -0.580268 -0.94456 0.282738 0.166931 -0.225544 0.245113 0.268928 0.931449 0.412929 0.316225 -0.384867 0.86711 0.400813 -0.930002 -0.30626 0.203228 -0.504337 0.187345 -0.870679 -0.454774 0.485882 
1535116142506 0.224094 0.922573 -0.314072 -0.592497 -0.943844 0.285731 0.165882 -0.230793 0.242778 0.259261 0.934795 0.404874 0.316225 -0.384867 0.86711 0.400813 -0.930002 -0.30626 0.203228 -0.504337 0.187345 -0.870679 -0.454774 0.485882 
1535116143346 0.229696 0.924308 -0.304785 -0.604721 -0.943109 0.28873 0.164863 -0.23604 0.240385 0.249577 0.938044 0.39682 0.316225 -0.384867 0.86711 0.400813 -0.930002 -0.30626 0.203228 -0.504337 0.187345 -0.870679 -0.454774 0.485882 
1535116144200 0.235271 0.925932 -0.295463 -0.616939 -0.942356 0.291736 0.163873 -0.241284 0.237932 0.239877 0.941195 0.388767 0.316225 -0.384867 0.86711 0.400813 -0.930002 -0.30626 0.203228 -0.504337 0.187345 -0.870679 -0.454774 0.485882 
1535116145075 0.24099 0.9273 -0.286423 -0.627423 -0.941549 0.294959 0.162739 -0.245671 0.235392 0.230463 0.944181 0.38105 0.316379 -0.384993 0.866998 0.401317 -0.929989 -0.306181 0.203405 -0.505249 0.187149 -0.870651 -0.454908 0.48631 
1535116145929 0.24174 0.926941 -0.286955 -0.627212 -0.941317 0.295808 0.162541 -0.245896 0.235549 0.230823 0.944054 0.381376 0.316379 -0.384993 0.866998 0.401317 -0.929989 -0.306181 0.203405 -0.505249 0.187149 -0.870651 -0.454908 0.48631 
1535116145940 0.241256 0.926807 -0.287793 -0.62772 -0.941346 0.295586 0.162775 -0.246069 0.235929 0.231642 0.943758 0.380978 0.316221 -0.384863 0.867113 0.400797 -0.930002 -0.306262 0.203223 -0.504308 0.187351 -0.87068 -0.45477 0.485869 
1535116145947 0.240771 0.926673 -0.288629 -0.628228 -0.941376 0.295363 0.163009 -0.246243 0.236306 0.232461 0.943462 0.38058 0.316221 -0.384863 0.867113 0.400797 -0.930002 -0.306262 0.203223 -0.504308 0.187351 -0.87068 -0.45477 0.485869 
1535116146181 0.240286 0.926538 -0.289465 -0.62874 -0.941405 0.295141 0.163243 -0.246418 0.236684 0.233279 0.943166 0.380182 0.316221 -0.384863 0.867113 0.400796 -0.930002 -0.306262 0.203223 -0.504306 0.187351 -0.87068 -0.45477 0.485868 
1535116146188 0.2398 0.926402 -0.290301 -0.62925 -0.941434 0.294919 0.163477 -0.246592 0.237061 0.234097 0.942868 0.379784 0.31622 -0.384863 0.867113 0.400796 -0.930002 -0.306262 0.203222 -0.504306 0.187351 -0.87068 -0.454769 0.485868 
1535116146428 0.239314 0.926266 -0.291137 -0.62976 -0.941463 0.294697 0.163711 -0.246766 0.237437 0.234916 0.94257 0.379386 0.31622 -0.384863 0.867113 0.400796 -0.930002 -0.306262 0.203222 -0.504306 0.187351 -0.87068 -0.454769 0.485868 
1535116146602 0.238828 0.926128 -0.291972 -0.630271 -0.941491 0.294476 0.163946 -0.246941 0.237814 0.235734 0.942271 0.378987 0.31622 -0.384863 0.867113 0.400796 -0.930002 -0.306262 0.203222 -0.504305 0.187351 -0.87068 -0.45477 0.485867 
1535116146776 0.238342 0.92599 -0.292807 -0.630781 -0.94152 0.294254 0.164181 -0.247115 0.238189 0.236552 0.941971 0.378589 0.31622 -0.384863 0.867113 0.400796 -0.930002 -0.306262 0.203222 -0.504305 0.187351 -0.87068 -0.45477 0.485867 
1535116146959 0.237854 0.925851 -0.293641 -0.631292 -0.941548 0.294033 0.164416 -0.24729 0.238564 0.23737 0.94167 0.378191 0.316221 -0.384863 0.867113 0.400795 -0.930002 -0.306262 0.203223 -0.504305 0.187351 -0.87068 -0.45477 0.485867 
1535116147138 0.237367 0.925711 -0.294475 -0.631802 -0.941576 0.293812 0.164651 -0.247465 0.238939 0.238188 0.941368 0.377792 0.316221 -0.384863 0.867113 0.400795 -0.930002 -0.306262 0.203223 -0.504305 0.187351 -0.87068 -0.45477 0.485867 
1535116147332 0.237628 0.925757 -0.294121 -0.631553 -0.941526 0.293981 0.164634 -0.247413 0.238877 0.237801 0.941482 0.377994 0.316221 -0.384863 0.867113 0.400795 -0.930002 -0.306262 0.203223 -0.504305 0.187351 -0.87068 -0.45477 0.485867 
1535116147346 0.237697 0.925883 -0.293667 -0.632257 -0.941456 0.294018 0.164966 -0.247832 0.239083 0.237263 0.941566 0.377659 0.31622 -0.384863 0.867113 0.400795 -0.930002 -0.306262 0.203222 -0.504304 0.187351 -0.87068 -0.454769 0.485867 
1535116147569 0.237765 0.92601 -0.293213 -0.632967 -0.941386 0.294054 0.165299 -0.248254 0.239289 0.236724 0.941649 0.377324 0.31622 -0.384863 0.867113 0.400795 -0.930002 -0.306262 0.203222 -0.504304 0.187351 -0.87068 -0.454769 0.485867 
1535116147806 0.237834 0.926136 -0.292758 -0.633676 -0.941317 0.29409 0.165632 -0.248675 0.239495 0.236185 0.941732 0.376988 0.31622 -0.384863 0.867113 0.400795 -0.930002 -0.306262 0.203222 -0.504304 0.187351 -0.87068 -0.454769 0.485867 
1535116148043 0.237903 0.926262 -0.292303 -0.634386 -0.941247 0.294125 0.165965 -0.249097 0.239701 0.235646 0.941814 0.376653 0.31622 -0.384863 0.867113 0.400795 -0.930002 -0.306262 0.203222 -0.504304 0.187351 -0.87068 -0.454769 0.485867 
1535116148285 0.237971 0.926388 -0.291849 -0.635095 -0.941177 0.294161 0.166298 -0.249519 0.239906 0.235107 0.941897 0.376317 0.31622 -0.384863 0.867113 0.400795 -0.930002 -0.306262 0.203222 -0.504304 0.187351 -0.87068 -0.454769 0.485867 
1535116148521 0.23804 0.926513 -0.291394 -0.635805 -0.941107 0.294196 0.16663 -0.24994 0.240112 0.234568 0.941979 0.375981 0.31622 -0.384863 0.867113 0.400795 -0.930002 -0.306262 0.203222 -0.504304 0.187351 -0.87068 -0.454769 0.485867 
1535116148750 0.238109 0.926638 -0.290939 -0.636514 -0.941037 0.294231 0.166963 -0.250362 0.240318 0.234029 0.94206 0.375646 0.31622 -0.384863 0.867113 0.400795 -0.930002 -0.306262 0.203222 -0.504304 0.187351 -0.87068 -0.454769 0.485867 
1535116148987 0.238178 0.926763 -0.290484 -0.637224 -0.940967 0.294266 0.167296 -0.250784 0.240523 0.23349 0.942142 0.37531 0.31622 -0.384863 0.867113 0.400795 -0.930002 -0.306262 0.203222 -0.504304 0.187351 -0.87068 -0.454769 0.485867 
1535116149224 0.238247 0.926888 -0.290029 -0.637932 -0.940897 0.2943 0.167629 -0.251205 0.240729 0.23295 0.942223 0.374975 0.31622 -0.384863 0.867113 0.400795 -0.930002 -0.306262 0.203222 -0.504304 0.187351 -0.87068 -0.454769 0.485867 
1535116149474 0.238624 0.926699 -0.290322 -0.637724 -0.940805 0.29471 0.16743 -0.25127 0.240718 0.233183 0.942168 0.375018 0.31622 -0.384863 0.867113 0.400795 -0.930002 -0.306262 0.203222 -0.504304 0.187351 -0.87068 -0.454769 0.485867 
1535116149485 0.238488 0.927013 -0.289432 -0.637989 -0.940918 0.294343 0.167437 -0.251466 0.240409 0.2324 0.94244 0.374936 0.31622 -0.384863 0.867113 0.400795 -0.930002 -0.306262 0.203222 -0.504304 0.187351 -0.87068 -0.45477 0.485867 
1535116149598 0.238353 0.927325 -0.288542 -0.638258 -0.941031 0.293977 0.167445 -0.251664 0.240101 0.231616 0.942712 0.374853 0.31622 -0.384863 0.867113 0.400795 -0.930002 -0.306262 0.203222 -0.504304 0.187351 -0.87068 -0.45477 0.485867 
1535116149735 0.238217 0.927636 -0.287651 -0.638528 -0.941144 0.293611 0.167453 -0.251862 0.239793 0.230831 0.942983 0.37477 0.31622 -0.384863 0.867113 0.400795 -0.930002 -0.306262 0.203222 -0.504304 0.187351 -0.87068 -0.45477 0.485867 
1535116149892 0.238081 0.927947 -0.286761 -0.638797 -0.941257 0.293245 0.16746 -0.25206 0.239486 0.230047 0.943252 0.374687 0.31622 -0.384863 0.867113 0.400795 -0.930002 -0.306262 0.203222 -0.504304 0.187351 -0.87068 -0.45477 0.485867 
1535116150054 0.237944 0.928257 -0.28587 -0.639067 -0.94137 0.292879 0.167467 -0.252258 0.239178 0.229261 0.943522 0.374604 0.31622 -0.384863 0.867113 0.400795 -0.930002 -0.306262 0.203222 -0.504304 0.187351 -0.87068 -0.45477 0.485867 
1535116150219 0.237807 0.928566 -0.284978 -0.639337 -0.941482 0.292513 0.167474 -0.252457 0.238871 0.228476 0.94379 0.374521 0.31622 -0.384863 0.867113 0.400795 -0.930002 -0.306262 0.203222 -0.504304 0.187351 -0.87068 -0.45477 0.485867 
1535116150225 0.23767 0.928874 -0.284087 -0.639605 -0.941595 0.292147 0.16748 -0.252655 0.238563 0.22769 0.944058 0.374438 0.31622 -0.384863 0.867113 0.400795 -0.930002 -0.306262 0.203222 -0.504304 0.187351 -0.87068 -0.45477 0.485867 
1535116150454 0.237532 0.929182 -0.283195 -0.639876 -0.941707 0.291781 0.167486 -0.252853 0.238256 0.226904 0.944325 0.374355 0.31622 -0.384863 0.867113 0.400795 -0.930002 -0.306262 0.203222 -0.504304 0.187351 -0.87068 -0.45477 0.485867 
1535116150628 0.237395 0.929488 -0.282303 -0.640145 -0.94182 0.291414 0.167492 -0.253051 0.237949 0.226117 0.944591 0.374272 0.31622 -0.384863 0.867113 0.400795 -0.930002 -0.306262 0.203222 -0.504304 0.187351 -0.87068 -0.45477 0.485867 
1535116150812 0.237504 0.929309 -0.282802 -0.639986 -0.941797 0.291603 0.167288 -0.253024 0.237928 0.22661 0.944478 0.374288 0.31622 -0.384863 0.867113 0.400795 -0.930002 -0.306262 0.203222 -0.504304 0.187351 -0.87068 -0.45477 0.485867 
1535116150825 0.237377 0.929417 -0.282551 -0.640092 -0.941875 0.291394 0.167214 -0.253138 0.237745 0.226435 0.944566 0.374253 0.31622 -0.384863 0.867113 0.400795 -0.930002 -0.306262 0.203222 -0.504304 0.187351 -0.87068 -0.45477 0.485867 
1535116150841 0.23725 0.929526 -0.282301 -0.640203 -0.941953 0.291184 0.16714 -0.253255 0.237563 0.22626 0.944653 0.374217 0.31622 -0.384863 0.867113 0.400795 -0.930002 -0.306262 0.203222 -0.504304 0.187351 -0.87068 -0.45477 0.485867 
1535116150848 0.237123 0.929634 -0.282051 -0.640315 -0.942031 0.290973 0.167067 -0.253372 0.23738 0.226085 0.944741 0.37418 0.31622 -0.384863 0.867113 0.400795 -0.930002 -0.306262 0.203222 -0.504304 0.187351 -0.87068 -0.45477 0.485867 
1535116151003 0.236996 0.929743 -0.2818 -0.640427 -0.942109 0.290763 0.166993 -0.253489 0.237197 0.22591 0.944829 0.374144 0.31622 -0.384863 0.867113 0.400795 -0.930002 -0.306262 0.203222 -0.504304 0.187351 -0.87068 -0.45477 0.485867 
1535116151049 0.236869 0.929851 -0.28155 -0.640537 -0.942187 0.290553 0.166919 -0.253606 0.237015 0.225735 0.944917 0.374108 0.31622 -0.384863 0.867113 0.400795 -0.930002 -0.306262 0.203222 -0.504304 0.187351 -0.87068 -0.45477 0.485867 
1535116151153 0.236742 0.929959 -0.281299 -0.640649 -0.942265 0.290343 0.166845 -0.253723 0.236832 0.225559 0.945005 0.374072 0.31622 -0.384863 0.867113 0.400795 -0.930002 -0.306262 0.203222 -0.504304 0.187351 -0.87068 -0.45477 0.485867 
1535116151203 0.236615 0.930067 -0.281049 -0.640761 -0.942343 0.290133 0.166771 -0.25384 0.23665 0.225384 0.945092 0.374035 0.31622 -0.384863 0.867113 0.400795 -0.930002 -0.306262 0.203222 -0.504304 0.187351 -0.87068 -0.45477 0.485867 
1535116151300 0.236488 0.930175 -0.280798 -0.640871 -0.942421 0.289923 0.166697 -0.253957 0.236467 0.225208 0.94518 0.373999 0.31622 -0.384863 0.867113 0.400795 -0.930002 -0.306262 0.203222 -0.504304 0.187351 -0.87068 -0.45477 0.485867 
1535116151354 0.236361 0.930283 -0.280548 -0.640982 -0.942498 0.289713 0.166623 -0.254073 0.236284 0.225033 0.945267 0.373963 0.31622 -0.384863 0.867113 0.400795 -0.930002 -0.306262 0.203222 -0.504304 0.187351 -0.87068 -0.45477 0.485867 
1535116151447 0.236745 0.930032 -0.281054 -0.640825 -0.942315 0.290254 0.166719 -0.254001 0.236631 0.225372 0.9451 0.373974 0.31622 -0.384863 0.867113 0.400795 -0.930002 -0.306262 0.203222 -0.504304 0.187351 -0.87068 -0.45477 0.485867 
1535116151458 0.237017 0.930044 -0.280785 -0.640846 -0.942211 0.2905 0.166881 -0.254039 0.236775 0.225005 0.945151 0.373929 0.31622 -0.384863 0.867113 0.400795 -0.930002 -0.306262 0.203222 -0.504304 0.187351 -0.87068 -0.45477 0.485867 
1535116151475 0.237289 0.930056 -0.280515 -0.640871 -0.942106 0.290745 0.167043 -0.254078 0.236918 0.224638 0.945203 0.373883 0.31622 -0.384863 0.867113 0.400795 -0.930002 -0.306262 0.203222 -0.504304 0.187351 -0.87068 -0.45477 0.485867 
1535116151492 0.237561 0.930069 -0.280245 -0.640898 -0.942002 0.290991 0.167205 -0.254118 0.23706 0.22427 0.945254 0.373837 0.31622 -0.384863 0.867113 0.400795 -0.930002 -0.306262 0.203222 -0.504304 0.187351 -0.87068 -0.45477 0.485867 
1535116151508 0.237833 0.93008 -0.279975 -0.640923 -0.941897 0.291236 0.167367 -0.254158 0.237203 0.223902 0.945306 0.373791 0.31622 -0.384863 0.867113 0.400795 -0.930002 -0.306262 0.203222 -0.504304 0.187351 -0.87068 -0.45477 0.485867 
1535116151535 0.238106 0.930092 -0.279705 -0.640948 -0.941792 0.291481 0.167529 -0.254198 0.237346 0.223534 0.945357 0.373745 0.31622 -0.384863 0.867113 0.400795 -0.930002 -0.306262 0.203222 -0.504304 0.187351 -0.87068 -0.45477 0.485867 
1535116151615 0.238378 0.930103 -0.279435 -0.640974 -0.941688 0.291727 0.167691 -0.254238 0.237488 0.223166 0.945408 0.373699 0.31622 -0.384863 0.867113 0.400795 -0.930002 -0.306262 0.203222 -0.504304 0.187351 -0.87068 -0.45477 0.485867 
1535116151643 0.23865 0.930115 -0.279165 -0.640999 -0.941583 0.291972 0.167853 -0.254277 0.237631 0.222799 0.945459 0.373653 0.31622 -0.384863 0.867113 0.400795 -0.930002 -0.306262 0.203222 -0.504304 0.187351 -0.87068 -0.45477 0.485867 
1535116151650 0.238922 0.930126 -0.278894 -0.641026 -0.941478 0.292217 0.168015 -0.254318 0.237773 0.22243 0.94551 0.373607 0.31622 -0.384863 0.867113 0.400795 -0.930002 -0.306262 0.203222 -0.504304 0.187351 -0.87068 -0.45477 0.485867 
1535116151747 0.239194 0.930137 -0.278624 -0.641051 -0.941373 0.292462 0.168178 -0.254357 0.237915 0.222062 0.94556 0.373561 0.31622 -0.384863 0.867113 0.400795 -0.930002 -0.306262 0.203222 -0.504304 0.187351 -0.87068 -0.45477 0.485867 
1535116151786 0.238518 0.930131 -0.279223 -0.64097 -0.941666 0.29181 0.16767 -0.254295 0.237435 0.222942 0.945474 0.373762 0.31622 -0.384863 0.867113 0.400795 -0.930002 -0.306262 0.203222 -0.504304 0.187351 -0.87068 -0.45477 0.485867 
1535116151798 0.239059 0.930044 -0.279051 -0.640802 -0.941474 0.292347 0.16781 -0.254249 0.23765 0.222603 0.9455 0.373836 0.31622 -0.384863 0.867113 0.400795 -0.930002 -0.306262 0.203222 -0.504304 0.187351 -0.87068 -0.45477 0.485867 
1535116151816 0.239602 0.929955 -0.27888 -0.640629 -0.941282 0.292885 0.16795 -0.254201 0.237866 0.222264 0.945526 0.373912 0.31622 -0.384863 0.867113 0.400795 -0.930002 -0.306262 0.203222 -0.504304 0.187351 -0.87068 -0.45477 0.485867 
1535116151821 0.240144 0.929867 -0.27871 -0.640455 -0.941089 0.293424 0.16809 -0.254153 0.238081 0.221925 0.945551 0.373987 0.31622 -0.384863 0.867113 0.400795 -0.930002 -0.306262 0.203222 -0.504304 0.187351 -0.87068 -0.45477 0.485867 
1535116152008 0.240686 0.929778 -0.278539 -0.640282 -0.940896 0.293962 0.16823 -0.254105 0.238296 0.221586 0.945576 0.374063 0.31622 -0.384863 0.867113 0.400795 -0.930002 -0.306262 0.203222 -0.504304 0.187351 -0.87068 -0.45477 0.485867 
1535116152062 0.241228 0.929688 -0.278368 -0.64011 -0.940703 0.2945 0.16837 -0.254057 0.238511 0.221246 0.945602 0.374138 0.31622 -0.384863 0.867113 0.400795 -0.930002 -0.306262 0.203222 -0.504304 0.187351 -0.87068 -0.45477 0.485867 
1535116152164 0.24177 0.929598 -0.278198 -0.639936 -0.940509 0.295038 0.168511 -0.254009 0.238726 0.220907 0.945627 0.374213 0.31622 -0.384863 0.867113 0.400795 -0.930002 -0.306262 0.203222 -0.504304 0.187351 -0.87068 -0.45477 0.485867 
1535116152240 0.242312 0.929508 -0.278027 -0.639764 -0.940315 0.295575 0.168651 -0.253961 0.238941 0.220567 0.945652 0.374289 0.31622 -0.384863 0.867113 0.400795 -0.930002 -0.306262 0.203222 -0.504304 0.187351 -0.87068 -0.45477 0.485867 
1535116152334 0.242855 0.929418 -0.277857 -0.63959 -0.940121 0.296113 0.168791 -0.253913 0.239155 0.220227 0.945677 0.374364 0.31622 -0.384863 0.867113 0.400795 -0.930002 -0.306262 0.203222 -0.504304 0.187351 -0.87068 -0.45477 0.485867 
1535116152391 0.243397 0.929327 -0.277687 -0.639418 -0.939926 0.29665 0.168932 -0.253865 0.239369 0.219887 0.945702 0.37444 0.31622 -0.384863 0.867113 0.400795 -0.930002 -0.306262 0.203222 -0.504304 0.187351 -0.87068 -0.45477 0.485867 
1535116152512 0.242871 0.9294 -0.277902 -0.639632 -0.940102 0.296149 0.168828 -0.253965 0.239209 0.220253 0.945657 0.374355 0.31622 -0.384863 0.867113 0.400795 -0.930002 -0.306262 0.203222 -0.504304 0.187351 -0.87068 -0.45477 0.485867 
1535116152524 0.2429 0.929356 -0.278025 -0.639286 -0.940033 0.296257 0.169029 -0.253853 0.239455 0.220295 0.945585 0.374527 0.31622 -0.384863 0.867113 0.400795 -0.930002 -0.306262 0.203222 -0.504304 0.187351 -0.87068 -0.45477 0.485867 
1535116152550 0.24293 0.929311 -0.278149 -0.638934 -0.939962 0.296366 0.169229 -0.253739 0.239701 0.220339 0.945513 0.374701 0.31622 -0.384863 0.867113 0.400795 -0.930002 -0.306262 0.203222 -0.504304 0.187351 -0.87068 -0.45477 0.485867 
1535116152743 0.242959 0.929266 -0.278274 -0.638583 -0.939892 0.296474 0.16943 -0.253625 0.239947 0.220383 0.94544 0.374875 0.31622 -0.384863 0.867113 0.400795 -0.930002 -0.306262 0.203222 -0.504304 0.187351 -0.87068 -0.45477 0.485867 
1535116152906 0.242989 0.929221 -0.278398 -0.638231 -0.939821 0.296583 0.169631 -0.253511 0.240192 0.220426 0.945368 0.375048 0.31622 -0.384863 0.867113 0.400795 -0.930002 -0.306262 0.203222 -0.504304 0.187351 -0.87068 -0.45477 0.485867 
1535116153069 0.243019 0.929175 -0.278523 -0.637879 -0.939751 0.296692 0.169831 -0.253396 0.240438 0.22047 0.945295 0.375222 0.31622 -0.384863 0.867113 0.400795 -0.930002 -0.306262 0.203222 -0.504304 0.187351 -0.87068 -0.45477 0.485867 
1535116153230 0.243048 0.92913 -0.278647 -0.637529 -0.93968 0.2968 0.170032 -0.253282 0.240684 0.220513 0.945222 0.375395 0.31622 -0.384863 0.867113 0.400795 -0.930002 -0.306262 0.203222 -0.504304 0.187351 -0.87068 -0.45477 0.485867 
1535116153391 0.243078 0.929085 -0.278772 -0.637177 -0.939609 0.296909 0.170232 -0.253168 0.24093 0.220557 0.945149 0.375569 0.31622 -0.384863 0.867113 0.400795 -0.930002 -0.306262 0.203222 -0.504304 0.187351 -0.87068 -0.45477 0.485867 
1535116153559 0.243107 0.92904 -0.278896 -0.636826 -0.939539 0.297018 0.170433 -0.253054 0.241176 0.2206 0.945077 0.375742 0.31622 -0.384863 0.867113 0.400795 -0.930002 -0.306262 0.203222 -0.504304 0.187351 -0.87068 -0.45477 0.485867 
1535116153565 0.243136 0.928995 -0.279021 -0.636475 -0.939468 0.297126 0.170633 -0.25294 0.241422 0.220644 0.945004 0.375915 0.31622 -0.384863 0.867113 0.400795 -0.930002 -0.306262 0.203222 -0.504304 0.187351 -0.87068 -0.45477 0.485867 
1535116153809 0.243005 0.929125 -0.278702 -0.636705 -0.93958 0.296871 0.17046 -0.252893 0.241117 0.220441 0.945129 0.37588 0.31622 -0.384863 0.867113 0.400795 -0.930002 -0.306262 0.203222 -0.504304 0.187351 -0.87068 -0.45477 0.485867 
1535116153820 0.243152 0.929063 -0.278783 -0.636248 -0.939483 0.29708 0.170629 -0.252696 0.241346 0.220423 0.945074 0.376015 0.31622 -0.384863 0.867113 0.400795 -0.930002 -0.306262 0.203222 -0.504304 0.187351 -0.87068 -0.45477 0.485867 
1535116153970 0.243299 0.928999 -0.278866 -0.635786 -0.939386 0.297289 0.170799 -0.252497 0.241576 0.220407 0.945019 0.376151 0.31622 -0.384863 0.867113 0.400795 -0.930002 -0.306262 0.203222 -0.504304 0.187351 -0.87068 -0.45477 0.485867 
1535116154158 0.243446 0.928936 -0.278948 -0.635322 -0.939289 0.297499 0.170969 -0.252297 0.241806 0.220391 0.944964 0.376287 0.31622 -0.384863 0.867113 0.400795 -0.930002 -0.306262 0.203222 -0.504304 0.187351 -0.87068 -0.45477 0.485867 
1535116154347 0.243593 0.928873 -0.279031 -0.634861 -0.939192 0.297709 0.171139 -0.252099 0.242036 0.220375 0.944909 0.376422 0.31622 -0.384863 0.867113 0.400795 -0.930002 -0.306262 0.203222 -0.504304 0.187351 -0.87068 -0.45477 0.485867 
1535116154528 0.24374 0.928809 -0.279113 -0.634398 -0.939094 0.297918 0.171309 -0.251899 0.242266 0.220359 0.944854 0.376558 0.31622 -0.384863 0.867113 0.400795 -0.930002 -0.306262 0.203222 -0.504304 0.187351 -0.87068 -0.45477 0.485867 
1535116154535 0.243887 0.928746 -0.279196 -0.633935 -0.938997 0.298128 0.171478 -0.251699 0.242496 0.220343 0.944799 0.376695 0.31622 -0.384863 0.867113 0.400795 -0.930002 -0.306262 0.203222 -0.504304 0.187351 -0.87068 -0.45477 0.485867 
1535116154786 0.244034 0.928682 -0.279279 -0.633474 -0.938899 0.298338 0.171648 -0.251501 0.242726 0.220327 0.944743 0.37683 0.31622 -0.384863 0.867113 0.400795 -0.930002 -0.306262 0.203222 -0.504304 0.187351 -0.87068 -0.45477 0.485867 
1535116154972 0.244181 0.928619 -0.279362 -0.63301 -0.938801 0.298547 0.171818 -0.251301 0.242956 0.22031 0.944688 0.376966 0.31622 -0.384863 0.867113 0.400795 -0.930002 -0.306262 0.203222 -0.504304 0.187351 -0.87068 -0.45477 0.485867 
1535116155159 0.244328 0.928555 -0.279444 -0.632548 -0.938704 0.298757 0.171988 -0.251102 0.243186 0.220294 0.944633 0.377102 0.31622 -0.384863 0.867113 0.400795 -0.930002 -0.306262 0.203222 -0.504304 0.187351 -0.87068 -0.45477 0.485867 
1535116155355 0.244271 0.928574 -0.279433 -0.632743 -0.938756 0.298666 0.171857 -0.251225 0.243039 0.220339 0.94466 0.37708 0.31622 -0.384863 0.867113 0.400795 -0.930002 -0.306262 0.203222 -0.504304 0.187351 -0.87068 -0.45477 0.485867 
1535116155366 0.24421 0.928548 -0.279573 -0.632389 -0.938752 0.298652 0.171906 -0.251067 0.243118 0.220468 0.94461 0.377194 0.31622 -0.384863 0.867113 0.400795 -0.930002 -0.306262 0.203222 -0.504304 0.187351 -0.87068 -0.45477 0.485867 
1535116155383 0.244148 0.928521 -0.279714 -0.63203 -0.938747 0.298638 0.171956 -0.250907 0.243198 0.220598 0.944559 0.377308 0.31622 -0.384863 0.867113 0.400795 -0.930002 -0.306262 0.203222 -0.504304 0.187351 -0.87068 -0.45477 0.485867 
1535116155574 0.244087 0.928495 -0.279855 -0.631672 -0.938742 0.298625 0.172006 -0.250747 0.243278 0.220727 0.944508 0.377423 0.31622 -0.384863 0.867113 0.400795 -0.930002 -0.306262 0.203222 -0.504304 0.187351 -0.87068 -0.45477 0.485867 
1535116155743 0.244026 0.928468 -0.279996 -0.631313 -0.938738 0.298611 0.172055 -0.250587 0.243358 0.220857 0.944457 0.377538 0.31622 -0.384863 0.867113 0.400795 -0.930002 -0.306262 0.203222 -0.504304 0.187351 -0.87068 -0.45477 0.485867 
1535116155911 0.243965 0.928442 -0.280137 -0.630954 -0.938733 0.298598 0.172105 -0.250427 0.243438 0.220986 0.944406 0.377653 0.31622 -0.384863 0.867113 0.400795 -0.930002 -0.306262 0.203222 -0.504304 0.187351 -0.87068 -0.45477 0.485867 
1535116156077 0.243904 0.928415 -0.280279 -0.630594 -0.938728 0.298585 0.172155 -0.250266 0.243518 0.221116 0.944355 0.377767 0.31622 -0.384863 0.867113 0.400795 -0.930002 -0.306262 0.203222 -0.504304 0.187351 -0.87068 -0.45477 0.485867 
1535116156083 0.243843 0.928389 -0.28042 -0.630236 -0.938723 0.298571 0.172205 -0.250106 0.243598 0.221245 0.944304 0.377882 0.31622 -0.384863 0.867113 0.400795 -0.930002 -0.306262 0.203222 -0.504304 0.187351 -0.87068 -0.45477 0.485867 
1535116156309 0.243781 0.928362 -0.280561 -0.629876 -0.938718 0.298558 0.172254 -0.249946 0.243678 0.221375 0.944253 0.377997 0.31622 -0.384863 0.867113 0.400795 -0.930002 -0.306262 0.203222 -0.504304 0.187351 -0.87068 -0.45477 0.485867 
1535116156469 0.24372 0.928336 -0.280702 -0.629518 -0.938713 0.298544 0.172304 -0.249786 0.243758 0.221505 0.944202 0.378111 0.31622 -0.384863 0.867113 0.400795 -0.930002 -0.306262 0.203222 -0.504304 0.187351 -0.87068 -0.45477 0.485867 
1535116156649 0.243753 0.928373 -0.280551 -0.629723 -0.938731 0.298524 0.172245 -0.249882 0.243659 0.221377 0.944258 0.378093 0.31622 -0.384863 0.867113 0.400795 -0.930002 -0.306262 0.203222 -0.504304 0.187351 -0.87068 -0.45477 0.485867 
1535116156661 0.243772 0.928299 -0.280776 -0.629412 -0.938664 0.29864 0.172406 -0.24978 0.243896 0.221527 0.944161 0.378205 0.31622 -0.384863 0.867113 0.400795 -0.930002 -0.306262 0.203222 -0.504304 0.187351 -0.87068 -0.45477 0.485867 
1535116156678 0.24379 0.928226 -0.281003 -0.629094 -0.938598 0.298756 0.172567 -0.249674 0.244133 0.221678 0.944065 0.378319 0.31622 -0.384863 0.867113 0.400795 -0.930002 -0.306262 0.203222 -0.504304 0.187351 -0.87068 -0.45477 0.485867 
1535116156866 0.243809 0.928153 -0.281229 -0.628778 -0.938531 0.298871 0.172728 -0.249569 0.244369 0.221829 0.943968 0.378432 0.31622 -0.384863 0.867113 0.400795 -0.930002 -0.306262 0.203222 -0.504304 0.187351 -0.87068 -0.45477 0.485867 
1535116157021 0.243827 0.92808 -0.281455 -0.628462 -0.938465 0.298987 0.172889 -0.249464 0.244606 0.22198 0.943871 0.378546 0.31622 -0.384863 0.867113 0.400795 -0.930002 -0.306262 0.203222 -0.504304 0.187351 -0.87068 -0.45477 0.485867 
1535116157028 0.243845 0.928006 -0.28168 -0.628146 -0.938398 0.299102 0.17305 -0.24936 0.244843 0.222131 0.943774 0.378659 0.31622 -0.384863 0.867113 0.400795 -0.930002 -0.306262 0.203222 -0.504304 0.187351 -0.87068 -0.45477 0.485867 
1535116157239 0.243864 0.927933 -0.281907 -0.627829 -0.938332 0.299218 0.173211 -0.249254 0.24508 0.222282 0.943677 0.378772 0.31622 -0.384863 0.867113 0.400795 -0.930002 -0.306262 0.203222 -0.504304 0.187351 -0.87068 -0.45477 0.485867 
1535116157246 0.243882 0.927859 -0.282133 -0.627512 -0.938265 0.299334 0.173372 -0.249149 0.245317 0.222433 0.94358 0.378886 0.31622 -0.384863 0.867113 0.400795 -0.930002 -0.306262 0.203222 -0.504304 0.187351 -0.87068 -0.45477 0.485867 
1535116157452 0.2439 0.927786 -0.282359 -0.627196 -0.938198 0.29945 0.173533 -0.249044 0.245554 0.222584 0.943483 0.378999 0.31622 -0.384863 0.867113 0.400795 -0.930002 -0.306262 0.203222 -0.504304 0.187351 -0.87068 -0.45477 0.485867 
1535116157458 0.243918 0.927712 -0.282584 -0.62688 -0.938132 0.299565 0.173694 -0.24894 0.24579 0.222734 0.943386 0.379113 0.31622 -0.384863 0.867113 0.400795 -0.930002 -0.306262 0.203222 -0.504304 0.187351 -0.87068 -0.45477 0.485867 
1535116157681 0.243701 0.927856 -0.282301 -0.627103 -0.938239 0.299259 0.173641 -0.248913 0.245595 0.222549 0.94348 0.379032 0.31622 -0.384863 0.867113 0.400795 -0.930002 -0.306262 0.203222 -0.504304 0.187351 -0.87068 -0.45477 0.485867 
1535116157693 0.243796 0.92784 -0.282271 -0.626846 -0.938275 0.299289 0.173396 -0.248789 0.245364 0.222575 0.943534 0.379094 0.31622 -0.384863 0.867113 0.400795 -0.930002 -0.306262 0.203222 -0.504304 0.187351 -0.87068 -0.45477 0.485867 
1535116157710 0.243892 0.927823 -0.282242 -0.626584 -0.938311 0.29932 0.173149 -0.248663 0.245133 0.222601 0.943588 0.379157 0.31622 -0.384863 0.867113 0.400795 -0.930002 -0.306262 0.203222 -0.504304 0.187351 -0.87068 -0.45477 0.485867 
1535116157884 0.243987 0.927807 -0.282213 -0.626323 -0.938346 0.299351 0.172903 -0.248537 0.244901 0.222627 0.943642 0.379219 0.31622 -0.384863 0.867113 0.400795 -0.930002 -0.306262 0.203222 -0.504304 0.187351 -0.87068 -0.45477 0.485867 
1535116158007 0.244082 0.927791 -0.282184 -0.626061 -0.938382 0.299381 0.172657 -0.248411 0.24467 0.222654 0.943696 0.379282 0.31622 -0.384863 0.867113 0.400795 -0.930002 -0.306262 0.203222 -0.504304 0.187351 -0.87068 -0.45477 0.485867 
1535116158134 0.244177 0.927775 -0.282155 -0.625799 -0.938417 0.299412 0.172411 -0.248284 0.244439 0.22268 0.94375 0.379345 0.31622 -0.384863 0.867113 0.400795 -0.930002 -0.306262 0.203222 -0.504304 0.187351 -0.87068 -0.45477 0.485867 
1535116158249 0.244273 0.927759 -0.282126 -0.625538 -0.938453 0.299442 0.172164 -0.248158 0.244207 0.222707 0.943803 0.379408 0.31622 -0.384863 0.867113 0.400795 -0.930002 -0.306262 0.203222 -0.504304 0.187351 -0.87068 -0.45477 0.485867 
1535116158375 0.244368 0.927742 -0.282097 -0.625276 -0.938488 0.299473 0.171918 -0.248032 0.243976 0.222733 0.943857 0.379471 0.31622 -0.384863 0.867113 0.400795 -0.930002 -0.306262 0.203222 -0.504304 0.187351 -0.87068 -0.45477 0.485867 
1535116158495 0.244463 0.927726 -0.282068 -0.625014 -0.938524 0.299504 0.171672 -0.247906 0.243745 0.22276 0.94391 0.379533 0.31622 -0.384863 0.867113 0.400795 -0.930002 -0.306262 0.203222 -0.504304 0.187351 -0.87068 -0.45477 0.485867 
1535116158611 0.244558 0.92771 -0.282038 -0.624753 -0.938559 0.299534 0.171425 -0.24778 0.243513 0.222786 0.943964 0.379596 0.31622 -0.384863 0.867113 0.400795 -0.930002 -0.306262 0.203222 -0.504304 0.187351 -0.87068 -0.45477 0.485867 
1535116158753 0.244345 0.927773 -0.282016 -0.624986 -0.93856 0.299376 0.171695 -0.247814 0.243722 0.222736 0.943922 0.379578 0.31622 -0.384863 0.867113 0.400795 -0.930002 -0.306262 0.203222 -0.504304 0.187351 -0.87068 -0.45477 0.485867 
1535116158764 0.244443 0.927729 -0.282077 -0.624785 -0.938463 0.299546 0.17193 -0.247747 0.243999 0.222691 0.943861 0.379625 0.31622 -0.384863 0.867113 0.400795 -0.930002 -0.306262 0.203222 -0.504304 0.187351 -0.87068 -0.45477 0.485867 
1535116158780 0.244542 0.927684 -0.282139 -0.624581 -0.938365 0.299718 0.172165 -0.247677 0.244277 0.222648 0.943799 0.379673 0.31622 -0.384863 0.867113 0.400795 -0.930002 -0.306262 0.203222 -0.504304 0.187351 -0.87068 -0.45477 0.485867 
1535116158803 0.244641 0.927639 -0.282201 -0.624377 -0.938267 0.29989 0.1724 -0.247608 0.244555 0.222603 0.943738 0.37972 0.31622 -0.384863 0.867113 0.400795 -0.930002 -0.306262 0.203222 -0.504304 0.187351 -0.87068 -0.45477 0.485867 
1535116158955 0.244739 0.927594 -0.282263 -0.624172 -0.938168 0.300062 0.172636 -0.247539 0.244832 0.22256 0.943676 0.379768 0.31622 -0.384863 0.867113 0.400795 -0.930002 -0.306262 0.203222 -0.504304 0.187351 -0.87068 -0.45477 0.485867 
1535116159003 0.244838 0.927549 -0.282325 -0.623967 -0.93807 0.300234 0.172871 -0.247469 0.24511 0.222516 0.943614 0.379816 0.31622 -0.384863 0.867113 0.400795 -0.930002 -0.306262 0.203222 -0.504304 0.187351 -0.87068 -0.45477 0.485867 
1535116159122 0.244937 0.927504 -0.282388 -0.623763 -0.937972 0.300406 0.173106 -0.2474 0.245387 0.222471 0.943553 0.379864 0.31622 -0.384863 0.867113 0.400795 -0.930002 -0.306262 0.203222 -0.504304 0.187351 -0.87068 -0.45477 0.485867 
1535116159169 0.245036 0.927459 -0.28245 -0.623557 -0.937873 0.300577 0.173341 -0.24733 0.245665 0.222427 0.943491 0.379912 0.31622 -0.384863 0.867113 0.400795 -0.930002 -0.306262 0.203222 -0.504304 0.187351 -0.87068 -0.45477 0.485867 
1535116159289 0.245135 0.927413 -0.282512 -0.623353 -0.937775 0.300749 0.173577 -0.247261 0.245943 0.222383 0.943429 0.379959 0.31622 -0.384863 0.867113 0.400795 -0.930002 -0.306262 0.203222 -0.504304 0.187351 -0.87068 -0.45477 0.485867 
1535116159339 0.245234 0.927368 -0.282574 -0.623149 -0.937676 0.300921 0.173812 -0.247192 0.24622 0.222339 0.943367 0.380007 0.31622 -0.384863 0.867113 0.400795 -0.930002 -0.306262 0.203222 -0.504304 0.187351 -0.87068 -0.45477 0.485867 
1535116159471 0.245083 0.927407 -0.282577 -0.623385 -0.937783 0.300717 0.173589 -0.247259 0.245964 0.222452 0.943407 0.379908 0.31622 -0.384863 0.867113 0.400795 -0.930002 -0.306262 0.203222 -0.504304 0.187351 -0.87068 -0.45477 0.485867 
1535116159484 0.24516 0.927395 -0.282549 -0.623206 -0.937769 0.300779 0.173553 -0.24719 0.245937 0.222418 0.943422 0.379947 0.31622 -0.384863 0.867113 0.400795 -0.930002 -0.306262 0.203222 -0.504304 0.187351 -0.87068 -0.45477 0.485867 
1535116159502 0.245237 0.927383 -0.282523 -0.623022 -0.937756 0.300841 0.173516 -0.247118 0.24591 0.222385 0.943437 0.379988 0.31622 -0.384863 0.867113 0.400795 -0.930002 -0.306262 0.203222 -0.504304 0.187351 -0.87068 -0.45477 0.485867 
1535116159518 0.245315 0.92737 -0.282497 -0.622837 -0.937743 0.300904 0.173478 -0.247046 0.245883 0.222353 0.943451 0.380028 0.31622 -0.384863 0.867113 0.400795 -0.930002 -0.306262 0.203222 -0.504304 0.187351 -0.87068 -0.45477 0.485867 
1535116159524 0.245392 0.927358 -0.282471 -0.622655 -0.93773 0.300966 0.173441 -0.246975 0.245856 0.22232 0.943466 0.380069 0.31622 -0.384863 0.867113 0.400795 -0.930002 -0.306262 0.203222 -0.504304 0.187351 -0.87068 -0.45477 0.485867 
1535116159705 0.245469 0.927346 -0.282445 -0.62247 -0.937717 0.301029 0.173404 -0.246903 0.245829 0.222288 0.943481 0.380109 0.31622 -0.384863 0.867113 0.400795 -0.930002 -0.306262 0.203222 -0.504304 0.187351 -0.87068 -0.45477 0.485867 
1535116159750 0.245546 0.927333 -0.282419 -0.622286 -0.937704 0.301091 0.173367 -0.246831 0.245802 0.222255 0.943495 0.38015 0.31622 -0.384863 0.867113 0.400795 -0.930002 -0.306262 0.203222 -0.504304 0.187351 -0.87068 -0.45477 0.485867 
1535116159865 0.245624 0.927321 -0.282392 -0.622103 -0.937691 0.301153 0.173329 -0.24676 0.245775 0.222223 0.94351 0.38019 0.31622 -0.384863 0.867113 0.400795 -0.930002 -0.306262 0.203222 -0.504304 0.187351 -0.87068 -0.45477 0.485867 
1535116159917 0.245701 0.927308 -0.282366 -0.621918 -0.937677 0.301216 0.173292 -0.246687 0.245749 0.22219 0.943525 0.38023 0.31622 -0.384863 0.867113 0.400795 -0.930002 -0.306262 0.203222 -0.504304 0.187351 -0.87068 -0.45477 0.485867 
1535116160029 0.245778 0.927296 -0.28234 -0.621735 -0.937664 0.301278 0.173255 -0.246616 0.245722 0.222158 0.943539 0.380271 0.31622 -0.384863 0.867113 0.400795 -0.930002 -0.306262 0.203222 -0.504304 0.187351 -0.87068 -0.45477 0.485867 
1535116160092 0.245658 0.927344 -0.282286 -0.621954 -0.937669 0.301178 0.173406 -0.246677 0.245825 0.222092 0.943528 0.380192 0.31622 -0.384863 0.867113 0.400795 -0.930002 -0.306262 0.203222 -0.504304 0.187351 -0.87068 -0.45477 0.485867 
1535116160102 0.24578 0.927347 -0.282168 -0.621729 -0.937625 0.301283 0.17346 -0.246588 0.24587 0.221935 0.943553 0.380235 0.31622 -0.384863 0.867113 0.400795 -0.930002 -0.306262 0.203222 -0.504304 0.187351 -0.87068 -0.45477 0.485867 
1535116160119 0.245904 0.92735 -0.282051 -0.6215 -0.937581 0.30139 0.173513 -0.246497 0.245915 0.221778 0.943578 0.380279 0.31622 -0.384863 0.867113 0.400795 -0.930002 -0.306262 0.203222 -0.504304 0.187351 -0.87068 -0.45477 0.485867 
1535116160207 0.246027 0.927353 -0.281934 -0.621272 -0.937536 0.301496 0.173567 -0.246407 0.24596 0.221621 0.943603 0.380322 0.31622 -0.384863 0.867113 0.400795 -0.930002 -0.306262 0.203222 -0.504304 0.187351 -0.87068 -0.45477 0.485867 
1535116160291 0.24615 0.927356 -0.281817 -0.621043 -0.937492 0.301603 0.173621 -0.246316 0.246005 0.221465 0.943629 0.380366 0.31622 -0.384863 0.867113 0.400795 -0.930002 -0.306262 0.203222 -0.504304 0.187351 -0.87068 -0.45477 0.485867 
1535116160378 0.246274 0.927359 -0.2817 -0.620815 -0.937448 0.30171 0.173675 -0.246225 0.246051 0.221308 0.943654 0.38041 0.31622 -0.384863 0.867113 0.400795 -0.930002 -0.306262 0.203222 -0.504304 0.187351 -0.87068 -0.45477 0.485867 
1535116160465 0.246397 0.927361 -0.281583 -0.620585 -0.937403 0.301816 0.173729 -0.246134 0.246096 0.221151 0.943679 0.380454 0.31622 -0.384863 0.867113 0.400795 -0.930002 -0.306262 0.203222 -0.504304 0.187351 -0.87068 -0.45477 0.485867 
1535116160553 0.246521 0.927364 -0.281466 -0.620357 -0.937359 0.301923 0.173783 -0.246043 0.246141 0.220994 0.943704 0.380498 0.31622 -0.384863 0.867113 0.400795 -0.930002 -0.306262 0.203222 -0.504304 0.187351 -0.87068 -0.45477 0.485867 
1535116160654 0.246644 0.927367 -0.281349 -0.620127 -0.937315 0.30203 0.173836 -0.245952 0.246186 0.220837 0.943728 0.380542 0.31622 -0.384863 0.867113 0.400795 -0.930002 -0.306262 0.203222 -0.504304 0.187351 -0.87068 -0.45477 0.485867 
1535116160726 0.246768 0.927369 -0.281232 -0.619899 -0.93727 0.302136 0.17389 -0.245861 0.246231 0.22068 0.943753 0.380585 0.31622 -0.384863 0.867113 0.400795 -0.930002 -0.306262 0.203222 -0.504304 0.187351 -0.87068 -0.45477 0.485867 
1535116160854 0.246682 0.927406 -0.281187 -0.620112 -0.937331 0.302012 0.173781 -0.245992 0.246087 0.220697 0.943787 0.380632 0.31622 -0.384863 0.867113 0.400795 -0.930002 -0.306262 0.203222 -0.504304 0.187351 -0.87068 -0.45477 0.485867 
1535116160867 0.246913 0.927346 -0.281182 -0.619794 -0.937273 0.302229 0.173717 -0.245853 0.246077 0.220651 0.9438 0.38073 0.31622 -0.384863 0.867113 0.400795 -0.930002 -0.306262 0.203222 -0.504304 0.187351 -0.87068 -0.45477 0.485867 
1535116160884 0.247144 0.927286 -0.281177 -0.619472 -0.937214 0.302446 0.173654 -0.245712 0.246068 0.220606 0.943813 0.380828 0.31622 -0.384863 0.867113 0.400795 -0.930002 -0.306262 0.203222 -0.504304 0.187351 -0.87068 -0.45477 0.485867 
1535116161059 0.247374 0.927226 -0.281172 -0.61915 -0.937156 0.302663 0.17359 -0.245571 0.246058 0.22056 0.943827 0.380926 0.31622 -0.384863 0.867113 0.400795 -0.930002 -0.306262 0.203222 -0.504304 0.187351 -0.87068 -0.45477 0.485867 
1535116161210 0.247605 0.927166 -0.281167 -0.618827 -0.937098 0.30288 0.173527 -0.24543 0.246048 0.220515 0.94384 0.381025 0.31622 -0.384863 0.867113 0.400795 -0.930002 -0.306262 0.203222 -0.504304 0.187351 -0.87068 -0.45477 0.485867 
1535116161362 0.247835 0.927106 -0.281162 -0.618504 -0.937039 0.303097 0.173464 -0.245289 0.246039 0.22047 0.943853 0.381124 0.31622 -0.384863 0.867113 0.400795 -0.930002 -0.306262 0.203222 -0.504304 0.187351 -0.87068 -0.45477 0.485867 
1535116161369 0.248066 0.927046 -0.281157 -0.618182 -0.936981 0.303314 0.173401 -0.245148 0.246029 0.220424 0.943866 0.381222 0.31622 -0.384863 0.867113 0.400795 -0.930002 -0.306262 0.203222 -0.504304 0.187351 -0.87068 -0.45477 0.485867 
1535116161568 0.248296 0.926986 -0.281153 -0.617859 -0.936922 0.303531 0.173337 -0.245007 0.24602 0.220379 0.943879 0.381321 0.31622 -0.384863 0.867113 0.400795 -0.930002 -0.306262 0.203222 -0.504304 0.187351 -0.87068 -0.45477 0.485867 
1535116161715 0.248527 0.926925 -0.281147 -0.617537 -0.936864 0.303747 0.173274 -0.244866 0.24601 0.220334 0.943892 0.381419 0.31622 -0.384863 0.867113 0.400795 -0.930002 -0.306262 0.203222 -0.504304 0.187351 -0.87068 -0.45477 0.485867 
1535116161851 0.248757 0.926865 -0.281143 -0.617214 -0.936805 0.303964 0.173211 -0.244724 0.246 0.220288 0.943905 0.381518 0.31622 -0.384863 0.867113 0.400795 -0.930002 -0.306262 0.203222 -0.504304 0.187351 -0.87068 -0.45477 0.485867 
1535116162027 0.248699 0.926849 -0.281246 -0.617411 -0.936793 0.303952 0.173296 -0.244879 0.246105 0.22037 0.943859 0.381463 0.31622 -0.384863 0.867113 0.400795 -0.930002 -0.306262 0.203222 -0.504304 0.187351 -0.87068 -0.45477 0.485867 
1535116162038 0.248728 0.926843 -0.28124 -0.617108 -0.936721 0.304037 0.173537 -0.24477 0.246349 0.22028 0.943816 0.381515 0.31622 -0.384863 0.867113 0.400795 -0.930002 -0.306262 0.203222 -0.504304 0.187351 -0.87068 -0.45477 0.485867 
1535116162045 0.248747 0.926841 -0.281231 -0.616795 -0.936652 0.30411 0.17378 -0.244651 0.246591 0.220188 0.943774 0.38157 0.31622 -0.384863 0.867113 0.400795 -0.930002 -0.306262 0.203222 -0.504304 0.187351 -0.87068 -0.45477 0.485867 
1535116162238 0.248766 0.926839 -0.281221 -0.61648 -0.936584 0.304183 0.174022 -0.244531 0.246833 0.220097 0.943732 0.381626 0.31622 -0.384863 0.867113 0.400795 -0.930002 -0.306262 0.203222 -0.504304 0.187351 -0.87068 -0.45477 0.485867 
1535116162376 0.248784 0.926837 -0.281212 -0.616167 -0.936515 0.304256 0.174265 -0.244413 0.247075 0.220004 0.94369 0.381681 0.31622 -0.384863 0.867113 0.400795 -0.930002 -0.306262 0.203222 -0.504304 0.187351 -0.87068 -0.45477 0.485867 
1535116162496 0.248803 0.926835 -0.281202 -0.615853 -0.936446 0.304329 0.174508 -0.244293 0.247318 0.219913 0.943648 0.381737 0.31622 -0.384863 0.867113 0.400795 -0.930002 -0.306262 0.203222 -0.504304 0.187351 -0.87068 -0.45477 0.485867 
1535116162626 0.248821 0.926833 -0.281193 -0.615538 -0.936377 0.304401 0.17475 -0.244173 0.24756 0.219821 0.943606 0.381792 0.31622 -0.384863 0.867113 0.400795 -0.930002 -0.306262 0.203222 -0.504304 0.187351 -0.87068 -0.45477 0.485867 
1535116162765 0.24884 0.926831 -0.281183 -0.615225 -0.936308 0.304474 0.174993 -0.244054 0.247802 0.219729 0.943564 0.381848 0.31622 -0.384863 0.867113 0.400795 -0.930002 -0.306262 0.203222 -0.504304 0.187351 -0.87068 -0.45477 0.485867 
