1534335591205 0.0967831 0.863269 -0.495379 -0.557046 -0.962886 0.207206 0.172965 -0.235707 0.251961 0.460253 0.851283 0.432716 0.16008 -0.304787 0.938871 0.370831 -0.775623 0.549475 0.310623 -0.528794 -0.61056 -0.777934 -0.14844 0.432481 
1534335591219 0.0995522 0.863307 -0.494763 -0.5624 -0.962517 0.209624 0.172101 -0.234776 0.25229 0.459084 0.851816 0.430242 0.316241 -0.38488 0.867098 0.400864 -0.930001 -0.306251 0.203246 -0.504429 0.187325 -0.870677 -0.454788 0.485926 
1534335591681 0.10232 0.863339 -0.494143 -0.567753 -0.962141 0.212041 0.17124 -0.233844 0.252617 0.457914 0.85235 0.427769 0.316241 -0.38488 0.867098 0.400864 -0.930001 -0.306251 0.203246 -0.504429 0.187325 -0.870677 -0.454788 0.485926 
1534335592154 0.105087 0.863363 -0.49352 -0.573106 -0.961758 0.214458 0.170381 -0.232913 0.252939 0.456742 0.852883 0.425296 0.316241 -0.38488 0.867098 0.400864 -0.930001 -0.306251 0.203246 -0.504429 0.187325 -0.870677 -0.454788 0.485926 
1534335592635 0.107854 0.863379 -0.492894 -0.578459 -0.961368 0.216874 0.169523 -0.231981 0.253258 0.455568 0.853415 0.422822 0.316241 -0.38488 0.867098 0.400864 -0.930001 -0.306251 0.203246 -0.504429 0.187325 -0.870677 -0.454788 0.485926 
1534335593122 0.11062 0.863388 -0.492265 -0.583811 -0.96097 0.219289 0.168668 -0.231049 0.253574 0.454394 0.853948 0.420349 0.316241 -0.38488 0.867098 0.400864 -0.930001 -0.306251 0.203246 -0.504429 0.187325 -0.870677 -0.454788 0.485926 
1534335593624 0.113385 0.863389 -0.491634 -0.589164 -0.960565 0.221704 0.167814 -0.230117 0.253886 0.453218 0.854479 0.417875 0.316241 -0.38488 0.867098 0.400864 -0.930001 -0.306251 0.203246 -0.504429 0.187325 -0.870677 -0.454788 0.485926 
1534335594114 0.11615 0.863382 -0.490999 -0.594515 -0.960153 0.224119 0.166962 -0.229185 0.254194 0.452042 0.855011 0.415402 0.316241 -0.38488 0.867098 0.400864 -0.930001 -0.306251 0.203246 -0.504429 0.187325 -0.870677 -0.454788 0.485926 
1534335594609 0.118915 0.863368 -0.490362 -0.599867 -0.959734 0.226533 0.166112 -0.228253 0.254499 0.450864 0.855542 0.412929 0.316241 -0.38488 0.867098 0.400864 -0.930001 -0.306251 0.203246 -0.504429 0.187325 -0.870677 -0.454788 0.485926 
1534335594616 0.121725 0.863328 -0.489743 -0.604693 -0.959303 0.228989 0.165232 -0.227082 0.254795 0.449699 0.856067 0.410514 0.316531 -0.385118 0.866887 0.401814 -0.929976 -0.306103 0.20358 -0.50615 0.186955 -0.870623 -0.455042 0.486735 
1534335595306 0.121648 0.863609 -0.489267 -0.604247 -0.959356 0.228755 0.165249 -0.227366 0.254633 0.449279 0.856336 0.410837 0.316531 -0.385118 0.866887 0.401814 -0.929976 -0.306103 0.20358 -0.50615 0.186955 -0.870623 -0.455042 0.486735 
1534335595318 0.122417 0.863791 -0.488753 -0.604828 -0.959262 0.229317 0.165015 -0.227202 0.254618 0.448642 0.856674 0.410187 0.316221 -0.384863 0.867113 0.400797 -0.930002 -0.306262 0.203223 -0.504308 0.187351 -0.87068 -0.45477 0.485869 
1534335595473 0.123184 0.863972 -0.48824 -0.605409 -0.959168 0.229877 0.164783 -0.227038 0.254603 0.448005 0.857011 0.409538 0.316221 -0.384863 0.867113 0.400797 -0.930002 -0.306262 0.203223 -0.504308 0.187351 -0.87068 -0.45477 0.485869 
1534335595664 0.123951 0.864153 -0.487726 -0.60599 -0.959073 0.230438 0.16455 -0.226874 0.254587 0.447368 0.857349 0.408888 0.316221 -0.384863 0.867113 0.400797 -0.930002 -0.306262 0.203223 -0.504308 0.187351 -0.87068 -0.45477 0.485869 
1534335595855 0.124719 0.864332 -0.487211 -0.606571 -0.958978 0.230999 0.164318 -0.22671 0.254571 0.446732 0.857686 0.408238 0.316221 -0.384863 0.867113 0.400797 -0.930002 -0.306262 0.203223 -0.504308 0.187351 -0.87068 -0.45477 0.485869 
1534335595862 0.125485 0.864511 -0.486696 -0.607153 -0.958883 0.23156 0.164087 -0.226545 0.254554 0.446094 0.858022 0.407589 0.316221 -0.384863 0.867113 0.400797 -0.930002 -0.306262 0.203223 -0.504308 0.187351 -0.87068 -0.45477 0.485869 
1534335596113 0.126253 0.86469 -0.486181 -0.607734 -0.958786 0.232121 0.163855 -0.226381 0.254537 0.445457 0.858358 0.406939 0.316221 -0.384863 0.867113 0.400797 -0.930002 -0.306262 0.203223 -0.504308 0.187351 -0.87068 -0.45477 0.485869 
1534335596302 0.127019 0.864867 -0.485666 -0.608315 -0.95869 0.232682 0.163624 -0.226217 0.254519 0.444819 0.858694 0.406289 0.316221 -0.384863 0.867113 0.400797 -0.930002 -0.306262 0.203223 -0.504308 0.187351 -0.87068 -0.45477 0.485869 
1534335596500 0.127786 0.865044 -0.48515 -0.608896 -0.958593 0.233243 0.163394 -0.226053 0.2545 0.444182 0.85903 0.40564 0.316221 -0.384863 0.867113 0.400797 -0.930002 -0.306262 0.203223 -0.504308 0.187351 -0.87068 -0.45477 0.485869 
1534335596696 0.128553 0.865219 -0.484633 -0.609477 -0.958495 0.233804 0.163163 -0.225889 0.254481 0.443544 0.859365 0.40499 0.316221 -0.384863 0.867113 0.400797 -0.930002 -0.306262 0.203223 -0.504308 0.187351 -0.87068 -0.45477 0.485869 
1534335596903 0.128207 0.865203 -0.484755 -0.609189 -0.958527 0.233552 0.16334 -0.225978 0.254537 0.44371 0.859263 0.405348 0.316221 -0.384863 0.867113 0.400797 -0.930002 -0.306262 0.203223 -0.504308 0.187351 -0.87068 -0.45477 0.485869 
1534335596914 0.128308 0.865516 -0.484168 -0.609299 -0.958473 0.233599 0.163588 -0.226048 0.254689 0.443072 0.859547 0.405314 0.31622 -0.384863 0.867113 0.400795 -0.930002 -0.306262 0.203222 -0.504304 0.187351 -0.87068 -0.454769 0.485867 
1534335596930 0.128409 0.86583 -0.483581 -0.609412 -0.958419 0.233646 0.163837 -0.226119 0.254841 0.442435 0.85983 0.405279 0.31622 -0.384863 0.867113 0.400795 -0.930002 -0.306262 0.203222 -0.504304 0.187351 -0.87068 -0.454769 0.485867 
1534335596947 0.12851 0.866142 -0.482993 -0.609526 -0.958365 0.233693 0.164085 -0.226191 0.254993 0.441797 0.860113 0.405244 0.31622 -0.384863 0.867113 0.400795 -0.930002 -0.306262 0.203222 -0.504304 0.187351 -0.87068 -0.454769 0.485867 
1534335597101 0.128611 0.866455 -0.482406 -0.609638 -0.958311 0.23374 0.164333 -0.226262 0.255145 0.44116 0.860395 0.405209 0.31622 -0.384863 0.867113 0.400795 -0.930002 -0.306262 0.203222 -0.504304 0.187351 -0.87068 -0.454769 0.485867 
1534335597149 0.128712 0.866767 -0.481818 -0.609752 -0.958257 0.233786 0.164582 -0.226333 0.255297 0.440522 0.860676 0.405174 0.31622 -0.384863 0.867113 0.400795 -0.930002 -0.306262 0.203222 -0.504304 0.187351 -0.87068 -0.454769 0.485867 
1534335597279 0.128813 0.867078 -0.48123 -0.609865 -0.958203 0.233832 0.16483 -0.226404 0.255448 0.439884 0.860958 0.405139 0.31622 -0.384863 0.867113 0.400795 -0.930002 -0.306262 0.203222 -0.504304 0.187351 -0.87068 -0.454769 0.485867 
1534335597328 0.128914 0.867389 -0.480642 -0.609979 -0.958149 0.233878 0.165079 -0.226476 0.2556 0.439246 0.861239 0.405104 0.31622 -0.384863 0.867113 0.400795 -0.930002 -0.306262 0.203222 -0.504304 0.187351 -0.87068 -0.454769 0.485867 
1534335597451 0.129016 0.8677 -0.480054 -0.610092 -0.958095 0.233924 0.165328 -0.226547 0.255751 0.438607 0.861519 0.405069 0.31622 -0.384863 0.867113 0.400795 -0.930002 -0.306262 0.203222 -0.504304 0.187351 -0.87068 -0.454769 0.485867 
1534335597498 0.129118 0.86801 -0.479466 -0.610205 -0.958041 0.23397 0.165576 -0.226619 0.255902 0.437969 0.861799 0.405034 0.31622 -0.384863 0.867113 0.400795 -0.930002 -0.306262 0.203222 -0.504304 0.187351 -0.87068 -0.454769 0.485867 
1534335597627 0.129091 0.867649 -0.480125 -0.610057 -0.958088 0.233998 0.165265 -0.226537 0.25574 0.438668 0.861492 0.405123 0.31622 -0.384863 0.867113 0.400795 -0.930002 -0.306262 0.203222 -0.504304 0.187351 -0.87068 -0.454769 0.485867 
1534335597639 0.128508 0.867527 -0.480501 -0.610031 -0.958107 0.233663 0.165626 -0.22673 0.255961 0.439088 0.861212 0.405231 0.31622 -0.384863 0.867113 0.400795 -0.930002 -0.306262 0.203222 -0.504304 0.187351 -0.87068 -0.454769 0.485867 
1534335597655 0.127924 0.867406 -0.480877 -0.61001 -0.958127 0.233326 0.165989 -0.226926 0.256181 0.439507 0.860933 0.40534 0.31622 -0.384863 0.867113 0.400795 -0.930002 -0.306262 0.203222 -0.504304 0.187351 -0.87068 -0.454769 0.485867 
1534335597802 0.12734 0.867284 -0.481252 -0.609988 -0.958146 0.232989 0.166352 -0.227121 0.256401 0.439926 0.860653 0.405449 0.31622 -0.384863 0.867113 0.400795 -0.930002 -0.306262 0.203222 -0.504304 0.187351 -0.87068 -0.454769 0.485867 
1534335597874 0.126756 0.867161 -0.481626 -0.609966 -0.958164 0.232652 0.166715 -0.227317 0.256621 0.440345 0.860373 0.405557 0.31622 -0.384863 0.867113 0.400795 -0.930002 -0.306262 0.203222 -0.504304 0.187351 -0.87068 -0.454769 0.485867 
1534335597984 0.126172 0.867039 -0.482001 -0.609944 -0.958183 0.232317 0.167078 -0.227512 0.25684 0.440764 0.860093 0.405665 0.31622 -0.384863 0.867113 0.400795 -0.930002 -0.306262 0.203222 -0.504304 0.187351 -0.87068 -0.454769 0.485867 
1534335598067 0.125587 0.866916 -0.482375 -0.609923 -0.958201 0.23198 0.167442 -0.227707 0.257059 0.441183 0.859813 0.405774 0.31622 -0.384863 0.867113 0.400795 -0.930002 -0.306262 0.203222 -0.504304 0.187351 -0.87068 -0.454769 0.485867 
1534335598175 0.125003 0.866792 -0.482748 -0.6099 -0.958218 0.231644 0.167805 -0.227902 0.257278 0.441602 0.859532 0.405882 0.31622 -0.384863 0.867113 0.400795 -0.930002 -0.306262 0.203222 -0.504304 0.187351 -0.87068 -0.454769 0.485867 
1534335598261 0.124419 0.866668 -0.483122 -0.609878 -0.958236 0.231309 0.168168 -0.228097 0.257496 0.442021 0.859251 0.405991 0.31622 -0.384863 0.867113 0.400795 -0.930002 -0.306262 0.203222 -0.504304 0.187351 -0.87068 -0.454769 0.485867 
1534335598369 0.123833 0.866544 -0.483495 -0.609857 -0.958253 0.230973 0.168532 -0.228293 0.257715 0.44244 0.85897 0.406099 0.31622 -0.384863 0.867113 0.400795 -0.930002 -0.306262 0.203222 -0.504304 0.187351 -0.87068 -0.454769 0.485867 
1534335598462 0.124518 0.866688 -0.483061 -0.60985 -0.958269 0.231304 0.167985 -0.228096 0.257324 0.441985 0.859321 0.405933 0.31622 -0.384863 0.867113 0.400795 -0.930002 -0.306262 0.203222 -0.504304 0.187351 -0.87068 -0.454769 0.485867 
1534335598475 0.124067 0.866532 -0.483456 -0.609742 -0.958363 0.230927 0.167967 -0.228303 0.257192 0.442487 0.859103 0.405971 0.31622 -0.384863 0.867113 0.400795 -0.930002 -0.306262 0.203222 -0.504304 0.187351 -0.87068 -0.454769 0.485867 
1534335598492 0.123615 0.866376 -0.483852 -0.609633 -0.958457 0.230549 0.16795 -0.228512 0.257059 0.44299 0.858883 0.406012 0.31622 -0.384863 0.867113 0.400795 -0.930002 -0.306262 0.203222 -0.504304 0.187351 -0.87068 -0.45477 0.485867 
1534335598499 0.123162 0.866219 -0.484248 -0.609524 -0.958551 0.230171 0.167932 -0.228721 0.256926 0.443493 0.858663 0.406053 0.31622 -0.384863 0.867113 0.400795 -0.930002 -0.306262 0.203222 -0.504304 0.187351 -0.87068 -0.45477 0.485867 
1534335598651 0.12271 0.866062 -0.484643 -0.609415 -0.958645 0.229792 0.167915 -0.228929 0.256792 0.443996 0.858444 0.406093 0.31622 -0.384863 0.867113 0.400795 -0.930002 -0.306262 0.203222 -0.504304 0.187351 -0.87068 -0.45477 0.485867 
1534335598726 0.122258 0.865904 -0.485039 -0.609306 -0.958738 0.229414 0.167898 -0.229138 0.256659 0.444498 0.858224 0.406133 0.31622 -0.384863 0.867113 0.400795 -0.930002 -0.306262 0.203222 -0.504304 0.187351 -0.87068 -0.45477 0.485867 
1534335598826 0.121806 0.865747 -0.485434 -0.609197 -0.958832 0.229036 0.167882 -0.229346 0.256525 0.445001 0.858003 0.406173 0.31622 -0.384863 0.867113 0.400795 -0.930002 -0.306262 0.203222 -0.504304 0.187351 -0.87068 -0.45477 0.485867 
1534335598878 0.121354 0.865588 -0.485829 -0.609088 -0.958925 0.228657 0.167865 -0.229554 0.25639 0.445503 0.857783 0.406213 0.31622 -0.384863 0.867113 0.400795 -0.930002 -0.306262 0.203222 -0.504304 0.187351 -0.87068 -0.45477 0.485867 
1534335598992 0.120902 0.865429 -0.486225 -0.608979 -0.959018 0.228279 0.167848 -0.229764 0.256256 0.446005 0.857562 0.406255 0.31622 -0.384863 0.867113 0.400795 -0.930002 -0.306262 0.203222 -0.504304 0.187351 -0.87068 -0.45477 0.485867 
1534335598999 0.12045 0.86527 -0.48662 -0.60887 -0.959111 0.2279 0.167832 -0.229972 0.256121 0.446507 0.857341 0.406296 0.31622 -0.384863 0.867113 0.400795 -0.930002 -0.306262 0.203222 -0.504304 0.187351 -0.87068 -0.45477 0.485867 
1534335599177 0.120989 0.865447 -0.486171 -0.60899 -0.959015 0.228331 0.167797 -0.229698 0.256227 0.445944 0.857602 0.406298 0.31622 -0.384863 0.867113 0.400795 -0.930002 -0.306262 0.203222 -0.504304 0.187351 -0.87068 -0.45477 0.485867 
1534335599188 0.120592 0.865439 -0.486284 -0.608708 -0.959017 0.228091 0.168111 -0.229833 0.256407 0.446082 0.857477 0.406331 0.31622 -0.384863 0.867113 0.400795 -0.930002 -0.306262 0.203222 -0.504304 0.187351 -0.87068 -0.45477 0.485867 
1534335599195 0.120195 0.865431 -0.486397 -0.608421 -0.959019 0.227852 0.168423 -0.229966 0.256585 0.44622 0.857351 0.406364 0.31622 -0.384863 0.867113 0.400795 -0.930002 -0.306262 0.203222 -0.504304 0.187351 -0.87068 -0.45477 0.485867 
1534335599340 0.119798 0.865423 -0.48651 -0.608135 -0.959021 0.227612 0.168736 -0.230099 0.256764 0.446359 0.857226 0.406397 0.31622 -0.384863 0.867113 0.400795 -0.930002 -0.306262 0.203222 -0.504304 0.187351 -0.87068 -0.45477 0.485867 
1534335599402 0.119401 0.865414 -0.486623 -0.607848 -0.959022 0.227373 0.169049 -0.230231 0.256942 0.446497 0.8571 0.40643 0.31622 -0.384863 0.867113 0.400795 -0.930002 -0.306262 0.203222 -0.504304 0.187351 -0.87068 -0.45477 0.485867 
1534335599516 0.119004 0.865406 -0.486735 -0.607562 -0.959024 0.227133 0.169362 -0.230365 0.257121 0.446636 0.856975 0.406464 0.31622 -0.384863 0.867113 0.400795 -0.930002 -0.306262 0.203222 -0.504304 0.187351 -0.87068 -0.45477 0.485867 
1534335599565 0.118608 0.865397 -0.486848 -0.607275 -0.959025 0.226894 0.169675 -0.230497 0.257299 0.446774 0.856849 0.406497 0.31622 -0.384863 0.867113 0.400795 -0.930002 -0.306262 0.203222 -0.504304 0.187351 -0.87068 -0.45477 0.485867 
1534335599686 0.11821 0.865388 -0.48696 -0.606989 -0.959026 0.226655 0.169988 -0.23063 0.257477 0.446913 0.856723 0.40653 0.31622 -0.384863 0.867113 0.400795 -0.930002 -0.306262 0.203222 -0.504304 0.187351 -0.87068 -0.45477 0.485867 
1534335599693 0.117813 0.865379 -0.487072 -0.606703 -0.959027 0.226415 0.170301 -0.230763 0.257656 0.447052 0.856597 0.406563 0.31622 -0.384863 0.867113 0.400795 -0.930002 -0.306262 0.203222 -0.504304 0.187351 -0.87068 -0.45477 0.485867 
1534335599858 0.117416 0.86537 -0.487184 -0.606416 -0.959028 0.226176 0.170614 -0.230896 0.257834 0.44719 0.856471 0.406596 0.31622 -0.384863 0.867113 0.400795 -0.930002 -0.306262 0.203222 -0.504304 0.187351 -0.87068 -0.45477 0.485867 
1534335599965 0.117996 0.865324 -0.487126 -0.606654 -0.959025 0.22655 0.170137 -0.230844 0.257582 0.447091 0.856599 0.406509 0.31622 -0.384863 0.867113 0.400795 -0.930002 -0.306262 0.203222 -0.504304 0.187351 -0.87068 -0.45477 0.485867 
1534335599978 0.117587 0.865508 -0.486898 -0.606582 -0.959022 0.226242 0.170561 -0.230764 0.257778 0.44689 0.856644 0.406528 0.31622 -0.384863 0.867113 0.400795 -0.930002 -0.306262 0.203222 -0.504304 0.187351 -0.87068 -0.45477 0.485867 
1534335599995 0.117109 0.865645 -0.48677 -0.60629 -0.958995 0.225951 0.171099 -0.230852 0.258097 0.446772 0.85661 0.406578 0.31622 -0.384863 0.867113 0.400795 -0.930002 -0.306262 0.203222 -0.504304 0.187351 -0.87068 -0.45477 0.485867 
1534335600011 0.11663 0.865782 -0.486641 -0.606 -0.958967 0.225658 0.171639 -0.230941 0.258416 0.446655 0.856575 0.406628 0.31622 -0.384863 0.867113 0.400795 -0.930002 -0.306262 0.203222 -0.504304 0.187351 -0.87068 -0.45477 0.485867 
1534335600018 0.116152 0.865918 -0.486513 -0.605709 -0.958939 0.225367 0.172177 -0.23103 0.258735 0.446538 0.85654 0.406679 0.31622 -0.384863 0.867113 0.400795 -0.930002 -0.306262 0.203222 -0.504304 0.187351 -0.87068 -0.45477 0.485867 
1534335600215 0.115673 0.866054 -0.486384 -0.605418 -0.958911 0.225075 0.172716 -0.231118 0.259054 0.446421 0.856504 0.406729 0.31622 -0.384863 0.867113 0.400795 -0.930002 -0.306262 0.203222 -0.504304 0.187351 -0.87068 -0.45477 0.485867 
1534335600253 0.115194 0.866191 -0.486255 -0.605128 -0.958883 0.224782 0.173255 -0.231207 0.259373 0.446303 0.856469 0.406779 0.31622 -0.384863 0.867113 0.400795 -0.930002 -0.306262 0.203222 -0.504304 0.187351 -0.87068 -0.45477 0.485867 
1534335600364 0.114716 0.866327 -0.486126 -0.604836 -0.958854 0.22449 0.173793 -0.231296 0.259692 0.446186 0.856433 0.40683 0.31622 -0.384863 0.867113 0.400795 -0.930002 -0.306262 0.203222 -0.504304 0.187351 -0.87068 -0.45477 0.485867 
1534335600414 0.114238 0.866463 -0.485996 -0.604546 -0.958824 0.224197 0.174332 -0.231385 0.260011 0.446069 0.856397 0.40688 0.31622 -0.384863 0.867113 0.400795 -0.930002 -0.306262 0.203222 -0.504304 0.187351 -0.87068 -0.45477 0.485867 
1534335600523 0.113759 0.866599 -0.485866 -0.604255 -0.958795 0.223904 0.174871 -0.231473 0.26033 0.445953 0.856361 0.40693 0.31622 -0.384863 0.867113 0.400795 -0.930002 -0.306262 0.203222 -0.504304 0.187351 -0.87068 -0.45477 0.485867 
1534335600581 0.114312 0.866484 -0.48594 -0.604713 -0.958867 0.224163 0.174143 -0.231226 0.259822 0.446045 0.856467 0.406906 0.31622 -0.384863 0.867113 0.400795 -0.930002 -0.306262 0.203222 -0.504304 0.187351 -0.87068 -0.45477 0.485867 
1534335600594 0.114103 0.866442 -0.486064 -0.604505 -0.958922 0.223953 0.174106 -0.231252 0.259708 0.446232 0.856405 0.406975 0.31622 -0.384863 0.867113 0.400795 -0.930002 -0.306262 0.203222 -0.504304 0.187351 -0.87068 -0.45477 0.485867 
1534335600611 0.113894 0.8664 -0.486188 -0.604292 -0.958978 0.223744 0.174068 -0.231277 0.259594 0.446418 0.856342 0.407045 0.31622 -0.384863 0.867113 0.400795 -0.930002 -0.306262 0.203222 -0.504304 0.187351 -0.87068 -0.45477 0.485867 
1534335600659 0.113685 0.866358 -0.486312 -0.60408 -0.959034 0.223535 0.174031 -0.231301 0.25948 0.446605 0.856279 0.407115 0.31622 -0.384863 0.867113 0.400795 -0.930002 -0.306262 0.203222 -0.504304 0.187351 -0.87068 -0.45477 0.485867 
1534335600766 0.113476 0.866316 -0.486435 -0.603869 -0.959089 0.223325 0.173994 -0.231326 0.259367 0.446791 0.856217 0.407185 0.31622 -0.384863 0.867113 0.400795 -0.930002 -0.306262 0.203222 -0.504304 0.187351 -0.87068 -0.45477 0.485867 
1534335600832 0.113268 0.866274 -0.486559 -0.603656 -0.959145 0.223116 0.173956 -0.23135 0.259253 0.446977 0.856154 0.407255 0.31622 -0.384863 0.867113 0.400795 -0.930002 -0.306262 0.203222 -0.504304 0.187351 -0.87068 -0.45477 0.485867 
1534335600936 0.113058 0.866232 -0.486682 -0.603445 -0.9592 0.222906 0.173919 -0.231375 0.259139 0.447163 0.856091 0.407324 0.31622 -0.384863 0.867113 0.400795 -0.930002 -0.306262 0.203222 -0.504304 0.187351 -0.87068 -0.45477 0.485867 
1534335600943 0.11285 0.86619 -0.486806 -0.603231 -0.959256 0.222698 0.173881 -0.231399 0.259025 0.447349 0.856029 0.407394 0.31622 -0.384863 0.867113 0.400795 -0.930002 -0.306262 0.203222 -0.504304 0.187351 -0.87068 -0.45477 0.485867 
1534335601091 0.11264 0.866147 -0.48693 -0.60302 -0.959311 0.222488 0.173844 -0.231423 0.258911 0.447535 0.855966 0.407464 0.31622 -0.384863 0.867113 0.400795 -0.930002 -0.306262 0.203222 -0.504304 0.187351 -0.87068 -0.45477 0.485867 
1534335601158 0.112431 0.866105 -0.487053 -0.602808 -0.959366 0.222278 0.173807 -0.231448 0.258796 0.447721 0.855903 0.407534 0.31622 -0.384863 0.867113 0.400795 -0.930002 -0.306262 0.203222 -0.504304 0.187351 -0.87068 -0.45477 0.485867 
1534335601257 0.112768 0.866105 -0.486976 -0.603067 -0.959326 0.222556 0.173675 -0.231487 0.2588 0.447583 0.855974 0.40735 0.31622 -0.384863 0.867113 0.400795 -0.930002 -0.306262 0.203222 -0.504304 0.187351 -0.87068 -0.45477 0.485867 
1534335601270 0.112389 0.866201 -0.486892 -0.602911 -0.959325 0.222289 0.174021 -0.231521 0.258967 0.44753 0.855951 0.407324 0.31622 -0.384863 0.867113 0.400795 -0.930002 -0.306262 0.203222 -0.504304 0.187351 -0.87068 -0.45477 0.485867 
1534335601286 0.112011 0.866297 -0.486808 -0.60275 -0.959324 0.222023 0.174365 -0.231552 0.259135 0.447476 0.855929 0.407298 0.31622 -0.384863 0.867113 0.400795 -0.930002 -0.306262 0.203222 -0.504304 0.187351 -0.87068 -0.45477 0.485867 
1534335601303 0.111633 0.866393 -0.486724 -0.602589 -0.959323 0.221756 0.174711 -0.231583 0.259302 0.447422 0.855906 0.407273 0.31622 -0.384863 0.867113 0.400795 -0.930002 -0.306262 0.203222 -0.504304 0.187351 -0.87068 -0.45477 0.485867 
1534335601407 0.111255 0.866489 -0.48664 -0.602427 -0.959322 0.221489 0.175056 -0.231615 0.25947 0.447368 0.855884 0.407247 0.31622 -0.384863 0.867113 0.400795 -0.930002 -0.306262 0.203222 -0.504304 0.187351 -0.87068 -0.45477 0.485867 
1534335601427 0.110876 0.866586 -0.486555 -0.602268 -0.95932 0.221222 0.175401 -0.231647 0.259637 0.447315 0.855861 0.407222 0.31622 -0.384863 0.867113 0.400795 -0.930002 -0.306262 0.203222 -0.504304 0.187351 -0.87068 -0.45477 0.485867 
1534335601471 0.110498 0.866681 -0.486471 -0.602106 -0.959318 0.220955 0.175746 -0.231678 0.259804 0.447261 0.855838 0.407196 0.31622 -0.384863 0.867113 0.400795 -0.930002 -0.306262 0.203222 -0.504304 0.187351 -0.87068 -0.45477 0.485867 
1534335601559 0.110119 0.866777 -0.486386 -0.601946 -0.959317 0.220688 0.176091 -0.23171 0.259972 0.447207 0.855816 0.40717 0.31622 -0.384863 0.867113 0.400795 -0.930002 -0.306262 0.203222 -0.504304 0.187351 -0.87068 -0.45477 0.485867 
1534335601566 0.10974 0.866873 -0.486301 -0.601785 -0.959315 0.220421 0.176437 -0.231741 0.260139 0.447154 0.855793 0.407145 0.31622 -0.384863 0.867113 0.400795 -0.930002 -0.306262 0.203222 -0.504304 0.187351 -0.87068 -0.45477 0.485867 
1534335601612 0.109363 0.866968 -0.486216 -0.601623 -0.959312 0.220154 0.176781 -0.231772 0.260306 0.4471 0.85577 0.407119 0.31622 -0.384863 0.867113 0.400795 -0.930002 -0.306262 0.203222 -0.504304 0.187351 -0.87068 -0.45477 0.485867 
1534335601725 0.110416 0.866844 -0.486199 -0.601958 -0.959289 0.220896 0.175981 -0.231762 0.259948 0.446974 0.855945 0.407261 0.31622 -0.384863 0.867113 0.400795 -0.930002 -0.306262 0.203222 -0.504304 0.187351 -0.87068 -0.45477 0.485867 
1534335601738 0.110216 0.866963 -0.486033 -0.601836 -0.959285 0.220736 0.176205 -0.231771 0.260048 0.446823 0.855993 0.407207 0.31622 -0.384863 0.867113 0.400795 -0.930002 -0.306262 0.203222 -0.504304 0.187351 -0.87068 -0.45477 0.485867 
1534335601755 0.110017 0.867081 -0.485867 -0.60171 -0.959281 0.220576 0.176427 -0.231779 0.260147 0.446673 0.856041 0.407154 0.31622 -0.384863 0.867113 0.400795 -0.930002 -0.306262 0.203222 -0.504304 0.187351 -0.87068 -0.45477 0.485867 
1534335601771 0.109818 0.867199 -0.485701 -0.601584 -0.959277 0.220416 0.176649 -0.231786 0.260247 0.446523 0.856089 0.4071 0.31622 -0.384863 0.867113 0.400795 -0.930002 -0.306262 0.203222 -0.504304 0.187351 -0.87068 -0.45477 0.485867 
1534335601788 0.109619 0.867317 -0.485535 -0.601459 -0.959273 0.220256 0.176872 -0.231794 0.260346 0.446372 0.856138 0.407047 0.31622 -0.384863 0.867113 0.400795 -0.930002 -0.306262 0.203222 -0.504304 0.187351 -0.87068 -0.45477 0.485867 
1534335601805 0.10942 0.867435 -0.48537 -0.601332 -0.959268 0.220096 0.177094 -0.231801 0.260445 0.446222 0.856186 0.406993 0.31622 -0.384863 0.867113 0.400795 -0.930002 -0.306262 0.203222 -0.504304 0.187351 -0.87068 -0.45477 0.485867 
1534335601917 0.109221 0.867553 -0.485203 -0.601207 -0.959264 0.219935 0.177316 -0.231809 0.260545 0.446071 0.856234 0.40694 0.31622 -0.384863 0.867113 0.400795 -0.930002 -0.306262 0.203222 -0.504304 0.187351 -0.87068 -0.45477 0.485867 
1534335601945 0.109022 0.867671 -0.485037 -0.60108 -0.95926 0.219776 0.177538 -0.231816 0.260644 0.445921 0.856282 0.406886 0.31622 -0.384863 0.867113 0.400795 -0.930002 -0.306262 0.203222 -0.504304 0.187351 -0.87068 -0.45477 0.485867 
1534335601962 0.108823 0.867789 -0.484871 -0.600955 -0.959255 0.219616 0.17776 -0.231823 0.260743 0.445771 0.85633 0.406833 0.31622 -0.384863 0.867113 0.400795 -0.930002 -0.306262 0.203222 -0.504304 0.187351 -0.87068 -0.45477 0.485867 
1534335601969 0.108624 0.867907 -0.484705 -0.60083 -0.959251 0.219455 0.177982 -0.231831 0.260843 0.44562 0.856378 0.406779 0.31622 -0.384863 0.867113 0.400795 -0.930002 -0.306262 0.203222 -0.504304 0.187351 -0.87068 -0.45477 0.485867 
1534335602092 0.10934 0.867604 -0.485086 -0.601162 -0.959267 0.219987 0.177237 -0.23184 0.260484 0.445948 0.856317 0.40694 0.31622 -0.384863 0.867113 0.400795 -0.930002 -0.306262 0.203222 -0.504304 0.187351 -0.87068 -0.45477 0.485867 
1534335602103 0.109284 0.867621 -0.485068 -0.601048 -0.959313 0.219867 0.177136 -0.231843 0.260337 0.445974 0.856348 0.406918 0.31622 -0.384863 0.867113 0.400795 -0.930002 -0.306262 0.203222 -0.504304 0.187351 -0.87068 -0.45477 0.485867 
1534335602110 0.109229 0.867639 -0.485048 -0.600931 -0.959359 0.219746 0.177036 -0.231845 0.260191 0.445998 0.85638 0.406895 0.31622 -0.384863 0.867113 0.400795 -0.930002 -0.306262 0.203222 -0.504304 0.187351 -0.87068 -0.45477 0.485867 
1534335602123 0.109173 0.867657 -0.485029 -0.600814 -0.959405 0.219626 0.176935 -0.231847 0.260044 0.446023 0.856412 0.406873 0.31622 -0.384863 0.867113 0.400795 -0.930002 -0.306262 0.203222 -0.504304 0.187351 -0.87068 -0.45477 0.485867 
1534335602140 0.109119 0.867674 -0.48501 -0.600696 -0.959451 0.219507 0.176835 -0.231849 0.259898 0.446047 0.856443 0.406851 0.31622 -0.384863 0.867113 0.400795 -0.930002 -0.306262 0.203222 -0.504304 0.187351 -0.87068 -0.45477 0.485867 
1534335602158 0.109063 0.867692 -0.48499 -0.600579 -0.959497 0.219386 0.176734 -0.231851 0.259751 0.446072 0.856475 0.406829 0.31622 -0.384863 0.867113 0.400795 -0.930002 -0.306262 0.203222 -0.504304 0.187351 -0.87068 -0.45477 0.485867 
1534335602274 0.109008 0.86771 -0.484971 -0.60046 -0.959543 0.219267 0.176634 -0.231852 0.259605 0.446096 0.856506 0.406807 0.31622 -0.384863 0.867113 0.400795 -0.930002 -0.306262 0.203222 -0.504304 0.187351 -0.87068 -0.45477 0.485867 
1534335602301 0.108952 0.867727 -0.484952 -0.600343 -0.959589 0.219147 0.176533 -0.231854 0.259458 0.446121 0.856538 0.406785 0.31622 -0.384863 0.867113 0.400795 -0.930002 -0.306262 0.203222 -0.504304 0.187351 -0.87068 -0.45477 0.485867 
1534335602325 0.108898 0.867745 -0.484933 -0.600225 -0.959635 0.219027 0.176432 -0.231855 0.259312 0.446145 0.85657 0.406763 0.31622 -0.384863 0.867113 0.400795 -0.930002 -0.306262 0.203222 -0.504304 0.187351 -0.87068 -0.45477 0.485867 
1534335602378 0.108842 0.867763 -0.484914 -0.600107 -0.95968 0.218907 0.176332 -0.231857 0.259165 0.44617 0.856601 0.406741 0.31622 -0.384863 0.867113 0.400795 -0.930002 -0.306262 0.203222 -0.504304 0.187351 -0.87068 -0.45477 0.485867 
1534335602452 0.109131 0.867778 -0.484822 -0.600362 -0.959568 0.219276 0.176485 -0.231947 0.25946 0.445959 0.856622 0.406847 0.31622 -0.384863 0.867113 0.400795 -0.930002 -0.306262 0.203222 -0.504304 0.187351 -0.87068 -0.45477 0.485867 
1534335602464 0.108981 0.867724 -0.484951 -0.600274 -0.959629 0.219096 0.176376 -0.231943 0.259296 0.446152 0.856571 0.406855 0.31622 -0.384863 0.867113 0.400795 -0.930002 -0.306262 0.203222 -0.504304 0.187351 -0.87068 -0.45477 0.485867 
1534335602471 0.108832 0.86767 -0.485082 -0.60018 -0.95969 0.218917 0.176265 -0.231937 0.259133 0.446346 0.85652 0.406863 0.31622 -0.384863 0.867113 0.400795 -0.930002 -0.306262 0.203222 -0.504304 0.187351 -0.87068 -0.45477 0.485867 
1534335602486 0.108682 0.867615 -0.485213 -0.600088 -0.959752 0.218738 0.176155 -0.231931 0.258969 0.446539 0.856468 0.406871 0.31622 -0.384863 0.867113 0.400795 -0.930002 -0.306262 0.203222 -0.504304 0.187351 -0.87068 -0.45477 0.485867 
1534335602502 0.108532 0.867561 -0.485343 -0.599996 -0.959813 0.218558 0.176045 -0.231925 0.258806 0.446732 0.856417 0.406879 0.31622 -0.384863 0.867113 0.400795 -0.930002 -0.306262 0.203222 -0.504304 0.187351 -0.87068 -0.45477 0.485867 
1534335602519 0.108383 0.867507 -0.485474 -0.599903 -0.959874 0.21838 0.175935 -0.231919 0.258642 0.446926 0.856365 0.406888 0.31622 -0.384863 0.867113 0.400795 -0.930002 -0.306262 0.203222 -0.504304 0.187351 -0.87068 -0.45477 0.485867 
1534335602536 0.108233 0.867452 -0.485605 -0.599811 -0.959935 0.2182 0.175825 -0.231913 0.258479 0.447119 0.856314 0.406896 0.31622 -0.384863 0.867113 0.400795 -0.930002 -0.306262 0.203222 -0.504304 0.187351 -0.87068 -0.45477 0.485867 
1534335602661 0.108085 0.867397 -0.485736 -0.599718 -0.959995 0.218022 0.175714 -0.231907 0.258315 0.447312 0.856262 0.406904 0.31622 -0.384863 0.867113 0.400795 -0.930002 -0.306262 0.203222 -0.504304 0.187351 -0.87068 -0.45477 0.485867 
1534335602678 0.107935 0.867343 -0.485867 -0.599625 -0.960056 0.217842 0.175604 -0.231901 0.258151 0.447505 0.856211 0.406912 0.31622 -0.384863 0.867113 0.400795 -0.930002 -0.306262 0.203222 -0.504304 0.187351 -0.87068 -0.45477 0.485867 
1534335602685 0.107785 0.867288 -0.485997 -0.599533 -0.960117 0.217663 0.175494 -0.231895 0.257988 0.447699 0.856159 0.40692 0.31622 -0.384863 0.867113 0.400795 -0.930002 -0.306262 0.203222 -0.504304 0.187351 -0.87068 -0.45477 0.485867 
1534335602818 0.108382 0.867377 -0.485707 -0.599734 -0.959932 0.218325 0.175683 -0.23201 0.258425 0.447205 0.856285 0.40697 0.31622 -0.384863 0.867113 0.400795 -0.930002 -0.306262 0.203222 -0.504304 0.187351 -0.87068 -0.45477 0.485867 
1534335602829 0.108239 0.867373 -0.485745 -0.599659 -0.959981 0.218153 0.175632 -0.232022 0.258305 0.447296 0.856274 0.406971 0.31622 -0.384863 0.867113 0.400795 -0.930002 -0.306262 0.203222 -0.504304 0.187351 -0.87068 -0.45477 0.485867 
1534335602845 0.108096 0.867369 -0.485784 -0.599579 -0.960029 0.217981 0.175582 -0.232031 0.258186 0.447387 0.856262 0.406973 0.31622 -0.384863 0.867113 0.400795 -0.930002 -0.306262 0.203222 -0.504304 0.187351 -0.87068 -0.45477 0.485867 
1534335602862 0.107954 0.867365 -0.485823 -0.5995 -0.960077 0.21781 0.175531 -0.232041 0.258067 0.447478 0.856251 0.406975 0.31622 -0.384863 0.867113 0.400795 -0.930002 -0.306262 0.203222 -0.504304 0.187351 -0.87068 -0.45477 0.485867 
1534335602879 0.107811 0.867361 -0.485861 -0.599421 -0.960125 0.217638 0.175481 -0.23205 0.257947 0.447569 0.856239 0.406977 0.31622 -0.384863 0.867113 0.400795 -0.930002 -0.306262 0.203222 -0.504304 0.187351 -0.87068 -0.45477 0.485867 
1534335602899 0.107668 0.867357 -0.4859 -0.599342 -0.960173 0.217466 0.175431 -0.23206 0.257828 0.44766 0.856227 0.406979 0.31622 -0.384863 0.867113 0.400795 -0.930002 -0.306262 0.203222 -0.504304 0.187351 -0.87068 -0.45477 0.485867 
1534335602916 0.107525 0.867353 -0.485939 -0.599262 -0.960221 0.217295 0.17538 -0.232069 0.257708 0.447751 0.856216 0.40698 0.31622 -0.384863 0.867113 0.400795 -0.930002 -0.306262 0.203222 -0.504304 0.187351 -0.87068 -0.45477 0.485867 
1534335602933 0.107383 0.867349 -0.485978 -0.599184 -0.960269 0.217124 0.175329 -0.232079 0.257589 0.447842 0.856204 0.406982 0.31622 -0.384863 0.867113 0.400795 -0.930002 -0.306262 0.203222 -0.504304 0.187351 -0.87068 -0.45477 0.485867 
1534335603031 0.107239 0.867345 -0.486016 -0.599105 -0.960317 0.216952 0.175279 -0.232089 0.25747 0.447933 0.856192 0.406984 0.31622 -0.384863 0.867113 0.400795 -0.930002 -0.306262 0.203222 -0.504304 0.187351 -0.87068 -0.45477 0.485867 
1534335603049 0.107097 0.867341 -0.486055 -0.599025 -0.960365 0.216781 0.175228 -0.232098 0.25735 0.448024 0.856181 0.406986 0.31622 -0.384863 0.867113 0.400795 -0.930002 -0.306262 0.203222 -0.504304 0.187351 -0.87068 -0.45477 0.485867 
1534335603073 0.107728 0.867312 -0.485967 -0.59932 -0.96019 0.217491 0.175307 -0.232066 0.257739 0.447735 0.856215 0.406966 0.31622 -0.384863 0.867113 0.400795 -0.930002 -0.306262 0.203222 -0.504304 0.187351 -0.87068 -0.45477 0.485867 
1534335603084 0.10756 0.867279 -0.486064 -0.599262 -0.960157 0.217456 0.175533 -0.232079 0.257933 0.447818 0.856113 0.406977 0.31622 -0.384863 0.867113 0.400795 -0.930002 -0.306262 0.203222 -0.504304 0.187351 -0.87068 -0.45477 0.485867 
1534335603101 0.107391 0.867245 -0.486161 -0.599199 -0.960123 0.21742 0.17576 -0.232089 0.258128 0.4479 0.856012 0.406989 0.31622 -0.384863 0.867113 0.400795 -0.930002 -0.306262 0.203222 -0.504304 0.187351 -0.87068 -0.45477 0.485867 
1534335603118 0.107223 0.867212 -0.486258 -0.599137 -0.96009 0.217385 0.175986 -0.2321 0.258322 0.447982 0.85591 0.407001 0.31622 -0.384863 0.867113 0.400795 -0.930002 -0.306262 0.203222 -0.504304 0.187351 -0.87068 -0.45477 0.485867 
1534335603134 0.107055 0.867178 -0.486355 -0.599074 -0.960056 0.217349 0.176213 -0.232111 0.258517 0.448064 0.855808 0.407012 0.31622 -0.384863 0.867113 0.400795 -0.930002 -0.306262 0.203222 -0.504304 0.187351 -0.87068 -0.45477 0.485867 
1534335603151 0.106886 0.867145 -0.486452 -0.599012 -0.960023 0.217313 0.17644 -0.232122 0.258711 0.448146 0.855707 0.407024 0.31622 -0.384863 0.867113 0.400795 -0.930002 -0.306262 0.203222 -0.504304 0.187351 -0.87068 -0.45477 0.485867 
1534335603167 0.106718 0.867111 -0.486549 -0.598949 -0.959989 0.217279 0.176666 -0.232132 0.258906 0.448228 0.855605 0.407036 0.31622 -0.384863 0.867113 0.400795 -0.930002 -0.306262 0.203222 -0.504304 0.187351 -0.87068 -0.45477 0.485867 
1534335603184 0.10655 0.867078 -0.486645 -0.598887 -0.959955 0.217243 0.176893 -0.232143 0.2591 0.44831 0.855503 0.407047 0.31622 -0.384863 0.867113 0.400795 -0.930002 -0.306262 0.203222 -0.504304 0.187351 -0.87068 -0.45477 0.485867 
1534335603226 0.106381 0.867044 -0.486742 -0.598825 -0.959922 0.217208 0.17712 -0.232154 0.259294 0.448392 0.855401 0.407059 0.31622 -0.384863 0.867113 0.400795 -0.930002 -0.306262 0.203222 -0.504304 0.187351 -0.87068 -0.45477 0.485867 
1534335603242 0.106213 0.86701 -0.486839 -0.598761 -0.959888 0.217173 0.177346 -0.232164 0.259489 0.448474 0.855299 0.407071 0.31622 -0.384863 0.867113 0.400795 -0.930002 -0.306262 0.203222 -0.504304 0.187351 -0.87068 -0.45477 0.485867 
1534335603268 0.107018 0.86727 -0.4862 -0.599063 -0.96019 0.217062 0.175841 -0.232102 0.258037 0.448026 0.855973 0.406969 0.31622 -0.384863 0.867113 0.400795 -0.930002 -0.306262 0.203222 -0.504304 0.187351 -0.87068 -0.45477 0.485867 
1534335603278 0.106845 0.867369 -0.486061 -0.598966 -0.960225 0.216855 0.175901 -0.232126 0.257976 0.447934 0.856039 0.406983 0.31622 -0.384863 0.867113 0.400795 -0.930002 -0.306262 0.203222 -0.504304 0.187351 -0.87068 -0.45477 0.485867 
1534335603295 0.106672 0.867467 -0.485925 -0.598865 -0.960261 0.21665 0.175961 -0.232148 0.257916 0.447844 0.856105 0.406997 0.31622 -0.384863 0.867113 0.400795 -0.930002 -0.306262 0.203222 -0.504304 0.187351 -0.87068 -0.45477 0.485867 
1534335603313 0.106499 0.867565 -0.485788 -0.598763 -0.960296 0.216444 0.176021 -0.23217 0.257855 0.447754 0.85617 0.407011 0.31622 -0.384863 0.867113 0.400795 -0.930002 -0.306262 0.203222 -0.504304 0.187351 -0.87068 -0.45477 0.485867 
1534335603397 0.106326 0.867663 -0.48565 -0.598661 -0.960332 0.216238 0.17608 -0.232192 0.257794 0.447664 0.856236 0.407025 0.31622 -0.384863 0.867113 0.400795 -0.930002 -0.306262 0.203222 -0.504304 0.187351 -0.87068 -0.45477 0.485867 
1534335603425 0.106152 0.867761 -0.485513 -0.598561 -0.960367 0.216031 0.17614 -0.232215 0.257733 0.447573 0.856301 0.40704 0.31622 -0.384863 0.867113 0.400795 -0.930002 -0.306262 0.203222 -0.504304 0.187351 -0.87068 -0.45477 0.485867 
1534335603442 0.105979 0.867859 -0.485376 -0.598459 -0.960403 0.215825 0.176199 -0.232236 0.257673 0.447483 0.856367 0.407054 0.31622 -0.384863 0.867113 0.400795 -0.930002 -0.306262 0.203222 -0.504304 0.187351 -0.87068 -0.45477 0.485867 
1534335603458 0.105806 0.867956 -0.485239 -0.598358 -0.960438 0.215619 0.176259 -0.232259 0.257612 0.447392 0.856432 0.407068 0.31622 -0.384863 0.867113 0.400795 -0.930002 -0.306262 0.203222 -0.504304 0.187351 -0.87068 -0.45477 0.485867 
1534335603481 0.105633 0.868054 -0.485101 -0.598257 -0.960473 0.215413 0.176319 -0.232281 0.257551 0.447302 0.856498 0.407082 0.31622 -0.384863 0.867113 0.400795 -0.930002 -0.306262 0.203222 -0.504304 0.187351 -0.87068 -0.45477 0.485867 
1534335603538 0.10546 0.868152 -0.484964 -0.598155 -0.960509 0.215207 0.176378 -0.232303 0.257491 0.447212 0.856563 0.407096 0.31622 -0.384863 0.867113 0.400795 -0.930002 -0.306262 0.203222 -0.504304 0.187351 -0.87068 -0.45477 0.485867 
1534335603570 0.106255 0.867753 -0.485505 -0.598609 -0.960416 0.216013 0.175894 -0.232183 0.257508 0.447597 0.856357 0.406975 0.31622 -0.384863 0.867113 0.400795 -0.930002 -0.306262 0.203222 -0.504304 0.187351 -0.87068 -0.45477 0.485867 
1534335603587 0.105893 0.867772 -0.48555 -0.598437 -0.960452 0.215717 0.176065 -0.232243 0.257526 0.447703 0.856296 0.406994 0.31622 -0.384863 0.867113 0.400795 -0.930002 -0.306262 0.203222 -0.504304 0.187351 -0.87068 -0.45477 0.485867 
1534335603604 0.105532 0.86779 -0.485596 -0.598262 -0.960487 0.215422 0.176236 -0.232301 0.257543 0.44781 0.856235 0.407013 0.31622 -0.384863 0.867113 0.400795 -0.930002 -0.306262 0.203222 -0.504304 0.187351 -0.87068 -0.45477 0.485867 
1534335603620 0.105171 0.867808 -0.485642 -0.598086 -0.960521 0.215127 0.176406 -0.232359 0.257561 0.447916 0.856174 0.407032 0.31622 -0.384863 0.867113 0.400795 -0.930002 -0.306262 0.203222 -0.504304 0.187351 -0.87068 -0.45477 0.485867 
1534335603638 0.104811 0.867826 -0.485688 -0.59791 -0.960556 0.214832 0.176576 -0.232417 0.257579 0.448023 0.856112 0.407051 0.31622 -0.384863 0.867113 0.400795 -0.930002 -0.306262 0.203222 -0.504304 0.187351 -0.87068 -0.45477 0.485867 
1534335603654 0.10445 0.867844 -0.485734 -0.597733 -0.960591 0.214538 0.176746 -0.232475 0.257596 0.44813 0.856051 0.40707 0.31622 -0.384863 0.867113 0.400795 -0.930002 -0.306262 0.203222 -0.504304 0.187351 -0.87068 -0.45477 0.485867 
1534335603776 0.104089 0.867862 -0.485779 -0.597558 -0.960625 0.214243 0.176916 -0.232534 0.257614 0.448237 0.85599 0.407089 0.31622 -0.384863 0.867113 0.400795 -0.930002 -0.306262 0.203222 -0.504304 0.187351 -0.87068 -0.45477 0.485867 
1534335603783 0.103728 0.86788 -0.485825 -0.597383 -0.96066 0.213947 0.177087 -0.232592 0.257631 0.448343 0.855929 0.407108 0.31622 -0.384863 0.867113 0.400795 -0.930002 -0.306262 0.203222 -0.504304 0.187351 -0.87068 -0.45477 0.485867 
1534335603834 0.103368 0.867897 -0.485871 -0.597206 -0.960694 0.213653 0.177257 -0.23265 0.257649 0.44845 0.855868 0.407127 0.31622 -0.384863 0.867113 0.400795 -0.930002 -0.306262 0.203222 -0.504304 0.187351 -0.87068 -0.45477 0.485867 
1534335603946 0.103007 0.867914 -0.485916 -0.597031 -0.960728 0.213358 0.177428 -0.232708 0.257666 0.448557 0.855807 0.407146 0.31622 -0.384863 0.867113 0.400795 -0.930002 -0.306262 0.203222 -0.504304 0.187351 -0.87068 -0.45477 0.485867 
1534335603981 0.103843 0.867929 -0.485712 -0.597392 -0.960654 0.214012 0.177039 -0.232587 0.257605 0.448217 0.856003 0.407129 0.31622 -0.384863 0.867113 0.400795 -0.930002 -0.306262 0.203222 -0.504304 0.187351 -0.87068 -0.45477 0.485867 
1534335603991 0.103643 0.868033 -0.485568 -0.597231 -0.960659 0.213837 0.17722 -0.232619 0.257666 0.448098 0.856047 0.407126 0.31622 -0.384863 0.867113 0.400795 -0.930002 -0.306262 0.203222 -0.504304 0.187351 -0.87068 -0.45477 0.485867 
1534335604009 0.103444 0.868138 -0.485423 -0.597068 -0.960665 0.213663 0.177401 -0.232649 0.257726 0.447978 0.856092 0.407123 0.31622 -0.384863 0.867113 0.400795 -0.930002 -0.306262 0.203222 -0.504304 0.187351 -0.87068 -0.45477 0.485867 
1534335604027 0.103245 0.868243 -0.485278 -0.596904 -0.96067 0.21349 0.177581 -0.232679 0.257785 0.447858 0.856137 0.40712 0.31622 -0.384863 0.867113 0.400795 -0.930002 -0.306262 0.203222 -0.504304 0.187351 -0.87068 -0.45477 0.485867 
1534335604033 0.103048 0.868347 -0.485134 -0.596739 -0.960675 0.213317 0.177761 -0.232709 0.257845 0.447738 0.856181 0.407118 0.31622 -0.384863 0.867113 0.400795 -0.930002 -0.306262 0.203222 -0.504304 0.187351 -0.87068 -0.45477 0.485867 
1534335604139 0.102849 0.868451 -0.484989 -0.596574 -0.96068 0.213143 0.177941 -0.232739 0.257905 0.447619 0.856226 0.407115 0.31622 -0.384863 0.867113 0.400795 -0.930002 -0.306262 0.203222 -0.504304 0.187351 -0.87068 -0.45477 0.485867 
1534335604167 0.102651 0.868555 -0.484844 -0.596411 -0.960686 0.21297 0.178121 -0.232769 0.257965 0.447499 0.85627 0.407112 0.31622 -0.384863 0.867113 0.400795 -0.930002 -0.306262 0.203222 -0.504304 0.187351 -0.87068 -0.45477 0.485867 
1534335604200 0.102452 0.86866 -0.484699 -0.596247 -0.960691 0.212796 0.178301 -0.232799 0.258025 0.447379 0.856315 0.40711 0.31622 -0.384863 0.867113 0.400795 -0.930002 -0.306262 0.203222 -0.504304 0.187351 -0.87068 -0.45477 0.485867 
