1531908103086 0.275657 0.633204 -0.723233 0 -0.8825 0.464965 0.0707247 0 0.381061 0.618757 0.686973 0 0.16008 -0.304787 0.938871 0 -0.775623 0.549475 0.310623 0 -0.61056 -0.777934 -0.14844 0 
1531908103095 -0.186319 0.845148 -0.501008 0 -0.975422 -0.098067 0.19732 0 0.117632 0.525459 0.842648 0 0.281081 -0.369256 0.885801 0 -0.945602 -0.264102 0.189964 0 0.163797 -0.891011 -0.423403 0 
1531908103105 -0.187231 0.845419 -0.500212 0 -0.97521 -0.098835 0.197982 0 0.11794 0.52488 0.842966 0 0.245957 -0.352979 0.902724 0 -0.959103 -0.223241 0.174027 0 0.140097 -0.908608 -0.393451 0 
1531908103115 -0.187247 0.845429 -0.500188 0 -0.975206 -0.0988476 0.197997 0 0.11795 0.524861 0.842976 0 0.211167 -0.334292 0.918508 0 -0.970735 -0.181683 0.15705 0 0.114377 -0.924792 -0.362875 0 
1531908103125 -0.18725 0.845429 -0.500187 0 -0.975206 -0.0988521 0.197995 0 0.117946 0.52486 0.842977 0 0.176775 -0.313841 0.932874 0 -0.980368 -0.140253 0.13859 0 0.0873433 -0.93906 -0.332473 0 
1531908103135 -0.187251 0.845429 -0.500187 0 -0.975206 -0.0988555 0.197993 0 0.117943 0.52486 0.842978 0 0.142867 -0.291686 0.945785 0 -0.987977 -0.0990723 0.118686 0 0.0590822 -0.95137 -0.302333 0 
1531908103150 -0.187253 0.845429 -0.500187 0 -0.975206 -0.0988578 0.197991 0 0.11794 0.524859 0.842978 0 0.109539 -0.26789 0.957202 0 -0.993539 -0.0582605 0.0973924 0 0.0296767 -0.961686 -0.272541 0 
1531908103165 -0.187253 0.845429 -0.500186 0 -0.975206 -0.0988592 0.19799 0 0.117939 0.524859 0.842979 0 0.0768901 -0.242523 0.967094 0 -0.997039 -0.0179365 0.0747729 0 -0.000787887 -0.96998 -0.243184 0 
1531908103185 -0.187254 0.845429 -0.500186 0 -0.975206 -0.09886 0.19799 0 0.117938 0.524859 0.842979 0 0.0450192 -0.215665 0.975429 0 -0.998466 0.0217837 0.0508988 0 -0.0322255 -0.976224 -0.214353 0 
1531908103195 -0.187253 0.845429 -0.500187 0 -0.975206 -0.0988592 0.19799 0 0.117938 0.524859 0.842979 0 0.0141684 -0.187586 0.982146 0 -0.997812 0.0607907 0.0260052 0 -0.0645835 -0.980365 -0.186314 0 
