1535377650234 0.248384 0.924309 -0.289756 -0.6225 -0.93654 0.305545 0.171859 -0.238112 0.247385 0.228681 0.941544 0.379145 0.205459 -0.120814 0.97118 0.383801 -0.978511 -0.00772069 0.20605 -0.49462 -0.0173954 -0.992645 -0.119804 0.441343 
1535377650249 0.248365 0.924682 -0.288581 -0.624028 -0.936768 0.305103 0.171399 -0.238509 0.246537 0.227764 0.941989 0.378566 0.19976 -0.121164 0.972325 0.383537 -0.979371 0.00615447 0.201975 -0.493421 -0.0304563 -0.992613 -0.117435 0.441209 
1535377650701 0.248344 0.925054 -0.287404 -0.625562 -0.936997 0.304659 0.170939 -0.238909 0.245688 0.226845 0.942432 0.377986 0.194052 -0.121433 0.973446 0.383271 -0.980025 0.0200306 0.197862 -0.492218 -0.0435258 -0.992397 -0.115121 0.441075 
1535377651096 0.248322 0.925424 -0.286227 -0.627094 -0.937224 0.304216 0.170479 -0.239308 0.24484 0.225925 0.942874 0.377406 0.188336 -0.121622 0.974545 0.383005 -0.980472 0.033904 0.193712 -0.491017 -0.0566006 -0.991997 -0.112861 0.440941 
1535377651543 0.2483 0.925794 -0.285049 -0.628627 -0.937452 0.303774 0.170017 -0.239708 0.243991 0.225005 0.943314 0.376827 0.182612 -0.121729 0.97562 0.38274 -0.980713 0.0477718 0.189526 -0.489815 -0.0696779 -0.991413 -0.110658 0.440807 
1535377651950 0.248276 0.926162 -0.283871 -0.63016 -0.937678 0.303332 0.169555 -0.240107 0.243143 0.224083 0.943752 0.376247 0.176884 -0.121756 0.976672 0.382474 -0.980747 0.0616309 0.185305 -0.488613 -0.0827551 -0.990645 -0.10851 0.440673 
1535377652420 0.248251 0.926529 -0.282693 -0.631692 -0.937905 0.302891 0.169092 -0.240506 0.242294 0.223162 0.944189 0.375667 0.171151 -0.121702 0.977699 0.382209 -0.980573 0.0754785 0.18105 -0.487412 -0.0958294 -0.989693 -0.10642 0.440539 
1535377652849 0.248225 0.926895 -0.281514 -0.633225 -0.93813 0.302449 0.168629 -0.240906 0.241445 0.222239 0.944624 0.375087 0.165416 -0.121567 0.978703 0.381944 -0.980193 0.0893117 0.176762 -0.48621 -0.108898 -0.988557 -0.104386 0.440405 
1535377653302 0.248198 0.92726 -0.280335 -0.634759 -0.938356 0.302008 0.168165 -0.241306 0.240596 0.221316 0.945057 0.374507 0.159679 -0.121352 0.979682 0.381678 -0.979607 0.103128 0.172441 -0.485008 -0.121958 -0.987238 -0.102409 0.440271 
1535377653758 0.24817 0.927623 -0.279156 -0.636291 -0.93858 0.301568 0.1677 -0.241705 0.239747 0.220392 0.945489 0.373928 0.153941 -0.121055 0.980636 0.381413 -0.978813 0.116923 0.168088 -0.483806 -0.135007 -0.985736 -0.100491 0.440137 
1535377654227 0.248561 0.927387 -0.279592 -0.636085 -0.938386 0.302105 0.167823 -0.241756 0.240103 0.220651 0.945338 0.374045 0.154637 -0.121001 0.980534 0.381536 -0.978874 0.115607 0.168641 -0.483912 -0.133762 -0.985898 -0.100567 0.440131 
