1535170937391 0.241734 0.919567 -0.309775 -0.602712 -0.934734 0.306368 0.18003 -0.232532 0.260455 0.246038 0.933611 0.39055 0.271199 -0.261005 0.92646 0.406887 -0.949849 -0.228256 0.21374 -0.487481 0.155683 -0.937963 -0.309818 0.463432 
1535170937404 0.23924 0.919677 -0.31138 -0.606032 -0.935521 0.304185 0.179645 -0.233822 0.259933 0.248324 0.933151 0.389482 0.254983 -0.244388 0.935552 0.40425 -0.958407 -0.192174 0.211011 -0.486697 0.12822 -0.950444 -0.283224 0.460186 
1535170937411 0.236743 0.919779 -0.312984 -0.609354 -0.936303 0.301997 0.179264 -0.235113 0.259403 0.250608 0.932687 0.388415 0.239231 -0.227025 0.944049 0.401613 -0.965784 -0.155925 0.207242 -0.485911 0.100152 -0.961326 -0.256559 0.456939 
1535170938039 0.234247 0.919871 -0.314588 -0.612677 -0.937078 0.299806 0.178886 -0.236404 0.258868 0.25289 0.93222 0.387347 0.223971 -0.208949 0.951934 0.398974 -0.971967 -0.119575 0.202437 -0.485123 0.0715289 -0.970589 -0.229873 0.453693 
1535170938225 0.23175 0.919954 -0.316191 -0.616 -0.937848 0.297613 0.178513 -0.237695 0.258326 0.255169 0.931749 0.386279 0.20923 -0.190191 0.959192 0.396336 -0.976947 -0.0831907 0.196608 -0.484334 0.0424028 -0.978216 -0.203213 0.450446 
1535170938484 0.229252 0.920027 -0.317794 -0.619324 -0.938613 0.295418 0.178143 -0.238987 0.257779 0.257446 0.931274 0.385211 0.195037 -0.170787 0.965812 0.393697 -0.980712 -0.0468368 0.189763 -0.483546 0.0128264 -0.984194 -0.176628 0.447199 
1535170939037 0.226755 0.920091 -0.319397 -0.622647 -0.939371 0.293219 0.177777 -0.240279 0.257225 0.259721 0.930796 0.384143 0.181416 -0.150771 0.97178 0.391059 -0.983257 -0.0105798 0.181917 -0.482758 -0.0171466 -0.988512 -0.150166 0.443952 
1535170939125 0.224256 0.920146 -0.321 -0.625971 -0.940124 0.291018 0.177416 -0.24157 0.256665 0.261993 0.930313 0.383075 0.168391 -0.13018 0.977086 0.38842 -0.984577 0.025515 0.173081 -0.48197 -0.047462 -0.991162 -0.123875 0.440705 
1535170939132 0.221758 0.920191 -0.322603 -0.629293 -0.94087 0.288814 0.177057 -0.242861 0.256099 0.264263 0.929827 0.382007 0.155988 -0.10905 0.981721 0.385782 -0.984669 0.0613819 0.163274 -0.481182 -0.078065 -0.992139 -0.0978032 0.437459 
1535170939833 0.219259 0.920227 -0.324205 -0.632617 -0.941611 0.286608 0.176703 -0.244153 0.255527 0.266531 0.929337 0.380939 0.144228 -0.08742 0.985675 0.383144 -0.983534 0.0969561 0.152513 -0.480394 -0.1089 -0.991442 -0.0719968 0.434212 
1535170940937 0.220279 0.92004 -0.324044 -0.63228 -0.94134 0.287571 0.176581 -0.244397 0.255647 0.266139 0.929416 0.381157 0.144894 -0.088989 0.985437 0.383559 -0.983677 0.0944472 0.153164 -0.480355 -0.106702 -0.991545 -0.0738516 0.434056 
1535170940948 0.22008 0.919457 -0.325827 -0.631602 -0.941111 0.288015 0.177079 -0.244229 0.25666 0.267668 0.928698 0.381524 0.144116 -0.0873137 0.985701 0.383333 -0.984311 0.0898208 0.151869 -0.480109 -0.101797 -0.992123 -0.0729992 0.434084 
1535170941042 0.219881 0.918871 -0.327609 -0.630919 -0.940881 0.28846 0.177577 -0.24406 0.257672 0.269196 0.927976 0.381891 0.143329 -0.0856416 0.985963 0.383106 -0.984921 0.0851909 0.150577 -0.479862 -0.0968908 -0.992677 -0.0721399 0.434111 
1535170941167 0.21968 0.918283 -0.32939 -0.630237 -0.940651 0.288906 0.178073 -0.24389 0.258684 0.270722 0.92725 0.382259 0.142533 -0.0839731 0.986221 0.38288 -0.985507 0.0805569 0.149289 -0.479615 -0.0919832 -0.993206 -0.0712741 0.434139 
1535170941377 0.219476 0.917691 -0.33117 -0.629554 -0.94042 0.289352 0.178568 -0.24372 0.259695 0.272247 0.926521 0.382627 0.141729 -0.0823083 0.986478 0.382653 -0.986068 0.0759188 0.148004 -0.479368 -0.0870742 -0.993711 -0.0704017 0.434166 
1535170941467 0.219271 0.917097 -0.332948 -0.628873 -0.940188 0.289799 0.179062 -0.243551 0.260705 0.27377 0.925788 0.382994 0.140916 -0.0806471 0.986731 0.382427 -0.986606 0.0712769 0.146723 -0.479122 -0.0821639 -0.994191 -0.0695229 0.434194 
1535170941710 0.219064 0.916499 -0.334725 -0.628189 -0.939956 0.290248 0.179555 -0.24338 0.261715 0.275293 0.925051 0.383362 0.140095 -0.0789896 0.986982 0.3822 -0.98712 0.066631 0.145447 -0.478875 -0.0772524 -0.994646 -0.0686375 0.434222 
1535170941716 0.218854 0.915898 -0.336501 -0.627508 -0.939723 0.290696 0.180047 -0.243211 0.262724 0.276813 0.924311 0.383729 0.139265 -0.0773359 0.987231 0.381974 -0.987609 0.0619815 0.144174 -0.478628 -0.0723399 -0.995077 -0.0677458 0.434249 
1535170941769 0.218643 0.915295 -0.338276 -0.626824 -0.939489 0.291146 0.180538 -0.243041 0.263733 0.278333 0.923567 0.384097 0.138428 -0.075686 0.987476 0.381747 -0.988075 0.0573284 0.142905 -0.478382 -0.0674264 -0.995482 -0.0668476 0.434277 
1535170942121 0.21843 0.914688 -0.340049 -0.626142 -0.939255 0.291597 0.181028 -0.242871 0.264741 0.279851 0.922819 0.384465 0.137582 -0.0740399 0.987719 0.381521 -0.988516 0.0526718 0.141641 -0.478135 -0.0625121 -0.995863 -0.0659429 0.434304 
1535170942478 0.217936 0.915058 -0.339372 -0.626294 -0.939469 0.290896 0.181047 -0.242724 0.264391 0.279373 0.923065 0.384339 0.137836 -0.0745245 0.987647 0.381606 -0.988373 0.0542766 0.142032 -0.478277 -0.0641911 -0.995741 -0.0661767 0.43432 
1535170942492 0.217336 0.915229 -0.339294 -0.626855 -0.939685 0.290237 0.18098 -0.242917 0.264114 0.279496 0.923106 0.384194 0.136763 -0.0741524 0.987824 0.381502 -0.988575 0.0535661 0.140888 -0.478155 -0.0633611 -0.995807 -0.0659794 0.434371 
1535170942507 0.216735 0.9154 -0.339217 -0.62742 -0.939902 0.289576 0.180913 -0.243113 0.263837 0.27962 0.923148 0.384048 0.135689 -0.0737814 0.988 0.381398 -0.988776 0.0528552 0.139743 -0.478031 -0.0625314 -0.995873 -0.0657814 0.434422 
1535170942691 0.216133 0.915571 -0.339139 -0.627987 -0.940118 0.288915 0.180846 -0.24331 0.26356 0.279744 0.92319 0.383901 0.134615 -0.0734112 0.988175 0.381294 -0.988975 0.0521438 0.138597 -0.477908 -0.0617018 -0.995938 -0.0655825 0.434474 
1535170942710 0.215531 0.915742 -0.339062 -0.628553 -0.940334 0.288254 0.180779 -0.243506 0.263283 0.279868 0.923231 0.383755 0.133539 -0.0730417 0.988348 0.38119 -0.989172 0.0514321 0.137451 -0.477785 -0.0608725 -0.996002 -0.0653826 0.434525 
1535170942717 0.214929 0.915912 -0.338985 -0.629118 -0.940549 0.287593 0.180712 -0.243702 0.263006 0.279991 0.923273 0.383609 0.132463 -0.072673 0.98852 0.381086 -0.989368 0.0507199 0.136305 -0.477662 -0.0600433 -0.996065 -0.0651818 0.434576 
1535170942980 0.214327 0.916082 -0.338907 -0.629684 -0.940764 0.286932 0.180645 -0.243898 0.262729 0.280115 0.923314 0.383463 0.131387 -0.072305 0.988691 0.380982 -0.989561 0.0500071 0.13516 -0.477538 -0.0592143 -0.996128 -0.0649799 0.434627 
1535170942992 0.213725 0.916251 -0.33883 -0.630249 -0.940979 0.286271 0.180578 -0.244093 0.262452 0.280238 0.923356 0.383317 0.13031 -0.0719378 0.98886 0.380878 -0.989753 0.0492939 0.134014 -0.477415 -0.0583855 -0.99619 -0.0647771 0.434678 
1535170943232 0.213123 0.91642 -0.338753 -0.630815 -0.941192 0.285609 0.180511 -0.24429 0.262174 0.280361 0.923397 0.38317 0.129233 -0.0715714 0.989028 0.380773 -0.989942 0.0485804 0.132868 -0.477292 -0.0575569 -0.996252 -0.0645734 0.43473 
1535170943239 0.21252 0.916588 -0.338676 -0.63138 -0.941406 0.284948 0.180443 -0.244486 0.261897 0.280484 0.923439 0.383024 0.128155 -0.0712058 0.989195 0.380669 -0.99013 0.0478663 0.131722 -0.477169 -0.0567284 -0.996312 -0.0643687 0.434781 
1535170943662 0.212947 0.916448 -0.338786 -0.631156 -0.941226 0.285458 0.180573 -0.244465 0.262195 0.280422 0.923373 0.383151 0.128793 -0.0714174 0.989097 0.380785 -0.99001 0.0484581 0.132411 -0.477247 -0.0573861 -0.996269 -0.0644629 0.434757 
1535170943682 0.21224 0.916631 -0.338736 -0.631571 -0.941361 0.284812 0.180889 -0.244706 0.262284 0.280481 0.923329 0.38309 0.127731 -0.0701091 0.989328 0.380643 -0.990245 0.0469778 0.131179 -0.477093 -0.0556732 -0.996433 -0.0634247 0.434638 
1535170943760 0.211532 0.916814 -0.338684 -0.63199 -0.941496 0.284166 0.181204 -0.24495 0.262373 0.280539 0.923286 0.383028 0.126666 -0.0688025 0.989556 0.380501 -0.990477 0.0454955 0.129947 -0.476938 -0.0539611 -0.996592 -0.0623845 0.434519 
1535170943833 0.210824 0.916996 -0.338633 -0.632409 -0.94163 0.28352 0.18152 -0.245193 0.262462 0.280598 0.923243 0.382965 0.125599 -0.0674975 0.989782 0.380358 -0.990704 0.0440115 0.128717 -0.476783 -0.0522499 -0.996748 -0.0613422 0.434401 
1535170944010 0.210116 0.917178 -0.33858 -0.632829 -0.941763 0.282874 0.181836 -0.245436 0.262551 0.280656 0.9232 0.382903 0.124529 -0.0661939 0.990005 0.380216 -0.990928 0.0425258 0.127489 -0.476627 -0.0505398 -0.9969 -0.0602977 0.434282 
1535170944080 0.209408 0.917359 -0.338528 -0.633249 -0.941896 0.282227 0.182152 -0.24568 0.26264 0.280714 0.923157 0.382841 0.123457 -0.0648919 0.990226 0.380073 -0.991148 0.0410384 0.126261 -0.476472 -0.0488306 -0.997048 -0.0592509 0.434163 
1535170944264 0.208699 0.91754 -0.338475 -0.633669 -0.942029 0.28158 0.182467 -0.245924 0.262729 0.280773 0.923114 0.382779 0.122382 -0.0635913 0.990444 0.379931 -0.991364 0.0395492 0.125035 -0.476317 -0.0471224 -0.997192 -0.058202 0.434044 
1535170944335 0.207991 0.91772 -0.338423 -0.634088 -0.942161 0.280934 0.182783 -0.246167 0.262818 0.280831 0.923071 0.382717 0.121306 -0.0622923 0.990659 0.379788 -0.991576 0.0380583 0.123811 -0.476162 -0.0454153 -0.997332 -0.0571508 0.433925 
1535170944514 0.207282 0.9179 -0.338369 -0.634509 -0.942292 0.280287 0.183099 -0.246411 0.262907 0.28089 0.923028 0.382654 0.120226 -0.0609948 0.990871 0.379646 -0.991784 0.0365658 0.122588 -0.476007 -0.0437092 -0.997468 -0.0560975 0.433807 
1535170944602 0.206573 0.918079 -0.338316 -0.634928 -0.942423 0.27964 0.183414 -0.246654 0.262995 0.280948 0.922985 0.382592 0.119144 -0.0596989 0.991081 0.379504 -0.991988 0.0350715 0.121366 -0.475852 -0.0420041 -0.9976 -0.055042 0.433688 
1535170944950 0.207182 0.917931 -0.338347 -0.634704 -0.94229 0.280214 0.183221 -0.246666 0.262994 0.28086 0.923012 0.38268 0.119667 -0.0602684 0.990983 0.379615 -0.991895 0.0356835 0.121947 -0.475929 -0.0427113 -0.997544 -0.0555098 0.433794 
1535170944961 0.207028 0.918249 -0.337576 -0.634837 -0.942468 0.279763 0.182993 -0.246746 0.262475 0.28027 0.923339 0.382563 0.119366 -0.0611923 0.990963 0.379582 -0.991946 0.0352334 0.12166 -0.475934 -0.0423596 -0.997504 -0.0564938 0.433939 
1535170944968 0.206873 0.918567 -0.336806 -0.634974 -0.942647 0.27931 0.182766 -0.246829 0.261956 0.279679 0.923666 0.382445 0.119066 -0.0621166 0.990941 0.379549 -0.991997 0.0347841 0.121374 -0.475939 -0.0420083 -0.997463 -0.0574779 0.434083 
1535170945143 0.206717 0.918885 -0.336034 -0.635113 -0.942825 0.278857 0.182539 -0.246912 0.261438 0.279087 0.923992 0.382326 0.118767 -0.063041 0.990919 0.379515 -0.992048 0.0343351 0.121086 -0.475943 -0.0416567 -0.99742 -0.0584618 0.434228 
1535170945170 0.206561 0.919201 -0.335263 -0.635251 -0.943002 0.278404 0.182312 -0.246995 0.26092 0.278496 0.924317 0.382208 0.118467 -0.0639655 0.990896 0.379482 -0.992099 0.0338865 0.120798 -0.475948 -0.0413049 -0.997377 -0.0594457 0.434373 
1535170945235 0.206404 0.919517 -0.334492 -0.635388 -0.94318 0.277952 0.182083 -0.247077 0.260402 0.277903 0.924641 0.38209 0.118168 -0.0648901 0.990871 0.379449 -0.992149 0.033438 0.12051 -0.475953 -0.0409527 -0.997332 -0.0604293 0.434518 
1535170945369 0.206247 0.919833 -0.33372 -0.635527 -0.943357 0.2775 0.181855 -0.24716 0.259883 0.27731 0.924965 0.381972 0.117869 -0.0658147 0.990846 0.379415 -0.992199 0.0329898 0.120222 -0.475957 -0.0406002 -0.997286 -0.0614128 0.434662 
1535170945403 0.206089 0.920148 -0.332949 -0.635664 -0.943534 0.277047 0.181626 -0.247242 0.259365 0.276717 0.925288 0.381854 0.11757 -0.0667394 0.990819 0.379382 -0.992249 0.032542 0.119932 -0.475962 -0.0402474 -0.99724 -0.0623961 0.434807 
1535170945565 0.205931 0.920462 -0.332177 -0.635803 -0.943711 0.276595 0.181397 -0.247325 0.258847 0.276124 0.92561 0.381736 0.117272 -0.0676642 0.990792 0.379349 -0.992298 0.0320943 0.119642 -0.475967 -0.0398943 -0.997192 -0.0633793 0.434952 
1535170945607 0.205773 0.920776 -0.331405 -0.63594 -0.943887 0.276143 0.181167 -0.247408 0.258329 0.27553 0.925932 0.381618 0.116975 -0.0685891 0.990764 0.379315 -0.992347 0.031647 0.119352 -0.475971 -0.0395409 -0.997143 -0.0643623 0.435096 
1535170945897 0.205952 0.920509 -0.332034 -0.635809 -0.943742 0.276548 0.181307 -0.247348 0.258718 0.276014 0.925679 0.381787 0.117106 -0.0678103 0.990802 0.379279 -0.992319 0.0320584 0.119479 -0.476042 -0.0398655 -0.997183 -0.0635352 0.435001 
1535170945911 0.206309 0.92053 -0.331754 -0.635815 -0.943664 0.276829 0.181287 -0.247375 0.258719 0.275663 0.925783 0.381715 0.116971 -0.0681428 0.990795 0.379262 -0.992329 0.032172 0.119365 -0.476082 -0.0400097 -0.997157 -0.0638569 0.435039 
1535170945917 0.206667 0.920551 -0.331474 -0.635825 -0.943585 0.277109 0.181268 -0.247403 0.258721 0.275312 0.925887 0.381642 0.116836 -0.0684757 0.990788 0.379245 -0.992339 0.0322856 0.119251 -0.476119 -0.0401539 -0.99713 -0.064179 0.435078 
1535170945923 0.207024 0.920572 -0.331193 -0.635837 -0.943506 0.277389 0.181249 -0.247433 0.258722 0.27496 0.925991 0.381569 0.116701 -0.0688088 0.990781 0.379229 -0.992349 0.0323993 0.119136 -0.476157 -0.0402982 -0.997104 -0.0645014 0.435117 
1535170945930 0.207381 0.920592 -0.330912 -0.635848 -0.943427 0.27767 0.181231 -0.247462 0.258724 0.274608 0.926095 0.381497 0.116565 -0.069142 0.990773 0.379212 -0.992359 0.0325132 0.119021 -0.476196 -0.0404426 -0.997077 -0.0648238 0.435156 
1535170945970 0.207739 0.920612 -0.330632 -0.635858 -0.943348 0.27795 0.181212 -0.24749 0.258725 0.274256 0.926199 0.381424 0.11643 -0.0694748 0.990766 0.379195 -0.992369 0.0326269 0.118907 -0.476234 -0.0405866 -0.99705 -0.0651459 0.435194 
1535170946062 0.208096 0.920632 -0.330351 -0.635869 -0.943269 0.278231 0.181193 -0.24752 0.258726 0.273904 0.926303 0.381351 0.116294 -0.0698079 0.990759 0.379178 -0.992379 0.0327409 0.118791 -0.476272 -0.0407309 -0.997023 -0.0654683 0.435233 
1535170946133 0.208454 0.920652 -0.330071 -0.635879 -0.94319 0.278511 0.181175 -0.247548 0.258727 0.273553 0.926407 0.381278 0.116159 -0.0701408 0.990751 0.379162 -0.992389 0.0328547 0.118677 -0.476311 -0.0408749 -0.996996 -0.0657906 0.435272 
1535170946139 0.208811 0.920672 -0.32979 -0.635891 -0.943111 0.278791 0.181157 -0.247578 0.258728 0.273201 0.92651 0.381205 0.116023 -0.0704736 0.990743 0.379145 -0.992399 0.0329686 0.118563 -0.476349 -0.0410189 -0.996969 -0.0661128 0.435311 
1535170946146 0.209168 0.920691 -0.329509 -0.635901 -0.943031 0.279072 0.181138 -0.247607 0.258729 0.272849 0.926614 0.381133 0.115887 -0.0708065 0.990735 0.379128 -0.992409 0.0330826 0.118448 -0.476387 -0.041163 -0.996941 -0.0664352 0.435349 
1535170946267 0.20819 0.920637 -0.330281 -0.635845 -0.943276 0.278276 0.181089 -0.247582 0.258626 0.273845 0.926348 0.381375 0.116636 -0.0697199 0.990725 0.379235 -0.992332 0.0329032 0.119141 -0.476162 -0.0409046 -0.997024 -0.0653476 0.435193 
1535170946285 0.208842 0.920584 -0.330017 -0.635667 -0.943132 0.278835 0.180977 -0.247502 0.258625 0.273454 0.926464 0.381422 0.116876 -0.0696059 0.990704 0.379256 -0.992394 0.0306341 0.119227 -0.476301 -0.0386482 -0.997104 -0.0654961 0.435164 
1535170946297 0.209494 0.920529 -0.329754 -0.635485 -0.942988 0.279395 0.180865 -0.24742 0.258623 0.273064 0.92658 0.38147 0.117115 -0.0694917 0.990684 0.379277 -0.992451 0.0283646 0.119314 -0.476441 -0.0363917 -0.997179 -0.0656452 0.435135 
1535170946304 0.210146 0.920475 -0.329491 -0.635303 -0.942843 0.279955 0.180754 -0.247337 0.258622 0.272674 0.926695 0.381518 0.117354 -0.0693771 0.990664 0.379298 -0.992503 0.0260951 0.1194 -0.476581 -0.0341351 -0.997249 -0.0657946 0.435106 
1535170946502 0.210799 0.92042 -0.329229 -0.63512 -0.942698 0.280515 0.180642 -0.247255 0.25862 0.272284 0.92681 0.381567 0.117593 -0.0692618 0.990644 0.379319 -0.99255 0.0238255 0.119485 -0.476721 -0.0318784 -0.997314 -0.0659441 0.435077 
1535170946513 0.211451 0.920364 -0.328966 -0.634937 -0.942553 0.281076 0.180531 -0.247173 0.258618 0.271894 0.926925 0.381615 0.117831 -0.0691461 0.990623 0.37934 -0.992592 0.0215558 0.11957 -0.476861 -0.0296215 -0.997374 -0.0660939 0.435048 
1535170946611 0.212103 0.920308 -0.328703 -0.634756 -0.942407 0.281635 0.180419 -0.247091 0.258616 0.271504 0.92704 0.381663 0.11807 -0.0690298 0.990603 0.379361 -0.992628 0.019286 0.119655 -0.477001 -0.0273645 -0.997428 -0.0662438 0.435019 
1535170946630 0.212755 0.920251 -0.32844 -0.634572 -0.94226 0.282195 0.180308 -0.247008 0.258613 0.271115 0.927155 0.381711 0.118308 -0.068913 0.990583 0.379382 -0.99266 0.0170161 0.119739 -0.477141 -0.0251074 -0.997478 -0.066394 0.43499 
1535170946861 0.213406 0.920194 -0.328177 -0.634391 -0.942114 0.282755 0.180197 -0.246926 0.25861 0.270724 0.92727 0.381759 0.118545 -0.0687956 0.990563 0.379403 -0.992686 0.0147461 0.119823 -0.477281 -0.0228503 -0.997522 -0.0665443 0.434961 
1535170946882 0.214058 0.920137 -0.327913 -0.634209 -0.941967 0.283315 0.180087 -0.246844 0.258607 0.270334 0.927384 0.381807 0.118783 -0.0686776 0.990542 0.379425 -0.992707 0.012476 0.119907 -0.477421 -0.020593 -0.997561 -0.0666948 0.434932 
1535170947171 0.213532 0.920135 -0.328261 -0.634411 -0.942062 0.282914 0.180219 -0.246957 0.258695 0.270759 0.927236 0.381798 0.118688 -0.0688107 0.990544 0.379378 -0.992688 0.0138535 0.119908 -0.477276 -0.0219734 -0.997534 -0.0666634 0.434963 
1535170947184 0.213769 0.92007 -0.328291 -0.634077 -0.942063 0.283085 0.179945 -0.246816 0.258496 0.270804 0.927278 0.381921 0.119328 -0.0688102 0.990467 0.379405 -0.992658 0.0115736 0.120396 -0.477445 -0.0197477 -0.997563 -0.066924 0.434942 
1535170947200 0.214006 0.920004 -0.328322 -0.633738 -0.942064 0.283256 0.179671 -0.246673 0.258297 0.270849 0.927321 0.382044 0.11997 -0.0688086 0.99039 0.379433 -0.992623 0.00929397 0.120886 -0.477616 -0.0175227 -0.997587 -0.067186 0.434921 
1535170947207 0.214242 0.919937 -0.328353 -0.633397 -0.942065 0.283428 0.179397 -0.246528 0.258098 0.270895 0.927363 0.382168 0.120611 -0.0688056 0.990312 0.379461 -0.992582 0.00701445 0.121375 -0.477787 -0.0152977 -0.997605 -0.0674492 0.4349 
1535170947214 0.214479 0.919871 -0.328384 -0.633057 -0.942065 0.283599 0.179123 -0.246385 0.257899 0.270941 0.927405 0.382292 0.121252 -0.0688011 0.990235 0.379488 -0.992536 0.00473487 0.121863 -0.477958 -0.0130729 -0.997619 -0.0677134 0.434879 
1535170947485 0.214716 0.919805 -0.328414 -0.632719 -0.942066 0.28377 0.178849 -0.246242 0.257701 0.270986 0.927447 0.382416 0.121892 -0.0687951 0.990156 0.379516 -0.992484 0.00245529 0.12235 -0.478129 -0.0108482 -0.997628 -0.0679788 0.434857 
1535170947500 0.214953 0.919739 -0.328445 -0.632378 -0.942066 0.283942 0.178575 -0.246098 0.257502 0.271032 0.927488 0.382539 0.122533 -0.0687877 0.990078 0.379543 -0.992427 0.000175659 0.122836 -0.4783 -0.00862354 -0.997631 -0.0682452 0.434836 
1535170947649 0.21519 0.919672 -0.328476 -0.63204 -0.942066 0.284113 0.178301 -0.245954 0.257303 0.271077 0.92753 0.382663 0.123174 -0.0687787 0.989999 0.379571 -0.992364 -0.00210393 0.123322 -0.47847 -0.00639906 -0.99763 -0.0685127 0.434815 
1535170947733 0.215427 0.919606 -0.328506 -0.631699 -0.942066 0.284284 0.178027 -0.24581 0.257104 0.271123 0.927572 0.382787 0.123815 -0.0687683 0.98992 0.379599 -0.992297 -0.00438354 0.123808 -0.478641 -0.00417469 -0.997623 -0.0687813 0.434794 
1535170947868 0.215663 0.91954 -0.328537 -0.63136 -0.942066 0.284455 0.177753 -0.245667 0.256905 0.271169 0.927614 0.38291 0.124455 -0.0687565 0.98984 0.379626 -0.992223 -0.0066631 0.124292 -0.478812 -0.0019505 -0.997611 -0.069051 0.434773 
1535170948141 0.215678 0.919512 -0.328604 -0.631517 -0.942033 0.284513 0.177836 -0.245856 0.257015 0.2712 0.927574 0.382828 0.124167 -0.0688571 0.989869 0.379571 -0.992256 -0.00533805 0.124095 -0.478647 -0.00326087 -0.997612 -0.0689866 0.434793 
1535170948154 0.21571 0.91951 -0.328589 -0.631125 -0.941982 0.284587 0.17799 -0.24567 0.257176 0.271131 0.92755 0.382949 0.124659 -0.0691103 0.98979 0.379636 -0.992197 -0.00651121 0.124508 -0.478794 -0.00216004 -0.997588 -0.0693828 0.434785 
1535170948161 0.215744 0.919507 -0.328575 -0.630716 -0.94193 0.284662 0.178142 -0.245475 0.257336 0.271062 0.927526 0.383074 0.125151 -0.069363 0.98971 0.379701 -0.992137 -0.00768473 0.12492 -0.478944 -0.00105914 -0.997562 -0.0697793 0.434778 
1535170948172 0.215778 0.919504 -0.328561 -0.630309 -0.941879 0.284737 0.178294 -0.245281 0.257496 0.270993 0.927501 0.383199 0.125644 -0.069615 0.98963 0.379766 -0.992075 -0.00885837 0.125331 -0.479092 4.15706e-05 -0.997535 -0.0701764 0.43477 
1535170948346 0.215812 0.919501 -0.328548 -0.629901 -0.941827 0.284813 0.178446 -0.245087 0.257656 0.270924 0.927477 0.383323 0.126136 -0.0698665 0.98955 0.379831 -0.992012 -0.0100321 0.125742 -0.479241 0.00114206 -0.997506 -0.0705739 0.434762 
1535170948352 0.215846 0.919498 -0.328534 -0.629494 -0.941776 0.284888 0.178598 -0.244894 0.257816 0.270855 0.927453 0.383448 0.12663 -0.0701174 0.989469 0.379896 -0.991948 -0.0112059 0.126153 -0.47939 0.00224239 -0.997476 -0.0709718 0.434754 
1535170948392 0.21588 0.919495 -0.32852 -0.629086 -0.941724 0.284963 0.17875 -0.2447 0.257976 0.270787 0.927428 0.383573 0.127123 -0.0703677 0.989388 0.379961 -0.991881 -0.0123798 0.126563 -0.479539 0.00334249 -0.997444 -0.0713702 0.434747 
1535170948399 0.215913 0.919492 -0.328506 -0.628679 -0.941673 0.285038 0.178902 -0.244506 0.258136 0.270718 0.927404 0.383698 0.127617 -0.0706174 0.989306 0.380026 -0.991814 -0.0135538 0.126973 -0.479687 0.00444242 -0.997411 -0.071769 0.434739 
1535170948523 0.215947 0.919489 -0.328492 -0.628271 -0.941621 0.285113 0.179054 -0.244312 0.258295 0.270649 0.927379 0.383823 0.12811 -0.0708665 0.989225 0.380092 -0.991744 -0.0147279 0.127382 -0.479836 0.00554211 -0.997377 -0.0721683 0.434731 
1535170948738 0.215981 0.919486 -0.328478 -0.627864 -0.941569 0.285188 0.179206 -0.244118 0.258455 0.27058 0.927355 0.383947 0.128604 -0.071115 0.989143 0.380157 -0.991674 -0.015902 0.12779 -0.479985 0.0066416 -0.997341 -0.072568 0.434724 
1535170949016 0.215607 0.919532 -0.328594 -0.628119 -0.941719 0.284792 0.179048 -0.244139 0.258221 0.27084 0.927344 0.383761 0.128154 -0.0709417 0.989214 0.380121 -0.991739 -0.0147779 0.127421 -0.479823 0.00557903 -0.997371 -0.0722495 0.434728 
1535170949027 0.215589 0.919515 -0.328653 -0.627852 -0.941648 0.284865 0.179305 -0.24406 0.258496 0.27082 0.927274 0.383873 0.128414 -0.0713723 0.989149 0.380183 -0.991703 -0.015207 0.127648 -0.479951 0.00593145 -0.997334 -0.0727329 0.434733 
1535170949043 0.215571 0.919498 -0.328712 -0.62758 -0.941577 0.284939 0.179562 -0.243979 0.25877 0.2708 0.927203 0.383987 0.128675 -0.0718031 0.989084 0.380245 -0.991667 -0.0156364 0.127876 -0.480081 0.00628388 -0.997296 -0.0732167 0.434739 
1535170949119 0.215553 0.919482 -0.328771 -0.627309 -0.941506 0.285013 0.179818 -0.243898 0.259044 0.270779 0.927133 0.3841 0.128937 -0.0722337 0.989019 0.380308 -0.991631 -0.016066 0.128104 -0.480211 0.00663617 -0.997258 -0.0737007 0.434744 
1535170949193 0.215536 0.919465 -0.32883 -0.627037 -0.941434 0.285086 0.180075 -0.243817 0.259318 0.270759 0.927062 0.384213 0.129198 -0.0726643 0.988953 0.38037 -0.991594 -0.0164956 0.128331 -0.480341 0.00698831 -0.99722 -0.0741847 0.43475 
1535170949303 0.215518 0.919448 -0.328889 -0.626765 -0.941363 0.28516 0.180332 -0.243736 0.259592 0.270739 0.926991 0.384326 0.12946 -0.0730946 0.988887 0.380433 -0.991557 -0.0169254 0.128559 -0.48047 0.00734035 -0.997181 -0.0746687 0.434755 
1535170949399 0.2155 0.919431 -0.328948 -0.626494 -0.941292 0.285233 0.180588 -0.243655 0.259865 0.270719 0.92692 0.384439 0.129722 -0.0735249 0.988821 0.380495 -0.991521 -0.0173552 0.128786 -0.4806 0.00769225 -0.997142 -0.0751528 0.43476 
1535170949444 0.215482 0.919414 -0.329007 -0.626221 -0.94122 0.285307 0.180845 -0.243573 0.260139 0.270699 0.926849 0.384553 0.129984 -0.073955 0.988754 0.380558 -0.991483 -0.0177852 0.129013 -0.48073 0.00804404 -0.997103 -0.075637 0.434766 
1535170949585 0.215464 0.919397 -0.329066 -0.62595 -0.941148 0.285381 0.181101 -0.243492 0.260413 0.270679 0.926778 0.384666 0.130246 -0.074385 0.988687 0.38062 -0.991446 -0.0182152 0.129239 -0.480859 0.00839568 -0.997063 -0.0761212 0.434771 
1535170949604 0.215446 0.91938 -0.329125 -0.625679 -0.941077 0.285454 0.181358 -0.243412 0.260687 0.270659 0.926707 0.384779 0.130509 -0.0748149 0.98862 0.380682 -0.991409 -0.0186453 0.129466 -0.480989 0.00874719 -0.997023 -0.0766055 0.434777 
1535170949870 0.215393 0.919407 -0.329085 -0.625933 -0.941204 0.285277 0.180977 -0.24341 0.260272 0.270754 0.926796 0.384648 0.130219 -0.0742665 0.9887 0.380618 -0.991451 -0.0180599 0.129224 -0.480789 0.00825876 -0.997075 -0.0759833 0.434771 
1535170949883 0.215354 0.919345 -0.329283 -0.625537 -0.941145 0.285349 0.181167 -0.243264 0.260516 0.270888 0.926688 0.384792 0.130125 -0.0744552 0.988698 0.380651 -0.991468 -0.0175246 0.12917 -0.480854 0.00770917 -0.99707 -0.0761003 0.434768 
1535170949907 0.215315 0.919283 -0.329482 -0.625136 -0.941087 0.285422 0.181357 -0.243116 0.260759 0.271022 0.926581 0.384938 0.130049 -0.0746616 0.988692 0.380687 -0.991482 -0.016994 0.129133 -0.480923 0.00716054 -0.997064 -0.0762357 0.434763 
1535170949963 0.215275 0.919221 -0.32968 -0.624735 -0.941028 0.285494 0.181546 -0.242969 0.261003 0.271156 0.926473 0.385083 0.129973 -0.0748678 0.988687 0.380722 -0.991495 -0.0164633 0.129096 -0.480993 0.00661199 -0.997058 -0.0763708 0.434757 
1535170949970 0.215236 0.919159 -0.329879 -0.624334 -0.94097 0.285567 0.181735 -0.24282 0.261246 0.27129 0.926365 0.385228 0.129897 -0.0750739 0.988681 0.380758 -0.991509 -0.0159327 0.129059 -0.481063 0.00606348 -0.997051 -0.076506 0.434751 
1535170950095 0.215197 0.919097 -0.330078 -0.623933 -0.940911 0.285639 0.181925 -0.242672 0.26149 0.271424 0.926257 0.385374 0.129821 -0.0752799 0.988676 0.380793 -0.991522 -0.0154022 0.129022 -0.481132 0.005515 -0.997043 -0.0766412 0.434745 
1535170950130 0.215157 0.919035 -0.330276 -0.623533 -0.940852 0.285712 0.182114 -0.242525 0.261733 0.271558 0.926149 0.385519 0.129744 -0.0754859 0.98867 0.380829 -0.991535 -0.0148715 0.128984 -0.481202 0.00496648 -0.997036 -0.0767764 0.43474 
1535170950204 0.215118 0.918973 -0.330475 -0.623131 -0.940794 0.285785 0.182303 -0.242376 0.261976 0.271692 0.926041 0.385664 0.129668 -0.0756919 0.988664 0.380864 -0.991548 -0.0143409 0.128948 -0.481272 0.00441803 -0.997028 -0.0769117 0.434734 
1535170950259 0.215079 0.91891 -0.330674 -0.622731 -0.940735 0.285857 0.182492 -0.242228 0.26222 0.271826 0.925933 0.38581 0.129591 -0.0758978 0.988659 0.3809 -0.99156 -0.0138102 0.128911 -0.481342 0.00386952 -0.99702 -0.0770469 0.434728 
1535170950266 0.215039 0.918848 -0.330872 -0.62233 -0.940676 0.28593 0.182682 -0.242081 0.262463 0.27196 0.925825 0.385955 0.129514 -0.0761037 0.988653 0.380935 -0.991572 -0.0132795 0.128874 -0.481411 0.00332105 -0.997011 -0.0771822 0.434723 
1535170950411 0.214817 0.919269 -0.329846 -0.624156 -0.941063 0.285169 0.181875 -0.242676 0.261254 0.271336 0.926349 0.385243 0.129712 -0.0755639 0.988668 0.380831 -0.991541 -0.0145875 0.128974 -0.481234 0.00467647 -0.997034 -0.0768168 0.434724 
1535170950424 0.21486 0.919106 -0.330273 -0.623795 -0.940922 0.28543 0.182195 -0.242547 0.261726 0.271614 0.926134 0.3854 0.130095 -0.0755701 0.988618 0.380862 -0.991485 -0.01566 0.129275 -0.48138 0.00571239 -0.997018 -0.0769639 0.434737 
1535170950432 0.214902 0.918942 -0.330699 -0.623429 -0.940781 0.285691 0.182514 -0.242415 0.262197 0.271893 0.925919 0.385559 0.130478 -0.0755758 0.988567 0.380894 -0.991428 -0.016732 0.129577 -0.481528 0.0067478 -0.997 -0.0771112 0.434751 
1535170950607 0.214945 0.918779 -0.331126 -0.623063 -0.94064 0.285952 0.182832 -0.242283 0.262668 0.272172 0.925704 0.385717 0.130862 -0.0755812 0.988515 0.380926 -0.99137 -0.017804 0.129878 -0.481676 0.00778313 -0.996981 -0.0772588 0.434764 
1535170950613 0.214987 0.918615 -0.331553 -0.622697 -0.940499 0.286213 0.18315 -0.242152 0.263139 0.27245 0.925488 0.385875 0.131245 -0.0755862 0.988464 0.380957 -0.991311 -0.0188759 0.130179 -0.481823 0.00881838 -0.996961 -0.0774068 0.434777 
1535170950661 0.21503 0.918451 -0.33198 -0.62233 -0.940357 0.286474 0.183468 -0.24202 0.26361 0.272729 0.925272 0.386034 0.131628 -0.0755908 0.988413 0.380989 -0.99125 -0.0199479 0.130481 -0.481971 0.00985359 -0.996939 -0.0775551 0.43479 
1535170950780 0.215071 0.918287 -0.332407 -0.621965 -0.940216 0.286735 0.183786 -0.241888 0.264081 0.273007 0.925056 0.386192 0.132012 -0.0755949 0.988361 0.38102 -0.991188 -0.0210198 0.130782 -0.482118 0.0108887 -0.996917 -0.0777037 0.434804 
1535170950953 0.215113 0.918122 -0.332833 -0.621598 -0.940074 0.286997 0.184104 -0.241756 0.264552 0.273285 0.924839 0.38635 0.132395 -0.0755986 0.98831 0.381052 -0.991125 -0.0220917 0.131083 -0.482266 0.0119238 -0.996894 -0.0778525 0.434817 
1535170950959 0.215155 0.917958 -0.33326 -0.621232 -0.939932 0.287258 0.184422 -0.241625 0.265023 0.273562 0.924622 0.386509 0.132779 -0.0756019 0.988258 0.381084 -0.991061 -0.0231636 0.131383 -0.482413 0.0129588 -0.996869 -0.0780018 0.43483 
1535170951111 0.215196 0.917793 -0.333686 -0.620867 -0.939789 0.28752 0.184739 -0.241493 0.265494 0.27384 0.924405 0.386667 0.133162 -0.0756048 0.988206 0.381115 -0.990995 -0.0242354 0.131684 -0.482561 0.0139937 -0.996843 -0.0781513 0.434844 
1535170951263 0.214737 0.918233 -0.33277 -0.621475 -0.940163 0.286628 0.184224 -0.241504 0.264542 0.273298 0.924838 0.386333 0.132688 -0.0756529 0.988266 0.381064 -0.991075 -0.0230215 0.131302 -0.482419 0.012818 -0.996868 -0.0780324 0.434798 
1535170951279 0.214749 0.918268 -0.332666 -0.621172 -0.940115 0.286665 0.184408 -0.241425 0.264699 0.273143 0.924839 0.386429 0.132955 -0.0747292 0.988301 0.381059 -0.991033 -0.0233787 0.131555 -0.482521 0.0132742 -0.99693 -0.0771674 0.434686 
1535170951307 0.214763 0.918302 -0.332563 -0.620864 -0.940068 0.286702 0.184591 -0.241343 0.264856 0.272989 0.92484 0.386525 0.133222 -0.0738055 0.988334 0.381054 -0.990991 -0.023735 0.131807 -0.482624 0.01373 -0.99699 -0.0763026 0.434574 
1535170951313 0.214776 0.918337 -0.332459 -0.620557 -0.940021 0.286739 0.184774 -0.241262 0.265014 0.272834 0.92484 0.386622 0.133488 -0.0728816 0.988367 0.381049 -0.990949 -0.024091 0.13206 -0.482727 0.014186 -0.99705 -0.0754378 0.434462 
1535170951416 0.214789 0.918371 -0.332356 -0.62025 -0.939974 0.286776 0.184957 -0.24118 0.265171 0.272679 0.924841 0.386718 0.133754 -0.0719576 0.988399 0.381044 -0.990906 -0.0244468 0.132313 -0.48283 0.0146423 -0.997108 -0.0745731 0.43435 
1535170951507 0.214802 0.918405 -0.332252 -0.619943 -0.939926 0.286813 0.18514 -0.241099 0.265328 0.272524 0.924841 0.386815 0.134019 -0.0710334 0.98843 0.381039 -0.990864 -0.0248024 0.132566 -0.482933 0.0150987 -0.997166 -0.0737084 0.434237 
1535170951516 0.214815 0.91844 -0.332149 -0.619635 -0.939879 0.28685 0.185323 -0.241017 0.265485 0.27237 0.924842 0.386911 0.134283 -0.0701091 0.98846 0.381034 -0.990821 -0.0251576 0.13282 -0.483037 0.0155554 -0.997222 -0.0728438 0.434125 
1535170951610 0.214828 0.918474 -0.332046 -0.619329 -0.939832 0.286887 0.185506 -0.240936 0.265642 0.272215 0.924842 0.387008 0.134548 -0.0691846 0.988489 0.381029 -0.990778 -0.0255127 0.133074 -0.48314 0.0160124 -0.997278 -0.0719792 0.434013 
1535170951616 0.214841 0.918508 -0.331942 -0.61902 -0.939784 0.286924 0.185689 -0.240854 0.265799 0.27206 0.924843 0.387104 0.134812 -0.06826 0.988517 0.381024 -0.990734 -0.0258675 0.133328 -0.483243 0.0164695 -0.997332 -0.0711148 0.433901 
1535170951747 0.214854 0.918543 -0.331839 -0.618714 -0.939737 0.286961 0.185872 -0.240773 0.265956 0.271906 0.924843 0.387201 0.135075 -0.0673352 0.988545 0.381019 -0.990691 -0.0262221 0.133582 -0.483346 0.0169269 -0.997386 -0.0702503 0.433789 
1535170952053 0.2149 0.918507 -0.331907 -0.618934 -0.939759 0.286984 0.185723 -0.24091 0.26584 0.272001 0.924848 0.387122 0.134857 -0.068018 0.988528 0.38104 -0.990732 -0.0256185 0.133395 -0.483226 0.0162513 -0.997355 -0.0708424 0.433806 
1535170952065 0.214874 0.918404 -0.332211 -0.618743 -0.939717 0.28707 0.185804 -0.240838 0.266011 0.272259 0.924723 0.387221 0.134173 -0.0675809 0.988651 0.381036 -0.990844 -0.0243059 0.132809 -0.483202 0.0150547 -0.997418 -0.0702233 0.433723 
1535170952073 0.214847 0.9183 -0.332514 -0.618547 -0.939675 0.287156 0.185884 -0.240764 0.266181 0.272519 0.924598 0.387321 0.13349 -0.067143 0.988773 0.381031 -0.990953 -0.0229939 0.132223 -0.483176 0.0138579 -0.997478 -0.069605 0.433639 
1535170952129 0.21482 0.918196 -0.332818 -0.618351 -0.939633 0.287242 0.185964 -0.24069 0.266351 0.272778 0.924473 0.387421 0.132806 -0.0667043 0.988895 0.381026 -0.991061 -0.021682 0.131634 -0.483151 0.0126607 -0.997537 -0.0689875 0.433555 
1535170952259 0.214793 0.918092 -0.333122 -0.618154 -0.939591 0.287328 0.186044 -0.240615 0.266521 0.273037 0.924347 0.387522 0.132123 -0.0662646 0.989016 0.381021 -0.991167 -0.0203704 0.131045 -0.483125 0.011463 -0.997594 -0.0683707 0.433472 
1535170952279 0.214767 0.917988 -0.333425 -0.617958 -0.939549 0.287413 0.186124 -0.240541 0.26669 0.273296 0.924222 0.387622 0.131439 -0.0658241 0.989136 0.381015 -0.991271 -0.0190589 0.130455 -0.483099 0.0102648 -0.997649 -0.0677546 0.433388 
1535170952437 0.21474 0.917884 -0.333729 -0.617762 -0.939506 0.287499 0.186204 -0.240467 0.26686 0.273555 0.924096 0.387722 0.130758 -0.0653825 0.989256 0.381011 -0.991373 -0.0177478 0.129865 -0.483073 0.00906622 -0.997702 -0.0671391 0.433304 
1535170952472 0.214713 0.91778 -0.334032 -0.617565 -0.939464 0.287585 0.186284 -0.240392 0.26703 0.273814 0.92397 0.387822 0.130075 -0.0649401 0.989375 0.381005 -0.991473 -0.0164367 0.129272 -0.483047 0.00786714 -0.997754 -0.0665243 0.433221 
1535170952632 0.214686 0.917676 -0.334336 -0.61737 -0.939422 0.287671 0.186363 -0.240318 0.2672 0.274073 0.923844 0.387922 0.129395 -0.0644967 0.989493 0.381001 -0.991571 -0.0151261 0.12868 -0.483022 0.00666773 -0.997803 -0.0659102 0.433137 
1535170952656 0.214659 0.917572 -0.334639 -0.617174 -0.93938 0.287757 0.186443 -0.240244 0.26737 0.274332 0.923718 0.388022 0.128714 -0.0640524 0.989611 0.380996 -0.991667 -0.0138157 0.128087 -0.482996 0.00546785 -0.997851 -0.0652969 0.433054 
1535170952936 0.214648 0.917699 -0.334297 -0.617378 -0.939415 0.287644 0.186442 -0.240265 0.267256 0.274024 0.923842 0.387952 0.12943 -0.0644846 0.98949 0.381006 -0.991568 -0.0149044 0.12873 -0.482971 0.00644662 -0.997807 -0.0658699 0.433116 
1535170952946 0.214844 0.917684 -0.334213 -0.617109 -0.939393 0.287787 0.186331 -0.240145 0.267175 0.273925 0.923895 0.388037 0.129091 -0.0647645 0.989516 0.380988 -0.991625 -0.0122603 0.128564 -0.483033 0.00380534 -0.997825 -0.0658048 0.433114 
1535170952953 0.21504 0.917668 -0.33413 -0.616837 -0.939371 0.28793 0.186219 -0.240022 0.267094 0.273827 0.923948 0.388122 0.128751 -0.0650437 0.989542 0.380969 -0.991676 -0.00961569 0.128397 -0.483093 0.00116371 -0.997836 -0.0657403 0.433112 
1535170952964 0.215237 0.917652 -0.334047 -0.616564 -0.93935 0.288073 0.186108 -0.2399 0.267012 0.27373 0.924 0.388207 0.128411 -0.0653219 0.989567 0.380951 -0.99172 -0.0069711 0.12823 -0.483154 -0.00147789 -0.99784 -0.0656762 0.43311 
1535170953167 0.215433 0.917636 -0.333964 -0.616291 -0.939328 0.288217 0.185996 -0.239777 0.266931 0.273632 0.924053 0.388292 0.12807 -0.0655993 0.989593 0.380933 -0.991757 -0.00432633 0.128063 -0.483215 -0.00411955 -0.997837 -0.0656126 0.433108 
1535170953195 0.215629 0.917621 -0.333881 -0.616019 -0.939306 0.28836 0.185884 -0.239655 0.266849 0.273534 0.924105 0.388378 0.127728 -0.0658758 0.989619 0.380914 -0.991786 -0.00168147 0.127896 -0.483276 -0.00676121 -0.997826 -0.0655495 0.433106 
1535170953305 0.215825 0.917605 -0.333798 -0.615746 -0.939284 0.288503 0.185773 -0.239532 0.266768 0.273436 0.924158 0.388463 0.127385 -0.0661513 0.989645 0.380896 -0.991809 0.000963378 0.127728 -0.483337 -0.00940281 -0.997809 -0.0654868 0.433103 
1535170953479 0.216022 0.917589 -0.333714 -0.615474 -0.939262 0.288646 0.185661 -0.23941 0.266686 0.273339 0.92421 0.388548 0.127042 -0.066426 0.989671 0.380877 -0.991824 0.00360828 0.127561 -0.483398 -0.0120444 -0.997785 -0.0654245 0.433101 
1535170953507 0.216218 0.917573 -0.333631 -0.6152 -0.93924 0.28879 0.185549 -0.239287 0.266604 0.273241 0.924263 0.388634 0.126698 -0.0666997 0.989696 0.380859 -0.991833 0.00625326 0.127393 -0.483459 -0.0146859 -0.997753 -0.0653627 0.433099 
1535170953706 0.216414 0.917557 -0.333548 -0.614928 -0.939218 0.288933 0.185438 -0.239165 0.266523 0.273143 0.924315 0.388719 0.126353 -0.0669725 0.989722 0.380841 -0.991834 0.00889819 0.127225 -0.48352 -0.0173273 -0.997715 -0.0653013 0.433097 
1535170953956 0.216518 0.917529 -0.333556 -0.615109 -0.939141 0.289086 0.185588 -0.239355 0.266708 0.273073 0.924282 0.388693 0.126511 -0.0667457 0.989717 0.380829 -0.991838 0.00743997 0.127284 -0.483524 -0.0158591 -0.997742 -0.0652597 0.433095 
1535170953969 0.216557 0.917463 -0.333715 -0.614794 -0.939068 0.289221 0.18575 -0.239257 0.266935 0.273156 0.924192 0.388804 0.126188 -0.0666886 0.989762 0.380816 -0.99185 0.00923832 0.127076 -0.483607 -0.0176183 -0.997731 -0.0649794 0.433035 
1535170953981 0.216595 0.917395 -0.333875 -0.614474 -0.938994 0.289355 0.185912 -0.239157 0.267163 0.273239 0.924102 0.388917 0.125863 -0.0666312 0.989807 0.380804 -0.991858 0.0110365 0.126867 -0.48369 -0.0193773 -0.997717 -0.0646996 0.432975 
1535170953988 0.216633 0.917328 -0.334034 -0.614155 -0.938921 0.289489 0.186075 -0.239057 0.267391 0.273322 0.924012 0.389029 0.125539 -0.0665732 0.989853 0.380791 -0.991864 0.0128346 0.126657 -0.483772 -0.0211364 -0.997699 -0.0644203 0.432915 
1535170954166 0.216671 0.917261 -0.334194 -0.613835 -0.938847 0.289624 0.186237 -0.238957 0.267619 0.273405 0.923921 0.389141 0.125214 -0.0665147 0.989898 0.380778 -0.991865 0.0146327 0.126447 -0.483855 -0.0228955 -0.997678 -0.0641414 0.432855 
1535170954258 0.216709 0.917194 -0.334353 -0.613517 -0.938773 0.289758 0.1864 -0.238858 0.267846 0.273488 0.923831 0.389254 0.12489 -0.0664555 0.989942 0.380765 -0.991864 0.0164308 0.126236 -0.483938 -0.0246546 -0.997654 -0.0638628 0.432795 
1535170954264 0.216747 0.917127 -0.334513 -0.613196 -0.9387 0.289892 0.186562 -0.238757 0.268074 0.273571 0.92374 0.389366 0.124566 -0.0663958 0.989987 0.380752 -0.99186 0.0182288 0.126024 -0.48402 -0.0264137 -0.997627 -0.0635846 0.432735 
1535170954421 0.216785 0.91706 -0.334673 -0.612877 -0.938626 0.290026 0.186725 -0.238658 0.268302 0.273653 0.923649 0.389478 0.124242 -0.0663354 0.990032 0.38074 -0.991852 0.0200267 0.125812 -0.484103 -0.0281728 -0.997596 -0.0633067 0.432675 
1535170954523 0.216823 0.916992 -0.334833 -0.612557 -0.938552 0.290161 0.186887 -0.238557 0.26853 0.273736 0.923558 0.389591 0.123918 -0.0662745 0.990077 0.380727 -0.991841 0.0218245 0.1256 -0.484186 -0.0299319 -0.997563 -0.0630293 0.432615 
1535170954529 0.21686 0.916925 -0.334992 -0.612238 -0.938478 0.290295 0.18705 -0.238457 0.268757 0.273819 0.923468 0.389703 0.123594 -0.0662129 0.990121 0.380714 -0.991827 0.0236222 0.125387 -0.484268 -0.0316911 -0.997526 -0.0627522 0.432555 
1535170954800 0.21646 0.917139 -0.334665 -0.612507 -0.938672 0.28975 0.186922 -0.238362 0.268403 0.27368 0.923612 0.389602 0.12394 -0.0664161 0.990065 0.380722 -0.991842 0.0216874 0.125617 -0.484177 -0.0298149 -0.997556 -0.0631863 0.432606 
1535170954811 0.216672 0.917109 -0.334612 -0.612179 -0.938619 0.289942 0.186889 -0.238214 0.268416 0.27358 0.923638 0.389699 0.123942 -0.0670156 0.990024 0.380731 -0.991872 0.0205727 0.125566 -0.484318 -0.0287824 -0.99754 -0.0639211 0.432689 
1535170954828 0.216884 0.917078 -0.334559 -0.611846 -0.938566 0.290133 0.186857 -0.238064 0.268429 0.27348 0.923664 0.389796 0.123946 -0.0676152 0.989983 0.38074 -0.991901 0.0194574 0.125515 -0.484459 -0.0277493 -0.997522 -0.0646559 0.432771 
1535170954912 0.217096 0.917047 -0.334506 -0.611514 -0.938514 0.290325 0.186825 -0.237914 0.268443 0.27338 0.923689 0.389894 0.123951 -0.0682148 0.989941 0.380749 -0.991929 0.0183422 0.125464 -0.484601 -0.0267161 -0.997502 -0.0653907 0.432854 
