1535142855724 0.209161 0.918365 -0.335942 -0.472404 -0.944067 0.279198 0.175459 -0.171775 0.25493 0.280452 0.925396 0.475014 0.179112 -0.0366779 0.983145 0.380559 -0.982906 -0.0499461 0.177205 -0.49665 0.0426048 -0.998078 -0.0449969 0.428268 
1535142855739 0.213842 0.919281 -0.330444 -0.488631 -0.943617 0.281892 0.173562 -0.178802 0.252702 0.274697 0.92773 0.46477 0.177597 -0.0452592 0.983062 0.380942 -0.983842 -0.0311997 0.176302 -0.495504 0.022692 -0.998488 -0.0500688 0.42934 
1535142855745 0.218507 0.920152 -0.324923 -0.504859 -0.94315 0.284592 0.171682 -0.185831 0.250444 0.268937 0.930027 0.454525 0.175911 -0.0538081 0.982934 0.381323 -0.984402 -0.0124339 0.175493 -0.494353 0.00277873 -0.998474 -0.0551561 0.430412 
1535142856599 0.223154 0.920977 -0.319381 -0.521087 -0.942667 0.2873 0.169817 -0.192859 0.248156 0.263175 0.932286 0.444281 0.174054 -0.0623209 0.982762 0.381704 -0.984587 0.0063433 0.174779 -0.493202 -0.0171264 -0.998036 -0.0602563 0.431484 
1535142857071 0.227786 0.921754 -0.313819 -0.537315 -0.942166 0.290016 0.167968 -0.199887 0.245838 0.257409 0.934508 0.434037 0.172027 -0.070794 0.982545 0.382086 -0.984397 0.0251239 0.174161 -0.49205 -0.0370149 -0.997175 -0.0653673 0.432556 
1535142857237 0.2324 0.922486 -0.308236 -0.553542 -0.941649 0.292739 0.166135 -0.206914 0.243491 0.25164 0.936691 0.423793 0.169832 -0.0792235 0.982283 0.382467 -0.98383 0.0438996 0.17364 -0.4909 -0.0568782 -0.99589 -0.0704869 0.433628 
1535142858095 0.236997 0.923171 -0.302634 -0.569769 -0.941115 0.29547 0.164318 -0.213942 0.241113 0.24587 0.938836 0.413548 0.167469 -0.0876062 0.981977 0.382848 -0.982889 0.0626629 0.173214 -0.489747 -0.0767082 -0.994182 -0.075613 0.434699 
1535142858436 0.241577 0.92381 -0.297012 -0.585996 -0.940563 0.298209 0.162517 -0.22097 0.238706 0.240098 0.940942 0.403304 0.164938 -0.0959383 0.981627 0.38323 -0.981572 0.0814056 0.172885 -0.488595 -0.0964962 -0.992053 -0.0807434 0.435771 
1535142858702 0.246139 0.924402 -0.29137 -0.602225 -0.939996 0.300954 0.160732 -0.227999 0.23627 0.234324 0.94301 0.39306 0.162242 -0.104216 0.981232 0.383611 -0.979881 0.10012 0.172653 -0.487442 -0.116234 -0.989502 -0.0858759 0.436843 
1535142858708 0.250684 0.924947 -0.285709 -0.618453 -0.939411 0.303706 0.158964 -0.235027 0.233805 0.228549 0.94504 0.382815 0.159382 -0.112437 0.980793 0.383992 -0.977817 0.118797 0.172517 -0.48629 -0.135913 -0.986532 -0.0910082 0.437915 
1535142860132 0.24226 0.923537 -0.297302 -0.585792 -0.940355 0.298943 0.162376 -0.221083 0.238837 0.240233 0.940875 0.403876 0.159674 -0.111888 0.980808 0.384016 -0.977889 0.11799 0.172659 -0.486428 -0.135044 -0.986691 -0.090574 0.437945 
1535142860156 0.243563 0.923747 -0.295583 -0.590677 -0.940206 0.299693 0.161853 -0.223178 0.238095 0.238488 0.941506 0.400746 0.163183 -0.113607 0.980033 0.384085 -0.978235 0.110413 0.175683 -0.486703 -0.128167 -0.987371 -0.0931168 0.43851 
1535142860496 0.244863 0.923952 -0.293862 -0.595566 -0.940057 0.300443 0.161332 -0.225275 0.237352 0.236742 0.942134 0.397616 0.166705 -0.115297 0.979243 0.384155 -0.978518 0.102824 0.178688 -0.486982 -0.121292 -0.987995 -0.0956794 0.439075 
1535142860826 0.246162 0.924153 -0.292138 -0.600456 -0.939905 0.301193 0.160812 -0.227373 0.236605 0.234997 0.942759 0.394485 0.170236 -0.11696 0.978438 0.384226 -0.978738 0.0952249 0.181671 -0.487261 -0.11442 -0.988561 -0.0982626 0.43964 
1535142861177 0.247459 0.92435 -0.290414 -0.605345 -0.939753 0.301944 0.160294 -0.229471 0.235856 0.233251 0.94338 0.391354 0.173777 -0.118595 0.977618 0.384296 -0.978894 0.0876154 0.184632 -0.48754 -0.107551 -0.98907 -0.100866 0.440204 
1535142861184 0.248755 0.924543 -0.288687 -0.610234 -0.939599 0.302696 0.159777 -0.231568 0.235105 0.231505 0.943997 0.388224 0.177327 -0.120201 0.976784 0.384366 -0.978988 0.0799963 0.187572 -0.487818 -0.100685 -0.989521 -0.10349 0.440769 
1535142861593 0.250049 0.924732 -0.286959 -0.615124 -0.939444 0.303448 0.159261 -0.233665 0.234351 0.229759 0.944611 0.385093 0.180886 -0.12178 0.975935 0.384436 -0.979018 0.0723684 0.190488 -0.488097 -0.0938245 -0.989915 -0.106134 0.441334 
1535142861632 0.251341 0.924917 -0.285229 -0.620013 -0.939287 0.304201 0.158747 -0.235763 0.233595 0.228013 0.945222 0.381963 0.184455 -0.12333 0.975072 0.384506 -0.978986 0.0647315 0.193383 -0.488376 -0.0869679 -0.990252 -0.108798 0.441899 
1535142861639 0.252632 0.925098 -0.283498 -0.624902 -0.93913 0.304955 0.158234 -0.23786 0.232836 0.226266 0.945828 0.378832 0.188032 -0.124852 0.974195 0.384577 -0.97889 0.0570868 0.196255 -0.488655 -0.0801165 -0.990532 -0.111482 0.442464 
1535142861985 0.253921 0.925274 -0.281765 -0.629792 -0.93897 0.30571 0.157722 -0.239958 0.232074 0.22452 0.946431 0.375701 0.191618 -0.126346 0.973303 0.384647 -0.978731 0.0494347 0.199103 -0.488934 -0.0732708 -0.990754 -0.114186 0.443029 
1535142862864 0.254726 0.92499 -0.281971 -0.62953 -0.938757 0.30651 0.15744 -0.24023 0.232058 0.224598 0.946417 0.376132 0.191255 -0.12611 0.973405 0.384611 -0.978717 0.0506671 0.198863 -0.488805 -0.0743982 -0.990722 -0.113735 0.442872 
1535142862876 0.254156 0.924854 -0.282932 -0.629673 -0.938844 0.306194 0.157537 -0.240348 0.232331 0.22559 0.946114 0.37615 0.193996 -0.127198 0.972721 0.384687 -0.978739 0.0422231 0.200717 -0.489113 -0.0666021 -0.990978 -0.116302 0.443289 
1535142862964 0.253587 0.924716 -0.283891 -0.629816 -0.93893 0.305879 0.157634 -0.240465 0.232603 0.22658 0.94581 0.376167 0.196746 -0.128262 0.972029 0.384765 -0.978689 0.0337739 0.202551 -0.489426 -0.0588088 -0.991165 -0.118884 0.443707 
1535142863026 0.253018 0.924577 -0.284851 -0.62996 -0.939016 0.305565 0.157732 -0.240583 0.232876 0.22757 0.945506 0.376185 0.199503 -0.129302 0.971329 0.384843 -0.978568 0.0253205 0.20436 -0.489738 -0.0510188 -0.991282 -0.121479 0.444125 
1535142863204 0.252448 0.924436 -0.28581 -0.630103 -0.939102 0.30525 0.15783 -0.240701 0.233147 0.22856 0.9452 0.376202 0.202267 -0.130318 0.970621 0.38492 -0.978376 0.0168635 0.206147 -0.490052 -0.0432327 -0.991329 -0.124089 0.444542 
1535142863269 0.251879 0.924295 -0.286769 -0.630247 -0.939187 0.304936 0.157928 -0.240818 0.233418 0.229551 0.944893 0.37622 0.205038 -0.13131 0.969906 0.384998 -0.978112 0.00840355 0.20791 -0.490363 -0.0354513 -0.991306 -0.126713 0.44496 
1535142863381 0.251309 0.924152 -0.287727 -0.63039 -0.939273 0.304621 0.158027 -0.240936 0.233688 0.23054 0.944585 0.376238 0.207816 -0.132277 0.969183 0.385076 -0.977776 -5.88975e-05 0.20965 -0.490677 -0.0276749 -0.991213 -0.12935 0.445378 
1535142863442 0.250738 0.924009 -0.288684 -0.630533 -0.939358 0.304306 0.158126 -0.241054 0.233958 0.23153 0.944276 0.376255 0.2106 -0.13322 0.968452 0.385153 -0.97737 -0.00852288 0.211366 -0.49099 -0.0199042 -0.99105 -0.132 0.445795 
1535142863447 0.250167 0.923863 -0.289642 -0.630677 -0.939443 0.303992 0.158225 -0.241171 0.234227 0.23252 0.943966 0.376273 0.21339 -0.134138 0.967715 0.385231 -0.976892 -0.0169881 0.213059 -0.491304 -0.0121398 -0.990817 -0.134664 0.446213 
1535142863612 0.249597 0.923717 -0.2906 -0.63082 -0.939528 0.303677 0.158324 -0.241289 0.234496 0.233509 0.943655 0.37629 0.216186 -0.135032 0.966969 0.385309 -0.976342 -0.0254536 0.214728 -0.491616 -0.00438233 -0.990514 -0.137341 0.446631 
1535142864325 0.250131 0.923944 -0.289415 -0.630646 -0.939481 0.30389 0.158195 -0.241064 0.234114 0.232331 0.944041 0.376262 0.213171 -0.134176 0.967758 0.38518 -0.976919 -0.0154296 0.21305 -0.491145 -0.0136541 -0.990837 -0.134368 0.445894 
1535142864469 0.249477 0.924032 -0.289702 -0.630949 -0.939541 0.303428 0.158724 -0.241313 0.23457 0.232589 0.943864 0.376164 0.213919 -0.132673 0.9678 0.385149 -0.976794 -0.0183518 0.213391 -0.491241 -0.0105503 -0.99099 -0.13352 0.44576 
1535142864639 0.248823 0.924119 -0.289986 -0.631259 -0.939601 0.302965 0.159254 -0.241566 0.235025 0.232845 0.943688 0.376066 0.214664 -0.131167 0.96784 0.385119 -0.97666 -0.0212739 0.213737 -0.491342 -0.00744555 -0.991132 -0.132672 0.445627 
1535142864658 0.248169 0.924205 -0.29027 -0.631567 -0.93966 0.302503 0.159784 -0.241817 0.235481 0.233102 0.943511 0.375967 0.215404 -0.129659 0.967879 0.385088 -0.976515 -0.0241951 0.214085 -0.491442 -0.00434018 -0.991263 -0.131826 0.445494 
1535142864920 0.247514 0.924292 -0.290554 -0.631876 -0.939719 0.302041 0.160314 -0.242069 0.235936 0.233359 0.943333 0.375868 0.216139 -0.128149 0.967916 0.385058 -0.976362 -0.0271156 0.214435 -0.491543 -0.0012341 -0.991384 -0.130981 0.445361 
1535142864944 0.24686 0.924378 -0.290837 -0.632184 -0.939776 0.301578 0.160844 -0.242321 0.236391 0.233616 0.943156 0.37577 0.21687 -0.126637 0.967952 0.385028 -0.976199 -0.0300353 0.214788 -0.491643 0.00187265 -0.991494 -0.130136 0.445227 
1535142865207 0.246205 0.924463 -0.29112 -0.632492 -0.939834 0.301116 0.161374 -0.242572 0.236845 0.233873 0.942978 0.375671 0.217595 -0.125122 0.967986 0.384997 -0.976026 -0.032954 0.215143 -0.491743 0.00497996 -0.991594 -0.129293 0.445094 
1535142865214 0.24555 0.924549 -0.291402 -0.632801 -0.939891 0.300654 0.161904 -0.242825 0.237299 0.234131 0.9428 0.375573 0.218316 -0.123605 0.968019 0.384967 -0.975845 -0.0358721 0.2155 -0.491844 0.00808791 -0.991683 -0.128451 0.444961 
1535142865279 0.244894 0.924633 -0.291685 -0.633109 -0.939947 0.300192 0.162434 -0.243076 0.237754 0.234389 0.942621 0.375474 0.219032 -0.122085 0.96805 0.384937 -0.975653 -0.0387891 0.21586 -0.491943 0.0111964 -0.991761 -0.127609 0.444827 
1535142865478 0.244239 0.924718 -0.291967 -0.633417 -0.940002 0.29973 0.162965 -0.243328 0.238207 0.234647 0.942443 0.375376 0.219743 -0.120564 0.968079 0.384906 -0.975453 -0.0417052 0.216223 -0.492043 0.0143053 -0.991829 -0.126769 0.444694 
1535142865833 0.244796 0.924609 -0.291845 -0.633212 -0.939957 0.300142 0.16247 -0.243302 0.237816 0.23455 0.942566 0.375435 0.218549 -0.122671 0.968085 0.384886 -0.97577 -0.0381208 0.215453 -0.491984 0.0104743 -0.991715 -0.12803 0.44487 
1535142865840 0.244819 0.924837 -0.291102 -0.633391 -0.940149 0.299838 0.161918 -0.243432 0.237031 0.234039 0.94289 0.375289 0.2135 -0.123341 0.969126 0.384773 -0.976943 -0.0266039 0.211836 -0.491521 -0.000345453 -0.992008 -0.126177 0.444426 
1535142865846 0.244844 0.92507 -0.290339 -0.633561 -0.940344 0.299529 0.161356 -0.243541 0.23623 0.233512 0.943222 0.375151 0.208437 -0.123952 0.970149 0.384659 -0.977972 -0.0150804 0.208191 -0.491051 -0.0111754 -0.992174 -0.124365 0.44398 
1535142866061 0.244869 0.925303 -0.289576 -0.633732 -0.940538 0.299221 0.160793 -0.243651 0.235429 0.232984 0.943553 0.375012 0.203364 -0.124503 0.971155 0.384545 -0.978856 -0.00355256 0.204521 -0.49058 -0.0220134 -0.992213 -0.122593 0.443535 
1535142866068 0.244893 0.925535 -0.288813 -0.633901 -0.940732 0.298914 0.160229 -0.24376 0.234628 0.232457 0.943882 0.374873 0.198282 -0.124995 0.972142 0.384431 -0.979594 0.00797743 0.200827 -0.490112 -0.0328576 -0.992125 -0.120862 0.44309 
1535142866274 0.244916 0.925766 -0.28805 -0.634072 -0.940926 0.298606 0.159666 -0.24387 0.233827 0.231929 0.944211 0.374735 0.19319 -0.125427 0.973111 0.384316 -0.980187 0.0195083 0.197109 -0.489642 -0.0437066 -0.991911 -0.119173 0.442645 
1535142866421 0.244939 0.925998 -0.287286 -0.634242 -0.941119 0.298299 0.159102 -0.24398 0.233025 0.2314 0.944539 0.374596 0.18809 -0.125799 0.974062 0.384202 -0.980635 0.0310383 0.193368 -0.489171 -0.0545587 -0.99157 -0.117525 0.4422 
1535142866546 0.244961 0.926228 -0.286523 -0.634412 -0.941311 0.297992 0.158537 -0.244089 0.232223 0.230872 0.944865 0.374457 0.182983 -0.126111 0.974994 0.384088 -0.980937 0.0425655 0.189604 -0.488703 -0.0654123 -0.991102 -0.115918 0.441755 
1535142866658 0.244982 0.926459 -0.285759 -0.634583 -0.941503 0.297686 0.157973 -0.244199 0.231422 0.230343 0.945191 0.374319 0.177869 -0.126364 0.975907 0.383973 -0.981094 0.0540884 0.185818 -0.488232 -0.0762659 -0.990508 -0.114354 0.44131 
1535142866666 0.245003 0.926688 -0.284995 -0.634753 -0.941694 0.29738 0.157408 -0.244308 0.23062 0.229813 0.945516 0.37418 0.17275 -0.126556 0.976802 0.383859 -0.981106 0.0656052 0.182011 -0.487763 -0.0871177 -0.989788 -0.112831 0.440865 
1535142866976 0.245046 0.926504 -0.285557 -0.634602 -0.941488 0.29771 0.158013 -0.244255 0.231413 0.230129 0.945245 0.374351 0.198743 -0.12468 0.972089 0.384534 -0.97952 0.00738568 0.20121 -0.490256 -0.0322664 -0.992169 -0.120659 0.443181 
1535142866989 0.245402 0.926523 -0.285188 -0.63461 -0.941408 0.297975 0.157991 -0.24429 0.231361 0.229707 0.945361 0.374283 0.195488 -0.125196 0.972682 0.384459 -0.979917 0.0148449 0.198853 -0.490002 -0.0393351 -0.992021 -0.11978 0.442903 
1535142866995 0.245759 0.926542 -0.284818 -0.634619 -0.941328 0.298241 0.15797 -0.244325 0.23131 0.229285 0.945476 0.374214 0.192227 -0.125689 0.973268 0.384383 -0.980253 0.0223057 0.196487 -0.489742 -0.0464058 -0.991819 -0.118919 0.442624 
1535142867009 0.246116 0.926561 -0.284449 -0.634627 -0.941247 0.298506 0.157948 -0.24436 0.231258 0.228863 0.94559 0.374146 0.188961 -0.126157 0.973847 0.384307 -0.980527 0.0297665 0.194114 -0.489483 -0.0534768 -0.991564 -0.118076 0.442346 
1535142867116 0.246472 0.92658 -0.284079 -0.634636 -0.941167 0.298771 0.157927 -0.244395 0.231207 0.228441 0.945705 0.374077 0.18569 -0.1266 0.974419 0.384231 -0.980741 0.0372269 0.191732 -0.489223 -0.0605478 -0.991255 -0.117249 0.442067 
1535142867143 0.246829 0.926598 -0.283709 -0.634644 -0.941086 0.299036 0.157906 -0.24443 0.231155 0.228019 0.94582 0.374009 0.182415 -0.127018 0.974983 0.384155 -0.980894 0.0446863 0.189342 -0.488962 -0.0676183 -0.990893 -0.11644 0.441789 
1535142867148 0.247186 0.926616 -0.283339 -0.634653 -0.941005 0.299302 0.157885 -0.244465 0.231103 0.227597 0.945934 0.37394 0.179135 -0.127412 0.975539 0.384079 -0.980985 0.0521441 0.186946 -0.488704 -0.0746877 -0.990478 -0.115648 0.44151 
1535142867273 0.247542 0.926634 -0.282969 -0.634661 -0.940924 0.299567 0.157864 -0.244501 0.23105 0.227175 0.946048 0.373872 0.175851 -0.12778 0.976088 0.384002 -0.981016 0.0596003 0.184541 -0.488443 -0.0817558 -0.99001 -0.114874 0.441232 
1535142867293 0.247898 0.926652 -0.2826 -0.63467 -0.940843 0.299832 0.157843 -0.244536 0.230998 0.226753 0.946162 0.373803 0.172563 -0.128124 0.97663 0.383927 -0.980985 0.0670539 0.18213 -0.488184 -0.088822 -0.989489 -0.114117 0.440953 
1535142867334 0.248255 0.926669 -0.282229 -0.634678 -0.940762 0.300097 0.157823 -0.244571 0.230946 0.226331 0.946276 0.373735 0.169271 -0.128443 0.977164 0.38385 -0.980894 0.0745049 0.179711 -0.487923 -0.0958861 -0.988914 -0.113377 0.440675 
1535142867549 0.247401 0.926639 -0.283078 -0.634632 -0.940978 0.299434 0.157796 -0.244494 0.230983 0.227331 0.946027 0.373878 0.192824 -0.125513 0.973173 0.384468 -0.98018 0.0213124 0.196961 -0.489772 -0.0454619 -0.991863 -0.118916 0.44273 
1535142867564 0.248098 0.926566 -0.282708 -0.634431 -0.940859 0.299974 0.157479 -0.244402 0.23072 0.226918 0.946191 0.373907 0.194179 -0.127608 0.972631 0.384533 -0.980052 0.0175657 0.197965 -0.490047 -0.0423469 -0.991669 -0.121652 0.443109 
1535142867738 0.248794 0.926492 -0.282338 -0.634228 -0.94074 0.300513 0.157161 -0.244309 0.230455 0.226506 0.946354 0.373937 0.195541 -0.129697 0.972082 0.384599 -0.97991 0.0138163 0.198959 -0.490327 -0.039235 -0.991457 -0.12439 0.443489 
1535142867853 0.24949 0.926417 -0.281968 -0.634025 -0.940621 0.301052 0.156844 -0.244217 0.23019 0.226094 0.946517 0.373967 0.196909 -0.13178 0.971525 0.384665 -0.979756 0.0100647 0.199942 -0.490607 -0.0361265 -0.991228 -0.12713 0.443869 
1535142867878 0.250186 0.926342 -0.281598 -0.633821 -0.940501 0.301592 0.156527 -0.244124 0.229925 0.225682 0.94668 0.373997 0.198283 -0.133857 0.970961 0.384732 -0.979588 0.00631081 0.200915 -0.490888 -0.0330214 -0.990981 -0.129873 0.444249 
1535142868093 0.250882 0.926266 -0.281228 -0.633618 -0.94038 0.302132 0.156209 -0.244031 0.229659 0.225271 0.946842 0.374027 0.199664 -0.135927 0.970391 0.384798 -0.979407 0.00255474 0.201877 -0.491169 -0.0299197 -0.990716 -0.132618 0.444629 
1535142868203 0.251577 0.92619 -0.280856 -0.633415 -0.940259 0.302671 0.155893 -0.243938 0.229393 0.224859 0.947004 0.374057 0.201051 -0.137992 0.969813 0.384864 -0.979214 -0.00120326 0.202828 -0.491449 -0.0268218 -0.990433 -0.135365 0.445008 
1535142868248 0.252273 0.926113 -0.280486 -0.633211 -0.940138 0.303211 0.155575 -0.243845 0.229127 0.224448 0.947166 0.374087 0.202444 -0.14005 0.969228 0.384931 -0.979006 -0.00496343 0.203769 -0.49173 -0.0237273 -0.990132 -0.138115 0.445388 
1535142868463 0.252968 0.926036 -0.280114 -0.633008 -0.940016 0.303751 0.155259 -0.243752 0.22886 0.224036 0.947328 0.374117 0.203843 -0.142103 0.968636 0.384997 -0.978786 -0.00872538 0.204699 -0.49201 -0.0206366 -0.989813 -0.140867 0.445768 
1535142868614 0.253663 0.925959 -0.279742 -0.632805 -0.939894 0.30429 0.154943 -0.243659 0.228594 0.223625 0.94749 0.374147 0.205248 -0.144149 0.968036 0.385063 -0.978553 -0.0124892 0.205618 -0.49229 -0.0175496 -0.989477 -0.14362 0.446148 
1535142869046 0.252937 0.926077 -0.280008 -0.632964 -0.940062 0.303667 0.155144 -0.243656 0.228705 0.223983 0.947378 0.374122 0.205014 -0.143695 0.968153 0.38504 -0.978577 -0.0110286 0.205585 -0.492111 -0.0188642 -0.989561 -0.142878 0.445927 
1535142869061 0.25322 0.926013 -0.279963 -0.632578 -0.939949 0.303966 0.155242 -0.243517 0.228855 0.223841 0.947376 0.374246 0.20548 -0.146943 0.967567 0.38514 -0.978431 -0.00941741 0.206357 -0.492359 -0.0212107 -0.9891 -0.145709 0.446295 
1535142869175 0.253521 0.925946 -0.279913 -0.632183 -0.939832 0.304281 0.155334 -0.243376 0.229003 0.223691 0.947375 0.374373 0.205938 -0.15019 0.966971 0.38524 -0.978281 -0.00780878 0.207134 -0.49261 -0.0235586 -0.988626 -0.148536 0.446664 
1535142869313 0.253822 0.925879 -0.279862 -0.631789 -0.939715 0.304596 0.155426 -0.243234 0.229151 0.22354 0.947375 0.374499 0.206389 -0.153436 0.966365 0.38534 -0.978127 -0.00620272 0.207916 -0.49286 -0.0259078 -0.988139 -0.151361 0.447032 
1535142869432 0.254123 0.925811 -0.279812 -0.631394 -0.939597 0.304911 0.155519 -0.243092 0.229299 0.223389 0.947375 0.374625 0.206831 -0.156682 0.965749 0.38544 -0.977968 -0.00459931 0.208702 -0.49311 -0.0282581 -0.987638 -0.154182 0.447401 
1535142869603 0.254425 0.925744 -0.279761 -0.630999 -0.93948 0.305226 0.155611 -0.24295 0.229447 0.223239 0.947375 0.374751 0.207266 -0.159927 0.965124 0.38554 -0.977806 -0.00299856 0.209493 -0.49336 -0.0306097 -0.987124 -0.156999 0.447769 
1535142869707 0.254726 0.925676 -0.279711 -0.630605 -0.939362 0.30554 0.155704 -0.242809 0.229594 0.223088 0.947374 0.374877 0.207693 -0.163171 0.964489 0.38564 -0.977638 -0.00140034 0.210288 -0.49361 -0.0329624 -0.986597 -0.159813 0.448138 
1535142869909 0.255027 0.925609 -0.279661 -0.630209 -0.939244 0.305855 0.155796 -0.242666 0.229742 0.222937 0.947374 0.375004 0.208113 -0.166415 0.963844 0.38574 -0.977467 0.000195053 0.211088 -0.493861 -0.0353161 -0.986056 -0.162624 0.448506 
1535142869997 0.255328 0.925541 -0.27961 -0.629815 -0.939126 0.30617 0.155889 -0.242525 0.22989 0.222787 0.947374 0.37513 0.208524 -0.169657 0.96319 0.38584 -0.977291 0.00178787 0.211892 -0.494111 -0.037671 -0.985502 -0.165431 0.448875 
1535142870214 0.255629 0.925473 -0.27956 -0.629421 -0.939008 0.306485 0.155981 -0.242383 0.230037 0.222636 0.947373 0.375256 0.208928 -0.172898 0.962525 0.38594 -0.977111 0.00337772 0.212701 -0.49436 -0.0400268 -0.984934 -0.168235 0.449243 
1535142870573 0.255426 0.925511 -0.279618 -0.629644 -0.939098 0.306268 0.15587 -0.242467 0.229897 0.222775 0.947375 0.375159 0.208909 -0.171763 0.962733 0.385892 -0.977164 0.00241778 0.212472 -0.494217 -0.0388225 -0.985135 -0.167336 0.449218 
1535142870584 0.255443 0.925472 -0.279731 -0.6292 -0.939029 0.306365 0.156092 -0.242267 0.230159 0.222803 0.947304 0.375301 0.206179 -0.168444 0.963907 0.385806 -0.977601 0.00710032 0.210349 -0.493993 -0.0422761 -0.985686 -0.163207 0.448404 
1535142870592 0.255461 0.925433 -0.279847 -0.628753 -0.93896 0.306464 0.156314 -0.242065 0.230421 0.222833 0.947234 0.375443 0.203457 -0.16513 0.965058 0.385719 -0.978014 0.0117918 0.208206 -0.493766 -0.0457609 -0.986201 -0.1591 0.447592 
1535142870869 0.255479 0.925392 -0.279963 -0.628307 -0.938891 0.306563 0.156535 -0.241863 0.230683 0.222863 0.947163 0.375585 0.200746 -0.161801 0.966189 0.385632 -0.978404 0.0164756 0.206043 -0.493539 -0.0492564 -0.986686 -0.154999 0.44678 
1535142870996 0.255497 0.925353 -0.280079 -0.62786 -0.938822 0.306662 0.156757 -0.241661 0.230945 0.222893 0.947092 0.375727 0.198044 -0.158456 0.9673 0.385545 -0.978772 0.0211517 0.203858 -0.493312 -0.0527626 -0.987139 -0.150903 0.445968 
1535142871064 0.255514 0.925313 -0.280194 -0.627412 -0.938752 0.30676 0.156979 -0.241459 0.231207 0.222922 0.947021 0.375869 0.195354 -0.155096 0.968391 0.385457 -0.979117 0.0258198 0.201653 -0.493084 -0.0562793 -0.987562 -0.146813 0.445155 
1535142871342 0.255532 0.925273 -0.28031 -0.626966 -0.938683 0.306859 0.1572 -0.241257 0.231469 0.222952 0.94695 0.376011 0.192674 -0.151721 0.969462 0.385371 -0.979439 0.0304797 0.199427 -0.492859 -0.0598063 -0.987953 -0.142729 0.444344 
1535142871413 0.255549 0.925233 -0.280425 -0.626518 -0.938614 0.306958 0.157422 -0.241055 0.231731 0.222981 0.946879 0.376154 0.190005 -0.148332 0.970513 0.385283 -0.979738 0.0351314 0.19718 -0.49263 -0.0633436 -0.988313 -0.138651 0.443531 
1535142871557 0.255567 0.925193 -0.280541 -0.626072 -0.938544 0.307057 0.157643 -0.240853 0.231993 0.223012 0.946808 0.376296 0.187348 -0.144927 0.971544 0.385197 -0.980014 0.0397745 0.194914 -0.492404 -0.0668909 -0.988643 -0.134579 0.442719 
1535142871834 0.255585 0.925153 -0.280656 -0.625624 -0.938474 0.307155 0.157865 -0.240651 0.232254 0.223041 0.946737 0.376438 0.1847 -0.141508 0.972554 0.385109 -0.980267 0.044409 0.192627 -0.492176 -0.0704484 -0.988941 -0.130513 0.441907 
1535142872408 0.255258 0.925271 -0.280567 -0.625893 -0.938607 0.306785 0.157798 -0.240578 0.23208 0.223063 0.946774 0.376378 0.184915 -0.141842 0.972465 0.385126 -0.980291 0.0433937 0.192733 -0.492299 -0.0695364 -0.988938 -0.131022 0.442175 
1535142872420 0.255215 0.925171 -0.280933 -0.625487 -0.938533 0.306889 0.158033 -0.240425 0.232423 0.223333 0.946627 0.376507 0.188194 -0.143034 0.971661 0.38528 -0.980034 0.037287 0.195305 -0.492689 -0.0641654 -0.989015 -0.133161 0.442584 
1535142872427 0.255174 0.925071 -0.2813 -0.625078 -0.93846 0.306993 0.158267 -0.240272 0.232766 0.223603 0.946479 0.376637 0.19148 -0.144205 0.970845 0.385435 -0.979734 0.0311754 0.197864 -0.493086 -0.0587993 -0.989057 -0.135313 0.442993 
1535142872512 0.255132 0.924971 -0.281667 -0.62467 -0.938386 0.307098 0.158501 -0.240118 0.233109 0.223874 0.94633 0.376766 0.19477 -0.145355 0.970019 0.385589 -0.979392 0.0250597 0.200408 -0.493482 -0.0534386 -0.989062 -0.137478 0.443402 
1535142872841 0.255089 0.924871 -0.282034 -0.624261 -0.938312 0.307202 0.158736 -0.239965 0.233451 0.224144 0.946182 0.376896 0.198066 -0.146484 0.969181 0.385744 -0.979009 0.0189401 0.202937 -0.493879 -0.0480834 -0.989032 -0.139658 0.443811 
1535142872847 0.255047 0.924771 -0.282401 -0.623852 -0.938238 0.307307 0.15897 -0.239811 0.233794 0.224414 0.946033 0.377025 0.201365 -0.147592 0.968333 0.3859 -0.978584 0.012817 0.20545 -0.494276 -0.042734 -0.988965 -0.14185 0.444221 
1535142872875 0.255005 0.92467 -0.282767 -0.623444 -0.938164 0.307411 0.159204 -0.239658 0.234137 0.224685 0.945884 0.377155 0.204668 -0.148679 0.967474 0.386054 -0.978117 0.00669073 0.207948 -0.494671 -0.0373907 -0.988863 -0.144056 0.44463 
1535142873138 0.254962 0.92457 -0.283134 -0.623035 -0.93809 0.307516 0.159438 -0.239504 0.234479 0.224955 0.945735 0.377284 0.207976 -0.149745 0.966603 0.38621 -0.977609 0.000561293 0.210431 -0.495069 -0.0320536 -0.988724 -0.146276 0.445039 
1535142873429 0.25492 0.924469 -0.283501 -0.622627 -0.938016 0.307621 0.159671 -0.23935 0.234822 0.225225 0.945586 0.377414 0.211287 -0.15079 0.965723 0.386364 -0.977059 -0.00557072 0.212898 -0.495464 -0.0267231 -0.98855 -0.148508 0.445448 
1535142873575 0.254877 0.924369 -0.283867 -0.622219 -0.937942 0.307725 0.159905 -0.239197 0.235165 0.225495 0.945436 0.377543 0.214602 -0.151814 0.964831 0.386519 -0.976467 -0.0117052 0.215349 -0.49586 -0.0213994 -0.98834 -0.150753 0.445857 
1535142874152 0.254728 0.924499 -0.283576 -0.622458 -0.938004 0.307512 0.159952 -0.239172 0.235079 0.225252 0.945516 0.37752 0.21401 -0.151934 0.964943 0.386415 -0.976572 -0.0104959 0.214936 -0.495782 -0.0225282 -0.988335 -0.15062 0.445531 
1535142874167 0.254746 0.92443 -0.283785 -0.622178 -0.937948 0.307615 0.160083 -0.23908 0.235282 0.225395 0.945431 0.377611 0.211591 -0.150477 0.965705 0.386358 -0.977015 -0.00639636 0.213073 -0.495595 -0.0258856 -0.988593 -0.148372 0.445071 
1535142874173 0.254765 0.92436 -0.283994 -0.621897 -0.937892 0.307718 0.160216 -0.238988 0.235487 0.225539 0.945346 0.377702 0.20919 -0.149013 0.966455 0.386303 -0.977438 -0.00231988 0.21121 -0.495403 -0.0292309 -0.988833 -0.146136 0.444614 
1535142874400 0.254784 0.924291 -0.284204 -0.621615 -0.937835 0.307821 0.160348 -0.238895 0.235692 0.225682 0.94526 0.377793 0.206793 -0.147537 0.967197 0.386248 -0.977842 0.00175376 0.209337 -0.495212 -0.0325812 -0.989055 -0.143906 0.444157 
1535142874559 0.254802 0.924221 -0.284413 -0.621334 -0.937779 0.307925 0.16048 -0.238803 0.235897 0.225825 0.945175 0.377885 0.2044 -0.146052 0.967931 0.386193 -0.978228 0.00582456 0.207453 -0.49502 -0.0359366 -0.98926 -0.141681 0.4437 
1535142874566 0.25482 0.924152 -0.284622 -0.621052 -0.937722 0.308028 0.160612 -0.23871 0.236102 0.225969 0.94509 0.377976 0.20201 -0.144555 0.968657 0.386137 -0.978595 0.00989239 0.205559 -0.494827 -0.039297 -0.989447 -0.139463 0.443243 
1535142874802 0.254839 0.924082 -0.284831 -0.620771 -0.937665 0.308131 0.160744 -0.238617 0.236306 0.226112 0.945004 0.378067 0.199626 -0.143049 0.969374 0.386082 -0.978943 0.013957 0.203656 -0.494637 -0.0426622 -0.989617 -0.13725 0.442787 
1535142874975 0.254857 0.924013 -0.28504 -0.620489 -0.937609 0.308234 0.160877 -0.238525 0.236511 0.226255 0.944918 0.378159 0.197244 -0.141532 0.970084 0.386027 -0.979273 0.0180186 0.201742 -0.494444 -0.0460324 -0.98977 -0.135044 0.44233 
1535142875033 0.254876 0.923943 -0.285249 -0.620208 -0.937552 0.308338 0.161009 -0.238432 0.236716 0.226399 0.944833 0.37825 0.194868 -0.140004 0.970786 0.385972 -0.979584 0.0220768 0.199818 -0.494253 -0.0494072 -0.989905 -0.132844 0.441873 
1535142875135 0.254894 0.923874 -0.285458 -0.619927 -0.937495 0.308441 0.161141 -0.23834 0.236921 0.226542 0.944747 0.378341 0.192496 -0.138467 0.971479 0.385917 -0.979877 0.0261316 0.197884 -0.494062 -0.0527867 -0.990022 -0.13065 0.441416 
1535142875480 0.254691 0.92399 -0.285264 -0.620163 -0.937602 0.308164 0.16105 -0.238323 0.236717 0.226447 0.944821 0.37828 0.195209 -0.14016 0.970695 0.386009 -0.97957 0.020904 0.200012 -0.494427 -0.0483251 -0.989908 -0.133216 0.442196 
1535142875496 0.254573 0.923971 -0.285431 -0.619895 -0.937425 0.30828 0.161855 -0.238287 0.237542 0.226367 0.944633 0.378359 0.196837 -0.142271 0.970059 0.386119 -0.979336 0.0183241 0.201407 -0.494683 -0.0464299 -0.989658 -0.135724 0.44264 
1535142875512 0.254455 0.923952 -0.285598 -0.619626 -0.937248 0.308396 0.16266 -0.23825 0.238367 0.226287 0.944444 0.378439 0.198471 -0.144378 0.969414 0.38623 -0.979094 0.0157398 0.202797 -0.494945 -0.0445378 -0.989397 -0.138236 0.443085 
1535142875672 0.254336 0.923933 -0.285765 -0.619356 -0.93707 0.308511 0.163466 -0.238213 0.239193 0.226206 0.944255 0.378518 0.200109 -0.146479 0.968762 0.386341 -0.978845 0.0131524 0.20418 -0.495207 -0.0426497 -0.989126 -0.140749 0.44353 
1535142875734 0.254218 0.923914 -0.285931 -0.619087 -0.936891 0.308627 0.164271 -0.238176 0.240018 0.226126 0.944065 0.378598 0.20175 -0.148576 0.968102 0.386452 -0.978588 0.010562 0.205556 -0.495469 -0.0407657 -0.988845 -0.143264 0.443975 
1535142875740 0.254099 0.923895 -0.286097 -0.618817 -0.936711 0.308742 0.165076 -0.238139 0.240843 0.226045 0.943874 0.378677 0.203394 -0.150667 0.967435 0.386563 -0.978324 0.00796845 0.206925 -0.495732 -0.0388857 -0.988552 -0.14578 0.44442 
1535142875756 0.253981 0.923876 -0.286264 -0.618548 -0.936531 0.308858 0.165881 -0.238102 0.241668 0.225965 0.943683 0.378757 0.205042 -0.152753 0.96676 0.386674 -0.978053 0.00537209 0.208286 -0.495993 -0.0370098 -0.98825 -0.148299 0.444864 
1535142875993 0.253861 0.923857 -0.28643 -0.618278 -0.93635 0.308973 0.166685 -0.238065 0.242493 0.225884 0.94349 0.378836 0.206694 -0.154833 0.966077 0.386785 -0.977774 0.00277259 0.209641 -0.496256 -0.035138 -0.987937 -0.150819 0.445309 
1535142876132 0.253743 0.923838 -0.286596 -0.618009 -0.936169 0.309088 0.16749 -0.238028 0.243317 0.225803 0.943297 0.378916 0.208348 -0.156909 0.965386 0.386896 -0.977489 0.000170329 0.210988 -0.496517 -0.0332703 -0.987613 -0.153341 0.445754 
1535142876235 0.253623 0.92382 -0.286762 -0.617739 -0.935986 0.309204 0.168294 -0.237991 0.244141 0.225722 0.943104 0.378995 0.210007 -0.158979 0.964688 0.387008 -0.977195 -0.00243498 0.212329 -0.49678 -0.0314068 -0.987279 -0.155865 0.446199 
1535142876396 0.253753 0.923874 -0.286473 -0.61798 -0.936177 0.309066 0.167486 -0.238068 0.243275 0.225689 0.943335 0.378951 0.204395 -0.15265 0.966913 0.386515 -0.978142 0.00672436 0.20783 -0.49599 -0.0382273 -0.988257 -0.147939 0.444368 
1535142876403 0.253904 0.923832 -0.286473 -0.617739 -0.936171 0.309177 0.167312 -0.237941 0.243139 0.225707 0.943366 0.37902 0.205093 -0.152187 0.966838 0.386533 -0.978036 0.00567143 0.208361 -0.496121 -0.0371931 -0.988335 -0.147681 0.444402 
1535142876409 0.254054 0.92379 -0.286474 -0.617493 -0.936165 0.309288 0.167138 -0.237813 0.243003 0.225725 0.943397 0.379089 0.205792 -0.151722 0.966763 0.386553 -0.977927 0.00461782 0.208893 -0.496257 -0.0361581 -0.988412 -0.147423 0.444437 
1535142876636 0.254205 0.923749 -0.286475 -0.617248 -0.93616 0.3094 0.166963 -0.237684 0.242868 0.225743 0.943427 0.379159 0.206491 -0.151257 0.966687 0.386573 -0.977818 0.00356448 0.209426 -0.496392 -0.0351229 -0.988488 -0.147165 0.444472 
1535142876792 0.254356 0.923707 -0.286476 -0.617002 -0.936154 0.309511 0.166789 -0.237555 0.242732 0.225762 0.943458 0.379229 0.207189 -0.15079 0.96661 0.386593 -0.977707 0.00251134 0.20996 -0.496529 -0.0340874 -0.988563 -0.146908 0.444507 
1535142876798 0.254507 0.923665 -0.286477 -0.616756 -0.936148 0.309623 0.166615 -0.237426 0.242596 0.22578 0.943488 0.379298 0.207887 -0.150323 0.966533 0.386613 -0.977594 0.00145843 0.210493 -0.496666 -0.0330516 -0.988636 -0.146652 0.444542 
1535142877025 0.254658 0.923623 -0.286478 -0.616511 -0.936142 0.309734 0.166441 -0.237298 0.242461 0.225799 0.943519 0.379368 0.208584 -0.149855 0.966455 0.386632 -0.97748 0.000405911 0.211027 -0.496801 -0.0320157 -0.988708 -0.146396 0.444576 
1535142877032 0.254809 0.923581 -0.286479 -0.616264 -0.936136 0.309846 0.166267 -0.237169 0.242325 0.225817 0.943549 0.379437 0.209281 -0.149387 0.966377 0.386652 -0.977365 -0.000646518 0.211561 -0.496938 -0.0309795 -0.988779 -0.14614 0.444611 
1535142877192 0.25496 0.923539 -0.28648 -0.616019 -0.93613 0.309957 0.166093 -0.23704 0.242189 0.225835 0.94358 0.379507 0.209977 -0.148917 0.966299 0.386672 -0.977248 -0.00169854 0.212094 -0.497073 -0.0299432 -0.988848 -0.145886 0.444646 
1535142877275 0.255111 0.923497 -0.28648 -0.615774 -0.936124 0.310069 0.165918 -0.236912 0.242054 0.225854 0.94361 0.379576 0.210672 -0.148447 0.96622 0.386691 -0.977129 -0.0027503 0.212628 -0.497209 -0.0289067 -0.988917 -0.145631 0.444681 
1535142877605 0.255159 0.923478 -0.286501 -0.615967 -0.936092 0.310136 0.165974 -0.237076 0.242128 0.225841 0.943594 0.379512 0.210414 -0.14892 0.966203 0.386714 -0.97717 -0.00232593 0.212444 -0.497046 -0.0293898 -0.988847 -0.14601 0.444578 
1535142877614 0.255227 0.923373 -0.286778 -0.615827 -0.936114 0.310213 0.165706 -0.236997 0.241971 0.226164 0.943557 0.379569 0.211902 -0.148609 0.965926 0.386747 -0.976921 -0.00501585 0.213542 -0.497295 -0.0268894 -0.988883 -0.146242 0.444658 
1535142877621 0.255291 0.923269 -0.287055 -0.615684 -0.936137 0.310285 0.165438 -0.236913 0.241813 0.226488 0.94352 0.379626 0.21339 -0.148294 0.965647 0.386781 -0.976663 -0.00770576 0.214641 -0.497549 -0.0243889 -0.988913 -0.146477 0.444739 
1535142877644 0.255355 0.923165 -0.287332 -0.615541 -0.936161 0.310358 0.16517 -0.23683 0.241655 0.226812 0.943483 0.379683 0.214877 -0.147975 0.965366 0.386815 -0.976396 -0.0103952 0.215738 -0.497803 -0.0218886 -0.988936 -0.146716 0.44482 
1535142877838 0.255419 0.923061 -0.287609 -0.615398 -0.936184 0.31043 0.164902 -0.236746 0.241497 0.227136 0.943445 0.379741 0.216362 -0.147652 0.965084 0.386849 -0.976121 -0.0130843 0.216835 -0.498058 -0.0193886 -0.988953 -0.146957 0.444901 
1535142877844 0.255483 0.922957 -0.287886 -0.615255 -0.936207 0.310503 0.164633 -0.236662 0.241339 0.22746 0.943407 0.379798 0.217847 -0.147324 0.9648 0.386883 -0.975837 -0.015773 0.217931 -0.498312 -0.0168887 -0.988962 -0.147201 0.444982 
1535142877973 0.255547 0.922853 -0.288162 -0.615112 -0.93623 0.310575 0.164365 -0.236579 0.241181 0.227783 0.94337 0.379855 0.21933 -0.146993 0.964514 0.386917 -0.975545 -0.018461 0.219025 -0.498566 -0.0143892 -0.988965 -0.147447 0.445063 
1535142878059 0.255612 0.922749 -0.288439 -0.614969 -0.936254 0.310647 0.164097 -0.236495 0.241023 0.228107 0.943332 0.379912 0.220812 -0.146657 0.964227 0.386951 -0.975244 -0.0211487 0.220118 -0.498821 -0.0118898 -0.988961 -0.147697 0.445144 
1535142878273 0.255676 0.922644 -0.288716 -0.614826 -0.936277 0.310719 0.163828 -0.236411 0.240865 0.228431 0.943294 0.379969 0.222293 -0.146318 0.963938 0.386985 -0.974935 -0.0238357 0.22121 -0.499075 -0.00939089 -0.98895 -0.147949 0.445225 
1535142878328 0.255741 0.92254 -0.288993 -0.614683 -0.9363 0.310791 0.16356 -0.236328 0.240707 0.228755 0.943256 0.380026 0.223772 -0.145974 0.963648 0.387019 -0.974617 -0.0265222 0.222302 -0.499328 -0.00689226 -0.988933 -0.148204 0.445306 
1535142878848 0.255503 0.922708 -0.288666 -0.614869 -0.936315 0.310553 0.163922 -0.236334 0.240898 0.2284 0.943293 0.379881 0.223303 -0.146137 0.963732 0.386978 -0.974721 -0.0259284 0.221917 -0.499213 -0.00744224 -0.988925 -0.148232 0.445316 
1535142878859 0.25558 0.922696 -0.288635 -0.61466 -0.936313 0.310603 0.163838 -0.23625 0.240824 0.228379 0.943317 0.379939 0.223192 -0.145419 0.963866 0.386961 -0.974763 -0.0284078 0.221429 -0.499201 -0.00481874 -0.988962 -0.14809 0.445284 
1535142878866 0.255658 0.922684 -0.288604 -0.614446 -0.936311 0.310654 0.163754 -0.236164 0.24075 0.228358 0.943341 0.379999 0.223079 -0.144702 0.964 0.386944 -0.974798 -0.0308867 0.220942 -0.499191 -0.00219601 -0.988993 -0.147946 0.445251 
1535142878891 0.255736 0.922672 -0.288573 -0.614233 -0.936309 0.310705 0.16367 -0.236077 0.240675 0.228337 0.943365 0.380058 0.222965 -0.143986 0.964134 0.386927 -0.974826 -0.0333657 0.220454 -0.49918 0.000426709 -0.989017 -0.1478 0.445219 
1535142879117 0.255814 0.92266 -0.288543 -0.614019 -0.936307 0.310756 0.163586 -0.235991 0.240601 0.228317 0.943389 0.380117 0.222848 -0.143269 0.964268 0.386911 -0.974848 -0.0358448 0.219968 -0.49917 0.00304942 -0.989034 -0.147654 0.445187 
1535142879124 0.255893 0.922648 -0.288512 -0.613804 -0.936304 0.310807 0.163502 -0.235904 0.240527 0.228296 0.943413 0.380177 0.222729 -0.142553 0.964401 0.386894 -0.974864 -0.038324 0.219481 -0.49916 0.00567203 -0.989045 -0.147506 0.445154 
1535142879325 0.255971 0.922636 -0.288481 -0.613591 -0.936302 0.310858 0.163418 -0.235818 0.240452 0.228275 0.943437 0.380236 0.222609 -0.141837 0.964535 0.386877 -0.974872 -0.0408034 0.218995 -0.499149 0.00829468 -0.989049 -0.147356 0.445122 
1535142879395 0.256049 0.922624 -0.28845 -0.613377 -0.9363 0.310909 0.163334 -0.235732 0.240378 0.228254 0.943461 0.380295 0.222487 -0.141122 0.964668 0.38686 -0.974875 -0.0432828 0.218509 -0.499139 0.0109172 -0.989046 -0.147206 0.44509 
1535142879440 0.256127 0.922612 -0.288419 -0.613164 -0.936298 0.31096 0.16325 -0.235646 0.240304 0.228233 0.943485 0.380355 0.222363 -0.140406 0.964801 0.386843 -0.97487 -0.0457624 0.218024 -0.499128 0.0135397 -0.989036 -0.147054 0.445057 
1535142879532 0.256205 0.9226 -0.288388 -0.61295 -0.936295 0.311011 0.163166 -0.23556 0.240229 0.228212 0.943509 0.380414 0.222237 -0.139691 0.964934 0.386826 -0.974859 -0.048242 0.217539 -0.499117 0.016162 -0.989019 -0.1469 0.445025 
1535142879790 0.256174 0.922601 -0.288414 -0.613169 -0.936288 0.311002 0.163229 -0.235635 0.240292 0.228224 0.94349 0.38031 0.222574 -0.140838 0.964689 0.386877 -0.974842 -0.0443321 0.218444 -0.49914 0.0120014 -0.98904 -0.147162 0.445045 
1535142879803 0.256315 0.922618 -0.288233 -0.61282 -0.936266 0.311088 0.163189 -0.235495 0.240227 0.228035 0.943552 0.380403 0.222971 -0.14158 0.964489 0.386905 -0.974746 -0.0449378 0.218746 -0.499317 0.0123719 -0.988906 -0.148025 0.445175 
1535142879819 0.256456 0.922635 -0.288053 -0.612465 -0.936244 0.311175 0.16315 -0.235352 0.240163 0.227847 0.943614 0.380496 0.223371 -0.142321 0.964287 0.386935 -0.97465 -0.0455437 0.21905 -0.499498 0.0127419 -0.988772 -0.148886 0.445305 
1535142879966 0.256597 0.922652 -0.287873 -0.612111 -0.936222 0.311262 0.16311 -0.235209 0.240098 0.227659 0.943676 0.38059 0.223771 -0.143061 0.964085 0.386965 -0.974554 -0.0461499 0.219352 -0.49968 0.0131116 -0.988637 -0.149748 0.445435 
1535142880021 0.256738 0.922669 -0.287692 -0.611757 -0.936199 0.311349 0.163071 -0.235066 0.240034 0.227471 0.943738 0.380683 0.224171 -0.143801 0.963882 0.386995 -0.974457 -0.0467562 0.219655 -0.499861 0.0134809 -0.988501 -0.150609 0.445566 
1535142880250 0.256879 0.922686 -0.287512 -0.611402 -0.936177 0.311437 0.163032 -0.234923 0.239969 0.227282 0.943799 0.380777 0.224572 -0.144541 0.963678 0.387024 -0.974359 -0.0473629 0.219957 -0.500043 0.0138498 -0.988365 -0.151471 0.445696 
1535142880264 0.25702 0.922703 -0.287331 -0.611049 -0.936155 0.311524 0.162993 -0.234781 0.239905 0.227094 0.943861 0.38087 0.224972 -0.14528 0.963474 0.387054 -0.974261 -0.0479696 0.220258 -0.500224 0.0142184 -0.988227 -0.152333 0.445826 
1535142880519 0.257162 0.92272 -0.287151 -0.610693 -0.936133 0.311611 0.162954 -0.234638 0.23984 0.226906 0.943923 0.380964 0.225373 -0.146019 0.963268 0.387084 -0.974163 -0.0485767 0.220559 -0.500406 0.0145866 -0.988088 -0.153194 0.445957 
1535142880535 0.257303 0.922737 -0.28697 -0.61034 -0.936111 0.311698 0.162915 -0.234496 0.239775 0.226718 0.943985 0.381057 0.225774 -0.146758 0.963062 0.387113 -0.974065 -0.0491839 0.220859 -0.500587 0.0149544 -0.987949 -0.154056 0.446087 
1535142880541 0.257443 0.922754 -0.28679 -0.609986 -0.936088 0.311785 0.162876 -0.234353 0.239711 0.226529 0.944046 0.381151 0.226175 -0.147496 0.962855 0.387143 -0.973966 -0.0497913 0.221158 -0.500768 0.0153219 -0.987809 -0.154918 0.446217 
1535142880865 0.257177 0.922809 -0.286851 -0.610269 -0.936176 0.311528 0.162863 -0.234357 0.239653 0.226658 0.94403 0.3811 0.225921 -0.147033 0.962985 0.387126 -0.974031 -0.0492436 0.220994 -0.500577 0.0149275 -0.987905 -0.15434 0.446036 
1535142880871 0.257413 0.922833 -0.286562 -0.609979 -0.936117 0.311697 0.162883 -0.234221 0.239634 0.226327 0.944114 0.381138 0.225194 -0.146388 0.963254 0.387129 -0.974219 -0.0476454 0.220517 -0.500647 0.0136136 -0.988079 -0.153344 0.445872 
1535142880878 0.257649 0.922857 -0.286273 -0.609685 -0.936056 0.311867 0.162903 -0.234083 0.239615 0.225996 0.944198 0.381177 0.224467 -0.145743 0.963521 0.387132 -0.974404 -0.0460482 0.220037 -0.500713 0.0122995 -0.98825 -0.152349 0.445708 
1535142881079 0.257886 0.922881 -0.285984 -0.609389 -0.935996 0.312037 0.162922 -0.233944 0.239595 0.225664 0.944283 0.381216 0.223741 -0.145097 0.963788 0.387134 -0.974587 -0.0444511 0.219556 -0.500779 0.0109846 -0.988418 -0.151355 0.445543 
1535142881086 0.258122 0.922904 -0.285694 -0.609095 -0.935936 0.312207 0.162942 -0.233806 0.239576 0.225333 0.944367 0.381254 0.223016 -0.144449 0.964053 0.387136 -0.974767 -0.0428545 0.219074 -0.500846 0.00966904 -0.988584 -0.150361 0.445379 
