1533579215159 0.228061 0.950508 -0.211005 -0.50748 -0.96636 0.247439 0.0701582 -0.233653 0.118897 0.187906 0.974964 0.33886 0.16008 -0.304787 0.938871 0.370831 -0.775623 0.549475 0.310623 -0.528794 -0.61056 -0.777934 -0.14844 0.432481 
1533579215169 0.225049 0.948921 -0.221139 -0.518273 -0.965311 0.247983 0.0817303 -0.235216 0.132394 0.195075 0.971811 0.343115 0.316335 -0.384957 0.86703 0.40117 -0.929993 -0.306204 0.203353 -0.50498 0.187206 -0.870659 -0.45487 0.486185 
1533579216183 0.221911 0.947254 -0.231226 -0.528974 -0.9641 0.248623 0.0932647 -0.236724 0.145833 0.202228 0.96842 0.347332 0.316335 -0.384957 0.86703 0.40117 -0.929993 -0.306204 0.203353 -0.50498 0.187206 -0.870659 -0.45487 0.486185 
1533579216763 0.218632 0.945513 -0.241259 -0.539677 -0.962729 0.249349 0.10478 -0.238235 0.159229 0.209359 0.964788 0.351571 0.316335 -0.384957 0.86703 0.40117 -0.929993 -0.306204 0.203353 -0.50498 0.187206 -0.870659 -0.45487 0.486185 
1533579216770 0.215213 0.943698 -0.251233 -0.550385 -0.961198 0.250158 0.116271 -0.23975 0.172573 0.216462 0.960918 0.355814 0.316335 -0.384957 0.86703 0.40117 -0.929993 -0.306204 0.203353 -0.50498 0.187206 -0.870659 -0.45487 0.486185 
1533579217603 0.211657 0.941809 -0.261147 -0.561087 -0.959509 0.251053 0.127732 -0.241261 0.185861 0.223537 0.956811 0.360058 0.316335 -0.384957 0.86703 0.40117 -0.929993 -0.306204 0.203353 -0.50498 0.187206 -0.870659 -0.45487 0.486185 
1533579218202 0.207966 0.939846 -0.270998 -0.571776 -0.95766 0.252034 0.13916 -0.242765 0.19909 0.230583 0.952468 0.364303 0.316335 -0.384957 0.86703 0.40117 -0.929993 -0.306204 0.203353 -0.50498 0.187206 -0.870659 -0.45487 0.486185 
1533579218811 0.204141 0.937809 -0.280785 -0.58245 -0.955654 0.253101 0.150552 -0.244261 0.212256 0.237599 0.947889 0.368551 0.316335 -0.384957 0.86703 0.40117 -0.929993 -0.306204 0.203353 -0.50498 0.187206 -0.870659 -0.45487 0.486185 
1533579219432 0.200183 0.935699 -0.290506 -0.593105 -0.953489 0.254255 0.161905 -0.245747 0.225356 0.244584 0.943077 0.372801 0.316335 -0.384957 0.86703 0.40117 -0.929993 -0.306204 0.203353 -0.50498 0.187206 -0.870659 -0.45487 0.486185 
1533579220060 0.196551 0.933146 -0.30101 -0.599544 -0.951108 0.25605 0.17272 -0.244992 0.238246 0.252345 0.937849 0.377943 0.317174 -0.385633 0.866423 0.403968 -0.929919 -0.305785 0.204318 -0.510014 0.186147 -0.870507 -0.455594 0.488506 
1533579220568 0.197184 0.933253 -0.300263 -0.599122 -0.951112 0.256369 0.172226 -0.24504 0.237709 0.251624 0.938179 0.377632 0.317174 -0.385633 0.866423 0.403968 -0.929919 -0.305785 0.204318 -0.510014 0.186147 -0.870507 -0.455594 0.488506 
1533579220578 0.196654 0.933061 -0.301205 -0.600702 -0.950878 0.256405 0.17346 -0.245435 0.239079 0.252297 0.93765 0.377988 0.316229 -0.38487 0.867107 0.400823 -0.930002 -0.306258 0.203232 -0.504355 0.187341 -0.870679 -0.454777 0.485891 
1533579220834 0.196124 0.932869 -0.302144 -0.602281 -0.950642 0.256441 0.174694 -0.24583 0.240449 0.252969 0.937118 0.378344 0.316229 -0.38487 0.867107 0.400823 -0.930002 -0.306258 0.203232 -0.504355 0.187341 -0.870679 -0.454777 0.485891 
1533579220840 0.195592 0.932676 -0.303083 -0.60386 -0.950404 0.256479 0.175927 -0.246224 0.241818 0.253642 0.936584 0.378701 0.316229 -0.38487 0.867107 0.400823 -0.930002 -0.306258 0.203232 -0.504355 0.187341 -0.870679 -0.454777 0.485891 
1533579221210 0.195058 0.932482 -0.304021 -0.605438 -0.950165 0.256517 0.17716 -0.246618 0.243185 0.254313 0.936048 0.379057 0.316229 -0.38487 0.867107 0.400823 -0.930002 -0.306258 0.203232 -0.504355 0.187341 -0.870679 -0.454777 0.485891 
1533579221481 0.194524 0.932288 -0.304958 -0.607016 -0.949924 0.256557 0.178392 -0.247012 0.244552 0.254985 0.935509 0.379413 0.316229 -0.38487 0.867107 0.400823 -0.930002 -0.306258 0.203232 -0.504355 0.187341 -0.870679 -0.454777 0.485891 
1533579221750 0.193987 0.932094 -0.305893 -0.6086 -0.949681 0.256596 0.179625 -0.24741 0.245918 0.255656 0.934968 0.379768 0.316228 -0.384869 0.867108 0.40082 -0.930002 -0.306258 0.203231 -0.504349 0.187342 -0.870679 -0.454776 0.485888 
1533579222016 0.193448 0.931899 -0.306826 -0.610189 -0.949436 0.256636 0.180858 -0.24781 0.247284 0.256325 0.934424 0.380122 0.316226 -0.384868 0.867109 0.400816 -0.930002 -0.306259 0.203229 -0.504341 0.187344 -0.870679 -0.454775 0.485885 
1533579222282 0.192908 0.931704 -0.307758 -0.611777 -0.949189 0.256676 0.182091 -0.248209 0.248649 0.256994 0.933878 0.380476 0.316225 -0.384867 0.86711 0.400813 -0.930002 -0.30626 0.203228 -0.504336 0.187345 -0.870679 -0.454774 0.485882 
1533579222551 0.192384 0.931494 -0.30872 -0.613208 -0.948939 0.256738 0.183304 -0.248525 0.250007 0.257692 0.933323 0.380863 0.316239 -0.384878 0.8671 0.400857 -0.930001 -0.306253 0.203244 -0.504416 0.187328 -0.870677 -0.454786 0.48592 
1533579222874 0.192731 0.931468 -0.30858 -0.612879 -0.948977 0.256926 0.182844 -0.248581 0.249595 0.257596 0.933459 0.380655 0.316239 -0.384878 0.8671 0.400857 -0.930001 -0.306253 0.203244 -0.504416 0.187328 -0.870677 -0.454786 0.48592 
1533579222886 0.192943 0.931549 -0.308205 -0.612983 -0.948905 0.257083 0.182998 -0.248605 0.249706 0.257149 0.933553 0.380607 0.316225 -0.384867 0.86711 0.400811 -0.930002 -0.30626 0.203228 -0.504334 0.187345 -0.870679 -0.454774 0.485881 
1533579222903 0.193149 0.931633 -0.307819 -0.613141 -0.948833 0.257232 0.18316 -0.248657 0.249819 0.256692 0.933649 0.380547 0.316222 -0.384864 0.867112 0.400803 -0.930002 -0.306261 0.203225 -0.504319 0.187349 -0.87068 -0.454771 0.485874 
1533579223024 0.193355 0.931718 -0.307434 -0.613297 -0.948761 0.257382 0.183322 -0.248709 0.249932 0.256235 0.933744 0.380487 0.316222 -0.384864 0.867112 0.4008 -0.930002 -0.306262 0.203224 -0.504314 0.18735 -0.87068 -0.454771 0.485872 
1533579223085 0.193561 0.931803 -0.307047 -0.613455 -0.948689 0.257531 0.183484 -0.248761 0.250045 0.255777 0.933839 0.380427 0.316221 -0.384863 0.867113 0.400799 -0.930002 -0.306262 0.203223 -0.504311 0.18735 -0.87068 -0.45477 0.48587 
1533579223179 0.193767 0.931887 -0.306662 -0.613613 -0.948617 0.25768 0.183646 -0.248814 0.250158 0.25532 0.933934 0.380368 0.316221 -0.384863 0.867113 0.400798 -0.930002 -0.306262 0.203223 -0.50431 0.187351 -0.87068 -0.45477 0.48587 
1533579223238 0.193974 0.931971 -0.306276 -0.613769 -0.948545 0.257829 0.183809 -0.248865 0.250271 0.254863 0.934029 0.380309 0.316221 -0.384863 0.867113 0.400798 -0.930002 -0.306262 0.203223 -0.504309 0.187351 -0.87068 -0.45477 0.485869 
1533579223336 0.19418 0.932054 -0.30589 -0.613926 -0.948474 0.257978 0.183971 -0.248917 0.250384 0.254405 0.934123 0.380249 0.316221 -0.384863 0.867113 0.400797 -0.930002 -0.306262 0.203223 -0.504308 0.187351 -0.87068 -0.45477 0.485869 
1533579223393 0.194387 0.932138 -0.305504 -0.614085 -0.948402 0.258127 0.184133 -0.24897 0.250496 0.253947 0.934218 0.380189 0.316221 -0.384863 0.867113 0.400797 -0.930002 -0.306262 0.203223 -0.504308 0.187351 -0.87068 -0.45477 0.485869 
1533579223492 0.194593 0.932221 -0.305118 -0.614242 -0.948329 0.258276 0.184296 -0.249022 0.250609 0.25349 0.934312 0.38013 0.316221 -0.384863 0.867113 0.400797 -0.930002 -0.306262 0.203223 -0.504307 0.187351 -0.87068 -0.45477 0.485868 
1533579223608 0.194632 0.932018 -0.305714 -0.614031 -0.948355 0.258397 0.183995 -0.249086 0.250482 0.254115 0.934176 0.380169 0.316221 -0.384863 0.867113 0.400797 -0.930002 -0.306262 0.203223 -0.504307 0.187351 -0.87068 -0.45477 0.485868 
1533579223621 0.194606 0.932239 -0.305055 -0.614029 -0.948309 0.258294 0.184375 -0.249119 0.250675 0.253406 0.934317 0.380127 0.31622 -0.384863 0.867113 0.400795 -0.930002 -0.306262 0.203222 -0.504305 0.187351 -0.87068 -0.45477 0.485867 
1533579223628 0.194574 0.932465 -0.304383 -0.614078 -0.948264 0.258183 0.184763 -0.249183 0.250872 0.252685 0.934459 0.380071 0.316221 -0.384863 0.867113 0.400795 -0.930002 -0.306262 0.203223 -0.504304 0.187351 -0.87068 -0.45477 0.485867 
1533579223658 0.194543 0.932691 -0.303711 -0.614129 -0.948218 0.258072 0.185151 -0.249247 0.251068 0.251965 0.934601 0.380016 0.316221 -0.384863 0.867113 0.400795 -0.930002 -0.306262 0.203222 -0.504304 0.187351 -0.87068 -0.45477 0.485867 
1533579223802 0.194511 0.932916 -0.30304 -0.614179 -0.948173 0.257961 0.185538 -0.249309 0.251264 0.251245 0.934742 0.379961 0.31622 -0.384863 0.867113 0.400795 -0.930002 -0.306262 0.203222 -0.504304 0.187351 -0.87068 -0.45477 0.485867 
1533579223885 0.19448 0.93314 -0.302368 -0.61423 -0.948127 0.25785 0.185926 -0.249373 0.25146 0.250524 0.934883 0.379907 0.31622 -0.384863 0.867113 0.400795 -0.930002 -0.306262 0.203222 -0.504304 0.187351 -0.87068 -0.45477 0.485867 
1533579223975 0.194449 0.933365 -0.301696 -0.614281 -0.948082 0.257738 0.186313 -0.249436 0.251656 0.249804 0.935023 0.379852 0.31622 -0.384863 0.867113 0.400795 -0.930002 -0.306262 0.203222 -0.504304 0.187351 -0.87068 -0.45477 0.485867 
1533579223982 0.194418 0.933588 -0.301023 -0.614332 -0.948036 0.257626 0.1867 -0.249499 0.251853 0.249083 0.935162 0.379797 0.316221 -0.384863 0.867113 0.400795 -0.930002 -0.306262 0.203222 -0.504304 0.187351 -0.87068 -0.45477 0.485867 
1533579224128 0.194387 0.933811 -0.300351 -0.614383 -0.94799 0.257513 0.187088 -0.249563 0.252049 0.248362 0.935301 0.379742 0.316221 -0.384863 0.867113 0.400795 -0.930002 -0.306262 0.203222 -0.504304 0.187351 -0.87068 -0.45477 0.485867 
1533579224209 0.194356 0.934034 -0.299678 -0.614434 -0.947944 0.257401 0.187475 -0.249626 0.252245 0.247641 0.935439 0.379687 0.316221 -0.384863 0.867113 0.400795 -0.930002 -0.306262 0.203223 -0.504304 0.187351 -0.87068 -0.45477 0.485867 
1533579224335 0.194345 0.933817 -0.30036 -0.614356 -0.94804 0.257435 0.186943 -0.249586 0.251893 0.248422 0.935327 0.379745 0.316221 -0.384863 0.867113 0.400795 -0.930002 -0.306262 0.203223 -0.504304 0.187351 -0.87068 -0.45477 0.485867 
1533579224348 0.194334 0.933865 -0.300218 -0.614343 -0.948012 0.257425 0.187096 -0.249566 0.252006 0.248252 0.935342 0.379794 0.316221 -0.384863 0.867113 0.400795 -0.930002 -0.306262 0.203223 -0.504304 0.187351 -0.87068 -0.45477 0.485867 
1533579224365 0.194311 0.93392 -0.300062 -0.614331 -0.947984 0.257405 0.187265 -0.249583 0.252128 0.248067 0.935358 0.379813 0.31622 -0.384863 0.867113 0.400795 -0.930002 -0.306262 0.203222 -0.504304 0.187351 -0.87068 -0.45477 0.485867 
1533579224381 0.194287 0.933976 -0.299903 -0.61434 -0.947957 0.257381 0.187435 -0.249612 0.25225 0.247879 0.935375 0.379827 0.31622 -0.384863 0.867113 0.400795 -0.930002 -0.306262 0.203222 -0.504304 0.187351 -0.87068 -0.45477 0.485867 
1533579224398 0.194264 0.934031 -0.299746 -0.614352 -0.94793 0.25736 0.187603 -0.249634 0.25237 0.247694 0.935392 0.379848 0.31622 -0.384863 0.867113 0.400795 -0.930002 -0.306262 0.203222 -0.504304 0.187351 -0.87068 -0.45477 0.485867 
1533579224415 0.194242 0.934086 -0.299589 -0.614364 -0.947902 0.257339 0.18777 -0.249654 0.252489 0.247508 0.935408 0.37987 0.31622 -0.384863 0.867113 0.400795 -0.930002 -0.306262 0.203222 -0.504304 0.187351 -0.87068 -0.45477 0.485867 
1533579224432 0.194221 0.934141 -0.299433 -0.614377 -0.947875 0.257318 0.187937 -0.249674 0.252609 0.247323 0.935425 0.379893 0.31622 -0.384863 0.867113 0.400795 -0.930002 -0.306262 0.203222 -0.504304 0.187351 -0.87068 -0.45477 0.485867 
1533579224448 0.194199 0.934195 -0.299276 -0.614389 -0.947848 0.257297 0.188104 -0.249694 0.252728 0.247138 0.935442 0.379915 0.31622 -0.384863 0.867113 0.400795 -0.930002 -0.306262 0.203222 -0.504304 0.187351 -0.87068 -0.45477 0.485867 
1533579224465 0.194177 0.93425 -0.299119 -0.614402 -0.94782 0.257277 0.188271 -0.249714 0.252848 0.246953 0.935458 0.379938 0.31622 -0.384863 0.867113 0.400795 -0.930002 -0.306262 0.203222 -0.504304 0.187351 -0.87068 -0.45477 0.485867 
1533579224482 0.194156 0.934304 -0.298963 -0.614415 -0.947793 0.257256 0.188437 -0.249734 0.252968 0.246768 0.935475 0.37996 0.31622 -0.384863 0.867113 0.400795 -0.930002 -0.306262 0.203222 -0.504304 0.187351 -0.87068 -0.45477 0.485867 
1533579224578 0.194121 0.934034 -0.299829 -0.614391 -0.947924 0.257276 0.187747 -0.249602 0.252501 0.247769 0.935336 0.379823 0.31622 -0.384863 0.867113 0.400795 -0.930002 -0.306262 0.203222 -0.504304 0.187351 -0.87068 -0.45477 0.485867 
1533579224589 0.193976 0.934047 -0.299882 -0.614392 -0.947943 0.25716 0.187811 -0.249587 0.252542 0.24784 0.935306 0.37985 0.31622 -0.384863 0.867113 0.400795 -0.930002 -0.306262 0.203222 -0.504304 0.187351 -0.87068 -0.45477 0.485867 
1533579224605 0.193818 0.93406 -0.299944 -0.61438 -0.947963 0.257035 0.187879 -0.249596 0.252587 0.247921 0.935273 0.379907 0.31622 -0.384863 0.867113 0.400795 -0.930002 -0.306262 0.203222 -0.504304 0.187351 -0.87068 -0.45477 0.485867 
1533579224693 0.19366 0.934073 -0.300007 -0.614364 -0.947984 0.256909 0.187948 -0.249605 0.252631 0.248004 0.935239 0.379966 0.31622 -0.384863 0.867113 0.400795 -0.930002 -0.306262 0.203222 -0.504304 0.187351 -0.87068 -0.45477 0.485867 
1533579224709 0.193501 0.934085 -0.30007 -0.614346 -0.948004 0.256783 0.188016 -0.249616 0.252676 0.248087 0.935205 0.380025 0.31622 -0.384863 0.867113 0.400795 -0.930002 -0.306262 0.203222 -0.504304 0.187351 -0.87068 -0.45477 0.485867 
1533579224726 0.193342 0.934098 -0.300134 -0.614325 -0.948025 0.256658 0.188084 -0.249624 0.25272 0.24817 0.935171 0.380085 0.31622 -0.384863 0.867113 0.400795 -0.930002 -0.306262 0.203222 -0.504304 0.187351 -0.87068 -0.45477 0.485867 
1533579224742 0.193183 0.93411 -0.300198 -0.6143 -0.948045 0.256532 0.188152 -0.249632 0.252765 0.248254 0.935136 0.380145 0.31622 -0.384863 0.867113 0.400795 -0.930002 -0.306262 0.203222 -0.504304 0.187351 -0.87068 -0.45477 0.485867 
1533579224759 0.193026 0.934122 -0.300262 -0.614274 -0.948066 0.256408 0.188219 -0.249637 0.252809 0.248337 0.935102 0.380203 0.31622 -0.384863 0.867113 0.400795 -0.930002 -0.306262 0.203222 -0.504304 0.187351 -0.87068 -0.45477 0.485867 
1533579224776 0.192869 0.934134 -0.300325 -0.61425 -0.948086 0.256284 0.188286 -0.24964 0.252853 0.24842 0.935068 0.380259 0.31622 -0.384863 0.867113 0.400795 -0.930002 -0.306262 0.203222 -0.504304 0.187351 -0.87068 -0.45477 0.485867 
1533579224793 0.192712 0.934146 -0.300389 -0.614225 -0.948106 0.25616 0.188353 -0.249643 0.252897 0.248502 0.935035 0.380316 0.31622 -0.384863 0.867113 0.400795 -0.930002 -0.306262 0.203222 -0.504304 0.187351 -0.87068 -0.45477 0.485867 
1533579224838 0.193684 0.934006 -0.300197 -0.614402 -0.947965 0.256985 0.187941 -0.249574 0.252684 0.248175 0.935179 0.379923 0.31622 -0.384863 0.867113 0.400795 -0.930002 -0.306262 0.203222 -0.504304 0.187351 -0.87068 -0.45477 0.485867 
1533579224849 0.193282 0.933943 -0.300654 -0.614369 -0.947947 0.256795 0.18829 -0.249701 0.253058 0.248611 0.934962 0.37998 0.31622 -0.384863 0.867113 0.400795 -0.930002 -0.306262 0.203222 -0.504304 0.187351 -0.87068 -0.45477 0.485867 
1533579224866 0.192867 0.93388 -0.301115 -0.614318 -0.94793 0.256595 0.188646 -0.249856 0.253437 0.249053 0.934742 0.380047 0.31622 -0.384863 0.867113 0.400795 -0.930002 -0.306262 0.203222 -0.504304 0.187351 -0.87068 -0.45477 0.485867 
1533579224872 0.192453 0.933817 -0.301576 -0.614266 -0.947913 0.256396 0.189001 -0.250008 0.253815 0.249494 0.934522 0.380113 0.31622 -0.384863 0.867113 0.400795 -0.930002 -0.306262 0.203222 -0.504304 0.187351 -0.87068 -0.45477 0.485867 
1533579224886 0.192038 0.933754 -0.302035 -0.614214 -0.947896 0.256197 0.189357 -0.25016 0.254193 0.249934 0.934301 0.380178 0.31622 -0.384863 0.867113 0.400795 -0.930002 -0.306262 0.203222 -0.504304 0.187351 -0.87068 -0.45477 0.485867 
1533579224893 0.191623 0.93369 -0.302495 -0.61416 -0.947879 0.255998 0.189713 -0.250312 0.254571 0.250375 0.93408 0.380242 0.31622 -0.384863 0.867113 0.400795 -0.930002 -0.306262 0.203222 -0.504304 0.187351 -0.87068 -0.45477 0.485867 
1533579225058 0.191208 0.933626 -0.302955 -0.614105 -0.947861 0.255799 0.190069 -0.250465 0.254949 0.250816 0.933859 0.380307 0.31622 -0.384863 0.867113 0.400795 -0.930002 -0.306262 0.203222 -0.504304 0.187351 -0.87068 -0.45477 0.485867 
1533579225089 0.190794 0.933562 -0.303414 -0.614052 -0.947843 0.255602 0.190424 -0.250615 0.255326 0.251257 0.933637 0.380371 0.31622 -0.384863 0.867113 0.400795 -0.930002 -0.306262 0.203222 -0.504304 0.187351 -0.87068 -0.45477 0.485867 
1533579225179 0.190379 0.933497 -0.303873 -0.613998 -0.947825 0.255404 0.19078 -0.250765 0.255703 0.251698 0.933415 0.380435 0.31622 -0.384863 0.867113 0.400795 -0.930002 -0.306262 0.203222 -0.504304 0.187351 -0.87068 -0.45477 0.485867 
1533579225230 0.189963 0.933432 -0.304332 -0.61394 -0.947806 0.255206 0.191136 -0.250917 0.25608 0.252139 0.933193 0.380499 0.31622 -0.384863 0.867113 0.400795 -0.930002 -0.306262 0.203222 -0.504304 0.187351 -0.87068 -0.45477 0.485867 
1533579225337 0.190449 0.933549 -0.303669 -0.614057 -0.947868 0.255372 0.190607 -0.250587 0.25549 0.251537 0.933517 0.380352 0.31622 -0.384863 0.867113 0.400795 -0.930002 -0.306262 0.203222 -0.504304 0.187351 -0.87068 -0.45477 0.485867 
1533579225347 0.190016 0.933641 -0.30366 -0.61397 -0.947944 0.254972 0.190764 -0.250742 0.25553 0.251604 0.933488 0.380358 0.31622 -0.384863 0.867113 0.400795 -0.930002 -0.306262 0.203222 -0.504304 0.187351 -0.87068 -0.45477 0.485867 
1533579225364 0.189572 0.933735 -0.303646 -0.613884 -0.948021 0.254562 0.190932 -0.250929 0.255576 0.251667 0.933458 0.380353 0.31622 -0.384863 0.867113 0.400795 -0.930002 -0.306262 0.203222 -0.504304 0.187351 -0.87068 -0.45477 0.485867 
1533579225381 0.189124 0.933833 -0.303626 -0.613816 -0.948097 0.254148 0.191103 -0.251132 0.255624 0.251725 0.933429 0.38034 0.31622 -0.384863 0.867113 0.400795 -0.930002 -0.306262 0.203222 -0.504304 0.187351 -0.87068 -0.45477 0.485867 
1533579225506 0.188678 0.933929 -0.303608 -0.613753 -0.948174 0.253736 0.191272 -0.251328 0.255671 0.251784 0.933401 0.380329 0.31622 -0.384863 0.867113 0.400795 -0.930002 -0.306262 0.203222 -0.504304 0.187351 -0.87068 -0.45477 0.485867 
1533579225575 0.188234 0.934024 -0.30359 -0.61369 -0.948249 0.253325 0.19144 -0.251522 0.255717 0.251843 0.933372 0.380319 0.31622 -0.384863 0.867113 0.400795 -0.930002 -0.306262 0.203222 -0.504304 0.187351 -0.87068 -0.45477 0.485867 
1533579225657 0.187789 0.93412 -0.303571 -0.613628 -0.948325 0.252914 0.191609 -0.251716 0.255763 0.251903 0.933344 0.38031 0.31622 -0.384863 0.867113 0.400795 -0.930002 -0.306262 0.203222 -0.504304 0.187351 -0.87068 -0.45477 0.485867 
1533579225725 0.187344 0.934215 -0.303553 -0.613565 -0.948401 0.252503 0.191777 -0.251909 0.255809 0.251962 0.933315 0.380301 0.31622 -0.384863 0.867113 0.400795 -0.930002 -0.306262 0.203222 -0.504304 0.187351 -0.87068 -0.45477 0.485867 
1533579225811 0.1869 0.93431 -0.303535 -0.613504 -0.948476 0.252092 0.191945 -0.252103 0.255854 0.252021 0.933287 0.380292 0.31622 -0.384863 0.867113 0.400795 -0.930002 -0.306262 0.203222 -0.504304 0.187351 -0.87068 -0.45477 0.485867 
1533579225869 0.186455 0.934405 -0.303517 -0.613441 -0.948551 0.251681 0.192113 -0.252296 0.2559 0.252081 0.933258 0.380283 0.31622 -0.384863 0.867113 0.400795 -0.930002 -0.306262 0.203222 -0.504304 0.187351 -0.87068 -0.45477 0.485867 
1533579225979 0.186952 0.934298 -0.30354 -0.613529 -0.948486 0.252122 0.191855 -0.252093 0.255778 0.252036 0.933303 0.380254 0.31622 -0.384863 0.867113 0.400795 -0.930002 -0.306262 0.203222 -0.504304 0.187351 -0.87068 -0.45477 0.485867 
1533579225991 0.186861 0.934307 -0.303568 -0.613481 -0.948524 0.252022 0.1918 -0.252172 0.255706 0.252102 0.933305 0.380237 0.31622 -0.384863 0.867113 0.400795 -0.930002 -0.306262 0.203222 -0.504304 0.187351 -0.87068 -0.45477 0.485867 
1533579226008 0.18676 0.934318 -0.303597 -0.613414 -0.948562 0.251916 0.191753 -0.252274 0.255639 0.252169 0.933306 0.380217 0.31622 -0.384863 0.867113 0.400795 -0.930002 -0.306262 0.203222 -0.504304 0.187351 -0.87068 -0.45477 0.485867 
1533579226024 0.18666 0.934328 -0.303625 -0.613347 -0.9486 0.251809 0.191706 -0.252375 0.255572 0.252235 0.933306 0.380195 0.31622 -0.384863 0.867113 0.400795 -0.930002 -0.306262 0.203222 -0.504304 0.187351 -0.87068 -0.45477 0.485867 
1533579226041 0.186561 0.934339 -0.303653 -0.613279 -0.948637 0.251703 0.191658 -0.252476 0.255504 0.252301 0.933307 0.380173 0.31622 -0.384863 0.867113 0.400795 -0.930002 -0.306262 0.203222 -0.504304 0.187351 -0.87068 -0.45477 0.485867 
1533579226058 0.186461 0.93435 -0.303681 -0.61321 -0.948675 0.251597 0.191611 -0.252577 0.255437 0.252367 0.933307 0.38015 0.31622 -0.384863 0.867113 0.400795 -0.930002 -0.306262 0.203222 -0.504304 0.187351 -0.87068 -0.45477 0.485867 
1533579226074 0.186361 0.934361 -0.30371 -0.613143 -0.948713 0.251491 0.191563 -0.252677 0.255369 0.252433 0.933308 0.380129 0.31622 -0.384863 0.867113 0.400795 -0.930002 -0.306262 0.203222 -0.504304 0.187351 -0.87068 -0.45477 0.485867 
1533579226091 0.186261 0.934372 -0.303738 -0.613073 -0.948751 0.251384 0.191516 -0.252779 0.255302 0.252499 0.933309 0.380105 0.31622 -0.384863 0.867113 0.400795 -0.930002 -0.306262 0.203222 -0.504304 0.187351 -0.87068 -0.45477 0.485867 
1533579226175 0.186161 0.934382 -0.303766 -0.613004 -0.948788 0.251278 0.191469 -0.252879 0.255235 0.252565 0.933309 0.380083 0.31622 -0.384863 0.867113 0.400795 -0.930002 -0.306262 0.203222 -0.504304 0.187351 -0.87068 -0.45477 0.485867 
1533579226194 0.186062 0.934393 -0.303794 -0.612935 -0.948826 0.251171 0.191422 -0.25298 0.255167 0.252632 0.93331 0.38006 0.31622 -0.384863 0.867113 0.400795 -0.930002 -0.306262 0.203222 -0.504304 0.187351 -0.87068 -0.45477 0.485867 
1533579226275 0.186301 0.9344 -0.303625 -0.613213 -0.948657 0.251484 0.19185 -0.252483 0.255621 0.252294 0.933277 0.38016 0.31622 -0.384863 0.867113 0.400795 -0.930002 -0.306262 0.203222 -0.504304 0.187351 -0.87068 -0.45477 0.485867 
1533579226287 0.18628 0.934357 -0.30377 -0.613106 -0.948646 0.251508 0.191871 -0.252581 0.255677 0.252429 0.933225 0.380117 0.31622 -0.384863 0.867113 0.400795 -0.930002 -0.306262 0.203222 -0.504304 0.187351 -0.87068 -0.45477 0.485867 
1533579226304 0.186257 0.934312 -0.303923 -0.612941 -0.948635 0.251533 0.191891 -0.252666 0.255733 0.252571 0.933171 0.380077 0.31622 -0.384863 0.867113 0.400795 -0.930002 -0.306262 0.203222 -0.504304 0.187351 -0.87068 -0.45477 0.485867 
1533579226311 0.186237 0.934266 -0.304077 -0.612779 -0.948625 0.25156 0.191909 -0.252746 0.255788 0.252715 0.933117 0.38004 0.31622 -0.384863 0.867113 0.400795 -0.930002 -0.306262 0.203222 -0.504304 0.187351 -0.87068 -0.45477 0.485867 
1533579226324 0.186216 0.93422 -0.304231 -0.612617 -0.948614 0.251587 0.191927 -0.252825 0.255843 0.252858 0.933063 0.380003 0.31622 -0.384863 0.867113 0.400795 -0.930002 -0.306262 0.203222 -0.504304 0.187351 -0.87068 -0.45477 0.485867 
1533579226443 0.186196 0.934174 -0.304385 -0.612454 -0.948603 0.251614 0.191945 -0.252903 0.255898 0.253001 0.933009 0.379966 0.31622 -0.384863 0.867113 0.400795 -0.930002 -0.306262 0.203222 -0.504304 0.187351 -0.87068 -0.45477 0.485867 
1533579226491 0.186176 0.934127 -0.30454 -0.612291 -0.948592 0.251642 0.191963 -0.25298 0.255953 0.253145 0.932955 0.37993 0.31622 -0.384863 0.867113 0.400795 -0.930002 -0.306262 0.203222 -0.504304 0.187351 -0.87068 -0.45477 0.485867 
1533579226530 0.186156 0.934081 -0.304694 -0.612128 -0.948581 0.251669 0.191981 -0.253059 0.256008 0.253288 0.932901 0.379893 0.31622 -0.384863 0.867113 0.400795 -0.930002 -0.306262 0.203222 -0.504304 0.187351 -0.87068 -0.45477 0.485867 
1533579226583 0.186136 0.934035 -0.304848 -0.611966 -0.94857 0.251696 0.191999 -0.253137 0.256063 0.253432 0.932847 0.379856 0.31622 -0.384863 0.867113 0.400795 -0.930002 -0.306262 0.203222 -0.504304 0.187351 -0.87068 -0.45477 0.485867 
1533579226631 0.186115 0.933989 -0.305002 -0.611804 -0.948559 0.251723 0.192017 -0.253215 0.256118 0.253575 0.932793 0.37982 0.31622 -0.384863 0.867113 0.400795 -0.930002 -0.306262 0.203222 -0.504304 0.187351 -0.87068 -0.45477 0.485867 
1533579226713 0.18619 0.934084 -0.304666 -0.612122 -0.948582 0.251688 0.191951 -0.253072 0.255979 0.253261 0.932917 0.379924 0.31622 -0.384863 0.867113 0.400795 -0.930002 -0.306262 0.203222 -0.504304 0.187351 -0.87068 -0.45477 0.485867 
1533579226726 0.185976 0.934148 -0.3046 -0.61198 -0.94857 0.251526 0.192221 -0.253129 0.256178 0.253186 0.932883 0.379901 0.31622 -0.384863 0.867113 0.400795 -0.930002 -0.306262 0.203222 -0.504304 0.187351 -0.87068 -0.45477 0.485867 
1533579226743 0.185755 0.934212 -0.304536 -0.611791 -0.948559 0.251358 0.192498 -0.253198 0.256382 0.253113 0.932846 0.379867 0.31622 -0.384863 0.867113 0.400795 -0.930002 -0.306262 0.203222 -0.504304 0.187351 -0.87068 -0.45477 0.485867 
1533579226759 0.185537 0.934276 -0.304475 -0.611595 -0.948547 0.251194 0.192772 -0.253255 0.256584 0.253042 0.93281 0.379837 0.31622 -0.384863 0.867113 0.400795 -0.930002 -0.306262 0.203222 -0.504304 0.187351 -0.87068 -0.45477 0.485867 
1533579226776 0.18532 0.934339 -0.304414 -0.611401 -0.948534 0.251031 0.193044 -0.25331 0.256786 0.252972 0.932773 0.37981 0.31622 -0.384863 0.867113 0.400795 -0.930002 -0.306262 0.203222 -0.504304 0.187351 -0.87068 -0.45477 0.485867 
1533579226910 0.185104 0.934401 -0.304353 -0.611206 -0.948522 0.250868 0.193316 -0.253363 0.256987 0.252902 0.932737 0.379783 0.31622 -0.384863 0.867113 0.400795 -0.930002 -0.306262 0.203222 -0.504304 0.187351 -0.87068 -0.45477 0.485867 
1533579226949 0.184888 0.934464 -0.304293 -0.611014 -0.94851 0.250706 0.193588 -0.253417 0.257189 0.252832 0.9327 0.379756 0.31622 -0.384863 0.867113 0.400795 -0.930002 -0.306262 0.203222 -0.504304 0.187351 -0.87068 -0.45477 0.485867 
1533579226996 0.184672 0.934526 -0.304232 -0.61082 -0.948497 0.250543 0.19386 -0.25347 0.25739 0.252763 0.932663 0.37973 0.31622 -0.384863 0.867113 0.400795 -0.930002 -0.306262 0.203222 -0.504304 0.187351 -0.87068 -0.45477 0.485867 
1533579227056 0.184456 0.934588 -0.304172 -0.610625 -0.948484 0.250381 0.194131 -0.253522 0.257592 0.252694 0.932627 0.379704 0.31622 -0.384863 0.867113 0.400795 -0.930002 -0.306262 0.203222 -0.504304 0.187351 -0.87068 -0.45477 0.485867 
1533579227063 0.18424 0.934651 -0.304111 -0.610431 -0.948472 0.250218 0.194403 -0.253575 0.257793 0.252624 0.93259 0.379678 0.31622 -0.384863 0.867113 0.400795 -0.930002 -0.306262 0.203222 -0.504304 0.187351 -0.87068 -0.45477 0.485867 
1533579227228 0.184397 0.934586 -0.304214 -0.610775 -0.948567 0.250265 0.193879 -0.25339 0.257331 0.252816 0.932665 0.379722 0.31622 -0.384863 0.867113 0.400795 -0.930002 -0.306262 0.203222 -0.504304 0.187351 -0.87068 -0.45477 0.485867 
1533579227241 0.184077 0.934609 -0.304337 -0.610638 -0.948581 0.250035 0.194104 -0.253451 0.257507 0.252959 0.932578 0.379754 0.31622 -0.384863 0.867113 0.400795 -0.930002 -0.306262 0.203222 -0.504304 0.187351 -0.87068 -0.45477 0.485867 
1533579227258 0.183756 0.934629 -0.304469 -0.610442 -0.948595 0.249807 0.194329 -0.2535 0.257684 0.253109 0.932488 0.37979 0.31622 -0.384863 0.867113 0.400795 -0.930002 -0.306262 0.203222 -0.504304 0.187351 -0.87068 -0.45477 0.485867 
1533579227274 0.183438 0.934649 -0.304601 -0.610249 -0.948609 0.249582 0.194552 -0.253543 0.257861 0.253259 0.932399 0.379829 0.31622 -0.384863 0.867113 0.400795 -0.930002 -0.306262 0.203222 -0.504304 0.187351 -0.87068 -0.45477 0.485867 
1533579227303 0.18312 0.934668 -0.304734 -0.610054 -0.948622 0.249357 0.194774 -0.253584 0.258037 0.25341 0.932309 0.379868 0.31622 -0.384863 0.867113 0.400795 -0.930002 -0.306262 0.203222 -0.504304 0.187351 -0.87068 -0.45477 0.485867 
1533579227430 0.182802 0.934687 -0.304866 -0.609862 -0.948636 0.249132 0.194997 -0.253626 0.258213 0.253561 0.932219 0.379907 0.31622 -0.384863 0.867113 0.400795 -0.930002 -0.306262 0.203222 -0.504304 0.187351 -0.87068 -0.45477 0.485867 
1533579227437 0.182484 0.934706 -0.304999 -0.609668 -0.948649 0.248907 0.19522 -0.253667 0.258389 0.253712 0.932129 0.379946 0.31622 -0.384863 0.867113 0.400795 -0.930002 -0.306262 0.203222 -0.504304 0.187351 -0.87068 -0.45477 0.485867 
1533579227555 0.182166 0.934725 -0.305131 -0.609475 -0.948662 0.248682 0.195442 -0.253709 0.258565 0.253863 0.932039 0.379985 0.31622 -0.384863 0.867113 0.400795 -0.930002 -0.306262 0.203222 -0.504304 0.187351 -0.87068 -0.45477 0.485867 
1533579227596 0.181847 0.934744 -0.305263 -0.609282 -0.948675 0.248457 0.195665 -0.253751 0.258741 0.254014 0.93195 0.380024 0.31622 -0.384863 0.867113 0.400795 -0.930002 -0.306262 0.203222 -0.504304 0.187351 -0.87068 -0.45477 0.485867 
1533579227670 0.181529 0.934763 -0.305395 -0.609089 -0.948688 0.248232 0.195887 -0.253792 0.258917 0.254165 0.931859 0.380063 0.31622 -0.384863 0.867113 0.400795 -0.930002 -0.306262 0.203222 -0.504304 0.187351 -0.87068 -0.45477 0.485867 
1533579227771 0.181867 0.934756 -0.305215 -0.609423 -0.948713 0.248424 0.195522 -0.253656 0.258588 0.254003 0.931995 0.37999 0.31622 -0.384863 0.867113 0.400795 -0.930002 -0.306262 0.203222 -0.504304 0.187351 -0.87068 -0.45477 0.485867 
1533579227783 0.181745 0.934796 -0.305165 -0.609332 -0.948756 0.24828 0.195499 -0.253694 0.258518 0.253996 0.932016 0.379987 0.31622 -0.384863 0.867113 0.400795 -0.930002 -0.306262 0.203222 -0.504304 0.187351 -0.87068 -0.45477 0.485867 
1533579227799 0.181617 0.934835 -0.305121 -0.60918 -0.948798 0.248132 0.19548 -0.253729 0.258452 0.253995 0.932035 0.379981 0.31622 -0.384863 0.867113 0.400795 -0.930002 -0.306262 0.203222 -0.504304 0.187351 -0.87068 -0.45477 0.485867 
1533579227816 0.181493 0.934873 -0.305078 -0.609031 -0.94884 0.247988 0.195458 -0.253755 0.258384 0.253996 0.932053 0.37998 0.31622 -0.384863 0.867113 0.400795 -0.930002 -0.306262 0.203222 -0.504304 0.187351 -0.87068 -0.45477 0.485867 
1533579227833 0.181369 0.934911 -0.305035 -0.608883 -0.948882 0.247845 0.195436 -0.25378 0.258317 0.253996 0.932072 0.379979 0.31622 -0.384863 0.867113 0.400795 -0.930002 -0.306262 0.203222 -0.504304 0.187351 -0.87068 -0.45477 0.485867 
1533579227849 0.181246 0.934949 -0.304993 -0.608734 -0.948924 0.247702 0.195413 -0.253804 0.258249 0.253997 0.932091 0.379979 0.31622 -0.384863 0.867113 0.400795 -0.930002 -0.306262 0.203222 -0.504304 0.187351 -0.87068 -0.45477 0.485867 
1533579227970 0.181123 0.934986 -0.304951 -0.608585 -0.948967 0.247558 0.19539 -0.253828 0.25818 0.253998 0.932109 0.379979 0.31622 -0.384863 0.867113 0.400795 -0.930002 -0.306262 0.203222 -0.504304 0.187351 -0.87068 -0.45477 0.485867 
1533579227976 0.180999 0.935024 -0.304908 -0.608439 -0.949009 0.247415 0.195368 -0.253853 0.258113 0.253999 0.932128 0.379978 0.31622 -0.384863 0.867113 0.400795 -0.930002 -0.306262 0.203222 -0.504304 0.187351 -0.87068 -0.45477 0.485867 
1533579228030 0.180876 0.935062 -0.304866 -0.608289 -0.949051 0.247272 0.195345 -0.253876 0.258044 0.254 0.932146 0.379978 0.31622 -0.384863 0.867113 0.400795 -0.930002 -0.306262 0.203222 -0.504304 0.187351 -0.87068 -0.45477 0.485867 
1533579228193 0.180753 0.935099 -0.304824 -0.608141 -0.949093 0.247128 0.195322 -0.2539 0.257976 0.254001 0.932165 0.379978 0.31622 -0.384863 0.867113 0.400795 -0.930002 -0.306262 0.203222 -0.504304 0.187351 -0.87068 -0.45477 0.485867 
1533579228278 0.180891 0.935061 -0.304859 -0.608488 -0.949001 0.247331 0.195512 -0.253746 0.258217 0.253945 0.932114 0.37995 0.31622 -0.384863 0.867113 0.400795 -0.930002 -0.306262 0.203222 -0.504304 0.187351 -0.87068 -0.45477 0.485867 
1533579228292 0.180792 0.9351 -0.304798 -0.608418 -0.949011 0.247234 0.195588 -0.253773 0.25825 0.253895 0.932118 0.379926 0.31622 -0.384863 0.867113 0.400795 -0.930002 -0.306262 0.203222 -0.504304 0.187351 -0.87068 -0.45477 0.485867 
1533579228308 0.180684 0.935142 -0.304734 -0.608314 -0.94902 0.24713 0.195672 -0.253818 0.25829 0.253844 0.932121 0.379887 0.31622 -0.384863 0.867113 0.400795 -0.930002 -0.306262 0.203222 -0.504304 0.187351 -0.87068 -0.45477 0.485867 
1533579228325 0.180577 0.935183 -0.304672 -0.608199 -0.94903 0.247026 0.195755 -0.25386 0.258329 0.253794 0.932124 0.379847 0.31622 -0.384863 0.867113 0.400795 -0.930002 -0.306262 0.203222 -0.504304 0.187351 -0.87068 -0.45477 0.485867 
1533579228341 0.180471 0.935223 -0.304612 -0.608084 -0.94904 0.246923 0.195838 -0.253897 0.258368 0.253746 0.932126 0.379811 0.31622 -0.384863 0.867113 0.400795 -0.930002 -0.306262 0.203222 -0.504304 0.187351 -0.87068 -0.45477 0.485867 
1533579228358 0.180366 0.935263 -0.304552 -0.607966 -0.949049 0.246822 0.195919 -0.253931 0.258406 0.253698 0.932129 0.379775 0.31622 -0.384863 0.867113 0.400795 -0.930002 -0.306262 0.203222 -0.504304 0.187351 -0.87068 -0.45477 0.485867 
1533579228375 0.180261 0.935302 -0.304492 -0.607852 -0.949059 0.246721 0.196 -0.253965 0.258444 0.25365 0.932131 0.379741 0.31622 -0.384863 0.867113 0.400795 -0.930002 -0.306262 0.203222 -0.504304 0.187351 -0.87068 -0.45477 0.485867 
1533579228391 0.180156 0.935342 -0.304432 -0.607736 -0.949068 0.24662 0.196081 -0.253997 0.258482 0.253602 0.932134 0.379707 0.31622 -0.384863 0.867113 0.400795 -0.930002 -0.306262 0.203222 -0.504304 0.187351 -0.87068 -0.45477 0.485867 
1533579228494 0.180052 0.935382 -0.304373 -0.607622 -0.949078 0.246519 0.196162 -0.25403 0.25852 0.253554 0.932136 0.379674 0.31622 -0.384863 0.867113 0.400795 -0.930002 -0.306262 0.203222 -0.504304 0.187351 -0.87068 -0.45477 0.485867 
1533579228520 0.179948 0.935421 -0.304313 -0.607506 -0.949087 0.246418 0.196242 -0.254062 0.258557 0.253506 0.932139 0.37964 0.31622 -0.384863 0.867113 0.400795 -0.930002 -0.306262 0.203222 -0.504304 0.187351 -0.87068 -0.45477 0.485867 
1533579228572 0.180424 0.935285 -0.30445 -0.607891 -0.949041 0.246853 0.19592 -0.253972 0.258395 0.253587 0.932162 0.379781 0.31622 -0.384863 0.867113 0.400795 -0.930002 -0.306262 0.203222 -0.504304 0.187351 -0.87068 -0.45477 0.485867 
1533579228583 0.180262 0.935332 -0.304402 -0.607805 -0.94905 0.246711 0.196054 -0.253991 0.258474 0.253551 0.932149 0.379723 0.31622 -0.384863 0.867113 0.400795 -0.930002 -0.306262 0.203222 -0.504304 0.187351 -0.87068 -0.45477 0.485867 
1533579228600 0.180093 0.935381 -0.304351 -0.607686 -0.949059 0.246564 0.196195 -0.254027 0.258559 0.253514 0.932136 0.379649 0.31622 -0.384863 0.867113 0.400795 -0.930002 -0.306262 0.203222 -0.504304 0.187351 -0.87068 -0.45477 0.485867 
1533579228617 0.179924 0.935429 -0.304302 -0.607556 -0.949069 0.246417 0.196336 -0.25406 0.258643 0.253478 0.932123 0.379575 0.31622 -0.384863 0.867113 0.400795 -0.930002 -0.306262 0.203222 -0.504304 0.187351 -0.87068 -0.45477 0.485867 
1533579228635 0.179756 0.935477 -0.304254 -0.607426 -0.949077 0.246271 0.196475 -0.254089 0.258727 0.253443 0.932109 0.379503 0.31622 -0.384863 0.867113 0.400795 -0.930002 -0.306262 0.203222 -0.504304 0.187351 -0.87068 -0.45477 0.485867 
1533579228650 0.17959 0.935524 -0.304207 -0.607293 -0.949086 0.246127 0.196614 -0.254115 0.25881 0.253409 0.932095 0.379433 0.31622 -0.384863 0.867113 0.400795 -0.930002 -0.306262 0.203222 -0.504304 0.187351 -0.87068 -0.45477 0.485867 
1533579228667 0.179423 0.935571 -0.30416 -0.607163 -0.949095 0.245982 0.196752 -0.25414 0.258893 0.253375 0.932081 0.379365 0.31622 -0.384863 0.867113 0.400795 -0.930002 -0.306262 0.203222 -0.504304 0.187351 -0.87068 -0.45477 0.485867 
1533579228683 0.179257 0.935618 -0.304114 -0.607032 -0.949104 0.245838 0.19689 -0.254164 0.258976 0.253342 0.932067 0.379296 0.31622 -0.384863 0.867113 0.400795 -0.930002 -0.306262 0.203222 -0.504304 0.187351 -0.87068 -0.45477 0.485867 
1533579228798 0.179091 0.935665 -0.304067 -0.606902 -0.949113 0.245694 0.197028 -0.254188 0.259059 0.253308 0.932053 0.379228 0.31622 -0.384863 0.867113 0.400795 -0.930002 -0.306262 0.203222 -0.504304 0.187351 -0.87068 -0.45477 0.485867 
1533579228818 0.178925 0.935712 -0.30402 -0.606771 -0.949121 0.24555 0.197165 -0.254212 0.259142 0.253274 0.932039 0.37916 0.31622 -0.384863 0.867113 0.400795 -0.930002 -0.306262 0.203222 -0.504304 0.187351 -0.87068 -0.45477 0.485867 
1533579228866 0.179263 0.935595 -0.304182 -0.607142 -0.949119 0.245842 0.196812 -0.254108 0.258917 0.253424 0.932062 0.379308 0.31622 -0.384863 0.867113 0.400795 -0.930002 -0.306262 0.203222 -0.504304 0.187351 -0.87068 -0.45477 0.485867 
1533579228879 0.17913 0.935701 -0.303935 -0.60707 -0.949201 0.245609 0.196708 -0.2541 0.258709 0.253259 0.932164 0.37926 0.31622 -0.384863 0.867113 0.400795 -0.930002 -0.306262 0.203222 -0.504304 0.187351 -0.87068 -0.45477 0.485867 
1533579228896 0.178991 0.93581 -0.303679 -0.606971 -0.949282 0.245371 0.196614 -0.254111 0.258508 0.253084 0.932267 0.379176 0.31622 -0.384863 0.867113 0.400795 -0.930002 -0.306262 0.203222 -0.504304 0.187351 -0.87068 -0.45477 0.485867 
1533579228912 0.178852 0.93592 -0.303423 -0.60687 -0.949363 0.245133 0.196521 -0.254122 0.258307 0.25291 0.93237 0.379093 0.31622 -0.384863 0.867113 0.400795 -0.930002 -0.306262 0.203222 -0.504304 0.187351 -0.87068 -0.45477 0.485867 
1533579228929 0.178714 0.936029 -0.303168 -0.606771 -0.949444 0.244895 0.196426 -0.25413 0.258105 0.252737 0.932473 0.379015 0.31622 -0.384863 0.867113 0.400795 -0.930002 -0.306262 0.203222 -0.504304 0.187351 -0.87068 -0.45477 0.485867 
1533579228963 0.178575 0.936138 -0.302913 -0.606671 -0.949525 0.244657 0.196332 -0.25414 0.257903 0.252564 0.932576 0.378935 0.31622 -0.384863 0.867113 0.400795 -0.930002 -0.306262 0.203222 -0.504304 0.187351 -0.87068 -0.45477 0.485867 
1533579228970 0.178435 0.936247 -0.302658 -0.606569 -0.949605 0.244419 0.196237 -0.25415 0.257702 0.25239 0.932678 0.378855 0.31622 -0.384863 0.867113 0.400795 -0.930002 -0.306262 0.203222 -0.504304 0.187351 -0.87068 -0.45477 0.485867 
1533579229040 0.178296 0.936356 -0.302403 -0.606467 -0.949686 0.24418 0.196143 -0.254159 0.257501 0.252217 0.932781 0.378775 0.31622 -0.384863 0.867113 0.400795 -0.930002 -0.306262 0.203222 -0.504304 0.187351 -0.87068 -0.45477 0.485867 
1533579229057 0.178157 0.936465 -0.302149 -0.606366 -0.949767 0.243943 0.196048 -0.254168 0.257299 0.252044 0.932883 0.378697 0.31622 -0.384863 0.867113 0.400795 -0.930002 -0.306262 0.203222 -0.504304 0.187351 -0.87068 -0.45477 0.485867 
1533579229080 0.178018 0.936573 -0.301894 -0.606266 -0.949848 0.243705 0.195953 -0.254177 0.257097 0.25187 0.932986 0.378618 0.31622 -0.384863 0.867113 0.400795 -0.930002 -0.306262 0.203222 -0.504304 0.187351 -0.87068 -0.45477 0.485867 
1533579229141 0.178443 0.936218 -0.302745 -0.606644 -0.949627 0.244421 0.196129 -0.254107 0.257617 0.252497 0.932673 0.378819 0.31622 -0.384863 0.867113 0.400795 -0.930002 -0.306262 0.203222 -0.504304 0.187351 -0.87068 -0.45477 0.485867 
1533579229153 0.178278 0.93629 -0.30262 -0.606575 -0.949633 0.244264 0.196299 -0.254114 0.257711 0.252382 0.932678 0.378836 0.31622 -0.384863 0.867113 0.400795 -0.930002 -0.306262 0.203222 -0.504304 0.187351 -0.87068 -0.45477 0.485867 
1533579229170 0.178102 0.936365 -0.302491 -0.606482 -0.949638 0.244098 0.196477 -0.254144 0.257812 0.252264 0.932682 0.378841 0.31622 -0.384863 0.867113 0.400795 -0.930002 -0.306262 0.203222 -0.504304 0.187351 -0.87068 -0.45477 0.485867 
1533579229187 0.177927 0.93644 -0.302362 -0.606389 -0.949644 0.243933 0.196655 -0.254171 0.257912 0.252146 0.932686 0.378846 0.31622 -0.384863 0.867113 0.400795 -0.930002 -0.306262 0.203222 -0.504304 0.187351 -0.87068 -0.45477 0.485867 
1533579229203 0.177752 0.936514 -0.302234 -0.606293 -0.949649 0.243767 0.196833 -0.254199 0.258012 0.252029 0.93269 0.378851 0.31622 -0.384863 0.867113 0.400795 -0.930002 -0.306262 0.203222 -0.504304 0.187351 -0.87068 -0.45477 0.485867 
1533579229220 0.177577 0.936589 -0.302105 -0.606198 -0.949655 0.243602 0.197011 -0.254225 0.258112 0.251911 0.932695 0.378856 0.31622 -0.384863 0.867113 0.400795 -0.930002 -0.306262 0.203222 -0.504304 0.187351 -0.87068 -0.45477 0.485867 
1533579229237 0.177403 0.936663 -0.301977 -0.606101 -0.94966 0.243437 0.197189 -0.254252 0.258212 0.251794 0.932699 0.37886 0.31622 -0.384863 0.867113 0.400795 -0.930002 -0.306262 0.203222 -0.504304 0.187351 -0.87068 -0.45477 0.485867 
1533579229254 0.177228 0.936738 -0.301848 -0.606007 -0.949666 0.243272 0.197366 -0.254277 0.258312 0.251676 0.932703 0.378866 0.31622 -0.384863 0.867113 0.400795 -0.930002 -0.306262 0.203222 -0.504304 0.187351 -0.87068 -0.45477 0.485867 
