1533831168339 0.317692 0.924398 -0.211093 -0.564992 -0.938785 0.33793 0.0669727 -0.218162 0.133244 0.176894 0.975169 0.341009 0.16008 -0.304787 0.938871 0.370831 -0.775623 0.549475 0.310623 -0.528794 -0.61056 -0.777934 -0.14844 0.432481 
1533831168349 0.30664 0.917645 -0.252782 -0.568169 -0.940559 0.332869 0.0674229 -0.220274 0.146014 0.217082 0.965171 0.346795 0.316241 -0.38488 0.867098 0.400864 -0.930001 -0.306251 0.203246 -0.504429 0.187325 -0.870677 -0.454788 0.485926 
1533831169087 0.295056 0.909126 -0.293993 -0.571259 -0.942283 0.327827 0.0680627 -0.222326 0.158257 0.256942 0.953381 0.352473 0.316241 -0.38488 0.867098 0.400864 -0.930001 -0.306251 0.203246 -0.504429 0.187325 -0.870677 -0.454788 0.485926 
1533831169906 0.282934 0.898864 -0.334652 -0.574393 -0.943953 0.322797 0.0689501 -0.224408 0.170001 0.296388 0.939816 0.358206 0.316241 -0.38488 0.867098 0.400864 -0.930001 -0.306251 0.203246 -0.504429 0.187325 -0.870677 -0.454788 0.485926 
1533831170685 0.270304 0.886877 -0.37468 -0.577527 -0.945568 0.317793 0.0700641 -0.226491 0.181209 0.335347 0.924503 0.363937 0.316241 -0.38488 0.867098 0.400864 -0.930001 -0.306251 0.203246 -0.504429 0.187325 -0.870677 -0.454788 0.485926 
1533831171452 0.257193 0.873187 -0.414 -0.580662 -0.947123 0.312824 0.0714027 -0.228575 0.191857 0.373745 0.907472 0.369669 0.316241 -0.38488 0.867098 0.400864 -0.930001 -0.306251 0.203246 -0.504429 0.187325 -0.870677 -0.454788 0.485926 
1533831172223 0.243624 0.857822 -0.452537 -0.583798 -0.948616 0.307901 0.0729637 -0.230662 0.201927 0.411508 0.888756 0.375399 0.316241 -0.38488 0.867098 0.400864 -0.930001 -0.306251 0.203246 -0.504429 0.187325 -0.870677 -0.454788 0.485926 
1533831172998 0.229622 0.840809 -0.490217 -0.586937 -0.950044 0.303033 0.0747448 -0.232752 0.211398 0.448565 0.868389 0.381128 0.316241 -0.38488 0.867098 0.400864 -0.930001 -0.306251 0.203246 -0.504429 0.187325 -0.870677 -0.454788 0.485926 
1533831173772 0.215215 0.822184 -0.526969 -0.590081 -0.951405 0.298227 0.0767437 -0.234847 0.220254 0.484844 0.846413 0.386854 0.316241 -0.38488 0.867098 0.400864 -0.930001 -0.306251 0.203246 -0.504429 0.187325 -0.870677 -0.454788 0.485926 
1533831174543 0.200135 0.802241 -0.562455 -0.59416 -0.952728 0.293288 0.0793199 -0.237882 0.228595 0.519992 0.823014 0.392125 0.316531 -0.385118 0.866887 0.401814 -0.929976 -0.306103 0.20358 -0.50615 0.186955 -0.870623 -0.455042 0.486735 
1533831175332 0.200096 0.802569 -0.562001 -0.594171 -0.952783 0.293103 0.0793366 -0.237573 0.228397 0.51959 0.823323 0.391682 0.316531 -0.385118 0.866887 0.401814 -0.929976 -0.306103 0.20358 -0.50615 0.186955 -0.870623 -0.455042 0.486735 
1533831175343 0.198635 0.800404 -0.565594 -0.594384 -0.952898 0.292677 0.0795295 -0.237713 0.229192 0.523157 0.82084 0.392348 0.316221 -0.384863 0.867113 0.400797 -0.930002 -0.306262 0.203223 -0.504308 0.187351 -0.87068 -0.45477 0.485869 
1533831175599 0.197171 0.798224 -0.569177 -0.594597 -0.953012 0.292253 0.0797231 -0.237853 0.22998 0.526714 0.818341 0.393013 0.316221 -0.384863 0.867113 0.400797 -0.930002 -0.306262 0.203223 -0.504308 0.187351 -0.87068 -0.45477 0.485869 
1533831175864 0.195704 0.796028 -0.572748 -0.594809 -0.953126 0.291829 0.0799191 -0.237993 0.230762 0.53026 0.815826 0.393679 0.316221 -0.384863 0.867113 0.400797 -0.930002 -0.306262 0.203223 -0.504308 0.187351 -0.87068 -0.45477 0.485869 
1533831176127 0.194233 0.793815 -0.576308 -0.595021 -0.953239 0.291406 0.0801166 -0.238132 0.231537 0.533798 0.813296 0.394345 0.31622 -0.384863 0.867113 0.400797 -0.930002 -0.306262 0.203222 -0.504307 0.187351 -0.87068 -0.45477 0.485868 
1533831176388 0.192759 0.791587 -0.579857 -0.595232 -0.953351 0.290984 0.0803158 -0.238271 0.232306 0.537326 0.81075 0.395011 0.316221 -0.384863 0.867113 0.400796 -0.930002 -0.306262 0.203223 -0.504306 0.187351 -0.87068 -0.45477 0.485868 
1533831176656 0.191282 0.789343 -0.583394 -0.595444 -0.953462 0.290562 0.0805174 -0.23841 0.233068 0.540843 0.808188 0.395677 0.316221 -0.384863 0.867113 0.400796 -0.930002 -0.306262 0.203223 -0.504306 0.187351 -0.87068 -0.45477 0.485868 
1533831176920 0.189801 0.787083 -0.58692 -0.595655 -0.953573 0.290141 0.0807203 -0.238548 0.233823 0.544351 0.805611 0.396343 0.31622 -0.384863 0.867113 0.400796 -0.930002 -0.306262 0.203222 -0.504306 0.187351 -0.87068 -0.454769 0.485868 
1533831177186 0.188317 0.784808 -0.590435 -0.595866 -0.953684 0.289722 0.0809251 -0.238687 0.234572 0.547849 0.803018 0.39701 0.31622 -0.384863 0.867113 0.400796 -0.930002 -0.306262 0.203222 -0.504305 0.187351 -0.87068 -0.45477 0.485867 
1533831177453 0.186829 0.782517 -0.593938 -0.596078 -0.953793 0.289302 0.0811322 -0.238826 0.235315 0.551336 0.80041 0.397676 0.31622 -0.384863 0.867113 0.400796 -0.930002 -0.306262 0.203222 -0.504305 0.187351 -0.87068 -0.45477 0.485867 
1533831177735 0.186953 0.782903 -0.59339 -0.596097 -0.953828 0.289207 0.0810592 -0.238773 0.235074 0.550839 0.800823 0.397453 0.31622 -0.384863 0.867113 0.400796 -0.930002 -0.306262 0.203222 -0.504305 0.187351 -0.87068 -0.45477 0.485867 
1533831177745 0.187683 0.783264 -0.592683 -0.596115 -0.953754 0.289565 0.080655 -0.238767 0.234795 0.550136 0.801387 0.397377 0.31622 -0.384863 0.867113 0.400795 -0.930002 -0.306262 0.203222 -0.504304 0.187351 -0.87068 -0.454769 0.485867 
1533831177896 0.188411 0.783626 -0.591972 -0.596139 -0.953679 0.289923 0.0802531 -0.238765 0.234515 0.549431 0.801953 0.397298 0.31622 -0.384863 0.867113 0.400795 -0.930002 -0.306262 0.203222 -0.504304 0.187351 -0.87068 -0.454769 0.485867 
1533831177973 0.189139 0.783988 -0.591261 -0.596163 -0.953604 0.290281 0.0798521 -0.238764 0.234235 0.548726 0.802517 0.39722 0.31622 -0.384863 0.867113 0.400795 -0.930002 -0.306262 0.203222 -0.504304 0.187351 -0.87068 -0.454769 0.485867 
1533831178076 0.189866 0.784349 -0.590549 -0.596187 -0.953528 0.290639 0.0794512 -0.238763 0.233954 0.54802 0.803081 0.397141 0.31622 -0.384863 0.867113 0.400795 -0.930002 -0.306262 0.203222 -0.504304 0.187351 -0.87068 -0.454769 0.485867 
1533831178082 0.190594 0.784708 -0.589837 -0.596209 -0.953452 0.290998 0.0790501 -0.23876 0.233673 0.547315 0.803644 0.397063 0.31622 -0.384863 0.867113 0.400795 -0.930002 -0.306262 0.203222 -0.504304 0.187351 -0.87068 -0.454769 0.485867 
1533831178253 0.19132 0.785067 -0.589123 -0.596233 -0.953376 0.291357 0.07865 -0.238759 0.233391 0.546608 0.804207 0.396985 0.31622 -0.384863 0.867113 0.400795 -0.930002 -0.306262 0.203222 -0.504304 0.187351 -0.87068 -0.454769 0.485867 
1533831178360 0.192047 0.785425 -0.588409 -0.596256 -0.953299 0.291716 0.0782497 -0.238757 0.233108 0.545902 0.804768 0.396907 0.31622 -0.384863 0.867113 0.400795 -0.930002 -0.306262 0.203222 -0.504304 0.187351 -0.87068 -0.454769 0.485867 
1533831178446 0.192773 0.785783 -0.587694 -0.59628 -0.953222 0.292075 0.0778503 -0.238756 0.232824 0.545195 0.805329 0.396828 0.31622 -0.384863 0.867113 0.400795 -0.930002 -0.306262 0.203222 -0.504304 0.187351 -0.87068 -0.454769 0.485867 
1533831178545 0.193499 0.786139 -0.586978 -0.596303 -0.953144 0.292435 0.0774507 -0.238754 0.23254 0.544488 0.805889 0.39675 0.31622 -0.384863 0.867113 0.400795 -0.930002 -0.306262 0.203222 -0.504304 0.187351 -0.87068 -0.454769 0.485867 
1533831178639 0.192654 0.785799 -0.587712 -0.596278 -0.953256 0.291956 0.0778782 -0.238701 0.232782 0.545236 0.805314 0.396846 0.31622 -0.384863 0.867113 0.400795 -0.930002 -0.306262 0.203222 -0.504304 0.187351 -0.87068 -0.454769 0.485867 
1533831178652 0.192987 0.785914 -0.587448 -0.596275 -0.953141 0.292312 0.0779438 -0.238714 0.232975 0.544878 0.8055 0.396845 0.31622 -0.384863 0.867113 0.400795 -0.930002 -0.306262 0.203222 -0.504304 0.187351 -0.87068 -0.454769 0.485867 
1533831178659 0.193318 0.786031 -0.587183 -0.596277 -0.953027 0.292667 0.0780122 -0.238731 0.233169 0.54452 0.805686 0.396841 0.31622 -0.384863 0.867113 0.400795 -0.930002 -0.306262 0.203222 -0.504304 0.187351 -0.87068 -0.454769 0.485867 
1533831178671 0.193649 0.786148 -0.586917 -0.596279 -0.952912 0.293021 0.0780813 -0.23875 0.233362 0.544161 0.805873 0.396836 0.31622 -0.384863 0.867113 0.400795 -0.930002 -0.306262 0.203222 -0.504304 0.187351 -0.87068 -0.454769 0.485867 
1533831178688 0.193979 0.786264 -0.586652 -0.596281 -0.952798 0.293375 0.0781501 -0.238767 0.233556 0.543801 0.806059 0.396832 0.31622 -0.384863 0.867113 0.400795 -0.930002 -0.306262 0.203222 -0.504304 0.187351 -0.87068 -0.454769 0.485867 
1533831178721 0.194311 0.78638 -0.586387 -0.596282 -0.952683 0.293729 0.0782186 -0.238784 0.233749 0.543443 0.806245 0.396828 0.31622 -0.384863 0.867113 0.400795 -0.930002 -0.306262 0.203222 -0.504304 0.187351 -0.87068 -0.454769 0.485867 
1533831178796 0.194641 0.786496 -0.586122 -0.596285 -0.952568 0.294083 0.0782878 -0.238802 0.233942 0.543083 0.806432 0.396824 0.31622 -0.384863 0.867113 0.400795 -0.930002 -0.306262 0.203222 -0.504304 0.187351 -0.87068 -0.454769 0.485867 
1533831178803 0.194972 0.786611 -0.585857 -0.596286 -0.952453 0.294437 0.0783566 -0.238819 0.234134 0.542724 0.806618 0.39682 0.31622 -0.384863 0.867113 0.400795 -0.930002 -0.306262 0.203222 -0.504304 0.187351 -0.87068 -0.454769 0.485867 
1533831178861 0.195303 0.786727 -0.585591 -0.596288 -0.952338 0.294791 0.0784262 -0.238837 0.234327 0.542364 0.806804 0.396816 0.31622 -0.384863 0.867113 0.400795 -0.930002 -0.306262 0.203222 -0.504304 0.187351 -0.87068 -0.454769 0.485867 
1533831178916 0.195634 0.786842 -0.585326 -0.59629 -0.952223 0.295145 0.0784954 -0.238855 0.23452 0.542004 0.806989 0.396812 0.31622 -0.384863 0.867113 0.400795 -0.930002 -0.306262 0.203222 -0.504304 0.187351 -0.87068 -0.454769 0.485867 
1533831178956 0.194621 0.786587 -0.586007 -0.596284 -0.952567 0.294068 0.0783609 -0.238787 0.233963 0.54296 0.806508 0.396872 0.31622 -0.384863 0.867113 0.400795 -0.930002 -0.306262 0.203222 -0.504304 0.187351 -0.87068 -0.454769 0.485867 
1533831178966 0.194889 0.786748 -0.585701 -0.596284 -0.952494 0.294299 0.0783832 -0.23879 0.234039 0.542601 0.806728 0.396858 0.31622 -0.384863 0.867113 0.400795 -0.930002 -0.306262 0.203222 -0.504304 0.187351 -0.87068 -0.45477 0.485867 
1533831178983 0.195154 0.786911 -0.585394 -0.596289 -0.952421 0.294529 0.0784077 -0.238797 0.234115 0.54224 0.806948 0.396843 0.31622 -0.384863 0.867113 0.400795 -0.930002 -0.306262 0.203222 -0.504304 0.187351 -0.87068 -0.45477 0.485867 
1533831178999 0.195418 0.787074 -0.585087 -0.596294 -0.952348 0.294758 0.0784328 -0.238805 0.234191 0.541879 0.807169 0.396826 0.31622 -0.384863 0.867113 0.400795 -0.930002 -0.306262 0.203222 -0.504304 0.187351 -0.87068 -0.45477 0.485867 
1533831179016 0.195683 0.787236 -0.58478 -0.596298 -0.952275 0.294987 0.0784571 -0.238811 0.234267 0.541518 0.807389 0.396811 0.31622 -0.384863 0.867113 0.400795 -0.930002 -0.306262 0.203222 -0.504304 0.187351 -0.87068 -0.45477 0.485867 
1533831179033 0.195948 0.787398 -0.584472 -0.596303 -0.952202 0.295216 0.0784822 -0.238818 0.234342 0.541157 0.807609 0.396795 0.31622 -0.384863 0.867113 0.400795 -0.930002 -0.306262 0.203222 -0.504304 0.187351 -0.87068 -0.45477 0.485867 
1533831179130 0.196213 0.787561 -0.584165 -0.596308 -0.952129 0.295445 0.0785074 -0.238826 0.234418 0.540796 0.807829 0.396779 0.31622 -0.384863 0.867113 0.400795 -0.930002 -0.306262 0.203222 -0.504304 0.187351 -0.87068 -0.45477 0.485867 
1533831179171 0.196478 0.787723 -0.583858 -0.596312 -0.952055 0.295674 0.0785322 -0.238833 0.234493 0.540435 0.808049 0.396763 0.31622 -0.384863 0.867113 0.400795 -0.930002 -0.306262 0.203222 -0.504304 0.187351 -0.87068 -0.45477 0.485867 
1533831179205 0.196742 0.787885 -0.58355 -0.596318 -0.951982 0.295903 0.0785577 -0.238841 0.234569 0.540073 0.808269 0.396747 0.31622 -0.384863 0.867113 0.400795 -0.930002 -0.306262 0.203222 -0.504304 0.187351 -0.87068 -0.45477 0.485867 
1533831179247 0.197007 0.788046 -0.583242 -0.596322 -0.951909 0.296132 0.0785828 -0.238847 0.234644 0.539712 0.808488 0.396731 0.31622 -0.384863 0.867113 0.400795 -0.930002 -0.306262 0.203222 -0.504304 0.187351 -0.87068 -0.45477 0.485867 
1533831179310 0.196399 0.787627 -0.584013 -0.596292 -0.952045 0.295686 0.0786106 -0.238818 0.234601 0.540567 0.807929 0.396776 0.31622 -0.384863 0.867113 0.400795 -0.930002 -0.306262 0.203222 -0.504304 0.187351 -0.87068 -0.45477 0.485867 
1533831179321 0.196369 0.78774 -0.58387 -0.596291 -0.95203 0.295696 0.078754 -0.238828 0.234686 0.540397 0.808018 0.396763 0.31622 -0.384863 0.867113 0.400795 -0.930002 -0.306262 0.203222 -0.504304 0.187351 -0.87068 -0.45477 0.485867 
1533831179338 0.196337 0.787855 -0.583727 -0.596294 -0.952016 0.295704 0.0788988 -0.238843 0.234771 0.540226 0.808108 0.396749 0.31622 -0.384863 0.867113 0.400795 -0.930002 -0.306262 0.203222 -0.504304 0.187351 -0.87068 -0.45477 0.485867 
1533831179355 0.196306 0.787969 -0.583583 -0.596296 -0.952001 0.295712 0.0790435 -0.238857 0.234856 0.540055 0.808197 0.396734 0.31622 -0.384863 0.867113 0.400795 -0.930002 -0.306262 0.203222 -0.504304 0.187351 -0.87068 -0.45477 0.485867 
1533831179372 0.196274 0.788083 -0.583439 -0.596299 -0.951987 0.29572 0.0791884 -0.238872 0.234942 0.539884 0.808287 0.39672 0.31622 -0.384863 0.867113 0.400795 -0.930002 -0.306262 0.203222 -0.504304 0.187351 -0.87068 -0.45477 0.485867 
1533831179440 0.196242 0.788198 -0.583295 -0.596303 -0.951972 0.295728 0.0793335 -0.238887 0.235027 0.539712 0.808377 0.396705 0.31622 -0.384863 0.867113 0.400795 -0.930002 -0.306262 0.203222 -0.504304 0.187351 -0.87068 -0.45477 0.485867 
1533831179457 0.19621 0.788312 -0.583151 -0.596306 -0.951958 0.295736 0.0794786 -0.238902 0.235113 0.539541 0.808466 0.39669 0.31622 -0.384863 0.867113 0.400795 -0.930002 -0.306262 0.203222 -0.504304 0.187351 -0.87068 -0.45477 0.485867 
1533831179492 0.196179 0.788426 -0.583008 -0.596308 -0.951943 0.295744 0.0796232 -0.238916 0.235198 0.53937 0.808556 0.396675 0.31622 -0.384863 0.867113 0.400795 -0.930002 -0.306262 0.203222 -0.504304 0.187351 -0.87068 -0.45477 0.485867 
1533831179529 0.196147 0.788541 -0.582864 -0.596312 -0.951929 0.295752 0.0797684 -0.238932 0.235284 0.539198 0.808645 0.39666 0.31622 -0.384863 0.867113 0.400795 -0.930002 -0.306262 0.203222 -0.504304 0.187351 -0.87068 -0.45477 0.485867 
1533831179565 0.196116 0.788655 -0.58272 -0.596315 -0.951914 0.29576 0.0799131 -0.238946 0.235369 0.539027 0.808734 0.396646 0.31622 -0.384863 0.867113 0.400795 -0.930002 -0.306262 0.203222 -0.504304 0.187351 -0.87068 -0.45477 0.485867 
1533831179591 0.196059 0.788249 -0.583287 -0.596319 -0.951997 0.295607 0.0794869 -0.238852 0.235079 0.539704 0.808367 0.396705 0.31622 -0.384863 0.867113 0.400795 -0.930002 -0.306262 0.203222 -0.504304 0.187351 -0.87068 -0.45477 0.485867 
1533831179603 0.196024 0.788327 -0.583194 -0.596322 -0.952003 0.295572 0.0795473 -0.238861 0.235085 0.539609 0.808429 0.396684 0.31622 -0.384863 0.867113 0.400795 -0.930002 -0.306262 0.203222 -0.504304 0.187351 -0.87068 -0.45477 0.485867 
1533831179609 0.195988 0.788407 -0.583098 -0.596328 -0.952009 0.295535 0.0796089 -0.238875 0.23509 0.539512 0.808492 0.39666 0.31622 -0.384863 0.867113 0.400795 -0.930002 -0.306262 0.203222 -0.504304 0.187351 -0.87068 -0.45477 0.485867 
1533831179622 0.195951 0.788487 -0.583002 -0.596335 -0.952015 0.295499 0.0796711 -0.238889 0.235096 0.539415 0.808555 0.396636 0.31622 -0.384863 0.867113 0.400795 -0.930002 -0.306262 0.203222 -0.504304 0.187351 -0.87068 -0.45477 0.485867 
1533831179638 0.195916 0.788567 -0.582906 -0.59634 -0.952021 0.295463 0.0797323 -0.238902 0.235101 0.539318 0.808618 0.396613 0.31622 -0.384863 0.867113 0.400795 -0.930002 -0.306262 0.203222 -0.504304 0.187351 -0.87068 -0.45477 0.485867 
1533831179656 0.195879 0.788647 -0.58281 -0.596347 -0.952027 0.295427 0.0797943 -0.238916 0.235107 0.539221 0.808681 0.39659 0.31622 -0.384863 0.867113 0.400795 -0.930002 -0.306262 0.203222 -0.504304 0.187351 -0.87068 -0.45477 0.485867 
1533831179672 0.195843 0.788727 -0.582714 -0.596354 -0.952033 0.29539 0.0798563 -0.23893 0.235113 0.539124 0.808744 0.396566 0.31622 -0.384863 0.867113 0.400795 -0.930002 -0.306262 0.203222 -0.504304 0.187351 -0.87068 -0.45477 0.485867 
1533831179688 0.195807 0.788806 -0.582619 -0.59636 -0.952039 0.295354 0.0799177 -0.238943 0.235118 0.539027 0.808807 0.396543 0.31622 -0.384863 0.867113 0.400795 -0.930002 -0.306262 0.203222 -0.504304 0.187351 -0.87068 -0.45477 0.485867 
1533831179705 0.19577 0.788886 -0.582522 -0.596367 -0.952046 0.295318 0.0799798 -0.238958 0.235124 0.53893 0.80887 0.396519 0.31622 -0.384863 0.867113 0.400795 -0.930002 -0.306262 0.203222 -0.504304 0.187351 -0.87068 -0.45477 0.485867 
1533831179722 0.195734 0.788966 -0.582427 -0.596373 -0.952052 0.295281 0.0800413 -0.238971 0.23513 0.538833 0.808933 0.396496 0.31622 -0.384863 0.867113 0.400795 -0.930002 -0.306262 0.203222 -0.504304 0.187351 -0.87068 -0.45477 0.485867 
1533831179778 0.196012 0.788565 -0.582876 -0.596338 -0.951968 0.295616 0.0798034 -0.238962 0.235238 0.539236 0.808633 0.396591 0.31622 -0.384863 0.867113 0.400795 -0.930002 -0.306262 0.203222 -0.504304 0.187351 -0.87068 -0.45477 0.485867 
1533831179789 0.195915 0.788601 -0.582859 -0.596332 -0.951928 0.295673 0.0800724 -0.238977 0.235481 0.539152 0.808618 0.396597 0.31622 -0.384863 0.867113 0.400795 -0.930002 -0.306262 0.203222 -0.504304 0.187351 -0.87068 -0.45477 0.485867 
1533831179806 0.195817 0.788639 -0.582841 -0.59633 -0.951888 0.295728 0.0803428 -0.238996 0.235724 0.539067 0.808604 0.396601 0.31622 -0.384863 0.867113 0.400795 -0.930002 -0.306262 0.203222 -0.504304 0.187351 -0.87068 -0.45477 0.485867 
1533831179823 0.195718 0.788677 -0.582824 -0.596327 -0.951848 0.295783 0.0806131 -0.239015 0.235967 0.538982 0.80859 0.396605 0.31622 -0.384863 0.867113 0.400795 -0.930002 -0.306262 0.203222 -0.504304 0.187351 -0.87068 -0.45477 0.485867 
1533831179839 0.195619 0.788714 -0.582806 -0.596325 -0.951808 0.295838 0.0808836 -0.239034 0.23621 0.538897 0.808576 0.396609 0.31622 -0.384863 0.867113 0.400795 -0.930002 -0.306262 0.203222 -0.504304 0.187351 -0.87068 -0.45477 0.485867 
1533831179856 0.195521 0.788752 -0.582788 -0.596323 -0.951768 0.295892 0.0811542 -0.239054 0.236453 0.538811 0.808562 0.396612 0.31622 -0.384863 0.867113 0.400795 -0.930002 -0.306262 0.203222 -0.504304 0.187351 -0.87068 -0.45477 0.485867 
1533831179873 0.195422 0.78879 -0.58277 -0.59632 -0.951727 0.295947 0.0814243 -0.239072 0.236696 0.538726 0.808548 0.396617 0.31622 -0.384863 0.867113 0.400795 -0.930002 -0.306262 0.203222 -0.504304 0.187351 -0.87068 -0.45477 0.485867 
1533831179889 0.195323 0.788828 -0.582752 -0.596319 -0.951687 0.296002 0.081695 -0.239092 0.236939 0.538641 0.808533 0.39662 0.31622 -0.384863 0.867113 0.400795 -0.930002 -0.306262 0.203222 -0.504304 0.187351 -0.87068 -0.45477 0.485867 
1533831180004 0.195225 0.788865 -0.582734 -0.596316 -0.951647 0.296057 0.0819652 -0.23911 0.237182 0.538555 0.808519 0.396624 0.31622 -0.384863 0.867113 0.400795 -0.930002 -0.306262 0.203222 -0.504304 0.187351 -0.87068 -0.45477 0.485867 
1533831180019 0.195127 0.788903 -0.582716 -0.596313 -0.951607 0.296112 0.0822354 -0.239129 0.237425 0.53847 0.808504 0.396628 0.31622 -0.384863 0.867113 0.400795 -0.930002 -0.306262 0.203222 -0.504304 0.187351 -0.87068 -0.45477 0.485867 
1533831180039 0.19531 0.788794 -0.582802 -0.596332 -0.951747 0.295867 0.0814898 -0.238985 0.236711 0.538764 0.808518 0.396608 0.31622 -0.384863 0.867113 0.400795 -0.930002 -0.306262 0.203222 -0.504304 0.187351 -0.87068 -0.45477 0.485867 
1533831180052 0.195332 0.788772 -0.582824 -0.596335 -0.951733 0.29591 0.0815024 -0.23899 0.23675 0.538773 0.808501 0.396606 0.31622 -0.384863 0.867113 0.400795 -0.930002 -0.306262 0.203222 -0.504304 0.187351 -0.87068 -0.45477 0.485867 
1533831180069 0.195353 0.78875 -0.582847 -0.596337 -0.951718 0.295952 0.0815153 -0.238994 0.23679 0.538782 0.808483 0.396603 0.31622 -0.384863 0.867113 0.400795 -0.930002 -0.306262 0.203222 -0.504304 0.187351 -0.87068 -0.45477 0.485867 
1533831180085 0.195376 0.788727 -0.58287 -0.596339 -0.951704 0.295995 0.0815274 -0.238997 0.23683 0.538791 0.808465 0.396602 0.31622 -0.384863 0.867113 0.400795 -0.930002 -0.306262 0.203222 -0.504304 0.187351 -0.87068 -0.45477 0.485867 
1533831180102 0.195398 0.788705 -0.582893 -0.59634 -0.951689 0.296039 0.0815393 -0.238999 0.236869 0.538801 0.808447 0.396602 0.31622 -0.384863 0.867113 0.400795 -0.930002 -0.306262 0.203222 -0.504304 0.187351 -0.87068 -0.45477 0.485867 
1533831180119 0.195421 0.788682 -0.582916 -0.596341 -0.951675 0.296082 0.0815511 -0.239001 0.236909 0.53881 0.808429 0.396601 0.31622 -0.384863 0.867113 0.400795 -0.930002 -0.306262 0.203222 -0.504304 0.187351 -0.87068 -0.45477 0.485867 
1533831180135 0.195443 0.78866 -0.582939 -0.596343 -0.95166 0.296125 0.0815634 -0.239004 0.236949 0.538819 0.808411 0.3966 0.31622 -0.384863 0.867113 0.400795 -0.930002 -0.306262 0.203222 -0.504304 0.187351 -0.87068 -0.45477 0.485867 
1533831180152 0.195465 0.788637 -0.582963 -0.596344 -0.951646 0.296168 0.0815751 -0.239005 0.236988 0.538829 0.808393 0.3966 0.31622 -0.384863 0.867113 0.400795 -0.930002 -0.306262 0.203222 -0.504304 0.187351 -0.87068 -0.45477 0.485867 
1533831180180 0.195487 0.788614 -0.582986 -0.596346 -0.951632 0.296211 0.0815873 -0.239008 0.237028 0.538838 0.808376 0.396598 0.31622 -0.384863 0.867113 0.400795 -0.930002 -0.306262 0.203222 -0.504304 0.187351 -0.87068 -0.45477 0.485867 
1533831180197 0.19551 0.788591 -0.583009 -0.596346 -0.951617 0.296254 0.0815989 -0.239009 0.237067 0.538848 0.808358 0.396598 0.31622 -0.384863 0.867113 0.400795 -0.930002 -0.306262 0.203222 -0.504304 0.187351 -0.87068 -0.45477 0.485867 
1533831180220 0.195259 0.788865 -0.582722 -0.596309 -0.951672 0.29601 0.0818388 -0.239104 0.237052 0.538581 0.80854 0.396623 0.31622 -0.384863 0.867113 0.400795 -0.930002 -0.306262 0.203222 -0.504304 0.187351 -0.87068 -0.45477 0.485867 
1533831180234 0.195368 0.788916 -0.582617 -0.596313 -0.951713 0.295947 0.0816018 -0.239102 0.2368 0.538541 0.80864 0.396612 0.31622 -0.384863 0.867113 0.400795 -0.930002 -0.306262 0.203222 -0.504304 0.187351 -0.87068 -0.45477 0.485867 
1533831180251 0.19548 0.788967 -0.582511 -0.596317 -0.951752 0.295884 0.081363 -0.239095 0.236549 0.538501 0.80874 0.396604 0.31622 -0.384863 0.867113 0.400795 -0.930002 -0.306262 0.203222 -0.504304 0.187351 -0.87068 -0.45477 0.485867 
1533831180267 0.19559 0.789018 -0.582405 -0.59632 -0.951792 0.295822 0.0811245 -0.239089 0.236297 0.538462 0.808841 0.396595 0.31622 -0.384863 0.867113 0.400795 -0.930002 -0.306262 0.203222 -0.504304 0.187351 -0.87068 -0.45477 0.485867 
1533831180284 0.195701 0.789068 -0.5823 -0.596322 -0.951832 0.295759 0.0808857 -0.239082 0.236045 0.538422 0.808941 0.396587 0.31622 -0.384863 0.867113 0.400795 -0.930002 -0.306262 0.203222 -0.504304 0.187351 -0.87068 -0.45477 0.485867 
1533831180290 0.195812 0.789119 -0.582194 -0.596326 -0.951872 0.295697 0.0806474 -0.239077 0.235793 0.538382 0.809041 0.396578 0.31622 -0.384863 0.867113 0.400795 -0.930002 -0.306262 0.203222 -0.504304 0.187351 -0.87068 -0.45477 0.485867 
1533831180304 0.195923 0.789169 -0.582088 -0.596328 -0.951911 0.295635 0.0804084 -0.23907 0.235541 0.538342 0.80914 0.396569 0.31622 -0.384863 0.867113 0.400795 -0.930002 -0.306262 0.203222 -0.504304 0.187351 -0.87068 -0.45477 0.485867 
1533831180368 0.196033 0.78922 -0.581982 -0.596331 -0.951951 0.295572 0.08017 -0.239064 0.235289 0.538302 0.80924 0.39656 0.31622 -0.384863 0.867113 0.400795 -0.930002 -0.306262 0.203222 -0.504304 0.187351 -0.87068 -0.45477 0.485867 
1533831180384 0.196144 0.78927 -0.581876 -0.596333 -0.95199 0.29551 0.0799309 -0.239057 0.235037 0.538262 0.80934 0.396552 0.31622 -0.384863 0.867113 0.400795 -0.930002 -0.306262 0.203222 -0.504304 0.187351 -0.87068 -0.45477 0.485867 
1533831180401 0.196255 0.789321 -0.58177 -0.596336 -0.952029 0.295447 0.0796923 -0.239051 0.234785 0.538222 0.80944 0.396543 0.31622 -0.384863 0.867113 0.400795 -0.930002 -0.306262 0.203222 -0.504304 0.187351 -0.87068 -0.45477 0.485867 
1533831180429 0.195669 0.789031 -0.582361 -0.596293 -0.951737 0.29597 0.081227 -0.239056 0.236452 0.538361 0.808862 0.396631 0.31622 -0.384863 0.867113 0.400795 -0.930002 -0.306262 0.203222 -0.504304 0.187351 -0.87068 -0.45477 0.485867 
1533831180441 0.195739 0.789104 -0.582239 -0.596293 -0.951723 0.296014 0.0812317 -0.239051 0.236451 0.53823 0.80895 0.396597 0.31622 -0.384863 0.867113 0.400795 -0.930002 -0.306262 0.203222 -0.504304 0.187351 -0.87068 -0.45477 0.485867 
1533831180458 0.195807 0.789178 -0.582115 -0.596298 -0.951709 0.296057 0.0812388 -0.239052 0.236451 0.538097 0.809038 0.39656 0.31622 -0.384863 0.867113 0.400795 -0.930002 -0.306262 0.203222 -0.504304 0.187351 -0.87068 -0.45477 0.485867 
1533831180474 0.195875 0.789252 -0.581991 -0.596303 -0.951695 0.2961 0.0812453 -0.239052 0.236451 0.537964 0.809126 0.396523 0.31622 -0.384863 0.867113 0.400795 -0.930002 -0.306262 0.203222 -0.504304 0.187351 -0.87068 -0.45477 0.485867 
1533831180566 0.195943 0.789326 -0.581868 -0.596307 -0.951681 0.296143 0.0812519 -0.239052 0.23645 0.537832 0.809215 0.396486 0.31622 -0.384863 0.867113 0.400795 -0.930002 -0.306262 0.203222 -0.504304 0.187351 -0.87068 -0.45477 0.485867 
1533831180582 0.196012 0.789401 -0.581744 -0.596312 -0.951667 0.296186 0.0812587 -0.239052 0.23645 0.537699 0.809303 0.396449 0.31622 -0.384863 0.867113 0.400795 -0.930002 -0.306262 0.203222 -0.504304 0.187351 -0.87068 -0.45477 0.485867 
1533831180599 0.19608 0.789475 -0.581621 -0.596316 -0.951653 0.29623 0.081265 -0.239051 0.23645 0.537567 0.809391 0.396413 0.31622 -0.384863 0.867113 0.400795 -0.930002 -0.306262 0.203222 -0.504304 0.187351 -0.87068 -0.45477 0.485867 
1533831180615 0.196148 0.789549 -0.581497 -0.596321 -0.951639 0.296273 0.0812718 -0.239052 0.23645 0.537434 0.809479 0.396376 0.31622 -0.384863 0.867113 0.400795 -0.930002 -0.306262 0.203222 -0.504304 0.187351 -0.87068 -0.45477 0.485867 
1533831180632 0.196217 0.789623 -0.581373 -0.596325 -0.951625 0.296316 0.0812782 -0.239051 0.236449 0.537301 0.809567 0.39634 0.31622 -0.384863 0.867113 0.400795 -0.930002 -0.306262 0.203222 -0.504304 0.187351 -0.87068 -0.45477 0.485867 
1533831180649 0.196285 0.789697 -0.58125 -0.596329 -0.951611 0.296359 0.0812846 -0.239051 0.236449 0.537169 0.809655 0.396303 0.31622 -0.384863 0.867113 0.400795 -0.930002 -0.306262 0.203222 -0.504304 0.187351 -0.87068 -0.45477 0.485867 
1533831180706 0.195924 0.789331 -0.581868 -0.596294 -0.951663 0.296179 0.0813404 -0.23906 0.236541 0.537805 0.809206 0.396489 0.31622 -0.384863 0.867113 0.400795 -0.930002 -0.306262 0.203222 -0.504304 0.187351 -0.87068 -0.45477 0.485867 
1533831180716 0.195885 0.789377 -0.581819 -0.596299 -0.951642 0.296207 0.0814801 -0.239056 0.236658 0.537722 0.809227 0.396474 0.31622 -0.384863 0.867113 0.400795 -0.930002 -0.306262 0.203222 -0.504304 0.187351 -0.87068 -0.45477 0.485867 
1533831180733 0.195845 0.789424 -0.581768 -0.596306 -0.951621 0.296235 0.0816208 -0.239055 0.236773 0.537638 0.809249 0.396458 0.31622 -0.384863 0.867113 0.400795 -0.930002 -0.306262 0.203222 -0.504304 0.187351 -0.87068 -0.45477 0.485867 
1533831180751 0.195805 0.789471 -0.581718 -0.596314 -0.951601 0.296262 0.0817615 -0.239055 0.236889 0.537554 0.809271 0.396442 0.31622 -0.384863 0.867113 0.400795 -0.930002 -0.306262 0.203222 -0.504304 0.187351 -0.87068 -0.45477 0.485867 
1533831180766 0.195764 0.789518 -0.581668 -0.596322 -0.95158 0.296289 0.0819023 -0.239055 0.237005 0.53747 0.809293 0.396425 0.31622 -0.384863 0.867113 0.400795 -0.930002 -0.306262 0.203222 -0.504304 0.187351 -0.87068 -0.45477 0.485867 
1533831180783 0.195724 0.789565 -0.581617 -0.59633 -0.95156 0.296316 0.0820432 -0.239055 0.237121 0.537386 0.809315 0.396408 0.31622 -0.384863 0.867113 0.400795 -0.930002 -0.306262 0.203222 -0.504304 0.187351 -0.87068 -0.45477 0.485867 
1533831180800 0.195684 0.789612 -0.581567 -0.596337 -0.951539 0.296343 0.0821837 -0.239054 0.237237 0.537302 0.809336 0.396392 0.31622 -0.384863 0.867113 0.400795 -0.930002 -0.306262 0.203222 -0.504304 0.187351 -0.87068 -0.45477 0.485867 
1533831180816 0.195643 0.789659 -0.581517 -0.596346 -0.951518 0.29637 0.0823248 -0.239054 0.237353 0.537218 0.809358 0.396375 0.31622 -0.384863 0.867113 0.400795 -0.930002 -0.306262 0.203222 -0.504304 0.187351 -0.87068 -0.45477 0.485867 
1533831180833 0.195603 0.789706 -0.581466 -0.596353 -0.951498 0.296397 0.0824653 -0.239053 0.237468 0.537134 0.80938 0.396359 0.31622 -0.384863 0.867113 0.400795 -0.930002 -0.306262 0.203222 -0.504304 0.187351 -0.87068 -0.45477 0.485867 
1533831180872 0.195563 0.789753 -0.581416 -0.59636 -0.951477 0.296424 0.0826059 -0.239052 0.237584 0.53705 0.809402 0.396343 0.31622 -0.384863 0.867113 0.400795 -0.930002 -0.306262 0.203222 -0.504304 0.187351 -0.87068 -0.45477 0.485867 
1533831180916 0.195593 0.78942 -0.581858 -0.596381 -0.951629 0.296137 0.0818822 -0.239009 0.236949 0.537697 0.809158 0.396324 0.31622 -0.384863 0.867113 0.400795 -0.930002 -0.306262 0.203222 -0.504304 0.187351 -0.87068 -0.45477 0.485867 
1533831180929 0.19561 0.789425 -0.581846 -0.596384 -0.951627 0.296146 0.0818737 -0.239013 0.236945 0.537685 0.809167 0.396324 0.31622 -0.384863 0.867113 0.400795 -0.930002 -0.306262 0.203222 -0.504304 0.187351 -0.87068 -0.45477 0.485867 
1533831180947 0.195626 0.789431 -0.581833 -0.596389 -0.951625 0.296155 0.0818653 -0.239018 0.23694 0.537672 0.809177 0.396324 0.31622 -0.384863 0.867113 0.400795 -0.930002 -0.306262 0.203222 -0.504304 0.187351 -0.87068 -0.45477 0.485867 
1533831180962 0.195641 0.789436 -0.58182 -0.596395 -0.951623 0.296164 0.0818572 -0.239023 0.236935 0.537659 0.809188 0.396323 0.31622 -0.384863 0.867113 0.400795 -0.930002 -0.306262 0.203222 -0.504304 0.187351 -0.87068 -0.45477 0.485867 
1533831180979 0.195657 0.789442 -0.581807 -0.596402 -0.951621 0.296173 0.0818493 -0.23903 0.236931 0.537645 0.809198 0.396322 0.31622 -0.384863 0.867113 0.400795 -0.930002 -0.306262 0.203222 -0.504304 0.187351 -0.87068 -0.45477 0.485867 
1533831180996 0.195672 0.789448 -0.581794 -0.596409 -0.951619 0.296182 0.0818415 -0.239036 0.236926 0.537632 0.809208 0.39632 0.31622 -0.384863 0.867113 0.400795 -0.930002 -0.306262 0.203222 -0.504304 0.187351 -0.87068 -0.45477 0.485867 
1533831181012 0.195688 0.789454 -0.58178 -0.596415 -0.951617 0.296191 0.0818334 -0.239042 0.236922 0.537618 0.809219 0.39632 0.31622 -0.384863 0.867113 0.400795 -0.930002 -0.306262 0.203222 -0.504304 0.187351 -0.87068 -0.45477 0.485867 
1533831181029 0.195703 0.78946 -0.581767 -0.596422 -0.951615 0.296199 0.0818258 -0.239048 0.236917 0.537604 0.809229 0.396318 0.31622 -0.384863 0.867113 0.400795 -0.930002 -0.306262 0.203222 -0.504304 0.187351 -0.87068 -0.45477 0.485867 
1533831181046 0.195719 0.789466 -0.581754 -0.596428 -0.951613 0.296208 0.0818177 -0.239054 0.236912 0.537591 0.809239 0.396317 0.31622 -0.384863 0.867113 0.400795 -0.930002 -0.306262 0.203222 -0.504304 0.187351 -0.87068 -0.45477 0.485867 
1533831181062 0.195734 0.789472 -0.58174 -0.596436 -0.951611 0.296217 0.0818101 -0.239061 0.236908 0.537577 0.80925 0.396316 0.31622 -0.384863 0.867113 0.400795 -0.930002 -0.306262 0.203222 -0.504304 0.187351 -0.87068 -0.45477 0.485867 
1533831181092 0.195714 0.789559 -0.58163 -0.596373 -0.95158 0.296268 0.0819823 -0.239114 0.237048 0.537422 0.809312 0.396325 0.31622 -0.384863 0.867113 0.400795 -0.930002 -0.306262 0.203222 -0.504304 0.187351 -0.87068 -0.45477 0.485867 
1533831181102 0.195774 0.789446 -0.581762 -0.596376 -0.951571 0.296323 0.0818855 -0.239111 0.237033 0.537557 0.809227 0.396342 0.31622 -0.384863 0.867113 0.400795 -0.930002 -0.306262 0.203222 -0.504304 0.187351 -0.87068 -0.45477 0.485867 
1533831181119 0.195835 0.789333 -0.581896 -0.596376 -0.951562 0.296378 0.0817878 -0.239104 0.237019 0.537693 0.80914 0.396361 0.31622 -0.384863 0.867113 0.400795 -0.930002 -0.306262 0.203222 -0.504304 0.187351 -0.87068 -0.45477 0.485867 
1533831181136 0.195895 0.789219 -0.582029 -0.596377 -0.951554 0.296433 0.0816901 -0.239097 0.237004 0.537829 0.809054 0.39638 0.31622 -0.384863 0.867113 0.400795 -0.930002 -0.306262 0.203222 -0.504304 0.187351 -0.87068 -0.45477 0.485867 
1533831181152 0.195956 0.789106 -0.582163 -0.596376 -0.951545 0.296489 0.0815923 -0.23909 0.236989 0.537965 0.808968 0.396399 0.31622 -0.384863 0.867113 0.400795 -0.930002 -0.306262 0.203222 -0.504304 0.187351 -0.87068 -0.45477 0.485867 
1533831181169 0.196017 0.788992 -0.582296 -0.596376 -0.951536 0.296544 0.0814943 -0.239082 0.236975 0.538101 0.808882 0.396418 0.31622 -0.384863 0.867113 0.400795 -0.930002 -0.306262 0.203222 -0.504304 0.187351 -0.87068 -0.45477 0.485867 
1533831181249 0.196077 0.788879 -0.582429 -0.596376 -0.951527 0.296599 0.0813968 -0.239076 0.23696 0.538237 0.808796 0.396436 0.31622 -0.384863 0.867113 0.400795 -0.930002 -0.306262 0.203222 -0.504304 0.187351 -0.87068 -0.45477 0.485867 
1533831181270 0.196138 0.788765 -0.582563 -0.596375 -0.951518 0.296655 0.0812987 -0.239068 0.236946 0.538373 0.808709 0.396455 0.31622 -0.384863 0.867113 0.400795 -0.930002 -0.306262 0.203222 -0.504304 0.187351 -0.87068 -0.45477 0.485867 
1533831181287 0.196199 0.788651 -0.582696 -0.596376 -0.951509 0.29671 0.081201 -0.239062 0.236931 0.538509 0.808623 0.396474 0.31622 -0.384863 0.867113 0.400795 -0.930002 -0.306262 0.203222 -0.504304 0.187351 -0.87068 -0.45477 0.485867 
1533831181306 0.19626 0.788538 -0.582829 -0.596376 -0.9515 0.296765 0.0811034 -0.239055 0.236916 0.538645 0.808537 0.396493 0.31622 -0.384863 0.867113 0.400795 -0.930002 -0.306262 0.203222 -0.504304 0.187351 -0.87068 -0.45477 0.485867 
1533831181361 0.195956 0.788933 -0.582396 -0.596404 -0.951533 0.29654 0.0815447 -0.239028 0.237037 0.53819 0.808805 0.396363 0.31622 -0.384863 0.867113 0.400795 -0.930002 -0.306262 0.203222 -0.504304 0.187351 -0.87068 -0.45477 0.485867 
1533831181373 0.196151 0.788917 -0.582352 -0.596409 -0.951576 0.296505 0.0811638 -0.239011 0.236702 0.538232 0.808875 0.396358 0.31622 -0.384863 0.867113 0.400795 -0.930002 -0.306262 0.203222 -0.504304 0.187351 -0.87068 -0.45477 0.485867 
1533831181389 0.196346 0.788901 -0.582309 -0.596411 -0.951619 0.296471 0.0807811 -0.23899 0.236366 0.538276 0.808944 0.396356 0.31622 -0.384863 0.867113 0.400795 -0.930002 -0.306262 0.203222 -0.504304 0.187351 -0.87068 -0.45477 0.485867 
1533831181406 0.196542 0.788884 -0.582266 -0.596411 -0.951662 0.296437 0.0803979 -0.238967 0.23603 0.538319 0.809013 0.396354 0.31622 -0.384863 0.867113 0.400795 -0.930002 -0.306262 0.203222 -0.504304 0.187351 -0.87068 -0.45477 0.485867 
1533831181423 0.196737 0.788867 -0.582223 -0.596412 -0.951705 0.296403 0.080015 -0.238945 0.235694 0.538363 0.809082 0.396352 0.31622 -0.384863 0.867113 0.400795 -0.930002 -0.306262 0.203222 -0.504304 0.187351 -0.87068 -0.45477 0.485867 
1533831181439 0.196932 0.78885 -0.58218 -0.596414 -0.951748 0.296369 0.0796326 -0.238924 0.235358 0.538406 0.809151 0.396349 0.31622 -0.384863 0.867113 0.400795 -0.930002 -0.306262 0.203222 -0.504304 0.187351 -0.87068 -0.45477 0.485867 
1533831181556 0.197128 0.788833 -0.582136 -0.596415 -0.951791 0.296334 0.0792495 -0.238902 0.235022 0.53845 0.80922 0.396347 0.31622 -0.384863 0.867113 0.400795 -0.930002 -0.306262 0.203222 -0.504304 0.187351 -0.87068 -0.45477 0.485867 
1533831181580 0.197323 0.788817 -0.582093 -0.596416 -0.951833 0.2963 0.0788669 -0.238881 0.234686 0.538493 0.809289 0.396344 0.31622 -0.384863 0.867113 0.400795 -0.930002 -0.306262 0.203222 -0.504304 0.187351 -0.87068 -0.45477 0.485867 
1533831181586 0.197519 0.7888 -0.582049 -0.596417 -0.951875 0.296266 0.0784837 -0.238859 0.234349 0.538536 0.809357 0.396342 0.31622 -0.384863 0.867113 0.400795 -0.930002 -0.306262 0.203222 -0.504304 0.187351 -0.87068 -0.45477 0.485867 
1533831181691 0.197714 0.788783 -0.582005 -0.596418 -0.951918 0.296232 0.0781011 -0.238837 0.234013 0.53858 0.809426 0.396339 0.31622 -0.384863 0.867113 0.400795 -0.930002 -0.306262 0.203222 -0.504304 0.187351 -0.87068 -0.45477 0.485867 
1533831181729 0.197445 0.788778 -0.582104 -0.596417 -0.951753 0.296528 0.0789818 -0.238963 0.234909 0.538425 0.809269 0.396369 0.31622 -0.384863 0.867113 0.400795 -0.930002 -0.306262 0.203222 -0.504304 0.187351 -0.87068 -0.45477 0.485867 
1533831181741 0.19738 0.78885 -0.582028 -0.596414 -0.951753 0.296497 0.079094 -0.238967 0.234963 0.538335 0.809313 0.396351 0.31622 -0.384863 0.867113 0.400795 -0.930002 -0.306262 0.203222 -0.504304 0.187351 -0.87068 -0.45477 0.485867 
1533831181758 0.197314 0.788924 -0.58195 -0.596415 -0.951753 0.296466 0.0792074 -0.238975 0.235017 0.538244 0.809358 0.396332 0.31622 -0.384863 0.867113 0.400795 -0.930002 -0.306262 0.203222 -0.504304 0.187351 -0.87068 -0.45477 0.485867 
1533831181775 0.197248 0.788998 -0.581872 -0.596415 -0.951754 0.296434 0.0793207 -0.238983 0.235071 0.538153 0.809403 0.396312 0.31622 -0.384863 0.867113 0.400795 -0.930002 -0.306262 0.203222 -0.504304 0.187351 -0.87068 -0.45477 0.485867 
1533831181909 0.197181 0.789072 -0.581794 -0.596417 -0.951754 0.296402 0.0794343 -0.238992 0.235124 0.538062 0.809448 0.396292 0.31622 -0.384863 0.867113 0.400795 -0.930002 -0.306262 0.203222 -0.504304 0.187351 -0.87068 -0.45477 0.485867 
1533831181925 0.197115 0.789146 -0.581717 -0.596418 -0.951755 0.29637 0.0795479 -0.239 0.235178 0.537971 0.809492 0.396272 0.31622 -0.384863 0.867113 0.400795 -0.930002 -0.306262 0.203222 -0.504304 0.187351 -0.87068 -0.45477 0.485867 
1533831181943 0.197049 0.78922 -0.581639 -0.59642 -0.951755 0.296338 0.0796616 -0.239009 0.235232 0.53788 0.809537 0.396252 0.31622 -0.384863 0.867113 0.400795 -0.930002 -0.306262 0.203222 -0.504304 0.187351 -0.87068 -0.45477 0.485867 
1533831181949 0.196983 0.789294 -0.581561 -0.59642 -0.951755 0.296307 0.0797748 -0.239017 0.235286 0.537789 0.809582 0.396233 0.31622 -0.384863 0.867113 0.400795 -0.930002 -0.306262 0.203222 -0.504304 0.187351 -0.87068 -0.45477 0.485867 
1533831181983 0.196916 0.789368 -0.581483 -0.596422 -0.951756 0.296275 0.0798885 -0.239026 0.23534 0.537698 0.809627 0.396212 0.31622 -0.384863 0.867113 0.400795 -0.930002 -0.306262 0.203222 -0.504304 0.187351 -0.87068 -0.45477 0.485867 
1533831182036 0.19685 0.789442 -0.581405 -0.596423 -0.951756 0.296243 0.0800018 -0.239034 0.235394 0.537607 0.809671 0.396193 0.31622 -0.384863 0.867113 0.400795 -0.930002 -0.306262 0.203222 -0.504304 0.187351 -0.87068 -0.45477 0.485867 
1533831182063 0.197019 0.789154 -0.581738 -0.596412 -0.951781 0.296278 0.0795718 -0.238957 0.23515 0.53801 0.809475 0.396257 0.31622 -0.384863 0.867113 0.400795 -0.930002 -0.306262 0.203222 -0.504304 0.187351 -0.87068 -0.45477 0.485867 
1533831182076 0.196987 0.789208 -0.581676 -0.596408 -0.951801 0.296216 0.0795687 -0.23896 0.235098 0.537966 0.80952 0.396251 0.31622 -0.384863 0.867113 0.400795 -0.930002 -0.306262 0.203222 -0.504304 0.187351 -0.87068 -0.45477 0.485867 
1533831182092 0.196954 0.789263 -0.581612 -0.596406 -0.951821 0.296153 0.0795676 -0.238966 0.235046 0.537919 0.809565 0.396242 0.31622 -0.384863 0.867113 0.400795 -0.930002 -0.306262 0.203222 -0.504304 0.187351 -0.87068 -0.45477 0.485867 
1533831182109 0.196921 0.789318 -0.581549 -0.596404 -0.95184 0.29609 0.0795665 -0.238972 0.234994 0.537873 0.809611 0.396234 0.31622 -0.384863 0.867113 0.400795 -0.930002 -0.306262 0.203222 -0.504304 0.187351 -0.87068 -0.45477 0.485867 
1533831182126 0.196888 0.789373 -0.581485 -0.596403 -0.95186 0.296028 0.0795655 -0.238979 0.234943 0.537827 0.809657 0.396225 0.31622 -0.384863 0.867113 0.400795 -0.930002 -0.306262 0.203222 -0.504304 0.187351 -0.87068 -0.45477 0.485867 
1533831182145 0.196855 0.789428 -0.581421 -0.596402 -0.951879 0.295965 0.0795646 -0.238986 0.234891 0.53778 0.809703 0.396216 0.31622 -0.384863 0.867113 0.400795 -0.930002 -0.306262 0.203222 -0.504304 0.187351 -0.87068 -0.45477 0.485867 
1533831182159 0.196823 0.789483 -0.581358 -0.5964 -0.951899 0.295903 0.0795632 -0.238992 0.234839 0.537734 0.809749 0.396208 0.31622 -0.384863 0.867113 0.400795 -0.930002 -0.306262 0.203222 -0.504304 0.187351 -0.87068 -0.45477 0.485867 
1533831182176 0.19679 0.789539 -0.581294 -0.5964 -0.951918 0.29584 0.0795625 -0.238999 0.234787 0.537687 0.809794 0.396199 0.31622 -0.384863 0.867113 0.400795 -0.930002 -0.306262 0.203222 -0.504304 0.187351 -0.87068 -0.45477 0.485867 
