1535147481160 0.228432 0.925244 -0.30289 -0.541787 -0.940062 0.290535 0.178532 -0.200397 0.253185 0.243953 0.936154 0.425684 0.343721 -0.322209 0.882064 0.326055 -0.920528 -0.30135 0.248629 -0.486574 0.1857 -0.897424 -0.400183 0.484716 
1535147481172 0.230713 0.925528 -0.300283 -0.551135 -0.93989 0.291826 0.177327 -0.204637 0.251751 0.241322 0.937222 0.420417 0.32181 -0.307228 0.895572 0.331833 -0.933892 -0.258685 0.246837 -0.486319 0.155836 -0.915802 -0.370165 0.480273 
1535147481911 0.232988 0.925802 -0.297671 -0.560486 -0.939713 0.293118 0.176126 -0.208879 0.250311 0.23869 0.938281 0.41515 0.300339 -0.291021 0.908352 0.33761 -0.945609 -0.215625 0.243575 -0.486059 0.124978 -0.932101 -0.339953 0.475828 
1535147481917 0.235258 0.926065 -0.295054 -0.569836 -0.939532 0.294413 0.174929 -0.21312 0.248863 0.23606 0.939331 0.409883 0.279362 -0.273629 0.920372 0.343387 -0.955652 -0.172277 0.238852 -0.4858 0.0932025 -0.946281 -0.309622 0.471384 
1535147482964 0.237524 0.926318 -0.292432 -0.579187 -0.939346 0.295711 0.173735 -0.217362 0.247409 0.233429 0.940372 0.404616 0.258931 -0.255095 0.931601 0.349164 -0.963994 -0.128752 0.232679 -0.48554 0.0605903 -0.958305 -0.279248 0.46694 
1535147482971 0.239784 0.926562 -0.289805 -0.58854 -0.939156 0.297011 0.172544 -0.221605 0.245948 0.230799 0.941404 0.399348 0.239098 -0.235467 0.942013 0.35494 -0.970614 -0.0851577 0.225071 -0.485279 0.0272228 -0.968144 -0.248908 0.462495 
1535147483735 0.24204 0.926795 -0.287173 -0.59789 -0.93896 0.298313 0.171357 -0.225847 0.24448 0.228168 0.942427 0.394081 0.219913 -0.214793 0.951579 0.360717 -0.975496 -0.0416042 0.21605 -0.485019 -0.00681623 -0.975773 -0.218679 0.458051 
1535147484113 0.244291 0.927018 -0.284535 -0.607241 -0.93876 0.299618 0.170173 -0.230088 0.243005 0.225539 0.943441 0.388814 0.201424 -0.193125 0.960277 0.366494 -0.978627 0.00179959 0.205635 -0.48476 -0.0414413 -0.981173 -0.188635 0.453606 
1535147484856 0.246537 0.92723 -0.281893 -0.616592 -0.938555 0.300925 0.168993 -0.23433 0.241524 0.222909 0.944446 0.383547 0.183677 -0.170517 0.968084 0.372271 -0.98 0.0449445 0.193854 -0.4845 -0.0765656 -0.984329 -0.158852 0.449162 
1535147485277 0.248778 0.927433 -0.279246 -0.625944 -0.938346 0.302234 0.167816 -0.238572 0.240035 0.22028 0.945442 0.378279 0.166716 -0.147027 0.974981 0.378047 -0.979612 0.0877224 0.180736 -0.48424 -0.112101 -0.985235 -0.129405 0.444717 
1535147486703 0.249795 0.92703 -0.279676 -0.625734 -0.938029 0.303326 0.167613 -0.238839 0.240215 0.220475 0.94535 0.378774 0.16655 -0.147415 0.974951 0.377682 -0.979879 0.0855534 0.180328 -0.48445 -0.109993 -0.985368 -0.130199 0.445117 
1535147486714 0.249357 0.927012 -0.280124 -0.625571 -0.938153 0.302982 0.167544 -0.238757 0.240188 0.22102 0.94523 0.378892 0.164919 -0.144979 0.975594 0.378298 -0.979722 0.090028 0.178995 -0.484409 -0.113781 -0.98533 -0.127192 0.444633 
1535147486721 0.248919 0.926995 -0.280572 -0.625404 -0.938276 0.302638 0.167477 -0.238674 0.240162 0.221566 0.945109 0.379011 0.163293 -0.142534 0.976227 0.378912 -0.979547 0.0944978 0.177646 -0.484361 -0.117572 -0.985269 -0.124188 0.444149 
1535147486964 0.24848 0.926976 -0.28102 -0.625237 -0.938399 0.302294 0.167409 -0.23859 0.240135 0.222111 0.944988 0.379129 0.161677 -0.140081 0.976851 0.379526 -0.979352 0.0989625 0.176283 -0.484315 -0.121365 -0.985182 -0.121188 0.443664 
1535147487092 0.248042 0.926958 -0.281469 -0.62507 -0.938522 0.301949 0.167342 -0.238506 0.240108 0.222657 0.944866 0.379248 0.16007 -0.137619 0.977465 0.38014 -0.979138 0.103422 0.174905 -0.484267 -0.125162 -0.985071 -0.118193 0.44318 
1535147487109 0.247604 0.926939 -0.281917 -0.624903 -0.938645 0.301605 0.167274 -0.238423 0.240081 0.223202 0.944745 0.379367 0.158472 -0.135149 0.97807 0.380754 -0.978905 0.107876 0.173514 -0.48422 -0.128961 -0.984935 -0.115203 0.442695 
1535147487208 0.247166 0.926919 -0.282365 -0.624737 -0.938767 0.301261 0.167207 -0.238339 0.240053 0.223747 0.944623 0.379485 0.156884 -0.132671 0.978665 0.381369 -0.978653 0.112325 0.172109 -0.484173 -0.132763 -0.984775 -0.112217 0.442211 
1535147487426 0.246727 0.926899 -0.282813 -0.624569 -0.938889 0.300916 0.16714 -0.238255 0.240025 0.224292 0.9445 0.379604 0.155305 -0.130185 0.979251 0.381982 -0.978381 0.116769 0.17069 -0.484125 -0.136567 -0.98459 -0.109235 0.441726 
1535147487434 0.246289 0.926879 -0.283261 -0.624403 -0.939012 0.300572 0.167074 -0.238172 0.239997 0.224837 0.944378 0.379723 0.153735 -0.12769 0.979827 0.382597 -0.97809 0.121206 0.169258 -0.484079 -0.140374 -0.98438 -0.106259 0.441242 
1535147487590 0.245851 0.926858 -0.283709 -0.624236 -0.939134 0.300227 0.167007 -0.238089 0.239969 0.225382 0.944255 0.379841 0.152174 -0.125188 0.980393 0.383211 -0.97778 0.125638 0.167812 -0.484033 -0.144183 -0.984146 -0.103287 0.440758 
1535147488168 0.246368 0.926834 -0.283342 -0.624374 -0.938985 0.300667 0.167052 -0.238258 0.24002 0.224897 0.944358 0.379787 0.15195 -0.125709 0.980361 0.382863 -0.978075 0.123786 0.167468 -0.484265 -0.142407 -0.984314 -0.104143 0.441098 
1535147488182 0.246007 0.926685 -0.284139 -0.625075 -0.93896 0.300579 0.167351 -0.238614 0.240487 0.225626 0.944065 0.379486 0.155662 -0.1269 0.979625 0.383051 -0.978743 0.114249 0.170322 -0.484704 -0.133535 -0.985314 -0.106419 0.441565 
1535147488306 0.245678 0.926531 -0.284924 -0.625783 -0.938931 0.300515 0.16763 -0.238985 0.240939 0.226341 0.943779 0.379176 0.159384 -0.128056 0.978876 0.383239 -0.979314 0.104698 0.173152 -0.485147 -0.124659 -0.986225 -0.10872 0.442033 
1535147488313 0.245348 0.926377 -0.285708 -0.626491 -0.938901 0.300451 0.16791 -0.239355 0.24139 0.227055 0.943492 0.378866 0.163115 -0.129174 0.978114 0.383428 -0.97979 0.0951348 0.175958 -0.48559 -0.115782 -0.987048 -0.111046 0.4425 
1535147488552 0.245018 0.926222 -0.286492 -0.627199 -0.938871 0.300388 0.16819 -0.239726 0.24184 0.22777 0.943204 0.378556 0.166854 -0.130256 0.97734 0.383617 -0.980169 0.0855603 0.17874 -0.486034 -0.106904 -0.987782 -0.113397 0.442968 
1535147488742 0.244688 0.926067 -0.287277 -0.627907 -0.938841 0.300325 0.16847 -0.240097 0.24229 0.228485 0.942916 0.378247 0.1706 -0.131302 0.976553 0.383805 -0.980452 0.0759754 0.181497 -0.486476 -0.0980248 -0.988427 -0.115774 0.443435 
1535147489112 0.244358 0.925911 -0.28806 -0.628615 -0.938811 0.300262 0.16875 -0.240468 0.242741 0.229199 0.942627 0.377937 0.174355 -0.13231 0.975753 0.383994 -0.980639 0.0663808 0.184229 -0.48692 -0.0891466 -0.988983 -0.118174 0.443903 
1535147489165 0.244027 0.925754 -0.288844 -0.629323 -0.938781 0.300199 0.169029 -0.240839 0.24319 0.229913 0.942337 0.377627 0.178116 -0.133281 0.974941 0.384182 -0.98073 0.0567778 0.186935 -0.487363 -0.08027 -0.989451 -0.1206 0.44437 
1535147489384 0.243696 0.925596 -0.289627 -0.63003 -0.93875 0.300137 0.169309 -0.241209 0.24364 0.230628 0.942046 0.377318 0.181884 -0.134215 0.974117 0.384371 -0.980725 0.0471672 0.189616 -0.487805 -0.0713958 -0.989829 -0.123049 0.444838 
1535147489751 0.243364 0.925438 -0.29041 -0.630739 -0.93872 0.300075 0.169589 -0.241581 0.244089 0.231342 0.941755 0.377008 0.185658 -0.135112 0.973281 0.38456 -0.980623 0.0375498 0.192272 -0.48825 -0.0625247 -0.990119 -0.125523 0.445305 
1535147490321 0.24365 0.925469 -0.290074 -0.630502 -0.9387 0.300234 0.169415 -0.241491 0.243878 0.231014 0.94189 0.377168 0.185179 -0.135239 0.973355 0.38448 -0.980633 0.0388576 0.191963 -0.488142 -0.063783 -0.990051 -0.125424 0.44513 
1535147490340 0.243445 0.925611 -0.289789 -0.630883 -0.938789 0.299953 0.169421 -0.241742 0.243741 0.230806 0.941976 0.376998 0.186832 -0.134259 0.973174 0.38441 -0.980586 0.0345536 0.193022 -0.488284 -0.0595416 -0.990344 -0.125197 0.445051 
1535147490454 0.243241 0.925754 -0.289504 -0.63127 -0.938878 0.299672 0.169427 -0.241995 0.243604 0.230598 0.942063 0.376828 0.188481 -0.133271 0.972992 0.38434 -0.980519 0.03025 0.194082 -0.488431 -0.0552986 -0.990618 -0.124973 0.444972 
1535147490663 0.243036 0.925897 -0.289219 -0.631657 -0.938966 0.299391 0.169432 -0.242249 0.243467 0.230389 0.942149 0.376657 0.190126 -0.132276 0.972808 0.384271 -0.980431 0.0259468 0.195144 -0.488578 -0.0510542 -0.990873 -0.124755 0.444893 
1535147490755 0.242831 0.92604 -0.288934 -0.632044 -0.939055 0.29911 0.169438 -0.242503 0.243329 0.23018 0.942236 0.376487 0.191765 -0.131274 0.972622 0.384202 -0.980324 0.0216443 0.196205 -0.488725 -0.0468085 -0.99111 -0.124541 0.444815 
1535147491062 0.242627 0.926183 -0.288649 -0.632429 -0.939143 0.29883 0.169443 -0.242756 0.243192 0.229971 0.942322 0.376316 0.1934 -0.130265 0.972434 0.384133 -0.980196 0.0173426 0.197267 -0.48887 -0.0425615 -0.991328 -0.124331 0.444736 
1535147491302 0.242422 0.926325 -0.288363 -0.632816 -0.939231 0.298549 0.169449 -0.243009 0.243055 0.229762 0.942408 0.376146 0.195031 -0.129249 0.972244 0.384063 -0.980049 0.0130415 0.19833 -0.489017 -0.0383134 -0.991526 -0.124126 0.444657 
1535147491469 0.242217 0.926467 -0.288078 -0.633201 -0.93932 0.298268 0.169454 -0.243262 0.242918 0.229553 0.942495 0.375976 0.196656 -0.128225 0.972052 0.383994 -0.979881 0.00874142 0.199393 -0.489163 -0.0340643 -0.991707 -0.123926 0.444578 
1535147491555 0.242012 0.92661 -0.287793 -0.633589 -0.939408 0.297987 0.16946 -0.243516 0.242781 0.229344 0.942581 0.375805 0.198277 -0.127194 0.971858 0.383925 -0.979692 0.00444218 0.200457 -0.48931 -0.0298141 -0.991868 -0.12373 0.444499 
1535147491852 0.241807 0.926752 -0.287508 -0.633974 -0.939496 0.297706 0.169465 -0.243769 0.242645 0.229135 0.942667 0.375634 0.199893 -0.126156 0.971662 0.383856 -0.979484 0.000144068 0.201521 -0.489456 -0.0255631 -0.99201 -0.123539 0.444421 
1535147492279 0.241982 0.926653 -0.287678 -0.633777 -0.939442 0.297912 0.169401 -0.243729 0.242678 0.229265 0.942627 0.375755 0.199502 -0.12637 0.971715 0.383894 -0.979542 0.00100251 0.201239 -0.489331 -0.0264048 -0.991983 -0.123585 0.44448 
1535147492291 0.241899 0.926859 -0.287085 -0.633887 -0.939551 0.297642 0.169272 -0.243829 0.24234 0.228785 0.94283 0.375667 0.195007 -0.126715 0.972582 0.383847 -0.98018 0.0101365 0.197851 -0.488925 -0.0349292 -0.991887 -0.122226 0.444143 
1535147492320 0.241815 0.927064 -0.286491 -0.633998 -0.93966 0.297371 0.169143 -0.243929 0.242001 0.228303 0.943034 0.375578 0.190504 -0.127017 0.973435 0.383798 -0.980724 0.0192712 0.194445 -0.488514 -0.043457 -0.991713 -0.120898 0.443806 
1535147492340 0.241731 0.927269 -0.285898 -0.634108 -0.939769 0.2971 0.169014 -0.244029 0.241662 0.227822 0.943237 0.37549 0.185995 -0.127278 0.974272 0.383749 -0.981174 0.0284053 0.191024 -0.488104 -0.0519875 -0.99146 -0.119598 0.443469 
1535147492543 0.241646 0.927474 -0.285304 -0.63422 -0.939878 0.296829 0.168885 -0.244129 0.241323 0.227341 0.94344 0.375402 0.181481 -0.127497 0.975094 0.3837 -0.98153 0.037538 0.187587 -0.487692 -0.0605198 -0.991128 -0.118329 0.443132 
1535147492550 0.241562 0.927679 -0.28471 -0.63433 -0.939986 0.296559 0.168755 -0.244229 0.240984 0.226859 0.943643 0.375313 0.176964 -0.127673 0.975901 0.383652 -0.981792 0.0466683 0.184137 -0.487283 -0.0690531 -0.990718 -0.11709 0.442795 
1535147492689 0.241477 0.927883 -0.284116 -0.634441 -0.940095 0.296288 0.168626 -0.244329 0.240645 0.226377 0.943845 0.375225 0.172441 -0.127808 0.976693 0.383603 -0.981959 0.0557956 0.180672 -0.486871 -0.0775865 -0.990228 -0.115881 0.442458 
1535147492752 0.241392 0.928087 -0.283522 -0.634552 -0.940204 0.296017 0.168496 -0.244429 0.240307 0.225895 0.944047 0.375137 0.167915 -0.127901 0.977469 0.383555 -0.982033 0.0649187 0.177194 -0.486461 -0.0861193 -0.98966 -0.114702 0.442121 
1535147492978 0.241307 0.92829 -0.282928 -0.634663 -0.940312 0.295747 0.168366 -0.24453 0.239968 0.225413 0.944248 0.375048 0.163385 -0.127952 0.97823 0.383506 -0.982011 0.0740371 0.173701 -0.486048 -0.0946506 -0.989013 -0.113554 0.441784 
1535147492985 0.241221 0.928493 -0.282334 -0.634774 -0.94042 0.295477 0.168236 -0.24463 0.239629 0.224931 0.944449 0.37496 0.158853 -0.127961 0.978975 0.383457 -0.981896 0.0831495 0.170196 -0.485638 -0.10318 -0.988287 -0.112436 0.441447 
1535147493570 0.241433 0.928275 -0.28287 -0.63464 -0.940257 0.295878 0.168441 -0.24459 0.240055 0.225303 0.944252 0.375065 0.17296 -0.127562 0.976633 0.383726 -0.981945 0.0547913 0.181057 -0.486989 -0.0766071 -0.990316 -0.115782 0.44252 
1535147493575 0.241699 0.928372 -0.282324 -0.634688 -0.940243 0.295982 0.168337 -0.244633 0.239843 0.224766 0.944434 0.374968 0.176115 -0.127354 0.976096 0.383767 -0.981996 0.0460883 0.183193 -0.487357 -0.0683169 -0.990786 -0.116944 0.442808 
1535147493582 0.241965 0.928469 -0.281777 -0.634737 -0.940229 0.296086 0.168233 -0.244677 0.239629 0.224228 0.944616 0.37487 0.179269 -0.127117 0.975553 0.38381 -0.981967 0.0373818 0.185319 -0.487731 -0.0600252 -0.991183 -0.118124 0.443096 
1535147493605 0.242231 0.928566 -0.281229 -0.634786 -0.940215 0.296191 0.168129 -0.244721 0.239416 0.22369 0.944798 0.374773 0.18242 -0.126853 0.975003 0.383852 -0.981859 0.0286732 0.187433 -0.488104 -0.0517329 -0.991507 -0.119321 0.443384 
1535147493825 0.242497 0.928662 -0.280682 -0.634834 -0.940201 0.296295 0.168025 -0.244765 0.239203 0.223152 0.944979 0.374676 0.185567 -0.126561 0.974447 0.383895 -0.981671 0.019963 0.189535 -0.488478 -0.0434406 -0.991758 -0.120537 0.443673 
1535147493832 0.242763 0.928758 -0.280134 -0.634883 -0.940186 0.296399 0.167921 -0.244809 0.238989 0.222613 0.94516 0.374578 0.18871 -0.126241 0.973885 0.383938 -0.981404 0.011252 0.191625 -0.488853 -0.0351491 -0.991936 -0.12177 0.443961 
1535147494013 0.243029 0.928853 -0.279587 -0.634932 -0.940172 0.296503 0.167817 -0.244852 0.238775 0.222075 0.945341 0.374481 0.191848 -0.125893 0.973317 0.38398 -0.981057 0.00254099 0.193703 -0.489225 -0.026859 -0.992041 -0.123021 0.444249 
1535147494078 0.243294 0.928949 -0.279038 -0.634981 -0.940158 0.296607 0.167713 -0.244896 0.238561 0.221537 0.945521 0.374383 0.194983 -0.125517 0.972742 0.384023 -0.980631 -0.0061696 0.195769 -0.4896 -0.0185709 -0.992072 -0.124289 0.444538 
1535147494084 0.243559 0.929044 -0.278491 -0.63503 -0.940143 0.296712 0.167609 -0.24494 0.238347 0.220998 0.945701 0.374286 0.198113 -0.125114 0.972161 0.384065 -0.980125 -0.0148788 0.197821 -0.489973 -0.0102856 -0.992031 -0.125575 0.444826 
1535147494180 0.243825 0.929138 -0.277942 -0.635079 -0.940129 0.296816 0.167505 -0.244984 0.238133 0.22046 0.945881 0.374189 0.201238 -0.124683 0.971575 0.384108 -0.97954 -0.023586 0.199861 -0.490346 -0.00200374 -0.991916 -0.126878 0.445114 
1535147494952 0.243389 0.928992 -0.278812 -0.634992 -0.940174 0.29662 0.167602 -0.244894 0.238402 0.22134 0.945607 0.37432 0.197678 -0.125264 0.972231 0.384023 -0.980203 -0.0138918 0.197509 -0.489828 -0.0112347 -0.992026 -0.12553 0.444786 
1535147494972 0.244065 0.928948 -0.278365 -0.634835 -0.940139 0.297055 0.167024 -0.244806 0.237846 0.220937 0.945841 0.374322 0.197816 -0.124285 0.972328 0.384033 -0.980191 -0.0152426 0.197468 -0.489926 -0.00972136 -0.99213 -0.124838 0.444647 
1535147495159 0.244719 0.928902 -0.277946 -0.63467 -0.940107 0.297477 0.16645 -0.244707 0.237298 0.220566 0.946066 0.374332 0.197954 -0.123306 0.972425 0.384044 -0.980177 -0.0165937 0.197428 -0.490029 -0.0082079 -0.99223 -0.124146 0.444508 
1535147495282 0.245373 0.928854 -0.277527 -0.634506 -0.940075 0.297898 0.165876 -0.244609 0.23675 0.220195 0.946289 0.374342 0.19809 -0.122327 0.972521 0.384054 -0.980161 -0.0179447 0.197389 -0.49013 -0.00669437 -0.992328 -0.123454 0.444369 
1535147495288 0.246027 0.928807 -0.277108 -0.634342 -0.940043 0.29832 0.165302 -0.244511 0.236201 0.219824 0.946513 0.374351 0.198224 -0.121347 0.972616 0.384065 -0.980143 -0.0192955 0.197351 -0.490232 -0.00518083 -0.992423 -0.122763 0.444229 
1535147495325 0.24668 0.928759 -0.276688 -0.634178 -0.940009 0.298743 0.164729 -0.244412 0.235652 0.219454 0.946736 0.374361 0.198357 -0.120368 0.972711 0.384076 -0.980123 -0.0206466 0.197314 -0.490333 -0.00366706 -0.992515 -0.12207 0.44409 
1535147495331 0.247333 0.92871 -0.276267 -0.634015 -0.939975 0.299165 0.164156 -0.244315 0.235102 0.219083 0.946958 0.37437 0.198489 -0.119388 0.972805 0.384087 -0.980101 -0.0219977 0.197278 -0.490434 -0.00215314 -0.992604 -0.121378 0.443951 
1535147495520 0.247985 0.928661 -0.275847 -0.633851 -0.939941 0.299587 0.163582 -0.244216 0.234553 0.218713 0.94718 0.37438 0.198619 -0.118407 0.972898 0.384097 -0.980077 -0.0233485 0.197243 -0.490536 -0.000639263 -0.992691 -0.120686 0.443812 
1535147495701 0.248638 0.928612 -0.275425 -0.633687 -0.939905 0.30001 0.163009 -0.244118 0.234003 0.218344 0.947401 0.374389 0.198747 -0.117427 0.97299 0.384108 -0.98005 -0.0246994 0.197208 -0.490637 0.000874752 -0.992774 -0.119993 0.443673 
1535147495784 0.24929 0.928562 -0.275004 -0.633524 -0.93987 0.300432 0.162436 -0.24402 0.233452 0.217974 0.947622 0.374398 0.198875 -0.116446 0.973082 0.384119 -0.980022 -0.0260506 0.197176 -0.490738 0.00238897 -0.992855 -0.119301 0.443534 
1535147496160 0.248667 0.928598 -0.275446 -0.633699 -0.93986 0.300076 0.163148 -0.244089 0.234154 0.218311 0.947371 0.374423 0.198939 -0.116931 0.973011 0.384174 -0.98001 -0.0254458 0.197312 -0.490592 0.00168719 -0.992814 -0.119656 0.443669 
1535147496174 0.248717 0.928483 -0.27579 -0.633352 -0.93971 0.300312 0.163577 -0.243996 0.234702 0.218478 0.947197 0.374581 0.195906 -0.118378 0.973451 0.384137 -0.980599 -0.016789 0.195303 -0.490429 -0.0067763 -0.992827 -0.119371 0.443404 
1535147496181 0.248767 0.928367 -0.276134 -0.633002 -0.93956 0.300549 0.164006 -0.243901 0.23525 0.218645 0.947023 0.374739 0.192858 -0.119798 0.973886 0.384099 -0.981108 -0.00812781 0.193288 -0.49026 -0.01524 -0.992765 -0.119102 0.443139 
1535147496462 0.248817 0.928251 -0.276479 -0.632652 -0.939409 0.300785 0.164436 -0.243806 0.235798 0.218812 0.946848 0.374898 0.189796 -0.121191 0.974315 0.384061 -0.981537 0.000536894 0.19127 -0.490092 -0.0237034 -0.992629 -0.118852 0.442874 
1535147496688 0.248867 0.928135 -0.276823 -0.632301 -0.939258 0.301022 0.164864 -0.243711 0.236346 0.218979 0.946672 0.375056 0.186722 -0.122557 0.974738 0.384023 -0.981886 0.00920446 0.189248 -0.489923 -0.0321657 -0.992419 -0.118619 0.442609 
1535147496694 0.248918 0.928018 -0.277168 -0.631952 -0.939107 0.301259 0.165293 -0.243617 0.236894 0.219146 0.946497 0.375215 0.183635 -0.123896 0.975155 0.383985 -0.982155 0.017874 0.187224 -0.489755 -0.0406263 -0.992134 -0.118403 0.442344 
1535147496952 0.248967 0.927902 -0.277513 -0.631601 -0.938955 0.301496 0.165721 -0.243522 0.237442 0.219313 0.946321 0.375373 0.180535 -0.125208 0.975567 0.383947 -0.982343 0.0265452 0.185196 -0.489586 -0.0490846 -0.991775 -0.118205 0.442079 
1535147497153 0.249017 0.927786 -0.277857 -0.631251 -0.938803 0.301733 0.16615 -0.243427 0.23799 0.219479 0.946145 0.375532 0.177423 -0.126492 0.975972 0.383909 -0.982451 0.0352169 0.183165 -0.489418 -0.0575397 -0.991342 -0.118024 0.441814 
1535147497313 0.249065 0.927669 -0.278201 -0.6309 -0.938651 0.301969 0.166578 -0.243332 0.238538 0.219645 0.945968 0.37569 0.174299 -0.127749 0.976371 0.38387 -0.982479 0.0438887 0.181132 -0.489248 -0.0659911 -0.990835 -0.117861 0.441549 
1535147497347 0.249115 0.927553 -0.278546 -0.63055 -0.938499 0.302207 0.167006 -0.243238 0.239086 0.219811 0.945791 0.375849 0.171163 -0.128979 0.976764 0.383832 -0.982427 0.0525597 0.179096 -0.48908 -0.074438 -0.990254 -0.117716 0.441284 
1535147497942 0.248946 0.927736 -0.278084 -0.630772 -0.938668 0.301849 0.166704 -0.243197 0.238597 0.219528 0.94598 0.375738 0.174919 -0.127464 0.976297 0.383974 -0.982444 0.0427265 0.181598 -0.489284 -0.0648611 -0.990922 -0.117753 0.441635 
1535147498084 0.248926 0.927682 -0.278283 -0.630274 -0.938503 0.302021 0.167318 -0.243032 0.239265 0.219519 0.945814 0.375889 0.177834 -0.127581 0.975755 0.384083 -0.98231 0.0361038 0.183749 -0.489692 -0.0586713 -0.991171 -0.118903 0.441831 
1535147498293 0.248906 0.927628 -0.278482 -0.629772 -0.938338 0.302194 0.167932 -0.242865 0.239934 0.219511 0.945646 0.376041 0.180751 -0.127678 0.975206 0.384194 -0.982128 0.0294794 0.185893 -0.490106 -0.0524829 -0.991377 -0.120068 0.442027 
1535147498310 0.248886 0.927573 -0.278682 -0.62927 -0.938172 0.302368 0.168546 -0.242698 0.240603 0.219503 0.945478 0.376193 0.183667 -0.127755 0.974651 0.384304 -0.981898 0.0228536 0.188028 -0.490519 -0.0462958 -0.991542 -0.121245 0.442223 
1535147498517 0.248866 0.927519 -0.278882 -0.628768 -0.938005 0.302541 0.169159 -0.242531 0.241271 0.219494 0.94531 0.376344 0.186582 -0.127813 0.97409 0.384415 -0.98162 0.0162266 0.190154 -0.490933 -0.0401103 -0.991666 -0.122436 0.442419 
1535147498833 0.248845 0.927464 -0.279081 -0.628265 -0.937839 0.302715 0.169772 -0.242364 0.24194 0.219486 0.945141 0.376496 0.189497 -0.127851 0.973522 0.384526 -0.981295 0.0095988 0.192271 -0.491347 -0.0339266 -0.991747 -0.123641 0.442616 
1535147498972 0.248825 0.92741 -0.279281 -0.627764 -0.937671 0.302888 0.170386 -0.242197 0.242608 0.219477 0.944971 0.376648 0.19241 -0.12787 0.972948 0.384636 -0.980922 0.00297067 0.194377 -0.49176 -0.0277453 -0.991787 -0.124858 0.442812 
1535147498978 0.248804 0.927355 -0.27948 -0.627261 -0.937504 0.303061 0.170999 -0.24203 0.243276 0.219468 0.944802 0.3768 0.195323 -0.127868 0.972368 0.384747 -0.980502 -0.00365774 0.196475 -0.492175 -0.0215663 -0.991784 -0.126089 0.443008 
1535147499064 0.248783 0.9273 -0.27968 -0.626759 -0.937336 0.303235 0.171612 -0.241863 0.243944 0.21946 0.944631 0.376952 0.198233 -0.127847 0.971781 0.384857 -0.980034 -0.0102859 0.198563 -0.492588 -0.0153902 -0.991741 -0.127334 0.443204 
1535147499431 0.248763 0.927246 -0.27988 -0.626257 -0.937167 0.303408 0.172224 -0.241696 0.244612 0.219451 0.944461 0.377103 0.201142 -0.127807 0.971189 0.384968 -0.979519 -0.0169135 0.200642 -0.493001 -0.00921719 -0.991655 -0.128591 0.4434 
1535147499670 0.248623 0.927338 -0.279698 -0.626506 -0.937335 0.303124 0.171812 -0.241703 0.244111 0.219454 0.94459 0.377008 0.195007 -0.128138 0.972395 0.384704 -0.98054 -0.00256912 0.196302 -0.491995 -0.0226555 -0.991753 -0.126145 0.442892 
1535147499682 0.248649 0.927318 -0.279743 -0.626054 -0.937222 0.303252 0.172201 -0.241552 0.244517 0.219363 0.944506 0.377105 0.193104 -0.128333 0.972749 0.384714 -0.980806 0.00205824 0.194975 -0.491896 -0.0270239 -0.991729 -0.125473 0.442651 
1535147499690 0.248676 0.927297 -0.279787 -0.625598 -0.937109 0.303381 0.172589 -0.241399 0.244923 0.219272 0.944422 0.377202 0.191199 -0.128521 0.973101 0.384723 -0.981049 0.00668641 0.193643 -0.491793 -0.0313937 -0.991684 -0.124807 0.44241 
1535147499964 0.248703 0.927276 -0.279831 -0.625143 -0.936996 0.30351 0.172976 -0.241246 0.245329 0.219181 0.944338 0.377299 0.189292 -0.128699 0.97345 0.384733 -0.981269 0.0113147 0.192308 -0.491689 -0.0357641 -0.991619 -0.124147 0.442169 
1535147500107 0.248729 0.927256 -0.279876 -0.624686 -0.936882 0.303639 0.173364 -0.241093 0.245734 0.21909 0.944253 0.377397 0.187384 -0.128868 0.973797 0.384742 -0.981466 0.015943 0.190969 -0.491586 -0.0401351 -0.991534 -0.123493 0.441928 
1535147500190 0.248756 0.927235 -0.27992 -0.624231 -0.936769 0.303767 0.173752 -0.240941 0.24614 0.218998 0.944169 0.377494 0.185475 -0.129029 0.974141 0.384751 -0.981641 0.0205711 0.189627 -0.491483 -0.0445065 -0.991427 -0.122845 0.441687 
1535147500474 0.248783 0.927215 -0.279965 -0.623775 -0.936655 0.303896 0.17414 -0.240788 0.246545 0.218907 0.944084 0.377592 0.183564 -0.12918 0.974483 0.38476 -0.981792 0.0251991 0.188281 -0.491379 -0.0488783 -0.991301 -0.122203 0.441446 
1535147500677 0.24881 0.927194 -0.280009 -0.623319 -0.936541 0.304025 0.174528 -0.240635 0.246951 0.218816 0.944 0.377689 0.181653 -0.129323 0.974822 0.384769 -0.98192 0.0298267 0.186932 -0.491276 -0.0532503 -0.991154 -0.121567 0.441205 
1535147500829 0.248837 0.927173 -0.280054 -0.622862 -0.936427 0.304153 0.174915 -0.240482 0.247356 0.218724 0.943915 0.377786 0.17974 -0.129456 0.975159 0.384778 -0.982025 0.0344539 0.185579 -0.491172 -0.0576225 -0.990986 -0.120937 0.440963 
1535147500880 0.248863 0.927153 -0.280098 -0.622407 -0.936313 0.304282 0.175303 -0.240329 0.247761 0.218633 0.943829 0.377884 0.177826 -0.129581 0.975493 0.384787 -0.982107 0.0390806 0.184223 -0.491069 -0.0619946 -0.990798 -0.120313 0.440722 
1535147501367 0.248626 0.927197 -0.280162 -0.622676 -0.936444 0.304007 0.175078 -0.240336 0.247503 0.218827 0.943852 0.377807 0.180304 -0.129249 0.975082 0.384873 -0.981998 0.0330889 0.185969 -0.4912 -0.0563007 -0.99106 -0.120957 0.44115 
1535147501386 0.248566 0.927085 -0.280586 -0.622356 -0.93637 0.304109 0.175296 -0.240213 0.247843 0.21916 0.943686 0.377927 0.179928 -0.129046 0.975179 0.38489 -0.98203 0.0338199 0.185667 -0.491232 -0.05694 -0.991062 -0.120642 0.441031 
1535147501403 0.248507 0.926972 -0.281011 -0.622032 -0.936296 0.304213 0.175512 -0.240088 0.248182 0.219493 0.943519 0.378048 0.179551 -0.128841 0.975275 0.384907 -0.982062 0.0345514 0.185365 -0.491263 -0.0575798 -0.991063 -0.120326 0.440912 
1535147501627 0.248447 0.926859 -0.281436 -0.621707 -0.936222 0.304316 0.175729 -0.239963 0.248521 0.219827 0.943352 0.378169 0.179175 -0.128636 0.975371 0.384924 -0.982093 0.0352829 0.185063 -0.491293 -0.0582196 -0.991064 -0.12001 0.440793 
1535147501819 0.248388 0.926746 -0.28186 -0.621383 -0.936147 0.30442 0.175945 -0.239837 0.24886 0.22016 0.943185 0.37829 0.178799 -0.12843 0.975467 0.384941 -0.982123 0.0360143 0.184761 -0.491324 -0.0588596 -0.991064 -0.119695 0.440674 
1535147501901 0.248329 0.926633 -0.282285 -0.621058 -0.936073 0.304524 0.176161 -0.239712 0.249199 0.220493 0.943018 0.378411 0.178423 -0.128224 0.975563 0.384958 -0.982153 0.0367455 0.184458 -0.491355 -0.0594996 -0.991064 -0.11938 0.440556 
1535147501932 0.248269 0.926519 -0.282709 -0.620734 -0.935999 0.304627 0.176377 -0.239587 0.249538 0.220827 0.94285 0.378531 0.178047 -0.128018 0.975659 0.384975 -0.982183 0.0374768 0.184155 -0.491386 -0.0601397 -0.991063 -0.119065 0.440437 
1535147502002 0.24821 0.926405 -0.283134 -0.620409 -0.935924 0.304731 0.176593 -0.239462 0.249877 0.22116 0.942682 0.378653 0.177671 -0.127812 0.975755 0.384992 -0.982211 0.0382078 0.183852 -0.491417 -0.0607799 -0.991062 -0.11875 0.440318 
1535147502008 0.24815 0.926292 -0.283558 -0.620085 -0.935849 0.304835 0.176809 -0.239337 0.250216 0.221493 0.942514 0.378773 0.177295 -0.127605 0.97585 0.385009 -0.982239 0.038939 0.183548 -0.491448 -0.0614203 -0.99106 -0.118435 0.440199 
1535147502116 0.248089 0.926178 -0.283983 -0.619761 -0.935775 0.304939 0.177025 -0.239212 0.250554 0.221826 0.942346 0.378894 0.17692 -0.127398 0.975945 0.385026 -0.982267 0.0396699 0.183244 -0.491479 -0.0620607 -0.991058 -0.118121 0.44008 
1535147502390 0.247662 0.926616 -0.282923 -0.620311 -0.93607 0.304168 0.176791 -0.239237 0.249874 0.221051 0.942708 0.378712 0.177573 -0.127763 0.975779 0.385047 -0.982221 0.0383583 0.183768 -0.491404 -0.060908 -0.991063 -0.11868 0.44027 
1535147502402 0.247753 0.926557 -0.283038 -0.620119 -0.936001 0.304316 0.176901 -0.239195 0.250042 0.221096 0.942654 0.378779 0.180199 -0.127483 0.975334 0.385126 -0.982135 0.0313326 0.18555 -0.491763 -0.0542142 -0.991346 -0.119559 0.440503 
1535147502553 0.247846 0.926498 -0.283152 -0.619925 -0.935931 0.304466 0.177011 -0.239152 0.25021 0.221139 0.942599 0.378846 0.182823 -0.127184 0.974885 0.385206 -0.981997 0.0243057 0.187328 -0.492128 -0.0475203 -0.991581 -0.12045 0.440736 
1535147502580 0.247938 0.926438 -0.283266 -0.619731 -0.935862 0.304617 0.17712 -0.23911 0.250378 0.221183 0.942544 0.378914 0.185444 -0.126866 0.974431 0.385287 -0.981806 0.0172783 0.189097 -0.492492 -0.0408265 -0.991769 -0.121354 0.440969 
1535147502595 0.248031 0.926378 -0.28338 -0.619538 -0.935792 0.304766 0.17723 -0.239067 0.250547 0.221226 0.942489 0.378981 0.188063 -0.126529 0.973973 0.385367 -0.981564 0.0102505 0.19086 -0.492857 -0.0341331 -0.99191 -0.122269 0.441202 
1535147502614 0.248124 0.926318 -0.283494 -0.619344 -0.935723 0.304916 0.177339 -0.239024 0.250715 0.22127 0.942434 0.379048 0.190678 -0.126174 0.97351 0.385448 -0.981269 0.00322291 0.192615 -0.493223 -0.0274406 -0.992003 -0.123196 0.441435 
1535147502781 0.248216 0.926258 -0.283609 -0.619151 -0.935653 0.305066 0.177449 -0.238982 0.250883 0.221314 0.942379 0.379116 0.193289 -0.1258 0.973043 0.385528 -0.980922 -0.0038041 0.194363 -0.493586 -0.0207493 -0.992048 -0.124135 0.441668 
1535147502831 0.248309 0.926199 -0.283723 -0.618957 -0.935583 0.305216 0.177558 -0.238939 0.251051 0.221357 0.942324 0.379183 0.195897 -0.125407 0.972572 0.385608 -0.980524 -0.0108302 0.196102 -0.49395 -0.0140595 -0.992046 -0.125087 0.441901 
1535147503014 0.248401 0.926139 -0.283837 -0.618763 -0.935514 0.305366 0.177668 -0.238897 0.251219 0.2214 0.942269 0.37925 0.198502 -0.124996 0.972097 0.385689 -0.980073 -0.0178553 0.197835 -0.494316 -0.00737154 -0.991997 -0.12605 0.442134 
1535147503066 0.248494 0.926079 -0.283951 -0.61857 -0.935444 0.305516 0.177777 -0.238854 0.251387 0.221444 0.942214 0.379317 0.201103 -0.124566 0.971618 0.385769 -0.97957 -0.0248786 0.199559 -0.49468 -0.00068588 -0.991899 -0.127025 0.442367 
1535147503514 0.248244 0.926189 -0.283812 -0.618816 -0.935544 0.305221 0.177756 -0.238818 0.251261 0.221392 0.94226 0.379243 0.192909 -0.126124 0.973077 0.385499 -0.980971 -0.00261189 0.194135 -0.493427 -0.0219436 -0.992011 -0.124228 0.441553 
1535147503519 0.248409 0.926132 -0.283853 -0.618561 -0.935549 0.305343 0.177519 -0.238697 0.251078 0.221461 0.942292 0.379328 0.191943 -0.125698 0.973323 0.385475 -0.981115 -0.000434598 0.193424 -0.493418 -0.02389 -0.992068 -0.123408 0.441388 
1535147503526 0.248576 0.926075 -0.283894 -0.618302 -0.935554 0.305467 0.177281 -0.238575 0.250896 0.221531 0.942324 0.379414 0.190976 -0.125269 0.973568 0.385451 -0.981254 0.00174345 0.192709 -0.493405 -0.0258379 -0.992121 -0.122588 0.441224 
1535147503765 0.248742 0.926017 -0.283936 -0.618042 -0.935559 0.30559 0.177044 -0.238452 0.250714 0.2216 0.942357 0.3795 0.19001 -0.124839 0.973813 0.385426 -0.981389 0.00392115 0.191991 -0.493391 -0.0277864 -0.992169 -0.12177 0.441059 
1535147503771 0.248908 0.92596 -0.283977 -0.617782 -0.935563 0.305714 0.176807 -0.238329 0.250531 0.22167 0.942389 0.379586 0.189045 -0.124406 0.974056 0.385401 -0.981518 0.00609856 0.191272 -0.493378 -0.0297357 -0.992213 -0.120954 0.440894 
1535147503808 0.249075 0.925903 -0.284018 -0.617522 -0.935568 0.305837 0.176569 -0.238206 0.250349 0.221739 0.942421 0.379672 0.18808 -0.123971 0.974298 0.385376 -0.981642 0.00827562 0.190551 -0.493364 -0.0316857 -0.992251 -0.120139 0.440729 
1535147504002 0.249241 0.925845 -0.284059 -0.617263 -0.935572 0.30596 0.176332 -0.238083 0.250167 0.221809 0.942453 0.379757 0.187116 -0.123534 0.974539 0.385351 -0.981762 0.0104522 0.189828 -0.493351 -0.0336363 -0.992285 -0.119325 0.440564 
1535147504135 0.249408 0.925788 -0.2841 -0.617003 -0.935577 0.306084 0.176094 -0.23796 0.249984 0.221878 0.942485 0.379844 0.186153 -0.123094 0.974779 0.385326 -0.981876 0.0126286 0.189103 -0.493337 -0.0355876 -0.992315 -0.118513 0.440399 
1535147504251 0.249574 0.92573 -0.284141 -0.616744 -0.935581 0.306207 0.175857 -0.237837 0.249802 0.221948 0.942517 0.379929 0.18519 -0.122653 0.975018 0.385302 -0.981985 0.0148045 0.188376 -0.493325 -0.0375395 -0.992339 -0.117702 0.440234 
1535147504418 0.24974 0.925673 -0.284182 -0.616485 -0.935585 0.30633 0.175619 -0.237714 0.249619 0.222017 0.942549 0.380015 0.184229 -0.122209 0.975256 0.385277 -0.98209 0.01698 0.187647 -0.493312 -0.039492 -0.992359 -0.116892 0.440069 
1535147504676 0.249578 0.925752 -0.284066 -0.616688 -0.935624 0.306157 0.175714 -0.237827 0.249636 0.221925 0.942566 0.379971 0.184788 -0.12246 0.975119 0.385309 -0.982042 0.0153942 0.188033 -0.493344 -0.0380376 -0.992354 -0.117416 0.440279 
1535147504687 0.249634 0.925678 -0.284257 -0.616503 -0.935604 0.306252 0.175658 -0.237735 0.249657 0.222102 0.942519 0.380017 0.184626 -0.122207 0.975181 0.385299 -0.98206 0.015786 0.187907 -0.493389 -0.0383578 -0.992379 -0.1171 0.440216 
1535147504704 0.249691 0.925604 -0.284449 -0.616314 -0.935583 0.306347 0.1756 -0.23764 0.249677 0.22228 0.942472 0.380064 0.184464 -0.121954 0.975244 0.385288 -0.982078 0.0161782 0.18778 -0.493434 -0.0386781 -0.992404 -0.116784 0.440153 
1535147504709 0.249748 0.92553 -0.28464 -0.616125 -0.935563 0.306442 0.175543 -0.237545 0.249696 0.222457 0.942425 0.380111 0.184302 -0.1217 0.975306 0.385278 -0.982096 0.0165703 0.187652 -0.49348 -0.0389985 -0.992429 -0.116468 0.440091 
1535147504728 0.249804 0.925456 -0.284832 -0.615935 -0.935542 0.306537 0.175486 -0.237451 0.249716 0.222635 0.942377 0.380158 0.184139 -0.121447 0.975368 0.385268 -0.982113 0.0169624 0.187525 -0.493525 -0.039319 -0.992453 -0.116152 0.440028 
1535147504736 0.249861 0.925381 -0.285024 -0.615745 -0.935522 0.306632 0.175429 -0.237356 0.249736 0.222813 0.94233 0.380206 0.183977 -0.121194 0.97543 0.385258 -0.982131 0.0173544 0.187397 -0.49357 -0.0396395 -0.992477 -0.115836 0.439965 
1535147504748 0.249918 0.925307 -0.285215 -0.615556 -0.935501 0.306728 0.175372 -0.237261 0.249756 0.222991 0.942283 0.380253 0.183815 -0.120941 0.975492 0.385247 -0.982148 0.0177464 0.18727 -0.493615 -0.03996 -0.992501 -0.11552 0.439902 
1535147504877 0.249974 0.925233 -0.285407 -0.615366 -0.935481 0.306823 0.175315 -0.237166 0.249776 0.223169 0.942235 0.3803 0.183653 -0.120687 0.975554 0.385237 -0.982166 0.0181385 0.187141 -0.49366 -0.0402807 -0.992525 -0.115204 0.439839 
1535147504899 0.250031 0.925158 -0.285599 -0.615177 -0.93546 0.306918 0.175258 -0.237072 0.249796 0.223346 0.942188 0.380347 0.183491 -0.120434 0.975616 0.385227 -0.982183 0.0185303 0.187014 -0.493705 -0.0406012 -0.992548 -0.114888 0.439777 
1535147504929 0.250088 0.925084 -0.28579 -0.614986 -0.93544 0.307013 0.1752 -0.236977 0.249816 0.223524 0.94214 0.380394 0.183329 -0.12018 0.975678 0.385216 -0.9822 0.0189224 0.186885 -0.49375 -0.040922 -0.992572 -0.114572 0.439714 
1535147505308 0.249484 0.925343 -0.28548 -0.615232 -0.935587 0.306391 0.175503 -0.236899 0.249869 0.223306 0.942178 0.380324 0.184016 -0.121233 0.975418 0.385203 -0.982111 0.0176458 0.187472 -0.49358 -0.0399398 -0.992467 -0.115817 0.439819 
1535147505322 0.24962 0.925274 -0.285584 -0.615037 -0.935558 0.306534 0.175409 -0.236845 0.249843 0.223395 0.942164 0.38039 0.186637 -0.121657 0.974867 0.385254 -0.981852 0.0109196 0.189337 -0.49398 -0.0336792 -0.992512 -0.117411 0.440165 
1535147505336 0.249757 0.925205 -0.285689 -0.614841 -0.935528 0.306678 0.175316 -0.23679 0.249817 0.223484 0.94215 0.380456 0.189261 -0.122062 0.974311 0.385306 -0.981544 0.00419226 0.191191 -0.494385 -0.0274217 -0.992514 -0.119015 0.440512 
1535147505342 0.249893 0.925135 -0.285794 -0.614646 -0.935498 0.306822 0.175222 -0.236735 0.249792 0.223573 0.942135 0.380521 0.191886 -0.122448 0.973748 0.385359 -0.981189 -0.00253596 0.193034 -0.49479 -0.0211672 -0.992472 -0.120631 0.440859 
1535147505441 0.25003 0.925066 -0.285899 -0.61445 -0.935469 0.306966 0.175129 -0.23668 0.249767 0.223662 0.942121 0.380587 0.194513 -0.122817 0.973181 0.385411 -0.980786 -0.00926482 0.194864 -0.495196 -0.0149163 -0.992386 -0.122259 0.441206 
1535147505567 0.250166 0.924997 -0.286003 -0.614254 -0.935439 0.30711 0.175035 -0.236625 0.249741 0.223751 0.942107 0.380653 0.197142 -0.123167 0.972607 0.385464 -0.980337 -0.015994 0.196683 -0.495601 -0.00866904 -0.992257 -0.123898 0.441553 
1535147505809 0.250302 0.924927 -0.286108 -0.614058 -0.935409 0.307254 0.174941 -0.236571 0.249716 0.22384 0.942092 0.380719 0.199771 -0.123499 0.972029 0.385516 -0.97984 -0.022723 0.198489 -0.496006 -0.00242595 -0.992084 -0.125549 0.441899 
1535147505882 0.250439 0.924858 -0.286213 -0.613862 -0.93538 0.307397 0.174848 -0.236516 0.249691 0.223929 0.942078 0.380785 0.202402 -0.123813 0.971444 0.385569 -0.979295 -0.0294517 0.200284 -0.496412 0.00381284 -0.991868 -0.127211 0.442246 
1535147506043 0.250575 0.924789 -0.286317 -0.613667 -0.93535 0.307541 0.174755 -0.236461 0.249665 0.224018 0.942063 0.380851 0.205033 -0.124109 0.970854 0.385621 -0.978704 -0.0361796 0.202065 -0.496817 0.0100469 -0.991609 -0.128884 0.442593 
1535147506103 0.250712 0.924719 -0.286422 -0.613471 -0.93532 0.307685 0.174661 -0.236406 0.24964 0.224107 0.942049 0.380917 0.207665 -0.124387 0.970259 0.385673 -0.978065 -0.0429065 0.203835 -0.497221 0.0162759 -0.991306 -0.130569 0.44294 
1535147506823 0.250457 0.92483 -0.286287 -0.613726 -0.935371 0.307432 0.174834 -0.236382 0.249705 0.223997 0.942058 0.380859 0.20731 -0.124598 0.970308 0.385585 -0.978163 -0.0414238 0.203669 -0.497056 0.0148171 -0.991342 -0.130465 0.4427 
1535147506848 0.25067 0.924817 -0.286143 -0.613392 -0.935318 0.307604 0.174812 -0.236257 0.249688 0.223815 0.942106 0.380945 0.207773 -0.126047 0.970022 0.385611 -0.978053 -0.0425602 0.203963 -0.497203 0.0155753 -0.991111 -0.132124 0.442972 
1535147506860 0.250883 0.924804 -0.285999 -0.613052 -0.935266 0.307775 0.17479 -0.23613 0.24967 0.223633 0.942154 0.381031 0.208239 -0.127495 0.969733 0.385639 -0.977942 -0.0436976 0.204257 -0.497353 0.0163332 -0.990876 -0.133783 0.443245 
1535147507012 0.251096 0.924791 -0.285854 -0.612713 -0.935214 0.307946 0.174768 -0.236004 0.249651 0.223451 0.942202 0.381118 0.208706 -0.128942 0.969441 0.385666 -0.977829 -0.0448355 0.204549 -0.497503 0.0170903 -0.990638 -0.135441 0.443517 
1535147507115 0.251309 0.924778 -0.28571 -0.612374 -0.935162 0.308118 0.174746 -0.235877 0.249633 0.22327 0.942249 0.381205 0.209175 -0.130389 0.969146 0.385694 -0.977715 -0.0459737 0.204839 -0.497654 0.0178466 -0.990396 -0.1371 0.44379 
1535147507300 0.251521 0.924765 -0.285565 -0.612034 -0.935109 0.308289 0.174723 -0.235749 0.249615 0.223088 0.942297 0.381292 0.209644 -0.131834 0.968849 0.385721 -0.977601 -0.0471124 0.205127 -0.497804 0.018602 -0.990152 -0.138758 0.444062 
1535147507371 0.251734 0.924751 -0.28542 -0.611696 -0.935057 0.30846 0.174701 -0.235623 0.249596 0.222906 0.942345 0.381378 0.210115 -0.133279 0.96855 0.385748 -0.977485 -0.0482514 0.205413 -0.497954 0.0193566 -0.989903 -0.140416 0.444335 
1535147507553 0.251947 0.924738 -0.285276 -0.611355 -0.935005 0.308632 0.174679 -0.235496 0.249578 0.222724 0.942393 0.381465 0.210586 -0.134722 0.968248 0.385776 -0.977368 -0.0493908 0.205698 -0.498105 0.0201105 -0.989652 -0.142074 0.444607 
1535147507628 0.25216 0.924725 -0.285131 -0.611017 -0.934952 0.308803 0.174657 -0.235369 0.249559 0.222542 0.942441 0.381552 0.211059 -0.136165 0.967943 0.385803 -0.977251 -0.0505305 0.20598 -0.498254 0.0208634 -0.989397 -0.143732 0.44488 
1535147507635 0.252373 0.924711 -0.284987 -0.610678 -0.9349 0.308974 0.174636 -0.235242 0.249541 0.222361 0.942489 0.381638 0.211532 -0.137607 0.967636 0.385831 -0.977132 -0.0516707 0.20626 -0.498404 0.0216156 -0.989138 -0.14539 0.445152 
1535147508092 0.252052 0.924778 -0.285052 -0.610828 -0.934988 0.308679 0.174684 -0.23521 0.249534 0.222491 0.94246 0.381537 0.21132 -0.136723 0.967807 0.385758 -0.97719 -0.0508895 0.20618 -0.498278 0.0210617 -0.989301 -0.144358 0.444938 
1535147508106 0.252209 0.924756 -0.284986 -0.610532 -0.93493 0.30883 0.174726 -0.235093 0.249592 0.222374 0.942472 0.381612 0.211888 -0.138442 0.967439 0.385827 -0.977094 -0.0500543 0.20684 -0.498492 0.0197892 -0.989105 -0.145877 0.445172 
1535147508122 0.252366 0.924733 -0.284921 -0.610232 -0.934872 0.308981 0.174768 -0.234974 0.249649 0.222259 0.942484 0.381687 0.212455 -0.140161 0.967067 0.385896 -0.976995 -0.0492203 0.207503 -0.498711 0.0185155 -0.988905 -0.147394 0.445407 
1535147508253 0.252524 0.92471 -0.284855 -0.609932 -0.934815 0.309133 0.17481 -0.234855 0.249707 0.222143 0.942496 0.381762 0.21302 -0.14188 0.966691 0.385966 -0.976896 -0.0483874 0.208167 -0.498929 0.0172409 -0.988701 -0.14891 0.445642 
1535147508349 0.252681 0.924687 -0.28479 -0.609632 -0.934757 0.309284 0.174852 -0.234736 0.249765 0.222028 0.942508 0.381838 0.213583 -0.143599 0.966313 0.386036 -0.976794 -0.0475556 0.208833 -0.499147 0.0159654 -0.988493 -0.150424 0.445877 
1535147508545 0.252838 0.924665 -0.284725 -0.609333 -0.934699 0.309436 0.174894 -0.234617 0.249822 0.221912 0.94252 0.381913 0.214143 -0.145319 0.965932 0.386105 -0.976692 -0.046725 0.209499 -0.499365 0.014689 -0.988281 -0.151937 0.446111 
