1535123887116 0.213907 0.919463 -0.329897 -0.47231 -0.943917 0.281507 0.172554 -0.171371 0.251525 0.274484 0.928113 0.474079 0.212712 -0.113423 0.97051 0.384579 -0.97686 -0.0473799 0.208567 -0.502731 0.0223263 -0.992416 -0.120877 0.442274 
1535123887129 0.217254 0.920156 -0.32575 -0.488604 -0.943546 0.283452 0.171392 -0.17851 0.250042 0.270124 0.929791 0.464043 0.206527 -0.113679 0.971815 0.384446 -0.978429 -0.0289565 0.204545 -0.50084 0.00488779 -0.993095 -0.117207 0.44179 
1535123887715 0.220592 0.920825 -0.321591 -0.504899 -0.943168 0.2854 0.17024 -0.185652 0.248543 0.265761 0.931449 0.454005 0.200331 -0.11382 0.973094 0.384314 -0.979647 -0.0105217 0.20045 -0.49895 -0.0125765 -0.993446 -0.113611 0.441305 
1535123888040 0.223922 0.921468 -0.317421 -0.521196 -0.942781 0.287351 0.169098 -0.192796 0.247029 0.261394 0.933086 0.443966 0.194129 -0.113843 0.974348 0.38418 -0.980515 0.0079168 0.196283 -0.497057 -0.0300592 -0.993467 -0.110088 0.440821 
1535123888389 0.227243 0.922085 -0.313241 -0.537491 -0.942386 0.289305 0.167964 -0.199938 0.245499 0.257025 0.934702 0.433927 0.187922 -0.11375 0.975575 0.384048 -0.981032 0.0263524 0.192046 -0.495166 -0.0475541 -0.99316 -0.106641 0.440337 
1535123889221 0.230556 0.922677 -0.30905 -0.553788 -0.941983 0.291263 0.166838 -0.207081 0.243952 0.252654 0.936298 0.423889 0.181713 -0.113541 0.976775 0.383914 -0.981197 0.0447789 0.18774 -0.493273 -0.0650551 -0.992524 -0.103269 0.439852 
1535123889355 0.233861 0.923242 -0.304849 -0.570084 -0.941571 0.293224 0.165721 -0.214223 0.24239 0.248281 0.937872 0.41385 0.175503 -0.113215 0.977947 0.383781 -0.981011 0.0631894 0.183368 -0.49138 -0.0825558 -0.991559 -0.0999751 0.439368 
1535123889827 0.237157 0.923782 -0.300638 -0.58638 -0.941152 0.295188 0.164613 -0.221366 0.240812 0.243907 0.939425 0.403812 0.169295 -0.112772 0.979092 0.383647 -0.980474 0.0815773 0.17893 -0.489487 -0.10005 -0.990266 -0.0967596 0.438883 
1535123890739 0.240444 0.924296 -0.296417 -0.602677 -0.940724 0.297155 0.163514 -0.228508 0.239217 0.239531 0.940957 0.393773 0.163091 -0.112213 0.980209 0.383514 -0.979586 0.0999363 0.174427 -0.487592 -0.117532 -0.988646 -0.093624 0.438399 
1535123891079 0.243722 0.924785 -0.292186 -0.618972 -0.940288 0.299126 0.162423 -0.23565 0.237607 0.235153 0.942468 0.383735 0.156893 -0.111538 0.981297 0.383381 -0.978346 0.118259 0.169863 -0.485699 -0.134994 -0.986698 -0.0905691 0.437914 
1535123892796 0.244709 0.924358 -0.292711 -0.618697 -0.940213 0.299979 0.161281 -0.236042 0.236888 0.235744 0.942501 0.383805 0.157473 -0.111561 0.981201 0.383489 -0.9783 0.117854 0.170407 -0.48577 -0.134649 -0.986744 -0.0905814 0.437938 
1535123892808 0.244937 0.924448 -0.292236 -0.62035 -0.940177 0.300091 0.161286 -0.236715 0.236798 0.235249 0.942648 0.382795 0.1568 -0.111482 0.981318 0.383465 -0.978161 0.119729 0.169898 -0.485575 -0.136432 -0.986528 -0.0902737 0.437887 
1535123892815 0.245166 0.924538 -0.29176 -0.622007 -0.94014 0.300203 0.161292 -0.23739 0.236708 0.234752 0.942794 0.381784 0.156127 -0.111401 0.981435 0.383441 -0.978019 0.121602 0.169386 -0.485378 -0.138215 -0.986308 -0.0899674 0.437836 
1535123892913 0.245394 0.924627 -0.291284 -0.623666 -0.940103 0.300315 0.161299 -0.238066 0.236618 0.234255 0.94294 0.380773 0.155452 -0.11132 0.981551 0.383417 -0.977873 0.123476 0.168874 -0.485181 -0.139997 -0.986084 -0.0896621 0.437786 
1535123893283 0.245622 0.924717 -0.290807 -0.625323 -0.940066 0.300427 0.161305 -0.238741 0.236528 0.233758 0.943086 0.379762 0.154779 -0.111237 0.981667 0.383392 -0.977723 0.125349 0.168361 -0.484985 -0.141779 -0.985857 -0.0893576 0.437735 
1535123893312 0.24585 0.924806 -0.290331 -0.62698 -0.940029 0.300539 0.161311 -0.239416 0.236437 0.233261 0.943232 0.378752 0.154106 -0.111153 0.981782 0.383368 -0.977569 0.127222 0.167848 -0.484788 -0.143561 -0.985627 -0.089054 0.437684 
1535123893499 0.246078 0.924895 -0.289854 -0.628638 -0.939992 0.300651 0.161317 -0.240091 0.236346 0.232764 0.943378 0.377741 0.153432 -0.111067 0.981897 0.383344 -0.977412 0.129094 0.167334 -0.484592 -0.145342 -0.985393 -0.0887515 0.437633 
1535123893791 0.246306 0.924983 -0.289378 -0.630296 -0.939956 0.300763 0.161324 -0.240767 0.236256 0.232267 0.943523 0.37673 0.152759 -0.110981 0.982012 0.38332 -0.977251 0.130966 0.166819 -0.484395 -0.147123 -0.985155 -0.0884498 0.437582 
1535123893797 0.246535 0.925071 -0.288901 -0.631953 -0.939919 0.300875 0.16133 -0.241442 0.236165 0.23177 0.943668 0.375719 0.152086 -0.110893 0.982127 0.383296 -0.977086 0.132837 0.166304 -0.484199 -0.148904 -0.984915 -0.0881491 0.437532 
1535123893944 0.246762 0.925159 -0.288424 -0.633611 -0.939882 0.300987 0.161337 -0.242117 0.236074 0.231273 0.943813 0.374708 0.151412 -0.110803 0.982241 0.383271 -0.976918 0.134707 0.165788 -0.484002 -0.150685 -0.984671 -0.0878493 0.437481 
1535123894647 0.24745 0.924789 -0.289021 -0.633357 -0.939786 0.301663 0.160627 -0.242389 0.235733 0.231871 0.943751 0.374725 0.151816 -0.110798 0.982179 0.383316 -0.976948 0.134064 0.166131 -0.484059 -0.150082 -0.984759 -0.0878905 0.437519 
1535123894658 0.247133 0.924521 -0.290149 -0.633401 -0.939764 0.301661 0.160765 -0.242494 0.236157 0.232941 0.943381 0.374829 0.155289 -0.112735 0.981415 0.383355 -0.977657 0.124941 0.169046 -0.484515 -0.141677 -0.985739 -0.0908144 0.438085 
1535123894664 0.246815 0.924251 -0.291276 -0.633444 -0.93974 0.30166 0.160903 -0.242599 0.236581 0.23401 0.94301 0.374933 0.158779 -0.114638 0.980636 0.383395 -0.978278 0.115802 0.171935 -0.484976 -0.13327 -0.986635 -0.0937609 0.438651 
1535123894800 0.246497 0.92398 -0.292403 -0.633487 -0.939717 0.301659 0.161041 -0.242704 0.237005 0.23508 0.942638 0.375037 0.162284 -0.116507 0.979842 0.383434 -0.978812 0.106649 0.174794 -0.485438 -0.124864 -0.987447 -0.0967315 0.439218 
1535123894886 0.246179 0.923708 -0.293529 -0.63353 -0.939694 0.301657 0.16118 -0.242808 0.237428 0.236148 0.942264 0.375142 0.165803 -0.118343 0.979032 0.383474 -0.979258 0.0974815 0.177624 -0.4859 -0.116458 -0.988176 -0.0997261 0.439784 
1535123894893 0.24586 0.923435 -0.294655 -0.633574 -0.93967 0.301657 0.161318 -0.242913 0.237851 0.237217 0.941889 0.375246 0.169335 -0.120146 0.978208 0.383514 -0.979617 0.0883014 0.180425 -0.486361 -0.108054 -0.988821 -0.102744 0.44035 
1535123895204 0.24554 0.92316 -0.295781 -0.633617 -0.939646 0.301656 0.161456 -0.243018 0.238274 0.238285 0.941512 0.37535 0.172882 -0.121914 0.977368 0.383554 -0.979888 0.079109 0.183196 -0.486824 -0.0996528 -0.989383 -0.105786 0.440917 
1535123895344 0.24522 0.922884 -0.296905 -0.63366 -0.939623 0.301656 0.161594 -0.243123 0.238696 0.239353 0.941135 0.375454 0.176441 -0.123649 0.976514 0.383593 -0.980072 0.0699056 0.185936 -0.487285 -0.0912545 -0.989861 -0.108851 0.441483 
1535123895352 0.2449 0.922606 -0.29803 -0.633703 -0.939599 0.301655 0.161732 -0.243228 0.239118 0.240421 0.940755 0.375558 0.180014 -0.125349 0.975645 0.383633 -0.980168 0.0606916 0.188646 -0.487748 -0.0828601 -0.990255 -0.111938 0.442049 
1535123895505 0.244579 0.922327 -0.299154 -0.633746 -0.939575 0.301655 0.161871 -0.243332 0.239539 0.241488 0.940375 0.375663 0.183599 -0.127016 0.974761 0.383673 -0.980176 0.0514683 0.191325 -0.488209 -0.0744706 -0.990564 -0.115048 0.442615 
1535123896467 0.244935 0.92252 -0.298268 -0.633692 -0.939558 0.301762 0.161771 -0.243311 0.239243 0.240617 0.940673 0.37561 0.183073 -0.127067 0.974853 0.383581 -0.980216 0.0522951 0.190896 -0.488127 -0.0752365 -0.990515 -0.114979 0.442338 
1535123896484 0.244214 0.922778 -0.29806 -0.633776 -0.939696 0.30109 0.162223 -0.243436 0.239439 0.240468 0.940662 0.375639 0.18436 -0.126931 0.974628 0.38355 -0.98032 0.0474836 0.191621 -0.488252 -0.0706015 -0.990774 -0.115679 0.442451 
1535123896491 0.243493 0.923037 -0.29785 -0.633864 -0.939833 0.300417 0.162675 -0.243563 0.239634 0.240319 0.94065 0.375667 0.18565 -0.126788 0.974402 0.38352 -0.980399 0.0426693 0.192345 -0.488385 -0.0659641 -0.991012 -0.116382 0.442565 
1535123896728 0.242772 0.923294 -0.29764 -0.633951 -0.93997 0.299744 0.163127 -0.24369 0.23983 0.24017 0.940638 0.375696 0.186939 -0.126639 0.974175 0.38349 -0.980456 0.0378543 0.193065 -0.488517 -0.0613263 -0.991226 -0.117088 0.442679 
1535123896872 0.242051 0.923551 -0.297429 -0.634039 -0.940106 0.29907 0.163579 -0.243817 0.240026 0.240021 0.940626 0.375724 0.188226 -0.126484 0.973947 0.38346 -0.980488 0.0330385 0.193781 -0.488649 -0.056688 -0.991418 -0.117797 0.442793 
1535123896900 0.24133 0.923808 -0.297218 -0.634125 -0.940241 0.298396 0.16403 -0.243943 0.240221 0.239871 0.940614 0.375753 0.189513 -0.126323 0.973718 0.38343 -0.980498 0.0282223 0.194494 -0.48878 -0.0520495 -0.991588 -0.118511 0.442907 
1535123897043 0.240609 0.924064 -0.297008 -0.634213 -0.940376 0.297723 0.164481 -0.24407 0.240417 0.239723 0.940602 0.375781 0.190799 -0.126155 0.973489 0.3834 -0.980484 0.0234052 0.195203 -0.488912 -0.0474105 -0.991734 -0.119227 0.443021 
1535123897269 0.239887 0.92432 -0.296796 -0.6343 -0.94051 0.297048 0.164933 -0.244196 0.240613 0.239574 0.94059 0.37581 0.192083 -0.125981 0.973259 0.38337 -0.980446 0.018588 0.195908 -0.489043 -0.0427715 -0.991859 -0.119947 0.443135 
1535123897417 0.239166 0.924574 -0.296584 -0.634388 -0.940644 0.296374 0.165383 -0.244323 0.240809 0.239426 0.940577 0.375838 0.193368 -0.1258 0.973028 0.383341 -0.980385 0.0137702 0.19661 -0.489176 -0.0381324 -0.99196 -0.12067 0.443249 
1535123897424 0.238444 0.924829 -0.296372 -0.634474 -0.940777 0.295699 0.165835 -0.24445 0.241005 0.239277 0.940565 0.375867 0.19465 -0.125613 0.972796 0.383311 -0.980301 0.00895247 0.197308 -0.489307 -0.0334934 -0.992039 -0.121396 0.443363 
1535123897989 0.239053 0.924628 -0.296508 -0.634371 -0.940703 0.296223 0.165316 -0.244411 0.240688 0.239407 0.940614 0.375822 0.194239 -0.125576 0.972883 0.383294 -0.98035 0.00995283 0.197015 -0.489235 -0.0344232 -0.992034 -0.121175 0.443284 
1535123898001 0.2387 0.924834 -0.296149 -0.634432 -0.940819 0.295796 0.16542 -0.244514 0.240585 0.239137 0.940708 0.375782 0.19481 -0.125954 0.97272 0.383294 -0.980288 0.00827972 0.197398 -0.489345 -0.0329169 -0.992002 -0.121858 0.443401 
1535123898008 0.238346 0.92504 -0.29579 -0.634498 -0.940935 0.295369 0.165524 -0.244619 0.240483 0.238868 0.940803 0.375742 0.195383 -0.126331 0.972556 0.383295 -0.980224 0.00660527 0.197782 -0.489461 -0.0314099 -0.991966 -0.122542 0.443519 
1535123898127 0.237992 0.925246 -0.295431 -0.634563 -0.941051 0.294943 0.165627 -0.244724 0.240381 0.238598 0.940897 0.375702 0.195957 -0.126706 0.972392 0.383296 -0.980157 0.00493068 0.198164 -0.489576 -0.0299032 -0.991928 -0.123226 0.443636 
1535123898134 0.237638 0.925451 -0.295073 -0.634629 -0.941166 0.294516 0.165731 -0.244829 0.240279 0.238328 0.940992 0.375661 0.196531 -0.127081 0.972227 0.383297 -0.980086 0.00325585 0.198545 -0.489692 -0.0283968 -0.991887 -0.123911 0.443754 
1535123898259 0.237284 0.925657 -0.294713 -0.634695 -0.941281 0.294089 0.165835 -0.244935 0.240178 0.238058 0.941086 0.375621 0.197105 -0.127455 0.972062 0.383298 -0.980013 0.00158084 0.198925 -0.489809 -0.0268907 -0.991843 -0.124596 0.443871 
1535123898392 0.23693 0.925862 -0.294354 -0.634762 -0.941397 0.293661 0.165938 -0.245041 0.240076 0.237788 0.94118 0.37558 0.197681 -0.127828 0.971896 0.383299 -0.979938 -9.4341e-05 0.199304 -0.489926 -0.0253849 -0.991796 -0.125282 0.443989 
1535123898574 0.236576 0.926066 -0.293995 -0.634827 -0.941512 0.293234 0.166041 -0.245145 0.239974 0.237518 0.941274 0.37554 0.198256 -0.1282 0.97173 0.3833 -0.979859 -0.0017695 0.199681 -0.490041 -0.0238796 -0.991747 -0.125968 0.444106 
1535123898637 0.236222 0.926271 -0.293636 -0.634894 -0.941626 0.292807 0.166144 -0.245251 0.239873 0.237248 0.941368 0.375499 0.198832 -0.12857 0.971563 0.383301 -0.979778 -0.00344499 0.200058 -0.490158 -0.0223745 -0.991694 -0.126655 0.444224 
1535123898766 0.235868 0.926475 -0.293277 -0.634959 -0.941741 0.29238 0.166247 -0.245356 0.239772 0.236978 0.941462 0.375459 0.199409 -0.12894 0.971396 0.383302 -0.979694 -0.00512045 0.200433 -0.490273 -0.0208698 -0.991639 -0.127343 0.444341 
1535123898846 0.236225 0.926191 -0.293885 -0.634889 -0.941637 0.292844 0.16602 -0.245237 0.239829 0.237514 0.941312 0.375486 0.197897 -0.127976 0.971833 0.383242 -0.979907 -0.000683691 0.199451 -0.489973 -0.0248605 -0.991777 -0.12554 0.443976 
1535123898851 0.236492 0.92625 -0.293482 -0.634888 -0.941657 0.292939 0.165734 -0.245216 0.239484 0.237165 0.941488 0.375436 0.197847 -0.129816 0.971599 0.383278 -0.979852 0.00143469 0.199719 -0.490061 -0.0273207 -0.991537 -0.126917 0.444172 
1535123898857 0.236759 0.92631 -0.293077 -0.634889 -0.941678 0.293033 0.165448 -0.245197 0.239138 0.236813 0.941665 0.375385 0.197791 -0.131656 0.971363 0.383314 -0.979792 0.00355314 0.199989 -0.490143 -0.0297811 -0.991289 -0.128293 0.44437 
1535123898878 0.237025 0.92637 -0.292673 -0.63489 -0.941699 0.293128 0.165162 -0.245177 0.238792 0.236463 0.941841 0.375334 0.19773 -0.133495 0.971124 0.383349 -0.979726 0.00567095 0.200261 -0.490225 -0.0322411 -0.991033 -0.129667 0.444566 
1535123898897 0.237292 0.926429 -0.292269 -0.634891 -0.94172 0.293223 0.164875 -0.245158 0.238446 0.236112 0.942016 0.375284 0.197665 -0.135334 0.970883 0.383385 -0.979655 0.00778828 0.200537 -0.490306 -0.0347009 -0.990769 -0.131041 0.444763 
1535123899074 0.237558 0.926489 -0.291865 -0.634893 -0.94174 0.293318 0.164589 -0.245138 0.238099 0.235761 0.942192 0.375233 0.197595 -0.137172 0.970639 0.38342 -0.979579 0.00990507 0.200815 -0.490387 -0.0371605 -0.990498 -0.132414 0.44496 
1535123899086 0.237824 0.926548 -0.29146 -0.634894 -0.941761 0.293413 0.164303 -0.245119 0.237753 0.235411 0.942367 0.375182 0.197521 -0.13901 0.970393 0.383456 -0.979498 0.0120211 0.201097 -0.49047 -0.0396196 -0.990218 -0.133785 0.445157 
1535123899100 0.23809 0.926607 -0.291056 -0.634896 -0.941781 0.293508 0.164017 -0.2451 0.237406 0.23506 0.942542 0.375131 0.197442 -0.140847 0.970144 0.383491 -0.979411 0.0141367 0.20138 -0.490551 -0.0420785 -0.98993 -0.135156 0.445353 
1535123899186 0.238356 0.926665 -0.290651 -0.634897 -0.941801 0.293604 0.16373 -0.24508 0.237059 0.234709 0.942716 0.37508 0.197359 -0.142684 0.969892 0.383527 -0.979319 0.0162516 0.201668 -0.490633 -0.044537 -0.989635 -0.136526 0.44555 
1535123899234 0.238622 0.926724 -0.290246 -0.634898 -0.941821 0.293699 0.163444 -0.24506 0.236712 0.234359 0.942891 0.37503 0.197271 -0.14452 0.969638 0.383562 -0.979222 0.0183658 0.201958 -0.490716 -0.0469951 -0.989331 -0.137894 0.445747 
1535123899729 0.237923 0.926645 -0.29107 -0.63484 -0.941754 0.293419 0.164328 -0.245102 0.237679 0.235019 0.942483 0.37522 0.197311 -0.141575 0.970064 0.383521 -0.979378 0.0153766 0.20145 -0.490541 -0.0434366 -0.989808 -0.135622 0.445455 
1535123899881 0.238686 0.926521 -0.29084 -0.634665 -0.941619 0.294049 0.163977 -0.244995 0.23745 0.234722 0.942615 0.375234 0.197424 -0.142803 0.969861 0.383577 -0.979416 0.0136904 0.201385 -0.490626 -0.0420362 -0.989656 -0.137161 0.445627 
1535123899961 0.239429 0.926401 -0.290613 -0.634479 -0.941483 0.294665 0.163652 -0.244885 0.237241 0.234424 0.942742 0.375257 0.197541 -0.14403 0.969656 0.383634 -0.979452 0.0120033 0.20132 -0.490716 -0.0406352 -0.989501 -0.138699 0.4458 
1535123900044 0.240172 0.92628 -0.290384 -0.634294 -0.941347 0.29528 0.163327 -0.244776 0.237031 0.234126 0.942869 0.375279 0.19766 -0.145257 0.969449 0.383691 -0.979485 0.0103163 0.201252 -0.490804 -0.0392344 -0.98934 -0.140238 0.445973 
1535123900260 0.240914 0.926159 -0.290156 -0.634109 -0.94121 0.295896 0.163002 -0.244666 0.236822 0.233828 0.942995 0.375302 0.19778 -0.146483 0.96924 0.383748 -0.979516 0.00862942 0.201181 -0.490893 -0.0378336 -0.989176 -0.141776 0.446146 
1535123900267 0.241657 0.926037 -0.289928 -0.633923 -0.941072 0.296512 0.162677 -0.244556 0.236612 0.233531 0.943121 0.375325 0.197902 -0.147709 0.969029 0.383805 -0.979545 0.0069428 0.201108 -0.490982 -0.0364331 -0.989007 -0.143313 0.446318 
1535123900273 0.242399 0.925914 -0.289699 -0.633739 -0.940934 0.297128 0.162353 -0.244447 0.236402 0.233233 0.943248 0.375348 0.198026 -0.148934 0.968816 0.383862 -0.97957 0.00525581 0.201032 -0.49107 -0.0350324 -0.988833 -0.14485 0.446491 
1535123900537 0.243141 0.925791 -0.28947 -0.633553 -0.940795 0.297743 0.162028 -0.244337 0.236192 0.232936 0.943374 0.375371 0.198151 -0.150158 0.968601 0.383919 -0.979594 0.00356934 0.200953 -0.491159 -0.0336321 -0.988656 -0.146387 0.446664 
1535123900544 0.243883 0.925668 -0.28924 -0.633369 -0.940656 0.298359 0.161704 -0.244228 0.235982 0.232639 0.9435 0.375393 0.198279 -0.151382 0.968385 0.383976 -0.979615 0.00188252 0.200873 -0.491247 -0.0322316 -0.988473 -0.147923 0.446836 
1535123900743 0.244625 0.925544 -0.28901 -0.633184 -0.940516 0.298974 0.16138 -0.244118 0.235771 0.232341 0.943626 0.375416 0.198408 -0.152606 0.968166 0.384032 -0.979634 0.000196056 0.200789 -0.491335 -0.0308315 -0.988287 -0.149459 0.447009 
1535123900930 0.243889 0.925658 -0.289267 -0.633348 -0.94069 0.298334 0.161553 -0.244144 0.235841 0.23271 0.943518 0.375315 0.198249 -0.151475 0.968376 0.384011 -0.979632 0.00153909 0.200794 -0.491246 -0.0319057 -0.98846 -0.148084 0.446873 
1535123900941 0.244248 0.925593 -0.289173 -0.632994 -0.940645 0.298612 0.161297 -0.244006 0.235646 0.232612 0.94359 0.375445 0.199306 -0.1508 0.968265 0.384068 -0.979524 -0.00196862 0.201317 -0.491449 -0.0284524 -0.988562 -0.148105 0.446812 
1535123901026 0.244606 0.925527 -0.28908 -0.632634 -0.940601 0.29889 0.161041 -0.243865 0.235451 0.232517 0.943662 0.375576 0.200362 -0.150122 0.968152 0.384126 -0.979403 -0.00547678 0.201841 -0.491658 -0.0249983 -0.988652 -0.148127 0.446751 
1535123901227 0.244965 0.925461 -0.288987 -0.632274 -0.940557 0.299168 0.160785 -0.243724 0.235256 0.232422 0.943734 0.375707 0.201415 -0.14944 0.968039 0.384184 -0.979269 -0.00898465 0.202365 -0.491869 -0.0215439 -0.98873 -0.148151 0.446691 
1535123901242 0.245323 0.925395 -0.288894 -0.631916 -0.940512 0.299445 0.16053 -0.243584 0.235061 0.232327 0.943806 0.375838 0.202466 -0.148754 0.967926 0.384242 -0.979122 -0.0124918 0.202888 -0.492076 -0.0180893 -0.988795 -0.148177 0.44663 
1535123901403 0.245681 0.925329 -0.288801 -0.631556 -0.940467 0.299723 0.160274 -0.243443 0.234866 0.232232 0.943878 0.375969 0.203515 -0.148064 0.967811 0.3843 -0.978963 -0.0159985 0.203412 -0.492286 -0.0146344 -0.988848 -0.148205 0.44657 
1535123901410 0.24604 0.925263 -0.288708 -0.631196 -0.940422 0.300001 0.160018 -0.243302 0.234671 0.232137 0.94395 0.3761 0.204561 -0.147371 0.967697 0.384359 -0.97879 -0.0195048 0.203936 -0.492495 -0.0111794 -0.988889 -0.148235 0.44651 
1535123901695 0.246398 0.925197 -0.288615 -0.630837 -0.940377 0.300278 0.159762 -0.243162 0.234476 0.232042 0.944022 0.376231 0.205604 -0.146674 0.967581 0.384416 -0.978605 -0.0230102 0.204458 -0.492704 -0.00772439 -0.988917 -0.148266 0.446449 
1535123901702 0.246756 0.925131 -0.288521 -0.630476 -0.940332 0.300556 0.159506 -0.243021 0.234281 0.231947 0.944094 0.376362 0.206645 -0.145973 0.967466 0.384475 -0.978407 -0.0265152 0.204982 -0.492914 -0.00426918 -0.988933 -0.1483 0.446389 
1535123901960 0.247114 0.925064 -0.288428 -0.630117 -0.940286 0.300834 0.159251 -0.24288 0.234086 0.231852 0.944166 0.376493 0.207683 -0.145268 0.967349 0.384533 -0.978196 -0.0300193 0.205504 -0.493122 -0.000814055 -0.988937 -0.148335 0.446328 
1535123902268 0.246832 0.925113 -0.288515 -0.630352 -0.940361 0.300578 0.159291 -0.24291 0.234083 0.23199 0.944132 0.376423 0.206417 -0.146066 0.9675 0.384448 -0.978452 -0.0259938 0.20483 -0.492776 -0.00476965 -0.988933 -0.148284 0.446455 
1535123902281 0.246715 0.925091 -0.288685 -0.629747 -0.940189 0.300697 0.16008 -0.242695 0.234895 0.231924 0.943947 0.376626 0.206628 -0.146285 0.967422 0.384499 -0.978406 -0.025589 0.205104 -0.492882 -0.0052483 -0.988911 -0.148414 0.446411 
1535123902503 0.246613 0.92505 -0.288901 -0.629192 -0.940009 0.300841 0.160864 -0.242528 0.235721 0.231899 0.943747 0.3768 0.206838 -0.146504 0.967344 0.384551 -0.978358 -0.0251839 0.205379 -0.492989 -0.0057273 -0.988889 -0.148542 0.446367 
1535123902577 0.246666 0.925182 -0.288432 -0.629921 -0.940307 0.300503 0.159753 -0.24267 0.234476 0.231809 0.944079 0.376566 0.20751 -0.145439 0.967361 0.384492 -0.978232 -0.0292787 0.20544 -0.493039 -0.0015559 -0.988934 -0.148349 0.446326 
1535123902590 0.246693 0.925106 -0.288654 -0.629304 -0.940184 0.300681 0.160142 -0.242437 0.234941 0.231882 0.943946 0.376756 0.205344 -0.144471 0.967968 0.384505 -0.978666 -0.0233726 0.204125 -0.492988 -0.00686627 -0.989233 -0.146189 0.445801 
1535123902844 0.246721 0.925029 -0.288878 -0.62868 -0.94006 0.300862 0.160529 -0.2422 0.235407 0.231957 0.943811 0.376948 0.20318 -0.143492 0.96857 0.384516 -0.979066 -0.0174667 0.202794 -0.49293 -0.0121815 -0.989497 -0.144037 0.445275 
1535123902871 0.246748 0.924952 -0.289102 -0.628058 -0.939936 0.301042 0.160917 -0.241964 0.235872 0.232031 0.943677 0.377139 0.201021 -0.142499 0.969167 0.384528 -0.979431 -0.0115618 0.20145 -0.492874 -0.017501 -0.989727 -0.141892 0.444749 
1535123902874 0.246776 0.924874 -0.289325 -0.627435 -0.939812 0.301222 0.161304 -0.241728 0.236337 0.232105 0.943542 0.37733 0.198867 -0.141492 0.969759 0.384539 -0.979761 -0.00565789 0.200093 -0.492817 -0.0228248 -0.989923 -0.139754 0.444223 
1535123903079 0.246803 0.924797 -0.289549 -0.626814 -0.939687 0.301402 0.161692 -0.241492 0.236803 0.232179 0.943407 0.377521 0.196718 -0.140472 0.970345 0.384551 -0.980056 0.00024468 0.198723 -0.492762 -0.0281524 -0.990085 -0.137623 0.443697 
1535123903401 0.246831 0.92472 -0.289772 -0.62619 -0.939563 0.301582 0.162079 -0.241256 0.237268 0.232253 0.943272 0.377712 0.194574 -0.139439 0.970926 0.384563 -0.980316 0.00614597 0.197338 -0.492705 -0.033484 -0.990212 -0.135499 0.443172 
1535123903454 0.246858 0.924642 -0.289996 -0.625568 -0.939438 0.301762 0.162467 -0.24102 0.237733 0.232327 0.943137 0.377903 0.192435 -0.138393 0.971502 0.384575 -0.980542 0.0120454 0.195941 -0.492649 -0.0388191 -0.990304 -0.133382 0.442646 
1535123903756 0.246885 0.924565 -0.29022 -0.624945 -0.939313 0.301943 0.162854 -0.240783 0.238199 0.232401 0.943001 0.378095 0.1903 -0.137334 0.972073 0.384586 -0.980732 0.0179431 0.194531 -0.492592 -0.0441576 -0.990362 -0.131273 0.44212 
1535123903807 0.246912 0.924488 -0.290443 -0.624323 -0.939188 0.302123 0.163241 -0.240548 0.238664 0.232475 0.942865 0.378286 0.188171 -0.136261 0.972638 0.384598 -0.980888 0.0238385 0.193107 -0.492536 -0.0494993 -0.990386 -0.129171 0.441594 
1535123904345 0.246552 0.924633 -0.290285 -0.624603 -0.939324 0.301711 0.163218 -0.240454 0.238499 0.23243 0.942918 0.378284 0.188665 -0.136376 0.972526 0.384614 -0.980852 0.0225525 0.193443 -0.492571 -0.0483139 -0.9904 -0.12951 0.441894 
1535123904357 0.246436 0.924414 -0.291082 -0.624129 -0.939205 0.301887 0.16358 -0.24032 0.23909 0.233074 0.94261 0.378509 0.190123 -0.136977 0.972158 0.384682 -0.980697 0.0195746 0.194551 -0.492781 -0.0456786 -0.990381 -0.130611 0.442077 
1535123904362 0.24632 0.924193 -0.291879 -0.62365 -0.939084 0.302065 0.163942 -0.240183 0.239681 0.233717 0.9423 0.378736 0.191584 -0.137573 0.971787 0.384751 -0.980532 0.0165952 0.195657 -0.492996 -0.0430442 -0.990353 -0.131715 0.44226 
1535123904369 0.246203 0.923972 -0.292676 -0.623172 -0.938964 0.302243 0.164304 -0.240047 0.240272 0.23436 0.94199 0.378962 0.193046 -0.138165 0.971413 0.384819 -0.980357 0.0136151 0.19676 -0.493211 -0.0404111 -0.990316 -0.132822 0.442443 
1535123904665 0.246087 0.923751 -0.293473 -0.622693 -0.938843 0.302421 0.164666 -0.23991 0.240862 0.235003 0.941679 0.379188 0.194509 -0.138752 0.971038 0.384888 -0.980173 0.0106341 0.197859 -0.493427 -0.0377793 -0.99027 -0.133932 0.442626 
1535123904819 0.245969 0.923528 -0.294269 -0.622213 -0.938722 0.3026 0.165027 -0.239773 0.241453 0.235646 0.941367 0.379415 0.195974 -0.139334 0.97066 0.384957 -0.979979 0.00765228 0.198954 -0.493642 -0.0351489 -0.990216 -0.135045 0.442809 
1535123904826 0.245851 0.923306 -0.295065 -0.621735 -0.938601 0.302778 0.165388 -0.239637 0.242043 0.236288 0.941054 0.379641 0.19744 -0.139912 0.970279 0.385026 -0.979775 0.00466993 0.200046 -0.493857 -0.0325199 -0.990153 -0.136161 0.442992 
1535123904961 0.245733 0.923082 -0.295861 -0.621256 -0.93848 0.302957 0.165749 -0.2395 0.242634 0.23693 0.940741 0.379867 0.198907 -0.140486 0.969897 0.385095 -0.979562 0.00168671 0.201134 -0.494073 -0.0298923 -0.990081 -0.137279 0.443175 
1535123905265 0.245614 0.922859 -0.296657 -0.620778 -0.938358 0.303136 0.16611 -0.239364 0.243224 0.237572 0.940426 0.380093 0.200375 -0.141054 0.969512 0.385164 -0.97934 -0.00129701 0.202218 -0.494287 -0.0272662 -0.990001 -0.1384 0.443358 
1535123905348 0.245495 0.922634 -0.297453 -0.620299 -0.938236 0.303315 0.166471 -0.239227 0.243814 0.238213 0.940111 0.38032 0.201844 -0.141619 0.969125 0.385233 -0.979108 -0.00428135 0.203298 -0.494502 -0.0246416 -0.989912 -0.139524 0.443541 
1535123905888 0.24542 0.922856 -0.296825 -0.620489 -0.938318 0.303071 0.166457 -0.23924 0.243575 0.237664 0.940312 0.380326 0.201325 -0.14154 0.969244 0.385171 -0.979195 -0.00340956 0.202894 -0.494463 -0.025413 -0.989927 -0.139282 0.443388 
1535123905907 0.245413 0.922817 -0.296954 -0.620273 -0.938295 0.303111 0.166511 -0.239154 0.243669 0.237767 0.940262 0.380393 0.200489 -0.140603 0.969554 0.385167 -0.979341 -0.00213218 0.202204 -0.494443 -0.0263632 -0.990064 -0.138126 0.443172 
1535123906017 0.245405 0.922777 -0.297085 -0.620053 -0.938273 0.303151 0.166564 -0.239066 0.243763 0.237872 0.940211 0.380461 0.199651 -0.139665 0.969862 0.385161 -0.979486 -0.000855372 0.201509 -0.494417 -0.0273141 -0.990198 -0.13697 0.442956 
1535123906086 0.245397 0.922737 -0.297216 -0.619833 -0.938251 0.303191 0.166617 -0.238978 0.243857 0.237976 0.94016 0.380529 0.198814 -0.138725 0.970169 0.385156 -0.979629 0.000420738 0.200813 -0.494392 -0.028266 -0.990331 -0.135815 0.44274 
1535123906206 0.245389 0.922696 -0.297348 -0.619612 -0.938228 0.303231 0.16667 -0.238889 0.243951 0.238081 0.940109 0.380597 0.197978 -0.137784 0.970474 0.38515 -0.979771 0.00169624 0.200115 -0.494366 -0.0292188 -0.990461 -0.134661 0.442524 
1535123906334 0.245382 0.922656 -0.297479 -0.619391 -0.938206 0.303271 0.166723 -0.238801 0.244045 0.238186 0.940058 0.380665 0.197142 -0.136842 0.970778 0.385144 -0.97991 0.00297109 0.199416 -0.49434 -0.0301726 -0.990588 -0.133507 0.442307 
1535123906340 0.245374 0.922616 -0.29761 -0.619171 -0.938183 0.303311 0.166776 -0.238713 0.244139 0.23829 0.940007 0.380732 0.196308 -0.135898 0.971079 0.385139 -0.980048 0.0042451 0.198715 -0.494315 -0.0311273 -0.990714 -0.132353 0.442091 
1535123906390 0.245366 0.922576 -0.297741 -0.61895 -0.938161 0.303351 0.166829 -0.238624 0.244233 0.238395 0.939957 0.3808 0.195474 -0.134953 0.971379 0.385133 -0.980184 0.00551862 0.198012 -0.494288 -0.0320831 -0.990837 -0.1312 0.441875 
1535123906632 0.245358 0.922536 -0.297872 -0.61873 -0.938138 0.303391 0.166883 -0.238536 0.244327 0.238499 0.939906 0.380868 0.194641 -0.134007 0.971677 0.385128 -0.980318 0.00679128 0.197308 -0.494263 -0.0330397 -0.990957 -0.130048 0.441659 
1535123906662 0.24535 0.922495 -0.298003 -0.618509 -0.938116 0.303432 0.166936 -0.238447 0.244421 0.238604 0.939855 0.380936 0.193808 -0.13306 0.971974 0.385122 -0.98045 0.00806342 0.196602 -0.494236 -0.0339973 -0.991075 -0.128896 0.441443 
1535123906997 0.245145 0.922641 -0.29772 -0.618749 -0.938213 0.303143 0.166913 -0.238425 0.244253 0.238407 0.939948 0.380868 0.194462 -0.133635 0.971764 0.385204 -0.980349 0.0070221 0.197145 -0.494227 -0.0331694 -0.991006 -0.129644 0.44168 
1535123907012 0.245229 0.922684 -0.297518 -0.618511 -0.938111 0.303265 0.167268 -0.238348 0.244563 0.238086 0.939949 0.38089 0.194377 -0.13324 0.971836 0.3852 -0.980369 0.00700646 0.197045 -0.494282 -0.0330634 -0.991059 -0.129262 0.441609 
1535123907030 0.245314 0.922726 -0.297317 -0.618269 -0.938008 0.303387 0.167624 -0.238269 0.244873 0.237765 0.939949 0.380913 0.194293 -0.132845 0.971907 0.385196 -0.98039 0.00698972 0.196944 -0.494337 -0.0329564 -0.991112 -0.128882 0.441538 
1535123907037 0.245398 0.922769 -0.297116 -0.618027 -0.937904 0.30351 0.16798 -0.238189 0.245184 0.237444 0.939949 0.380936 0.194209 -0.13245 0.971977 0.385192 -0.98041 0.00697295 0.196844 -0.494393 -0.0328495 -0.991165 -0.128501 0.441466 
1535123907118 0.245483 0.922811 -0.296915 -0.617785 -0.937801 0.303632 0.168336 -0.23811 0.245495 0.237123 0.939949 0.380959 0.194125 -0.132055 0.972048 0.385188 -0.98043 0.00695611 0.196744 -0.494448 -0.0327427 -0.991218 -0.12812 0.441395 
1535123907218 0.245567 0.922853 -0.296714 -0.617542 -0.937697 0.303755 0.168691 -0.23803 0.245805 0.236803 0.939949 0.380982 0.19404 -0.13166 0.972118 0.385184 -0.980451 0.00693935 0.196643 -0.494504 -0.0326359 -0.991271 -0.12774 0.441324 
1535123907272 0.245652 0.922895 -0.296513 -0.617301 -0.937594 0.303876 0.169047 -0.237951 0.246116 0.236482 0.939949 0.381005 0.193956 -0.131265 0.972189 0.38518 -0.980471 0.00692235 0.196543 -0.494559 -0.032529 -0.991323 -0.127359 0.441253 
1535123907352 0.245736 0.922937 -0.296312 -0.617058 -0.93749 0.303999 0.169403 -0.237871 0.246426 0.236161 0.939948 0.381028 0.193872 -0.13087 0.972259 0.385177 -0.980491 0.00690537 0.196443 -0.494615 -0.0324223 -0.991376 -0.126978 0.441182 
1535123907372 0.245821 0.922979 -0.296111 -0.616816 -0.937386 0.30412 0.169759 -0.237792 0.246737 0.23584 0.939947 0.381051 0.193787 -0.130475 0.972329 0.385173 -0.980511 0.00688841 0.196342 -0.49467 -0.0323155 -0.991428 -0.126597 0.44111 
1535123907402 0.245906 0.923021 -0.29591 -0.616575 -0.937282 0.304242 0.170114 -0.237713 0.247047 0.235519 0.939946 0.381074 0.193703 -0.13008 0.972398 0.385169 -0.980531 0.0068714 0.196242 -0.494726 -0.0322089 -0.99148 -0.126216 0.441039 
1535123907643 0.245534 0.923005 -0.29627 -0.617092 -0.937603 0.30374 0.169239 -0.237877 0.246198 0.23623 0.939991 0.381037 0.193939 -0.131181 0.972203 0.385216 -0.980471 0.007034 0.196538 -0.494586 -0.0326206 -0.991333 -0.127255 0.441113 
1535123907657 0.245709 0.922982 -0.296194 -0.616922 -0.937524 0.303925 0.169349 -0.237805 0.246327 0.236078 0.939995 0.381067 0.193898 -0.130848 0.972256 0.385207 -0.980482 0.00703431 0.196485 -0.494655 -0.0325488 -0.991377 -0.12693 0.441074 
1535123907663 0.245884 0.92296 -0.296119 -0.616749 -0.937444 0.304111 0.169458 -0.237731 0.246456 0.235928 0.939999 0.381099 0.193856 -0.130515 0.972309 0.385197 -0.980492 0.00703398 0.196431 -0.494725 -0.0324765 -0.991421 -0.126606 0.441035 
1535123907670 0.246059 0.922937 -0.296043 -0.616576 -0.937364 0.304296 0.169567 -0.237656 0.246584 0.235777 0.940003 0.38113 0.193813 -0.130183 0.972362 0.385188 -0.980503 0.0070338 0.196378 -0.494795 -0.0324044 -0.991465 -0.126281 0.440995 
1535123907678 0.246234 0.922915 -0.295968 -0.616402 -0.937284 0.304481 0.169676 -0.237582 0.246713 0.235626 0.940007 0.381161 0.193772 -0.12985 0.972415 0.385179 -0.980514 0.00703325 0.196325 -0.494865 -0.032332 -0.991509 -0.125956 0.440956 
1535123907690 0.246409 0.922892 -0.295892 -0.616229 -0.937204 0.304666 0.169785 -0.237508 0.246842 0.235475 0.940011 0.381192 0.19373 -0.129517 0.972468 0.38517 -0.980524 0.0070331 0.196271 -0.494935 -0.0322599 -0.991552 -0.125632 0.440917 
1535123907697 0.246585 0.92287 -0.295817 -0.616055 -0.937124 0.304851 0.169894 -0.237434 0.24697 0.235324 0.940015 0.381224 0.193688 -0.129184 0.972521 0.38516 -0.980535 0.00703263 0.196218 -0.495005 -0.0321876 -0.991596 -0.125307 0.440878 
1535123907895 0.24676 0.922847 -0.295741 -0.615882 -0.937044 0.305036 0.170003 -0.23736 0.247099 0.235173 0.940019 0.381255 0.193646 -0.128851 0.972573 0.385151 -0.980546 0.00703226 0.196165 -0.495075 -0.0321154 -0.991639 -0.124982 0.440838 
1535123907924 0.246935 0.922824 -0.295666 -0.615707 -0.936964 0.305221 0.170112 -0.237285 0.247228 0.235022 0.940023 0.381286 0.193604 -0.128518 0.972626 0.385142 -0.980556 0.00703174 0.196112 -0.495145 -0.0320432 -0.991682 -0.124658 0.440799 
1535123907978 0.24711 0.922802 -0.295591 -0.615534 -0.936884 0.305406 0.170222 -0.237211 0.247356 0.234871 0.940027 0.381318 0.193562 -0.128185 0.972678 0.385133 -0.980567 0.00703132 0.196059 -0.495215 -0.031971 -0.991725 -0.124333 0.44076 
1535123908071 0.246714 0.922831 -0.295829 -0.615974 -0.937085 0.304981 0.169878 -0.237341 0.246991 0.235305 0.940014 0.381182 0.193538 -0.129004 0.972574 0.385119 -0.980564 0.00711434 0.196072 -0.495082 -0.0322132 -0.991619 -0.125119 0.440849 
1535123908085 0.246751 0.922822 -0.295826 -0.615649 -0.93702 0.305069 0.17008 -0.237236 0.247201 0.235227 0.939979 0.381253 0.195035 -0.129171 0.972253 0.385135 -0.980398 0.00258933 0.197013 -0.495326 -0.0279659 -0.991619 -0.126134 0.441067 
1535123908093 0.246789 0.922813 -0.295824 -0.615322 -0.936954 0.305158 0.170281 -0.23713 0.24741 0.23515 0.939943 0.381324 0.196533 -0.129333 0.97193 0.385153 -0.98021 -0.00193654 0.19795 -0.495577 -0.0237193 -0.991599 -0.127154 0.441285 
1535123908110 0.246828 0.922803 -0.295822 -0.614995 -0.936889 0.305246 0.170482 -0.237024 0.24762 0.235072 0.939907 0.381395 0.198032 -0.129488 0.971605 0.38517 -0.980002 -0.0064625 0.198882 -0.495827 -0.0194738 -0.99156 -0.128178 0.441504 
1535123908293 0.246866 0.922793 -0.29582 -0.614668 -0.936823 0.305335 0.170683 -0.236918 0.247829 0.234995 0.939871 0.381466 0.199531 -0.129636 0.971279 0.385188 -0.979773 -0.0109885 0.199809 -0.496077 -0.0152294 -0.991501 -0.129206 0.441722 
1535123908301 0.246905 0.922784 -0.295818 -0.614341 -0.936758 0.305424 0.170884 -0.236811 0.248039 0.234918 0.939835 0.381537 0.20103 -0.129777 0.970951 0.385205 -0.979523 -0.0155145 0.200731 -0.496328 -0.0109864 -0.991422 -0.130238 0.441941 
1535123908495 0.246943 0.922774 -0.295816 -0.614015 -0.936692 0.305513 0.171085 -0.236705 0.248248 0.23484 0.939799 0.381608 0.202529 -0.129911 0.970621 0.385222 -0.979253 -0.0200402 0.201648 -0.496577 -0.00674478 -0.991323 -0.131274 0.442159 
1535123908501 0.246982 0.922764 -0.295815 -0.613688 -0.936626 0.305602 0.171285 -0.236599 0.248458 0.234763 0.939763 0.381679 0.204029 -0.130037 0.97029 0.38524 -0.978962 -0.0245658 0.202561 -0.496829 -0.00250453 -0.991205 -0.132314 0.442377 
1535123908508 0.24702 0.922755 -0.295812 -0.613361 -0.936561 0.30569 0.171487 -0.236493 0.248667 0.234686 0.939727 0.38175 0.205529 -0.130157 0.969957 0.385257 -0.978649 -0.0290908 0.203468 -0.497078 0.00173405 -0.991066 -0.133358 0.442596 
1535123908796 0.247058 0.922745 -0.29581 -0.613034 -0.936495 0.305779 0.171688 -0.236387 0.248877 0.234608 0.939691 0.381821 0.207029 -0.130271 0.969623 0.385275 -0.978317 -0.0336154 0.204369 -0.497328 0.00597097 -0.990908 -0.134405 0.442814 
1535123909222 0.246999 0.922768 -0.29579 -0.613244 -0.936586 0.305647 0.171425 -0.236455 0.248593 0.234691 0.939746 0.381748 0.205189 -0.130265 0.970015 0.385232 -0.978722 -0.0282359 0.203239 -0.496945 0.000914325 -0.991077 -0.133286 0.442375 
1535123909242 0.247068 0.922796 -0.295645 -0.612903 -0.936503 0.305747 0.171699 -0.236339 0.248835 0.234451 0.939741 0.381859 0.205767 -0.131118 0.969777 0.385257 -0.978597 -0.0303804 0.203531 -0.497085 0.00277567 -0.990901 -0.134563 0.442571 
1535123909254 0.247138 0.922823 -0.2955 -0.612556 -0.936421 0.305847 0.171972 -0.236221 0.249077 0.234211 0.939737 0.38197 0.206349 -0.131969 0.969538 0.385283 -0.978468 -0.0325257 0.203822 -0.497232 0.00463661 -0.99072 -0.135839 0.442768 
1535123909449 0.247208 0.922851 -0.295355 -0.612208 -0.936338 0.305947 0.172244 -0.236102 0.249319 0.233972 0.939733 0.382082 0.206932 -0.13282 0.969298 0.385309 -0.978334 -0.0346712 0.204111 -0.497381 0.00649687 -0.990534 -0.137116 0.442965 
1535123909490 0.247279 0.922878 -0.29521 -0.611862 -0.936255 0.306048 0.172517 -0.235984 0.24956 0.233732 0.939728 0.382194 0.207517 -0.133668 0.969056 0.385336 -0.978196 -0.0368168 0.204396 -0.497528 0.00835625 -0.990342 -0.138394 0.443162 
1535123909610 0.247349 0.922906 -0.295065 -0.611516 -0.936172 0.306148 0.17279 -0.235866 0.249802 0.233493 0.939723 0.382305 0.208103 -0.134516 0.968813 0.385361 -0.978054 -0.0389623 0.204678 -0.497674 0.0102147 -0.990145 -0.139672 0.443359 
1535123909762 0.24742 0.922933 -0.294921 -0.611169 -0.936088 0.306248 0.173062 -0.235748 0.250044 0.233253 0.939719 0.382417 0.208691 -0.135362 0.968569 0.385388 -0.977907 -0.0411081 0.204958 -0.497822 0.0120725 -0.989943 -0.14095 0.443556 
1535123909852 0.24749 0.92296 -0.294776 -0.610823 -0.936005 0.306348 0.173335 -0.23563 0.250285 0.233013 0.939714 0.382528 0.20928 -0.136206 0.968323 0.385414 -0.977756 -0.0432538 0.205235 -0.497969 0.0139294 -0.989736 -0.142229 0.443753 
1535123910031 0.247561 0.922988 -0.294631 -0.610476 -0.935922 0.306448 0.173607 -0.235511 0.250527 0.232773 0.939709 0.38264 0.209872 -0.137049 0.968076 0.38544 -0.977602 -0.0453997 0.205509 -0.498117 0.0157855 -0.989523 -0.143507 0.44395 
1535123910104 0.247631 0.923015 -0.294486 -0.61013 -0.935839 0.306548 0.17388 -0.235393 0.250768 0.232533 0.939704 0.382752 0.210464 -0.137891 0.967828 0.385466 -0.977442 -0.0475456 0.205781 -0.498263 0.0176407 -0.989306 -0.144787 0.444147 
1535123910466 0.247244 0.923137 -0.29443 -0.610437 -0.935994 0.30612 0.173799 -0.235287 0.250571 0.232614 0.939737 0.382664 0.210197 -0.137287 0.967972 0.385455 -0.977521 -0.0461346 0.205728 -0.498134 0.0164133 -0.989456 -0.143898 0.444014 
1535123910478 0.247499 0.923104 -0.294317 -0.610146 -0.936021 0.306253 0.173417 -0.235145 0.250218 0.232567 0.939842 0.382719 0.209999 -0.136191 0.96817 0.385428 -0.977576 -0.0451557 0.205687 -0.498269 0.0157058 -0.989653 -0.142619 0.443846 
1535123910573 0.247755 0.923071 -0.294205 -0.60985 -0.936048 0.306388 0.173035 -0.235001 0.249864 0.23252 0.939948 0.382775 0.209802 -0.135094 0.968366 0.3854 -0.977629 -0.0441766 0.205646 -0.498405 0.0149976 -0.989848 -0.14134 0.443678 
1535123910645 0.248011 0.923039 -0.294093 -0.609553 -0.936074 0.306523 0.172652 -0.234856 0.249511 0.232473 0.940053 0.382831 0.209607 -0.133997 0.968561 0.385373 -0.977681 -0.0431975 0.205605 -0.498541 0.0142891 -0.99004 -0.14006 0.44351 
1535123910801 0.248266 0.923006 -0.29398 -0.609258 -0.936101 0.306657 0.17227 -0.234712 0.249158 0.232426 0.940159 0.382887 0.209412 -0.132899 0.968754 0.385346 -0.977733 -0.0422184 0.205561 -0.498677 0.0135804 -0.99023 -0.138781 0.443342 
1535123910861 0.248522 0.922973 -0.293868 -0.608961 -0.936127 0.306792 0.171888 -0.234567 0.248804 0.232379 0.940264 0.382943 0.209218 -0.131801 0.968946 0.385319 -0.977784 -0.0412393 0.205517 -0.498812 0.0128714 -0.990418 -0.137501 0.443173 
1535123911062 0.248777 0.92294 -0.293755 -0.608664 -0.936153 0.306926 0.171506 -0.234423 0.24845 0.232333 0.940369 0.382999 0.209025 -0.130703 0.969136 0.385292 -0.977835 -0.0402603 0.205471 -0.498948 0.0121621 -0.990604 -0.136221 0.443005 
1535123911069 0.249033 0.922907 -0.293642 -0.608369 -0.936179 0.307061 0.171123 -0.234279 0.248097 0.232286 0.940474 0.383054 0.208832 -0.129604 0.969326 0.385264 -0.977884 -0.0392812 0.205424 -0.499084 0.0114525 -0.990787 -0.134941 0.442837 
1535123911294 0.249288 0.922874 -0.293529 -0.608074 -0.936204 0.307195 0.170741 -0.234135 0.247743 0.232239 0.940579 0.38311 0.208641 -0.128505 0.969513 0.385237 -0.977933 -0.0383023 0.205376 -0.49922 0.0107428 -0.990969 -0.13366 0.442669 
1535123911326 0.249544 0.922841 -0.293416 -0.607776 -0.93623 0.30733 0.170359 -0.23399 0.24739 0.232193 0.940683 0.383166 0.20845 -0.127405 0.969699 0.38521 -0.977982 -0.0373233 0.205326 -0.499356 0.0100327 -0.991148 -0.13238 0.442501 
1535123911581 0.249079 0.922947 -0.293476 -0.608042 -0.936279 0.306968 0.170739 -0.233981 0.247671 0.232248 0.940596 0.383126 0.208669 -0.128459 0.969513 0.385243 -0.977926 -0.038385 0.205394 -0.499211 0.0108301 -0.990972 -0.133633 0.442693 
1535123911581 0.249357 0.922909 -0.293359 -0.607702 -0.936195 0.30722 0.170746 -0.233814 0.247709 0.232065 0.940631 0.383211 0.208896 -0.126419 0.969732 0.385236 -0.977875 -0.0382119 0.205668 -0.499372 0.0110549 -0.991241 -0.131604 0.442393 
