1532516524396 -0.412552 0.52262 -0.746103 -0.429858 -0.824012 -0.563271 0.0610786 -0.299436 -0.388337 0.639995 0.663024 0.426203 0.16008 -0.304787 0.938871 0.370831 -0.775623 0.549475 0.310623 -0.528794 -0.61056 -0.777934 -0.14844 0.432481 
1532516524408 -0.360103 0.562975 -0.743899 -0.446034 -0.878438 -0.47311 0.0671856 -0.289012 -0.314122 0.677663 0.664907 0.427217 0.316305 -0.38429 0.867336 0.400737 -0.930106 -0.305553 0.203815 -0.506322 0.186693 -0.871182 -0.454078 0.485854 
1532516525762 -0.30367 0.597571 -0.742087 -0.462191 -0.923 -0.377706 0.0735514 -0.27856 -0.236339 0.707282 0.666256 0.428239 0.316242 -0.384853 0.86711 0.400828 -0.929997 -0.306262 0.203248 -0.504438 0.187342 -0.870685 -0.454765 0.485876 
1532516527138 -0.24389 0.626017 -0.740689 -0.478348 -0.957197 -0.278129 0.0801111 -0.268109 -0.155856 0.728524 0.667054 0.429263 0.316223 -0.384857 0.867115 0.40079 -0.930001 -0.306263 0.203227 -0.50432 0.187352 -0.870683 -0.454765 0.485866 
1532516528500 -0.181433 0.647993 -0.739721 -0.494504 -0.980647 -0.175496 0.0867913 -0.257657 -0.073578 0.741152 0.667294 0.430286 0.316222 -0.384859 0.867115 0.400789 -0.930002 -0.306263 0.203224 -0.504311 0.187352 -0.870682 -0.454766 0.485866 
1532516529808 -0.117 0.663254 -0.739192 -0.51066 -0.993086 -0.070959 0.093517 -0.247206 0.00957321 0.745023 0.666971 0.43131 0.316221 -0.38486 0.867114 0.400792 -0.930002 -0.306262 0.203224 -0.50431 0.187352 -0.870681 -0.454767 0.485867 
1532516531152 -0.0513138 0.671628 -0.739109 -0.526815 -0.994374 0.0343093 0.100213 -0.236756 0.092664 0.740094 0.666089 0.432333 0.316221 -0.384861 0.867114 0.400794 -0.930002 -0.306262 0.203223 -0.50431 0.187351 -0.870681 -0.454768 0.485868 
1532516532483 0.0148879 0.673021 -0.739473 -0.542969 -0.984498 0.139127 0.106803 -0.226307 0.174762 0.72642 0.664659 0.433357 0.316221 -0.384862 0.867113 0.400797 -0.930002 -0.306262 0.203223 -0.504311 0.187351 -0.87068 -0.454769 0.485869 
1532516533837 0.0808611 0.667417 -0.740281 -0.55909 -0.963568 0.242318 0.113216 -0.215856 0.254946 0.704157 0.662696 0.43439 0.316223 -0.384864 0.867111 0.400806 -0.930002 -0.306262 0.203225 -0.504324 0.187349 -0.87068 -0.454771 0.485874 
1532516535157 0.145758 0.654912 -0.741515 -0.574518 -0.931859 0.342606 0.119419 -0.205627 0.332256 0.673581 0.660223 0.435554 0.31625 -0.384892 0.86709 0.400877 -0.93 -0.306246 0.203256 -0.504465 0.187311 -0.870673 -0.4548 0.485957 
1532516536592 0.145621 0.654892 -0.741559 -0.574512 -0.931915 0.34245 0.119426 -0.205613 0.332158 0.673679 0.660172 0.435506 0.31625 -0.384892 0.86709 0.400877 -0.93 -0.306246 0.203256 -0.504465 0.187311 -0.870673 -0.4548 0.485957 
1532516536776 0.152066 0.653263 -0.741703 -0.576203 -0.92815 0.352323 0.12002 -0.204544 0.339724 0.670161 0.659903 0.435598 0.316222 -0.384863 0.867112 0.400802 -0.930002 -0.306262 0.203224 -0.504317 0.18735 -0.87068 -0.45477 0.48587 
1532516537288 0.158493 0.651565 -0.741851 -0.577894 -0.924281 0.362156 0.120612 -0.203474 0.347253 0.666563 0.659628 0.43569 0.31622 -0.384863 0.867113 0.400796 -0.930002 -0.306262 0.203222 -0.504305 0.187352 -0.87068 -0.454769 0.485867 
1532516537826 0.164902 0.649798 -0.742004 -0.579584 -0.920307 0.371949 0.1212 -0.202405 0.354743 0.662885 0.659349 0.435783 0.31622 -0.384862 0.867113 0.400795 -0.930002 -0.306262 0.203222 -0.504304 0.187352 -0.87068 -0.454769 0.485867 
1532516538324 0.171292 0.647963 -0.742161 -0.581275 -0.916229 0.381698 0.121784 -0.201335 0.362193 0.659128 0.659065 0.435875 0.31622 -0.384863 0.867113 0.400795 -0.930002 -0.306262 0.203222 -0.504304 0.187351 -0.87068 -0.45477 0.485867 
1532516538813 0.177662 0.646061 -0.742321 -0.582966 -0.912047 0.391403 0.122366 -0.200266 0.369603 0.655292 0.658776 0.435967 0.31622 -0.384863 0.867113 0.400795 -0.930002 -0.306262 0.203222 -0.504304 0.187351 -0.87068 -0.45477 0.485867 
1532516539288 0.184011 0.644092 -0.742486 -0.584656 -0.907763 0.401064 0.122943 -0.199196 0.376971 0.651378 0.658482 0.436059 0.31622 -0.384863 0.867113 0.400795 -0.930002 -0.306262 0.203222 -0.504304 0.187351 -0.87068 -0.45477 0.485867 
1532516539294 0.190338 0.642055 -0.742655 -0.586347 -0.903375 0.410678 0.123518 -0.198127 0.384297 0.647386 0.658185 0.436151 0.31622 -0.384863 0.867113 0.400795 -0.930002 -0.306262 0.203222 -0.504304 0.187351 -0.87068 -0.45477 0.485867 
1532516539801 0.196644 0.639951 -0.742829 -0.588034 -0.898886 0.420246 0.124088 -0.197057 0.391581 0.643317 0.657881 0.436244 0.31622 -0.384863 0.867113 0.400795 -0.930002 -0.306262 0.203222 -0.504304 0.187351 -0.87068 -0.45477 0.485867 
1532516540467 0.202916 0.637783 -0.743006 -0.589655 -0.894299 0.429755 0.12466 -0.196008 0.398816 0.639174 0.657573 0.43635 0.31622 -0.384863 0.867113 0.400795 -0.930002 -0.306262 0.203222 -0.504304 0.187351 -0.87068 -0.45477 0.485867 
1532516540968 0.202769 0.637852 -0.742987 -0.589678 -0.894372 0.429587 0.124716 -0.195946 0.398728 0.639218 0.657583 0.436355 0.31622 -0.384863 0.867113 0.400795 -0.930002 -0.306262 0.203222 -0.504304 0.187351 -0.87068 -0.45477 0.485867 
1532516540984 0.203003 0.637151 -0.743524 -0.58974 -0.894573 0.429445 0.123762 -0.195821 0.398158 0.640012 0.657156 0.436426 0.31622 -0.384863 0.867113 0.400795 -0.930002 -0.306262 0.203222 -0.504304 0.187351 -0.87068 -0.45477 0.485867 
1532516541280 0.203238 0.636449 -0.744061 -0.589802 -0.894772 0.429303 0.122809 -0.195696 0.397589 0.640806 0.656728 0.436498 0.31622 -0.384863 0.867113 0.400795 -0.930002 -0.306262 0.203222 -0.504304 0.187351 -0.87068 -0.45477 0.485867 
1532516541287 0.203474 0.635747 -0.744596 -0.589864 -0.894971 0.429159 0.121856 -0.195571 0.39702 0.641598 0.656298 0.43657 0.31622 -0.384863 0.867113 0.400795 -0.930002 -0.306262 0.203222 -0.504304 0.187351 -0.87068 -0.45477 0.485867 
1532516541567 0.203711 0.635044 -0.745131 -0.589926 -0.89517 0.429015 0.120902 -0.195446 0.396451 0.64239 0.655867 0.436641 0.31622 -0.384863 0.867113 0.400795 -0.930002 -0.306262 0.203222 -0.504304 0.187351 -0.87068 -0.45477 0.485867 
1532516541789 0.203947 0.634341 -0.745665 -0.589988 -0.895368 0.42887 0.119949 -0.195321 0.395882 0.643181 0.655436 0.436713 0.31622 -0.384863 0.867113 0.400795 -0.930002 -0.306262 0.203222 -0.504304 0.187351 -0.87068 -0.45477 0.485867 
1532516541996 0.204185 0.633638 -0.746198 -0.59005 -0.895565 0.428723 0.118996 -0.195195 0.395313 0.643972 0.655002 0.436785 0.31622 -0.384863 0.867113 0.400795 -0.930002 -0.306262 0.203222 -0.504304 0.187351 -0.87068 -0.45477 0.485867 
1532516542209 0.204423 0.632934 -0.74673 -0.590112 -0.895761 0.428576 0.118043 -0.19507 0.394744 0.644762 0.654568 0.436856 0.31622 -0.384863 0.867113 0.400795 -0.930002 -0.306262 0.203222 -0.504304 0.187351 -0.87068 -0.45477 0.485867 
1532516542441 0.204661 0.632229 -0.747262 -0.590174 -0.895958 0.428427 0.11709 -0.194945 0.394175 0.645551 0.654133 0.436927 0.31622 -0.384863 0.867113 0.400795 -0.930002 -0.306262 0.203222 -0.504304 0.187351 -0.87068 -0.45477 0.485867 
1532516542664 0.204898 0.631527 -0.747791 -0.590237 -0.896153 0.428278 0.11614 -0.194828 0.393608 0.646338 0.653698 0.436991 0.31622 -0.384863 0.867113 0.400795 -0.930002 -0.306262 0.203222 -0.504304 0.187351 -0.87068 -0.45477 0.485867 
1532516542896 0.205104 0.631392 -0.747848 -0.590233 -0.896061 0.428502 0.116021 -0.194927 0.393709 0.646321 0.653653 0.436953 0.31622 -0.384863 0.867113 0.400795 -0.930002 -0.306262 0.203222 -0.504304 0.187351 -0.87068 -0.45477 0.485867 
1532516542908 0.205966 0.631158 -0.747808 -0.590423 -0.895875 0.429061 0.115385 -0.194705 0.393682 0.646178 0.653811 0.436843 0.31622 -0.384863 0.867113 0.400795 -0.930002 -0.306262 0.203222 -0.504304 0.187351 -0.87068 -0.45477 0.485867 
1532516543124 0.206827 0.630924 -0.747768 -0.590613 -0.895689 0.429621 0.114749 -0.194484 0.393655 0.646034 0.653969 0.436733 0.31622 -0.384863 0.867113 0.400795 -0.930002 -0.306262 0.203222 -0.504304 0.187351 -0.87068 -0.45477 0.485867 
1532516543137 0.207689 0.63069 -0.747727 -0.590803 -0.895501 0.430181 0.114114 -0.194262 0.393628 0.64589 0.654127 0.436622 0.31622 -0.384863 0.867113 0.400795 -0.930002 -0.306262 0.203222 -0.504304 0.187351 -0.87068 -0.45477 0.485867 
1532516543345 0.20855 0.630455 -0.747685 -0.590993 -0.895313 0.430741 0.113478 -0.19404 0.393601 0.645747 0.654285 0.436512 0.31622 -0.384863 0.867113 0.400795 -0.930002 -0.306262 0.203222 -0.504304 0.187351 -0.87068 -0.45477 0.485867 
1532516543630 0.209411 0.63022 -0.747643 -0.591183 -0.895124 0.4313 0.112842 -0.193819 0.393574 0.645603 0.654444 0.436402 0.31622 -0.384863 0.867113 0.400795 -0.930002 -0.306262 0.203222 -0.504304 0.187351 -0.87068 -0.45477 0.485867 
1532516543895 0.210272 0.629984 -0.7476 -0.591373 -0.894934 0.431859 0.112206 -0.193597 0.393546 0.645459 0.654602 0.436292 0.31622 -0.384863 0.867113 0.400795 -0.930002 -0.306262 0.203222 -0.504304 0.187351 -0.87068 -0.45477 0.485867 
1532516544128 0.211133 0.629747 -0.747557 -0.591563 -0.894744 0.432419 0.11157 -0.193375 0.393519 0.645316 0.65476 0.436182 0.31622 -0.384863 0.867113 0.400795 -0.930002 -0.306262 0.203222 -0.504304 0.187351 -0.87068 -0.45477 0.485867 
1532516544359 0.211993 0.62951 -0.747513 -0.591753 -0.894553 0.432977 0.110934 -0.193154 0.39349 0.645173 0.654918 0.436072 0.31622 -0.384863 0.867113 0.400795 -0.930002 -0.306262 0.203222 -0.504304 0.187351 -0.87068 -0.45477 0.485867 
1532516544605 0.21285 0.629273 -0.747469 -0.591935 -0.894361 0.433535 0.110302 -0.192938 0.393464 0.645029 0.655075 0.435965 0.31622 -0.384863 0.867113 0.400795 -0.930002 -0.306262 0.203222 -0.504304 0.187351 -0.87068 -0.45477 0.485867 
1532516544850 0.212925 0.629319 -0.747409 -0.591895 -0.894373 0.433526 0.110236 -0.192979 0.393395 0.644991 0.655154 0.436015 0.31622 -0.384863 0.867113 0.400795 -0.930002 -0.306262 0.203222 -0.504304 0.187351 -0.87068 -0.45477 0.485867 
1532516544863 0.213575 0.629147 -0.747369 -0.59198 -0.894233 0.433938 0.109751 -0.192809 0.393361 0.644882 0.655282 0.435939 0.31622 -0.384863 0.867113 0.400795 -0.930002 -0.306262 0.203222 -0.504304 0.187351 -0.87068 -0.45477 0.485867 
1532516545073 0.214227 0.628974 -0.747327 -0.592065 -0.894093 0.43435 0.109264 -0.192638 0.393326 0.644772 0.655411 0.435864 0.31622 -0.384863 0.867113 0.400795 -0.930002 -0.306262 0.203222 -0.504304 0.187351 -0.87068 -0.45477 0.485867 
1532516545080 0.214878 0.628802 -0.747285 -0.592151 -0.893952 0.434762 0.108778 -0.192468 0.393291 0.644663 0.655539 0.435788 0.31622 -0.384863 0.867113 0.400795 -0.930002 -0.306262 0.203222 -0.504304 0.187351 -0.87068 -0.45477 0.485867 
1532516545279 0.215529 0.628629 -0.747243 -0.592236 -0.89381 0.435174 0.108292 -0.192297 0.393256 0.644554 0.655668 0.435712 0.31622 -0.384863 0.867113 0.400795 -0.930002 -0.306262 0.203222 -0.504304 0.187351 -0.87068 -0.45477 0.485867 
1532516545505 0.21618 0.628456 -0.747201 -0.592321 -0.893668 0.435585 0.107806 -0.192127 0.393221 0.644444 0.655796 0.435637 0.31622 -0.384863 0.867113 0.400795 -0.930002 -0.306262 0.203222 -0.504304 0.187351 -0.87068 -0.45477 0.485867 
1532516545721 0.216831 0.628283 -0.747158 -0.592406 -0.893526 0.435997 0.10732 -0.191957 0.393186 0.644335 0.655925 0.435561 0.31622 -0.384863 0.867113 0.400795 -0.930002 -0.306262 0.203222 -0.504304 0.187351 -0.87068 -0.45477 0.485867 
1532516545727 0.217481 0.628109 -0.747115 -0.592491 -0.893384 0.436408 0.106835 -0.191786 0.393151 0.644226 0.656053 0.435485 0.31622 -0.384863 0.867113 0.400795 -0.930002 -0.306262 0.203222 -0.504304 0.187351 -0.87068 -0.45477 0.485867 
1532516545974 0.218131 0.627935 -0.747072 -0.592576 -0.893241 0.436819 0.106349 -0.191616 0.393115 0.644117 0.656181 0.435409 0.31622 -0.384863 0.867113 0.400795 -0.930002 -0.306262 0.203222 -0.504304 0.187351 -0.87068 -0.45477 0.485867 
1532516546228 0.21878 0.627761 -0.747028 -0.592659 -0.893097 0.43723 0.105865 -0.191451 0.393081 0.644008 0.656309 0.435336 0.31622 -0.384863 0.867113 0.400795 -0.930002 -0.306262 0.203222 -0.504304 0.187351 -0.87068 -0.45477 0.485867 
1532516546454 0.21896 0.627753 -0.746982 -0.59266 -0.893048 0.437354 0.10577 -0.191526 0.393094 0.643931 0.656376 0.435421 0.31622 -0.384863 0.867113 0.400795 -0.930002 -0.306262 0.203222 -0.504304 0.187351 -0.87068 -0.45477 0.485867 
1532516546467 0.219318 0.627591 -0.747014 -0.592798 -0.892787 0.437886 0.105767 -0.191397 0.393485 0.643728 0.656341 0.435331 0.31622 -0.384863 0.867113 0.400795 -0.930002 -0.306262 0.203222 -0.504304 0.187351 -0.87068 -0.45477 0.485867 
1532516546473 0.219674 0.627429 -0.747045 -0.592936 -0.892527 0.438417 0.105764 -0.191268 0.393876 0.643524 0.656306 0.43524 0.31622 -0.384863 0.867113 0.400795 -0.930002 -0.306262 0.203222 -0.504304 0.187351 -0.87068 -0.45477 0.485867 
1532516546764 0.220032 0.627267 -0.747076 -0.593075 -0.892266 0.438948 0.10576 -0.191139 0.394267 0.64332 0.656272 0.43515 0.31622 -0.384863 0.867113 0.400795 -0.930002 -0.306262 0.203222 -0.504304 0.187351 -0.87068 -0.45477 0.485867 
1532516546999 0.220389 0.627105 -0.747107 -0.593213 -0.892006 0.439479 0.105756 -0.19101 0.394658 0.643116 0.656237 0.43506 0.31622 -0.384863 0.867113 0.400795 -0.930002 -0.306262 0.203222 -0.504304 0.187351 -0.87068 -0.45477 0.485867 
1532516547232 0.220745 0.626942 -0.747138 -0.593352 -0.891744 0.440009 0.105753 -0.190882 0.395049 0.642912 0.656202 0.43497 0.31622 -0.384863 0.867113 0.400795 -0.930002 -0.306262 0.203222 -0.504304 0.187351 -0.87068 -0.45477 0.485867 
1532516547432 0.221102 0.626779 -0.747169 -0.59349 -0.891483 0.44054 0.10575 -0.190753 0.395439 0.642707 0.656167 0.434879 0.31622 -0.384863 0.867113 0.400795 -0.930002 -0.306262 0.203222 -0.504304 0.187351 -0.87068 -0.45477 0.485867 
1532516547653 0.221458 0.626617 -0.7472 -0.593629 -0.891221 0.44107 0.105746 -0.190624 0.39583 0.642502 0.656132 0.434789 0.31622 -0.384863 0.867113 0.400795 -0.930002 -0.306262 0.203222 -0.504304 0.187351 -0.87068 -0.45477 0.485867 
1532516547860 0.221815 0.626453 -0.747231 -0.593767 -0.890959 0.4416 0.105743 -0.190495 0.396221 0.642297 0.656097 0.434699 0.31622 -0.384863 0.867113 0.400795 -0.930002 -0.306262 0.203222 -0.504304 0.187351 -0.87068 -0.45477 0.485867 
1532516548089 0.22217 0.62629 -0.747263 -0.593899 -0.890697 0.44213 0.10574 -0.190368 0.396611 0.642092 0.656062 0.434612 0.31622 -0.384863 0.867113 0.400795 -0.930002 -0.306262 0.203222 -0.504304 0.187351 -0.87068 -0.45477 0.485867 
1532516548339 0.222293 0.62618 -0.747318 -0.593883 -0.890604 0.442324 0.105711 -0.190447 0.396751 0.642065 0.656004 0.434635 0.31622 -0.384863 0.867113 0.400795 -0.930002 -0.306262 0.203222 -0.504304 0.187351 -0.87068 -0.45477 0.485867 
1532516548352 0.222856 0.62594 -0.747352 -0.594016 -0.890394 0.442825 0.105375 -0.190289 0.396905 0.641954 0.656019 0.434537 0.31622 -0.384863 0.867113 0.400795 -0.930002 -0.306262 0.203222 -0.504304 0.187351 -0.87068 -0.45477 0.485867 
1532516548587 0.22342 0.625698 -0.747386 -0.594148 -0.890185 0.443327 0.105038 -0.190131 0.397058 0.641844 0.656035 0.434439 0.31622 -0.384863 0.867113 0.400795 -0.930002 -0.306262 0.203222 -0.504304 0.187351 -0.87068 -0.45477 0.485867 
1532516548822 0.223983 0.625457 -0.747419 -0.594281 -0.889975 0.443828 0.104701 -0.189973 0.397211 0.641733 0.656051 0.434341 0.31622 -0.384863 0.867113 0.400795 -0.930002 -0.306262 0.203222 -0.504304 0.187351 -0.87068 -0.45477 0.485867 
1532516549048 0.224547 0.625215 -0.747452 -0.594414 -0.889764 0.444328 0.104364 -0.189814 0.397364 0.641622 0.656067 0.434243 0.31622 -0.384863 0.867113 0.400795 -0.930002 -0.306262 0.203222 -0.504304 0.187351 -0.87068 -0.45477 0.485867 
1532516549245 0.22511 0.624973 -0.747485 -0.594546 -0.889554 0.444829 0.104027 -0.189656 0.397517 0.641511 0.656083 0.434145 0.31622 -0.384863 0.867113 0.400795 -0.930002 -0.306262 0.203222 -0.504304 0.187351 -0.87068 -0.45477 0.485867 
1532516549474 0.225673 0.624731 -0.747518 -0.594679 -0.889343 0.445329 0.10369 -0.189498 0.39767 0.6414 0.656099 0.434047 0.31622 -0.384863 0.867113 0.400795 -0.930002 -0.306262 0.203222 -0.504304 0.187351 -0.87068 -0.45477 0.485867 
1532516549752 0.226236 0.624488 -0.747551 -0.594812 -0.889131 0.445829 0.103353 -0.18934 0.397822 0.641289 0.656115 0.433949 0.31622 -0.384863 0.867113 0.400795 -0.930002 -0.306262 0.203222 -0.504304 0.187351 -0.87068 -0.45477 0.485867 
1532516550038 0.226799 0.624245 -0.747583 -0.594944 -0.88892 0.446329 0.103016 -0.189182 0.397975 0.641178 0.656131 0.433851 0.31622 -0.384863 0.867113 0.400795 -0.930002 -0.306262 0.203222 -0.504304 0.187351 -0.87068 -0.45477 0.485867 
1532516550277 0.22736 0.624002 -0.747616 -0.595071 -0.888707 0.446829 0.10268 -0.189028 0.398129 0.641066 0.656146 0.433756 0.31622 -0.384863 0.867113 0.400795 -0.930002 -0.306262 0.203222 -0.504304 0.187351 -0.87068 -0.45477 0.485867 
1532516550540 0.227522 0.623872 -0.747675 -0.595042 -0.888662 0.446955 0.102521 -0.189102 0.398137 0.641105 0.656104 0.43373 0.31622 -0.384863 0.867113 0.400795 -0.930002 -0.306262 0.203222 -0.504304 0.187351 -0.87068 -0.45477 0.485867 
1532516550552 0.22806 0.623599 -0.747738 -0.595157 -0.888284 0.44772 0.102463 -0.188974 0.398673 0.640836 0.65604 0.433678 0.31622 -0.384863 0.867113 0.400795 -0.930002 -0.306262 0.203222 -0.504304 0.187351 -0.87068 -0.45477 0.485867 
1532516550559 0.228598 0.623326 -0.747802 -0.595272 -0.887905 0.448485 0.102405 -0.188846 0.39921 0.640567 0.655976 0.433626 0.31622 -0.384863 0.867113 0.400795 -0.930002 -0.306262 0.203222 -0.504304 0.187351 -0.87068 -0.45477 0.485867 
1532516550826 0.229135 0.623052 -0.747866 -0.595387 -0.887525 0.449249 0.102347 -0.188717 0.399746 0.640298 0.655913 0.433573 0.31622 -0.384863 0.867113 0.400795 -0.930002 -0.306262 0.203222 -0.504304 0.187351 -0.87068 -0.45477 0.485867 
1532516551061 0.229672 0.622778 -0.74793 -0.595502 -0.887144 0.450013 0.102289 -0.188589 0.400282 0.640028 0.655849 0.433521 0.31622 -0.384863 0.867113 0.400795 -0.930002 -0.306262 0.203222 -0.504304 0.187351 -0.87068 -0.45477 0.485867 
1532516551309 0.230209 0.622503 -0.747993 -0.595617 -0.886763 0.450776 0.102232 -0.188461 0.400817 0.639758 0.655786 0.433469 0.31622 -0.384863 0.867113 0.400795 -0.930002 -0.306262 0.203222 -0.504304 0.187351 -0.87068 -0.45477 0.485867 
1532516551315 0.230746 0.622228 -0.748057 -0.595732 -0.886381 0.45154 0.102174 -0.188332 0.401353 0.639488 0.655722 0.433417 0.31622 -0.384863 0.867113 0.400795 -0.930002 -0.306262 0.203222 -0.504304 0.187351 -0.87068 -0.45477 0.485867 
1532516551584 0.231282 0.621952 -0.74812 -0.595847 -0.885999 0.452303 0.102115 -0.188204 0.401888 0.639217 0.655659 0.433365 0.31622 -0.384863 0.867113 0.400795 -0.930002 -0.306262 0.203222 -0.504304 0.187351 -0.87068 -0.45477 0.485867 
1532516551834 0.231819 0.621676 -0.748184 -0.595962 -0.885616 0.453066 0.102057 -0.188076 0.402423 0.638945 0.655595 0.433312 0.31622 -0.384863 0.867113 0.400795 -0.930002 -0.306262 0.203222 -0.504304 0.187351 -0.87068 -0.45477 0.485867 
1532516552081 0.232353 0.621399 -0.748248 -0.596072 -0.885233 0.453827 0.102 -0.187951 0.402958 0.638673 0.655531 0.433262 0.31622 -0.384863 0.867113 0.400795 -0.930002 -0.306262 0.203222 -0.504304 0.187351 -0.87068 -0.45477 0.485867 
1532516552310 0.232499 0.62137 -0.748227 -0.596058 -0.885185 0.453939 0.10192 -0.188043 0.402979 0.638623 0.655567 0.433302 0.31622 -0.384863 0.867113 0.400795 -0.930002 -0.306262 0.203222 -0.504304 0.187351 -0.87068 -0.45477 0.485867 
1532516552320 0.233407 0.62133 -0.747978 -0.596178 -0.884844 0.454679 0.101576 -0.187914 0.403202 0.638135 0.655905 0.43319 0.31622 -0.384863 0.867113 0.400795 -0.930002 -0.306262 0.203222 -0.504304 0.187351 -0.87068 -0.45477 0.485867 
1532516552527 0.234316 0.621289 -0.747727 -0.596299 -0.884502 0.45542 0.101233 -0.187785 0.403425 0.637646 0.656244 0.433077 0.31622 -0.384863 0.867113 0.400795 -0.930002 -0.306262 0.203222 -0.504304 0.187351 -0.87068 -0.45477 0.485867 
1532516552760 0.235225 0.621248 -0.747476 -0.596419 -0.88416 0.456161 0.10089 -0.187655 0.403647 0.637157 0.656583 0.432965 0.31622 -0.384863 0.867113 0.400795 -0.930002 -0.306262 0.203222 -0.504304 0.187351 -0.87068 -0.45477 0.485867 
1532516552988 0.236133 0.621205 -0.747225 -0.59654 -0.883816 0.456901 0.100547 -0.187526 0.403869 0.636667 0.656921 0.432852 0.31622 -0.384863 0.867113 0.400795 -0.930002 -0.306262 0.203222 -0.504304 0.187351 -0.87068 -0.45477 0.485867 
1532516553226 0.237041 0.621162 -0.746973 -0.59666 -0.883472 0.457642 0.100205 -0.187397 0.40409 0.636177 0.657259 0.43274 0.31622 -0.384863 0.867113 0.400795 -0.930002 -0.306262 0.203222 -0.504304 0.187351 -0.87068 -0.45477 0.485867 
1532516553432 0.237949 0.621118 -0.746721 -0.59678 -0.883127 0.458382 0.0998632 -0.187268 0.40431 0.635687 0.657598 0.432628 0.31622 -0.384863 0.867113 0.400795 -0.930002 -0.306262 0.203222 -0.504304 0.187351 -0.87068 -0.45477 0.485867 
1532516553672 0.238857 0.621073 -0.746469 -0.596901 -0.882781 0.459121 0.0995216 -0.187139 0.40453 0.635197 0.657936 0.432515 0.31622 -0.384863 0.867113 0.400795 -0.930002 -0.306262 0.203222 -0.504304 0.187351 -0.87068 -0.45477 0.485867 
1532516553678 0.239764 0.621027 -0.746216 -0.597021 -0.882435 0.459861 0.0991804 -0.187009 0.40475 0.634707 0.658274 0.432403 0.31622 -0.384863 0.867113 0.400795 -0.930002 -0.306262 0.203222 -0.504304 0.187351 -0.87068 -0.45477 0.485867 
1532516553963 0.24067 0.62098 -0.745964 -0.597135 -0.882087 0.4606 0.0988413 -0.186884 0.40497 0.634217 0.658611 0.432297 0.31622 -0.384863 0.867113 0.400795 -0.930002 -0.306262 0.203222 -0.504304 0.187351 -0.87068 -0.45477 0.485867 
1532516554235 0.240757 0.620994 -0.745924 -0.597087 -0.882049 0.460676 0.0988274 -0.186917 0.405 0.634148 0.658658 0.432331 0.31622 -0.384863 0.867113 0.400795 -0.930002 -0.306262 0.203222 -0.504304 0.187351 -0.87068 -0.45477 0.485867 
1532516554249 0.241759 0.620888 -0.745688 -0.597211 -0.88157 0.461648 0.0985722 -0.186766 0.405447 0.633545 0.658964 0.43223 0.31622 -0.384863 0.867113 0.400795 -0.930002 -0.306262 0.203222 -0.504304 0.187351 -0.87068 -0.45477 0.485867 
1532516554491 0.242762 0.620781 -0.745451 -0.597335 -0.881088 0.46262 0.0983171 -0.186614 0.405894 0.632941 0.65927 0.432128 0.31622 -0.384863 0.867113 0.400795 -0.930002 -0.306262 0.203222 -0.504304 0.187351 -0.87068 -0.45477 0.485867 
1532516554503 0.243765 0.620673 -0.745214 -0.59746 -0.880606 0.463591 0.0980624 -0.186463 0.406339 0.632336 0.659576 0.432027 0.31622 -0.384863 0.867113 0.400795 -0.930002 -0.306262 0.203222 -0.504304 0.187351 -0.87068 -0.45477 0.485867 
1532516554751 0.244768 0.620564 -0.744976 -0.597584 -0.880123 0.464562 0.097808 -0.186311 0.406784 0.63173 0.659882 0.431925 0.31622 -0.384863 0.867113 0.400795 -0.930002 -0.306262 0.203222 -0.504304 0.187351 -0.87068 -0.45477 0.485867 
1532516555064 0.245771 0.620453 -0.744738 -0.597708 -0.879637 0.465533 0.0975541 -0.18616 0.407228 0.631124 0.660188 0.431824 0.31622 -0.384863 0.867113 0.400795 -0.930002 -0.306262 0.203222 -0.504304 0.187351 -0.87068 -0.45477 0.485867 
1532516555304 0.246773 0.620341 -0.7445 -0.597832 -0.879152 0.466503 0.0973005 -0.186008 0.407671 0.630517 0.660494 0.431723 0.31622 -0.384863 0.867113 0.400795 -0.930002 -0.306262 0.203222 -0.504304 0.187351 -0.87068 -0.45477 0.485867 
1532516555601 0.247775 0.620228 -0.744261 -0.597956 -0.878664 0.467473 0.0970475 -0.185857 0.408114 0.62991 0.6608 0.431621 0.31622 -0.384863 0.867113 0.400795 -0.930002 -0.306262 0.203222 -0.504304 0.187351 -0.87068 -0.45477 0.485867 
1532516555821 0.248777 0.620113 -0.744022 -0.59808 -0.878176 0.468442 0.096795 -0.185705 0.408556 0.629302 0.661106 0.43152 0.31622 -0.384863 0.867113 0.400795 -0.930002 -0.306262 0.203222 -0.504304 0.187351 -0.87068 -0.45477 0.485867 
1532516556060 0.249776 0.619998 -0.743784 -0.598198 -0.877686 0.46941 0.0965444 -0.185558 0.408997 0.628694 0.661411 0.431424 0.31622 -0.384863 0.867113 0.400795 -0.930002 -0.306262 0.203222 -0.504304 0.187351 -0.87068 -0.45477 0.485867 
1532516556324 0.249818 0.620017 -0.743754 -0.598158 -0.877678 0.469428 0.0965286 -0.185615 0.408989 0.628662 0.661447 0.431463 0.31622 -0.384863 0.867113 0.400795 -0.930002 -0.306262 0.203222 -0.504304 0.187351 -0.87068 -0.45477 0.485867 
1532516556336 0.250574 0.619902 -0.743596 -0.59826 -0.877177 0.470363 0.0965317 -0.185495 0.4096 0.628077 0.661625 0.431368 0.31622 -0.384863 0.867113 0.400795 -0.930002 -0.306262 0.203222 -0.504304 0.187351 -0.87068 -0.45477 0.485867 
1532516556599 0.251332 0.619786 -0.743437 -0.598363 -0.876676 0.471297 0.0965336 -0.185374 0.41021 0.627491 0.661803 0.431272 0.31622 -0.384863 0.867113 0.400795 -0.930002 -0.306262 0.203222 -0.504304 0.187351 -0.87068 -0.45477 0.485867 
1532516556845 0.252089 0.619669 -0.743278 -0.598465 -0.876173 0.47223 0.0965361 -0.185254 0.410819 0.626904 0.661981 0.431177 0.31622 -0.384863 0.867113 0.400795 -0.930002 -0.306262 0.203222 -0.504304 0.187351 -0.87068 -0.45477 0.485867 
1532516557093 0.252845 0.619551 -0.743119 -0.598568 -0.87567 0.473163 0.0965388 -0.185134 0.411427 0.626317 0.662159 0.431081 0.31622 -0.384863 0.867113 0.400795 -0.930002 -0.306262 0.203222 -0.504304 0.187351 -0.87068 -0.45477 0.485867 
1532516557356 0.253602 0.619433 -0.74296 -0.59867 -0.875165 0.474095 0.0965418 -0.185014 0.412035 0.625729 0.662337 0.430986 0.31622 -0.384863 0.867113 0.400795 -0.930002 -0.306262 0.203222 -0.504304 0.187351 -0.87068 -0.45477 0.485867 
1532516557611 0.254358 0.619313 -0.742801 -0.598773 -0.874659 0.475027 0.0965449 -0.184893 0.412642 0.625141 0.662515 0.43089 0.31622 -0.384863 0.867113 0.400795 -0.930002 -0.306262 0.203222 -0.504304 0.187351 -0.87068 -0.45477 0.485867 
1532516557865 0.255114 0.619193 -0.742642 -0.598875 -0.874152 0.475958 0.0965485 -0.184773 0.413248 0.624551 0.662693 0.430795 0.31622 -0.384863 0.867113 0.400795 -0.930002 -0.306262 0.203222 -0.504304 0.187351 -0.87068 -0.45477 0.485867 
1532516558107 0.25587 0.619072 -0.742483 -0.598978 -0.873645 0.476889 0.0965523 -0.184653 0.413854 0.623961 0.66287 0.430699 0.31622 -0.384863 0.867113 0.400795 -0.930002 -0.306262 0.203222 -0.504304 0.187351 -0.87068 -0.45477 0.485867 
1532516558114 0.256625 0.618949 -0.742324 -0.599075 -0.873136 0.477818 0.0965569 -0.184535 0.41446 0.623371 0.663047 0.430609 0.31622 -0.384863 0.867113 0.400795 -0.930002 -0.306262 0.203222 -0.504304 0.187351 -0.87068 -0.45477 0.485867 
1532516558436 0.256628 0.61888 -0.742381 -0.599066 -0.87318 0.477761 0.0964388 -0.184571 0.414365 0.623484 0.663 0.430545 0.31622 -0.384863 0.867113 0.400795 -0.930002 -0.306262 0.203222 -0.504304 0.187351 -0.87068 -0.45477 0.485867 
1532516558446 0.257584 0.618624 -0.742264 -0.599178 -0.872599 0.478855 0.0962783 -0.184435 0.414997 0.622899 0.663155 0.430474 0.31622 -0.384863 0.867113 0.400795 -0.930002 -0.306262 0.203222 -0.504304 0.187351 -0.87068 -0.45477 0.485867 
1532516558687 0.258542 0.618368 -0.742144 -0.599293 -0.872016 0.479948 0.0961163 -0.184297 0.415626 0.622311 0.663313 0.430399 0.31622 -0.384863 0.867113 0.400795 -0.930002 -0.306262 0.203222 -0.504304 0.187351 -0.87068 -0.45477 0.485867 
1532516558944 0.259499 0.618111 -0.742023 -0.599407 -0.871432 0.48104 0.095955 -0.184158 0.416254 0.621723 0.663471 0.430324 0.31622 -0.384863 0.867113 0.400795 -0.930002 -0.306262 0.203222 -0.504304 0.187351 -0.87068 -0.45477 0.485867 
1532516559201 0.260456 0.617853 -0.741903 -0.599522 -0.870846 0.482132 0.095794 -0.184019 0.416882 0.621133 0.663629 0.430249 0.31622 -0.384863 0.867113 0.400795 -0.930002 -0.306262 0.203222 -0.504304 0.187351 -0.87068 -0.45477 0.485867 
1532516559456 0.261412 0.617594 -0.741782 -0.599637 -0.870259 0.483222 0.0956332 -0.183881 0.417508 0.620543 0.663787 0.430174 0.31622 -0.384863 0.867113 0.400795 -0.930002 -0.306262 0.203222 -0.504304 0.187351 -0.87068 -0.45477 0.485867 
1532516559462 0.262368 0.617334 -0.741662 -0.599752 -0.86967 0.484312 0.0954727 -0.183742 0.418134 0.619952 0.663945 0.430098 0.31622 -0.384863 0.867113 0.400795 -0.930002 -0.306262 0.203222 -0.504304 0.187351 -0.87068 -0.45477 0.485867 
1532516559757 0.263324 0.617072 -0.741541 -0.599867 -0.86908 0.485402 0.0953125 -0.183603 0.41876 0.619361 0.664103 0.430023 0.31622 -0.384863 0.867113 0.400795 -0.930002 -0.306262 0.203222 -0.504304 0.187351 -0.87068 -0.45477 0.485867 
1532516560008 0.264279 0.616809 -0.74142 -0.599981 -0.868489 0.48649 0.0951526 -0.183464 0.419384 0.618768 0.664261 0.429948 0.31622 -0.384863 0.867113 0.400795 -0.930002 -0.306262 0.203222 -0.504304 0.187351 -0.87068 -0.45477 0.485867 
1532516560251 0.265232 0.616545 -0.741299 -0.60009 -0.867897 0.487577 0.0949941 -0.18333 0.420008 0.618176 0.664418 0.429877 0.31622 -0.384863 0.867113 0.400795 -0.930002 -0.306262 0.203222 -0.504304 0.187351 -0.87068 -0.45477 0.485867 
1532516560559 0.265406 0.616506 -0.741269 -0.600061 -0.867846 0.48769 0.0948812 -0.183412 0.420004 0.618125 0.664468 0.429935 0.31622 -0.384863 0.867113 0.400795 -0.930002 -0.306262 0.203222 -0.504304 0.187351 -0.87068 -0.45477 0.485867 
1532516560571 0.266259 0.616377 -0.741071 -0.600152 -0.867268 0.488717 0.0948844 -0.183271 0.420658 0.617443 0.664688 0.429834 0.31622 -0.384863 0.867113 0.400795 -0.930002 -0.306262 0.203222 -0.504304 0.187351 -0.87068 -0.45477 0.485867 
1532516560802 0.267112 0.616246 -0.740872 -0.600243 -0.866688 0.489743 0.0948882 -0.183131 0.421312 0.616759 0.664909 0.429732 0.31622 -0.384863 0.867113 0.400795 -0.930002 -0.306262 0.203222 -0.504304 0.187351 -0.87068 -0.45477 0.485867 
1532516561037 0.267964 0.616115 -0.740674 -0.600333 -0.866107 0.490769 0.0948926 -0.18299 0.421964 0.616075 0.66513 0.429631 0.31622 -0.384863 0.867113 0.400795 -0.930002 -0.306262 0.203222 -0.504304 0.187351 -0.87068 -0.45477 0.485867 
1532516561043 0.268817 0.615982 -0.740475 -0.600424 -0.865525 0.491794 0.0948974 -0.18285 0.422617 0.61539 0.66535 0.42953 0.31622 -0.384863 0.867113 0.400795 -0.930002 -0.306262 0.203222 -0.504304 0.187351 -0.87068 -0.45477 0.485867 
1532516561332 0.269668 0.615849 -0.740277 -0.600515 -0.864941 0.492818 0.0949025 -0.182709 0.423267 0.614704 0.665571 0.429429 0.31622 -0.384863 0.867113 0.400795 -0.930002 -0.306262 0.203222 -0.504304 0.187351 -0.87068 -0.45477 0.485867 
1532516561579 0.27052 0.615714 -0.740078 -0.600606 -0.864357 0.493842 0.0949081 -0.182568 0.423918 0.614017 0.665791 0.429327 0.31622 -0.384863 0.867113 0.400795 -0.930002 -0.306262 0.203222 -0.504304 0.187351 -0.87068 -0.45477 0.485867 
1532516561585 0.271372 0.615578 -0.739879 -0.600697 -0.863771 0.494865 0.094914 -0.182428 0.424568 0.613329 0.666011 0.429226 0.31622 -0.384863 0.867113 0.400795 -0.930002 -0.306262 0.203222 -0.504304 0.187351 -0.87068 -0.45477 0.485867 
1532516561804 0.272223 0.615441 -0.73968 -0.600787 -0.863183 0.495888 0.0949203 -0.182287 0.425216 0.61264 0.66623 0.429125 0.31622 -0.384863 0.867113 0.400795 -0.930002 -0.306262 0.203222 -0.504304 0.187351 -0.87068 -0.45477 0.485867 
1532516562087 0.273073 0.615302 -0.739482 -0.600873 -0.862596 0.496908 0.0949276 -0.18215 0.425864 0.611952 0.666449 0.429029 0.31622 -0.384863 0.867113 0.400795 -0.930002 -0.306262 0.203222 -0.504304 0.187351 -0.87068 -0.45477 0.485867 
1532516562358 0.273218 0.615342 -0.739396 -0.600836 -0.862492 0.497078 0.0949758 -0.182233 0.42598 0.611774 0.666539 0.429087 0.31622 -0.384863 0.867113 0.400795 -0.930002 -0.306262 0.203222 -0.504304 0.187351 -0.87068 -0.45477 0.485867 
1532516562370 0.274053 0.615168 -0.739232 -0.600926 -0.861912 0.498087 0.0949605 -0.182082 0.426618 0.611129 0.666722 0.428975 0.31622 -0.384863 0.867113 0.400795 -0.930002 -0.306262 0.203222 -0.504304 0.187351 -0.87068 -0.45477 0.485867 
1532516562624 0.274888 0.614993 -0.739067 -0.601015 -0.86133 0.499095 0.094944 -0.181931 0.427255 0.610482 0.666907 0.428864 0.31622 -0.384863 0.867113 0.400795 -0.930002 -0.306262 0.203222 -0.504304 0.187351 -0.87068 -0.45477 0.485867 
1532516562901 0.275723 0.614816 -0.738903 -0.601104 -0.860748 0.500102 0.0949281 -0.18178 0.42789 0.609835 0.667092 0.428752 0.31622 -0.384863 0.867113 0.400795 -0.930002 -0.306262 0.203222 -0.504304 0.187351 -0.87068 -0.45477 0.485867 
1532516563140 0.276558 0.614639 -0.738738 -0.601194 -0.860164 0.501109 0.0949126 -0.181629 0.428525 0.609187 0.667276 0.42864 0.31622 -0.384863 0.867113 0.400795 -0.930002 -0.306262 0.203222 -0.504304 0.187351 -0.87068 -0.45477 0.485867 
1532516563388 0.277392 0.614461 -0.738574 -0.601283 -0.859579 0.502114 0.0948973 -0.181479 0.429159 0.608539 0.66746 0.428529 0.31622 -0.384863 0.867113 0.400795 -0.930002 -0.306262 0.203222 -0.504304 0.187351 -0.87068 -0.45477 0.485867 
1532516563661 0.278227 0.614281 -0.738409 -0.601373 -0.858993 0.503119 0.0948824 -0.181328 0.429792 0.607889 0.667644 0.428417 0.31622 -0.384863 0.867113 0.400795 -0.930002 -0.306262 0.203222 -0.504304 0.187351 -0.87068 -0.45477 0.485867 
1532516563925 0.279061 0.614101 -0.738245 -0.601462 -0.858405 0.504124 0.0948677 -0.181177 0.430425 0.607239 0.667829 0.428305 0.31622 -0.384863 0.867113 0.400795 -0.930002 -0.306262 0.203222 -0.504304 0.187351 -0.87068 -0.45477 0.485867 
1532516564142 0.279894 0.613919 -0.73808 -0.601552 -0.857817 0.505127 0.0948534 -0.181026 0.431057 0.606588 0.668013 0.428194 0.31622 -0.384863 0.867113 0.400795 -0.930002 -0.306262 0.203222 -0.504304 0.187351 -0.87068 -0.45477 0.485867 
1532516564402 0.280726 0.613737 -0.737916 -0.601637 -0.857227 0.506129 0.09484 -0.180879 0.431688 0.605938 0.668196 0.428087 0.31622 -0.384863 0.867113 0.400795 -0.930002 -0.306262 0.203222 -0.504304 0.187351 -0.87068 -0.45477 0.485867 
1532516564669 0.280732 0.613684 -0.737957 -0.601599 -0.857195 0.506182 0.0948485 -0.180944 0.431748 0.605946 0.668149 0.42812 0.31622 -0.384863 0.867113 0.400795 -0.930002 -0.306262 0.203222 -0.504304 0.187351 -0.87068 -0.45477 0.485867 
1532516564679 0.281521 0.613582 -0.737742 -0.601682 -0.85667 0.507074 0.0948319 -0.180816 0.432277 0.605304 0.668389 0.428014 0.31622 -0.384863 0.867113 0.400795 -0.930002 -0.306262 0.203222 -0.504304 0.187351 -0.87068 -0.45477 0.485867 
1532516564926 0.28231 0.61348 -0.737525 -0.601765 -0.856143 0.507965 0.0948157 -0.180687 0.432805 0.60466 0.668631 0.427908 0.31622 -0.384863 0.867113 0.400795 -0.930002 -0.306262 0.203222 -0.504304 0.187351 -0.87068 -0.45477 0.485867 
1532516564932 0.283098 0.613377 -0.737308 -0.601848 -0.855616 0.508855 0.0948002 -0.180559 0.433332 0.604015 0.668872 0.427801 0.31622 -0.384863 0.867113 0.400795 -0.930002 -0.306262 0.203222 -0.504304 0.187351 -0.87068 -0.45477 0.485867 
1532516565215 0.283886 0.613273 -0.737092 -0.601931 -0.855088 0.509745 0.0947849 -0.180431 0.433858 0.60337 0.669112 0.427695 0.31622 -0.384863 0.867113 0.400795 -0.930002 -0.306262 0.203222 -0.504304 0.187351 -0.87068 -0.45477 0.485867 
1532516565465 0.284675 0.613168 -0.736875 -0.602014 -0.854559 0.510635 0.0947701 -0.180303 0.434384 0.602725 0.669353 0.427589 0.31622 -0.384863 0.867113 0.400795 -0.930002 -0.306262 0.203222 -0.504304 0.187351 -0.87068 -0.45477 0.485867 
1532516565713 0.285462 0.613063 -0.736658 -0.602097 -0.854029 0.511523 0.0947555 -0.180174 0.434909 0.602078 0.669594 0.427483 0.31622 -0.384863 0.867113 0.400795 -0.930002 -0.306262 0.203222 -0.504304 0.187351 -0.87068 -0.45477 0.485867 
1532516565953 0.28625 0.612956 -0.736441 -0.60218 -0.853498 0.512412 0.0947414 -0.180046 0.435433 0.601431 0.669834 0.427377 0.31622 -0.384863 0.867113 0.400795 -0.930002 -0.306262 0.203222 -0.504304 0.187351 -0.87068 -0.45477 0.485867 
1532516566183 0.287038 0.612848 -0.736225 -0.602263 -0.852966 0.513299 0.0947276 -0.179918 0.435957 0.600784 0.670075 0.427271 0.31622 -0.384863 0.867113 0.400795 -0.930002 -0.306262 0.203222 -0.504304 0.187351 -0.87068 -0.45477 0.485867 
1532516566190 0.287824 0.612739 -0.736008 -0.602341 -0.852433 0.514185 0.0947148 -0.179792 0.43648 0.600137 0.670314 0.42717 0.31622 -0.384863 0.867113 0.400795 -0.930002 -0.306262 0.203222 -0.504304 0.187351 -0.87068 -0.45477 0.485867 
1532516566549 0.287725 0.612789 -0.736006 -0.602361 -0.85243 0.514166 0.09485 -0.179771 0.436552 0.600103 0.670298 0.427147 0.31622 -0.384863 0.867113 0.400795 -0.930002 -0.306262 0.203222 -0.504304 0.187351 -0.87068 -0.45477 0.485867 
1532516566564 0.288434 0.612506 -0.735963 -0.60244 -0.85182 0.515166 0.0949076 -0.179628 0.437275 0.599534 0.670336 0.427052 0.31622 -0.384863 0.867113 0.400795 -0.930002 -0.306262 0.203222 -0.504304 0.187351 -0.87068 -0.45477 0.485867 
1532516566841 0.289144 0.612222 -0.735921 -0.602519 -0.851208 0.516165 0.0949645 -0.179485 0.437996 0.598964 0.670374 0.426956 0.31622 -0.384863 0.867113 0.400795 -0.930002 -0.306262 0.203222 -0.504304 0.187351 -0.87068 -0.45477 0.485867 
1532516567141 0.289853 0.611937 -0.735879 -0.602599 -0.850595 0.517164 0.0950218 -0.179342 0.438717 0.598393 0.670412 0.426861 0.31622 -0.384863 0.867113 0.400795 -0.930002 -0.306262 0.203222 -0.504304 0.187351 -0.87068 -0.45477 0.485867 
1532516567389 0.290562 0.611652 -0.735837 -0.602678 -0.849981 0.518162 0.0950792 -0.179199 0.439438 0.597821 0.67045 0.426765 0.31622 -0.384863 0.867113 0.400795 -0.930002 -0.306262 0.203222 -0.504304 0.187351 -0.87068 -0.45477 0.485867 
1532516567589 0.29127 0.611365 -0.735795 -0.602757 -0.849366 0.519159 0.0951366 -0.179056 0.440158 0.597249 0.670488 0.42667 0.31622 -0.384863 0.867113 0.400795 -0.930002 -0.306262 0.203222 -0.504304 0.187351 -0.87068 -0.45477 0.485867 
1532516567883 0.291978 0.611078 -0.735753 -0.602836 -0.84875 0.520156 0.0951942 -0.178912 0.440877 0.596676 0.670526 0.426575 0.31622 -0.384863 0.867113 0.400795 -0.930002 -0.306262 0.203222 -0.504304 0.187351 -0.87068 -0.45477 0.485867 
1532516568129 0.292686 0.610789 -0.735712 -0.602915 -0.848132 0.521152 0.0952519 -0.178769 0.441596 0.596102 0.670564 0.426479 0.31622 -0.384863 0.867113 0.400795 -0.930002 -0.306262 0.203222 -0.504304 0.187351 -0.87068 -0.45477 0.485867 
1532516568334 0.293393 0.6105 -0.73567 -0.602994 -0.847513 0.522147 0.0953096 -0.178626 0.442314 0.595527 0.670601 0.426384 0.31622 -0.384863 0.867113 0.400795 -0.930002 -0.306262 0.203222 -0.504304 0.187351 -0.87068 -0.45477 0.485867 
1532516568576 0.294099 0.61021 -0.735629 -0.60307 -0.846894 0.523141 0.0953679 -0.178487 0.443032 0.594952 0.670638 0.426292 0.31622 -0.384863 0.867113 0.400795 -0.930002 -0.306262 0.203222 -0.504304 0.187351 -0.87068 -0.45477 0.485867 
1532516568836 0.294089 0.610092 -0.735731 -0.603044 -0.846887 0.523163 0.0953036 -0.178541 0.443051 0.595053 0.670535 0.42626 0.31622 -0.384863 0.867113 0.400795 -0.930002 -0.306262 0.203222 -0.504304 0.187351 -0.87068 -0.45477 0.485867 
1532516568848 0.294815 0.609909 -0.735592 -0.603116 -0.846241 0.524179 0.0954555 -0.178428 0.443801 0.594347 0.670666 0.426162 0.31622 -0.384863 0.867113 0.400795 -0.930002 -0.306262 0.203222 -0.504304 0.187351 -0.87068 -0.45477 0.485867 
1532516569101 0.295543 0.609724 -0.735453 -0.603189 -0.845594 0.525195 0.0956069 -0.178314 0.44455 0.593639 0.670797 0.426063 0.31622 -0.384863 0.867113 0.400795 -0.930002 -0.306262 0.203222 -0.504304 0.187351 -0.87068 -0.45477 0.485867 
1532516569348 0.29627 0.609538 -0.735314 -0.603261 -0.844946 0.52621 0.0957588 -0.178201 0.445299 0.59293 0.670927 0.425965 0.31622 -0.384863 0.867113 0.400795 -0.930002 -0.306262 0.203222 -0.504304 0.187351 -0.87068 -0.45477 0.485867 
1532516569586 0.296998 0.609351 -0.735176 -0.603334 -0.844295 0.527225 0.0959111 -0.178087 0.446047 0.59222 0.671057 0.425866 0.31622 -0.384863 0.867113 0.400795 -0.930002 -0.306262 0.203222 -0.504304 0.187351 -0.87068 -0.45477 0.485867 
1532516569824 0.297724 0.609163 -0.735038 -0.603406 -0.843645 0.528238 0.0960634 -0.177974 0.446793 0.59151 0.671187 0.425768 0.31622 -0.384863 0.867113 0.400795 -0.930002 -0.306262 0.203222 -0.504304 0.187351 -0.87068 -0.45477 0.485867 
1532516570078 0.298451 0.608975 -0.734899 -0.603479 -0.842992 0.529251 0.0962162 -0.177861 0.44754 0.590799 0.671316 0.425669 0.31622 -0.384863 0.867113 0.400795 -0.930002 -0.306262 0.203222 -0.504304 0.187351 -0.87068 -0.45477 0.485867 
1532516570328 0.299177 0.608785 -0.734761 -0.603551 -0.842338 0.530263 0.0963691 -0.177747 0.448285 0.590086 0.671445 0.425571 0.31622 -0.384863 0.867113 0.400795 -0.930002 -0.306262 0.203222 -0.504304 0.187351 -0.87068 -0.45477 0.485867 
