1535384810955 0.159179 0.943926 -0.289251 -0.531023 -0.959829 0.216539 0.178433 -0.240784 0.231062 0.249229 0.940476 0.379171 0.133483 -0.107844 0.985166 0.370686 -0.990878 0.00405552 0.134701 -0.466781 -0.0185221 -0.99416 -0.106319 0.445049 
1535384810980 0.166929 0.942808 -0.288527 -0.542016 -0.95881 0.223436 0.175387 -0.240917 0.229824 0.247366 0.941271 0.37844 0.134053 -0.1086 0.985006 0.371399 -0.990395 0.0192986 0.136914 -0.468175 -0.0338781 -0.993898 -0.10497 0.44425 
1535384811689 0.174667 0.941634 -0.287778 -0.553013 -0.95773 0.230324 0.172348 -0.241053 0.228571 0.24551 0.942062 0.377708 0.13461 -0.109364 0.984845 0.372112 -0.989675 0.0345355 0.139105 -0.469569 -0.0492252 -0.993402 -0.103586 0.443452 
1535384812376 0.182393 0.940405 -0.287004 -0.564011 -0.956591 0.237206 0.169313 -0.241189 0.227302 0.243664 0.942848 0.376976 0.135156 -0.110136 0.984684 0.372825 -0.988719 0.0497625 0.141275 -0.470963 -0.0645599 -0.99267 -0.102168 0.442653 
1535384813077 0.190109 0.939119 -0.286206 -0.575007 -0.955393 0.244079 0.166283 -0.241325 0.226017 0.241827 0.943629 0.376244 0.135689 -0.110917 0.984523 0.373538 -0.987526 0.0649759 0.143423 -0.472358 -0.0798784 -0.991703 -0.100717 0.441855 
1535384813800 0.197812 0.937778 -0.285382 -0.586005 -0.954135 0.250945 0.163259 -0.241461 0.224716 0.239998 0.944406 0.375512 0.13621 -0.111707 0.984362 0.374251 -0.986097 0.0801721 0.145548 -0.473752 -0.0951771 -0.990502 -0.0992334 0.441056 
1535384814547 0.205502 0.936381 -0.284535 -0.597002 -0.952818 0.257801 0.160241 -0.241597 0.2234 0.23818 0.945179 0.37478 0.136719 -0.112504 0.984201 0.374964 -0.984433 0.0953475 0.147651 -0.475146 -0.110452 -0.989066 -0.0977169 0.440258 
1535384815277 0.21318 0.934928 -0.283663 -0.607999 -0.951441 0.264649 0.157228 -0.241732 0.222068 0.23637 0.945947 0.374048 0.137215 -0.113309 0.984039 0.375677 -0.982533 0.110499 0.149728 -0.47654 -0.125701 -0.987396 -0.096168 0.439459 
1535384816085 0.220844 0.933419 -0.282766 -0.618995 -0.950006 0.271487 0.154221 -0.241868 0.220721 0.234571 0.94671 0.373316 0.137698 -0.114122 0.983878 0.37639 -0.980399 0.125622 0.151782 -0.477935 -0.140918 -0.985492 -0.0945871 0.438661 
1535384816855 0.228494 0.931855 -0.281845 -0.629993 -0.948511 0.278315 0.151221 -0.242004 0.219358 0.23278 0.947468 0.372584 0.138169 -0.114942 0.983716 0.377103 -0.97803 0.140713 0.153812 -0.479329 -0.156101 -0.983356 -0.0929748 0.437862 
1535384817666 0.228499 0.931558 -0.282821 -0.629789 -0.948427 0.278567 0.151283 -0.242046 0.219714 0.233667 0.947167 0.372319 0.13764 -0.114909 0.983794 0.37691 -0.97833 0.139338 0.153151 -0.479289 -0.154678 -0.983555 -0.0932405 0.437953 
1535384817778 0.228901 0.9313 -0.283345 -0.630583 -0.948333 0.279033 0.151016 -0.242086 0.219703 0.234137 0.947053 0.372264 0.138162 -0.116612 0.983521 0.37695 -0.979289 0.132313 0.153255 -0.479222 -0.148004 -0.984325 -0.0959165 0.438493 
1535384818001 0.229302 0.931042 -0.283868 -0.631382 -0.948238 0.279499 0.150749 -0.242128 0.219694 0.234607 0.946939 0.372208 0.138695 -0.118311 0.983243 0.37699 -0.980199 0.125282 0.153341 -0.479155 -0.141325 -0.985042 -0.0985923 0.439033 
1535384818218 0.229702 0.930784 -0.28439 -0.63218 -0.948143 0.279964 0.150482 -0.24217 0.219685 0.235077 0.946825 0.372152 0.139241 -0.120005 0.98296 0.37703 -0.981063 0.118245 0.153408 -0.479089 -0.13464 -0.985706 -0.101268 0.439573 
1535384818443 0.230103 0.930525 -0.284913 -0.632979 -0.948048 0.280429 0.150214 -0.242212 0.219676 0.235546 0.94671 0.372095 0.139797 -0.121695 0.982673 0.37707 -0.981878 0.111203 0.153456 -0.479022 -0.127951 -0.986319 -0.103944 0.440113 
1535384818669 0.230503 0.930266 -0.285435 -0.633779 -0.947953 0.280894 0.149947 -0.242254 0.219667 0.236016 0.946595 0.372039 0.140365 -0.12338 0.982382 0.37711 -0.982647 0.104155 0.153484 -0.478955 -0.121257 -0.986878 -0.10662 0.440653 
1535384818894 0.230904 0.930006 -0.285957 -0.634578 -0.947857 0.281359 0.149679 -0.242296 0.219659 0.236485 0.94648 0.371983 0.140945 -0.125061 0.982087 0.37715 -0.983367 0.0971015 0.153494 -0.478889 -0.114558 -0.987386 -0.109295 0.441193 
1535384819118 0.231304 0.929746 -0.286479 -0.635376 -0.947762 0.281824 0.149411 -0.242338 0.219651 0.236955 0.946365 0.371927 0.141536 -0.126737 0.981787 0.37719 -0.98404 0.0900437 0.153484 -0.478822 -0.107856 -0.987841 -0.11197 0.441733 
1535384819334 0.231705 0.929486 -0.287001 -0.636176 -0.947666 0.282288 0.149142 -0.242381 0.219643 0.237424 0.946249 0.37187 0.142138 -0.128408 0.981483 0.37723 -0.984665 0.0829816 0.153456 -0.478755 -0.10115 -0.988244 -0.114644 0.442273 
1535384819554 0.232105 0.929225 -0.287522 -0.636974 -0.947569 0.282752 0.148874 -0.242422 0.219635 0.237893 0.946133 0.371814 0.142752 -0.130074 0.981174 0.37727 -0.985242 0.0759154 0.153408 -0.478689 -0.0944407 -0.988594 -0.117317 0.442813 
1535384819801 0.232023 0.929248 -0.287512 -0.636671 -0.947583 0.282679 0.148925 -0.242506 0.219662 0.237888 0.946128 0.37181 0.142573 -0.129533 0.981272 0.377273 -0.985071 0.078066 0.15343 -0.478709 -0.0964782 -0.988497 -0.116469 0.442632 
1535384819813 0.231885 0.929198 -0.287786 -0.637035 -0.94756 0.282653 0.149123 -0.242561 0.219909 0.238115 0.946013 0.371926 0.142955 -0.128537 0.981347 0.37728 -0.985718 0.0706866 0.15285 -0.478655 -0.089015 -0.989182 -0.116596 0.442691 
1535384820093 0.231745 0.929148 -0.288059 -0.637403 -0.947536 0.282626 0.149323 -0.242617 0.220156 0.238342 0.945899 0.372041 0.143329 -0.127538 0.981423 0.377287 -0.98631 0.0633035 0.152269 -0.478601 -0.0815476 -0.989812 -0.116718 0.44275 
1535384820382 0.231606 0.929098 -0.288332 -0.637772 -0.947513 0.282598 0.149523 -0.242675 0.220404 0.238567 0.945784 0.372156 0.143696 -0.126535 0.981499 0.377294 -0.986846 0.0559162 0.151688 -0.478547 -0.0740756 -0.990385 -0.116836 0.442809 
1535384820688 0.231466 0.929048 -0.288604 -0.638141 -0.94749 0.282571 0.149723 -0.242732 0.220651 0.238794 0.945669 0.372271 0.144056 -0.125531 0.981575 0.377301 -0.987326 0.0485252 0.151106 -0.478493 -0.0665996 -0.990902 -0.116949 0.442868 
1535384820974 0.231327 0.928998 -0.288877 -0.638508 -0.947466 0.282544 0.149923 -0.242788 0.220898 0.23902 0.945555 0.372387 0.144408 -0.124523 0.981652 0.377307 -0.987751 0.0411309 0.150523 -0.478439 -0.0591198 -0.991364 -0.117058 0.442927 
1535384821253 0.231187 0.928949 -0.289149 -0.638877 -0.947442 0.282517 0.150122 -0.242845 0.221146 0.239246 0.94544 0.372502 0.144753 -0.123513 0.981729 0.377314 -0.98812 0.0337335 0.149939 -0.478385 -0.0516366 -0.991769 -0.117163 0.442986 
1535384821526 0.231047 0.928898 -0.289422 -0.639245 -0.947419 0.282491 0.150322 -0.242902 0.221393 0.239472 0.945325 0.372617 0.14509 -0.1225 0.981806 0.377321 -0.988433 0.0263337 0.149355 -0.478331 -0.0441506 -0.992119 -0.117263 0.443045 
1535384821842 0.230907 0.928848 -0.289694 -0.639614 -0.947395 0.282464 0.150522 -0.242959 0.22164 0.239698 0.945209 0.372732 0.145419 -0.121485 0.981883 0.377328 -0.988691 0.0189318 0.14877 -0.478277 -0.0366622 -0.992413 -0.117358 0.443104 
1535384822130 0.230768 0.928798 -0.289966 -0.639982 -0.947371 0.282437 0.150722 -0.243015 0.221887 0.239924 0.945094 0.372847 0.145741 -0.120468 0.981961 0.377335 -0.988893 0.0115283 0.148184 -0.478223 -0.0291717 -0.99265 -0.117449 0.443163 
1535384822424 0.230831 0.928818 -0.289853 -0.639695 -0.947413 0.282417 0.150499 -0.243 0.221645 0.23987 0.945164 0.372692 0.145825 -0.120867 0.981899 0.377379 -0.988834 0.0129839 0.148453 -0.478186 -0.0306919 -0.992584 -0.117624 0.443138 
1535384822449 0.230419 0.929051 -0.289433 -0.639781 -0.947513 0.281956 0.15073 -0.243084 0.221643 0.23951 0.945256 0.372739 0.145843 -0.121537 0.981814 0.377353 -0.988824 0.0131229 0.148509 -0.478202 -0.0309336 -0.9925 -0.118265 0.443191 
1535384822599 0.230006 0.929285 -0.289011 -0.639873 -0.947614 0.281492 0.150962 -0.243172 0.221641 0.239149 0.945348 0.372784 0.145862 -0.122208 0.981728 0.377327 -0.988814 0.013263 0.148565 -0.478217 -0.0311765 -0.992416 -0.118906 0.443244 
1535384822660 0.229593 0.929517 -0.28859 -0.639963 -0.947715 0.281029 0.151193 -0.243259 0.221639 0.238788 0.94544 0.37283 0.14588 -0.122879 0.981641 0.377301 -0.988803 0.0134031 0.148622 -0.478233 -0.0314196 -0.992331 -0.119548 0.443297 
1535384822785 0.22918 0.92975 -0.288169 -0.640055 -0.947815 0.280566 0.151425 -0.243346 0.221637 0.238427 0.945531 0.372876 0.145898 -0.123549 0.981554 0.377275 -0.988793 0.013543 0.148679 -0.478249 -0.0316624 -0.992246 -0.120189 0.44335 
1535384822871 0.228767 0.929982 -0.287747 -0.640146 -0.947915 0.280102 0.151656 -0.243433 0.221636 0.238066 0.945623 0.372921 0.145917 -0.12422 0.981467 0.377249 -0.988782 0.0136829 0.148736 -0.478264 -0.0319054 -0.99216 -0.12083 0.443403 
1535384822970 0.228354 0.930214 -0.287326 -0.640236 -0.948015 0.279639 0.151887 -0.243519 0.221635 0.237705 0.945714 0.372967 0.145935 -0.124891 0.981379 0.377223 -0.988772 0.0138228 0.148793 -0.47828 -0.0321482 -0.992074 -0.121471 0.443457 
1535384823069 0.227941 0.930446 -0.286904 -0.640328 -0.948115 0.279175 0.152118 -0.243607 0.221633 0.237344 0.945805 0.373013 0.145952 -0.125561 0.981291 0.377197 -0.988761 0.0139626 0.14885 -0.478296 -0.0323911 -0.991988 -0.122112 0.44351 
1535384823168 0.227528 0.930677 -0.286482 -0.640418 -0.948214 0.278711 0.152348 -0.243693 0.221632 0.236983 0.945896 0.373059 0.145971 -0.126232 0.981202 0.377171 -0.988751 0.0141023 0.148908 -0.478312 -0.0326341 -0.991901 -0.122753 0.443563 
1535384823278 0.227114 0.930908 -0.286059 -0.64051 -0.948314 0.278247 0.152579 -0.243781 0.221632 0.236621 0.945986 0.373104 0.145988 -0.126902 0.981113 0.377145 -0.98874 0.014242 0.148965 -0.478327 -0.032877 -0.991813 -0.123394 0.443616 
1535384823382 0.227556 0.930646 -0.286559 -0.640372 -0.948239 0.278717 0.152184 -0.24372 0.221499 0.237096 0.945898 0.373069 0.145917 -0.125725 0.981276 0.377158 -0.988767 0.0139377 0.148816 -0.47834 -0.0323865 -0.991967 -0.122278 0.443579 
1535384823396 0.227177 0.930841 -0.286226 -0.640422 -0.948338 0.278292 0.152345 -0.243829 0.221464 0.23683 0.945973 0.373082 0.145625 -0.126415 0.98123 0.377136 -0.988797 0.0142624 0.148585 -0.478366 -0.032778 -0.991875 -0.122921 0.443614 
1535384823416 0.226797 0.931036 -0.285893 -0.640475 -0.948437 0.277866 0.152507 -0.24394 0.22143 0.236564 0.946048 0.373095 0.145332 -0.127104 0.981185 0.377114 -0.988827 0.0145873 0.148354 -0.478391 -0.0331692 -0.991782 -0.123564 0.443648 
1535384823467 0.226417 0.931231 -0.28556 -0.640529 -0.948535 0.27744 0.152668 -0.244051 0.221395 0.236297 0.946122 0.373108 0.145039 -0.127794 0.981138 0.377092 -0.988857 0.0149124 0.148123 -0.478416 -0.0335603 -0.991689 -0.124207 0.443683 
1535384823590 0.226037 0.931425 -0.285227 -0.640583 -0.948634 0.277013 0.15283 -0.244162 0.221361 0.236031 0.946197 0.37312 0.144746 -0.128483 0.981092 0.377069 -0.988886 0.0152377 0.147892 -0.478441 -0.0339511 -0.991595 -0.124849 0.443718 
1535384823657 0.225656 0.931619 -0.284894 -0.640638 -0.948733 0.276587 0.152991 -0.244274 0.221327 0.235764 0.946271 0.373133 0.144453 -0.129172 0.981044 0.377047 -0.988916 0.0155631 0.147661 -0.478467 -0.0343417 -0.9915 -0.125492 0.443753 
1535384823764 0.225276 0.931813 -0.28456 -0.640693 -0.948831 0.27616 0.153152 -0.244385 0.221293 0.235498 0.946346 0.373145 0.144159 -0.129861 0.980997 0.377025 -0.988945 0.0158887 0.14743 -0.478492 -0.0347321 -0.991405 -0.126135 0.443787 
1535384823832 0.224896 0.932007 -0.284226 -0.640746 -0.948929 0.275734 0.153313 -0.244496 0.22126 0.235231 0.94642 0.373158 0.143865 -0.130549 0.980948 0.377003 -0.988974 0.0162144 0.1472 -0.478517 -0.0351224 -0.991309 -0.126777 0.443822 
1535384823941 0.224516 0.9322 -0.283893 -0.640801 -0.949027 0.275307 0.153474 -0.244607 0.221226 0.234964 0.946494 0.37317 0.143571 -0.131238 0.9809 0.37698 -0.989003 0.0165402 0.14697 -0.478543 -0.0355124 -0.991213 -0.12742 0.443857 
1535384824007 0.224135 0.932394 -0.283559 -0.640855 -0.949125 0.27488 0.153634 -0.244718 0.221192 0.234698 0.946568 0.373183 0.143276 -0.131927 0.98085 0.376958 -0.989031 0.0168663 0.14674 -0.478568 -0.0359022 -0.991116 -0.128063 0.443891 
1535384824136 0.224708 0.932132 -0.283965 -0.64078 -0.948949 0.275537 0.153543 -0.244658 0.221365 0.234965 0.946461 0.373222 0.143534 -0.131027 0.980933 0.376989 -0.989011 0.0164855 0.146919 -0.478584 -0.0354215 -0.991242 -0.127221 0.443817 
1535384824162 0.224941 0.932109 -0.283856 -0.640755 -0.948889 0.275747 0.153536 -0.244671 0.221385 0.234812 0.946495 0.373195 0.143336 -0.131364 0.980917 0.376986 -0.989037 0.0165339 0.146737 -0.478626 -0.0354943 -0.991196 -0.127554 0.443836 
1535384824176 0.225176 0.932085 -0.28375 -0.640728 -0.948829 0.275958 0.153528 -0.244683 0.221404 0.234659 0.946528 0.373168 0.143135 -0.131701 0.980901 0.376984 -0.989064 0.0165823 0.146553 -0.478667 -0.0355668 -0.991151 -0.127887 0.443857 
1535384824301 0.22541 0.932061 -0.283643 -0.6407 -0.948769 0.276169 0.153521 -0.244694 0.221424 0.234506 0.946561 0.373142 0.142935 -0.132039 0.980885 0.376983 -0.98909 0.0166308 0.146369 -0.478707 -0.0356393 -0.991105 -0.128221 0.443878 
1535384824316 0.225644 0.932037 -0.283536 -0.640672 -0.948708 0.27638 0.153514 -0.244706 0.221444 0.234353 0.946594 0.373115 0.142734 -0.132376 0.980869 0.376981 -0.989117 0.0166794 0.146185 -0.478747 -0.0357117 -0.991059 -0.128555 0.443899 
1535384824372 0.225878 0.932013 -0.283429 -0.640643 -0.948648 0.276591 0.153506 -0.244717 0.221464 0.234201 0.946628 0.373089 0.142533 -0.132713 0.980852 0.376979 -0.989143 0.016728 0.146001 -0.478787 -0.035784 -0.991013 -0.128888 0.443919 
1535384824441 0.226111 0.931988 -0.283322 -0.640616 -0.948588 0.276802 0.153499 -0.244728 0.221483 0.234048 0.946661 0.373063 0.142333 -0.133051 0.980836 0.376977 -0.989169 0.0167765 0.145818 -0.478827 -0.0358562 -0.990967 -0.129222 0.44394 
1535384824493 0.226346 0.931964 -0.283215 -0.640587 -0.948527 0.277013 0.153492 -0.244739 0.221503 0.233895 0.946694 0.373036 0.142133 -0.133388 0.980819 0.376975 -0.989195 0.0168251 0.145635 -0.478867 -0.0359282 -0.990921 -0.129555 0.443961 
1535384824536 0.226579 0.93194 -0.283108 -0.640559 -0.948467 0.277224 0.153485 -0.244751 0.221523 0.233742 0.946727 0.37301 0.141931 -0.133725 0.980802 0.376973 -0.989222 0.0168739 0.14545 -0.478907 -0.0360004 -0.990875 -0.129889 0.443981 
1535384824562 0.226813 0.931915 -0.283001 -0.64053 -0.948406 0.277435 0.153477 -0.244762 0.221542 0.23359 0.94676 0.372984 0.141731 -0.134062 0.980785 0.37697 -0.989248 0.0169226 0.145267 -0.478947 -0.0360723 -0.990828 -0.130222 0.444002 
1535384824656 0.226005 0.932037 -0.283247 -0.640612 -0.948575 0.276728 0.153708 -0.244674 0.221644 0.233942 0.946649 0.373089 0.142332 -0.133238 0.980811 0.377003 -0.989171 0.0167048 0.145814 -0.478786 -0.0358123 -0.990943 -0.129417 0.443904 
1535384824669 0.226716 0.931954 -0.282953 -0.640425 -0.94846 0.277301 0.153386 -0.244576 0.221411 0.233595 0.94679 0.373125 0.142512 -0.133102 0.980803 0.377033 -0.989158 0.0163457 0.145944 -0.478921 -0.0354573 -0.990968 -0.129329 0.443831 
1535384824684 0.227427 0.93187 -0.282659 -0.640231 -0.948345 0.277875 0.153062 -0.244474 0.221178 0.233248 0.94693 0.373163 0.142691 -0.132966 0.980795 0.377064 -0.989145 0.0159863 0.146073 -0.479057 -0.0351021 -0.990992 -0.129241 0.443757 
1535384824877 0.228137 0.931785 -0.282365 -0.640039 -0.948229 0.278448 0.152739 -0.244373 0.220944 0.232901 0.94707 0.3732 0.142871 -0.13283 0.980787 0.377095 -0.989131 0.0156269 0.146203 -0.479193 -0.0347468 -0.991016 -0.129153 0.443684 
1535384825013 0.228847 0.9317 -0.282071 -0.639846 -0.948112 0.279022 0.152416 -0.244272 0.22071 0.232555 0.947209 0.373238 0.143052 -0.132694 0.98078 0.377126 -0.989118 0.0152675 0.146333 -0.47933 -0.0343916 -0.99104 -0.129065 0.443611 
1535384825148 0.229557 0.931614 -0.281777 -0.639653 -0.947995 0.279596 0.152093 -0.244171 0.220476 0.232209 0.947349 0.373275 0.143232 -0.132557 0.980772 0.377157 -0.989104 0.0149081 0.146463 -0.479466 -0.0340363 -0.991063 -0.128978 0.443537 
1535384825314 0.230267 0.931528 -0.281482 -0.639461 -0.947877 0.280169 0.15177 -0.24407 0.220241 0.231862 0.947488 0.373312 0.143411 -0.132421 0.980764 0.377188 -0.98909 0.0145488 0.146593 -0.479602 -0.0336809 -0.991087 -0.12889 0.443464 
1535384825454 0.230977 0.931442 -0.281187 -0.639267 -0.947759 0.280743 0.151448 -0.243969 0.220006 0.231516 0.947627 0.37335 0.143591 -0.132284 0.980756 0.377218 -0.989076 0.0141895 0.146723 -0.479738 -0.0333256 -0.99111 -0.128802 0.443391 
1535384825587 0.231686 0.931355 -0.280891 -0.639075 -0.94764 0.281316 0.151126 -0.243868 0.219771 0.23117 0.947766 0.373387 0.143771 -0.132148 0.980748 0.377249 -0.989062 0.0138301 0.146853 -0.479874 -0.0329703 -0.991134 -0.128714 0.443318 
1535384825734 0.232396 0.931267 -0.280596 -0.638881 -0.947521 0.28189 0.150803 -0.243766 0.219535 0.230825 0.947905 0.373425 0.143951 -0.132011 0.98074 0.37728 -0.989047 0.0134708 0.146983 -0.48001 -0.0326149 -0.991157 -0.128626 0.443244 
1535384825910 0.231647 0.931397 -0.280785 -0.639054 -0.947661 0.281249 0.151119 -0.24376 0.219723 0.231082 0.947799 0.373413 0.143676 -0.132262 0.980747 0.377219 -0.989069 0.0140068 0.146784 -0.479856 -0.0331511 -0.991116 -0.128804 0.44331 
1535384825919 0.231869 0.931347 -0.280765 -0.638709 -0.947662 0.281401 0.150834 -0.243641 0.219486 0.231097 0.94785 0.373519 0.144291 -0.132343 0.980645 0.377259 -0.988997 0.0133984 0.147328 -0.48004 -0.0326369 -0.991113 -0.128954 0.443283 
1535384826053 0.232092 0.931297 -0.280746 -0.63836 -0.947662 0.281554 0.150548 -0.243519 0.219251 0.231112 0.947901 0.373625 0.144908 -0.132424 0.980543 0.377299 -0.988924 0.0127896 0.147874 -0.480225 -0.0321228 -0.991111 -0.129104 0.443256 
1535384826234 0.232315 0.931247 -0.280728 -0.638009 -0.947661 0.281707 0.150263 -0.243397 0.219015 0.231127 0.947952 0.373732 0.145525 -0.132505 0.980441 0.377339 -0.98885 0.0121808 0.148419 -0.48041 -0.0316088 -0.991108 -0.129255 0.44323 
1535384826409 0.232538 0.931197 -0.280709 -0.637659 -0.947661 0.28186 0.149978 -0.243276 0.21878 0.231142 0.948003 0.373839 0.146142 -0.132585 0.980339 0.37738 -0.988775 0.0115719 0.148965 -0.480594 -0.0310949 -0.991104 -0.129406 0.443203 
1535384826620 0.23276 0.931147 -0.28069 -0.63731 -0.947661 0.282012 0.149692 -0.243155 0.218544 0.231157 0.948053 0.373946 0.146759 -0.132665 0.980236 0.37742 -0.988699 0.010963 0.14951 -0.480779 -0.0305811 -0.9911 -0.129557 0.443176 
1535384826783 0.232983 0.931097 -0.280672 -0.63696 -0.94766 0.282165 0.149407 -0.243033 0.218308 0.231172 0.948104 0.374053 0.147376 -0.132744 0.980132 0.37746 -0.988623 0.0103541 0.150055 -0.480964 -0.0300673 -0.991096 -0.129708 0.443149 
1535384826945 0.233206 0.931047 -0.280653 -0.63661 -0.94766 0.282318 0.149122 -0.242911 0.218073 0.231187 0.948154 0.374159 0.147993 -0.132823 0.980029 0.3775 -0.988547 0.00974508 0.1506 -0.481148 -0.0295537 -0.991092 -0.12986 0.443122 
1535384827115 0.233428 0.930997 -0.280634 -0.63626 -0.947659 0.28247 0.148836 -0.242789 0.217837 0.231203 0.948205 0.374266 0.14861 -0.132902 0.979925 0.37754 -0.988469 0.00913606 0.151145 -0.481333 -0.0290401 -0.991087 -0.130012 0.443096 
1535384827307 0.233651 0.930947 -0.280615 -0.63591 -0.947659 0.282623 0.148551 -0.242668 0.217601 0.231218 0.948255 0.374373 0.149227 -0.13298 0.97982 0.377581 -0.988391 0.00852692 0.15169 -0.481518 -0.0285266 -0.991082 -0.130164 0.443069 
1535384827512 0.233467 0.930981 -0.280654 -0.636148 -0.947664 0.282496 0.148759 -0.242661 0.217775 0.231235 0.948211 0.37426 0.14877 -0.132867 0.979905 0.377558 -0.988449 0.00900147 0.151288 -0.481335 -0.0289218 -0.991093 -0.129993 0.443135 
1535384827528 0.233629 0.930952 -0.280618 -0.635653 -0.947588 0.282683 0.148886 -0.242483 0.217932 0.231126 0.948202 0.374383 0.148916 -0.133396 0.979811 0.377623 -0.988428 0.00887264 0.151433 -0.481435 -0.0288941 -0.991023 -0.130531 0.443137 
1535384827696 0.233793 0.930921 -0.280583 -0.635154 -0.947512 0.282872 0.149013 -0.242302 0.218088 0.231017 0.948192 0.374507 0.149062 -0.133925 0.979717 0.377688 -0.988406 0.00874411 0.151579 -0.481536 -0.028867 -0.990953 -0.131069 0.443139 
1535384827928 0.233956 0.930891 -0.280548 -0.634655 -0.947435 0.283061 0.149139 -0.242122 0.218244 0.230909 0.948183 0.374631 0.149207 -0.134454 0.979622 0.377754 -0.988385 0.00861551 0.151725 -0.481636 -0.0288399 -0.990882 -0.131607 0.443141 
1535384828117 0.23412 0.93086 -0.280513 -0.634155 -0.947359 0.28325 0.149265 -0.241941 0.2184 0.2308 0.948173 0.374756 0.149353 -0.134982 0.979527 0.377819 -0.988364 0.00848683 0.15187 -0.481736 -0.0288129 -0.990812 -0.132144 0.443143 
1535384828327 0.234283 0.93083 -0.280478 -0.633655 -0.947283 0.283439 0.149392 -0.24176 0.218556 0.230692 0.948164 0.37488 0.149499 -0.135511 0.979432 0.377884 -0.988343 0.00835811 0.152016 -0.481837 -0.028786 -0.990741 -0.132682 0.443144 
1535384828538 0.234447 0.930799 -0.280443 -0.633155 -0.947206 0.283628 0.149518 -0.241579 0.218712 0.230583 0.948154 0.375004 0.149645 -0.136039 0.979336 0.377949 -0.988321 0.00822926 0.152161 -0.481937 -0.0287591 -0.990669 -0.133219 0.443146 
1535384828746 0.23461 0.930768 -0.280408 -0.632656 -0.94713 0.283817 0.149644 -0.241399 0.218868 0.230474 0.948145 0.375128 0.149791 -0.136568 0.979241 0.378014 -0.9883 0.00810037 0.152306 -0.482038 -0.0287323 -0.990598 -0.133757 0.443148 
1535384828753 0.234773 0.930738 -0.280373 -0.632158 -0.947053 0.284005 0.149771 -0.241219 0.219024 0.230366 0.948135 0.375253 0.149937 -0.137096 0.979144 0.37808 -0.988279 0.00797127 0.152452 -0.482138 -0.0287057 -0.990526 -0.134294 0.44315 
1535384829023 0.234937 0.930707 -0.280338 -0.631657 -0.946977 0.284194 0.149897 -0.241038 0.21918 0.230257 0.948125 0.375377 0.150083 -0.137624 0.979048 0.378145 -0.988257 0.0078423 0.152597 -0.482239 -0.0286791 -0.990453 -0.134831 0.443152 
1535384829259 0.23483 0.930744 -0.280305 -0.631817 -0.94705 0.284037 0.149732 -0.241057 0.218979 0.230301 0.948161 0.375372 0.149984 -0.137162 0.979128 0.378118 -0.988274 0.00787228 0.152488 -0.482135 -0.0286235 -0.990517 -0.134373 0.443165 
1535384829276 0.234731 0.930693 -0.280558 -0.631388 -0.946934 0.284131 0.150286 -0.240912 0.219585 0.230393 0.947999 0.375516 0.149445 -0.136054 0.979365 0.378143 -0.988333 0.00889248 0.152049 -0.482147 -0.0293959 -0.990662 -0.133138 0.442929 
1535384829463 0.234632 0.930641 -0.280811 -0.630954 -0.946818 0.284225 0.15084 -0.240764 0.220192 0.230485 0.947836 0.375661 0.148907 -0.134944 0.9796 0.378169 -0.988391 0.00991095 0.151608 -0.482158 -0.0301675 -0.990804 -0.131902 0.442693 
1535384829658 0.234533 0.930589 -0.281065 -0.630519 -0.946701 0.284319 0.151394 -0.240616 0.220798 0.230577 0.947672 0.375806 0.148369 -0.133834 0.979834 0.378194 -0.988448 0.0109289 0.151166 -0.482169 -0.0309397 -0.990943 -0.130667 0.442456 
1535384829841 0.234434 0.930538 -0.281318 -0.630084 -0.946584 0.284413 0.151948 -0.240468 0.221404 0.23067 0.947508 0.375951 0.147832 -0.132723 0.980066 0.378219 -0.988504 0.0119464 0.150723 -0.48218 -0.0317127 -0.991081 -0.129431 0.44222 
1535384830026 0.234334 0.930486 -0.281572 -0.629651 -0.946467 0.284506 0.152502 -0.240321 0.22201 0.230762 0.947344 0.376095 0.147296 -0.131611 0.980297 0.378244 -0.988559 0.0129634 0.150278 -0.482192 -0.0324862 -0.991217 -0.128196 0.441984 
1535384830215 0.234234 0.930435 -0.281825 -0.629216 -0.946349 0.2846 0.153055 -0.240173 0.222616 0.230854 0.947179 0.37624 0.146761 -0.130499 0.980526 0.378269 -0.988613 0.0139799 0.149831 -0.482203 -0.0332605 -0.99135 -0.126961 0.441748 
1535384830417 0.234134 0.930383 -0.282078 -0.628783 -0.946231 0.284694 0.153609 -0.240026 0.223221 0.230946 0.947014 0.376385 0.146226 -0.129386 0.980753 0.378294 -0.988666 0.0149958 0.149384 -0.482214 -0.0340353 -0.991481 -0.125726 0.441512 
1535384830599 0.234034 0.930332 -0.282331 -0.628348 -0.946113 0.284789 0.154163 -0.239877 0.223827 0.231038 0.946849 0.37653 0.145692 -0.128272 0.980979 0.37832 -0.988717 0.0160112 0.148935 -0.482226 -0.0348108 -0.99161 -0.124492 0.441275 
1535384830780 0.233934 0.93028 -0.282584 -0.627914 -0.945994 0.284883 0.154716 -0.23973 0.224433 0.23113 0.946683 0.376675 0.14516 -0.127157 0.981203 0.378345 -0.988768 0.0170261 0.148485 -0.482237 -0.035587 -0.991736 -0.123257 0.441039 
1535384831002 0.234126 0.93027 -0.282459 -0.628108 -0.946055 0.284934 0.154249 -0.239858 0.223975 0.231108 0.946797 0.376569 0.145773 -0.128028 0.980999 0.378355 -0.988701 0.0161714 0.149028 -0.482135 -0.0349438 -0.991639 -0.124224 0.441274 
1535384831018 0.234157 0.930194 -0.282684 -0.627817 -0.94603 0.285018 0.154247 -0.239724 0.224049 0.231309 0.94673 0.376686 0.146059 -0.127406 0.981037 0.378386 -0.988713 0.0146329 0.149102 -0.482241 -0.0333519 -0.991743 -0.12383 0.441201 
1535384831207 0.234189 0.930117 -0.282909 -0.627521 -0.946004 0.285105 0.154245 -0.239588 0.224124 0.231511 0.946663 0.376804 0.146444 -0.126917 0.981043 0.378412 -0.98871 0.0130249 0.149274 -0.482345 -0.0317234 -0.991828 -0.123577 0.441127 
1535384831394 0.234221 0.93004 -0.283136 -0.627223 -0.945978 0.285191 0.154243 -0.239452 0.2242 0.231713 0.946596 0.376922 0.146828 -0.126428 0.981049 0.378438 -0.988704 0.011417 0.149445 -0.482448 -0.0300947 -0.99191 -0.123324 0.441053 
1535384831570 0.234253 0.929963 -0.283362 -0.626926 -0.945953 0.285278 0.154241 -0.239315 0.224275 0.231915 0.946528 0.377041 0.147211 -0.125939 0.981055 0.378465 -0.988695 0.00980905 0.149617 -0.482552 -0.0284658 -0.99199 -0.123071 0.440979 
1535384831739 0.234284 0.929887 -0.283587 -0.626631 -0.945927 0.285364 0.154239 -0.23918 0.22435 0.232117 0.946461 0.377158 0.147594 -0.125448 0.98106 0.378491 -0.988684 0.00820124 0.149789 -0.482656 -0.0268367 -0.992066 -0.122818 0.440904 
1535384831913 0.234316 0.92981 -0.283813 -0.626334 -0.945901 0.28545 0.154236 -0.239043 0.224425 0.232319 0.946394 0.377277 0.147976 -0.124957 0.981065 0.378517 -0.98867 0.00659345 0.149962 -0.482759 -0.0252075 -0.99214 -0.122566 0.44083 
1535384832095 0.234348 0.929733 -0.284039 -0.626038 -0.945876 0.285536 0.154234 -0.238907 0.2245 0.232521 0.946326 0.377395 0.148356 -0.124466 0.98107 0.378543 -0.988653 0.00498576 0.150136 -0.482863 -0.0235781 -0.992211 -0.122314 0.440756 
1535384832271 0.23438 0.929656 -0.284265 -0.62574 -0.94585 0.285623 0.154232 -0.238771 0.224575 0.232723 0.946259 0.377513 0.148736 -0.123974 0.981075 0.378569 -0.988633 0.00337816 0.150309 -0.482966 -0.0219486 -0.99228 -0.122062 0.440682 
1535384832460 0.234411 0.929579 -0.284491 -0.625444 -0.945824 0.285709 0.15423 -0.238635 0.224651 0.232925 0.946191 0.377631 0.149116 -0.123481 0.98108 0.378596 -0.988611 0.00177057 0.150483 -0.48307 -0.0203189 -0.992345 -0.12181 0.440608 
1535384832665 0.234432 0.929614 -0.284357 -0.625626 -0.945849 0.285676 0.154142 -0.238771 0.224526 0.232823 0.946246 0.377541 0.149017 -0.123751 0.98106 0.378597 -0.988604 0.00277731 0.150513 -0.482972 -0.0213508 -0.992309 -0.121927 0.440645 
1535384832681 0.234428 0.929481 -0.284796 -0.625399 -0.945737 0.285862 0.154483 -0.23869 0.225002 0.233127 0.946058 0.37765 0.148814 -0.123426 0.981132 0.378595 -0.988656 0.00183862 0.150187 -0.482987 -0.0203409 -0.992352 -0.121753 0.440611 
1535384832697 0.234425 0.929347 -0.285236 -0.625168 -0.945624 0.28605 0.154824 -0.238607 0.225477 0.233432 0.94587 0.377759 0.148609 -0.123102 0.981204 0.378593 -0.988707 0.000899674 0.149859 -0.483002 -0.0193307 -0.992394 -0.121579 0.440577 
1535384832853 0.234422 0.929212 -0.285676 -0.624938 -0.945512 0.286237 0.155164 -0.238524 0.225952 0.233736 0.945681 0.377869 0.148405 -0.122779 0.981275 0.378591 -0.988757 -3.94132e-05 0.149531 -0.483017 -0.0183206 -0.992434 -0.121404 0.440543 
1535384832992 0.234418 0.929078 -0.286116 -0.624707 -0.945399 0.286425 0.155504 -0.238441 0.226426 0.234041 0.945492 0.377978 0.148201 -0.122456 0.981347 0.378589 -0.988806 -0.000978705 0.149205 -0.483032 -0.0173106 -0.992473 -0.12123 0.440509 
1535384833129 0.234414 0.928943 -0.286556 -0.624475 -0.945286 0.286613 0.155844 -0.238358 0.226901 0.234346 0.945303 0.378088 0.147996 -0.122133 0.981418 0.378588 -0.988854 -0.00191799 0.148878 -0.483047 -0.0163005 -0.992512 -0.121055 0.440476 
1535384833264 0.23441 0.928808 -0.286996 -0.624245 -0.945173 0.2868 0.156184 -0.238275 0.227376 0.23465 0.945114 0.378198 0.14779 -0.12181 0.981489 0.378586 -0.988901 -0.00285741 0.148552 -0.483062 -0.0152905 -0.992549 -0.12088 0.440442 
1535384833387 0.234406 0.928673 -0.287436 -0.624013 -0.94506 0.286988 0.156524 -0.238192 0.227851 0.234954 0.944924 0.378307 0.147584 -0.121487 0.98156 0.378584 -0.988946 -0.0037969 0.148225 -0.483077 -0.0142805 -0.992586 -0.120704 0.440408 
1535384833523 0.234402 0.928538 -0.287876 -0.623783 -0.944946 0.287176 0.156864 -0.238109 0.228325 0.235258 0.944733 0.378417 0.147378 -0.121164 0.981631 0.378582 -0.988991 -0.00473653 0.147899 -0.483092 -0.0132705 -0.992621 -0.120528 0.440374 
1535384833635 0.234397 0.928403 -0.288316 -0.623552 -0.944833 0.287364 0.157203 -0.238027 0.2288 0.235562 0.944543 0.378526 0.147172 -0.120842 0.981701 0.37858 -0.989035 -0.00567626 0.147573 -0.483107 -0.0122606 -0.992656 -0.120352 0.44034 
1535384833783 0.234292 0.928519 -0.288026 -0.623746 -0.944947 0.287125 0.156956 -0.238036 0.228436 0.235396 0.944672 0.378444 0.147469 -0.121324 0.981597 0.378605 -0.988971 -0.00430612 0.148045 -0.483082 -0.0137345 -0.992604 -0.120621 0.440321 
1535384833804 0.234398 0.928419 -0.288264 -0.623543 -0.944893 0.287294 0.156969 -0.237969 0.22855 0.235586 0.944597 0.378522 0.148109 -0.1213 0.981504 0.378611 -0.988896 -0.00595172 0.148489 -0.483219 -0.01217 -0.992598 -0.120835 0.44036 
1535384833972 0.234503 0.928318 -0.288503 -0.623335 -0.944839 0.287464 0.156982 -0.2379 0.228663 0.235776 0.944523 0.378601 0.14875 -0.121274 0.98141 0.378617 -0.988818 -0.00759743 0.148934 -0.483359 -0.0106056 -0.99259 -0.121048 0.440399 
1535384834141 0.234609 0.928217 -0.288741 -0.623128 -0.944786 0.287633 0.156995 -0.237831 0.228777 0.235966 0.944448 0.37868 0.14939 -0.121247 0.981316 0.378624 -0.988737 -0.00924309 0.149378 -0.483498 -0.00904124 -0.992579 -0.121262 0.440438 
1535384834300 0.234715 0.928116 -0.288979 -0.62292 -0.944732 0.287803 0.157007 -0.237761 0.22889 0.236156 0.944373 0.378759 0.150031 -0.121219 0.981222 0.37863 -0.988653 -0.0108887 0.149822 -0.483637 -0.00747702 -0.992566 -0.121477 0.440477 
1535384834490 0.234821 0.928015 -0.289218 -0.622711 -0.944678 0.287973 0.15702 -0.237692 0.229003 0.236346 0.944298 0.378838 0.150672 -0.12119 0.981127 0.378637 -0.988566 -0.0125344 0.150266 -0.483777 -0.00591291 -0.99255 -0.121693 0.440516 
1535384834645 0.234927 0.927914 -0.289456 -0.622503 -0.944624 0.288143 0.157032 -0.237622 0.229117 0.236537 0.944222 0.378917 0.151313 -0.12116 0.981033 0.378644 -0.988476 -0.01418 0.15071 -0.483916 -0.00434894 -0.992532 -0.121909 0.440555 
1535384834810 0.235033 0.927813 -0.289695 -0.622296 -0.94457 0.288312 0.157045 -0.237553 0.22923 0.236726 0.944147 0.378995 0.151953 -0.121129 0.980937 0.37865 -0.988384 -0.0158254 0.151152 -0.484055 -0.0027851 -0.992511 -0.122126 0.440594 
1535384834979 0.235138 0.927712 -0.289933 -0.622088 -0.944516 0.288482 0.157057 -0.237484 0.229344 0.236916 0.944072 0.379074 0.152593 -0.121096 0.980842 0.378657 -0.988288 -0.0174708 0.151595 -0.484194 -0.0012214 -0.992487 -0.122344 0.440633 
1535384835142 0.235244 0.92761 -0.290171 -0.621879 -0.944463 0.288652 0.157069 -0.237414 0.229457 0.237106 0.943997 0.379153 0.153233 -0.121063 0.980746 0.378663 -0.98819 -0.0191162 0.152037 -0.484334 0.000342168 -0.992461 -0.122562 0.440672 
1535384835336 0.235047 0.927788 -0.289764 -0.622107 -0.944526 0.28838 0.157187 -0.237378 0.229398 0.236743 0.944102 0.379139 0.152664 -0.12108 0.980833 0.378665 -0.988278 -0.0179429 0.151608 -0.484273 -0.000757672 -0.992481 -0.1224 0.440681 
1535384835351 0.235099 0.927791 -0.289711 -0.62194 -0.944511 0.288423 0.157199 -0.237327 0.229407 0.236678 0.944117 0.379171 0.153021 -0.121243 0.980757 0.378663 -0.988223 -0.0188786 0.151852 -0.484372 0.000104324 -0.992443 -0.122704 0.440731 
1535384835367 0.235153 0.927793 -0.289659 -0.621769 -0.944495 0.288468 0.15721 -0.237273 0.229416 0.236613 0.944131 0.379205 0.153379 -0.121407 0.980681 0.378661 -0.988167 -0.0198148 0.152097 -0.484473 0.000966418 -0.992405 -0.12301 0.44078 
1535384835386 0.235207 0.927796 -0.289607 -0.621598 -0.94448 0.288513 0.157222 -0.23722 0.229425 0.236549 0.944145 0.379238 0.153737 -0.12157 0.980605 0.37866 -0.98811 -0.020751 0.152341 -0.484574 0.00182839 -0.992366 -0.123315 0.44083 
1535384835566 0.235261 0.927798 -0.289555 -0.621426 -0.944464 0.288558 0.157233 -0.237167 0.229434 0.236484 0.944159 0.379271 0.154095 -0.121733 0.980528 0.378658 -0.988052 -0.0216872 0.152585 -0.484675 0.00269026 -0.992326 -0.123621 0.44088 
1535384835605 0.235315 0.927801 -0.289503 -0.621256 -0.944448 0.288603 0.157245 -0.237114 0.229443 0.236419 0.944173 0.379304 0.154453 -0.121896 0.980452 0.378657 -0.987994 -0.0226234 0.152829 -0.484776 0.00355199 -0.992285 -0.123927 0.440929 
1535384835732 0.235369 0.927803 -0.289452 -0.621084 -0.944433 0.288648 0.157256 -0.23706 0.229452 0.236354 0.944187 0.379337 0.154812 -0.122058 0.980375 0.378655 -0.987934 -0.0235597 0.153072 -0.484877 0.00441363 -0.992243 -0.124233 0.440979 
1535384835769 0.235423 0.927806 -0.2894 -0.620913 -0.944417 0.288692 0.157267 -0.237007 0.229461 0.23629 0.944201 0.37937 0.15517 -0.12222 0.980298 0.378654 -0.987874 -0.0244959 0.153315 -0.484978 0.00527514 -0.992201 -0.124539 0.441029 
1535384835908 0.235477 0.927808 -0.289348 -0.620741 -0.944401 0.288738 0.157279 -0.236953 0.22947 0.236225 0.944215 0.379404 0.15553 -0.122381 0.980221 0.378653 -0.987812 -0.0254323 0.153559 -0.485079 0.00613656 -0.992157 -0.124845 0.441078 
1535384835979 0.235531 0.927811 -0.289296 -0.62057 -0.944386 0.288782 0.15729 -0.2369 0.229479 0.23616 0.944229 0.379437 0.155888 -0.122543 0.980144 0.378651 -0.98775 -0.0263686 0.153801 -0.48518 0.00699783 -0.992113 -0.125152 0.441128 
1535384836099 0.235551 0.927806 -0.289296 -0.62079 -0.944423 0.288758 0.157113 -0.237057 0.229307 0.236209 0.944258 0.379437 0.155461 -0.122259 0.980247 0.378662 -0.987825 -0.0250897 0.153534 -0.485016 0.00582325 -0.992181 -0.124671 0.441078 
1535384836109 0.235555 0.927867 -0.289095 -0.620554 -0.944407 0.288744 0.157236 -0.236943 0.229368 0.235986 0.944299 0.379483 0.155374 -0.12229 0.980257 0.378651 -0.987842 -0.0245084 0.153518 -0.485124 0.00525083 -0.992192 -0.124611 0.441058 
1535384836118 0.235559 0.927928 -0.288897 -0.620312 -0.944391 0.288729 0.157358 -0.236827 0.22943 0.235764 0.94434 0.37953 0.155288 -0.122321 0.980267 0.378639 -0.987858 -0.0239272 0.153505 -0.485233 0.00467815 -0.992202 -0.124552 0.441039 
1535384836128 0.235564 0.927989 -0.288698 -0.620069 -0.944375 0.288715 0.15748 -0.23671 0.229491 0.235543 0.94438 0.379578 0.155202 -0.122353 0.980277 0.378628 -0.987874 -0.023346 0.153491 -0.485342 0.00410546 -0.992212 -0.124492 0.441019 
1535384836322 0.235568 0.92805 -0.288499 -0.619829 -0.944359 0.288701 0.157602 -0.236594 0.229553 0.235321 0.94442 0.379625 0.155117 -0.122384 0.980286 0.378617 -0.98789 -0.0227648 0.153478 -0.48545 0.00353277 -0.992222 -0.124433 0.441 
1535384836369 0.235572 0.92811 -0.2883 -0.619587 -0.944343 0.288686 0.157724 -0.236477 0.229614 0.235099 0.944461 0.379672 0.15503 -0.122416 0.980296 0.378606 -0.987905 -0.0221835 0.153464 -0.485559 0.00296006 -0.992231 -0.124374 0.44098 
1535384836509 0.235576 0.928171 -0.288102 -0.619345 -0.944327 0.288672 0.157846 -0.23636 0.229675 0.234877 0.944501 0.379719 0.154945 -0.122447 0.980306 0.378595 -0.98792 -0.0216023 0.15345 -0.485668 0.00238736 -0.99224 -0.124315 0.44096 
1535384836560 0.23558 0.928232 -0.287903 -0.619104 -0.944311 0.288657 0.157969 -0.236244 0.229737 0.234655 0.944541 0.379766 0.154859 -0.122478 0.980315 0.378583 -0.987935 -0.021021 0.153436 -0.485777 0.00181464 -0.992249 -0.124256 0.440941 
1535384836689 0.235585 0.928292 -0.287704 -0.618861 -0.944295 0.288643 0.158091 -0.236127 0.229798 0.234434 0.944581 0.379814 0.154773 -0.122509 0.980325 0.378572 -0.987949 -0.0204398 0.153423 -0.485885 0.00124193 -0.992257 -0.124197 0.440921 
1535384836755 0.235589 0.928353 -0.287505 -0.61862 -0.944279 0.288628 0.158213 -0.236011 0.22986 0.234212 0.944621 0.379861 0.154687 -0.122541 0.980334 0.378561 -0.987963 -0.0198585 0.153409 -0.485994 0.000669206 -0.992265 -0.124137 0.440902 
1535384836912 0.23547 0.92835 -0.287612 -0.618876 -0.944345 0.288495 0.158059 -0.236084 0.229709 0.234387 0.944615 0.379811 0.154924 -0.122414 0.980313 0.378628 -0.987925 -0.0209558 0.15351 -0.485727 0.0017515 -0.992258 -0.124182 0.440985 
1535384836923 0.235551 0.928362 -0.287506 -0.618491 -0.944308 0.288572 0.15814 -0.235951 0.229777 0.234244 0.944633 0.379914 0.15411 -0.121149 0.980598 0.378585 -0.988054 -0.0191853 0.152912 -0.485801 0.000287925 -0.992449 -0.122659 0.440731 
1535384837090 0.235633 0.928374 -0.287401 -0.618101 -0.944271 0.288649 0.15822 -0.235815 0.229845 0.234103 0.944652 0.380018 0.153299 -0.119884 0.980881 0.378541 -0.988179 -0.0174146 0.152311 -0.485874 -0.0011779 -0.992635 -0.121136 0.440477 
1535384837280 0.235715 0.928386 -0.287296 -0.617712 -0.944234 0.288726 0.1583 -0.23568 0.229913 0.233961 0.94467 0.380122 0.152489 -0.118616 0.981161 0.378498 -0.988302 -0.0156447 0.151707 -0.485947 -0.00264497 -0.992817 -0.119614 0.440223 
1535384837471 0.235797 0.928397 -0.287191 -0.617322 -0.944197 0.288803 0.15838 -0.235544 0.229981 0.233819 0.944689 0.380226 0.151681 -0.117347 0.981439 0.378454 -0.988421 -0.0138755 0.151101 -0.48602 -0.00411329 -0.992994 -0.118093 0.439969 
1535384837645 0.235878 0.928409 -0.287086 -0.616931 -0.94416 0.28888 0.15846 -0.235408 0.230049 0.233678 0.944707 0.380331 0.150875 -0.116076 0.981714 0.378411 -0.988537 -0.0121071 0.150492 -0.486092 -0.00558286 -0.993167 -0.116572 0.439715 
1535384837824 0.23596 0.928421 -0.286981 -0.616542 -0.944123 0.288957 0.15854 -0.235273 0.230117 0.233536 0.944726 0.380435 0.150071 -0.114804 0.981987 0.378367 -0.98865 -0.0103394 0.14988 -0.486166 -0.00705364 -0.993334 -0.115052 0.439461 
1535384837998 0.236042 0.928432 -0.286876 -0.616152 -0.944086 0.289034 0.15862 -0.235137 0.230185 0.233395 0.944744 0.380539 0.149268 -0.11353 0.982258 0.378324 -0.98876 -0.00857246 0.149265 -0.486238 -0.00852567 -0.993498 -0.113533 0.439207 
1535384838180 0.236124 0.928444 -0.286771 -0.615762 -0.944049 0.289111 0.1587 -0.235002 0.230253 0.233253 0.944763 0.380643 0.148467 -0.112254 0.982526 0.37828 -0.988867 -0.00680633 0.148648 -0.486311 -0.0099989 -0.993656 -0.112015 0.438953 
1535384838348 0.236205 0.928456 -0.286665 -0.615373 -0.944012 0.289187 0.15878 -0.234866 0.230321 0.233111 0.944781 0.380747 0.147669 -0.110976 0.982791 0.378237 -0.98897 -0.00504099 0.148028 -0.486385 -0.0114733 -0.99381 -0.110497 0.438699 
1535384838550 0.23625 0.928456 -0.286628 -0.61558 -0.944045 0.289179 0.1586 -0.235007 0.23014 0.23312 0.944823 0.38072 0.148338 -0.111877 0.982588 0.378276 -0.988883 -0.00641731 0.148557 -0.486305 -0.0103145 -0.993701 -0.111585 0.438922 
1535384838577 0.236394 0.928389 -0.286725 -0.615285 -0.943955 0.289388 0.158758 -0.234895 0.230364 0.233126 0.944767 0.380809 0.148396 -0.111361 0.982638 0.378271 -0.988869 -0.00584398 0.148675 -0.486443 -0.010814 -0.993763 -0.110989 0.438813 
1535384838710 0.236539 0.928322 -0.286824 -0.614984 -0.943864 0.289599 0.158915 -0.23478 0.230588 0.233133 0.944711 0.380899 0.148455 -0.110846 0.982687 0.378267 -0.988854 -0.00526959 0.148792 -0.486582 -0.0113146 -0.993824 -0.110392 0.438705 
1535384838865 0.236684 0.928254 -0.286923 -0.614683 -0.943772 0.28981 0.159073 -0.234664 0.230813 0.23314 0.944654 0.380989 0.148514 -0.11033 0.982736 0.378263 -0.98884 -0.00469511 0.148909 -0.486722 -0.0118151 -0.993884 -0.109796 0.438596 
1535384839015 0.236828 0.928187 -0.287022 -0.614382 -0.943681 0.29002 0.15923 -0.234549 0.231038 0.233147 0.944597 0.381079 0.148574 -0.109815 0.982785 0.378259 -0.988825 -0.0041206 0.149026 -0.486861 -0.0123156 -0.993944 -0.1092 0.438487 
1535384839171 0.236973 0.92812 -0.28712 -0.614082 -0.94359 0.290231 0.159388 -0.234434 0.231262 0.233153 0.944541 0.381169 0.148633 -0.109299 0.982834 0.378254 -0.988809 -0.00354598 0.149143 -0.487 -0.0128161 -0.994003 -0.108603 0.438378 
