1532459330997 -0.0382732 0.632766 -0.773397 -0.50002 -0.921401 -0.321877 -0.217751 -0.306769 -0.386724 0.704275 0.59535 0.404383 0.16008 -0.304787 0.938871 0.370831 -0.775623 0.549475 0.310623 -0.528794 -0.61056 -0.777934 -0.14844 0.432481 
1532459331011 -0.0145009 0.642396 -0.766236 -0.508807 -0.950849 -0.245918 -0.188178 -0.295505 -0.309315 0.725846 0.614388 0.407515 0.316305 -0.38429 0.867336 0.400738 -0.930106 -0.305553 0.203815 -0.506322 0.186693 -0.871182 -0.454078 0.485854 
1532459331017 0.010193 0.650052 -0.759821 -0.517582 -0.973174 -0.16821 -0.156964 -0.28422 -0.229844 0.741038 0.630899 0.410638 0.316242 -0.384853 0.86711 0.400828 -0.929997 -0.306262 0.203248 -0.504438 0.187342 -0.870685 -0.454765 0.485876 
1532459332516 0.0356189 0.655669 -0.754208 -0.526356 -0.98821 -0.0893394 -0.124337 -0.272935 -0.148904 0.749744 0.644757 0.413761 0.316223 -0.384857 0.867115 0.40079 -0.930001 -0.306263 0.203227 -0.50432 0.187352 -0.870683 -0.454765 0.485866 
1532459333587 0.0615856 0.659205 -0.749437 -0.535129 -0.995843 -0.00989968 -0.0905419 -0.261651 -0.0671049 0.751898 0.655855 0.416884 0.316222 -0.384859 0.867114 0.40079 -0.930002 -0.306263 0.203224 -0.504311 0.187352 -0.870682 -0.454766 0.485866 
1532459334682 0.0878979 0.660633 -0.745546 -0.543902 -0.996017 0.0695122 -0.0558326 -0.250368 0.0149397 0.747484 0.664112 0.420007 0.316221 -0.384861 0.867114 0.400793 -0.930002 -0.306262 0.203224 -0.50431 0.187352 -0.870681 -0.454768 0.485867 
1532459335751 0.114358 0.659942 -0.742562 -0.552675 -0.988731 0.148299 -0.0204702 -0.239086 0.096612 0.736535 0.669464 0.42313 0.316221 -0.384862 0.867114 0.400795 -0.930002 -0.306262 0.203223 -0.504309 0.187351 -0.870681 -0.454769 0.485868 
1532459336816 0.140766 0.657138 -0.740509 -0.561446 -0.974038 0.225868 0.0152793 -0.227805 0.177298 0.719134 0.671872 0.426254 0.316221 -0.384862 0.867113 0.400796 -0.930002 -0.306262 0.203223 -0.50431 0.187351 -0.870681 -0.454769 0.485869 
1532459337866 0.166925 0.652242 -0.739403 -0.570203 -0.95205 0.301635 0.0511475 -0.216524 0.256391 0.695411 0.671318 0.429381 0.316222 -0.384863 0.867112 0.400802 -0.930002 -0.306262 0.203225 -0.504318 0.18735 -0.87068 -0.45477 0.485871 
1532459338940 0.192629 0.645319 -0.739228 -0.578635 -0.922972 0.374949 0.0868074 -0.205394 0.333191 0.665565 0.667837 0.432543 0.316241 -0.384881 0.867098 0.400852 -0.930001 -0.306251 0.203245 -0.504415 0.187325 -0.870676 -0.454789 0.485928 
1532459340170 0.19258 0.645312 -0.739246 -0.578629 -0.922991 0.374901 0.0868163 -0.205407 0.333167 0.665599 0.667816 0.432569 0.316241 -0.384881 0.867098 0.400852 -0.930001 -0.306251 0.203245 -0.504415 0.187325 -0.870676 -0.454789 0.485928 
1532459340181 0.195125 0.644503 -0.739285 -0.579543 -0.91969 0.382103 0.0903742 -0.20426 0.340729 0.662278 0.667301 0.432872 0.316221 -0.384863 0.867113 0.4008 -0.930002 -0.306262 0.203223 -0.504313 0.187351 -0.87068 -0.45477 0.485869 
1532459340595 0.197665 0.643675 -0.739331 -0.580456 -0.916319 0.389276 0.0939279 -0.203113 0.348263 0.658897 0.666759 0.433176 0.31622 -0.384862 0.867113 0.400795 -0.930002 -0.306262 0.203222 -0.504305 0.187352 -0.87068 -0.454769 0.485867 
1532459341024 0.200196 0.642827 -0.739388 -0.58137 -0.91288 0.396418 0.0974767 -0.201966 0.355768 0.655459 0.666185 0.433479 0.316221 -0.384863 0.867113 0.400795 -0.930002 -0.306262 0.203223 -0.504304 0.187351 -0.87068 -0.45477 0.485867 
1532459341443 0.202721 0.641959 -0.739455 -0.582284 -0.909373 0.40353 0.101021 -0.200819 0.363243 0.651961 0.665584 0.433782 0.31622 -0.384863 0.867113 0.400795 -0.930002 -0.306262 0.203222 -0.504304 0.187351 -0.87068 -0.454769 0.485867 
1532459341871 0.205239 0.641071 -0.73953 -0.583197 -0.905796 0.41061 0.104559 -0.199672 0.370688 0.648404 0.664953 0.434086 0.31622 -0.384863 0.867113 0.400795 -0.930002 -0.306262 0.203222 -0.504304 0.187352 -0.87068 -0.454769 0.485867 
1532459342304 0.20775 0.640163 -0.739616 -0.584111 -0.902152 0.417658 0.108092 -0.198525 0.378103 0.64479 0.664292 0.434389 0.31622 -0.384863 0.867113 0.400795 -0.930002 -0.306262 0.203222 -0.504304 0.187352 -0.87068 -0.454769 0.485867 
1532459342311 0.210254 0.639235 -0.739711 -0.585024 -0.898439 0.424674 0.11162 -0.197377 0.385487 0.641117 0.663603 0.434692 0.31622 -0.384863 0.867113 0.400795 -0.930002 -0.306262 0.203222 -0.504304 0.187352 -0.87068 -0.454769 0.485867 
1532459342871 0.212749 0.638288 -0.739815 -0.585936 -0.89466 0.431656 0.115141 -0.19623 0.392839 0.637387 0.662885 0.434996 0.31622 -0.384863 0.867113 0.400795 -0.930002 -0.306262 0.203222 -0.504304 0.187352 -0.87068 -0.454769 0.485867 
1532459343296 0.215235 0.637322 -0.739928 -0.586819 -0.890817 0.438597 0.11865 -0.195097 0.400149 0.633603 0.662139 0.435303 0.31622 -0.384863 0.867113 0.400795 -0.930002 -0.306262 0.203222 -0.504304 0.187352 -0.87068 -0.454769 0.485867 
1532459343729 0.215247 0.637297 -0.739947 -0.586824 -0.89084 0.438567 0.118585 -0.195131 0.40009 0.63365 0.66213 0.435313 0.31622 -0.384863 0.867113 0.400795 -0.930002 -0.306262 0.203222 -0.504304 0.187352 -0.87068 -0.454769 0.485867 
1532459343742 0.215493 0.637202 -0.739957 -0.586918 -0.89045 0.439263 0.118944 -0.195011 0.400827 0.633263 0.662054 0.435342 0.31622 -0.384863 0.867113 0.400795 -0.930002 -0.306262 0.203222 -0.504304 0.187352 -0.87068 -0.454769 0.485867 
1532459343961 0.21574 0.637107 -0.739967 -0.587012 -0.890058 0.439959 0.119302 -0.194892 0.401564 0.632875 0.661978 0.435371 0.31622 -0.384863 0.867113 0.400795 -0.930002 -0.306262 0.203222 -0.504304 0.187352 -0.87068 -0.454769 0.485867 
1532459344180 0.215988 0.637011 -0.739978 -0.587106 -0.889665 0.440656 0.11966 -0.194773 0.4023 0.632487 0.661902 0.4354 0.31622 -0.384863 0.867113 0.400795 -0.930002 -0.306262 0.203222 -0.504304 0.187352 -0.87068 -0.454769 0.485867 
1532459344407 0.216235 0.636915 -0.739988 -0.5872 -0.889272 0.441351 0.120018 -0.194653 0.403036 0.632099 0.661826 0.435429 0.31622 -0.384863 0.867113 0.400795 -0.930002 -0.306262 0.203222 -0.504304 0.187352 -0.87068 -0.454769 0.485867 
1532459344671 0.216482 0.636819 -0.739998 -0.587294 -0.888878 0.442047 0.120375 -0.194534 0.403771 0.631709 0.661749 0.435458 0.31622 -0.384863 0.867113 0.400795 -0.930002 -0.306262 0.203222 -0.504304 0.187352 -0.87068 -0.454769 0.485867 
1532459344678 0.216728 0.636722 -0.740009 -0.587389 -0.888484 0.442741 0.120733 -0.194414 0.404506 0.63132 0.661672 0.435486 0.31622 -0.384863 0.867113 0.400795 -0.930002 -0.306262 0.203222 -0.504304 0.187352 -0.87068 -0.454769 0.485867 
1532459344904 0.216976 0.636626 -0.74002 -0.587483 -0.888088 0.443437 0.121091 -0.194295 0.405242 0.630929 0.661595 0.435515 0.31622 -0.384863 0.867113 0.400795 -0.930002 -0.306262 0.203222 -0.504304 0.187352 -0.87068 -0.454769 0.485867 
1532459345155 0.217222 0.636529 -0.740031 -0.587577 -0.887693 0.444131 0.121449 -0.194175 0.405976 0.630539 0.661517 0.435544 0.31622 -0.384863 0.867113 0.400795 -0.930002 -0.306262 0.203222 -0.504304 0.187352 -0.87068 -0.454769 0.485867 
1532459345363 0.217469 0.636432 -0.740042 -0.587667 -0.887296 0.444825 0.121806 -0.194057 0.40671 0.630147 0.661439 0.435574 0.31622 -0.384863 0.867113 0.400795 -0.930002 -0.306262 0.203222 -0.504304 0.187352 -0.87068 -0.454769 0.485867 
1532459345544 0.217473 0.636398 -0.740069 -0.587644 -0.887339 0.444765 0.121712 -0.194094 0.406614 0.630223 0.661426 0.435527 0.31622 -0.384863 0.867113 0.400795 -0.930002 -0.306262 0.203222 -0.504304 0.187352 -0.87068 -0.454769 0.485867 
1532459345715 0.218403 0.635912 -0.740214 -0.587766 -0.887521 0.444797 0.120255 -0.193855 0.405717 0.630691 0.66153 0.435438 0.31622 -0.384863 0.867113 0.400795 -0.930002 -0.306262 0.203222 -0.504304 0.187352 -0.87068 -0.454769 0.485867 
1532459345955 0.219333 0.635424 -0.740357 -0.587888 -0.887702 0.444829 0.118798 -0.193617 0.404819 0.63116 0.661633 0.435348 0.31622 -0.384863 0.867113 0.400795 -0.930002 -0.306262 0.203222 -0.504304 0.187352 -0.87068 -0.454769 0.485867 
1532459346196 0.220264 0.634937 -0.740499 -0.58801 -0.88788 0.44486 0.11734 -0.193378 0.403922 0.631629 0.661734 0.435259 0.31622 -0.384863 0.867113 0.400795 -0.930002 -0.306262 0.203222 -0.504304 0.187352 -0.87068 -0.454769 0.485867 
1532459346411 0.221195 0.634449 -0.74064 -0.588132 -0.888056 0.44489 0.115882 -0.193139 0.403024 0.632097 0.661834 0.43517 0.31622 -0.384863 0.867113 0.400795 -0.930002 -0.306262 0.203222 -0.504304 0.187352 -0.87068 -0.454769 0.485867 
1532459346637 0.222126 0.633961 -0.740779 -0.588254 -0.888231 0.444919 0.114423 -0.1929 0.402126 0.632566 0.661932 0.43508 0.31622 -0.384863 0.867113 0.400795 -0.930002 -0.306262 0.203222 -0.504304 0.187352 -0.87068 -0.454769 0.485867 
1532459346869 0.223057 0.633474 -0.740916 -0.588376 -0.888404 0.444947 0.112965 -0.192661 0.401228 0.633035 0.662029 0.434991 0.31622 -0.384863 0.867113 0.400795 -0.930002 -0.306262 0.203222 -0.504304 0.187352 -0.87068 -0.454769 0.485867 
1532459347104 0.223989 0.632986 -0.741052 -0.588498 -0.888575 0.444974 0.111506 -0.192423 0.40033 0.633504 0.662124 0.434902 0.31622 -0.384863 0.867113 0.400795 -0.930002 -0.306262 0.203222 -0.504304 0.187352 -0.87068 -0.454769 0.485867 
1532459347319 0.22492 0.632498 -0.741186 -0.58862 -0.888743 0.445 0.110047 -0.192184 0.399432 0.633973 0.662218 0.434813 0.31622 -0.384863 0.867113 0.400795 -0.930002 -0.306262 0.203222 -0.504304 0.187352 -0.87068 -0.454769 0.485867 
1532459347535 0.225848 0.632012 -0.741319 -0.588738 -0.88891 0.445024 0.108593 -0.191956 0.398537 0.63444 0.66231 0.434723 0.31622 -0.384863 0.867113 0.400795 -0.930002 -0.306262 0.203222 -0.504304 0.187352 -0.87068 -0.454769 0.485867 
1532459347775 0.225931 0.632058 -0.741254 -0.588721 -0.888883 0.44508 0.108586 -0.191986 0.39855 0.634355 0.662383 0.434735 0.31622 -0.384863 0.867113 0.400795 -0.930002 -0.306262 0.203222 -0.504304 0.187352 -0.87068 -0.454769 0.485867 
1532459347788 0.226514 0.631545 -0.741514 -0.588775 -0.888916 0.445238 0.107665 -0.191802 0.398145 0.634756 0.662243 0.434713 0.31622 -0.384863 0.867113 0.400795 -0.930002 -0.306262 0.203222 -0.504304 0.187352 -0.87068 -0.454769 0.485867 
1532459348056 0.227098 0.63103 -0.741773 -0.588829 -0.888949 0.445395 0.106743 -0.191618 0.39774 0.635157 0.662102 0.43469 0.31622 -0.384863 0.867113 0.400795 -0.930002 -0.306262 0.203222 -0.504304 0.187352 -0.87068 -0.454769 0.485867 
1532459348260 0.227681 0.630516 -0.742031 -0.588883 -0.888981 0.445551 0.105821 -0.191434 0.397334 0.635558 0.66196 0.434668 0.31622 -0.384863 0.867113 0.400795 -0.930002 -0.306262 0.203222 -0.504304 0.187352 -0.87068 -0.454769 0.485867 
1532459348485 0.228265 0.630002 -0.742289 -0.588937 -0.889012 0.445706 0.104899 -0.191249 0.396929 0.635959 0.661818 0.434646 0.31622 -0.384863 0.867113 0.400795 -0.930002 -0.306262 0.203222 -0.504304 0.187352 -0.87068 -0.454769 0.485867 
1532459348804 0.228849 0.629487 -0.742546 -0.588991 -0.889043 0.445861 0.103977 -0.191065 0.396524 0.63636 0.661676 0.434623 0.31622 -0.384863 0.867113 0.400795 -0.930002 -0.306262 0.203222 -0.504304 0.187352 -0.87068 -0.454769 0.485867 
1532459349032 0.229432 0.628973 -0.742802 -0.589045 -0.889073 0.446015 0.103055 -0.19088 0.396119 0.636761 0.661533 0.434601 0.31622 -0.384863 0.867113 0.400795 -0.930002 -0.306262 0.203222 -0.504304 0.187352 -0.87068 -0.454769 0.485867 
1532459349037 0.230016 0.628458 -0.743057 -0.589099 -0.889102 0.446168 0.102132 -0.190696 0.395714 0.637161 0.661389 0.434579 0.31622 -0.384863 0.867113 0.400795 -0.930002 -0.306262 0.203222 -0.504304 0.187352 -0.87068 -0.454769 0.485867 
1532459349297 0.2306 0.627943 -0.743311 -0.589153 -0.889131 0.446321 0.10121 -0.190512 0.39531 0.637562 0.661245 0.434556 0.31622 -0.384863 0.867113 0.400795 -0.930002 -0.306262 0.203222 -0.504304 0.187352 -0.87068 -0.454769 0.485867 
1532459349512 0.231182 0.627429 -0.743564 -0.589207 -0.889159 0.446473 0.100291 -0.190336 0.394907 0.637961 0.6611 0.434531 0.31622 -0.384863 0.867113 0.400795 -0.930002 -0.306262 0.203222 -0.504304 0.187352 -0.87068 -0.454769 0.485867 
1532459349754 0.231189 0.627455 -0.74354 -0.589224 -0.889199 0.446406 0.100232 -0.190344 0.394812 0.637983 0.661137 0.4345 0.31622 -0.384863 0.867113 0.400795 -0.930002 -0.306262 0.203222 -0.504304 0.187352 -0.87068 -0.454769 0.485867 
1532459349767 0.231687 0.627169 -0.743627 -0.589356 -0.889028 0.44683 0.0998637 -0.190217 0.394906 0.637968 0.661095 0.434419 0.31622 -0.384863 0.867113 0.400795 -0.930002 -0.306262 0.203222 -0.504304 0.187352 -0.87068 -0.454769 0.485867 
1532459349974 0.232185 0.626882 -0.743713 -0.589489 -0.888856 0.447253 0.0994948 -0.19009 0.394999 0.637952 0.661054 0.434338 0.31622 -0.384863 0.867113 0.400795 -0.930002 -0.306262 0.203222 -0.504304 0.187352 -0.87068 -0.454769 0.485867 
1532459349980 0.232683 0.626596 -0.743798 -0.589621 -0.888685 0.447676 0.0991263 -0.189963 0.395092 0.637937 0.661013 0.434257 0.31622 -0.384863 0.867113 0.400795 -0.930002 -0.306262 0.203222 -0.504304 0.187352 -0.87068 -0.454769 0.485867 
1532459350187 0.23318 0.626309 -0.743884 -0.589753 -0.888513 0.448098 0.0987577 -0.189835 0.395186 0.637922 0.660972 0.434176 0.31622 -0.384863 0.867113 0.400795 -0.930002 -0.306262 0.203222 -0.504304 0.187352 -0.87068 -0.454769 0.485867 
1532459350388 0.233678 0.626023 -0.743969 -0.589886 -0.888341 0.44852 0.098389 -0.189708 0.395279 0.637907 0.660931 0.434095 0.31622 -0.384863 0.867113 0.400795 -0.930002 -0.306262 0.203222 -0.504304 0.187352 -0.87068 -0.454769 0.485867 
1532459350614 0.234175 0.625735 -0.744055 -0.590018 -0.888168 0.448943 0.0980203 -0.189581 0.395373 0.637892 0.660889 0.434014 0.31622 -0.384863 0.867113 0.400795 -0.930002 -0.306262 0.203222 -0.504304 0.187352 -0.87068 -0.454769 0.485867 
1532459350897 0.234672 0.625448 -0.744139 -0.590151 -0.887995 0.449365 0.0976515 -0.189454 0.395466 0.637876 0.660848 0.433933 0.31622 -0.384863 0.867113 0.400795 -0.930002 -0.306262 0.203222 -0.504304 0.187352 -0.87068 -0.454769 0.485867 
1532459351072 0.235169 0.625161 -0.744224 -0.590283 -0.887822 0.449786 0.0972828 -0.189327 0.395559 0.637861 0.660807 0.433852 0.31622 -0.384863 0.867113 0.400795 -0.930002 -0.306262 0.203222 -0.504304 0.187352 -0.87068 -0.454769 0.485867 
1532459351261 0.235665 0.624873 -0.744309 -0.590409 -0.887649 0.450208 0.0969155 -0.189203 0.395654 0.637845 0.660766 0.433773 0.31622 -0.384863 0.867113 0.400795 -0.930002 -0.306262 0.203222 -0.504304 0.187352 -0.87068 -0.454769 0.485867 
1532459351467 0.235803 0.624855 -0.74428 -0.590386 -0.887601 0.450316 0.0968496 -0.18926 0.395679 0.637787 0.660808 0.433795 0.31622 -0.384863 0.867113 0.400795 -0.930002 -0.306262 0.203222 -0.504304 0.187352 -0.87068 -0.454769 0.485867 
1532459351480 0.236261 0.624713 -0.744254 -0.590519 -0.887387 0.450776 0.0966758 -0.18912 0.395886 0.6376 0.660863 0.4337 0.31622 -0.384863 0.867113 0.400795 -0.930002 -0.306262 0.203222 -0.504304 0.187352 -0.87068 -0.454769 0.485867 
1532459351710 0.23672 0.624572 -0.744227 -0.590652 -0.887171 0.451237 0.0965013 -0.188979 0.396095 0.637413 0.660919 0.433606 0.31622 -0.384863 0.867113 0.400795 -0.930002 -0.306262 0.203222 -0.504304 0.187352 -0.87068 -0.454769 0.485867 
1532459351921 0.237179 0.62443 -0.7442 -0.590786 -0.886955 0.451698 0.0963273 -0.188839 0.396303 0.637226 0.660974 0.433511 0.31622 -0.384863 0.867113 0.400795 -0.930002 -0.306262 0.203222 -0.504304 0.187352 -0.87068 -0.454769 0.485867 
1532459352176 0.237637 0.624288 -0.744173 -0.590919 -0.88674 0.452159 0.0961533 -0.188698 0.396512 0.637038 0.66103 0.433416 0.31622 -0.384863 0.867113 0.400795 -0.930002 -0.306262 0.203222 -0.504304 0.187352 -0.87068 -0.454769 0.485867 
1532459352415 0.238096 0.624145 -0.744146 -0.591052 -0.886523 0.452619 0.0959793 -0.188558 0.39672 0.636851 0.661086 0.433322 0.31622 -0.384863 0.867113 0.400795 -0.930002 -0.306262 0.203222 -0.504304 0.187352 -0.87068 -0.454769 0.485867 
1532459352635 0.238554 0.624003 -0.744119 -0.591186 -0.886307 0.45308 0.0958053 -0.188418 0.396928 0.636663 0.661142 0.433227 0.31622 -0.384863 0.867113 0.400795 -0.930002 -0.306262 0.203222 -0.504304 0.187352 -0.87068 -0.454769 0.485867 
1532459352915 0.239013 0.62386 -0.744091 -0.591319 -0.88609 0.45354 0.0956314 -0.188277 0.397136 0.636475 0.661198 0.433132 0.31622 -0.384863 0.867113 0.400795 -0.930002 -0.306262 0.203222 -0.504304 0.187352 -0.87068 -0.454769 0.485867 
1532459353123 0.239471 0.623716 -0.744064 -0.591452 -0.885874 0.454 0.0954575 -0.188137 0.397343 0.636288 0.661254 0.433038 0.31622 -0.384863 0.867113 0.400795 -0.930002 -0.306262 0.203222 -0.504304 0.187352 -0.87068 -0.454769 0.485867 
1532459353368 0.239928 0.623573 -0.744037 -0.591579 -0.885656 0.45446 0.0952847 -0.188 0.397552 0.6361 0.661309 0.432946 0.31622 -0.384863 0.867113 0.400795 -0.930002 -0.306262 0.203222 -0.504304 0.187352 -0.87068 -0.454769 0.485867 
1532459353563 0.239972 0.623503 -0.744081 -0.591558 -0.88558 0.4546 0.0953252 -0.188052 0.397695 0.636068 0.661253 0.432984 0.31622 -0.384863 0.867113 0.400795 -0.930002 -0.306262 0.203222 -0.504304 0.187352 -0.87068 -0.454769 0.485867 
1532459353576 0.240625 0.623336 -0.74401 -0.591665 -0.885236 0.455305 0.0951577 -0.187944 0.398067 0.635727 0.661357 0.432899 0.31622 -0.384863 0.867113 0.400795 -0.930002 -0.306262 0.203222 -0.504304 0.187352 -0.87068 -0.454769 0.485867 
1532459353798 0.241279 0.623169 -0.743939 -0.591773 -0.88489 0.456011 0.0949895 -0.187835 0.398439 0.635385 0.661462 0.432813 0.31622 -0.384863 0.867113 0.400795 -0.930002 -0.306262 0.203222 -0.504304 0.187352 -0.87068 -0.454769 0.485867 
1532459354128 0.241933 0.623001 -0.743867 -0.59188 -0.884544 0.456717 0.0948217 -0.187727 0.398811 0.635043 0.661567 0.432728 0.31622 -0.384863 0.867113 0.400795 -0.930002 -0.306262 0.203222 -0.504304 0.187352 -0.87068 -0.454769 0.485867 
1532459354343 0.242587 0.622833 -0.743795 -0.591988 -0.884198 0.457422 0.094654 -0.187618 0.399182 0.6347 0.661672 0.432642 0.31622 -0.384863 0.867113 0.400795 -0.930002 -0.306262 0.203222 -0.504304 0.187352 -0.87068 -0.454769 0.485867 
1532459354350 0.24324 0.622665 -0.743723 -0.592095 -0.883851 0.458127 0.0944864 -0.18751 0.399553 0.634357 0.661777 0.432557 0.31622 -0.384863 0.867113 0.400795 -0.930002 -0.306262 0.203222 -0.504304 0.187352 -0.87068 -0.454769 0.485867 
1532459354645 0.243893 0.622495 -0.74365 -0.592202 -0.883503 0.458831 0.0943189 -0.187402 0.399923 0.634014 0.661882 0.432471 0.31622 -0.384863 0.867113 0.400795 -0.930002 -0.306262 0.203222 -0.504304 0.187352 -0.87068 -0.454769 0.485867 
1532459354857 0.244546 0.622326 -0.743578 -0.59231 -0.883155 0.459535 0.0941515 -0.187293 0.400293 0.63367 0.661988 0.432386 0.31622 -0.384863 0.867113 0.400795 -0.930002 -0.306262 0.203222 -0.504304 0.187352 -0.87068 -0.454769 0.485867 
1532459355080 0.245199 0.622155 -0.743505 -0.592417 -0.882806 0.46024 0.0939842 -0.187185 0.400664 0.633326 0.662093 0.4323 0.31622 -0.384863 0.867113 0.400795 -0.930002 -0.306262 0.203222 -0.504304 0.187352 -0.87068 -0.454769 0.485867 
1532459355286 0.24585 0.621984 -0.743433 -0.592519 -0.882456 0.460943 0.0938181 -0.18708 0.401034 0.632982 0.662197 0.432219 0.31622 -0.384863 0.867113 0.400795 -0.930002 -0.306262 0.203222 -0.504304 0.187352 -0.87068 -0.454769 0.485867 
1532459355531 0.245886 0.621884 -0.743506 -0.592494 -0.882483 0.460921 0.0936766 -0.18714 0.400954 0.633097 0.662136 0.432158 0.31622 -0.384863 0.867113 0.400795 -0.930002 -0.306262 0.203222 -0.504304 0.187352 -0.87068 -0.454769 0.485867 
1532459355543 0.246633 0.621831 -0.743302 -0.592613 -0.882107 0.461669 0.0935332 -0.187024 0.401321 0.632604 0.662385 0.432069 0.31622 -0.384863 0.867113 0.400795 -0.930002 -0.306262 0.203222 -0.504304 0.187352 -0.87068 -0.454769 0.485867 
1532459355549 0.247382 0.621778 -0.743098 -0.592732 -0.88173 0.462418 0.0933896 -0.186909 0.401689 0.632109 0.662634 0.43198 0.31622 -0.384863 0.867113 0.400795 -0.930002 -0.306262 0.203222 -0.504304 0.187352 -0.87068 -0.454769 0.485867 
1532459355881 0.248129 0.621724 -0.742893 -0.592851 -0.881353 0.463166 0.0932466 -0.186794 0.402057 0.631614 0.662884 0.431891 0.31622 -0.384863 0.867113 0.400795 -0.930002 -0.306262 0.203222 -0.504304 0.187352 -0.87068 -0.454769 0.485867 
1532459356233 0.248877 0.62167 -0.742689 -0.59297 -0.880974 0.463914 0.0931038 -0.186678 0.402423 0.631118 0.663133 0.431802 0.31622 -0.384863 0.867113 0.400795 -0.930002 -0.306262 0.203222 -0.504304 0.187352 -0.87068 -0.454769 0.485867 
1532459356463 0.249624 0.621615 -0.742484 -0.593088 -0.880595 0.464661 0.0929613 -0.186563 0.40279 0.630623 0.663382 0.431713 0.31622 -0.384863 0.867113 0.400795 -0.930002 -0.306262 0.203222 -0.504304 0.187352 -0.87068 -0.454769 0.485867 
1532459356694 0.250372 0.621559 -0.742279 -0.593207 -0.880216 0.465408 0.092819 -0.186447 0.403155 0.630127 0.663631 0.431623 0.31622 -0.384863 0.867113 0.400795 -0.930002 -0.306262 0.203222 -0.504304 0.187352 -0.87068 -0.454769 0.485867 
1532459356908 0.251119 0.621502 -0.742074 -0.593326 -0.879835 0.466156 0.0926771 -0.186332 0.403521 0.62963 0.66388 0.431534 0.31622 -0.384863 0.867113 0.400795 -0.930002 -0.306262 0.203222 -0.504304 0.187352 -0.87068 -0.454769 0.485867 
1532459357126 0.251866 0.621445 -0.741869 -0.593445 -0.879454 0.466902 0.0925353 -0.186216 0.403886 0.629134 0.664129 0.431445 0.31622 -0.384863 0.867113 0.400795 -0.930002 -0.306262 0.203222 -0.504304 0.187352 -0.87068 -0.454769 0.485867 
1532459357344 0.252611 0.621386 -0.741665 -0.593557 -0.879073 0.467648 0.092395 -0.186103 0.404251 0.628637 0.664377 0.431362 0.31622 -0.384863 0.867113 0.400795 -0.930002 -0.306262 0.203222 -0.504304 0.187352 -0.87068 -0.454769 0.485867 
1532459357576 0.252454 0.621393 -0.741713 -0.593556 -0.879118 0.467546 0.0924781 -0.186082 0.40425 0.628707 0.664311 0.431319 0.31622 -0.384863 0.867113 0.400795 -0.930002 -0.306262 0.203222 -0.504304 0.187352 -0.87068 -0.454769 0.485867 
1532459357586 0.253346 0.621133 -0.741626 -0.593669 -0.878603 0.46855 0.0922861 -0.185948 0.404811 0.628215 0.664435 0.431248 0.31622 -0.384863 0.867113 0.400795 -0.930002 -0.306262 0.203222 -0.504304 0.187352 -0.87068 -0.454769 0.485867 
1532459357593 0.254238 0.620874 -0.741538 -0.593781 -0.878087 0.469555 0.0920941 -0.185813 0.405372 0.627721 0.66456 0.431177 0.31622 -0.384863 0.867113 0.400795 -0.930002 -0.306262 0.203222 -0.504304 0.187352 -0.87068 -0.454769 0.485867 
1532459357878 0.255129 0.620614 -0.74145 -0.593894 -0.87757 0.470558 0.0919028 -0.185679 0.405931 0.627227 0.664685 0.431106 0.31622 -0.384863 0.867113 0.400795 -0.930002 -0.306262 0.203222 -0.504304 0.187352 -0.87068 -0.454769 0.485867 
1532459358115 0.256019 0.620352 -0.741362 -0.594006 -0.877052 0.47156 0.0917116 -0.185544 0.40649 0.626732 0.66481 0.431035 0.31622 -0.384863 0.867113 0.400795 -0.930002 -0.306262 0.203222 -0.504304 0.187352 -0.87068 -0.454769 0.485867 
1532459358351 0.25691 0.62009 -0.741273 -0.594119 -0.876532 0.472563 0.0915206 -0.18541 0.407049 0.626237 0.664935 0.430964 0.31622 -0.384863 0.867113 0.400795 -0.930002 -0.306262 0.203222 -0.504304 0.187352 -0.87068 -0.454769 0.485867 
1532459358555 0.2578 0.619826 -0.741184 -0.594232 -0.876011 0.473565 0.0913298 -0.185276 0.407608 0.625741 0.66506 0.430893 0.31622 -0.384863 0.867113 0.400795 -0.930002 -0.306262 0.203222 -0.504304 0.187352 -0.87068 -0.454769 0.485867 
1532459358760 0.25869 0.619562 -0.741095 -0.594344 -0.875489 0.474566 0.0911391 -0.185141 0.408165 0.625244 0.665185 0.430822 0.31622 -0.384863 0.867113 0.400795 -0.930002 -0.306262 0.203222 -0.504304 0.187352 -0.87068 -0.454769 0.485867 
1532459358962 0.259579 0.619296 -0.741007 -0.594456 -0.874966 0.475566 0.0909488 -0.185007 0.408722 0.624747 0.66531 0.430751 0.31622 -0.384863 0.867113 0.400795 -0.930002 -0.306262 0.203222 -0.504304 0.187352 -0.87068 -0.454769 0.485867 
1532459359187 0.260467 0.61903 -0.740918 -0.594564 -0.874442 0.476566 0.0907598 -0.184877 0.409279 0.624249 0.665435 0.430684 0.31622 -0.384863 0.867113 0.400795 -0.930002 -0.306262 0.203222 -0.504304 0.187352 -0.87068 -0.454769 0.485867 
1532459359445 0.260523 0.619043 -0.740887 -0.59454 -0.874453 0.476557 0.0906951 -0.184901 0.409219 0.624243 0.665478 0.430722 0.31622 -0.384863 0.867113 0.400795 -0.930002 -0.306262 0.203222 -0.504304 0.187352 -0.87068 -0.454769 0.485867 
1532459359457 0.261471 0.618849 -0.740715 -0.594652 -0.873985 0.477471 0.0904 -0.184767 0.409614 0.623737 0.665709 0.430636 0.31622 -0.384863 0.867113 0.400795 -0.930002 -0.306262 0.203222 -0.504304 0.187352 -0.87068 -0.454769 0.485867 
1532459359464 0.26242 0.618654 -0.740542 -0.594764 -0.873516 0.478384 0.0901046 -0.184633 0.410007 0.62323 0.665941 0.430551 0.31622 -0.384863 0.867113 0.400795 -0.930002 -0.306262 0.203222 -0.504304 0.187352 -0.87068 -0.454769 0.485867 
1532459359740 0.263368 0.618458 -0.740369 -0.594876 -0.873046 0.479297 0.0898096 -0.184499 0.4104 0.622723 0.666174 0.430465 0.31622 -0.384863 0.867113 0.400795 -0.930002 -0.306262 0.203222 -0.504304 0.187352 -0.87068 -0.454769 0.485867 
1532459359967 0.264317 0.618261 -0.740196 -0.594988 -0.872575 0.480209 0.0895147 -0.184365 0.410792 0.622216 0.666406 0.43038 0.31622 -0.384863 0.867113 0.400795 -0.930002 -0.306262 0.203222 -0.504304 0.187352 -0.87068 -0.454769 0.485867 
1532459360233 0.265264 0.618063 -0.740022 -0.5951 -0.872103 0.48112 0.0892202 -0.184231 0.411183 0.621708 0.666639 0.430294 0.31622 -0.384863 0.867113 0.400795 -0.930002 -0.306262 0.203222 -0.504304 0.187352 -0.87068 -0.454769 0.485867 
1532459360453 0.266213 0.617864 -0.739848 -0.595212 -0.871629 0.482032 0.0889259 -0.184096 0.411575 0.6212 0.666871 0.430208 0.31622 -0.384863 0.867113 0.400795 -0.930002 -0.306262 0.203222 -0.504304 0.187352 -0.87068 -0.454769 0.485867 
1532459360675 0.26716 0.617664 -0.739673 -0.595324 -0.871155 0.482943 0.0886319 -0.183962 0.411964 0.620691 0.667104 0.430123 0.31622 -0.384863 0.867113 0.400795 -0.930002 -0.306262 0.203222 -0.504304 0.187352 -0.87068 -0.454769 0.485867 
1532459360894 0.268107 0.617463 -0.739499 -0.595436 -0.870679 0.483853 0.0883385 -0.183828 0.412354 0.620182 0.667337 0.430037 0.31622 -0.384863 0.867113 0.400795 -0.930002 -0.306262 0.203222 -0.504304 0.187352 -0.87068 -0.454769 0.485867 
1532459361122 0.269052 0.617261 -0.739324 -0.595542 -0.870203 0.484762 0.0880468 -0.183699 0.412744 0.619673 0.667568 0.429957 0.31622 -0.384863 0.867113 0.400795 -0.930002 -0.306262 0.203222 -0.504304 0.187352 -0.87068 -0.454769 0.485867 
1532459361413 0.269179 0.617278 -0.739263 -0.595503 -0.870185 0.484811 0.0879621 -0.183737 0.4127 0.619618 0.667647 0.430002 0.31622 -0.384863 0.867113 0.400795 -0.930002 -0.306262 0.203222 -0.504304 0.187352 -0.87068 -0.454769 0.485867 
1532459361425 0.270173 0.617062 -0.739081 -0.595621 -0.869631 0.485844 0.087737 -0.183587 0.413217 0.619023 0.667878 0.429918 0.31622 -0.384863 0.867113 0.400795 -0.930002 -0.306262 0.203222 -0.504304 0.187352 -0.87068 -0.454769 0.485867 
1532459361635 0.271167 0.616845 -0.738898 -0.595738 -0.869076 0.486876 0.0875124 -0.183437 0.413734 0.618428 0.66811 0.429834 0.31622 -0.384863 0.867113 0.400795 -0.930002 -0.306262 0.203222 -0.504304 0.187352 -0.87068 -0.454769 0.485867 
1532459361865 0.27216 0.616627 -0.738715 -0.595856 -0.86852 0.487908 0.0872881 -0.183287 0.414249 0.617833 0.668342 0.42975 0.31622 -0.384863 0.867113 0.400795 -0.930002 -0.306262 0.203222 -0.504304 0.187352 -0.87068 -0.454769 0.485867 
1532459362091 0.273153 0.616408 -0.738532 -0.595974 -0.867962 0.488939 0.0870642 -0.183137 0.414764 0.617236 0.668574 0.429666 0.31622 -0.384863 0.867113 0.400795 -0.930002 -0.306262 0.203222 -0.504304 0.187352 -0.87068 -0.454769 0.485867 
1532459362312 0.274145 0.616187 -0.738348 -0.596091 -0.867404 0.489969 0.0868405 -0.182987 0.415278 0.616639 0.668806 0.429582 0.31622 -0.384863 0.867113 0.400795 -0.930002 -0.306262 0.203222 -0.504304 0.187352 -0.87068 -0.454769 0.485867 
1532459362518 0.275137 0.615965 -0.738164 -0.596209 -0.866843 0.490999 0.0866174 -0.182836 0.415791 0.616041 0.669038 0.429498 0.31622 -0.384863 0.867113 0.400795 -0.930002 -0.306262 0.203222 -0.504304 0.187352 -0.87068 -0.454769 0.485867 
1532459362763 0.276129 0.615743 -0.73798 -0.596327 -0.866282 0.492028 0.0863943 -0.182686 0.416303 0.615443 0.66927 0.429414 0.31622 -0.384863 0.867113 0.400795 -0.930002 -0.306262 0.203222 -0.504304 0.187352 -0.87068 -0.454769 0.485867 
1532459362983 0.27712 0.615518 -0.737795 -0.596444 -0.865719 0.493057 0.086172 -0.182536 0.416816 0.614843 0.669502 0.42933 0.31622 -0.384863 0.867113 0.400795 -0.930002 -0.306262 0.203222 -0.504304 0.187352 -0.87068 -0.454769 0.485867 
1532459363231 0.278109 0.615293 -0.737611 -0.596556 -0.865155 0.494084 0.0859513 -0.182391 0.417327 0.614245 0.669733 0.429251 0.31622 -0.384863 0.867113 0.400795 -0.930002 -0.306262 0.203222 -0.504304 0.187352 -0.87068 -0.454769 0.485867 
1532459363497 0.27817 0.615271 -0.737606 -0.596509 -0.865137 0.494123 0.0859051 -0.182447 0.417323 0.614235 0.669744 0.42926 0.31622 -0.384863 0.867113 0.400795 -0.930002 -0.306262 0.203222 -0.504304 0.187352 -0.87068 -0.454769 0.485867 
1532459363512 0.279064 0.615181 -0.737344 -0.596609 -0.864546 0.495156 0.085913 -0.182313 0.417952 0.613492 0.670032 0.429145 0.31622 -0.384863 0.867113 0.400795 -0.930002 -0.306262 0.203222 -0.504304 0.187352 -0.87068 -0.454769 0.485867 
1532459363747 0.279957 0.615091 -0.73708 -0.596709 -0.863953 0.496188 0.085922 -0.182179 0.41858 0.612748 0.670321 0.429029 0.31622 -0.384863 0.867113 0.400795 -0.930002 -0.306262 0.203222 -0.504304 0.187352 -0.87068 -0.454769 0.485867 
1532459364031 0.280849 0.615 -0.736817 -0.596809 -0.863359 0.497219 0.0859315 -0.182044 0.419207 0.612004 0.670609 0.428914 0.31622 -0.384863 0.867113 0.400795 -0.930002 -0.306262 0.203222 -0.504304 0.187352 -0.87068 -0.454769 0.485867 
1532459364261 0.281742 0.614907 -0.736553 -0.596909 -0.862764 0.49825 0.0859414 -0.18191 0.419833 0.611258 0.670898 0.428798 0.31622 -0.384863 0.867113 0.400795 -0.930002 -0.306262 0.203222 -0.504304 0.187352 -0.87068 -0.454769 0.485867 
1532459364490 0.282635 0.614814 -0.736289 -0.597009 -0.862167 0.499279 0.0859517 -0.181776 0.420458 0.610511 0.671186 0.428683 0.31622 -0.384863 0.867113 0.400795 -0.930002 -0.306262 0.203222 -0.504304 0.187352 -0.87068 -0.454769 0.485867 
1532459364496 0.283527 0.614719 -0.736025 -0.597109 -0.861569 0.500309 0.0859627 -0.181642 0.421082 0.609764 0.671474 0.428568 0.31622 -0.384863 0.867113 0.400795 -0.930002 -0.306262 0.203222 -0.504304 0.187352 -0.87068 -0.454769 0.485867 
1532459364783 0.28442 0.614623 -0.735761 -0.597209 -0.86097 0.501337 0.0859741 -0.181508 0.421706 0.609015 0.671762 0.428452 0.31622 -0.384863 0.867113 0.400795 -0.930002 -0.306262 0.203222 -0.504304 0.187352 -0.87068 -0.454769 0.485867 
1532459365015 0.285312 0.614526 -0.735497 -0.597309 -0.86037 0.502365 0.0859859 -0.181373 0.422328 0.608266 0.67205 0.428337 0.31622 -0.384863 0.867113 0.400795 -0.930002 -0.306262 0.203222 -0.504304 0.187352 -0.87068 -0.454769 0.485867 
1532459365211 0.286202 0.614427 -0.735233 -0.597403 -0.859769 0.50339 0.0859987 -0.181242 0.422949 0.607518 0.672336 0.428228 0.31622 -0.384863 0.867113 0.400795 -0.930002 -0.306262 0.203222 -0.504304 0.187352 -0.87068 -0.454769 0.485867 
1532459365501 0.286425 0.614431 -0.735143 -0.597385 -0.859669 0.50357 0.0859402 -0.181289 0.423001 0.607365 0.672442 0.428287 0.31622 -0.384863 0.867113 0.400795 -0.930002 -0.306262 0.203222 -0.504304 0.187352 -0.87068 -0.454769 0.485867 
1532459365514 0.287228 0.614236 -0.734993 -0.597474 -0.859103 0.50454 0.085916 -0.181153 0.423606 0.606757 0.67261 0.428184 0.31622 -0.384863 0.867113 0.400795 -0.930002 -0.306262 0.203222 -0.504304 0.187352 -0.87068 -0.454769 0.485867 
1532459365738 0.288032 0.61404 -0.734842 -0.597564 -0.858536 0.505509 0.0858918 -0.181016 0.42421 0.606148 0.672778 0.428082 0.31622 -0.384863 0.867113 0.400795 -0.930002 -0.306262 0.203222 -0.504304 0.187352 -0.87068 -0.454769 0.485867 
1532459365949 0.288835 0.613844 -0.73469 -0.597653 -0.857968 0.506476 0.0858682 -0.18088 0.424813 0.605539 0.672946 0.427979 0.31622 -0.384863 0.867113 0.400795 -0.930002 -0.306262 0.203222 -0.504304 0.187352 -0.87068 -0.454769 0.485867 
1532459366169 0.289637 0.613647 -0.734539 -0.597743 -0.857398 0.507443 0.0858449 -0.180743 0.425415 0.604929 0.673114 0.427876 0.31622 -0.384863 0.867113 0.400795 -0.930002 -0.306262 0.203222 -0.504304 0.187352 -0.87068 -0.454769 0.485867 
1532459366403 0.29044 0.613448 -0.734388 -0.597832 -0.856827 0.508411 0.0858219 -0.180607 0.426018 0.604318 0.673282 0.427774 0.31622 -0.384863 0.867113 0.400795 -0.930002 -0.306262 0.203222 -0.504304 0.187352 -0.87068 -0.454769 0.485867 
1532459366630 0.291242 0.613249 -0.734237 -0.597921 -0.856256 0.509377 0.0857992 -0.180471 0.42662 0.603706 0.67345 0.427671 0.31622 -0.384863 0.867113 0.400795 -0.930002 -0.306262 0.203222 -0.504304 0.187352 -0.87068 -0.454769 0.485867 
1532459366827 0.292044 0.613049 -0.734085 -0.598011 -0.855683 0.510342 0.0857766 -0.180334 0.42722 0.603094 0.673618 0.427568 0.31622 -0.384863 0.867113 0.400795 -0.930002 -0.306262 0.203222 -0.504304 0.187352 -0.87068 -0.454769 0.485867 
1532459367065 0.292845 0.612848 -0.733934 -0.5981 -0.855109 0.511306 0.0857544 -0.180198 0.42782 0.602481 0.673785 0.427466 0.31622 -0.384863 0.867113 0.400795 -0.930002 -0.306262 0.203222 -0.504304 0.187352 -0.87068 -0.454769 0.485867 
1532459367321 0.293646 0.612645 -0.733783 -0.598185 -0.854534 0.51227 0.0857332 -0.180065 0.428419 0.601868 0.673952 0.427368 0.31622 -0.384863 0.867113 0.400795 -0.930002 -0.306262 0.203222 -0.504304 0.187352 -0.87068 -0.454769 0.485867 
1532459367562 0.293588 0.61259 -0.733853 -0.598189 -0.854553 0.512242 0.0857222 -0.180052 0.428422 0.601949 0.673878 0.427358 0.31622 -0.384863 0.867113 0.400795 -0.930002 -0.306262 0.203222 -0.504304 0.187352 -0.87068 -0.454769 0.485867 
1532459367573 0.294354 0.612429 -0.733681 -0.59827 -0.853988 0.513178 0.0857463 -0.179917 0.429022 0.601315 0.674063 0.427263 0.31622 -0.384863 0.867113 0.400795 -0.930002 -0.306262 0.203222 -0.504304 0.187352 -0.87068 -0.454769 0.485867 
1532459367861 0.295121 0.612266 -0.733508 -0.598352 -0.853422 0.514116 0.0857703 -0.179783 0.429622 0.600679 0.674248 0.427168 0.31622 -0.384863 0.867113 0.400795 -0.930002 -0.306262 0.203222 -0.504304 0.187352 -0.87068 -0.454769 0.485867 
1532459367868 0.295887 0.612103 -0.733335 -0.598433 -0.852854 0.515052 0.0857949 -0.179648 0.430221 0.600043 0.674432 0.427073 0.31622 -0.384863 0.867113 0.400795 -0.930002 -0.306262 0.203222 -0.504304 0.187352 -0.87068 -0.454769 0.485867 
1532459368122 0.296653 0.611939 -0.733163 -0.598514 -0.852286 0.515988 0.0858197 -0.179514 0.43082 0.599406 0.674616 0.426978 0.31622 -0.384863 0.867113 0.400795 -0.930002 -0.306262 0.203222 -0.504304 0.187352 -0.87068 -0.454769 0.485867 
1532459368363 0.29742 0.611773 -0.73299 -0.598595 -0.851716 0.516924 0.0858449 -0.179379 0.431418 0.598768 0.6748 0.426883 0.31622 -0.384863 0.867113 0.400795 -0.930002 -0.306262 0.203222 -0.504304 0.187352 -0.87068 -0.454769 0.485867 
1532459368570 0.298185 0.611607 -0.732818 -0.598677 -0.851145 0.517859 0.0858704 -0.179244 0.432016 0.598129 0.674985 0.426787 0.31622 -0.384863 0.867113 0.400795 -0.930002 -0.306262 0.203222 -0.504304 0.187352 -0.87068 -0.454769 0.485867 
1532459368795 0.298951 0.61144 -0.732645 -0.598758 -0.850574 0.518793 0.085896 -0.17911 0.432612 0.59749 0.675169 0.426692 0.31622 -0.384863 0.867113 0.400795 -0.930002 -0.306262 0.203222 -0.504304 0.187352 -0.87068 -0.454769 0.485867 
1532459369014 0.299716 0.611272 -0.732473 -0.598839 -0.850001 0.519727 0.0859221 -0.178975 0.433208 0.59685 0.675352 0.426597 0.31622 -0.384863 0.867113 0.400795 -0.930002 -0.306262 0.203222 -0.504304 0.187352 -0.87068 -0.454769 0.485867 
1532459369257 0.30048 0.611103 -0.732301 -0.598916 -0.849427 0.520659 0.0859489 -0.178844 0.433803 0.596211 0.675535 0.426507 0.31622 -0.384863 0.867113 0.400795 -0.930002 -0.306262 0.203222 -0.504304 0.187352 -0.87068 -0.454769 0.485867 
1532459369518 0.300545 0.611246 -0.732155 -0.598915 -0.849409 0.520678 0.0860158 -0.178871 0.433794 0.596048 0.675685 0.426598 0.31622 -0.384863 0.867113 0.400795 -0.930002 -0.306262 0.203222 -0.504304 0.187352 -0.87068 -0.454769 0.485867 
1532459369531 0.301211 0.610995 -0.732091 -0.598991 -0.848797 0.521655 0.0861392 -0.178755 0.43453 0.59545 0.675739 0.426498 0.31622 -0.384863 0.867113 0.400795 -0.930002 -0.306262 0.203222 -0.504304 0.187352 -0.87068 -0.454769 0.485867 
1532459369747 0.30188 0.610743 -0.732026 -0.599067 -0.848183 0.522633 0.0862613 -0.178638 0.435264 0.594851 0.675794 0.426397 0.31622 -0.384863 0.867113 0.400795 -0.930002 -0.306262 0.203222 -0.504304 0.187352 -0.87068 -0.454769 0.485867 
1532459369964 0.302547 0.610491 -0.731961 -0.599144 -0.847568 0.52361 0.0863837 -0.178522 0.435998 0.594251 0.675849 0.426297 0.31622 -0.384863 0.867113 0.400795 -0.930002 -0.306262 0.203222 -0.504304 0.187352 -0.87068 -0.454769 0.485867 
1532459370217 0.303214 0.610237 -0.731896 -0.59922 -0.846952 0.524585 0.0865062 -0.178405 0.436731 0.59365 0.675903 0.426196 0.31622 -0.384863 0.867113 0.400795 -0.930002 -0.306262 0.203222 -0.504304 0.187352 -0.87068 -0.454769 0.485867 
1532459370431 0.303882 0.609983 -0.731831 -0.599296 -0.846334 0.525561 0.0866289 -0.178289 0.437464 0.593049 0.675957 0.426096 0.31622 -0.384863 0.867113 0.400795 -0.930002 -0.306262 0.203222 -0.504304 0.187352 -0.87068 -0.454769 0.485867 
1532459370671 0.304549 0.609727 -0.731767 -0.599372 -0.845715 0.526536 0.0867518 -0.178173 0.438196 0.592446 0.676012 0.425996 0.31622 -0.384863 0.867113 0.400795 -0.930002 -0.306262 0.203222 -0.504304 0.187352 -0.87068 -0.454769 0.485867 
1532459370892 0.305215 0.609472 -0.731702 -0.599448 -0.845096 0.527509 0.0868745 -0.178056 0.438927 0.591843 0.676066 0.425895 0.31622 -0.384863 0.867113 0.400795 -0.930002 -0.306262 0.203222 -0.504304 0.187352 -0.87068 -0.454769 0.485867 
1532459371116 0.305881 0.609215 -0.731638 -0.599524 -0.844475 0.528482 0.0869975 -0.17794 0.439658 0.591239 0.676119 0.425795 0.31622 -0.384863 0.867113 0.400795 -0.930002 -0.306262 0.203222 -0.504304 0.187352 -0.87068 -0.454769 0.485867 
1532459371346 0.306546 0.608957 -0.731574 -0.599597 -0.843853 0.529454 0.0871208 -0.177826 0.440388 0.590635 0.676173 0.425699 0.31622 -0.384863 0.867113 0.400795 -0.930002 -0.306262 0.203222 -0.504304 0.187352 -0.87068 -0.454769 0.485867 
1532459371584 0.306496 0.609069 -0.731502 -0.599611 -0.843893 0.52938 0.0871896 -0.1778 0.440347 0.590586 0.676241 0.425771 0.31622 -0.384863 0.867113 0.400795 -0.930002 -0.306262 0.203222 -0.504304 0.187352 -0.87068 -0.454769 0.485867 
1532459371595 0.307188 0.608766 -0.731464 -0.599684 -0.843233 0.53041 0.0873111 -0.177672 0.441128 0.589974 0.676267 0.425675 0.31622 -0.384863 0.867113 0.400795 -0.930002 -0.306262 0.203222 -0.504304 0.187352 -0.87068 -0.454769 0.485867 
1532459371819 0.307881 0.608463 -0.731425 -0.599757 -0.842572 0.53144 0.0874324 -0.177544 0.441908 0.589359 0.676294 0.42558 0.31622 -0.384863 0.867113 0.400795 -0.930002 -0.306262 0.203222 -0.504304 0.187352 -0.87068 -0.454769 0.485867 
1532459372055 0.308572 0.60816 -0.731385 -0.599831 -0.84191 0.532468 0.087554 -0.177415 0.442686 0.588744 0.676321 0.425484 0.31622 -0.384863 0.867113 0.400795 -0.930002 -0.306262 0.203222 -0.504304 0.187352 -0.87068 -0.454769 0.485867 
1532459372291 0.309264 0.607856 -0.731346 -0.599904 -0.841246 0.533496 0.0876758 -0.177287 0.443465 0.588127 0.676347 0.425389 0.31622 -0.384863 0.867113 0.400795 -0.930002 -0.306262 0.203222 -0.504304 0.187352 -0.87068 -0.454769 0.485867 
1532459372524 0.309956 0.60755 -0.731307 -0.599977 -0.840581 0.534524 0.0877977 -0.177159 0.444243 0.587509 0.676374 0.425293 0.31622 -0.384863 0.867113 0.400795 -0.930002 -0.306262 0.203222 -0.504304 0.187352 -0.87068 -0.454769 0.485867 
1532459372738 0.310646 0.607244 -0.731268 -0.60005 -0.839915 0.535549 0.0879194 -0.177031 0.445019 0.586891 0.6764 0.425197 0.31622 -0.384863 0.867113 0.400795 -0.930002 -0.306262 0.203222 -0.504304 0.187352 -0.87068 -0.454769 0.485867 
