1534185534819 0.393221 0.89624 0.205257 -0.512778 -0.919351 0.386441 0.0738753 -0.189937 -0.0131097 -0.217752 0.975916 0.282005 0.16008 -0.304787 0.938871 0.370831 -0.775623 0.549475 0.310623 -0.528794 -0.61056 -0.777934 -0.14844 0.432481 
1534185534831 0.385072 0.919817 0.0752021 -0.523541 -0.92231 0.380673 0.0665749 -0.190569 0.0326093 -0.0949958 0.994943 0.300294 0.31622 -0.384863 0.867113 0.400795 -0.930002 -0.306262 0.203222 -0.504304 0.187351 -0.87068 -0.454769 0.485867 
1534185536289 0.370942 0.92695 -0.0562732 -0.534301 -0.925472 0.374004 0.060181 -0.191201 0.0768312 0.0297556 0.9966 0.318579 0.31622 -0.384863 0.867113 0.400795 -0.930002 -0.306262 0.203222 -0.504304 0.187352 -0.87068 -0.454769 0.485867 
1534185537686 0.351079 0.917512 -0.186858 -0.54506 -0.928782 0.366553 0.0548065 -0.19183 0.118779 0.154309 0.980857 0.336859 0.316221 -0.384863 0.867113 0.400797 -0.930002 -0.306262 0.203223 -0.504308 0.187351 -0.87068 -0.45477 0.485869 
1534185539092 0.325831 0.89167 -0.314259 -0.555821 -0.93218 0.358449 0.0505479 -0.192461 0.157718 0.276476 0.947991 0.355144 0.316221 -0.384863 0.867113 0.400797 -0.930002 -0.306262 0.203223 -0.504308 0.187351 -0.87068 -0.45477 0.485869 
1534185540407 0.295643 0.849878 -0.436237 -0.566582 -0.935607 0.349836 0.0474789 -0.193093 0.192963 0.394109 0.898578 0.373429 0.316221 -0.384863 0.867113 0.400797 -0.930002 -0.306262 0.203223 -0.504308 0.187351 -0.87068 -0.45477 0.485869 
1534185541735 0.261045 0.792872 -0.550645 -0.577345 -0.939003 0.340864 0.0456547 -0.193727 0.223894 0.50514 0.83349 0.391712 0.316221 -0.384863 0.867113 0.400797 -0.930002 -0.306262 0.203223 -0.504308 0.187351 -0.87068 -0.45477 0.485869 
1534185543059 0.222645 0.721652 -0.655475 -0.588106 -0.942309 0.331692 0.0451057 -0.194358 0.249967 0.607618 0.753868 0.409996 0.31622 -0.384863 0.867113 0.400795 -0.930002 -0.306262 0.203222 -0.504304 0.187352 -0.87068 -0.454769 0.485867 
1534185544435 0.181113 0.637478 -0.748879 -0.598879 -0.945466 0.322478 0.0458502 -0.195008 0.270726 0.699736 0.661119 0.428269 0.31622 -0.384863 0.867113 0.400795 -0.930002 -0.306262 0.203222 -0.504304 0.187351 -0.87068 -0.454769 0.485867 
1534185546002 0.136386 0.542914 -0.828639 -0.611272 -0.948472 0.313049 0.0489961 -0.197991 0.286005 0.779259 0.557635 0.4452 0.316232 -0.384872 0.867105 0.400833 -0.930001 -0.306256 0.203235 -0.504372 0.187337 -0.870678 -0.454779 0.485899 
