1532345725964 0.275657 0.633204 -0.723233 -0.604483 -0.8825 0.464965 0.0707247 -0.181741 0.381061 0.618757 0.686973 0.426588 -0.032837 -0.107169 0.993698 0.446529 -0.997653 0.0632838 -0.0261426 -0.499268 -0.0600833 -0.992225 -0.108996 0.443993 
1532345725976 0.300885 -0.138768 0.94351 0.225257 -0.922898 -0.291628 0.25142 -0.486344 0.240265 -0.946412 -0.215815 0.468712 -0.0323187 -0.110822 0.993315 0.440576 -0.997461 0.0666761 -0.0250146 -0.498455 -0.0634582 -0.991601 -0.112696 0.443617 
1532345726511 0.242825 0.102786 0.964609 0.16152 -0.925174 -0.274468 0.262144 -0.435487 0.291699 -0.956087 0.0284473 0.461493 -0.031813 -0.114476 0.992917 0.434621 -0.997257 0.0700631 -0.0238743 -0.497638 -0.0668338 -0.990952 -0.11639 0.443239 
1532345727034 0.185198 0.340052 0.921991 0.0634541 -0.926148 -0.25329 0.279452 -0.39584 0.328559 -0.905654 0.26803 0.437571 -0.0313198 -0.118129 0.992504 0.428666 -0.99704 0.0734451 -0.0227214 -0.49682 -0.0702105 -0.990278 -0.12008 0.442862 
1532345727571 0.108749 0.566676 0.816732 -0.0100477 -0.933954 -0.223137 0.279177 -0.393705 0.340446 -0.793151 0.504984 0.453534 -0.030839 -0.121782 0.992078 0.422712 -0.996812 0.076822 -0.0215559 -0.496002 -0.0735882 -0.989579 -0.123763 0.442484 
1532345728100 0.0372286 0.750403 0.659932 -0.098386 -0.940161 -0.197521 0.277637 -0.379776 0.33869 -0.630778 0.698146 0.449359 -0.0303707 -0.125436 0.991637 0.416757 -0.996571 0.0801936 -0.0203778 -0.495184 -0.0769668 -0.988855 -0.127441 0.442106 
1532345728616 -0.0276971 0.888256 0.458513 -0.198397 -0.946596 -0.170708 0.273524 -0.355415 0.321231 -0.426451 0.845547 0.440016 -0.029914 -0.129089 0.991182 0.410803 -0.996318 0.08356 -0.0191864 -0.494366 -0.0803464 -0.988106 -0.131113 0.441729 
1532345729138 -0.0860491 0.970276 0.226186 -0.298191 -0.953826 -0.145805 0.262597 -0.330411 0.28777 -0.193145 0.938021 0.431334 -0.0294706 -0.132742 0.990712 0.404848 -0.996053 0.0869209 -0.0179833 -0.493549 -0.0837265 -0.987332 -0.13478 0.441351 
1532345729667 -0.133997 0.990741 -0.0218346 -0.397711 -0.961333 -0.124607 0.245585 -0.305255 0.240591 0.053898 0.969129 0.423196 -0.0290404 -0.136395 0.990229 0.398899 -0.995776 0.0902762 -0.0167684 -0.492739 -0.087107 -0.986533 -0.13844 0.440976 
1532345730176 -0.168046 0.94835 -0.269058 -0.493233 -0.968645 -0.108189 0.223654 -0.280336 0.182994 0.298206 0.936796 0.414797 -0.0286357 -0.140036 0.989732 0.39311 -0.995486 0.0936212 -0.0155558 -0.492025 -0.0904815 -0.98571 -0.142085 0.440617 
1532345730722 -0.168046 0.94835 -0.269058 -0.493233 -0.968645 -0.108189 0.223654 -0.280336 0.182994 0.298206 0.936796 0.414797 -0.0287318 -0.139905 0.989748 0.393054 -0.995483 0.0936368 -0.0156623 -0.492062 -0.0904855 -0.985727 -0.141964 0.440661 
1532345730733 0.280755 -0.14415 0.948893 0.287768 -0.928413 -0.291475 0.230416 -0.485421 0.243364 -0.945655 -0.215663 0.482452 -0.0286807 -0.140284 0.989696 0.392447 -0.995454 0.0939707 -0.0155277 -0.491965 -0.0908241 -0.985642 -0.142342 0.440617 
1532345730950 0.230219 0.100587 0.967926 0.201887 -0.928641 -0.274625 0.249414 -0.456571 0.290905 -0.956276 0.0301848 0.473161 -0.0286289 -0.140663 0.989643 0.39184 -0.995424 0.0943046 -0.0153921 -0.491868 -0.0911629 -0.985556 -0.14272 0.440572 
1532345731185 0.170645 0.342906 0.92374 0.101621 -0.930795 -0.251472 0.265299 -0.431197 0.323267 -0.905084 0.276262 0.465824 -0.0285772 -0.141042 0.989591 0.391233 -0.995395 0.0946385 -0.0152563 -0.49177 -0.0915017 -0.98547 -0.143097 0.440528 
1532345731398 0.105023 0.564008 0.819064 0.00120975 -0.934666 -0.225325 0.275005 -0.405891 0.339661 -0.794433 0.503494 0.457314 -0.0285256 -0.141421 0.989538 0.390626 -0.995365 0.0949724 -0.0151205 -0.491673 -0.0918405 -0.985383 -0.143475 0.440483 
1532345731627 0.0375019 0.749589 0.66084 -0.0987905 -0.940025 -0.197903 0.277826 -0.380798 0.339037 -0.631625 0.697211 0.447832 -0.0284742 -0.1418 0.989486 0.390019 -0.995335 0.0953063 -0.0149844 -0.491576 -0.0921794 -0.985297 -0.143853 0.440439 
1532345731853 -0.0276228 0.888121 0.458779 -0.198535 -0.946572 -0.170761 0.273572 -0.355532 0.321307 -0.426711 0.845387 0.439595 -0.0284229 -0.142179 0.989433 0.389411 -0.995305 0.0956397 -0.0148484 -0.491479 -0.0925179 -0.98521 -0.14423 0.440394 
1532345732113 -0.0860291 0.970274 0.226203 -0.298229 -0.953825 -0.145793 0.262606 -0.330328 0.287779 -0.193166 0.938014 0.431354 -0.0283718 -0.142558 0.98938 0.388804 -0.995275 0.0959734 -0.0147122 -0.491382 -0.0928568 -0.985122 -0.144608 0.44035 
1532345732323 -0.134011 0.990739 -0.0218391 -0.39775 -0.961334 -0.124621 0.245575 -0.305195 0.240579 0.0539045 0.969132 0.423216 -0.0283206 -0.142938 0.989326 0.388198 -0.995245 0.0963068 -0.0145756 -0.491285 -0.0931954 -0.985035 -0.144986 0.440305 
1532345732548 -0.168354 0.948258 -0.26919 -0.493437 -0.968609 -0.108471 0.223675 -0.280353 0.182902 0.298397 0.936753 0.414453 -0.0282712 -0.143316 0.989273 0.387608 -0.995215 0.0966406 -0.0144407 -0.491199 -0.0935344 -0.984947 -0.145362 0.440263 
1532345732785 -0.168354 0.948258 -0.26919 -0.493437 -0.968609 -0.108471 0.223675 -0.280353 0.182902 0.298397 0.936753 0.414453 -0.0282146 -0.143329 0.989273 0.38767 -0.995214 0.0966533 -0.0143806 -0.491167 -0.0935553 -0.984944 -0.14537 0.440295 
1532345732798 0.280859 -0.144209 0.948853 0.288043 -0.928369 -0.291562 0.230484 -0.483956 0.243412 -0.945619 -0.215767 0.481724 -0.0233551 -0.142702 0.98949 0.387469 -0.995527 0.093949 -0.00994849 -0.491381 -0.091542 -0.985297 -0.144258 0.440438 
1532345733103 0.230386 0.100464 0.967899 0.201489 -0.928601 -0.274647 0.24954 -0.456577 0.2909 -0.956282 0.0300161 0.473433 -0.018497 -0.142062 0.989685 0.387267 -0.995813 0.091248 -0.00551363 -0.491594 -0.0895235 -0.985643 -0.143155 0.44058 
1532345733435 0.170719 0.342841 0.92375 0.101413 -0.930775 -0.251486 0.265354 -0.431262 0.323285 -0.905105 0.276175 0.465959 -0.0136399 -0.141407 0.989858 0.387066 -0.996071 0.0885495 -0.00107567 -0.491807 -0.0874992 -0.985983 -0.14206 0.440722 
1532345733715 0.105057 0.563968 0.819086 0.00111836 -0.934654 -0.225339 0.275033 -0.40593 0.339682 -0.794457 0.503442 0.457344 -0.00878368 -0.14074 0.990008 0.386865 -0.996302 0.0858533 0.00336542 -0.492021 -0.0854691 -0.986317 -0.140974 0.440865 
1532345734027 0.0375184 0.749587 0.660842 -0.0987622 -0.940026 -0.19789 0.277833 -0.380778 0.339034 -0.631632 0.697207 0.447782 -0.00392861 -0.140059 0.990135 0.386664 -0.996506 0.0831597 0.00780943 -0.492234 -0.0834332 -0.986645 -0.139896 0.441007 
1532345734310 -0.027607 0.888123 0.458776 -0.198486 -0.946571 -0.170749 0.273585 -0.355503 0.321313 -0.426711 0.845385 0.439569 0.000925185 -0.139365 0.990241 0.386462 -0.996682 0.0804688 0.0122563 -0.492447 -0.0813916 -0.986966 -0.138828 0.44115 
1532345734600 -0.0860265 0.970274 0.226204 -0.298203 -0.953822 -0.145793 0.262619 -0.330305 0.287791 -0.193166 0.93801 0.431364 0.00577755 -0.138658 0.990323 0.386261 -0.996831 0.0777799 0.0167057 -0.492661 -0.0793436 -0.987281 -0.137769 0.441292 
1532345734883 -0.134026 0.990737 -0.021839 -0.397753 -0.96133 -0.124634 0.245584 -0.305179 0.240587 0.053909 0.969129 0.423237 0.0106279 -0.137938 0.990384 0.38606 -0.996952 0.0750941 0.0211573 -0.492872 -0.0772904 -0.98759 -0.136719 0.441434 
1532345735215 -0.168508 0.948228 -0.269201 -0.493507 -0.96858 -0.108606 0.223737 -0.280366 0.182917 0.298444 0.936735 0.414331 0.0154611 -0.137205 0.990422 0.385873 -0.997046 0.0724145 0.0255963 -0.493047 -0.0752329 -0.987892 -0.135681 0.441569 
1532345735492 -0.168508 0.948228 -0.269201 -0.493507 -0.96858 -0.108606 0.223737 -0.280366 0.182917 0.298444 0.936735 0.414331 0.0152962 -0.13725 0.990418 0.385858 -0.997046 0.0724725 0.0254417 -0.49306 -0.07527 -0.987882 -0.135736 0.441572 
1532345735505 0.280904 -0.144206 0.94884 0.288147 -0.928348 -0.2916 0.23052 -0.483438 0.243439 -0.945608 -0.215785 0.481311 0.0161824 -0.138976 0.990164 0.385906 -0.99679 0.0754142 0.0268755 -0.493043 -0.0784074 -0.98742 -0.13731 0.441964 
1532345735788 0.230428 0.100432 0.967893 0.201402 -0.928592 -0.274648 0.24957 -0.456587 0.290894 -0.956286 0.0299734 0.473478 0.0170631 -0.140705 0.989905 0.385953 -0.996524 0.078353 0.0283142 -0.493026 -0.0815459 -0.986946 -0.138878 0.442356 
1532345736104 0.170727 0.342832 0.923752 0.101394 -0.930773 -0.251487 0.265359 -0.431273 0.323285 -0.905108 0.276163 0.465962 0.0179382 -0.142435 0.989642 0.386001 -0.996246 0.0812882 0.0297574 -0.493009 -0.0846847 -0.986461 -0.140442 0.442748 
1532345736375 0.105066 0.563956 0.819094 0.00111044 -0.934651 -0.225344 0.275041 -0.405939 0.339689 -0.794464 0.503426 0.457331 0.0188078 -0.144168 0.989375 0.386048 -0.995958 0.0842202 0.0312052 -0.492992 -0.0878241 -0.985963 -0.142001 0.44314 
1532345736655 0.0375282 0.749589 0.660839 -0.0987292 -0.940027 -0.197879 0.277837 -0.380762 0.339029 -0.631633 0.697208 0.447746 0.0196718 -0.145902 0.989103 0.386096 -0.99566 0.0871489 0.0326576 -0.492975 -0.0909641 -0.985453 -0.143555 0.443531 
1532345736916 -0.0276005 0.888124 0.458774 -0.198454 -0.946568 -0.170746 0.273594 -0.355486 0.32132 -0.42671 0.845383 0.439553 0.0205301 -0.147639 0.988828 0.386144 -0.995351 0.0900738 0.0341142 -0.492958 -0.0941041 -0.984931 -0.145103 0.443923 
1532345737219 -0.0860301 0.970273 0.226205 -0.298191 -0.953818 -0.145799 0.262629 -0.330295 0.287802 -0.193164 0.938007 0.431374 0.0213833 -0.149379 0.988549 0.386191 -0.995031 0.0929961 0.035576 -0.49294 -0.0972454 -0.984397 -0.146648 0.444315 
1532345737500 -0.134034 0.990736 -0.0218383 -0.397759 -0.961327 -0.124642 0.24559 -0.305173 0.240593 0.0539113 0.969128 0.423252 0.0222302 -0.151119 0.988266 0.386239 -0.9947 0.0959146 0.0370416 -0.492922 -0.100387 -0.983851 -0.148186 0.444706 
1532345737776 -0.168562 0.948217 -0.269205 -0.49354 -0.968567 -0.10865 0.223769 -0.280383 0.182933 0.298462 0.936726 0.414253 0.023069 -0.152856 0.987979 0.386289 -0.994359 0.0988267 0.038508 -0.492891 -0.103525 -0.983295 -0.149714 0.445074 
1532345738062 -0.168562 0.948217 -0.269205 -0.49354 -0.968567 -0.10865 0.223769 -0.280383 0.182933 0.298462 0.936726 0.414253 0.0231017 -0.15278 0.98799 0.386314 -0.994374 0.0986746 0.0385097 -0.492876 -0.103373 -0.983322 -0.149641 0.445122 
1532345738075 0.280953 -0.144226 0.948823 0.288128 -0.92833 -0.291629 0.230556 -0.483092 0.243452 -0.945596 -0.215823 0.481115 0.0230902 -0.152549 0.988026 0.386454 -0.99437 0.0987325 0.0384825 -0.492833 -0.103421 -0.983352 -0.149411 0.445215 
1532345738360 0.23049 0.100383 0.967883 0.201255 -0.928577 -0.274659 0.249615 -0.456601 0.290895 -0.956288 0.0299074 0.47359 0.0230794 -0.152323 0.988061 0.386595 -0.994364 0.0987952 0.0384572 -0.49279 -0.103474 -0.983381 -0.149184 0.445306 
1532345738633 0.170765 0.342797 0.923758 0.10129 -0.930762 -0.251497 0.265388 -0.43131 0.323296 -0.905119 0.276115 0.466031 0.023069 -0.152096 0.988096 0.386737 -0.994359 0.0988578 0.0384322 -0.492748 -0.103526 -0.983409 -0.148958 0.445398 
1532345738808 0.105095 0.563921 0.819115 0.00103703 -0.93464 -0.22536 0.275067 -0.405981 0.339712 -0.794485 0.503378 0.45736 0.0230584 -0.15187 0.988132 0.386878 -0.994354 0.0989204 0.038407 -0.492705 -0.103579 -0.983438 -0.148731 0.445489 
1532345739032 0.0375279 0.749594 0.660833 -0.0987316 -0.940018 -0.197894 0.277857 -0.380768 0.339055 -0.631622 0.697205 0.447834 0.0230477 -0.151643 0.988167 0.387019 -0.994349 0.098983 0.0383818 -0.492663 -0.103632 -0.983467 -0.148505 0.445581 
1532345739192 -0.0276014 0.888124 0.458774 -0.198436 -0.946564 -0.170753 0.273605 -0.355472 0.321332 -0.426708 0.845379 0.439552 0.023037 -0.151416 0.988202 0.38716 -0.994343 0.0990455 0.0383564 -0.492621 -0.103685 -0.983495 -0.148278 0.445673 
1532345739345 -0.0860343 0.970272 0.226207 -0.298194 -0.953815 -0.145805 0.262635 -0.330288 0.28781 -0.193164 0.938005 0.431389 0.0230265 -0.15119 0.988237 0.387301 -0.994338 0.099108 0.0383312 -0.492578 -0.103737 -0.983524 -0.148052 0.445764 
1532345739568 -0.134039 0.990735 -0.0218372 -0.39777 -0.961326 -0.124647 0.245592 -0.305169 0.240595 0.0539115 0.969127 0.423263 0.023016 -0.150963 0.988271 0.387442 -0.994333 0.0991705 0.038306 -0.492536 -0.10379 -0.983552 -0.147825 0.445856 
1532345739750 -0.168584 0.948212 -0.269209 -0.493562 -0.968562 -0.108667 0.223785 -0.280397 0.182942 0.298472 0.936721 0.414184 0.0230063 -0.150737 0.988306 0.38758 -0.994328 0.0992328 0.0382816 -0.492493 -0.103843 -0.983581 -0.147599 0.445946 
1532345739913 -0.168584 0.948212 -0.269209 -0.493562 -0.968562 -0.108667 0.223785 -0.280397 0.182942 0.298472 0.936721 0.414184 0.0229493 -0.150791 0.988299 0.387527 -0.994325 0.099276 0.0382364 -0.492536 -0.10388 -0.983568 -0.147657 0.4459 
1532345739926 0.280998 -0.144242 0.948807 0.288096 -0.928313 -0.291654 0.23059 -0.482819 0.243463 -0.945586 -0.215856 0.48095 0.0228047 -0.148359 0.988671 0.387612 -0.994756 0.0952523 0.0372386 -0.492428 -0.0996978 -0.984336 -0.145409 0.445661 
1532345740228 0.230541 0.100342 0.967875 0.201134 -0.928564 -0.274668 0.249653 -0.456615 0.290895 -0.956289 0.0298516 0.473683 0.0226487 -0.145921 0.989037 0.387699 -0.99517 0.0912286 0.0362489 -0.49232 -0.0955179 -0.985081 -0.14315 0.445422 
1532345740559 0.170797 0.342767 0.923763 0.101203 -0.930753 -0.251505 0.265412 -0.431343 0.323306 -0.905127 0.276076 0.466091 0.0224823 -0.143484 0.989397 0.387787 -0.995566 0.0872011 0.0352685 -0.492212 -0.091337 -0.985803 -0.140887 0.445183 
1532345740857 0.105117 0.563893 0.819131 0.000973619 -0.934631 -0.225373 0.275087 -0.406017 0.339729 -0.794501 0.503341 0.457391 0.0223055 -0.141046 0.989752 0.387874 -0.995945 0.0831696 0.0342972 -0.492104 -0.0871547 -0.986503 -0.138619 0.444945 
1532345741233 0.0375321 0.749599 0.660828 -0.0987654 -0.940009 -0.197905 0.277879 -0.380786 0.339079 -0.631613 0.697202 0.447976 0.0221183 -0.138607 0.9901 0.387962 -0.996306 0.0791343 0.0333352 -0.491996 -0.0829714 -0.987181 -0.136345 0.444707 
1532345741539 -0.0276042 0.888124 0.458774 -0.198421 -0.94656 -0.17076 0.273615 -0.355467 0.321344 -0.426704 0.845377 0.439557 0.0219208 -0.136169 0.990443 0.38805 -0.99665 0.0750953 0.0323825 -0.491887 -0.0787871 -0.987835 -0.134067 0.444468 
1532345741842 -0.0860376 0.970272 0.226209 -0.298197 -0.953813 -0.14581 0.262641 -0.330284 0.287817 -0.193164 0.938003 0.431402 0.0217129 -0.133731 0.99078 0.388137 -0.996977 0.0710529 0.0314392 -0.491779 -0.0746021 -0.988467 -0.131784 0.44423 
1532345742193 -0.134042 0.990735 -0.0218363 -0.397779 -0.961325 -0.12465 0.245593 -0.305167 0.240596 0.0539115 0.969127 0.423273 0.0214951 -0.131294 0.99111 0.388225 -0.997286 0.0670063 0.0305054 -0.491672 -0.0704158 -0.989076 -0.129497 0.443992 
1532345742500 -0.1686 0.948208 -0.269212 -0.493579 -0.968557 -0.108678 0.223798 -0.280408 0.18295 0.29848 0.936717 0.414128 0.0212685 -0.128864 0.991434 0.388308 -0.997577 0.0629604 0.0295837 -0.491578 -0.0662334 -0.989662 -0.127213 0.44378 
1532345742816 -0.1686 0.948208 -0.269212 -0.493579 -0.968557 -0.108678 0.223798 -0.280408 0.18295 0.29848 0.936717 0.414128 0.0212862 -0.128961 0.991421 0.388294 -0.997575 0.0629893 0.0296118 -0.491555 -0.0662677 -0.989647 -0.127308 0.443742 
1532345742830 0.281038 -0.144255 0.948793 0.288061 -0.928299 -0.291676 0.230621 -0.482602 0.243472 -0.945577 -0.215884 0.480812 0.0222504 -0.127075 0.991644 0.38836 -0.997657 0.0613693 0.0302496 -0.491665 -0.0647004 -0.989993 -0.125411 0.443512 
1532345743061 0.230583 0.100307 0.967869 0.201035 -0.928554 -0.274675 0.249683 -0.456628 0.290895 -0.956291 0.0298053 0.47376 0.0232145 -0.125173 0.991863 0.388427 -0.997736 0.0597453 0.0308918 -0.491773 -0.063126 -0.990334 -0.123503 0.443286 
1532345743315 0.170823 0.342744 0.923767 0.101134 -0.930746 -0.251511 0.265431 -0.43137 0.323313 -0.905135 0.276044 0.466139 0.0241756 -0.123269 0.992079 0.388494 -0.997811 0.058122 0.0315372 -0.491881 -0.0615491 -0.99067 -0.121595 0.443059 
1532345743585 0.105134 0.563871 0.819143 0.000924369 -0.934624 -0.225382 0.275102 -0.406044 0.339743 -0.794514 0.503312 0.457415 0.0251336 -0.121364 0.99229 0.388561 -0.997884 0.0564999 0.0321856 -0.491989 -0.0599705 -0.990999 -0.119687 0.442833 
1532345743840 0.0375375 0.749602 0.660824 -0.0987929 -0.940003 -0.197911 0.277895 -0.3808 0.339094 -0.631608 0.697199 0.448077 0.0260886 -0.119456 0.992497 0.388628 -0.997953 0.054879 0.0328372 -0.492097 -0.0583898 -0.991322 -0.11778 0.442606 
1532345744102 -0.0276058 0.888125 0.458773 -0.198407 -0.946557 -0.170766 0.273623 -0.355463 0.321354 -0.426701 0.845374 0.439558 0.0270403 -0.117547 0.992699 0.388695 -0.998019 0.0532597 0.0334918 -0.492205 -0.0568077 -0.991638 -0.115874 0.442379 
1532345744360 -0.08604 0.970271 0.22621 -0.298197 -0.953811 -0.145814 0.262646 -0.330283 0.287823 -0.193163 0.938001 0.431411 0.0279891 -0.115635 0.992897 0.388762 -0.998082 0.0516412 0.0341495 -0.492313 -0.0552233 -0.991948 -0.113968 0.442153 
1532345744608 -0.134044 0.990735 -0.0218355 -0.397787 -0.961325 -0.124652 0.245595 -0.305166 0.240598 0.0539115 0.969127 0.423281 0.0289349 -0.113721 0.993091 0.388829 -0.998141 0.0500232 0.0348103 -0.492421 -0.0536363 -0.992253 -0.112063 0.441927 
1532345744839 -0.168613 0.948205 -0.269215 -0.493591 -0.968554 -0.108687 0.22381 -0.280418 0.182957 0.298487 0.936714 0.414082 0.0298747 -0.111812 0.99328 0.388895 -0.998198 0.0484084 0.0354719 -0.492524 -0.0520493 -0.99255 -0.110164 0.441714 
1532345745095 -0.168613 0.948205 -0.269215 -0.493591 -0.968554 -0.108687 0.22381 -0.280418 0.182957 0.298487 0.936714 0.414082 0.0298776 -0.111682 0.993295 0.38889 -0.998202 0.0483241 0.0354586 -0.49249 -0.0519602 -0.992568 -0.110038 0.441774 
1532345745108 0.281073 -0.144265 0.948781 0.288025 -0.928286 -0.291695 0.230648 -0.482429 0.24348 -0.945569 -0.215907 0.480699 0.029347 -0.112569 0.99321 0.388967 -0.99808 0.0509236 0.0352625 -0.492482 -0.0545474 -0.992338 -0.110859 0.44193 
1532345745414 0.230618 0.100279 0.967863 0.200954 -0.928545 -0.274681 0.249709 -0.456641 0.290895 -0.956292 0.0297667 0.473825 0.0288144 -0.113455 0.993125 0.389044 -0.997951 0.0535221 0.0350688 -0.492474 -0.0571329 -0.9921 -0.11168 0.442086 
1532345745684 0.170844 0.342725 0.923771 0.101078 -0.93074 -0.251516 0.265447 -0.431392 0.323319 -0.90514 0.276018 0.466178 0.0282794 -0.11434 0.993039 0.389121 -0.997815 0.0561208 0.0348772 -0.492466 -0.059718 -0.991855 -0.112503 0.442241 
1532345745691 0.105148 0.563855 0.819153 0.000884628 -0.934618 -0.22539 0.275114 -0.406067 0.339753 -0.794523 0.503289 0.457434 0.0277422 -0.115223 0.992952 0.389198 -0.997672 0.058719 0.0346878 -0.492458 -0.062302 -0.991603 -0.113325 0.442397 
1532345745942 0.0375425 0.749603 0.660822 -0.0988159 -0.939999 -0.197914 0.277907 -0.380811 0.339106 -0.631605 0.697196 0.448155 0.0272026 -0.116104 0.992864 0.389274 -0.997522 0.061317 0.0345006 -0.492451 -0.0648852 -0.991343 -0.114149 0.442553 
1532345746284 -0.0276063 0.888125 0.458771 -0.198396 -0.946554 -0.170769 0.27363 -0.355461 0.321362 -0.426698 0.845373 0.439558 0.0266609 -0.116984 0.992776 0.389351 -0.997365 0.0639144 0.0343155 -0.492443 -0.067467 -0.991075 -0.114972 0.442709 
1532345746566 -0.0860414 0.970271 0.22621 -0.298197 -0.953809 -0.145816 0.262651 -0.330283 0.287827 -0.193162 0.938 0.431419 0.0261166 -0.117863 0.992686 0.389428 -0.997202 0.0665125 0.0341325 -0.492435 -0.070049 -0.9908 -0.115796 0.442865 
1532345746816 -0.134046 0.990735 -0.021835 -0.397792 -0.961324 -0.124654 0.245596 -0.305167 0.240599 0.0539117 0.969126 0.423288 0.0255702 -0.11874 0.992596 0.389505 -0.997031 0.0691091 0.0339517 -0.492427 -0.0726289 -0.990517 -0.11662 0.44302 
1532345746823 -0.168622 0.948203 -0.269218 -0.4936 -0.968551 -0.108693 0.223819 -0.280426 0.182964 0.298492 0.936711 0.414045 0.0250228 -0.119612 0.992505 0.38958 -0.996854 0.0717039 0.0337739 -0.492419 -0.0752063 -0.990228 -0.117442 0.443165 
1532345747084 -0.168622 0.948203 -0.269218 -0.4936 -0.968551 -0.108693 0.223819 -0.280426 0.182964 0.298492 0.936711 0.414045 0.0254636 -0.118665 0.992608 0.38945 -0.997041 0.069032 0.03383 -0.492446 -0.0725361 -0.990532 -0.116556 0.443013 
1532345747100 0.281103 -0.144274 0.948771 0.287991 -0.928276 -0.29171 0.230672 -0.482292 0.243486 -0.945563 -0.215927 0.480606 0.0258773 -0.116621 0.992839 0.389508 -0.997286 0.0654641 0.0336828 -0.492469 -0.0689235 -0.991017 -0.114611 0.442779 
1532345747400 0.230646 0.100255 0.967859 0.200888 -0.928538 -0.274687 0.249729 -0.456652 0.290895 -0.956293 0.0297348 0.473877 0.026283 -0.114576 0.993067 0.389567 -0.997519 0.0618966 0.0335422 -0.492492 -0.0653105 -0.991484 -0.112665 0.442545 
1532345747699 0.17086 0.342709 0.923773 0.101032 -0.930736 -0.251521 0.26546 -0.43141 0.323323 -0.905145 0.275997 0.466211 0.0266811 -0.112528 0.99329 0.389625 -0.997738 0.0583273 0.0334084 -0.492515 -0.0616953 -0.991935 -0.110717 0.442311 
1532345747995 0.105159 0.563841 0.819161 0.000852761 -0.934614 -0.225396 0.275124 -0.406085 0.339761 -0.794531 0.503271 0.45745 0.0270718 -0.110479 0.99351 0.389683 -0.997945 0.0547573 0.0332817 -0.492538 -0.0580788 -0.992369 -0.108769 0.442077 
1532345748289 0.0375466 0.749604 0.66082 -0.0988348 -0.939995 -0.197917 0.277917 -0.38082 0.339115 -0.631603 0.697193 0.448214 0.027455 -0.108427 0.993725 0.389742 -0.998138 0.0511863 0.0331619 -0.492562 -0.0544608 -0.992786 -0.10682 0.441844 
1532345748631 -0.0276061 0.888126 0.45877 -0.198387 -0.946552 -0.170771 0.273635 -0.355459 0.321367 -0.426696 0.845372 0.439556 0.0278306 -0.106374 0.993937 0.3898 -0.998319 0.0476143 0.0330492 -0.492585 -0.0508412 -0.993186 -0.10487 0.44161 
1532345748925 -0.0860423 0.970271 0.22621 -0.298197 -0.953808 -0.145818 0.262654 -0.330283 0.287831 -0.193162 0.937999 0.431424 0.0281989 -0.104319 0.994144 0.389858 -0.998486 0.044042 0.0329435 -0.492608 -0.0472207 -0.993568 -0.102919 0.441376 
1532345749225 -0.134047 0.990734 -0.0218346 -0.397796 -0.961323 -0.124655 0.245598 -0.305168 0.240601 0.0539118 0.969126 0.423293 0.0285596 -0.102263 0.994347 0.389916 -0.998641 0.040468 0.0328448 -0.492631 -0.043598 -0.993934 -0.100968 0.441143 
1532345749519 -0.16863 0.948201 -0.269221 -0.493607 -0.968549 -0.108698 0.223827 -0.280433 0.182969 0.298497 0.936708 0.414016 0.0289123 -0.100211 0.994546 0.389972 -0.998782 0.0368974 0.0327533 -0.492656 -0.0399784 -0.994282 -0.0990226 0.440928 
1532345749847 -0.16863 0.948201 -0.269221 -0.493607 -0.968549 -0.108698 0.223827 -0.280433 0.182969 0.298497 0.936708 0.414016 0.0289514 -0.100378 0.994528 0.389963 -0.998776 0.0370118 0.0328107 -0.492686 -0.0401028 -0.994261 -0.0991832 0.440861 
1532345749860 0.281128 -0.144281 0.948762 0.287961 -0.928267 -0.291723 0.230692 -0.482185 0.243492 -0.945558 -0.215943 0.480531 0.0284592 -0.0999751 0.994583 0.390064 -0.998645 0.0405182 0.0326483 -0.492677 -0.0435628 -0.994165 -0.0986865 0.44086 
1532345750132 0.23067 0.100235 0.967856 0.200836 -0.928532 -0.274691 0.249746 -0.456661 0.290895 -0.956294 0.029709 0.47392 0.0279686 -0.0995717 0.994637 0.390165 -0.998502 0.0440242 0.0324845 -0.492668 -0.0470226 -0.994056 -0.0981913 0.440859 
1532345750399 0.170874 0.342697 0.923775 0.100996 -0.930732 -0.251524 0.26547 -0.431425 0.323327 -0.905149 0.27598 0.466237 0.0274792 -0.0991668 0.994691 0.390266 -0.998347 0.0475299 0.0323188 -0.49266 -0.0504825 -0.993935 -0.0976967 0.440858 
1532345750664 0.105168 0.563831 0.819167 0.000827584 -0.934611 -0.2254 0.275131 -0.406099 0.339768 -0.794537 0.503258 0.457463 0.0269914 -0.09876 0.994745 0.390367 -0.998179 0.0510347 0.0321514 -0.492651 -0.0539418 -0.993802 -0.0972027 0.440857 
1532345750935 0.0375493 0.749605 0.660819 -0.0988507 -0.939993 -0.197919 0.277924 -0.380829 0.339122 -0.631601 0.697192 0.448262 0.0265049 -0.0983516 0.994799 0.390467 -0.997999 0.0545388 0.0319822 -0.492642 -0.0574006 -0.993656 -0.0967093 0.440856 
1532345751228 -0.0276066 0.888128 0.458766 -0.198398 -0.946548 -0.170776 0.273647 -0.355468 0.32138 -0.42669 0.84537 0.439604 0.0260198 -0.0979412 0.994852 0.390568 -0.997807 0.0580427 0.0318113 -0.492633 -0.0608595 -0.993498 -0.0962162 0.440855 
1532345751525 -0.0860431 0.970271 0.22621 -0.298197 -0.953807 -0.145819 0.262657 -0.330284 0.287835 -0.193161 0.937998 0.431429 0.0255363 -0.0975298 0.994905 0.390669 -0.997603 0.0615446 0.0316387 -0.492625 -0.0643168 -0.993328 -0.0957243 0.440854 
1532345751847 -0.134048 0.990734 -0.0218344 -0.397799 -0.961323 -0.124656 0.245599 -0.305169 0.240602 0.0539121 0.969125 0.423297 0.0250542 -0.097116 0.994958 0.39077 -0.997386 0.0650466 0.0314645 -0.492616 -0.0677743 -0.993145 -0.0952325 0.440853 
1532345752194 -0.168635 0.948199 -0.269223 -0.493612 -0.968547 -0.108701 0.223833 -0.280439 0.182974 0.298502 0.936706 0.413993 0.0245746 -0.0967016 0.99501 0.390869 -0.997157 0.0685446 0.0312893 -0.492614 -0.0712283 -0.99295 -0.0947422 0.44085 
1532345752475 -0.168635 0.948199 -0.269223 -0.493612 -0.968547 -0.108701 0.223833 -0.280439 0.182974 0.298502 0.936706 0.413993 0.0245225 -0.096658 0.995016 0.390851 -0.997166 0.068444 0.0312243 -0.492606 -0.071121 -0.992962 -0.0947057 0.440839 
1532345752488 0.281148 -0.144286 0.948756 0.287935 -0.928259 -0.291734 0.230708 -0.482101 0.243496 -0.945554 -0.215955 0.48047 0.0247183 -0.0965111 0.995025 0.390964 -0.997142 0.0686935 0.0314337 -0.492669 -0.0713854 -0.992959 -0.0945373 0.440846 
1532345752652 0.230687 0.10022 0.967853 0.200795 -0.928528 -0.274694 0.249759 -0.456669 0.290895 -0.956294 0.0296889 0.473954 0.0249133 -0.0963643 0.995034 0.391077 -0.997119 0.0689434 0.0316423 -0.492732 -0.0716503 -0.992956 -0.0943691 0.440854 
1532345752810 0.170884 0.342688 0.923777 0.100968 -0.930729 -0.251526 0.265477 -0.431436 0.32333 -0.905152 0.275968 0.466257 0.0251086 -0.0962172 0.995044 0.391189 -0.997095 0.0691936 0.0318512 -0.492795 -0.0719152 -0.992952 -0.0942003 0.440861 
1532345752951 0.105173 0.563824 0.819171 0.000810697 -0.934609 -0.225402 0.275136 -0.406108 0.339771 -0.794541 0.503249 0.457472 0.0253039 -0.0960703 0.995053 0.391302 -0.997071 0.0694435 0.0320599 -0.492858 -0.07218 -0.992949 -0.0940317 0.440868 
1532345753099 0.0375506 0.749605 0.660819 -0.0988607 -0.939991 -0.197921 0.277927 -0.380835 0.339125 -0.631601 0.697191 0.44829 0.0254992 -0.0959235 0.995062 0.391415 -0.997046 0.0696935 0.0322685 -0.492921 -0.0724447 -0.992946 -0.0938631 0.440875 
1532345753266 -0.0276049 0.888129 0.458764 -0.198414 -0.946545 -0.170778 0.273657 -0.355475 0.321389 -0.426687 0.845368 0.439649 0.0256943 -0.0957768 0.995071 0.391528 -0.997022 0.0699442 0.0324769 -0.492983 -0.07271 -0.992942 -0.0936944 0.440883 
1532345753273 -0.0860438 0.970271 0.226209 -0.298195 -0.953806 -0.14582 0.262661 -0.330286 0.287838 -0.19316 0.937997 0.431432 0.0258899 -0.0956301 0.99508 0.391641 -0.996998 0.0701933 0.0326856 -0.493046 -0.0729737 -0.992939 -0.0935257 0.44089 
1532345753421 -0.134049 0.990734 -0.0218346 -0.3978 -0.961322 -0.124657 0.245601 -0.305171 0.240604 0.0539128 0.969125 0.4233 0.0260851 -0.0954833 0.995089 0.391753 -0.996973 0.0704435 0.0328938 -0.493109 -0.0732384 -0.992935 -0.0933568 0.440897 
1532345753620 -0.16864 0.948197 -0.269226 -0.493615 -0.968545 -0.108704 0.223839 -0.280444 0.182978 0.298505 0.936704 0.413976 0.0262794 -0.0953374 0.995098 0.391863 -0.996949 0.0706933 0.0331012 -0.493166 -0.0735025 -0.992932 -0.0931887 0.440903 
1532345753795 -0.16864 0.948197 -0.269226 -0.493615 -0.968545 -0.108704 0.223839 -0.280444 0.182978 0.298505 0.936704 0.413976 0.0262544 -0.0952911 0.995103 0.39185 -0.996964 0.0704997 0.0330545 -0.493145 -0.0733043 -0.99295 -0.0931509 0.44093 
1532345753809 0.28115 -0.144278 0.948756 0.287952 -0.928257 -0.291738 0.23071 -0.482045 0.243502 -0.945554 -0.215949 0.480418 0.0253942 -0.0981481 0.994848 0.392036 -0.996846 0.0723617 0.0325842 -0.49312 -0.0751869 -0.992538 -0.096001 0.441399 
1532345754075 0.230701 0.100209 0.967851 0.200764 -0.928524 -0.274697 0.249768 -0.456674 0.290894 -0.956295 0.029674 0.473978 0.0245286 -0.101002 0.994584 0.392223 -0.996724 0.0742235 0.032119 -0.493095 -0.0770656 -0.992114 -0.098851 0.441867 
1532345754327 0.170891 0.342681 0.923778 0.100949 -0.930727 -0.251528 0.265482 -0.431444 0.323332 -0.905154 0.275959 0.466272 0.0236576 -0.103855 0.994311 0.392409 -0.996598 0.076087 0.0316592 -0.49307 -0.0789421 -0.991678 -0.101702 0.442336 
1532345754608 0.105177 0.56382 0.819173 0.000798925 -0.934608 -0.225404 0.275139 -0.406114 0.339774 -0.794544 0.503243 0.457479 0.0227811 -0.106705 0.99403 0.392595 -0.996469 0.0779512 0.0312047 -0.493046 -0.0808155 -0.99123 -0.104552 0.442804 
1532345754864 0.0375517 0.749606 0.660819 -0.0988674 -0.939991 -0.197921 0.27793 -0.380838 0.339128 -0.6316 0.69719 0.448308 0.0218993 -0.109552 0.99374 0.392782 -0.996335 0.0798164 0.0307556 -0.493021 -0.0826861 -0.990771 -0.107402 0.443273 
1532345755149 -0.0276035 0.88813 0.458763 -0.198424 -0.946543 -0.170779 0.273662 -0.355479 0.321395 -0.426685 0.845367 0.439676 0.021012 -0.112396 0.993441 0.392968 -0.996197 0.0816824 0.0303117 -0.492996 -0.0845536 -0.990301 -0.110252 0.443742 
1532345755461 -0.086044 0.970271 0.226209 -0.298194 -0.953805 -0.145821 0.262663 -0.330288 0.28784 -0.193159 0.937997 0.431434 0.0201194 -0.115238 0.993134 0.393154 -0.996056 0.0835495 0.0298732 -0.492971 -0.0864184 -0.989818 -0.113102 0.44421 
1532345755752 -0.13405 0.990734 -0.0218348 -0.397801 -0.961322 -0.124658 0.245603 -0.305172 0.240605 0.0539133 0.969125 0.423302 0.0192213 -0.118077 0.992818 0.39334 -0.99591 0.0854181 0.0294401 -0.492945 -0.0882809 -0.989324 -0.115952 0.444678 
1532345756059 -0.168644 0.948196 -0.269228 -0.493617 -0.968544 -0.108705 0.223844 -0.280449 0.182981 0.298509 0.936702 0.413964 0.0183209 -0.120904 0.992495 0.393521 -0.995761 0.0872849 0.0290141 -0.49291 -0.0901377 -0.988819 -0.118792 0.445118 
1532345766807 -0.168644 0.948196 -0.269228 -0.493617 -0.968544 -0.108705 0.223844 -0.280449 0.182981 0.298509 0.936702 0.413964 0.0182962 -0.120831 0.992504 0.393501 -0.995774 0.0871501 0.0289665 -0.492923 -0.0899969 -0.98884 -0.118726 0.445166 
1532345767027 0.281149 -0.144271 0.948758 0.287968 -0.928256 -0.291741 0.230711 -0.482006 0.243507 -0.945554 -0.215943 0.480382 0.0118401 -0.122425 0.992407 0.393831 -0.995853 0.0880859 0.0227477 -0.492826 -0.090202 -0.988561 -0.120875 0.444891 
1532345767351 0.23071 0.100201 0.967849 0.200742 -0.928522 -0.274698 0.249775 -0.456679 0.290894 -0.956295 0.0296629 0.473997 0.00538408 -0.124013 0.992266 0.39416 -0.995892 0.0890304 0.0165307 -0.492728 -0.0903918 -0.988279 -0.123024 0.444616 
1532345767668 0.170896 0.342677 0.923779 0.100934 -0.930726 -0.251529 0.265486 -0.43145 0.323333 -0.905155 0.275952 0.466283 -0.00107365 -0.125593 0.992081 0.394489 -0.99589 0.089985 0.0103139 -0.49263 -0.0905678 -0.987992 -0.125174 0.44434 
1532345768040 0.105179 0.563817 0.819175 0.000790383 -0.934607 -0.225405 0.275141 -0.406118 0.339776 -0.794546 0.503239 0.457484 -0.00753109 -0.127167 0.991853 0.394819 -0.995847 0.0909494 0.00409935 -0.492533 -0.0907297 -0.987703 -0.127324 0.444065 
1532345768396 0.0375524 0.749606 0.660819 -0.0988722 -0.93999 -0.197922 0.277931 -0.380841 0.339129 -0.6316 0.697189 0.44832 -0.0139885 -0.128734 0.99158 0.395148 -0.995764 0.0919236 -0.00211335 -0.492435 -0.0908775 -0.98741 -0.129475 0.44379 
1532345768759 -0.0276025 0.88813 0.458763 -0.198431 -0.946541 -0.17078 0.273667 -0.355482 0.321399 -0.426684 0.845366 0.439695 -0.0204457 -0.130295 0.991264 0.395478 -0.99564 0.0929076 -0.0083239 -0.492338 -0.0910114 -0.987113 -0.131626 0.443514 
1532345769097 -0.0860442 0.970271 0.226209 -0.298193 -0.953805 -0.145821 0.262665 -0.330289 0.287842 -0.193158 0.937996 0.431435 -0.026902 -0.131848 0.990905 0.395807 -0.995475 0.0939012 -0.0145317 -0.49224 -0.0911312 -0.986812 -0.133778 0.443239 
1532345769446 -0.13405 0.990734 -0.021835 -0.397802 -0.961322 -0.124658 0.245604 -0.305174 0.240606 0.0539137 0.969124 0.423303 -0.0333572 -0.133394 0.990501 0.396136 -0.99527 0.0949045 -0.0207367 -0.492144 -0.0912369 -0.986509 -0.135929 0.442965 
1532345769795 -0.168646 0.948195 -0.269229 -0.493619 -0.968543 -0.108706 0.223847 -0.280453 0.182983 0.298511 0.936701 0.413955 -0.0397904 -0.13493 0.990056 0.396442 -0.995025 0.0959159 -0.0269182 -0.492085 -0.09133 -0.986202 -0.138076 0.442696 
1532345770118 -0.168646 0.948195 -0.269229 -0.493619 -0.968543 -0.108706 0.223847 -0.280453 0.182983 0.298511 0.936701 0.413955 -0.0396256 -0.134971 0.990057 0.396464 -0.995024 0.0959809 -0.0267397 -0.492073 -0.0914175 -0.98619 -0.138103 0.442657 
1532345770132 0.281149 -0.144266 0.948759 0.287981 -0.928255 -0.291744 0.230711 -0.481978 0.243511 -0.945554 -0.215939 0.480357 -0.0402892 -0.135121 0.99001 0.396497 -0.994997 0.0960772 -0.0273791 -0.49206 -0.0914179 -0.98616 -0.138316 0.442633 
1532345770339 0.230718 0.100195 0.967848 0.200726 -0.92852 -0.2747 0.24978 -0.456683 0.290894 -0.956295 0.0296546 0.474011 -0.0409538 -0.13527 0.989962 0.39653 -0.99497 0.0961733 -0.0280196 -0.492048 -0.0914177 -0.98613 -0.138529 0.442608 
1532345770507 0.1709 0.342673 0.923779 0.100923 -0.930724 -0.25153 0.265489 -0.431455 0.323334 -0.905156 0.275948 0.466291 -0.0416177 -0.13542 0.989914 0.396563 -0.994943 0.0962693 -0.0286595 -0.492035 -0.0914173 -0.9861 -0.138742 0.442584 
1532345770678 0.105181 0.563815 0.819176 0.000784133 -0.934606 -0.225406 0.275143 -0.406122 0.339777 -0.794547 0.503236 0.457487 -0.042282 -0.13557 0.989865 0.396596 -0.994915 0.0963656 -0.0292997 -0.492023 -0.0914168 -0.98607 -0.138955 0.442559 
1532345770862 0.0375529 0.749606 0.660819 -0.0988756 -0.93999 -0.197922 0.277932 -0.380843 0.33913 -0.6316 0.697189 0.448329 -0.0429464 -0.135719 0.989816 0.39663 -0.994886 0.096462 -0.0299399 -0.49201 -0.0914162 -0.98604 -0.139168 0.442535 
1532345771056 -0.0276017 0.88813 0.458762 -0.198437 -0.946541 -0.170781 0.27367 -0.355485 0.321402 -0.426683 0.845365 0.439709 -0.0436109 -0.135868 0.989767 0.396663 -0.994857 0.0965585 -0.0305803 -0.491997 -0.0914155 -0.98601 -0.139381 0.442511 
1532345771226 -0.0860442 0.970271 0.226208 -0.298193 -0.953804 -0.145822 0.262666 -0.33029 0.287843 -0.193158 0.937996 0.431435 -0.0442751 -0.136018 0.989717 0.396696 -0.994828 0.096655 -0.0312204 -0.491985 -0.0914146 -0.98598 -0.139594 0.442486 
1532345771414 -0.134051 0.990734 -0.0218351 -0.397802 -0.961321 -0.124658 0.245604 -0.305175 0.240607 0.053914 0.969124 0.423304 -0.044939 -0.136167 0.989666 0.396729 -0.994799 0.0967516 -0.0318601 -0.491972 -0.0914135 -0.98595 -0.139807 0.442462 
1532345771587 -0.168648 0.948195 -0.26923 -0.49362 -0.968542 -0.108707 0.223849 -0.280456 0.182985 0.298513 0.9367 0.413949 -0.0456015 -0.136316 0.989615 0.396759 -0.994768 0.0968483 -0.0324985 -0.491964 -0.0914125 -0.98592 -0.140019 0.442438 
1532345771750 -0.168648 0.948195 -0.26923 -0.49362 -0.968542 -0.108707 0.223849 -0.280456 0.182985 0.298513 0.9367 0.413949 -0.0455377 -0.1362 0.989634 0.396748 -0.994775 0.0967975 -0.0324523 -0.491953 -0.0913741 -0.985941 -0.139897 0.442467 
1532345771763 0.281148 -0.144262 0.948759 0.28799 -0.928255 -0.291746 0.230711 -0.481958 0.243513 -0.945554 -0.215936 0.480339 -0.0411149 -0.135543 0.989918 0.396616 -0.994912 0.0967612 -0.0280734 -0.492118 -0.0919805 -0.986035 -0.138832 0.442709 
1532345772022 0.230723 0.10019 0.967848 0.200715 -0.928519 -0.274701 0.249784 -0.456685 0.290894 -0.956296 0.0296487 0.474021 -0.0366915 -0.134886 0.990182 0.396485 -0.995029 0.0967282 -0.0236944 -0.492283 -0.0925825 -0.986128 -0.137765 0.44295 
1532345772292 0.170903 0.34267 0.92378 0.100916 -0.930724 -0.251531 0.265491 -0.431458 0.323335 -0.905157 0.275944 0.466296 -0.0322662 -0.134229 0.990425 0.396353 -0.995126 0.096698 -0.0193142 -0.492449 -0.0931796 -0.986221 -0.136695 0.443192 
1532345772564 0.105183 0.563813 0.819177 0.000779633 -0.934606 -0.225407 0.275144 -0.406124 0.339778 -0.794548 0.503234 0.45749 -0.0278402 -0.133572 0.990648 0.396221 -0.995204 0.0966708 -0.0149338 -0.492614 -0.093772 -0.986313 -0.135623 0.443433 
1532345772838 0.0375533 0.749606 0.660819 -0.0988782 -0.939989 -0.197922 0.277933 -0.380844 0.339131 -0.6316 0.697189 0.448335 -0.0234132 -0.132915 0.990851 0.39609 -0.995263 0.0966464 -0.0105531 -0.492779 -0.0943595 -0.986404 -0.134548 0.443675 
1532345773120 -0.0276011 0.88813 0.458762 -0.198441 -0.94654 -0.170781 0.273672 -0.355486 0.321404 -0.426683 0.845365 0.439719 -0.0189861 -0.132257 0.991034 0.395958 -0.995302 0.0966252 -0.00617292 -0.492944 -0.0949424 -0.986495 -0.13347 0.443916 
1532345773395 -0.0860443 0.970271 0.226208 -0.298193 -0.953804 -0.145822 0.262667 -0.33029 0.287844 -0.193157 0.937996 0.431436 -0.0145569 -0.131599 0.991196 0.395826 -0.995321 0.0966064 -0.00179122 -0.493109 -0.0955202 -0.986584 -0.13239 0.444157 
1532345773673 -0.134051 0.990734 -0.0218352 -0.397802 -0.961321 -0.124658 0.245605 -0.305175 0.240607 0.0539143 0.969124 0.423305 -0.0101278 -0.130941 0.991338 0.395694 -0.995321 0.0965908 0.00258976 -0.493273 -0.0960932 -0.986674 -0.131307 0.444398 
1532345773940 -0.168649 0.948194 -0.269231 -0.49362 -0.968542 -0.108708 0.22385 -0.280457 0.182986 0.298514 0.936699 0.413945 -0.00571267 -0.130284 0.99146 0.395575 -0.995301 0.0965784 0.00695619 -0.493403 -0.0966599 -0.986762 -0.130223 0.444628 
1532345774221 -0.168649 0.948194 -0.269231 -0.49362 -0.968542 -0.108708 0.22385 -0.280457 0.182986 0.298514 0.936699 0.413945 -0.0058546 -0.130171 0.991474 0.395548 -0.995295 0.0966507 0.00681216 -0.493442 -0.0967134 -0.98677 -0.130125 0.444668 
1532345774234 0.281148 -0.14426 0.94876 0.287996 -0.928254 -0.291747 0.230711 -0.481944 0.243515 -0.945554 -0.215934 0.480326 -0.00438177 -0.129477 0.991573 0.395733 -0.995476 0.0946804 0.00796415 -0.493475 -0.0949137 -0.987052 -0.129307 0.444756 
1532345774499 0.230727 0.100187 0.967847 0.200707 -0.928518 -0.274702 0.249787 -0.456687 0.290894 -0.956296 0.0296444 0.474028 -0.00291092 -0.12878 0.991669 0.395918 -0.995651 0.0927113 0.00911708 -0.493508 -0.093113 -0.98733 -0.12849 0.444843 
1532345774727 0.170905 0.342669 0.92378 0.10091 -0.930723 -0.251531 0.265493 -0.43146 0.323335 -0.905158 0.275942 0.466301 -0.00144114 -0.12808 0.991763 0.396103 -0.995821 0.0907422 0.0102717 -0.493541 -0.0913104 -0.987604 -0.127675 0.444931 
1532345774944 0.105184 0.563812 0.819178 0.000776413 -0.934605 -0.225407 0.275145 -0.406126 0.339779 -0.794549 0.503232 0.457491 2.72732e-05 -0.127377 0.991854 0.396288 -0.995986 0.0887739 0.011428 -0.493574 -0.0895064 -0.987874 -0.126863 0.445018 
1532345775206 0.0375536 0.749606 0.660818 -0.09888 -0.939989 -0.197923 0.277934 -0.380845 0.339132 -0.6316 0.697188 0.44834 0.0014944 -0.12667 0.991944 0.396474 -0.996146 0.086806 0.0125858 -0.493607 -0.0877009 -0.988139 -0.126052 0.445106 
1532345775449 -0.0276008 0.888131 0.458762 -0.198444 -0.946539 -0.170781 0.273673 -0.355487 0.321405 -0.426682 0.845364 0.439726 0.00295998 -0.125961 0.992031 0.396659 -0.9963 0.0848391 0.013745 -0.493641 -0.0858944 -0.988401 -0.125244 0.445193 
1532345775686 -0.0860443 0.970271 0.226208 -0.298192 -0.953804 -0.145822 0.262667 -0.330291 0.287844 -0.193157 0.937996 0.431436 0.00442478 -0.125249 0.992116 0.396844 -0.996449 0.0828716 0.0149062 -0.493674 -0.0840852 -0.988658 -0.124437 0.445281 
1532345775693 -0.134051 0.990734 -0.0218353 -0.397802 -0.961321 -0.124659 0.245605 -0.305176 0.240608 0.0539144 0.969124 0.423306 0.00588744 -0.124533 0.992198 0.397029 -0.996592 0.0809059 0.0160682 -0.493706 -0.0822757 -0.988911 -0.123632 0.445368 
1532345775914 -0.16865 0.948194 -0.269232 -0.493621 -0.968542 -0.108708 0.223852 -0.280459 0.182987 0.298515 0.936699 0.413942 0.00734592 -0.123817 0.992278 0.397211 -0.99673 0.0789416 0.0172293 -0.493726 -0.0804653 -0.98916 -0.122832 0.445456 
1532345776218 -0.16865 0.948194 -0.269232 -0.493621 -0.968542 -0.108708 0.223852 -0.280459 0.182987 0.298515 0.936699 0.413942 0.0073581 -0.124052 0.992248 0.397239 -0.996723 0.0790209 0.0172706 -0.493709 -0.0805508 -0.989124 -0.123064 0.445403 
1532345776231 0.281148 -0.144258 0.94876 0.288001 -0.928254 -0.291748 0.230711 -0.481934 0.243517 -0.945554 -0.215932 0.480317 0.00622501 -0.123334 0.992346 0.397478 -0.996486 0.0821241 0.0164578 -0.493591 -0.0835253 -0.988961 -0.12239 0.445417 
