1534333794550 -0.166046 0.819507 -0.548487 -0.384751 -0.951056 0.0139133 0.308705 -0.273765 0.260617 0.572901 0.777087 0.482449 0.16008 -0.304787 0.938871 0.370831 -0.775623 0.549475 0.310623 -0.528794 -0.61056 -0.777934 -0.14844 0.432481 
1534333794563 -0.137301 0.826188 -0.546408 -0.408814 -0.95552 0.0348886 0.292856 -0.26912 0.261017 0.562313 0.784649 0.476333 0.31622 -0.384863 0.867113 0.400795 -0.930002 -0.306262 0.203222 -0.504304 0.187351 -0.87068 -0.454769 0.485867 
1534333796341 -0.108473 0.83266 -0.543056 -0.431138 -0.959169 0.0558736 0.27726 -0.264399 0.261206 0.550958 0.792601 0.468809 0.31622 -0.384863 0.867113 0.400795 -0.930002 -0.306262 0.203222 -0.504304 0.187351 -0.87068 -0.454769 0.485867 
1534333797297 -0.0795522 0.838422 -0.539184 -0.453475 -0.962059 0.0770405 0.261741 -0.259672 0.260988 0.539548 0.800483 0.461256 0.31622 -0.384863 0.867113 0.400795 -0.930002 -0.306262 0.203222 -0.504304 0.187351 -0.87068 -0.454769 0.485867 
1534333798238 -0.0505644 0.843474 -0.534785 -0.475797 -0.964185 0.098369 0.246314 -0.254934 0.260366 0.528086 0.808291 0.453667 0.31622 -0.384863 0.867113 0.400795 -0.930002 -0.306262 0.203222 -0.504304 0.187351 -0.87068 -0.454769 0.485867 
1534333799148 -0.0215355 0.847816 -0.529853 -0.498072 -0.965546 0.119839 0.230998 -0.250179 0.259341 0.516572 0.816025 0.446026 0.31622 -0.384863 0.867113 0.400795 -0.930002 -0.306262 0.203222 -0.504304 0.187351 -0.87068 -0.454769 0.485867 
1534333800040 0.00750983 0.851449 -0.524384 -0.520272 -0.966139 0.141431 0.215807 -0.245402 0.257913 0.505007 0.82368 0.438326 0.316221 -0.384863 0.867113 0.400797 -0.930002 -0.306262 0.203223 -0.504308 0.187351 -0.87068 -0.45477 0.485869 
1534333800929 0.0365268 0.854247 -0.518582 -0.542858 -0.965968 0.163151 0.200716 -0.240675 0.256068 0.493603 0.831135 0.430972 0.316221 -0.384863 0.867113 0.400797 -0.930002 -0.306262 0.203223 -0.504308 0.187351 -0.87068 -0.45477 0.485869 
1534333801780 0.0655013 0.856315 -0.512283 -0.565445 -0.965029 0.184954 0.185772 -0.235948 0.253828 0.4822 0.838483 0.423618 0.316221 -0.384863 0.867113 0.400797 -0.930002 -0.306262 0.203223 -0.504308 0.187351 -0.87068 -0.45477 0.485869 
1534333802665 0.0944075 0.857651 -0.505492 -0.588022 -0.963321 0.206819 0.17099 -0.231216 0.251195 0.470809 0.845719 0.416265 0.316228 -0.384869 0.867108 0.40082 -0.930002 -0.306258 0.203231 -0.50435 0.187342 -0.870679 -0.454776 0.485888 
1534333803585 0.0938008 0.857872 -0.50523 -0.587513 -0.963268 0.20646 0.171725 -0.231551 0.251628 0.470563 0.845727 0.416513 0.316228 -0.384869 0.867108 0.40082 -0.930002 -0.306258 0.203231 -0.50435 0.187342 -0.870679 -0.454776 0.485888 
1534333803599 0.0967479 0.857944 -0.504551 -0.58982 -0.963062 0.208685 0.170183 -0.231043 0.251299 0.469449 0.846444 0.415753 0.31622 -0.384863 0.867113 0.400795 -0.930002 -0.306262 0.203222 -0.504304 0.187352 -0.87068 -0.454769 0.485867 
1534333803893 0.0996944 0.858009 -0.503867 -0.592131 -0.962848 0.210911 0.168642 -0.230538 0.250967 0.468335 0.847159 0.414993 0.31622 -0.384863 0.867113 0.400795 -0.930002 -0.306262 0.203222 -0.504304 0.187351 -0.87068 -0.454769 0.485867 
1534333803899 0.10264 0.858066 -0.503178 -0.594441 -0.962626 0.213138 0.167103 -0.230032 0.250632 0.467221 0.847873 0.414232 0.31622 -0.384863 0.867113 0.400795 -0.930002 -0.306262 0.203222 -0.504304 0.187351 -0.87068 -0.454769 0.485867 
1534333804318 0.105583 0.858115 -0.502484 -0.596751 -0.962396 0.215364 0.165566 -0.229526 0.250292 0.466108 0.848586 0.413472 0.31622 -0.384863 0.867113 0.400795 -0.930002 -0.306262 0.203222 -0.504304 0.187351 -0.87068 -0.454769 0.485867 
1534333804618 0.108526 0.858157 -0.501785 -0.599062 -0.962158 0.217591 0.16403 -0.229021 0.249948 0.464995 0.849297 0.412712 0.31622 -0.384863 0.867113 0.400795 -0.930002 -0.306262 0.203222 -0.504304 0.187351 -0.87068 -0.454769 0.485867 
1534333804926 0.111469 0.858191 -0.501081 -0.601373 -0.961912 0.219819 0.162496 -0.228515 0.2496 0.463883 0.850007 0.411951 0.31622 -0.384863 0.867113 0.400795 -0.930002 -0.306262 0.203222 -0.504304 0.187351 -0.87068 -0.454769 0.485867 
1534333805232 0.114409 0.858218 -0.500372 -0.603683 -0.961658 0.222047 0.160965 -0.228009 0.249249 0.462771 0.850716 0.411191 0.31622 -0.384863 0.867113 0.400795 -0.930002 -0.306262 0.203222 -0.504304 0.187351 -0.87068 -0.454769 0.485867 
1534333805538 0.117349 0.858237 -0.499658 -0.605993 -0.961396 0.224275 0.159434 -0.227503 0.248893 0.461659 0.851424 0.410431 0.31622 -0.384863 0.867113 0.400795 -0.930002 -0.306262 0.203222 -0.504304 0.187351 -0.87068 -0.454769 0.485867 
1534333805545 0.120287 0.858249 -0.498939 -0.608305 -0.961125 0.226504 0.157906 -0.226998 0.248534 0.460548 0.85213 0.409671 0.31622 -0.384863 0.867113 0.400795 -0.930002 -0.306262 0.203222 -0.504304 0.187351 -0.87068 -0.454769 0.485867 
1534333805991 0.120024 0.858414 -0.498719 -0.607804 -0.961044 0.226448 0.158481 -0.227385 0.248976 0.460269 0.852152 0.409982 0.31622 -0.384863 0.867113 0.400795 -0.930002 -0.306262 0.203222 -0.504304 0.187351 -0.87068 -0.454769 0.485867 
1534333806002 0.120577 0.85863 -0.498213 -0.608062 -0.960887 0.226993 0.158651 -0.227345 0.249313 0.459597 0.852417 0.409669 0.31622 -0.384863 0.867113 0.400795 -0.930002 -0.306262 0.203222 -0.504304 0.187351 -0.87068 -0.454769 0.485867 
1534333806019 0.12113 0.858846 -0.497706 -0.608323 -0.96073 0.227537 0.158821 -0.227305 0.249649 0.458923 0.852681 0.409356 0.31622 -0.384863 0.867113 0.400795 -0.930002 -0.306262 0.203222 -0.504304 0.187351 -0.87068 -0.454769 0.485867 
1534333806159 0.121683 0.859062 -0.497198 -0.608584 -0.960573 0.228081 0.158992 -0.227266 0.249986 0.458249 0.852945 0.409043 0.31622 -0.384863 0.867113 0.400795 -0.930002 -0.306262 0.203222 -0.504304 0.187351 -0.87068 -0.454769 0.485867 
1534333806269 0.122236 0.859277 -0.496691 -0.608846 -0.960415 0.228625 0.159163 -0.227228 0.250321 0.457574 0.853209 0.40873 0.31622 -0.384863 0.867113 0.400795 -0.930002 -0.306262 0.203222 -0.504304 0.187351 -0.87068 -0.454769 0.485867 
1534333806369 0.122789 0.859491 -0.496184 -0.609108 -0.960257 0.229169 0.159335 -0.227189 0.250657 0.456899 0.853472 0.408416 0.31622 -0.384863 0.867113 0.400795 -0.930002 -0.306262 0.203222 -0.504304 0.187351 -0.87068 -0.454769 0.485867 
1534333806480 0.123343 0.859704 -0.495676 -0.609369 -0.960099 0.229713 0.159507 -0.22715 0.250992 0.456224 0.853735 0.408103 0.31622 -0.384863 0.867113 0.400795 -0.930002 -0.306262 0.203222 -0.504304 0.187351 -0.87068 -0.454769 0.485867 
1534333806596 0.123896 0.859918 -0.495168 -0.60963 -0.95994 0.230256 0.159679 -0.227111 0.251326 0.455548 0.853997 0.40779 0.31622 -0.384863 0.867113 0.400795 -0.930002 -0.306262 0.203222 -0.504304 0.187351 -0.87068 -0.454769 0.485867 
1534333806701 0.12445 0.86013 -0.494661 -0.609892 -0.959781 0.230799 0.159851 -0.227072 0.25166 0.454872 0.854259 0.407477 0.31622 -0.384863 0.867113 0.400795 -0.930002 -0.306262 0.203222 -0.504304 0.187351 -0.87068 -0.454769 0.485867 
1534333806808 0.125004 0.860341 -0.494153 -0.610153 -0.959621 0.231342 0.160024 -0.227033 0.251994 0.454196 0.854521 0.407164 0.31622 -0.384863 0.867113 0.400795 -0.930002 -0.306262 0.203222 -0.504304 0.187351 -0.87068 -0.454769 0.485867 
1534333806923 0.124587 0.860106 -0.494666 -0.609951 -0.959761 0.230923 0.159793 -0.227067 0.251668 0.454853 0.854267 0.407429 0.31622 -0.384863 0.867113 0.400795 -0.930002 -0.306262 0.203222 -0.504304 0.187351 -0.87068 -0.454769 0.485867 
1534333806939 0.124285 0.860216 -0.494552 -0.609958 -0.959763 0.230707 0.160091 -0.227201 0.25181 0.454755 0.854277 0.40739 0.31622 -0.384863 0.867113 0.400795 -0.930002 -0.306262 0.203222 -0.504304 0.187351 -0.87068 -0.45477 0.485867 
1534333806952 0.123982 0.860326 -0.494436 -0.60997 -0.959765 0.23049 0.160391 -0.227338 0.251952 0.454657 0.854288 0.40735 0.31622 -0.384863 0.867113 0.400795 -0.930002 -0.306262 0.203222 -0.504304 0.187351 -0.87068 -0.45477 0.485867 
1534333807074 0.12368 0.860436 -0.494321 -0.609982 -0.959767 0.230274 0.160691 -0.227475 0.252094 0.454558 0.854298 0.407311 0.31622 -0.384863 0.867113 0.400795 -0.930002 -0.306262 0.203222 -0.504304 0.187351 -0.87068 -0.45477 0.485867 
1534333807092 0.123377 0.860546 -0.494205 -0.609994 -0.959768 0.230059 0.160991 -0.227612 0.252236 0.45446 0.854308 0.407271 0.31622 -0.384863 0.867113 0.400795 -0.930002 -0.306262 0.203222 -0.504304 0.187351 -0.87068 -0.45477 0.485867 
1534333807125 0.123074 0.860656 -0.49409 -0.610004 -0.95977 0.229842 0.161291 -0.227748 0.252378 0.454362 0.854319 0.407231 0.31622 -0.384863 0.867113 0.400795 -0.930002 -0.306262 0.203222 -0.504304 0.187351 -0.87068 -0.45477 0.485867 
1534333807198 0.122772 0.860765 -0.493974 -0.610017 -0.959771 0.229626 0.16159 -0.227885 0.252521 0.454263 0.854329 0.407192 0.31622 -0.384863 0.867113 0.400795 -0.930002 -0.306262 0.203222 -0.504304 0.187351 -0.87068 -0.45477 0.485867 
1534333807231 0.122469 0.860875 -0.493858 -0.610028 -0.959772 0.22941 0.16189 -0.228021 0.252663 0.454165 0.854339 0.407152 0.31622 -0.384863 0.867113 0.400795 -0.930002 -0.306262 0.203222 -0.504304 0.187351 -0.87068 -0.45477 0.485867 
1534333807260 0.122167 0.860984 -0.493743 -0.61004 -0.959773 0.229194 0.16219 -0.228158 0.252805 0.454067 0.854349 0.407112 0.31622 -0.384863 0.867113 0.400795 -0.930002 -0.306262 0.203222 -0.504304 0.187351 -0.87068 -0.45477 0.485867 
1534333807325 0.121864 0.861093 -0.493627 -0.610052 -0.959774 0.228978 0.162489 -0.228295 0.252948 0.453969 0.854359 0.407073 0.31622 -0.384863 0.867113 0.400795 -0.930002 -0.306262 0.203222 -0.504304 0.187351 -0.87068 -0.45477 0.485867 
1534333807355 0.122721 0.860937 -0.493687 -0.610029 -0.959742 0.229592 0.161809 -0.22798 0.252654 0.453955 0.854454 0.407279 0.31622 -0.384863 0.867113 0.400795 -0.930002 -0.306262 0.203222 -0.504304 0.187351 -0.87068 -0.45477 0.485867 
1534333807368 0.122255 0.860922 -0.493829 -0.609916 -0.959833 0.229159 0.161885 -0.228215 0.252536 0.454202 0.854357 0.407272 0.31622 -0.384863 0.867113 0.400795 -0.930002 -0.306262 0.203222 -0.504304 0.187351 -0.87068 -0.45477 0.485867 
1534333807387 0.121788 0.860906 -0.493972 -0.609803 -0.959924 0.228726 0.161961 -0.228452 0.252417 0.45445 0.85426 0.407265 0.31622 -0.384863 0.867113 0.400795 -0.930002 -0.306262 0.203222 -0.504304 0.187351 -0.87068 -0.45477 0.485867 
1534333807417 0.121321 0.86089 -0.494114 -0.609692 -0.960014 0.228292 0.162037 -0.22869 0.252299 0.454698 0.854163 0.407259 0.31622 -0.384863 0.867113 0.400795 -0.930002 -0.306262 0.203222 -0.504304 0.187351 -0.87068 -0.45477 0.485867 
1534333807537 0.120854 0.860874 -0.494257 -0.609579 -0.960104 0.227859 0.162114 -0.228926 0.25218 0.454946 0.854066 0.407253 0.31622 -0.384863 0.867113 0.400795 -0.930002 -0.306262 0.203222 -0.504304 0.187351 -0.87068 -0.45477 0.485867 
1534333807591 0.120387 0.860858 -0.4944 -0.609468 -0.960194 0.227426 0.16219 -0.229164 0.252062 0.455194 0.853969 0.407247 0.31622 -0.384863 0.867113 0.400795 -0.930002 -0.306262 0.203222 -0.504304 0.187351 -0.87068 -0.45477 0.485867 
1534333807688 0.11992 0.860841 -0.494542 -0.609356 -0.960283 0.226993 0.162266 -0.229401 0.251943 0.455441 0.853872 0.407241 0.31622 -0.384863 0.867113 0.400795 -0.930002 -0.306262 0.203222 -0.504304 0.187351 -0.87068 -0.45477 0.485867 
1534333807743 0.119453 0.860824 -0.494685 -0.609246 -0.960373 0.226559 0.162343 -0.229639 0.251824 0.455689 0.853775 0.407234 0.31622 -0.384863 0.867113 0.400795 -0.930002 -0.306262 0.203222 -0.504304 0.187351 -0.87068 -0.45477 0.485867 
1534333807827 0.118986 0.860807 -0.494827 -0.609134 -0.960462 0.226126 0.16242 -0.229876 0.251705 0.455937 0.853678 0.407228 0.31622 -0.384863 0.867113 0.400795 -0.930002 -0.306262 0.203222 -0.504304 0.187351 -0.87068 -0.45477 0.485867 
1534333807889 0.118519 0.86079 -0.494969 -0.609022 -0.960551 0.225692 0.162496 -0.230113 0.251586 0.456184 0.853581 0.407221 0.31622 -0.384863 0.867113 0.400795 -0.930002 -0.306262 0.203222 -0.504304 0.187351 -0.87068 -0.45477 0.485867 
1534333807988 0.11934 0.86069 -0.494945 -0.60913 -0.960415 0.226459 0.162231 -0.229979 0.251715 0.455992 0.853646 0.40717 0.31622 -0.384863 0.867113 0.400795 -0.930002 -0.306262 0.203222 -0.504304 0.187351 -0.87068 -0.45477 0.485867 
1534333807994 0.118934 0.86074 -0.494957 -0.608852 -0.960471 0.2261 0.162399 -0.230083 0.251693 0.456077 0.853607 0.407184 0.31622 -0.384863 0.867113 0.400795 -0.930002 -0.306262 0.203222 -0.504304 0.187351 -0.87068 -0.45477 0.485867 
1534333808001 0.118529 0.860789 -0.494969 -0.608569 -0.960528 0.225741 0.162566 -0.230185 0.25167 0.456162 0.853568 0.407197 0.31622 -0.384863 0.867113 0.400795 -0.930002 -0.306262 0.203222 -0.504304 0.187351 -0.87068 -0.45477 0.485867 
1534333808139 0.118124 0.860837 -0.494981 -0.608287 -0.960583 0.225383 0.162733 -0.230286 0.251647 0.456248 0.853529 0.407211 0.31622 -0.384863 0.867113 0.400795 -0.930002 -0.306262 0.203222 -0.504304 0.187351 -0.87068 -0.45477 0.485867 
1534333808190 0.117719 0.860886 -0.494993 -0.608004 -0.960639 0.225024 0.1629 -0.230388 0.251624 0.456333 0.85349 0.407225 0.31622 -0.384863 0.867113 0.400795 -0.930002 -0.306262 0.203222 -0.504304 0.187351 -0.87068 -0.45477 0.485867 
1534333808278 0.117314 0.860934 -0.495005 -0.607723 -0.960695 0.224666 0.163067 -0.230491 0.2516 0.456418 0.853452 0.407239 0.31622 -0.384863 0.867113 0.400795 -0.930002 -0.306262 0.203222 -0.504304 0.187351 -0.87068 -0.45477 0.485867 
1534333808333 0.116909 0.860983 -0.495016 -0.60744 -0.96075 0.224307 0.163234 -0.230592 0.251577 0.456503 0.853413 0.407253 0.31622 -0.384863 0.867113 0.400795 -0.930002 -0.306262 0.203222 -0.504304 0.187351 -0.87068 -0.45477 0.485867 
1534333808339 0.116504 0.861031 -0.495028 -0.607158 -0.960806 0.223948 0.163401 -0.230694 0.251554 0.456589 0.853374 0.407267 0.31622 -0.384863 0.867113 0.400795 -0.930002 -0.306262 0.203222 -0.504304 0.187351 -0.87068 -0.45477 0.485867 
1534333808464 0.116099 0.861079 -0.49504 -0.606876 -0.960861 0.223589 0.163568 -0.230796 0.251531 0.456674 0.853335 0.407281 0.31622 -0.384863 0.867113 0.400795 -0.930002 -0.306262 0.203222 -0.504304 0.187351 -0.87068 -0.45477 0.485867 
1534333808500 0.115694 0.861127 -0.495051 -0.606593 -0.960916 0.22323 0.163735 -0.230898 0.251507 0.456759 0.853297 0.407295 0.31622 -0.384863 0.867113 0.400795 -0.930002 -0.306262 0.203222 -0.504304 0.187351 -0.87068 -0.45477 0.485867 
1534333808630 0.116279 0.86109 -0.494978 -0.606978 -0.960836 0.223738 0.16351 -0.230741 0.251542 0.45658 0.853382 0.407329 0.31622 -0.384863 0.867113 0.400795 -0.930002 -0.306262 0.203222 -0.504304 0.187351 -0.87068 -0.45477 0.485867 
1534333808637 0.115792 0.861185 -0.494927 -0.606684 -0.960923 0.223256 0.163656 -0.230801 0.251434 0.456637 0.853384 0.407362 0.31622 -0.384863 0.867113 0.400795 -0.930002 -0.306262 0.203222 -0.504304 0.187351 -0.87068 -0.45477 0.485867 
1534333808643 0.115306 0.861279 -0.494876 -0.606385 -0.961009 0.222776 0.163803 -0.230858 0.251327 0.456694 0.853385 0.407395 0.31622 -0.384863 0.867113 0.400795 -0.930002 -0.306262 0.203222 -0.504304 0.187351 -0.87068 -0.45477 0.485867 
1534333808660 0.114821 0.861373 -0.494826 -0.606086 -0.961096 0.222296 0.16395 -0.230915 0.25122 0.45675 0.853386 0.407429 0.31622 -0.384863 0.867113 0.400795 -0.930002 -0.306262 0.203222 -0.504304 0.187351 -0.87068 -0.45477 0.485867 
1534333808821 0.114334 0.861467 -0.494774 -0.605787 -0.961182 0.221816 0.164097 -0.230972 0.251113 0.456806 0.853388 0.407462 0.31622 -0.384863 0.867113 0.400795 -0.930002 -0.306262 0.203222 -0.504304 0.187351 -0.87068 -0.45477 0.485867 
1534333808870 0.113849 0.861561 -0.494724 -0.605489 -0.961267 0.221336 0.164243 -0.23103 0.251006 0.456863 0.853389 0.407496 0.31622 -0.384863 0.867113 0.400795 -0.930002 -0.306262 0.203222 -0.504304 0.187351 -0.87068 -0.45477 0.485867 
1534333808972 0.113363 0.861654 -0.494672 -0.605189 -0.961353 0.220855 0.16439 -0.231087 0.250899 0.456919 0.85339 0.407529 0.31622 -0.384863 0.867113 0.400795 -0.930002 -0.306262 0.203222 -0.504304 0.187351 -0.87068 -0.45477 0.485867 
1534333809029 0.112877 0.861747 -0.494621 -0.604891 -0.961438 0.220375 0.164537 -0.231145 0.250792 0.456975 0.853392 0.407562 0.31622 -0.384863 0.867113 0.400795 -0.930002 -0.306262 0.203222 -0.504304 0.187351 -0.87068 -0.45477 0.485867 
1534333809036 0.112391 0.86184 -0.49457 -0.604591 -0.961522 0.219895 0.164684 -0.231202 0.250685 0.457031 0.853393 0.407596 0.31622 -0.384863 0.867113 0.400795 -0.930002 -0.306262 0.203222 -0.504304 0.187351 -0.87068 -0.45477 0.485867 
1534333809169 0.111905 0.861933 -0.494518 -0.604292 -0.961607 0.219414 0.164831 -0.231259 0.250577 0.457087 0.853395 0.407629 0.31622 -0.384863 0.867113 0.400795 -0.930002 -0.306262 0.203222 -0.504304 0.187351 -0.87068 -0.45477 0.485867 
1534333809229 0.112465 0.861778 -0.494661 -0.604686 -0.961546 0.219917 0.164515 -0.231122 0.25056 0.457137 0.853373 0.407527 0.31622 -0.384863 0.867113 0.400795 -0.930002 -0.306262 0.203222 -0.504304 0.187351 -0.87068 -0.45477 0.485867 
1534333809244 0.11225 0.861837 -0.494608 -0.604463 -0.961581 0.219703 0.164596 -0.231151 0.250522 0.45713 0.853388 0.407565 0.31622 -0.384863 0.867113 0.400795 -0.930002 -0.306262 0.203222 -0.504304 0.187351 -0.87068 -0.45477 0.485867 
1534333809261 0.112034 0.861896 -0.494555 -0.604235 -0.961616 0.219489 0.164678 -0.231179 0.250484 0.457122 0.853403 0.407603 0.31622 -0.384863 0.867113 0.400795 -0.930002 -0.306262 0.203222 -0.504304 0.187351 -0.87068 -0.45477 0.485867 
1534333809293 0.111819 0.861954 -0.494502 -0.604008 -0.961651 0.219274 0.164759 -0.231206 0.250446 0.457115 0.853418 0.407641 0.31622 -0.384863 0.867113 0.400795 -0.930002 -0.306262 0.203222 -0.504304 0.187351 -0.87068 -0.45477 0.485867 
1534333809364 0.111604 0.862012 -0.494449 -0.603782 -0.961686 0.219061 0.164841 -0.231234 0.250409 0.457107 0.853433 0.407679 0.31622 -0.384863 0.867113 0.400795 -0.930002 -0.306262 0.203222 -0.504304 0.187351 -0.87068 -0.45477 0.485867 
1534333809427 0.111388 0.862071 -0.494395 -0.603554 -0.961721 0.218846 0.164922 -0.231261 0.250371 0.4571 0.853448 0.407717 0.31622 -0.384863 0.867113 0.400795 -0.930002 -0.306262 0.203222 -0.504304 0.187351 -0.87068 -0.45477 0.485867 
1534333809488 0.111173 0.862129 -0.494342 -0.603328 -0.961756 0.218632 0.165004 -0.231289 0.250333 0.457093 0.853463 0.407755 0.31622 -0.384863 0.867113 0.400795 -0.930002 -0.306262 0.203222 -0.504304 0.187351 -0.87068 -0.45477 0.485867 
1534333809550 0.110957 0.862187 -0.494289 -0.6031 -0.96179 0.218418 0.165085 -0.231316 0.250296 0.457085 0.853478 0.407793 0.31622 -0.384863 0.867113 0.400795 -0.930002 -0.306262 0.203222 -0.504304 0.187351 -0.87068 -0.45477 0.485867 
1534333809557 0.110742 0.862245 -0.494236 -0.602873 -0.961825 0.218204 0.165166 -0.231344 0.250258 0.457078 0.853493 0.407831 0.31622 -0.384863 0.867113 0.400795 -0.930002 -0.306262 0.203222 -0.504304 0.187351 -0.87068 -0.45477 0.485867 
1534333809674 0.110526 0.862304 -0.494183 -0.602647 -0.961859 0.21799 0.165248 -0.231372 0.250221 0.45707 0.853508 0.40787 0.31622 -0.384863 0.867113 0.400795 -0.930002 -0.306262 0.203222 -0.504304 0.187351 -0.87068 -0.45477 0.485867 
1534333809744 0.111059 0.862169 -0.494299 -0.60295 -0.9618 0.218469 0.164962 -0.231418 0.250214 0.457096 0.853496 0.40777 0.31622 -0.384863 0.867113 0.400795 -0.930002 -0.306262 0.203222 -0.504304 0.187351 -0.87068 -0.45477 0.485867 
1534333809755 0.11072 0.862079 -0.494531 -0.602796 -0.961749 0.218385 0.165369 -0.231461 0.250559 0.457305 0.853283 0.407822 0.31622 -0.384863 0.867113 0.400795 -0.930002 -0.306262 0.203222 -0.504304 0.187351 -0.87068 -0.45477 0.485867 
1534333809772 0.110382 0.861989 -0.494763 -0.602638 -0.961698 0.218302 0.165777 -0.231501 0.250906 0.457514 0.853069 0.407875 0.31622 -0.384863 0.867113 0.400795 -0.930002 -0.306262 0.203222 -0.504304 0.187351 -0.87068 -0.45477 0.485867 
1534333809789 0.110043 0.861899 -0.494995 -0.602481 -0.961646 0.218219 0.166184 -0.231542 0.251252 0.457723 0.852856 0.407928 0.31622 -0.384863 0.867113 0.400795 -0.930002 -0.306262 0.203222 -0.504304 0.187351 -0.87068 -0.45477 0.485867 
1534333809805 0.109705 0.861809 -0.495227 -0.602324 -0.961594 0.218137 0.166592 -0.231583 0.251598 0.457931 0.852641 0.40798 0.31622 -0.384863 0.867113 0.400795 -0.930002 -0.306262 0.203222 -0.504304 0.187351 -0.87068 -0.45477 0.485867 
1534333809892 0.109366 0.861719 -0.495458 -0.602166 -0.961542 0.218054 0.167 -0.231624 0.251944 0.45814 0.852427 0.408033 0.31622 -0.384863 0.867113 0.400795 -0.930002 -0.306262 0.203222 -0.504304 0.187351 -0.87068 -0.45477 0.485867 
1534333809938 0.109028 0.861629 -0.49569 -0.602009 -0.96149 0.217972 0.167407 -0.231665 0.25229 0.458349 0.852213 0.408085 0.31622 -0.384863 0.867113 0.400795 -0.930002 -0.306262 0.203222 -0.504304 0.187351 -0.87068 -0.45477 0.485867 
1534333809988 0.108689 0.861539 -0.495921 -0.601851 -0.961438 0.21789 0.167815 -0.231705 0.252635 0.458557 0.851998 0.408138 0.31622 -0.384863 0.867113 0.400795 -0.930002 -0.306262 0.203222 -0.504304 0.187351 -0.87068 -0.45477 0.485867 
1534333810035 0.10835 0.861448 -0.496152 -0.601694 -0.961385 0.217808 0.168223 -0.231746 0.252981 0.458766 0.851783 0.40819 0.31622 -0.384863 0.867113 0.400795 -0.930002 -0.306262 0.203222 -0.504304 0.187351 -0.87068 -0.45477 0.485867 
1534333810078 0.108011 0.861358 -0.496383 -0.601537 -0.961332 0.217726 0.16863 -0.231787 0.253326 0.458975 0.851568 0.408243 0.31622 -0.384863 0.867113 0.400795 -0.930002 -0.306262 0.203222 -0.504304 0.187351 -0.87068 -0.45477 0.485867 
1534333810141 0.108648 0.861509 -0.495982 -0.601905 -0.961469 0.217818 0.167728 -0.231607 0.252533 0.458648 0.85198 0.408075 0.31622 -0.384863 0.867113 0.400795 -0.930002 -0.306262 0.203222 -0.504304 0.187351 -0.87068 -0.45477 0.485867 
1534333810153 0.108457 0.861554 -0.495946 -0.601782 -0.961439 0.21774 0.168003 -0.231634 0.252731 0.458601 0.851946 0.408076 0.31622 -0.384863 0.867113 0.400795 -0.930002 -0.306262 0.203222 -0.504304 0.187351 -0.87068 -0.45477 0.485867 
1534333810169 0.108265 0.861598 -0.49591 -0.601653 -0.961408 0.217662 0.168278 -0.231658 0.252929 0.458554 0.851913 0.408078 0.31622 -0.384863 0.867113 0.400795 -0.930002 -0.306262 0.203222 -0.504304 0.187351 -0.87068 -0.45477 0.485867 
1534333810186 0.108073 0.861643 -0.495875 -0.601525 -0.961378 0.217585 0.168553 -0.231683 0.253127 0.458507 0.851879 0.408079 0.31622 -0.384863 0.867113 0.400795 -0.930002 -0.306262 0.203222 -0.504304 0.187351 -0.87068 -0.45477 0.485867 
1534333810203 0.107881 0.861687 -0.495839 -0.601396 -0.961347 0.217507 0.168828 -0.231707 0.253325 0.45846 0.851845 0.408081 0.31622 -0.384863 0.867113 0.400795 -0.930002 -0.306262 0.203222 -0.504304 0.187351 -0.87068 -0.45477 0.485867 
1534333810277 0.10769 0.861732 -0.495804 -0.601269 -0.961316 0.217429 0.169103 -0.231733 0.253524 0.458414 0.851811 0.408083 0.31622 -0.384863 0.867113 0.400795 -0.930002 -0.306262 0.203222 -0.504304 0.187351 -0.87068 -0.45477 0.485867 
1534333810284 0.107498 0.861776 -0.495768 -0.60114 -0.961285 0.217351 0.169378 -0.231757 0.253722 0.458367 0.851778 0.408084 0.31622 -0.384863 0.867113 0.400795 -0.930002 -0.306262 0.203222 -0.504304 0.187351 -0.87068 -0.45477 0.485867 
1534333810353 0.107306 0.861821 -0.495732 -0.601012 -0.961254 0.217274 0.169653 -0.231782 0.25392 0.45832 0.851744 0.408086 0.31622 -0.384863 0.867113 0.400795 -0.930002 -0.306262 0.203222 -0.504304 0.187351 -0.87068 -0.45477 0.485867 
1534333810360 0.107114 0.861865 -0.495697 -0.600885 -0.961223 0.217196 0.169928 -0.231807 0.254118 0.458273 0.85171 0.408087 0.31622 -0.384863 0.867113 0.400795 -0.930002 -0.306262 0.203222 -0.504304 0.187351 -0.87068 -0.45477 0.485867 
1534333810395 0.106922 0.86191 -0.495661 -0.600756 -0.961192 0.217118 0.170203 -0.231831 0.254316 0.458227 0.851676 0.408089 0.31622 -0.384863 0.867113 0.400795 -0.930002 -0.306262 0.203222 -0.504304 0.187351 -0.87068 -0.45477 0.485867 
1534333810432 0.107219 0.861781 -0.49582 -0.601239 -0.961369 0.217027 0.169321 -0.23158 0.253524 0.458511 0.851759 0.40797 0.31622 -0.384863 0.867113 0.400795 -0.930002 -0.306262 0.203222 -0.504304 0.187351 -0.87068 -0.45477 0.485867 
1534333810445 0.107176 0.861811 -0.495777 -0.601128 -0.961419 0.216899 0.169198 -0.231579 0.25335 0.458516 0.851808 0.407949 0.31622 -0.384863 0.867113 0.400795 -0.930002 -0.306262 0.203222 -0.504304 0.187351 -0.87068 -0.45477 0.485867 
1534333810462 0.107136 0.86184 -0.495735 -0.601012 -0.96147 0.216772 0.169073 -0.231576 0.253176 0.45852 0.851857 0.407929 0.31622 -0.384863 0.867113 0.400795 -0.930002 -0.306262 0.203222 -0.504304 0.187351 -0.87068 -0.45477 0.485867 
1534333810478 0.107095 0.86187 -0.495692 -0.600896 -0.96152 0.216645 0.168949 -0.231574 0.253001 0.458525 0.851907 0.407908 0.31622 -0.384863 0.867113 0.400795 -0.930002 -0.306262 0.203222 -0.504304 0.187351 -0.87068 -0.45477 0.485867 
1534333810495 0.107053 0.8619 -0.49565 -0.60078 -0.961571 0.216518 0.168825 -0.231571 0.252827 0.458529 0.851956 0.407888 0.31622 -0.384863 0.867113 0.400795 -0.930002 -0.306262 0.203222 -0.504304 0.187351 -0.87068 -0.45477 0.485867 
1534333810512 0.107012 0.861929 -0.495607 -0.600665 -0.961621 0.216392 0.1687 -0.231568 0.252653 0.458533 0.852006 0.407867 0.31622 -0.384863 0.867113 0.400795 -0.930002 -0.306262 0.203222 -0.504304 0.187351 -0.87068 -0.45477 0.485867 
1534333810548 0.106971 0.861959 -0.495565 -0.600548 -0.961671 0.216264 0.168576 -0.231565 0.252478 0.458538 0.852055 0.407847 0.31622 -0.384863 0.867113 0.400795 -0.930002 -0.306262 0.203222 -0.504304 0.187351 -0.87068 -0.45477 0.485867 
1534333810608 0.10693 0.861988 -0.495522 -0.600433 -0.961722 0.216138 0.168451 -0.231562 0.252304 0.458542 0.852104 0.407826 0.31622 -0.384863 0.867113 0.400795 -0.930002 -0.306262 0.203222 -0.504304 0.187351 -0.87068 -0.45477 0.485867 
1534333810645 0.106889 0.862018 -0.49548 -0.600317 -0.961772 0.216011 0.168327 -0.23156 0.25213 0.458546 0.852154 0.407806 0.31622 -0.384863 0.867113 0.400795 -0.930002 -0.306262 0.203222 -0.504304 0.187351 -0.87068 -0.45477 0.485867 
1534333810679 0.106847 0.862048 -0.495437 -0.6002 -0.961822 0.215883 0.168203 -0.231556 0.251955 0.45855 0.852203 0.407785 0.31622 -0.384863 0.867113 0.400795 -0.930002 -0.306262 0.203222 -0.504304 0.187351 -0.87068 -0.45477 0.485867 
1534333810734 0.106795 0.861948 -0.495622 -0.60054 -0.96174 0.216035 0.168479 -0.231497 0.252292 0.458667 0.852041 0.40777 0.31622 -0.384863 0.867113 0.400795 -0.930002 -0.306262 0.203222 -0.504304 0.187351 -0.87068 -0.45477 0.485867 
1534333810746 0.106845 0.861951 -0.495605 -0.600454 -0.961848 0.215867 0.168075 -0.231489 0.251858 0.458739 0.85213 0.407777 0.31622 -0.384863 0.867113 0.400795 -0.930002 -0.306262 0.203222 -0.504304 0.187351 -0.87068 -0.45477 0.485867 
1534333810763 0.106894 0.861955 -0.495588 -0.600362 -0.961956 0.2157 0.167672 -0.231479 0.251424 0.458811 0.85222 0.407785 0.31622 -0.384863 0.867113 0.400795 -0.930002 -0.306262 0.203222 -0.504304 0.187351 -0.87068 -0.45477 0.485867 
1534333810779 0.106943 0.861959 -0.495571 -0.600272 -0.962064 0.215532 0.167268 -0.231468 0.25099 0.458883 0.852309 0.407793 0.31622 -0.384863 0.867113 0.400795 -0.930002 -0.306262 0.203222 -0.504304 0.187351 -0.87068 -0.45477 0.485867 
1534333810796 0.106993 0.861962 -0.495554 -0.60018 -0.962172 0.215364 0.166865 -0.231458 0.250556 0.458954 0.852398 0.407801 0.31622 -0.384863 0.867113 0.400795 -0.930002 -0.306262 0.203222 -0.504304 0.187351 -0.87068 -0.45477 0.485867 
1534333810839 0.107043 0.861966 -0.495537 -0.600091 -0.962279 0.215197 0.166461 -0.231448 0.250122 0.459026 0.852487 0.407809 0.31622 -0.384863 0.867113 0.400795 -0.930002 -0.306262 0.203222 -0.504304 0.187351 -0.87068 -0.45477 0.485867 
1534333810889 0.107092 0.86197 -0.495519 -0.600001 -0.962386 0.215029 0.166057 -0.231439 0.249688 0.459098 0.852576 0.407817 0.31622 -0.384863 0.867113 0.400795 -0.930002 -0.306262 0.203222 -0.504304 0.187351 -0.87068 -0.45477 0.485867 
1534333810943 0.107141 0.861974 -0.495502 -0.599909 -0.962493 0.214861 0.165654 -0.231428 0.249254 0.459169 0.852664 0.407825 0.31622 -0.384863 0.867113 0.400795 -0.930002 -0.306262 0.203222 -0.504304 0.187351 -0.87068 -0.45477 0.485867 
1534333810967 0.107191 0.861977 -0.495485 -0.599819 -0.9626 0.214694 0.16525 -0.231418 0.248819 0.459241 0.852753 0.407833 0.31622 -0.384863 0.867113 0.400795 -0.930002 -0.306262 0.203222 -0.504304 0.187351 -0.87068 -0.45477 0.485867 
1534333811000 0.107241 0.861981 -0.495468 -0.599728 -0.962707 0.214526 0.164846 -0.231408 0.248385 0.459312 0.852841 0.407841 0.31622 -0.384863 0.867113 0.400795 -0.930002 -0.306262 0.203222 -0.504304 0.187351 -0.87068 -0.45477 0.485867 
1534333811053 0.106914 0.86187 -0.495732 -0.600014 -0.962467 0.214804 0.165881 -0.23138 0.249454 0.45939 0.852487 0.407751 0.31622 -0.384863 0.867113 0.400795 -0.930002 -0.306262 0.203222 -0.504304 0.187351 -0.87068 -0.45477 0.485867 
1534333811065 0.106885 0.861868 -0.495742 -0.599938 -0.962489 0.214746 0.165826 -0.231396 0.249379 0.459422 0.852492 0.407754 0.31622 -0.384863 0.867113 0.400795 -0.930002 -0.306262 0.203222 -0.504304 0.187351 -0.87068 -0.45477 0.485867 
1534333811082 0.106858 0.861865 -0.495751 -0.599856 -0.962512 0.214689 0.16577 -0.231409 0.249304 0.459453 0.852497 0.407757 0.31622 -0.384863 0.867113 0.400795 -0.930002 -0.306262 0.203222 -0.504304 0.187351 -0.87068 -0.45477 0.485867 
1534333811098 0.106831 0.861863 -0.495761 -0.599775 -0.962534 0.214632 0.165714 -0.231423 0.249229 0.459484 0.852502 0.40776 0.31622 -0.384863 0.867113 0.400795 -0.930002 -0.306262 0.203222 -0.504304 0.187351 -0.87068 -0.45477 0.485867 
1534333811115 0.106803 0.861861 -0.495771 -0.599693 -0.962557 0.214574 0.165659 -0.231436 0.249154 0.459515 0.852507 0.407763 0.31622 -0.384863 0.867113 0.400795 -0.930002 -0.306262 0.203222 -0.504304 0.187351 -0.87068 -0.45477 0.485867 
1534333811132 0.106776 0.861859 -0.495781 -0.599613 -0.962579 0.214517 0.165602 -0.23145 0.249079 0.459546 0.852512 0.407766 0.31622 -0.384863 0.867113 0.400795 -0.930002 -0.306262 0.203222 -0.504304 0.187351 -0.87068 -0.45477 0.485867 
1534333811148 0.106749 0.861857 -0.49579 -0.599531 -0.962602 0.214459 0.165547 -0.231463 0.249004 0.459577 0.852518 0.407769 0.31622 -0.384863 0.867113 0.400795 -0.930002 -0.306262 0.203222 -0.504304 0.187351 -0.87068 -0.45477 0.485867 
1534333811165 0.106722 0.861854 -0.4958 -0.599451 -0.962624 0.214402 0.165491 -0.231477 0.248929 0.459608 0.852523 0.407772 0.31622 -0.384863 0.867113 0.400795 -0.930002 -0.306262 0.203222 -0.504304 0.187351 -0.87068 -0.45477 0.485867 
1534333811182 0.106694 0.861852 -0.49581 -0.59937 -0.962646 0.214344 0.165435 -0.231491 0.248854 0.459639 0.852528 0.407775 0.31622 -0.384863 0.867113 0.400795 -0.930002 -0.306262 0.203222 -0.504304 0.187351 -0.87068 -0.45477 0.485867 
1534333811261 0.106667 0.86185 -0.49582 -0.599288 -0.962669 0.214286 0.165379 -0.231504 0.248779 0.45967 0.852533 0.407778 0.31622 -0.384863 0.867113 0.400795 -0.930002 -0.306262 0.203222 -0.504304 0.187351 -0.87068 -0.45477 0.485867 
1534333811285 0.106869 0.861841 -0.495791 -0.599584 -0.962553 0.214627 0.165608 -0.231503 0.249138 0.459527 0.852505 0.407812 0.31622 -0.384863 0.867113 0.400795 -0.930002 -0.306262 0.203222 -0.504304 0.187351 -0.87068 -0.45477 0.485867 
1534333811298 0.106554 0.861861 -0.495824 -0.599507 -0.962473 0.214574 0.166142 -0.231573 0.249582 0.459515 0.852382 0.407855 0.31622 -0.384863 0.867113 0.400795 -0.930002 -0.306262 0.203222 -0.504304 0.187351 -0.87068 -0.45477 0.485867 
1534333811314 0.106239 0.861881 -0.495857 -0.599428 -0.962393 0.21452 0.166675 -0.231642 0.250026 0.459502 0.852259 0.407898 0.31622 -0.384863 0.867113 0.400795 -0.930002 -0.306262 0.203222 -0.504304 0.187351 -0.87068 -0.45477 0.485867 
1534333811332 0.105923 0.861901 -0.495889 -0.599347 -0.962313 0.214466 0.167209 -0.231711 0.250469 0.459489 0.852136 0.407941 0.31622 -0.384863 0.867113 0.400795 -0.930002 -0.306262 0.203222 -0.504304 0.187351 -0.87068 -0.45477 0.485867 
1534333811443 0.105608 0.861922 -0.495921 -0.599267 -0.962232 0.214412 0.167743 -0.23178 0.250913 0.459476 0.852012 0.407984 0.31622 -0.384863 0.867113 0.400795 -0.930002 -0.306262 0.203222 -0.504304 0.187351 -0.87068 -0.45477 0.485867 
1534333811470 0.105292 0.861942 -0.495953 -0.599187 -0.96215 0.214358 0.168277 -0.23185 0.251356 0.459463 0.851888 0.408028 0.31622 -0.384863 0.867113 0.400795 -0.930002 -0.306262 0.203222 -0.504304 0.187351 -0.87068 -0.45477 0.485867 
1534333811504 0.104977 0.861962 -0.495986 -0.599106 -0.962069 0.214305 0.16881 -0.231918 0.2518 0.459451 0.851764 0.408071 0.31622 -0.384863 0.867113 0.400795 -0.930002 -0.306262 0.203222 -0.504304 0.187351 -0.87068 -0.45477 0.485867 
1534333811586 0.104662 0.861982 -0.496017 -0.599026 -0.961987 0.214251 0.169343 -0.231987 0.252243 0.459439 0.851639 0.408114 0.31622 -0.384863 0.867113 0.400795 -0.930002 -0.306262 0.203222 -0.504304 0.187351 -0.87068 -0.45477 0.485867 
1534333811615 0.104347 0.862002 -0.496049 -0.598946 -0.961905 0.214198 0.169877 -0.232056 0.252686 0.459426 0.851515 0.408157 0.31622 -0.384863 0.867113 0.400795 -0.930002 -0.306262 0.203222 -0.504304 0.187351 -0.87068 -0.45477 0.485867 
1534333811621 0.104031 0.862022 -0.496081 -0.598865 -0.961823 0.214144 0.17041 -0.232125 0.25313 0.459414 0.85139 0.4082 0.31622 -0.384863 0.867113 0.400795 -0.930002 -0.306262 0.203222 -0.504304 0.187351 -0.87068 -0.45477 0.485867 
1534333811738 0.104844 0.861881 -0.496154 -0.599018 -0.961948 0.21447 0.169288 -0.232095 0.252316 0.459525 0.851571 0.408081 0.31622 -0.384863 0.867113 0.400795 -0.930002 -0.306262 0.203222 -0.504304 0.187351 -0.87068 -0.45477 0.485867 
1534333811751 0.104592 0.862015 -0.495974 -0.598917 -0.961925 0.214309 0.169622 -0.23215 0.252509 0.459348 0.851609 0.408059 0.31622 -0.384863 0.867113 0.400795 -0.930002 -0.306262 0.203222 -0.504304 0.187351 -0.87068 -0.45477 0.485867 
1534333811767 0.10434 0.86215 -0.495793 -0.598812 -0.961901 0.214149 0.169958 -0.232204 0.252703 0.45917 0.851648 0.408038 0.31622 -0.384863 0.867113 0.400795 -0.930002 -0.306262 0.203222 -0.504304 0.187351 -0.87068 -0.45477 0.485867 
1534333811784 0.104089 0.862284 -0.495612 -0.598707 -0.961877 0.21399 0.170294 -0.232258 0.252898 0.458992 0.851686 0.408016 0.31622 -0.384863 0.867113 0.400795 -0.930002 -0.306262 0.203222 -0.504304 0.187351 -0.87068 -0.45477 0.485867 
1534333811800 0.103838 0.862419 -0.495431 -0.598601 -0.961854 0.213831 0.170629 -0.232311 0.253092 0.458814 0.851724 0.407995 0.31622 -0.384863 0.867113 0.400795 -0.930002 -0.306262 0.203222 -0.504304 0.187351 -0.87068 -0.45477 0.485867 
1534333811892 0.103587 0.862553 -0.49525 -0.598495 -0.961829 0.213671 0.170964 -0.232365 0.253286 0.458637 0.851762 0.407973 0.31622 -0.384863 0.867113 0.400795 -0.930002 -0.306262 0.203222 -0.504304 0.187351 -0.87068 -0.45477 0.485867 
1534333811950 0.103335 0.862687 -0.495069 -0.598391 -0.961805 0.213511 0.171299 -0.232419 0.25348 0.458459 0.8518 0.407952 0.31622 -0.384863 0.867113 0.400795 -0.930002 -0.306262 0.203222 -0.504304 0.187351 -0.87068 -0.45477 0.485867 
1534333811975 0.103085 0.862821 -0.494888 -0.598286 -0.961781 0.213352 0.171634 -0.232473 0.253675 0.458281 0.851838 0.40793 0.31622 -0.384863 0.867113 0.400795 -0.930002 -0.306262 0.203222 -0.504304 0.187351 -0.87068 -0.45477 0.485867 
1534333812001 0.102833 0.862954 -0.494707 -0.59818 -0.961757 0.213192 0.171969 -0.232526 0.253869 0.458104 0.851875 0.407909 0.31622 -0.384863 0.867113 0.400795 -0.930002 -0.306262 0.203222 -0.504304 0.187351 -0.87068 -0.45477 0.485867 
1534333812065 0.102582 0.863088 -0.494526 -0.598075 -0.961732 0.213032 0.172304 -0.232579 0.254063 0.457926 0.851913 0.407887 0.31622 -0.384863 0.867113 0.400795 -0.930002 -0.306262 0.203222 -0.504304 0.187351 -0.87068 -0.45477 0.485867 
1534333812109 0.103316 0.862736 -0.494987 -0.598334 -0.961774 0.213538 0.171439 -0.232448 0.253606 0.458354 0.851819 0.407937 0.31622 -0.384863 0.867113 0.400795 -0.930002 -0.306262 0.203222 -0.504304 0.187351 -0.87068 -0.45477 0.485867 
1534333812122 0.103197 0.862767 -0.494958 -0.598185 -0.96186 0.213299 0.171259 -0.232477 0.253331 0.458407 0.851872 0.407935 0.31622 -0.384863 0.867113 0.400795 -0.930002 -0.306262 0.203222 -0.504304 0.187351 -0.87068 -0.45477 0.485867 
1534333812136 0.10308 0.862797 -0.49493 -0.598031 -0.961944 0.213062 0.171078 -0.232505 0.253057 0.45846 0.851925 0.407933 0.31622 -0.384863 0.867113 0.400795 -0.930002 -0.306262 0.203222 -0.504304 0.187351 -0.87068 -0.45477 0.485867 
1534333812153 0.102963 0.862828 -0.494901 -0.59788 -0.962029 0.212824 0.170897 -0.232534 0.252782 0.458513 0.851978 0.407931 0.31622 -0.384863 0.867113 0.400795 -0.930002 -0.306262 0.203222 -0.504304 0.187351 -0.87068 -0.45477 0.485867 
1534333812232 0.102845 0.862858 -0.494873 -0.597727 -0.962114 0.212586 0.170717 -0.232561 0.252507 0.458566 0.852031 0.407929 0.31622 -0.384863 0.867113 0.400795 -0.930002 -0.306262 0.203222 -0.504304 0.187351 -0.87068 -0.45477 0.485867 
1534333812289 0.102727 0.862889 -0.494844 -0.597573 -0.962198 0.212348 0.170536 -0.232589 0.252233 0.458619 0.852084 0.407927 0.31622 -0.384863 0.867113 0.400795 -0.930002 -0.306262 0.203222 -0.504304 0.187351 -0.87068 -0.45477 0.485867 
1534333812330 0.10261 0.862919 -0.494815 -0.597421 -0.962283 0.212111 0.170355 -0.232617 0.251958 0.458672 0.852137 0.407925 0.31622 -0.384863 0.867113 0.400795 -0.930002 -0.306262 0.203222 -0.504304 0.187351 -0.87068 -0.45477 0.485867 
1534333812378 0.102492 0.862949 -0.494787 -0.597269 -0.962367 0.211873 0.170174 -0.232645 0.251684 0.458725 0.852189 0.407923 0.31622 -0.384863 0.867113 0.400795 -0.930002 -0.306262 0.203222 -0.504304 0.187351 -0.87068 -0.45477 0.485867 
1534333812419 0.102375 0.86298 -0.494758 -0.597114 -0.962452 0.211635 0.169993 -0.232672 0.251409 0.458778 0.852242 0.407922 0.31622 -0.384863 0.867113 0.400795 -0.930002 -0.306262 0.203222 -0.504304 0.187351 -0.87068 -0.45477 0.485867 
1534333812461 0.102257 0.86301 -0.49473 -0.596962 -0.962536 0.211397 0.169812 -0.2327 0.251134 0.45883 0.852295 0.40792 0.31622 -0.384863 0.867113 0.400795 -0.930002 -0.306262 0.203222 -0.504304 0.187351 -0.87068 -0.45477 0.485867 
1534333812511 0.102361 0.862975 -0.494769 -0.597339 -0.962378 0.211762 0.170252 -0.232518 0.251696 0.458727 0.852185 0.407892 0.31622 -0.384863 0.867113 0.400795 -0.930002 -0.306262 0.203222 -0.504304 0.187351 -0.87068 -0.45477 0.485867 
1534333812523 0.102219 0.862999 -0.494756 -0.59718 -0.962422 0.211585 0.170224 -0.232528 0.251586 0.458764 0.852197 0.407921 0.31622 -0.384863 0.867113 0.400795 -0.930002 -0.306262 0.203222 -0.504304 0.187351 -0.87068 -0.45477 0.485867 
1534333812530 0.102078 0.863022 -0.494745 -0.597016 -0.962466 0.211408 0.170195 -0.232537 0.251475 0.458802 0.852209 0.407951 0.31622 -0.384863 0.867113 0.400795 -0.930002 -0.306262 0.203222 -0.504304 0.187351 -0.87068 -0.45477 0.485867 
1534333812543 0.101937 0.863045 -0.494734 -0.596852 -0.962509 0.211232 0.170167 -0.232545 0.251365 0.45884 0.852221 0.40798 0.31622 -0.384863 0.867113 0.400795 -0.930002 -0.306262 0.203222 -0.504304 0.187351 -0.87068 -0.45477 0.485867 
1534333812549 0.101796 0.863068 -0.494723 -0.59669 -0.962553 0.211055 0.170138 -0.232554 0.251255 0.458878 0.852233 0.40801 0.31622 -0.384863 0.867113 0.400795 -0.930002 -0.306262 0.203222 -0.504304 0.187351 -0.87068 -0.45477 0.485867 
1534333812633 0.101655 0.863091 -0.494712 -0.596525 -0.962597 0.210879 0.17011 -0.232562 0.251145 0.458916 0.852245 0.408039 0.31622 -0.384863 0.867113 0.400795 -0.930002 -0.306262 0.203222 -0.504304 0.187351 -0.87068 -0.45477 0.485867 
1534333812709 0.101513 0.863114 -0.494701 -0.596363 -0.962641 0.210702 0.170081 -0.232571 0.251034 0.458954 0.852257 0.408069 0.31622 -0.384863 0.867113 0.400795 -0.930002 -0.306262 0.203222 -0.504304 0.187351 -0.87068 -0.45477 0.485867 
1534333812716 0.101372 0.863137 -0.49469 -0.596198 -0.962684 0.210526 0.170053 -0.232579 0.250924 0.458992 0.85227 0.408098 0.31622 -0.384863 0.867113 0.400795 -0.930002 -0.306262 0.203222 -0.504304 0.187351 -0.87068 -0.45477 0.485867 
