0.275657 -0.8825 0.381061 -0.604483 0.633204 0.464965 0.618757 -0.181741 -0.723233 0.0707247 0.686973 0.426588 -0.0157227 -0.994328 -0.105189 0.374562 -0.152771 0.106356 -0.982522 -0.491518 0.988136 0.000621938 -0.153577 0.44064 
0.253065 -0.943704 0.213027 0.420533 -0.141007 -0.253823 -0.956917 -0.351917 0.957118 0.212124 -0.197303 0.789374 -0.0156038 -0.994383 -0.104688 0.375688 -0.153091 0.105842 -0.982528 -0.491425 0.988089 0.000695598 -0.153882 0.440685 
0.190657 -0.949375 0.249676 0.341173 0.0933737 -0.23565 -0.967342 -0.403022 0.977206 0.207743 0.0437185 0.723742 -0.0154846 -0.994437 -0.104187 0.376813 -0.153409 0.105329 -0.982533 -0.49133 0.988041 0.000769113 -0.154186 0.440731 
0.14121 -0.953321 0.266904 0.231558 0.356227 -0.202616 -0.912167 -0.220296 0.923668 0.223886 0.310987 0.895308 -0.0153654 -0.994491 -0.103686 0.377938 -0.153727 0.104815 -0.982538 -0.491235 0.987994 0.0008422 -0.15449 0.440776 
0.168068 -0.903703 0.393794 -0.254125 0.665572 -0.190648 -0.721572 -0.000121093 0.727163 0.383372 0.569438 1.04446 -0.0152464 -0.994545 -0.103185 0.379063 -0.154044 0.104302 -0.982543 -0.491138 0.987946 0.000914898 -0.154794 0.440822 
0.0438059 -0.954355 0.295446 -0.380149 0.827968 -0.130809 -0.545305 -0.374229 0.559061 0.268508 0.784445 0.90383 -0.0151272 -0.994599 -0.102684 0.380186 -0.154362 0.103788 -0.982548 -0.491041 0.987899 0.000987342 -0.155098 0.440867 
-0.0317052 -0.968313 0.247718 -0.408992 0.931084 -0.118731 -0.344944 -0.433466 0.363426 0.219709 0.905345 0.802256 -0.0150072 -0.994652 -0.102184 0.381303 -0.154679 0.103275 -0.982552 -0.490942 0.987851 0.00106033 -0.155401 0.440914 
-0.0851518 -0.969094 0.231531 -0.487389 0.988571 -0.111186 -0.101805 -0.380521 0.124401 0.220216 0.967486 0.700681 -0.0148813 -0.994705 -0.101686 0.382383 -0.154995 0.102762 -0.982556 -0.490832 0.987803 0.00113907 -0.155704 0.440962 
