1533305439153 0.133061 0.934696 -0.329604 -0.599605 -0.95764 0.206943 0.200251 -0.22284 0.255383 0.288996 0.922638 0.38227 1 0 0 0 0 1 0 0 0 0 1 1.306 
1533305439165 0.134933 0.9358 -0.325687 -0.600199 -0.956031 0.209332 0.20539 -0.222841 0.26038 0.283653 0.922899 0.382077 0.313239 -0.3866 0.867422 0.386189 -0.93126 -0.304042 0.200784 -0.500186 0.186109 -0.870689 -0.455263 0.505382 
1533305439182 0.136826 0.936878 -0.321773 -0.600792 -0.954391 0.211692 0.210533 -0.222843 0.26536 0.278291 0.923113 0.381884 0.316244 -0.384866 0.867103 0.400217 -0.929998 -0.306258 0.203249 -0.50405 0.187334 -0.87068 -0.454777 0.486145 
1533305439200 0.138739 0.937931 -0.317862 -0.601386 -0.952721 0.21402 0.215681 -0.222844 0.270322 0.27291 0.92328 0.38169 0.316258 -0.384857 0.867102 0.400836 -0.929992 -0.306267 0.203261 -0.504368 0.187338 -0.870681 -0.454774 0.485921 
1533305439215 0.140673 0.938959 -0.313954 -0.601979 -0.95102 0.216319 0.220832 -0.222845 0.275266 0.267512 0.923399 0.381497 0.316239 -0.384881 0.867098 0.400855 -0.93 -0.306257 0.203241 -0.504361 0.187331 -0.870674 -0.454789 0.485943 
1533305439232 0.142627 0.939961 -0.31005 -0.602573 -0.949289 0.218585 0.225987 -0.222847 0.280192 0.262095 0.923471 0.381304 0.316214 -0.384899 0.867099 0.400827 -0.930009 -0.306245 0.203216 -0.504329 0.187327 -0.87067 -0.454799 0.48594 
1533305439250 0.144602 0.940937 -0.306149 -0.603166 -0.947528 0.220822 0.231145 -0.222848 0.285097 0.256661 0.923496 0.381111 0.3162 -0.384907 0.867101 0.400798 -0.930014 -0.306239 0.203202 -0.504306 0.187326 -0.870669 -0.454801 0.485922 
1533305439265 0.146597 0.941888 -0.302253 -0.603759 -0.945737 0.223027 0.236306 -0.22285 0.289985 0.25121 0.923473 0.380918 0.316197 -0.384904 0.867103 0.400778 -0.930014 -0.30624 0.2032 -0.504292 0.187329 -0.87067 -0.454799 0.485903 
1533305439282 0.148612 0.942812 -0.298362 -0.604345 -0.943915 0.225201 0.241471 -0.222849 0.294853 0.245743 0.923403 0.380726 0.316201 -0.384895 0.867106 0.400765 -0.930012 -0.306246 0.203202 -0.504277 0.187337 -0.870672 -0.454792 0.485883 
1533305439304 0.150651 0.943703 -0.294498 -0.604849 -0.942067 0.227351 0.246619 -0.222819 0.29969 0.240283 0.923282 0.380568 0.316123 -0.384928 0.86712 0.40068 -0.93004 -0.30621 0.20313 -0.504144 0.18733 -0.87067 -0.454798 0.485852 
1533305439324 0.132788 0.934921 -0.329075 -0.599805 -0.95741 0.206876 0.201416 -0.222618 0.256386 0.288314 0.922573 0.382247 1 0 0 0 0 1 0 0 0 0 1 1.306 
1533305439335 0.13469 0.936001 -0.325209 -0.600379 -0.955819 0.209268 0.206439 -0.222641 0.261283 0.283036 0.922834 0.382056 0.313239 -0.3866 0.867422 0.386189 -0.93126 -0.304042 0.200784 -0.500186 0.186109 -0.870689 -0.455263 0.505382 
1533305439352 0.136613 0.937055 -0.321348 -0.600952 -0.954199 0.211631 0.211465 -0.222665 0.266161 0.277741 0.923048 0.381865 0.316244 -0.384866 0.867103 0.400217 -0.929998 -0.306258 0.203249 -0.50405 0.187334 -0.87068 -0.454777 0.486145 
1533305439368 0.138555 0.938085 -0.31749 -0.601526 -0.952549 0.213963 0.216496 -0.222689 0.271023 0.272428 0.923217 0.381674 0.316258 -0.384857 0.867102 0.400836 -0.929992 -0.306267 0.203261 -0.504368 0.187338 -0.870681 -0.454774 0.485921 
1533305439385 0.140517 0.939089 -0.313635 -0.602099 -0.95087 0.216267 0.221531 -0.222712 0.275866 0.267097 0.92334 0.381483 0.316239 -0.384881 0.867098 0.400855 -0.93 -0.306257 0.203241 -0.504361 0.187331 -0.870674 -0.454789 0.485943 
1533305439402 0.142499 0.940068 -0.309784 -0.602673 -0.949161 0.21854 0.22657 -0.222736 0.280691 0.261749 0.923418 0.381293 0.316214 -0.384899 0.867099 0.400827 -0.930009 -0.306245 0.203216 -0.504329 0.187327 -0.87067 -0.454799 0.48594 
1533305439408 0.144501 0.941022 -0.305936 -0.603246 -0.947423 0.220783 0.231611 -0.222759 0.285497 0.256383 0.92345 0.381102 0.3162 -0.384907 0.867101 0.400798 -0.930014 -0.306239 0.203202 -0.504306 0.187326 -0.870669 -0.454801 0.485922 
1533305439422 0.146522 0.941951 -0.302093 -0.603819 -0.945657 0.222997 0.236656 -0.222783 0.290284 0.251001 0.923436 0.380911 0.316197 -0.384904 0.867103 0.400778 -0.930014 -0.30624 0.2032 -0.504292 0.187329 -0.87067 -0.454799 0.485903 
1533305439439 0.148562 0.942854 -0.298255 -0.604385 -0.943861 0.22518 0.241705 -0.222805 0.295053 0.245603 0.923376 0.380721 0.316201 -0.384895 0.867106 0.400765 -0.930012 -0.306246 0.203202 -0.504277 0.187337 -0.870672 -0.454792 0.485883 
1533305439455 0.150626 0.943724 -0.294444 -0.604871 -0.942039 0.22734 0.246738 -0.222797 0.299791 0.240213 0.923268 0.380565 0.316123 -0.384928 0.86712 0.40068 -0.93004 -0.30621 0.20313 -0.504144 0.18733 -0.87067 -0.454798 0.485852 
1533305439483 0.134866 0.936598 -0.323412 -0.600744 -0.955453 0.209402 0.207992 -0.222308 0.262528 0.280954 0.923116 0.382007 1 0 0 0 0 1 0 0 0 0 1 1.306 
1533305439495 0.135983 0.936777 -0.322424 -0.600696 -0.954963 0.210575 0.209054 -0.222207 0.263731 0.279475 0.923222 0.381814 0.313239 -0.3866 0.867422 0.386189 -0.93126 -0.304042 0.200784 -0.500185 0.18611 -0.870689 -0.455263 0.505382 
1533305439512 0.1371 0.936954 -0.321437 -0.600648 -0.954471 0.211746 0.210116 -0.222106 0.264932 0.277995 0.923325 0.381621 0.316244 -0.384866 0.867103 0.400216 -0.929998 -0.306258 0.203249 -0.504049 0.187334 -0.87068 -0.454777 0.486145 
1533305439529 0.138218 0.937127 -0.32045 -0.6006 -0.953976 0.212916 0.21118 -0.222005 0.266131 0.276512 0.923426 0.381428 0.316258 -0.384857 0.867102 0.400836 -0.929992 -0.306267 0.203261 -0.504368 0.187338 -0.870681 -0.454774 0.485921 
1533305439545 0.139337 0.937298 -0.319464 -0.600552 -0.953478 0.214083 0.212244 -0.221904 0.267328 0.275029 0.923523 0.381235 0.316239 -0.384881 0.867098 0.400855 -0.93 -0.306257 0.203241 -0.504361 0.187331 -0.870674 -0.454789 0.485943 
1533305439552 0.140458 0.937466 -0.318478 -0.600504 -0.952978 0.215248 0.21331 -0.221803 0.268522 0.273542 0.923618 0.381042 0.316214 -0.384899 0.867099 0.400827 -0.930009 -0.306245 0.203216 -0.504329 0.187327 -0.87067 -0.454799 0.48594 
1533305439565 0.141579 0.937631 -0.317494 -0.600457 -0.952475 0.216411 0.214376 -0.221702 0.269715 0.272054 0.92371 0.380848 0.3162 -0.384907 0.867101 0.400798 -0.930014 -0.306239 0.203202 -0.504306 0.187326 -0.870669 -0.454801 0.485922 
1533305439582 0.142702 0.937794 -0.316511 -0.600409 -0.95197 0.217572 0.215443 -0.221601 0.270905 0.270565 0.923799 0.380655 0.316197 -0.384904 0.867103 0.400778 -0.930014 -0.30624 0.2032 -0.504292 0.187329 -0.87067 -0.454799 0.485903 
1533305439599 0.143825 0.937953 -0.315528 -0.60036 -0.951462 0.218731 0.216512 -0.2215 0.272094 0.269073 0.923886 0.380463 0.316201 -0.384895 0.867106 0.400765 -0.930012 -0.306246 0.203202 -0.504277 0.187337 -0.870672 -0.454792 0.485883 
1533305439615 0.14495 0.938109 -0.31455 -0.600306 -0.950952 0.219888 0.217578 -0.221396 0.273277 0.267584 0.923969 0.380279 0.316123 -0.384928 0.86712 0.40068 -0.93004 -0.30621 0.20313 -0.504145 0.18733 -0.87067 -0.454798 0.485852 
1533305439640 0.140516 0.938335 -0.315885 -0.6017 -0.951929 0.215752 0.217443 -0.22292 0.272188 0.270146 0.923545 0.381573 1 0 0 0 0 1 0 0 0 0 1 1.306 
1533305439652 0.141574 0.938439 -0.3151 -0.601588 -0.951372 0.216952 0.218683 -0.222839 0.273583 0.268818 0.92352 0.381348 0.313239 -0.3866 0.867422 0.386189 -0.93126 -0.304042 0.200784 -0.500185 0.18611 -0.870689 -0.455263 0.505382 
1533305439669 0.142634 0.938541 -0.314318 -0.601477 -0.950812 0.218151 0.219923 -0.222758 0.274976 0.267489 0.923492 0.381124 0.316244 -0.384866 0.867103 0.400216 -0.929998 -0.306258 0.203249 -0.504049 0.187334 -0.87068 -0.454777 0.486145 
1533305439685 0.143696 0.938641 -0.313535 -0.601365 -0.950249 0.219349 0.221164 -0.222677 0.276367 0.266156 0.923462 0.380899 0.316258 -0.384857 0.867102 0.400836 -0.929992 -0.306267 0.203261 -0.504368 0.187338 -0.870681 -0.454774 0.485921 
1533305439702 0.144758 0.938738 -0.312755 -0.601253 -0.949682 0.220543 0.222405 -0.222596 0.277756 0.264823 0.923429 0.380675 0.316239 -0.384881 0.867098 0.400855 -0.93 -0.306257 0.203241 -0.504361 0.187331 -0.870674 -0.454789 0.485943 
1533305439719 0.145822 0.938833 -0.311975 -0.601141 -0.949113 0.221736 0.223647 -0.222515 0.279143 0.263487 0.923393 0.38045 0.316214 -0.384899 0.867099 0.400827 -0.930009 -0.306245 0.203216 -0.504329 0.187327 -0.87067 -0.454799 0.48594 
1533305439735 0.146886 0.938926 -0.311196 -0.60103 -0.94854 0.222927 0.224889 -0.222435 0.280528 0.262149 0.923354 0.380225 0.3162 -0.384907 0.867101 0.400798 -0.930014 -0.306239 0.203202 -0.504306 0.187326 -0.870669 -0.454801 0.485922 
1533305439752 0.147951 0.939016 -0.310418 -0.600918 -0.947964 0.224116 0.226132 -0.222354 0.281911 0.260809 0.923312 0.380001 0.316197 -0.384904 0.867103 0.400778 -0.930014 -0.30624 0.2032 -0.504292 0.187329 -0.87067 -0.454799 0.485903 
1533305439769 0.149018 0.939104 -0.309642 -0.600806 -0.947386 0.225302 0.227375 -0.222273 0.283292 0.259467 0.923267 0.379776 0.316201 -0.384895 0.867106 0.400765 -0.930012 -0.306246 0.203202 -0.504277 0.187337 -0.870672 -0.454792 0.485883 
1533305439786 0.150085 0.939188 -0.308869 -0.600694 -0.946804 0.226487 0.228616 -0.222189 0.284668 0.258127 0.92322 0.379561 0.316123 -0.384928 0.86712 0.40068 -0.93004 -0.30621 0.20313 -0.504145 0.18733 -0.87067 -0.454798 0.485852 
1533305439810 0.14658 0.938232 -0.313425 -0.601696 -0.94952 0.22229 0.221357 -0.223912 0.277356 0.265157 0.923453 0.380947 1 0 0 0 0 1 0 0 0 0 1 1.306 
1533305439822 0.146969 0.938211 -0.313304 -0.601532 -0.948988 0.223074 0.222845 -0.223885 0.278966 0.264571 0.923136 0.38083 0.313239 -0.3866 0.867422 0.386189 -0.93126 -0.304042 0.200784 -0.500185 0.18611 -0.870689 -0.455263 0.505382 
1533305439840 0.147359 0.938191 -0.313183 -0.601368 -0.948453 0.223857 0.224332 -0.223857 0.280575 0.263982 0.922817 0.380713 0.316244 -0.384866 0.867103 0.400216 -0.929998 -0.306258 0.203249 -0.504049 0.187334 -0.87068 -0.454777 0.486145 
1533305439845 0.147749 0.938169 -0.313063 -0.601204 -0.947915 0.224639 0.22582 -0.22383 0.282183 0.263392 0.922495 0.380596 0.316258 -0.384857 0.867102 0.400836 -0.929992 -0.306267 0.203261 -0.504368 0.187338 -0.870681 -0.454774 0.485921 
1533305439859 0.14814 0.938148 -0.312943 -0.60104 -0.947374 0.22542 0.227306 -0.223803 0.28379 0.262801 0.922171 0.380479 0.316239 -0.384881 0.867098 0.400855 -0.93 -0.306257 0.203241 -0.504361 0.187331 -0.870674 -0.454789 0.485943 
1533305439876 0.14853 0.938126 -0.312823 -0.600877 -0.94683 0.2262 0.228791 -0.223775 0.285396 0.262208 0.921844 0.380362 0.316214 -0.384899 0.867099 0.400827 -0.930009 -0.306245 0.203216 -0.504329 0.187327 -0.87067 -0.454799 0.48594 
1533305439892 0.148921 0.938104 -0.312704 -0.600713 -0.946284 0.22698 0.230277 -0.223748 0.287002 0.261614 0.921514 0.380246 0.3162 -0.384907 0.867101 0.400798 -0.930014 -0.306239 0.203202 -0.504306 0.187326 -0.870669 -0.454801 0.485922 
1533305439899 0.149312 0.938081 -0.312586 -0.600549 -0.945734 0.227758 0.231762 -0.223721 0.288606 0.261018 0.921182 0.380129 0.316197 -0.384904 0.867103 0.400778 -0.930014 -0.30624 0.2032 -0.504292 0.187329 -0.87067 -0.454799 0.485903 
1533305439912 0.149703 0.938058 -0.312468 -0.600385 -0.945181 0.228535 0.233247 -0.223694 0.290209 0.260421 0.920847 0.380012 0.316201 -0.384895 0.867106 0.400765 -0.930012 -0.306246 0.203202 -0.504277 0.187337 -0.870672 -0.454792 0.485883 
1533305439929 0.150095 0.938034 -0.312352 -0.600231 -0.944627 0.229311 0.234727 -0.223664 0.291808 0.259825 0.92051 0.379899 0.316123 -0.384928 0.86712 0.40068 -0.93004 -0.30621 0.20313 -0.504145 0.18733 -0.87067 -0.454798 0.485852 
1533305439954 0.148091 0.938627 -0.311526 -0.601248 -0.948403 0.224084 0.224319 -0.223154 0.28036 0.262232 0.923381 0.380353 1 0 0 0 0 1 0 0 0 0 1 1.306 
1533305439966 0.148409 0.938677 -0.311223 -0.601105 -0.948174 0.224475 0.224895 -0.223046 0.280965 0.261717 0.923343 0.380253 0.313239 -0.3866 0.867422 0.386189 -0.93126 -0.304042 0.200784 -0.500185 0.18611 -0.870689 -0.455263 0.505382 
1533305439983 0.148728 0.938728 -0.310919 -0.600961 -0.947944 0.224867 0.225471 -0.222938 0.281572 0.2612 0.923305 0.380154 0.316244 -0.384866 0.867103 0.400216 -0.929998 -0.306258 0.203249 -0.504049 0.187334 -0.87068 -0.454777 0.486145 
1533305439999 0.149046 0.938778 -0.310615 -0.600818 -0.947714 0.225258 0.226048 -0.22283 0.282177 0.260682 0.923266 0.380054 0.316258 -0.384857 0.867102 0.400836 -0.929992 -0.306267 0.203261 -0.504368 0.187338 -0.870681 -0.454774 0.485921 
1533305440016 0.149364 0.938828 -0.310311 -0.600674 -0.947483 0.225648 0.226624 -0.222722 0.282782 0.260165 0.923227 0.379955 0.316239 -0.384881 0.867098 0.400855 -0.93 -0.306257 0.203241 -0.504361 0.187331 -0.870674 -0.454789 0.485943 
1533305440032 0.149683 0.938877 -0.310008 -0.60053 -0.947252 0.226037 0.227201 -0.222614 0.283387 0.259647 0.923187 0.379855 0.316214 -0.384899 0.867099 0.400827 -0.930009 -0.306245 0.203216 -0.504329 0.187327 -0.87067 -0.454799 0.48594 
1533305440049 0.150002 0.938926 -0.309704 -0.600387 -0.947021 0.226428 0.227777 -0.222507 0.283992 0.259129 0.923147 0.379755 0.3162 -0.384907 0.867101 0.400798 -0.930014 -0.306239 0.203202 -0.504306 0.187326 -0.870669 -0.454801 0.485922 
1533305440066 0.150321 0.938975 -0.309401 -0.600244 -0.946789 0.226817 0.228354 -0.222399 0.284596 0.258611 0.923106 0.379656 0.316197 -0.384904 0.867103 0.400778 -0.930014 -0.30624 0.2032 -0.504292 0.187329 -0.87067 -0.454799 0.485903 
1533305440082 0.150641 0.939024 -0.309098 -0.600101 -0.946556 0.227206 0.22893 -0.222291 0.2852 0.258092 0.923065 0.379556 0.316201 -0.384895 0.867106 0.400765 -0.930012 -0.306246 0.203202 -0.504277 0.187337 -0.870672 -0.454792 0.485883 
1533305440099 0.15096 0.939072 -0.308796 -0.599965 -0.946323 0.227594 0.229505 -0.222184 0.285802 0.257575 0.923023 0.37946 0.316123 -0.384928 0.86712 0.40068 -0.93004 -0.30621 0.20313 -0.504145 0.18733 -0.87067 -0.454798 0.485852 
1533305440125 0.149389 0.938507 -0.311269 -0.600756 -0.946631 0.22668 0.229142 -0.223265 0.28561 0.260425 0.922283 0.380129 1 0 0 0 0 1 0 0 0 0 1 1.306 
1533305440136 0.149385 0.9385 -0.31129 -0.600643 -0.946525 0.226779 0.229483 -0.223178 0.285964 0.260362 0.922191 0.380152 0.313239 -0.3866 0.867422 0.386189 -0.93126 -0.304042 0.200784 -0.500185 0.18611 -0.870689 -0.455263 0.505382 
1533305440143 0.149381 0.938494 -0.311311 -0.600529 -0.946419 0.226877 0.229822 -0.22309 0.286316 0.2603 0.922099 0.380174 0.316244 -0.384866 0.867103 0.400216 -0.929998 -0.306258 0.203249 -0.504049 0.187334 -0.87068 -0.454777 0.486145 
1533305440157 0.149377 0.938487 -0.311333 -0.600416 -0.946313 0.226976 0.230162 -0.223003 0.286669 0.260237 0.922007 0.380197 0.316258 -0.384857 0.867102 0.400836 -0.929992 -0.306267 0.203261 -0.504368 0.187338 -0.870681 -0.454774 0.485921 
1533305440173 0.149372 0.938481 -0.311354 -0.600303 -0.946206 0.227074 0.230501 -0.222916 0.287022 0.260174 0.921915 0.380219 0.316239 -0.384881 0.867098 0.400855 -0.93 -0.306257 0.203241 -0.504361 0.187331 -0.870674 -0.454789 0.485943 
1533305440191 0.149369 0.938475 -0.311375 -0.60019 -0.9461 0.227173 0.230841 -0.222829 0.287374 0.260112 0.921823 0.380242 0.316214 -0.384899 0.867099 0.400827 -0.930009 -0.306245 0.203216 -0.504329 0.187327 -0.87067 -0.454799 0.48594 
1533305440206 0.149364 0.938468 -0.311397 -0.600076 -0.945994 0.227271 0.23118 -0.222741 0.287726 0.260049 0.921731 0.380265 0.3162 -0.384907 0.867101 0.400798 -0.930014 -0.306239 0.203202 -0.504306 0.187326 -0.870669 -0.454801 0.485922 
1533305440223 0.14936 0.938462 -0.311418 -0.599963 -0.945887 0.227369 0.231519 -0.222654 0.288079 0.259986 0.921639 0.380287 0.316197 -0.384904 0.867103 0.400778 -0.930014 -0.30624 0.2032 -0.504292 0.187329 -0.87067 -0.454799 0.485903 
1533305440240 0.149356 0.938455 -0.31144 -0.59985 -0.94578 0.227467 0.231858 -0.222567 0.288431 0.259924 0.921546 0.38031 0.316201 -0.384895 0.867106 0.400765 -0.930012 -0.306246 0.203202 -0.504277 0.187337 -0.870672 -0.454792 0.485883 
1533305440256 0.149352 0.938449 -0.31146 -0.599746 -0.945674 0.227565 0.232197 -0.222481 0.288783 0.25986 0.921454 0.380331 0.316123 -0.384928 0.86712 0.40068 -0.93004 -0.30621 0.20313 -0.504145 0.18733 -0.87067 -0.454798 0.485852 
1533305440281 0.151254 0.938759 -0.309602 -0.600294 -0.946311 0.228035 0.229121 -0.222512 0.285689 0.258324 0.922849 0.379879 1 0 0 0 0 1 0 0 0 0 1 1.306 
1533305440293 0.151376 0.938851 -0.309265 -0.600226 -0.946442 0.22793 0.228682 -0.222391 0.285189 0.258084 0.923071 0.379833 0.313239 -0.3866 0.867422 0.386189 -0.93126 -0.304042 0.200784 -0.500185 0.18611 -0.870689 -0.455263 0.505382 
1533305440310 0.151497 0.938942 -0.308927 -0.600158 -0.946574 0.227824 0.228243 -0.222269 0.284688 0.257844 0.923293 0.379786 0.316244 -0.384866 0.867103 0.400216 -0.929998 -0.306258 0.203249 -0.504049 0.187334 -0.87068 -0.454777 0.486145 
1533305440326 0.151619 0.939034 -0.308588 -0.600091 -0.946705 0.227719 0.227804 -0.222148 0.284187 0.257603 0.923514 0.37974 0.316258 -0.384857 0.867102 0.400836 -0.929992 -0.306267 0.203261 -0.504368 0.187338 -0.870681 -0.454774 0.485921 
1533305440343 0.151739 0.939126 -0.30825 -0.600023 -0.946836 0.227613 0.227365 -0.222027 0.283686 0.257362 0.923736 0.379694 0.316239 -0.384881 0.867098 0.400855 -0.93 -0.306257 0.203241 -0.504361 0.187331 -0.870674 -0.454789 0.485943 
1533305440360 0.15186 0.939217 -0.307911 -0.599955 -0.946966 0.227508 0.226925 -0.221906 0.283184 0.257121 0.923956 0.379648 0.316214 -0.384899 0.867099 0.400827 -0.930009 -0.306245 0.203216 -0.504329 0.187327 -0.87067 -0.454799 0.48594 
1533305440377 0.151981 0.939309 -0.307573 -0.599887 -0.947097 0.227403 0.226486 -0.221784 0.282683 0.256879 0.924177 0.379601 0.3162 -0.384907 0.867101 0.400798 -0.930014 -0.306239 0.203202 -0.504306 0.187326 -0.870669 -0.454801 0.485922 
1533305440393 0.152101 0.9394 -0.307234 -0.599819 -0.947227 0.227297 0.226047 -0.221663 0.282182 0.256638 0.924397 0.379555 0.316197 -0.384904 0.867103 0.400778 -0.930014 -0.30624 0.2032 -0.504292 0.187329 -0.87067 -0.454799 0.485903 
1533305440410 0.152221 0.939492 -0.306895 -0.599752 -0.947357 0.227192 0.225607 -0.221542 0.28168 0.256397 0.924617 0.379509 0.316201 -0.384895 0.867106 0.400765 -0.930012 -0.306246 0.203202 -0.504277 0.187337 -0.870672 -0.454792 0.485883 
1533305440427 0.152341 0.939583 -0.306556 -0.599687 -0.947486 0.227088 0.225168 -0.221424 0.28118 0.256156 0.924836 0.379463 0.316123 -0.384928 0.86712 0.40068 -0.93004 -0.30621 0.20313 -0.504145 0.18733 -0.87067 -0.454798 0.485852 
1533305440452 0.150571 0.938448 -0.310877 -0.600001 -0.945984 0.228103 0.230399 -0.222492 0.287129 0.259393 0.922102 0.380123 1 0 0 0 0 1 0 0 0 0 1 1.306 
1533305440463 0.150421 0.938401 -0.31109 -0.59993 -0.946051 0.227976 0.230247 -0.22243 0.286986 0.259673 0.922068 0.380179 0.313239 -0.3866 0.867422 0.386189 -0.93126 -0.304042 0.200784 -0.500185 0.18611 -0.870689 -0.455263 0.505382 
1533305440480 0.150271 0.938355 -0.311302 -0.59986 -0.946118 0.22785 0.230097 -0.222367 0.286843 0.259952 0.922034 0.380235 0.316244 -0.384866 0.867103 0.400216 -0.929998 -0.306258 0.203249 -0.504049 0.187334 -0.87068 -0.454777 0.486145 
1533305440496 0.150122 0.938308 -0.311515 -0.599789 -0.946185 0.227724 0.229947 -0.222305 0.286701 0.260231 0.921999 0.380292 0.316258 -0.384857 0.867102 0.400836 -0.929992 -0.306267 0.203261 -0.504368 0.187338 -0.870681 -0.454774 0.485921 
1533305440513 0.149973 0.938261 -0.311728 -0.599719 -0.946252 0.227598 0.229797 -0.222243 0.286558 0.26051 0.921965 0.380348 0.316239 -0.384881 0.867098 0.400855 -0.93 -0.306257 0.203241 -0.504361 0.187331 -0.870674 -0.454789 0.485943 
1533305440530 0.149824 0.938214 -0.311942 -0.599648 -0.946319 0.227472 0.229646 -0.222181 0.286415 0.26079 0.92193 0.380404 0.316214 -0.384899 0.867099 0.400827 -0.930009 -0.306245 0.203216 -0.504329 0.187327 -0.87067 -0.454799 0.48594 
1533305440547 0.149675 0.938167 -0.312154 -0.599577 -0.946385 0.227346 0.229496 -0.222118 0.286273 0.261069 0.921895 0.38046 0.3162 -0.384907 0.867101 0.400798 -0.930014 -0.306239 0.203202 -0.504306 0.187326 -0.870669 -0.454801 0.485922 
1533305440563 0.149526 0.93812 -0.312367 -0.599507 -0.946452 0.227219 0.229346 -0.222056 0.28613 0.261347 0.921861 0.380516 0.316197 -0.384904 0.867103 0.400778 -0.930014 -0.30624 0.2032 -0.504292 0.187329 -0.87067 -0.454799 0.485903 
1533305440580 0.149377 0.938072 -0.312581 -0.599437 -0.946519 0.227094 0.229195 -0.221994 0.285987 0.261627 0.921826 0.380572 0.316201 -0.384895 0.867106 0.400765 -0.930012 -0.306246 0.203202 -0.504277 0.187337 -0.870672 -0.454792 0.485883 
1533305440597 0.149228 0.938026 -0.312792 -0.599375 -0.946585 0.226967 0.229046 -0.221934 0.285845 0.261904 0.921791 0.380625 0.316123 -0.384928 0.86712 0.40068 -0.93004 -0.30621 0.20313 -0.504145 0.18733 -0.87067 -0.454798 0.485852 
1533305440625 0.151937 0.939115 -0.308185 -0.599703 -0.94673 0.227849 0.227569 -0.222075 0.283933 0.257192 0.923707 0.379744 1 0 0 0 0 1 0 0 0 0 1 1.306 
1533305440637 0.151988 0.939125 -0.308131 -0.599673 -0.946957 0.227671 0.226802 -0.221988 0.283147 0.257315 0.923914 0.379714 0.313239 -0.3866 0.867422 0.386189 -0.93126 -0.304042 0.200784 -0.500185 0.18611 -0.870689 -0.455263 0.505382 
1533305440653 0.152039 0.939134 -0.308077 -0.599642 -0.947183 0.227492 0.226035 -0.2219 0.282362 0.257439 0.924119 0.379685 0.316244 -0.384866 0.867103 0.400216 -0.929998 -0.306258 0.203249 -0.504049 0.187334 -0.87068 -0.454777 0.486145 
1533305440670 0.152091 0.939143 -0.308024 -0.599612 -0.947409 0.227313 0.225268 -0.221813 0.281577 0.257563 0.924324 0.379655 0.316258 -0.384857 0.867102 0.400836 -0.929992 -0.306267 0.203261 -0.504368 0.187338 -0.870681 -0.454774 0.485921 
1533305440687 0.152142 0.939152 -0.30797 -0.599582 -0.947633 0.227135 0.224501 -0.221725 0.280791 0.257687 0.924529 0.379625 0.316239 -0.384881 0.867098 0.400855 -0.93 -0.306257 0.203241 -0.504361 0.187331 -0.870674 -0.454789 0.485943 
1533305440703 0.152193 0.939162 -0.307917 -0.599552 -0.947858 0.226956 0.223734 -0.221638 0.280006 0.257811 0.924733 0.379596 0.316214 -0.384899 0.867099 0.400827 -0.930009 -0.306245 0.203216 -0.504329 0.187327 -0.87067 -0.454799 0.48594 
1533305440720 0.152244 0.939171 -0.307863 -0.599521 -0.948081 0.226777 0.222966 -0.221551 0.27922 0.257934 0.924936 0.379566 0.3162 -0.384907 0.867101 0.400798 -0.930014 -0.306239 0.203202 -0.504306 0.187326 -0.870669 -0.454801 0.485922 
1533305440737 0.152295 0.93918 -0.307809 -0.599491 -0.948304 0.226598 0.222199 -0.221463 0.278434 0.258057 0.925138 0.379536 0.316197 -0.384904 0.867103 0.400778 -0.930014 -0.30624 0.2032 -0.504292 0.187329 -0.87067 -0.454799 0.485903 
1533305440753 0.152346 0.93919 -0.307756 -0.599461 -0.948527 0.226419 0.221431 -0.221376 0.277648 0.25818 0.92534 0.379506 0.316201 -0.384895 0.867106 0.400765 -0.930012 -0.306246 0.203202 -0.504277 0.187337 -0.870672 -0.454792 0.485883 
1533305440770 0.152396 0.939199 -0.307702 -0.599434 -0.948748 0.22624 0.220665 -0.221293 0.276863 0.258303 0.925541 0.379476 0.316123 -0.384928 0.86712 0.40068 -0.93004 -0.30621 0.20313 -0.504145 0.18733 -0.87067 -0.454798 0.485852 
1533305440795 0.151133 0.938787 -0.309577 -0.599582 -0.946858 0.227436 0.227446 -0.221943 0.283933 0.258751 0.923271 0.379957 1 0 0 0 0 1 0 0 0 0 1 1.306 
1533305440806 0.150918 0.938682 -0.309999 -0.599552 -0.946972 0.227265 0.227143 -0.221916 0.283667 0.259281 0.923204 0.380046 0.313239 -0.3866 0.867422 0.386189 -0.93126 -0.304042 0.200784 -0.500185 0.18611 -0.870689 -0.455263 0.505382 
1533305440823 0.150703 0.938577 -0.310421 -0.599522 -0.947086 0.227094 0.226841 -0.221889 0.283403 0.25981 0.923137 0.380136 0.316244 -0.384866 0.867103 0.400216 -0.929998 -0.306258 0.203249 -0.504049 0.187334 -0.87068 -0.454777 0.486145 
1533305440840 0.150488 0.938472 -0.310844 -0.599492 -0.947199 0.226923 0.226539 -0.221863 0.283138 0.26034 0.923069 0.380225 0.316258 -0.384857 0.867102 0.400836 -0.929992 -0.306267 0.203261 -0.504368 0.187338 -0.870681 -0.454774 0.485921 
1533305440857 0.150273 0.938366 -0.311266 -0.599462 -0.947313 0.226751 0.226236 -0.221836 0.282872 0.260869 0.923001 0.380315 0.316239 -0.384881 0.867098 0.400855 -0.93 -0.306257 0.203241 -0.504361 0.187331 -0.870674 -0.454789 0.485943 
1533305440873 0.150059 0.93826 -0.311688 -0.599432 -0.947426 0.22658 0.225934 -0.221809 0.282607 0.261398 0.922932 0.380404 0.316214 -0.384899 0.867099 0.400827 -0.930009 -0.306245 0.203216 -0.504329 0.187327 -0.87067 -0.454799 0.48594 
1533305440890 0.149844 0.938154 -0.31211 -0.599402 -0.947539 0.226408 0.225632 -0.221782 0.282341 0.261927 0.922864 0.380493 0.3162 -0.384907 0.867101 0.400798 -0.930014 -0.306239 0.203202 -0.504306 0.187326 -0.870669 -0.454801 0.485922 
1533305440906 0.14963 0.938048 -0.312532 -0.599372 -0.947652 0.226235 0.22533 -0.221755 0.282076 0.262456 0.922795 0.380583 0.316197 -0.384904 0.867103 0.400778 -0.930014 -0.30624 0.2032 -0.504292 0.187329 -0.87067 -0.454799 0.485903 
1533305440923 0.149416 0.937941 -0.312955 -0.599343 -0.947765 0.226064 0.225027 -0.221729 0.28181 0.262985 0.922725 0.380672 0.316201 -0.384895 0.867106 0.400765 -0.930012 -0.306246 0.203202 -0.504277 0.187337 -0.870672 -0.454792 0.485883 
1533305440940 0.149201 0.937835 -0.313375 -0.59932 -0.947877 0.225891 0.224727 -0.221705 0.281545 0.263512 0.922656 0.380757 0.316123 -0.384928 0.86712 0.40068 -0.93004 -0.30621 0.20313 -0.504145 0.18733 -0.87067 -0.454798 0.485852 
1533305440965 0.152508 0.938652 -0.30931 -0.599494 -0.948304 0.227121 0.221665 -0.221823 0.278318 0.259514 0.924766 0.379336 1 0 0 0 0 1 0 0 0 0 1 1.306 
1533305440977 0.152422 0.938671 -0.309296 -0.599491 -0.948441 0.226923 0.221284 -0.221774 0.277899 0.25962 0.924862 0.379286 0.313239 -0.3866 0.867422 0.386189 -0.93126 -0.304042 0.200784 -0.500185 0.18611 -0.870689 -0.455263 0.505382 
1533305440993 0.152337 0.93869 -0.309281 -0.599488 -0.948577 0.226725 0.220903 -0.221725 0.277481 0.259725 0.924958 0.379236 0.316244 -0.384866 0.867103 0.400216 -0.929998 -0.306258 0.203249 -0.504049 0.187334 -0.87068 -0.454777 0.486145 
1533305441010 0.15225 0.938709 -0.309267 -0.599485 -0.948712 0.226526 0.220523 -0.221676 0.277064 0.259831 0.925053 0.379187 0.316258 -0.384857 0.867102 0.400836 -0.929992 -0.306267 0.203261 -0.504368 0.187338 -0.870681 -0.454774 0.485921 
1533305441026 0.152165 0.938727 -0.309253 -0.599482 -0.948848 0.226329 0.220142 -0.221627 0.276646 0.259936 0.925149 0.379137 0.316239 -0.384881 0.867098 0.400855 -0.93 -0.306257 0.203241 -0.504361 0.187331 -0.870674 -0.454789 0.485943 
1533305441034 0.152079 0.938746 -0.309239 -0.599479 -0.948984 0.22613 0.219762 -0.221578 0.276229 0.260041 0.925244 0.379087 0.316214 -0.384899 0.867099 0.400827 -0.930009 -0.306245 0.203216 -0.504329 0.187327 -0.87067 -0.454799 0.48594 
1533305441047 0.151993 0.938764 -0.309225 -0.599477 -0.949119 0.225933 0.219381 -0.221528 0.275811 0.260147 0.925339 0.379037 0.3162 -0.384907 0.867101 0.400798 -0.930014 -0.306239 0.203202 -0.504306 0.187326 -0.870669 -0.454801 0.485922 
1533305441064 0.151907 0.938783 -0.30921 -0.599474 -0.949254 0.225734 0.219 -0.221479 0.275393 0.260251 0.925434 0.378987 0.316197 -0.384904 0.867103 0.400778 -0.930014 -0.30624 0.2032 -0.504292 0.187329 -0.87067 -0.454799 0.485903 
1533305441081 0.151821 0.938801 -0.309196 -0.599471 -0.949389 0.225536 0.21862 -0.22143 0.274975 0.260356 0.925529 0.378938 0.316201 -0.384895 0.867106 0.400765 -0.930012 -0.306246 0.203202 -0.504277 0.187337 -0.870672 -0.454792 0.485883 
1533305441097 0.151735 0.93882 -0.309182 -0.599468 -0.949523 0.225338 0.218239 -0.221383 0.274558 0.260461 0.925623 0.378888 0.316123 -0.384928 0.86712 0.40068 -0.93004 -0.30621 0.20313 -0.504145 0.18733 -0.87067 -0.454798 0.485852 
1533305441123 0.150618 0.937682 -0.313156 -0.599676 -0.947766 0.227054 0.224023 -0.221619 0.281165 0.263057 0.922901 0.379948 1 0 0 0 0 1 0 0 0 0 1 1.306 
1533305441134 0.150569 0.937676 -0.313198 -0.599657 -0.947892 0.226908 0.223637 -0.221581 0.280766 0.263206 0.922981 0.379955 0.313239 -0.3866 0.867422 0.386189 -0.93126 -0.304042 0.200784 -0.500185 0.18611 -0.870689 -0.455263 0.505382 
1533305441151 0.150521 0.937669 -0.313241 -0.599639 -0.948018 0.226761 0.22325 -0.221543 0.280365 0.263354 0.92306 0.379962 0.316244 -0.384866 0.867103 0.400216 -0.929998 -0.306258 0.203249 -0.504049 0.187334 -0.87068 -0.454777 0.486145 
1533305441167 0.150472 0.937663 -0.313282 -0.59962 -0.948144 0.226615 0.222863 -0.221505 0.279965 0.263502 0.923139 0.379969 0.316258 -0.384857 0.867102 0.400836 -0.929992 -0.306267 0.203261 -0.504368 0.187338 -0.870681 -0.454774 0.485921 
1533305441184 0.150424 0.937657 -0.313324 -0.599602 -0.94827 0.226468 0.222476 -0.221467 0.279564 0.26365 0.923218 0.379976 0.316239 -0.384881 0.867098 0.400855 -0.93 -0.306257 0.203241 -0.504361 0.187331 -0.870674 -0.454789 0.485943 
1533305441201 0.150375 0.937651 -0.313366 -0.599583 -0.948396 0.226322 0.22209 -0.221429 0.279164 0.263798 0.923297 0.379983 0.316214 -0.384899 0.867099 0.400827 -0.930009 -0.306245 0.203216 -0.504329 0.187327 -0.87067 -0.454799 0.48594 
1533305441217 0.150327 0.937645 -0.313408 -0.599564 -0.948521 0.226175 0.221703 -0.22139 0.278764 0.263946 0.923376 0.37999 0.3162 -0.384907 0.867101 0.400798 -0.930014 -0.306239 0.203202 -0.504306 0.187326 -0.870669 -0.454801 0.485922 
1533305441234 0.150278 0.937638 -0.31345 -0.599546 -0.948647 0.226028 0.221316 -0.221352 0.278363 0.264094 0.923455 0.379997 0.316197 -0.384904 0.867103 0.400778 -0.930014 -0.30624 0.2032 -0.504292 0.187329 -0.87067 -0.454799 0.485903 
1533305441251 0.150229 0.937632 -0.313491 -0.599527 -0.948772 0.225881 0.22093 -0.221314 0.277963 0.264241 0.923533 0.380004 0.316201 -0.384895 0.867106 0.400765 -0.930012 -0.306246 0.203202 -0.504277 0.187337 -0.870672 -0.454792 0.485883 
1533305441267 0.150181 0.937626 -0.313533 -0.599511 -0.948897 0.225734 0.220544 -0.221278 0.277563 0.264389 0.923611 0.38001 0.316123 -0.384928 0.86712 0.40068 -0.93004 -0.30621 0.20313 -0.504145 0.18733 -0.87067 -0.454798 0.485852 
1533305441295 0.15057 0.937499 -0.313726 -0.599735 -0.948169 0.226774 0.222598 -0.221502 0.27983 0.263949 0.923053 0.379648 1 0 0 0 0 1 0 0 0 0 1 1.306 
1533305441307 0.150588 0.937469 -0.313807 -0.599704 -0.948258 0.226723 0.222269 -0.221445 0.279518 0.264099 0.923104 0.379603 0.313239 -0.3866 0.867422 0.386189 -0.93126 -0.304042 0.200784 -0.500185 0.18611 -0.870689 -0.455263 0.505382 
1533305441324 0.150606 0.93744 -0.313887 -0.599673 -0.948347 0.226671 0.22194 -0.221388 0.279205 0.264248 0.923156 0.379558 0.316244 -0.384866 0.867103 0.400216 -0.929998 -0.306258 0.203249 -0.504049 0.187334 -0.87068 -0.454777 0.486145 
1533305441341 0.150623 0.93741 -0.313967 -0.599643 -0.948437 0.226619 0.221612 -0.221332 0.278892 0.264398 0.923208 0.379513 0.316258 -0.384857 0.867102 0.400836 -0.929992 -0.306267 0.203261 -0.504368 0.187338 -0.870681 -0.454774 0.485921 
1533305441357 0.150641 0.937381 -0.314047 -0.599612 -0.948526 0.226567 0.221283 -0.221275 0.278579 0.264547 0.92326 0.379468 0.316239 -0.384881 0.867098 0.400855 -0.93 -0.306257 0.203241 -0.504361 0.187331 -0.870674 -0.454789 0.485943 
1533305441374 0.150658 0.937351 -0.314127 -0.599581 -0.948615 0.226515 0.220954 -0.221218 0.278266 0.264697 0.923311 0.379423 0.316214 -0.384899 0.867099 0.400827 -0.930009 -0.306245 0.203216 -0.504329 0.187327 -0.87067 -0.454799 0.48594 
1533305441391 0.150676 0.937321 -0.314207 -0.59955 -0.948704 0.226463 0.220626 -0.221161 0.277953 0.264846 0.923363 0.379378 0.3162 -0.384907 0.867101 0.400798 -0.930014 -0.306239 0.203202 -0.504306 0.187326 -0.870669 -0.454801 0.485922 
1533305441407 0.150693 0.937292 -0.314287 -0.599519 -0.948793 0.226411 0.220297 -0.221104 0.27764 0.264995 0.923414 0.379333 0.316197 -0.384904 0.867103 0.400778 -0.930014 -0.30624 0.2032 -0.504292 0.187329 -0.87067 -0.454799 0.485903 
1533305441424 0.150711 0.937262 -0.314366 -0.599489 -0.948881 0.226358 0.219968 -0.221048 0.277327 0.265145 0.923465 0.379288 0.316201 -0.384895 0.867106 0.400765 -0.930012 -0.306246 0.203202 -0.504277 0.187337 -0.870672 -0.454792 0.485883 
1533305441441 0.150728 0.937232 -0.314446 -0.599462 -0.94897 0.226306 0.21964 -0.220994 0.277015 0.265294 0.923516 0.379243 0.316123 -0.384928 0.86712 0.40068 -0.93004 -0.30621 0.20313 -0.504145 0.18733 -0.87067 -0.454798 0.485852 
1533305441466 0.15014 0.937576 -0.313701 -0.599559 -0.948805 0.225829 0.220841 -0.221265 0.277898 0.264484 0.923483 0.379845 1 0 0 0 0 1 0 0 0 0 1 1.306 
1533305441477 0.149979 0.937435 -0.314201 -0.599516 -0.948848 0.225779 0.220708 -0.221266 0.277839 0.265027 0.923345 0.379972 0.313239 -0.3866 0.867422 0.386189 -0.93126 -0.304042 0.200784 -0.500185 0.18611 -0.870689 -0.455263 0.505382 
1533305441494 0.149818 0.937293 -0.3147 -0.599473 -0.94889 0.22573 0.220575 -0.221268 0.27778 0.265569 0.923207 0.380098 0.316244 -0.384866 0.867103 0.400216 -0.929998 -0.306258 0.203249 -0.504049 0.187334 -0.87068 -0.454777 0.486145 
1533305441511 0.149657 0.937151 -0.315199 -0.59943 -0.948933 0.225682 0.220442 -0.22127 0.277722 0.266112 0.923068 0.380225 0.316258 -0.384857 0.867102 0.400836 -0.929992 -0.306267 0.203261 -0.504368 0.187338 -0.870681 -0.454774 0.485921 
1533305441527 0.149497 0.937009 -0.315697 -0.599387 -0.948975 0.225632 0.220309 -0.221271 0.277663 0.266653 0.92293 0.380351 0.316239 -0.384881 0.867098 0.400855 -0.93 -0.306257 0.203241 -0.504361 0.187331 -0.870674 -0.454789 0.485943 
1533305441544 0.149337 0.936866 -0.316196 -0.599344 -0.949018 0.225584 0.220175 -0.221272 0.277604 0.267196 0.922791 0.380478 0.316214 -0.384899 0.867099 0.400827 -0.930009 -0.306245 0.203216 -0.504329 0.187327 -0.87067 -0.454799 0.48594 
1533305441561 0.149176 0.936723 -0.316695 -0.599301 -0.94906 0.225535 0.220042 -0.221274 0.277545 0.267737 0.922651 0.380605 0.3162 -0.384907 0.867101 0.400798 -0.930014 -0.306239 0.203202 -0.504306 0.187326 -0.870669 -0.454801 0.485922 
1533305441577 0.149016 0.93658 -0.317194 -0.599258 -0.949103 0.225486 0.219909 -0.221276 0.277485 0.26828 0.922512 0.380731 0.316197 -0.384904 0.867103 0.400778 -0.930014 -0.30624 0.2032 -0.504292 0.187329 -0.87067 -0.454799 0.485903 
1533305441584 0.148856 0.936437 -0.317692 -0.599216 -0.949145 0.225436 0.219777 -0.221277 0.277426 0.268821 0.922372 0.380858 0.316201 -0.384895 0.867106 0.400765 -0.930012 -0.306246 0.203202 -0.504277 0.187337 -0.870672 -0.454792 0.485883 
1533305441598 0.148695 0.936294 -0.318188 -0.599182 -0.949188 0.225387 0.219645 -0.221281 0.277367 0.26936 0.922232 0.380979 0.316123 -0.384928 0.86712 0.40068 -0.93004 -0.30621 0.20313 -0.504145 0.18733 -0.87067 -0.454798 0.485852 
1533305441627 0.150499 0.937167 -0.314749 -0.599499 -0.948942 0.226225 0.219844 -0.220992 0.277234 0.265593 0.923364 0.37942 1 0 0 0 0 1 0 0 0 0 1 1.306 
1533305441637 0.150631 0.93731 -0.314261 -0.599504 -0.948981 0.226176 0.219725 -0.220977 0.277029 0.265131 0.923559 0.37935 0.313239 -0.3866 0.867422 0.386189 -0.93126 -0.304042 0.200784 -0.500185 0.18611 -0.870689 -0.455263 0.505382 
1533305441654 0.150762 0.937452 -0.313774 -0.59951 -0.94902 0.226127 0.219608 -0.220963 0.276824 0.264669 0.923752 0.379279 0.316244 -0.384866 0.867103 0.400216 -0.929998 -0.306258 0.203249 -0.504049 0.187334 -0.87068 -0.454777 0.486145 
1533305441671 0.150893 0.937595 -0.313285 -0.599515 -0.949059 0.226078 0.21949 -0.220948 0.27662 0.264207 0.923946 0.379209 0.316258 -0.384857 0.867102 0.400836 -0.929992 -0.306267 0.203261 -0.504368 0.187338 -0.870681 -0.454774 0.485921 
1533305441688 0.151024 0.937736 -0.312797 -0.59952 -0.949098 0.226029 0.219373 -0.220934 0.276415 0.263745 0.924139 0.379138 0.316239 -0.384881 0.867098 0.400855 -0.93 -0.306257 0.203241 -0.504361 0.187331 -0.870674 -0.454789 0.485943 
1533305441704 0.151154 0.937878 -0.312309 -0.599526 -0.949137 0.22598 0.219256 -0.220919 0.27621 0.263282 0.924332 0.379068 0.316214 -0.384899 0.867099 0.400827 -0.930009 -0.306245 0.203216 -0.504329 0.187327 -0.87067 -0.454799 0.48594 
1533305441721 0.151285 0.93802 -0.311821 -0.599531 -0.949175 0.225931 0.219138 -0.220904 0.276006 0.26282 0.924525 0.378998 0.3162 -0.384907 0.867101 0.400798 -0.930014 -0.306239 0.203202 -0.504306 0.187326 -0.870669 -0.454801 0.485922 
1533305441738 0.151416 0.938161 -0.311332 -0.599536 -0.949214 0.225883 0.21902 -0.22089 0.275801 0.262358 0.924717 0.378927 0.316197 -0.384904 0.867103 0.400778 -0.930014 -0.30624 0.2032 -0.504292 0.187329 -0.87067 -0.454799 0.485903 
1533305441754 0.151546 0.938302 -0.310844 -0.599541 -0.949253 0.225834 0.218903 -0.220875 0.275596 0.261896 0.924909 0.378857 0.316201 -0.384895 0.867106 0.400765 -0.930012 -0.306246 0.203202 -0.504277 0.187337 -0.870672 -0.454792 0.485883 
1533305441771 0.151676 0.938442 -0.310357 -0.599541 -0.949291 0.225785 0.218785 -0.22086 0.275391 0.261434 0.925101 0.37879 0.316123 -0.384928 0.86712 0.40068 -0.93004 -0.30621 0.20313 -0.504145 0.18733 -0.87067 -0.454798 0.485852 
1533305441799 0.149 0.936126 -0.318538 -0.599603 -0.948951 0.225936 0.220104 -0.221018 0.278014 0.269481 0.922002 0.380075 1 0 0 0 0 1 0 0 0 0 1 1.306 
1533305441811 0.148941 0.936122 -0.318579 -0.599577 -0.94896 0.225891 0.220108 -0.221025 0.278012 0.269536 0.921987 0.380114 0.313239 -0.3866 0.867422 0.386189 -0.93126 -0.304042 0.200784 -0.500185 0.18611 -0.870689 -0.455263 0.505382 
1533305441828 0.148883 0.936117 -0.318622 -0.599551 -0.94897 0.225845 0.220112 -0.221032 0.27801 0.269591 0.921971 0.380152 0.316244 -0.384866 0.867103 0.400216 -0.929998 -0.306258 0.203249 -0.504049 0.187334 -0.87068 -0.454777 0.486145 
1533305441844 0.148824 0.936112 -0.318663 -0.599526 -0.94898 0.2258 0.220116 -0.221039 0.278007 0.269646 0.921956 0.380191 0.316258 -0.384857 0.867102 0.400836 -0.929992 -0.306267 0.203261 -0.504368 0.187338 -0.870681 -0.454774 0.485921 
1533305441861 0.148766 0.936107 -0.318705 -0.5995 -0.94899 0.225755 0.22012 -0.221046 0.278005 0.269701 0.921941 0.380229 0.316239 -0.384881 0.867098 0.400855 -0.93 -0.306257 0.203241 -0.504361 0.187331 -0.870674 -0.454789 0.485943 
1533305441877 0.148707 0.936102 -0.318746 -0.599474 -0.949 0.225709 0.220124 -0.221053 0.278002 0.269756 0.921925 0.380267 0.316214 -0.384899 0.867099 0.400827 -0.930009 -0.306245 0.203216 -0.504329 0.187327 -0.87067 -0.454799 0.48594 
1533305441894 0.148649 0.936097 -0.318788 -0.599448 -0.94901 0.225664 0.220128 -0.221061 0.278 0.269811 0.92191 0.380306 0.3162 -0.384907 0.867101 0.400798 -0.930014 -0.306239 0.203202 -0.504306 0.187326 -0.870669 -0.454801 0.485922 
1533305441911 0.148591 0.936092 -0.31883 -0.599422 -0.94902 0.225619 0.220131 -0.221068 0.277997 0.269866 0.921895 0.380344 0.316197 -0.384904 0.867103 0.400778 -0.930014 -0.30624 0.2032 -0.504292 0.187329 -0.87067 -0.454799 0.485903 
1533305441928 0.148532 0.936087 -0.318871 -0.599397 -0.94903 0.225573 0.220135 -0.221075 0.277995 0.269921 0.921879 0.380383 0.316201 -0.384895 0.867106 0.400765 -0.930012 -0.306246 0.203202 -0.504277 0.187337 -0.870672 -0.454792 0.485883 
1533305441944 0.148474 0.936082 -0.318913 -0.599373 -0.949039 0.225528 0.220139 -0.221082 0.277992 0.269976 0.921864 0.38042 0.316123 -0.384928 0.86712 0.40068 -0.93004 -0.30621 0.20313 -0.504145 0.18733 -0.87067 -0.454798 0.485852 
1533305441970 0.149073 0.936193 -0.318307 -0.599689 -0.94887 0.226017 0.220369 -0.220838 0.278251 0.269181 0.922018 0.379861 1 0 0 0 0 1 0 0 0 0 1 1.306 
1533305441981 0.149318 0.936465 -0.317392 -0.599691 -0.948909 0.225955 0.220263 -0.220839 0.277985 0.268287 0.922359 0.379714 0.313239 -0.3866 0.867422 0.386189 -0.93126 -0.304042 0.200784 -0.500185 0.18611 -0.870689 -0.455263 0.505382 
1533305441987 0.149563 0.936735 -0.316477 -0.599692 -0.948948 0.225894 0.220158 -0.220841 0.27772 0.267393 0.922699 0.379568 0.316244 -0.384866 0.867103 0.400216 -0.929998 -0.306258 0.203249 -0.504049 0.187334 -0.87068 -0.454777 0.486145 
1533305442001 0.149808 0.937005 -0.315561 -0.599694 -0.948987 0.225832 0.220053 -0.220842 0.277454 0.266498 0.923037 0.379421 0.316258 -0.384857 0.867102 0.400836 -0.929992 -0.306267 0.203261 -0.504368 0.187338 -0.870681 -0.454774 0.485921 
1533305442018 0.150051 0.937274 -0.314644 -0.599696 -0.949026 0.22577 0.219947 -0.220844 0.277188 0.265602 0.923375 0.379275 0.316239 -0.384881 0.867098 0.400855 -0.93 -0.306257 0.203241 -0.504361 0.187331 -0.870674 -0.454789 0.485943 
