1535148781009 0.153449 0.944681 -0.289883 -0.495475 -0.961534 0.210381 0.17661 -0.161858 0.227826 0.251631 0.940626 0.449687 0.222002 -0.11696 0.968006 0.385069 -0.974509 -0.0595713 0.216296 -0.50405 0.0323674 -0.991348 -0.127204 0.443483 
1535148781020 0.163319 0.943425 -0.288575 -0.509453 -0.959691 0.219738 0.175241 -0.169945 0.228738 0.248322 0.941284 0.441989 0.214997 -0.118225 0.969432 0.384953 -0.976514 -0.040306 0.211653 -0.502067 0.0140513 -0.992168 -0.124114 0.443146 
1535148781029 0.173173 0.942071 -0.287253 -0.523433 -0.957751 0.229076 0.173886 -0.178034 0.229616 0.245004 0.941939 0.434291 0.207961 -0.119352 0.970828 0.384836 -0.978128 -0.0210199 0.20694 -0.500078 -0.00429196 -0.99263 -0.121112 0.442809 
1535148781782 0.183009 0.940617 -0.285914 -0.537413 -0.955717 0.238395 0.172546 -0.186122 0.23046 0.241676 0.942593 0.426593 0.200898 -0.12034 0.972193 0.384718 -0.97935 -0.00172102 0.202164 -0.498089 -0.0226551 -0.992731 -0.1182 0.442471 
1535148782227 0.192829 0.939064 -0.284562 -0.551393 -0.953588 0.247696 0.171219 -0.19421 0.23127 0.238339 0.943244 0.418895 0.19381 -0.121188 0.973525 0.384601 -0.980181 0.0175831 0.197324 -0.4961 -0.0410309 -0.992474 -0.115379 0.442133 
1535148782330 0.202631 0.937412 -0.283195 -0.565373 -0.951365 0.256976 0.169906 -0.202299 0.232046 0.234993 0.943892 0.411197 0.186701 -0.121898 0.974825 0.384483 -0.980619 0.0368847 0.192422 -0.49411 -0.059412 -0.991857 -0.112649 0.441796 
1535148783125 0.212413 0.935661 -0.281813 -0.579352 -0.949047 0.266235 0.168607 -0.210387 0.232787 0.231639 0.944539 0.403499 0.179573 -0.122467 0.976092 0.384366 -0.980664 0.0561761 0.187462 -0.492121 -0.0777911 -0.990881 -0.110012 0.441458 
1535148783519 0.222175 0.933812 -0.280417 -0.593332 -0.946635 0.275472 0.167322 -0.218475 0.233494 0.228278 0.945182 0.395801 0.172429 -0.122897 0.977325 0.384248 -0.980317 0.0754497 0.182445 -0.490131 -0.0961608 -0.989547 -0.107468 0.441121 
1535148783664 0.231916 0.931864 -0.279007 -0.607312 -0.94413 0.284686 0.166051 -0.226564 0.234167 0.224908 0.945824 0.388103 0.165273 -0.123187 0.978524 0.38413 -0.979577 0.0946978 0.177372 -0.488141 -0.114514 -0.987855 -0.10502 0.440783 
1535148784445 0.241635 0.929817 -0.277582 -0.621293 -0.94153 0.293876 0.164795 -0.234653 0.234804 0.221532 0.946462 0.380405 0.158107 -0.123336 0.979689 0.384013 -0.978445 0.113913 0.172247 -0.486151 -0.132843 -0.985805 -0.102667 0.440446 
1535148785215 0.223219 0.933544 -0.280479 -0.593091 -0.94638 0.276489 0.167091 -0.218686 0.233536 0.228142 0.945205 0.396487 0.158666 -0.123288 0.979605 0.384136 -0.978494 0.112827 0.172686 -0.486265 -0.131816 -0.985936 -0.102735 0.440527 
1535148785230 0.226039 0.932994 -0.280051 -0.597305 -0.94566 0.279154 0.166732 -0.22109 0.233737 0.227146 0.945395 0.39411 0.161421 -0.1257 0.978848 0.384172 -0.978631 0.107626 0.175206 -0.486471 -0.127373 -0.986213 -0.105641 0.441083 
1535148785560 0.228856 0.932436 -0.279622 -0.601523 -0.944934 0.281816 0.166373 -0.223495 0.233934 0.226148 0.945585 0.391732 0.164186 -0.128095 0.978077 0.384209 -0.978739 0.102417 0.177711 -0.486679 -0.122936 -0.986459 -0.108556 0.441639 
1535148785861 0.231672 0.931869 -0.279191 -0.605743 -0.944199 0.284476 0.166017 -0.225901 0.234129 0.22515 0.945775 0.389353 0.166961 -0.130475 0.977292 0.384245 -0.978816 0.0972005 0.180198 -0.486887 -0.118505 -0.986675 -0.111483 0.442195 
1535148786182 0.234486 0.931295 -0.278759 -0.609961 -0.943457 0.287134 0.165661 -0.228307 0.23432 0.224152 0.945965 0.386975 0.169746 -0.13284 0.976494 0.384281 -0.978863 0.0919751 0.18267 -0.487095 -0.114079 -0.986861 -0.114419 0.442751 
1535148786482 0.237298 0.930712 -0.278326 -0.61418 -0.942706 0.28979 0.165307 -0.230713 0.234509 0.223153 0.946155 0.384597 0.172539 -0.135188 0.975682 0.384318 -0.97888 0.0867417 0.185124 -0.487303 -0.109659 -0.987016 -0.117366 0.443307 
1535148786602 0.240108 0.930121 -0.277892 -0.618399 -0.941948 0.292444 0.164953 -0.233118 0.234695 0.222153 0.946344 0.382219 0.175343 -0.13752 0.974855 0.384354 -0.978866 0.0815003 0.187561 -0.487511 -0.105244 -0.98714 -0.120324 0.443864 
1535148786776 0.242916 0.929521 -0.277457 -0.622617 -0.941182 0.295096 0.164602 -0.235524 0.234877 0.221153 0.946533 0.379841 0.178155 -0.139837 0.974016 0.384391 -0.978822 0.0762512 0.189981 -0.487719 -0.100836 -0.987234 -0.123291 0.44442 
1535148787100 0.245723 0.928913 -0.27702 -0.626834 -0.940409 0.297746 0.164251 -0.237929 0.235057 0.220152 0.946721 0.377463 0.180976 -0.142137 0.973162 0.384427 -0.978748 0.0709945 0.192384 -0.487926 -0.0964342 -0.987298 -0.126268 0.444976 
1535148787529 0.248527 0.928298 -0.276583 -0.631053 -0.939627 0.300394 0.163902 -0.240335 0.235233 0.219151 0.94691 0.375085 0.183807 -0.144422 0.972295 0.384463 -0.978644 0.0657306 0.19477 -0.488134 -0.0920385 -0.987331 -0.129256 0.445532 
1535148787917 0.246478 0.928601 -0.277396 -0.626612 -0.940159 0.298585 0.164162 -0.23809 0.235267 0.220334 0.946627 0.377827 0.183212 -0.144149 0.972448 0.384396 -0.978633 0.0671707 0.194334 -0.488137 -0.0933331 -0.987274 -0.128763 0.445292 
1535148787924 0.246112 0.928228 -0.278965 -0.626836 -0.940175 0.298586 0.164062 -0.238312 0.235582 0.221899 0.946183 0.37782 0.185624 -0.141807 0.972335 0.384403 -0.978984 0.058368 0.195406 -0.488337 -0.0844632 -0.988172 -0.127992 0.445225 
1535148788317 0.245746 0.927853 -0.280533 -0.627061 -0.940193 0.298587 0.163962 -0.238534 0.235896 0.223462 0.945737 0.377813 0.188016 -0.139443 0.972217 0.384411 -0.979253 0.0495633 0.196486 -0.488542 -0.075585 -0.988989 -0.127232 0.445159 
1535148788488 0.245378 0.927475 -0.282099 -0.627285 -0.94021 0.298588 0.163862 -0.238756 0.236209 0.225024 0.945288 0.377806 0.190386 -0.137058 0.972095 0.384419 -0.979441 0.0407573 0.197571 -0.488746 -0.0666988 -0.989724 -0.126481 0.445092 
1535148788683 0.245011 0.927094 -0.283665 -0.62751 -0.940227 0.298588 0.163762 -0.238978 0.236522 0.226586 0.944837 0.377799 0.192734 -0.134652 0.971968 0.384428 -0.979547 0.0319507 0.198664 -0.488951 -0.0578055 -0.990378 -0.12574 0.445026 
1535148789081 0.244642 0.926712 -0.285229 -0.627734 -0.940245 0.298588 0.163663 -0.2392 0.236834 0.228147 0.944383 0.377792 0.195061 -0.132224 0.971838 0.384436 -0.979571 0.0231442 0.199762 -0.489157 -0.0489057 -0.99095 -0.125008 0.44496 
1535148789087 0.244274 0.926326 -0.286794 -0.627959 -0.940262 0.298588 0.163563 -0.239422 0.237146 0.229707 0.943926 0.377785 0.197364 -0.129775 0.971703 0.384444 -0.979514 0.0143387 0.200865 -0.489361 -0.0400003 -0.99144 -0.124287 0.444893 
1535148789221 0.243904 0.925938 -0.288357 -0.628183 -0.940279 0.298588 0.163463 -0.239643 0.237456 0.231267 0.943467 0.377778 0.199644 -0.127306 0.971563 0.384452 -0.979375 0.00553482 0.201975 -0.489565 -0.03109 -0.991848 -0.123575 0.444827 
1535148789373 0.243535 0.925547 -0.28992 -0.628408 -0.940297 0.298588 0.163363 -0.239866 0.237767 0.232826 0.943005 0.377771 0.201903 -0.124815 0.97142 0.384461 -0.979154 -0.0032668 0.203091 -0.489771 -0.0221754 -0.992175 -0.122873 0.44476 
1535148789630 0.243164 0.925154 -0.291481 -0.628633 -0.940314 0.298587 0.163263 -0.240088 0.238076 0.234384 0.942541 0.377764 0.204138 -0.122305 0.971272 0.384469 -0.978852 -0.0120651 0.204212 -0.489975 -0.0132575 -0.992419 -0.122181 0.444694 
1535148789896 0.243655 0.925405 -0.290272 -0.628452 -0.940221 0.298808 0.163397 -0.240024 0.237944 0.233107 0.942891 0.377849 0.199085 -0.127709 0.971625 0.384428 -0.979451 0.00669599 0.201569 -0.489517 -0.0322481 -0.991789 -0.123751 0.444862 
1535148789908 0.24337 0.925449 -0.29037 -0.62895 -0.940237 0.29861 0.163664 -0.240369 0.23817 0.233186 0.942815 0.377635 0.195134 -0.127778 0.972417 0.384347 -0.97995 0.0153029 0.198657 -0.48912 -0.0402648 -0.991685 -0.12223 0.444467 
1535148790125 0.243084 0.925494 -0.290467 -0.62945 -0.940254 0.298411 0.163931 -0.240715 0.238396 0.233264 0.942738 0.377421 0.19118 -0.127812 0.973198 0.384265 -0.980367 0.0239088 0.195728 -0.488721 -0.0482844 -0.99151 -0.120732 0.444071 
1535148790335 0.242799 0.925538 -0.290564 -0.62995 -0.940271 0.298212 0.164198 -0.241061 0.238621 0.233342 0.942662 0.377207 0.187223 -0.127811 0.973967 0.384183 -0.980702 0.0325131 0.192784 -0.48832 -0.0563066 -0.991266 -0.119257 0.443675 
1535148790386 0.242513 0.925583 -0.290661 -0.630451 -0.940287 0.298013 0.164465 -0.241407 0.238847 0.23342 0.942585 0.376992 0.183263 -0.127775 0.974725 0.384101 -0.980957 0.0411152 0.189825 -0.487918 -0.0643308 -0.990951 -0.117807 0.443279 
1535148790553 0.242227 0.925627 -0.290758 -0.630953 -0.940303 0.297813 0.164732 -0.241754 0.239072 0.233498 0.942509 0.376778 0.179302 -0.127705 0.97547 0.384019 -0.98113 0.0497141 0.186851 -0.487517 -0.0723564 -0.990566 -0.116381 0.442883 
1535148790852 0.241941 0.925672 -0.290855 -0.631453 -0.94032 0.297614 0.164999 -0.2421 0.239298 0.233576 0.942432 0.376564 0.17534 -0.127599 0.976204 0.383937 -0.981221 0.0583092 0.183863 -0.487117 -0.0803824 -0.99011 -0.114979 0.442488 
1535148791086 0.241655 0.925716 -0.290951 -0.631955 -0.940336 0.297415 0.165267 -0.242447 0.239523 0.233654 0.942356 0.376349 0.171376 -0.12746 0.976926 0.383855 -0.981231 0.0668999 0.18086 -0.486714 -0.0884086 -0.989585 -0.113602 0.442092 
1535148791252 0.24137 0.92576 -0.291048 -0.632455 -0.940352 0.297216 0.165534 -0.242793 0.239749 0.233733 0.942279 0.376135 0.167412 -0.127285 0.977636 0.383773 -0.981159 0.0754853 0.177843 -0.486314 -0.0964339 -0.98899 -0.11225 0.441696 
1535148791259 0.241084 0.925804 -0.291144 -0.632957 -0.940368 0.297017 0.165801 -0.24314 0.239974 0.233811 0.942202 0.37592 0.163446 -0.127076 0.978334 0.38369 -0.981007 0.0840649 0.174812 -0.485912 -0.104458 -0.988324 -0.110922 0.4413 
1535148792038 0.241438 0.925719 -0.291123 -0.632759 -0.940312 0.297316 0.165581 -0.243066 0.239837 0.233769 0.942247 0.376026 0.163982 -0.12679 0.978281 0.383827 -0.981002 0.0832481 0.175227 -0.485957 -0.103657 -0.98843 -0.11073 0.441392 
1535148792050 0.241355 0.925928 -0.290527 -0.632952 -0.940388 0.297077 0.165577 -0.243237 0.239621 0.233245 0.942432 0.375889 0.166747 -0.127824 0.977679 0.383859 -0.981095 0.0772714 0.177432 -0.486336 -0.0982267 -0.988782 -0.112523 0.441763 
1535148792071 0.241272 0.926136 -0.28993 -0.633147 -0.940464 0.296838 0.165573 -0.24341 0.239405 0.232721 0.942617 0.375751 0.169517 -0.128842 0.977069 0.383893 -0.981149 0.0712889 0.179626 -0.486719 -0.0927975 -0.989099 -0.114328 0.442135 
1535148792272 0.241188 0.926345 -0.289333 -0.633343 -0.940541 0.296598 0.165568 -0.243582 0.239189 0.232197 0.942801 0.375613 0.172293 -0.129842 0.976451 0.383927 -0.981163 0.0653018 0.181808 -0.487102 -0.0873703 -0.989382 -0.116145 0.442506 
1535148792365 0.241104 0.926553 -0.288736 -0.633537 -0.940617 0.296358 0.165564 -0.243754 0.238973 0.231672 0.942985 0.375476 0.175072 -0.130825 0.975825 0.38396 -0.98114 0.0593105 0.183977 -0.487483 -0.0819454 -0.98963 -0.117974 0.442878 
1535148792445 0.241021 0.92676 -0.288139 -0.633733 -0.940693 0.296118 0.16556 -0.243927 0.238757 0.231147 0.943168 0.375338 0.177856 -0.131791 0.975191 0.383994 -0.981077 0.0533148 0.186135 -0.487867 -0.076523 -0.989843 -0.119814 0.443249 
1535148792681 0.240937 0.926967 -0.287542 -0.633929 -0.94077 0.295879 0.165554 -0.2441 0.238541 0.230623 0.943351 0.3752 0.180645 -0.132739 0.97455 0.384028 -0.980975 0.0473153 0.18828 -0.488251 -0.0711032 -0.990021 -0.121666 0.443621 
1535148792856 0.240853 0.927175 -0.286944 -0.634124 -0.940846 0.295639 0.16555 -0.244272 0.238326 0.230097 0.943534 0.375062 0.183437 -0.13367 0.973901 0.384062 -0.980834 0.0413122 0.190413 -0.488633 -0.0656865 -0.990164 -0.12353 0.443992 
1535148792877 0.240769 0.927381 -0.286347 -0.634319 -0.940922 0.295399 0.165545 -0.244445 0.23811 0.229572 0.943716 0.374924 0.186233 -0.134584 0.973244 0.384095 -0.980655 0.0353058 0.192533 -0.489015 -0.060273 -0.990273 -0.125405 0.444364 
1535148793024 0.240684 0.927587 -0.28575 -0.634515 -0.940998 0.29516 0.165539 -0.244618 0.237894 0.229047 0.943898 0.374787 0.189033 -0.13548 0.97258 0.384129 -0.980437 0.029296 0.194641 -0.4894 -0.0548628 -0.990347 -0.127292 0.444735 
1535148793514 0.240868 0.927368 -0.286306 -0.634367 -0.940894 0.295489 0.165543 -0.244559 0.23812 0.22951 0.943729 0.374889 0.185831 -0.134676 0.973308 0.383992 -0.980645 0.0367386 0.192315 -0.488866 -0.0616582 -0.990208 -0.125243 0.444209 
1535148793651 0.241187 0.927387 -0.285976 -0.634403 -0.940822 0.295725 0.165529 -0.244564 0.23808 0.229129 0.943831 0.374821 0.183022 -0.13449 0.973866 0.383941 -0.980856 0.0420363 0.190141 -0.488623 -0.0665098 -0.990023 -0.124222 0.443931 
1535148793666 0.241507 0.927405 -0.285647 -0.63444 -0.94075 0.295962 0.165516 -0.244569 0.238041 0.228749 0.943933 0.374752 0.180212 -0.134288 0.974418 0.383888 -0.981036 0.0473323 0.187959 -0.488374 -0.0713621 -0.989811 -0.123212 0.443652 
1535148793671 0.241827 0.927423 -0.285318 -0.634476 -0.940678 0.296199 0.165502 -0.244574 0.238002 0.22837 0.944035 0.374683 0.177402 -0.134072 0.974963 0.383835 -0.981183 0.0526266 0.185771 -0.488125 -0.0762155 -0.989573 -0.122213 0.443374 
1535148793704 0.242147 0.927441 -0.284989 -0.634513 -0.940606 0.296436 0.165489 -0.244579 0.237963 0.22799 0.944137 0.374615 0.174592 -0.13384 0.975502 0.383781 -0.981298 0.057919 0.183576 -0.487876 -0.0810698 -0.989309 -0.121225 0.443095 
1535148793802 0.242466 0.927459 -0.284659 -0.63455 -0.940533 0.296673 0.165477 -0.244585 0.237923 0.227609 0.944239 0.374546 0.171782 -0.133593 0.976035 0.383728 -0.981381 0.0632093 0.181374 -0.487627 -0.0859248 -0.989018 -0.120247 0.442816 
1535148793822 0.242786 0.927476 -0.28433 -0.634586 -0.940461 0.29691 0.165463 -0.24459 0.237884 0.227229 0.94434 0.374478 0.168972 -0.133331 0.976561 0.383675 -0.981431 0.0684974 0.179167 -0.487379 -0.0907803 -0.988702 -0.119281 0.442538 
1535148793833 0.243106 0.927493 -0.284 -0.634623 -0.940388 0.297147 0.165451 -0.244595 0.237844 0.226849 0.944442 0.374409 0.166162 -0.133053 0.977081 0.383622 -0.98145 0.0737831 0.176952 -0.487129 -0.0956362 -0.988359 -0.118325 0.442259 
1535148793986 0.243426 0.92751 -0.283671 -0.63466 -0.940315 0.297384 0.165438 -0.2446 0.237804 0.226469 0.944543 0.37434 0.163353 -0.132761 0.977594 0.383569 -0.981436 0.0790661 0.174732 -0.486881 -0.100492 -0.987989 -0.117381 0.441981 
1535148794014 0.243745 0.927527 -0.283341 -0.634696 -0.940243 0.29762 0.165425 -0.244605 0.237764 0.226088 0.944644 0.374272 0.160544 -0.132453 0.978101 0.383516 -0.98139 0.0843464 0.172506 -0.486632 -0.105348 -0.987594 -0.116447 0.441702 
1535148794551 0.242769 0.927531 -0.284163 -0.6346 -0.940465 0.296864 0.165523 -0.244538 0.237886 0.227062 0.94438 0.374445 0.169514 -0.133032 0.976508 0.38379 -0.981445 0.0673112 0.179541 -0.487498 -0.0896146 -0.988823 -0.119153 0.442712 
1535148794557 0.24353 0.927491 -0.283645 -0.634446 -0.940351 0.297419 0.165171 -0.244448 0.237556 0.226502 0.944597 0.374457 0.168466 -0.132947 0.976701 0.383785 -0.981456 0.0693068 0.17872 -0.487489 -0.0914523 -0.988697 -0.118806 0.442517 
1535148794564 0.24429 0.927449 -0.283127 -0.634287 -0.940237 0.297974 0.164819 -0.244357 0.237225 0.225943 0.944814 0.37447 0.16745 -0.132826 0.976892 0.383787 -0.981463 0.071241 0.17792 -0.48748 -0.0932271 -0.988576 -0.118434 0.44234 
1535148794671 0.245051 0.927407 -0.282608 -0.634127 -0.940123 0.298529 0.164467 -0.244264 0.236894 0.225384 0.945031 0.374483 0.166434 -0.132702 0.977082 0.383788 -0.981465 0.0731749 0.177118 -0.48747 -0.095002 -0.988451 -0.118064 0.442163 
1535148794788 0.245811 0.927364 -0.282089 -0.633969 -0.940008 0.299083 0.164115 -0.244173 0.236563 0.224824 0.945247 0.374496 0.165418 -0.132577 0.977272 0.38379 -0.981464 0.0751083 0.176317 -0.487463 -0.0967768 -0.988323 -0.117695 0.441986 
1535148794911 0.24657 0.92732 -0.281569 -0.63381 -0.939893 0.299638 0.163764 -0.24408 0.236231 0.224266 0.945463 0.374509 0.164403 -0.132449 0.97746 0.383792 -0.981458 0.0770415 0.175514 -0.487454 -0.0985517 -0.988191 -0.117327 0.441809 
1535148795061 0.24733 0.927275 -0.28105 -0.63365 -0.939777 0.300194 0.163413 -0.243988 0.235898 0.223707 0.945678 0.374522 0.163387 -0.13232 0.977648 0.383793 -0.981447 0.0789742 0.174711 -0.487445 -0.100327 -0.988056 -0.116961 0.441632 
1535148795128 0.248089 0.92723 -0.280529 -0.633491 -0.93966 0.300749 0.163063 -0.243896 0.235565 0.223148 0.945893 0.374534 0.162372 -0.132188 0.977835 0.383795 -0.981433 0.0809065 0.173907 -0.487438 -0.102102 -0.987917 -0.116597 0.441455 
1535148795308 0.248848 0.927184 -0.280009 -0.633331 -0.939543 0.301304 0.162712 -0.243804 0.235232 0.22259 0.946108 0.374547 0.161357 -0.132054 0.978021 0.383796 -0.981414 0.0828386 0.173102 -0.487429 -0.103877 -0.987775 -0.116233 0.441277 
1535148795315 0.249606 0.927137 -0.279488 -0.633173 -0.939425 0.301859 0.162362 -0.243712 0.234898 0.222031 0.946322 0.37456 0.160342 -0.131919 0.978206 0.383798 -0.981391 0.0847701 0.172296 -0.487421 -0.105652 -0.987629 -0.115872 0.4411 
1535148795623 0.24898 0.927144 -0.280024 -0.633324 -0.939539 0.301403 0.162548 -0.243774 0.235105 0.222622 0.946132 0.374474 0.160975 -0.13207 0.978082 0.383849 -0.981416 0.0834569 0.172793 -0.487446 -0.104448 -0.987721 -0.116181 0.441219 
1535148795644 0.249134 0.927199 -0.279704 -0.632984 -0.939471 0.30152 0.162727 -0.243678 0.235217 0.222233 0.946195 0.37457 0.161037 -0.132222 0.978051 0.383871 -0.981394 0.0835332 0.17288 -0.487546 -0.104558 -0.987694 -0.11631 0.441163 
1535148795663 0.249288 0.927254 -0.279384 -0.632639 -0.939402 0.301638 0.162907 -0.243581 0.235329 0.221843 0.946259 0.374666 0.161099 -0.132373 0.978021 0.383894 -0.981372 0.0836092 0.172968 -0.487646 -0.104668 -0.987667 -0.116438 0.441107 
1535148795789 0.249442 0.927309 -0.279063 -0.632295 -0.939333 0.301756 0.163087 -0.243483 0.235441 0.221453 0.946322 0.374763 0.161161 -0.132524 0.97799 0.383916 -0.98135 0.0836852 0.173055 -0.487747 -0.104777 -0.987641 -0.116566 0.441052 
1535148795794 0.249596 0.927364 -0.278743 -0.63195 -0.939264 0.301873 0.163267 -0.243385 0.235553 0.221062 0.946386 0.374859 0.161223 -0.132676 0.977959 0.383939 -0.981329 0.0837612 0.173142 -0.487847 -0.104887 -0.987614 -0.116694 0.440996 
1535148795872 0.249751 0.927419 -0.278423 -0.631605 -0.939195 0.301991 0.163447 -0.243288 0.235665 0.220672 0.946449 0.374956 0.161285 -0.132827 0.977929 0.383961 -0.981307 0.0838372 0.173229 -0.487948 -0.104996 -0.987587 -0.116822 0.44094 
1535148795942 0.249905 0.927473 -0.278103 -0.631262 -0.939125 0.302109 0.163627 -0.24319 0.235777 0.220282 0.946512 0.375053 0.161347 -0.132978 0.977898 0.383984 -0.981285 0.0839131 0.173317 -0.488048 -0.105106 -0.98756 -0.11695 0.440884 
1535148795950 0.25006 0.927527 -0.277783 -0.630916 -0.939056 0.302226 0.163807 -0.243092 0.235889 0.219892 0.946575 0.375149 0.161409 -0.13313 0.977867 0.384006 -0.981263 0.0839891 0.173404 -0.488149 -0.105215 -0.987533 -0.117079 0.440828 
1535148796095 0.250214 0.927582 -0.277462 -0.630572 -0.938987 0.302343 0.163988 -0.242995 0.236001 0.219502 0.946638 0.375246 0.16147 -0.133281 0.977836 0.384029 -0.981241 0.084065 0.173491 -0.488249 -0.105325 -0.987507 -0.117207 0.440773 
1535148796129 0.250368 0.927636 -0.277142 -0.630228 -0.938918 0.302461 0.164168 -0.242897 0.236112 0.219111 0.9467 0.375342 0.161533 -0.133432 0.977805 0.384051 -0.981219 0.0841408 0.173579 -0.48835 -0.105434 -0.98748 -0.117335 0.440717 
1535148796175 0.249199 0.92744 -0.278845 -0.631931 -0.939375 0.301505 0.163306 -0.243241 0.23553 0.221245 0.946349 0.374837 0.161179 -0.132898 0.977936 0.383927 -0.981313 0.0839375 0.173143 -0.488144 -0.105096 -0.987569 -0.116886 0.440879 
1535148796182 0.249068 0.927434 -0.278983 -0.631315 -0.939248 0.301556 0.163943 -0.243052 0.236175 0.221202 0.946198 0.375041 0.161341 -0.133055 0.977888 0.383993 -0.981297 0.0837993 0.173305 -0.488251 -0.105006 -0.98756 -0.117046 0.440813 
1535148796188 0.248937 0.927428 -0.279121 -0.630695 -0.93912 0.301608 0.164579 -0.242862 0.23682 0.221158 0.946047 0.375246 0.161504 -0.133212 0.97784 0.384059 -0.981279 0.0836613 0.173469 -0.488359 -0.104915 -0.98755 -0.117206 0.440747 
1535148796216 0.248807 0.927421 -0.279258 -0.630074 -0.938992 0.301659 0.165215 -0.242671 0.237465 0.221114 0.945896 0.375451 0.161667 -0.133368 0.977792 0.384126 -0.981262 0.0835233 0.173633 -0.488466 -0.104825 -0.987541 -0.117366 0.440682 
1535148796260 0.248676 0.927415 -0.279395 -0.629453 -0.938863 0.301711 0.165851 -0.24248 0.238109 0.221071 0.945744 0.375656 0.161829 -0.133525 0.977743 0.384192 -0.981245 0.0833852 0.173796 -0.488574 -0.104735 -0.987531 -0.117526 0.440616 
1535148796345 0.248545 0.927409 -0.279532 -0.628832 -0.938734 0.301762 0.166487 -0.24229 0.238754 0.221027 0.945592 0.375861 0.161992 -0.133681 0.977695 0.384258 -0.981228 0.0832471 0.17396 -0.488681 -0.104646 -0.987522 -0.117686 0.44055 
1535148796412 0.248415 0.927402 -0.279669 -0.628212 -0.938605 0.301813 0.167123 -0.242099 0.239398 0.220983 0.945439 0.376066 0.162155 -0.133838 0.977647 0.384325 -0.98121 0.083109 0.174124 -0.488789 -0.104556 -0.987512 -0.117847 0.440484 
1535148796419 0.248284 0.927396 -0.279807 -0.627591 -0.938475 0.301865 0.167759 -0.241908 0.240043 0.22094 0.945286 0.376271 0.162318 -0.133994 0.977598 0.384391 -0.981193 0.0829709 0.174287 -0.488896 -0.104466 -0.987503 -0.118007 0.440418 
1535148796501 0.248153 0.92739 -0.279944 -0.626971 -0.938344 0.301916 0.168395 -0.241718 0.240687 0.220896 0.945132 0.376476 0.162481 -0.134151 0.97755 0.384457 -0.981176 0.0828327 0.174451 -0.489004 -0.104376 -0.987493 -0.118167 0.440353 
1535148796512 0.248022 0.927384 -0.28008 -0.626351 -0.938213 0.301967 0.16903 -0.241527 0.241331 0.220852 0.944978 0.376681 0.162644 -0.134307 0.977501 0.384524 -0.981158 0.0826945 0.174614 -0.489111 -0.104286 -0.987483 -0.118327 0.440287 
1535148797073 0.247457 0.927613 -0.27982 -0.626631 -0.938603 0.30116 0.168307 -0.241409 0.240394 0.220991 0.945184 0.376459 0.162112 -0.134066 0.977623 0.384337 -0.981206 0.0831861 0.174114 -0.48896 -0.104667 -0.987475 -0.118061 0.440339 
1535148797088 0.247657 0.927592 -0.279713 -0.626351 -0.938605 0.301281 0.168076 -0.241296 0.240178 0.220915 0.945257 0.376553 0.165077 -0.137213 0.976689 0.384508 -0.981273 0.0768136 0.176643 -0.489411 -0.0992607 -0.987559 -0.121963 0.440966 
1535148797121 0.247857 0.927571 -0.279606 -0.626068 -0.938608 0.301402 0.167847 -0.241181 0.239963 0.220839 0.945329 0.376648 0.16806 -0.140338 0.975736 0.38468 -0.981298 0.0704306 0.179147 -0.489868 -0.0938629 -0.987595 -0.125877 0.441594 
1535148797193 0.248056 0.927549 -0.2795 -0.625786 -0.93861 0.301523 0.167617 -0.241067 0.239748 0.220763 0.945402 0.376743 0.171058 -0.143442 0.974763 0.384852 -0.981281 0.0640373 0.181625 -0.490325 -0.0884737 -0.987585 -0.129802 0.442221 
1535148797200 0.248256 0.927528 -0.279394 -0.625504 -0.938612 0.301643 0.167387 -0.240953 0.239533 0.220688 0.945474 0.376838 0.174072 -0.146524 0.973771 0.385024 -0.981221 0.0576338 0.184076 -0.490782 -0.0830936 -0.987527 -0.13374 0.442849 
1535148797320 0.248455 0.927507 -0.279287 -0.625222 -0.938614 0.301764 0.167157 -0.240839 0.239318 0.220611 0.945546 0.376933 0.1771 -0.149585 0.972759 0.385195 -0.981119 0.0512207 0.186499 -0.491237 -0.0777227 -0.987421 -0.137689 0.443476 
1535148797594 0.248654 0.927485 -0.279181 -0.624939 -0.938616 0.301885 0.166927 -0.240724 0.239103 0.220536 0.945618 0.377027 0.180145 -0.152624 0.971727 0.385368 -0.980975 0.044798 0.188896 -0.491695 -0.0723614 -0.987269 -0.14165 0.444104 
1535148797744 0.248853 0.927464 -0.279074 -0.624657 -0.938618 0.302005 0.166697 -0.24061 0.238888 0.22046 0.94569 0.377122 0.183204 -0.155641 0.970676 0.385539 -0.980788 0.0383665 0.191265 -0.492151 -0.0670101 -0.987068 -0.145622 0.444731 
1535148797865 0.249053 0.927443 -0.278967 -0.624374 -0.93862 0.302127 0.166467 -0.240496 0.238672 0.220385 0.945762 0.377217 0.186279 -0.158636 0.969605 0.385712 -0.98056 0.0319262 0.193607 -0.492608 -0.0616689 -0.986821 -0.149605 0.445359 
1535148797899 0.249252 0.927421 -0.278861 -0.624092 -0.938622 0.302248 0.166237 -0.240381 0.238457 0.22031 0.945834 0.377312 0.189368 -0.161609 0.968516 0.385883 -0.980289 0.0254777 0.195921 -0.493064 -0.0563382 -0.986526 -0.153599 0.445986 
1535148798519 0.249009 0.927457 -0.278959 -0.624306 -0.938664 0.302054 0.166353 -0.240464 0.238546 0.220426 0.945785 0.377184 0.18596 -0.1583 0.969722 0.385597 -0.980497 0.033981 0.193573 -0.492478 -0.0635947 -0.986806 -0.148893 0.444941 
1535148798528 0.249078 0.927371 -0.279183 -0.623955 -0.938582 0.302218 0.166517 -0.24034 0.238797 0.22056 0.94569 0.377309 0.187886 -0.158122 0.969379 0.385648 -0.980334 0.0304608 0.194978 -0.492761 -0.0603584 -0.98695 -0.149289 0.445068 
1535148798535 0.249144 0.927286 -0.279407 -0.623598 -0.938502 0.30238 0.166677 -0.240211 0.239044 0.220697 0.945595 0.377435 0.189813 -0.157937 0.969034 0.385701 -0.980157 0.0269405 0.196383 -0.49305 -0.0571226 -0.987082 -0.14969 0.445196 
1535148798752 0.24921 0.927201 -0.279631 -0.62324 -0.938421 0.302541 0.166837 -0.240081 0.239291 0.220834 0.945501 0.377561 0.191739 -0.157746 0.968686 0.385753 -0.979965 0.0234203 0.197786 -0.493338 -0.0538869 -0.987202 -0.150095 0.445323 
1535148798868 0.249275 0.927116 -0.279854 -0.622882 -0.938341 0.302702 0.166997 -0.239952 0.239538 0.22097 0.945407 0.377687 0.193664 -0.157548 0.968335 0.385806 -0.979759 0.0199001 0.199187 -0.493626 -0.0506513 -0.987311 -0.150505 0.445451 
1535148798938 0.249341 0.927031 -0.280078 -0.622525 -0.93826 0.302863 0.167157 -0.239823 0.239785 0.221107 0.945312 0.377813 0.195587 -0.157342 0.967982 0.385858 -0.979539 0.01638 0.200585 -0.493913 -0.0474161 -0.987408 -0.150919 0.445578 
1535148799198 0.249406 0.926945 -0.280301 -0.622166 -0.93818 0.303025 0.167318 -0.239693 0.240033 0.221243 0.945217 0.377939 0.19751 -0.15713 0.967626 0.385911 -0.979305 0.0128599 0.201982 -0.494202 -0.044181 -0.987494 -0.151338 0.445706 
1535148799305 0.249472 0.92686 -0.280525 -0.621809 -0.938099 0.303186 0.167478 -0.239564 0.24028 0.221379 0.945123 0.378065 0.199431 -0.156911 0.967267 0.385964 -0.979056 0.00934001 0.203377 -0.49449 -0.0409464 -0.987569 -0.151762 0.445834 
1535148799376 0.249537 0.926775 -0.280749 -0.621452 -0.938018 0.303347 0.167638 -0.239434 0.240527 0.221515 0.945028 0.378191 0.20135 -0.156685 0.966906 0.386016 -0.978793 0.00582038 0.204769 -0.494777 -0.037712 -0.987631 -0.152191 0.445961 
1535148799640 0.249603 0.926689 -0.280972 -0.621093 -0.937937 0.303509 0.167798 -0.239304 0.240774 0.221652 0.944933 0.378317 0.203269 -0.156453 0.966542 0.386069 -0.978516 0.00230086 0.20616 -0.495066 -0.0344781 -0.987683 -0.152624 0.446089 
1535148800158 0.24979 0.926645 -0.280953 -0.621265 -0.93794 0.303636 0.167554 -0.239515 0.24057 0.221664 0.944982 0.378265 0.202676 -0.156646 0.966636 0.385979 -0.978609 0.00318682 0.205703 -0.494974 -0.0353029 -0.98765 -0.152649 0.446017 
1535148800171 0.24985 0.926575 -0.281131 -0.620945 -0.937878 0.303768 0.167662 -0.239366 0.24075 0.221776 0.94491 0.378365 0.199873 -0.154477 0.967568 0.385928 -0.979038 0.0080074 0.203521 -0.49471 -0.0391871 -0.987964 -0.149639 0.445455 
1535148800177 0.249909 0.926505 -0.281307 -0.620624 -0.937816 0.303898 0.167771 -0.239217 0.240929 0.221887 0.944838 0.378465 0.197093 -0.152297 0.968483 0.385878 -0.979439 0.012802 0.201335 -0.494447 -0.0430613 -0.988252 -0.146642 0.444893 
1535148800395 0.249968 0.926435 -0.281485 -0.620301 -0.937754 0.30403 0.167879 -0.239067 0.241108 0.221999 0.944766 0.378565 0.194318 -0.150102 0.969386 0.385827 -0.979815 0.0175917 0.199132 -0.494181 -0.0469434 -0.988514 -0.143654 0.444332 
1535148800567 0.250027 0.926366 -0.281661 -0.61998 -0.937692 0.304161 0.167987 -0.238917 0.241288 0.22211 0.944694 0.378665 0.191552 -0.147893 0.970276 0.385776 -0.980165 0.0223757 0.196915 -0.493917 -0.0508329 -0.98875 -0.140674 0.44377 
1535148800573 0.250087 0.926296 -0.281838 -0.619658 -0.93763 0.304292 0.168095 -0.238767 0.241467 0.222221 0.944622 0.378765 0.188792 -0.145669 0.971153 0.385725 -0.980491 0.0271544 0.194681 -0.493652 -0.0547301 -0.988961 -0.137701 0.443208 
1535148800596 0.250146 0.926226 -0.282015 -0.619336 -0.937568 0.304423 0.168204 -0.238618 0.241647 0.222333 0.94455 0.378865 0.186041 -0.143431 0.972017 0.385675 -0.980791 0.0319273 0.192432 -0.493388 -0.0586345 -0.989145 -0.134736 0.442647 
1535148800602 0.250205 0.926156 -0.282192 -0.619014 -0.937506 0.304555 0.168312 -0.238468 0.241826 0.222444 0.944478 0.378965 0.183297 -0.141178 0.972867 0.385624 -0.981066 0.0366946 0.190166 -0.493122 -0.0625463 -0.989304 -0.131779 0.442085 
1535148800813 0.250264 0.926086 -0.282369 -0.618692 -0.937444 0.304686 0.16842 -0.238318 0.242005 0.222556 0.944406 0.379065 0.180561 -0.138912 0.973705 0.385573 -0.981316 0.0414557 0.187886 -0.492858 -0.0664651 -0.989437 -0.128831 0.441524 
1535148801097 0.250323 0.926016 -0.282546 -0.61837 -0.937382 0.304817 0.168528 -0.238168 0.242185 0.222667 0.944334 0.379165 0.177832 -0.13663 0.974529 0.385522 -0.98154 0.0462107 0.185591 -0.492594 -0.070391 -0.989544 -0.12589 0.440962 
1535148801362 0.250222 0.926111 -0.282325 -0.618579 -0.937437 0.304655 0.168517 -0.238213 0.242077 0.222495 0.944402 0.379112 0.183884 -0.141342 0.972733 0.385795 -0.981077 0.0346426 0.190495 -0.493149 -0.0606229 -0.989355 -0.132297 0.442612 
1535148801377 0.250274 0.926085 -0.282365 -0.618322 -0.937378 0.304753 0.168666 -0.238092 0.242251 0.22247 0.944363 0.379183 0.187997 -0.141363 0.971943 0.385878 -0.980826 0.0247324 0.193312 -0.493621 -0.0513657 -0.989649 -0.134002 0.442979 
1535148801382 0.250328 0.926058 -0.282406 -0.618064 -0.937319 0.304853 0.168815 -0.23797 0.242425 0.222445 0.944324 0.379254 0.19211 -0.141343 0.971142 0.385962 -0.980469 0.0148193 0.196112 -0.494098 -0.0421107 -0.98985 -0.135735 0.443347 
1535148801555 0.250381 0.926031 -0.282447 -0.617807 -0.937259 0.304953 0.168965 -0.237849 0.242599 0.22242 0.944285 0.379325 0.196221 -0.141281 0.970328 0.386047 -0.980009 0.00490491 0.198892 -0.494574 -0.0328591 -0.989957 -0.137494 0.443714 
1535148801561 0.250435 0.926004 -0.282488 -0.617549 -0.9372 0.305053 0.169114 -0.237727 0.242774 0.222395 0.944246 0.379397 0.200328 -0.141178 0.969504 0.386131 -0.979444 -0.00500975 0.201652 -0.495051 -0.0236119 -0.989972 -0.13928 0.444082 
1535148801770 0.250488 0.925977 -0.282529 -0.617291 -0.93714 0.305153 0.169263 -0.237606 0.242948 0.222371 0.944207 0.379468 0.204431 -0.141034 0.968668 0.386215 -0.978775 -0.0149235 0.204392 -0.495526 -0.0143702 -0.989892 -0.141091 0.444449 
1535148801916 0.250542 0.92595 -0.28257 -0.617033 -0.937081 0.305252 0.169412 -0.237484 0.243122 0.222346 0.944168 0.379539 0.208531 -0.140847 0.967821 0.3863 -0.978002 -0.0248355 0.207111 -0.496003 -0.00513473 -0.98972 -0.142928 0.444817 
1535148802068 0.250595 0.925923 -0.282611 -0.616776 -0.937021 0.305353 0.169561 -0.237363 0.243296 0.222321 0.944129 0.37961 0.212627 -0.14062 0.966962 0.386384 -0.977125 -0.0347444 0.209809 -0.496479 0.00409332 -0.989454 -0.144791 0.445184 
1535148802215 0.250649 0.925896 -0.282652 -0.616518 -0.936962 0.305452 0.16971 -0.237241 0.243471 0.222296 0.94409 0.379681 0.216717 -0.140351 0.966093 0.386469 -0.976144 -0.0446495 0.212485 -0.496957 0.0133131 -0.989095 -0.146679 0.445552 
1535148802341 0.250702 0.925869 -0.282693 -0.61626 -0.936902 0.305552 0.16986 -0.23712 0.243645 0.222271 0.944051 0.379753 0.220802 -0.14004 0.965212 0.386553 -0.975058 -0.0545495 0.21514 -0.497433 0.0225235 -0.988642 -0.148592 0.445919 
1535148802706 0.250695 0.925848 -0.282769 -0.616467 -0.93692 0.305545 0.169775 -0.237275 0.243584 0.22237 0.944044 0.379645 0.20389 -0.141343 0.968737 0.386046 -0.97887 -0.0137049 0.204023 -0.495468 -0.0155608 -0.989866 -0.141151 0.444219 
1535148802719 0.250629 0.925784 -0.283034 -0.616313 -0.936852 0.305609 0.170035 -0.237233 0.243914 0.222545 0.943917 0.379694 0.204017 -0.140385 0.968849 0.386021 -0.978851 -0.01397 0.204099 -0.495559 -0.0151175 -0.989998 -0.140266 0.444114 
1535148802751 0.250564 0.92572 -0.283301 -0.616153 -0.936783 0.305674 0.170294 -0.237189 0.244243 0.222722 0.943791 0.379745 0.204145 -0.139426 0.968961 0.385996 -0.978831 -0.014236 0.204176 -0.495654 -0.0146732 -0.99013 -0.13938 0.44401 
1535148802854 0.250499 0.925657 -0.283567 -0.615993 -0.936715 0.305739 0.170554 -0.237145 0.244572 0.222898 0.943664 0.379795 0.204271 -0.138467 0.969072 0.385972 -0.978811 -0.0145017 0.204252 -0.49575 -0.0142289 -0.990261 -0.138495 0.443905 
1535148802925 0.250433 0.925593 -0.283833 -0.615835 -0.936647 0.305804 0.170813 -0.237101 0.244901 0.223074 0.943537 0.379845 0.204398 -0.137507 0.969182 0.385948 -0.978791 -0.0147676 0.204329 -0.495843 -0.0137843 -0.990391 -0.137609 0.4438 
1535148803089 0.250367 0.925529 -0.284099 -0.615675 -0.936578 0.305869 0.171073 -0.237057 0.24523 0.22325 0.94341 0.379896 0.204524 -0.136548 0.969291 0.385923 -0.978771 -0.0150333 0.204407 -0.495938 -0.0133397 -0.990519 -0.136724 0.443696 
1535148803096 0.250302 0.925465 -0.284366 -0.615514 -0.936509 0.305934 0.171332 -0.237012 0.245559 0.223426 0.943282 0.379946 0.204649 -0.135588 0.969399 0.385899 -0.97875 -0.0152988 0.204484 -0.496033 -0.012895 -0.990647 -0.135838 0.443591 
1535148803150 0.250236 0.925401 -0.284632 -0.615356 -0.936441 0.305999 0.171591 -0.236969 0.245888 0.223602 0.943155 0.379996 0.204775 -0.134629 0.969506 0.385874 -0.97873 -0.0155644 0.204562 -0.496127 -0.0124501 -0.990774 -0.134952 0.443487 
1535148803308 0.25017 0.925337 -0.284898 -0.615197 -0.936372 0.306063 0.171851 -0.236925 0.246216 0.223778 0.943027 0.380046 0.2049 -0.133669 0.969613 0.38585 -0.978709 -0.0158299 0.20464 -0.496221 -0.0120051 -0.9909 -0.134066 0.443382 
1535148803414 0.250104 0.925273 -0.285164 -0.615036 -0.936303 0.306129 0.17211 -0.23688 0.246545 0.223954 0.9429 0.380097 0.205023 -0.132709 0.969718 0.385826 -0.978689 -0.0160951 0.204717 -0.496317 -0.0115601 -0.991024 -0.133181 0.443277 
1535148803657 0.250054 0.925416 -0.284743 -0.615271 -0.936443 0.305888 0.171777 -0.236823 0.246065 0.223692 0.943088 0.37996 0.204773 -0.133521 0.96966 0.385819 -0.978738 -0.0159761 0.204491 -0.496271 -0.0118125 -0.990917 -0.133954 0.443411 
1535148803669 0.250161 0.92538 -0.284764 -0.615067 -0.936434 0.305976 0.171668 -0.236743 0.24599 0.223718 0.943101 0.380037 0.206352 -0.135447 0.969058 0.385894 -0.978446 -0.0205374 0.205481 -0.496522 -0.00792974 -0.990572 -0.136765 0.443848 
1535148803676 0.250269 0.925344 -0.284786 -0.614863 -0.936425 0.306065 0.171559 -0.236663 0.245914 0.223744 0.943114 0.380115 0.207939 -0.137364 0.968449 0.38597 -0.978133 -0.0251003 0.206458 -0.496776 -0.00405158 -0.990203 -0.139579 0.444286 
1535148803703 0.250378 0.925309 -0.284807 -0.614657 -0.936416 0.306155 0.171449 -0.236582 0.245838 0.223771 0.943128 0.380192 0.209534 -0.139272 0.967832 0.386047 -0.977801 -0.0296648 0.207424 -0.497033 -0.000177881 -0.98981 -0.142397 0.444724 
1535148803710 0.250486 0.925273 -0.284829 -0.614452 -0.936407 0.306244 0.17134 -0.236501 0.245763 0.223797 0.943141 0.38027 0.211135 -0.141173 0.967208 0.386124 -0.97745 -0.0342304 0.208375 -0.497287 0.00369108 -0.989393 -0.145217 0.445161 
1535148803948 0.250594 0.925237 -0.28485 -0.614247 -0.936398 0.306333 0.17123 -0.236421 0.245687 0.223824 0.943155 0.380347 0.212744 -0.143065 0.966578 0.3862 -0.977079 -0.0387975 0.209313 -0.497544 0.00755535 -0.988953 -0.14804 0.445599 
1535148804026 0.250702 0.925201 -0.284871 -0.614041 -0.936389 0.306422 0.17112 -0.23634 0.245612 0.22385 0.943168 0.380425 0.21436 -0.144949 0.96594 0.386277 -0.976688 -0.0433656 0.210238 -0.4978 0.0114148 -0.988488 -0.150866 0.446037 
1535148804033 0.25081 0.925165 -0.284893 -0.613836 -0.936379 0.306511 0.171011 -0.236259 0.245536 0.223877 0.943182 0.380502 0.215983 -0.146824 0.965295 0.386354 -0.976278 -0.0479346 0.211149 -0.498055 0.0152692 -0.988 -0.153695 0.446474 
1535148804218 0.250918 0.925129 -0.284914 -0.613631 -0.93637 0.3066 0.170901 -0.236179 0.24546 0.223903 0.943195 0.38058 0.217612 -0.148691 0.964643 0.38643 -0.975848 -0.0525045 0.212047 -0.498309 0.0191186 -0.987489 -0.156526 0.446912 
1535148804225 0.251026 0.925093 -0.284936 -0.613425 -0.936361 0.306689 0.170792 -0.236098 0.245385 0.223929 0.943208 0.380657 0.219249 -0.15055 0.963984 0.386507 -0.975399 -0.0570753 0.212931 -0.498566 0.0229629 -0.986953 -0.15936 0.44735 
1535148804590 0.250682 0.925141 -0.285082 -0.613702 -0.93644 0.3064 0.170877 -0.236071 0.245434 0.224127 0.943149 0.380519 0.215601 -0.146423 0.965441 0.38628 -0.976388 -0.0459995 0.211069 -0.497955 0.0135045 -0.988152 -0.152883 0.446192 
1535148804597 0.250885 0.92515 -0.284875 -0.613364 -0.936401 0.306541 0.17084 -0.235956 0.245378 0.223896 0.943218 0.3806 0.216157 -0.144786 0.965564 0.386276 -0.976213 -0.049135 0.211173 -0.498086 0.0168681 -0.988242 -0.151963 0.446076 
1535148804604 0.251088 0.925159 -0.284669 -0.613021 -0.936361 0.306684 0.170802 -0.235838 0.245322 0.223666 0.943287 0.380681 0.21671 -0.143147 0.965684 0.386272 -0.976026 -0.0522701 0.211283 -0.498222 0.0202319 -0.98832 -0.151043 0.44596 
1535148804856 0.251292 0.925167 -0.284463 -0.612679 -0.936321 0.306827 0.170765 -0.235721 0.245267 0.223437 0.943356 0.380763 0.217257 -0.141506 0.965803 0.386269 -0.975829 -0.0554044 0.211395 -0.498357 0.0235961 -0.988386 -0.150123 0.445844 
1535148804950 0.251495 0.925175 -0.284257 -0.612336 -0.936281 0.306969 0.170727 -0.235603 0.245211 0.223207 0.943425 0.380845 0.217799 -0.139863 0.96592 0.386266 -0.975621 -0.0585379 0.21151 -0.498492 0.0269605 -0.988439 -0.149203 0.445728 
1535148805016 0.251698 0.925183 -0.284051 -0.611992 -0.936241 0.307112 0.17069 -0.235485 0.245155 0.222978 0.943494 0.380926 0.218335 -0.138218 0.966036 0.386263 -0.975403 -0.0616705 0.211628 -0.498628 0.0303251 -0.98848 -0.148283 0.445612 
1535148805029 0.251901 0.925191 -0.283845 -0.61165 -0.936201 0.307255 0.170653 -0.235368 0.245099 0.222748 0.943562 0.381008 0.218865 -0.136571 0.96615 0.38626 -0.975173 -0.0648023 0.211749 -0.498763 0.0336899 -0.988508 -0.147364 0.445496 
1535148805309 0.252105 0.925199 -0.283639 -0.611307 -0.936161 0.307397 0.170615 -0.23525 0.245043 0.222519 0.943631 0.381089 0.21939 -0.134923 0.966263 0.386257 -0.974933 -0.0679332 0.211873 -0.498899 0.0370548 -0.988525 -0.146444 0.44538 
1535148805316 0.252308 0.925206 -0.283432 -0.610965 -0.936121 0.30754 0.170578 -0.235133 0.244986 0.222289 0.9437 0.381171 0.219909 -0.133272 0.966374 0.386253 -0.974683 -0.0710631 0.212 -0.499034 0.0404199 -0.988529 -0.145525 0.445264 
1535148805564 0.252511 0.925214 -0.283226 -0.610622 -0.936081 0.307682 0.170541 -0.235016 0.24493 0.222059 0.943768 0.381252 0.220423 -0.13162 0.966483 0.38625 -0.974421 -0.0741919 0.212129 -0.499168 0.0437849 -0.98852 -0.144607 0.445148 
1535148805797 0.252422 0.925152 -0.283509 -0.610875 -0.936053 0.307697 0.170669 -0.235107 0.24513 0.222298 0.94366 0.381148 0.219711 -0.133928 0.966328 0.386205 -0.974767 -0.0701895 0.211902 -0.498993 0.0394466 -0.988502 -0.14597 0.445311 
1535148805836 0.252541 0.925082 -0.283632 -0.610488 -0.935938 0.307908 0.170916 -0.234981 0.245444 0.222298 0.943579 0.381259 0.219442 -0.134875 0.966258 0.386226 -0.974933 -0.067641 0.21197 -0.499117 0.0367692 -0.988551 -0.146337 0.445347 
1535148805862 0.252659 0.925011 -0.283755 -0.610097 -0.935824 0.308118 0.171162 -0.234853 0.245757 0.222299 0.943497 0.38137 0.219169 -0.135822 0.966187 0.386246 -0.975091 -0.0650919 0.212039 -0.499241 0.0340915 -0.988593 -0.146705 0.445382 
1535148806061 0.252778 0.924941 -0.283879 -0.609707 -0.93571 0.308329 0.171409 -0.234725 0.246071 0.2223 0.943415 0.381482 0.218894 -0.136768 0.966116 0.386267 -0.975243 -0.0625424 0.212108 -0.499365 0.0314136 -0.988627 -0.147072 0.445418 
1535148806158 0.252896 0.924871 -0.284003 -0.609317 -0.935595 0.308539 0.171655 -0.234598 0.246384 0.222301 0.943333 0.381593 0.218616 -0.137713 0.966045 0.386288 -0.975388 -0.0599924 0.212178 -0.499489 0.0287356 -0.988654 -0.147439 0.445454 
1535148806163 0.253015 0.9248 -0.284127 -0.608926 -0.935481 0.30875 0.171901 -0.23447 0.246698 0.222302 0.943251 0.381705 0.218335 -0.138657 0.965973 0.386308 -0.975526 -0.057442 0.212249 -0.499612 0.0260575 -0.988673 -0.147806 0.44549 
