1533736893721 0.235603 0.807319 -0.541043 -0.539446 -0.949853 0.309062 0.0475428 -0.199549 0.205598 0.50271 0.83965 0.387991 0.16008 -0.304787 0.938871 0.370831 -0.775623 0.549475 0.310623 -0.528794 -0.61056 -0.777934 -0.14844 0.432481 
1533736893732 0.228002 0.79665 -0.559789 -0.546023 -0.949776 0.308539 0.0522461 -0.198579 0.214339 0.519762 0.826986 0.391155 0.316241 -0.38488 0.867098 0.400864 -0.930001 -0.306251 0.203246 -0.504429 0.187325 -0.870677 -0.454788 0.485926 
1533736894264 0.220206 0.785596 -0.578228 -0.5526 -0.949644 0.308111 0.0569572 -0.197609 0.222904 0.536568 0.813885 0.394318 0.316241 -0.38488 0.867098 0.400864 -0.930001 -0.306251 0.203246 -0.504429 0.187325 -0.870677 -0.454788 0.485926 
1533736894271 0.212217 0.774164 -0.596351 -0.559177 -0.949457 0.307778 0.0616742 -0.196639 0.23129 0.553121 0.800351 0.397481 0.316241 -0.38488 0.867098 0.400864 -0.930001 -0.306251 0.203246 -0.504429 0.187325 -0.870677 -0.454788 0.485926 
1533736895020 0.204041 0.762358 -0.614148 -0.565755 -0.949216 0.30754 0.0663947 -0.19567 0.239492 0.569412 0.786393 0.400645 0.316241 -0.38488 0.867098 0.400864 -0.930001 -0.306251 0.203246 -0.504429 0.187325 -0.870677 -0.454788 0.485926 
1533736895550 0.195682 0.750185 -0.63161 -0.572333 -0.94892 0.307397 0.071116 -0.194701 0.247505 0.585431 0.772018 0.403808 0.316241 -0.38488 0.867098 0.400864 -0.930001 -0.306251 0.203246 -0.504429 0.187325 -0.870677 -0.454788 0.485926 
1533736895557 0.187145 0.737652 -0.648727 -0.578911 -0.94857 0.307349 0.0758359 -0.193733 0.255326 0.601171 0.757233 0.40697 0.316241 -0.38488 0.867098 0.400864 -0.930001 -0.306251 0.203246 -0.504429 0.187325 -0.870677 -0.454788 0.485926 
1533736896299 0.178433 0.724766 -0.66549 -0.58549 -0.948166 0.307396 0.0805517 -0.192765 0.26295 0.616622 0.742048 0.410133 0.316241 -0.38488 0.867098 0.400864 -0.930001 -0.306251 0.203246 -0.504429 0.187325 -0.870677 -0.454788 0.485926 
1533736896305 0.169551 0.711533 -0.681889 -0.592069 -0.947708 0.307538 0.085261 -0.191798 0.270373 0.631776 0.726469 0.413295 0.316241 -0.38488 0.867098 0.400864 -0.930001 -0.306251 0.203246 -0.504429 0.187325 -0.870677 -0.454788 0.485926 
1533736897049 0.16041 0.698048 -0.697852 -0.598753 -0.947204 0.307717 0.0900763 -0.191092 0.277619 0.64656 0.710555 0.416313 0.316531 -0.385118 0.866887 0.401814 -0.929976 -0.306103 0.20358 -0.50615 0.186955 -0.870623 -0.455042 0.486735 
1533736897594 0.160752 0.698448 -0.697374 -0.598383 -0.947271 0.307613 0.0897316 -0.191224 0.277194 0.646177 0.711068 0.416022 0.316531 -0.385118 0.866887 0.401814 -0.929976 -0.306103 0.20358 -0.50615 0.186955 -0.870623 -0.455042 0.486735 
1533736897607 0.159817 0.697024 -0.699011 -0.599066 -0.947209 0.30766 0.0902224 -0.191086 0.277945 0.647691 0.709396 0.416383 0.316221 -0.384863 0.867113 0.400797 -0.930002 -0.306262 0.203223 -0.504308 0.187351 -0.87068 -0.45477 0.485869 
1533736897765 0.15888 0.695596 -0.700645 -0.599749 -0.947147 0.307708 0.0907135 -0.190949 0.278694 0.649201 0.70772 0.416743 0.316221 -0.384863 0.867113 0.400797 -0.930002 -0.306262 0.203223 -0.504308 0.187351 -0.87068 -0.45477 0.485869 
1533736897947 0.157942 0.694166 -0.702274 -0.600432 -0.947083 0.307757 0.0912049 -0.190811 0.279441 0.650707 0.70604 0.417104 0.316221 -0.384863 0.867113 0.400797 -0.930002 -0.306262 0.203223 -0.504308 0.187351 -0.87068 -0.45477 0.485869 
1533736898129 0.157002 0.692731 -0.7039 -0.601115 -0.94702 0.307808 0.0916951 -0.190673 0.280186 0.65221 0.704356 0.417465 0.316221 -0.384863 0.867113 0.400797 -0.930002 -0.306262 0.203223 -0.504308 0.187351 -0.87068 -0.45477 0.485869 
1533736898315 0.15606 0.691293 -0.705521 -0.601798 -0.946955 0.307859 0.0921856 -0.190535 0.280928 0.65371 0.702668 0.417825 0.316221 -0.384863 0.867113 0.400797 -0.930002 -0.306262 0.203223 -0.504308 0.187351 -0.87068 -0.45477 0.485869 
1533736898493 0.155117 0.689851 -0.707138 -0.602482 -0.946891 0.307912 0.092676 -0.190398 0.281669 0.655207 0.700976 0.418186 0.316221 -0.384863 0.867113 0.400797 -0.930002 -0.306262 0.203223 -0.504308 0.187351 -0.87068 -0.45477 0.485869 
1533736898500 0.154171 0.688406 -0.708751 -0.603165 -0.946825 0.307965 0.0931662 -0.19026 0.282407 0.6567 0.69928 0.418546 0.316221 -0.384863 0.867113 0.400797 -0.930002 -0.306262 0.203223 -0.504308 0.187351 -0.87068 -0.45477 0.485869 
1533736898752 0.153224 0.686958 -0.71036 -0.603848 -0.946759 0.308019 0.0936562 -0.190122 0.283142 0.658189 0.69758 0.418907 0.316221 -0.384863 0.867113 0.400797 -0.930002 -0.306262 0.203223 -0.504308 0.187351 -0.87068 -0.45477 0.485869 
1533736898927 0.152276 0.685506 -0.711965 -0.604531 -0.946692 0.308075 0.0941461 -0.189985 0.283876 0.659675 0.695876 0.419268 0.316221 -0.384863 0.867113 0.400797 -0.930002 -0.306262 0.203223 -0.504308 0.187351 -0.87068 -0.45477 0.485869 
1533736899116 0.152576 0.68614 -0.711289 -0.604212 -0.946786 0.307866 0.0938898 -0.19004 0.283403 0.659113 0.696601 0.419103 0.316221 -0.384863 0.867113 0.400797 -0.930002 -0.306262 0.203223 -0.504308 0.187351 -0.87068 -0.45477 0.485869 
1533736899129 0.153425 0.686348 -0.710906 -0.604288 -0.946577 0.308583 0.0936363 -0.189998 0.28364 0.658561 0.697026 0.418913 0.31622 -0.384863 0.867113 0.400795 -0.930002 -0.306262 0.203222 -0.504305 0.187352 -0.87068 -0.454769 0.485867 
1533736899270 0.154273 0.686556 -0.710521 -0.604367 -0.946369 0.309299 0.0933842 -0.189955 0.283877 0.658008 0.697452 0.418722 0.31622 -0.384863 0.867113 0.400795 -0.930002 -0.306262 0.203222 -0.504304 0.187352 -0.87068 -0.454769 0.485867 
1533736899306 0.155122 0.686763 -0.710137 -0.604444 -0.946159 0.310015 0.0931325 -0.189913 0.284113 0.657455 0.697877 0.418532 0.31622 -0.384863 0.867113 0.400795 -0.930002 -0.306262 0.203222 -0.504304 0.187352 -0.87068 -0.454769 0.485867 
1533736899420 0.15597 0.686969 -0.709751 -0.604524 -0.945949 0.310731 0.0928815 -0.18987 0.284348 0.656901 0.698303 0.41834 0.31622 -0.384863 0.867113 0.400795 -0.930002 -0.306262 0.203222 -0.504304 0.187351 -0.87068 -0.454769 0.485867 
1533736899470 0.156818 0.687175 -0.709365 -0.604604 -0.945738 0.311447 0.092631 -0.189828 0.284583 0.656347 0.698728 0.418148 0.31622 -0.384863 0.867113 0.400795 -0.930002 -0.306262 0.203222 -0.504304 0.187351 -0.87068 -0.454769 0.485867 
1533736899567 0.157667 0.68738 -0.708978 -0.604683 -0.945527 0.312162 0.0923807 -0.189786 0.284817 0.655793 0.699153 0.417957 0.31622 -0.384863 0.867113 0.400795 -0.930002 -0.306262 0.203222 -0.504304 0.187351 -0.87068 -0.454769 0.485867 
1533736899627 0.158515 0.687583 -0.708592 -0.604761 -0.945314 0.312878 0.0921308 -0.189744 0.28505 0.655238 0.699578 0.417766 0.31622 -0.384863 0.867113 0.400795 -0.930002 -0.306262 0.203222 -0.504304 0.187351 -0.87068 -0.454769 0.485867 
1533736899718 0.159363 0.687787 -0.708204 -0.604841 -0.945101 0.313594 0.0918819 -0.189703 0.285283 0.654682 0.700003 0.417575 0.31622 -0.384863 0.867113 0.400795 -0.930002 -0.306262 0.203222 -0.504304 0.187351 -0.87068 -0.454769 0.485867 
1533736899772 0.160211 0.687989 -0.707816 -0.60492 -0.944888 0.314309 0.0916329 -0.18966 0.285516 0.654127 0.700428 0.417384 0.31622 -0.384863 0.867113 0.400795 -0.930002 -0.306262 0.203222 -0.504304 0.187351 -0.87068 -0.454769 0.485867 
1533736899881 0.159062 0.687768 -0.70829 -0.604809 -0.945199 0.313281 0.0919393 -0.189668 0.285127 0.654851 0.699909 0.417606 0.31622 -0.384863 0.867113 0.400795 -0.930002 -0.306262 0.203222 -0.504304 0.187351 -0.87068 -0.454769 0.485867 
1533736899894 0.159826 0.688159 -0.707738 -0.604855 -0.945024 0.313862 0.0917673 -0.18964 0.285282 0.654163 0.700489 0.417512 0.31622 -0.384863 0.867113 0.400795 -0.930002 -0.306262 0.203222 -0.504304 0.187351 -0.87068 -0.454769 0.485867 
1533736899911 0.160589 0.688551 -0.707184 -0.604907 -0.944847 0.314441 0.0915986 -0.189618 0.285438 0.653471 0.701071 0.417415 0.31622 -0.384863 0.867113 0.400795 -0.930002 -0.306262 0.203222 -0.504304 0.187351 -0.87068 -0.454769 0.485867 
1533736899928 0.161352 0.688942 -0.706629 -0.604958 -0.944671 0.315021 0.0914297 -0.189595 0.285593 0.652779 0.701653 0.417319 0.31622 -0.384863 0.867113 0.400795 -0.930002 -0.306262 0.203222 -0.504304 0.187351 -0.87068 -0.454769 0.485867 
1533736900062 0.162115 0.689332 -0.706073 -0.605009 -0.944493 0.3156 0.0912616 -0.189572 0.285747 0.652087 0.702233 0.417223 0.31622 -0.384863 0.867113 0.400795 -0.930002 -0.306262 0.203222 -0.504304 0.187351 -0.87068 -0.454769 0.485867 
1533736900123 0.162877 0.689722 -0.705517 -0.605061 -0.944316 0.31618 0.0910942 -0.18955 0.2859 0.651394 0.702814 0.417126 0.31622 -0.384863 0.867113 0.400795 -0.930002 -0.306262 0.203222 -0.504304 0.187351 -0.87068 -0.454769 0.485867 
1533736900218 0.163641 0.69011 -0.704961 -0.605111 -0.944138 0.31676 0.0909266 -0.189526 0.286052 0.650701 0.703394 0.41703 0.31622 -0.384863 0.867113 0.400795 -0.930002 -0.306262 0.203222 -0.504304 0.187351 -0.87068 -0.454769 0.485867 
1533736900279 0.164403 0.690498 -0.704404 -0.605163 -0.943959 0.317339 0.0907602 -0.189504 0.286204 0.650007 0.703973 0.416933 0.31622 -0.384863 0.867113 0.400795 -0.930002 -0.306262 0.203222 -0.504304 0.187351 -0.87068 -0.454769 0.485867 
1533736900377 0.165167 0.690884 -0.703846 -0.605213 -0.94378 0.317919 0.0905938 -0.189481 0.286356 0.649313 0.704552 0.416837 0.31622 -0.384863 0.867113 0.400795 -0.930002 -0.306262 0.203222 -0.504304 0.187351 -0.87068 -0.454769 0.485867 
1533736900430 0.165929 0.69127 -0.703287 -0.605265 -0.9436 0.318498 0.0904284 -0.189459 0.286506 0.648617 0.705131 0.41674 0.31622 -0.384863 0.867113 0.400795 -0.930002 -0.306262 0.203222 -0.504304 0.187351 -0.87068 -0.454769 0.485867 
1533736900538 0.165066 0.690819 -0.703934 -0.605181 -0.943792 0.317871 0.0906381 -0.189486 0.286374 0.649406 0.704459 0.416876 0.31622 -0.384863 0.867113 0.400795 -0.930002 -0.306262 0.203222 -0.504304 0.187351 -0.87068 -0.454769 0.485867 
1533736900549 0.165431 0.690976 -0.703693 -0.605191 -0.943679 0.318213 0.090613 -0.189486 0.286536 0.64907 0.704702 0.41686 0.31622 -0.384863 0.867113 0.400795 -0.930002 -0.306262 0.203222 -0.504304 0.187351 -0.87068 -0.454769 0.485867 
1533736900566 0.165796 0.691135 -0.703452 -0.605205 -0.943566 0.318555 0.0905891 -0.189489 0.286697 0.648734 0.704946 0.41684 0.31622 -0.384863 0.867113 0.400795 -0.930002 -0.306262 0.203222 -0.504304 0.187351 -0.87068 -0.454769 0.485867 
1533736900583 0.16616 0.691293 -0.703211 -0.605218 -0.943453 0.318896 0.0905654 -0.189492 0.286858 0.648398 0.70519 0.416821 0.31622 -0.384863 0.867113 0.400795 -0.930002 -0.306262 0.203222 -0.504304 0.187351 -0.87068 -0.45477 0.485867 
1533736900599 0.166524 0.691451 -0.702969 -0.605232 -0.94334 0.319237 0.0905421 -0.189496 0.287019 0.648061 0.705434 0.416802 0.31622 -0.384863 0.867113 0.400795 -0.930002 -0.306262 0.203222 -0.504304 0.187351 -0.87068 -0.45477 0.485867 
1533736900616 0.166888 0.691609 -0.702727 -0.605247 -0.943226 0.319578 0.090519 -0.1895 0.28718 0.647724 0.705677 0.416783 0.31622 -0.384863 0.867113 0.400795 -0.930002 -0.306262 0.203222 -0.504304 0.187351 -0.87068 -0.45477 0.485867 
1533736900633 0.167252 0.691767 -0.702485 -0.605261 -0.943113 0.319919 0.0904961 -0.189504 0.287341 0.647388 0.705921 0.416763 0.31622 -0.384863 0.867113 0.400795 -0.930002 -0.306262 0.203222 -0.504304 0.187351 -0.87068 -0.45477 0.485867 
1533736900753 0.167616 0.691924 -0.702244 -0.605274 -0.942999 0.32026 0.0904728 -0.189507 0.287501 0.647051 0.706165 0.416744 0.31622 -0.384863 0.867113 0.400795 -0.930002 -0.306262 0.203222 -0.504304 0.187351 -0.87068 -0.45477 0.485867 
1533736900769 0.16798 0.692081 -0.702002 -0.605288 -0.942886 0.320601 0.0904497 -0.189511 0.287661 0.646714 0.706408 0.416726 0.31622 -0.384863 0.867113 0.400795 -0.930002 -0.306262 0.203222 -0.504304 0.187351 -0.87068 -0.45477 0.485867 
1533736900789 0.168344 0.692238 -0.70176 -0.605302 -0.942772 0.320942 0.0904273 -0.189515 0.287821 0.646376 0.706651 0.416706 0.31622 -0.384863 0.867113 0.400795 -0.930002 -0.306262 0.203222 -0.504304 0.187351 -0.87068 -0.45477 0.485867 
1533736900853 0.167417 0.69181 -0.702404 -0.605244 -0.943057 0.320087 0.0904833 -0.189553 0.287428 0.647259 0.706004 0.416809 0.31622 -0.384863 0.867113 0.400795 -0.930002 -0.306262 0.203222 -0.504304 0.187351 -0.87068 -0.45477 0.485867 
1533736900864 0.16747 0.691866 -0.702335 -0.605244 -0.942999 0.320228 0.0905984 -0.189564 0.287589 0.647129 0.706057 0.416816 0.31622 -0.384863 0.867113 0.400795 -0.930002 -0.306262 0.203222 -0.504304 0.187351 -0.87068 -0.45477 0.485867 
1533736900880 0.167521 0.691924 -0.702266 -0.605247 -0.94294 0.320366 0.0907155 -0.18958 0.287751 0.646998 0.706111 0.416821 0.31622 -0.384863 0.867113 0.400795 -0.930002 -0.306262 0.203222 -0.504304 0.187351 -0.87068 -0.45477 0.485867 
1533736900897 0.167572 0.691981 -0.702198 -0.605249 -0.942882 0.320505 0.0908325 -0.189595 0.287912 0.646868 0.706164 0.416826 0.31622 -0.384863 0.867113 0.400795 -0.930002 -0.306262 0.203222 -0.504304 0.187351 -0.87068 -0.45477 0.485867 
1533736900914 0.167623 0.692039 -0.702129 -0.605253 -0.942823 0.320643 0.0909498 -0.189611 0.288074 0.646738 0.706218 0.416831 0.31622 -0.384863 0.867113 0.400795 -0.930002 -0.306262 0.203222 -0.504304 0.187351 -0.87068 -0.45477 0.485867 
1533736900930 0.167674 0.692096 -0.70206 -0.605256 -0.942765 0.320782 0.0910673 -0.189627 0.288235 0.646608 0.706271 0.416836 0.31622 -0.384863 0.867113 0.400795 -0.930002 -0.306262 0.203222 -0.504304 0.187351 -0.87068 -0.45477 0.485867 
1533736900947 0.167725 0.692154 -0.701991 -0.60526 -0.942707 0.32092 0.0911848 -0.189643 0.288397 0.646477 0.706324 0.41684 0.31622 -0.384863 0.867113 0.400795 -0.930002 -0.306262 0.203222 -0.504304 0.187351 -0.87068 -0.45477 0.485867 
1533736900964 0.167776 0.692211 -0.701922 -0.605262 -0.942648 0.321059 0.0913018 -0.189658 0.288558 0.646347 0.706378 0.416845 0.31622 -0.384863 0.867113 0.400795 -0.930002 -0.306262 0.203222 -0.504304 0.187351 -0.87068 -0.45477 0.485867 
1533736900980 0.167827 0.692269 -0.701853 -0.605266 -0.94259 0.321197 0.0914194 -0.189675 0.28872 0.646217 0.706431 0.41685 0.31622 -0.384863 0.867113 0.400795 -0.930002 -0.306262 0.203222 -0.504304 0.187351 -0.87068 -0.45477 0.485867 
1533736900997 0.167878 0.692326 -0.701784 -0.605269 -0.942531 0.321335 0.0915365 -0.18969 0.288881 0.646086 0.706484 0.416855 0.31622 -0.384863 0.867113 0.400795 -0.930002 -0.306262 0.203222 -0.504304 0.187351 -0.87068 -0.45477 0.485867 
1533736901075 0.167554 0.692059 -0.702125 -0.60529 -0.942813 0.320643 0.0910545 -0.189577 0.288147 0.646716 0.706208 0.416804 0.31622 -0.384863 0.867113 0.400795 -0.930002 -0.306262 0.203222 -0.504304 0.187351 -0.87068 -0.45477 0.485867 
1533736901088 0.167453 0.691941 -0.702266 -0.605295 -0.942819 0.320616 0.0910899 -0.189604 0.288186 0.646857 0.706063 0.41684 0.31622 -0.384863 0.867113 0.400795 -0.930002 -0.306262 0.203222 -0.504304 0.187351 -0.87068 -0.45477 0.485867 
1533736901104 0.167353 0.691821 -0.702408 -0.6053 -0.942825 0.320589 0.0911238 -0.18963 0.288226 0.646998 0.705918 0.416877 0.31622 -0.384863 0.867113 0.400795 -0.930002 -0.306262 0.203222 -0.504304 0.187351 -0.87068 -0.45477 0.485867 
1533736901202 0.167253 0.691701 -0.70255 -0.605303 -0.942831 0.320563 0.0911573 -0.189654 0.288265 0.647139 0.705772 0.416915 0.31622 -0.384863 0.867113 0.400795 -0.930002 -0.306262 0.203222 -0.504304 0.187351 -0.87068 -0.45477 0.485867 
1533736901219 0.167153 0.691581 -0.702692 -0.605307 -0.942836 0.320537 0.0911906 -0.189679 0.288304 0.647281 0.705626 0.416954 0.31622 -0.384863 0.867113 0.400795 -0.930002 -0.306262 0.203222 -0.504304 0.187351 -0.87068 -0.45477 0.485867 
1533736901242 0.167054 0.69146 -0.702834 -0.60531 -0.942842 0.320511 0.0912237 -0.189703 0.288343 0.647422 0.70548 0.416992 0.31622 -0.384863 0.867113 0.400795 -0.930002 -0.306262 0.203222 -0.504304 0.187351 -0.87068 -0.45477 0.485867 
1533736901257 0.166954 0.69134 -0.702976 -0.605314 -0.942848 0.320484 0.0912574 -0.189728 0.288383 0.647563 0.705335 0.41703 0.31622 -0.384863 0.867113 0.400795 -0.930002 -0.306262 0.203222 -0.504304 0.187351 -0.87068 -0.45477 0.485867 
1533736901274 0.166854 0.69122 -0.703118 -0.605317 -0.942853 0.320458 0.0912905 -0.189751 0.288422 0.647705 0.705189 0.417068 0.31622 -0.384863 0.867113 0.400795 -0.930002 -0.306262 0.203222 -0.504304 0.187351 -0.87068 -0.45477 0.485867 
1533736901290 0.166755 0.6911 -0.70326 -0.60532 -0.942859 0.320432 0.0913241 -0.189776 0.288461 0.647846 0.705043 0.417106 0.31622 -0.384863 0.867113 0.400795 -0.930002 -0.306262 0.203222 -0.504304 0.187351 -0.87068 -0.45477 0.485867 
1533736901326 0.166655 0.690979 -0.703402 -0.605323 -0.942865 0.320406 0.0913571 -0.1898 0.2885 0.647988 0.704897 0.417144 0.31622 -0.384863 0.867113 0.400795 -0.930002 -0.306262 0.203222 -0.504304 0.187351 -0.87068 -0.45477 0.485867 
1533736901361 0.167012 0.69147 -0.702835 -0.605316 -0.942851 0.320477 0.0912489 -0.189622 0.288338 0.647429 0.705476 0.416865 0.31622 -0.384863 0.867113 0.400795 -0.930002 -0.306262 0.203222 -0.504304 0.187351 -0.87068 -0.45477 0.485867 
1533736901373 0.166847 0.691327 -0.703014 -0.605318 -0.942867 0.320411 0.0913127 -0.189643 0.28838 0.647614 0.705289 0.416899 0.31622 -0.384863 0.867113 0.400795 -0.930002 -0.306262 0.203222 -0.504304 0.187351 -0.87068 -0.45477 0.485867 
1533736901390 0.166682 0.691184 -0.703194 -0.605318 -0.942884 0.320344 0.0913762 -0.189662 0.288422 0.647799 0.705102 0.416935 0.31622 -0.384863 0.867113 0.400795 -0.930002 -0.306262 0.203222 -0.504304 0.187351 -0.87068 -0.45477 0.485867 
1533736901407 0.166517 0.691041 -0.703374 -0.605318 -0.9429 0.320278 0.0914393 -0.18968 0.288463 0.647985 0.704914 0.416971 0.31622 -0.384863 0.867113 0.400795 -0.930002 -0.306262 0.203222 -0.504304 0.187351 -0.87068 -0.45477 0.485867 
1533736901423 0.166353 0.690897 -0.703554 -0.605317 -0.942917 0.320212 0.0915022 -0.189698 0.288505 0.648171 0.704727 0.417008 0.31622 -0.384863 0.867113 0.400795 -0.930002 -0.306262 0.203222 -0.504304 0.187351 -0.87068 -0.45477 0.485867 
1533736901440 0.166188 0.690753 -0.703734 -0.605316 -0.942933 0.320146 0.0915649 -0.189715 0.288546 0.648357 0.704539 0.417044 0.31622 -0.384863 0.867113 0.400795 -0.930002 -0.306262 0.203222 -0.504304 0.187351 -0.87068 -0.45477 0.485867 
1533736901457 0.166024 0.69061 -0.703914 -0.605314 -0.942949 0.32008 0.0916275 -0.189732 0.288587 0.648542 0.704351 0.417081 0.31622 -0.384863 0.867113 0.400795 -0.930002 -0.306262 0.203222 -0.504304 0.187351 -0.87068 -0.45477 0.485867 
1533736901474 0.16586 0.690466 -0.704093 -0.605314 -0.942966 0.320014 0.0916907 -0.18975 0.288629 0.648728 0.704163 0.417117 0.31622 -0.384863 0.867113 0.400795 -0.930002 -0.306262 0.203222 -0.504304 0.187351 -0.87068 -0.45477 0.485867 
1533736901588 0.165695 0.690322 -0.704273 -0.605312 -0.942982 0.319948 0.0917533 -0.189767 0.28867 0.648913 0.703975 0.417154 0.31622 -0.384863 0.867113 0.400795 -0.930002 -0.306262 0.203222 -0.504304 0.187351 -0.87068 -0.45477 0.485867 
1533736901604 0.165531 0.690179 -0.704452 -0.605312 -0.942998 0.319882 0.0918165 -0.189785 0.288711 0.649099 0.703787 0.41719 0.31622 -0.384863 0.867113 0.400795 -0.930002 -0.306262 0.203222 -0.504304 0.187351 -0.87068 -0.45477 0.485867 
1533736901624 0.1662 0.690672 -0.703811 -0.605334 -0.942954 0.320113 0.0914644 -0.189762 0.288471 0.64846 0.704475 0.417068 0.31622 -0.384863 0.867113 0.400795 -0.930002 -0.306262 0.203222 -0.504304 0.187351 -0.87068 -0.45477 0.485867 
1533736901641 0.166185 0.690682 -0.703805 -0.605333 -0.94302 0.319959 0.091323 -0.189774 0.288264 0.648525 0.704499 0.417084 0.31622 -0.384863 0.867113 0.400795 -0.930002 -0.306262 0.203222 -0.504304 0.187351 -0.87068 -0.45477 0.485867 
1533736901658 0.166172 0.69069 -0.7038 -0.605331 -0.943086 0.319806 0.0911793 -0.189784 0.288056 0.648592 0.704523 0.417102 0.31622 -0.384863 0.867113 0.400795 -0.930002 -0.306262 0.203222 -0.504304 0.187351 -0.87068 -0.45477 0.485867 
1533736901674 0.166161 0.690698 -0.703795 -0.605327 -0.943151 0.319654 0.0910343 -0.189792 0.287848 0.648659 0.704546 0.417121 0.31622 -0.384863 0.867113 0.400795 -0.930002 -0.306262 0.203222 -0.504304 0.187351 -0.87068 -0.45477 0.485867 
1533736901691 0.166148 0.690706 -0.70379 -0.605324 -0.943217 0.319501 0.0908897 -0.1898 0.28764 0.648725 0.70457 0.41714 0.31622 -0.384863 0.867113 0.400795 -0.930002 -0.306262 0.203222 -0.504304 0.187351 -0.87068 -0.45477 0.485867 
1533736901708 0.166136 0.690714 -0.703785 -0.605322 -0.943283 0.319348 0.0907457 -0.18981 0.287432 0.648792 0.704594 0.417158 0.31622 -0.384863 0.867113 0.400795 -0.930002 -0.306262 0.203222 -0.504304 0.187351 -0.87068 -0.45477 0.485867 
1533736901724 0.166123 0.690722 -0.70378 -0.605318 -0.943348 0.319195 0.0906009 -0.189818 0.287223 0.648859 0.704617 0.417176 0.31622 -0.384863 0.867113 0.400795 -0.930002 -0.306262 0.203222 -0.504304 0.187351 -0.87068 -0.45477 0.485867 
1533736901741 0.166111 0.69073 -0.703775 -0.605316 -0.943414 0.319043 0.0904567 -0.189827 0.287015 0.648925 0.704641 0.417194 0.31622 -0.384863 0.867113 0.400795 -0.930002 -0.306262 0.203222 -0.504304 0.187351 -0.87068 -0.45477 0.485867 
1533736901758 0.166099 0.690738 -0.70377 -0.605312 -0.943479 0.31889 0.0903118 -0.189835 0.286807 0.648992 0.704664 0.417213 0.31622 -0.384863 0.867113 0.400795 -0.930002 -0.306262 0.203222 -0.504304 0.187351 -0.87068 -0.45477 0.485867 
1533736901774 0.166086 0.690746 -0.703765 -0.605309 -0.943545 0.318737 0.0901675 -0.189844 0.286599 0.649058 0.704688 0.417231 0.31622 -0.384863 0.867113 0.400795 -0.930002 -0.306262 0.203222 -0.504304 0.187351 -0.87068 -0.45477 0.485867 
1533736901805 0.165713 0.690363 -0.704229 -0.605328 -0.943069 0.319751 0.0915412 -0.189756 0.288374 0.648967 0.704047 0.417105 0.31622 -0.384863 0.867113 0.400795 -0.930002 -0.306262 0.203222 -0.504304 0.187351 -0.87068 -0.45477 0.485867 
1533736901818 0.165926 0.690331 -0.70421 -0.605335 -0.943137 0.319666 0.0911441 -0.189738 0.288032 0.649043 0.704117 0.417106 0.31622 -0.384863 0.867113 0.400795 -0.930002 -0.306262 0.203222 -0.504304 0.187351 -0.87068 -0.45477 0.485867 
1533736901834 0.166139 0.690298 -0.704193 -0.605338 -0.943204 0.319581 0.0907461 -0.189716 0.287688 0.649121 0.704186 0.417108 0.31622 -0.384863 0.867113 0.400795 -0.930002 -0.306262 0.203222 -0.504304 0.187351 -0.87068 -0.45477 0.485867 
1533736901851 0.166353 0.690264 -0.704175 -0.605342 -0.943271 0.319496 0.0903481 -0.189695 0.287345 0.649198 0.704255 0.41711 0.31622 -0.384863 0.867113 0.400795 -0.930002 -0.306262 0.203222 -0.504304 0.187351 -0.87068 -0.45477 0.485867 
1533736901958 0.166566 0.690231 -0.704157 -0.605345 -0.943338 0.319411 0.0899498 -0.189672 0.287001 0.649275 0.704324 0.417113 0.31622 -0.384863 0.867113 0.400795 -0.930002 -0.306262 0.203222 -0.504304 0.187351 -0.87068 -0.45477 0.485867 
1533736901983 0.16678 0.690198 -0.704139 -0.605348 -0.943404 0.319326 0.0895514 -0.18965 0.286658 0.649352 0.704393 0.417116 0.31622 -0.384863 0.867113 0.400795 -0.930002 -0.306262 0.203222 -0.504304 0.187351 -0.87068 -0.45477 0.485867 
1533736902020 0.166994 0.690164 -0.704121 -0.60535 -0.943471 0.319241 0.0891529 -0.189627 0.286314 0.64943 0.704461 0.417118 0.31622 -0.384863 0.867113 0.400795 -0.930002 -0.306262 0.203222 -0.504304 0.187351 -0.87068 -0.45477 0.485867 
1533736902091 0.167208 0.690131 -0.704103 -0.605354 -0.943537 0.319156 0.0887549 -0.189606 0.285971 0.649507 0.70453 0.41712 0.31622 -0.384863 0.867113 0.400795 -0.930002 -0.306262 0.203222 -0.504304 0.187351 -0.87068 -0.45477 0.485867 
1533736902120 0.167421 0.690098 -0.704084 -0.605358 -0.943603 0.31907 0.0883568 -0.189584 0.285627 0.649584 0.704598 0.417123 0.31622 -0.384863 0.867113 0.400795 -0.930002 -0.306262 0.203222 -0.504304 0.187351 -0.87068 -0.45477 0.485867 
1533736902167 0.167635 0.690065 -0.704066 -0.60536 -0.943669 0.318985 0.0879581 -0.189561 0.285284 0.649661 0.704666 0.417126 0.31622 -0.384863 0.867113 0.400795 -0.930002 -0.306262 0.203222 -0.504304 0.187351 -0.87068 -0.45477 0.485867 
1533736902227 0.167197 0.690207 -0.704031 -0.60535 -0.94353 0.31916 0.0888186 -0.18961 0.286002 0.649424 0.704593 0.417149 0.31622 -0.384863 0.867113 0.400795 -0.930002 -0.306262 0.203222 -0.504304 0.187351 -0.87068 -0.45477 0.485867 
1533736902241 0.167308 0.690253 -0.703959 -0.605352 -0.943517 0.319214 0.0887555 -0.189606 0.285978 0.649348 0.704673 0.417134 0.31622 -0.384863 0.867113 0.400795 -0.930002 -0.306262 0.203222 -0.504304 0.187351 -0.87068 -0.45477 0.485867 
1533736902257 0.167421 0.690299 -0.703887 -0.605355 -0.943504 0.31927 0.0886921 -0.1896 0.285954 0.649272 0.704753 0.417116 0.31622 -0.384863 0.867113 0.400795 -0.930002 -0.306262 0.203222 -0.504304 0.187351 -0.87068 -0.45477 0.485867 
1533736902273 0.167533 0.690345 -0.703816 -0.605357 -0.943492 0.319325 0.0886292 -0.189595 0.285931 0.649196 0.704832 0.417099 0.31622 -0.384863 0.867113 0.400795 -0.930002 -0.306262 0.203222 -0.504304 0.187351 -0.87068 -0.45477 0.485867 
1533736902290 0.167646 0.690391 -0.703743 -0.60536 -0.943479 0.319381 0.0885654 -0.189587 0.285907 0.649119 0.704912 0.41708 0.31622 -0.384863 0.867113 0.400795 -0.930002 -0.306262 0.203222 -0.504304 0.187351 -0.87068 -0.45477 0.485867 
1533736902347 0.167758 0.690437 -0.703672 -0.605362 -0.943466 0.319436 0.0885023 -0.189582 0.285883 0.649043 0.704992 0.417062 0.31622 -0.384863 0.867113 0.400795 -0.930002 -0.306262 0.203222 -0.504304 0.187351 -0.87068 -0.45477 0.485867 
1533736902363 0.16787 0.690483 -0.7036 -0.605365 -0.943453 0.319491 0.0884392 -0.189576 0.28586 0.648967 0.705072 0.417045 0.31622 -0.384863 0.867113 0.400795 -0.930002 -0.306262 0.203222 -0.504304 0.187351 -0.87068 -0.45477 0.485867 
1533736902380 0.167983 0.690529 -0.703528 -0.605367 -0.94344 0.319547 0.0883754 -0.189568 0.285836 0.648891 0.705152 0.417026 0.31622 -0.384863 0.867113 0.400795 -0.930002 -0.306262 0.203222 -0.504304 0.187351 -0.87068 -0.45477 0.485867 
1533736902397 0.168096 0.690575 -0.703456 -0.60537 -0.943427 0.319603 0.0883121 -0.189562 0.285812 0.648814 0.705231 0.417009 0.31622 -0.384863 0.867113 0.400795 -0.930002 -0.306262 0.203222 -0.504304 0.187351 -0.87068 -0.45477 0.485867 
1533736902413 0.168208 0.690621 -0.703384 -0.605372 -0.943414 0.319658 0.0882489 -0.189556 0.285789 0.648738 0.705311 0.416991 0.31622 -0.384863 0.867113 0.400795 -0.930002 -0.306262 0.203222 -0.504304 0.187351 -0.87068 -0.45477 0.485867 
1533736902435 0.167494 0.690517 -0.703656 -0.605343 -0.943551 0.319156 0.0886004 -0.189512 0.285756 0.649096 0.704995 0.417105 0.31622 -0.384863 0.867113 0.400795 -0.930002 -0.306262 0.203222 -0.504304 0.187351 -0.87068 -0.45477 0.485867 
1533736902447 0.167493 0.690547 -0.703627 -0.60534 -0.943589 0.319067 0.0885221 -0.189515 0.285633 0.649107 0.705034 0.417109 0.31622 -0.384863 0.867113 0.400795 -0.930002 -0.306262 0.203222 -0.504304 0.187351 -0.87068 -0.45477 0.485867 
1533736902463 0.167492 0.690578 -0.703597 -0.605336 -0.943626 0.318978 0.0884442 -0.189517 0.285509 0.649119 0.705074 0.417114 0.31622 -0.384863 0.867113 0.400795 -0.930002 -0.306262 0.203222 -0.504304 0.187351 -0.87068 -0.45477 0.485867 
1533736902480 0.167493 0.690609 -0.703566 -0.605333 -0.943664 0.318889 0.088365 -0.189517 0.285385 0.64913 0.705114 0.417117 0.31622 -0.384863 0.867113 0.400795 -0.930002 -0.306262 0.203222 -0.504304 0.187351 -0.87068 -0.45477 0.485867 
1533736902497 0.167493 0.690639 -0.703536 -0.60533 -0.943701 0.3188 0.0882859 -0.189517 0.285261 0.649141 0.705154 0.417121 0.31622 -0.384863 0.867113 0.400795 -0.930002 -0.306262 0.203222 -0.504304 0.187351 -0.87068 -0.45477 0.485867 
1533736902513 0.167493 0.69067 -0.703506 -0.605326 -0.943739 0.318711 0.0882074 -0.189518 0.285137 0.649152 0.705194 0.417126 0.31622 -0.384863 0.867113 0.400795 -0.930002 -0.306262 0.203222 -0.504304 0.187351 -0.87068 -0.45477 0.485867 
1533736902530 0.167493 0.6907 -0.703476 -0.605323 -0.943776 0.318622 0.0881281 -0.189518 0.285013 0.649163 0.705233 0.41713 0.31622 -0.384863 0.867113 0.400795 -0.930002 -0.306262 0.203222 -0.504304 0.187351 -0.87068 -0.45477 0.485867 
1533736902547 0.167493 0.690731 -0.703446 -0.605319 -0.943814 0.318533 0.0880495 -0.189519 0.284889 0.649175 0.705273 0.417134 0.31622 -0.384863 0.867113 0.400795 -0.930002 -0.306262 0.203222 -0.504304 0.187351 -0.87068 -0.45477 0.485867 
1533736902563 0.167493 0.690761 -0.703416 -0.605316 -0.943851 0.318444 0.0879708 -0.18952 0.284765 0.649186 0.705313 0.417138 0.31622 -0.384863 0.867113 0.400795 -0.930002 -0.306262 0.203222 -0.504304 0.187351 -0.87068 -0.45477 0.485867 
1533736902580 0.167494 0.690792 -0.703387 -0.605312 -0.943888 0.318355 0.0878915 -0.189519 0.284641 0.649197 0.705353 0.417143 0.31622 -0.384863 0.867113 0.400795 -0.930002 -0.306262 0.203222 -0.504304 0.187351 -0.87068 -0.45477 0.485867 
1533736902610 0.168048 0.690611 -0.703432 -0.605339 -0.943471 0.319485 0.0882682 -0.189598 0.285695 0.648835 0.705261 0.417063 0.31622 -0.384863 0.867113 0.400795 -0.930002 -0.306262 0.203222 -0.504304 0.187351 -0.87068 -0.45477 0.485867 
1533736902620 0.167858 0.690676 -0.703413 -0.605333 -0.943479 0.319405 0.0884758 -0.18962 0.285782 0.648804 0.705253 0.417074 0.31622 -0.384863 0.867113 0.400795 -0.930002 -0.306262 0.203222 -0.504304 0.187351 -0.87068 -0.45477 0.485867 
1533736902627 0.167666 0.690743 -0.703393 -0.60533 -0.943486 0.319325 0.0886852 -0.189647 0.285869 0.648772 0.705247 0.417082 0.31622 -0.384863 0.867113 0.400795 -0.930002 -0.306262 0.203222 -0.504304 0.187351 -0.87068 -0.45477 0.485867 
1533736902643 0.167474 0.690811 -0.703372 -0.605328 -0.943494 0.319244 0.0888952 -0.189675 0.285957 0.64874 0.705241 0.41709 0.31622 -0.384863 0.867113 0.400795 -0.930002 -0.306262 0.203222 -0.504304 0.187351 -0.87068 -0.45477 0.485867 
1533736902745 0.167282 0.690878 -0.703352 -0.605326 -0.943502 0.319163 0.0891047 -0.189702 0.286044 0.648708 0.705235 0.417098 0.31622 -0.384863 0.867113 0.400795 -0.930002 -0.306262 0.203222 -0.504304 0.187351 -0.87068 -0.45477 0.485867 
1533736902806 0.16709 0.690945 -0.703332 -0.605322 -0.943509 0.319082 0.0893138 -0.189729 0.286132 0.648676 0.705229 0.417107 0.31622 -0.384863 0.867113 0.400795 -0.930002 -0.306262 0.203222 -0.504304 0.187351 -0.87068 -0.45477 0.485867 
1533736902835 0.166898 0.691013 -0.703311 -0.60532 -0.943517 0.319001 0.0895236 -0.189756 0.286219 0.648644 0.705223 0.417115 0.31622 -0.384863 0.867113 0.400795 -0.930002 -0.306262 0.203222 -0.504304 0.187351 -0.87068 -0.45477 0.485867 
1533736902841 0.166706 0.69108 -0.703291 -0.605317 -0.943524 0.318921 0.0897328 -0.189783 0.286306 0.648613 0.705216 0.417124 0.31622 -0.384863 0.867113 0.400795 -0.930002 -0.306262 0.203222 -0.504304 0.187351 -0.87068 -0.45477 0.485867 
1533736902919 0.166514 0.691147 -0.70327 -0.605315 -0.943531 0.31884 0.0899427 -0.189811 0.286394 0.648581 0.70521 0.417132 0.31622 -0.384863 0.867113 0.400795 -0.930002 -0.306262 0.203222 -0.504304 0.187351 -0.87068 -0.45477 0.485867 
1533736902955 0.166322 0.691214 -0.703249 -0.605312 -0.943539 0.318759 0.0901519 -0.189837 0.286481 0.648549 0.705204 0.417141 0.31622 -0.384863 0.867113 0.400795 -0.930002 -0.306262 0.203222 -0.504304 0.187351 -0.87068 -0.45477 0.485867 
1533736902990 0.16675 0.691015 -0.703344 -0.60534 -0.943537 0.318911 0.0896256 -0.189758 0.286237 0.648686 0.705177 0.417087 0.31622 -0.384863 0.867113 0.400795 -0.930002 -0.306262 0.203222 -0.504304 0.187351 -0.87068 -0.45477 0.485867 
1533736903003 0.166801 0.691054 -0.703294 -0.60534 -0.943511 0.318982 0.0896564 -0.189755 0.286295 0.64861 0.705223 0.417081 0.31622 -0.384863 0.867113 0.400795 -0.930002 -0.306262 0.203222 -0.504304 0.187351 -0.87068 -0.45477 0.485867 
1533736903019 0.166851 0.691093 -0.703243 -0.605341 -0.943484 0.319052 0.0896888 -0.189753 0.286354 0.648534 0.70527 0.417072 0.31622 -0.384863 0.867113 0.400795 -0.930002 -0.306262 0.203222 -0.504304 0.187351 -0.87068 -0.45477 0.485867 
1533736903038 0.1669 0.691134 -0.703192 -0.605343 -0.943457 0.319121 0.0897222 -0.189754 0.286413 0.648457 0.705316 0.417063 0.31622 -0.384863 0.867113 0.400795 -0.930002 -0.306262 0.203222 -0.504304 0.187351 -0.87068 -0.45477 0.485867 
1533736903053 0.16695 0.691173 -0.703141 -0.605345 -0.943431 0.319191 0.0897547 -0.189752 0.286472 0.64838 0.705363 0.417055 0.31622 -0.384863 0.867113 0.400795 -0.930002 -0.306262 0.203222 -0.504304 0.187351 -0.87068 -0.45477 0.485867 
1533736903069 0.166999 0.691213 -0.70309 -0.605347 -0.943404 0.31926 0.0897879 -0.189752 0.286531 0.648303 0.70541 0.417046 0.31622 -0.384863 0.867113 0.400795 -0.930002 -0.306262 0.203222 -0.504304 0.187351 -0.87068 -0.45477 0.485867 
1533736903086 0.167048 0.691253 -0.703039 -0.60535 -0.943377 0.319329 0.0898212 -0.189753 0.28659 0.648226 0.705456 0.417037 0.31622 -0.384863 0.867113 0.400795 -0.930002 -0.306262 0.203222 -0.504304 0.187351 -0.87068 -0.45477 0.485867 
1533736903103 0.167098 0.691293 -0.702988 -0.605351 -0.943351 0.319399 0.0898539 -0.189752 0.286649 0.64815 0.705503 0.417028 0.31622 -0.384863 0.867113 0.400795 -0.930002 -0.306262 0.203222 -0.504304 0.187351 -0.87068 -0.45477 0.485867 
1533736903119 0.167147 0.691333 -0.702937 -0.605354 -0.943324 0.319468 0.0898873 -0.189752 0.286708 0.648073 0.70555 0.417019 0.31622 -0.384863 0.867113 0.400795 -0.930002 -0.306262 0.203222 -0.504304 0.187351 -0.87068 -0.45477 0.485867 
1533736903136 0.167197 0.691373 -0.702886 -0.605356 -0.943297 0.319538 0.0899201 -0.189752 0.286767 0.647996 0.705596 0.417011 0.31622 -0.384863 0.867113 0.400795 -0.930002 -0.306262 0.203222 -0.504304 0.187351 -0.87068 -0.45477 0.485867 
1533736903161 0.166461 0.691135 -0.703295 -0.605322 -0.943517 0.318857 0.0900263 -0.18983 0.286471 0.648585 0.705175 0.417087 0.31622 -0.384863 0.867113 0.400795 -0.930002 -0.306262 0.203222 -0.504304 0.187351 -0.87068 -0.45477 0.485867 
1533736903173 0.166441 0.691204 -0.703231 -0.605318 -0.943543 0.318784 0.0900131 -0.189831 0.286396 0.648547 0.70524 0.417092 0.31622 -0.384863 0.867113 0.400795 -0.930002 -0.306262 0.203222 -0.504304 0.187351 -0.87068 -0.45477 0.485867 
1533736903189 0.166421 0.691274 -0.703168 -0.605317 -0.94357 0.31871 0.0900014 -0.189836 0.286322 0.64851 0.705305 0.417094 0.31622 -0.384863 0.867113 0.400795 -0.930002 -0.306262 0.203222 -0.504304 0.187351 -0.87068 -0.45477 0.485867 
1533736903206 0.166401 0.691343 -0.703104 -0.605316 -0.943596 0.318636 0.0899896 -0.18984 0.286248 0.648472 0.70537 0.417097 0.31622 -0.384863 0.867113 0.400795 -0.930002 -0.306262 0.203222 -0.504304 0.187351 -0.87068 -0.45477 0.485867 
1533736903260 0.16638 0.691413 -0.70304 -0.605315 -0.943622 0.318562 0.089978 -0.189845 0.286174 0.648434 0.705435 0.417099 0.31622 -0.384863 0.867113 0.400795 -0.930002 -0.306262 0.203222 -0.504304 0.187351 -0.87068 -0.45477 0.485867 
1533736903277 0.166359 0.691483 -0.702977 -0.605315 -0.943648 0.318488 0.0899665 -0.189851 0.2861 0.648396 0.7055 0.417102 0.31622 -0.384863 0.867113 0.400795 -0.930002 -0.306262 0.203222 -0.504304 0.187351 -0.87068 -0.45477 0.485867 
1533736903293 0.166339 0.691552 -0.702913 -0.605313 -0.943674 0.318414 0.0899544 -0.189855 0.286026 0.648358 0.705565 0.417105 0.31622 -0.384863 0.867113 0.400795 -0.930002 -0.306262 0.203222 -0.504304 0.187351 -0.87068 -0.45477 0.485867 
1533736903310 0.166318 0.691622 -0.702849 -0.605313 -0.9437 0.31834 0.089943 -0.18986 0.285952 0.64832 0.70563 0.417107 0.31622 -0.384863 0.867113 0.400795 -0.930002 -0.306262 0.203222 -0.504304 0.187351 -0.87068 -0.45477 0.485867 
1533736903316 0.166298 0.691692 -0.702786 -0.605312 -0.943726 0.318266 0.0899311 -0.189865 0.285877 0.648282 0.705694 0.41711 0.31622 -0.384863 0.867113 0.400795 -0.930002 -0.306262 0.203222 -0.504304 0.187351 -0.87068 -0.45477 0.485867 
1533736903330 0.166277 0.691762 -0.702722 -0.605312 -0.943752 0.318192 0.0899197 -0.18987 0.285803 0.648244 0.70576 0.417112 0.31622 -0.384863 0.867113 0.400795 -0.930002 -0.306262 0.203222 -0.504304 0.187351 -0.87068 -0.45477 0.485867 
1533736903350 0.166383 0.691367 -0.703085 -0.605353 -0.943573 0.318679 0.0900743 -0.189798 0.286333 0.648425 0.705378 0.417045 0.31622 -0.384863 0.867113 0.400795 -0.930002 -0.306262 0.203222 -0.504304 0.187351 -0.87068 -0.45477 0.485867 
1533736903363 0.166408 0.691369 -0.703077 -0.605354 -0.943562 0.31871 0.0900751 -0.189797 0.286353 0.648408 0.705386 0.417053 0.31622 -0.384863 0.867113 0.400795 -0.930002 -0.306262 0.203222 -0.504304 0.187351 -0.87068 -0.45477 0.485867 
1533736903380 0.166436 0.691369 -0.70307 -0.605354 -0.943552 0.318743 0.0900729 -0.189791 0.286372 0.648392 0.705393 0.417062 0.31622 -0.384863 0.867113 0.400795 -0.930002 -0.306262 0.203222 -0.504304 0.187351 -0.87068 -0.45477 0.485867 
1533736903397 0.166464 0.691369 -0.703064 -0.605354 -0.943541 0.318775 0.0900709 -0.189785 0.286392 0.648376 0.7054 0.417072 0.31622 -0.384863 0.867113 0.400795 -0.930002 -0.306262 0.203222 -0.504304 0.187351 -0.87068 -0.45477 0.485867 
1533736903413 0.166492 0.691369 -0.703057 -0.605354 -0.94353 0.318808 0.0900688 -0.18978 0.286411 0.64836 0.705407 0.417081 0.31622 -0.384863 0.867113 0.400795 -0.930002 -0.306262 0.203222 -0.504304 0.187351 -0.87068 -0.45477 0.485867 
1533736903430 0.16652 0.691369 -0.70305 -0.605353 -0.943519 0.31884 0.0900665 -0.189773 0.28643 0.648344 0.705413 0.417091 0.31622 -0.384863 0.867113 0.400795 -0.930002 -0.306262 0.203222 -0.504304 0.187351 -0.87068 -0.45477 0.485867 
1533736903447 0.166548 0.691369 -0.703044 -0.605353 -0.943509 0.318872 0.0900647 -0.189768 0.286449 0.648328 0.705421 0.4171 0.31622 -0.384863 0.867113 0.400795 -0.930002 -0.306262 0.203222 -0.504304 0.187351 -0.87068 -0.45477 0.485867 
1533736903463 0.166576 0.691369 -0.703037 -0.605352 -0.943498 0.318905 0.0900623 -0.189762 0.286468 0.648312 0.705427 0.41711 0.31622 -0.384863 0.867113 0.400795 -0.930002 -0.306262 0.203222 -0.504304 0.187351 -0.87068 -0.45477 0.485867 
1533736903480 0.166603 0.691369 -0.70303 -0.605352 -0.943487 0.318937 0.0900605 -0.189757 0.286488 0.648296 0.705434 0.41712 0.31622 -0.384863 0.867113 0.400795 -0.930002 -0.306262 0.203222 -0.504304 0.187351 -0.87068 -0.45477 0.485867 
1533736903497 0.166631 0.69137 -0.703023 -0.605352 -0.943477 0.318969 0.0900586 -0.189752 0.286507 0.64828 0.705441 0.417129 0.31622 -0.384863 0.867113 0.400795 -0.930002 -0.306262 0.203222 -0.504304 0.187351 -0.87068 -0.45477 0.485867 
1533736903526 0.166447 0.691605 -0.702836 -0.605318 -0.94364 0.318516 0.0899519 -0.189901 0.286075 0.648252 0.705642 0.417095 0.31622 -0.384863 0.867113 0.400795 -0.930002 -0.306262 0.203222 -0.504304 0.187351 -0.87068 -0.45477 0.485867 
1533736903537 0.166632 0.69161 -0.702787 -0.605323 -0.943689 0.318458 0.0896434 -0.189884 0.285806 0.648275 0.70573 0.417092 0.31622 -0.384863 0.867113 0.400795 -0.930002 -0.306262 0.203222 -0.504304 0.187351 -0.87068 -0.45477 0.485867 
1533736903553 0.166819 0.691614 -0.702738 -0.605326 -0.943737 0.318401 0.0893328 -0.189863 0.285537 0.648298 0.705818 0.417092 0.31622 -0.384863 0.867113 0.400795 -0.930002 -0.306262 0.203222 -0.504304 0.187351 -0.87068 -0.45477 0.485867 
1533736903570 0.167006 0.691618 -0.70269 -0.605328 -0.943786 0.318345 0.0890222 -0.189842 0.285267 0.648322 0.705905 0.417091 0.31622 -0.384863 0.867113 0.400795 -0.930002 -0.306262 0.203222 -0.504304 0.187351 -0.87068 -0.45477 0.485867 
1533736903587 0.167193 0.691622 -0.702642 -0.60533 -0.943834 0.318288 0.0887115 -0.189821 0.284997 0.648345 0.705992 0.41709 0.31622 -0.384863 0.867113 0.400795 -0.930002 -0.306262 0.203222 -0.504304 0.187351 -0.87068 -0.45477 0.485867 
1533736903604 0.167381 0.691626 -0.702593 -0.605332 -0.943882 0.318232 0.0884006 -0.1898 0.284728 0.648369 0.706079 0.41709 0.31622 -0.384863 0.867113 0.400795 -0.930002 -0.306262 0.203222 -0.504304 0.187351 -0.87068 -0.45477 0.485867 
1533736903671 0.167568 0.69163 -0.702545 -0.605334 -0.94393 0.318175 0.0880902 -0.189779 0.284458 0.648392 0.706166 0.417089 0.31622 -0.384863 0.867113 0.400795 -0.930002 -0.306262 0.203222 -0.504304 0.187351 -0.87068 -0.45477 0.485867 
1533736903739 0.167755 0.691634 -0.702496 -0.605336 -0.943978 0.318119 0.0877791 -0.189758 0.284188 0.648416 0.706253 0.417089 0.31622 -0.384863 0.867113 0.400795 -0.930002 -0.306262 0.203222 -0.504304 0.187351 -0.87068 -0.45477 0.485867 
