1534335477075 0.097063 0.863711 -0.494552 -0.520111 -0.963112 0.206816 0.17217 -0.235839 0.250987 0.459597 0.851925 0.440236 0.16008 -0.304787 0.938871 0.370831 -0.775623 0.549475 0.310623 -0.528794 -0.61056 -0.777934 -0.14844 0.432481 
1534335477089 0.0998693 0.863064 -0.495122 -0.529143 -0.962649 0.209668 0.171307 -0.234833 0.251661 0.45952 0.851768 0.437202 0.316241 -0.38488 0.867098 0.400864 -0.930001 -0.306251 0.203246 -0.504429 0.187325 -0.870677 -0.454788 0.485926 
1534335477673 0.102673 0.86241 -0.495689 -0.538174 -0.962177 0.212517 0.170444 -0.233827 0.252335 0.459441 0.851611 0.434168 0.316241 -0.38488 0.867098 0.400864 -0.930001 -0.306251 0.203246 -0.504429 0.187325 -0.870677 -0.454788 0.485926 
1534335478245 0.105475 0.861746 -0.496254 -0.547205 -0.961697 0.215364 0.169578 -0.232821 0.253009 0.45936 0.851455 0.431133 0.316241 -0.38488 0.867098 0.400864 -0.930001 -0.306251 0.203246 -0.504429 0.187325 -0.870677 -0.454788 0.485926 
1534335478838 0.108275 0.861075 -0.496816 -0.556235 -0.961208 0.218208 0.168711 -0.231815 0.253683 0.459277 0.851299 0.428099 0.316241 -0.38488 0.867098 0.400864 -0.930001 -0.306251 0.203246 -0.504429 0.187325 -0.870677 -0.454788 0.485926 
1534335479463 0.111075 0.860395 -0.497376 -0.565265 -0.960711 0.221051 0.167842 -0.230808 0.254356 0.459192 0.851144 0.425065 0.316241 -0.38488 0.867098 0.400864 -0.930001 -0.306251 0.203246 -0.504429 0.187325 -0.870677 -0.454788 0.485926 
1534335480070 0.113873 0.859707 -0.497933 -0.574294 -0.960205 0.223892 0.166971 -0.229801 0.25503 0.459104 0.850989 0.422031 0.316241 -0.38488 0.867098 0.400864 -0.930001 -0.306251 0.203246 -0.504429 0.187325 -0.870677 -0.454788 0.485926 
1534335480720 0.116669 0.85901 -0.498488 -0.583323 -0.95969 0.226731 0.166099 -0.228794 0.255703 0.459015 0.850835 0.418997 0.316241 -0.38488 0.867098 0.400864 -0.930001 -0.306251 0.203246 -0.504429 0.187325 -0.870677 -0.454788 0.485926 
1534335481355 0.119464 0.858305 -0.49904 -0.59235 -0.959166 0.229568 0.165224 -0.227786 0.256377 0.458924 0.850682 0.415964 0.316241 -0.38488 0.867098 0.400864 -0.930001 -0.306251 0.203246 -0.504429 0.187325 -0.870677 -0.454788 0.485926 
1534335481983 0.122327 0.857565 -0.499619 -0.600578 -0.958627 0.232466 0.164301 -0.226413 0.257043 0.458849 0.850521 0.413013 0.316531 -0.385118 0.866887 0.401814 -0.929976 -0.306103 0.20358 -0.50615 0.186955 -0.870623 -0.455042 0.486735 
1534335482623 0.122315 0.857934 -0.498988 -0.600139 -0.958622 0.232346 0.164499 -0.226586 0.257067 0.45822 0.850853 0.413348 0.316531 -0.385118 0.866887 0.401814 -0.929976 -0.306103 0.20358 -0.50615 0.186955 -0.870623 -0.455042 0.486735 
1534335482633 0.12259 0.857828 -0.499102 -0.601168 -0.958569 0.232636 0.164396 -0.226506 0.257133 0.458271 0.850806 0.413003 0.316221 -0.384863 0.867113 0.400797 -0.930002 -0.306262 0.203223 -0.504308 0.187351 -0.87068 -0.45477 0.485869 
1534335482861 0.122863 0.857722 -0.499217 -0.602198 -0.958516 0.232925 0.164294 -0.226426 0.257199 0.458322 0.850758 0.412657 0.316221 -0.384863 0.867113 0.400797 -0.930002 -0.306262 0.203223 -0.504308 0.187351 -0.87068 -0.45477 0.485869 
1534335483109 0.123137 0.857616 -0.499332 -0.603227 -0.958464 0.233214 0.164191 -0.226345 0.257264 0.458373 0.850711 0.412312 0.316221 -0.384863 0.867113 0.400797 -0.930002 -0.306262 0.203223 -0.504308 0.187351 -0.87068 -0.45477 0.485869 
1534335483337 0.12341 0.85751 -0.499447 -0.604257 -0.958411 0.233503 0.164089 -0.226265 0.25733 0.458425 0.850663 0.411966 0.316221 -0.384863 0.867113 0.400797 -0.930002 -0.306262 0.203223 -0.504308 0.187351 -0.87068 -0.45477 0.485869 
1534335483573 0.123684 0.857403 -0.499562 -0.605286 -0.958358 0.233793 0.163986 -0.226185 0.257396 0.458476 0.850616 0.411621 0.316221 -0.384863 0.867113 0.400797 -0.930002 -0.306262 0.203223 -0.504308 0.187351 -0.87068 -0.45477 0.485869 
1534335483802 0.123957 0.857297 -0.499676 -0.606315 -0.958305 0.234082 0.163883 -0.226105 0.257462 0.458528 0.850568 0.411275 0.316221 -0.384863 0.867113 0.400797 -0.930002 -0.306262 0.203223 -0.504308 0.187351 -0.87068 -0.45477 0.485869 
1534335484026 0.124231 0.857191 -0.499791 -0.607345 -0.958252 0.234371 0.163781 -0.226024 0.257528 0.458579 0.85052 0.41093 0.316221 -0.384863 0.867113 0.400797 -0.930002 -0.306262 0.203223 -0.504308 0.187351 -0.87068 -0.45477 0.485869 
1534335484262 0.124505 0.857084 -0.499906 -0.608374 -0.958198 0.23466 0.163678 -0.225944 0.257594 0.45863 0.850473 0.410584 0.316221 -0.384863 0.867113 0.400797 -0.930002 -0.306262 0.203223 -0.504308 0.187351 -0.87068 -0.45477 0.485869 
1534335484269 0.124779 0.856977 -0.500021 -0.609403 -0.958145 0.23495 0.163575 -0.225864 0.257659 0.458682 0.850425 0.410239 0.316221 -0.384863 0.867113 0.400797 -0.930002 -0.306262 0.203223 -0.504308 0.187351 -0.87068 -0.45477 0.485869 
1534335484601 0.124928 0.85719 -0.499618 -0.608992 -0.958099 0.235049 0.163703 -0.22603 0.25776 0.458232 0.850637 0.410486 0.316221 -0.384863 0.867113 0.400797 -0.930002 -0.306262 0.203223 -0.504308 0.187351 -0.87068 -0.45477 0.485869 
1534335484613 0.125252 0.857515 -0.49898 -0.609123 -0.958054 0.235211 0.16373 -0.226048 0.257767 0.457542 0.851006 0.410255 0.31622 -0.384863 0.867113 0.400795 -0.930002 -0.306262 0.203222 -0.504304 0.187351 -0.87068 -0.454769 0.485867 
1534335484761 0.125577 0.857838 -0.498342 -0.609257 -0.95801 0.235373 0.163758 -0.226067 0.257774 0.456852 0.851375 0.410024 0.31622 -0.384863 0.867113 0.400795 -0.930002 -0.306262 0.203222 -0.504304 0.187351 -0.87068 -0.454769 0.485867 
1534335484768 0.125901 0.858161 -0.497703 -0.609392 -0.957966 0.235534 0.163786 -0.226087 0.257781 0.456162 0.851743 0.409792 0.31622 -0.384863 0.867113 0.400795 -0.930002 -0.306262 0.203222 -0.504304 0.187351 -0.87068 -0.454769 0.485867 
1534335484945 0.126225 0.858484 -0.497064 -0.609527 -0.957921 0.235695 0.163814 -0.226106 0.257787 0.455471 0.85211 0.40956 0.31622 -0.384863 0.867113 0.400795 -0.930002 -0.306262 0.203222 -0.504304 0.187351 -0.87068 -0.454769 0.485867 
1534335485001 0.126549 0.858806 -0.496425 -0.609663 -0.957877 0.235855 0.163843 -0.226126 0.257794 0.45478 0.852477 0.409329 0.31622 -0.384863 0.867113 0.400795 -0.930002 -0.306262 0.203222 -0.504304 0.187351 -0.87068 -0.454769 0.485867 
1534335485120 0.126873 0.859127 -0.495786 -0.609797 -0.957832 0.236017 0.163871 -0.226146 0.2578 0.454089 0.852844 0.409097 0.31622 -0.384863 0.867113 0.400795 -0.930002 -0.306262 0.203222 -0.504304 0.187351 -0.87068 -0.454769 0.485867 
1534335485182 0.127197 0.859448 -0.495146 -0.609933 -0.957788 0.236177 0.1639 -0.226166 0.257805 0.453397 0.85321 0.408866 0.31622 -0.384863 0.867113 0.400795 -0.930002 -0.306262 0.203222 -0.504304 0.187351 -0.87068 -0.454769 0.485867 
1534335485301 0.127521 0.859769 -0.494506 -0.610067 -0.957743 0.236338 0.163928 -0.226185 0.257811 0.452705 0.853576 0.408634 0.31622 -0.384863 0.867113 0.400795 -0.930002 -0.306262 0.203222 -0.504304 0.187351 -0.87068 -0.454769 0.485867 
1534335485362 0.127845 0.860088 -0.493866 -0.610202 -0.957698 0.236499 0.163957 -0.226204 0.257816 0.452013 0.853941 0.408403 0.31622 -0.384863 0.867113 0.400795 -0.930002 -0.306262 0.203222 -0.504304 0.187351 -0.87068 -0.454769 0.485867 
1534335485492 0.127388 0.859773 -0.494533 -0.61005 -0.95777 0.236213 0.163954 -0.22615 0.257778 0.452763 0.853555 0.408719 0.31622 -0.384863 0.867113 0.400795 -0.930002 -0.306262 0.203222 -0.504304 0.187351 -0.87068 -0.454769 0.485867 
1534335485506 0.127266 0.859848 -0.494434 -0.610039 -0.957807 0.236052 0.16397 -0.226284 0.257701 0.452704 0.85361 0.408658 0.31622 -0.384863 0.867113 0.400795 -0.930002 -0.306262 0.203222 -0.504304 0.187351 -0.87068 -0.454769 0.485867 
1534335485523 0.127143 0.859924 -0.494334 -0.61003 -0.957844 0.23589 0.163986 -0.226419 0.257624 0.452645 0.853664 0.408598 0.31622 -0.384863 0.867113 0.400795 -0.930002 -0.306262 0.203222 -0.504304 0.187351 -0.87068 -0.454769 0.485867 
1534335485539 0.12702 0.859999 -0.494234 -0.610022 -0.957881 0.235727 0.164002 -0.226555 0.257546 0.452586 0.853719 0.408537 0.31622 -0.384863 0.867113 0.400795 -0.930002 -0.306262 0.203222 -0.504304 0.187351 -0.87068 -0.454769 0.485867 
1534335485662 0.126896 0.860075 -0.494134 -0.610014 -0.957918 0.235565 0.164019 -0.226691 0.257469 0.452526 0.853774 0.408475 0.31622 -0.384863 0.867113 0.400795 -0.930002 -0.306262 0.203222 -0.504304 0.187351 -0.87068 -0.454769 0.485867 
1534335485669 0.126772 0.860151 -0.494034 -0.610007 -0.957955 0.235402 0.164035 -0.226827 0.257391 0.452467 0.853829 0.408414 0.31622 -0.384863 0.867113 0.400795 -0.930002 -0.306262 0.203222 -0.504304 0.187351 -0.87068 -0.454769 0.485867 
1534335485701 0.12665 0.860226 -0.493934 -0.609999 -0.957992 0.23524 0.164051 -0.226963 0.257314 0.452408 0.853883 0.408353 0.31622 -0.384863 0.867113 0.400795 -0.930002 -0.306262 0.203222 -0.504304 0.187351 -0.87068 -0.454769 0.485867 
1534335485749 0.126526 0.860302 -0.493834 -0.609992 -0.95803 0.235077 0.164068 -0.227099 0.257237 0.452348 0.853938 0.408292 0.31622 -0.384863 0.867113 0.400795 -0.930002 -0.306262 0.203222 -0.504304 0.187351 -0.87068 -0.454769 0.485867 
1534335485822 0.126402 0.860378 -0.493734 -0.609984 -0.958067 0.234915 0.164084 -0.227235 0.257159 0.452289 0.853993 0.408231 0.31622 -0.384863 0.867113 0.400795 -0.930002 -0.306262 0.203222 -0.504304 0.187351 -0.87068 -0.454769 0.485867 
1534335485844 0.126279 0.860453 -0.493634 -0.609975 -0.958104 0.234753 0.1641 -0.22737 0.257082 0.45223 0.854047 0.40817 0.31622 -0.384863 0.867113 0.400795 -0.930002 -0.306262 0.203222 -0.504304 0.187351 -0.87068 -0.454769 0.485867 
1534335485890 0.126483 0.860329 -0.493798 -0.610031 -0.958036 0.235032 0.164095 -0.226859 0.257234 0.452321 0.853954 0.408369 0.31622 -0.384863 0.867113 0.400795 -0.930002 -0.306262 0.203222 -0.504304 0.187351 -0.87068 -0.454769 0.485867 
1534335485904 0.125798 0.860234 -0.494138 -0.609897 -0.958038 0.234659 0.164614 -0.227143 0.25756 0.452695 0.853657 0.408405 0.31622 -0.384863 0.867113 0.400795 -0.930002 -0.306262 0.203222 -0.504304 0.187351 -0.87068 -0.454769 0.485867 
1534335485921 0.125113 0.860139 -0.494478 -0.609765 -0.95804 0.234285 0.165133 -0.227428 0.257886 0.453069 0.85336 0.408442 0.31622 -0.384863 0.867113 0.400795 -0.930002 -0.306262 0.203222 -0.504304 0.187351 -0.87068 -0.45477 0.485867 
1534335486057 0.124427 0.860043 -0.494817 -0.609633 -0.958042 0.233912 0.165653 -0.227715 0.258212 0.453444 0.853062 0.408478 0.31622 -0.384863 0.867113 0.400795 -0.930002 -0.306262 0.203222 -0.504304 0.187351 -0.87068 -0.45477 0.485867 
1534335486172 0.123742 0.859947 -0.495156 -0.609503 -0.958043 0.23354 0.166172 -0.228001 0.258538 0.453818 0.852765 0.408515 0.31622 -0.384863 0.867113 0.400795 -0.930002 -0.306262 0.203222 -0.504304 0.187351 -0.87068 -0.45477 0.485867 
1534335486286 0.123057 0.85985 -0.495495 -0.60937 -0.958043 0.233167 0.166691 -0.228287 0.258863 0.454193 0.852466 0.408552 0.31622 -0.384863 0.867113 0.400795 -0.930002 -0.306262 0.203222 -0.504304 0.187351 -0.87068 -0.45477 0.485867 
1534335486390 0.122371 0.859753 -0.495833 -0.60924 -0.958043 0.232794 0.167211 -0.228573 0.259187 0.454568 0.852168 0.408588 0.31622 -0.384863 0.867113 0.400795 -0.930002 -0.306262 0.203222 -0.504304 0.187351 -0.87068 -0.45477 0.485867 
1534335486397 0.121685 0.859656 -0.49617 -0.609108 -0.958043 0.232422 0.167731 -0.228859 0.259512 0.454942 0.851869 0.408625 0.31622 -0.384863 0.867113 0.400795 -0.930002 -0.306262 0.203222 -0.504304 0.187351 -0.87068 -0.45477 0.485867 
1534335486581 0.120999 0.859558 -0.496508 -0.608976 -0.958042 0.23205 0.168251 -0.229145 0.259836 0.455317 0.85157 0.408661 0.31622 -0.384863 0.867113 0.400795 -0.930002 -0.306262 0.203222 -0.504304 0.187351 -0.87068 -0.45477 0.485867 
1534335486674 0.120312 0.85946 -0.496844 -0.608846 -0.958041 0.231677 0.168772 -0.229431 0.260159 0.455692 0.851271 0.408698 0.31622 -0.384863 0.867113 0.400795 -0.930002 -0.306262 0.203222 -0.504304 0.187351 -0.87068 -0.45477 0.485867 
1534335486807 0.121106 0.8595 -0.496581 -0.608959 -0.958035 0.232145 0.168161 -0.229241 0.259813 0.455376 0.851545 0.408671 0.31622 -0.384863 0.867113 0.400795 -0.930002 -0.306262 0.203222 -0.504304 0.187351 -0.87068 -0.45477 0.485867 
1534335486820 0.12075 0.859479 -0.496705 -0.608672 -0.958095 0.231836 0.168246 -0.229355 0.259758 0.455574 0.851456 0.408663 0.31622 -0.384863 0.867113 0.400795 -0.930002 -0.306262 0.203222 -0.504304 0.187351 -0.87068 -0.45477 0.485867 
1534335486826 0.120433 0.859466 -0.496804 -0.608385 -0.958153 0.23155 0.168308 -0.229452 0.25969 0.455744 0.851386 0.408657 0.31622 -0.384863 0.867113 0.400795 -0.930002 -0.306262 0.203222 -0.504304 0.187351 -0.87068 -0.45477 0.485867 
1534335486991 0.120115 0.859453 -0.496903 -0.608099 -0.958211 0.231263 0.168371 -0.22955 0.259622 0.455914 0.851316 0.408651 0.31622 -0.384863 0.867113 0.400795 -0.930002 -0.306262 0.203222 -0.504304 0.187351 -0.87068 -0.45477 0.485867 
1534335487045 0.119798 0.85944 -0.497001 -0.607813 -0.958269 0.230977 0.168434 -0.229647 0.259555 0.456083 0.851246 0.408645 0.31622 -0.384863 0.867113 0.400795 -0.930002 -0.306262 0.203222 -0.504304 0.187351 -0.87068 -0.45477 0.485867 
1534335487052 0.11948 0.859428 -0.4971 -0.607528 -0.958327 0.230689 0.168497 -0.229744 0.259487 0.456253 0.851176 0.408639 0.31622 -0.384863 0.867113 0.400795 -0.930002 -0.306262 0.203222 -0.504304 0.187351 -0.87068 -0.45477 0.485867 
1534335487210 0.119163 0.859414 -0.497199 -0.607241 -0.958385 0.230403 0.168559 -0.229841 0.259419 0.456422 0.851106 0.408633 0.31622 -0.384863 0.867113 0.400795 -0.930002 -0.306262 0.203222 -0.504304 0.187351 -0.87068 -0.45477 0.485867 
1534335487262 0.118846 0.859401 -0.497298 -0.606956 -0.958443 0.230117 0.168622 -0.229938 0.259351 0.456592 0.851035 0.408627 0.31622 -0.384863 0.867113 0.400795 -0.930002 -0.306262 0.203222 -0.504304 0.187351 -0.87068 -0.45477 0.485867 
1534335487382 0.118528 0.859388 -0.497397 -0.606671 -0.958501 0.22983 0.168686 -0.230036 0.259283 0.456761 0.850965 0.408621 0.31622 -0.384863 0.867113 0.400795 -0.930002 -0.306262 0.203222 -0.504304 0.187351 -0.87068 -0.45477 0.485867 
1534335487441 0.118211 0.859374 -0.497496 -0.606383 -0.958558 0.229544 0.168748 -0.230133 0.259215 0.456931 0.850895 0.408616 0.31622 -0.384863 0.867113 0.400795 -0.930002 -0.306262 0.203222 -0.504304 0.187351 -0.87068 -0.45477 0.485867 
1534335487574 0.118699 0.859448 -0.497251 -0.606697 -0.958476 0.229955 0.168656 -0.230047 0.259297 0.456584 0.851056 0.408684 0.31622 -0.384863 0.867113 0.400795 -0.930002 -0.306262 0.203222 -0.504304 0.187351 -0.87068 -0.45477 0.485867 
1534335487584 0.118292 0.859512 -0.497239 -0.606422 -0.958514 0.229623 0.168891 -0.230099 0.259342 0.456632 0.851016 0.4087 0.31622 -0.384863 0.867113 0.400795 -0.930002 -0.306262 0.203222 -0.504304 0.187351 -0.87068 -0.45477 0.485867 
1534335487591 0.117887 0.859574 -0.497228 -0.606143 -0.958552 0.229294 0.169125 -0.23015 0.259387 0.456681 0.850976 0.408717 0.31622 -0.384863 0.867113 0.400795 -0.930002 -0.306262 0.203222 -0.504304 0.187351 -0.87068 -0.45477 0.485867 
1534335487598 0.117482 0.859636 -0.497216 -0.605863 -0.958589 0.228964 0.169359 -0.2302 0.259432 0.45673 0.850937 0.408734 0.31622 -0.384863 0.867113 0.400795 -0.930002 -0.306262 0.203222 -0.504304 0.187351 -0.87068 -0.45477 0.485867 
1534335487605 0.117077 0.859698 -0.497205 -0.605584 -0.958626 0.228633 0.169594 -0.23025 0.259477 0.456778 0.850897 0.408751 0.31622 -0.384863 0.867113 0.400795 -0.930002 -0.306262 0.203222 -0.504304 0.187351 -0.87068 -0.45477 0.485867 
1534335487826 0.116671 0.85976 -0.497193 -0.605305 -0.958664 0.228303 0.169829 -0.230301 0.259522 0.456827 0.850857 0.408768 0.31622 -0.384863 0.867113 0.400795 -0.930002 -0.306262 0.203222 -0.504304 0.187351 -0.87068 -0.45477 0.485867 
1534335487868 0.116266 0.859822 -0.497181 -0.605025 -0.958701 0.227973 0.170063 -0.230351 0.259567 0.456875 0.850817 0.408784 0.31622 -0.384863 0.867113 0.400795 -0.930002 -0.306262 0.203222 -0.504304 0.187351 -0.87068 -0.45477 0.485867 
1534335488019 0.11586 0.859883 -0.497169 -0.604747 -0.958738 0.227643 0.170297 -0.230402 0.259612 0.456924 0.850777 0.408801 0.31622 -0.384863 0.867113 0.400795 -0.930002 -0.306262 0.203222 -0.504304 0.187351 -0.87068 -0.45477 0.485867 
1534335488056 0.115454 0.859945 -0.497157 -0.604468 -0.958774 0.227312 0.170532 -0.230452 0.259658 0.456972 0.850737 0.408818 0.31622 -0.384863 0.867113 0.400795 -0.930002 -0.306262 0.203222 -0.504304 0.187351 -0.87068 -0.45477 0.485867 
1534335488197 0.115049 0.860006 -0.497145 -0.604188 -0.958811 0.226982 0.170766 -0.230502 0.259703 0.457021 0.850697 0.408835 0.31622 -0.384863 0.867113 0.400795 -0.930002 -0.306262 0.203222 -0.504304 0.187351 -0.87068 -0.45477 0.485867 
1534335488259 0.115513 0.859884 -0.497249 -0.604573 -0.958759 0.227396 0.170508 -0.230373 0.259689 0.457046 0.850688 0.408796 0.31622 -0.384863 0.867113 0.400795 -0.930002 -0.306262 0.203222 -0.504304 0.187351 -0.87068 -0.45477 0.485867 
1534335488269 0.115161 0.859997 -0.497136 -0.604367 -0.9587 0.227248 0.171036 -0.230432 0.260063 0.456907 0.850648 0.408827 0.31622 -0.384863 0.867113 0.400795 -0.930002 -0.306262 0.203222 -0.504304 0.187351 -0.87068 -0.45477 0.485867 
1534335488286 0.114808 0.860109 -0.497022 -0.604156 -0.95864 0.2271 0.171564 -0.230489 0.260437 0.456769 0.850609 0.408858 0.31622 -0.384863 0.867113 0.400795 -0.930002 -0.306262 0.203222 -0.504304 0.187351 -0.87068 -0.45477 0.485867 
1534335488303 0.114455 0.860222 -0.496908 -0.603946 -0.958581 0.226951 0.172092 -0.230546 0.260811 0.45663 0.850568 0.408889 0.31622 -0.384863 0.867113 0.400795 -0.930002 -0.306262 0.203222 -0.504304 0.187351 -0.87068 -0.45477 0.485867 
1534335488420 0.114103 0.860335 -0.496794 -0.603735 -0.958521 0.226803 0.17262 -0.230602 0.261185 0.456491 0.850528 0.40892 0.31622 -0.384863 0.867113 0.400795 -0.930002 -0.306262 0.203222 -0.504304 0.187351 -0.87068 -0.45477 0.485867 
1534335488469 0.11375 0.860448 -0.49668 -0.603525 -0.958461 0.226654 0.173148 -0.23066 0.26156 0.456353 0.850487 0.408951 0.31622 -0.384863 0.867113 0.400795 -0.930002 -0.306262 0.203222 -0.504304 0.187351 -0.87068 -0.45477 0.485867 
1534335488539 0.113397 0.86056 -0.496565 -0.603314 -0.958401 0.226506 0.173676 -0.230716 0.261934 0.456214 0.850447 0.408982 0.31622 -0.384863 0.867113 0.400795 -0.930002 -0.306262 0.203222 -0.504304 0.187351 -0.87068 -0.45477 0.485867 
1534335488602 0.113045 0.860673 -0.496451 -0.603104 -0.95834 0.226357 0.174204 -0.230773 0.262308 0.456076 0.850406 0.409013 0.31622 -0.384863 0.867113 0.400795 -0.930002 -0.306262 0.203222 -0.504304 0.187351 -0.87068 -0.45477 0.485867 
1534335488609 0.112692 0.860785 -0.496336 -0.602894 -0.958279 0.226207 0.174732 -0.23083 0.262682 0.455937 0.850364 0.409044 0.31622 -0.384863 0.867113 0.400795 -0.930002 -0.306262 0.203222 -0.504304 0.187351 -0.87068 -0.45477 0.485867 
1534335488729 0.11234 0.860898 -0.496221 -0.602683 -0.958218 0.226059 0.175259 -0.230887 0.263056 0.455799 0.850323 0.409076 0.31622 -0.384863 0.867113 0.400795 -0.930002 -0.306262 0.203222 -0.504304 0.187351 -0.87068 -0.45477 0.485867 
1534335488783 0.112959 0.860666 -0.496481 -0.603101 -0.958302 0.226373 0.174392 -0.230726 0.262483 0.45608 0.850349 0.409022 0.31622 -0.384863 0.867113 0.400795 -0.930002 -0.306262 0.203222 -0.504304 0.187351 -0.87068 -0.45477 0.485867 
1534335488794 0.112745 0.860622 -0.496606 -0.602924 -0.958335 0.226201 0.174435 -0.230758 0.262455 0.456249 0.850267 0.409061 0.31622 -0.384863 0.867113 0.400795 -0.930002 -0.306262 0.203222 -0.504304 0.187351 -0.87068 -0.45477 0.485867 
1534335488811 0.112534 0.860577 -0.496733 -0.602742 -0.958367 0.226031 0.174476 -0.230787 0.262427 0.456418 0.850185 0.409101 0.31622 -0.384863 0.867113 0.400795 -0.930002 -0.306262 0.203222 -0.504304 0.187351 -0.87068 -0.45477 0.485867 
1534335488827 0.112321 0.860532 -0.496859 -0.602561 -0.9584 0.22586 0.174518 -0.230817 0.262398 0.456587 0.850103 0.409141 0.31622 -0.384863 0.867113 0.400795 -0.930002 -0.306262 0.203222 -0.504304 0.187351 -0.87068 -0.45477 0.485867 
1534335488921 0.112109 0.860487 -0.496985 -0.602379 -0.958433 0.225689 0.174559 -0.230847 0.26237 0.456757 0.850021 0.40918 0.31622 -0.384863 0.867113 0.400795 -0.930002 -0.306262 0.203222 -0.504304 0.187351 -0.87068 -0.45477 0.485867 
1534335488927 0.111896 0.860442 -0.49711 -0.602198 -0.958466 0.225518 0.174601 -0.230877 0.262341 0.456926 0.849939 0.40922 0.31622 -0.384863 0.867113 0.400795 -0.930002 -0.306262 0.203222 -0.504304 0.187351 -0.87068 -0.45477 0.485867 
1534335489051 0.111685 0.860397 -0.497236 -0.602016 -0.958498 0.225347 0.174643 -0.230906 0.262313 0.457095 0.849857 0.40926 0.31622 -0.384863 0.867113 0.400795 -0.930002 -0.306262 0.203222 -0.504304 0.187351 -0.87068 -0.45477 0.485867 
1534335489096 0.111472 0.860352 -0.497362 -0.601835 -0.958531 0.225176 0.174685 -0.230936 0.262284 0.457264 0.849774 0.409299 0.31622 -0.384863 0.867113 0.400795 -0.930002 -0.306262 0.203222 -0.504304 0.187351 -0.87068 -0.45477 0.485867 
1534335489202 0.11126 0.860307 -0.497488 -0.601654 -0.958563 0.225005 0.174726 -0.230966 0.262255 0.457433 0.849692 0.409339 0.31622 -0.384863 0.867113 0.400795 -0.930002 -0.306262 0.203222 -0.504304 0.187351 -0.87068 -0.45477 0.485867 
1534335489250 0.111048 0.860261 -0.497614 -0.601471 -0.958596 0.224835 0.174768 -0.230995 0.262227 0.457603 0.84961 0.409379 0.31622 -0.384863 0.867113 0.400795 -0.930002 -0.306262 0.203222 -0.504304 0.187351 -0.87068 -0.45477 0.485867 
1534335489332 0.111349 0.86026 -0.497548 -0.601794 -0.958563 0.225077 0.174636 -0.230922 0.262219 0.457486 0.849675 0.409201 0.31622 -0.384863 0.867113 0.400795 -0.930002 -0.306262 0.203222 -0.504304 0.187351 -0.87068 -0.45477 0.485867 
1534335489344 0.111166 0.860225 -0.497649 -0.601664 -0.958593 0.224924 0.174666 -0.230934 0.262186 0.457626 0.84961 0.409227 0.31622 -0.384863 0.867113 0.400795 -0.930002 -0.306262 0.203222 -0.504304 0.187351 -0.87068 -0.45477 0.485867 
1534335489361 0.110983 0.86019 -0.49775 -0.601531 -0.958623 0.224772 0.174697 -0.230945 0.262153 0.457767 0.849544 0.409253 0.31622 -0.384863 0.867113 0.400795 -0.930002 -0.306262 0.203222 -0.504304 0.187351 -0.87068 -0.45477 0.485867 
1534335489381 0.110801 0.860155 -0.497852 -0.601396 -0.958653 0.22462 0.174727 -0.230955 0.26212 0.457907 0.849479 0.40928 0.31622 -0.384863 0.867113 0.400795 -0.930002 -0.306262 0.203222 -0.504304 0.187351 -0.87068 -0.45477 0.485867 
1534335489394 0.110619 0.860119 -0.497954 -0.601262 -0.958683 0.224469 0.174757 -0.230965 0.262087 0.458048 0.849413 0.409307 0.31622 -0.384863 0.867113 0.400795 -0.930002 -0.306262 0.203222 -0.504304 0.187351 -0.87068 -0.45477 0.485867 
1534335489430 0.110437 0.860084 -0.498055 -0.601127 -0.958713 0.224317 0.174787 -0.230975 0.262054 0.458189 0.849347 0.409333 0.31622 -0.384863 0.867113 0.400795 -0.930002 -0.306262 0.203222 -0.504304 0.187351 -0.87068 -0.45477 0.485867 
1534335489436 0.110255 0.860049 -0.498157 -0.600994 -0.958743 0.224165 0.174817 -0.230985 0.262021 0.45833 0.849281 0.40936 0.31622 -0.384863 0.867113 0.400795 -0.930002 -0.306262 0.203222 -0.504304 0.187351 -0.87068 -0.45477 0.485867 
1534335489574 0.110072 0.860013 -0.498258 -0.60086 -0.958773 0.224013 0.174848 -0.230996 0.261988 0.458471 0.849216 0.409386 0.31622 -0.384863 0.867113 0.400795 -0.930002 -0.306262 0.203222 -0.504304 0.187351 -0.87068 -0.45477 0.485867 
1534335489593 0.109891 0.859978 -0.49836 -0.600725 -0.958803 0.223861 0.174878 -0.231005 0.261954 0.458612 0.84915 0.409413 0.31622 -0.384863 0.867113 0.400795 -0.930002 -0.306262 0.203222 -0.504304 0.187351 -0.87068 -0.45477 0.485867 
1534335489635 0.109709 0.859942 -0.498461 -0.600591 -0.958833 0.22371 0.174908 -0.231016 0.261921 0.458752 0.849084 0.409439 0.31622 -0.384863 0.867113 0.400795 -0.930002 -0.306262 0.203222 -0.504304 0.187351 -0.87068 -0.45477 0.485867 
1534335489742 0.110291 0.860003 -0.498228 -0.600848 -0.958723 0.224239 0.174834 -0.231043 0.26208 0.45838 0.849236 0.409465 0.31622 -0.384863 0.867113 0.400795 -0.930002 -0.306262 0.203222 -0.504304 0.187351 -0.87068 -0.45477 0.485867 
1534335489755 0.110277 0.860013 -0.498213 -0.600745 -0.958812 0.224072 0.174563 -0.231025 0.261762 0.458442 0.849301 0.409406 0.31622 -0.384863 0.867113 0.400795 -0.930002 -0.306262 0.203222 -0.504304 0.187351 -0.87068 -0.45477 0.485867 
1534335489762 0.110263 0.860024 -0.498197 -0.60064 -0.9589 0.223904 0.174291 -0.231006 0.261443 0.458504 0.849366 0.409347 0.31622 -0.384863 0.867113 0.400795 -0.930002 -0.306262 0.203222 -0.504304 0.187351 -0.87068 -0.45477 0.485867 
1534335489779 0.110249 0.860035 -0.498182 -0.600533 -0.958989 0.223736 0.17402 -0.230986 0.261124 0.458565 0.84943 0.409288 0.31622 -0.384863 0.867113 0.400795 -0.930002 -0.306262 0.203222 -0.504304 0.187351 -0.87068 -0.45477 0.485867 
1534335489783 0.110236 0.860045 -0.498167 -0.600426 -0.959077 0.223569 0.173748 -0.230966 0.260806 0.458627 0.849495 0.409229 0.31622 -0.384863 0.867113 0.400795 -0.930002 -0.306262 0.203222 -0.504304 0.187351 -0.87068 -0.45477 0.485867 
1534335489794 0.110221 0.860056 -0.498151 -0.600321 -0.959165 0.223401 0.173476 -0.230947 0.260487 0.458689 0.849559 0.40917 0.31622 -0.384863 0.867113 0.400795 -0.930002 -0.306262 0.203222 -0.504304 0.187351 -0.87068 -0.45477 0.485867 
1534335489894 0.110208 0.860067 -0.498136 -0.600213 -0.959253 0.223234 0.173204 -0.230927 0.260168 0.45875 0.849624 0.409111 0.31622 -0.384863 0.867113 0.400795 -0.930002 -0.306262 0.203222 -0.504304 0.187351 -0.87068 -0.45477 0.485867 
1534335489957 0.110193 0.860077 -0.498121 -0.600108 -0.959341 0.223066 0.172932 -0.230908 0.259849 0.458812 0.849688 0.409052 0.31622 -0.384863 0.867113 0.400795 -0.930002 -0.306262 0.203222 -0.504304 0.187351 -0.87068 -0.45477 0.485867 
1534335489986 0.11018 0.860088 -0.498106 -0.6 -0.959429 0.222899 0.17266 -0.230888 0.25953 0.458873 0.849752 0.408993 0.31622 -0.384863 0.867113 0.400795 -0.930002 -0.306262 0.203222 -0.504304 0.187351 -0.87068 -0.45477 0.485867 
1534335490030 0.110166 0.860099 -0.49809 -0.599894 -0.959517 0.222732 0.172388 -0.230868 0.259211 0.458935 0.849817 0.408934 0.31622 -0.384863 0.867113 0.400795 -0.930002 -0.306262 0.203222 -0.504304 0.187351 -0.87068 -0.45477 0.485867 
1534335490086 0.11025 0.860039 -0.498174 -0.600158 -0.959275 0.223231 0.173088 -0.230938 0.26007 0.458803 0.849625 0.409091 0.31622 -0.384863 0.867113 0.400795 -0.930002 -0.306262 0.203222 -0.504304 0.187351 -0.87068 -0.45477 0.485867 
1534335490099 0.110089 0.860047 -0.498196 -0.600072 -0.959283 0.223115 0.173192 -0.230957 0.260108 0.458844 0.849592 0.409089 0.31622 -0.384863 0.867113 0.400795 -0.930002 -0.306262 0.203222 -0.504304 0.187351 -0.87068 -0.45477 0.485867 
1534335490116 0.10993 0.860054 -0.49822 -0.599978 -0.959292 0.222999 0.17329 -0.230975 0.260142 0.458889 0.849557 0.409087 0.31622 -0.384863 0.867113 0.400795 -0.930002 -0.306262 0.203222 -0.504304 0.187351 -0.87068 -0.45477 0.485867 
1534335490134 0.10977 0.86006 -0.498243 -0.599885 -0.959302 0.222883 0.173389 -0.230993 0.260175 0.458933 0.849523 0.409084 0.31622 -0.384863 0.867113 0.400795 -0.930002 -0.306262 0.203222 -0.504304 0.187351 -0.87068 -0.45477 0.485867 
1534335490150 0.10961 0.860067 -0.498267 -0.599791 -0.959311 0.222766 0.173488 -0.23101 0.260208 0.458977 0.849489 0.409081 0.31622 -0.384863 0.867113 0.400795 -0.930002 -0.306262 0.203222 -0.504304 0.187351 -0.87068 -0.45477 0.485867 
1534335490166 0.10945 0.860074 -0.498291 -0.599698 -0.95932 0.222649 0.173587 -0.231029 0.260242 0.459021 0.849455 0.409078 0.31622 -0.384863 0.867113 0.400795 -0.930002 -0.306262 0.203222 -0.504304 0.187351 -0.87068 -0.45477 0.485867 
1534335490182 0.109291 0.86008 -0.498315 -0.599604 -0.959329 0.222533 0.173686 -0.231046 0.260275 0.459066 0.849421 0.409075 0.31622 -0.384863 0.867113 0.400795 -0.930002 -0.306262 0.203222 -0.504304 0.187351 -0.87068 -0.45477 0.485867 
1534335490199 0.109132 0.860087 -0.498339 -0.599511 -0.959338 0.222417 0.173784 -0.231064 0.260308 0.45911 0.849387 0.409072 0.31622 -0.384863 0.867113 0.400795 -0.930002 -0.306262 0.203222 -0.504304 0.187351 -0.87068 -0.45477 0.485867 
1534335490286 0.108971 0.860093 -0.498362 -0.599418 -0.959347 0.2223 0.173884 -0.231082 0.260342 0.459154 0.849353 0.409069 0.31622 -0.384863 0.867113 0.400795 -0.930002 -0.306262 0.203222 -0.504304 0.187351 -0.87068 -0.45477 0.485867 
1534335490318 0.108812 0.8601 -0.498386 -0.599323 -0.959356 0.222184 0.173982 -0.2311 0.260375 0.459198 0.849318 0.409066 0.31622 -0.384863 0.867113 0.400795 -0.930002 -0.306262 0.203222 -0.504304 0.187351 -0.87068 -0.45477 0.485867 
1534335490348 0.109205 0.860093 -0.498312 -0.599684 -0.959346 0.222446 0.173704 -0.230985 0.260249 0.459084 0.849419 0.40904 0.31622 -0.384863 0.867113 0.400795 -0.930002 -0.306262 0.203222 -0.504304 0.187351 -0.87068 -0.45477 0.485867 
1534335490359 0.109126 0.86025 -0.498057 -0.599616 -0.959373 0.222295 0.173747 -0.231007 0.260182 0.458862 0.849559 0.409022 0.31622 -0.384863 0.867113 0.400795 -0.930002 -0.306262 0.203222 -0.504304 0.187351 -0.87068 -0.45477 0.485867 
1534335490375 0.10905 0.860408 -0.497801 -0.599544 -0.9594 0.222145 0.173791 -0.231028 0.260115 0.458638 0.8497 0.409004 0.31622 -0.384863 0.867113 0.400795 -0.930002 -0.306262 0.203222 -0.504304 0.187351 -0.87068 -0.45477 0.485867 
1534335490392 0.108973 0.860566 -0.497546 -0.599472 -0.959427 0.221995 0.173834 -0.231049 0.260048 0.458416 0.849841 0.408985 0.31622 -0.384863 0.867113 0.400795 -0.930002 -0.306262 0.203222 -0.504304 0.187351 -0.87068 -0.45477 0.485867 
1534335490409 0.108895 0.860723 -0.497291 -0.599401 -0.959454 0.221845 0.173877 -0.23107 0.259981 0.458193 0.849982 0.408967 0.31622 -0.384863 0.867113 0.400795 -0.930002 -0.306262 0.203222 -0.504304 0.187351 -0.87068 -0.45477 0.485867 
1534335490484 0.108818 0.86088 -0.497035 -0.599328 -0.959481 0.221695 0.17392 -0.23109 0.259915 0.45797 0.850122 0.408949 0.31622 -0.384863 0.867113 0.400795 -0.930002 -0.306262 0.203222 -0.504304 0.187351 -0.87068 -0.45477 0.485867 
1534335490528 0.108741 0.861037 -0.49678 -0.599257 -0.959507 0.221546 0.173963 -0.231111 0.259848 0.457747 0.850263 0.40893 0.31622 -0.384863 0.867113 0.400795 -0.930002 -0.306262 0.203222 -0.504304 0.187351 -0.87068 -0.45477 0.485867 
1534335490558 0.108664 0.861194 -0.496524 -0.599184 -0.959534 0.221396 0.174006 -0.231132 0.259781 0.457524 0.850403 0.408912 0.31622 -0.384863 0.867113 0.400795 -0.930002 -0.306262 0.203222 -0.504304 0.187351 -0.87068 -0.45477 0.485867 
1534335490602 0.108587 0.861351 -0.496269 -0.599113 -0.959561 0.221246 0.174048 -0.231153 0.259714 0.457301 0.850543 0.408894 0.31622 -0.384863 0.867113 0.400795 -0.930002 -0.306262 0.203222 -0.504304 0.187351 -0.87068 -0.45477 0.485867 
1534335490652 0.108509 0.861508 -0.496013 -0.599041 -0.959588 0.221095 0.174092 -0.231173 0.259648 0.457078 0.850684 0.408876 0.31622 -0.384863 0.867113 0.400795 -0.930002 -0.306262 0.203222 -0.504304 0.187351 -0.87068 -0.45477 0.485867 
1534335490703 0.108531 0.861126 -0.496672 -0.599283 -0.959545 0.221318 0.174044 -0.231033 0.259797 0.45769 0.850309 0.408904 0.31622 -0.384863 0.867113 0.400795 -0.930002 -0.306262 0.203222 -0.504304 0.187351 -0.87068 -0.45477 0.485867 
1534335490718 0.108375 0.861132 -0.496696 -0.599226 -0.959544 0.221223 0.174174 -0.231054 0.259867 0.457726 0.850268 0.408898 0.31622 -0.384863 0.867113 0.400795 -0.930002 -0.306262 0.203222 -0.504304 0.187351 -0.87068 -0.45477 0.485867 
1534335490732 0.108218 0.861136 -0.496722 -0.599164 -0.959542 0.221127 0.174304 -0.231074 0.259938 0.457763 0.850227 0.408892 0.31622 -0.384863 0.867113 0.400795 -0.930002 -0.306262 0.203222 -0.504304 0.187351 -0.87068 -0.45477 0.485867 
1534335490752 0.108062 0.861141 -0.496748 -0.599103 -0.959541 0.221032 0.174433 -0.231093 0.260009 0.4578 0.850185 0.408886 0.31622 -0.384863 0.867113 0.400795 -0.930002 -0.306262 0.203222 -0.504304 0.187351 -0.87068 -0.45477 0.485867 
1534335490759 0.107906 0.861146 -0.496773 -0.599043 -0.959539 0.220936 0.174563 -0.231113 0.260079 0.457837 0.850144 0.40888 0.31622 -0.384863 0.867113 0.400795 -0.930002 -0.306262 0.203222 -0.504304 0.187351 -0.87068 -0.45477 0.485867 
1534335490773 0.10775 0.861151 -0.496798 -0.598981 -0.959537 0.220841 0.174693 -0.231133 0.26015 0.457873 0.850102 0.408875 0.31622 -0.384863 0.867113 0.400795 -0.930002 -0.306262 0.203222 -0.504304 0.187351 -0.87068 -0.45477 0.485867 
1534335490780 0.107594 0.861156 -0.496824 -0.59892 -0.959536 0.220746 0.174822 -0.231153 0.260221 0.45791 0.850061 0.408869 0.31622 -0.384863 0.867113 0.400795 -0.930002 -0.306262 0.203222 -0.504304 0.187351 -0.87068 -0.45477 0.485867 
1534335490793 0.107438 0.861161 -0.496849 -0.598858 -0.959534 0.220651 0.174952 -0.231172 0.260292 0.457947 0.850019 0.408863 0.31622 -0.384863 0.867113 0.400795 -0.930002 -0.306262 0.203222 -0.504304 0.187351 -0.87068 -0.45477 0.485867 
1534335490809 0.107282 0.861166 -0.496875 -0.598797 -0.959532 0.220555 0.175082 -0.231192 0.260362 0.457984 0.849978 0.408857 0.31622 -0.384863 0.867113 0.400795 -0.930002 -0.306262 0.203222 -0.504304 0.187351 -0.87068 -0.45477 0.485867 
1534335490832 0.107126 0.86117 -0.4969 -0.598737 -0.95953 0.22046 0.175211 -0.231211 0.260433 0.458021 0.849936 0.408851 0.31622 -0.384863 0.867113 0.400795 -0.930002 -0.306262 0.203222 -0.504304 0.187351 -0.87068 -0.45477 0.485867 
1534335490887 0.108238 0.861285 -0.496461 -0.599075 -0.959586 0.22101 0.174211 -0.231145 0.259768 0.45754 0.850398 0.408869 0.31622 -0.384863 0.867113 0.400795 -0.930002 -0.306262 0.203222 -0.504304 0.187351 -0.87068 -0.45477 0.485867 
1534335490899 0.107998 0.861354 -0.496393 -0.598954 -0.959574 0.220858 0.174468 -0.231193 0.259911 0.457483 0.850385 0.408884 0.31622 -0.384863 0.867113 0.400795 -0.930002 -0.306262 0.203222 -0.504304 0.187351 -0.87068 -0.45477 0.485867 
1534335490916 0.10776 0.861422 -0.496327 -0.59883 -0.959562 0.220708 0.174723 -0.23124 0.260053 0.457428 0.850371 0.4089 0.31622 -0.384863 0.867113 0.400795 -0.930002 -0.306262 0.203222 -0.504304 0.187351 -0.87068 -0.45477 0.485867 
1534335490932 0.107522 0.86149 -0.49626 -0.598705 -0.95955 0.220557 0.174979 -0.231287 0.260196 0.457372 0.850358 0.408915 0.31622 -0.384863 0.867113 0.400795 -0.930002 -0.306262 0.203222 -0.504304 0.187351 -0.87068 -0.45477 0.485867 
1534335490939 0.107284 0.861558 -0.496193 -0.59858 -0.959538 0.220407 0.175235 -0.231333 0.260339 0.457317 0.850344 0.408931 0.31622 -0.384863 0.867113 0.400795 -0.930002 -0.306262 0.203222 -0.504304 0.187351 -0.87068 -0.45477 0.485867 
1534335490953 0.107045 0.861627 -0.496126 -0.598456 -0.959526 0.220255 0.175491 -0.23138 0.260482 0.457261 0.850331 0.408947 0.31622 -0.384863 0.867113 0.400795 -0.930002 -0.306262 0.203222 -0.504304 0.187351 -0.87068 -0.45477 0.485867 
1534335490990 0.106807 0.861694 -0.496059 -0.59833 -0.959514 0.220105 0.175746 -0.231426 0.260624 0.457205 0.850317 0.408962 0.31622 -0.384863 0.867113 0.400795 -0.930002 -0.306262 0.203222 -0.504304 0.187351 -0.87068 -0.45477 0.485867 
1534335491019 0.106569 0.861763 -0.495992 -0.598206 -0.959502 0.219954 0.176002 -0.231473 0.260767 0.457149 0.850303 0.408978 0.31622 -0.384863 0.867113 0.400795 -0.930002 -0.306262 0.203222 -0.504304 0.187351 -0.87068 -0.45477 0.485867 
1534335491104 0.106331 0.861831 -0.495925 -0.59808 -0.959489 0.219804 0.176257 -0.231519 0.26091 0.457093 0.850289 0.408993 0.31622 -0.384863 0.867113 0.400795 -0.930002 -0.306262 0.203222 -0.504304 0.187351 -0.87068 -0.45477 0.485867 
1534335491120 0.106093 0.861899 -0.495858 -0.597956 -0.959477 0.219653 0.176513 -0.231566 0.261053 0.457038 0.850275 0.409009 0.31622 -0.384863 0.867113 0.400795 -0.930002 -0.306262 0.203222 -0.504304 0.187351 -0.87068 -0.45477 0.485867 
1534335491148 0.106817 0.861607 -0.49621 -0.598463 -0.959542 0.220093 0.175608 -0.231298 0.260517 0.457376 0.850257 0.408852 0.31622 -0.384863 0.867113 0.400795 -0.930002 -0.306262 0.203222 -0.504304 0.187351 -0.87068 -0.45477 0.485867 
1534335491160 0.106478 0.861523 -0.496427 -0.598282 -0.959559 0.219883 0.175781 -0.231373 0.260595 0.457634 0.850095 0.408893 0.31622 -0.384863 0.867113 0.400795 -0.930002 -0.306262 0.203222 -0.504304 0.187351 -0.87068 -0.45477 0.485867 
1534335491177 0.10614 0.86144 -0.496644 -0.598097 -0.959575 0.219673 0.175953 -0.231446 0.260672 0.457892 0.849932 0.408936 0.31622 -0.384863 0.867113 0.400795 -0.930002 -0.306262 0.203222 -0.504304 0.187351 -0.87068 -0.45477 0.485867 
1534335491195 0.105802 0.861356 -0.496861 -0.597912 -0.959591 0.219463 0.176125 -0.23152 0.260749 0.458149 0.84977 0.408978 0.31622 -0.384863 0.867113 0.400795 -0.930002 -0.306262 0.203222 -0.504304 0.187351 -0.87068 -0.45477 0.485867 
1534335491263 0.105463 0.861273 -0.497078 -0.597728 -0.959608 0.219253 0.176298 -0.231594 0.260826 0.458407 0.849607 0.40902 0.31622 -0.384863 0.867113 0.400795 -0.930002 -0.306262 0.203222 -0.504304 0.187351 -0.87068 -0.45477 0.485867 
1534335491340 0.105126 0.861189 -0.497295 -0.597543 -0.959624 0.219045 0.17647 -0.231667 0.260903 0.458664 0.849445 0.409062 0.31622 -0.384863 0.867113 0.400795 -0.930002 -0.306262 0.203222 -0.504304 0.187351 -0.87068 -0.45477 0.485867 
1534335491380 0.104787 0.861105 -0.497511 -0.597359 -0.95964 0.218835 0.176642 -0.23174 0.26098 0.458922 0.849282 0.409104 0.31622 -0.384863 0.867113 0.400795 -0.930002 -0.306262 0.203222 -0.504304 0.187351 -0.87068 -0.45477 0.485867 
1534335491449 0.10445 0.861021 -0.497728 -0.597173 -0.959656 0.218626 0.176814 -0.231813 0.261057 0.459179 0.849119 0.409146 0.31622 -0.384863 0.867113 0.400795 -0.930002 -0.306262 0.203222 -0.504304 0.187351 -0.87068 -0.45477 0.485867 
1534335491520 0.104112 0.860937 -0.497944 -0.596988 -0.959672 0.218416 0.176987 -0.231887 0.261134 0.459437 0.848956 0.409188 0.31622 -0.384863 0.867113 0.400795 -0.930002 -0.306262 0.203222 -0.504304 0.187351 -0.87068 -0.45477 0.485867 
1534335491526 0.103773 0.860853 -0.498161 -0.596804 -0.959688 0.218207 0.17716 -0.231961 0.26121 0.459694 0.848794 0.40923 0.31622 -0.384863 0.867113 0.400795 -0.930002 -0.306262 0.203222 -0.504304 0.187351 -0.87068 -0.45477 0.485867 
1534335491649 0.104553 0.860995 -0.497752 -0.597096 -0.959617 0.218769 0.176851 -0.231906 0.26116 0.459161 0.849098 0.40919 0.31622 -0.384863 0.867113 0.400795 -0.930002 -0.306262 0.203222 -0.504304 0.187351 -0.87068 -0.45477 0.485867 
1534335491656 0.104286 0.860999 -0.4978 -0.596921 -0.959645 0.21855 0.176967 -0.231944 0.261163 0.459256 0.849045 0.409213 0.31622 -0.384863 0.867113 0.400795 -0.930002 -0.306262 0.203222 -0.504304 0.187351 -0.87068 -0.45477 0.485867 
1534335491663 0.10402 0.861003 -0.497849 -0.596742 -0.959673 0.218334 0.177083 -0.23198 0.261167 0.459352 0.848992 0.409237 0.31622 -0.384863 0.867113 0.400795 -0.930002 -0.306262 0.203222 -0.504304 0.187351 -0.87068 -0.45477 0.485867 
1534335491680 0.103754 0.861007 -0.497898 -0.596563 -0.959701 0.218117 0.177199 -0.232015 0.26117 0.459448 0.848939 0.40926 0.31622 -0.384863 0.867113 0.400795 -0.930002 -0.306262 0.203222 -0.504304 0.187351 -0.87068 -0.45477 0.485867 
1534335491695 0.103488 0.861011 -0.497946 -0.596385 -0.959728 0.2179 0.177316 -0.232052 0.261173 0.459543 0.848887 0.409284 0.31622 -0.384863 0.867113 0.400795 -0.930002 -0.306262 0.203222 -0.504304 0.187351 -0.87068 -0.45477 0.485867 
1534335491829 0.103223 0.861015 -0.497995 -0.596205 -0.959756 0.217684 0.177432 -0.232087 0.261177 0.459639 0.848834 0.409308 0.31622 -0.384863 0.867113 0.400795 -0.930002 -0.306262 0.203222 -0.504304 0.187351 -0.87068 -0.45477 0.485867 
1534335491867 0.102957 0.861019 -0.498043 -0.596027 -0.959784 0.217467 0.177548 -0.232124 0.26118 0.459734 0.848781 0.409331 0.31622 -0.384863 0.867113 0.400795 -0.930002 -0.306262 0.203222 -0.504304 0.187351 -0.87068 -0.45477 0.485867 
1534335491874 0.102692 0.861022 -0.498092 -0.595847 -0.959811 0.217251 0.177664 -0.232159 0.261184 0.45983 0.848728 0.409355 0.31622 -0.384863 0.867113 0.400795 -0.930002 -0.306262 0.203222 -0.504304 0.187351 -0.87068 -0.45477 0.485867 
