1534186680893 -0.165451 0.846499 -0.506029 -0.517202 -0.964185 -0.0309874 0.263413 -0.255283 0.207299 0.531488 0.821309 0.39621 0.16008 -0.304787 0.938871 0.370831 -0.775623 0.549475 0.310623 -0.528794 -0.61056 -0.777934 -0.14844 0.432481 
1534186680908 -0.133018 0.854205 -0.502634 -0.526578 -0.968113 -0.00336102 0.250492 -0.251709 0.212282 0.519926 0.827414 0.396683 0.316241 -0.38488 0.867098 0.400864 -0.930001 -0.306251 0.203246 -0.504429 0.187325 -0.870677 -0.454788 0.485926 
1534186680913 -0.100415 0.860903 -0.498761 -0.535953 -0.971031 0.0244503 0.2377 -0.248134 0.216832 0.508181 0.833508 0.397156 0.316241 -0.38488 0.867098 0.400864 -0.930001 -0.306251 0.203246 -0.504429 0.187325 -0.870677 -0.454788 0.485926 
1534186681974 -0.0676794 0.866586 -0.494417 -0.545329 -0.972936 0.0524153 0.225053 -0.244559 0.220943 0.496267 0.839585 0.39763 0.316241 -0.38488 0.867098 0.400864 -0.930001 -0.306251 0.203246 -0.504429 0.187325 -0.870677 -0.454788 0.485926 
1534186682709 -0.0348473 0.871248 -0.489605 -0.554703 -0.973825 0.0805021 0.212564 -0.240983 0.22461 0.484197 0.845638 0.398104 0.316241 -0.38488 0.867098 0.400864 -0.930001 -0.306251 0.203246 -0.504429 0.187325 -0.870677 -0.454788 0.485926 
1534186683451 -0.00195626 0.874882 -0.484331 -0.564077 -0.973699 0.108679 0.200248 -0.237406 0.22783 0.471985 0.85166 0.398578 0.316241 -0.38488 0.867098 0.400864 -0.930001 -0.306251 0.203246 -0.504429 0.187325 -0.870677 -0.454788 0.485926 
1534186684180 0.0309566 0.877486 -0.478602 -0.57345 -0.972557 0.136914 0.188117 -0.233828 0.230598 0.459644 0.857643 0.399053 0.316241 -0.38488 0.867098 0.400864 -0.930001 -0.306251 0.203246 -0.504429 0.187325 -0.870677 -0.454788 0.485926 
1534186684187 0.0638539 0.879056 -0.472424 -0.582821 -0.970399 0.165176 0.176187 -0.230249 0.232912 0.447189 0.863582 0.399528 0.316241 -0.38488 0.867098 0.400864 -0.930001 -0.306251 0.203246 -0.504429 0.187325 -0.870677 -0.454788 0.485926 
1534186685183 0.0966984 0.879589 -0.465803 -0.59219 -0.96723 0.193432 0.164471 -0.226669 0.234768 0.434634 0.869469 0.400003 0.316241 -0.38488 0.867098 0.400864 -0.930001 -0.306251 0.203246 -0.504429 0.187325 -0.870677 -0.454788 0.485926 
1534186685877 0.129454 0.879075 -0.458769 -0.60135 -0.96305 0.221656 0.152979 -0.223056 0.236169 0.422014 0.875288 0.400465 0.316531 -0.385118 0.866887 0.401814 -0.929976 -0.306103 0.20358 -0.50615 0.186955 -0.870623 -0.455042 0.486735 
1534186686562 0.128211 0.878901 -0.459452 -0.601121 -0.963037 0.220997 0.154015 -0.222997 0.236901 0.422722 0.874748 0.400367 0.316531 -0.385118 0.866887 0.401814 -0.929976 -0.306103 0.20358 -0.50615 0.186955 -0.870623 -0.455042 0.486735 
1534186686572 0.131607 0.878815 -0.458654 -0.602103 -0.962568 0.223882 0.152775 -0.222649 0.236945 0.42138 0.875383 0.400425 0.316221 -0.384863 0.867113 0.400797 -0.930002 -0.306262 0.203223 -0.504308 0.187351 -0.87068 -0.45477 0.485869 
1534186686579 0.135001 0.878718 -0.457852 -0.603085 -0.962088 0.226767 0.151537 -0.222301 0.236984 0.420036 0.876018 0.400484 0.316221 -0.384863 0.867113 0.400797 -0.930002 -0.306262 0.203223 -0.504308 0.187351 -0.87068 -0.45477 0.485869 
1534186686885 0.138393 0.878611 -0.457045 -0.604066 -0.961597 0.229651 0.150302 -0.221953 0.237018 0.418692 0.876652 0.400542 0.316221 -0.384863 0.867113 0.400797 -0.930002 -0.306262 0.203223 -0.504308 0.187351 -0.87068 -0.45477 0.485869 
1534186687113 0.141784 0.878492 -0.456233 -0.605048 -0.961096 0.232534 0.149071 -0.221605 0.237047 0.417348 0.877285 0.400601 0.316221 -0.384863 0.867113 0.400797 -0.930002 -0.306262 0.203223 -0.504308 0.187351 -0.87068 -0.45477 0.485869 
1534186687327 0.145174 0.878362 -0.455416 -0.60603 -0.960584 0.235417 0.147841 -0.221257 0.23707 0.416003 0.877917 0.400659 0.316221 -0.384863 0.867113 0.400797 -0.930002 -0.306262 0.203223 -0.504308 0.187351 -0.87068 -0.45477 0.485869 
1534186687557 0.148562 0.878222 -0.454594 -0.607012 -0.960062 0.238298 0.146615 -0.220908 0.237089 0.414657 0.878549 0.400718 0.316221 -0.384863 0.867113 0.400797 -0.930002 -0.306262 0.203223 -0.504308 0.187351 -0.87068 -0.45477 0.485869 
1534186687767 0.151948 0.87807 -0.453768 -0.607993 -0.959528 0.241179 0.145391 -0.22056 0.237103 0.413311 0.879179 0.400776 0.316221 -0.384863 0.867113 0.400797 -0.930002 -0.306262 0.203223 -0.504308 0.187351 -0.87068 -0.45477 0.485869 
1534186687975 0.155333 0.877907 -0.452937 -0.608975 -0.958984 0.244059 0.14417 -0.220212 0.237111 0.411965 0.879809 0.400835 0.316221 -0.384863 0.867113 0.400797 -0.930002 -0.306262 0.203223 -0.504308 0.187351 -0.87068 -0.45477 0.485869 
1534186688193 0.158715 0.877733 -0.452101 -0.609957 -0.958429 0.246938 0.142952 -0.219864 0.237114 0.410618 0.880437 0.400893 0.316221 -0.384863 0.867113 0.400797 -0.930002 -0.306262 0.203223 -0.504308 0.187351 -0.87068 -0.45477 0.485869 
1534186688425 0.157819 0.877678 -0.452519 -0.6097 -0.958551 0.246254 0.143317 -0.219982 0.237221 0.411144 0.880163 0.400807 0.316221 -0.384863 0.867113 0.400797 -0.930002 -0.306262 0.203223 -0.504308 0.187351 -0.87068 -0.45477 0.485869 
1534186688436 0.158381 0.877789 -0.452108 -0.609793 -0.95842 0.246753 0.143333 -0.219975 0.237375 0.410608 0.880372 0.400697 0.31622 -0.384863 0.867113 0.400795 -0.930002 -0.306262 0.203222 -0.504304 0.187351 -0.87068 -0.454769 0.485867 
1534186688453 0.158942 0.8779 -0.451695 -0.609892 -0.958289 0.247252 0.143349 -0.219971 0.237529 0.41007 0.880581 0.400586 0.31622 -0.384863 0.867113 0.400795 -0.930002 -0.306262 0.203222 -0.504304 0.187351 -0.87068 -0.454769 0.485867 
1534186688470 0.159503 0.878011 -0.451283 -0.60999 -0.958157 0.247751 0.143366 -0.219967 0.237683 0.409533 0.880789 0.400474 0.31622 -0.384863 0.867113 0.400795 -0.930002 -0.306262 0.203222 -0.504304 0.187351 -0.87068 -0.454769 0.485867 
1534186688591 0.160064 0.878121 -0.45087 -0.610088 -0.958026 0.248249 0.143383 -0.219964 0.237836 0.408994 0.880998 0.400363 0.31622 -0.384863 0.867113 0.400795 -0.930002 -0.306262 0.203222 -0.504304 0.187351 -0.87068 -0.454769 0.485867 
1534186688631 0.160625 0.87823 -0.450457 -0.610187 -0.957894 0.248748 0.143401 -0.21996 0.237989 0.408456 0.881207 0.400252 0.31622 -0.384863 0.867113 0.400795 -0.930002 -0.306262 0.203222 -0.504304 0.187351 -0.87068 -0.454769 0.485867 
1534186688708 0.161187 0.878339 -0.450044 -0.610284 -0.957762 0.249246 0.143418 -0.219956 0.238141 0.407918 0.881415 0.400141 0.31622 -0.384863 0.867113 0.400795 -0.930002 -0.306262 0.203222 -0.504304 0.187351 -0.87068 -0.454769 0.485867 
1534186688758 0.161748 0.878447 -0.449631 -0.610383 -0.957629 0.249745 0.143436 -0.219953 0.238294 0.407379 0.881623 0.400029 0.31622 -0.384863 0.867113 0.400795 -0.930002 -0.306262 0.203222 -0.504304 0.187351 -0.87068 -0.454769 0.485867 
1534186688819 0.162309 0.878555 -0.449218 -0.610481 -0.957497 0.250243 0.143454 -0.219948 0.238445 0.406841 0.88183 0.399918 0.31622 -0.384863 0.867113 0.400795 -0.930002 -0.306262 0.203222 -0.504304 0.187351 -0.87068 -0.454769 0.485867 
1534186688874 0.16287 0.878663 -0.448804 -0.61058 -0.957363 0.250741 0.143472 -0.219945 0.238597 0.406301 0.882038 0.399806 0.31622 -0.384863 0.867113 0.400795 -0.930002 -0.306262 0.203222 -0.504304 0.187351 -0.87068 -0.454769 0.485867 
1534186688963 0.162061 0.878505 -0.449405 -0.610456 -0.957566 0.250006 0.143407 -0.219967 0.238337 0.407094 0.881743 0.399964 0.31622 -0.384863 0.867113 0.400795 -0.930002 -0.306262 0.203222 -0.504304 0.187351 -0.87068 -0.454769 0.485867 
1534186688976 0.162444 0.878805 -0.44868 -0.610455 -0.957531 0.250177 0.143335 -0.219982 0.238213 0.406341 0.882123 0.399875 0.31622 -0.384863 0.867113 0.400795 -0.930002 -0.306262 0.203222 -0.504304 0.187351 -0.87068 -0.454769 0.485867 
1534186688992 0.162827 0.879105 -0.447953 -0.610459 -0.957497 0.250348 0.143265 -0.22 0.238089 0.405586 0.882504 0.399785 0.31622 -0.384863 0.867113 0.400795 -0.930002 -0.306262 0.203222 -0.504304 0.187351 -0.87068 -0.454769 0.485867 
1534186689112 0.163209 0.879404 -0.447225 -0.610464 -0.957463 0.250518 0.143194 -0.22002 0.237964 0.404831 0.882884 0.399695 0.31622 -0.384863 0.867113 0.400795 -0.930002 -0.306262 0.203222 -0.504304 0.187351 -0.87068 -0.454769 0.485867 
1534186689188 0.163592 0.879703 -0.446498 -0.610467 -0.957429 0.250689 0.143123 -0.220037 0.237838 0.404077 0.883264 0.399605 0.31622 -0.384863 0.867113 0.400795 -0.930002 -0.306262 0.203222 -0.504304 0.187351 -0.87068 -0.454769 0.485867 
1534186689282 0.163974 0.880001 -0.44577 -0.610472 -0.957395 0.25086 0.143053 -0.220056 0.237712 0.403321 0.883643 0.399515 0.31622 -0.384863 0.867113 0.400795 -0.930002 -0.306262 0.203222 -0.504304 0.187351 -0.87068 -0.454769 0.485867 
1534186689381 0.164357 0.880298 -0.445042 -0.610476 -0.957361 0.251031 0.142983 -0.220075 0.237586 0.402566 0.884021 0.399425 0.31622 -0.384863 0.867113 0.400795 -0.930002 -0.306262 0.203222 -0.504304 0.187351 -0.87068 -0.454769 0.485867 
1534186689478 0.164739 0.880594 -0.444314 -0.61048 -0.957326 0.251202 0.142912 -0.220093 0.23746 0.40181 0.884399 0.399335 0.31622 -0.384863 0.867113 0.400795 -0.930002 -0.306262 0.203222 -0.504304 0.187351 -0.87068 -0.454769 0.485867 
1534186689556 0.165121 0.88089 -0.443585 -0.610485 -0.957292 0.251373 0.142842 -0.220112 0.237333 0.401054 0.884776 0.399244 0.31622 -0.384863 0.867113 0.400795 -0.930002 -0.306262 0.203222 -0.504304 0.187351 -0.87068 -0.454769 0.485867 
1534186689653 0.165503 0.881185 -0.442856 -0.610489 -0.957257 0.251544 0.142772 -0.220131 0.237206 0.400297 0.885153 0.399154 0.31622 -0.384863 0.867113 0.400795 -0.930002 -0.306262 0.203222 -0.504304 0.187351 -0.87068 -0.454769 0.485867 
1534186689764 0.165294 0.880846 -0.443609 -0.610494 -0.957253 0.251548 0.142799 -0.220158 0.237372 0.401042 0.884771 0.399208 0.31622 -0.384863 0.867113 0.400795 -0.930002 -0.306262 0.203222 -0.504304 0.187351 -0.87068 -0.454769 0.485867 
1534186689774 0.164952 0.880877 -0.443673 -0.610428 -0.957313 0.251249 0.14292 -0.220312 0.237367 0.401159 0.884719 0.399249 0.31622 -0.384863 0.867113 0.400795 -0.930002 -0.306262 0.203222 -0.504304 0.187351 -0.87068 -0.45477 0.485867 
1534186689781 0.164609 0.880909 -0.443737 -0.610366 -0.957373 0.250951 0.143041 -0.22047 0.237363 0.401276 0.884667 0.399289 0.31622 -0.384863 0.867113 0.400795 -0.930002 -0.306262 0.203222 -0.504304 0.187351 -0.87068 -0.45477 0.485867 
1534186689901 0.164266 0.880941 -0.443802 -0.610303 -0.957433 0.250652 0.143163 -0.220628 0.237358 0.401393 0.884615 0.399329 0.31622 -0.384863 0.867113 0.400795 -0.930002 -0.306262 0.203222 -0.504304 0.187351 -0.87068 -0.45477 0.485867 
1534186689959 0.163923 0.880972 -0.443866 -0.610242 -0.957493 0.250354 0.143285 -0.220786 0.237353 0.40151 0.884564 0.399368 0.31622 -0.384863 0.867113 0.400795 -0.930002 -0.306262 0.203222 -0.504304 0.187351 -0.87068 -0.45477 0.485867 
1534186690022 0.163581 0.881004 -0.443929 -0.61018 -0.957553 0.250055 0.143407 -0.220944 0.237349 0.401627 0.884512 0.399408 0.31622 -0.384863 0.867113 0.400795 -0.930002 -0.306262 0.203222 -0.504304 0.187351 -0.87068 -0.45477 0.485867 
1534186690098 0.163238 0.881035 -0.443994 -0.610117 -0.957612 0.249757 0.143528 -0.221101 0.237344 0.401745 0.88446 0.399448 0.31622 -0.384863 0.867113 0.400795 -0.930002 -0.306262 0.203222 -0.504304 0.187351 -0.87068 -0.45477 0.485867 
1534186690144 0.162895 0.881067 -0.444057 -0.610056 -0.957672 0.249458 0.14365 -0.221259 0.237339 0.401861 0.884408 0.399487 0.31622 -0.384863 0.867113 0.400795 -0.930002 -0.306262 0.203222 -0.504304 0.187351 -0.87068 -0.45477 0.485867 
1534186690217 0.162552 0.881098 -0.444121 -0.609994 -0.957731 0.249159 0.143772 -0.221417 0.237334 0.401978 0.884356 0.399527 0.31622 -0.384863 0.867113 0.400795 -0.930002 -0.306262 0.203222 -0.504304 0.187351 -0.87068 -0.45477 0.485867 
1534186690284 0.16221 0.881128 -0.444185 -0.609931 -0.957791 0.248861 0.143893 -0.221574 0.237329 0.402096 0.884304 0.399567 0.31622 -0.384863 0.867113 0.400795 -0.930002 -0.306262 0.203222 -0.504304 0.187351 -0.87068 -0.45477 0.485867 
1534186690358 0.162649 0.881153 -0.443977 -0.609994 -0.957739 0.249181 0.143682 -0.221337 0.237236 0.401844 0.884444 0.399561 0.31622 -0.384863 0.867113 0.400795 -0.930002 -0.306262 0.203222 -0.504304 0.187351 -0.87068 -0.45477 0.485867 
1534186690371 0.162224 0.881015 -0.444404 -0.609857 -0.95788 0.248754 0.143484 -0.221545 0.236959 0.402409 0.884261 0.399582 0.31622 -0.384863 0.867113 0.400795 -0.930002 -0.306262 0.203222 -0.504304 0.187351 -0.87068 -0.45477 0.485867 
1534186690388 0.161801 0.880877 -0.444833 -0.609715 -0.95802 0.248329 0.143287 -0.221751 0.236683 0.402975 0.884077 0.399604 0.31622 -0.384863 0.867113 0.400795 -0.930002 -0.306262 0.203222 -0.504304 0.187351 -0.87068 -0.45477 0.485867 
1534186690404 0.161378 0.880738 -0.445262 -0.609573 -0.958159 0.247904 0.143089 -0.221957 0.236406 0.40354 0.883893 0.399626 0.31622 -0.384863 0.867113 0.400795 -0.930002 -0.306262 0.203222 -0.504304 0.187351 -0.87068 -0.45477 0.485867 
1534186690517 0.160955 0.880598 -0.445691 -0.609431 -0.958299 0.247478 0.142892 -0.222163 0.236129 0.404106 0.883709 0.399648 0.31622 -0.384863 0.867113 0.400795 -0.930002 -0.306262 0.203222 -0.504304 0.187351 -0.87068 -0.45477 0.485867 
1534186690566 0.160532 0.880459 -0.446119 -0.60929 -0.958438 0.247052 0.142696 -0.22237 0.235852 0.40467 0.883525 0.39967 0.31622 -0.384863 0.867113 0.400795 -0.930002 -0.306262 0.203222 -0.504304 0.187351 -0.87068 -0.45477 0.485867 
1534186690627 0.160109 0.880318 -0.446548 -0.609148 -0.958577 0.246626 0.142499 -0.222575 0.235575 0.405235 0.88334 0.399692 0.31622 -0.384863 0.867113 0.400795 -0.930002 -0.306262 0.203222 -0.504304 0.187351 -0.87068 -0.45477 0.485867 
1534186690692 0.159687 0.880177 -0.446976 -0.609007 -0.958716 0.2462 0.142302 -0.222782 0.235297 0.405799 0.883155 0.399714 0.31622 -0.384863 0.867113 0.400795 -0.930002 -0.306262 0.203222 -0.504304 0.187351 -0.87068 -0.45477 0.485867 
1534186690738 0.159264 0.880036 -0.447405 -0.608864 -0.958854 0.245774 0.142106 -0.222987 0.235019 0.406364 0.882969 0.399737 0.31622 -0.384863 0.867113 0.400795 -0.930002 -0.306262 0.203222 -0.504304 0.187351 -0.87068 -0.45477 0.485867 
1534186690786 0.158842 0.879894 -0.447834 -0.608722 -0.958992 0.245348 0.14191 -0.223193 0.234741 0.406928 0.882783 0.399759 0.31622 -0.384863 0.867113 0.400795 -0.930002 -0.306262 0.203222 -0.504304 0.187351 -0.87068 -0.45477 0.485867 
1534186690863 0.159613 0.880163 -0.44703 -0.608949 -0.958794 0.246029 0.142072 -0.222897 0.235029 0.405933 0.883164 0.399754 0.31622 -0.384863 0.867113 0.400795 -0.930002 -0.306262 0.203222 -0.504304 0.187351 -0.87068 -0.45477 0.485867 
1534186690885 0.159301 0.880138 -0.447191 -0.608655 -0.958859 0.245753 0.142107 -0.223028 0.234972 0.406156 0.883077 0.399745 0.31622 -0.384863 0.867113 0.400795 -0.930002 -0.306262 0.203222 -0.504304 0.187351 -0.87068 -0.45477 0.485867 
1534186690891 0.158991 0.880112 -0.447353 -0.608357 -0.958925 0.245477 0.14214 -0.223156 0.234915 0.406379 0.88299 0.399737 0.31622 -0.384863 0.867113 0.400795 -0.930002 -0.306262 0.203222 -0.504304 0.187351 -0.87068 -0.45477 0.485867 
1534186690946 0.158681 0.880086 -0.447514 -0.608059 -0.95899 0.245202 0.142174 -0.223285 0.234857 0.406601 0.882903 0.399729 0.31622 -0.384863 0.867113 0.400795 -0.930002 -0.306262 0.203222 -0.504304 0.187351 -0.87068 -0.45477 0.485867 
1534186690953 0.158371 0.88006 -0.447676 -0.60776 -0.959056 0.244926 0.142208 -0.223413 0.234799 0.406824 0.882816 0.399722 0.31622 -0.384863 0.867113 0.400795 -0.930002 -0.306262 0.203222 -0.504304 0.187351 -0.87068 -0.45477 0.485867 
1534186691117 0.158061 0.880034 -0.447837 -0.607463 -0.959121 0.244651 0.142242 -0.223542 0.234741 0.407047 0.882728 0.399714 0.31622 -0.384863 0.867113 0.400795 -0.930002 -0.306262 0.203222 -0.504304 0.187351 -0.87068 -0.45477 0.485867 
1534186691160 0.157751 0.880007 -0.447998 -0.607164 -0.959186 0.244375 0.142275 -0.22367 0.234683 0.40727 0.882641 0.399706 0.31622 -0.384863 0.867113 0.400795 -0.930002 -0.306262 0.203222 -0.504304 0.187351 -0.87068 -0.45477 0.485867 
1534186691279 0.157441 0.87998 -0.448159 -0.606866 -0.959252 0.244099 0.142309 -0.223798 0.234625 0.407492 0.882554 0.399698 0.31622 -0.384863 0.867113 0.400795 -0.930002 -0.306262 0.203222 -0.504304 0.187351 -0.87068 -0.45477 0.485867 
1534186691337 0.157131 0.879954 -0.448321 -0.606567 -0.959317 0.243824 0.142343 -0.223926 0.234567 0.407715 0.882466 0.39969 0.31622 -0.384863 0.867113 0.400795 -0.930002 -0.306262 0.203222 -0.504304 0.187351 -0.87068 -0.45477 0.485867 
1534186691436 0.156821 0.879927 -0.448482 -0.606269 -0.959382 0.243548 0.142377 -0.224055 0.234508 0.407938 0.882379 0.399683 0.31622 -0.384863 0.867113 0.400795 -0.930002 -0.306262 0.203222 -0.504304 0.187351 -0.87068 -0.45477 0.485867 
1534186691529 0.157012 0.880025 -0.448222 -0.606574 -0.959383 0.24362 0.142244 -0.223881 0.234374 0.407683 0.882533 0.399696 0.31622 -0.384863 0.867113 0.400795 -0.930002 -0.306262 0.203222 -0.504304 0.187351 -0.87068 -0.45477 0.485867 
1534186691541 0.15647 0.880116 -0.448233 -0.606307 -0.95936 0.243332 0.142892 -0.223942 0.234831 0.407659 0.882422 0.399722 0.31622 -0.384863 0.867113 0.400795 -0.930002 -0.306262 0.203222 -0.504304 0.187351 -0.87068 -0.45477 0.485867 
1534186691557 0.155928 0.880206 -0.448246 -0.606034 -0.959336 0.243045 0.143543 -0.224003 0.235291 0.407636 0.88231 0.399746 0.31622 -0.384863 0.867113 0.400795 -0.930002 -0.306262 0.203222 -0.504304 0.187351 -0.87068 -0.45477 0.485867 
1534186691656 0.155386 0.880295 -0.448258 -0.605761 -0.959311 0.242758 0.144192 -0.224064 0.23575 0.407613 0.882198 0.399772 0.31622 -0.384863 0.867113 0.400795 -0.930002 -0.306262 0.203222 -0.504304 0.187351 -0.87068 -0.45477 0.485867 
1534186691744 0.154844 0.880385 -0.44827 -0.605488 -0.959286 0.242471 0.144842 -0.224124 0.236209 0.407591 0.882086 0.399797 0.31622 -0.384863 0.867113 0.400795 -0.930002 -0.306262 0.203222 -0.504304 0.187351 -0.87068 -0.45477 0.485867 
1534186691809 0.154302 0.880475 -0.448281 -0.605217 -0.95926 0.242184 0.145491 -0.224185 0.236668 0.407568 0.881973 0.399822 0.31622 -0.384863 0.867113 0.400795 -0.930002 -0.306262 0.203222 -0.504304 0.187351 -0.87068 -0.45477 0.485867 
1534186691874 0.15376 0.880564 -0.448292 -0.604944 -0.959234 0.241897 0.146141 -0.224245 0.237126 0.407546 0.88186 0.399848 0.31622 -0.384863 0.867113 0.400795 -0.930002 -0.306262 0.203222 -0.504304 0.187351 -0.87068 -0.45477 0.485867 
1534186691956 0.153218 0.880653 -0.448302 -0.604672 -0.959207 0.241609 0.14679 -0.224306 0.237585 0.407523 0.881747 0.399873 0.31622 -0.384863 0.867113 0.400795 -0.930002 -0.306262 0.203222 -0.504304 0.187351 -0.87068 -0.45477 0.485867 
1534186692017 0.152676 0.880742 -0.448312 -0.6044 -0.95918 0.241322 0.14744 -0.224367 0.238044 0.407501 0.881634 0.399898 0.31622 -0.384863 0.867113 0.400795 -0.930002 -0.306262 0.203222 -0.504304 0.187351 -0.87068 -0.45477 0.485867 
1534186692024 0.152134 0.880831 -0.448322 -0.604127 -0.959152 0.241035 0.148089 -0.224426 0.238502 0.407479 0.88152 0.399924 0.31622 -0.384863 0.867113 0.400795 -0.930002 -0.306262 0.203222 -0.504304 0.187351 -0.87068 -0.45477 0.485867 
1534186692168 0.152683 0.880748 -0.448297 -0.604443 -0.959223 0.24125 0.147276 -0.224325 0.237865 0.40753 0.881668 0.3999 0.31622 -0.384863 0.867113 0.400795 -0.930002 -0.306262 0.203222 -0.504304 0.187351 -0.87068 -0.45477 0.485867 
1534186692180 0.152378 0.880733 -0.448431 -0.604211 -0.959267 0.241008 0.147385 -0.224338 0.237882 0.407707 0.881582 0.399935 0.31622 -0.384863 0.867113 0.400795 -0.930002 -0.306262 0.203222 -0.504304 0.187351 -0.87068 -0.45477 0.485867 
1534186692186 0.152075 0.880717 -0.448566 -0.603976 -0.959311 0.240766 0.147492 -0.224349 0.237898 0.407885 0.881496 0.399971 0.31622 -0.384863 0.867113 0.400795 -0.930002 -0.306262 0.203222 -0.504304 0.187351 -0.87068 -0.45477 0.485867 
1534186692213 0.151771 0.880701 -0.4487 -0.60374 -0.959355 0.240525 0.147599 -0.224359 0.237914 0.408062 0.881409 0.400008 0.31622 -0.384863 0.867113 0.400795 -0.930002 -0.306262 0.203222 -0.504304 0.187351 -0.87068 -0.45477 0.485867 
1534186692220 0.151468 0.880684 -0.448835 -0.603504 -0.959399 0.240283 0.147706 -0.22437 0.237929 0.408239 0.881323 0.400044 0.31622 -0.384863 0.867113 0.400795 -0.930002 -0.306262 0.203222 -0.504304 0.187351 -0.87068 -0.45477 0.485867 
1534186692391 0.151164 0.880668 -0.448969 -0.60327 -0.959443 0.240041 0.147813 -0.224381 0.237945 0.408416 0.881237 0.40008 0.31622 -0.384863 0.867113 0.400795 -0.930002 -0.306262 0.203222 -0.504304 0.187351 -0.87068 -0.45477 0.485867 
1534186692397 0.150861 0.880652 -0.449103 -0.603033 -0.959487 0.2398 0.14792 -0.224391 0.237961 0.408594 0.88115 0.400117 0.31622 -0.384863 0.867113 0.400795 -0.930002 -0.306262 0.203222 -0.504304 0.187351 -0.87068 -0.45477 0.485867 
1534186692546 0.150557 0.880635 -0.449238 -0.602798 -0.959531 0.239558 0.148027 -0.224402 0.237976 0.408771 0.881064 0.400153 0.31622 -0.384863 0.867113 0.400795 -0.930002 -0.306262 0.203222 -0.504304 0.187351 -0.87068 -0.45477 0.485867 
1534186692599 0.150253 0.880618 -0.449372 -0.602561 -0.959575 0.239317 0.148134 -0.224412 0.237992 0.408948 0.880977 0.400189 0.31622 -0.384863 0.867113 0.400795 -0.930002 -0.306262 0.203222 -0.504304 0.187351 -0.87068 -0.45477 0.485867 
1534186692695 0.14995 0.880602 -0.449506 -0.602326 -0.959618 0.239075 0.148241 -0.224423 0.238007 0.409126 0.880891 0.400225 0.31622 -0.384863 0.867113 0.400795 -0.930002 -0.306262 0.203222 -0.504304 0.187351 -0.87068 -0.45477 0.485867 
1534186692757 0.150326 0.880693 -0.449201 -0.602621 -0.95956 0.239358 0.148161 -0.224352 0.238004 0.408763 0.88106 0.400212 0.31622 -0.384863 0.867113 0.400795 -0.930002 -0.306262 0.203222 -0.504304 0.187351 -0.87068 -0.45477 0.485867 
1534186692770 0.150065 0.880752 -0.449172 -0.602474 -0.95953 0.239243 0.148544 -0.2244 0.238292 0.408703 0.88101 0.400193 0.31622 -0.384863 0.867113 0.400795 -0.930002 -0.306262 0.203222 -0.504304 0.187351 -0.87068 -0.45477 0.485867 
1534186692787 0.149802 0.880812 -0.449144 -0.602324 -0.959499 0.239127 0.14893 -0.224449 0.238582 0.408643 0.880959 0.400173 0.31622 -0.384863 0.867113 0.400795 -0.930002 -0.306262 0.203222 -0.504304 0.187351 -0.87068 -0.45477 0.485867 
1534186692804 0.149538 0.880871 -0.449115 -0.602174 -0.959468 0.23901 0.149316 -0.224499 0.238871 0.408583 0.880909 0.400152 0.31622 -0.384863 0.867113 0.400795 -0.930002 -0.306262 0.203222 -0.504304 0.187351 -0.87068 -0.45477 0.485867 
1534186692886 0.149275 0.88093 -0.449087 -0.602025 -0.959437 0.238893 0.149702 -0.224548 0.239161 0.408524 0.880858 0.400132 0.31622 -0.384863 0.867113 0.400795 -0.930002 -0.306262 0.203222 -0.504304 0.187351 -0.87068 -0.45477 0.485867 
1534186692893 0.149011 0.88099 -0.449058 -0.601876 -0.959406 0.238777 0.150087 -0.224597 0.23945 0.408464 0.880807 0.400112 0.31622 -0.384863 0.867113 0.400795 -0.930002 -0.306262 0.203222 -0.504304 0.187351 -0.87068 -0.45477 0.485867 
1534186692957 0.148747 0.881049 -0.449029 -0.601725 -0.959374 0.23866 0.150473 -0.224647 0.239739 0.408404 0.880756 0.400091 0.31622 -0.384863 0.867113 0.400795 -0.930002 -0.306262 0.203222 -0.504304 0.187351 -0.87068 -0.45477 0.485867 
1534186693027 0.148484 0.881108 -0.449 -0.601576 -0.959343 0.238543 0.150859 -0.224696 0.240029 0.408345 0.880705 0.400071 0.31622 -0.384863 0.867113 0.400795 -0.930002 -0.306262 0.203222 -0.504304 0.187351 -0.87068 -0.45477 0.485867 
1534186693060 0.148221 0.881167 -0.448971 -0.601426 -0.959311 0.238427 0.151244 -0.224745 0.240318 0.408285 0.880653 0.400051 0.31622 -0.384863 0.867113 0.400795 -0.930002 -0.306262 0.203222 -0.504304 0.187351 -0.87068 -0.45477 0.485867 
1534186693101 0.147957 0.881227 -0.448941 -0.601277 -0.959279 0.23831 0.15163 -0.224794 0.240608 0.408225 0.880602 0.400031 0.31622 -0.384863 0.867113 0.400795 -0.930002 -0.306262 0.203222 -0.504304 0.187351 -0.87068 -0.45477 0.485867 
1534186693155 0.148638 0.881034 -0.449095 -0.601626 -0.959362 0.238623 0.150608 -0.224751 0.239856 0.408459 0.880699 0.400079 0.31622 -0.384863 0.867113 0.400795 -0.930002 -0.306262 0.203222 -0.504304 0.187351 -0.87068 -0.45477 0.485867 
1534186693167 0.148427 0.881066 -0.449101 -0.601495 -0.959364 0.23849 0.150811 -0.224759 0.239981 0.408467 0.880661 0.400056 0.31622 -0.384863 0.867113 0.400795 -0.930002 -0.306262 0.203222 -0.504304 0.187351 -0.87068 -0.45477 0.485867 
1534186693185 0.148217 0.881098 -0.449108 -0.601362 -0.959365 0.238357 0.151014 -0.224766 0.240106 0.408475 0.880623 0.400034 0.31622 -0.384863 0.867113 0.400795 -0.930002 -0.306262 0.203222 -0.504304 0.187351 -0.87068 -0.45477 0.485867 
1534186693191 0.148007 0.88113 -0.449114 -0.601226 -0.959366 0.238223 0.151216 -0.224772 0.240231 0.408484 0.880585 0.400011 0.31622 -0.384863 0.867113 0.400795 -0.930002 -0.306262 0.203222 -0.504304 0.187351 -0.87068 -0.45477 0.485867 
1534186693204 0.147796 0.881162 -0.449121 -0.601093 -0.959367 0.23809 0.151419 -0.224778 0.240356 0.408493 0.880547 0.399989 0.31622 -0.384863 0.867113 0.400795 -0.930002 -0.306262 0.203222 -0.504304 0.187351 -0.87068 -0.45477 0.485867 
1534186693221 0.147586 0.881194 -0.449128 -0.600958 -0.959368 0.237957 0.151621 -0.224784 0.240481 0.408502 0.880509 0.399967 0.31622 -0.384863 0.867113 0.400795 -0.930002 -0.306262 0.203222 -0.504304 0.187351 -0.87068 -0.45477 0.485867 
1534186693313 0.147375 0.881226 -0.449134 -0.600824 -0.959369 0.237824 0.151824 -0.224791 0.240606 0.40851 0.88047 0.399944 0.31622 -0.384863 0.867113 0.400795 -0.930002 -0.306262 0.203222 -0.504304 0.187351 -0.87068 -0.45477 0.485867 
1534186693350 0.147165 0.881258 -0.449141 -0.600689 -0.95937 0.237691 0.152026 -0.224796 0.240731 0.408519 0.880432 0.399922 0.31622 -0.384863 0.867113 0.400795 -0.930002 -0.306262 0.203222 -0.504304 0.187351 -0.87068 -0.45477 0.485867 
1534186693379 0.146955 0.88129 -0.449147 -0.600555 -0.959371 0.237557 0.152229 -0.224803 0.240856 0.408528 0.880394 0.399899 0.31622 -0.384863 0.867113 0.400795 -0.930002 -0.306262 0.203222 -0.504304 0.187351 -0.87068 -0.45477 0.485867 
1534186693413 0.146744 0.881321 -0.449153 -0.600421 -0.959372 0.237424 0.152431 -0.224809 0.240981 0.408537 0.880356 0.399877 0.31622 -0.384863 0.867113 0.400795 -0.930002 -0.306262 0.203222 -0.504304 0.187351 -0.87068 -0.45477 0.485867 
1534186693469 0.147489 0.881288 -0.448975 -0.60069 -0.959324 0.237945 0.15192 -0.224862 0.240717 0.408306 0.880535 0.400029 0.31622 -0.384863 0.867113 0.400795 -0.930002 -0.306262 0.203222 -0.504304 0.187351 -0.87068 -0.45477 0.485867 
1534186693485 0.147309 0.881306 -0.448999 -0.600582 -0.95938 0.237741 0.151887 -0.224858 0.240605 0.408386 0.880528 0.400022 0.31622 -0.384863 0.867113 0.400795 -0.930002 -0.306262 0.203222 -0.504304 0.187351 -0.87068 -0.45477 0.485867 
1534186693499 0.14713 0.881323 -0.449024 -0.600472 -0.959435 0.237538 0.151854 -0.224852 0.240492 0.408467 0.880521 0.400015 0.31622 -0.384863 0.867113 0.400795 -0.930002 -0.306262 0.203222 -0.504304 0.187351 -0.87068 -0.45477 0.485867 
1534186693514 0.146952 0.88134 -0.44905 -0.600358 -0.959491 0.237336 0.151819 -0.224845 0.24038 0.408549 0.880514 0.400008 0.31622 -0.384863 0.867113 0.400795 -0.930002 -0.306262 0.203222 -0.504304 0.187351 -0.87068 -0.45477 0.485867 
1534186693532 0.146773 0.881357 -0.449075 -0.600248 -0.959546 0.237133 0.151785 -0.224839 0.240267 0.40863 0.880507 0.400002 0.31622 -0.384863 0.867113 0.400795 -0.930002 -0.306262 0.203222 -0.504304 0.187351 -0.87068 -0.45477 0.485867 
1534186693547 0.146594 0.881373 -0.4491 -0.600136 -0.959602 0.23693 0.151751 -0.224832 0.240154 0.408712 0.8805 0.399995 0.31622 -0.384863 0.867113 0.400795 -0.930002 -0.306262 0.203222 -0.504304 0.187351 -0.87068 -0.45477 0.485867 
1534186693634 0.146416 0.88139 -0.449126 -0.600023 -0.959657 0.236727 0.151717 -0.224825 0.240042 0.408793 0.880493 0.399989 0.31622 -0.384863 0.867113 0.400795 -0.930002 -0.306262 0.203222 -0.504304 0.187351 -0.87068 -0.45477 0.485867 
1534186693663 0.146237 0.881407 -0.449151 -0.599912 -0.959713 0.236524 0.151683 -0.224819 0.239929 0.408874 0.880486 0.399982 0.31622 -0.384863 0.867113 0.400795 -0.930002 -0.306262 0.203222 -0.504304 0.187351 -0.87068 -0.45477 0.485867 
1534186693691 0.146058 0.881424 -0.449176 -0.599801 -0.959768 0.236321 0.151649 -0.224813 0.239816 0.408955 0.880479 0.399976 0.31622 -0.384863 0.867113 0.400795 -0.930002 -0.306262 0.203222 -0.504304 0.187351 -0.87068 -0.45477 0.485867 
1534186693726 0.14588 0.88144 -0.449201 -0.599688 -0.959824 0.236118 0.151614 -0.224805 0.239704 0.409037 0.880472 0.399969 0.31622 -0.384863 0.867113 0.400795 -0.930002 -0.306262 0.203222 -0.504304 0.187351 -0.87068 -0.45477 0.485867 
1534186693789 0.146507 0.881403 -0.449071 -0.599953 -0.959646 0.236795 0.151684 -0.224853 0.240032 0.408726 0.880527 0.400019 0.31622 -0.384863 0.867113 0.400795 -0.930002 -0.306262 0.203222 -0.504304 0.187351 -0.87068 -0.45477 0.485867 
1534186693801 0.146381 0.881429 -0.449061 -0.599876 -0.95966 0.236689 0.151758 -0.22485 0.240052 0.408731 0.880519 0.400006 0.31622 -0.384863 0.867113 0.400795 -0.930002 -0.306262 0.203222 -0.504304 0.187351 -0.87068 -0.45477 0.485867 
1534186693817 0.146255 0.881455 -0.449051 -0.599794 -0.959674 0.236584 0.151833 -0.224845 0.240072 0.408737 0.880511 0.399993 0.31622 -0.384863 0.867113 0.400795 -0.930002 -0.306262 0.203222 -0.504304 0.187351 -0.87068 -0.45477 0.485867 
1534186693834 0.14613 0.88148 -0.449042 -0.599713 -0.959688 0.236479 0.151907 -0.22484 0.240092 0.408742 0.880503 0.399981 0.31622 -0.384863 0.867113 0.400795 -0.930002 -0.306262 0.203222 -0.504304 0.187351 -0.87068 -0.45477 0.485867 
1534186693851 0.146004 0.881506 -0.449032 -0.599633 -0.959702 0.236375 0.151982 -0.224835 0.240113 0.408747 0.880495 0.399968 0.31622 -0.384863 0.867113 0.400795 -0.930002 -0.306262 0.203222 -0.504304 0.187351 -0.87068 -0.45477 0.485867 
1534186693867 0.145879 0.881531 -0.449023 -0.599551 -0.959716 0.23627 0.152056 -0.22483 0.240133 0.408753 0.880487 0.399955 0.31622 -0.384863 0.867113 0.400795 -0.930002 -0.306262 0.203222 -0.504304 0.187351 -0.87068 -0.45477 0.485867 
1534186693886 0.145754 0.881557 -0.449014 -0.599468 -0.95973 0.236165 0.15213 -0.224824 0.240153 0.408759 0.880479 0.399943 0.31622 -0.384863 0.867113 0.400795 -0.930002 -0.306262 0.203222 -0.504304 0.187351 -0.87068 -0.45477 0.485867 
1534186693901 0.145628 0.881582 -0.449005 -0.599388 -0.959744 0.236061 0.152205 -0.224819 0.240173 0.408764 0.880471 0.39993 0.31622 -0.384863 0.867113 0.400795 -0.930002 -0.306262 0.203222 -0.504304 0.187351 -0.87068 -0.45477 0.485867 
1534186693917 0.145503 0.881608 -0.448995 -0.599307 -0.959758 0.235956 0.15228 -0.224815 0.240194 0.40877 0.880463 0.399918 0.31622 -0.384863 0.867113 0.400795 -0.930002 -0.306262 0.203222 -0.504304 0.187351 -0.87068 -0.45477 0.485867 
1534186693924 0.145378 0.881633 -0.448986 -0.599224 -0.959772 0.235851 0.152354 -0.224809 0.240214 0.408776 0.880454 0.399905 0.31622 -0.384863 0.867113 0.400795 -0.930002 -0.306262 0.203222 -0.504304 0.187351 -0.87068 -0.45477 0.485867 
1534186694024 0.14575 0.881542 -0.449045 -0.59956 -0.959699 0.236221 0.152239 -0.224726 0.240279 0.408759 0.880444 0.399947 0.31622 -0.384863 0.867113 0.400795 -0.930002 -0.306262 0.203222 -0.504304 0.187351 -0.87068 -0.45477 0.485867 
1534186694035 0.145715 0.881557 -0.449026 -0.599495 -0.959735 0.236135 0.15215 -0.224733 0.24016 0.408775 0.880469 0.399934 0.31622 -0.384863 0.867113 0.400795 -0.930002 -0.306262 0.203222 -0.504304 0.187351 -0.87068 -0.45477 0.485867 
1534186694042 0.145668 0.881576 -0.449004 -0.599419 -0.959771 0.23604 0.152068 -0.224732 0.240042 0.408789 0.880495 0.399922 0.31622 -0.384863 0.867113 0.400795 -0.930002 -0.306262 0.203222 -0.504304 0.187351 -0.87068 -0.45477 0.485867 
1534186694056 0.145622 0.881595 -0.448982 -0.599341 -0.959808 0.235944 0.151986 -0.224731 0.239924 0.408804 0.88052 0.399911 0.31622 -0.384863 0.867113 0.400795 -0.930002 -0.306262 0.203222 -0.504304 0.187351 -0.87068 -0.45477 0.485867 
1534186694072 0.145575 0.881614 -0.448959 -0.599266 -0.959844 0.235849 0.151904 -0.224731 0.239807 0.408817 0.880546 0.399898 0.31622 -0.384863 0.867113 0.400795 -0.930002 -0.306262 0.203222 -0.504304 0.187351 -0.87068 -0.45477 0.485867 
1534186694089 0.145528 0.881633 -0.448937 -0.599189 -0.959881 0.235753 0.151821 -0.224731 0.239689 0.408832 0.880571 0.399887 0.31622 -0.384863 0.867113 0.400795 -0.930002 -0.306262 0.203222 -0.504304 0.187351 -0.87068 -0.45477 0.485867 
1534186694106 0.145482 0.881652 -0.448915 -0.599113 -0.959917 0.235658 0.151739 -0.22473 0.239571 0.408846 0.880597 0.399875 0.31622 -0.384863 0.867113 0.400795 -0.930002 -0.306262 0.203222 -0.504304 0.187351 -0.87068 -0.45477 0.485867 
1534186694122 0.145435 0.881671 -0.448893 -0.599037 -0.959953 0.235562 0.151657 -0.22473 0.239454 0.40886 0.880622 0.399863 0.31622 -0.384863 0.867113 0.400795 -0.930002 -0.306262 0.203222 -0.504304 0.187351 -0.87068 -0.45477 0.485867 
1534186694140 0.145388 0.88169 -0.44887 -0.598961 -0.95999 0.235467 0.151575 -0.224729 0.239336 0.408874 0.880648 0.399851 0.31622 -0.384863 0.867113 0.400795 -0.930002 -0.306262 0.203222 -0.504304 0.187351 -0.87068 -0.45477 0.485867 
1534186694210 0.145342 0.881709 -0.448848 -0.598884 -0.960026 0.235371 0.151493 -0.224728 0.239218 0.408888 0.880673 0.39984 0.31622 -0.384863 0.867113 0.400795 -0.930002 -0.306262 0.203222 -0.504304 0.187351 -0.87068 -0.45477 0.485867 
1534186694237 0.145352 0.881668 -0.448926 -0.599218 -0.959905 0.235599 0.151909 -0.22464 0.2397 0.408846 0.880562 0.399852 0.31622 -0.384863 0.867113 0.400795 -0.930002 -0.306262 0.203222 -0.504304 0.187351 -0.87068 -0.45477 0.485867 
1534186694250 0.145261 0.881672 -0.448947 -0.599157 -0.959924 0.235511 0.151922 -0.224659 0.239677 0.408886 0.880549 0.399871 0.31622 -0.384863 0.867113 0.400795 -0.930002 -0.306262 0.203222 -0.504304 0.187351 -0.87068 -0.45477 0.485867 
1534186694267 0.14517 0.881676 -0.448968 -0.599092 -0.959943 0.235425 0.151934 -0.224676 0.239655 0.408928 0.880536 0.39989 0.31622 -0.384863 0.867113 0.400795 -0.930002 -0.306262 0.203222 -0.504304 0.187351 -0.87068 -0.45477 0.485867 
1534186694285 0.145079 0.88168 -0.44899 -0.599027 -0.959963 0.235338 0.151945 -0.224693 0.239632 0.40897 0.880523 0.39991 0.31622 -0.384863 0.867113 0.400795 -0.930002 -0.306262 0.203222 -0.504304 0.187351 -0.87068 -0.45477 0.485867 
1534186694290 0.144989 0.881684 -0.449012 -0.598963 -0.959982 0.235251 0.151957 -0.22471 0.239609 0.409011 0.88051 0.399929 0.31622 -0.384863 0.867113 0.400795 -0.930002 -0.306262 0.203222 -0.504304 0.187351 -0.87068 -0.45477 0.485867 
1534186694304 0.144898 0.881688 -0.449033 -0.598898 -0.960002 0.235165 0.151968 -0.224726 0.239585 0.409053 0.880497 0.399949 0.31622 -0.384863 0.867113 0.400795 -0.930002 -0.306262 0.203222 -0.504304 0.187351 -0.87068 -0.45477 0.485867 
1534186694320 0.144808 0.881692 -0.449055 -0.598832 -0.960021 0.235078 0.15198 -0.224743 0.239562 0.409095 0.880484 0.399969 0.31622 -0.384863 0.867113 0.400795 -0.930002 -0.306262 0.203222 -0.504304 0.187351 -0.87068 -0.45477 0.485867 
1534186694337 0.144718 0.881695 -0.449077 -0.598767 -0.96004 0.234991 0.151992 -0.22476 0.239539 0.409136 0.880471 0.399988 0.31622 -0.384863 0.867113 0.400795 -0.930002 -0.306262 0.203222 -0.504304 0.187351 -0.87068 -0.45477 0.485867 
1534186694354 0.144627 0.881699 -0.449098 -0.598703 -0.96006 0.234904 0.152003 -0.224777 0.239516 0.409178 0.880458 0.400007 0.31622 -0.384863 0.867113 0.400795 -0.930002 -0.306262 0.203222 -0.504304 0.187351 -0.87068 -0.45477 0.485867 
1534186694370 0.144537 0.881703 -0.44912 -0.598637 -0.960079 0.234818 0.152015 -0.224793 0.239493 0.409219 0.880444 0.400027 0.31622 -0.384863 0.867113 0.400795 -0.930002 -0.306262 0.203222 -0.504304 0.187351 -0.87068 -0.45477 0.485867 
1534186694463 0.144979 0.881677 -0.449029 -0.598941 -0.960042 0.235146 0.151742 -0.224755 0.239375 0.409087 0.880538 0.39991 0.31622 -0.384863 0.867113 0.400795 -0.930002 -0.306262 0.203222 -0.504304 0.187351 -0.87068 -0.45477 0.485867 
1534186694475 0.144849 0.881751 -0.448925 -0.598828 -0.960042 0.235045 0.151897 -0.224799 0.239452 0.408985 0.880565 0.399882 0.31622 -0.384863 0.867113 0.400795 -0.930002 -0.306262 0.203222 -0.504304 0.187351 -0.87068 -0.45477 0.485867 
1534186694492 0.144719 0.881826 -0.448821 -0.598715 -0.960043 0.234944 0.152051 -0.224843 0.23953 0.408882 0.880591 0.399854 0.31622 -0.384863 0.867113 0.400795 -0.930002 -0.306262 0.203222 -0.504304 0.187351 -0.87068 -0.45477 0.485867 
1534186694508 0.144588 0.8819 -0.448717 -0.5986 -0.960043 0.234843 0.152206 -0.224889 0.239608 0.40878 0.880617 0.399824 0.31622 -0.384863 0.867113 0.400795 -0.930002 -0.306262 0.203222 -0.504304 0.187351 -0.87068 -0.45477 0.485867 
1534186694525 0.144458 0.881974 -0.448612 -0.598487 -0.960043 0.234742 0.15236 -0.224934 0.239686 0.408678 0.880644 0.399796 0.31622 -0.384863 0.867113 0.400795 -0.930002 -0.306262 0.203222 -0.504304 0.187351 -0.87068 -0.45477 0.485867 
1534186694542 0.144327 0.882049 -0.448508 -0.598372 -0.960043 0.234641 0.152516 -0.22498 0.239765 0.408575 0.88067 0.399766 0.31622 -0.384863 0.867113 0.400795 -0.930002 -0.306262 0.203222 -0.504304 0.187351 -0.87068 -0.45477 0.485867 
1534186694593 0.144197 0.882123 -0.448404 -0.598258 -0.960043 0.23454 0.15267 -0.225025 0.239843 0.408472 0.880696 0.399737 0.31622 -0.384863 0.867113 0.400795 -0.930002 -0.306262 0.203222 -0.504304 0.187351 -0.87068 -0.45477 0.485867 
1534186694625 0.144067 0.882197 -0.4483 -0.598144 -0.960043 0.234439 0.152825 -0.22507 0.239921 0.40837 0.880722 0.399708 0.31622 -0.384863 0.867113 0.400795 -0.930002 -0.306262 0.203222 -0.504304 0.187351 -0.87068 -0.45477 0.485867 
1534186694667 0.143936 0.882272 -0.448195 -0.59803 -0.960043 0.234338 0.152979 -0.225115 0.239999 0.408268 0.880749 0.39968 0.31622 -0.384863 0.867113 0.400795 -0.930002 -0.306262 0.203222 -0.504304 0.187351 -0.87068 -0.45477 0.485867 
1534186694688 0.143806 0.882346 -0.448091 -0.597914 -0.960043 0.234237 0.153135 -0.225162 0.240077 0.408165 0.880775 0.399649 0.31622 -0.384863 0.867113 0.400795 -0.930002 -0.306262 0.203222 -0.504304 0.187351 -0.87068 -0.45477 0.485867 
1534186694723 0.144253 0.882164 -0.448305 -0.598263 -0.960025 0.234589 0.152707 -0.225039 0.23988 0.408356 0.88074 0.399815 0.31622 -0.384863 0.867113 0.400795 -0.930002 -0.306262 0.203222 -0.504304 0.187351 -0.87068 -0.45477 0.485867 
1534186694735 0.143936 0.882159 -0.448417 -0.598081 -0.960081 0.234312 0.152782 -0.225096 0.239847 0.408526 0.88067 0.39981 0.31622 -0.384863 0.867113 0.400795 -0.930002 -0.306262 0.203222 -0.504304 0.187351 -0.87068 -0.45477 0.485867 
1534186694753 0.14362 0.882152 -0.448531 -0.597893 -0.960137 0.234036 0.152855 -0.225151 0.239814 0.408698 0.880599 0.399805 0.31622 -0.384863 0.867113 0.400795 -0.930002 -0.306262 0.203222 -0.504304 0.187351 -0.87068 -0.45477 0.485867 
1534186694769 0.143305 0.882146 -0.448645 -0.597706 -0.960192 0.23376 0.152929 -0.225205 0.239781 0.40887 0.880528 0.399801 0.31622 -0.384863 0.867113 0.400795 -0.930002 -0.306262 0.203222 -0.504304 0.187351 -0.87068 -0.45477 0.485867 
1534186694820 0.142989 0.882139 -0.448759 -0.597519 -0.960247 0.233485 0.153003 -0.22526 0.239748 0.409042 0.880458 0.399796 0.31622 -0.384863 0.867113 0.400795 -0.930002 -0.306262 0.203222 -0.504304 0.187351 -0.87068 -0.45477 0.485867 
1534186694899 0.142673 0.882132 -0.448873 -0.597331 -0.960303 0.233209 0.153076 -0.225314 0.239715 0.409214 0.880387 0.399792 0.31622 -0.384863 0.867113 0.400795 -0.930002 -0.306262 0.203222 -0.504304 0.187351 -0.87068 -0.45477 0.485867 
1534186694934 0.142358 0.882126 -0.448986 -0.597144 -0.960358 0.232933 0.15315 -0.225369 0.239681 0.409385 0.880316 0.399787 0.31622 -0.384863 0.867113 0.400795 -0.930002 -0.306262 0.203222 -0.504304 0.187351 -0.87068 -0.45477 0.485867 
1534186694941 0.142042 0.882119 -0.4491 -0.596958 -0.960413 0.232658 0.153224 -0.225423 0.239648 0.409557 0.880245 0.399783 0.31622 -0.384863 0.867113 0.400795 -0.930002 -0.306262 0.203222 -0.504304 0.187351 -0.87068 -0.45477 0.485867 
