1532360120291 0.217354 0.737332 -0.639608 -0.51184 -0.952323 0.303919 0.0267323 -0.240425 0.2141 0.603302 0.768237 0.447004 0.16008 -0.304787 0.938871 0.370831 -0.775623 0.549475 0.310623 -0.528794 -0.61056 -0.777934 -0.14844 0.432481 
1532360120303 0.215218 0.738044 -0.639509 -0.521426 -0.952848 0.30215 0.0280378 -0.239154 0.213921 0.603321 0.768272 0.446994 0.316305 -0.38429 0.867336 0.400738 -0.930106 -0.305553 0.203815 -0.506322 0.186693 -0.871182 -0.454078 0.485854 
1532360120924 0.21308 0.738752 -0.639407 -0.531008 -0.953368 0.300379 0.0293425 -0.237878 0.213741 0.603338 0.768308 0.446987 0.316242 -0.384853 0.86711 0.400828 -0.929997 -0.306262 0.203248 -0.504438 0.187342 -0.870685 -0.454765 0.485876 
1532360121549 0.210942 0.739457 -0.639302 -0.540589 -0.953884 0.298607 0.0306468 -0.236602 0.213562 0.603355 0.768345 0.44698 0.316223 -0.384857 0.867115 0.40079 -0.930001 -0.306263 0.203227 -0.50432 0.187352 -0.870683 -0.454765 0.485866 
1532360122179 0.208803 0.740157 -0.639194 -0.55017 -0.954395 0.296833 0.0319509 -0.235326 0.213383 0.603372 0.768381 0.446973 0.316222 -0.384859 0.867114 0.40079 -0.930002 -0.306263 0.203224 -0.504311 0.187352 -0.870682 -0.454766 0.485866 
1532360122812 0.206662 0.740853 -0.639084 -0.559752 -0.954901 0.295057 0.0332547 -0.23405 0.213203 0.603389 0.768418 0.446966 0.316221 -0.384861 0.867114 0.400793 -0.930002 -0.306262 0.203224 -0.504309 0.187352 -0.870681 -0.454768 0.485867 
1532360123444 0.20452 0.741545 -0.63897 -0.569333 -0.955402 0.29328 0.0345583 -0.232774 0.213024 0.603405 0.768455 0.446959 0.316221 -0.384862 0.867113 0.400795 -0.930002 -0.306262 0.203223 -0.504309 0.187351 -0.870681 -0.454769 0.485868 
1532360124075 0.202377 0.742233 -0.638853 -0.578912 -0.955898 0.291501 0.0358614 -0.231498 0.212844 0.603421 0.768492 0.446953 0.316221 -0.384862 0.867113 0.400796 -0.930002 -0.306262 0.203223 -0.50431 0.187351 -0.870681 -0.454769 0.485869 
1532360124725 0.200233 0.742915 -0.638736 -0.58846 -0.956389 0.289721 0.037163 -0.230212 0.212664 0.603439 0.768528 0.446955 0.316222 -0.384863 0.867112 0.400801 -0.930002 -0.306262 0.203224 -0.504317 0.18735 -0.87068 -0.45477 0.485871 
1532360125367 0.198091 0.743575 -0.638636 -0.597483 -0.956876 0.28794 0.0384517 -0.228815 0.212481 0.603479 0.768548 0.447045 0.316238 -0.384878 0.8671 0.400844 -0.930001 -0.306253 0.203243 -0.504402 0.187328 -0.870677 -0.454786 0.48592 
1532360126025 0.197954 0.743652 -0.638588 -0.597498 -0.956901 0.287841 0.0385702 -0.228758 0.212494 0.603431 0.768581 0.447039 0.316238 -0.384878 0.8671 0.400844 -0.930001 -0.306253 0.203243 -0.504402 0.187328 -0.870677 -0.454786 0.48592 
1532360126036 0.197753 0.743714 -0.638579 -0.598513 -0.956947 0.287672 0.0386904 -0.228649 0.212476 0.603435 0.768583 0.447028 0.316221 -0.384863 0.867113 0.400799 -0.930002 -0.306262 0.203223 -0.504312 0.187351 -0.87068 -0.45477 0.485869 
1532360126297 0.197552 0.743776 -0.638569 -0.599529 -0.956993 0.287504 0.0388101 -0.228539 0.212457 0.603438 0.768586 0.447018 0.31622 -0.384863 0.867113 0.400795 -0.930002 -0.306262 0.203222 -0.504305 0.187351 -0.87068 -0.454769 0.485867 
1532360126303 0.197351 0.743838 -0.638558 -0.600544 -0.957038 0.287336 0.0389299 -0.22843 0.212438 0.603442 0.768588 0.447007 0.31622 -0.384863 0.867113 0.400795 -0.930002 -0.306262 0.203222 -0.504304 0.187352 -0.87068 -0.454769 0.485867 
1532360126647 0.19715 0.7439 -0.638548 -0.60156 -0.957084 0.287168 0.0390496 -0.228321 0.21242 0.603446 0.76859 0.446997 0.31622 -0.384863 0.867113 0.400795 -0.930002 -0.306262 0.203222 -0.504304 0.187352 -0.87068 -0.454769 0.485867 
1532360126955 0.196949 0.743962 -0.638538 -0.602575 -0.95713 0.287 0.0391693 -0.228212 0.212401 0.603449 0.768593 0.446986 0.31622 -0.384863 0.867113 0.400795 -0.930002 -0.306262 0.203222 -0.504304 0.187352 -0.87068 -0.454769 0.485867 
1532360127270 0.196747 0.744024 -0.638528 -0.60359 -0.957175 0.286831 0.0392899 -0.228102 0.212383 0.603453 0.768595 0.446975 0.31622 -0.384863 0.867113 0.400795 -0.930002 -0.306262 0.203222 -0.504304 0.187352 -0.87068 -0.454769 0.485867 
1532360127534 0.196546 0.744086 -0.638518 -0.604606 -0.957221 0.286663 0.0394096 -0.227993 0.212364 0.603457 0.768597 0.446965 0.31622 -0.384863 0.867113 0.400795 -0.930002 -0.306262 0.203222 -0.504304 0.187352 -0.87068 -0.454769 0.485867 
1532360127780 0.196345 0.744147 -0.638509 -0.605617 -0.957266 0.286495 0.039529 -0.227883 0.212345 0.603462 0.768598 0.446955 0.31622 -0.384863 0.867113 0.400795 -0.930002 -0.306262 0.203222 -0.504304 0.187352 -0.87068 -0.454769 0.485867 
1532360128056 0.196144 0.744207 -0.638501 -0.606576 -0.957311 0.286327 0.039648 -0.227761 0.212326 0.603467 0.768599 0.446955 0.31622 -0.384863 0.867113 0.400795 -0.930002 -0.306262 0.203222 -0.504304 0.187352 -0.87068 -0.454769 0.485867 
1532360128308 0.19625 0.744222 -0.638451 -0.606549 -0.957272 0.286456 0.0396619 -0.22778 0.212406 0.603387 0.76864 0.446987 0.31622 -0.384863 0.867113 0.400795 -0.930002 -0.306262 0.203222 -0.504304 0.187352 -0.87068 -0.454769 0.485867 
1532360128321 0.196512 0.743094 -0.639683 -0.606571 -0.957341 0.286376 0.0385741 -0.227777 0.211854 0.604814 0.76767 0.447185 0.31622 -0.384863 0.867113 0.400795 -0.930002 -0.306262 0.203222 -0.504304 0.187352 -0.87068 -0.454769 0.485867 
1532360128566 0.196775 0.741964 -0.640913 -0.606592 -0.957408 0.286294 0.0374858 -0.227775 0.211302 0.606239 0.766698 0.447383 0.31622 -0.384863 0.867113 0.400795 -0.930002 -0.306262 0.203222 -0.504304 0.187352 -0.87068 -0.454769 0.485867 
1532360128796 0.19704 0.740831 -0.64214 -0.606614 -0.957476 0.286209 0.0363975 -0.227772 0.210751 0.607662 0.765723 0.447581 0.31622 -0.384863 0.867113 0.400795 -0.930002 -0.306262 0.203222 -0.504304 0.187352 -0.87068 -0.454769 0.485867 
1532360129034 0.197305 0.739697 -0.643366 -0.606635 -0.957542 0.286123 0.0353094 -0.227769 0.2102 0.609083 0.764744 0.447779 0.31622 -0.384863 0.867113 0.400795 -0.930002 -0.306262 0.203222 -0.504304 0.187352 -0.87068 -0.454769 0.485867 
1532360129277 0.197571 0.73856 -0.644589 -0.606657 -0.957608 0.286035 0.0342213 -0.227767 0.209649 0.610502 0.763763 0.447977 0.31622 -0.384863 0.867113 0.400795 -0.930002 -0.306262 0.203222 -0.504304 0.187352 -0.87068 -0.454769 0.485867 
1532360129523 0.197838 0.737421 -0.64581 -0.606679 -0.957673 0.285945 0.0331334 -0.227764 0.209099 0.61192 0.762779 0.448176 0.31622 -0.384863 0.867113 0.400795 -0.930002 -0.306262 0.203222 -0.504304 0.187352 -0.87068 -0.454769 0.485867 
1532360129764 0.198106 0.73628 -0.647029 -0.6067 -0.957738 0.285853 0.0320457 -0.227761 0.208549 0.613335 0.761792 0.448374 0.31622 -0.384863 0.867113 0.400795 -0.930002 -0.306262 0.203222 -0.504304 0.187352 -0.87068 -0.454769 0.485867 
1532360130019 0.198374 0.735137 -0.648245 -0.606723 -0.957801 0.285759 0.0309582 -0.227759 0.208 0.614749 0.760802 0.448571 0.31622 -0.384863 0.867113 0.400795 -0.930002 -0.306262 0.203222 -0.504304 0.187352 -0.87068 -0.454769 0.485867 
1532360130242 0.198642 0.733995 -0.649456 -0.606751 -0.957865 0.285662 0.0298747 -0.227762 0.207453 0.616156 0.759812 0.448753 0.31622 -0.384863 0.867113 0.400795 -0.930002 -0.306262 0.203222 -0.504304 0.187352 -0.87068 -0.454769 0.485867 
1532360130470 0.19864 0.734052 -0.649392 -0.606773 -0.957873 0.285635 0.0298723 -0.227737 0.207417 0.616101 0.759867 0.44873 0.31622 -0.384863 0.867113 0.400795 -0.930002 -0.306262 0.203222 -0.504304 0.187352 -0.87068 -0.454769 0.485867 
1532360130484 0.198808 0.733714 -0.649723 -0.606819 -0.957978 0.28536 0.0291183 -0.227757 0.206769 0.616631 0.759614 0.448835 0.31622 -0.384863 0.867113 0.400795 -0.930002 -0.306262 0.203222 -0.504304 0.187352 -0.87068 -0.454769 0.485867 
1532360130709 0.198977 0.733374 -0.650055 -0.606864 -0.958083 0.285085 0.0283633 -0.227778 0.206122 0.617163 0.759358 0.44894 0.31622 -0.384863 0.867113 0.400795 -0.930002 -0.306262 0.203222 -0.504304 0.187352 -0.87068 -0.454769 0.485867 
1532360130923 0.199146 0.733034 -0.650386 -0.60691 -0.958187 0.284809 0.0276087 -0.227798 0.205474 0.617693 0.759102 0.449046 0.31622 -0.384863 0.867113 0.400795 -0.930002 -0.306262 0.203222 -0.504304 0.187352 -0.87068 -0.454769 0.485867 
1532360131104 0.199315 0.732694 -0.650718 -0.606956 -0.95829 0.284533 0.0268542 -0.227819 0.204827 0.618224 0.758845 0.449151 0.31622 -0.384863 0.867113 0.400795 -0.930002 -0.306262 0.203222 -0.504304 0.187352 -0.87068 -0.454769 0.485867 
1532360131355 0.199484 0.732354 -0.651048 -0.607002 -0.958393 0.284257 0.0260998 -0.227839 0.204179 0.618754 0.758587 0.449256 0.31622 -0.384863 0.867113 0.400795 -0.930002 -0.306262 0.203222 -0.504304 0.187352 -0.87068 -0.454769 0.485867 
1532360131552 0.199654 0.732013 -0.651379 -0.607048 -0.958495 0.28398 0.0253455 -0.227859 0.203532 0.619283 0.758329 0.449361 0.31622 -0.384863 0.867113 0.400795 -0.930002 -0.306262 0.203222 -0.504304 0.187352 -0.87068 -0.454769 0.485867 
1532360131729 0.199824 0.731673 -0.651709 -0.607094 -0.958597 0.283703 0.0245914 -0.22788 0.202884 0.619813 0.75807 0.449466 0.31622 -0.384863 0.867113 0.400795 -0.930002 -0.306262 0.203222 -0.504304 0.187352 -0.87068 -0.454769 0.485867 
1532360131921 0.199995 0.731332 -0.652039 -0.60714 -0.958698 0.283425 0.0238375 -0.2279 0.202237 0.620341 0.75781 0.449571 0.31622 -0.384863 0.867113 0.400795 -0.930002 -0.306262 0.203222 -0.504304 0.187352 -0.87068 -0.454769 0.485867 
1532360132121 0.200164 0.730993 -0.652368 -0.607186 -0.958799 0.283146 0.023086 -0.227923 0.201591 0.620868 0.757551 0.44967 0.31622 -0.384863 0.867113 0.400795 -0.930002 -0.306262 0.203222 -0.504304 0.187352 -0.87068 -0.454769 0.485867 
1532360132296 0.200133 0.73097 -0.652403 -0.607171 -0.958783 0.283192 0.0231779 -0.227901 0.201698 0.620874 0.757518 0.449617 0.31622 -0.384863 0.867113 0.400795 -0.930002 -0.306262 0.203222 -0.504304 0.187352 -0.87068 -0.454769 0.485867 
1532360132309 0.200247 0.730907 -0.652439 -0.607228 -0.958767 0.283255 0.0230562 -0.227908 0.201659 0.62092 0.75749 0.449637 0.31622 -0.384863 0.867113 0.400795 -0.930002 -0.306262 0.203222 -0.504304 0.187352 -0.87068 -0.454769 0.485867 
1532360132583 0.200362 0.730843 -0.652475 -0.607285 -0.958751 0.283319 0.0229351 -0.227915 0.201621 0.620966 0.757463 0.449656 0.31622 -0.384863 0.867113 0.400795 -0.930002 -0.306262 0.203222 -0.504304 0.187352 -0.87068 -0.454769 0.485867 
1532360132735 0.200477 0.730779 -0.652511 -0.607343 -0.958735 0.283383 0.022814 -0.227922 0.201583 0.621012 0.757435 0.449676 0.31622 -0.384863 0.867113 0.400795 -0.930002 -0.306262 0.203222 -0.504304 0.187352 -0.87068 -0.454769 0.485867 
1532360132872 0.200591 0.730715 -0.652548 -0.6074 -0.958719 0.283447 0.0226928 -0.22793 0.201545 0.621058 0.757408 0.449695 0.31622 -0.384863 0.867113 0.400795 -0.930002 -0.306262 0.203222 -0.504304 0.187352 -0.87068 -0.454769 0.485867 
1532360133016 0.200706 0.730651 -0.652584 -0.607458 -0.958703 0.283511 0.0225717 -0.227937 0.201507 0.621104 0.75738 0.449715 0.31622 -0.384863 0.867113 0.400795 -0.930002 -0.306262 0.203222 -0.504304 0.187352 -0.87068 -0.454769 0.485867 
1532360133146 0.200821 0.730587 -0.65262 -0.607515 -0.958687 0.283575 0.0224505 -0.227944 0.201469 0.62115 0.757353 0.449735 0.31622 -0.384863 0.867113 0.400795 -0.930002 -0.306262 0.203222 -0.504304 0.187352 -0.87068 -0.454769 0.485867 
1532360133245 0.200936 0.730524 -0.652656 -0.607573 -0.958671 0.283639 0.0223294 -0.227951 0.201431 0.621196 0.757325 0.449754 0.31622 -0.384863 0.867113 0.400795 -0.930002 -0.306262 0.203222 -0.504304 0.187352 -0.87068 -0.454769 0.485867 
1532360133367 0.20105 0.73046 -0.652692 -0.60763 -0.958655 0.283702 0.0222082 -0.227959 0.201393 0.621242 0.757297 0.449774 0.31622 -0.384863 0.867113 0.400795 -0.930002 -0.306262 0.203222 -0.504304 0.187352 -0.87068 -0.454769 0.485867 
1532360133495 0.201165 0.730395 -0.652729 -0.607684 -0.958639 0.283766 0.0220873 -0.227966 0.201355 0.621288 0.757269 0.449793 0.31622 -0.384863 0.867113 0.400795 -0.930002 -0.306262 0.203222 -0.504304 0.187352 -0.87068 -0.454769 0.485867 
1532360133631 0.201109 0.730375 -0.652769 -0.607646 -0.958644 0.283747 0.0221358 -0.22799 0.201389 0.621321 0.757234 0.449786 0.31622 -0.384863 0.867113 0.400795 -0.930002 -0.306262 0.203222 -0.504304 0.187352 -0.87068 -0.454769 0.485867 
1532360133645 0.201141 0.730315 -0.652826 -0.607711 -0.958663 0.283692 0.0219929 -0.227982 0.201263 0.621416 0.757189 0.449799 0.31622 -0.384863 0.867113 0.400795 -0.930002 -0.306262 0.203222 -0.504304 0.187352 -0.87068 -0.454769 0.485867 
1532360133719 0.201175 0.730255 -0.652883 -0.607776 -0.958683 0.283637 0.0218489 -0.227975 0.201137 0.621512 0.757144 0.449813 0.31622 -0.384863 0.867113 0.400795 -0.930002 -0.306262 0.203222 -0.504304 0.187352 -0.87068 -0.454769 0.485867 
1532360133847 0.201208 0.730195 -0.65294 -0.607841 -0.958702 0.283583 0.0217049 -0.227967 0.201011 0.621608 0.757099 0.449827 0.31622 -0.384863 0.867113 0.400795 -0.930002 -0.306262 0.203222 -0.504304 0.187352 -0.87068 -0.454769 0.485867 
1532360133983 0.201242 0.730135 -0.652997 -0.607906 -0.958721 0.283529 0.021561 -0.22796 0.200886 0.621703 0.757053 0.44984 0.31622 -0.384863 0.867113 0.400795 -0.930002 -0.306262 0.203222 -0.504304 0.187352 -0.87068 -0.454769 0.485867 
1532360134119 0.201275 0.730074 -0.653054 -0.607971 -0.958741 0.283474 0.021417 -0.227952 0.20076 0.621799 0.757008 0.449853 0.31622 -0.384863 0.867113 0.400795 -0.930002 -0.306262 0.203222 -0.504304 0.187352 -0.87068 -0.454769 0.485867 
1532360134291 0.201309 0.730014 -0.653111 -0.608036 -0.95876 0.28342 0.021273 -0.227944 0.200634 0.621895 0.756963 0.449867 0.31622 -0.384863 0.867113 0.400795 -0.930002 -0.306262 0.203222 -0.504304 0.187352 -0.87068 -0.454769 0.485867 
1532360134298 0.201342 0.729954 -0.653169 -0.608101 -0.958779 0.283365 0.021129 -0.227937 0.200508 0.62199 0.756918 0.44988 0.31622 -0.384863 0.867113 0.400795 -0.930002 -0.306262 0.203222 -0.504304 0.187352 -0.87068 -0.454769 0.485867 
1532360134455 0.201376 0.729893 -0.653226 -0.608166 -0.958799 0.283311 0.020985 -0.227929 0.200383 0.622086 0.756872 0.449894 0.31622 -0.384863 0.867113 0.400795 -0.930002 -0.306262 0.203222 -0.504304 0.187352 -0.87068 -0.454769 0.485867 
1532360134592 0.201408 0.729833 -0.653283 -0.608228 -0.958818 0.283256 0.0208419 -0.227921 0.200258 0.622182 0.756827 0.449907 0.31622 -0.384863 0.867113 0.400795 -0.930002 -0.306262 0.203222 -0.504304 0.187352 -0.87068 -0.454769 0.485867 
1532360134699 0.201392 0.729878 -0.653237 -0.608225 -0.958798 0.283313 0.0209568 -0.227875 0.200367 0.622102 0.756863 0.449931 0.31622 -0.384863 0.867113 0.400795 -0.930002 -0.306262 0.203222 -0.504304 0.187352 -0.87068 -0.454769 0.485867 
1532360134712 0.201408 0.729902 -0.653206 -0.608297 -0.958784 0.283358 0.0209977 -0.227878 0.200417 0.622055 0.756889 0.449918 0.31622 -0.384863 0.867113 0.400795 -0.930002 -0.306262 0.203222 -0.504304 0.187352 -0.87068 -0.454769 0.485867 
1532360134805 0.201425 0.729925 -0.653175 -0.60837 -0.95877 0.283402 0.0210381 -0.22788 0.200468 0.622007 0.756914 0.449905 0.31622 -0.384863 0.867113 0.400795 -0.930002 -0.306262 0.203222 -0.504304 0.187352 -0.87068 -0.454769 0.485867 
1532360134955 0.201442 0.729947 -0.653145 -0.608442 -0.958756 0.283447 0.0210786 -0.227883 0.200518 0.62196 0.75694 0.449892 0.31622 -0.384863 0.867113 0.400795 -0.930002 -0.306262 0.203222 -0.504304 0.187352 -0.87068 -0.454769 0.485867 
1532360135213 0.201459 0.72997 -0.653114 -0.608514 -0.958742 0.283492 0.021119 -0.227886 0.200569 0.621913 0.756965 0.449879 0.31622 -0.384863 0.867113 0.400795 -0.930002 -0.306262 0.203222 -0.504304 0.187352 -0.87068 -0.454769 0.485867 
1532360135392 0.201476 0.729993 -0.653083 -0.608586 -0.958728 0.283537 0.0211595 -0.227888 0.200619 0.621866 0.756991 0.449866 0.31622 -0.384863 0.867113 0.400795 -0.930002 -0.306262 0.203222 -0.504304 0.187352 -0.87068 -0.454769 0.485867 
1532360135602 0.201493 0.730016 -0.653052 -0.608659 -0.958714 0.283582 0.0211999 -0.227891 0.20067 0.621819 0.757016 0.449853 0.31622 -0.384863 0.867113 0.400795 -0.930002 -0.306262 0.203222 -0.504304 0.187352 -0.87068 -0.454769 0.485867 
1532360135755 0.20151 0.730039 -0.653022 -0.608731 -0.9587 0.283626 0.0212404 -0.227894 0.20072 0.621771 0.757041 0.44984 0.31622 -0.384863 0.867113 0.400795 -0.930002 -0.306262 0.203222 -0.504304 0.187352 -0.87068 -0.454769 0.485867 
1532360135867 0.201527 0.730061 -0.652991 -0.608803 -0.958685 0.283671 0.0212808 -0.227896 0.200771 0.621724 0.757067 0.449827 0.31622 -0.384863 0.867113 0.400795 -0.930002 -0.306262 0.203222 -0.504304 0.187352 -0.87068 -0.454769 0.485867 
1532360136019 0.201544 0.730084 -0.65296 -0.608871 -0.958671 0.283716 0.0213214 -0.227898 0.200822 0.621677 0.757092 0.449815 0.31622 -0.384863 0.867113 0.400795 -0.930002 -0.306262 0.203222 -0.504304 0.187352 -0.87068 -0.454769 0.485867 
1532360136153 0.201577 0.730027 -0.653014 -0.608843 -0.958694 0.283651 0.0211668 -0.227941 0.200681 0.621774 0.75705 0.449783 0.31622 -0.384863 0.867113 0.400795 -0.930002 -0.306262 0.203222 -0.504304 0.187352 -0.87068 -0.454769 0.485867 
1532360136166 0.201512 0.730071 -0.652985 -0.608915 -0.958694 0.283643 0.0212735 -0.227949 0.200746 0.621726 0.757072 0.449769 0.31622 -0.384863 0.867113 0.400795 -0.930002 -0.306262 0.203222 -0.504304 0.187352 -0.87068 -0.454769 0.485867 
1532360136371 0.201446 0.730115 -0.652956 -0.608988 -0.958694 0.283634 0.0213802 -0.227957 0.200811 0.621678 0.757094 0.449755 0.31622 -0.384863 0.867113 0.400795 -0.930002 -0.306262 0.203222 -0.504304 0.187352 -0.87068 -0.454769 0.485867 
1532360136502 0.201381 0.73016 -0.652926 -0.609061 -0.958694 0.283626 0.0214868 -0.227965 0.200875 0.62163 0.757117 0.449741 0.31622 -0.384863 0.867113 0.400795 -0.930002 -0.306262 0.203222 -0.504304 0.187352 -0.87068 -0.454769 0.485867 
1532360136672 0.201315 0.730204 -0.652896 -0.609134 -0.958695 0.283617 0.0215935 -0.227973 0.20094 0.621581 0.757139 0.449727 0.31622 -0.384863 0.867113 0.400795 -0.930002 -0.306262 0.203222 -0.504304 0.187352 -0.87068 -0.454769 0.485867 
1532360136868 0.20125 0.730249 -0.652867 -0.609206 -0.958695 0.283608 0.0217001 -0.227981 0.201005 0.621533 0.757162 0.449714 0.31622 -0.384863 0.867113 0.400795 -0.930002 -0.306262 0.203222 -0.504304 0.187352 -0.87068 -0.454769 0.485867 
1532360136997 0.201184 0.730293 -0.652837 -0.609279 -0.958695 0.283599 0.0218068 -0.22799 0.201069 0.621484 0.757184 0.4497 0.31622 -0.384863 0.867113 0.400795 -0.930002 -0.306262 0.203222 -0.504304 0.187352 -0.87068 -0.454769 0.485867 
1532360137154 0.201118 0.730338 -0.652807 -0.609352 -0.958695 0.28359 0.0219144 -0.227998 0.201134 0.621436 0.757207 0.449686 0.31622 -0.384863 0.867113 0.400795 -0.930002 -0.306262 0.203222 -0.504304 0.187352 -0.87068 -0.454769 0.485867 
1532360137317 0.201052 0.730383 -0.652778 -0.609424 -0.958695 0.283581 0.022021 -0.228006 0.201199 0.621388 0.757229 0.449672 0.31622 -0.384863 0.867113 0.400795 -0.930002 -0.306262 0.203222 -0.504304 0.187352 -0.87068 -0.454769 0.485867 
1532360137442 0.200987 0.730427 -0.652749 -0.609492 -0.958696 0.283572 0.0221267 -0.228012 0.201263 0.62134 0.757251 0.44966 0.31622 -0.384863 0.867113 0.400795 -0.930002 -0.306262 0.203222 -0.504304 0.187352 -0.87068 -0.454769 0.485867 
1532360137582 0.200941 0.730372 -0.652825 -0.609495 -0.9587 0.283555 0.0221478 -0.227956 0.201288 0.621413 0.757185 0.44964 0.31622 -0.384863 0.867113 0.400795 -0.930002 -0.306262 0.203222 -0.504304 0.187352 -0.87068 -0.454769 0.485867 
1532360137595 0.200975 0.730442 -0.652735 -0.609575 -0.958684 0.283606 0.0221933 -0.227957 0.201331 0.621307 0.757261 0.449623 0.31622 -0.384863 0.867113 0.400795 -0.930002 -0.306262 0.203222 -0.504304 0.187352 -0.87068 -0.454769 0.485867 
1532360137785 0.20101 0.730512 -0.652646 -0.609656 -0.958668 0.283658 0.022238 -0.227959 0.201374 0.621201 0.757336 0.449606 0.31622 -0.384863 0.867113 0.400795 -0.930002 -0.306262 0.203222 -0.504304 0.187352 -0.87068 -0.454769 0.485867 
1532360137978 0.201045 0.730582 -0.652557 -0.609737 -0.958651 0.28371 0.0222828 -0.22796 0.201416 0.621095 0.757412 0.449589 0.31622 -0.384863 0.867113 0.400795 -0.930002 -0.306262 0.203222 -0.504304 0.187352 -0.87068 -0.454769 0.485867 
1532360138138 0.201081 0.730652 -0.652468 -0.609817 -0.958635 0.283761 0.0223276 -0.227962 0.201459 0.620989 0.757487 0.449572 0.31622 -0.384863 0.867113 0.400795 -0.930002 -0.306262 0.203222 -0.504304 0.187352 -0.87068 -0.454769 0.485867 
1532360138281 0.201116 0.730722 -0.652379 -0.609898 -0.958619 0.283813 0.0223724 -0.227963 0.201502 0.620883 0.757563 0.449555 0.31622 -0.384863 0.867113 0.400795 -0.930002 -0.306262 0.203222 -0.504304 0.187352 -0.87068 -0.454769 0.485867 
1532360138438 0.201151 0.730792 -0.65229 -0.609978 -0.958602 0.283865 0.0224172 -0.227965 0.201545 0.620777 0.757638 0.449538 0.31622 -0.384863 0.867113 0.400795 -0.930002 -0.306262 0.203222 -0.504304 0.187352 -0.87068 -0.454769 0.485867 
1532360138587 0.201186 0.730861 -0.652201 -0.610059 -0.958586 0.283917 0.022462 -0.227966 0.201587 0.620671 0.757713 0.449521 0.31622 -0.384863 0.867113 0.400795 -0.930002 -0.306262 0.203222 -0.504304 0.187352 -0.87068 -0.454769 0.485867 
1532360138728 0.201221 0.730932 -0.652111 -0.610139 -0.958569 0.283968 0.0225076 -0.227968 0.20163 0.620565 0.757789 0.449504 0.31622 -0.384863 0.867113 0.400795 -0.930002 -0.306262 0.203222 -0.504304 0.187352 -0.87068 -0.454769 0.485867 
1532360138982 0.201256 0.731001 -0.652023 -0.610214 -0.958553 0.28402 0.0225517 -0.227968 0.201673 0.62046 0.757864 0.449489 0.31622 -0.384863 0.867113 0.400795 -0.930002 -0.306262 0.203222 -0.504304 0.187352 -0.87068 -0.454769 0.485867 
1532360139129 0.20133 0.730963 -0.652042 -0.610214 -0.958536 0.284083 0.0225012 -0.227971 0.201682 0.620476 0.757848 0.449535 0.31622 -0.384863 0.867113 0.400795 -0.930002 -0.306262 0.203222 -0.504304 0.187352 -0.87068 -0.454769 0.485867 
1532360139142 0.201272 0.730952 -0.652072 -0.610294 -0.958509 0.28416 0.0226757 -0.227977 0.201867 0.620453 0.757818 0.449542 0.31622 -0.384863 0.867113 0.400795 -0.930002 -0.306262 0.203222 -0.504304 0.187352 -0.87068 -0.454769 0.485867 
1532360139345 0.201213 0.730942 -0.652102 -0.610374 -0.958482 0.284236 0.0228501 -0.227983 0.202053 0.62043 0.757787 0.449549 0.31622 -0.384863 0.867113 0.400795 -0.930002 -0.306262 0.203222 -0.504304 0.187352 -0.87068 -0.454769 0.485867 
1532360139462 0.201155 0.730932 -0.652131 -0.610454 -0.958455 0.284312 0.0230246 -0.227989 0.202238 0.620407 0.757757 0.449555 0.31622 -0.384863 0.867113 0.400795 -0.930002 -0.306262 0.203222 -0.504304 0.187352 -0.87068 -0.454769 0.485867 
1532360139555 0.201096 0.730922 -0.65216 -0.610534 -0.958429 0.284388 0.023199 -0.227995 0.202423 0.620384 0.757726 0.449562 0.31622 -0.384863 0.867113 0.400795 -0.930002 -0.306262 0.203222 -0.504304 0.187352 -0.87068 -0.454769 0.485867 
1532360139690 0.201037 0.730912 -0.652189 -0.610614 -0.958402 0.284464 0.0233735 -0.228001 0.202609 0.620361 0.757696 0.449569 0.31622 -0.384863 0.867113 0.400795 -0.930002 -0.306262 0.203222 -0.504304 0.187352 -0.87068 -0.454769 0.485867 
1532360139852 0.200979 0.730902 -0.652219 -0.610694 -0.958375 0.28454 0.0235479 -0.228008 0.202794 0.620337 0.757665 0.449576 0.31622 -0.384863 0.867113 0.400795 -0.930002 -0.306262 0.203222 -0.504304 0.187352 -0.87068 -0.454769 0.485867 
1532360139991 0.200919 0.730893 -0.652248 -0.610774 -0.958348 0.284616 0.0237232 -0.228014 0.202979 0.620314 0.757634 0.449583 0.31622 -0.384863 0.867113 0.400795 -0.930002 -0.306262 0.203222 -0.504304 0.187352 -0.87068 -0.454769 0.485867 
1532360139998 0.20086 0.730883 -0.652277 -0.610853 -0.958321 0.284692 0.0238975 -0.22802 0.203165 0.620291 0.757604 0.449589 0.31622 -0.384863 0.867113 0.400795 -0.930002 -0.306262 0.203222 -0.504304 0.187352 -0.87068 -0.454769 0.485867 
1532360140173 0.200802 0.730872 -0.652307 -0.610929 -0.958294 0.284768 0.0240707 -0.228024 0.203349 0.620268 0.757573 0.449597 0.31622 -0.384863 0.867113 0.400795 -0.930002 -0.306262 0.203222 -0.504304 0.187352 -0.87068 -0.454769 0.485867 
1532360140296 0.200869 0.730936 -0.652215 -0.610898 -0.95829 0.284786 0.0240241 -0.228059 0.203302 0.620186 0.757653 0.449647 0.31622 -0.384863 0.867113 0.400795 -0.930002 -0.306262 0.203222 -0.504304 0.187352 -0.87068 -0.454769 0.485867 
1532360140309 0.200744 0.730964 -0.652222 -0.610983 -0.958323 0.28467 0.0240803 -0.228074 0.20327 0.620206 0.757645 0.449637 0.31622 -0.384863 0.867113 0.400795 -0.930002 -0.306262 0.203222 -0.504304 0.187352 -0.87068 -0.454769 0.485867 
1532360140475 0.200619 0.730991 -0.65223 -0.611069 -0.958356 0.284555 0.024137 -0.228089 0.203239 0.620226 0.757637 0.449627 0.31622 -0.384863 0.867113 0.400795 -0.930002 -0.306262 0.203222 -0.504304 0.187352 -0.87068 -0.454769 0.485867 
1532360140607 0.200493 0.731019 -0.652238 -0.611155 -0.958389 0.284439 0.0241938 -0.228104 0.203208 0.620246 0.757628 0.449617 0.31622 -0.384863 0.867113 0.400795 -0.930002 -0.306262 0.203222 -0.504304 0.187352 -0.87068 -0.454769 0.485867 
1532360140745 0.200368 0.731047 -0.652245 -0.611241 -0.958421 0.284324 0.0242506 -0.228119 0.203177 0.620267 0.75762 0.449607 0.31622 -0.384863 0.867113 0.400795 -0.930002 -0.306262 0.203222 -0.504304 0.187352 -0.87068 -0.454769 0.485867 
1532360140912 0.200242 0.731074 -0.652253 -0.611326 -0.958454 0.284208 0.0243081 -0.228134 0.203147 0.620287 0.757612 0.449598 0.31622 -0.384863 0.867113 0.400795 -0.930002 -0.306262 0.203222 -0.504304 0.187352 -0.87068 -0.454769 0.485867 
1532360141066 0.200116 0.731102 -0.65226 -0.611412 -0.958487 0.284093 0.0243649 -0.228149 0.203116 0.620307 0.757604 0.449588 0.31622 -0.384863 0.867113 0.400795 -0.930002 -0.306262 0.203222 -0.504304 0.187352 -0.87068 -0.454769 0.485867 
1532360141229 0.199991 0.73113 -0.652268 -0.611498 -0.95852 0.283978 0.0244218 -0.228165 0.203085 0.620327 0.757595 0.449578 0.31622 -0.384863 0.867113 0.400795 -0.930002 -0.306262 0.203222 -0.504304 0.187352 -0.87068 -0.454769 0.485867 
1532360141379 0.199865 0.731157 -0.652275 -0.611583 -0.958552 0.283863 0.0244787 -0.22818 0.203054 0.620348 0.757587 0.449568 0.31622 -0.384863 0.867113 0.400795 -0.930002 -0.306262 0.203222 -0.504304 0.187352 -0.87068 -0.454769 0.485867 
1532360141498 0.19974 0.731184 -0.652283 -0.611663 -0.958585 0.283748 0.0245348 -0.228193 0.203023 0.620368 0.757578 0.449559 0.31622 -0.384863 0.867113 0.400795 -0.930002 -0.306262 0.203222 -0.504304 0.187352 -0.87068 -0.454769 0.485867 
1532360141625 0.199835 0.731152 -0.652291 -0.611628 -0.958557 0.283846 0.0244996 -0.22821 0.203063 0.620362 0.757573 0.449568 0.31622 -0.384863 0.867113 0.400795 -0.930002 -0.306262 0.203222 -0.504304 0.187352 -0.87068 -0.454769 0.485867 
1532360141639 0.199927 0.731176 -0.652235 -0.611721 -0.958554 0.283865 0.0243996 -0.228196 0.202987 0.620325 0.757624 0.44955 0.31622 -0.384863 0.867113 0.400795 -0.930002 -0.306262 0.203222 -0.504304 0.187352 -0.87068 -0.454769 0.485867 
1532360141877 0.200018 0.731201 -0.652179 -0.611815 -0.958551 0.283883 0.0242994 -0.228182 0.20291 0.620287 0.757675 0.449531 0.31622 -0.384863 0.867113 0.400795 -0.930002 -0.306262 0.203222 -0.504304 0.187352 -0.87068 -0.454769 0.485867 
1532360142084 0.20011 0.731226 -0.652124 -0.611909 -0.958548 0.283901 0.0241992 -0.228168 0.202834 0.620249 0.757726 0.449513 0.31622 -0.384863 0.867113 0.400795 -0.930002 -0.306262 0.203222 -0.504304 0.187352 -0.87068 -0.454769 0.485867 
1532360142230 0.200201 0.73125 -0.652068 -0.612003 -0.958545 0.28392 0.024099 -0.228154 0.202757 0.620212 0.757778 0.449494 0.31622 -0.384863 0.867113 0.400795 -0.930002 -0.306262 0.203222 -0.504304 0.187352 -0.87068 -0.454769 0.485867 
1532360142437 0.200293 0.731275 -0.652012 -0.612096 -0.958542 0.283938 0.0239988 -0.22814 0.202681 0.620174 0.757829 0.449476 0.31622 -0.384863 0.867113 0.400795 -0.930002 -0.306262 0.203222 -0.504304 0.187352 -0.87068 -0.454769 0.485867 
1532360142444 0.200385 0.7313 -0.651956 -0.61219 -0.958539 0.283956 0.0238986 -0.228126 0.202604 0.620136 0.75788 0.449458 0.31622 -0.384863 0.867113 0.400795 -0.930002 -0.306262 0.203222 -0.504304 0.187352 -0.87068 -0.454769 0.485867 
1532360142627 0.200476 0.731325 -0.6519 -0.612284 -0.958536 0.283975 0.0237984 -0.228112 0.202528 0.620099 0.757931 0.449439 0.31622 -0.384863 0.867113 0.400795 -0.930002 -0.306262 0.203222 -0.504304 0.187352 -0.87068 -0.454769 0.485867 
1532360142801 0.200568 0.731349 -0.651844 -0.612377 -0.958533 0.283993 0.0236982 -0.228098 0.202451 0.620061 0.757983 0.449421 0.31622 -0.384863 0.867113 0.400795 -0.930002 -0.306262 0.203222 -0.504304 0.187352 -0.87068 -0.454769 0.485867 
1532360142935 0.200659 0.731374 -0.651788 -0.612465 -0.95853 0.284012 0.0235986 -0.228083 0.202375 0.620024 0.758034 0.449404 0.31622 -0.384863 0.867113 0.400795 -0.930002 -0.306262 0.203222 -0.504304 0.187352 -0.87068 -0.454769 0.485867 
1532360152828 0.200648 0.731301 -0.651873 -0.612438 -0.958547 0.283962 0.0235198 -0.228145 0.202308 0.620132 0.757963 0.449334 0.31622 -0.384863 0.867113 0.400795 -0.930002 -0.306262 0.203222 -0.504304 0.187352 -0.87068 -0.454769 0.485867 
1532360152999 0.200519 0.731137 -0.652097 -0.61254 -0.958499 0.2841 0.0237976 -0.228122 0.20266 0.620263 0.757762 0.449395 0.31622 -0.384863 0.867113 0.400795 -0.930002 -0.306262 0.203222 -0.504304 0.187352 -0.87068 -0.454769 0.485867 
1532360153005 0.200391 0.730972 -0.652321 -0.612642 -0.958451 0.284238 0.0240755 -0.228099 0.203013 0.620393 0.75756 0.449457 0.31622 -0.384863 0.867113 0.400795 -0.930002 -0.306262 0.203222 -0.504304 0.187352 -0.87068 -0.454769 0.485867 
1532360153230 0.200263 0.730808 -0.652545 -0.612745 -0.958403 0.284376 0.0243534 -0.228077 0.203366 0.620524 0.757359 0.449518 0.31622 -0.384863 0.867113 0.400795 -0.930002 -0.306262 0.203222 -0.504304 0.187352 -0.87068 -0.454769 0.485867 
1532360153417 0.200135 0.730643 -0.652768 -0.612847 -0.958355 0.284515 0.0246313 -0.228054 0.203719 0.620654 0.757157 0.44958 0.31622 -0.384863 0.867113 0.400795 -0.930002 -0.306262 0.203222 -0.504304 0.187352 -0.87068 -0.454769 0.485867 
1532360153587 0.200006 0.730478 -0.652993 -0.612949 -0.958307 0.284652 0.0249094 -0.228031 0.204072 0.620785 0.756955 0.449641 0.31622 -0.384863 0.867113 0.400795 -0.930002 -0.306262 0.203222 -0.504304 0.187352 -0.87068 -0.454769 0.485867 
1532360153754 0.199877 0.730314 -0.653216 -0.613052 -0.958259 0.284791 0.0251873 -0.228008 0.204424 0.620916 0.756752 0.449702 0.31622 -0.384863 0.867113 0.400795 -0.930002 -0.306262 0.203222 -0.504304 0.187352 -0.87068 -0.454769 0.485867 
1532360153927 0.199748 0.730149 -0.65344 -0.613154 -0.95821 0.284929 0.025465 -0.227985 0.204777 0.621046 0.75655 0.449764 0.31622 -0.384863 0.867113 0.400795 -0.930002 -0.306262 0.203222 -0.504304 0.187352 -0.87068 -0.454769 0.485867 
1532360154081 0.199619 0.729984 -0.653663 -0.613256 -0.958162 0.285067 0.0257427 -0.227963 0.20513 0.621176 0.756348 0.449825 0.31622 -0.384863 0.867113 0.400795 -0.930002 -0.306262 0.203222 -0.504304 0.187352 -0.87068 -0.454769 0.485867 
1532360154088 0.199491 0.72982 -0.653886 -0.613354 -0.958113 0.285206 0.0260198 -0.227938 0.205482 0.621306 0.756146 0.449885 0.31622 -0.384863 0.867113 0.400795 -0.930002 -0.306262 0.203222 -0.504304 0.187352 -0.87068 -0.454769 0.485867 
1532360154278 0.199409 0.729847 -0.65388 -0.613356 -0.958151 0.28508 0.0260001 -0.227894 0.205384 0.621332 0.756151 0.449837 0.31622 -0.384863 0.867113 0.400795 -0.930002 -0.306262 0.203222 -0.504304 0.187352 -0.87068 -0.454769 0.485867 
1532360154291 0.199386 0.730035 -0.653678 -0.613383 -0.958131 0.285129 0.0261851 -0.227894 0.205499 0.621088 0.75632 0.449812 0.31622 -0.384863 0.867113 0.400795 -0.930002 -0.306262 0.203222 -0.504304 0.187352 -0.87068 -0.454769 0.485867 
1532360154480 0.199363 0.730223 -0.653475 -0.61341 -0.958111 0.285179 0.0263704 -0.227895 0.205613 0.620844 0.756489 0.449787 0.31622 -0.384863 0.867113 0.400795 -0.930002 -0.306262 0.203222 -0.504304 0.187352 -0.87068 -0.454769 0.485867 
1532360154671 0.19934 0.730411 -0.653272 -0.613437 -0.958092 0.285228 0.0265558 -0.227895 0.205728 0.620601 0.756658 0.449762 0.31622 -0.384863 0.867113 0.400795 -0.930002 -0.306262 0.203222 -0.504304 0.187352 -0.87068 -0.454769 0.485867 
1532360154990 0.199317 0.730598 -0.653069 -0.613464 -0.958072 0.285278 0.0267412 -0.227896 0.205843 0.620357 0.756826 0.449737 0.31622 -0.384863 0.867113 0.400795 -0.930002 -0.306262 0.203222 -0.504304 0.187352 -0.87068 -0.454769 0.485867 
1532360155136 0.199294 0.730787 -0.652865 -0.613491 -0.958052 0.285327 0.0269271 -0.227896 0.205958 0.620112 0.756996 0.449712 0.31622 -0.384863 0.867113 0.400795 -0.930002 -0.306262 0.203222 -0.504304 0.187352 -0.87068 -0.454769 0.485867 
1532360155353 0.199271 0.730975 -0.652662 -0.613518 -0.958032 0.285377 0.0271126 -0.227897 0.206073 0.619868 0.757164 0.449686 0.31622 -0.384863 0.867113 0.400795 -0.930002 -0.306262 0.203222 -0.504304 0.187352 -0.87068 -0.454769 0.485867 
1532360155533 0.199248 0.731162 -0.652458 -0.613545 -0.958012 0.285426 0.0272981 -0.227897 0.206188 0.619624 0.757333 0.449661 0.31622 -0.384863 0.867113 0.400795 -0.930002 -0.306262 0.203222 -0.504304 0.187352 -0.87068 -0.454769 0.485867 
1532360155728 0.199225 0.73135 -0.652255 -0.613572 -0.957992 0.285476 0.0274836 -0.227898 0.206303 0.619379 0.757501 0.449636 0.31622 -0.384863 0.867113 0.400795 -0.930002 -0.306262 0.203222 -0.504304 0.187352 -0.87068 -0.454769 0.485867 
1532360155932 0.199203 0.731537 -0.652052 -0.613596 -0.957972 0.285525 0.0276685 -0.227897 0.206418 0.619136 0.757669 0.449614 0.31622 -0.384863 0.867113 0.400795 -0.930002 -0.306262 0.203222 -0.504304 0.187352 -0.87068 -0.454769 0.485867 
1532360156063 0.199159 0.73153 -0.652073 -0.613579 -0.958016 0.285388 0.0275617 -0.227885 0.206256 0.619207 0.757655 0.449632 0.31622 -0.384863 0.867113 0.400795 -0.930002 -0.306262 0.203222 -0.504304 0.187352 -0.87068 -0.454769 0.485867 
1532360156077 0.199241 0.73161 -0.651959 -0.613663 -0.958031 0.285348 0.0274317 -0.227884 0.206104 0.619131 0.757758 0.449612 0.31622 -0.384863 0.867113 0.400795 -0.930002 -0.306262 0.203222 -0.504304 0.187352 -0.87068 -0.454769 0.485867 
1532360156353 0.199322 0.73169 -0.651844 -0.613747 -0.958047 0.285307 0.027302 -0.227883 0.205952 0.619055 0.757862 0.449592 0.31622 -0.384863 0.867113 0.400795 -0.930002 -0.306262 0.203222 -0.504304 0.187352 -0.87068 -0.454769 0.485867 
1532360156499 0.199403 0.731771 -0.651729 -0.613831 -0.958063 0.285267 0.0271723 -0.227881 0.2058 0.618979 0.757965 0.449572 0.31622 -0.384863 0.867113 0.400795 -0.930002 -0.306262 0.203222 -0.504304 0.187352 -0.87068 -0.454769 0.485867 
1532360156639 0.199485 0.731851 -0.651613 -0.613914 -0.958079 0.285227 0.0270425 -0.22788 0.205649 0.618902 0.758069 0.449552 0.31622 -0.384863 0.867113 0.400795 -0.930002 -0.306262 0.203222 -0.504304 0.187352 -0.87068 -0.454769 0.485867 
1532360156903 0.199566 0.731931 -0.651498 -0.613998 -0.958094 0.285186 0.0269128 -0.227879 0.205497 0.618826 0.758173 0.449532 0.31622 -0.384863 0.867113 0.400795 -0.930002 -0.306262 0.203222 -0.504304 0.187352 -0.87068 -0.454769 0.485867 
1532360157140 0.199647 0.732012 -0.651383 -0.614082 -0.95811 0.285146 0.026783 -0.227878 0.205345 0.618749 0.758276 0.449512 0.31622 -0.384863 0.867113 0.400795 -0.930002 -0.306262 0.203222 -0.504304 0.187352 -0.87068 -0.454769 0.485867 
1532360157296 0.199728 0.732092 -0.651268 -0.614166 -0.958126 0.285105 0.0266533 -0.227876 0.205193 0.618673 0.75838 0.449492 0.31622 -0.384863 0.867113 0.400795 -0.930002 -0.306262 0.203222 -0.504304 0.187352 -0.87068 -0.454769 0.485867 
1532360157303 0.19981 0.732172 -0.651153 -0.61425 -0.958141 0.285065 0.0265235 -0.227875 0.205041 0.618597 0.758483 0.449472 0.31622 -0.384863 0.867113 0.400795 -0.930002 -0.306262 0.203222 -0.504304 0.187352 -0.87068 -0.454769 0.485867 
1532360157503 0.19989 0.732252 -0.651038 -0.614328 -0.958157 0.285025 0.0263947 -0.227873 0.20489 0.618521 0.758586 0.449454 0.31622 -0.384863 0.867113 0.400795 -0.930002 -0.306262 0.203222 -0.504304 0.187352 -0.87068 -0.454769 0.485867 
1532360157674 0.199906 0.732198 -0.651095 -0.61429 -0.958129 0.285111 0.0264505 -0.227905 0.205001 0.618545 0.758536 0.449474 0.31622 -0.384863 0.867113 0.400795 -0.930002 -0.306262 0.203222 -0.504304 0.187352 -0.87068 -0.454769 0.485867 
1532360157687 0.199959 0.732242 -0.651029 -0.614391 -0.958125 0.28513 0.026418 -0.227906 0.204972 0.618484 0.758593 0.449475 0.31622 -0.384863 0.867113 0.400795 -0.930002 -0.306262 0.203222 -0.504304 0.187352 -0.87068 -0.454769 0.485867 
1532360157694 0.20001 0.732285 -0.650964 -0.614492 -0.95812 0.285148 0.0263855 -0.227908 0.204943 0.618424 0.75865 0.449475 0.31622 -0.384863 0.867113 0.400795 -0.930002 -0.306262 0.203222 -0.504304 0.187352 -0.87068 -0.454769 0.485867 
1532360157894 0.200062 0.732329 -0.650899 -0.614593 -0.958116 0.285167 0.0263529 -0.227909 0.204914 0.618364 0.758707 0.449476 0.31622 -0.384863 0.867113 0.400795 -0.930002 -0.306262 0.203222 -0.504304 0.187352 -0.87068 -0.454769 0.485867 
1532360158060 0.200114 0.732373 -0.650833 -0.614693 -0.958111 0.285185 0.0263204 -0.227911 0.204884 0.618303 0.758764 0.449476 0.31622 -0.384863 0.867113 0.400795 -0.930002 -0.306262 0.203222 -0.504304 0.187352 -0.87068 -0.454769 0.485867 
1532360158221 0.200166 0.732417 -0.650768 -0.614794 -0.958107 0.285203 0.0262878 -0.227912 0.204855 0.618243 0.758821 0.449477 0.31622 -0.384863 0.867113 0.400795 -0.930002 -0.306262 0.203222 -0.504304 0.187352 -0.87068 -0.454769 0.485867 
1532360158391 0.200218 0.732461 -0.650703 -0.614895 -0.958102 0.285221 0.0262553 -0.227913 0.204825 0.618183 0.758879 0.449478 0.31622 -0.384863 0.867113 0.400795 -0.930002 -0.306262 0.203222 -0.504304 0.187352 -0.87068 -0.454769 0.485867 
1532360158572 0.200269 0.732505 -0.650637 -0.614996 -0.958098 0.285239 0.0262227 -0.227915 0.204796 0.618122 0.758936 0.449478 0.31622 -0.384863 0.867113 0.400795 -0.930002 -0.306262 0.203222 -0.504304 0.187352 -0.87068 -0.454769 0.485867 
1532360158727 0.200321 0.732549 -0.650572 -0.615096 -0.958093 0.285257 0.0261901 -0.227916 0.204766 0.618062 0.758993 0.449479 0.31622 -0.384863 0.867113 0.400795 -0.930002 -0.306262 0.203222 -0.504304 0.187352 -0.87068 -0.454769 0.485867 
1532360158842 0.200372 0.732592 -0.650507 -0.615191 -0.958089 0.285275 0.0261582 -0.227916 0.204737 0.618002 0.759049 0.449481 0.31622 -0.384863 0.867113 0.400795 -0.930002 -0.306262 0.203222 -0.504304 0.187352 -0.87068 -0.454769 0.485867 
1532360158963 0.20038 0.73256 -0.650541 -0.615168 -0.958097 0.285251 0.0261017 -0.22792 0.204689 0.618051 0.759022 0.449468 0.31622 -0.384863 0.867113 0.400795 -0.930002 -0.306262 0.203222 -0.504304 0.187352 -0.87068 -0.454769 0.485867 
1532360158976 0.200372 0.732593 -0.650507 -0.615267 -0.958093 0.285263 0.0261446 -0.227916 0.204719 0.618007 0.75905 0.449447 0.31622 -0.384863 0.867113 0.400795 -0.930002 -0.306262 0.203222 -0.504304 0.187352 -0.87068 -0.454769 0.485867 
1532360159166 0.200364 0.732626 -0.650472 -0.615366 -0.958088 0.285275 0.0261868 -0.227911 0.204749 0.617963 0.759078 0.449425 0.31622 -0.384863 0.867113 0.400795 -0.930002 -0.306262 0.203222 -0.504304 0.187352 -0.87068 -0.454769 0.485867 
1532360159337 0.200356 0.732658 -0.650438 -0.615465 -0.958083 0.285287 0.0262289 -0.227907 0.204778 0.617918 0.759107 0.449404 0.31622 -0.384863 0.867113 0.400795 -0.930002 -0.306262 0.203222 -0.504304 0.187352 -0.87068 -0.454769 0.485867 
1532360159517 0.200348 0.732691 -0.650403 -0.615565 -0.958078 0.285299 0.0262711 -0.227903 0.204808 0.617874 0.759135 0.449382 0.31622 -0.384863 0.867113 0.400795 -0.930002 -0.306262 0.203222 -0.504304 0.187352 -0.87068 -0.454769 0.485867 
1532360159784 0.20034 0.732724 -0.650369 -0.615664 -0.958074 0.285311 0.0263133 -0.227898 0.204838 0.61783 0.759163 0.449361 0.31622 -0.384863 0.867113 0.400795 -0.930002 -0.306262 0.203222 -0.504304 0.187352 -0.87068 -0.454769 0.485867 
1532360160131 0.200332 0.732756 -0.650334 -0.615763 -0.958069 0.285323 0.0263554 -0.227894 0.204867 0.617785 0.759191 0.449339 0.31622 -0.384863 0.867113 0.400795 -0.930002 -0.306262 0.203222 -0.504304 0.187352 -0.87068 -0.454769 0.485867 
