1535388844671 0.276703 0.900786 -0.334695 -0.512419 -0.919588 0.349303 0.17985 -0.178321 0.278916 0.258017 0.925004 0.44138 0.14582 -0.188934 0.971103 0.379722 -0.9379 -0.338715 0.0749357 -0.455257 0.314769 -0.921725 -0.226593 0.456569 
1535388844690 0.277009 0.902403 -0.330052 -0.523845 -0.92078 0.347482 0.177259 -0.184272 0.274646 0.254803 0.927171 0.434555 0.147909 -0.181226 0.972255 0.380981 -0.951523 -0.294136 0.0899291 -0.458524 0.269678 -0.938425 -0.215946 0.454777 
1535388846192 0.277292 0.904004 -0.3254 -0.535275 -0.921959 0.345668 0.174657 -0.190227 0.270371 0.251574 0.929306 0.427728 0.150363 -0.173606 0.973269 0.382241 -0.962922 -0.248765 0.104391 -0.461792 0.223992 -0.952878 -0.204574 0.452986 
1535388847065 0.277554 0.905588 -0.32074 -0.546705 -0.923125 0.343863 0.172043 -0.196182 0.266091 0.248332 0.931411 0.420901 0.153173 -0.166093 0.974141 0.3835 -0.972068 -0.202712 0.118284 -0.46506 0.177824 -0.96505 -0.192504 0.451194 
1535388848015 0.277794 0.907154 -0.316074 -0.558134 -0.924277 0.342067 0.169417 -0.202136 0.261806 0.245077 0.933485 0.414074 0.156334 -0.158706 0.97487 0.38476 -0.97894 -0.156089 0.131576 -0.468328 0.131284 -0.97491 -0.179765 0.449403 
1535388848895 0.278012 0.908702 -0.311401 -0.569564 -0.925416 0.340279 0.166779 -0.208091 0.257516 0.241809 0.935529 0.407247 0.159838 -0.151461 0.975454 0.386019 -0.983521 -0.10901 0.144234 -0.471596 0.0844887 -0.982434 -0.166389 0.447611 
1535388849773 0.278208 0.910232 -0.306721 -0.580994 -0.926542 0.3385 0.16413 -0.214045 0.253221 0.238527 0.937541 0.40042 0.163677 -0.144377 0.975892 0.387279 -0.985799 -0.061591 0.156227 -0.474864 0.0375506 -0.987604 -0.152408 0.44582 
1535388850642 0.278382 0.911745 -0.302034 -0.592423 -0.927653 0.33673 0.161469 -0.219999 0.248922 0.235233 0.939523 0.393593 0.16784 -0.137471 0.976182 0.388538 -0.985769 -0.013947 0.167525 -0.478133 -0.00941504 -0.990408 -0.137856 0.444028 
1535388851574 0.278535 0.91324 -0.297341 -0.603852 -0.928752 0.334968 0.158797 -0.225954 0.244619 0.231926 0.941473 0.386767 0.172319 -0.130761 0.976324 0.389798 -0.983431 0.0338053 0.178101 -0.481401 -0.0562935 -0.990837 -0.122769 0.442237 
1535388852467 0.278677 0.914705 -0.292665 -0.61516 -0.929833 0.333231 0.1561 -0.231848 0.24031 0.228628 0.943388 0.379965 0.177097 -0.124261 0.976317 0.391052 -0.978792 0.0815494 0.187925 -0.484654 -0.10297 -0.988893 -0.107184 0.440443 
1535388853386 0.27956 0.914235 -0.293292 -0.614906 -0.929584 0.334166 0.155587 -0.232176 0.240251 0.229143 0.943278 0.380109 0.176632 -0.124897 0.976321 0.390932 -0.979044 0.0798496 0.18734 -0.484465 -0.101357 -0.988951 -0.108175 0.440299 
1535388853517 0.279483 0.91443 -0.292757 -0.616083 -0.929717 0.333897 0.15537 -0.232743 0.239826 0.228758 0.943479 0.37941 0.180116 -0.125624 0.975591 0.391072 -0.978877 0.074646 0.190335 -0.485041 -0.0967346 -0.989266 -0.109526 0.440623 
1535388853868 0.279405 0.914625 -0.292222 -0.617264 -0.929849 0.333627 0.155154 -0.233312 0.239401 0.228372 0.943681 0.37871 0.183601 -0.126333 0.974849 0.391213 -0.978675 0.0694389 0.193321 -0.485619 -0.0921153 -0.989555 -0.11089 0.440947 
1535388854187 0.279327 0.91482 -0.291686 -0.618445 -0.929982 0.333358 0.154938 -0.23388 0.238976 0.227985 0.943882 0.378011 0.187088 -0.127024 0.974096 0.391354 -0.978439 0.0642279 0.196297 -0.486197 -0.0874986 -0.989818 -0.112268 0.441271 
1535388854516 0.279248 0.915015 -0.291151 -0.619626 -0.930115 0.333088 0.154721 -0.234449 0.238551 0.227598 0.944083 0.377311 0.190576 -0.127695 0.973332 0.391495 -0.978167 0.0590133 0.199265 -0.486774 -0.0828847 -0.990056 -0.113661 0.441594 
1535388854888 0.27917 0.915209 -0.290615 -0.620807 -0.930248 0.332818 0.154504 -0.235018 0.238126 0.227211 0.944283 0.376611 0.194064 -0.128348 0.972556 0.391636 -0.977861 0.0537953 0.202222 -0.487352 -0.0782737 -0.990269 -0.115067 0.441918 
1535388855193 0.279091 0.915403 -0.29008 -0.621987 -0.93038 0.332549 0.154287 -0.235587 0.237701 0.226824 0.944484 0.375912 0.197555 -0.128982 0.971769 0.391776 -0.97752 0.0485738 0.205171 -0.487929 -0.0736659 -0.990457 -0.116487 0.442242 
1535388855200 0.279012 0.915597 -0.289544 -0.623169 -0.930512 0.332279 0.15407 -0.236156 0.237275 0.226436 0.944683 0.375212 0.201045 -0.129598 0.970971 0.391917 -0.977145 0.0433494 0.208109 -0.488507 -0.0690615 -0.990619 -0.11792 0.442566 
1535388855687 0.278932 0.91579 -0.289008 -0.624349 -0.930644 0.33201 0.153853 -0.236725 0.23685 0.226049 0.944883 0.374513 0.204536 -0.130194 0.970162 0.392058 -0.976734 0.0381221 0.211038 -0.489085 -0.0644605 -0.990755 -0.119368 0.44289 
1535388856041 0.278853 0.915983 -0.288472 -0.625531 -0.930776 0.331741 0.153635 -0.237294 0.236425 0.225661 0.945082 0.373813 0.208028 -0.130772 0.969341 0.392199 -0.976289 0.032892 0.213957 -0.489663 -0.0598631 -0.990867 -0.120829 0.443214 
1535388856381 0.279328 0.915724 -0.288833 -0.625288 -0.930611 0.332278 0.153477 -0.237436 0.236516 0.225921 0.944997 0.373968 0.207444 -0.130874 0.969453 0.392131 -0.976348 0.0340235 0.213512 -0.489535 -0.0609274 -0.990815 -0.120721 0.443141 
1535388856394 0.278692 0.915487 -0.290198 -0.62541 -0.930596 0.332096 0.153962 -0.237608 0.237324 0.227149 0.9445 0.374049 0.209574 -0.130569 0.969036 0.392252 -0.976063 0.0309974 0.21527 -0.489937 -0.0581452 -0.990955 -0.120947 0.443241 
1535388856636 0.278062 0.915244 -0.291566 -0.62552 -0.930577 0.331923 0.154449 -0.237774 0.238136 0.228378 0.943999 0.374137 0.211703 -0.130257 0.968615 0.392376 -0.975765 0.0279716 0.217027 -0.490343 -0.0553631 -0.991086 -0.121179 0.443341 
1535388856892 0.277431 0.914999 -0.292932 -0.62563 -0.930557 0.33175 0.154936 -0.237941 0.238946 0.229606 0.943497 0.374226 0.213831 -0.129939 0.96819 0.392499 -0.975455 0.0249461 0.218783 -0.49075 -0.052581 -0.991208 -0.121415 0.443441 
1535388857155 0.276799 0.914752 -0.294298 -0.625741 -0.930537 0.331579 0.155422 -0.238107 0.239756 0.230834 0.942991 0.374314 0.215956 -0.129614 0.967762 0.392622 -0.975132 0.021921 0.220537 -0.491157 -0.049799 -0.991322 -0.121657 0.443541 
1535388857386 0.276166 0.914503 -0.295662 -0.625851 -0.930517 0.331408 0.155909 -0.238274 0.240564 0.232062 0.942484 0.374402 0.21808 -0.129283 0.96733 0.392745 -0.974798 0.0188963 0.222289 -0.491562 -0.0470171 -0.991428 -0.121903 0.443641 
1535388857636 0.275532 0.914253 -0.297026 -0.625961 -0.930495 0.331238 0.156396 -0.238441 0.241372 0.233289 0.941974 0.37449 0.220203 -0.128945 0.966894 0.392869 -0.974451 0.015872 0.22404 -0.491969 -0.0442354 -0.991525 -0.122155 0.443742 
1535388857888 0.274896 0.914 -0.298389 -0.626071 -0.930474 0.331068 0.156884 -0.238607 0.242179 0.234516 0.941462 0.374578 0.222323 -0.1286 0.966455 0.392991 -0.974091 0.0128482 0.225789 -0.492375 -0.0414538 -0.991613 -0.122412 0.443842 
1535388858150 0.274259 0.913746 -0.299751 -0.626181 -0.930452 0.330899 0.157371 -0.238774 0.242985 0.235743 0.940948 0.374667 0.224442 -0.128249 0.966011 0.393115 -0.97372 0.00982492 0.227537 -0.492782 -0.0386724 -0.991693 -0.122673 0.443942 
1535388858413 0.273621 0.913489 -0.301112 -0.626291 -0.930429 0.33073 0.157859 -0.238941 0.243789 0.23697 0.940432 0.374755 0.226559 -0.127891 0.965565 0.393238 -0.973336 0.00680222 0.229283 -0.493188 -0.0358913 -0.991765 -0.12294 0.444042 
1535388858672 0.274089 0.913695 -0.300062 -0.626194 -0.930461 0.33083 0.157462 -0.238791 0.243142 0.236038 0.940834 0.37468 0.225956 -0.128052 0.965685 0.393152 -0.973443 0.00775424 0.228799 -0.493086 -0.0367863 -0.991737 -0.122899 0.443967 
1535388858791 0.273565 0.913879 -0.29998 -0.626183 -0.930627 0.330304 0.157582 -0.238884 0.243095 0.23606 0.94084 0.374751 0.226432 -0.127578 0.965636 0.393129 -0.97339 0.00622166 0.229072 -0.493177 -0.0352324 -0.991809 -0.122774 0.443952 
1535388858822 0.27304 0.914063 -0.299896 -0.626177 -0.930794 0.329778 0.157701 -0.238978 0.243048 0.236083 0.940847 0.374821 0.22687 -0.127106 0.965595 0.393108 -0.973341 0.00474143 0.229314 -0.493262 -0.0337255 -0.991878 -0.122642 0.443936 
1535388859020 0.272515 0.914247 -0.299813 -0.62617 -0.93096 0.329251 0.15782 -0.239073 0.243001 0.236105 0.940853 0.374892 0.227306 -0.126634 0.965555 0.393088 -0.97329 0.00326135 0.229555 -0.493347 -0.0322185 -0.991944 -0.12251 0.44392 
1535388859165 0.271989 0.914431 -0.299729 -0.626164 -0.931126 0.328724 0.15794 -0.239167 0.242953 0.236128 0.94086 0.374962 0.227743 -0.126161 0.965514 0.393067 -0.973237 0.00178136 0.229797 -0.493432 -0.0307113 -0.992008 -0.122379 0.443904 
1535388859333 0.271464 0.914615 -0.299646 -0.626158 -0.931292 0.328197 0.158059 -0.239262 0.242906 0.23615 0.940867 0.375032 0.228178 -0.125687 0.965473 0.393046 -0.973181 0.000301483 0.230039 -0.493518 -0.029204 -0.99207 -0.122248 0.443888 
1535388859493 0.270939 0.914798 -0.299562 -0.62615 -0.931457 0.32767 0.158178 -0.239357 0.242858 0.236173 0.940873 0.375102 0.228613 -0.125213 0.965432 0.393025 -0.973123 -0.00117822 0.230281 -0.493602 -0.0276966 -0.992129 -0.122117 0.443871 
1535388859665 0.270413 0.914981 -0.299478 -0.626145 -0.931622 0.327143 0.158297 -0.239452 0.242811 0.236195 0.94088 0.375172 0.229047 -0.124738 0.96539 0.393004 -0.973063 -0.00265787 0.230524 -0.493687 -0.0261891 -0.992186 -0.121986 0.443855 
1535388859820 0.269888 0.915163 -0.299395 -0.626138 -0.931787 0.326616 0.158416 -0.239546 0.242763 0.236217 0.940886 0.375243 0.22948 -0.124262 0.965349 0.392983 -0.973 -0.00413734 0.230766 -0.493772 -0.0246814 -0.992241 -0.121856 0.443839 
1535388859986 0.269362 0.915345 -0.299311 -0.626131 -0.931951 0.326088 0.158535 -0.239641 0.242716 0.23624 0.940893 0.375313 0.229912 -0.123785 0.965307 0.392962 -0.972935 -0.00561667 0.231009 -0.493856 -0.0231737 -0.992293 -0.121726 0.443823 
1535388860179 0.26991 0.915183 -0.299313 -0.626143 -0.931807 0.326598 0.158337 -0.239461 0.242662 0.236165 0.940926 0.375247 0.229608 -0.124078 0.965342 0.392934 -0.972982 -0.00459006 0.230835 -0.493832 -0.0242105 -0.992262 -0.121779 0.443828 
1535388860196 0.269567 0.915407 -0.298936 -0.626143 -0.931945 0.326167 0.158408 -0.239564 0.242511 0.23589 0.941034 0.375219 0.229727 -0.124121 0.965308 0.392933 -0.97297 -0.00527951 0.230871 -0.493927 -0.0235595 -0.992253 -0.121978 0.443853 
1535388860216 0.269224 0.915632 -0.298557 -0.626149 -0.932084 0.325736 0.158479 -0.239671 0.242359 0.235614 0.941142 0.37519 0.229849 -0.124163 0.965274 0.392934 -0.972957 -0.0059699 0.23091 -0.494025 -0.022908 -0.992244 -0.122178 0.443878 
1535388860301 0.268881 0.915856 -0.298178 -0.626154 -0.932223 0.325305 0.158549 -0.239777 0.242207 0.235338 0.94125 0.375162 0.22997 -0.124206 0.965239 0.392934 -0.972943 -0.00666015 0.230948 -0.494123 -0.0222566 -0.992234 -0.122377 0.443903 
1535388860420 0.268537 0.91608 -0.297799 -0.626159 -0.932361 0.324873 0.15862 -0.239883 0.242055 0.235061 0.941358 0.375133 0.230091 -0.124249 0.965205 0.392935 -0.972929 -0.00735039 0.230986 -0.49422 -0.0216051 -0.992224 -0.122577 0.443929 
1535388860506 0.268193 0.916304 -0.297421 -0.626163 -0.932499 0.324442 0.15869 -0.239988 0.241904 0.234785 0.941466 0.375105 0.230212 -0.124292 0.965171 0.392935 -0.972915 -0.00804062 0.231023 -0.494317 -0.0209537 -0.992213 -0.122776 0.443954 
1535388860604 0.267849 0.916528 -0.297042 -0.626169 -0.932637 0.324011 0.15876 -0.240095 0.241752 0.234508 0.941574 0.375076 0.230333 -0.124334 0.965136 0.392935 -0.9729 -0.00873087 0.231061 -0.494415 -0.0203023 -0.992202 -0.122976 0.443979 
1535388860668 0.267505 0.916751 -0.296663 -0.626173 -0.932775 0.323579 0.15883 -0.2402 0.241601 0.234232 0.941682 0.375047 0.230454 -0.124377 0.965102 0.392936 -0.972885 -0.00942109 0.231098 -0.494512 -0.0196509 -0.99219 -0.123175 0.444004 
1535388860788 0.267161 0.916974 -0.296284 -0.626179 -0.932913 0.323147 0.158899 -0.240307 0.24145 0.233955 0.941789 0.375018 0.230575 -0.124419 0.965067 0.392936 -0.972869 -0.0101113 0.231135 -0.49461 -0.0189995 -0.992178 -0.123375 0.444029 
1535388860859 0.266817 0.917196 -0.295905 -0.626184 -0.933051 0.322716 0.158969 -0.240412 0.241298 0.233678 0.941897 0.37499 0.230696 -0.124462 0.965033 0.392936 -0.972853 -0.0108016 0.231172 -0.494707 -0.0183482 -0.992166 -0.123575 0.444055 
1535388860989 0.26734 0.916906 -0.296332 -0.626151 -0.9329 0.323289 0.158687 -0.240335 0.241302 0.234025 0.94181 0.375033 0.230426 -0.124438 0.9651 0.392911 -0.972891 -0.00940007 0.231074 -0.494511 -0.0196825 -0.992183 -0.123231 0.443995 
1535388861001 0.267604 0.916895 -0.296128 -0.626122 -0.93285 0.32348 0.158592 -0.24034 0.241204 0.233804 0.94189 0.374997 0.23008 -0.124929 0.96512 0.392916 -0.972961 -0.00890243 0.230797 -0.494572 -0.0202415 -0.992126 -0.1236 0.444035 
1535388861178 0.267869 0.916883 -0.295925 -0.626093 -0.932799 0.323673 0.158497 -0.240345 0.241106 0.233582 0.94197 0.374961 0.229733 -0.125422 0.965138 0.392922 -0.973031 -0.00840435 0.230519 -0.49463 -0.0208009 -0.992068 -0.123971 0.444077 
1535388861215 0.268134 0.916871 -0.295721 -0.626063 -0.932748 0.323867 0.158401 -0.24035 0.241008 0.233361 0.94205 0.374926 0.229384 -0.125915 0.965157 0.392928 -0.973102 -0.00790603 0.230241 -0.494686 -0.0213602 -0.99201 -0.124342 0.444119 
1535388861351 0.268399 0.916859 -0.295518 -0.626032 -0.932697 0.32406 0.158306 -0.240354 0.24091 0.23314 0.94213 0.37489 0.229035 -0.126408 0.965176 0.392933 -0.973171 -0.00740758 0.229963 -0.494742 -0.0219194 -0.991951 -0.124713 0.444161 
1535388861419 0.268664 0.916847 -0.295316 -0.626003 -0.932646 0.324253 0.158211 -0.240359 0.240812 0.23292 0.942209 0.374854 0.228687 -0.126899 0.965194 0.392939 -0.97324 -0.0069092 0.229685 -0.4948 -0.0224782 -0.991892 -0.125084 0.444202 
1535388861432 0.268928 0.916835 -0.295112 -0.625972 -0.932595 0.324446 0.158116 -0.240363 0.240714 0.232698 0.942289 0.374818 0.228338 -0.127392 0.965212 0.392944 -0.973309 -0.00641048 0.229407 -0.494856 -0.0230371 -0.991832 -0.125455 0.444244 
1535388861517 0.269193 0.916822 -0.294909 -0.625942 -0.932544 0.324639 0.158021 -0.240368 0.240616 0.232478 0.942368 0.374782 0.227988 -0.127883 0.965229 0.39295 -0.973378 -0.00591178 0.22913 -0.494913 -0.0235956 -0.991772 -0.125826 0.444286 
1535388861673 0.269458 0.91681 -0.294705 -0.625911 -0.932493 0.324832 0.157926 -0.240372 0.240518 0.232256 0.942448 0.374747 0.227638 -0.128375 0.965246 0.392955 -0.973446 -0.0054128 0.228852 -0.494969 -0.0241541 -0.991711 -0.126198 0.444327 
1535388861710 0.269722 0.916798 -0.294502 -0.625881 -0.932442 0.325025 0.157831 -0.240377 0.24042 0.232035 0.942527 0.374711 0.227289 -0.128866 0.965263 0.39296 -0.973514 -0.0049138 0.228575 -0.495026 -0.0247124 -0.99165 -0.12657 0.444369 
1535388861857 0.269113 0.916872 -0.294829 -0.625935 -0.932567 0.324549 0.158071 -0.2403 0.240617 0.232409 0.942385 0.374763 0.227623 -0.128123 0.965283 0.392926 -0.973452 -0.0054406 0.228827 -0.495006 -0.0240663 -0.991743 -0.12596 0.444329 
1535388861870 0.269819 0.916737 -0.294603 -0.625744 -0.93245 0.3251 0.157629 -0.240192 0.24028 0.232172 0.94253 0.374812 0.227613 -0.128353 0.965255 0.392966 -0.973457 -0.00558832 0.228804 -0.495106 -0.0239734 -0.991713 -0.126218 0.444316 
1535388861876 0.270526 0.916601 -0.294379 -0.625549 -0.932332 0.325651 0.157187 -0.240082 0.239942 0.231936 0.942674 0.374862 0.227603 -0.128582 0.965227 0.393006 -0.973461 -0.00573615 0.22878 -0.495207 -0.0238802 -0.991682 -0.126475 0.444303 
1535388862102 0.271232 0.916464 -0.294154 -0.625353 -0.932214 0.326203 0.156745 -0.239972 0.239605 0.2317 0.942817 0.374911 0.227593 -0.12881 0.965199 0.393046 -0.973466 -0.00588397 0.228757 -0.495308 -0.0237871 -0.991652 -0.126732 0.44429 
1535388862263 0.271938 0.916327 -0.293929 -0.625158 -0.932095 0.326754 0.156303 -0.239862 0.239267 0.231465 0.942961 0.374961 0.227582 -0.129039 0.965171 0.393086 -0.973471 -0.00603173 0.228733 -0.495409 -0.0236939 -0.991621 -0.126989 0.444278 
1535388862427 0.272644 0.91619 -0.293704 -0.624961 -0.931975 0.327306 0.155861 -0.239752 0.238929 0.23123 0.943104 0.375011 0.227573 -0.129268 0.965143 0.393126 -0.973475 -0.00617955 0.22871 -0.495509 -0.0236007 -0.99159 -0.127245 0.444265 
1535388862571 0.273349 0.916052 -0.293478 -0.624765 -0.931855 0.327857 0.15542 -0.239641 0.238591 0.230995 0.943247 0.375061 0.227562 -0.129497 0.965114 0.393166 -0.97348 -0.00632732 0.228686 -0.49561 -0.0235075 -0.99156 -0.127502 0.444252 
1535388862742 0.274055 0.915913 -0.293252 -0.62457 -0.931735 0.328409 0.154978 -0.239532 0.238253 0.230761 0.94339 0.375111 0.227553 -0.129726 0.965086 0.393206 -0.973484 -0.00647515 0.228663 -0.495711 -0.0234143 -0.991529 -0.127759 0.444239 
1535388862875 0.27476 0.915775 -0.293025 -0.624375 -0.931614 0.32896 0.154537 -0.239422 0.237914 0.230526 0.943533 0.37516 0.227543 -0.129954 0.965058 0.393247 -0.973489 -0.00662293 0.228639 -0.495812 -0.0233211 -0.991498 -0.128016 0.444227 
1535388863031 0.275465 0.915635 -0.292799 -0.624178 -0.931492 0.329511 0.154095 -0.239311 0.237576 0.230292 0.943676 0.37521 0.227533 -0.130183 0.965029 0.393287 -0.973493 -0.00677068 0.228615 -0.495913 -0.0232279 -0.991467 -0.128273 0.444214 
1535388863212 0.27499 0.91569 -0.293074 -0.624334 -0.931586 0.329149 0.154301 -0.23944 0.237757 0.230592 0.943556 0.375135 0.227738 -0.12981 0.965031 0.393263 -0.97344 -0.00649589 0.228849 -0.495718 -0.023438 -0.991518 -0.127841 0.444238 
1535388863220 0.275161 0.915716 -0.292833 -0.624006 -0.931542 0.329265 0.154318 -0.239302 0.237731 0.230324 0.943628 0.375249 0.228075 -0.129899 0.964939 0.393296 -0.973368 -0.00683666 0.229147 -0.495861 -0.0231689 -0.991504 -0.127999 0.444203 
1535388863227 0.275333 0.915741 -0.292594 -0.623673 -0.931498 0.329382 0.154333 -0.239162 0.237704 0.230057 0.9437 0.375364 0.228412 -0.129988 0.964848 0.393329 -0.973295 -0.0071773 0.229445 -0.496005 -0.0229 -0.99149 -0.128156 0.444169 
1535388863462 0.275505 0.915766 -0.292354 -0.623341 -0.931454 0.329499 0.154348 -0.239022 0.237677 0.22979 0.943772 0.375478 0.228749 -0.130076 0.964756 0.393362 -0.973222 -0.00751796 0.229743 -0.496149 -0.0226312 -0.991475 -0.128313 0.444134 
1535388863636 0.275676 0.91579 -0.292114 -0.623009 -0.93141 0.329616 0.154363 -0.238882 0.23765 0.229524 0.943844 0.375593 0.229086 -0.130165 0.964664 0.393396 -0.973149 -0.00785859 0.230041 -0.496294 -0.0223624 -0.991461 -0.12847 0.4441 
1535388863806 0.275848 0.915815 -0.291874 -0.622676 -0.931366 0.329733 0.154379 -0.238742 0.237623 0.229257 0.943916 0.375708 0.229423 -0.130254 0.964572 0.393429 -0.973076 -0.00819933 0.230339 -0.496438 -0.0220936 -0.991447 -0.128628 0.444065 
1535388863969 0.27602 0.91584 -0.291634 -0.622344 -0.931322 0.32985 0.154394 -0.238602 0.237596 0.22899 0.943987 0.375823 0.22976 -0.130342 0.96448 0.393462 -0.973003 -0.00854005 0.230636 -0.496582 -0.0218249 -0.991432 -0.128785 0.444031 
1535388864115 0.276191 0.915864 -0.291395 -0.622011 -0.931278 0.329967 0.154409 -0.238462 0.237568 0.228723 0.944059 0.375938 0.230098 -0.13043 0.964387 0.393496 -0.972929 -0.00888085 0.230934 -0.496727 -0.0215563 -0.991418 -0.128943 0.443996 
1535388864265 0.276363 0.915889 -0.291155 -0.621679 -0.931234 0.330084 0.154424 -0.238322 0.237541 0.228456 0.94413 0.376052 0.230435 -0.130519 0.964295 0.393529 -0.972855 -0.00922163 0.231232 -0.496871 -0.0212877 -0.991403 -0.129101 0.443962 
1535388864416 0.276535 0.915913 -0.290915 -0.621347 -0.93119 0.330201 0.15444 -0.238183 0.237514 0.228189 0.944202 0.376167 0.230772 -0.130607 0.964202 0.393562 -0.972781 -0.00956244 0.23153 -0.497015 -0.0210192 -0.991388 -0.129258 0.443927 
1535388864586 0.27628 0.915957 -0.291019 -0.621594 -0.931263 0.329978 0.154477 -0.238247 0.237524 0.228337 0.944163 0.376087 0.230251 -0.130496 0.964342 0.393477 -0.972897 -0.00913176 0.231058 -0.496848 -0.0213461 -0.991407 -0.129062 0.444004 
1535388864596 0.276455 0.915891 -0.291061 -0.621152 -0.931135 0.330225 0.15472 -0.238039 0.237822 0.228244 0.944111 0.376224 0.230485 -0.130868 0.964235 0.39355 -0.972841 -0.00922836 0.23129 -0.496967 -0.0213702 -0.991357 -0.129441 0.443981 
1535388864669 0.27663 0.915824 -0.291104 -0.620706 -0.931007 0.330473 0.154961 -0.237829 0.238119 0.228153 0.944058 0.376362 0.23067 -0.131237 0.964141 0.393617 -0.972795 -0.00924292 0.231483 -0.497074 -0.0214675 -0.991308 -0.129798 0.443961 
1535388864900 0.276806 0.915758 -0.291146 -0.62026 -0.930879 0.33072 0.155203 -0.237619 0.238416 0.228061 0.944005 0.376501 0.230855 -0.131605 0.964047 0.393684 -0.972749 -0.00925754 0.231675 -0.497182 -0.0215649 -0.991259 -0.130156 0.44394 
1535388865108 0.276981 0.915691 -0.291189 -0.619814 -0.930751 0.330967 0.155444 -0.237408 0.238713 0.227969 0.943952 0.376639 0.23104 -0.131973 0.963952 0.393752 -0.972703 -0.00927224 0.231868 -0.497289 -0.0216623 -0.99121 -0.130513 0.44392 
1535388865332 0.277156 0.915625 -0.291232 -0.619367 -0.930623 0.331214 0.155686 -0.237198 0.23901 0.227878 0.943899 0.376777 0.231225 -0.132341 0.963857 0.393819 -0.972657 -0.00928695 0.232061 -0.497397 -0.0217598 -0.991161 -0.13087 0.443899 
1535388865532 0.277331 0.915558 -0.291275 -0.618922 -0.930494 0.331462 0.155927 -0.236988 0.239307 0.227786 0.943846 0.376915 0.23141 -0.132709 0.963762 0.393886 -0.972611 -0.00930183 0.232253 -0.497504 -0.0218574 -0.991111 -0.131227 0.443878 
1535388865731 0.277506 0.915491 -0.291318 -0.618475 -0.930366 0.331709 0.156169 -0.236778 0.239604 0.227694 0.943793 0.377054 0.231594 -0.133077 0.963667 0.393953 -0.972565 -0.0093167 0.232446 -0.497611 -0.021955 -0.991062 -0.131584 0.443858 
1535388865742 0.277681 0.915425 -0.29136 -0.618029 -0.930237 0.331956 0.15641 -0.236568 0.2399 0.227602 0.94374 0.377192 0.231779 -0.133445 0.963572 0.39402 -0.972518 -0.00933173 0.232639 -0.497719 -0.0220527 -0.991012 -0.131941 0.443837 
1535388866013 0.277856 0.915358 -0.291403 -0.617583 -0.930108 0.332203 0.156651 -0.236358 0.240197 0.22751 0.943687 0.37733 0.231964 -0.133813 0.963476 0.394088 -0.972472 -0.00934677 0.232831 -0.497826 -0.0221505 -0.990963 -0.132298 0.443817 
1535388866233 0.277681 0.915449 -0.291284 -0.617816 -0.930226 0.331954 0.156483 -0.236429 0.239945 0.227507 0.943751 0.377272 0.231688 -0.133395 0.963601 0.394002 -0.972547 -0.00959149 0.232511 -0.497749 -0.0217734 -0.991017 -0.131955 0.443912 
1535388866243 0.277769 0.915365 -0.291465 -0.617381 -0.930131 0.332133 0.156663 -0.236228 0.240209 0.227585 0.943666 0.37741 0.231792 -0.133291 0.96359 0.394066 -0.972518 -0.00940022 0.23264 -0.497837 -0.0219509 -0.991032 -0.131807 0.443829 
1535388866279 0.277857 0.91528 -0.291647 -0.616943 -0.930037 0.332313 0.156842 -0.236024 0.240472 0.227663 0.94358 0.377549 0.231898 -0.133189 0.963579 0.394131 -0.972488 -0.00920903 0.23277 -0.497926 -0.0221286 -0.991048 -0.13166 0.443745 
1535388866521 0.277945 0.915195 -0.291829 -0.616504 -0.929942 0.332493 0.157021 -0.235821 0.240736 0.227741 0.943494 0.377688 0.232005 -0.133086 0.963567 0.394196 -0.972459 -0.00901782 0.2329 -0.498014 -0.0223064 -0.991064 -0.131513 0.443662 
1535388866732 0.278033 0.915111 -0.29201 -0.616065 -0.929848 0.332673 0.1572 -0.235618 0.240999 0.227818 0.943408 0.377827 0.232111 -0.132983 0.963556 0.39426 -0.972429 -0.00882661 0.23303 -0.498103 -0.0224841 -0.991079 -0.131365 0.443578 
1535388866927 0.278121 0.915026 -0.292192 -0.615627 -0.929753 0.332852 0.157379 -0.235415 0.241263 0.227896 0.943322 0.377965 0.232217 -0.13288 0.963545 0.394325 -0.9724 -0.00863534 0.23316 -0.498191 -0.0226618 -0.991095 -0.131218 0.443495 
1535388867124 0.278209 0.914941 -0.292374 -0.615188 -0.929658 0.333032 0.157558 -0.235211 0.241527 0.227974 0.943235 0.378104 0.232323 -0.132777 0.963533 0.394389 -0.97237 -0.00844411 0.23329 -0.49828 -0.0228395 -0.99111 -0.13107 0.443412 
1535388867139 0.278297 0.914856 -0.292556 -0.61475 -0.929564 0.333212 0.157737 -0.235008 0.24179 0.228051 0.943149 0.378243 0.232429 -0.132675 0.963522 0.394454 -0.972341 -0.00825282 0.23342 -0.498368 -0.0230172 -0.991125 -0.130923 0.443328 
1535388867424 0.278385 0.914771 -0.292738 -0.61431 -0.929469 0.333392 0.157916 -0.234804 0.242054 0.228129 0.943063 0.378382 0.232536 -0.132572 0.96351 0.394519 -0.972311 -0.00806157 0.233551 -0.498457 -0.0231948 -0.991141 -0.130776 0.443245 
1535388867625 0.278472 0.914687 -0.292919 -0.613871 -0.929374 0.333572 0.158095 -0.234601 0.242317 0.228206 0.942976 0.378521 0.232642 -0.132469 0.963499 0.394583 -0.972282 -0.00787026 0.23368 -0.498545 -0.0233724 -0.991156 -0.130628 0.443161 
1535388867836 0.278348 0.914805 -0.292667 -0.614101 -0.929422 0.333399 0.158176 -0.234617 0.242275 0.227983 0.943041 0.378508 0.232353 -0.132523 0.963561 0.394466 -0.972358 -0.00813781 0.233355 -0.498497 -0.0230837 -0.991147 -0.130751 0.443296 
1535388867849 0.27838 0.914708 -0.29294 -0.613803 -0.929419 0.333471 0.158041 -0.234481 0.242248 0.228268 0.942979 0.378608 0.232272 -0.132241 0.963619 0.3945 -0.972351 -0.00698115 0.233419 -0.498538 -0.0241404 -0.991193 -0.130206 0.44318 
1535388867866 0.278414 0.91461 -0.293213 -0.6135 -0.929416 0.333544 0.157905 -0.234342 0.242221 0.228554 0.942917 0.37871 0.232192 -0.131959 0.963677 0.394533 -0.972344 -0.00582446 0.233482 -0.49858 -0.0251972 -0.991238 -0.129662 0.443064 
1535388868093 0.278448 0.914512 -0.293486 -0.613198 -0.929413 0.333617 0.157769 -0.234204 0.242194 0.228839 0.942855 0.378811 0.232112 -0.131675 0.963735 0.394567 -0.972335 -0.00466823 0.233545 -0.498621 -0.0262533 -0.991282 -0.129116 0.442947 
1535388868264 0.278482 0.914414 -0.293759 -0.612895 -0.92941 0.33369 0.157633 -0.234066 0.242167 0.229125 0.942792 0.378912 0.232032 -0.131393 0.963793 0.3946 -0.972325 -0.0035116 0.233608 -0.498662 -0.0273098 -0.991324 -0.128571 0.442831 
1535388868466 0.278516 0.914316 -0.294032 -0.612594 -0.929407 0.333762 0.157498 -0.233928 0.24214 0.22941 0.94273 0.379013 0.231953 -0.131109 0.963851 0.394634 -0.972313 -0.00235498 0.233669 -0.498703 -0.0283664 -0.991365 -0.128026 0.442715 
1535388868658 0.27855 0.914218 -0.294306 -0.61229 -0.929404 0.333835 0.157362 -0.233789 0.242112 0.229696 0.942667 0.379115 0.231875 -0.130826 0.963908 0.394668 -0.972301 -0.00119846 0.233731 -0.498745 -0.0294229 -0.991405 -0.12748 0.442599 
1535388868821 0.278584 0.914119 -0.294579 -0.611989 -0.929401 0.333908 0.157226 -0.233651 0.242085 0.229981 0.942605 0.379216 0.231796 -0.130543 0.963965 0.394701 -0.972287 -4.18024e-05 0.233791 -0.498786 -0.0304795 -0.991443 -0.126935 0.442483 
1535388868999 0.278618 0.914021 -0.294852 -0.611685 -0.929398 0.333981 0.15709 -0.233513 0.242058 0.230266 0.942542 0.379318 0.231718 -0.13026 0.964022 0.394735 -0.972272 0.00111481 0.233851 -0.498827 -0.0315361 -0.991479 -0.12639 0.442366 
1535388869170 0.278652 0.913923 -0.295125 -0.611383 -0.929394 0.334053 0.156954 -0.233375 0.242031 0.230552 0.942479 0.379419 0.23164 -0.129976 0.96408 0.394768 -0.972256 0.00227149 0.23391 -0.498869 -0.0325927 -0.991515 -0.125844 0.44225 
1535388869374 0.278573 0.913933 -0.295168 -0.611613 -0.929394 0.334008 0.157054 -0.233429 0.242125 0.230577 0.942449 0.379265 0.231909 -0.13031 0.96397 0.39477 -0.972233 0.000859931 0.234013 -0.498758 -0.0313232 -0.991473 -0.126492 0.442438 
1535388869389 0.278659 0.913928 -0.2951 -0.611399 -0.929343 0.334103 0.157152 -0.233339 0.24222 0.230458 0.942454 0.379321 0.232068 -0.130377 0.963922 0.394798 -0.972161 0.00187127 0.234305 -0.498864 -0.0323517 -0.991463 -0.126313 0.442398 
1535388869405 0.278747 0.913923 -0.295035 -0.61118 -0.929292 0.334199 0.157251 -0.233247 0.242315 0.23034 0.942458 0.379377 0.232229 -0.130444 0.963874 0.394826 -0.972088 0.00288336 0.234598 -0.498972 -0.0333812 -0.991451 -0.126134 0.442357 
1535388869551 0.278834 0.913917 -0.294969 -0.610962 -0.929241 0.334294 0.157349 -0.233155 0.24241 0.230223 0.942462 0.379433 0.232389 -0.130512 0.963827 0.394855 -0.972014 0.00389552 0.234891 -0.49908 -0.0344107 -0.991439 -0.125954 0.442317 
1535388869628 0.278922 0.913912 -0.294903 -0.610743 -0.92919 0.33439 0.157447 -0.233063 0.242506 0.230105 0.942466 0.37949 0.232549 -0.13058 0.963779 0.394883 -0.971939 0.00490765 0.235183 -0.499188 -0.03544 -0.991426 -0.125774 0.442277 
1535388869745 0.27901 0.913906 -0.294837 -0.610523 -0.929139 0.334486 0.157545 -0.23297 0.242601 0.229988 0.94247 0.379547 0.232709 -0.130648 0.963731 0.394912 -0.971862 0.00591975 0.235475 -0.499296 -0.0364693 -0.991411 -0.125594 0.442237 
1535388869759 0.279097 0.913901 -0.294771 -0.610306 -0.929087 0.334582 0.157644 -0.232879 0.242696 0.22987 0.942475 0.379603 0.232869 -0.130716 0.963683 0.39494 -0.971785 0.00693185 0.235767 -0.499403 -0.0374986 -0.991396 -0.125413 0.442197 
1535388869954 0.279185 0.913895 -0.294706 -0.610086 -0.929036 0.334678 0.157742 -0.232786 0.242791 0.229753 0.942479 0.37966 0.233029 -0.130784 0.963635 0.394969 -0.971706 0.00794389 0.236059 -0.499511 -0.0385277 -0.991379 -0.125232 0.442156 
1535388870007 0.279273 0.91389 -0.29464 -0.609868 -0.928985 0.334773 0.15784 -0.232694 0.242886 0.229635 0.942483 0.379716 0.233189 -0.130852 0.963587 0.394997 -0.971627 0.00895592 0.236351 -0.499619 -0.0395568 -0.991361 -0.125051 0.442116 
1535388870152 0.27936 0.913884 -0.294574 -0.60965 -0.928934 0.334869 0.157939 -0.232603 0.242981 0.229518 0.942487 0.379772 0.233349 -0.130921 0.963539 0.395026 -0.971546 0.00996793 0.236642 -0.499727 -0.0405858 -0.991343 -0.124869 0.442076 
1535388870221 0.278972 0.914057 -0.294407 -0.609913 -0.929113 0.33441 0.157854 -0.2326 0.242741 0.229501 0.942553 0.379799 0.23306 -0.130766 0.96363 0.394969 -0.971688 0.00822951 0.236126 -0.499562 -0.0388074 -0.991379 -0.125146 0.442219 
1535388870237 0.279028 0.914089 -0.294252 -0.609706 -0.929066 0.334466 0.158016 -0.232522 0.242858 0.229288 0.942575 0.379838 0.233107 -0.130634 0.963637 0.394973 -0.971686 0.00801664 0.236141 -0.499644 -0.0385731 -0.991398 -0.125067 0.442194 
1535388870251 0.279084 0.914122 -0.294097 -0.609493 -0.929019 0.334521 0.158177 -0.232441 0.242975 0.229077 0.942596 0.379878 0.233155 -0.130503 0.963643 0.394979 -0.971683 0.00781851 0.236159 -0.499729 -0.0383537 -0.991417 -0.124984 0.44217 
1535388870359 0.279139 0.914154 -0.293944 -0.60928 -0.928971 0.334577 0.158338 -0.232359 0.243092 0.228867 0.942617 0.379918 0.233203 -0.130371 0.963649 0.394985 -0.97168 0.00762042 0.236178 -0.499815 -0.0381342 -0.991436 -0.124902 0.442146 
1535388870439 0.279195 0.914187 -0.293789 -0.609069 -0.928924 0.334632 0.158499 -0.232279 0.243208 0.228656 0.942638 0.379958 0.233252 -0.13024 0.963655 0.39499 -0.971677 0.00742226 0.236197 -0.4999 -0.0379147 -0.991455 -0.12482 0.442122 
1535388870520 0.279251 0.91422 -0.293635 -0.608856 -0.928877 0.334687 0.158659 -0.232198 0.243325 0.228445 0.942659 0.379998 0.2333 -0.130108 0.963661 0.394996 -0.971674 0.00722413 0.236216 -0.499985 -0.0376953 -0.991473 -0.124738 0.442098 
1535388870636 0.279306 0.914252 -0.293481 -0.608642 -0.928829 0.334742 0.15882 -0.232117 0.243442 0.228234 0.94268 0.380038 0.233348 -0.129977 0.963667 0.395002 -0.971671 0.00702606 0.236234 -0.50007 -0.0374758 -0.991492 -0.124655 0.442074 
1535388870698 0.279362 0.914285 -0.293327 -0.608431 -0.928782 0.334797 0.158981 -0.232036 0.243559 0.228023 0.942701 0.380078 0.233397 -0.129845 0.963673 0.395007 -0.971668 0.00682796 0.236253 -0.500155 -0.0372563 -0.991511 -0.124573 0.44205 
1535388870815 0.279418 0.914317 -0.293173 -0.608219 -0.928735 0.334852 0.159142 -0.231955 0.243676 0.227812 0.942721 0.380118 0.233445 -0.129714 0.963679 0.395013 -0.971664 0.00662979 0.236272 -0.50024 -0.0370368 -0.991529 -0.124491 0.442026 
1535388870884 0.279474 0.914349 -0.293019 -0.608005 -0.928687 0.334907 0.159303 -0.231874 0.243792 0.227602 0.942742 0.380158 0.233493 -0.129583 0.963685 0.395019 -0.971661 0.00643173 0.23629 -0.500325 -0.0368173 -0.991548 -0.124409 0.442002 
1535388871009 0.27934 0.914289 -0.293333 -0.608274 -0.928746 0.334817 0.15915 -0.231994 0.243722 0.227975 0.94267 0.380078 0.233494 -0.129781 0.963658 0.39502 -0.971648 0.00673313 0.236336 -0.500139 -0.0371604 -0.99152 -0.124529 0.442109 
1535388871023 0.279433 0.914317 -0.293159 -0.608097 -0.928739 0.334855 0.159107 -0.231907 0.24364 0.227808 0.942732 0.380107 0.233702 -0.129179 0.963689 0.39501 -0.971612 0.00646581 0.23649 -0.500261 -0.0367805 -0.9916 -0.124001 0.442035 
1535388871038 0.279527 0.914344 -0.292985 -0.607915 -0.928733 0.334895 0.159062 -0.231818 0.243557 0.227642 0.942793 0.380138 0.23391 -0.128577 0.963719 0.395001 -0.971577 0.00619873 0.236644 -0.500386 -0.0364008 -0.99168 -0.123472 0.441962 
1535388871151 0.279621 0.914371 -0.292811 -0.607733 -0.928726 0.334934 0.159018 -0.231729 0.243474 0.227477 0.942855 0.380168 0.234118 -0.127975 0.963749 0.394992 -0.971541 0.00593177 0.236798 -0.500511 -0.0360209 -0.99176 -0.122944 0.441888 
1535388871249 0.279715 0.914397 -0.292638 -0.60755 -0.92872 0.334974 0.158974 -0.231639 0.243391 0.227311 0.942916 0.380199 0.234324 -0.127373 0.963778 0.394983 -0.971505 0.00566501 0.236952 -0.500636 -0.035641 -0.991839 -0.122416 0.441815 
1535388871324 0.27981 0.914424 -0.292464 -0.607368 -0.928713 0.335013 0.158929 -0.23155 0.243308 0.227145 0.942977 0.380229 0.234532 -0.12677 0.963807 0.394974 -0.971469 0.0053982 0.237106 -0.500761 -0.0352609 -0.991917 -0.121887 0.441742 
1535388871429 0.279904 0.914451 -0.29229 -0.607186 -0.928706 0.335052 0.158885 -0.231461 0.243225 0.226979 0.943039 0.380259 0.234739 -0.126168 0.963836 0.394965 -0.971432 0.00513156 0.237261 -0.500885 -0.0348807 -0.991996 -0.121359 0.441668 
1535388871500 0.279998 0.914477 -0.292117 -0.607003 -0.9287 0.335092 0.158841 -0.231371 0.243142 0.226814 0.9431 0.38029 0.234946 -0.125566 0.963864 0.394956 -0.971396 0.00486492 0.237416 -0.50101 -0.0345004 -0.992073 -0.120831 0.441595 
1535388871622 0.280092 0.914504 -0.291943 -0.606822 -0.928693 0.335131 0.158797 -0.231282 0.243059 0.226648 0.943161 0.38032 0.235153 -0.124963 0.963892 0.394947 -0.971359 0.00459846 0.237571 -0.501135 -0.03412 -0.992151 -0.120303 0.441522 
1535388871691 0.280186 0.914531 -0.291769 -0.60664 -0.928686 0.335171 0.158752 -0.231193 0.242976 0.226482 0.943222 0.38035 0.235359 -0.124361 0.963919 0.394938 -0.971323 0.00433209 0.237725 -0.501259 -0.0337395 -0.992228 -0.119775 0.441448 
1535388871829 0.279954 0.914486 -0.29213 -0.606922 -0.92873 0.335037 0.15878 -0.231258 0.243077 0.226859 0.943106 0.380252 0.235007 -0.125056 0.963915 0.39492 -0.971396 0.00454449 0.237421 -0.501108 -0.0340714 -0.992139 -0.120411 0.441609 
1535388871851 0.280142 0.914501 -0.291904 -0.606716 -0.928705 0.335147 0.158692 -0.231169 0.242955 0.226636 0.943191 0.380303 0.234865 -0.124801 0.963983 0.39491 -0.971433 0.00457106 0.237272 -0.501211 -0.0340182 -0.992171 -0.120162 0.441569 
1535388871866 0.280323 0.914522 -0.291666 -0.606499 -0.928683 0.335248 0.158606 -0.23107 0.242829 0.226405 0.943279 0.380358 0.234724 -0.124547 0.96405 0.3949 -0.971469 0.00459778 0.237124 -0.501315 -0.0339656 -0.992203 -0.119914 0.441528 
1535388871882 0.280504 0.914542 -0.291429 -0.606282 -0.928662 0.335349 0.15852 -0.230972 0.242703 0.226173 0.943367 0.380412 0.234582 -0.124293 0.964117 0.394889 -0.971505 0.00462447 0.236976 -0.501419 -0.033913 -0.992235 -0.119666 0.441488 
1535388872063 0.280685 0.914562 -0.291191 -0.606064 -0.92864 0.33545 0.158434 -0.230873 0.242577 0.225942 0.943455 0.380467 0.234441 -0.124039 0.964185 0.394879 -0.971541 0.00465117 0.236828 -0.501523 -0.0338604 -0.992266 -0.119418 0.441448 
1535388872111 0.280865 0.914582 -0.290953 -0.605847 -0.928618 0.33555 0.158347 -0.230774 0.242451 0.22571 0.943542 0.380521 0.2343 -0.123785 0.964252 0.394869 -0.971576 0.00467774 0.23668 -0.501626 -0.0338079 -0.992298 -0.119171 0.441407 
1535388872254 0.281046 0.914602 -0.290716 -0.605629 -0.928597 0.335651 0.158261 -0.230675 0.242325 0.225479 0.94363 0.380576 0.234158 -0.123531 0.964319 0.394859 -0.971612 0.00470435 0.236532 -0.50173 -0.0337554 -0.99233 -0.118923 0.441367 
1535388872305 0.281227 0.914622 -0.290478 -0.605412 -0.928575 0.335752 0.158175 -0.230577 0.242199 0.225247 0.943718 0.380631 0.234017 -0.123277 0.964385 0.394849 -0.971648 0.00473084 0.236384 -0.501834 -0.033703 -0.992361 -0.118675 0.441327 
1535388872436 0.281408 0.914642 -0.29024 -0.605194 -0.928553 0.335853 0.158089 -0.230478 0.242073 0.225016 0.943805 0.380686 0.233875 -0.123023 0.964452 0.394839 -0.971684 0.00475736 0.236236 -0.501938 -0.0336506 -0.992392 -0.118427 0.441287 
1535388872497 0.281588 0.914662 -0.290002 -0.604977 -0.928531 0.335954 0.158003 -0.230379 0.241947 0.224785 0.943893 0.38074 0.233734 -0.122769 0.964519 0.394829 -0.97172 0.00478383 0.236088 -0.502042 -0.0335982 -0.992424 -0.118178 0.441246 
1535388872638 0.281361 0.914663 -0.29022 -0.605215 -0.928584 0.335789 0.15804 -0.2305 0.242006 0.225028 0.94382 0.380687 0.234059 -0.123366 0.964364 0.39483 -0.971641 0.00461015 0.236415 -0.501814 -0.0336114 -0.992351 -0.118789 0.441314 
1535388872650 0.281537 0.91467 -0.290026 -0.604889 -0.928584 0.335874 0.157859 -0.230364 0.241801 0.22487 0.94391 0.380769 0.234092 -0.123022 0.9644 0.394827 -0.971648 0.00424815 0.236393 -0.501961 -0.0331784 -0.992395 -0.118539 0.441242 
1535388872667 0.281713 0.914677 -0.289832 -0.604558 -0.928584 0.33596 0.157679 -0.230225 0.241597 0.224713 0.943999 0.380852 0.234125 -0.122678 0.964435 0.394824 -0.971655 0.00388635 0.236372 -0.50211 -0.0327457 -0.992439 -0.11829 0.441171 
1535388872845 0.28189 0.914685 -0.289639 -0.604227 -0.928584 0.336046 0.157499 -0.230087 0.241393 0.224556 0.944089 0.380935 0.234158 -0.122334 0.964471 0.394821 -0.971661 0.00352448 0.236351 -0.502258 -0.0323129 -0.992483 -0.118042 0.441099 
1535388872999 0.282066 0.914691 -0.289445 -0.603896 -0.928583 0.336131 0.157318 -0.229949 0.241189 0.2244 0.944178 0.381018 0.234192 -0.12199 0.964507 0.394818 -0.971668 0.0031626 0.236331 -0.502407 -0.0318802 -0.992526 -0.117793 0.441027 
1535388873164 0.282242 0.914698 -0.289251 -0.603566 -0.928583 0.336217 0.157138 -0.229811 0.240985 0.224243 0.944268 0.3811 0.234225 -0.121645 0.964542 0.394815 -0.971674 0.00280067 0.23631 -0.502555 -0.0314474 -0.99257 -0.117544 0.440956 
1535388873335 0.282418 0.914705 -0.289058 -0.603235 -0.928582 0.336303 0.156958 -0.229672 0.240781 0.224086 0.944357 0.381183 0.234258 -0.121301 0.964577 0.394812 -0.97168 0.00243883 0.236289 -0.502703 -0.0310146 -0.992613 -0.117295 0.440884 
1535388873357 0.282594 0.914712 -0.288864 -0.602905 -0.928581 0.336389 0.156778 -0.229534 0.240577 0.223929 0.944446 0.381266 0.234291 -0.120957 0.964612 0.394809 -0.971685 0.00207689 0.236269 -0.502852 -0.0305818 -0.992656 -0.117046 0.440813 
1535388873492 0.28277 0.914719 -0.28867 -0.602573 -0.928581 0.336475 0.156597 -0.229395 0.240373 0.223773 0.944535 0.381349 0.234323 -0.120613 0.964648 0.394806 -0.971691 0.00171502 0.236249 -0.503 -0.030149 -0.992698 -0.116797 0.440741 
1535388873706 0.282946 0.914726 -0.288476 -0.602242 -0.92858 0.33656 0.156417 -0.229257 0.240168 0.223616 0.944624 0.381432 0.234356 -0.120269 0.964683 0.394803 -0.971697 0.00135313 0.236228 -0.503149 -0.0297162 -0.99274 -0.116548 0.440669 
1535388873883 0.282868 0.914706 -0.288617 -0.602471 -0.928571 0.33654 0.156513 -0.229394 0.240294 0.223729 0.944566 0.381359 0.234263 -0.12077 0.964643 0.394768 -0.971706 0.00166571 0.236187 -0.503011 -0.030131 -0.992679 -0.116963 0.440787 
1535388873888 0.283174 0.914778 -0.288085 -0.602159 -0.928507 0.336715 0.156519 -0.229227 0.240182 0.223167 0.944727 0.381396 0.234094 -0.120552 0.964711 0.394774 -0.971746 0.00177892 0.236023 -0.503105 -0.0301692 -0.992705 -0.116729 0.440712 
1535388873904 0.283481 0.91485 -0.287554 -0.601843 -0.928442 0.336891 0.156524 -0.229057 0.24007 0.222606 0.944888 0.381434 0.233926 -0.120332 0.964779 0.394781 -0.971785 0.00189139 0.235861 -0.503199 -0.0302065 -0.992732 -0.116495 0.440638 
1535388874075 0.283788 0.914922 -0.287022 -0.601526 -0.928377 0.337067 0.156529 -0.228887 0.239958 0.222044 0.945049 0.381473 0.233758 -0.120113 0.964847 0.394787 -0.971824 0.00200385 0.235698 -0.503293 -0.0302438 -0.992758 -0.11626 0.440563 
1535388874175 0.284095 0.914993 -0.286491 -0.601209 -0.928313 0.337243 0.156535 -0.228717 0.239845 0.221482 0.945209 0.381511 0.23359 -0.119894 0.964915 0.394794 -0.971863 0.00211625 0.235535 -0.503387 -0.0302812 -0.992784 -0.116026 0.440489 
