1533301231749 0.134241 0.935412 -0.327084 -0.599694 -0.957535 0.207434 0.200242 -0.222571 0.255158 0.286314 0.923536 0.381605 1 0 0 0 0 1 0 0 0 0 1 1.306 
1533301231761 0.134254 0.93608 -0.32516 -0.600314 -0.956818 0.207828 0.203242 -0.222733 0.257829 0.283833 0.92356 0.381709 0.313239 -0.3866 0.867422 0.386189 -0.93126 -0.304042 0.200784 -0.500185 0.18611 -0.870689 -0.455263 0.505382 
1533301231778 0.134273 0.936744 -0.323235 -0.600933 -0.956092 0.208213 0.206242 -0.222895 0.260497 0.281349 0.923571 0.381812 0.316244 -0.384866 0.867103 0.400217 -0.929998 -0.306258 0.203249 -0.504049 0.187334 -0.87068 -0.454777 0.486145 
1533301231795 0.134297 0.937404 -0.321307 -0.601552 -0.955358 0.208589 0.20924 -0.223058 0.263164 0.278863 0.923569 0.381916 0.316258 -0.384857 0.867102 0.400836 -0.929992 -0.306267 0.203261 -0.504368 0.187338 -0.870681 -0.454774 0.485921 
1533301231811 0.134327 0.938059 -0.319378 -0.602172 -0.954616 0.208958 0.212237 -0.22322 0.265828 0.276374 0.923555 0.38202 0.316239 -0.384881 0.867098 0.400855 -0.93 -0.306257 0.203241 -0.504361 0.187331 -0.870674 -0.454789 0.485943 
1533301231828 0.134363 0.938709 -0.317447 -0.602791 -0.953866 0.209319 0.215233 -0.223382 0.268489 0.273883 0.923527 0.382123 0.316214 -0.384899 0.867099 0.400827 -0.930009 -0.306245 0.203216 -0.504329 0.187327 -0.87067 -0.454799 0.48594 
1533301231845 0.134403 0.939354 -0.315515 -0.603411 -0.953108 0.209671 0.218229 -0.223544 0.271149 0.271389 0.923486 0.382227 0.3162 -0.384907 0.867101 0.400798 -0.930014 -0.306239 0.203202 -0.504306 0.187326 -0.870669 -0.454801 0.485922 
1533301231861 0.13445 0.939994 -0.313582 -0.604029 -0.952341 0.210016 0.221223 -0.223706 0.273806 0.268894 0.923432 0.382331 0.316197 -0.384904 0.867103 0.400778 -0.930014 -0.30624 0.2032 -0.504292 0.187329 -0.87067 -0.454799 0.485903 
1533301231878 0.134503 0.94063 -0.311648 -0.604643 -0.951567 0.210353 0.224216 -0.223867 0.27646 0.266396 0.923365 0.382436 0.316201 -0.384895 0.867106 0.400765 -0.930012 -0.306246 0.203202 -0.504277 0.187337 -0.870672 -0.454792 0.485883 
1533301231895 0.134565 0.941255 -0.309727 -0.605192 -0.950785 0.210688 0.227195 -0.224004 0.279105 0.263912 0.923283 0.382556 0.316123 -0.384928 0.86712 0.40068 -0.93004 -0.30621 0.20313 -0.504145 0.18733 -0.87067 -0.454798 0.485852 
1533301231920 0.133656 0.935901 -0.325922 -0.599832 -0.957417 0.206863 0.201394 -0.222433 0.255907 0.285126 0.923696 0.381817 1 0 0 0 0 1 0 0 0 0 1 1.306 
1533301231931 0.133729 0.936519 -0.324113 -0.600438 -0.95671 0.207309 0.204278 -0.222609 0.258502 0.282764 0.9237 0.381899 0.313239 -0.3866 0.867422 0.386189 -0.93126 -0.304042 0.200784 -0.500185 0.18611 -0.870689 -0.455263 0.505382 
1533301231948 0.133808 0.937132 -0.322302 -0.601044 -0.955994 0.207749 0.207162 -0.222785 0.261096 0.280399 0.923691 0.381982 0.316244 -0.384866 0.867103 0.400216 -0.929998 -0.306258 0.203249 -0.504049 0.187334 -0.87068 -0.454777 0.486145 
1533301231965 0.133892 0.937741 -0.32049 -0.601649 -0.95527 0.208182 0.210045 -0.222961 0.263688 0.278031 0.923671 0.382064 0.316258 -0.384857 0.867102 0.400836 -0.929992 -0.306267 0.203261 -0.504368 0.187338 -0.870681 -0.454774 0.485921 
1533301231981 0.133981 0.938347 -0.318676 -0.602255 -0.954539 0.208606 0.212927 -0.223137 0.266278 0.275661 0.923638 0.382147 0.316239 -0.384881 0.867098 0.400855 -0.93 -0.306257 0.203241 -0.504361 0.187331 -0.870674 -0.454789 0.485943 
1533301231998 0.134076 0.938947 -0.316862 -0.602861 -0.953801 0.209024 0.215808 -0.223313 0.268865 0.273289 0.923594 0.382229 0.316214 -0.384899 0.867099 0.400827 -0.930009 -0.306245 0.203216 -0.504329 0.187327 -0.87067 -0.454799 0.48594 
1533301232015 0.134175 0.939544 -0.315046 -0.603466 -0.953054 0.209434 0.218689 -0.223489 0.27145 0.270914 0.923537 0.382312 0.3162 -0.384907 0.867101 0.400798 -0.930014 -0.306239 0.203202 -0.504306 0.187326 -0.870669 -0.454801 0.485922 
1533301232031 0.134279 0.940136 -0.31323 -0.604072 -0.9523 0.209838 0.221568 -0.223665 0.274032 0.268537 0.923469 0.382394 0.316197 -0.384904 0.867103 0.400778 -0.930014 -0.30624 0.2032 -0.504292 0.187329 -0.87067 -0.454799 0.485903 
1533301232048 0.134389 0.940724 -0.311414 -0.604672 -0.951539 0.210234 0.224446 -0.22384 0.276612 0.266159 0.923388 0.382478 0.316201 -0.384895 0.867106 0.400765 -0.930012 -0.306246 0.203202 -0.504277 0.187337 -0.870672 -0.454792 0.485883 
1533301232055 0.134508 0.941302 -0.309609 -0.605209 -0.950771 0.210628 0.227312 -0.223991 0.279182 0.263792 0.923294 0.382577 0.316123 -0.384928 0.86712 0.40068 -0.93004 -0.30621 0.20313 -0.504145 0.18733 -0.87067 -0.454798 0.485852 
1533301232080 0.132547 0.937603 -0.321452 -0.600967 -0.956103 0.206456 0.207948 -0.222207 0.261338 0.279779 0.923811 0.382047 1 0 0 0 0 1 0 0 0 0 1 1.306 
1533301232092 0.132587 0.9374 -0.322027 -0.600921 -0.956247 0.206461 0.207282 -0.222188 0.260793 0.280454 0.92376 0.382065 0.313239 -0.3866 0.867422 0.386189 -0.93126 -0.304042 0.200784 -0.500185 0.18611 -0.870689 -0.455263 0.505382 
1533301232108 0.132629 0.937197 -0.322602 -0.600875 -0.95639 0.206467 0.206617 -0.222169 0.260247 0.281129 0.923709 0.382084 0.316244 -0.384866 0.867103 0.400216 -0.929998 -0.306258 0.203249 -0.504049 0.187334 -0.87068 -0.454777 0.486145 
1533301232115 0.132671 0.936993 -0.323175 -0.600829 -0.956532 0.206472 0.205951 -0.222149 0.259701 0.281804 0.923657 0.382103 0.316258 -0.384857 0.867102 0.400836 -0.929992 -0.306267 0.203261 -0.504368 0.187338 -0.870681 -0.454774 0.485921 
1533301232128 0.132714 0.936789 -0.323749 -0.600783 -0.956674 0.206477 0.205285 -0.22213 0.259155 0.282479 0.923604 0.382121 0.316239 -0.384881 0.867098 0.400855 -0.93 -0.306257 0.203241 -0.504361 0.187331 -0.870674 -0.454789 0.485943 
1533301232145 0.132757 0.936584 -0.324323 -0.600737 -0.956816 0.206481 0.204619 -0.222111 0.258609 0.283153 0.923551 0.38214 0.316214 -0.384899 0.867099 0.400827 -0.930009 -0.306245 0.203216 -0.504329 0.187327 -0.87067 -0.454799 0.48594 
1533301232162 0.1328 0.936379 -0.324896 -0.600691 -0.956957 0.206485 0.203953 -0.222092 0.258064 0.283827 0.923496 0.382158 0.3162 -0.384907 0.867101 0.400798 -0.930014 -0.306239 0.203202 -0.504306 0.187326 -0.870669 -0.454801 0.485922 
1533301232179 0.132844 0.936174 -0.32547 -0.600645 -0.957098 0.206488 0.203287 -0.222073 0.257517 0.284501 0.923441 0.382176 0.316197 -0.384904 0.867103 0.400778 -0.930014 -0.30624 0.2032 -0.504292 0.187329 -0.87067 -0.454799 0.485903 
1533301232195 0.132889 0.935968 -0.326044 -0.6006 -0.957239 0.206491 0.20262 -0.222054 0.256971 0.285176 0.923385 0.382195 0.316201 -0.384895 0.867106 0.400765 -0.930012 -0.306246 0.203202 -0.504277 0.187337 -0.870672 -0.454792 0.485883 
1533301232212 0.132932 0.935763 -0.326614 -0.600564 -0.957379 0.206493 0.201957 -0.222039 0.256427 0.285846 0.923329 0.382208 0.316123 -0.384928 0.86712 0.40068 -0.93004 -0.30621 0.20313 -0.504145 0.18733 -0.87067 -0.454798 0.485852 
1533301232237 0.135284 0.938332 -0.318169 -0.602401 -0.954243 0.209822 0.21306 -0.223729 0.26668 0.274787 0.923782 0.382032 1 0 0 0 0 1 0 0 0 0 1 1.306 
1533301232248 0.135053 0.93799 -0.319274 -0.602257 -0.954313 0.209819 0.212749 -0.223731 0.266546 0.275955 0.923473 0.382008 0.313239 -0.3866 0.867422 0.386189 -0.93126 -0.304042 0.200784 -0.500185 0.18611 -0.870689 -0.455263 0.505382 
1533301232265 0.134824 0.937646 -0.320379 -0.602113 -0.954383 0.209817 0.212438 -0.223734 0.266413 0.277122 0.923162 0.381984 0.316244 -0.384866 0.867103 0.400216 -0.929998 -0.306258 0.203249 -0.504049 0.187334 -0.87068 -0.454777 0.486145 
1533301232282 0.134594 0.937301 -0.321484 -0.60197 -0.954453 0.209815 0.212128 -0.223736 0.266279 0.27829 0.922849 0.38196 0.316258 -0.384857 0.867102 0.400836 -0.929992 -0.306267 0.203261 -0.504368 0.187338 -0.870681 -0.454774 0.485921 
1533301232299 0.134365 0.936954 -0.322588 -0.601826 -0.954522 0.209812 0.211817 -0.223739 0.266145 0.279456 0.922535 0.381936 0.316239 -0.384881 0.867098 0.400855 -0.93 -0.306257 0.203241 -0.504361 0.187331 -0.870674 -0.454789 0.485943 
1533301232315 0.134136 0.936606 -0.323691 -0.601682 -0.954592 0.209808 0.211507 -0.223741 0.266011 0.280622 0.92222 0.381913 0.316214 -0.384899 0.867099 0.400827 -0.930009 -0.306245 0.203216 -0.504329 0.187327 -0.87067 -0.454799 0.48594 
1533301232332 0.133907 0.936257 -0.324795 -0.601538 -0.954661 0.209805 0.211196 -0.223743 0.265877 0.281789 0.921903 0.381889 0.3162 -0.384907 0.867101 0.400798 -0.930014 -0.306239 0.203202 -0.504306 0.187326 -0.870669 -0.454801 0.485922 
1533301232349 0.133678 0.935906 -0.325898 -0.601395 -0.954731 0.2098 0.210885 -0.223746 0.265742 0.282954 0.921585 0.381865 0.316197 -0.384904 0.867103 0.400778 -0.930014 -0.30624 0.2032 -0.504292 0.187329 -0.87067 -0.454799 0.485903 
1533301232365 0.133449 0.935554 -0.327 -0.601252 -0.954801 0.209796 0.210574 -0.223749 0.265607 0.284119 0.921265 0.38184 0.316201 -0.384895 0.867106 0.400765 -0.930012 -0.306246 0.203202 -0.504277 0.187337 -0.870672 -0.454792 0.485883 
1533301232382 0.13322 0.935203 -0.328098 -0.60113 -0.95487 0.20979 0.210266 -0.223756 0.265473 0.285279 0.920945 0.38181 0.316123 -0.384928 0.86712 0.40068 -0.93004 -0.30621 0.20313 -0.504145 0.18733 -0.87067 -0.454798 0.485852 
1533301232408 0.139831 0.936941 -0.320296 -0.602867 -0.953289 0.214852 0.212316 -0.22562 0.267744 0.275646 0.923219 0.381574 1 0 0 0 0 1 0 0 0 0 1 1.306 
1533301232418 0.139475 0.93683 -0.320773 -0.602677 -0.953425 0.214542 0.212021 -0.225541 0.267447 0.276262 0.923121 0.381485 0.313239 -0.3866 0.867422 0.386189 -0.93126 -0.304042 0.200784 -0.500185 0.18611 -0.870689 -0.455263 0.505382 
1533301232435 0.139118 0.936719 -0.321252 -0.602487 -0.95356 0.214232 0.211726 -0.225463 0.26715 0.276878 0.923022 0.381396 0.316244 -0.384866 0.867103 0.400216 -0.929998 -0.306258 0.203249 -0.504049 0.187334 -0.87068 -0.454777 0.486145 
1533301232442 0.138762 0.936608 -0.32173 -0.602297 -0.953695 0.213921 0.211431 -0.225384 0.266853 0.277494 0.922923 0.381308 0.316258 -0.384857 0.867102 0.400836 -0.929992 -0.306267 0.203261 -0.504368 0.187338 -0.870681 -0.454774 0.485921 
1533301232455 0.138406 0.936496 -0.322209 -0.602107 -0.95383 0.213611 0.211135 -0.225306 0.266555 0.27811 0.922824 0.381219 0.316239 -0.384881 0.867098 0.400855 -0.93 -0.306257 0.203241 -0.504361 0.187331 -0.870674 -0.454789 0.485943 
1533301232472 0.13805 0.936384 -0.322687 -0.601917 -0.953965 0.2133 0.21084 -0.225227 0.266257 0.278726 0.922724 0.38113 0.316214 -0.384899 0.867099 0.400827 -0.930009 -0.306245 0.203216 -0.504329 0.187327 -0.87067 -0.454799 0.48594 
1533301232489 0.137695 0.936271 -0.323166 -0.601726 -0.9541 0.212989 0.210545 -0.225149 0.265958 0.279342 0.922624 0.381041 0.3162 -0.384907 0.867101 0.400798 -0.930014 -0.306239 0.203202 -0.504306 0.187326 -0.870669 -0.454801 0.485922 
1533301232505 0.137339 0.936158 -0.323644 -0.601536 -0.954234 0.212678 0.210251 -0.225071 0.26566 0.279956 0.922523 0.380952 0.316197 -0.384904 0.867103 0.400778 -0.930014 -0.30624 0.2032 -0.504292 0.187329 -0.87067 -0.454799 0.485903 
1533301232522 0.136984 0.936045 -0.324122 -0.601348 -0.954368 0.212366 0.209956 -0.224992 0.265361 0.280571 0.922422 0.380863 0.316201 -0.384895 0.867106 0.400765 -0.930012 -0.306246 0.203202 -0.504277 0.187337 -0.870672 -0.454792 0.485883 
1533301232540 0.136628 0.935932 -0.324598 -0.601177 -0.954502 0.212054 0.209663 -0.224918 0.265063 0.281183 0.922322 0.380772 0.316123 -0.384928 0.86712 0.40068 -0.93004 -0.30621 0.20313 -0.504145 0.18733 -0.87067 -0.454798 0.485852 
1533301232564 0.137857 0.936264 -0.323117 -0.602377 -0.9538 0.213419 0.211467 -0.225218 0.266948 0.279037 0.92243 0.381617 1 0 0 0 0 1 0 0 0 0 1 1.306 
1533301232575 0.137421 0.936165 -0.32359 -0.602176 -0.954023 0.212951 0.21093 -0.225067 0.266375 0.279726 0.922387 0.381612 0.313239 -0.3866 0.867422 0.386189 -0.93126 -0.304042 0.200784 -0.500185 0.18611 -0.870689 -0.455263 0.505382 
1533301232592 0.136986 0.936065 -0.324064 -0.601975 -0.954245 0.212485 0.210395 -0.224916 0.265802 0.280415 0.922343 0.381607 0.316244 -0.384866 0.867103 0.400216 -0.929998 -0.306258 0.203249 -0.504049 0.187334 -0.87068 -0.454777 0.486145 
1533301232609 0.136551 0.935964 -0.324538 -0.601774 -0.954467 0.212017 0.209859 -0.224765 0.265228 0.281104 0.922298 0.381602 0.316258 -0.384857 0.867102 0.400836 -0.929992 -0.306267 0.203261 -0.504368 0.187338 -0.870681 -0.454774 0.485921 
1533301232625 0.136116 0.935863 -0.325012 -0.601573 -0.954689 0.211549 0.209324 -0.224614 0.264655 0.281793 0.922253 0.381597 0.316239 -0.384881 0.867098 0.400855 -0.93 -0.306257 0.203241 -0.504361 0.187331 -0.870674 -0.454789 0.485943 
1533301232643 0.135681 0.935762 -0.325486 -0.601373 -0.954909 0.21108 0.208789 -0.224462 0.264081 0.28248 0.922207 0.381592 0.316214 -0.384899 0.867099 0.400827 -0.930009 -0.306245 0.203216 -0.504329 0.187327 -0.87067 -0.454799 0.48594 
1533301232659 0.135247 0.935659 -0.32596 -0.601172 -0.95513 0.210612 0.208254 -0.224311 0.263506 0.283168 0.922161 0.381586 0.3162 -0.384907 0.867101 0.400798 -0.930014 -0.306239 0.203202 -0.504306 0.187326 -0.870669 -0.454801 0.485922 
1533301232666 0.134813 0.935557 -0.326434 -0.600971 -0.955349 0.210143 0.20772 -0.22416 0.262931 0.283855 0.922113 0.381581 0.316197 -0.384904 0.867103 0.400778 -0.930014 -0.30624 0.2032 -0.504292 0.187329 -0.87067 -0.454799 0.485903 
1533301232679 0.134379 0.935453 -0.326909 -0.600772 -0.955569 0.209673 0.207185 -0.22401 0.262356 0.284542 0.922066 0.381576 0.316201 -0.384895 0.867106 0.400765 -0.930012 -0.306246 0.203202 -0.504277 0.187337 -0.870672 -0.454792 0.485883 
1533301232696 0.133945 0.935351 -0.327379 -0.600592 -0.955787 0.209202 0.206654 -0.223866 0.261782 0.285225 0.922018 0.381566 0.316123 -0.384928 0.86712 0.40068 -0.93004 -0.30621 0.20313 -0.504145 0.18733 -0.87067 -0.454798 0.485852 
1533301232726 0.136519 0.936292 -0.323605 -0.60164 -0.954311 0.211948 0.210638 -0.22475 0.265806 0.280064 0.922448 0.381329 1 0 0 0 0 1 0 0 0 0 1 1.306 
1533301232739 0.136209 0.936282 -0.323763 -0.601482 -0.954626 0.211409 0.209752 -0.224575 0.264834 0.280502 0.922595 0.381376 0.313239 -0.3866 0.867422 0.386189 -0.93126 -0.304042 0.200784 -0.500185 0.18611 -0.870689 -0.455263 0.505382 
1533301232756 0.1359 0.936273 -0.323921 -0.601323 -0.954939 0.21087 0.208865 -0.2244 0.26386 0.28094 0.922741 0.381422 0.316244 -0.384866 0.867103 0.400216 -0.929998 -0.306258 0.203249 -0.504049 0.187334 -0.87068 -0.454777 0.486145 
1533301232772 0.13559 0.936263 -0.324079 -0.601165 -0.955252 0.21033 0.207978 -0.224224 0.262886 0.281377 0.922886 0.381469 0.316258 -0.384857 0.867102 0.400836 -0.929992 -0.306267 0.203261 -0.504368 0.187338 -0.870681 -0.454774 0.485921 
1533301232789 0.135281 0.936253 -0.324238 -0.601006 -0.955563 0.20979 0.207091 -0.224049 0.261911 0.281814 0.923029 0.381515 0.316239 -0.384881 0.867098 0.400855 -0.93 -0.306257 0.203241 -0.504361 0.187331 -0.870674 -0.454789 0.485943 
1533301232806 0.134972 0.936242 -0.324396 -0.600848 -0.955874 0.209249 0.206204 -0.223874 0.260937 0.28225 0.923172 0.381562 0.316214 -0.384899 0.867099 0.400827 -0.930009 -0.306245 0.203216 -0.504329 0.187327 -0.87067 -0.454799 0.48594 
1533301232822 0.134663 0.936231 -0.324556 -0.60069 -0.956183 0.208708 0.205316 -0.223699 0.259961 0.282686 0.923314 0.381609 0.3162 -0.384907 0.867101 0.400798 -0.930014 -0.306239 0.203202 -0.504306 0.187326 -0.870669 -0.454801 0.485922 
1533301232839 0.134354 0.936221 -0.324715 -0.600531 -0.956491 0.208167 0.204429 -0.223524 0.258986 0.283121 0.923455 0.381655 0.316197 -0.384904 0.867103 0.400778 -0.930014 -0.30624 0.2032 -0.504292 0.187329 -0.87067 -0.454799 0.485903 
1533301232856 0.134046 0.93621 -0.324874 -0.600374 -0.956798 0.207625 0.203542 -0.223349 0.258009 0.283555 0.923595 0.381702 0.316201 -0.384895 0.867106 0.400765 -0.930012 -0.306246 0.203202 -0.504277 0.187337 -0.870672 -0.454792 0.485883 
1533301232872 0.133736 0.9362 -0.325031 -0.600231 -0.957104 0.207081 0.202657 -0.223181 0.257035 0.283986 0.923734 0.381743 0.316123 -0.384928 0.86712 0.40068 -0.93004 -0.30621 0.20313 -0.504145 0.18733 -0.87067 -0.454798 0.485852 
1533301232897 0.133754 0.936219 -0.324968 -0.601034 -0.955393 0.208944 0.208728 -0.223682 0.263315 0.282554 0.922404 0.381612 1 0 0 0 0 1 0 0 0 0 1 1.306 
1533301232909 0.133611 0.936197 -0.325089 -0.600916 -0.955698 0.20853 0.20774 -0.223528 0.262277 0.282931 0.922584 0.381679 0.313239 -0.3866 0.867422 0.386189 -0.93126 -0.304042 0.200784 -0.500185 0.18611 -0.870689 -0.455263 0.505382 
1533301232926 0.133468 0.936175 -0.325212 -0.600798 -0.956003 0.208116 0.206751 -0.223374 0.261237 0.283309 0.922763 0.381747 0.316244 -0.384866 0.867103 0.400216 -0.929998 -0.306258 0.203249 -0.504049 0.187334 -0.87068 -0.454777 0.486145 
1533301232942 0.133325 0.936153 -0.325334 -0.60068 -0.956307 0.207702 0.205762 -0.22322 0.260197 0.283685 0.922941 0.381815 0.316258 -0.384857 0.867102 0.400836 -0.929992 -0.306267 0.203261 -0.504368 0.187338 -0.870681 -0.454774 0.485921 
1533301232959 0.133183 0.936131 -0.325456 -0.600562 -0.956609 0.207287 0.204772 -0.223066 0.259156 0.284062 0.923118 0.381882 0.316239 -0.384881 0.867098 0.400855 -0.93 -0.306257 0.203241 -0.504361 0.187331 -0.870674 -0.454789 0.485943 
1533301232976 0.13304 0.936108 -0.325579 -0.600444 -0.95691 0.206872 0.203782 -0.222912 0.258115 0.284438 0.923294 0.38195 0.316214 -0.384899 0.867099 0.400827 -0.930009 -0.306245 0.203216 -0.504329 0.187327 -0.87067 -0.454799 0.48594 
1533301232992 0.132898 0.936086 -0.325702 -0.600325 -0.95721 0.206456 0.202792 -0.222757 0.257074 0.284814 0.923468 0.382017 0.3162 -0.384907 0.867101 0.400798 -0.930014 -0.306239 0.203202 -0.504306 0.187326 -0.870669 -0.454801 0.485922 
1533301233009 0.132756 0.936063 -0.325824 -0.600207 -0.957509 0.20604 0.201802 -0.222603 0.256032 0.285189 0.923642 0.382085 0.316197 -0.384904 0.867103 0.400778 -0.930014 -0.30624 0.2032 -0.504292 0.187329 -0.87067 -0.454799 0.485903 
1533301233026 0.132614 0.936041 -0.325947 -0.60009 -0.957807 0.205624 0.200811 -0.22245 0.25499 0.285564 0.923814 0.382152 0.316201 -0.384895 0.867106 0.400765 -0.930012 -0.306246 0.203202 -0.504277 0.187337 -0.870672 -0.454792 0.485883 
1533301233042 0.13247 0.936019 -0.326067 -0.599985 -0.958103 0.205206 0.199825 -0.222303 0.253951 0.285935 0.923986 0.382214 0.316123 -0.384928 0.86712 0.40068 -0.93004 -0.30621 0.20313 -0.504145 0.18733 -0.87067 -0.454798 0.485852 
1533301233068 0.132982 0.936316 -0.325006 -0.60056 -0.956577 0.207067 0.205143 -0.223085 0.259377 0.283613 0.923194 0.38173 1 0 0 0 0 1 0 0 0 0 1 1.306 
1533301233079 0.132996 0.936227 -0.325254 -0.600482 -0.956822 0.206864 0.204204 -0.222988 0.258465 0.284052 0.923315 0.381798 0.313239 -0.3866 0.867422 0.386189 -0.93126 -0.304042 0.200784 -0.500185 0.18611 -0.870689 -0.455263 0.505382 
1533301233096 0.13301 0.936139 -0.325503 -0.600403 -0.957066 0.206661 0.203265 -0.222891 0.257553 0.284492 0.923434 0.381866 0.316244 -0.384866 0.867103 0.400216 -0.929998 -0.306258 0.203249 -0.504049 0.187334 -0.87068 -0.454777 0.486145 
1533301233112 0.133024 0.93605 -0.325752 -0.600325 -0.957309 0.206456 0.202327 -0.222793 0.256641 0.284931 0.923553 0.381934 0.316258 -0.384857 0.867102 0.400836 -0.929992 -0.306267 0.203261 -0.504368 0.187338 -0.870681 -0.454774 0.485921 
1533301233129 0.133038 0.935962 -0.326001 -0.600246 -0.957551 0.206252 0.201387 -0.222696 0.255729 0.28537 0.92367 0.382002 0.316239 -0.384881 0.867098 0.400855 -0.93 -0.306257 0.203241 -0.504361 0.187331 -0.870674 -0.454789 0.485943 
1533301233146 0.133053 0.935873 -0.32625 -0.600168 -0.957792 0.206046 0.200449 -0.222599 0.254817 0.285809 0.923787 0.38207 0.316214 -0.384899 0.867099 0.400827 -0.930009 -0.306245 0.203216 -0.504329 0.187327 -0.87067 -0.454799 0.48594 
1533301233162 0.133068 0.935784 -0.326499 -0.60009 -0.958032 0.205841 0.199509 -0.222502 0.253904 0.286248 0.923902 0.382137 0.3162 -0.384907 0.867101 0.400798 -0.930014 -0.306239 0.203202 -0.504306 0.187326 -0.870669 -0.454801 0.485922 
1533301233179 0.133083 0.935695 -0.326747 -0.600011 -0.958272 0.205635 0.19857 -0.222405 0.252992 0.286686 0.924016 0.382205 0.316197 -0.384904 0.867103 0.400778 -0.930014 -0.30624 0.2032 -0.504292 0.187329 -0.87067 -0.454799 0.485903 
1533301233196 0.133098 0.935606 -0.326996 -0.599934 -0.95851 0.205429 0.19763 -0.222308 0.252078 0.287125 0.92413 0.382273 0.316201 -0.384895 0.867106 0.400765 -0.930012 -0.306246 0.203202 -0.504277 0.187337 -0.870672 -0.454792 0.485883 
1533301233212 0.133112 0.935518 -0.327242 -0.599866 -0.958747 0.20522 0.196694 -0.222217 0.251168 0.28756 0.924242 0.382336 0.316123 -0.384928 0.86712 0.40068 -0.93004 -0.30621 0.20313 -0.504145 0.18733 -0.87067 -0.454798 0.485852 
1533301233241 0.131613 0.936316 -0.325561 -0.600127 -0.95786 0.204703 0.201498 -0.222244 0.255309 0.285322 0.923801 0.382077 1 0 0 0 0 1 0 0 0 0 1 1.306 
1533301233252 0.131604 0.936183 -0.325948 -0.600066 -0.958033 0.204585 0.200793 -0.222198 0.254663 0.285843 0.923818 0.382143 0.313239 -0.3866 0.867422 0.386189 -0.93126 -0.304042 0.200784 -0.500185 0.18611 -0.870689 -0.455263 0.505382 
1533301233269 0.131596 0.93605 -0.326334 -0.600005 -0.958206 0.204467 0.200088 -0.222152 0.254016 0.286364 0.923835 0.382209 0.316244 -0.384866 0.867103 0.400216 -0.929998 -0.306258 0.203249 -0.504049 0.187334 -0.87068 -0.454777 0.486145 
1533301233286 0.131587 0.935916 -0.326719 -0.599943 -0.958378 0.204348 0.199382 -0.222107 0.25337 0.286884 0.923851 0.382276 0.316258 -0.384857 0.867102 0.400836 -0.929992 -0.306267 0.203261 -0.504368 0.187338 -0.870681 -0.454774 0.485921 
1533301233302 0.13158 0.935783 -0.327105 -0.599882 -0.95855 0.204229 0.198677 -0.222061 0.252723 0.287405 0.923867 0.382342 0.316239 -0.384881 0.867098 0.400855 -0.93 -0.306257 0.203241 -0.504361 0.187331 -0.870674 -0.454789 0.485943 
1533301233319 0.131572 0.935649 -0.32749 -0.599821 -0.958721 0.204109 0.197971 -0.222015 0.252076 0.287925 0.923882 0.382408 0.316214 -0.384899 0.867099 0.400827 -0.930009 -0.306245 0.203216 -0.504329 0.187327 -0.87067 -0.454799 0.48594 
1533301233336 0.131565 0.935515 -0.327876 -0.59976 -0.958892 0.203989 0.197266 -0.221969 0.251428 0.288444 0.923896 0.382474 0.3162 -0.384907 0.867101 0.400798 -0.930014 -0.306239 0.203202 -0.504306 0.187326 -0.870669 -0.454801 0.485922 
1533301233352 0.131558 0.935381 -0.328261 -0.599699 -0.959063 0.203869 0.19656 -0.221923 0.250781 0.288964 0.923909 0.38254 0.316197 -0.384904 0.867103 0.400778 -0.930014 -0.30624 0.2032 -0.504292 0.187329 -0.87067 -0.454799 0.485903 
1533301233369 0.131551 0.935246 -0.328647 -0.599638 -0.959233 0.203749 0.195854 -0.221878 0.250133 0.289484 0.923922 0.382606 0.316201 -0.384895 0.867106 0.400765 -0.930012 -0.306246 0.203202 -0.504277 0.187337 -0.870672 -0.454792 0.485883 
1533301233386 0.131544 0.935113 -0.329029 -0.599587 -0.959402 0.203627 0.195151 -0.221837 0.249488 0.290001 0.923935 0.382667 0.316123 -0.384928 0.86712 0.40068 -0.93004 -0.30621 0.20313 -0.504145 0.18733 -0.87067 -0.454798 0.485852 
1533301233411 0.132487 0.93578 -0.326745 -0.599951 -0.958405 0.205021 0.19856 -0.222265 0.252798 0.286847 0.924019 0.382272 1 0 0 0 0 1 0 0 0 0 1 1.306 
1533301233422 0.132563 0.935672 -0.327023 -0.599919 -0.958402 0.205143 0.198448 -0.222286 0.252768 0.287113 0.923945 0.382281 0.313239 -0.3866 0.867422 0.386189 -0.93126 -0.304042 0.200784 -0.500185 0.18611 -0.870689 -0.455263 0.505382 
1533301233439 0.13264 0.935564 -0.327302 -0.599887 -0.9584 0.205264 0.198335 -0.222307 0.252739 0.287379 0.92387 0.382289 0.316244 -0.384866 0.867103 0.400216 -0.929998 -0.306258 0.203249 -0.504049 0.187334 -0.87068 -0.454777 0.486145 
1533301233456 0.132716 0.935456 -0.327581 -0.599856 -0.958397 0.205385 0.198223 -0.222327 0.252709 0.287645 0.923796 0.382297 0.316258 -0.384857 0.867102 0.400836 -0.929992 -0.306267 0.203261 -0.504368 0.187338 -0.870681 -0.454774 0.485921 
1533301233473 0.132792 0.935347 -0.327859 -0.599824 -0.958394 0.205506 0.19811 -0.222348 0.252679 0.287911 0.923721 0.382306 0.316239 -0.384881 0.867098 0.400855 -0.93 -0.306257 0.203241 -0.504361 0.187331 -0.870674 -0.454789 0.485943 
1533301233489 0.132869 0.935239 -0.328138 -0.599792 -0.958391 0.205628 0.197998 -0.222369 0.252649 0.288177 0.923646 0.382314 0.316214 -0.384899 0.867099 0.400827 -0.930009 -0.306245 0.203216 -0.504329 0.187327 -0.87067 -0.454799 0.48594 
1533301233506 0.132945 0.93513 -0.328416 -0.59976 -0.958389 0.205749 0.197885 -0.22239 0.25262 0.288443 0.923571 0.382323 0.3162 -0.384907 0.867101 0.400798 -0.930014 -0.306239 0.203202 -0.504306 0.187326 -0.870669 -0.454801 0.485922 
1533301233522 0.133021 0.935021 -0.328695 -0.599728 -0.958386 0.20587 0.197773 -0.222411 0.25259 0.288708 0.923496 0.382331 0.316197 -0.384904 0.867103 0.400778 -0.930014 -0.30624 0.2032 -0.504292 0.187329 -0.87067 -0.454799 0.485903 
1533301233539 0.133098 0.934913 -0.328973 -0.599697 -0.958383 0.205991 0.19766 -0.222431 0.25256 0.288974 0.923421 0.38234 0.316201 -0.384895 0.867106 0.400765 -0.930012 -0.306246 0.203202 -0.504277 0.187337 -0.870672 -0.454792 0.485883 
1533301233556 0.133174 0.934804 -0.329251 -0.59967 -0.95838 0.206112 0.197548 -0.222454 0.252531 0.289239 0.923347 0.382346 0.316123 -0.384928 0.86712 0.40068 -0.93004 -0.30621 0.20313 -0.504145 0.18733 -0.87067 -0.454798 0.485852 
1533301233584 0.131218 0.935366 -0.328439 -0.59975 -0.959252 0.203425 0.196097 -0.221907 0.250235 0.289324 0.923945 0.382512 1 0 0 0 0 1 0 0 0 0 1 1.306 
1533301233596 0.131355 0.935339 -0.328461 -0.599741 -0.959269 0.203516 0.19592 -0.221928 0.250098 0.289347 0.923975 0.3825 0.313239 -0.3866 0.867422 0.386189 -0.93126 -0.304042 0.200784 -0.500185 0.18611 -0.870689 -0.455263 0.505382 
1533301233613 0.131491 0.935312 -0.328484 -0.599732 -0.959286 0.203607 0.195742 -0.221949 0.249961 0.289371 0.924004 0.382489 0.316244 -0.384866 0.867103 0.400216 -0.929998 -0.306258 0.203249 -0.504049 0.187334 -0.87068 -0.454777 0.486145 
1533301233629 0.131628 0.935285 -0.328507 -0.599722 -0.959303 0.203698 0.195564 -0.22197 0.249824 0.289396 0.924034 0.382477 0.316258 -0.384857 0.867102 0.400836 -0.929992 -0.306267 0.203261 -0.504368 0.187338 -0.870681 -0.454774 0.485921 
1533301233646 0.131766 0.935257 -0.32853 -0.599713 -0.95932 0.203789 0.195386 -0.221991 0.249687 0.28942 0.924063 0.382465 0.316239 -0.384881 0.867098 0.400855 -0.93 -0.306257 0.203241 -0.504361 0.187331 -0.870674 -0.454789 0.485943 
1533301233662 0.131902 0.93523 -0.328553 -0.599704 -0.959336 0.20388 0.195208 -0.222012 0.24955 0.289444 0.924092 0.382454 0.316214 -0.384899 0.867099 0.400827 -0.930009 -0.306245 0.203216 -0.504329 0.187327 -0.87067 -0.454799 0.48594 
1533301233679 0.132039 0.935202 -0.328576 -0.599695 -0.959353 0.203971 0.195031 -0.222033 0.249413 0.289469 0.924122 0.382442 0.3162 -0.384907 0.867101 0.400798 -0.930014 -0.306239 0.203202 -0.504306 0.187326 -0.870669 -0.454801 0.485922 
1533301233696 0.132177 0.935175 -0.328599 -0.599686 -0.95937 0.204063 0.194852 -0.222054 0.249276 0.289493 0.924151 0.38243 0.316197 -0.384904 0.867103 0.400778 -0.930014 -0.30624 0.2032 -0.504292 0.187329 -0.87067 -0.454799 0.485903 
1533301233712 0.132314 0.935147 -0.328622 -0.599676 -0.959387 0.204154 0.194675 -0.222075 0.249139 0.289517 0.92418 0.382418 0.316201 -0.384895 0.867106 0.400765 -0.930012 -0.306246 0.203202 -0.504277 0.187337 -0.870672 -0.454792 0.485883 
1533301233729 0.132451 0.93512 -0.328645 -0.599668 -0.959403 0.204245 0.194497 -0.222097 0.249002 0.289542 0.92421 0.382407 0.316123 -0.384928 0.86712 0.40068 -0.93004 -0.30621 0.20313 -0.504145 0.18733 -0.87067 -0.454798 0.485852 
1533301233755 0.132146 0.935201 -0.328537 -0.599694 -0.958693 0.204807 0.197386 -0.222041 0.251882 0.288882 0.923635 0.382411 1 0 0 0 0 1 0 0 0 0 1 1.306 
1533301233766 0.132259 0.935204 -0.328484 -0.599696 -0.958615 0.204973 0.197592 -0.22209 0.252119 0.288756 0.92361 0.382373 0.313239 -0.3866 0.867422 0.386189 -0.93126 -0.304042 0.200784 -0.500185 0.18611 -0.870689 -0.455263 0.505382 
1533301233782 0.132372 0.935206 -0.328431 -0.599698 -0.958537 0.205139 0.197798 -0.222139 0.252356 0.28863 0.923585 0.382335 0.316244 -0.384866 0.867103 0.400216 -0.929998 -0.306258 0.203249 -0.504049 0.187334 -0.87068 -0.454777 0.486145 
1533301233799 0.132485 0.935209 -0.328378 -0.5997 -0.958459 0.205304 0.198005 -0.222189 0.252593 0.288504 0.923559 0.382297 0.316258 -0.384857 0.867102 0.400836 -0.929992 -0.306267 0.203261 -0.504368 0.187338 -0.870681 -0.454774 0.485921 
1533301233816 0.132598 0.935211 -0.328326 -0.599702 -0.958381 0.20547 0.198211 -0.222238 0.25283 0.288379 0.923534 0.382259 0.316239 -0.384881 0.867098 0.400855 -0.93 -0.306257 0.203241 -0.504361 0.187331 -0.870674 -0.454789 0.485943 
1533301233832 0.132712 0.935213 -0.328273 -0.599704 -0.958303 0.205635 0.198417 -0.222287 0.253067 0.288253 0.923508 0.382221 0.316214 -0.384899 0.867099 0.400827 -0.930009 -0.306245 0.203216 -0.504329 0.187327 -0.87067 -0.454799 0.48594 
1533301233849 0.132824 0.935216 -0.328221 -0.599706 -0.958225 0.2058 0.198624 -0.222336 0.253304 0.288127 0.923483 0.382184 0.3162 -0.384907 0.867101 0.400798 -0.930014 -0.306239 0.203202 -0.504306 0.187326 -0.870669 -0.454801 0.485922 
1533301233856 0.132937 0.935218 -0.328168 -0.599708 -0.958146 0.205966 0.19883 -0.222385 0.253541 0.288001 0.923457 0.382146 0.316197 -0.384904 0.867103 0.400778 -0.930014 -0.30624 0.2032 -0.504292 0.187329 -0.87067 -0.454799 0.485903 
1533301233869 0.13305 0.935221 -0.328116 -0.59971 -0.958068 0.206131 0.199036 -0.222435 0.253778 0.287875 0.923431 0.382108 0.316201 -0.384895 0.867106 0.400765 -0.930012 -0.306246 0.203202 -0.504277 0.187337 -0.870672 -0.454792 0.485883 
1533301233886 0.133164 0.935223 -0.328064 -0.59971 -0.95799 0.206297 0.199242 -0.222482 0.254014 0.28775 0.923405 0.382072 0.316123 -0.384928 0.86712 0.40068 -0.93004 -0.30621 0.20313 -0.504145 0.18733 -0.87067 -0.454798 0.485852 
1533301233913 0.132398 0.935011 -0.328976 -0.599712 -0.959277 0.20442 0.194934 -0.222231 0.249515 0.289771 0.924 0.382374 1 0 0 0 0 1 0 0 0 0 1 1.306 
1533301233926 0.132515 0.934967 -0.329054 -0.599709 -0.95922 0.204594 0.195037 -0.222256 0.249675 0.289789 0.923951 0.382357 0.313239 -0.3866 0.867422 0.386189 -0.93126 -0.304042 0.200784 -0.500185 0.18611 -0.870689 -0.455263 0.505382 
1533301233942 0.132632 0.934923 -0.329133 -0.599706 -0.959161 0.204769 0.19514 -0.22228 0.249837 0.28981 0.9239 0.38234 0.316244 -0.384866 0.867103 0.400216 -0.929998 -0.306258 0.203249 -0.504049 0.187334 -0.87068 -0.454777 0.486145 
1533301233959 0.132749 0.934878 -0.329212 -0.599704 -0.959103 0.204943 0.195243 -0.222305 0.249998 0.28983 0.923851 0.382324 0.316258 -0.384857 0.867102 0.400836 -0.929992 -0.306267 0.203261 -0.504368 0.187338 -0.870681 -0.454774 0.485921 
1533301233976 0.132866 0.934834 -0.32929 -0.599701 -0.959045 0.205117 0.195345 -0.22233 0.250159 0.28985 0.923801 0.382307 0.316239 -0.384881 0.867098 0.400855 -0.93 -0.306257 0.203241 -0.504361 0.187331 -0.870674 -0.454789 0.485943 
1533301233992 0.132983 0.934789 -0.32937 -0.599698 -0.958987 0.205291 0.195448 -0.222354 0.25032 0.28987 0.923751 0.38229 0.316214 -0.384899 0.867099 0.400827 -0.930009 -0.306245 0.203216 -0.504329 0.187327 -0.87067 -0.454799 0.48594 
1533301234009 0.1331 0.934745 -0.329448 -0.599695 -0.958928 0.205465 0.195551 -0.222379 0.250481 0.28989 0.923701 0.382273 0.3162 -0.384907 0.867101 0.400798 -0.930014 -0.306239 0.203202 -0.504306 0.187326 -0.870669 -0.454801 0.485922 
1533301234026 0.133217 0.934701 -0.329527 -0.599692 -0.95887 0.205639 0.195654 -0.222404 0.250642 0.28991 0.923651 0.382256 0.316197 -0.384904 0.867103 0.400778 -0.930014 -0.30624 0.2032 -0.504292 0.187329 -0.87067 -0.454799 0.485903 
1533301234043 0.133334 0.934656 -0.329606 -0.59969 -0.958812 0.205813 0.195757 -0.222429 0.250802 0.289929 0.923601 0.38224 0.316201 -0.384895 0.867106 0.400765 -0.930012 -0.306246 0.203202 -0.504277 0.187337 -0.870672 -0.454792 0.485883 
1533301234059 0.133451 0.934611 -0.329685 -0.599688 -0.958754 0.205988 0.195859 -0.222453 0.250963 0.289949 0.923551 0.382223 0.316123 -0.384928 0.86712 0.40068 -0.93004 -0.30621 0.20313 -0.504145 0.18733 -0.87067 -0.454798 0.485852 
1533301234087 0.132672 0.935277 -0.328107 -0.599676 -0.958404 0.205454 0.198118 -0.222106 0.252706 0.288175 0.923631 0.382267 1 0 0 0 0 1 0 0 0 0 1 1.306 
1533301234099 0.132805 0.935287 -0.328026 -0.599681 -0.958361 0.205589 0.198184 -0.222129 0.252798 0.288048 0.923646 0.382223 0.313239 -0.3866 0.867422 0.386189 -0.93126 -0.304042 0.200784 -0.500185 0.18611 -0.870689 -0.455263 0.505382 
1533301234116 0.132939 0.935297 -0.327944 -0.599686 -0.958319 0.205724 0.198251 -0.222151 0.252889 0.287919 0.923661 0.382179 0.316244 -0.384866 0.867103 0.400216 -0.929998 -0.306258 0.203249 -0.504049 0.187334 -0.87068 -0.454777 0.486145 
1533301234133 0.133072 0.935307 -0.327862 -0.599691 -0.958276 0.205858 0.198317 -0.222174 0.25298 0.287791 0.923676 0.382135 0.316258 -0.384857 0.867102 0.400836 -0.929992 -0.306267 0.203261 -0.504368 0.187338 -0.870681 -0.454774 0.485921 
1533301234149 0.133206 0.935317 -0.327779 -0.599696 -0.958233 0.205992 0.198384 -0.222197 0.253072 0.287663 0.923691 0.382091 0.316239 -0.384881 0.867098 0.400855 -0.93 -0.306257 0.203241 -0.504361 0.187331 -0.870674 -0.454789 0.485943 
1533301234166 0.133339 0.935326 -0.327697 -0.599701 -0.958191 0.206127 0.19845 -0.22222 0.253163 0.287535 0.923706 0.382047 0.316214 -0.384899 0.867099 0.400827 -0.930009 -0.306245 0.203216 -0.504329 0.187327 -0.87067 -0.454799 0.48594 
1533301234183 0.133473 0.935336 -0.327615 -0.599707 -0.958148 0.206261 0.198517 -0.222242 0.253254 0.287407 0.923721 0.382002 0.3162 -0.384907 0.867101 0.400798 -0.930014 -0.306239 0.203202 -0.504306 0.187326 -0.870669 -0.454801 0.485922 
1533301234199 0.133606 0.935346 -0.327532 -0.599712 -0.958105 0.206395 0.198584 -0.222265 0.253345 0.287278 0.923736 0.381958 0.316197 -0.384904 0.867103 0.400778 -0.930014 -0.30624 0.2032 -0.504292 0.187329 -0.87067 -0.454799 0.485903 
1533301234216 0.13374 0.935356 -0.32745 -0.599717 -0.958062 0.20653 0.19865 -0.222288 0.253437 0.28715 0.92375 0.381914 0.316201 -0.384895 0.867106 0.400765 -0.930012 -0.306246 0.203202 -0.504277 0.187337 -0.870672 -0.454792 0.485883 
1533301234233 0.133873 0.935365 -0.327368 -0.59972 -0.95802 0.206664 0.198717 -0.222309 0.253528 0.287022 0.923765 0.381872 0.316123 -0.384928 0.86712 0.40068 -0.93004 -0.30621 0.20313 -0.504145 0.18733 -0.87067 -0.454798 0.485852 
1533301234260 0.13308 0.934903 -0.329008 -0.599726 -0.958712 0.205607 0.196462 -0.222323 0.251319 0.289278 0.923665 0.382169 1 0 0 0 0 1 0 0 0 0 1 1.306 
1533301234272 0.133163 0.934899 -0.328987 -0.59973 -0.958663 0.205724 0.19658 -0.222347 0.251462 0.28921 0.923647 0.382146 0.313239 -0.3866 0.867422 0.386189 -0.93126 -0.304042 0.200784 -0.500185 0.18611 -0.870689 -0.455263 0.505382 
1533301234290 0.133245 0.934894 -0.328966 -0.599735 -0.958614 0.205839 0.196698 -0.222371 0.251606 0.289142 0.923629 0.382124 0.316244 -0.384866 0.867103 0.400216 -0.929998 -0.306258 0.203249 -0.504049 0.187334 -0.87068 -0.454777 0.486145 
1533301234306 0.133328 0.93489 -0.328945 -0.599739 -0.958564 0.205955 0.196817 -0.222395 0.25175 0.289074 0.923612 0.382101 0.316258 -0.384857 0.867102 0.400836 -0.929992 -0.306267 0.203261 -0.504368 0.187338 -0.870681 -0.454774 0.485921 
1533301234322 0.13341 0.934885 -0.328924 -0.599743 -0.958515 0.20607 0.196936 -0.222419 0.251894 0.289006 0.923594 0.382079 0.316239 -0.384881 0.867098 0.400855 -0.93 -0.306257 0.203241 -0.504361 0.187331 -0.870674 -0.454789 0.485943 
1533301234339 0.133492 0.934881 -0.328904 -0.599748 -0.958466 0.206186 0.197054 -0.222443 0.252037 0.288938 0.923576 0.382056 0.316214 -0.384899 0.867099 0.400827 -0.930009 -0.306245 0.203216 -0.504329 0.187327 -0.87067 -0.454799 0.48594 
1533301234356 0.133574 0.934876 -0.328883 -0.599752 -0.958417 0.206301 0.197172 -0.222468 0.252181 0.28887 0.923558 0.382033 0.3162 -0.384907 0.867101 0.400798 -0.930014 -0.306239 0.203202 -0.504306 0.187326 -0.870669 -0.454801 0.485922 
1533301234373 0.133656 0.934872 -0.328862 -0.599756 -0.958368 0.206417 0.197291 -0.222492 0.252324 0.288802 0.92354 0.382011 0.316197 -0.384904 0.867103 0.400778 -0.930014 -0.30624 0.2032 -0.504292 0.187329 -0.87067 -0.454799 0.485903 
1533301234389 0.133738 0.934867 -0.328842 -0.59976 -0.958318 0.206532 0.197409 -0.222516 0.252468 0.288734 0.923522 0.381988 0.316201 -0.384895 0.867106 0.400765 -0.930012 -0.306246 0.203202 -0.504277 0.187337 -0.870672 -0.454792 0.485883 
1533301234406 0.133821 0.934863 -0.328821 -0.599764 -0.958269 0.206648 0.197528 -0.222539 0.252611 0.288666 0.923504 0.381967 0.316123 -0.384928 0.86712 0.40068 -0.93004 -0.30621 0.20313 -0.504145 0.18733 -0.87067 -0.454798 0.485852 
1533301234434 0.133578 0.935293 -0.327694 -0.599642 -0.958044 0.206477 0.198791 -0.222253 0.25359 0.287391 0.923633 0.381984 1 0 0 0 0 1 0 0 0 0 1 1.306 
1533301234446 0.133596 0.935208 -0.327931 -0.599637 -0.957981 0.206613 0.198955 -0.222283 0.253819 0.287572 0.923514 0.381999 0.313239 -0.3866 0.867422 0.386189 -0.93126 -0.304042 0.200784 -0.500185 0.18611 -0.870689 -0.455263 0.505382 
1533301234462 0.133613 0.935122 -0.328167 -0.599631 -0.957918 0.206748 0.199118 -0.222313 0.254048 0.287752 0.923395 0.382015 0.316244 -0.384866 0.867103 0.400216 -0.929998 -0.306258 0.203249 -0.504049 0.187334 -0.87068 -0.454777 0.486145 
1533301234479 0.133631 0.935037 -0.328403 -0.599626 -0.957855 0.206883 0.199281 -0.222343 0.254276 0.287932 0.923276 0.38203 0.316258 -0.384857 0.867102 0.400836 -0.929992 -0.306267 0.203261 -0.504368 0.187338 -0.870681 -0.454774 0.485921 
1533301234496 0.133648 0.934952 -0.328639 -0.59962 -0.957792 0.207018 0.199444 -0.222373 0.254505 0.288113 0.923157 0.382046 0.316239 -0.384881 0.867098 0.400855 -0.93 -0.306257 0.203241 -0.504361 0.187331 -0.870674 -0.454789 0.485943 
1533301234513 0.133665 0.934866 -0.328875 -0.599615 -0.957729 0.207154 0.199607 -0.222402 0.254733 0.288293 0.923038 0.382061 0.316214 -0.384899 0.867099 0.400827 -0.930009 -0.306245 0.203216 -0.504329 0.187327 -0.87067 -0.454799 0.48594 
1533301234529 0.133683 0.93478 -0.329112 -0.59961 -0.957666 0.207289 0.19977 -0.222432 0.254962 0.288473 0.922918 0.382076 0.3162 -0.384907 0.867101 0.400798 -0.930014 -0.306239 0.203202 -0.504306 0.187326 -0.870669 -0.454801 0.485922 
1533301234546 0.1337 0.934695 -0.329347 -0.599604 -0.957602 0.207424 0.199933 -0.222462 0.255191 0.288653 0.922799 0.382092 0.316197 -0.384904 0.867103 0.400778 -0.930014 -0.30624 0.2032 -0.504292 0.187329 -0.87067 -0.454799 0.485903 
1533301234562 0.133717 0.934609 -0.329584 -0.599599 -0.957539 0.207559 0.200095 -0.222492 0.255419 0.288833 0.922679 0.382107 0.316201 -0.384895 0.867106 0.400765 -0.930012 -0.306246 0.203202 -0.504277 0.187337 -0.870672 -0.454792 0.485883 
1533301234579 0.133734 0.934524 -0.329818 -0.599596 -0.957476 0.207695 0.200257 -0.222522 0.255647 0.289012 0.92256 0.382121 0.316123 -0.384928 0.86712 0.40068 -0.93004 -0.30621 0.20313 -0.504145 0.18733 -0.87067 -0.454798 0.485852 
1533301234604 0.133514 0.93496 -0.328671 -0.599754 -0.958323 0.206317 0.197609 -0.222411 0.252567 0.288589 0.92354 0.381974 1 0 0 0 0 1 0 0 0 0 1 1.306 
1533301234616 0.133603 0.934931 -0.328715 -0.599753 -0.958366 0.206347 0.197371 -0.222408 0.252358 0.28866 0.923575 0.381958 0.313239 -0.3866 0.867422 0.386189 -0.93126 -0.304042 0.200784 -0.500185 0.18611 -0.870689 -0.455263 0.505382 
1533301234632 0.133693 0.934903 -0.328759 -0.599753 -0.958409 0.206376 0.197133 -0.222405 0.252148 0.28873 0.92361 0.381942 0.316244 -0.384866 0.867103 0.400216 -0.929998 -0.306258 0.203249 -0.504049 0.187334 -0.87068 -0.454777 0.486145 
1533301234649 0.133782 0.934875 -0.328803 -0.599752 -0.958452 0.206405 0.196895 -0.222402 0.251938 0.2888 0.923646 0.381926 0.316258 -0.384857 0.867102 0.400836 -0.929992 -0.306267 0.203261 -0.504368 0.187338 -0.870681 -0.454774 0.485921 
1533301234666 0.133872 0.934847 -0.328847 -0.599752 -0.958494 0.206435 0.196656 -0.222399 0.251728 0.288871 0.923681 0.38191 0.316239 -0.384881 0.867098 0.400855 -0.93 -0.306257 0.203241 -0.504361 0.187331 -0.870674 -0.454789 0.485943 
