1533554940358 0.102132 0.942976 -0.316806 -0.603779 -0.958111 0.178907 0.22364 -0.226417 0.267566 0.280695 0.921748 0.38135 1 0 0 0 0 1 0 0 0 0 1 1.306 
1533554940371 0.102278 0.943194 -0.316108 -0.603791 -0.958199 0.178769 0.223374 -0.226391 0.267195 0.280048 0.922052 0.381243 0.313239 -0.3866 0.867422 0.386189 -0.93126 -0.304042 0.200784 -0.500185 0.18611 -0.870689 -0.455263 0.505382 
1533554940601 0.102425 0.943412 -0.31541 -0.603802 -0.958287 0.178632 0.223108 -0.226365 0.266825 0.279401 0.922355 0.381136 0.316244 -0.384866 0.867103 0.400216 -0.929998 -0.306258 0.203249 -0.504049 0.187334 -0.87068 -0.454777 0.486145 
1533554940798 0.102571 0.943629 -0.314711 -0.603814 -0.958374 0.178495 0.222842 -0.226339 0.266454 0.278754 0.922658 0.381029 0.316258 -0.384857 0.867102 0.400836 -0.929992 -0.306267 0.203261 -0.504368 0.187338 -0.870681 -0.454774 0.485921 
1533554941001 0.102718 0.943846 -0.314013 -0.603826 -0.958462 0.178358 0.222575 -0.226313 0.266083 0.278107 0.922961 0.380922 0.316239 -0.384881 0.867098 0.400855 -0.93 -0.306257 0.203241 -0.504361 0.187331 -0.870674 -0.454789 0.485943 
1533554941212 0.102863 0.944062 -0.313313 -0.603838 -0.958549 0.178221 0.222309 -0.226287 0.265713 0.277459 0.923262 0.380815 0.316214 -0.384899 0.867099 0.400827 -0.930009 -0.306245 0.203216 -0.504329 0.187327 -0.87067 -0.454799 0.48594 
1533554941484 0.103009 0.944278 -0.312614 -0.603849 -0.958636 0.178085 0.222043 -0.22626 0.265342 0.276811 0.923563 0.380707 0.3162 -0.384907 0.867101 0.400798 -0.930014 -0.306239 0.203202 -0.504306 0.187326 -0.870669 -0.454801 0.485922 
1533554941679 0.103154 0.944494 -0.311915 -0.603861 -0.958723 0.177949 0.221776 -0.226234 0.264971 0.276163 0.923864 0.3806 0.316197 -0.384904 0.867103 0.400778 -0.930014 -0.30624 0.2032 -0.504292 0.187329 -0.87067 -0.454799 0.485903 
1533554941892 0.103299 0.944709 -0.311215 -0.603872 -0.95881 0.177812 0.221509 -0.226208 0.264599 0.275515 0.924164 0.380493 0.316201 -0.384895 0.867106 0.400765 -0.930012 -0.306246 0.203202 -0.504277 0.187337 -0.870672 -0.454792 0.485883 
1533554942095 0.103443 0.944922 -0.310518 -0.603875 -0.958897 0.177677 0.221242 -0.226181 0.264229 0.274869 0.924462 0.380392 0.316123 -0.384928 0.86712 0.40068 -0.93004 -0.30621 0.20313 -0.504145 0.18733 -0.87067 -0.454798 0.485852 
1533554942302 0.103502 0.944918 -0.310513 -0.603864 -0.95888 0.177742 0.221262 -0.226259 0.264266 0.274843 0.924459 0.380427 1 0 0 0 0 1 0 0 0 0 1 1.306 
1533554942314 0.103512 0.944939 -0.310444 -0.603867 -0.95889 0.177723 0.221234 -0.226249 0.264225 0.274781 0.924489 0.380412 0.313239 -0.3866 0.867422 0.386189 -0.93126 -0.304042 0.200784 -0.500185 0.18611 -0.870689 -0.455263 0.505382 
1533554942331 0.103523 0.944961 -0.310373 -0.603871 -0.9589 0.177705 0.221205 -0.226239 0.264185 0.274717 0.92452 0.380397 0.316244 -0.384866 0.867103 0.400216 -0.929998 -0.306258 0.203249 -0.504049 0.187334 -0.87068 -0.454777 0.486145 
1533554942468 0.103534 0.944983 -0.310303 -0.603874 -0.95891 0.177687 0.221177 -0.226228 0.264145 0.274654 0.92455 0.380383 0.316258 -0.384857 0.867102 0.400836 -0.929992 -0.306267 0.203261 -0.504368 0.187338 -0.870681 -0.454774 0.485921 
1533554942506 0.103544 0.945005 -0.310234 -0.603877 -0.95892 0.177669 0.221148 -0.226218 0.264105 0.27459 0.92458 0.380368 0.316239 -0.384881 0.867098 0.400855 -0.93 -0.306257 0.203241 -0.504361 0.187331 -0.870674 -0.454789 0.485943 
1533554942593 0.103555 0.945027 -0.310163 -0.60388 -0.95893 0.177651 0.22112 -0.226208 0.264065 0.274527 0.924611 0.380353 0.316214 -0.384899 0.867099 0.400827 -0.930009 -0.306245 0.203216 -0.504329 0.187327 -0.87067 -0.454799 0.48594 
1533554942744 0.103566 0.945048 -0.310093 -0.603884 -0.958939 0.177634 0.221092 -0.226198 0.264025 0.274463 0.924641 0.380338 0.3162 -0.384907 0.867101 0.400798 -0.930014 -0.306239 0.203202 -0.504306 0.187326 -0.870669 -0.454801 0.485922 
1533554942857 0.103576 0.94507 -0.310024 -0.603887 -0.958949 0.177616 0.221063 -0.226188 0.263985 0.2744 0.924671 0.380323 0.316197 -0.384904 0.867103 0.400778 -0.930014 -0.30624 0.2032 -0.504292 0.187329 -0.87067 -0.454799 0.485903 
1533554942977 0.103587 0.945092 -0.309953 -0.60389 -0.958959 0.177598 0.221035 -0.226177 0.263945 0.274336 0.924701 0.380309 0.316201 -0.384895 0.867106 0.400765 -0.930012 -0.306246 0.203202 -0.504277 0.187337 -0.870672 -0.454792 0.485883 
1533554943104 0.103598 0.945113 -0.309884 -0.603893 -0.958969 0.17758 0.221007 -0.226167 0.263906 0.274273 0.924731 0.380294 0.316123 -0.384928 0.86712 0.40068 -0.93004 -0.30621 0.20313 -0.504145 0.18733 -0.87067 -0.454798 0.485852 
1533554943282 0.103545 0.945112 -0.309905 -0.603904 -0.958929 0.177584 0.221176 -0.22617 0.264071 0.274275 0.924684 0.380331 1 0 0 0 0 1 0 0 0 0 1 1.306 
1533554943293 0.103396 0.945001 -0.310295 -0.603884 -0.958879 0.177604 0.221376 -0.226194 0.26431 0.274647 0.924505 0.380344 0.313239 -0.3866 0.867422 0.386189 -0.93126 -0.304042 0.200784 -0.500185 0.18611 -0.870689 -0.455263 0.505382 
1533554943542 0.103246 0.944888 -0.310687 -0.603864 -0.958829 0.177625 0.221575 -0.226218 0.264549 0.275019 0.924326 0.380358 0.316244 -0.384866 0.867103 0.400216 -0.929998 -0.306258 0.203249 -0.504049 0.187334 -0.87068 -0.454777 0.486145 
1533554943848 0.103096 0.944776 -0.311078 -0.603844 -0.95878 0.177646 0.221774 -0.226242 0.264789 0.275392 0.924146 0.380371 0.316258 -0.384857 0.867102 0.400836 -0.929992 -0.306267 0.203261 -0.504368 0.187338 -0.870681 -0.454774 0.485921 
1533554944089 0.102946 0.944663 -0.311469 -0.603824 -0.95873 0.177667 0.221973 -0.226266 0.265028 0.275764 0.923967 0.380384 0.316239 -0.384881 0.867098 0.400855 -0.93 -0.306257 0.203241 -0.504361 0.187331 -0.870674 -0.454789 0.485943 
1533554944282 0.102796 0.944551 -0.31186 -0.603804 -0.95868 0.177688 0.222172 -0.22629 0.265267 0.276135 0.923787 0.380397 0.316214 -0.384899 0.867099 0.400827 -0.930009 -0.306245 0.203216 -0.504329 0.187327 -0.87067 -0.454799 0.48594 
1533554944458 0.102646 0.944438 -0.312251 -0.603785 -0.958629 0.177709 0.222371 -0.226314 0.265506 0.276508 0.923607 0.380411 0.3162 -0.384907 0.867101 0.400798 -0.930014 -0.306239 0.203202 -0.504306 0.187326 -0.870669 -0.454801 0.485922 
1533554944623 0.102496 0.944325 -0.312642 -0.603765 -0.958579 0.17773 0.222571 -0.226338 0.265745 0.27688 0.923427 0.380424 0.316197 -0.384904 0.867103 0.400778 -0.930014 -0.30624 0.2032 -0.504292 0.187329 -0.87067 -0.454799 0.485903 
1533554944629 0.102345 0.944212 -0.313032 -0.603745 -0.958529 0.177751 0.22277 -0.226362 0.265984 0.277251 0.923247 0.380437 0.316201 -0.384895 0.867106 0.400765 -0.930012 -0.306246 0.203202 -0.504277 0.187337 -0.870672 -0.454792 0.485883 
1533554944873 0.102195 0.944099 -0.313422 -0.60373 -0.958479 0.177773 0.222968 -0.226386 0.266222 0.277622 0.923066 0.380449 0.316123 -0.384928 0.86712 0.40068 -0.93004 -0.30621 0.20313 -0.504145 0.18733 -0.87067 -0.454798 0.485852 
1533554945101 0.102186 0.944045 -0.313588 -0.603779 -0.95847 0.177814 0.222975 -0.226347 0.266258 0.27778 0.923009 0.380398 1 0 0 0 0 1 0 0 0 0 1 1.306 
1533554945113 0.102378 0.944132 -0.313261 -0.60379 -0.958528 0.177833 0.222709 -0.226354 0.265975 0.277469 0.923184 0.380374 0.313239 -0.3866 0.867422 0.386189 -0.93126 -0.304042 0.200784 -0.500185 0.18611 -0.870689 -0.455263 0.505382 
1533554945446 0.10257 0.944221 -0.312933 -0.6038 -0.958586 0.177852 0.222443 -0.226362 0.265691 0.277157 0.923359 0.38035 0.316244 -0.384866 0.867103 0.400216 -0.929998 -0.306258 0.203249 -0.504049 0.187334 -0.87068 -0.454777 0.486145 
1533554945741 0.102761 0.944308 -0.312605 -0.60381 -0.958645 0.17787 0.222176 -0.226369 0.265406 0.276846 0.923534 0.380325 0.316258 -0.384857 0.867102 0.400836 -0.929992 -0.306267 0.203261 -0.504368 0.187338 -0.870681 -0.454774 0.485921 
1533554945925 0.102952 0.944396 -0.312277 -0.603821 -0.958703 0.177889 0.22191 -0.226376 0.265122 0.276535 0.923709 0.380301 0.316239 -0.384881 0.867098 0.400855 -0.93 -0.306257 0.203241 -0.504361 0.187331 -0.870674 -0.454789 0.485943 
1533554946115 0.103143 0.944484 -0.311949 -0.603832 -0.958761 0.177908 0.221644 -0.226384 0.264837 0.276224 0.923884 0.380277 0.316214 -0.384899 0.867099 0.400827 -0.930009 -0.306245 0.203216 -0.504329 0.187327 -0.87067 -0.454799 0.48594 
1533554946296 0.103334 0.944571 -0.31162 -0.603842 -0.958819 0.177926 0.221378 -0.226391 0.264552 0.275912 0.924059 0.380253 0.3162 -0.384907 0.867101 0.400798 -0.930014 -0.306239 0.203202 -0.504306 0.187326 -0.870669 -0.454801 0.485922 
1533554946501 0.103524 0.944659 -0.311292 -0.603852 -0.958877 0.177945 0.221111 -0.226398 0.264268 0.275601 0.924233 0.380229 0.316197 -0.384904 0.867103 0.400778 -0.930014 -0.30624 0.2032 -0.504292 0.187329 -0.87067 -0.454799 0.485903 
1533554946698 0.103715 0.944746 -0.310964 -0.603863 -0.958935 0.177964 0.220845 -0.226405 0.263983 0.275289 0.924407 0.380204 0.316201 -0.384895 0.867106 0.400765 -0.930012 -0.306246 0.203202 -0.504277 0.187337 -0.870672 -0.454792 0.485883 
1533554946867 0.103905 0.944833 -0.310636 -0.603869 -0.958993 0.177983 0.220579 -0.226413 0.263698 0.274978 0.924581 0.380182 0.316123 -0.384928 0.86712 0.40068 -0.93004 -0.30621 0.20313 -0.504145 0.18733 -0.87067 -0.454798 0.485852 
1533554947031 0.103825 0.944803 -0.310754 -0.603862 -0.958989 0.177948 0.220622 -0.226419 0.263742 0.275103 0.924531 0.380195 1 0 0 0 0 1 0 0 0 0 1 1.306 
1533554947042 0.10378 0.944843 -0.310645 -0.603864 -0.958986 0.17789 0.220684 -0.226418 0.263773 0.275002 0.924553 0.38018 0.313239 -0.3866 0.867422 0.386189 -0.93126 -0.304042 0.200784 -0.500185 0.18611 -0.870689 -0.455263 0.505382 
1533554947279 0.103735 0.944884 -0.310536 -0.603866 -0.958982 0.177831 0.220746 -0.226416 0.263802 0.2749 0.924575 0.380165 0.316244 -0.384866 0.867103 0.400216 -0.929998 -0.306258 0.203249 -0.504049 0.187334 -0.87068 -0.454777 0.486145 
1533554947574 0.10369 0.944925 -0.310428 -0.603867 -0.958979 0.177773 0.220807 -0.226415 0.263832 0.274799 0.924596 0.38015 0.316258 -0.384857 0.867102 0.400836 -0.929992 -0.306267 0.203261 -0.504368 0.187338 -0.870681 -0.454774 0.485921 
1533554947765 0.103645 0.944965 -0.310319 -0.603869 -0.958976 0.177714 0.220869 -0.226413 0.263862 0.274697 0.924618 0.380135 0.316239 -0.384881 0.867098 0.400855 -0.93 -0.306257 0.203241 -0.504361 0.187331 -0.870674 -0.454789 0.485943 
1533554947907 0.103601 0.945006 -0.310211 -0.603871 -0.958973 0.177655 0.220931 -0.226412 0.263891 0.274595 0.92464 0.380119 0.316214 -0.384899 0.867099 0.400827 -0.930009 -0.306245 0.203216 -0.504329 0.187327 -0.87067 -0.454799 0.48594 
1533554948072 0.103556 0.945047 -0.310102 -0.603873 -0.958969 0.177596 0.220992 -0.22641 0.263921 0.274493 0.924662 0.380104 0.3162 -0.384907 0.867101 0.400798 -0.930014 -0.306239 0.203202 -0.504306 0.187326 -0.870669 -0.454801 0.485922 
1533554948190 0.103511 0.945087 -0.309994 -0.603875 -0.958966 0.177538 0.221054 -0.226408 0.263951 0.274392 0.924683 0.380089 0.316197 -0.384904 0.867103 0.400778 -0.930014 -0.30624 0.2032 -0.504292 0.187329 -0.87067 -0.454799 0.485903 
1533554948345 0.103466 0.945127 -0.309886 -0.603876 -0.958963 0.177479 0.221115 -0.226407 0.26398 0.274291 0.924705 0.380074 0.316201 -0.384895 0.867106 0.400765 -0.930012 -0.306246 0.203202 -0.504277 0.187337 -0.870672 -0.454792 0.485883 
1533554948504 0.103421 0.945168 -0.309777 -0.603877 -0.958959 0.17742 0.221177 -0.226405 0.26401 0.274189 0.924727 0.38006 0.316123 -0.384928 0.86712 0.40068 -0.93004 -0.30621 0.20313 -0.504145 0.18733 -0.87067 -0.454798 0.485852 
1533554948648 0.103463 0.945164 -0.309774 -0.603855 -0.958965 0.177449 0.22113 -0.226457 0.263973 0.274183 0.924739 0.380089 1 0 0 0 0 1 0 0 0 0 1 1.306 
1533554948659 0.103487 0.945136 -0.309852 -0.603853 -0.959004 0.177445 0.220962 -0.226436 0.263821 0.274283 0.924753 0.380093 0.313239 -0.3866 0.867422 0.386189 -0.93126 -0.304042 0.200784 -0.500185 0.18611 -0.870689 -0.455263 0.505382 
1533554948933 0.10351 0.945107 -0.309932 -0.603852 -0.959044 0.177442 0.220793 -0.226415 0.263668 0.274384 0.924766 0.380097 0.316244 -0.384866 0.867103 0.400216 -0.929998 -0.306258 0.203249 -0.504049 0.187334 -0.87068 -0.454777 0.486145 
1533554949121 0.103534 0.945079 -0.310011 -0.60385 -0.959083 0.177439 0.220625 -0.226394 0.263516 0.274485 0.92478 0.380101 0.316258 -0.384857 0.867102 0.400836 -0.929992 -0.306267 0.203261 -0.504368 0.187338 -0.870681 -0.454774 0.485921 
1533554949273 0.103557 0.94505 -0.310091 -0.603849 -0.959122 0.177435 0.220456 -0.226373 0.263363 0.274585 0.924793 0.380105 0.316239 -0.384881 0.867098 0.400855 -0.93 -0.306257 0.203241 -0.504361 0.187331 -0.870674 -0.454789 0.485943 
1533554949417 0.10358 0.945022 -0.31017 -0.603847 -0.959162 0.177431 0.220288 -0.226351 0.263211 0.274686 0.924807 0.38011 0.316214 -0.384899 0.867099 0.400827 -0.930009 -0.306245 0.203216 -0.504329 0.187327 -0.87067 -0.454799 0.48594 
1533554949566 0.103603 0.944993 -0.310249 -0.603845 -0.959201 0.177428 0.220119 -0.22633 0.263058 0.274787 0.92482 0.380114 0.3162 -0.384907 0.867101 0.400798 -0.930014 -0.306239 0.203202 -0.504306 0.187326 -0.870669 -0.454801 0.485922 
1533554949572 0.103626 0.944964 -0.310329 -0.603844 -0.959241 0.177424 0.219951 -0.226309 0.262905 0.274887 0.924834 0.380118 0.316197 -0.384904 0.867103 0.400778 -0.930014 -0.30624 0.2032 -0.504292 0.187329 -0.87067 -0.454799 0.485903 
1533554949728 0.10365 0.944936 -0.310408 -0.603842 -0.95928 0.177421 0.219782 -0.226288 0.262753 0.274988 0.924847 0.380122 0.316201 -0.384895 0.867106 0.400765 -0.930012 -0.306246 0.203202 -0.504277 0.187337 -0.870672 -0.454792 0.485883 
1533554949833 0.103672 0.944907 -0.310487 -0.603842 -0.959319 0.177417 0.219615 -0.226268 0.262601 0.275088 0.924861 0.380125 0.316123 -0.384928 0.86712 0.40068 -0.93004 -0.30621 0.20313 -0.504145 0.18733 -0.87067 -0.454798 0.485852 
1533554949928 0.103568 0.944937 -0.310433 -0.603845 -0.959308 0.177331 0.219733 -0.226249 0.262683 0.275043 0.924851 0.380112 1 0 0 0 0 1 0 0 0 0 1 1.306 
1533554949939 0.103604 0.944934 -0.310428 -0.603849 -0.95934 0.177326 0.219598 -0.226238 0.262553 0.275054 0.924884 0.380105 0.313239 -0.3866 0.867422 0.386189 -0.93126 -0.304042 0.200784 -0.500185 0.18611 -0.870689 -0.455263 0.505382 
1533554949956 0.103641 0.944932 -0.310423 -0.603853 -0.959371 0.177321 0.219463 -0.226227 0.262422 0.275066 0.924918 0.380099 0.316244 -0.384866 0.867103 0.400216 -0.929998 -0.306258 0.203249 -0.504049 0.187334 -0.87068 -0.454777 0.486145 
1533554949980 0.103677 0.944929 -0.310418 -0.603857 -0.959403 0.177316 0.219328 -0.226216 0.262292 0.275077 0.924952 0.380092 0.316258 -0.384857 0.867102 0.400836 -0.929992 -0.306267 0.203261 -0.504368 0.187338 -0.870681 -0.454774 0.485921 
1533554950116 0.103713 0.944927 -0.310413 -0.603861 -0.959435 0.177311 0.219194 -0.226205 0.262162 0.275088 0.924985 0.380085 0.316239 -0.384881 0.867098 0.400855 -0.93 -0.306257 0.203241 -0.504361 0.187331 -0.870674 -0.454789 0.485943 
1533554950229 0.103749 0.944925 -0.310409 -0.603866 -0.959466 0.177307 0.219058 -0.226195 0.262031 0.275099 0.925019 0.380078 0.316214 -0.384899 0.867099 0.400827 -0.930009 -0.306245 0.203216 -0.504329 0.187327 -0.87067 -0.454799 0.48594 
1533554950393 0.103785 0.944922 -0.310404 -0.60387 -0.959498 0.177302 0.218924 -0.226184 0.261901 0.275111 0.925052 0.380072 0.3162 -0.384907 0.867101 0.400798 -0.930014 -0.306239 0.203202 -0.504306 0.187326 -0.870669 -0.454801 0.485922 
1533554950543 0.103821 0.94492 -0.310399 -0.603874 -0.95953 0.177297 0.218789 -0.226173 0.261771 0.275122 0.925086 0.380065 0.316197 -0.384904 0.867103 0.400778 -0.930014 -0.30624 0.2032 -0.504292 0.187329 -0.87067 -0.454799 0.485903 
1533554950636 0.103858 0.944918 -0.310394 -0.603878 -0.959561 0.177292 0.218654 -0.226162 0.26164 0.275133 0.925119 0.380058 0.316201 -0.384895 0.867106 0.400765 -0.930012 -0.306246 0.203202 -0.504277 0.187337 -0.870672 -0.454792 0.485883 
1533554950764 0.103893 0.944915 -0.310389 -0.603882 -0.959593 0.177287 0.21852 -0.226152 0.261511 0.275144 0.925153 0.380052 0.316123 -0.384928 0.86712 0.40068 -0.93004 -0.30621 0.20313 -0.504145 0.18733 -0.87067 -0.454798 0.485852 
1533554950897 0.103903 0.944921 -0.310367 -0.603862 -0.959566 0.177318 0.218611 -0.226171 0.261604 0.275103 0.925139 0.380095 1 0 0 0 0 1 0 0 0 0 1 1.306 
1533554950909 0.103964 0.944904 -0.310401 -0.603862 -0.959588 0.177353 0.218487 -0.22616 0.2615 0.275142 0.925157 0.380094 0.313239 -0.3866 0.867422 0.386189 -0.93126 -0.304042 0.200784 -0.500185 0.18611 -0.870689 -0.455263 0.505382 
1533554950925 0.104026 0.944885 -0.310436 -0.603862 -0.95961 0.177389 0.218362 -0.22615 0.261395 0.275182 0.925174 0.380092 0.316244 -0.384866 0.867103 0.400216 -0.929998 -0.306258 0.203249 -0.504049 0.187334 -0.87068 -0.454777 0.486145 
1533554951054 0.104088 0.944867 -0.31047 -0.603862 -0.959632 0.177424 0.218238 -0.226139 0.261291 0.275221 0.925192 0.380091 0.316258 -0.384857 0.867102 0.400836 -0.929992 -0.306267 0.203261 -0.504368 0.187338 -0.870681 -0.454774 0.485921 
1533554951060 0.10415 0.944849 -0.310505 -0.603862 -0.959653 0.17746 0.218113 -0.226128 0.261186 0.275261 0.92521 0.380089 0.316239 -0.384881 0.867098 0.400855 -0.93 -0.306257 0.203241 -0.504361 0.187331 -0.870674 -0.454789 0.485943 
1533554951267 0.104212 0.944831 -0.31054 -0.603863 -0.959675 0.177496 0.217989 -0.226118 0.261082 0.2753 0.925228 0.380088 0.316214 -0.384899 0.867099 0.400827 -0.930009 -0.306245 0.203216 -0.504329 0.187327 -0.87067 -0.454799 0.48594 
1533554951383 0.104274 0.944813 -0.310574 -0.603863 -0.959697 0.177532 0.217864 -0.226107 0.260978 0.275339 0.925245 0.380086 0.3162 -0.384907 0.867101 0.400798 -0.930014 -0.306239 0.203202 -0.504306 0.187326 -0.870669 -0.454801 0.485922 
1533554951537 0.104336 0.944794 -0.310609 -0.603863 -0.959718 0.177568 0.217739 -0.226096 0.260873 0.275379 0.925263 0.380084 0.316197 -0.384904 0.867103 0.400778 -0.930014 -0.30624 0.2032 -0.504292 0.187329 -0.87067 -0.454799 0.485903 
1533554951729 0.104398 0.944776 -0.310643 -0.603863 -0.95974 0.177603 0.217615 -0.226085 0.260769 0.275418 0.925281 0.380083 0.316201 -0.384895 0.867106 0.400765 -0.930012 -0.306246 0.203202 -0.504277 0.187337 -0.870672 -0.454792 0.485883 
1533554951844 0.10446 0.944758 -0.310678 -0.603864 -0.959762 0.177639 0.217491 -0.226076 0.260664 0.275458 0.925298 0.380081 0.316123 -0.384928 0.86712 0.40068 -0.93004 -0.30621 0.20313 -0.504145 0.18733 -0.87067 -0.454798 0.485852 
1533554951988 0.104486 0.944777 -0.310611 -0.603855 -0.95977 0.177637 0.217457 -0.226098 0.260624 0.275394 0.925329 0.380077 1 0 0 0 0 1 0 0 0 0 1 1.306 
1533554952000 0.104527 0.944786 -0.310568 -0.603859 -0.95975 0.177681 0.217508 -0.226097 0.260681 0.275332 0.925331 0.380078 0.313239 -0.3866 0.867422 0.386189 -0.93126 -0.304042 0.200784 -0.500185 0.18611 -0.870689 -0.455263 0.505382 
1533554952016 0.104568 0.944797 -0.310524 -0.603862 -0.95973 0.177726 0.217561 -0.226096 0.260739 0.275269 0.925334 0.380079 0.316244 -0.384866 0.867103 0.400216 -0.929998 -0.306258 0.203249 -0.504049 0.187334 -0.87068 -0.454777 0.486145 
1533554952300 0.104608 0.944806 -0.31048 -0.603866 -0.95971 0.17777 0.217613 -0.226096 0.260796 0.275207 0.925336 0.380081 0.316258 -0.384857 0.867102 0.400836 -0.929992 -0.306267 0.203261 -0.504368 0.187338 -0.870681 -0.454774 0.485921 
1533554952307 0.104649 0.944816 -0.310436 -0.60387 -0.959689 0.177814 0.217665 -0.226095 0.260854 0.275144 0.925338 0.380082 0.316239 -0.384881 0.867098 0.400855 -0.93 -0.306257 0.203241 -0.504361 0.187331 -0.870674 -0.454789 0.485943 
1533554952508 0.10469 0.944826 -0.310392 -0.603873 -0.959669 0.177859 0.217718 -0.226094 0.260911 0.275081 0.925341 0.380083 0.316214 -0.384899 0.867099 0.400827 -0.930009 -0.306245 0.203216 -0.504329 0.187327 -0.87067 -0.454799 0.48594 
1533554952652 0.10473 0.944836 -0.310348 -0.603877 -0.959649 0.177903 0.21777 -0.226093 0.260969 0.275018 0.925343 0.380084 0.3162 -0.384907 0.867101 0.400798 -0.930014 -0.306239 0.203202 -0.504306 0.187326 -0.870669 -0.454801 0.485922 
1533554952780 0.104771 0.944846 -0.310305 -0.603881 -0.959629 0.177947 0.217822 -0.226092 0.261026 0.274956 0.925346 0.380085 0.316197 -0.384904 0.867103 0.400778 -0.930014 -0.30624 0.2032 -0.504292 0.187329 -0.87067 -0.454799 0.485903 
1533554952932 0.104812 0.944856 -0.310261 -0.603885 -0.959609 0.177992 0.217875 -0.226092 0.261084 0.274894 0.925348 0.380087 0.316201 -0.384895 0.867106 0.400765 -0.930012 -0.306246 0.203202 -0.504277 0.187337 -0.870672 -0.454792 0.485883 
1533554953132 0.104852 0.944866 -0.310217 -0.603888 -0.959589 0.178036 0.217927 -0.226091 0.261141 0.274831 0.92535 0.380088 0.316123 -0.384928 0.86712 0.40068 -0.93004 -0.30621 0.20313 -0.504145 0.18733 -0.87067 -0.454798 0.485852 
1533554953288 0.10471 0.944878 -0.310227 -0.603885 -0.959634 0.177874 0.217861 -0.22604 0.261034 0.274893 0.925362 0.380083 1 0 0 0 0 1 0 0 0 0 1 1.306 
1533554953300 0.104635 0.944844 -0.310358 -0.603877 -0.959623 0.177855 0.217926 -0.226049 0.261105 0.275024 0.925303 0.380088 0.313239 -0.3866 0.867422 0.386189 -0.93126 -0.304042 0.200784 -0.500185 0.18611 -0.870689 -0.455263 0.505382 
1533554953524 0.10456 0.944809 -0.31049 -0.603869 -0.959611 0.177836 0.217991 -0.226058 0.261177 0.275156 0.925244 0.380093 0.316244 -0.384866 0.867103 0.400216 -0.929998 -0.306258 0.203249 -0.504049 0.187334 -0.87068 -0.454777 0.486145 
1533554953748 0.104486 0.944774 -0.310621 -0.603861 -0.9596 0.177818 0.218057 -0.226067 0.261248 0.275288 0.925184 0.380098 0.316258 -0.384857 0.867102 0.400836 -0.929992 -0.306267 0.203261 -0.504368 0.187338 -0.870681 -0.454774 0.485921 
1533554953964 0.104412 0.944739 -0.310752 -0.603853 -0.959588 0.177799 0.218122 -0.226076 0.26132 0.275419 0.925125 0.380103 0.316239 -0.384881 0.867098 0.400855 -0.93 -0.306257 0.203241 -0.504361 0.187331 -0.870674 -0.454789 0.485943 
1533554954204 0.104337 0.944704 -0.310884 -0.603845 -0.959577 0.177781 0.218188 -0.226085 0.261392 0.275552 0.925065 0.380108 0.316214 -0.384899 0.867099 0.400827 -0.930009 -0.306245 0.203216 -0.504329 0.187327 -0.87067 -0.454799 0.48594 
1533554954363 0.104262 0.944669 -0.311015 -0.603836 -0.959566 0.177762 0.218253 -0.226094 0.261464 0.275683 0.925006 0.380114 0.3162 -0.384907 0.867101 0.400798 -0.930014 -0.306239 0.203202 -0.504306 0.187326 -0.870669 -0.454801 0.485922 
1533554954477 0.104188 0.944634 -0.311146 -0.603828 -0.959554 0.177744 0.218319 -0.226103 0.261535 0.275815 0.924946 0.380119 0.316197 -0.384904 0.867103 0.400778 -0.930014 -0.30624 0.2032 -0.504292 0.187329 -0.87067 -0.454799 0.485903 
1533554954590 0.104113 0.944599 -0.311277 -0.60382 -0.959543 0.177725 0.218384 -0.226112 0.261607 0.275947 0.924886 0.380124 0.316201 -0.384895 0.867106 0.400765 -0.930012 -0.306246 0.203202 -0.504277 0.187337 -0.870672 -0.454792 0.485883 
1533554954751 0.104039 0.944564 -0.311408 -0.603814 -0.959531 0.177707 0.21845 -0.226121 0.261679 0.276079 0.924827 0.380128 0.316123 -0.384928 0.86712 0.40068 -0.93004 -0.30621 0.20313 -0.504145 0.18733 -0.87067 -0.454798 0.485852 
1533554954905 0.104145 0.944579 -0.311327 -0.603827 -0.95951 0.177797 0.21847 -0.226121 0.261715 0.275969 0.92485 0.380167 1 0 0 0 0 1 0 0 0 0 1 1.306 
1533554954917 0.104058 0.944554 -0.311432 -0.603822 -0.959451 0.177813 0.218717 -0.226141 0.261967 0.276044 0.924756 0.380174 0.313239 -0.3866 0.867422 0.386189 -0.93126 -0.304042 0.200784 -0.500185 0.18611 -0.870689 -0.455263 0.505382 
1533554955227 0.10397 0.944529 -0.311537 -0.603816 -0.959391 0.177828 0.218965 -0.226161 0.262219 0.27612 0.924662 0.380182 0.316244 -0.384866 0.867103 0.400216 -0.929998 -0.306258 0.203249 -0.504049 0.187334 -0.87068 -0.454777 0.486145 
1533554955401 0.103883 0.944504 -0.311641 -0.603811 -0.959332 0.177844 0.219212 -0.22618 0.26247 0.276195 0.924568 0.380189 0.316258 -0.384857 0.867102 0.400836 -0.929992 -0.306267 0.203261 -0.504368 0.187338 -0.870681 -0.454774 0.485921 
