1533738579283 0.330497 0.943804 0.00233863 -0.51789 -0.943579 0.330362 0.0228195 -0.196043 0.0207645 -0.00974846 0.999737 0.305081 0.16008 -0.304787 0.938871 0.370831 -0.775623 0.549475 0.310623 -0.528794 -0.61056 -0.777934 -0.14844 0.432481 
1533738579296 0.318541 0.943769 -0.0884981 -0.527546 -0.946124 0.32228 0.0313976 -0.196093 0.0581532 0.0737287 0.995581 0.31816 0.316221 -0.384864 0.867112 0.4008 -0.930002 -0.306262 0.203224 -0.504312 0.18735 -0.87068 -0.45477 0.485871 
1533738580658 0.303215 0.936056 -0.178491 -0.537171 -0.948245 0.314922 0.0406886 -0.19612 0.0942978 0.156916 0.9831 0.33117 0.316221 -0.384864 0.867112 0.4008 -0.930002 -0.306262 0.203224 -0.504312 0.18735 -0.87068 -0.45477 0.485871 
1533738581866 0.284645 0.920733 -0.266885 -0.546791 -0.949926 0.308345 0.0506294 -0.196142 0.128909 0.23911 0.962397 0.344178 0.316221 -0.384864 0.867112 0.4008 -0.930002 -0.306262 0.203224 -0.504312 0.18735 -0.87068 -0.45477 0.485871 
1533738583171 0.262981 0.897931 -0.352933 -0.556421 -0.951154 0.302602 0.061144 -0.196173 0.161701 0.319614 0.933649 0.357206 0.316221 -0.384864 0.867112 0.4008 -0.930002 -0.306262 0.203224 -0.504312 0.18735 -0.87068 -0.45477 0.485871 
1533738584290 0.238411 0.867841 -0.435905 -0.566054 -0.951917 0.297743 0.0721392 -0.196205 0.192393 0.397746 0.897097 0.370236 0.316221 -0.384864 0.867112 0.4008 -0.930002 -0.306262 0.203224 -0.504312 0.18735 -0.87068 -0.45477 0.485871 
1533738585408 0.211142 0.830718 -0.515099 -0.575689 -0.952208 0.293809 0.0835201 -0.19624 0.220722 0.472847 0.853052 0.383266 0.316221 -0.384864 0.867112 0.4008 -0.930002 -0.306262 0.203224 -0.504312 0.18735 -0.87068 -0.45477 0.485871 
1533738586536 0.181403 0.786878 -0.589844 -0.585329 -0.952027 0.290832 0.095194 -0.196281 0.246452 0.544279 0.801887 0.396293 0.316221 -0.384864 0.867112 0.4008 -0.930002 -0.306262 0.203224 -0.504312 0.18735 -0.87068 -0.45477 0.485871 
1533738587646 0.149436 0.736702 -0.659499 -0.59499 -0.951373 0.288833 0.107073 -0.196353 0.269366 0.611429 0.74404 0.409303 0.316221 -0.384864 0.867112 0.4008 -0.930002 -0.306262 0.203224 -0.504312 0.18735 -0.87068 -0.45477 0.485871 
1533738588735 0.11458 0.681521 -0.722772 -0.606377 -0.950259 0.287306 0.120265 -0.199024 0.28962 0.673041 0.680541 0.421036 0.316301 -0.384929 0.867054 0.401061 -0.929996 -0.306221 0.203316 -0.504786 0.187248 -0.870666 -0.45484 0.486093 
1533738589848 0.114275 0.681953 -0.722413 -0.606145 -0.950483 0.286595 0.120192 -0.198924 0.289005 0.672906 0.680935 0.420612 0.316301 -0.384929 0.867054 0.401061 -0.929996 -0.306221 0.203316 -0.504786 0.187248 -0.870666 -0.45484 0.486093 
1533738589859 0.110919 0.675905 -0.728594 -0.606956 -0.950319 0.286682 0.121277 -0.198675 0.290846 0.678945 0.674124 0.422087 0.31622 -0.384863 0.867113 0.400795 -0.930002 -0.306262 0.203222 -0.504304 0.187351 -0.87068 -0.454769 0.485867 
1533738590278 0.107548 0.669799 -0.734713 -0.607764 -0.950151 0.286779 0.122357 -0.198419 0.292655 0.684929 0.667253 0.423565 0.31622 -0.384863 0.867113 0.400795 -0.930002 -0.306262 0.203222 -0.504304 0.187351 -0.87068 -0.454769 0.485867 
1533738590284 0.104161 0.663638 -0.740767 -0.608571 -0.949979 0.286886 0.123436 -0.198163 0.294432 0.690856 0.660324 0.425043 0.31622 -0.384863 0.867113 0.400795 -0.930002 -0.306262 0.203222 -0.504304 0.187351 -0.87068 -0.454769 0.485867 
1533738590868 0.100758 0.657422 -0.746756 -0.609378 -0.949803 0.287002 0.124513 -0.197907 0.296178 0.696726 0.653339 0.426521 0.31622 -0.384863 0.867113 0.400795 -0.930002 -0.306262 0.203222 -0.504304 0.187351 -0.87068 -0.454769 0.485867 
1533738591300 0.0973387 0.651152 -0.75268 -0.610185 -0.949624 0.287127 0.125589 -0.197652 0.297892 0.702538 0.646298 0.427999 0.31622 -0.384863 0.867113 0.400795 -0.930002 -0.306262 0.203222 -0.504304 0.187351 -0.87068 -0.454769 0.485867 
1533738591737 0.0939041 0.644829 -0.758537 -0.610992 -0.94944 0.287262 0.126663 -0.197396 0.299575 0.708291 0.639201 0.429478 0.31622 -0.384863 0.867113 0.400795 -0.930002 -0.306262 0.203222 -0.504304 0.187351 -0.87068 -0.454769 0.485867 
1533738592172 0.0904537 0.638453 -0.764327 -0.6118 -0.949253 0.287406 0.127735 -0.197141 0.301225 0.713986 0.63205 0.430955 0.31622 -0.384863 0.867113 0.400795 -0.930002 -0.306262 0.203222 -0.504304 0.187351 -0.87068 -0.454769 0.485867 
1533738592602 0.0869889 0.632025 -0.770051 -0.612607 -0.949062 0.287559 0.128805 -0.196885 0.302843 0.719621 0.624845 0.432433 0.31622 -0.384863 0.867113 0.400795 -0.930002 -0.306262 0.203222 -0.504304 0.187351 -0.87068 -0.454769 0.485867 
1533738593047 0.0835094 0.625544 -0.775706 -0.613414 -0.948867 0.287722 0.129873 -0.196629 0.304429 0.725197 0.617586 0.433912 0.31622 -0.384863 0.867113 0.400795 -0.930002 -0.306262 0.203222 -0.504304 0.187351 -0.87068 -0.454769 0.485867 
1533738593507 0.0836407 0.626018 -0.77531 -0.613341 -0.949096 0.28715 0.129468 -0.196692 0.303679 0.725015 0.618168 0.433723 0.31622 -0.384863 0.867113 0.400795 -0.930002 -0.306262 0.203222 -0.504304 0.187351 -0.87068 -0.454769 0.485867 
1533738593517 0.0844857 0.626345 -0.774954 -0.613376 -0.948987 0.287692 0.129064 -0.196648 0.303787 0.724517 0.618699 0.433595 0.31622 -0.384863 0.867113 0.400795 -0.930002 -0.306262 0.203222 -0.504304 0.187351 -0.87068 -0.45477 0.485867 
1533738593657 0.0853324 0.626672 -0.774597 -0.613411 -0.948877 0.288235 0.128659 -0.196601 0.303893 0.724019 0.61923 0.433467 0.31622 -0.384863 0.867113 0.400795 -0.930002 -0.306262 0.203222 -0.504304 0.187351 -0.87068 -0.45477 0.485867 
1533738593699 0.0861794 0.626997 -0.774241 -0.613444 -0.948767 0.288778 0.128253 -0.196552 0.303998 0.723521 0.61976 0.43334 0.31622 -0.384863 0.867113 0.400795 -0.930002 -0.306262 0.203222 -0.504304 0.187351 -0.87068 -0.45477 0.485867 
1533738593812 0.0870262 0.627321 -0.773883 -0.613478 -0.948656 0.289321 0.127848 -0.196504 0.304103 0.723023 0.62029 0.433212 0.31622 -0.384863 0.867113 0.400795 -0.930002 -0.306262 0.203222 -0.504304 0.187351 -0.87068 -0.45477 0.485867 
1533738593861 0.0878731 0.627644 -0.773525 -0.613512 -0.948545 0.289865 0.127443 -0.196456 0.304206 0.722524 0.62082 0.433085 0.31622 -0.384863 0.867113 0.400795 -0.930002 -0.306262 0.203222 -0.504304 0.187351 -0.87068 -0.45477 0.485867 
1533738593962 0.0887202 0.627967 -0.773166 -0.613545 -0.948433 0.290408 0.127038 -0.196407 0.30431 0.722025 0.621349 0.432959 0.31622 -0.384863 0.867113 0.400795 -0.930002 -0.306262 0.203222 -0.504304 0.187351 -0.87068 -0.45477 0.485867 
1533738594020 0.0895673 0.628289 -0.772807 -0.613578 -0.94832 0.290952 0.126634 -0.196358 0.304412 0.721526 0.621879 0.432832 0.31622 -0.384863 0.867113 0.400795 -0.930002 -0.306262 0.203222 -0.504304 0.187351 -0.87068 -0.45477 0.485867 
1533738594027 0.0904145 0.62861 -0.772447 -0.613611 -0.948207 0.291496 0.126229 -0.196309 0.304514 0.721027 0.622408 0.432705 0.31622 -0.384863 0.867113 0.400795 -0.930002 -0.306262 0.203222 -0.504304 0.187351 -0.87068 -0.45477 0.485867 
1533738594160 0.0912613 0.628931 -0.772086 -0.613644 -0.948093 0.292039 0.125826 -0.196261 0.304615 0.720527 0.622937 0.432578 0.31622 -0.384863 0.867113 0.400795 -0.930002 -0.306262 0.203222 -0.504304 0.187351 -0.87068 -0.45477 0.485867 
1533738594259 0.0902514 0.628615 -0.772463 -0.613582 -0.948242 0.291349 0.126305 -0.196299 0.304453 0.721082 0.622373 0.432731 0.31622 -0.384863 0.867113 0.400795 -0.930002 -0.306262 0.203222 -0.504304 0.187351 -0.87068 -0.45477 0.485867 
1533738594269 0.0906458 0.628817 -0.772252 -0.613604 -0.94793 0.292205 0.126666 -0.196294 0.305306 0.720559 0.622562 0.432687 0.31622 -0.384863 0.867113 0.400795 -0.930002 -0.306262 0.203222 -0.504304 0.187351 -0.87068 -0.45477 0.485867 
1533738594285 0.0910382 0.629022 -0.772038 -0.613629 -0.947618 0.29306 0.12703 -0.196295 0.306158 0.720033 0.622752 0.432641 0.31622 -0.384863 0.867113 0.400795 -0.930002 -0.306262 0.203222 -0.504304 0.187351 -0.87068 -0.45477 0.485867 
1533738594434 0.0914311 0.629226 -0.771825 -0.613655 -0.947304 0.293914 0.127394 -0.196295 0.30701 0.719506 0.622942 0.432594 0.31622 -0.384863 0.867113 0.400795 -0.930002 -0.306262 0.203222 -0.504304 0.187351 -0.87068 -0.45477 0.485867 
1533738594543 0.0918239 0.629431 -0.771612 -0.613681 -0.94699 0.294768 0.127758 -0.196297 0.307862 0.718978 0.623131 0.432548 0.31622 -0.384863 0.867113 0.400795 -0.930002 -0.306262 0.203222 -0.504304 0.187351 -0.87068 -0.45477 0.485867 
1533738594645 0.0922172 0.629634 -0.771399 -0.613706 -0.946674 0.295622 0.128123 -0.196297 0.308713 0.718449 0.62332 0.432501 0.31622 -0.384863 0.867113 0.400795 -0.930002 -0.306262 0.203222 -0.504304 0.187351 -0.87068 -0.45477 0.485867 
1533738594756 0.0926106 0.629837 -0.771186 -0.613732 -0.946358 0.296475 0.128488 -0.196298 0.309563 0.717919 0.623508 0.432454 0.31622 -0.384863 0.867113 0.400795 -0.930002 -0.306262 0.203222 -0.504304 0.187351 -0.87068 -0.45477 0.485867 
1533738594864 0.0930043 0.63004 -0.770973 -0.613757 -0.946041 0.297327 0.128853 -0.1963 0.310414 0.717388 0.623697 0.432408 0.31622 -0.384863 0.867113 0.400795 -0.930002 -0.306262 0.203222 -0.504304 0.187351 -0.87068 -0.45477 0.485867 
1533738594970 0.0933981 0.630243 -0.77076 -0.613783 -0.945723 0.298179 0.129218 -0.196301 0.311263 0.716857 0.623884 0.432361 0.31622 -0.384863 0.867113 0.400795 -0.930002 -0.306262 0.203222 -0.504304 0.187351 -0.87068 -0.45477 0.485867 
1533738595071 0.0937922 0.630445 -0.770547 -0.613809 -0.945404 0.299031 0.129584 -0.196302 0.312113 0.716324 0.624072 0.432314 0.31622 -0.384863 0.867113 0.400795 -0.930002 -0.306262 0.203222 -0.504304 0.187351 -0.87068 -0.45477 0.485867 
1533738595199 0.0934868 0.630262 -0.770733 -0.61376 -0.945658 0.29836 0.129277 -0.196313 0.311434 0.716764 0.623905 0.432327 0.31622 -0.384863 0.867113 0.400795 -0.930002 -0.306262 0.203222 -0.504304 0.187351 -0.87068 -0.45477 0.485867 
1533738595211 0.0936321 0.630343 -0.770649 -0.613766 -0.94556 0.298628 0.129376 -0.196295 0.311689 0.716581 0.623989 0.432318 0.31622 -0.384863 0.867113 0.400795 -0.930002 -0.306262 0.203222 -0.504304 0.187351 -0.87068 -0.45477 0.485867 
1533738595229 0.093775 0.630427 -0.770563 -0.613776 -0.945461 0.298896 0.129479 -0.196284 0.311946 0.716396 0.624073 0.432306 0.31622 -0.384863 0.867113 0.400795 -0.930002 -0.306262 0.203222 -0.504304 0.187351 -0.87068 -0.45477 0.485867 
1533738595244 0.0939175 0.630511 -0.770477 -0.613787 -0.945362 0.299164 0.129582 -0.196274 0.312202 0.71621 0.624158 0.432293 0.31622 -0.384863 0.867113 0.400795 -0.930002 -0.306262 0.203222 -0.504304 0.187351 -0.87068 -0.45477 0.485867 
1533738595261 0.0940607 0.630594 -0.770392 -0.613797 -0.945263 0.299432 0.129684 -0.196263 0.312458 0.716025 0.624242 0.432281 0.31622 -0.384863 0.867113 0.400795 -0.930002 -0.306262 0.203222 -0.504304 0.187351 -0.87068 -0.45477 0.485867 
1533738595278 0.0942033 0.630678 -0.770306 -0.613807 -0.945164 0.299699 0.129788 -0.196253 0.312714 0.715839 0.624327 0.432269 0.31622 -0.384863 0.867113 0.400795 -0.930002 -0.306262 0.203222 -0.504304 0.187351 -0.87068 -0.45477 0.485867 
1533738595295 0.0943462 0.630761 -0.77022 -0.613818 -0.945065 0.299967 0.12989 -0.196242 0.31297 0.715654 0.624411 0.432256 0.31622 -0.384863 0.867113 0.400795 -0.930002 -0.306262 0.203222 -0.504304 0.187351 -0.87068 -0.45477 0.485867 
1533738595419 0.0944891 0.630845 -0.770134 -0.613828 -0.944966 0.300234 0.129993 -0.196231 0.313226 0.715468 0.624496 0.432244 0.31622 -0.384863 0.867113 0.400795 -0.930002 -0.306262 0.203222 -0.504304 0.187351 -0.87068 -0.45477 0.485867 
1533738595433 0.0946324 0.630928 -0.770049 -0.613838 -0.944867 0.300502 0.130096 -0.196219 0.313482 0.715282 0.62458 0.432232 0.31622 -0.384863 0.867113 0.400795 -0.930002 -0.306262 0.203222 -0.504304 0.187351 -0.87068 -0.45477 0.485867 
1533738595454 0.0947753 0.631011 -0.769963 -0.613848 -0.944768 0.30077 0.130199 -0.196209 0.313738 0.715096 0.624664 0.43222 0.31622 -0.384863 0.867113 0.400795 -0.930002 -0.306262 0.203222 -0.504304 0.187351 -0.87068 -0.45477 0.485867 
1533738595534 0.0945171 0.630803 -0.770165 -0.613798 -0.945002 0.300171 0.129881 -0.196282 0.31311 0.715532 0.624481 0.43229 0.31622 -0.384863 0.867113 0.400795 -0.930002 -0.306262 0.203222 -0.504304 0.187351 -0.87068 -0.45477 0.485867 
1533738595544 0.0945864 0.63086 -0.77011 -0.6138 -0.944956 0.300292 0.129932 -0.196269 0.313227 0.71543 0.624538 0.432289 0.31622 -0.384863 0.867113 0.400795 -0.930002 -0.306262 0.203222 -0.504304 0.187351 -0.87068 -0.45477 0.485867 
1533738595561 0.094654 0.630921 -0.770052 -0.613805 -0.94491 0.300412 0.129987 -0.196263 0.313345 0.715326 0.624599 0.432284 0.31622 -0.384863 0.867113 0.400795 -0.930002 -0.306262 0.203222 -0.504304 0.187351 -0.87068 -0.45477 0.485867 
1533738595578 0.0947216 0.630981 -0.769994 -0.613811 -0.944865 0.300533 0.130042 -0.196257 0.313462 0.715222 0.624659 0.432279 0.31622 -0.384863 0.867113 0.400795 -0.930002 -0.306262 0.203222 -0.504304 0.187351 -0.87068 -0.45477 0.485867 
1533738595594 0.094789 0.631042 -0.769936 -0.613817 -0.944819 0.300653 0.130096 -0.196251 0.313579 0.715118 0.624719 0.432274 0.31622 -0.384863 0.867113 0.400795 -0.930002 -0.306262 0.203222 -0.504304 0.187351 -0.87068 -0.45477 0.485867 
1533738595611 0.0948567 0.631103 -0.769878 -0.613822 -0.944773 0.300773 0.130151 -0.196245 0.313697 0.715014 0.624779 0.432269 0.31622 -0.384863 0.867113 0.400795 -0.930002 -0.306262 0.203222 -0.504304 0.187351 -0.87068 -0.45477 0.485867 
1533738595628 0.0949238 0.631164 -0.769819 -0.613829 -0.944727 0.300893 0.130206 -0.19624 0.313814 0.71491 0.62484 0.432264 0.31622 -0.384863 0.867113 0.400795 -0.930002 -0.306262 0.203222 -0.504304 0.187351 -0.87068 -0.45477 0.485867 
1533738595644 0.0949917 0.631224 -0.769761 -0.613834 -0.944682 0.301013 0.130261 -0.196233 0.313932 0.714806 0.6249 0.432259 0.31622 -0.384863 0.867113 0.400795 -0.930002 -0.306262 0.203222 -0.504304 0.187351 -0.87068 -0.45477 0.485867 
1533738595661 0.0950591 0.631285 -0.769703 -0.61384 -0.944636 0.301133 0.130316 -0.196227 0.314049 0.714702 0.62496 0.432254 0.31622 -0.384863 0.867113 0.400795 -0.930002 -0.306262 0.203222 -0.504304 0.187351 -0.87068 -0.45477 0.485867 
1533738595747 0.0951265 0.631346 -0.769645 -0.613846 -0.94459 0.301253 0.130371 -0.196221 0.314166 0.714597 0.62502 0.432249 0.31622 -0.384863 0.867113 0.400795 -0.930002 -0.306262 0.203222 -0.504304 0.187351 -0.87068 -0.45477 0.485867 
1533738595767 0.0948491 0.63101 -0.769954 -0.613822 -0.944741 0.300858 0.130185 -0.196264 0.313795 0.71506 0.624678 0.432267 0.31622 -0.384863 0.867113 0.400795 -0.930002 -0.306262 0.203222 -0.504304 0.187351 -0.87068 -0.45477 0.485867 
1533738595780 0.0947358 0.630959 -0.77001 -0.613828 -0.944768 0.300761 0.130212 -0.196275 0.313748 0.715146 0.624603 0.432289 0.31622 -0.384863 0.867113 0.400795 -0.930002 -0.306262 0.203222 -0.504304 0.187351 -0.87068 -0.45477 0.485867 
1533738595797 0.0946215 0.630907 -0.770067 -0.613835 -0.944795 0.300665 0.13024 -0.196288 0.313702 0.715232 0.624527 0.432315 0.31622 -0.384863 0.867113 0.400795 -0.930002 -0.306262 0.203222 -0.504304 0.187351 -0.87068 -0.45477 0.485867 
1533738595815 0.0945072 0.630854 -0.770124 -0.613843 -0.944822 0.300569 0.130268 -0.1963 0.313656 0.715319 0.624451 0.432342 0.31622 -0.384863 0.867113 0.400795 -0.930002 -0.306262 0.203222 -0.504304 0.187351 -0.87068 -0.45477 0.485867 
1533738595893 0.0943933 0.630802 -0.770181 -0.61385 -0.944849 0.300473 0.130296 -0.196312 0.31361 0.715405 0.624375 0.432368 0.31622 -0.384863 0.867113 0.400795 -0.930002 -0.306262 0.203222 -0.504304 0.187351 -0.87068 -0.45477 0.485867 
1533738595910 0.0942793 0.63075 -0.770238 -0.613857 -0.944875 0.300377 0.130324 -0.196324 0.313564 0.715492 0.624299 0.432393 0.31622 -0.384863 0.867113 0.400795 -0.930002 -0.306262 0.203222 -0.504304 0.187351 -0.87068 -0.45477 0.485867 
1533738595926 0.0941654 0.630697 -0.770295 -0.613864 -0.944902 0.300281 0.130352 -0.196336 0.313518 0.715578 0.624223 0.432418 0.31622 -0.384863 0.867113 0.400795 -0.930002 -0.306262 0.203222 -0.504304 0.187351 -0.87068 -0.45477 0.485867 
1533738595943 0.0940511 0.630645 -0.770352 -0.613872 -0.944929 0.300185 0.13038 -0.196349 0.313472 0.715665 0.624147 0.432446 0.31622 -0.384863 0.867113 0.400795 -0.930002 -0.306262 0.203222 -0.504304 0.187351 -0.87068 -0.45477 0.485867 
1533738595950 0.0939371 0.630592 -0.770409 -0.613879 -0.944955 0.300089 0.130408 -0.196361 0.313426 0.715751 0.624071 0.432471 0.31622 -0.384863 0.867113 0.400795 -0.930002 -0.306262 0.203222 -0.504304 0.187351 -0.87068 -0.45477 0.485867 
1533738595963 0.0938231 0.63054 -0.770465 -0.613886 -0.944982 0.299993 0.130436 -0.196373 0.313379 0.715838 0.623995 0.432497 0.31622 -0.384863 0.867113 0.400795 -0.930002 -0.306262 0.203222 -0.504304 0.187351 -0.87068 -0.45477 0.485867 
1533738595998 0.0944008 0.630728 -0.77024 -0.613897 -0.944833 0.300525 0.130293 -0.196252 0.313656 0.715448 0.624303 0.432243 0.31622 -0.384863 0.867113 0.400795 -0.930002 -0.306262 0.203222 -0.504304 0.187351 -0.87068 -0.45477 0.485867 
1533738596010 0.0946702 0.630829 -0.770125 -0.613908 -0.944849 0.300573 0.130058 -0.19624 0.313524 0.71534 0.624493 0.432219 0.31622 -0.384863 0.867113 0.400795 -0.930002 -0.306262 0.203222 -0.504304 0.187351 -0.87068 -0.45477 0.485867 
1533738596027 0.0949416 0.630926 -0.770012 -0.613915 -0.944867 0.300622 0.12982 -0.19622 0.31339 0.715234 0.624682 0.432199 0.31622 -0.384863 0.867113 0.400795 -0.930002 -0.306262 0.203222 -0.504304 0.187351 -0.87068 -0.45477 0.485867 
1533738596138 0.0952131 0.631022 -0.769899 -0.613921 -0.944884 0.300672 0.129582 -0.1962 0.313256 0.715128 0.624871 0.432179 0.31622 -0.384863 0.867113 0.400795 -0.930002 -0.306262 0.203222 -0.504304 0.187351 -0.87068 -0.45477 0.485867 
1533738596154 0.0954841 0.63112 -0.769786 -0.613929 -0.944901 0.30072 0.129345 -0.196181 0.313122 0.715021 0.625059 0.432158 0.31622 -0.384863 0.867113 0.400795 -0.930002 -0.306262 0.203222 -0.504304 0.187351 -0.87068 -0.45477 0.485867 
1533738596171 0.0957556 0.631216 -0.769673 -0.613935 -0.944918 0.30077 0.129106 -0.196161 0.312988 0.714915 0.625248 0.432138 0.31622 -0.384863 0.867113 0.400795 -0.930002 -0.306262 0.203222 -0.504304 0.187351 -0.87068 -0.45477 0.485867 
1533738596212 0.0960268 0.631313 -0.76956 -0.613942 -0.944934 0.300819 0.128868 -0.196141 0.312854 0.714809 0.625436 0.432118 0.31622 -0.384863 0.867113 0.400795 -0.930002 -0.306262 0.203222 -0.504304 0.187351 -0.87068 -0.45477 0.485867 
1533738596265 0.096298 0.63141 -0.769447 -0.613949 -0.944951 0.300868 0.12863 -0.196122 0.31272 0.714703 0.625625 0.432098 0.31622 -0.384863 0.867113 0.400795 -0.930002 -0.306262 0.203222 -0.504304 0.187351 -0.87068 -0.45477 0.485867 
1533738596287 0.0965688 0.631507 -0.769333 -0.613956 -0.944968 0.300917 0.128393 -0.196103 0.312586 0.714596 0.625813 0.432077 0.31622 -0.384863 0.867113 0.400795 -0.930002 -0.306262 0.203222 -0.504304 0.187351 -0.87068 -0.45477 0.485867 
1533738596317 0.0968401 0.631604 -0.769219 -0.613963 -0.944984 0.300966 0.128155 -0.196083 0.312452 0.71449 0.626001 0.432057 0.31622 -0.384863 0.867113 0.400795 -0.930002 -0.306262 0.203222 -0.504304 0.187351 -0.87068 -0.45477 0.485867 
1533738596373 0.0960368 0.63128 -0.769586 -0.613973 -0.944944 0.300806 0.128828 -0.196137 0.312823 0.714843 0.625413 0.432079 0.31622 -0.384863 0.867113 0.400795 -0.930002 -0.306262 0.203222 -0.504304 0.187351 -0.87068 -0.45477 0.485867 
1533738596383 0.096596 0.631533 -0.769308 -0.61398 -0.945043 0.300752 0.128229 -0.1961 0.312352 0.714643 0.625877 0.432035 0.31622 -0.384863 0.867113 0.400795 -0.930002 -0.306262 0.203222 -0.504304 0.187351 -0.87068 -0.45477 0.485867 
1533738596400 0.0971569 0.631784 -0.769032 -0.613982 -0.945141 0.3007 0.127628 -0.196056 0.311881 0.714443 0.626339 0.431995 0.31622 -0.384863 0.867113 0.400795 -0.930002 -0.306262 0.203222 -0.504304 0.187351 -0.87068 -0.45477 0.485867 
1533738596417 0.0977174 0.632034 -0.768755 -0.613984 -0.945238 0.300647 0.127028 -0.196013 0.31141 0.714244 0.626801 0.431955 0.31622 -0.384863 0.867113 0.400795 -0.930002 -0.306262 0.203222 -0.504304 0.187351 -0.87068 -0.45477 0.485867 
1533738596607 0.098278 0.632285 -0.768478 -0.613986 -0.945335 0.300595 0.126427 -0.195969 0.310938 0.714044 0.627263 0.431914 0.31622 -0.384863 0.867113 0.400795 -0.930002 -0.306262 0.203222 -0.504304 0.187351 -0.87068 -0.45477 0.485867 
1533738596644 0.0988382 0.632535 -0.7682 -0.613989 -0.945432 0.300543 0.125826 -0.195925 0.310466 0.713844 0.627724 0.431874 0.31622 -0.384863 0.867113 0.400795 -0.930002 -0.306262 0.203222 -0.504304 0.187351 -0.87068 -0.45477 0.485867 
1533738596740 0.0993983 0.632785 -0.767921 -0.613991 -0.945528 0.300492 0.125225 -0.195881 0.309994 0.713644 0.628185 0.431834 0.31622 -0.384863 0.867113 0.400795 -0.930002 -0.306262 0.203222 -0.504304 0.187351 -0.87068 -0.45477 0.485867 
1533738596784 0.0999582 0.633035 -0.767642 -0.613993 -0.945624 0.30044 0.124623 -0.195837 0.309522 0.713444 0.628645 0.431793 0.31622 -0.384863 0.867113 0.400795 -0.930002 -0.306262 0.203222 -0.504304 0.187351 -0.87068 -0.45477 0.485867 
1533738596879 0.100518 0.633285 -0.767363 -0.613995 -0.945719 0.300389 0.124022 -0.195793 0.309049 0.713244 0.629104 0.431753 0.31622 -0.384863 0.867113 0.400795 -0.930002 -0.306262 0.203222 -0.504304 0.187351 -0.87068 -0.45477 0.485867 
1533738596938 0.101078 0.633535 -0.767083 -0.613997 -0.945814 0.300338 0.123421 -0.195749 0.308575 0.713043 0.629564 0.431713 0.31622 -0.384863 0.867113 0.400795 -0.930002 -0.306262 0.203222 -0.504304 0.187351 -0.87068 -0.45477 0.485867 
1533738597043 0.10038 0.633242 -0.767417 -0.614007 -0.945675 0.300446 0.124219 -0.195825 0.309228 0.713258 0.629 0.43182 0.31622 -0.384863 0.867113 0.400795 -0.930002 -0.306262 0.203222 -0.504304 0.187351 -0.87068 -0.45477 0.485867 
1533738597054 0.100193 0.633458 -0.767263 -0.613996 -0.94557 0.300585 0.124688 -0.195842 0.309612 0.713008 0.629095 0.431817 0.31622 -0.384863 0.867113 0.400795 -0.930002 -0.306262 0.203222 -0.504304 0.187351 -0.87068 -0.45477 0.485867 
1533738597193 0.100002 0.633676 -0.767107 -0.613989 -0.945463 0.300722 0.125161 -0.195865 0.309997 0.712756 0.629191 0.43181 0.31622 -0.384863 0.867113 0.400795 -0.930002 -0.306262 0.203222 -0.504304 0.187351 -0.87068 -0.45477 0.485867 
1533738597305 0.0998123 0.633894 -0.766952 -0.613982 -0.945357 0.300859 0.125633 -0.195888 0.310383 0.712504 0.629286 0.431804 0.31622 -0.384863 0.867113 0.400795 -0.930002 -0.306262 0.203222 -0.504304 0.187351 -0.87068 -0.45477 0.485867 
1533738597398 0.0996221 0.634113 -0.766796 -0.613975 -0.945251 0.300996 0.126106 -0.195912 0.310768 0.712252 0.629381 0.431797 0.31622 -0.384863 0.867113 0.400795 -0.930002 -0.306262 0.203222 -0.504304 0.187351 -0.87068 -0.45477 0.485867 
1533738597505 0.0994322 0.634331 -0.76664 -0.613968 -0.945144 0.301133 0.126578 -0.195935 0.311153 0.711999 0.629476 0.43179 0.31622 -0.384863 0.867113 0.400795 -0.930002 -0.306262 0.203222 -0.504304 0.187351 -0.87068 -0.45477 0.485867 
1533738597613 0.0992423 0.634549 -0.766484 -0.613961 -0.945037 0.301269 0.127051 -0.195958 0.311539 0.711747 0.629571 0.431784 0.31622 -0.384863 0.867113 0.400795 -0.930002 -0.306262 0.203222 -0.504304 0.187351 -0.87068 -0.45477 0.485867 
1533738597722 0.0990525 0.634767 -0.766328 -0.613954 -0.94493 0.301406 0.127524 -0.195981 0.311924 0.711495 0.629666 0.431777 0.31622 -0.384863 0.867113 0.400795 -0.930002 -0.306262 0.203222 -0.504304 0.187351 -0.87068 -0.45477 0.485867 
1533738597822 0.0988627 0.634986 -0.766172 -0.613947 -0.944822 0.301542 0.127997 -0.196005 0.312309 0.711242 0.62976 0.43177 0.31622 -0.384863 0.867113 0.400795 -0.930002 -0.306262 0.203222 -0.504304 0.187351 -0.87068 -0.45477 0.485867 
1533738597922 0.098673 0.635204 -0.766015 -0.61394 -0.944715 0.301678 0.128469 -0.196028 0.312694 0.710989 0.629854 0.431764 0.31622 -0.384863 0.867113 0.400795 -0.930002 -0.306262 0.203222 -0.504304 0.187351 -0.87068 -0.45477 0.485867 
1533738598051 0.0987523 0.635101 -0.766091 -0.61394 -0.944841 0.301439 0.128103 -0.195971 0.312288 0.711183 0.629837 0.431806 0.31622 -0.384863 0.867113 0.400795 -0.930002 -0.306262 0.203222 -0.504304 0.187351 -0.87068 -0.45477 0.485867 
1533738598063 0.0985271 0.634844 -0.766332 -0.613937 -0.944893 0.301276 0.128098 -0.195995 0.3122 0.711481 0.629544 0.431851 0.31622 -0.384863 0.867113 0.400795 -0.930002 -0.306262 0.203222 -0.504304 0.187351 -0.87068 -0.45477 0.485867 
1533738598190 0.0983043 0.634586 -0.766575 -0.613929 -0.944946 0.301115 0.128091 -0.196013 0.312112 0.71178 0.62925 0.4319 0.31622 -0.384863 0.867113 0.400795 -0.930002 -0.306262 0.203222 -0.504304 0.187351 -0.87068 -0.45477 0.485867 
1533738598225 0.0980813 0.634327 -0.766818 -0.613922 -0.944998 0.300954 0.128084 -0.196031 0.312024 0.712079 0.628956 0.431948 0.31622 -0.384863 0.867113 0.400795 -0.930002 -0.306262 0.203222 -0.504304 0.187351 -0.87068 -0.45477 0.485867 
1533738598231 0.0978587 0.634068 -0.76706 -0.613915 -0.94505 0.300793 0.128076 -0.196049 0.311935 0.712377 0.628661 0.431997 0.31622 -0.384863 0.867113 0.400795 -0.930002 -0.306262 0.203222 -0.504304 0.187351 -0.87068 -0.45477 0.485867 
1533738598352 0.0976358 0.633809 -0.767303 -0.613907 -0.945102 0.300632 0.128069 -0.196067 0.311847 0.712676 0.628367 0.432045 0.31622 -0.384863 0.867113 0.400795 -0.930002 -0.306262 0.203222 -0.504304 0.187351 -0.87068 -0.45477 0.485867 
1533738598388 0.097413 0.63355 -0.767545 -0.6139 -0.945155 0.300471 0.128062 -0.196085 0.311759 0.712974 0.628072 0.432094 0.31622 -0.384863 0.867113 0.400795 -0.930002 -0.306262 0.203222 -0.504304 0.187351 -0.87068 -0.45477 0.485867 
1533738598482 0.0971904 0.63329 -0.767787 -0.613893 -0.945207 0.30031 0.128055 -0.196103 0.31167 0.713272 0.627778 0.432142 0.31622 -0.384863 0.867113 0.400795 -0.930002 -0.306262 0.203222 -0.504304 0.187351 -0.87068 -0.45477 0.485867 
1533738598520 0.0969678 0.633031 -0.768029 -0.613885 -0.945259 0.300149 0.128047 -0.196121 0.311581 0.71357 0.627483 0.432191 0.31622 -0.384863 0.867113 0.400795 -0.930002 -0.306262 0.203222 -0.504304 0.187351 -0.87068 -0.45477 0.485867 
1533738598616 0.0967453 0.632771 -0.768271 -0.613877 -0.945311 0.299988 0.12804 -0.196138 0.311493 0.713868 0.627188 0.432239 0.31622 -0.384863 0.867113 0.400795 -0.930002 -0.306262 0.203222 -0.504304 0.187351 -0.87068 -0.45477 0.485867 
1533738598677 0.0969603 0.633141 -0.767939 -0.613913 -0.945273 0.300095 0.128069 -0.196059 0.311541 0.713495 0.627589 0.432109 0.31622 -0.384863 0.867113 0.400795 -0.930002 -0.306262 0.203222 -0.504304 0.187351 -0.87068 -0.45477 0.485867 
1533738598690 0.0972808 0.633119 -0.767917 -0.61392 -0.945262 0.300246 0.127795 -0.196043 0.311474 0.713451 0.627671 0.432118 0.31622 -0.384863 0.867113 0.400795 -0.930002 -0.306262 0.203222 -0.504304 0.187351 -0.87068 -0.45477 0.485867 
1533738598707 0.097604 0.633093 -0.767897 -0.613922 -0.945251 0.300399 0.127517 -0.196019 0.311406 0.71341 0.627752 0.432131 0.31622 -0.384863 0.867113 0.400795 -0.930002 -0.306262 0.203222 -0.504304 0.187351 -0.87068 -0.45477 0.485867 
1533738598800 0.0979275 0.633068 -0.767877 -0.613924 -0.94524 0.300551 0.127239 -0.195995 0.311338 0.713368 0.627833 0.432144 0.31622 -0.384863 0.867113 0.400795 -0.930002 -0.306262 0.203222 -0.504304 0.187351 -0.87068 -0.45477 0.485867 
1533738598857 0.0982505 0.633043 -0.767857 -0.613927 -0.945229 0.300703 0.126962 -0.195972 0.31127 0.713326 0.627915 0.432156 0.31622 -0.384863 0.867113 0.400795 -0.930002 -0.306262 0.203222 -0.504304 0.187351 -0.87068 -0.45477 0.485867 
1533738598864 0.098574 0.633017 -0.767836 -0.613929 -0.945218 0.300856 0.126685 -0.195947 0.311202 0.713285 0.627995 0.432169 0.31622 -0.384863 0.867113 0.400795 -0.930002 -0.306262 0.203222 -0.504304 0.187351 -0.87068 -0.45477 0.485867 
1533738598992 0.0988971 0.632991 -0.767816 -0.613931 -0.945206 0.301008 0.126407 -0.195924 0.311134 0.713243 0.628076 0.432181 0.31622 -0.384863 0.867113 0.400795 -0.930002 -0.306262 0.203222 -0.504304 0.187351 -0.87068 -0.45477 0.485867 
1533738599030 0.0992203 0.632966 -0.767795 -0.613933 -0.945195 0.301161 0.12613 -0.1959 0.311066 0.713202 0.628157 0.432194 0.31622 -0.384863 0.867113 0.400795 -0.930002 -0.306262 0.203222 -0.504304 0.187351 -0.87068 -0.45477 0.485867 
1533738599125 0.0995432 0.632941 -0.767774 -0.613936 -0.945183 0.301313 0.125853 -0.195877 0.310998 0.71316 0.628239 0.432206 0.31622 -0.384863 0.867113 0.400795 -0.930002 -0.306262 0.203222 -0.504304 0.187351 -0.87068 -0.45477 0.485867 
1533738599177 0.0998665 0.632915 -0.767754 -0.613938 -0.945172 0.301465 0.125575 -0.195853 0.310929 0.713118 0.628319 0.432219 0.31622 -0.384863 0.867113 0.400795 -0.930002 -0.306262 0.203222 -0.504304 0.187351 -0.87068 -0.45477 0.485867 
1533738599278 0.0992996 0.632976 -0.767777 -0.613948 -0.945205 0.301165 0.126042 -0.195826 0.311009 0.713191 0.628198 0.432221 0.31622 -0.384863 0.867113 0.400795 -0.930002 -0.306262 0.203222 -0.504304 0.187351 -0.87068 -0.45477 0.485867 
1533738599290 0.0995086 0.632927 -0.76779 -0.613957 -0.945169 0.301335 0.125908 -0.195822 0.311053 0.713162 0.628209 0.43222 0.31622 -0.384863 0.867113 0.400795 -0.930002 -0.306262 0.203222 -0.504304 0.187351 -0.87068 -0.45477 0.485867 
1533738599307 0.0997184 0.632876 -0.767804 -0.613962 -0.945132 0.301506 0.125773 -0.195812 0.311096 0.713135 0.628218 0.432223 0.31622 -0.384863 0.867113 0.400795 -0.930002 -0.306262 0.203222 -0.504304 0.187351 -0.87068 -0.45477 0.485867 
1533738599323 0.0999281 0.632826 -0.767819 -0.613968 -0.945096 0.301676 0.125637 -0.195802 0.311139 0.713108 0.628227 0.432225 0.31622 -0.384863 0.867113 0.400795 -0.930002 -0.306262 0.203222 -0.504304 0.187351 -0.87068 -0.45477 0.485867 
1533738599340 0.100138 0.632774 -0.767834 -0.613972 -0.94506 0.301847 0.125502 -0.195792 0.311183 0.713081 0.628236 0.432227 0.31622 -0.384863 0.867113 0.400795 -0.930002 -0.306262 0.203222 -0.504304 0.187351 -0.87068 -0.45477 0.485867 
1533738599357 0.100348 0.632724 -0.767848 -0.613978 -0.945023 0.302017 0.125367 -0.195782 0.311226 0.713054 0.628245 0.432229 0.31622 -0.384863 0.867113 0.400795 -0.930002 -0.306262 0.203222 -0.504304 0.187351 -0.87068 -0.45477 0.485867 
1533738599499 0.100557 0.632673 -0.767863 -0.613983 -0.944987 0.302188 0.125231 -0.195772 0.311269 0.713027 0.628254 0.432232 0.31622 -0.384863 0.867113 0.400795 -0.930002 -0.306262 0.203222 -0.504304 0.187351 -0.87068 -0.45477 0.485867 
1533738599521 0.100767 0.632621 -0.767878 -0.613988 -0.94495 0.302358 0.125096 -0.195762 0.311312 0.713 0.628263 0.432234 0.31622 -0.384863 0.867113 0.400795 -0.930002 -0.306262 0.203222 -0.504304 0.187351 -0.87068 -0.45477 0.485867 
1533738599548 0.100977 0.63257 -0.767892 -0.613993 -0.944913 0.302529 0.12496 -0.195751 0.311356 0.712974 0.628272 0.432236 0.31622 -0.384863 0.867113 0.400795 -0.930002 -0.306262 0.203222 -0.504304 0.187351 -0.87068 -0.45477 0.485867 
1533738599633 0.101187 0.632519 -0.767907 -0.613998 -0.944877 0.302699 0.124825 -0.195742 0.311399 0.712946 0.628282 0.432238 0.31622 -0.384863 0.867113 0.400795 -0.930002 -0.306262 0.203222 -0.504304 0.187351 -0.87068 -0.45477 0.485867 
1533738599664 0.100769 0.632682 -0.767827 -0.613961 -0.944952 0.302345 0.125115 -0.195773 0.311307 0.712952 0.628321 0.432252 0.31622 -0.384863 0.867113 0.400795 -0.930002 -0.306262 0.203222 -0.504304 0.187351 -0.87068 -0.45477 0.485867 
1533738599671 0.100449 0.632514 -0.768008 -0.613958 -0.945004 0.302134 0.125231 -0.195797 0.311252 0.713191 0.628077 0.432263 0.31622 -0.384863 0.867113 0.400795 -0.930002 -0.306262 0.203222 -0.504304 0.187351 -0.87068 -0.45477 0.485867 
1533738599684 0.100128 0.632344 -0.76819 -0.613955 -0.945056 0.301921 0.125348 -0.195822 0.311196 0.713432 0.627831 0.432278 0.31622 -0.384863 0.867113 0.400795 -0.930002 -0.306262 0.203222 -0.504304 0.187351 -0.87068 -0.45477 0.485867 
1533738599701 0.0998077 0.632174 -0.768371 -0.613951 -0.945109 0.301709 0.125465 -0.195847 0.31114 0.713672 0.627586 0.43229 0.31622 -0.384863 0.867113 0.400795 -0.930002 -0.306262 0.203222 -0.504304 0.187351 -0.87068 -0.45477 0.485867 
1533738599849 0.0994864 0.632004 -0.768553 -0.613947 -0.945161 0.301496 0.125582 -0.195873 0.311084 0.713912 0.62734 0.432306 0.31622 -0.384863 0.867113 0.400795 -0.930002 -0.306262 0.203222 -0.504304 0.187351 -0.87068 -0.45477 0.485867 
1533738599866 0.0991657 0.631834 -0.768734 -0.613944 -0.945213 0.301284 0.125698 -0.195898 0.311028 0.714153 0.627095 0.432319 0.31622 -0.384863 0.867113 0.400795 -0.930002 -0.306262 0.203222 -0.504304 0.187351 -0.87068 -0.45477 0.485867 
1533738599872 0.0988451 0.631664 -0.768915 -0.61394 -0.945265 0.301072 0.125815 -0.195923 0.310971 0.714393 0.626849 0.432332 0.31622 -0.384863 0.867113 0.400795 -0.930002 -0.306262 0.203222 -0.504304 0.187351 -0.87068 -0.45477 0.485867 
1533738599911 0.0985245 0.631494 -0.769096 -0.613937 -0.945317 0.300859 0.125932 -0.195948 0.310915 0.714632 0.626604 0.432346 0.31622 -0.384863 0.867113 0.400795 -0.930002 -0.306262 0.203222 -0.504304 0.187351 -0.87068 -0.45477 0.485867 
1533738599974 0.0982038 0.631323 -0.769277 -0.613934 -0.945369 0.300647 0.126049 -0.195973 0.310859 0.714872 0.626358 0.432359 0.31622 -0.384863 0.867113 0.400795 -0.930002 -0.306262 0.203222 -0.504304 0.187351 -0.87068 -0.45477 0.485867 
1533738600005 0.0978832 0.631153 -0.769458 -0.61393 -0.945421 0.300435 0.126166 -0.195998 0.310802 0.715112 0.626113 0.432373 0.31622 -0.384863 0.867113 0.400795 -0.930002 -0.306262 0.203222 -0.504304 0.187351 -0.87068 -0.45477 0.485867 
1533738600043 0.0988056 0.631644 -0.768937 -0.613955 -0.94527 0.301049 0.125834 -0.195912 0.31097 0.71442 0.626819 0.43231 0.31622 -0.384863 0.867113 0.400795 -0.930002 -0.306262 0.203222 -0.504304 0.187351 -0.87068 -0.45477 0.485867 
1533738600053 0.0988123 0.631736 -0.76886 -0.613949 -0.945327 0.300906 0.125748 -0.195911 0.310794 0.714399 0.62693 0.432291 0.31622 -0.384863 0.867113 0.400795 -0.930002 -0.306262 0.203222 -0.504304 0.187351 -0.87068 -0.45477 0.485867 
1533738600070 0.0988046 0.631823 -0.76879 -0.613948 -0.945386 0.300753 0.12567 -0.195917 0.310617 0.714386 0.627032 0.432269 0.31622 -0.384863 0.867113 0.400795 -0.930002 -0.306262 0.203222 -0.504304 0.187351 -0.87068 -0.45477 0.485867 
1533738600087 0.098797 0.63191 -0.768719 -0.613946 -0.945445 0.3006 0.125592 -0.195923 0.310439 0.714374 0.627135 0.432246 0.31622 -0.384863 0.867113 0.400795 -0.930002 -0.306262 0.203222 -0.504304 0.187351 -0.87068 -0.45477 0.485867 
1533738600103 0.0987891 0.631997 -0.768648 -0.613944 -0.945504 0.300447 0.125514 -0.195929 0.310262 0.714361 0.627237 0.432224 0.31622 -0.384863 0.867113 0.400795 -0.930002 -0.306262 0.203222 -0.504304 0.187351 -0.87068 -0.45477 0.485867 
1533738600207 0.0987814 0.632084 -0.768578 -0.613943 -0.945563 0.300294 0.125435 -0.195935 0.310085 0.714348 0.627339 0.432202 0.31622 -0.384863 0.867113 0.400795 -0.930002 -0.306262 0.203222 -0.504304 0.187351 -0.87068 -0.45477 0.485867 
1533738600223 0.0987737 0.632171 -0.768507 -0.613941 -0.945622 0.300141 0.125357 -0.195941 0.309907 0.714335 0.627441 0.43218 0.31622 -0.384863 0.867113 0.400795 -0.930002 -0.306262 0.203222 -0.504304 0.187351 -0.87068 -0.45477 0.485867 
1533738600241 0.0987658 0.632258 -0.768437 -0.61394 -0.945681 0.299988 0.125279 -0.195948 0.30973 0.714323 0.627543 0.432157 0.31622 -0.384863 0.867113 0.400795 -0.930002 -0.306262 0.203222 -0.504304 0.187351 -0.87068 -0.45477 0.485867 
1533738600257 0.0987579 0.632345 -0.768366 -0.613938 -0.94574 0.299835 0.125201 -0.195954 0.309553 0.71431 0.627645 0.432135 0.31622 -0.384863 0.867113 0.400795 -0.930002 -0.306262 0.203222 -0.504304 0.187351 -0.87068 -0.45477 0.485867 
1533738600273 0.0987503 0.632432 -0.768295 -0.613936 -0.945799 0.299682 0.125122 -0.19596 0.309375 0.714297 0.627747 0.432113 0.31622 -0.384863 0.867113 0.400795 -0.930002 -0.306262 0.203222 -0.504304 0.187351 -0.87068 -0.45477 0.485867 
1533738600293 0.0986567 0.632044 -0.768627 -0.613933 -0.945498 0.300404 0.125664 -0.195846 0.310323 0.714338 0.627233 0.432208 0.31622 -0.384863 0.867113 0.400795 -0.930002 -0.306262 0.203222 -0.504304 0.187351 -0.87068 -0.45477 0.485867 
1533738600308 0.0988983 0.63221 -0.768459 -0.613935 -0.945538 0.300376 0.125431 -0.195843 0.310125 0.714202 0.627485 0.432196 0.31622 -0.384863 0.867113 0.400795 -0.930002 -0.306262 0.203222 -0.504304 0.187351 -0.87068 -0.45477 0.485867 
1533738600313 0.0991412 0.632377 -0.76829 -0.613938 -0.945577 0.300348 0.125197 -0.195838 0.309926 0.714066 0.627739 0.432182 0.31622 -0.384863 0.867113 0.400795 -0.930002 -0.306262 0.203222 -0.504304 0.187351 -0.87068 -0.45477 0.485867 
1533738600327 0.0993835 0.632544 -0.768121 -0.613941 -0.945617 0.30032 0.124964 -0.195833 0.309727 0.71393 0.627992 0.432169 0.31622 -0.384863 0.867113 0.400795 -0.930002 -0.306262 0.203222 -0.504304 0.187351 -0.87068 -0.45477 0.485867 
1533738600344 0.0996267 0.632711 -0.767952 -0.613945 -0.945657 0.300293 0.124729 -0.195827 0.309528 0.713793 0.628245 0.432154 0.31622 -0.384863 0.867113 0.400795 -0.930002 -0.306262 0.203222 -0.504304 0.187351 -0.87068 -0.45477 0.485867 
1533738600482 0.0998691 0.632878 -0.767783 -0.613948 -0.945696 0.300265 0.124495 -0.195822 0.309329 0.713657 0.628498 0.432141 0.31622 -0.384863 0.867113 0.400795 -0.930002 -0.306262 0.203222 -0.504304 0.187351 -0.87068 -0.45477 0.485867 
1533738600499 0.100111 0.633045 -0.767614 -0.613951 -0.945736 0.300238 0.124262 -0.195817 0.30913 0.71352 0.628751 0.432128 0.31622 -0.384863 0.867113 0.400795 -0.930002 -0.306262 0.203222 -0.504304 0.187351 -0.87068 -0.45477 0.485867 
1533738600515 0.100354 0.633212 -0.767445 -0.613953 -0.945775 0.30021 0.124028 -0.195813 0.308931 0.713384 0.629003 0.432114 0.31622 -0.384863 0.867113 0.400795 -0.930002 -0.306262 0.203222 -0.504304 0.187351 -0.87068 -0.45477 0.485867 
1533738600522 0.100597 0.633378 -0.767276 -0.613957 -0.945815 0.300183 0.123793 -0.195806 0.308731 0.713247 0.629256 0.4321 0.31622 -0.384863 0.867113 0.400795 -0.930002 -0.306262 0.203222 -0.504304 0.187351 -0.87068 -0.45477 0.485867 
