1534192843220 -0.202458 0.807526 -0.553997 -0.490735 -0.964658 -0.0670208 0.254841 -0.257936 0.168662 0.586012 0.792555 0.40832 0.16008 -0.304787 0.938871 0.370831 -0.775623 0.549475 0.310623 -0.528794 -0.61056 -0.777934 -0.14844 0.432481 
1534192843232 -0.174509 0.815249 -0.552191 -0.503966 -0.968459 -0.0408115 0.245808 -0.255852 0.177859 0.57767 0.796657 0.408766 0.316241 -0.38488 0.867098 0.400864 -0.930001 -0.306251 0.203246 -0.504429 0.187325 -0.870677 -0.454788 0.485926 
1534192843953 -0.14637 0.822172 -0.550098 -0.517196 -0.971437 -0.0144675 0.236857 -0.253766 0.186779 0.569055 0.800806 0.409212 0.316241 -0.38488 0.867098 0.400864 -0.930001 -0.306251 0.203246 -0.504429 0.187325 -0.870677 -0.454788 0.485926 
1534192844653 -0.118067 0.828289 -0.547721 -0.530425 -0.973588 0.0119879 0.227997 -0.251678 0.195413 0.560173 0.804997 0.409659 0.316241 -0.38488 0.867098 0.400864 -0.930001 -0.306251 0.203246 -0.504429 0.187325 -0.870677 -0.454788 0.485926 
1534192845343 -0.0896256 0.833593 -0.54506 -0.543654 -0.974911 0.0385311 0.219235 -0.249589 0.203754 0.551034 0.809225 0.410107 0.316241 -0.38488 0.867098 0.400864 -0.930001 -0.306251 0.203246 -0.504429 0.187325 -0.870677 -0.454788 0.485926 
1534192846023 -0.0610699 0.838079 -0.54212 -0.55688 -0.975404 0.0651386 0.210579 -0.247497 0.211795 0.541646 0.813488 0.410555 0.316241 -0.38488 0.867098 0.400864 -0.930001 -0.306251 0.203246 -0.504429 0.187325 -0.870677 -0.454788 0.485926 
1534192846712 -0.0324275 0.841744 -0.538902 -0.570103 -0.975067 0.0917853 0.202038 -0.245403 0.219528 0.532017 0.817781 0.411005 0.316241 -0.38488 0.867098 0.400864 -0.930001 -0.306251 0.203246 -0.504429 0.187325 -0.870677 -0.454788 0.485926 
1534192847405 -0.00372253 0.844585 -0.535409 -0.583324 -0.9739 0.118448 0.193619 -0.243308 0.226946 0.522156 0.8221 0.411454 0.316241 -0.38488 0.867098 0.400864 -0.930001 -0.306251 0.203246 -0.504429 0.187325 -0.870677 -0.454788 0.485926 
1534192848091 0.0250186 0.846598 -0.531645 -0.59654 -0.971904 0.145104 0.185328 -0.24121 0.234042 0.512072 0.826442 0.411905 0.316241 -0.38488 0.867098 0.400864 -0.930001 -0.306251 0.203246 -0.504429 0.187325 -0.870677 -0.454788 0.485926 
1534192848799 0.0538925 0.847693 -0.527743 -0.60909 -0.96909 0.171824 0.177033 -0.238693 0.240748 0.50189 0.830751 0.412466 0.316531 -0.385118 0.866887 0.401814 -0.929976 -0.306103 0.20358 -0.50615 0.186955 -0.870623 -0.455042 0.486735 
1534192849603 0.0537248 0.84741 -0.528213 -0.608846 -0.96909 0.171803 0.177056 -0.239002 0.240788 0.502374 0.830447 0.412389 0.316531 -0.385118 0.866887 0.401814 -0.929976 -0.306103 0.20358 -0.50615 0.186955 -0.870623 -0.455042 0.486735 
1534192849614 0.0566042 0.847521 -0.527734 -0.610263 -0.968761 0.174455 0.17626 -0.238807 0.24145 0.501271 0.83092 0.412429 0.316221 -0.384863 0.867113 0.400797 -0.930002 -0.306262 0.203223 -0.504308 0.187351 -0.87068 -0.45477 0.485869 
1534192849864 0.0594839 0.847624 -0.527252 -0.61168 -0.968424 0.177108 0.175467 -0.238612 0.242111 0.500166 0.831394 0.41247 0.316221 -0.384863 0.867113 0.400797 -0.930002 -0.306262 0.203223 -0.504308 0.187351 -0.87068 -0.45477 0.485869 
1534192850119 0.0623634 0.847718 -0.526768 -0.613097 -0.968078 0.17976 0.174675 -0.238417 0.242767 0.499059 0.831868 0.41251 0.316221 -0.384863 0.867113 0.400797 -0.930002 -0.306262 0.203223 -0.504308 0.187351 -0.87068 -0.45477 0.485869 
1534192850369 0.0652427 0.847804 -0.526281 -0.614514 -0.967724 0.182412 0.173885 -0.238222 0.24342 0.49795 0.832342 0.412551 0.316221 -0.384863 0.867113 0.400797 -0.930002 -0.306262 0.203223 -0.504308 0.187351 -0.87068 -0.45477 0.485869 
1534192850629 0.0681214 0.847882 -0.52579 -0.615933 -0.967362 0.185062 0.173097 -0.238028 0.24407 0.496838 0.832816 0.412591 0.31622 -0.384863 0.867113 0.400797 -0.930002 -0.306262 0.203222 -0.504307 0.187351 -0.87068 -0.45477 0.485868 
1534192850876 0.0709998 0.847951 -0.525297 -0.617352 -0.966992 0.187712 0.172311 -0.237834 0.244716 0.495724 0.83329 0.412631 0.316221 -0.384863 0.867113 0.400796 -0.930002 -0.306262 0.203223 -0.504306 0.187351 -0.87068 -0.45477 0.485868 
1534192851130 0.0738783 0.848012 -0.524802 -0.618769 -0.966613 0.190362 0.171526 -0.237639 0.245359 0.494609 0.833763 0.412671 0.316221 -0.384863 0.867113 0.400796 -0.930002 -0.306262 0.203223 -0.504306 0.187351 -0.87068 -0.45477 0.485868 
1534192851379 0.0767561 0.848065 -0.524304 -0.620188 -0.966227 0.19301 0.170743 -0.237446 0.245997 0.493491 0.834237 0.412711 0.31622 -0.384863 0.867113 0.400796 -0.930002 -0.306262 0.203222 -0.504306 0.187351 -0.87068 -0.454769 0.485868 
1534192851640 0.0796339 0.848109 -0.523803 -0.621606 -0.965832 0.195658 0.169962 -0.237251 0.246633 0.492371 0.834711 0.412751 0.31622 -0.384863 0.867113 0.400796 -0.930002 -0.306262 0.203222 -0.504306 0.187351 -0.87068 -0.454769 0.485868 
1534192851907 0.0788191 0.848008 -0.52409 -0.621328 -0.965938 0.194951 0.170172 -0.237301 0.246479 0.492825 0.834489 0.412737 0.31622 -0.384863 0.867113 0.400796 -0.930002 -0.306262 0.203222 -0.504306 0.187351 -0.87068 -0.454769 0.485868 
1534192851918 0.0796009 0.848446 -0.523263 -0.621458 -0.965862 0.195466 0.170008 -0.237296 0.246523 0.491867 0.835041 0.412593 0.31622 -0.384863 0.867113 0.400795 -0.930002 -0.306262 0.203222 -0.504304 0.187351 -0.87068 -0.454769 0.485867 
1534192851935 0.0803823 0.848882 -0.522434 -0.621593 -0.965786 0.195982 0.169846 -0.237295 0.246567 0.490907 0.835593 0.412449 0.31622 -0.384863 0.867113 0.400795 -0.930002 -0.306262 0.203222 -0.504304 0.187351 -0.87068 -0.454769 0.485867 
1534192852114 0.0811636 0.849318 -0.521605 -0.621727 -0.96571 0.196498 0.169685 -0.237293 0.246611 0.489947 0.836143 0.412304 0.31622 -0.384863 0.867113 0.400795 -0.930002 -0.306262 0.203222 -0.504304 0.187351 -0.87068 -0.454769 0.485867 
1534192852256 0.0819448 0.849752 -0.520775 -0.621862 -0.965633 0.197013 0.169524 -0.237292 0.246653 0.488985 0.836693 0.412159 0.31622 -0.384863 0.867113 0.400795 -0.930002 -0.306262 0.203222 -0.504304 0.187351 -0.87068 -0.454769 0.485867 
1534192852263 0.082726 0.850185 -0.519944 -0.621997 -0.965556 0.197529 0.169364 -0.237291 0.246695 0.488024 0.837242 0.412014 0.31622 -0.384863 0.867113 0.400795 -0.930002 -0.306262 0.203222 -0.504304 0.187351 -0.87068 -0.454769 0.485867 
1534192852471 0.0835075 0.850617 -0.519112 -0.622131 -0.965478 0.198045 0.169204 -0.23729 0.246736 0.487062 0.83779 0.41187 0.31622 -0.384863 0.867113 0.400795 -0.930002 -0.306262 0.203222 -0.504304 0.187351 -0.87068 -0.454769 0.485867 
1534192852618 0.0842885 0.851047 -0.51828 -0.622266 -0.9654 0.198561 0.169045 -0.237289 0.246776 0.486099 0.838337 0.411725 0.31622 -0.384863 0.867113 0.400795 -0.930002 -0.306262 0.203222 -0.504304 0.187351 -0.87068 -0.454769 0.485867 
1534192852624 0.08507 0.851476 -0.517447 -0.6224 -0.965321 0.199078 0.168887 -0.237287 0.246815 0.485136 0.838884 0.41158 0.31622 -0.384863 0.867113 0.400795 -0.930002 -0.306262 0.203222 -0.504304 0.187351 -0.87068 -0.454769 0.485867 
1534192852817 0.085851 0.851904 -0.516613 -0.622536 -0.965242 0.199594 0.168729 -0.237287 0.246853 0.484172 0.839429 0.411435 0.31622 -0.384863 0.867113 0.400795 -0.930002 -0.306262 0.203222 -0.504304 0.187351 -0.87068 -0.454769 0.485867 
1534192852967 0.085256 0.851484 -0.517403 -0.622428 -0.965328 0.199182 0.168728 -0.237357 0.246727 0.485078 0.838943 0.411461 0.31622 -0.384863 0.867113 0.400795 -0.930002 -0.306262 0.203222 -0.504304 0.187351 -0.87068 -0.454769 0.485867 
1534192852978 0.0853258 0.852169 -0.516263 -0.622438 -0.965176 0.1993 0.169453 -0.237424 0.247294 0.483826 0.839499 0.411367 0.31622 -0.384863 0.867113 0.400795 -0.930002 -0.306262 0.203222 -0.504304 0.187351 -0.87068 -0.45477 0.485867 
1534192853128 0.0853954 0.852853 -0.515121 -0.622453 -0.965024 0.199416 0.170181 -0.237494 0.247863 0.482572 0.840053 0.411271 0.31622 -0.384863 0.867113 0.400795 -0.930002 -0.306262 0.203222 -0.504304 0.187351 -0.87068 -0.45477 0.485867 
1534192853293 0.0854656 0.853535 -0.513978 -0.62247 -0.964872 0.199531 0.170909 -0.237566 0.248431 0.481316 0.840605 0.411175 0.31622 -0.384863 0.867113 0.400795 -0.930002 -0.306262 0.203222 -0.504304 0.187351 -0.87068 -0.45477 0.485867 
1534192853471 0.0855371 0.854215 -0.512835 -0.622484 -0.964719 0.199645 0.171636 -0.237635 0.248999 0.48006 0.841155 0.41108 0.31622 -0.384863 0.867113 0.400795 -0.930002 -0.306262 0.203222 -0.504304 0.187351 -0.87068 -0.45477 0.485867 
1534192853631 0.0856089 0.854894 -0.51169 -0.6225 -0.964566 0.199758 0.172364 -0.237706 0.249567 0.478803 0.841703 0.410984 0.31622 -0.384863 0.867113 0.400795 -0.930002 -0.306262 0.203222 -0.504304 0.187351 -0.87068 -0.45477 0.485867 
1534192853804 0.0856815 0.855572 -0.510544 -0.622515 -0.964412 0.19987 0.173092 -0.237777 0.250135 0.477544 0.842249 0.410888 0.31622 -0.384863 0.867113 0.400795 -0.930002 -0.306262 0.203222 -0.504304 0.187351 -0.87068 -0.45477 0.485867 
1534192853811 0.0857552 0.856248 -0.509398 -0.62253 -0.964258 0.199981 0.17382 -0.237847 0.250703 0.476285 0.842793 0.410792 0.31622 -0.384863 0.867113 0.400795 -0.930002 -0.306262 0.203222 -0.504304 0.187351 -0.87068 -0.45477 0.485867 
1534192854038 0.0858294 0.856922 -0.50825 -0.622546 -0.964104 0.200091 0.174548 -0.237919 0.25127 0.475025 0.843336 0.410696 0.31622 -0.384863 0.867113 0.400795 -0.930002 -0.306262 0.203222 -0.504304 0.187351 -0.87068 -0.45477 0.485867 
1534192854044 0.0859046 0.857594 -0.507102 -0.622561 -0.963949 0.2002 0.175276 -0.237989 0.251837 0.473764 0.843876 0.410601 0.31622 -0.384863 0.867113 0.400795 -0.930002 -0.306262 0.203222 -0.504304 0.187351 -0.87068 -0.45477 0.485867 
1534192854294 0.085925 0.857289 -0.507615 -0.622513 -0.96403 0.200167 0.174871 -0.237901 0.251523 0.47433 0.843651 0.410735 0.31622 -0.384863 0.867113 0.400795 -0.930002 -0.306262 0.203222 -0.504304 0.187351 -0.87068 -0.45477 0.485867 
1534192854306 0.0858119 0.857343 -0.507542 -0.622474 -0.964109 0.199926 0.174711 -0.238019 0.251258 0.474333 0.843728 0.410737 0.31622 -0.384863 0.867113 0.400795 -0.930002 -0.306262 0.203222 -0.504304 0.187351 -0.87068 -0.45477 0.485867 
1534192854323 0.0856967 0.857399 -0.507467 -0.622441 -0.964188 0.199683 0.174554 -0.238143 0.250995 0.474335 0.843806 0.410736 0.31622 -0.384863 0.867113 0.400795 -0.930002 -0.306262 0.203222 -0.504304 0.187351 -0.87068 -0.45477 0.485867 
1534192854340 0.0855821 0.857454 -0.507393 -0.622406 -0.964266 0.19944 0.174396 -0.238266 0.250731 0.474337 0.843883 0.410735 0.31622 -0.384863 0.867113 0.400795 -0.930002 -0.306262 0.203222 -0.504304 0.187351 -0.87068 -0.45477 0.485867 
1534192854356 0.0854674 0.85751 -0.507319 -0.622373 -0.964345 0.199198 0.174237 -0.238389 0.250467 0.474339 0.84396 0.410735 0.31622 -0.384863 0.867113 0.400795 -0.930002 -0.306262 0.203222 -0.504304 0.187351 -0.87068 -0.45477 0.485867 
1534192854373 0.0853526 0.857565 -0.507244 -0.622339 -0.964424 0.198955 0.174079 -0.238512 0.250203 0.47434 0.844038 0.410735 0.31622 -0.384863 0.867113 0.400795 -0.930002 -0.306262 0.203222 -0.504304 0.187351 -0.87068 -0.45477 0.485867 
1534192854494 0.0852381 0.85762 -0.50717 -0.622304 -0.964502 0.198713 0.173921 -0.238634 0.249939 0.474342 0.844115 0.410735 0.31622 -0.384863 0.867113 0.400795 -0.930002 -0.306262 0.203222 -0.504304 0.187351 -0.87068 -0.45477 0.485867 
1534192854518 0.0851232 0.857676 -0.507096 -0.622271 -0.964581 0.19847 0.173763 -0.238758 0.249675 0.474344 0.844192 0.410734 0.31622 -0.384863 0.867113 0.400795 -0.930002 -0.306262 0.203222 -0.504304 0.187351 -0.87068 -0.45477 0.485867 
1534192854554 0.0850085 0.857731 -0.507022 -0.622237 -0.964659 0.198227 0.173604 -0.23888 0.249411 0.474346 0.844269 0.410734 0.31622 -0.384863 0.867113 0.400795 -0.930002 -0.306262 0.203222 -0.504304 0.187351 -0.87068 -0.45477 0.485867 
1534192854560 0.0848935 0.857786 -0.506948 -0.622204 -0.964738 0.197984 0.173446 -0.239004 0.249148 0.474347 0.844346 0.410733 0.31622 -0.384863 0.867113 0.400795 -0.930002 -0.306262 0.203222 -0.504304 0.187351 -0.87068 -0.45477 0.485867 
1534192854664 0.0850966 0.857714 -0.507036 -0.622259 -0.964531 0.198534 0.173966 -0.238651 0.249877 0.474248 0.844186 0.41076 0.31622 -0.384863 0.867113 0.400795 -0.930002 -0.306262 0.203222 -0.504304 0.187351 -0.87068 -0.45477 0.485867 
1534192854677 0.0842884 0.857421 -0.507666 -0.622118 -0.964564 0.198044 0.174339 -0.238942 0.250022 0.474982 0.843731 0.410821 0.31622 -0.384863 0.867113 0.400795 -0.930002 -0.306262 0.203222 -0.504304 0.187351 -0.87068 -0.45477 0.485867 
1534192854694 0.0834781 0.857128 -0.508295 -0.62198 -0.964597 0.197553 0.174713 -0.239238 0.250166 0.475715 0.843274 0.41088 0.31622 -0.384863 0.867113 0.400795 -0.930002 -0.306262 0.203222 -0.504304 0.187351 -0.87068 -0.45477 0.485867 
1534192854906 0.0826679 0.856833 -0.508923 -0.621842 -0.96463 0.197063 0.175087 -0.239533 0.25031 0.476449 0.842818 0.410939 0.31622 -0.384863 0.867113 0.400795 -0.930002 -0.306262 0.203222 -0.504304 0.187351 -0.87068 -0.45477 0.485867 
1534192855054 0.0818575 0.856538 -0.509551 -0.621704 -0.964662 0.196572 0.175462 -0.239829 0.250453 0.477182 0.84236 0.410999 0.31622 -0.384863 0.867113 0.400795 -0.930002 -0.306262 0.203222 -0.504304 0.187351 -0.87068 -0.45477 0.485867 
1534192855206 0.0810469 0.856242 -0.510178 -0.621567 -0.964693 0.196082 0.175837 -0.240125 0.250595 0.477914 0.841902 0.411058 0.31622 -0.384863 0.867113 0.400795 -0.930002 -0.306262 0.203222 -0.504304 0.187351 -0.87068 -0.45477 0.485867 
1534192855346 0.0802366 0.855944 -0.510805 -0.621429 -0.964724 0.195592 0.176212 -0.24042 0.250737 0.478647 0.841444 0.411117 0.31622 -0.384863 0.867113 0.400795 -0.930002 -0.306262 0.203222 -0.504304 0.187351 -0.87068 -0.45477 0.485867 
1534192855499 0.0794256 0.855646 -0.51143 -0.621292 -0.964755 0.195102 0.176588 -0.240716 0.250878 0.479379 0.840985 0.411176 0.31622 -0.384863 0.867113 0.400795 -0.930002 -0.306262 0.203222 -0.504304 0.187351 -0.87068 -0.45477 0.485867 
1534192855645 0.0786149 0.855347 -0.512056 -0.621154 -0.964785 0.194613 0.176963 -0.241011 0.251018 0.480112 0.840525 0.411236 0.31622 -0.384863 0.867113 0.400795 -0.930002 -0.306262 0.203222 -0.504304 0.187351 -0.87068 -0.45477 0.485867 
1534192855786 0.0778036 0.855047 -0.51268 -0.621017 -0.964814 0.194124 0.17734 -0.241307 0.251157 0.480844 0.840065 0.411295 0.31622 -0.384863 0.867113 0.400795 -0.930002 -0.306262 0.203222 -0.504304 0.187351 -0.87068 -0.45477 0.485867 
1534192855946 0.0784763 0.855239 -0.512257 -0.62109 -0.964786 0.194555 0.177018 -0.241144 0.251055 0.480327 0.840391 0.41122 0.31622 -0.384863 0.867113 0.400795 -0.930002 -0.306262 0.203222 -0.504304 0.187351 -0.87068 -0.45477 0.485867 
1534192855956 0.0782151 0.855243 -0.51229 -0.620835 -0.964735 0.19448 0.177382 -0.241237 0.251335 0.48035 0.840294 0.41121 0.31622 -0.384863 0.867113 0.400795 -0.930002 -0.306262 0.203222 -0.504304 0.187351 -0.87068 -0.45477 0.485867 
1534192855973 0.0779541 0.855247 -0.512324 -0.620575 -0.964683 0.194405 0.177746 -0.241327 0.251616 0.480374 0.840197 0.411201 0.31622 -0.384863 0.867113 0.400795 -0.930002 -0.306262 0.203222 -0.504304 0.187351 -0.87068 -0.45477 0.485867 
1534192856092 0.077693 0.855251 -0.512357 -0.620315 -0.964631 0.19433 0.17811 -0.241418 0.251896 0.480397 0.840099 0.411191 0.31622 -0.384863 0.867113 0.400795 -0.930002 -0.306262 0.203222 -0.504304 0.187351 -0.87068 -0.45477 0.485867 
1534192856183 0.0774321 0.855255 -0.51239 -0.620054 -0.964578 0.194256 0.178474 -0.241508 0.252176 0.480421 0.840002 0.411182 0.31622 -0.384863 0.867113 0.400795 -0.930002 -0.306262 0.203222 -0.504304 0.187351 -0.87068 -0.45477 0.485867 
1534192856256 0.0771713 0.855258 -0.512424 -0.619794 -0.964526 0.194181 0.178838 -0.241598 0.252456 0.480445 0.839904 0.411173 0.31622 -0.384863 0.867113 0.400795 -0.930002 -0.306262 0.203222 -0.504304 0.187351 -0.87068 -0.45477 0.485867 
1534192856342 0.0769102 0.855262 -0.512457 -0.619535 -0.964474 0.194106 0.179202 -0.241688 0.252736 0.480469 0.839806 0.411164 0.31622 -0.384863 0.867113 0.400795 -0.930002 -0.306262 0.203222 -0.504304 0.187351 -0.87068 -0.45477 0.485867 
1534192856413 0.0766494 0.855265 -0.51249 -0.619274 -0.964421 0.194031 0.179566 -0.241778 0.253016 0.480492 0.839708 0.411155 0.31622 -0.384863 0.867113 0.400795 -0.930002 -0.306262 0.203222 -0.504304 0.187351 -0.87068 -0.45477 0.485867 
1534192856515 0.0763883 0.855269 -0.512523 -0.619014 -0.964368 0.193956 0.17993 -0.241868 0.253296 0.480516 0.83961 0.411145 0.31622 -0.384863 0.867113 0.400795 -0.930002 -0.306262 0.203222 -0.504304 0.187351 -0.87068 -0.45477 0.485867 
1534192856578 0.0761272 0.855273 -0.512556 -0.618755 -0.964315 0.193881 0.180294 -0.241959 0.253576 0.48054 0.839512 0.411136 0.31622 -0.384863 0.867113 0.400795 -0.930002 -0.306262 0.203222 -0.504304 0.187351 -0.87068 -0.45477 0.485867 
1534192856687 0.0764775 0.855271 -0.512506 -0.619104 -0.964452 0.193855 0.179588 -0.241903 0.252948 0.480553 0.839694 0.411109 0.31622 -0.384863 0.867113 0.400795 -0.930002 -0.306262 0.203222 -0.504304 0.187351 -0.87068 -0.45477 0.485867 
1534192856699 0.076243 0.855227 -0.512615 -0.618822 -0.964538 0.193552 0.179456 -0.241933 0.252693 0.480754 0.839656 0.411164 0.31622 -0.384863 0.867113 0.400795 -0.930002 -0.306262 0.203222 -0.504304 0.187351 -0.87068 -0.45477 0.485867 
1534192856716 0.0760094 0.855182 -0.512724 -0.618534 -0.964623 0.193249 0.179322 -0.241959 0.252437 0.480955 0.839617 0.41122 0.31622 -0.384863 0.867113 0.400795 -0.930002 -0.306262 0.203222 -0.504304 0.187351 -0.87068 -0.45477 0.485867 
1534192856752 0.0757763 0.855137 -0.512834 -0.618246 -0.964709 0.192947 0.179189 -0.241985 0.252181 0.481157 0.839579 0.411277 0.31622 -0.384863 0.867113 0.400795 -0.930002 -0.306262 0.203222 -0.504304 0.187351 -0.87068 -0.45477 0.485867 
1534192856758 0.0755426 0.855092 -0.512943 -0.61796 -0.964794 0.192644 0.179056 -0.242012 0.251925 0.481358 0.839541 0.411332 0.31622 -0.384863 0.867113 0.400795 -0.930002 -0.306262 0.203222 -0.504304 0.187351 -0.87068 -0.45477 0.485867 
1534192856945 0.0753093 0.855047 -0.513052 -0.617672 -0.964879 0.192341 0.178922 -0.242038 0.251668 0.481559 0.839502 0.411389 0.31622 -0.384863 0.867113 0.400795 -0.930002 -0.306262 0.203222 -0.504304 0.187351 -0.87068 -0.45477 0.485867 
1534192856951 0.0750761 0.855002 -0.513162 -0.617384 -0.964964 0.192039 0.178789 -0.242063 0.251412 0.48176 0.839464 0.411445 0.31622 -0.384863 0.867113 0.400795 -0.930002 -0.306262 0.203222 -0.504304 0.187351 -0.87068 -0.45477 0.485867 
1534192857136 0.0748427 0.854957 -0.513271 -0.617097 -0.965049 0.191736 0.178656 -0.24209 0.251155 0.481961 0.839425 0.411501 0.31622 -0.384863 0.867113 0.400795 -0.930002 -0.306262 0.203222 -0.504304 0.187351 -0.87068 -0.45477 0.485867 
1534192857205 0.0746096 0.854911 -0.513381 -0.616809 -0.965134 0.191433 0.178522 -0.242116 0.250899 0.482162 0.839386 0.411558 0.31622 -0.384863 0.867113 0.400795 -0.930002 -0.306262 0.203222 -0.504304 0.187351 -0.87068 -0.45477 0.485867 
1534192857212 0.0743762 0.854866 -0.513491 -0.616522 -0.965218 0.19113 0.178389 -0.242142 0.250642 0.482363 0.839348 0.411614 0.31622 -0.384863 0.867113 0.400795 -0.930002 -0.306262 0.203222 -0.504304 0.187351 -0.87068 -0.45477 0.485867 
1534192857390 0.0745912 0.854948 -0.513323 -0.616794 -0.965103 0.191467 0.178653 -0.242098 0.251023 0.482083 0.839394 0.411606 0.31622 -0.384863 0.867113 0.400795 -0.930002 -0.306262 0.203222 -0.504304 0.187351 -0.87068 -0.45477 0.485867 
1534192857407 0.0738813 0.854987 -0.51336 -0.616567 -0.964973 0.191228 0.179609 -0.242187 0.251732 0.482109 0.839168 0.411634 0.31622 -0.384863 0.867113 0.400795 -0.930002 -0.306262 0.203222 -0.504304 0.187351 -0.87068 -0.45477 0.485867 
1534192857555 0.0731694 0.855027 -0.513395 -0.616342 -0.964842 0.190987 0.180566 -0.242281 0.252441 0.482133 0.838941 0.41166 0.31622 -0.384863 0.867113 0.400795 -0.930002 -0.306262 0.203222 -0.504304 0.187351 -0.87068 -0.45477 0.485867 
1534192857689 0.0724575 0.855068 -0.513429 -0.616118 -0.96471 0.190745 0.181524 -0.242374 0.253149 0.482157 0.838713 0.411687 0.31622 -0.384863 0.867113 0.400795 -0.930002 -0.306262 0.203222 -0.504304 0.187351 -0.87068 -0.45477 0.485867 
1534192857807 0.0717455 0.855108 -0.513462 -0.615895 -0.964577 0.190504 0.182481 -0.242468 0.253858 0.482182 0.838485 0.411713 0.31622 -0.384863 0.867113 0.400795 -0.930002 -0.306262 0.203222 -0.504304 0.187351 -0.87068 -0.45477 0.485867 
1534192857939 0.0710333 0.855148 -0.513495 -0.615671 -0.964443 0.190262 0.183439 -0.242562 0.254566 0.482206 0.838256 0.41174 0.31622 -0.384863 0.867113 0.400795 -0.930002 -0.306262 0.203222 -0.504304 0.187351 -0.87068 -0.45477 0.485867 
1534192858073 0.0703211 0.855187 -0.513527 -0.615448 -0.964308 0.190021 0.184396 -0.242656 0.255274 0.482231 0.838027 0.411766 0.31622 -0.384863 0.867113 0.400795 -0.930002 -0.306262 0.203222 -0.504304 0.187351 -0.87068 -0.45477 0.485867 
1534192858079 0.0696092 0.855227 -0.513558 -0.615224 -0.964172 0.18978 0.185353 -0.242749 0.255981 0.482256 0.837796 0.411793 0.31622 -0.384863 0.867113 0.400795 -0.930002 -0.306262 0.203222 -0.504304 0.187351 -0.87068 -0.45477 0.485867 
1534192858200 0.0688969 0.855266 -0.513588 -0.615001 -0.964035 0.189538 0.18631 -0.242843 0.256689 0.482281 0.837565 0.411819 0.31622 -0.384863 0.867113 0.400795 -0.930002 -0.306262 0.203222 -0.504304 0.187351 -0.87068 -0.45477 0.485867 
1534192858392 0.0681849 0.855305 -0.513618 -0.614777 -0.963897 0.189297 0.187266 -0.242936 0.257396 0.482307 0.837334 0.411846 0.31622 -0.384863 0.867113 0.400795 -0.930002 -0.306262 0.203222 -0.504304 0.187351 -0.87068 -0.45477 0.485867 
1534192858536 0.0687907 0.855182 -0.513743 -0.614946 -0.963977 0.189605 0.186541 -0.242879 0.256934 0.482404 0.837419 0.411775 0.31622 -0.384863 0.867113 0.400795 -0.930002 -0.306262 0.203222 -0.504304 0.187351 -0.87068 -0.45477 0.485867 
1534192858548 0.0687568 0.855243 -0.513645 -0.614828 -0.964051 0.189422 0.186347 -0.242885 0.256668 0.482368 0.837522 0.411762 0.31622 -0.384863 0.867113 0.400795 -0.930002 -0.306262 0.203222 -0.504304 0.187351 -0.87068 -0.45477 0.485867 
1534192858555 0.0687245 0.855303 -0.51355 -0.614706 -0.964124 0.189239 0.186152 -0.242887 0.2564 0.482333 0.837624 0.411749 0.31622 -0.384863 0.867113 0.400795 -0.930002 -0.306262 0.203222 -0.504304 0.187351 -0.87068 -0.45477 0.485867 
1534192858571 0.0686924 0.855363 -0.513455 -0.614582 -0.964198 0.189058 0.185956 -0.242889 0.256132 0.482298 0.837726 0.411737 0.31622 -0.384863 0.867113 0.400795 -0.930002 -0.306262 0.203222 -0.504304 0.187351 -0.87068 -0.45477 0.485867 
1534192858575 0.0686597 0.855423 -0.513359 -0.614461 -0.964271 0.188876 0.185761 -0.242892 0.255865 0.482263 0.837828 0.411724 0.31622 -0.384863 0.867113 0.400795 -0.930002 -0.306262 0.203222 -0.504304 0.187351 -0.87068 -0.45477 0.485867 
1534192858699 0.0686274 0.855483 -0.513263 -0.614338 -0.964344 0.188694 0.185565 -0.242894 0.255597 0.482228 0.83793 0.411712 0.31622 -0.384863 0.867113 0.400795 -0.930002 -0.306262 0.203222 -0.504304 0.187351 -0.87068 -0.45477 0.485867 
1534192858738 0.0685952 0.855543 -0.513168 -0.614215 -0.964418 0.188512 0.185369 -0.242895 0.25533 0.482193 0.838032 0.4117 0.31622 -0.384863 0.867113 0.400795 -0.930002 -0.306262 0.203222 -0.504304 0.187351 -0.87068 -0.45477 0.485867 
1534192858767 0.0685626 0.855603 -0.513072 -0.614093 -0.964491 0.18833 0.185174 -0.242898 0.255062 0.482157 0.838133 0.411688 0.31622 -0.384863 0.867113 0.400795 -0.930002 -0.306262 0.203222 -0.504304 0.187351 -0.87068 -0.45477 0.485867 
1534192858818 0.0685303 0.855663 -0.512977 -0.613969 -0.964564 0.188148 0.184978 -0.2429 0.254794 0.482122 0.838235 0.411676 0.31622 -0.384863 0.867113 0.400795 -0.930002 -0.306262 0.203222 -0.504304 0.187351 -0.87068 -0.45477 0.485867 
1534192858875 0.0684976 0.855722 -0.512881 -0.613847 -0.964637 0.187966 0.184782 -0.242902 0.254527 0.482087 0.838337 0.411663 0.31622 -0.384863 0.867113 0.400795 -0.930002 -0.306262 0.203222 -0.504304 0.187351 -0.87068 -0.45477 0.485867 
1534192858919 0.0684972 0.85559 -0.513102 -0.614164 -0.96443 0.188404 0.185413 -0.242865 0.255308 0.482151 0.838062 0.411772 0.31622 -0.384863 0.867113 0.400795 -0.930002 -0.306262 0.203222 -0.504304 0.187351 -0.87068 -0.45477 0.485867 
1534192858933 0.0682653 0.855553 -0.513194 -0.61404 -0.964435 0.188249 0.185544 -0.242905 0.255351 0.482277 0.837977 0.4118 0.31622 -0.384863 0.867113 0.400795 -0.930002 -0.306262 0.203222 -0.504304 0.187351 -0.87068 -0.45477 0.485867 
1534192858948 0.0680341 0.855516 -0.513287 -0.61391 -0.96444 0.188096 0.185675 -0.242944 0.255395 0.482402 0.837891 0.411828 0.31622 -0.384863 0.867113 0.400795 -0.930002 -0.306262 0.203222 -0.504304 0.187351 -0.87068 -0.45477 0.485867 
1534192858964 0.067803 0.855479 -0.513379 -0.613782 -0.964445 0.187942 0.185805 -0.242982 0.255438 0.482528 0.837806 0.411857 0.31622 -0.384863 0.867113 0.400795 -0.930002 -0.306262 0.203222 -0.504304 0.187351 -0.87068 -0.45477 0.485867 
1534192858985 0.0675719 0.855442 -0.513471 -0.613652 -0.96445 0.187789 0.185936 -0.243019 0.255482 0.482653 0.83772 0.411886 0.31622 -0.384863 0.867113 0.400795 -0.930002 -0.306262 0.203222 -0.504304 0.187351 -0.87068 -0.45477 0.485867 
1534192859076 0.067341 0.855405 -0.513564 -0.613523 -0.964454 0.187636 0.186067 -0.243057 0.255525 0.482779 0.837634 0.411915 0.31622 -0.384863 0.867113 0.400795 -0.930002 -0.306262 0.203222 -0.504304 0.187351 -0.87068 -0.45477 0.485867 
1534192859111 0.0671098 0.855368 -0.513656 -0.613394 -0.964459 0.187482 0.186198 -0.243095 0.255569 0.482904 0.837549 0.411943 0.31622 -0.384863 0.867113 0.400795 -0.930002 -0.306262 0.203222 -0.504304 0.187351 -0.87068 -0.45477 0.485867 
1534192859151 0.0668789 0.85533 -0.513748 -0.613264 -0.964463 0.187329 0.186329 -0.243132 0.255612 0.48303 0.837463 0.411972 0.31622 -0.384863 0.867113 0.400795 -0.930002 -0.306262 0.203222 -0.504304 0.187351 -0.87068 -0.45477 0.485867 
1534192859212 0.0666477 0.855293 -0.51384 -0.613136 -0.964468 0.187176 0.18646 -0.24317 0.255656 0.483155 0.837378 0.412 0.31622 -0.384863 0.867113 0.400795 -0.930002 -0.306262 0.203222 -0.504304 0.187351 -0.87068 -0.45477 0.485867 
1534192859250 0.0664165 0.855256 -0.513932 -0.613007 -0.964472 0.187022 0.186591 -0.243208 0.255699 0.483281 0.837292 0.412029 0.31622 -0.384863 0.867113 0.400795 -0.930002 -0.306262 0.203222 -0.504304 0.187351 -0.87068 -0.45477 0.485867 
1534192859305 0.0669978 0.855378 -0.513654 -0.613321 -0.964457 0.187405 0.186284 -0.243124 0.255604 0.482917 0.837531 0.411991 0.31622 -0.384863 0.867113 0.400795 -0.930002 -0.306262 0.203222 -0.504304 0.187351 -0.87068 -0.45477 0.485867 
1534192859318 0.0671692 0.855435 -0.513536 -0.613219 -0.964604 0.187224 0.185705 -0.243113 0.255005 0.482885 0.837732 0.411981 0.31622 -0.384863 0.867113 0.400795 -0.930002 -0.306262 0.203222 -0.504304 0.187351 -0.87068 -0.45477 0.485867 
1534192859335 0.0673411 0.855491 -0.51342 -0.613113 -0.96475 0.187044 0.185125 -0.2431 0.254405 0.482856 0.837931 0.411973 0.31622 -0.384863 0.867113 0.400795 -0.930002 -0.306262 0.203222 -0.504304 0.187351 -0.87068 -0.45477 0.485867 
1534192859465 0.0675128 0.855547 -0.513304 -0.613007 -0.964896 0.186864 0.184546 -0.243086 0.253806 0.482826 0.83813 0.411964 0.31622 -0.384863 0.867113 0.400795 -0.930002 -0.306262 0.203222 -0.504304 0.187351 -0.87068 -0.45477 0.485867 
1534192859488 0.0676846 0.855603 -0.513188 -0.6129 -0.965042 0.186684 0.183966 -0.243071 0.253206 0.482796 0.838329 0.411956 0.31622 -0.384863 0.867113 0.400795 -0.930002 -0.306262 0.203222 -0.504304 0.187351 -0.87068 -0.45477 0.485867 
1534192859577 0.0678563 0.855659 -0.513072 -0.612793 -0.965187 0.186504 0.183386 -0.243057 0.252606 0.482766 0.838527 0.411947 0.31622 -0.384863 0.867113 0.400795 -0.930002 -0.306262 0.203222 -0.504304 0.187351 -0.87068 -0.45477 0.485867 
1534192859635 0.0680277 0.855716 -0.512955 -0.612687 -0.965332 0.186324 0.182806 -0.243044 0.252006 0.482736 0.838725 0.411939 0.31622 -0.384863 0.867113 0.400795 -0.930002 -0.306262 0.203222 -0.504304 0.187351 -0.87068 -0.45477 0.485867 
1534192859688 0.0681994 0.855772 -0.512839 -0.61258 -0.965476 0.186144 0.182225 -0.243029 0.251405 0.482706 0.838922 0.41193 0.31622 -0.384863 0.867113 0.400795 -0.930002 -0.306262 0.203222 -0.504304 0.187351 -0.87068 -0.45477 0.485867 
1534192859739 0.0683706 0.855828 -0.512722 -0.612474 -0.96562 0.185964 0.181645 -0.243015 0.250805 0.482675 0.839119 0.411922 0.31622 -0.384863 0.867113 0.400795 -0.930002 -0.306262 0.203222 -0.504304 0.187351 -0.87068 -0.45477 0.485867 
1534192859798 0.0685422 0.855884 -0.512605 -0.612367 -0.965764 0.185785 0.181065 -0.243 0.250205 0.482645 0.839316 0.411913 0.31622 -0.384863 0.867113 0.400795 -0.930002 -0.306262 0.203222 -0.504304 0.187351 -0.87068 -0.45477 0.485867 
1534192859869 0.0683079 0.855797 -0.512781 -0.612543 -0.965541 0.186085 0.181943 -0.243119 0.251127 0.482683 0.839019 0.411978 0.31622 -0.384863 0.867113 0.400795 -0.930002 -0.306262 0.203222 -0.504304 0.187351 -0.87068 -0.45477 0.485867 
1534192859884 0.0682955 0.85581 -0.512762 -0.612464 -0.96555 0.186055 0.181927 -0.243123 0.251097 0.482672 0.839034 0.411986 0.31622 -0.384863 0.867113 0.400795 -0.930002 -0.306262 0.203222 -0.504304 0.187351 -0.87068 -0.45477 0.485867 
1534192859900 0.0682848 0.855822 -0.512743 -0.612381 -0.965558 0.186028 0.181911 -0.243125 0.251068 0.482661 0.839049 0.411994 0.31622 -0.384863 0.867113 0.400795 -0.930002 -0.306262 0.203222 -0.504304 0.187351 -0.87068 -0.45477 0.485867 
1534192859917 0.0682742 0.855835 -0.512724 -0.612299 -0.965566 0.186 0.181895 -0.243126 0.251038 0.48265 0.839064 0.412003 0.31622 -0.384863 0.867113 0.400795 -0.930002 -0.306262 0.203222 -0.504304 0.187351 -0.87068 -0.45477 0.485867 
1534192859934 0.0682636 0.855847 -0.512705 -0.612215 -0.965575 0.185972 0.181879 -0.243127 0.251009 0.482639 0.839079 0.412011 0.31622 -0.384863 0.867113 0.400795 -0.930002 -0.306262 0.203222 -0.504304 0.187351 -0.87068 -0.45477 0.485867 
1534192859950 0.0682532 0.855859 -0.512686 -0.612131 -0.965583 0.185944 0.181862 -0.243128 0.250979 0.482628 0.839094 0.41202 0.31622 -0.384863 0.867113 0.400795 -0.930002 -0.306262 0.203222 -0.504304 0.187351 -0.87068 -0.45477 0.485867 
1534192859967 0.0682424 0.855871 -0.512667 -0.612049 -0.965592 0.185917 0.181846 -0.24313 0.25095 0.482617 0.83911 0.412028 0.31622 -0.384863 0.867113 0.400795 -0.930002 -0.306262 0.203222 -0.504304 0.187351 -0.87068 -0.45477 0.485867 
1534192859984 0.0682321 0.855884 -0.512648 -0.611965 -0.9656 0.185889 0.18183 -0.24313 0.250921 0.482606 0.839125 0.412037 0.31622 -0.384863 0.867113 0.400795 -0.930002 -0.306262 0.203222 -0.504304 0.187351 -0.87068 -0.45477 0.485867 
1534192860063 0.0682213 0.855896 -0.512629 -0.611882 -0.965608 0.185861 0.181813 -0.243132 0.250891 0.482595 0.83914 0.412046 0.31622 -0.384863 0.867113 0.400795 -0.930002 -0.306262 0.203222 -0.504304 0.187351 -0.87068 -0.45477 0.485867 
1534192860088 0.068211 0.855908 -0.51261 -0.611798 -0.965617 0.185834 0.181797 -0.243132 0.250862 0.482584 0.839155 0.412054 0.31622 -0.384863 0.867113 0.400795 -0.930002 -0.306262 0.203222 -0.504304 0.187351 -0.87068 -0.45477 0.485867 
1534192860108 0.0681042 0.855953 -0.512549 -0.612106 -0.965609 0.18576 0.181915 -0.243084 0.250922 0.482533 0.839167 0.412073 0.31622 -0.384863 0.867113 0.400795 -0.930002 -0.306262 0.203222 -0.504304 0.187351 -0.87068 -0.45477 0.485867 
1534192860125 0.0679003 0.85592 -0.512631 -0.612061 -0.965576 0.185696 0.182154 -0.243115 0.251103 0.482616 0.839064 0.412063 0.31622 -0.384863 0.867113 0.400795 -0.930002 -0.306262 0.203222 -0.504304 0.187351 -0.87068 -0.45477 0.485867 
1534192860142 0.0676476 0.855886 -0.512722 -0.611981 -0.965536 0.185612 0.182451 -0.243137 0.251324 0.482709 0.838945 0.412066 0.31622 -0.384863 0.867113 0.400795 -0.930002 -0.306262 0.203222 -0.504304 0.187351 -0.87068 -0.45477 0.485867 
1534192860158 0.0673953 0.855852 -0.512812 -0.611901 -0.965496 0.185528 0.182746 -0.243159 0.251544 0.482802 0.838825 0.41207 0.31622 -0.384863 0.867113 0.400795 -0.930002 -0.306262 0.203222 -0.504304 0.187351 -0.87068 -0.45477 0.485867 
1534192860267 0.067143 0.855817 -0.512902 -0.611821 -0.965457 0.185444 0.183042 -0.24318 0.251765 0.482895 0.838706 0.412074 0.31622 -0.384863 0.867113 0.400795 -0.930002 -0.306262 0.203222 -0.504304 0.187351 -0.87068 -0.45477 0.485867 
1534192860284 0.0668899 0.855783 -0.512992 -0.61174 -0.965417 0.185359 0.183338 -0.243204 0.251985 0.482987 0.838586 0.412077 0.31622 -0.384863 0.867113 0.400795 -0.930002 -0.306262 0.203222 -0.504304 0.187351 -0.87068 -0.45477 0.485867 
1534192860300 0.0666374 0.855749 -0.513082 -0.611659 -0.965376 0.185275 0.183634 -0.243225 0.252206 0.48308 0.838466 0.412081 0.31622 -0.384863 0.867113 0.400795 -0.930002 -0.306262 0.203222 -0.504304 0.187351 -0.87068 -0.45477 0.485867 
1534192860307 0.0663849 0.855715 -0.513172 -0.611579 -0.965336 0.185191 0.183929 -0.243247 0.252426 0.483173 0.838347 0.412085 0.31622 -0.384863 0.867113 0.400795 -0.930002 -0.306262 0.203222 -0.504304 0.187351 -0.87068 -0.45477 0.485867 
1534192860410 0.0661323 0.855681 -0.513261 -0.611499 -0.965296 0.185107 0.184225 -0.243269 0.252646 0.483266 0.838227 0.412089 0.31622 -0.384863 0.867113 0.400795 -0.930002 -0.306262 0.203222 -0.504304 0.187351 -0.87068 -0.45477 0.485867 
1534192860435 0.0658798 0.855646 -0.513351 -0.611418 -0.965256 0.185024 0.184521 -0.24329 0.252866 0.483359 0.838107 0.412093 0.31622 -0.384863 0.867113 0.400795 -0.930002 -0.306262 0.203222 -0.504304 0.187351 -0.87068 -0.45477 0.485867 
1534192860468 0.0666346 0.855818 -0.512967 -0.611647 -0.965441 0.185125 0.183445 -0.243234 0.251958 0.483016 0.838578 0.412054 0.31622 -0.384863 0.867113 0.400795 -0.930002 -0.306262 0.203222 -0.504304 0.187351 -0.87068 -0.45477 0.485867 
1534192860484 0.0663891 0.855778 -0.513066 -0.611587 -0.96538 0.185089 0.183805 -0.24325 0.25226 0.483101 0.838438 0.412035 0.31622 -0.384863 0.867113 0.400795 -0.930002 -0.306262 0.203222 -0.504304 0.187351 -0.87068 -0.45477 0.485867 
1534192860496 0.0661428 0.855738 -0.513165 -0.611527 -0.965318 0.185052 0.184166 -0.243269 0.25256 0.483186 0.838299 0.412015 0.31622 -0.384863 0.867113 0.400795 -0.930002 -0.306262 0.203222 -0.504304 0.187351 -0.87068 -0.45477 0.485867 
1534192860513 0.0658961 0.855698 -0.513263 -0.611468 -0.965256 0.185016 0.184527 -0.243288 0.252861 0.483271 0.838159 0.411994 0.31622 -0.384863 0.867113 0.400795 -0.930002 -0.306262 0.203222 -0.504304 0.187351 -0.87068 -0.45477 0.485867 
1534192860533 0.0656493 0.855658 -0.513361 -0.61141 -0.965194 0.184979 0.184888 -0.243308 0.253162 0.483355 0.83802 0.411974 0.31622 -0.384863 0.867113 0.400795 -0.930002 -0.306262 0.203222 -0.504304 0.187351 -0.87068 -0.45477 0.485867 
1534192860546 0.0654029 0.855618 -0.513459 -0.61135 -0.965132 0.184942 0.185249 -0.243327 0.253462 0.48344 0.83788 0.411954 0.31622 -0.384863 0.867113 0.400795 -0.930002 -0.306262 0.203222 -0.504304 0.187351 -0.87068 -0.45477 0.485867 
1534192860584 0.0651559 0.855578 -0.513557 -0.611292 -0.965069 0.184905 0.18561 -0.243347 0.253763 0.483525 0.83774 0.411933 0.31622 -0.384863 0.867113 0.400795 -0.930002 -0.306262 0.203222 -0.504304 0.187351 -0.87068 -0.45477 0.485867 
1534192860663 0.0649093 0.855538 -0.513655 -0.611233 -0.965007 0.184869 0.18597 -0.243366 0.254064 0.483609 0.8376 0.411913 0.31622 -0.384863 0.867113 0.400795 -0.930002 -0.306262 0.203222 -0.504304 0.187351 -0.87068 -0.45477 0.485867 
1534192860694 0.0646622 0.855498 -0.513752 -0.611175 -0.964944 0.184832 0.186331 -0.243387 0.254364 0.483694 0.83746 0.411892 0.31622 -0.384863 0.867113 0.400795 -0.930002 -0.306262 0.203222 -0.504304 0.187351 -0.87068 -0.45477 0.485867 
1534192860726 0.0644155 0.855458 -0.51385 -0.611117 -0.964882 0.184796 0.186692 -0.243406 0.254665 0.483779 0.83732 0.411872 0.31622 -0.384863 0.867113 0.400795 -0.930002 -0.306262 0.203222 -0.504304 0.187351 -0.87068 -0.45477 0.485867 
1534192860779 0.0651035 0.855573 -0.513572 -0.611312 -0.96508 0.184852 0.18561 -0.24335 0.253738 0.483554 0.837731 0.411862 0.31622 -0.384863 0.867113 0.400795 -0.930002 -0.306262 0.203222 -0.504304 0.187351 -0.87068 -0.45477 0.485867 
1534192860791 0.0649472 0.855626 -0.513504 -0.61121 -0.965059 0.184765 0.185805 -0.243375 0.253857 0.483494 0.837729 0.411857 0.31622 -0.384863 0.867113 0.400795 -0.930002 -0.306262 0.203222 -0.504304 0.187351 -0.87068 -0.45477 0.485867 
1534192860807 0.0647908 0.855679 -0.513436 -0.611106 -0.965038 0.184678 0.186001 -0.243402 0.253977 0.483434 0.837728 0.41185 0.31622 -0.384863 0.867113 0.400795 -0.930002 -0.306262 0.203222 -0.504304 0.187351 -0.87068 -0.45477 0.485867 
1534192860824 0.0646341 0.855732 -0.513367 -0.611001 -0.965017 0.184591 0.186196 -0.243429 0.254097 0.483373 0.837726 0.411843 0.31622 -0.384863 0.867113 0.400795 -0.930002 -0.306262 0.203222 -0.504304 0.187351 -0.87068 -0.45477 0.485867 
1534192860831 0.0644779 0.855784 -0.513299 -0.610897 -0.964996 0.184504 0.186391 -0.243456 0.254216 0.483313 0.837725 0.411837 0.31622 -0.384863 0.867113 0.400795 -0.930002 -0.306262 0.203222 -0.504304 0.187351 -0.87068 -0.45477 0.485867 
1534192860844 0.0643211 0.855837 -0.51323 -0.610792 -0.964975 0.184416 0.186587 -0.243484 0.254336 0.483252 0.837723 0.411829 0.31622 -0.384863 0.867113 0.400795 -0.930002 -0.306262 0.203222 -0.504304 0.187351 -0.87068 -0.45477 0.485867 
1534192860861 0.0641649 0.85589 -0.513162 -0.610688 -0.964953 0.184329 0.186782 -0.24351 0.254456 0.483192 0.837722 0.411823 0.31622 -0.384863 0.867113 0.400795 -0.930002 -0.306262 0.203222 -0.504304 0.187351 -0.87068 -0.45477 0.485867 
1534192860893 0.0640086 0.855943 -0.513093 -0.610584 -0.964932 0.184242 0.186978 -0.243537 0.254576 0.483132 0.83772 0.411816 0.31622 -0.384863 0.867113 0.400795 -0.930002 -0.306262 0.203222 -0.504304 0.187351 -0.87068 -0.45477 0.485867 
1534192860902 0.0638524 0.855996 -0.513024 -0.61048 -0.964911 0.184155 0.187173 -0.243564 0.254695 0.483071 0.837719 0.41181 0.31622 -0.384863 0.867113 0.400795 -0.930002 -0.306262 0.203222 -0.504304 0.187351 -0.87068 -0.45477 0.485867 
1534192861026 0.0636961 0.856049 -0.512956 -0.610376 -0.96489 0.184068 0.187368 -0.24359 0.254815 0.483011 0.837717 0.411803 0.31622 -0.384863 0.867113 0.400795 -0.930002 -0.306262 0.203222 -0.504304 0.187351 -0.87068 -0.45477 0.485867 
1534192861056 0.0641236 0.855932 -0.513097 -0.610722 -0.965002 0.184192 0.186664 -0.243479 0.25428 0.48317 0.837788 0.411815 0.31622 -0.384863 0.867113 0.400795 -0.930002 -0.306262 0.203222 -0.504304 0.187351 -0.87068 -0.45477 0.485867 
1534192861069 0.0638332 0.855777 -0.513392 -0.610547 -0.965027 0.184001 0.186725 -0.243537 0.25426 0.483518 0.837593 0.411863 0.31622 -0.384863 0.867113 0.400795 -0.930002 -0.306262 0.203222 -0.504304 0.187351 -0.87068 -0.45477 0.485867 
1534192861086 0.0635443 0.855621 -0.513687 -0.610368 -0.965052 0.183811 0.186785 -0.243591 0.254238 0.483866 0.837399 0.411913 0.31622 -0.384863 0.867113 0.400795 -0.930002 -0.306262 0.203222 -0.504304 0.187351 -0.87068 -0.45477 0.485867 
1534192861092 0.0632558 0.855465 -0.513983 -0.610187 -0.965076 0.183621 0.186844 -0.243644 0.254217 0.484214 0.837204 0.411962 0.31622 -0.384863 0.867113 0.400795 -0.930002 -0.306262 0.203222 -0.504304 0.187351 -0.87068 -0.45477 0.485867 
1534192861231 0.0629671 0.855309 -0.514278 -0.610007 -0.965101 0.183431 0.186904 -0.243698 0.254195 0.484561 0.83701 0.412012 0.31622 -0.384863 0.867113 0.400795 -0.930002 -0.306262 0.203222 -0.504304 0.187351 -0.87068 -0.45477 0.485867 
1534192861276 0.0626781 0.855153 -0.514572 -0.609828 -0.965126 0.183241 0.186964 -0.243753 0.254173 0.484908 0.836815 0.412061 0.31622 -0.384863 0.867113 0.400795 -0.930002 -0.306262 0.203222 -0.504304 0.187351 -0.87068 -0.45477 0.485867 
1534192861378 0.0623895 0.854997 -0.514867 -0.609648 -0.96515 0.183051 0.187024 -0.243806 0.254152 0.485256 0.83662 0.412111 0.31622 -0.384863 0.867113 0.400795 -0.930002 -0.306262 0.203222 -0.504304 0.187351 -0.87068 -0.45477 0.485867 
1534192861424 0.0621005 0.85484 -0.515162 -0.609468 -0.965174 0.18286 0.187084 -0.24386 0.25413 0.485603 0.836425 0.41216 0.31622 -0.384863 0.867113 0.400795 -0.930002 -0.306262 0.203222 -0.504304 0.187351 -0.87068 -0.45477 0.485867 
