1532343546595 0.275657 0.633204 -0.723233 -0.604483 -0.8825 0.464965 0.0707247 -0.181741 0.381061 0.618757 0.686973 0.426588 0.398705 -0.235031 0.886451 0.327772 -0.869972 -0.402743 0.284511 -0.528207 0.290143 -0.884623 -0.365046 0.475363 
1532343546607 0.300885 -0.138768 0.94351 0.225257 -0.922898 -0.291628 0.25142 -0.486343 0.240265 -0.946412 -0.215816 0.468712 0.355526 -0.234001 0.9049 0.334627 -0.898717 -0.351512 0.262198 -0.524787 0.256728 -0.906467 -0.335272 0.470938 
1532343546613 0.242824 0.102786 0.964609 0.161521 -0.925175 -0.274468 0.262144 -0.435487 0.291699 -0.956087 0.0284471 0.461493 0.312409 -0.230677 0.921514 0.3401 -0.923874 -0.299498 0.238238 -0.521103 0.221036 -0.925791 -0.306682 0.466894 
1532343547432 0.185198 0.340047 0.921992 0.063454 -0.926148 -0.253291 0.279452 -0.395841 0.328559 -0.905655 0.268025 0.437566 0.268937 -0.224771 0.936563 0.34562 -0.945521 -0.246843 0.212268 -0.517373 0.183472 -0.942627 -0.278911 0.462749 
1532343548580 0.108748 0.566671 0.816736 -0.0100391 -0.933954 -0.223139 0.279174 -0.393717 0.340446 -0.793154 0.504979 0.453532 0.225325 -0.216321 0.949965 0.351161 -0.963556 -0.193773 0.184423 -0.513617 0.144183 -0.9569 -0.2521 0.458548 
1532343549447 0.0372321 0.750392 0.659943 -0.0983726 -0.940159 -0.197527 0.27764 -0.379782 0.338696 -0.630789 0.698134 0.449323 0.18167 -0.205293 0.961692 0.356983 -0.977913 -0.14051 0.154739 -0.509923 0.10336 -0.968562 -0.226285 0.454281 
1532343549454 -0.0276915 0.888236 0.458552 -0.198363 -0.946591 -0.170721 0.273532 -0.355443 0.321245 -0.426486 0.845524 0.439937 0.138266 -0.191805 0.971645 0.362815 -0.988506 -0.0872933 0.123433 -0.506241 0.061143 -0.977543 -0.20167 0.450023 
1532343550309 -0.0860503 0.970276 0.226185 -0.298172 -0.953824 -0.145808 0.262603 -0.330399 0.287777 -0.193143 0.938019 0.431337 0.0953021 -0.175917 0.979781 0.368652 -0.995291 -0.0343514 0.090643 -0.502584 0.0177112 -0.983805 -0.178362 0.445797 
1532343551382 -0.134006 0.99074 -0.0218374 -0.397708 -0.961331 -0.124615 0.245587 -0.305243 0.240592 0.0539031 0.969129 0.423202 0.0529679 -0.157704 0.986065 0.3745 -0.998238 0.0180897 0.0565149 -0.498995 -0.0267503 -0.987321 -0.156468 0.441647 
