1533291416452 -0.343717 0.932014 -0.114924 -0.603611 -0.938808 -0.338127 0.065651 -0.258755 0.0223288 0.130457 0.991203 0.335077 0.16008 -0.304787 0.938871 0.370831 -0.775623 0.549475 0.310623 -0.528794 -0.61056 -0.777934 -0.14844 0.432481 
1533291416467 -0.29645 0.946494 -0.127544 -0.606698 -0.954038 -0.287341 0.085134 -0.254897 0.0439302 0.14692 0.988172 0.339674 0.316305 -0.38429 0.867336 0.400738 -0.930106 -0.305553 0.203815 -0.506322 0.186693 -0.871182 -0.454078 0.485854 
1533291416486 -0.248688 0.958252 -0.141091 -0.609794 -0.966311 -0.235485 0.103875 -0.25104 0.0663133 0.162171 0.984532 0.344264 0.316242 -0.384853 0.86711 0.400828 -0.929997 -0.306262 0.203248 -0.504438 0.187342 -0.870685 -0.454765 0.485876 
1533291416504 -0.200587 0.967252 -0.155525 -0.612891 -0.975588 -0.18273 0.121811 -0.247184 0.0894025 0.176162 0.980293 0.348853 0.316223 -0.384857 0.867115 0.40079 -0.930001 -0.306263 0.203227 -0.50432 0.187352 -0.870683 -0.454765 0.485866 
1533291416517 -0.152305 0.973464 -0.170798 -0.615988 -0.981838 -0.129248 0.138883 -0.243329 0.113122 0.188848 0.975469 0.353443 0.316222 -0.384859 0.867114 0.40079 -0.930002 -0.306263 0.203224 -0.504311 0.187352 -0.870682 -0.454766 0.485866 
1533291416533 -0.103999 0.976866 -0.18686 -0.619086 -0.985042 -0.0752133 0.155036 -0.239473 0.137395 0.200188 0.970076 0.358032 0.316221 -0.384861 0.867114 0.400793 -0.930002 -0.306262 0.203224 -0.504309 0.187352 -0.870681 -0.454768 0.485867 
1533291416540 -0.0558277 0.977449 -0.203659 -0.622183 -0.985187 -0.0208038 0.170216 -0.235617 0.162141 0.210145 0.964131 0.362621 0.316221 -0.384862 0.867113 0.400795 -0.930002 -0.306262 0.203223 -0.504309 0.187351 -0.870681 -0.454769 0.485868 
1533291416564 -0.00794844 0.97521 -0.221139 -0.625283 -0.982275 0.033803 0.184375 -0.231761 0.187279 0.218685 0.957655 0.36721 0.316221 -0.384862 0.867113 0.400796 -0.930002 -0.306262 0.203223 -0.50431 0.187351 -0.870681 -0.454769 0.485869 
1533291416584 0.0394812 0.970157 -0.239241 -0.628399 -0.976313 0.0884271 0.197467 -0.227913 0.212729 0.225778 0.950668 0.371794 0.316222 -0.384863 0.867112 0.400801 -0.930002 -0.306262 0.203224 -0.504317 0.18735 -0.87068 -0.45477 0.485871 
1533291416599 0.0862408 0.962336 -0.257822 -0.631659 -0.967328 0.142811 0.20948 -0.224277 0.23841 0.231333 0.94321 0.376209 0.316238 -0.384878 0.8671 0.400844 -0.930001 -0.306253 0.203243 -0.504402 0.187328 -0.870677 -0.454786 0.48592 
1533291416698 -0.343325 0.932154 -0.114967 -0.603687 -0.93893 -0.337614 0.0665396 -0.258572 0.0232108 0.13079 0.991138 0.335275 0.316238 -0.384878 0.8671 0.400844 -0.930001 -0.306253 0.203243 -0.504402 0.187328 -0.870677 -0.454786 0.48592 
1533291416712 -0.296095 0.946596 -0.127606 -0.606766 -0.95411 -0.286862 0.085928 -0.254732 0.0447339 0.147193 0.988096 0.339852 0.316221 -0.384863 0.867113 0.400799 -0.930002 -0.306262 0.203223 -0.504312 0.187351 -0.87068 -0.45477 0.485869 
1533291416730 -0.248373 0.958323 -0.141167 -0.609854 -0.966342 -0.235047 0.104576 -0.250894 0.0670365 0.162389 0.984447 0.344422 0.316221 -0.384863 0.867113 0.400795 -0.930002 -0.306262 0.203223 -0.504305 0.187351 -0.87068 -0.45477 0.485867 
1533291416744 -0.200314 0.967295 -0.155609 -0.612943 -0.975585 -0.182337 0.122419 -0.247056 0.0900419 0.176332 0.980204 0.348992 0.316221 -0.384863 0.867113 0.400795 -0.930002 -0.306262 0.203223 -0.504304 0.187351 -0.87068 -0.45477 0.485867 
1533291416750 -0.152074 0.973484 -0.170885 -0.616032 -0.98181 -0.128904 0.139399 -0.243218 0.113675 0.188975 0.97538 0.353562 0.31622 -0.384863 0.867113 0.400795 -0.930002 -0.306262 0.203222 -0.504304 0.187351 -0.87068 -0.454769 0.485867 
1533291416765 -0.10381 0.97687 -0.186945 -0.619122 -0.984997 -0.0749227 0.155461 -0.239381 0.137859 0.200278 0.969992 0.358132 0.31622 -0.384863 0.867113 0.400795 -0.930002 -0.306262 0.203222 -0.504304 0.187352 -0.87068 -0.454769 0.485867 
1533291416784 -0.0556799 0.977441 -0.203737 -0.622211 -0.985134 -0.0205685 0.170552 -0.235543 0.162514 0.210204 0.964056 0.362701 0.31622 -0.384863 0.867113 0.400795 -0.930002 -0.306262 0.203222 -0.504304 0.187352 -0.87068 -0.454769 0.485867 
1533291416807 -0.00784083 0.975196 -0.221205 -0.625301 -0.982222 0.0339811 0.184623 -0.231705 0.187561 0.21872 0.957592 0.367271 0.31622 -0.384863 0.867113 0.400795 -0.930002 -0.306262 0.203222 -0.504304 0.187352 -0.87068 -0.454769 0.485867 
1533291416813 0.0395507 0.970142 -0.239292 -0.628402 -0.976269 0.0885472 0.19763 -0.227873 0.212918 0.225797 0.950622 0.371836 0.31622 -0.384863 0.867113 0.400795 -0.930002 -0.306262 0.203222 -0.504304 0.187352 -0.87068 -0.454769 0.485867 
1533291416827 0.0862851 0.962319 -0.257869 -0.631573 -0.967301 0.142885 0.209552 -0.224211 0.238501 0.231356 0.943182 0.37625 0.31622 -0.384863 0.867113 0.400795 -0.930002 -0.306262 0.203222 -0.504304 0.187352 -0.87068 -0.454769 0.485867 
1533291416936 -0.336263 0.933931 -0.121242 -0.605443 -0.941207 -0.328823 0.0774886 -0.256025 0.0325018 0.14017 0.989594 0.338967 0.31622 -0.384863 0.867113 0.400795 -0.930002 -0.306262 0.203222 -0.504304 0.187352 -0.87068 -0.454769 0.485867 
1533291416948 -0.307626 0.942138 -0.133204 -0.606467 -0.950504 -0.297846 0.0884918 -0.253449 0.0436972 0.153833 0.98713 0.342069 0.31622 -0.384863 0.867113 0.400795 -0.930002 -0.306262 0.203222 -0.504304 0.187352 -0.87068 -0.454769 0.485867 
1533291416971 -0.278828 0.949259 -0.145472 -0.607493 -0.958747 -0.26643 0.0990862 -0.250873 0.0553003 0.167099 0.984388 0.345167 0.31622 -0.384863 0.867113 0.400795 -0.930002 -0.306262 0.203222 -0.504304 0.187352 -0.87068 -0.454769 0.485867 
1533291416988 -0.249907 0.955287 -0.158031 -0.608519 -0.965929 -0.234617 0.109257 -0.248298 0.0672947 0.17995 0.981371 0.348265 0.31622 -0.384863 0.867113 0.400795 -0.930002 -0.306262 0.203222 -0.504304 0.187352 -0.87068 -0.454769 0.485867 
1533291417005 -0.220898 0.960213 -0.170865 -0.609545 -0.972038 -0.202444 0.11899 -0.245723 0.0796653 0.192372 0.978083 0.351364 0.31622 -0.384863 0.867113 0.400795 -0.930002 -0.306262 0.203222 -0.504304 0.187352 -0.87068 -0.454769 0.485867 
1533291417011 -0.191837 0.964032 -0.183958 -0.610571 -0.977068 -0.169954 0.128275 -0.243147 0.0923965 0.204347 0.974528 0.354462 0.31622 -0.384863 0.867113 0.400795 -0.930002 -0.306262 0.203222 -0.504304 0.187352 -0.87068 -0.454769 0.485867 
1533291417025 -0.162762 0.966739 -0.197293 -0.611597 -0.981012 -0.137186 0.137098 -0.240572 0.105472 0.215861 0.970711 0.35756 0.31622 -0.384863 0.867113 0.400795 -0.930002 -0.306262 0.203222 -0.504304 0.187352 -0.87068 -0.454769 0.485867 
1533291417043 -0.133709 0.96833 -0.210854 -0.612625 -0.983865 -0.104183 0.14545 -0.237997 0.118876 0.2269 0.966636 0.360658 0.31622 -0.384863 0.867113 0.400795 -0.930002 -0.306262 0.203222 -0.504304 0.187352 -0.87068 -0.454769 0.485867 
1533291417049 -0.104716 0.968804 -0.224621 -0.613666 -0.985624 -0.0709858 0.153321 -0.235427 0.132593 0.237446 0.962309 0.363752 0.31622 -0.384863 0.867113 0.400795 -0.930002 -0.306262 0.203222 -0.504304 0.187352 -0.87068 -0.454769 0.485867 
1533291417063 -0.0758554 0.968171 -0.238518 -0.614839 -0.986281 -0.0376803 0.160716 -0.232979 0.146613 0.247437 0.957747 0.366727 0.31622 -0.384863 0.867113 0.400795 -0.930002 -0.306262 0.203222 -0.504304 0.187352 -0.87068 -0.454769 0.485867 
1533291417142 -0.315609 0.939267 -0.134788 -0.607929 -0.947925 -0.305689 0.0894024 -0.253611 0.0427697 0.155985 0.986833 0.342371 0.31622 -0.384863 0.867113 0.400795 -0.930002 -0.306262 0.203222 -0.504304 0.187352 -0.87068 -0.454769 0.485867 
1533291417153 -0.282955 0.947676 -0.147806 -0.609196 -0.957497 -0.2701 0.101223 -0.250818 0.0560044 0.170165 0.983823 0.345494 0.31622 -0.384863 0.867113 0.400795 -0.930002 -0.306262 0.203222 -0.504304 0.187352 -0.87068 -0.454769 0.485867 
1533291417168 -0.250127 0.954701 -0.161193 -0.610467 -0.9657 -0.234008 0.112532 -0.248027 0.069714 0.183811 0.980486 0.348613 0.31622 -0.384863 0.867113 0.400795 -0.930002 -0.306262 0.203222 -0.504304 0.187352 -0.87068 -0.454769 0.485867 
1533291417185 -0.217174 0.960331 -0.17493 -0.611738 -0.972523 -0.197469 0.12331 -0.245236 0.0838751 0.196903 0.976829 0.351732 0.31622 -0.384863 0.867113 0.400795 -0.930002 -0.306262 0.203222 -0.504304 0.187352 -0.87068 -0.454769 0.485867 
1533291417208 -0.184149 0.964557 -0.188994 -0.613008 -0.977954 -0.160541 0.133539 -0.242445 0.098465 0.209419 0.972856 0.354851 0.31622 -0.384863 0.867113 0.400795 -0.930002 -0.306262 0.203222 -0.504304 0.187352 -0.87068 -0.454769 0.485867 
1533291417218 -0.151106 0.967373 -0.203364 -0.614279 -0.981985 -0.123283 0.143204 -0.239654 0.11346 0.221339 0.968574 0.35797 0.31622 -0.384863 0.867113 0.400795 -0.930002 -0.306262 0.203222 -0.504304 0.187352 -0.87068 -0.454769 0.485867 
1533291417225 -0.118096 0.968774 -0.218016 -0.61555 -0.984609 -0.0857545 0.152289 -0.236863 0.128838 0.232645 0.96399 0.36109 0.31622 -0.384863 0.867113 0.400795 -0.930002 -0.306262 0.203222 -0.504304 0.187352 -0.87068 -0.454769 0.485867 
1533291417242 -0.0851725 0.968757 -0.232927 -0.616822 -0.985822 -0.0480152 0.160779 -0.234072 0.144572 0.243319 0.959112 0.364208 0.31622 -0.384863 0.867113 0.400795 -0.930002 -0.306262 0.203222 -0.504304 0.187352 -0.87068 -0.454769 0.485867 
1533291417260 -0.0523889 0.967324 -0.248071 -0.618108 -0.985622 -0.0101262 0.168662 -0.231286 0.160639 0.25334 0.953946 0.367323 0.31622 -0.384863 0.867113 0.400795 -0.930002 -0.306262 0.203222 -0.504304 0.187352 -0.87068 -0.454769 0.485867 
1533291417266 -0.0198402 0.964493 -0.26336 -0.619528 -0.984007 0.027802 0.175948 -0.228638 0.177023 0.262639 0.948517 0.370311 0.31622 -0.384863 0.867113 0.400795 -0.930002 -0.306262 0.203222 -0.504304 0.187352 -0.87068 -0.454769 0.485867 
1533291417341 -0.29167 0.945077 -0.147504 -0.60897 -0.955188 -0.279647 0.0970285 -0.25157 0.0504503 0.169195 0.984291 0.344978 0.31622 -0.384863 0.867113 0.400795 -0.930002 -0.306262 0.203222 -0.504304 0.187352 -0.87068 -0.454769 0.485867 
1533291417355 -0.261468 0.952097 -0.158577 -0.610097 -0.96311 -0.246517 0.107927 -0.249107 0.0636649 0.180946 0.98143 0.347724 0.31622 -0.384863 0.867113 0.400795 -0.930002 -0.306262 0.203222 -0.504304 0.187352 -0.87068 -0.454769 0.485867 
1533291417363 -0.231139 0.957959 -0.169966 -0.611228 -0.96985 -0.212997 0.118419 -0.246645 0.0772385 0.192213 0.978309 0.350466 0.31622 -0.384863 0.867113 0.400795 -0.930002 -0.306262 0.203222 -0.504304 0.187352 -0.87068 -0.454769 0.485867 
1533291417369 -0.200722 0.962658 -0.181658 -0.612358 -0.975398 -0.179132 0.128491 -0.244184 0.0911517 0.20298 0.974931 0.353208 0.31622 -0.384863 0.867113 0.400795 -0.930002 -0.306262 0.203222 -0.504304 0.187352 -0.87068 -0.454769 0.485867 
1533291417377 -0.170259 0.966186 -0.193638 -0.613488 -0.979748 -0.144966 0.138127 -0.241722 0.105386 0.213234 0.971301 0.35595 0.31622 -0.384863 0.867113 0.400795 -0.930002 -0.306262 0.203222 -0.504304 0.187352 -0.87068 -0.454769 0.485867 
1533291417393 -0.139791 0.968539 -0.205889 -0.614619 -0.982892 -0.110546 0.147317 -0.23926 0.119922 0.22296 0.967423 0.358692 0.31622 -0.384863 0.867113 0.400795 -0.930002 -0.306262 0.203222 -0.504304 0.187352 -0.87068 -0.454769 0.485867 
1533291417416 -0.109357 0.969714 -0.218394 -0.615749 -0.984828 -0.0759176 0.156046 -0.236798 0.13474 0.232145 0.963304 0.361434 0.31622 -0.384863 0.867113 0.400795 -0.930002 -0.306262 0.203222 -0.504304 0.187352 -0.87068 -0.454769 0.485867 
1533291417431 -0.0789997 0.969709 -0.231137 -0.616881 -0.985552 -0.0411274 0.164304 -0.234337 0.149821 0.240777 0.958947 0.364176 0.31622 -0.384863 0.867113 0.400795 -0.930002 -0.306262 0.203222 -0.504304 0.187352 -0.87068 -0.454769 0.485867 
1533291417449 -0.0487598 0.968524 -0.244098 -0.618025 -0.985063 -0.00622287 0.172081 -0.23188 0.165145 0.248842 0.954361 0.366915 0.31622 -0.384863 0.867113 0.400795 -0.930002 -0.306262 0.203222 -0.504304 0.187352 -0.87068 -0.454769 0.485867 
1533291417465 -0.0187161 0.966175 -0.257206 -0.619284 -0.983361 0.0287043 0.179382 -0.229544 0.180697 0.256284 0.949562 0.369545 0.31622 -0.384863 0.867113 0.400795 -0.930002 -0.306262 0.203222 -0.504304 0.187352 -0.87068 -0.454769 0.485867 
1533291417495 -0.261378 0.951733 -0.160893 -0.610377 -0.963316 -0.2467 0.105646 -0.249038 0.0608541 0.182604 0.981301 0.34766 0.31622 -0.384863 0.867113 0.400795 -0.930002 -0.306262 0.203222 -0.504304 0.187352 -0.87068 -0.454769 0.485867 
1533291417506 -0.232227 0.957449 -0.171356 -0.611475 -0.969969 -0.214864 0.113988 -0.246666 0.0723191 0.192681 0.978593 0.350285 0.31622 -0.384863 0.867113 0.400795 -0.930002 -0.306262 0.203222 -0.504304 0.187352 -0.87068 -0.454769 0.485867 
1533291417522 -0.202973 0.962113 -0.182046 -0.612573 -0.975568 -0.182733 0.121968 -0.244296 0.0840815 0.202355 0.975696 0.352907 0.31622 -0.384863 0.867113 0.400795 -0.930002 -0.306262 0.203222 -0.504304 0.187352 -0.87068 -0.454769 0.485867 
1533291417545 -0.17365 0.96572 -0.192954 -0.613673 -0.980105 -0.150346 0.129577 -0.241925 0.0961254 0.211616 0.972614 0.35553 0.31622 -0.384863 0.867113 0.400795 -0.930002 -0.306262 0.203222 -0.504304 0.187352 -0.87068 -0.454769 0.485867 
1533291417551 -0.144292 0.968265 -0.204066 -0.614772 -0.983576 -0.117741 0.136805 -0.239555 0.108437 0.220455 0.969351 0.358152 0.31622 -0.384863 0.867113 0.400795 -0.930002 -0.306262 0.203222 -0.504304 0.187352 -0.87068 -0.454769 0.485867 
1533291417565 -0.114934 0.969745 -0.21537 -0.615871 -0.985976 -0.0849558 0.143644 -0.237184 0.121001 0.228859 0.96591 0.360775 0.31622 -0.384863 0.867113 0.400795 -0.930002 -0.306262 0.203222 -0.504304 0.187352 -0.87068 -0.454769 0.485867 
1533291417581 -0.0856106 0.970159 -0.226851 -0.61697 -0.987303 -0.0520294 0.150084 -0.234813 0.133803 0.23682 0.962296 0.363397 0.31622 -0.384863 0.867113 0.400795 -0.930002 -0.306262 0.203222 -0.504304 0.187352 -0.87068 -0.454769 0.485867 
1533291417598 -0.0563567 0.969507 -0.238497 -0.61807 -0.987555 -0.0190006 0.15612 -0.232443 0.146828 0.244328 0.958512 0.366019 0.31622 -0.384863 0.867113 0.400795 -0.930002 -0.306262 0.203222 -0.504304 0.187352 -0.87068 -0.454769 0.485867 
1533291417615 -0.0272072 0.967788 -0.250292 -0.619182 -0.986732 0.0140908 0.161744 -0.230077 0.160061 0.251371 0.954564 0.368638 0.31622 -0.384863 0.867113 0.400795 -0.930002 -0.306262 0.203222 -0.504304 0.187352 -0.87068 -0.454769 0.485867 
1533291417631 0.00176541 0.96502 -0.262171 -0.620395 -0.984833 0.0471632 0.166971 -0.227829 0.173495 0.2579 0.950467 0.371153 0.31622 -0.384863 0.867113 0.400795 -0.930002 -0.306262 0.203222 -0.504304 0.187352 -0.87068 -0.454769 0.485867 
1533291417683 -0.231522 0.957515 -0.171941 -0.611538 -0.970231 -0.214357 0.112711 -0.247204 0.0710661 0.192917 0.978638 0.349651 0.31622 -0.384863 0.867113 0.400795 -0.930002 -0.306262 0.203222 -0.504304 0.187352 -0.87068 -0.454769 0.485867 
1533291417694 -0.204395 0.9618 -0.182106 -0.612591 -0.975392 -0.184401 0.120858 -0.245143 0.0826613 0.202328 0.975823 0.352128 0.31622 -0.384863 0.867113 0.400795 -0.930002 -0.306262 0.203222 -0.504304 0.187352 -0.87068 -0.454769 0.485867 
1533291417712 -0.177217 0.965167 -0.192477 -0.613646 -0.979623 -0.154211 0.128676 -0.243082 0.0945114 0.211359 0.972828 0.354604 0.31622 -0.384863 0.867113 0.400795 -0.930002 -0.306262 0.203222 -0.504304 0.187352 -0.87068 -0.454769 0.485867 
1533291417718 -0.150016 0.96761 -0.203044 -0.6147 -0.98292 -0.123819 0.136153 -0.241022 0.106603 0.220001 0.969657 0.357079 0.31622 -0.384863 0.867113 0.400795 -0.930002 -0.306262 0.203222 -0.504304 0.187352 -0.87068 -0.454769 0.485867 
1533291417731 -0.122819 0.969127 -0.213796 -0.615755 -0.985278 -0.0932568 0.143284 -0.238961 0.118923 0.228247 0.966313 0.359554 0.31622 -0.384863 0.867113 0.400795 -0.930002 -0.306262 0.203222 -0.504304 0.187352 -0.87068 -0.454769 0.485867 
1533291417748 -0.0956565 0.969716 -0.224722 -0.61681 -0.986696 -0.0625564 0.15006 -0.236901 0.131458 0.236087 0.962799 0.362029 0.31622 -0.384863 0.867113 0.400795 -0.930002 -0.306262 0.203222 -0.504304 0.187352 -0.87068 -0.454769 0.485867 
1533291417755 -0.0685551 0.969378 -0.23581 -0.617865 -0.987171 -0.0317494 0.156475 -0.234841 0.144197 0.243512 0.959119 0.364504 0.31622 -0.384863 0.867113 0.400795 -0.930002 -0.306262 0.203222 -0.504304 0.187352 -0.87068 -0.454769 0.485867 
1533291417768 -0.0415434 0.968112 -0.247049 -0.61892 -0.986705 -0.000867953 0.162522 -0.232781 0.157125 0.250516 0.955277 0.366979 0.31622 -0.384863 0.867113 0.400795 -0.930002 -0.306262 0.203222 -0.504304 0.187352 -0.87068 -0.454769 0.485867 
1533291417785 -0.0146502 0.96592 -0.258425 -0.619986 -0.985296 0.0300552 0.168195 -0.230724 0.17023 0.257089 0.951277 0.36945 0.31622 -0.384863 0.867113 0.400795 -0.930002 -0.306262 0.203222 -0.504304 0.187352 -0.87068 -0.454769 0.485867 
1533291417802 0.0120622 0.962819 -0.269879 -0.621148 -0.982945 0.0609482 0.173506 -0.228776 0.183503 0.263183 0.947133 0.371825 0.31622 -0.384863 0.867113 0.400795 -0.930002 -0.306262 0.203222 -0.504304 0.187352 -0.87068 -0.454769 0.485867 
1533291417846 -0.19805 0.962975 -0.182909 -0.612753 -0.97681 -0.178412 0.118369 -0.245154 0.0813533 0.20211 0.975978 0.351737 0.31622 -0.384863 0.867113 0.400795 -0.930002 -0.306262 0.203222 -0.504304 0.187352 -0.87068 -0.454769 0.485867 
1533291417867 -0.172537 0.966041 -0.192343 -0.613761 -0.98063 -0.150085 0.125852 -0.243309 0.09271 0.210332 0.973224 0.354037 0.31622 -0.384863 0.867113 0.400795 -0.930002 -0.306262 0.203222 -0.504304 0.187352 -0.87068 -0.454769 0.485867 
1533291417878 -0.147008 0.968299 -0.201953 -0.61477 -0.983624 -0.121586 0.133046 -0.241466 0.104273 0.218205 0.970316 0.356335 0.31622 -0.384863 0.867113 0.400795 -0.930002 -0.306262 0.203222 -0.504304 0.187352 -0.87068 -0.454769 0.485867 
1533291417895 -0.121483 0.969748 -0.211732 -0.61578 -0.985788 -0.092938 0.139943 -0.239622 0.116032 0.225724 0.967257 0.358632 0.31622 -0.384863 0.867113 0.400795 -0.930002 -0.306262 0.203222 -0.504304 0.187352 -0.87068 -0.454769 0.485867 
1533291417918 -0.0959875 0.970386 -0.221671 -0.616789 -0.987122 -0.0641685 0.146538 -0.237779 0.127974 0.232882 0.964048 0.36093 0.31622 -0.384863 0.867113 0.400795 -0.930002 -0.306262 0.203222 -0.504304 0.187352 -0.87068 -0.454769 0.485867 
1533291417932 -0.0705435 0.970212 -0.23176 -0.617799 -0.987623 -0.0353036 0.152824 -0.235935 0.14009 0.239672 0.960694 0.363228 0.31622 -0.384863 0.867113 0.400795 -0.930002 -0.306262 0.203222 -0.504304 0.187352 -0.87068 -0.454769 0.485867 
1533291417939 -0.0451746 0.969226 -0.24199 -0.618809 -0.987291 -0.0063695 0.158796 -0.234092 0.152368 0.246088 0.957196 0.365526 0.31622 -0.384863 0.867113 0.400795 -0.930002 -0.306262 0.203222 -0.504304 0.187352 -0.87068 -0.454769 0.485867 
1533291417958 -0.019904 0.967431 -0.252353 -0.619819 -0.986127 0.0226072 0.164448 -0.232248 0.164797 0.252125 0.953559 0.367823 0.31622 -0.384863 0.867113 0.400795 -0.930002 -0.306262 0.203222 -0.504304 0.187352 -0.87068 -0.454769 0.485867 
1533291417970 0.00524474 0.964826 -0.262836 -0.620839 -0.984131 0.0515995 0.169775 -0.230408 0.177366 0.257775 0.949786 0.370118 0.31622 -0.384863 0.867113 0.400795 -0.930002 -0.306262 0.203222 -0.504304 0.187352 -0.87068 -0.454769 0.485867 
1533291417986 0.0302169 0.961429 -0.273388 -0.621943 -0.981306 0.0805441 0.17479 -0.228667 0.190068 0.262996 0.94589 0.372324 0.31622 -0.384863 0.867113 0.400795 -0.930002 -0.306262 0.203222 -0.504304 0.187352 -0.87068 -0.454769 0.485867 
1533291418051 -0.156903 0.967792 -0.196874 -0.614245 -0.982997 -0.133783 0.125772 -0.243159 0.095383 0.213261 0.972328 0.353815 0.31622 -0.384863 0.867113 0.400795 -0.930002 -0.306262 0.203222 -0.504304 0.187352 -0.87068 -0.454769 0.485867 
1533291418059 -0.134069 0.969444 -0.205434 -0.61513 -0.985245 -0.108144 0.132653 -0.241542 0.106384 0.220188 0.969639 0.355901 0.31622 -0.384863 0.867113 0.400795 -0.930002 -0.306262 0.203222 -0.504304 0.187352 -0.87068 -0.454769 0.485867 
1533291418076 -0.111252 0.970447 -0.214138 -0.616016 -0.986817 -0.082392 0.139296 -0.239925 0.117537 0.226812 0.96682 0.357985 0.31622 -0.384863 0.867113 0.400795 -0.930002 -0.306262 0.203222 -0.504304 0.187352 -0.87068 -0.454769 0.485867 
1533291418082 -0.0884698 0.9708 -0.222981 -0.616902 -0.987712 -0.0565464 0.145696 -0.238309 0.128833 0.23313 0.963874 0.360069 0.31622 -0.384863 0.867113 0.400795 -0.930002 -0.306262 0.203222 -0.504304 0.187352 -0.87068 -0.454769 0.485867 
1533291418098 -0.0657382 0.970502 -0.231956 -0.617789 -0.987929 -0.0306261 0.151848 -0.236692 0.140265 0.239138 0.960801 0.362153 0.31622 -0.384863 0.867113 0.400795 -0.930002 -0.306262 0.203222 -0.504304 0.187352 -0.87068 -0.454769 0.485867 
1533291418113 -0.0430745 0.969555 -0.241056 -0.618675 -0.987469 -0.00465042 0.157747 -0.235076 0.151823 0.24483 0.957605 0.364237 0.31622 -0.384863 0.867113 0.400795 -0.930002 -0.306262 0.203222 -0.504304 0.187352 -0.87068 -0.454769 0.485867 
1533291418132 -0.0204954 0.967958 -0.250275 -0.619561 -0.98633 0.0213615 0.163389 -0.233459 0.1635 0.250203 0.954288 0.366321 0.31622 -0.384863 0.867113 0.400795 -0.930002 -0.306262 0.203222 -0.504304 0.187352 -0.87068 -0.454769 0.485867 
1533291418150 0.00198221 0.965712 -0.259607 -0.620448 -0.984515 0.0473903 0.16877 -0.231843 0.175286 0.255252 0.950853 0.368404 0.31622 -0.384863 0.867113 0.400795 -0.930002 -0.306262 0.203222 -0.504304 0.187352 -0.87068 -0.454769 0.485867 
1533291418169 0.0243413 0.962821 -0.269041 -0.621344 -0.982025 0.0734162 0.173887 -0.23023 0.187174 0.259973 0.947301 0.370486 0.31622 -0.384863 0.867113 0.400795 -0.930002 -0.306262 0.203222 -0.504304 0.187352 -0.87068 -0.454769 0.485867 
1533291418186 0.0465375 0.959298 -0.278534 -0.622317 -0.978862 0.0993867 0.178749 -0.228704 0.199156 0.264327 0.943646 0.372487 0.31622 -0.384863 0.867113 0.400795 -0.930002 -0.306262 0.203222 -0.504304 0.187352 -0.87068 -0.454769 0.485867 
1533291418235 -0.111202 0.971063 -0.211356 -0.61591 -0.987535 -0.0841357 0.133023 -0.24117 0.111391 0.223514 0.968315 0.355945 0.31622 -0.384863 0.867113 0.400795 -0.930002 -0.306262 0.203222 -0.504304 0.187352 -0.87068 -0.454769 0.485867 
1533291418252 -0.0918712 0.971579 -0.218159 -0.616602 -0.988322 -0.0622212 0.139098 -0.239792 0.121571 0.228391 0.965949 0.357736 0.31622 -0.384863 0.867113 0.400795 -0.930002 -0.306262 0.203222 -0.504304 0.187352 -0.87068 -0.454769 0.485867 
1533291418271 -0.0725725 0.971636 -0.225072 -0.617295 -0.988611 -0.04025 0.14501 -0.238415 0.131837 0.233033 0.963491 0.359526 0.31622 -0.384863 0.867113 0.400795 -0.930002 -0.306262 0.203222 -0.504304 0.187352 -0.87068 -0.454769 0.485867 
1533291418288 -0.0533166 0.971232 -0.232091 -0.617987 -0.988403 -0.0182339 0.150755 -0.237037 0.142186 0.237438 0.96094 0.361315 0.31622 -0.384863 0.867113 0.400795 -0.930002 -0.306262 0.203222 -0.504304 0.187352 -0.87068 -0.454769 0.485867 
1533291418306 -0.0341137 0.970368 -0.239213 -0.61868 -0.987697 0.00381554 0.156331 -0.23566 0.152611 0.241603 0.958299 0.363105 0.31622 -0.384863 0.867113 0.400795 -0.930002 -0.306262 0.203222 -0.504304 0.187352 -0.87068 -0.454769 0.485867 
1533291418312 -0.0149739 0.969044 -0.246434 -0.619373 -0.986495 0.0258864 0.161734 -0.234283 0.163107 0.245527 0.955569 0.364895 0.31622 -0.384863 0.867113 0.400795 -0.930002 -0.306262 0.203222 -0.504304 0.187352 -0.87068 -0.454769 0.485867 
1533291418330 0.00409251 0.967261 -0.253749 -0.620066 -0.984796 0.047967 0.166962 -0.232905 0.173667 0.249208 0.952751 0.366684 0.31622 -0.384863 0.867113 0.400795 -0.930002 -0.306262 0.203222 -0.504304 0.187352 -0.87068 -0.454769 0.485867 
1533291418345 0.023075 0.965021 -0.261155 -0.62076 -0.982602 0.0700452 0.172011 -0.231528 0.184287 0.252642 0.949847 0.368474 0.31622 -0.384863 0.867113 0.400795 -0.930002 -0.306262 0.203222 -0.504304 0.187352 -0.87068 -0.454769 0.485867 
1533291418352 0.0419635 0.962324 -0.268647 -0.62146 -0.979913 0.0921091 0.17688 -0.230154 0.194961 0.255828 0.946859 0.370261 0.31622 -0.384863 0.867113 0.400795 -0.930002 -0.306262 0.203222 -0.504304 0.187352 -0.87068 -0.454769 0.485867 
1533291418366 0.0607249 0.959183 -0.27619 -0.622226 -0.976733 0.114119 0.181575 -0.228851 0.205682 0.258738 0.943795 0.371984 0.31622 -0.384863 0.867113 0.400795 -0.930002 -0.306262 0.203222 -0.504304 0.187352 -0.87068 -0.454769 0.485867 
1533291418426 -0.0694346 0.972127 -0.223938 -0.617267 -0.989398 -0.0384049 0.140057 -0.239442 0.127553 0.231289 0.964487 0.357922 0.31622 -0.384863 0.867113 0.400795 -0.930002 -0.306262 0.203222 -0.504304 0.187352 -0.87068 -0.454769 0.485867 
1533291418438 -0.052753 0.971701 -0.230247 -0.617782 -0.989126 -0.0191461 0.145822 -0.238217 0.137287 0.235435 0.962145 0.359587 0.31622 -0.384863 0.867113 0.400795 -0.930002 -0.306262 0.203222 -0.504304 0.187352 -0.87068 -0.454769 0.485867 
1533291418455 -0.0361176 0.970925 -0.236646 -0.618298 -0.988465 0.000143722 0.151452 -0.236992 0.147083 0.239386 0.959719 0.361251 0.31622 -0.384863 0.867113 0.400795 -0.930002 -0.306262 0.203222 -0.504304 0.187352 -0.87068 -0.454769 0.485867 
1533291418471 -0.0195364 0.969797 -0.24313 -0.618814 -0.987415 0.0194555 0.156946 -0.235767 0.156936 0.243137 0.957212 0.362915 0.31622 -0.384863 0.867113 0.400795 -0.930002 -0.306262 0.203222 -0.504304 0.187352 -0.87068 -0.454769 0.485867 
1533291418492 -0.00301569 0.968318 -0.249701 -0.61933 -0.985979 0.0387818 0.1623 -0.234542 0.166842 0.246689 0.954625 0.364579 0.31622 -0.384863 0.867113 0.400795 -0.930002 -0.306262 0.203222 -0.504304 0.187352 -0.87068 -0.454769 0.485867 
1533291418509 0.0134371 0.96649 -0.256352 -0.619846 -0.984156 0.0581139 0.167513 -0.233317 0.176798 0.250039 0.951958 0.366242 0.31622 -0.384863 0.867113 0.400795 -0.930002 -0.306262 0.203222 -0.504304 0.187352 -0.87068 -0.454769 0.485867 
1533291418526 0.0298152 0.964313 -0.263081 -0.620362 -0.981946 0.077444 0.172583 -0.232093 0.186798 0.253186 0.949212 0.367906 0.31622 -0.384863 0.867113 0.400795 -0.930002 -0.306262 0.203222 -0.504304 0.187352 -0.87068 -0.454769 0.485867 
1533291418542 0.0461116 0.961787 -0.269887 -0.620878 -0.979351 0.0967637 0.177507 -0.230868 0.196839 0.256129 0.946389 0.36957 0.31622 -0.384863 0.867113 0.400795 -0.930002 -0.306262 0.203222 -0.504304 0.187352 -0.87068 -0.454769 0.485867 
1533291418549 0.0623194 0.958915 -0.276764 -0.621402 -0.976372 0.116065 0.182283 -0.229646 0.206916 0.258865 0.943491 0.371232 0.31622 -0.384863 0.867113 0.400795 -0.930002 -0.306262 0.203222 -0.504304 0.187352 -0.87068 -0.454769 0.485867 
1533291418568 0.0784124 0.955708 -0.28368 -0.621992 -0.973012 0.135314 0.186918 -0.228487 0.217025 0.261368 0.940525 0.372834 0.31622 -0.384863 0.867113 0.400795 -0.930002 -0.306262 0.203222 -0.504304 0.187352 -0.87068 -0.454769 0.485867 
1533291418620 -0.0252415 0.971413 -0.23605 -0.618617 -0.989105 0.00998897 0.146876 -0.237799 0.145035 0.237185 0.960577 0.359666 0.31622 -0.384863 0.867113 0.400795 -0.930002 -0.306262 0.203222 -0.504304 0.187352 -0.87068 -0.454769 0.485867 
1533291418632 -0.0108456 0.970262 -0.241813 -0.618997 -0.988074 0.0267481 0.151642 -0.23665 0.1536 0.240573 0.9584 0.361217 0.31622 -0.384863 0.867113 0.400795 -0.930002 -0.306262 0.203222 -0.504304 0.187352 -0.87068 -0.454769 0.485867 
1533291418648 0.00350129 0.968846 -0.247638 -0.619378 -0.98675 0.043517 0.156302 -0.235502 0.16221 0.243809 0.956162 0.362766 0.31622 -0.384863 0.867113 0.400795 -0.930002 -0.306262 0.203222 -0.504304 0.187352 -0.87068 -0.454769 0.485867 
1533291418665 0.0177946 0.967165 -0.253525 -0.619758 -0.985135 0.0602902 0.160854 -0.234354 0.170858 0.246894 0.953861 0.364316 0.31622 -0.384863 0.867113 0.400795 -0.930002 -0.306262 0.203222 -0.504304 0.187352 -0.87068 -0.454769 0.485867 
1533291418687 0.0320296 0.96522 -0.259471 -0.620139 -0.983229 0.0770623 0.165297 -0.233206 0.179543 0.249825 0.9515 0.365866 0.31622 -0.384863 0.867113 0.400795 -0.930002 -0.306262 0.203222 -0.504304 0.187352 -0.87068 -0.454769 0.485867 
1533291418693 0.046202 0.96301 -0.265475 -0.620519 -0.981032 0.093828 0.169627 -0.232058 0.188262 0.252602 0.949078 0.367416 0.31622 -0.384863 0.867113 0.400795 -0.930002 -0.306262 0.203222 -0.504304 0.187352 -0.87068 -0.454769 0.485867 
1533291418706 0.0603069 0.960538 -0.271534 -0.6209 -0.978545 0.110582 0.173845 -0.23091 0.197012 0.255224 0.946598 0.368966 0.31622 -0.384863 0.867113 0.400795 -0.930002 -0.306262 0.203222 -0.504304 0.187352 -0.87068 -0.454769 0.485867 
1533291418723 0.0743398 0.957803 -0.277647 -0.621281 -0.975768 0.127318 0.17795 -0.229762 0.205791 0.25769 0.944058 0.370515 0.31622 -0.384863 0.867113 0.400795 -0.930002 -0.306262 0.203222 -0.504304 0.187352 -0.87068 -0.454769 0.485867 
1533291418746 0.0882963 0.954807 -0.28381 -0.621669 -0.972704 0.144032 0.18194 -0.228616 0.214596 0.259999 0.941461 0.372063 0.31622 -0.384863 0.867113 0.400795 -0.930002 -0.306262 0.203222 -0.504304 0.187352 -0.87068 -0.454769 0.485867 
1533291418762 0.102155 0.951561 -0.289995 -0.622122 -0.969354 0.160696 0.185822 -0.227529 0.223422 0.262125 0.938815 0.373555 0.31622 -0.384863 0.867113 0.400795 -0.930002 -0.306262 0.203222 -0.504304 0.187352 -0.87068 -0.454769 0.485867 
1533291418817 0.0126702 0.969597 -0.24438 -0.61934 -0.986956 0.0513532 0.152578 -0.236503 0.160489 0.239259 0.9576 0.361327 0.31622 -0.384863 0.867113 0.400795 -0.930002 -0.306262 0.203222 -0.504304 0.187352 -0.87068 -0.454769 0.485867 
1533291418830 0.024309 0.968188 -0.249039 -0.619609 -0.985415 0.0651753 0.157194 -0.23548 0.168425 0.241585 0.955651 0.362721 0.31622 -0.384863 0.867113 0.400795 -0.930002 -0.306262 0.203222 -0.504304 0.187352 -0.87068 -0.454769 0.485867 
1533291418850 0.0359055 0.966603 -0.253749 -0.619878 -0.983667 0.078998 0.161737 -0.234457 0.176382 0.243797 0.953652 0.364114 0.31622 -0.384863 0.867113 0.400795 -0.930002 -0.306262 0.203222 -0.504304 0.187352 -0.87068 -0.454769 0.485867 
1533291418868 0.0474563 0.964843 -0.258508 -0.620147 -0.981713 0.0928173 0.166206 -0.233435 0.184357 0.245893 0.951603 0.365507 0.31622 -0.384863 0.867113 0.400795 -0.930002 -0.306262 0.203222 -0.504304 0.187352 -0.87068 -0.454769 0.485867 
1533291418882 0.0589588 0.962906 -0.263316 -0.620416 -0.979554 0.10663 0.1706 -0.232412 0.192349 0.247874 0.949505 0.366901 0.31622 -0.384863 0.867113 0.400795 -0.930002 -0.306262 0.203222 -0.504304 0.187352 -0.87068 -0.454769 0.485867 
1533291418899 0.0704104 0.960795 -0.268171 -0.620685 -0.97719 0.120434 0.174918 -0.23139 0.200357 0.249738 0.947359 0.368294 0.31622 -0.384863 0.867113 0.400795 -0.930002 -0.306262 0.203222 -0.504304 0.187352 -0.87068 -0.454769 0.485867 
1533291418926 0.0818087 0.958509 -0.273072 -0.620954 -0.974621 0.134225 0.179157 -0.230367 0.208377 0.251485 0.945164 0.369687 0.31622 -0.384863 0.867113 0.400795 -0.930002 -0.306262 0.203222 -0.504304 0.187352 -0.87068 -0.454769 0.485867 
1533291418938 0.0931508 0.956049 -0.278018 -0.621223 -0.971849 0.148 0.18332 -0.229345 0.216409 0.253115 0.942921 0.371081 0.31622 -0.384863 0.867113 0.400795 -0.930002 -0.306262 0.203222 -0.504304 0.187352 -0.87068 -0.454769 0.485867 
1533291418954 0.104434 0.953415 -0.283008 -0.621499 -0.968873 0.161756 0.187403 -0.228324 0.224451 0.254627 0.940631 0.372472 0.31622 -0.384863 0.867113 0.400795 -0.930002 -0.306262 0.203222 -0.504304 0.187352 -0.87068 -0.454769 0.485867 
1533291418961 0.115644 0.950617 -0.288016 -0.621831 -0.965697 0.175471 0.191411 -0.227351 0.232498 0.256001 0.938301 0.373817 0.31622 -0.384863 0.867113 0.400795 -0.930002 -0.306262 0.203222 -0.504304 0.187352 -0.87068 -0.454769 0.485867 
1533291419062 0.0514373 0.966325 -0.252132 -0.619875 -0.982899 0.0936835 0.158532 -0.23479 0.176814 0.239666 0.954619 0.363519 0.31622 -0.384863 0.867113 0.400795 -0.930002 -0.306262 0.203222 -0.504304 0.187352 -0.87068 -0.454769 0.485867 
1533291419072 0.0593539 0.96474 -0.256427 -0.619981 -0.981061 0.103823 0.163524 -0.233971 0.184381 0.241865 0.952631 0.364825 0.31622 -0.384863 0.867113 0.400795 -0.930002 -0.306262 0.203222 -0.504304 0.187352 -0.87068 -0.454769 0.485867 
1533291419092 0.0672307 0.96306 -0.260758 -0.620087 -0.979098 0.113963 0.168464 -0.233152 0.191958 0.243981 0.950592 0.36613 0.31622 -0.384863 0.867113 0.400795 -0.930002 -0.306262 0.203222 -0.504304 0.187352 -0.87068 -0.454769 0.485867 
1533291419105 0.0750672 0.961287 -0.265125 -0.620193 -0.97701 0.124105 0.17335 -0.232333 0.199543 0.246017 0.948503 0.367436 0.31622 -0.384863 0.867113 0.400795 -0.930002 -0.306262 0.203222 -0.504304 0.187352 -0.87068 -0.454769 0.485867 
1533291419122 0.082862 0.959421 -0.269528 -0.620298 -0.974797 0.134246 0.178182 -0.231514 0.207135 0.247971 0.946364 0.368741 0.31622 -0.384863 0.867113 0.400795 -0.930002 -0.306262 0.203222 -0.504304 0.187352 -0.87068 -0.454769 0.485867 
1533291419141 0.090614 0.957461 -0.273966 -0.620404 -0.97246 0.144385 0.18296 -0.230695 0.214734 0.249842 0.944176 0.370046 0.31622 -0.384863 0.867113 0.400795 -0.930002 -0.306262 0.203222 -0.504304 0.187352 -0.87068 -0.454769 0.485867 
1533291419145 0.0983223 0.955408 -0.278438 -0.62051 -0.969999 0.154521 0.187683 -0.229876 0.222338 0.251631 0.941938 0.371352 0.31622 -0.384863 0.867113 0.400795 -0.930002 -0.306262 0.203222 -0.504304 0.187352 -0.87068 -0.454769 0.485867 
1533291419159 0.105985 0.953263 -0.282943 -0.620617 -0.967415 0.164651 0.192351 -0.229058 0.229948 0.253337 0.939651 0.372657 0.31622 -0.384863 0.867113 0.400795 -0.930002 -0.306262 0.203222 -0.504304 0.187352 -0.87068 -0.454769 0.485867 
1533291419176 0.113602 0.951026 -0.28748 -0.620729 -0.964707 0.174775 0.196962 -0.22824 0.23756 0.254959 0.937316 0.373961 0.31622 -0.384863 0.867113 0.400795 -0.930002 -0.306262 0.203222 -0.504304 0.187352 -0.87068 -0.454769 0.485867 
1533291419192 0.121164 0.948704 -0.292028 -0.620898 -0.961879 0.184877 0.201517 -0.227458 0.24517 0.256479 0.934939 0.375223 0.31622 -0.384863 0.867113 0.400795 -0.930002 -0.306262 0.203222 -0.504304 0.187352 -0.87068 -0.454769 0.485867 
1533291419285 0.0845517 0.961734 -0.260614 -0.620427 -0.977355 0.130965 0.166208 -0.232877 0.193979 0.240659 0.951029 0.365762 0.31622 -0.384863 0.867113 0.400795 -0.930002 -0.306262 0.203222 -0.504304 0.187352 -0.87068 -0.454769 0.485867 
1533291419300 0.0890725 0.960476 -0.263727 -0.620449 -0.975909 0.137104 0.169717 -0.232171 0.199167 0.242256 0.94955 0.366805 0.31622 -0.384863 0.867113 0.400795 -0.930002 -0.306262 0.203222 -0.504304 0.187352 -0.87068 -0.454769 0.485867 
1533291419314 0.093574 0.959184 -0.266853 -0.620471 -0.974413 0.143246 0.173202 -0.231466 0.204358 0.243818 0.948046 0.367848 0.31622 -0.384863 0.867113 0.400795 -0.930002 -0.306262 0.203222 -0.504304 0.187352 -0.87068 -0.454769 0.485867 
1533291419330 0.0980549 0.957856 -0.269994 -0.620493 -0.972868 0.149389 0.176665 -0.23076 0.209554 0.245345 0.946516 0.368891 0.31622 -0.384863 0.867113 0.400795 -0.930002 -0.306262 0.203222 -0.504304 0.187352 -0.87068 -0.454769 0.485867 
1533291419348 0.102516 0.956494 -0.273148 -0.620515 -0.971274 0.155532 0.180103 -0.230055 0.214751 0.246838 0.944962 0.369933 0.31622 -0.384863 0.867113 0.400795 -0.930002 -0.306262 0.203222 -0.504304 0.187352 -0.87068 -0.454769 0.485867 
1533291419368 0.106956 0.955097 -0.276316 -0.620537 -0.96963 0.161676 0.183517 -0.229349 0.219951 0.248296 0.943383 0.370976 0.31622 -0.384863 0.867113 0.400795 -0.930002 -0.306262 0.203222 -0.504304 0.187352 -0.87068 -0.454769 0.485867 
1533291419380 0.111375 0.953665 -0.279498 -0.620559 -0.967937 0.16782 0.186907 -0.228643 0.225152 0.24972 0.941778 0.372019 0.31622 -0.384863 0.867113 0.400795 -0.930002 -0.306262 0.203222 -0.504304 0.187352 -0.87068 -0.454769 0.485867 
1533291419397 0.115773 0.952198 -0.282693 -0.620582 -0.966195 0.173964 0.190273 -0.227938 0.230356 0.251108 0.940149 0.373062 0.31622 -0.384863 0.867113 0.400795 -0.930002 -0.306262 0.203222 -0.504304 0.187352 -0.87068 -0.454769 0.485867 
1533291419414 0.12015 0.950697 -0.285901 -0.620608 -0.964404 0.180107 0.193613 -0.227233 0.23556 0.252461 0.938496 0.374103 0.31622 -0.384863 0.867113 0.400795 -0.930002 -0.306262 0.203222 -0.504304 0.187352 -0.87068 -0.454769 0.485867 
1533291419431 0.1245 0.949167 -0.289105 -0.62068 -0.962566 0.18624 0.19693 -0.226554 0.240762 0.253765 0.936823 0.375112 0.31622 -0.384863 0.867113 0.400795 -0.930002 -0.306262 0.203222 -0.504304 0.187352 -0.87068 -0.454769 0.485867 
1533291419493 0.102046 0.957022 -0.271469 -0.62093 -0.972379 0.153548 0.175789 -0.231342 0.209917 0.246032 0.946257 0.368244 0.31622 -0.384863 0.867113 0.400795 -0.930002 -0.306262 0.203222 -0.504304 0.187352 -0.87068 -0.454769 0.485867 
1533291419504 0.104424 0.956079 -0.273877 -0.620889 -0.971463 0.157028 0.177768 -0.230711 0.212967 0.247498 0.945193 0.369144 0.31622 -0.384863 0.867113 0.400795 -0.930002 -0.306262 0.203222 -0.504304 0.187352 -0.87068 -0.454769 0.485867 
1533291419534 0.106839 0.955103 -0.276338 -0.620852 -0.970516 0.160574 0.179765 -0.230075 0.216067 0.248985 0.944098 0.370047 0.31622 -0.384863 0.867113 0.400795 -0.930002 -0.306262 0.203222 -0.504304 0.187352 -0.87068 -0.454769 0.485867 
1533291419561 0.109245 0.954114 -0.278804 -0.620815 -0.969552 0.164123 0.181751 -0.229439 0.219169 0.250459 0.942993 0.370951 0.31622 -0.384863 0.867113 0.400795 -0.930002 -0.306262 0.203222 -0.504304 0.187352 -0.87068 -0.454769 0.485867 
1533291419576 0.111642 0.953111 -0.281273 -0.620778 -0.968571 0.167673 0.183727 -0.228803 0.222274 0.251921 0.941876 0.371854 0.31622 -0.384863 0.867113 0.400795 -0.930002 -0.306262 0.203222 -0.504304 0.187352 -0.87068 -0.454769 0.485867 
1533291419593 0.11403 0.952095 -0.283746 -0.620741 -0.967575 0.171224 0.185691 -0.228167 0.225379 0.253371 0.940748 0.372758 0.31622 -0.384863 0.867113 0.400795 -0.930002 -0.306262 0.203222 -0.504304 0.187352 -0.87068 -0.454769 0.485867 
1533291419599 0.116408 0.951066 -0.286222 -0.620704 -0.966562 0.174777 0.187645 -0.227531 0.228488 0.254808 0.93961 0.373662 0.31622 -0.384863 0.867113 0.400795 -0.930002 -0.306262 0.203222 -0.504304 0.187352 -0.87068 -0.454769 0.485867 
1533291419615 0.118777 0.950023 -0.288701 -0.620668 -0.965533 0.17833 0.189589 -0.226895 0.231598 0.256232 0.93846 0.374565 0.31622 -0.384863 0.867113 0.400795 -0.930002 -0.306262 0.203222 -0.504304 0.187352 -0.87068 -0.454769 0.485867 
1533291419632 0.121136 0.948967 -0.291183 -0.620635 -0.964488 0.181885 0.191523 -0.22626 0.23471 0.257642 0.9373 0.375468 0.31622 -0.384863 0.867113 0.400795 -0.930002 -0.306262 0.203222 -0.504304 0.187352 -0.87068 -0.454769 0.485867 
1533291419652 0.123483 0.947902 -0.293655 -0.620641 -0.963427 0.185434 0.193447 -0.225646 0.237822 0.259028 0.936133 0.376342 0.31622 -0.384863 0.867113 0.400795 -0.930002 -0.306262 0.203222 -0.504304 0.187352 -0.87068 -0.454769 0.485867 
1533291419738 0.113904 0.95279 -0.281457 -0.621444 -0.968212 0.16996 0.183521 -0.229368 0.222693 0.251606 0.941861 0.370311 0.31622 -0.384863 0.867113 0.400795 -0.930002 -0.306262 0.203222 -0.504304 0.187352 -0.87068 -0.454769 0.485867 
1533291419749 0.11452 0.9521 -0.283533 -0.62132 -0.967467 0.171702 0.18581 -0.228885 0.225593 0.25303 0.940789 0.371057 0.31622 -0.384863 0.867113 0.400795 -0.930002 -0.306262 0.203222 -0.504304 0.187352 -0.87068 -0.454769 0.485867 
1533291419780 0.11513 0.951405 -0.285611 -0.621196 -0.966715 0.173448 0.188093 -0.228403 0.228491 0.254449 0.939706 0.371803 0.31622 -0.384863 0.867113 0.400795 -0.930002 -0.306262 0.203222 -0.504304 0.187352 -0.87068 -0.454769 0.485867 
1533291419796 0.115733 0.950706 -0.287689 -0.621071 -0.965953 0.175197 0.190371 -0.22792 0.231388 0.255862 0.938613 0.372549 0.31622 -0.384863 0.867113 0.400795 -0.930002 -0.306262 0.203222 -0.504304 0.187352 -0.87068 -0.454769 0.485867 
1533291419811 0.11633 0.950001 -0.289767 -0.620947 -0.965183 0.176948 0.192643 -0.227437 0.234285 0.257268 0.937509 0.373295 0.31622 -0.384863 0.867113 0.400795 -0.930002 -0.306262 0.203222 -0.504304 0.187352 -0.87068 -0.454769 0.485867 
1533291419833 0.11692 0.949292 -0.291845 -0.620823 -0.964404 0.178703 0.194911 -0.226954 0.237181 0.258668 0.936395 0.374041 0.31622 -0.384863 0.867113 0.400795 -0.930002 -0.306262 0.203222 -0.504304 0.187352 -0.87068 -0.454769 0.485867 
