1535391929143 0.232767 0.912838 -0.335478 -0.472171 -0.934101 0.305861 0.184134 -0.163405 0.270694 0.27051 0.923877 0.474319 0.173406 -0.0248164 0.984538 0.379506 -0.984176 0.0326263 0.174165 -0.498189 -0.0364439 -0.999159 -0.0187661 0.430414 
1535391929153 0.237093 0.913644 -0.330214 -0.487896 -0.933984 0.3079 0.181307 -0.170896 0.267323 0.265427 0.92633 0.464175 0.1742 -0.034654 0.9841 0.380534 -0.983553 0.0423223 0.175594 -0.497066 -0.0477345 -0.998503 -0.0267115 0.431366 
1535391930067 0.241394 0.914414 -0.324924 -0.503624 -0.933847 0.30995 0.178494 -0.178392 0.263927 0.260342 0.928743 0.454027 0.174882 -0.0444966 0.983583 0.381563 -0.982818 0.0519989 0.177099 -0.495942 -0.0590256 -0.997655 -0.0346384 0.432317 
1535391930996 0.245675 0.915146 -0.319612 -0.519352 -0.933692 0.312013 0.17569 -0.185887 0.260505 0.255257 0.931118 0.443881 0.175453 -0.0543418 0.982987 0.382591 -0.981973 0.0616541 0.178681 -0.494818 -0.070315 -0.996617 -0.0425448 0.433269 
1535391931953 0.249933 0.91584 -0.314277 -0.53508 -0.933518 0.314088 0.172897 -0.193383 0.257056 0.250171 0.933454 0.433733 0.175913 -0.0641876 0.982311 0.383619 -0.981018 0.0712861 0.18034 -0.493693 -0.0816006 -0.995388 -0.050429 0.43422 
1535391932905 0.254169 0.916497 -0.30892 -0.550807 -0.933325 0.316175 0.170113 -0.200878 0.253581 0.245086 0.935751 0.423586 0.17626 -0.0740324 0.981556 0.384648 -0.979952 0.0808934 0.182073 -0.492569 -0.0928806 -0.99397 -0.05829 0.435172 
1535391933889 0.258382 0.917116 -0.303541 -0.566535 -0.933112 0.318275 0.167341 -0.208374 0.25008 0.24 0.938008 0.413439 0.176495 -0.083874 0.980721 0.385676 -0.978776 0.0904735 0.183883 -0.491444 -0.104152 -0.992361 -0.0661257 0.436123 
1535391934820 0.262573 0.917697 -0.29814 -0.582264 -0.932881 0.320386 0.164579 -0.21587 0.246553 0.234915 0.940227 0.403292 0.176618 -0.0937107 0.979808 0.386704 -0.977489 0.100025 0.185767 -0.490319 -0.115414 -0.990562 -0.0739349 0.437075 
1535391935299 0.266742 0.91824 -0.292717 -0.597991 -0.93263 0.322509 0.161828 -0.223365 0.243001 0.229831 0.942406 0.393145 0.176629 -0.103541 0.978816 0.387732 -0.976093 0.109547 0.187726 -0.489195 -0.126663 -0.988574 -0.0817161 0.438026 
1535391936702 0.270887 0.918746 -0.287274 -0.61372 -0.932361 0.324645 0.159088 -0.230861 0.239423 0.224748 0.944545 0.382999 0.176529 -0.113362 0.977746 0.38876 -0.974588 0.119035 0.18976 -0.48807 -0.137898 -0.986397 -0.0894677 0.438978 
1535391937757 0.271549 0.918358 -0.28789 -0.613494 -0.932219 0.325336 0.158506 -0.231066 0.239226 0.225334 0.944455 0.383159 0.176343 -0.112407 0.97789 0.388592 -0.974741 0.118383 0.189383 -0.488211 -0.137054 -0.986585 -0.088692 0.438996 
1535391937768 0.271897 0.918445 -0.287283 -0.615084 -0.932205 0.325482 0.15829 -0.231792 0.238886 0.224768 0.944676 0.382129 0.179091 -0.11104 0.977546 0.388132 -0.97489 0.113634 0.191512 -0.488511 -0.132348 -0.987298 -0.087901 0.438976 
1535391938130 0.272243 0.918532 -0.286675 -0.616681 -0.932191 0.325627 0.158076 -0.232522 0.238547 0.224201 0.944897 0.381098 0.181834 -0.10966 0.977196 0.387673 -0.97501 0.108885 0.193646 -0.488815 -0.127637 -0.987987 -0.0871204 0.438956 
1535391938519 0.272589 0.918619 -0.286068 -0.618277 -0.932176 0.325772 0.157861 -0.233251 0.238207 0.223634 0.945117 0.380068 0.184568 -0.108266 0.976838 0.387213 -0.975103 0.104136 0.195782 -0.489119 -0.12292 -0.988653 -0.0863501 0.438936 
1535391938861 0.272935 0.918705 -0.28546 -0.619872 -0.932162 0.325917 0.157646 -0.233981 0.237866 0.223068 0.945336 0.379037 0.187295 -0.106859 0.976474 0.386754 -0.975166 0.0993878 0.19792 -0.489422 -0.118199 -0.989294 -0.0855901 0.438915 
1535391939236 0.273281 0.918791 -0.284852 -0.621469 -0.932148 0.326062 0.157431 -0.23471 0.237526 0.222501 0.945555 0.378006 0.190014 -0.105438 0.976103 0.386294 -0.975202 0.0946406 0.200061 -0.489726 -0.113473 -0.989912 -0.0848403 0.438895 
1535391939614 0.273627 0.918877 -0.284244 -0.623063 -0.932133 0.326207 0.157217 -0.235439 0.237185 0.221934 0.945774 0.376975 0.192725 -0.104004 0.975726 0.385835 -0.975209 0.0898944 0.202205 -0.490029 -0.108742 -0.990506 -0.0841009 0.438875 
1535391939969 0.273972 0.918962 -0.283635 -0.62466 -0.932118 0.326352 0.157002 -0.236168 0.236844 0.221367 0.945992 0.375944 0.195427 -0.102557 0.975341 0.385376 -0.975188 0.0851494 0.20435 -0.490333 -0.104007 -0.991076 -0.0833719 0.438855 
1535391940363 0.274317 0.919046 -0.283026 -0.626256 -0.932103 0.326498 0.156788 -0.236898 0.236503 0.2208 0.94621 0.374913 0.198122 -0.101097 0.97495 0.384916 -0.975138 0.0804054 0.206498 -0.490637 -0.0992675 -0.991622 -0.0826532 0.438835 
1535391940707 0.274662 0.919131 -0.282418 -0.627851 -0.932088 0.326644 0.156573 -0.237626 0.236161 0.220234 0.946427 0.373883 0.200809 -0.0996233 0.974552 0.384457 -0.97506 0.0756629 0.208648 -0.49094 -0.0945236 -0.992144 -0.0819449 0.438815 
1535391941106 0.275184 0.918839 -0.282857 -0.627576 -0.931912 0.327239 0.156379 -0.237823 0.236249 0.220565 0.946328 0.373959 0.200309 -0.0999893 0.974617 0.384583 -0.975106 0.0762175 0.208229 -0.490864 -0.0951035 -0.992065 -0.0822331 0.438782 
1535391941124 0.274266 0.918477 -0.284919 -0.628185 -0.93201 0.326873 0.156559 -0.237923 0.236928 0.222608 0.94568 0.374176 0.202023 -0.0993928 0.974324 0.384435 -0.975177 0.0716559 0.20951 -0.491003 -0.0906399 -0.992465 -0.0824495 0.438803 
1535391941417 0.273345 0.91811 -0.286978 -0.628796 -0.932108 0.326506 0.156741 -0.238023 0.237606 0.224651 0.945027 0.374393 0.203736 -0.0987875 0.974029 0.384288 -0.975226 0.0670919 0.210791 -0.491148 -0.086173 -0.992844 -0.0826712 0.438825 
1535391941709 0.272424 0.917738 -0.289037 -0.629407 -0.932206 0.32614 0.156923 -0.238124 0.238281 0.226692 0.944369 0.37461 0.205445 -0.0981743 0.973732 0.384142 -0.975252 0.0625273 0.21207 -0.491292 -0.0817047 -0.993203 -0.0828987 0.438846 
1535391942011 0.2715 0.917362 -0.291093 -0.630019 -0.932303 0.325774 0.157106 -0.238225 0.238954 0.228733 0.943707 0.374826 0.207152 -0.097553 0.973433 0.383995 -0.975255 0.0579622 0.213348 -0.491437 -0.077235 -0.993541 -0.0831321 0.438868 
1535391942301 0.270575 0.91698 -0.293148 -0.63063 -0.9324 0.325409 0.15729 -0.238325 0.239625 0.230773 0.94304 0.375043 0.208855 -0.0969238 0.973132 0.383849 -0.975236 0.0533966 0.214625 -0.491583 -0.0727642 -0.993858 -0.0833714 0.438889 
1535391942569 0.269648 0.916595 -0.295201 -0.631241 -0.932496 0.325043 0.157475 -0.238426 0.240294 0.232811 0.942368 0.37526 0.210554 -0.0962867 0.972829 0.383702 -0.975194 0.0488309 0.215899 -0.491726 -0.0682923 -0.994155 -0.0836166 0.438911 
1535391942854 0.26872 0.916204 -0.297254 -0.631853 -0.932592 0.324678 0.157661 -0.238527 0.240961 0.23485 0.941692 0.375476 0.212251 -0.0956416 0.972524 0.383555 -0.975129 0.0442648 0.217173 -0.491872 -0.0638193 -0.994431 -0.0838676 0.438932 
1535391943211 0.26779 0.915809 -0.299304 -0.632464 -0.932687 0.324313 0.157847 -0.238627 0.241626 0.236887 0.941011 0.375693 0.213944 -0.0949886 0.972217 0.383409 -0.975042 0.0396988 0.218444 -0.492016 -0.0593456 -0.994686 -0.0841245 0.438954 
1535391943494 0.26686 0.915408 -0.301353 -0.633076 -0.932782 0.323949 0.158034 -0.238728 0.242289 0.238924 0.940325 0.37591 0.215634 -0.0943277 0.971908 0.383262 -0.974931 0.0351327 0.219714 -0.492163 -0.0548709 -0.994921 -0.0843872 0.438975 
1535391943810 0.267424 0.915549 -0.300422 -0.632704 -0.932728 0.32422 0.157796 -0.238736 0.241873 0.238014 0.940663 0.375661 0.215133 -0.0943329 0.972018 0.383263 -0.974997 0.0359817 0.219285 -0.492146 -0.0556606 -0.99489 -0.0842334 0.439022 
1535391943829 0.266827 0.915552 -0.300943 -0.632969 -0.932883 0.323757 0.15783 -0.23882 0.241934 0.238632 0.940491 0.375787 0.215962 -0.0947342 0.971795 0.383189 -0.974973 0.0329075 0.219877 -0.492194 -0.0528092 -0.994959 -0.0852564 0.439154 
1535391943997 0.26623 0.915555 -0.301464 -0.633237 -0.933038 0.323294 0.157866 -0.238906 0.241996 0.239248 0.940318 0.375912 0.216795 -0.0951323 0.971571 0.383116 -0.974938 0.0298329 0.220468 -0.492249 -0.0499584 -0.995018 -0.0862804 0.439287 
1535391944216 0.265632 0.915557 -0.301984 -0.633505 -0.933192 0.32283 0.157902 -0.238992 0.242057 0.239865 0.940145 0.376037 0.217629 -0.0955277 0.971346 0.383044 -0.974894 0.0267578 0.221055 -0.492302 -0.047108 -0.995067 -0.0873061 0.439419 
1535391944439 0.265034 0.915559 -0.302504 -0.633774 -0.933346 0.322366 0.157938 -0.239078 0.242118 0.240482 0.939972 0.376162 0.218464 -0.0959205 0.971119 0.382971 -0.974841 0.0236822 0.22164 -0.492357 -0.0442581 -0.995107 -0.0883335 0.439552 
1535391944648 0.264436 0.91556 -0.303024 -0.634044 -0.9335 0.321902 0.157974 -0.239164 0.242179 0.241099 0.939798 0.376287 0.2193 -0.0963105 0.970892 0.382899 -0.974778 0.0206061 0.222222 -0.492412 -0.0414086 -0.995138 -0.0893625 0.439684 
1535391944854 0.263838 0.91556 -0.303544 -0.634311 -0.933654 0.321439 0.158011 -0.23925 0.242239 0.241716 0.939624 0.376412 0.220136 -0.096698 0.970665 0.382826 -0.974707 0.0175297 0.222799 -0.492465 -0.0385597 -0.995159 -0.0903933 0.439817 
1535391945069 0.26324 0.91556 -0.304063 -0.634581 -0.933807 0.320975 0.158048 -0.239336 0.242299 0.242332 0.93945 0.376537 0.220974 -0.0970827 0.970436 0.382753 -0.974626 0.0144528 0.223374 -0.49252 -0.0357112 -0.995171 -0.0914256 0.439949 
1535391945269 0.262641 0.915559 -0.304583 -0.634849 -0.93396 0.320511 0.158085 -0.239422 0.242358 0.242949 0.939275 0.376662 0.221813 -0.0974647 0.970206 0.382681 -0.974535 0.0113756 0.223945 -0.492574 -0.0328635 -0.995174 -0.0924596 0.440082 
1535391945475 0.262043 0.915558 -0.305102 -0.635119 -0.934113 0.320047 0.158123 -0.239509 0.242417 0.243565 0.939101 0.376787 0.222653 -0.097844 0.969975 0.382608 -0.974436 0.00829798 0.224514 -0.492629 -0.0300162 -0.995167 -0.0934951 0.440214 
1535391945710 0.262733 0.915572 -0.304467 -0.634792 -0.93395 0.320562 0.15804 -0.239462 0.242297 0.242835 0.939321 0.376699 0.222211 -0.0976368 0.970098 0.382575 -0.974497 0.0096559 0.224191 -0.492664 -0.0312564 -0.995175 -0.0930011 0.440168 
1535391945721 0.262326 0.915713 -0.304392 -0.634897 -0.934034 0.320193 0.158295 -0.239561 0.242417 0.242787 0.939302 0.376726 0.221969 -0.0989041 0.970025 0.382549 -0.974569 0.00887545 0.223914 -0.492642 -0.0307554 -0.995057 -0.0944188 0.440361 
1535391945911 0.261919 0.915855 -0.304316 -0.635009 -0.934117 0.319824 0.158551 -0.239663 0.242537 0.242739 0.939284 0.376751 0.221725 -0.100172 0.96995 0.382522 -0.97464 0.00809696 0.223633 -0.492617 -0.0302554 -0.994937 -0.095836 0.440553 
1535391946076 0.261512 0.915996 -0.30424 -0.635119 -0.9342 0.319455 0.158806 -0.239765 0.242657 0.242691 0.939265 0.376777 0.221482 -0.101439 0.969874 0.382495 -0.97471 0.00731857 0.223352 -0.492593 -0.0297548 -0.994815 -0.0972529 0.440746 
1535391946234 0.261106 0.916138 -0.304164 -0.63523 -0.934282 0.319087 0.159062 -0.239866 0.242777 0.242643 0.939246 0.376803 0.22124 -0.102707 0.969796 0.382469 -0.97478 0.00654057 0.22307 -0.492569 -0.0292538 -0.99469 -0.0986694 0.440939 
1535391946378 0.260699 0.916279 -0.304088 -0.635341 -0.934365 0.318718 0.159317 -0.239968 0.242897 0.242595 0.939228 0.376828 0.220999 -0.103974 0.969716 0.382442 -0.97485 0.00576294 0.222787 -0.492544 -0.0287525 -0.994563 -0.100086 0.441132 
1535391946518 0.260292 0.91642 -0.304011 -0.635451 -0.934447 0.318349 0.159573 -0.24007 0.243017 0.242547 0.939209 0.376854 0.220758 -0.105242 0.969634 0.382415 -0.974919 0.00498564 0.222502 -0.49252 -0.0282508 -0.994434 -0.101501 0.441324 
1535391946675 0.259885 0.916561 -0.303935 -0.635562 -0.934529 0.317979 0.159828 -0.240172 0.243138 0.242499 0.93919 0.37688 0.220518 -0.106509 0.96955 0.382388 -0.974988 0.00420875 0.222217 -0.492496 -0.0277487 -0.994303 -0.102917 0.441517 
1535391946806 0.259478 0.916701 -0.303858 -0.635672 -0.934611 0.31761 0.160084 -0.240273 0.243258 0.242451 0.939172 0.376906 0.220278 -0.107777 0.969465 0.382362 -0.975056 0.0034322 0.22193 -0.492472 -0.0272463 -0.994169 -0.104332 0.44171 
1535391946974 0.259071 0.916842 -0.303782 -0.635784 -0.934692 0.317241 0.160339 -0.240375 0.243378 0.242403 0.939153 0.376931 0.22004 -0.109044 0.969377 0.382335 -0.975124 0.00265595 0.221643 -0.492447 -0.0267435 -0.994033 -0.105747 0.441902 
1535391947142 0.259637 0.91668 -0.303787 -0.635637 -0.934567 0.317748 0.160064 -0.240293 0.243255 0.242351 0.939198 0.376931 0.220177 -0.10808 0.969454 0.38238 -0.975082 0.00329458 0.221822 -0.492477 -0.0271686 -0.994137 -0.104662 0.441765 
1535391947162 0.259957 0.916629 -0.303666 -0.635632 -0.934489 0.318021 0.159979 -0.240284 0.243214 0.242185 0.939252 0.3769 0.220181 -0.108663 0.969388 0.382384 -0.975062 0.00383827 0.2219 -0.492532 -0.027833 -0.994071 -0.105108 0.441818 
1535391947305 0.260278 0.916578 -0.303544 -0.635626 -0.93441 0.318295 0.159895 -0.240274 0.243173 0.242018 0.939305 0.376869 0.220184 -0.109246 0.969322 0.382391 -0.975042 0.00438217 0.221977 -0.492589 -0.0284979 -0.994005 -0.105555 0.441874 
1535391947322 0.2606 0.916527 -0.303423 -0.635619 -0.934331 0.318568 0.15981 -0.240264 0.243132 0.241851 0.939359 0.376838 0.220186 -0.10983 0.969255 0.382398 -0.975022 0.00492603 0.222054 -0.492646 -0.0291627 -0.993938 -0.106002 0.44193 
1535391947481 0.260921 0.916476 -0.303302 -0.635611 -0.934252 0.318842 0.159726 -0.240253 0.243091 0.241685 0.939412 0.376808 0.220189 -0.110413 0.969188 0.382406 -0.975001 0.00546976 0.222132 -0.492703 -0.0298275 -0.993871 -0.106448 0.441986 
1535391947549 0.261242 0.916425 -0.303181 -0.635605 -0.934173 0.319116 0.159642 -0.240243 0.243049 0.241518 0.939466 0.376777 0.22019 -0.110996 0.969121 0.382412 -0.97498 0.00601337 0.22221 -0.492759 -0.0304922 -0.993803 -0.106895 0.442042 
1535391947635 0.261563 0.916373 -0.303059 -0.635597 -0.934094 0.319389 0.159557 -0.240232 0.243008 0.241352 0.939519 0.376746 0.220192 -0.111579 0.969054 0.382419 -0.974959 0.00655695 0.222289 -0.492817 -0.0311568 -0.993734 -0.107341 0.442098 
1535391947692 0.261884 0.916322 -0.302938 -0.63559 -0.934015 0.319663 0.159473 -0.240222 0.242967 0.241185 0.939573 0.376716 0.220193 -0.112162 0.968986 0.382426 -0.974937 0.00710047 0.222367 -0.492874 -0.0318215 -0.993665 -0.107788 0.442153 
1535391947800 0.262205 0.91627 -0.302817 -0.635582 -0.933936 0.319937 0.159389 -0.240211 0.242925 0.241019 0.939626 0.376685 0.220194 -0.112745 0.968919 0.382433 -0.974915 0.00764389 0.222446 -0.492932 -0.0324861 -0.993595 -0.108234 0.442209 
1535391947889 0.262526 0.916218 -0.302695 -0.635575 -0.933856 0.32021 0.159305 -0.240201 0.242884 0.240852 0.939679 0.376655 0.220194 -0.113328 0.96885 0.38244 -0.974893 0.00818731 0.222525 -0.492989 -0.0331507 -0.993524 -0.10868 0.442265 
1535391948030 0.261739 0.916335 -0.303024 -0.63558 -0.934046 0.319549 0.159518 -0.240224 0.243003 0.241287 0.939537 0.376717 0.220117 -0.112489 0.968966 0.382407 -0.974935 0.00761549 0.222357 -0.492936 -0.032392 -0.993624 -0.107994 0.442169 
1535391948047 0.262321 0.916235 -0.302822 -0.635399 -0.933917 0.320034 0.159302 -0.240125 0.242872 0.241022 0.939639 0.376767 0.220206 -0.112533 0.968941 0.382446 -0.974911 0.00774694 0.222462 -0.493059 -0.0325406 -0.993618 -0.108003 0.442109 
1535391948061 0.262905 0.916134 -0.30262 -0.635214 -0.933787 0.32052 0.159088 -0.240024 0.242741 0.240758 0.939741 0.376817 0.220295 -0.112576 0.968915 0.382485 -0.974885 0.00787781 0.222568 -0.493183 -0.0326888 -0.993612 -0.108014 0.44205 
1535391948239 0.263488 0.916034 -0.302418 -0.635027 -0.933656 0.321007 0.158873 -0.239923 0.242611 0.240494 0.939842 0.376868 0.220386 -0.11262 0.96889 0.382524 -0.97486 0.00800845 0.222675 -0.493308 -0.0328369 -0.993606 -0.108024 0.441991 
1535391948344 0.264071 0.915932 -0.302216 -0.634843 -0.933526 0.321493 0.158658 -0.239822 0.24248 0.240229 0.939943 0.376919 0.220474 -0.112664 0.968864 0.382563 -0.974835 0.00813952 0.22278 -0.493432 -0.0329853 -0.9936 -0.108034 0.441931 
1535391948459 0.264654 0.915831 -0.302014 -0.634656 -0.933394 0.321979 0.158443 -0.239721 0.242349 0.239965 0.940044 0.376969 0.220564 -0.112708 0.968839 0.382603 -0.97481 0.00827034 0.222885 -0.493556 -0.0331335 -0.993594 -0.108044 0.441872 
1535391948602 0.265237 0.915729 -0.301811 -0.63447 -0.933263 0.322466 0.158229 -0.23962 0.242218 0.239701 0.940146 0.37702 0.220654 -0.112751 0.968813 0.382642 -0.974784 0.00840101 0.222992 -0.493681 -0.0332816 -0.993588 -0.108054 0.441813 
1535391948730 0.26582 0.915627 -0.301609 -0.634285 -0.933131 0.322952 0.158014 -0.239519 0.242087 0.239437 0.940247 0.377071 0.220743 -0.112795 0.968788 0.382681 -0.974759 0.00853202 0.223097 -0.493805 -0.03343 -0.993582 -0.108065 0.441753 
1535391948842 0.266403 0.915524 -0.301406 -0.634098 -0.932999 0.323438 0.1578 -0.239417 0.241956 0.239173 0.940348 0.377122 0.220833 -0.112839 0.968762 0.38272 -0.974733 0.00866268 0.223203 -0.49393 -0.0335781 -0.993576 -0.108075 0.441694 
1535391948966 0.266985 0.915421 -0.301203 -0.633913 -0.932867 0.323924 0.157586 -0.239317 0.241824 0.238909 0.940449 0.377172 0.220923 -0.112883 0.968737 0.382759 -0.974708 0.00879353 0.223309 -0.494054 -0.0337263 -0.993569 -0.108085 0.441634 
1535391949118 0.266365 0.915546 -0.301374 -0.634063 -0.933046 0.323361 0.157682 -0.239393 0.241818 0.239195 0.940378 0.377117 0.220828 -0.112824 0.968765 0.382728 -0.974735 0.00863858 0.223195 -0.493825 -0.0335504 -0.993577 -0.108065 0.441736 
1535391949132 0.266517 0.9155 -0.301379 -0.633727 -0.933017 0.323492 0.157584 -0.23928 0.241762 0.239193 0.940393 0.377238 0.220686 -0.113204 0.968753 0.382766 -0.974754 0.00895915 0.2231 -0.493917 -0.0339351 -0.993531 -0.108369 0.441719 
1535391949180 0.266681 0.915456 -0.301367 -0.633373 -0.932987 0.32363 0.157479 -0.239152 0.241697 0.239175 0.940414 0.377364 0.220544 -0.113585 0.968741 0.382804 -0.974773 0.00927995 0.223006 -0.494009 -0.0343199 -0.993485 -0.108673 0.441702 
1535391949374 0.266844 0.915412 -0.301356 -0.633019 -0.932957 0.323767 0.157375 -0.239024 0.241632 0.239158 0.940435 0.37749 0.220403 -0.113965 0.968728 0.382841 -0.974791 0.00960085 0.222912 -0.494101 -0.0347048 -0.993438 -0.108976 0.441685 
1535391949557 0.267008 0.915367 -0.301345 -0.632665 -0.932927 0.323905 0.15727 -0.238896 0.241567 0.239141 0.940456 0.377616 0.220261 -0.114346 0.968716 0.382879 -0.97481 0.00992177 0.222818 -0.494193 -0.0350896 -0.993391 -0.10928 0.441668 
1535391949734 0.267172 0.915323 -0.301334 -0.63231 -0.932896 0.324042 0.157166 -0.238768 0.241502 0.239123 0.940477 0.377742 0.220119 -0.114726 0.968703 0.382917 -0.974828 0.0102427 0.222724 -0.494285 -0.0354743 -0.993344 -0.109583 0.441651 
1535391949913 0.267336 0.915279 -0.301323 -0.631957 -0.932866 0.32418 0.157061 -0.23864 0.241438 0.239106 0.940498 0.377868 0.219977 -0.115106 0.96869 0.382955 -0.974846 0.0105638 0.22263 -0.494377 -0.0358591 -0.993297 -0.109887 0.441634 
1535391950101 0.2675 0.915235 -0.301312 -0.631601 -0.932836 0.324317 0.156957 -0.238512 0.241373 0.239089 0.940519 0.377994 0.219835 -0.115486 0.968677 0.382993 -0.974863 0.0108847 0.222537 -0.494469 -0.0362437 -0.993249 -0.11019 0.441617 
1535391950288 0.267664 0.915191 -0.301301 -0.631248 -0.932806 0.324455 0.156852 -0.238384 0.241308 0.239072 0.94054 0.37812 0.219693 -0.115866 0.968664 0.38303 -0.974881 0.0112059 0.222443 -0.494562 -0.0366284 -0.993202 -0.110494 0.4416 
1535391950469 0.267828 0.915146 -0.30129 -0.630893 -0.932776 0.324592 0.156747 -0.238255 0.241243 0.239055 0.940561 0.378246 0.21955 -0.116246 0.968651 0.383068 -0.974899 0.0115271 0.222349 -0.494654 -0.037013 -0.993154 -0.110798 0.441583 
1535391950678 0.267881 0.915095 -0.301398 -0.631079 -0.93275 0.324672 0.156736 -0.238436 0.241284 0.239142 0.940528 0.378119 0.21975 -0.11582 0.968657 0.382995 -0.974866 0.011269 0.222506 -0.494535 -0.0366865 -0.993206 -0.110433 0.441583 
1535391950691 0.267918 0.915071 -0.30144 -0.630637 -0.932693 0.32476 0.156892 -0.238222 0.241463 0.239116 0.940489 0.378269 0.219805 -0.116817 0.968524 0.383062 -0.974845 0.0112627 0.222598 -0.49463 -0.0369113 -0.99309 -0.111402 0.441652 
1535391950743 0.267955 0.915046 -0.301482 -0.63019 -0.932635 0.324849 0.157049 -0.238005 0.241643 0.23909 0.940449 0.37842 0.219861 -0.117813 0.968391 0.38313 -0.974824 0.0112557 0.222691 -0.494726 -0.0371357 -0.992972 -0.112372 0.441722 
1535391950970 0.267993 0.915021 -0.301524 -0.629742 -0.932578 0.324939 0.157205 -0.237788 0.241823 0.239064 0.940409 0.378571 0.219917 -0.118809 0.968257 0.383197 -0.974803 0.0112486 0.222784 -0.494822 -0.0373602 -0.992853 -0.113341 0.441791 
1535391951186 0.268031 0.914996 -0.301566 -0.629294 -0.93252 0.325028 0.157362 -0.237571 0.242003 0.239038 0.94037 0.378723 0.219973 -0.119805 0.968121 0.383264 -0.974782 0.0112414 0.222877 -0.494918 -0.0375847 -0.992734 -0.114311 0.441861 
1535391951384 0.268068 0.914971 -0.301607 -0.628848 -0.932463 0.325117 0.157518 -0.237355 0.242182 0.239012 0.94033 0.378873 0.220028 -0.1208 0.967985 0.383332 -0.974761 0.0112341 0.22297 -0.495014 -0.0378093 -0.992613 -0.11528 0.44193 
1535391951598 0.268106 0.914946 -0.30165 -0.6284 -0.932405 0.325206 0.157675 -0.237138 0.242362 0.238986 0.94029 0.379025 0.220083 -0.121796 0.967848 0.383399 -0.974739 0.0112267 0.223063 -0.495109 -0.0380339 -0.992492 -0.116249 0.441999 
1535391951802 0.268144 0.914922 -0.301691 -0.627954 -0.932348 0.325295 0.157831 -0.236922 0.242542 0.23896 0.940251 0.379176 0.220138 -0.122791 0.967709 0.383467 -0.974718 0.0112192 0.223156 -0.495205 -0.0382586 -0.992369 -0.117217 0.442069 
1535391951993 0.268181 0.914897 -0.301733 -0.627506 -0.93229 0.325384 0.157988 -0.236704 0.242722 0.238934 0.940211 0.379327 0.220193 -0.123787 0.96757 0.383534 -0.974697 0.0112117 0.223249 -0.495301 -0.0384834 -0.992245 -0.118186 0.442138 
1535391952204 0.268219 0.914872 -0.301775 -0.627059 -0.932233 0.325473 0.158144 -0.236488 0.242902 0.238908 0.940171 0.379478 0.220248 -0.124782 0.96743 0.383602 -0.974676 0.0112038 0.223342 -0.495397 -0.038708 -0.992121 -0.119154 0.442208 
1535391952417 0.268111 0.914931 -0.30169 -0.627268 -0.932322 0.325298 0.157975 -0.236577 0.242676 0.238918 0.940227 0.379417 0.220253 -0.123873 0.967546 0.38355 -0.974681 0.0112449 0.223317 -0.495273 -0.0385428 -0.992234 -0.11826 0.442099 
1535391952430 0.268028 0.914853 -0.302002 -0.626877 -0.932197 0.32542 0.158466 -0.236421 0.24325 0.239052 0.940044 0.379555 0.220753 -0.123342 0.967499 0.38361 -0.974597 0.010544 0.223717 -0.495406 -0.037795 -0.992308 -0.117881 0.441989 
1535391952597 0.267944 0.914774 -0.302314 -0.626481 -0.93207 0.325542 0.158956 -0.236262 0.243825 0.239187 0.939861 0.379693 0.221254 -0.122812 0.967452 0.383672 -0.974513 0.00983845 0.224117 -0.495542 -0.0370424 -0.992381 -0.117505 0.441881 
1535391952787 0.26786 0.914696 -0.302627 -0.626085 -0.931944 0.325664 0.159447 -0.236104 0.2444 0.239322 0.939677 0.379832 0.221753 -0.122281 0.967405 0.383734 -0.974427 0.00913309 0.224517 -0.495677 -0.0362896 -0.992454 -0.117128 0.441773 
1535391952983 0.267776 0.914617 -0.302939 -0.625689 -0.931817 0.325786 0.159937 -0.235946 0.244975 0.239457 0.939493 0.37997 0.222253 -0.12175 0.967358 0.383797 -0.974341 0.00842793 0.224918 -0.495813 -0.0355365 -0.992525 -0.116753 0.441665 
1535391953186 0.267692 0.914538 -0.303252 -0.625293 -0.93169 0.325909 0.160428 -0.235787 0.245549 0.239591 0.939309 0.380109 0.222751 -0.121218 0.96731 0.383859 -0.974255 0.00772317 0.225318 -0.49595 -0.0347833 -0.992596 -0.116377 0.441557 
1535391953391 0.267607 0.914459 -0.303564 -0.624898 -0.931563 0.326031 0.160918 -0.235629 0.246124 0.239726 0.939124 0.380248 0.22325 -0.120686 0.967261 0.383921 -0.974167 0.00701829 0.22572 -0.496085 -0.0340298 -0.992666 -0.116002 0.441449 
1535391953578 0.267523 0.91438 -0.303876 -0.624501 -0.931435 0.326153 0.161408 -0.23547 0.246698 0.23986 0.938939 0.380386 0.223748 -0.120154 0.967213 0.383984 -0.974079 0.00631395 0.22612 -0.496222 -0.0332762 -0.992735 -0.115627 0.441341 
1535391953777 0.267438 0.914301 -0.304188 -0.624106 -0.931307 0.326276 0.161898 -0.235312 0.247273 0.239995 0.938754 0.380525 0.224246 -0.119621 0.967163 0.384046 -0.97399 0.00560949 0.226522 -0.496357 -0.0325222 -0.992804 -0.115252 0.441233 
1535391953958 0.267353 0.914222 -0.3045 -0.62371 -0.931179 0.326398 0.162388 -0.235154 0.247847 0.240129 0.938568 0.380663 0.224743 -0.119088 0.967114 0.384108 -0.9739 0.00490545 0.226924 -0.496493 -0.0317681 -0.992872 -0.114877 0.441125 
1535391954197 0.267328 0.914275 -0.304363 -0.623924 -0.931307 0.326234 0.161986 -0.235224 0.247393 0.240152 0.938682 0.380547 0.224239 -0.119285 0.967206 0.384028 -0.973997 0.00550538 0.226492 -0.496485 -0.0323419 -0.992845 -0.114948 0.441183 
1535391954205 0.267591 0.914164 -0.304464 -0.623616 -0.931246 0.326487 0.161824 -0.23507 0.247337 0.240228 0.938677 0.380649 0.224436 -0.119164 0.967175 0.384069 -0.973961 0.00523015 0.226655 -0.496566 -0.0320675 -0.992861 -0.114887 0.44114 
1535391954218 0.267856 0.914053 -0.304566 -0.623304 -0.931185 0.326742 0.161661 -0.234913 0.247281 0.240306 0.938672 0.380753 0.224639 -0.119034 0.967144 0.384111 -0.973924 0.00494208 0.226821 -0.496649 -0.0317792 -0.992878 -0.11482 0.441096 
1535391954422 0.26812 0.913941 -0.304669 -0.62299 -0.931124 0.326997 0.161497 -0.234756 0.247225 0.240384 0.938667 0.380856 0.224841 -0.118904 0.967113 0.384154 -0.973886 0.00465398 0.226988 -0.496733 -0.0314908 -0.992895 -0.114753 0.441052 
1535391954587 0.268384 0.913829 -0.304771 -0.622678 -0.931062 0.327252 0.161334 -0.234599 0.247169 0.240461 0.938662 0.380959 0.225043 -0.118775 0.967082 0.384196 -0.973849 0.00436599 0.227154 -0.496816 -0.0312024 -0.992912 -0.114686 0.441007 
1535391954764 0.268649 0.913718 -0.304874 -0.622365 -0.931001 0.327507 0.161171 -0.234442 0.247113 0.240539 0.938656 0.381063 0.225245 -0.118645 0.967051 0.384238 -0.973812 0.00407796 0.22732 -0.496899 -0.030914 -0.992928 -0.114619 0.440963 
1535391954955 0.268913 0.913606 -0.304976 -0.622051 -0.93094 0.327762 0.161008 -0.234285 0.247057 0.240617 0.938651 0.381166 0.225448 -0.118515 0.96702 0.384281 -0.973774 0.00378995 0.227487 -0.496983 -0.0306256 -0.992945 -0.114553 0.440919 
1535391955136 0.269178 0.913494 -0.305079 -0.621739 -0.930878 0.328017 0.160844 -0.234129 0.247001 0.240695 0.938646 0.381269 0.22565 -0.118385 0.966989 0.384323 -0.973736 0.003502 0.227653 -0.497066 -0.0303372 -0.992962 -0.114486 0.440875 
1535391955305 0.269442 0.913382 -0.305181 -0.621427 -0.930816 0.328272 0.160681 -0.233972 0.246945 0.240773 0.938641 0.381372 0.225852 -0.118256 0.966957 0.384365 -0.973698 0.00321407 0.227819 -0.497149 -0.0300488 -0.992978 -0.114419 0.440831 
1535391955471 0.269706 0.913269 -0.305283 -0.621113 -0.930755 0.328527 0.160518 -0.233815 0.24689 0.240851 0.938635 0.381476 0.226054 -0.118126 0.966926 0.384407 -0.97366 0.00292612 0.227986 -0.497232 -0.0297603 -0.992994 -0.114353 0.440787 
1535391955652 0.269484 0.913294 -0.305407 -0.621347 -0.930795 0.328361 0.160625 -0.23388 0.246982 0.240985 0.938577 0.38132 0.225921 -0.118209 0.966947 0.384343 -0.973686 0.00307747 0.227872 -0.497139 -0.0299123 -0.992984 -0.114404 0.440866 
1535391955666 0.269586 0.913302 -0.305292 -0.621113 -0.930759 0.328444 0.160663 -0.233781 0.247005 0.240841 0.938608 0.381384 0.225785 -0.117476 0.967068 0.384321 -0.973719 0.00324076 0.227731 -0.497181 -0.0298871 -0.99307 -0.113657 0.440781 
1535391955684 0.269689 0.91331 -0.305178 -0.620875 -0.930723 0.328528 0.1607 -0.23368 0.247029 0.240697 0.938638 0.381449 0.225905 -0.116682 0.967136 0.38433 -0.973703 0.0030131 0.227802 -0.497254 -0.0294945 -0.993165 -0.112933 0.440676 
1535391955817 0.269791 0.913317 -0.305064 -0.620637 -0.930687 0.328611 0.160738 -0.233579 0.247052 0.240553 0.938669 0.381514 0.226025 -0.115888 0.967203 0.384339 -0.973687 0.00278559 0.227874 -0.497326 -0.0291021 -0.993258 -0.112209 0.44057 
1535391955938 0.269894 0.913325 -0.30495 -0.620399 -0.930651 0.328695 0.160775 -0.233478 0.247075 0.24041 0.9387 0.38158 0.226145 -0.115094 0.96727 0.384348 -0.973671 0.00255822 0.227945 -0.497399 -0.0287096 -0.993351 -0.111485 0.440465 
1535391956057 0.269997 0.913333 -0.304836 -0.620162 -0.930615 0.328779 0.160812 -0.233377 0.247099 0.240266 0.93873 0.381644 0.226263 -0.1143 0.967337 0.384356 -0.973655 0.00233111 0.228016 -0.497472 -0.0283172 -0.993444 -0.110761 0.44036 
1535391956157 0.2701 0.91334 -0.304722 -0.619924 -0.930579 0.328863 0.16085 -0.233276 0.247122 0.240122 0.938761 0.38171 0.226382 -0.113506 0.967403 0.384366 -0.973638 0.0021038 0.228088 -0.497546 -0.0279245 -0.993535 -0.110037 0.440255 
1535391956277 0.270203 0.913348 -0.304608 -0.619686 -0.930543 0.328946 0.160887 -0.233175 0.247145 0.239978 0.938792 0.381775 0.2265 -0.112711 0.967468 0.384374 -0.973622 0.00187666 0.22816 -0.497619 -0.0275318 -0.993626 -0.109313 0.440149 
1535391956384 0.270306 0.913356 -0.304494 -0.619447 -0.930507 0.32903 0.160924 -0.233073 0.247169 0.239835 0.938822 0.38184 0.226619 -0.111917 0.967532 0.384384 -0.973605 0.00164945 0.228232 -0.497692 -0.0271389 -0.993716 -0.108589 0.440044 
1535391956502 0.270409 0.913363 -0.304379 -0.61921 -0.93047 0.329114 0.160962 -0.232973 0.247192 0.239691 0.938853 0.381905 0.226736 -0.111123 0.967596 0.384392 -0.973589 0.00142241 0.228304 -0.497765 -0.026746 -0.993806 -0.107865 0.439939 
1535391956636 0.270215 0.91341 -0.304409 -0.61944 -0.930551 0.328912 0.160908 -0.233086 0.247099 0.239788 0.938852 0.381855 0.22662 -0.111951 0.967528 0.384376 -0.973602 0.00173499 0.228244 -0.497721 -0.0272308 -0.993712 -0.108603 0.439966 
1535391956649 0.270284 0.91341 -0.304349 -0.619219 -0.930557 0.328941 0.160813 -0.232969 0.247001 0.239749 0.938888 0.381917 0.226597 -0.111944 0.967534 0.384386 -0.973601 0.00199924 0.22825 -0.497791 -0.0274855 -0.993713 -0.108536 0.439962 
1535391956667 0.270352 0.91341 -0.30429 -0.618994 -0.930563 0.32897 0.160719 -0.232849 0.246905 0.239711 0.938923 0.381979 0.226575 -0.111937 0.96754 0.384397 -0.973599 0.00226358 0.228256 -0.497861 -0.0277403 -0.993713 -0.108468 0.439958 
1535391956720 0.270419 0.913409 -0.304231 -0.61877 -0.930569 0.328999 0.160624 -0.23273 0.246808 0.239673 0.938958 0.382041 0.226552 -0.111929 0.967546 0.384408 -0.973597 0.00252793 0.228261 -0.497932 -0.0279951 -0.993713 -0.108401 0.439954 
1535391956865 0.270487 0.913409 -0.304173 -0.618544 -0.930575 0.329028 0.16053 -0.23261 0.246711 0.239634 0.938994 0.382104 0.22653 -0.111922 0.967552 0.384419 -0.973594 0.00279226 0.228267 -0.498002 -0.0282499 -0.993713 -0.108334 0.43995 
1535391956944 0.270555 0.913409 -0.304114 -0.61832 -0.930581 0.329057 0.160435 -0.232491 0.246614 0.239596 0.939029 0.382166 0.226508 -0.111915 0.967558 0.384429 -0.973592 0.00305653 0.228274 -0.498073 -0.0285046 -0.993713 -0.108267 0.439946 
1535391957072 0.270622 0.913408 -0.304055 -0.618095 -0.930587 0.329086 0.160341 -0.232371 0.246517 0.239558 0.939064 0.382228 0.226485 -0.111908 0.967565 0.38444 -0.97359 0.00332095 0.228279 -0.498143 -0.0287595 -0.993713 -0.1082 0.439943 
1535391957155 0.27069 0.913408 -0.303996 -0.61787 -0.930593 0.329115 0.160246 -0.232252 0.24642 0.239519 0.939099 0.382291 0.226462 -0.111901 0.967571 0.384451 -0.973588 0.0035852 0.228285 -0.498214 -0.0290142 -0.993713 -0.108133 0.439939 
1535391957284 0.270758 0.913407 -0.303937 -0.617644 -0.930599 0.329145 0.160152 -0.232132 0.246323 0.239481 0.939135 0.382353 0.22644 -0.111893 0.967577 0.384461 -0.973585 0.00384961 0.228291 -0.498284 -0.0292691 -0.993713 -0.108066 0.439935 
1535391957363 0.270825 0.913407 -0.303878 -0.61742 -0.930605 0.329174 0.160057 -0.232013 0.246226 0.239443 0.93917 0.382416 0.226417 -0.111886 0.967583 0.384472 -0.973583 0.00411386 0.228297 -0.498355 -0.0295238 -0.993713 -0.107999 0.439931 
1535391957502 0.270669 0.913465 -0.303843 -0.617641 -0.93064 0.32903 0.160154 -0.232103 0.246269 0.239419 0.939165 0.382382 0.226511 -0.111971 0.967551 0.384456 -0.973576 0.00356096 0.228334 -0.49823 -0.0290122 -0.993705 -0.108206 0.43997 
1535391957515 0.270614 0.91344 -0.303965 -0.61747 -0.930573 0.329079 0.160439 -0.232024 0.24658 0.239445 0.939076 0.382435 0.226782 -0.111823 0.967505 0.384459 -0.97351 0.00367825 0.228615 -0.498335 -0.0291231 -0.993721 -0.108027 0.439958 
1535391957532 0.270561 0.913415 -0.304089 -0.617295 -0.930506 0.329131 0.160723 -0.231943 0.246892 0.239471 0.938988 0.382489 0.227053 -0.111674 0.967458 0.384463 -0.973444 0.00379532 0.228895 -0.498444 -0.0292336 -0.993738 -0.107847 0.439947 
1535391957547 0.270508 0.913389 -0.304213 -0.617121 -0.930439 0.329182 0.161007 -0.231861 0.247203 0.239498 0.938899 0.382542 0.227323 -0.111526 0.967412 0.384467 -0.973377 0.00391245 0.229176 -0.498552 -0.029344 -0.993754 -0.107667 0.439935 
1535391957715 0.270455 0.913364 -0.304336 -0.616945 -0.930371 0.329233 0.16129 -0.23178 0.247514 0.239524 0.93881 0.382596 0.227594 -0.111377 0.967365 0.384471 -0.97331 0.00402959 0.229457 -0.498661 -0.0294543 -0.99377 -0.107487 0.439923 
1535391957775 0.270401 0.913339 -0.30446 -0.616772 -0.930304 0.329285 0.161574 -0.231699 0.247826 0.23955 0.938721 0.38265 0.227865 -0.111228 0.967319 0.384475 -0.973244 0.00414686 0.229737 -0.498769 -0.0295646 -0.993786 -0.107307 0.439912 
1535391957880 0.270348 0.913313 -0.304584 -0.616596 -0.930236 0.329336 0.161858 -0.231618 0.248137 0.239577 0.938632 0.382704 0.228136 -0.11108 0.967272 0.384479 -0.973177 0.00426405 0.230018 -0.498878 -0.0296748 -0.993802 -0.107127 0.4399 
1535391957934 0.270295 0.913288 -0.304707 -0.616422 -0.930169 0.329388 0.162141 -0.231537 0.248448 0.239603 0.938543 0.382757 0.228407 -0.110931 0.967225 0.384483 -0.97311 0.00438139 0.230299 -0.498986 -0.0297851 -0.993818 -0.106947 0.439888 
1535391958053 0.270242 0.913262 -0.304831 -0.616245 -0.930101 0.329439 0.162425 -0.231455 0.24876 0.23963 0.938454 0.382811 0.228678 -0.110782 0.967178 0.384487 -0.973043 0.00449865 0.23058 -0.499095 -0.0298952 -0.993835 -0.106767 0.439877 
1535391958106 0.270188 0.913237 -0.304954 -0.616071 -0.930033 0.329491 0.162708 -0.231374 0.249071 0.239656 0.938365 0.382865 0.228948 -0.110634 0.967131 0.384491 -0.972976 0.00461606 0.23086 -0.499203 -0.0300053 -0.993851 -0.106587 0.439865 
1535391958255 0.270253 0.913276 -0.30478 -0.616289 -0.930113 0.329426 0.162381 -0.231436 0.248701 0.239596 0.938478 0.382755 0.228378 -0.110829 0.967244 0.384506 -0.973113 0.00454977 0.230285 -0.499031 -0.0299231 -0.993829 -0.10681 0.439843 
1535391958272 0.270376 0.913276 -0.30467 -0.61608 -0.930121 0.329482 0.162227 -0.231332 0.248541 0.239517 0.938541 0.382823 0.228325 -0.110579 0.967285 0.384496 -0.973138 0.00417179 0.230183 -0.499132 -0.0294888 -0.993859 -0.106657 0.43981 
1535391958288 0.270498 0.913276 -0.304561 -0.615867 -0.930128 0.329538 0.162072 -0.231226 0.248381 0.23944 0.938603 0.382892 0.228273 -0.110328 0.967326 0.384487 -0.973164 0.00379363 0.230083 -0.499236 -0.0290542 -0.993888 -0.106501 0.439776 
1535391958305 0.270621 0.913276 -0.304453 -0.615652 -0.930135 0.329593 0.161917 -0.231118 0.248221 0.239364 0.938665 0.382961 0.228221 -0.110076 0.967367 0.384478 -0.973189 0.00341523 0.229983 -0.499339 -0.0286194 -0.993917 -0.106345 0.439743 
1535391958479 0.270743 0.913276 -0.304344 -0.615439 -0.930142 0.329649 0.161763 -0.231013 0.248061 0.239287 0.938727 0.38303 0.228168 -0.109824 0.967408 0.384469 -0.973214 0.00303724 0.229882 -0.499442 -0.0281848 -0.993946 -0.106189 0.43971 
1535391958536 0.270865 0.913276 -0.304235 -0.615225 -0.930149 0.329705 0.161608 -0.230906 0.247901 0.23921 0.938788 0.383099 0.228116 -0.109572 0.967449 0.38446 -0.973238 0.00265896 0.229782 -0.499546 -0.0277501 -0.993975 -0.106033 0.439676 
1535391958672 0.270987 0.913276 -0.304127 -0.61501 -0.930156 0.329761 0.161453 -0.230799 0.247741 0.239134 0.93885 0.383168 0.228064 -0.10932 0.96749 0.384451 -0.973263 0.00228052 0.229682 -0.499649 -0.0273154 -0.994004 -0.105877 0.439643 
1535391958732 0.271109 0.913276 -0.304018 -0.614797 -0.930163 0.329816 0.161299 -0.230693 0.24758 0.239057 0.938912 0.383237 0.22801 -0.109069 0.96753 0.384442 -0.973288 0.00190241 0.229582 -0.499753 -0.0268808 -0.994032 -0.105722 0.43961 
1535391958868 0.271231 0.913276 -0.303909 -0.614584 -0.93017 0.329872 0.161144 -0.230587 0.24742 0.23898 0.938974 0.383306 0.227957 -0.108817 0.967571 0.384433 -0.973312 0.00152414 0.229481 -0.499856 -0.0264462 -0.994061 -0.105566 0.439576 
1535391958935 0.271353 0.913276 -0.303801 -0.614369 -0.930177 0.329928 0.160989 -0.23048 0.24726 0.238903 0.939035 0.383375 0.227905 -0.108565 0.967612 0.384424 -0.973336 0.00114572 0.229382 -0.499959 -0.0260115 -0.994089 -0.105409 0.439543 
1535391959071 0.27107 0.913316 -0.303932 -0.614621 -0.93023 0.329711 0.161132 -0.230529 0.247374 0.239048 0.938969 0.383282 0.227926 -0.108882 0.967571 0.384419 -0.973309 0.00190263 0.229492 -0.499818 -0.0268283 -0.994053 -0.105542 0.439595 
1535391959081 0.271258 0.913355 -0.303648 -0.61431 -0.930167 0.329847 0.161215 -0.230406 0.247404 0.238713 0.939046 0.383365 0.227807 -0.109168 0.967567 0.384418 -0.97334 0.00173524 0.229361 -0.499952 -0.0267178 -0.994022 -0.105862 0.439619 
1535391959097 0.271445 0.913393 -0.303366 -0.613995 -0.930104 0.329983 0.161299 -0.23028 0.247435 0.238378 0.939123 0.383449 0.227687 -0.10945 0.967563 0.384418 -0.973371 0.00155898 0.22923 -0.500089 -0.0265978 -0.993991 -0.106181 0.439643 
1535391959271 0.271632 0.913431 -0.303084 -0.61368 -0.930041 0.330119 0.161382 -0.230155 0.247466 0.238044 0.9392 0.383533 0.227568 -0.109733 0.96756 0.384417 -0.973402 0.00138275 0.229099 -0.500226 -0.0264776 -0.99396 -0.1065 0.439666 
1535391959422 0.271819 0.913469 -0.302801 -0.613365 -0.929978 0.330256 0.161466 -0.230029 0.247496 0.237709 0.939276 0.383617 0.227449 -0.110016 0.967555 0.384417 -0.973433 0.00120656 0.228968 -0.500363 -0.0263574 -0.993929 -0.106818 0.43969 
1535391959579 0.272006 0.913507 -0.302519 -0.613049 -0.929916 0.330392 0.16155 -0.229903 0.247527 0.237375 0.939353 0.383701 0.22733 -0.110298 0.967551 0.384417 -0.973464 0.00103039 0.228836 -0.5005 -0.0262372 -0.993898 -0.107137 0.439714 
1535391959698 0.272194 0.913545 -0.302237 -0.612735 -0.929853 0.330527 0.161634 -0.229778 0.247557 0.23704 0.939429 0.383784 0.22721 -0.110581 0.967547 0.384416 -0.973495 0.000854298 0.228705 -0.500636 -0.026117 -0.993867 -0.107456 0.439738 
1535391959842 0.272381 0.913582 -0.301954 -0.61242 -0.92979 0.330663 0.161718 -0.229653 0.247588 0.236705 0.939506 0.383868 0.227091 -0.110864 0.967543 0.384416 -0.973527 0.000678384 0.228573 -0.500773 -0.0259968 -0.993835 -0.107775 0.439761 
1535391959962 0.272568 0.91362 -0.301672 -0.612104 -0.929727 0.330799 0.161802 -0.229526 0.247618 0.236371 0.939582 0.383952 0.226972 -0.111146 0.967538 0.384415 -0.973557 0.000502178 0.228442 -0.50091 -0.0258763 -0.993804 -0.108093 0.439785 
1535391959975 0.272755 0.913657 -0.30139 -0.611789 -0.929664 0.330935 0.161886 -0.229401 0.247649 0.236036 0.939658 0.384036 0.226853 -0.111429 0.967534 0.384415 -0.973588 0.000326194 0.22831 -0.501047 -0.0257559 -0.993772 -0.108412 0.439809 
1535391960194 0.272543 0.913695 -0.301466 -0.612061 -0.929724 0.330749 0.16192 -0.229415 0.247655 0.23615 0.939628 0.384026 0.227267 -0.11078 0.967511 0.384404 -0.973484 0.000736755 0.228754 -0.500701 -0.0260541 -0.993845 -0.107675 0.439821 
1535391960292 0.272783 0.913694 -0.301251 -0.611761 -0.929651 0.330942 0.161947 -0.229309 0.247667 0.235882 0.939692 0.384071 0.227257 -0.11026 0.967573 0.384409 -0.973509 -2.11967e-05 0.228649 -0.500829 -0.0251902 -0.993903 -0.107344 0.439743 
1535391960304 0.273024 0.913693 -0.301038 -0.611457 -0.929577 0.331136 0.161973 -0.229201 0.247678 0.235615 0.939756 0.384117 0.227248 -0.10974 0.967634 0.384414 -0.973533 -0.00077952 0.228545 -0.50096 -0.0243262 -0.99396 -0.107012 0.439665 
1535391960510 0.273264 0.913691 -0.300824 -0.611153 -0.929504 0.33133 0.161998 -0.229092 0.247688 0.235349 0.93982 0.384162 0.227239 -0.10922 0.967695 0.38442 -0.973556 -0.00153789 0.228442 -0.501091 -0.0234621 -0.994016 -0.106681 0.439587 
1535391960659 0.273505 0.913689 -0.300611 -0.610849 -0.92943 0.331524 0.162024 -0.228984 0.247699 0.235082 0.939884 0.384208 0.227229 -0.108699 0.967756 0.384425 -0.973579 -0.00229633 0.228338 -0.501222 -0.022598 -0.994072 -0.106349 0.43951 
