1530613860866 0.275657 -0.8825 0.381061 -0.604483 0.633204 0.464965 0.618757 -0.181741 -0.723233 0.0707247 0.686973 0.426588 -0.0877267 -0.991075 -0.100374 0.448875 -0.146288 0.112488 -0.982826 -0.497439 0.985345 -0.0715365 -0.154851 0.446186 
1530613860892 0.25636 -0.939187 0.228488 0.190522 -0.09544 -0.259828 -0.960927 -0.632759 0.961858 0.224537 -0.156246 0.522991 -0.0804737 -0.991634 -0.100923 0.44269 -0.147289 0.11197 -0.982735 -0.496912 0.985814 -0.0642195 -0.155067 0.445696 
1530613861420 0.218501 -0.931404 0.291108 0.220456 0.106878 -0.27368 -0.955864 -0.527818 0.969966 0.23997 0.0397474 0.494922 -0.0732212 -0.99214 -0.101473 0.436497 -0.148282 0.111445 -0.982646 -0.496362 0.986231 -0.0569039 -0.155277 0.445206 
1530613861943 0.16226 -0.93285 0.321655 0.11859 0.348692 -0.250737 -0.903075 -0.461437 0.923085 0.258691 0.284592 0.483134 -0.0659665 -0.992592 -0.102023 0.430301 -0.149272 0.110912 -0.982556 -0.495803 0.986593 -0.0495866 -0.155482 0.444716 
1530613862492 0.101453 -0.93566 0.338006 0.00618332 0.566381 -0.224998 -0.792835 -0.420067 0.817875 0.271876 0.507113 0.472819 -0.0587089 -0.992991 -0.102576 0.424104 -0.150257 0.110372 -0.982467 -0.495244 0.986902 -0.0422669 -0.155683 0.444225 
1530613863099 0.0360286 -0.940511 0.337848 -0.0997269 0.748977 -0.198404 -0.632194 -0.390054 0.661615 0.275817 0.697273 0.458167 -0.0514484 -0.993336 -0.10313 0.417909 -0.151238 0.109825 -0.982378 -0.494687 0.987158 -0.0349447 -0.15588 0.443734 
1530613863643 -0.028658 -0.947013 0.319914 -0.200692 0.887811 -0.171177 -0.427189 -0.361428 0.459315 0.271781 0.845674 0.447097 -0.0441851 -0.993628 -0.103686 0.411723 -0.152215 0.109271 -0.982288 -0.494142 0.987359 -0.0276201 -0.156073 0.443242 
1530613864184 -0.0865608 -0.95418 0.286438 -0.298905 0.970218 -0.146033 -0.193265 -0.33332 0.226239 0.261179 0.938404 0.436097 -0.0369214 -0.993866 -0.104243 0.405575 -0.153188 0.10871 -0.982199 -0.493625 0.987507 -0.0202954 -0.156262 0.442745 
1530613864783 -0.134169 -0.961548 0.239633 -0.39213 0.990702 -0.124655 0.0544986 -0.306217 -0.0225316 0.244717 0.969333 0.424433 -0.029682 -0.99405 -0.104801 0.399616 -0.154158 0.108145 -0.98211 -0.493169 0.9876 -0.0129951 -0.15645 0.442237 
1530613865333 -0.169134 -0.968199 0.184351 -0.470179 0.948618 -0.109163 0.296996 -0.284173 -0.267427 0.225111 0.936914 0.407963 -0.0227137 -0.994178 -0.10533 0.394685 -0.155098 0.107586 -0.982023 -0.492763 0.987638 -0.00596882 -0.156639 0.44172 
1530613865867 -0.169134 -0.968199 0.184351 -0.470179 0.948618 -0.109163 0.296996 -0.284173 -0.267427 0.225111 0.936914 0.407963 -0.0228296 -0.994171 -0.105367 0.39468 -0.155053 0.10764 -0.982025 -0.492762 0.987642 -0.00608177 -0.156606 0.44174 
1530613865878 0.279843 -0.930318 0.237057 0.205876 -0.110552 -0.276506 -0.954632 -0.484925 0.953659 0.24094 -0.180227 0.499532 -0.0220592 -0.994183 -0.105424 0.393902 -0.155156 0.107576 -0.982015 -0.492668 0.987644 -0.00530535 -0.156627 0.441695 
1530613866127 0.233697 -0.928027 0.290089 0.185001 0.102143 -0.273268 -0.9565 -0.464227 0.96693 0.253161 0.0309293 0.494691 -0.0212899 -0.994194 -0.105479 0.393123 -0.155258 0.107511 -0.982006 -0.492575 0.987645 -0.00453031 -0.156645 0.44165 
1530613866436 0.171679 -0.930653 0.323128 0.094513 0.343354 -0.250907 -0.905071 -0.441983 0.923382 0.266329 0.276468 0.489173 -0.0205203 -0.994204 -0.105535 0.392344 -0.15536 0.107446 -0.981997 -0.492481 0.987645 -0.00375505 -0.156664 0.441605 
1530613866667 0.105306 -0.934593 0.339774 -0.00556119 0.56304 -0.225599 -0.795042 -0.41627 0.819693 0.275029 0.502456 0.475998 -0.0197507 -0.994214 -0.10559 0.391566 -0.155462 0.10738 -0.981988 -0.492387 0.987644 -0.00297969 -0.156683 0.441559 
1530613866909 0.0368382 -0.940237 0.338523 -0.103954 0.748813 -0.198353 -0.632404 -0.38911 0.661756 0.276787 0.696755 0.461136 -0.018981 -0.994223 -0.105646 0.390788 -0.155565 0.107315 -0.981979 -0.492294 0.987643 -0.00220416 -0.156703 0.441514 
1530613867146 -0.028451 -0.946963 0.32008 -0.202101 0.887724 -0.171131 -0.427389 -0.36114 0.459497 0.271983 0.84551 0.447866 -0.0182111 -0.994231 -0.105702 0.390011 -0.155667 0.10725 -0.98197 -0.492203 0.987642 -0.00142842 -0.156722 0.441468 
1530613867386 -0.0865127 -0.95417 0.286489 -0.299499 0.970199 -0.146024 -0.193365 -0.333176 0.226337 0.261223 0.938368 0.43638 -0.0174415 -0.994239 -0.105758 0.38924 -0.155768 0.107185 -0.981961 -0.492116 0.98764 -0.000653087 -0.15674 0.441422 
1530613867627 -0.134176 -0.961546 0.239636 -0.392487 0.990702 -0.124667 0.0544781 -0.306154 -0.0225084 0.244718 0.969333 0.424338 -0.0166741 -0.994246 -0.105814 0.388493 -0.155871 0.10712 -0.981952 -0.492042 0.987637 0.000120215 -0.15676 0.441375 
1530613867855 -0.169249 -0.968162 0.184436 -0.470704 0.948568 -0.109218 0.297137 -0.28431 -0.267533 0.22524 0.936853 0.407243 -0.0159365 -0.994252 -0.105868 0.387875 -0.155972 0.107058 -0.981943 -0.491987 0.987633 0.000863779 -0.156782 0.441328 
1530613868099 -0.169249 -0.968162 0.184436 -0.470704 0.948568 -0.109218 0.297137 -0.28431 -0.267533 0.22524 0.936853 0.407243 -0.0158647 -0.994232 -0.106072 0.387917 -0.15608 0.107247 -0.981905 -0.491947 0.987617 0.0009781 -0.156881 0.441246 
1530613868110 0.28122 -0.929914 0.237013 0.204542 -0.111016 -0.276847 -0.954479 -0.481845 0.9532 0.242107 -0.18109 0.49876 -0.0143304 -0.994552 -0.103253 0.387776 -0.155157 0.104224 -0.982377 -0.492069 0.987786 0.00194256 -0.155805 0.441272 
1530613868394 0.234425 -0.92788 0.28997 0.182951 0.101468 -0.273298 -0.956563 -0.463047 0.966824 0.253665 0.0300817 0.495557 -0.0127989 -0.994862 -0.100431 0.387635 -0.154228 0.101201 -0.982839 -0.49219 0.987952 0.00291001 -0.154731 0.441298 
1530613868670 0.172205 -0.930537 0.323182 0.0929967 0.342876 -0.250944 -0.905242 -0.441645 0.923462 0.266698 0.275845 0.489888 -0.0112696 -0.995161 -0.0976063 0.387495 -0.153295 0.0981781 -0.983291 -0.492311 0.988116 0.00388121 -0.15366 0.441324 
1530613868980 0.105643 -0.934496 0.339937 -0.00654543 0.562675 -0.225684 -0.795276 -0.416303 0.8199 0.275289 0.501976 0.476432 -0.00974288 -0.995451 -0.0947797 0.387354 -0.152358 0.0951553 -0.983734 -0.492432 0.988277 0.00485601 -0.152592 0.44135 
1530613869284 0.0369688 -0.940169 0.338697 -0.1044 0.748834 -0.198368 -0.632375 -0.389087 0.661726 0.277006 0.696697 0.461965 -0.00821913 -0.99573 -0.0919503 0.387213 -0.151415 0.0921325 -0.984167 -0.492553 0.988436 0.00583368 -0.151526 0.441376 
1530613869562 -0.0284055 -0.946922 0.320206 -0.202161 0.887736 -0.171143 -0.427357 -0.361125 0.459475 0.272119 0.845478 0.448112 -0.00669841 -0.995999 -0.0891182 0.387072 -0.150467 0.0891094 -0.984591 -0.492674 0.988592 0.00681417 -0.150462 0.441403 
1530613869863 -0.0865092 -0.954149 0.286558 -0.299488 0.970201 -0.146033 -0.193349 -0.333173 0.226331 0.261293 0.93835 0.436438 -0.00518067 -0.996257 -0.0862842 0.386933 -0.149516 0.0860871 -0.985005 -0.492792 0.988746 0.00779788 -0.149402 0.441433 
1530613870130 -0.134203 -0.961531 0.239684 -0.392526 0.990698 -0.124687 0.0545068 -0.306186 -0.0225244 0.244769 0.96932 0.424276 -0.00366839 -0.996505 -0.0834491 0.386801 -0.148565 0.0830667 -0.985408 -0.492903 0.988896 0.00878276 -0.148351 0.441478 
1530613870421 -0.169362 -0.968125 0.184528 -0.470907 0.948521 -0.109273 0.297266 -0.28445 -0.267627 0.225375 0.936794 0.406874 -0.00218561 -0.996741 -0.08064 0.386721 -0.147645 0.0800781 -0.985793 -0.492985 0.989038 0.00975151 -0.147338 0.441601 
1530613870737 -0.169362 -0.968125 0.184528 -0.470907 0.948521 -0.109273 0.297266 -0.28445 -0.267627 0.225375 0.936794 0.406874 -0.00217267 -0.996731 -0.0807617 0.386723 -0.147606 0.0801969 -0.985789 -0.493003 0.989044 0.00977915 -0.147298 0.441589 
1530613870749 0.281889 -0.929679 0.237139 0.204299 -0.111197 -0.277153 -0.95437 -0.48087 0.952981 0.242658 -0.181504 0.497936 -0.00335167 -0.996302 -0.0858514 0.386715 -0.145755 0.0854217 -0.985626 -0.492908 0.989315 0.00920974 -0.145502 0.441448 
1530613871036 0.234719 -0.9278 0.28999 0.182268 0.101145 -0.273393 -0.95657 -0.462903 0.966787 0.253857 0.029672 0.495798 -0.00452145 -0.995846 -0.0909405 0.386706 -0.143896 0.0906429 -0.985433 -0.492814 0.989582 0.00863043 -0.143708 0.441307 
1530613871331 0.172414 -0.930477 0.323243 0.092459 0.342652 -0.251008 -0.905309 -0.441779 0.923506 0.266848 0.275553 0.490167 -0.00568089 -0.995362 -0.0960299 0.386697 -0.142032 0.095861 -0.985209 -0.492719 0.989846 0.0080424 -0.141917 0.441166 
1530613871615 0.105773 -0.934448 0.340029 -0.00692801 0.562509 -0.22575 -0.795375 -0.416516 0.819997 0.275398 0.501757 0.476716 -0.00683168 -0.994851 -0.101118 0.386689 -0.14016 0.101075 -0.984956 -0.492624 0.990105 0.00744382 -0.140129 0.441025 
1530613871916 0.0370119 -0.940137 0.33878 -0.104654 0.748838 -0.198392 -0.632363 -0.389229 0.661719 0.277096 0.696667 0.462577 -0.00797157 -0.994312 -0.106206 0.38668 -0.138283 0.106285 -0.984673 -0.492529 0.990361 0.0068371 -0.138343 0.440884 
1530613872224 -0.0283558 -0.946855 0.320409 -0.202397 0.887765 -0.171176 -0.427285 -0.361229 0.459423 0.272332 0.845438 0.448894 -0.00910244 -0.993746 -0.111293 0.386672 -0.136399 0.111492 -0.98436 -0.492434 0.990612 0.00622018 -0.13656 0.440743 
1530613872527 -0.0865175 -0.954128 0.286628 -0.299546 0.970204 -0.146051 -0.193323 -0.333251 0.226317 0.261361 0.938334 0.43662 -0.0102235 -0.993152 -0.116379 0.386662 -0.134508 0.116694 -0.984017 -0.492338 0.99086 0.00559387 -0.13478 0.440603 
1530613872810 -0.134235 -0.961513 0.239738 -0.392566 0.990693 -0.124711 0.0545364 -0.306259 -0.0225395 0.244828 0.969305 0.424262 -0.0113339 -0.992531 -0.121464 0.386651 -0.132614 0.121891 -0.983644 -0.492242 0.991103 0.00495923 -0.133005 0.440465 
1530613873102 -0.169463 -0.968091 0.184612 -0.471042 0.948483 -0.109323 0.29737 -0.284594 -0.267699 0.225495 0.936744 0.406634 -0.0124158 -0.991888 -0.126508 0.386627 -0.130761 0.127042 -0.983241 -0.49215 0.991336 0.00433457 -0.131278 0.440341 
1530613873403 -0.169463 -0.968091 0.184612 -0.471042 0.948483 -0.109323 0.29737 -0.284594 -0.267699 0.225495 0.936744 0.406634 -0.0123485 -0.991911 -0.126333 0.386606 -0.130666 0.12686 -0.983277 -0.492179 0.99135 0.00436545 -0.131176 0.440411 
1530613873417 0.282374 -0.929509 0.23723 0.204062 -0.111326 -0.277374 -0.95429 -0.480225 0.952823 0.243057 -0.181802 0.497377 -0.011987 -0.992738 -0.119697 0.38677 -0.132119 0.120229 -0.983915 -0.492176 0.991161 0.00402008 -0.132601 0.440668 
1530613873765 0.234932 -0.927742 0.290004 0.181774 0.100908 -0.273464 -0.956575 -0.462819 0.96676 0.253994 0.0293711 0.495975 -0.0116149 -0.993521 -0.113057 0.386934 -0.133569 0.113593 -0.984508 -0.492173 0.990972 0.00366592 -0.134022 0.440925 
1530613874120 0.172568 -0.930432 0.32329 0.0920842 0.342475 -0.25106 -0.905362 -0.441874 0.923543 0.266955 0.275325 0.490388 -0.0112325 -0.994259 -0.106413 0.387097 -0.135015 0.106953 -0.985054 -0.492171 0.99078 0.00330273 -0.135441 0.441182 
1530613874447 0.105811 -0.934433 0.340057 -0.00710908 0.562492 -0.225761 -0.795383 -0.416622 0.820004 0.27544 0.501723 0.47709 -0.0108412 -0.994952 -0.0997634 0.387261 -0.136459 0.100308 -0.985554 -0.492169 0.990586 0.00292904 -0.136857 0.44144 
1530613874803 0.0370435 -0.940116 0.338835 -0.104837 0.748837 -0.198407 -0.632358 -0.389321 0.661718 0.277157 0.696645 0.463046 -0.0104395 -0.995601 -0.0931106 0.387425 -0.1379 0.0936594 -0.986008 -0.492168 0.990391 0.00254654 -0.138271 0.441697 
1530613874810 -0.0283189 -0.946811 0.320541 -0.202579 0.88778 -0.171196 -0.427246 -0.361302 0.459397 0.27247 0.845408 0.449419 -0.0100276 -0.996205 -0.0864545 0.387589 -0.139338 0.0870074 -0.986415 -0.49217 0.990194 0.00215499 -0.139681 0.441954 
1530613875148 -0.0865206 -0.954113 0.286674 -0.299599 0.970204 -0.146062 -0.193312 -0.333306 0.226314 0.261407 0.938322 0.436734 -0.0096047 -0.996765 -0.0797956 0.387756 -0.140773 0.0803524 -0.986776 -0.492179 0.989995 0.00175536 -0.141089 0.442211 
1530613875630 -0.134257 -0.961499 0.239779 -0.392596 0.99069 -0.124728 0.0545549 -0.306316 -0.0225473 0.244871 0.969293 0.424248 -0.00916759 -0.99728 -0.0731362 0.387923 -0.142206 0.0736962 -0.98709 -0.492212 0.989795 0.00135114 -0.142494 0.442471 
1530613876004 -0.169536 -0.968067 0.184674 -0.471128 0.948456 -0.109359 0.297443 -0.284705 -0.267749 0.225582 0.936709 0.406474 -0.00870735 -0.997746 -0.0665384 0.388073 -0.143609 0.0670989 -0.987357 -0.492314 0.989596 0.000958233 -0.143869 0.44275 
1530613876364 -0.169536 -0.968067 0.184674 -0.471128 0.948456 -0.109359 0.297443 -0.284705 -0.267749 0.225582 0.936709 0.406474 -0.00869847 -0.997747 -0.066525 0.388046 -0.143517 0.0670844 -0.987372 -0.492307 0.98961 0.000958867 -0.143777 0.442801 
1530613876377 0.282708 -0.929392 0.237292 0.203876 -0.111413 -0.277526 -0.954236 -0.479808 0.952714 0.243332 -0.182005 0.497005 -0.00972422 -0.997594 -0.0686402 0.388135 -0.141722 0.0693255 -0.987476 -0.492235 0.989859 0.000125419 -0.142056 0.44262 
1530613876649 0.235076 -0.927702 0.290013 0.181438 0.100747 -0.273512 -0.956578 -0.462768 0.966742 0.254086 0.0291671 0.496096 -0.0107454 -0.997436 -0.0707566 0.388224 -0.139925 0.0715644 -0.987573 -0.492163 0.990104 -0.000711253 -0.140335 0.44244 
1530613876655 0.17267 -0.930403 0.32332 0.091833 0.342358 -0.251094 -0.905397 -0.441939 0.923567 0.267026 0.275174 0.490536 -0.0117631 -0.997272 -0.0728738 0.388313 -0.138125 0.0738008 -0.987661 -0.492091 0.990345 -0.00155231 -0.138616 0.44226 
1530613876891 0.105836 -0.934424 0.340076 -0.00723033 0.562481 -0.225767 -0.79539 -0.41669 0.820009 0.275466 0.501701 0.47733 -0.0127769 -0.997102 -0.0749926 0.388401 -0.136322 0.0760355 -0.987742 -0.492019 0.990582 -0.00239711 -0.136898 0.442079 
1530613877254 0.0370637 -0.940103 0.338869 -0.104956 0.748836 -0.198416 -0.632357 -0.38938 0.661718 0.277195 0.69663 0.463335 -0.0137865 -0.996927 -0.077113 0.38849 -0.134517 0.0782685 -0.987815 -0.491947 0.990815 -0.00324556 -0.135182 0.441899 
1530613877492 -0.0282958 -0.946785 0.32062 -0.202697 0.887787 -0.171208 -0.427225 -0.361348 0.459383 0.272554 0.845389 0.449734 -0.0147922 -0.996746 -0.0792348 0.38858 -0.132708 0.0804995 -0.987881 -0.491876 0.991045 -0.00409782 -0.133467 0.441719 
1530613877780 -0.0865205 -0.954105 0.286702 -0.299638 0.970204 -0.146068 -0.193308 -0.333339 0.226315 0.261434 0.938314 0.436799 -0.0157934 -0.99656 -0.0813584 0.388669 -0.130898 0.082729 -0.987938 -0.491807 0.99127 -0.00495321 -0.131755 0.441541 
1530613878037 -0.13427 -0.961491 0.239806 -0.392616 0.990688 -0.124739 0.0545648 -0.306355 -0.0225505 0.244899 0.969286 0.424235 -0.0167875 -0.996368 -0.0834851 0.388755 -0.129091 0.0849579 -0.987987 -0.491747 0.991491 -0.00580865 -0.130048 0.441376 
1530613878293 -0.169585 -0.96805 0.184716 -0.47118 0.948438 -0.109384 0.297491 -0.284785 -0.267782 0.225642 0.936685 0.406376 -0.0177482 -0.996171 -0.085607 0.388821 -0.127341 0.0871753 -0.988021 -0.491719 0.9917 -0.00663428 -0.128401 0.441278 
1530613878543 -0.169585 -0.96805 0.184716 -0.47118 0.948438 -0.109384 0.297491 -0.284785 -0.267782 0.225642 0.936685 0.406376 -0.0177319 -0.996184 -0.085463 0.388821 -0.127367 0.0870306 -0.98803 -0.491734 0.991697 -0.00663451 -0.128424 0.44132 
1530613878555 0.282917 -0.929318 0.237331 0.203751 -0.111466 -0.277621 -0.954202 -0.479557 0.952646 0.243505 -0.182131 0.496777 -0.0189339 -0.995862 -0.0888829 0.388954 -0.129957 0.0905959 -0.987372 -0.491693 0.991339 -0.00714388 -0.131135 0.441755 
1530613878562 0.235164 -0.927678 0.290019 0.181231 0.100648 -0.273541 -0.95658 -0.462739 0.966731 0.254143 0.0290415 0.49617 -0.0201456 -0.995528 -0.092298 0.389086 -0.132542 0.0941612 -0.986695 -0.491652 0.990973 -0.00764419 -0.133846 0.44219 
1530613878999 0.172732 -0.930385 0.323339 0.0916798 0.342287 -0.251114 -0.905418 -0.441978 0.923582 0.267069 0.275084 0.490625 -0.021366 -0.99518 -0.0957081 0.389219 -0.135122 0.097726 -0.985998 -0.49161 0.990599 -0.00813462 -0.136558 0.442626 
1530613879482 0.105851 -0.934418 0.340086 -0.00730385 0.562474 -0.225771 -0.795394 -0.41673 0.820012 0.275482 0.501688 0.477467 -0.0225958 -0.994819 -0.0991146 0.389352 -0.137696 0.101292 -0.985282 -0.491567 0.990217 -0.00861554 -0.139272 0.443061 
1530613879874 0.037075 -0.940096 0.338887 -0.105026 0.748835 -0.19842 -0.632357 -0.389414 0.661719 0.277215 0.696621 0.463491 -0.0238343 -0.994446 -0.102516 0.389484 -0.140265 0.104857 -0.984546 -0.491524 0.989827 -0.00908658 -0.141985 0.443495 
1530613880268 -0.028283 -0.946772 0.32066 -0.202765 0.88779 -0.171214 -0.427217 -0.361373 0.459378 0.272596 0.845378 0.449896 -0.0250818 -0.994059 -0.105912 0.389615 -0.142828 0.108422 -0.983791 -0.49148 0.98943 -0.00954806 -0.144699 0.443929 
1530613880626 -0.0865169 -0.954102 0.286714 -0.299666 0.970203 -0.146069 -0.193312 -0.333355 0.226319 0.261446 0.93831 0.436832 -0.0263386 -0.993659 -0.109303 0.389744 -0.145382 0.111986 -0.983017 -0.491432 0.989025 -0.0100007 -0.14741 0.444354 
1530613881003 -0.134277 -0.961486 0.239823 -0.39263 0.990687 -0.124744 0.0545694 -0.306379 -0.0225511 0.244917 0.969282 0.424227 -0.0276052 -0.993247 -0.112683 0.38986 -0.147915 0.115544 -0.982227 -0.491374 0.988615 -0.0104471 -0.150106 0.444735 
1530613881399 -0.169618 -0.968039 0.184744 -0.471209 0.948426 -0.109402 0.297522 -0.284841 -0.267802 0.225682 0.93667 0.406324 -0.028874 -0.992829 -0.116002 0.389917 -0.150327 0.119043 -0.981443 -0.49129 0.988215 -0.0109001 -0.152686 0.444883 
1530613881791 -0.169618 -0.968039 0.184744 -0.471209 0.948426 -0.109402 0.297522 -0.284841 -0.267802 0.225682 0.93667 0.406324 -0.0288333 -0.992851 -0.115822 0.389952 -0.150295 0.118859 -0.98147 -0.49127 0.988221 -0.0108915 -0.152647 0.444951 
1530613881803 0.283035 -0.929276 0.237354 0.203678 -0.111495 -0.277674 -0.954183 -0.479421 0.952607 0.243603 -0.182201 0.496651 -0.0277605 -0.993112 -0.113834 0.390051 -0.151368 0.116741 -0.98156 -0.491424 0.988088 -0.0100178 -0.153567 0.445135 
1530613882072 0.235214 -0.927665 0.290023 0.181115 0.100592 -0.273558 -0.956581 -0.462724 0.966724 0.254175 0.0289714 0.496212 -0.0266857 -0.993367 -0.111846 0.39015 -0.152441 0.114621 -0.981643 -0.491578 0.987952 -0.00914592 -0.154489 0.445319 
1530613882306 0.172766 -0.930375 0.323349 0.0915947 0.342249 -0.251125 -0.905429 -0.442 0.92359 0.267093 0.275034 0.490675 -0.0256085 -0.993617 -0.109859 0.390248 -0.153511 0.112501 -0.981722 -0.491732 0.987815 -0.00827578 -0.155413 0.445503 
1530613882524 0.105859 -0.934415 0.340092 -0.00734469 0.56247 -0.225773 -0.795396 -0.416752 0.820013 0.275491 0.50168 0.477541 -0.0245291 -0.993862 -0.107873 0.390347 -0.154579 0.110379 -0.981795 -0.491886 0.987676 -0.00740762 -0.156338 0.445687 
1530613882781 0.0370804 -0.940093 0.338895 -0.105064 0.748834 -0.198423 -0.632357 -0.389433 0.661719 0.277225 0.696616 0.463574 -0.023448 -0.994102 -0.105887 0.390445 -0.155644 0.108255 -0.981863 -0.49204 0.987535 -0.00654206 -0.157265 0.445872 
1530613883020 -0.0282778 -0.946766 0.320677 -0.202804 0.887791 -0.171217 -0.427214 -0.36139 0.459377 0.272614 0.845373 0.449984 -0.0223645 -0.994336 -0.103902 0.390543 -0.156708 0.10613 -0.981926 -0.492191 0.987392 -0.0056781 -0.158194 0.446056 
1530613883261 -0.0865136 -0.954099 0.286722 -0.299695 0.970203 -0.146068 -0.193314 -0.333369 0.226322 0.261455 0.938307 0.436884 -0.0212801 -0.994565 -0.101916 0.390638 -0.157767 0.104003 -0.981984 -0.492336 0.987247 -0.00481765 -0.159123 0.446239 
1530613883268 -0.134283 -0.961482 0.239834 -0.392645 0.990686 -0.124749 0.0545738 -0.3064 -0.0225527 0.244929 0.969279 0.424239 -0.0201972 -0.99479 -0.0999296 0.39073 -0.158821 0.101873 -0.982038 -0.492461 0.987101 -0.00396354 -0.160051 0.446414 
1530613883485 -0.169639 -0.968032 0.184762 -0.471226 0.948419 -0.109412 0.297541 -0.284878 -0.267814 0.225707 0.93666 0.4063 -0.019139 -0.995007 -0.0979484 0.390815 -0.159833 0.0997513 -0.982091 -0.492528 0.986959 -0.00314092 -0.160944 0.446548 
1530613883795 -0.169639 -0.968032 0.184762 -0.471226 0.948419 -0.109412 0.297541 -0.284878 -0.267814 0.225707 0.93666 0.4063 -0.0192265 -0.994998 -0.0980227 0.390781 -0.159812 0.0998386 -0.982086 -0.492541 0.98696 -0.00321687 -0.160932 0.446568 
1530613883808 0.283098 -0.929254 0.237365 0.203638 -0.111511 -0.277703 -0.954173 -0.479351 0.952586 0.243656 -0.182239 0.496585 -0.0181428 -0.995471 -0.0933219 0.390854 -0.159226 0.0950227 -0.982659 -0.492624 0.987075 -0.00296896 -0.160229 0.446488 
1530613883817 0.23524 -0.927657 0.290025 0.181053 0.100563 -0.273566 -0.956582 -0.462717 0.966721 0.254192 0.0289338 0.496235 -0.0170612 -0.99592 -0.0886179 0.390928 -0.158636 0.0902044 -0.983208 -0.492706 0.98719 -0.00271677 -0.159527 0.446408 
1530613884159 0.172784 -0.93037 0.323354 0.0915492 0.342228 -0.251131 -0.905435 -0.442012 0.923594 0.267106 0.275007 0.490702 -0.0159832 -0.996345 -0.0839101 0.391001 -0.158039 0.0853833 -0.983734 -0.492789 0.987303 -0.00246216 -0.158827 0.446329 
1530613884625 0.105863 -0.934413 0.340095 -0.00736661 0.562468 -0.225774 -0.795397 -0.416764 0.820014 0.275496 0.501677 0.477582 -0.0149077 -0.996747 -0.0792002 0.391075 -0.157438 0.0805608 -0.984237 -0.492872 0.987416 -0.00220356 -0.158127 0.446249 
1530613884631 0.0370831 -0.940091 0.3389 -0.105084 0.748834 -0.198424 -0.632358 -0.389445 0.66172 0.277229 0.696614 0.46362 -0.0138349 -0.997126 -0.0744876 0.391149 -0.156832 0.0757367 -0.984717 -0.492955 0.987528 -0.00194148 -0.157429 0.446169 
1530613884967 -0.0282759 -0.946763 0.320686 -0.202827 0.887792 -0.171219 -0.427212 -0.361402 0.459376 0.272623 0.84537 0.450036 -0.012765 -0.997481 -0.0697728 0.391223 -0.15622 0.0709111 -0.985173 -0.493039 0.98764 -0.00167579 -0.156732 0.44609 
1530613885439 -0.086513 -0.954094 0.286741 -0.299717 0.970204 -0.14607 -0.193308 -0.333383 0.226319 0.261474 0.938302 0.436942 -0.0116975 -0.997813 -0.0650562 0.391298 -0.155605 0.0660845 -0.985606 -0.493125 0.98775 -0.00140608 -0.156038 0.446015 
1530613885798 -0.134286 -0.96148 0.239841 -0.392654 0.990686 -0.124751 0.0545765 -0.306412 -0.0225538 0.244936 0.969277 0.424247 -0.0106317 -0.998121 -0.0603406 0.391377 -0.154992 0.0612596 -0.986015 -0.493217 0.987859 -0.0011307 -0.155352 0.445962 
1530613886132 -0.16965 -0.968028 0.184772 -0.471236 0.948415 -0.109418 0.297552 -0.284898 -0.267821 0.22572 0.936655 0.406288 -0.00957115 -0.998403 -0.0556771 0.39147 -0.154414 0.0564875 -0.98639 -0.493324 0.98796 -0.000843543 -0.154708 0.446025 
1530613886503 -0.16965 -0.968028 0.184772 -0.471236 0.948415 -0.109418 0.297552 -0.284898 -0.267821 0.22572 0.936655 0.406288 -0.00947614 -0.998405 -0.0556621 0.391545 -0.154397 0.0564579 -0.986394 -0.493291 0.987963 -0.000753132 -0.154686 0.446078 
1530613886507 0.283132 -0.929242 0.237372 0.203617 -0.111519 -0.277718 -0.954168 -0.479314 0.952575 0.243684 -0.18226 0.49655 -0.00994825 -0.998368 -0.0562382 0.391604 -0.15234 0.0570977 -0.986677 -0.493247 0.988278 -0.00124839 -0.152659 0.445833 
1530613886760 0.235254 -0.927653 0.290025 0.18102 0.100547 -0.273571 -0.956582 -0.462713 0.966719 0.254201 0.0289137 0.496247 -0.0104202 -0.99833 -0.0568144 0.391662 -0.150281 0.0577356 -0.986956 -0.493203 0.988588 -0.00174619 -0.150632 0.445588 
1530613887023 0.172794 -0.930367 0.323357 0.0915249 0.342217 -0.251134 -0.905439 -0.442018 0.923596 0.267113 0.274993 0.490716 -0.0108906 -0.998292 -0.0573918 0.391721 -0.148222 0.0583728 -0.98723 -0.493159 0.988894 -0.00224484 -0.148605 0.445343 
1530613887284 0.105865 -0.934413 0.340097 -0.0073783 0.562467 -0.225774 -0.795397 -0.416771 0.820014 0.275498 0.501674 0.477603 -0.0113595 -0.998254 -0.0579705 0.39178 -0.146162 0.0590092 -0.987499 -0.493115 0.989195 -0.00274445 -0.146577 0.445098 
1530613887547 0.0370845 -0.94009 0.338902 -0.105095 0.748833 -0.198425 -0.632358 -0.389451 0.66172 0.277232 0.696613 0.463644 -0.0118279 -0.998214 -0.0585494 0.391839 -0.144101 0.0596439 -0.987764 -0.493072 0.989492 -0.00324613 -0.144549 0.444853 
1530613887800 -0.0282748 -0.946762 0.32069 -0.202839 0.887792 -0.17122 -0.427211 -0.361408 0.459376 0.272627 0.845369 0.450063 -0.0122945 -0.998175 -0.0591298 0.391898 -0.142039 0.060278 -0.988024 -0.493029 0.989785 -0.0037485 -0.142521 0.444609 
1530613887806 -0.0865127 -0.954091 0.286751 -0.299729 0.970204 -0.146072 -0.193305 -0.333391 0.226317 0.261484 0.9383 0.436972 -0.0127593 -0.998134 -0.0597117 0.391958 -0.139978 0.0609115 -0.988279 -0.492989 0.990072 -0.0042514 -0.140494 0.444368 
1530613888083 -0.134288 -0.961479 0.239845 -0.392659 0.990686 -0.124752 0.0545779 -0.306418 -0.0225543 0.24494 0.969276 0.424251 -0.0132199 -0.998093 -0.0602974 0.392018 -0.137924 0.0615464 -0.988529 -0.492957 0.990355 -0.00475181 -0.138474 0.444149 
1530613888431 -0.169656 -0.968026 0.184777 -0.471241 0.948413 -0.109421 0.297557 -0.284909 -0.267825 0.225728 0.936652 0.406281 -0.013656 -0.998051 -0.0608959 0.392076 -0.135944 0.0621892 -0.988763 -0.492956 0.990622 -0.00522409 -0.136528 0.444043 
1530613888687 -0.169656 -0.968026 0.184777 -0.471241 0.948413 -0.109421 0.297557 -0.284909 -0.267825 0.225728 0.936652 0.406281 -0.0135657 -0.998065 -0.0606752 0.392095 -0.135946 0.0619583 -0.988777 -0.492952 0.990623 -0.0051649 -0.136524 0.444121 
1530613888698 0.28315 -0.929236 0.237375 0.203606 -0.111524 -0.277726 -0.954165 -0.479294 0.952569 0.243699 -0.18227 0.496531 -0.0137812 -0.998188 -0.0585798 0.392188 -0.134844 0.0599054 -0.989054 -0.492907 0.990771 -0.00573125 -0.135425 0.443974 
1530613889019 0.235262 -0.927651 0.290026 0.181003 0.100538 -0.273574 -0.956582 -0.462711 0.966718 0.254206 0.0289031 0.496253 -0.0139995 -0.998305 -0.0564841 0.392281 -0.133743 0.0578515 -0.989326 -0.492862 0.990917 -0.0062957 -0.134326 0.443827 
1530613889331 0.172799 -0.930365 0.323358 0.0915121 0.342211 -0.251136 -0.905441 -0.442021 0.923597 0.267116 0.274985 0.490724 -0.0142193 -0.998419 -0.0543891 0.392375 -0.132642 0.0557973 -0.989592 -0.492816 0.991062 -0.00685706 -0.133226 0.44368 
1530613889622 0.105867 -0.934412 0.340097 -0.00738445 0.562466 -0.225774 -0.795398 -0.416774 0.820015 0.275499 0.501673 0.477614 -0.0144425 -0.998527 -0.052293 0.392468 -0.131541 0.0537413 -0.989853 -0.492771 0.991206 -0.00741731 -0.132123 0.443533 
1530613889947 0.0370853 -0.94009 0.338904 -0.105101 0.748833 -0.198425 -0.632358 -0.389454 0.66172 0.277233 0.696612 0.463657 -0.0146674 -0.998632 -0.0501976 0.392562 -0.13044 0.051685 -0.990108 -0.492727 0.991348 -0.00797454 -0.13102 0.443386 
1530613890227 -0.0282743 -0.946761 0.320693 -0.202845 0.887792 -0.171221 -0.42721 -0.361411 0.459375 0.27263 0.845368 0.450078 -0.0148943 -0.998731 -0.0481024 0.392656 -0.12934 0.0496279 -0.990358 -0.492684 0.991488 -0.00852914 -0.129916 0.443239 
1530613890522 -0.0865125 -0.954089 0.286756 -0.299735 0.970204 -0.146072 -0.193304 -0.333395 0.226316 0.261489 0.938299 0.436988 -0.0151225 -0.998827 -0.0460079 0.392751 -0.128242 0.0475707 -0.990601 -0.492647 0.991628 -0.00908025 -0.128811 0.443096 
1530613890879 -0.134289 -0.961478 0.239846 -0.392662 0.990686 -0.124753 0.0545786 -0.306421 -0.0225546 0.244942 0.969275 0.424254 -0.0153487 -0.998917 -0.0439169 0.392849 -0.127151 0.0455155 -0.990838 -0.492626 0.991765 -0.00962401 -0.127712 0.442972 
1530613891159 -0.169659 -0.968025 0.18478 -0.471244 0.948412 -0.109422 0.29756 -0.284915 -0.267826 0.225731 0.936651 0.406278 -0.015552 -0.999002 -0.0418611 0.39294 -0.126113 0.0434917 -0.991062 -0.492658 0.991894 -0.0101338 -0.126663 0.442954 
1530613891440 -0.169659 -0.968025 0.18478 -0.471244 0.948412 -0.109422 0.29756 -0.284915 -0.267826 0.225731 0.936651 0.406278 -0.0155734 -0.999001 -0.0418941 0.392909 -0.126114 0.0435271 -0.99106 -0.492665 0.991893 -0.0101507 -0.126666 0.442993 
1530613891451 0.283159 -0.929232 0.237377 0.2036 -0.111526 -0.27773 -0.954163 -0.479284 0.952566 0.243706 -0.182276 0.496521 -0.0142744 -0.99917 -0.0381503 0.39302 -0.124938 0.0396375 -0.991372 -0.492812 0.992062 -0.00938483 -0.1254 0.44282 
1530613891803 0.235265 -0.92765 0.290026 0.180994 0.100534 -0.273575 -0.956582 -0.46271 0.966718 0.254208 0.0288977 0.496256 -0.0129794 -0.999324 -0.0344036 0.393131 -0.123756 0.0357474 -0.991669 -0.492959 0.992228 -0.00861367 -0.124136 0.442646 
1530613892167 0.172802 -0.930365 0.323359 0.0915054 0.342208 -0.251137 -0.905441 -0.442023 0.923598 0.267118 0.274981 0.490728 -0.011689 -0.999462 -0.0306546 0.393242 -0.122569 0.0318576 -0.991949 -0.493105 0.992391 -0.00783757 -0.122875 0.442472 
1530613892479 0.105867 -0.934412 0.340098 -0.00738764 0.562466 -0.225775 -0.795398 -0.416776 0.820015 0.2755 0.501673 0.47762 -0.0104035 -0.999584 -0.026903 0.393353 -0.121376 0.0279679 -0.992213 -0.493251 0.992552 -0.00705715 -0.121616 0.442299 
1530613892793 0.0370857 -0.94009 0.338904 -0.105104 0.748833 -0.198425 -0.632358 -0.389455 0.66172 0.277234 0.696612 0.463663 -0.00912219 -0.99969 -0.0231498 0.393464 -0.120178 0.024079 -0.99246 -0.493397 0.99271 -0.00627131 -0.120361 0.442125 
1530613893131 -0.028274 -0.946761 0.320694 -0.202848 0.887792 -0.171221 -0.42721 -0.361412 0.459375 0.272631 0.845368 0.450085 -0.00784547 -0.999781 -0.0193947 0.393575 -0.118976 0.0201908 -0.992692 -0.493543 0.992866 -0.00548063 -0.119108 0.441953 
1530613893450 -0.0865125 -0.954088 0.286759 -0.299738 0.970204 -0.146073 -0.193303 -0.333397 0.226316 0.261492 0.938298 0.436996 -0.00657361 -0.999856 -0.0156381 0.393686 -0.117769 0.0163037 -0.992907 -0.493685 0.993019 -0.00468529 -0.11786 0.441785 
1530613893803 -0.134289 -0.961478 0.239847 -0.392663 0.990685 -0.124753 0.054579 -0.306423 -0.0225547 0.244943 0.969275 0.424255 -0.0053072 -0.999915 -0.0118822 0.393797 -0.116566 0.01242 -0.993105 -0.493818 0.993169 -0.00388555 -0.116622 0.441641 
1530613894131 -0.169661 -0.968024 0.184781 -0.471245 0.948411 -0.109423 0.297561 -0.284918 -0.267827 0.225733 0.93665 0.406276 -0.00405716 -0.999958 -0.00816735 0.39392 -0.115409 0.00858106 -0.993281 -0.493922 0.99331 -0.00308732 -0.115439 0.441625 
1530613894480 -0.169661 -0.968024 0.184781 -0.471245 0.948411 -0.109423 0.297561 -0.284918 -0.267827 0.225733 0.93665 0.406276 -0.00409217 -0.999957 -0.00829414 0.39392 -0.115348 0.00871086 -0.993287 -0.493956 0.993317 -0.00310798 -0.115379 0.441598 
1530613894491 0.283164 -0.929231 0.237378 0.203597 -0.111527 -0.277733 -0.954163 -0.479279 0.952565 0.24371 -0.182279 0.496517 -0.0047915 -0.999905 -0.0129098 0.394133 -0.119414 0.0133897 -0.992754 -0.493981 0.992833 -0.00321518 -0.119467 0.442195 
1530613894903 0.235267 -0.92765 0.290026 0.180989 0.100532 -0.273576 -0.956582 -0.462709 0.966717 0.254209 0.0288948 0.496258 -0.00551113 -0.999831 -0.0175208 0.394347 -0.123474 0.0180673 -0.992183 -0.494004 0.992333 -0.0033047 -0.123552 0.442791 
1530613895332 0.172803 -0.930364 0.32336 0.091502 0.342206 -0.251137 -0.905442 -0.442024 0.923598 0.267119 0.274979 0.49073 -0.00624976 -0.999736 -0.0221283 0.39456 -0.127528 0.0227449 -0.991574 -0.494026 0.991815 -0.00337513 -0.127636 0.443387 
1530613895758 0.105867 -0.934412 0.340098 -0.00738929 0.562466 -0.225775 -0.795398 -0.416777 0.820015 0.2755 0.501673 0.477623 -0.00700728 -0.999618 -0.0267322 0.394773 -0.131576 0.0274222 -0.990927 -0.494048 0.991281 -0.00342638 -0.131718 0.443984 
1530613896160 0.0370859 -0.94009 0.338905 -0.105105 0.748833 -0.198426 -0.632358 -0.389456 0.66172 0.277235 0.696611 0.463667 -0.00778378 -0.999479 -0.0313323 0.394986 -0.135619 0.0320989 -0.990241 -0.494068 0.990731 -0.00345858 -0.135798 0.44458 
1530613896586 -0.0282738 -0.946761 0.320695 -0.20285 0.887792 -0.171221 -0.42721 -0.361413 0.459375 0.272631 0.845368 0.450089 -0.00857963 -0.999318 -0.035928 0.395197 -0.139654 0.0367747 -0.989517 -0.494084 0.990163 -0.00347219 -0.139874 0.445174 
1530613897095 -0.0865124 -0.954088 0.28676 -0.299739 0.970205 -0.146073 -0.193303 -0.333398 0.226316 0.261493 0.938298 0.437 -0.00939599 -0.999135 -0.0405177 0.395402 -0.14368 0.041448 -0.988756 -0.49409 0.98958 -0.00346877 -0.143945 0.445757 
1530613897549 -0.134289 -0.961478 0.239848 -0.392664 0.990685 -0.124754 0.0545792 -0.306424 -0.0225548 0.244943 0.969275 0.424256 -0.010237 -0.99893 -0.0450938 0.395587 -0.147676 0.046112 -0.98796 -0.494065 0.988983 -0.00345448 -0.14799 0.446277 
1530613897984 -0.169662 -0.968024 0.184782 -0.471246 0.948411 -0.109424 0.297562 -0.284919 -0.267828 0.225734 0.93665 0.406275 -0.0111184 -0.998708 -0.0495797 0.395691 -0.151491 0.0506928 -0.987158 -0.493961 0.988396 -0.00346476 -0.151858 0.446462 
1530613898383 -0.169662 -0.968024 0.184782 -0.471246 0.948411 -0.109424 0.297562 -0.284919 -0.267828 0.225734 0.93665 0.406275 -0.0110594 -0.998721 -0.0493358 0.395703 -0.151453 0.0504427 -0.987177 -0.493965 0.988403 -0.00344553 -0.151817 0.446534 
1530613898398 0.283167 -0.92923 0.237378 0.203595 -0.111528 -0.277734 -0.954162 -0.479276 0.952564 0.243713 -0.18228 0.496514 -0.0113509 -0.99886 -0.0463708 0.395948 -0.149864 0.0475493 -0.987563 -0.493949 0.988641 -0.00426041 -0.150233 0.446388 
1530613898698 0.235268 -0.927649 0.290026 0.180986 0.100531 -0.273576 -0.956582 -0.462709 0.966717 0.25421 0.0288934 0.496259 -0.011651 -0.998989 -0.0434081 0.396191 -0.148282 0.0446572 -0.987936 -0.493934 0.988877 -0.0050738 -0.148652 0.44624 
1530613899020 0.172804 -0.930364 0.32336 0.0915002 0.342206 -0.251137 -0.905442 -0.442024 0.923598 0.26712 0.274978 0.490731 -0.011957 -0.99911 -0.0404446 0.396433 -0.1467 0.0417626 -0.988299 -0.493919 0.989109 -0.00588387 -0.147069 0.446093 
1530613899340 0.105868 -0.934412 0.340098 -0.00739013 0.562466 -0.225775 -0.795398 -0.416777 0.820015 0.2755 0.501672 0.477625 -0.0122671 -0.999222 -0.0374817 0.396676 -0.145118 0.0388668 -0.988651 -0.493903 0.989338 -0.00668859 -0.145482 0.445945 
1530613899683 0.037086 -0.940089 0.338905 -0.105106 0.748833 -0.198426 -0.632358 -0.389456 0.66172 0.277235 0.696611 0.463668 -0.0125819 -0.999325 -0.0345191 0.396919 -0.143538 0.0359694 -0.988991 -0.493889 0.989565 -0.00748854 -0.143893 0.445798 
1530613899998 -0.0282738 -0.94676 0.320695 -0.20285 0.887792 -0.171221 -0.42721 -0.361414 0.459375 0.272632 0.845368 0.450091 -0.012901 -0.999419 -0.0315569 0.397163 -0.141958 0.0330705 -0.98932 -0.493877 0.989789 -0.00828342 -0.142302 0.445651 
1530613900331 -0.0865124 -0.954088 0.286761 -0.29974 0.970205 -0.146073 -0.193302 -0.333398 0.226315 0.261494 0.938298 0.437002 -0.0132235 -0.999504 -0.0285959 0.397407 -0.140381 0.0301709 -0.989638 -0.49387 0.990009 -0.00907213 -0.14071 0.44551 
1530613900659 -0.134289 -0.961478 0.239848 -0.392664 0.990685 -0.124754 0.0545793 -0.306424 -0.0225549 0.244943 0.969275 0.424256 -0.0135448 -0.999579 -0.0256398 0.397651 -0.138813 0.0272736 -0.989943 -0.493881 0.990226 -0.00984945 -0.139124 0.445395 
1530613900974 -0.169662 -0.968024 0.184782 -0.471246 0.948411 -0.109424 0.297563 -0.28492 -0.267828 0.225735 0.936649 0.406275 -0.013834 -0.999646 -0.0227324 0.397868 -0.137318 0.0244185 -0.990226 -0.493952 0.99043 -0.0105772 -0.137608 0.445422 
1530613901304 -0.169662 -0.968024 0.184782 -0.471246 0.948411 -0.109424 0.297563 -0.28492 -0.267828 0.225735 0.936649 0.406275 -0.0138276 -0.999643 -0.0228822 0.397832 -0.137405 0.0245669 -0.99021 -0.493953 0.990418 -0.0105481 -0.137695 0.445356 
1530613901317 0.283168 -0.929229 0.237379 0.203595 -0.111528 -0.277734 -0.954162 -0.479275 0.952564 0.243714 -0.182281 0.496513 -0.0142685 -0.999585 -0.0250308 0.398103 -0.137422 0.0267562 -0.990151 -0.494008 0.99041 -0.0106882 -0.137747 0.445433 
1530613901595 0.235269 -0.927649 0.290026 0.180985 0.10053 -0.273576 -0.956582 -0.462709 0.966717 0.25421 0.0288926 0.49626 -0.0147088 -0.999522 -0.0271819 0.398373 -0.13744 0.0289479 -0.990087 -0.494063 0.990401 -0.0108271 -0.1378 0.44551 
1530613901861 0.172804 -0.930364 0.32336 0.0914993 0.342205 -0.251137 -0.905442 -0.442025 0.923599 0.26712 0.274978 0.490731 -0.0151498 -0.999455 -0.0293318 0.398644 -0.137456 0.0311384 -0.990018 -0.494118 0.990392 -0.0109668 -0.137853 0.445586 
1530613902154 0.105868 -0.934412 0.340098 -0.00739057 0.562466 -0.225775 -0.795398 -0.416777 0.820015 0.275501 0.501672 0.477625 -0.0155902 -0.999383 -0.0314824 0.398914 -0.137472 0.0333296 -0.989945 -0.494173 0.990383 -0.0111055 -0.137907 0.445663 
1530613902410 0.037086 -0.940089 0.338905 -0.105107 0.748833 -0.198426 -0.632358 -0.389457 0.66172 0.277235 0.696611 0.463669 -0.0160312 -0.999306 -0.0336323 0.399185 -0.137486 0.0355202 -0.989867 -0.494227 0.990374 -0.0112447 -0.13796 0.44574 
1530613902684 -0.0282737 -0.94676 0.320695 -0.202851 0.887792 -0.171221 -0.42721 -0.361414 0.459375 0.272632 0.845368 0.450092 -0.0164724 -0.999224 -0.0357818 0.399454 -0.1375 0.0377105 -0.989784 -0.494278 0.990365 -0.0113841 -0.138014 0.445817 
1530613902948 -0.0865124 -0.954088 0.286762 -0.299741 0.970205 -0.146073 -0.193302 -0.333399 0.226315 0.261494 0.938297 0.437004 -0.0169144 -0.999137 -0.0379307 0.399719 -0.137511 0.0399002 -0.989696 -0.494324 0.990356 -0.0115242 -0.138067 0.445892 
1530613903217 -0.13429 -0.961478 0.239848 -0.392664 0.990685 -0.124754 0.0545793 -0.306425 -0.0225549 0.244943 0.969275 0.424256 -0.0173579 -0.999046 -0.0400773 0.399972 -0.137518 0.0420878 -0.989605 -0.494353 0.990347 -0.0116661 -0.138118 0.445958 
1530613903485 -0.169662 -0.968024 0.184783 -0.471246 0.948411 -0.109424 0.297563 -0.28492 -0.267828 0.225735 0.936649 0.406275 -0.0177982 -0.998951 -0.0421964 0.400171 -0.137509 0.0442477 -0.989512 -0.494341 0.990341 -0.0118091 -0.138153 0.445974 
1530613903784 -0.169662 -0.968024 0.184783 -0.471246 0.948411 -0.109424 0.297563 -0.28492 -0.267828 0.225735 0.936649 0.406275 -0.0178171 -0.998955 -0.0420902 0.400161 -0.137604 0.0441462 -0.989503 -0.494352 0.990327 -0.0118383 -0.138247 0.44595 
1530613903795 0.283169 -0.929229 0.237379 0.203594 -0.111529 -0.277735 -0.954162 -0.479274 0.952563 0.243714 -0.182281 0.496512 -0.0202952 -0.998649 -0.0478265 0.400462 -0.138201 0.0501793 -0.989132 -0.494194 0.990196 -0.0134649 -0.139033 0.446134 
1530613904190 0.235269 -0.927649 0.290026 0.180985 0.10053 -0.273576 -0.956582 -0.462709 0.966717 0.254211 0.0288922 0.49626 -0.0227759 -0.998305 -0.0535582 0.400763 -0.138784 0.0562106 -0.988726 -0.494037 0.990061 -0.0150861 -0.139829 0.446318 
1530613904595 0.172805 -0.930364 0.32336 0.0914988 0.342205 -0.251137 -0.905442 -0.442025 0.923599 0.26712 0.274977 0.490731 -0.0252602 -0.997921 -0.0592855 0.401064 -0.139352 0.0622404 -0.988285 -0.493879 0.989921 -0.0167027 -0.140634 0.446502 
1530613904965 0.105868 -0.934412 0.340098 -0.0073908 0.562466 -0.225775 -0.795398 -0.416778 0.820015 0.275501 0.501672 0.477626 -0.0277471 -0.997499 -0.0650097 0.401365 -0.139904 0.0682699 -0.987809 -0.49372 0.989776 -0.0183136 -0.141449 0.446686 
1530613905390 0.0370861 -0.940089 0.338905 -0.105107 0.748833 -0.198426 -0.632358 -0.389457 0.66172 0.277235 0.696611 0.46367 -0.0302373 -0.997037 -0.0707291 0.401666 -0.140442 0.0742973 -0.987297 -0.493562 0.989627 -0.0199199 -0.142272 0.446869 
1530613905748 -0.0282737 -0.94676 0.320695 -0.202851 0.887792 -0.171221 -0.42721 -0.361414 0.459375 0.272632 0.845368 0.450092 -0.0327305 -0.996537 -0.0764436 0.401966 -0.140963 0.0803228 -0.986751 -0.493403 0.989474 -0.0215211 -0.143104 0.447052 
1530613906123 -0.0865124 -0.954088 0.286762 -0.299741 0.970205 -0.146073 -0.193302 -0.333399 0.226315 0.261495 0.938297 0.437004 -0.0352262 -0.995997 -0.0821528 0.402263 -0.141468 0.0863456 -0.98617 -0.493243 0.989316 -0.023117 -0.143944 0.447229 
1530613906486 -0.13429 -0.961478 0.239848 -0.392664 0.990685 -0.124754 0.0545794 -0.306425 -0.0225549 0.244944 0.969275 0.424256 -0.0377215 -0.995419 -0.0878538 0.402544 -0.141948 0.0923624 -0.985556 -0.493086 0.989155 -0.024706 -0.144782 0.447378 
1530613906493 -0.169662 -0.968024 0.184783 -0.471246 0.948411 -0.109424 0.297563 -0.284921 -0.267828 0.225735 0.936649 0.406274 -0.0401764 -0.994809 -0.0934892 0.40273 -0.142367 0.0983095 -0.98492 -0.492953 0.988998 -0.0262607 -0.145578 0.447378 
1530613907000 -0.169662 -0.968024 0.184783 -0.471246 0.948411 -0.109424 0.297563 -0.284921 -0.267828 0.225735 0.936649 0.406274 -0.0401642 -0.994812 -0.0934618 0.402748 -0.142391 0.0982812 -0.984919 -0.492939 0.988995 -0.0262503 -0.1456 0.447333 
