1533576374472 0.260402 0.941813 -0.212553 -0.546652 -0.959853 0.276303 0.0483553 -0.227609 0.104271 0.191428 0.975952 0.338162 0.16008 -0.304787 0.938871 0.370831 -0.775623 0.549475 0.310623 -0.528794 -0.61056 -0.777934 -0.14844 0.432481 
1533576374482 0.253525 0.941112 -0.22368 -0.554068 -0.960135 0.272968 0.0602446 -0.230125 0.117755 0.19949 0.972799 0.343539 0.316422 -0.384357 0.867264 0.401045 -0.930094 -0.305497 0.203954 -0.50698 0.186555 -0.871172 -0.454154 0.486146 
1533576375344 0.246669 0.940242 -0.234731 -0.560315 -0.960257 0.269786 0.0715657 -0.231922 0.130616 0.207749 0.969422 0.346866 0.316381 -0.384959 0.867012 0.40126 -0.929985 -0.306191 0.203409 -0.505248 0.187167 -0.870663 -0.454879 0.486254 
1533576375864 0.239574 0.939282 -0.245671 -0.567046 -0.960189 0.26667 0.0832081 -0.234051 0.143669 0.215956 0.965775 0.351198 0.316365 -0.384976 0.86701 0.401257 -0.92999 -0.30619 0.203389 -0.505155 0.18717 -0.870656 -0.454891 0.486262 
1533576376353 0.232336 0.938207 -0.256493 -0.573817 -0.959942 0.263652 0.0948605 -0.23617 0.156623 0.224179 0.96188 0.355542 0.316363 -0.38498 0.867009 0.401262 -0.92999 -0.30619 0.203387 -0.505149 0.18717 -0.870654 -0.454894 0.486264 
1533576376834 0.224946 0.937018 -0.267202 -0.580588 -0.959517 0.260726 0.106534 -0.238292 0.169491 0.232421 0.957733 0.359889 0.316363 -0.38498 0.867009 0.401263 -0.92999 -0.30619 0.203386 -0.505149 0.187169 -0.870654 -0.454895 0.486265 
1533576377320 0.217407 0.935715 -0.277798 -0.587349 -0.958912 0.257896 0.118223 -0.240411 0.182266 0.240681 0.953337 0.364239 0.316364 -0.384981 0.867009 0.401266 -0.92999 -0.30619 0.203387 -0.505152 0.187169 -0.870654 -0.454896 0.486265 
1533576377812 0.209725 0.934297 -0.28828 -0.59407 -0.958129 0.255163 0.129923 -0.242518 0.194945 0.248961 0.948691 0.368594 0.31637 -0.384984 0.867005 0.401291 -0.929989 -0.306189 0.203394 -0.505197 0.187164 -0.870653 -0.4549 0.486275 
1533576378311 0.201915 0.932745 -0.298691 -0.600477 -0.957166 0.252548 0.141607 -0.244512 0.207517 0.257304 0.943786 0.372995 0.31645 -0.385022 0.866959 0.401559 -0.929976 -0.306172 0.203479 -0.50569 0.187094 -0.870642 -0.454949 0.486416 
1533576378809 0.194309 0.930845 -0.309471 -0.604299 -0.955985 0.250404 0.152939 -0.245022 0.219855 0.266132 0.938529 0.377852 0.317195 -0.385686 0.866391 0.40402 -0.929926 -0.305742 0.204351 -0.510105 0.186077 -0.870499 -0.455639 0.488678 
1533576379321 0.195108 0.931013 -0.30846 -0.603912 -0.955987 0.250796 0.152283 -0.245058 0.219138 0.265173 0.938969 0.377651 0.317195 -0.385686 0.866391 0.40402 -0.929926 -0.305742 0.204351 -0.510105 0.186077 -0.870499 -0.455639 0.488678 
1533576379332 0.194184 0.930858 -0.309509 -0.604999 -0.955869 0.250462 0.153567 -0.245461 0.220469 0.266029 0.938414 0.378041 0.316303 -0.384901 0.867066 0.401083 -0.929988 -0.306249 0.203309 -0.504825 0.187284 -0.870668 -0.454821 0.486001 
1533576379561 0.193258 0.930703 -0.310555 -0.606088 -0.955749 0.250129 0.15485 -0.245866 0.221798 0.266886 0.937858 0.378431 0.316234 -0.384872 0.867104 0.400845 -0.930001 -0.306257 0.203237 -0.504391 0.187337 -0.870678 -0.45478 0.485898 
1533576379784 0.19233 0.930546 -0.311599 -0.607177 -0.955627 0.249797 0.156134 -0.24627 0.223126 0.267744 0.937298 0.378821 0.316229 -0.38487 0.867107 0.400825 -0.930001 -0.306258 0.203232 -0.504358 0.18734 -0.870679 -0.454777 0.485892 
1533576380006 0.191401 0.930387 -0.312643 -0.608265 -0.955503 0.249466 0.157418 -0.246674 0.224453 0.268601 0.936736 0.379211 0.316229 -0.38487 0.867107 0.400824 -0.930002 -0.306258 0.203232 -0.504356 0.187341 -0.870679 -0.454777 0.485891 
1533576380228 0.19047 0.930228 -0.313684 -0.609353 -0.955377 0.249135 0.158701 -0.247078 0.225778 0.269459 0.936171 0.379601 0.316228 -0.384869 0.867107 0.400823 -0.930002 -0.306258 0.203232 -0.504354 0.187341 -0.870679 -0.454777 0.48589 
1533576380452 0.189537 0.930067 -0.314725 -0.61044 -0.955249 0.248807 0.159985 -0.247482 0.227102 0.270317 0.935603 0.379991 0.316228 -0.384869 0.867107 0.400823 -0.930002 -0.306258 0.203232 -0.504354 0.187341 -0.870679 -0.454777 0.485891 
1533576380458 0.188604 0.929904 -0.315764 -0.611525 -0.955118 0.248479 0.161269 -0.247885 0.228425 0.271176 0.935032 0.380381 0.316228 -0.384869 0.867107 0.400823 -0.930002 -0.306258 0.203232 -0.504354 0.187341 -0.870679 -0.454777 0.48589 
1533576380770 0.187667 0.929741 -0.316802 -0.612605 -0.954986 0.248152 0.162553 -0.248289 0.229747 0.272035 0.934459 0.380771 0.316228 -0.384868 0.867108 0.400821 -0.930001 -0.306259 0.203231 -0.504352 0.187343 -0.870679 -0.454775 0.485886 
1533576380992 0.186743 0.929567 -0.317856 -0.613561 -0.95485 0.247839 0.163821 -0.248634 0.23106 0.272912 0.933879 0.38117 0.316236 -0.384876 0.867102 0.400847 -0.930001 -0.306254 0.20324 -0.504397 0.187331 -0.870677 -0.454784 0.485913 
1533576381253 0.187325 0.92955 -0.317562 -0.613212 -0.954876 0.248171 0.163165 -0.248687 0.23048 0.272668 0.934094 0.380938 0.316236 -0.384876 0.867102 0.400847 -0.930001 -0.306254 0.20324 -0.504397 0.187331 -0.870677 -0.454784 0.485913 
1533576381266 0.187467 0.929636 -0.317228 -0.613279 -0.954819 0.24828 0.163332 -0.248703 0.2306 0.272276 0.934178 0.380904 0.316225 -0.384867 0.86711 0.400813 -0.930002 -0.30626 0.203228 -0.504336 0.187345 -0.870679 -0.454774 0.485881 
1533576381282 0.187602 0.929726 -0.316884 -0.613393 -0.954763 0.248383 0.163505 -0.248746 0.230723 0.271875 0.934265 0.380858 0.316223 -0.384865 0.867112 0.400804 -0.930002 -0.306261 0.203225 -0.504319 0.187349 -0.87068 -0.454771 0.485874 
1533576381385 0.187738 0.929816 -0.316539 -0.613509 -0.954707 0.248485 0.163678 -0.248789 0.230846 0.271473 0.934351 0.380812 0.316222 -0.384864 0.867112 0.400801 -0.930002 -0.306262 0.203224 -0.504314 0.18735 -0.87068 -0.454771 0.485872 
1533576381416 0.187873 0.929906 -0.316195 -0.613625 -0.95465 0.248587 0.163852 -0.248832 0.230968 0.271072 0.934438 0.380766 0.316221 -0.384863 0.867113 0.400799 -0.930002 -0.306262 0.203223 -0.504312 0.18735 -0.87068 -0.45477 0.485871 
1533576381513 0.188009 0.929995 -0.31585 -0.613742 -0.954594 0.248689 0.164025 -0.248876 0.231091 0.27067 0.934524 0.380721 0.316221 -0.384863 0.867113 0.400798 -0.930002 -0.306262 0.203223 -0.50431 0.18735 -0.87068 -0.45477 0.48587 
1533576381560 0.188144 0.930085 -0.315505 -0.61386 -0.954538 0.24879 0.164199 -0.24892 0.231214 0.270269 0.93461 0.380675 0.316221 -0.384863 0.867113 0.400798 -0.930002 -0.306262 0.203223 -0.504309 0.187351 -0.87068 -0.45477 0.485869 
1533576381650 0.18828 0.930174 -0.315161 -0.613975 -0.954481 0.248892 0.164372 -0.248963 0.231336 0.269867 0.934695 0.380629 0.316221 -0.384863 0.867113 0.400797 -0.930002 -0.306262 0.203223 -0.504308 0.187351 -0.87068 -0.45477 0.485869 
1533576381694 0.188415 0.930264 -0.314816 -0.61409 -0.954425 0.248993 0.164546 -0.249008 0.231459 0.269465 0.934781 0.380583 0.316221 -0.384863 0.867113 0.400797 -0.930002 -0.306262 0.203223 -0.504308 0.187351 -0.87068 -0.45477 0.485869 
1533576381778 0.188552 0.930351 -0.314475 -0.614193 -0.954368 0.249096 0.164718 -0.249044 0.23158 0.269067 0.934865 0.380542 0.316221 -0.384863 0.867113 0.400797 -0.930002 -0.306262 0.203223 -0.504307 0.187351 -0.87068 -0.45477 0.485869 
1533576381888 0.188389 0.930239 -0.314905 -0.61403 -0.954457 0.248953 0.16442 -0.248988 0.231346 0.269588 0.934773 0.380619 0.316221 -0.384863 0.867113 0.400797 -0.930002 -0.306262 0.203223 -0.504307 0.187351 -0.87068 -0.45477 0.485869 
1533576381899 0.188322 0.930392 -0.314492 -0.614007 -0.954364 0.248941 0.164978 -0.249027 0.231784 0.269071 0.934814 0.380615 0.31622 -0.384863 0.867113 0.400796 -0.930002 -0.306262 0.203222 -0.504305 0.187351 -0.87068 -0.45477 0.485868 
1533576381915 0.188248 0.930551 -0.314068 -0.614026 -0.954271 0.24892 0.165545 -0.249098 0.232226 0.268542 0.934856 0.380595 0.316221 -0.384863 0.867113 0.400795 -0.930002 -0.306262 0.203223 -0.504305 0.187351 -0.87068 -0.45477 0.485867 
1533576381922 0.188175 0.930708 -0.313643 -0.61405 -0.954178 0.248899 0.166112 -0.249168 0.232667 0.268014 0.934898 0.380577 0.31622 -0.384863 0.867113 0.400795 -0.930002 -0.306262 0.203222 -0.504304 0.187351 -0.87068 -0.45477 0.485867 
1533576382041 0.188101 0.930866 -0.313219 -0.614076 -0.954085 0.248877 0.166678 -0.249239 0.233108 0.267485 0.93494 0.380558 0.316221 -0.384863 0.867113 0.400795 -0.930002 -0.306262 0.203223 -0.504304 0.187351 -0.87068 -0.45477 0.485867 
1533576382089 0.188028 0.931024 -0.312794 -0.614102 -0.953992 0.248855 0.167244 -0.249309 0.233549 0.266956 0.934981 0.38054 0.31622 -0.384863 0.867113 0.400795 -0.930002 -0.306262 0.203222 -0.504304 0.187351 -0.87068 -0.45477 0.485867 
1533576382160 0.187956 0.931181 -0.31237 -0.614125 -0.953898 0.248834 0.16781 -0.249378 0.23399 0.266428 0.935021 0.380523 0.31622 -0.384863 0.867113 0.400795 -0.930002 -0.306262 0.203222 -0.504304 0.187351 -0.87068 -0.45477 0.485867 
1533576382207 0.187883 0.931338 -0.311945 -0.61415 -0.953804 0.248811 0.168376 -0.249448 0.234431 0.265899 0.935061 0.380505 0.31622 -0.384863 0.867113 0.400795 -0.930002 -0.306262 0.203222 -0.504304 0.187351 -0.87068 -0.45477 0.485867 
1533576382275 0.18781 0.931495 -0.31152 -0.614173 -0.95371 0.248788 0.168942 -0.249519 0.234872 0.265371 0.935101 0.380486 0.31622 -0.384863 0.867113 0.400795 -0.930002 -0.306262 0.203222 -0.504304 0.187351 -0.87068 -0.45477 0.485867 
1533576382333 0.18774 0.93165 -0.311098 -0.61419 -0.953616 0.248767 0.169505 -0.249581 0.23531 0.264845 0.93514 0.380473 0.31622 -0.384863 0.867113 0.400795 -0.930002 -0.306262 0.203222 -0.504304 0.187351 -0.87068 -0.45477 0.485867 
1533576382426 0.187712 0.931421 -0.311801 -0.614163 -0.953795 0.248672 0.168631 -0.249408 0.234603 0.265741 0.935063 0.380452 0.31622 -0.384863 0.867113 0.400795 -0.930002 -0.306262 0.203222 -0.504304 0.187351 -0.87068 -0.45477 0.485867 
1533576382438 0.187779 0.93153 -0.311435 -0.614133 -0.953815 0.248632 0.16858 -0.249399 0.23447 0.265396 0.935195 0.380486 0.31622 -0.384863 0.867113 0.400795 -0.930002 -0.306262 0.203222 -0.504304 0.187351 -0.87068 -0.45477 0.485867 
1533576382454 0.187845 0.931645 -0.311049 -0.61414 -0.953834 0.248588 0.168537 -0.249409 0.234339 0.26503 0.935331 0.380475 0.31622 -0.384863 0.867113 0.400795 -0.930002 -0.306262 0.203222 -0.504304 0.187351 -0.87068 -0.45477 0.485867 
1533576382471 0.187908 0.93176 -0.310666 -0.614153 -0.953854 0.248542 0.168493 -0.249424 0.234208 0.264669 0.935466 0.380478 0.316221 -0.384863 0.867113 0.400795 -0.930002 -0.306262 0.203222 -0.504304 0.187351 -0.87068 -0.45477 0.485867 
1533576382488 0.187972 0.931875 -0.310284 -0.614167 -0.953873 0.248497 0.168448 -0.249439 0.234078 0.264308 0.935601 0.380483 0.316221 -0.384863 0.867113 0.400795 -0.930002 -0.306262 0.203222 -0.504304 0.187351 -0.87068 -0.45477 0.485867 
1533576382504 0.188035 0.931989 -0.309902 -0.614182 -0.953893 0.248452 0.168404 -0.249454 0.233947 0.263947 0.935735 0.380487 0.316221 -0.384863 0.867113 0.400795 -0.930002 -0.306262 0.203222 -0.504304 0.187351 -0.87068 -0.45477 0.485867 
1533576382623 0.188098 0.932103 -0.309519 -0.614197 -0.953913 0.248406 0.16836 -0.24947 0.233816 0.263586 0.93587 0.380492 0.316221 -0.384863 0.867113 0.400795 -0.930002 -0.306262 0.203222 -0.504304 0.187351 -0.87068 -0.45477 0.485867 
1533576382640 0.188162 0.932217 -0.309137 -0.614211 -0.953932 0.248361 0.168316 -0.249484 0.233685 0.263225 0.936004 0.380497 0.316221 -0.384863 0.867113 0.400795 -0.930002 -0.306262 0.203222 -0.504304 0.187351 -0.87068 -0.45477 0.485867 
1533576382671 0.188225 0.932332 -0.308754 -0.614226 -0.953952 0.248315 0.168272 -0.249501 0.233554 0.262864 0.936138 0.380501 0.316221 -0.384863 0.867113 0.400795 -0.930002 -0.306262 0.203222 -0.504304 0.187351 -0.87068 -0.45477 0.485867 
1533576382748 0.188289 0.932445 -0.308374 -0.614234 -0.953971 0.248271 0.168227 -0.249513 0.233422 0.262505 0.936272 0.380508 0.316221 -0.384863 0.867113 0.400795 -0.930002 -0.306262 0.203222 -0.504304 0.187351 -0.87068 -0.45477 0.485867 
1533576382782 0.188255 0.932157 -0.309263 -0.61418 -0.953919 0.248466 0.168236 -0.249517 0.233664 0.263341 0.935977 0.380489 0.316221 -0.384863 0.867113 0.400795 -0.930002 -0.306262 0.203222 -0.504304 0.187351 -0.87068 -0.45477 0.485867 
1533576382795 0.18817 0.932187 -0.309223 -0.614172 -0.953972 0.248337 0.168124 -0.249519 0.233514 0.263354 0.93601 0.380503 0.316221 -0.384863 0.867113 0.400795 -0.930002 -0.306262 0.203222 -0.504304 0.187351 -0.87068 -0.45477 0.485867 
1533576382811 0.188079 0.932218 -0.309185 -0.61416 -0.954029 0.248201 0.168005 -0.249532 0.233357 0.263373 0.936044 0.380534 0.316221 -0.384863 0.867113 0.400795 -0.930002 -0.306262 0.203222 -0.504304 0.187351 -0.87068 -0.45477 0.485867 
1533576382828 0.187986 0.932248 -0.309151 -0.614146 -0.954085 0.248064 0.167889 -0.249551 0.233204 0.263396 0.936076 0.380572 0.316221 -0.384863 0.867113 0.400795 -0.930002 -0.306262 0.203222 -0.504304 0.187351 -0.87068 -0.45477 0.485867 
1533576382845 0.187891 0.932278 -0.309119 -0.614131 -0.95414 0.247927 0.167775 -0.249572 0.233052 0.263419 0.936108 0.380613 0.316221 -0.384863 0.867113 0.400795 -0.930002 -0.306262 0.203222 -0.504304 0.187351 -0.87068 -0.45477 0.485867 
1533576382861 0.187798 0.932308 -0.309085 -0.614116 -0.954196 0.247791 0.16766 -0.24959 0.232899 0.263441 0.936139 0.380651 0.316221 -0.384863 0.867113 0.400795 -0.930002 -0.306262 0.203222 -0.504304 0.187351 -0.87068 -0.45477 0.485867 
1533576382878 0.187704 0.932338 -0.309051 -0.614101 -0.954252 0.247654 0.167545 -0.249609 0.232747 0.263464 0.936171 0.38069 0.316221 -0.384863 0.867113 0.400795 -0.930002 -0.306262 0.203222 -0.504304 0.187351 -0.87068 -0.45477 0.485867 
1533576382895 0.18761 0.932368 -0.309018 -0.614086 -0.954307 0.247517 0.167431 -0.249628 0.232595 0.263487 0.936202 0.38073 0.316221 -0.384863 0.867113 0.400795 -0.930002 -0.306262 0.203222 -0.504304 0.187351 -0.87068 -0.45477 0.485867 
1533576382911 0.187517 0.932398 -0.308985 -0.61407 -0.954363 0.247381 0.167316 -0.249647 0.232442 0.26351 0.936234 0.38077 0.316221 -0.384863 0.867113 0.400795 -0.930002 -0.306262 0.203222 -0.504304 0.187351 -0.87068 -0.45477 0.485867 
1533576382928 0.187422 0.932427 -0.308953 -0.614054 -0.954418 0.247244 0.167202 -0.249667 0.23229 0.263533 0.936265 0.380811 0.316221 -0.384863 0.867113 0.400795 -0.930002 -0.306262 0.203222 -0.504304 0.187351 -0.87068 -0.45477 0.485867 
1533576382978 0.188129 0.932385 -0.30865 -0.614193 -0.954039 0.248129 0.168054 -0.249495 0.233276 0.262848 0.936212 0.380528 0.316221 -0.384863 0.867113 0.400795 -0.930002 -0.306262 0.203222 -0.504304 0.187351 -0.87068 -0.45477 0.485867 
1533576382991 0.187724 0.932371 -0.308941 -0.614142 -0.954026 0.247902 0.168458 -0.249625 0.233653 0.263114 0.936044 0.380572 0.316221 -0.384863 0.867113 0.400795 -0.930002 -0.306262 0.203222 -0.504304 0.187351 -0.87068 -0.45477 0.485867 
1533576383008 0.187308 0.932359 -0.30923 -0.614083 -0.954015 0.247666 0.16887 -0.249781 0.234034 0.263379 0.935874 0.380615 0.316221 -0.384863 0.867113 0.400795 -0.930002 -0.306262 0.203222 -0.504304 0.187351 -0.87068 -0.45477 0.485867 
1533576383090 0.18689 0.932347 -0.309517 -0.614024 -0.954003 0.24743 0.169284 -0.249942 0.234415 0.263643 0.935704 0.380655 0.316221 -0.384863 0.867113 0.400795 -0.930002 -0.306262 0.203222 -0.504304 0.187351 -0.87068 -0.45477 0.485867 
1533576383148 0.186475 0.932335 -0.309805 -0.613968 -0.953991 0.247194 0.169696 -0.250098 0.234796 0.263907 0.935534 0.380696 0.316221 -0.384863 0.867113 0.400795 -0.930002 -0.306262 0.203222 -0.504304 0.187351 -0.87068 -0.45477 0.485867 
1533576383217 0.186057 0.932323 -0.310091 -0.613912 -0.953978 0.246957 0.17011 -0.250259 0.235177 0.26417 0.935364 0.380734 0.316221 -0.384863 0.867113 0.400795 -0.930002 -0.306262 0.203222 -0.504304 0.187351 -0.87068 -0.45477 0.485867 
1533576383288 0.18564 0.932311 -0.310377 -0.613856 -0.953966 0.246721 0.170524 -0.250419 0.235558 0.264433 0.935194 0.380773 0.316221 -0.384863 0.867113 0.400795 -0.930002 -0.306262 0.203222 -0.504304 0.187351 -0.87068 -0.45477 0.485867 
1533576383337 0.185224 0.932298 -0.310664 -0.613801 -0.953953 0.246486 0.170936 -0.250576 0.235938 0.264697 0.935023 0.380813 0.316221 -0.384863 0.867113 0.400795 -0.930002 -0.306262 0.203222 -0.504304 0.187351 -0.87068 -0.45477 0.485867 
1533576383425 0.184805 0.932287 -0.310948 -0.613752 -0.953939 0.246249 0.171351 -0.250739 0.236319 0.264959 0.934853 0.380849 0.316221 -0.384863 0.867113 0.400795 -0.930002 -0.306262 0.203222 -0.504304 0.187351 -0.87068 -0.45477 0.485867 
1533576383471 0.184388 0.932275 -0.311231 -0.613704 -0.953926 0.246012 0.171764 -0.2509 0.236698 0.265221 0.934683 0.380885 0.316221 -0.384863 0.867113 0.400795 -0.930002 -0.306262 0.203222 -0.504304 0.187351 -0.87068 -0.45477 0.485867 
1533576383586 0.185005 0.932256 -0.310921 -0.613782 -0.953955 0.246371 0.171088 -0.250726 0.2361 0.264952 0.93491 0.380808 0.316221 -0.384863 0.867113 0.400795 -0.930002 -0.306262 0.203222 -0.504304 0.187351 -0.87068 -0.45477 0.485867 
1533576383598 0.184469 0.932236 -0.3113 -0.613721 -0.95401 0.24599 0.171331 -0.250881 0.236298 0.265378 0.934739 0.380839 0.316221 -0.384863 0.867113 0.400795 -0.930002 -0.306262 0.203222 -0.504304 0.187351 -0.87068 -0.45477 0.485867 
1533576383615 0.183921 0.932217 -0.31168 -0.613646 -0.954065 0.245599 0.171584 -0.251062 0.236502 0.265806 0.934566 0.380872 0.316221 -0.384863 0.867113 0.400795 -0.930002 -0.306262 0.203222 -0.504304 0.187351 -0.87068 -0.45477 0.485867 
1533576383631 0.183372 0.932198 -0.31206 -0.613571 -0.95412 0.245208 0.171837 -0.251243 0.236705 0.266232 0.934393 0.380904 0.316221 -0.384863 0.867113 0.400795 -0.930002 -0.306262 0.203222 -0.504304 0.187351 -0.87068 -0.45477 0.485867 
1533576383766 0.182824 0.932179 -0.312439 -0.613497 -0.954175 0.244817 0.172089 -0.251423 0.236908 0.266659 0.93422 0.380934 0.316221 -0.384863 0.867113 0.400795 -0.930002 -0.306262 0.203222 -0.504304 0.187351 -0.87068 -0.45477 0.485867 
1533576383832 0.182277 0.932159 -0.312817 -0.613424 -0.954229 0.244427 0.172341 -0.251602 0.237111 0.267086 0.934047 0.380965 0.316221 -0.384863 0.867113 0.400795 -0.930002 -0.306262 0.203222 -0.504304 0.187351 -0.87068 -0.45477 0.485867 
1533576383921 0.181727 0.932139 -0.313196 -0.613349 -0.954284 0.244036 0.172595 -0.251785 0.237314 0.267512 0.933873 0.380995 0.316221 -0.384863 0.867113 0.400795 -0.930002 -0.306262 0.203222 -0.504304 0.187351 -0.87068 -0.45477 0.485867 
1533576383973 0.181179 0.932119 -0.313574 -0.613275 -0.954338 0.243646 0.172848 -0.251965 0.237516 0.267939 0.9337 0.381025 0.316221 -0.384863 0.867113 0.400795 -0.930002 -0.306262 0.203222 -0.504304 0.187351 -0.87068 -0.45477 0.485867 
1533576384065 0.180631 0.932098 -0.313951 -0.613205 -0.954391 0.243255 0.173102 -0.252146 0.237718 0.268364 0.933526 0.381054 0.316221 -0.384863 0.867113 0.400795 -0.930002 -0.306262 0.203222 -0.504304 0.187351 -0.87068 -0.45477 0.485867 
1533576384125 0.180083 0.932077 -0.314328 -0.613131 -0.954445 0.242865 0.173354 -0.252323 0.237919 0.26879 0.933352 0.381083 0.316221 -0.384863 0.867113 0.400795 -0.930002 -0.306262 0.203222 -0.504304 0.187351 -0.87068 -0.45477 0.485867 
1533576384240 0.180676 0.932126 -0.313843 -0.61322 -0.954404 0.243254 0.173033 -0.252073 0.237632 0.26827 0.933575 0.381048 0.316221 -0.384863 0.867113 0.400795 -0.930002 -0.306262 0.203222 -0.504304 0.187351 -0.87068 -0.45477 0.485867 
1533576384250 0.180591 0.932154 -0.31381 -0.613163 -0.95446 0.243123 0.172909 -0.252157 0.237472 0.268293 0.933609 0.381008 0.316221 -0.384863 0.867113 0.400795 -0.930002 -0.306262 0.203222 -0.504304 0.187351 -0.87068 -0.45477 0.485867 
1533576384267 0.180498 0.932184 -0.313774 -0.613093 -0.954517 0.242984 0.172791 -0.252262 0.237315 0.268314 0.933643 0.380957 0.316221 -0.384863 0.867113 0.400795 -0.930002 -0.306262 0.203222 -0.504304 0.187351 -0.87068 -0.45477 0.485867 
1533576384284 0.180403 0.932214 -0.313737 -0.613019 -0.954573 0.242844 0.172675 -0.252371 0.237159 0.268334 0.933677 0.380903 0.316221 -0.384863 0.867113 0.400795 -0.930002 -0.306262 0.203222 -0.504304 0.187351 -0.87068 -0.45477 0.485867 
1533576384300 0.180308 0.932246 -0.313699 -0.612944 -0.95463 0.242703 0.17256 -0.252484 0.237004 0.268353 0.933711 0.380847 0.316221 -0.384863 0.867113 0.400795 -0.930002 -0.306262 0.203222 -0.504304 0.187351 -0.87068 -0.45477 0.485867 
1533576384317 0.180214 0.932276 -0.313663 -0.612872 -0.954686 0.242564 0.172443 -0.252591 0.236848 0.268373 0.933745 0.380794 0.316221 -0.384863 0.867113 0.400795 -0.930002 -0.306262 0.203222 -0.504304 0.187351 -0.87068 -0.45477 0.485867 
1533576384342 0.180118 0.932307 -0.313625 -0.612798 -0.954743 0.242423 0.172328 -0.252703 0.236693 0.268392 0.933779 0.380738 0.316221 -0.384863 0.867113 0.400795 -0.930002 -0.306262 0.203222 -0.504304 0.187351 -0.87068 -0.45477 0.485867 
1533576384374 0.180024 0.932338 -0.313588 -0.612725 -0.954799 0.242284 0.172212 -0.252811 0.236537 0.268412 0.933812 0.380683 0.316221 -0.384863 0.867113 0.400795 -0.930002 -0.306262 0.203222 -0.504304 0.187351 -0.87068 -0.45477 0.485867 
1533576384440 0.179929 0.932369 -0.31355 -0.612654 -0.954856 0.242143 0.172096 -0.252923 0.236381 0.268431 0.933846 0.380628 0.316221 -0.384863 0.867113 0.400795 -0.930002 -0.306262 0.203222 -0.504304 0.187351 -0.87068 -0.45477 0.485867 
1533576384457 0.179835 0.932399 -0.313514 -0.612581 -0.954912 0.242004 0.171979 -0.25303 0.236225 0.26845 0.93388 0.380575 0.316221 -0.384863 0.867113 0.400795 -0.930002 -0.306262 0.203222 -0.504304 0.187351 -0.87068 -0.45477 0.485867 
1533576384502 0.180104 0.932313 -0.313617 -0.612858 -0.954739 0.242416 0.172362 -0.252604 0.236721 0.268379 0.933775 0.380766 0.316221 -0.384863 0.867113 0.400795 -0.930002 -0.306262 0.203222 -0.504304 0.187351 -0.87068 -0.45477 0.485867 
1533576384514 0.180091 0.932343 -0.313534 -0.612747 -0.95469 0.242447 0.172587 -0.252685 0.236925 0.268247 0.933761 0.380707 0.316221 -0.384863 0.867113 0.400795 -0.930002 -0.306262 0.203222 -0.504304 0.187351 -0.87068 -0.45477 0.485867 
1533576384530 0.180072 0.932376 -0.313447 -0.61261 -0.954642 0.242471 0.172818 -0.252784 0.237133 0.26811 0.933748 0.380629 0.316221 -0.384863 0.867113 0.400795 -0.930002 -0.306262 0.203222 -0.504304 0.187351 -0.87068 -0.45477 0.485867 
1533576384547 0.180053 0.932409 -0.313361 -0.61247 -0.954594 0.242495 0.173049 -0.252883 0.237341 0.267974 0.933734 0.380551 0.316221 -0.384863 0.867113 0.400795 -0.930002 -0.306262 0.203222 -0.504304 0.187351 -0.87068 -0.45477 0.485867 
1533576384564 0.180035 0.932441 -0.313275 -0.612329 -0.954546 0.24252 0.17328 -0.25298 0.237549 0.267839 0.93372 0.380474 0.316221 -0.384863 0.867113 0.400795 -0.930002 -0.306262 0.203222 -0.504304 0.187351 -0.87068 -0.45477 0.485867 
1533576384638 0.180016 0.932474 -0.313189 -0.612186 -0.954498 0.242545 0.173511 -0.253077 0.237757 0.267703 0.933706 0.380397 0.316221 -0.384863 0.867113 0.400795 -0.930002 -0.306262 0.203222 -0.504304 0.187351 -0.87068 -0.45477 0.485867 
1533576384645 0.179997 0.932506 -0.313104 -0.612038 -0.954449 0.24257 0.173742 -0.253173 0.237965 0.267568 0.933691 0.380319 0.316221 -0.384863 0.867113 0.400795 -0.930002 -0.306262 0.203222 -0.504304 0.187351 -0.87068 -0.45477 0.485867 
1533576384724 0.179979 0.932538 -0.313018 -0.611892 -0.954401 0.242595 0.173972 -0.253268 0.238173 0.267434 0.933677 0.380243 0.316221 -0.384863 0.867113 0.400795 -0.930002 -0.306262 0.203222 -0.504304 0.187351 -0.87068 -0.45477 0.485867 
1533576384766 0.179962 0.93257 -0.312934 -0.611746 -0.954353 0.242621 0.174202 -0.253361 0.23838 0.267299 0.933663 0.380168 0.316221 -0.384863 0.867113 0.400795 -0.930002 -0.306262 0.203222 -0.504304 0.187351 -0.87068 -0.45477 0.485867 
1533576384808 0.179945 0.932602 -0.312849 -0.611608 -0.954304 0.242646 0.174431 -0.253453 0.238586 0.267165 0.933648 0.380095 0.316221 -0.384863 0.867113 0.400795 -0.930002 -0.306262 0.203222 -0.504304 0.187351 -0.87068 -0.45477 0.485867 
1533576384864 0.179942 0.932528 -0.31307 -0.611959 -0.954427 0.242548 0.173894 -0.253192 0.238095 0.267512 0.933675 0.38031 0.316221 -0.384863 0.867113 0.400795 -0.930002 -0.306262 0.203222 -0.504304 0.187351 -0.87068 -0.45477 0.485867 
1533576384876 0.179701 0.932652 -0.312839 -0.611798 -0.954386 0.242374 0.174359 -0.253241 0.238441 0.267237 0.933665 0.38026 0.316221 -0.384863 0.867113 0.400795 -0.930002 -0.306262 0.203222 -0.504304 0.187351 -0.87068 -0.45477 0.485867 
1533576384892 0.179453 0.932779 -0.312603 -0.611618 -0.954346 0.242194 0.174833 -0.25331 0.238791 0.266957 0.933656 0.380194 0.316221 -0.384863 0.867113 0.400795 -0.930002 -0.306262 0.203222 -0.504304 0.187351 -0.87068 -0.45477 0.485867 
1533576384909 0.179204 0.932905 -0.312367 -0.611437 -0.954305 0.242013 0.175306 -0.253379 0.239141 0.266678 0.933646 0.380128 0.316221 -0.384863 0.867113 0.400795 -0.930002 -0.306262 0.203222 -0.504304 0.187351 -0.87068 -0.45477 0.485867 
1533576384926 0.178954 0.933032 -0.312131 -0.611252 -0.954264 0.241831 0.175781 -0.25345 0.239492 0.266398 0.933636 0.38006 0.316221 -0.384863 0.867113 0.400795 -0.930002 -0.306262 0.203222 -0.504304 0.187351 -0.87068 -0.45477 0.485867 
1533576385113 0.178706 0.933159 -0.311895 -0.611068 -0.954222 0.24165 0.176254 -0.253519 0.239843 0.266119 0.933625 0.379993 0.316221 -0.384863 0.867113 0.400795 -0.930002 -0.306262 0.203222 -0.504304 0.187351 -0.87068 -0.45477 0.485867 
1533576385148 0.178458 0.933285 -0.311659 -0.610887 -0.95418 0.241469 0.176727 -0.253586 0.240193 0.26584 0.933615 0.379927 0.316221 -0.384863 0.867113 0.400795 -0.930002 -0.306262 0.203222 -0.504304 0.187351 -0.87068 -0.45477 0.485867 
1533576385195 0.178209 0.933412 -0.311422 -0.610702 -0.954139 0.241287 0.177201 -0.253656 0.240544 0.265561 0.933604 0.37986 0.316221 -0.384863 0.867113 0.400795 -0.930002 -0.306262 0.203222 -0.504304 0.187351 -0.87068 -0.45477 0.485867 
1533576385200 0.17796 0.933538 -0.311185 -0.610521 -0.954097 0.241105 0.177674 -0.253726 0.240894 0.265282 0.933593 0.379793 0.316221 -0.384863 0.867113 0.400795 -0.930002 -0.306262 0.203222 -0.504304 0.187351 -0.87068 -0.45477 0.485867 
1533576385285 0.177714 0.933664 -0.31095 -0.610343 -0.954054 0.240925 0.178144 -0.253787 0.241242 0.265005 0.933582 0.379732 0.316221 -0.384863 0.867113 0.400795 -0.930002 -0.306262 0.203222 -0.504304 0.187351 -0.87068 -0.45477 0.485867 
1533576385365 0.178216 0.933391 -0.311481 -0.610739 -0.954157 0.241283 0.177107 -0.253675 0.240465 0.265639 0.933602 0.379856 0.316221 -0.384863 0.867113 0.400795 -0.930002 -0.306262 0.203222 -0.504304 0.187351 -0.87068 -0.45477 0.485867 
1533576385376 0.178044 0.933452 -0.311395 -0.610609 -0.954213 0.241078 0.177084 -0.253727 0.24037 0.265609 0.933635 0.379841 0.316221 -0.384863 0.867113 0.400795 -0.930002 -0.306262 0.203222 -0.504304 0.187351 -0.87068 -0.45477 0.485867 
1533576385392 0.177869 0.933513 -0.311312 -0.610429 -0.954269 0.240871 0.177062 -0.253774 0.240276 0.265582 0.933667 0.379823 0.316221 -0.384863 0.867113 0.400795 -0.930002 -0.306262 0.203222 -0.504304 0.187351 -0.87068 -0.45477 0.485867 
1533576385409 0.177697 0.933573 -0.311232 -0.610246 -0.954325 0.240667 0.177038 -0.253813 0.240181 0.265557 0.933698 0.379809 0.316221 -0.384863 0.867113 0.400795 -0.930002 -0.306262 0.203222 -0.504304 0.187351 -0.87068 -0.45477 0.485867 
1533576385426 0.177525 0.933633 -0.311151 -0.610063 -0.954381 0.240464 0.177013 -0.253851 0.240085 0.265533 0.93373 0.379796 0.316221 -0.384863 0.867113 0.400795 -0.930002 -0.306262 0.203222 -0.504304 0.187351 -0.87068 -0.45477 0.485867 
1533576385524 0.177354 0.933692 -0.311071 -0.60988 -0.954437 0.24026 0.176988 -0.253888 0.23999 0.265508 0.933761 0.379784 0.316221 -0.384863 0.867113 0.400795 -0.930002 -0.306262 0.203222 -0.504304 0.187351 -0.87068 -0.45477 0.485867 
1533576385567 0.177183 0.933751 -0.310991 -0.609697 -0.954493 0.240057 0.176962 -0.253925 0.239894 0.265484 0.933793 0.379771 0.316221 -0.384863 0.867113 0.400795 -0.930002 -0.306262 0.203222 -0.504304 0.187351 -0.87068 -0.45477 0.485867 
1533576385618 0.177012 0.93381 -0.310911 -0.609515 -0.954549 0.239854 0.176937 -0.253962 0.239799 0.265459 0.933824 0.379759 0.316221 -0.384863 0.867113 0.400795 -0.930002 -0.306262 0.203222 -0.504304 0.187351 -0.87068 -0.45477 0.485867 
1533576385666 0.176841 0.933869 -0.310831 -0.609334 -0.954605 0.239651 0.176911 -0.253998 0.239703 0.265435 0.933856 0.379747 0.316221 -0.384863 0.867113 0.400795 -0.930002 -0.306262 0.203222 -0.504304 0.187351 -0.87068 -0.45477 0.485867 
1533576385711 0.176669 0.933929 -0.310749 -0.609164 -0.95466 0.239447 0.176887 -0.254038 0.239607 0.265409 0.933888 0.379734 0.316221 -0.384863 0.867113 0.400795 -0.930002 -0.306262 0.203222 -0.504304 0.187351 -0.87068 -0.45477 0.485867 
1533576385804 0.177132 0.933781 -0.310929 -0.609482 -0.954554 0.23994 0.176791 -0.254033 0.239689 0.265483 0.933846 0.3798 0.316221 -0.384863 0.867113 0.400795 -0.930002 -0.306262 0.203222 -0.504304 0.187351 -0.87068 -0.45477 0.485867 
1533576385816 0.176862 0.933821 -0.310964 -0.609372 -0.954585 0.239713 0.176933 -0.254062 0.239766 0.265549 0.933807 0.379775 0.316221 -0.384863 0.867113 0.400795 -0.930002 -0.306262 0.203222 -0.504304 0.187351 -0.87068 -0.45477 0.485867 
1533576385833 0.176587 0.93386 -0.311003 -0.609209 -0.954616 0.239484 0.177078 -0.254093 0.239846 0.265619 0.933767 0.379747 0.316221 -0.384863 0.867113 0.400795 -0.930002 -0.306262 0.203222 -0.504304 0.187351 -0.87068 -0.45477 0.485867 
1533576385849 0.176316 0.933898 -0.311044 -0.609045 -0.954646 0.239257 0.177219 -0.254113 0.239924 0.26569 0.933727 0.379723 0.316221 -0.384863 0.867113 0.400795 -0.930002 -0.306262 0.203222 -0.504304 0.187351 -0.87068 -0.45477 0.485867 
1533576385866 0.176045 0.933935 -0.311085 -0.608881 -0.954677 0.239032 0.17736 -0.254132 0.240001 0.265762 0.933686 0.3797 0.316221 -0.384863 0.867113 0.400795 -0.930002 -0.306262 0.203222 -0.504304 0.187351 -0.87068 -0.45477 0.485867 
1533576385882 0.175774 0.933972 -0.311126 -0.608719 -0.954707 0.238806 0.1775 -0.254151 0.240079 0.265834 0.933646 0.379677 0.316221 -0.384863 0.867113 0.400795 -0.930002 -0.306262 0.203222 -0.504304 0.187351 -0.87068 -0.45477 0.485867 
1533576386009 0.175504 0.934009 -0.311168 -0.608555 -0.954737 0.238581 0.177641 -0.254169 0.240156 0.265907 0.933605 0.379654 0.316221 -0.384863 0.867113 0.400795 -0.930002 -0.306262 0.203222 -0.504304 0.187351 -0.87068 -0.45477 0.485867 
1533576386038 0.175234 0.934046 -0.311209 -0.608392 -0.954767 0.238355 0.177781 -0.254187 0.240234 0.265979 0.933565 0.379632 0.316221 -0.384863 0.867113 0.400795 -0.930002 -0.306262 0.203222 -0.504304 0.187351 -0.87068 -0.45477 0.485867 
1533576386088 0.174964 0.934083 -0.311251 -0.608229 -0.954797 0.23813 0.177921 -0.254203 0.240311 0.266052 0.933524 0.37961 0.316221 -0.384863 0.867113 0.400795 -0.930002 -0.306262 0.203222 -0.504304 0.187351 -0.87068 -0.45477 0.485867 
1533576386153 0.174694 0.93412 -0.31129 -0.608079 -0.954828 0.237904 0.178061 -0.254224 0.240388 0.266122 0.933484 0.379586 0.316221 -0.384863 0.867113 0.400795 -0.930002 -0.306262 0.203222 -0.504304 0.187351 -0.87068 -0.45477 0.485867 
1533576386227 0.17528 0.934012 -0.311284 -0.608388 -0.954762 0.23841 0.177737 -0.2542 0.240222 0.266048 0.933548 0.379582 0.316221 -0.384863 0.867113 0.400795 -0.930002 -0.306262 0.203222 -0.504304 0.187351 -0.87068 -0.45477 0.485867 
1533576386239 0.175134 0.934009 -0.311377 -0.608304 -0.954737 0.238347 0.177957 -0.254229 0.240429 0.266117 0.933475 0.379573 0.316221 -0.384863 0.867113 0.400795 -0.930002 -0.306262 0.203222 -0.504304 0.187351 -0.87068 -0.45477 0.485867 
1533576386256 0.174983 0.934004 -0.311476 -0.608171 -0.954711 0.238283 0.178179 -0.254258 0.24064 0.266191 0.9334 0.379564 0.316221 -0.384863 0.867113 0.400795 -0.930002 -0.306262 0.203222 -0.504304 0.187351 -0.87068 -0.45477 0.485867 
1533576386272 0.174836 0.933999 -0.311575 -0.608037 -0.954686 0.238221 0.178399 -0.254279 0.240849 0.266266 0.933324 0.379557 0.316221 -0.384863 0.867113 0.400795 -0.930002 -0.306262 0.203222 -0.504304 0.187351 -0.87068 -0.45477 0.485867 
1533576386289 0.174689 0.933992 -0.311676 -0.607902 -0.95466 0.23816 0.178619 -0.254297 0.241057 0.266341 0.933249 0.379551 0.316221 -0.384863 0.867113 0.400795 -0.930002 -0.306262 0.203222 -0.504304 0.187351 -0.87068 -0.45477 0.485867 
1533576386306 0.174543 0.933986 -0.311776 -0.607766 -0.954634 0.2381 0.178838 -0.254314 0.241266 0.266417 0.933173 0.379546 0.316221 -0.384863 0.867113 0.400795 -0.930002 -0.306262 0.203222 -0.504304 0.187351 -0.87068 -0.45477 0.485867 
1533576386429 0.174397 0.93398 -0.311877 -0.60763 -0.954608 0.238039 0.179056 -0.254331 0.241474 0.266493 0.933098 0.379541 0.316221 -0.384863 0.867113 0.400795 -0.930002 -0.306262 0.203222 -0.504304 0.187351 -0.87068 -0.45477 0.485867 
1533576386436 0.17425 0.933974 -0.311977 -0.607496 -0.954582 0.237979 0.179275 -0.254348 0.241682 0.266569 0.933022 0.379536 0.316221 -0.384863 0.867113 0.400795 -0.930002 -0.306262 0.203222 -0.504304 0.187351 -0.87068 -0.45477 0.485867 
1533576386489 0.174104 0.933968 -0.312077 -0.607363 -0.954556 0.237919 0.179494 -0.254365 0.241891 0.266645 0.932947 0.379531 0.316221 -0.384863 0.867113 0.400795 -0.930002 -0.306262 0.203222 -0.504304 0.187351 -0.87068 -0.45477 0.485867 
1533576386560 0.173958 0.933962 -0.312176 -0.607238 -0.95453 0.237857 0.179713 -0.254384 0.242098 0.266719 0.932872 0.379524 0.316221 -0.384863 0.867113 0.400795 -0.930002 -0.306262 0.203222 -0.504304 0.187351 -0.87068 -0.45477 0.485867 
1533576386639 0.174439 0.933969 -0.311886 -0.607518 -0.954548 0.238138 0.179242 -0.254385 0.241679 0.266443 0.933059 0.379549 0.316221 -0.384863 0.867113 0.400795 -0.930002 -0.306262 0.203222 -0.504304 0.187351 -0.87068 -0.45477 0.485867 
1533576386650 0.174224 0.933981 -0.31197 -0.607438 -0.954532 0.238013 0.179494 -0.25441 0.241897 0.266514 0.932983 0.379526 0.316221 -0.384863 0.867113 0.400795 -0.930002 -0.306262 0.203222 -0.504304 0.187351 -0.87068 -0.45477 0.485867 
1533576386667 0.174001 0.933994 -0.312056 -0.607326 -0.954517 0.237881 0.17975 -0.254446 0.242118 0.266586 0.932905 0.379498 0.316221 -0.384863 0.867113 0.400795 -0.930002 -0.306262 0.203222 -0.504304 0.187351 -0.87068 -0.45477 0.485867 
1533576386684 0.17378 0.934006 -0.312143 -0.607201 -0.954501 0.237751 0.180006 -0.254477 0.242339 0.26666 0.932826 0.37947 0.316221 -0.384863 0.867113 0.400795 -0.930002 -0.306262 0.203222 -0.504304 0.187351 -0.87068 -0.45477 0.485867 
1533576386690 0.173561 0.934017 -0.312231 -0.607075 -0.954485 0.237623 0.18026 -0.254502 0.242559 0.266734 0.932748 0.379445 0.316221 -0.384863 0.867113 0.400795 -0.930002 -0.306262 0.203222 -0.504304 0.187351 -0.87068 -0.45477 0.485867 
1533576386704 0.173342 0.934029 -0.312319 -0.606952 -0.954469 0.237495 0.180513 -0.254527 0.242779 0.266809 0.932669 0.37942 0.316221 -0.384863 0.867113 0.400795 -0.930002 -0.306262 0.203222 -0.504304 0.187351 -0.87068 -0.45477 0.485867 
1533576386779 0.173123 0.93404 -0.312408 -0.606829 -0.954453 0.237367 0.180766 -0.254551 0.242998 0.266884 0.93259 0.379396 0.316221 -0.384863 0.867113 0.400795 -0.930002 -0.306262 0.203222 -0.504304 0.187351 -0.87068 -0.45477 0.485867 
1533576386841 0.172904 0.934051 -0.312496 -0.606706 -0.954437 0.237239 0.181019 -0.254574 0.243217 0.266959 0.932512 0.379372 0.316221 -0.384863 0.867113 0.400795 -0.930002 -0.306262 0.203222 -0.504304 0.187351 -0.87068 -0.45477 0.485867 
1533576386863 0.172686 0.934061 -0.312585 -0.606581 -0.95442 0.237112 0.181272 -0.254595 0.243436 0.267034 0.932433 0.379349 0.316221 -0.384863 0.867113 0.400795 -0.930002 -0.306262 0.203222 -0.504304 0.187351 -0.87068 -0.45477 0.485867 
1533576386885 0.172467 0.934073 -0.312671 -0.606467 -0.954404 0.236984 0.181524 -0.25462 0.243655 0.267108 0.932355 0.379324 0.316221 -0.384863 0.867113 0.400795 -0.930002 -0.306262 0.203222 -0.504304 0.187351 -0.87068 -0.45477 0.485867 
1533576386982 0.173208 0.934014 -0.312436 -0.606775 -0.95442 0.237472 0.180802 -0.254607 0.243066 0.266879 0.932574 0.379334 0.316221 -0.384863 0.867113 0.400795 -0.930002 -0.306262 0.203222 -0.504304 0.187351 -0.87068 -0.45477 0.485867 
1533576386992 0.172988 0.934005 -0.312585 -0.606716 -0.954432 0.237325 0.180934 -0.254625 0.243177 0.267041 0.932499 0.37932 0.316221 -0.384863 0.867113 0.400795 -0.930002 -0.306262 0.203222 -0.504304 0.187351 -0.87068 -0.45477 0.485867 
1533576387009 0.172761 0.933995 -0.31274 -0.606604 -0.954444 0.237173 0.18107 -0.254646 0.243292 0.267211 0.93242 0.37931 0.316221 -0.384863 0.867113 0.400795 -0.930002 -0.306262 0.203222 -0.504304 0.187351 -0.87068 -0.45477 0.485867 
1533576387026 0.172538 0.933984 -0.312896 -0.60649 -0.954455 0.237025 0.181204 -0.254655 0.243406 0.267381 0.932342 0.379301 0.316221 -0.384863 0.867113 0.400795 -0.930002 -0.306262 0.203222 -0.504304 0.187351 -0.87068 -0.45477 0.485867 
1533576387042 0.172316 0.933973 -0.313053 -0.606378 -0.954466 0.236878 0.181336 -0.254664 0.243518 0.267551 0.932263 0.379293 0.316221 -0.384863 0.867113 0.400795 -0.930002 -0.306262 0.203222 -0.504304 0.187351 -0.87068 -0.45477 0.485867 
1533576387059 0.172093 0.933961 -0.313209 -0.606267 -0.954478 0.23673 0.181469 -0.254672 0.243631 0.267721 0.932185 0.379285 0.316221 -0.384863 0.867113 0.400795 -0.930002 -0.306262 0.203222 -0.504304 0.187351 -0.87068 -0.45477 0.485867 
1533576387076 0.171871 0.93395 -0.313366 -0.606153 -0.954489 0.236583 0.181602 -0.254679 0.243744 0.267892 0.932107 0.379278 0.316221 -0.384863 0.867113 0.400795 -0.930002 -0.306262 0.203222 -0.504304 0.187351 -0.87068 -0.45477 0.485867 
1533576387193 0.171649 0.933938 -0.313522 -0.606041 -0.9545 0.236436 0.181734 -0.254686 0.243857 0.268062 0.932028 0.37927 0.316221 -0.384863 0.867113 0.400795 -0.930002 -0.306262 0.203222 -0.504304 0.187351 -0.87068 -0.45477 0.485867 
1533576387217 0.171428 0.933926 -0.313679 -0.60593 -0.954511 0.23629 0.181867 -0.254692 0.243969 0.268233 0.93195 0.379263 0.316221 -0.384863 0.867113 0.400795 -0.930002 -0.306262 0.203222 -0.504304 0.187351 -0.87068 -0.45477 0.485867 
1533576387243 0.171205 0.933915 -0.313833 -0.605828 -0.954522 0.236142 0.182 -0.254703 0.244081 0.268401 0.931872 0.379253 0.316221 -0.384863 0.867113 0.400795 -0.930002 -0.306262 0.203222 -0.504304 0.187351 -0.87068 -0.45477 0.485867 
1533576387355 0.171694 0.933948 -0.313469 -0.606076 -0.954518 0.236439 0.181636 -0.25473 0.243755 0.268027 0.932065 0.379264 0.316221 -0.384863 0.867113 0.400795 -0.930002 -0.306262 0.203222 -0.504304 0.187351 -0.87068 -0.45477 0.485867 
1533576387365 0.171587 0.933954 -0.313509 -0.606035 -0.954574 0.236307 0.181517 -0.254721 0.243613 0.268122 0.932075 0.379245 0.316221 -0.384863 0.867113 0.400795 -0.930002 -0.306262 0.203222 -0.504304 0.187351 -0.87068 -0.45477 0.485867 
1533576387382 0.171483 0.933957 -0.313557 -0.605951 -0.954629 0.236178 0.181393 -0.254694 0.243468 0.268225 0.932083 0.379233 0.316221 -0.384863 0.867113 0.400795 -0.930002 -0.306262 0.203222 -0.504304 0.187351 -0.87068 -0.45477 0.485867 
1533576387399 0.17138 0.933959 -0.313606 -0.605862 -0.954684 0.23605 0.181268 -0.254662 0.243324 0.268329 0.932091 0.379223 0.316221 -0.384863 0.867113 0.400795 -0.930002 -0.306262 0.203222 -0.504304 0.187351 -0.87068 -0.45477 0.485867 
1533576387415 0.171278 0.933962 -0.313655 -0.605773 -0.95474 0.235922 0.181143 -0.254631 0.243179 0.268433 0.932098 0.379213 0.316221 -0.384863 0.867113 0.400795 -0.930002 -0.306262 0.203222 -0.504304 0.187351 -0.87068 -0.45477 0.485867 
1533576387432 0.171175 0.933964 -0.313705 -0.605683 -0.954795 0.235794 0.181018 -0.254598 0.243034 0.268538 0.932106 0.379203 0.316221 -0.384863 0.867113 0.400795 -0.930002 -0.306262 0.203222 -0.504304 0.187351 -0.87068 -0.45477 0.485867 
1533576387449 0.171072 0.933966 -0.313753 -0.605596 -0.95485 0.235666 0.180893 -0.254567 0.24289 0.268642 0.932114 0.379192 0.316221 -0.384863 0.867113 0.400795 -0.930002 -0.306262 0.203222 -0.504304 0.187351 -0.87068 -0.45477 0.485867 
1533576387455 0.17097 0.933968 -0.313803 -0.605505 -0.954905 0.235539 0.180768 -0.254534 0.242745 0.268746 0.932122 0.379182 0.316221 -0.384863 0.867113 0.400795 -0.930002 -0.306262 0.203222 -0.504304 0.187351 -0.87068 -0.45477 0.485867 
