1535123265264 0.213821 0.919387 -0.330163 -0.472262 -0.943803 0.281621 0.172988 -0.171387 0.252024 0.27462 0.927937 0.474193 0.215515 -0.118264 0.969313 0.384582 -0.976176 -0.0516732 0.210736 -0.502712 0.025165 -0.991637 -0.126583 0.442895 
1535123265277 0.21732 0.920115 -0.325823 -0.488556 -0.943409 0.28366 0.171805 -0.178511 0.250503 0.270047 0.92969 0.464132 0.209107 -0.118266 0.970715 0.384464 -0.977864 -0.0328973 0.206639 -0.500838 0.0074956 -0.992437 -0.122527 0.442392 
1535123265896 0.220809 0.920815 -0.321469 -0.504851 -0.943006 0.2857 0.170631 -0.185639 0.248964 0.26547 0.93142 0.454069 0.202693 -0.118145 0.972089 0.384346 -0.979189 -0.0141106 0.202458 -0.498965 -0.0102027 -0.992896 -0.118547 0.441889 
1535123266192 0.22429 0.921488 -0.317102 -0.521147 -0.942594 0.287744 0.169468 -0.192769 0.247407 0.260889 0.933127 0.444004 0.196276 -0.117902 0.973435 0.384228 -0.980151 0.00467996 0.198197 -0.49709 -0.0279234 -0.993014 -0.114643 0.441385 
1535123266509 0.227761 0.922132 -0.312725 -0.537443 -0.942174 0.289792 0.168314 -0.199897 0.245833 0.256306 0.934812 0.433941 0.18986 -0.117535 0.974751 0.384109 -0.980749 0.0234675 0.193858 -0.495216 -0.04566 -0.992791 -0.110817 0.440882 
1535123267133 0.231223 0.922748 -0.308336 -0.553739 -0.941744 0.291843 0.16717 -0.207026 0.244241 0.25172 0.936474 0.423877 0.183446 -0.117045 0.976037 0.383991 -0.980983 0.0422453 0.189441 -0.49334 -0.0634061 -0.992228 -0.10707 0.440378 
1535123267509 0.234676 0.923336 -0.303937 -0.570035 -0.941306 0.293898 0.166035 -0.214155 0.242632 0.247133 0.938112 0.413813 0.177035 -0.116433 0.977293 0.383872 -0.980853 0.0610061 0.184948 -0.491463 -0.0811549 -0.991323 -0.103403 0.439875 
1535123267981 0.23812 0.923895 -0.299526 -0.586331 -0.940859 0.295956 0.164909 -0.221283 0.241005 0.242544 0.939728 0.403749 0.170632 -0.115697 0.978519 0.383753 -0.980359 0.0797431 0.180382 -0.489587 -0.0988998 -0.990078 -0.0998183 0.439371 
1535123268861 0.241555 0.924427 -0.295105 -0.602628 -0.940403 0.298017 0.163794 -0.228412 0.239361 0.237952 0.941321 0.393686 0.164238 -0.11484 0.979713 0.383635 -0.979501 0.0984492 0.175743 -0.48771 -0.116634 -0.988494 -0.0963168 0.438868 
1535123269197 0.24498 0.924929 -0.290673 -0.618922 -0.939938 0.300082 0.162687 -0.23554 0.2377 0.233359 0.94289 0.383623 0.157856 -0.113861 0.980876 0.383516 -0.97828 0.117117 0.171033 -0.485834 -0.134352 -0.986569 -0.0928997 0.438364 
1535123270895 0.245855 0.92449 -0.291329 -0.618688 -0.939866 0.300878 0.161632 -0.235896 0.237082 0.234072 0.942869 0.38371 0.158237 -0.113786 0.980823 0.383582 -0.978255 0.116822 0.171375 -0.486004 -0.134081 -0.986613 -0.092826 0.438444 
1535123270905 0.24611 0.924583 -0.29082 -0.620337 -0.939825 0.301006 0.161628 -0.236571 0.236977 0.233542 0.943027 0.382696 0.162005 -0.114236 0.980155 0.38357 -0.97891 0.106671 0.174232 -0.486343 -0.124458 -0.98771 -0.0945457 0.438785 
1535123270912 0.246364 0.924675 -0.290311 -0.62199 -0.939786 0.301133 0.161623 -0.237248 0.236871 0.233012 0.943185 0.381681 0.165806 -0.114624 0.979474 0.383556 -0.979458 0.0964383 0.17709 -0.486719 -0.114758 -0.988717 -0.0962797 0.439142 
1535123271438 0.246617 0.924768 -0.289801 -0.623644 -0.939746 0.301259 0.161619 -0.237926 0.236766 0.232481 0.943342 0.380665 0.16961 -0.114973 0.978782 0.383543 -0.979896 0.0861943 0.179928 -0.487097 -0.105052 -0.989622 -0.0980418 0.439499 
1535123271510 0.246871 0.92486 -0.289291 -0.625298 -0.939706 0.301386 0.161615 -0.238604 0.23666 0.23195 0.9435 0.37965 0.173414 -0.115281 0.978079 0.38353 -0.980223 0.0759406 0.182745 -0.487473 -0.0953429 -0.990426 -0.099832 0.439855 
1535123271788 0.247125 0.924951 -0.288781 -0.62695 -0.939666 0.301513 0.161611 -0.239281 0.236554 0.23142 0.943656 0.378635 0.17722 -0.11555 0.977365 0.383516 -0.980439 0.0656784 0.185542 -0.487848 -0.0856311 -0.991128 -0.10165 0.440212 
1535123272109 0.247379 0.925043 -0.288271 -0.628604 -0.939626 0.30164 0.161607 -0.239958 0.236447 0.230889 0.943813 0.37762 0.181026 -0.115779 0.97664 0.383503 -0.980544 0.0554087 0.188318 -0.488225 -0.0759175 -0.991728 -0.103496 0.440568 
1535123272279 0.247632 0.925134 -0.287761 -0.630258 -0.939586 0.301767 0.161603 -0.240636 0.236341 0.230358 0.943969 0.376605 0.184832 -0.115968 0.975904 0.38349 -0.980538 0.0451327 0.191073 -0.488602 -0.0662034 -0.992227 -0.105369 0.440925 
1535123272697 0.247886 0.925224 -0.287251 -0.631911 -0.939546 0.301894 0.161599 -0.241313 0.236234 0.229827 0.944125 0.37559 0.188638 -0.116117 0.975158 0.383477 -0.980421 0.0348518 0.193806 -0.488978 -0.05649 -0.992624 -0.107269 0.441282 
1535123272794 0.248139 0.925315 -0.28674 -0.633565 -0.939506 0.30202 0.161595 -0.241991 0.236128 0.229296 0.944281 0.374574 0.192443 -0.116226 0.974401 0.383464 -0.980193 0.0245667 0.196517 -0.489355 -0.0467782 -0.992919 -0.109196 0.441638 
1535123273762 0.248545 0.925046 -0.287254 -0.633348 -0.939378 0.302518 0.161409 -0.242093 0.23621 0.229723 0.944157 0.374614 0.191914 -0.116199 0.974508 0.383433 -0.980263 0.0253304 0.196068 -0.489307 -0.0474676 -0.992903 -0.109044 0.441525 
1535123273776 0.247885 0.924981 -0.288033 -0.633528 -0.939417 0.302155 0.161857 -0.242251 0.236745 0.230461 0.943843 0.374616 0.192525 -0.114362 0.974605 0.383438 -0.980273 0.0228415 0.196324 -0.489335 -0.0447134 -0.993177 -0.107708 0.441396 
1535123273886 0.247224 0.924916 -0.288809 -0.633711 -0.939457 0.301792 0.162306 -0.24241 0.237279 0.231197 0.943529 0.374618 0.19313 -0.112522 0.9747 0.383443 -0.980276 0.0203519 0.196584 -0.489368 -0.0419571 -0.993441 -0.106372 0.441268 
1535123273894 0.246563 0.92485 -0.289584 -0.633893 -0.939495 0.301429 0.162755 -0.242569 0.237813 0.231934 0.943214 0.374619 0.19373 -0.11068 0.974791 0.383449 -0.980271 0.0178628 0.196848 -0.489401 -0.0391996 -0.993696 -0.105036 0.441139 
1535123274036 0.245902 0.924783 -0.290359 -0.634076 -0.939534 0.301066 0.163205 -0.242728 0.238346 0.23267 0.942898 0.374621 0.194326 -0.108837 0.974881 0.383455 -0.98026 0.0153739 0.197114 -0.489435 -0.0364411 -0.993941 -0.103701 0.441011 
1535123274148 0.245239 0.924716 -0.291133 -0.634258 -0.939572 0.300703 0.163655 -0.242887 0.238879 0.233405 0.942581 0.374623 0.194915 -0.106992 0.974967 0.38346 -0.980242 0.0128857 0.197384 -0.489467 -0.0336815 -0.994176 -0.102366 0.440882 
1535123274388 0.244577 0.924648 -0.291906 -0.634441 -0.939609 0.300341 0.164105 -0.243046 0.23941 0.234142 0.942263 0.374624 0.195501 -0.105145 0.975051 0.383466 -0.980216 0.0103976 0.197658 -0.489501 -0.0309208 -0.994403 -0.101032 0.440754 
1535123274505 0.243914 0.924578 -0.29268 -0.634623 -0.939646 0.299979 0.164555 -0.243205 0.239942 0.234878 0.941945 0.374626 0.19608 -0.103296 0.975132 0.383472 -0.980183 0.0079101 0.197934 -0.489534 -0.0281592 -0.994619 -0.099698 0.440625 
1535123274549 0.24325 0.924508 -0.293452 -0.634806 -0.939682 0.299618 0.165006 -0.243364 0.240472 0.235614 0.941626 0.374627 0.196655 -0.101445 0.97521 0.383478 -0.980144 0.00542289 0.198214 -0.489568 -0.0253964 -0.994826 -0.0983647 0.440497 
1535123274784 0.242586 0.924437 -0.294224 -0.634988 -0.939718 0.299256 0.165456 -0.243523 0.241003 0.236351 0.941306 0.374629 0.197225 -0.0995933 0.975286 0.383484 -0.980097 0.00293638 0.198497 -0.489601 -0.0226328 -0.995024 -0.097032 0.440368 
1535123274969 0.243291 0.924452 -0.293597 -0.634814 -0.939621 0.299731 0.165146 -0.243416 0.240669 0.235691 0.941556 0.374629 0.195945 -0.103928 0.975092 0.383487 -0.980196 0.00830969 0.197856 -0.489469 -0.0286656 -0.99455 -0.100242 0.440703 
1535123274981 0.242647 0.924583 -0.293716 -0.634853 -0.939684 0.299241 0.165675 -0.243548 0.241072 0.2358 0.941426 0.37469 0.196369 -0.106675 0.97471 0.383485 -0.980125 0.00721083 0.198249 -0.48951 -0.0281767 -0.994268 -0.103139 0.4411 
1535123274998 0.242002 0.924714 -0.293834 -0.634896 -0.939747 0.298749 0.166206 -0.243681 0.241476 0.235907 0.941296 0.374751 0.196795 -0.109421 0.97432 0.383483 -0.980054 0.00611021 0.19864 -0.489554 -0.0276886 -0.993977 -0.106036 0.441497 
1535123275158 0.241357 0.924846 -0.293951 -0.634939 -0.939809 0.298258 0.166737 -0.243815 0.24188 0.236015 0.941165 0.374812 0.197223 -0.112165 0.973921 0.383481 -0.979981 0.00500851 0.199027 -0.489597 -0.0272017 -0.993677 -0.108932 0.441895 
1535123275212 0.240712 0.924976 -0.294068 -0.634982 -0.93987 0.297766 0.167268 -0.243949 0.242283 0.236122 0.941034 0.374872 0.197652 -0.114907 0.973514 0.383479 -0.979908 0.00390567 0.199411 -0.489642 -0.026716 -0.993369 -0.111827 0.442292 
1535123275303 0.240067 0.925107 -0.294185 -0.635026 -0.939931 0.297275 0.1678 -0.244083 0.242686 0.23623 0.940903 0.374932 0.198082 -0.117649 0.973099 0.383478 -0.979834 0.00280174 0.199792 -0.489686 -0.0262316 -0.993051 -0.114721 0.442689 
1535123275536 0.239422 0.925237 -0.294301 -0.635068 -0.939992 0.296783 0.168331 -0.244216 0.243089 0.236339 0.940772 0.374993 0.198513 -0.120388 0.972676 0.383476 -0.97976 0.00169683 0.200169 -0.489729 -0.0257485 -0.992725 -0.117615 0.443087 
1535123275567 0.238777 0.925367 -0.294417 -0.635112 -0.940052 0.296292 0.168862 -0.24435 0.243492 0.236447 0.94064 0.375053 0.198946 -0.123127 0.972245 0.383474 -0.979685 0.000590742 0.200543 -0.489774 -0.0252666 -0.992391 -0.120508 0.443484 
1535123275676 0.238132 0.925496 -0.294533 -0.635155 -0.940111 0.2958 0.169393 -0.244484 0.243895 0.236556 0.940509 0.375114 0.19938 -0.125864 0.971806 0.383473 -0.979609 -0.000516291 0.200914 -0.489817 -0.024786 -0.992047 -0.1234 0.443881 
1535123275681 0.237486 0.925626 -0.294648 -0.635199 -0.94017 0.295308 0.169924 -0.244618 0.244298 0.236664 0.940377 0.375174 0.199816 -0.128599 0.971358 0.383471 -0.979532 -0.00162448 0.201282 -0.489862 -0.0243067 -0.991695 -0.126291 0.444278 
1535123276224 0.237987 0.925524 -0.294563 -0.635178 -0.940164 0.295652 0.169355 -0.244454 0.24383 0.236633 0.940506 0.375142 0.199724 -0.127315 0.971546 0.383427 -0.979554 -0.00148805 0.201175 -0.489778 -0.0241669 -0.991861 -0.125009 0.444205 
1535123276248 0.237752 0.925733 -0.294095 -0.635184 -0.940291 0.295277 0.169303 -0.244568 0.243569 0.236283 0.940662 0.37513 0.19958 -0.128127 0.971469 0.383419 -0.979578 -0.00142601 0.201058 -0.48981 -0.0243756 -0.991757 -0.125795 0.444312 
1535123276265 0.237516 0.925943 -0.293626 -0.635195 -0.940419 0.294901 0.169252 -0.244685 0.243308 0.235932 0.940817 0.375116 0.199437 -0.128939 0.971391 0.383411 -0.979602 -0.00136384 0.200942 -0.489841 -0.0245844 -0.991652 -0.126581 0.44442 
1535123276301 0.237279 0.926152 -0.293157 -0.635208 -0.940546 0.294524 0.169201 -0.244802 0.243048 0.23558 0.940973 0.375103 0.199294 -0.12975 0.971312 0.383403 -0.979626 -0.00130138 0.200826 -0.489871 -0.0247932 -0.991546 -0.127366 0.444527 
1535123276387 0.237042 0.926361 -0.292689 -0.63522 -0.940673 0.294148 0.169149 -0.244918 0.242787 0.235229 0.941128 0.375089 0.19915 -0.130562 0.971233 0.383394 -0.97965 -0.00123899 0.20071 -0.489902 -0.0250017 -0.991439 -0.128152 0.444635 
1535123276465 0.236806 0.926569 -0.29222 -0.63523 -0.9408 0.293772 0.169097 -0.245034 0.242527 0.234877 0.941283 0.375076 0.199006 -0.131374 0.971153 0.383386 -0.979674 -0.00117632 0.200593 -0.489933 -0.0252103 -0.991332 -0.128938 0.444742 
1535123276642 0.236569 0.926778 -0.291751 -0.635242 -0.940926 0.293396 0.169045 -0.245151 0.242266 0.234525 0.941438 0.375063 0.198862 -0.132185 0.971072 0.383378 -0.979698 -0.00111373 0.200477 -0.489963 -0.0254187 -0.991224 -0.129723 0.444849 
1535123276648 0.236332 0.926985 -0.291282 -0.635253 -0.941053 0.29302 0.168993 -0.245267 0.242006 0.234174 0.941592 0.375049 0.198718 -0.132997 0.970991 0.38337 -0.979722 -0.00105084 0.200361 -0.489994 -0.025627 -0.991116 -0.130509 0.444957 
1535123276829 0.236094 0.927193 -0.290813 -0.635265 -0.941179 0.292644 0.168941 -0.245384 0.241745 0.233821 0.941747 0.375036 0.198574 -0.133808 0.970909 0.383362 -0.979745 -0.000988036 0.200245 -0.490025 -0.0258352 -0.991007 -0.131294 0.445064 
1535123276866 0.235857 0.927401 -0.290344 -0.635276 -0.941306 0.292268 0.168888 -0.245501 0.241485 0.233469 0.941901 0.375022 0.198429 -0.13462 0.970826 0.383353 -0.979769 -0.000924951 0.200129 -0.490056 -0.0260433 -0.990897 -0.13208 0.445172 
1535123277060 0.236125 0.92714 -0.290958 -0.63524 -0.941118 0.292752 0.169098 -0.245277 0.241956 0.233898 0.941674 0.375053 0.198562 -0.13353 0.970949 0.38339 -0.979745 -0.000834888 0.200246 -0.490042 -0.0259282 -0.991044 -0.130991 0.444975 
1535123277072 0.236586 0.92714 -0.290584 -0.635202 -0.941109 0.293019 0.16868 -0.245269 0.241537 0.233564 0.941864 0.375008 0.198367 -0.135194 0.970759 0.383415 -0.979748 0.000201367 0.200232 -0.490115 -0.0272657 -0.990819 -0.132416 0.445166 
1535123277089 0.237049 0.927139 -0.29021 -0.635162 -0.941101 0.293287 0.168261 -0.24526 0.241116 0.233231 0.942054 0.374964 0.198169 -0.136857 0.970566 0.383439 -0.97975 0.00123846 0.200219 -0.490182 -0.0286035 -0.99059 -0.133841 0.445357 
1535123277182 0.237511 0.927137 -0.289836 -0.635122 -0.941092 0.293555 0.167842 -0.24525 0.240696 0.232898 0.942244 0.37492 0.197969 -0.13852 0.970371 0.383463 -0.979751 0.00227548 0.200207 -0.490249 -0.0299408 -0.990357 -0.135265 0.445548 
1535123277285 0.237973 0.927136 -0.289461 -0.635082 -0.941083 0.293824 0.167423 -0.245241 0.240275 0.232565 0.942434 0.374875 0.197766 -0.140182 0.970174 0.383487 -0.97975 0.00331257 0.200197 -0.490315 -0.0312779 -0.99012 -0.136689 0.445739 
1535123277402 0.238434 0.927135 -0.289086 -0.635043 -0.941073 0.294092 0.167005 -0.245232 0.239854 0.232231 0.942623 0.374831 0.197562 -0.141844 0.969974 0.383511 -0.979748 0.00434949 0.200189 -0.490383 -0.0326145 -0.989879 -0.138112 0.44593 
1535123277423 0.238896 0.927132 -0.288711 -0.635003 -0.941064 0.294361 0.166586 -0.245223 0.239433 0.231899 0.942812 0.374787 0.197355 -0.143505 0.969772 0.383535 -0.979744 0.00538668 0.200181 -0.490449 -0.0339509 -0.989635 -0.139535 0.446121 
1535123277430 0.239357 0.927131 -0.288335 -0.634963 -0.941054 0.294629 0.166168 -0.245214 0.239011 0.231565 0.943001 0.374742 0.197146 -0.145166 0.969567 0.383559 -0.979739 0.00642365 0.200176 -0.490517 -0.0352868 -0.989387 -0.140958 0.446312 
1535123277491 0.239818 0.927128 -0.28796 -0.634923 -0.941043 0.294899 0.165749 -0.245204 0.23859 0.231233 0.943189 0.374698 0.196934 -0.146826 0.96936 0.383583 -0.979732 0.00746086 0.200171 -0.490583 -0.0366226 -0.989134 -0.142381 0.446503 
1535123277498 0.240279 0.927125 -0.287584 -0.634883 -0.941032 0.295167 0.165331 -0.245195 0.238168 0.2309 0.943378 0.374654 0.196721 -0.148485 0.969151 0.383607 -0.979725 0.00849786 0.200169 -0.49065 -0.0379578 -0.988878 -0.143803 0.446694 
1535123277810 0.239491 0.927045 -0.288497 -0.634975 -0.94096 0.294844 0.166317 -0.245273 0.239245 0.231633 0.942925 0.374747 0.197299 -0.1441 0.969695 0.38358 -0.979734 0.00588506 0.200216 -0.4904 -0.0345579 -0.989546 -0.140019 0.44624 
1535123277820 0.240401 0.926878 -0.288278 -0.634762 -0.940807 0.295595 0.165848 -0.245144 0.238934 0.231344 0.943075 0.374784 0.198157 -0.145057 0.969377 0.383663 -0.979635 0.00337943 0.200759 -0.49057 -0.0323974 -0.989418 -0.141433 0.4464 
1535123277828 0.241309 0.92671 -0.288059 -0.634544 -0.940653 0.296346 0.165378 -0.245013 0.238623 0.231056 0.943224 0.374821 0.199018 -0.14601 0.969058 0.383747 -0.979529 0.000872221 0.2013 -0.490746 -0.0302371 -0.989283 -0.142848 0.44656 
1535123278064 0.242218 0.926541 -0.28784 -0.634324 -0.940499 0.297098 0.164909 -0.244881 0.238311 0.230769 0.943373 0.374859 0.199882 -0.146961 0.968736 0.383831 -0.979418 -0.00163569 0.201838 -0.490923 -0.0280777 -0.989141 -0.144263 0.44672 
1535123278072 0.243127 0.926371 -0.28762 -0.634106 -0.940344 0.297849 0.164439 -0.24475 0.237999 0.230483 0.943522 0.374897 0.200747 -0.14791 0.968413 0.383915 -0.9793 -0.00414399 0.202371 -0.4911 -0.0259196 -0.988992 -0.14568 0.44688 
1535123278341 0.244035 0.926201 -0.2874 -0.633889 -0.940187 0.2986 0.16397 -0.244619 0.237687 0.230196 0.943671 0.374934 0.201614 -0.148856 0.968088 0.383999 -0.979177 -0.00665264 0.202901 -0.491275 -0.0237626 -0.988836 -0.147098 0.44704 
1535123278530 0.244943 0.92603 -0.28718 -0.63367 -0.94003 0.299351 0.163501 -0.244487 0.237374 0.229909 0.94382 0.374972 0.202483 -0.1498 0.967761 0.384083 -0.979047 -0.00916197 0.203427 -0.491452 -0.0216067 -0.988674 -0.148516 0.4472 
1535123278566 0.24585 0.925858 -0.286959 -0.633452 -0.939872 0.300101 0.163032 -0.244356 0.237061 0.229623 0.943968 0.37501 0.203354 -0.150741 0.967432 0.384167 -0.978912 -0.0116716 0.203949 -0.491627 -0.019452 -0.988504 -0.149936 0.44736 
1535123278715 0.246758 0.925685 -0.286737 -0.633233 -0.939713 0.300852 0.162563 -0.244224 0.236747 0.229337 0.944116 0.375048 0.204228 -0.15168 0.967101 0.384252 -0.978771 -0.0141818 0.204468 -0.491804 -0.0172984 -0.988328 -0.151356 0.44752 
1535123278725 0.247665 0.925511 -0.286515 -0.633015 -0.939554 0.301603 0.162094 -0.244093 0.236434 0.229052 0.944264 0.375085 0.205103 -0.152617 0.966768 0.384336 -0.978623 -0.0166924 0.204983 -0.49198 -0.0151461 -0.988145 -0.152778 0.44768 
1535123279240 0.247001 0.925656 -0.286622 -0.633207 -0.939643 0.30107 0.162565 -0.244104 0.236773 0.229169 0.944151 0.375064 0.204628 -0.15214 0.966944 0.384283 -0.978708 -0.0155911 0.204664 -0.491907 -0.0160619 -0.988236 -0.152091 0.447524 
1535123279260 0.247053 0.925654 -0.286583 -0.632903 -0.93969 0.301055 0.162323 -0.243989 0.236532 0.229197 0.944204 0.375174 0.201975 -0.14996 0.967842 0.384202 -0.979165 -0.00971669 0.202832 -0.491771 -0.0210125 -0.988644 -0.148798 0.44685 
1535123279266 0.247105 0.925652 -0.286544 -0.632596 -0.939737 0.301039 0.162081 -0.243872 0.236291 0.229225 0.944258 0.375284 0.199331 -0.147763 0.968728 0.38412 -0.979588 -0.00384638 0.200979 -0.491631 -0.0259712 -0.989015 -0.145514 0.446176 
1535123279388 0.247157 0.92565 -0.286505 -0.63229 -0.939784 0.301023 0.161839 -0.243756 0.236051 0.229253 0.944311 0.375395 0.196697 -0.145549 0.969601 0.384038 -0.979976 0.00201977 0.199105 -0.49149 -0.030938 -0.989349 -0.142238 0.445502 
1535123279658 0.24721 0.925648 -0.286467 -0.631983 -0.93983 0.301008 0.161597 -0.24364 0.23581 0.229282 0.944364 0.375505 0.194074 -0.143319 0.970461 0.383956 -0.980329 0.00788161 0.197211 -0.491349 -0.0359128 -0.989645 -0.13897 0.444828 
1535123279703 0.247262 0.925646 -0.286428 -0.631677 -0.939877 0.300992 0.161354 -0.243524 0.23557 0.229311 0.944417 0.375615 0.19146 -0.141072 0.971309 0.383874 -0.980648 0.0137386 0.195297 -0.49121 -0.0408953 -0.989904 -0.135711 0.444155 
1535123279949 0.247314 0.925644 -0.286389 -0.63137 -0.939923 0.300976 0.161113 -0.243407 0.235329 0.229338 0.94447 0.375726 0.188857 -0.138808 0.972145 0.383792 -0.980932 0.019591 0.193361 -0.491068 -0.0458853 -0.990126 -0.132461 0.44348 
1535123280124 0.247366 0.925642 -0.286351 -0.631063 -0.93997 0.300961 0.16087 -0.243291 0.235089 0.229367 0.944523 0.375836 0.186264 -0.136527 0.972968 0.383709 -0.981181 0.0254383 0.191406 -0.490926 -0.0508827 -0.99031 -0.12922 0.442806 
1535123280130 0.247418 0.92564 -0.286312 -0.630757 -0.940016 0.300945 0.160628 -0.243175 0.234848 0.229395 0.944576 0.375947 0.183682 -0.13423 0.973778 0.383627 -0.981396 0.03128 0.189431 -0.490787 -0.0558871 -0.990456 -0.125987 0.442132 
1535123280378 0.24747 0.925638 -0.286273 -0.630451 -0.940063 0.30093 0.160386 -0.243059 0.234608 0.229424 0.944629 0.376057 0.181111 -0.131917 0.974575 0.383546 -0.981575 0.037116 0.187436 -0.490647 -0.0608983 -0.990566 -0.122764 0.441458 
1535123280733 0.247405 0.925656 -0.286274 -0.630665 -0.940068 0.300879 0.160451 -0.243137 0.234656 0.229421 0.944618 0.37597 0.184115 -0.134552 0.973652 0.383679 -0.981383 0.0299324 0.189713 -0.4909 -0.0546701 -0.990454 -0.126536 0.442565 
1535123280868 0.247475 0.925618 -0.286334 -0.630179 -0.940001 0.301004 0.16061 -0.242955 0.234851 0.229407 0.944573 0.376133 0.186447 -0.133743 0.973319 0.383774 -0.98125 0.0239047 0.191251 -0.491183 -0.0488454 -0.990728 -0.126778 0.442647 
1535123281010 0.247545 0.925581 -0.286395 -0.629689 -0.939933 0.301129 0.160768 -0.242771 0.235045 0.229395 0.944527 0.376297 0.188775 -0.132919 0.972983 0.38387 -0.981078 0.0178763 0.192788 -0.491472 -0.0430185 -0.990966 -0.127029 0.442729 
1535123281085 0.247616 0.925543 -0.286455 -0.6292 -0.939866 0.301255 0.160926 -0.242588 0.23524 0.229382 0.944482 0.376461 0.191098 -0.132081 0.972644 0.383966 -0.980866 0.0118486 0.194323 -0.49176 -0.0371907 -0.991168 -0.127289 0.442811 
1535123281373 0.247687 0.925505 -0.286516 -0.62871 -0.939799 0.30138 0.161084 -0.242404 0.235434 0.229369 0.944437 0.376625 0.193415 -0.131228 0.972301 0.384062 -0.980616 0.0058217 0.195855 -0.492049 -0.0313622 -0.991335 -0.127559 0.442894 
1535123281610 0.247757 0.925467 -0.286577 -0.62822 -0.939732 0.301506 0.161242 -0.242221 0.235629 0.229357 0.944391 0.376789 0.195727 -0.130362 0.971955 0.384158 -0.980326 -0.000204079 0.197385 -0.492339 -0.0255332 -0.991466 -0.127837 0.442976 
1535123281617 0.247828 0.92543 -0.286638 -0.627731 -0.939664 0.301631 0.1614 -0.242037 0.235823 0.229344 0.944346 0.376953 0.198032 -0.129481 0.971606 0.384253 -0.979997 -0.0062283 0.198913 -0.492627 -0.019704 -0.991562 -0.128124 0.443058 
1535123281624 0.247899 0.925392 -0.286698 -0.62724 -0.939597 0.301757 0.161558 -0.241853 0.236017 0.229331 0.9443 0.377117 0.200332 -0.128586 0.971253 0.38435 -0.97963 -0.0122511 0.200438 -0.492917 -0.0138746 -0.991623 -0.128421 0.443141 
1535123282000 0.247969 0.925354 -0.286759 -0.626751 -0.939529 0.301882 0.161716 -0.24167 0.236212 0.229318 0.944255 0.37728 0.202626 -0.127677 0.970897 0.384446 -0.979223 -0.0182719 0.201961 -0.493205 -0.00804565 -0.991647 -0.128727 0.443223 
1535123282007 0.24804 0.925316 -0.28682 -0.626261 -0.939462 0.302008 0.161873 -0.241486 0.236406 0.229305 0.944209 0.377444 0.204914 -0.126754 0.970538 0.384542 -0.978778 -0.0242908 0.203481 -0.493495 -0.00221696 -0.991637 -0.129042 0.443305 
1535123282405 0.247674 0.925507 -0.286521 -0.626457 -0.939591 0.301574 0.161931 -0.241416 0.236276 0.229107 0.94429 0.377497 0.199831 -0.128903 0.971314 0.384314 -0.979728 -0.0119429 0.199977 -0.492815 -0.0141774 -0.991585 -0.128676 0.443112 
1535123282415 0.247533 0.925486 -0.286712 -0.625958 -0.939445 0.30165 0.162634 -0.241253 0.237002 0.229093 0.944112 0.377662 0.198524 -0.129009 0.971568 0.384339 -0.979938 -0.00830697 0.199131 -0.492794 -0.0176189 -0.991609 -0.12807 0.442858 
1535123282668 0.247394 0.925463 -0.286904 -0.625455 -0.939299 0.301728 0.163335 -0.241088 0.237728 0.22908 0.943932 0.377829 0.197215 -0.12911 0.971821 0.384362 -0.980134 -0.00467006 0.198281 -0.492768 -0.0210617 -0.991619 -0.127466 0.442603 
1535123282897 0.247254 0.925441 -0.287096 -0.624949 -0.939151 0.301806 0.164036 -0.240922 0.238453 0.229068 0.943752 0.377995 0.195904 -0.129207 0.972074 0.384386 -0.980317 -0.00103288 0.197428 -0.49274 -0.0245051 -0.991617 -0.126866 0.442349 
1535123282904 0.247115 0.925419 -0.287287 -0.624445 -0.939004 0.301883 0.164737 -0.240756 0.239178 0.229055 0.943572 0.378162 0.194594 -0.129299 0.972325 0.384409 -0.980486 0.0026043 0.196574 -0.492714 -0.027949 -0.991602 -0.126269 0.442094 
1535123283207 0.246975 0.925397 -0.287479 -0.623942 -0.938856 0.301961 0.165439 -0.240591 0.239904 0.229042 0.943391 0.378328 0.193283 -0.129386 0.972574 0.384433 -0.980641 0.0062414 0.195717 -0.492689 -0.0313932 -0.991575 -0.125675 0.44184 
1535123283453 0.246835 0.925375 -0.28767 -0.623438 -0.938707 0.302039 0.166139 -0.240425 0.240629 0.229029 0.943209 0.378494 0.191972 -0.129468 0.972823 0.384457 -0.980782 0.00987867 0.194857 -0.492662 -0.034838 -0.991534 -0.125084 0.441585 
1535123283461 0.246695 0.925353 -0.287862 -0.622934 -0.938557 0.302116 0.16684 -0.24026 0.241354 0.229016 0.943027 0.378661 0.19066 -0.129545 0.973071 0.38448 -0.980909 0.0135157 0.193995 -0.492636 -0.038283 -0.991481 -0.124495 0.441331 
1535123283611 0.246554 0.92533 -0.288053 -0.622429 -0.938408 0.302194 0.167541 -0.240094 0.242079 0.229003 0.942844 0.378827 0.189347 -0.129618 0.973317 0.384504 -0.981023 0.0171529 0.193131 -0.492609 -0.0417284 -0.991416 -0.12391 0.441076 
1535123283754 0.246414 0.925308 -0.288244 -0.621926 -0.938257 0.302271 0.168242 -0.239929 0.242803 0.22899 0.942661 0.378994 0.188034 -0.129686 0.973563 0.384527 -0.981123 0.0207897 0.192264 -0.492583 -0.0451739 -0.991337 -0.123328 0.440822 
1535123284114 0.24629 0.925429 -0.287963 -0.622158 -0.938385 0.302013 0.167995 -0.239921 0.242436 0.228845 0.942791 0.379004 0.189829 -0.129744 0.973207 0.384488 -0.980967 0.0161832 0.1935 -0.492649 -0.0408551 -0.991415 -0.124203 0.44116 
1535123284128 0.246357 0.925266 -0.28843 -0.62182 -0.938261 0.302261 0.168238 -0.239805 0.242846 0.229176 0.942605 0.379108 0.191251 -0.130405 0.97284 0.38456 -0.980807 0.0129367 0.194552 -0.492837 -0.0379559 -0.991376 -0.125428 0.441389 
1535123284145 0.246423 0.925102 -0.288898 -0.621476 -0.938138 0.30251 0.168481 -0.239687 0.243256 0.229509 0.942418 0.379212 0.192679 -0.131059 0.97247 0.384634 -0.980635 0.00968876 0.195602 -0.493034 -0.0350576 -0.991327 -0.126655 0.441619 
1535123284343 0.246489 0.924938 -0.289366 -0.621134 -0.938014 0.302759 0.168724 -0.239569 0.243667 0.229841 0.942231 0.379317 0.194107 -0.131709 0.972098 0.384708 -0.980453 0.00644021 0.196648 -0.493229 -0.0321609 -0.991267 -0.127885 0.441849 
1535123284350 0.246555 0.924774 -0.289834 -0.620791 -0.93789 0.303008 0.168966 -0.239451 0.244078 0.230173 0.942044 0.379421 0.195537 -0.132354 0.971724 0.384781 -0.980259 0.00319083 0.19769 -0.493424 -0.0292656 -0.991197 -0.129117 0.442079 
1535123284371 0.24662 0.92461 -0.290302 -0.62045 -0.937765 0.303256 0.169209 -0.239334 0.244488 0.230505 0.941856 0.379525 0.196969 -0.132994 0.971347 0.384854 -0.980055 -5.91116e-05 0.198726 -0.493618 -0.026372 -0.991117 -0.130353 0.442309 
1535123284729 0.246686 0.924445 -0.29077 -0.620107 -0.937641 0.303506 0.169451 -0.239215 0.244899 0.230837 0.941668 0.37963 0.198402 -0.133629 0.970968 0.384928 -0.979839 -0.00330995 0.199759 -0.493814 -0.0234799 -0.991026 -0.131592 0.442539 
1535123284920 0.246751 0.92428 -0.291238 -0.619765 -0.937516 0.303755 0.169694 -0.239098 0.24531 0.231168 0.94148 0.379734 0.199837 -0.13426 0.970587 0.385002 -0.979613 -0.00656125 0.200787 -0.494008 -0.0205894 -0.990924 -0.132834 0.442769 
1535123284947 0.246816 0.924115 -0.291706 -0.619421 -0.937392 0.304004 0.169936 -0.238979 0.24572 0.2315 0.941291 0.379839 0.201273 -0.134885 0.970204 0.385076 -0.979375 -0.00981335 0.201811 -0.494205 -0.0177004 -0.990813 -0.134078 0.442999 
1535123285112 0.246881 0.92395 -0.292174 -0.619079 -0.937267 0.304253 0.170178 -0.238862 0.246131 0.231831 0.941102 0.379943 0.202711 -0.135506 0.969818 0.385149 -0.979127 -0.0130658 0.202831 -0.494399 -0.0148133 -0.99069 -0.135326 0.443229 
1535123285415 0.246765 0.92407 -0.291892 -0.619287 -0.937332 0.304059 0.17017 -0.238882 0.246001 0.231607 0.941191 0.379881 0.200853 -0.134634 0.970326 0.385041 -0.979447 -0.00892525 0.201502 -0.494062 -0.0184687 -0.990855 -0.13366 0.442815 
1535123285427 0.246816 0.923989 -0.292105 -0.619131 -0.937328 0.304137 0.170048 -0.238813 0.245963 0.231828 0.941147 0.379932 0.202634 -0.133333 0.970135 0.38508 -0.979159 -0.0137669 0.202627 -0.494288 -0.0136611 -0.990976 -0.133344 0.44279 
1535123285434 0.246867 0.923908 -0.292319 -0.618973 -0.937325 0.304216 0.169925 -0.238744 0.245923 0.232049 0.941103 0.379983 0.204411 -0.132022 0.969941 0.385121 -0.978845 -0.0186077 0.203755 -0.494521 -0.00885177 -0.991072 -0.133033 0.442765 
1535123285448 0.246918 0.923827 -0.292533 -0.618814 -0.937322 0.304294 0.169802 -0.238674 0.245884 0.232271 0.941059 0.380034 0.206181 -0.130703 0.969745 0.385162 -0.978505 -0.0234467 0.204884 -0.494755 -0.00404151 -0.991144 -0.132727 0.442741 
1535123285648 0.246969 0.923745 -0.292748 -0.618657 -0.937319 0.304372 0.16968 -0.238604 0.245845 0.232492 0.941014 0.380085 0.207944 -0.129374 0.969547 0.385202 -0.978141 -0.0282832 0.206013 -0.494987 0.000769196 -0.991192 -0.132428 0.442716 
1535123285668 0.24702 0.923664 -0.292962 -0.618499 -0.937316 0.30445 0.169557 -0.238535 0.245806 0.232714 0.94097 0.380136 0.2097 -0.128037 0.969346 0.385243 -0.97775 -0.0331178 0.207143 -0.49522 0.00558057 -0.991216 -0.132133 0.442692 
1535123285889 0.247071 0.923582 -0.293176 -0.618341 -0.937313 0.304528 0.169434 -0.238465 0.245766 0.232935 0.940925 0.380187 0.211449 -0.126691 0.969143 0.385284 -0.977334 -0.03795 0.208275 -0.495454 0.0103923 -0.991216 -0.131844 0.442667 
1535123285950 0.247122 0.923501 -0.29339 -0.618183 -0.937309 0.304606 0.169311 -0.238395 0.245727 0.233156 0.940881 0.380238 0.213191 -0.125337 0.968938 0.385324 -0.976892 -0.0427796 0.209407 -0.495686 0.0152043 -0.991191 -0.131561 0.442642 
1535123286105 0.247173 0.923419 -0.293604 -0.618025 -0.937306 0.304684 0.169188 -0.238326 0.245688 0.233378 0.940836 0.380289 0.214926 -0.123974 0.96873 0.385365 -0.976425 -0.0476066 0.210541 -0.495918 0.0200164 -0.991143 -0.131283 0.442618 
1535123286159 0.247224 0.923337 -0.293818 -0.617867 -0.937303 0.304762 0.169065 -0.238256 0.245649 0.233599 0.940791 0.380341 0.216654 -0.122602 0.968519 0.385406 -0.975933 -0.052431 0.211675 -0.496152 0.0248286 -0.99107 -0.131011 0.442593 
1535123286357 0.247115 0.923481 -0.293456 -0.618041 -0.937326 0.304598 0.169235 -0.238326 0.245671 0.233243 0.940874 0.380304 0.209283 -0.128246 0.969409 0.385256 -0.977841 -0.0327024 0.206778 -0.495102 0.00518369 -0.991203 -0.132248 0.442749 
1535123286374 0.247279 0.923384 -0.293624 -0.617848 -0.93731 0.304759 0.169033 -0.238231 0.245567 0.233418 0.940857 0.380372 0.209913 -0.129363 0.969124 0.38531 -0.977705 -0.0333508 0.207319 -0.495258 0.00550159 -0.991036 -0.13348 0.442942 
1535123286392 0.247444 0.923286 -0.293794 -0.61765 -0.937294 0.304921 0.168831 -0.238133 0.245463 0.233595 0.940841 0.38044 0.210545 -0.13048 0.968837 0.385365 -0.977567 -0.034 0.207863 -0.49542 0.00581853 -0.990868 -0.134711 0.443135 
1535123286579 0.247608 0.923188 -0.293963 -0.617452 -0.937278 0.305082 0.168629 -0.238036 0.245359 0.233771 0.940824 0.380509 0.211177 -0.131596 0.968549 0.385419 -0.977429 -0.0346496 0.208405 -0.495582 0.00613465 -0.990698 -0.135942 0.443328 
1535123286687 0.247772 0.92309 -0.294133 -0.617253 -0.937261 0.305244 0.168427 -0.237938 0.245255 0.233948 0.940807 0.380577 0.21181 -0.132711 0.968258 0.385475 -0.97729 -0.0353 0.208947 -0.495744 0.00645001 -0.990526 -0.137174 0.443521 
1535123286825 0.247937 0.922991 -0.294303 -0.617055 -0.937245 0.305405 0.168224 -0.23784 0.245151 0.234125 0.94079 0.380646 0.212443 -0.133825 0.967966 0.38553 -0.97715 -0.035951 0.209488 -0.495907 0.00676459 -0.990353 -0.138405 0.443714 
1535123286920 0.248101 0.922893 -0.294472 -0.616857 -0.937229 0.305567 0.168022 -0.237743 0.245047 0.234301 0.940774 0.380714 0.213076 -0.134939 0.967673 0.385584 -0.97701 -0.0366025 0.210028 -0.496068 0.00707825 -0.990178 -0.139636 0.443907 
1535123286927 0.248266 0.922795 -0.294642 -0.616658 -0.937212 0.305728 0.167819 -0.237645 0.244943 0.234478 0.940757 0.380783 0.21371 -0.136053 0.967377 0.38564 -0.976869 -0.0372548 0.210567 -0.496231 0.00739124 -0.990001 -0.140867 0.4441 
1535123286966 0.24843 0.922697 -0.294811 -0.616461 -0.937196 0.305889 0.167617 -0.237548 0.244839 0.234655 0.94074 0.380852 0.214343 -0.137165 0.967079 0.385694 -0.976728 -0.0379075 0.211105 -0.496392 0.00770331 -0.989823 -0.142098 0.444293 
1535123287162 0.248595 0.922598 -0.294981 -0.616261 -0.937179 0.306051 0.167415 -0.23745 0.244735 0.234831 0.940722 0.380921 0.214978 -0.138277 0.96678 0.38575 -0.976586 -0.0385611 0.211643 -0.496555 0.00801468 -0.989643 -0.14333 0.444486 
1535123287593 0.24816 0.922786 -0.294758 -0.61649 -0.937274 0.305616 0.167676 -0.2374 0.244812 0.234658 0.940746 0.380822 0.214501 -0.135982 0.967212 0.385698 -0.976686 -0.0386009 0.211175 -0.496274 0.00861921 -0.989959 -0.141092 0.444311 
1535123287604 0.248234 0.922726 -0.294884 -0.616313 -0.937233 0.30573 0.167701 -0.23732 0.244897 0.234746 0.940702 0.380886 0.214888 -0.135434 0.967203 0.385687 -0.97657 -0.0415446 0.211152 -0.496365 0.011585 -0.989915 -0.141188 0.444318 
1535123287611 0.248307 0.922666 -0.295011 -0.616133 -0.937191 0.305845 0.167726 -0.237237 0.244982 0.234834 0.940658 0.38095 0.215275 -0.134885 0.967193 0.385678 -0.976445 -0.0444883 0.21113 -0.496463 0.0145506 -0.989862 -0.141285 0.444326 
1535123287626 0.248381 0.922605 -0.295138 -0.615952 -0.937149 0.305959 0.16775 -0.237155 0.245068 0.234922 0.940613 0.381015 0.21566 -0.134335 0.967184 0.385669 -0.976311 -0.0474316 0.211107 -0.496559 0.017516 -0.9898 -0.141382 0.444334 
1535123287748 0.248454 0.922545 -0.295265 -0.615772 -0.937108 0.306073 0.167775 -0.237072 0.245153 0.235011 0.940569 0.381079 0.216044 -0.133784 0.967175 0.38566 -0.976169 -0.0503746 0.211085 -0.496657 0.0204813 -0.989729 -0.141479 0.444342 
1535123287856 0.248527 0.922485 -0.295392 -0.615591 -0.937066 0.306187 0.1678 -0.23699 0.245238 0.235099 0.940525 0.381144 0.216426 -0.133231 0.967166 0.385652 -0.976017 -0.0533172 0.211062 -0.496755 0.0234464 -0.98965 -0.141575 0.44435 
1535123288063 0.2486 0.922424 -0.295519 -0.615411 -0.937024 0.306302 0.167825 -0.236908 0.245323 0.235187 0.94048 0.381208 0.216806 -0.132678 0.967156 0.385642 -0.975857 -0.0562591 0.211039 -0.496851 0.0264111 -0.989561 -0.141672 0.444358 
1535123288118 0.248674 0.922364 -0.295646 -0.615229 -0.936982 0.306416 0.167849 -0.236825 0.245409 0.235275 0.940436 0.381273 0.217185 -0.132123 0.967147 0.385634 -0.975688 -0.0592007 0.211016 -0.49695 0.0293757 -0.989464 -0.141768 0.444366 
1535123288233 0.248747 0.922303 -0.295773 -0.615049 -0.936941 0.30653 0.167874 -0.236743 0.245494 0.235364 0.940392 0.381337 0.217562 -0.131567 0.967138 0.385624 -0.975511 -0.0621416 0.210992 -0.497046 0.0323399 -0.989358 -0.141865 0.444374 
1535123288271 0.24882 0.922243 -0.2959 -0.614868 -0.936899 0.306644 0.167899 -0.23666 0.245579 0.235452 0.940347 0.381402 0.217938 -0.13101 0.967129 0.385616 -0.975324 -0.0650822 0.210969 -0.497145 0.0353038 -0.989242 -0.141961 0.444382 
1535123288697 0.248781 0.922283 -0.295808 -0.615033 -0.936941 0.30656 0.167816 -0.23678 0.245457 0.235405 0.940391 0.381361 0.217415 -0.131716 0.967151 0.385559 -0.975574 -0.0611839 0.210976 -0.497039 0.0313852 -0.989397 -0.141801 0.444363 
1535123288709 0.24873 0.922349 -0.295645 -0.614795 -0.936854 0.306578 0.16827 -0.236719 0.245842 0.235122 0.940361 0.381408 0.21722 -0.133122 0.967003 0.385591 -0.975658 -0.0601671 0.210881 -0.497124 0.0301089 -0.989272 -0.142951 0.444523 
1535123288716 0.24868 0.922414 -0.295483 -0.61455 -0.936766 0.306597 0.168724 -0.236655 0.246228 0.23484 0.940331 0.381457 0.217021 -0.134528 0.966853 0.385622 -0.975741 -0.0591494 0.210786 -0.497207 0.0288321 -0.989143 -0.144101 0.444683 
1535123288730 0.24863 0.92248 -0.29532 -0.614306 -0.936678 0.306617 0.169178 -0.236591 0.246613 0.234557 0.9403 0.381505 0.216821 -0.135934 0.966701 0.385654 -0.975822 -0.0581313 0.210693 -0.49729 0.0275553 -0.989011 -0.145251 0.444842 
1535123288951 0.24858 0.922545 -0.295158 -0.614062 -0.936589 0.306636 0.169632 -0.236528 0.246999 0.234275 0.94027 0.381554 0.216619 -0.137339 0.966548 0.385685 -0.975903 -0.057113 0.2106 -0.497373 0.0262788 -0.988876 -0.146402 0.445002 
1535123288956 0.24853 0.922611 -0.294995 -0.613819 -0.936501 0.306655 0.170086 -0.236465 0.247385 0.233992 0.940239 0.381602 0.216415 -0.138744 0.966393 0.385717 -0.975981 -0.0560946 0.210509 -0.497456 0.0250025 -0.988738 -0.147552 0.445162 
1535123289158 0.24848 0.922676 -0.294833 -0.613575 -0.936412 0.306673 0.170539 -0.236401 0.24777 0.23371 0.940207 0.38165 0.216209 -0.140149 0.966236 0.385748 -0.976059 -0.0550758 0.210418 -0.497539 0.0237263 -0.988597 -0.148701 0.445321 
1535123289199 0.24843 0.922741 -0.294671 -0.613332 -0.936323 0.306692 0.170993 -0.236337 0.248156 0.233427 0.940176 0.381699 0.216001 -0.141553 0.966078 0.385779 -0.976135 -0.0540569 0.210329 -0.497623 0.0224504 -0.988454 -0.149851 0.445481 
1535123289206 0.24838 0.922807 -0.294508 -0.613087 -0.936234 0.306711 0.171447 -0.236273 0.248541 0.233145 0.940144 0.381747 0.215791 -0.142957 0.965918 0.385811 -0.97621 -0.0530377 0.210241 -0.497705 0.0211747 -0.988307 -0.151001 0.445641 
1535123289264 0.248331 0.922872 -0.294346 -0.612844 -0.936145 0.306729 0.171901 -0.23621 0.248927 0.232862 0.940112 0.381796 0.21558 -0.14436 0.965756 0.385842 -0.976283 -0.0520184 0.210154 -0.497789 0.0198992 -0.988157 -0.15215 0.445801 
1535123289628 0.248206 0.92283 -0.294581 -0.613182 -0.936349 0.306494 0.171206 -0.236199 0.248281 0.233336 0.940165 0.381699 0.215732 -0.143339 0.965875 0.385836 -0.976233 -0.0526643 0.21023 -0.497695 0.020733 -0.988271 -0.151293 0.445764 
1535123289634 0.248257 0.922806 -0.294616 -0.612864 -0.936289 0.306593 0.17136 -0.236115 0.248459 0.233304 0.940126 0.381804 0.215486 -0.144224 0.965798 0.385847 -0.97631 -0.0516843 0.210114 -0.497819 0.0196131 -0.988194 -0.151945 0.445847 
1535123289641 0.248308 0.92278 -0.294653 -0.612541 -0.936228 0.306693 0.171513 -0.236028 0.248637 0.233275 0.940086 0.38191 0.215239 -0.14511 0.96572 0.385859 -0.976386 -0.0507034 0.209998 -0.497942 0.0184926 -0.988116 -0.152596 0.445929 
1535123289780 0.248359 0.922754 -0.294691 -0.612216 -0.936167 0.306793 0.171666 -0.23594 0.248815 0.233245 0.940047 0.382016 0.21499 -0.145995 0.965642 0.38587 -0.976462 -0.0497219 0.209881 -0.498065 0.017372 -0.988035 -0.153248 0.446012 
1535123289819 0.24841 0.922728 -0.294729 -0.611894 -0.936106 0.306893 0.17182 -0.235854 0.248993 0.233215 0.940007 0.382122 0.214741 -0.146879 0.965563 0.385881 -0.976536 -0.0487408 0.209767 -0.498188 0.0162518 -0.987953 -0.1539 0.446094 
1535123289826 0.248462 0.922702 -0.294766 -0.61157 -0.936045 0.306993 0.171973 -0.235767 0.249171 0.233186 0.939967 0.382228 0.214491 -0.147764 0.965484 0.385892 -0.976609 -0.0477592 0.209653 -0.498311 0.0151316 -0.987869 -0.154551 0.446177 
1535123290090 0.248513 0.922676 -0.294804 -0.611246 -0.935984 0.307093 0.172126 -0.23568 0.249349 0.233157 0.939927 0.382334 0.214238 -0.148648 0.965404 0.385903 -0.976681 -0.0467773 0.209538 -0.498435 0.0140115 -0.987783 -0.155203 0.44626 
1535123290096 0.248564 0.922651 -0.294842 -0.610923 -0.935923 0.307193 0.172279 -0.235593 0.249527 0.233127 0.939887 0.38244 0.213987 -0.149532 0.965324 0.385915 -0.976752 -0.0457956 0.209426 -0.498558 0.0128918 -0.987696 -0.155855 0.446342 
1535123290295 0.248615 0.922625 -0.294879 -0.6106 -0.935862 0.307293 0.172433 -0.235507 0.249705 0.233097 0.939847 0.382546 0.213733 -0.150415 0.965243 0.385926 -0.976821 -0.0448136 0.209314 -0.498681 0.0117721 -0.987607 -0.156507 0.446425 
1535123290301 0.248666 0.922599 -0.294917 -0.610276 -0.935801 0.307393 0.172586 -0.235419 0.249883 0.233068 0.939807 0.382652 0.213478 -0.151298 0.965161 0.385937 -0.97689 -0.0438313 0.209201 -0.498804 0.0106524 -0.987516 -0.157159 0.446507 
1535123290671 0.24843 0.922689 -0.294836 -0.610545 -0.935913 0.307108 0.172487 -0.235423 0.249698 0.23309 0.939851 0.382603 0.213642 -0.150568 0.965239 0.385942 -0.976845 -0.0445247 0.209266 -0.498727 0.0114682 -0.987596 -0.156594 0.446379 
1535123290693 0.248658 0.922713 -0.294566 -0.610156 -0.935801 0.307322 0.172713 -0.235287 0.249891 0.232709 0.939894 0.382698 0.213556 -0.149048 0.965494 0.385921 -0.97687 -0.0435841 0.209344 -0.498884 0.0108779 -0.987869 -0.154908 0.446111 
1535123290699 0.248887 0.922737 -0.294298 -0.60976 -0.935689 0.307537 0.172937 -0.235147 0.250083 0.232329 0.939937 0.382795 0.213472 -0.147526 0.965746 0.385901 -0.976895 -0.0426436 0.209422 -0.499043 0.0102877 -0.988138 -0.15322 0.445842 
1535123290804 0.249116 0.922761 -0.294029 -0.609366 -0.935577 0.307752 0.173163 -0.235009 0.250276 0.231949 0.93998 0.382892 0.213388 -0.146004 0.965996 0.385881 -0.976919 -0.0417028 0.209498 -0.499201 0.0096972 -0.988405 -0.151533 0.445574 
1535123290912 0.249344 0.922785 -0.29376 -0.608971 -0.935464 0.307966 0.173388 -0.23487 0.250468 0.231569 0.940022 0.382988 0.213306 -0.144481 0.966243 0.385861 -0.976943 -0.0407618 0.209573 -0.499359 0.00910658 -0.988668 -0.149844 0.445306 
