1535113429022 0.241503 0.925205 -0.292699 -0.629741 -0.939083 0.298834 0.169768 -0.250872 0.244539 0.233869 0.941013 0.37975 0.138069 -0.121264 0.982971 0.36914 -0.985524 0.081767 0.148515 -0.488406 -0.0983842 -0.989247 -0.108219 0.439879 
1535113429035 0.242302 0.925361 -0.291542 -0.630854 -0.93892 0.299342 0.169777 -0.250969 0.244376 0.232597 0.941371 0.379144 0.139291 -0.120892 0.982844 0.370048 -0.984882 0.0863027 0.150195 -0.488843 -0.10298 -0.988907 -0.107043 0.439746 
1535113429278 0.2431 0.925516 -0.290383 -0.631973 -0.938756 0.299849 0.169788 -0.25107 0.244213 0.231323 0.941727 0.378537 0.140516 -0.120525 0.982715 0.370957 -0.984217 0.0908367 0.151871 -0.489281 -0.107571 -0.988546 -0.105859 0.439613 
1535113429343 0.243898 0.925669 -0.289224 -0.63309 -0.938592 0.300357 0.169799 -0.25117 0.244048 0.230049 0.942082 0.377931 0.141741 -0.120164 0.982583 0.371866 -0.983529 0.0953698 0.153541 -0.48972 -0.112159 -0.988163 -0.104667 0.439481 
1535113429542 0.244696 0.92582 -0.288064 -0.634208 -0.938427 0.300864 0.169811 -0.25127 0.243883 0.228774 0.942435 0.377324 0.142969 -0.119808 0.982449 0.372775 -0.982818 0.099901 0.155205 -0.490158 -0.116742 -0.987758 -0.103466 0.439348 
1535113429729 0.245494 0.925969 -0.286903 -0.635326 -0.938262 0.301371 0.169824 -0.25137 0.243716 0.2275 0.942787 0.376717 0.144197 -0.119457 0.982312 0.373684 -0.982084 0.104431 0.156863 -0.490596 -0.121322 -0.987332 -0.102259 0.439215 
1535113429888 0.246291 0.926117 -0.285742 -0.636445 -0.938097 0.301878 0.169837 -0.25147 0.243548 0.226224 0.943137 0.376111 0.145427 -0.119113 0.982173 0.374593 -0.981326 0.108959 0.158516 -0.491035 -0.125898 -0.986884 -0.101043 0.439082 
1535113430122 0.247088 0.926262 -0.284581 -0.637562 -0.937931 0.302385 0.169851 -0.25157 0.243379 0.224949 0.943485 0.375504 0.146658 -0.118774 0.982031 0.375501 -0.980545 0.113486 0.160162 -0.491473 -0.130469 -0.986415 -0.0998196 0.438949 
1535113430272 0.247884 0.926405 -0.283419 -0.63868 -0.937765 0.302891 0.169866 -0.251671 0.243209 0.223673 0.943832 0.374897 0.14789 -0.11844 0.981886 0.37641 -0.979742 0.11801 0.161802 -0.491911 -0.135037 -0.985924 -0.0985885 0.438817 
1535113430551 0.248681 0.926547 -0.282257 -0.639797 -0.937598 0.303398 0.169881 -0.25177 0.243038 0.222397 0.944178 0.374291 0.149124 -0.118113 0.981739 0.377319 -0.978915 0.122533 0.163436 -0.492349 -0.139599 -0.985411 -0.0973497 0.438684 
