1534195991454 0.0196447 0.683499 -0.729687 -0.516188 -0.962896 0.20941 0.170232 -0.262734 0.269157 0.699268 0.662253 0.448091 0.16008 -0.304787 0.938871 0.370831 -0.775623 0.549475 0.310623 -0.528794 -0.61056 -0.777934 -0.14844 0.432481 
1534195991467 0.0299697 0.701608 -0.711933 -0.526575 -0.962382 0.212678 0.16908 -0.260334 0.27004 0.680084 0.681589 0.444796 0.316223 -0.384865 0.867111 0.400804 -0.930002 -0.306261 0.203225 -0.504321 0.187348 -0.87068 -0.454772 0.485875 
1534195992228 0.0402429 0.71922 -0.693616 -0.536995 -0.961826 0.215941 0.168108 -0.258124 0.270687 0.660373 0.700454 0.441419 0.316223 -0.384865 0.867111 0.400804 -0.930002 -0.306261 0.203225 -0.504321 0.187348 -0.87068 -0.454772 0.485875 
1534195992978 0.0504976 0.736297 -0.674772 -0.547436 -0.961234 0.21921 0.167262 -0.255997 0.271071 0.640167 0.718823 0.438007 0.316223 -0.384865 0.867111 0.400804 -0.930002 -0.306261 0.203225 -0.504321 0.187348 -0.87068 -0.454772 0.485875 
1534195993714 0.0607493 0.752812 -0.655426 -0.557888 -0.96061 0.22249 0.166513 -0.253891 0.271178 0.619494 0.736675 0.434586 0.316223 -0.384865 0.867111 0.400804 -0.930002 -0.306261 0.203225 -0.504321 0.187348 -0.87068 -0.454772 0.485875 
1534195994444 0.0710001 0.768746 -0.6356 -0.568344 -0.959956 0.225784 0.165849 -0.25178 0.271004 0.598373 0.753994 0.431168 0.316223 -0.384865 0.867111 0.400804 -0.930002 -0.306261 0.203225 -0.504321 0.187348 -0.87068 -0.454772 0.485875 
1534195995219 0.0812449 0.784087 -0.615311 -0.578799 -0.959273 0.22909 0.165267 -0.249655 0.270545 0.576824 0.770766 0.427756 0.316223 -0.384865 0.867111 0.400804 -0.930002 -0.306261 0.203225 -0.504321 0.187348 -0.87068 -0.454772 0.485875 
1534195995942 0.0914757 0.798822 -0.594572 -0.589251 -0.95856 0.232407 0.164769 -0.247519 0.269804 0.554861 0.786979 0.424349 0.316223 -0.384865 0.867111 0.400804 -0.930002 -0.306261 0.203225 -0.504321 0.187348 -0.87068 -0.454772 0.485875 
1534195996671 0.101684 0.812941 -0.5734 -0.599701 -0.957819 0.235732 0.164355 -0.245373 0.26878 0.532502 0.80262 0.420946 0.316223 -0.384865 0.867111 0.400804 -0.930002 -0.306261 0.203225 -0.504321 0.187348 -0.87068 -0.454772 0.485875 
1534195997447 0.112267 0.826136 -0.552173 -0.608866 -0.957066 0.239349 0.163513 -0.24193 0.267246 0.510109 0.817538 0.418007 0.316334 -0.384956 0.867031 0.401168 -0.929993 -0.306204 0.203353 -0.504979 0.187206 -0.87066 -0.454869 0.486184 
1534195998165 0.112223 0.825715 -0.552812 -0.608644 -0.957053 0.239474 0.163407 -0.242105 0.267312 0.510732 0.817127 0.418119 0.316334 -0.384956 0.867031 0.401168 -0.929993 -0.306204 0.203353 -0.504979 0.187206 -0.87066 -0.454869 0.486184 
1534195998176 0.113925 0.827499 -0.549788 -0.609547 -0.956961 0.240082 0.163056 -0.241939 0.266922 0.507549 0.819235 0.417498 0.316221 -0.384863 0.867113 0.400796 -0.930002 -0.306262 0.203223 -0.504306 0.187351 -0.87068 -0.45477 0.485868 
1534195998439 0.115624 0.829272 -0.546753 -0.610454 -0.956867 0.24069 0.162708 -0.241776 0.266527 0.504357 0.821333 0.416876 0.31622 -0.384863 0.867113 0.400796 -0.930002 -0.306262 0.203222 -0.504305 0.187351 -0.87068 -0.45477 0.485867 
1534195998713 0.117322 0.831032 -0.54371 -0.61136 -0.956772 0.2413 0.162362 -0.241614 0.266126 0.501158 0.823418 0.416254 0.316221 -0.384863 0.867113 0.400795 -0.930002 -0.306262 0.203223 -0.504305 0.187351 -0.87068 -0.45477 0.485867 
1534195998997 0.119018 0.83278 -0.540659 -0.612268 -0.956676 0.241911 0.162019 -0.241452 0.265717 0.497952 0.825493 0.415632 0.31622 -0.384863 0.867113 0.400795 -0.930002 -0.306262 0.203222 -0.504305 0.187352 -0.87068 -0.454769 0.485867 
1534195999003 0.120713 0.834515 -0.537599 -0.613175 -0.956579 0.242523 0.161678 -0.24129 0.265303 0.494739 0.827555 0.415009 0.31622 -0.384863 0.867113 0.400795 -0.930002 -0.306262 0.203222 -0.504304 0.187352 -0.87068 -0.454769 0.485867 
1534195999384 0.122406 0.836237 -0.534532 -0.614082 -0.95648 0.243136 0.161339 -0.241127 0.264881 0.49152 0.829606 0.414387 0.31622 -0.384863 0.867113 0.400795 -0.930002 -0.306262 0.203222 -0.504304 0.187352 -0.87068 -0.454769 0.485867 
1534195999661 0.124097 0.837947 -0.531456 -0.61499 -0.956381 0.24375 0.161002 -0.240966 0.264454 0.488294 0.831645 0.413765 0.31622 -0.384863 0.867113 0.400795 -0.930002 -0.306262 0.203222 -0.504304 0.187351 -0.87068 -0.454769 0.485867 
1534195999937 0.125787 0.839643 -0.528373 -0.615896 -0.95628 0.244366 0.160668 -0.240804 0.26402 0.485062 0.833672 0.413143 0.31622 -0.384863 0.867113 0.400795 -0.930002 -0.306262 0.203222 -0.504304 0.187351 -0.87068 -0.454769 0.485867 
1534196000223 0.127474 0.841327 -0.525281 -0.616804 -0.956178 0.244982 0.160336 -0.240642 0.263579 0.481823 0.835687 0.41252 0.31622 -0.384863 0.867113 0.400795 -0.930002 -0.306262 0.203222 -0.504304 0.187351 -0.87068 -0.454769 0.485867 
1534196000521 0.127201 0.841044 -0.525799 -0.616569 -0.95621 0.244858 0.160337 -0.2407 0.263597 0.482379 0.835361 0.412683 0.31622 -0.384863 0.867113 0.400795 -0.930002 -0.306262 0.203222 -0.504304 0.187351 -0.87068 -0.454769 0.485867 
1534196000536 0.127259 0.841692 -0.524747 -0.616823 -0.956077 0.244933 0.161008 -0.24079 0.264047 0.481209 0.835893 0.412618 0.31622 -0.384863 0.867113 0.400795 -0.930002 -0.306262 0.203222 -0.504304 0.187351 -0.87068 -0.454769 0.485867 
1534196000674 0.127317 0.84234 -0.523692 -0.617083 -0.955945 0.245006 0.161681 -0.240885 0.264499 0.480036 0.836424 0.41255 0.31622 -0.384863 0.867113 0.400795 -0.930002 -0.306262 0.203222 -0.504304 0.187351 -0.87068 -0.454769 0.485867 
1534196000834 0.127375 0.842987 -0.522636 -0.617342 -0.955812 0.245079 0.162354 -0.240979 0.26495 0.478862 0.836954 0.412483 0.31622 -0.384863 0.867113 0.400795 -0.930002 -0.306262 0.203222 -0.504304 0.187351 -0.87068 -0.454769 0.485867 
1534196001000 0.127434 0.843632 -0.52158 -0.617601 -0.955679 0.245151 0.163027 -0.241074 0.265401 0.477688 0.837483 0.412416 0.31622 -0.384863 0.867113 0.400795 -0.930002 -0.306262 0.203222 -0.504304 0.187351 -0.87068 -0.454769 0.485867 
1534196001007 0.127493 0.844276 -0.520522 -0.617861 -0.955546 0.245222 0.1637 -0.241169 0.265851 0.476512 0.838009 0.412349 0.31622 -0.384863 0.867113 0.400795 -0.930002 -0.306262 0.203222 -0.504304 0.187351 -0.87068 -0.454769 0.485867 
1534196001233 0.127553 0.844919 -0.519464 -0.61812 -0.955413 0.245292 0.164373 -0.241263 0.266302 0.475336 0.838534 0.412282 0.31622 -0.384863 0.867113 0.400795 -0.930002 -0.306262 0.203222 -0.504304 0.187351 -0.87068 -0.454769 0.485867 
1534196001397 0.127614 0.84556 -0.518405 -0.61838 -0.955279 0.245361 0.165046 -0.241358 0.266752 0.474159 0.839057 0.412215 0.31622 -0.384863 0.867113 0.400795 -0.930002 -0.306262 0.203222 -0.504304 0.187351 -0.87068 -0.454769 0.485867 
1534196001404 0.127675 0.846199 -0.517345 -0.618638 -0.955145 0.245429 0.165719 -0.241452 0.267203 0.472981 0.839578 0.412148 0.31622 -0.384863 0.867113 0.400795 -0.930002 -0.306262 0.203222 -0.504304 0.187351 -0.87068 -0.454769 0.485867 
1534196001638 0.127737 0.846838 -0.516284 -0.618899 -0.955011 0.245496 0.166392 -0.241547 0.267653 0.471802 0.840098 0.412081 0.31622 -0.384863 0.867113 0.400795 -0.930002 -0.306262 0.203222 -0.504304 0.187351 -0.87068 -0.454769 0.485867 
1534196001836 0.127697 0.846604 -0.516677 -0.618758 -0.955097 0.245396 0.166042 -0.241551 0.267362 0.472274 0.839925 0.412154 0.31622 -0.384863 0.867113 0.400795 -0.930002 -0.306262 0.203222 -0.504304 0.187351 -0.87068 -0.454769 0.485867 
1534196001849 0.127219 0.846619 -0.51677 -0.618789 -0.955082 0.245146 0.166497 -0.24169 0.267644 0.472376 0.839778 0.412181 0.31622 -0.384863 0.867113 0.400795 -0.930002 -0.306262 0.203222 -0.504304 0.187351 -0.87068 -0.45477 0.485867 
1534196001865 0.126761 0.846689 -0.516768 -0.618838 -0.955073 0.244879 0.166943 -0.241868 0.267895 0.47239 0.839691 0.412196 0.31622 -0.384863 0.867113 0.400795 -0.930002 -0.306262 0.203222 -0.504304 0.187351 -0.87068 -0.45477 0.485867 
1534196002024 0.126303 0.846758 -0.516767 -0.618887 -0.955063 0.244613 0.167389 -0.242046 0.268146 0.472403 0.839603 0.41221 0.31622 -0.384863 0.867113 0.400795 -0.930002 -0.306262 0.203222 -0.504304 0.187351 -0.87068 -0.45477 0.485867 
1534196002147 0.125845 0.846828 -0.516765 -0.618935 -0.955053 0.244346 0.167834 -0.242224 0.268396 0.472417 0.839515 0.412225 0.31622 -0.384863 0.867113 0.400795 -0.930002 -0.306262 0.203222 -0.504304 0.187351 -0.87068 -0.45477 0.485867 
1534196002255 0.125386 0.846897 -0.516762 -0.618985 -0.955043 0.244079 0.16828 -0.242402 0.268647 0.47243 0.839428 0.41224 0.31622 -0.384863 0.867113 0.400795 -0.930002 -0.306262 0.203222 -0.504304 0.187351 -0.87068 -0.45477 0.485867 
1534196002378 0.124928 0.846966 -0.51676 -0.619032 -0.955033 0.243813 0.168725 -0.242579 0.268897 0.472444 0.83934 0.412255 0.31622 -0.384863 0.867113 0.400795 -0.930002 -0.306262 0.203222 -0.504304 0.187351 -0.87068 -0.45477 0.485867 
1534196002493 0.12447 0.847036 -0.516757 -0.619082 -0.955022 0.243546 0.169171 -0.242758 0.269148 0.472457 0.839252 0.412269 0.31622 -0.384863 0.867113 0.400795 -0.930002 -0.306262 0.203222 -0.504304 0.187351 -0.87068 -0.45477 0.485867 
1534196002605 0.124012 0.847105 -0.516754 -0.61913 -0.955011 0.243279 0.169616 -0.242935 0.269398 0.472471 0.839164 0.412284 0.31622 -0.384863 0.867113 0.400795 -0.930002 -0.306262 0.203222 -0.504304 0.187351 -0.87068 -0.45477 0.485867 
1534196002719 0.123553 0.847174 -0.516751 -0.61918 -0.955 0.243012 0.170062 -0.243114 0.269649 0.472485 0.839075 0.412298 0.31622 -0.384863 0.867113 0.400795 -0.930002 -0.306262 0.203222 -0.504304 0.187351 -0.87068 -0.45477 0.485867 
1534196002845 0.123828 0.847129 -0.516758 -0.619163 -0.955039 0.243115 0.169691 -0.242919 0.269382 0.472512 0.839146 0.412252 0.31622 -0.384863 0.867113 0.400795 -0.930002 -0.306262 0.203222 -0.504304 0.187351 -0.87068 -0.45477 0.485867 
1534196002856 0.123582 0.847068 -0.516917 -0.61908 -0.955135 0.242826 0.169568 -0.243104 0.269156 0.47277 0.839073 0.41226 0.31622 -0.384863 0.867113 0.400795 -0.930002 -0.306262 0.203222 -0.504304 0.187351 -0.87068 -0.45477 0.485867 
1534196002872 0.123336 0.847008 -0.517074 -0.618996 -0.95523 0.242536 0.169445 -0.243292 0.268931 0.473026 0.839001 0.412266 0.31622 -0.384863 0.867113 0.400795 -0.930002 -0.306262 0.203222 -0.504304 0.187351 -0.87068 -0.45477 0.485867 
1534196002888 0.123089 0.846948 -0.517232 -0.618914 -0.955325 0.242246 0.169323 -0.243481 0.268705 0.473283 0.838929 0.412272 0.31622 -0.384863 0.867113 0.400795 -0.930002 -0.306262 0.203222 -0.504304 0.187351 -0.87068 -0.45477 0.485867 
1534196002896 0.122843 0.846887 -0.517389 -0.618831 -0.95542 0.241956 0.169201 -0.24367 0.26848 0.473539 0.838856 0.412278 0.31622 -0.384863 0.867113 0.400795 -0.930002 -0.306262 0.203222 -0.504304 0.187351 -0.87068 -0.45477 0.485867 
1534196003033 0.122597 0.846827 -0.517546 -0.618748 -0.955515 0.241666 0.169079 -0.243858 0.268254 0.473795 0.838784 0.412285 0.31622 -0.384863 0.867113 0.400795 -0.930002 -0.306262 0.203222 -0.504304 0.187351 -0.87068 -0.45477 0.485867 
1534196003070 0.12235 0.846766 -0.517704 -0.618667 -0.95561 0.241376 0.168958 -0.244047 0.268029 0.474051 0.838711 0.41229 0.31622 -0.384863 0.867113 0.400795 -0.930002 -0.306262 0.203222 -0.504304 0.187351 -0.87068 -0.45477 0.485867 
1534196003133 0.122105 0.846706 -0.517861 -0.618584 -0.955705 0.241086 0.168835 -0.244235 0.267803 0.474307 0.838638 0.412297 0.31622 -0.384863 0.867113 0.400795 -0.930002 -0.306262 0.203222 -0.504304 0.187351 -0.87068 -0.45477 0.485867 
1534196003187 0.121858 0.846645 -0.518018 -0.618503 -0.9558 0.240796 0.168714 -0.244425 0.267578 0.474562 0.838566 0.412302 0.31622 -0.384863 0.867113 0.400795 -0.930002 -0.306262 0.203222 -0.504304 0.187351 -0.87068 -0.45477 0.485867 
1534196003193 0.121612 0.846584 -0.518176 -0.61842 -0.955894 0.240506 0.168592 -0.244614 0.267352 0.474818 0.838493 0.412309 0.31622 -0.384863 0.867113 0.400795 -0.930002 -0.306262 0.203222 -0.504304 0.187351 -0.87068 -0.45477 0.485867 
1534196003313 0.122025 0.846617 -0.518024 -0.618603 -0.955746 0.240997 0.168732 -0.244275 0.267694 0.47451 0.838558 0.412189 0.31622 -0.384863 0.867113 0.400795 -0.930002 -0.306262 0.203222 -0.504304 0.187351 -0.87068 -0.45477 0.485867 
1534196003326 0.121671 0.84667 -0.518022 -0.618326 -0.955806 0.24067 0.16886 -0.244424 0.267641 0.474582 0.838534 0.412204 0.31622 -0.384863 0.867113 0.400795 -0.930002 -0.306262 0.203222 -0.504304 0.187351 -0.87068 -0.45477 0.485867 
1534196003347 0.121318 0.846722 -0.518019 -0.618044 -0.955865 0.240342 0.168989 -0.244572 0.267589 0.474655 0.83851 0.412218 0.31622 -0.384863 0.867113 0.400795 -0.930002 -0.306262 0.203222 -0.504304 0.187351 -0.87068 -0.45477 0.485867 
1534196003455 0.120964 0.846774 -0.518017 -0.617762 -0.955925 0.240015 0.169118 -0.244719 0.267537 0.474728 0.838485 0.412233 0.31622 -0.384863 0.867113 0.400795 -0.930002 -0.306262 0.203222 -0.504304 0.187351 -0.87068 -0.45477 0.485867 
1534196003461 0.120611 0.846825 -0.518015 -0.61748 -0.955984 0.239688 0.169246 -0.244866 0.267484 0.474801 0.83846 0.412248 0.31622 -0.384863 0.867113 0.400795 -0.930002 -0.306262 0.203222 -0.504304 0.187351 -0.87068 -0.45477 0.485867 
1534196003618 0.120257 0.846877 -0.518013 -0.617199 -0.956043 0.239361 0.169375 -0.245013 0.267432 0.474874 0.838436 0.412263 0.31622 -0.384863 0.867113 0.400795 -0.930002 -0.306262 0.203222 -0.504304 0.187351 -0.87068 -0.45477 0.485867 
1534196003662 0.119903 0.846929 -0.518011 -0.616917 -0.956102 0.239034 0.169504 -0.24516 0.267379 0.474947 0.838411 0.412278 0.31622 -0.384863 0.867113 0.400795 -0.930002 -0.306262 0.203222 -0.504304 0.187351 -0.87068 -0.45477 0.485867 
1534196003668 0.11955 0.84698 -0.518008 -0.616636 -0.956161 0.238706 0.169632 -0.245307 0.267327 0.47502 0.838387 0.412293 0.31622 -0.384863 0.867113 0.400795 -0.930002 -0.306262 0.203222 -0.504304 0.187351 -0.87068 -0.45477 0.485867 
1534196003756 0.119196 0.847031 -0.518006 -0.616353 -0.95622 0.238379 0.169761 -0.245454 0.267275 0.475093 0.838362 0.412308 0.31622 -0.384863 0.867113 0.400795 -0.930002 -0.306262 0.203222 -0.504304 0.187351 -0.87068 -0.45477 0.485867 
1534196003898 0.118842 0.847082 -0.518004 -0.616072 -0.956279 0.238052 0.169889 -0.245601 0.267222 0.475166 0.838338 0.412323 0.31622 -0.384863 0.867113 0.400795 -0.930002 -0.306262 0.203222 -0.504304 0.187351 -0.87068 -0.45477 0.485867 
1534196003965 0.119413 0.846976 -0.518046 -0.616432 -0.95619 0.238577 0.169652 -0.24547 0.267285 0.475092 0.838359 0.412302 0.31622 -0.384863 0.867113 0.400795 -0.930002 -0.306262 0.203222 -0.504304 0.187351 -0.87068 -0.45477 0.485867 
1534196003978 0.118881 0.847101 -0.517965 -0.616145 -0.956139 0.238317 0.170305 -0.245544 0.267706 0.475001 0.838277 0.412343 0.31622 -0.384863 0.867113 0.400795 -0.930002 -0.306262 0.203222 -0.504304 0.187351 -0.87068 -0.45477 0.485867 
1534196003994 0.118348 0.847225 -0.517884 -0.615855 -0.956087 0.238057 0.170959 -0.245619 0.268126 0.474909 0.838194 0.412382 0.31622 -0.384863 0.867113 0.400795 -0.930002 -0.306262 0.203222 -0.504304 0.187351 -0.87068 -0.45477 0.485867 
1534196004060 0.117815 0.847349 -0.517802 -0.615565 -0.956035 0.237796 0.171612 -0.245695 0.268547 0.474818 0.838111 0.412421 0.31622 -0.384863 0.867113 0.400795 -0.930002 -0.306262 0.203222 -0.504304 0.187351 -0.87068 -0.45477 0.485867 
1534196004145 0.117283 0.847473 -0.51772 -0.615276 -0.955982 0.237536 0.172265 -0.24577 0.268967 0.474727 0.838028 0.41246 0.31622 -0.384863 0.867113 0.400795 -0.930002 -0.306262 0.203222 -0.504304 0.187351 -0.87068 -0.45477 0.485867 
1534196004223 0.11675 0.847597 -0.517638 -0.614987 -0.955929 0.237275 0.172918 -0.245845 0.269388 0.474637 0.837944 0.4125 0.31622 -0.384863 0.867113 0.400795 -0.930002 -0.306262 0.203222 -0.504304 0.187351 -0.87068 -0.45477 0.485867 
1534196004315 0.116217 0.847721 -0.517555 -0.614697 -0.955875 0.237014 0.173572 -0.245922 0.269808 0.474546 0.83786 0.412539 0.31622 -0.384863 0.867113 0.400795 -0.930002 -0.306262 0.203222 -0.504304 0.187351 -0.87068 -0.45477 0.485867 
1534196004382 0.115684 0.847845 -0.517472 -0.614408 -0.955821 0.236753 0.174225 -0.245997 0.270229 0.474455 0.837776 0.412578 0.31622 -0.384863 0.867113 0.400795 -0.930002 -0.306262 0.203222 -0.504304 0.187351 -0.87068 -0.45477 0.485867 
1534196004467 0.115152 0.847968 -0.517388 -0.614119 -0.955766 0.236492 0.174878 -0.246073 0.270649 0.474365 0.837692 0.412617 0.31622 -0.384863 0.867113 0.400795 -0.930002 -0.306262 0.203222 -0.504304 0.187351 -0.87068 -0.45477 0.485867 
1534196004545 0.114619 0.848091 -0.517304 -0.613829 -0.955711 0.236231 0.175531 -0.246148 0.271069 0.474274 0.837607 0.412657 0.31622 -0.384863 0.867113 0.400795 -0.930002 -0.306262 0.203222 -0.504304 0.187351 -0.87068 -0.45477 0.485867 
1534196004630 0.115289 0.847978 -0.517341 -0.614157 -0.955749 0.2366 0.174825 -0.246055 0.270651 0.474293 0.837732 0.412622 0.31622 -0.384863 0.867113 0.400795 -0.930002 -0.306262 0.203222 -0.504304 0.187351 -0.87068 -0.45477 0.485867 
1534196004642 0.114797 0.847979 -0.517448 -0.613951 -0.955745 0.236315 0.175232 -0.246084 0.270874 0.474433 0.837581 0.412685 0.31622 -0.384863 0.867113 0.400795 -0.930002 -0.306262 0.203222 -0.504304 0.187351 -0.87068 -0.45477 0.485867 
1534196004663 0.114304 0.84798 -0.517556 -0.613742 -0.955742 0.236029 0.175637 -0.246112 0.271095 0.474574 0.837429 0.412748 0.31622 -0.384863 0.867113 0.400795 -0.930002 -0.306262 0.203222 -0.504304 0.187351 -0.87068 -0.45477 0.485867 
1534196004680 0.113812 0.84798 -0.517665 -0.613531 -0.955737 0.235743 0.176043 -0.246138 0.271317 0.474716 0.837277 0.412811 0.31622 -0.384863 0.867113 0.400795 -0.930002 -0.306262 0.203222 -0.504304 0.187351 -0.87068 -0.45477 0.485867 
1534196004765 0.11332 0.84798 -0.517772 -0.613322 -0.955733 0.235458 0.176448 -0.246166 0.271538 0.474857 0.837125 0.412874 0.31622 -0.384863 0.867113 0.400795 -0.930002 -0.306262 0.203222 -0.504304 0.187351 -0.87068 -0.45477 0.485867 
1534196004843 0.112828 0.84798 -0.51788 -0.613112 -0.955728 0.235172 0.176853 -0.246192 0.271759 0.474999 0.836973 0.412937 0.31622 -0.384863 0.867113 0.400795 -0.930002 -0.306262 0.203222 -0.504304 0.187351 -0.87068 -0.45477 0.485867 
1534196004891 0.112336 0.84798 -0.517988 -0.612901 -0.955724 0.234887 0.177258 -0.246218 0.27198 0.47514 0.83682 0.413001 0.31622 -0.384863 0.867113 0.400795 -0.930002 -0.306262 0.203222 -0.504304 0.187351 -0.87068 -0.45477 0.485867 
1534196004972 0.111843 0.847979 -0.518095 -0.612692 -0.955718 0.234602 0.177664 -0.246246 0.272201 0.475282 0.836668 0.413064 0.31622 -0.384863 0.867113 0.400795 -0.930002 -0.306262 0.203222 -0.504304 0.187351 -0.87068 -0.45477 0.485867 
1534196005030 0.111351 0.847979 -0.518202 -0.612482 -0.955713 0.234316 0.178069 -0.246273 0.272422 0.475424 0.836516 0.413127 0.31622 -0.384863 0.867113 0.400795 -0.930002 -0.306262 0.203222 -0.504304 0.187351 -0.87068 -0.45477 0.485867 
1534196005112 0.110859 0.847978 -0.518309 -0.612271 -0.955707 0.234031 0.178474 -0.246299 0.272643 0.475566 0.836363 0.413191 0.31622 -0.384863 0.867113 0.400795 -0.930002 -0.306262 0.203222 -0.504304 0.187351 -0.87068 -0.45477 0.485867 
1534196005179 0.111535 0.847979 -0.518162 -0.612612 -0.955721 0.234412 0.177897 -0.246213 0.272317 0.475377 0.836577 0.413063 0.31622 -0.384863 0.867113 0.400795 -0.930002 -0.306262 0.203222 -0.504304 0.187351 -0.87068 -0.45477 0.485867 
1534196005190 0.111244 0.847964 -0.518249 -0.612452 -0.955747 0.234197 0.178042 -0.246253 0.272346 0.475509 0.836492 0.413085 0.31622 -0.384863 0.867113 0.400795 -0.930002 -0.306262 0.203222 -0.504304 0.187351 -0.87068 -0.45477 0.485867 
1534196005207 0.110953 0.847948 -0.518337 -0.612288 -0.955772 0.233984 0.178186 -0.246291 0.272375 0.475642 0.836407 0.413108 0.31622 -0.384863 0.867113 0.400795 -0.930002 -0.306262 0.203222 -0.504304 0.187351 -0.87068 -0.45477 0.485867 
1534196005223 0.110663 0.847932 -0.518425 -0.612124 -0.955798 0.233771 0.17833 -0.246329 0.272405 0.475775 0.836321 0.413131 0.31622 -0.384863 0.867113 0.400795 -0.930002 -0.306262 0.203222 -0.504304 0.187351 -0.87068 -0.45477 0.485867 
1534196005240 0.110373 0.847916 -0.518513 -0.61196 -0.955823 0.233559 0.178473 -0.246366 0.272434 0.475908 0.836236 0.413154 0.31622 -0.384863 0.867113 0.400795 -0.930002 -0.306262 0.203222 -0.504304 0.187351 -0.87068 -0.45477 0.485867 
1534196005282 0.110083 0.8479 -0.518601 -0.611797 -0.955848 0.233345 0.178617 -0.246405 0.272463 0.476041 0.836151 0.413176 0.31622 -0.384863 0.867113 0.400795 -0.930002 -0.306262 0.203222 -0.504304 0.187351 -0.87068 -0.45477 0.485867 
1534196005367 0.109793 0.847884 -0.518689 -0.611633 -0.955873 0.233133 0.178761 -0.246442 0.272492 0.476175 0.836066 0.413199 0.31622 -0.384863 0.867113 0.400795 -0.930002 -0.306262 0.203222 -0.504304 0.187351 -0.87068 -0.45477 0.485867 
1534196005398 0.109502 0.847868 -0.518777 -0.611469 -0.955898 0.23292 0.178905 -0.24648 0.272521 0.476307 0.835981 0.413222 0.31622 -0.384863 0.867113 0.400795 -0.930002 -0.306262 0.203222 -0.504304 0.187351 -0.87068 -0.45477 0.485867 
1534196005404 0.109213 0.847851 -0.518865 -0.611304 -0.955923 0.232707 0.179049 -0.246517 0.27255 0.476441 0.835895 0.413245 0.31622 -0.384863 0.867113 0.400795 -0.930002 -0.306262 0.203222 -0.504304 0.187351 -0.87068 -0.45477 0.485867 
1534196005510 0.108922 0.847835 -0.518953 -0.611141 -0.955948 0.232494 0.179192 -0.246555 0.272579 0.476574 0.83581 0.413268 0.31622 -0.384863 0.867113 0.400795 -0.930002 -0.306262 0.203222 -0.504304 0.187351 -0.87068 -0.45477 0.485867 
1534196005555 0.109709 0.847899 -0.518683 -0.611421 -0.955895 0.23304 0.178768 -0.24656 0.272451 0.476193 0.836068 0.413256 0.31622 -0.384863 0.867113 0.400795 -0.930002 -0.306262 0.203222 -0.504304 0.187351 -0.87068 -0.45477 0.485867 
1534196005569 0.109609 0.847958 -0.518608 -0.611305 -0.955933 0.232891 0.178754 -0.246562 0.272355 0.476161 0.836118 0.413257 0.31622 -0.384863 0.867113 0.400795 -0.930002 -0.306262 0.203222 -0.504304 0.187351 -0.87068 -0.45477 0.485867 
1534196005585 0.109509 0.848015 -0.518534 -0.611184 -0.955972 0.232743 0.17874 -0.246561 0.272259 0.476131 0.836166 0.413259 0.31622 -0.384863 0.867113 0.400795 -0.930002 -0.306262 0.203222 -0.504304 0.187351 -0.87068 -0.45477 0.485867 
1534196005602 0.109409 0.848073 -0.518461 -0.611061 -0.956011 0.232595 0.178724 -0.246559 0.272163 0.476101 0.836215 0.413262 0.31622 -0.384863 0.867113 0.400795 -0.930002 -0.306262 0.203222 -0.504304 0.187351 -0.87068 -0.45477 0.485867 
1534196005620 0.109308 0.848131 -0.518388 -0.610941 -0.95605 0.232447 0.17871 -0.246559 0.272067 0.47607 0.836264 0.413263 0.31622 -0.384863 0.867113 0.400795 -0.930002 -0.306262 0.203222 -0.504304 0.187351 -0.87068 -0.45477 0.485867 
1534196005635 0.109208 0.848188 -0.518315 -0.610819 -0.956089 0.232299 0.178695 -0.246558 0.271971 0.47604 0.836312 0.413266 0.31622 -0.384863 0.867113 0.400795 -0.930002 -0.306262 0.203222 -0.504304 0.187351 -0.87068 -0.45477 0.485867 
1534196005652 0.109108 0.848246 -0.518242 -0.610698 -0.956127 0.232151 0.17868 -0.246556 0.271875 0.47601 0.836361 0.413268 0.31622 -0.384863 0.867113 0.400795 -0.930002 -0.306262 0.203222 -0.504304 0.187351 -0.87068 -0.45477 0.485867 
1534196005745 0.109008 0.848303 -0.518168 -0.610577 -0.956166 0.232002 0.178665 -0.246555 0.271778 0.475979 0.836409 0.41327 0.31622 -0.384863 0.867113 0.400795 -0.930002 -0.306262 0.203222 -0.504304 0.187351 -0.87068 -0.45477 0.485867 
1534196005776 0.108908 0.848361 -0.518095 -0.610455 -0.956205 0.231854 0.17865 -0.246553 0.271682 0.475949 0.836458 0.413272 0.31622 -0.384863 0.867113 0.400795 -0.930002 -0.306262 0.203222 -0.504304 0.187351 -0.87068 -0.45477 0.485867 
1534196005806 0.108808 0.848418 -0.518022 -0.610334 -0.956244 0.231706 0.178635 -0.246552 0.271586 0.475918 0.836506 0.413275 0.31622 -0.384863 0.867113 0.400795 -0.930002 -0.306262 0.203222 -0.504304 0.187351 -0.87068 -0.45477 0.485867 
1534196005848 0.109119 0.848277 -0.518189 -0.610665 -0.956114 0.23217 0.178727 -0.246515 0.271918 0.475945 0.836383 0.413221 0.31622 -0.384863 0.867113 0.400795 -0.930002 -0.306262 0.203222 -0.504304 0.187351 -0.87068 -0.45477 0.485867 
1534196005862 0.109069 0.848252 -0.51824 -0.610554 -0.956136 0.23211 0.178688 -0.246516 0.271861 0.476019 0.83636 0.413227 0.31622 -0.384863 0.867113 0.400795 -0.930002 -0.306262 0.203222 -0.504304 0.187351 -0.87068 -0.45477 0.485867 
1534196005878 0.109019 0.848226 -0.518293 -0.610439 -0.956158 0.23205 0.178648 -0.246515 0.271804 0.476094 0.836336 0.413234 0.31622 -0.384863 0.867113 0.400795 -0.930002 -0.306262 0.203222 -0.504304 0.187351 -0.87068 -0.45477 0.485867 
1534196005894 0.108969 0.8482 -0.518345 -0.610325 -0.95618 0.23199 0.178607 -0.246513 0.271746 0.476169 0.836312 0.41324 0.31622 -0.384863 0.867113 0.400795 -0.930002 -0.306262 0.203222 -0.504304 0.187351 -0.87068 -0.45477 0.485867 
1534196005911 0.108919 0.848175 -0.518398 -0.61021 -0.956202 0.23193 0.178567 -0.246511 0.271688 0.476244 0.836288 0.413247 0.31622 -0.384863 0.867113 0.400795 -0.930002 -0.306262 0.203222 -0.504304 0.187351 -0.87068 -0.45477 0.485867 
1534196005928 0.10887 0.848149 -0.51845 -0.610094 -0.956224 0.231871 0.178526 -0.246508 0.27163 0.476319 0.836264 0.413254 0.31622 -0.384863 0.867113 0.400795 -0.930002 -0.306262 0.203222 -0.504304 0.187351 -0.87068 -0.45477 0.485867 
1534196005934 0.10882 0.848123 -0.518503 -0.60998 -0.956246 0.231811 0.178485 -0.246507 0.271572 0.476394 0.83624 0.413261 0.31622 -0.384863 0.867113 0.400795 -0.930002 -0.306262 0.203222 -0.504304 0.187351 -0.87068 -0.45477 0.485867 
1534196006050 0.108771 0.848097 -0.518556 -0.609864 -0.956268 0.231751 0.178444 -0.246505 0.271514 0.476469 0.836216 0.413268 0.31622 -0.384863 0.867113 0.400795 -0.930002 -0.306262 0.203222 -0.504304 0.187351 -0.87068 -0.45477 0.485867 
1534196006075 0.108721 0.848072 -0.518608 -0.60975 -0.95629 0.231691 0.178404 -0.246503 0.271456 0.476544 0.836192 0.413275 0.31622 -0.384863 0.867113 0.400795 -0.930002 -0.306262 0.203222 -0.504304 0.187351 -0.87068 -0.45477 0.485867 
1534196006100 0.108671 0.848046 -0.518661 -0.609635 -0.956312 0.231631 0.178364 -0.246502 0.271398 0.476619 0.836168 0.413282 0.31622 -0.384863 0.867113 0.400795 -0.930002 -0.306262 0.203222 -0.504304 0.187351 -0.87068 -0.45477 0.485867 
1534196006196 0.10867 0.848071 -0.51862 -0.609941 -0.956265 0.231704 0.178521 -0.246456 0.271565 0.476539 0.83616 0.413242 0.31622 -0.384863 0.867113 0.400795 -0.930002 -0.306262 0.203222 -0.504304 0.187351 -0.87068 -0.45477 0.485867 
1534196006207 0.108561 0.848006 -0.518749 -0.60985 -0.956287 0.231624 0.178511 -0.246452 0.271533 0.476693 0.836082 0.413272 0.31622 -0.384863 0.867113 0.400795 -0.930002 -0.306262 0.203222 -0.504304 0.187351 -0.87068 -0.45477 0.485867 
1534196006224 0.108454 0.84794 -0.518878 -0.609755 -0.956308 0.231544 0.178501 -0.246446 0.271502 0.476848 0.836004 0.413302 0.31622 -0.384863 0.867113 0.400795 -0.930002 -0.306262 0.203222 -0.504304 0.187351 -0.87068 -0.45477 0.485867 
1534196006230 0.108347 0.847875 -0.519008 -0.60966 -0.956329 0.231465 0.178491 -0.246439 0.27147 0.477003 0.835926 0.413333 0.31622 -0.384863 0.867113 0.400795 -0.930002 -0.306262 0.203222 -0.504304 0.187351 -0.87068 -0.45477 0.485867 
1534196006244 0.10824 0.847809 -0.519138 -0.609565 -0.95635 0.231386 0.17848 -0.246432 0.271439 0.477159 0.835847 0.413363 0.31622 -0.384863 0.867113 0.400795 -0.930002 -0.306262 0.203222 -0.504304 0.187351 -0.87068 -0.45477 0.485867 
1534196006263 0.108133 0.847743 -0.519268 -0.60947 -0.956371 0.231307 0.17847 -0.246425 0.271407 0.477314 0.835769 0.413394 0.31622 -0.384863 0.867113 0.400795 -0.930002 -0.306262 0.203222 -0.504304 0.187351 -0.87068 -0.45477 0.485867 
1534196006402 0.108026 0.847677 -0.519397 -0.609375 -0.956392 0.231228 0.17846 -0.246419 0.271376 0.477469 0.83569 0.413424 0.31622 -0.384863 0.867113 0.400795 -0.930002 -0.306262 0.203222 -0.504304 0.187351 -0.87068 -0.45477 0.485867 
1534196006425 0.107919 0.847611 -0.519527 -0.609279 -0.956413 0.231149 0.178449 -0.246411 0.271344 0.477625 0.835612 0.413455 0.31622 -0.384863 0.867113 0.400795 -0.930002 -0.306262 0.203222 -0.504304 0.187351 -0.87068 -0.45477 0.485867 
1534196006452 0.107811 0.847545 -0.519657 -0.609185 -0.956434 0.231069 0.178439 -0.246405 0.271312 0.47778 0.835533 0.413485 0.31622 -0.384863 0.867113 0.400795 -0.930002 -0.306262 0.203222 -0.504304 0.187351 -0.87068 -0.45477 0.485867 
1534196006512 0.107704 0.84748 -0.519787 -0.60909 -0.956455 0.23099 0.178429 -0.246399 0.271281 0.477935 0.835455 0.413516 0.31622 -0.384863 0.867113 0.400795 -0.930002 -0.306262 0.203222 -0.504304 0.187351 -0.87068 -0.45477 0.485867 
1534196006571 0.107968 0.847573 -0.51958 -0.609322 -0.95641 0.231197 0.178402 -0.24646 0.271333 0.47767 0.835589 0.413384 0.31622 -0.384863 0.867113 0.400795 -0.930002 -0.306262 0.203222 -0.504304 0.187351 -0.87068 -0.45477 0.485867 
1534196006584 0.107797 0.847555 -0.519645 -0.609247 -0.956403 0.231112 0.17855 -0.246483 0.271426 0.477743 0.835517 0.413385 0.31622 -0.384863 0.867113 0.400795 -0.930002 -0.306262 0.203222 -0.504304 0.187351 -0.87068 -0.45477 0.485867 
1534196006602 0.107625 0.847537 -0.519709 -0.609166 -0.956396 0.231026 0.178698 -0.246507 0.27152 0.477816 0.835446 0.413385 0.31622 -0.384863 0.867113 0.400795 -0.930002 -0.306262 0.203222 -0.504304 0.187351 -0.87068 -0.45477 0.485867 
1534196006618 0.107454 0.847519 -0.519774 -0.609088 -0.956389 0.230941 0.178846 -0.24653 0.271612 0.477888 0.835374 0.413385 0.31622 -0.384863 0.867113 0.400795 -0.930002 -0.306262 0.203222 -0.504304 0.187351 -0.87068 -0.45477 0.485867 
1534196006634 0.107282 0.847501 -0.51984 -0.609008 -0.956382 0.230856 0.178994 -0.246554 0.271705 0.477962 0.835301 0.413385 0.31622 -0.384863 0.867113 0.400795 -0.930002 -0.306262 0.203222 -0.504304 0.187351 -0.87068 -0.45477 0.485867 
1534196006651 0.107111 0.847482 -0.519905 -0.608927 -0.956375 0.230771 0.179142 -0.246577 0.271798 0.478036 0.835229 0.413386 0.31622 -0.384863 0.867113 0.400795 -0.930002 -0.306262 0.203222 -0.504304 0.187351 -0.87068 -0.45477 0.485867 
1534196006722 0.106939 0.847464 -0.519969 -0.608848 -0.956368 0.230686 0.179289 -0.2466 0.271891 0.478109 0.835157 0.413386 0.31622 -0.384863 0.867113 0.400795 -0.930002 -0.306262 0.203222 -0.504304 0.187351 -0.87068 -0.45477 0.485867 
1534196006738 0.106768 0.847446 -0.520034 -0.608769 -0.95636 0.230601 0.179437 -0.246623 0.271984 0.478182 0.835085 0.413386 0.31622 -0.384863 0.867113 0.400795 -0.930002 -0.306262 0.203222 -0.504304 0.187351 -0.87068 -0.45477 0.485867 
1534196006754 0.106597 0.847428 -0.520099 -0.608688 -0.956353 0.230517 0.179585 -0.246646 0.272077 0.478255 0.835013 0.413387 0.31622 -0.384863 0.867113 0.400795 -0.930002 -0.306262 0.203222 -0.504304 0.187351 -0.87068 -0.45477 0.485867 
1534196006775 0.106425 0.84741 -0.520164 -0.608609 -0.956346 0.230432 0.179733 -0.246669 0.27217 0.478329 0.83494 0.413387 0.31622 -0.384863 0.867113 0.400795 -0.930002 -0.306262 0.203222 -0.504304 0.187351 -0.87068 -0.45477 0.485867 
1534196006809 0.107296 0.847467 -0.519891 -0.608917 -0.956375 0.230889 0.17899 -0.246672 0.271725 0.478006 0.83527 0.41333 0.31622 -0.384863 0.867113 0.400795 -0.930002 -0.306262 0.203222 -0.504304 0.187351 -0.87068 -0.45477 0.485867 
1534196006822 0.107144 0.847406 -0.520022 -0.608854 -0.956394 0.230783 0.179023 -0.246707 0.271717 0.478165 0.835181 0.413355 0.31622 -0.384863 0.867113 0.400795 -0.930002 -0.306262 0.203222 -0.504304 0.187351 -0.87068 -0.45477 0.485867 
1534196006837 0.106991 0.847344 -0.520155 -0.608785 -0.956413 0.230679 0.179055 -0.24674 0.27171 0.478325 0.835092 0.413381 0.31622 -0.384863 0.867113 0.400795 -0.930002 -0.306262 0.203222 -0.504304 0.187351 -0.87068 -0.45477 0.485867 
1534196006854 0.106839 0.847282 -0.520287 -0.608717 -0.956433 0.230574 0.179087 -0.246772 0.271702 0.478486 0.835003 0.413406 0.31622 -0.384863 0.867113 0.400795 -0.930002 -0.306262 0.203222 -0.504304 0.187351 -0.87068 -0.45477 0.485867 
1534196006870 0.106687 0.84722 -0.520419 -0.608648 -0.956452 0.23047 0.179119 -0.246804 0.271694 0.478646 0.834913 0.413432 0.31622 -0.384863 0.867113 0.400795 -0.930002 -0.306262 0.203222 -0.504304 0.187351 -0.87068 -0.45477 0.485867 
1534196006887 0.106535 0.847158 -0.520552 -0.608579 -0.956471 0.230365 0.179152 -0.246836 0.271687 0.478807 0.834824 0.413458 0.31622 -0.384863 0.867113 0.400795 -0.930002 -0.306262 0.203222 -0.504304 0.187351 -0.87068 -0.45477 0.485867 
1534196006905 0.106384 0.847095 -0.520685 -0.608509 -0.95649 0.230261 0.179184 -0.246867 0.271679 0.478967 0.834734 0.413484 0.31622 -0.384863 0.867113 0.400795 -0.930002 -0.306262 0.203222 -0.504304 0.187351 -0.87068 -0.45477 0.485867 
1534196006910 0.106231 0.847033 -0.520817 -0.608442 -0.956509 0.230156 0.179216 -0.2469 0.271671 0.479128 0.834645 0.41351 0.31622 -0.384863 0.867113 0.400795 -0.930002 -0.306262 0.203222 -0.504304 0.187351 -0.87068 -0.45477 0.485867 
1534196006975 0.106079 0.846971 -0.520949 -0.608374 -0.956528 0.230052 0.179248 -0.246933 0.271663 0.479288 0.834555 0.413536 0.31622 -0.384863 0.867113 0.400795 -0.930002 -0.306262 0.203222 -0.504304 0.187351 -0.87068 -0.45477 0.485867 
1534196006996 0.105928 0.846908 -0.521082 -0.608304 -0.956547 0.229947 0.17928 -0.246964 0.271655 0.479448 0.834465 0.413562 0.31622 -0.384863 0.867113 0.400795 -0.930002 -0.306262 0.203222 -0.504304 0.187351 -0.87068 -0.45477 0.485867 
1534196007047 0.106291 0.847069 -0.520746 -0.608631 -0.956481 0.23023 0.179272 -0.246755 0.271747 0.479029 0.834677 0.413414 0.31622 -0.384863 0.867113 0.400795 -0.930002 -0.306262 0.203222 -0.504304 0.187351 -0.87068 -0.45477 0.485867 
1534196007058 0.106147 0.847074 -0.520768 -0.608528 -0.956521 0.23007 0.179263 -0.246784 0.271663 0.479097 0.834665 0.413442 0.31622 -0.384863 0.867113 0.400795 -0.930002 -0.306262 0.203222 -0.504304 0.187351 -0.87068 -0.45477 0.485867 
1534196007075 0.106005 0.847078 -0.52079 -0.608421 -0.956561 0.229912 0.179253 -0.24681 0.271577 0.479165 0.834653 0.413472 0.31622 -0.384863 0.867113 0.400795 -0.930002 -0.306262 0.203222 -0.504304 0.187351 -0.87068 -0.45477 0.485867 
1534196007092 0.105862 0.847082 -0.520812 -0.608314 -0.956601 0.229753 0.179243 -0.246837 0.271492 0.479234 0.834642 0.413501 0.31622 -0.384863 0.867113 0.400795 -0.930002 -0.306262 0.203222 -0.504304 0.187351 -0.87068 -0.45477 0.485867 
1534196007108 0.10572 0.847087 -0.520834 -0.608207 -0.956641 0.229594 0.179233 -0.246862 0.271406 0.479302 0.83463 0.41353 0.31622 -0.384863 0.867113 0.400795 -0.930002 -0.306262 0.203222 -0.504304 0.187351 -0.87068 -0.45477 0.485867 
1534196007125 0.105578 0.847091 -0.520856 -0.608099 -0.956681 0.229436 0.179222 -0.246888 0.271321 0.479371 0.834619 0.41356 0.31622 -0.384863 0.867113 0.400795 -0.930002 -0.306262 0.203222 -0.504304 0.187351 -0.87068 -0.45477 0.485867 
1534196007132 0.105435 0.847095 -0.520877 -0.607993 -0.956721 0.229277 0.179212 -0.246914 0.271235 0.479439 0.834607 0.413589 0.31622 -0.384863 0.867113 0.400795 -0.930002 -0.306262 0.203222 -0.504304 0.187351 -0.87068 -0.45477 0.485867 
1534196007237 0.105293 0.847099 -0.5209 -0.607884 -0.956761 0.229119 0.179202 -0.246939 0.271149 0.479508 0.834596 0.413619 0.31622 -0.384863 0.867113 0.400795 -0.930002 -0.306262 0.203222 -0.504304 0.187351 -0.87068 -0.45477 0.485867 
1534196007264 0.10515 0.847103 -0.520922 -0.607778 -0.956801 0.22896 0.179191 -0.246966 0.271064 0.479576 0.834584 0.413648 0.31622 -0.384863 0.867113 0.400795 -0.930002 -0.306262 0.203222 -0.504304 0.187351 -0.87068 -0.45477 0.485867 
1534196007294 0.105008 0.847107 -0.520944 -0.607669 -0.956841 0.228802 0.179181 -0.246991 0.270978 0.479645 0.834573 0.413677 0.31622 -0.384863 0.867113 0.400795 -0.930002 -0.306262 0.203222 -0.504304 0.187351 -0.87068 -0.45477 0.485867 
1534196007328 0.105408 0.847233 -0.520659 -0.608007 -0.956672 0.229299 0.179443 -0.246779 0.271417 0.479185 0.834694 0.413669 0.31622 -0.384863 0.867113 0.400795 -0.930002 -0.306262 0.203222 -0.504304 0.187351 -0.87068 -0.45477 0.485867 
1534196007341 0.104961 0.847325 -0.5206 -0.60783 -0.956688 0.228968 0.179784 -0.246839 0.271536 0.479181 0.834658 0.413692 0.31622 -0.384863 0.867113 0.400795 -0.930002 -0.306262 0.203222 -0.504304 0.187351 -0.87068 -0.45477 0.485867 
1534196007359 0.104513 0.847416 -0.520541 -0.607653 -0.956703 0.228637 0.180125 -0.246901 0.271656 0.479177 0.834621 0.413713 0.31622 -0.384863 0.867113 0.400795 -0.930002 -0.306262 0.203222 -0.504304 0.187351 -0.87068 -0.45477 0.485867 
1534196007389 0.104065 0.847508 -0.520481 -0.607476 -0.956717 0.228306 0.180467 -0.246963 0.271776 0.479173 0.834584 0.413734 0.31622 -0.384863 0.867113 0.400795 -0.930002 -0.306262 0.203222 -0.504304 0.187351 -0.87068 -0.45477 0.485867 
1534196007494 0.103617 0.8476 -0.520421 -0.6073 -0.956732 0.227974 0.180809 -0.247027 0.271896 0.479168 0.834548 0.413755 0.31622 -0.384863 0.867113 0.400795 -0.930002 -0.306262 0.203222 -0.504304 0.187351 -0.87068 -0.45477 0.485867 
1534196007545 0.10317 0.847691 -0.520361 -0.607123 -0.956746 0.227643 0.181151 -0.247088 0.272016 0.479164 0.834511 0.413776 0.31622 -0.384863 0.867113 0.400795 -0.930002 -0.306262 0.203222 -0.504304 0.187351 -0.87068 -0.45477 0.485867 
1534196007624 0.102722 0.847783 -0.520301 -0.606947 -0.95676 0.227311 0.181493 -0.247152 0.272137 0.47916 0.834474 0.413797 0.31622 -0.384863 0.867113 0.400795 -0.930002 -0.306262 0.203222 -0.504304 0.187351 -0.87068 -0.45477 0.485867 
1534196007682 0.102274 0.847874 -0.52024 -0.60677 -0.956774 0.22698 0.181834 -0.247214 0.272257 0.479156 0.834438 0.413818 0.31622 -0.384863 0.867113 0.400795 -0.930002 -0.306262 0.203222 -0.504304 0.187351 -0.87068 -0.45477 0.485867 
1534196007755 0.101826 0.847965 -0.52018 -0.606593 -0.956788 0.226649 0.182175 -0.247276 0.272377 0.479152 0.834401 0.41384 0.31622 -0.384863 0.867113 0.400795 -0.930002 -0.306262 0.203222 -0.504304 0.187351 -0.87068 -0.45477 0.485867 
1534196007807 0.101378 0.848056 -0.520119 -0.606417 -0.956801 0.226317 0.182518 -0.24734 0.272497 0.479147 0.834364 0.41386 0.31622 -0.384863 0.867113 0.400795 -0.930002 -0.306262 0.203222 -0.504304 0.187351 -0.87068 -0.45477 0.485867 
1534196007892 0.101969 0.847892 -0.52027 -0.606728 -0.956765 0.226802 0.182105 -0.2472 0.272404 0.479207 0.83436 0.413805 0.31622 -0.384863 0.867113 0.400795 -0.930002 -0.306262 0.203222 -0.504304 0.187351 -0.87068 -0.45477 0.485867 
1534196007905 0.101702 0.847871 -0.520357 -0.606572 -0.95677 0.226636 0.182284 -0.247244 0.272485 0.479323 0.834267 0.413819 0.31622 -0.384863 0.867113 0.400795 -0.930002 -0.306262 0.203222 -0.504304 0.187351 -0.87068 -0.45477 0.485867 
1534196007922 0.101435 0.84785 -0.520444 -0.60641 -0.956775 0.22647 0.182463 -0.247286 0.272566 0.47944 0.834173 0.413833 0.31622 -0.384863 0.867113 0.400795 -0.930002 -0.306262 0.203222 -0.504304 0.187351 -0.87068 -0.45477 0.485867 
1534196007936 0.101169 0.847828 -0.520531 -0.606248 -0.95678 0.226304 0.182642 -0.247328 0.272647 0.479556 0.83408 0.413848 0.31622 -0.384863 0.867113 0.400795 -0.930002 -0.306262 0.203222 -0.504304 0.187351 -0.87068 -0.45477 0.485867 
1534196007953 0.100903 0.847806 -0.520619 -0.606087 -0.956785 0.226138 0.18282 -0.24737 0.272728 0.479673 0.833986 0.413862 0.31622 -0.384863 0.867113 0.400795 -0.930002 -0.306262 0.203222 -0.504304 0.187351 -0.87068 -0.45477 0.485867 
1534196008027 0.100636 0.847784 -0.520706 -0.605925 -0.95679 0.225973 0.182998 -0.247411 0.272808 0.47979 0.833893 0.413877 0.31622 -0.384863 0.867113 0.400795 -0.930002 -0.306262 0.203222 -0.504304 0.187351 -0.87068 -0.45477 0.485867 
1534196008103 0.10037 0.847762 -0.520793 -0.605764 -0.956795 0.225807 0.183177 -0.247453 0.272889 0.479907 0.833799 0.413891 0.31622 -0.384863 0.867113 0.400795 -0.930002 -0.306262 0.203222 -0.504304 0.187351 -0.87068 -0.45477 0.485867 
1534196008134 0.100104 0.84774 -0.52088 -0.605602 -0.9568 0.225641 0.183355 -0.247494 0.27297 0.480024 0.833706 0.413906 0.31622 -0.384863 0.867113 0.400795 -0.930002 -0.306262 0.203222 -0.504304 0.187351 -0.87068 -0.45477 0.485867 
