1534166822016 0.280909 0.895779 -0.344486 -0.51564 -0.945549 0.319799 0.0605418 -0.23239 0.164398 0.308721 0.936837 0.359134 0.16008 -0.304787 0.938871 0.370831 -0.775623 0.549475 0.310623 -0.528794 -0.61056 -0.777934 -0.14844 0.432481 
1534166822027 0.284864 0.896393 -0.339606 -0.523611 -0.944708 0.322565 0.058986 -0.231728 0.162419 0.304025 0.938717 0.358381 0.316231 -0.384871 0.867106 0.40083 -0.930001 -0.306257 0.203234 -0.504368 0.187338 -0.870678 -0.454779 0.485897 
1534166822034 0.288848 0.896963 -0.3347 -0.531458 -0.94385 0.325355 0.0573698 -0.230937 0.160355 0.299336 0.940577 0.357453 0.316231 -0.384871 0.867106 0.40083 -0.930001 -0.306257 0.203234 -0.504368 0.187338 -0.870678 -0.454779 0.485897 
1534166823137 0.292819 0.897498 -0.32978 -0.539304 -0.942978 0.328149 0.0557681 -0.230146 0.158269 0.294645 0.942409 0.356524 0.316231 -0.384871 0.867106 0.40083 -0.930001 -0.306257 0.203234 -0.504368 0.187338 -0.870678 -0.454779 0.485897 
1534166823681 0.296775 0.897998 -0.324844 -0.547148 -0.942092 0.330948 0.054181 -0.229353 0.156161 0.289954 0.944214 0.355593 0.316231 -0.384871 0.867106 0.40083 -0.930001 -0.306257 0.203234 -0.504368 0.187338 -0.870678 -0.454779 0.485897 
1534166824227 0.300718 0.898463 -0.319894 -0.55499 -0.941192 0.333751 0.0526084 -0.228559 0.154032 0.285261 0.945992 0.35466 0.316231 -0.384871 0.867106 0.40083 -0.930001 -0.306257 0.203234 -0.504368 0.187338 -0.870678 -0.454779 0.485897 
1534166824782 0.304647 0.898894 -0.314929 -0.562829 -0.940278 0.336558 0.0510502 -0.227764 0.15188 0.280568 0.947741 0.353724 0.316231 -0.384871 0.867106 0.40083 -0.930001 -0.306257 0.203234 -0.504368 0.187338 -0.870678 -0.454779 0.485897 
1534166825337 0.308562 0.899289 -0.309949 -0.570665 -0.939349 0.33937 0.0495062 -0.226967 0.149708 0.275875 0.949463 0.352786 0.316231 -0.384871 0.867106 0.40083 -0.930001 -0.306257 0.203234 -0.504368 0.187338 -0.870678 -0.454779 0.485897 
1534166825903 0.312462 0.89965 -0.304955 -0.578497 -0.938407 0.342185 0.0479765 -0.226167 0.147513 0.271181 0.951157 0.351845 0.316231 -0.384871 0.867106 0.40083 -0.930001 -0.306257 0.203234 -0.504368 0.187338 -0.870678 -0.454779 0.485897 
1534166826468 0.316322 0.899935 -0.300096 -0.586086 -0.937435 0.345032 0.0465655 -0.225343 0.145448 0.266591 0.952772 0.351561 0.316442 -0.385045 0.866951 0.401525 -0.929984 -0.306148 0.203478 -0.505625 0.187068 -0.87064 -0.454964 0.486487 
1534166827042 0.316367 0.899728 -0.300667 -0.585867 -0.937345 0.345242 0.0468279 -0.225344 0.145935 0.267014 0.952579 0.351552 0.316442 -0.385045 0.866951 0.401525 -0.929984 -0.306148 0.203478 -0.505625 0.187068 -0.87064 -0.454964 0.486487 
1534166827052 0.316756 0.899783 -0.300092 -0.586692 -0.937258 0.345504 0.0466391 -0.225264 0.145648 0.266491 0.952769 0.351386 0.31622 -0.384863 0.867113 0.400795 -0.930002 -0.306262 0.203222 -0.504304 0.187351 -0.87068 -0.454769 0.485867 
1534166827298 0.317146 0.899837 -0.299518 -0.587513 -0.937171 0.345765 0.0464488 -0.22518 0.145359 0.265969 0.952959 0.351215 0.31622 -0.384863 0.867113 0.400795 -0.930002 -0.306262 0.203222 -0.504304 0.187351 -0.87068 -0.454769 0.485867 
1534166827489 0.317535 0.899891 -0.298944 -0.588333 -0.937084 0.346026 0.0462586 -0.225097 0.14507 0.265447 0.953149 0.351044 0.31622 -0.384863 0.867113 0.400795 -0.930002 -0.306262 0.203222 -0.504304 0.187351 -0.87068 -0.454769 0.485867 
1534166827679 0.317924 0.899945 -0.298369 -0.589154 -0.936997 0.346287 0.0460687 -0.225013 0.144781 0.264925 0.953338 0.350873 0.31622 -0.384863 0.867113 0.400795 -0.930002 -0.306262 0.203222 -0.504305 0.187352 -0.87068 -0.454769 0.485867 
1534166827866 0.318312 0.899997 -0.297795 -0.589974 -0.93691 0.346548 0.0458789 -0.22493 0.144491 0.264403 0.953527 0.350703 0.31622 -0.384863 0.867113 0.400796 -0.930002 -0.306262 0.203222 -0.504306 0.187351 -0.87068 -0.454769 0.485868 
1534166828067 0.318701 0.900049 -0.297221 -0.590789 -0.936822 0.34681 0.0456885 -0.224844 0.144201 0.263882 0.953715 0.350532 0.316221 -0.384863 0.867113 0.400797 -0.930002 -0.306262 0.203223 -0.504308 0.187351 -0.87068 -0.45477 0.485869 
1534166828256 0.31909 0.900102 -0.296646 -0.591608 -0.936734 0.347071 0.045498 -0.224759 0.14391 0.26336 0.953903 0.350358 0.31622 -0.384863 0.867113 0.400797 -0.930002 -0.306262 0.203222 -0.504307 0.187351 -0.87068 -0.45477 0.485868 
1534166828447 0.319478 0.900153 -0.29607 -0.59243 -0.936647 0.347333 0.0453088 -0.224676 0.14362 0.262838 0.954091 0.350187 0.316221 -0.384863 0.867113 0.400796 -0.930002 -0.306262 0.203223 -0.504306 0.187351 -0.87068 -0.45477 0.485868 
1534166828643 0.319866 0.900205 -0.295495 -0.593251 -0.936559 0.347594 0.0451198 -0.224593 0.143329 0.262316 0.954278 0.350016 0.31622 -0.384863 0.867113 0.400796 -0.930002 -0.306262 0.203222 -0.504306 0.187351 -0.87068 -0.454769 0.485868 
1534166828850 0.319817 0.900102 -0.295861 -0.592941 -0.936551 0.34761 0.045154 -0.224721 0.143487 0.262648 0.954163 0.349993 0.31622 -0.384863 0.867113 0.400796 -0.930002 -0.306262 0.203222 -0.504306 0.187351 -0.87068 -0.454769 0.485868 
1534166828862 0.320291 0.9001 -0.295353 -0.593015 -0.93645 0.347929 0.0448073 -0.224732 0.143093 0.262232 0.954337 0.349878 0.31622 -0.384863 0.867113 0.400795 -0.930002 -0.306262 0.203222 -0.504304 0.187351 -0.87068 -0.454769 0.485867 
1534166828879 0.320766 0.900098 -0.294843 -0.593094 -0.936348 0.348248 0.0444606 -0.224744 0.142697 0.261814 0.954511 0.349756 0.31622 -0.384863 0.867113 0.400795 -0.930002 -0.306262 0.203222 -0.504304 0.187351 -0.87068 -0.454769 0.485867 
1534166829003 0.32124 0.900096 -0.294333 -0.59317 -0.936245 0.348567 0.0441138 -0.224755 0.142302 0.261397 0.954684 0.349636 0.31622 -0.384863 0.867113 0.400795 -0.930002 -0.306262 0.203222 -0.504304 0.187351 -0.87068 -0.454769 0.485867 
1534166829070 0.321714 0.900093 -0.293823 -0.593246 -0.936143 0.348886 0.0437671 -0.224766 0.141905 0.26098 0.954857 0.349515 0.31622 -0.384863 0.867113 0.400795 -0.930002 -0.306262 0.203222 -0.504304 0.187351 -0.87068 -0.454769 0.485867 
1534166829163 0.322188 0.90009 -0.293313 -0.593321 -0.93604 0.349206 0.0434204 -0.224777 0.141509 0.260563 0.95503 0.349394 0.31622 -0.384863 0.867113 0.400795 -0.930002 -0.306262 0.203222 -0.504304 0.187351 -0.87068 -0.454769 0.485867 
1534166829244 0.322662 0.900087 -0.292803 -0.593397 -0.935936 0.349525 0.0430741 -0.224788 0.141112 0.260146 0.955202 0.349274 0.31622 -0.384863 0.867113 0.400795 -0.930002 -0.306262 0.203222 -0.504304 0.187351 -0.87068 -0.454769 0.485867 
1534166829326 0.323135 0.900083 -0.292292 -0.593472 -0.935833 0.349845 0.0427279 -0.224799 0.140716 0.25973 0.955374 0.349153 0.31622 -0.384863 0.867113 0.400795 -0.930002 -0.306262 0.203222 -0.504304 0.187351 -0.87068 -0.454769 0.485867 
1534166829405 0.323608 0.900078 -0.291781 -0.593547 -0.935729 0.350165 0.0423818 -0.224809 0.140319 0.259313 0.955546 0.349032 0.31622 -0.384863 0.867113 0.400795 -0.930002 -0.306262 0.203222 -0.504304 0.187351 -0.87068 -0.454769 0.485867 
1534166829482 0.324081 0.900074 -0.29127 -0.593623 -0.935625 0.350485 0.0420359 -0.22482 0.139921 0.258897 0.955717 0.348912 0.31622 -0.384863 0.867113 0.400795 -0.930002 -0.306262 0.203222 -0.504304 0.187351 -0.87068 -0.454769 0.485867 
1534166829579 0.323589 0.900082 -0.291792 -0.593565 -0.935743 0.350134 0.0423343 -0.224796 0.140271 0.259343 0.955544 0.349042 0.31622 -0.384863 0.867113 0.400795 -0.930002 -0.306262 0.203222 -0.504304 0.187351 -0.87068 -0.454769 0.485867 
1534166829591 0.323855 0.900121 -0.291375 -0.59361 -0.93569 0.350296 0.0421468 -0.224798 0.140005 0.258987 0.95568 0.349028 0.31622 -0.384863 0.867113 0.400795 -0.930002 -0.306262 0.203222 -0.504304 0.187351 -0.87068 -0.45477 0.485867 
1534166829608 0.324121 0.900161 -0.290957 -0.593658 -0.935638 0.350458 0.0419589 -0.224801 0.139738 0.258631 0.955816 0.349009 0.31622 -0.384863 0.867113 0.400795 -0.930002 -0.306262 0.203222 -0.504304 0.187351 -0.87068 -0.45477 0.485867 
1534166829614 0.324387 0.9002 -0.290539 -0.593706 -0.935586 0.35062 0.0417709 -0.224804 0.139471 0.258274 0.955951 0.34899 0.31622 -0.384863 0.867113 0.400795 -0.930002 -0.306262 0.203222 -0.504304 0.187351 -0.87068 -0.45477 0.485867 
1534166829628 0.324653 0.900239 -0.290121 -0.593753 -0.935533 0.350783 0.0415831 -0.224807 0.139204 0.257918 0.956086 0.348972 0.31622 -0.384863 0.867113 0.400795 -0.930002 -0.306262 0.203222 -0.504304 0.187351 -0.87068 -0.45477 0.485867 
1534166829802 0.324919 0.900277 -0.289703 -0.593799 -0.935481 0.350945 0.0413951 -0.224809 0.138937 0.257562 0.956221 0.348952 0.31622 -0.384863 0.867113 0.400795 -0.930002 -0.306262 0.203222 -0.504304 0.187351 -0.87068 -0.45477 0.485867 
1534166829826 0.325185 0.900316 -0.289285 -0.593846 -0.935428 0.351108 0.0412073 -0.224812 0.13867 0.257205 0.956356 0.348933 0.31622 -0.384863 0.867113 0.400795 -0.930002 -0.306262 0.203222 -0.504304 0.187351 -0.87068 -0.45477 0.485867 
1534166829909 0.325451 0.900354 -0.288867 -0.593893 -0.935375 0.35127 0.0410195 -0.224814 0.138402 0.256849 0.95649 0.348914 0.31622 -0.384863 0.867113 0.400795 -0.930002 -0.306262 0.203222 -0.504304 0.187351 -0.87068 -0.45477 0.485867 
1534166829948 0.325716 0.900392 -0.288449 -0.59394 -0.935322 0.351433 0.0408319 -0.224817 0.138135 0.256493 0.956624 0.348896 0.31622 -0.384863 0.867113 0.400795 -0.930002 -0.306262 0.203222 -0.504304 0.187351 -0.87068 -0.45477 0.485867 
1534166829998 0.325981 0.90043 -0.28803 -0.593986 -0.935269 0.351595 0.0406442 -0.224819 0.137867 0.256137 0.956758 0.348877 0.31622 -0.384863 0.867113 0.400795 -0.930002 -0.306262 0.203222 -0.504304 0.187351 -0.87068 -0.45477 0.485867 
1534166830058 0.325463 0.900397 -0.288718 -0.593899 -0.935386 0.351247 0.0409687 -0.224841 0.1383 0.256729 0.956537 0.348926 0.31622 -0.384863 0.867113 0.400795 -0.930002 -0.306262 0.203222 -0.504304 0.187351 -0.87068 -0.45477 0.485867 
1534166830070 0.325647 0.90038 -0.288566 -0.593921 -0.935367 0.351334 0.0406652 -0.224836 0.137997 0.256673 0.956596 0.348955 0.31622 -0.384863 0.867113 0.400795 -0.930002 -0.306262 0.203222 -0.504304 0.187351 -0.87068 -0.45477 0.485867 
1534166830088 0.325832 0.900362 -0.288414 -0.59394 -0.935347 0.351421 0.0403605 -0.224829 0.137694 0.256616 0.956655 0.34898 0.31622 -0.384863 0.867113 0.400795 -0.930002 -0.306262 0.203222 -0.504304 0.187351 -0.87068 -0.45477 0.485867 
1534166830104 0.326016 0.900344 -0.288261 -0.593959 -0.935327 0.351509 0.0400557 -0.224821 0.13739 0.25656 0.956714 0.349005 0.31622 -0.384863 0.867113 0.400795 -0.930002 -0.306262 0.203222 -0.504304 0.187351 -0.87068 -0.45477 0.485867 
1534166830120 0.326201 0.900326 -0.288109 -0.593978 -0.935308 0.351596 0.039751 -0.224814 0.137087 0.256504 0.956772 0.34903 0.31622 -0.384863 0.867113 0.400795 -0.930002 -0.306262 0.203222 -0.504304 0.187351 -0.87068 -0.45477 0.485867 
1534166830187 0.326385 0.900308 -0.287956 -0.593997 -0.935288 0.351683 0.0394464 -0.224807 0.136783 0.256447 0.956831 0.349055 0.31622 -0.384863 0.867113 0.400795 -0.930002 -0.306262 0.203222 -0.504304 0.187351 -0.87068 -0.45477 0.485867 
1534166830211 0.32657 0.90029 -0.287804 -0.594016 -0.935268 0.35177 0.0391418 -0.2248 0.13648 0.256391 0.956889 0.34908 0.31622 -0.384863 0.867113 0.400795 -0.930002 -0.306262 0.203222 -0.504304 0.187351 -0.87068 -0.45477 0.485867 
1534166830227 0.326754 0.900272 -0.287651 -0.594034 -0.935248 0.351858 0.0388372 -0.224792 0.136176 0.256334 0.956948 0.349105 0.31622 -0.384863 0.867113 0.400795 -0.930002 -0.306262 0.203222 -0.504304 0.187351 -0.87068 -0.45477 0.485867 
1534166830244 0.326938 0.900253 -0.287498 -0.594053 -0.935227 0.351945 0.0385325 -0.224785 0.135873 0.256278 0.957006 0.34913 0.31622 -0.384863 0.867113 0.400795 -0.930002 -0.306262 0.203222 -0.504304 0.187351 -0.87068 -0.45477 0.485867 
1534166830275 0.327122 0.900235 -0.287345 -0.594072 -0.935207 0.352032 0.0382279 -0.224778 0.135569 0.256222 0.957064 0.349155 0.31622 -0.384863 0.867113 0.400795 -0.930002 -0.306262 0.203222 -0.504304 0.187351 -0.87068 -0.45477 0.485867 
1534166830324 0.326548 0.900195 -0.288123 -0.594013 -0.935247 0.351816 0.0392203 -0.224842 0.136672 0.256659 0.95679 0.349073 0.31622 -0.384863 0.867113 0.400795 -0.930002 -0.306262 0.203222 -0.504304 0.187351 -0.87068 -0.45477 0.485867 
1534166830339 0.326516 0.900147 -0.28831 -0.594019 -0.935275 0.351762 0.0390371 -0.224836 0.136555 0.256903 0.956741 0.349107 0.31622 -0.384863 0.867113 0.400795 -0.930002 -0.306262 0.203222 -0.504304 0.187351 -0.87068 -0.45477 0.485867 
1534166830352 0.326484 0.900099 -0.288496 -0.594022 -0.935304 0.351706 0.0388539 -0.224829 0.136438 0.257146 0.956692 0.349141 0.31622 -0.384863 0.867113 0.400795 -0.930002 -0.306262 0.203222 -0.504304 0.187351 -0.87068 -0.45477 0.485867 
1534166830456 0.326452 0.900051 -0.288683 -0.594022 -0.935332 0.351652 0.0386704 -0.224821 0.136321 0.257391 0.956643 0.349175 0.31622 -0.384863 0.867113 0.400795 -0.930002 -0.306262 0.203222 -0.504304 0.187351 -0.87068 -0.45477 0.485867 
1534166830462 0.326419 0.900003 -0.28887 -0.594025 -0.93536 0.351596 0.0384873 -0.224813 0.136204 0.257634 0.956594 0.349209 0.31622 -0.384863 0.867113 0.400795 -0.930002 -0.306262 0.203222 -0.504304 0.187351 -0.87068 -0.45477 0.485867 
1534166830476 0.326387 0.899954 -0.289057 -0.594026 -0.935388 0.351541 0.0383039 -0.224805 0.136087 0.257878 0.956545 0.349243 0.31622 -0.384863 0.867113 0.400795 -0.930002 -0.306262 0.203222 -0.504304 0.187351 -0.87068 -0.45477 0.485867 
1534166830483 0.326355 0.899906 -0.289244 -0.594027 -0.935417 0.351486 0.0381205 -0.224797 0.13597 0.258123 0.956496 0.349277 0.31622 -0.384863 0.867113 0.400795 -0.930002 -0.306262 0.203222 -0.504304 0.187351 -0.87068 -0.45477 0.485867 
1534166830547 0.326323 0.899857 -0.28943 -0.594029 -0.935445 0.351431 0.0379373 -0.224789 0.135853 0.258366 0.956447 0.349311 0.31622 -0.384863 0.867113 0.400795 -0.930002 -0.306262 0.203222 -0.504304 0.187351 -0.87068 -0.45477 0.485867 
1534166830593 0.326291 0.899809 -0.289617 -0.59403 -0.935473 0.351376 0.0377538 -0.224781 0.135736 0.25861 0.956398 0.349345 0.31622 -0.384863 0.867113 0.400795 -0.930002 -0.306262 0.203222 -0.504304 0.187351 -0.87068 -0.45477 0.485867 
1534166830610 0.326259 0.89976 -0.289804 -0.594032 -0.935501 0.35132 0.0375706 -0.224773 0.135619 0.258854 0.956348 0.349379 0.31622 -0.384863 0.867113 0.400795 -0.930002 -0.306262 0.203222 -0.504304 0.187351 -0.87068 -0.45477 0.485867 
1534166830646 0.326228 0.899994 -0.289111 -0.594 -0.93546 0.351361 0.0382202 -0.224826 0.13598 0.257984 0.956532 0.349272 0.31622 -0.384863 0.867113 0.400795 -0.930002 -0.306262 0.203222 -0.504304 0.187351 -0.87068 -0.45477 0.485867 
1534166830657 0.326292 0.899993 -0.289045 -0.594008 -0.935486 0.351327 0.0378829 -0.2248 0.135643 0.258036 0.956566 0.349265 0.31622 -0.384863 0.867113 0.400795 -0.930002 -0.306262 0.203222 -0.504304 0.187351 -0.87068 -0.45477 0.485867 
1534166830673 0.326357 0.899991 -0.288978 -0.594011 -0.935513 0.351293 0.037544 -0.224771 0.135305 0.25809 0.956599 0.349253 0.31622 -0.384863 0.867113 0.400795 -0.930002 -0.306262 0.203222 -0.504304 0.187351 -0.87068 -0.45477 0.485867 
1534166830690 0.326421 0.899989 -0.288911 -0.594015 -0.935539 0.351258 0.0372053 -0.224743 0.134967 0.258143 0.956633 0.349243 0.31622 -0.384863 0.867113 0.400795 -0.930002 -0.306262 0.203222 -0.504304 0.187351 -0.87068 -0.45477 0.485867 
1534166830803 0.326486 0.899987 -0.288844 -0.594019 -0.935565 0.351224 0.0368664 -0.224714 0.134628 0.258196 0.956666 0.349231 0.31622 -0.384863 0.867113 0.400795 -0.930002 -0.306262 0.203222 -0.504304 0.187351 -0.87068 -0.45477 0.485867 
1534166830819 0.32655 0.899985 -0.288777 -0.594023 -0.935591 0.35119 0.0365276 -0.224686 0.13429 0.258249 0.956699 0.34922 0.31622 -0.384863 0.867113 0.400795 -0.930002 -0.306262 0.203222 -0.504304 0.187351 -0.87068 -0.45477 0.485867 
1534166830838 0.326615 0.899983 -0.288709 -0.594026 -0.935617 0.351156 0.0361886 -0.224657 0.133951 0.258302 0.956733 0.349209 0.31622 -0.384863 0.867113 0.400795 -0.930002 -0.306262 0.203222 -0.504304 0.187351 -0.87068 -0.45477 0.485867 
1534166830896 0.32668 0.899981 -0.288642 -0.59403 -0.935643 0.351122 0.0358497 -0.224629 0.133613 0.258355 0.956766 0.349197 0.31622 -0.384863 0.867113 0.400795 -0.930002 -0.306262 0.203222 -0.504304 0.187351 -0.87068 -0.45477 0.485867 
1534166830944 0.326744 0.899979 -0.288575 -0.594034 -0.935669 0.351088 0.0355111 -0.224601 0.133274 0.258408 0.956798 0.349187 0.31622 -0.384863 0.867113 0.400795 -0.930002 -0.306262 0.203222 -0.504304 0.187351 -0.87068 -0.45477 0.485867 
1534166830972 0.326808 0.899977 -0.288508 -0.594037 -0.935695 0.351054 0.0351721 -0.224572 0.132936 0.258461 0.956831 0.349175 0.31622 -0.384863 0.867113 0.400795 -0.930002 -0.306262 0.203222 -0.504304 0.187351 -0.87068 -0.45477 0.485867 
1534166831014 0.326891 0.899912 -0.288619 -0.594013 -0.935551 0.351359 0.0359237 -0.224771 0.133737 0.258275 0.95677 0.349227 0.31622 -0.384863 0.867113 0.400795 -0.930002 -0.306262 0.203222 -0.504304 0.187351 -0.87068 -0.45477 0.485867 
1534166831027 0.326874 0.899948 -0.288524 -0.594017 -0.935518 0.351415 0.0362477 -0.224776 0.134013 0.258071 0.956786 0.349214 0.31622 -0.384863 0.867113 0.400795 -0.930002 -0.306262 0.203222 -0.504304 0.187351 -0.87068 -0.45477 0.485867 
1534166831044 0.326856 0.899986 -0.288428 -0.594027 -0.935485 0.351469 0.0365716 -0.224784 0.134288 0.257867 0.956803 0.349198 0.31622 -0.384863 0.867113 0.400795 -0.930002 -0.306262 0.203222 -0.504304 0.187351 -0.87068 -0.45477 0.485867 
1534166831164 0.326839 0.900023 -0.288332 -0.594035 -0.935451 0.351524 0.0368954 -0.224791 0.134562 0.257662 0.956819 0.349183 0.31622 -0.384863 0.867113 0.400795 -0.930002 -0.306262 0.203222 -0.504304 0.187351 -0.87068 -0.45477 0.485867 
1534166831180 0.326821 0.90006 -0.288236 -0.594045 -0.935418 0.351579 0.0372192 -0.224799 0.134837 0.257458 0.956836 0.349168 0.31622 -0.384863 0.867113 0.400795 -0.930002 -0.306262 0.203222 -0.504304 0.187351 -0.87068 -0.45477 0.485867 
1534166831197 0.326803 0.900097 -0.28814 -0.594055 -0.935385 0.351634 0.0375431 -0.224807 0.135112 0.257253 0.956852 0.349153 0.31622 -0.384863 0.867113 0.400795 -0.930002 -0.306262 0.203222 -0.504304 0.187351 -0.87068 -0.45477 0.485867 
1534166831214 0.326786 0.900134 -0.288045 -0.594063 -0.935351 0.351688 0.0378667 -0.224814 0.135387 0.257048 0.956868 0.349138 0.31622 -0.384863 0.867113 0.400795 -0.930002 -0.306262 0.203222 -0.504304 0.187351 -0.87068 -0.45477 0.485867 
1534166831248 0.326768 0.900171 -0.287948 -0.594073 -0.935317 0.351743 0.0381906 -0.224822 0.135662 0.256844 0.956884 0.349122 0.31622 -0.384863 0.867113 0.400795 -0.930002 -0.306262 0.203222 -0.504304 0.187351 -0.87068 -0.45477 0.485867 
1534166831289 0.32675 0.900208 -0.287853 -0.594082 -0.935284 0.351797 0.0385143 -0.22483 0.135937 0.256639 0.9569 0.349107 0.31622 -0.384863 0.867113 0.400795 -0.930002 -0.306262 0.203222 -0.504304 0.187351 -0.87068 -0.45477 0.485867 
1534166831306 0.326733 0.900245 -0.287757 -0.594091 -0.93525 0.351852 0.0388381 -0.224837 0.136212 0.256435 0.956916 0.349093 0.31622 -0.384863 0.867113 0.400795 -0.930002 -0.306262 0.203222 -0.504304 0.187351 -0.87068 -0.45477 0.485867 
1534166831326 0.326846 0.90003 -0.288301 -0.594085 -0.935342 0.351734 0.0376635 -0.224805 0.135303 0.25735 0.956799 0.349173 0.31622 -0.384863 0.867113 0.400795 -0.930002 -0.306262 0.203222 -0.504304 0.187351 -0.87068 -0.45477 0.485867 
1534166831339 0.326913 0.900022 -0.288251 -0.594095 -0.935342 0.351752 0.0374994 -0.224787 0.135143 0.257354 0.95682 0.349181 0.31622 -0.384863 0.867113 0.400795 -0.930002 -0.306262 0.203222 -0.504304 0.187351 -0.87068 -0.45477 0.485867 
1534166831357 0.326981 0.900013 -0.288203 -0.594106 -0.935341 0.351772 0.0373349 -0.224767 0.134983 0.25736 0.956841 0.349191 0.31622 -0.384863 0.867113 0.400795 -0.930002 -0.306262 0.203222 -0.504304 0.187351 -0.87068 -0.45477 0.485867 
1534166831373 0.327049 0.900003 -0.288154 -0.594117 -0.93534 0.351791 0.0371708 -0.224747 0.134824 0.257365 0.956862 0.3492 0.31622 -0.384863 0.867113 0.400795 -0.930002 -0.306262 0.203222 -0.504304 0.187351 -0.87068 -0.45477 0.485867 
1534166831379 0.327118 0.899994 -0.288106 -0.594127 -0.935339 0.351811 0.037006 -0.224726 0.134664 0.257371 0.956883 0.349211 0.31622 -0.384863 0.867113 0.400795 -0.930002 -0.306262 0.203222 -0.504304 0.187351 -0.87068 -0.45477 0.485867 
1534166831488 0.327186 0.899985 -0.288057 -0.594137 -0.935338 0.35183 0.0368418 -0.224706 0.134504 0.257377 0.956904 0.34922 0.31622 -0.384863 0.867113 0.400795 -0.930002 -0.306262 0.203222 -0.504304 0.187351 -0.87068 -0.45477 0.485867 
1534166831503 0.327254 0.899976 -0.288008 -0.594148 -0.935338 0.35185 0.0366775 -0.224687 0.134345 0.257382 0.956925 0.34923 0.31622 -0.384863 0.867113 0.400795 -0.930002 -0.306262 0.203222 -0.504304 0.187351 -0.87068 -0.45477 0.485867 
1534166831520 0.327323 0.899966 -0.28796 -0.594158 -0.935336 0.35187 0.0365126 -0.224665 0.134185 0.257388 0.956946 0.349241 0.31622 -0.384863 0.867113 0.400795 -0.930002 -0.306262 0.203222 -0.504304 0.187351 -0.87068 -0.45477 0.485867 
1534166831537 0.327391 0.899957 -0.287912 -0.594168 -0.935336 0.35189 0.0363483 -0.224645 0.134025 0.257394 0.956967 0.34925 0.31622 -0.384863 0.867113 0.400795 -0.930002 -0.306262 0.203222 -0.504304 0.187351 -0.87068 -0.45477 0.485867 
1534166831553 0.327459 0.899948 -0.287863 -0.594179 -0.935335 0.351909 0.0361839 -0.224625 0.133865 0.257399 0.956988 0.34926 0.31622 -0.384863 0.867113 0.400795 -0.930002 -0.306262 0.203222 -0.504304 0.187351 -0.87068 -0.45477 0.485867 
1534166831580 0.327325 0.899916 -0.288113 -0.594133 -0.935267 0.352009 0.0369397 -0.224817 0.134661 0.257372 0.956884 0.349245 0.31622 -0.384863 0.867113 0.400795 -0.930002 -0.306262 0.203222 -0.504304 0.187351 -0.87068 -0.45477 0.485867 
1534166831593 0.327251 0.899964 -0.288049 -0.594131 -0.935275 0.35197 0.0371151 -0.224824 0.134787 0.257259 0.956896 0.349243 0.31622 -0.384863 0.867113 0.400795 -0.930002 -0.306262 0.203222 -0.504304 0.187351 -0.87068 -0.45477 0.485867 
1534166831610 0.327176 0.900012 -0.287984 -0.594135 -0.935283 0.351931 0.0372918 -0.224835 0.134913 0.257146 0.956909 0.349238 0.31622 -0.384863 0.867113 0.400795 -0.930002 -0.306262 0.203222 -0.504304 0.187351 -0.87068 -0.45477 0.485867 
1534166831627 0.327102 0.90006 -0.287919 -0.594138 -0.935291 0.351891 0.0374683 -0.224845 0.13504 0.257032 0.956921 0.349234 0.31622 -0.384863 0.867113 0.400795 -0.930002 -0.306262 0.203222 -0.504304 0.187351 -0.87068 -0.45477 0.485867 
1534166831643 0.327027 0.900107 -0.287854 -0.594141 -0.935299 0.351851 0.0376448 -0.224855 0.135166 0.256919 0.956934 0.34923 0.31622 -0.384863 0.867113 0.400795 -0.930002 -0.306262 0.203222 -0.504304 0.187351 -0.87068 -0.45477 0.485867 
1534166831724 0.326952 0.900155 -0.287789 -0.594145 -0.935306 0.351812 0.0378214 -0.224866 0.135293 0.256805 0.956947 0.349226 0.31622 -0.384863 0.867113 0.400795 -0.930002 -0.306262 0.203222 -0.504304 0.187351 -0.87068 -0.45477 0.485867 
1534166831730 0.326878 0.900203 -0.287724 -0.594148 -0.935314 0.351772 0.0379978 -0.224876 0.135419 0.256692 0.956959 0.349222 0.31622 -0.384863 0.867113 0.400795 -0.930002 -0.306262 0.203222 -0.504304 0.187351 -0.87068 -0.45477 0.485867 
1534166831744 0.326803 0.900251 -0.287659 -0.594152 -0.935322 0.351732 0.0381743 -0.224886 0.135545 0.256578 0.956972 0.349217 0.31622 -0.384863 0.867113 0.400795 -0.930002 -0.306262 0.203222 -0.504304 0.187351 -0.87068 -0.45477 0.485867 
1534166831761 0.326729 0.900299 -0.287594 -0.594155 -0.93533 0.351693 0.0383508 -0.224896 0.135672 0.256465 0.956984 0.349214 0.31622 -0.384863 0.867113 0.400795 -0.930002 -0.306262 0.203222 -0.504304 0.187351 -0.87068 -0.45477 0.485867 
1534166831779 0.326654 0.900347 -0.287529 -0.594159 -0.935337 0.351653 0.0385273 -0.224907 0.135798 0.256351 0.956997 0.349209 0.31622 -0.384863 0.867113 0.400795 -0.930002 -0.306262 0.203222 -0.504304 0.187351 -0.87068 -0.45477 0.485867 
1534166831797 0.326823 0.900186 -0.28784 -0.594166 -0.935362 0.35167 0.0377695 -0.224752 0.135224 0.256891 0.956933 0.349262 0.31622 -0.384863 0.867113 0.400795 -0.930002 -0.306262 0.203222 -0.504304 0.187351 -0.87068 -0.45477 0.485867 
1534166831811 0.326828 0.900177 -0.287861 -0.59417 -0.935364 0.351669 0.0377315 -0.224738 0.135197 0.256923 0.956929 0.349263 0.31622 -0.384863 0.867113 0.400795 -0.930002 -0.306262 0.203222 -0.504304 0.187351 -0.87068 -0.45477 0.485867 
1534166831827 0.326835 0.900168 -0.287882 -0.594173 -0.935365 0.351669 0.0376922 -0.224721 0.135169 0.256956 0.956924 0.349267 0.31622 -0.384863 0.867113 0.400795 -0.930002 -0.306262 0.203222 -0.504304 0.187351 -0.87068 -0.45477 0.485867 
1534166831844 0.326843 0.900158 -0.287905 -0.594173 -0.935367 0.35167 0.0376523 -0.224703 0.135141 0.25699 0.956919 0.349271 0.31622 -0.384863 0.867113 0.400795 -0.930002 -0.306262 0.203222 -0.504304 0.187351 -0.87068 -0.45477 0.485867 
1534166831861 0.32685 0.900149 -0.287927 -0.594176 -0.935368 0.35167 0.0376131 -0.224686 0.135112 0.257024 0.956914 0.349275 0.31622 -0.384863 0.867113 0.400795 -0.930002 -0.306262 0.203222 -0.504304 0.187351 -0.87068 -0.45477 0.485867 
1534166831877 0.326857 0.900139 -0.287949 -0.594176 -0.93537 0.35167 0.0375735 -0.224668 0.135084 0.257058 0.956908 0.349279 0.31622 -0.384863 0.867113 0.400795 -0.930002 -0.306262 0.203222 -0.504304 0.187351 -0.87068 -0.45477 0.485867 
1534166831894 0.326864 0.900129 -0.287971 -0.594177 -0.935371 0.35167 0.037534 -0.224651 0.135056 0.257091 0.956903 0.349282 0.31622 -0.384863 0.867113 0.400795 -0.930002 -0.306262 0.203222 -0.504304 0.187351 -0.87068 -0.45477 0.485867 
1534166831911 0.326871 0.900119 -0.287993 -0.594179 -0.935373 0.35167 0.0374946 -0.224634 0.135028 0.257125 0.956898 0.349286 0.31622 -0.384863 0.867113 0.400795 -0.930002 -0.306262 0.203222 -0.504304 0.187351 -0.87068 -0.45477 0.485867 
1534166831952 0.326878 0.90011 -0.288015 -0.594181 -0.935375 0.35167 0.0374553 -0.224617 0.135 0.257159 0.956893 0.349289 0.31622 -0.384863 0.867113 0.400795 -0.930002 -0.306262 0.203222 -0.504304 0.187351 -0.87068 -0.45477 0.485867 
1534166831958 0.326886 0.9001 -0.288037 -0.594181 -0.935376 0.35167 0.0374157 -0.224599 0.134972 0.257193 0.956888 0.349293 0.31622 -0.384863 0.867113 0.400795 -0.930002 -0.306262 0.203222 -0.504304 0.187351 -0.87068 -0.45477 0.485867 
1534166831980 0.326685 0.90032 -0.287579 -0.59414 -0.935392 0.35156 0.0380351 -0.2248 0.135345 0.256574 0.957001 0.349277 0.31622 -0.384863 0.867113 0.400795 -0.930002 -0.306262 0.203222 -0.504304 0.187351 -0.87068 -0.45477 0.485867 
1534166831992 0.326669 0.90033 -0.287565 -0.594139 -0.935392 0.351556 0.038086 -0.224793 0.135385 0.256544 0.957004 0.349281 0.31622 -0.384863 0.867113 0.400795 -0.930002 -0.306262 0.203222 -0.504304 0.187351 -0.87068 -0.45477 0.485867 
1534166832009 0.326653 0.90034 -0.28755 -0.594138 -0.935392 0.35155 0.0381376 -0.224788 0.135425 0.256515 0.957006 0.349282 0.31622 -0.384863 0.867113 0.400795 -0.930002 -0.306262 0.203222 -0.504304 0.187351 -0.87068 -0.45477 0.485867 
1534166832026 0.326636 0.900351 -0.287536 -0.594137 -0.935392 0.351545 0.0381889 -0.224781 0.135465 0.256485 0.957008 0.349285 0.31622 -0.384863 0.867113 0.400795 -0.930002 -0.306262 0.203222 -0.504304 0.187351 -0.87068 -0.45477 0.485867 
1534166832042 0.326619 0.900362 -0.287522 -0.594137 -0.935392 0.351539 0.0382408 -0.224777 0.135506 0.256455 0.95701 0.349286 0.31622 -0.384863 0.867113 0.400795 -0.930002 -0.306262 0.203222 -0.504304 0.187351 -0.87068 -0.45477 0.485867 
1534166832059 0.326603 0.900372 -0.287507 -0.594137 -0.935392 0.351533 0.0382922 -0.224772 0.135546 0.256426 0.957013 0.349288 0.31622 -0.384863 0.867113 0.400795 -0.930002 -0.306262 0.203222 -0.504304 0.187351 -0.87068 -0.45477 0.485867 
1534166832080 0.326585 0.900383 -0.287493 -0.594137 -0.935392 0.351527 0.0383441 -0.224767 0.135586 0.256396 0.957015 0.349289 0.31622 -0.384863 0.867113 0.400795 -0.930002 -0.306262 0.203222 -0.504304 0.187351 -0.87068 -0.45477 0.485867 
1534166832097 0.326569 0.900394 -0.287478 -0.594137 -0.935392 0.351521 0.0383956 -0.224762 0.135626 0.256366 0.957017 0.349291 0.31622 -0.384863 0.867113 0.400795 -0.930002 -0.306262 0.203222 -0.504304 0.187351 -0.87068 -0.45477 0.485867 
1534166832113 0.326552 0.900405 -0.287464 -0.594138 -0.935392 0.351516 0.0384475 -0.224758 0.135666 0.256336 0.95702 0.349292 0.31622 -0.384863 0.867113 0.400795 -0.930002 -0.306262 0.203222 -0.504304 0.187351 -0.87068 -0.45477 0.485867 
1534166832130 0.326535 0.900415 -0.287449 -0.594138 -0.935392 0.35151 0.038499 -0.224753 0.135706 0.256306 0.957022 0.349294 0.31622 -0.384863 0.867113 0.400795 -0.930002 -0.306262 0.203222 -0.504304 0.187351 -0.87068 -0.45477 0.485867 
1534166832154 0.326748 0.90032 -0.287507 -0.594125 -0.935395 0.351571 0.0378728 -0.224669 0.135177 0.256558 0.957029 0.34927 0.31622 -0.384863 0.867113 0.400795 -0.930002 -0.306262 0.203222 -0.504304 0.187351 -0.87068 -0.45477 0.485867 
1534166832167 0.326707 0.900257 -0.28775 -0.59412 -0.935371 0.351615 0.0380597 -0.224676 0.135441 0.256719 0.956949 0.349285 0.31622 -0.384863 0.867113 0.400795 -0.930002 -0.306262 0.203222 -0.504304 0.187351 -0.87068 -0.45477 0.485867 
1534166832183 0.326666 0.900194 -0.287994 -0.594111 -0.935347 0.351658 0.038246 -0.224681 0.135704 0.25688 0.956868 0.349302 0.31622 -0.384863 0.867113 0.400795 -0.930002 -0.306262 0.203222 -0.504304 0.187351 -0.87068 -0.45477 0.485867 
1534166832200 0.326625 0.900131 -0.288237 -0.594102 -0.935323 0.351702 0.0384323 -0.224686 0.135968 0.257042 0.956787 0.349318 0.31622 -0.384863 0.867113 0.400795 -0.930002 -0.306262 0.203222 -0.504304 0.187351 -0.87068 -0.45477 0.485867 
1534166832216 0.326584 0.900068 -0.288481 -0.594092 -0.935299 0.351745 0.0386186 -0.22469 0.136231 0.257204 0.956707 0.349335 0.31622 -0.384863 0.867113 0.400795 -0.930002 -0.306262 0.203222 -0.504304 0.187351 -0.87068 -0.45477 0.485867 
1534166832288 0.326543 0.900004 -0.288724 -0.594084 -0.935275 0.351789 0.038805 -0.224696 0.136495 0.257365 0.956626 0.349351 0.31622 -0.384863 0.867113 0.400795 -0.930002 -0.306262 0.203222 -0.504304 0.187351 -0.87068 -0.45477 0.485867 
1534166832304 0.326502 0.899941 -0.288968 -0.594074 -0.935251 0.351832 0.0389912 -0.2247 0.136758 0.257527 0.956544 0.349368 0.31622 -0.384863 0.867113 0.400795 -0.930002 -0.306262 0.203222 -0.504304 0.187351 -0.87068 -0.45477 0.485867 
1534166832321 0.32646 0.899878 -0.289211 -0.594065 -0.935227 0.351875 0.0391775 -0.224706 0.137021 0.257688 0.956463 0.349384 0.31622 -0.384863 0.867113 0.400795 -0.930002 -0.306262 0.203222 -0.504304 0.187351 -0.87068 -0.45477 0.485867 
1534166832342 0.326419 0.899815 -0.289455 -0.594055 -0.935202 0.351919 0.0393636 -0.22471 0.137285 0.25785 0.956382 0.349401 0.31622 -0.384863 0.867113 0.400795 -0.930002 -0.306262 0.203222 -0.504304 0.187351 -0.87068 -0.45477 0.485867 
1534166832383 0.326378 0.899751 -0.289698 -0.594046 -0.935178 0.351963 0.0395499 -0.224715 0.137548 0.258011 0.956301 0.349417 0.31622 -0.384863 0.867113 0.400795 -0.930002 -0.306262 0.203222 -0.504304 0.187351 -0.87068 -0.45477 0.485867 
1534166832428 0.326494 0.900002 -0.288786 -0.594068 -0.9353 0.351729 0.0387389 -0.224673 0.13644 0.257454 0.95661 0.34936 0.31622 -0.384863 0.867113 0.400795 -0.930002 -0.306262 0.203222 -0.504304 0.187351 -0.87068 -0.45477 0.485867 
1534166832439 0.326623 0.900016 -0.288597 -0.594072 -0.935308 0.351744 0.0383992 -0.224654 0.136072 0.257385 0.95668 0.349345 0.31622 -0.384863 0.867113 0.400795 -0.930002 -0.306262 0.203222 -0.504304 0.187351 -0.87068 -0.45477 0.485867 
1534166832456 0.326753 0.90003 -0.288408 -0.594078 -0.935316 0.35176 0.0380595 -0.224632 0.135705 0.257316 0.956751 0.349331 0.31622 -0.384863 0.867113 0.400795 -0.930002 -0.306262 0.203222 -0.504304 0.187351 -0.87068 -0.45477 0.485867 
1534166832473 0.326883 0.900043 -0.288219 -0.594085 -0.935324 0.351776 0.0377203 -0.22461 0.135338 0.257248 0.956821 0.349317 0.31622 -0.384863 0.867113 0.400795 -0.930002 -0.306262 0.203222 -0.504304 0.187351 -0.87068 -0.45477 0.485867 
1534166832581 0.327014 0.900056 -0.288029 -0.594091 -0.935331 0.351792 0.0373804 -0.224589 0.134971 0.257179 0.956892 0.349302 0.31622 -0.384863 0.867113 0.400795 -0.930002 -0.306262 0.203222 -0.504304 0.187351 -0.87068 -0.45477 0.485867 
1534166832598 0.327144 0.900069 -0.28784 -0.594097 -0.935339 0.351809 0.0370409 -0.224569 0.134604 0.25711 0.956962 0.349288 0.31622 -0.384863 0.867113 0.400795 -0.930002 -0.306262 0.203222 -0.504304 0.187351 -0.87068 -0.45477 0.485867 
1534166832614 0.327274 0.900083 -0.287651 -0.594105 -0.935346 0.351825 0.0367014 -0.224547 0.134237 0.257042 0.957032 0.349273 0.31622 -0.384863 0.867113 0.400795 -0.930002 -0.306262 0.203222 -0.504304 0.187351 -0.87068 -0.45477 0.485867 
1534166832631 0.327403 0.900096 -0.287462 -0.594114 -0.935353 0.351841 0.0363633 -0.224528 0.133871 0.256973 0.957102 0.349264 0.31622 -0.384863 0.867113 0.400795 -0.930002 -0.306262 0.203222 -0.504304 0.187351 -0.87068 -0.45477 0.485867 
1534166832648 0.327533 0.90011 -0.287271 -0.594126 -0.93536 0.351857 0.0360237 -0.224508 0.133504 0.256903 0.957172 0.349248 0.31622 -0.384863 0.867113 0.400795 -0.930002 -0.306262 0.203222 -0.504304 0.187351 -0.87068 -0.45477 0.485867 
1534166832692 0.327662 0.900123 -0.287082 -0.594133 -0.935367 0.351873 0.0356842 -0.224487 0.133136 0.256834 0.957241 0.349234 0.31622 -0.384863 0.867113 0.400795 -0.930002 -0.306262 0.203222 -0.504304 0.187351 -0.87068 -0.45477 0.485867 
1534166832728 0.327192 0.900059 -0.287818 -0.594125 -0.935352 0.351797 0.0368261 -0.224558 0.134399 0.257162 0.956977 0.349219 0.31622 -0.384863 0.867113 0.400795 -0.930002 -0.306262 0.203222 -0.504304 0.187351 -0.87068 -0.45477 0.485867 
1534166832744 0.3271 0.900064 -0.287909 -0.594122 -0.935332 0.351812 0.0371871 -0.224582 0.13476 0.257126 0.956936 0.349231 0.31622 -0.384863 0.867113 0.400795 -0.930002 -0.306262 0.203222 -0.504304 0.187351 -0.87068 -0.45477 0.485867 
1534166832761 0.327008 0.900068 -0.287999 -0.594119 -0.935312 0.351826 0.0375475 -0.224608 0.135121 0.25709 0.956894 0.349242 0.31622 -0.384863 0.867113 0.400795 -0.930002 -0.306262 0.203222 -0.504304 0.187351 -0.87068 -0.45477 0.485867 
1534166832777 0.326916 0.900073 -0.288089 -0.594117 -0.935292 0.351841 0.0379076 -0.224633 0.135481 0.257055 0.956853 0.349254 0.31622 -0.384863 0.867113 0.400795 -0.930002 -0.306262 0.203222 -0.504304 0.187351 -0.87068 -0.45477 0.485867 
1534166832881 0.326823 0.900077 -0.288179 -0.594115 -0.935272 0.351855 0.0382682 -0.22466 0.135842 0.257019 0.956811 0.349265 0.31622 -0.384863 0.867113 0.400795 -0.930002 -0.306262 0.203222 -0.504304 0.187351 -0.87068 -0.45477 0.485867 
1534166832897 0.326731 0.900082 -0.288269 -0.594114 -0.935252 0.351869 0.0386287 -0.224687 0.136202 0.256983 0.95677 0.349275 0.31622 -0.384863 0.867113 0.400795 -0.930002 -0.306262 0.203222 -0.504304 0.187351 -0.87068 -0.45477 0.485867 
1534166832914 0.326639 0.900087 -0.28836 -0.594112 -0.935231 0.351884 0.038989 -0.224713 0.136563 0.256948 0.956728 0.349287 0.31622 -0.384863 0.867113 0.400795 -0.930002 -0.306262 0.203222 -0.504304 0.187351 -0.87068 -0.45477 0.485867 
1534166832931 0.326547 0.900091 -0.288449 -0.594111 -0.935211 0.351898 0.0393495 -0.224739 0.136923 0.256911 0.956686 0.349297 0.31622 -0.384863 0.867113 0.400795 -0.930002 -0.306262 0.203222 -0.504304 0.187351 -0.87068 -0.45477 0.485867 
1534166832948 0.326454 0.900096 -0.288539 -0.594109 -0.93519 0.351912 0.0397098 -0.224765 0.137283 0.256876 0.956644 0.349308 0.31622 -0.384863 0.867113 0.400795 -0.930002 -0.306262 0.203222 -0.504304 0.187351 -0.87068 -0.45477 0.485867 
1534166832954 0.326362 0.9001 -0.288629 -0.594107 -0.935169 0.351927 0.0400701 -0.224791 0.137644 0.25684 0.956602 0.34932 0.31622 -0.384863 0.867113 0.400795 -0.930002 -0.306262 0.203222 -0.504304 0.187351 -0.87068 -0.45477 0.485867 
1534166832989 0.326803 0.90008 -0.288195 -0.594144 -0.935268 0.351858 0.0383473 -0.22463 0.135919 0.257007 0.956804 0.349276 0.31622 -0.384863 0.867113 0.400795 -0.930002 -0.306262 0.203222 -0.504304 0.187351 -0.87068 -0.45477 0.485867 
1534166833004 0.326853 0.900083 -0.288127 -0.594148 -0.935261 0.351882 0.0382821 -0.224625 0.135844 0.256961 0.956827 0.349274 0.31622 -0.384863 0.867113 0.400795 -0.930002 -0.306262 0.203222 -0.504304 0.187351 -0.87068 -0.45477 0.485867 
1534166833020 0.326904 0.900087 -0.288058 -0.594155 -0.935254 0.351907 0.0382173 -0.224618 0.135769 0.256914 0.95685 0.349272 0.31622 -0.384863 0.867113 0.400795 -0.930002 -0.306262 0.203222 -0.504304 0.187351 -0.87068 -0.45477 0.485867 
1534166833037 0.326955 0.90009 -0.287989 -0.594162 -0.935248 0.351932 0.0381525 -0.224612 0.135693 0.256867 0.956873 0.349269 0.31622 -0.384863 0.867113 0.400795 -0.930002 -0.306262 0.203222 -0.504304 0.187351 -0.87068 -0.45477 0.485867 
1534166833054 0.327005 0.900094 -0.287921 -0.594171 -0.935241 0.351957 0.0380878 -0.224607 0.135618 0.25682 0.956897 0.349267 0.31622 -0.384863 0.867113 0.400795 -0.930002 -0.306262 0.203222 -0.504304 0.187351 -0.87068 -0.45477 0.485867 
1534166833130 0.327055 0.900098 -0.287852 -0.594177 -0.935234 0.351982 0.0380231 -0.224601 0.135543 0.256774 0.95692 0.349265 0.31622 -0.384863 0.867113 0.400795 -0.930002 -0.306262 0.203222 -0.504304 0.187351 -0.87068 -0.45477 0.485867 
1534166833145 0.327106 0.900101 -0.287783 -0.594186 -0.935227 0.352007 0.0379584 -0.224595 0.135468 0.256726 0.956943 0.349262 0.31622 -0.384863 0.867113 0.400795 -0.930002 -0.306262 0.203222 -0.504304 0.187351 -0.87068 -0.45477 0.485867 
1534166833161 0.327156 0.900105 -0.287715 -0.594193 -0.935221 0.352032 0.0378938 -0.22459 0.135393 0.25668 0.956966 0.34926 0.31622 -0.384863 0.867113 0.400795 -0.930002 -0.306262 0.203222 -0.504304 0.187351 -0.87068 -0.45477 0.485867 
1534166833178 0.327206 0.900109 -0.287646 -0.594202 -0.935214 0.352057 0.0378292 -0.224584 0.135318 0.256633 0.956989 0.349257 0.31622 -0.384863 0.867113 0.400795 -0.930002 -0.306262 0.203222 -0.504304 0.187351 -0.87068 -0.45477 0.485867 
1534166833195 0.327256 0.900112 -0.287577 -0.59421 -0.935207 0.352081 0.0377645 -0.224579 0.135243 0.256586 0.957013 0.349255 0.31622 -0.384863 0.867113 0.400795 -0.930002 -0.306262 0.203222 -0.504304 0.187351 -0.87068 -0.45477 0.485867 
1534166833220 0.327154 0.900019 -0.287988 -0.594172 -0.935184 0.352111 0.0380488 -0.224697 0.135649 0.256874 0.956878 0.349305 0.31622 -0.384863 0.867113 0.400795 -0.930002 -0.306262 0.203222 -0.504304 0.187351 -0.87068 -0.45477 0.485867 
1534166833231 0.327105 0.900028 -0.288013 -0.594168 -0.935172 0.352122 0.0382644 -0.224715 0.135855 0.256825 0.956862 0.349309 0.31622 -0.384863 0.867113 0.400795 -0.930002 -0.306262 0.203222 -0.504304 0.187351 -0.87068 -0.45477 0.485867 
1534166833248 0.327056 0.900038 -0.288037 -0.594166 -0.935159 0.352133 0.03848 -0.224735 0.136061 0.256775 0.956846 0.349311 0.31622 -0.384863 0.867113 0.400795 -0.930002 -0.306262 0.203222 -0.504304 0.187351 -0.87068 -0.45477 0.485867 
1534166833265 0.327007 0.900049 -0.288061 -0.594164 -0.935146 0.352143 0.0386958 -0.224756 0.136267 0.256725 0.95683 0.349312 0.31622 -0.384863 0.867113 0.400795 -0.930002 -0.306262 0.203222 -0.504304 0.187351 -0.87068 -0.45477 0.485867 
1534166833281 0.326958 0.900059 -0.288084 -0.594163 -0.935133 0.352153 0.0389116 -0.224778 0.136473 0.256675 0.956814 0.349314 0.31622 -0.384863 0.867113 0.400795 -0.930002 -0.306262 0.203222 -0.504304 0.187351 -0.87068 -0.45477 0.485867 
1534166833298 0.326908 0.900069 -0.288108 -0.594162 -0.93512 0.352164 0.0391274 -0.224799 0.136678 0.256624 0.956798 0.349315 0.31622 -0.384863 0.867113 0.400795 -0.930002 -0.306262 0.203222 -0.504304 0.187351 -0.87068 -0.45477 0.485867 
1534166833315 0.32686 0.900079 -0.288132 -0.59416 -0.935107 0.352174 0.039343 -0.224819 0.136884 0.256574 0.956782 0.349317 0.31622 -0.384863 0.867113 0.400795 -0.930002 -0.306262 0.203222 -0.504304 0.187351 -0.87068 -0.45477 0.485867 
1534166833331 0.32681 0.90009 -0.288155 -0.59416 -0.935094 0.352184 0.0395588 -0.224841 0.13709 0.256524 0.956766 0.349319 0.31622 -0.384863 0.867113 0.400795 -0.930002 -0.306262 0.203222 -0.504304 0.187351 -0.87068 -0.45477 0.485867 
