1535371463020 0.213057 0.91939 -0.330648 -0.472599 -0.94377 0.28122 0.17382 -0.171413 0.252793 0.275022 0.927609 0.4741 0.353653 -0.261738 0.89801 0.337198 -0.914209 -0.299805 0.27265 -0.492793 0.197865 -0.917393 -0.34531 0.479028 
1535371463030 0.217016 0.920175 -0.325857 -0.48906 -0.94325 0.283626 0.17273 -0.178426 0.251364 0.269879 0.929506 0.464027 0.331906 -0.251984 0.909034 0.341639 -0.928547 -0.257107 0.267761 -0.491882 0.166247 -0.932952 -0.319315 0.475022 
1535371463038 0.220964 0.920924 -0.32105 -0.505526 -0.942719 0.286035 0.171654 -0.185445 0.249913 0.264731 0.931376 0.453951 0.310418 -0.241116 0.919513 0.346078 -0.941148 -0.214026 0.261599 -0.490966 0.133724 -0.946602 -0.293363 0.471014 
1535371463994 0.224903 0.921638 -0.316231 -0.521991 -0.942177 0.288448 0.170591 -0.192462 0.248439 0.259579 0.933219 0.443876 0.289241 -0.229159 0.929422 0.350517 -0.95198 -0.170663 0.254182 -0.49005 0.10037 -0.958311 -0.267517 0.467006 
1535371464350 0.228831 0.922316 -0.311398 -0.538458 -0.941624 0.290863 0.16954 -0.19948 0.246944 0.254423 0.935033 0.433801 0.268424 -0.21614 0.93874 0.354955 -0.961019 -0.127119 0.245526 -0.489133 0.0662633 -0.968052 -0.241836 0.462998 
1535371464362 0.23275 0.922959 -0.306552 -0.554923 -0.94106 0.293281 0.168502 -0.206498 0.245426 0.249265 0.936821 0.423726 0.248015 -0.20209 0.947443 0.359394 -0.968244 -0.0834953 0.235651 -0.488217 0.0314843 -0.975801 -0.216381 0.45899 
1535371464735 0.236659 0.923566 -0.301694 -0.571387 -0.940485 0.295702 0.167476 -0.213515 0.243886 0.244104 0.93858 0.413651 0.228062 -0.187042 0.955512 0.363833 -0.973639 -0.0398942 0.224579 -0.487301 -0.00388643 -0.981541 -0.19121 0.454983 
1535371465991 0.240557 0.924137 -0.296823 -0.587852 -0.9399 0.298126 0.166463 -0.220532 0.242325 0.23894 0.940312 0.403576 0.208612 -0.171031 0.962927 0.368272 -0.97719 0.00358288 0.212338 -0.486385 -0.0397666 -0.985259 -0.166383 0.450975 
1535371465998 0.244444 0.924672 -0.291939 -0.604318 -0.939303 0.300552 0.165462 -0.227549 0.240741 0.233773 0.942016 0.393501 0.18971 -0.154094 0.969673 0.372711 -0.978889 0.0468349 0.198956 -0.485469 -0.0760725 -0.986945 -0.141956 0.446967 
1535371466767 0.248322 0.925172 -0.287043 -0.620783 -0.938696 0.302981 0.164474 -0.234566 0.239136 0.228604 0.943692 0.383426 0.1714 -0.136271 0.975732 0.37715 -0.978732 0.0897609 0.184463 -0.484554 -0.11272 -0.986597 -0.117988 0.44296 
1535371468846 0.249181 0.92489 -0.287205 -0.620544 -0.938444 0.303853 0.164304 -0.234767 0.239232 0.228585 0.943672 0.383972 0.170911 -0.136793 0.975744 0.376762 -0.978985 0.0882471 0.18385 -0.484981 -0.111256 -0.986661 -0.118836 0.44316 
1535371468860 0.249481 0.924966 -0.2867 -0.62221 -0.938408 0.304009 0.164223 -0.235446 0.23906 0.228071 0.94384 0.382911 0.17503 -0.139173 0.974677 0.376388 -0.979112 0.0794197 0.187167 -0.485253 -0.103457 -0.987078 -0.122365 0.443826 
1535371468980 0.249782 0.925042 -0.286193 -0.623882 -0.938372 0.304164 0.164142 -0.236129 0.238888 0.227556 0.944008 0.381848 0.179166 -0.141514 0.973588 0.376015 -0.979157 0.0705794 0.190449 -0.485527 -0.0956665 -0.987417 -0.125919 0.444492 
1535371469232 0.250083 0.925117 -0.285686 -0.625552 -0.938335 0.30432 0.164062 -0.236811 0.238716 0.227041 0.944175 0.380786 0.183318 -0.143817 0.972477 0.375642 -0.979117 0.0617261 0.193698 -0.4858 -0.0878842 -0.987677 -0.129498 0.445158 
1535371469483 0.250384 0.925192 -0.285179 -0.627223 -0.938299 0.304476 0.163981 -0.237492 0.238544 0.226525 0.944343 0.379724 0.187485 -0.14608 0.971344 0.375269 -0.978995 0.0528609 0.196912 -0.486074 -0.080111 -0.987859 -0.133101 0.445824 
1535371469769 0.250685 0.925267 -0.284672 -0.628894 -0.938262 0.304632 0.163901 -0.238174 0.238372 0.22601 0.94451 0.378662 0.191668 -0.148305 0.97019 0.374896 -0.97879 0.0439845 0.200091 -0.486347 -0.0723478 -0.987963 -0.136729 0.44649 
1535371469949 0.250985 0.925341 -0.284165 -0.630565 -0.938226 0.304788 0.16382 -0.238856 0.2382 0.225495 0.944676 0.3776 0.195865 -0.15049 0.969015 0.374523 -0.978501 0.0350979 0.203233 -0.48662 -0.064595 -0.987988 -0.140381 0.447157 
1535371470303 0.251286 0.925415 -0.283658 -0.632235 -0.938189 0.304944 0.16374 -0.239538 0.238027 0.224979 0.944843 0.376538 0.200077 -0.152636 0.967818 0.374149 -0.978129 0.0262018 0.206341 -0.486894 -0.0568536 -0.987935 -0.144056 0.447823 
1535371470311 0.251586 0.925489 -0.28315 -0.633907 -0.938152 0.3051 0.16366 -0.24022 0.237854 0.224464 0.945009 0.375475 0.204302 -0.154743 0.9666 0.373776 -0.977674 0.0172969 0.209412 -0.487167 -0.0491243 -0.987803 -0.147754 0.448489 
1535371470441 0.251886 0.925563 -0.282643 -0.635577 -0.938115 0.305256 0.16358 -0.240902 0.237682 0.223948 0.945174 0.374413 0.208541 -0.156809 0.965361 0.373403 -0.977137 0.00838435 0.212447 -0.48744 -0.0414076 -0.987593 -0.151476 0.449155 
1535371471352 0.252341 0.925347 -0.282943 -0.635363 -0.93796 0.305774 0.163501 -0.240965 0.237812 0.224131 0.945098 0.374574 0.208211 -0.156544 0.965475 0.373438 -0.977121 0.0105077 0.212426 -0.487295 -0.0433991 -0.987615 -0.150775 0.44886 
1535371471364 0.251939 0.92526 -0.283587 -0.635773 -0.938015 0.305554 0.163599 -0.241176 0.238022 0.224792 0.944888 0.374415 0.207548 -0.154183 0.965998 0.374099 -0.977296 0.0103344 0.211625 -0.487391 -0.0426119 -0.987988 -0.148537 0.448517 
1535371471388 0.251536 0.925172 -0.28423 -0.636187 -0.93807 0.305333 0.163697 -0.241389 0.238232 0.225452 0.944678 0.374255 0.206883 -0.15182 0.966515 0.374759 -0.977471 0.0101584 0.210824 -0.487487 -0.0418253 -0.988356 -0.146298 0.448174 
1535371471571 0.251133 0.925084 -0.284872 -0.636601 -0.938125 0.305112 0.163795 -0.241602 0.238442 0.226111 0.944468 0.374095 0.206216 -0.149456 0.967025 0.37542 -0.977645 0.00998026 0.210024 -0.487583 -0.0410404 -0.988718 -0.144057 0.447831 
1535371471625 0.25073 0.924995 -0.285513 -0.637016 -0.938179 0.304892 0.163893 -0.241815 0.238651 0.22677 0.944257 0.373935 0.205548 -0.147092 0.96753 0.37608 -0.977819 0.00980039 0.209223 -0.487678 -0.0402572 -0.989074 -0.141815 0.447488 
1535371471851 0.250327 0.924906 -0.286155 -0.637431 -0.938234 0.304671 0.163992 -0.242029 0.23886 0.227429 0.944046 0.373774 0.204876 -0.144727 0.968029 0.376741 -0.977992 0.00961869 0.208423 -0.487774 -0.0394755 -0.989425 -0.139571 0.447145 
1535371471858 0.249923 0.924817 -0.286796 -0.637846 -0.938288 0.30445 0.16409 -0.242242 0.239069 0.228087 0.943834 0.373614 0.204203 -0.142361 0.968522 0.377402 -0.978163 0.00943489 0.207623 -0.48787 -0.0386953 -0.98977 -0.137326 0.446803 
1535371471906 0.24952 0.924727 -0.287438 -0.63826 -0.938342 0.30423 0.164189 -0.242455 0.239277 0.228746 0.943622 0.373454 0.203529 -0.139995 0.969008 0.378062 -0.978334 0.00924904 0.206824 -0.487966 -0.0379167 -0.990109 -0.135079 0.44646 
1535371471913 0.249116 0.924636 -0.288079 -0.638673 -0.938396 0.304009 0.164288 -0.242668 0.239485 0.229405 0.943409 0.373294 0.202851 -0.137628 0.96949 0.378723 -0.978505 0.00906146 0.206024 -0.488062 -0.0371396 -0.990443 -0.132831 0.446117 
1535371472230 0.248712 0.924545 -0.288719 -0.639089 -0.938451 0.303788 0.164387 -0.242882 0.239693 0.230064 0.943196 0.373134 0.202172 -0.13526 0.969964 0.379383 -0.978675 0.00887185 0.205225 -0.488158 -0.0363641 -0.99077 -0.130582 0.445774 
1535371472577 0.249005 0.924519 -0.28855 -0.63884 -0.938397 0.304014 0.164276 -0.242853 0.239599 0.229869 0.943267 0.373167 0.202503 -0.136411 0.969734 0.379025 -0.978581 0.00926241 0.205654 -0.48808 -0.0370356 -0.990609 -0.131614 0.445832 
1535371472587 0.248487 0.924726 -0.288334 -0.638699 -0.938516 0.303499 0.164546 -0.242905 0.239669 0.229719 0.943286 0.373307 0.201924 -0.134433 0.970131 0.379351 -0.978733 0.0088944 0.204947 -0.488123 -0.0361803 -0.990883 -0.129778 0.445571 
1535371472593 0.247969 0.924932 -0.288119 -0.638555 -0.938636 0.302984 0.164815 -0.242957 0.239738 0.22957 0.943304 0.373448 0.201341 -0.132453 0.970525 0.379676 -0.978884 0.00852475 0.204238 -0.488163 -0.0353255 -0.991153 -0.12794 0.445308 
1535371472770 0.247452 0.925137 -0.287904 -0.638409 -0.938754 0.302469 0.165085 -0.243007 0.239808 0.22942 0.943323 0.373589 0.200755 -0.130473 0.970914 0.38 -0.979035 0.0081537 0.20353 -0.488201 -0.0344716 -0.991418 -0.126101 0.445045 
1535371472783 0.246935 0.925343 -0.287688 -0.638264 -0.938873 0.301954 0.165354 -0.243057 0.239878 0.229271 0.943342 0.373731 0.200168 -0.128493 0.971299 0.380325 -0.979185 0.00778124 0.202822 -0.488241 -0.0336191 -0.99168 -0.12426 0.444782 
1535371472831 0.246417 0.925548 -0.287472 -0.638119 -0.938991 0.301438 0.165623 -0.243108 0.239947 0.229121 0.94336 0.373871 0.199579 -0.126512 0.97168 0.38065 -0.979334 0.00740731 0.202115 -0.488281 -0.0327676 -0.991937 -0.122419 0.44452 
1535371472839 0.2459 0.925752 -0.287256 -0.637974 -0.939109 0.300923 0.165892 -0.243158 0.240017 0.228972 0.943379 0.374013 0.198988 -0.124531 0.972057 0.380975 -0.979482 0.00703198 0.201409 -0.488319 -0.0319172 -0.992191 -0.120577 0.444257 
1535371472889 0.245382 0.925957 -0.28704 -0.637829 -0.939226 0.300407 0.166161 -0.243209 0.240087 0.228822 0.943397 0.374154 0.198396 -0.12255 0.97243 0.3813 -0.97963 0.00665518 0.200703 -0.488359 -0.0310679 -0.99244 -0.118734 0.443995 
1535371473083 0.244864 0.926161 -0.286824 -0.637683 -0.939343 0.299892 0.16643 -0.243259 0.240157 0.228673 0.943416 0.374295 0.197802 -0.120569 0.972799 0.381624 -0.979776 0.00627687 0.199998 -0.488398 -0.0302198 -0.992685 -0.116889 0.443732 
1535371473093 0.244347 0.926365 -0.286607 -0.637538 -0.93946 0.299376 0.166699 -0.24331 0.240227 0.228524 0.943434 0.374436 0.197206 -0.118588 0.973163 0.381949 -0.979922 0.00589718 0.199294 -0.488438 -0.0293727 -0.992926 -0.115044 0.44347 
1535371473521 0.245263 0.926016 -0.286951 -0.637768 -0.939234 0.3003 0.166313 -0.24323 0.24018 0.228723 0.943398 0.374235 0.1974 -0.119666 0.972992 0.381737 -0.979858 0.00647834 0.19959 -0.488472 -0.0301874 -0.992793 -0.115977 0.443567 
1535371473532 0.244667 0.926216 -0.286814 -0.637662 -0.93938 0.299716 0.166542 -0.243306 0.240216 0.22868 0.943399 0.374322 0.197368 -0.120703 0.97287 0.381702 -0.979881 0.00571677 0.199499 -0.488522 -0.0296419 -0.992672 -0.117147 0.443703 
1535371473649 0.244069 0.926416 -0.286676 -0.637557 -0.939525 0.29913 0.166773 -0.243383 0.240255 0.228635 0.9434 0.374408 0.197337 -0.121742 0.972747 0.38167 -0.979904 0.00495506 0.199409 -0.488577 -0.0290966 -0.992549 -0.118318 0.443842 
1535371473666 0.243471 0.926616 -0.286538 -0.637452 -0.939671 0.298544 0.167004 -0.24346 0.240293 0.228591 0.943401 0.374494 0.197308 -0.122781 0.972622 0.381638 -0.979926 0.00419334 0.199319 -0.488631 -0.0285511 -0.992425 -0.119489 0.443981 
1535371473723 0.242874 0.926816 -0.2864 -0.637348 -0.939816 0.297959 0.167234 -0.243537 0.240331 0.228547 0.943402 0.374581 0.197279 -0.12382 0.972497 0.381606 -0.979947 0.00343169 0.199227 -0.488686 -0.0280056 -0.992299 -0.12066 0.444119 
1535371473868 0.242276 0.927015 -0.286263 -0.637242 -0.93996 0.297373 0.167465 -0.243613 0.240369 0.228503 0.943403 0.374667 0.19725 -0.124858 0.97237 0.381573 -0.979969 0.00267017 0.199134 -0.48874 -0.02746 -0.992171 -0.121831 0.444257 
1535371473980 0.241678 0.927213 -0.286124 -0.637138 -0.940104 0.296787 0.167695 -0.24369 0.240407 0.228459 0.943404 0.374753 0.197222 -0.125897 0.972241 0.381541 -0.979989 0.00190868 0.199041 -0.488795 -0.0269143 -0.992042 -0.123001 0.444395 
1535371474047 0.241081 0.927411 -0.285986 -0.637033 -0.940248 0.296201 0.167925 -0.243767 0.240445 0.228414 0.943405 0.37484 0.197195 -0.126935 0.972112 0.381508 -0.98001 0.00114735 0.198946 -0.488849 -0.0263686 -0.99191 -0.124171 0.444533 
1535371474204 0.240483 0.927609 -0.285848 -0.636928 -0.940391 0.295615 0.168155 -0.243844 0.240483 0.228371 0.943406 0.374926 0.197168 -0.127973 0.971981 0.381475 -0.98003 0.000386118 0.198851 -0.488903 -0.0258229 -0.991778 -0.125341 0.444671 
1535371474218 0.239884 0.927807 -0.285709 -0.636824 -0.940534 0.295028 0.168385 -0.243921 0.240521 0.228326 0.943407 0.375012 0.197142 -0.129011 0.971849 0.381443 -0.980049 -0.000375082 0.198755 -0.488959 -0.0252771 -0.991643 -0.126511 0.444809 
1535371474443 0.240853 0.9275 -0.285889 -0.636944 -0.940293 0.295979 0.168065 -0.243911 0.240498 0.228341 0.943409 0.374908 0.197354 -0.126941 0.972079 0.381558 -0.979979 0.00107358 0.199098 -0.488773 -0.0263173 -0.99191 -0.124188 0.444584 
1535371474457 0.241023 0.927502 -0.285741 -0.636903 -0.940239 0.296124 0.16811 -0.243919 0.240537 0.228146 0.943446 0.374895 0.196712 -0.127366 0.972153 0.381589 -0.980049 0.0032178 0.198731 -0.488831 -0.0284397 -0.991851 -0.124192 0.444567 
1535371474514 0.241193 0.927504 -0.285592 -0.63686 -0.940185 0.296268 0.168156 -0.243926 0.240577 0.227951 0.943483 0.374882 0.196068 -0.127789 0.972228 0.381619 -0.980114 0.00536186 0.198363 -0.488885 -0.0305616 -0.991787 -0.124197 0.444549 
1535371474600 0.241363 0.927505 -0.285443 -0.636817 -0.940131 0.296414 0.168202 -0.243933 0.240617 0.227757 0.94352 0.374869 0.195422 -0.128212 0.972302 0.381649 -0.980174 0.00750599 0.197994 -0.488938 -0.0326833 -0.991718 -0.124203 0.444532 
1535371474623 0.241533 0.927507 -0.285295 -0.636774 -0.940078 0.296558 0.168247 -0.243941 0.240657 0.227562 0.943557 0.374856 0.194777 -0.128632 0.972376 0.381679 -0.98023 0.00965018 0.197626 -0.488994 -0.0348048 -0.991645 -0.12421 0.444515 
1535371474644 0.241703 0.927508 -0.285146 -0.636731 -0.940024 0.296703 0.168293 -0.243948 0.240697 0.227367 0.943594 0.374844 0.19413 -0.129052 0.97245 0.381708 -0.980281 0.0117946 0.197258 -0.489047 -0.0369261 -0.991568 -0.124217 0.444497 
1535371474658 0.241873 0.92751 -0.284996 -0.636688 -0.93997 0.296848 0.168339 -0.243955 0.240737 0.227171 0.943631 0.374831 0.193482 -0.12947 0.972524 0.381739 -0.980327 0.013939 0.19689 -0.489101 -0.0390473 -0.991485 -0.124226 0.44448 
1535371474673 0.242043 0.927511 -0.284848 -0.636645 -0.939916 0.296993 0.168385 -0.243962 0.240777 0.226977 0.943667 0.374818 0.192833 -0.129886 0.972597 0.381768 -0.980368 0.0160836 0.196521 -0.489154 -0.0411683 -0.991398 -0.124235 0.444462 
1535371474680 0.242213 0.927512 -0.284699 -0.636602 -0.939862 0.297138 0.168431 -0.243969 0.240816 0.226782 0.943704 0.374805 0.192183 -0.130301 0.97267 0.381798 -0.980404 0.0182283 0.196153 -0.489209 -0.043289 -0.991307 -0.124245 0.444445 
1535371474728 0.242383 0.927514 -0.28455 -0.636559 -0.939808 0.297283 0.168477 -0.243976 0.240856 0.226586 0.943741 0.374792 0.191532 -0.130715 0.972743 0.381828 -0.980435 0.0203729 0.195785 -0.489263 -0.0454096 -0.991211 -0.124255 0.444427 
1535371475192 0.241324 0.927481 -0.285554 -0.63687 -0.940126 0.296411 0.168235 -0.243874 0.240676 0.227858 0.943481 0.374825 0.19214 -0.130363 0.97267 0.381765 -0.980383 0.0188973 0.196196 -0.489197 -0.0439575 -0.991286 -0.124175 0.444482 
1535371475208 0.241928 0.927367 -0.285415 -0.636694 -0.940054 0.296883 0.167804 -0.243763 0.240351 0.22771 0.943599 0.374867 0.192214 -0.13137 0.97252 0.381818 -0.980376 0.0184993 0.196265 -0.489327 -0.0437742 -0.991161 -0.125236 0.444591 
1535371475340 0.242544 0.92725 -0.28527 -0.636509 -0.939978 0.297366 0.167374 -0.24365 0.240027 0.227553 0.94372 0.374911 0.192289 -0.132376 0.972369 0.381872 -0.98037 0.0181015 0.196335 -0.48946 -0.0435914 -0.991034 -0.126297 0.4447 
1535371475347 0.24316 0.927134 -0.285125 -0.636326 -0.939902 0.297849 0.166943 -0.243538 0.239703 0.227396 0.94384 0.374954 0.192365 -0.133382 0.972217 0.381925 -0.980363 0.0177035 0.196405 -0.489591 -0.0434086 -0.990907 -0.127357 0.44481 
1535371475354 0.243775 0.927017 -0.284979 -0.636143 -0.939825 0.298332 0.166513 -0.243426 0.239378 0.227239 0.94396 0.374997 0.19244 -0.134388 0.972063 0.381978 -0.980356 0.0173056 0.196475 -0.489723 -0.0432259 -0.990778 -0.128417 0.444919 
1535371475562 0.244391 0.9269 -0.284833 -0.63596 -0.939748 0.298815 0.166082 -0.243314 0.239054 0.227082 0.94408 0.37504 0.192517 -0.135393 0.971908 0.382032 -0.980349 0.0169075 0.196544 -0.489855 -0.0430433 -0.990648 -0.129478 0.445028 
1535371475624 0.245006 0.926782 -0.284687 -0.635776 -0.93967 0.299298 0.165652 -0.243202 0.238729 0.226926 0.9442 0.375083 0.192593 -0.136399 0.971753 0.382085 -0.980342 0.0165094 0.196612 -0.489987 -0.0428608 -0.990516 -0.130538 0.445137 
1535371475641 0.245621 0.926664 -0.28454 -0.635593 -0.939592 0.299781 0.165222 -0.24309 0.238405 0.22677 0.944319 0.375126 0.192669 -0.137404 0.971596 0.382138 -0.980335 0.0161112 0.196681 -0.490118 -0.0426783 -0.990384 -0.131598 0.445246 
1535371475753 0.246237 0.926546 -0.284393 -0.635409 -0.939513 0.300264 0.164791 -0.242977 0.23808 0.226614 0.944439 0.37517 0.192746 -0.138409 0.971438 0.382192 -0.980328 0.015713 0.196748 -0.49025 -0.042496 -0.99025 -0.132658 0.445356 
1535371475928 0.246852 0.926428 -0.284246 -0.635226 -0.939434 0.300746 0.164361 -0.242865 0.237755 0.226458 0.944558 0.375213 0.192822 -0.139414 0.971279 0.382245 -0.980321 0.0153147 0.196816 -0.490382 -0.0423137 -0.990116 -0.133718 0.445465 
1535371476158 0.246375 0.926475 -0.284506 -0.635385 -0.939463 0.30043 0.164778 -0.243003 0.238137 0.226686 0.944407 0.375168 0.19263 -0.138188 0.971493 0.382142 -0.980353 0.0157196 0.196623 -0.490263 -0.0424423 -0.990281 -0.132445 0.445382 
1535371476171 0.246754 0.926399 -0.284425 -0.635014 -0.939385 0.300756 0.164624 -0.242839 0.23805 0.226563 0.944458 0.375289 0.192877 -0.138324 0.971424 0.382203 -0.980251 0.0168961 0.197035 -0.490432 -0.0436679 -0.990243 -0.132333 0.445296 
1535371476176 0.247133 0.926323 -0.284344 -0.634638 -0.939308 0.301083 0.164469 -0.242673 0.237962 0.226441 0.94451 0.37541 0.193124 -0.138459 0.971356 0.382264 -0.980147 0.018072 0.197448 -0.490601 -0.0448929 -0.990203 -0.13222 0.44521 
1535371476320 0.247512 0.926246 -0.284263 -0.634263 -0.93923 0.30141 0.164313 -0.242508 0.237874 0.226319 0.944561 0.375531 0.193371 -0.138596 0.971287 0.382325 -0.980041 0.0192479 0.19786 -0.490771 -0.0461178 -0.990162 -0.132107 0.445124 
1535371476432 0.247892 0.92617 -0.284183 -0.633887 -0.939153 0.301736 0.164158 -0.242341 0.237786 0.226198 0.944612 0.375653 0.193618 -0.138732 0.971219 0.382387 -0.979934 0.0204237 0.198272 -0.490941 -0.0473426 -0.990119 -0.131994 0.445038 
1535371476443 0.248271 0.926093 -0.284102 -0.63351 -0.939075 0.302063 0.164002 -0.242175 0.237698 0.226076 0.944664 0.375775 0.193864 -0.138869 0.97115 0.382448 -0.979826 0.0215994 0.198684 -0.49111 -0.0485673 -0.990075 -0.13188 0.444952 
1535371476500 0.24865 0.926016 -0.284021 -0.633135 -0.938997 0.302389 0.163847 -0.24201 0.237609 0.225954 0.944715 0.375896 0.19411 -0.139006 0.971081 0.382509 -0.979715 0.0227749 0.199096 -0.491279 -0.0497919 -0.99003 -0.131765 0.444866 
1535371476714 0.249029 0.925939 -0.28394 -0.632758 -0.938919 0.302716 0.163691 -0.241843 0.237521 0.225833 0.944766 0.376018 0.194356 -0.139143 0.971012 0.38257 -0.979603 0.0239505 0.199508 -0.491449 -0.0510165 -0.989983 -0.13165 0.44478 
1535371476769 0.249408 0.925862 -0.283859 -0.632383 -0.938841 0.303042 0.163536 -0.241677 0.237433 0.225711 0.944818 0.376139 0.194603 -0.139281 0.970943 0.382631 -0.97949 0.0251259 0.19992 -0.491619 -0.0522409 -0.989934 -0.131535 0.444694 
1535371476820 0.249787 0.925785 -0.283778 -0.632006 -0.938762 0.303369 0.16338 -0.241511 0.237344 0.225589 0.944869 0.376261 0.194848 -0.139419 0.970874 0.382693 -0.979375 0.0263012 0.200331 -0.491788 -0.0534652 -0.989884 -0.131419 0.444608 
1535371477196 0.249168 0.925945 -0.283799 -0.632198 -0.938929 0.302779 0.163517 -0.241511 0.237336 0.225724 0.944839 0.376137 0.194383 -0.139344 0.970978 0.382554 -0.979563 0.0245809 0.19963 -0.491621 -0.0516847 -0.989939 -0.131718 0.444764 
1535371477208 0.249204 0.925891 -0.283943 -0.63175 -0.938842 0.302912 0.163769 -0.24133 0.237642 0.225765 0.944752 0.376262 0.195177 -0.139068 0.970858 0.382649 -0.979481 0.02306 0.200214 -0.491821 -0.0502314 -0.990014 -0.131714 0.444663 
1535371477394 0.249239 0.925837 -0.284088 -0.631298 -0.938754 0.303046 0.164022 -0.241147 0.237949 0.225808 0.944664 0.376388 0.195972 -0.13879 0.970738 0.382745 -0.979396 0.021539 0.200799 -0.492023 -0.0487777 -0.990088 -0.131709 0.444561 
1535371477401 0.249275 0.925782 -0.284234 -0.630846 -0.938667 0.30318 0.164274 -0.240964 0.238256 0.225851 0.944577 0.376514 0.196766 -0.138511 0.970617 0.382841 -0.979308 0.0200181 0.201385 -0.492224 -0.0473238 -0.990159 -0.131706 0.44446 
1535371477668 0.249311 0.925728 -0.284379 -0.630393 -0.93858 0.303313 0.164526 -0.24078 0.238562 0.225894 0.944489 0.37664 0.19756 -0.13823 0.970496 0.382937 -0.979217 0.0184973 0.201969 -0.492426 -0.0458698 -0.990227 -0.131703 0.444359 
1535371477675 0.249347 0.925674 -0.284524 -0.62994 -0.938492 0.303447 0.164778 -0.240597 0.238869 0.225937 0.944401 0.376766 0.198353 -0.137948 0.970374 0.383033 -0.979124 0.0169766 0.202555 -0.492627 -0.0444157 -0.990294 -0.131701 0.444257 
1535371477697 0.249382 0.92562 -0.28467 -0.629486 -0.938405 0.303581 0.16503 -0.240413 0.239175 0.22598 0.944314 0.376892 0.199145 -0.137665 0.970252 0.383129 -0.979028 0.0154561 0.203139 -0.492829 -0.0429615 -0.990358 -0.1317 0.444156 
1535371477838 0.249418 0.925565 -0.284815 -0.629034 -0.938317 0.303715 0.165282 -0.24023 0.239482 0.226023 0.944226 0.377018 0.199938 -0.13738 0.97013 0.383225 -0.978929 0.0139357 0.203725 -0.49303 -0.0415072 -0.99042 -0.131699 0.444055 
1535371478029 0.249453 0.925511 -0.284961 -0.628582 -0.93823 0.303848 0.165534 -0.240047 0.239788 0.226066 0.944138 0.377144 0.200729 -0.137095 0.970007 0.383321 -0.978828 0.0124154 0.204309 -0.493231 -0.0400528 -0.99048 -0.1317 0.443953 
1535371478035 0.249489 0.925457 -0.285106 -0.628129 -0.938142 0.303982 0.165786 -0.239863 0.240095 0.226108 0.94405 0.37727 0.201521 -0.136808 0.969883 0.383417 -0.978723 0.0108953 0.204894 -0.493433 -0.0385983 -0.990538 -0.131702 0.443852 
1535371478433 0.249104 0.925605 -0.284962 -0.628371 -0.938321 0.303516 0.165625 -0.239882 0.239794 0.226128 0.944121 0.377237 0.200895 -0.137063 0.969977 0.383298 -0.97882 0.01175 0.204387 -0.493346 -0.039411 -0.990493 -0.131799 0.443937 
1535371478437 0.249064 0.925549 -0.285177 -0.627984 -0.938193 0.303647 0.166108 -0.239742 0.240334 0.226179 0.943972 0.377362 0.201367 -0.136022 0.970025 0.383354 -0.978804 0.009802 0.204563 -0.493461 -0.0373334 -0.990657 -0.131166 0.443777 
1535371478444 0.249025 0.925493 -0.285392 -0.627592 -0.938065 0.303778 0.16659 -0.2396 0.240873 0.226232 0.943822 0.377489 0.201835 -0.134981 0.970073 0.38341 -0.978785 0.00785409 0.204741 -0.493577 -0.0352552 -0.990817 -0.130532 0.443616 
1535371478692 0.248986 0.925437 -0.285608 -0.627199 -0.937937 0.30391 0.167071 -0.239457 0.241413 0.226284 0.943671 0.377616 0.202302 -0.133939 0.970121 0.383467 -0.978761 0.0059063 0.204919 -0.493694 -0.0331765 -0.990972 -0.129899 0.443456 
1535371478717 0.248947 0.925381 -0.285823 -0.626807 -0.937809 0.304042 0.167552 -0.239314 0.241952 0.226336 0.943521 0.377742 0.202767 -0.132895 0.970167 0.383523 -0.978733 0.00395864 0.2051 -0.49381 -0.0310973 -0.991122 -0.129266 0.443296 
1535371478875 0.248907 0.925326 -0.286038 -0.626416 -0.93768 0.304173 0.168034 -0.239172 0.242491 0.226387 0.94337 0.377869 0.20323 -0.131851 0.970213 0.383579 -0.978701 0.00201114 0.205281 -0.493926 -0.0290178 -0.991267 -0.128634 0.443136 
1535371479029 0.248868 0.92527 -0.286254 -0.626023 -0.937551 0.304305 0.168515 -0.239029 0.24303 0.226439 0.943219 0.377995 0.20369 -0.130806 0.970258 0.383636 -0.978665 6.39003e-05 0.205463 -0.494043 -0.0269378 -0.991408 -0.128002 0.442976 
1535371479037 0.248828 0.925214 -0.286469 -0.625631 -0.937421 0.304437 0.168996 -0.238887 0.243569 0.226491 0.943067 0.378122 0.204148 -0.129759 0.970302 0.383692 -0.978624 -0.00188316 0.205647 -0.494159 -0.0248574 -0.991544 -0.12737 0.442816 
1535371479144 0.248789 0.925158 -0.286684 -0.625238 -0.937292 0.304568 0.169477 -0.238744 0.244108 0.226543 0.942916 0.378248 0.204604 -0.128712 0.970346 0.383748 -0.97858 -0.00383006 0.205832 -0.494275 -0.0227766 -0.991675 -0.126739 0.442655 
1535371479394 0.248749 0.925102 -0.286899 -0.624847 -0.937162 0.3047 0.169958 -0.238602 0.244647 0.226594 0.942763 0.378375 0.205058 -0.127664 0.970388 0.383804 -0.978531 -0.00577671 0.206018 -0.494391 -0.0206954 -0.991801 -0.126107 0.442495 
1535371479710 0.248637 0.925186 -0.286724 -0.625077 -0.93729 0.30447 0.169664 -0.238625 0.24427 0.226558 0.94287 0.378274 0.204737 -0.128212 0.970384 0.383755 -0.978581 -0.00505529 0.205798 -0.494335 -0.0214803 -0.991734 -0.126501 0.442597 
1535371479724 0.248768 0.925047 -0.287058 -0.624809 -0.937203 0.304704 0.16972 -0.238534 0.244467 0.226811 0.942758 0.378368 0.204965 -0.12742 0.97044 0.383772 -0.978548 -0.00559621 0.205943 -0.494413 -0.0208106 -0.991833 -0.125834 0.442475 
1535371479753 0.2489 0.924907 -0.287394 -0.624536 -0.937117 0.304939 0.169776 -0.238442 0.244665 0.227064 0.942646 0.378463 0.205194 -0.126628 0.970495 0.38379 -0.978514 -0.00613704 0.206089 -0.494492 -0.0201406 -0.991931 -0.125166 0.442353 
1535371479908 0.249031 0.924768 -0.287729 -0.624264 -0.93703 0.305174 0.169832 -0.238349 0.244862 0.227318 0.942533 0.378557 0.205423 -0.125835 0.97055 0.383807 -0.97848 -0.00667774 0.206235 -0.49457 -0.0194706 -0.992029 -0.124499 0.442232 
1535371479936 0.249162 0.924628 -0.288065 -0.623991 -0.936944 0.305409 0.169887 -0.238257 0.24506 0.227571 0.942421 0.378652 0.205651 -0.125042 0.970604 0.383824 -0.978445 -0.00721832 0.206382 -0.494649 -0.0188003 -0.992125 -0.123831 0.44211 
1535371480064 0.249294 0.924488 -0.2884 -0.623719 -0.936857 0.305644 0.169943 -0.238165 0.245258 0.227824 0.942308 0.378746 0.205878 -0.124249 0.970658 0.383842 -0.97841 -0.00775874 0.206529 -0.494727 -0.0181299 -0.992221 -0.123164 0.441988 
1535371480165 0.249425 0.924348 -0.288735 -0.623446 -0.93677 0.305879 0.169998 -0.238072 0.245455 0.228077 0.942196 0.378841 0.206105 -0.123456 0.970711 0.383859 -0.978374 -0.00829909 0.206677 -0.494806 -0.0174594 -0.992315 -0.122496 0.441866 
1535371480302 0.249556 0.924208 -0.28907 -0.623174 -0.936684 0.306113 0.170054 -0.237979 0.245653 0.22833 0.942083 0.378936 0.206331 -0.122662 0.970763 0.383877 -0.978338 -0.00883927 0.206824 -0.494884 -0.0167887 -0.992409 -0.121829 0.441744 
1535371480403 0.249687 0.924067 -0.289406 -0.6229 -0.936597 0.306348 0.170109 -0.237886 0.245851 0.228583 0.94197 0.379031 0.206557 -0.121868 0.970815 0.383894 -0.978302 -0.00937932 0.206972 -0.494963 -0.0161178 -0.992502 -0.121161 0.441623 
1535371480499 0.249818 0.923927 -0.289741 -0.622628 -0.93651 0.306583 0.170164 -0.237794 0.246049 0.228836 0.941857 0.379125 0.206782 -0.121074 0.970867 0.383911 -0.978265 -0.00991932 0.207121 -0.495041 -0.0154467 -0.992594 -0.120494 0.441501 
1535371480808 0.249788 0.924046 -0.289387 -0.622811 -0.936559 0.306451 0.170131 -0.237895 0.245892 0.228531 0.941972 0.379129 0.206704 -0.12173 0.970801 0.383936 -0.978273 -0.00950733 0.207103 -0.494912 -0.0159809 -0.992518 -0.12105 0.441647 
1535371480821 0.249849 0.924008 -0.289455 -0.622523 -0.936508 0.306554 0.170225 -0.237772 0.246023 0.228547 0.941934 0.379214 0.206543 -0.122164 0.970781 0.383947 -0.978304 -0.00936467 0.206965 -0.494952 -0.0161926 -0.992466 -0.121448 0.441713 
1535371480838 0.249912 0.923969 -0.289526 -0.62223 -0.936457 0.306659 0.170319 -0.237647 0.246156 0.228564 0.941895 0.379301 0.206382 -0.122599 0.970761 0.383958 -0.978334 -0.0092212 0.206827 -0.494991 -0.0164052 -0.992413 -0.121846 0.441779 
1535371480971 0.249975 0.92393 -0.289597 -0.621936 -0.936405 0.306764 0.170413 -0.237521 0.246288 0.228581 0.941856 0.379388 0.206221 -0.123033 0.97074 0.38397 -0.978364 -0.00907788 0.20669 -0.495031 -0.0166174 -0.992361 -0.122243 0.441844 
1535371481020 0.250037 0.923891 -0.289668 -0.621645 -0.936354 0.306869 0.170507 -0.237396 0.24642 0.228598 0.941817 0.379474 0.20606 -0.123468 0.970719 0.383981 -0.978395 -0.00893418 0.206553 -0.49507 -0.0168301 -0.992308 -0.122641 0.44191 
1535371481040 0.2501 0.923852 -0.289738 -0.621351 -0.936302 0.306974 0.170601 -0.23727 0.246552 0.228616 0.941779 0.379561 0.205898 -0.123902 0.970698 0.383992 -0.978425 -0.00879057 0.206415 -0.49511 -0.0170423 -0.992255 -0.123039 0.441976 
1535371481178 0.250162 0.923812 -0.289809 -0.621058 -0.936251 0.307079 0.170694 -0.237145 0.246684 0.228633 0.94174 0.379647 0.205737 -0.124337 0.970676 0.384003 -0.978455 -0.00864692 0.206278 -0.49515 -0.0172545 -0.992202 -0.123437 0.442042 
1535371481184 0.250225 0.923773 -0.28988 -0.620765 -0.936199 0.307184 0.170788 -0.237019 0.246816 0.22865 0.941701 0.379734 0.205576 -0.124771 0.970655 0.384014 -0.978485 -0.00850318 0.206141 -0.495189 -0.0174668 -0.992149 -0.123835 0.442108 
1535371481246 0.250287 0.923734 -0.289951 -0.620473 -0.936148 0.307289 0.170882 -0.236894 0.246948 0.228667 0.941662 0.37982 0.205414 -0.125205 0.970633 0.384026 -0.978515 -0.00835938 0.206004 -0.495229 -0.017679 -0.992096 -0.124233 0.442173 
1535371481251 0.25035 0.923695 -0.290022 -0.620179 -0.936096 0.307394 0.170976 -0.236768 0.24708 0.228684 0.941623 0.379907 0.205253 -0.12564 0.970611 0.384037 -0.978545 -0.00821552 0.205867 -0.495268 -0.017891 -0.992042 -0.12463 0.442239 
1535371481591 0.250015 0.923859 -0.289786 -0.620399 -0.936258 0.306965 0.170861 -0.236793 0.246805 0.228597 0.941717 0.379864 0.205541 -0.124827 0.970655 0.383994 -0.978492 -0.00848226 0.20611 -0.495214 -0.0174948 -0.992142 -0.123886 0.44209 
1535371481612 0.249958 0.923838 -0.289904 -0.620231 -0.936145 0.30705 0.171326 -0.236757 0.247293 0.228568 0.941596 0.379932 0.20555 -0.125256 0.970598 0.384001 -0.978502 -0.00928356 0.206026 -0.495286 -0.0167954 -0.992081 -0.124472 0.442198 
1535371481626 0.249902 0.923816 -0.290022 -0.620052 -0.93603 0.307139 0.171794 -0.236717 0.247783 0.228538 0.941475 0.380003 0.205561 -0.125684 0.97054 0.384008 -0.978512 -0.0100852 0.205943 -0.49536 -0.0160957 -0.992019 -0.125057 0.442307 
1535371481633 0.249846 0.923794 -0.29014 -0.619871 -0.935916 0.307227 0.172261 -0.236677 0.248272 0.228508 0.941353 0.380074 0.205571 -0.126112 0.970482 0.384016 -0.978521 -0.0108867 0.205859 -0.495435 -0.015396 -0.991956 -0.125642 0.442416 
1535371481752 0.24979 0.923773 -0.290257 -0.619693 -0.9358 0.307315 0.172728 -0.236637 0.248762 0.228477 0.941231 0.380145 0.205583 -0.12654 0.970424 0.384023 -0.978529 -0.0116883 0.205776 -0.495508 -0.0146963 -0.991893 -0.126226 0.442524 
1535371481796 0.249734 0.923751 -0.290375 -0.619513 -0.935685 0.307403 0.173196 -0.236597 0.249252 0.228447 0.941109 0.380216 0.205594 -0.126968 0.970366 0.384031 -0.978537 -0.0124897 0.205691 -0.495582 -0.0139966 -0.991828 -0.126811 0.442633 
1535371481813 0.249678 0.923729 -0.290493 -0.619333 -0.93557 0.307491 0.173663 -0.236556 0.249741 0.228417 0.940986 0.380287 0.205606 -0.127396 0.970307 0.384038 -0.978545 -0.0132912 0.205606 -0.495657 -0.0132969 -0.991763 -0.127396 0.442741 
1535371481820 0.249621 0.923707 -0.290611 -0.619154 -0.935454 0.307579 0.17413 -0.236517 0.250231 0.228386 0.940864 0.380358 0.205617 -0.127824 0.970249 0.384045 -0.978551 -0.0140926 0.20552 -0.49573 -0.0125972 -0.991697 -0.12798 0.44285 
1535371481856 0.249565 0.923685 -0.290728 -0.618976 -0.935338 0.307667 0.174597 -0.236477 0.25072 0.228356 0.940741 0.380429 0.20563 -0.128252 0.970189 0.384053 -0.978557 -0.014894 0.205435 -0.495804 -0.0118974 -0.99163 -0.128565 0.442959 
1535371482019 0.249509 0.923663 -0.290846 -0.618795 -0.935221 0.307755 0.175064 -0.236436 0.25121 0.228325 0.940617 0.3805 0.205643 -0.12868 0.97013 0.38406 -0.978563 -0.0156953 0.205348 -0.495878 -0.0111977 -0.991562 -0.129149 0.443067 
1535371482079 0.249482 0.9238 -0.290436 -0.619441 -0.935707 0.307216 0.173408 -0.236457 0.249421 0.228501 0.941051 0.380195 0.205348 -0.127855 0.970302 0.383987 -0.978609 -0.0141495 0.205241 -0.495826 -0.0125117 -0.991692 -0.128025 0.442861 
1535371482093 0.249576 0.923798 -0.29036 -0.619258 -0.935687 0.307287 0.173391 -0.236401 0.249402 0.228412 0.941077 0.380228 0.205701 -0.12759 0.970262 0.383984 -0.978542 -0.0147331 0.205519 -0.495943 -0.0119271 -0.991718 -0.127882 0.442849 
1535371482107 0.249672 0.923796 -0.290284 -0.619071 -0.935667 0.307359 0.173373 -0.236344 0.249383 0.228323 0.941104 0.380262 0.206057 -0.127324 0.970221 0.383981 -0.978474 -0.015317 0.2058 -0.496062 -0.0113423 -0.991743 -0.127739 0.442837 
1535371482113 0.249767 0.923794 -0.290209 -0.618885 -0.935646 0.307431 0.173355 -0.236287 0.249364 0.228234 0.941131 0.380296 0.206413 -0.127058 0.970181 0.383978 -0.978406 -0.0159007 0.20608 -0.49618 -0.0107575 -0.991768 -0.127596 0.442824 
1535371482237 0.249863 0.923792 -0.290133 -0.618698 -0.935626 0.307504 0.173337 -0.236229 0.249344 0.228145 0.941157 0.38033 0.206768 -0.126792 0.97014 0.383976 -0.978337 -0.0164844 0.206361 -0.496299 -0.0101726 -0.991792 -0.127453 0.442812 
1535371482274 0.249959 0.92379 -0.290057 -0.618512 -0.935605 0.307576 0.173319 -0.236172 0.249325 0.228056 0.941184 0.380364 0.207123 -0.126525 0.970099 0.383973 -0.978268 -0.0170679 0.206641 -0.496418 -0.00958772 -0.991817 -0.127311 0.4428 
1535371482308 0.250054 0.923788 -0.289981 -0.618324 -0.935585 0.307648 0.173302 -0.236115 0.249306 0.227967 0.941211 0.380398 0.207478 -0.126259 0.970058 0.383971 -0.978198 -0.0176514 0.206922 -0.496537 -0.00900273 -0.99184 -0.127168 0.442788 
1535371482315 0.25015 0.923786 -0.289905 -0.618138 -0.935565 0.30772 0.173284 -0.236058 0.249287 0.227878 0.941237 0.380431 0.207833 -0.125992 0.970016 0.383968 -0.978128 -0.0182348 0.207202 -0.496656 -0.00841769 -0.991864 -0.127026 0.442776 
1535371482426 0.250246 0.923784 -0.289829 -0.61795 -0.935544 0.307792 0.173266 -0.236 0.249268 0.227789 0.941264 0.380465 0.208188 -0.125725 0.969975 0.383966 -0.978058 -0.0188182 0.207483 -0.496775 -0.00783259 -0.991887 -0.126884 0.442764 
1535371482561 0.250341 0.923781 -0.289753 -0.617764 -0.935524 0.307865 0.173248 -0.235943 0.249248 0.2277 0.941291 0.380499 0.208542 -0.125457 0.969933 0.383963 -0.977987 -0.0194014 0.207764 -0.496893 -0.00724745 -0.991909 -0.126742 0.442752 
1535371482758 0.25005 0.923866 -0.289736 -0.618015 -0.935656 0.307534 0.173121 -0.235985 0.249045 0.227804 0.941319 0.380459 0.208277 -0.125836 0.969941 0.384041 -0.978038 -0.0188094 0.207576 -0.496643 -0.00787653 -0.991873 -0.12699 0.44282 
1535371482768 0.2501 0.923817 -0.28985 -0.617769 -0.935578 0.307661 0.173314 -0.235905 0.249286 0.227832 0.941249 0.380547 0.208292 -0.126078 0.969907 0.384033 -0.97803 -0.0182163 0.207668 -0.496758 -0.00851428 -0.991853 -0.127102 0.442827 
1535371482775 0.250149 0.923767 -0.289964 -0.61752 -0.935501 0.307789 0.173505 -0.235824 0.249526 0.227859 0.941178 0.380636 0.208306 -0.12632 0.969872 0.384026 -0.978021 -0.0176233 0.207761 -0.496874 -0.00915205 -0.991833 -0.127215 0.442835 
1535371482786 0.250199 0.923718 -0.290078 -0.617271 -0.935424 0.307916 0.173697 -0.235743 0.249767 0.227887 0.941108 0.380725 0.208321 -0.126563 0.969837 0.384019 -0.978012 -0.0170305 0.207854 -0.49699 -0.00978981 -0.991812 -0.127328 0.442842 
1535371482968 0.250249 0.923669 -0.290192 -0.617021 -0.935346 0.308043 0.173888 -0.235661 0.250007 0.227915 0.941037 0.380814 0.208335 -0.126805 0.969803 0.384011 -0.978002 -0.0164375 0.207947 -0.497106 -0.0104276 -0.991791 -0.12744 0.44285 
1535371482975 0.250298 0.92362 -0.290306 -0.616772 -0.935268 0.30817 0.17408 -0.23558 0.250247 0.227942 0.940967 0.380903 0.208349 -0.127047 0.969768 0.384004 -0.977992 -0.0158447 0.20804 -0.497222 -0.0110653 -0.99177 -0.127552 0.442857 
1535371483068 0.250348 0.92357 -0.29042 -0.616522 -0.935191 0.308298 0.174272 -0.235498 0.250488 0.22797 0.940896 0.380992 0.208363 -0.12729 0.969733 0.383996 -0.977982 -0.0152518 0.208133 -0.497338 -0.0117031 -0.991748 -0.127665 0.442865 
1535371483174 0.250397 0.923521 -0.290534 -0.616273 -0.935113 0.308425 0.174463 -0.235417 0.250728 0.227997 0.940825 0.381081 0.208377 -0.127532 0.969698 0.383989 -0.977971 -0.014659 0.208227 -0.497454 -0.0123408 -0.991726 -0.127777 0.442872 
1535371483197 0.250446 0.923472 -0.290649 -0.616023 -0.935035 0.308552 0.174654 -0.235335 0.250969 0.228025 0.940755 0.38117 0.208391 -0.127774 0.969663 0.383982 -0.97796 -0.0140661 0.20832 -0.49757 -0.0129786 -0.991704 -0.127889 0.44288 
1535371483202 0.250496 0.923422 -0.290763 -0.615774 -0.934958 0.30868 0.174846 -0.235254 0.251209 0.228053 0.940684 0.381259 0.208404 -0.128017 0.969629 0.383974 -0.977948 -0.0134733 0.208413 -0.497686 -0.0136163 -0.99168 -0.128002 0.442887 
1535371483541 0.250189 0.923624 -0.290388 -0.616024 -0.935168 0.3082 0.174568 -0.235191 0.250732 0.227887 0.940851 0.381188 0.208431 -0.127495 0.969691 0.384027 -0.977964 -0.015067 0.208229 -0.49737 -0.0119378 -0.991725 -0.127826 0.442922 
1535371483560 0.250234 0.92361 -0.290391 -0.615744 -0.935047 0.308343 0.174963 -0.235124 0.251138 0.227747 0.940777 0.381259 0.207949 -0.126782 0.969888 0.384002 -0.978065 -0.0146869 0.207782 -0.497444 -0.0120983 -0.991822 -0.127055 0.44278 
1535371483592 0.250277 0.923598 -0.290393 -0.615476 -0.934929 0.30848 0.175348 -0.235064 0.251532 0.227612 0.940704 0.381326 0.207465 -0.126069 0.970085 0.383976 -0.978166 -0.0143087 0.207334 -0.497517 -0.0122577 -0.991918 -0.126285 0.442639 
1535371483682 0.25032 0.923585 -0.290396 -0.615208 -0.934812 0.308617 0.175732 -0.235005 0.251925 0.227476 0.940632 0.381393 0.206982 -0.125355 0.970281 0.38395 -0.978266 -0.0139307 0.206885 -0.49759 -0.0124174 -0.992014 -0.125514 0.442497 
1535371483806 0.250363 0.923573 -0.290399 -0.61494 -0.934694 0.308754 0.176117 -0.234945 0.252319 0.227341 0.940559 0.38146 0.206498 -0.124641 0.970476 0.383924 -0.978366 -0.0135531 0.206437 -0.497662 -0.0125775 -0.992109 -0.124743 0.442355 
1535371483812 0.250406 0.92356 -0.290401 -0.614671 -0.934577 0.308891 0.176501 -0.234885 0.252712 0.227205 0.940486 0.381528 0.206015 -0.123927 0.97067 0.383898 -0.978466 -0.0131759 0.205988 -0.497735 -0.012738 -0.992204 -0.123973 0.442214 
1535371483933 0.250449 0.923548 -0.290404 -0.614404 -0.934459 0.309028 0.176886 -0.234825 0.253106 0.22707 0.940413 0.381595 0.205532 -0.123213 0.970863 0.383873 -0.978565 -0.0127989 0.205538 -0.497808 -0.0128989 -0.992298 -0.123202 0.442072 
1535371484096 0.250492 0.923535 -0.290407 -0.614135 -0.93434 0.309165 0.17727 -0.234765 0.253499 0.226934 0.94034 0.381662 0.205049 -0.122498 0.971056 0.383847 -0.978665 -0.0124223 0.205089 -0.497881 -0.0130601 -0.992391 -0.122432 0.44193 
1535371484196 0.250535 0.923523 -0.290409 -0.613867 -0.934222 0.309302 0.177655 -0.234706 0.253892 0.226798 0.940267 0.381729 0.204566 -0.121783 0.971248 0.383821 -0.978764 -0.012046 0.204638 -0.497954 -0.0132218 -0.992484 -0.121661 0.441788 
1535371484203 0.250578 0.92351 -0.290412 -0.613598 -0.934104 0.309439 0.178039 -0.234646 0.254286 0.226663 0.940193 0.381796 0.204083 -0.121068 0.971439 0.383795 -0.978862 -0.0116701 0.204188 -0.498027 -0.0133838 -0.992576 -0.12089 0.441647 
1535371484535 0.250737 0.923431 -0.290527 -0.61384 -0.934164 0.30952 0.177579 -0.234776 0.253906 0.226875 0.940245 0.381739 0.204607 -0.122155 0.971192 0.383796 -0.978755 -0.0121529 0.204672 -0.497972 -0.0131989 -0.992437 -0.122047 0.441796 
1535371484547 0.250929 0.923415 -0.290414 -0.613425 -0.934111 0.309683 0.177576 -0.234572 0.253912 0.22672 0.94028 0.381838 0.204362 -0.121469 0.97133 0.383796 -0.978794 -0.0110763 0.204547 -0.498109 -0.0140874 -0.992533 -0.121157 0.44164 
1535371484554 0.251121 0.923398 -0.290302 -0.613006 -0.934057 0.309846 0.177573 -0.234366 0.253919 0.226566 0.940315 0.381938 0.204118 -0.120781 0.971467 0.383796 -0.978832 -0.0100001 0.204422 -0.498247 -0.0149756 -0.992629 -0.120266 0.441483 
1535371484574 0.251313 0.923381 -0.29019 -0.612588 -0.934004 0.310009 0.17757 -0.23416 0.253926 0.226413 0.94035 0.382037 0.203875 -0.120093 0.971603 0.383796 -0.978868 -0.00892395 0.204296 -0.498384 -0.0158641 -0.992722 -0.119375 0.441327 
1535371484807 0.251505 0.923363 -0.290078 -0.612169 -0.93395 0.310172 0.177567 -0.233954 0.253933 0.226259 0.940385 0.382137 0.203633 -0.119405 0.971739 0.383796 -0.978904 -0.00784795 0.20417 -0.498521 -0.0167528 -0.992815 -0.118484 0.44117 
