1535382142054 0.213744 0.918824 -0.331776 -0.47296 -0.940662 0.285217 0.183868 -0.169851 0.26357 0.272788 0.925266 0.473805 0.241543 -0.25913 0.935152 0.428813 -0.969837 -0.0319234 0.241656 -0.492072 -0.0327671 -0.965315 -0.259024 0.460334 
1535382142067 0.216913 0.919752 -0.327116 -0.489473 -0.940666 0.286511 0.181822 -0.177001 0.260953 0.268267 0.927327 0.463788 0.231422 -0.245572 0.941349 0.423982 -0.97186 -0.0146468 0.235102 -0.491024 -0.0439468 -0.969268 -0.242051 0.458126 
1535382143017 0.220066 0.920654 -0.322439 -0.50599 -0.940661 0.287813 0.179782 -0.184155 0.258319 0.263742 0.929361 0.453769 0.221441 -0.231772 0.947231 0.419148 -0.973605 0.00253635 0.228227 -0.48997 -0.055299 -0.972767 -0.225092 0.455917 
1535382143920 0.223205 0.921529 -0.317748 -0.522506 -0.940645 0.289123 0.177748 -0.191309 0.255668 0.259214 0.931366 0.44375 0.211605 -0.217736 0.952793 0.414314 -0.975069 0.0196156 0.221034 -0.488916 -0.0668168 -0.975811 -0.208157 0.453709 
1535382144836 0.226329 0.922377 -0.313042 -0.539022 -0.94062 0.290442 0.175719 -0.198462 0.253 0.254683 0.933342 0.433732 0.201919 -0.203474 0.958033 0.40948 -0.976252 0.0365816 0.213529 -0.487862 -0.0784938 -0.978397 -0.191255 0.4515 
1535382145823 0.229439 0.923199 -0.308322 -0.555538 -0.940585 0.291769 0.173696 -0.205616 0.250315 0.25015 0.93529 0.423713 0.192392 -0.188992 0.962947 0.404646 -0.977153 0.0534248 0.205715 -0.486808 -0.0903237 -0.980524 -0.174395 0.449291 
1535382146821 0.232534 0.923993 -0.303587 -0.572054 -0.94054 0.293105 0.171679 -0.212769 0.247613 0.245615 0.937209 0.413695 0.183024 -0.174298 0.967534 0.399812 -0.977771 0.0701364 0.197596 -0.485754 -0.1023 -0.982192 -0.157587 0.447082 
1535382147835 0.235615 0.92476 -0.298839 -0.588569 -0.940485 0.29445 0.169667 -0.219922 0.244895 0.241078 0.9391 0.403676 0.173824 -0.159401 0.97179 0.394978 -0.978108 0.0867069 0.189176 -0.4847 -0.114416 -0.983399 -0.14084 0.444873 
1535382148888 0.23868 0.9255 -0.294077 -0.605086 -0.94042 0.295803 0.167662 -0.227076 0.24216 0.236538 0.940961 0.393658 0.164796 -0.144309 0.975714 0.390144 -0.978161 0.103127 0.180461 -0.483646 -0.126665 -0.984144 -0.124162 0.442664 
1535382149909 0.241731 0.926213 -0.289301 -0.621602 -0.940345 0.297164 0.165663 -0.23423 0.239409 0.231997 0.942794 0.383639 0.155944 -0.12903 0.979302 0.385311 -0.977931 0.119388 0.171456 -0.482592 -0.13904 -0.984428 -0.107564 0.440456 
1535382151071 0.242566 0.925866 -0.289713 -0.621405 -0.940129 0.298035 0.165328 -0.234428 0.239416 0.232264 0.942727 0.383936 0.156422 -0.130124 0.979081 0.385566 -0.977988 0.118198 0.171957 -0.482637 -0.138101 -0.984427 -0.108771 0.440418 
1535382151094 0.242703 0.925826 -0.289727 -0.621742 -0.940184 0.29808 0.164931 -0.234606 0.239059 0.232367 0.942792 0.383717 0.158798 -0.127254 0.979076 0.384958 -0.978402 0.112635 0.173328 -0.482951 -0.132335 -0.985454 -0.106619 0.440196 
1535382151407 0.24284 0.925786 -0.28974 -0.622083 -0.940239 0.298125 0.164535 -0.234786 0.238703 0.23247 0.942857 0.383498 0.161156 -0.124368 0.979061 0.384352 -0.978781 0.107074 0.174711 -0.483268 -0.126561 -0.986442 -0.104474 0.439973 
1535382151791 0.242977 0.925746 -0.289754 -0.622424 -0.940294 0.298169 0.164138 -0.234965 0.238346 0.232572 0.942922 0.383279 0.163497 -0.121469 0.979037 0.383745 -0.979123 0.101513 0.176106 -0.483584 -0.120777 -0.987391 -0.102336 0.439751 
1535382152180 0.243113 0.925706 -0.289767 -0.622765 -0.940349 0.298214 0.163741 -0.235145 0.237989 0.232674 0.942987 0.383059 0.16582 -0.118555 0.979004 0.383138 -0.97943 0.0959532 0.177512 -0.483901 -0.114984 -0.9883 -0.100205 0.439529 
1535382152500 0.24325 0.925666 -0.28978 -0.623107 -0.940404 0.298258 0.163345 -0.235325 0.237632 0.232777 0.943051 0.38284 0.168126 -0.115628 0.978961 0.382532 -0.9797 0.0903942 0.17893 -0.484217 -0.109182 -0.989171 -0.0980828 0.439307 
1535382152864 0.243387 0.925626 -0.289793 -0.623447 -0.940459 0.298303 0.162948 -0.235504 0.237275 0.232879 0.943116 0.382621 0.170414 -0.112686 0.978908 0.381925 -0.979935 0.0848366 0.180359 -0.484533 -0.103371 -0.990002 -0.095968 0.439085 
1535382153201 0.243524 0.925586 -0.289806 -0.623789 -0.940514 0.298347 0.162552 -0.235685 0.236918 0.232981 0.94318 0.382401 0.172684 -0.109731 0.978846 0.381318 -0.980135 0.0792803 0.181799 -0.48485 -0.0975523 -0.990794 -0.0938611 0.438862 
1535382153536 0.24366 0.925545 -0.289819 -0.62413 -0.940568 0.298391 0.162155 -0.235864 0.236561 0.233084 0.943245 0.382182 0.174936 -0.106763 0.978774 0.380712 -0.980298 0.0737259 0.18325 -0.485166 -0.0917254 -0.991547 -0.0917622 0.43864 
1535382153882 0.243797 0.925505 -0.289832 -0.62447 -0.940622 0.298436 0.161758 -0.236044 0.236204 0.233187 0.943309 0.381962 0.17717 -0.103781 0.978693 0.380105 -0.980425 0.0681735 0.184713 -0.485483 -0.0858906 -0.992261 -0.0896713 0.438418 
1535382154229 0.243835 0.925495 -0.289833 -0.624245 -0.940544 0.298539 0.16202 -0.235987 0.236476 0.233094 0.943264 0.382109 0.176674 -0.104335 0.978724 0.380274 -0.980425 0.0691412 0.184352 -0.485429 -0.0869045 -0.992136 -0.0900776 0.438415 
1535382154245 0.243369 0.925409 -0.290499 -0.625194 -0.940563 0.298312 0.162328 -0.236446 0.236879 0.233727 0.943006 0.38163 0.177732 -0.105118 0.978449 0.380284 -0.98062 0.0643707 0.185042 -0.485578 -0.0824347 -0.992374 -0.0916402 0.438726 
1535382154477 0.242903 0.925322 -0.291165 -0.626148 -0.940582 0.298085 0.162637 -0.236908 0.237283 0.234359 0.942747 0.381151 0.178794 -0.105895 0.978171 0.380295 -0.980793 0.0595985 0.185725 -0.485728 -0.077965 -0.99259 -0.0932056 0.439037 
1535382154751 0.242436 0.925235 -0.29183 -0.627101 -0.940601 0.297857 0.162945 -0.237369 0.237686 0.234992 0.942488 0.380671 0.179859 -0.106667 0.977892 0.380306 -0.980943 0.0548245 0.186401 -0.485877 -0.0734953 -0.992782 -0.094774 0.439349 
1535382155024 0.241969 0.925147 -0.292496 -0.628055 -0.940619 0.297631 0.163254 -0.237831 0.238089 0.235625 0.942228 0.380192 0.180928 -0.107434 0.977611 0.380316 -0.981071 0.0500488 0.187069 -0.486027 -0.0690258 -0.992952 -0.0963453 0.43966 
1535382155261 0.241502 0.925059 -0.293161 -0.629009 -0.940637 0.297404 0.163563 -0.238293 0.238492 0.236257 0.941968 0.379712 0.182 -0.108196 0.977328 0.380327 -0.981177 0.0452715 0.187729 -0.486176 -0.0645564 -0.993098 -0.0979196 0.439971 
1535382155509 0.241035 0.92497 -0.293825 -0.629964 -0.940655 0.297177 0.163871 -0.238754 0.238894 0.23689 0.941707 0.379232 0.183076 -0.108952 0.977043 0.380337 -0.981261 0.0404926 0.188381 -0.486326 -0.0600874 -0.993222 -0.0994967 0.440282 
1535382155783 0.240567 0.92488 -0.29449 -0.630917 -0.940673 0.296951 0.16418 -0.239216 0.239296 0.237522 0.941446 0.378753 0.184154 -0.109702 0.976756 0.380348 -0.981322 0.0357123 0.189026 -0.486475 -0.0556188 -0.993323 -0.101077 0.440593 
1535382156028 0.240099 0.92479 -0.295154 -0.631872 -0.94069 0.296725 0.16449 -0.239678 0.239698 0.238155 0.941184 0.378273 0.185236 -0.110447 0.976468 0.380359 -0.981362 0.0309308 0.189663 -0.486625 -0.0511507 -0.993401 -0.102659 0.440905 
1535382156303 0.23963 0.9247 -0.295818 -0.632825 -0.940707 0.296499 0.164799 -0.240139 0.240099 0.238787 0.940921 0.377794 0.186321 -0.111187 0.976177 0.380369 -0.981379 0.0261481 0.190292 -0.486774 -0.0466833 -0.993455 -0.104245 0.441216 
1535382156600 0.240146 0.92456 -0.295837 -0.632567 -0.9406 0.296969 0.164566 -0.2402 0.240005 0.238745 0.940956 0.377882 0.185906 -0.110832 0.976297 0.380337 -0.981385 0.0277905 0.190029 -0.486718 -0.0481932 -0.99345 -0.103603 0.44106 
1535382156614 0.239691 0.924686 -0.295811 -0.632935 -0.940669 0.296578 0.164874 -0.240429 0.240187 0.238741 0.940911 0.377726 0.186478 -0.112153 0.976037 0.380373 -0.981365 0.0256094 0.190439 -0.486796 -0.046354 -0.993361 -0.105287 0.44132 
1535382156693 0.239236 0.924812 -0.295784 -0.633308 -0.940738 0.296187 0.165183 -0.24066 0.24037 0.238737 0.940865 0.377569 0.187055 -0.113473 0.975774 0.380409 -0.98134 0.0234274 0.190846 -0.486875 -0.0445157 -0.993265 -0.106973 0.441581 
1535382156867 0.238781 0.924939 -0.295756 -0.633683 -0.940807 0.295795 0.165492 -0.240892 0.240553 0.238733 0.940819 0.377411 0.187633 -0.114791 0.975509 0.380445 -0.981312 0.0212449 0.191249 -0.486954 -0.0426782 -0.993162 -0.108659 0.441841 
1535382157048 0.238327 0.925065 -0.295729 -0.634057 -0.940875 0.295404 0.165801 -0.241123 0.240736 0.238729 0.940773 0.377254 0.188214 -0.116107 0.975241 0.380481 -0.981279 0.0190618 0.191648 -0.487033 -0.0408416 -0.993054 -0.110346 0.442102 
1535382157233 0.237872 0.925191 -0.295702 -0.634429 -0.940944 0.295013 0.166109 -0.241354 0.240919 0.238726 0.940727 0.377097 0.188797 -0.117422 0.974971 0.380517 -0.981241 0.0168779 0.192044 -0.487112 -0.0390057 -0.992939 -0.112033 0.442362 
1535382157426 0.237417 0.925316 -0.295674 -0.634803 -0.941012 0.294621 0.166418 -0.241586 0.241101 0.238722 0.940682 0.37694 0.189383 -0.118736 0.974698 0.380553 -0.9812 0.0146936 0.192436 -0.487191 -0.0371708 -0.992817 -0.113721 0.442623 
1535382157612 0.236962 0.925442 -0.295646 -0.635177 -0.94108 0.294229 0.166727 -0.241818 0.241284 0.238718 0.940636 0.376782 0.189971 -0.120048 0.974423 0.38059 -0.981154 0.0125086 0.192824 -0.48727 -0.0353367 -0.992689 -0.115409 0.442883 
1535382157789 0.236507 0.925567 -0.295618 -0.63555 -0.941147 0.293838 0.167036 -0.242049 0.241467 0.238715 0.94059 0.376625 0.190561 -0.121358 0.974145 0.380626 -0.981103 0.010323 0.193209 -0.487349 -0.0335035 -0.992555 -0.117097 0.443144 
1535382157976 0.236052 0.925692 -0.29559 -0.635923 -0.941215 0.293446 0.167345 -0.24228 0.241649 0.238712 0.940544 0.376468 0.191154 -0.122666 0.973865 0.380662 -0.981049 0.00813686 0.193589 -0.487428 -0.0316711 -0.992415 -0.118786 0.443404 
1535382158187 0.236287 0.925645 -0.295551 -0.63574 -0.941182 0.293637 0.167194 -0.242142 0.241547 0.238661 0.940583 0.376553 0.190846 -0.121914 0.97402 0.380642 -0.981065 0.00967973 0.193437 -0.487361 -0.0330109 -0.992494 -0.117758 0.443148 
1535382158201 0.235969 0.925872 -0.295092 -0.636019 -0.941309 0.293204 0.167237 -0.242335 0.241362 0.23831 0.940719 0.376386 0.190592 -0.123437 0.973878 0.380673 -0.981056 0.0111212 0.193407 -0.487399 -0.0347042 -0.99229 -0.118979 0.443338 
1535382158390 0.235654 0.926099 -0.294632 -0.636286 -0.941437 0.292774 0.167274 -0.242525 0.241172 0.237958 0.940857 0.376222 0.190336 -0.124961 0.973734 0.380705 -0.981044 0.0125629 0.193377 -0.487437 -0.0363975 -0.992082 -0.120201 0.443529 
1535382158603 0.235339 0.926325 -0.294171 -0.636555 -0.941564 0.292343 0.16731 -0.242715 0.240982 0.237606 0.940995 0.376058 0.190076 -0.126484 0.973588 0.380736 -0.98103 0.0140053 0.193348 -0.487474 -0.0380909 -0.99187 -0.121423 0.443719 
1535382158814 0.235024 0.926551 -0.293711 -0.636822 -0.941691 0.291912 0.167346 -0.242905 0.240793 0.237255 0.941132 0.375895 0.189814 -0.128007 0.97344 0.380768 -0.981014 0.0154472 0.193322 -0.487512 -0.0397835 -0.991653 -0.122644 0.44391 
1535382159015 0.234709 0.926777 -0.293251 -0.637089 -0.941818 0.291481 0.167382 -0.243095 0.240603 0.236903 0.941269 0.375732 0.189549 -0.129529 0.97329 0.380799 -0.980995 0.0168893 0.193297 -0.48755 -0.0414757 -0.991432 -0.123866 0.4441 
1535382159219 0.234394 0.927002 -0.29279 -0.637357 -0.941945 0.291051 0.167418 -0.243285 0.240413 0.236551 0.941406 0.375568 0.189281 -0.131051 0.973138 0.38083 -0.980974 0.0183316 0.193274 -0.487588 -0.0431679 -0.991206 -0.125087 0.44429 
1535382159417 0.234079 0.927227 -0.29233 -0.637623 -0.942072 0.29062 0.167453 -0.243475 0.240224 0.236199 0.941543 0.375405 0.189012 -0.132571 0.972985 0.380862 -0.98095 0.0197737 0.193253 -0.487626 -0.0448593 -0.990976 -0.126308 0.444481 
1535382159621 0.233763 0.927452 -0.291869 -0.637891 -0.942199 0.290189 0.167488 -0.243665 0.240035 0.235846 0.941679 0.375241 0.188739 -0.134091 0.972829 0.380893 -0.980923 0.0212157 0.193234 -0.487663 -0.0465502 -0.990742 -0.127529 0.444671 
1535382159834 0.233447 0.927676 -0.291409 -0.638158 -0.942325 0.289758 0.167523 -0.243855 0.239845 0.235494 0.941816 0.375078 0.188464 -0.135611 0.972672 0.380925 -0.980895 0.0226578 0.193216 -0.487701 -0.0482407 -0.990503 -0.12875 0.444862 
1535382160059 0.233482 0.9276 -0.291623 -0.638011 -0.94228 0.289865 0.167591 -0.243708 0.239989 0.235661 0.941737 0.375186 0.188516 -0.134952 0.972754 0.380857 -0.980919 0.0220715 0.19316 -0.487746 -0.0475376 -0.990606 -0.128216 0.444695 
1535382160077 0.233826 0.927619 -0.291286 -0.638009 -0.942219 0.290108 0.167514 -0.243719 0.239894 0.235286 0.941855 0.375126 0.187982 -0.134935 0.972859 0.380858 -0.980955 0.0235115 0.192807 -0.487764 -0.0488898 -0.990575 -0.127946 0.444648 
1535382160089 0.23417 0.927639 -0.290949 -0.638011 -0.942158 0.290351 0.167437 -0.243731 0.239798 0.234911 0.941973 0.375066 0.187446 -0.134917 0.972965 0.380857 -0.980989 0.0249522 0.192452 -0.487777 -0.0502427 -0.990543 -0.127675 0.444601 
1535382160253 0.234513 0.927658 -0.29061 -0.638012 -0.942097 0.290593 0.167361 -0.243742 0.239703 0.234535 0.942091 0.375006 0.186911 -0.134898 0.973071 0.380857 -0.981021 0.0263929 0.192097 -0.487791 -0.0515956 -0.990508 -0.127405 0.444554 
1535382160356 0.234857 0.927677 -0.290272 -0.638013 -0.942036 0.290835 0.167284 -0.243754 0.239607 0.234159 0.942209 0.374945 0.186375 -0.134878 0.973176 0.380856 -0.981051 0.0278335 0.191741 -0.487803 -0.0529485 -0.990471 -0.127135 0.444507 
1535382160448 0.2352 0.927696 -0.289934 -0.638014 -0.941974 0.291078 0.167207 -0.243766 0.23951 0.233784 0.942327 0.374885 0.18584 -0.134857 0.973282 0.380856 -0.981078 0.029274 0.191385 -0.487818 -0.0543015 -0.990432 -0.126865 0.44446 
1535382160568 0.235544 0.927714 -0.289596 -0.638015 -0.941913 0.29132 0.16713 -0.243778 0.239414 0.233408 0.942445 0.374824 0.185304 -0.134836 0.973387 0.380855 -0.981104 0.0307145 0.191028 -0.48783 -0.0556545 -0.990392 -0.126597 0.444413 
1535382160651 0.235887 0.927732 -0.289258 -0.638016 -0.941851 0.291563 0.167053 -0.24379 0.239318 0.233032 0.942562 0.374764 0.184769 -0.134814 0.973491 0.380854 -0.981127 0.0321549 0.190671 -0.487844 -0.0570076 -0.990349 -0.126328 0.444366 
1535382160790 0.236231 0.92775 -0.28892 -0.638017 -0.94179 0.291806 0.166977 -0.243801 0.239221 0.232657 0.942679 0.374704 0.184234 -0.134791 0.973596 0.380854 -0.981148 0.0335952 0.190314 -0.487858 -0.0583607 -0.990304 -0.12606 0.444319 
1535382160857 0.236574 0.927768 -0.288582 -0.638019 -0.941728 0.292048 0.1669 -0.243814 0.239124 0.232281 0.942796 0.374643 0.183698 -0.134767 0.973701 0.380853 -0.981167 0.0350355 0.189956 -0.48787 -0.0597138 -0.990258 -0.125793 0.444272 
1535382161009 0.235715 0.927798 -0.289188 -0.638027 -0.941902 0.291379 0.167092 -0.243729 0.239291 0.233001 0.942577 0.374773 0.184238 -0.134693 0.973609 0.380882 -0.981154 0.0334981 0.190301 -0.487866 -0.0582462 -0.990321 -0.125983 0.444328 
1535382161038 0.236416 0.927785 -0.288657 -0.637839 -0.941823 0.291857 0.166699 -0.243629 0.238907 0.232453 0.942809 0.374793 0.184172 -0.134548 0.973641 0.380917 -0.981173 0.0334257 0.190216 -0.487958 -0.0581379 -0.990343 -0.125859 0.444264 
1535382161177 0.237116 0.927772 -0.288125 -0.637647 -0.941745 0.292335 0.166306 -0.243528 0.238523 0.231906 0.943041 0.374814 0.184106 -0.134404 0.973674 0.380953 -0.981192 0.0333536 0.190132 -0.488051 -0.05803 -0.990365 -0.125735 0.444199 
1535382161308 0.237817 0.927757 -0.287592 -0.637455 -0.941665 0.292813 0.165913 -0.243426 0.238138 0.231359 0.943273 0.374836 0.184041 -0.134259 0.973706 0.380988 -0.98121 0.0332814 0.190049 -0.488143 -0.0579221 -0.990387 -0.125612 0.444135 
1535382161465 0.238517 0.927743 -0.28706 -0.637263 -0.941586 0.293291 0.16552 -0.243325 0.237752 0.230812 0.943504 0.374857 0.183976 -0.134115 0.973738 0.381023 -0.981229 0.0332092 0.189965 -0.488236 -0.0578142 -0.990409 -0.125488 0.444071 
1535382161612 0.239217 0.927727 -0.286527 -0.63707 -0.941505 0.29377 0.165128 -0.243223 0.237366 0.230265 0.943735 0.374878 0.183911 -0.13397 0.97377 0.381059 -0.981248 0.0331369 0.189882 -0.488328 -0.0577063 -0.990431 -0.125364 0.444006 
1535382161746 0.239917 0.927711 -0.285993 -0.636878 -0.941425 0.294248 0.164736 -0.243121 0.23698 0.229718 0.943965 0.374899 0.183845 -0.133826 0.973803 0.381094 -0.981266 0.0330647 0.189798 -0.488421 -0.0575984 -0.990453 -0.12524 0.443942 
1535382161898 0.240617 0.927694 -0.285459 -0.636685 -0.941343 0.294727 0.164344 -0.243019 0.236593 0.229171 0.944195 0.37492 0.18378 -0.133681 0.973835 0.38113 -0.981285 0.0329925 0.189714 -0.488513 -0.0574906 -0.990475 -0.125116 0.443878 
1535382162043 0.241316 0.927677 -0.284925 -0.636493 -0.941262 0.295205 0.163952 -0.242918 0.236206 0.228625 0.944424 0.374942 0.183714 -0.133537 0.973867 0.381165 -0.981303 0.0329202 0.189631 -0.488606 -0.0573827 -0.990497 -0.124992 0.443814 
1535382162203 0.242014 0.927659 -0.284391 -0.6363 -0.941179 0.295684 0.163561 -0.242816 0.235819 0.228079 0.944653 0.374963 0.183649 -0.133392 0.973899 0.381201 -0.981322 0.032848 0.189548 -0.488698 -0.0572748 -0.990519 -0.124868 0.443749 
1535382162341 0.241463 0.927673 -0.284812 -0.63645 -0.941207 0.295342 0.164017 -0.242948 0.236271 0.228463 0.944447 0.374971 0.183737 -0.133531 0.973864 0.381126 -0.9813 0.0329032 0.189652 -0.488581 -0.0573675 -0.990498 -0.124988 0.443886 
1535382162369 0.24175 0.927652 -0.284637 -0.636081 -0.941184 0.295536 0.163799 -0.242808 0.236069 0.228298 0.944538 0.375096 0.184062 -0.133331 0.97383 0.381163 -0.981272 0.0323293 0.189895 -0.488723 -0.0568021 -0.990544 -0.124883 0.4438 
1535382162544 0.242036 0.927631 -0.284464 -0.635707 -0.941162 0.29573 0.163581 -0.242665 0.235867 0.228134 0.944628 0.375221 0.184388 -0.133132 0.973795 0.381201 -0.981243 0.0317552 0.19014 -0.488866 -0.0562368 -0.990589 -0.12478 0.443714 
1535382162732 0.242322 0.927609 -0.284291 -0.635334 -0.941139 0.295923 0.163362 -0.242523 0.235664 0.227971 0.944718 0.375347 0.184714 -0.132933 0.973761 0.381238 -0.981214 0.0311812 0.190385 -0.489009 -0.0556715 -0.990634 -0.124676 0.443628 
1535382162928 0.242608 0.927587 -0.284118 -0.63496 -0.941116 0.296117 0.163144 -0.242381 0.235462 0.227808 0.944807 0.375472 0.18504 -0.132734 0.973726 0.381275 -0.981185 0.0306072 0.19063 -0.489151 -0.0551061 -0.990679 -0.124573 0.443542 
1535382163120 0.242894 0.927566 -0.283945 -0.634585 -0.941093 0.296311 0.162925 -0.242238 0.235259 0.227645 0.944897 0.375598 0.185365 -0.132535 0.973691 0.381313 -0.981155 0.0300333 0.190874 -0.489294 -0.0545406 -0.990723 -0.12447 0.443456 
1535382163315 0.24318 0.927544 -0.283772 -0.634211 -0.941069 0.296504 0.162706 -0.242095 0.235057 0.227482 0.944987 0.375724 0.185691 -0.132335 0.973656 0.38135 -0.981125 0.0294594 0.191119 -0.489437 -0.0539751 -0.990767 -0.124367 0.443371 
1535382163505 0.243466 0.927522 -0.283598 -0.633838 -0.941046 0.296698 0.162488 -0.241953 0.234854 0.227319 0.945077 0.375849 0.186016 -0.132136 0.973621 0.381388 -0.981094 0.0288855 0.191364 -0.48958 -0.0534096 -0.990811 -0.124264 0.443285 
1535382163694 0.243751 0.9275 -0.283425 -0.633464 -0.941023 0.296892 0.16227 -0.241811 0.234652 0.227155 0.945166 0.375975 0.186342 -0.131936 0.973586 0.381425 -0.981063 0.0283117 0.191609 -0.489722 -0.052844 -0.990854 -0.124162 0.443199 
1535382163882 0.244037 0.927478 -0.283251 -0.633089 -0.940999 0.297086 0.162051 -0.241668 0.234449 0.226993 0.945256 0.376101 0.186667 -0.131736 0.973551 0.381462 -0.981031 0.0277379 0.191854 -0.489865 -0.0522783 -0.990897 -0.124059 0.443113 
1535382164114 0.243861 0.927517 -0.283275 -0.633299 -0.941013 0.296952 0.162216 -0.241727 0.234577 0.227007 0.94522 0.376013 0.186143 -0.132012 0.973614 0.381373 -0.9811 0.0283336 0.191416 -0.489731 -0.0528551 -0.990843 -0.124242 0.443269 
1535382164138 0.243793 0.927485 -0.283436 -0.632844 -0.940891 0.29705 0.162744 -0.241569 0.235137 0.227007 0.945081 0.376164 0.187102 -0.132325 0.973387 0.381452 -0.981017 0.026242 0.192136 -0.489918 -0.0509681 -0.990859 -0.124903 0.443289 
1535382164299 0.243722 0.927457 -0.28359 -0.632378 -0.940771 0.297143 0.163267 -0.2414 0.23569 0.227002 0.944945 0.376317 0.188063 -0.132634 0.97316 0.381532 -0.98093 0.0241487 0.192855 -0.490107 -0.0490797 -0.990871 -0.125563 0.443308 
1535382164501 0.243652 0.927428 -0.283745 -0.63191 -0.94065 0.297237 0.163791 -0.241231 0.236244 0.226997 0.944808 0.376471 0.189024 -0.13294 0.972932 0.381612 -0.980838 0.0220552 0.193573 -0.490297 -0.0471918 -0.990879 -0.126224 0.443327 
1535382164713 0.243581 0.9274 -0.283899 -0.631444 -0.940529 0.29733 0.164315 -0.241062 0.236797 0.226991 0.94467 0.376625 0.189985 -0.133244 0.972703 0.381692 -0.980741 0.0199613 0.194289 -0.490486 -0.0453044 -0.990882 -0.126886 0.443347 
1535382164919 0.24351 0.927371 -0.284053 -0.630978 -0.940408 0.297423 0.164838 -0.240894 0.23735 0.226986 0.944533 0.376778 0.190947 -0.133546 0.972473 0.381771 -0.98064 0.0178671 0.195004 -0.490675 -0.0434174 -0.990881 -0.127549 0.443366 
1535382165127 0.243439 0.927343 -0.284207 -0.630511 -0.940287 0.297516 0.165362 -0.240725 0.237903 0.22698 0.944395 0.376932 0.191909 -0.133847 0.972243 0.381851 -0.980533 0.0157726 0.195717 -0.490864 -0.0415309 -0.990877 -0.128214 0.443385 
1535382165348 0.243368 0.927314 -0.28436 -0.630045 -0.940165 0.297609 0.165885 -0.240557 0.238456 0.226975 0.944257 0.377085 0.192872 -0.134145 0.972011 0.381931 -0.980423 0.0136778 0.196429 -0.491054 -0.0396449 -0.990867 -0.12888 0.443404 
1535382165557 0.243296 0.927285 -0.284515 -0.629578 -0.940043 0.297702 0.166409 -0.240387 0.239009 0.226969 0.944118 0.377239 0.193836 -0.134441 0.971779 0.38201 -0.980307 0.0115827 0.197139 -0.491243 -0.0377594 -0.990854 -0.129548 0.443424 
1535382165772 0.243225 0.927257 -0.284668 -0.629112 -0.939921 0.297795 0.166932 -0.240219 0.239562 0.226964 0.94398 0.377392 0.194799 -0.134734 0.971545 0.38209 -0.980187 0.00948744 0.197848 -0.491432 -0.0358744 -0.990836 -0.130217 0.443443 
1535382166014 0.243018 0.927367 -0.284485 -0.629367 -0.940056 0.297488 0.166719 -0.240173 0.239241 0.226916 0.944072 0.377335 0.194305 -0.134566 0.971667 0.382054 -0.980249 0.0105697 0.197485 -0.49128 -0.036845 -0.990848 -0.129854 0.443456 
1535382166029 0.242997 0.927266 -0.284833 -0.628957 -0.939935 0.297649 0.167111 -0.240032 0.239737 0.227117 0.943898 0.377461 0.1947 -0.13403 0.971662 0.382112 -0.980223 0.00919528 0.197684 -0.49136 -0.0354303 -0.990935 -0.129589 0.443371 
1535382166107 0.242976 0.927165 -0.285181 -0.628542 -0.939814 0.297812 0.167503 -0.239889 0.240233 0.227318 0.943724 0.377588 0.195095 -0.133495 0.971657 0.382171 -0.980194 0.00782158 0.197884 -0.49144 -0.0340163 -0.991019 -0.129325 0.443287 
1535382166305 0.242955 0.927063 -0.285529 -0.628127 -0.939693 0.297975 0.167894 -0.239747 0.240729 0.227519 0.943549 0.377715 0.195489 -0.132958 0.971651 0.382229 -0.980164 0.00644798 0.198084 -0.491521 -0.0326021 -0.991101 -0.129061 0.443202 
1535382166531 0.242933 0.926961 -0.285877 -0.627712 -0.939571 0.298138 0.168285 -0.239603 0.241224 0.22772 0.943374 0.377842 0.195882 -0.132422 0.971645 0.382288 -0.980131 0.00507448 0.198284 -0.491601 -0.0311877 -0.99118 -0.128797 0.443117 
1535382166738 0.242912 0.92686 -0.286225 -0.627297 -0.939449 0.298301 0.168676 -0.23946 0.24172 0.227921 0.943199 0.37797 0.196274 -0.131884 0.971639 0.382346 -0.980097 0.00370112 0.198485 -0.491682 -0.0297732 -0.991258 -0.128533 0.443032 
1535382166951 0.24289 0.926758 -0.286573 -0.626882 -0.939327 0.298464 0.169067 -0.239318 0.242216 0.228122 0.943023 0.378097 0.196666 -0.131346 0.971633 0.382405 -0.98006 0.0023278 0.198686 -0.491762 -0.0283584 -0.991334 -0.128269 0.442948 
1535382167168 0.242868 0.926656 -0.286922 -0.626467 -0.939205 0.298627 0.169458 -0.239174 0.242711 0.228322 0.942847 0.378224 0.197056 -0.130808 0.971627 0.382463 -0.980022 0.000954643 0.198887 -0.491842 -0.0269436 -0.991407 -0.128006 0.442863 
1535382167399 0.242846 0.926554 -0.287269 -0.626052 -0.939083 0.29879 0.169848 -0.239031 0.243207 0.228523 0.942671 0.378351 0.197446 -0.130269 0.97162 0.382522 -0.979981 -0.000418411 0.199089 -0.491923 -0.0255285 -0.991479 -0.127743 0.442778 
1535382167624 0.242824 0.926452 -0.287617 -0.625636 -0.93896 0.298953 0.170239 -0.238888 0.243702 0.228723 0.942494 0.378478 0.197836 -0.129729 0.971613 0.38258 -0.979939 -0.00179141 0.199292 -0.492003 -0.0241133 -0.991548 -0.127481 0.442694 
1535382167865 0.242738 0.926528 -0.287445 -0.625853 -0.939035 0.298789 0.17011 -0.238914 0.243497 0.228629 0.94257 0.378367 0.197743 -0.130064 0.971587 0.382565 -0.979935 -0.000961436 0.199314 -0.491884 -0.0249895 -0.991505 -0.127645 0.44281 
1535382167880 0.242822 0.926426 -0.287702 -0.625545 -0.938945 0.29898 0.170271 -0.23879 0.24376 0.228791 0.942463 0.378462 0.198334 -0.128146 0.971721 0.382584 -0.979892 -0.00389531 0.199488 -0.491984 -0.0217784 -0.991748 -0.126342 0.442576 
1535382168107 0.242905 0.926324 -0.287959 -0.625232 -0.938855 0.299172 0.170432 -0.238663 0.244024 0.228953 0.942355 0.378558 0.19892 -0.126224 0.971853 0.382604 -0.97984 -0.00682924 0.199668 -0.492085 -0.0185659 -0.991978 -0.125038 0.442342 
1535382168356 0.242989 0.926223 -0.288216 -0.624919 -0.938765 0.299363 0.170593 -0.238537 0.244288 0.229115 0.942247 0.378653 0.1995 -0.1243 0.971982 0.382624 -0.979778 -0.00976286 0.199851 -0.492186 -0.0153523 -0.992197 -0.123735 0.442109 
1535382168632 0.243072 0.926121 -0.288473 -0.624606 -0.938675 0.299554 0.170754 -0.23841 0.244552 0.229276 0.942139 0.378749 0.200073 -0.122375 0.972109 0.382644 -0.979706 -0.0126959 0.200038 -0.492287 -0.0121378 -0.992403 -0.122431 0.441875 
1535382168880 0.243155 0.926019 -0.28873 -0.624293 -0.938584 0.299746 0.170915 -0.238283 0.244816 0.229438 0.942031 0.378845 0.20064 -0.120447 0.972233 0.382664 -0.979624 -0.0156285 0.200229 -0.492389 -0.00892243 -0.992597 -0.121129 0.441641 
1535382169128 0.243239 0.925917 -0.288987 -0.62398 -0.938494 0.299937 0.171076 -0.238157 0.24508 0.2296 0.941923 0.378941 0.2012 -0.118517 0.972354 0.382683 -0.979533 -0.0185606 0.200424 -0.49249 -0.00570622 -0.992779 -0.119826 0.441408 
1535382169375 0.243322 0.925814 -0.289244 -0.623667 -0.938403 0.300129 0.171237 -0.23803 0.245344 0.229762 0.941815 0.379037 0.201755 -0.116585 0.972472 0.382703 -0.979433 -0.0214921 0.200623 -0.492591 -0.00248921 -0.992948 -0.118524 0.441174 
1535382169608 0.243405 0.925712 -0.289501 -0.623354 -0.938313 0.30032 0.171398 -0.237904 0.245608 0.229923 0.941707 0.379132 0.202303 -0.114652 0.972588 0.382723 -0.979323 -0.024423 0.200825 -0.492692 0.000728564 -0.993105 -0.117222 0.44094 
1535382169860 0.243488 0.92561 -0.289758 -0.62304 -0.938222 0.300511 0.171559 -0.237777 0.245872 0.230085 0.941598 0.379228 0.202845 -0.112716 0.972702 0.382743 -0.979203 -0.0273532 0.201031 -0.492793 0.00394705 -0.993251 -0.11592 0.440707 
1535382170122 0.243314 0.925754 -0.289443 -0.623273 -0.938343 0.300216 0.171412 -0.237787 0.245581 0.22989 0.941722 0.379214 0.202615 -0.113395 0.972671 0.382724 -0.979254 -0.0266217 0.200882 -0.492758 0.00311506 -0.993193 -0.116437 0.440826 
1535382170134 0.243321 0.92567 -0.289705 -0.623016 -0.938294 0.300316 0.17151 -0.2377 0.245764 0.230097 0.941624 0.37931 0.202849 -0.11373 0.972583 0.382741 -0.979206 -0.0263854 0.201145 -0.492876 0.00278572 -0.993161 -0.116718 0.440851 
1535382170140 0.243329 0.925586 -0.289968 -0.622753 -0.938244 0.300417 0.171606 -0.23761 0.245947 0.230304 0.941525 0.379407 0.203083 -0.114065 0.972495 0.382759 -0.979158 -0.0261496 0.201408 -0.492996 0.00245682 -0.993129 -0.116998 0.440876 
1535382170161 0.243337 0.925502 -0.290231 -0.622489 -0.938194 0.300518 0.171702 -0.23752 0.24613 0.230512 0.941427 0.379504 0.203318 -0.114399 0.972407 0.382777 -0.979111 -0.0259139 0.201671 -0.493115 0.00212785 -0.993097 -0.117278 0.440901 
1535382170446 0.243345 0.925417 -0.290494 -0.622226 -0.938144 0.30062 0.171798 -0.23743 0.246313 0.230719 0.941328 0.379601 0.203552 -0.114734 0.972318 0.382795 -0.979063 -0.0256782 0.201934 -0.493235 0.00179881 -0.993064 -0.117558 0.440926 
1535382170622 0.243352 0.925333 -0.290757 -0.621964 -0.938094 0.300721 0.171894 -0.237341 0.246496 0.230926 0.941229 0.379698 0.203786 -0.115068 0.97223 0.382813 -0.979014 -0.0254427 0.202197 -0.493354 0.00146972 -0.993032 -0.117838 0.440951 
1535382170629 0.24336 0.925248 -0.29102 -0.621701 -0.938043 0.300822 0.17199 -0.237251 0.246679 0.231133 0.941131 0.379795 0.20402 -0.115403 0.972141 0.382831 -0.978966 -0.0252073 0.20246 -0.493474 0.00114054 -0.992999 -0.118118 0.440976 
1535382170865 0.243367 0.925163 -0.291282 -0.621438 -0.937993 0.300923 0.172087 -0.237162 0.246862 0.231341 0.941032 0.379892 0.204254 -0.115738 0.972052 0.382849 -0.978918 -0.024972 0.202724 -0.493593 0.000811312 -0.992966 -0.118398 0.441001 
1535382171036 0.243375 0.925078 -0.291545 -0.621175 -0.937943 0.301024 0.172183 -0.237071 0.247045 0.231548 0.940933 0.379989 0.204488 -0.116072 0.971963 0.382867 -0.978869 -0.0247367 0.202987 -0.493713 0.000482002 -0.992933 -0.118678 0.441026 
1535382171210 0.243382 0.924994 -0.291808 -0.620912 -0.937893 0.301125 0.172279 -0.236982 0.247227 0.231755 0.940834 0.380086 0.204722 -0.116407 0.971874 0.382885 -0.97882 -0.0245016 0.20325 -0.493832 0.000152641 -0.992899 -0.118958 0.441051 
1535382171424 0.24334 0.925083 -0.29156 -0.621119 -0.93796 0.300986 0.172158 -0.237033 0.247016 0.231579 0.940933 0.380026 0.20461 -0.115872 0.971961 0.3829 -0.978843 -0.0247161 0.203113 -0.49363 0.000488128 -0.992957 -0.118477 0.441033 
1535382171442 0.243335 0.925072 -0.291597 -0.6209 -0.937924 0.301024 0.17229 -0.236966 0.247158 0.231572 0.940897 0.380088 0.204938 -0.116457 0.971822 0.382912 -0.978774 -0.0256096 0.203335 -0.493736 0.00120806 -0.992865 -0.119234 0.441141 
1535382171456 0.243328 0.925063 -0.291634 -0.620673 -0.937888 0.301059 0.172423 -0.236894 0.247301 0.231565 0.940861 0.380152 0.205267 -0.117042 0.971682 0.382926 -0.978704 -0.0265029 0.203558 -0.493845 0.00192756 -0.992773 -0.11999 0.441249 
1535382171473 0.24332 0.925053 -0.291671 -0.620445 -0.937852 0.301094 0.172556 -0.236821 0.247444 0.231558 0.940825 0.380216 0.205598 -0.117626 0.971542 0.382939 -0.978633 -0.0273965 0.203781 -0.493954 0.00264683 -0.99268 -0.120745 0.441357 
1535382171672 0.243313 0.925044 -0.291707 -0.620219 -0.937816 0.301129 0.17269 -0.236749 0.247587 0.23155 0.94079 0.380279 0.205927 -0.11821 0.971401 0.382952 -0.978562 -0.0282899 0.204002 -0.494062 0.00336579 -0.992586 -0.121501 0.441466 
1535382171730 0.243305 0.925034 -0.291744 -0.619991 -0.937781 0.301164 0.172823 -0.236676 0.24773 0.231543 0.940754 0.380343 0.206258 -0.118793 0.97126 0.382966 -0.978489 -0.0291837 0.204224 -0.49417 0.00408454 -0.99249 -0.122257 0.441574 
1535382171891 0.243298 0.925024 -0.291781 -0.619764 -0.937745 0.301199 0.172956 -0.236603 0.247873 0.231536 0.940718 0.380407 0.206589 -0.119376 0.971118 0.382979 -0.978416 -0.0300774 0.204444 -0.494279 0.00480301 -0.992393 -0.123013 0.441682 
1535382171969 0.24329 0.925015 -0.291818 -0.619537 -0.937709 0.301234 0.17309 -0.236531 0.248016 0.231529 0.940682 0.380471 0.20692 -0.119959 0.970976 0.382993 -0.978342 -0.0309713 0.204663 -0.494387 0.00552121 -0.992296 -0.12377 0.44179 
1535382172114 0.243283 0.925005 -0.291855 -0.619309 -0.937673 0.301269 0.173223 -0.236458 0.248159 0.231522 0.940646 0.380535 0.207251 -0.120541 0.970833 0.383006 -0.978268 -0.0318653 0.204882 -0.494496 0.00623916 -0.992197 -0.124526 0.441898 
1535382172188 0.243275 0.924995 -0.291892 -0.619083 -0.937637 0.301304 0.173356 -0.236386 0.248302 0.231515 0.94061 0.380598 0.207583 -0.121123 0.97069 0.383019 -0.978193 -0.0327594 0.2051 -0.494604 0.00695684 -0.992097 -0.125282 0.442007 
1535382172382 0.243266 0.925031 -0.291786 -0.619329 -0.937704 0.301216 0.173149 -0.236406 0.248059 0.231488 0.940681 0.380495 0.207116 -0.120452 0.970873 0.38295 -0.978299 -0.0314782 0.204795 -0.49452 0.00589344 -0.99222 -0.124357 0.441847 
1535382172394 0.243199 0.925005 -0.291926 -0.619122 -0.937643 0.301251 0.173417 -0.236336 0.248354 0.231547 0.940588 0.380557 0.206927 -0.120568 0.970899 0.382934 -0.978336 -0.0319671 0.204543 -0.494559 0.00637562 -0.99219 -0.12457 0.441887 
1535382172528 0.243131 0.924978 -0.292066 -0.61891 -0.937582 0.301286 0.173684 -0.236263 0.248649 0.231608 0.940495 0.380619 0.206737 -0.120683 0.970925 0.382918 -0.978373 -0.0324559 0.204289 -0.494598 0.00685813 -0.99216 -0.124783 0.441927 
1535382172545 0.243064 0.924952 -0.292207 -0.618699 -0.937522 0.301321 0.173951 -0.236191 0.248944 0.231669 0.940402 0.380681 0.206547 -0.120798 0.970951 0.382903 -0.978409 -0.0329448 0.204035 -0.494636 0.00734072 -0.99213 -0.124995 0.441967 
1535382172731 0.242996 0.924925 -0.292347 -0.618487 -0.937461 0.301356 0.174218 -0.236118 0.249239 0.23173 0.940309 0.380744 0.206357 -0.120914 0.970977 0.382887 -0.978445 -0.0334336 0.203781 -0.494675 0.00782333 -0.9921 -0.125207 0.442007 
1535382172800 0.242929 0.924898 -0.292488 -0.618275 -0.9374 0.301391 0.174485 -0.236045 0.249534 0.231791 0.940216 0.380807 0.206167 -0.121029 0.971003 0.382871 -0.978482 -0.0339223 0.203527 -0.494714 0.00830597 -0.992069 -0.125419 0.442047 
1535382172954 0.242861 0.924872 -0.292628 -0.618064 -0.937339 0.301426 0.174751 -0.235972 0.249828 0.231851 0.940123 0.380869 0.205977 -0.121145 0.971029 0.382855 -0.978517 -0.034411 0.203272 -0.494753 0.00878867 -0.992038 -0.12563 0.442086 
1535382173028 0.242793 0.924845 -0.292769 -0.617851 -0.937278 0.301461 0.175018 -0.235899 0.250123 0.231912 0.940029 0.380932 0.205786 -0.121261 0.971055 0.382839 -0.978553 -0.0348996 0.203017 -0.494792 0.00927139 -0.992007 -0.125842 0.442126 
1535382173179 0.242726 0.924818 -0.292909 -0.61764 -0.937217 0.301496 0.175285 -0.235827 0.250418 0.231973 0.939936 0.380994 0.205597 -0.121376 0.971081 0.382824 -0.978588 -0.0353883 0.202763 -0.49483 0.00975417 -0.991976 -0.126053 0.442166 
1535382173241 0.242658 0.924791 -0.293049 -0.617427 -0.937156 0.301531 0.175552 -0.235754 0.250712 0.232034 0.939842 0.381057 0.205407 -0.121492 0.971106 0.382808 -0.978623 -0.0358769 0.202509 -0.494869 0.010237 -0.991944 -0.126265 0.442206 
1535382173412 0.242465 0.924903 -0.292857 -0.617673 -0.937344 0.301182 0.175142 -0.235745 0.250193 0.232042 0.939979 0.38094 0.205724 -0.121329 0.97106 0.382823 -0.978565 -0.0350407 0.202936 -0.494809 0.00940456 -0.991994 -0.125937 0.442106 
1535382173436 0.24256 0.924867 -0.292892 -0.617433 -0.937308 0.301291 0.175151 -0.235667 0.250237 0.232046 0.939966 0.381018 0.205532 -0.121064 0.971133 0.382805 -0.978599 -0.0355502 0.20268 -0.494888 0.00998665 -0.992008 -0.12578 0.442089 
1535382173452 0.242655 0.924831 -0.292927 -0.61719 -0.937271 0.301399 0.175161 -0.235587 0.250282 0.232049 0.939953 0.381097 0.20534 -0.1208 0.971207 0.382787 -0.978634 -0.0360594 0.202425 -0.494968 0.0105683 -0.992022 -0.125623 0.442073 
1535382173633 0.24275 0.924795 -0.292962 -0.616946 -0.937235 0.301507 0.17517 -0.235508 0.250326 0.232052 0.939941 0.381176 0.205149 -0.120535 0.97128 0.382768 -0.978667 -0.0365688 0.202171 -0.495047 0.0111499 -0.992035 -0.125466 0.442056 
1535382173739 0.242846 0.924759 -0.292997 -0.616702 -0.937198 0.301615 0.175179 -0.235428 0.25037 0.232055 0.939928 0.381254 0.204957 -0.120271 0.971354 0.38275 -0.978701 -0.0370781 0.201916 -0.495127 0.0117314 -0.992048 -0.125308 0.44204 
1535382173895 0.242941 0.924723 -0.293032 -0.61646 -0.937162 0.301723 0.175188 -0.235349 0.250415 0.232058 0.939916 0.381333 0.204765 -0.120006 0.971427 0.382732 -0.978734 -0.0375876 0.201662 -0.495206 0.0123129 -0.992061 -0.125151 0.442023 
1535382174046 0.243036 0.924687 -0.293067 -0.616215 -0.937125 0.301832 0.175197 -0.235268 0.250459 0.232061 0.939903 0.381412 0.204573 -0.119742 0.9715 0.382714 -0.978766 -0.0380971 0.201407 -0.495285 0.0128944 -0.992074 -0.124993 0.442006 
1535382174153 0.243131 0.924651 -0.293101 -0.615972 -0.937089 0.30194 0.175206 -0.235189 0.250503 0.232064 0.939891 0.381491 0.204381 -0.119478 0.971573 0.382696 -0.978799 -0.0386067 0.201153 -0.495365 0.0134759 -0.992086 -0.124835 0.44199 
1535382174302 0.243227 0.924614 -0.293136 -0.615728 -0.937052 0.302048 0.175215 -0.235109 0.250548 0.232067 0.939878 0.38157 0.204188 -0.119214 0.971646 0.382677 -0.978831 -0.0391163 0.200899 -0.495444 0.0140573 -0.992098 -0.124678 0.441973 
1535382174402 0.243322 0.924578 -0.293171 -0.615484 -0.937016 0.302156 0.175224 -0.235029 0.250592 0.23207 0.939865 0.381648 0.203995 -0.11895 0.971718 0.382659 -0.978862 -0.039626 0.200644 -0.495524 0.0146386 -0.992109 -0.124519 0.441957 
1535382174593 0.243118 0.924693 -0.29298 -0.615718 -0.93706 0.301933 0.175369 -0.235047 0.250623 0.231904 0.939898 0.381624 0.204424 -0.119566 0.971553 0.382672 -0.978789 -0.0387103 0.201182 -0.495355 0.0135545 -0.992071 -0.124943 0.441979 
1535382174606 0.243279 0.924664 -0.292937 -0.615438 -0.937034 0.302064 0.175283 -0.234947 0.250563 0.231849 0.939928 0.381706 0.20413 -0.119234 0.971655 0.382665 -0.978858 -0.038016 0.200978 -0.495452 0.0129749 -0.992138 -0.124474 0.441895 
1535382174628 0.243441 0.924635 -0.292895 -0.615154 -0.937008 0.302195 0.175196 -0.234844 0.250503 0.231795 0.939957 0.38179 0.203836 -0.118904 0.971758 0.382658 -0.978927 -0.0373214 0.200773 -0.495549 0.0123946 -0.992204 -0.124006 0.441812 
1535382174813 0.243602 0.924605 -0.292853 -0.61487 -0.936982 0.302326 0.175109 -0.234741 0.250444 0.231741 0.939986 0.381873 0.203543 -0.118573 0.971859 0.38265 -0.978995 -0.0366269 0.200569 -0.495647 0.0118142 -0.99227 -0.123538 0.441728 
1535382174993 0.243764 0.924576 -0.292811 -0.614585 -0.936956 0.302457 0.175022 -0.234638 0.250384 0.231688 0.940015 0.381956 0.203249 -0.118242 0.971961 0.382643 -0.979063 -0.0359325 0.200363 -0.495744 0.0112337 -0.992334 -0.12307 0.441644 
1535382175161 0.243926 0.924546 -0.29277 -0.6143 -0.93693 0.302588 0.174935 -0.234536 0.250324 0.231634 0.940045 0.38204 0.202956 -0.117911 0.972063 0.382636 -0.97913 -0.0352381 0.200157 -0.495841 0.0106529 -0.992399 -0.122602 0.441561 
1535382175342 0.244087 0.924517 -0.292728 -0.614016 -0.936904 0.302719 0.174848 -0.234433 0.250264 0.23158 0.940074 0.382123 0.202663 -0.117579 0.972164 0.382629 -0.979197 -0.0345438 0.199951 -0.495938 0.0100721 -0.992463 -0.122134 0.441477 
1535382175519 0.244249 0.924488 -0.292686 -0.613731 -0.936878 0.30285 0.174761 -0.23433 0.250204 0.231526 0.940103 0.382206 0.20237 -0.117248 0.972265 0.382622 -0.979263 -0.0338495 0.199745 -0.496035 0.00949107 -0.992526 -0.121666 0.441393 
1535382175704 0.24441 0.924458 -0.292644 -0.613447 -0.936852 0.302981 0.174674 -0.234228 0.250145 0.231472 0.940132 0.382289 0.202077 -0.116916 0.972366 0.382614 -0.979329 -0.0331552 0.199537 -0.496133 0.00890999 -0.992588 -0.121199 0.441309 
1535382175865 0.244572 0.924429 -0.292602 -0.613163 -0.936826 0.303112 0.174587 -0.234125 0.250085 0.231418 0.940161 0.382373 0.201784 -0.116584 0.972467 0.382607 -0.979395 -0.0324611 0.19933 -0.49623 0.00832869 -0.99265 -0.120731 0.441226 
1535382176067 0.244617 0.924383 -0.292708 -0.613365 -0.936797 0.303191 0.174603 -0.234304 0.250146 0.231497 0.940126 0.382306 0.202139 -0.117068 0.972335 0.382572 -0.979315 -0.0333768 0.199571 -0.49612 0.00909004 -0.992563 -0.121393 0.441305 
1535382176086 0.244862 0.9243 -0.292766 -0.613049 -0.936734 0.303434 0.17452 -0.234146 0.250144 0.231511 0.940123 0.382393 0.201865 -0.116962 0.972404 0.382577 -0.979385 -0.031709 0.1995 -0.496225 0.00749994 -0.99263 -0.120952 0.44122 
1535382176103 0.245108 0.924216 -0.292826 -0.612729 -0.93667 0.303679 0.174436 -0.233987 0.250142 0.231526 0.94012 0.38248 0.201591 -0.116857 0.972474 0.382581 -0.979452 -0.0300406 0.199428 -0.496331 0.0059092 -0.992694 -0.120512 0.441135 
1535382176334 0.245354 0.924132 -0.292886 -0.612409 -0.936606 0.303923 0.174353 -0.233827 0.25014 0.231541 0.940116 0.382568 0.201317 -0.116752 0.972543 0.382586 -0.979517 -0.0283721 0.199354 -0.496436 0.00431813 -0.992756 -0.120072 0.441049 
1535382176521 0.2456 0.924047 -0.292946 -0.612088 -0.936542 0.304168 0.17427 -0.233667 0.250138 0.231556 0.940113 0.382656 0.201043 -0.116645 0.972613 0.38259 -0.979579 -0.0267038 0.19928 -0.496542 0.00272741 -0.992815 -0.119631 0.440964 
