1533289956149 0.143999 0.932875 -0.330163 -0.537606 -0.955111 0.218307 0.20026 -0.22274 0.258895 0.286505 0.922436 0.382921 0.16008 -0.304787 0.938871 0.370831 -0.775623 0.549475 0.310623 -0.528794 -0.61056 -0.777934 -0.14844 0.432481 
1533289956166 0.14867 0.933533 -0.326212 -0.545763 -0.953867 0.222389 0.201696 -0.22213 0.260836 0.281176 0.923528 0.382388 0.316305 -0.38429 0.867336 0.400738 -0.930106 -0.305553 0.203815 -0.506322 0.186693 -0.871182 -0.454078 0.485854 
1533289956184 0.153348 0.934148 -0.322261 -0.553915 -0.9526 0.226458 0.203149 -0.221517 0.26275 0.275833 0.924597 0.381856 0.316242 -0.384853 0.86711 0.400828 -0.929997 -0.306262 0.203248 -0.504438 0.187342 -0.870685 -0.454765 0.485876 
1533289956199 0.15803 0.934722 -0.318309 -0.562067 -0.951312 0.230515 0.204619 -0.220904 0.264637 0.270475 0.925641 0.381324 0.316223 -0.384857 0.867115 0.40079 -0.930001 -0.306263 0.203227 -0.50432 0.187352 -0.870683 -0.454765 0.485866 
1533289956216 0.162718 0.935255 -0.314358 -0.570219 -0.950002 0.234559 0.206105 -0.22029 0.266496 0.265103 0.926661 0.380792 0.316222 -0.384859 0.867114 0.40079 -0.930002 -0.306263 0.203224 -0.504311 0.187352 -0.870682 -0.454766 0.485866 
1533289956233 0.16741 0.935746 -0.310407 -0.578371 -0.94867 0.23859 0.207607 -0.219677 0.268328 0.259718 0.927657 0.38026 0.316221 -0.384861 0.867114 0.400793 -0.930002 -0.306262 0.203224 -0.504309 0.187352 -0.870681 -0.454768 0.485867 
1533289956250 0.172107 0.936196 -0.306457 -0.586523 -0.947316 0.242607 0.209127 -0.219063 0.270132 0.254319 0.928628 0.379728 0.316221 -0.384862 0.867113 0.400795 -0.930002 -0.306262 0.203223 -0.504309 0.187351 -0.870681 -0.454769 0.485868 
1533289956266 0.176808 0.936604 -0.302508 -0.594671 -0.945941 0.246611 0.210662 -0.218449 0.271909 0.248908 0.929575 0.379197 0.316221 -0.384862 0.867113 0.400796 -0.930002 -0.306262 0.203223 -0.50431 0.187351 -0.870681 -0.454769 0.485869 
1533289956290 0.181513 0.936969 -0.298566 -0.602766 -0.944544 0.250602 0.212213 -0.217826 0.273658 0.243489 0.930497 0.378673 0.316222 -0.384863 0.867112 0.400801 -0.930002 -0.306262 0.203224 -0.504317 0.18735 -0.87068 -0.45477 0.485871 
1533289956303 0.186229 0.93726 -0.294723 -0.610202 -0.943123 0.254611 0.213758 -0.217107 0.275387 0.238152 0.931368 0.378236 0.316238 -0.384878 0.8671 0.400844 -0.930001 -0.306253 0.203243 -0.504402 0.187328 -0.870677 -0.454786 0.48592 
1533289956381 0.144184 0.933401 -0.328594 -0.53784 -0.95512 0.218102 0.200442 -0.222699 0.258759 0.284946 0.922957 0.383182 0.316238 -0.384878 0.8671 0.400844 -0.930001 -0.306253 0.203243 -0.504402 0.187328 -0.870677 -0.454786 0.48592 
1533289956393 0.148838 0.933999 -0.324798 -0.545974 -0.953875 0.222203 0.201863 -0.222093 0.260711 0.279771 0.92399 0.382623 0.316221 -0.384863 0.867113 0.400799 -0.930002 -0.306262 0.203223 -0.504312 0.187351 -0.87068 -0.45477 0.485869 
1533289956410 0.153498 0.934556 -0.321002 -0.554103 -0.952607 0.226293 0.203299 -0.221484 0.262635 0.274583 0.925001 0.382065 0.316221 -0.384863 0.867113 0.400795 -0.930002 -0.306262 0.203222 -0.504305 0.187351 -0.87068 -0.454769 0.485867 
1533289956427 0.158163 0.935074 -0.317207 -0.562231 -0.951318 0.230369 0.204752 -0.220875 0.264533 0.269381 0.925989 0.381507 0.316221 -0.384863 0.867113 0.400795 -0.930002 -0.306262 0.203222 -0.504304 0.187351 -0.87068 -0.45477 0.485867 
1533289956433 0.162833 0.935552 -0.313413 -0.57036 -0.950007 0.234433 0.206221 -0.220266 0.266405 0.264165 0.926955 0.380949 0.31622 -0.384863 0.867113 0.400795 -0.930002 -0.306262 0.203222 -0.504304 0.187352 -0.87068 -0.454769 0.485867 
1533289956447 0.167506 0.93599 -0.309619 -0.578489 -0.948675 0.238484 0.207706 -0.219657 0.26825 0.258935 0.927898 0.38039 0.31622 -0.384863 0.867113 0.400795 -0.930002 -0.306262 0.203222 -0.504304 0.187352 -0.87068 -0.454769 0.485867 
1533289956464 0.172184 0.936389 -0.305825 -0.586618 -0.94732 0.242522 0.209207 -0.219048 0.270068 0.253692 0.928818 0.379832 0.31622 -0.384863 0.867113 0.400795 -0.930002 -0.306262 0.203222 -0.504304 0.187352 -0.87068 -0.454769 0.485867 
1533289956481 0.176866 0.936747 -0.302033 -0.594743 -0.945944 0.246546 0.210724 -0.218438 0.27186 0.248437 0.929716 0.379275 0.31622 -0.384863 0.867113 0.400795 -0.930002 -0.306262 0.203222 -0.504304 0.187352 -0.87068 -0.454769 0.485867 
1533289956497 0.181553 0.937062 -0.298249 -0.60282 -0.944546 0.25056 0.212255 -0.217821 0.273626 0.243175 0.930589 0.378723 0.31622 -0.384863 0.867113 0.400795 -0.930002 -0.306262 0.203222 -0.504304 0.187352 -0.87068 -0.454769 0.485867 
1533289956514 0.186243 0.937311 -0.294553 -0.610292 -0.943125 0.254581 0.213786 -0.217136 0.275372 0.237984 0.931415 0.378248 0.31622 -0.384863 0.867113 0.400795 -0.930002 -0.306262 0.203222 -0.504304 0.187352 -0.87068 -0.454769 0.485867 
1533289956574 0.144099 0.935833 -0.321641 -0.541206 -0.955082 0.21658 0.202265 -0.221484 0.258947 0.278048 0.925006 0.383892 0.31622 -0.384863 0.867113 0.400795 -0.930002 -0.306262 0.203222 -0.504304 0.187352 -0.87068 -0.454769 0.485867 
1533289956587 0.148769 0.936164 -0.318535 -0.549003 -0.953844 0.220826 0.203515 -0.221 0.260864 0.273556 0.925806 0.383262 0.31622 -0.384863 0.867113 0.400795 -0.930002 -0.306262 0.203222 -0.504304 0.187352 -0.87068 -0.454769 0.485867 
1533289956604 0.153443 0.93646 -0.315431 -0.556795 -0.952582 0.225061 0.204778 -0.220512 0.262758 0.269053 0.92659 0.382633 0.31622 -0.384863 0.867113 0.400795 -0.930002 -0.306262 0.203222 -0.504304 0.187352 -0.87068 -0.454769 0.485867 
1533289956621 0.158121 0.936722 -0.312329 -0.564587 -0.951299 0.229286 0.206055 -0.220024 0.264629 0.264537 0.927358 0.382004 0.31622 -0.384863 0.867113 0.400795 -0.930002 -0.306262 0.203222 -0.504304 0.187352 -0.87068 -0.454769 0.485867 
1533289956637 0.162801 0.936949 -0.309228 -0.572379 -0.949993 0.233499 0.207345 -0.219537 0.266477 0.260008 0.928109 0.381375 0.31622 -0.384863 0.867113 0.400795 -0.930002 -0.306262 0.203222 -0.504304 0.187352 -0.87068 -0.454769 0.485867 
1533289956654 0.167484 0.937142 -0.306129 -0.580172 -0.948664 0.237701 0.20865 -0.219049 0.268301 0.255468 0.928844 0.380746 0.31622 -0.384863 0.867113 0.400795 -0.930002 -0.306262 0.203222 -0.504304 0.187352 -0.87068 -0.454769 0.485867 
1533289956672 0.172169 0.937299 -0.303032 -0.587964 -0.947313 0.241891 0.209967 -0.218562 0.270103 0.250916 0.929562 0.380117 0.31622 -0.384863 0.867113 0.400795 -0.930002 -0.306262 0.203222 -0.504304 0.187352 -0.87068 -0.454769 0.485867 
1533289956687 0.176856 0.937422 -0.299937 -0.595752 -0.94594 0.24607 0.211299 -0.218074 0.271882 0.246352 0.930264 0.379488 0.31622 -0.384863 0.867113 0.400795 -0.930002 -0.306262 0.203222 -0.504304 0.187352 -0.87068 -0.454769 0.485867 
1533289956704 0.181547 0.937507 -0.296851 -0.603495 -0.944544 0.25024 0.212641 -0.217578 0.273637 0.241785 0.930947 0.378865 0.31622 -0.384863 0.867113 0.400795 -0.930002 -0.306262 0.203222 -0.504304 0.187352 -0.87068 -0.454769 0.485867 
1533289956720 0.18624 0.937533 -0.293849 -0.610662 -0.943124 0.254418 0.213982 -0.217018 0.275376 0.237284 0.931592 0.378315 0.31622 -0.384863 0.867113 0.400795 -0.930002 -0.306262 0.203222 -0.504304 0.187352 -0.87068 -0.454769 0.485867 
1533289956781 0.145313 0.937239 -0.316967 -0.548849 -0.954632 0.216984 0.203949 -0.219674 0.259926 0.272951 0.926249 0.38333 0.31622 -0.384863 0.867113 0.400795 -0.930002 -0.306262 0.203222 -0.504304 0.187352 -0.87068 -0.454769 0.485867 
1533289956794 0.149705 0.937501 -0.314133 -0.55583 -0.953414 0.221035 0.205295 -0.21942 0.261899 0.268765 0.926916 0.382729 0.31622 -0.384863 0.867113 0.400795 -0.930002 -0.306262 0.203222 -0.504304 0.187352 -0.87068 -0.454769 0.485867 
1533289956811 0.1541 0.937733 -0.311304 -0.562808 -0.952174 0.225077 0.206652 -0.219163 0.263852 0.264571 0.927569 0.382129 0.31622 -0.384863 0.867113 0.400795 -0.930002 -0.306262 0.203222 -0.504304 0.187352 -0.87068 -0.454769 0.485867 
1533289956829 0.158498 0.937934 -0.308477 -0.569786 -0.950914 0.229107 0.208021 -0.218906 0.265785 0.260364 0.928208 0.381529 0.31622 -0.384863 0.867113 0.400795 -0.930002 -0.306262 0.203222 -0.504304 0.187352 -0.87068 -0.454769 0.485867 
1533289956835 0.162899 0.938105 -0.305652 -0.576763 -0.949633 0.233128 0.209402 -0.21865 0.267697 0.256145 0.928831 0.380929 0.31622 -0.384863 0.867113 0.400795 -0.930002 -0.306262 0.203222 -0.504304 0.187352 -0.87068 -0.454769 0.485867 
1533289956848 0.167302 0.938245 -0.302829 -0.58374 -0.948331 0.237137 0.210795 -0.218393 0.269589 0.251916 0.929441 0.380329 0.31622 -0.384863 0.867113 0.400795 -0.930002 -0.306262 0.203222 -0.504304 0.187352 -0.87068 -0.454769 0.485867 
1533289956864 0.171709 0.938355 -0.300009 -0.590718 -0.947009 0.241136 0.212199 -0.218136 0.271461 0.247675 0.930035 0.379729 0.31622 -0.384863 0.867113 0.400795 -0.930002 -0.306262 0.203222 -0.504304 0.187352 -0.87068 -0.454769 0.485867 
1533289956882 0.176117 0.938434 -0.297193 -0.597692 -0.945665 0.245124 0.213614 -0.217879 0.273312 0.243424 0.930616 0.37913 0.31622 -0.384863 0.867113 0.400795 -0.930002 -0.306262 0.203222 -0.504304 0.187352 -0.87068 -0.454769 0.485867 
1533289956897 0.180529 0.938481 -0.294385 -0.604625 -0.944302 0.249103 0.21504 -0.217615 0.275143 0.239167 0.931179 0.378536 0.31622 -0.384863 0.867113 0.400795 -0.930002 -0.306262 0.203222 -0.504304 0.187352 -0.87068 -0.454769 0.485867 
1533289956904 0.184942 0.938474 -0.291654 -0.611039 -0.942916 0.253089 0.216463 -0.217289 0.276959 0.234972 0.931709 0.378008 0.31622 -0.384863 0.867113 0.400795 -0.930002 -0.306262 0.203222 -0.504304 0.187352 -0.87068 -0.454769 0.485867 
1533289956950 0.14949 0.937434 -0.314437 -0.557599 -0.953429 0.220919 0.205348 -0.218956 0.261965 0.269096 0.926802 0.382427 0.31622 -0.384863 0.867113 0.400795 -0.930002 -0.306262 0.203222 -0.504304 0.187352 -0.87068 -0.454769 0.485867 
1533289956961 0.153482 0.937661 -0.311826 -0.563685 -0.952319 0.224568 0.20654 -0.21877 0.26369 0.265258 0.927419 0.381925 0.31622 -0.384863 0.867113 0.400795 -0.930002 -0.306262 0.203222 -0.504304 0.187352 -0.87068 -0.454769 0.485867 
1533289956978 0.157476 0.937862 -0.309218 -0.569769 -0.951192 0.228207 0.20774 -0.218583 0.265398 0.261411 0.928024 0.381424 0.31622 -0.384863 0.867113 0.400795 -0.930002 -0.306262 0.203222 -0.504304 0.187352 -0.87068 -0.454769 0.485867 
1533289956984 0.161473 0.938039 -0.30661 -0.575852 -0.950048 0.231838 0.208951 -0.218395 0.267088 0.257555 0.928617 0.380923 0.31622 -0.384863 0.867113 0.400795 -0.930002 -0.306262 0.203222 -0.504304 0.187352 -0.87068 -0.454769 0.485867 
1533289956998 0.165472 0.938189 -0.304006 -0.581935 -0.948887 0.235461 0.210171 -0.218207 0.268762 0.25369 0.929198 0.380421 0.31622 -0.384863 0.867113 0.400795 -0.930002 -0.306262 0.203222 -0.504304 0.187352 -0.87068 -0.454769 0.485867 
1533289957014 0.169473 0.938315 -0.301403 -0.588018 -0.947709 0.239075 0.211401 -0.21802 0.270418 0.249815 0.929767 0.37992 0.31622 -0.384863 0.867113 0.400795 -0.930002 -0.306262 0.203222 -0.504304 0.187352 -0.87068 -0.454769 0.485867 
1533289957031 0.173476 0.938416 -0.298801 -0.594101 -0.946515 0.24268 0.212641 -0.217832 0.272058 0.245932 0.930323 0.379419 0.31622 -0.384863 0.867113 0.400795 -0.930002 -0.306262 0.203222 -0.504304 0.187352 -0.87068 -0.454769 0.485867 
1533289957048 0.17748 0.938491 -0.296202 -0.600181 -0.945304 0.246276 0.21389 -0.217644 0.273681 0.24204 0.930868 0.378918 0.31622 -0.384863 0.867113 0.400795 -0.930002 -0.306262 0.203222 -0.504304 0.187352 -0.87068 -0.454769 0.485867 
1533289957065 0.181488 0.938539 -0.293611 -0.606225 -0.944076 0.249865 0.215147 -0.21745 0.275287 0.238144 0.931399 0.378422 0.31622 -0.384863 0.867113 0.400795 -0.930002 -0.306262 0.203222 -0.504304 0.187352 -0.87068 -0.454769 0.485867 
1533289957081 0.185497 0.938541 -0.291087 -0.611815 -0.94283 0.253461 0.216402 -0.217201 0.276881 0.234304 0.931901 0.377985 0.31622 -0.384863 0.867113 0.400795 -0.930002 -0.306262 0.203222 -0.504304 0.187352 -0.87068 -0.454769 0.485867 
1533289957128 0.157174 0.936456 -0.313602 -0.567522 -0.951495 0.22864 0.205868 -0.219516 0.264488 0.266034 0.926969 0.38081 0.31622 -0.384863 0.867113 0.400795 -0.930002 -0.306262 0.203222 -0.504304 0.187352 -0.87068 -0.454769 0.485867 
1533289957139 0.160336 0.936737 -0.311153 -0.572582 -0.950585 0.231444 0.206937 -0.219276 0.26586 0.262598 0.927556 0.380481 0.31622 -0.384863 0.867113 0.400795 -0.930002 -0.306262 0.203222 -0.504304 0.187352 -0.87068 -0.454769 0.485867 
1533289957155 0.1635 0.936999 -0.308707 -0.577639 -0.949664 0.234242 0.208012 -0.219035 0.267219 0.259158 0.928133 0.380153 0.31622 -0.384863 0.867113 0.400795 -0.930002 -0.306262 0.203222 -0.504304 0.187352 -0.87068 -0.454769 0.485867 
1533289957173 0.166666 0.937244 -0.306261 -0.582696 -0.948733 0.237034 0.209094 -0.218794 0.268566 0.255711 0.9287 0.379824 0.31622 -0.384863 0.867113 0.400795 -0.930002 -0.306262 0.203222 -0.504304 0.187352 -0.87068 -0.454769 0.485867 
1533289957188 0.169833 0.937471 -0.303816 -0.587753 -0.947792 0.239819 0.210184 -0.218552 0.269902 0.252258 0.929257 0.379496 0.31622 -0.384863 0.867113 0.400795 -0.930002 -0.306262 0.203222 -0.504304 0.187352 -0.87068 -0.454769 0.485867 
1533289957204 0.173003 0.937681 -0.301372 -0.59281 -0.94684 0.242599 0.21128 -0.218311 0.271225 0.248799 0.929804 0.379167 0.31622 -0.384863 0.867113 0.400795 -0.930002 -0.306262 0.203222 -0.504304 0.187352 -0.87068 -0.454769 0.485867 
1533289957221 0.176174 0.937872 -0.298929 -0.597867 -0.945878 0.245371 0.212384 -0.21807 0.272537 0.245334 0.930341 0.378839 0.31622 -0.384863 0.867113 0.400795 -0.930002 -0.306262 0.203222 -0.504304 0.187352 -0.87068 -0.454769 0.485867 
1533289957238 0.179347 0.938046 -0.296487 -0.602921 -0.944906 0.248138 0.213494 -0.217828 0.273837 0.241863 0.930868 0.378511 0.31622 -0.384863 0.867113 0.400795 -0.930002 -0.306262 0.203222 -0.504304 0.187352 -0.87068 -0.454769 0.485867 
1533289957254 0.182523 0.9382 -0.294051 -0.607945 -0.943924 0.2509 0.21461 -0.217581 0.275125 0.23839 0.931384 0.378187 0.31622 -0.384863 0.867113 0.400795 -0.930002 -0.306262 0.203222 -0.504304 0.187352 -0.87068 -0.454769 0.485867 
1533289957261 0.185701 0.93832 -0.29167 -0.612589 -0.94293 0.253669 0.215722 -0.217289 0.276404 0.234965 0.931876 0.377911 0.31622 -0.384863 0.867113 0.400795 -0.930002 -0.306262 0.203222 -0.504304 0.187352 -0.87068 -0.454769 0.485867 
1533289957287 0.167319 0.934564 -0.313997 -0.577301 -0.948882 0.239107 0.206036 -0.221292 0.267632 0.263473 0.926798 0.379171 0.31622 -0.384863 0.867113 0.400795 -0.930002 -0.306262 0.203222 -0.504304 0.187352 -0.87068 -0.454769 0.485867 
1533289957297 0.169161 0.935005 -0.31169 -0.581348 -0.948225 0.240646 0.207265 -0.221001 0.2688 0.260491 0.927303 0.379009 0.31622 -0.384863 0.867113 0.400795 -0.930002 -0.306262 0.203222 -0.504304 0.187352 -0.87068 -0.454769 0.485867 
1533289957314 0.171004 0.935436 -0.309383 -0.585393 -0.947564 0.242179 0.208498 -0.22071 0.269962 0.257506 0.927799 0.378847 0.31622 -0.384863 0.867113 0.400795 -0.930002 -0.306262 0.203222 -0.504304 0.187352 -0.87068 -0.454769 0.485867 
1533289957330 0.172851 0.935856 -0.307076 -0.589439 -0.946899 0.243709 0.209734 -0.220418 0.271118 0.254517 0.928287 0.378685 0.31622 -0.384863 0.867113 0.400795 -0.930002 -0.306262 0.203222 -0.504304 0.187352 -0.87068 -0.454769 0.485867 
1533289957347 0.174699 0.936267 -0.30477 -0.593484 -0.94623 0.245233 0.210974 -0.220127 0.272267 0.251525 0.928766 0.378523 0.31622 -0.384863 0.867113 0.400795 -0.930002 -0.306262 0.203222 -0.504304 0.187352 -0.87068 -0.454769 0.485867 
1533289957364 0.17655 0.936668 -0.302463 -0.597529 -0.945556 0.246753 0.212217 -0.219835 0.273411 0.248529 0.929236 0.378361 0.31622 -0.384863 0.867113 0.400795 -0.930002 -0.306262 0.203222 -0.504304 0.187352 -0.87068 -0.454769 0.485867 
1533289957380 0.178403 0.937058 -0.300157 -0.601575 -0.944879 0.248268 0.213464 -0.219544 0.274548 0.245529 0.929698 0.378199 0.31622 -0.384863 0.867113 0.400795 -0.930002 -0.306262 0.203222 -0.504304 0.187352 -0.87068 -0.454769 0.485867 
1533289957397 0.180259 0.937439 -0.297851 -0.605618 -0.944197 0.249779 0.214714 -0.219252 0.275678 0.242526 0.930152 0.378038 0.31622 -0.384863 0.867113 0.400795 -0.930002 -0.306262 0.203222 -0.504304 0.187352 -0.87068 -0.454769 0.485867 
1533289957413 0.182117 0.937808 -0.295549 -0.609637 -0.943511 0.251286 0.215967 -0.218956 0.276803 0.239523 0.930596 0.377879 0.31622 -0.384863 0.867113 0.400795 -0.930002 -0.306262 0.203222 -0.504304 0.187352 -0.87068 -0.454769 0.485867 
1533289957430 0.183978 0.938153 -0.293292 -0.613348 -0.94282 0.2528 0.217213 -0.218622 0.277924 0.236559 0.93102 0.37776 0.31622 -0.384863 0.867113 0.400795 -0.930002 -0.306262 0.203222 -0.504304 0.187352 -0.87068 -0.454769 0.485867 
1533289957450 0.17763 0.932055 -0.315785 -0.586231 -0.946141 0.250007 0.205703 -0.223422 0.270675 0.262238 0.926265 0.37741 0.31622 -0.384863 0.867113 0.400795 -0.930002 -0.306262 0.203222 -0.504304 0.187352 -0.87068 -0.454769 0.485867 
1533289957464 0.178098 0.932754 -0.313451 -0.589334 -0.945788 0.250185 0.207107 -0.223048 0.271601 0.259573 0.926744 0.377422 0.31622 -0.384863 0.867113 0.400795 -0.930002 -0.306262 0.203222 -0.504304 0.187352 -0.87068 -0.454769 0.485867 
1533289957480 0.178568 0.933446 -0.311114 -0.592436 -0.945433 0.250357 0.208512 -0.222673 0.272525 0.256904 0.927217 0.377434 0.31622 -0.384863 0.867113 0.400795 -0.930002 -0.306262 0.203222 -0.504304 0.187352 -0.87068 -0.454769 0.485867 
1533289957497 0.17904 0.934132 -0.308776 -0.595537 -0.945077 0.250526 0.209918 -0.222298 0.273447 0.254233 0.927681 0.377447 0.31622 -0.384863 0.867113 0.400795 -0.930002 -0.306262 0.203222 -0.504304 0.187352 -0.87068 -0.454769 0.485867 
1533289957514 0.179515 0.934811 -0.306436 -0.598639 -0.944721 0.250691 0.211323 -0.221924 0.274368 0.251561 0.928138 0.377459 0.31622 -0.384863 0.867113 0.400795 -0.930002 -0.306262 0.203222 -0.504304 0.187352 -0.87068 -0.454769 0.485867 
1533289957520 0.179992 0.935483 -0.304095 -0.601741 -0.944362 0.250851 0.212728 -0.221549 0.275286 0.248886 0.928587 0.377471 0.31622 -0.384863 0.867113 0.400795 -0.930002 -0.306262 0.203222 -0.504304 0.187352 -0.87068 -0.454769 0.485867 
1533289957534 0.180471 0.936149 -0.301752 -0.604843 -0.944003 0.251008 0.214134 -0.221174 0.276204 0.24621 0.929028 0.377484 0.31622 -0.384863 0.867113 0.400795 -0.930002 -0.306262 0.203222 -0.504304 0.187352 -0.87068 -0.454769 0.485867 
1533289957551 0.180953 0.936809 -0.299408 -0.607943 -0.943642 0.25116 0.21554 -0.220799 0.277119 0.243532 0.929461 0.377496 0.31622 -0.384863 0.867113 0.400795 -0.930002 -0.306262 0.203222 -0.504304 0.187352 -0.87068 -0.454769 0.485867 
1533289957568 0.181437 0.937461 -0.297066 -0.611023 -0.943281 0.25131 0.216945 -0.220421 0.278033 0.240855 0.929885 0.377511 0.31622 -0.384863 0.867113 0.400795 -0.930002 -0.306262 0.203222 -0.504304 0.187352 -0.87068 -0.454769 0.485867 
1533289957574 0.181926 0.938094 -0.294758 -0.613863 -0.942917 0.251466 0.218341 -0.22001 0.278946 0.238211 0.930293 0.377556 0.31622 -0.384863 0.867113 0.400795 -0.930002 -0.306262 0.203222 -0.504304 0.187352 -0.87068 -0.454769 0.485867 
1533289957591 0.186104 0.930016 -0.316915 -0.593007 -0.94374 0.25894 0.205684 -0.225655 0.273351 0.260807 0.925883 0.376216 0.31622 -0.384863 0.867113 0.400795 -0.930002 -0.306262 0.203222 -0.504304 0.187352 -0.87068 -0.454769 0.485867 
1533289957604 0.185711 0.930871 -0.314628 -0.595367 -0.94361 0.25826 0.207127 -0.22512 0.274064 0.25842 0.926341 0.376323 0.31622 -0.384863 0.867113 0.400795 -0.930002 -0.306262 0.203222 -0.504304 0.187352 -0.87068 -0.454769 0.485867 
1533289957621 0.185319 0.93172 -0.312337 -0.597727 -0.943479 0.257576 0.20857 -0.224586 0.274779 0.256032 0.926793 0.37643 0.31622 -0.384863 0.867113 0.400795 -0.930002 -0.306262 0.203222 -0.504304 0.187352 -0.87068 -0.454769 0.485867 
1533289957627 0.18493 0.932563 -0.310044 -0.600087 -0.943347 0.256889 0.21001 -0.224051 0.275494 0.253642 0.927237 0.376537 0.31622 -0.384863 0.867113 0.400795 -0.930002 -0.306262 0.203222 -0.504304 0.187352 -0.87068 -0.454769 0.485867 
1533289957641 0.184542 0.9334 -0.307749 -0.602446 -0.943214 0.256198 0.211448 -0.223516 0.27621 0.251252 0.927675 0.376645 0.31622 -0.384863 0.867113 0.400795 -0.930002 -0.306262 0.203222 -0.504304 0.187352 -0.87068 -0.454769 0.485867 
1533289957658 0.184155 0.93423 -0.305451 -0.604806 -0.943079 0.255503 0.212885 -0.222982 0.276927 0.248861 0.928105 0.376752 0.31622 -0.384863 0.867113 0.400795 -0.930002 -0.306262 0.203222 -0.504304 0.187352 -0.87068 -0.454769 0.485867 
1533289957674 0.183771 0.935055 -0.303151 -0.607165 -0.942943 0.254805 0.214319 -0.222447 0.277645 0.246468 0.928529 0.376859 0.31622 -0.384863 0.867113 0.400795 -0.930002 -0.306262 0.203222 -0.504304 0.187352 -0.87068 -0.454769 0.485867 
1533289957691 0.183388 0.935873 -0.300848 -0.609524 -0.942806 0.254103 0.215752 -0.221912 0.278363 0.244075 0.928946 0.376966 0.31622 -0.384863 0.867113 0.400795 -0.930002 -0.306262 0.203222 -0.504304 0.187352 -0.87068 -0.454769 0.485867 
1533289957708 0.183007 0.936685 -0.298545 -0.611867 -0.942667 0.253397 0.217183 -0.221375 0.279082 0.241682 0.929356 0.377076 0.31622 -0.384863 0.867113 0.400795 -0.930002 -0.306262 0.203222 -0.504304 0.187352 -0.87068 -0.454769 0.485867 
1533289957724 0.18263 0.937482 -0.296268 -0.614024 -0.942527 0.252697 0.218603 -0.220813 0.279802 0.239317 0.929752 0.377208 0.31622 -0.384863 0.867113 0.400795 -0.930002 -0.306262 0.203222 -0.504304 0.187352 -0.87068 -0.454769 0.485867 
1533289957752 0.193913 0.927828 -0.318644 -0.598961 -0.941347 0.267416 0.205801 -0.227809 0.276158 0.260047 0.925263 0.375047 0.31622 -0.384863 0.867113 0.400795 -0.930002 -0.306262 0.203222 -0.504304 0.187352 -0.87068 -0.454769 0.485867 
1533289957764 0.193766 0.92813 -0.317853 -0.599867 -0.941585 0.266908 0.205372 -0.227283 0.275449 0.259491 0.925631 0.374796 0.31622 -0.384863 0.867113 0.400795 -0.930002 -0.306262 0.203222 -0.504304 0.187352 -0.87068 -0.454769 0.485867 
1533289957786 0.193667 0.928417 -0.317073 -0.600803 -0.941808 0.266452 0.204943 -0.226769 0.274758 0.258931 0.925993 0.374541 0.31622 -0.384863 0.867113 0.400795 -0.930002 -0.306262 0.203222 -0.504304 0.187352 -0.87068 -0.454769 0.485867 
1533289957803 0.193568 0.928704 -0.316292 -0.601742 -0.94203 0.265997 0.204514 -0.226254 0.274066 0.258369 0.926355 0.374285 0.31622 -0.384863 0.867113 0.400795 -0.930002 -0.306262 0.203222 -0.504304 0.187352 -0.87068 -0.454769 0.485867 
1533289957819 0.193468 0.92899 -0.315512 -0.60268 -0.942251 0.265542 0.204084 -0.22574 0.273374 0.257808 0.926716 0.374029 0.31622 -0.384863 0.867113 0.400795 -0.930002 -0.306262 0.203222 -0.504304 0.187352 -0.87068 -0.454769 0.485867 
1533289957836 0.193367 0.929276 -0.314731 -0.603619 -0.942472 0.265088 0.203654 -0.225226 0.272682 0.257245 0.927076 0.373774 0.31622 -0.384863 0.867113 0.400795 -0.930002 -0.306262 0.203222 -0.504304 0.187352 -0.87068 -0.454769 0.485867 
1533289957853 0.193266 0.929561 -0.31395 -0.604558 -0.942693 0.264633 0.203224 -0.224712 0.27199 0.256682 0.927435 0.373518 0.31622 -0.384863 0.867113 0.400795 -0.930002 -0.306262 0.203222 -0.504304 0.187352 -0.87068 -0.454769 0.485867 
1533289957869 0.193164 0.929846 -0.313169 -0.605496 -0.942913 0.264179 0.202793 -0.224198 0.271298 0.256118 0.927793 0.373262 0.31622 -0.384863 0.867113 0.400795 -0.930002 -0.306262 0.203222 -0.504304 0.187352 -0.87068 -0.454769 0.485867 
1533289957877 0.193062 0.930129 -0.312389 -0.606429 -0.943133 0.263725 0.202361 -0.223683 0.270606 0.255556 0.928151 0.373007 0.31622 -0.384863 0.867113 0.400795 -0.930002 -0.306262 0.203222 -0.504304 0.187352 -0.87068 -0.454769 0.485867 
1533289957890 0.192958 0.930409 -0.311618 -0.607292 -0.943351 0.263273 0.201929 -0.223166 0.269917 0.255001 0.928504 0.372764 0.31622 -0.384863 0.867113 0.400795 -0.930002 -0.306262 0.203222 -0.504304 0.187352 -0.87068 -0.454769 0.485867 
1533289957910 0.196681 0.927811 -0.31699 -0.60378 -0.940346 0.270042 0.206946 -0.22846 0.277608 0.257378 0.925576 0.374582 0.31622 -0.384863 0.867113 0.400795 -0.930002 -0.306262 0.203222 -0.504304 0.187352 -0.87068 -0.454769 0.485867 
1533289957928 0.195683 0.928225 -0.316395 -0.604395 -0.940748 0.268793 0.206744 -0.227809 0.27695 0.257192 0.925825 0.374524 0.31622 -0.384863 0.867113 0.400795 -0.930002 -0.306262 0.203222 -0.504304 0.187352 -0.87068 -0.454769 0.485867 
1533289957940 0.194683 0.928639 -0.315799 -0.60501 -0.941149 0.267543 0.206542 -0.227158 0.276292 0.257004 0.926073 0.374466 0.31622 -0.384863 0.867113 0.400795 -0.930002 -0.306262 0.203222 -0.504304 0.187352 -0.87068 -0.454769 0.485867 
1533289957956 0.193682 0.92905 -0.315204 -0.605625 -0.941548 0.266293 0.206338 -0.226506 0.275635 0.256816 0.926321 0.374407 0.31622 -0.384863 0.867113 0.400795 -0.930002 -0.306262 0.203222 -0.504304 0.187352 -0.87068 -0.454769 0.485867 
1533289957973 0.192681 0.929459 -0.314609 -0.606239 -0.941945 0.265043 0.206134 -0.225855 0.274978 0.256627 0.926569 0.374349 0.31622 -0.384863 0.867113 0.400795 -0.930002 -0.306262 0.203222 -0.504304 0.187352 -0.87068 -0.454769 0.485867 
1533289957990 0.191679 0.929868 -0.314015 -0.606854 -0.942341 0.263792 0.205929 -0.225204 0.274321 0.256437 0.926816 0.374291 0.31622 -0.384863 0.867113 0.400795 -0.930002 -0.306262 0.203222 -0.504304 0.187352 -0.87068 -0.454769 0.485867 
1533289958006 0.190677 0.930274 -0.31342 -0.607469 -0.942735 0.262542 0.205723 -0.224553 0.273665 0.256246 0.927063 0.374233 0.31622 -0.384863 0.867113 0.400795 -0.930002 -0.306262 0.203222 -0.504304 0.187352 -0.87068 -0.454769 0.485867 
1533289958023 0.189674 0.930679 -0.312826 -0.608084 -0.943128 0.26129 0.205516 -0.223902 0.273008 0.256054 0.92731 0.374175 0.31622 -0.384863 0.867113 0.400795 -0.930002 -0.306262 0.203222 -0.504304 0.187352 -0.87068 -0.454769 0.485867 
1533289958040 0.188669 0.931083 -0.312231 -0.608695 -0.943519 0.260038 0.205309 -0.22325 0.272352 0.255861 0.927556 0.374117 0.31622 -0.384863 0.867113 0.400795 -0.930002 -0.306262 0.203222 -0.504304 0.187352 -0.87068 -0.454769 0.485867 
1533289958056 0.187664 0.931483 -0.311644 -0.609262 -0.943908 0.258788 0.205101 -0.222601 0.271698 0.255673 0.927799 0.374064 0.31622 -0.384863 0.867113 0.400795 -0.930002 -0.306262 0.203222 -0.504304 0.187352 -0.87068 -0.454769 0.485867 
1533289958080 0.200827 0.926383 -0.318564 -0.606414 -0.939558 0.274197 0.205054 -0.229641 0.277308 0.258129 0.925456 0.37344 0.31622 -0.384863 0.867113 0.400795 -0.930002 -0.306262 0.203222 -0.504304 0.187352 -0.87068 -0.454769 0.485867 
1533289958093 0.199569 0.926854 -0.317985 -0.606672 -0.940194 0.272546 0.204338 -0.228923 0.276057 0.258188 0.925814 0.37347 0.31622 -0.384863 0.867113 0.400795 -0.930002 -0.306262 0.203222 -0.504304 0.187352 -0.87068 -0.454769 0.485867 
1533289958110 0.198309 0.927323 -0.317405 -0.606929 -0.940827 0.270893 0.203621 -0.228204 0.274805 0.258243 0.926171 0.373501 0.31622 -0.384863 0.867113 0.400795 -0.930002 -0.306262 0.203222 -0.504304 0.187352 -0.87068 -0.454769 0.485867 
1533289958128 0.197048 0.927789 -0.316826 -0.607187 -0.941457 0.269239 0.202902 -0.227486 0.273552 0.258297 0.926527 0.373532 0.31622 -0.384863 0.867113 0.400795 -0.930002 -0.306262 0.203222 -0.504304 0.187352 -0.87068 -0.454769 0.485867 
1533289958143 0.195786 0.928254 -0.316248 -0.607444 -0.942083 0.267585 0.202182 -0.226767 0.272299 0.258348 0.926882 0.373562 0.31622 -0.384863 0.867113 0.400795 -0.930002 -0.306262 0.203222 -0.504304 0.187352 -0.87068 -0.454769 0.485867 
1533289958160 0.194523 0.928715 -0.315672 -0.607702 -0.942706 0.26593 0.201461 -0.226049 0.271046 0.258397 0.927235 0.373593 0.31622 -0.384863 0.867113 0.400795 -0.930002 -0.306262 0.203222 -0.504304 0.187352 -0.87068 -0.454769 0.485867 
1533289958177 0.193258 0.929175 -0.315096 -0.60796 -0.943326 0.264274 0.200738 -0.225331 0.269792 0.258444 0.927588 0.373623 0.31622 -0.384863 0.867113 0.400795 -0.930002 -0.306262 0.203222 -0.504304 0.187352 -0.87068 -0.454769 0.485867 
1533289958193 0.191991 0.929632 -0.31452 -0.608217 -0.943942 0.262617 0.200014 -0.224612 0.268538 0.258488 0.927939 0.373654 0.31622 -0.384863 0.867113 0.400795 -0.930002 -0.306262 0.203222 -0.504304 0.187352 -0.87068 -0.454769 0.485867 
1533289958210 0.190724 0.930087 -0.313947 -0.608473 -0.944555 0.26096 0.199289 -0.223894 0.267284 0.25853 0.928289 0.373684 0.31622 -0.384863 0.867113 0.400795 -0.930002 -0.306262 0.203222 -0.504304 0.187352 -0.87068 -0.454769 0.485867 
1533289958226 0.189454 0.930539 -0.313375 -0.608712 -0.945163 0.259302 0.198566 -0.223184 0.266032 0.258571 0.928637 0.373715 0.31622 -0.384863 0.867113 0.400795 -0.930002 -0.306262 0.203222 -0.504304 0.187352 -0.87068 -0.454769 0.485867 
1533289958264 0.197497 0.927694 -0.316826 -0.607457 -0.940823 0.270167 0.204602 -0.227715 0.275405 0.257669 0.926153 0.373632 0.31622 -0.384863 0.867113 0.400795 -0.930002 -0.306262 0.203222 -0.504304 0.187352 -0.87068 -0.454769 0.485867 
1533289958282 0.195727 0.928188 -0.316477 -0.607468 -0.941466 0.268173 0.204266 -0.227013 0.274468 0.257972 0.926347 0.374001 0.31622 -0.384863 0.867113 0.400795 -0.930002 -0.306262 0.203222 -0.504304 0.187352 -0.87068 -0.454769 0.485867 
1533289958301 0.193957 0.928678 -0.316129 -0.607478 -0.942105 0.266179 0.203928 -0.226312 0.273531 0.258273 0.92654 0.374371 0.31622 -0.384863 0.867113 0.400795 -0.930002 -0.306262 0.203222 -0.504304 0.187352 -0.87068 -0.454769 0.485867 
1533289958314 0.192185 0.929165 -0.315782 -0.607489 -0.94274 0.264184 0.203589 -0.22561 0.272593 0.258573 0.926733 0.37474 0.31622 -0.384863 0.867113 0.400795 -0.930002 -0.306262 0.203222 -0.504304 0.187352 -0.87068 -0.454769 0.485867 
1533289958330 0.190413 0.929647 -0.315436 -0.607499 -0.94337 0.262188 0.20325 -0.224908 0.271654 0.258871 0.926925 0.37511 0.31622 -0.384863 0.867113 0.400795 -0.930002 -0.306262 0.203222 -0.504304 0.187352 -0.87068 -0.454769 0.485867 
1533289958347 0.18864 0.930126 -0.31509 -0.60751 -0.943996 0.26019 0.202909 -0.224206 0.270715 0.259167 0.927117 0.375479 0.31622 -0.384863 0.867113 0.400795 -0.930002 -0.306262 0.203222 -0.504304 0.187352 -0.87068 -0.454769 0.485867 
1533289958364 0.186865 0.930601 -0.314745 -0.60752 -0.944618 0.258192 0.202568 -0.223504 0.269775 0.259461 0.927309 0.375849 0.31622 -0.384863 0.867113 0.400795 -0.930002 -0.306262 0.203222 -0.504304 0.187352 -0.87068 -0.454769 0.485867 
1533289958380 0.185089 0.931072 -0.3144 -0.607531 -0.945236 0.256192 0.202226 -0.222803 0.268834 0.259752 0.9275 0.376218 0.31622 -0.384863 0.867113 0.400795 -0.930002 -0.306262 0.203222 -0.504304 0.187352 -0.87068 -0.454769 0.485867 
1533289958397 0.183312 0.931539 -0.314056 -0.607542 -0.945849 0.25419 0.201884 -0.222101 0.267893 0.260042 0.927692 0.376588 0.31622 -0.384863 0.867113 0.400795 -0.930002 -0.306262 0.203222 -0.504304 0.187352 -0.87068 -0.454769 0.485867 
1533289958413 0.181534 0.932004 -0.313711 -0.607556 -0.946457 0.252188 0.201543 -0.22141 0.266953 0.260327 0.927883 0.376948 0.31622 -0.384863 0.867113 0.400795 -0.930002 -0.306262 0.203222 -0.504304 0.187352 -0.87068 -0.454769 0.485867 
1533289958433 0.191373 0.929584 -0.315039 -0.608425 -0.943438 0.262752 0.202203 -0.224239 0.270742 0.258524 0.927289 0.373711 0.31622 -0.384863 0.867113 0.400795 -0.930002 -0.306262 0.203222 -0.504304 0.187352 -0.87068 -0.454769 0.485867 
1533289958447 0.189789 0.929999 -0.314772 -0.608327 -0.944184 0.260798 0.201246 -0.223608 0.26925 0.259008 0.927588 0.374088 0.31622 -0.384863 0.867113 0.400795 -0.930002 -0.306262 0.203222 -0.504304 0.187352 -0.87068 -0.454769 0.485867 
1533289958463 0.188204 0.930411 -0.314508 -0.608229 -0.944926 0.258844 0.200287 -0.222976 0.267758 0.259491 0.927885 0.374465 0.31622 -0.384863 0.867113 0.400795 -0.930002 -0.306262 0.203222 -0.504304 0.187352 -0.87068 -0.454769 0.485867 
1533289958480 0.186618 0.930819 -0.314244 -0.608132 -0.945662 0.256887 0.199328 -0.222345 0.266264 0.259971 0.92818 0.374842 0.31622 -0.384863 0.867113 0.400795 -0.930002 -0.306262 0.203222 -0.504304 0.187352 -0.87068 -0.454769 0.485867 
1533289958497 0.185031 0.931224 -0.313983 -0.608034 -0.946394 0.254929 0.198368 -0.221713 0.264769 0.260447 0.928474 0.375219 0.31622 -0.384863 0.867113 0.400795 -0.930002 -0.306262 0.203222 -0.504304 0.187352 -0.87068 -0.454769 0.485867 
1533289958514 0.183442 0.931626 -0.313723 -0.607936 -0.94712 0.25297 0.197408 -0.221082 0.263272 0.260921 0.928767 0.375595 0.31622 -0.384863 0.867113 0.400795 -0.930002 -0.306262 0.203222 -0.504304 0.187352 -0.87068 -0.454769 0.485867 
1533289958531 0.181852 0.932024 -0.313465 -0.607838 -0.947842 0.251009 0.196446 -0.220451 0.261775 0.261391 0.929058 0.375972 0.31622 -0.384863 0.867113 0.400795 -0.930002 -0.306262 0.203222 -0.504304 0.187352 -0.87068 -0.454769 0.485867 
1533289958547 0.180262 0.932419 -0.313209 -0.60774 -0.948558 0.249047 0.195483 -0.219819 0.260276 0.261858 0.929347 0.376349 0.31622 -0.384863 0.867113 0.400795 -0.930002 -0.306262 0.203222 -0.504304 0.187352 -0.87068 -0.454769 0.485867 
1533289958563 0.17867 0.932811 -0.312954 -0.607643 -0.949269 0.247083 0.19452 -0.219188 0.258776 0.262323 0.929635 0.376726 0.31622 -0.384863 0.867113 0.400795 -0.930002 -0.306262 0.203222 -0.504304 0.187352 -0.87068 -0.454769 0.485867 
1533289958581 0.177076 0.933201 -0.312697 -0.607557 -0.949975 0.245117 0.19356 -0.21857 0.257278 0.262779 0.929922 0.377092 0.31622 -0.384863 0.867113 0.400795 -0.930002 -0.306262 0.203222 -0.504304 0.187352 -0.87068 -0.454769 0.485867 
1533289958600 0.186491 0.930857 -0.314208 -0.608117 -0.944911 0.257513 0.202063 -0.222436 0.269004 0.259215 0.927601 0.374973 0.31622 -0.384863 0.867113 0.400795 -0.930002 -0.306262 0.203222 -0.504304 0.187352 -0.87068 -0.454769 0.485867 
1533289958614 0.185216 0.931045 -0.314404 -0.607895 -0.945482 0.256049 0.201251 -0.222008 0.267876 0.259988 0.927711 0.375365 0.31622 -0.384863 0.867113 0.400795 -0.930002 -0.306262 0.203222 -0.504304 0.187352 -0.87068 -0.454769 0.485867 
1533289958630 0.184019 0.931213 -0.314611 -0.60768 -0.946007 0.254686 0.200516 -0.221607 0.26685 0.260725 0.9278 0.37575 0.31622 -0.384863 0.867113 0.400795 -0.930002 -0.306262 0.203222 -0.504304 0.187352 -0.87068 -0.454769 0.485867 
1533289958647 0.182821 0.931378 -0.314819 -0.607466 -0.946528 0.253323 0.199781 -0.221206 0.265822 0.261461 0.927888 0.376134 0.31622 -0.384863 0.867113 0.400795 -0.930002 -0.306262 0.203222 -0.504304 0.187352 -0.87068 -0.454769 0.485867 
1533289958663 0.181622 0.931542 -0.315027 -0.607252 -0.947047 0.251958 0.199046 -0.220806 0.264794 0.262195 0.927975 0.376518 0.31622 -0.384863 0.867113 0.400795 -0.930002 -0.306262 0.203222 -0.504304 0.187352 -0.87068 -0.454769 0.485867 
1533289958670 0.180424 0.931704 -0.315237 -0.607038 -0.947563 0.250593 0.198312 -0.220406 0.263764 0.262927 0.928061 0.376901 0.31622 -0.384863 0.867113 0.400795 -0.930002 -0.306262 0.203222 -0.504304 0.187352 -0.87068 -0.454769 0.485867 
1533289958686 0.179226 0.931864 -0.315448 -0.606824 -0.948077 0.249226 0.197577 -0.220005 0.262733 0.263658 0.928147 0.377285 0.31622 -0.384863 0.867113 0.400795 -0.930002 -0.306262 0.203222 -0.504304 0.187352 -0.87068 -0.454769 0.485867 
1533289958701 0.178027 0.932022 -0.315659 -0.60661 -0.948588 0.247859 0.196843 -0.219605 0.261701 0.264387 0.928231 0.377669 0.31622 -0.384863 0.867113 0.400795 -0.930002 -0.306262 0.203222 -0.504304 0.187352 -0.87068 -0.454769 0.485867 
1533289958717 0.176829 0.932179 -0.315871 -0.606398 -0.949096 0.24649 0.196109 -0.219205 0.260668 0.265114 0.928314 0.378053 0.31622 -0.384863 0.867113 0.400795 -0.930002 -0.306262 0.203222 -0.504304 0.187352 -0.87068 -0.454769 0.485867 
1533289958734 0.175629 0.932335 -0.316079 -0.606207 -0.949602 0.245119 0.195379 -0.218816 0.259636 0.265834 0.928397 0.378424 0.31622 -0.384863 0.867113 0.400795 -0.930002 -0.306262 0.203222 -0.504304 0.187352 -0.87068 -0.454769 0.485867 
1533289958754 0.182332 0.931889 -0.313589 -0.607678 -0.947334 0.251899 0.197752 -0.220851 0.263276 0.261017 0.928739 0.375965 0.31622 -0.384863 0.867113 0.400795 -0.930002 -0.306262 0.203222 -0.504304 0.187352 -0.87068 -0.454769 0.485867 
1533289958767 0.181307 0.931984 -0.313899 -0.607452 -0.947813 0.250721 0.196951 -0.220597 0.262257 0.261809 0.928804 0.376369 0.31622 -0.384863 0.867113 0.400795 -0.930002 -0.306262 0.203222 -0.504304 0.187352 -0.87068 -0.454769 0.485867 
1533289958786 0.180282 0.932078 -0.314211 -0.607225 -0.94829 0.249542 0.19615 -0.220342 0.261236 0.2626 0.928869 0.376773 0.31622 -0.384863 0.867113 0.400795 -0.930002 -0.306262 0.203222 -0.504304 0.187352 -0.87068 -0.454769 0.485867 
1533289958790 0.179258 0.932171 -0.314522 -0.606998 -0.948765 0.248361 0.195349 -0.220088 0.260213 0.26339 0.928932 0.377176 0.31622 -0.384863 0.867113 0.400795 -0.930002 -0.306262 0.203222 -0.504304 0.187352 -0.87068 -0.454769 0.485867 
1533289958804 0.178233 0.932262 -0.314835 -0.606772 -0.949238 0.247179 0.194548 -0.219833 0.25919 0.264178 0.928994 0.37758 0.31622 -0.384863 0.867113 0.400795 -0.930002 -0.306262 0.203222 -0.504304 0.187352 -0.87068 -0.454769 0.485867 
1533289958821 0.177208 0.932351 -0.315148 -0.606545 -0.949709 0.245997 0.193747 -0.219579 0.258166 0.264965 0.929055 0.377984 0.31622 -0.384863 0.867113 0.400795 -0.930002 -0.306262 0.203222 -0.504304 0.187352 -0.87068 -0.454769 0.485867 
1533289958841 0.176184 0.932439 -0.315462 -0.606318 -0.950178 0.244813 0.192947 -0.219324 0.25714 0.265751 0.929115 0.378388 0.31622 -0.384863 0.867113 0.400795 -0.930002 -0.306262 0.203222 -0.504304 0.187352 -0.87068 -0.454769 0.485867 
1533289958854 0.175159 0.932526 -0.315776 -0.606092 -0.950644 0.243628 0.192147 -0.21907 0.256114 0.266535 0.929174 0.378791 0.31622 -0.384863 0.867113 0.400795 -0.930002 -0.306262 0.203222 -0.504304 0.187352 -0.87068 -0.454769 0.485867 
1533289958870 0.174135 0.932611 -0.316091 -0.605867 -0.951109 0.242443 0.191347 -0.218816 0.255086 0.267317 0.929232 0.379195 0.31622 -0.384863 0.867113 0.400795 -0.930002 -0.306262 0.203222 -0.504304 0.187352 -0.87068 -0.454769 0.485867 
1533289958892 0.17311 0.932696 -0.316402 -0.605665 -0.951571 0.241255 0.190551 -0.218571 0.25406 0.268092 0.92929 0.379585 0.31622 -0.384863 0.867113 0.400795 -0.930002 -0.306262 0.203222 -0.504304 0.187352 -0.87068 -0.454769 0.485867 
1533289958905 0.178782 0.932282 -0.314462 -0.606969 -0.948409 0.248351 0.197083 -0.219732 0.261834 0.263004 0.928586 0.376961 0.31622 -0.384863 0.867113 0.400795 -0.930002 -0.306262 0.203222 -0.504304 0.187352 -0.87068 -0.454769 0.485867 
1533289958921 0.177814 0.932212 -0.31522 -0.606718 -0.948768 0.247424 0.196519 -0.219572 0.26119 0.264127 0.928448 0.377369 0.31622 -0.384863 0.867113 0.400795 -0.930002 -0.306262 0.203222 -0.504304 0.187352 -0.87068 -0.454769 0.485867 
1533289958937 0.176847 0.932139 -0.315979 -0.606468 -0.949127 0.246496 0.195956 -0.219411 0.260545 0.26525 0.92831 0.377777 0.31622 -0.384863 0.867113 0.400795 -0.930002 -0.306262 0.203222 -0.504304 0.187352 -0.87068 -0.454769 0.485867 
1533289958958 0.17588 0.932064 -0.316737 -0.606217 -0.949483 0.245566 0.195393 -0.219251 0.259899 0.266371 0.92817 0.378184 0.31622 -0.384863 0.867113 0.400795 -0.930002 -0.306262 0.203222 -0.504304 0.187352 -0.87068 -0.454769 0.485867 
1533289958976 0.174914 0.931988 -0.317496 -0.605966 -0.949839 0.244636 0.194831 -0.21909 0.259251 0.267492 0.928029 0.378592 0.31622 -0.384863 0.867113 0.400795 -0.930002 -0.306262 0.203222 -0.504304 0.187352 -0.87068 -0.454769 0.485867 
1533289958992 0.173947 0.93191 -0.318255 -0.605715 -0.950193 0.243705 0.19427 -0.21893 0.258603 0.268611 0.927886 0.379 0.31622 -0.384863 0.867113 0.400795 -0.930002 -0.306262 0.203222 -0.504304 0.187352 -0.87068 -0.454769 0.485867 
1533289959008 0.172982 0.93183 -0.319015 -0.605465 -0.950546 0.242773 0.19371 -0.218769 0.257953 0.26973 0.927743 0.379408 0.31622 -0.384863 0.867113 0.400795 -0.930002 -0.306262 0.203222 -0.504304 0.187352 -0.87068 -0.454769 0.485867 
1533289959028 0.172016 0.931748 -0.319774 -0.605214 -0.950898 0.24184 0.19315 -0.218609 0.257301 0.270848 0.927598 0.379815 0.31622 -0.384863 0.867113 0.400795 -0.930002 -0.306262 0.203222 -0.504304 0.187352 -0.87068 -0.454769 0.485867 
