1535374024214 0.249326 0.925721 -0.28439 -0.604856 -0.934275 0.307221 0.180958 -0.231262 0.254887 0.220581 0.941476 0.384185 0.192315 -0.128678 0.97286 0.383207 -0.981244 -0.0118236 0.192408 -0.498962 -0.0132561 -0.991616 -0.128539 0.442894 
1535374024236 0.249305 0.925914 -0.283778 -0.608135 -0.934527 0.306869 0.180254 -0.232337 0.253982 0.22026 0.941795 0.383159 0.187932 -0.128119 0.97379 0.38301 -0.981838 0.00173266 0.189713 -0.497307 -0.0259931 -0.991757 -0.125466 0.44266 
1535374024676 0.249284 0.926108 -0.283165 -0.611419 -0.934778 0.306516 0.17955 -0.233414 0.253077 0.219937 0.942114 0.382133 0.183553 -0.127499 0.974706 0.382812 -0.982246 0.0152863 0.186973 -0.49565 -0.0387385 -0.991721 -0.122429 0.442426 
1535374025173 0.249261 0.926301 -0.282551 -0.614704 -0.935028 0.306163 0.178846 -0.234492 0.252172 0.219614 0.942432 0.381106 0.17918 -0.126818 0.975608 0.382614 -0.982468 0.0288355 0.184188 -0.493992 -0.0514905 -0.991507 -0.119428 0.442192 
1535374025653 0.249238 0.926494 -0.281938 -0.617988 -0.935278 0.305811 0.178142 -0.23557 0.251267 0.219291 0.94275 0.38008 0.174815 -0.126076 0.976496 0.382416 -0.982503 0.0423774 0.181362 -0.492335 -0.0642468 -0.991115 -0.116462 0.441958 
1535374026124 0.249215 0.926687 -0.281324 -0.621273 -0.935527 0.305459 0.177437 -0.236647 0.250361 0.218967 0.943066 0.379053 0.170457 -0.125275 0.977369 0.382218 -0.982352 0.0559096 0.178492 -0.490678 -0.0770049 -0.990545 -0.113534 0.441724 
1535374026615 0.249191 0.926879 -0.280711 -0.624557 -0.935776 0.305107 0.176731 -0.237725 0.249455 0.218642 0.943381 0.378027 0.166108 -0.124413 0.978228 0.38202 -0.982014 0.0694294 0.175581 -0.489021 -0.0897623 -0.989798 -0.110642 0.441489 
1535374027153 0.249166 0.927072 -0.280097 -0.62784 -0.936023 0.304755 0.176026 -0.238802 0.248549 0.218318 0.943695 0.377001 0.161769 -0.123491 0.979071 0.381823 -0.981489 0.0829343 0.172629 -0.487364 -0.102517 -0.988874 -0.107789 0.441255 
1535374027656 0.249141 0.927264 -0.279484 -0.631124 -0.93627 0.304403 0.17532 -0.23988 0.247643 0.217993 0.944008 0.375974 0.157439 -0.122509 0.9799 0.381625 -0.980779 0.0964217 0.169635 -0.485706 -0.115266 -0.987772 -0.104974 0.441021 
1535374028160 0.249115 0.927455 -0.27887 -0.634409 -0.936516 0.304052 0.174613 -0.240957 0.246737 0.217667 0.944321 0.374947 0.15312 -0.121468 0.980714 0.381427 -0.979882 0.109889 0.166601 -0.484049 -0.128006 -0.986494 -0.102198 0.440787 
1535374028668 0.249883 0.92717 -0.27913 -0.634113 -0.936276 0.304866 0.174481 -0.241192 0.246871 0.217743 0.944268 0.375018 0.153506 -0.121536 0.980645 0.381509 -0.980019 0.108306 0.166831 -0.484257 -0.126486 -0.986661 -0.102481 0.440853 
1535374028682 0.249123 0.927131 -0.279939 -0.634341 -0.936283 0.304465 0.175142 -0.24132 0.247611 0.21847 0.943907 0.375016 0.155862 -0.120712 0.980375 0.381475 -0.980485 0.101483 0.168375 -0.484365 -0.119816 -0.987487 -0.102539 0.441031 
1535374028996 0.248361 0.927091 -0.280746 -0.634572 -0.93629 0.304063 0.175803 -0.241451 0.24835 0.219197 0.943544 0.375013 0.158229 -0.119872 0.980099 0.381444 -0.980916 0.0945078 0.16992 -0.484506 -0.112996 -0.988281 -0.102631 0.44121 
1535374029291 0.247599 0.927051 -0.281552 -0.634804 -0.936296 0.303662 0.176464 -0.241581 0.249088 0.219924 0.94318 0.37501 0.160589 -0.119016 0.97982 0.381414 -0.981295 0.0875297 0.171463 -0.484645 -0.10617 -0.989027 -0.102733 0.441389 
1535374029601 0.246836 0.927009 -0.282358 -0.635036 -0.936301 0.303261 0.177126 -0.241711 0.249825 0.220651 0.942815 0.375007 0.162943 -0.118143 0.979537 0.381383 -0.981622 0.0805487 0.173005 -0.484786 -0.0993397 -0.989724 -0.102847 0.441568 
1535374029914 0.246072 0.926967 -0.283162 -0.635268 -0.936305 0.30286 0.177787 -0.241842 0.250562 0.221378 0.942449 0.375004 0.16529 -0.117253 0.97925 0.381353 -0.981897 0.0735652 0.174546 -0.484926 -0.0925047 -0.990374 -0.102971 0.441747 
1535374030231 0.245308 0.926923 -0.283967 -0.635499 -0.936309 0.30246 0.178449 -0.241972 0.251297 0.222106 0.942082 0.375002 0.16763 -0.116346 0.97896 0.381322 -0.982121 0.0665795 0.176084 -0.485066 -0.0856655 -0.990975 -0.103105 0.441926 
1535374030537 0.244542 0.926879 -0.28477 -0.635732 -0.936311 0.30206 0.179111 -0.242103 0.252032 0.222833 0.941714 0.374999 0.169964 -0.115423 0.978667 0.381292 -0.982293 0.059592 0.177622 -0.485206 -0.0788224 -0.991527 -0.103251 0.442105 
1535374030831 0.243776 0.926834 -0.285573 -0.635963 -0.936313 0.301661 0.179774 -0.242233 0.252767 0.223561 0.941345 0.374996 0.17229 -0.114483 0.978371 0.381261 -0.982413 0.052603 0.179157 -0.485346 -0.0719758 -0.992031 -0.103407 0.442284 
1535374031112 0.24301 0.926788 -0.286375 -0.636196 -0.936314 0.301262 0.180437 -0.242363 0.2535 0.224289 0.940974 0.374993 0.17461 -0.113527 0.978071 0.381231 -0.982482 0.045613 0.180691 -0.485487 -0.0651261 -0.992487 -0.103574 0.442463 
1535374031431 0.243477 0.926877 -0.285688 -0.636015 -0.936345 0.301439 0.179979 -0.242197 0.252936 0.223682 0.941271 0.374977 0.17426 -0.11384 0.978097 0.381272 -0.982451 0.0469935 0.180505 -0.485404 -0.0665129 -0.992387 -0.103653 0.442373 
1535374031460 0.243282 0.926901 -0.285778 -0.636116 -0.936393 0.301272 0.180008 -0.242254 0.252947 0.223808 0.941237 0.375018 0.175771 -0.114586 0.977739 0.38133 -0.982362 0.043937 0.181752 -0.485617 -0.0637851 -0.992441 -0.104842 0.44259 
1535374031679 0.243085 0.926924 -0.285869 -0.63622 -0.936441 0.301106 0.180037 -0.242311 0.252958 0.223935 0.941204 0.375059 0.177285 -0.115328 0.977379 0.38139 -0.982264 0.040879 0.182995 -0.485834 -0.0610586 -0.992486 -0.106035 0.442807 
1535374031919 0.24289 0.926947 -0.285961 -0.636323 -0.936489 0.30094 0.180066 -0.242369 0.252969 0.224063 0.941171 0.3751 0.178801 -0.116064 0.977016 0.381449 -0.982155 0.0378197 0.184234 -0.486051 -0.0583334 -0.992521 -0.107231 0.443024 
1535374032149 0.242693 0.926971 -0.286051 -0.636426 -0.936537 0.300773 0.180095 -0.242426 0.252979 0.22419 0.941138 0.375141 0.180317 -0.116796 0.97665 0.381508 -0.982035 0.0347593 0.185468 -0.486267 -0.0556096 -0.992547 -0.10843 0.443241 
1535374032388 0.242497 0.926994 -0.286143 -0.63653 -0.936585 0.300607 0.180124 -0.242484 0.25299 0.224317 0.941104 0.375182 0.181836 -0.117523 0.976281 0.381568 -0.981906 0.0316975 0.1867 -0.486485 -0.0528872 -0.992564 -0.109633 0.443459 
1535374032621 0.242301 0.927017 -0.286234 -0.636634 -0.936633 0.30044 0.180153 -0.242542 0.253001 0.224444 0.941071 0.375222 0.183357 -0.118245 0.975909 0.381628 -0.981766 0.0286346 0.187927 -0.486703 -0.0501662 -0.992571 -0.110839 0.443676 
1535374032845 0.242105 0.92704 -0.286325 -0.636738 -0.93668 0.300273 0.180182 -0.242599 0.253012 0.224572 0.941038 0.375263 0.184879 -0.118962 0.975535 0.381687 -0.981615 0.0255706 0.189149 -0.48692 -0.0474466 -0.992569 -0.112048 0.443893 
1535374033055 0.241908 0.927064 -0.286415 -0.636841 -0.936728 0.300106 0.180212 -0.242657 0.253023 0.224698 0.941005 0.375304 0.186402 -0.119675 0.975158 0.381746 -0.981455 0.0225054 0.190368 -0.487136 -0.0447285 -0.992558 -0.11326 0.44411 
1535374033280 0.241712 0.927086 -0.286506 -0.636945 -0.936776 0.29994 0.180241 -0.242715 0.253033 0.224826 0.940972 0.375345 0.187927 -0.120382 0.974778 0.381806 -0.981284 0.0194391 0.191583 -0.487354 -0.042012 -0.992537 -0.114476 0.444327 
1535374033547 0.241907 0.927071 -0.286394 -0.636841 -0.93674 0.30009 0.180176 -0.242643 0.252979 0.224691 0.941018 0.375289 0.187403 -0.120174 0.974904 0.381766 -0.981335 0.0206915 0.19119 -0.48726 -0.0431482 -0.992537 -0.114053 0.444179 
1535374033560 0.241535 0.927221 -0.286221 -0.636894 -0.936918 0.299631 0.180019 -0.242723 0.252678 0.224685 0.941101 0.375321 0.187715 -0.121858 0.974635 0.381779 -0.981285 0.0200992 0.191509 -0.487316 -0.0429262 -0.992344 -0.115804 0.444429 
1535374033738 0.241164 0.927371 -0.286049 -0.636952 -0.937095 0.299171 0.179862 -0.242806 0.252376 0.224678 0.941183 0.375353 0.188028 -0.123542 0.974363 0.381794 -0.981235 0.0195064 0.191827 -0.487375 -0.042705 -0.992148 -0.117556 0.44468 
1535374033930 0.240792 0.927521 -0.285876 -0.637012 -0.937271 0.298711 0.179706 -0.242889 0.252075 0.224671 0.941266 0.375384 0.188341 -0.125226 0.974087 0.381809 -0.981184 0.0189131 0.192144 -0.487435 -0.0424844 -0.991948 -0.119307 0.444931 
1535374034116 0.24042 0.92767 -0.285703 -0.63707 -0.937448 0.298251 0.179549 -0.242972 0.251773 0.224664 0.941348 0.375415 0.188655 -0.126909 0.973809 0.381823 -0.981134 0.018319 0.192462 -0.487494 -0.0422643 -0.991745 -0.121058 0.445182 
1535374034307 0.240047 0.92782 -0.28553 -0.637128 -0.937624 0.297791 0.179392 -0.243054 0.251472 0.224657 0.94143 0.375447 0.188968 -0.128591 0.973527 0.381838 -0.981083 0.0177247 0.192776 -0.487553 -0.0420447 -0.991539 -0.122809 0.445433 
1535374034494 0.239675 0.927969 -0.285357 -0.637187 -0.9378 0.29733 0.179235 -0.243138 0.25117 0.22465 0.941513 0.375478 0.189284 -0.130273 0.973242 0.381852 -0.981031 0.0171295 0.193091 -0.487612 -0.0418258 -0.99133 -0.124559 0.445684 
1535374034689 0.239303 0.928118 -0.285185 -0.637244 -0.937976 0.29687 0.179078 -0.24322 0.250869 0.224643 0.941595 0.375509 0.189598 -0.131954 0.972955 0.381867 -0.98098 0.0165341 0.193404 -0.487671 -0.0416074 -0.991118 -0.126309 0.445934 
1535374034875 0.23893 0.928267 -0.285012 -0.637304 -0.938152 0.29641 0.178921 -0.243303 0.250567 0.224635 0.941677 0.37554 0.189914 -0.133635 0.972664 0.381882 -0.980928 0.0159379 0.193717 -0.487731 -0.0413895 -0.990902 -0.128059 0.446185 
1535374035061 0.238558 0.928416 -0.28484 -0.637361 -0.938327 0.29595 0.178764 -0.243386 0.250265 0.224627 0.941759 0.375572 0.190228 -0.135315 0.97237 0.381896 -0.980876 0.0153413 0.194027 -0.48779 -0.0411722 -0.990684 -0.129809 0.446436 
1535374035271 0.239012 0.928255 -0.284985 -0.637306 -0.938082 0.296526 0.179093 -0.243225 0.25075 0.224534 0.941652 0.375596 0.189996 -0.134285 0.972558 0.381882 -0.980914 0.01575 0.193804 -0.487806 -0.0413426 -0.990818 -0.128729 0.446304 
1535374035283 0.23872 0.928445 -0.28461 -0.637357 -0.938242 0.296098 0.178961 -0.243328 0.250428 0.224311 0.941791 0.375567 0.18968 -0.134892 0.972536 0.381868 -0.980983 0.0154729 0.193474 -0.487819 -0.041146 -0.99074 -0.129392 0.446362 
1535374035300 0.238427 0.928635 -0.284234 -0.637413 -0.938402 0.295671 0.178829 -0.243433 0.250107 0.224088 0.941929 0.375538 0.189364 -0.135499 0.972513 0.381854 -0.981053 0.0151963 0.193144 -0.487831 -0.0409493 -0.990661 -0.130054 0.44642 
1535374035315 0.238134 0.928825 -0.283858 -0.63747 -0.938562 0.295243 0.178698 -0.243539 0.249786 0.223864 0.942068 0.375508 0.189047 -0.136105 0.97249 0.38184 -0.981122 0.0149199 0.192813 -0.487843 -0.0407523 -0.990582 -0.130715 0.446478 
1535374035504 0.237842 0.929015 -0.283482 -0.637526 -0.938722 0.294815 0.178566 -0.243645 0.249466 0.22364 0.942206 0.375478 0.18873 -0.136712 0.972466 0.381826 -0.981191 0.0146438 0.192482 -0.487855 -0.0405552 -0.990503 -0.131377 0.446536 
1535374035556 0.237549 0.929205 -0.283107 -0.637581 -0.938881 0.294387 0.178434 -0.243749 0.249145 0.223417 0.942344 0.375449 0.188413 -0.137319 0.972442 0.381812 -0.98126 0.0143678 0.192151 -0.487867 -0.0403578 -0.990423 -0.132038 0.446594 
1535374035694 0.237255 0.929394 -0.282731 -0.637638 -0.93904 0.293959 0.178302 -0.243855 0.248824 0.223192 0.942482 0.375419 0.188097 -0.137926 0.972418 0.381798 -0.981329 0.0140921 0.191819 -0.487879 -0.0401602 -0.990342 -0.1327 0.446652 
1535374035755 0.236962 0.929583 -0.282355 -0.637693 -0.939199 0.293531 0.17817 -0.24396 0.248504 0.222968 0.942619 0.375389 0.18778 -0.138533 0.972393 0.381784 -0.981398 0.0138166 0.191488 -0.487891 -0.0399624 -0.990262 -0.133361 0.44671 
1535374035890 0.236668 0.929772 -0.281979 -0.63775 -0.939358 0.293103 0.178038 -0.244066 0.248184 0.222744 0.942757 0.375359 0.187464 -0.139139 0.972367 0.38177 -0.981466 0.0135413 0.191156 -0.487903 -0.0397644 -0.99018 -0.134022 0.446768 
1535374035934 0.236375 0.92996 -0.281604 -0.637806 -0.939516 0.292675 0.177905 -0.244171 0.247863 0.222519 0.942894 0.37533 0.187147 -0.139746 0.972341 0.381756 -0.981535 0.0132662 0.190824 -0.487915 -0.0395662 -0.990098 -0.134683 0.446826 
1535374036076 0.236581 0.929727 -0.282201 -0.637727 -0.939337 0.293101 0.178151 -0.243943 0.248345 0.222935 0.942669 0.375305 0.187554 -0.138828 0.972394 0.381786 -0.981444 0.0137071 0.191257 -0.487894 -0.0398806 -0.990222 -0.133682 0.446748 
1535374036094 0.236944 0.929717 -0.281928 -0.637716 -0.939253 0.293387 0.178122 -0.243987 0.248317 0.222597 0.942756 0.375259 0.187033 -0.138655 0.972519 0.381769 -0.981516 0.0144968 0.19083 -0.487922 -0.0405578 -0.990235 -0.13338 0.446678 
1535374036108 0.237306 0.929708 -0.281654 -0.637707 -0.939169 0.293674 0.178094 -0.244033 0.24829 0.222258 0.942843 0.375213 0.186509 -0.13848 0.972645 0.381751 -0.981587 0.0152859 0.190401 -0.487946 -0.0412344 -0.990247 -0.133079 0.446607 
1535374036260 0.237668 0.929699 -0.28138 -0.637698 -0.939085 0.29396 0.178065 -0.244078 0.248262 0.221919 0.942931 0.375167 0.185987 -0.138305 0.97277 0.381732 -0.981658 0.0160749 0.189971 -0.487969 -0.0419111 -0.990259 -0.132778 0.446537 
1535374036316 0.23803 0.929689 -0.281106 -0.63769 -0.939 0.294246 0.178037 -0.244123 0.248234 0.22158 0.943018 0.375121 0.185464 -0.13813 0.972894 0.381714 -0.981728 0.0168638 0.189542 -0.487993 -0.042588 -0.990271 -0.132478 0.446466 
1535374036423 0.238393 0.929679 -0.280832 -0.637681 -0.938916 0.294533 0.178009 -0.244168 0.248206 0.221242 0.943104 0.375075 0.184941 -0.137954 0.973019 0.381696 -0.981797 0.0176525 0.189112 -0.488017 -0.043265 -0.990281 -0.132178 0.446396 
1535374036466 0.238754 0.929668 -0.280558 -0.637672 -0.938831 0.294819 0.177981 -0.244214 0.248177 0.220903 0.943191 0.375029 0.184418 -0.137777 0.973143 0.381677 -0.981865 0.0184413 0.188682 -0.48804 -0.0439421 -0.990292 -0.131878 0.446325 
1535374036582 0.239117 0.929658 -0.280284 -0.637663 -0.938747 0.295106 0.177953 -0.244259 0.248149 0.220564 0.943278 0.374983 0.183896 -0.137601 0.973267 0.381659 -0.981932 0.0192298 0.188252 -0.488064 -0.0446194 -0.990301 -0.131578 0.446254 
1535374036642 0.239479 0.929647 -0.28001 -0.637654 -0.938662 0.295392 0.177925 -0.244304 0.24812 0.220226 0.943365 0.374937 0.183374 -0.137424 0.97339 0.381641 -0.981999 0.0200183 0.187822 -0.488089 -0.0452968 -0.99031 -0.131279 0.446184 
1535374036748 0.23984 0.929637 -0.279736 -0.637646 -0.938577 0.295678 0.177898 -0.244349 0.248092 0.219887 0.943451 0.374891 0.182851 -0.137246 0.973514 0.381622 -0.982065 0.0208068 0.187391 -0.488111 -0.0459744 -0.990318 -0.13098 0.446113 
1535374036805 0.23911 0.929611 -0.280445 -0.637657 -0.938738 0.295139 0.177943 -0.244321 0.248188 0.220717 0.943232 0.37496 0.183542 -0.137433 0.973357 0.381636 -0.981999 0.0193008 0.187897 -0.488113 -0.0446097 -0.990323 -0.131416 0.446314 
1535374036820 0.239839 0.929527 -0.280102 -0.637471 -0.938634 0.295697 0.177568 -0.244236 0.247879 0.220326 0.943405 0.374988 0.183316 -0.137278 0.973422 0.381659 -0.982022 0.0197867 0.187726 -0.488197 -0.0450315 -0.990335 -0.131183 0.446219 
1535374036833 0.240569 0.929442 -0.279759 -0.637281 -0.938529 0.296255 0.177192 -0.24415 0.24757 0.219935 0.943577 0.375016 0.18309 -0.137123 0.973486 0.381683 -0.982045 0.0202726 0.187555 -0.48828 -0.0454532 -0.990347 -0.130949 0.446125 
1535374037027 0.241298 0.929356 -0.279415 -0.637089 -0.938423 0.296813 0.176817 -0.244062 0.24726 0.219544 0.943749 0.375045 0.182864 -0.136968 0.97355 0.381706 -0.982067 0.0207586 0.187384 -0.488364 -0.0458752 -0.990358 -0.130716 0.44603 
1535374037188 0.242027 0.92927 -0.27907 -0.6369 -0.938317 0.297371 0.176442 -0.243976 0.24695 0.219153 0.943922 0.375073 0.182638 -0.136814 0.973615 0.38173 -0.98209 0.0212445 0.187213 -0.488448 -0.0462972 -0.990369 -0.130483 0.445936 
1535374037331 0.242756 0.929183 -0.278726 -0.636709 -0.93821 0.297929 0.176067 -0.243889 0.246639 0.218762 0.944093 0.375102 0.182412 -0.136659 0.973679 0.381753 -0.982112 0.0217305 0.187041 -0.488531 -0.0467194 -0.99038 -0.13025 0.445841 
1535374037486 0.243485 0.929096 -0.278381 -0.636517 -0.938103 0.298488 0.175692 -0.243802 0.246328 0.218372 0.944265 0.37513 0.182185 -0.136504 0.973743 0.381776 -0.982133 0.0222165 0.18687 -0.488615 -0.0471415 -0.99039 -0.130017 0.445747 
1535374037643 0.244213 0.929008 -0.278036 -0.636327 -0.937995 0.299046 0.175318 -0.243715 0.246017 0.217981 0.944436 0.375158 0.18196 -0.136349 0.973807 0.3818 -0.982155 0.0227023 0.186698 -0.488699 -0.0475637 -0.990401 -0.129785 0.445652 
1535374037791 0.244942 0.92892 -0.27769 -0.636136 -0.937887 0.299604 0.174944 -0.243628 0.245706 0.217591 0.944607 0.375187 0.181734 -0.136193 0.973871 0.381823 -0.982176 0.0231881 0.186527 -0.488783 -0.047986 -0.990411 -0.129552 0.445558 
1535374037950 0.24567 0.928831 -0.277345 -0.635946 -0.937778 0.300162 0.17457 -0.243541 0.245394 0.217201 0.944778 0.375216 0.181508 -0.136038 0.973935 0.381847 -0.982197 0.023674 0.186355 -0.488866 -0.0484083 -0.990421 -0.129319 0.445463 
1535374038124 0.244967 0.928933 -0.277623 -0.636116 -0.93789 0.299607 0.174924 -0.243557 0.245671 0.217529 0.944631 0.375168 0.181865 -0.136117 0.973857 0.381841 -0.982157 0.023085 0.186642 -0.488734 -0.0478865 -0.990424 -0.12949 0.445627 
1535374038157 0.245178 0.928859 -0.277684 -0.635748 -0.937821 0.299832 0.174906 -0.24343 0.245722 0.217535 0.944616 0.375302 0.182479 -0.135415 0.97384 0.38187 -0.982115 0.0216257 0.187036 -0.488887 -0.0463876 -0.990553 -0.129047 0.445499 
1535374038336 0.245364 0.928789 -0.277755 -0.63538 -0.937758 0.300035 0.174894 -0.243303 0.245776 0.217554 0.944597 0.375435 0.183092 -0.134712 0.973822 0.381899 -0.982071 0.0201664 0.187432 -0.48904 -0.0448879 -0.99068 -0.128605 0.44537 
1535374038535 0.24555 0.928719 -0.277825 -0.635013 -0.937696 0.300239 0.174882 -0.243177 0.24583 0.217573 0.944579 0.375568 0.183703 -0.134008 0.973804 0.381928 -0.982024 0.0187074 0.187828 -0.489194 -0.0433879 -0.990804 -0.128163 0.445242 
1535374038743 0.245736 0.928648 -0.277896 -0.634645 -0.937633 0.300442 0.17487 -0.24305 0.245884 0.217593 0.94456 0.375702 0.184314 -0.133304 0.973786 0.381957 -0.981974 0.0172486 0.188225 -0.489347 -0.0418875 -0.990925 -0.127722 0.445114 
1535374038933 0.245922 0.928578 -0.277967 -0.634277 -0.93757 0.300646 0.174858 -0.242924 0.245939 0.217612 0.944542 0.375836 0.184923 -0.132598 0.973767 0.381986 -0.981923 0.0157901 0.188622 -0.489501 -0.0403867 -0.991044 -0.127281 0.444985 
1535374039122 0.246107 0.928508 -0.278037 -0.63391 -0.937507 0.300849 0.174846 -0.242798 0.245993 0.217631 0.944523 0.375969 0.185532 -0.131891 0.973747 0.382015 -0.981869 0.0143318 0.18902 -0.489654 -0.0388856 -0.991161 -0.126841 0.444857 
1535374039318 0.246293 0.928437 -0.278108 -0.633541 -0.937444 0.301053 0.174834 -0.242671 0.246047 0.21765 0.944505 0.376103 0.186139 -0.131183 0.973727 0.382044 -0.981812 0.0128738 0.189419 -0.489808 -0.0373841 -0.991275 -0.126401 0.444729 
1535374039517 0.246479 0.928367 -0.278179 -0.633174 -0.93738 0.301256 0.174821 -0.242545 0.246101 0.217669 0.944486 0.376236 0.186745 -0.130475 0.973706 0.382073 -0.981753 0.011416 0.189818 -0.489961 -0.0358822 -0.991386 -0.125962 0.444601 
1535374039707 0.246665 0.928296 -0.278249 -0.632805 -0.937317 0.30146 0.174809 -0.242418 0.246156 0.217689 0.944468 0.37637 0.18735 -0.129765 0.973684 0.382102 -0.981691 0.00995845 0.190218 -0.490115 -0.03438 -0.991495 -0.125523 0.444472 
1535374039949 0.246523 0.928331 -0.278258 -0.633009 -0.937348 0.301332 0.174867 -0.242467 0.246183 0.217716 0.944454 0.376233 0.187074 -0.13014 0.973687 0.382127 -0.981711 0.0108531 0.190067 -0.490002 -0.0353027 -0.991436 -0.125729 0.444532 
1535374039967 0.246478 0.928262 -0.278528 -0.632552 -0.93727 0.301419 0.175133 -0.242303 0.246523 0.217889 0.944325 0.376399 0.187832 -0.130303 0.97352 0.382196 -0.981575 0.0104817 0.190789 -0.490191 -0.0350646 -0.991419 -0.125933 0.444487 
1535374040142 0.246435 0.928193 -0.278797 -0.632089 -0.937192 0.301508 0.175398 -0.242136 0.246863 0.218062 0.944197 0.376567 0.188589 -0.130466 0.973351 0.382266 -0.981438 0.0101101 0.191511 -0.490381 -0.0348264 -0.991401 -0.126137 0.444442 
1535374040366 0.246392 0.928123 -0.279067 -0.631627 -0.937114 0.301596 0.175663 -0.241969 0.247203 0.218235 0.944068 0.376735 0.189347 -0.130629 0.973182 0.382335 -0.981301 0.00973828 0.192233 -0.490571 -0.0345883 -0.991384 -0.126342 0.444397 
1535374040577 0.246348 0.928054 -0.279336 -0.631164 -0.937035 0.301685 0.175928 -0.241802 0.247542 0.218408 0.943939 0.376902 0.190104 -0.130791 0.973013 0.382405 -0.981163 0.0093664 0.192955 -0.490761 -0.0343504 -0.991366 -0.126547 0.444352 
1535374040800 0.246304 0.927984 -0.279605 -0.630703 -0.936957 0.301773 0.176193 -0.241636 0.247882 0.218581 0.94381 0.377069 0.190861 -0.130953 0.972843 0.382474 -0.981024 0.00899431 0.193677 -0.490951 -0.0341126 -0.991348 -0.126751 0.444307 
1535374041018 0.246261 0.927915 -0.279875 -0.63024 -0.936879 0.301862 0.176458 -0.241469 0.248221 0.218754 0.94368 0.377237 0.191618 -0.131115 0.972672 0.382544 -0.980885 0.00862219 0.194398 -0.491141 -0.033875 -0.99133 -0.126956 0.444262 
1535374041243 0.246217 0.927845 -0.280144 -0.629779 -0.9368 0.301951 0.176723 -0.241303 0.248561 0.218927 0.943551 0.377405 0.192375 -0.131276 0.972501 0.382613 -0.980745 0.00824985 0.19512 -0.491331 -0.0336376 -0.991311 -0.127162 0.444217 
1535374041466 0.246173 0.927776 -0.280413 -0.629316 -0.936722 0.30204 0.176987 -0.241135 0.2489 0.2191 0.943421 0.377572 0.193132 -0.131438 0.972329 0.382683 -0.980604 0.00787747 0.195841 -0.491521 -0.0334003 -0.991293 -0.127367 0.444172 
1535374041668 0.246129 0.927706 -0.280682 -0.628854 -0.936643 0.302128 0.177252 -0.240969 0.24924 0.219272 0.943292 0.37774 0.193889 -0.131599 0.972157 0.382752 -0.980463 0.00750496 0.196561 -0.491711 -0.0331632 -0.991275 -0.127572 0.444127 
1535374041901 0.245953 0.92781 -0.280492 -0.629071 -0.93676 0.301863 0.177089 -0.240969 0.248975 0.219198 0.943379 0.37763 0.193477 -0.131452 0.972259 0.382736 -0.980543 0.0076233 0.196156 -0.491535 -0.0331968 -0.991293 -0.127419 0.444202 
1535374041921 0.245861 0.927742 -0.280797 -0.628655 -0.936594 0.302 0.177731 -0.240824 0.249689 0.219295 0.943167 0.377765 0.193906 -0.131813 0.972124 0.382797 -0.980471 0.00711729 0.196536 -0.491655 -0.0328249 -0.991249 -0.127859 0.444213 
1535374041946 0.245768 0.927675 -0.281101 -0.628235 -0.936427 0.302137 0.178373 -0.240677 0.250404 0.219392 0.942956 0.377901 0.194336 -0.132174 0.971989 0.382859 -0.980398 0.00661224 0.196916 -0.491777 -0.0324543 -0.991204 -0.128298 0.444224 
1535374042190 0.245676 0.927607 -0.281405 -0.627816 -0.93626 0.302275 0.179015 -0.24053 0.251118 0.219489 0.942743 0.378036 0.194765 -0.132536 0.971854 0.382921 -0.980325 0.00610706 0.197296 -0.491898 -0.0320839 -0.991159 -0.128739 0.444235 
1535374042375 0.245583 0.927539 -0.28171 -0.627396 -0.936093 0.302413 0.179657 -0.240383 0.251832 0.219586 0.94253 0.378172 0.195195 -0.132897 0.971719 0.382982 -0.980252 0.00560179 0.197675 -0.492019 -0.0317137 -0.991114 -0.129179 0.444246 
1535374042565 0.245491 0.927471 -0.282014 -0.626975 -0.935925 0.302551 0.180299 -0.240235 0.252546 0.219682 0.942316 0.378308 0.195624 -0.133257 0.971583 0.383044 -0.980178 0.00509631 0.198054 -0.49214 -0.0313436 -0.991068 -0.129619 0.444256 
1535374042786 0.245397 0.927403 -0.282318 -0.626556 -0.935756 0.302689 0.180941 -0.240089 0.253259 0.219779 0.942102 0.378443 0.196054 -0.133618 0.971447 0.383105 -0.980104 0.00459073 0.198433 -0.492261 -0.0309738 -0.991022 -0.130059 0.444267 
1535374042982 0.245304 0.927335 -0.282622 -0.626135 -0.935587 0.302828 0.181582 -0.239941 0.253973 0.219875 0.941888 0.378579 0.196484 -0.133978 0.97131 0.383167 -0.980029 0.00408495 0.198811 -0.492382 -0.0306042 -0.990976 -0.1305 0.444278 
1535374043176 0.245211 0.927267 -0.282926 -0.625716 -0.935418 0.302966 0.182223 -0.239794 0.254687 0.219971 0.941673 0.378715 0.196914 -0.134338 0.971174 0.383229 -0.979954 0.00357908 0.19919 -0.492503 -0.0302347 -0.990929 -0.130941 0.444289 
1535374043372 0.245117 0.927199 -0.28323 -0.625296 -0.935248 0.303104 0.182864 -0.239648 0.2554 0.220067 0.941457 0.37885 0.197344 -0.134698 0.971036 0.38329 -0.979879 0.00307307 0.199568 -0.492624 -0.0298654 -0.990882 -0.131381 0.4443 
1535374043620 0.245023 0.927272 -0.283074 -0.625547 -0.935378 0.302892 0.18255 -0.239637 0.255014 0.220052 0.941565 0.37873 0.196918 -0.134225 0.971188 0.383239 -0.979949 0.00376169 0.199215 -0.492478 -0.0303928 -0.990944 -0.130793 0.444313 
1535374043751 0.245088 0.927161 -0.283379 -0.625224 -0.935289 0.303077 0.182699 -0.239514 0.255277 0.220264 0.941444 0.378846 0.197615 -0.133059 0.971207 0.383263 -0.979936 -0.000572901 0.199312 -0.492562 -0.0259639 -0.991108 -0.130503 0.444239 
1535374044003 0.245156 0.92705 -0.283686 -0.624896 -0.9352 0.303263 0.182846 -0.239389 0.255539 0.220477 0.941323 0.378962 0.198306 -0.131891 0.971226 0.383287 -0.979903 -0.00490726 0.199412 -0.492648 -0.0215346 -0.991252 -0.130214 0.444165 
1535374044266 0.245223 0.926938 -0.283992 -0.624568 -0.935111 0.303449 0.182993 -0.239265 0.255801 0.22069 0.941203 0.379079 0.198993 -0.13072 0.971244 0.383312 -0.979852 -0.00924139 0.199513 -0.492733 -0.0171047 -0.991376 -0.129925 0.444091 
1535374044516 0.24529 0.926827 -0.284298 -0.624239 -0.935021 0.303636 0.18314 -0.239139 0.256062 0.220902 0.941081 0.379196 0.199674 -0.129546 0.971261 0.383336 -0.97978 -0.0135752 0.199615 -0.492819 -0.0126742 -0.991481 -0.129637 0.444017 
1535374044776 0.245357 0.926715 -0.284604 -0.623911 -0.934932 0.303822 0.183287 -0.239014 0.256324 0.221115 0.94096 0.379313 0.20035 -0.128369 0.971278 0.383361 -0.97969 -0.0179086 0.199718 -0.492905 -0.00824328 -0.991565 -0.129349 0.443943 
1535374045039 0.245423 0.926603 -0.28491 -0.623583 -0.934843 0.304008 0.183435 -0.23889 0.256586 0.221327 0.940839 0.379429 0.201021 -0.127188 0.971295 0.383385 -0.97958 -0.0222416 0.199823 -0.49299 -0.00381199 -0.991629 -0.129062 0.443869 
1535374045310 0.24549 0.926491 -0.285216 -0.623254 -0.934753 0.304194 0.183581 -0.238764 0.256848 0.221539 0.940718 0.379546 0.201686 -0.126005 0.971311 0.383409 -0.97945 -0.026574 0.199929 -0.493076 0.000619569 -0.991674 -0.128775 0.443796 
1535374045578 0.245557 0.926379 -0.285522 -0.622926 -0.934664 0.30438 0.183728 -0.238639 0.257109 0.221752 0.940596 0.379663 0.202346 -0.124819 0.971327 0.383434 -0.979301 -0.0309057 0.200036 -0.493161 0.00505131 -0.991698 -0.128489 0.443722 
1535374045844 0.245624 0.926267 -0.285828 -0.622597 -0.934574 0.304567 0.183875 -0.238514 0.257371 0.221964 0.940474 0.37978 0.203001 -0.12363 0.971343 0.383458 -0.979133 -0.0352367 0.200144 -0.493247 0.00948316 -0.991703 -0.128203 0.443648 
1535374046152 0.245642 0.926364 -0.285498 -0.622774 -0.934619 0.304476 0.183799 -0.238608 0.257192 0.221683 0.94059 0.379745 0.202767 -0.124012 0.971343 0.383501 -0.979192 -0.0340076 0.200064 -0.493221 0.00822271 -0.991698 -0.128327 0.443637 
1535374046167 0.245725 0.926311 -0.285598 -0.622541 -0.934589 0.304582 0.183776 -0.238498 0.257222 0.221758 0.940564 0.379815 0.203209 -0.123581 0.971305 0.383511 -0.97909 -0.0351655 0.200364 -0.493347 0.00939533 -0.991711 -0.128143 0.443603 
1535374046182 0.245809 0.926258 -0.285699 -0.622304 -0.934559 0.304688 0.183751 -0.238386 0.25725 0.221835 0.940538 0.379885 0.203652 -0.12315 0.971267 0.383522 -0.978986 -0.0363228 0.200665 -0.493475 0.0105673 -0.991723 -0.127959 0.443569 
1535374046372 0.245892 0.926205 -0.285799 -0.622066 -0.934529 0.304794 0.183727 -0.238274 0.257279 0.221911 0.940512 0.379955 0.204094 -0.122719 0.971229 0.383533 -0.978881 -0.0374799 0.200966 -0.493603 0.0117393 -0.991734 -0.127776 0.443535 
1535374046519 0.245975 0.926152 -0.2859 -0.621829 -0.934499 0.3049 0.183702 -0.238161 0.257307 0.221987 0.940487 0.380026 0.204536 -0.122287 0.971191 0.383544 -0.978774 -0.0386369 0.201268 -0.493731 0.0129115 -0.991742 -0.127594 0.443501 
1535374046677 0.246058 0.926099 -0.286 -0.621591 -0.93447 0.305006 0.183678 -0.238049 0.257336 0.222063 0.940461 0.380096 0.204977 -0.121854 0.971152 0.383556 -0.978666 -0.0397937 0.201569 -0.493859 0.0140836 -0.99175 -0.127411 0.443467 
1535374046870 0.246142 0.926046 -0.286101 -0.621354 -0.93444 0.305112 0.183653 -0.237937 0.257364 0.222139 0.940435 0.380166 0.205417 -0.121421 0.971113 0.383566 -0.978556 -0.0409502 0.201871 -0.493987 0.0152559 -0.991756 -0.127229 0.443433 
1535374047045 0.246225 0.925993 -0.286201 -0.621116 -0.93441 0.305218 0.183628 -0.237824 0.257392 0.222215 0.940409 0.380237 0.205857 -0.120988 0.971074 0.383578 -0.978444 -0.0421065 0.202173 -0.494115 0.0164282 -0.991761 -0.127048 0.4434 
1535374047204 0.246308 0.925939 -0.286302 -0.620879 -0.93438 0.305324 0.183604 -0.237712 0.257421 0.222291 0.940383 0.380307 0.206296 -0.120554 0.971035 0.383589 -0.978331 -0.0432627 0.202475 -0.494243 0.0176005 -0.991764 -0.126866 0.443366 
1535374047368 0.246391 0.925886 -0.286402 -0.620642 -0.934351 0.30543 0.183579 -0.2376 0.257449 0.222367 0.940358 0.380378 0.206734 -0.120119 0.970996 0.383599 -0.978217 -0.0444186 0.202777 -0.494371 0.0187729 -0.991765 -0.126685 0.443332 
1535374047535 0.246331 0.925893 -0.286434 -0.620857 -0.934357 0.305386 0.183617 -0.237717 0.257483 0.222401 0.940341 0.380328 0.206337 -0.12054 0.971028 0.383616 -0.978317 -0.0435908 0.202475 -0.494298 0.0179215 -0.991751 -0.126921 0.44334 
1535374047548 0.246381 0.925887 -0.286407 -0.620635 -0.934365 0.305411 0.183537 -0.237629 0.257407 0.222389 0.940364 0.380385 0.206345 -0.120365 0.971048 0.383613 -0.978306 -0.0440829 0.202423 -0.49437 0.018442 -0.99175 -0.12685 0.443327 
1535374047571 0.246431 0.925882 -0.286382 -0.620408 -0.934373 0.305436 0.183457 -0.237538 0.257331 0.222378 0.940388 0.380443 0.206354 -0.120189 0.971068 0.383611 -0.978294 -0.0445752 0.202372 -0.494443 0.0189626 -0.99175 -0.126778 0.443315 
1535374047602 0.246481 0.925876 -0.286357 -0.620179 -0.93438 0.305461 0.183377 -0.237447 0.257255 0.222368 0.940411 0.380501 0.206363 -0.120013 0.971088 0.383609 -0.978282 -0.0450674 0.202322 -0.494516 0.0194833 -0.991749 -0.126706 0.443302 
1535374047766 0.246531 0.92587 -0.286332 -0.619952 -0.934388 0.305485 0.183297 -0.237356 0.25718 0.222357 0.940434 0.380559 0.206371 -0.119836 0.971108 0.383607 -0.978269 -0.0455596 0.202271 -0.494588 0.0200039 -0.991748 -0.126634 0.44329 
1535374047839 0.246581 0.925865 -0.286307 -0.619726 -0.934396 0.30551 0.183217 -0.237266 0.257104 0.222346 0.940457 0.380617 0.20638 -0.11966 0.971128 0.383605 -0.978257 -0.0460519 0.202221 -0.494661 0.0205246 -0.991746 -0.126562 0.443277 
1535374047974 0.246631 0.925859 -0.286282 -0.619498 -0.934403 0.305535 0.183137 -0.237175 0.257028 0.222335 0.94048 0.380675 0.206388 -0.119484 0.971148 0.383603 -0.978244 -0.0465442 0.20217 -0.494734 0.0210453 -0.991745 -0.12649 0.443265 
1535374048102 0.246681 0.925854 -0.286257 -0.619271 -0.934411 0.305559 0.183057 -0.237085 0.256953 0.222325 0.940504 0.380732 0.206397 -0.119307 0.971167 0.3836 -0.978231 -0.0470364 0.20212 -0.494806 0.0215659 -0.991743 -0.126418 0.443252 
1535374048212 0.246731 0.925848 -0.286232 -0.619045 -0.934419 0.305584 0.182977 -0.236995 0.256877 0.222314 0.940527 0.38079 0.206405 -0.119131 0.971187 0.383598 -0.978217 -0.0475287 0.202069 -0.494879 0.0220865 -0.99174 -0.126346 0.44324 
1535374048346 0.246781 0.925843 -0.286207 -0.618817 -0.934426 0.305608 0.182897 -0.236904 0.256801 0.222303 0.94055 0.380848 0.206414 -0.118954 0.971207 0.383596 -0.978204 -0.0480209 0.202019 -0.494952 0.0226072 -0.991738 -0.126274 0.443227 
1535374048495 0.246892 0.925798 -0.286258 -0.619024 -0.934338 0.305775 0.18307 -0.237025 0.257016 0.222263 0.940501 0.380756 0.2064 -0.119252 0.971174 0.383631 -0.978228 -0.0471105 0.202114 -0.494837 0.02165 -0.991746 -0.126379 0.443267 
1535374048511 0.246918 0.925781 -0.286287 -0.618842 -0.934328 0.305808 0.183066 -0.236947 0.257028 0.222284 0.940493 0.380806 0.205996 -0.119973 0.971171 0.383622 -0.978347 -0.0455977 0.201885 -0.494866 0.0200624 -0.991729 -0.126768 0.443332 
1535374048705 0.246944 0.925765 -0.286319 -0.618657 -0.934317 0.305843 0.183061 -0.236867 0.25704 0.222306 0.940484 0.380857 0.205591 -0.120694 0.971167 0.383612 -0.978464 -0.0440847 0.201657 -0.494893 0.0184748 -0.99171 -0.127158 0.443396 
1535374048903 0.246971 0.925748 -0.28635 -0.618471 -0.934307 0.305877 0.183057 -0.236788 0.257053 0.222328 0.940475 0.380908 0.205185 -0.121415 0.971163 0.383603 -0.978578 -0.0425713 0.201429 -0.49492 0.0168873 -0.991689 -0.127549 0.443461 
1535374049072 0.246998 0.925731 -0.286381 -0.618285 -0.934296 0.305912 0.183053 -0.236708 0.257065 0.222351 0.940467 0.380959 0.204777 -0.122135 0.971159 0.383593 -0.978689 -0.0410577 0.201202 -0.494947 0.0152999 -0.991664 -0.12794 0.443525 
1535374049244 0.247025 0.925714 -0.286412 -0.618098 -0.934286 0.305946 0.183049 -0.236627 0.257078 0.222373 0.940458 0.38101 0.204369 -0.122854 0.971154 0.383584 -0.978798 -0.0395438 0.200975 -0.494975 0.0137126 -0.991637 -0.128331 0.44359 
1535374049421 0.247051 0.925698 -0.286443 -0.617913 -0.934275 0.305981 0.183045 -0.236548 0.25709 0.222395 0.940449 0.381061 0.203959 -0.123573 0.971149 0.383574 -0.978904 -0.0380297 0.200749 -0.495002 0.0121255 -0.991607 -0.128722 0.443654 
1535374049591 0.247078 0.925681 -0.286474 -0.617727 -0.934265 0.306016 0.183041 -0.236468 0.257103 0.222417 0.940441 0.381112 0.203548 -0.124291 0.971144 0.383565 -0.979008 -0.0365153 0.200523 -0.495029 0.0105385 -0.991574 -0.129114 0.443719 
1535374049774 0.247105 0.925664 -0.286505 -0.617541 -0.934254 0.30605 0.183037 -0.236388 0.257115 0.222439 0.940432 0.381163 0.203136 -0.125008 0.971138 0.383555 -0.97911 -0.0350006 0.200298 -0.495057 0.00895159 -0.991538 -0.129506 0.443783 
1535374049950 0.247131 0.925647 -0.286536 -0.617356 -0.934244 0.306085 0.183032 -0.236308 0.257128 0.222461 0.940423 0.381214 0.202723 -0.125725 0.971132 0.383546 -0.979209 -0.0334857 0.200074 -0.495084 0.00736488 -0.9915 -0.129899 0.443848 
1535374050147 0.247101 0.925667 -0.286498 -0.617579 -0.934268 0.306034 0.182993 -0.2364 0.257069 0.222448 0.940443 0.381149 0.203037 -0.125285 0.971123 0.383513 -0.979136 -0.0343998 0.200275 -0.495064 0.00831493 -0.991524 -0.129656 0.443752 
1535374050165 0.247145 0.925632 -0.286573 -0.617379 -0.934198 0.306141 0.183171 -0.236304 0.257281 0.222446 0.940385 0.381209 0.202672 -0.124886 0.971251 0.3835 -0.979215 -0.0337999 0.199988 -0.495104 0.00785249 -0.991595 -0.129141 0.443689 
1535374050173 0.24719 0.925597 -0.286649 -0.617174 -0.934128 0.306249 0.183349 -0.236205 0.257493 0.222445 0.940327 0.38127 0.202306 -0.124486 0.971378 0.383487 -0.979294 -0.0331994 0.1997 -0.495143 0.00738935 -0.991666 -0.128625 0.443626 
1535374050184 0.247234 0.925562 -0.286724 -0.61697 -0.934057 0.306357 0.183527 -0.236106 0.257705 0.222443 0.94027 0.381331 0.201941 -0.124086 0.971505 0.383474 -0.979373 -0.0325991 0.199413 -0.495182 0.00692601 -0.991736 -0.128109 0.443563 
1535374050404 0.247279 0.925526 -0.2868 -0.616765 -0.933987 0.306465 0.183704 -0.236007 0.257917 0.222442 0.940212 0.381392 0.201576 -0.123685 0.971632 0.38346 -0.979452 -0.031999 0.199125 -0.495221 0.00646248 -0.991805 -0.127594 0.4435 
1535374050463 0.247324 0.925491 -0.286876 -0.61656 -0.933917 0.306574 0.183882 -0.235908 0.25813 0.22244 0.940154 0.381453 0.201211 -0.123284 0.971759 0.383447 -0.97953 -0.0313989 0.198836 -0.49526 0.00599875 -0.991875 -0.127078 0.443437 
1535374050613 0.247368 0.925455 -0.286952 -0.616356 -0.933846 0.306681 0.18406 -0.23581 0.258342 0.222438 0.940096 0.381513 0.200846 -0.122883 0.971885 0.383434 -0.979607 -0.0307989 0.198548 -0.495299 0.00553483 -0.991943 -0.126563 0.443373 
1535374050690 0.247413 0.92542 -0.287028 -0.61615 -0.933776 0.30679 0.184237 -0.23571 0.258554 0.222437 0.940038 0.381574 0.200482 -0.122482 0.972011 0.383421 -0.979684 -0.0301991 0.198259 -0.495338 0.00507071 -0.992011 -0.126048 0.44331 
1535374050827 0.247457 0.925385 -0.287104 -0.615946 -0.933705 0.306898 0.184415 -0.235612 0.258766 0.222435 0.93998 0.381635 0.200117 -0.12208 0.972137 0.383408 -0.979761 -0.0295993 0.19797 -0.495377 0.00460639 -0.992079 -0.125533 0.443247 
1535374050908 0.247502 0.925349 -0.287179 -0.615742 -0.933634 0.307006 0.184593 -0.235513 0.258978 0.222433 0.939922 0.381696 0.199753 -0.121678 0.972262 0.383394 -0.979838 -0.0289997 0.19768 -0.495417 0.00414189 -0.992146 -0.125018 0.443184 
1535374051059 0.247387 0.925406 -0.287095 -0.615987 -0.933754 0.306803 0.184326 -0.235578 0.258658 0.222476 0.94 0.38167 0.200604 -0.122499 0.971984 0.383472 -0.97966 -0.0301347 0.19839 -0.495274 0.00498793 -0.992011 -0.126052 0.443294 
1535374051071 0.247418 0.925397 -0.287096 -0.615655 -0.933663 0.306904 0.184618 -0.235479 0.258956 0.222374 0.939943 0.381758 0.200591 -0.122758 0.971954 0.383478 -0.979664 -0.029791 0.19842 -0.49542 0.00459781 -0.991989 -0.126238 0.443309 
1535374051235 0.247449 0.925388 -0.287099 -0.615318 -0.933572 0.307005 0.184909 -0.235377 0.259253 0.222272 0.939885 0.381846 0.200578 -0.123018 0.971923 0.383484 -0.979669 -0.0294478 0.198449 -0.495566 0.00420811 -0.991967 -0.126424 0.443324 
1535374051435 0.247481 0.925379 -0.287101 -0.614981 -0.933481 0.307107 0.1852 -0.235276 0.259551 0.22217 0.939826 0.381935 0.200565 -0.123278 0.971893 0.383491 -0.979673 -0.0291045 0.198479 -0.495713 0.0038184 -0.991945 -0.12661 0.443339 
1535374051624 0.247513 0.92537 -0.287104 -0.614644 -0.93339 0.307208 0.185491 -0.235174 0.259848 0.222069 0.939768 0.382024 0.200552 -0.123538 0.971863 0.383497 -0.979677 -0.0287613 0.198508 -0.49586 0.0034287 -0.991923 -0.126796 0.443354 
1535374051800 0.247544 0.92536 -0.287107 -0.614306 -0.933298 0.307309 0.185782 -0.235072 0.260146 0.221967 0.93971 0.382113 0.200538 -0.123798 0.971833 0.383503 -0.979681 -0.028418 0.198537 -0.496006 0.00303899 -0.9919 -0.126981 0.443369 
1535374051985 0.247576 0.925351 -0.287109 -0.61397 -0.933207 0.307411 0.186073 -0.234971 0.260443 0.221865 0.939652 0.382201 0.200525 -0.124058 0.971802 0.383509 -0.979685 -0.0280748 0.198567 -0.496153 0.0026493 -0.991878 -0.127167 0.443384 
1535374052157 0.247607 0.925342 -0.287112 -0.613632 -0.933116 0.307512 0.186364 -0.234869 0.260741 0.221764 0.939593 0.38229 0.200511 -0.124318 0.971772 0.383516 -0.979689 -0.0277315 0.198597 -0.4963 0.0022596 -0.991855 -0.127353 0.443399 
1535374052338 0.247639 0.925333 -0.287114 -0.613295 -0.933024 0.307613 0.186655 -0.234768 0.261038 0.221662 0.939535 0.382379 0.200498 -0.124577 0.971741 0.383522 -0.979692 -0.0273883 0.198627 -0.496446 0.00186991 -0.991832 -0.127539 0.443414 
1535374052507 0.24767 0.925323 -0.287117 -0.612959 -0.932933 0.307714 0.186946 -0.234667 0.261335 0.22156 0.939476 0.382467 0.200484 -0.124837 0.971711 0.383528 -0.979696 -0.027045 0.198657 -0.496593 0.00148021 -0.991809 -0.127725 0.443429 
1535374052709 0.24774 0.925304 -0.287119 -0.613168 -0.932986 0.30772 0.18667 -0.234814 0.261079 0.221632 0.93953 0.382382 0.200524 -0.124511 0.971744 0.383568 -0.979687 -0.0275199 0.198636 -0.496373 0.00200998 -0.991837 -0.1275 0.443438 
1535374052732 0.247938 0.925282 -0.287018 -0.612831 -0.932917 0.307902 0.186716 -0.23466 0.261139 0.22147 0.939552 0.382461 0.200544 -0.124341 0.971762 0.383568 -0.979681 -0.0281452 0.198577 -0.496525 0.00265921 -0.99184 -0.127459 0.443406 
1535374052748 0.248137 0.92526 -0.286918 -0.612489 -0.932847 0.308085 0.186761 -0.234503 0.261198 0.221308 0.939573 0.382541 0.200563 -0.124171 0.97178 0.383568 -0.979675 -0.0287702 0.198517 -0.496679 0.00330833 -0.991844 -0.127417 0.443373 
1535374052967 0.248335 0.925238 -0.286818 -0.612147 -0.932778 0.308268 0.186806 -0.234346 0.261257 0.221146 0.939595 0.382621 0.200583 -0.124 0.971798 0.383568 -0.979669 -0.0293952 0.198457 -0.496833 0.00395745 -0.991847 -0.127376 0.443341 
1535374053144 0.248534 0.925216 -0.286717 -0.611804 -0.932708 0.308451 0.186851 -0.23419 0.261315 0.220985 0.939617 0.382701 0.200603 -0.12383 0.971815 0.383568 -0.979662 -0.0300202 0.198397 -0.496986 0.00460657 -0.991849 -0.127334 0.443309 
1535374053321 0.248733 0.925193 -0.286617 -0.611461 -0.932639 0.308634 0.186896 -0.234033 0.261374 0.220823 0.939639 0.382782 0.200622 -0.12366 0.971833 0.383569 -0.979655 -0.0306452 0.198337 -0.49714 0.00525569 -0.991851 -0.127292 0.443276 
