1530655994933 0.275657 -0.8825 0.381061 -0.604483 0.633204 0.464965 0.618757 -0.181741 -0.723233 0.0707247 0.686973 0.426588 -0.0536992 -0.996509 -0.0639186 0.255297 -0.0992545 0.0690206 -0.992665 -0.497275 0.993612 -0.0469612 -0.102614 0.478469 
1530655994946 0.300885 -0.922898 0.240265 0.225257 -0.138768 -0.291628 -0.946412 -0.486344 0.94351 0.25142 -0.215815 0.468712 -0.0504907 -0.996406 -0.0680126 0.270002 -0.103489 0.0729526 -0.991952 -0.497314 0.993348 -0.0430458 -0.1068 0.47441 
1530655995715 0.242825 -0.925174 0.291699 0.16152 0.102786 -0.274468 -0.956087 -0.435487 0.964609 0.262144 0.0284473 0.461493 -0.0466294 -0.996298 -0.0722227 0.282564 -0.108363 0.0769198 -0.991131 -0.496465 0.993017 -0.0383895 -0.111549 0.470562 
1530655996334 0.185198 -0.926148 0.328559 0.0634542 0.340052 -0.25329 -0.905654 -0.39584 0.921991 0.279452 0.26803 0.437571 -0.0428366 -0.996153 -0.0764432 0.295236 -0.113217 0.0808607 -0.990274 -0.495681 0.992646 -0.0337654 -0.116245 0.466728 
1530655996845 0.10875 -0.933954 0.340446 -0.0100478 0.566676 -0.223137 -0.793151 -0.393705 0.816732 0.279178 0.504984 0.453534 -0.0390879 -0.995974 -0.0806759 0.30799 -0.118061 0.0847753 -0.989381 -0.494945 0.992237 -0.0291481 -0.1209 0.462898 
1530655997350 0.0372286 -0.940161 0.33869 -0.0983862 0.750403 -0.197521 -0.630778 -0.379776 0.659931 0.277637 0.698146 0.44936 -0.0354208 -0.995758 -0.0849142 0.32095 -0.122855 0.0886616 -0.988456 -0.494286 0.991792 -0.0245798 -0.125474 0.459038 
1530655997859 -0.0276972 -0.946596 0.321231 -0.198397 0.888256 -0.170708 -0.42645 -0.355415 0.458513 0.273524 0.845548 0.440017 -0.0318235 -0.995509 -0.0891596 0.334075 -0.12761 0.0925216 -0.9875 -0.493679 0.991314 -0.020048 -0.129982 0.455151 
1530655998356 -0.0860491 -0.953826 0.28777 -0.298191 0.970276 -0.145805 -0.193145 -0.330411 0.226186 0.262596 0.938021 0.431334 -0.0282469 -0.995226 -0.0934198 0.347205 -0.132376 0.0963583 -0.986505 -0.493075 0.990797 -0.0154991 -0.134466 0.451264 
1530655998863 -0.133997 -0.961333 0.240591 -0.397711 0.990741 -0.124607 0.0538979 -0.305255 -0.0218345 0.245585 0.969129 0.423196 -0.0246898 -0.99491 -0.0976949 0.360328 -0.137153 0.100172 -0.985472 -0.492466 0.990242 -0.0109319 -0.138928 0.447376 
1530655999377 -0.168044 -0.968646 0.182994 -0.493233 0.948351 -0.108188 0.298205 -0.280336 -0.269057 0.223654 0.936796 0.414798 -0.0211159 -0.994561 -0.101988 0.373164 -0.141961 0.10396 -0.984398 -0.4918 0.989647 -0.00630809 -0.143384 0.443526 
1530655999921 -0.168044 -0.968646 0.182994 -0.493233 0.948351 -0.108188 0.298205 -0.280336 -0.269057 0.223654 0.936796 0.414798 -0.0212582 -0.994548 -0.102093 0.372426 -0.141041 0.104078 -0.984518 -0.491878 0.989775 -0.00652983 -0.142485 0.443859 
1530655999933 0.280754 -0.928413 0.243364 0.287767 -0.144149 -0.291475 -0.945655 -0.485425 0.948893 0.230416 -0.215663 0.482453 -0.0208958 -0.994512 -0.102512 0.373843 -0.14161 0.104444 -0.984397 -0.491814 0.989702 -0.00605308 -0.143016 0.443433 
1530656000115 0.230218 -0.928641 0.290905 0.201888 0.100587 -0.274625 -0.956276 -0.456571 0.967927 0.249413 0.0301852 0.47316 -0.0205336 -0.994477 -0.102931 0.37526 -0.142179 0.104811 -0.984276 -0.491749 0.989628 -0.00557599 -0.143546 0.443006 
1530656000317 0.170645 -0.930795 0.323267 0.101622 0.342906 -0.251472 -0.905084 -0.431197 0.92374 0.265298 0.276262 0.465824 -0.0201716 -0.99444 -0.103351 0.376677 -0.142748 0.105178 -0.984155 -0.491685 0.989553 -0.00509876 -0.144076 0.442579 
1530656000502 0.105023 -0.934666 0.339661 0.00121004 0.564008 -0.225325 -0.794433 -0.405891 0.819064 0.275005 0.503495 0.457314 -0.0198098 -0.994404 -0.103771 0.378094 -0.143317 0.105544 -0.984033 -0.491621 0.989479 -0.00462135 -0.144606 0.442153 
1530656000689 0.0375018 -0.940025 0.339037 -0.0987905 0.749589 -0.197903 -0.631625 -0.380798 0.66084 0.277826 0.697211 0.447833 -0.0194483 -0.994367 -0.104191 0.379511 -0.143886 0.105909 -0.983911 -0.491556 0.989403 -0.00414378 -0.145135 0.441726 
1530656000883 -0.0276228 -0.946572 0.321307 -0.198535 0.888121 -0.170761 -0.426711 -0.355532 0.458779 0.273572 0.845387 0.439595 -0.0190872 -0.99433 -0.10461 0.380927 -0.144455 0.106274 -0.983788 -0.491492 0.989327 -0.00366625 -0.145665 0.4413 
1530656001071 -0.0860291 -0.953825 0.287779 -0.298229 0.970274 -0.145793 -0.193166 -0.330328 0.226203 0.262606 0.938014 0.431354 -0.018726 -0.994293 -0.105031 0.382344 -0.145024 0.106639 -0.983665 -0.491427 0.989251 -0.00318812 -0.146194 0.440873 
1530656001260 -0.134011 -0.961334 0.240579 -0.39775 0.990739 -0.12462 0.0539045 -0.305195 -0.0218391 0.245575 0.969132 0.423216 -0.0183653 -0.994255 -0.105451 0.38376 -0.145594 0.107004 -0.983541 -0.491362 0.989174 -0.00270995 -0.146722 0.440446 
1530656001452 -0.168354 -0.968609 0.182902 -0.493437 0.948258 -0.10847 0.298397 -0.280353 -0.26919 0.223675 0.936753 0.414454 -0.0180011 -0.994217 -0.105873 0.385146 -0.146164 0.107369 -0.983416 -0.49129 0.989097 -0.00222772 -0.147252 0.440024 
1530656001652 -0.168354 -0.968609 0.182902 -0.493437 0.948258 -0.10847 0.298397 -0.280353 -0.26919 0.223675 0.936753 0.414454 -0.0184248 -0.994233 -0.105651 0.384492 -0.145893 0.107211 -0.983474 -0.491356 0.989129 -0.00270658 -0.147027 0.440239 
1530656001663 0.280859 -0.928369 0.243412 0.288043 -0.144209 -0.291562 -0.945619 -0.483957 0.948853 0.230484 -0.215767 0.481725 -0.0165421 -0.994526 -0.103172 0.384655 -0.147872 0.104485 -0.983472 -0.491546 0.988868 -0.00101241 -0.14879 0.440778 
1530656001840 0.230386 -0.928601 0.2909 0.201489 0.100464 -0.274647 -0.956282 -0.456577 0.967899 0.249539 0.0300163 0.473433 -0.0146534 -0.994809 -0.100695 0.384818 -0.149846 0.101754 -0.983459 -0.491735 0.988601 0.000677729 -0.150559 0.441317 
1530656002008 0.170718 -0.930775 0.323285 0.101414 0.342841 -0.251486 -0.905105 -0.431262 0.92375 0.265353 0.276175 0.465959 -0.0127602 -0.995083 -0.0982212 0.384981 -0.151814 0.0990184 -0.983437 -0.491925 0.988327 0.00236256 -0.152331 0.441855 
1530656002174 0.105057 -0.934654 0.339682 0.00111857 0.563969 -0.225339 -0.794457 -0.40593 0.819086 0.275033 0.503442 0.457344 -0.0108618 -0.995346 -0.0957499 0.385144 -0.153777 0.0962792 -0.983404 -0.492114 0.988046 0.00404254 -0.154107 0.442394 
1530656002342 0.0375184 -0.940026 0.339034 -0.0987623 0.749587 -0.19789 -0.631632 -0.380778 0.660842 0.277833 0.697207 0.447783 -0.00895852 -0.995599 -0.0932814 0.385307 -0.155733 0.093536 -0.983361 -0.492304 0.987758 0.00571757 -0.155886 0.442933 
1530656002509 -0.027607 -0.946571 0.321313 -0.198487 0.888123 -0.170749 -0.426711 -0.355503 0.458776 0.273585 0.845385 0.439569 -0.00705007 -0.995843 -0.0908148 0.38547 -0.157685 0.0907879 -0.983307 -0.492493 0.987464 0.00738775 -0.15767 0.443472 
1530656002675 -0.0860265 -0.953822 0.287791 -0.298203 0.970274 -0.145793 -0.193166 -0.330305 0.226204 0.262619 0.93801 0.431364 -0.00513695 -0.996076 -0.0883517 0.385632 -0.15963 0.0880367 -0.983243 -0.492683 0.987164 0.00905274 -0.159456 0.444011 
1530656002843 -0.134026 -0.96133 0.240587 -0.397753 0.990737 -0.124634 0.053909 -0.305179 -0.021839 0.245584 0.969129 0.423237 -0.00321918 -0.996299 -0.0858914 0.385795 -0.161569 0.0852816 -0.98317 -0.49287 0.986856 0.0107124 -0.161246 0.444548 
1530656003009 -0.168508 -0.96858 0.182917 -0.493507 0.948228 -0.108606 0.298444 -0.280366 -0.269201 0.223737 0.936735 0.414331 -0.0013022 -0.996512 -0.0834358 0.385955 -0.163494 0.0825253 -0.983087 -0.49302 0.986543 0.0123611 -0.163032 0.44506 
1530656003185 -0.168508 -0.96858 0.182917 -0.493507 0.948228 -0.108606 0.298444 -0.280366 -0.269201 0.223737 0.936735 0.414331 -0.00210353 -0.996407 -0.0846708 0.385929 -0.162594 0.0838851 -0.983121 -0.492911 0.986691 0.0116989 -0.162186 0.444782 
1530656003198 0.280904 -0.928348 0.243439 0.288147 -0.144206 -0.2916 -0.945608 -0.483439 0.94884 0.230519 -0.215785 0.481312 -0.00245523 -0.995884 -0.0905994 0.385944 -0.160661 0.0898156 -0.982915 -0.492961 0.987007 0.0121425 -0.160221 0.444554 
1530656003455 0.230428 -0.928592 0.290894 0.201402 0.100432 -0.274648 -0.956286 -0.456587 0.967893 0.24957 0.0299735 0.473478 -0.00279523 -0.995327 -0.0965259 0.385959 -0.158726 0.0957442 -0.982669 -0.493011 0.987319 0.0125744 -0.158252 0.444326 
1530656003700 0.170727 -0.930774 0.323285 0.101395 0.342832 -0.251487 -0.905108 -0.431273 0.923752 0.265358 0.276163 0.465962 -0.00312345 -0.994733 -0.102449 0.385974 -0.156789 0.10167 -0.982385 -0.49306 0.987627 0.0129944 -0.15628 0.444097 
1530656003949 0.105066 -0.934651 0.339689 0.00111065 0.563956 -0.225344 -0.794464 -0.405939 0.819094 0.275041 0.503426 0.457331 -0.00344002 -0.994105 -0.10837 0.385989 -0.154849 0.107593 -0.982062 -0.49311 0.987932 0.0134026 -0.154306 0.443869 
1530656004202 0.0375282 -0.940027 0.339029 -0.0987293 0.749589 -0.197879 -0.631633 -0.380762 0.660839 0.277837 0.697208 0.447746 -0.00374489 -0.993441 -0.114287 0.386004 -0.152906 0.113512 -0.9817 -0.49316 0.988234 0.0137988 -0.152328 0.443641 
1530656004453 -0.0276005 -0.946569 0.32132 -0.198454 0.888124 -0.170746 -0.42671 -0.355486 0.458774 0.273594 0.845383 0.439553 -0.00403808 -0.992741 -0.120201 0.38602 -0.150961 0.119429 -0.981299 -0.49321 0.988531 0.0141831 -0.150348 0.443413 
1530656004704 -0.0860301 -0.953818 0.287802 -0.298191 0.970273 -0.145799 -0.193164 -0.330295 0.226205 0.262629 0.938007 0.431374 -0.0043195 -0.992007 -0.126111 0.386035 -0.149014 0.125342 -0.980859 -0.49326 0.988826 0.0145555 -0.148364 0.443184 
1530656004945 -0.134034 -0.961327 0.240593 -0.397759 0.990736 -0.124642 0.0539113 -0.305173 -0.0218383 0.24559 0.969128 0.423252 -0.00458919 -0.991237 -0.132018 0.38605 -0.147064 0.131252 -0.98038 -0.493311 0.989116 0.0149159 -0.146378 0.442957 
1530656005192 -0.168562 -0.968567 0.182933 -0.49354 0.948217 -0.10865 0.298462 -0.280383 -0.269205 0.223769 0.936726 0.414253 -0.00484794 -0.990432 -0.137914 0.386066 -0.145119 0.137152 -0.979862 -0.493374 0.989402 0.0152636 -0.144396 0.442736 
1530656005457 -0.168562 -0.968567 0.182933 -0.49354 0.948217 -0.10865 0.298462 -0.280383 -0.269205 0.223769 0.936726 0.414253 -0.00484826 -0.990616 -0.136591 0.386093 -0.145777 0.135833 -0.979948 -0.493346 0.989306 0.0151607 -0.145067 0.442785 
1530656005475 0.280953 -0.92833 0.243452 0.288128 -0.144226 -0.291629 -0.945596 -0.483093 0.948823 0.230556 -0.215823 0.481115 -0.00369323 -0.991314 -0.131466 0.386215 -0.145594 0.130599 -0.980687 -0.493454 0.989338 0.0155187 -0.144812 0.442765 
1530656005732 0.23049 -0.928577 0.290895 0.201255 0.100383 -0.274659 -0.956288 -0.456601 0.967883 0.249615 0.0299075 0.473589 -0.00253975 -0.991984 -0.126336 0.386337 -0.145405 0.12536 -0.981398 -0.493562 0.989369 0.0158773 -0.144558 0.442744 
1530656005982 0.170765 -0.930763 0.323296 0.10129 0.342797 -0.251497 -0.905119 -0.43131 0.923758 0.265388 0.276115 0.466031 -0.00138738 -0.992627 -0.121202 0.38646 -0.14521 0.120118 -0.982082 -0.493671 0.9894 0.0162372 -0.144306 0.442724 
1530656006240 0.105095 -0.93464 0.339711 0.00103721 0.563921 -0.22536 -0.794485 -0.40598 0.819114 0.275066 0.503378 0.457359 -0.000235999 -0.993242 -0.116065 0.386582 -0.145008 0.114873 -0.982739 -0.493779 0.98943 0.0165985 -0.144055 0.442703 
1530656006500 0.0375279 -0.940018 0.339055 -0.0987315 0.749594 -0.197894 -0.631622 -0.380768 0.660833 0.277857 0.697205 0.447834 0.000914328 -0.993828 -0.110925 0.386704 -0.144801 0.109624 -0.983369 -0.493887 0.98946 0.0169611 -0.143807 0.442683 
1530656006507 -0.0276014 -0.946564 0.321332 -0.198436 0.888124 -0.170752 -0.426708 -0.355472 0.458774 0.273605 0.84538 0.439552 0.00206355 -0.994387 -0.105781 0.386826 -0.144587 0.104373 -0.983972 -0.493995 0.98949 0.017325 -0.14356 0.442663 
1530656006762 -0.0860343 -0.953815 0.28781 -0.298194 0.970272 -0.145805 -0.193164 -0.330288 0.226207 0.262635 0.938005 0.431389 0.00321169 -0.994918 -0.100633 0.386949 -0.144368 0.0991184 -0.984547 -0.494103 0.989519 0.0176903 -0.143316 0.442642 
1530656007120 -0.134039 -0.961326 0.240595 -0.39777 0.990735 -0.124647 0.0539115 -0.305169 -0.0218373 0.245592 0.969127 0.423263 0.0043586 -0.995422 -0.0954826 0.38707 -0.144142 0.093861 -0.985095 -0.49421 0.989547 0.0180567 -0.143073 0.442622 
1530656007388 -0.168584 -0.968562 0.182942 -0.493562 0.948212 -0.108667 0.298472 -0.280397 -0.269209 0.223785 0.936721 0.414184 0.00550182 -0.995896 -0.0903348 0.387189 -0.143911 0.0886073 -0.985616 -0.494302 0.989575 0.0184229 -0.142833 0.442607 
1530656007646 -0.168584 -0.968562 0.182942 -0.493562 0.948212 -0.108667 0.298472 -0.280397 -0.269209 0.223785 0.936721 0.414184 0.00535616 -0.995818 -0.0911969 0.387186 -0.14396 0.0894804 -0.98553 -0.494221 0.989569 0.0184074 -0.142879 0.442682 
1530656007661 0.280998 -0.928314 0.243463 0.288097 -0.144242 -0.291654 -0.945586 -0.482819 0.948807 0.23059 -0.215856 0.480951 0.00613879 -0.996211 -0.0867571 0.387274 -0.141991 0.0850113 -0.986211 -0.494283 0.989849 0.0183728 -0.140931 0.442444 
1530656007908 0.230541 -0.928564 0.290895 0.201134 0.100342 -0.274668 -0.956289 -0.456615 0.967875 0.249653 0.0298517 0.473683 0.00691259 -0.996582 -0.0823138 0.387361 -0.140017 0.0805403 -0.986868 -0.494345 0.990125 0.0183472 -0.138982 0.442205 
1530656008151 0.170797 -0.930753 0.323306 0.101203 0.342768 -0.251505 -0.905127 -0.431343 0.923763 0.265412 0.276076 0.466091 0.00767747 -0.996934 -0.0778676 0.387449 -0.13804 0.0760678 -0.987501 -0.494406 0.990397 0.0183304 -0.137033 0.441967 
1530656008396 0.105117 -0.934631 0.339729 0.000973773 0.563893 -0.225373 -0.794501 -0.406016 0.819131 0.275087 0.503341 0.457391 0.00843343 -0.997266 -0.0734182 0.387536 -0.136059 0.0715936 -0.98811 -0.494468 0.990665 0.0183224 -0.135083 0.441728 
1530656008642 0.0375321 -0.940009 0.339079 -0.0987653 0.749599 -0.197905 -0.631613 -0.380786 0.660828 0.277879 0.697202 0.447976 0.00918046 -0.997577 -0.0689658 0.387624 -0.134074 0.067118 -0.988696 -0.49453 0.990929 0.0183232 -0.133133 0.44149 
1530656008884 -0.0276042 -0.94656 0.321344 -0.198421 0.888124 -0.17076 -0.426704 -0.355467 0.458774 0.273615 0.845377 0.439557 0.00991852 -0.997868 -0.0645106 0.387712 -0.132085 0.0626411 -0.989257 -0.494592 0.991189 0.0183329 -0.131182 0.441251 
1530656009133 -0.0860376 -0.953813 0.287817 -0.298197 0.970272 -0.14581 -0.193164 -0.330284 0.226209 0.262641 0.938003 0.431401 0.0106476 -0.998138 -0.060052 0.387799 -0.130093 0.0581622 -0.989794 -0.494653 0.991445 0.0183512 -0.129231 0.441013 
1530656009385 -0.134042 -0.961325 0.240596 -0.397779 0.990735 -0.12465 0.0539115 -0.305167 -0.0218363 0.245593 0.969127 0.423273 0.0113677 -0.998389 -0.0555922 0.387887 -0.128096 0.0536837 -0.990308 -0.494715 0.991697 0.0183787 -0.12728 0.440775 
1530656009640 -0.1686 -0.968557 0.18295 -0.493579 0.948208 -0.108678 0.29848 -0.280408 -0.269212 0.223798 0.936717 0.414128 0.0120774 -0.998619 -0.0511331 0.387971 -0.126103 0.0492075 -0.990796 -0.494774 0.991944 0.0184143 -0.125335 0.440556 
1530656009895 -0.1686 -0.968557 0.18295 -0.493579 0.948208 -0.108678 0.29848 -0.280408 -0.269212 0.223798 0.936717 0.414128 0.0120559 -0.998565 -0.0521726 0.387945 -0.126724 0.0502299 -0.990665 -0.494777 0.991865 0.0185549 -0.125936 0.440567 
1530656009908 0.281038 -0.928299 0.243472 0.288061 -0.144255 -0.291676 -0.945577 -0.482602 0.948793 0.230621 -0.215884 0.480813 0.0108087 -0.998479 -0.054071 0.388068 -0.129131 0.0522276 -0.990251 -0.49469 0.991569 0.0176856 -0.12837 0.440964 
1530656010112 0.230583 -0.928554 0.290895 0.201036 0.100307 -0.274675 -0.956291 -0.456628 0.967869 0.249683 0.0298055 0.47376 0.00955936 -0.998388 -0.0559419 0.388191 -0.131523 0.0542031 -0.98983 -0.494604 0.991267 0.0168198 -0.130792 0.44136 
1530656010303 0.170823 -0.930746 0.323313 0.101134 0.342744 -0.251511 -0.905135 -0.431369 0.923767 0.265431 0.276044 0.466139 0.00830533 -0.998293 -0.05781 0.388315 -0.133911 0.0561809 -0.9894 -0.494518 0.990959 0.0159587 -0.133216 0.441756 
1530656010496 0.105134 -0.934624 0.339743 0.000924488 0.563872 -0.225382 -0.794513 -0.406044 0.819143 0.275102 0.503312 0.457415 0.00704689 -0.998193 -0.0596744 0.388438 -0.136296 0.0581602 -0.988959 -0.494432 0.990643 0.0151025 -0.13564 0.442152 
1530656010684 0.0375375 -0.940003 0.339094 -0.0987928 0.749602 -0.197911 -0.631608 -0.3808 0.660824 0.277895 0.697199 0.448077 0.00578395 -0.998088 -0.0615356 0.388562 -0.138677 0.0601415 -0.98851 -0.494346 0.990321 0.0142511 -0.138064 0.442548 
1530656010876 -0.0276058 -0.946557 0.321354 -0.198407 0.888125 -0.170766 -0.426701 -0.355463 0.458773 0.273623 0.845374 0.439558 0.00451656 -0.997978 -0.0633931 0.388686 -0.141055 0.0621241 -0.988051 -0.49426 0.989991 0.0134045 -0.140489 0.442944 
1530656011071 -0.08604 -0.953811 0.287823 -0.298197 0.970271 -0.145814 -0.193163 -0.330283 0.22621 0.262646 0.938001 0.431411 0.00324465 -0.997864 -0.0652474 0.388809 -0.14343 0.0641087 -0.987582 -0.494174 0.989655 0.0125628 -0.142915 0.44334 
1530656011276 -0.134044 -0.961325 0.240598 -0.397787 0.990735 -0.124652 0.0539115 -0.305166 -0.0218355 0.245595 0.969127 0.423281 0.00196819 -0.997744 -0.0670987 0.388933 -0.145801 0.0660955 -0.987104 -0.494088 0.989312 0.0117258 -0.145342 0.443735 
1530656011467 -0.168613 -0.968554 0.182957 -0.493591 0.948205 -0.108687 0.298487 -0.280418 -0.269215 0.22381 0.936714 0.414082 0.000691271 -0.99762 -0.0689449 0.389051 -0.148161 0.0680818 -0.986617 -0.494 0.988963 0.0108969 -0.147761 0.444109 
1530656011662 -0.168613 -0.968554 0.182957 -0.493591 0.948205 -0.108687 0.298487 -0.280418 -0.269215 0.22381 0.936714 0.414082 0.00106706 -0.997653 -0.0684599 0.38898 -0.147313 0.0675563 -0.98678 -0.494051 0.989089 0.011138 -0.146895 0.443859 
1530656011675 0.281073 -0.928286 0.24348 0.288025 -0.144265 -0.291695 -0.94557 -0.482429 0.948781 0.230648 -0.215907 0.480699 0.00125514 -0.997696 -0.0678292 0.38908 -0.148451 0.0668918 -0.986655 -0.494112 0.988919 0.0113077 -0.148025 0.444065 
1530656011681 0.230618 -0.928545 0.290895 0.200954 0.100279 -0.274681 -0.956292 -0.456641 0.967863 0.249709 0.0297668 0.473825 0.00144504 -0.997739 -0.0671989 0.389179 -0.149589 0.0662272 -0.986528 -0.494172 0.988747 0.0114778 -0.149155 0.444271 
1530656011688 0.170844 -0.93074 0.323319 0.101078 0.342725 -0.251516 -0.90514 -0.431392 0.923771 0.265447 0.276018 0.466178 0.00163517 -0.99778 -0.066569 0.389279 -0.150726 0.0655626 -0.986399 -0.494233 0.988574 0.0116466 -0.150284 0.444477 
1530656011697 0.105148 -0.934618 0.339753 0.000884724 0.563855 -0.22539 -0.794523 -0.406067 0.819153 0.275114 0.50329 0.457434 0.00182642 -0.997822 -0.0659392 0.389378 -0.151863 0.0648977 -0.986269 -0.494293 0.9884 0.0118151 -0.151414 0.444683 
1530656011895 0.0375424 -0.939999 0.339106 -0.0988158 0.749603 -0.197914 -0.631605 -0.380811 0.660822 0.277907 0.697196 0.448154 0.00201849 -0.997863 -0.0653096 0.389478 -0.153 0.0642326 -0.986137 -0.494353 0.988224 0.0119829 -0.152543 0.44489 
1530656011942 -0.0276063 -0.946554 0.321362 -0.198396 0.888125 -0.170769 -0.426698 -0.355461 0.458771 0.27363 0.845373 0.439558 0.00221138 -0.997904 -0.0646802 0.389578 -0.154137 0.0635673 -0.986003 -0.494414 0.988047 0.01215 -0.153673 0.445096 
1530656012044 -0.0860414 -0.953809 0.287827 -0.298197 0.970271 -0.145816 -0.193162 -0.330283 0.22621 0.262651 0.938 0.431419 0.00240473 -0.997944 -0.0640512 0.389677 -0.155272 0.0629019 -0.985867 -0.494474 0.987869 0.0123161 -0.154802 0.445302 
1530656012097 -0.134046 -0.961324 0.240599 -0.397792 0.990735 -0.124654 0.0539117 -0.305167 -0.021835 0.245596 0.969126 0.423288 0.00259874 -0.997983 -0.0634219 0.389777 -0.156408 0.0622359 -0.98573 -0.494534 0.987689 0.0124813 -0.155931 0.445507 
1530656012194 -0.168622 -0.968551 0.182964 -0.4936 0.948203 -0.108693 0.298492 -0.280426 -0.269218 0.223819 0.936711 0.414045 0.00279343 -0.998023 -0.0627931 0.389873 -0.15754 0.06157 -0.985591 -0.494582 0.987509 0.0126456 -0.157056 0.445701 
1530656012247 -0.168622 -0.968551 0.182964 -0.4936 0.948203 -0.108693 0.298492 -0.280426 -0.269218 0.223819 0.936711 0.414045 0.00243089 -0.997974 -0.0635842 0.389732 -0.155841 0.0624295 -0.985807 -0.494496 0.987779 0.0123054 -0.155373 0.445514 
1530656012254 0.281103 -0.928276 0.243486 0.287991 -0.144274 -0.29171 -0.945563 -0.482292 0.948771 0.230672 -0.215926 0.480606 0.00290973 -0.998042 -0.0624766 0.389828 -0.155166 0.0612696 -0.985987 -0.494562 0.987884 0.0125632 -0.154684 0.445512 
1530656012260 0.230646 -0.928538 0.290895 0.200889 0.100255 -0.274687 -0.956293 -0.456652 0.967859 0.249729 0.0297349 0.473877 0.00338868 -0.998109 -0.0613676 0.389924 -0.15449 0.0601086 -0.986164 -0.494628 0.987989 0.0128224 -0.153994 0.445509 
1530656012449 0.17086 -0.930736 0.323323 0.101032 0.342709 -0.251521 -0.905145 -0.43141 0.923773 0.265459 0.275997 0.466211 0.00386673 -0.998175 -0.0602585 0.390021 -0.153812 0.0589482 -0.98634 -0.494694 0.988092 0.0130824 -0.153304 0.445507 
1530656012559 0.105159 -0.934614 0.339761 0.000852841 0.563841 -0.225395 -0.794531 -0.406085 0.819161 0.275124 0.503272 0.45745 0.00434399 -0.99824 -0.0591491 0.390117 -0.153135 0.057788 -0.986514 -0.49476 0.988196 0.0133432 -0.152614 0.445504 
1530656012682 0.0375466 -0.939995 0.339115 -0.0988348 0.749604 -0.197917 -0.631603 -0.38082 0.66082 0.277917 0.697193 0.448214 0.0048205 -0.998303 -0.0580393 0.390213 -0.152456 0.0566278 -0.986687 -0.494825 0.988298 0.0136048 -0.151925 0.445502 
1530656012815 -0.0276061 -0.946552 0.321367 -0.198387 0.888126 -0.170771 -0.426696 -0.355459 0.45877 0.273635 0.845372 0.439556 0.00529612 -0.998364 -0.0569294 0.390309 -0.151778 0.0554681 -0.986857 -0.494891 0.9884 0.0138671 -0.151236 0.445499 
1530656012939 -0.0860423 -0.953808 0.287831 -0.298197 0.970271 -0.145818 -0.193162 -0.330283 0.22621 0.262654 0.937999 0.431424 0.00577104 -0.998424 -0.055819 0.390405 -0.151098 0.0543084 -0.987026 -0.494957 0.988502 0.0141303 -0.150547 0.445497 
1530656012946 -0.134047 -0.961323 0.240601 -0.397796 0.990734 -0.124655 0.0539118 -0.305168 -0.0218346 0.245598 0.969126 0.423293 0.00624537 -0.998483 -0.0547073 0.390501 -0.150418 0.0531479 -0.987193 -0.495023 0.988603 0.0143943 -0.149858 0.445494 
1530656013063 -0.16863 -0.968549 0.182969 -0.493607 0.948201 -0.108698 0.298497 -0.280433 -0.269221 0.223827 0.936708 0.414016 0.00671746 -0.99854 -0.0535971 0.390595 -0.149739 0.0519895 -0.987358 -0.495082 0.988703 0.0146581 -0.149171 0.445494 
1530656013253 -0.16863 -0.968549 0.182969 -0.493607 0.948201 -0.108698 0.298497 -0.280433 -0.269221 0.223827 0.936708 0.414016 0.00642467 -0.998498 -0.0544098 0.390562 -0.150394 0.0528272 -0.987214 -0.494989 0.988605 0.0145255 -0.149829 0.445489 
1530656013267 0.281128 -0.928267 0.243492 0.287961 -0.144281 -0.291723 -0.945558 -0.482185 0.948762 0.230692 -0.215943 0.480531 0.00703373 -0.998573 -0.0529477 0.390646 -0.149238 0.0513077 -0.987469 -0.495074 0.988776 0.0148474 -0.148664 0.44537 
1530656013310 0.230669 -0.928532 0.290895 0.200836 0.100235 -0.274691 -0.956294 -0.456661 0.967856 0.249746 0.029709 0.47392 0.0076409 -0.998645 -0.0514853 0.39073 -0.14808 0.0497892 -0.987721 -0.495159 0.988946 0.015171 -0.147499 0.445251 
1530656013470 0.170874 -0.930732 0.323327 0.100996 0.342697 -0.251524 -0.905149 -0.431425 0.923775 0.26547 0.27598 0.466237 0.00824639 -0.998714 -0.0500218 0.390813 -0.14692 0.0482705 -0.98797 -0.495244 0.989114 0.0154964 -0.146333 0.445133 
1530656013622 0.105168 -0.934611 0.339768 0.000827643 0.563831 -0.2254 -0.794537 -0.406099 0.819167 0.275131 0.503258 0.457463 0.00885012 -0.998781 -0.0485576 0.390897 -0.145759 0.0467523 -0.988215 -0.495329 0.989281 0.0158235 -0.145168 0.445014 
1530656013630 0.0375492 -0.939993 0.339122 -0.0988506 0.749605 -0.197919 -0.631601 -0.380829 0.660819 0.277924 0.697192 0.448262 0.00945214 -0.998846 -0.0470926 0.390981 -0.144597 0.0452344 -0.988456 -0.495414 0.989445 0.0161525 -0.144003 0.444895 
1530656013848 -0.0276066 -0.946548 0.32138 -0.198398 0.888128 -0.170776 -0.42669 -0.355468 0.458766 0.273647 0.84537 0.439604 0.0100523 -0.998908 -0.0456271 0.391065 -0.143434 0.0437172 -0.988694 -0.495499 0.989609 0.0164832 -0.142838 0.444776 
1530656014007 -0.0860431 -0.953807 0.287835 -0.298197 0.970271 -0.145819 -0.193161 -0.330284 0.22621 0.262657 0.937998 0.431429 0.0106508 -0.998968 -0.0441607 0.391149 -0.14227 0.0422 -0.988928 -0.495584 0.989771 0.0168157 -0.141674 0.444657 
1530656014166 -0.134048 -0.961323 0.240602 -0.397799 0.990734 -0.124656 0.0539121 -0.305169 -0.0218344 0.245599 0.969125 0.423297 0.0112477 -0.999025 -0.0426927 0.391232 -0.141105 0.0406824 -0.989158 -0.495669 0.989931 0.0171499 -0.14051 0.444539 
1530656014332 -0.168635 -0.968547 0.182974 -0.493612 0.948199 -0.108701 0.298502 -0.280439 -0.269223 0.223833 0.936706 0.413993 0.0118412 -0.99908 -0.0412259 0.391314 -0.139942 0.0391672 -0.989385 -0.495749 0.990089 0.0174848 -0.13935 0.444428 
1530656014495 -0.168635 -0.968547 0.182974 -0.493612 0.948199 -0.108701 0.298502 -0.280439 -0.269223 0.223833 0.936706 0.413993 0.0114458 -0.999048 -0.0420922 0.391227 -0.140594 0.0400689 -0.989256 -0.495765 0.990001 0.0172407 -0.140001 0.444482 
1530656014511 0.281148 -0.928259 0.243496 0.287935 -0.144286 -0.291734 -0.945554 -0.482102 0.948756 0.230708 -0.215955 0.48047 0.011184 -0.999021 -0.0428057 0.391327 -0.139276 0.0408347 -0.989411 -0.495759 0.99019 0.0170274 -0.138683 0.444332 
1530656014528 0.230687 -0.928528 0.290895 0.200795 0.10022 -0.274694 -0.956294 -0.456669 0.967853 0.249759 0.0296889 0.473954 0.0109228 -0.998993 -0.0435199 0.391427 -0.137956 0.0416008 -0.989564 -0.495754 0.990378 0.0168127 -0.137363 0.444181 
1530656014683 0.170884 -0.930729 0.32333 0.100969 0.342688 -0.251526 -0.905152 -0.431436 0.923777 0.265477 0.275968 0.466257 0.0106627 -0.998964 -0.0442343 0.391527 -0.136637 0.0423663 -0.989715 -0.495748 0.990564 0.0165971 -0.136044 0.44403 
1530656014787 0.105173 -0.934609 0.339771 0.000810736 0.563824 -0.225402 -0.794541 -0.406108 0.819171 0.275136 0.503249 0.457472 0.0104037 -0.998935 -0.0449491 0.391627 -0.135317 0.0431316 -0.989863 -0.495743 0.990748 0.0163807 -0.134724 0.44388 
1530656014882 0.0375506 -0.939991 0.339125 -0.0988607 0.749605 -0.197921 -0.631601 -0.380835 0.660819 0.277927 0.697191 0.44829 0.0101461 -0.998905 -0.0456644 0.391726 -0.133997 0.0438967 -0.990009 -0.495737 0.99093 0.0161637 -0.133405 0.443729 
1530656014993 -0.0276049 -0.946545 0.321389 -0.198414 0.888129 -0.170778 -0.426687 -0.355475 0.458764 0.273657 0.845368 0.439649 0.00988872 -0.998875 -0.0463797 0.391826 -0.132676 0.0446612 -0.990153 -0.495731 0.99111 0.0159448 -0.132085 0.443579 
1530656015089 -0.0860438 -0.953806 0.287838 -0.298195 0.970271 -0.14582 -0.19316 -0.330286 0.226209 0.262661 0.937997 0.431432 0.00963264 -0.998844 -0.0470952 0.391926 -0.131355 0.0454253 -0.990294 -0.495726 0.991289 0.0157253 -0.130765 0.443428 
1530656015204 -0.134049 -0.961322 0.240604 -0.3978 0.990734 -0.124657 0.0539128 -0.305171 -0.0218346 0.245601 0.969125 0.4233 0.00937743 -0.998812 -0.0478114 0.392026 -0.130033 0.0461895 -0.990433 -0.495721 0.991465 0.0155048 -0.129446 0.443278 
1530656015301 -0.16864 -0.968545 0.182978 -0.493615 0.948197 -0.108704 0.298505 -0.280444 -0.269226 0.223839 0.936704 0.413976 0.00912384 -0.99878 -0.0485277 0.392123 -0.128715 0.046953 -0.990569 -0.495723 0.99164 0.015284 -0.12813 0.443138 
1530656015418 -0.16864 -0.968545 0.182978 -0.493615 0.948197 -0.108704 0.298505 -0.280444 -0.269226 0.223839 0.936704 0.413976 0.00943034 -0.998814 -0.0477606 0.392084 -0.129949 0.0461336 -0.990447 -0.495682 0.991476 0.0155467 -0.12936 0.443267 
1530656015432 0.28115 -0.928257 0.243502 0.287952 -0.144278 -0.291738 -0.945554 -0.482045 0.948756 0.23071 -0.215949 0.480419 0.00890658 -0.998763 -0.0489206 0.392254 -0.130926 0.0473366 -0.990261 -0.495675 0.991352 0.0152248 -0.130342 0.443419 
1530656015579 0.230701 -0.928524 0.290894 0.200765 0.100209 -0.274697 -0.956295 -0.456674 0.967851 0.249768 0.029674 0.473978 0.00838064 -0.99871 -0.0500806 0.392424 -0.131903 0.0485407 -0.990073 -0.495668 0.991227 0.0149033 -0.131327 0.443571 
1530656015714 0.170891 -0.930727 0.323332 0.100949 0.342681 -0.251528 -0.905154 -0.431444 0.923778 0.265482 0.275959 0.466272 0.00785382 -0.998656 -0.0512397 0.392594 -0.13288 0.0497445 -0.989883 -0.495662 0.991101 0.0145831 -0.132311 0.443724 
1530656015842 0.105177 -0.934608 0.339774 0.000798954 0.56382 -0.225404 -0.794544 -0.406114 0.819173 0.275139 0.503243 0.457479 0.00732591 -0.998599 -0.052398 0.392764 -0.133856 0.0509485 -0.98969 -0.495655 0.990974 0.0142642 -0.133295 0.443876 
1530656015975 0.0375517 -0.939991 0.339128 -0.0988673 0.749606 -0.197921 -0.6316 -0.380838 0.660819 0.27793 0.69719 0.448308 0.00679711 -0.998542 -0.0535552 0.392933 -0.13483 0.0521522 -0.989495 -0.495648 0.990845 0.0139466 -0.134279 0.444028 
1530656016098 -0.0276035 -0.946543 0.321395 -0.198424 0.88813 -0.170779 -0.426685 -0.355479 0.458763 0.273662 0.845367 0.439676 0.0062667 -0.998482 -0.0547127 0.393103 -0.135805 0.0533571 -0.989298 -0.495641 0.990716 0.0136299 -0.135265 0.44418 
1530656016237 -0.086044 -0.953805 0.28784 -0.298194 0.970271 -0.145821 -0.193159 -0.330288 0.226209 0.262663 0.937997 0.431434 0.00573537 -0.998422 -0.0558691 0.393273 -0.136779 0.0545616 -0.989098 -0.495634 0.990585 0.0133145 -0.13625 0.444332 
1530656016371 -0.13405 -0.961322 0.240605 -0.397801 0.990734 -0.124658 0.0539133 -0.305172 -0.0218348 0.245603 0.969125 0.423302 0.00520282 -0.998359 -0.0570247 0.393443 -0.137751 0.0557663 -0.988896 -0.495627 0.990453 0.0130003 -0.137235 0.444484 
1530656016513 -0.168644 -0.968544 0.182981 -0.493617 0.948196 -0.108705 0.298509 -0.280449 -0.269228 0.223844 0.936702 0.413964 0.00467096 -0.998295 -0.0581795 0.393608 -0.13872 0.0569707 -0.988692 -0.495617 0.990321 0.0126888 -0.138217 0.444626 
1530656016662 -0.168644 -0.968544 0.182981 -0.493617 0.948196 -0.108705 0.298509 -0.280449 -0.269228 0.223844 0.936702 0.413964 0.00501561 -0.998336 -0.0574511 0.393488 -0.138098 0.0562098 -0.988822 -0.495663 0.990406 0.0128934 -0.137586 0.44449 
1530656016675 0.281149 -0.928256 0.243507 0.287968 -0.144271 -0.291741 -0.945554 -0.482006 0.948758 0.230711 -0.215943 0.480382 0.00472223 -0.998298 -0.0581228 0.39364 -0.137987 0.056917 -0.988797 -0.495679 0.990423 0.0126895 -0.137484 0.444519 
1530656016692 0.23071 -0.928522 0.290894 0.200743 0.100201 -0.274698 -0.956295 -0.456679 0.967849 0.249775 0.0296629 0.473997 0.00442816 -0.99826 -0.0587955 0.393793 -0.137877 0.057625 -0.988772 -0.495695 0.990439 0.012485 -0.137382 0.444547 
1530656016709 0.170896 -0.930726 0.323333 0.100934 0.342677 -0.251529 -0.905155 -0.43145 0.923779 0.265486 0.275952 0.466283 0.00413466 -0.998222 -0.0594678 0.393945 -0.137766 0.0583326 -0.988746 -0.495712 0.990456 0.0122808 -0.13728 0.444576 
1530656016717 0.105179 -0.934607 0.339776 0.000790412 0.563817 -0.225405 -0.794546 -0.406118 0.819175 0.275141 0.503239 0.457484 0.00384095 -0.998183 -0.0601402 0.394098 -0.137655 0.0590404 -0.988719 -0.495728 0.990473 0.0120762 -0.137178 0.444605 
1530656016828 0.0375524 -0.93999 0.339129 -0.0988721 0.749606 -0.197922 -0.6316 -0.380841 0.660819 0.277931 0.697189 0.44832 0.0035472 -0.998143 -0.0608127 0.39425 -0.137544 0.0597481 -0.988692 -0.495744 0.990489 0.0118715 -0.137077 0.444633 
1530656016926 -0.0276025 -0.946542 0.321399 -0.198431 0.88813 -0.17078 -0.426684 -0.355482 0.458763 0.273667 0.845366 0.439695 0.00325342 -0.998103 -0.0614851 0.394403 -0.137433 0.0604557 -0.988664 -0.49576 0.990506 0.0116666 -0.136975 0.444662 
1530656016990 -0.0860442 -0.953805 0.287842 -0.298193 0.970271 -0.145821 -0.193158 -0.330289 0.226209 0.262665 0.937996 0.431435 0.00295995 -0.998062 -0.0621574 0.394555 -0.137321 0.0611632 -0.988636 -0.495776 0.990522 0.0114618 -0.136874 0.444691 
1530656017044 -0.13405 -0.961322 0.240606 -0.397802 0.990734 -0.124658 0.0539137 -0.305174 -0.021835 0.245604 0.969124 0.423303 0.00266663 -0.998021 -0.0628297 0.394708 -0.13721 0.0618705 -0.988608 -0.495793 0.990538 0.0112571 -0.136773 0.444719 
1530656017108 -0.168646 -0.968543 0.182983 -0.493619 0.948195 -0.108706 0.298511 -0.280453 -0.269229 0.223847 0.936701 0.413955 0.00237407 -0.997979 -0.0635019 0.394856 -0.137098 0.0625776 -0.988579 -0.495808 0.990555 0.0110529 -0.136672 0.444747 
1530656017165 -0.168646 -0.968543 0.182983 -0.493619 0.948195 -0.108706 0.298511 -0.280453 -0.269229 0.223847 0.936701 0.413955 0.00284358 -0.998044 -0.0624554 0.394644 -0.137242 0.0614752 -0.988628 -0.495759 0.990534 0.0113827 -0.136798 0.4447 
1530656017179 0.281149 -0.928255 0.243511 0.287981 -0.144266 -0.291744 -0.945554 -0.481978 0.948759 0.230711 -0.215939 0.480357 0.00194988 -0.997919 -0.0644445 0.39502 -0.140833 0.0635283 -0.987993 -0.495791 0.990031 0.0110024 -0.140416 0.445306 
1530656017403 0.230718 -0.92852 0.290894 0.200726 0.100195 -0.2747 -0.956295 -0.456683 0.967848 0.24978 0.0296546 0.474011 0.00104927 -0.997791 -0.0664294 0.395396 -0.14442 0.0655818 -0.987341 -0.495823 0.989516 0.0106297 -0.144032 0.445912 
1530656017627 0.1709 -0.930724 0.323334 0.100923 0.342673 -0.25153 -0.905156 -0.431455 0.923779 0.265489 0.275948 0.466291 0.000141362 -0.997657 -0.0684113 0.395772 -0.148004 0.067637 -0.986671 -0.495855 0.988987 0.0102646 -0.147647 0.446518 
1530656017851 0.105181 -0.934606 0.339777 0.000784149 0.563815 -0.225406 -0.794547 -0.406122 0.819176 0.275143 0.503236 0.457487 -0.000773692 -0.997519 -0.0703893 0.396148 -0.151583 0.0696929 -0.985985 -0.495886 0.988444 0.00990698 -0.151261 0.447124 
1530656018067 0.0375529 -0.93999 0.33913 -0.0988756 0.749606 -0.197922 -0.6316 -0.380843 0.660819 0.277932 0.697189 0.448329 -0.00169591 -0.997377 -0.0723636 0.396524 -0.155159 0.0717498 -0.985281 -0.495918 0.987888 0.0095569 -0.154873 0.447731 
1530656018280 -0.0276017 -0.946541 0.321402 -0.198437 0.88813 -0.170781 -0.426683 -0.355485 0.458762 0.27367 0.845365 0.439709 -0.00262549 -0.99723 -0.0743341 0.396899 -0.15873 0.0738075 -0.984559 -0.49595 0.987319 0.00921408 -0.158484 0.448337 
1530656018505 -0.0860442 -0.953804 0.287843 -0.298193 0.970271 -0.145822 -0.193158 -0.33029 0.226208 0.262666 0.937996 0.431435 -0.00356214 -0.997078 -0.0763009 0.397275 -0.162297 0.0758662 -0.983821 -0.495982 0.986735 0.00887891 -0.162093 0.448943 
1530656018720 -0.134051 -0.961321 0.240607 -0.397802 0.990734 -0.124658 0.053914 -0.305175 -0.0218351 0.245604 0.969124 0.423304 -0.00450611 -0.996922 -0.0782642 0.39765 -0.16586 0.077926 -0.983066 -0.496012 0.986139 0.00855112 -0.165701 0.449547 
1530656018732 -0.168648 -0.968542 0.182985 -0.49362 0.948195 -0.108707 0.298513 -0.280456 -0.26923 0.223849 0.9367 0.413949 -0.00545384 -0.996762 -0.0802212 0.398015 -0.169407 0.0799838 -0.982295 -0.496022 0.985531 0.00823277 -0.169295 0.450115 
1530656019032 -0.168648 -0.968542 0.182985 -0.49362 0.948195 -0.108707 0.298513 -0.280456 -0.26923 0.223849 0.9367 0.413949 -0.0052773 -0.996807 -0.0796794 0.397899 -0.1683 0.0794293 -0.98253 -0.495991 0.985722 0.00822496 -0.168182 0.44985 
1530656019047 0.281148 -0.928255 0.243513 0.28799 -0.144262 -0.291746 -0.945554 -0.481959 0.948759 0.230711 -0.215936 0.480339 -0.00628598 -0.996652 -0.0815185 0.398164 -0.167819 0.0814154 -0.98245 -0.495986 0.985798 0.00750467 -0.167769 0.449847 
1530656019178 0.230723 -0.928519 0.290894 0.200715 0.10019 -0.274701 -0.956296 -0.456685 0.967848 0.249784 0.0296487 0.474021 -0.00729479 -0.996493 -0.0833589 0.398429 -0.167334 0.0834021 -0.982366 -0.49598 0.985873 0.00678261 -0.167355 0.449844 
1530656019318 0.170903 -0.930724 0.323335 0.100916 0.34267 -0.251531 -0.905157 -0.431458 0.92378 0.265491 0.275944 0.466296 -0.00830223 -0.996329 -0.0851989 0.398694 -0.166847 0.0853877 -0.982278 -0.495975 0.985948 0.00606009 -0.166944 0.449842 
1530656019476 0.105183 -0.934606 0.339778 0.000779647 0.563813 -0.225407 -0.794548 -0.406124 0.819177 0.275144 0.503234 0.45749 -0.00930859 -0.996161 -0.0870389 0.398959 -0.166358 0.0873724 -0.982187 -0.49597 0.986021 0.00533688 -0.166533 0.449839 
1530656019625 0.0375533 -0.939989 0.339131 -0.0988782 0.749606 -0.197922 -0.6316 -0.380844 0.660819 0.277933 0.697189 0.448335 -0.0103141 -0.995989 -0.0888792 0.399224 -0.165867 0.0893567 -0.982091 -0.495965 0.986094 0.00461276 -0.166124 0.449836 
1530656019776 -0.0276012 -0.94654 0.321404 -0.198441 0.88813 -0.170781 -0.426683 -0.355486 0.458762 0.273672 0.845365 0.439719 -0.0113183 -0.995812 -0.0907191 0.399489 -0.165375 0.0913397 -0.981992 -0.495959 0.986166 0.00388813 -0.165716 0.449833 
1530656019927 -0.0860443 -0.953804 0.287844 -0.298193 0.970271 -0.145822 -0.193157 -0.33029 0.226208 0.262667 0.937996 0.431436 -0.0123222 -0.995631 -0.0925599 0.399754 -0.16488 0.0933229 -0.981889 -0.495954 0.986237 0.00316216 -0.165309 0.44983 
1530656020079 -0.134051 -0.961321 0.240607 -0.397802 0.990734 -0.124658 0.0539143 -0.305175 -0.0218352 0.245605 0.969124 0.423305 -0.0133248 -0.995445 -0.0944003 0.400019 -0.164383 0.0953049 -0.981782 -0.495949 0.986307 0.00243569 -0.164904 0.449828 
1530656020232 -0.168649 -0.968542 0.182986 -0.49362 0.948194 -0.108708 0.298514 -0.280457 -0.269231 0.22385 0.936699 0.413945 -0.0143234 -0.995255 -0.0962391 0.400275 -0.163885 0.0972841 -0.981671 -0.495949 0.986375 0.00171129 -0.164501 0.449825 
1530656020387 -0.168649 -0.968542 0.182986 -0.49362 0.948194 -0.108708 0.298514 -0.280457 -0.269231 0.22385 0.936699 0.413945 -0.013741 -0.995366 -0.095174 0.400123 -0.164146 0.0961371 -0.98174 -0.495939 0.98634 0.00213239 -0.164706 0.449837 
1530656020401 0.281148 -0.928254 0.243515 0.287996 -0.14426 -0.291747 -0.945554 -0.481944 0.94876 0.230711 -0.215934 0.480326 -0.0147172 -0.995437 -0.094278 0.400368 -0.162843 0.0954156 -0.982027 -0.495847 0.986542 0.000899824 -0.163505 0.449755 
1530656020558 0.230727 -0.928518 0.290894 0.200707 0.100187 -0.274702 -0.956296 -0.456687 0.967847 0.249787 0.0296444 0.474028 -0.0156955 -0.995507 -0.0933828 0.400613 -0.161542 0.0946921 -0.982312 -0.495754 0.986741 -0.000332656 -0.162302 0.449673 
1530656020734 0.170905 -0.930723 0.323335 0.10091 0.342669 -0.251531 -0.905158 -0.43146 0.92378 0.265493 0.275942 0.466301 -0.0166753 -0.995574 -0.0924885 0.400858 -0.160241 0.0939667 -0.982595 -0.495662 0.986937 -0.00156464 -0.161098 0.449591 
1530656020914 0.105184 -0.934605 0.339779 0.000776423 0.563812 -0.225407 -0.794549 -0.406126 0.819178 0.275145 0.503232 0.457491 -0.0176561 -0.99564 -0.0915955 0.401103 -0.15894 0.0932397 -0.982876 -0.495569 0.98713 -0.00279556 -0.159893 0.449509 
1530656021086 0.0375536 -0.939989 0.339132 -0.09888 0.749606 -0.197923 -0.6316 -0.380845 0.660818 0.277934 0.697188 0.44834 -0.018638 -0.995704 -0.0907035 0.401348 -0.157639 0.0925111 -0.983154 -0.495477 0.987321 -0.00402561 -0.158686 0.449427 
1530656021263 -0.0276008 -0.946539 0.321405 -0.198444 0.888131 -0.170781 -0.426682 -0.355487 0.458762 0.273673 0.845364 0.439726 -0.0196209 -0.995765 -0.0898129 0.401593 -0.15634 0.0917809 -0.98343 -0.495384 0.987508 -0.00525442 -0.157479 0.449345 
1530656021438 -0.0860443 -0.953804 0.287844 -0.298192 0.970271 -0.145822 -0.193157 -0.330291 0.226208 0.262667 0.937996 0.431436 -0.0206051 -0.995825 -0.0889232 0.401838 -0.155041 0.0910488 -0.983703 -0.495292 0.987693 -0.00648255 -0.15627 0.449263 
1530656021616 -0.134051 -0.961321 0.240608 -0.397802 0.990734 -0.124659 0.0539144 -0.305176 -0.0218353 0.245605 0.969124 0.423306 -0.0215901 -0.995883 -0.0880345 0.402083 -0.153742 0.0903149 -0.983975 -0.4952 0.987875 -0.00770955 -0.155059 0.449182 
1530656021793 -0.16865 -0.968542 0.182987 -0.493621 0.948194 -0.108708 0.298515 -0.280459 -0.269232 0.223852 0.936699 0.413942 -0.0225732 -0.99594 -0.0871486 0.402319 -0.152447 0.0895804 -0.984243 -0.495119 0.988054 -0.00893198 -0.153851 0.449112 
1530656021967 -0.16865 -0.968542 0.182987 -0.493621 0.948194 -0.108708 0.298515 -0.280459 -0.269232 0.223852 0.936699 0.413942 -0.022226 -0.995919 -0.0874756 0.402186 -0.153101 0.0898557 -0.984117 -0.49519 0.987961 -0.00848038 -0.154473 0.449142 
1530656021981 0.281148 -0.928254 0.243517 0.288001 -0.144258 -0.291748 -0.945554 -0.481934 0.94876 0.230711 -0.215932 0.480317 -0.0226582 -0.995634 -0.0905565 0.402493 -0.154303 0.0929771 -0.983639 -0.495297 0.987764 -0.00831439 -0.155736 0.449348 
