1532542462962 0.275657 0.633204 -0.723233 -0.604483 -0.8825 0.464965 0.0707247 -0.181741 0.381061 0.618757 0.686973 0.426588 0.16008 -0.304787 0.938871 0.370831 -0.775623 0.549475 0.310623 -0.528794 -0.61056 -0.777934 -0.14844 0.432481 
1532542462972 -0.142872 0.839549 -0.524162 -0.593915 -0.982764 -0.0575656 0.175672 -0.25148 0.117312 0.540226 0.833303 0.409279 0.273652 -0.367905 0.888685 0.397799 -0.948833 -0.25463 0.18676 -0.50197 0.157576 -0.894321 -0.41876 0.482708 
1532542462982 -0.100057 0.832205 -0.545365 -0.593941 -0.987958 -0.0180862 0.153661 -0.254561 0.118014 0.554173 0.823994 0.407112 0.231167 -0.349452 0.90799 0.395049 -0.964579 -0.204217 0.166978 -0.495897 0.127076 -0.914428 -0.384283 0.479748 
1532542462992 -0.0561518 0.822437 -0.566078 -0.592533 -0.99128 0.0217742 0.129964 -0.254483 0.119213 0.56844 0.814042 0.4069 0.189168 -0.327775 0.925624 0.392127 -0.977432 -0.153127 0.145532 -0.491524 0.0940362 -0.932264 -0.349344 0.476683 
1532542463002 -0.0121538 0.810571 -0.585514 -0.590964 -0.992558 0.0611751 0.105292 -0.254292 0.121166 0.582436 0.803795 0.406777 0.147794 -0.303562 0.94128 0.389238 -0.987243 -0.102276 0.122027 -0.48725 0.0592271 -0.947307 -0.314805 0.473624 
1532542463012 0.0318166 0.796649 -0.603604 -0.589382 -0.991787 0.100014 0.0797219 -0.254095 0.123879 0.59611 0.793288 0.406658 0.107202 -0.276916 0.954895 0.386353 -0.993976 -0.0518781 0.0965446 -0.482982 0.0228034 -0.959493 -0.280809 0.470566 
1532542463022 0.0756509 0.780705 -0.620304 -0.587801 -0.988969 0.138194 0.0533165 -0.253896 0.127347 0.609428 0.782548 0.406539 0.067562 -0.247949 0.966414 0.383468 -0.997601 -0.00214665 0.0691915 -0.478716 -0.0150814 -0.968771 -0.247499 0.467508 
1532542463032 0.119241 0.762778 -0.635571 -0.58622 -0.98411 0.175622 0.0261412 -0.253697 0.13156 0.622355 0.7716 0.406419 0.0290416 -0.216783 0.975788 0.380583 -0.998104 0.0467097 0.0400829 -0.474452 -0.0542681 -0.975102 -0.215015 0.46445 
1532542463042 0.162478 0.742914 -0.649368 -0.58465 -0.977223 0.212206 -0.00173578 -0.253503 0.13651 0.63486 0.760472 0.406292 -0.00819021 -0.183555 0.982975 0.37771 -0.995482 0.0944875 0.0093496 -0.470226 -0.0945951 -0.978458 -0.183499 0.461403 
1532542463052 0.205171 0.721214 -0.661631 -0.583191 -0.968338 0.247817 -0.0301454 -0.253515 0.142222 0.646867 0.749223 0.406013 -0.0437861 -0.148646 0.987921 0.374931 -0.98975 0.141 -0.0226519 -0.466641 -0.13593 -0.978787 -0.153296 0.458644 
1532542463092 0.205171 0.721214 -0.661631 -0.583191 -0.968338 0.247817 -0.0301454 -0.253515 0.142222 0.646867 0.749223 0.406013 -0.0437861 -0.148646 0.987921 0.374931 -0.98975 0.141 -0.0226519 -0.466641 -0.13593 -0.978787 -0.153296 0.458644 
1532542463102 0.247388 0.697623 -0.672399 -0.581607 -0.957452 0.28245 -0.0592185 -0.253306 0.148607 0.65844 0.737816 0.405894 -0.0780028 -0.111694 0.990677 0.37199 -0.980933 0.186024 -0.0562623 -0.462355 -0.178006 -0.976176 -0.124075 0.455562 
1532542463112 0.247474 0.697565 -0.672428 -0.581482 -0.957436 0.282483 -0.0593236 -0.253095 0.148567 0.658488 0.737781 0.406057 -0.0782093 -0.111448 0.990688 0.371921 -0.980923 0.186002 -0.056514 -0.461685 -0.177972 -0.976208 -0.123869 0.455292 
1532542463122 0.247475 0.697564 -0.672429 -0.581472 -0.957436 0.282482 -0.0593253 -0.253086 0.148566 0.65849 0.73778 0.406064 -0.0782174 -0.11144 0.990688 0.371912 -0.980923 0.186 -0.0565237 -0.461646 -0.177969 -0.97621 -0.123862 0.455283 
1532542463132 0.247476 0.697563 -0.67243 -0.581471 -0.957436 0.282483 -0.0593251 -0.253086 0.148567 0.65849 0.73778 0.406064 -0.0782178 -0.11144 0.990688 0.371911 -0.980922 0.186001 -0.056524 -0.461644 -0.17797 -0.976209 -0.123863 0.455282 
1532542463142 0.247475 0.697563 -0.67243 -0.581471 -0.957436 0.282483 -0.0593251 -0.253085 0.148567 0.65849 0.73778 0.406065 -0.0782179 -0.11144 0.990688 0.37191 -0.980922 0.186001 -0.0565241 -0.461644 -0.17797 -0.976209 -0.123862 0.455282 
1532542463152 0.247475 0.697563 -0.67243 -0.581472 -0.957436 0.282484 -0.0593249 -0.253085 0.148568 0.65849 0.73778 0.406065 -0.078218 -0.111439 0.990688 0.37191 -0.980922 0.186002 -0.0565243 -0.461644 -0.177971 -0.976209 -0.123862 0.455282 
1532542463162 0.247476 0.697563 -0.67243 -0.581472 -0.957436 0.282484 -0.0593248 -0.253085 0.148568 0.65849 0.737779 0.406065 -0.0782182 -0.111439 0.990688 0.37191 -0.980922 0.186002 -0.0565244 -0.461644 -0.177971 -0.976209 -0.123862 0.455282 
1532542463172 0.247476 0.697562 -0.67243 -0.581472 -0.957436 0.282484 -0.0593247 -0.253085 0.148568 0.65849 0.737779 0.406065 -0.0782181 -0.111439 0.990688 0.37191 -0.980922 0.186003 -0.0565242 -0.461645 -0.177972 -0.976209 -0.123862 0.455282 
1532542463182 0.247476 0.697562 -0.67243 -0.581473 -0.957436 0.282485 -0.0593246 -0.253086 0.148569 0.65849 0.737779 0.406065 -0.078217 -0.111441 0.990688 0.371912 -0.980922 0.186004 -0.0565226 -0.461653 -0.177973 -0.976209 -0.123863 0.455288 
1532542463199 0.247476 0.697562 -0.67243 -0.581473 -0.957436 0.282485 -0.0593246 -0.253086 0.148569 0.65849 0.737779 0.406065 -0.078217 -0.111441 0.990688 0.371912 -0.980922 0.186004 -0.0565226 -0.461653 -0.177973 -0.976209 -0.123863 0.455288 
1532542463212 0.247476 0.697562 -0.67243 -0.581472 -0.957436 0.282485 -0.0593246 -0.253085 0.148569 0.65849 0.737779 0.406065 -0.0782186 -0.111438 0.990688 0.37191 -0.980922 0.186003 -0.0565247 -0.461645 -0.177972 -0.976209 -0.123861 0.455282 
1532542463222 0.247476 0.697562 -0.67243 -0.581472 -0.957436 0.282485 -0.0593246 -0.253085 0.148569 0.65849 0.737779 0.406065 -0.0782187 -0.111438 0.990688 0.37191 -0.980922 0.186003 -0.0565249 -0.461644 -0.177972 -0.976209 -0.123861 0.455282 
1532542463232 0.247476 0.697562 -0.67243 -0.581472 -0.957436 0.282485 -0.0593246 -0.253085 0.148569 0.65849 0.737779 0.406065 -0.0782187 -0.111438 0.990688 0.37191 -0.980922 0.186003 -0.0565249 -0.461644 -0.177972 -0.976209 -0.123861 0.455282 
1532542463242 0.247476 0.697562 -0.67243 -0.581472 -0.957436 0.282485 -0.0593246 -0.253085 0.148569 0.65849 0.737779 0.406065 -0.0782187 -0.111438 0.990688 0.37191 -0.980922 0.186003 -0.0565249 -0.461644 -0.177972 -0.976209 -0.123861 0.455282 
1532542463252 0.247476 0.697562 -0.67243 -0.581472 -0.957436 0.282485 -0.0593246 -0.253085 0.148569 0.65849 0.737779 0.406065 -0.0782187 -0.111438 0.990688 0.37191 -0.980922 0.186003 -0.0565249 -0.461644 -0.177972 -0.976209 -0.123861 0.455282 
1532542463262 0.247476 0.697562 -0.67243 -0.581472 -0.957436 0.282485 -0.0593246 -0.253085 0.148569 0.65849 0.737779 0.406065 -0.0782187 -0.111438 0.990688 0.37191 -0.980922 0.186003 -0.0565249 -0.461644 -0.177972 -0.976209 -0.123861 0.455282 
1532542463272 0.247476 0.697562 -0.67243 -0.581472 -0.957436 0.282485 -0.0593246 -0.253085 0.148569 0.65849 0.737779 0.406065 -0.0782187 -0.111438 0.990688 0.37191 -0.980922 0.186003 -0.0565249 -0.461644 -0.177972 -0.976209 -0.123861 0.455282 
1532542463282 0.247476 0.697562 -0.67243 -0.581472 -0.957436 0.282485 -0.0593246 -0.253085 0.148569 0.65849 0.737779 0.406065 -0.0782187 -0.111438 0.990688 0.37191 -0.980922 0.186003 -0.0565249 -0.461644 -0.177972 -0.976209 -0.123861 0.455282 
1532542463292 0.247475 0.697562 -0.672431 -0.581472 -0.957436 0.282484 -0.0593243 -0.253085 0.148569 0.658491 0.737779 0.406065 -0.0782187 -0.111438 0.990688 0.37191 -0.980922 0.186003 -0.0565249 -0.461644 -0.177972 -0.976209 -0.123861 0.455282 
1532542463312 0.247475 0.697562 -0.672431 -0.581472 -0.957436 0.282484 -0.0593243 -0.253085 0.148569 0.658491 0.737779 0.406065 -0.0782187 -0.111438 0.990688 0.37191 -0.980922 0.186003 -0.0565249 -0.461644 -0.177972 -0.976209 -0.123861 0.455282 
1532542463322 0.247789 0.697606 -0.672269 -0.581633 -0.957344 0.282771 -0.0594352 -0.253068 0.148636 0.658321 0.737917 0.405964 -0.0786718 -0.111553 0.99064 0.371941 -0.980735 0.186892 -0.0568399 -0.461568 -0.178802 -0.976026 -0.124107 0.455301 
1532542463332 0.248103 0.69765 -0.672108 -0.581794 -0.957252 0.283059 -0.0595462 -0.253051 0.148704 0.65815 0.738055 0.405863 -0.0791247 -0.111668 0.990591 0.371971 -0.980547 0.187781 -0.0571541 -0.461493 -0.179632 -0.975842 -0.124354 0.45532 
1532542463342 0.248417 0.697694 -0.671946 -0.581955 -0.95716 0.283346 -0.059657 -0.253034 0.148771 0.65798 0.738194 0.405761 -0.0795776 -0.111783 0.990541 0.372002 -0.980358 0.18867 -0.057468 -0.461417 -0.180462 -0.975658 -0.124601 0.455339 
1532542463352 0.248732 0.697739 -0.671783 -0.582117 -0.957068 0.283634 -0.0597677 -0.253017 0.148838 0.657809 0.738332 0.40566 -0.0800306 -0.111897 0.990492 0.372032 -0.980168 0.189559 -0.0577817 -0.461341 -0.181291 -0.975472 -0.124848 0.455358 
1532542463362 0.249046 0.697783 -0.671621 -0.582278 -0.956976 0.283922 -0.0598784 -0.253 0.148906 0.657638 0.738471 0.405559 -0.0804836 -0.11201 0.990442 0.372063 -0.979977 0.190448 -0.0580952 -0.461266 -0.18212 -0.975286 -0.125096 0.455377 
1532542463372 0.24936 0.697826 -0.671459 -0.582439 -0.956884 0.284209 -0.059989 -0.252983 0.148973 0.657467 0.738609 0.405458 -0.0809368 -0.112124 0.990393 0.372094 -0.979785 0.191336 -0.0584085 -0.46119 -0.182949 -0.975099 -0.125343 0.455396 
1532542463382 0.249675 0.69787 -0.671297 -0.5826 -0.956791 0.284497 -0.0600996 -0.252966 0.14904 0.657297 0.738748 0.405357 -0.08139 -0.112237 0.990343 0.372124 -0.979592 0.192225 -0.0587215 -0.461115 -0.183778 -0.974912 -0.125591 0.455415 
1532542463392 0.249989 0.697914 -0.671135 -0.582761 -0.956699 0.284784 -0.0602102 -0.252949 0.149107 0.657126 0.738886 0.405256 -0.081843 -0.11235 0.990293 0.372155 -0.979399 0.193114 -0.0590337 -0.461039 -0.184607 -0.974723 -0.12584 0.455435 
1532542463402 0.250302 0.697956 -0.670974 -0.582912 -0.956606 0.285071 -0.0603203 -0.25293 0.149174 0.656956 0.739023 0.40516 -0.0822948 -0.112461 0.990242 0.372184 -0.979205 0.194001 -0.0593448 -0.460968 -0.185434 -0.974534 -0.126088 0.45545 
1532542463418 0.250302 0.697956 -0.670974 -0.582912 -0.956606 0.285071 -0.0603203 -0.25293 0.149174 0.656956 0.739023 0.40516 -0.0822948 -0.112461 0.990242 0.372184 -0.979205 0.194001 -0.0593448 -0.460968 -0.185434 -0.974534 -0.126088 0.45545 
1532542463432 0.251154 0.697984 -0.670627 -0.583267 -0.956423 0.285542 -0.0609967 -0.252877 0.148918 0.656723 0.739283 0.40502 -0.0828308 -0.112715 0.990169 0.372352 -0.978975 0.195053 -0.0596907 -0.46089 -0.186407 -0.974295 -0.126502 0.455505 
1532542463442 0.251692 0.697968 -0.670441 -0.58347 -0.956332 0.285725 -0.0615626 -0.252843 0.148593 0.656659 0.739404 0.404976 -0.0829151 -0.112858 0.990146 0.37249 -0.97894 0.195216 -0.0597259 -0.460882 -0.186552 -0.974245 -0.126667 0.455545 
1532542463452 0.252229 0.697952 -0.670256 -0.583664 -0.956241 0.285908 -0.0621283 -0.252807 0.148269 0.656597 0.739525 0.404937 -0.0829979 -0.112999 0.990122 0.372628 -0.978905 0.195379 -0.0597597 -0.460879 -0.186696 -0.974196 -0.126832 0.455581 
1532542463462 0.252768 0.697936 -0.67007 -0.583857 -0.956149 0.286092 -0.0626946 -0.252771 0.147945 0.656534 0.739645 0.404898 -0.0830807 -0.113141 0.990099 0.372765 -0.978871 0.195542 -0.0597934 -0.460876 -0.186841 -0.974147 -0.126996 0.455617 
1532542463472 0.253305 0.697919 -0.669885 -0.584051 -0.956057 0.286275 -0.0632604 -0.252735 0.147621 0.656472 0.739765 0.404859 -0.0831634 -0.113283 0.990076 0.372902 -0.978836 0.195705 -0.059827 -0.460873 -0.186985 -0.974098 -0.127161 0.455653 
1532542463482 0.253842 0.697903 -0.669698 -0.584244 -0.955964 0.286458 -0.0638261 -0.252699 0.147296 0.65641 0.739885 0.40482 -0.0832458 -0.113426 0.990053 0.373039 -0.978801 0.195868 -0.05986 -0.46087 -0.18713 -0.974048 -0.127326 0.455689 
1532542463492 0.254379 0.697886 -0.669512 -0.584437 -0.955872 0.286641 -0.0643917 -0.252663 0.146972 0.656347 0.740005 0.404781 -0.0833285 -0.113568 0.99003 0.373176 -0.978767 0.196031 -0.0598935 -0.460867 -0.187275 -0.973999 -0.127491 0.455725 
1532542463502 0.254916 0.697869 -0.669325 -0.58463 -0.955778 0.286825 -0.0649574 -0.252627 0.146647 0.656285 0.740124 0.404743 -0.0834113 -0.113709 0.990006 0.373313 -0.978732 0.196194 -0.0599271 -0.460864 -0.187419 -0.97395 -0.127656 0.455761 
1532542463512 0.255452 0.697852 -0.669139 -0.584813 -0.955685 0.287007 -0.0655209 -0.252591 0.146324 0.656224 0.740243 0.404707 -0.0834938 -0.11385 0.989983 0.373446 -0.978697 0.196357 -0.0599605 -0.460858 -0.187564 -0.9739 -0.127819 0.455795 
1532542463529 0.255452 0.697852 -0.669139 -0.584813 -0.955685 0.287007 -0.0655209 -0.252591 0.146324 0.656224 0.740243 0.404707 -0.0834938 -0.11385 0.989983 0.373446 -0.978697 0.196357 -0.0599605 -0.460858 -0.187564 -0.9739 -0.127819 0.455795 
1532542463542 0.256456 0.697828 -0.66878 -0.585156 -0.9555 0.287391 -0.06653 -0.252519 0.145775 0.656081 0.740478 0.40464 -0.0839159 -0.113864 0.989946 0.373724 -0.978533 0.19708 -0.0602803 -0.460822 -0.188234 -0.973753 -0.127957 0.455824 
1532542463552 0.256924 0.697822 -0.668607 -0.585316 -0.955409 0.287591 -0.066975 -0.252483 0.145548 0.656 0.740594 0.404608 -0.0842556 -0.113736 0.989932 0.373868 -0.978402 0.197639 -0.060567 -0.46079 -0.188761 -0.973654 -0.127932 0.455818 
1532542463562 0.25739 0.697815 -0.668434 -0.585466 -0.955317 0.287791 -0.0674183 -0.252447 0.145324 0.655919 0.74071 0.40458 -0.0845949 -0.113607 0.989918 0.374009 -0.978271 0.198199 -0.0608535 -0.460757 -0.189287 -0.973556 -0.127905 0.455811 
1532542463572 0.257858 0.697808 -0.668261 -0.585615 -0.955225 0.287992 -0.0678622 -0.252411 0.145099 0.655838 0.740825 0.404551 -0.0849341 -0.113478 0.989904 0.374149 -0.97814 0.198758 -0.0611401 -0.460723 -0.189813 -0.973457 -0.127878 0.455804 
1532542463582 0.258325 0.697802 -0.668088 -0.585764 -0.955133 0.288192 -0.0683056 -0.252374 0.144874 0.655758 0.740941 0.404523 -0.0852732 -0.113348 0.989889 0.374289 -0.978008 0.199317 -0.0614267 -0.460689 -0.190339 -0.973358 -0.127852 0.455796 
1532542463592 0.258792 0.697795 -0.667914 -0.585914 -0.955041 0.288392 -0.0687489 -0.252338 0.144649 0.655677 0.741056 0.404495 -0.0856123 -0.113219 0.989875 0.374429 -0.977876 0.199876 -0.0617133 -0.460655 -0.190865 -0.973258 -0.127826 0.455789 
1532542463602 0.259258 0.697787 -0.667741 -0.586063 -0.954949 0.288592 -0.0691921 -0.252302 0.144423 0.655597 0.741171 0.404466 -0.0859512 -0.113089 0.98986 0.374569 -0.977743 0.200435 -0.0619999 -0.460621 -0.191391 -0.973158 -0.1278 0.455782 
1532542463612 0.259725 0.69778 -0.667567 -0.586212 -0.954856 0.288792 -0.0696353 -0.252266 0.144198 0.655517 0.741286 0.404438 -0.08629 -0.112959 0.989846 0.374709 -0.97761 0.200994 -0.0622864 -0.460588 -0.191917 -0.973058 -0.127774 0.455775 
1532542463622 0.26019 0.697772 -0.667394 -0.586353 -0.954763 0.288992 -0.0700769 -0.25223 0.143974 0.655437 0.7414 0.404412 -0.0866272 -0.11283 0.989831 0.374845 -0.977477 0.201552 -0.0625713 -0.460556 -0.192443 -0.972957 -0.127748 0.455768 
1532542463639 0.26019 0.697772 -0.667394 -0.586353 -0.954763 0.288992 -0.0700769 -0.25223 0.143974 0.655437 0.7414 0.404412 -0.0866272 -0.11283 0.989831 0.374845 -0.977477 0.201552 -0.0625713 -0.460556 -0.192443 -0.972957 -0.127748 0.455768 
1532542463652 0.261057 0.697703 -0.667127 -0.586659 -0.954582 0.289393 -0.0708863 -0.252161 0.143604 0.655333 0.741563 0.40437 -0.0872867 -0.112859 0.98977 0.375136 -0.97733 0.202085 -0.0631468 -0.460481 -0.19289 -0.972844 -0.12794 0.455779 
1532542463662 0.261459 0.697642 -0.667034 -0.586823 -0.954494 0.289594 -0.0712539 -0.252127 0.143459 0.65531 0.741612 0.404353 -0.0876091 -0.113019 0.989723 0.375291 -0.977317 0.202058 -0.0634374 -0.460438 -0.192812 -0.972831 -0.128157 0.455797 
1532542463672 0.26186 0.69758 -0.666942 -0.58698 -0.954406 0.289794 -0.0716201 -0.252094 0.143315 0.655287 0.74166 0.404339 -0.0879298 -0.113179 0.989676 0.375442 -0.977303 0.202032 -0.0637263 -0.460397 -0.192734 -0.972817 -0.128374 0.455816 
1532542463685 0.262261 0.697518 -0.666849 -0.587137 -0.954317 0.289994 -0.0719863 -0.252061 0.14317 0.655264 0.741708 0.404325 -0.0882504 -0.113339 0.989629 0.375593 -0.97729 0.202006 -0.0640151 -0.460356 -0.192655 -0.972804 -0.128592 0.455834 
1532542463695 0.262663 0.697456 -0.666756 -0.587293 -0.954228 0.290195 -0.0723532 -0.252028 0.143026 0.655242 0.741756 0.404312 -0.088571 -0.113499 0.989582 0.375743 -0.977277 0.201979 -0.0643039 -0.460315 -0.192577 -0.972791 -0.128809 0.455853 
1532542463705 0.263064 0.697394 -0.666662 -0.58745 -0.95414 0.290396 -0.0727194 -0.251995 0.142882 0.655219 0.741804 0.404298 -0.0888916 -0.113659 0.989535 0.375894 -0.977263 0.201953 -0.0645927 -0.460273 -0.192498 -0.972778 -0.129026 0.455871 
1532542463715 0.263465 0.697332 -0.666569 -0.587606 -0.954051 0.290596 -0.0730856 -0.251962 0.142737 0.655196 0.741852 0.404284 -0.0892121 -0.113819 0.989488 0.376045 -0.977249 0.201927 -0.0648814 -0.460232 -0.192419 -0.972765 -0.129243 0.45589 
1532542463725 0.263865 0.69727 -0.666476 -0.587762 -0.953961 0.290796 -0.0734519 -0.251928 0.142593 0.655174 0.7419 0.40427 -0.0895324 -0.113979 0.989441 0.376195 -0.977235 0.201901 -0.06517 -0.460191 -0.192341 -0.972751 -0.129461 0.455908 
1532542463735 0.264265 0.697207 -0.666383 -0.587911 -0.953872 0.290996 -0.0738167 -0.251895 0.142449 0.655151 0.741947 0.404258 -0.0898517 -0.114138 0.989393 0.376341 -0.977222 0.201874 -0.0654577 -0.460153 -0.192262 -0.972738 -0.129677 0.455926 
1532542463762 0.264265 0.697207 -0.666383 -0.587911 -0.953872 0.290996 -0.0738167 -0.251895 0.142449 0.655151 0.741947 0.404258 -0.0898517 -0.114138 0.989393 0.376341 -0.977222 0.201874 -0.0654577 -0.460153 -0.192262 -0.972738 -0.129677 0.455926 
1532542463775 0.265062 0.697131 -0.666146 -0.588208 -0.953698 0.291382 -0.0745455 -0.251829 0.142135 0.655061 0.742087 0.404204 -0.09047 -0.114373 0.98931 0.376651 -0.977152 0.202033 -0.0660014 -0.46007 -0.192325 -0.972677 -0.130038 0.455961 
1532542463785 0.26546 0.697117 -0.666002 -0.588356 -0.953613 0.291567 -0.0749092 -0.251796 0.141964 0.654993 0.742179 0.404162 -0.0907694 -0.114447 0.989274 0.376816 -0.977097 0.202218 -0.0662578 -0.460026 -0.192466 -0.97263 -0.130181 0.455977 
1532542463795 0.265857 0.697103 -0.665858 -0.588496 -0.953528 0.291752 -0.0752717 -0.251763 0.141794 0.654926 0.742271 0.404121 -0.0910671 -0.114522 0.989238 0.376976 -0.977041 0.202403 -0.0665125 -0.459985 -0.192608 -0.972583 -0.130325 0.455993 
1532542463805 0.266253 0.697089 -0.665715 -0.588637 -0.953442 0.291937 -0.0756342 -0.25173 0.141623 0.654858 0.742363 0.404081 -0.0913648 -0.114596 0.989202 0.377135 -0.976985 0.202588 -0.0667671 -0.459943 -0.192749 -0.972536 -0.130468 0.456009 
1532542463815 0.266651 0.697075 -0.665571 -0.588777 -0.953356 0.292123 -0.0759972 -0.251696 0.141453 0.654791 0.742455 0.404041 -0.0916624 -0.11467 0.989166 0.377295 -0.976929 0.202773 -0.0670217 -0.459902 -0.192891 -0.972488 -0.130612 0.456025 
1532542463825 0.267048 0.69706 -0.665427 -0.588917 -0.953271 0.292309 -0.0763597 -0.251663 0.141283 0.654723 0.742547 0.404 -0.0919601 -0.114745 0.989129 0.377455 -0.976873 0.202958 -0.0672763 -0.45986 -0.193033 -0.972441 -0.130755 0.45604 
1532542463835 0.267444 0.697046 -0.665283 -0.589057 -0.953185 0.292494 -0.0767221 -0.25163 0.141112 0.654656 0.742639 0.40396 -0.0922577 -0.114819 0.989093 0.377614 -0.976817 0.203144 -0.0675308 -0.459819 -0.193174 -0.972394 -0.130899 0.456056 
1532542463845 0.267841 0.697031 -0.665138 -0.589197 -0.953098 0.292679 -0.0770845 -0.251597 0.140942 0.654589 0.742731 0.40392 -0.0925552 -0.114893 0.989057 0.377774 -0.976761 0.203329 -0.0677851 -0.459777 -0.193316 -0.972346 -0.131042 0.456072 
1532542463855 0.268236 0.697016 -0.664995 -0.589329 -0.953012 0.292864 -0.0774456 -0.251564 0.140772 0.654522 0.742822 0.403882 -0.0928516 -0.114967 0.98902 0.377928 -0.976705 0.203514 -0.0680383 -0.459737 -0.193457 -0.972299 -0.131185 0.456088 
1532542463872 0.268236 0.697016 -0.664995 -0.589329 -0.953012 0.292864 -0.0774456 -0.251564 0.140772 0.654522 0.742822 0.403882 -0.0928516 -0.114967 0.98902 0.377928 -0.976705 0.203514 -0.0680383 -0.459737 -0.193457 -0.972299 -0.131185 0.456088 
1532542463885 0.268955 0.696957 -0.664766 -0.589601 -0.952856 0.293195 -0.0781194 -0.251514 0.14046 0.654436 0.742956 0.403807 -0.0934365 -0.115148 0.988944 0.378247 -0.976662 0.203538 -0.0685771 -0.459644 -0.193391 -0.972272 -0.131479 0.456119 
1532542463895 0.269279 0.696914 -0.664681 -0.58974 -0.952785 0.293341 -0.0784318 -0.251496 0.140318 0.654418 0.742999 0.403769 -0.0937251 -0.115256 0.988904 0.378412 -0.976676 0.203377 -0.0688628 -0.459591 -0.193184 -0.972293 -0.131629 0.456134 
1532542463905 0.269602 0.696869 -0.664596 -0.589872 -0.952715 0.293486 -0.0787432 -0.251478 0.140176 0.6544 0.743042 0.403733 -0.0940122 -0.115363 0.988865 0.378572 -0.976689 0.203217 -0.069147 -0.459539 -0.192977 -0.972314 -0.131778 0.45615 
1532542463915 0.269925 0.696825 -0.664511 -0.590003 -0.952644 0.293631 -0.0790545 -0.251461 0.140034 0.654382 0.743085 0.403698 -0.0942991 -0.11547 0.988825 0.378732 -0.976702 0.203056 -0.0694312 -0.459487 -0.192769 -0.972335 -0.131928 0.456165 
1532542463925 0.270248 0.696781 -0.664426 -0.590135 -0.952573 0.293777 -0.0793658 -0.251443 0.139893 0.654363 0.743128 0.403663 -0.0945861 -0.115577 0.988785 0.378892 -0.976716 0.202895 -0.0697155 -0.459436 -0.192562 -0.972356 -0.132077 0.45618 
1532542463935 0.27057 0.696737 -0.664342 -0.590266 -0.952503 0.293922 -0.0796771 -0.251426 0.139751 0.654345 0.74317 0.403627 -0.094873 -0.115685 0.988745 0.379052 -0.976729 0.202734 -0.0699997 -0.459384 -0.192355 -0.972376 -0.132227 0.456195 
1532542463945 0.270894 0.696692 -0.664256 -0.590398 -0.952431 0.294068 -0.0799889 -0.251408 0.139609 0.654327 0.743213 0.403592 -0.0951605 -0.115792 0.988705 0.379212 -0.976742 0.202573 -0.0702848 -0.459332 -0.192147 -0.972397 -0.132375 0.45621 
1532542463955 0.271217 0.696648 -0.664171 -0.590529 -0.95236 0.294214 -0.0803003 -0.251391 0.139467 0.654309 0.743255 0.403557 -0.0954471 -0.115899 0.988664 0.379371 -0.976754 0.202413 -0.0705689 -0.459281 -0.191939 -0.972418 -0.132525 0.456226 
1532542463965 0.271539 0.696603 -0.664087 -0.590653 -0.952289 0.294359 -0.0806105 -0.251373 0.139326 0.654291 0.743297 0.403524 -0.0957321 -0.116007 0.988624 0.379526 -0.976767 0.202252 -0.0708513 -0.459232 -0.191732 -0.972438 -0.132674 0.456242 
1532542463982 0.271539 0.696603 -0.664087 -0.590653 -0.952289 0.294359 -0.0806105 -0.251373 0.139326 0.654291 0.743297 0.403524 -0.0957321 -0.116007 0.988624 0.379526 -0.976767 0.202252 -0.0708513 -0.459232 -0.191732 -0.972438 -0.132674 0.456242 
1532542463992 0.272203 0.696492 -0.663931 -0.590925 -0.952129 0.294717 -0.0811898 -0.251341 0.139123 0.654248 0.743374 0.403463 -0.0961871 -0.116074 0.988572 0.379824 -0.976772 0.202065 -0.0713134 -0.45915 -0.191478 -0.972469 -0.132814 0.45627 
1532542464005 0.272545 0.696427 -0.663859 -0.591072 -0.95204 0.29493 -0.0814586 -0.251327 0.139062 0.654222 0.743408 0.403436 -0.096357 -0.116033 0.98856 0.379968 -0.976765 0.202038 -0.0714928 -0.459116 -0.191432 -0.97248 -0.132805 0.456283 
1532542464015 0.272886 0.696361 -0.663788 -0.591213 -0.951952 0.295142 -0.0817265 -0.251312 0.139001 0.654196 0.743442 0.403411 -0.096525 -0.115993 0.988549 0.380107 -0.976757 0.202012 -0.0716703 -0.459086 -0.191385 -0.97249 -0.132796 0.456297 
1532542464025 0.273227 0.696295 -0.663717 -0.591353 -0.951863 0.295355 -0.0819944 -0.251298 0.13894 0.654171 0.743476 0.403386 -0.0966929 -0.115952 0.988537 0.380246 -0.97675 0.201986 -0.0718477 -0.459056 -0.191339 -0.9725 -0.132787 0.456311 
1532542464035 0.273569 0.696228 -0.663646 -0.591493 -0.951774 0.295567 -0.0822622 -0.251283 0.138879 0.654145 0.74351 0.403362 -0.0968609 -0.115912 0.988525 0.380384 -0.976742 0.201959 -0.0720251 -0.459025 -0.191293 -0.972511 -0.132778 0.456324 
1532542464045 0.27391 0.696162 -0.663575 -0.591634 -0.951684 0.29578 -0.0825301 -0.251269 0.138818 0.65412 0.743544 0.403337 -0.0970288 -0.115872 0.988514 0.380523 -0.976734 0.201933 -0.0722024 -0.458995 -0.191247 -0.972521 -0.132769 0.456338 
1532542464055 0.274252 0.696096 -0.663503 -0.591774 -0.951595 0.295993 -0.0827984 -0.251254 0.138757 0.654094 0.743578 0.403312 -0.0971967 -0.115831 0.988502 0.380662 -0.976727 0.201906 -0.0723798 -0.458964 -0.191201 -0.972531 -0.13276 0.456351 
1532542464065 0.274593 0.696029 -0.663432 -0.591914 -0.951505 0.296206 -0.0830664 -0.25124 0.138696 0.654069 0.743611 0.403287 -0.0973651 -0.11579 0.98849 0.3808 -0.976719 0.201879 -0.0725578 -0.458934 -0.191154 -0.972542 -0.132751 0.456365 
1532542464075 0.274933 0.695962 -0.663361 -0.592046 -0.951416 0.296418 -0.0833333 -0.251225 0.138635 0.654043 0.743645 0.403264 -0.0975317 -0.11575 0.988478 0.380934 -0.976711 0.201853 -0.0727338 -0.458905 -0.191108 -0.972552 -0.132742 0.45638 
1532542464092 0.274933 0.695962 -0.663361 -0.592046 -0.951416 0.296418 -0.0833333 -0.251225 0.138635 0.654043 0.743645 0.403264 -0.0975317 -0.11575 0.988478 0.380934 -0.976711 0.201853 -0.0727338 -0.458905 -0.191108 -0.972552 -0.132742 0.45638 
1532542464105 0.275628 0.695847 -0.663194 -0.592321 -0.95124 0.296819 -0.0839077 -0.251198 0.138462 0.653984 0.743729 0.403209 -0.0978954 -0.115687 0.98845 0.381212 -0.976682 0.201862 -0.0731042 -0.458844 -0.191074 -0.972558 -0.13275 0.456403 
1532542464115 0.275981 0.695799 -0.663097 -0.592463 -0.951154 0.297008 -0.084215 -0.251186 0.138349 0.65395 0.743781 0.403178 -0.0980922 -0.115663 0.988433 0.381355 -0.97666 0.201898 -0.0732984 -0.458811 -0.191085 -0.972553 -0.132768 0.456411 
1532542464125 0.276334 0.69575 -0.663001 -0.592597 -0.951068 0.297197 -0.0845215 -0.251173 0.138236 0.653915 0.743832 0.403148 -0.0982877 -0.115639 0.988416 0.381494 -0.976638 0.201934 -0.0734912 -0.45878 -0.191097 -0.972548 -0.132785 0.456421 
1532542464135 0.276687 0.695702 -0.662905 -0.592731 -0.950982 0.297386 -0.0848279 -0.251161 0.138123 0.653882 0.743882 0.403118 -0.0984832 -0.115616 0.9884 0.381632 -0.976616 0.20197 -0.073684 -0.458749 -0.191108 -0.972544 -0.132803 0.45643 
1532542464145 0.27704 0.695653 -0.662809 -0.592865 -0.950895 0.297574 -0.0851344 -0.251148 0.138011 0.653848 0.743933 0.403088 -0.0986787 -0.115593 0.988383 0.381771 -0.976594 0.202006 -0.0738768 -0.458718 -0.19112 -0.972539 -0.132821 0.45644 
1532542464155 0.277393 0.695604 -0.662713 -0.592999 -0.950809 0.297763 -0.0854408 -0.251136 0.137898 0.653814 0.743984 0.403058 -0.0988741 -0.115569 0.988366 0.38191 -0.976572 0.202042 -0.0740695 -0.458687 -0.191131 -0.972534 -0.132839 0.456449 
1532542464165 0.277747 0.695555 -0.662616 -0.593133 -0.950722 0.297952 -0.0857478 -0.251123 0.137786 0.65378 0.744035 0.403028 -0.0990696 -0.115546 0.988349 0.382048 -0.97655 0.202078 -0.0742623 -0.458655 -0.191143 -0.972529 -0.132856 0.456459 
1532542464175 0.2781 0.695506 -0.662519 -0.593267 -0.950635 0.298141 -0.0860542 -0.251111 0.137673 0.653746 0.744085 0.402999 -0.0992656 -0.115522 0.988332 0.382187 -0.976528 0.202114 -0.0744557 -0.458624 -0.191154 -0.972525 -0.132874 0.456468 
1532542464185 0.278452 0.695457 -0.662423 -0.593394 -0.950548 0.298329 -0.0863596 -0.251098 0.137561 0.653712 0.744135 0.402971 -0.0994595 -0.115499 0.988316 0.38232 -0.976506 0.20215 -0.0746468 -0.458595 -0.191166 -0.97252 -0.132892 0.456479 
1532542464202 0.278452 0.695457 -0.662423 -0.593394 -0.950548 0.298329 -0.0863596 -0.251098 0.137561 0.653712 0.744135 0.402971 -0.0994595 -0.115499 0.988316 0.38232 -0.976506 0.20215 -0.0746468 -0.458595 -0.191166 -0.97252 -0.132892 0.456479 
1532542464212 0.27913 0.695373 -0.662225 -0.59366 -0.950386 0.298669 -0.0869717 -0.251077 0.137308 0.653646 0.74424 0.402903 -0.0998652 -0.115452 0.98828 0.382594 -0.97646 0.20222 -0.0750473 -0.458531 -0.191186 -0.972511 -0.132929 0.456483 
1532542464225 0.279457 0.695339 -0.662123 -0.593799 -0.95031 0.29882 -0.0872782 -0.251068 0.137168 0.653613 0.744295 0.402862 -0.100077 -0.115427 0.988262 0.382733 -0.976437 0.202254 -0.0752562 -0.458496 -0.191194 -0.972507 -0.132948 0.456477 
1532542464235 0.279782 0.695305 -0.662022 -0.593931 -0.950234 0.298972 -0.0875837 -0.25106 0.137028 0.65358 0.74435 0.402823 -0.100287 -0.115403 0.988243 0.382868 -0.976414 0.202289 -0.0754637 -0.458463 -0.191202 -0.972503 -0.132968 0.456472 
1532542464245 0.280108 0.695271 -0.66192 -0.594063 -0.950158 0.299123 -0.0878893 -0.251051 0.136888 0.653547 0.744404 0.402785 -0.100497 -0.115379 0.988225 0.383003 -0.976391 0.202323 -0.0756712 -0.458431 -0.19121 -0.972498 -0.132988 0.456466 
1532542464255 0.280434 0.695236 -0.661818 -0.594195 -0.950083 0.299274 -0.0881948 -0.251042 0.136749 0.653515 0.744458 0.402746 -0.100707 -0.115355 0.988206 0.383138 -0.976368 0.202358 -0.0758787 -0.458398 -0.191218 -0.972494 -0.133007 0.456461 
1532542464265 0.280759 0.695202 -0.661716 -0.594327 -0.950006 0.299425 -0.0885004 -0.251034 0.136609 0.653482 0.744513 0.402707 -0.100917 -0.115331 0.988188 0.383273 -0.976344 0.202392 -0.0760861 -0.458365 -0.191226 -0.97249 -0.133027 0.456456 
1532542464275 0.281086 0.695168 -0.661614 -0.594458 -0.94993 0.299577 -0.0888063 -0.251025 0.136469 0.653449 0.744567 0.402669 -0.101127 -0.115306 0.988169 0.383408 -0.976321 0.202427 -0.0762936 -0.458332 -0.191235 -0.972485 -0.133047 0.456451 
1532542464285 0.281411 0.695133 -0.661512 -0.59459 -0.949854 0.299728 -0.0891118 -0.251016 0.136329 0.653417 0.744621 0.40263 -0.101337 -0.115282 0.98815 0.383542 -0.976298 0.202461 -0.0765017 -0.458299 -0.191242 -0.972481 -0.133066 0.456446 
1532542464295 0.281736 0.695098 -0.66141 -0.594714 -0.949777 0.299879 -0.0894163 -0.251007 0.13619 0.653384 0.744675 0.402594 -0.101546 -0.115258 0.988132 0.383672 -0.976274 0.202495 -0.0767075 -0.458268 -0.191251 -0.972477 -0.133086 0.456442 
1532542464322 0.281736 0.695098 -0.66141 -0.594714 -0.949777 0.299879 -0.0894163 -0.251007 0.13619 0.653384 0.744675 0.402594 -0.101546 -0.115258 0.988132 0.383672 -0.976274 0.202495 -0.0767075 -0.458268 -0.191251 -0.972477 -0.133086 0.456442 
1532542464335 0.28239 0.694972 -0.661264 -0.59499 -0.949615 0.300214 -0.0900125 -0.250989 0.135964 0.653365 0.744733 0.402503 -0.101977 -0.115196 0.988094 0.383951 -0.97624 0.202496 -0.0771459 -0.458196 -0.191199 -0.972484 -0.133109 0.456429 
1532542464345 0.28272 0.69488 -0.661219 -0.595142 -0.94953 0.300397 -0.0903041 -0.25098 0.135878 0.653378 0.744738 0.402448 -0.1022 -0.115158 0.988076 0.3841 -0.976228 0.202463 -0.0773779 -0.458155 -0.191138 -0.972495 -0.133112 0.456421 
1532542464355 0.283048 0.694789 -0.661175 -0.595287 -0.949444 0.30058 -0.0905947 -0.25097 0.135792 0.653391 0.744742 0.402395 -0.102421 -0.11512 0.988057 0.384244 -0.976217 0.20243 -0.0776086 -0.458116 -0.191078 -0.972507 -0.133115 0.456414 
1532542464365 0.283377 0.694697 -0.661131 -0.595431 -0.949358 0.300763 -0.0908854 -0.250961 0.135706 0.653405 0.744746 0.402343 -0.102643 -0.115082 0.988039 0.384388 -0.976205 0.202397 -0.0778391 -0.458077 -0.191018 -0.972518 -0.133119 0.456407 
1532542464375 0.283706 0.694605 -0.661086 -0.595575 -0.949272 0.300946 -0.091176 -0.250951 0.13562 0.653418 0.74475 0.40229 -0.102865 -0.115044 0.98802 0.384531 -0.976194 0.202363 -0.0780704 -0.458038 -0.190957 -0.97253 -0.133121 0.4564 
1532542464385 0.284034 0.694513 -0.661042 -0.595719 -0.949186 0.301129 -0.0914667 -0.250941 0.135534 0.653431 0.744754 0.402237 -0.103086 -0.115006 0.988001 0.384675 -0.976182 0.20233 -0.0783011 -0.457999 -0.190897 -0.972541 -0.133125 0.456393 
1532542464395 0.284363 0.694421 -0.660997 -0.595864 -0.9491 0.301312 -0.0917573 -0.250932 0.135448 0.653445 0.744757 0.402185 -0.103307 -0.114969 0.987983 0.384819 -0.976171 0.202296 -0.0785317 -0.45796 -0.190837 -0.972553 -0.133128 0.456385 
1532542464405 0.284692 0.694329 -0.660952 -0.596008 -0.949014 0.301496 -0.0920485 -0.250922 0.135363 0.653458 0.744761 0.402132 -0.103529 -0.114931 0.987964 0.384963 -0.976159 0.202263 -0.0787621 -0.457921 -0.190776 -0.972564 -0.133131 0.456378 
1532542464415 0.28502 0.694237 -0.660908 -0.596144 -0.948928 0.301679 -0.0923382 -0.250912 0.135277 0.653472 0.744765 0.402082 -0.103748 -0.114894 0.987945 0.385102 -0.976147 0.20223 -0.0789909 -0.457885 -0.190717 -0.972575 -0.133135 0.456374 
1532542464432 0.28502 0.694237 -0.660908 -0.596144 -0.948928 0.301679 -0.0923382 -0.250912 0.135277 0.653472 0.744765 0.402082 -0.103748 -0.114894 0.987945 0.385102 -0.976147 0.20223 -0.0789909 -0.457885 -0.190717 -0.972575 -0.133135 0.456374 
1532542464442 0.285699 0.69402 -0.660841 -0.596442 -0.948746 0.302068 -0.0929341 -0.250882 0.135121 0.653522 0.744749 0.401988 -0.104177 -0.114719 0.98792 0.385381 -0.976123 0.202165 -0.0794568 -0.457811 -0.190608 -0.972609 -0.133041 0.456345 
1532542464455 0.286051 0.693897 -0.66082 -0.596605 -0.94865 0.302274 -0.0932401 -0.250863 0.13505 0.653558 0.744731 0.401944 -0.104385 -0.114581 0.987914 0.38552 -0.97611 0.202134 -0.0796934 -0.457774 -0.19056 -0.972632 -0.132943 0.456322 
1532542464465 0.286401 0.693773 -0.660798 -0.596759 -0.948554 0.30248 -0.0935454 -0.250844 0.134979 0.653594 0.744712 0.401902 -0.104591 -0.114443 0.987909 0.385655 -0.976097 0.202103 -0.0799284 -0.457739 -0.190512 -0.972655 -0.132846 0.456301 
1532542464475 0.286751 0.693649 -0.660776 -0.596913 -0.948458 0.302686 -0.0938506 -0.250824 0.134908 0.653631 0.744692 0.401861 -0.104799 -0.114305 0.987903 0.38579 -0.976084 0.202072 -0.0801641 -0.457704 -0.190464 -0.972677 -0.132748 0.45628 
1532542464485 0.287102 0.693524 -0.660754 -0.597067 -0.948362 0.302892 -0.0941559 -0.250804 0.134838 0.653667 0.744673 0.401819 -0.105005 -0.114168 0.987897 0.385925 -0.976072 0.20204 -0.0803992 -0.457669 -0.190416 -0.9727 -0.132651 0.456259 
1532542464495 0.287452 0.6934 -0.660733 -0.597222 -0.948266 0.303097 -0.0944611 -0.250784 0.134767 0.653704 0.744654 0.401777 -0.105212 -0.11403 0.98789 0.38606 -0.976059 0.202009 -0.0806342 -0.457634 -0.190368 -0.972723 -0.132554 0.456237 
1532542464505 0.287803 0.693275 -0.66071 -0.597376 -0.94817 0.303304 -0.094767 -0.250764 0.134696 0.65374 0.744635 0.401736 -0.105418 -0.113893 0.987884 0.386195 -0.976046 0.201978 -0.0808692 -0.4576 -0.19032 -0.972745 -0.132457 0.456216 
1532542464515 0.288154 0.693151 -0.660688 -0.597529 -0.948073 0.303509 -0.0950723 -0.250744 0.134626 0.653777 0.744615 0.401694 -0.105625 -0.113755 0.987878 0.386329 -0.976033 0.201946 -0.081104 -0.457565 -0.190272 -0.972768 -0.13236 0.456195 
1532542464525 0.288503 0.693026 -0.660667 -0.597675 -0.947977 0.303715 -0.0953766 -0.250724 0.134556 0.653813 0.744596 0.401655 -0.10583 -0.113619 0.987872 0.386459 -0.97602 0.201915 -0.0813369 -0.457534 -0.190225 -0.97279 -0.132263 0.456178 
1532542464542 0.288503 0.693026 -0.660667 -0.597675 -0.947977 0.303715 -0.0953766 -0.250724 0.134556 0.653813 0.744596 0.401655 -0.10583 -0.113619 0.987872 0.386459 -0.97602 0.201915 -0.0813369 -0.457534 -0.190225 -0.97279 -0.132263 0.456178 
1532542464555 0.289189 0.692809 -0.660595 -0.597977 -0.947789 0.304115 -0.0959684 -0.250688 0.134409 0.653858 0.744583 0.401564 -0.106273 -0.113427 0.987846 0.386729 -0.975967 0.201981 -0.0818027 -0.457464 -0.190248 -0.972799 -0.132166 0.456149 
1532542464565 0.289525 0.692716 -0.660545 -0.598133 -0.947697 0.30431 -0.0962558 -0.250673 0.134333 0.653866 0.74459 0.401513 -0.10651 -0.113371 0.987827 0.386869 -0.975928 0.202079 -0.0820351 -0.457427 -0.190318 -0.972785 -0.132165 0.456139 
1532542464575 0.28986 0.692623 -0.660496 -0.598282 -0.947605 0.304505 -0.0965423 -0.250657 0.134257 0.653873 0.744597 0.401463 -0.106746 -0.113316 0.987808 0.387004 -0.975888 0.202176 -0.0822656 -0.457393 -0.190389 -0.972772 -0.132165 0.456131 
1532542464585 0.290195 0.692529 -0.660447 -0.59843 -0.947514 0.3047 -0.0968289 -0.250641 0.134181 0.653881 0.744604 0.401414 -0.106982 -0.113261 0.987789 0.387139 -0.975848 0.202274 -0.082496 -0.45736 -0.19046 -0.972758 -0.132165 0.456124 
1532542464595 0.290531 0.692436 -0.660397 -0.598578 -0.947422 0.304895 -0.0971154 -0.250624 0.134106 0.653889 0.74461 0.401365 -0.107218 -0.113206 0.98777 0.387274 -0.975809 0.202371 -0.0827264 -0.457326 -0.190531 -0.972744 -0.132165 0.456117 
1532542464605 0.290866 0.692343 -0.660347 -0.598726 -0.947329 0.30509 -0.0974019 -0.250608 0.13403 0.653897 0.744617 0.401316 -0.107454 -0.11315 0.98775 0.387409 -0.975769 0.202468 -0.0829576 -0.457292 -0.190601 -0.97273 -0.132164 0.456109 
1532542464615 0.291202 0.692249 -0.660297 -0.598874 -0.947237 0.305285 -0.0976888 -0.250592 0.133954 0.653905 0.744624 0.401267 -0.10769 -0.113095 0.987731 0.387544 -0.975729 0.202565 -0.0831881 -0.457258 -0.190672 -0.972716 -0.132164 0.456102 
1532542464625 0.291537 0.692156 -0.660247 -0.599021 -0.947145 0.30548 -0.0979754 -0.250576 0.133878 0.653913 0.74463 0.401218 -0.107926 -0.11304 0.987711 0.387679 -0.975689 0.202663 -0.0834184 -0.457224 -0.190743 -0.972702 -0.132165 0.456095 
1532542464635 0.291871 0.692062 -0.660198 -0.599161 -0.947052 0.305674 -0.098261 -0.250559 0.133803 0.653922 0.744636 0.401171 -0.10816 -0.112986 0.987692 0.387809 -0.975649 0.20276 -0.083647 -0.457193 -0.190814 -0.972688 -0.132165 0.456089 
1532542464662 0.291871 0.692062 -0.660198 -0.599161 -0.947052 0.305674 -0.098261 -0.250559 0.133803 0.653922 0.744636 0.401171 -0.10816 -0.112986 0.987692 0.387809 -0.975649 0.20276 -0.083647 -0.457193 -0.190814 -0.972688 -0.132165 0.456089 
1532542464675 0.292534 0.691877 -0.660098 -0.599449 -0.946875 0.306032 -0.0988581 -0.250532 0.133614 0.65395 0.744646 0.401085 -0.108633 -0.112916 0.987648 0.388088 -0.975609 0.202753 -0.0841281 -0.457122 -0.190749 -0.972698 -0.132188 0.456076 
1532542464685 0.292862 0.691787 -0.660048 -0.599597 -0.946789 0.306195 -0.0991696 -0.250521 0.133499 0.653969 0.744649 0.401046 -0.10887 -0.112901 0.987624 0.388237 -0.97561 0.202647 -0.08438 -0.457082 -0.190613 -0.972722 -0.13221 0.456069 
1532542464695 0.293189 0.691696 -0.659998 -0.599737 -0.946704 0.306358 -0.0994802 -0.250509 0.133386 0.653989 0.744652 0.401009 -0.109106 -0.112887 0.987599 0.388381 -0.97561 0.202542 -0.0846304 -0.457046 -0.190477 -0.972745 -0.132232 0.456064 
1532542464705 0.293516 0.691605 -0.659948 -0.599876 -0.946619 0.306521 -0.0997908 -0.250498 0.133272 0.654009 0.744655 0.400973 -0.109343 -0.112872 0.987575 0.388525 -0.97561 0.202437 -0.0848813 -0.457009 -0.190341 -0.972769 -0.132254 0.456058 
1532542464715 0.293844 0.691514 -0.659898 -0.600016 -0.946533 0.306684 -0.100101 -0.250486 0.133158 0.654029 0.744657 0.400936 -0.109579 -0.112858 0.98755 0.388668 -0.97561 0.202332 -0.0851317 -0.456972 -0.190205 -0.972792 -0.132277 0.456053 
1532542464725 0.294171 0.691422 -0.659847 -0.600156 -0.946447 0.306846 -0.100412 -0.250475 0.133045 0.654049 0.74466 0.400899 -0.109815 -0.112844 0.987526 0.388812 -0.97561 0.202226 -0.0853821 -0.456935 -0.190069 -0.972816 -0.132299 0.456047 
1532542464735 0.294498 0.691331 -0.659797 -0.600295 -0.946362 0.307009 -0.100723 -0.250463 0.132931 0.654069 0.744663 0.400863 -0.110052 -0.11283 0.987501 0.388956 -0.97561 0.202121 -0.0856324 -0.456898 -0.189933 -0.972839 -0.132322 0.456042 
1532542464745 0.294826 0.69124 -0.659746 -0.600434 -0.946275 0.307173 -0.101034 -0.250452 0.132817 0.654089 0.744666 0.400826 -0.110288 -0.112816 0.987476 0.3891 -0.975609 0.202016 -0.0858825 -0.456861 -0.189797 -0.972863 -0.132344 0.456036 
1532542464755 0.295152 0.691148 -0.659696 -0.600566 -0.94619 0.307335 -0.101343 -0.25044 0.132705 0.65411 0.744668 0.400792 -0.110522 -0.112802 0.987452 0.389239 -0.975609 0.201911 -0.086131 -0.456827 -0.189662 -0.972886 -0.132367 0.456033 
1532542464772 0.295152 0.691148 -0.659696 -0.600566 -0.94619 0.307335 -0.101343 -0.25044 0.132705 0.65411 0.744668 0.400792 -0.110522 -0.112802 0.987452 0.389239 -0.975609 0.201911 -0.086131 -0.456827 -0.189662 -0.972886 -0.132367 0.456033 
1532542464785 0.295786 0.690952 -0.659618 -0.600837 -0.946022 0.307647 -0.101954 -0.250421 0.132485 0.65417 0.744654 0.400725 -0.110988 -0.112795 0.9874 0.389521 -0.975592 0.201788 -0.0866094 -0.45676 -0.189476 -0.972913 -0.132438 0.456026 
1532542464795 0.296093 0.690847 -0.65959 -0.600976 -0.945941 0.307797 -0.102254 -0.250414 0.132378 0.65421 0.744638 0.400693 -0.111219 -0.112802 0.987373 0.389665 -0.975576 0.201769 -0.086839 -0.456726 -0.189426 -0.972916 -0.132487 0.456023 
1532542464805 0.296399 0.690743 -0.659562 -0.601108 -0.94586 0.307947 -0.102554 -0.250407 0.132272 0.65425 0.744621 0.400662 -0.111448 -0.112809 0.987347 0.389804 -0.975559 0.201751 -0.0870669 -0.456696 -0.189376 -0.972919 -0.132536 0.456021 
