1537388892716 0.225501 0.920467 -0.319201 -0.569278 -0.941423 0.290202 0.171771 -0.254092 0.250742 0.261769 0.93199 0.409961 0.16008 -0.304787 0.938871 0.370831 -0.775623 0.549475 0.310623 -0.528794 -0.61056 -0.777934 -0.14844 0.432481 
1537388892741 0.22709 0.921081 -0.31629 -0.57604 -0.941275 0.290917 0.171375 -0.253912 0.249864 0.258798 0.933055 0.406364 0.316231 -0.384871 0.867106 0.40083 -0.930001 -0.306257 0.203234 -0.504368 0.187338 -0.870678 -0.454779 0.485897 
1537388893462 0.228675 0.921685 -0.313376 -0.582801 -0.941125 0.291633 0.170981 -0.253732 0.248982 0.255827 0.93411 0.402767 0.316231 -0.384871 0.867106 0.40083 -0.930001 -0.306257 0.203234 -0.504368 0.187338 -0.870678 -0.454779 0.485897 
1537388894123 0.230258 0.922278 -0.310459 -0.589562 -0.940973 0.29235 0.17059 -0.253551 0.248094 0.252854 0.935155 0.39917 0.316231 -0.384871 0.867106 0.40083 -0.930001 -0.306257 0.203234 -0.504368 0.187338 -0.870678 -0.454779 0.485897 
1537388895077 0.231838 0.922861 -0.307538 -0.596321 -0.940821 0.293067 0.1702 -0.25337 0.2472 0.249879 0.93619 0.395573 0.316231 -0.384871 0.867106 0.40083 -0.930001 -0.306257 0.203234 -0.504368 0.187338 -0.870678 -0.454779 0.485897 
1537388895917 0.233414 0.923433 -0.304613 -0.603078 -0.940666 0.293787 0.169813 -0.253188 0.246302 0.246903 0.937216 0.391977 0.316231 -0.384871 0.867106 0.40083 -0.930001 -0.306257 0.203234 -0.504368 0.187338 -0.870678 -0.454779 0.485897 
1537388896656 0.234988 0.923995 -0.301686 -0.609833 -0.940511 0.294507 0.169428 -0.253005 0.245399 0.243925 0.938232 0.388381 0.316231 -0.384871 0.867106 0.40083 -0.930001 -0.306257 0.203234 -0.504368 0.187338 -0.870678 -0.454779 0.485897 
1537388896663 0.236559 0.924546 -0.298755 -0.616586 -0.940353 0.295228 0.169044 -0.252821 0.24449 0.240946 0.939239 0.384785 0.316231 -0.384871 0.867106 0.40083 -0.930001 -0.306257 0.203234 -0.504368 0.187338 -0.870678 -0.454779 0.485897 
1537388897822 0.238127 0.925087 -0.295821 -0.623335 -0.940195 0.29595 0.168663 -0.252635 0.243576 0.237966 0.940236 0.381191 0.316231 -0.384871 0.867106 0.40083 -0.930001 -0.306257 0.203234 -0.504368 0.187338 -0.870678 -0.454779 0.485897 
1537388898529 0.239816 0.925511 -0.293116 -0.628819 -0.940009 0.296828 0.168155 -0.251813 0.242634 0.235205 0.941173 0.377844 0.316442 -0.385045 0.866951 0.401525 -0.929984 -0.306148 0.203478 -0.505625 0.187068 -0.87064 -0.454964 0.486487 
1537388899213 0.240203 0.92531 -0.293436 -0.628592 -0.939858 0.297306 0.168157 -0.251981 0.242838 0.235396 0.941073 0.378148 0.16008 -0.304787 0.938871 0.370831 -0.775623 0.549475 0.310623 -0.528794 -0.61056 -0.777934 -0.14844 0.432481 
1537388899221 0.239648 0.925174 -0.294317 -0.629808 -0.939897 0.297037 0.168412 -0.251982 0.243233 0.236268 0.940752 0.37787 0.316241 -0.38488 0.867098 0.400864 -0.930001 -0.306251 0.203246 -0.504429 0.187325 -0.870677 -0.454788 0.485926 
1537388899228 0.239092 0.925037 -0.295198 -0.631024 -0.939936 0.296768 0.168666 -0.251983 0.243628 0.237141 0.940431 0.377592 0.316241 -0.38488 0.867098 0.400864 -0.930001 -0.306251 0.203246 -0.504429 0.187325 -0.870677 -0.454788 0.485926 
1537388899737 0.238536 0.924899 -0.296079 -0.632239 -0.939976 0.2965 0.16892 -0.251984 0.244021 0.238013 0.940108 0.377314 0.316241 -0.38488 0.867098 0.400864 -0.930001 -0.306251 0.203246 -0.504429 0.187325 -0.870677 -0.454788 0.485926 
1537388900040 0.23798 0.92476 -0.296959 -0.633454 -0.940014 0.296231 0.169175 -0.251984 0.244415 0.238886 0.939785 0.377035 0.316241 -0.38488 0.867098 0.400864 -0.930001 -0.306251 0.203246 -0.504429 0.187325 -0.870677 -0.454788 0.485926 
1537388900450 0.237424 0.92462 -0.297839 -0.63467 -0.940053 0.295963 0.169429 -0.251985 0.244807 0.239758 0.93946 0.376757 0.316241 -0.38488 0.867098 0.400864 -0.930001 -0.306251 0.203246 -0.504429 0.187325 -0.870677 -0.454788 0.485926 
1537388900796 0.236867 0.924479 -0.298719 -0.635885 -0.940091 0.295695 0.169684 -0.251985 0.245199 0.24063 0.939135 0.376479 0.316241 -0.38488 0.867098 0.400864 -0.930001 -0.306251 0.203246 -0.504429 0.187325 -0.870677 -0.454788 0.485926 
1537388901105 0.236309 0.924337 -0.299598 -0.637099 -0.940129 0.295427 0.169939 -0.251986 0.245591 0.241502 0.938809 0.376201 0.316241 -0.38488 0.867098 0.400864 -0.930001 -0.306251 0.203246 -0.504429 0.187325 -0.870677 -0.454788 0.485926 
1537388901443 0.235751 0.924194 -0.300476 -0.638314 -0.940167 0.29516 0.170195 -0.251986 0.245982 0.242374 0.938482 0.375923 0.316241 -0.38488 0.867098 0.400864 -0.930001 -0.306251 0.203246 -0.504429 0.187325 -0.870677 -0.454788 0.485926 
1537388901780 0.235226 0.924022 -0.301417 -0.639186 -0.940198 0.294933 0.170416 -0.251818 0.246366 0.243305 0.93814 0.375712 0.316531 -0.385118 0.866887 0.401814 -0.929976 -0.306103 0.20358 -0.50615 0.186955 -0.870623 -0.455042 0.486735 
1537388902107 0.23559 0.924036 -0.301089 -0.638943 -0.940107 0.295219 0.170426 -0.251907 0.246367 0.242906 0.938243 0.375776 0.16008 -0.304787 0.938871 0.370831 -0.775623 0.549475 0.310623 -0.528794 -0.61056 -0.777934 -0.14844 0.432481 
1537388902127 0.235032 0.923753 -0.302392 -0.639361 -0.940089 0.295085 0.170753 -0.252004 0.246965 0.244143 0.937765 0.375873 0.316241 -0.38488 0.867098 0.400864 -0.930001 -0.306251 0.203246 -0.504429 0.187325 -0.870677 -0.454788 0.485926 
1537388902187 0.234474 0.923467 -0.303696 -0.639779 -0.940071 0.294953 0.171081 -0.2521 0.247563 0.245381 0.937283 0.375971 0.316241 -0.38488 0.867098 0.400864 -0.930001 -0.306251 0.203246 -0.504429 0.187325 -0.870677 -0.454788 0.485926 
1537388902441 0.233915 0.923179 -0.304998 -0.640197 -0.940053 0.29482 0.171409 -0.252197 0.248161 0.246619 0.936801 0.376068 0.316241 -0.38488 0.867098 0.400864 -0.930001 -0.306251 0.203246 -0.504429 0.187325 -0.870677 -0.454788 0.485926 
1537388902609 0.233355 0.92289 -0.306299 -0.640615 -0.940035 0.294688 0.171737 -0.252294 0.248757 0.247856 0.936316 0.376165 0.316241 -0.38488 0.867098 0.400864 -0.930001 -0.306251 0.203246 -0.504429 0.187325 -0.870677 -0.454788 0.485926 
1537388902768 0.232794 0.922599 -0.3076 -0.641033 -0.940016 0.294556 0.172066 -0.25239 0.249353 0.249093 0.935829 0.376263 0.316241 -0.38488 0.867098 0.400864 -0.930001 -0.306251 0.203246 -0.504429 0.187325 -0.870677 -0.454788 0.485926 
1537388902928 0.232232 0.922306 -0.3089 -0.641452 -0.939997 0.294425 0.172394 -0.252487 0.249948 0.250329 0.93534 0.37636 0.316241 -0.38488 0.867098 0.400864 -0.930001 -0.306251 0.203246 -0.504429 0.187325 -0.870677 -0.454788 0.485926 
1537388903122 0.23167 0.922012 -0.310199 -0.64187 -0.939978 0.294294 0.172722 -0.252584 0.250542 0.251566 0.934849 0.376458 0.316241 -0.38488 0.867098 0.400864 -0.930001 -0.306251 0.203246 -0.504429 0.187325 -0.870677 -0.454788 0.485926 
1537388903281 0.231106 0.921715 -0.311497 -0.642288 -0.939958 0.294164 0.173051 -0.25268 0.251135 0.252801 0.934357 0.376555 0.316241 -0.38488 0.867098 0.400864 -0.930001 -0.306251 0.203246 -0.504429 0.187325 -0.870677 -0.454788 0.485926 
1537388903412 0.23055 0.92141 -0.31281 -0.642624 -0.939937 0.294043 0.173372 -0.252736 0.251726 0.25405 0.933859 0.376668 0.316531 -0.385118 0.866887 0.401814 -0.929976 -0.306103 0.20358 -0.50615 0.186955 -0.870623 -0.455042 0.486735 
1537388903617 0.230971 0.921556 -0.312067 -0.642438 -0.939945 0.29419 0.173079 -0.252733 0.25131 0.25335 0.934161 0.376572 0.16008 -0.304787 0.938871 0.370831 -0.775623 0.549475 0.310623 -0.528794 -0.61056 -0.777934 -0.14844 0.432481 
1537388903635 0.230521 0.921619 -0.312215 -0.642607 -0.940065 0.293782 0.17312 -0.252841 0.251274 0.253595 0.934104 0.37665 0.316241 -0.38488 0.867098 0.400864 -0.930001 -0.306251 0.203246 -0.504429 0.187325 -0.870677 -0.454788 0.485926 
1537388903652 0.230071 0.921682 -0.312363 -0.642777 -0.940184 0.293375 0.173161 -0.252949 0.251239 0.253839 0.934048 0.376727 0.316241 -0.38488 0.867098 0.400864 -0.930001 -0.306251 0.203246 -0.504429 0.187325 -0.870677 -0.454788 0.485926 
1537388903829 0.229622 0.921744 -0.31251 -0.642946 -0.940304 0.292968 0.173202 -0.253057 0.251203 0.254083 0.933991 0.376805 0.316241 -0.38488 0.867098 0.400864 -0.930001 -0.306251 0.203246 -0.504429 0.187325 -0.870677 -0.454788 0.485926 
1537388903919 0.229172 0.921806 -0.312656 -0.643115 -0.940423 0.292561 0.173243 -0.253165 0.251167 0.254327 0.933934 0.376883 0.316241 -0.38488 0.867098 0.400864 -0.930001 -0.306251 0.203246 -0.504429 0.187325 -0.870677 -0.454788 0.485926 
1537388904049 0.228723 0.921868 -0.312803 -0.643284 -0.940542 0.292153 0.173284 -0.253272 0.251131 0.25457 0.933877 0.376961 0.316241 -0.38488 0.867098 0.400864 -0.930001 -0.306251 0.203246 -0.504429 0.187325 -0.870677 -0.454788 0.485926 
1537388904148 0.228273 0.921929 -0.31295 -0.643454 -0.940661 0.291746 0.173325 -0.25338 0.251095 0.254814 0.93382 0.377039 0.316241 -0.38488 0.867098 0.400864 -0.930001 -0.306251 0.203246 -0.504429 0.187325 -0.870677 -0.454788 0.485926 
1537388904301 0.227823 0.921991 -0.313097 -0.643623 -0.940779 0.291339 0.173366 -0.253488 0.251059 0.255058 0.933764 0.377116 0.316241 -0.38488 0.867098 0.400864 -0.930001 -0.306251 0.203246 -0.504429 0.187325 -0.870677 -0.454788 0.485926 
1537388904389 0.227374 0.922052 -0.313244 -0.643792 -0.940898 0.290932 0.173407 -0.253596 0.251023 0.255302 0.933707 0.377194 0.316241 -0.38488 0.867098 0.400864 -0.930001 -0.306251 0.203246 -0.504429 0.187325 -0.870677 -0.454788 0.485926 
1537388904557 0.226931 0.922107 -0.313404 -0.643889 -0.941015 0.290533 0.173441 -0.253668 0.250985 0.255558 0.933647 0.377285 0.316531 -0.385118 0.866887 0.401814 -0.929976 -0.306103 0.20358 -0.50615 0.186955 -0.870623 -0.455042 0.486735 
1537388904666 0.227427 0.922042 -0.313234 -0.643763 -0.940893 0.290972 0.173366 -0.253519 0.250993 0.255291 0.933718 0.377067 0.16008 -0.304787 0.938871 0.370831 -0.775623 0.549475 0.310623 -0.528794 -0.61056 -0.777934 -0.14844 0.432481 
1537388904672 0.227215 0.922184 -0.312968 -0.643795 -0.941018 0.290647 0.173234 -0.253624 0.250717 0.255147 0.933831 0.377072 0.316241 -0.38488 0.867098 0.400864 -0.930001 -0.306251 0.203246 -0.504429 0.187325 -0.870677 -0.454788 0.485926 
1537388904690 0.227003 0.922327 -0.312702 -0.643826 -0.941142 0.290322 0.173103 -0.253729 0.250442 0.255002 0.933945 0.377078 0.316241 -0.38488 0.867098 0.400864 -0.930001 -0.306251 0.203246 -0.504429 0.187325 -0.870677 -0.454788 0.485926 
1537388904703 0.226791 0.922469 -0.312435 -0.643858 -0.941267 0.289997 0.172971 -0.253834 0.250166 0.254857 0.934058 0.377083 0.316241 -0.38488 0.867098 0.400864 -0.930001 -0.306251 0.203246 -0.504429 0.187325 -0.870677 -0.454788 0.485926 
1537388904860 0.226579 0.922612 -0.312169 -0.64389 -0.941391 0.289672 0.17284 -0.253939 0.249891 0.254711 0.934172 0.377089 0.316241 -0.38488 0.867098 0.400864 -0.930001 -0.306251 0.203246 -0.504429 0.187325 -0.870677 -0.454788 0.485926 
1537388904888 0.226367 0.922754 -0.311903 -0.643921 -0.941515 0.289347 0.172708 -0.254044 0.249615 0.254566 0.934285 0.377094 0.316241 -0.38488 0.867098 0.400864 -0.930001 -0.306251 0.203246 -0.504429 0.187325 -0.870677 -0.454788 0.485926 
1537388905015 0.226154 0.922896 -0.311636 -0.643953 -0.941639 0.289021 0.172577 -0.254149 0.24934 0.25442 0.934398 0.3771 0.316241 -0.38488 0.867098 0.400864 -0.930001 -0.306251 0.203246 -0.504429 0.187325 -0.870677 -0.454788 0.485926 
1537388905048 0.225942 0.923038 -0.31137 -0.643984 -0.941763 0.288696 0.172445 -0.254254 0.249064 0.254274 0.934512 0.377106 0.316241 -0.38488 0.867098 0.400864 -0.930001 -0.306251 0.203246 -0.504429 0.187325 -0.870677 -0.454788 0.485926 
1537388905220 0.225729 0.92318 -0.311103 -0.644016 -0.941887 0.288371 0.172313 -0.254359 0.248789 0.254128 0.934625 0.377111 0.316241 -0.38488 0.867098 0.400864 -0.930001 -0.306251 0.203246 -0.504429 0.187325 -0.870677 -0.454788 0.485926 
1537388905284 0.225521 0.923318 -0.310846 -0.644 -0.94201 0.288051 0.172176 -0.25444 0.248512 0.25399 0.934736 0.377126 0.316531 -0.385118 0.866887 0.401814 -0.929976 -0.306103 0.20358 -0.50615 0.186955 -0.870623 -0.455042 0.486735 
1537388905371 0.225992 0.923004 -0.311433 -0.643994 -0.941766 0.28874 0.172356 -0.254313 0.249009 0.254346 0.934507 0.377044 0.16008 -0.304787 0.938871 0.370831 -0.775623 0.549475 0.310623 -0.528794 -0.61056 -0.777934 -0.14844 0.432481 
1537388905372 0.226336 0.923015 -0.311151 -0.643937 -0.941736 0.288959 0.17215 -0.254321 0.248807 0.254059 0.934639 0.377017 0.316241 -0.38488 0.867098 0.400864 -0.930001 -0.306251 0.203246 -0.504429 0.187325 -0.870677 -0.454788 0.485926 
1537388905398 0.22668 0.923025 -0.31087 -0.643881 -0.941706 0.289178 0.171945 -0.254328 0.248607 0.253772 0.93477 0.376991 0.316241 -0.38488 0.867098 0.400864 -0.930001 -0.306251 0.203246 -0.504429 0.187325 -0.870677 -0.454788 0.485926 
1537388905414 0.227025 0.923035 -0.310589 -0.643824 -0.941676 0.289398 0.17174 -0.254336 0.248406 0.253485 0.934901 0.376964 0.316241 -0.38488 0.867098 0.400864 -0.930001 -0.306251 0.203246 -0.504429 0.187325 -0.870677 -0.454788 0.485926 
1537388905585 0.22737 0.923045 -0.310308 -0.643767 -0.941646 0.289618 0.171535 -0.254344 0.248205 0.253198 0.935032 0.376938 0.316241 -0.38488 0.867098 0.400864 -0.930001 -0.306251 0.203246 -0.504429 0.187325 -0.870677 -0.454788 0.485926 
1537388905617 0.227714 0.923055 -0.310026 -0.643711 -0.941616 0.289838 0.17133 -0.254351 0.248004 0.252911 0.935163 0.376911 0.316241 -0.38488 0.867098 0.400864 -0.930001 -0.306251 0.203246 -0.504429 0.187325 -0.870677 -0.454788 0.485926 
1537388905657 0.228059 0.923064 -0.309745 -0.643654 -0.941585 0.290058 0.171125 -0.254359 0.247803 0.252625 0.935294 0.376885 0.316241 -0.38488 0.867098 0.400864 -0.930001 -0.306251 0.203246 -0.504429 0.187325 -0.870677 -0.454788 0.485926 
1537388905717 0.228403 0.923073 -0.309463 -0.643597 -0.941555 0.290277 0.17092 -0.254367 0.247602 0.252338 0.935425 0.376858 0.316241 -0.38488 0.867098 0.400864 -0.930001 -0.306251 0.203246 -0.504429 0.187325 -0.870677 -0.454788 0.485926 
1537388905770 0.228747 0.923083 -0.309181 -0.643541 -0.941524 0.290497 0.170715 -0.254374 0.2474 0.252051 0.935555 0.376832 0.316241 -0.38488 0.867098 0.400864 -0.930001 -0.306251 0.203246 -0.504429 0.187325 -0.870677 -0.454788 0.485926 
1537388905814 0.229091 0.923093 -0.308897 -0.643496 -0.941494 0.290716 0.170511 -0.254388 0.247199 0.251762 0.935686 0.376803 0.316531 -0.385118 0.866887 0.401814 -0.929976 -0.306103 0.20358 -0.50615 0.186955 -0.870623 -0.455042 0.486735 
1537388905849 0.227966 0.923084 -0.309754 -0.643691 -0.941598 0.289981 0.171183 -0.254288 0.247839 0.25264 0.93528 0.376948 0.16008 -0.304787 0.938871 0.370831 -0.775623 0.549475 0.310623 -0.528794 -0.61056 -0.777934 -0.14844 0.432481 
1537388905859 0.228654 0.922987 -0.309537 -0.643461 -0.941462 0.290561 0.17095 -0.25422 0.247724 0.252329 0.935395 0.377008 0.316241 -0.38488 0.867098 0.400864 -0.930001 -0.306251 0.203246 -0.504429 0.187325 -0.870677 -0.454788 0.485926 
1537388905875 0.229342 0.922888 -0.309321 -0.643232 -0.941325 0.291142 0.170716 -0.254152 0.247608 0.252019 0.935509 0.377068 0.316241 -0.38488 0.867098 0.400864 -0.930001 -0.306251 0.203246 -0.504429 0.187325 -0.870677 -0.454788 0.485926 
1537388906090 0.23003 0.922789 -0.309105 -0.643002 -0.941187 0.291723 0.170483 -0.254084 0.247493 0.25171 0.935623 0.377128 0.316241 -0.38488 0.867098 0.400864 -0.930001 -0.306251 0.203246 -0.504429 0.187325 -0.870677 -0.454788 0.485926 
1537388906237 0.230718 0.92269 -0.308889 -0.642772 -0.941049 0.292303 0.17025 -0.254016 0.247377 0.2514 0.935736 0.377188 0.316241 -0.38488 0.867098 0.400864 -0.930001 -0.306251 0.203246 -0.504429 0.187325 -0.870677 -0.454788 0.485926 
1537388906374 0.231405 0.92259 -0.308672 -0.642543 -0.940911 0.292883 0.170017 -0.253948 0.247261 0.25109 0.93585 0.377247 0.316241 -0.38488 0.867098 0.400864 -0.930001 -0.306251 0.203246 -0.504429 0.187325 -0.870677 -0.454788 0.485926 
1537388906565 0.232093 0.92249 -0.308456 -0.642313 -0.940772 0.293464 0.169784 -0.25388 0.247145 0.250781 0.935964 0.377307 0.316241 -0.38488 0.867098 0.400864 -0.930001 -0.306251 0.203246 -0.504429 0.187325 -0.870677 -0.454788 0.485926 
1537388906708 0.23278 0.922389 -0.308239 -0.642083 -0.940633 0.294044 0.169551 -0.253812 0.247028 0.250471 0.936078 0.377367 0.316241 -0.38488 0.867098 0.400864 -0.930001 -0.306251 0.203246 -0.504429 0.187325 -0.870677 -0.454788 0.485926 
1537388906881 0.233468 0.922288 -0.308022 -0.641854 -0.940493 0.294624 0.169319 -0.253745 0.246911 0.250162 0.936191 0.377427 0.316241 -0.38488 0.867098 0.400864 -0.930001 -0.306251 0.203246 -0.504429 0.187325 -0.870677 -0.454788 0.485926 
1537388907041 0.234145 0.922195 -0.307786 -0.641724 -0.940355 0.295193 0.169096 -0.253726 0.246796 0.249835 0.936309 0.377468 0.316531 -0.385118 0.866887 0.401814 -0.929976 -0.306103 0.20358 -0.50615 0.186955 -0.870623 -0.455042 0.486735 
1537388907147 0.233377 0.922324 -0.307984 -0.641869 -0.94049 0.294557 0.169453 -0.253708 0.247009 0.250109 0.936179 0.377447 0.16008 -0.304787 0.938871 0.370831 -0.775623 0.549475 0.310623 -0.528794 -0.61056 -0.777934 -0.14844 0.432481 
1537388907186 0.233648 0.922277 -0.307919 -0.641505 -0.940417 0.294809 0.169424 -0.253574 0.247033 0.249986 0.936206 0.377581 0.316241 -0.38488 0.867098 0.400864 -0.930001 -0.306251 0.203246 -0.504429 0.187325 -0.870677 -0.454788 0.485926 
1537388907376 0.233921 0.92223 -0.307854 -0.641141 -0.940343 0.295061 0.169394 -0.253441 0.247056 0.249863 0.936233 0.377715 0.316241 -0.38488 0.867098 0.400864 -0.930001 -0.306251 0.203246 -0.504429 0.187325 -0.870677 -0.454788 0.485926 
1537388907551 0.234193 0.922182 -0.307788 -0.640776 -0.940269 0.295313 0.169365 -0.253307 0.24708 0.24974 0.93626 0.377849 0.316241 -0.38488 0.867098 0.400864 -0.930001 -0.306251 0.203246 -0.504429 0.187325 -0.870677 -0.454788 0.485926 
1537388907793 0.234465 0.922135 -0.307723 -0.640412 -0.940195 0.295565 0.169336 -0.253173 0.247103 0.249616 0.936286 0.377983 0.316241 -0.38488 0.867098 0.400864 -0.930001 -0.306251 0.203246 -0.504429 0.187325 -0.870677 -0.454788 0.485926 
1537388907989 0.234737 0.922088 -0.307657 -0.640048 -0.940121 0.295818 0.169307 -0.25304 0.247126 0.249493 0.936313 0.378117 0.316241 -0.38488 0.867098 0.400864 -0.930001 -0.306251 0.203246 -0.504429 0.187325 -0.870677 -0.454788 0.485926 
1537388908201 0.235009 0.92204 -0.307592 -0.639683 -0.940047 0.29607 0.169277 -0.252906 0.247149 0.249369 0.93634 0.378252 0.316241 -0.38488 0.867098 0.400864 -0.930001 -0.306251 0.203246 -0.504429 0.187325 -0.870677 -0.454788 0.485926 
1537388908390 0.235281 0.921992 -0.307527 -0.639319 -0.939973 0.296322 0.169248 -0.252772 0.247172 0.249246 0.936367 0.378386 0.316241 -0.38488 0.867098 0.400864 -0.930001 -0.306251 0.203246 -0.504429 0.187325 -0.870677 -0.454788 0.485926 
1537388908575 0.235553 0.921945 -0.307461 -0.638955 -0.939898 0.296574 0.169219 -0.252638 0.247195 0.249122 0.936393 0.37852 0.316241 -0.38488 0.867098 0.400864 -0.930001 -0.306251 0.203246 -0.504429 0.187325 -0.870677 -0.454788 0.485926 
1537388908815 0.235811 0.921909 -0.30737 -0.638735 -0.939827 0.296808 0.169205 -0.252577 0.247221 0.248974 0.936426 0.378626 0.316531 -0.385118 0.866887 0.401814 -0.929976 -0.306103 0.20358 -0.50615 0.186955 -0.870623 -0.455042 0.486735 
1537388908877 0.235561 0.921976 -0.307363 -0.638942 -0.939896 0.296563 0.16925 -0.252659 0.247197 0.249021 0.93642 0.378539 0.16008 -0.304787 0.938871 0.370831 -0.775623 0.549475 0.310623 -0.528794 -0.61056 -0.777934 -0.14844 0.432481 
1537388908888 0.235646 0.921954 -0.307362 -0.63844 -0.939787 0.296732 0.169559 -0.252486 0.24753 0.248899 0.936364 0.378699 0.316241 -0.38488 0.867098 0.400864 -0.930001 -0.306251 0.203246 -0.504429 0.187325 -0.870677 -0.454788 0.485926 
1537388909061 0.235701 0.921941 -0.307359 -0.637945 -0.939687 0.29687 0.169874 -0.252305 0.24786 0.248782 0.936308 0.378857 0.316241 -0.38488 0.867098 0.400864 -0.930001 -0.306251 0.203246 -0.504429 0.187325 -0.870677 -0.454788 0.485926 
1537388909276 0.235755 0.921928 -0.307356 -0.63745 -0.939586 0.297008 0.170188 -0.252123 0.248189 0.248664 0.936252 0.379015 0.316241 -0.38488 0.867098 0.400864 -0.930001 -0.306251 0.203246 -0.504429 0.187325 -0.870677 -0.454788 0.485926 
1537388909495 0.235809 0.921916 -0.307352 -0.636955 -0.939485 0.297147 0.170503 -0.251941 0.248518 0.248547 0.936196 0.379173 0.316241 -0.38488 0.867098 0.400864 -0.930001 -0.306251 0.203246 -0.504429 0.187325 -0.870677 -0.454788 0.485926 
1537388909746 0.235864 0.921903 -0.307349 -0.63646 -0.939385 0.297285 0.170817 -0.25176 0.248847 0.248429 0.93614 0.379331 0.316241 -0.38488 0.867098 0.400864 -0.930001 -0.306251 0.203246 -0.504429 0.187325 -0.870677 -0.454788 0.485926 
1537388910013 0.235918 0.92189 -0.307346 -0.635965 -0.939284 0.297423 0.171132 -0.251578 0.249176 0.248312 0.936084 0.379489 0.316241 -0.38488 0.867098 0.400864 -0.930001 -0.306251 0.203246 -0.504429 0.187325 -0.870677 -0.454788 0.485926 
1537388910248 0.235973 0.921877 -0.307343 -0.63547 -0.939183 0.297561 0.171446 -0.251396 0.249506 0.248194 0.936027 0.379647 0.316241 -0.38488 0.867098 0.400864 -0.930001 -0.306251 0.203246 -0.504429 0.187325 -0.870677 -0.454788 0.485926 
1537388910503 0.236027 0.921864 -0.307339 -0.634974 -0.939081 0.297698 0.171761 -0.251215 0.249835 0.248076 0.93597 0.379805 0.316241 -0.38488 0.867098 0.400864 -0.930001 -0.306251 0.203246 -0.504429 0.187325 -0.870677 -0.454788 0.485926 
1537388910729 0.236064 0.921866 -0.307304 -0.634653 -0.938983 0.297815 0.172094 -0.25112 0.250167 0.247929 0.935921 0.379929 0.316531 -0.385118 0.866887 0.401814 -0.929976 -0.306103 0.20358 -0.50615 0.186955 -0.870623 -0.455042 0.486735 
1537388910939 0.236144 0.92187 -0.307232 -0.634844 -0.939046 0.297795 0.171785 -0.251267 0.249856 0.247939 0.936001 0.379901 0.16008 -0.304787 0.938871 0.370831 -0.775623 0.549475 0.310623 -0.528794 -0.61056 -0.777934 -0.14844 0.432481 
1537388910945 0.236015 0.921903 -0.307234 -0.634448 -0.938961 0.29779 0.172262 -0.251088 0.2503 0.247824 0.935913 0.380015 0.316241 -0.38488 0.867098 0.400864 -0.930001 -0.306251 0.203246 -0.504429 0.187325 -0.870677 -0.454788 0.485926 
1537388910984 0.235887 0.921935 -0.307235 -0.634052 -0.938875 0.297785 0.172738 -0.25091 0.250743 0.247708 0.935825 0.38013 0.316241 -0.38488 0.867098 0.400864 -0.930001 -0.306251 0.203246 -0.504429 0.187325 -0.870677 -0.454788 0.485926 
1537388911213 0.235759 0.921967 -0.307236 -0.633656 -0.938788 0.297782 0.173213 -0.250731 0.251186 0.247593 0.935737 0.380244 0.316241 -0.38488 0.867098 0.400864 -0.930001 -0.306251 0.203246 -0.504429 0.187325 -0.870677 -0.454788 0.485926 
1537388911420 0.235631 0.922 -0.307237 -0.63326 -0.938702 0.297777 0.173689 -0.250553 0.251629 0.247478 0.935648 0.380358 0.316241 -0.38488 0.867098 0.400864 -0.930001 -0.306251 0.203246 -0.504429 0.187325 -0.870677 -0.454788 0.485926 
1537388911669 0.235503 0.922032 -0.307238 -0.632864 -0.938615 0.297773 0.174164 -0.250374 0.252072 0.247362 0.935559 0.380472 0.316241 -0.38488 0.867098 0.400864 -0.930001 -0.306251 0.203246 -0.504429 0.187325 -0.870677 -0.454788 0.485926 
1537388911888 0.235375 0.922064 -0.307239 -0.632467 -0.938528 0.297769 0.17464 -0.250196 0.252515 0.247247 0.935471 0.380587 0.316241 -0.38488 0.867098 0.400864 -0.930001 -0.306251 0.203246 -0.504429 0.187325 -0.870677 -0.454788 0.485926 
1537388912093 0.235247 0.922097 -0.30724 -0.632071 -0.938441 0.297764 0.175115 -0.250017 0.252958 0.247131 0.935381 0.380701 0.316241 -0.38488 0.867098 0.400864 -0.930001 -0.306251 0.203246 -0.504429 0.187325 -0.870677 -0.454788 0.485926 
1537388912319 0.235119 0.922129 -0.307241 -0.631675 -0.938353 0.29776 0.17559 -0.249839 0.253401 0.247016 0.935292 0.380815 0.316241 -0.38488 0.867098 0.400864 -0.930001 -0.306251 0.203246 -0.504429 0.187325 -0.870677 -0.454788 0.485926 
1537388912526 0.234978 0.922173 -0.307218 -0.631406 -0.938268 0.297739 0.176079 -0.249724 0.253847 0.246878 0.935207 0.380905 0.316531 -0.385118 0.866887 0.401814 -0.929976 -0.306103 0.20358 -0.50615 0.186955 -0.870623 -0.455042 0.486735 
1537388912724 0.235107 0.922093 -0.307359 -0.631627 -0.938334 0.297793 0.175637 -0.249839 0.253483 0.247112 0.935244 0.380788 0.16008 -0.304787 0.938871 0.370831 -0.775623 0.549475 0.310623 -0.528794 -0.61056 -0.777934 -0.14844 0.432481 
1537388912731 0.235087 0.922036 -0.307545 -0.631256 -0.938245 0.297901 0.175927 -0.249692 0.253829 0.247195 0.935129 0.380911 0.316241 -0.38488 0.867098 0.400864 -0.930001 -0.306251 0.203246 -0.504429 0.187325 -0.870677 -0.454788 0.485926 
1537388912773 0.235068 0.921979 -0.307731 -0.630885 -0.938157 0.298009 0.176218 -0.249546 0.254175 0.247277 0.935013 0.381035 0.316241 -0.38488 0.867098 0.400864 -0.930001 -0.306251 0.203246 -0.504429 0.187325 -0.870677 -0.454788 0.485926 
1537388912988 0.235049 0.921921 -0.307917 -0.630513 -0.938068 0.298118 0.176507 -0.249399 0.254521 0.247359 0.934897 0.381158 0.316241 -0.38488 0.867098 0.400864 -0.930001 -0.306251 0.203246 -0.504429 0.187325 -0.870677 -0.454788 0.485926 
1537388913208 0.23503 0.921864 -0.308103 -0.630142 -0.937978 0.298227 0.176797 -0.249252 0.254868 0.247442 0.934781 0.381282 0.316241 -0.38488 0.867098 0.400864 -0.930001 -0.306251 0.203246 -0.504429 0.187325 -0.870677 -0.454788 0.485926 
1537388913480 0.23501 0.921807 -0.308289 -0.629771 -0.937889 0.298335 0.177087 -0.249106 0.255214 0.247524 0.934665 0.381405 0.316241 -0.38488 0.867098 0.400864 -0.930001 -0.306251 0.203246 -0.504429 0.187325 -0.870677 -0.454788 0.485926 
1537388913705 0.234991 0.92175 -0.308475 -0.6294 -0.9378 0.298444 0.177377 -0.248959 0.255559 0.247606 0.934548 0.381529 0.316241 -0.38488 0.867098 0.400864 -0.930001 -0.306251 0.203246 -0.504429 0.187325 -0.870677 -0.454788 0.485926 
1537388913872 0.234971 0.921693 -0.308661 -0.629028 -0.93771 0.298553 0.177667 -0.248812 0.255905 0.247688 0.934432 0.381652 0.316241 -0.38488 0.867098 0.400864 -0.930001 -0.306251 0.203246 -0.504429 0.187325 -0.870677 -0.454788 0.485926 
1537388914100 0.234952 0.921635 -0.308846 -0.628657 -0.937621 0.298661 0.177956 -0.248666 0.256251 0.24777 0.934316 0.381776 0.316241 -0.38488 0.867098 0.400864 -0.930001 -0.306251 0.203246 -0.504429 0.187325 -0.870677 -0.454788 0.485926 
1537388914316 0.234919 0.921589 -0.309009 -0.628413 -0.937534 0.298754 0.17826 -0.248584 0.2566 0.247829 0.934204 0.381875 0.316531 -0.385118 0.866887 0.401814 -0.929976 -0.306103 0.20358 -0.50615 0.186955 -0.870623 -0.455042 0.486735 
1537388914531 0.23506 0.92155 -0.309019 -0.628583 -0.937597 0.298794 0.177858 -0.248755 0.256238 0.247928 0.934277 0.381743 0.16008 -0.304787 0.938871 0.370831 -0.775623 0.549475 0.310623 -0.528794 -0.61056 -0.777934 -0.14844 0.432481 
1537388914554 0.235145 0.921465 -0.309208 -0.628344 -0.937595 0.298892 0.177705 -0.248647 0.256169 0.248126 0.934244 0.381815 0.316241 -0.38488 0.867098 0.400864 -0.930001 -0.306251 0.203246 -0.504429 0.187325 -0.870677 -0.454788 0.485926 
1537388914564 0.23523 0.921379 -0.309399 -0.628105 -0.937592 0.298992 0.177552 -0.248538 0.2561 0.248324 0.93421 0.381888 0.316241 -0.38488 0.867098 0.400864 -0.930001 -0.306251 0.203246 -0.504429 0.187325 -0.870677 -0.454788 0.485926 
1537388914792 0.235315 0.921294 -0.309588 -0.627867 -0.93759 0.29909 0.1774 -0.24843 0.256032 0.248522 0.934176 0.38196 0.316241 -0.38488 0.867098 0.400864 -0.930001 -0.306251 0.203246 -0.504429 0.187325 -0.870677 -0.454788 0.485926 
1537388914980 0.2354 0.921208 -0.309778 -0.627628 -0.937587 0.299189 0.177247 -0.248321 0.255963 0.24872 0.934142 0.382032 0.316241 -0.38488 0.867098 0.400864 -0.930001 -0.306251 0.203246 -0.504429 0.187325 -0.870677 -0.454788 0.485926 
1537388915176 0.235485 0.921122 -0.309968 -0.627389 -0.937584 0.299288 0.177094 -0.248213 0.255895 0.248918 0.934108 0.382105 0.316241 -0.38488 0.867098 0.400864 -0.930001 -0.306251 0.203246 -0.504429 0.187325 -0.870677 -0.454788 0.485926 
1537388915197 0.23557 0.921037 -0.310158 -0.62715 -0.937582 0.299386 0.176941 -0.248104 0.255826 0.249116 0.934074 0.382177 0.316241 -0.38488 0.867098 0.400864 -0.930001 -0.306251 0.203246 -0.504429 0.187325 -0.870677 -0.454788 0.485926 
1537388915450 0.235655 0.920951 -0.310348 -0.626911 -0.937579 0.299485 0.176788 -0.247996 0.255758 0.249314 0.93404 0.382249 0.316241 -0.38488 0.867098 0.400864 -0.930001 -0.306251 0.203246 -0.504429 0.187325 -0.870677 -0.454788 0.485926 
1537388915650 0.23574 0.920865 -0.310537 -0.626672 -0.937576 0.299584 0.176636 -0.247887 0.25569 0.249512 0.934006 0.382322 0.316241 -0.38488 0.867098 0.400864 -0.930001 -0.306251 0.203246 -0.504429 0.187325 -0.870677 -0.454788 0.485926 
1537388915815 0.235815 0.920788 -0.31071 -0.626527 -0.937576 0.29967 0.176493 -0.247827 0.255623 0.249694 0.933975 0.382376 0.316531 -0.385118 0.866887 0.401814 -0.929976 -0.306103 0.20358 -0.50615 0.186955 -0.870623 -0.455042 0.486735 
1537388915913 0.235647 0.920932 -0.31041 -0.6267 -0.937589 0.299482 0.176742 -0.247847 0.25573 0.249388 0.934028 0.382325 0.16008 -0.304787 0.938871 0.370831 -0.775623 0.549475 0.310623 -0.528794 -0.61056 -0.777934 -0.14844 0.432481 
1537388915920 0.235701 0.92089 -0.310494 -0.626487 -0.937606 0.29952 0.176589 -0.247735 0.255618 0.249499 0.934029 0.382404 0.316241 -0.38488 0.867098 0.400864 -0.930001 -0.306251 0.203246 -0.504429 0.187325 -0.870677 -0.454788 0.485926 
1537388915926 0.235754 0.920848 -0.310578 -0.626273 -0.937623 0.299556 0.176436 -0.247624 0.255507 0.249609 0.93403 0.382484 0.316241 -0.38488 0.867098 0.400864 -0.930001 -0.306251 0.203246 -0.504429 0.187325 -0.870677 -0.454788 0.485926 
1537388916114 0.235808 0.920806 -0.310662 -0.62606 -0.93764 0.299593 0.176284 -0.247512 0.255395 0.24972 0.934031 0.382564 0.316241 -0.38488 0.867098 0.400864 -0.930001 -0.306251 0.203246 -0.504429 0.187325 -0.870677 -0.454788 0.485926 
1537388916240 0.235861 0.920764 -0.310745 -0.625847 -0.937657 0.29963 0.176131 -0.2474 0.255284 0.24983 0.934032 0.382643 0.316241 -0.38488 0.867098 0.400864 -0.930001 -0.306251 0.203246 -0.504429 0.187325 -0.870677 -0.454788 0.485926 
1537388916400 0.235914 0.920722 -0.31083 -0.625634 -0.937673 0.299667 0.175978 -0.247289 0.255172 0.249941 0.934032 0.382723 0.316241 -0.38488 0.867098 0.400864 -0.930001 -0.306251 0.203246 -0.504429 0.187325 -0.870677 -0.454788 0.485926 
1537388916562 0.235968 0.92068 -0.310914 -0.62542 -0.93769 0.299704 0.175825 -0.247177 0.255061 0.250052 0.934033 0.382802 0.316241 -0.38488 0.867098 0.400864 -0.930001 -0.306251 0.203246 -0.504429 0.187325 -0.870677 -0.454788 0.485926 
1537388916789 0.236021 0.920638 -0.310997 -0.625207 -0.937707 0.29974 0.175672 -0.247066 0.254949 0.250162 0.934034 0.382882 0.316241 -0.38488 0.867098 0.400864 -0.930001 -0.306251 0.203246 -0.504429 0.187325 -0.870677 -0.454788 0.485926 
1537388916923 0.236075 0.920596 -0.311081 -0.624994 -0.937724 0.299777 0.17552 -0.246954 0.254838 0.250273 0.934035 0.382961 0.316241 -0.38488 0.867098 0.400864 -0.930001 -0.306251 0.203246 -0.504429 0.187325 -0.870677 -0.454788 0.485926 
1537388917077 0.23612 0.920561 -0.31115 -0.624859 -0.937743 0.299804 0.175376 -0.246883 0.254728 0.250369 0.934039 0.383026 0.316531 -0.385118 0.866887 0.401814 -0.929976 -0.306103 0.20358 -0.50615 0.186955 -0.870623 -0.455042 0.486735 
1537388917166 0.235915 0.920655 -0.311029 -0.625085 -0.937719 0.29966 0.175745 -0.246881 0.255004 0.250197 0.93401 0.382952 0.16008 -0.304787 0.938871 0.370831 -0.775623 0.549475 0.310623 -0.528794 -0.61056 -0.777934 -0.14844 0.432481 
1537388917189 0.236038 0.920607 -0.311078 -0.624919 -0.93771 0.299765 0.175616 -0.246796 0.254924 0.250249 0.934018 0.38302 0.316241 -0.38488 0.867098 0.400864 -0.930001 -0.306251 0.203246 -0.504429 0.187325 -0.870677 -0.454788 0.485926 
1537388917201 0.23616 0.920559 -0.311128 -0.624753 -0.937701 0.299868 0.175487 -0.246712 0.254843 0.250302 0.934026 0.383088 0.316241 -0.38488 0.867098 0.400864 -0.930001 -0.306251 0.203246 -0.504429 0.187325 -0.870677 -0.454788 0.485926 
1537388917289 0.236282 0.92051 -0.311178 -0.624587 -0.937692 0.299972 0.175357 -0.246627 0.254763 0.250356 0.934033 0.383156 0.316241 -0.38488 0.867098 0.400864 -0.930001 -0.306251 0.203246 -0.504429 0.187325 -0.870677 -0.454788 0.485926 
1537388917457 0.236404 0.920462 -0.311228 -0.62442 -0.937683 0.300076 0.175228 -0.246542 0.254682 0.250408 0.934041 0.383224 0.316241 -0.38488 0.867098 0.400864 -0.930001 -0.306251 0.203246 -0.504429 0.187325 -0.870677 -0.454788 0.485926 
1537388917538 0.236527 0.920414 -0.311277 -0.624254 -0.937674 0.300179 0.175098 -0.246458 0.254602 0.250461 0.934049 0.383292 0.316241 -0.38488 0.867098 0.400864 -0.930001 -0.306251 0.203246 -0.504429 0.187325 -0.870677 -0.454788 0.485926 
1537388917697 0.236649 0.920365 -0.311328 -0.624088 -0.937665 0.300283 0.174969 -0.246373 0.254522 0.250515 0.934056 0.38336 0.316241 -0.38488 0.867098 0.400864 -0.930001 -0.306251 0.203246 -0.504429 0.187325 -0.870677 -0.454788 0.485926 
1537388917784 0.236772 0.920317 -0.311378 -0.623922 -0.937656 0.300387 0.174839 -0.246289 0.254441 0.250568 0.934064 0.383428 0.316241 -0.38488 0.867098 0.400864 -0.930001 -0.306251 0.203246 -0.504429 0.187325 -0.870677 -0.454788 0.485926 
1537388917931 0.236894 0.920269 -0.311427 -0.623756 -0.937647 0.300491 0.17471 -0.246204 0.254361 0.250621 0.934071 0.383496 0.316241 -0.38488 0.867098 0.400864 -0.930001 -0.306251 0.203246 -0.504429 0.187325 -0.870677 -0.454788 0.485926 
1537388917974 0.23701 0.920226 -0.311466 -0.623651 -0.937639 0.300587 0.174587 -0.246151 0.254282 0.250663 0.934082 0.383552 0.316531 -0.385118 0.866887 0.401814 -0.929976 -0.306103 0.20358 -0.50615 0.186955 -0.870623 -0.455042 0.486735 
1537388918171 0.236849 0.920267 -0.311467 -0.623826 -0.937633 0.300481 0.174803 -0.246255 0.254455 0.25064 0.934041 0.383431 0.16008 -0.304787 0.938871 0.370831 -0.775623 0.549475 0.310623 -0.528794 -0.61056 -0.777934 -0.14844 0.432481 
1537388918181 0.236958 0.920278 -0.311352 -0.623579 -0.93758 0.300587 0.174904 -0.246165 0.254549 0.250473 0.93406 0.383502 0.316241 -0.38488 0.867098 0.400864 -0.930001 -0.306251 0.203246 -0.504429 0.187325 -0.870677 -0.454788 0.485926 
1537388918197 0.237067 0.920288 -0.311239 -0.623331 -0.937527 0.300694 0.175005 -0.246075 0.254642 0.250307 0.934079 0.383573 0.316241 -0.38488 0.867098 0.400864 -0.930001 -0.306251 0.203246 -0.504429 0.187325 -0.870677 -0.454788 0.485926 
1537388918393 0.237176 0.920298 -0.311125 -0.623084 -0.937474 0.300801 0.175105 -0.245985 0.254736 0.250141 0.934098 0.383644 0.316241 -0.38488 0.867098 0.400864 -0.930001 -0.306251 0.203246 -0.504429 0.187325 -0.870677 -0.454788 0.485926 
1537388918518 0.237285 0.920309 -0.311011 -0.622836 -0.937421 0.300907 0.175206 -0.245895 0.254829 0.249975 0.934117 0.383715 0.316241 -0.38488 0.867098 0.400864 -0.930001 -0.306251 0.203246 -0.504429 0.187325 -0.870677 -0.454788 0.485926 
1537388918640 0.237395 0.920319 -0.310898 -0.622589 -0.937368 0.301014 0.175306 -0.245805 0.254922 0.249809 0.934136 0.383785 0.316241 -0.38488 0.867098 0.400864 -0.930001 -0.306251 0.203246 -0.504429 0.187325 -0.870677 -0.454788 0.485926 
1537388918806 0.237504 0.920329 -0.310784 -0.622342 -0.937315 0.30112 0.175407 -0.245715 0.255016 0.249643 0.934155 0.383856 0.316241 -0.38488 0.867098 0.400864 -0.930001 -0.306251 0.203246 -0.504429 0.187325 -0.870677 -0.454788 0.485926 
1537388918883 0.237613 0.920339 -0.310671 -0.622094 -0.937262 0.301227 0.175508 -0.245625 0.255109 0.249477 0.934174 0.383927 0.316241 -0.38488 0.867098 0.400864 -0.930001 -0.306251 0.203246 -0.504429 0.187325 -0.870677 -0.454788 0.485926 
1537388919064 0.237722 0.920349 -0.310557 -0.621847 -0.937209 0.301333 0.175609 -0.245535 0.255202 0.249311 0.934193 0.383998 0.316241 -0.38488 0.867098 0.400864 -0.930001 -0.306251 0.203246 -0.504429 0.187325 -0.870677 -0.454788 0.485926 
1537388919237 0.237824 0.920365 -0.310431 -0.621667 -0.937157 0.301431 0.175717 -0.24548 0.255297 0.249132 0.934214 0.384056 0.316531 -0.385118 0.866887 0.401814 -0.929976 -0.306103 0.20358 -0.50615 0.186955 -0.870623 -0.455042 0.486735 
1537388919323 0.237516 0.920464 -0.310374 -0.621905 -0.937306 0.301059 0.175559 -0.245462 0.255037 0.249217 0.934263 0.384028 0.16008 -0.304787 0.938871 0.370831 -0.775623 0.549475 0.310623 -0.528794 -0.61056 -0.777934 -0.14844 0.432481 
1537388919347 0.237635 0.920462 -0.310289 -0.62157 -0.937214 0.301216 0.175782 -0.245357 0.255265 0.249035 0.934249 0.384124 0.316241 -0.38488 0.867098 0.400864 -0.930001 -0.306251 0.203246 -0.504429 0.187325 -0.870677 -0.454788 0.485926 
1537388919466 0.237754 0.92046 -0.310204 -0.621234 -0.937121 0.301373 0.176005 -0.245252 0.255493 0.248853 0.934235 0.38422 0.316241 -0.38488 0.867098 0.400864 -0.930001 -0.306251 0.203246 -0.504429 0.187325 -0.870677 -0.454788 0.485926 
1537388919657 0.237872 0.920458 -0.310119 -0.620898 -0.937029 0.301529 0.176228 -0.245147 0.25572 0.24867 0.934222 0.384317 0.316241 -0.38488 0.867098 0.400864 -0.930001 -0.306251 0.203246 -0.504429 0.187325 -0.870677 -0.454788 0.485926 
1537388919848 0.237991 0.920456 -0.310034 -0.620563 -0.936937 0.301686 0.17645 -0.245042 0.255948 0.248489 0.934208 0.384413 0.316241 -0.38488 0.867098 0.400864 -0.930001 -0.306251 0.203246 -0.504429 0.187325 -0.870677 -0.454788 0.485926 
1537388920038 0.23811 0.920454 -0.30995 -0.620227 -0.936845 0.301843 0.176673 -0.244936 0.256175 0.248307 0.934194 0.384509 0.316241 -0.38488 0.867098 0.400864 -0.930001 -0.306251 0.203246 -0.504429 0.187325 -0.870677 -0.454788 0.485926 
1537388920044 0.238229 0.920451 -0.309865 -0.619892 -0.936752 0.301999 0.176896 -0.244831 0.256403 0.248125 0.93418 0.384606 0.316241 -0.38488 0.867098 0.400864 -0.930001 -0.306251 0.203246 -0.504429 0.187325 -0.870677 -0.454788 0.485926 
1537388920239 0.238348 0.920449 -0.30978 -0.619556 -0.93666 0.302156 0.177118 -0.244726 0.25663 0.247943 0.934166 0.384702 0.316241 -0.38488 0.867098 0.400864 -0.930001 -0.306251 0.203246 -0.504429 0.187325 -0.870677 -0.454788 0.485926 
1537388920500 0.238467 0.920447 -0.309695 -0.619221 -0.936567 0.302312 0.177341 -0.244621 0.256858 0.24776 0.934151 0.384798 0.316241 -0.38488 0.867098 0.400864 -0.930001 -0.306251 0.203246 -0.504429 0.187325 -0.870677 -0.454788 0.485926 
1537388920505 0.238577 0.920452 -0.309594 -0.618973 -0.936476 0.302457 0.177574 -0.244561 0.257087 0.247562 0.934141 0.384877 0.316531 -0.385118 0.866887 0.401814 -0.929976 -0.306103 0.20358 -0.50615 0.186955 -0.870623 -0.455042 0.486735 
1537388920797 0.238214 0.920585 -0.30948 -0.61927 -0.936668 0.301996 0.177347 -0.244508 0.256724 0.247634 0.934222 0.38484 0.16008 -0.304787 0.938871 0.370831 -0.775623 0.549475 0.310623 -0.528794 -0.61056 -0.777934 -0.14844 0.432481 
1537388920813 0.238367 0.920568 -0.309413 -0.61893 -0.936598 0.302158 0.177442 -0.244383 0.256838 0.247499 0.934226 0.384923 0.316241 -0.38488 0.867098 0.400864 -0.930001 -0.306251 0.203246 -0.504429 0.187325 -0.870677 -0.454788 0.485926 
1537388920847 0.238521 0.92055 -0.309347 -0.61859 -0.936527 0.302321 0.177536 -0.244259 0.256952 0.247366 0.93423 0.385006 0.316241 -0.38488 0.867098 0.400864 -0.930001 -0.306251 0.203246 -0.504429 0.187325 -0.870677 -0.454788 0.485926 
1537388920912 0.238674 0.920533 -0.30928 -0.61825 -0.936457 0.302482 0.177631 -0.244134 0.257066 0.247231 0.934234 0.385089 0.316241 -0.38488 0.867098 0.400864 -0.930001 -0.306251 0.203246 -0.504429 0.187325 -0.870677 -0.454788 0.485926 
1537388921194 0.238827 0.920515 -0.309214 -0.617911 -0.936387 0.302645 0.177725 -0.24401 0.25718 0.247098 0.934238 0.385172 0.316241 -0.38488 0.867098 0.400864 -0.930001 -0.306251 0.203246 -0.504429 0.187325 -0.870677 -0.454788 0.485926 
1537388921393 0.23898 0.920498 -0.309147 -0.617571 -0.936316 0.302807 0.177819 -0.243885 0.257294 0.246964 0.934242 0.385255 0.316241 -0.38488 0.867098 0.400864 -0.930001 -0.306251 0.203246 -0.504429 0.187325 -0.870677 -0.454788 0.485926 
1537388921589 0.239134 0.92048 -0.309081 -0.617231 -0.936246 0.30297 0.177914 -0.243761 0.257408 0.24683 0.934246 0.385338 0.316241 -0.38488 0.867098 0.400864 -0.930001 -0.306251 0.203246 -0.504429 0.187325 -0.870677 -0.454788 0.485926 
