1534184405659 0.416816 0.850976 -0.319538 -0.509315 -0.890239 0.453198 0.0456738 -0.174484 0.183681 0.265428 0.946472 0.353825 0.16008 -0.304787 0.938871 0.370831 -0.775623 0.549475 0.310623 -0.528794 -0.61056 -0.777934 -0.14844 0.432481 
1534184405669 0.408565 0.854794 -0.320003 -0.519661 -0.893589 0.446031 0.050549 -0.179907 0.18594 0.265299 0.946067 0.356866 0.316231 -0.384871 0.867106 0.40083 -0.930001 -0.306257 0.203234 -0.504368 0.187338 -0.870678 -0.454779 0.485897 
1534184405676 0.400302 0.85854 -0.320417 -0.529939 -0.896857 0.438838 0.0553874 -0.185268 0.188164 0.265197 0.945656 0.359802 0.316231 -0.384871 0.867106 0.40083 -0.930001 -0.306257 0.203234 -0.504368 0.187338 -0.870678 -0.454779 0.485897 
1534184406660 0.39201 0.86222 -0.320787 -0.540206 -0.900046 0.431613 0.0602237 -0.190621 0.190382 0.265115 0.945235 0.362728 0.316231 -0.384871 0.867106 0.40083 -0.930001 -0.306257 0.203234 -0.504368 0.187338 -0.870678 -0.454779 0.485897 
1534184407312 0.383681 0.865837 -0.321115 -0.550492 -0.903156 0.424352 0.0650748 -0.195993 0.19261 0.265049 0.944802 0.365686 0.316231 -0.384871 0.867106 0.40083 -0.930001 -0.306257 0.203234 -0.504368 0.187338 -0.870678 -0.454779 0.485897 
1534184407976 0.37532 0.869389 -0.321399 -0.560784 -0.906186 0.417058 0.0699307 -0.20137 0.194839 0.265001 0.944358 0.368652 0.316231 -0.384871 0.867106 0.40083 -0.930001 -0.306257 0.203234 -0.504368 0.187338 -0.870678 -0.454779 0.485897 
1534184408669 0.366931 0.872874 -0.321639 -0.571075 -0.909135 0.409732 0.0747878 -0.206745 0.197066 0.264971 0.943904 0.371618 0.316231 -0.384871 0.867106 0.40083 -0.930001 -0.306257 0.203234 -0.504368 0.187338 -0.870678 -0.454779 0.485897 
1534184409355 0.358514 0.876293 -0.321835 -0.581364 -0.912004 0.402375 0.0796458 -0.21212 0.199291 0.264961 0.94344 0.374584 0.316231 -0.384871 0.867106 0.40083 -0.930001 -0.306257 0.203234 -0.504368 0.187338 -0.870678 -0.454779 0.485897 
1534184410044 0.350069 0.879646 -0.321987 -0.59165 -0.914792 0.394988 0.084504 -0.217493 0.201514 0.264969 0.942965 0.377551 0.316231 -0.384871 0.867106 0.40083 -0.930001 -0.306257 0.203234 -0.504368 0.187338 -0.870678 -0.454779 0.485897 
1534184410855 0.34173 0.882787 -0.322347 -0.600701 -0.917449 0.387723 0.08921 -0.222248 0.203735 0.265251 0.942409 0.38081 0.316442 -0.385045 0.866951 0.401525 -0.929984 -0.306148 0.203478 -0.505625 0.187068 -0.87064 -0.454964 0.486487 
1534184411575 0.341853 0.882679 -0.322513 -0.600655 -0.917374 0.387894 0.089235 -0.222199 0.203867 0.265359 0.94235 0.380702 0.316442 -0.385045 0.866951 0.401525 -0.929984 -0.306148 0.203478 -0.505625 0.187068 -0.87064 -0.454964 0.486487 
1534184411588 0.341436 0.882659 -0.323008 -0.601551 -0.917511 0.387571 0.0892278 -0.222933 0.203946 0.265898 0.942181 0.380561 0.316221 -0.384863 0.867113 0.400797 -0.930002 -0.306262 0.203223 -0.504308 0.187351 -0.87068 -0.45477 0.485869 
1534184411827 0.340512 0.88305 -0.322914 -0.60274 -0.917805 0.386746 0.0897841 -0.223524 0.20417 0.2658 0.94216 0.380885 0.316221 -0.384863 0.867113 0.400797 -0.930002 -0.306262 0.203223 -0.504308 0.187351 -0.87068 -0.45477 0.485869 
1534184412082 0.339588 0.883441 -0.32282 -0.603931 -0.918098 0.385921 0.0903402 -0.224117 0.204393 0.265702 0.942139 0.381208 0.31622 -0.384863 0.867113 0.400797 -0.930002 -0.306262 0.203222 -0.504307 0.187351 -0.87068 -0.45477 0.485868 
1534184412341 0.338663 0.88383 -0.322725 -0.605123 -0.918389 0.385096 0.0908962 -0.22471 0.204617 0.265604 0.942118 0.381532 0.316221 -0.384863 0.867113 0.400796 -0.930002 -0.306262 0.203223 -0.504306 0.187351 -0.87068 -0.45477 0.485868 
1534184412597 0.337738 0.884219 -0.322629 -0.606316 -0.91868 0.38427 0.0914523 -0.225303 0.204841 0.265506 0.942097 0.381855 0.31622 -0.384863 0.867113 0.400796 -0.930002 -0.306262 0.203222 -0.504306 0.187351 -0.87068 -0.454769 0.485868 
1534184412849 0.336813 0.884607 -0.322533 -0.607508 -0.91897 0.383443 0.0920082 -0.225896 0.205064 0.265409 0.942076 0.382178 0.31622 -0.384863 0.867113 0.400796 -0.930002 -0.306262 0.203222 -0.504305 0.187351 -0.87068 -0.45477 0.485867 
1534184413100 0.335887 0.884994 -0.322437 -0.608699 -0.919259 0.382617 0.0925639 -0.226488 0.205288 0.265312 0.942054 0.382502 0.31622 -0.384863 0.867113 0.400796 -0.930002 -0.306262 0.203222 -0.504305 0.187351 -0.87068 -0.45477 0.485867 
1534184413352 0.334962 0.88538 -0.32234 -0.609892 -0.919546 0.38179 0.0931196 -0.227081 0.205512 0.265215 0.942033 0.382825 0.316221 -0.384863 0.867113 0.400795 -0.930002 -0.306262 0.203223 -0.504305 0.187351 -0.87068 -0.45477 0.485867 
1534184413615 0.334036 0.885765 -0.322242 -0.611083 -0.919833 0.380962 0.0936751 -0.227674 0.205736 0.265118 0.942011 0.383149 0.316221 -0.384863 0.867113 0.400795 -0.930002 -0.306262 0.203223 -0.504305 0.187351 -0.87068 -0.45477 0.485867 
1534184413881 0.334321 0.885565 -0.322498 -0.610887 -0.919725 0.381267 0.0935 -0.227563 0.205758 0.26535 0.941941 0.383023 0.316221 -0.384863 0.867113 0.400795 -0.930002 -0.306262 0.203223 -0.504305 0.187351 -0.87068 -0.45477 0.485867 
1534184413893 0.334698 0.885624 -0.321944 -0.610988 -0.919661 0.381473 0.0932882 -0.227614 0.205431 0.264856 0.942151 0.382968 0.31622 -0.384863 0.867113 0.400795 -0.930002 -0.306262 0.203222 -0.504304 0.187351 -0.87068 -0.454769 0.485867 
1534184413909 0.335074 0.885683 -0.321389 -0.611093 -0.919596 0.381679 0.0930783 -0.227667 0.205105 0.26436 0.942362 0.382912 0.31622 -0.384863 0.867113 0.400795 -0.930002 -0.306262 0.203222 -0.504304 0.187351 -0.87068 -0.454769 0.485867 
1534184414009 0.33545 0.885742 -0.320834 -0.611198 -0.919532 0.381885 0.0928685 -0.227721 0.204779 0.263864 0.942571 0.382856 0.31622 -0.384863 0.867113 0.400795 -0.930002 -0.306262 0.203222 -0.504304 0.187351 -0.87068 -0.454769 0.485867 
1534184414072 0.335825 0.885801 -0.320279 -0.611304 -0.919467 0.382092 0.0926589 -0.227774 0.204453 0.263369 0.942781 0.3828 0.31622 -0.384863 0.867113 0.400795 -0.930002 -0.306262 0.203222 -0.504304 0.187351 -0.87068 -0.454769 0.485867 
1534184414138 0.336201 0.885859 -0.319723 -0.61141 -0.919403 0.382298 0.0924494 -0.227828 0.204127 0.262873 0.94299 0.382743 0.31622 -0.384863 0.867113 0.400795 -0.930002 -0.306262 0.203222 -0.504304 0.187351 -0.87068 -0.454769 0.485867 
1534184414215 0.336576 0.885917 -0.319168 -0.611514 -0.919338 0.382504 0.0922399 -0.227881 0.2038 0.262377 0.943199 0.382687 0.31622 -0.384863 0.867113 0.400795 -0.930002 -0.306262 0.203222 -0.504304 0.187351 -0.87068 -0.454769 0.485867 
1534184414273 0.336951 0.885974 -0.318612 -0.611621 -0.919273 0.382711 0.0920308 -0.227935 0.203473 0.261881 0.943407 0.382631 0.31622 -0.384863 0.867113 0.400795 -0.930002 -0.306262 0.203222 -0.504304 0.187351 -0.87068 -0.454769 0.485867 
1534184414280 0.337326 0.886032 -0.318056 -0.611725 -0.919208 0.382917 0.0918215 -0.227988 0.203146 0.261385 0.943615 0.382575 0.31622 -0.384863 0.867113 0.400795 -0.930002 -0.306262 0.203222 -0.504304 0.187351 -0.87068 -0.454769 0.485867 
1534184414409 0.337701 0.886088 -0.3175 -0.61183 -0.919143 0.383124 0.0916124 -0.228041 0.202818 0.26089 0.943823 0.382519 0.31622 -0.384863 0.867113 0.400795 -0.930002 -0.306262 0.203222 -0.504304 0.187351 -0.87068 -0.454769 0.485867 
1534184414468 0.337272 0.885972 -0.318279 -0.611676 -0.919188 0.382939 0.0919235 -0.227977 0.203323 0.261555 0.94353 0.382574 0.31622 -0.384863 0.867113 0.400795 -0.930002 -0.306262 0.203222 -0.504304 0.187351 -0.87068 -0.454769 0.485867 
1534184414480 0.337411 0.886171 -0.317576 -0.611731 -0.919191 0.382931 0.0919382 -0.227981 0.203082 0.260892 0.943765 0.382486 0.31622 -0.384863 0.867113 0.400795 -0.930002 -0.306262 0.203222 -0.504304 0.187351 -0.87068 -0.454769 0.485867 
1534184414497 0.337555 0.886372 -0.316863 -0.611795 -0.919192 0.382924 0.0919512 -0.227987 0.202838 0.26022 0.944004 0.382396 0.31622 -0.384863 0.867113 0.400795 -0.930002 -0.306262 0.203222 -0.504304 0.187351 -0.87068 -0.45477 0.485867 
1534184414571 0.337698 0.886572 -0.31615 -0.611859 -0.919193 0.382918 0.0919644 -0.227994 0.202593 0.259547 0.944241 0.382305 0.31622 -0.384863 0.867113 0.400795 -0.930002 -0.306262 0.203222 -0.504304 0.187351 -0.87068 -0.45477 0.485867 
1534184414578 0.337841 0.886771 -0.315438 -0.611921 -0.919195 0.382912 0.0919773 -0.228 0.202348 0.258875 0.944478 0.382215 0.31622 -0.384863 0.867113 0.400795 -0.930002 -0.306262 0.203222 -0.504304 0.187351 -0.87068 -0.45477 0.485867 
1534184414718 0.337984 0.886969 -0.314725 -0.611985 -0.919196 0.382905 0.0919904 -0.228006 0.202103 0.258203 0.944715 0.382125 0.31622 -0.384863 0.867113 0.400795 -0.930002 -0.306262 0.203222 -0.504304 0.187351 -0.87068 -0.45477 0.485867 
1534184414792 0.338127 0.887168 -0.314012 -0.612049 -0.919197 0.382899 0.0920035 -0.228013 0.201857 0.25753 0.944951 0.382035 0.31622 -0.384863 0.867113 0.400795 -0.930002 -0.306262 0.203222 -0.504304 0.187351 -0.87068 -0.45477 0.485867 
1534184414886 0.33827 0.887365 -0.313299 -0.612112 -0.919199 0.382893 0.0920165 -0.228019 0.201612 0.256857 0.945186 0.381945 0.31622 -0.384863 0.867113 0.400795 -0.930002 -0.306262 0.203222 -0.504304 0.187351 -0.87068 -0.45477 0.485867 
1534184414953 0.338412 0.887563 -0.312585 -0.612175 -0.9192 0.382887 0.0920294 -0.228025 0.201367 0.256185 0.945421 0.381855 0.31622 -0.384863 0.867113 0.400795 -0.930002 -0.306262 0.203222 -0.504304 0.187351 -0.87068 -0.45477 0.485867 
1534184415048 0.338555 0.887759 -0.311872 -0.612239 -0.919201 0.38288 0.0920425 -0.228032 0.201121 0.255511 0.945655 0.381764 0.31622 -0.384863 0.867113 0.400795 -0.930002 -0.306262 0.203222 -0.504304 0.187351 -0.87068 -0.45477 0.485867 
1534184415143 0.338352 0.887579 -0.312604 -0.612211 -0.919192 0.382869 0.092179 -0.227926 0.201502 0.256154 0.9454 0.381859 0.31622 -0.384863 0.867113 0.400795 -0.930002 -0.306262 0.203222 -0.504304 0.187351 -0.87068 -0.45477 0.485867 
1534184415155 0.337985 0.887704 -0.312648 -0.612287 -0.919253 0.382618 0.0926201 -0.227966 0.201844 0.256098 0.945343 0.381784 0.31622 -0.384863 0.867113 0.400795 -0.930002 -0.306262 0.203222 -0.504304 0.187351 -0.87068 -0.45477 0.485867 
1534184415171 0.337617 0.887828 -0.312692 -0.612368 -0.919313 0.382366 0.0930619 -0.228009 0.202186 0.256042 0.945285 0.381708 0.31622 -0.384863 0.867113 0.400795 -0.930002 -0.306262 0.203222 -0.504304 0.187351 -0.87068 -0.45477 0.485867 
1534184415267 0.337248 0.887953 -0.312736 -0.612448 -0.919373 0.382113 0.0935037 -0.228051 0.202527 0.255987 0.945227 0.381632 0.31622 -0.384863 0.867113 0.400795 -0.930002 -0.306262 0.203222 -0.504304 0.187351 -0.87068 -0.45477 0.485867 
1534184415332 0.336879 0.888077 -0.312779 -0.612529 -0.919433 0.381861 0.0939456 -0.228094 0.202869 0.255931 0.945168 0.381556 0.31622 -0.384863 0.867113 0.400795 -0.930002 -0.306262 0.203222 -0.504304 0.187351 -0.87068 -0.45477 0.485867 
1534184415404 0.336511 0.888202 -0.312823 -0.612609 -0.919492 0.381609 0.0943872 -0.228135 0.203211 0.255876 0.94511 0.38148 0.31622 -0.384863 0.867113 0.400795 -0.930002 -0.306262 0.203222 -0.504304 0.187351 -0.87068 -0.45477 0.485867 
1534184415486 0.336142 0.888326 -0.312866 -0.61269 -0.919552 0.381356 0.0948291 -0.228178 0.203553 0.255821 0.945051 0.381404 0.31622 -0.384863 0.867113 0.400795 -0.930002 -0.306262 0.203222 -0.504304 0.187351 -0.87068 -0.45477 0.485867 
1534184415532 0.335773 0.88845 -0.31291 -0.61277 -0.919611 0.381104 0.0952708 -0.22822 0.203894 0.255766 0.944993 0.381328 0.31622 -0.384863 0.867113 0.400795 -0.930002 -0.306262 0.203222 -0.504304 0.187351 -0.87068 -0.45477 0.485867 
1534184415627 0.335404 0.888575 -0.312952 -0.612852 -0.919669 0.380851 0.0957128 -0.228263 0.204236 0.25571 0.944934 0.381252 0.31622 -0.384863 0.867113 0.400795 -0.930002 -0.306262 0.203222 -0.504304 0.187351 -0.87068 -0.45477 0.485867 
1534184415670 0.335035 0.888699 -0.312995 -0.612932 -0.919728 0.380598 0.0961545 -0.228305 0.204578 0.255655 0.944875 0.381176 0.31622 -0.384863 0.867113 0.400795 -0.930002 -0.306262 0.203222 -0.504304 0.187351 -0.87068 -0.45477 0.485867 
1534184415779 0.335623 0.888471 -0.313012 -0.612808 -0.919606 0.381046 0.0955455 -0.228297 0.204161 0.25578 0.944931 0.38126 0.31622 -0.384863 0.867113 0.400795 -0.930002 -0.306262 0.203222 -0.504304 0.187351 -0.87068 -0.45477 0.485867 
1534184415793 0.335009 0.888654 -0.313151 -0.612791 -0.919801 0.380511 0.0958013 -0.228289 0.204292 0.255942 0.944859 0.381184 0.31622 -0.384863 0.867113 0.400795 -0.930002 -0.306262 0.203222 -0.504304 0.187351 -0.87068 -0.45477 0.485867 
1534184415809 0.334394 0.888837 -0.313289 -0.612779 -0.919996 0.379974 0.096058 -0.228285 0.204421 0.256103 0.944787 0.381106 0.31622 -0.384863 0.867113 0.400795 -0.930002 -0.306262 0.203222 -0.504304 0.187351 -0.87068 -0.45477 0.485867 
1534184415826 0.333778 0.889019 -0.313427 -0.612767 -0.920191 0.379437 0.0963144 -0.22828 0.204551 0.256265 0.944715 0.381028 0.31622 -0.384863 0.867113 0.400795 -0.930002 -0.306262 0.203222 -0.504304 0.187351 -0.87068 -0.45477 0.485867 
1534184415986 0.333163 0.889202 -0.313565 -0.612754 -0.920385 0.378901 0.0965708 -0.228276 0.204681 0.256426 0.944643 0.380951 0.31622 -0.384863 0.867113 0.400795 -0.930002 -0.306262 0.203222 -0.504304 0.187351 -0.87068 -0.45477 0.485867 
1534184416129 0.332547 0.889384 -0.313703 -0.612741 -0.920579 0.378364 0.0968272 -0.228271 0.20481 0.256588 0.944571 0.380873 0.31622 -0.384863 0.867113 0.400795 -0.930002 -0.306262 0.203222 -0.504304 0.187351 -0.87068 -0.45477 0.485867 
1534184416397 0.331931 0.889565 -0.31384 -0.612729 -0.920772 0.377827 0.0970839 -0.228266 0.20494 0.25675 0.944499 0.380795 0.31622 -0.384863 0.867113 0.400795 -0.930002 -0.306262 0.203222 -0.504304 0.187351 -0.87068 -0.45477 0.485867 
1534184416413 0.331315 0.889746 -0.313977 -0.612716 -0.920965 0.37729 0.0973405 -0.228261 0.205069 0.256912 0.944427 0.380718 0.31622 -0.384863 0.867113 0.400795 -0.930002 -0.306262 0.203222 -0.504304 0.187351 -0.87068 -0.45477 0.485867 
1534184416689 0.330699 0.889927 -0.314114 -0.612705 -0.921158 0.376753 0.0975974 -0.228257 0.205198 0.257074 0.944355 0.38064 0.31622 -0.384863 0.867113 0.400795 -0.930002 -0.306262 0.203222 -0.504304 0.187351 -0.87068 -0.45477 0.485867 
1534184416695 0.330083 0.890108 -0.314251 -0.612692 -0.92135 0.376216 0.0978541 -0.228252 0.205327 0.257236 0.944283 0.380563 0.31622 -0.384863 0.867113 0.400795 -0.930002 -0.306262 0.203222 -0.504304 0.187351 -0.87068 -0.45477 0.485867 
1534184416917 0.330933 0.889833 -0.314136 -0.612741 -0.921119 0.376923 0.0973132 -0.228251 0.204997 0.257152 0.944377 0.380654 0.31622 -0.384863 0.867113 0.400795 -0.930002 -0.306262 0.203222 -0.504304 0.187351 -0.87068 -0.45477 0.485867 
1534184416926 0.330395 0.890143 -0.313821 -0.612576 -0.921277 0.376418 0.0977639 -0.228196 0.205152 0.256815 0.944436 0.380618 0.31622 -0.384863 0.867113 0.400795 -0.930002 -0.306262 0.203222 -0.504304 0.187351 -0.87068 -0.45477 0.485867 
1534184416943 0.329857 0.890454 -0.313506 -0.612408 -0.921436 0.375913 0.098214 -0.228142 0.205306 0.256479 0.944493 0.380581 0.31622 -0.384863 0.867113 0.400795 -0.930002 -0.306262 0.203222 -0.504304 0.187351 -0.87068 -0.45477 0.485867 
1534184416960 0.329319 0.890764 -0.313192 -0.612242 -0.921594 0.375407 0.0986647 -0.228088 0.205461 0.256144 0.944551 0.380544 0.31622 -0.384863 0.867113 0.400795 -0.930002 -0.306262 0.203222 -0.504304 0.187351 -0.87068 -0.45477 0.485867 
1534184417057 0.32878 0.891073 -0.312877 -0.612073 -0.921751 0.374901 0.0991147 -0.228034 0.205616 0.255807 0.944608 0.380507 0.31622 -0.384863 0.867113 0.400795 -0.930002 -0.306262 0.203222 -0.504304 0.187351 -0.87068 -0.45477 0.485867 
1534184417118 0.328242 0.891382 -0.312561 -0.611907 -0.921908 0.374395 0.0995645 -0.22798 0.205771 0.255472 0.944665 0.38047 0.31622 -0.384863 0.867113 0.400795 -0.930002 -0.306262 0.203222 -0.504304 0.187351 -0.87068 -0.45477 0.485867 
1534184417124 0.327703 0.891691 -0.312246 -0.611738 -0.922065 0.373888 0.100015 -0.227926 0.205927 0.255136 0.944722 0.380432 0.31622 -0.384863 0.867113 0.400795 -0.930002 -0.306262 0.203222 -0.504304 0.187351 -0.87068 -0.45477 0.485867 
1534184417236 0.327165 0.891999 -0.31193 -0.61157 -0.922222 0.373382 0.100464 -0.227871 0.206083 0.2548 0.944779 0.380395 0.31622 -0.384863 0.867113 0.400795 -0.930002 -0.306262 0.203222 -0.504304 0.187351 -0.87068 -0.45477 0.485867 
1534184417272 0.326626 0.892307 -0.311614 -0.611403 -0.922378 0.372874 0.100914 -0.227817 0.206239 0.254465 0.944835 0.380359 0.31622 -0.384863 0.867113 0.400795 -0.930002 -0.306262 0.203222 -0.504304 0.187351 -0.87068 -0.45477 0.485867 
1534184417345 0.326087 0.892615 -0.311298 -0.611234 -0.922534 0.372367 0.101363 -0.227763 0.206395 0.254129 0.944891 0.380322 0.31622 -0.384863 0.867113 0.400795 -0.930002 -0.306262 0.203222 -0.504304 0.187351 -0.87068 -0.45477 0.485867 
1534184417417 0.327207 0.89196 -0.311998 -0.611525 -0.922201 0.373436 0.10045 -0.227968 0.206109 0.254857 0.944758 0.380323 0.31622 -0.384863 0.867113 0.400795 -0.930002 -0.306262 0.203222 -0.504304 0.187351 -0.87068 -0.45477 0.485867 
1534184417429 0.326458 0.892406 -0.311508 -0.61118 -0.922475 0.372656 0.100836 -0.227777 0.206072 0.25444 0.944878 0.380339 0.31622 -0.384863 0.867113 0.400795 -0.930002 -0.306262 0.203222 -0.504304 0.187351 -0.87068 -0.45477 0.485867 
1534184417446 0.32571 0.892849 -0.31102 -0.610831 -0.922747 0.371877 0.101222 -0.227584 0.206037 0.254023 0.944998 0.380356 0.31622 -0.384863 0.867113 0.400795 -0.930002 -0.306262 0.203222 -0.504304 0.187351 -0.87068 -0.45477 0.485867 
1534184417581 0.324963 0.893292 -0.310531 -0.610481 -0.923018 0.371098 0.101607 -0.227391 0.206002 0.253607 0.945117 0.380373 0.31622 -0.384863 0.867113 0.400795 -0.930002 -0.306262 0.203222 -0.504304 0.187351 -0.87068 -0.45477 0.485867 
1534184417731 0.324215 0.893733 -0.310041 -0.610131 -0.923289 0.370318 0.101992 -0.227198 0.205967 0.253191 0.945237 0.38039 0.31622 -0.384863 0.867113 0.400795 -0.930002 -0.306262 0.203222 -0.504304 0.187351 -0.87068 -0.45477 0.485867 
1534184417860 0.323466 0.894174 -0.309552 -0.609781 -0.923559 0.369538 0.102376 -0.227005 0.205933 0.252774 0.945355 0.380408 0.31622 -0.384863 0.867113 0.400795 -0.930002 -0.306262 0.203222 -0.504304 0.187351 -0.87068 -0.45477 0.485867 
1534184418073 0.322718 0.894614 -0.309062 -0.609432 -0.923828 0.368757 0.10276 -0.226812 0.205899 0.252357 0.945474 0.380424 0.31622 -0.384863 0.867113 0.400795 -0.930002 -0.306262 0.203222 -0.504304 0.187351 -0.87068 -0.45477 0.485867 
1534184418185 0.321969 0.895053 -0.308571 -0.609081 -0.924097 0.367976 0.103143 -0.226618 0.205865 0.251941 0.945593 0.380442 0.31622 -0.384863 0.867113 0.400795 -0.930002 -0.306262 0.203222 -0.504304 0.187351 -0.87068 -0.45477 0.485867 
1534184418191 0.32122 0.895491 -0.30808 -0.608732 -0.924365 0.367194 0.103526 -0.226426 0.205832 0.251524 0.945711 0.380459 0.31622 -0.384863 0.867113 0.400795 -0.930002 -0.306262 0.203222 -0.504304 0.187351 -0.87068 -0.45477 0.485867 
1534184418379 0.320471 0.895928 -0.307589 -0.608383 -0.924632 0.366412 0.103909 -0.226233 0.205799 0.251107 0.945829 0.380476 0.31622 -0.384863 0.867113 0.400795 -0.930002 -0.306262 0.203222 -0.504304 0.187351 -0.87068 -0.45477 0.485867 
1534184418517 0.320931 0.895626 -0.30799 -0.608676 -0.924494 0.366872 0.103513 -0.226365 0.205702 0.251514 0.945742 0.380406 0.31622 -0.384863 0.867113 0.400795 -0.930002 -0.306262 0.203222 -0.504304 0.187351 -0.87068 -0.45477 0.485867 
1534184418529 0.320163 0.896338 -0.306715 -0.608335 -0.924906 0.365813 0.103586 -0.22619 0.205048 0.250518 0.946148 0.380416 0.31622 -0.384863 0.867113 0.400795 -0.930002 -0.306262 0.203222 -0.504304 0.187351 -0.87068 -0.45477 0.485867 
1534184418621 0.319391 0.897048 -0.305439 -0.607987 -0.925317 0.364752 0.10366 -0.226015 0.204397 0.24952 0.946552 0.380423 0.31622 -0.384863 0.867113 0.400795 -0.930002 -0.306262 0.203222 -0.504304 0.187351 -0.87068 -0.45477 0.485867 
1534184418721 0.318619 0.897756 -0.304164 -0.607641 -0.925726 0.363691 0.103731 -0.22584 0.203747 0.248522 0.946955 0.380432 0.31622 -0.384863 0.867113 0.400795 -0.930002 -0.306262 0.203222 -0.504304 0.187351 -0.87068 -0.45477 0.485867 
1534184418839 0.317846 0.898461 -0.302888 -0.607294 -0.926135 0.362629 0.103801 -0.225664 0.203097 0.247522 0.947357 0.380441 0.31622 -0.384863 0.867113 0.400795 -0.930002 -0.306262 0.203222 -0.504304 0.187351 -0.87068 -0.45477 0.485867 
1534184418945 0.317072 0.899164 -0.301611 -0.606948 -0.926542 0.361567 0.103869 -0.225489 0.202448 0.246522 0.947756 0.380449 0.31622 -0.384863 0.867113 0.400795 -0.930002 -0.306262 0.203222 -0.504304 0.187351 -0.87068 -0.45477 0.485867 
1534184419048 0.316296 0.899865 -0.300334 -0.6066 -0.926949 0.360505 0.103935 -0.225313 0.201799 0.24552 0.948155 0.380458 0.31622 -0.384863 0.867113 0.400795 -0.930002 -0.306262 0.203222 -0.504304 0.187351 -0.87068 -0.45477 0.485867 
1534184419151 0.315519 0.900563 -0.299056 -0.606254 -0.927354 0.359442 0.104 -0.225137 0.201152 0.244517 0.948551 0.380467 0.31622 -0.384863 0.867113 0.400795 -0.930002 -0.306262 0.203222 -0.504304 0.187351 -0.87068 -0.45477 0.485867 
1534184419269 0.314741 0.901258 -0.297778 -0.605907 -0.927758 0.358378 0.104064 -0.224961 0.200505 0.243513 0.948946 0.380476 0.31622 -0.384863 0.867113 0.400795 -0.930002 -0.306262 0.203222 -0.504304 0.187351 -0.87068 -0.45477 0.485867 
1534184419387 0.313962 0.901951 -0.296499 -0.60556 -0.928162 0.357314 0.104126 -0.224786 0.19986 0.242508 0.94934 0.380484 0.31622 -0.384863 0.867113 0.400795 -0.930002 -0.306262 0.203222 -0.504304 0.187351 -0.87068 -0.45477 0.485867 
1534184419514 0.314373 0.901415 -0.297692 -0.605875 -0.927898 0.357997 0.104129 -0.224846 0.200436 0.243493 0.948966 0.380421 0.31622 -0.384863 0.867113 0.400795 -0.930002 -0.306262 0.203222 -0.504304 0.187351 -0.87068 -0.45477 0.485867 
1534184419527 0.313712 0.902089 -0.296343 -0.605623 -0.928248 0.357055 0.104246 -0.224713 0.19985 0.242377 0.949375 0.380405 0.31622 -0.384863 0.867113 0.400795 -0.930002 -0.306262 0.203222 -0.504304 0.187351 -0.87068 -0.45477 0.485867 
1534184419544 0.31305 0.902762 -0.294992 -0.605375 -0.928597 0.356112 0.104363 -0.224584 0.199265 0.241258 0.949783 0.380387 0.31622 -0.384863 0.867113 0.400795 -0.930002 -0.306262 0.203222 -0.504304 0.187351 -0.87068 -0.45477 0.485867 
1534184419697 0.312387 0.903432 -0.293641 -0.605127 -0.928946 0.355168 0.104479 -0.224454 0.198681 0.240138 0.950189 0.380369 0.31622 -0.384863 0.867113 0.400795 -0.930002 -0.306262 0.203222 -0.504304 0.187351 -0.87068 -0.45477 0.485867 
1534184419816 0.311723 0.9041 -0.292288 -0.60488 -0.929293 0.354224 0.104593 -0.224325 0.198098 0.239018 0.950593 0.380351 0.31622 -0.384863 0.867113 0.400795 -0.930002 -0.306262 0.203222 -0.504304 0.187351 -0.87068 -0.45477 0.485867 
1534184419936 0.311058 0.904765 -0.290935 -0.604633 -0.92964 0.353279 0.104706 -0.224196 0.197515 0.237896 0.950996 0.380334 0.31622 -0.384863 0.867113 0.400795 -0.930002 -0.306262 0.203222 -0.504304 0.187351 -0.87068 -0.45477 0.485867 
1534184420069 0.310391 0.905428 -0.289582 -0.604384 -0.929986 0.352334 0.104817 -0.224066 0.196934 0.236773 0.951397 0.380316 0.31622 -0.384863 0.867113 0.400795 -0.930002 -0.306262 0.203222 -0.504304 0.187351 -0.87068 -0.45477 0.485867 
1534184420200 0.309724 0.906088 -0.288228 -0.604138 -0.930331 0.351388 0.104927 -0.223937 0.196353 0.235649 0.951796 0.380298 0.31622 -0.384863 0.867113 0.400795 -0.930002 -0.306262 0.203222 -0.504304 0.187351 -0.87068 -0.45477 0.485867 
1534184420333 0.309055 0.906746 -0.286873 -0.603889 -0.930676 0.350442 0.105035 -0.223807 0.195773 0.234524 0.952193 0.380281 0.31622 -0.384863 0.867113 0.400795 -0.930002 -0.306262 0.203222 -0.504304 0.187351 -0.87068 -0.45477 0.485867 
1534184420467 0.308386 0.907402 -0.285518 -0.603643 -0.93102 0.349496 0.105142 -0.223678 0.195194 0.233398 0.952588 0.380263 0.31622 -0.384863 0.867113 0.400795 -0.930002 -0.306262 0.203222 -0.504304 0.187351 -0.87068 -0.45477 0.485867 
1534184420607 0.308935 0.906897 -0.286525 -0.603835 -0.930739 0.350259 0.10509 -0.223782 0.195664 0.234214 0.952292 0.380297 0.31622 -0.384863 0.867113 0.400795 -0.930002 -0.306262 0.203222 -0.504304 0.187351 -0.87068 -0.45477 0.485867 
1534184420620 0.308439 0.907252 -0.285936 -0.603637 -0.930965 0.34964 0.105147 -0.223678 0.19537 0.233765 0.952462 0.380293 0.31622 -0.384863 0.867113 0.400795 -0.930002 -0.306262 0.203222 -0.504304 0.187351 -0.87068 -0.45477 0.485867 
1534184420637 0.307942 0.907605 -0.285349 -0.603435 -0.931191 0.349021 0.105204 -0.223574 0.195076 0.233318 0.952632 0.380289 0.31622 -0.384863 0.867113 0.400795 -0.930002 -0.306262 0.203222 -0.504304 0.187351 -0.87068 -0.45477 0.485867 
1534184420655 0.307445 0.907958 -0.284762 -0.603231 -0.931417 0.348401 0.105259 -0.223469 0.194782 0.232871 0.952802 0.380285 0.31622 -0.384863 0.867113 0.400795 -0.930002 -0.306262 0.203222 -0.504304 0.187351 -0.87068 -0.45477 0.485867 
1534184420769 0.306948 0.90831 -0.284174 -0.60303 -0.931642 0.347781 0.105315 -0.223365 0.194489 0.232423 0.952971 0.380282 0.31622 -0.384863 0.867113 0.400795 -0.930002 -0.306262 0.203222 -0.504304 0.187351 -0.87068 -0.45477 0.485867 
1534184420838 0.30645 0.908662 -0.283587 -0.602827 -0.931867 0.347162 0.10537 -0.22326 0.194196 0.231975 0.95314 0.380278 0.31622 -0.384863 0.867113 0.400795 -0.930002 -0.306262 0.203222 -0.504304 0.187351 -0.87068 -0.45477 0.485867 
1534184420878 0.305952 0.909013 -0.282999 -0.602625 -0.932092 0.346541 0.105424 -0.223155 0.193903 0.231526 0.953309 0.380274 0.31622 -0.384863 0.867113 0.400795 -0.930002 -0.306262 0.203222 -0.504304 0.187351 -0.87068 -0.45477 0.485867 
1534184420957 0.305454 0.909363 -0.282411 -0.602422 -0.932316 0.345921 0.105478 -0.22305 0.19361 0.231078 0.953477 0.380271 0.31622 -0.384863 0.867113 0.400795 -0.930002 -0.306262 0.203222 -0.504304 0.187351 -0.87068 -0.45477 0.485867 
1534184420996 0.304956 0.909713 -0.281823 -0.60222 -0.93254 0.345301 0.105532 -0.222945 0.193318 0.230629 0.953645 0.380267 0.31622 -0.384863 0.867113 0.400795 -0.930002 -0.306262 0.203222 -0.504304 0.187351 -0.87068 -0.45477 0.485867 
1534184421058 0.304457 0.910062 -0.281236 -0.602016 -0.932763 0.34468 0.105585 -0.22284 0.193026 0.23018 0.953812 0.380264 0.31622 -0.384863 0.867113 0.400795 -0.930002 -0.306262 0.203222 -0.504304 0.187351 -0.87068 -0.45477 0.485867 
1534184421125 0.305235 0.909477 -0.282282 -0.602388 -0.9324 0.345681 0.105524 -0.222964 0.193551 0.230991 0.95351 0.380241 0.31622 -0.384863 0.867113 0.400795 -0.930002 -0.306262 0.203222 -0.504304 0.187351 -0.87068 -0.45477 0.485867 
1534184421138 0.304814 0.90988 -0.281439 -0.602213 -0.932643 0.345052 0.105434 -0.222852 0.193043 0.230344 0.953769 0.380231 0.31622 -0.384863 0.867113 0.400795 -0.930002 -0.306262 0.203222 -0.504304 0.187351 -0.87068 -0.45477 0.485867 
1534184421155 0.304391 0.910282 -0.280594 -0.602036 -0.932886 0.344422 0.105345 -0.222743 0.192537 0.229696 0.954028 0.380218 0.31622 -0.384863 0.867113 0.400795 -0.930002 -0.306262 0.203222 -0.504304 0.187351 -0.87068 -0.45477 0.485867 
1534184421182 0.303967 0.910683 -0.279749 -0.60186 -0.933128 0.343792 0.105256 -0.222632 0.19203 0.229047 0.954286 0.380206 0.31622 -0.384863 0.867113 0.400795 -0.930002 -0.306262 0.203222 -0.504304 0.187351 -0.87068 -0.45477 0.485867 
1534184421298 0.303543 0.911084 -0.278903 -0.601683 -0.93337 0.343162 0.105167 -0.222523 0.191525 0.228398 0.954543 0.380192 0.31622 -0.384863 0.867113 0.400795 -0.930002 -0.306262 0.203222 -0.504304 0.187351 -0.87068 -0.45477 0.485867 
1534184421348 0.303118 0.911484 -0.278058 -0.601507 -0.933612 0.342531 0.105076 -0.222413 0.191019 0.227748 0.9548 0.380179 0.31622 -0.384863 0.867113 0.400795 -0.930002 -0.306262 0.203222 -0.504304 0.187351 -0.87068 -0.45477 0.485867 
1534184421450 0.302693 0.911883 -0.277213 -0.601331 -0.933853 0.341901 0.104985 -0.222303 0.190513 0.227098 0.955056 0.380167 0.31622 -0.384863 0.867113 0.400795 -0.930002 -0.306262 0.203222 -0.504304 0.187351 -0.87068 -0.45477 0.485867 
1534184421492 0.302267 0.91228 -0.276368 -0.601154 -0.934094 0.341271 0.104893 -0.222193 0.190008 0.226447 0.955311 0.380155 0.31622 -0.384863 0.867113 0.400795 -0.930002 -0.306262 0.203222 -0.504304 0.187351 -0.87068 -0.45477 0.485867 
1534184421594 0.30184 0.912678 -0.275521 -0.600978 -0.934335 0.34064 0.104802 -0.222084 0.189504 0.225796 0.955565 0.38014 0.31622 -0.384863 0.867113 0.400795 -0.930002 -0.306262 0.203222 -0.504304 0.187351 -0.87068 -0.45477 0.485867 
1534184421646 0.301413 0.913074 -0.274675 -0.600801 -0.934575 0.34001 0.104709 -0.221974 0.188999 0.225144 0.955819 0.380128 0.31622 -0.384863 0.867113 0.400795 -0.930002 -0.306262 0.203222 -0.504304 0.187351 -0.87068 -0.45477 0.485867 
1534184421749 0.301967 0.912575 -0.275722 -0.601012 -0.934258 0.340828 0.104873 -0.222135 0.189678 0.225927 0.955499 0.380192 0.31622 -0.384863 0.867113 0.400795 -0.930002 -0.306262 0.203222 -0.504304 0.187351 -0.87068 -0.45477 0.485867 
1534184421763 0.301689 0.912895 -0.274966 -0.600878 -0.934436 0.340368 0.104782 -0.222056 0.189244 0.225326 0.955727 0.380164 0.31622 -0.384863 0.867113 0.400795 -0.930002 -0.306262 0.203222 -0.504304 0.187351 -0.87068 -0.45477 0.485867 
1534184421779 0.301409 0.913216 -0.274207 -0.600747 -0.934614 0.339906 0.10469 -0.221982 0.18881 0.224723 0.955955 0.380132 0.31622 -0.384863 0.867113 0.400795 -0.930002 -0.306262 0.203222 -0.504304 0.187351 -0.87068 -0.45477 0.485867 
1534184421796 0.301128 0.913536 -0.273449 -0.600616 -0.934792 0.339445 0.104598 -0.221907 0.188375 0.224121 0.956182 0.380101 0.31622 -0.384863 0.867113 0.400795 -0.930002 -0.306262 0.203222 -0.504304 0.187351 -0.87068 -0.45477 0.485867 
1534184421953 0.300847 0.913855 -0.272691 -0.600486 -0.93497 0.338983 0.104506 -0.221832 0.187941 0.223518 0.956409 0.38007 0.31622 -0.384863 0.867113 0.400795 -0.930002 -0.306262 0.203222 -0.504304 0.187351 -0.87068 -0.45477 0.485867 
1534184421994 0.300566 0.914173 -0.271933 -0.600355 -0.935148 0.338522 0.104413 -0.221756 0.187507 0.222915 0.956635 0.38004 0.31622 -0.384863 0.867113 0.400795 -0.930002 -0.306262 0.203222 -0.504304 0.187351 -0.87068 -0.45477 0.485867 
1534184422094 0.300285 0.914491 -0.271175 -0.600225 -0.935325 0.33806 0.10432 -0.221681 0.187073 0.222311 0.95686 0.380009 0.31622 -0.384863 0.867113 0.400795 -0.930002 -0.306262 0.203222 -0.504304 0.187351 -0.87068 -0.45477 0.485867 
1534184422136 0.300003 0.914808 -0.270417 -0.600094 -0.935502 0.337598 0.104226 -0.221605 0.186639 0.221707 0.957085 0.379978 0.31622 -0.384863 0.867113 0.400795 -0.930002 -0.306262 0.203222 -0.504304 0.187351 -0.87068 -0.45477 0.485867 
1534184422239 0.29972 0.915124 -0.269658 -0.599964 -0.935679 0.337137 0.104132 -0.221531 0.186205 0.221103 0.957309 0.379947 0.31622 -0.384863 0.867113 0.400795 -0.930002 -0.306262 0.203222 -0.504304 0.187351 -0.87068 -0.45477 0.485867 
1534184422285 0.299438 0.91544 -0.268899 -0.599833 -0.935856 0.336675 0.104038 -0.221455 0.185772 0.220498 0.957533 0.379917 0.31622 -0.384863 0.867113 0.400795 -0.930002 -0.306262 0.203222 -0.504304 0.187351 -0.87068 -0.45477 0.485867 
1534184422385 0.299844 0.915012 -0.2699 -0.599982 -0.935607 0.337323 0.104179 -0.221591 0.186369 0.221283 0.957236 0.379986 0.31622 -0.384863 0.867113 0.400795 -0.930002 -0.306262 0.203222 -0.504304 0.187351 -0.87068 -0.45477 0.485867 
1534184422392 0.299499 0.915258 -0.269451 -0.599868 -0.935743 0.336908 0.104297 -0.221531 0.186239 0.2209 0.95735 0.379968 0.31622 -0.384863 0.867113 0.400795 -0.930002 -0.306262 0.203222 -0.504304 0.187351 -0.87068 -0.45477 0.485867 
1534184422399 0.299154 0.915503 -0.269002 -0.599754 -0.935879 0.336493 0.104416 -0.221472 0.18611 0.220517 0.957463 0.379947 0.31622 -0.384863 0.867113 0.400795 -0.930002 -0.306262 0.203222 -0.504304 0.187351 -0.87068 -0.45477 0.485867 
1534184422415 0.298808 0.915747 -0.268554 -0.59964 -0.936015 0.336077 0.104534 -0.221413 0.185981 0.220135 0.957576 0.379928 0.31622 -0.384863 0.867113 0.400795 -0.930002 -0.306262 0.203222 -0.504304 0.187351 -0.87068 -0.45477 0.485867 
1534184422432 0.298462 0.915992 -0.268104 -0.599526 -0.936151 0.335661 0.104652 -0.221356 0.185853 0.219751 0.957689 0.379906 0.31622 -0.384863 0.867113 0.400795 -0.930002 -0.306262 0.203222 -0.504304 0.187351 -0.87068 -0.45477 0.485867 
1534184422449 0.298116 0.916236 -0.267655 -0.599412 -0.936287 0.335246 0.10477 -0.221297 0.185724 0.219369 0.957802 0.379886 0.31622 -0.384863 0.867113 0.400795 -0.930002 -0.306262 0.203222 -0.504304 0.187351 -0.87068 -0.45477 0.485867 
1534184422548 0.29777 0.916479 -0.267206 -0.599298 -0.936423 0.33483 0.104887 -0.221238 0.185595 0.218986 0.957914 0.379866 0.31622 -0.384863 0.867113 0.400795 -0.930002 -0.306262 0.203222 -0.504304 0.187351 -0.87068 -0.45477 0.485867 
1534184422572 0.297423 0.916723 -0.266756 -0.599184 -0.936558 0.334414 0.105005 -0.221181 0.185467 0.218602 0.958027 0.379845 0.31622 -0.384863 0.867113 0.400795 -0.930002 -0.306262 0.203222 -0.504304 0.187351 -0.87068 -0.45477 0.485867 
1534184422579 0.297077 0.916966 -0.266307 -0.59907 -0.936693 0.333998 0.105122 -0.221123 0.185339 0.218219 0.958139 0.379825 0.31622 -0.384863 0.867113 0.400795 -0.930002 -0.306262 0.203222 -0.504304 0.187351 -0.87068 -0.45477 0.485867 
1534184422680 0.29673 0.917208 -0.265857 -0.598956 -0.936829 0.333582 0.105239 -0.221064 0.185211 0.217835 0.958251 0.379804 0.31622 -0.384863 0.867113 0.400795 -0.930002 -0.306262 0.203222 -0.504304 0.187351 -0.87068 -0.45477 0.485867 
1534184422711 0.297588 0.91664 -0.266857 -0.599209 -0.936496 0.334596 0.104981 -0.221215 0.185519 0.21867 0.958001 0.37992 0.31622 -0.384863 0.867113 0.400795 -0.930002 -0.306262 0.203222 -0.504304 0.187351 -0.87068 -0.45477 0.485867 
1534184422723 0.297275 0.916916 -0.266257 -0.599101 -0.93667 0.334138 0.10489 -0.221147 0.185142 0.218213 0.958178 0.379874 0.31622 -0.384863 0.867113 0.400795 -0.930002 -0.306262 0.203222 -0.504304 0.187351 -0.87068 -0.45477 0.485867 
1534184422739 0.296962 0.917192 -0.265655 -0.598996 -0.936843 0.333678 0.1048 -0.221083 0.184765 0.217756 0.958355 0.379823 0.31622 -0.384863 0.867113 0.400795 -0.930002 -0.306262 0.203222 -0.504304 0.187351 -0.87068 -0.45477 0.485867 
1534184422756 0.296648 0.917467 -0.265054 -0.598892 -0.937017 0.333219 0.10471 -0.221018 0.184389 0.217298 0.958531 0.379774 0.31622 -0.384863 0.867113 0.400795 -0.930002 -0.306262 0.203222 -0.504304 0.187351 -0.87068 -0.45477 0.485867 
1534184422864 0.296333 0.917742 -0.264453 -0.598788 -0.93719 0.33276 0.104619 -0.220953 0.184013 0.21684 0.958707 0.379725 0.31622 -0.384863 0.867113 0.400795 -0.930002 -0.306262 0.203222 -0.504304 0.187351 -0.87068 -0.45477 0.485867 
1534184422916 0.296019 0.918017 -0.263851 -0.598684 -0.937363 0.3323 0.104529 -0.220889 0.183637 0.216382 0.958883 0.379675 0.31622 -0.384863 0.867113 0.400795 -0.930002 -0.306262 0.203222 -0.504304 0.187351 -0.87068 -0.45477 0.485867 
1534184422987 0.295704 0.918291 -0.26325 -0.598579 -0.937536 0.331841 0.104437 -0.220823 0.183261 0.215924 0.959058 0.379627 0.31622 -0.384863 0.867113 0.400795 -0.930002 -0.306262 0.203222 -0.504304 0.187351 -0.87068 -0.45477 0.485867 
1534184423032 0.295389 0.918565 -0.262649 -0.598474 -0.937709 0.331382 0.104346 -0.220758 0.182885 0.215466 0.959233 0.379578 0.31622 -0.384863 0.867113 0.400795 -0.930002 -0.306262 0.203222 -0.504304 0.187351 -0.87068 -0.45477 0.485867 
1534184423102 0.295074 0.918838 -0.262047 -0.59837 -0.937881 0.330922 0.104254 -0.220694 0.18251 0.215006 0.959407 0.379528 0.31622 -0.384863 0.867113 0.400795 -0.930002 -0.306262 0.203222 -0.504304 0.187351 -0.87068 -0.45477 0.485867 
1534184423159 0.294758 0.91911 -0.261446 -0.598266 -0.938054 0.330463 0.104162 -0.220629 0.182134 0.214547 0.959581 0.379479 0.31622 -0.384863 0.867113 0.400795 -0.930002 -0.306262 0.203222 -0.504304 0.187351 -0.87068 -0.45477 0.485867 
1534184423228 0.295389 0.918618 -0.262461 -0.598441 -0.937723 0.331344 0.104343 -0.220801 0.182816 0.215294 0.959285 0.37957 0.31622 -0.384863 0.867113 0.400795 -0.930002 -0.306262 0.203222 -0.504304 0.187351 -0.87068 -0.45477 0.485867 
1534184423239 0.294983 0.918969 -0.261688 -0.598317 -0.937902 0.330802 0.104446 -0.220727 0.18255 0.214628 0.959484 0.379524 0.31622 -0.384863 0.867113 0.400795 -0.930002 -0.306262 0.203222 -0.504304 0.187351 -0.87068 -0.45477 0.485867 
1534184423256 0.294576 0.91932 -0.260915 -0.598197 -0.938082 0.33026 0.104549 -0.220656 0.182284 0.213962 0.959684 0.379475 0.31622 -0.384863 0.867113 0.400795 -0.930002 -0.306262 0.203222 -0.504304 0.187351 -0.87068 -0.45477 0.485867 
1534184423262 0.294168 0.919669 -0.260142 -0.598077 -0.938261 0.329717 0.104651 -0.220584 0.182018 0.213296 0.959882 0.379427 0.31622 -0.384863 0.867113 0.400795 -0.930002 -0.306262 0.203222 -0.504304 0.187351 -0.87068 -0.45477 0.485867 
1534184423426 0.29376 0.920018 -0.259368 -0.597958 -0.938441 0.329174 0.104754 -0.220513 0.181753 0.212629 0.960081 0.379379 0.31622 -0.384863 0.867113 0.400795 -0.930002 -0.306262 0.203222 -0.504304 0.187351 -0.87068 -0.45477 0.485867 
1534184423469 0.293352 0.920366 -0.258595 -0.597839 -0.93862 0.328631 0.104855 -0.220442 0.181488 0.211963 0.960278 0.379331 0.31622 -0.384863 0.867113 0.400795 -0.930002 -0.306262 0.203222 -0.504304 0.187351 -0.87068 -0.45477 0.485867 
1534184423475 0.292944 0.920713 -0.257821 -0.597719 -0.938798 0.328088 0.104956 -0.22037 0.181223 0.211296 0.960475 0.379284 0.31622 -0.384863 0.867113 0.400795 -0.930002 -0.306262 0.203222 -0.504304 0.187351 -0.87068 -0.45477 0.485867 
1534184423610 0.292535 0.921059 -0.257047 -0.5976 -0.938977 0.327545 0.105057 -0.220299 0.180958 0.210628 0.960672 0.379236 0.31622 -0.384863 0.867113 0.400795 -0.930002 -0.306262 0.203222 -0.504304 0.187351 -0.87068 -0.45477 0.485867 
1534184423659 0.292126 0.921405 -0.256273 -0.59748 -0.939155 0.327002 0.105157 -0.220227 0.180694 0.209961 0.960867 0.379188 0.31622 -0.384863 0.867113 0.400795 -0.930002 -0.306262 0.203222 -0.504304 0.187351 -0.87068 -0.45477 0.485867 
1534184423760 0.291717 0.921749 -0.255498 -0.59736 -0.939333 0.326458 0.105257 -0.220155 0.18043 0.209293 0.961063 0.37914 0.31622 -0.384863 0.867113 0.400795 -0.930002 -0.306262 0.203222 -0.504304 0.187351 -0.87068 -0.45477 0.485867 
1534184423810 0.292493 0.921245 -0.256429 -0.59753 -0.93904 0.327375 0.105019 -0.220313 0.180696 0.21008 0.960841 0.379278 0.31622 -0.384863 0.867113 0.400795 -0.930002 -0.306262 0.203222 -0.504304 0.187351 -0.87068 -0.45477 0.485867 
1534184423822 0.292002 0.921649 -0.255535 -0.597346 -0.939288 0.326687 0.104942 -0.220185 0.1802 0.209377 0.961087 0.379239 0.31622 -0.384863 0.867113 0.400795 -0.930002 -0.306262 0.203222 -0.504304 0.187351 -0.87068 -0.45477 0.485867 
1534184423829 0.29151 0.922052 -0.25464 -0.597161 -0.939536 0.325999 0.104868 -0.220059 0.179706 0.208673 0.961333 0.379196 0.31622 -0.384863 0.867113 0.400795 -0.930002 -0.306262 0.203222 -0.504304 0.187351 -0.87068 -0.45477 0.485867 
1534184423909 0.291017 0.922455 -0.253744 -0.596977 -0.939783 0.32531 0.104792 -0.219933 0.179212 0.207968 0.961578 0.379153 0.31622 -0.384863 0.867113 0.400795 -0.930002 -0.306262 0.203222 -0.504304 0.187351 -0.87068 -0.45477 0.485867 
1534184423979 0.290524 0.922856 -0.252849 -0.596793 -0.94003 0.324621 0.104716 -0.219807 0.178718 0.207263 0.961822 0.379111 0.31622 -0.384863 0.867113 0.400795 -0.930002 -0.306262 0.203222 -0.504304 0.187351 -0.87068 -0.45477 0.485867 
1534184424071 0.290031 0.923256 -0.251954 -0.596608 -0.940276 0.323933 0.104639 -0.21968 0.178224 0.206558 0.962065 0.379069 0.31622 -0.384863 0.867113 0.400795 -0.930002 -0.306262 0.203222 -0.504304 0.187351 -0.87068 -0.45477 0.485867 
1534184424133 0.289536 0.923655 -0.251058 -0.596424 -0.940521 0.323244 0.104561 -0.219556 0.177732 0.205851 0.962308 0.379025 0.31622 -0.384863 0.867113 0.400795 -0.930002 -0.306262 0.203222 -0.504304 0.187351 -0.87068 -0.45477 0.485867 
1534184424235 0.289041 0.924053 -0.250162 -0.59624 -0.940766 0.322555 0.104483 -0.21943 0.177239 0.205144 0.96255 0.378983 0.31622 -0.384863 0.867113 0.400795 -0.930002 -0.306262 0.203222 -0.504304 0.187351 -0.87068 -0.45477 0.485867 
