1533552229291 0.101129 0.943273 -0.316242 -0.603775 -0.958423 0.177626 0.223326 -0.226149 0.26683 0.280508 0.922018 0.381215 1 0 0 0 0 1 0 0 0 0 1 1.306 
1533552229303 0.101176 0.943341 -0.316023 -0.603781 -0.958348 0.177691 0.223596 -0.226174 0.267082 0.280238 0.922027 0.381227 0.313239 -0.3866 0.867422 0.386189 -0.93126 -0.304042 0.200784 -0.500185 0.18611 -0.870689 -0.455263 0.505382 
1533552229495 0.101223 0.943409 -0.315805 -0.603787 -0.958273 0.177757 0.223866 -0.2262 0.267334 0.279966 0.922037 0.38124 0.316244 -0.384866 0.867103 0.400216 -0.929998 -0.306258 0.203249 -0.504049 0.187334 -0.87068 -0.454777 0.486145 
1533552229694 0.10127 0.943478 -0.315586 -0.603793 -0.958197 0.177822 0.224137 -0.226225 0.267586 0.279695 0.922046 0.381252 0.316258 -0.384857 0.867102 0.400836 -0.929992 -0.306267 0.203261 -0.504368 0.187338 -0.870681 -0.454774 0.485921 
1533552229859 0.101317 0.943546 -0.315367 -0.603799 -0.958122 0.177887 0.224407 -0.226251 0.267838 0.279424 0.922055 0.381265 0.316239 -0.384881 0.867098 0.400855 -0.93 -0.306257 0.203241 -0.504361 0.187331 -0.870674 -0.454789 0.485943 
1533552230052 0.101364 0.943614 -0.315148 -0.603804 -0.958046 0.177952 0.224677 -0.226276 0.26809 0.279152 0.922064 0.381277 0.316214 -0.384899 0.867099 0.400827 -0.930009 -0.306245 0.203216 -0.504329 0.187327 -0.87067 -0.454799 0.48594 
1533552230215 0.101411 0.943682 -0.314929 -0.60381 -0.957971 0.178017 0.224948 -0.226301 0.268342 0.27888 0.922073 0.381289 0.3162 -0.384907 0.867101 0.400798 -0.930014 -0.306239 0.203202 -0.504306 0.187326 -0.870669 -0.454801 0.485922 
1533552230375 0.101459 0.94375 -0.31471 -0.603816 -0.957895 0.178082 0.225218 -0.226327 0.268594 0.278609 0.922082 0.381302 0.316197 -0.384904 0.867103 0.400778 -0.930014 -0.30624 0.2032 -0.504292 0.187329 -0.87067 -0.454799 0.485903 
1533552230381 0.101506 0.943818 -0.314491 -0.603822 -0.95782 0.178147 0.225488 -0.226352 0.268846 0.278338 0.92209 0.381314 0.316201 -0.384895 0.867106 0.400765 -0.930012 -0.306246 0.203202 -0.504277 0.187337 -0.870672 -0.454792 0.485883 
1533552230544 0.101554 0.943885 -0.314273 -0.603825 -0.957744 0.178212 0.225758 -0.226376 0.269097 0.278067 0.922099 0.381328 0.316123 -0.384928 0.86712 0.40068 -0.93004 -0.30621 0.20313 -0.504145 0.18733 -0.87067 -0.454798 0.485852 
1533552230728 0.101624 0.943831 -0.314412 -0.603844 -0.957739 0.178309 0.225704 -0.226384 0.269089 0.278187 0.922064 0.381305 1 0 0 0 0 1 0 0 0 0 1 1.306 
1533552230738 0.101625 0.943843 -0.314377 -0.603843 -0.957731 0.178309 0.225736 -0.226386 0.269116 0.278148 0.922069 0.381308 0.313239 -0.3866 0.867422 0.386189 -0.93126 -0.304042 0.200784 -0.500185 0.18611 -0.870689 -0.455263 0.505382 
1533552230755 0.101624 0.943855 -0.31434 -0.603842 -0.957724 0.178307 0.22577 -0.226388 0.269143 0.278107 0.922073 0.381312 0.316244 -0.384866 0.867103 0.400216 -0.929998 -0.306258 0.203249 -0.504049 0.187334 -0.87068 -0.454777 0.486145 
1533552230762 0.101624 0.943867 -0.314304 -0.603841 -0.957716 0.178306 0.225803 -0.22639 0.26917 0.278067 0.922077 0.381315 0.316258 -0.384857 0.867102 0.400836 -0.929992 -0.306267 0.203261 -0.504368 0.187338 -0.870681 -0.454774 0.485921 
1533552230775 0.101623 0.943879 -0.314268 -0.60384 -0.957709 0.178305 0.225835 -0.226392 0.269197 0.278027 0.922081 0.381319 0.316239 -0.384881 0.867098 0.400855 -0.93 -0.306257 0.203241 -0.504361 0.187331 -0.870674 -0.454789 0.485943 
1533552230792 0.101623 0.943892 -0.314232 -0.603839 -0.957701 0.178303 0.225868 -0.226394 0.269224 0.277987 0.922086 0.381322 0.316214 -0.384899 0.867099 0.400827 -0.930009 -0.306245 0.203216 -0.504329 0.187327 -0.87067 -0.454799 0.48594 
1533552230809 0.101622 0.943904 -0.314195 -0.603839 -0.957694 0.178302 0.225901 -0.226396 0.26925 0.277946 0.92209 0.381325 0.3162 -0.384907 0.867101 0.400798 -0.930014 -0.306239 0.203202 -0.504306 0.187326 -0.870669 -0.454801 0.485922 
1533552230850 0.101622 0.943916 -0.314159 -0.603838 -0.957686 0.178301 0.225934 -0.226398 0.269277 0.277906 0.922094 0.381329 0.316197 -0.384904 0.867103 0.400778 -0.930014 -0.30624 0.2032 -0.504292 0.187329 -0.87067 -0.454799 0.485903 
1533552230993 0.101621 0.943928 -0.314124 -0.603837 -0.957679 0.1783 0.225966 -0.2264 0.269304 0.277867 0.922098 0.381332 0.316201 -0.384895 0.867106 0.400765 -0.930012 -0.306246 0.203202 -0.504277 0.187337 -0.870672 -0.454792 0.485883 
1533552231087 0.10162 0.94394 -0.314087 -0.603836 -0.957671 0.178298 0.226 -0.226402 0.269331 0.277826 0.922103 0.381336 0.316123 -0.384928 0.86712 0.40068 -0.93004 -0.30621 0.20313 -0.504145 0.18733 -0.87067 -0.454798 0.485852 
1533552231120 0.101656 0.943909 -0.314168 -0.603875 -0.957621 0.178398 0.226134 -0.226359 0.269497 0.277866 0.922042 0.381325 1 0 0 0 0 1 0 0 0 0 1 1.306 
1533552231131 0.10165 0.943898 -0.314205 -0.603872 -0.957654 0.178368 0.226018 -0.226364 0.269381 0.277925 0.922058 0.381308 0.313239 -0.3866 0.867422 0.386189 -0.93126 -0.304042 0.200784 -0.500185 0.18611 -0.870689 -0.455263 0.505382 
1533552231148 0.101644 0.943886 -0.314241 -0.603869 -0.957687 0.178337 0.2259 -0.226369 0.269265 0.277983 0.922075 0.381291 0.316244 -0.384866 0.867103 0.400216 -0.929998 -0.306258 0.203249 -0.504049 0.187334 -0.87068 -0.454777 0.486145 
1533552231299 0.101637 0.943875 -0.314277 -0.603866 -0.95772 0.178306 0.225784 -0.226374 0.269149 0.278041 0.922091 0.381274 0.316258 -0.384857 0.867102 0.400836 -0.929992 -0.306267 0.203261 -0.504368 0.187338 -0.870681 -0.454774 0.485921 
1533552231514 0.101631 0.943864 -0.314313 -0.603863 -0.957754 0.178275 0.225667 -0.226379 0.269033 0.278099 0.922107 0.381257 0.316239 -0.384881 0.867098 0.400855 -0.93 -0.306257 0.203241 -0.504361 0.187331 -0.870674 -0.454789 0.485943 
1533552231684 0.101625 0.943852 -0.314349 -0.603861 -0.957787 0.178245 0.22555 -0.226384 0.268917 0.278158 0.922123 0.381239 0.316214 -0.384899 0.867099 0.400827 -0.930009 -0.306245 0.203216 -0.504329 0.187327 -0.87067 -0.454799 0.48594 
1533552231870 0.101619 0.943841 -0.314385 -0.603858 -0.95782 0.178214 0.225434 -0.226388 0.268802 0.278216 0.92214 0.381222 0.3162 -0.384907 0.867101 0.400798 -0.930014 -0.306239 0.203202 -0.504306 0.187326 -0.870669 -0.454801 0.485922 
1533552232073 0.101612 0.94383 -0.314421 -0.603855 -0.957853 0.178183 0.225317 -0.226393 0.268686 0.278274 0.922156 0.381205 0.316197 -0.384904 0.867103 0.400778 -0.930014 -0.30624 0.2032 -0.504292 0.187329 -0.87067 -0.454799 0.485903 
1533552232218 0.101606 0.943818 -0.314457 -0.603852 -0.957886 0.178152 0.225201 -0.226398 0.26857 0.278332 0.922172 0.381188 0.316201 -0.384895 0.867106 0.400765 -0.930012 -0.306246 0.203202 -0.504277 0.187337 -0.870672 -0.454792 0.485883 
1533552232387 0.1016 0.943807 -0.314493 -0.603849 -0.95792 0.178121 0.225084 -0.226403 0.268454 0.27839 0.922188 0.381171 0.316123 -0.384928 0.86712 0.40068 -0.93004 -0.30621 0.20313 -0.504145 0.18733 -0.87067 -0.454798 0.485852 
1533552232554 0.101433 0.94384 -0.314447 -0.603867 -0.957934 0.177959 0.225152 -0.226356 0.268466 0.278381 0.922188 0.381153 1 0 0 0 0 1 0 0 0 0 1 1.306 
1533552232565 0.101471 0.943834 -0.314455 -0.603865 -0.957901 0.178026 0.225239 -0.22637 0.26857 0.278361 0.922163 0.381146 0.313239 -0.3866 0.867422 0.386189 -0.93126 -0.304042 0.200784 -0.500185 0.18611 -0.870689 -0.455263 0.505382 
1533552232582 0.101509 0.943827 -0.314463 -0.603864 -0.957867 0.178093 0.225328 -0.226384 0.268675 0.278341 0.922139 0.381138 0.316244 -0.384866 0.867103 0.400216 -0.929998 -0.306258 0.203249 -0.504049 0.187334 -0.87068 -0.454777 0.486145 
1533552232720 0.101546 0.94382 -0.314471 -0.603862 -0.957834 0.17816 0.225416 -0.226398 0.268779 0.278321 0.922115 0.381131 0.316258 -0.384857 0.867102 0.400836 -0.929992 -0.306267 0.203261 -0.504368 0.187338 -0.870681 -0.454774 0.485921 
1533552232847 0.101584 0.943813 -0.314479 -0.603861 -0.957801 0.178228 0.225505 -0.226412 0.268883 0.278301 0.92209 0.381124 0.316239 -0.384881 0.867098 0.400855 -0.93 -0.306257 0.203241 -0.504361 0.187331 -0.870674 -0.454789 0.485943 
1533552232962 0.101621 0.943806 -0.314488 -0.603859 -0.957768 0.178295 0.225593 -0.226425 0.268988 0.278281 0.922066 0.381117 0.316214 -0.384899 0.867099 0.400827 -0.930009 -0.306245 0.203216 -0.504329 0.187327 -0.87067 -0.454799 0.48594 
1533552233133 0.101659 0.9438 -0.314496 -0.603858 -0.957734 0.178362 0.225681 -0.226439 0.269092 0.278261 0.922041 0.381109 0.3162 -0.384907 0.867101 0.400798 -0.930014 -0.306239 0.203202 -0.504306 0.187326 -0.870669 -0.454801 0.485922 
1533552233280 0.101697 0.943793 -0.314504 -0.603856 -0.957701 0.17843 0.225769 -0.226453 0.269196 0.278241 0.922017 0.381102 0.316197 -0.384904 0.867103 0.400778 -0.930014 -0.30624 0.2032 -0.504292 0.187329 -0.87067 -0.454799 0.485903 
1533552233382 0.101735 0.943786 -0.314513 -0.603855 -0.957668 0.178497 0.225857 -0.226467 0.269301 0.278221 0.921992 0.381095 0.316201 -0.384895 0.867106 0.400765 -0.930012 -0.306246 0.203202 -0.504277 0.187337 -0.870672 -0.454792 0.485883 
1533552233560 0.101772 0.943779 -0.314521 -0.603853 -0.957634 0.178564 0.225946 -0.226481 0.269405 0.278201 0.921968 0.381088 0.316123 -0.384928 0.86712 0.40068 -0.93004 -0.30621 0.20313 -0.504145 0.18733 -0.87067 -0.454798 0.485852 
1533552233686 0.101604 0.943766 -0.314615 -0.603862 -0.957645 0.178438 0.226001 -0.226393 0.269431 0.278327 0.921922 0.381021 1 0 0 0 0 1 0 0 0 0 1 1.306 
1533552233698 0.101584 0.943781 -0.314576 -0.603862 -0.957607 0.178451 0.22615 -0.226414 0.269573 0.278267 0.921899 0.381022 0.313239 -0.3866 0.867422 0.386189 -0.93126 -0.304042 0.200784 -0.500185 0.18611 -0.870689 -0.455263 0.505382 
1533552233982 0.101564 0.943796 -0.314538 -0.603862 -0.95757 0.178464 0.226299 -0.226434 0.269714 0.278208 0.921876 0.381022 0.316244 -0.384866 0.867103 0.400216 -0.929998 -0.306258 0.203249 -0.504049 0.187334 -0.87068 -0.454777 0.486145 
1533552234196 0.101543 0.943811 -0.3145 -0.603862 -0.957532 0.178477 0.226448 -0.226455 0.269855 0.278149 0.921852 0.381023 0.316258 -0.384857 0.867102 0.400836 -0.929992 -0.306267 0.203261 -0.504368 0.187338 -0.870681 -0.454774 0.485921 
1533552234297 0.101522 0.943826 -0.314461 -0.603862 -0.957494 0.178489 0.226597 -0.226475 0.269996 0.27809 0.921829 0.381023 0.316239 -0.384881 0.867098 0.400855 -0.93 -0.306257 0.203241 -0.504361 0.187331 -0.870674 -0.454789 0.485943 
1533552234458 0.101502 0.943841 -0.314423 -0.603861 -0.957457 0.178502 0.226746 -0.226495 0.270137 0.278031 0.921805 0.381024 0.316214 -0.384899 0.867099 0.400827 -0.930009 -0.306245 0.203216 -0.504329 0.187327 -0.87067 -0.454799 0.48594 
1533552234465 0.101481 0.943856 -0.314384 -0.603861 -0.957419 0.178515 0.226894 -0.226516 0.270278 0.277972 0.921782 0.381025 0.3162 -0.384907 0.867101 0.400798 -0.930014 -0.306239 0.203202 -0.504306 0.187326 -0.870669 -0.454801 0.485922 
1533552234612 0.10146 0.943871 -0.314346 -0.603861 -0.957381 0.178527 0.227044 -0.226536 0.270419 0.277913 0.921758 0.381025 0.316197 -0.384904 0.867103 0.400778 -0.930014 -0.30624 0.2032 -0.504292 0.187329 -0.87067 -0.454799 0.485903 
1533552234619 0.10144 0.943886 -0.314308 -0.603861 -0.957344 0.17854 0.227192 -0.226557 0.27056 0.277854 0.921734 0.381026 0.316201 -0.384895 0.867106 0.400765 -0.930012 -0.306246 0.203202 -0.504277 0.187337 -0.870672 -0.454792 0.485883 
1533552234786 0.101419 0.943901 -0.314269 -0.60386 -0.957306 0.178552 0.227341 -0.226576 0.270701 0.277795 0.921711 0.381027 0.316123 -0.384928 0.86712 0.40068 -0.93004 -0.30621 0.20313 -0.504145 0.18733 -0.87067 -0.454798 0.485852 
1533552234865 0.101408 0.943878 -0.31434 -0.603894 -0.95731 0.178556 0.227321 -0.226542 0.270691 0.277869 0.921692 0.381019 1 0 0 0 0 1 0 0 0 0 1 1.306 
1533552234875 0.101375 0.943865 -0.314392 -0.603889 -0.957296 0.178556 0.22738 -0.226554 0.270752 0.277916 0.921659 0.381025 0.313239 -0.3866 0.867422 0.386189 -0.93126 -0.304042 0.200784 -0.500185 0.18611 -0.870689 -0.455263 0.505382 
1533552234892 0.101342 0.943851 -0.314446 -0.603884 -0.957282 0.178556 0.227439 -0.226567 0.270814 0.277964 0.921627 0.381032 0.316244 -0.384866 0.867103 0.400216 -0.929998 -0.306258 0.203249 -0.504049 0.187334 -0.87068 -0.454777 0.486145 
1533552235044 0.101309 0.943836 -0.314498 -0.60388 -0.957268 0.178556 0.227497 -0.226579 0.270876 0.278012 0.921594 0.381038 0.316258 -0.384857 0.867102 0.400836 -0.929992 -0.306267 0.203261 -0.504368 0.187338 -0.870681 -0.454774 0.485921 
1533552235156 0.101277 0.943822 -0.314551 -0.603875 -0.957254 0.178556 0.227556 -0.226592 0.270937 0.278059 0.921562 0.381044 0.316239 -0.384881 0.867098 0.400855 -0.93 -0.306257 0.203241 -0.504361 0.187331 -0.870674 -0.454789 0.485943 
1533552235268 0.101244 0.943808 -0.314604 -0.60387 -0.957241 0.178556 0.227614 -0.226604 0.270999 0.278107 0.921529 0.38105 0.316214 -0.384899 0.867099 0.400827 -0.930009 -0.306245 0.203216 -0.504329 0.187327 -0.87067 -0.454799 0.48594 
1533552235476 0.101211 0.943794 -0.314656 -0.603865 -0.957227 0.178557 0.227673 -0.226616 0.27106 0.278155 0.921497 0.381057 0.3162 -0.384907 0.867101 0.400798 -0.930014 -0.306239 0.203202 -0.504306 0.187326 -0.870669 -0.454801 0.485922 
1533552235650 0.101178 0.94378 -0.314709 -0.60386 -0.957213 0.178557 0.227731 -0.226629 0.271121 0.278202 0.921464 0.381063 0.316197 -0.384904 0.867103 0.400778 -0.930014 -0.30624 0.2032 -0.504292 0.187329 -0.87067 -0.454799 0.485903 
1533552235770 0.101146 0.943766 -0.314762 -0.603856 -0.957199 0.178557 0.227789 -0.226641 0.271183 0.27825 0.921432 0.381069 0.316201 -0.384895 0.867106 0.400765 -0.930012 -0.306246 0.203202 -0.504277 0.187337 -0.870672 -0.454792 0.485883 
1533552235815 0.101113 0.943752 -0.314814 -0.603852 -0.957185 0.178557 0.227848 -0.226653 0.271244 0.278297 0.9214 0.381075 0.316123 -0.384928 0.86712 0.40068 -0.93004 -0.30621 0.20313 -0.504145 0.18733 -0.87067 -0.454798 0.485852 
1533552235943 0.101105 0.943798 -0.314679 -0.603866 -0.957211 0.178491 0.227791 -0.226645 0.271156 0.278183 0.92146 0.381094 1 0 0 0 0 1 0 0 0 0 1 1.306 
1533552235954 0.1011 0.943803 -0.314665 -0.603864 -0.957229 0.178464 0.227733 -0.226643 0.271092 0.278183 0.921479 0.381093 0.313239 -0.3866 0.867422 0.386189 -0.93126 -0.304042 0.200784 -0.500185 0.18611 -0.870689 -0.455263 0.505382 
1533552235961 0.101095 0.943808 -0.314652 -0.603862 -0.957249 0.178437 0.227674 -0.226642 0.271026 0.278183 0.921498 0.381093 0.316244 -0.384866 0.867103 0.400216 -0.929998 -0.306258 0.203249 -0.504049 0.187334 -0.87068 -0.454777 0.486145 
1533552235974 0.10109 0.943814 -0.314638 -0.60386 -0.957268 0.17841 0.227615 -0.22664 0.27096 0.278183 0.921518 0.381092 0.316258 -0.384857 0.867102 0.400836 -0.929992 -0.306267 0.203261 -0.504368 0.187338 -0.870681 -0.454774 0.485921 
1533552236129 0.101084 0.943819 -0.314624 -0.603858 -0.957287 0.178383 0.227556 -0.226638 0.270895 0.278183 0.921537 0.381092 0.316239 -0.384881 0.867098 0.400855 -0.93 -0.306257 0.203241 -0.504361 0.187331 -0.870674 -0.454789 0.485943 
1533552236255 0.101079 0.943824 -0.31461 -0.603857 -0.957306 0.178356 0.227496 -0.226637 0.270829 0.278183 0.921556 0.381091 0.316214 -0.384899 0.867099 0.400827 -0.930009 -0.306245 0.203216 -0.504329 0.187327 -0.87067 -0.454799 0.48594 
1533552236427 0.101074 0.943829 -0.314596 -0.603855 -0.957325 0.178328 0.227438 -0.226635 0.270764 0.278183 0.921576 0.38109 0.3162 -0.384907 0.867101 0.400798 -0.930014 -0.306239 0.203202 -0.504306 0.187326 -0.870669 -0.454801 0.485922 
1533552236578 0.101069 0.943834 -0.314582 -0.603853 -0.957344 0.178301 0.227379 -0.226633 0.270698 0.278182 0.921595 0.38109 0.316197 -0.384904 0.867103 0.400778 -0.930014 -0.30624 0.2032 -0.504292 0.187329 -0.87067 -0.454799 0.485903 
1533552236770 0.101063 0.94384 -0.314568 -0.603851 -0.957363 0.178274 0.22732 -0.226631 0.270633 0.278182 0.921614 0.381089 0.316201 -0.384895 0.867106 0.400765 -0.930012 -0.306246 0.203202 -0.504277 0.187337 -0.870672 -0.454792 0.485883 
1533552236947 0.101058 0.943845 -0.314554 -0.603849 -0.957382 0.178247 0.227261 -0.22663 0.270567 0.278182 0.921633 0.381089 0.316123 -0.384928 0.86712 0.40068 -0.93004 -0.30621 0.20313 -0.504145 0.18733 -0.87067 -0.454798 0.485852 
1533552237101 0.101104 0.94381 -0.314643 -0.603861 -0.957342 0.178346 0.227351 -0.226694 0.270692 0.278235 0.921581 0.381114 1 0 0 0 0 1 0 0 0 0 1 1.306 
1533552237112 0.101101 0.943808 -0.314651 -0.60386 -0.957353 0.178335 0.227314 -0.226688 0.270654 0.278251 0.921587 0.381111 0.313239 -0.3866 0.867422 0.386189 -0.93126 -0.304042 0.200784 -0.500185 0.18611 -0.870689 -0.455263 0.505382 
1533552237129 0.101098 0.943805 -0.31466 -0.603858 -0.957364 0.178323 0.227277 -0.226682 0.270616 0.278267 0.921593 0.381108 0.316244 -0.384866 0.867103 0.400216 -0.929998 -0.306258 0.203249 -0.504049 0.187334 -0.87068 -0.454777 0.486145 
1533552237145 0.101095 0.943803 -0.314669 -0.603857 -0.957375 0.178311 0.22724 -0.226676 0.270578 0.278283 0.9216 0.381105 0.316258 -0.384857 0.867102 0.400836 -0.929992 -0.306267 0.203261 -0.504368 0.187338 -0.870681 -0.454774 0.485921 
1533552237162 0.101091 0.9438 -0.314677 -0.603855 -0.957386 0.178299 0.227203 -0.22667 0.270541 0.2783 0.921606 0.381102 0.316239 -0.384881 0.867098 0.400855 -0.93 -0.306257 0.203241 -0.504361 0.187331 -0.870674 -0.454789 0.485943 
1533552237302 0.101088 0.943798 -0.314686 -0.603854 -0.957397 0.178287 0.227166 -0.226665 0.270503 0.278316 0.921612 0.381099 0.316214 -0.384899 0.867099 0.400827 -0.930009 -0.306245 0.203216 -0.504329 0.187327 -0.87067 -0.454799 0.48594 
1533552237409 0.101085 0.943795 -0.314695 -0.603853 -0.957408 0.178275 0.227129 -0.226659 0.270465 0.278332 0.921618 0.381096 0.3162 -0.384907 0.867101 0.400798 -0.930014 -0.306239 0.203202 -0.504306 0.187326 -0.870669 -0.454801 0.485922 
1533552237537 0.101081 0.943793 -0.314703 -0.603851 -0.957419 0.178263 0.227092 -0.226653 0.270427 0.278348 0.921624 0.381093 0.316197 -0.384904 0.867103 0.400778 -0.930014 -0.30624 0.2032 -0.504292 0.187329 -0.87067 -0.454799 0.485903 
1533552237678 0.101078 0.94379 -0.314712 -0.60385 -0.95743 0.178251 0.227055 -0.226647 0.27039 0.278364 0.92163 0.38109 0.316201 -0.384895 0.867106 0.400765 -0.930012 -0.306246 0.203202 -0.504277 0.187337 -0.870672 -0.454792 0.485883 
1533552237748 0.101075 0.943788 -0.31472 -0.603849 -0.957441 0.178239 0.227018 -0.226641 0.270352 0.27838 0.921637 0.381087 0.316123 -0.384928 0.86712 0.40068 -0.93004 -0.30621 0.20313 -0.504145 0.18733 -0.87067 -0.454798 0.485852 
1533552237871 0.101092 0.943816 -0.314631 -0.603841 -0.957436 0.178237 0.227042 -0.226667 0.270364 0.278287 0.921661 0.381134 1 0 0 0 0 1 0 0 0 0 1 1.306 
1533552237882 0.101168 0.943839 -0.314538 -0.603845 -0.957473 0.178239 0.226885 -0.226651 0.270205 0.278208 0.921732 0.381118 0.313239 -0.3866 0.867422 0.386189 -0.93126 -0.304042 0.200784 -0.500185 0.18611 -0.870689 -0.455263 0.505382 
1533552237933 0.101245 0.943861 -0.314444 -0.60385 -0.957509 0.178243 0.226727 -0.226635 0.270047 0.278128 0.921802 0.381101 0.316244 -0.384866 0.867103 0.400216 -0.929998 -0.306258 0.203249 -0.504049 0.187334 -0.87068 -0.454777 0.486145 
1533552237940 0.101322 0.943884 -0.314352 -0.603854 -0.957546 0.178245 0.226571 -0.226619 0.269888 0.27805 0.921872 0.381085 0.316258 -0.384857 0.867102 0.400836 -0.929992 -0.306267 0.203261 -0.504368 0.187338 -0.870681 -0.454774 0.485921 
1533552238183 0.101398 0.943907 -0.314259 -0.603858 -0.957582 0.178248 0.226415 -0.226603 0.26973 0.277971 0.921942 0.381069 0.316239 -0.384881 0.867098 0.400855 -0.93 -0.306257 0.203241 -0.504361 0.187331 -0.870674 -0.454789 0.485943 
1533552238277 0.101475 0.943929 -0.314166 -0.603862 -0.957619 0.178251 0.226257 -0.226588 0.269572 0.277892 0.922013 0.381053 0.316214 -0.384899 0.867099 0.400827 -0.930009 -0.306245 0.203216 -0.504329 0.187327 -0.87067 -0.454799 0.48594 
1533552238450 0.101552 0.943952 -0.314073 -0.603867 -0.957655 0.178254 0.226101 -0.226572 0.269413 0.277813 0.922083 0.381036 0.3162 -0.384907 0.867101 0.400798 -0.930014 -0.306239 0.203202 -0.504306 0.187326 -0.870669 -0.454801 0.485922 
1533552238457 0.101628 0.943975 -0.31398 -0.603871 -0.957692 0.178257 0.225944 -0.226556 0.269255 0.277734 0.922153 0.38102 0.316197 -0.384904 0.867103 0.400778 -0.930014 -0.30624 0.2032 -0.504292 0.187329 -0.87067 -0.454799 0.485903 
1533552238773 0.101705 0.943997 -0.313887 -0.603875 -0.957728 0.178261 0.225787 -0.22654 0.269096 0.277655 0.922223 0.381004 0.316201 -0.384895 0.867106 0.400765 -0.930012 -0.306246 0.203202 -0.504277 0.187337 -0.870672 -0.454792 0.485883 
1533552238945 0.101782 0.94402 -0.313794 -0.603879 -0.957764 0.178264 0.225631 -0.226525 0.268938 0.277576 0.922293 0.380988 0.316123 -0.384928 0.86712 0.40068 -0.93004 -0.30621 0.20313 -0.504145 0.18733 -0.87067 -0.454798 0.485852 
1533552239229 0.101642 0.944055 -0.313735 -0.603859 -0.957766 0.178134 0.225728 -0.226497 0.268987 0.277541 0.922289 0.381045 1 0 0 0 0 1 0 0 0 0 1 1.306 
1533552239241 0.101621 0.944009 -0.313879 -0.603854 -0.95777 0.178146 0.225698 -0.226496 0.268977 0.277688 0.922248 0.381054 0.313239 -0.3866 0.867422 0.386189 -0.93126 -0.304042 0.200784 -0.500185 0.18611 -0.870689 -0.455263 0.505382 
1533552239439 0.101601 0.943963 -0.314023 -0.60385 -0.957775 0.178159 0.225668 -0.226496 0.268968 0.277836 0.922206 0.381062 0.316244 -0.384866 0.867103 0.400216 -0.929998 -0.306258 0.203249 -0.504049 0.187334 -0.87068 -0.454777 0.486145 
1533552239570 0.10158 0.943918 -0.314167 -0.603845 -0.95778 0.178172 0.225638 -0.226495 0.26896 0.277983 0.922164 0.381071 0.316258 -0.384857 0.867102 0.400836 -0.929992 -0.306267 0.203261 -0.504368 0.187338 -0.870681 -0.454774 0.485921 
1533552239760 0.10156 0.943871 -0.314312 -0.603841 -0.957784 0.178185 0.225608 -0.226494 0.268951 0.278131 0.922122 0.381079 0.316239 -0.384881 0.867098 0.400855 -0.93 -0.306257 0.203241 -0.504361 0.187331 -0.870674 -0.454789 0.485943 
1533552239935 0.101539 0.943826 -0.314457 -0.603836 -0.957789 0.178198 0.225578 -0.226493 0.268942 0.278278 0.92208 0.381088 0.316214 -0.384899 0.867099 0.400827 -0.930009 -0.306245 0.203216 -0.504329 0.187327 -0.87067 -0.454799 0.48594 
1533552240111 0.101519 0.94378 -0.314601 -0.603832 -0.957794 0.178211 0.225548 -0.226493 0.268933 0.278426 0.922038 0.381096 0.3162 -0.384907 0.867101 0.400798 -0.930014 -0.306239 0.203202 -0.504306 0.187326 -0.870669 -0.454801 0.485922 
1533552240258 0.101498 0.943734 -0.314746 -0.603828 -0.957798 0.178224 0.225518 -0.226492 0.268924 0.278573 0.921996 0.381104 0.316197 -0.384904 0.867103 0.400778 -0.930014 -0.30624 0.2032 -0.504292 0.187329 -0.87067 -0.454799 0.485903 
1533552240402 0.101477 0.943688 -0.314889 -0.603823 -0.957803 0.178236 0.225488 -0.226491 0.268915 0.27872 0.921954 0.381113 0.316201 -0.384895 0.867106 0.400765 -0.930012 -0.306246 0.203202 -0.504277 0.187337 -0.870672 -0.454792 0.485883 
1533552240513 0.101457 0.943642 -0.315034 -0.603821 -0.957808 0.178249 0.225458 -0.226491 0.268906 0.278868 0.921912 0.38112 0.316123 -0.384928 0.86712 0.40068 -0.93004 -0.30621 0.20313 -0.504145 0.18733 -0.87067 -0.454798 0.485852 
1533552240589 0.101447 0.943663 -0.314973 -0.603842 -0.957843 0.17819 0.225357 -0.226463 0.268786 0.278832 0.921958 0.3811 1 0 0 0 0 1 0 0 0 0 1 1.306 
1533552240600 0.101511 0.943653 -0.314983 -0.603841 -0.957855 0.178231 0.22527 -0.226456 0.268716 0.278841 0.921976 0.381099 0.313239 -0.3866 0.867422 0.386189 -0.93126 -0.304042 0.200784 -0.500185 0.18611 -0.870689 -0.455263 0.505382 
1533552240617 0.101575 0.943643 -0.314993 -0.603841 -0.957869 0.178273 0.225181 -0.226449 0.268645 0.278849 0.921994 0.381099 0.316244 -0.384866 0.867103 0.400216 -0.929998 -0.306258 0.203249 -0.504049 0.187334 -0.87068 -0.454777 0.486145 
1533552240728 0.101638 0.943633 -0.315003 -0.60384 -0.957882 0.178313 0.225093 -0.226442 0.268575 0.278858 0.922012 0.381098 0.316258 -0.384857 0.867102 0.400836 -0.929992 -0.306267 0.203261 -0.504368 0.187338 -0.870681 -0.454774 0.485921 
1533552240735 0.101701 0.943623 -0.315013 -0.60384 -0.957895 0.178354 0.225006 -0.226435 0.268504 0.278866 0.92203 0.381098 0.316239 -0.384881 0.867098 0.400855 -0.93 -0.306257 0.203241 -0.504361 0.187331 -0.870674 -0.454789 0.485943 
1533552240873 0.101765 0.943612 -0.315023 -0.603839 -0.957908 0.178395 0.224917 -0.226428 0.268433 0.278874 0.922048 0.381097 0.316214 -0.384899 0.867099 0.400827 -0.930009 -0.306245 0.203216 -0.504329 0.187327 -0.87067 -0.454799 0.48594 
1533552240924 0.101828 0.943602 -0.315033 -0.603838 -0.957921 0.178435 0.224829 -0.226421 0.268363 0.278883 0.922066 0.381096 0.3162 -0.384907 0.867101 0.400798 -0.930014 -0.306239 0.203202 -0.504306 0.187326 -0.870669 -0.454801 0.485922 
1533552241004 0.101891 0.943592 -0.315043 -0.603838 -0.957934 0.178476 0.224742 -0.226414 0.268292 0.278891 0.922084 0.381096 0.316197 -0.384904 0.867103 0.400778 -0.930014 -0.30624 0.2032 -0.504292 0.187329 -0.87067 -0.454799 0.485903 
1533552241011 0.101955 0.943582 -0.315053 -0.603837 -0.957947 0.178517 0.224653 -0.226407 0.268221 0.2789 0.922102 0.381095 0.316201 -0.384895 0.867106 0.400765 -0.930012 -0.306246 0.203202 -0.504277 0.187337 -0.870672 -0.454792 0.485883 
1533552241137 0.102018 0.943572 -0.315063 -0.603837 -0.95796 0.178557 0.224566 -0.226401 0.268151 0.278908 0.92212 0.381094 0.316123 -0.384928 0.86712 0.40068 -0.93004 -0.30621 0.20313 -0.504145 0.18733 -0.87067 -0.454798 0.485852 
1533552241202 0.101938 0.943579 -0.315068 -0.603807 -0.957935 0.178519 0.224702 -0.226408 0.26827 0.278909 0.922085 0.38108 1 0 0 0 0 1 0 0 0 0 1 1.306 
1533552241216 0.101962 0.943607 -0.314977 -0.603813 -0.957921 0.178531 0.224753 -0.226414 0.268312 0.278807 0.922104 0.381075 0.313239 -0.3866 0.867422 0.386189 -0.93126 -0.304042 0.200784 -0.500185 0.18611 -0.870689 -0.455263 0.505382 
1533552241496 0.101984 0.943635 -0.314886 -0.603818 -0.957907 0.178543 0.224805 -0.226419 0.268354 0.278704 0.922123 0.38107 0.316244 -0.384866 0.867103 0.400216 -0.929998 -0.306258 0.203249 -0.504049 0.187334 -0.87068 -0.454777 0.486145 
1533552241503 0.102007 0.943662 -0.314795 -0.603824 -0.957893 0.178555 0.224856 -0.226425 0.268396 0.278603 0.922141 0.381065 0.316258 -0.384857 0.867102 0.400836 -0.929992 -0.306267 0.203261 -0.504368 0.187338 -0.870681 -0.454774 0.485921 
1533552241716 0.10203 0.94369 -0.314704 -0.60383 -0.957878 0.178567 0.224907 -0.22643 0.268438 0.278501 0.922159 0.38106 0.316239 -0.384881 0.867098 0.400855 -0.93 -0.306257 0.203241 -0.504361 0.187331 -0.870674 -0.454789 0.485943 
1533552241835 0.102053 0.943718 -0.314614 -0.603835 -0.957864 0.178579 0.224958 -0.226436 0.26848 0.2784 0.922178 0.381055 0.316214 -0.384899 0.867099 0.400827 -0.930009 -0.306245 0.203216 -0.504329 0.187327 -0.87067 -0.454799 0.48594 
1533552242081 0.102076 0.943745 -0.314524 -0.603841 -0.95785 0.178591 0.225009 -0.226442 0.268522 0.278298 0.922196 0.38105 0.3162 -0.384907 0.867101 0.400798 -0.930014 -0.306239 0.203202 -0.504306 0.187326 -0.870669 -0.454801 0.485922 
1533552242184 0.102099 0.943773 -0.314433 -0.603847 -0.957836 0.178603 0.225061 -0.226447 0.268565 0.278196 0.922215 0.381045 0.316197 -0.384904 0.867103 0.400778 -0.930014 -0.30624 0.2032 -0.504292 0.187329 -0.87067 -0.454799 0.485903 
1533552242275 0.102122 0.943801 -0.314343 -0.603852 -0.957821 0.178615 0.225112 -0.226453 0.268607 0.278095 0.922233 0.38104 0.316201 -0.384895 0.867106 0.400765 -0.930012 -0.306246 0.203202 -0.504277 0.187337 -0.870672 -0.454792 0.485883 
1533552242454 0.102145 0.943829 -0.314252 -0.603857 -0.957807 0.178627 0.225163 -0.226458 0.268649 0.277993 0.922251 0.381036 0.316123 -0.384928 0.86712 0.40068 -0.93004 -0.30621 0.20313 -0.504145 0.18733 -0.87067 -0.454798 0.485852 
1533552242679 0.102187 0.943863 -0.314135 -0.603827 -0.957812 0.178628 0.225139 -0.226481 0.268614 0.277876 0.922297 0.381055 1 0 0 0 0 1 0 0 0 0 1 1.306 
1533552242690 0.10228 0.943837 -0.314184 -0.60383 -0.957833 0.178693 0.224998 -0.226465 0.268503 0.277923 0.922315 0.381053 0.313239 -0.3866 0.867422 0.386189 -0.93126 -0.304042 0.200784 -0.500185 0.18611 -0.870689 -0.455263 0.505382 
1533552242697 0.102373 0.94381 -0.314232 -0.603832 -0.957854 0.17876 0.224855 -0.226449 0.268393 0.27797 0.922333 0.38105 0.316244 -0.384866 0.867103 0.400216 -0.929998 -0.306258 0.203249 -0.504049 0.187334 -0.87068 -0.454777 0.486145 
1533552242940 0.102466 0.943784 -0.314281 -0.603835 -0.957875 0.178826 0.224713 -0.226433 0.268282 0.278016 0.922351 0.381048 0.316258 -0.384857 0.867102 0.400836 -0.929992 -0.306267 0.203261 -0.504368 0.187338 -0.870681 -0.454774 0.485921 
1533552243125 0.10256 0.943757 -0.31433 -0.603837 -0.957896 0.178893 0.22457 -0.226417 0.268171 0.278063 0.922369 0.381046 0.316239 -0.384881 0.867098 0.400855 -0.93 -0.306257 0.203241 -0.504361 0.187331 -0.870674 -0.454789 0.485943 
1533552243132 0.102654 0.943731 -0.314378 -0.60384 -0.957917 0.178959 0.224428 -0.226401 0.268061 0.27811 0.922387 0.381044 0.316214 -0.384899 0.867099 0.400827 -0.930009 -0.306245 0.203216 -0.504329 0.187327 -0.87067 -0.454799 0.48594 
1533552243281 0.102748 0.943705 -0.314427 -0.603843 -0.957938 0.179026 0.224286 -0.226385 0.26795 0.278157 0.922405 0.381041 0.3162 -0.384907 0.867101 0.400798 -0.930014 -0.306239 0.203202 -0.504306 0.187326 -0.870669 -0.454801 0.485922 
1533552243373 0.102841 0.943678 -0.314476 -0.603845 -0.957959 0.179092 0.224143 -0.226369 0.267839 0.278204 0.922423 0.381039 0.316197 -0.384904 0.867103 0.400778 -0.930014 -0.30624 0.2032 -0.504292 0.187329 -0.87067 -0.454799 0.485903 
1533552243491 0.102935 0.943652 -0.314524 -0.603848 -0.95798 0.179158 0.224001 -0.226353 0.267729 0.27825 0.922441 0.381037 0.316201 -0.384895 0.867106 0.400765 -0.930012 -0.306246 0.203202 -0.504277 0.187337 -0.870672 -0.454792 0.485883 
1533552243600 0.103028 0.943625 -0.314573 -0.603851 -0.958001 0.179225 0.223859 -0.226338 0.267618 0.278298 0.922459 0.381034 0.316123 -0.384928 0.86712 0.40068 -0.93004 -0.30621 0.20313 -0.504145 0.18733 -0.87067 -0.454798 0.485852 
1533552243758 0.10295 0.943678 -0.314442 -0.603835 -0.958017 0.179113 0.223881 -0.226337 0.267592 0.278192 0.922499 0.381091 1 0 0 0 0 1 0 0 0 0 1 1.306 
1533552243771 0.102885 0.943638 -0.314584 -0.603831 -0.958064 0.179045 0.223733 -0.226331 0.267447 0.278372 0.922486 0.381099 0.313239 -0.3866 0.867422 0.386189 -0.93126 -0.304042 0.200784 -0.500185 0.18611 -0.870689 -0.455263 0.505382 
1533552243916 0.102823 0.943597 -0.314725 -0.603826 -0.958111 0.178978 0.223585 -0.226324 0.267303 0.278552 0.922474 0.381106 0.316244 -0.384866 0.867103 0.400216 -0.929998 -0.306258 0.203249 -0.504049 0.187334 -0.87068 -0.454777 0.486145 
1533552244044 0.10276 0.943557 -0.314866 -0.603822 -0.958158 0.178911 0.223437 -0.226318 0.267158 0.278731 0.922462 0.381114 0.316258 -0.384857 0.867102 0.400836 -0.929992 -0.306267 0.203261 -0.504368 0.187338 -0.870681 -0.454774 0.485921 
1533552244236 0.102697 0.943517 -0.315006 -0.603818 -0.958205 0.178844 0.223289 -0.226312 0.267014 0.27891 0.922449 0.381122 0.316239 -0.384881 0.867098 0.400855 -0.93 -0.306257 0.203241 -0.504361 0.187331 -0.870674 -0.454789 0.485943 
1533552244384 0.102634 0.943477 -0.315147 -0.603813 -0.958252 0.178777 0.223141 -0.226305 0.26687 0.279088 0.922437 0.38113 0.316214 -0.384899 0.867099 0.400827 -0.930009 -0.306245 0.203216 -0.504329 0.187327 -0.87067 -0.454799 0.48594 
1533552244519 0.102571 0.943436 -0.315288 -0.603809 -0.958299 0.17871 0.222993 -0.226299 0.266725 0.279268 0.922425 0.381137 0.3162 -0.384907 0.867101 0.400798 -0.930014 -0.306239 0.203202 -0.504306 0.187326 -0.870669 -0.454801 0.485922 
1533552244660 0.102509 0.943396 -0.315429 -0.603805 -0.958346 0.178642 0.222845 -0.226293 0.266581 0.279447 0.922412 0.381145 0.316197 -0.384904 0.867103 0.400778 -0.930014 -0.30624 0.2032 -0.504292 0.187329 -0.87067 -0.454799 0.485903 
1533552244893 0.102446 0.943356 -0.31557 -0.603801 -0.958393 0.178575 0.222698 -0.226287 0.266436 0.279626 0.9224 0.381153 0.316201 -0.384895 0.867106 0.400765 -0.930012 -0.306246 0.203202 -0.504277 0.187337 -0.870672 -0.454792 0.485883 
1533552245008 0.102383 0.943316 -0.31571 -0.603798 -0.958439 0.178508 0.222551 -0.226281 0.266292 0.279803 0.922387 0.381159 0.316123 -0.384928 0.86712 0.40068 -0.93004 -0.30621 0.20313 -0.504145 0.18733 -0.87067 -0.454798 0.485852 
1533552245167 0.102262 0.943341 -0.315674 -0.603809 -0.958472 0.178367 0.222525 -0.226265 0.266223 0.279809 0.922406 0.381153 1 0 0 0 0 1 0 0 0 0 1 1.306 
1533552245283 0.102217 0.943351 -0.31566 -0.603809 -0.958462 0.178336 0.222589 -0.226272 0.266273 0.279796 0.922395 0.381144 0.313239 -0.3866 0.867422 0.386189 -0.93126 -0.304042 0.200784 -0.500185 0.18611 -0.870689 -0.455263 0.505382 
1533552245300 0.102171 0.94336 -0.315645 -0.603808 -0.958453 0.178305 0.222654 -0.226279 0.266324 0.279782 0.922385 0.381136 0.316244 -0.384866 0.867103 0.400216 -0.929998 -0.306258 0.203249 -0.504049 0.187334 -0.87068 -0.454777 0.486145 
