-0.177421 -0.977134 0.117181 -0.585287 0.843429 -0.0896192 0.529713 -0.223809 -0.507098 0.192817 0.840044 0.420531 0.428165 -0.877283 0.21691 0.378386 -0.417721 -0.40497 -0.813332 -0.497075 0.801364 0.257632 -0.539853 0.456416 
-0.177421 -0.977134 0.117181 -0.585287 0.843429 -0.0896192 0.529713 -0.223809 -0.507098 0.192817 0.840044 0.420531 0.428165 -0.877283 0.21691 0.378386 -0.417721 -0.40497 -0.813332 -0.497075 0.801364 0.257632 -0.539853 0.456416 
-0.177421 -0.977134 0.117181 -0.585287 0.843429 -0.0896192 0.529713 -0.223809 -0.507098 0.192817 0.840044 0.420531 0.428165 -0.877283 0.21691 0.378386 -0.417721 -0.40497 -0.813332 -0.497075 0.801364 0.257632 -0.539853 0.456416 
-0.183854 -0.975862 0.117858 -0.582717 0.845051 -0.095675 0.526057 -0.238971 -0.502083 0.196313 0.842243 0.412002 0.538535 -0.806449 0.244172 0.355468 -0.43954 -0.516102 -0.735149 -0.462093 0.718878 0.28858 -0.632405 0.420228 
-0.183854 -0.975862 0.117858 -0.582717 0.845051 -0.095675 0.526057 -0.238971 -0.502083 0.196313 0.842243 0.412002 0.538535 -0.806449 0.244172 0.355468 -0.43954 -0.516102 -0.735149 -0.462093 0.718878 0.28858 -0.632405 0.420228 
-0.183854 -0.975862 0.117858 -0.582717 0.845051 -0.095675 0.526057 -0.238971 -0.502083 0.196313 0.842243 0.412002 0.538535 -0.806449 0.244172 0.355468 -0.43954 -0.516102 -0.735149 -0.462093 0.718878 0.28858 -0.632405 0.420228 
-0.184253 -0.975784 0.117883 -0.582598 0.84525 -0.096101 0.525659 -0.241359 -0.501601 0.196495 0.842488 0.410509 0.63973 -0.725986 0.252368 0.327455 -0.440313 -0.615295 -0.653863 -0.424663 0.629976 0.307175 -0.713284 0.381821 
-0.184253 -0.975784 0.117883 -0.582598 0.84525 -0.096101 0.525659 -0.241359 -0.501601 0.196495 0.842488 0.410509 0.63973 -0.725986 0.252368 0.327455 -0.440313 -0.615295 -0.653863 -0.424663 0.629976 0.307175 -0.713284 0.381821 
-0.184253 -0.975784 0.117883 -0.582598 0.84525 -0.096101 0.525659 -0.241359 -0.501601 0.196495 0.842488 0.410509 0.63973 -0.725986 0.252368 0.327455 -0.440313 -0.615295 -0.653863 -0.424663 0.629976 0.307175 -0.713284 0.381821 
-0.184315 -0.97578 0.117816 -0.582583 0.84529 -0.0962088 0.525574 -0.241795 -0.50151 0.19646 0.84255 0.410295 0.732472 -0.635342 0.244592 0.299863 -0.424386 -0.707039 -0.565679 -0.38372 0.532335 0.310543 -0.787517 0.344797 
-0.184315 -0.97578 0.117816 -0.582583 0.84529 -0.0962088 0.525574 -0.241795 -0.50151 0.19646 0.84255 0.410295 0.732472 -0.635342 0.244592 0.299863 -0.424386 -0.707039 -0.565679 -0.38372 0.532335 0.310543 -0.787517 0.344797 
-0.184315 -0.97578 0.117816 -0.582583 0.84529 -0.0962088 0.525574 -0.241795 -0.50151 0.19646 0.84255 0.410295 0.732472 -0.635342 0.244592 0.299863 -0.424386 -0.707039 -0.565679 -0.38372 0.532335 0.310543 -0.787517 0.344797 
-0.184321 -0.975782 0.117796 -0.582574 0.845296 -0.0962271 0.525561 -0.241855 -0.501498 0.196445 0.842561 0.410279 0.813472 -0.535136 0.227801 0.282112 -0.389519 -0.79214 -0.469883 -0.35091 0.431901 0.293503 -0.852829 0.31145 
-0.184321 -0.975782 0.117796 -0.582574 0.845296 -0.0962271 0.525561 -0.241855 -0.501498 0.196445 0.842561 0.410279 0.813472 -0.535136 0.227801 0.282112 -0.389519 -0.79214 -0.469883 -0.35091 0.431901 0.293503 -0.852829 0.31145 
-0.184321 -0.975782 0.117796 -0.582574 0.845296 -0.0962271 0.525561 -0.241855 -0.501498 0.196445 0.842561 0.410279 0.813472 -0.535136 0.227801 0.282112 -0.389519 -0.79214 -0.469883 -0.35091 0.431901 0.293503 -0.852829 0.31145 
-0.1843 -0.975786 0.117793 -0.582558 0.845287 -0.096206 0.52558 -0.241746 -0.501521 0.196433 0.84255 0.410352 0.882406 -0.42989 0.191189 0.287559 -0.338415 -0.862241 -0.376851 -0.344868 0.326855 0.267835 -0.906328 0.275195 
-0.1843 -0.975786 0.117793 -0.582558 0.845287 -0.096206 0.52558 -0.241746 -0.501521 0.196433 0.84255 0.410352 0.882406 -0.42989 0.191189 0.287559 -0.338415 -0.862241 -0.376851 -0.344868 0.326855 0.267835 -0.906328 0.275195 
-0.1843 -0.975786 0.117793 -0.582558 0.845287 -0.096206 0.52558 -0.241746 -0.501521 0.196433 0.84255 0.410352 0.882406 -0.42989 0.191189 0.287559 -0.338415 -0.862241 -0.376851 -0.344868 0.326855 0.267835 -0.906328 0.275195 
-0.184165 -0.975821 0.117714 -0.582472 0.845243 -0.0961096 0.525668 -0.241082 -0.501645 0.196306 0.842506 0.410771 0.937191 -0.321498 0.135323 0.299496 -0.274185 -0.918795 -0.283969 -0.331854 0.21563 0.229029 -0.949236 0.233176 
-0.184165 -0.975821 0.117714 -0.582472 0.845243 -0.0961096 0.525668 -0.241082 -0.501645 0.196306 0.842506 0.410771 0.937191 -0.321498 0.135323 0.299496 -0.274185 -0.918795 -0.283969 -0.331854 0.21563 0.229029 -0.949236 0.233176 
-0.184165 -0.975821 0.117714 -0.582472 0.845243 -0.0961096 0.525668 -0.241082 -0.501645 0.196306 0.842506 0.410771 0.937191 -0.321498 0.135323 0.299496 -0.274185 -0.918795 -0.283969 -0.331854 0.21563 0.229029 -0.949236 0.233176 
-0.18324 -0.976057 0.117201 -0.582361 0.84509 -0.0954893 0.526027 -0.237087 -0.50224 0.195435 0.842354 0.4125 0.974827 -0.21179 0.0696989 0.314536 -0.194818 -0.961115 -0.195714 -0.311875 0.108439 0.177209 -0.978181 0.198529 
-0.18324 -0.976057 0.117201 -0.582361 0.84509 -0.0954893 0.526027 -0.237087 -0.50224 0.195435 0.842354 0.4125 0.974827 -0.21179 0.0696989 0.314536 -0.194818 -0.961115 -0.195714 -0.311875 0.108439 0.177209 -0.978181 0.198529 
-0.18324 -0.976057 0.117201 -0.582361 0.84509 -0.0954893 0.526027 -0.237087 -0.50224 0.195435 0.842354 0.4125 0.974827 -0.21179 0.0696989 0.314536 -0.194818 -0.961115 -0.195714 -0.311875 0.108439 0.177209 -0.978181 0.198529 
-0.173891 -0.977785 0.117042 -0.584108 0.844847 -0.0870614 0.527877 -0.214029 -0.50596 0.190675 0.841218 0.417124 0.993641 -0.112494 0.00476751 0.337418 -0.110764 -0.984211 -0.138057 -0.284074 0.0202228 0.136651 -0.990413 0.230112 
-0.173891 -0.977785 0.117042 -0.584108 0.844847 -0.0870614 0.527877 -0.214029 -0.50596 0.190675 0.841218 0.417124 0.993641 -0.112494 0.00476751 0.337418 -0.110764 -0.984211 -0.138057 -0.284074 0.0202228 0.136651 -0.990413 0.230112 
-0.173891 -0.977785 0.117042 -0.584108 0.844847 -0.0870614 0.527877 -0.214029 -0.50596 0.190675 0.841218 0.417124 0.993641 -0.112494 0.00476751 0.337418 -0.110764 -0.984211 -0.138057 -0.284074 0.0202228 0.136651 -0.990413 0.230112 
0.225679 0.770528 0.596117 0.176083 -0.751449 -0.25174 0.609878 0.0580653 0.619995 -0.585588 0.5222 0.47658 -0.710367 -0.700528 -0.0681185 0.439864 -0.0753345 0.171903 -0.982229 -0.292207 0.699788 -0.692611 -0.174888 0.687626 
-0.185627 -0.975578 0.11743 -0.586104 0.84516 -0.0975533 0.525536 -0.244672 -0.501246 0.196801 0.842628 0.41067 0.99002 -0.139228 0.0218287 0.303659 -0.134552 -0.979881 -0.147406 -0.273041 0.0419126 0.142998 -0.988835 0.0630377 
-0.185627 -0.975578 0.11743 -0.586104 0.84516 -0.0975533 0.525536 -0.244672 -0.501246 0.196801 0.842628 0.41067 0.99002 -0.139228 0.0218287 0.303659 -0.134552 -0.979881 -0.147406 -0.273041 0.0419126 0.142998 -0.988835 0.0630377 
-0.185627 -0.975578 0.11743 -0.586104 0.84516 -0.0975533 0.525536 -0.244672 -0.501246 0.196801 0.842628 0.41067 0.99002 -0.139228 0.0218287 0.303659 -0.134552 -0.979881 -0.147406 -0.273041 0.0419126 0.142998 -0.988835 0.0630377 
-0.186283 -0.975395 0.117911 -0.587565 0.845361 -0.0979681 0.525135 -0.248926 -0.500663 0.197501 0.842811 0.408707 0.95388 -0.284071 0.0970417 0.297712 -0.250147 -0.930899 -0.266182 -0.299884 0.165951 0.229631 -0.959025 0.0997484 
-0.186283 -0.975395 0.117911 -0.587565 0.845361 -0.0979681 0.525135 -0.248926 -0.500663 0.197501 0.842811 0.408707 0.95388 -0.284071 0.0970417 0.297712 -0.250147 -0.930899 -0.266182 -0.299884 0.165951 0.229631 -0.959025 0.0997484 
-0.186283 -0.975395 0.117911 -0.587565 0.845361 -0.0979681 0.525135 -0.248926 -0.500663 0.197501 0.842811 0.408707 0.95388 -0.284071 0.0970417 0.297712 -0.250147 -0.930899 -0.266182 -0.299884 0.165951 0.229631 -0.959025 0.0997484 
-0.186358 -0.975374 0.11797 -0.587953 0.845418 -0.0980266 0.525032 -0.249535 -0.500538 0.197578 0.842867 0.408253 0.886984 -0.43148 0.164576 0.286753 -0.341175 -0.852446 -0.39615 -0.332426 0.311223 0.295229 -0.903316 0.16443 
-0.186358 -0.975374 0.11797 -0.587953 0.845418 -0.0980266 0.525032 -0.249535 -0.500538 0.197578 0.842867 0.408253 0.886984 -0.43148 0.164576 0.286753 -0.341175 -0.852446 -0.39615 -0.332426 0.311223 0.295229 -0.903316 0.16443 
-0.186358 -0.975374 0.11797 -0.587953 0.845418 -0.0980266 0.525032 -0.249535 -0.500538 0.197578 0.842867 0.408253 0.886984 -0.43148 0.164576 0.286753 -0.341175 -0.852446 -0.39615 -0.332426 0.311223 0.295229 -0.903316 0.16443 
-0.186368 -0.975372 0.117972 -0.588024 0.845431 -0.0980397 0.52501 -0.249628 -0.500513 0.197582 0.842881 0.408167 0.792693 -0.572554 0.209332 0.279195 -0.403485 -0.75016 -0.523889 -0.351512 0.456987 0.33082 -0.825664 0.220704 
-0.186368 -0.975372 0.117972 -0.588024 0.845431 -0.0980397 0.52501 -0.249628 -0.500513 0.197582 0.842881 0.408167 0.792693 -0.572554 0.209332 0.279195 -0.403485 -0.75016 -0.523889 -0.351512 0.456987 0.33082 -0.825664 0.220704 
-0.186368 -0.975372 0.117972 -0.588024 0.845431 -0.0980397 0.52501 -0.249628 -0.500513 0.197582 0.842881 0.408167 0.792693 -0.572554 0.209332 0.279195 -0.403485 -0.75016 -0.523889 -0.351512 0.456987 0.33082 -0.825664 0.220704 
-0.186369 -0.975371 0.11797 -0.58803 0.845432 -0.0980419 0.525007 -0.249639 -0.500511 0.197581 0.842883 0.408159 0.676676 -0.701168 0.224663 0.279814 -0.436677 -0.627861 -0.644286 -0.361559 0.59281 0.337868 -0.731042 0.267602 
-0.186369 -0.975371 0.11797 -0.58803 0.845432 -0.0980419 0.525007 -0.249639 -0.500511 0.197581 0.842883 0.408159 0.676676 -0.701168 0.224663 0.279814 -0.436677 -0.627861 -0.644286 -0.361559 0.59281 0.337868 -0.731042 0.267602 
-0.186369 -0.975371 0.11797 -0.58803 0.845432 -0.0980419 0.525007 -0.249639 -0.500511 0.197581 0.842883 0.408159 0.676676 -0.701168 0.224663 0.279814 -0.436677 -0.627861 -0.644286 -0.361559 0.59281 0.337868 -0.731042 0.267602 
-0.186367 -0.975372 0.117968 -0.587998 0.845428 -0.0980395 0.525013 -0.249616 -0.500518 0.197578 0.842879 0.408186 0.544414 -0.812107 0.20999 0.286665 -0.439841 -0.489542 -0.75292 -0.367996 0.71425 0.317538 -0.623711 0.308464 
-0.186367 -0.975372 0.117968 -0.587998 0.845428 -0.0980395 0.525013 -0.249616 -0.500518 0.197578 0.842879 0.408186 0.544414 -0.812107 0.20999 0.286665 -0.439841 -0.489542 -0.75292 -0.367996 0.71425 0.317538 -0.623711 0.308464 
-0.186367 -0.975372 0.117968 -0.587998 0.845428 -0.0980395 0.525013 -0.249616 -0.500518 0.197578 0.842879 0.408186 0.544414 -0.812107 0.20999 0.286665 -0.439841 -0.489542 -0.75292 -0.367996 0.71425 0.317538 -0.623711 0.308464 
-0.18635 -0.975378 0.117948 -0.587812 0.845411 -0.0980279 0.525044 -0.249471 -0.500554 0.197556 0.842862 0.408316 0.402551 -0.900462 0.164683 0.296708 -0.413675 -0.339434 -0.844783 -0.373827 0.816594 0.271943 -0.509138 0.345493 
-0.18635 -0.975378 0.117948 -0.587812 0.845411 -0.0980279 0.525044 -0.249471 -0.500554 0.197556 0.842862 0.408316 0.402551 -0.900462 0.164683 0.296708 -0.413675 -0.339434 -0.844783 -0.373827 0.816594 0.271943 -0.509138 0.345493 
-0.18635 -0.975378 0.117948 -0.587812 0.845411 -0.0980279 0.525044 -0.249471 -0.500554 0.197556 0.842862 0.408316 0.402551 -0.900462 0.164683 0.296708 -0.413675 -0.339434 -0.844783 -0.373827 0.816594 0.271943 -0.509138 0.345493 
-0.186225 -0.975412 0.117861 -0.58697 0.84536 -0.0979417 0.525142 -0.248632 -0.500687 0.197429 0.842813 0.408713 0.258187 -0.961504 0.0940766 0.323158 -0.35753 -0.185559 -0.915282 -0.406144 0.897503 0.202678 -0.391675 0.387068 
-0.186225 -0.975412 0.117861 -0.58697 0.84536 -0.0979417 0.525142 -0.248632 -0.500687 0.197429 0.842813 0.408713 0.258187 -0.961504 0.0940766 0.323158 -0.35753 -0.185559 -0.915282 -0.406144 0.897503 0.202678 -0.391675 0.387068 
-0.186225 -0.975412 0.117861 -0.58697 0.84536 -0.0979417 0.525142 -0.248632 -0.500687 0.197429 0.842813 0.408713 0.258187 -0.961504 0.0940766 0.323158 -0.35753 -0.185559 -0.915282 -0.406144 0.897503 0.202678 -0.391675 0.387068 
-0.184814 -0.975667 0.117972 -0.584002 0.845445 -0.0966368 0.525247 -0.24412 -0.501066 0.196812 0.842733 0.40908 0.116942 -0.993132 -0.00357412 0.353199 -0.284189 -0.0300147 -0.958298 -0.439355 0.95161 0.113081 -0.285747 0.447536 
-0.184814 -0.975667 0.117972 -0.584002 0.845445 -0.0966368 0.525247 -0.24412 -0.501066 0.196812 0.842733 0.40908 0.116942 -0.993132 -0.00357412 0.353199 -0.284189 -0.0300147 -0.958298 -0.439355 0.95161 0.113081 -0.285747 0.447536 
-0.184814 -0.975667 0.117972 -0.584002 0.845445 -0.0966368 0.525247 -0.24412 -0.501066 0.196812 0.842733 0.40908 0.116942 -0.993132 -0.00357412 0.353199 -0.284189 -0.0300147 -0.958298 -0.439355 0.95161 0.113081 -0.285747 0.447536 
-0.226863 0.28445 0.931462 0.273762 -0.506034 -0.851594 0.136812 0.116492 0.832144 -0.440314 0.337136 0.496916 -0.326524 0.213278 -0.920812 0.108139 0.671837 0.737628 -0.0673874 -0.206082 0.664844 -0.640639 -0.38414 0.345483 
-0.186733 -0.975318 0.117836 -0.59009 0.845324 -0.0984013 0.525114 -0.250976 -0.500558 0.197665 0.842834 0.408455 -0.0123322 -0.994883 -0.100277 0.372759 -0.161025 0.100952 -0.981774 -0.479532 0.986873 0.00403975 -0.161446 0.449688 
-0.186733 -0.975318 0.117836 -0.59009 0.845324 -0.0984013 0.525114 -0.250976 -0.500558 0.197665 0.842834 0.408455 -0.0123322 -0.994883 -0.100277 0.372759 -0.161025 0.100952 -0.981774 -0.479532 0.986873 0.00403975 -0.161446 0.449688 
-0.186733 -0.975318 0.117836 -0.59009 0.845324 -0.0984013 0.525114 -0.250976 -0.500558 0.197665 0.842834 0.408455 -0.0123322 -0.994883 -0.100277 0.372759 -0.161025 0.100952 -0.981774 -0.479532 0.986873 0.00403975 -0.161446 0.449688 
-0.18683 -0.975287 0.117942 -0.591602 0.845408 -0.0984653 0.524966 -0.252062 -0.500379 0.197788 0.842912 0.407881 -0.0145883 -0.994825 -0.100546 0.378776 -0.156439 0.101589 -0.982449 -0.483595 0.98758 0.00139703 -0.157112 0.444604 
-0.18683 -0.975287 0.117942 -0.591602 0.845408 -0.0984653 0.524966 -0.252062 -0.500379 0.197788 0.842912 0.407881 -0.0145883 -0.994825 -0.100546 0.378776 -0.156439 0.101589 -0.982449 -0.483595 0.98758 0.00139703 -0.157112 0.444604 
-0.18683 -0.975287 0.117942 -0.591602 0.845408 -0.0984653 0.524966 -0.252062 -0.500379 0.197788 0.842912 0.407881 -0.0145883 -0.994825 -0.100546 0.378776 -0.156439 0.101589 -0.982449 -0.483595 0.98758 0.00139703 -0.157112 0.444604 
-0.186839 -0.975282 0.117965 -0.59191 0.845435 -0.098472 0.524922 -0.252231 -0.500331 0.197808 0.842936 0.407702 -0.0146228 -0.994831 -0.100489 0.379871 -0.156123 0.101539 -0.982505 -0.484489 0.987629 0.00132171 -0.156801 0.443571 
-0.186839 -0.975282 0.117965 -0.59191 0.845435 -0.098472 0.524922 -0.252231 -0.500331 0.197808 0.842936 0.407702 -0.0146228 -0.994831 -0.100489 0.379871 -0.156123 0.101539 -0.982505 -0.484489 0.987629 0.00132171 -0.156801 0.443571 
-0.186839 -0.975282 0.117965 -0.59191 0.845435 -0.098472 0.524922 -0.252231 -0.500331 0.197808 0.842936 0.407702 -0.0146228 -0.994831 -0.100489 0.379871 -0.156123 0.101539 -0.982505 -0.484489 0.987629 0.00132171 -0.156801 0.443571 
-0.186841 -0.975282 0.117969 -0.591963 0.84544 -0.0984734 0.524913 -0.252257 -0.500321 0.19781 0.842941 0.407663 -0.0146086 -0.994831 -0.100484 0.380036 -0.156081 0.101531 -0.982512 -0.484676 0.987636 0.00133046 -0.156758 0.443397 
-0.186841 -0.975282 0.117969 -0.591963 0.84544 -0.0984734 0.524913 -0.252257 -0.500321 0.19781 0.842941 0.407663 -0.0146086 -0.994831 -0.100484 0.380036 -0.156081 0.101531 -0.982512 -0.484676 0.987636 0.00133046 -0.156758 0.443397 
-0.186841 -0.975282 0.117969 -0.591963 0.84544 -0.0984734 0.524913 -0.252257 -0.500321 0.19781 0.842941 0.407663 -0.0146086 -0.994831 -0.100484 0.380036 -0.156081 0.101531 -0.982512 -0.484676 0.987636 0.00133046 -0.156758 0.443397 
-0.186841 -0.975281 0.117969 -0.591968 0.845441 -0.0984737 0.524912 -0.252259 -0.50032 0.19781 0.842942 0.407658 -0.0146048 -0.994831 -0.100485 0.380045 -0.156074 0.101532 -0.982513 -0.4847 0.987637 0.00133367 -0.15675 0.443378 
-0.186841 -0.975281 0.117969 -0.591968 0.845441 -0.0984737 0.524912 -0.252259 -0.50032 0.19781 0.842942 0.407658 -0.0146048 -0.994831 -0.100485 0.380045 -0.156074 0.101532 -0.982513 -0.4847 0.987637 0.00133367 -0.15675 0.443378 
-0.186841 -0.975281 0.117969 -0.591968 0.845441 -0.0984737 0.524912 -0.252259 -0.50032 0.19781 0.842942 0.407658 -0.0146048 -0.994831 -0.100485 0.380045 -0.156074 0.101532 -0.982513 -0.4847 0.987637 0.00133367 -0.15675 0.443378 
-0.18684 -0.975282 0.117967 -0.591948 0.845439 -0.0984734 0.524915 -0.252251 -0.500323 0.197809 0.84294 0.407672 -0.0146055 -0.994831 -0.100489 0.379973 -0.156078 0.101536 -0.982512 -0.484642 0.987637 0.00133407 -0.156754 0.443422 
-0.18684 -0.975282 0.117967 -0.591948 0.845439 -0.0984734 0.524915 -0.252251 -0.500323 0.197809 0.84294 0.407672 -0.0146055 -0.994831 -0.100489 0.379973 -0.156078 0.101536 -0.982512 -0.484642 0.987637 0.00133407 -0.156754 0.443422 
-0.18684 -0.975282 0.117967 -0.591948 0.845439 -0.0984734 0.524915 -0.252251 -0.500323 0.197809 0.84294 0.407672 -0.0146055 -0.994831 -0.100489 0.379973 -0.156078 0.101536 -0.982512 -0.484642 0.987637 0.00133407 -0.156754 0.443422 
-0.186838 -0.975283 0.117959 -0.591831 0.84543 -0.098472 0.524929 -0.252197 -0.500339 0.197803 0.842932 0.407729 -0.0145971 -0.994829 -0.100513 0.379587 -0.156118 0.101558 -0.982503 -0.484352 0.987631 0.00135018 -0.156793 0.443658 
-0.186838 -0.975283 0.117959 -0.591831 0.84543 -0.098472 0.524929 -0.252197 -0.500339 0.197803 0.842932 0.407729 -0.0145971 -0.994829 -0.100513 0.379587 -0.156118 0.101558 -0.982503 -0.484352 0.987631 0.00135018 -0.156793 0.443658 
-0.186838 -0.975283 0.117959 -0.591831 0.84543 -0.098472 0.524929 -0.252197 -0.500339 0.197803 0.842932 0.407729 -0.0145971 -0.994829 -0.100513 0.379587 -0.156118 0.101558 -0.982503 -0.484352 0.987631 0.00135018 -0.156793 0.443658 
-0.186813 -0.975291 0.117933 -0.591277 0.845408 -0.0984544 0.524969 -0.251891 -0.500387 0.197773 0.842911 0.407871 -0.014444 -0.994818 -0.100644 0.377782 -0.156333 0.101664 -0.982458 -0.483293 0.987599 0.0015434 -0.156991 0.444685 
-0.186813 -0.975291 0.117933 -0.591277 0.845408 -0.0984544 0.524969 -0.251891 -0.500387 0.197773 0.842911 0.407871 -0.014444 -0.994818 -0.100644 0.377782 -0.156333 0.101664 -0.982458 -0.483293 0.987599 0.0015434 -0.156991 0.444685 
-0.186813 -0.975291 0.117933 -0.591277 0.845408 -0.0984544 0.524969 -0.251891 -0.500387 0.197773 0.842911 0.407871 -0.014444 -0.994818 -0.100644 0.377782 -0.156333 0.101664 -0.982458 -0.483293 0.987599 0.0015434 -0.156991 0.444685 
-0.186454 -0.975349 0.118025 -0.589152 0.845488 -0.098111 0.524904 -0.250326 -0.500385 0.197659 0.842939 0.407758 -0.012823 -0.994716 -0.101862 0.370504 -0.157264 0.102609 -0.982211 -0.480256 0.987473 0.0034244 -0.157749 0.448519 
-0.186454 -0.975349 0.118025 -0.589152 0.845488 -0.098111 0.524904 -0.250326 -0.500385 0.197659 0.842939 0.407758 -0.012823 -0.994716 -0.101862 0.370504 -0.157264 0.102609 -0.982211 -0.480256 0.987473 0.0034244 -0.157749 0.448519 
-0.186454 -0.975349 0.118025 -0.589152 0.845488 -0.098111 0.524904 -0.250326 -0.500385 0.197659 0.842939 0.407758 -0.012823 -0.994716 -0.101862 0.370504 -0.157264 0.102609 -0.982211 -0.480256 0.987473 0.0034244 -0.157749 0.448519 
0.101369 0.63105 0.76909 0.290731 -0.567425 -0.598322 0.565721 0.0987746 0.817162 -0.493747 0.297422 0.501136 -0.55189 -0.759428 -0.34451 0.239273 0.374915 0.143059 -0.915954 -0.4477 0.744886 -0.634668 0.205768 0.793905 
-0.187004 -0.975259 0.117899 -0.593131 0.845377 -0.0986335 0.524985 -0.252986 -0.500367 0.197844 0.842906 0.407834 -0.0148897 -0.99485 -0.100258 0.381662 -0.155998 0.101353 -0.982544 -0.486031 0.987645 0.00101021 -0.156703 0.442948 
-0.187004 -0.975259 0.117899 -0.593131 0.845377 -0.0986335 0.524985 -0.252986 -0.500367 0.197844 0.842906 0.407834 -0.0148897 -0.99485 -0.100258 0.381662 -0.155998 0.101353 -0.982544 -0.486031 0.987645 0.00101021 -0.156703 0.442948 
-0.187004 -0.975259 0.117899 -0.593131 0.845377 -0.0986335 0.524985 -0.252986 -0.500367 0.197844 0.842906 0.407834 -0.0148897 -0.99485 -0.100258 0.381662 -0.155998 0.101353 -0.982544 -0.486031 0.987645 0.00101021 -0.156703 0.442948 
-0.187028 -0.975249 0.117941 -0.594049 0.845419 -0.0986498 0.524914 -0.253444 -0.500287 0.197883 0.842945 0.407585 -0.0149592 -0.994861 -0.100143 0.383905 -0.155768 0.10125 -0.982591 -0.487614 0.98768 0.000900372 -0.156482 0.441678 
-0.187028 -0.975249 0.117941 -0.594049 0.845419 -0.0986498 0.524914 -0.253444 -0.500287 0.197883 0.842945 0.407585 -0.0149592 -0.994861 -0.100143 0.383905 -0.155768 0.10125 -0.982591 -0.487614 0.98768 0.000900372 -0.156482 0.441678 
-0.187028 -0.975249 0.117941 -0.594049 0.845419 -0.0986498 0.524914 -0.253444 -0.500287 0.197883 0.842945 0.407585 -0.0149592 -0.994861 -0.100143 0.383905 -0.155768 0.10125 -0.982591 -0.487614 0.98768 0.000900372 -0.156482 0.441678 
-0.18703 -0.975247 0.117953 -0.594231 0.845433 -0.0986505 0.524891 -0.253519 -0.500263 0.197892 0.842957 0.407496 -0.014948 -0.994863 -0.100121 0.384325 -0.155731 0.101227 -0.982599 -0.487983 0.987686 0.000904077 -0.156444 0.441412 
-0.18703 -0.975247 0.117953 -0.594231 0.845433 -0.0986505 0.524891 -0.253519 -0.500263 0.197892 0.842957 0.407496 -0.014948 -0.994863 -0.100121 0.384325 -0.155731 0.101227 -0.982599 -0.487983 0.987686 0.000904077 -0.156444 0.441412 
-0.18703 -0.975247 0.117953 -0.594231 0.845433 -0.0986505 0.524891 -0.253519 -0.500263 0.197892 0.842957 0.407496 -0.014948 -0.994863 -0.100121 0.384325 -0.155731 0.101227 -0.982599 -0.487983 0.987686 0.000904077 -0.156444 0.441412 
-0.18703 -0.975247 0.117955 -0.594262 0.845436 -0.0986507 0.524886 -0.25353 -0.500258 0.197893 0.84296 0.407475 -0.0149436 -0.994863 -0.100117 0.384399 -0.155726 0.101222 -0.9826 -0.488054 0.987687 0.000907142 -0.156438 0.441361 
-0.18703 -0.975247 0.117955 -0.594262 0.845436 -0.0986507 0.524886 -0.25353 -0.500258 0.197893 0.84296 0.407475 -0.0149436 -0.994863 -0.100117 0.384399 -0.155726 0.101222 -0.9826 -0.488054 0.987687 0.000907142 -0.156438 0.441361 
-0.18703 -0.975247 0.117955 -0.594262 0.845436 -0.0986507 0.524886 -0.25353 -0.500258 0.197893 0.84296 0.407475 -0.0149436 -0.994863 -0.100117 0.384399 -0.155726 0.101222 -0.9826 -0.488054 0.987687 0.000907142 -0.156438 0.441361 
-0.18703 -0.975247 0.117955 -0.594264 0.845436 -0.0986507 0.524886 -0.253531 -0.500257 0.197893 0.84296 0.407473 -0.0149431 -0.994864 -0.100116 0.384407 -0.155725 0.101221 -0.982601 -0.488062 0.987687 0.000907611 -0.156438 0.441356 
-0.18703 -0.975247 0.117955 -0.594264 0.845436 -0.0986507 0.524886 -0.253531 -0.500257 0.197893 0.84296 0.407473 -0.0149431 -0.994864 -0.100116 0.384407 -0.155725 0.101221 -0.982601 -0.488062 0.987687 0.000907611 -0.156438 0.441356 
-0.18703 -0.975247 0.117955 -0.594264 0.845436 -0.0986507 0.524886 -0.253531 -0.500257 0.197893 0.84296 0.407473 -0.0149431 -0.994864 -0.100116 0.384407 -0.155725 0.101221 -0.982601 -0.488062 0.987687 0.000907611 -0.156438 0.441356 
-0.18703 -0.975247 0.117955 -0.594253 0.845435 -0.0986507 0.524888 -0.253527 -0.500259 0.197893 0.842959 0.40748 -0.0149445 -0.994863 -0.100118 0.384385 -0.155727 0.101223 -0.9826 -0.488039 0.987687 0.000906634 -0.15644 0.44137 
-0.18703 -0.975247 0.117955 -0.594253 0.845435 -0.0986507 0.524888 -0.253527 -0.500259 0.197893 0.842959 0.40748 -0.0149445 -0.994863 -0.100118 0.384385 -0.155727 0.101223 -0.9826 -0.488039 0.987687 0.000906634 -0.15644 0.44137 
-0.18703 -0.975247 0.117955 -0.594253 0.845435 -0.0986507 0.524888 -0.253527 -0.500259 0.197893 0.842959 0.40748 -0.0149445 -0.994863 -0.100118 0.384385 -0.155727 0.101223 -0.9826 -0.488039 0.987687 0.000906634 -0.15644 0.44137 
-0.187029 -0.975248 0.11795 -0.594186 0.845431 -0.0986505 0.524895 -0.2535 -0.500267 0.19789 0.842955 0.40751 -0.0149491 -0.994863 -0.100125 0.384265 -0.155738 0.101231 -0.982598 -0.48792 0.987685 0.000904412 -0.156451 0.441445 
-0.187029 -0.975248 0.11795 -0.594186 0.845431 -0.0986505 0.524895 -0.2535 -0.500267 0.19789 0.842955 0.40751 -0.0149491 -0.994863 -0.100125 0.384265 -0.155738 0.101231 -0.982598 -0.48792 0.987685 0.000904412 -0.156451 0.441445 
-0.187029 -0.975248 0.11795 -0.594186 0.845431 -0.0986505 0.524895 -0.2535 -0.500267 0.19789 0.842955 0.40751 -0.0149491 -0.994863 -0.100125 0.384265 -0.155738 0.101231 -0.982598 -0.48792 0.987685 0.000904412 -0.156451 0.441445 
-0.18702 -0.975251 0.117938 -0.593867 0.845419 -0.098644 0.524916 -0.253347 -0.500291 0.197877 0.842944 0.407579 -0.0149429 -0.994859 -0.10016 0.383711 -0.155784 0.101264 -0.982587 -0.487448 0.987678 0.000920663 -0.156496 0.441729 
-0.18702 -0.975251 0.117938 -0.593867 0.845419 -0.098644 0.524916 -0.253347 -0.500291 0.197877 0.842944 0.407579 -0.0149429 -0.994859 -0.10016 0.383711 -0.155784 0.101264 -0.982587 -0.487448 0.987678 0.000920663 -0.156496 0.441729 
-0.18702 -0.975251 0.117938 -0.593867 0.845419 -0.098644 0.524916 -0.253347 -0.500291 0.197877 0.842944 0.407579 -0.0149429 -0.994859 -0.10016 0.383711 -0.155784 0.101264 -0.982587 -0.487448 0.987678 0.000920663 -0.156496 0.441729 
-0.186866 -0.975274 0.117994 -0.592629 0.845468 -0.0984943 0.524864 -0.252577 -0.500264 0.197839 0.842968 0.407471 -0.0146521 -0.994842 -0.100369 0.381527 -0.155942 0.101425 -0.982545 -0.485925 0.987658 0.00125546 -0.156624 0.44257 
-0.186866 -0.975274 0.117994 -0.592629 0.845468 -0.0984943 0.524864 -0.252577 -0.500264 0.197839 0.842968 0.407471 -0.0146521 -0.994842 -0.100369 0.381527 -0.155942 0.101425 -0.982545 -0.485925 0.987658 0.00125546 -0.156624 0.44257 
-0.186866 -0.975274 0.117994 -0.592629 0.845468 -0.0984943 0.524864 -0.252577 -0.500264 0.197839 0.842968 0.407471 -0.0146521 -0.994842 -0.100369 0.381527 -0.155942 0.101425 -0.982545 -0.485925 0.987658 0.00125546 -0.156624 0.44257 
0.141225 0.624647 0.768031 0.294503 -0.585334 -0.572987 0.573646 0.0863941 0.798398 -0.530568 0.284707 0.501653 -0.414665 -0.874511 -0.251561 0.319806 0.414293 0.0647041 -0.907841 -0.389318 0.810194 -0.480669 0.335473 0.879059 
-0.187117 -0.975235 0.117917 -0.59492 0.8454 -0.0987361 0.524928 -0.253938 -0.500286 0.19791 0.842939 0.407572 -0.0149445 -0.994859 -0.100164 0.384969 -0.155805 0.101268 -0.982583 -0.488792 0.987675 0.000921806 -0.156517 0.441482 
-0.187117 -0.975235 0.117917 -0.59492 0.8454 -0.0987361 0.524928 -0.253938 -0.500286 0.19791 0.842939 0.407572 -0.0149445 -0.994859 -0.100164 0.384969 -0.155805 0.101268 -0.982583 -0.488792 0.987675 0.000921806 -0.156517 0.441482 
-0.187117 -0.975235 0.117917 -0.59492 0.8454 -0.0987361 0.524928 -0.253938 -0.500286 0.19791 0.842939 0.407572 -0.0149445 -0.994859 -0.100164 0.384969 -0.155805 0.101268 -0.982583 -0.488792 0.987675 0.000921806 -0.156517 0.441482 
-0.187128 -0.97523 0.117939 -0.595443 0.845423 -0.0987429 0.52489 -0.254179 -0.500242 0.19793 0.84296 0.407442 -0.014909 -0.994862 -0.100132 0.385687 -0.15577 0.101232 -0.982592 -0.489515 0.987681 0.000948131 -0.156479 0.441141 
-0.187128 -0.97523 0.117939 -0.595443 0.845423 -0.0987429 0.52489 -0.254179 -0.500242 0.19793 0.84296 0.407442 -0.014909 -0.994862 -0.100132 0.385687 -0.15577 0.101232 -0.982592 -0.489515 0.987681 0.000948131 -0.156479 0.441141 
-0.187128 -0.97523 0.117939 -0.595443 0.845423 -0.0987429 0.52489 -0.254179 -0.500242 0.19793 0.84296 0.407442 -0.014909 -0.994862 -0.100132 0.385687 -0.15577 0.101232 -0.982592 -0.489515 0.987681 0.000948131 -0.156479 0.441141 
-0.187128 -0.975229 0.117946 -0.595546 0.845431 -0.098743 0.524877 -0.254219 -0.500229 0.197934 0.842967 0.407393 -0.0148967 -0.994863 -0.100124 0.385826 -0.155761 0.101222 -0.982595 -0.489671 0.987682 0.000958016 -0.156469 0.441055 
-0.187128 -0.975229 0.117946 -0.595546 0.845431 -0.098743 0.524877 -0.254219 -0.500229 0.197934 0.842967 0.407393 -0.0148967 -0.994863 -0.100124 0.385826 -0.155761 0.101222 -0.982595 -0.489671 0.987682 0.000958016 -0.156469 0.441055 
-0.187128 -0.975229 0.117946 -0.595546 0.845431 -0.098743 0.524877 -0.254219 -0.500229 0.197934 0.842967 0.407393 -0.0148967 -0.994863 -0.100124 0.385826 -0.155761 0.101222 -0.982595 -0.489671 0.987682 0.000958016 -0.156469 0.441055 
-0.187128 -0.975229 0.117947 -0.595564 0.845433 -0.098743 0.524875 -0.254225 -0.500226 0.197935 0.842968 0.407382 -0.0148942 -0.994864 -0.100123 0.38585 -0.155759 0.10122 -0.982595 -0.4897 0.987683 0.000960134 -0.156467 0.441037 
-0.187128 -0.975229 0.117947 -0.595564 0.845433 -0.098743 0.524875 -0.254225 -0.500226 0.197935 0.842968 0.407382 -0.0148942 -0.994864 -0.100123 0.38585 -0.155759 0.10122 -0.982595 -0.4897 0.987683 0.000960134 -0.156467 0.441037 
-0.187128 -0.975229 0.117947 -0.595564 0.845433 -0.098743 0.524875 -0.254225 -0.500226 0.197935 0.842968 0.407382 -0.0148942 -0.994864 -0.100123 0.38585 -0.155759 0.10122 -0.982595 -0.4897 0.987683 0.000960134 -0.156467 0.441037 
-0.187128 -0.975229 0.117947 -0.595565 0.845433 -0.098743 0.524874 -0.254225 -0.500226 0.197935 0.842968 0.40738 -0.0148939 -0.994864 -0.100122 0.385853 -0.155759 0.10122 -0.982595 -0.489703 0.987683 0.000960372 -0.156467 0.441035 
-0.187128 -0.975229 0.117947 -0.595565 0.845433 -0.098743 0.524874 -0.254225 -0.500226 0.197935 0.842968 0.40738 -0.0148939 -0.994864 -0.100122 0.385853 -0.155759 0.10122 -0.982595 -0.489703 0.987683 0.000960372 -0.156467 0.441035 
-0.187128 -0.975229 0.117947 -0.595565 0.845433 -0.098743 0.524874 -0.254225 -0.500226 0.197935 0.842968 0.40738 -0.0148939 -0.994864 -0.100122 0.385853 -0.155759 0.10122 -0.982595 -0.489703 0.987683 0.000960372 -0.156467 0.441035 
-0.187128 -0.975229 0.117946 -0.595559 0.845432 -0.098743 0.524875 -0.254223 -0.500227 0.197935 0.842968 0.407384 -0.0148948 -0.994864 -0.100123 0.385845 -0.15576 0.10122 -0.982595 -0.489693 0.987683 0.000959641 -0.156468 0.44104 
-0.187128 -0.975229 0.117946 -0.595559 0.845432 -0.098743 0.524875 -0.254223 -0.500227 0.197935 0.842968 0.407384 -0.0148948 -0.994864 -0.100123 0.385845 -0.15576 0.10122 -0.982595 -0.489693 0.987683 0.000959641 -0.156468 0.44104 
-0.187128 -0.975229 0.117946 -0.595559 0.845432 -0.098743 0.524875 -0.254223 -0.500227 0.197935 0.842968 0.407384 -0.0148948 -0.994864 -0.100123 0.385845 -0.15576 0.10122 -0.982595 -0.489693 0.987683 0.000959641 -0.156468 0.44104 
-0.187128 -0.975229 0.117944 -0.595521 0.84543 -0.098743 0.524879 -0.254208 -0.500232 0.197933 0.842965 0.407401 -0.0148994 -0.994863 -0.100126 0.385804 -0.155762 0.101224 -0.982594 -0.489641 0.987682 0.000955763 -0.15647 0.441064 
-0.187128 -0.975229 0.117944 -0.595521 0.84543 -0.098743 0.524879 -0.254208 -0.500232 0.197933 0.842965 0.407401 -0.0148994 -0.994863 -0.100126 0.385804 -0.155762 0.101224 -0.982594 -0.489641 0.987682 0.000955763 -0.15647 0.441064 
-0.187128 -0.975229 0.117944 -0.595521 0.84543 -0.098743 0.524879 -0.254208 -0.500232 0.197933 0.842965 0.407401 -0.0148994 -0.994863 -0.100126 0.385804 -0.155762 0.101224 -0.982594 -0.489641 0.987682 0.000955763 -0.15647 0.441064 
-0.187123 -0.975231 0.117938 -0.595341 0.845423 -0.0987397 0.524891 -0.254124 -0.500245 0.197926 0.842959 0.407439 -0.0149164 -0.994862 -0.100133 0.385616 -0.155762 0.101234 -0.982594 -0.489414 0.987682 0.000940205 -0.156471 0.441128 
-0.187123 -0.975231 0.117938 -0.595341 0.845423 -0.0987397 0.524891 -0.254124 -0.500245 0.197926 0.842959 0.407439 -0.0149164 -0.994862 -0.100133 0.385616 -0.155762 0.101234 -0.982594 -0.489414 0.987682 0.000940205 -0.156471 0.441128 
-0.187123 -0.975231 0.117938 -0.595341 0.845423 -0.0987397 0.524891 -0.254124 -0.500245 0.197926 0.842959 0.407439 -0.0149164 -0.994862 -0.100133 0.385616 -0.155762 0.101234 -0.982594 -0.489414 0.987682 0.000940205 -0.156471 0.441128 
-0.187042 -0.975243 0.117969 -0.594639 0.845451 -0.0986602 0.52486 -0.253703 -0.500227 0.197908 0.842974 0.407372 -0.0149185 -0.994867 -0.10009 0.384894 -0.155709 0.101191 -0.982606 -0.488601 0.98769 0.000925859 -0.156419 0.441141 
-0.187042 -0.975243 0.117969 -0.594639 0.845451 -0.0986602 0.52486 -0.253703 -0.500227 0.197908 0.842974 0.407372 -0.0149185 -0.994867 -0.10009 0.384894 -0.155709 0.101191 -0.982606 -0.488601 0.98769 0.000925859 -0.156419 0.441141 
-0.187042 -0.975243 0.117969 -0.594639 0.845451 -0.0986602 0.52486 -0.253703 -0.500227 0.197908 0.842974 0.407372 -0.0149185 -0.994867 -0.10009 0.384894 -0.155709 0.101191 -0.982606 -0.488601 0.98769 0.000925859 -0.156419 0.441141 
0.150658 0.60827 0.779301 0.295783 -0.599141 -0.570847 0.561394 0.0793231 0.786341 -0.55149 0.278437 0.501706 -0.355841 -0.89932 -0.254165 0.343169 0.42016 0.0889787 -0.903077 -0.369501 0.834771 -0.428142 0.346196 0.882576 
-0.187177 -0.975222 0.117926 -0.595936 0.845413 -0.0987907 0.524898 -0.254455 -0.500242 0.197945 0.842956 0.407436 -0.0148502 -0.994856 -0.100207 0.386076 -0.155847 0.101296 -0.982574 -0.490119 0.98767 0.00102547 -0.156549 0.441229 
-0.187177 -0.975222 0.117926 -0.595936 0.845413 -0.0987907 0.524898 -0.254455 -0.500242 0.197945 0.842956 0.407436 -0.0148502 -0.994856 -0.100207 0.386076 -0.155847 0.101296 -0.982574 -0.490119 0.98767 0.00102547 -0.156549 0.441229 
-0.187177 -0.975222 0.117926 -0.595936 0.845413 -0.0987907 0.524898 -0.254455 -0.500242 0.197945 0.842956 0.407436 -0.0148502 -0.994856 -0.100207 0.386076 -0.155847 0.101296 -0.982574 -0.490119 0.98767 0.00102547 -0.156549 0.441229 
-0.187183 -0.97522 0.117938 -0.596232 0.845426 -0.0987943 0.524876 -0.254589 -0.500218 0.197955 0.842968 0.407364 -0.0148101 -0.994857 -0.100199 0.386333 -0.155859 0.101282 -0.982573 -0.490477 0.987668 0.00106498 -0.156558 0.441157 
-0.187183 -0.97522 0.117938 -0.596232 0.845426 -0.0987943 0.524876 -0.254589 -0.500218 0.197955 0.842968 0.407364 -0.0148101 -0.994857 -0.100199 0.386333 -0.155859 0.101282 -0.982573 -0.490477 0.987668 0.00106498 -0.156558 0.441157 
-0.187183 -0.97522 0.117938 -0.596232 0.845426 -0.0987943 0.524876 -0.254589 -0.500218 0.197955 0.842968 0.407364 -0.0148101 -0.994857 -0.100199 0.386333 -0.155859 0.101282 -0.982573 -0.490477 0.987668 0.00106498 -0.156558 0.441157 
-0.187183 -0.975219 0.117942 -0.59629 0.84543 -0.0987943 0.524869 -0.254611 -0.500211 0.197958 0.842972 0.407336 -0.0148017 -0.994858 -0.100196 0.386385 -0.155858 0.101278 -0.982574 -0.49055 0.987669 0.00107261 -0.156556 0.441128 
-0.187183 -0.975219 0.117942 -0.59629 0.84543 -0.0987943 0.524869 -0.254611 -0.500211 0.197958 0.842972 0.407336 -0.0148017 -0.994858 -0.100196 0.386385 -0.155858 0.101278 -0.982574 -0.49055 0.987669 0.00107261 -0.156556 0.441128 
-0.187183 -0.975219 0.117942 -0.59629 0.84543 -0.0987943 0.524869 -0.254611 -0.500211 0.197958 0.842972 0.407336 -0.0148017 -0.994858 -0.100196 0.386385 -0.155858 0.101278 -0.982574 -0.49055 0.987669 0.00107261 -0.156556 0.441128 
-0.187183 -0.975219 0.117942 -0.5963 0.845431 -0.0987942 0.524868 -0.254615 -0.500209 0.197958 0.842973 0.40733 -0.0148003 -0.994858 -0.100195 0.386394 -0.155858 0.101277 -0.982574 -0.490563 0.987669 0.00107388 -0.156555 0.441122 
-0.187183 -0.975219 0.117942 -0.5963 0.845431 -0.0987942 0.524868 -0.254615 -0.500209 0.197958 0.842973 0.40733 -0.0148003 -0.994858 -0.100195 0.386394 -0.155858 0.101277 -0.982574 -0.490563 0.987669 0.00107388 -0.156555 0.441122 
-0.187183 -0.975219 0.117942 -0.5963 0.845431 -0.0987942 0.524868 -0.254615 -0.500209 0.197958 0.842973 0.40733 -0.0148003 -0.994858 -0.100195 0.386394 -0.155858 0.101277 -0.982574 -0.490563 0.987669 0.00107388 -0.156555 0.441122 
-0.187183 -0.975219 0.117942 -0.596301 0.845431 -0.0987942 0.524868 -0.254615 -0.500209 0.197958 0.842973 0.407329 -0.0148001 -0.994858 -0.100195 0.386395 -0.155858 0.101277 -0.982574 -0.490564 0.987669 0.001074 -0.156555 0.441121 
-0.187183 -0.975219 0.117942 -0.596301 0.845431 -0.0987942 0.524868 -0.254615 -0.500209 0.197958 0.842973 0.407329 -0.0148001 -0.994858 -0.100195 0.386395 -0.155858 0.101277 -0.982574 -0.490564 0.987669 0.001074 -0.156555 0.441121 
-0.187183 -0.975219 0.117942 -0.596301 0.845431 -0.0987942 0.524868 -0.254615 -0.500209 0.197958 0.842973 0.407329 -0.0148001 -0.994858 -0.100195 0.386395 -0.155858 0.101277 -0.982574 -0.490564 0.987669 0.001074 -0.156555 0.441121 
-0.187183 -0.975219 0.117942 -0.596297 0.845431 -0.0987942 0.524868 -0.254614 -0.50021 0.197958 0.842973 0.407331 -0.0148007 -0.994858 -0.100196 0.386392 -0.155858 0.101277 -0.982574 -0.490559 0.987669 0.00107354 -0.156555 0.441123 
-0.187183 -0.975219 0.117942 -0.596297 0.845431 -0.0987942 0.524868 -0.254614 -0.50021 0.197958 0.842973 0.407331 -0.0148007 -0.994858 -0.100196 0.386392 -0.155858 0.101277 -0.982574 -0.490559 0.987669 0.00107354 -0.156555 0.441123 
-0.187183 -0.975219 0.117942 -0.596297 0.845431 -0.0987942 0.524868 -0.254614 -0.50021 0.197958 0.842973 0.407331 -0.0148007 -0.994858 -0.100196 0.386392 -0.155858 0.101277 -0.982574 -0.490559 0.987669 0.00107354 -0.156555 0.441123 
-0.187183 -0.975219 0.117941 -0.596276 0.845429 -0.0987942 0.524871 -0.254605 -0.500212 0.197957 0.842971 0.407341 -0.0148038 -0.994858 -0.100197 0.386376 -0.155858 0.101279 -0.982574 -0.490534 0.987669 0.00107061 -0.156556 0.441131 
-0.187183 -0.975219 0.117941 -0.596276 0.845429 -0.0987942 0.524871 -0.254605 -0.500212 0.197957 0.842971 0.407341 -0.0148038 -0.994858 -0.100197 0.386376 -0.155858 0.101279 -0.982574 -0.490534 0.987669 0.00107061 -0.156556 0.441131 
-0.187183 -0.975219 0.117941 -0.596276 0.845429 -0.0987942 0.524871 -0.254605 -0.500212 0.197957 0.842971 0.407341 -0.0148038 -0.994858 -0.100197 0.386376 -0.155858 0.101279 -0.982574 -0.490534 0.987669 0.00107061 -0.156556 0.441131 
-0.18718 -0.97522 0.117937 -0.596174 0.845425 -0.0987925 0.524877 -0.254558 -0.500219 0.197954 0.842968 0.407362 -0.0148192 -0.994857 -0.100197 0.386304 -0.155849 0.101282 -0.982575 -0.490416 0.98767 0.00105462 -0.156548 0.441136 
-0.18718 -0.97522 0.117937 -0.596174 0.845425 -0.0987925 0.524877 -0.254558 -0.500219 0.197954 0.842968 0.407362 -0.0148192 -0.994857 -0.100197 0.386304 -0.155849 0.101282 -0.982575 -0.490416 0.98767 0.00105462 -0.156548 0.441136 
-0.18718 -0.97522 0.117937 -0.596174 0.845425 -0.0987925 0.524877 -0.254558 -0.500219 0.197954 0.842968 0.407362 -0.0148192 -0.994857 -0.100197 0.386304 -0.155849 0.101282 -0.982575 -0.490416 0.98767 0.00105462 -0.156548 0.441136 
-0.187135 -0.975227 0.117955 -0.595777 0.845441 -0.0987481 0.52486 -0.254321 -0.500209 0.197943 0.842976 0.407324 -0.0148667 -0.994864 -0.100119 0.386031 -0.155769 0.101212 -0.982595 -0.489963 0.987682 0.000987569 -0.156474 0.440989 
-0.187135 -0.975227 0.117955 -0.595777 0.845441 -0.0987481 0.52486 -0.254321 -0.500209 0.197943 0.842976 0.407324 -0.0148667 -0.994864 -0.100119 0.386031 -0.155769 0.101212 -0.982595 -0.489963 0.987682 0.000987569 -0.156474 0.440989 
-0.187135 -0.975227 0.117955 -0.595777 0.845441 -0.0987481 0.52486 -0.254321 -0.500209 0.197943 0.842976 0.407324 -0.0148667 -0.994864 -0.100119 0.386031 -0.155769 0.101212 -0.982595 -0.489963 0.987682 0.000987569 -0.156474 0.440989 
0.157754 0.600902 0.783601 0.29636 -0.606525 -0.567248 0.557097 0.0753458 0.779257 -0.563158 0.274976 0.501707 -0.336835 -0.905691 -0.257423 0.351425 0.419958 0.100186 -0.901997 -0.362577 0.84272 -0.411931 0.346606 0.882303 
-0.187206 -0.975216 0.117932 -0.59647 0.845421 -0.0988168 0.52488 -0.254721 -0.500217 0.197963 0.842967 0.407358 -0.0147705 -0.994853 -0.10025 0.386477 -0.15591 0.101326 -0.98256 -0.490757 0.987661 0.00111712 -0.156604 0.441245 
-0.187206 -0.975216 0.117932 -0.59647 0.845421 -0.0988168 0.52488 -0.254721 -0.500217 0.197963 0.842967 0.407358 -0.0147705 -0.994853 -0.10025 0.386477 -0.15591 0.101326 -0.98256 -0.490757 0.987661 0.00111712 -0.156604 0.441245 
-0.187206 -0.975216 0.117932 -0.59647 0.845421 -0.0988168 0.52488 -0.254721 -0.500217 0.197963 0.842967 0.407358 -0.0147705 -0.994853 -0.10025 0.386477 -0.15591 0.101326 -0.98256 -0.490757 0.987661 0.00111712 -0.156604 0.441245 
-0.187214 -0.975214 0.117937 -0.596676 0.845427 -0.0988234 0.524869 -0.25482 -0.500205 0.19797 0.842973 0.407321 -0.014734 -0.994852 -0.100263 0.386601 -0.15594 0.101333 -0.982555 -0.490994 0.987657 0.00115795 -0.15663 0.44127 
-0.187214 -0.975214 0.117937 -0.596676 0.845427 -0.0988234 0.524869 -0.25482 -0.500205 0.19797 0.842973 0.407321 -0.014734 -0.994852 -0.100263 0.386601 -0.15594 0.101333 -0.982555 -0.490994 0.987657 0.00115795 -0.15663 0.44127 
