1535147150329 0.461859 0.835229 -0.298459 -0.472272 -0.85211 0.51123 0.112041 -0.178786 0.246161 0.202573 0.947823 0.335877 0.16008 -0.304787 0.938871 0.370831 -0.775623 0.549475 0.310623 -0.528794 -0.61056 -0.777934 -0.14844 0.432481 
1535147150344 0.437931 0.845834 -0.304599 -0.488623 -0.864448 0.489229 0.115687 -0.18541 0.246871 0.212647 0.945429 0.340354 0.316231 -0.384871 0.867106 0.40083 -0.930001 -0.306257 0.203234 -0.504368 0.187338 -0.870678 -0.454779 0.485897 
1535147151189 0.413695 0.855787 -0.310621 -0.504973 -0.876184 0.466928 0.119497 -0.192035 0.247301 0.222726 0.942993 0.34483 0.316231 -0.384871 0.867106 0.40083 -0.930001 -0.306257 0.203234 -0.504368 0.187338 -0.870678 -0.454779 0.485897 
1535147151195 0.389168 0.86508 -0.316521 -0.521323 -0.887308 0.444342 0.123467 -0.198658 0.247452 0.232803 0.940516 0.349307 0.316231 -0.384871 0.867106 0.40083 -0.930001 -0.306257 0.203234 -0.504368 0.187338 -0.870678 -0.454779 0.485897 
1535147152339 0.364369 0.873705 -0.322297 -0.537672 -0.897812 0.42149 0.127593 -0.205282 0.247324 0.242871 0.938 0.353785 0.316231 -0.384871 0.867106 0.40083 -0.930001 -0.306257 0.203234 -0.504368 0.187338 -0.870678 -0.454779 0.485897 
1535147153197 0.339317 0.881656 -0.327943 -0.554019 -0.907688 0.398387 0.131874 -0.211904 0.246916 0.252922 0.935448 0.358262 0.316231 -0.384871 0.867106 0.40083 -0.930001 -0.306257 0.203234 -0.504368 0.187338 -0.870678 -0.454779 0.485897 
1535147154052 0.31403 0.888928 -0.333455 -0.570363 -0.916928 0.375052 0.136305 -0.218525 0.246228 0.26295 0.93286 0.36274 0.316231 -0.384871 0.867106 0.40083 -0.930001 -0.306257 0.203234 -0.504368 0.187338 -0.870678 -0.454779 0.485897 
1535147154909 0.288527 0.895515 -0.33883 -0.586703 -0.925526 0.351502 0.140884 -0.225144 0.245263 0.272947 0.93024 0.367219 0.316231 -0.384871 0.867106 0.40083 -0.930001 -0.306257 0.203234 -0.504368 0.187338 -0.870678 -0.454779 0.485897 
1535147155761 0.262827 0.901411 -0.344064 -0.603035 -0.933476 0.327754 0.145606 -0.231759 0.244019 0.282906 0.927588 0.3717 0.316231 -0.384871 0.867106 0.40083 -0.930001 -0.306257 0.203234 -0.504368 0.187338 -0.870678 -0.454779 0.485897 
1535147156646 0.237167 0.906442 -0.349449 -0.617504 -0.940722 0.304071 0.150277 -0.237433 0.242474 0.293094 0.924826 0.376573 0.316442 -0.385045 0.866951 0.401525 -0.929984 -0.306148 0.203478 -0.505625 0.187068 -0.87064 -0.454964 0.486487 
1535147157542 0.237576 0.906367 -0.349365 -0.61715 -0.940663 0.304387 0.150007 -0.237474 0.242304 0.292997 0.924901 0.37622 0.316442 -0.385045 0.866951 0.401525 -0.929984 -0.306148 0.203478 -0.505625 0.187068 -0.87064 -0.454964 0.486487 
1535147157553 0.236272 0.905958 -0.351305 -0.617712 -0.941036 0.303432 0.149603 -0.237726 0.242131 0.295244 0.924231 0.376288 0.316221 -0.384863 0.867113 0.400797 -0.930002 -0.306262 0.203223 -0.504308 0.187351 -0.87068 -0.45477 0.485869 
1535147157711 0.234966 0.905544 -0.353243 -0.618273 -0.941408 0.302474 0.149202 -0.237979 0.241956 0.297488 0.923557 0.376356 0.316221 -0.384863 0.867113 0.400797 -0.930002 -0.306262 0.203223 -0.504308 0.187351 -0.87068 -0.45477 0.485869 
1535147157880 0.233662 0.905124 -0.355181 -0.618834 -0.941778 0.301516 0.148802 -0.238231 0.241776 0.299732 0.922879 0.376424 0.316221 -0.384863 0.867113 0.400797 -0.930002 -0.306262 0.203223 -0.504308 0.187351 -0.87068 -0.45477 0.485869 
1535147158052 0.232357 0.904698 -0.357116 -0.619396 -0.942148 0.300556 0.148404 -0.238484 0.241594 0.301973 0.922196 0.376492 0.316221 -0.384863 0.867113 0.400797 -0.930002 -0.306262 0.203223 -0.504308 0.187351 -0.87068 -0.45477 0.485869 
1535147158215 0.231052 0.904266 -0.35905 -0.619957 -0.942516 0.299594 0.148008 -0.238736 0.241409 0.304213 0.921508 0.376559 0.316221 -0.384863 0.867113 0.400797 -0.930002 -0.306262 0.203223 -0.504308 0.187351 -0.87068 -0.45477 0.485869 
1535147158381 0.229748 0.903829 -0.360984 -0.620519 -0.942883 0.298632 0.147615 -0.238988 0.24122 0.306451 0.920815 0.376627 0.316221 -0.384863 0.867113 0.400797 -0.930002 -0.306262 0.203223 -0.504308 0.187351 -0.87068 -0.45477 0.485869 
1535147158555 0.228444 0.903386 -0.362915 -0.621082 -0.943249 0.297668 0.147224 -0.239241 0.241028 0.308687 0.920118 0.376695 0.31622 -0.384863 0.867113 0.400797 -0.930002 -0.306262 0.203222 -0.504307 0.187351 -0.87068 -0.45477 0.485868 
1535147158725 0.227139 0.902937 -0.364846 -0.621643 -0.943614 0.296703 0.146834 -0.239494 0.240833 0.310922 0.919417 0.376763 0.31622 -0.384863 0.867113 0.400797 -0.930002 -0.306262 0.203222 -0.504307 0.187351 -0.87068 -0.45477 0.485868 
1535147158898 0.225835 0.902482 -0.366775 -0.622207 -0.943977 0.295736 0.146447 -0.239747 0.240635 0.313155 0.91871 0.37683 0.316221 -0.384863 0.867113 0.400796 -0.930002 -0.306262 0.203223 -0.504306 0.187351 -0.87068 -0.45477 0.485868 
1535147159081 0.226306 0.90277 -0.365777 -0.621931 -0.943859 0.29602 0.146638 -0.239539 0.240658 0.312057 0.919078 0.376808 0.316221 -0.384863 0.867113 0.400796 -0.930002 -0.306262 0.203223 -0.504306 0.187351 -0.87068 -0.45477 0.485868 
1535147159096 0.224783 0.903161 -0.36575 -0.622909 -0.944176 0.294658 0.147339 -0.239999 0.240842 0.312213 0.918977 0.377148 0.31622 -0.384863 0.867113 0.400795 -0.930002 -0.306262 0.203222 -0.504304 0.187351 -0.87068 -0.454769 0.485867 
1535147159333 0.223258 0.90355 -0.365722 -0.623892 -0.94449 0.293295 0.14804 -0.240462 0.241026 0.312369 0.918875 0.377487 0.31622 -0.384863 0.867113 0.400795 -0.930002 -0.306262 0.203222 -0.504304 0.187351 -0.87068 -0.454769 0.485867 
1535147159584 0.221733 0.903938 -0.365692 -0.624874 -0.944803 0.291931 0.148742 -0.240924 0.24121 0.312526 0.918774 0.377826 0.31622 -0.384863 0.867113 0.400795 -0.930002 -0.306262 0.203222 -0.504304 0.187351 -0.87068 -0.454769 0.485867 
1535147159827 0.220207 0.904323 -0.365662 -0.625856 -0.945113 0.290566 0.149443 -0.241386 0.241394 0.312683 0.918672 0.378166 0.31622 -0.384863 0.867113 0.400795 -0.930002 -0.306262 0.203222 -0.504304 0.187351 -0.87068 -0.454769 0.485867 
1535147159834 0.21868 0.904707 -0.36563 -0.626839 -0.94542 0.289201 0.150145 -0.241849 0.241577 0.31284 0.91857 0.378505 0.31622 -0.384863 0.867113 0.400795 -0.930002 -0.306262 0.203222 -0.504304 0.187351 -0.87068 -0.454769 0.485867 
1535147160165 0.217153 0.905088 -0.365597 -0.627821 -0.945725 0.287835 0.150846 -0.242311 0.24176 0.312998 0.918468 0.378844 0.31622 -0.384863 0.867113 0.400795 -0.930002 -0.306262 0.203222 -0.504304 0.187351 -0.87068 -0.454769 0.485867 
1535147160413 0.215625 0.905466 -0.365563 -0.628804 -0.946028 0.286469 0.151547 -0.242774 0.241943 0.313155 0.918367 0.379183 0.31622 -0.384863 0.867113 0.400795 -0.930002 -0.306262 0.203222 -0.504304 0.187351 -0.87068 -0.454769 0.485867 
1535147160420 0.214097 0.905843 -0.365528 -0.629785 -0.946328 0.285102 0.152248 -0.243236 0.242126 0.313313 0.918265 0.379523 0.31622 -0.384863 0.867113 0.400795 -0.930002 -0.306262 0.203222 -0.504304 0.187351 -0.87068 -0.454769 0.485867 
1535147160759 0.212569 0.906218 -0.365491 -0.630769 -0.946626 0.283734 0.15295 -0.243699 0.242308 0.313472 0.918163 0.379862 0.31622 -0.384863 0.867113 0.400795 -0.930002 -0.306262 0.203222 -0.504304 0.187351 -0.87068 -0.454769 0.485867 
1535147161021 0.213134 0.906069 -0.36553 -0.630475 -0.946533 0.284223 0.152621 -0.243764 0.242178 0.313457 0.918202 0.37974 0.31622 -0.384863 0.867113 0.400795 -0.930002 -0.306262 0.203222 -0.504304 0.187351 -0.87068 -0.454769 0.485867 
1535147161033 0.212442 0.906445 -0.365001 -0.630884 -0.94674 0.283423 0.152822 -0.243999 0.241974 0.313095 0.918379 0.379843 0.31622 -0.384863 0.867113 0.400795 -0.930002 -0.306262 0.203222 -0.504304 0.187351 -0.87068 -0.45477 0.485867 
1535147161179 0.211749 0.90682 -0.364471 -0.631299 -0.946947 0.282622 0.153022 -0.244237 0.241771 0.312733 0.918556 0.379946 0.31622 -0.384863 0.867113 0.400795 -0.930002 -0.306262 0.203222 -0.504304 0.187351 -0.87068 -0.45477 0.485867 
1535147161367 0.211056 0.907195 -0.363941 -0.631712 -0.947154 0.281821 0.153221 -0.244475 0.241568 0.31237 0.918733 0.380048 0.31622 -0.384863 0.867113 0.400795 -0.930002 -0.306262 0.203222 -0.504304 0.187351 -0.87068 -0.45477 0.485867 
1535147161545 0.210363 0.907568 -0.363411 -0.632127 -0.94736 0.281019 0.153421 -0.244713 0.241365 0.312007 0.918909 0.380151 0.31622 -0.384863 0.867113 0.400795 -0.930002 -0.306262 0.203222 -0.504304 0.187351 -0.87068 -0.45477 0.485867 
1535147161726 0.20967 0.907941 -0.362881 -0.632542 -0.947565 0.280218 0.153619 -0.244951 0.241163 0.311644 0.919086 0.380253 0.31622 -0.384863 0.867113 0.400795 -0.930002 -0.306262 0.203222 -0.504304 0.187351 -0.87068 -0.45477 0.485867 
1535147161905 0.208976 0.908313 -0.36235 -0.632957 -0.947769 0.279416 0.153818 -0.245189 0.240961 0.31128 0.919262 0.380355 0.31622 -0.384863 0.867113 0.400795 -0.930002 -0.306262 0.203222 -0.504304 0.187351 -0.87068 -0.45477 0.485867 
1535147162083 0.208282 0.908683 -0.361819 -0.63337 -0.947973 0.278614 0.154015 -0.245426 0.240759 0.310916 0.919438 0.380458 0.31622 -0.384863 0.867113 0.400795 -0.930002 -0.306262 0.203222 -0.504304 0.187351 -0.87068 -0.45477 0.485867 
1535147162258 0.207588 0.909054 -0.361288 -0.633785 -0.948177 0.277811 0.154213 -0.245664 0.240557 0.310552 0.919614 0.38056 0.31622 -0.384863 0.867113 0.400795 -0.930002 -0.306262 0.203222 -0.504304 0.187351 -0.87068 -0.45477 0.485867 
1535147162445 0.206894 0.909423 -0.360756 -0.634199 -0.94838 0.277008 0.15441 -0.245902 0.240356 0.310187 0.919789 0.380662 0.31622 -0.384863 0.867113 0.400795 -0.930002 -0.306262 0.203222 -0.504304 0.187351 -0.87068 -0.45477 0.485867 
1535147162634 0.207317 0.9092 -0.361074 -0.633994 -0.94827 0.277479 0.154238 -0.245868 0.240424 0.310419 0.919694 0.380599 0.31622 -0.384863 0.867113 0.400795 -0.930002 -0.306262 0.203222 -0.504304 0.187351 -0.87068 -0.45477 0.485867 
1535147162646 0.206917 0.909413 -0.360768 -0.634143 -0.948321 0.277101 0.154604 -0.24597 0.240568 0.310133 0.919752 0.380662 0.31622 -0.384863 0.867113 0.400795 -0.930002 -0.306262 0.203222 -0.504304 0.187351 -0.87068 -0.45477 0.485867 
1535147162662 0.206515 0.909626 -0.360461 -0.634295 -0.948372 0.276723 0.15497 -0.246075 0.240713 0.309848 0.919811 0.380724 0.31622 -0.384863 0.867113 0.400795 -0.930002 -0.306262 0.203222 -0.504304 0.187351 -0.87068 -0.45477 0.485867 
1535147162786 0.206114 0.909838 -0.360155 -0.634448 -0.948422 0.276344 0.155336 -0.24618 0.240857 0.309562 0.919869 0.380786 0.31622 -0.384863 0.867113 0.400795 -0.930002 -0.306262 0.203222 -0.504304 0.187351 -0.87068 -0.45477 0.485867 
1535147162864 0.205713 0.91005 -0.359848 -0.634601 -0.948473 0.275965 0.155702 -0.246284 0.241002 0.309276 0.919927 0.380848 0.31622 -0.384863 0.867113 0.400795 -0.930002 -0.306262 0.203222 -0.504304 0.187351 -0.87068 -0.45477 0.485867 
1535147162958 0.205312 0.910262 -0.359541 -0.634755 -0.948523 0.275586 0.156068 -0.246389 0.241147 0.30899 0.919986 0.38091 0.31622 -0.384863 0.867113 0.400795 -0.930002 -0.306262 0.203222 -0.504304 0.187351 -0.87068 -0.45477 0.485867 
1535147163056 0.20491 0.910474 -0.359234 -0.634907 -0.948573 0.275207 0.156433 -0.246493 0.241292 0.308704 0.920043 0.380973 0.31622 -0.384863 0.867113 0.400795 -0.930002 -0.306262 0.203222 -0.504304 0.187351 -0.87068 -0.45477 0.485867 
1535147163157 0.204509 0.910686 -0.358926 -0.635061 -0.948622 0.274827 0.156799 -0.246599 0.241437 0.308418 0.920101 0.381035 0.31622 -0.384863 0.867113 0.400795 -0.930002 -0.306262 0.203222 -0.504304 0.187351 -0.87068 -0.45477 0.485867 
1535147163245 0.204108 0.910897 -0.358618 -0.635214 -0.948672 0.274448 0.157164 -0.246703 0.241582 0.308133 0.920159 0.381097 0.31622 -0.384863 0.867113 0.400795 -0.930002 -0.306262 0.203222 -0.504304 0.187351 -0.87068 -0.45477 0.485867 
1535147163345 0.203707 0.911108 -0.35831 -0.635368 -0.948721 0.274068 0.157529 -0.246808 0.241727 0.307847 0.920216 0.381159 0.31622 -0.384863 0.867113 0.400795 -0.930002 -0.306262 0.203222 -0.504304 0.187351 -0.87068 -0.45477 0.485867 
1535147163443 0.204089 0.910895 -0.358634 -0.635205 -0.948695 0.274408 0.157092 -0.246732 0.241506 0.308174 0.920165 0.381156 0.31622 -0.384863 0.867113 0.400795 -0.930002 -0.306262 0.203222 -0.504304 0.187351 -0.87068 -0.45477 0.485867 
1535147163455 0.204356 0.910953 -0.358334 -0.635231 -0.948619 0.274629 0.157165 -0.246732 0.241579 0.307805 0.920269 0.381168 0.31622 -0.384863 0.867113 0.400795 -0.930002 -0.306262 0.203222 -0.504304 0.187351 -0.87068 -0.45477 0.485867 
1535147163472 0.204612 0.911016 -0.358029 -0.635264 -0.948545 0.274839 0.157245 -0.246738 0.241653 0.307432 0.920375 0.381179 0.31622 -0.384863 0.867113 0.400795 -0.930002 -0.306262 0.203222 -0.504304 0.187351 -0.87068 -0.45477 0.485867 
1535147163479 0.204868 0.911078 -0.357723 -0.635297 -0.948471 0.275048 0.157325 -0.246744 0.241727 0.307059 0.92048 0.381191 0.31622 -0.384863 0.867113 0.400795 -0.930002 -0.306262 0.203222 -0.504304 0.187351 -0.87068 -0.45477 0.485867 
1535147163494 0.205125 0.91114 -0.357417 -0.635331 -0.948397 0.275258 0.157405 -0.24675 0.2418 0.306686 0.920585 0.381203 0.31622 -0.384863 0.867113 0.400795 -0.930002 -0.306262 0.203222 -0.504304 0.187351 -0.87068 -0.45477 0.485867 
1535147163594 0.205381 0.911203 -0.357112 -0.635365 -0.948323 0.275468 0.157485 -0.246757 0.241874 0.306312 0.92069 0.381214 0.31622 -0.384863 0.867113 0.400795 -0.930002 -0.306262 0.203222 -0.504304 0.187351 -0.87068 -0.45477 0.485867 
1535147163611 0.205637 0.911265 -0.356806 -0.635399 -0.948248 0.275677 0.157566 -0.246763 0.241947 0.305939 0.920795 0.381226 0.31622 -0.384863 0.867113 0.400795 -0.930002 -0.306262 0.203222 -0.504304 0.187351 -0.87068 -0.45477 0.485867 
1535147163627 0.205893 0.911326 -0.3565 -0.635432 -0.948174 0.275887 0.157646 -0.246769 0.242021 0.305566 0.920899 0.381238 0.31622 -0.384863 0.867113 0.400795 -0.930002 -0.306262 0.203222 -0.504304 0.187351 -0.87068 -0.45477 0.485867 
1535147163678 0.206149 0.911388 -0.356194 -0.635467 -0.9481 0.276097 0.157726 -0.246776 0.242094 0.305192 0.921004 0.381249 0.31622 -0.384863 0.867113 0.400795 -0.930002 -0.306262 0.203222 -0.504304 0.187351 -0.87068 -0.45477 0.485867 
1535147163685 0.206406 0.91145 -0.355888 -0.6355 -0.948025 0.276306 0.157807 -0.246782 0.242167 0.304819 0.921108 0.381261 0.31622 -0.384863 0.867113 0.400795 -0.930002 -0.306262 0.203222 -0.504304 0.187351 -0.87068 -0.45477 0.485867 
1535147163757 0.205533 0.911256 -0.356887 -0.635361 -0.948283 0.27558 0.15753 -0.246819 0.241901 0.306053 0.920769 0.381254 0.31622 -0.384863 0.867113 0.400795 -0.930002 -0.306262 0.203222 -0.504304 0.187351 -0.87068 -0.45477 0.485867 
1535147163768 0.206084 0.911286 -0.356492 -0.635214 -0.948167 0.276021 0.157457 -0.246759 0.241888 0.305565 0.920935 0.381354 0.31622 -0.384863 0.867113 0.400795 -0.930002 -0.306262 0.203222 -0.504304 0.187351 -0.87068 -0.45477 0.485867 
1535147163785 0.206635 0.911316 -0.356098 -0.635064 -0.94805 0.276462 0.157385 -0.246698 0.241875 0.305077 0.9211 0.381455 0.31622 -0.384863 0.867113 0.400795 -0.930002 -0.306262 0.203222 -0.504304 0.187351 -0.87068 -0.45477 0.485867 
1535147163928 0.207186 0.911345 -0.355703 -0.634913 -0.947933 0.276904 0.157313 -0.246636 0.241862 0.30459 0.921264 0.381556 0.31622 -0.384863 0.867113 0.400795 -0.930002 -0.306262 0.203222 -0.504304 0.187351 -0.87068 -0.45477 0.485867 
1535147163935 0.207737 0.911373 -0.355308 -0.634762 -0.947816 0.277345 0.157241 -0.246575 0.241848 0.304102 0.921429 0.381656 0.31622 -0.384863 0.867113 0.400795 -0.930002 -0.306262 0.203222 -0.504304 0.187351 -0.87068 -0.45477 0.485867 
1535147164090 0.208288 0.911402 -0.354913 -0.634612 -0.947698 0.277787 0.157169 -0.246514 0.241835 0.303614 0.921593 0.381757 0.31622 -0.384863 0.867113 0.400795 -0.930002 -0.306262 0.203222 -0.504304 0.187351 -0.87068 -0.45477 0.485867 
1535147164148 0.208838 0.911429 -0.354518 -0.634461 -0.947581 0.278228 0.157098 -0.246452 0.24182 0.303127 0.921758 0.381858 0.31622 -0.384863 0.867113 0.400795 -0.930002 -0.306262 0.203222 -0.504304 0.187351 -0.87068 -0.45477 0.485867 
1535147164245 0.209389 0.911457 -0.354123 -0.634311 -0.947463 0.278669 0.157026 -0.246391 0.241806 0.302639 0.921922 0.381959 0.31622 -0.384863 0.867113 0.400795 -0.930002 -0.306262 0.203222 -0.504304 0.187351 -0.87068 -0.45477 0.485867 
1535147164297 0.20994 0.911483 -0.353728 -0.634159 -0.947345 0.279111 0.156955 -0.246328 0.241792 0.302151 0.922085 0.38206 0.31622 -0.384863 0.867113 0.400795 -0.930002 -0.306262 0.203222 -0.504304 0.187351 -0.87068 -0.45477 0.485867 
1535147164388 0.21049 0.91151 -0.353333 -0.634009 -0.947226 0.279552 0.156884 -0.246267 0.241777 0.301663 0.922249 0.38216 0.31622 -0.384863 0.867113 0.400795 -0.930002 -0.306262 0.203222 -0.504304 0.187351 -0.87068 -0.45477 0.485867 
1535147164467 0.209791 0.911425 -0.353967 -0.63421 -0.947386 0.279003 0.156898 -0.246344 0.241759 0.302427 0.922003 0.381974 0.31622 -0.384863 0.867113 0.400795 -0.930002 -0.306262 0.203222 -0.504304 0.187351 -0.87068 -0.45477 0.485867 
1535147164484 0.209962 0.911351 -0.354055 -0.633884 -0.947353 0.279172 0.156798 -0.246229 0.24174 0.302493 0.921987 0.382169 0.31622 -0.384863 0.867113 0.400795 -0.930002 -0.306262 0.203222 -0.504304 0.187351 -0.87068 -0.45477 0.485867 
1535147164564 0.210135 0.911277 -0.354142 -0.633553 -0.94732 0.279342 0.156696 -0.246111 0.24172 0.302559 0.92197 0.382365 0.31622 -0.384863 0.867113 0.400795 -0.930002 -0.306262 0.203222 -0.504304 0.187351 -0.87068 -0.45477 0.485867 
1535147164702 0.210308 0.911203 -0.35423 -0.633222 -0.947286 0.279512 0.156594 -0.245994 0.241701 0.302625 0.921954 0.382561 0.31622 -0.384863 0.867113 0.400795 -0.930002 -0.306262 0.203222 -0.504304 0.187351 -0.87068 -0.45477 0.485867 
1535147164851 0.210481 0.911129 -0.354318 -0.632891 -0.947253 0.279682 0.156492 -0.245876 0.241681 0.30269 0.921938 0.382757 0.31622 -0.384863 0.867113 0.400795 -0.930002 -0.306262 0.203222 -0.504304 0.187351 -0.87068 -0.45477 0.485867 
1535147165003 0.210654 0.911055 -0.354406 -0.63256 -0.94722 0.279852 0.15639 -0.245758 0.241661 0.302756 0.921921 0.382953 0.31622 -0.384863 0.867113 0.400795 -0.930002 -0.306262 0.203222 -0.504304 0.187351 -0.87068 -0.45477 0.485867 
1535147165157 0.210826 0.910981 -0.354494 -0.632228 -0.947186 0.280022 0.156288 -0.24564 0.241642 0.302822 0.921905 0.383149 0.31622 -0.384863 0.867113 0.400795 -0.930002 -0.306262 0.203222 -0.504304 0.187351 -0.87068 -0.45477 0.485867 
1535147165310 0.210999 0.910907 -0.354582 -0.631898 -0.947153 0.280192 0.156186 -0.245523 0.241622 0.302888 0.921888 0.383345 0.31622 -0.384863 0.867113 0.400795 -0.930002 -0.306262 0.203222 -0.504304 0.187351 -0.87068 -0.45477 0.485867 
1535147165467 0.211172 0.910833 -0.35467 -0.631567 -0.947119 0.280362 0.156084 -0.245406 0.241603 0.302954 0.921872 0.383541 0.31622 -0.384863 0.867113 0.400795 -0.930002 -0.306262 0.203222 -0.504304 0.187351 -0.87068 -0.45477 0.485867 
1535147165624 0.211345 0.910758 -0.354757 -0.631235 -0.947086 0.280532 0.155982 -0.245288 0.241583 0.30302 0.921855 0.383737 0.31622 -0.384863 0.867113 0.400795 -0.930002 -0.306262 0.203222 -0.504304 0.187351 -0.87068 -0.45477 0.485867 
1535147165788 0.211192 0.910771 -0.354815 -0.63146 -0.947129 0.280389 0.155978 -0.245362 0.241546 0.303114 0.921834 0.383586 0.31622 -0.384863 0.867113 0.400795 -0.930002 -0.306262 0.203222 -0.504304 0.187351 -0.87068 -0.45477 0.485867 
1535147165801 0.211269 0.910714 -0.354917 -0.631039 -0.947088 0.280507 0.156012 -0.245182 0.241639 0.303177 0.921789 0.383777 0.31622 -0.384863 0.867113 0.400795 -0.930002 -0.306262 0.203222 -0.504304 0.187351 -0.87068 -0.45477 0.485867 
1535147165836 0.211347 0.910656 -0.355019 -0.630613 -0.947047 0.280627 0.156045 -0.245 0.241731 0.30324 0.921744 0.383969 0.31622 -0.384863 0.867113 0.400795 -0.930002 -0.306262 0.203222 -0.504304 0.187351 -0.87068 -0.45477 0.485867 
1535147166035 0.211425 0.910598 -0.355121 -0.630188 -0.947006 0.280747 0.156078 -0.244818 0.241824 0.303303 0.921699 0.384161 0.31622 -0.384863 0.867113 0.400795 -0.930002 -0.306262 0.203222 -0.504304 0.187351 -0.87068 -0.45477 0.485867 
1535147166041 0.211502 0.91054 -0.355224 -0.629762 -0.946965 0.280866 0.156112 -0.244636 0.241916 0.303367 0.921653 0.384354 0.31622 -0.384863 0.867113 0.400795 -0.930002 -0.306262 0.203222 -0.504304 0.187351 -0.87068 -0.45477 0.485867 
1535147166274 0.21158 0.910482 -0.355326 -0.629338 -0.946924 0.280986 0.156145 -0.244454 0.242009 0.30343 0.921608 0.384546 0.31622 -0.384863 0.867113 0.400795 -0.930002 -0.306262 0.203222 -0.504304 0.187351 -0.87068 -0.45477 0.485867 
1535147166281 0.211658 0.910424 -0.355429 -0.628911 -0.946883 0.281106 0.156178 -0.244272 0.242102 0.303493 0.921563 0.384738 0.31622 -0.384863 0.867113 0.400795 -0.930002 -0.306262 0.203222 -0.504304 0.187351 -0.87068 -0.45477 0.485867 
1535147166449 0.211736 0.910366 -0.355531 -0.628487 -0.946842 0.281226 0.156212 -0.24409 0.242194 0.303556 0.921518 0.38493 0.31622 -0.384863 0.867113 0.400795 -0.930002 -0.306262 0.203222 -0.504304 0.187351 -0.87068 -0.45477 0.485867 
1535147166691 0.211813 0.910308 -0.355633 -0.62806 -0.946801 0.281346 0.156245 -0.243907 0.242287 0.303619 0.921473 0.385122 0.31622 -0.384863 0.867113 0.400795 -0.930002 -0.306262 0.203222 -0.504304 0.187351 -0.87068 -0.45477 0.485867 
1535147166872 0.211891 0.91025 -0.355736 -0.627635 -0.94676 0.281465 0.156278 -0.243725 0.24238 0.303682 0.921428 0.385314 0.31622 -0.384863 0.867113 0.400795 -0.930002 -0.306262 0.203222 -0.504304 0.187351 -0.87068 -0.45477 0.485867 
1535147167055 0.211668 0.910308 -0.355719 -0.627871 -0.946821 0.28124 0.156313 -0.243739 0.242336 0.303716 0.921428 0.385155 0.31622 -0.384863 0.867113 0.400795 -0.930002 -0.306262 0.203222 -0.504304 0.187351 -0.87068 -0.45477 0.485867 
1535147167065 0.211578 0.910285 -0.355831 -0.627489 -0.946762 0.281274 0.156607 -0.243604 0.242643 0.303753 0.921335 0.385309 0.31622 -0.384863 0.867113 0.400795 -0.930002 -0.306262 0.203222 -0.504304 0.187351 -0.87068 -0.45477 0.485867 
1535147167082 0.211488 0.910262 -0.355944 -0.627104 -0.946703 0.281309 0.156902 -0.243466 0.242952 0.30379 0.921241 0.385465 0.31622 -0.384863 0.867113 0.400795 -0.930002 -0.306262 0.203222 -0.504304 0.187351 -0.87068 -0.45477 0.485867 
1535147167088 0.211398 0.910239 -0.356056 -0.626718 -0.946644 0.281344 0.157197 -0.243329 0.243261 0.303828 0.921148 0.38562 0.31622 -0.384863 0.867113 0.400795 -0.930002 -0.306262 0.203222 -0.504304 0.187351 -0.87068 -0.45477 0.485867 
1535147167341 0.211308 0.910215 -0.356169 -0.626332 -0.946585 0.281378 0.157492 -0.243191 0.24357 0.303865 0.921054 0.385775 0.31622 -0.384863 0.867113 0.400795 -0.930002 -0.306262 0.203222 -0.504304 0.187351 -0.87068 -0.45477 0.485867 
1535147167499 0.211219 0.910192 -0.356282 -0.625945 -0.946525 0.281413 0.157787 -0.243053 0.243879 0.303902 0.92096 0.38593 0.31622 -0.384863 0.867113 0.400795 -0.930002 -0.306262 0.203222 -0.504304 0.187351 -0.87068 -0.45477 0.485867 
1535147167656 0.211129 0.910169 -0.356395 -0.62556 -0.946466 0.281448 0.158081 -0.242916 0.244187 0.30394 0.920865 0.386085 0.31622 -0.384863 0.867113 0.400795 -0.930002 -0.306262 0.203222 -0.504304 0.187351 -0.87068 -0.45477 0.485867 
1535147167827 0.211039 0.910146 -0.356507 -0.625175 -0.946406 0.281483 0.158376 -0.242779 0.244496 0.303977 0.920771 0.38624 0.31622 -0.384863 0.867113 0.400795 -0.930002 -0.306262 0.203222 -0.504304 0.187351 -0.87068 -0.45477 0.485867 
1535147167988 0.210949 0.910122 -0.35662 -0.624788 -0.946346 0.281518 0.158671 -0.242641 0.244805 0.304014 0.920677 0.386396 0.31622 -0.384863 0.867113 0.400795 -0.930002 -0.306262 0.203222 -0.504304 0.187351 -0.87068 -0.45477 0.485867 
1535147168155 0.210859 0.910099 -0.356732 -0.624403 -0.946286 0.281553 0.158966 -0.242504 0.245114 0.304052 0.920582 0.386551 0.31622 -0.384863 0.867113 0.400795 -0.930002 -0.306262 0.203222 -0.504304 0.187351 -0.87068 -0.45477 0.485867 
1535147168328 0.211 0.910079 -0.356701 -0.624639 -0.946291 0.281634 0.158792 -0.242575 0.244972 0.304038 0.920625 0.386469 0.31622 -0.384863 0.867113 0.400795 -0.930002 -0.306262 0.203222 -0.504304 0.187351 -0.87068 -0.45477 0.485867 
1535147168340 0.210957 0.910045 -0.356812 -0.624342 -0.946208 0.281728 0.15912 -0.24248 0.24533 0.304051 0.920525 0.386598 0.31622 -0.384863 0.867113 0.400795 -0.930002 -0.306262 0.203222 -0.504304 0.187351 -0.87068 -0.45477 0.485867 
1535147168357 0.210916 0.910011 -0.356924 -0.62404 -0.946125 0.281824 0.159447 -0.242383 0.245688 0.304065 0.920425 0.386729 0.31622 -0.384863 0.867113 0.400795 -0.930002 -0.306262 0.203222 -0.504304 0.187351 -0.87068 -0.45477 0.485867 
1535147168523 0.210874 0.909977 -0.357036 -0.623738 -0.946041 0.28192 0.159774 -0.242286 0.246046 0.304078 0.920325 0.386859 0.31622 -0.384863 0.867113 0.400795 -0.930002 -0.306262 0.203222 -0.504304 0.187351 -0.87068 -0.45477 0.485867 
1535147168645 0.210832 0.909943 -0.357147 -0.623435 -0.945957 0.282015 0.160101 -0.242188 0.246404 0.304092 0.920225 0.386989 0.31622 -0.384863 0.867113 0.400795 -0.930002 -0.306262 0.203222 -0.504304 0.187351 -0.87068 -0.45477 0.485867 
1535147168795 0.21079 0.909908 -0.357259 -0.623133 -0.945873 0.282111 0.160428 -0.242091 0.246762 0.304105 0.920124 0.38712 0.31622 -0.384863 0.867113 0.400795 -0.930002 -0.306262 0.203222 -0.504304 0.187351 -0.87068 -0.45477 0.485867 
1535147168922 0.210748 0.909874 -0.357371 -0.622832 -0.945789 0.282207 0.160755 -0.241994 0.24712 0.304118 0.920024 0.38725 0.31622 -0.384863 0.867113 0.400795 -0.930002 -0.306262 0.203222 -0.504304 0.187351 -0.87068 -0.45477 0.485867 
1535147169039 0.210707 0.90984 -0.357483 -0.622529 -0.945705 0.282303 0.161082 -0.241897 0.247477 0.304132 0.919923 0.38738 0.31622 -0.384863 0.867113 0.400795 -0.930002 -0.306262 0.203222 -0.504304 0.187351 -0.87068 -0.45477 0.485867 
1535147169045 0.210665 0.909806 -0.357594 -0.622227 -0.945621 0.282398 0.161409 -0.2418 0.247835 0.304145 0.919823 0.387511 0.31622 -0.384863 0.867113 0.400795 -0.930002 -0.306262 0.203222 -0.504304 0.187351 -0.87068 -0.45477 0.485867 
1535147169235 0.210623 0.909772 -0.357706 -0.621926 -0.945536 0.282494 0.161736 -0.241703 0.248193 0.304158 0.919722 0.387641 0.31622 -0.384863 0.867113 0.400795 -0.930002 -0.306262 0.203222 -0.504304 0.187351 -0.87068 -0.45477 0.485867 
1535147169381 0.210619 0.90982 -0.357586 -0.622161 -0.94559 0.282405 0.161578 -0.241762 0.247991 0.304098 0.919796 0.387568 0.31622 -0.384863 0.867113 0.400795 -0.930002 -0.306262 0.203222 -0.504304 0.187351 -0.87068 -0.45477 0.485867 
1535147169392 0.210608 0.909722 -0.357842 -0.621893 -0.945474 0.282585 0.161941 -0.241686 0.248442 0.304224 0.919633 0.387682 0.31622 -0.384863 0.867113 0.400795 -0.930002 -0.306262 0.203222 -0.504304 0.187351 -0.87068 -0.45477 0.485867 
1535147169408 0.210597 0.909623 -0.358099 -0.621622 -0.945358 0.282766 0.162303 -0.241608 0.248893 0.304351 0.919469 0.387797 0.31622 -0.384863 0.867113 0.400795 -0.930002 -0.306262 0.203222 -0.504304 0.187351 -0.87068 -0.45477 0.485867 
1535147169555 0.210587 0.909524 -0.358355 -0.62135 -0.945241 0.282947 0.162666 -0.24153 0.249344 0.304477 0.919305 0.387912 0.31622 -0.384863 0.867113 0.400795 -0.930002 -0.306262 0.203222 -0.504304 0.187351 -0.87068 -0.45477 0.485867 
1535147169678 0.210576 0.909426 -0.358612 -0.621078 -0.945124 0.283128 0.163028 -0.241451 0.249795 0.304603 0.91914 0.388027 0.31622 -0.384863 0.867113 0.400795 -0.930002 -0.306262 0.203222 -0.504304 0.187351 -0.87068 -0.45477 0.485867 
1535147169788 0.210564 0.909327 -0.358869 -0.620807 -0.945008 0.283309 0.163391 -0.241374 0.250247 0.304729 0.918976 0.388142 0.31622 -0.384863 0.867113 0.400795 -0.930002 -0.306262 0.203222 -0.504304 0.187351 -0.87068 -0.45477 0.485867 
1535147169795 0.210553 0.909228 -0.359125 -0.620534 -0.944891 0.28349 0.163753 -0.241295 0.250698 0.304856 0.918811 0.388257 0.31622 -0.384863 0.867113 0.400795 -0.930002 -0.306262 0.203222 -0.504304 0.187351 -0.87068 -0.45477 0.485867 
1535147169978 0.210542 0.90913 -0.359382 -0.620263 -0.944773 0.283672 0.164116 -0.241217 0.251149 0.304981 0.918646 0.388371 0.31622 -0.384863 0.867113 0.400795 -0.930002 -0.306262 0.203222 -0.504304 0.187351 -0.87068 -0.45477 0.485867 
1535147170117 0.21053 0.909031 -0.359639 -0.619991 -0.944656 0.283853 0.164478 -0.241138 0.2516 0.305107 0.918481 0.388486 0.31622 -0.384863 0.867113 0.400795 -0.930002 -0.306262 0.203222 -0.504304 0.187351 -0.87068 -0.45477 0.485867 
1535147170219 0.210518 0.908932 -0.359895 -0.619719 -0.944538 0.284034 0.16484 -0.24106 0.252051 0.305233 0.918315 0.388601 0.31622 -0.384863 0.867113 0.400795 -0.930002 -0.306262 0.203222 -0.504304 0.187351 -0.87068 -0.45477 0.485867 
1535147170351 0.210721 0.90897 -0.35968 -0.619916 -0.94461 0.284043 0.164416 -0.241189 0.251614 0.305111 0.918476 0.388497 0.31622 -0.384863 0.867113 0.400795 -0.930002 -0.306262 0.203222 -0.504304 0.187351 -0.87068 -0.45477 0.485867 
1535147170365 0.210742 0.909035 -0.359505 -0.619731 -0.944575 0.284067 0.164575 -0.241116 0.251728 0.304896 0.918516 0.388528 0.31622 -0.384863 0.867113 0.400795 -0.930002 -0.306262 0.203222 -0.504304 0.187351 -0.87068 -0.45477 0.485867 
1535147170370 0.210763 0.909099 -0.359331 -0.619542 -0.94454 0.284092 0.164732 -0.241041 0.251841 0.304683 0.918556 0.38856 0.31622 -0.384863 0.867113 0.400795 -0.930002 -0.306262 0.203222 -0.504304 0.187351 -0.87068 -0.45477 0.485867 
1535147170377 0.210785 0.909162 -0.359157 -0.619354 -0.944504 0.284117 0.16489 -0.240965 0.251955 0.304469 0.918595 0.388592 0.31622 -0.384863 0.867113 0.400795 -0.930002 -0.306262 0.203222 -0.504304 0.187351 -0.87068 -0.45477 0.485867 
1535147170384 0.210806 0.909226 -0.358983 -0.619165 -0.944469 0.284142 0.165048 -0.24089 0.252068 0.304256 0.918635 0.388624 0.31622 -0.384863 0.867113 0.400795 -0.930002 -0.306262 0.203222 -0.504304 0.187351 -0.87068 -0.45477 0.485867 
1535147170575 0.210828 0.90929 -0.35881 -0.618975 -0.944434 0.284167 0.165206 -0.240814 0.252182 0.304042 0.918674 0.388656 0.31622 -0.384863 0.867113 0.400795 -0.930002 -0.306262 0.203222 -0.504304 0.187351 -0.87068 -0.45477 0.485867 
1535147170612 0.210849 0.909353 -0.358636 -0.618787 -0.944399 0.284192 0.165364 -0.24074 0.252295 0.303828 0.918714 0.388688 0.31622 -0.384863 0.867113 0.400795 -0.930002 -0.306262 0.203222 -0.504304 0.187351 -0.87068 -0.45477 0.485867 
1535147170717 0.21087 0.909417 -0.358462 -0.618599 -0.944364 0.284217 0.165521 -0.240665 0.252409 0.303615 0.918753 0.38872 0.31622 -0.384863 0.867113 0.400795 -0.930002 -0.306262 0.203222 -0.504304 0.187351 -0.87068 -0.45477 0.485867 
1535147170759 0.210892 0.90948 -0.358288 -0.618409 -0.944329 0.284242 0.165679 -0.240589 0.252522 0.303401 0.918793 0.388752 0.31622 -0.384863 0.867113 0.400795 -0.930002 -0.306262 0.203222 -0.504304 0.187351 -0.87068 -0.45477 0.485867 
1535147170848 0.210914 0.909544 -0.358114 -0.618221 -0.944294 0.284267 0.165837 -0.240514 0.252636 0.303188 0.918832 0.388784 0.31622 -0.384863 0.867113 0.400795 -0.930002 -0.306262 0.203222 -0.504304 0.187351 -0.87068 -0.45477 0.485867 
1535147170920 0.210823 0.909437 -0.358439 -0.618532 -0.944344 0.284206 0.165657 -0.240548 0.252525 0.303565 0.918738 0.388719 0.31622 -0.384863 0.867113 0.400795 -0.930002 -0.306262 0.203222 -0.504304 0.187351 -0.87068 -0.45477 0.485867 
1535147170931 0.210959 0.909374 -0.358519 -0.618343 -0.944369 0.28428 0.165385 -0.240446 0.252317 0.303685 0.918756 0.388811 0.31622 -0.384863 0.867113 0.400795 -0.930002 -0.306262 0.203222 -0.504304 0.187351 -0.87068 -0.45477 0.485867 
1535147170938 0.211095 0.909311 -0.358599 -0.618149 -0.944394 0.284354 0.165113 -0.240342 0.252108 0.303804 0.918773 0.388904 0.31622 -0.384863 0.867113 0.400795 -0.930002 -0.306262 0.203222 -0.504304 0.187351 -0.87068 -0.45477 0.485867 
1535147171020 0.211231 0.909247 -0.358679 -0.617955 -0.944419 0.284428 0.16484 -0.240238 0.251899 0.303924 0.918791 0.388997 0.31622 -0.384863 0.867113 0.400795 -0.930002 -0.306262 0.203222 -0.504304 0.187351 -0.87068 -0.45477 0.485867 
1535147171125 0.211368 0.909184 -0.358758 -0.61776 -0.944445 0.284503 0.164568 -0.240133 0.25169 0.304043 0.918809 0.38909 0.31622 -0.384863 0.867113 0.400795 -0.930002 -0.306262 0.203222 -0.504304 0.187351 -0.87068 -0.45477 0.485867 
1535147171200 0.211504 0.909121 -0.358838 -0.617566 -0.94447 0.284577 0.164296 -0.240029 0.251482 0.304162 0.918827 0.389184 0.31622 -0.384863 0.867113 0.400795 -0.930002 -0.306262 0.203222 -0.504304 0.187351 -0.87068 -0.45477 0.485867 
1535147171313 0.21164 0.909058 -0.358917 -0.617372 -0.944495 0.284651 0.164024 -0.239925 0.251273 0.304282 0.918844 0.389277 0.31622 -0.384863 0.867113 0.400795 -0.930002 -0.306262 0.203222 -0.504304 0.187351 -0.87068 -0.45477 0.485867 
1535147171375 0.211777 0.908995 -0.358997 -0.617177 -0.94452 0.284725 0.163751 -0.23982 0.251064 0.304401 0.918862 0.38937 0.31622 -0.384863 0.867113 0.400795 -0.930002 -0.306262 0.203222 -0.504304 0.187351 -0.87068 -0.45477 0.485867 
1535147171484 0.211913 0.908932 -0.359077 -0.616984 -0.944544 0.284799 0.163479 -0.239716 0.250856 0.30452 0.918879 0.389463 0.31622 -0.384863 0.867113 0.400795 -0.930002 -0.306262 0.203222 -0.504304 0.187351 -0.87068 -0.45477 0.485867 
1535147171554 0.212049 0.908869 -0.359156 -0.61679 -0.944569 0.284873 0.163207 -0.239612 0.250647 0.30464 0.918896 0.389556 0.31622 -0.384863 0.867113 0.400795 -0.930002 -0.306262 0.203222 -0.504304 0.187351 -0.87068 -0.45477 0.485867 
1535147171681 0.211894 0.908933 -0.359086 -0.617011 -0.944534 0.284801 0.163538 -0.239642 0.250913 0.304516 0.918865 0.389406 0.31622 -0.384863 0.867113 0.400795 -0.930002 -0.306262 0.203222 -0.504304 0.187351 -0.87068 -0.45477 0.485867 
1535147171693 0.21184 0.908884 -0.359241 -0.616782 -0.944464 0.284879 0.163806 -0.239569 0.251221 0.30459 0.918756 0.389504 0.31622 -0.384863 0.867113 0.400795 -0.930002 -0.306262 0.203222 -0.504304 0.187351 -0.87068 -0.45477 0.485867 
1535147171714 0.211787 0.908834 -0.359397 -0.616548 -0.944394 0.284957 0.164075 -0.239494 0.25153 0.304664 0.918647 0.389603 0.31622 -0.384863 0.867113 0.400795 -0.930002 -0.306262 0.203222 -0.504304 0.187351 -0.87068 -0.45477 0.485867 
1535147171746 0.211733 0.908785 -0.359553 -0.616314 -0.944323 0.285035 0.164344 -0.239419 0.251838 0.304738 0.918538 0.389701 0.31622 -0.384863 0.867113 0.400795 -0.930002 -0.306262 0.203222 -0.504304 0.187351 -0.87068 -0.45477 0.485867 
1535147171899 0.21168 0.908736 -0.35971 -0.61608 -0.944253 0.285113 0.164612 -0.239344 0.252147 0.304812 0.918429 0.3898 0.31622 -0.384863 0.867113 0.400795 -0.930002 -0.306262 0.203222 -0.504304 0.187351 -0.87068 -0.45477 0.485867 
1535147171973 0.211627 0.908686 -0.359866 -0.615845 -0.944183 0.285191 0.164881 -0.239269 0.252455 0.304886 0.91832 0.389899 0.31622 -0.384863 0.867113 0.400795 -0.930002 -0.306262 0.203222 -0.504304 0.187351 -0.87068 -0.45477 0.485867 
1535147172082 0.211573 0.908637 -0.360022 -0.615612 -0.944112 0.285269 0.165149 -0.239194 0.252764 0.30496 0.91821 0.389997 0.31622 -0.384863 0.867113 0.400795 -0.930002 -0.306262 0.203222 -0.504304 0.187351 -0.87068 -0.45477 0.485867 
1535147172088 0.211519 0.908588 -0.360178 -0.615379 -0.944041 0.285347 0.165418 -0.23912 0.253072 0.305034 0.918101 0.390096 0.31622 -0.384863 0.867113 0.400795 -0.930002 -0.306262 0.203222 -0.504304 0.187351 -0.87068 -0.45477 0.485867 
1535147172260 0.211466 0.908538 -0.360334 -0.615144 -0.943971 0.285425 0.165686 -0.239044 0.25338 0.305108 0.917991 0.390195 0.31622 -0.384863 0.867113 0.400795 -0.930002 -0.306262 0.203222 -0.504304 0.187351 -0.87068 -0.45477 0.485867 
1535147172335 0.211412 0.908489 -0.36049 -0.61491 -0.9439 0.285503 0.165954 -0.238969 0.253689 0.305181 0.917881 0.390293 0.31622 -0.384863 0.867113 0.400795 -0.930002 -0.306262 0.203222 -0.504304 0.187351 -0.87068 -0.45477 0.485867 
1535147172458 0.211375 0.908569 -0.360309 -0.615167 -0.943982 0.285347 0.165754 -0.238968 0.253413 0.305089 0.917988 0.390205 0.31622 -0.384863 0.867113 0.400795 -0.930002 -0.306262 0.203222 -0.504304 0.187351 -0.87068 -0.45477 0.485867 
1535147172468 0.211413 0.908568 -0.360291 -0.614853 -0.943904 0.285462 0.166 -0.238864 0.253672 0.304985 0.917951 0.390338 0.31622 -0.384863 0.867113 0.400795 -0.930002 -0.306262 0.203222 -0.504304 0.187351 -0.87068 -0.45477 0.485867 
1535147172485 0.21145 0.908567 -0.360272 -0.614536 -0.943826 0.285577 0.166246 -0.238759 0.25393 0.304881 0.917914 0.390472 0.31622 -0.384863 0.867113 0.400795 -0.930002 -0.306262 0.203222 -0.504304 0.187351 -0.87068 -0.45477 0.485867 
1535147172638 0.211487 0.908565 -0.360253 -0.614218 -0.943748 0.285692 0.166491 -0.238653 0.254189 0.304777 0.917877 0.390607 0.31622 -0.384863 0.867113 0.400795 -0.930002 -0.306262 0.203222 -0.504304 0.187351 -0.87068 -0.45477 0.485867 
1535147172766 0.211525 0.908564 -0.360234 -0.613901 -0.94367 0.285806 0.166736 -0.238548 0.254447 0.304673 0.91784 0.390741 0.31622 -0.384863 0.867113 0.400795 -0.930002 -0.306262 0.203222 -0.504304 0.187351 -0.87068 -0.45477 0.485867 
1535147172878 0.211562 0.908563 -0.360215 -0.613584 -0.943592 0.285921 0.166981 -0.238442 0.254706 0.304569 0.917803 0.390875 0.31622 -0.384863 0.867113 0.400795 -0.930002 -0.306262 0.203222 -0.504304 0.187351 -0.87068 -0.45477 0.485867 
1535147172982 0.211599 0.908562 -0.360196 -0.613266 -0.943514 0.286036 0.167226 -0.238336 0.254964 0.304465 0.917766 0.391009 0.31622 -0.384863 0.867113 0.400795 -0.930002 -0.306262 0.203222 -0.504304 0.187351 -0.87068 -0.45477 0.485867 
1535147173110 0.211637 0.90856 -0.360177 -0.612949 -0.943436 0.28615 0.167471 -0.238231 0.255223 0.304361 0.917728 0.391143 0.31622 -0.384863 0.867113 0.400795 -0.930002 -0.306262 0.203222 -0.504304 0.187351 -0.87068 -0.45477 0.485867 
1535147173227 0.211674 0.908559 -0.360158 -0.612632 -0.943358 0.286265 0.167717 -0.238126 0.255481 0.304257 0.917691 0.391277 0.31622 -0.384863 0.867113 0.400795 -0.930002 -0.306262 0.203222 -0.504304 0.187351 -0.87068 -0.45477 0.485867 
1535147173233 0.211711 0.908558 -0.36014 -0.612313 -0.943279 0.28638 0.167962 -0.23802 0.25574 0.304153 0.917654 0.391411 0.31622 -0.384863 0.867113 0.400795 -0.930002 -0.306262 0.203222 -0.504304 0.187351 -0.87068 -0.45477 0.485867 
1535147173432 0.21147 0.908594 -0.36019 -0.612596 -0.943359 0.286134 0.167934 -0.237993 0.255647 0.304276 0.917639 0.391249 0.31622 -0.384863 0.867113 0.400795 -0.930002 -0.306262 0.203222 -0.504304 0.187351 -0.87068 -0.45477 0.485867 
1535147173446 0.211599 0.908537 -0.36026 -0.612257 -0.943262 0.286348 0.168113 -0.237874 0.255897 0.304247 0.917579 0.391383 0.31622 -0.384863 0.867113 0.400795 -0.930002 -0.306262 0.203222 -0.504304 0.187351 -0.87068 -0.45477 0.485867 
1535147173452 0.211727 0.908479 -0.36033 -0.611913 -0.943165 0.286561 0.168293 -0.237752 0.256147 0.304219 0.917518 0.391519 0.31622 -0.384863 0.867113 0.400795 -0.930002 -0.306262 0.203222 -0.504304 0.187351 -0.87068 -0.45477 0.485867 
1535147173639 0.211856 0.908421 -0.360401 -0.611569 -0.943068 0.286775 0.168472 -0.237631 0.256397 0.304191 0.917457 0.391654 0.31622 -0.384863 0.867113 0.400795 -0.930002 -0.306262 0.203222 -0.504304 0.187351 -0.87068 -0.45477 0.485867 
1535147173792 0.211985 0.908363 -0.360472 -0.611225 -0.942971 0.286988 0.168651 -0.23751 0.256648 0.304163 0.917397 0.391789 0.31622 -0.384863 0.867113 0.400795 -0.930002 -0.306262 0.203222 -0.504304 0.187351 -0.87068 -0.45477 0.485867 
1535147173920 0.212113 0.908305 -0.360543 -0.610883 -0.942874 0.287202 0.168831 -0.237389 0.256898 0.304135 0.917336 0.391925 0.31622 -0.384863 0.867113 0.400795 -0.930002 -0.306262 0.203222 -0.504304 0.187351 -0.87068 -0.45477 0.485867 
1535147174052 0.212242 0.908246 -0.360613 -0.610538 -0.942777 0.287415 0.16901 -0.237267 0.257148 0.304107 0.917275 0.39206 0.31622 -0.384863 0.867113 0.400795 -0.930002 -0.306262 0.203222 -0.504304 0.187351 -0.87068 -0.45477 0.485867 
1535147174205 0.21237 0.908188 -0.360684 -0.610195 -0.94268 0.287629 0.169189 -0.237146 0.257399 0.304079 0.917214 0.392195 0.31622 -0.384863 0.867113 0.400795 -0.930002 -0.306262 0.203222 -0.504304 0.187351 -0.87068 -0.45477 0.485867 
