1535118147159 0.246859 0.927291 -0.28141 -0.576315 -0.936133 0.303243 0.17804 -0.224225 0.25043 0.219486 0.942926 0.403341 0.217841 -0.106566 0.970149 0.379635 -0.974585 -0.0769577 0.210384 -0.511926 0.0522407 -0.991323 -0.120622 0.44364 
1535118147170 0.247133 0.927258 -0.281278 -0.582725 -0.936436 0.30315 0.176601 -0.226982 0.249024 0.219755 0.943236 0.400315 0.211269 -0.108461 0.971392 0.379552 -0.976905 -0.0559376 0.206222 -0.510047 0.0319702 -0.992526 -0.117774 0.443104 
1535118147177 0.247407 0.927226 -0.281144 -0.589139 -0.936737 0.303055 0.175163 -0.229741 0.247618 0.220021 0.943544 0.397289 0.204652 -0.110217 0.97261 0.379467 -0.978765 -0.0348844 0.201994 -0.508162 0.0116658 -0.993295 -0.115015 0.442567 
1535118147816 0.247681 0.927194 -0.281009 -0.595552 -0.937035 0.302961 0.173724 -0.232499 0.24621 0.220288 0.943851 0.394263 0.197994 -0.11183 0.973803 0.379382 -0.980165 -0.0138085 0.197702 -0.506278 -0.00866219 -0.993631 -0.112345 0.44203 
1535118148039 0.247954 0.927161 -0.280874 -0.601968 -0.937332 0.302866 0.172284 -0.235259 0.244803 0.220554 0.944155 0.391237 0.191299 -0.113299 0.974971 0.379297 -0.981103 0.00728062 0.193348 -0.504391 -0.0290046 -0.993534 -0.109766 0.441493 
1535118148728 0.248228 0.927129 -0.280739 -0.608382 -0.937626 0.302771 0.170844 -0.238018 0.243394 0.22082 0.944456 0.38821 0.184569 -0.114625 0.976112 0.379212 -0.98158 0.0283727 0.188934 -0.502505 -0.0493515 -0.993004 -0.107277 0.440956 
1535118148930 0.248501 0.927097 -0.280604 -0.614796 -0.937918 0.302675 0.169404 -0.240777 0.241986 0.221086 0.944756 0.385184 0.177808 -0.115806 0.977227 0.379127 -0.981594 0.0494579 0.184463 -0.50062 -0.0696937 -0.99204 -0.104881 0.440419 
1535118149605 0.248774 0.927065 -0.280467 -0.62121 -0.938208 0.302579 0.167963 -0.243536 0.240576 0.221352 0.945054 0.382158 0.171018 -0.116843 0.978315 0.379042 -0.981147 0.0705266 0.179936 -0.498735 -0.0900215 -0.990643 -0.102579 0.439883 
1535118149611 0.249047 0.927033 -0.280331 -0.627624 -0.938496 0.302482 0.166522 -0.246295 0.239167 0.221618 0.945349 0.379132 0.164204 -0.117734 0.979375 0.378957 -0.980237 0.0915689 0.175356 -0.496849 -0.110326 -0.988814 -0.100371 0.439346 
1535118149674 0.24932 0.927001 -0.280194 -0.634037 -0.938782 0.302385 0.165081 -0.249053 0.237757 0.221883 0.945642 0.376105 0.157368 -0.118478 0.980407 0.378872 -0.978867 0.112575 0.170725 -0.494964 -0.130596 -0.986554 -0.0982589 0.438809 
1535118151455 0.250043 0.926571 -0.28097 -0.633821 -0.938608 0.303198 0.164579 -0.249207 0.237683 0.222569 0.9455 0.375983 0.158087 -0.118329 0.98031 0.378943 -0.978765 0.112422 0.171408 -0.495075 -0.130491 -0.98659 -0.0980436 0.438957 
1535118151466 0.24998 0.926212 -0.282206 -0.63425 -0.938648 0.303335 0.164097 -0.249526 0.237592 0.223871 0.945215 0.37582 0.16284 -0.118914 0.97946 0.378917 -0.979335 0.101196 0.175106 -0.4957 -0.11994 -0.987734 -0.0999778 0.439523 
1535118151636 0.249889 0.925866 -0.283421 -0.634686 -0.938696 0.303441 0.163628 -0.249838 0.237499 0.225157 0.944933 0.375659 0.1676 -0.119444 0.978593 0.378893 -0.979768 0.0899541 0.178781 -0.496331 -0.109383 -0.988758 -0.101951 0.440089 
1535118151808 0.249798 0.925518 -0.284635 -0.635123 -0.938743 0.303546 0.163158 -0.250151 0.237406 0.226443 0.944649 0.375498 0.172363 -0.119919 0.977707 0.37887 -0.980064 0.0786989 0.182431 -0.496965 -0.0988215 -0.989659 -0.103964 0.440656 
1535118151941 0.249707 0.925168 -0.285849 -0.63556 -0.938791 0.30365 0.162689 -0.250463 0.237312 0.227728 0.944364 0.375337 0.177127 -0.12034 0.976803 0.378845 -0.980223 0.0674328 0.186054 -0.497595 -0.0882583 -0.99044 -0.106016 0.441222 
1535118151960 0.249617 0.924817 -0.287062 -0.635997 -0.938839 0.303754 0.162219 -0.250775 0.237219 0.229013 0.944076 0.375176 0.181892 -0.120705 0.975882 0.378821 -0.980244 0.0561568 0.189651 -0.498227 -0.0776944 -0.991099 -0.108106 0.441789 
1535118152196 0.249526 0.924464 -0.288275 -0.636433 -0.938887 0.303857 0.161749 -0.251088 0.237125 0.230297 0.943787 0.375015 0.186658 -0.121016 0.974943 0.378797 -0.980129 0.044873 0.19322 -0.498858 -0.0671314 -0.991636 -0.110236 0.442355 
1535118152368 0.249436 0.92411 -0.289488 -0.63687 -0.938934 0.30396 0.161279 -0.2514 0.237032 0.231581 0.943497 0.374854 0.191423 -0.121272 0.973987 0.378773 -0.979876 0.0335823 0.196762 -0.499491 -0.0565705 -0.992051 -0.112403 0.442921 
1535118152541 0.249346 0.923753 -0.2907 -0.637307 -0.938982 0.304062 0.160808 -0.251712 0.236938 0.232865 0.943204 0.374693 0.196188 -0.121473 0.973013 0.378749 -0.979486 0.0222869 0.200275 -0.500122 -0.0460136 -0.992344 -0.114609 0.443488 
1535118152716 0.249256 0.923396 -0.291911 -0.637744 -0.93903 0.304163 0.160338 -0.252025 0.236844 0.234148 0.94291 0.374532 0.200951 -0.121619 0.972022 0.378725 -0.978959 0.010988 0.20376 -0.500755 -0.0354617 -0.992516 -0.116852 0.444054 
1535118153759 0.249205 0.923589 -0.291343 -0.637512 -0.939046 0.304013 0.160528 -0.251807 0.236834 0.23358 0.943054 0.374598 0.200097 -0.121827 0.972172 0.37864 -0.979119 0.011476 0.202965 -0.500719 -0.0358834 -0.992485 -0.116987 0.443768 
1535118153776 0.248813 0.923724 -0.291249 -0.637727 -0.939038 0.303733 0.161104 -0.25193 0.237278 0.233409 0.942984 0.3746 0.199412 -0.123138 0.972148 0.378703 -0.979232 0.0120058 0.202385 -0.500497 -0.0365928 -0.992317 -0.118187 0.443875 
1535118153813 0.248421 0.923859 -0.291155 -0.637946 -0.939029 0.303453 0.16168 -0.252056 0.237721 0.233238 0.942915 0.374602 0.198724 -0.124448 0.972122 0.378765 -0.979345 0.0125366 0.201806 -0.500272 -0.0373016 -0.992147 -0.119387 0.443982 
1535118154001 0.248029 0.923994 -0.29106 -0.638165 -0.93902 0.303173 0.162255 -0.252181 0.238165 0.233068 0.942845 0.374603 0.198036 -0.125758 0.972094 0.378828 -0.979457 0.0130682 0.201227 -0.500046 -0.0380094 -0.991975 -0.120587 0.444089 
1535118154082 0.247637 0.924129 -0.290966 -0.638385 -0.939011 0.302893 0.162831 -0.252307 0.238608 0.232897 0.942775 0.374605 0.197347 -0.127067 0.972064 0.37889 -0.979569 0.0136006 0.200648 -0.49982 -0.0387164 -0.991801 -0.121787 0.444196 
1535118154285 0.247245 0.924264 -0.29087 -0.638605 -0.939002 0.302612 0.163407 -0.252432 0.239052 0.232726 0.942705 0.374606 0.196656 -0.128375 0.972032 0.378952 -0.97968 0.0141338 0.20007 -0.499594 -0.0394226 -0.991625 -0.122987 0.444302 
1535118154291 0.246853 0.924399 -0.290775 -0.638825 -0.938992 0.302331 0.163982 -0.252558 0.239495 0.232556 0.942634 0.374607 0.195965 -0.129683 0.971998 0.379014 -0.979789 0.0146678 0.199493 -0.499368 -0.0401279 -0.991447 -0.124188 0.444409 
1535118154426 0.246461 0.924534 -0.29068 -0.639044 -0.938981 0.302051 0.164557 -0.252683 0.239939 0.232386 0.942564 0.374609 0.195273 -0.13099 0.971962 0.379076 -0.979899 0.0152025 0.198916 -0.499143 -0.0408322 -0.991267 -0.125388 0.444516 
1535118154636 0.246069 0.924668 -0.290584 -0.639264 -0.938971 0.30177 0.165133 -0.252809 0.240382 0.232215 0.942493 0.37461 0.194579 -0.132297 0.971924 0.379138 -0.980007 0.015738 0.19834 -0.498917 -0.0415358 -0.991085 -0.126589 0.444623 
1535118154642 0.245677 0.924802 -0.290488 -0.639483 -0.93896 0.301489 0.165708 -0.252935 0.240826 0.232045 0.942421 0.374612 0.193885 -0.133602 0.971884 0.379201 -0.980114 0.0162742 0.197764 -0.498692 -0.0422384 -0.990901 -0.12779 0.444729 
1535118155029 0.246143 0.924661 -0.290545 -0.639277 -0.938911 0.301873 0.165287 -0.252879 0.240542 0.232112 0.942478 0.374603 0.194423 -0.133066 0.97185 0.37923 -0.98 0.0165026 0.198313 -0.498774 -0.0424266 -0.99097 -0.127196 0.44457 
1535118155050 0.245598 0.924999 -0.289928 -0.639421 -0.939046 0.301249 0.165654 -0.252969 0.240571 0.231571 0.942603 0.374622 0.190918 -0.132125 0.972673 0.379147 -0.980376 0.0239329 0.195681 -0.498383 -0.0491331 -0.990944 -0.124962 0.444038 
1535118155141 0.245053 0.925337 -0.289309 -0.639568 -0.939181 0.300626 0.166021 -0.253059 0.240599 0.23103 0.942729 0.374641 0.187416 -0.131158 0.973485 0.379064 -0.980692 0.0313593 0.193029 -0.497987 -0.055845 -0.990865 -0.122748 0.443506 
1535118155363 0.244508 0.925675 -0.288691 -0.639714 -0.939316 0.300002 0.166387 -0.25315 0.240628 0.230489 0.942854 0.37466 0.18392 -0.130164 0.974285 0.37898 -0.980948 0.0387814 0.190359 -0.497591 -0.062562 -0.990734 -0.120552 0.442973 
1535118155432 0.243962 0.926011 -0.288072 -0.63986 -0.93945 0.299378 0.166752 -0.253241 0.240657 0.229948 0.942978 0.374679 0.180428 -0.129144 0.975073 0.378896 -0.981145 0.0461988 0.187671 -0.497195 -0.0692837 -0.990549 -0.118373 0.442441 
1535118155480 0.243417 0.926347 -0.287452 -0.640007 -0.939584 0.298753 0.167118 -0.253331 0.240686 0.229406 0.943103 0.374698 0.176942 -0.128097 0.97585 0.378812 -0.981282 0.0536111 0.184964 -0.496798 -0.0760097 -0.990312 -0.116213 0.441908 
1535118155670 0.242872 0.926683 -0.286832 -0.640153 -0.939718 0.298128 0.167483 -0.253422 0.240716 0.228865 0.943227 0.374717 0.173461 -0.127023 0.976615 0.378728 -0.981359 0.0610174 0.18224 -0.496403 -0.0827393 -0.990021 -0.114071 0.441376 
1535118155811 0.242326 0.927017 -0.286212 -0.6403 -0.939851 0.297503 0.167847 -0.253513 0.240746 0.228323 0.94335 0.374736 0.169986 -0.125923 0.977368 0.378644 -0.981376 0.0684179 0.179498 -0.496006 -0.0894724 -0.989678 -0.111948 0.440844 
1535118155970 0.24178 0.927351 -0.285592 -0.640446 -0.939983 0.296877 0.168211 -0.253603 0.240777 0.227781 0.943474 0.374755 0.166517 -0.124797 0.978109 0.37856 -0.981334 0.0758115 0.176739 -0.49561 -0.0962084 -0.989282 -0.109844 0.440311 
1535118156067 0.241235 0.927684 -0.284971 -0.640593 -0.940116 0.296251 0.168575 -0.253694 0.240807 0.227239 0.943596 0.374774 0.163054 -0.123644 0.978839 0.378476 -0.981232 0.0831983 0.173961 -0.495213 -0.102947 -0.988833 -0.107758 0.439779 
1535118156939 0.241564 0.927467 -0.285399 -0.640512 -0.940032 0.296642 0.168353 -0.253548 0.240803 0.227617 0.943506 0.374784 0.16376 -0.12362 0.978724 0.37858 -0.981161 0.0826728 0.17461 -0.495318 -0.102499 -0.98888 -0.107752 0.440101 
1535118156952 0.241328 0.927663 -0.284958 -0.640522 -0.940085 0.296344 0.168581 -0.253639 0.240832 0.227202 0.943599 0.374739 0.162882 -0.12373 0.978857 0.378548 -0.981216 0.0836266 0.173845 -0.495266 -0.103368 -0.988786 -0.107784 0.440026 
1535118156967 0.241092 0.927861 -0.284516 -0.640537 -0.940139 0.296045 0.168809 -0.253731 0.240861 0.226786 0.943692 0.374692 0.162 -0.123839 0.978989 0.378514 -0.98127 0.0845819 0.173076 -0.495208 -0.104238 -0.988691 -0.107817 0.439951 
1535118156973 0.240856 0.928058 -0.284073 -0.640553 -0.940192 0.295746 0.169037 -0.253824 0.24089 0.226369 0.943784 0.374646 0.161117 -0.123948 0.979121 0.378481 -0.981322 0.0855374 0.172308 -0.495147 -0.105109 -0.988595 -0.107851 0.439876 
1535118157164 0.240619 0.928255 -0.28363 -0.640568 -0.940245 0.295447 0.169266 -0.253917 0.240919 0.225953 0.943877 0.3746 0.160235 -0.124056 0.979252 0.378447 -0.981373 0.0864927 0.171539 -0.495089 -0.105979 -0.988498 -0.107886 0.439801 
1535118157196 0.240383 0.928451 -0.283187 -0.640582 -0.940298 0.295147 0.169494 -0.254009 0.240948 0.225537 0.943969 0.374554 0.159353 -0.124163 0.979383 0.378414 -0.981423 0.0874479 0.170771 -0.495031 -0.106848 -0.988401 -0.107921 0.439726 
1535118157202 0.240147 0.928647 -0.282744 -0.640598 -0.940351 0.294848 0.169721 -0.254102 0.240978 0.22512 0.944061 0.374507 0.15847 -0.124269 0.979512 0.37838 -0.98147 0.0884034 0.170002 -0.494972 -0.107718 -0.988303 -0.107957 0.439651 
1535118157370 0.23991 0.928843 -0.282301 -0.640612 -0.940403 0.294548 0.169949 -0.254195 0.241007 0.224704 0.944152 0.374461 0.157587 -0.124374 0.979642 0.378347 -0.981517 0.0893586 0.169233 -0.494914 -0.108588 -0.988204 -0.107993 0.439576 
1535118157437 0.239674 0.929039 -0.281857 -0.640628 -0.940456 0.294249 0.170177 -0.254288 0.241037 0.224287 0.944244 0.374415 0.156703 -0.124478 0.97977 0.378313 -0.981562 0.0903141 0.168464 -0.494854 -0.109457 -0.988104 -0.10803 0.4395 
1535118157443 0.239438 0.929234 -0.281414 -0.640642 -0.940509 0.293949 0.170404 -0.25438 0.241066 0.223871 0.944335 0.374368 0.15582 -0.124582 0.979898 0.37828 -0.981605 0.0912694 0.167695 -0.494796 -0.110326 -0.988003 -0.108068 0.439425 
1535118157817 0.239647 0.929034 -0.281895 -0.640618 -0.940491 0.294203 0.17006 -0.254172 0.240926 0.224366 0.944254 0.374465 0.157354 -0.124428 0.979672 0.378284 -0.981479 0.0900603 0.169083 -0.494928 -0.109268 -0.988133 -0.107952 0.43956 
1535118157941 0.239808 0.92906 -0.281673 -0.640563 -0.940357 0.294404 0.170458 -0.254218 0.241291 0.223996 0.944248 0.374427 0.161315 -0.124938 0.978963 0.378328 -0.981962 0.0788139 0.171868 -0.495359 -0.0986286 -0.989029 -0.10997 0.440075 
1535118157949 0.239969 0.929086 -0.28145 -0.640508 -0.940222 0.294603 0.170857 -0.254265 0.241657 0.223625 0.944243 0.374388 0.165269 -0.125399 0.978244 0.378373 -0.982315 0.0675639 0.174618 -0.495795 -0.0879908 -0.989803 -0.112015 0.440589 
1535118157967 0.24013 0.929112 -0.281227 -0.640453 -0.940086 0.294803 0.171256 -0.254311 0.242023 0.223254 0.944237 0.37435 0.169226 -0.125814 0.977514 0.378418 -0.982537 0.0563044 0.177343 -0.49623 -0.0773506 -0.990455 -0.114089 0.441103 
1535118157972 0.240291 0.929138 -0.281004 -0.640397 -0.939951 0.295002 0.171655 -0.254358 0.242388 0.222883 0.94423 0.374312 0.173186 -0.126184 0.976772 0.378463 -0.982627 0.0450368 0.180042 -0.496666 -0.0667092 -0.990984 -0.116192 0.441617 
1535118158001 0.240452 0.929163 -0.280782 -0.640342 -0.939816 0.295202 0.172054 -0.254404 0.242754 0.222512 0.944224 0.374274 0.177147 -0.126509 0.97602 0.378507 -0.982586 0.033763 0.182715 -0.497101 -0.0560684 -0.991391 -0.118325 0.442131 
1535118158143 0.240613 0.929189 -0.280559 -0.640287 -0.93968 0.295401 0.172454 -0.254451 0.243119 0.222141 0.944217 0.374235 0.18111 -0.126788 0.975256 0.378553 -0.982413 0.0224839 0.185362 -0.497537 -0.0454293 -0.991675 -0.120486 0.442645 
1535118158189 0.240775 0.929214 -0.280337 -0.640232 -0.939544 0.2956 0.172853 -0.254497 0.243485 0.22177 0.94421 0.374197 0.185073 -0.127022 0.974481 0.378597 -0.982109 0.0112015 0.187982 -0.497972 -0.0347935 -0.991837 -0.122676 0.443158 
1535118158317 0.240936 0.929239 -0.280114 -0.640177 -0.939408 0.295798 0.173252 -0.254544 0.24385 0.221399 0.944203 0.374159 0.189038 -0.12721 0.973695 0.378643 -0.981673 -8.29662e-05 0.190576 -0.498409 -0.0241623 -0.991876 -0.124894 0.443673 
1535118158327 0.241097 0.929265 -0.279891 -0.640122 -0.939272 0.295997 0.173651 -0.25459 0.244215 0.221027 0.944196 0.37412 0.193001 -0.127352 0.972899 0.378688 -0.981105 -0.0113677 0.193141 -0.498844 -0.0135373 -0.991792 -0.12714 0.444186 
1535118159084 0.240603 0.929256 -0.280344 -0.640273 -0.939675 0.295357 0.172554 -0.254391 0.243148 0.221916 0.944263 0.374244 0.176732 -0.126674 0.976074 0.37846 -0.982651 0.0339604 0.18233 -0.497007 -0.0562442 -0.991363 -0.118474 0.441951 
1535118159207 0.24129 0.929118 -0.280213 -0.640055 -0.93957 0.295925 0.172155 -0.254295 0.242875 0.22174 0.944375 0.3743 0.179127 -0.12511 0.975839 0.378492 -0.98258 0.0271598 0.183847 -0.497335 -0.0495045 -0.991771 -0.118065 0.441969 
1535118159380 0.241979 0.928979 -0.280081 -0.639834 -0.939463 0.296493 0.171757 -0.254197 0.2426 0.221564 0.944486 0.374357 0.181513 -0.123529 0.975599 0.378525 -0.982458 0.02036 0.185367 -0.497669 -0.0427614 -0.992132 -0.117666 0.441987 
1535118159525 0.242668 0.928838 -0.279949 -0.639613 -0.939356 0.297062 0.171357 -0.2541 0.242326 0.221389 0.944598 0.374413 0.183887 -0.121931 0.975355 0.378559 -0.982287 0.0135616 0.18689 -0.498005 -0.0360151 -0.992446 -0.117278 0.442005 
1535118159642 0.243356 0.928699 -0.279816 -0.639393 -0.939249 0.29763 0.170959 -0.254003 0.242051 0.221213 0.944709 0.37447 0.186249 -0.120317 0.975108 0.378592 -0.982067 0.00676547 0.188413 -0.498338 -0.0292665 -0.992712 -0.1169 0.442023 
1535118159767 0.244044 0.928558 -0.279684 -0.639172 -0.939141 0.298199 0.17056 -0.253905 0.241777 0.221038 0.944821 0.374527 0.1886 -0.118687 0.974856 0.378626 -0.981796 -2.87376e-05 0.18994 -0.498673 -0.0225154 -0.992932 -0.116532 0.442042 
1535118159925 0.244732 0.928417 -0.279551 -0.638951 -0.939033 0.298767 0.170162 -0.253808 0.241502 0.220863 0.944932 0.374583 0.19094 -0.11704 0.974599 0.37866 -0.981475 -0.00682039 0.191468 -0.499008 -0.0157623 -0.993104 -0.116175 0.44206 
1535118159932 0.24542 0.928275 -0.279417 -0.63873 -0.938924 0.299335 0.169763 -0.253711 0.241227 0.220688 0.945043 0.37464 0.193266 -0.115378 0.974339 0.378693 -0.981105 -0.013609 0.192997 -0.499341 -0.00900782 -0.993228 -0.115828 0.442078 
1535118160135 0.246108 0.928133 -0.279285 -0.63851 -0.938815 0.299904 0.169364 -0.253613 0.240951 0.220514 0.945154 0.374696 0.195581 -0.113699 0.974074 0.378726 -0.980685 -0.0203943 0.194528 -0.499675 -0.00225209 -0.993306 -0.115491 0.442096 
1535118160276 0.246796 0.927991 -0.27915 -0.638289 -0.938705 0.300472 0.168966 -0.253516 0.240676 0.22034 0.945265 0.374753 0.197884 -0.112004 0.973805 0.37876 -0.980215 -0.0271762 0.196061 -0.50001 0.0045047 -0.993336 -0.115166 0.442114 
1535118160989 0.246126 0.928131 -0.279274 -0.638486 -0.938825 0.299906 0.169306 -0.253548 0.240895 0.220519 0.945167 0.374663 0.197325 -0.112351 0.973879 0.378682 -0.980328 -0.0270306 0.195513 -0.499939 0.00435831 -0.993301 -0.115475 0.442163 
1535118161003 0.246318 0.927993 -0.279566 -0.638104 -0.938684 0.300225 0.16952 -0.253445 0.241246 0.220669 0.945043 0.374832 0.198149 -0.11481 0.973425 0.378738 -0.980152 -0.0295524 0.196033 -0.500063 0.00626045 -0.992948 -0.118387 0.442599 
1535118161144 0.246509 0.927854 -0.279858 -0.637717 -0.938543 0.300544 0.169734 -0.253339 0.241598 0.220818 0.944918 0.375002 0.19898 -0.117265 0.972962 0.378795 -0.97997 -0.0320761 0.196547 -0.500189 0.00816066 -0.992582 -0.121299 0.443035 
1535118161218 0.2467 0.927715 -0.280151 -0.637329 -0.938403 0.300863 0.169948 -0.253233 0.24195 0.220968 0.944793 0.375172 0.199815 -0.119718 0.972493 0.378852 -0.979782 -0.0346007 0.197053 -0.500316 0.0100582 -0.992205 -0.124211 0.443471 
1535118161336 0.246891 0.927576 -0.280443 -0.636942 -0.938261 0.301182 0.170162 -0.253127 0.242302 0.221118 0.944668 0.375341 0.200655 -0.122167 0.972015 0.378909 -0.979589 -0.0371267 0.197552 -0.500443 0.0119533 -0.991815 -0.127123 0.443907 
1535118161500 0.247082 0.927436 -0.280735 -0.636556 -0.93812 0.301501 0.170375 -0.253022 0.242654 0.221267 0.944542 0.375511 0.201499 -0.124613 0.971529 0.378966 -0.979391 -0.0396539 0.198044 -0.500569 0.013846 -0.991413 -0.130035 0.444343 
1535118161662 0.247272 0.927297 -0.281028 -0.636168 -0.937979 0.30182 0.170589 -0.252916 0.243006 0.221416 0.944417 0.375681 0.202348 -0.127057 0.971037 0.379023 -0.979187 -0.0421817 0.198527 -0.500696 0.0157358 -0.990998 -0.132948 0.444779 
1535118161800 0.247463 0.927158 -0.28132 -0.635781 -0.937837 0.302138 0.170802 -0.25281 0.243358 0.221565 0.944291 0.37585 0.203202 -0.129497 0.970536 0.37908 -0.978978 -0.0447109 0.199004 -0.500821 0.0176232 -0.990571 -0.13586 0.445215 
1535118161933 0.247653 0.927018 -0.281613 -0.635393 -0.937696 0.302457 0.171016 -0.252704 0.24371 0.221714 0.944165 0.37602 0.204059 -0.131933 0.970027 0.379137 -0.978764 -0.0472407 0.199472 -0.500948 0.0195078 -0.990132 -0.138772 0.445651 
1535118161939 0.247843 0.926878 -0.281905 -0.635007 -0.937554 0.302776 0.171229 -0.252598 0.244063 0.221863 0.944039 0.37619 0.204922 -0.134367 0.969512 0.379194 -0.978545 -0.0497716 0.199933 -0.501075 0.0213897 -0.989681 -0.141684 0.446087 
1535118162477 0.247505 0.927054 -0.281624 -0.635241 -0.937703 0.302346 0.17117 -0.25253 0.243832 0.221714 0.944134 0.37614 0.20469 -0.133512 0.969679 0.379116 -0.978614 -0.0485661 0.199889 -0.500992 0.020406 -0.989857 -0.140597 0.445874 
1535118162492 0.247598 0.926999 -0.281723 -0.634842 -0.937601 0.302525 0.171416 -0.252362 0.244131 0.221701 0.94406 0.376261 0.201715 -0.133232 0.97034 0.379116 -0.979371 -0.0395238 0.198165 -0.500881 0.0119497 -0.990297 -0.138456 0.445279 
1535118162500 0.247693 0.926944 -0.281823 -0.634439 -0.937498 0.302704 0.171663 -0.252192 0.244431 0.221688 0.943985 0.376382 0.198739 -0.132925 0.970996 0.379114 -0.980046 -0.0304782 0.196419 -0.500765 0.00348524 -0.990657 -0.13633 0.444684 
1535118162771 0.247787 0.926888 -0.281922 -0.634037 -0.937395 0.302883 0.171909 -0.252023 0.24473 0.221675 0.943911 0.376503 0.195765 -0.132591 0.971646 0.379112 -0.980638 -0.0214308 0.194652 -0.500649 -0.00498593 -0.990939 -0.134219 0.444088 
1535118162776 0.247881 0.926833 -0.282022 -0.633634 -0.937292 0.303062 0.172156 -0.251853 0.24503 0.221663 0.943836 0.376624 0.192793 -0.132229 0.972289 0.37911 -0.981147 -0.0123823 0.192865 -0.500532 -0.0134632 -0.991142 -0.132123 0.443493 
1535118162869 0.247975 0.926777 -0.282121 -0.633231 -0.937188 0.303242 0.172402 -0.251683 0.245329 0.22165 0.943761 0.376746 0.189823 -0.131839 0.972926 0.379108 -0.981573 -0.00333341 0.191058 -0.500414 -0.0219458 -0.991265 -0.130043 0.442897 
1535118162874 0.248069 0.926722 -0.282221 -0.632827 -0.937085 0.303421 0.172648 -0.251513 0.245629 0.221637 0.943686 0.376867 0.186855 -0.131423 0.973557 0.379106 -0.981916 0.00571498 0.18923 -0.500297 -0.030433 -0.99131 -0.127978 0.442301 
1535118163040 0.248163 0.926666 -0.282321 -0.632425 -0.936982 0.3036 0.172894 -0.251344 0.245928 0.221623 0.943611 0.376988 0.18389 -0.130978 0.974181 0.379105 -0.982176 0.0147619 0.187384 -0.500181 -0.038924 -0.991275 -0.125929 0.441706 
1535118163361 0.248257 0.926611 -0.282421 -0.632022 -0.936878 0.303779 0.173141 -0.251174 0.246227 0.22161 0.943536 0.37711 0.180927 -0.130507 0.974799 0.379103 -0.982353 0.023807 0.185517 -0.500063 -0.0474182 -0.991162 -0.123896 0.44111 
1535118163554 0.248351 0.926555 -0.28252 -0.631619 -0.936775 0.303958 0.173387 -0.251004 0.246527 0.221597 0.943461 0.377231 0.177968 -0.130008 0.97541 0.379101 -0.982446 0.0328492 0.18363 -0.499947 -0.0559148 -0.990969 -0.121879 0.440515 
1535118164388 0.248266 0.926588 -0.282487 -0.631859 -0.936835 0.303837 0.173274 -0.251011 0.246383 0.221625 0.943492 0.377164 0.178621 -0.130054 0.975285 0.379179 -0.982383 0.0317807 0.184159 -0.499955 -0.0549458 -0.990997 -0.122086 0.440824 
1535118164399 0.248268 0.926593 -0.282469 -0.631406 -0.936868 0.303805 0.173151 -0.250826 0.246256 0.221648 0.94352 0.377298 0.18226 -0.130358 0.974571 0.379293 -0.982206 0.0215382 0.186569 -0.500293 -0.0453112 -0.991233 -0.124112 0.441351 
1535118164407 0.248269 0.926598 -0.282451 -0.63095 -0.936901 0.303774 0.173029 -0.25064 0.246129 0.221671 0.943548 0.377432 0.185903 -0.130623 0.973847 0.379409 -0.98192 0.0112913 0.188959 -0.500638 -0.0356783 -0.991368 -0.126162 0.441878 
1535118164684 0.248271 0.926603 -0.282434 -0.630495 -0.936933 0.303742 0.172906 -0.250454 0.246002 0.221694 0.943575 0.377566 0.189547 -0.13085 0.973114 0.379525 -0.981526 0.00104274 0.191326 -0.500982 -0.0260496 -0.991402 -0.128235 0.442405 
1535118164828 0.248273 0.926607 -0.282416 -0.630039 -0.936966 0.303711 0.172784 -0.250268 0.245875 0.221717 0.943603 0.3777 0.193191 -0.131039 0.972371 0.379641 -0.981024 -0.00920652 0.193669 -0.501327 -0.016426 -0.991335 -0.130331 0.442933 
1535118164921 0.248275 0.926612 -0.282399 -0.629583 -0.936999 0.303679 0.172661 -0.250082 0.245749 0.22174 0.943631 0.377835 0.196835 -0.131189 0.97162 0.379758 -0.980413 -0.0194553 0.195989 -0.501673 -0.00680857 -0.991166 -0.132449 0.44346 
1535118165242 0.248277 0.926617 -0.282382 -0.629127 -0.937032 0.303648 0.172538 -0.249897 0.245622 0.221764 0.943658 0.377969 0.200478 -0.131302 0.97086 0.379873 -0.979694 -0.0297022 0.198285 -0.502017 0.00280142 -0.990897 -0.13459 0.443987 
1535118165459 0.248279 0.926622 -0.282364 -0.628671 -0.937064 0.303617 0.172416 -0.24971 0.245495 0.221786 0.943686 0.378103 0.204121 -0.131376 0.97009 0.37999 -0.978867 -0.0399465 0.200558 -0.502363 0.0124032 -0.990527 -0.136754 0.444515 
1535118165529 0.248281 0.926626 -0.282348 -0.628216 -0.937097 0.303585 0.172293 -0.249525 0.245368 0.22181 0.943713 0.378237 0.207762 -0.131413 0.969312 0.380105 -0.977932 -0.0501868 0.202806 -0.502707 0.0219954 -0.990057 -0.13894 0.445042 
1535118165535 0.248283 0.926631 -0.28233 -0.627759 -0.93713 0.303554 0.172171 -0.249338 0.245241 0.221833 0.943741 0.378371 0.211402 -0.131411 0.968525 0.380222 -0.976889 -0.0604221 0.205029 -0.503052 0.0315773 -0.989485 -0.141147 0.445569 
1535118166449 0.248112 0.926707 -0.282232 -0.627983 -0.937149 0.303396 0.172346 -0.249359 0.245342 0.221732 0.943738 0.378285 0.20747 -0.131549 0.969356 0.380107 -0.978007 -0.049606 0.202589 -0.502569 0.0214354 -0.990068 -0.138948 0.444822 
1535118166462 0.248053 0.92669 -0.282339 -0.627725 -0.937096 0.303422 0.172589 -0.249272 0.245604 0.221767 0.943662 0.378353 0.207366 -0.131216 0.969423 0.380131 -0.978067 -0.047641 0.202767 -0.502674 0.0195781 -0.990208 -0.138217 0.444715 
1535118166482 0.247994 0.926673 -0.282448 -0.627464 -0.937042 0.303448 0.172831 -0.249183 0.245866 0.221804 0.943585 0.378422 0.207202 -0.130905 0.9695 0.380144 -0.97814 -0.0455446 0.202899 -0.502768 0.0175951 -0.990348 -0.13748 0.444578 
1535118166664 0.247935 0.926655 -0.282556 -0.627202 -0.936989 0.303474 0.173074 -0.249094 0.246129 0.221841 0.943508 0.378492 0.207039 -0.130593 0.969577 0.380156 -0.978208 -0.0434481 0.20303 -0.502861 0.015612 -0.990484 -0.136743 0.444442 
1535118166672 0.247876 0.926638 -0.282665 -0.62694 -0.936936 0.3035 0.173317 -0.249005 0.246391 0.221878 0.943431 0.378561 0.206876 -0.130282 0.969654 0.380169 -0.978272 -0.0413513 0.203159 -0.502954 0.0136286 -0.990614 -0.136005 0.444305 
1535118166864 0.247817 0.926621 -0.282774 -0.626677 -0.936883 0.303526 0.173559 -0.248916 0.246653 0.221915 0.943354 0.37863 0.206714 -0.129969 0.96973 0.380182 -0.978332 -0.0392543 0.203287 -0.503047 0.011645 -0.990741 -0.135268 0.444169 
1535118166886 0.247758 0.926603 -0.282882 -0.626416 -0.936829 0.303552 0.173802 -0.248827 0.246915 0.221951 0.943276 0.378699 0.206552 -0.129657 0.969807 0.380194 -0.978388 -0.037157 0.203412 -0.50314 0.00966127 -0.990862 -0.13453 0.444032 
1535118167097 0.247699 0.926586 -0.282991 -0.626153 -0.936776 0.303579 0.174045 -0.248738 0.247177 0.221989 0.943199 0.378768 0.206392 -0.129344 0.969883 0.380207 -0.978439 -0.0350596 0.203537 -0.503233 0.00767745 -0.99098 -0.133791 0.443896 
1535118167103 0.24764 0.926568 -0.2831 -0.625892 -0.936722 0.303605 0.174287 -0.248649 0.247439 0.222025 0.943122 0.378838 0.206231 -0.129031 0.969959 0.38022 -0.978487 -0.0329619 0.20366 -0.503326 0.00569335 -0.991093 -0.133053 0.443759 
1535118167328 0.247581 0.926551 -0.283209 -0.625628 -0.936668 0.303631 0.17453 -0.248559 0.247702 0.222062 0.943044 0.378907 0.206072 -0.128717 0.970034 0.380232 -0.97853 -0.0308642 0.203781 -0.503419 0.00370922 -0.991201 -0.132314 0.443623 
1535118167708 0.247643 0.926525 -0.283239 -0.625841 -0.936719 0.303635 0.17425 -0.248689 0.247448 0.222163 0.943087 0.378819 0.206141 -0.129217 0.969953 0.380177 -0.978506 -0.0329987 0.203563 -0.503341 0.00570344 -0.991067 -0.133242 0.443775 
1535118167714 0.247625 0.926472 -0.283428 -0.625555 -0.936737 0.303643 0.174143 -0.248557 0.247399 0.222375 0.94305 0.378899 0.207458 -0.129008 0.9697 0.38023 -0.978212 -0.0353461 0.204577 -0.503545 0.00788304 -0.991013 -0.13353 0.443842 
1535118167721 0.247629 0.926409 -0.283629 -0.625271 -0.936749 0.303673 0.174025 -0.248438 0.247349 0.222596 0.943011 0.378975 0.208777 -0.128797 0.969445 0.380285 -0.977912 -0.0376949 0.205592 -0.503755 0.0100635 -0.990954 -0.133822 0.443909 
1535118167945 0.247634 0.926347 -0.28383 -0.624988 -0.936761 0.303702 0.173907 -0.248318 0.247298 0.222816 0.942972 0.379051 0.210094 -0.128582 0.969189 0.38034 -0.977604 -0.0400431 0.206606 -0.503965 0.0122435 -0.99089 -0.134115 0.443976 
1535118167951 0.247638 0.926284 -0.284031 -0.624705 -0.936773 0.303732 0.173788 -0.248198 0.247247 0.223036 0.942934 0.379128 0.211411 -0.128364 0.968931 0.380395 -0.977291 -0.042391 0.207619 -0.504175 0.0144231 -0.990821 -0.134411 0.444043 
1535118168109 0.247642 0.926221 -0.284232 -0.624421 -0.936786 0.303762 0.17367 -0.248078 0.247196 0.223257 0.942895 0.379204 0.212727 -0.128143 0.968672 0.380451 -0.976971 -0.0447385 0.208631 -0.504386 0.0166022 -0.990746 -0.134709 0.44411 
1535118168208 0.247647 0.926158 -0.284433 -0.624138 -0.936798 0.303791 0.173552 -0.247959 0.247145 0.223477 0.942856 0.37928 0.214042 -0.127919 0.968412 0.380505 -0.976644 -0.0470854 0.209642 -0.504595 0.0187808 -0.990666 -0.13501 0.444178 
1535118168385 0.247651 0.926095 -0.284634 -0.623854 -0.93681 0.303821 0.173434 -0.247838 0.247094 0.223697 0.942817 0.379356 0.215357 -0.127692 0.968151 0.380561 -0.97631 -0.0494319 0.210653 -0.504806 0.0209589 -0.990581 -0.135312 0.444245 
1535118168547 0.247655 0.926032 -0.284835 -0.623571 -0.936823 0.303851 0.173315 -0.247719 0.247043 0.223918 0.942778 0.379432 0.216671 -0.127462 0.967888 0.380615 -0.975971 -0.0517778 0.211661 -0.505016 0.0231364 -0.990491 -0.135617 0.444312 
1535118168645 0.24766 0.925969 -0.285036 -0.623286 -0.936835 0.30388 0.173197 -0.247599 0.246992 0.224138 0.942739 0.379508 0.217984 -0.127228 0.967624 0.380671 -0.975624 -0.0541234 0.21267 -0.505227 0.0253135 -0.990396 -0.135925 0.444379 
1535118168980 0.247523 0.926072 -0.28482 -0.623497 -0.936845 0.303733 0.173401 -0.247565 0.247091 0.223911 0.942767 0.379411 0.216016 -0.127592 0.968017 0.380505 -0.976123 -0.0513872 0.211052 -0.504967 0.0228153 -0.990495 -0.135646 0.444247 
1535118168985 0.247633 0.926034 -0.284848 -0.623282 -0.93675 0.303902 0.173614 -0.247465 0.247339 0.223839 0.942719 0.379477 0.215841 -0.128324 0.967959 0.380525 -0.97617 -0.0511516 0.210891 -0.505006 0.0224504 -0.990412 -0.136307 0.444347 
1535118169006 0.247744 0.925996 -0.284877 -0.623063 -0.936656 0.304073 0.173827 -0.247363 0.247587 0.223767 0.942671 0.379543 0.215666 -0.129056 0.967901 0.380545 -0.976218 -0.0509158 0.21073 -0.505045 0.0220856 -0.990329 -0.136967 0.444446 
1535118169084 0.247855 0.925957 -0.284906 -0.622844 -0.936561 0.304243 0.174041 -0.247261 0.247835 0.223695 0.942623 0.37961 0.21549 -0.129787 0.967843 0.380565 -0.976265 -0.0506798 0.210569 -0.505084 0.0217209 -0.990246 -0.137628 0.444546 
1535118169087 0.247965 0.925918 -0.284936 -0.622625 -0.936466 0.304414 0.174254 -0.247159 0.248083 0.223624 0.942575 0.379676 0.215313 -0.130519 0.967784 0.380585 -0.976311 -0.0504436 0.210408 -0.505122 0.0213564 -0.990162 -0.138288 0.444645 
1535118169230 0.248076 0.92588 -0.284965 -0.622405 -0.936371 0.304584 0.174467 -0.247056 0.248331 0.223552 0.942526 0.379743 0.215137 -0.13125 0.967724 0.380605 -0.976358 -0.0502073 0.210247 -0.505161 0.0209919 -0.990077 -0.138949 0.444745 
1535118169590 0.248187 0.925841 -0.284995 -0.622185 -0.936275 0.304755 0.17468 -0.246954 0.248579 0.22348 0.942478 0.37981 0.21496 -0.131981 0.967664 0.380625 -0.976405 -0.049971 0.210086 -0.5052 0.0206277 -0.989992 -0.139609 0.444845 
1535118169636 0.248298 0.925802 -0.285024 -0.621966 -0.93618 0.304925 0.174893 -0.246852 0.248828 0.223408 0.94243 0.379876 0.214783 -0.132713 0.967603 0.380645 -0.976452 -0.0497344 0.209926 -0.505238 0.0202634 -0.989906 -0.14027 0.444944 
1535118169662 0.248408 0.925763 -0.285054 -0.621748 -0.936085 0.305095 0.175106 -0.24675 0.249076 0.223337 0.942381 0.379943 0.214606 -0.133444 0.967542 0.380665 -0.976498 -0.0494978 0.209765 -0.505277 0.0198994 -0.98982 -0.14093 0.445044 
1535118169786 0.248519 0.925724 -0.285084 -0.621527 -0.935989 0.305266 0.175319 -0.246648 0.249324 0.223265 0.942332 0.380009 0.214427 -0.134175 0.96748 0.380685 -0.976545 -0.0492609 0.209605 -0.505316 0.0195353 -0.989733 -0.14159 0.445143 
1535118170018 0.248224 0.925831 -0.284995 -0.621777 -0.936129 0.304912 0.175186 -0.24664 0.249091 0.223307 0.942384 0.379973 0.214717 -0.133209 0.967549 0.380626 -0.97647 -0.0496626 0.209859 -0.505248 0.0200958 -0.989843 -0.140738 0.445093 
1535118170024 0.248297 0.925807 -0.28501 -0.621632 -0.936077 0.305014 0.17529 -0.246596 0.249217 0.223267 0.94236 0.380017 0.214356 -0.134458 0.967457 0.380638 -0.976601 -0.047122 0.209833 -0.505344 0.0173748 -0.989798 -0.141413 0.445192 
1535118170031 0.24837 0.925783 -0.285024 -0.621482 -0.936024 0.305116 0.175394 -0.24655 0.249342 0.223227 0.942337 0.380062 0.21399 -0.135706 0.967363 0.380648 -0.976726 -0.0445818 0.209807 -0.505436 0.0146548 -0.989746 -0.142087 0.445291 
1535118170052 0.248443 0.925759 -0.285039 -0.621333 -0.935971 0.305219 0.175498 -0.246504 0.249468 0.223187 0.942313 0.380107 0.213621 -0.136953 0.967269 0.380659 -0.976844 -0.0420413 0.209783 -0.505528 0.011935 -0.989685 -0.142762 0.44539 
1535118170070 0.248516 0.925735 -0.285053 -0.621184 -0.935918 0.305321 0.175601 -0.246458 0.249593 0.223147 0.942289 0.380152 0.213248 -0.138198 0.967174 0.38067 -0.976955 -0.0395004 0.20976 -0.505619 0.00921526 -0.989617 -0.143437 0.445488 
1535118170232 0.248589 0.92571 -0.285068 -0.621034 -0.935865 0.305424 0.175705 -0.246412 0.249718 0.223107 0.942265 0.380197 0.212872 -0.139443 0.967079 0.38068 -0.977059 -0.0369592 0.209739 -0.50571 0.00649575 -0.98954 -0.144112 0.445587 
1535118170239 0.248662 0.925686 -0.285082 -0.620885 -0.935813 0.305526 0.175808 -0.246367 0.249843 0.223067 0.942242 0.380242 0.212492 -0.140687 0.966982 0.380691 -0.977155 -0.0344178 0.20972 -0.505803 0.00377654 -0.989456 -0.144786 0.445686 
1535118170259 0.248736 0.925662 -0.285097 -0.620735 -0.93576 0.305628 0.175912 -0.24632 0.249969 0.223027 0.942218 0.380287 0.212109 -0.141929 0.966885 0.380701 -0.977245 -0.031876 0.209703 -0.505894 0.00105746 -0.989363 -0.145461 0.445784 
1535118170458 0.248809 0.925638 -0.285112 -0.620586 -0.935707 0.305731 0.176015 -0.246274 0.250094 0.222987 0.942194 0.380332 0.211723 -0.14317 0.966786 0.380712 -0.977328 -0.029334 0.209687 -0.505986 -0.00166126 -0.989263 -0.146135 0.445883 
1535118170497 0.248882 0.925614 -0.285126 -0.620437 -0.935654 0.305833 0.176119 -0.246229 0.250219 0.222946 0.94217 0.380377 0.211333 -0.14441 0.966687 0.380723 -0.977404 -0.0267919 0.209674 -0.506078 -0.00437971 -0.989155 -0.146809 0.445982 
1535118170675 0.248875 0.925591 -0.285207 -0.62066 -0.935714 0.30579 0.175876 -0.246359 0.250003 0.223101 0.942191 0.380323 0.21296 -0.138751 0.967159 0.38068 -0.977032 -0.037802 0.209711 -0.505646 0.00746305 -0.989606 -0.143614 0.445533 
1535118170686 0.249061 0.925586 -0.28506 -0.620409 -0.935686 0.30592 0.175796 -0.246264 0.249919 0.222943 0.942251 0.380391 0.213464 -0.138341 0.967106 0.380698 -0.976919 -0.0382774 0.210154 -0.505814 0.00794527 -0.989645 -0.143319 0.445495 
1535118170694 0.249247 0.925581 -0.284913 -0.620154 -0.935659 0.306049 0.175714 -0.246166 0.249835 0.222785 0.942311 0.38046 0.213969 -0.137933 0.967053 0.380717 -0.976804 -0.0387535 0.210599 -0.505986 0.008428 -0.989683 -0.143026 0.445458 
1535118170700 0.249433 0.925576 -0.284766 -0.619897 -0.935632 0.306178 0.175632 -0.246068 0.24975 0.222628 0.94237 0.380529 0.214475 -0.137524 0.966999 0.380737 -0.976689 -0.0392295 0.211045 -0.506161 0.00891097 -0.989721 -0.142732 0.445422 
1535118170707 0.249619 0.925572 -0.284619 -0.619642 -0.935605 0.306308 0.175551 -0.245971 0.249666 0.22247 0.94243 0.380597 0.21498 -0.137116 0.966945 0.380756 -0.976573 -0.039705 0.21149 -0.506332 0.00939392 -0.989759 -0.142439 0.445384 
1535118170962 0.249805 0.925566 -0.284472 -0.619386 -0.935578 0.306437 0.175469 -0.245874 0.249581 0.222313 0.942489 0.380666 0.215485 -0.136707 0.966891 0.380776 -0.976457 -0.0401805 0.211936 -0.506506 0.00987714 -0.989796 -0.142146 0.445347 
1535118171104 0.249991 0.925561 -0.284325 -0.619129 -0.935551 0.306567 0.175388 -0.245776 0.249497 0.222156 0.942549 0.380735 0.21599 -0.136297 0.966836 0.380795 -0.976341 -0.0406559 0.212382 -0.506679 0.0103605 -0.989833 -0.141854 0.445311 
1535118171212 0.250177 0.925556 -0.284178 -0.618874 -0.935524 0.306696 0.175306 -0.245678 0.249412 0.221998 0.942608 0.380804 0.216494 -0.135888 0.966781 0.380814 -0.976224 -0.0411309 0.212827 -0.506851 0.010844 -0.98987 -0.141561 0.445273 
1535118171220 0.250362 0.925551 -0.284031 -0.618617 -0.935497 0.306825 0.175224 -0.24558 0.249327 0.221841 0.942668 0.380873 0.216998 -0.135478 0.966725 0.380834 -0.976106 -0.0416058 0.213273 -0.507025 0.0113277 -0.989906 -0.141269 0.445237 
1535118171372 0.250548 0.925546 -0.283884 -0.618362 -0.93547 0.306955 0.175143 -0.245483 0.249243 0.221683 0.942727 0.380941 0.217502 -0.135067 0.966669 0.380853 -0.975988 -0.0420805 0.213719 -0.507198 0.0118114 -0.989942 -0.140977 0.4452 
1535118171737 0.250228 0.925625 -0.283909 -0.618611 -0.93554 0.306668 0.175272 -0.245503 0.249301 0.22175 0.942696 0.38089 0.2157 -0.136964 0.966806 0.380808 -0.976407 -0.0405819 0.212093 -0.50658 0.0101858 -0.989744 -0.142486 0.445398 
1535118171744 0.250368 0.925567 -0.283974 -0.618269 -0.935504 0.306813 0.175211 -0.24538 0.249296 0.221792 0.942688 0.381008 0.215758 -0.135797 0.966958 0.380793 -0.976366 -0.0427845 0.211848 -0.506704 0.0126025 -0.989812 -0.141818 0.445274 
1535118171760 0.250509 0.925509 -0.28404 -0.617921 -0.935468 0.306958 0.175149 -0.245254 0.24929 0.221834 0.942679 0.381127 0.215813 -0.134628 0.967109 0.38078 -0.976319 -0.0449865 0.211606 -0.506832 0.0150188 -0.989874 -0.141149 0.44515 
1535118171767 0.25065 0.92545 -0.284106 -0.617572 -0.935431 0.307104 0.175087 -0.245127 0.249284 0.221876 0.942671 0.381246 0.215866 -0.133459 0.967259 0.380766 -0.976267 -0.0471887 0.211366 -0.50696 0.0174351 -0.98993 -0.140478 0.445026 
1535118171984 0.250791 0.925392 -0.284172 -0.617224 -0.935395 0.307249 0.175025 -0.245001 0.249278 0.221919 0.942662 0.381365 0.215916 -0.13229 0.967409 0.380752 -0.97621 -0.0493909 0.211126 -0.507088 0.0198513 -0.98998 -0.139807 0.444903 
1535118171990 0.250932 0.925333 -0.284238 -0.616878 -0.935359 0.307395 0.174963 -0.244875 0.249272 0.221961 0.942654 0.381483 0.215963 -0.13112 0.967557 0.380738 -0.976148 -0.051593 0.210888 -0.507215 0.0222674 -0.990023 -0.139135 0.444779 
1535118172183 0.251073 0.925275 -0.284304 -0.616529 -0.935323 0.30754 0.174901 -0.244749 0.249267 0.222003 0.942646 0.381603 0.216007 -0.129951 0.967705 0.380725 -0.97608 -0.0537952 0.210652 -0.507343 0.0246835 -0.99006 -0.138463 0.444655 
1535118172397 0.251213 0.925217 -0.28437 -0.616182 -0.935287 0.307685 0.174839 -0.244623 0.249261 0.222045 0.942637 0.381721 0.216048 -0.128781 0.967853 0.380711 -0.976007 -0.0559973 0.210417 -0.50747 0.0270994 -0.990091 -0.137789 0.444531 
1535118172472 0.251354 0.925158 -0.284436 -0.615834 -0.93525 0.307831 0.174777 -0.244496 0.249255 0.222088 0.942629 0.38184 0.216087 -0.127611 0.967999 0.380697 -0.975928 -0.0581995 0.210184 -0.507598 0.0295152 -0.990115 -0.137115 0.444407 
1535118172713 0.251495 0.9251 -0.284502 -0.615486 -0.935214 0.307976 0.174716 -0.244371 0.249249 0.22213 0.94262 0.381959 0.216122 -0.126441 0.968145 0.380683 -0.975844 -0.0604016 0.209952 -0.507726 0.0319309 -0.990133 -0.136441 0.444284 
1535118173051 0.251419 0.925151 -0.284401 -0.615676 -0.935219 0.307899 0.174827 -0.2444 0.249309 0.222023 0.94263 0.381895 0.21635 -0.126997 0.968021 0.380726 -0.975821 -0.0597058 0.21026 -0.507593 0.031094 -0.990104 -0.136844 0.4443 
1535118173063 0.251504 0.925089 -0.284528 -0.615323 -0.935098 0.308091 0.175135 -0.244259 0.249676 0.222015 0.942535 0.38198 0.216619 -0.125939 0.968099 0.380719 -0.975725 -0.0606294 0.210439 -0.507786 0.0321929 -0.990184 -0.136015 0.444147 
1535118173069 0.251589 0.925026 -0.284656 -0.614965 -0.934977 0.308284 0.175442 -0.244116 0.250043 0.222007 0.942439 0.382067 0.216888 -0.12488 0.968176 0.380714 -0.975629 -0.0615536 0.210618 -0.507983 0.0332927 -0.990261 -0.135187 0.443993 
1535118173301 0.251674 0.924964 -0.284784 -0.614608 -0.934855 0.308477 0.175749 -0.243973 0.250411 0.222 0.942343 0.382153 0.217156 -0.123821 0.968252 0.380708 -0.975531 -0.0624775 0.210799 -0.50818 0.0343926 -0.990336 -0.134358 0.44384 
1535118173312 0.251759 0.924901 -0.284912 -0.614249 -0.934734 0.308669 0.176057 -0.243829 0.250778 0.221993 0.942247 0.38224 0.217422 -0.122761 0.968327 0.380703 -0.975432 -0.0634011 0.21098 -0.508378 0.0354928 -0.990409 -0.13353 0.443687 
1535118173345 0.251845 0.924839 -0.28504 -0.613891 -0.934612 0.308862 0.176364 -0.243686 0.251146 0.221985 0.942151 0.382326 0.217688 -0.121702 0.968401 0.380697 -0.975332 -0.0643245 0.211162 -0.508575 0.0365932 -0.99048 -0.132702 0.443534 
