1530571957811 0.275657 -0.8825 0.381061 -0.604483 0.633204 0.464965 0.618757 -0.181741 -0.723233 0.0707247 0.686973 0.426588 -0.0892675 -0.991231 -0.0974324 0.448811 -0.144793 0.109699 -0.983362 -0.496922 0.985427 -0.0736747 -0.153316 0.445601 
1530571957826 0.279959 -0.928327 0.244604 0.300914 -0.147635 -0.293395 -0.944523 -0.479405 0.948592 0.228316 -0.219193 0.477999 -0.0820601 -0.991847 -0.097493 0.442593 -0.145812 0.108719 -0.98332 -0.496352 0.985903 -0.0664757 -0.153545 0.445192 
1530571958330 0.230439 -0.928572 0.290949 0.201144 0.100162 -0.274773 -0.956278 -0.454448 0.967918 0.249506 0.0296893 0.470138 -0.0748488 -0.992412 -0.0975545 0.436376 -0.146825 0.10773 -0.983278 -0.495782 0.986327 -0.0592738 -0.153774 0.444783 
1530571958856 0.170924 -0.930702 0.323387 0.101345 0.342533 -0.251615 -0.905186 -0.429528 0.923827 0.265489 0.275789 0.46227 -0.0676336 -0.992923 -0.0976175 0.430158 -0.147831 0.106735 -0.983236 -0.495212 0.986697 -0.052069 -0.154003 0.444374 
1530571959403 0.105241 -0.934585 0.339817 0.00154856 0.563806 -0.225413 -0.794552 -0.404593 0.819175 0.27521 0.503202 0.454389 -0.0604149 -0.993382 -0.0976825 0.423941 -0.148828 0.105732 -0.983194 -0.494642 0.987016 -0.0448616 -0.154231 0.443965 
1530571959916 0.0376412 -0.939972 0.33917 -0.0982441 0.749696 -0.197848 -0.631515 -0.379703 0.660711 0.278046 0.697246 0.446561 -0.053193 -0.993789 -0.0977492 0.417723 -0.149819 0.104722 -0.983152 -0.494072 0.987282 -0.0376521 -0.154459 0.443556 
1530571960464 -0.0274964 -0.946509 0.321504 -0.19804 0.888171 -0.170715 -0.426625 -0.354799 0.45869 0.273819 0.845356 0.438708 -0.0459684 -0.994142 -0.0978175 0.411505 -0.150802 0.103705 -0.983109 -0.493501 0.987495 -0.0304409 -0.154686 0.443146 
1530571961025 -0.0859579 -0.953775 0.287965 -0.297843 0.970288 -0.145755 -0.193125 -0.329885 0.22617 0.262808 0.937965 0.430849 -0.0387411 -0.994443 -0.0978875 0.405288 -0.151778 0.102681 -0.983067 -0.492931 0.987655 -0.0232279 -0.154913 0.442737 
1530571961585 -0.133892 -0.961306 0.240757 -0.39763 0.990756 -0.124507 0.0538483 -0.304986 -0.0217887 0.245741 0.969091 0.423012 -0.0315122 -0.994691 -0.097959 0.39907 -0.152746 0.101649 -0.983024 -0.492361 0.987763 -0.0160143 -0.155139 0.442328 
1530571962246 -0.16635 -0.968714 0.184174 -0.49704 0.948952 -0.106511 0.296892 -0.280489 -0.267987 0.224161 0.936982 0.415826 -0.0242818 -0.994887 -0.098032 0.392853 -0.153707 0.10061 -0.982981 -0.491791 0.987818 -0.00880038 -0.155364 0.441919 
1530571962806 -0.16635 -0.968714 0.184174 -0.49704 0.948952 -0.106511 0.296892 -0.280489 -0.267987 0.224161 0.936982 0.415826 -0.0244781 -0.994889 -0.0979649 0.392791 -0.153787 0.100575 -0.982972 -0.49184 0.987801 -0.00899553 -0.155463 0.44191 
1530571962822 0.279944 -0.928332 0.244602 0.300919 -0.147641 -0.29339 -0.944523 -0.479385 0.948596 0.2283 -0.219192 0.478003 -0.0237355 -0.994905 -0.0979796 0.392175 -0.153876 0.100475 -0.982968 -0.491778 0.987805 -0.00825455 -0.155477 0.44187 
1530571963074 0.230438 -0.928573 0.290948 0.201144 0.100162 -0.274772 -0.956278 -0.454448 0.967918 0.249504 0.0296897 0.470138 -0.022993 -0.994921 -0.0979942 0.39156 -0.153963 0.100375 -0.982965 -0.491716 0.987809 -0.00751378 -0.155489 0.44183 
1530571963313 0.170949 -0.930694 0.323397 0.101346 0.342532 -0.251618 -0.905185 -0.429524 0.923823 0.265514 0.275778 0.46227 -0.0222512 -0.994937 -0.0980088 0.390944 -0.15405 0.100274 -0.982962 -0.491654 0.987812 -0.00677379 -0.155502 0.44179 
1530571963562 0.105261 -0.934577 0.339832 0.00154926 0.5638 -0.225417 -0.794555 -0.40459 0.819176 0.275233 0.503186 0.454388 -0.0215079 -0.994952 -0.0980235 0.390329 -0.154137 0.100174 -0.982958 -0.491592 0.987815 -0.00603224 -0.155514 0.44175 
1530571963825 0.0376357 -0.939972 0.339171 -0.0982456 0.749696 -0.197853 -0.631515 -0.379703 0.660712 0.278042 0.697246 0.446561 -0.0207653 -0.994966 -0.0980381 0.389713 -0.154224 0.100073 -0.982955 -0.491531 0.987818 -0.00529146 -0.155526 0.44171 
1530571964077 -0.0275103 -0.946508 0.321506 -0.198043 0.888169 -0.170729 -0.426624 -0.354797 0.458694 0.273815 0.845355 0.438706 -0.0200227 -0.99498 -0.0980533 0.389097 -0.154311 0.0999733 -0.982951 -0.491469 0.987819 -0.00455063 -0.155538 0.44167 
1530571964318 -0.0859875 -0.953774 0.28796 -0.297848 0.970285 -0.145782 -0.193118 -0.329881 0.22617 0.262798 0.937968 0.430844 -0.0192801 -0.994993 -0.0980674 0.388482 -0.154398 0.0998721 -0.982948 -0.491407 0.987821 -0.0038099 -0.15555 0.44163 
1530571964574 -0.133994 -0.961304 0.240707 -0.397649 0.990742 -0.124599 0.0539059 -0.30497 -0.0218281 0.245702 0.9691 0.422988 -0.0185375 -0.995006 -0.0980821 0.387866 -0.154485 0.0997713 -0.982945 -0.491345 0.987821 -0.00306912 -0.155563 0.44159 
1530571964818 -0.168165 -0.968644 0.182894 -0.4974 0.948284 -0.108292 0.298379 -0.280131 -0.269217 0.223613 0.93676 0.415185 -0.0177949 -0.995018 -0.0980968 0.387251 -0.154571 0.0996706 -0.982941 -0.491283 0.987821 -0.00232835 -0.155575 0.44155 
1530571965093 -0.168165 -0.968644 0.182894 -0.4974 0.948284 -0.108292 0.298379 -0.280131 -0.269217 0.223613 0.93676 0.415185 -0.0177661 -0.994998 -0.0982996 0.387268 -0.154691 0.0998667 -0.982903 -0.491252 0.987803 -0.00225637 -0.155691 0.441461 
1530571965213 0.279944 -0.928332 0.244603 0.300918 -0.14764 -0.293391 -0.944523 -0.479383 0.948596 0.228301 -0.219192 0.478 -0.0176944 -0.995001 -0.0982803 0.387205 -0.154687 0.0998364 -0.982906 -0.491249 0.987805 -0.00218926 -0.15568 0.441466 
1530571965360 0.230433 -0.928574 0.290949 0.201135 0.100157 -0.274774 -0.956278 -0.454444 0.96792 0.249499 0.0296862 0.470131 -0.0176229 -0.995005 -0.0982615 0.387141 -0.154684 0.0998067 -0.98291 -0.491246 0.987807 -0.00212231 -0.15567 0.441471 
1530571965517 0.170907 -0.930708 0.323379 0.101361 0.342537 -0.25161 -0.905185 -0.429539 0.923828 0.265472 0.2758 0.462285 -0.0175516 -0.995008 -0.0982427 0.387078 -0.15468 0.0997771 -0.982913 -0.491243 0.987809 -0.00205547 -0.155659 0.441476 
1530571965613 0.105225 -0.934591 0.339806 0.00157287 0.563812 -0.225408 -0.794548 -0.404636 0.819172 0.275193 0.503215 0.45443 -0.0174803 -0.995011 -0.098224 0.387015 -0.154677 0.0997475 -0.982917 -0.49124 0.98781 -0.00198863 -0.155649 0.441481 
1530571965774 0.0376324 -0.939973 0.339168 -0.0982377 0.749694 -0.197854 -0.631516 -0.379715 0.660713 0.278038 0.697247 0.446568 -0.0174089 -0.995014 -0.0982053 0.386952 -0.154674 0.0997179 -0.98292 -0.491236 0.987812 -0.00192178 -0.155639 0.441486 
1530571965961 -0.0275109 -0.946508 0.321506 -0.198044 0.888168 -0.170729 -0.426625 -0.354797 0.458694 0.273814 0.845355 0.438706 -0.0173376 -0.995017 -0.0981865 0.386888 -0.154671 0.0996882 -0.982924 -0.491233 0.987814 -0.00185494 -0.155628 0.44149 
1530571966077 -0.0859935 -0.953774 0.28796 -0.297849 0.970284 -0.145787 -0.193117 -0.32988 0.226171 0.262796 0.937968 0.430843 -0.0172663 -0.99502 -0.0981681 0.386825 -0.154667 0.099659 -0.982927 -0.49123 0.987816 -0.00178808 -0.155618 0.441495 
1530571966235 -0.134035 -0.9613 0.240699 -0.397656 0.990736 -0.12464 0.0539165 -0.304962 -0.0218293 0.245696 0.969101 0.422982 -0.0171949 -0.995023 -0.0981495 0.386762 -0.154664 0.0996295 -0.982931 -0.491227 0.987817 -0.00172123 -0.155607 0.4415 
1530571966370 -0.168532 -0.968602 0.182777 -0.497457 0.948201 -0.108653 0.298511 -0.280044 -0.269279 0.223618 0.936741 0.415121 -0.0171236 -0.995026 -0.0981309 0.386698 -0.154661 0.0996 -0.982934 -0.491224 0.987819 -0.00165439 -0.155597 0.441505 
1530571966566 -0.168532 -0.968602 0.182777 -0.497457 0.948201 -0.108653 0.298511 -0.280044 -0.269279 0.223618 0.936741 0.415121 -0.0169803 -0.995016 -0.0982626 0.386794 -0.15458 0.0997077 -0.982936 -0.491176 0.987834 -0.00150118 -0.155502 0.441484 
1530571966579 0.279949 -0.92833 0.244604 0.300903 -0.147644 -0.293394 -0.944522 -0.479377 0.948594 0.228304 -0.219197 0.477994 -0.0175732 -0.9949 -0.0993206 0.386847 -0.154386 0.100845 -0.982851 -0.49113 0.987854 -0.00193817 -0.155371 0.441473 
1530571966802 0.230423 -0.928578 0.290943 0.201162 0.100165 -0.274767 -0.956279 -0.454451 0.967922 0.249491 0.0296987 0.470149 -0.0181664 -0.994784 -0.100378 0.3869 -0.154192 0.101981 -0.982764 -0.491084 0.987874 -0.00237587 -0.15524 0.441461 
1530571966994 0.170901 -0.930709 0.323378 0.10138 0.342534 -0.251613 -0.905186 -0.429553 0.923831 0.265465 0.275798 0.462288 -0.0187594 -0.994665 -0.101435 0.386952 -0.153997 0.103116 -0.982676 -0.491037 0.987893 -0.00281374 -0.15511 0.44145 
1530571967215 0.105225 -0.934591 0.339806 0.00157044 0.563812 -0.225409 -0.794548 -0.404635 0.819173 0.275193 0.503215 0.45443 -0.0193519 -0.994546 -0.102492 0.387005 -0.153801 0.104252 -0.982587 -0.490991 0.987912 -0.00325149 -0.15498 0.441438 
1530571967454 0.0376322 -0.939973 0.339168 -0.0982381 0.749694 -0.197854 -0.631516 -0.379714 0.660713 0.278038 0.697247 0.446568 -0.0199445 -0.994424 -0.103549 0.387058 -0.153605 0.105388 -0.982496 -0.490945 0.987931 -0.00368972 -0.154851 0.441427 
1530571967658 -0.027511 -0.946508 0.321505 -0.198044 0.888169 -0.170729 -0.426624 -0.354797 0.458694 0.273814 0.845356 0.438706 -0.020537 -0.994302 -0.104606 0.387111 -0.153409 0.106523 -0.982405 -0.490899 0.987949 -0.00412822 -0.154722 0.441416 
1530571967863 -0.0859929 -0.953774 0.28796 -0.297849 0.970284 -0.145787 -0.193118 -0.32988 0.226172 0.262796 0.937968 0.430843 -0.0211291 -0.994178 -0.105662 0.387164 -0.153211 0.107657 -0.982312 -0.490853 0.987968 -0.0045667 -0.154594 0.441404 
1530571968104 -0.134036 -0.961301 0.240698 -0.397656 0.990736 -0.12464 0.0539166 -0.304962 -0.0218294 0.245695 0.969101 0.422982 -0.021721 -0.994052 -0.106719 0.387216 -0.153013 0.108792 -0.982218 -0.490806 0.987985 -0.0050053 -0.154466 0.441393 
1530571968321 -0.168532 -0.968602 0.182777 -0.497457 0.948201 -0.108653 0.298511 -0.280044 -0.269279 0.223618 0.936741 0.415121 -0.0223126 -0.993925 -0.107776 0.387269 -0.152814 0.109927 -0.982122 -0.49076 0.988003 -0.00544404 -0.154338 0.441381 
1530571968535 -0.168532 -0.968602 0.182777 -0.497457 0.948201 -0.108653 0.298511 -0.280044 -0.269279 0.223618 0.936741 0.415121 -0.0222851 -0.993933 -0.107707 0.387236 -0.15283 0.109854 -0.982128 -0.490804 0.988001 -0.00542607 -0.154351 0.441394 
1530571968694 0.279948 -0.928331 0.244603 0.300905 -0.147646 -0.293394 -0.944521 -0.479376 0.948594 0.228302 -0.219199 0.477997 -0.0226133 -0.994069 -0.10637 0.387403 -0.153491 0.108588 -0.982166 -0.490791 0.987891 -0.00588314 -0.155036 0.441532 
1530571969030 0.230424 -0.928578 0.290944 0.201164 0.100163 -0.274768 -0.956279 -0.454459 0.967922 0.249491 0.0296964 0.470156 -0.0229397 -0.994204 -0.105032 0.38757 -0.154153 0.107321 -0.982201 -0.490778 0.987781 -0.00634043 -0.155721 0.44167 
1530571969263 0.1709 -0.930709 0.323379 0.101382 0.342533 -0.251614 -0.905186 -0.429555 0.923831 0.265464 0.275798 0.462288 -0.0232653 -0.994337 -0.103694 0.387737 -0.154814 0.106055 -0.982235 -0.490765 0.98767 -0.0067986 -0.156405 0.441808 
1530571969503 0.105225 -0.934591 0.339806 0.00157168 0.563812 -0.225409 -0.794548 -0.404636 0.819173 0.275193 0.503214 0.45443 -0.0235899 -0.994468 -0.102355 0.387904 -0.155476 0.104788 -0.982266 -0.490752 0.987558 -0.00725772 -0.157088 0.441946 
1530571969732 0.0376322 -0.939973 0.339168 -0.0982379 0.749694 -0.197854 -0.631516 -0.379714 0.660713 0.278038 0.697247 0.446568 -0.0239136 -0.994597 -0.101017 0.388071 -0.156139 0.103521 -0.982295 -0.490739 0.987446 -0.00771764 -0.157771 0.442084 
1530571970021 -0.027511 -0.946508 0.321505 -0.198044 0.888168 -0.170729 -0.426625 -0.354797 0.458694 0.273814 0.845355 0.438705 -0.0242365 -0.994725 -0.0996777 0.388239 -0.156802 0.102255 -0.982322 -0.490726 0.987333 -0.0081784 -0.158453 0.442223 
1530571970234 -0.0859935 -0.953774 0.28796 -0.297849 0.970284 -0.145788 -0.193118 -0.32988 0.226171 0.262796 0.937968 0.430843 -0.0245585 -0.99485 -0.098338 0.388406 -0.157465 0.100989 -0.982347 -0.490713 0.987219 -0.00864009 -0.159135 0.442361 
1530571970443 -0.134035 -0.961301 0.240699 -0.397656 0.990736 -0.124639 0.0539163 -0.304962 -0.0218293 0.245695 0.969101 0.422982 -0.0248795 -0.994974 -0.096998 0.388573 -0.158129 0.0997233 -0.98237 -0.4907 0.987105 -0.00910265 -0.159815 0.442499 
1530571970648 -0.168532 -0.968602 0.182777 -0.497457 0.948201 -0.108653 0.298511 -0.280044 -0.269279 0.223618 0.936741 0.415121 -0.0251996 -0.995095 -0.0956576 0.38874 -0.158793 0.0984575 -0.98239 -0.490687 0.98699 -0.00956608 -0.160495 0.442637 
1530571970967 -0.168532 -0.968602 0.182777 -0.497457 0.948201 -0.108653 0.298511 -0.280044 -0.269279 0.223618 0.936741 0.415121 -0.025052 -0.995103 -0.0956148 0.38878 -0.158836 0.098392 -0.98239 -0.49061 0.986987 -0.00942376 -0.160523 0.442648 
1530571970980 0.279947 -0.928331 0.244603 0.300906 -0.147648 -0.293393 -0.944521 -0.479374 0.948594 0.228301 -0.219201 0.477999 -0.0253437 -0.995146 -0.0950869 0.38888 -0.15785 0.0979079 -0.982597 -0.490613 0.987138 -0.00989311 -0.159565 0.442557 
1530571971212 0.230423 -0.928578 0.290944 0.201164 0.100164 -0.274768 -0.956279 -0.454459 0.967922 0.249491 0.0296967 0.470155 -0.0256359 -0.995189 -0.0945592 0.38898 -0.156865 0.0974232 -0.982803 -0.490615 0.987287 -0.010362 -0.158608 0.442467 
1530571971506 0.1709 -0.930709 0.323379 0.101382 0.342533 -0.251613 -0.905186 -0.429555 0.923831 0.265464 0.275798 0.462288 -0.0259285 -0.995231 -0.0940318 0.389079 -0.155879 0.096938 -0.983008 -0.490618 0.987436 -0.0108303 -0.157649 0.442376 
1530571971512 0.105225 -0.934591 0.339806 0.0015715 0.563812 -0.225409 -0.794548 -0.404636 0.819173 0.275193 0.503214 0.45443 -0.0262216 -0.995273 -0.0935046 0.389179 -0.154893 0.0964522 -0.983212 -0.490621 0.987583 -0.0112981 -0.15669 0.442286 
1530571971789 0.0376321 -0.939973 0.339168 -0.0982377 0.749694 -0.197854 -0.631516 -0.379715 0.660714 0.278038 0.697246 0.446568 -0.0265153 -0.995315 -0.0929777 0.389279 -0.153908 0.0959661 -0.983414 -0.490624 0.987729 -0.0117655 -0.155731 0.442195 
1530571972090 -0.027511 -0.946508 0.321505 -0.198043 0.888168 -0.170729 -0.426625 -0.354797 0.458694 0.273814 0.845355 0.438705 -0.0268095 -0.995356 -0.092451 0.389379 -0.152922 0.0954794 -0.983615 -0.490626 0.987875 -0.0122325 -0.154772 0.442104 
1530571972312 -0.0859935 -0.953774 0.28796 -0.297849 0.970284 -0.145788 -0.193118 -0.32988 0.226171 0.262796 0.937968 0.430843 -0.0271042 -0.995397 -0.0919246 0.389479 -0.151937 0.0949922 -0.983815 -0.490629 0.988019 -0.0126988 -0.153812 0.442014 
1530571972534 -0.134035 -0.961301 0.240699 -0.397656 0.990736 -0.124639 0.0539163 -0.304962 -0.0218293 0.245695 0.969101 0.422982 -0.0273994 -0.995437 -0.0913985 0.389578 -0.150951 0.0945045 -0.984014 -0.490632 0.988161 -0.0131647 -0.152852 0.441923 
1530571972750 -0.168532 -0.968602 0.182777 -0.497457 0.948201 -0.108653 0.298511 -0.280044 -0.269279 0.223618 0.936741 0.415121 -0.0276952 -0.995477 -0.0908726 0.389678 -0.149965 0.0940164 -0.984211 -0.490634 0.988303 -0.0136302 -0.151891 0.441833 
1530571973000 -0.168532 -0.968602 0.182777 -0.497457 0.948201 -0.108653 0.298511 -0.280044 -0.269279 0.223618 0.936741 0.415121 -0.0277464 -0.995476 -0.0908682 0.389665 -0.149904 0.0940189 -0.98422 -0.49063 0.988311 -0.0136871 -0.151835 0.441876 
1530571973014 0.279952 -0.928342 0.244559 0.30098 -0.147641 -0.293348 -0.944537 -0.47939 0.948593 0.228318 -0.219184 0.477999 -0.0278441 -0.995499 -0.0905899 0.38974 -0.149298 0.0937501 -0.984338 -0.490642 0.9884 -0.0138831 -0.151236 0.441841 
1530571973020 0.230438 -0.928583 0.290917 0.201188 0.100167 -0.274739 -0.956287 -0.454469 0.967918 0.249505 0.0297027 0.47014 -0.0279418 -0.995522 -0.0903112 0.389815 -0.148689 0.0934806 -0.984456 -0.490653 0.988489 -0.0140792 -0.150636 0.441806 
1530571973263 0.170908 -0.93071 0.323371 0.101378 0.342536 -0.251602 -0.905188 -0.429552 0.923829 0.26547 0.275801 0.462286 -0.0280398 -0.995544 -0.0900325 0.389889 -0.148081 0.0932111 -0.984573 -0.490665 0.988578 -0.0142751 -0.150035 0.44177 
1530571973500 0.105228 -0.934591 0.339804 0.00157024 0.563812 -0.225405 -0.794549 -0.404634 0.819172 0.275194 0.503215 0.454427 -0.0281388 -0.995566 -0.0897538 0.389964 -0.147473 0.0929414 -0.98469 -0.490677 0.988666 -0.0144717 -0.149435 0.441735 
1530571973506 0.0376422 -0.939977 0.339156 -0.0982335 0.7497 -0.197837 -0.631514 -0.379718 0.660706 0.278037 0.697254 0.446563 -0.0282369 -0.995589 -0.0894753 0.390039 -0.146865 0.0926716 -0.984806 -0.490689 0.988753 -0.014667 -0.148834 0.4417 
1530571973686 -0.027466 -0.94652 0.321475 -0.198032 0.888184 -0.170668 -0.426615 -0.354808 0.458666 0.273812 0.845372 0.438701 -0.0283347 -0.995611 -0.0891968 0.390114 -0.146257 0.0924015 -0.984922 -0.4907 0.988841 -0.0148619 -0.148233 0.441665 
1530571973974 -0.0859456 -0.953782 0.287946 -0.297841 0.970294 -0.145734 -0.193111 -0.32989 0.22615 0.262795 0.937974 0.430843 -0.0284333 -0.995633 -0.0889183 0.390189 -0.145648 0.0921314 -0.985037 -0.490712 0.988928 -0.0150571 -0.147632 0.44163 
1530571974159 -0.133999 -0.961306 0.240696 -0.397651 0.990741 -0.124602 0.0539174 -0.30497 -0.02184 0.245692 0.969102 0.422984 -0.0285322 -0.995655 -0.0886399 0.390263 -0.14504 0.0918612 -0.985152 -0.490724 0.989014 -0.0152522 -0.147031 0.441594 
1530571974381 -0.168389 -0.968625 0.182785 -0.49744 0.94822 -0.108513 0.298503 -0.280081 -0.269303 0.223585 0.936742 0.415129 -0.0286311 -0.995677 -0.0883615 0.390338 -0.144432 0.0915909 -0.985267 -0.490735 0.9891 -0.0154471 -0.14643 0.441559 
1530571974607 -0.168389 -0.968625 0.182785 -0.49744 0.94822 -0.108513 0.298503 -0.280081 -0.269303 0.223585 0.936742 0.415129 -0.0286716 -0.995672 -0.0884004 0.390368 -0.144468 0.0916359 -0.985257 -0.490705 0.989094 -0.0154779 -0.14647 0.441528 
1530571974620 0.279952 -0.928342 0.244556 0.30098 -0.147642 -0.293345 -0.944537 -0.479389 0.948593 0.228319 -0.219184 0.477997 -0.0286111 -0.995665 -0.0884987 0.39044 -0.144743 0.0917286 -0.985208 -0.49075 0.989056 -0.0153784 -0.14674 0.441609 
1530571974882 0.230444 -0.928584 0.290907 0.201189 0.100168 -0.274728 -0.95629 -0.454469 0.967916 0.249511 0.0297052 0.470137 -0.0285506 -0.995658 -0.0885964 0.390513 -0.145019 0.0918206 -0.985159 -0.490796 0.989017 -0.0152788 -0.147011 0.441689 
1530571975075 0.17091 -0.930711 0.323369 0.101378 0.342537 -0.2516 -0.905188 -0.429552 0.923828 0.265471 0.275802 0.462286 -0.0284902 -0.995651 -0.0886942 0.390585 -0.145295 0.0919127 -0.98511 -0.490842 0.988978 -0.0151791 -0.147282 0.44177 
1530571975256 0.105228 -0.934591 0.339804 0.0015701 0.563812 -0.225406 -0.794549 -0.404634 0.819172 0.275194 0.503215 0.454427 -0.0284301 -0.995644 -0.0887917 0.390658 -0.145571 0.0920045 -0.985061 -0.490887 0.988939 -0.0150799 -0.147553 0.441851 
1530571975483 0.0376402 -0.939976 0.339158 -0.0982342 0.749699 -0.19784 -0.631515 -0.379718 0.660708 0.278037 0.697252 0.446563 -0.0283696 -0.995637 -0.0888895 0.39073 -0.145847 0.0920965 -0.985011 -0.490933 0.9889 -0.0149801 -0.147824 0.441931 
1530571975694 -0.0274755 -0.946518 0.321479 -0.198034 0.888182 -0.170679 -0.426616 -0.354806 0.45867 0.27381 0.84537 0.438701 -0.0283089 -0.99563 -0.0889874 0.390802 -0.146123 0.0921886 -0.984962 -0.490978 0.988861 -0.0148801 -0.148095 0.442012 
1530571975888 -0.0859623 -0.95378 0.287948 -0.297844 0.970291 -0.145751 -0.193111 -0.329887 0.226155 0.262793 0.937973 0.430843 -0.0282485 -0.995623 -0.0890851 0.390875 -0.146399 0.0922805 -0.984912 -0.491024 0.988822 -0.0147803 -0.148365 0.442093 
1530571976067 -0.134015 -0.961304 0.240695 -0.397653 0.990739 -0.124618 0.0539187 -0.304967 -0.0218374 0.245692 0.969102 0.422983 -0.0281882 -0.995616 -0.0891829 0.390947 -0.146675 0.0923724 -0.984862 -0.491069 0.988783 -0.0146806 -0.148636 0.442174 
1530571976250 -0.168456 -0.968616 0.182775 -0.497449 0.948209 -0.108578 0.298514 -0.280064 -0.2693 0.223595 0.936741 0.415122 -0.0281279 -0.995609 -0.0892807 0.39102 -0.146952 0.0924642 -0.984812 -0.491114 0.988744 -0.0145808 -0.148907 0.442254 
1530571976606 -0.168456 -0.968616 0.182775 -0.497449 0.948209 -0.108578 0.298514 -0.280064 -0.2693 0.223595 0.936741 0.415122 -0.0279691 -0.995617 -0.0892494 0.391041 -0.146908 0.092409 -0.984824 -0.491103 0.988755 -0.0144332 -0.148849 0.442318 
1530571976619 0.27995 -0.928342 0.244558 0.30098 -0.147642 -0.293347 -0.944537 -0.479388 0.948594 0.228316 -0.219185 0.477997 -0.0281145 -0.995612 -0.0892571 0.391127 -0.147265 0.0924434 -0.984768 -0.491121 0.988697 -0.0145418 -0.149217 0.442412 
1530571976626 0.230443 -0.928584 0.290908 0.201189 0.100168 -0.27473 -0.95629 -0.454469 0.967917 0.24951 0.0297048 0.470138 -0.0282602 -0.995607 -0.0892647 0.391213 -0.147622 0.092478 -0.984711 -0.49114 0.98864 -0.0146507 -0.149586 0.442506 
1530571976821 0.170908 -0.93071 0.323371 0.101378 0.342536 -0.251603 -0.905188 -0.429552 0.923829 0.26547 0.275801 0.462287 -0.0284059 -0.995602 -0.0892722 0.391299 -0.147978 0.0925126 -0.984654 -0.491159 0.988583 -0.0147596 -0.149955 0.4426 
1530571977031 0.105227 -0.934591 0.339805 0.00156986 0.563812 -0.225407 -0.794549 -0.404634 0.819172 0.275194 0.503214 0.454427 -0.028552 -0.995597 -0.0892794 0.391385 -0.148335 0.092547 -0.984597 -0.491177 0.988525 -0.014869 -0.150324 0.442694 
1530571977222 0.0376404 -0.939976 0.339158 -0.0982341 0.749699 -0.197839 -0.631515 -0.379718 0.660707 0.278037 0.697253 0.446563 -0.0286976 -0.995592 -0.089287 0.39147 -0.148692 0.0925817 -0.98454 -0.491196 0.988467 -0.0149777 -0.150693 0.442788 
1530571977394 -0.0274873 -0.946515 0.321486 -0.198037 0.888178 -0.170695 -0.426618 -0.354804 0.458677 0.27381 0.845366 0.438701 -0.0288429 -0.995588 -0.0892945 0.391556 -0.149049 0.0926166 -0.984483 -0.491214 0.988409 -0.0150862 -0.151062 0.442882 
1530571977401 -0.0859737 -0.953778 0.287951 -0.297846 0.970289 -0.145764 -0.193112 -0.329884 0.226159 0.262793 0.937972 0.430842 -0.0289886 -0.995583 -0.0893018 0.391642 -0.149405 0.0926513 -0.984426 -0.491233 0.988351 -0.015195 -0.151431 0.442976 
1530571977597 -0.134023 -0.961303 0.240696 -0.397654 0.990738 -0.124626 0.0539188 -0.304965 -0.0218353 0.245693 0.969102 0.422982 -0.0291343 -0.995578 -0.0893091 0.391728 -0.149762 0.0926861 -0.984368 -0.491251 0.988293 -0.0153038 -0.1518 0.44307 
1530571977806 -0.168487 -0.968611 0.182773 -0.497453 0.948205 -0.108609 0.298516 -0.280056 -0.269295 0.223602 0.93674 0.41512 -0.02928 -0.995573 -0.0893163 0.391814 -0.150118 0.092721 -0.984311 -0.491269 0.988234 -0.0154126 -0.152169 0.443164 
1530571978007 -0.168487 -0.968611 0.182773 -0.497453 0.948205 -0.108609 0.298516 -0.280056 -0.269295 0.223602 0.93674 0.41512 -0.0293554 -0.995585 -0.0891511 0.391817 -0.150101 0.0925688 -0.984328 -0.491292 0.988235 -0.0155137 -0.152156 0.443195 
1530571978021 0.279945 -0.928342 0.244566 0.300979 -0.147642 -0.293353 -0.944535 -0.479388 0.948595 0.228309 -0.219185 0.477999 -0.0295468 -0.995582 -0.0891287 0.391913 -0.149818 0.0925713 -0.98437 -0.491291 0.988272 -0.0157319 -0.151892 0.443198 
1530571978208 0.230438 -0.928583 0.290915 0.201187 0.100166 -0.274738 -0.956288 -0.454469 0.967918 0.249505 0.0297028 0.47014 -0.0297386 -0.995578 -0.0891062 0.39201 -0.149535 0.0925736 -0.984413 -0.49129 0.988309 -0.0159505 -0.151627 0.443201 
1530571978375 0.170907 -0.93071 0.323373 0.101377 0.342535 -0.251605 -0.905188 -0.429552 0.923829 0.265469 0.2758 0.462287 -0.0299304 -0.995574 -0.0890838 0.392107 -0.149253 0.0925759 -0.984456 -0.49129 0.988346 -0.0161691 -0.151363 0.443204 
1530571978554 0.105227 -0.934591 0.339805 0.00156971 0.563812 -0.225407 -0.794549 -0.404634 0.819173 0.275194 0.503214 0.454427 -0.0301222 -0.995571 -0.0890616 0.392203 -0.14897 0.0925784 -0.984498 -0.491289 0.988383 -0.0163878 -0.151099 0.443207 
1530571978748 0.037643 -0.939978 0.339153 -0.0982331 0.749701 -0.197833 -0.631514 -0.379719 0.660705 0.278036 0.697256 0.446562 -0.030314 -0.995567 -0.0890392 0.392299 -0.148687 0.0925805 -0.984541 -0.491288 0.98842 -0.0166064 -0.150834 0.44321 
1530571978938 -0.0274959 -0.946513 0.321492 -0.198039 0.888175 -0.170707 -0.42662 -0.354802 0.458682 0.273811 0.845363 0.438702 -0.0305058 -0.995563 -0.0890168 0.392396 -0.148404 0.0925824 -0.984584 -0.491287 0.988456 -0.016825 -0.15057 0.443213 
1530571979095 -0.0859812 -0.953777 0.287954 -0.297847 0.970287 -0.145772 -0.193114 -0.329883 0.226163 0.262794 0.937971 0.430842 -0.0306976 -0.995559 -0.0889946 0.392492 -0.148121 0.0925845 -0.984626 -0.491286 0.988493 -0.0170437 -0.150305 0.443216 
1530571979267 -0.134028 -0.961302 0.240697 -0.397655 0.990737 -0.124631 0.0539184 -0.304964 -0.0218336 0.245694 0.969102 0.422982 -0.0308894 -0.995555 -0.0889724 0.392589 -0.147838 0.0925865 -0.984668 -0.491286 0.988529 -0.0172623 -0.150041 0.443219 
1530571979450 -0.168503 -0.968608 0.182772 -0.497455 0.948203 -0.108624 0.298516 -0.280052 -0.269291 0.223606 0.93674 0.41512 -0.0310812 -0.995551 -0.0889503 0.392685 -0.147555 0.0925884 -0.984711 -0.491285 0.988565 -0.0174809 -0.149776 0.443222 
1530571979639 -0.168503 -0.968608 0.182772 -0.497455 0.948203 -0.108624 0.298516 -0.280052 -0.269291 0.223606 0.93674 0.41512 -0.031131 -0.995558 -0.088857 0.392602 -0.147597 0.0925043 -0.984712 -0.491316 0.988558 -0.01754 -0.149821 0.443245 
1530571979652 0.280096 -0.928367 0.244297 0.301008 -0.147655 -0.293119 -0.944605 -0.479375 0.948548 0.228508 -0.21918 0.477914 -0.0312403 -0.995555 -0.088847 0.392717 -0.147263 0.0925049 -0.984762 -0.491327 0.988604 -0.0176804 -0.149498 0.443228 
1530571979901 0.230557 -0.928605 0.290751 0.201213 0.100199 -0.274556 -0.956336 -0.454462 0.967886 0.249623 0.0297445 0.47009 -0.0313485 -0.995553 -0.0888373 0.392832 -0.146929 0.0925055 -0.984812 -0.491339 0.98865 -0.0178196 -0.149175 0.443212 
1530571980092 0.170929 -0.930716 0.323342 0.101384 0.342547 -0.251565 -0.905194 -0.429552 0.923821 0.265484 0.275814 0.462278 -0.0314567 -0.99555 -0.0888276 0.392947 -0.146594 0.0925059 -0.984862 -0.49135 0.988696 -0.0179588 -0.148852 0.443195 
1530571980289 0.10523 -0.934592 0.339802 0.00157074 0.563813 -0.225402 -0.794549 -0.404635 0.819171 0.275195 0.503216 0.454426 -0.031565 -0.995548 -0.0888182 0.393062 -0.14626 0.0925066 -0.984911 -0.491361 0.988742 -0.0180982 -0.148529 0.443178 
1530571980463 0.0376479 -0.93998 0.339146 -0.0982313 0.749705 -0.197824 -0.631513 -0.37972 0.660701 0.278035 0.69726 0.44656 -0.0316731 -0.995545 -0.0888085 0.393177 -0.145926 0.0925069 -0.984961 -0.491373 0.988788 -0.0182374 -0.148206 0.443161 
1530571980650 -0.0274967 -0.946513 0.321493 -0.19804 0.888175 -0.170708 -0.42662 -0.354801 0.458683 0.273811 0.845362 0.438702 -0.0317813 -0.995542 -0.0887988 0.393292 -0.145592 0.0925072 -0.98501 -0.491384 0.988834 -0.0183765 -0.147883 0.443145 
1530571980846 -0.0859863 -0.953775 0.287956 -0.297848 0.970286 -0.145779 -0.193115 -0.329882 0.226166 0.262795 0.93797 0.430843 -0.0318895 -0.99554 -0.0887892 0.393407 -0.145257 0.0925075 -0.98506 -0.491395 0.98888 -0.0185158 -0.14756 0.443128 
1530571981060 -0.134032 -0.961301 0.240698 -0.397655 0.990737 -0.124636 0.0539175 -0.304963 -0.0218315 0.245695 0.969101 0.422982 -0.0319977 -0.995537 -0.0887797 0.393522 -0.144923 0.0925077 -0.985109 -0.491406 0.988925 -0.018655 -0.147236 0.443111 
1530571981271 -0.168517 -0.968605 0.182774 -0.497456 0.948202 -0.108639 0.298514 -0.280048 -0.269286 0.223612 0.936741 0.41512 -0.0321059 -0.995535 -0.0887702 0.393637 -0.144589 0.092508 -0.985158 -0.491418 0.988971 -0.0187942 -0.146913 0.443095 
1530571981440 -0.168517 -0.968605 0.182774 -0.497456 0.948202 -0.108639 0.298514 -0.280048 -0.269286 0.223612 0.936741 0.41512 -0.0320022 -0.995549 -0.0886509 0.393645 -0.144529 0.0923735 -0.985179 -0.491407 0.988983 -0.0187153 -0.146842 0.443176 
1530571981454 0.280068 -0.928364 0.24434 0.301003 -0.147655 -0.293156 -0.944594 -0.479378 0.948557 0.228472 -0.219181 0.477927 -0.032181 -0.995533 -0.0887645 0.393786 -0.14469 0.0925152 -0.985143 -0.491426 0.988954 -0.0188596 -0.14702 0.44322 
1530571981654 0.23053 -0.928601 0.290785 0.201207 0.100192 -0.274594 -0.956326 -0.454464 0.967893 0.249596 0.0297359 0.4701 -0.0323601 -0.995517 -0.0888778 0.393927 -0.144851 0.0926568 -0.985105 -0.491445 0.988924 -0.0190041 -0.1472 0.443264 
1530571981869 0.170922 -0.930714 0.323352 0.101381 0.342543 -0.251578 -0.905192 -0.429552 0.923823 0.265479 0.27581 0.462281 -0.0325393 -0.995501 -0.0889911 0.394068 -0.145013 0.0927985 -0.985068 -0.491464 0.988895 -0.0191485 -0.14738 0.443309 
1530571982061 0.105229 -0.934591 0.339803 0.00157041 0.563813 -0.225404 -0.794549 -0.404635 0.819171 0.275195 0.503216 0.454426 -0.0327186 -0.995485 -0.0891043 0.394209 -0.145174 0.0929401 -0.985031 -0.491483 0.988865 -0.0192932 -0.14756 0.443353 
1530571982219 0.0376453 -0.939979 0.339149 -0.0982322 0.749703 -0.197828 -0.631513 -0.379719 0.660703 0.278035 0.697258 0.446561 -0.0328977 -0.995469 -0.0892176 0.39435 -0.145336 0.0930818 -0.984994 -0.491503 0.988835 -0.0194375 -0.14774 0.443397 
1530571982413 -0.0275006 -0.946512 0.321496 -0.198041 0.888173 -0.170713 -0.426621 -0.354801 0.458686 0.273811 0.845361 0.438702 -0.0330768 -0.995453 -0.0893308 0.394491 -0.145498 0.0932235 -0.984957 -0.491522 0.988806 -0.0195818 -0.14792 0.443441 
1530571982608 -0.0859886 -0.953775 0.287957 -0.297849 0.970286 -0.145781 -0.193116 -0.329881 0.226168 0.262795 0.93797 0.430843 -0.033256 -0.995436 -0.089444 0.394632 -0.145659 0.0933652 -0.984919 -0.491541 0.988776 -0.0197262 -0.148099 0.443485 
1530571982615 -0.134033 -0.961301 0.240698 -0.397655 0.990736 -0.124637 0.0539173 -0.304962 -0.0218309 0.245695 0.969101 0.422982 -0.0334353 -0.99542 -0.0895571 0.394773 -0.145821 0.093507 -0.984882 -0.49156 0.988746 -0.0198705 -0.148279 0.44353 
1530571982796 -0.168522 -0.968604 0.182775 -0.497457 0.948202 -0.108643 0.298514 -0.280047 -0.269284 0.223613 0.936741 0.41512 -0.0336145 -0.995404 -0.0896702 0.394914 -0.145982 0.0936488 -0.984845 -0.491579 0.988716 -0.0200148 -0.148459 0.443574 
1530571983020 -0.168522 -0.968604 0.182775 -0.497457 0.948202 -0.108643 0.298514 -0.280047 -0.269284 0.223613 0.936741 0.41512 -0.0336071 -0.995405 -0.0896582 0.39491 -0.145944 0.093635 -0.984852 -0.491547 0.988722 -0.0200129 -0.148421 0.443581 
1530571983034 0.280045 -0.928362 0.244375 0.300998 -0.147655 -0.293186 -0.944585 -0.47938 0.948563 0.228444 -0.219182 0.477938 -0.0338374 -0.995394 -0.089703 0.395062 -0.146151 0.0937178 -0.984813 -0.491564 0.988683 -0.0202134 -0.148649 0.443643 
1530571983217 0.230512 -0.928598 0.290808 0.201203 0.100187 -0.274619 -0.956319 -0.454465 0.967898 0.249578 0.0297301 0.470107 -0.0340684 -0.995382 -0.0897477 0.395214 -0.146358 0.0938007 -0.984774 -0.491581 0.988645 -0.0204143 -0.148878 0.443705 
1530571983405 0.170918 -0.930713 0.323357 0.10138 0.342541 -0.251585 -0.905191 -0.429552 0.923825 0.265476 0.275807 0.462282 -0.0342993 -0.99537 -0.0897924 0.395367 -0.146565 0.0938836 -0.984736 -0.491598 0.988606 -0.0206153 -0.149107 0.443768 
1530571983583 0.105228 -0.934591 0.339804 0.00157008 0.563812 -0.225405 -0.794549 -0.404635 0.819172 0.275194 0.503215 0.454427 -0.0345304 -0.995358 -0.089837 0.395519 -0.146772 0.0939666 -0.984697 -0.491615 0.988567 -0.0208165 -0.149335 0.44383 
1530571983787 0.0376382 -0.939975 0.33916 -0.0982348 0.749698 -0.197843 -0.631515 -0.379718 0.660709 0.278037 0.697251 0.446563 -0.0347613 -0.995346 -0.0898816 0.395671 -0.146979 0.0940496 -0.984658 -0.491633 0.988529 -0.0210173 -0.149564 0.443892 
1530571983995 -0.0275034 -0.946511 0.321498 -0.198041 0.888172 -0.170718 -0.426622 -0.3548 0.458688 0.273812 0.845359 0.438703 -0.0349921 -0.995334 -0.0899262 0.395823 -0.147186 0.0941327 -0.984619 -0.49165 0.98849 -0.021218 -0.149793 0.443954 
1530571984198 -0.0859902 -0.953775 0.287958 -0.297849 0.970285 -0.145783 -0.193116 -0.329881 0.226169 0.262795 0.937969 0.430843 -0.0352231 -0.995321 -0.0899707 0.395975 -0.147393 0.0942158 -0.98458 -0.491667 0.988451 -0.0214189 -0.150022 0.444016 
1530571984204 -0.134034 -0.961301 0.240698 -0.397656 0.990736 -0.124638 0.0539171 -0.304962 -0.0218304 0.245695 0.969101 0.422982 -0.0354541 -0.995309 -0.0900151 0.396128 -0.1476 0.094299 -0.984541 -0.491684 0.988411 -0.0216198 -0.150251 0.444079 
1530571984385 -0.168525 -0.968603 0.182775 -0.497457 0.948201 -0.108646 0.298513 -0.280046 -0.269283 0.223614 0.936741 0.41512 -0.0356851 -0.995297 -0.0900595 0.39628 -0.147807 0.0943822 -0.984502 -0.491701 0.988372 -0.0218206 -0.15048 0.444141 
1530571984625 -0.168525 -0.968603 0.182775 -0.497457 0.948201 -0.108646 0.298513 -0.280046 -0.269283 0.223614 0.936741 0.41512 -0.0357015 -0.995281 -0.0902276 0.396255 -0.147796 0.0945507 -0.984488 -0.491696 0.988373 -0.0218124 -0.150474 0.444081 
1530571984638 0.280027 -0.928359 0.244404 0.300995 -0.147654 -0.293212 -0.944577 -0.479381 0.948569 0.22842 -0.219183 0.477947 -0.0360958 -0.99526 -0.0902988 0.396517 -0.147772 0.09468 -0.984479 -0.491722 0.988363 -0.022192 -0.150489 0.444154 
1530571984857 0.230499 -0.928596 0.290825 0.2012 0.100183 -0.274638 -0.956314 -0.454466 0.967902 0.249565 0.0297257 0.470113 -0.0364903 -0.99524 -0.0903693 0.396779 -0.147748 0.0948086 -0.98447 -0.491748 0.988352 -0.0225717 -0.150504 0.444227 
1530571985056 0.170915 -0.930713 0.32336 0.10138 0.34254 -0.251589 -0.90519 -0.429552 0.923826 0.265475 0.275806 0.462283 -0.0368847 -0.995219 -0.0904398 0.397042 -0.147724 0.0949372 -0.984461 -0.491774 0.988341 -0.0229514 -0.15052 0.4443 
1530571985270 0.105228 -0.934591 0.339805 0.00156983 0.563812 -0.225406 -0.794549 -0.404634 0.819172 0.275194 0.503215 0.454427 -0.0372792 -0.995198 -0.0905108 0.397304 -0.1477 0.0950663 -0.984453 -0.4918 0.988329 -0.0233312 -0.150535 0.444373 
1530571985504 0.0376355 -0.939974 0.339164 -0.0982358 0.749696 -0.197848 -0.631516 -0.379717 0.660711 0.278037 0.697249 0.446564 -0.0376736 -0.995176 -0.090581 0.397566 -0.147677 0.0951946 -0.984444 -0.491827 0.988318 -0.0237109 -0.150551 0.444446 
1530571985714 -0.0275058 -0.94651 0.321501 -0.198042 0.888171 -0.170721 -0.426623 -0.354799 0.45869 0.273813 0.845358 0.438703 -0.0380681 -0.995155 -0.0906512 0.397828 -0.147653 0.0953229 -0.984435 -0.491853 0.988306 -0.0240906 -0.150566 0.44452 
1530571985971 -0.0859914 -0.953774 0.287959 -0.297849 0.970285 -0.145785 -0.193116 -0.32988 0.22617 0.262796 0.937969 0.430843 -0.0384625 -0.995133 -0.0907216 0.39809 -0.147629 0.0954515 -0.984426 -0.491879 0.988295 -0.0244703 -0.150582 0.444593 
1530571986179 -0.134034 -0.961301 0.240699 -0.397656 0.990736 -0.124639 0.0539169 -0.304962 -0.0218301 0.245695 0.969101 0.422982 -0.0388569 -0.995112 -0.0907921 0.398353 -0.147605 0.09558 -0.984417 -0.491905 0.988283 -0.02485 -0.150598 0.444666 
1530571986405 -0.168527 -0.968603 0.182776 -0.497457 0.948201 -0.108648 0.298513 -0.280046 -0.269282 0.223616 0.936741 0.41512 -0.0392513 -0.99509 -0.0908625 0.398615 -0.147581 0.0957085 -0.984408 -0.491931 0.988271 -0.0252297 -0.150613 0.444739 
1530571986618 -0.168527 -0.968603 0.182776 -0.497457 0.948201 -0.108648 0.298513 -0.280046 -0.269282 0.223616 0.936741 0.41512 -0.0393069 -0.99509 -0.0908388 0.39856 -0.147648 0.0956952 -0.9844 -0.491938 0.988259 -0.0252815 -0.150684 0.444717 
1530571986632 0.280014 -0.928357 0.244427 0.300992 -0.147653 -0.293231 -0.944571 -0.479382 0.948573 0.228403 -0.219184 0.477954 -0.039678 -0.99506 -0.0910068 0.398831 -0.147609 0.0959164 -0.984384 -0.491975 0.98825 -0.0256249 -0.150685 0.444786 
1530571986847 0.230489 -0.928595 0.290838 0.201198 0.10018 -0.274653 -0.95631 -0.454467 0.967904 0.249556 0.0297223 0.470117 -0.0400481 -0.995029 -0.0911742 0.399103 -0.147569 0.0961368 -0.984368 -0.492012 0.988241 -0.0259676 -0.150686 0.444854 
1530571987046 0.170914 -0.930712 0.323363 0.101379 0.342539 -0.251592 -0.90519 -0.429552 0.923827 0.265474 0.275805 0.462284 -0.0404183 -0.994999 -0.0913416 0.399374 -0.147529 0.0963571 -0.984353 -0.492049 0.988232 -0.0263103 -0.150686 0.444923 
1530571987248 0.105227 -0.934591 0.339805 0.00156968 0.563812 -0.225407 -0.794549 -0.404634 0.819172 0.275194 0.503214 0.454427 -0.0407884 -0.994969 -0.0915095 0.399645 -0.147489 0.0965779 -0.984337 -0.492086 0.988222 -0.026653 -0.150686 0.444992 
1530571987439 0.0376344 -0.939974 0.339166 -0.0982362 0.749695 -0.19785 -0.631516 -0.379717 0.660712 0.278038 0.697248 0.446565 -0.0411586 -0.994938 -0.0916766 0.399916 -0.147449 0.0967981 -0.984322 -0.492124 0.988213 -0.0269957 -0.150686 0.445061 
1530571987629 -0.0275077 -0.946509 0.321502 -0.198042 0.88817 -0.170724 -0.426624 -0.354799 0.458692 0.273813 0.845357 0.438703 -0.0415287 -0.994907 -0.0918437 0.400188 -0.147409 0.0970181 -0.984306 -0.492161 0.988203 -0.0273384 -0.150687 0.445129 
1530571987887 -0.0859923 -0.953774 0.287959 -0.297849 0.970285 -0.145786 -0.193117 -0.32988 0.22617 0.262796 0.937969 0.430843 -0.0418988 -0.994876 -0.0920111 0.400459 -0.147369 0.0972384 -0.98429 -0.492198 0.988194 -0.027681 -0.150688 0.445198 
1530571988102 -0.134035 -0.961301 0.240699 -0.397656 0.990736 -0.124639 0.0539168 -0.304962 -0.0218298 0.245696 0.969101 0.422982 -0.0422689 -0.994845 -0.0921784 0.40073 -0.147328 0.0974587 -0.984274 -0.492235 0.988184 -0.0280237 -0.150688 0.445267 
1530571988305 -0.168529 -0.968603 0.182776 -0.497457 0.948201 -0.10865 0.298512 -0.280045 -0.269281 0.223616 0.936741 0.41512 -0.042639 -0.994814 -0.0923458 0.401002 -0.147288 0.097679 -0.984259 -0.492272 0.988174 -0.0283664 -0.150689 0.445335 
1530571988537 -0.168529 -0.968603 0.182776 -0.497457 0.948201 -0.10865 0.298512 -0.280045 -0.269281 0.223616 0.936741 0.41512 -0.0427533 -0.994795 -0.092491 0.400936 -0.147345 0.0978415 -0.984234 -0.492292 0.988161 -0.0284512 -0.150761 0.445296 
1530571988547 0.280009 -0.928357 0.244434 0.300991 -0.147653 -0.293237 -0.944569 -0.479383 0.948574 0.228396 -0.219184 0.477956 -0.0429955 -0.994809 -0.0922287 0.401202 -0.147147 0.0976128 -0.984286 -0.492325 0.98818 -0.0287487 -0.15058 0.445333 
1530571988839 0.230482 -0.928593 0.290848 0.201197 0.100178 -0.274664 -0.956307 -0.454467 0.967906 0.249548 0.0297197 0.47012 -0.0432387 -0.994823 -0.0919655 0.401467 -0.146949 0.0973832 -0.984339 -0.492358 0.988199 -0.0290474 -0.150399 0.445369 
1530571989102 0.170912 -0.930712 0.323365 0.101379 0.342538 -0.251595 -0.905189 -0.429552 0.923827 0.265473 0.275804 0.462285 -0.0434816 -0.994837 -0.0917028 0.401733 -0.146751 0.097154 -0.984391 -0.492391 0.988217 -0.0293454 -0.150218 0.445406 
1530571989306 0.105227 -0.934591 0.339805 0.00156957 0.563812 -0.225407 -0.794549 -0.404634 0.819173 0.275194 0.503214 0.454427 -0.0437246 -0.99485 -0.0914408 0.401999 -0.146553 0.0969253 -0.984443 -0.492424 0.988236 -0.0296434 -0.150037 0.445443 
1530571989541 0.0376338 -0.939973 0.339166 -0.0982365 0.749695 -0.197852 -0.631516 -0.379717 0.660713 0.278038 0.697247 0.446565 -0.0439676 -0.994864 -0.0911779 0.402264 -0.146356 0.0966958 -0.984495 -0.492457 0.988254 -0.0299414 -0.149856 0.445479 
1530571989795 -0.0275088 -0.946509 0.321504 -0.198043 0.888169 -0.170726 -0.426624 -0.354799 0.458693 0.273814 0.845356 0.438704 -0.0442106 -0.994877 -0.0909149 0.40253 -0.146159 0.096466 -0.984547 -0.492489 0.988273 -0.0302394 -0.149675 0.445516 
1530571989988 -0.0859928 -0.953774 0.28796 -0.297849 0.970285 -0.145787 -0.193117 -0.32988 0.226171 0.262796 0.937969 0.430843 -0.0444537 -0.99489 -0.0906524 0.402796 -0.145961 0.0962365 -0.984598 -0.492522 0.988291 -0.0305373 -0.149493 0.445553 
1530571990223 -0.134035 -0.9613 0.240699 -0.397656 0.990736 -0.124639 0.0539167 -0.304962 -0.0218296 0.245696 0.969101 0.422983 -0.0446968 -0.994903 -0.0903899 0.403062 -0.145764 0.0960069 -0.98465 -0.492555 0.988309 -0.0308352 -0.149312 0.44559 
1530571990419 -0.16853 -0.968602 0.182776 -0.497457 0.948201 -0.108651 0.298512 -0.280045 -0.26928 0.223617 0.936741 0.41512 -0.04494 -0.994916 -0.0901274 0.403327 -0.145567 0.0957773 -0.984702 -0.492588 0.988327 -0.031133 -0.149131 0.445626 
1530571990672 -0.16853 -0.968602 0.182776 -0.497457 0.948201 -0.108651 0.298512 -0.280045 -0.26928 0.223617 0.936741 0.41512 -0.044963 -0.994911 -0.090165 0.403365 -0.145631 0.0958199 -0.984688 -0.492571 0.988317 -0.0311438 -0.149198 0.445558 
1530571990686 0.280008 -0.928358 0.244434 0.300991 -0.147654 -0.293237 -0.944569 -0.479383 0.948575 0.228395 -0.219184 0.477956 -0.0453762 -0.99487 -0.0904109 0.403641 -0.14578 0.0961299 -0.984636 -0.492605 0.988276 -0.0314989 -0.149394 0.445639 
