1535139092974 0.213941 0.919528 -0.329693 -0.472279 -0.944041 0.281356 0.172117 -0.171366 0.251028 0.274421 0.928266 0.474055 0.16008 -0.304787 0.938871 0.370831 -0.775623 0.549475 0.310623 -0.528794 -0.61056 -0.777934 -0.14844 0.432481 
1535139092984 0.343872 0.88618 -0.310544 -0.437146 -0.906114 0.399929 0.137893 -0.159617 0.246394 0.233971 0.940504 0.425063 0.316221 -0.384863 0.867113 0.400797 -0.930002 -0.306262 0.203223 -0.504308 0.187351 -0.87068 -0.45477 0.485869 
1535139094567 0.467715 0.836308 -0.286061 -0.404823 -0.851874 0.512821 0.106422 -0.149 0.2357 0.193913 0.952283 0.37133 0.316221 -0.384863 0.867113 0.400797 -0.930002 -0.306262 0.203223 -0.504308 0.187351 -0.87068 -0.45477 0.485869 
