1534185037809 0.321434 0.909228 -0.264545 -0.500907 -0.935826 0.347677 0.0578808 -0.18689 0.144603 0.228963 0.962635 0.346352 0.16008 -0.304787 0.938871 0.370831 -0.775623 0.549475 0.310623 -0.528794 -0.61056 -0.777934 -0.14844 0.432481 
1534185037819 0.320945 0.909528 -0.264107 -0.510228 -0.935905 0.347316 0.0587643 -0.18684 0.145176 0.228319 0.962702 0.346309 0.316241 -0.38488 0.867098 0.400864 -0.930001 -0.306251 0.203246 -0.504429 0.187325 -0.870677 -0.454788 0.485926 
1534185038391 0.320456 0.909828 -0.263668 -0.519548 -0.935983 0.346955 0.0596484 -0.18679 0.145751 0.227674 0.962768 0.346266 0.316241 -0.38488 0.867098 0.400864 -0.930001 -0.306251 0.203246 -0.504429 0.187325 -0.870677 -0.454788 0.485926 
1534185038398 0.319968 0.910127 -0.263228 -0.528868 -0.936061 0.346592 0.0605323 -0.186739 0.146325 0.227029 0.962833 0.346224 0.316241 -0.38488 0.867098 0.400864 -0.930001 -0.306251 0.203246 -0.504429 0.187325 -0.870677 -0.454788 0.485926 
1534185039213 0.31948 0.910426 -0.262788 -0.538187 -0.936137 0.346229 0.0614159 -0.186689 0.1469 0.226385 0.962897 0.346181 0.316241 -0.38488 0.867098 0.400864 -0.930001 -0.306251 0.203246 -0.504429 0.187325 -0.870677 -0.454788 0.485926 
1534185039795 0.318992 0.910724 -0.262347 -0.547506 -0.936213 0.345866 0.0622993 -0.186638 0.147474 0.22574 0.96296 0.346139 0.316241 -0.38488 0.867098 0.400864 -0.930001 -0.306251 0.203246 -0.504429 0.187325 -0.870677 -0.454788 0.485926 
1534185040383 0.318504 0.911022 -0.261907 -0.556823 -0.936289 0.345502 0.0631824 -0.186586 0.14805 0.225096 0.963023 0.346097 0.316241 -0.38488 0.867098 0.400864 -0.930001 -0.306251 0.203246 -0.504429 0.187325 -0.870677 -0.454788 0.485926 
1534185040980 0.318017 0.911318 -0.261465 -0.566139 -0.936363 0.345137 0.0640652 -0.186535 0.148625 0.224453 0.963084 0.346055 0.316241 -0.38488 0.867098 0.400864 -0.930001 -0.306251 0.203246 -0.504429 0.187325 -0.870677 -0.454788 0.485926 
1534185041586 0.31753 0.911615 -0.261024 -0.575453 -0.936437 0.344772 0.0649477 -0.186482 0.149201 0.223809 0.963145 0.346014 0.316241 -0.38488 0.867098 0.400864 -0.930001 -0.306251 0.203246 -0.504429 0.187325 -0.870677 -0.454788 0.485926 
1534185041592 0.317139 0.911833 -0.260738 -0.58382 -0.936473 0.344516 0.0657727 -0.186066 0.149802 0.223315 0.963167 0.346217 0.316531 -0.385118 0.866887 0.401814 -0.929976 -0.306103 0.20358 -0.50615 0.186955 -0.870623 -0.455042 0.486735 
1534185042429 0.31769 0.911504 -0.261215 -0.583481 -0.936211 0.345198 0.065938 -0.186125 0.150274 0.223604 0.963026 0.3459 0.316531 -0.385118 0.866887 0.401814 -0.929976 -0.306103 0.20358 -0.50615 0.186955 -0.870623 -0.455042 0.486735 
1534185042441 0.317579 0.911574 -0.261106 -0.584545 -0.936247 0.345084 0.0660165 -0.186152 0.150283 0.223495 0.96305 0.345902 0.316221 -0.384863 0.867113 0.400797 -0.930002 -0.306262 0.203223 -0.504308 0.187351 -0.87068 -0.45477 0.485869 
1534185042641 0.317467 0.911644 -0.260998 -0.585609 -0.936284 0.34497 0.0660946 -0.186179 0.150291 0.223385 0.963074 0.345904 0.316221 -0.384863 0.867113 0.400797 -0.930002 -0.306262 0.203223 -0.504308 0.187351 -0.87068 -0.45477 0.485869 
1534185042855 0.317354 0.911714 -0.260889 -0.586673 -0.936321 0.344855 0.0661727 -0.186205 0.150299 0.223275 0.963098 0.345906 0.316221 -0.384863 0.867113 0.400797 -0.930002 -0.306262 0.203223 -0.504308 0.187351 -0.87068 -0.45477 0.485869 
1534185043074 0.317243 0.911784 -0.260781 -0.587737 -0.936357 0.344741 0.0662505 -0.186232 0.150308 0.223167 0.963122 0.345908 0.316221 -0.384863 0.867113 0.400797 -0.930002 -0.306262 0.203223 -0.504308 0.187351 -0.87068 -0.45477 0.485869 
1534185043289 0.31713 0.911854 -0.260672 -0.588801 -0.936394 0.344626 0.0663287 -0.186259 0.150316 0.223057 0.963146 0.34591 0.316221 -0.384863 0.867113 0.400797 -0.930002 -0.306262 0.203223 -0.504308 0.187351 -0.87068 -0.45477 0.485869 
1534185043497 0.317018 0.911924 -0.260563 -0.589865 -0.93643 0.344512 0.0664067 -0.186286 0.150325 0.222947 0.96317 0.345912 0.316221 -0.384863 0.867113 0.400797 -0.930002 -0.306262 0.203223 -0.504308 0.187351 -0.87068 -0.45477 0.485869 
1534185043710 0.316906 0.911994 -0.260455 -0.590929 -0.936467 0.344397 0.0664847 -0.186313 0.150334 0.222838 0.963194 0.345915 0.316221 -0.384863 0.867113 0.400797 -0.930002 -0.306262 0.203223 -0.504308 0.187351 -0.87068 -0.45477 0.485869 
1534185043921 0.316794 0.912065 -0.260346 -0.591995 -0.936504 0.344282 0.0665627 -0.18634 0.150342 0.222728 0.963218 0.345916 0.31622 -0.384863 0.867113 0.400797 -0.930002 -0.306262 0.203222 -0.504307 0.187351 -0.87068 -0.45477 0.485868 
1534185044135 0.316682 0.912134 -0.260237 -0.593059 -0.93654 0.344168 0.0666407 -0.186367 0.150351 0.222619 0.963242 0.345918 0.31622 -0.384863 0.867113 0.400797 -0.930002 -0.306262 0.203222 -0.504307 0.187351 -0.87068 -0.45477 0.485868 
1534185044351 0.316751 0.912086 -0.260325 -0.592739 -0.936513 0.344247 0.0666144 -0.186427 0.150374 0.222697 0.96322 0.345857 0.31622 -0.384863 0.867113 0.400797 -0.930002 -0.306262 0.203222 -0.504307 0.187351 -0.87068 -0.45477 0.485868 
1534185044357 0.316933 0.911899 -0.260756 -0.59282 -0.936545 0.344315 0.0658015 -0.186442 0.149787 0.223355 0.96316 0.345819 0.31622 -0.384863 0.867113 0.400795 -0.930002 -0.306262 0.203222 -0.504305 0.187352 -0.87068 -0.454769 0.485867 
1534185044371 0.317117 0.911711 -0.261189 -0.592899 -0.936577 0.344384 0.0649875 -0.186455 0.149199 0.224015 0.963098 0.345784 0.31622 -0.384863 0.867113 0.400795 -0.930002 -0.306262 0.203222 -0.504304 0.187352 -0.87068 -0.454769 0.485867 
1534185044470 0.317302 0.911523 -0.261622 -0.592977 -0.936608 0.344452 0.0641733 -0.186467 0.148612 0.224675 0.963035 0.34575 0.31622 -0.384863 0.867113 0.400795 -0.930002 -0.306262 0.203222 -0.504304 0.187351 -0.87068 -0.454769 0.485867 
1534185044519 0.317486 0.911334 -0.262055 -0.593055 -0.936638 0.34452 0.063359 -0.186478 0.148025 0.225335 0.962971 0.345715 0.31622 -0.384863 0.867113 0.400795 -0.930002 -0.306262 0.203222 -0.504304 0.187351 -0.87068 -0.454769 0.485867 
1534185044589 0.317671 0.911145 -0.262488 -0.593132 -0.936668 0.344588 0.0625447 -0.18649 0.147437 0.225995 0.962906 0.345681 0.31622 -0.384863 0.867113 0.400795 -0.930002 -0.306262 0.203222 -0.504304 0.187351 -0.87068 -0.454769 0.485867 
1534185044647 0.317856 0.910956 -0.26292 -0.593211 -0.936698 0.344654 0.0617305 -0.186503 0.14685 0.226655 0.962841 0.345646 0.31622 -0.384863 0.867113 0.400795 -0.930002 -0.306262 0.203222 -0.504304 0.187351 -0.87068 -0.454769 0.485867 
1534185044708 0.318041 0.910767 -0.263352 -0.593288 -0.936727 0.34472 0.0609161 -0.186515 0.146263 0.227315 0.962775 0.345611 0.31622 -0.384863 0.867113 0.400795 -0.930002 -0.306262 0.203222 -0.504304 0.187351 -0.87068 -0.454769 0.485867 
1534185044775 0.318226 0.910577 -0.263783 -0.593366 -0.936755 0.344786 0.0601017 -0.186527 0.145676 0.227975 0.962708 0.345576 0.31622 -0.384863 0.867113 0.400795 -0.930002 -0.306262 0.203222 -0.504304 0.187351 -0.87068 -0.454769 0.485867 
1534185044835 0.318412 0.910387 -0.264215 -0.593445 -0.936783 0.344851 0.0592873 -0.18654 0.145089 0.228634 0.96264 0.345541 0.31622 -0.384863 0.867113 0.400795 -0.930002 -0.306262 0.203222 -0.504304 0.187351 -0.87068 -0.454769 0.485867 
1534185044905 0.31816 0.9107 -0.263439 -0.593323 -0.936748 0.344746 0.0604473 -0.186519 0.145869 0.227544 0.96278 0.345645 0.31622 -0.384863 0.867113 0.400795 -0.930002 -0.306262 0.203222 -0.504304 0.187351 -0.87068 -0.454769 0.485867 
1534185044915 0.318338 0.910694 -0.263242 -0.593399 -0.936759 0.344793 0.0600006 -0.186539 0.145406 0.227494 0.962862 0.345597 0.31622 -0.384863 0.867113 0.400795 -0.930002 -0.306262 0.203222 -0.504304 0.187351 -0.87068 -0.454769 0.485867 
1534185044932 0.318515 0.91069 -0.263045 -0.593478 -0.936771 0.344838 0.059553 -0.18656 0.144942 0.227445 0.962944 0.345548 0.31622 -0.384863 0.867113 0.400795 -0.930002 -0.306262 0.203222 -0.504304 0.187351 -0.87068 -0.454769 0.485867 
1534185044949 0.318691 0.910685 -0.262848 -0.593558 -0.936783 0.344884 0.0591056 -0.186582 0.144479 0.227395 0.963025 0.345499 0.31622 -0.384863 0.867113 0.400795 -0.930002 -0.306262 0.203222 -0.504304 0.187351 -0.87068 -0.454769 0.485867 
1534185045046 0.318868 0.91068 -0.26265 -0.593639 -0.936794 0.344929 0.0586581 -0.186603 0.144015 0.227345 0.963106 0.34545 0.31622 -0.384863 0.867113 0.400795 -0.930002 -0.306262 0.203222 -0.504304 0.187351 -0.87068 -0.454769 0.485867 
1534185045063 0.319044 0.910675 -0.262453 -0.59372 -0.936805 0.344974 0.0582107 -0.186625 0.143551 0.227295 0.963187 0.3454 0.31622 -0.384863 0.867113 0.400795 -0.930002 -0.306262 0.203222 -0.504304 0.187351 -0.87068 -0.454769 0.485867 
1534185045087 0.31922 0.91067 -0.262255 -0.593799 -0.936816 0.34502 0.0577632 -0.186646 0.143087 0.227246 0.963268 0.345352 0.31622 -0.384863 0.867113 0.400795 -0.930002 -0.306262 0.203222 -0.504304 0.187351 -0.87068 -0.454769 0.485867 
1534185045130 0.319396 0.910666 -0.262057 -0.59388 -0.936827 0.345065 0.0573158 -0.186668 0.142622 0.227196 0.963349 0.345302 0.31622 -0.384863 0.867113 0.400795 -0.930002 -0.306262 0.203222 -0.504304 0.187351 -0.87068 -0.454769 0.485867 
1534185045136 0.319573 0.910661 -0.26186 -0.59396 -0.936837 0.345111 0.0568683 -0.186689 0.142158 0.227146 0.963429 0.345253 0.31622 -0.384863 0.867113 0.400795 -0.930002 -0.306262 0.203222 -0.504304 0.187351 -0.87068 -0.454769 0.485867 
1534185045208 0.319749 0.910656 -0.261662 -0.594039 -0.936848 0.345157 0.0564207 -0.186711 0.141694 0.227097 0.963509 0.345204 0.31622 -0.384863 0.867113 0.400795 -0.930002 -0.306262 0.203222 -0.504304 0.187351 -0.87068 -0.454769 0.485867 
1534185045244 0.31907 0.910712 -0.262294 -0.593852 -0.936883 0.344852 0.0576837 -0.186592 0.142986 0.227333 0.963262 0.345351 0.31622 -0.384863 0.867113 0.400795 -0.930002 -0.306262 0.203222 -0.504304 0.187351 -0.87068 -0.454769 0.485867 
1534185045255 0.319045 0.910717 -0.262306 -0.593885 -0.93689 0.344831 0.0576916 -0.186633 0.142992 0.227346 0.963259 0.345357 0.31622 -0.384863 0.867113 0.400795 -0.930002 -0.306262 0.203222 -0.504304 0.187351 -0.87068 -0.454769 0.485867 
1534185045272 0.31902 0.910723 -0.262318 -0.593922 -0.936898 0.344808 0.0576995 -0.186676 0.142998 0.227358 0.963255 0.345361 0.31622 -0.384863 0.867113 0.400795 -0.930002 -0.306262 0.203222 -0.504304 0.187351 -0.87068 -0.454769 0.485867 
1534185045288 0.318994 0.910728 -0.26233 -0.593959 -0.936906 0.344786 0.0577073 -0.186719 0.143003 0.22737 0.963251 0.345366 0.31622 -0.384863 0.867113 0.400795 -0.930002 -0.306262 0.203222 -0.504304 0.187351 -0.87068 -0.45477 0.485867 
1534185045305 0.318969 0.910733 -0.262342 -0.593994 -0.936914 0.344763 0.057715 -0.186761 0.143009 0.227383 0.963247 0.345371 0.31622 -0.384863 0.867113 0.400795 -0.930002 -0.306262 0.203222 -0.504304 0.187351 -0.87068 -0.45477 0.485867 
1534185045321 0.318943 0.910739 -0.262354 -0.594032 -0.936922 0.344741 0.0577229 -0.186804 0.143015 0.227395 0.963244 0.345376 0.31622 -0.384863 0.867113 0.400795 -0.930002 -0.306262 0.203222 -0.504304 0.187351 -0.87068 -0.45477 0.485867 
1534185045328 0.318918 0.910744 -0.262367 -0.594068 -0.936929 0.344718 0.0577307 -0.186846 0.14302 0.227408 0.96324 0.345381 0.31622 -0.384863 0.867113 0.400795 -0.930002 -0.306262 0.203222 -0.504304 0.187351 -0.87068 -0.45477 0.485867 
1534185045342 0.318892 0.91075 -0.262378 -0.594106 -0.936937 0.344696 0.0577386 -0.186889 0.143026 0.22742 0.963236 0.345385 0.31622 -0.384863 0.867113 0.400795 -0.930002 -0.306262 0.203222 -0.504304 0.187351 -0.87068 -0.45477 0.485867 
1534185045383 0.318867 0.910755 -0.262391 -0.594142 -0.936945 0.344673 0.0577464 -0.186932 0.143032 0.227432 0.963232 0.34539 0.31622 -0.384863 0.867113 0.400795 -0.930002 -0.306262 0.203222 -0.504304 0.187351 -0.87068 -0.45477 0.485867 
1534185045400 0.318841 0.910761 -0.262402 -0.59418 -0.936953 0.34465 0.0577543 -0.186975 0.143037 0.227444 0.963229 0.345394 0.31622 -0.384863 0.867113 0.400795 -0.930002 -0.306262 0.203222 -0.504304 0.187351 -0.87068 -0.45477 0.485867 
1534185045427 0.319099 0.910706 -0.262281 -0.594043 -0.936927 0.344794 0.0573178 -0.186722 0.142632 0.227448 0.963288 0.345339 0.31622 -0.384863 0.867113 0.400795 -0.930002 -0.306262 0.203222 -0.504304 0.187351 -0.87068 -0.45477 0.485867 
1534185045440 0.319077 0.910726 -0.262236 -0.594056 -0.936918 0.344796 0.0574504 -0.186752 0.142739 0.227363 0.963292 0.345302 0.31622 -0.384863 0.867113 0.400795 -0.930002 -0.306262 0.203222 -0.504304 0.187351 -0.87068 -0.45477 0.485867 
1534185045456 0.319054 0.910747 -0.262191 -0.594073 -0.936909 0.344797 0.0575827 -0.186783 0.142846 0.227277 0.963296 0.345263 0.31622 -0.384863 0.867113 0.400795 -0.930002 -0.306262 0.203222 -0.504304 0.187351 -0.87068 -0.45477 0.485867 
1534185045474 0.319032 0.910768 -0.262146 -0.594089 -0.936901 0.344798 0.0577149 -0.186815 0.142952 0.227192 0.963301 0.345224 0.31622 -0.384863 0.867113 0.400795 -0.930002 -0.306262 0.203222 -0.504304 0.187351 -0.87068 -0.45477 0.485867 
1534185045490 0.31901 0.910788 -0.262101 -0.594104 -0.936892 0.3448 0.0578471 -0.186846 0.143059 0.227107 0.963305 0.345186 0.31622 -0.384863 0.867113 0.400795 -0.930002 -0.306262 0.203222 -0.504304 0.187351 -0.87068 -0.45477 0.485867 
1534185045506 0.318987 0.910809 -0.262056 -0.594122 -0.936884 0.344801 0.0579793 -0.186877 0.143165 0.227022 0.963309 0.345147 0.31622 -0.384863 0.867113 0.400795 -0.930002 -0.306262 0.203222 -0.504304 0.187351 -0.87068 -0.45477 0.485867 
1534185045523 0.318965 0.91083 -0.262012 -0.594138 -0.936875 0.344802 0.0581115 -0.186908 0.143272 0.226937 0.963314 0.345108 0.31622 -0.384863 0.867113 0.400795 -0.930002 -0.306262 0.203222 -0.504304 0.187351 -0.87068 -0.45477 0.485867 
1534185045539 0.318942 0.910851 -0.261967 -0.594155 -0.936866 0.344803 0.0582438 -0.18694 0.143378 0.226851 0.963318 0.345069 0.31622 -0.384863 0.867113 0.400795 -0.930002 -0.306262 0.203222 -0.504304 0.187351 -0.87068 -0.45477 0.485867 
1534185045556 0.31892 0.910872 -0.261922 -0.594171 -0.936858 0.344804 0.058376 -0.186971 0.143485 0.226766 0.963322 0.345031 0.31622 -0.384863 0.867113 0.400795 -0.930002 -0.306262 0.203222 -0.504304 0.187351 -0.87068 -0.45477 0.485867 
1534185045573 0.318897 0.910892 -0.261877 -0.594189 -0.936849 0.344805 0.0585082 -0.187003 0.143591 0.226681 0.963326 0.344992 0.31622 -0.384863 0.867113 0.400795 -0.930002 -0.306262 0.203222 -0.504304 0.187351 -0.87068 -0.45477 0.485867 
1534185045598 0.319083 0.910737 -0.262192 -0.594118 -0.936885 0.344847 0.0576724 -0.186982 0.142941 0.227242 0.963291 0.345301 0.31622 -0.384863 0.867113 0.400795 -0.930002 -0.306262 0.203222 -0.504304 0.187351 -0.87068 -0.45477 0.485867 
1534185045610 0.318935 0.910658 -0.262646 -0.594108 -0.936936 0.344733 0.0575372 -0.187001 0.142939 0.227732 0.963175 0.345357 0.31622 -0.384863 0.867113 0.400795 -0.930002 -0.306262 0.203222 -0.504304 0.187351 -0.87068 -0.45477 0.485867 
1534185045627 0.318789 0.910577 -0.263101 -0.594093 -0.936986 0.34462 0.0574011 -0.187018 0.142938 0.228223 0.963059 0.345415 0.31622 -0.384863 0.867113 0.400795 -0.930002 -0.306262 0.203222 -0.504304 0.187351 -0.87068 -0.45477 0.485867 
1534185045768 0.318644 0.910497 -0.263555 -0.594078 -0.937035 0.344507 0.0572652 -0.187035 0.142936 0.228713 0.962943 0.345473 0.31622 -0.384863 0.867113 0.400795 -0.930002 -0.306262 0.203222 -0.504304 0.187351 -0.87068 -0.45477 0.485867 
1534185045785 0.318498 0.910416 -0.26401 -0.594063 -0.937085 0.344394 0.0571293 -0.187052 0.142935 0.229204 0.962827 0.345531 0.31622 -0.384863 0.867113 0.400795 -0.930002 -0.306262 0.203222 -0.504304 0.187351 -0.87068 -0.45477 0.485867 
1534185045830 0.318352 0.910336 -0.264464 -0.594049 -0.937135 0.344281 0.0569936 -0.187069 0.142933 0.229695 0.96271 0.345588 0.31622 -0.384863 0.867113 0.400795 -0.930002 -0.306262 0.203222 -0.504304 0.187351 -0.87068 -0.45477 0.485867 
1534185045885 0.318206 0.910254 -0.264919 -0.594033 -0.937185 0.344168 0.0568578 -0.187086 0.142931 0.230185 0.962593 0.345646 0.31622 -0.384863 0.867113 0.400795 -0.930002 -0.306262 0.203222 -0.504304 0.187351 -0.87068 -0.45477 0.485867 
1534185045929 0.31806 0.910173 -0.265373 -0.594019 -0.937235 0.344055 0.0567221 -0.187103 0.14293 0.230676 0.962476 0.345704 0.31622 -0.384863 0.867113 0.400795 -0.930002 -0.306262 0.203222 -0.504304 0.187351 -0.87068 -0.45477 0.485867 
1534185045934 0.317914 0.910092 -0.265827 -0.594003 -0.937285 0.343941 0.0565864 -0.187119 0.142928 0.231166 0.962358 0.345762 0.31622 -0.384863 0.867113 0.400795 -0.930002 -0.306262 0.203222 -0.504304 0.187351 -0.87068 -0.45477 0.485867 
1534185046012 0.317768 0.91001 -0.266281 -0.593989 -0.937334 0.343828 0.0564508 -0.187137 0.142926 0.231657 0.962241 0.345819 0.31622 -0.384863 0.867113 0.400795 -0.930002 -0.306262 0.203222 -0.504304 0.187351 -0.87068 -0.45477 0.485867 
1534185046064 0.31799 0.910204 -0.265351 -0.593998 -0.937294 0.343929 0.0565112 -0.187078 0.142699 0.230742 0.962494 0.345703 0.31622 -0.384863 0.867113 0.400795 -0.930002 -0.306262 0.203222 -0.504304 0.187351 -0.87068 -0.45477 0.485867 
1534185046075 0.318115 0.91015 -0.265386 -0.593999 -0.937271 0.344021 0.0563345 -0.187078 0.142571 0.230818 0.962495 0.345745 0.31622 -0.384863 0.867113 0.400795 -0.930002 -0.306262 0.203222 -0.504304 0.187351 -0.87068 -0.45477 0.485867 
1534185046091 0.318241 0.910095 -0.265423 -0.593996 -0.937247 0.344114 0.0561574 -0.187075 0.142444 0.230895 0.962495 0.34579 0.31622 -0.384863 0.867113 0.400795 -0.930002 -0.306262 0.203222 -0.504304 0.187351 -0.87068 -0.45477 0.485867 
1534185046108 0.318367 0.910041 -0.265458 -0.593994 -0.937224 0.344206 0.0559805 -0.187072 0.142317 0.230972 0.962496 0.345834 0.31622 -0.384863 0.867113 0.400795 -0.930002 -0.306262 0.203222 -0.504304 0.187351 -0.87068 -0.45477 0.485867 
1534185046124 0.318493 0.909986 -0.265494 -0.59399 -0.9372 0.344299 0.0558035 -0.187069 0.14219 0.231048 0.962496 0.345879 0.31622 -0.384863 0.867113 0.400795 -0.930002 -0.306262 0.203222 -0.504304 0.187351 -0.87068 -0.45477 0.485867 
1534185046141 0.318619 0.909932 -0.26553 -0.593988 -0.937177 0.344392 0.0556267 -0.187067 0.142063 0.231125 0.962496 0.345923 0.31622 -0.384863 0.867113 0.400795 -0.930002 -0.306262 0.203222 -0.504304 0.187351 -0.87068 -0.45477 0.485867 
1534185046158 0.318745 0.909877 -0.265566 -0.593985 -0.937153 0.344485 0.0554497 -0.187064 0.141936 0.231202 0.962497 0.345967 0.31622 -0.384863 0.867113 0.400795 -0.930002 -0.306262 0.203222 -0.504304 0.187351 -0.87068 -0.45477 0.485867 
1534185046195 0.318871 0.909822 -0.265602 -0.593982 -0.937129 0.344577 0.0552728 -0.187062 0.141809 0.231278 0.962497 0.346011 0.31622 -0.384863 0.867113 0.400795 -0.930002 -0.306262 0.203222 -0.504304 0.187351 -0.87068 -0.45477 0.485867 
1534185046218 0.318997 0.909768 -0.265638 -0.593978 -0.937106 0.34467 0.0550957 -0.187059 0.141682 0.231355 0.962497 0.346056 0.31622 -0.384863 0.867113 0.400795 -0.930002 -0.306262 0.203222 -0.504304 0.187351 -0.87068 -0.45477 0.485867 
1534185046235 0.319123 0.909713 -0.265673 -0.593976 -0.937082 0.344763 0.0549188 -0.187056 0.141555 0.231432 0.962498 0.3461 0.31622 -0.384863 0.867113 0.400795 -0.930002 -0.306262 0.203222 -0.504304 0.187351 -0.87068 -0.45477 0.485867 
1534185046258 0.318424 0.909936 -0.265749 -0.593988 -0.937171 0.344332 0.0560787 -0.187091 0.142534 0.231195 0.96241 0.345925 0.31622 -0.384863 0.867113 0.400795 -0.930002 -0.306262 0.203222 -0.504304 0.187351 -0.87068 -0.45477 0.485867 
1534185046271 0.31854 0.909951 -0.26556 -0.593995 -0.93717 0.344372 0.0558629 -0.187066 0.142284 0.231081 0.962474 0.345918 0.31622 -0.384863 0.867113 0.400795 -0.930002 -0.306262 0.203222 -0.504304 0.187351 -0.87068 -0.45477 0.485867 
1534185046278 0.318657 0.909964 -0.265372 -0.594005 -0.937168 0.344412 0.0556458 -0.187039 0.142033 0.230966 0.962539 0.34591 0.31622 -0.384863 0.867113 0.400795 -0.930002 -0.306262 0.203222 -0.504304 0.187351 -0.87068 -0.45477 0.485867 
1534185046291 0.318775 0.909979 -0.265183 -0.594016 -0.937166 0.344452 0.0554288 -0.187013 0.141782 0.230851 0.962604 0.345902 0.31622 -0.384863 0.867113 0.400795 -0.930002 -0.306262 0.203222 -0.504304 0.187351 -0.87068 -0.45477 0.485867 
1534185046308 0.318892 0.909993 -0.264994 -0.594027 -0.937164 0.344492 0.0552118 -0.186987 0.14153 0.230736 0.962668 0.345894 0.31622 -0.384863 0.867113 0.400795 -0.930002 -0.306262 0.203222 -0.504304 0.187351 -0.87068 -0.45477 0.485867 
1534185046325 0.319009 0.910007 -0.264805 -0.594037 -0.937163 0.344532 0.0549949 -0.186961 0.141279 0.230621 0.962733 0.345886 0.31622 -0.384863 0.867113 0.400795 -0.930002 -0.306262 0.203222 -0.504304 0.187351 -0.87068 -0.45477 0.485867 
1534185046341 0.319126 0.910021 -0.264615 -0.594048 -0.937161 0.344571 0.054778 -0.186936 0.141028 0.230506 0.962797 0.345877 0.31622 -0.384863 0.867113 0.400795 -0.930002 -0.306262 0.203222 -0.504304 0.187351 -0.87068 -0.45477 0.485867 
1534185046358 0.319243 0.910034 -0.264427 -0.594058 -0.937159 0.344611 0.054561 -0.18691 0.140777 0.230391 0.962861 0.345869 0.31622 -0.384863 0.867113 0.400795 -0.930002 -0.306262 0.203222 -0.504304 0.187351 -0.87068 -0.45477 0.485867 
1534185046428 0.319359 0.910048 -0.264238 -0.594068 -0.937156 0.344651 0.0543441 -0.186884 0.140526 0.230277 0.962925 0.345862 0.31622 -0.384863 0.867113 0.400795 -0.930002 -0.306262 0.203222 -0.504304 0.187351 -0.87068 -0.45477 0.485867 
1534185046444 0.319476 0.910062 -0.264048 -0.59408 -0.937154 0.344691 0.0541272 -0.186858 0.140274 0.230162 0.96299 0.345853 0.31622 -0.384863 0.867113 0.400795 -0.930002 -0.306262 0.203222 -0.504304 0.187351 -0.87068 -0.45477 0.485867 
1534185046469 0.319179 0.909984 -0.264677 -0.594015 -0.937116 0.34467 0.0549201 -0.18698 0.141202 0.230504 0.962772 0.345936 0.31622 -0.384863 0.867113 0.400795 -0.930002 -0.306262 0.203222 -0.504304 0.187351 -0.87068 -0.45477 0.485867 
1534185046481 0.319122 0.909964 -0.264814 -0.594018 -0.937113 0.34466 0.0550386 -0.186986 0.141354 0.230597 0.962727 0.345963 0.31622 -0.384863 0.867113 0.400795 -0.930002 -0.306262 0.203222 -0.504304 0.187351 -0.87068 -0.45477 0.485867 
1534185046498 0.319066 0.909944 -0.264953 -0.594018 -0.937109 0.344652 0.0551582 -0.186991 0.141507 0.23069 0.962683 0.345992 0.31622 -0.384863 0.867113 0.400795 -0.930002 -0.306262 0.203222 -0.504304 0.187351 -0.87068 -0.45477 0.485867 
1534185046514 0.319009 0.909923 -0.265091 -0.594017 -0.937105 0.344643 0.0552777 -0.186996 0.14166 0.230784 0.962638 0.346021 0.31622 -0.384863 0.867113 0.400795 -0.930002 -0.306262 0.203222 -0.504304 0.187351 -0.87068 -0.45477 0.485867 
1534185046531 0.318953 0.909902 -0.26523 -0.594016 -0.937101 0.344634 0.0553971 -0.187 0.141813 0.230878 0.962592 0.34605 0.31622 -0.384863 0.867113 0.400795 -0.930002 -0.306262 0.203222 -0.504304 0.187351 -0.87068 -0.45477 0.485867 
1534185046634 0.318896 0.909882 -0.265369 -0.594014 -0.937097 0.344626 0.0555166 -0.187004 0.141966 0.230972 0.962547 0.346079 0.31622 -0.384863 0.867113 0.400795 -0.930002 -0.306262 0.203222 -0.504304 0.187351 -0.87068 -0.45477 0.485867 
1534185046651 0.318839 0.909861 -0.265507 -0.594014 -0.937093 0.344617 0.0556362 -0.187009 0.142119 0.231066 0.962502 0.346108 0.31622 -0.384863 0.867113 0.400795 -0.930002 -0.306262 0.203222 -0.504304 0.187351 -0.87068 -0.45477 0.485867 
1534185046668 0.318783 0.909841 -0.265646 -0.594012 -0.937089 0.344609 0.0557556 -0.187014 0.142273 0.23116 0.962457 0.346137 0.31622 -0.384863 0.867113 0.400795 -0.930002 -0.306262 0.203222 -0.504304 0.187351 -0.87068 -0.45477 0.485867 
1534185046685 0.318726 0.90982 -0.265784 -0.594011 -0.937085 0.3446 0.0558751 -0.187018 0.142426 0.231253 0.962412 0.346165 0.31622 -0.384863 0.867113 0.400795 -0.930002 -0.306262 0.203222 -0.504304 0.187351 -0.87068 -0.45477 0.485867 
1534185046701 0.318669 0.909799 -0.265922 -0.594011 -0.937081 0.344592 0.0559947 -0.187023 0.142579 0.231347 0.962367 0.346194 0.31622 -0.384863 0.867113 0.400795 -0.930002 -0.306262 0.203222 -0.504304 0.187351 -0.87068 -0.45477 0.485867 
1534185046725 0.319324 0.909771 -0.265233 -0.594022 -0.936975 0.344993 0.0552956 -0.187121 0.14181 0.230859 0.962597 0.346104 0.31622 -0.384863 0.867113 0.400795 -0.930002 -0.306262 0.203222 -0.504304 0.187351 -0.87068 -0.45477 0.485867 
1534185046738 0.319436 0.909761 -0.265133 -0.594033 -0.936938 0.345094 0.0552968 -0.187113 0.141803 0.23075 0.962625 0.34609 0.31622 -0.384863 0.867113 0.400795 -0.930002 -0.306262 0.203222 -0.504304 0.187351 -0.87068 -0.45477 0.485867 
1534185046755 0.319547 0.909751 -0.265034 -0.594046 -0.936901 0.345193 0.0552979 -0.187106 0.141795 0.23064 0.962652 0.346075 0.31622 -0.384863 0.867113 0.400795 -0.930002 -0.306262 0.203222 -0.504304 0.187351 -0.87068 -0.45477 0.485867 
1534185046771 0.319658 0.909741 -0.264934 -0.594061 -0.936864 0.345293 0.055299 -0.187098 0.141788 0.230531 0.96268 0.34606 0.31622 -0.384863 0.867113 0.400795 -0.930002 -0.306262 0.203222 -0.504304 0.187351 -0.87068 -0.45477 0.485867 
1534185046788 0.319769 0.909731 -0.264834 -0.594076 -0.936828 0.345393 0.0553002 -0.187092 0.14178 0.230421 0.962707 0.346044 0.31622 -0.384863 0.867113 0.400795 -0.930002 -0.306262 0.203222 -0.504304 0.187351 -0.87068 -0.45477 0.485867 
1534185046867 0.31988 0.909721 -0.264735 -0.594091 -0.936791 0.345492 0.0553015 -0.187085 0.141773 0.230311 0.962734 0.346029 0.31622 -0.384863 0.867113 0.400795 -0.930002 -0.306262 0.203222 -0.504304 0.187351 -0.87068 -0.45477 0.485867 
1534185046884 0.319992 0.909711 -0.264635 -0.594105 -0.936754 0.345592 0.0553026 -0.187077 0.141765 0.230202 0.962762 0.346014 0.31622 -0.384863 0.867113 0.400795 -0.930002 -0.306262 0.203222 -0.504304 0.187351 -0.87068 -0.45477 0.485867 
1534185046901 0.320102 0.909701 -0.264536 -0.59412 -0.936717 0.345691 0.0553039 -0.187071 0.141758 0.230092 0.962789 0.345999 0.31622 -0.384863 0.867113 0.400795 -0.930002 -0.306262 0.203222 -0.504304 0.187351 -0.87068 -0.45477 0.485867 
1534185046917 0.320214 0.909691 -0.264436 -0.594134 -0.93668 0.345791 0.0553051 -0.187064 0.14175 0.229983 0.962816 0.345983 0.31622 -0.384863 0.867113 0.400795 -0.930002 -0.306262 0.203222 -0.504304 0.187351 -0.87068 -0.45477 0.485867 
1534185046934 0.320325 0.90968 -0.264337 -0.594148 -0.936644 0.34589 0.0553063 -0.187056 0.141742 0.229873 0.962843 0.345968 0.31622 -0.384863 0.867113 0.400795 -0.930002 -0.306262 0.203222 -0.504304 0.187351 -0.87068 -0.45477 0.485867 
1534185046958 0.319876 0.909692 -0.264839 -0.594065 -0.936777 0.345519 0.0553671 -0.187108 0.141874 0.230385 0.962702 0.346012 0.31622 -0.384863 0.867113 0.400795 -0.930002 -0.306262 0.203222 -0.504304 0.187351 -0.87068 -0.45477 0.485867 
1534185046971 0.320055 0.909741 -0.264452 -0.59408 -0.93681 0.345516 0.054829 -0.18706 0.141253 0.230193 0.962839 0.345975 0.31622 -0.384863 0.867113 0.400795 -0.930002 -0.306262 0.203222 -0.504304 0.187351 -0.87068 -0.45477 0.485867 
1534185046987 0.320235 0.909791 -0.264064 -0.594097 -0.936842 0.345514 0.0542906 -0.187012 0.140631 0.23 0.962976 0.345937 0.31622 -0.384863 0.867113 0.400795 -0.930002 -0.306262 0.203222 -0.504304 0.187351 -0.87068 -0.45477 0.485867 
1534185047004 0.320414 0.909841 -0.263675 -0.594115 -0.936874 0.345512 0.0537523 -0.186965 0.140009 0.229807 0.963113 0.345899 0.31622 -0.384863 0.867113 0.400795 -0.930002 -0.306262 0.203222 -0.504304 0.187351 -0.87068 -0.45477 0.485867 
1534185047021 0.320593 0.90989 -0.263286 -0.594134 -0.936905 0.34551 0.053214 -0.186918 0.139387 0.229614 0.963249 0.345861 0.31622 -0.384863 0.867113 0.400795 -0.930002 -0.306262 0.203222 -0.504304 0.187351 -0.87068 -0.45477 0.485867 
1534185047107 0.320772 0.90994 -0.262897 -0.594153 -0.936936 0.345507 0.0526757 -0.186871 0.138765 0.229421 0.963385 0.345822 0.31622 -0.384863 0.867113 0.400795 -0.930002 -0.306262 0.203222 -0.504304 0.187351 -0.87068 -0.45477 0.485867 
1534185047131 0.32095 0.909989 -0.262508 -0.59417 -0.936967 0.345506 0.0521373 -0.186823 0.138142 0.229228 0.96352 0.345785 0.31622 -0.384863 0.867113 0.400795 -0.930002 -0.306262 0.203222 -0.504304 0.187351 -0.87068 -0.45477 0.485867 
1534185047163 0.321128 0.910039 -0.262118 -0.59419 -0.936998 0.345504 0.0515989 -0.186776 0.13752 0.229034 0.963655 0.345746 0.31622 -0.384863 0.867113 0.400795 -0.930002 -0.306262 0.203222 -0.504304 0.187351 -0.87068 -0.45477 0.485867 
1534185047226 0.321306 0.910088 -0.261729 -0.594207 -0.937028 0.345502 0.0510605 -0.186729 0.136897 0.228841 0.96379 0.345708 0.31622 -0.384863 0.867113 0.400795 -0.930002 -0.306262 0.203222 -0.504304 0.187351 -0.87068 -0.45477 0.485867 
1534185047258 0.321484 0.910137 -0.261339 -0.594225 -0.937058 0.3455 0.050522 -0.186682 0.136275 0.228648 0.963924 0.34567 0.31622 -0.384863 0.867113 0.400795 -0.930002 -0.306262 0.203222 -0.504304 0.187351 -0.87068 -0.45477 0.485867 
1534185047316 0.321187 0.909986 -0.262231 -0.594177 -0.93696 0.345597 0.0516669 -0.186855 0.137642 0.229105 0.963621 0.345727 0.31622 -0.384863 0.867113 0.400795 -0.930002 -0.306262 0.203222 -0.504304 0.187351 -0.87068 -0.45477 0.485867 
1534185047327 0.321145 0.910096 -0.261898 -0.594197 -0.937001 0.345493 0.0516178 -0.186846 0.137461 0.228822 0.963714 0.345715 0.31622 -0.384863 0.867113 0.400795 -0.930002 -0.306262 0.203222 -0.504304 0.187351 -0.87068 -0.45477 0.485867 
1534185047334 0.321104 0.910207 -0.261564 -0.594222 -0.937042 0.34539 0.051568 -0.186838 0.137279 0.228537 0.963808 0.345702 0.31622 -0.384863 0.867113 0.400795 -0.930002 -0.306262 0.203222 -0.504304 0.187351 -0.87068 -0.45477 0.485867 
1534185047348 0.321062 0.910318 -0.26123 -0.594246 -0.937082 0.345286 0.0515182 -0.18683 0.137097 0.228253 0.963901 0.345689 0.31622 -0.384863 0.867113 0.400795 -0.930002 -0.306262 0.203222 -0.504304 0.187351 -0.87068 -0.45477 0.485867 
1534185047364 0.32102 0.910428 -0.260896 -0.594271 -0.937123 0.345182 0.0514684 -0.186823 0.136915 0.227969 0.963994 0.345676 0.31622 -0.384863 0.867113 0.400795 -0.930002 -0.306262 0.203222 -0.504304 0.187351 -0.87068 -0.45477 0.485867 
1534185047443 0.320979 0.910538 -0.260562 -0.594295 -0.937164 0.345079 0.0514184 -0.186815 0.136733 0.227685 0.964087 0.345664 0.31622 -0.384863 0.867113 0.400795 -0.930002 -0.306262 0.203222 -0.504304 0.187351 -0.87068 -0.45477 0.485867 
1534185047460 0.320937 0.910649 -0.260228 -0.59432 -0.937205 0.344975 0.0513685 -0.186807 0.136551 0.227401 0.96418 0.345651 0.31622 -0.384863 0.867113 0.400795 -0.930002 -0.306262 0.203222 -0.504304 0.187351 -0.87068 -0.45477 0.485867 
1534185047477 0.320895 0.910759 -0.259894 -0.594344 -0.937246 0.344872 0.0513185 -0.186799 0.136369 0.227116 0.964273 0.345638 0.31622 -0.384863 0.867113 0.400795 -0.930002 -0.306262 0.203222 -0.504304 0.187351 -0.87068 -0.45477 0.485867 
1534185047514 0.320853 0.910869 -0.259559 -0.594369 -0.937287 0.344768 0.0512685 -0.186792 0.136187 0.226832 0.964365 0.345625 0.31622 -0.384863 0.867113 0.400795 -0.930002 -0.306262 0.203222 -0.504304 0.187351 -0.87068 -0.45477 0.485867 
1534185047556 0.320811 0.910979 -0.259225 -0.594393 -0.937328 0.344664 0.0512185 -0.186784 0.136005 0.226548 0.964458 0.345612 0.31622 -0.384863 0.867113 0.400795 -0.930002 -0.306262 0.203222 -0.504304 0.187351 -0.87068 -0.45477 0.485867 
1534185047587 0.321127 0.910578 -0.26024 -0.594277 -0.937127 0.345182 0.0514096 -0.186895 0.136643 0.227369 0.964174 0.345689 0.31622 -0.384863 0.867113 0.400795 -0.930002 -0.306262 0.203222 -0.504304 0.187351 -0.87068 -0.45477 0.485867 
1534185047600 0.321092 0.910616 -0.260149 -0.594276 -0.937148 0.345128 0.0513869 -0.186879 0.136579 0.227299 0.9642 0.345673 0.31622 -0.384863 0.867113 0.400795 -0.930002 -0.306262 0.203222 -0.504304 0.187351 -0.87068 -0.45477 0.485867 
1534185047617 0.321057 0.910655 -0.260057 -0.594277 -0.937169 0.345074 0.051365 -0.186863 0.136515 0.227227 0.964226 0.345655 0.31622 -0.384863 0.867113 0.400795 -0.930002 -0.306262 0.203222 -0.504304 0.187351 -0.87068 -0.45477 0.485867 
1534185047633 0.321022 0.910694 -0.259965 -0.594279 -0.93719 0.345019 0.0513432 -0.186848 0.136451 0.227155 0.964252 0.345637 0.31622 -0.384863 0.867113 0.400795 -0.930002 -0.306262 0.203222 -0.504304 0.187351 -0.87068 -0.45477 0.485867 
1534185047650 0.320987 0.910732 -0.259873 -0.594282 -0.937212 0.344964 0.0513215 -0.186834 0.136387 0.227083 0.964278 0.345619 0.31622 -0.384863 0.867113 0.400795 -0.930002 -0.306262 0.203222 -0.504304 0.187351 -0.87068 -0.45477 0.485867 
1534185047667 0.320952 0.910771 -0.259781 -0.594285 -0.937233 0.344909 0.0512997 -0.186819 0.136323 0.22701 0.964304 0.345601 0.31622 -0.384863 0.867113 0.400795 -0.930002 -0.306262 0.203222 -0.504304 0.187351 -0.87068 -0.45477 0.485867 
1534185047683 0.320916 0.91081 -0.259689 -0.594287 -0.937255 0.344854 0.0512778 -0.186804 0.136259 0.226939 0.96433 0.345583 0.31622 -0.384863 0.867113 0.400795 -0.930002 -0.306262 0.203222 -0.504304 0.187351 -0.87068 -0.45477 0.485867 
1534185047700 0.320881 0.910848 -0.259597 -0.59429 -0.937276 0.344799 0.0512561 -0.186789 0.136195 0.226866 0.964356 0.345565 0.31622 -0.384863 0.867113 0.400795 -0.930002 -0.306262 0.203222 -0.504304 0.187351 -0.87068 -0.45477 0.485867 
1534185047718 0.320846 0.910887 -0.259504 -0.594292 -0.937297 0.344745 0.0512342 -0.186774 0.136131 0.226795 0.964382 0.345547 0.31622 -0.384863 0.867113 0.400795 -0.930002 -0.306262 0.203222 -0.504304 0.187351 -0.87068 -0.45477 0.485867 
1534185047733 0.320811 0.910926 -0.259412 -0.594294 -0.937319 0.34469 0.0512123 -0.186759 0.136068 0.226723 0.964408 0.345529 0.31622 -0.384863 0.867113 0.400795 -0.930002 -0.306262 0.203222 -0.504304 0.187351 -0.87068 -0.45477 0.485867 
1534185047761 0.320752 0.910897 -0.259587 -0.594309 -0.937322 0.344671 0.05128 -0.186753 0.136183 0.226868 0.964357 0.345591 0.31622 -0.384863 0.867113 0.400795 -0.930002 -0.306262 0.203222 -0.504304 0.187351 -0.87068 -0.45477 0.485867 
1534185047773 0.320713 0.910826 -0.259882 -0.5943 -0.93729 0.344724 0.051496 -0.186752 0.136492 0.22707 0.964266 0.345603 0.31622 -0.384863 0.867113 0.400795 -0.930002 -0.306262 0.203222 -0.504304 0.187351 -0.87068 -0.45477 0.485867 
1534185047790 0.320674 0.910755 -0.260179 -0.594287 -0.937259 0.344778 0.0517111 -0.186749 0.1368 0.227273 0.964175 0.345617 0.31622 -0.384863 0.867113 0.400795 -0.930002 -0.306262 0.203222 -0.504304 0.187351 -0.87068 -0.45477 0.485867 
1534185047807 0.320635 0.910684 -0.260476 -0.594274 -0.937227 0.344832 0.0519263 -0.186747 0.137109 0.227475 0.964083 0.34563 0.31622 -0.384863 0.867113 0.400795 -0.930002 -0.306262 0.203222 -0.504304 0.187351 -0.87068 -0.45477 0.485867 
1534185047823 0.320596 0.910613 -0.260772 -0.59426 -0.937195 0.344886 0.0521414 -0.186744 0.137417 0.227678 0.963991 0.345644 0.31622 -0.384863 0.867113 0.400795 -0.930002 -0.306262 0.203222 -0.504304 0.187351 -0.87068 -0.45477 0.485867 
1534185047921 0.320556 0.910542 -0.261069 -0.594248 -0.937163 0.34494 0.0523565 -0.186742 0.137726 0.227881 0.963899 0.345657 0.31622 -0.384863 0.867113 0.400795 -0.930002 -0.306262 0.203222 -0.504304 0.187351 -0.87068 -0.45477 0.485867 
1534185047937 0.320517 0.910471 -0.261365 -0.594234 -0.937131 0.344994 0.0525715 -0.186739 0.138034 0.228084 0.963807 0.34567 0.31622 -0.384863 0.867113 0.400795 -0.930002 -0.306262 0.203222 -0.504304 0.187351 -0.87068 -0.45477 0.485867 
1534185047954 0.320478 0.910399 -0.261662 -0.594221 -0.937099 0.345048 0.0527866 -0.186737 0.138343 0.228286 0.963715 0.345684 0.31622 -0.384863 0.867113 0.400795 -0.930002 -0.306262 0.203222 -0.504304 0.187351 -0.87068 -0.45477 0.485867 
1534185047971 0.320438 0.910328 -0.261959 -0.594207 -0.937067 0.345102 0.0530015 -0.186734 0.138651 0.228489 0.963623 0.345697 0.31622 -0.384863 0.867113 0.400795 -0.930002 -0.306262 0.203222 -0.504304 0.187351 -0.87068 -0.45477 0.485867 
1534185048030 0.320398 0.910257 -0.262255 -0.594194 -0.937035 0.345157 0.0532166 -0.186731 0.13896 0.228692 0.96353 0.345711 0.31622 -0.384863 0.867113 0.400795 -0.930002 -0.306262 0.203222 -0.504304 0.187351 -0.87068 -0.45477 0.485867 
1534185048064 0.32067 0.910414 -0.261377 -0.594229 -0.93709 0.345124 0.0524518 -0.18683 0.137961 0.228114 0.963811 0.345654 0.31622 -0.384863 0.867113 0.400795 -0.930002 -0.306262 0.203222 -0.504304 0.187351 -0.87068 -0.45477 0.485867 
1534185048076 0.320545 0.910355 -0.261735 -0.594214 -0.937126 0.345035 0.0523935 -0.186823 0.138004 0.228484 0.963717 0.345693 0.31622 -0.384863 0.867113 0.400795 -0.930002 -0.306262 0.203222 -0.504304 0.187351 -0.87068 -0.45477 0.485867 
1534185048092 0.320421 0.910295 -0.262094 -0.594195 -0.937162 0.344947 0.0523351 -0.186814 0.138049 0.228855 0.963622 0.345734 0.31622 -0.384863 0.867113 0.400795 -0.930002 -0.306262 0.203222 -0.504304 0.187351 -0.87068 -0.45477 0.485867 
1534185048108 0.320297 0.910235 -0.262453 -0.594176 -0.937198 0.344858 0.0522768 -0.186805 0.138093 0.229226 0.963528 0.345775 0.31622 -0.384863 0.867113 0.400795 -0.930002 -0.306262 0.203222 -0.504304 0.187351 -0.87068 -0.45477 0.485867 
1534185048125 0.320173 0.910175 -0.262812 -0.594157 -0.937234 0.344769 0.0522185 -0.186796 0.138138 0.229597 0.963433 0.345815 0.31622 -0.384863 0.867113 0.400795 -0.930002 -0.306262 0.203222 -0.504304 0.187351 -0.87068 -0.45477 0.485867 
1534185048151 0.320049 0.910115 -0.263171 -0.594139 -0.93727 0.344681 0.0521602 -0.186788 0.138182 0.229968 0.963338 0.345856 0.31622 -0.384863 0.867113 0.400795 -0.930002 -0.306262 0.203222 -0.504304 0.187351 -0.87068 -0.45477 0.485867 
1534185048223 0.319925 0.910055 -0.26353 -0.594119 -0.937306 0.344592 0.0521019 -0.186779 0.138226 0.230339 0.963243 0.345897 0.31622 -0.384863 0.867113 0.400795 -0.930002 -0.306262 0.203222 -0.504304 0.187351 -0.87068 -0.45477 0.485867 
1534185048247 0.319801 0.909995 -0.263889 -0.594101 -0.937341 0.344503 0.0520438 -0.18677 0.13827 0.23071 0.963148 0.345937 0.31622 -0.384863 0.867113 0.400795 -0.930002 -0.306262 0.203222 -0.504304 0.187351 -0.87068 -0.45477 0.485867 
1534185048274 0.319677 0.909934 -0.264248 -0.594083 -0.937377 0.344415 0.0519857 -0.186761 0.138314 0.231081 0.963053 0.345978 0.31622 -0.384863 0.867113 0.400795 -0.930002 -0.306262 0.203222 -0.504304 0.187351 -0.87068 -0.45477 0.485867 
1534185048306 0.319553 0.909873 -0.264607 -0.594063 -0.937413 0.344326 0.0519275 -0.186752 0.138358 0.231452 0.962957 0.346018 0.31622 -0.384863 0.867113 0.400795 -0.930002 -0.306262 0.203222 -0.504304 0.187351 -0.87068 -0.45477 0.485867 
1534185048360 0.319792 0.910065 -0.263658 -0.594137 -0.937362 0.344452 0.0520115 -0.18674 0.138151 0.23051 0.963213 0.345881 0.31622 -0.384863 0.867113 0.400795 -0.930002 -0.306262 0.203222 -0.504304 0.187351 -0.87068 -0.45477 0.485867 
1534185048373 0.319657 0.910099 -0.263702 -0.594141 -0.937345 0.344428 0.0524647 -0.186767 0.138575 0.230409 0.963176 0.345878 0.31622 -0.384863 0.867113 0.400795 -0.930002 -0.306262 0.203222 -0.504304 0.187351 -0.87068 -0.45477 0.485867 
1534185048388 0.319521 0.910134 -0.263746 -0.594149 -0.937329 0.344404 0.0529185 -0.186798 0.138998 0.230308 0.96314 0.345874 0.31622 -0.384863 0.867113 0.400795 -0.930002 -0.306262 0.203222 -0.504304 0.187351 -0.87068 -0.45477 0.485867 
1534185048405 0.319386 0.910169 -0.26379 -0.594157 -0.937312 0.344379 0.0533721 -0.186827 0.139421 0.230207 0.963103 0.34587 0.31622 -0.384863 0.867113 0.400795 -0.930002 -0.306262 0.203222 -0.504304 0.187351 -0.87068 -0.45477 0.485867 
1534185048503 0.31925 0.910204 -0.263833 -0.594166 -0.937295 0.344354 0.0538258 -0.186857 0.139845 0.230106 0.963065 0.345865 0.31622 -0.384863 0.867113 0.400795 -0.930002 -0.306262 0.203222 -0.504304 0.187351 -0.87068 -0.45477 0.485867 
1534185048521 0.319115 0.910239 -0.263877 -0.594173 -0.937278 0.34433 0.0542793 -0.186887 0.140268 0.230005 0.963028 0.345861 0.31622 -0.384863 0.867113 0.400795 -0.930002 -0.306262 0.203222 -0.504304 0.187351 -0.87068 -0.45477 0.485867 
1534185048537 0.318979 0.910274 -0.26392 -0.594182 -0.937261 0.344305 0.054733 -0.186917 0.140691 0.229903 0.96299 0.345857 0.31622 -0.384863 0.867113 0.400795 -0.930002 -0.306262 0.203222 -0.504304 0.187351 -0.87068 -0.45477 0.485867 
1534185048553 0.318844 0.910309 -0.263964 -0.59419 -0.937244 0.34428 0.0551865 -0.186946 0.141114 0.229802 0.962953 0.345853 0.31622 -0.384863 0.867113 0.400795 -0.930002 -0.306262 0.203222 -0.504304 0.187351 -0.87068 -0.45477 0.485867 
