1535381702737 0.210572 0.920922 -0.327968 -0.475759 -0.946564 0.27591 0.167002 -0.172075 0.244285 0.275277 0.92981 0.471025 0.251034 -0.25916 0.93264 0.427925 -0.967709 -0.0444717 0.248115 -0.493807 -0.0228255 -0.96481 -0.261956 0.460388 
1535381702754 0.215154 0.921687 -0.322802 -0.491919 -0.94573 0.279071 0.166476 -0.178912 0.243523 0.269465 0.931711 0.461205 0.240786 -0.246754 0.938688 0.423317 -0.969949 -0.0263654 0.241875 -0.492763 -0.0349346 -0.968719 -0.245687 0.458401 
1535381703727 0.219728 0.922408 -0.317621 -0.508082 -0.944881 0.282231 0.16597 -0.185754 0.242734 0.263646 0.93358 0.451384 0.230676 -0.2341 0.94445 0.418705 -0.971885 -0.00833823 0.23531 -0.491713 -0.0472112 -0.972177 -0.229442 0.456413 
1535381704640 0.224294 0.923082 -0.312427 -0.524244 -0.944017 0.28539 0.165481 -0.192595 0.241917 0.25782 0.935417 0.441562 0.22071 -0.221207 0.949923 0.414094 -0.973514 0.00960001 0.228427 -0.490663 -0.0596488 -0.97518 -0.213229 0.454426 
1535381705593 0.228853 0.923711 -0.307221 -0.540405 -0.943139 0.288548 0.165011 -0.199435 0.24107 0.251989 0.937223 0.431741 0.210894 -0.20808 0.955105 0.409483 -0.974836 0.0274395 0.221229 -0.489615 -0.0722408 -0.977727 -0.197057 0.452438 
1535381706589 0.233403 0.924293 -0.302002 -0.556568 -0.942247 0.291704 0.164559 -0.206277 0.240196 0.246152 0.938997 0.42192 0.201232 -0.194727 0.959993 0.404871 -0.97585 0.0451705 0.213719 -0.488563 -0.0849802 -0.979817 -0.180935 0.45045 
1535381707520 0.237945 0.924829 -0.296771 -0.57273 -0.94134 0.294859 0.164124 -0.213117 0.239293 0.24031 0.940739 0.412099 0.191731 -0.181156 0.964584 0.40026 -0.976556 0.0627832 0.205902 -0.487513 -0.0978601 -0.981448 -0.164872 0.448462 
1535381708486 0.242478 0.925319 -0.291528 -0.588892 -0.940419 0.298013 0.163708 -0.219958 0.238361 0.234463 0.942449 0.402277 0.182394 -0.167374 0.968875 0.395648 -0.976954 0.0802683 0.197782 -0.486463 -0.110873 -0.98262 -0.148876 0.446474 
1535381709563 0.247003 0.925763 -0.286273 -0.605055 -0.939484 0.301164 0.16331 -0.226799 0.237402 0.228611 0.944128 0.392456 0.173229 -0.153388 0.972864 0.391037 -0.977043 0.0976158 0.189364 -0.485413 -0.124013 -0.983333 -0.132957 0.444486 
1535381710579 0.251518 0.926161 -0.281007 -0.621217 -0.938535 0.304313 0.16293 -0.233639 0.236414 0.222755 0.945774 0.382635 0.164239 -0.139206 0.976549 0.386426 -0.976822 0.114816 0.180652 -0.484363 -0.137272 -0.983585 -0.117123 0.442499 
1535381711729 0.252268 0.925817 -0.281466 -0.621006 -0.938303 0.30514 0.16272 -0.233832 0.236536 0.223051 0.945674 0.383002 0.164694 -0.140384 0.976303 0.386718 -0.976884 0.113549 0.18112 -0.484406 -0.136285 -0.983564 -0.118438 0.442415 
1535381711748 0.252643 0.925889 -0.280894 -0.62264 -0.93823 0.305371 0.162704 -0.234495 0.236423 0.222438 0.945847 0.381984 0.167347 -0.139569 0.975969 0.386639 -0.977433 0.105954 0.18275 -0.484734 -0.128914 -0.984528 -0.118688 0.442542 
1535381711756 0.253019 0.92596 -0.280321 -0.624277 -0.938157 0.305603 0.162688 -0.23516 0.23631 0.221822 0.946019 0.380965 0.16997 -0.138682 0.975642 0.386548 -0.977921 0.0984093 0.184355 -0.485062 -0.121579 -0.985435 -0.118893 0.44267 
1535381712297 0.253395 0.92603 -0.279748 -0.625914 -0.938084 0.305835 0.162673 -0.235825 0.236197 0.221206 0.946192 0.379946 0.172585 -0.137775 0.975312 0.386457 -0.978348 0.0908606 0.185957 -0.48539 -0.114238 -0.986287 -0.119111 0.442798 
1535381712653 0.25377 0.926101 -0.279174 -0.627552 -0.938011 0.306067 0.162657 -0.23649 0.236083 0.220591 0.946364 0.378927 0.175192 -0.136848 0.974977 0.386366 -0.978715 0.0833083 0.187557 -0.485718 -0.10689 -0.987083 -0.11934 0.442926 
1535381713019 0.254146 0.92617 -0.2786 -0.62919 -0.937938 0.306299 0.162642 -0.237155 0.235969 0.219975 0.946536 0.377908 0.177792 -0.135901 0.974639 0.386275 -0.979021 0.0757527 0.189154 -0.486046 -0.0995377 -0.987822 -0.119582 0.443054 
1535381713379 0.254521 0.92624 -0.278026 -0.630828 -0.937865 0.306531 0.162627 -0.23782 0.235855 0.219359 0.946707 0.376889 0.180384 -0.134934 0.974297 0.386184 -0.979267 0.0681943 0.190748 -0.486374 -0.09218 -0.988505 -0.119835 0.443182 
1535381713741 0.254897 0.926309 -0.277452 -0.632465 -0.937792 0.306763 0.162612 -0.238484 0.235741 0.218743 0.946878 0.375871 0.182968 -0.133947 0.973951 0.386094 -0.979453 0.0606336 0.192341 -0.486701 -0.0848176 -0.989132 -0.120101 0.44331 
1535381714102 0.255272 0.926377 -0.276878 -0.634103 -0.937719 0.306995 0.162597 -0.23915 0.235627 0.218127 0.947048 0.374852 0.185544 -0.13294 0.973602 0.386003 -0.979579 0.0530712 0.193929 -0.487029 -0.0774512 -0.989702 -0.120378 0.443438 
1535381714461 0.255647 0.926445 -0.276304 -0.635742 -0.937645 0.307227 0.162583 -0.239815 0.235512 0.217511 0.947219 0.373833 0.188112 -0.131914 0.973249 0.385912 -0.979644 0.0455072 0.195516 -0.487357 -0.070081 -0.990216 -0.120668 0.443566 
1535381714855 0.25609 0.92626 -0.276515 -0.635519 -0.937483 0.307726 0.162576 -0.239863 0.235678 0.217594 0.947158 0.374029 0.187548 -0.132079 0.973335 0.385907 -0.97966 0.0468328 0.195122 -0.487283 -0.0713556 -0.990132 -0.12061 0.443513 
1535381714868 0.255608 0.926191 -0.277189 -0.635677 -0.937543 0.307449 0.162752 -0.239992 0.235961 0.218276 0.946931 0.37402 0.189187 -0.130729 0.9732 0.385673 -0.979726 0.0414056 0.196018 -0.487504 -0.0659212 -0.990553 -0.120245 0.443551 
1535381715161 0.255125 0.926123 -0.277863 -0.635837 -0.937603 0.307171 0.162929 -0.240121 0.236244 0.218958 0.946703 0.374012 0.190793 -0.129381 0.973067 0.385442 -0.97976 0.0360626 0.1969 -0.487721 -0.0605664 -0.990939 -0.119882 0.443591 
1535381715447 0.254641 0.926053 -0.278537 -0.635998 -0.937664 0.306893 0.163107 -0.240251 0.236526 0.219641 0.946474 0.374003 0.192391 -0.128024 0.972931 0.385212 -0.979764 0.0307196 0.197784 -0.487939 -0.0552092 -0.991295 -0.119523 0.443632 
1535381715725 0.254158 0.925983 -0.279211 -0.636159 -0.937724 0.306615 0.163284 -0.240381 0.236808 0.220323 0.946245 0.373993 0.193982 -0.126658 0.972794 0.384982 -0.979738 0.025377 0.198671 -0.488158 -0.0498499 -0.991622 -0.119169 0.443672 
1535381716004 0.253674 0.925913 -0.279884 -0.63632 -0.937783 0.306337 0.163462 -0.240511 0.23709 0.221005 0.946015 0.373984 0.195565 -0.125284 0.972655 0.384752 -0.979681 0.0200348 0.199558 -0.488378 -0.0444884 -0.991919 -0.11882 0.443713 
1535381716301 0.25319 0.925841 -0.280558 -0.63648 -0.937843 0.30606 0.16364 -0.240641 0.237372 0.221687 0.945785 0.373975 0.19714 -0.123901 0.972514 0.384521 -0.979594 0.0146934 0.200447 -0.488595 -0.0391251 -0.992186 -0.118476 0.443753 
1535381716577 0.252705 0.92577 -0.28123 -0.636642 -0.937903 0.305782 0.163818 -0.240771 0.237653 0.222369 0.945554 0.373966 0.198708 -0.122509 0.972372 0.384292 -0.979477 0.00935273 0.201338 -0.488815 -0.0337601 -0.992423 -0.118136 0.443793 
1535381716861 0.252221 0.925697 -0.281903 -0.636802 -0.937962 0.305505 0.163996 -0.240901 0.237933 0.223051 0.945323 0.373957 0.200268 -0.121109 0.972227 0.384061 -0.97933 0.00401315 0.202231 -0.489033 -0.0283936 -0.992631 -0.117802 0.443834 
1535381717125 0.251736 0.925624 -0.282576 -0.636963 -0.938021 0.305227 0.164174 -0.24103 0.238214 0.223734 0.945091 0.373948 0.201819 -0.1197 0.972081 0.383831 -0.979152 -0.00132526 0.203124 -0.489251 -0.0230257 -0.992809 -0.117472 0.443874 
1535381717450 0.25226 0.925679 -0.281927 -0.636801 -0.937926 0.30557 0.164077 -0.240939 0.238031 0.223037 0.945302 0.373993 0.201414 -0.120122 0.972113 0.383918 -0.979209 -0.000231083 0.202855 -0.489195 -0.0241427 -0.992759 -0.117671 0.443807 
1535381717469 0.251646 0.925844 -0.281934 -0.636849 -0.938084 0.30499 0.164251 -0.241065 0.238058 0.223145 0.94527 0.374027 0.201515 -0.120296 0.97207 0.383762 -0.979183 -8.32756e-05 0.20298 -0.489232 -0.0243368 -0.992738 -0.117809 0.443859 
1535381717483 0.251032 0.926009 -0.28194 -0.6369 -0.938242 0.304411 0.164426 -0.241193 0.238085 0.223252 0.945238 0.374061 0.201618 -0.120471 0.972027 0.383605 -0.979157 6.46256e-05 0.203105 -0.48927 -0.0245311 -0.992717 -0.117947 0.44391 
1535381717637 0.250418 0.926173 -0.281946 -0.636952 -0.938399 0.303832 0.1646 -0.241321 0.238112 0.223359 0.945205 0.374095 0.201721 -0.120646 0.971984 0.383449 -0.979131 0.000212606 0.20323 -0.489307 -0.0247255 -0.992696 -0.118085 0.443962 
1535381717740 0.249804 0.926337 -0.281952 -0.637004 -0.938556 0.303252 0.164775 -0.241449 0.238139 0.223467 0.945173 0.374128 0.201823 -0.120821 0.971941 0.383293 -0.979105 0.000360484 0.203356 -0.489345 -0.0249199 -0.992674 -0.118223 0.444013 
1535381717871 0.24919 0.926501 -0.281958 -0.637057 -0.938713 0.302672 0.164949 -0.241577 0.238166 0.223574 0.945141 0.374162 0.201926 -0.120995 0.971898 0.383136 -0.979079 0.000508379 0.203481 -0.489382 -0.0251143 -0.992653 -0.118361 0.444065 
1535381717971 0.248575 0.926664 -0.281964 -0.637108 -0.938869 0.302093 0.165124 -0.241705 0.238193 0.223681 0.945109 0.374196 0.202028 -0.12117 0.971855 0.38298 -0.979053 0.000656175 0.203606 -0.489419 -0.0253087 -0.992632 -0.118499 0.444117 
1535381718093 0.247961 0.926827 -0.28197 -0.637161 -0.939024 0.301513 0.165298 -0.241833 0.23822 0.223789 0.945077 0.374229 0.202131 -0.121345 0.971812 0.382824 -0.979026 0.00080404 0.203732 -0.489457 -0.0255031 -0.99261 -0.118637 0.444168 
1535381718212 0.247346 0.92699 -0.281975 -0.637212 -0.93918 0.300933 0.165473 -0.241961 0.238247 0.223896 0.945044 0.374263 0.202233 -0.12152 0.971769 0.382668 -0.979 0.000951857 0.203857 -0.489494 -0.0256976 -0.992589 -0.118775 0.44422 
1535381718337 0.246731 0.927152 -0.28198 -0.637265 -0.939334 0.300353 0.165647 -0.24209 0.238274 0.224004 0.945012 0.374296 0.202335 -0.121694 0.971726 0.382511 -0.978974 0.00109965 0.203982 -0.489532 -0.0258921 -0.992567 -0.118913 0.444271 
1535381718490 0.24751 0.926924 -0.282048 -0.637216 -0.939107 0.301131 0.165526 -0.242063 0.238363 0.223903 0.945013 0.374244 0.202052 -0.121471 0.971813 0.382702 -0.979038 0.000958155 0.203674 -0.489525 -0.0256717 -0.992595 -0.118731 0.444141 
1535381718504 0.247213 0.927116 -0.281676 -0.637236 -0.939206 0.30076 0.165637 -0.24217 0.238282 0.223604 0.945105 0.374221 0.201244 -0.122987 0.97179 0.382645 -0.97912 0.00383347 0.203247 -0.48949 -0.028722 -0.992401 -0.119647 0.444283 
1535381718739 0.246915 0.927309 -0.281303 -0.637261 -0.939305 0.30039 0.165748 -0.24228 0.2382 0.223304 0.945196 0.374196 0.20043 -0.1245 0.971765 0.382588 -0.979193 0.00670861 0.202821 -0.489452 -0.0317704 -0.992197 -0.120565 0.444425 
1535381718987 0.246618 0.927501 -0.28093 -0.637288 -0.939404 0.300019 0.165858 -0.24239 0.238118 0.223003 0.945288 0.374172 0.199611 -0.12601 0.971739 0.38253 -0.979256 0.00958428 0.202398 -0.489414 -0.0348177 -0.991983 -0.121483 0.444567 
1535381719244 0.24632 0.927693 -0.280557 -0.637311 -0.939503 0.299649 0.165968 -0.242499 0.238036 0.222703 0.945379 0.374148 0.198788 -0.127518 0.971711 0.382473 -0.979311 0.0124605 0.201978 -0.489377 -0.0378639 -0.991758 -0.122403 0.444709 
1535381719482 0.246023 0.927885 -0.280184 -0.637337 -0.939601 0.299278 0.166078 -0.242609 0.237955 0.222402 0.945471 0.374123 0.197959 -0.129024 0.971681 0.382415 -0.979356 0.0153374 0.20156 -0.489339 -0.0409091 -0.991523 -0.123324 0.444851 
1535381719702 0.245725 0.928076 -0.27981 -0.637363 -0.9397 0.298908 0.166189 -0.242719 0.237873 0.222101 0.945562 0.374099 0.197126 -0.130527 0.97165 0.382357 -0.979392 0.0182148 0.201143 -0.489301 -0.043953 -0.991277 -0.124246 0.444993 
1535381719949 0.245427 0.928267 -0.279437 -0.637388 -0.939798 0.298537 0.166298 -0.242828 0.237792 0.2218 0.945653 0.374074 0.196289 -0.132027 0.971617 0.3823 -0.979419 0.0210926 0.200731 -0.489263 -0.0469958 -0.991022 -0.125169 0.445135 
1535381720167 0.245129 0.928459 -0.279063 -0.637414 -0.939897 0.298166 0.166408 -0.242938 0.23771 0.221499 0.945744 0.37405 0.195446 -0.133524 0.971582 0.382242 -0.979437 0.0239709 0.20032 -0.489226 -0.0500374 -0.990756 -0.126094 0.445276 
1535381720397 0.244832 0.928649 -0.27869 -0.637439 -0.939995 0.297795 0.166518 -0.243048 0.237629 0.221198 0.945835 0.374025 0.194599 -0.135019 0.971546 0.382185 -0.979446 0.0268496 0.199913 -0.489188 -0.0530776 -0.990479 -0.127019 0.445418 
1535381720651 0.24504 0.92849 -0.279038 -0.637433 -0.939972 0.298028 0.16623 -0.242906 0.237504 0.221555 0.945783 0.374014 0.195093 -0.134552 0.971511 0.382245 -0.979393 0.0260258 0.20028 -0.489139 -0.0522324 -0.990565 -0.126702 0.445331 
1535381720680 0.24538 0.928421 -0.278969 -0.637393 -0.939834 0.298385 0.166367 -0.242909 0.237698 0.221362 0.945779 0.373986 0.194722 -0.135028 0.97152 0.382228 -0.979443 0.0264166 0.199982 -0.489153 -0.0526674 -0.99049 -0.127108 0.445377 
1535381720797 0.245718 0.928352 -0.2789 -0.637348 -0.939697 0.298742 0.166502 -0.242909 0.237891 0.221169 0.945776 0.373959 0.194349 -0.135504 0.971528 0.38221 -0.979494 0.0268075 0.199682 -0.489163 -0.053102 -0.990414 -0.127516 0.445424 
1535381720836 0.246057 0.928283 -0.278831 -0.637304 -0.939559 0.299099 0.166637 -0.24291 0.238084 0.220976 0.945772 0.373933 0.193976 -0.135981 0.971536 0.382192 -0.979544 0.0271985 0.199382 -0.489173 -0.0535364 -0.990338 -0.127923 0.44547 
1535381720964 0.246396 0.928214 -0.278762 -0.637258 -0.939422 0.299456 0.166772 -0.24291 0.238277 0.220784 0.945769 0.373906 0.193603 -0.136456 0.971544 0.382174 -0.979594 0.0275897 0.199082 -0.489182 -0.0539706 -0.990262 -0.128331 0.445517 
1535381721015 0.246735 0.928144 -0.278694 -0.637213 -0.939284 0.299813 0.166907 -0.24291 0.238469 0.220591 0.945765 0.373879 0.193229 -0.136932 0.971551 0.382156 -0.979644 0.0279809 0.198783 -0.489191 -0.0544046 -0.990185 -0.128738 0.445563 
1535381721125 0.247074 0.928075 -0.278625 -0.637167 -0.939146 0.30017 0.167042 -0.24291 0.238662 0.220398 0.945762 0.373852 0.192856 -0.137408 0.971558 0.382138 -0.979693 0.0283722 0.198484 -0.489201 -0.0548385 -0.990108 -0.129146 0.445609 
1535381721176 0.247413 0.928005 -0.278556 -0.637123 -0.939008 0.300527 0.167177 -0.242911 0.238854 0.220205 0.945758 0.373825 0.192482 -0.137883 0.971565 0.38212 -0.979743 0.0287639 0.198184 -0.489211 -0.0552722 -0.990031 -0.129553 0.445655 
1535381721287 0.247752 0.927935 -0.278488 -0.637077 -0.938869 0.300884 0.167312 -0.24291 0.239047 0.220012 0.945754 0.373799 0.192108 -0.138358 0.971572 0.382102 -0.979791 0.0291555 0.197886 -0.48922 -0.0557057 -0.989953 -0.129961 0.445702 
1535381721336 0.24809 0.927865 -0.278419 -0.637033 -0.938731 0.30124 0.167447 -0.242911 0.239239 0.219819 0.945751 0.373772 0.191734 -0.138833 0.971578 0.382084 -0.97984 0.0295473 0.197587 -0.48923 -0.0561391 -0.989875 -0.130369 0.445748 
1535381721470 0.247287 0.928043 -0.278542 -0.637154 -0.939044 0.300401 0.167201 -0.242834 0.238844 0.220216 0.945758 0.373907 0.192287 -0.138189 0.97156 0.382127 -0.97977 0.0289184 0.198025 -0.489179 -0.0554609 -0.989984 -0.129833 0.445665 
1535381721499 0.247932 0.927875 -0.278528 -0.636938 -0.938844 0.301043 0.167168 -0.242745 0.23896 0.220048 0.945768 0.373963 0.192435 -0.138645 0.971466 0.382177 -0.979722 0.0291474 0.19823 -0.489317 -0.0557993 -0.989913 -0.130224 0.445669 
1535381721513 0.248578 0.927706 -0.278515 -0.636718 -0.938643 0.301686 0.167136 -0.242655 0.239077 0.21988 0.945777 0.37402 0.192584 -0.1391 0.971371 0.382227 -0.979673 0.0293758 0.198437 -0.489457 -0.0561374 -0.989842 -0.130616 0.445674 
1535381721725 0.249224 0.927536 -0.278503 -0.636498 -0.938442 0.302329 0.167103 -0.242564 0.239194 0.219712 0.945787 0.374077 0.192733 -0.139556 0.971277 0.382277 -0.979625 0.0296041 0.198643 -0.489596 -0.0564756 -0.989772 -0.131007 0.445678 
1535381721862 0.24987 0.927366 -0.27849 -0.636277 -0.938241 0.302972 0.167071 -0.242473 0.239311 0.219545 0.945796 0.374134 0.192881 -0.140012 0.971182 0.382327 -0.979576 0.0298323 0.198849 -0.489736 -0.0568138 -0.9897 -0.131398 0.445683 
1535381721984 0.250516 0.927196 -0.278478 -0.636056 -0.938039 0.303615 0.167038 -0.242382 0.239427 0.219377 0.945806 0.374192 0.19303 -0.140467 0.971086 0.382377 -0.979527 0.0300603 0.199056 -0.489875 -0.057152 -0.989629 -0.131789 0.445687 
1535381722133 0.251162 0.927025 -0.278465 -0.635835 -0.937836 0.304257 0.167006 -0.242291 0.239544 0.219209 0.945815 0.374249 0.193178 -0.140923 0.970991 0.382427 -0.979478 0.0302883 0.199263 -0.490014 -0.0574904 -0.989557 -0.13218 0.445692 
1535381722260 0.251807 0.926853 -0.278453 -0.635615 -0.937633 0.304899 0.166974 -0.242201 0.23966 0.219041 0.945824 0.374306 0.193326 -0.141379 0.970895 0.382477 -0.979429 0.0305162 0.199469 -0.490154 -0.0578287 -0.989485 -0.132571 0.445696 
1535381722387 0.252453 0.926682 -0.27844 -0.635393 -0.93743 0.305542 0.166941 -0.24211 0.239776 0.218874 0.945834 0.374363 0.193474 -0.141834 0.970799 0.382527 -0.97938 0.030744 0.199676 -0.490293 -0.0581672 -0.989413 -0.132962 0.445701 
1535381722536 0.253098 0.926509 -0.278428 -0.635173 -0.937226 0.306184 0.166909 -0.242019 0.239893 0.218705 0.945843 0.37442 0.193623 -0.14229 0.970703 0.382577 -0.97933 0.0309716 0.199883 -0.490432 -0.0585057 -0.98934 -0.133352 0.445705 
1535381722681 0.252437 0.926664 -0.278514 -0.635393 -0.937391 0.30558 0.167092 -0.242024 0.239946 0.218896 0.945786 0.37438 0.193376 -0.141698 0.970839 0.382526 -0.979418 0.0304565 0.19953 -0.490243 -0.0578414 -0.989441 -0.132892 0.445708 
1535381722698 0.252775 0.926638 -0.278295 -0.635036 -0.937418 0.305756 0.166619 -0.241887 0.239485 0.218761 0.945934 0.374493 0.19392 -0.142284 0.970644 0.382591 -0.97936 0.0294065 0.199972 -0.490421 -0.056996 -0.989389 -0.133645 0.445744 
1535381722744 0.253113 0.926611 -0.278076 -0.634674 -0.937444 0.305932 0.166144 -0.241747 0.239024 0.218628 0.946081 0.374607 0.194464 -0.142868 0.97045 0.382655 -0.979301 0.0283568 0.200412 -0.490601 -0.0561515 -0.989335 -0.134397 0.445781 
1535381722915 0.253451 0.926584 -0.277858 -0.634312 -0.93747 0.306109 0.16567 -0.241608 0.238562 0.218494 0.946229 0.374722 0.195009 -0.143452 0.970254 0.38272 -0.979241 0.0273068 0.200853 -0.490781 -0.0553072 -0.98928 -0.135149 0.445818 
1535381723096 0.25379 0.926557 -0.277639 -0.63395 -0.937496 0.306286 0.165196 -0.241468 0.2381 0.218361 0.946376 0.374836 0.195555 -0.144035 0.970058 0.382785 -0.979179 0.0262565 0.201292 -0.49096 -0.0544634 -0.989224 -0.135901 0.445854 
1535381723266 0.254128 0.92653 -0.27742 -0.633588 -0.937522 0.306463 0.164721 -0.241328 0.237638 0.218227 0.946523 0.37495 0.196101 -0.144617 0.969861 0.38285 -0.979117 0.0252059 0.20173 -0.49114 -0.0536199 -0.989167 -0.136654 0.445891 
1535381723456 0.254466 0.926502 -0.277201 -0.633227 -0.937547 0.30664 0.164247 -0.241189 0.237176 0.218094 0.946669 0.375064 0.196647 -0.145199 0.969664 0.382915 -0.979053 0.0241551 0.202168 -0.491319 -0.0527768 -0.989108 -0.137407 0.445927 
1535381723640 0.254803 0.926475 -0.276982 -0.632864 -0.937572 0.306817 0.163772 -0.241049 0.236714 0.217961 0.946816 0.375178 0.197193 -0.14578 0.969465 0.38298 -0.978988 0.023104 0.202604 -0.491499 -0.0519341 -0.989047 -0.138161 0.445964 
1535381723820 0.255141 0.926448 -0.276762 -0.632502 -0.937597 0.306994 0.163298 -0.24091 0.236251 0.217828 0.946962 0.375293 0.197741 -0.14636 0.969266 0.383045 -0.978922 0.0220525 0.203041 -0.491678 -0.0510918 -0.988986 -0.138914 0.446001 
1535381723997 0.255479 0.92642 -0.276543 -0.632139 -0.937622 0.307172 0.162823 -0.24077 0.235789 0.217695 0.947107 0.375407 0.198288 -0.14694 0.969067 0.38311 -0.978855 0.0210008 0.203475 -0.491858 -0.0502498 -0.988922 -0.139668 0.446037 
1535381724193 0.255351 0.92643 -0.276629 -0.632364 -0.93759 0.307125 0.16309 -0.240848 0.236051 0.217719 0.947036 0.375385 0.197983 -0.14652 0.969193 0.383115 -0.978896 0.0215368 0.203221 -0.491682 -0.0506494 -0.988973 -0.139164 0.446032 
1535381724213 0.255243 0.926415 -0.276778 -0.63189 -0.937512 0.307147 0.163499 -0.240687 0.23648 0.217751 0.946922 0.375527 0.198513 -0.145886 0.96918 0.383163 -0.978889 0.0195996 0.203452 -0.491813 -0.0486762 -0.989107 -0.138915 0.445929 
1535381724403 0.255135 0.9264 -0.276929 -0.63141 -0.937433 0.307171 0.163907 -0.240523 0.236908 0.217784 0.946808 0.375669 0.199042 -0.145251 0.969167 0.383212 -0.978877 0.0176617 0.203683 -0.491944 -0.0467023 -0.989237 -0.138667 0.445826 
1535381724616 0.255028 0.926384 -0.27708 -0.63093 -0.937354 0.307194 0.164315 -0.240359 0.237336 0.217817 0.946693 0.375812 0.19957 -0.144614 0.969154 0.383261 -0.978862 0.0157239 0.203915 -0.492075 -0.044728 -0.989363 -0.138419 0.445723 
1535381724814 0.25492 0.926368 -0.277231 -0.63045 -0.937275 0.307218 0.164723 -0.240195 0.237764 0.217851 0.946578 0.375955 0.200096 -0.143977 0.96914 0.38331 -0.978843 0.0137863 0.204148 -0.492207 -0.0427534 -0.989485 -0.138172 0.44562 
1535381725010 0.254813 0.926353 -0.277382 -0.629971 -0.937195 0.307241 0.165131 -0.240032 0.238192 0.217883 0.946462 0.376097 0.200622 -0.143339 0.969126 0.383359 -0.97882 0.0118486 0.204381 -0.492338 -0.0407785 -0.989603 -0.137925 0.445516 
1535381725217 0.254705 0.926337 -0.277533 -0.629491 -0.937116 0.307264 0.165538 -0.239868 0.23862 0.217917 0.946347 0.37624 0.201146 -0.142699 0.969112 0.383408 -0.978792 0.00991117 0.204614 -0.492469 -0.0388033 -0.989716 -0.137679 0.445413 
1535381725403 0.254597 0.926322 -0.277683 -0.629012 -0.937036 0.307288 0.165946 -0.239705 0.239048 0.21795 0.946231 0.376382 0.201669 -0.142059 0.969097 0.383456 -0.978761 0.00797375 0.204849 -0.492601 -0.0368278 -0.989826 -0.137433 0.44531 
1535381725602 0.254489 0.926306 -0.277834 -0.628531 -0.936956 0.307311 0.166354 -0.23954 0.239476 0.217983 0.946116 0.376525 0.20219 -0.141417 0.969082 0.383505 -0.978726 0.00603652 0.205083 -0.492732 -0.0348521 -0.989932 -0.137188 0.445207 
1535381725794 0.254382 0.926291 -0.277985 -0.628052 -0.936876 0.307334 0.166761 -0.239377 0.239904 0.218016 0.946 0.376667 0.20271 -0.140774 0.969067 0.383554 -0.978687 0.00409941 0.205318 -0.492863 -0.0328761 -0.990033 -0.136943 0.445104 
1535381726021 0.254324 0.92634 -0.277873 -0.628299 -0.936965 0.307192 0.166522 -0.239409 0.239616 0.218007 0.946074 0.37664 0.202603 -0.141186 0.96903 0.383593 -0.978674 0.00506019 0.205357 -0.492716 -0.033897 -0.98997 -0.13715 0.445137 
1535381726040 0.254185 0.926294 -0.278152 -0.627857 -0.936875 0.307226 0.166965 -0.239242 0.240114 0.218154 0.945914 0.376771 0.203437 -0.140408 0.968968 0.383651 -0.978614 0.00164911 0.205701 -0.492841 -0.0304799 -0.990092 -0.137069 0.445058 
1535381726229 0.254047 0.926248 -0.278432 -0.627411 -0.936785 0.307259 0.167406 -0.239074 0.240611 0.218302 0.945754 0.376902 0.204267 -0.139625 0.968906 0.383709 -0.978541 -0.00176147 0.206045 -0.492967 -0.0270624 -0.990203 -0.136989 0.444978 
1535381726476 0.253908 0.926202 -0.278712 -0.626965 -0.936695 0.307293 0.167848 -0.238905 0.241107 0.21845 0.945593 0.377033 0.205096 -0.13884 0.968844 0.383768 -0.978456 -0.00517181 0.206389 -0.493092 -0.0236444 -0.990301 -0.13691 0.444899 
1535381726693 0.253769 0.926156 -0.278992 -0.626519 -0.936605 0.307327 0.168289 -0.238736 0.241604 0.218598 0.945432 0.377165 0.205921 -0.138052 0.968782 0.383826 -0.978359 -0.00858182 0.206734 -0.493218 -0.0202262 -0.990388 -0.136832 0.44482 
1535381726927 0.25363 0.92611 -0.279271 -0.626072 -0.936515 0.30736 0.168731 -0.238567 0.2421 0.218746 0.945271 0.377297 0.206744 -0.137261 0.968719 0.383885 -0.978251 -0.0119915 0.20708 -0.493344 -0.0168076 -0.990462 -0.136755 0.444741 
1535381727146 0.25349 0.926064 -0.279551 -0.625626 -0.936424 0.307394 0.169172 -0.238399 0.242596 0.218894 0.94511 0.377428 0.207564 -0.136467 0.968656 0.383943 -0.97813 -0.0154006 0.207425 -0.49347 -0.0133888 -0.990525 -0.136679 0.444662 
1535381727370 0.253351 0.926018 -0.27983 -0.625179 -0.936333 0.307428 0.169613 -0.23823 0.243092 0.219043 0.944948 0.37756 0.208382 -0.135671 0.968592 0.384002 -0.977997 -0.0188094 0.20777 -0.493596 -0.00996973 -0.990575 -0.136605 0.444583 
1535381727624 0.253211 0.925971 -0.280109 -0.624733 -0.936242 0.307462 0.170055 -0.238061 0.243589 0.21919 0.944786 0.377691 0.209196 -0.134871 0.968528 0.38406 -0.977852 -0.0222176 0.208116 -0.493722 -0.00655049 -0.990614 -0.136532 0.444503 
1535381727851 0.253071 0.925925 -0.280389 -0.624286 -0.93615 0.307496 0.170496 -0.237892 0.244085 0.219339 0.944623 0.377823 0.210007 -0.134069 0.968464 0.384118 -0.977695 -0.0256252 0.208462 -0.493848 -0.00313111 -0.990641 -0.13646 0.444424 
1535381728136 0.252903 0.926056 -0.280106 -0.624546 -0.936283 0.307205 0.170292 -0.237804 0.24375 0.219191 0.944744 0.377756 0.209494 -0.134374 0.968533 0.384044 -0.977801 -0.0244706 0.208103 -0.493875 -0.00426319 -0.990628 -0.136518 0.444458 
1535381728150 0.253056 0.925943 -0.280343 -0.62425 -0.936231 0.307404 0.17022 -0.237671 0.243793 0.21939 0.944687 0.377852 0.209595 -0.134949 0.968431 0.384079 -0.977777 -0.0241614 0.208251 -0.493934 -0.00470458 -0.990558 -0.137014 0.444513 
1535381728298 0.253209 0.925829 -0.280581 -0.623949 -0.936178 0.307604 0.170147 -0.237536 0.243835 0.219591 0.944629 0.377948 0.209697 -0.135523 0.968329 0.384115 -0.977753 -0.0238527 0.208399 -0.493994 -0.00514573 -0.990487 -0.13751 0.444568 
1535381728462 0.253363 0.925715 -0.280819 -0.623648 -0.936125 0.307805 0.170075 -0.237401 0.243878 0.219791 0.944571 0.378044 0.209798 -0.136098 0.968226 0.38415 -0.977729 -0.023544 0.208548 -0.494054 -0.00558694 -0.990416 -0.138006 0.444623 
1535381728641 0.253516 0.925601 -0.281058 -0.623347 -0.936073 0.308005 0.170002 -0.237265 0.243921 0.219992 0.944514 0.378141 0.209899 -0.136673 0.968123 0.384185 -0.977704 -0.0232355 0.208696 -0.494113 -0.00602819 -0.990344 -0.138502 0.444678 
1535381728796 0.253669 0.925486 -0.281296 -0.623045 -0.93602 0.308205 0.169929 -0.23713 0.243964 0.220193 0.944456 0.378238 0.21 -0.137247 0.96802 0.384221 -0.97768 -0.0229271 0.208845 -0.494173 -0.0064695 -0.990271 -0.138998 0.444733 
1535381728968 0.253823 0.925372 -0.281534 -0.622745 -0.935967 0.308406 0.169856 -0.236995 0.244007 0.220393 0.944398 0.378334 0.2101 -0.137822 0.967917 0.384256 -0.977655 -0.0226187 0.208994 -0.494233 -0.00691085 -0.990199 -0.139494 0.444789 
1535381729141 0.253976 0.925257 -0.281772 -0.622443 -0.935914 0.308606 0.169783 -0.236859 0.24405 0.220594 0.94434 0.378431 0.210201 -0.138396 0.967813 0.384292 -0.977631 -0.0223104 0.209143 -0.494293 -0.00735226 -0.990126 -0.13999 0.444844 
1535381729306 0.254129 0.925142 -0.28201 -0.622142 -0.935862 0.308806 0.169711 -0.236724 0.244093 0.220794 0.944282 0.378527 0.210301 -0.138971 0.967709 0.384327 -0.977606 -0.0220022 0.209292 -0.494352 -0.00779372 -0.990052 -0.140486 0.444899 
1535381729482 0.254282 0.925028 -0.282249 -0.62184 -0.935809 0.309007 0.169637 -0.236588 0.244136 0.220995 0.944224 0.378624 0.2104 -0.139545 0.967605 0.384362 -0.977581 -0.021694 0.209441 -0.494412 -0.00823522 -0.989978 -0.140981 0.444954 
1535381729675 0.254136 0.925089 -0.28218 -0.622019 -0.935802 0.308896 0.169876 -0.236594 0.244315 0.220893 0.944202 0.378589 0.21053 -0.138872 0.967673 0.384353 -0.977557 -0.022099 0.209509 -0.49426 -0.00771038 -0.990064 -0.140408 0.444892 
1535381729699 0.254141 0.925041 -0.282333 -0.62179 -0.935716 0.309006 0.170151 -0.236534 0.244639 0.220941 0.944106 0.378658 0.210221 -0.139407 0.967664 0.384365 -0.977621 -0.0219308 0.209225 -0.494294 -0.00794577 -0.989992 -0.140897 0.444968 
1535381729715 0.254146 0.924992 -0.282487 -0.621557 -0.93563 0.309116 0.170425 -0.236473 0.244963 0.220991 0.944011 0.378727 0.209912 -0.139941 0.967653 0.384378 -0.977686 -0.0217626 0.208942 -0.494329 -0.0081809 -0.989921 -0.141387 0.445044 
1535381729897 0.254152 0.924943 -0.282642 -0.621324 -0.935543 0.309226 0.170699 -0.236411 0.245287 0.22104 0.943915 0.378797 0.209603 -0.140476 0.967643 0.38439 -0.97775 -0.0215943 0.208658 -0.494363 -0.00841587 -0.989849 -0.141877 0.44512 
1535381729977 0.254158 0.924895 -0.282796 -0.621091 -0.935457 0.309337 0.170972 -0.23635 0.245611 0.22109 0.943819 0.378866 0.209293 -0.141011 0.967632 0.384402 -0.977815 -0.0214257 0.208373 -0.494397 -0.00865068 -0.989776 -0.142367 0.445196 
1535381730104 0.254163 0.924846 -0.282951 -0.620858 -0.93537 0.309447 0.171246 -0.236289 0.245934 0.221139 0.943723 0.378935 0.208984 -0.141545 0.967621 0.384415 -0.977879 -0.0212571 0.20809 -0.494431 -0.00888532 -0.989704 -0.142856 0.445273 
1535381730220 0.254169 0.924797 -0.283105 -0.620624 -0.935283 0.309558 0.171519 -0.236227 0.246258 0.221189 0.943627 0.379005 0.208673 -0.14208 0.96761 0.384427 -0.977943 -0.0210881 0.207805 -0.494466 -0.00911982 -0.989631 -0.143346 0.445349 
1535381730319 0.254174 0.924748 -0.28326 -0.620392 -0.935197 0.309668 0.171793 -0.236165 0.246582 0.221238 0.943531 0.379074 0.208364 -0.142614 0.967598 0.384439 -0.978007 -0.0209192 0.207522 -0.4945 -0.00935415 -0.989557 -0.143836 0.445425 
1535381730451 0.25418 0.924699 -0.283414 -0.620158 -0.93511 0.309779 0.172066 -0.236103 0.246905 0.221288 0.943435 0.379144 0.208054 -0.143148 0.967586 0.384451 -0.97807 -0.0207501 0.207239 -0.494534 -0.00958833 -0.989484 -0.144326 0.445501 
1535381730530 0.254185 0.924651 -0.283568 -0.619925 -0.935023 0.309889 0.17234 -0.236042 0.247229 0.221337 0.943339 0.379214 0.207743 -0.143682 0.967573 0.384464 -0.978134 -0.0205807 0.206954 -0.494568 -0.00982235 -0.98941 -0.144816 0.445577 
1535381730687 0.254107 0.924713 -0.283434 -0.62017 -0.935118 0.309723 0.172121 -0.236018 0.246949 0.221307 0.943419 0.379211 0.208308 -0.142844 0.967576 0.384485 -0.978018 -0.0209033 0.20747 -0.494494 -0.00941029 -0.989524 -0.144058 0.445468 
1535381730699 0.254166 0.924695 -0.283441 -0.619957 -0.935109 0.309774 0.172078 -0.235941 0.246922 0.221312 0.943425 0.379255 0.20809 -0.142884 0.967617 0.384481 -0.978047 -0.0191565 0.207504 -0.494603 -0.0111128 -0.989554 -0.143733 0.445427 
1535381730714 0.254224 0.924677 -0.283449 -0.619739 -0.935101 0.309824 0.172033 -0.235861 0.246894 0.221319 0.94343 0.3793 0.207869 -0.142929 0.967658 0.384477 -0.978073 -0.0174076 0.207535 -0.494713 -0.012818 -0.98958 -0.143413 0.445388 
1535381730844 0.254282 0.924658 -0.283458 -0.61952 -0.935092 0.309875 0.171988 -0.235781 0.246867 0.221326 0.943436 0.379346 0.207649 -0.142973 0.967699 0.384473 -0.978096 -0.0156588 0.207567 -0.494823 -0.0145234 -0.989603 -0.143093 0.445348 
1535381730951 0.25434 0.924639 -0.283466 -0.619303 -0.935084 0.309925 0.171944 -0.235701 0.246839 0.221333 0.943442 0.379391 0.207428 -0.143017 0.96774 0.384468 -0.978116 -0.0139098 0.207596 -0.494933 -0.0162287 -0.989622 -0.142772 0.445309 
1535381731061 0.254398 0.924621 -0.283475 -0.619085 -0.935075 0.309976 0.171899 -0.235621 0.246812 0.22134 0.943447 0.379436 0.207208 -0.14306 0.96778 0.384464 -0.978133 -0.012161 0.207627 -0.495042 -0.017934 -0.989639 -0.142452 0.445269 
1535381731202 0.254456 0.924602 -0.283484 -0.618866 -0.935067 0.310026 0.171855 -0.235541 0.246784 0.221347 0.943453 0.379481 0.206987 -0.143104 0.967821 0.38446 -0.978147 -0.0104119 0.207655 -0.495152 -0.0196393 -0.989653 -0.142131 0.445229 
1535381731286 0.254514 0.924584 -0.283492 -0.618649 -0.935058 0.310077 0.17181 -0.235462 0.246757 0.221354 0.943458 0.379526 0.206767 -0.143146 0.967862 0.384456 -0.978157 -0.00866301 0.207685 -0.495262 -0.0213447 -0.989664 -0.141811 0.44519 
1535381731412 0.254572 0.924565 -0.283501 -0.61843 -0.93505 0.310127 0.171765 -0.235382 0.246729 0.221361 0.943464 0.379572 0.206545 -0.143189 0.967903 0.384452 -0.978166 -0.00691389 0.207712 -0.495371 -0.0230501 -0.989671 -0.14149 0.44515 
1535381731419 0.25463 0.924547 -0.283509 -0.618212 -0.935041 0.310178 0.171721 -0.235302 0.246702 0.221367 0.943469 0.379617 0.206324 -0.143231 0.967944 0.384448 -0.97817 -0.00516482 0.20774 -0.495481 -0.0247554 -0.989676 -0.14117 0.445111 
1535381731632 0.254807 0.924506 -0.283483 -0.618405 -0.934969 0.310364 0.171779 -0.235469 0.246794 0.221277 0.943467 0.379598 0.20654 -0.143116 0.967915 0.384486 -0.978172 -0.00713318 0.207675 -0.495358 -0.0228172 -0.98968 -0.141465 0.44521 
1535381731648 0.254892 0.924468 -0.28353 -0.618252 -0.934974 0.310428 0.171632 -0.235386 0.246684 0.221345 0.943479 0.379632 0.206665 -0.142718 0.967947 0.384477 -0.978118 -0.00591366 0.207965 -0.495483 -0.0239563 -0.989746 -0.140817 0.445127 
1535381731665 0.254977 0.92443 -0.283577 -0.618095 -0.93498 0.310492 0.171486 -0.235302 0.246575 0.221414 0.943492 0.379666 0.206791 -0.14232 0.967979 0.384469 -0.978063 -0.00469532 0.208255 -0.495609 -0.0250939 -0.98981 -0.140169 0.445044 
1535381731750 0.255061 0.924392 -0.283625 -0.617938 -0.934985 0.310556 0.17134 -0.235217 0.246467 0.221483 0.943504 0.3797 0.206917 -0.141922 0.96801 0.384461 -0.978007 -0.00347684 0.208544 -0.495735 -0.0262314 -0.989872 -0.13952 0.444961 
1535381731859 0.255146 0.924354 -0.283673 -0.617781 -0.934991 0.31062 0.171194 -0.235132 0.246358 0.221552 0.943516 0.379735 0.207044 -0.141524 0.968041 0.384453 -0.977949 -0.00225825 0.208833 -0.495861 -0.0273689 -0.989932 -0.138871 0.444878 
1535381731928 0.255231 0.924316 -0.28372 -0.617623 -0.934997 0.310684 0.171047 -0.235047 0.246249 0.221621 0.943528 0.379769 0.20717 -0.141127 0.968072 0.384445 -0.977889 -0.00103947 0.20912 -0.495987 -0.0285062 -0.989991 -0.138222 0.444795 
1535381732041 0.255316 0.924278 -0.283768 -0.617467 -0.935002 0.310748 0.170901 -0.234963 0.24614 0.22169 0.943541 0.379803 0.207298 -0.140729 0.968103 0.384436 -0.977829 0.00017932 0.209407 -0.496113 -0.0296433 -0.990048 -0.137572 0.444712 
1535381732093 0.255401 0.92424 -0.283815 -0.617309 -0.935007 0.310812 0.170755 -0.234878 0.246031 0.221759 0.943553 0.379838 0.207426 -0.140332 0.968133 0.384428 -0.977766 0.00139833 0.209693 -0.496239 -0.0307804 -0.990104 -0.136922 0.44463 
1535381732219 0.255486 0.924202 -0.283863 -0.617153 -0.935013 0.310876 0.170608 -0.234794 0.245923 0.221827 0.943565 0.379872 0.207554 -0.139935 0.968163 0.38442 -0.977703 0.00261742 0.209978 -0.496365 -0.0319173 -0.990157 -0.136271 0.444547 
1535381732272 0.25557 0.924164 -0.28391 -0.616996 -0.935018 0.310939 0.170462 -0.234709 0.245814 0.221896 0.943577 0.379907 0.207683 -0.139538 0.968193 0.384412 -0.977638 0.00383654 0.210262 -0.496491 -0.033054 -0.990209 -0.135621 0.444464 
1535381732409 0.255437 0.924219 -0.28385 -0.617192 -0.935059 0.310798 0.1705 -0.234842 0.245799 0.221864 0.943588 0.379828 0.20751 -0.140196 0.968135 0.384418 -0.977736 0.00182863 0.209833 -0.496268 -0.031188 -0.990122 -0.136695 0.444584 
1535381732430 0.255403 0.924212 -0.283904 -0.616957 -0.935043 0.310797 0.170585 -0.234744 0.245893 0.221895 0.943557 0.379913 0.207902 -0.139855 0.9681 0.384411 -0.977652 0.00184769 0.210221 -0.496433 -0.0311891 -0.99017 -0.136345 0.444538 
1535381732444 0.255368 0.924205 -0.283958 -0.616719 -0.935028 0.310796 0.17067 -0.234645 0.245987 0.221926 0.943525 0.379999 0.208296 -0.139513 0.968064 0.384405 -0.977568 0.00186772 0.21061 -0.496599 -0.031191 -0.990218 -0.135995 0.444492 
1535381732640 0.255333 0.924198 -0.284013 -0.616481 -0.935013 0.310795 0.170754 -0.234545 0.24608 0.221957 0.943493 0.380085 0.20869 -0.139172 0.968029 0.384399 -0.977484 0.00188791 0.211 -0.496766 -0.0311927 -0.990266 -0.135644 0.444446 
1535381732734 0.255298 0.924191 -0.284067 -0.616242 -0.934998 0.310794 0.170839 -0.234445 0.246174 0.221987 0.943462 0.38017 0.209084 -0.13883 0.967993 0.384393 -0.9774 0.00190814 0.21139 -0.496932 -0.0311943 -0.990314 -0.135293 0.4444 
1535381732865 0.255263 0.924184 -0.284121 -0.616005 -0.934983 0.310793 0.170923 -0.234346 0.246267 0.222018 0.94343 0.380256 0.209477 -0.138488 0.967957 0.384387 -0.977316 0.00192872 0.211778 -0.497099 -0.0311957 -0.990362 -0.134943 0.444354 
1535381732979 0.255229 0.924177 -0.284176 -0.615765 -0.934968 0.310792 0.171008 -0.234246 0.246361 0.222049 0.943398 0.380342 0.209871 -0.138147 0.96792 0.384381 -0.977231 0.0019492 0.212168 -0.497265 -0.031197 -0.99041 -0.134592 0.444308 
1535381733098 0.255194 0.92417 -0.28423 -0.615527 -0.934953 0.310791 0.171092 -0.234147 0.246454 0.22208 0.943367 0.380428 0.210264 -0.137805 0.967884 0.384375 -0.977147 0.00197005 0.212557 -0.497432 -0.0311982 -0.990457 -0.134242 0.444262 
1535381733221 0.255159 0.924162 -0.284284 -0.615288 -0.934937 0.31079 0.171176 -0.234046 0.246548 0.222111 0.943335 0.380514 0.210658 -0.137464 0.967847 0.384369 -0.977062 0.00199081 0.212947 -0.497599 -0.0311992 -0.990505 -0.133891 0.444216 
1535381733330 0.255124 0.924155 -0.284339 -0.61505 -0.934922 0.310789 0.171261 -0.233947 0.246641 0.222142 0.943303 0.380599 0.211052 -0.137122 0.967809 0.384363 -0.976977 0.00201183 0.213336 -0.497765 -0.0312001 -0.990552 -0.13354 0.44417 
1535381733479 0.255079 0.924198 -0.284241 -0.615289 -0.934975 0.310692 0.17115 -0.233987 0.246488 0.222101 0.943353 0.380523 0.210603 -0.137556 0.967845 0.384375 -0.977071 0.00207766 0.212906 -0.497518 -0.0312974 -0.990492 -0.133965 0.444221 
1535381733494 0.255216 0.92416 -0.28424 -0.614951 -0.934915 0.310842 0.171203 -0.233871 0.246573 0.222047 0.943344 0.380612 0.210448 -0.136734 0.967996 0.384352 -0.977144 0.00100158 0.212578 -0.497598 -0.0300362 -0.990607 -0.133398 0.444113 
1535381733628 0.255353 0.924123 -0.28424 -0.614609 -0.934856 0.310993 0.171255 -0.233753 0.246657 0.221993 0.943334 0.380702 0.210293 -0.135912 0.968145 0.38433 -0.977215 -7.50921e-05 0.212252 -0.497678 -0.0287749 -0.990721 -0.132831 0.444005 
1535381733794 0.25549 0.924085 -0.284239 -0.614264 -0.934796 0.311144 0.171307 -0.233634 0.246741 0.221939 0.943325 0.380792 0.210136 -0.13509 0.968294 0.384307 -0.977285 -0.00115184 0.211927 -0.497758 -0.0275139 -0.990833 -0.132264 0.443897 
1535381733950 0.255627 0.924047 -0.284239 -0.613923 -0.934736 0.311295 0.171359 -0.233516 0.246826 0.221884 0.943316 0.380881 0.20998 -0.134268 0.968442 0.384284 -0.977353 -0.00222927 0.211603 -0.497838 -0.0262525 -0.990943 -0.131695 0.443789 
1535381734121 0.255764 0.924009 -0.284239 -0.613579 -0.934676 0.311445 0.171411 -0.233397 0.24691 0.22183 0.943306 0.380971 0.209821 -0.133446 0.96859 0.384261 -0.97742 -0.00330668 0.211279 -0.497918 -0.0249914 -0.991051 -0.131127 0.44368 
1535381734287 0.255901 0.923971 -0.284238 -0.613236 -0.934617 0.311596 0.171463 -0.233279 0.246994 0.221776 0.943297 0.381061 0.209662 -0.132624 0.968738 0.384239 -0.977486 -0.00438453 0.210956 -0.497999 -0.0237303 -0.991157 -0.130557 0.443572 
1535381734454 0.256038 0.923934 -0.284238 -0.612893 -0.934557 0.311747 0.171515 -0.23316 0.247079 0.221722 0.943288 0.381151 0.209502 -0.131802 0.968884 0.384216 -0.97755 -0.00546252 0.210633 -0.498079 -0.0224694 -0.991261 -0.129988 0.443464 
1535381734640 0.256175 0.923896 -0.284237 -0.612551 -0.934497 0.311897 0.171567 -0.233042 0.247163 0.221668 0.943278 0.38124 0.209341 -0.130981 0.969031 0.384193 -0.977613 -0.00654076 0.21031 -0.498159 -0.0212085 -0.991363 -0.129418 0.443356 
1535381734820 0.256312 0.923858 -0.284237 -0.612207 -0.934437 0.312048 0.171619 -0.232923 0.247247 0.221614 0.943269 0.38133 0.209178 -0.13016 0.969176 0.384171 -0.977674 -0.00761929 0.209989 -0.498239 -0.0199476 -0.991464 -0.128847 0.443248 
1535381735014 0.256289 0.923871 -0.284215 -0.612436 -0.934435 0.312029 0.171663 -0.233018 0.247278 0.221585 0.943268 0.381344 0.209297 -0.130765 0.969069 0.38422 -0.977626 -0.00667498 0.210244 -0.498174 -0.021024 -0.991391 -0.129236 0.443308 
1535381735033 0.25641 0.923801 -0.284333 -0.612092 -0.934355 0.312209 0.171776 -0.23288 0.247458 0.221623 0.943211 0.381441 0.20926 -0.129738 0.969215 0.384209 -0.977661 -0.00774483 0.210047 -0.498273 -0.0197447 -0.991518 -0.128461 0.44316 
1535381735052 0.256531 0.923731 -0.284452 -0.611744 -0.934274 0.31239 0.171888 -0.23274 0.247638 0.221661 0.943155 0.381538 0.209223 -0.128713 0.96936 0.384197 -0.977694 -0.00881541 0.209851 -0.498373 -0.0184652 -0.991643 -0.127686 0.443012 
1535381735252 0.256652 0.923661 -0.28457 -0.611397 -0.934193 0.31257 0.171999 -0.2326 0.247817 0.221699 0.943099 0.381635 0.209184 -0.127688 0.969504 0.384186 -0.977725 -0.00988623 0.209656 -0.498473 -0.0171857 -0.991765 -0.126912 0.442864 
1535381735430 0.256773 0.923591 -0.284689 -0.611049 -0.934112 0.31275 0.172111 -0.23246 0.247996 0.221738 0.943043 0.381733 0.209144 -0.126662 0.969647 0.384175 -0.977755 -0.0109573 0.209462 -0.498572 -0.0159063 -0.991885 -0.126137 0.442716 
