1533678371553 0.573246 0.816057 -0.0737539 -0.401 -0.819028 0.573323 -0.0222395 -0.285331 0.0241361 0.0731552 0.997028 0.405738 0.16008 -0.304787 0.938871 0.370831 -0.775623 0.549475 0.310623 -0.528794 -0.61056 -0.777934 -0.14844 0.432481 
1533678371565 0.531402 0.83051 -0.16693 -0.425619 -0.843879 0.53621 -0.0186374 -0.279812 0.0740312 0.150773 0.985793 0.411336 0.316241 -0.38488 0.867098 0.400864 -0.930001 -0.306251 0.203246 -0.504429 0.187325 -0.870677 -0.454788 0.485926 
1533678372833 0.484074 0.83601 -0.25838 -0.450093 -0.866807 0.498524 -0.0109448 -0.274154 0.119659 0.229264 0.965981 0.416656 0.316241 -0.38488 0.867098 0.400864 -0.930001 -0.306251 0.203246 -0.504429 0.187325 -0.870677 -0.454788 0.485926 
1533678372839 0.43173 0.832516 -0.347168 -0.474602 -0.887586 0.460642 0.000849441 -0.26853 0.160628 0.307775 0.937802 0.422051 0.316241 -0.38488 0.867098 0.400864 -0.930001 -0.306251 0.203246 -0.504429 0.187325 -0.870677 -0.454788 0.485926 
1533678374393 0.374925 0.820067 -0.432344 -0.49914 -0.905992 0.422969 0.0166177 -0.262937 0.196496 0.385469 0.901556 0.427485 0.316241 -0.38488 0.867098 0.400864 -0.930001 -0.306251 0.203246 -0.504429 0.187325 -0.870677 -0.454788 0.485926 
1533678375384 0.314267 0.798795 -0.512995 -0.523686 -0.921828 0.385907 0.0361817 -0.257356 0.22687 0.461522 0.857629 0.432913 0.316241 -0.38488 0.867098 0.400864 -0.930001 -0.306251 0.203246 -0.504429 0.187325 -0.870677 -0.454788 0.485926 
1533678376379 0.250396 0.768929 -0.58826 -0.548245 -0.934925 0.349849 0.0593396 -0.251801 0.25143 0.535121 0.806492 0.438331 0.316241 -0.38488 0.867098 0.400864 -0.930001 -0.306251 0.203246 -0.504429 0.187325 -0.870677 -0.454788 0.485926 
1533678377351 0.183985 0.730794 -0.657336 -0.572828 -0.945142 0.315174 0.0858545 -0.246287 0.269917 0.60548 0.748692 0.443735 0.316241 -0.38488 0.867098 0.400864 -0.930001 -0.306251 0.203246 -0.504429 0.187325 -0.870677 -0.454788 0.485926 
1533678378326 0.115737 0.684794 -0.719488 -0.597434 -0.952368 0.282254 0.115446 -0.240813 0.282135 0.671856 0.684843 0.449134 0.316241 -0.38488 0.867098 0.400864 -0.930001 -0.306251 0.203246 -0.504429 0.187325 -0.870677 -0.454788 0.485926 
1533678379293 0.046062 0.631644 -0.773889 -0.622066 -0.956495 0.251312 0.148189 -0.236109 0.28809 0.733395 0.61574 0.454169 0.316531 -0.385118 0.866887 0.401814 -0.929976 -0.306103 0.20358 -0.50615 0.186955 -0.870623 -0.455042 0.486735 
1533678380288 0.0474655 0.632649 -0.772983 -0.621573 -0.956357 0.252153 0.147649 -0.236312 0.288319 0.732239 0.617007 0.454205 0.316531 -0.385118 0.866887 0.401814 -0.929976 -0.306103 0.20358 -0.50615 0.186955 -0.870623 -0.455042 0.486735 
1533678380299 0.0404534 0.626814 -0.778118 -0.624033 -0.95662 0.249164 0.150981 -0.235609 0.288516 0.738255 0.609703 0.4548 0.31622 -0.384863 0.867113 0.400795 -0.930002 -0.306262 0.203222 -0.504305 0.187352 -0.87068 -0.454769 0.485867 
1533678380625 0.033397 0.62089 -0.783186 -0.62651 -0.956855 0.246174 0.154357 -0.234907 0.288639 0.744241 0.602323 0.455393 0.31622 -0.384863 0.867113 0.400795 -0.930002 -0.306262 0.203222 -0.504304 0.187351 -0.87068 -0.454769 0.485867 
1533678380955 0.0263385 0.614895 -0.788169 -0.628987 -0.957059 0.243208 0.157758 -0.234206 0.288694 0.750169 0.594897 0.455985 0.31622 -0.384863 0.867113 0.400795 -0.930002 -0.306262 0.203222 -0.504304 0.187351 -0.87068 -0.454769 0.485867 
1533678381282 0.0192794 0.608831 -0.793066 -0.631464 -0.957231 0.240269 0.161183 -0.233504 0.288682 0.756039 0.587424 0.456578 0.31622 -0.384863 0.867113 0.400795 -0.930002 -0.306262 0.203222 -0.504304 0.187351 -0.87068 -0.454769 0.485867 
1533678381614 0.0122195 0.602698 -0.797876 -0.633941 -0.957371 0.237356 0.164631 -0.232803 0.288604 0.761851 0.579906 0.45717 0.31622 -0.384863 0.867113 0.400795 -0.930002 -0.306262 0.203222 -0.504304 0.187351 -0.87068 -0.454769 0.485867 
1533678381949 0.00516049 0.596498 -0.802598 -0.636417 -0.957479 0.234469 0.168103 -0.232101 0.288458 0.767603 0.572344 0.457763 0.31622 -0.384863 0.867113 0.400795 -0.930002 -0.306262 0.203222 -0.504304 0.187351 -0.87068 -0.454769 0.485867 
1533678382278 -0.00189726 0.59023 -0.807233 -0.638894 -0.957555 0.231609 0.171598 -0.2314 0.288245 0.773296 0.564738 0.458356 0.31622 -0.384863 0.867113 0.400795 -0.930002 -0.306262 0.203222 -0.504304 0.187351 -0.87068 -0.454769 0.485867 
1533678382607 -0.00895292 0.583895 -0.81178 -0.641371 -0.957599 0.228776 0.175115 -0.230698 0.287964 0.778928 0.557089 0.458948 0.31622 -0.384863 0.867113 0.400795 -0.930002 -0.306262 0.203222 -0.504304 0.187351 -0.87068 -0.45477 0.485867 
1533678382613 -0.0160052 0.577494 -0.816238 -0.643847 -0.957612 0.225971 0.178653 -0.229995 0.287617 0.784499 0.549398 0.459541 0.31622 -0.384863 0.867113 0.400795 -0.930002 -0.306262 0.203222 -0.504304 0.187351 -0.87068 -0.45477 0.485867 
1533678383109 -0.0149287 0.578224 -0.815741 -0.643466 -0.957558 0.226599 0.178145 -0.230201 0.287854 0.783779 0.550301 0.459391 0.31622 -0.384863 0.867113 0.400795 -0.930002 -0.306262 0.203222 -0.504304 0.187351 -0.87068 -0.45477 0.485867 
1533678383119 -0.0157375 0.577507 -0.816234 -0.643747 -0.957564 0.226258 0.178546 -0.230102 0.287791 0.784406 0.549439 0.459468 0.31622 -0.384863 0.867113 0.400795 -0.930002 -0.306262 0.203222 -0.504304 0.187351 -0.87068 -0.45477 0.485867 
1533678383136 -0.0165502 0.576791 -0.816724 -0.644033 -0.957569 0.225917 0.178952 -0.230012 0.28773 0.785031 0.548578 0.459542 0.31622 -0.384863 0.867113 0.400795 -0.930002 -0.306262 0.203222 -0.504304 0.187351 -0.87068 -0.45477 0.485867 
1533678383220 -0.0173628 0.576074 -0.817213 -0.64432 -0.957573 0.225575 0.179359 -0.229923 0.287667 0.785656 0.547716 0.459616 0.31622 -0.384863 0.867113 0.400795 -0.930002 -0.306262 0.203222 -0.504304 0.187351 -0.87068 -0.45477 0.485867 
1533678383304 -0.0181753 0.575356 -0.817701 -0.644606 -0.957577 0.225235 0.179765 -0.229833 0.287604 0.786279 0.546854 0.45969 0.31622 -0.384863 0.867113 0.400795 -0.930002 -0.306262 0.203222 -0.504304 0.187351 -0.87068 -0.45477 0.485867 
1533678383381 -0.0189876 0.574637 -0.818188 -0.644892 -0.957581 0.224894 0.180172 -0.229743 0.287539 0.786902 0.545991 0.459764 0.31622 -0.384863 0.867113 0.400795 -0.930002 -0.306262 0.203222 -0.504304 0.187351 -0.87068 -0.45477 0.485867 
1533678383463 -0.0198 0.573918 -0.818674 -0.645179 -0.957584 0.224554 0.180579 -0.229653 0.287474 0.787524 0.545128 0.459838 0.31622 -0.384863 0.867113 0.400795 -0.930002 -0.306262 0.203222 -0.504304 0.187351 -0.87068 -0.45477 0.485867 
1533678383556 -0.0206124 0.573197 -0.819158 -0.645465 -0.957586 0.224214 0.180987 -0.229564 0.287408 0.788145 0.544264 0.459912 0.31622 -0.384863 0.867113 0.400795 -0.930002 -0.306262 0.203222 -0.504304 0.187351 -0.87068 -0.45477 0.485867 
1533678383563 -0.0214249 0.572476 -0.819641 -0.645752 -0.957589 0.223875 0.181395 -0.229475 0.287341 0.788766 0.5434 0.459985 0.31622 -0.384863 0.867113 0.400795 -0.930002 -0.306262 0.203222 -0.504304 0.187351 -0.87068 -0.45477 0.485867 
1533678383716 -0.0222369 0.571754 -0.820124 -0.646038 -0.95759 0.223536 0.181803 -0.229385 0.287274 0.789385 0.542535 0.46006 0.31622 -0.384863 0.867113 0.400795 -0.930002 -0.306262 0.203222 -0.504304 0.187351 -0.87068 -0.45477 0.485867 
1533678383840 -0.0213267 0.572385 -0.819708 -0.645771 -0.957579 0.22398 0.181314 -0.229556 0.28738 0.788802 0.543327 0.459971 0.31622 -0.384863 0.867113 0.400795 -0.930002 -0.306262 0.203222 -0.504304 0.187351 -0.87068 -0.45477 0.485867 
1533678383851 -0.0217225 0.572445 -0.819655 -0.645764 -0.957567 0.223758 0.18165 -0.22957 0.287389 0.788821 0.543294 0.459999 0.31622 -0.384863 0.867113 0.400795 -0.930002 -0.306262 0.203222 -0.504304 0.187351 -0.87068 -0.45477 0.485867 
1533678383967 -0.0221232 0.572508 -0.8196 -0.645763 -0.957555 0.223535 0.181991 -0.229594 0.2874 0.788839 0.543263 0.460025 0.31622 -0.384863 0.867113 0.400795 -0.930002 -0.306262 0.203222 -0.504304 0.187351 -0.87068 -0.45477 0.485867 
1533678384082 -0.0225239 0.572571 -0.819546 -0.645762 -0.957542 0.223311 0.182332 -0.229617 0.287411 0.788856 0.543231 0.46005 0.31622 -0.384863 0.867113 0.400795 -0.930002 -0.306262 0.203222 -0.504304 0.187351 -0.87068 -0.45477 0.485867 
1533678384202 -0.0229246 0.572634 -0.81949 -0.645761 -0.95753 0.223087 0.182673 -0.229641 0.287422 0.788874 0.5432 0.460076 0.31622 -0.384863 0.867113 0.400795 -0.930002 -0.306262 0.203222 -0.504304 0.187351 -0.87068 -0.45477 0.485867 
1533678384328 -0.0233252 0.572697 -0.819435 -0.645759 -0.957517 0.222864 0.183013 -0.229664 0.287433 0.788892 0.543168 0.460101 0.31622 -0.384863 0.867113 0.400795 -0.930002 -0.306262 0.203222 -0.504304 0.187351 -0.87068 -0.45477 0.485867 
1533678384459 -0.0237259 0.57276 -0.81938 -0.645758 -0.957503 0.22264 0.183354 -0.229687 0.287444 0.788909 0.543137 0.460127 0.31622 -0.384863 0.867113 0.400795 -0.930002 -0.306262 0.203222 -0.504304 0.187351 -0.87068 -0.45477 0.485867 
1533678384586 -0.0241264 0.572822 -0.819324 -0.645757 -0.95749 0.222416 0.183695 -0.22971 0.287455 0.788927 0.543106 0.460152 0.31622 -0.384863 0.867113 0.400795 -0.930002 -0.306262 0.203222 -0.504304 0.187351 -0.87068 -0.45477 0.485867 
1533678384711 -0.0245273 0.572885 -0.819269 -0.645756 -0.957477 0.222192 0.184036 -0.229735 0.287466 0.788945 0.543074 0.460177 0.31622 -0.384863 0.867113 0.400795 -0.930002 -0.306262 0.203222 -0.504304 0.187351 -0.87068 -0.45477 0.485867 
1533678384840 -0.0249279 0.572947 -0.819213 -0.645755 -0.957463 0.221968 0.184377 -0.229758 0.287477 0.788962 0.543043 0.460203 0.31622 -0.384863 0.867113 0.400795 -0.930002 -0.306262 0.203222 -0.504304 0.187351 -0.87068 -0.45477 0.485867 
1533678384968 -0.0246784 0.572995 -0.819187 -0.645771 -0.957524 0.221943 0.184088 -0.229702 0.287294 0.788935 0.543179 0.460196 0.31622 -0.384863 0.867113 0.400795 -0.930002 -0.306262 0.203222 -0.504304 0.187351 -0.87068 -0.45477 0.485867 
1533678384981 -0.0247098 0.573019 -0.819169 -0.645756 -0.957522 0.221924 0.184122 -0.2297 0.287299 0.788922 0.543195 0.46022 0.31622 -0.384863 0.867113 0.400795 -0.930002 -0.306262 0.203222 -0.504304 0.187351 -0.87068 -0.45477 0.485867 
1533678384998 -0.0247446 0.573045 -0.81915 -0.645744 -0.957519 0.221905 0.18416 -0.229706 0.287305 0.788909 0.543211 0.460242 0.31622 -0.384863 0.867113 0.400795 -0.930002 -0.306262 0.203222 -0.504304 0.187351 -0.87068 -0.45477 0.485867 
1533678385015 -0.0247794 0.573072 -0.819131 -0.645733 -0.957517 0.221885 0.184198 -0.229713 0.287311 0.788895 0.543227 0.460264 0.31622 -0.384863 0.867113 0.400795 -0.930002 -0.306262 0.203222 -0.504304 0.187351 -0.87068 -0.45477 0.485867 
1533678385031 -0.0248142 0.573098 -0.819111 -0.645723 -0.957514 0.221865 0.184237 -0.229721 0.287318 0.788882 0.543244 0.460286 0.31622 -0.384863 0.867113 0.400795 -0.930002 -0.306262 0.203222 -0.504304 0.187351 -0.87068 -0.45477 0.485867 
1533678385048 -0.0248489 0.573124 -0.819092 -0.645712 -0.957511 0.221845 0.184275 -0.229728 0.287324 0.788868 0.54326 0.460308 0.31622 -0.384863 0.867113 0.400795 -0.930002 -0.306262 0.203222 -0.504304 0.187351 -0.87068 -0.45477 0.485867 
1533678385065 -0.0248838 0.573151 -0.819072 -0.645701 -0.957508 0.221826 0.184313 -0.229735 0.28733 0.788855 0.543277 0.46033 0.31622 -0.384863 0.867113 0.400795 -0.930002 -0.306262 0.203222 -0.504304 0.187351 -0.87068 -0.45477 0.485867 
1533678385081 -0.0249188 0.573177 -0.819053 -0.645691 -0.957505 0.221806 0.184352 -0.229742 0.287337 0.788841 0.543293 0.460352 0.31622 -0.384863 0.867113 0.400795 -0.930002 -0.306262 0.203222 -0.504304 0.187351 -0.87068 -0.45477 0.485867 
1533678385098 -0.0249535 0.573203 -0.819033 -0.64568 -0.957503 0.221786 0.18439 -0.229749 0.287343 0.788828 0.543309 0.460374 0.31622 -0.384863 0.867113 0.400795 -0.930002 -0.306262 0.203222 -0.504304 0.187351 -0.87068 -0.45477 0.485867 
1533678385115 -0.0249882 0.57323 -0.819014 -0.645669 -0.9575 0.221766 0.184428 -0.229756 0.287349 0.788814 0.543326 0.460396 0.31622 -0.384863 0.867113 0.400795 -0.930002 -0.306262 0.203222 -0.504304 0.187351 -0.87068 -0.45477 0.485867 
1533678385160 -0.0247226 0.572997 -0.819184 -0.645761 -0.957465 0.222077 0.184233 -0.229751 0.287487 0.788896 0.543135 0.460261 0.31622 -0.384863 0.867113 0.400795 -0.930002 -0.306262 0.203222 -0.504304 0.187351 -0.87068 -0.45477 0.485867 
1533678385171 -0.0247557 0.572948 -0.819218 -0.645739 -0.957499 0.221976 0.184181 -0.229768 0.287373 0.78896 0.543102 0.460303 0.31622 -0.384863 0.867113 0.400795 -0.930002 -0.306262 0.203222 -0.504304 0.187351 -0.87068 -0.45477 0.485867 
1533678385188 -0.0247841 0.572896 -0.819253 -0.64571 -0.957533 0.221877 0.184124 -0.229774 0.287258 0.789025 0.543068 0.460349 0.31622 -0.384863 0.867113 0.400795 -0.930002 -0.306262 0.203222 -0.504304 0.187351 -0.87068 -0.45477 0.485867 
1533678385205 -0.0248126 0.572844 -0.819289 -0.645682 -0.957566 0.221778 0.184067 -0.229781 0.287142 0.78909 0.543034 0.460394 0.31622 -0.384863 0.867113 0.400795 -0.930002 -0.306262 0.203222 -0.504304 0.187351 -0.87068 -0.45477 0.485867 
1533678385306 -0.024841 0.572792 -0.819324 -0.645654 -0.9576 0.221679 0.18401 -0.229787 0.287027 0.789156 0.542999 0.460439 0.31622 -0.384863 0.867113 0.400795 -0.930002 -0.306262 0.203222 -0.504304 0.187351 -0.87068 -0.45477 0.485867 
1533678385323 -0.0248692 0.57274 -0.819359 -0.645625 -0.957634 0.221581 0.183953 -0.229793 0.286912 0.789221 0.542965 0.460484 0.31622 -0.384863 0.867113 0.400795 -0.930002 -0.306262 0.203222 -0.504304 0.187351 -0.87068 -0.45477 0.485867 
1533678385339 -0.0248976 0.572689 -0.819395 -0.645597 -0.957668 0.221482 0.183896 -0.229799 0.286796 0.789287 0.542931 0.460529 0.31622 -0.384863 0.867113 0.400795 -0.930002 -0.306262 0.203222 -0.504304 0.187351 -0.87068 -0.45477 0.485867 
1533678385371 -0.0249262 0.572637 -0.81943 -0.645569 -0.957702 0.221383 0.18384 -0.229806 0.286681 0.789352 0.542897 0.460574 0.31622 -0.384863 0.867113 0.400795 -0.930002 -0.306262 0.203222 -0.504304 0.187351 -0.87068 -0.45477 0.485867 
1533678385435 -0.0249548 0.572585 -0.819465 -0.645541 -0.957736 0.221284 0.183783 -0.229813 0.286566 0.789417 0.542863 0.460619 0.31622 -0.384863 0.867113 0.400795 -0.930002 -0.306262 0.203222 -0.504304 0.187351 -0.87068 -0.45477 0.485867 
1533678385457 -0.0249829 0.572533 -0.819501 -0.645512 -0.957769 0.221185 0.183726 -0.229819 0.28645 0.789483 0.542829 0.460664 0.31622 -0.384863 0.867113 0.400795 -0.930002 -0.306262 0.203222 -0.504304 0.187351 -0.87068 -0.45477 0.485867 
1533678385505 -0.0249636 0.572561 -0.819482 -0.645654 -0.957671 0.221463 0.183906 -0.229791 0.286782 0.789385 0.542796 0.460471 0.31622 -0.384863 0.867113 0.400795 -0.930002 -0.306262 0.203222 -0.504304 0.187351 -0.87068 -0.45477 0.485867 
1533678385517 -0.0252838 0.572423 -0.819568 -0.645606 -0.957703 0.221206 0.184046 -0.229911 0.286646 0.789556 0.542619 0.460514 0.31622 -0.384863 0.867113 0.400795 -0.930002 -0.306262 0.203222 -0.504304 0.187351 -0.87068 -0.45477 0.485867 
1533678385663 -0.0256094 0.572289 -0.819652 -0.645563 -0.957734 0.220949 0.184192 -0.230041 0.286512 0.789726 0.542442 0.460554 0.31622 -0.384863 0.867113 0.400795 -0.930002 -0.306262 0.203222 -0.504304 0.187351 -0.87068 -0.45477 0.485867 
1533678385769 -0.0259353 0.572155 -0.819736 -0.645521 -0.957766 0.220691 0.184339 -0.230171 0.286378 0.789895 0.542266 0.460594 0.31622 -0.384863 0.867113 0.400795 -0.930002 -0.306262 0.203222 -0.504304 0.187351 -0.87068 -0.45477 0.485867 
1533678385867 -0.0262605 0.57202 -0.819819 -0.645478 -0.957797 0.220433 0.184485 -0.2303 0.286244 0.790065 0.54209 0.460635 0.31622 -0.384863 0.867113 0.400795 -0.930002 -0.306262 0.203222 -0.504304 0.187351 -0.87068 -0.45477 0.485867 
1533678385960 -0.0265863 0.571885 -0.819903 -0.645436 -0.957828 0.220175 0.184631 -0.23043 0.28611 0.790234 0.541914 0.460675 0.31622 -0.384863 0.867113 0.400795 -0.930002 -0.306262 0.203222 -0.504304 0.187351 -0.87068 -0.45477 0.485867 
1533678386054 -0.0269118 0.57175 -0.819986 -0.645394 -0.957859 0.219917 0.184778 -0.23056 0.285976 0.790404 0.541738 0.460715 0.31622 -0.384863 0.867113 0.400795 -0.930002 -0.306262 0.203222 -0.504304 0.187351 -0.87068 -0.45477 0.485867 
1533678386152 -0.027237 0.571615 -0.82007 -0.645351 -0.95789 0.219659 0.184924 -0.23069 0.285841 0.790573 0.541561 0.460756 0.31622 -0.384863 0.867113 0.400795 -0.930002 -0.306262 0.203222 -0.504304 0.187351 -0.87068 -0.45477 0.485867 
1533678386257 -0.0275627 0.57148 -0.820153 -0.645309 -0.957921 0.219401 0.185071 -0.23082 0.285707 0.790742 0.541385 0.460796 0.31622 -0.384863 0.867113 0.400795 -0.930002 -0.306262 0.203222 -0.504304 0.187351 -0.87068 -0.45477 0.485867 
1533678386351 -0.027888 0.571345 -0.820236 -0.645267 -0.957951 0.219143 0.185217 -0.230949 0.285572 0.790912 0.541209 0.460836 0.31622 -0.384863 0.867113 0.400795 -0.930002 -0.306262 0.203222 -0.504304 0.187351 -0.87068 -0.45477 0.485867 
1533678386481 -0.0276516 0.571473 -0.820155 -0.645324 -0.957906 0.219387 0.185162 -0.230803 0.285746 0.790751 0.541352 0.460825 0.31622 -0.384863 0.867113 0.400795 -0.930002 -0.306262 0.203222 -0.504304 0.187351 -0.87068 -0.45477 0.485867 
1533678386493 -0.0280204 0.571338 -0.820237 -0.645268 -0.957952 0.219061 0.185312 -0.230952 0.285557 0.79094 0.541176 0.460856 0.31622 -0.384863 0.867113 0.400795 -0.930002 -0.306262 0.203222 -0.504304 0.187351 -0.87068 -0.45477 0.485867 
1533678386509 -0.0283932 0.571204 -0.820317 -0.645218 -0.957997 0.218733 0.185467 -0.231111 0.285369 0.791127 0.541002 0.460884 0.31622 -0.384863 0.867113 0.400795 -0.930002 -0.306262 0.203222 -0.504304 0.187351 -0.87068 -0.45477 0.485867 
1533678386654 -0.0287659 0.571071 -0.820397 -0.645168 -0.958042 0.218404 0.185622 -0.231269 0.285181 0.791314 0.540827 0.460912 0.31622 -0.384863 0.867113 0.400795 -0.930002 -0.306262 0.203222 -0.504304 0.187351 -0.87068 -0.45477 0.485867 
1533678386778 -0.0291387 0.570937 -0.820477 -0.645118 -0.958087 0.218076 0.185776 -0.231428 0.284993 0.791501 0.540653 0.460941 0.31622 -0.384863 0.867113 0.400795 -0.930002 -0.306262 0.203222 -0.504304 0.187351 -0.87068 -0.45477 0.485867 
1533678386898 -0.0295117 0.570803 -0.820556 -0.645068 -0.958131 0.217748 0.185932 -0.231587 0.284805 0.791688 0.540478 0.460969 0.31622 -0.384863 0.867113 0.400795 -0.930002 -0.306262 0.203222 -0.504304 0.187351 -0.87068 -0.45477 0.485867 
1533678387015 -0.029884 0.570669 -0.820636 -0.645018 -0.958176 0.21742 0.186086 -0.231745 0.284616 0.791875 0.540304 0.460997 0.31622 -0.384863 0.867113 0.400795 -0.930002 -0.306262 0.203222 -0.504304 0.187351 -0.87068 -0.45477 0.485867 
1533678387133 -0.0302569 0.570535 -0.820716 -0.644968 -0.95822 0.217092 0.186241 -0.231904 0.284428 0.792061 0.540129 0.461026 0.31622 -0.384863 0.867113 0.400795 -0.930002 -0.306262 0.203222 -0.504304 0.187351 -0.87068 -0.45477 0.485867 
1533678387262 -0.0306293 0.570401 -0.820795 -0.644917 -0.958264 0.216764 0.186396 -0.232062 0.284239 0.792248 0.539955 0.461054 0.31622 -0.384863 0.867113 0.400795 -0.930002 -0.306262 0.203222 -0.504304 0.187351 -0.87068 -0.45477 0.485867 
1533678387398 -0.0310022 0.570266 -0.820875 -0.644868 -0.958308 0.216435 0.186552 -0.232222 0.28405 0.792434 0.539781 0.461082 0.31622 -0.384863 0.867113 0.400795 -0.930002 -0.306262 0.203222 -0.504304 0.187351 -0.87068 -0.45477 0.485867 
1533678387546 -0.0307931 0.570406 -0.820785 -0.644918 -0.958246 0.216709 0.186553 -0.232057 0.284283 0.792259 0.539916 0.461091 0.31622 -0.384863 0.867113 0.400795 -0.930002 -0.306262 0.203222 -0.504304 0.187351 -0.87068 -0.45477 0.485867 
1533678387557 -0.0309028 0.570252 -0.820889 -0.644838 -0.958243 0.216683 0.186598 -0.232144 0.28428 0.792377 0.539743 0.461114 0.31622 -0.384863 0.867113 0.400795 -0.930002 -0.306262 0.203222 -0.504304 0.187351 -0.87068 -0.45477 0.485867 
1533678387574 -0.0310165 0.5701 -0.82099 -0.644763 -0.958239 0.216655 0.186648 -0.232242 0.28428 0.792494 0.539572 0.461134 0.31622 -0.384863 0.867113 0.400795 -0.930002 -0.306262 0.203222 -0.504304 0.187351 -0.87068 -0.45477 0.485867 
1533678387590 -0.03113 0.569948 -0.821091 -0.644688 -0.958236 0.216628 0.186699 -0.232339 0.28428 0.792611 0.539401 0.461154 0.31622 -0.384863 0.867113 0.400795 -0.930002 -0.306262 0.203222 -0.504304 0.187351 -0.87068 -0.45477 0.485867 
1533678387607 -0.0312436 0.569796 -0.821192 -0.644614 -0.958232 0.2166 0.186749 -0.232436 0.284279 0.792727 0.53923 0.461174 0.31622 -0.384863 0.867113 0.400795 -0.930002 -0.306262 0.203222 -0.504304 0.187351 -0.87068 -0.45477 0.485867 
1533678387624 -0.0313571 0.569644 -0.821293 -0.644539 -0.958229 0.216573 0.186799 -0.232532 0.284279 0.792844 0.539058 0.461194 0.31622 -0.384863 0.867113 0.400795 -0.930002 -0.306262 0.203222 -0.504304 0.187351 -0.87068 -0.45477 0.485867 
1533678387667 -0.0314708 0.569492 -0.821394 -0.644464 -0.958225 0.216545 0.186849 -0.23263 0.284278 0.792961 0.538887 0.461214 0.31622 -0.384863 0.867113 0.400795 -0.930002 -0.306262 0.203222 -0.504304 0.187351 -0.87068 -0.45477 0.485867 
1533678387746 -0.0315846 0.56934 -0.821495 -0.64439 -0.958222 0.216518 0.1869 -0.232727 0.284278 0.793077 0.538716 0.461234 0.31622 -0.384863 0.867113 0.400795 -0.930002 -0.306262 0.203222 -0.504304 0.187351 -0.87068 -0.45477 0.485867 
1533678387763 -0.031698 0.569188 -0.821596 -0.644315 -0.958218 0.21649 0.18695 -0.232824 0.284277 0.793194 0.538544 0.461254 0.31622 -0.384863 0.867113 0.400795 -0.930002 -0.306262 0.203222 -0.504304 0.187351 -0.87068 -0.45477 0.485867 
1533678387780 -0.0318115 0.569036 -0.821697 -0.64424 -0.958214 0.216463 0.187 -0.232921 0.284277 0.79331 0.538373 0.461274 0.31622 -0.384863 0.867113 0.400795 -0.930002 -0.306262 0.203222 -0.504304 0.187351 -0.87068 -0.45477 0.485867 
1533678387867 -0.0315342 0.569517 -0.821374 -0.644423 -0.95814 0.216737 0.187064 -0.232598 0.284558 0.792891 0.538843 0.461285 0.31622 -0.384863 0.867113 0.400795 -0.930002 -0.306262 0.203222 -0.504304 0.187351 -0.87068 -0.45477 0.485867 
1533678387879 -0.0316436 0.569471 -0.821402 -0.644279 -0.958132 0.216701 0.187148 -0.232671 0.284574 0.792933 0.538771 0.461325 0.31622 -0.384863 0.867113 0.400795 -0.930002 -0.306262 0.203222 -0.504304 0.187351 -0.87068 -0.45477 0.485867 
1533678387897 -0.0317558 0.569427 -0.821428 -0.644136 -0.958123 0.216663 0.187235 -0.232752 0.28459 0.792975 0.538701 0.461363 0.31622 -0.384863 0.867113 0.400795 -0.930002 -0.306262 0.203222 -0.504304 0.187351 -0.87068 -0.45477 0.485867 
1533678387912 -0.0318684 0.569384 -0.821454 -0.643995 -0.958114 0.216626 0.187323 -0.232835 0.284607 0.793016 0.538632 0.461401 0.31622 -0.384863 0.867113 0.400795 -0.930002 -0.306262 0.203222 -0.504304 0.187351 -0.87068 -0.45477 0.485867 
1533678387929 -0.0319811 0.569341 -0.821479 -0.643854 -0.958106 0.216589 0.187411 -0.232917 0.284624 0.793058 0.538562 0.461439 0.31622 -0.384863 0.867113 0.400795 -0.930002 -0.306262 0.203222 -0.504304 0.187351 -0.87068 -0.45477 0.485867 
1533678387986 -0.032094 0.569298 -0.821505 -0.643714 -0.958097 0.216551 0.187499 -0.233 0.284641 0.793099 0.538492 0.461476 0.31622 -0.384863 0.867113 0.400795 -0.930002 -0.306262 0.203222 -0.504304 0.187351 -0.87068 -0.45477 0.485867 
1533678388045 -0.0322067 0.569254 -0.82153 -0.643573 -0.958088 0.216514 0.187587 -0.233082 0.284657 0.79314 0.538423 0.461514 0.31622 -0.384863 0.867113 0.400795 -0.930002 -0.306262 0.203222 -0.504304 0.187351 -0.87068 -0.45477 0.485867 
1533678388082 -0.0323192 0.569211 -0.821556 -0.643432 -0.958079 0.216477 0.187675 -0.233164 0.284674 0.793181 0.538353 0.461552 0.31622 -0.384863 0.867113 0.400795 -0.930002 -0.306262 0.203222 -0.504304 0.187351 -0.87068 -0.45477 0.485867 
1533678388119 -0.0324321 0.569168 -0.821581 -0.643291 -0.958071 0.216439 0.187763 -0.233247 0.284691 0.793223 0.538283 0.46159 0.31622 -0.384863 0.867113 0.400795 -0.930002 -0.306262 0.203222 -0.504304 0.187351 -0.87068 -0.45477 0.485867 
1533678388164 -0.0325446 0.569124 -0.821607 -0.64315 -0.958062 0.216402 0.187851 -0.233329 0.284708 0.793264 0.538214 0.461628 0.31622 -0.384863 0.867113 0.400795 -0.930002 -0.306262 0.203222 -0.504304 0.187351 -0.87068 -0.45477 0.485867 
1533678388220 -0.0324144 0.569214 -0.82155 -0.643494 -0.95807 0.216442 0.187763 -0.233055 0.284696 0.793189 0.538331 0.461512 0.31622 -0.384863 0.867113 0.400795 -0.930002 -0.306262 0.203222 -0.504304 0.187351 -0.87068 -0.45477 0.485867 
1533678388230 -0.0326236 0.569201 -0.821551 -0.643322 -0.958082 0.216277 0.18789 -0.233112 0.28463 0.793243 0.538286 0.461597 0.31622 -0.384863 0.867113 0.400795 -0.930002 -0.306262 0.203222 -0.504304 0.187351 -0.87068 -0.45477 0.485867 
1533678388247 -0.0328365 0.56919 -0.82155 -0.64315 -0.958094 0.216112 0.188022 -0.233179 0.284567 0.793296 0.538241 0.461679 0.31622 -0.384863 0.867113 0.400795 -0.930002 -0.306262 0.203222 -0.504304 0.187351 -0.87068 -0.45477 0.485867 
1533678388264 -0.0330494 0.569179 -0.821549 -0.64298 -0.958105 0.215947 0.188154 -0.233245 0.284504 0.793348 0.538197 0.461761 0.31622 -0.384863 0.867113 0.400795 -0.930002 -0.306262 0.203222 -0.504304 0.187351 -0.87068 -0.45477 0.485867 
1533678388280 -0.0332623 0.569169 -0.821548 -0.642811 -0.958116 0.215782 0.188285 -0.233312 0.284441 0.793401 0.538152 0.461843 0.31622 -0.384863 0.867113 0.400795 -0.930002 -0.306262 0.203222 -0.504304 0.187351 -0.87068 -0.45477 0.485867 
1533678388297 -0.0334751 0.569158 -0.821547 -0.642641 -0.958128 0.215616 0.188417 -0.233378 0.284378 0.793454 0.538108 0.461926 0.31622 -0.384863 0.867113 0.400795 -0.930002 -0.306262 0.203222 -0.504304 0.187351 -0.87068 -0.45477 0.485867 
1533678388404 -0.0336881 0.569147 -0.821546 -0.642472 -0.958139 0.215451 0.188548 -0.233445 0.284315 0.793507 0.538063 0.462008 0.31622 -0.384863 0.867113 0.400795 -0.930002 -0.306262 0.203222 -0.504304 0.187351 -0.87068 -0.45477 0.485867 
1533678388441 -0.0339012 0.569136 -0.821544 -0.642303 -0.95815 0.215286 0.18868 -0.233512 0.284251 0.793559 0.538019 0.46209 0.31622 -0.384863 0.867113 0.400795 -0.930002 -0.306262 0.203222 -0.504304 0.187351 -0.87068 -0.45477 0.485867 
1533678388481 -0.0341139 0.569125 -0.821543 -0.642133 -0.958161 0.215121 0.188812 -0.233578 0.284188 0.793612 0.537975 0.462172 0.31622 -0.384863 0.867113 0.400795 -0.930002 -0.306262 0.203222 -0.504304 0.187351 -0.87068 -0.45477 0.485867 
1533678388529 -0.0343271 0.569114 -0.821542 -0.641964 -0.958173 0.214955 0.188944 -0.233646 0.284125 0.793665 0.53793 0.462254 0.31622 -0.384863 0.867113 0.400795 -0.930002 -0.306262 0.203222 -0.504304 0.187351 -0.87068 -0.45477 0.485867 
1533678388591 -0.0336521 0.569051 -0.821613 -0.642352 -0.958147 0.215473 0.188481 -0.233595 0.28429 0.79357 0.537984 0.462005 0.31622 -0.384863 0.867113 0.400795 -0.930002 -0.306262 0.203222 -0.504304 0.187351 -0.87068 -0.45477 0.485867 
1533678388603 -0.0339562 0.569065 -0.821591 -0.642187 -0.958155 0.215255 0.188694 -0.233622 0.28423 0.793618 0.537943 0.462102 0.31622 -0.384863 0.867113 0.400795 -0.930002 -0.306262 0.203222 -0.504304 0.187351 -0.87068 -0.45477 0.485867 
1533678388620 -0.0342652 0.569082 -0.821566 -0.642028 -0.958161 0.215034 0.188912 -0.233659 0.284171 0.793666 0.537904 0.462197 0.31622 -0.384863 0.867113 0.400795 -0.930002 -0.306262 0.203222 -0.504304 0.187351 -0.87068 -0.45477 0.485867 
1533678388637 -0.0345741 0.569099 -0.821542 -0.641868 -0.958167 0.214814 0.18913 -0.233696 0.284113 0.793713 0.537865 0.462291 0.31622 -0.384863 0.867113 0.400795 -0.930002 -0.306262 0.203222 -0.504304 0.187351 -0.87068 -0.45477 0.485867 
1533678388653 -0.0348832 0.569116 -0.821517 -0.641709 -0.958174 0.214594 0.189349 -0.233734 0.284054 0.793761 0.537827 0.462386 0.31622 -0.384863 0.867113 0.400795 -0.930002 -0.306262 0.203222 -0.504304 0.187351 -0.87068 -0.45477 0.485867 
1533678388788 -0.0351925 0.569133 -0.821492 -0.64155 -0.95818 0.214373 0.189567 -0.233771 0.283995 0.793808 0.537788 0.46248 0.31622 -0.384863 0.867113 0.400795 -0.930002 -0.306262 0.203222 -0.504304 0.187351 -0.87068 -0.45477 0.485867 
1533678388822 -0.0355016 0.56915 -0.821467 -0.641391 -0.958186 0.214153 0.189785 -0.233809 0.283936 0.793855 0.537749 0.462575 0.31622 -0.384863 0.867113 0.400795 -0.930002 -0.306262 0.203222 -0.504304 0.187351 -0.87068 -0.45477 0.485867 
1533678388888 -0.0358104 0.569167 -0.821442 -0.641231 -0.958192 0.213933 0.190003 -0.233845 0.283877 0.793903 0.53771 0.46267 0.31622 -0.384863 0.867113 0.400795 -0.930002 -0.306262 0.203222 -0.504304 0.187351 -0.87068 -0.45477 0.485867 
1533678388895 -0.0361197 0.569184 -0.821417 -0.641072 -0.958198 0.213712 0.190222 -0.233883 0.283818 0.79395 0.537671 0.462764 0.31622 -0.384863 0.867113 0.400795 -0.930002 -0.306262 0.203222 -0.504304 0.187351 -0.87068 -0.45477 0.485867 
1533678388998 -0.0364286 0.5692 -0.821392 -0.640913 -0.958203 0.213492 0.19044 -0.23392 0.283759 0.793998 0.537632 0.462859 0.31622 -0.384863 0.867113 0.400795 -0.930002 -0.306262 0.203222 -0.504304 0.187351 -0.87068 -0.45477 0.485867 
1533678389068 -0.0360234 0.569223 -0.821393 -0.64121 -0.958224 0.213693 0.190113 -0.23379 0.283742 0.793927 0.537745 0.462711 0.31622 -0.384863 0.867113 0.400795 -0.930002 -0.306262 0.203222 -0.504304 0.187351 -0.87068 -0.45477 0.485867 
1533678389080 -0.0362552 0.569231 -0.821378 -0.641074 -0.958227 0.213531 0.190277 -0.233817 0.283702 0.793965 0.537711 0.462786 0.31622 -0.384863 0.867113 0.400795 -0.930002 -0.306262 0.203222 -0.504304 0.187351 -0.87068 -0.45477 0.485867 
1533678389097 -0.0364915 0.569243 -0.821359 -0.640943 -0.95823 0.213368 0.190447 -0.233853 0.283663 0.794 0.537679 0.462859 0.31622 -0.384863 0.867113 0.400795 -0.930002 -0.306262 0.203222 -0.504304 0.187351 -0.87068 -0.45477 0.485867 
1533678389113 -0.0367278 0.569254 -0.821341 -0.640812 -0.958232 0.213205 0.190617 -0.233889 0.283624 0.794036 0.537647 0.462931 0.31622 -0.384863 0.867113 0.400795 -0.930002 -0.306262 0.203222 -0.504304 0.187351 -0.87068 -0.45477 0.485867 
1533678389130 -0.0369647 0.569266 -0.821322 -0.640682 -0.958234 0.213042 0.190788 -0.233926 0.283585 0.794071 0.537616 0.463004 0.31622 -0.384863 0.867113 0.400795 -0.930002 -0.306262 0.203222 -0.504304 0.187351 -0.87068 -0.45477 0.485867 
1533678389147 -0.037201 0.569278 -0.821303 -0.640551 -0.958237 0.212879 0.190958 -0.233962 0.283546 0.794107 0.537584 0.463076 0.31622 -0.384863 0.867113 0.400795 -0.930002 -0.306262 0.203222 -0.504304 0.187351 -0.87068 -0.45477 0.485867 
1533678389250 -0.0374374 0.569289 -0.821284 -0.64042 -0.958239 0.212715 0.191128 -0.233998 0.283507 0.794142 0.537552 0.463149 0.31622 -0.384863 0.867113 0.400795 -0.930002 -0.306262 0.203222 -0.504304 0.187351 -0.87068 -0.45477 0.485867 
1533678389282 -0.037674 0.569301 -0.821266 -0.64029 -0.958241 0.212552 0.191298 -0.234035 0.283468 0.794178 0.53752 0.463222 0.31622 -0.384863 0.867113 0.400795 -0.930002 -0.306262 0.203222 -0.504304 0.187351 -0.87068 -0.45477 0.485867 
1533678389326 -0.0379103 0.569312 -0.821247 -0.640159 -0.958244 0.212389 0.191468 -0.234071 0.283429 0.794213 0.537488 0.463294 0.31622 -0.384863 0.867113 0.400795 -0.930002 -0.306262 0.203222 -0.504304 0.187351 -0.87068 -0.45477 0.485867 
1533678389375 -0.0381466 0.569324 -0.821228 -0.640028 -0.958246 0.212226 0.191638 -0.234107 0.28339 0.794249 0.537456 0.463367 0.31622 -0.384863 0.867113 0.400795 -0.930002 -0.306262 0.203222 -0.504304 0.187351 -0.87068 -0.45477 0.485867 
1533678389453 -0.0376908 0.569363 -0.821222 -0.64029 -0.958247 0.212511 0.191316 -0.234008 0.283447 0.794144 0.537581 0.463246 0.31622 -0.384863 0.867113 0.400795 -0.930002 -0.306262 0.203222 -0.504304 0.187351 -0.87068 -0.45477 0.485867 
1533678389467 -0.0378895 0.569373 -0.821206 -0.640175 -0.958252 0.212364 0.191452 -0.234029 0.283402 0.794177 0.537556 0.463307 0.31622 -0.384863 0.867113 0.400795 -0.930002 -0.306262 0.203222 -0.504304 0.187351 -0.87068 -0.45477 0.485867 
1533678389483 -0.0380927 0.569384 -0.821189 -0.640065 -0.958257 0.212215 0.191593 -0.234059 0.283359 0.794208 0.537532 0.463365 0.31622 -0.384863 0.867113 0.400795 -0.930002 -0.306262 0.203222 -0.504304 0.187351 -0.87068 -0.45477 0.485867 
1533678389500 -0.0382958 0.569395 -0.821172 -0.639955 -0.958262 0.212067 0.191735 -0.234089 0.283316 0.79424 0.537508 0.463423 0.31622 -0.384863 0.867113 0.400795 -0.930002 -0.306262 0.203222 -0.504304 0.187351 -0.87068 -0.45477 0.485867 
1533678389517 -0.0384991 0.569406 -0.821155 -0.639845 -0.958266 0.211918 0.191876 -0.23412 0.283273 0.794272 0.537484 0.463481 0.31622 -0.384863 0.867113 0.400795 -0.930002 -0.306262 0.203222 -0.504304 0.187351 -0.87068 -0.45477 0.485867 
1533678389534 -0.0387026 0.569417 -0.821137 -0.639736 -0.958271 0.211769 0.192017 -0.234151 0.28323 0.794304 0.537459 0.463539 0.31622 -0.384863 0.867113 0.400795 -0.930002 -0.306262 0.203222 -0.504304 0.187351 -0.87068 -0.45477 0.485867 
1533678389670 -0.0389058 0.569428 -0.82112 -0.639626 -0.958275 0.211621 0.192158 -0.234181 0.283186 0.794335 0.537435 0.463598 0.31622 -0.384863 0.867113 0.400795 -0.930002 -0.306262 0.203222 -0.504304 0.187351 -0.87068 -0.45477 0.485867 
1533678389687 -0.0391088 0.569438 -0.821103 -0.639516 -0.95828 0.211472 0.192299 -0.234211 0.283143 0.794367 0.537411 0.463656 0.31622 -0.384863 0.867113 0.400795 -0.930002 -0.306262 0.203222 -0.504304 0.187351 -0.87068 -0.45477 0.485867 
1533678389693 -0.0393123 0.569449 -0.821086 -0.639406 -0.958284 0.211324 0.192441 -0.234242 0.2831 0.794399 0.537387 0.463714 0.31622 -0.384863 0.867113 0.400795 -0.930002 -0.306262 0.203222 -0.504304 0.187351 -0.87068 -0.45477 0.485867 
1533678389786 -0.0395154 0.56946 -0.821069 -0.639296 -0.958289 0.211175 0.192582 -0.234272 0.283057 0.794431 0.537363 0.463772 0.31622 -0.384863 0.867113 0.400795 -0.930002 -0.306262 0.203222 -0.504304 0.187351 -0.87068 -0.45477 0.485867 
1533678389849 -0.0390043 0.569382 -0.821147 -0.63953 -0.958292 0.211521 0.192187 -0.234249 0.283117 0.794395 0.537384 0.463577 0.31622 -0.384863 0.867113 0.400795 -0.930002 -0.306262 0.203222 -0.504304 0.187351 -0.87068 -0.45477 0.485867 
1533678389861 -0.0391874 0.569396 -0.821129 -0.639432 -0.958294 0.211392 0.192319 -0.234258 0.283086 0.794419 0.537365 0.463639 0.31622 -0.384863 0.867113 0.400795 -0.930002 -0.306262 0.203222 -0.504304 0.187351 -0.87068 -0.45477 0.485867 
1533678389878 -0.0393751 0.569413 -0.821108 -0.639339 -0.958295 0.211262 0.192457 -0.234277 0.283056 0.794442 0.537347 0.463698 0.31622 -0.384863 0.867113 0.400795 -0.930002 -0.306262 0.203222 -0.504304 0.187351 -0.87068 -0.45477 0.485867 
1533678389895 -0.0395628 0.569429 -0.821088 -0.639246 -0.958296 0.211132 0.192595 -0.234296 0.283027 0.794465 0.537328 0.463758 0.31622 -0.384863 0.867113 0.400795 -0.930002 -0.306262 0.203222 -0.504304 0.187351 -0.87068 -0.45477 0.485867 
1533678389911 -0.0397506 0.569445 -0.821068 -0.639153 -0.958296 0.211002 0.192733 -0.234315 0.282998 0.794487 0.53731 0.463818 0.31622 -0.384863 0.867113 0.400795 -0.930002 -0.306262 0.203222 -0.504304 0.187351 -0.87068 -0.45477 0.485867 
1533678389928 -0.0399387 0.569462 -0.821047 -0.639061 -0.958297 0.210872 0.192872 -0.234335 0.282969 0.79451 0.537292 0.463877 0.31622 -0.384863 0.867113 0.400795 -0.930002 -0.306262 0.203222 -0.504304 0.187351 -0.87068 -0.45477 0.485867 
1533678389945 -0.0401265 0.569478 -0.821026 -0.638968 -0.958298 0.210742 0.19301 -0.234354 0.28294 0.794533 0.537273 0.463936 0.31622 -0.384863 0.867113 0.400795 -0.930002 -0.306262 0.203222 -0.504304 0.187351 -0.87068 -0.45477 0.485867 
1533678390047 -0.0403141 0.569494 -0.821006 -0.638875 -0.958299 0.210613 0.193148 -0.234372 0.282911 0.794556 0.537255 0.463996 0.31622 -0.384863 0.867113 0.400795 -0.930002 -0.306262 0.203222 -0.504304 0.187351 -0.87068 -0.45477 0.485867 
1533678390070 -0.0405021 0.569511 -0.820985 -0.638782 -0.958299 0.210483 0.193286 -0.234392 0.282882 0.794578 0.537237 0.464055 0.31622 -0.384863 0.867113 0.400795 -0.930002 -0.306262 0.203222 -0.504304 0.187351 -0.87068 -0.45477 0.485867 
1533678390096 -0.0406898 0.569527 -0.820965 -0.638689 -0.9583 0.210353 0.193424 -0.234411 0.282853 0.794601 0.537219 0.464115 0.31622 -0.384863 0.867113 0.400795 -0.930002 -0.306262 0.203222 -0.504304 0.187351 -0.87068 -0.45477 0.485867 
1533678390177 -0.0402517 0.569428 -0.821055 -0.638931 -0.958256 0.21079 0.193167 -0.234331 0.283065 0.794556 0.537173 0.463914 0.31622 -0.384863 0.867113 0.400795 -0.930002 -0.306262 0.203222 -0.504304 0.187351 -0.87068 -0.45477 0.485867 
1533678390190 -0.0404063 0.569447 -0.821034 -0.638843 -0.958266 0.210655 0.193265 -0.234344 0.283009 0.794578 0.53717 0.46397 0.31622 -0.384863 0.867113 0.400795 -0.930002 -0.306262 0.203222 -0.504304 0.187351 -0.87068 -0.45477 0.485867 
1533678390207 -0.0405654 0.569468 -0.821012 -0.638758 -0.958274 0.21052 0.193368 -0.234367 0.282957 0.794599 0.537167 0.464024 0.31622 -0.384863 0.867113 0.400795 -0.930002 -0.306262 0.203222 -0.504304 0.187351 -0.87068 -0.45477 0.485867 
1533678390223 -0.0407244 0.569489 -0.820989 -0.638674 -0.958283 0.210385 0.193471 -0.234389 0.282904 0.794619 0.537164 0.464077 0.31622 -0.384863 0.867113 0.400795 -0.930002 -0.306262 0.203222 -0.504304 0.187351 -0.87068 -0.45477 0.485867 
1533678390240 -0.0408835 0.569511 -0.820967 -0.638591 -0.958292 0.21025 0.193574 -0.234412 0.282851 0.79464 0.537162 0.464131 0.31622 -0.384863 0.867113 0.400795 -0.930002 -0.306262 0.203222 -0.504304 0.187351 -0.87068 -0.45477 0.485867 
1533678390257 -0.0410425 0.569532 -0.820944 -0.638507 -0.958301 0.210115 0.193677 -0.234434 0.282798 0.794661 0.537159 0.464185 0.31622 -0.384863 0.867113 0.400795 -0.930002 -0.306262 0.203222 -0.504304 0.187351 -0.87068 -0.45477 0.485867 
1533678390273 -0.0412017 0.569553 -0.820922 -0.638423 -0.95831 0.20998 0.193781 -0.234457 0.282746 0.794681 0.537156 0.464238 0.31622 -0.384863 0.867113 0.400795 -0.930002 -0.306262 0.203222 -0.504304 0.187351 -0.87068 -0.45477 0.485867 
1533678390387 -0.0413609 0.569574 -0.820899 -0.63834 -0.958318 0.209845 0.193884 -0.23448 0.282693 0.794702 0.537154 0.464292 0.31622 -0.384863 0.867113 0.400795 -0.930002 -0.306262 0.203222 -0.504304 0.187351 -0.87068 -0.45477 0.485867 
1533678390394 -0.0415199 0.569595 -0.820876 -0.638256 -0.958327 0.20971 0.193987 -0.234502 0.28264 0.794722 0.537151 0.464345 0.31622 -0.384863 0.867113 0.400795 -0.930002 -0.306262 0.203222 -0.504304 0.187351 -0.87068 -0.45477 0.485867 
1533678390431 -0.0416793 0.569616 -0.820853 -0.638172 -0.958336 0.209575 0.194091 -0.234525 0.282588 0.794743 0.537148 0.464399 0.31622 -0.384863 0.867113 0.400795 -0.930002 -0.306262 0.203222 -0.504304 0.187351 -0.87068 -0.45477 0.485867 
1533678390489 -0.0411911 0.569668 -0.820842 -0.638425 -0.958288 0.210022 0.193845 -0.234431 0.282822 0.794587 0.537255 0.464323 0.31622 -0.384863 0.867113 0.400795 -0.930002 -0.306262 0.203222 -0.504304 0.187351 -0.87068 -0.45477 0.485867 
1533678390500 -0.0413418 0.569669 -0.820833 -0.638344 -0.958293 0.209905 0.193942 -0.234444 0.28278 0.794617 0.537233 0.464364 0.31622 -0.384863 0.867113 0.400795 -0.930002 -0.306262 0.203222 -0.504304 0.187351 -0.87068 -0.45477 0.485867 
1533678390517 -0.0414973 0.569673 -0.820823 -0.638267 -0.958299 0.209786 0.194045 -0.234466 0.28274 0.794646 0.537212 0.464401 0.31622 -0.384863 0.867113 0.400795 -0.930002 -0.306262 0.203222 -0.504304 0.187351 -0.87068 -0.45477 0.485867 
1533678390533 -0.0416526 0.569677 -0.820813 -0.638191 -0.958304 0.209668 0.194148 -0.234488 0.282699 0.794675 0.53719 0.46444 0.31622 -0.384863 0.867113 0.400795 -0.930002 -0.306262 0.203222 -0.504304 0.187351 -0.87068 -0.45477 0.485867 
1533678390540 -0.0418085 0.569681 -0.820802 -0.638115 -0.958309 0.209549 0.194251 -0.234512 0.282659 0.794703 0.537169 0.464477 0.31622 -0.384863 0.867113 0.400795 -0.930002 -0.306262 0.203222 -0.504304 0.187351 -0.87068 -0.45477 0.485867 
1533678390554 -0.0419639 0.569685 -0.820791 -0.638039 -0.958314 0.20943 0.194354 -0.234534 0.282619 0.794732 0.537148 0.464515 0.31622 -0.384863 0.867113 0.400795 -0.930002 -0.306262 0.203222 -0.504304 0.187351 -0.87068 -0.45477 0.485867 
1533678390570 -0.0421194 0.569689 -0.820781 -0.637962 -0.958319 0.209311 0.194456 -0.234557 0.282578 0.79476 0.537127 0.464553 0.31622 -0.384863 0.867113 0.400795 -0.930002 -0.306262 0.203222 -0.504304 0.187351 -0.87068 -0.45477 0.485867 
