1533836676959 0.242271 0.864468 -0.440454 -0.541835 -0.952886 0.297415 0.0595955 -0.214146 0.182516 0.405264 0.895795 0.372151 0.16008 -0.304787 0.938871 0.370831 -0.775623 0.549475 0.310623 -0.528794 -0.61056 -0.777934 -0.14844 0.432481 
1533836676971 0.222804 0.834723 -0.503583 -0.551029 -0.953821 0.293405 0.0643325 -0.214799 0.201454 0.465995 0.861548 0.381463 0.316221 -0.384863 0.867113 0.400797 -0.930002 -0.306262 0.203223 -0.504308 0.187351 -0.87068 -0.45477 0.485869 
1533836677918 0.202015 0.800649 -0.564048 -0.560225 -0.954598 0.289714 0.0693495 -0.215454 0.218937 0.524429 0.822825 0.390774 0.316221 -0.384863 0.867113 0.400797 -0.930002 -0.306262 0.203223 -0.504308 0.187351 -0.87068 -0.45477 0.485869 
1533836678917 0.180013 0.762428 -0.62153 -0.569421 -0.955211 0.286362 0.0746223 -0.21611 0.234877 0.580259 0.779828 0.400085 0.31622 -0.384863 0.867113 0.400796 -0.930002 -0.306262 0.203222 -0.504306 0.187351 -0.87068 -0.454769 0.485868 
1533836679915 0.156917 0.720257 -0.675727 -0.578615 -0.955658 0.283369 0.0801208 -0.216763 0.249188 0.633192 0.732785 0.409398 0.31622 -0.384863 0.867113 0.400795 -0.930002 -0.306262 0.203222 -0.504304 0.187351 -0.87068 -0.454769 0.485867 
1533836680932 0.132845 0.67436 -0.726355 -0.58781 -0.955937 0.280749 0.085818 -0.217417 0.261796 0.682949 0.681941 0.418709 0.31622 -0.384863 0.867113 0.400795 -0.930002 -0.306262 0.203222 -0.504304 0.187351 -0.87068 -0.454769 0.485867 
1533836682031 0.107916 0.624988 -0.773139 -0.597019 -0.956046 0.278512 0.0916965 -0.218098 0.272637 0.729261 0.627573 0.428006 0.31622 -0.384863 0.867113 0.400795 -0.930002 -0.306262 0.203222 -0.504304 0.187351 -0.87068 -0.454769 0.485867 
1533836683251 0.0822594 0.572402 -0.815836 -0.606245 -0.955983 0.27667 0.0977253 -0.218805 0.281655 0.771887 0.569966 0.43729 0.31622 -0.384863 0.867113 0.400795 -0.930002 -0.306262 0.203222 -0.504304 0.187351 -0.87068 -0.454769 0.485867 
1533836683257 0.0560386 0.516845 -0.854243 -0.615442 -0.95575 0.275245 0.103835 -0.21946 0.288792 0.810624 0.509399 0.446605 0.31622 -0.384863 0.867113 0.400795 -0.930002 -0.306262 0.203222 -0.504304 0.187351 -0.87068 -0.454769 0.485867 
