1532543387755 0.258242 0.70676 -0.658636 -0.580674 -0.956807 0.281347 -0.0732464 -0.252206 0.133538 0.649103 0.748888 0.405032 -0.0776346 -0.112702 0.990591 0.372037 -0.980959 0.186053 -0.055712 -0.461754 -0.178024 -0.976055 -0.125 0.455428 
1532543387761 0.25724 0.705858 -0.659994 -0.580747 -0.956831 0.28166 -0.0717017 -0.252285 0.135283 0.649947 0.747841 0.405156 -0.0776459 -0.112623 0.990599 0.37203 -0.981005 0.185792 -0.055771 -0.461746 -0.177764 -0.976114 -0.12491 0.45544 
1532543387767 0.256235 0.704955 -0.661349 -0.58082 -0.956853 0.281975 -0.0701583 -0.252365 0.137026 0.650791 0.74679 0.40528 -0.0776565 -0.112544 0.990608 0.372023 -0.981051 0.185529 -0.0558292 -0.461737 -0.177504 -0.976172 -0.124819 0.455452 
1532543387923 0.255227 0.704051 -0.662701 -0.580894 -0.956872 0.282292 -0.0686152 -0.252444 0.138766 0.651632 0.745734 0.405404 -0.0776672 -0.112465 0.990616 0.372017 -0.981098 0.185267 -0.0558875 -0.461729 -0.177243 -0.976231 -0.124728 0.455465 
1532543388060 0.254216 0.703145 -0.664049 -0.580967 -0.956887 0.28261 -0.0670724 -0.252524 0.140506 0.652471 0.744674 0.405528 -0.0776778 -0.112386 0.990624 0.37201 -0.981144 0.185005 -0.0559457 -0.461721 -0.176983 -0.97629 -0.124638 0.455477 
1532543388085 0.253201 0.702239 -0.665395 -0.58104 -0.956899 0.282931 -0.0655301 -0.252603 0.142243 0.653308 0.74361 0.405652 -0.0776885 -0.112307 0.990632 0.372003 -0.98119 0.184743 -0.0560038 -0.461712 -0.176723 -0.976349 -0.124547 0.455489 
1532543388325 0.252184 0.70133 -0.666738 -0.581113 -0.956908 0.283253 -0.0639878 -0.252682 0.143979 0.654143 0.742541 0.405776 -0.0776992 -0.112228 0.99064 0.371996 -0.981236 0.18448 -0.0560622 -0.461704 -0.176462 -0.976408 -0.124456 0.455501 
1532543388362 0.251164 0.700421 -0.668077 -0.581186 -0.956914 0.283578 -0.062446 -0.252762 0.145713 0.654977 0.741467 0.4059 -0.0777095 -0.112149 0.990648 0.371989 -0.981282 0.184218 -0.0561198 -0.461696 -0.176202 -0.976466 -0.124365 0.455513 
1532543388494 0.250141 0.699511 -0.669413 -0.58126 -0.956917 0.283903 -0.0609049 -0.252841 0.147445 0.655807 0.74039 0.406024 -0.0777201 -0.11207 0.990656 0.371983 -0.981328 0.183956 -0.0561778 -0.461688 -0.175941 -0.976525 -0.124275 0.455526 
1532543388657 0.249119 0.698601 -0.670743 -0.581333 -0.956916 0.284232 -0.0593687 -0.252914 0.149172 0.656634 0.73931 0.40614 -0.0777312 -0.111992 0.990664 0.371976 -0.981374 0.183694 -0.0562362 -0.46168 -0.175681 -0.976583 -0.124184 0.455539 
