1532343239401 0.275657 0.633204 -0.723233 -0.604483 -0.8825 0.464965 0.0707247 -0.181741 0.381061 0.618757 0.686973 0.426588 -0.0246749 -0.113466 0.993235 0.329395 -0.996344 0.0840728 -0.0151477 -0.465902 -0.0817853 -0.989978 -0.115126 0.445068 
1532343239412 0.300885 -0.138768 0.94351 0.225257 -0.922898 -0.291628 0.25142 -0.486344 0.240265 -0.946412 -0.215815 0.468712 0.0156533 -0.135701 0.990626 0.338103 -0.999091 0.0371568 0.0208769 -0.467129 -0.0396415 -0.990053 -0.134996 0.448354 
1532343240403 0.242825 0.102786 0.964609 0.16152 -0.925174 -0.274468 0.262144 -0.435487 0.291699 -0.956087 0.0284473 0.461493 0.0567705 -0.155893 0.986141 0.346875 -0.998386 -0.0106084 0.0557984 -0.467907 0.00176275 -0.987717 -0.156244 0.450702 
1532343241231 0.185198 0.340052 0.92199 0.0634544 -0.926148 -0.25329 0.279452 -0.39584 0.328559 -0.905654 0.26803 0.437571 0.0985465 -0.173969 0.979808 0.355817 -0.994235 -0.0590165 0.0895189 -0.468745 0.0422514 -0.982981 -0.178782 0.453094 
1532343241991 0.10875 0.566677 0.816732 -0.0100481 -0.933954 -0.223137 0.279178 -0.393704 0.340446 -0.793151 0.504984 0.453534 0.140893 -0.189929 0.971636 0.364701 -0.986652 -0.107881 0.121983 -0.469594 0.0816529 -0.975853 -0.202594 0.455547 
1532343242750 0.0372284 0.750403 0.659931 -0.0983867 -0.940161 -0.197521 0.277637 -0.379776 0.33869 -0.630778 0.698147 0.449361 0.183639 -0.203703 0.961656 0.373539 -0.975664 -0.157013 0.153055 -0.470436 0.119815 -0.96636 -0.227579 0.458016 
1532343243566 -0.0276974 0.888257 0.458511 -0.198398 -0.946596 -0.170707 0.273524 -0.355414 0.321231 -0.426449 0.845548 0.44002 0.226606 -0.215226 0.949909 0.382353 -0.961316 -0.206221 0.182603 -0.47126 0.156591 -0.954542 -0.253631 0.460466 
1532343244385 -0.0860491 0.970276 0.226186 -0.298192 -0.953826 -0.145805 0.262596 -0.330412 0.28777 -0.193146 0.938021 0.431334 0.269616 -0.224447 0.936446 0.391166 -0.943665 -0.255313 0.210501 -0.472059 0.191841 -0.940446 -0.28064 0.462868 
1532343245194 -0.133997 0.990741 -0.0218344 -0.397711 -0.961333 -0.124607 0.245585 -0.305255 0.240591 0.0538977 0.969129 0.423196 0.312484 -0.231323 0.921327 0.399992 -0.922785 -0.304096 0.236628 -0.472801 0.225434 -0.92413 -0.308486 0.465182 
1532343245969 -0.168041 0.948352 -0.269055 -0.493231 -0.968646 -0.108184 0.223654 -0.280336 0.182995 0.298203 0.936797 0.4148 0.354944 -0.23578 0.904667 0.408646 -0.898802 -0.35232 0.260819 -0.473058 0.257236 -0.905692 -0.336973 0.4672 
1532343246821 -0.168041 0.948352 -0.269055 -0.493231 -0.968646 -0.108184 0.223654 -0.280336 0.182995 0.298203 0.936797 0.4148 0.354909 -0.235722 0.904696 0.408584 -0.898775 -0.352434 0.260758 -0.473064 0.257379 -0.905663 -0.336943 0.467249 
1532343246832 0.280754 -0.144149 0.948893 0.287765 -0.928413 -0.291474 0.230416 -0.485433 0.243364 -0.945655 -0.215662 0.482456 0.35901 -0.235971 0.903011 0.409956 -0.896242 -0.357202 0.262977 -0.473334 0.260503 -0.903728 -0.339727 0.467494 
1532343247571 0.230217 0.100588 0.967927 0.201891 -0.928641 -0.274625 0.249413 -0.456571 0.290905 -0.956276 0.0301862 0.473159 0.363342 -0.236325 0.901184 0.410671 -0.893613 -0.361995 0.265361 -0.473469 0.263513 -0.901726 -0.342711 0.467874 
1532343248175 0.170645 0.342906 0.92374 0.101623 -0.930795 -0.251472 0.265298 -0.431196 0.323267 -0.905084 0.276263 0.465823 0.367646 -0.236642 0.899353 0.411422 -0.890959 -0.366777 0.267707 -0.473588 0.266512 -0.899708 -0.345683 0.468208 
1532343248664 0.105023 0.564008 0.819064 0.00121075 -0.934666 -0.225325 0.275005 -0.405891 0.33966 -0.794433 0.503495 0.457313 0.371931 -0.236928 0.897515 0.412203 -0.888279 -0.37155 0.270021 -0.473702 0.269496 -0.897672 -0.348649 0.468515 
1532343248670 0.0375016 0.74959 0.660839 -0.0987905 -0.940025 -0.197902 0.277826 -0.380798 0.339037 -0.631625 0.697212 0.447834 0.376201 -0.237185 0.895665 0.413006 -0.885571 -0.376315 0.272308 -0.473813 0.272465 -0.895617 -0.351614 0.468804 
1532343249121 -0.0276228 0.888121 0.458779 -0.198536 -0.946572 -0.170761 0.273572 -0.355532 0.321307 -0.426711 0.845387 0.439595 0.380459 -0.237414 0.893804 0.413823 -0.882835 -0.381071 0.274569 -0.473923 0.275416 -0.893543 -0.354579 0.46908 
1532343249609 -0.086029 0.970274 0.226203 -0.29823 -0.953825 -0.145793 0.262606 -0.330328 0.287779 -0.193166 0.938014 0.431354 0.384705 -0.237615 0.891931 0.414655 -0.88007 -0.385818 0.276805 -0.474032 0.27835 -0.89145 -0.357545 0.469344 
1532343249616 -0.134011 0.990739 -0.0218391 -0.39775 -0.961334 -0.12462 0.245575 -0.305195 0.240579 0.0539044 0.969132 0.423215 0.388938 -0.237789 0.890047 0.415502 -0.877278 -0.390557 0.279015 -0.474137 0.281267 -0.889338 -0.360509 0.469593 
1532343249926 -0.168353 0.948258 -0.26919 -0.493436 -0.968609 -0.108469 0.223675 -0.280353 0.182903 0.298396 0.936753 0.414455 0.393145 -0.237932 0.888158 0.416361 -0.874462 -0.395284 0.281188 -0.474213 0.284171 -0.887208 -0.363466 0.469771 
1532343250395 -0.168353 0.948258 -0.26919 -0.493436 -0.968609 -0.108469 0.223675 -0.280353 0.182903 0.298396 0.936753 0.414455 0.393066 -0.237918 0.888197 0.416341 -0.874492 -0.395264 0.281123 -0.474208 0.284188 -0.887221 -0.363422 0.469807 
1532343250408 0.280859 -0.144208 0.948853 0.288043 -0.928369 -0.291562 0.230484 -0.483961 0.243412 -0.945619 -0.215766 0.481727 0.393435 -0.237899 0.888039 0.416638 -0.874224 -0.39573 0.281301 -0.474295 0.284502 -0.887019 -0.363671 0.469857 
1532343250891 0.230386 0.100465 0.967899 0.20149 -0.928601 -0.274647 0.249539 -0.456577 0.2909 -0.956282 0.0300169 0.473432 0.3939 -0.237932 0.887824 0.416649 -0.873926 -0.396209 0.281552 -0.474313 0.284774 -0.886796 -0.364002 0.46993 
1532343251259 0.170718 0.342842 0.92375 0.101414 -0.930775 -0.251486 0.265353 -0.431262 0.323285 -0.905105 0.276175 0.465959 0.394356 -0.23796 0.887614 0.416672 -0.873631 -0.396687 0.281796 -0.474321 0.285049 -0.886575 -0.364325 0.469986 
1532343251266 0.105056 0.563969 0.819086 0.00111908 -0.934655 -0.225339 0.275033 -0.40593 0.339682 -0.794457 0.503443 0.457344 0.394806 -0.237984 0.887407 0.416708 -0.873337 -0.397164 0.282035 -0.474327 0.285326 -0.886355 -0.364643 0.470032 
1532343251595 0.0375183 0.749587 0.660842 -0.0987626 -0.940026 -0.19789 0.277833 -0.380778 0.339034 -0.631632 0.697207 0.447783 0.395254 -0.238007 0.887202 0.41675 -0.873043 -0.39764 0.282272 -0.474333 0.285604 -0.886135 -0.364959 0.470074 
1532343251912 -0.027607 0.888123 0.458776 -0.198487 -0.946571 -0.170749 0.273585 -0.355503 0.321313 -0.426711 0.845385 0.439569 0.395698 -0.238028 0.886998 0.416798 -0.872751 -0.398115 0.282507 -0.474338 0.285883 -0.885916 -0.365273 0.470111 
1532343252105 -0.0860265 0.970274 0.226204 -0.298203 -0.953822 -0.145793 0.262619 -0.330305 0.287791 -0.193166 0.93801 0.431364 0.396141 -0.238048 0.886795 0.41685 -0.872458 -0.398591 0.282741 -0.474343 0.286162 -0.885697 -0.365585 0.470145 
1532343252295 -0.134026 0.990737 -0.021839 -0.397753 -0.96133 -0.124634 0.245584 -0.305179 0.240587 0.053909 0.969129 0.423237 0.396582 -0.238066 0.886593 0.416907 -0.872166 -0.399066 0.282972 -0.474348 0.286443 -0.885478 -0.365896 0.470175 
1532343252480 -0.168507 0.948228 -0.269201 -0.493507 -0.96858 -0.108605 0.223737 -0.280366 0.182917 0.298444 0.936735 0.414332 0.397017 -0.238083 0.886394 0.416976 -0.871874 -0.399543 0.283197 -0.474356 0.286728 -0.885258 -0.366204 0.470186 
1532343252711 -0.168507 0.948228 -0.269201 -0.493507 -0.96858 -0.108605 0.223737 -0.280366 0.182917 0.298444 0.936735 0.414332 0.396995 -0.238186 0.886376 0.416946 -0.871927 -0.399435 0.283188 -0.474383 0.286598 -0.885279 -0.366255 0.470127 
1532343252723 0.280903 -0.144206 0.94884 0.288147 -0.928348 -0.291599 0.230519 -0.483442 0.243439 -0.945608 -0.215784 0.481313 0.397147 -0.238337 0.886267 0.41709 -0.871914 -0.399373 0.283314 -0.474466 0.286427 -0.885266 -0.36642 0.470227 
1532343253041 0.230428 0.100432 0.967893 0.201403 -0.928592 -0.274648 0.24957 -0.456587 0.290894 -0.956285 0.029974 0.473477 0.397339 -0.238511 0.886134 0.417082 -0.871888 -0.399318 0.283471 -0.474481 0.286239 -0.885244 -0.36662 0.470271 
1532343253304 0.170726 0.342832 0.923752 0.101396 -0.930774 -0.251487 0.265358 -0.431273 0.323285 -0.905108 0.276164 0.465962 0.397528 -0.238682 0.886004 0.417076 -0.871863 -0.399262 0.283626 -0.474488 0.286052 -0.885223 -0.366816 0.470306 
1532343253310 0.105066 0.563956 0.819094 0.00111117 -0.934651 -0.225344 0.275041 -0.405939 0.339689 -0.794464 0.503426 0.457331 0.397715 -0.238852 0.885874 0.417073 -0.871839 -0.399206 0.283779 -0.474495 0.285865 -0.885203 -0.367011 0.470338 
1532343253535 0.0375281 0.749589 0.660839 -0.0987296 -0.940027 -0.197879 0.277837 -0.380762 0.339029 -0.631633 0.697208 0.447746 0.397901 -0.239022 0.885745 0.417073 -0.871816 -0.39915 0.283931 -0.474501 0.285679 -0.885182 -0.367205 0.470368 
1532343253788 -0.0276005 0.888124 0.458774 -0.198454 -0.946569 -0.170746 0.273594 -0.355486 0.321319 -0.42671 0.845383 0.439553 0.398085 -0.239191 0.885616 0.417075 -0.871792 -0.399093 0.284083 -0.474507 0.285494 -0.885162 -0.367398 0.470397 
1532343254000 -0.08603 0.970273 0.226205 -0.298191 -0.953818 -0.145799 0.262629 -0.330295 0.287802 -0.193164 0.938007 0.431373 0.398269 -0.23936 0.885488 0.417078 -0.871769 -0.399037 0.284234 -0.474512 0.285308 -0.885142 -0.367591 0.470425 
1532343254006 -0.134034 0.990736 -0.0218384 -0.397759 -0.961327 -0.124642 0.24559 -0.305173 0.240593 0.0539113 0.969128 0.423252 0.398452 -0.239528 0.88536 0.417085 -0.871746 -0.39898 0.284384 -0.474518 0.285123 -0.885122 -0.367782 0.470451 
1532343254280 -0.168562 0.948217 -0.269205 -0.49354 -0.968567 -0.10865 0.223769 -0.280383 0.182933 0.298462 0.936726 0.414253 0.398631 -0.239695 0.885234 0.417098 -0.871723 -0.398925 0.28453 -0.474526 0.284942 -0.885102 -0.367972 0.470466 
1532343254471 -0.168562 0.948217 -0.269205 -0.49354 -0.968567 -0.10865 0.223769 -0.280383 0.182933 0.298462 0.936726 0.414253 0.398524 -0.239677 0.885287 0.417055 -0.871763 -0.398902 0.28444 -0.474539 0.284969 -0.885117 -0.367914 0.470464 
1532343254683 0.280953 -0.144226 0.948823 0.288128 -0.92833 -0.291629 0.230556 -0.483095 0.243452 -0.945596 -0.215823 0.481116 0.398563 -0.239717 0.885259 0.417156 -0.871774 -0.398842 0.28449 -0.474609 0.284881 -0.885133 -0.367943 0.470544 
1532343254930 0.230489 0.100383 0.967883 0.201256 -0.928577 -0.274658 0.249615 -0.456601 0.290895 -0.956288 0.029908 0.473589 0.398626 -0.239771 0.885216 0.417145 -0.871778 -0.398785 0.28456 -0.474615 0.284781 -0.885144 -0.367993 0.470553 
1532343255151 0.170765 0.342797 0.923758 0.101291 -0.930763 -0.251497 0.265387 -0.43131 0.323296 -0.905119 0.276116 0.466031 0.398688 -0.239824 0.885174 0.417133 -0.871782 -0.398727 0.284627 -0.474615 0.284683 -0.885156 -0.368042 0.470554 
1532343255381 0.105095 0.563921 0.819114 0.00103768 -0.93464 -0.22536 0.275066 -0.40598 0.339711 -0.794485 0.503379 0.457359 0.398748 -0.239876 0.885133 0.417123 -0.871787 -0.39867 0.284694 -0.474613 0.284584 -0.885168 -0.368089 0.470554 
1532343255612 0.0375279 0.749594 0.660833 -0.0987313 -0.940018 -0.197894 0.277857 -0.380768 0.339055 -0.631622 0.697205 0.447833 0.398807 -0.239928 0.885092 0.417115 -0.871791 -0.398612 0.28476 -0.474611 0.284486 -0.88518 -0.368136 0.470553 
1532343255803 -0.0276014 0.888124 0.458774 -0.198436 -0.946564 -0.170752 0.273605 -0.355472 0.321332 -0.426708 0.84538 0.439552 0.398867 -0.239979 0.885051 0.417107 -0.871796 -0.398554 0.284826 -0.47461 0.284388 -0.885192 -0.368183 0.470551 
1532343255901 -0.0860343 0.970272 0.226207 -0.298194 -0.953815 -0.145805 0.262635 -0.330288 0.28781 -0.193164 0.938005 0.431389 0.398925 -0.24003 0.885011 0.4171 -0.871801 -0.398496 0.284892 -0.474608 0.28429 -0.885204 -0.368229 0.470548 
1532343256065 -0.134039 0.990735 -0.0218373 -0.39777 -0.961326 -0.124647 0.245592 -0.305169 0.240595 0.0539115 0.969127 0.423263 0.398984 -0.240081 0.884971 0.417095 -0.871806 -0.398438 0.284957 -0.474606 0.284193 -0.885216 -0.368275 0.470544 
1532343256334 -0.168584 0.948212 -0.269209 -0.493562 -0.968562 -0.108667 0.223785 -0.280397 0.182942 0.298472 0.936721 0.414185 0.39904 -0.240132 0.884931 0.417093 -0.871812 -0.398381 0.285021 -0.474606 0.284097 -0.885228 -0.36832 0.470537 
1532343256719 -0.168584 0.948212 -0.269209 -0.493562 -0.968562 -0.108667 0.223785 -0.280397 0.182942 0.298472 0.936721 0.414185 0.399116 -0.240253 0.884864 0.417119 -0.87184 -0.398255 0.28511 -0.474587 0.283903 -0.885252 -0.368412 0.470463 
1532343256732 0.280998 -0.144242 0.948807 0.288097 -0.928314 -0.291654 0.23059 -0.482821 0.243463 -0.945586 -0.215856 0.480952 0.399165 -0.240247 0.884844 0.417199 -0.871792 -0.398353 0.285119 -0.474657 0.283982 -0.88521 -0.368454 0.470562 
1532343256947 0.230541 0.100342 0.967875 0.201135 -0.928564 -0.274668 0.249652 -0.456615 0.290895 -0.956289 0.029852 0.473683 0.399229 -0.240249 0.884814 0.417187 -0.871739 -0.398454 0.28514 -0.474663 0.284053 -0.885164 -0.36851 0.470573 
1532343257167 0.170797 0.342768 0.923763 0.101204 -0.930753 -0.251505 0.265412 -0.431343 0.323305 -0.905127 0.276076 0.46609 0.399292 -0.240251 0.884785 0.417173 -0.871687 -0.398555 0.285159 -0.474661 0.284126 -0.885118 -0.368564 0.47058 
1532343257348 0.105117 0.563893 0.819131 0.000974175 -0.934631 -0.225373 0.275086 -0.406016 0.339729 -0.794501 0.503341 0.457391 0.399354 -0.240252 0.884757 0.41716 -0.871635 -0.398655 0.285178 -0.474659 0.284198 -0.885072 -0.368617 0.470585 
1532343257479 0.037532 0.749599 0.660828 -0.0987651 -0.940009 -0.197905 0.277879 -0.380786 0.339079 -0.631613 0.697202 0.447975 0.399416 -0.240254 0.884729 0.417148 -0.871583 -0.398755 0.285197 -0.474657 0.284271 -0.885027 -0.36867 0.470589 
1532343257671 -0.0276042 0.888124 0.458774 -0.198421 -0.94656 -0.17076 0.273615 -0.355467 0.321344 -0.426704 0.845377 0.439557 0.399478 -0.240255 0.884701 0.417136 -0.871531 -0.398856 0.285216 -0.474655 0.284343 -0.884981 -0.368723 0.470594 
1532343257810 -0.0860376 0.970272 0.226209 -0.298196 -0.953813 -0.14581 0.262641 -0.330284 0.287817 -0.193164 0.938003 0.431401 0.399539 -0.240256 0.884673 0.417124 -0.871479 -0.398956 0.285234 -0.474653 0.284416 -0.884936 -0.368776 0.470598 
1532343258042 -0.134042 0.990735 -0.0218363 -0.397779 -0.961325 -0.12465 0.245593 -0.305167 0.240596 0.0539115 0.969127 0.423273 0.399601 -0.240256 0.884645 0.417114 -0.871427 -0.399056 0.285252 -0.474651 0.284489 -0.88489 -0.368829 0.470601 
1532343258189 -0.1686 0.948208 -0.269212 -0.493579 -0.968557 -0.108678 0.223798 -0.280408 0.18295 0.29848 0.936717 0.414128 0.399661 -0.240257 0.884617 0.417105 -0.871376 -0.399156 0.28527 -0.47465 0.284563 -0.884845 -0.368881 0.470602 
1532343258479 -0.1686 0.948208 -0.269212 -0.493579 -0.968557 -0.108678 0.223798 -0.280408 0.18295 0.29848 0.936717 0.414128 0.399705 -0.240447 0.884546 0.417095 -0.871391 -0.399126 0.285266 -0.474673 0.284453 -0.884807 -0.369056 0.470561 
1532343258493 0.281037 -0.144255 0.948793 0.288062 -0.928299 -0.291676 0.230621 -0.482603 0.243472 -0.945577 -0.215883 0.480814 0.399742 -0.240392 0.884544 0.417168 -0.871362 -0.39916 0.285305 -0.474741 0.28449 -0.884807 -0.369029 0.470652 
1532343258747 0.230583 0.100308 0.967869 0.201036 -0.928554 -0.274675 0.249683 -0.456628 0.290895 -0.956291 0.0298058 0.47376 0.399789 -0.240343 0.884536 0.417161 -0.87133 -0.399197 0.285352 -0.474745 0.284522 -0.884803 -0.369013 0.470651 
1532343258959 0.170823 0.342744 0.923767 0.101135 -0.930746 -0.251511 0.265431 -0.431369 0.323313 -0.905134 0.276044 0.466138 0.399836 -0.240294 0.884528 0.417151 -0.871298 -0.399234 0.285398 -0.474743 0.284554 -0.8848 -0.368995 0.470646 
1532343259160 0.105134 0.563872 0.819143 0.000924806 -0.934624 -0.225382 0.275102 -0.406044 0.339743 -0.794513 0.503312 0.457415 0.399882 -0.240244 0.884521 0.417141 -0.871266 -0.39927 0.285444 -0.474741 0.284586 -0.884797 -0.368978 0.47064 
1532343259314 0.0375375 0.749601 0.660824 -0.0987926 -0.940003 -0.197911 0.277895 -0.380799 0.339094 -0.631608 0.697199 0.448076 0.399928 -0.240195 0.884513 0.417131 -0.871235 -0.399307 0.28549 -0.474738 0.284619 -0.884794 -0.36896 0.470634 
1532343259445 -0.0276058 0.888125 0.458773 -0.198407 -0.946557 -0.170766 0.273623 -0.355463 0.321354 -0.426701 0.845375 0.439558 0.399974 -0.240145 0.884506 0.417122 -0.871203 -0.399343 0.285536 -0.474735 0.284651 -0.884791 -0.368942 0.470627 
1532343259720 -0.0860399 0.970271 0.22621 -0.298197 -0.953811 -0.145814 0.262646 -0.330283 0.287822 -0.193163 0.938001 0.431411 0.40002 -0.240095 0.884499 0.417113 -0.871171 -0.399379 0.285582 -0.474732 0.284684 -0.884788 -0.368924 0.470621 
1532343259939 -0.134044 0.990735 -0.0218355 -0.397786 -0.961325 -0.124652 0.245595 -0.305166 0.240598 0.0539115 0.969127 0.423281 0.400065 -0.240045 0.884492 0.417104 -0.87114 -0.399416 0.285627 -0.47473 0.284717 -0.884785 -0.368905 0.470614 
1532343260045 -0.168612 0.948205 -0.269215 -0.493591 -0.968554 -0.108687 0.223809 -0.280418 0.182957 0.298486 0.936714 0.414082 0.400111 -0.239995 0.884485 0.417097 -0.871108 -0.399452 0.285672 -0.474728 0.28475 -0.884782 -0.368887 0.470606 
1532343260231 -0.168612 0.948205 -0.269215 -0.493591 -0.968554 -0.108687 0.223809 -0.280418 0.182957 0.298486 0.936714 0.414082 0.400074 -0.239989 0.884503 0.417082 -0.871106 -0.399494 0.285621 -0.474743 0.284808 -0.884766 -0.368883 0.470658 
1532343260243 0.281073 -0.144265 0.948781 0.288026 -0.928286 -0.291695 0.230648 -0.48243 0.24348 -0.94557 -0.215907 0.4807 0.400069 -0.239805 0.884556 0.417142 -0.871049 -0.399616 0.285623 -0.474807 0.284989 -0.88476 -0.368755 0.470722 
1532343260442 0.230618 0.100279 0.967863 0.200955 -0.928545 -0.274681 0.249708 -0.456641 0.290895 -0.956292 0.029767 0.473824 0.400072 -0.239626 0.884603 0.417129 -0.870989 -0.39974 0.285632 -0.474809 0.285166 -0.884753 -0.368636 0.470693 
1532343260571 0.170843 0.342725 0.923771 0.101078 -0.93074 -0.251516 0.265447 -0.431392 0.323319 -0.90514 0.276018 0.466178 0.400075 -0.239446 0.88465 0.417113 -0.87093 -0.399864 0.28564 -0.474805 0.285344 -0.884746 -0.368516 0.470659 
1532343260745 0.105148 0.563855 0.819153 0.000884975 -0.934619 -0.22539 0.275114 -0.406067 0.339753 -0.794523 0.50329 0.457434 0.400078 -0.239266 0.884697 0.417097 -0.87087 -0.399987 0.285648 -0.4748 0.285522 -0.884738 -0.368396 0.470625 
1532343260887 0.0375424 0.749603 0.660822 -0.0988156 -0.939999 -0.197914 0.277907 -0.380811 0.339106 -0.631605 0.697196 0.448154 0.40008 -0.239086 0.884745 0.417081 -0.870811 -0.400111 0.285656 -0.474795 0.2857 -0.884731 -0.368276 0.470591 
1532343261130 -0.0276063 0.888125 0.458771 -0.198396 -0.946554 -0.170769 0.27363 -0.355461 0.321361 -0.426698 0.845373 0.439558 0.400083 -0.238907 0.884792 0.417066 -0.870751 -0.400235 0.285664 -0.47479 0.285877 -0.884724 -0.368155 0.470557 
1532343261327 -0.0860414 0.970271 0.22621 -0.298197 -0.953809 -0.145816 0.262651 -0.330283 0.287827 -0.193162 0.938 0.431419 0.400085 -0.238727 0.88484 0.41705 -0.870692 -0.400358 0.285673 -0.474785 0.286055 -0.884716 -0.368035 0.470524 
1532343261333 -0.134046 0.990735 -0.021835 -0.397792 -0.961324 -0.124654 0.245596 -0.305167 0.240599 0.0539117 0.969126 0.423288 0.400088 -0.238547 0.884887 0.417034 -0.870632 -0.400482 0.285681 -0.47478 0.286233 -0.884709 -0.367915 0.47049 
1532343261467 -0.168622 0.948203 -0.269218 -0.4936 -0.968551 -0.108693 0.223819 -0.280426 0.182964 0.298492 0.936711 0.414045 0.400091 -0.238368 0.884934 0.417018 -0.870573 -0.400605 0.285689 -0.474777 0.28641 -0.884701 -0.367795 0.470459 
1532343261663 -0.168622 0.948203 -0.269218 -0.4936 -0.968551 -0.108693 0.223819 -0.280426 0.182964 0.298492 0.936711 0.414045 0.400205 -0.238451 0.88486 0.417082 -0.870559 -0.400559 0.285795 -0.474742 0.286291 -0.884699 -0.367892 0.470459 
1532343261676 0.281103 -0.144274 0.948771 0.287992 -0.928276 -0.29171 0.230672 -0.482293 0.243486 -0.945563 -0.215926 0.480606 0.400105 -0.238296 0.884947 0.417126 -0.870558 -0.400612 0.285724 -0.474801 0.286433 -0.884718 -0.367738 0.470532 
1532343261930 0.230646 0.100255 0.967859 0.200889 -0.928538 -0.274687 0.249729 -0.456652 0.290895 -0.956293 0.0297351 0.473877 0.40001 -0.238144 0.885031 0.417103 -0.870556 -0.400665 0.285657 -0.474796 0.286573 -0.884734 -0.367588 0.470502 
1532343262190 0.17086 0.34271 0.923773 0.101033 -0.930736 -0.251521 0.265459 -0.43141 0.323323 -0.905145 0.275997 0.46621 0.399914 -0.237992 0.885115 0.417076 -0.870554 -0.400718 0.285588 -0.474784 0.286714 -0.884751 -0.367438 0.470469 
1532343262379 0.105159 0.563841 0.819161 0.000853045 -0.934614 -0.225395 0.275124 -0.406085 0.339761 -0.794531 0.503272 0.45745 0.399817 -0.23784 0.885199 0.417049 -0.870552 -0.400772 0.28552 -0.474772 0.286855 -0.884768 -0.367288 0.470435 
1532343262532 0.0375466 0.749604 0.66082 -0.0988347 -0.939995 -0.197917 0.277917 -0.38082 0.339115 -0.631603 0.697193 0.448214 0.399721 -0.237689 0.885284 0.417022 -0.87055 -0.400825 0.285452 -0.47476 0.286995 -0.884784 -0.367138 0.470401 
1532343262701 -0.0276061 0.888126 0.45877 -0.198388 -0.946552 -0.170771 0.273635 -0.355459 0.321367 -0.426696 0.845372 0.439556 0.399625 -0.237537 0.885368 0.416994 -0.870547 -0.400879 0.285383 -0.474748 0.287136 -0.884801 -0.366988 0.470368 
1532343262839 -0.0860423 0.970271 0.22621 -0.298197 -0.953808 -0.145818 0.262654 -0.330283 0.287831 -0.193162 0.937999 0.431424 0.399529 -0.237385 0.885452 0.416966 -0.870545 -0.400932 0.285315 -0.474736 0.287277 -0.884817 -0.366838 0.470334 
1532343263047 -0.134047 0.990734 -0.0218346 -0.397796 -0.961323 -0.124655 0.245598 -0.305168 0.240601 0.0539118 0.969126 0.423293 0.399434 -0.237233 0.885536 0.416938 -0.870543 -0.400986 0.285247 -0.474724 0.287417 -0.884834 -0.366689 0.470302 
1532343263211 -0.16863 0.948201 -0.269221 -0.493607 -0.968549 -0.108698 0.223827 -0.280433 0.182969 0.298497 0.936708 0.414016 0.399339 -0.237082 0.885619 0.416909 -0.87054 -0.401039 0.285181 -0.474713 0.287556 -0.88485 -0.36654 0.470273 
1532343263503 -0.16863 0.948201 -0.269221 -0.493607 -0.968549 -0.108698 0.223827 -0.280433 0.182969 0.298497 0.936708 0.414016 0.399406 -0.237105 0.885583 0.416973 -0.870524 -0.40103 0.285243 -0.474674 0.287513 -0.884848 -0.366579 0.47028 
1532343263516 0.281128 -0.144281 0.948762 0.287961 -0.928267 -0.291723 0.230692 -0.482186 0.243492 -0.945558 -0.215942 0.480531 0.399393 -0.237041 0.885605 0.417024 -0.870512 -0.401057 0.285239 -0.474746 0.287565 -0.884853 -0.366527 0.470376 
1532343263823 0.230669 0.100236 0.967856 0.200836 -0.928532 -0.274691 0.249746 -0.456661 0.290895 -0.956294 0.0297092 0.47392 0.399383 -0.236981 0.885626 0.417011 -0.8705 -0.401084 0.285237 -0.474749 0.287615 -0.884857 -0.366478 0.47036 
1532343263830 0.170874 0.342697 0.923775 0.100996 -0.930732 -0.251524 0.26547 -0.431425 0.323327 -0.905149 0.27598 0.466237 0.399372 -0.23692 0.885647 0.416993 -0.870489 -0.401111 0.285235 -0.474745 0.287665 -0.884861 -0.366429 0.47034 
1532343264139 0.105168 0.563831 0.819167 0.000827792 -0.934611 -0.2254 0.275131 -0.406099 0.339767 -0.794537 0.503258 0.457463 0.399362 -0.236859 0.885668 0.416974 -0.870477 -0.401139 0.285233 -0.474741 0.287715 -0.884865 -0.36638 0.470321 
1532343264335 0.0375492 0.749605 0.660819 -0.0988506 -0.939993 -0.197919 0.277924 -0.380829 0.339122 -0.631601 0.697192 0.448262 0.399352 -0.236799 0.885689 0.416955 -0.870465 -0.401166 0.285232 -0.474738 0.287765 -0.884868 -0.366332 0.470301 
1532343264465 -0.0276066 0.888128 0.458766 -0.198398 -0.946548 -0.170776 0.273647 -0.355468 0.32138 -0.42669 0.84537 0.439604 0.399342 -0.236738 0.885709 0.416936 -0.870453 -0.401193 0.28523 -0.474734 0.287816 -0.884872 -0.366283 0.470282 
1532343264472 -0.0860431 0.970271 0.22621 -0.298197 -0.953807 -0.145819 0.262657 -0.330284 0.287835 -0.193161 0.937998 0.431428 0.399332 -0.236678 0.88573 0.416917 -0.870441 -0.40122 0.285228 -0.47473 0.287866 -0.884876 -0.366234 0.470263 
1532343264579 -0.134048 0.990734 -0.0218344 -0.397799 -0.961323 -0.124656 0.245599 -0.305169 0.240602 0.0539121 0.969125 0.423297 0.399323 -0.236618 0.88575 0.416897 -0.870429 -0.401248 0.285227 -0.474726 0.287915 -0.88488 -0.366186 0.470244 
1532343264797 -0.168635 0.948199 -0.269223 -0.493612 -0.968547 -0.108701 0.223833 -0.280438 0.182974 0.298501 0.936706 0.413993 0.399314 -0.236558 0.88577 0.416877 -0.870416 -0.401275 0.285226 -0.474723 0.287965 -0.884884 -0.366138 0.470227 
1532343264948 -0.168635 0.948199 -0.269223 -0.493612 -0.968547 -0.108701 0.223833 -0.280438 0.182974 0.298501 0.936706 0.413993 0.399267 -0.236559 0.885791 0.416882 -0.870436 -0.40126 0.285186 -0.474728 0.287969 -0.88489 -0.366119 0.470212 
1532343264961 0.281148 -0.144286 0.948756 0.287935 -0.928259 -0.291734 0.230708 -0.482102 0.243496 -0.945554 -0.215955 0.480471 0.399217 -0.236413 0.885852 0.416936 -0.870446 -0.401232 0.285195 -0.474799 0.288009 -0.884942 -0.365964 0.470291 
1532343265155 0.230687 0.10022 0.967853 0.200795 -0.928528 -0.274694 0.249759 -0.456669 0.290895 -0.956294 0.0296891 0.473953 0.399171 -0.23627 0.885911 0.41692 -0.870455 -0.401206 0.285206 -0.474801 0.288047 -0.884992 -0.365812 0.47026 
1532343265335 0.170884 0.342688 0.923777 0.100969 -0.930729 -0.251526 0.265477 -0.431436 0.32333 -0.905152 0.275968 0.466257 0.399125 -0.236128 0.88597 0.4169 -0.870464 -0.401179 0.285217 -0.474796 0.288085 -0.885042 -0.365661 0.470226 
1532343265583 0.105173 0.563824 0.819171 0.000810836 -0.934609 -0.225402 0.275136 -0.406108 0.339771 -0.794541 0.503249 0.457472 0.399078 -0.235985 0.886029 0.41688 -0.870472 -0.401152 0.285228 -0.47479 0.288123 -0.885092 -0.365509 0.470191 
1532343265783 0.0375506 0.749605 0.660819 -0.0988606 -0.939991 -0.197921 0.277927 -0.380835 0.339125 -0.631601 0.697191 0.44829 0.399032 -0.235842 0.886088 0.416859 -0.870481 -0.401125 0.28524 -0.474785 0.288161 -0.885143 -0.365358 0.470156 
1532343265987 -0.0276049 0.888129 0.458764 -0.198414 -0.946545 -0.170778 0.273656 -0.355475 0.321389 -0.426687 0.845368 0.439648 0.398985 -0.235699 0.886147 0.416839 -0.87049 -0.401098 0.285251 -0.474779 0.288198 -0.885193 -0.365206 0.470121 
1532343266147 -0.0860438 0.970271 0.226209 -0.298195 -0.953806 -0.14582 0.262661 -0.330286 0.287838 -0.19316 0.937997 0.431432 0.398939 -0.235557 0.886206 0.416817 -0.870498 -0.401071 0.285262 -0.474774 0.288236 -0.885243 -0.365055 0.470087 
1532343266354 -0.134049 0.990734 -0.0218346 -0.3978 -0.961322 -0.124657 0.245601 -0.305171 0.240604 0.0539128 0.969125 0.4233 0.398893 -0.235414 0.886264 0.416796 -0.870507 -0.401044 0.285274 -0.474769 0.288274 -0.885293 -0.364903 0.470053 
1532343266532 -0.16864 0.948197 -0.269226 -0.493615 -0.968545 -0.108704 0.223839 -0.280444 0.182978 0.298505 0.936704 0.413976 0.398848 -0.235272 0.886322 0.416774 -0.870515 -0.401017 0.285286 -0.474765 0.288311 -0.885343 -0.364753 0.470022 
1532343266841 -0.16864 0.948197 -0.269226 -0.493615 -0.968545 -0.108704 0.223839 -0.280444 0.182978 0.298505 0.936704 0.413976 0.399011 -0.235412 0.886212 0.416821 -0.870517 -0.400896 0.285452 -0.474757 0.28808 -0.885361 -0.364892 0.469931 
1532343266854 0.28115 -0.144278 0.948756 0.287952 -0.928257 -0.291738 0.23071 -0.482045 0.243502 -0.945554 -0.215949 0.480419 0.399001 -0.235325 0.886239 0.416881 -0.870499 -0.400932 0.285454 -0.474832 0.288147 -0.885367 -0.364823 0.470041 
1532343267045 0.230701 0.100209 0.967851 0.200765 -0.928524 -0.274697 0.249768 -0.456674 0.290894 -0.956295 0.0296741 0.473978 0.398995 -0.235242 0.886264 0.41687 -0.870481 -0.40097 0.285459 -0.474834 0.288213 -0.885373 -0.364758 0.470035 
1532343267231 0.170891 0.342681 0.923778 0.100949 -0.930727 -0.251528 0.265482 -0.431444 0.323332 -0.905154 0.275959 0.466272 0.398988 -0.235159 0.88629 0.416854 -0.870462 -0.401007 0.285464 -0.474829 0.288279 -0.885378 -0.364693 0.470024 
1532343267422 0.105177 0.56382 0.819173 0.000799025 -0.934608 -0.225404 0.275139 -0.406114 0.339774 -0.794544 0.503243 0.457479 0.398981 -0.235075 0.886315 0.416837 -0.870443 -0.401044 0.285468 -0.474823 0.288345 -0.885383 -0.364629 0.470013 
1532343267515 0.0375517 0.749606 0.660819 -0.0988673 -0.939991 -0.197921 0.27793 -0.380838 0.339128 -0.6316 0.69719 0.448308 0.398974 -0.234992 0.88634 0.41682 -0.870424 -0.401082 0.285473 -0.474818 0.288411 -0.885388 -0.364564 0.470002 
1532343267654 -0.0276035 0.88813 0.458763 -0.198424 -0.946543 -0.170779 0.273662 -0.355479 0.321395 -0.426685 0.845367 0.439676 0.398968 -0.234909 0.886365 0.416803 -0.870406 -0.401119 0.285478 -0.474812 0.288476 -0.885393 -0.3645 0.469992 
1532343267769 -0.086044 0.970271 0.226209 -0.298194 -0.953805 -0.145821 0.262663 -0.330288 0.28784 -0.193159 0.937997 0.431434 0.398961 -0.234826 0.88639 0.416786 -0.870387 -0.401156 0.285483 -0.474807 0.288542 -0.885398 -0.364435 0.469981 
1532343268006 -0.13405 0.990734 -0.0218348 -0.397801 -0.961322 -0.124658 0.245603 -0.305172 0.240605 0.0539133 0.969125 0.423302 0.398955 -0.234743 0.886415 0.416768 -0.870368 -0.401194 0.285488 -0.474801 0.288608 -0.885404 -0.364371 0.469971 
1532343268185 -0.168644 0.948196 -0.269228 -0.493617 -0.968544 -0.108705 0.223844 -0.280449 0.182981 0.298509 0.936702 0.413964 0.398949 -0.23466 0.886439 0.41675 -0.870349 -0.401231 0.285493 -0.474796 0.288673 -0.885409 -0.364307 0.469963 
1532343268394 -0.168644 0.948196 -0.269228 -0.493617 -0.968544 -0.108705 0.223844 -0.280449 0.182981 0.298509 0.936702 0.413964 0.398954 -0.234739 0.886416 0.416749 -0.870381 -0.401155 0.285504 -0.474792 0.288571 -0.885422 -0.364355 0.469936 
1532343268407 0.281149 -0.144271 0.948758 0.287968 -0.928256 -0.291741 0.230711 -0.482006 0.243507 -0.945554 -0.215943 0.480382 0.398871 -0.234559 0.886501 0.416809 -0.870392 -0.401143 0.285485 -0.474864 0.288651 -0.885475 -0.364162 0.470019 
1532343268600 0.23071 0.100201 0.967849 0.200743 -0.928522 -0.274698 0.249775 -0.456679 0.290894 -0.956295 0.029663 0.473997 0.398793 -0.234382 0.886583 0.416794 -0.870402 -0.401132 0.285469 -0.474864 0.288728 -0.885527 -0.363976 0.469989 
1532343268836 0.170896 0.342677 0.923779 0.100934 -0.930726 -0.251529 0.265486 -0.43145 0.323333 -0.905155 0.275952 0.466283 0.398715 -0.234206 0.886665 0.416775 -0.870413 -0.401121 0.285454 -0.474857 0.288805 -0.885579 -0.363788 0.469954 
1532343268995 0.105179 0.563817 0.819175 0.000790465 -0.934607 -0.225405 0.275141 -0.406118 0.339776 -0.794546 0.503239 0.457484 0.398636 -0.234029 0.886747 0.416755 -0.870423 -0.401109 0.285438 -0.474849 0.288882 -0.885631 -0.363601 0.469919 
1532343269171 0.0375524 0.749606 0.660819 -0.0988721 -0.93999 -0.197922 0.277931 -0.380841 0.339129 -0.6316 0.697189 0.44832 0.398558 -0.233852 0.886828 0.416734 -0.870433 -0.401098 0.285422 -0.474842 0.288959 -0.885682 -0.363414 0.469884 
1532343269301 -0.0276025 0.88813 0.458763 -0.198431 -0.946542 -0.17078 0.273667 -0.355482 0.321399 -0.426684 0.845366 0.439695 0.39848 -0.233676 0.88691 0.416714 -0.870444 -0.401087 0.285407 -0.474834 0.289036 -0.885734 -0.363227 0.469849 
1532343269494 -0.0860442 0.970271 0.226209 -0.298193 -0.953805 -0.145821 0.262665 -0.330289 0.287842 -0.193158 0.937996 0.431435 0.398402 -0.233499 0.886992 0.416693 -0.870454 -0.401076 0.285391 -0.474826 0.289112 -0.885786 -0.36304 0.469814 
1532343269712 -0.13405 0.990734 -0.021835 -0.397802 -0.961322 -0.124658 0.245604 -0.305174 0.240606 0.0539137 0.969124 0.423303 0.398324 -0.233323 0.887073 0.416672 -0.870464 -0.401065 0.285376 -0.474819 0.289189 -0.885837 -0.362853 0.46978 
1532343269873 -0.168646 0.948195 -0.269229 -0.493619 -0.968543 -0.108706 0.223847 -0.280453 0.182983 0.298511 0.936701 0.413955 0.398247 -0.233147 0.887154 0.41665 -0.870474 -0.401054 0.285361 -0.474812 0.289265 -0.885889 -0.362667 0.46975 
1532343270016 -0.168646 0.948195 -0.269229 -0.493619 -0.968543 -0.108706 0.223847 -0.280453 0.182983 0.298511 0.936701 0.413955 0.398188 -0.233193 0.887168 0.416628 -0.87051 -0.401016 0.285304 -0.474843 0.289238 -0.885893 -0.362676 0.469751 
1532343270030 0.281149 -0.144266 0.948759 0.287981 -0.928255 -0.291744 0.230711 -0.481978 0.243511 -0.945554 -0.215939 0.480357 0.398102 -0.23301 0.887255 0.416689 -0.870487 -0.401111 0.285239 -0.474906 0.289424 -0.885898 -0.362516 0.469839 
1532343270296 0.230718 0.100195 0.967848 0.200727 -0.92852 -0.2747 0.24978 -0.456683 0.290894 -0.956295 0.0296547 0.474011 0.39802 -0.23283 0.887339 0.416678 -0.870464 -0.401207 0.285177 -0.474895 0.289609 -0.885902 -0.362358 0.469807 
1532343270519 0.1709 0.342673 0.923779 0.100923 -0.930725 -0.25153 0.265489 -0.431455 0.323334 -0.905156 0.275948 0.466291 0.397938 -0.232649 0.887423 0.416662 -0.87044 -0.401303 0.285115 -0.474876 0.289794 -0.885906 -0.362201 0.469771 
1532343270767 0.105181 0.563815 0.819176 0.000784191 -0.934606 -0.225406 0.275143 -0.406122 0.339777 -0.794547 0.503236 0.457487 0.397855 -0.232469 0.887507 0.416646 -0.870416 -0.401399 0.285053 -0.474857 0.289979 -0.88591 -0.362043 0.469734 
1532343270992 0.0375529 0.749606 0.660819 -0.0988756 -0.93999 -0.197922 0.277932 -0.380843 0.33913 -0.6316 0.697189 0.448329 0.397773 -0.232289 0.887592 0.416628 -0.870392 -0.401495 0.284991 -0.474837 0.290164 -0.885914 -0.361886 0.469698 
1532343271164 -0.0276017 0.88813 0.458762 -0.198437 -0.946541 -0.170781 0.273669 -0.355485 0.321402 -0.426683 0.845365 0.439709 0.397691 -0.232108 0.887676 0.416611 -0.870368 -0.401591 0.284929 -0.474818 0.290348 -0.885918 -0.361729 0.469662 
1532343271318 -0.0860442 0.970271 0.226208 -0.298193 -0.953804 -0.145822 0.262666 -0.33029 0.287843 -0.193158 0.937996 0.431435 0.397609 -0.231928 0.887759 0.416593 -0.870344 -0.401687 0.284867 -0.474799 0.290533 -0.885921 -0.361572 0.469627 
1532343271510 -0.134051 0.990734 -0.0218351 -0.397802 -0.961321 -0.124658 0.245604 -0.305175 0.240607 0.053914 0.969124 0.423304 0.397527 -0.231748 0.887843 0.416574 -0.870319 -0.401783 0.284806 -0.47478 0.290717 -0.885925 -0.361415 0.469592 
1532343271640 -0.168648 0.948195 -0.26923 -0.49362 -0.968542 -0.108707 0.223849 -0.280456 0.182985 0.298513 0.9367 0.413949 0.397447 -0.231569 0.887926 0.416554 -0.870295 -0.401879 0.284746 -0.474762 0.2909 -0.885928 -0.361259 0.469562 
1532343271842 -0.168648 0.948195 -0.26923 -0.49362 -0.968542 -0.108707 0.223849 -0.280456 0.182985 0.298513 0.9367 0.413949 0.397449 -0.231652 0.887903 0.416549 -0.870326 -0.401807 0.284751 -0.474791 0.290802 -0.88594 -0.361311 0.469567 
1532343271856 0.281148 -0.144262 0.948759 0.28799 -0.928255 -0.291746 0.230711 -0.481959 0.243513 -0.945554 -0.215936 0.480339 0.397513 -0.231693 0.887863 0.416625 -0.870256 -0.401973 0.284733 -0.474859 0.290926 -0.885853 -0.361422 0.469698 
1532343272076 0.230723 0.10019 0.967848 0.200715 -0.928519 -0.274701 0.249784 -0.456685 0.290894 -0.956296 0.0296487 0.474021 0.397581 -0.231737 0.887821 0.416629 -0.870183 -0.402141 0.284717 -0.474849 0.29105 -0.885766 -0.361537 0.469703 
1532343272266 0.170903 0.34267 0.92378 0.100916 -0.930724 -0.251531 0.265491 -0.431458 0.323335 -0.905157 0.275944 0.466296 0.397649 -0.231781 0.88778 0.416628 -0.870111 -0.402309 0.284701 -0.474831 0.291173 -0.885678 -0.361653 0.469703 
1532343272392 0.105183 0.563813 0.819177 0.000779677 -0.934606 -0.225407 0.275144 -0.406124 0.339778 -0.794548 0.503234 0.45749 0.397717 -0.231824 0.887738 0.416625 -0.870039 -0.402476 0.284685 -0.474813 0.291297 -0.88559 -0.361768 0.469704 
1532343272517 0.0375533 0.749606 0.660819 -0.0988781 -0.939989 -0.197922 0.277933 -0.380844 0.339131 -0.6316 0.697189 0.448335 0.397786 -0.231868 0.887696 0.416622 -0.869966 -0.402644 0.284669 -0.474795 0.29142 -0.885502 -0.361884 0.469705 
1532343272687 -0.0276012 0.88813 0.458762 -0.198441 -0.94654 -0.170781 0.273672 -0.355486 0.321404 -0.426683 0.845365 0.439719 0.397854 -0.231912 0.887654 0.416619 -0.869893 -0.402812 0.284653 -0.474777 0.291543 -0.885415 -0.361999 0.469706 
1532343272838 -0.0860443 0.970271 0.226208 -0.298193 -0.953804 -0.145822 0.262666 -0.33029 0.287844 -0.193157 0.937996 0.431436 0.397922 -0.231956 0.887612 0.416616 -0.869821 -0.40298 0.284637 -0.474759 0.291667 -0.885327 -0.362115 0.469708 
1532343273072 -0.134051 0.990734 -0.0218352 -0.397802 -0.961321 -0.124658 0.245605 -0.305175 0.240607 0.0539143 0.969124 0.423305 0.397991 -0.231999 0.88757 0.416613 -0.869748 -0.403148 0.284622 -0.474742 0.29179 -0.885239 -0.36223 0.469709 
1532343273260 -0.168649 0.948194 -0.269231 -0.49362 -0.968542 -0.108708 0.22385 -0.280457 0.182986 0.298514 0.936699 0.413945 0.398059 -0.232043 0.887528 0.416609 -0.869676 -0.403316 0.284606 -0.474724 0.291913 -0.885151 -0.362346 0.46971 
1532343273419 -0.168649 0.948194 -0.269231 -0.49362 -0.968542 -0.108708 0.22385 -0.280457 0.182986 0.298514 0.936699 0.413945 0.397973 -0.232133 0.887543 0.4166 -0.869755 -0.403189 0.284544 -0.474763 0.291796 -0.885185 -0.362357 0.46971 
1532343273432 0.281148 -0.14426 0.94876 0.287996 -0.928254 -0.291747 0.230711 -0.481945 0.243515 -0.945554 -0.215934 0.480326 0.398008 -0.232091 0.887538 0.416677 -0.869735 -0.403202 0.284587 -0.474838 0.291807 -0.88519 -0.362335 0.469817 
1532343273629 0.230727 0.100187 0.967847 0.200707 -0.928518 -0.274701 0.249787 -0.456687 0.290894 -0.956296 0.0296444 0.474028 0.398053 -0.232054 0.887527 0.416672 -0.869711 -0.403217 0.284638 -0.474838 0.291815 -0.885193 -0.362321 0.469809 
1532343273646 0.170905 0.342669 0.92378 0.10091 -0.930723 -0.251531 0.265493 -0.43146 0.323335 -0.905158 0.275942 0.466301 0.398097 -0.232016 0.887517 0.416662 -0.869688 -0.403231 0.284687 -0.47483 0.291823 -0.885197 -0.362307 0.469796 
1532343273743 0.105184 0.563812 0.819178 0.000776445 -0.934605 -0.225407 0.275145 -0.406126 0.339779 -0.794549 0.503232 0.457491 0.398142 -0.231978 0.887507 0.416652 -0.869666 -0.403246 0.284737 -0.474821 0.291831 -0.8852 -0.362292 0.469782 
1532343273876 0.0375536 0.749606 0.660818 -0.0988799 -0.939989 -0.197923 0.277934 -0.380845 0.339132 -0.6316 0.697188 0.44834 0.398186 -0.231941 0.887497 0.416642 -0.869643 -0.40326 0.284786 -0.474813 0.291839 -0.885203 -0.362278 0.469769 
1532343274115 -0.0276008 0.888131 0.458762 -0.198444 -0.946539 -0.170781 0.273673 -0.355487 0.321405 -0.426682 0.845364 0.439726 0.39823 -0.231903 0.887487 0.416633 -0.86962 -0.403274 0.284836 -0.474805 0.291847 -0.885207 -0.362263 0.469755 
1532343274223 -0.0860443 0.970271 0.226208 -0.298192 -0.953804 -0.145822 0.262667 -0.330291 0.287844 -0.193157 0.937996 0.431436 0.398274 -0.231865 0.887478 0.416623 -0.869597 -0.403289 0.284885 -0.474796 0.291855 -0.88521 -0.362249 0.469742 
1532343274230 -0.134051 0.990734 -0.0218353 -0.397802 -0.961321 -0.124659 0.245605 -0.305176 0.240608 0.0539144 0.969124 0.423306 0.398318 -0.231828 0.887468 0.416613 -0.869574 -0.403303 0.284935 -0.474788 0.291863 -0.885213 -0.362234 0.469728 
1532343274327 -0.16865 0.948194 -0.269232 -0.493621 -0.968542 -0.108708 0.223852 -0.280459 0.182987 0.298515 0.936699 0.413942 0.398362 -0.23179 0.887458 0.416604 -0.869551 -0.403318 0.284984 -0.47478 0.291871 -0.885217 -0.36222 0.469715 
1532343274479 -0.16865 0.948194 -0.269232 -0.493621 -0.968542 -0.108708 0.223852 -0.280459 0.182987 0.298515 0.936699 0.413942 0.398314 -0.231885 0.887454 0.416622 -0.869577 -0.403315 0.284907 -0.474787 0.291858 -0.885193 -0.362288 0.469703 
1532343274492 0.281148 -0.144258 0.94876 0.288001 -0.928254 -0.291748 0.230711 -0.481935 0.243517 -0.945554 -0.215932 0.480317 0.398358 -0.231997 0.887405 0.416704 -0.869592 -0.403265 0.284935 -0.474858 0.291755 -0.885186 -0.362387 0.469829 
1532343274498 0.230729 0.100185 0.967847 0.200701 -0.928517 -0.274702 0.249789 -0.456689 0.290894 -0.956296 0.0296413 0.474033 0.398411 -0.232115 0.887351 0.416703 -0.869603 -0.403217 0.284968 -0.474854 0.291649 -0.885177 -0.362493 0.469841 
1532343274816 0.170906 0.342667 0.92378 0.100906 -0.930723 -0.251531 0.265494 -0.431462 0.323336 -0.905158 0.27594 0.466304 0.398463 -0.232232 0.887297 0.416699 -0.869615 -0.403168 0.285001 -0.474843 0.291544 -0.885169 -0.3626 0.469848 
1532343275069 0.105184 0.563811 0.819179 0.000774173 -0.934605 -0.225408 0.275145 -0.406127 0.339779 -0.794549 0.503231 0.457493 0.398515 -0.232349 0.887243 0.416694 -0.869626 -0.40312 0.285034 -0.474831 0.291438 -0.88516 -0.362706 0.469855 
