1534188614066 -0.335435 0.900957 -0.275246 -0.572969 -0.932065 -0.274938 0.235932 -0.274357 0.136889 0.335687 0.931974 0.365453 0.16008 -0.304787 0.938871 0.370831 -0.775623 0.549475 0.310623 -0.528794 -0.61056 -0.777934 -0.14844 0.432481 
1534188614078 -0.287792 0.908723 -0.302321 -0.576639 -0.946626 -0.222069 0.233634 -0.269697 0.145172 0.353423 0.924131 0.370147 0.316225 -0.384867 0.86711 0.400813 -0.930002 -0.30626 0.203228 -0.504337 0.187345 -0.870679 -0.454774 0.485882 
1534188614987 -0.239584 0.913394 -0.329105 -0.58031 -0.95852 -0.168624 0.229794 -0.265038 0.154397 0.370509 0.915907 0.374842 0.316225 -0.384867 0.86711 0.400813 -0.930002 -0.30626 0.203228 -0.504337 0.187345 -0.870679 -0.454774 0.485882 
1534188615903 -0.19097 0.914954 -0.355513 -0.58398 -0.967709 -0.114779 0.224424 -0.260378 0.164532 0.386891 0.907328 0.379536 0.316225 -0.384867 0.86711 0.400813 -0.930002 -0.30626 0.203228 -0.504337 0.187345 -0.870679 -0.454774 0.485882 
1534188616828 -0.142106 0.913398 -0.381457 -0.587651 -0.974161 -0.0607088 0.217542 -0.255719 0.175545 0.402515 0.898424 0.38423 0.316225 -0.384867 0.86711 0.400813 -0.930002 -0.30626 0.203228 -0.504337 0.187345 -0.870679 -0.454774 0.485882 
1534188617778 -0.0931535 0.908731 -0.406854 -0.591323 -0.977857 -0.00659044 0.20917 -0.251061 0.187398 0.41733 0.889223 0.388924 0.316225 -0.384867 0.86711 0.400813 -0.930002 -0.30626 0.203228 -0.504337 0.187345 -0.870679 -0.454774 0.485882 
1534188618722 -0.0442714 0.900968 -0.431621 -0.594995 -0.978784 0.0473998 0.199337 -0.246403 0.200055 0.431289 0.879755 0.393618 0.316225 -0.384867 0.86711 0.400813 -0.930002 -0.30626 0.203228 -0.504337 0.187345 -0.870679 -0.454774 0.485882 
1534188619676 0.00438065 0.890135 -0.455676 -0.598668 -0.976939 0.101086 0.188073 -0.241746 0.213472 0.444344 0.87005 0.398311 0.316225 -0.384867 0.86711 0.400813 -0.930002 -0.30626 0.203228 -0.504337 0.187345 -0.870679 -0.454774 0.485882 
1534188620642 0.0526438 0.876267 -0.478941 -0.602344 -0.972329 0.154292 0.175416 -0.237092 0.227608 0.456454 0.860142 0.403004 0.316225 -0.384867 0.86711 0.400813 -0.930002 -0.30626 0.203228 -0.504337 0.187345 -0.870679 -0.454774 0.485882 
1534188621631 0.100058 0.859623 -0.501035 -0.607289 -0.964961 0.206601 0.161759 -0.233431 0.242566 0.467294 0.850175 0.407337 0.316379 -0.384993 0.866998 0.401317 -0.929989 -0.306181 0.203405 -0.505249 0.187149 -0.870651 -0.454908 0.48631 
1534188622645 0.0999295 0.859743 -0.500855 -0.607198 -0.964856 0.206684 0.162277 -0.233644 0.243035 0.467037 0.850182 0.407141 0.316379 -0.384993 0.866998 0.401317 -0.929989 -0.306181 0.203405 -0.505249 0.187149 -0.870651 -0.454908 0.48631 
1534188622655 0.104711 0.857863 -0.503097 -0.607447 -0.963982 0.211917 0.160717 -0.233057 0.244488 0.468148 0.849154 0.407666 0.31622 -0.384863 0.867113 0.400797 -0.930002 -0.306262 0.203222 -0.504307 0.187351 -0.87068 -0.45477 0.485868 
1534188623005 0.109486 0.855953 -0.505329 -0.607692 -0.96308 0.217142 0.159143 -0.232467 0.245947 0.469248 0.848125 0.408192 0.31622 -0.384863 0.867113 0.400796 -0.930002 -0.306262 0.203222 -0.504306 0.187351 -0.87068 -0.454769 0.485868 
1534188623354 0.114253 0.854013 -0.50755 -0.607937 -0.96215 0.222358 0.157556 -0.231878 0.247413 0.470338 0.847094 0.408718 0.31622 -0.384863 0.867113 0.400796 -0.930002 -0.306262 0.203222 -0.504305 0.187351 -0.87068 -0.45477 0.485867 
1534188623705 0.119014 0.852044 -0.509762 -0.608181 -0.961193 0.227565 0.155956 -0.231288 0.248885 0.471419 0.846062 0.409244 0.316221 -0.384863 0.867113 0.400795 -0.930002 -0.306262 0.203223 -0.504305 0.187351 -0.87068 -0.45477 0.485867 
1534188623712 0.123766 0.850045 -0.511963 -0.608426 -0.960208 0.232763 0.154342 -0.230697 0.250364 0.472489 0.845028 0.409771 0.31622 -0.384863 0.867113 0.400795 -0.930002 -0.306262 0.203222 -0.504305 0.187352 -0.87068 -0.454769 0.485867 
1534188624203 0.128511 0.848016 -0.514154 -0.608671 -0.959196 0.237951 0.152716 -0.230108 0.251848 0.473549 0.843993 0.410297 0.31622 -0.384863 0.867113 0.400795 -0.930002 -0.306262 0.203222 -0.504305 0.187352 -0.87068 -0.454769 0.485867 
1534188624554 0.133248 0.845958 -0.516334 -0.608915 -0.958157 0.24313 0.151075 -0.229518 0.253339 0.474598 0.842956 0.410823 0.31622 -0.384863 0.867113 0.400795 -0.930002 -0.306262 0.203222 -0.504304 0.187352 -0.87068 -0.454769 0.485867 
1534188624905 0.137976 0.84387 -0.518504 -0.609161 -0.95709 0.248299 0.149423 -0.228928 0.254837 0.475638 0.841919 0.411349 0.31622 -0.384863 0.867113 0.400795 -0.930002 -0.306262 0.203222 -0.504304 0.187352 -0.87068 -0.454769 0.485867 
1534188625264 0.142697 0.841753 -0.520663 -0.609405 -0.955995 0.253458 0.147756 -0.228337 0.25634 0.476667 0.840879 0.411875 0.31622 -0.384863 0.867113 0.400795 -0.930002 -0.306262 0.203222 -0.504304 0.187351 -0.87068 -0.454769 0.485867 
1534188625635 0.142493 0.842045 -0.520246 -0.609329 -0.956004 0.253251 0.148055 -0.22849 0.256422 0.47626 0.841085 0.411852 0.31622 -0.384863 0.867113 0.400795 -0.930002 -0.306262 0.203222 -0.504304 0.187351 -0.87068 -0.454769 0.485867 
1534188625651 0.143281 0.842125 -0.5199 -0.609365 -0.955816 0.253992 0.147997 -0.228456 0.256683 0.475723 0.841309 0.411773 0.31622 -0.384863 0.867113 0.400795 -0.930002 -0.306262 0.203222 -0.504304 0.187351 -0.87068 -0.454769 0.485867 
1534188625670 0.144069 0.842204 -0.519554 -0.609403 -0.955628 0.254735 0.147938 -0.228419 0.256942 0.475187 0.841533 0.411693 0.31622 -0.384863 0.867113 0.400795 -0.930002 -0.306262 0.203222 -0.504304 0.187351 -0.87068 -0.454769 0.485867 
1534188625785 0.144858 0.842282 -0.519209 -0.609441 -0.955439 0.255477 0.147879 -0.228382 0.257201 0.474651 0.841757 0.411614 0.31622 -0.384863 0.867113 0.400795 -0.930002 -0.306262 0.203222 -0.504304 0.187351 -0.87068 -0.454769 0.485867 
1534188625829 0.145647 0.842359 -0.518863 -0.609478 -0.955249 0.256218 0.147821 -0.228346 0.25746 0.474114 0.84198 0.411534 0.31622 -0.384863 0.867113 0.400795 -0.930002 -0.306262 0.203222 -0.504304 0.187351 -0.87068 -0.454769 0.485867 
1534188625931 0.146435 0.842435 -0.518517 -0.609515 -0.955059 0.25696 0.147763 -0.22831 0.257719 0.473577 0.842203 0.411455 0.31622 -0.384863 0.867113 0.400795 -0.930002 -0.306262 0.203222 -0.504304 0.187351 -0.87068 -0.454769 0.485867 
1534188625975 0.147225 0.84251 -0.518172 -0.609553 -0.954868 0.257702 0.147705 -0.228272 0.257976 0.47304 0.842426 0.411376 0.31622 -0.384863 0.867113 0.400795 -0.930002 -0.306262 0.203222 -0.504304 0.187351 -0.87068 -0.454769 0.485867 
1534188626075 0.148013 0.842585 -0.517826 -0.60959 -0.954677 0.258443 0.147647 -0.228235 0.258234 0.472502 0.842649 0.411297 0.31622 -0.384863 0.867113 0.400795 -0.930002 -0.306262 0.203222 -0.504304 0.187351 -0.87068 -0.454769 0.485867 
1534188626126 0.148802 0.842658 -0.517479 -0.609628 -0.954484 0.259184 0.14759 -0.228199 0.258491 0.471964 0.842871 0.411218 0.31622 -0.384863 0.867113 0.400795 -0.930002 -0.306262 0.203222 -0.504304 0.187351 -0.87068 -0.454769 0.485867 
1534188626208 0.14959 0.842731 -0.517133 -0.609665 -0.954292 0.259925 0.147533 -0.228163 0.258747 0.471426 0.843094 0.411138 0.31622 -0.384863 0.867113 0.400795 -0.930002 -0.306262 0.203222 -0.504304 0.187351 -0.87068 -0.454769 0.485867 
1534188626282 0.148581 0.842517 -0.517773 -0.609612 -0.954528 0.259031 0.14758 -0.228282 0.258458 0.472301 0.842693 0.4112 0.31622 -0.384863 0.867113 0.400795 -0.930002 -0.306262 0.203222 -0.504304 0.187351 -0.87068 -0.454769 0.485867 
1534188626295 0.149054 0.842843 -0.517106 -0.609566 -0.954472 0.259287 0.147493 -0.228275 0.258392 0.471579 0.843117 0.41114 0.31622 -0.384863 0.867113 0.400795 -0.930002 -0.306262 0.203222 -0.504304 0.187351 -0.87068 -0.454769 0.485867 
1534188626312 0.149526 0.843169 -0.516437 -0.609524 -0.954416 0.259541 0.147408 -0.228272 0.258327 0.470855 0.843542 0.411077 0.31622 -0.384863 0.867113 0.400795 -0.930002 -0.306262 0.203222 -0.504304 0.187351 -0.87068 -0.454769 0.485867 
1534188626386 0.149996 0.843495 -0.515768 -0.609484 -0.95436 0.259795 0.147324 -0.228271 0.258261 0.47013 0.843966 0.411014 0.31622 -0.384863 0.867113 0.400795 -0.930002 -0.306262 0.203222 -0.504304 0.187351 -0.87068 -0.454769 0.485867 
1534188626477 0.150467 0.843821 -0.515099 -0.609443 -0.954303 0.260049 0.14724 -0.228268 0.258195 0.469406 0.84439 0.410952 0.31622 -0.384863 0.867113 0.400795 -0.930002 -0.306262 0.203222 -0.504304 0.187351 -0.87068 -0.454769 0.485867 
1534188626567 0.150938 0.844145 -0.514429 -0.609401 -0.954247 0.260303 0.147156 -0.228265 0.258128 0.468681 0.844812 0.41089 0.31622 -0.384863 0.867113 0.400795 -0.930002 -0.306262 0.203222 -0.504304 0.187351 -0.87068 -0.454769 0.485867 
1534188626632 0.151409 0.844469 -0.513759 -0.60936 -0.954191 0.260557 0.147072 -0.228263 0.258061 0.467956 0.845235 0.410827 0.31622 -0.384863 0.867113 0.400795 -0.930002 -0.306262 0.203222 -0.504304 0.187351 -0.87068 -0.454769 0.485867 
1534188626728 0.15188 0.844792 -0.513088 -0.609318 -0.954134 0.260812 0.146988 -0.22826 0.257994 0.46723 0.845656 0.410765 0.31622 -0.384863 0.867113 0.400795 -0.930002 -0.306262 0.203222 -0.504304 0.187351 -0.87068 -0.454769 0.485867 
1534188626797 0.152351 0.845114 -0.512417 -0.609278 -0.954077 0.261066 0.146905 -0.228258 0.257926 0.466505 0.846078 0.410702 0.31622 -0.384863 0.867113 0.400795 -0.930002 -0.306262 0.203222 -0.504304 0.187351 -0.87068 -0.454769 0.485867 
1534188626893 0.152821 0.845436 -0.511746 -0.609236 -0.95402 0.261321 0.146821 -0.228255 0.257858 0.465779 0.846498 0.41064 0.31622 -0.384863 0.867113 0.400795 -0.930002 -0.306262 0.203222 -0.504304 0.187351 -0.87068 -0.454769 0.485867 
1534188626943 0.152111 0.845085 -0.512537 -0.609298 -0.954119 0.260874 0.146972 -0.228213 0.257912 0.466665 0.845994 0.410735 0.31622 -0.384863 0.867113 0.400795 -0.930002 -0.306262 0.203222 -0.504304 0.187351 -0.87068 -0.454769 0.485867 
1534188626956 0.151926 0.845067 -0.512621 -0.60923 -0.954198 0.26064 0.146874 -0.228324 0.257728 0.466828 0.84596 0.410761 0.31622 -0.384863 0.867113 0.400795 -0.930002 -0.306262 0.203222 -0.504304 0.187351 -0.87068 -0.45477 0.485867 
1534188626973 0.151762 0.845059 -0.512683 -0.609157 -0.954274 0.260421 0.146774 -0.228439 0.257547 0.466966 0.845939 0.410784 0.31622 -0.384863 0.867113 0.400795 -0.930002 -0.306262 0.203222 -0.504304 0.187351 -0.87068 -0.45477 0.485867 
1534188626990 0.151599 0.84505 -0.512746 -0.609085 -0.954349 0.260203 0.146674 -0.228553 0.257365 0.467103 0.845919 0.410808 0.31622 -0.384863 0.867113 0.400795 -0.930002 -0.306262 0.203222 -0.504304 0.187351 -0.87068 -0.45477 0.485867 
1534188627092 0.151434 0.845041 -0.512809 -0.609012 -0.954424 0.259983 0.146574 -0.228669 0.257183 0.46724 0.845898 0.41083 0.31622 -0.384863 0.867113 0.400795 -0.930002 -0.306262 0.203222 -0.504304 0.187351 -0.87068 -0.45477 0.485867 
1534188627108 0.15127 0.845033 -0.512871 -0.60894 -0.954499 0.259765 0.146474 -0.228783 0.257001 0.467378 0.845877 0.410853 0.31622 -0.384863 0.867113 0.400795 -0.930002 -0.306262 0.203222 -0.504304 0.187351 -0.87068 -0.45477 0.485867 
1534188627128 0.151107 0.845024 -0.512934 -0.608868 -0.954574 0.259546 0.146374 -0.228897 0.256819 0.467515 0.845857 0.410876 0.31622 -0.384863 0.867113 0.400795 -0.930002 -0.306262 0.203222 -0.504304 0.187351 -0.87068 -0.45477 0.485867 
1534188627165 0.150942 0.845016 -0.512996 -0.608794 -0.954648 0.259326 0.146274 -0.229013 0.256638 0.467652 0.845836 0.410898 0.31622 -0.384863 0.867113 0.400795 -0.930002 -0.306262 0.203222 -0.504304 0.187351 -0.87068 -0.45477 0.485867 
1534188627222 0.150778 0.845007 -0.513059 -0.608722 -0.954723 0.259107 0.146174 -0.229128 0.256456 0.467789 0.845815 0.410921 0.31622 -0.384863 0.867113 0.400795 -0.930002 -0.306262 0.203222 -0.504304 0.187351 -0.87068 -0.45477 0.485867 
1534188627254 0.150614 0.844998 -0.513122 -0.608649 -0.954798 0.258888 0.146074 -0.229242 0.256274 0.467927 0.845795 0.410944 0.31622 -0.384863 0.867113 0.400795 -0.930002 -0.306262 0.203222 -0.504304 0.187351 -0.87068 -0.45477 0.485867 
1534188627293 0.151059 0.845118 -0.512793 -0.608853 -0.954557 0.259525 0.146521 -0.228847 0.25691 0.467357 0.845917 0.410916 0.31622 -0.384863 0.867113 0.400795 -0.930002 -0.306262 0.203222 -0.504304 0.187351 -0.87068 -0.45477 0.485867 
1534188627307 0.150487 0.845014 -0.513133 -0.608696 -0.954649 0.25909 0.146692 -0.229094 0.256904 0.467786 0.845681 0.410948 0.31622 -0.384863 0.867113 0.400795 -0.930002 -0.306262 0.203222 -0.504304 0.187351 -0.87068 -0.45477 0.485867 
1534188627323 0.149913 0.844909 -0.513473 -0.608537 -0.954742 0.258651 0.146859 -0.22935 0.256893 0.468218 0.845445 0.410978 0.31622 -0.384863 0.867113 0.400795 -0.930002 -0.306262 0.203222 -0.504304 0.187351 -0.87068 -0.45477 0.485867 
1534188627432 0.14934 0.844803 -0.513814 -0.608378 -0.954835 0.258213 0.147026 -0.229604 0.256881 0.468651 0.845209 0.411009 0.31622 -0.384863 0.867113 0.400795 -0.930002 -0.306262 0.203222 -0.504304 0.187351 -0.87068 -0.45477 0.485867 
1534188627523 0.148766 0.844698 -0.514154 -0.60822 -0.954928 0.257774 0.147193 -0.22986 0.256869 0.469083 0.844973 0.41104 0.31622 -0.384863 0.867113 0.400795 -0.930002 -0.306262 0.203222 -0.504304 0.187351 -0.87068 -0.45477 0.485867 
1534188627619 0.148192 0.844592 -0.514494 -0.608062 -0.95502 0.257335 0.147361 -0.230117 0.256857 0.469514 0.844737 0.41107 0.31622 -0.384863 0.867113 0.400795 -0.930002 -0.306262 0.203222 -0.504304 0.187351 -0.87068 -0.45477 0.485867 
1534188627708 0.147619 0.844485 -0.514834 -0.607903 -0.955112 0.256896 0.147529 -0.230372 0.256845 0.469946 0.844501 0.4111 0.31622 -0.384863 0.867113 0.400795 -0.930002 -0.306262 0.203222 -0.504304 0.187351 -0.87068 -0.45477 0.485867 
1534188627803 0.147044 0.844378 -0.515173 -0.607745 -0.955204 0.256457 0.147697 -0.230628 0.256832 0.470378 0.844264 0.41113 0.31622 -0.384863 0.867113 0.400795 -0.930002 -0.306262 0.203222 -0.504304 0.187351 -0.87068 -0.45477 0.485867 
1534188627893 0.146471 0.844271 -0.515513 -0.607586 -0.955296 0.256019 0.147865 -0.230883 0.256819 0.470809 0.844028 0.411161 0.31622 -0.384863 0.867113 0.400795 -0.930002 -0.306262 0.203222 -0.504304 0.187351 -0.87068 -0.45477 0.485867 
1534188627992 0.145897 0.844163 -0.515852 -0.607428 -0.955387 0.25558 0.148033 -0.231138 0.256806 0.471241 0.843791 0.411192 0.31622 -0.384863 0.867113 0.400795 -0.930002 -0.306262 0.203222 -0.504304 0.187351 -0.87068 -0.45477 0.485867 
1534188628095 0.146537 0.844308 -0.515434 -0.607557 -0.955287 0.25606 0.147854 -0.230935 0.256816 0.470721 0.844078 0.411228 0.31622 -0.384863 0.867113 0.400795 -0.930002 -0.306262 0.203222 -0.504304 0.187351 -0.87068 -0.45477 0.485867 
1534188628107 0.146242 0.84436 -0.515431 -0.607269 -0.955279 0.255903 0.148173 -0.231057 0.257012 0.470712 0.844023 0.411211 0.31622 -0.384863 0.867113 0.400795 -0.930002 -0.306262 0.203222 -0.504304 0.187351 -0.87068 -0.45477 0.485867 
1534188628124 0.145945 0.844413 -0.515429 -0.606978 -0.955272 0.255746 0.148493 -0.231178 0.257208 0.470703 0.843969 0.411193 0.31622 -0.384863 0.867113 0.400795 -0.930002 -0.306262 0.203222 -0.504304 0.187351 -0.87068 -0.45477 0.485867 
1534188628234 0.145649 0.844465 -0.515427 -0.606686 -0.955264 0.255588 0.148813 -0.231299 0.257404 0.470694 0.843914 0.411176 0.31622 -0.384863 0.867113 0.400795 -0.930002 -0.306262 0.203222 -0.504304 0.187351 -0.87068 -0.45477 0.485867 
1534188628306 0.145353 0.844518 -0.515424 -0.606394 -0.955256 0.255431 0.149132 -0.23142 0.2576 0.470686 0.843859 0.411158 0.31622 -0.384863 0.867113 0.400795 -0.930002 -0.306262 0.203222 -0.504304 0.187351 -0.87068 -0.45477 0.485867 
1534188628382 0.145057 0.84457 -0.515422 -0.606101 -0.955248 0.255273 0.149452 -0.23154 0.257796 0.470677 0.843803 0.411141 0.31622 -0.384863 0.867113 0.400795 -0.930002 -0.306262 0.203222 -0.504304 0.187351 -0.87068 -0.45477 0.485867 
1534188628470 0.144761 0.844622 -0.515419 -0.60581 -0.955241 0.255116 0.149771 -0.231661 0.257992 0.470669 0.843748 0.411124 0.31622 -0.384863 0.867113 0.400795 -0.930002 -0.306262 0.203222 -0.504304 0.187351 -0.87068 -0.45477 0.485867 
1534188628536 0.144465 0.844675 -0.515417 -0.605519 -0.955232 0.254958 0.150091 -0.231782 0.258188 0.47066 0.843693 0.411106 0.31622 -0.384863 0.867113 0.400795 -0.930002 -0.306262 0.203222 -0.504304 0.187351 -0.87068 -0.45477 0.485867 
1534188628642 0.144169 0.844727 -0.515414 -0.605226 -0.955224 0.254801 0.15041 -0.231902 0.258383 0.470652 0.843638 0.411089 0.31622 -0.384863 0.867113 0.400795 -0.930002 -0.306262 0.203222 -0.504304 0.187351 -0.87068 -0.45477 0.485867 
1534188628720 0.143872 0.844779 -0.515411 -0.604935 -0.955216 0.254643 0.15073 -0.232023 0.258579 0.470643 0.843583 0.411072 0.31622 -0.384863 0.867113 0.400795 -0.930002 -0.306262 0.203222 -0.504304 0.187351 -0.87068 -0.45477 0.485867 
1534188628798 0.144448 0.844737 -0.51532 -0.605283 -0.955212 0.254969 0.150204 -0.23193 0.258273 0.470543 0.843733 0.411139 0.31622 -0.384863 0.867113 0.400795 -0.930002 -0.306262 0.203222 -0.504304 0.187351 -0.87068 -0.45477 0.485867 
1534188628810 0.143939 0.84494 -0.515129 -0.604993 -0.955227 0.254611 0.150713 -0.232001 0.258501 0.470372 0.843758 0.411141 0.31622 -0.384863 0.867113 0.400795 -0.930002 -0.306262 0.203222 -0.504304 0.187351 -0.87068 -0.45477 0.485867 
1534188628827 0.143428 0.845144 -0.514937 -0.604702 -0.955242 0.254252 0.151224 -0.232075 0.25873 0.4702 0.843784 0.411142 0.31622 -0.384863 0.867113 0.400795 -0.930002 -0.306262 0.203222 -0.504304 0.187351 -0.87068 -0.45477 0.485867 
1534188628856 0.142918 0.845348 -0.514744 -0.60441 -0.955256 0.253893 0.151735 -0.232149 0.258959 0.470027 0.84381 0.411142 0.31622 -0.384863 0.867113 0.400795 -0.930002 -0.306262 0.203222 -0.504304 0.187351 -0.87068 -0.45477 0.485867 
1534188628985 0.142407 0.845551 -0.514552 -0.604119 -0.955271 0.253534 0.152246 -0.232223 0.259188 0.469855 0.843835 0.411143 0.31622 -0.384863 0.867113 0.400795 -0.930002 -0.306262 0.203222 -0.504304 0.187351 -0.87068 -0.45477 0.485867 
1534188629042 0.141897 0.845755 -0.514358 -0.603828 -0.955284 0.253174 0.152757 -0.232298 0.259417 0.469683 0.843861 0.411143 0.31622 -0.384863 0.867113 0.400795 -0.930002 -0.306262 0.203222 -0.504304 0.187351 -0.87068 -0.45477 0.485867 
1534188629149 0.141386 0.845958 -0.514165 -0.603537 -0.955298 0.252815 0.153267 -0.232371 0.259646 0.469511 0.843886 0.411144 0.31622 -0.384863 0.867113 0.400795 -0.930002 -0.306262 0.203222 -0.504304 0.187351 -0.87068 -0.45477 0.485867 
1534188629203 0.140875 0.846161 -0.513971 -0.603246 -0.955311 0.252455 0.153778 -0.232446 0.259875 0.469339 0.843911 0.411143 0.31622 -0.384863 0.867113 0.400795 -0.930002 -0.306262 0.203222 -0.504304 0.187351 -0.87068 -0.45477 0.485867 
1534188629304 0.140365 0.846363 -0.513777 -0.602955 -0.955324 0.252095 0.154288 -0.23252 0.260104 0.469167 0.843936 0.411144 0.31622 -0.384863 0.867113 0.400795 -0.930002 -0.306262 0.203222 -0.504304 0.187351 -0.87068 -0.45477 0.485867 
1534188629378 0.139855 0.846566 -0.513583 -0.602664 -0.955336 0.251735 0.154798 -0.232594 0.260334 0.468995 0.843961 0.411145 0.31622 -0.384863 0.867113 0.400795 -0.930002 -0.306262 0.203222 -0.504304 0.187351 -0.87068 -0.45477 0.485867 
1534188629471 0.140543 0.846285 -0.513857 -0.603058 -0.955346 0.252175 0.154021 -0.232553 0.259927 0.469264 0.843937 0.411142 0.31622 -0.384863 0.867113 0.400795 -0.930002 -0.306262 0.203222 -0.504304 0.187351 -0.87068 -0.45477 0.485867 
1534188629481 0.140018 0.8462 -0.51414 -0.60284 -0.955358 0.251895 0.154405 -0.232572 0.260167 0.469568 0.843694 0.411211 0.31622 -0.384863 0.867113 0.400795 -0.930002 -0.306262 0.203222 -0.504304 0.187351 -0.87068 -0.45477 0.485867 
1534188629498 0.139495 0.846114 -0.514424 -0.602618 -0.955369 0.251617 0.154788 -0.232588 0.260406 0.469872 0.84345 0.411282 0.31622 -0.384863 0.867113 0.400795 -0.930002 -0.306262 0.203222 -0.504304 0.187351 -0.87068 -0.45477 0.485867 
1534188629608 0.138972 0.846027 -0.514708 -0.602396 -0.95538 0.251339 0.155172 -0.232603 0.260645 0.470177 0.843207 0.411352 0.31622 -0.384863 0.867113 0.400795 -0.930002 -0.306262 0.203222 -0.504304 0.187351 -0.87068 -0.45477 0.485867 
1534188629663 0.138449 0.845941 -0.514992 -0.602173 -0.955391 0.251061 0.155555 -0.232619 0.260884 0.470482 0.842963 0.411422 0.31622 -0.384863 0.867113 0.400795 -0.930002 -0.306262 0.203222 -0.504304 0.187351 -0.87068 -0.45477 0.485867 
1534188629753 0.137926 0.845853 -0.515275 -0.60195 -0.955401 0.250783 0.155938 -0.232634 0.261123 0.470787 0.842719 0.411493 0.31622 -0.384863 0.867113 0.400795 -0.930002 -0.306262 0.203222 -0.504304 0.187351 -0.87068 -0.45477 0.485867 
1534188629817 0.137402 0.845766 -0.515558 -0.601729 -0.955411 0.250505 0.156322 -0.23265 0.261361 0.471091 0.842474 0.411563 0.31622 -0.384863 0.867113 0.400795 -0.930002 -0.306262 0.203222 -0.504304 0.187351 -0.87068 -0.45477 0.485867 
1534188629910 0.136879 0.845678 -0.515841 -0.601507 -0.955421 0.250227 0.156705 -0.232667 0.2616 0.471396 0.84223 0.411633 0.31622 -0.384863 0.867113 0.400795 -0.930002 -0.306262 0.203222 -0.504304 0.187351 -0.87068 -0.45477 0.485867 
1534188629965 0.136355 0.84559 -0.516124 -0.601284 -0.955431 0.24995 0.157089 -0.232681 0.261838 0.471701 0.841985 0.411704 0.31622 -0.384863 0.867113 0.400795 -0.930002 -0.306262 0.203222 -0.504304 0.187351 -0.87068 -0.45477 0.485867 
1534188629972 0.135831 0.845502 -0.516406 -0.601062 -0.95544 0.249672 0.157472 -0.232698 0.262076 0.472006 0.84174 0.411774 0.31622 -0.384863 0.867113 0.400795 -0.930002 -0.306262 0.203222 -0.504304 0.187351 -0.87068 -0.45477 0.485867 
1534188630119 0.136672 0.84564 -0.515959 -0.601315 -0.955385 0.250191 0.156982 -0.232724 0.261839 0.471484 0.842106 0.41171 0.31622 -0.384863 0.867113 0.400795 -0.930002 -0.306262 0.203222 -0.504304 0.187351 -0.87068 -0.45477 0.485867 
1534188630132 0.136514 0.845663 -0.515963 -0.601163 -0.95541 0.250053 0.157053 -0.232737 0.261832 0.471516 0.842091 0.411721 0.31622 -0.384863 0.867113 0.400795 -0.930002 -0.306262 0.203222 -0.504304 0.187351 -0.87068 -0.45477 0.485867 
1534188630151 0.136356 0.845685 -0.515968 -0.601007 -0.955434 0.249915 0.157122 -0.232747 0.261824 0.471549 0.842074 0.411733 0.31622 -0.384863 0.867113 0.400795 -0.930002 -0.306262 0.203222 -0.504304 0.187351 -0.87068 -0.45477 0.485867 
1534188630170 0.136198 0.845707 -0.515974 -0.600851 -0.955459 0.249777 0.157191 -0.232758 0.261817 0.471583 0.842058 0.411746 0.31622 -0.384863 0.867113 0.400795 -0.930002 -0.306262 0.203222 -0.504304 0.187351 -0.87068 -0.45477 0.485867 
1534188630187 0.13604 0.845729 -0.51598 -0.600694 -0.955484 0.249639 0.157261 -0.232768 0.261809 0.471616 0.842042 0.411758 0.31622 -0.384863 0.867113 0.400795 -0.930002 -0.306262 0.203222 -0.504304 0.187351 -0.87068 -0.45477 0.485867 
1534188630204 0.135882 0.845752 -0.515985 -0.600539 -0.955508 0.249501 0.15733 -0.232779 0.261801 0.471649 0.842025 0.41177 0.31622 -0.384863 0.867113 0.400795 -0.930002 -0.306262 0.203222 -0.504304 0.187351 -0.87068 -0.45477 0.485867 
1534188630337 0.135724 0.845774 -0.51599 -0.600382 -0.955533 0.249364 0.157399 -0.232788 0.261793 0.471683 0.842009 0.411782 0.31622 -0.384863 0.867113 0.400795 -0.930002 -0.306262 0.203222 -0.504304 0.187351 -0.87068 -0.45477 0.485867 
1534188630360 0.135566 0.845796 -0.515996 -0.600226 -0.955558 0.249226 0.157468 -0.232799 0.261786 0.471716 0.841993 0.411795 0.31622 -0.384863 0.867113 0.400795 -0.930002 -0.306262 0.203222 -0.504304 0.187351 -0.87068 -0.45477 0.485867 
1534188630397 0.135408 0.845817 -0.516002 -0.600069 -0.955582 0.249088 0.157537 -0.232808 0.261778 0.47175 0.841976 0.411807 0.31622 -0.384863 0.867113 0.400795 -0.930002 -0.306262 0.203222 -0.504304 0.187351 -0.87068 -0.45477 0.485867 
1534188630484 0.13525 0.845839 -0.516007 -0.599913 -0.955607 0.24895 0.157607 -0.232819 0.26177 0.471783 0.84196 0.411819 0.31622 -0.384863 0.867113 0.400795 -0.930002 -0.306262 0.203222 -0.504304 0.187351 -0.87068 -0.45477 0.485867 
1534188630525 0.135617 0.845788 -0.515995 -0.600254 -0.9555 0.24936 0.157605 -0.232749 0.261969 0.471659 0.841968 0.411858 0.31622 -0.384863 0.867113 0.400795 -0.930002 -0.306262 0.203222 -0.504304 0.187351 -0.87068 -0.45477 0.485867 
1534188630535 0.135508 0.845773 -0.516047 -0.600128 -0.955561 0.249194 0.157496 -0.23277 0.261802 0.471773 0.841956 0.411864 0.31622 -0.384863 0.867113 0.400795 -0.930002 -0.306262 0.203222 -0.504304 0.187351 -0.87068 -0.45477 0.485867 
1534188630552 0.135399 0.845758 -0.516102 -0.599996 -0.955623 0.249028 0.157386 -0.232787 0.261634 0.471889 0.841944 0.411871 0.31622 -0.384863 0.867113 0.400795 -0.930002 -0.306262 0.203222 -0.504304 0.187351 -0.87068 -0.45477 0.485867 
1534188630569 0.13529 0.845742 -0.516156 -0.599863 -0.955684 0.248862 0.157275 -0.232803 0.261466 0.472004 0.841931 0.411878 0.31622 -0.384863 0.867113 0.400795 -0.930002 -0.306262 0.203222 -0.504304 0.187351 -0.87068 -0.45477 0.485867 
1534188630585 0.135181 0.845727 -0.51621 -0.599733 -0.955745 0.248696 0.157165 -0.232821 0.261298 0.47212 0.841918 0.411885 0.31622 -0.384863 0.867113 0.400795 -0.930002 -0.306262 0.203222 -0.504304 0.187351 -0.87068 -0.45477 0.485867 
1534188630630 0.135072 0.845711 -0.516264 -0.599601 -0.955807 0.24853 0.157055 -0.232837 0.26113 0.472235 0.841906 0.411892 0.31622 -0.384863 0.867113 0.400795 -0.930002 -0.306262 0.203222 -0.504304 0.187351 -0.87068 -0.45477 0.485867 
1534188630708 0.134963 0.845695 -0.516319 -0.599469 -0.955868 0.248364 0.156944 -0.232854 0.260962 0.472351 0.841893 0.411899 0.31622 -0.384863 0.867113 0.400795 -0.930002 -0.306262 0.203222 -0.504304 0.187351 -0.87068 -0.45477 0.485867 
1534188630734 0.134854 0.845679 -0.516373 -0.599338 -0.955929 0.248198 0.156834 -0.232871 0.260794 0.472466 0.84188 0.411906 0.31622 -0.384863 0.867113 0.400795 -0.930002 -0.306262 0.203222 -0.504304 0.187351 -0.87068 -0.45477 0.485867 
1534188630766 0.134745 0.845664 -0.516427 -0.599207 -0.95599 0.248032 0.156724 -0.232889 0.260626 0.472581 0.841868 0.411913 0.31622 -0.384863 0.867113 0.400795 -0.930002 -0.306262 0.203222 -0.504304 0.187351 -0.87068 -0.45477 0.485867 
1534188630771 0.134637 0.845648 -0.516481 -0.599075 -0.956052 0.247866 0.156613 -0.232905 0.260458 0.472697 0.841855 0.411921 0.31622 -0.384863 0.867113 0.400795 -0.930002 -0.306262 0.203222 -0.504304 0.187351 -0.87068 -0.45477 0.485867 
1534188630885 0.134935 0.845634 -0.516425 -0.599362 -0.955872 0.24836 0.156928 -0.232888 0.260964 0.472461 0.84183 0.411907 0.31622 -0.384863 0.867113 0.400795 -0.930002 -0.306262 0.203222 -0.504304 0.187351 -0.87068 -0.45477 0.485867 
1534188630898 0.134722 0.845651 -0.516453 -0.599259 -0.955898 0.248191 0.157038 -0.232904 0.260978 0.47252 0.841793 0.411907 0.31622 -0.384863 0.867113 0.400795 -0.930002 -0.306262 0.203222 -0.504304 0.187351 -0.87068 -0.45477 0.485867 
1534188630915 0.134509 0.845667 -0.516483 -0.599153 -0.955924 0.248022 0.157147 -0.23292 0.260993 0.47258 0.841754 0.411906 0.31622 -0.384863 0.867113 0.400795 -0.930002 -0.306262 0.203222 -0.504304 0.187351 -0.87068 -0.45477 0.485867 
1534188630932 0.134296 0.845683 -0.516512 -0.599045 -0.955949 0.247853 0.157256 -0.232935 0.261008 0.47264 0.841716 0.411905 0.31622 -0.384863 0.867113 0.400795 -0.930002 -0.306262 0.203222 -0.504304 0.187351 -0.87068 -0.45477 0.485867 
1534188630948 0.134083 0.845699 -0.516541 -0.598937 -0.955975 0.247684 0.157366 -0.23295 0.261023 0.4727 0.841678 0.411905 0.31622 -0.384863 0.867113 0.400795 -0.930002 -0.306262 0.203222 -0.504304 0.187351 -0.87068 -0.45477 0.485867 
1534188630965 0.13387 0.845715 -0.51657 -0.598829 -0.956001 0.247515 0.157475 -0.232965 0.261037 0.47276 0.841639 0.411905 0.31622 -0.384863 0.867113 0.400795 -0.930002 -0.306262 0.203222 -0.504304 0.187351 -0.87068 -0.45477 0.485867 
1534188631029 0.133657 0.845731 -0.516599 -0.598723 -0.956027 0.247345 0.157584 -0.23298 0.261052 0.47282 0.841601 0.411904 0.31622 -0.384863 0.867113 0.400795 -0.930002 -0.306262 0.203222 -0.504304 0.187351 -0.87068 -0.45477 0.485867 
1534188631077 0.133444 0.845747 -0.516628 -0.598614 -0.956053 0.247176 0.157693 -0.232995 0.261067 0.47288 0.841563 0.411904 0.31622 -0.384863 0.867113 0.400795 -0.930002 -0.306262 0.203222 -0.504304 0.187351 -0.87068 -0.45477 0.485867 
1534188631101 0.133231 0.845763 -0.516657 -0.598507 -0.956078 0.247007 0.157803 -0.23301 0.261081 0.47294 0.841525 0.411903 0.31622 -0.384863 0.867113 0.400795 -0.930002 -0.306262 0.203222 -0.504304 0.187351 -0.87068 -0.45477 0.485867 
1534188631128 0.133018 0.845779 -0.516686 -0.598401 -0.956104 0.246838 0.157912 -0.233025 0.261096 0.473 0.841487 0.411903 0.31622 -0.384863 0.867113 0.400795 -0.930002 -0.306262 0.203222 -0.504304 0.187351 -0.87068 -0.45477 0.485867 
1534188631165 0.133667 0.845799 -0.516486 -0.598745 -0.956022 0.247339 0.157624 -0.232946 0.261065 0.472703 0.841663 0.411944 0.31622 -0.384863 0.867113 0.400795 -0.930002 -0.306262 0.203222 -0.504304 0.187351 -0.87068 -0.45477 0.485867 
1534188631177 0.133538 0.845847 -0.51644 -0.598661 -0.956051 0.247201 0.157666 -0.23294 0.261026 0.472688 0.841684 0.411928 0.31622 -0.384863 0.867113 0.400795 -0.930002 -0.306262 0.203222 -0.504304 0.187351 -0.87068 -0.45477 0.485867 
1534188631194 0.133409 0.845895 -0.516395 -0.598575 -0.95608 0.247063 0.157708 -0.232933 0.260987 0.472675 0.841703 0.411911 0.31622 -0.384863 0.867113 0.400795 -0.930002 -0.306262 0.203222 -0.504304 0.187351 -0.87068 -0.45477 0.485867 
1534188631211 0.13328 0.845943 -0.516349 -0.598487 -0.956108 0.246925 0.15775 -0.232926 0.260947 0.472661 0.841723 0.411895 0.31622 -0.384863 0.867113 0.400795 -0.930002 -0.306262 0.203222 -0.504304 0.187351 -0.87068 -0.45477 0.485867 
1534188631217 0.133151 0.845991 -0.516304 -0.598399 -0.956137 0.246787 0.157792 -0.232918 0.260908 0.472648 0.841743 0.411879 0.31622 -0.384863 0.867113 0.400795 -0.930002 -0.306262 0.203222 -0.504304 0.187351 -0.87068 -0.45477 0.485867 
1534188631231 0.133022 0.846039 -0.516259 -0.598311 -0.956166 0.246649 0.157834 -0.23291 0.260869 0.472634 0.841763 0.411863 0.31622 -0.384863 0.867113 0.400795 -0.930002 -0.306262 0.203222 -0.504304 0.187351 -0.87068 -0.45477 0.485867 
1534188631249 0.132893 0.846086 -0.516214 -0.598225 -0.956194 0.246511 0.157876 -0.232903 0.260829 0.47262 0.841783 0.411847 0.31622 -0.384863 0.867113 0.400795 -0.930002 -0.306262 0.203222 -0.504304 0.187351 -0.87068 -0.45477 0.485867 
1534188631264 0.132764 0.846134 -0.516169 -0.598138 -0.956223 0.246373 0.157918 -0.232895 0.26079 0.472607 0.841802 0.411831 0.31622 -0.384863 0.867113 0.400795 -0.930002 -0.306262 0.203222 -0.504304 0.187351 -0.87068 -0.45477 0.485867 
1534188631281 0.132635 0.846182 -0.516124 -0.598049 -0.956252 0.246235 0.15796 -0.232887 0.260751 0.472593 0.841822 0.411815 0.31622 -0.384863 0.867113 0.400795 -0.930002 -0.306262 0.203222 -0.504304 0.187351 -0.87068 -0.45477 0.485867 
1534188631387 0.132506 0.84623 -0.516079 -0.597962 -0.95628 0.246097 0.158002 -0.232879 0.260711 0.47258 0.841842 0.411799 0.31622 -0.384863 0.867113 0.400795 -0.930002 -0.306262 0.203222 -0.504304 0.187351 -0.87068 -0.45477 0.485867 
1534188631413 0.132814 0.84609 -0.516229 -0.598312 -0.956217 0.246425 0.157874 -0.232858 0.260787 0.472659 0.841774 0.411878 0.31622 -0.384863 0.867113 0.400795 -0.930002 -0.306262 0.203222 -0.504304 0.187351 -0.87068 -0.45477 0.485867 
1534188631426 0.132743 0.846123 -0.516193 -0.598241 -0.95625 0.246315 0.157843 -0.232866 0.260701 0.472657 0.841802 0.411876 0.31622 -0.384863 0.867113 0.400795 -0.930002 -0.306262 0.203222 -0.504304 0.187351 -0.87068 -0.45477 0.485867 
1534188631443 0.132674 0.846155 -0.516157 -0.598166 -0.956283 0.246207 0.157811 -0.232873 0.260614 0.472655 0.84183 0.411874 0.31622 -0.384863 0.867113 0.400795 -0.930002 -0.306262 0.203222 -0.504304 0.187351 -0.87068 -0.45477 0.485867 
1534188631459 0.132604 0.846188 -0.516122 -0.598091 -0.956316 0.246098 0.15778 -0.232879 0.260528 0.472654 0.841857 0.411873 0.31622 -0.384863 0.867113 0.400795 -0.930002 -0.306262 0.203222 -0.504304 0.187351 -0.87068 -0.45477 0.485867 
1534188631476 0.132535 0.846221 -0.516087 -0.598018 -0.95635 0.24599 0.157748 -0.232886 0.260442 0.472652 0.841885 0.411871 0.31622 -0.384863 0.867113 0.400795 -0.930002 -0.306262 0.203222 -0.504304 0.187351 -0.87068 -0.45477 0.485867 
1534188631493 0.132466 0.846253 -0.516051 -0.597943 -0.956383 0.245881 0.157717 -0.232892 0.260356 0.472651 0.841912 0.41187 0.31622 -0.384863 0.867113 0.400795 -0.930002 -0.306262 0.203222 -0.504304 0.187351 -0.87068 -0.45477 0.485867 
1534188631509 0.132397 0.846285 -0.516016 -0.597867 -0.956416 0.245773 0.157685 -0.232897 0.260269 0.472649 0.84194 0.411868 0.31622 -0.384863 0.867113 0.400795 -0.930002 -0.306262 0.203222 -0.504304 0.187351 -0.87068 -0.45477 0.485867 
1534188631526 0.132327 0.846317 -0.515981 -0.597793 -0.956449 0.245665 0.157653 -0.232904 0.260183 0.472648 0.841967 0.411867 0.31622 -0.384863 0.867113 0.400795 -0.930002 -0.306262 0.203222 -0.504304 0.187351 -0.87068 -0.45477 0.485867 
1534188631543 0.132258 0.84635 -0.515945 -0.597719 -0.956482 0.245556 0.157622 -0.23291 0.260097 0.472646 0.841995 0.411865 0.31622 -0.384863 0.867113 0.400795 -0.930002 -0.306262 0.203222 -0.504304 0.187351 -0.87068 -0.45477 0.485867 
1534188631559 0.132189 0.846382 -0.51591 -0.597643 -0.956515 0.245448 0.15759 -0.232915 0.26001 0.472645 0.842022 0.411864 0.31622 -0.384863 0.867113 0.400795 -0.930002 -0.306262 0.203222 -0.504304 0.187351 -0.87068 -0.45477 0.485867 
1534188631650 0.132421 0.846227 -0.516106 -0.597982 -0.956415 0.245805 0.157637 -0.232876 0.260258 0.472737 0.841894 0.411802 0.31622 -0.384863 0.867113 0.400795 -0.930002 -0.306262 0.203222 -0.504304 0.187351 -0.87068 -0.45477 0.485867 
1534188631661 0.132322 0.846191 -0.516189 -0.597914 -0.956445 0.245708 0.157611 -0.232891 0.260201 0.472851 0.841847 0.411823 0.31622 -0.384863 0.867113 0.400795 -0.930002 -0.306262 0.203222 -0.504304 0.187351 -0.87068 -0.45477 0.485867 
1534188631678 0.132224 0.846154 -0.516275 -0.597841 -0.956473 0.245612 0.157586 -0.232903 0.260145 0.472966 0.8418 0.411845 0.31622 -0.384863 0.867113 0.400795 -0.930002 -0.306262 0.203222 -0.504304 0.187351 -0.87068 -0.45477 0.485867 
1534188631694 0.132126 0.846118 -0.51636 -0.597769 -0.956502 0.245517 0.15756 -0.232915 0.260089 0.473081 0.841753 0.411867 0.31622 -0.384863 0.867113 0.400795 -0.930002 -0.306262 0.203222 -0.504304 0.187351 -0.87068 -0.45477 0.485867 
1534188631711 0.132028 0.846081 -0.516445 -0.597697 -0.956531 0.245422 0.157534 -0.232926 0.260033 0.473197 0.841705 0.411889 0.31622 -0.384863 0.867113 0.400795 -0.930002 -0.306262 0.203222 -0.504304 0.187351 -0.87068 -0.45477 0.485867 
1534188631728 0.13193 0.846044 -0.51653 -0.597624 -0.95656 0.245326 0.157508 -0.232938 0.259977 0.473312 0.841658 0.411911 0.31622 -0.384863 0.867113 0.400795 -0.930002 -0.306262 0.203222 -0.504304 0.187351 -0.87068 -0.45477 0.485867 
1534188631744 0.131832 0.846008 -0.516615 -0.597552 -0.956588 0.245231 0.157482 -0.23295 0.259921 0.473427 0.84161 0.411933 0.31622 -0.384863 0.867113 0.400795 -0.930002 -0.306262 0.203222 -0.504304 0.187351 -0.87068 -0.45477 0.485867 
1534188631761 0.131735 0.845971 -0.516701 -0.597479 -0.956617 0.245135 0.157456 -0.232961 0.259865 0.473542 0.841563 0.411955 0.31622 -0.384863 0.867113 0.400795 -0.930002 -0.306262 0.203222 -0.504304 0.187351 -0.87068 -0.45477 0.485867 
1534188631848 0.131637 0.845934 -0.516786 -0.597407 -0.956646 0.24504 0.15743 -0.232973 0.259809 0.473657 0.841515 0.411977 0.31622 -0.384863 0.867113 0.400795 -0.930002 -0.306262 0.203222 -0.504304 0.187351 -0.87068 -0.45477 0.485867 
1534188631867 0.131539 0.845897 -0.516871 -0.597335 -0.956674 0.244944 0.157405 -0.232986 0.259753 0.473772 0.841468 0.411998 0.31622 -0.384863 0.867113 0.400795 -0.930002 -0.306262 0.203222 -0.504304 0.187351 -0.87068 -0.45477 0.485867 
1534188631896 0.131655 0.846011 -0.516655 -0.597658 -0.956606 0.245099 0.157579 -0.232827 0.259945 0.473489 0.841568 0.41183 0.31622 -0.384863 0.867113 0.400795 -0.930002 -0.306262 0.203222 -0.504304 0.187351 -0.87068 -0.45477 0.485867 
1534188631907 0.131472 0.845977 -0.516757 -0.597557 -0.956657 0.244915 0.157557 -0.232856 0.259851 0.473644 0.84151 0.411855 0.31622 -0.384863 0.867113 0.400795 -0.930002 -0.306262 0.203222 -0.504304 0.187351 -0.87068 -0.45477 0.485867 
1534188631924 0.131283 0.845942 -0.516862 -0.597447 -0.956709 0.244725 0.157535 -0.232881 0.259754 0.473805 0.841449 0.411882 0.31622 -0.384863 0.867113 0.400795 -0.930002 -0.306262 0.203222 -0.504304 0.187351 -0.87068 -0.45477 0.485867 
1534188631941 0.131094 0.845907 -0.516969 -0.597336 -0.956761 0.244535 0.157512 -0.232906 0.259658 0.473967 0.841388 0.41191 0.31622 -0.384863 0.867113 0.400795 -0.930002 -0.306262 0.203222 -0.504304 0.187351 -0.87068 -0.45477 0.485867 
1534188631957 0.130904 0.845871 -0.517074 -0.597227 -0.956814 0.244345 0.15749 -0.232932 0.259561 0.474127 0.841327 0.411937 0.31622 -0.384863 0.867113 0.400795 -0.930002 -0.306262 0.203222 -0.504304 0.187351 -0.87068 -0.45477 0.485867 
1534188631974 0.130715 0.845836 -0.51718 -0.597117 -0.956866 0.244156 0.157468 -0.232956 0.259464 0.474288 0.841266 0.411965 0.31622 -0.384863 0.867113 0.400795 -0.930002 -0.306262 0.203222 -0.504304 0.187351 -0.87068 -0.45477 0.485867 
1534188632008 0.130526 0.8458 -0.517286 -0.597006 -0.956918 0.243966 0.157445 -0.232981 0.259368 0.47445 0.841205 0.411992 0.31622 -0.384863 0.867113 0.400795 -0.930002 -0.306262 0.203222 -0.504304 0.187351 -0.87068 -0.45477 0.485867 
1534188632082 0.130336 0.845765 -0.517392 -0.596897 -0.95697 0.243776 0.157423 -0.233007 0.259271 0.47461 0.841144 0.412019 0.31622 -0.384863 0.867113 0.400795 -0.930002 -0.306262 0.203222 -0.504304 0.187351 -0.87068 -0.45477 0.485867 
1534188632113 0.130147 0.845729 -0.517498 -0.596787 -0.957022 0.243587 0.157401 -0.233032 0.259174 0.474771 0.841083 0.412047 0.31622 -0.384863 0.867113 0.400795 -0.930002 -0.306262 0.203222 -0.504304 0.187351 -0.87068 -0.45477 0.485867 
1534188632150 0.129958 0.845693 -0.517604 -0.596676 -0.957074 0.243397 0.157379 -0.233057 0.259077 0.474932 0.841022 0.412074 0.31622 -0.384863 0.867113 0.400795 -0.930002 -0.306262 0.203222 -0.504304 0.187351 -0.87068 -0.45477 0.485867 
1534188632212 0.130622 0.845717 -0.517397 -0.596928 -0.956924 0.244034 0.157304 -0.233131 0.259298 0.474562 0.841163 0.412024 0.31622 -0.384863 0.867113 0.400795 -0.930002 -0.306262 0.203222 -0.504304 0.187351 -0.87068 -0.45477 0.485867 
1534188632224 0.13033 0.845746 -0.517424 -0.596755 -0.956962 0.243792 0.157444 -0.233175 0.259302 0.474636 0.841121 0.412024 0.31622 -0.384863 0.867113 0.400795 -0.930002 -0.306262 0.203222 -0.504304 0.187351 -0.87068 -0.45477 0.485867 
1534188632241 0.13004 0.845774 -0.517451 -0.596576 -0.957001 0.243551 0.157582 -0.233218 0.259305 0.474709 0.841078 0.412024 0.31622 -0.384863 0.867113 0.400795 -0.930002 -0.306262 0.203222 -0.504304 0.187351 -0.87068 -0.45477 0.485867 
1534188632258 0.129749 0.845803 -0.517477 -0.596399 -0.95704 0.243309 0.157721 -0.233261 0.259308 0.474782 0.841036 0.412025 0.31622 -0.384863 0.867113 0.400795 -0.930002 -0.306262 0.203222 -0.504304 0.187351 -0.87068 -0.45477 0.485867 
1534188632314 0.129458 0.845831 -0.517504 -0.596223 -0.957078 0.243068 0.157859 -0.233305 0.259311 0.474856 0.840994 0.412025 0.31622 -0.384863 0.867113 0.400795 -0.930002 -0.306262 0.203222 -0.504304 0.187351 -0.87068 -0.45477 0.485867 
1534188632321 0.129168 0.845859 -0.517531 -0.596044 -0.957117 0.242826 0.157997 -0.233347 0.259313 0.474929 0.840951 0.412025 0.31622 -0.384863 0.867113 0.400795 -0.930002 -0.306262 0.203222 -0.504304 0.187351 -0.87068 -0.45477 0.485867 
1534188632435 0.128877 0.845887 -0.517557 -0.595868 -0.957155 0.242585 0.158135 -0.23339 0.259316 0.475003 0.840909 0.412026 0.31622 -0.384863 0.867113 0.400795 -0.930002 -0.306262 0.203222 -0.504304 0.187351 -0.87068 -0.45477 0.485867 
1534188632459 0.128587 0.845915 -0.517584 -0.595689 -0.957193 0.242344 0.158273 -0.233432 0.259319 0.475076 0.840866 0.412026 0.31622 -0.384863 0.867113 0.400795 -0.930002 -0.306262 0.203222 -0.504304 0.187351 -0.87068 -0.45477 0.485867 
