1534173243186 0.523621 0.816962 -0.241649 -0.518074 -0.830221 0.552962 0.0704635 -0.163016 0.191189 0.163726 0.967802 0.3383 0.16008 -0.304787 0.938871 0.370831 -0.775623 0.549475 0.310623 -0.528794 -0.61056 -0.777934 -0.14844 0.432481 
1534173243198 0.507396 0.837143 -0.204307 -0.52775 -0.842989 0.531374 0.0837325 -0.168521 0.178659 0.129743 0.975319 0.336184 0.316223 -0.384865 0.867111 0.400804 -0.930002 -0.306261 0.203225 -0.504321 0.187348 -0.87068 -0.454772 0.485875 
1534173244507 0.490393 0.855475 -0.166365 -0.537392 -0.855388 0.509013 0.0959998 -0.173997 0.166808 0.0952295 0.98138 0.334008 0.316223 -0.384865 0.867111 0.400804 -0.930002 -0.306261 0.203225 -0.504321 0.187348 -0.87068 -0.454772 0.485875 
1534173245394 0.47264 0.871923 -0.127909 -0.547032 -0.867396 0.485921 0.107259 -0.179472 0.155675 0.0602528 0.985969 0.331829 0.316223 -0.384865 0.867111 0.400804 -0.930002 -0.306261 0.203225 -0.504321 0.187348 -0.87068 -0.454772 0.485875 
1534173246263 0.454175 0.886454 -0.0890181 -0.556668 -0.878987 0.462146 0.117485 -0.184945 0.145284 0.0248871 0.989077 0.329645 0.316223 -0.384865 0.867111 0.400804 -0.930002 -0.306261 0.203225 -0.504321 0.187348 -0.87068 -0.454772 0.485875 
1534173247125 0.435035 0.899037 -0.0497764 -0.566296 -0.890136 0.43774 0.126656 -0.190415 0.135658 -0.0107922 0.990697 0.327456 0.316223 -0.384865 0.867111 0.400804 -0.930002 -0.306261 0.203225 -0.504321 0.187348 -0.87068 -0.454772 0.485875 
1534173248003 0.41526 0.909645 -0.0102674 -0.575924 -0.900819 0.412753 0.134758 -0.195887 0.12682 -0.0467106 0.990825 0.325274 0.316223 -0.384865 0.867111 0.400804 -0.930002 -0.306261 0.203225 -0.504321 0.187348 -0.87068 -0.454772 0.485875 
1534173248891 0.394893 0.918256 0.0294251 -0.585553 -0.911015 0.387236 0.141774 -0.201361 0.11879 -0.0827922 0.989462 0.323106 0.316223 -0.384865 0.867111 0.400804 -0.930002 -0.306261 0.203225 -0.504321 0.187348 -0.87068 -0.454772 0.485875 
1534173249782 0.373978 0.924851 0.0692166 -0.595172 -0.920701 0.361247 0.147685 -0.206831 0.111582 -0.118959 0.98661 0.320941 0.316223 -0.384865 0.867111 0.400804 -0.930002 -0.306261 0.203225 -0.504321 0.187348 -0.87068 -0.454772 0.485875 
1534173250709 0.352709 0.929403 0.108657 -0.6026 -0.929789 0.335031 0.152466 -0.211498 0.105299 -0.154805 0.982317 0.319288 0.316334 -0.384956 0.867031 0.401168 -0.929993 -0.306204 0.203353 -0.504979 0.187206 -0.87066 -0.454869 0.486184 
1534173251587 0.353345 0.929324 0.107257 -0.602452 -0.929571 0.335912 0.15186 -0.21159 0.105098 -0.153362 0.982565 0.31896 0.316334 -0.384956 0.867031 0.401168 -0.929993 -0.306204 0.203353 -0.504979 0.187206 -0.87066 -0.454869 0.486184 
1534173251598 0.3511 0.929686 0.111415 -0.603654 -0.930487 0.333145 0.152345 -0.21221 0.104516 -0.157158 0.982027 0.318724 0.31622 -0.384863 0.867113 0.400795 -0.930002 -0.306262 0.203222 -0.504305 0.187352 -0.87068 -0.454769 0.485867 
1534173251935 0.34885 0.930025 0.11557 -0.604859 -0.931397 0.330374 0.152817 -0.212832 0.103943 -0.160952 0.981474 0.318486 0.31622 -0.384863 0.867113 0.400795 -0.930002 -0.306262 0.203222 -0.504304 0.187351 -0.87068 -0.454769 0.485867 
1534173252266 0.346596 0.930342 0.119726 -0.606066 -0.9323 0.3276 0.153278 -0.213455 0.103379 -0.164746 0.980903 0.318249 0.31622 -0.384863 0.867113 0.400795 -0.930002 -0.306262 0.203222 -0.504304 0.187351 -0.87068 -0.454769 0.485867 
1534173252603 0.344337 0.930637 0.12388 -0.607273 -0.933198 0.324822 0.153726 -0.214077 0.102824 -0.168538 0.980317 0.318011 0.31622 -0.384863 0.867113 0.400795 -0.930002 -0.306262 0.203222 -0.504304 0.187351 -0.87068 -0.454769 0.485867 
1534173252941 0.342073 0.93091 0.128033 -0.608479 -0.93409 0.322039 0.154162 -0.214699 0.102279 -0.172329 0.979715 0.317773 0.31622 -0.384863 0.867113 0.400795 -0.930002 -0.306262 0.203222 -0.504304 0.187351 -0.87068 -0.454769 0.485867 
1534173253288 0.339805 0.93116 0.132186 -0.609686 -0.934976 0.319253 0.154585 -0.215321 0.101743 -0.176119 0.979097 0.317536 0.31622 -0.384863 0.867113 0.400795 -0.930002 -0.306262 0.203222 -0.504304 0.187351 -0.87068 -0.454769 0.485867 
1534173253628 0.337533 0.931388 0.136337 -0.610893 -0.935856 0.316463 0.154996 -0.215943 0.101216 -0.179908 0.978462 0.317298 0.31622 -0.384863 0.867113 0.400795 -0.930002 -0.306262 0.203222 -0.504304 0.187351 -0.87068 -0.454769 0.485867 
1534173253973 0.335256 0.931594 0.140487 -0.6121 -0.93673 0.31367 0.155395 -0.216566 0.100699 -0.183695 0.977812 0.31706 0.31622 -0.384863 0.867113 0.400795 -0.930002 -0.306262 0.203222 -0.504304 0.187351 -0.87068 -0.454769 0.485867 
1534173254315 0.332974 0.931777 0.144635 -0.613307 -0.937598 0.310873 0.155782 -0.217188 0.100191 -0.187481 0.977145 0.316823 0.31622 -0.384863 0.867113 0.400795 -0.930002 -0.306262 0.203222 -0.504304 0.187351 -0.87068 -0.454769 0.485867 
1534173254681 0.33352 0.93171 0.143807 -0.613158 -0.937399 0.311529 0.155671 -0.217215 0.10024 -0.186724 0.977285 0.31674 0.31622 -0.384863 0.867113 0.400795 -0.930002 -0.306262 0.203222 -0.504304 0.187351 -0.87068 -0.454769 0.485867 
1534173254692 0.333289 0.931752 0.144071 -0.613213 -0.937593 0.311471 0.154614 -0.217224 0.0991883 -0.186611 0.977414 0.316696 0.31622 -0.384863 0.867113 0.400795 -0.930002 -0.306262 0.203222 -0.504304 0.187351 -0.87068 -0.454769 0.485867 
1534173254709 0.333058 0.931794 0.144335 -0.613275 -0.937786 0.311413 0.153558 -0.217235 0.0981362 -0.186499 0.977542 0.31665 0.31622 -0.384863 0.867113 0.400795 -0.930002 -0.306262 0.203222 -0.504304 0.187351 -0.87068 -0.454769 0.485867 
1534173254826 0.332826 0.931836 0.144599 -0.613335 -0.937977 0.311355 0.152501 -0.217246 0.0970841 -0.186386 0.977668 0.316604 0.31622 -0.384863 0.867113 0.400795 -0.930002 -0.306262 0.203222 -0.504304 0.187351 -0.87068 -0.454769 0.485867 
1534173254859 0.332594 0.931878 0.144862 -0.613396 -0.938168 0.311297 0.151444 -0.217257 0.0960318 -0.186274 0.977793 0.316559 0.31622 -0.384863 0.867113 0.400795 -0.930002 -0.306262 0.203222 -0.504304 0.187351 -0.87068 -0.454769 0.485867 
1534173254941 0.332362 0.931919 0.145125 -0.613457 -0.938357 0.311239 0.150386 -0.217268 0.0949793 -0.186162 0.977917 0.316513 0.31622 -0.384863 0.867113 0.400795 -0.930002 -0.306262 0.203222 -0.504304 0.187351 -0.87068 -0.45477 0.485867 
1534173254988 0.33213 0.931961 0.145389 -0.613519 -0.938545 0.311181 0.149329 -0.21728 0.0939267 -0.18605 0.97804 0.316467 0.31622 -0.384863 0.867113 0.400795 -0.930002 -0.306262 0.203222 -0.504304 0.187351 -0.87068 -0.45477 0.485867 
1534173255052 0.331897 0.932003 0.145651 -0.613579 -0.938732 0.311122 0.148271 -0.21729 0.092874 -0.185938 0.978162 0.316422 0.31622 -0.384863 0.867113 0.400795 -0.930002 -0.306262 0.203222 -0.504304 0.187351 -0.87068 -0.45477 0.485867 
1534173255110 0.331664 0.932045 0.145914 -0.613641 -0.938918 0.311064 0.147213 -0.217302 0.0918211 -0.185827 0.978283 0.316376 0.31622 -0.384863 0.867113 0.400795 -0.930002 -0.306262 0.203222 -0.504304 0.187351 -0.87068 -0.45477 0.485867 
1534173255167 0.331431 0.932087 0.146176 -0.613701 -0.939103 0.311005 0.146155 -0.217312 0.0907681 -0.185715 0.978402 0.31633 0.31622 -0.384863 0.867113 0.400795 -0.930002 -0.306262 0.203222 -0.504304 0.187351 -0.87068 -0.45477 0.485867 
1534173255239 0.332056 0.931939 0.1457 -0.613562 -0.938718 0.311353 0.147875 -0.21738 0.0924465 -0.185874 0.978215 0.316377 0.31622 -0.384863 0.867113 0.400795 -0.930002 -0.306262 0.203222 -0.504304 0.187351 -0.87068 -0.45477 0.485867 
1534173255249 0.331668 0.932052 0.145859 -0.613541 -0.938866 0.310973 0.147739 -0.217458 0.092342 -0.185942 0.978212 0.316355 0.31622 -0.384863 0.867113 0.400795 -0.930002 -0.306262 0.203222 -0.504304 0.187351 -0.87068 -0.45477 0.485867 
1534173255266 0.331278 0.932166 0.146018 -0.613525 -0.939014 0.310591 0.147601 -0.217539 0.092237 -0.186011 0.978209 0.316332 0.31622 -0.384863 0.867113 0.400795 -0.930002 -0.306262 0.203222 -0.504304 0.187351 -0.87068 -0.45477 0.485867 
1534173255283 0.330889 0.932279 0.146178 -0.613509 -0.939161 0.31021 0.147464 -0.217619 0.0921321 -0.186079 0.978206 0.31631 0.31622 -0.384863 0.867113 0.400795 -0.930002 -0.306262 0.203222 -0.504304 0.187351 -0.87068 -0.45477 0.485867 
1534173255366 0.330499 0.932392 0.146337 -0.613493 -0.939309 0.309828 0.147327 -0.217699 0.0920272 -0.186147 0.978203 0.316287 0.31622 -0.384863 0.867113 0.400795 -0.930002 -0.306262 0.203222 -0.504304 0.187351 -0.87068 -0.45477 0.485867 
1534173255424 0.33011 0.932505 0.146496 -0.613477 -0.939456 0.309447 0.14719 -0.21778 0.0919223 -0.186215 0.978199 0.316264 0.31622 -0.384863 0.867113 0.400795 -0.930002 -0.306262 0.203222 -0.504304 0.187351 -0.87068 -0.45477 0.485867 
1534173255474 0.32972 0.932618 0.146655 -0.613462 -0.939603 0.309065 0.147052 -0.21786 0.0918174 -0.186284 0.978196 0.316241 0.31622 -0.384863 0.867113 0.400795 -0.930002 -0.306262 0.203222 -0.504304 0.187351 -0.87068 -0.45477 0.485867 
1534173255534 0.32933 0.932731 0.146814 -0.613445 -0.93975 0.308684 0.146915 -0.21794 0.0917126 -0.186352 0.978193 0.316218 0.31622 -0.384863 0.867113 0.400795 -0.930002 -0.306262 0.203222 -0.504304 0.187351 -0.87068 -0.45477 0.485867 
1534173255578 0.32894 0.932843 0.146973 -0.61343 -0.939897 0.308302 0.146777 -0.218021 0.0916077 -0.186421 0.97819 0.316195 0.31622 -0.384863 0.867113 0.400795 -0.930002 -0.306262 0.203222 -0.504304 0.187351 -0.87068 -0.45477 0.485867 
1534173255648 0.328551 0.932956 0.147132 -0.613413 -0.940043 0.307921 0.146639 -0.218101 0.0915029 -0.186489 0.978187 0.316172 0.31622 -0.384863 0.867113 0.400795 -0.930002 -0.306262 0.203222 -0.504304 0.187351 -0.87068 -0.45477 0.485867 
1534173255704 0.329185 0.932786 0.146793 -0.613435 -0.939796 0.308536 0.14693 -0.217937 0.0917633 -0.186323 0.978194 0.316214 0.31622 -0.384863 0.867113 0.400795 -0.930002 -0.306262 0.203222 -0.504304 0.187351 -0.87068 -0.45477 0.485867 
1534173255717 0.32858 0.93307 0.146341 -0.613354 -0.939978 0.307962 0.146973 -0.218112 0.092069 -0.18585 0.978255 0.316233 0.31622 -0.384863 0.867113 0.400795 -0.930002 -0.306262 0.203222 -0.504304 0.187351 -0.87068 -0.45477 0.485867 
1534173255734 0.327976 0.933354 0.145887 -0.613266 -0.940159 0.307388 0.147016 -0.218285 0.0923742 -0.185375 0.978317 0.316253 0.31622 -0.384863 0.867113 0.400795 -0.930002 -0.306262 0.203222 -0.504304 0.187351 -0.87068 -0.45477 0.485867 
1534173255857 0.327371 0.933637 0.145434 -0.61318 -0.94034 0.306813 0.147059 -0.218458 0.092679 -0.1849 0.978378 0.316272 0.31622 -0.384863 0.867113 0.400795 -0.930002 -0.306262 0.203222 -0.504304 0.187351 -0.87068 -0.45477 0.485867 
1534173255906 0.326765 0.933919 0.14498 -0.613091 -0.94052 0.306239 0.147103 -0.21863 0.0929835 -0.184424 0.978438 0.316293 0.31622 -0.384863 0.867113 0.400795 -0.930002 -0.306262 0.203222 -0.504304 0.187351 -0.87068 -0.45477 0.485867 
1534173255912 0.32616 0.934201 0.144526 -0.613005 -0.9407 0.305664 0.147146 -0.218803 0.0932876 -0.183949 0.978499 0.316312 0.31622 -0.384863 0.867113 0.400795 -0.930002 -0.306262 0.203222 -0.504304 0.187351 -0.87068 -0.45477 0.485867 
1534173256039 0.325554 0.934483 0.144072 -0.612918 -0.94088 0.30509 0.14719 -0.218976 0.0935915 -0.183473 0.978559 0.316333 0.31622 -0.384863 0.867113 0.400795 -0.930002 -0.306262 0.203222 -0.504304 0.187351 -0.87068 -0.45477 0.485867 
1534173256046 0.324948 0.934763 0.143618 -0.61283 -0.941059 0.304515 0.147234 -0.219149 0.0938951 -0.182997 0.978619 0.316353 0.31622 -0.384863 0.867113 0.400795 -0.930002 -0.306262 0.203222 -0.504304 0.187351 -0.87068 -0.45477 0.485867 
1534173256100 0.324341 0.935044 0.143165 -0.612744 -0.941238 0.30394 0.147279 -0.219322 0.0941983 -0.182521 0.978679 0.316373 0.31622 -0.384863 0.867113 0.400795 -0.930002 -0.306262 0.203222 -0.504304 0.187351 -0.87068 -0.45477 0.485867 
1534173256236 0.323735 0.935323 0.142711 -0.612655 -0.941417 0.303365 0.147323 -0.219494 0.0945013 -0.182044 0.978739 0.316393 0.31622 -0.384863 0.867113 0.400795 -0.930002 -0.306262 0.203222 -0.504304 0.187351 -0.87068 -0.45477 0.485867 
1534173256302 0.324568 0.934938 0.143339 -0.612748 -0.94117 0.304151 0.147281 -0.219326 0.0941022 -0.182709 0.978653 0.316379 0.31622 -0.384863 0.867113 0.400795 -0.930002 -0.306262 0.203222 -0.504304 0.187351 -0.87068 -0.45477 0.485867 
1534173256314 0.324169 0.93516 0.142793 -0.612642 -0.941277 0.303791 0.147338 -0.219549 0.0944051 -0.18217 0.978725 0.316332 0.31622 -0.384863 0.867113 0.400795 -0.930002 -0.306262 0.203222 -0.504304 0.187351 -0.87068 -0.45477 0.485867 
1534173256331 0.323769 0.935382 0.142246 -0.612529 -0.941384 0.303432 0.147394 -0.21977 0.0947077 -0.18163 0.978796 0.316286 0.31622 -0.384863 0.867113 0.400795 -0.930002 -0.306262 0.203222 -0.504304 0.187351 -0.87068 -0.45477 0.485867 
1534173256358 0.323369 0.935604 0.141699 -0.612416 -0.941491 0.303072 0.14745 -0.219991 0.0950102 -0.181089 0.978867 0.316241 0.31622 -0.384863 0.867113 0.400795 -0.930002 -0.306262 0.203222 -0.504304 0.187351 -0.87068 -0.45477 0.485867 
1534173256470 0.322969 0.935824 0.141152 -0.612303 -0.941598 0.302713 0.147507 -0.220212 0.0953124 -0.180548 0.978937 0.316195 0.31622 -0.384863 0.867113 0.400795 -0.930002 -0.306262 0.203222 -0.504304 0.187351 -0.87068 -0.45477 0.485867 
1534173256511 0.322568 0.936045 0.140605 -0.612192 -0.941705 0.302353 0.147564 -0.220434 0.0956143 -0.180008 0.979007 0.316149 0.31622 -0.384863 0.867113 0.400795 -0.930002 -0.306262 0.203222 -0.504304 0.187351 -0.87068 -0.45477 0.485867 
1534173256603 0.322168 0.936265 0.140058 -0.612079 -0.941811 0.301993 0.147621 -0.220655 0.095916 -0.179466 0.979077 0.316104 0.31622 -0.384863 0.867113 0.400795 -0.930002 -0.306262 0.203222 -0.504304 0.187351 -0.87068 -0.45477 0.485867 
1534173256661 0.321767 0.936484 0.13951 -0.611966 -0.941917 0.301633 0.147678 -0.220876 0.0962175 -0.178925 0.979147 0.316059 0.31622 -0.384863 0.867113 0.400795 -0.930002 -0.306262 0.203222 -0.504304 0.187351 -0.87068 -0.45477 0.485867 
1534173256748 0.321365 0.936703 0.138963 -0.611854 -0.942024 0.301274 0.147736 -0.221097 0.0965188 -0.178384 0.979216 0.316013 0.31622 -0.384863 0.867113 0.400795 -0.930002 -0.306262 0.203222 -0.504304 0.187351 -0.87068 -0.45477 0.485867 
1534173256790 0.320964 0.936922 0.138416 -0.611741 -0.942129 0.300914 0.147794 -0.221318 0.0968198 -0.177842 0.979284 0.315967 0.31622 -0.384863 0.867113 0.400795 -0.930002 -0.306262 0.203222 -0.504304 0.187351 -0.87068 -0.45477 0.485867 
1534173256896 0.321526 0.936611 0.139214 -0.611918 -0.941986 0.301422 0.147672 -0.220996 0.0963486 -0.178618 0.97919 0.316074 0.31622 -0.384863 0.867113 0.400795 -0.930002 -0.306262 0.203222 -0.504304 0.187351 -0.87068 -0.45477 0.485867 
1534173256908 0.321421 0.936647 0.139212 -0.611707 -0.942029 0.301334 0.147576 -0.221067 0.0962773 -0.178576 0.979204 0.315849 0.31622 -0.384863 0.867113 0.400795 -0.930002 -0.306262 0.203222 -0.504304 0.187351 -0.87068 -0.45477 0.485867 
1534173256926 0.321317 0.936684 0.139208 -0.61149 -0.942072 0.301247 0.14748 -0.221136 0.0962063 -0.178532 0.979219 0.315626 0.31622 -0.384863 0.867113 0.400795 -0.930002 -0.306262 0.203222 -0.504304 0.187351 -0.87068 -0.45477 0.485867 
1534173256931 0.321213 0.93672 0.139204 -0.611272 -0.942115 0.30116 0.147385 -0.221205 0.0961353 -0.178488 0.979234 0.315403 0.31622 -0.384863 0.867113 0.400795 -0.930002 -0.306262 0.203222 -0.504304 0.187351 -0.87068 -0.45477 0.485867 
1534173257052 0.321108 0.936757 0.1392 -0.611055 -0.942158 0.301073 0.147289 -0.221274 0.0960643 -0.178444 0.979249 0.31518 0.31622 -0.384863 0.867113 0.400795 -0.930002 -0.306262 0.203222 -0.504304 0.187351 -0.87068 -0.45477 0.485867 
1534173257110 0.321004 0.936793 0.139196 -0.61084 -0.9422 0.300986 0.147193 -0.221343 0.0959933 -0.1784 0.979264 0.314956 0.31622 -0.384863 0.867113 0.400795 -0.930002 -0.306262 0.203222 -0.504304 0.187351 -0.87068 -0.45477 0.485867 
1534173257171 0.3209 0.936829 0.139192 -0.610622 -0.942243 0.300899 0.147097 -0.221412 0.0959223 -0.178356 0.979279 0.314733 0.31622 -0.384863 0.867113 0.400795 -0.930002 -0.306262 0.203222 -0.504304 0.187351 -0.87068 -0.45477 0.485867 
1534173257228 0.320796 0.936866 0.139188 -0.610404 -0.942286 0.300812 0.147001 -0.22148 0.0958513 -0.178312 0.979294 0.31451 0.31622 -0.384863 0.867113 0.400795 -0.930002 -0.306262 0.203222 -0.504304 0.187351 -0.87068 -0.45477 0.485867 
1534173257284 0.320691 0.936902 0.139184 -0.610188 -0.942329 0.300725 0.146906 -0.22155 0.0957802 -0.178268 0.979309 0.314286 0.31622 -0.384863 0.867113 0.400795 -0.930002 -0.306262 0.203222 -0.504304 0.187351 -0.87068 -0.45477 0.485867 
1534173257335 0.320587 0.936938 0.139179 -0.60997 -0.942371 0.300638 0.14681 -0.221618 0.0957092 -0.178224 0.979324 0.314063 0.31622 -0.384863 0.867113 0.400795 -0.930002 -0.306262 0.203222 -0.504304 0.187351 -0.87068 -0.45477 0.485867 
1534173257403 0.32095 0.936803 0.13925 -0.610335 -0.942261 0.301004 0.146768 -0.22156 0.0955782 -0.178315 0.97932 0.314481 0.31622 -0.384863 0.867113 0.400795 -0.930002 -0.306262 0.203222 -0.504304 0.187351 -0.87068 -0.45477 0.485867 
1534173257417 0.320707 0.936823 0.139676 -0.610128 -0.942291 0.300602 0.147399 -0.221643 0.0961001 -0.178888 0.979165 0.314269 0.31622 -0.384863 0.867113 0.400795 -0.930002 -0.306262 0.203222 -0.504304 0.187351 -0.87068 -0.45477 0.485867 
1534173257432 0.320465 0.936843 0.140101 -0.609913 -0.94232 0.300201 0.14803 -0.221724 0.0966223 -0.179458 0.979009 0.314058 0.31622 -0.384863 0.867113 0.400795 -0.930002 -0.306262 0.203222 -0.504304 0.187351 -0.87068 -0.45477 0.485867 
1534173257512 0.320222 0.936862 0.140525 -0.609701 -0.942348 0.299799 0.14866 -0.221806 0.0971444 -0.180028 0.978853 0.313847 0.31622 -0.384863 0.867113 0.400795 -0.930002 -0.306262 0.203222 -0.504304 0.187351 -0.87068 -0.45477 0.485867 
1534173257518 0.31998 0.936881 0.14095 -0.609486 -0.942377 0.299397 0.14929 -0.221886 0.0976667 -0.180598 0.978696 0.313637 0.31622 -0.384863 0.867113 0.400795 -0.930002 -0.306262 0.203222 -0.504304 0.187351 -0.87068 -0.45477 0.485867 
1534173257656 0.319738 0.936899 0.141375 -0.609273 -0.942405 0.298995 0.149919 -0.221968 0.098189 -0.181167 0.978538 0.313425 0.31622 -0.384863 0.867113 0.400795 -0.930002 -0.306262 0.203222 -0.504304 0.187351 -0.87068 -0.45477 0.485867 
1534173257708 0.319497 0.936918 0.1418 -0.609059 -0.942432 0.298592 0.150549 -0.222049 0.0987115 -0.181736 0.97838 0.313215 0.31622 -0.384863 0.867113 0.400795 -0.930002 -0.306262 0.203222 -0.504304 0.187351 -0.87068 -0.45477 0.485867 
1534173257787 0.319255 0.936936 0.142225 -0.608845 -0.942459 0.298189 0.151178 -0.22213 0.0992341 -0.182305 0.978222 0.313004 0.31622 -0.384863 0.867113 0.400795 -0.930002 -0.306262 0.203222 -0.504304 0.187351 -0.87068 -0.45477 0.485867 
1534173257844 0.319014 0.936953 0.14265 -0.608632 -0.942485 0.297785 0.151807 -0.222211 0.0997568 -0.182874 0.978062 0.312793 0.31622 -0.384863 0.867113 0.400795 -0.930002 -0.306262 0.203222 -0.504304 0.187351 -0.87068 -0.45477 0.485867 
1534173257919 0.318772 0.93697 0.143075 -0.608418 -0.942512 0.297381 0.152435 -0.222292 0.10028 -0.183442 0.977902 0.312583 0.31622 -0.384863 0.867113 0.400795 -0.930002 -0.306262 0.203222 -0.504304 0.187351 -0.87068 -0.45477 0.485867 
1534173257995 0.319202 0.936922 0.142433 -0.608706 -0.942437 0.298029 0.151631 -0.222219 0.0996175 -0.182635 0.978121 0.312917 0.31622 -0.384863 0.867113 0.400795 -0.930002 -0.306262 0.203222 -0.504304 0.187351 -0.87068 -0.45477 0.485867 
1534173258010 0.318971 0.936994 0.142477 -0.608539 -0.942462 0.297701 0.152118 -0.222251 0.100118 -0.182801 0.978039 0.312802 0.31622 -0.384863 0.867113 0.400795 -0.930002 -0.306262 0.203222 -0.504304 0.187351 -0.87068 -0.45477 0.485867 
1534173258016 0.31874 0.937066 0.142521 -0.608365 -0.942486 0.297373 0.152605 -0.222281 0.100619 -0.182966 0.977957 0.312689 0.31622 -0.384863 0.867113 0.400795 -0.930002 -0.306262 0.203222 -0.504304 0.187351 -0.87068 -0.45477 0.485867 
1534173258034 0.318509 0.937138 0.142566 -0.608193 -0.942511 0.297045 0.153092 -0.222311 0.10112 -0.183131 0.977874 0.312576 0.31622 -0.384863 0.867113 0.400795 -0.930002 -0.306262 0.203222 -0.504304 0.187351 -0.87068 -0.45477 0.485867 
1534173258040 0.318278 0.937209 0.14261 -0.608019 -0.942535 0.296717 0.153579 -0.22234 0.101621 -0.183296 0.977791 0.312463 0.31622 -0.384863 0.867113 0.400795 -0.930002 -0.306262 0.203222 -0.504304 0.187351 -0.87068 -0.45477 0.485867 
1534173258173 0.318047 0.937281 0.142655 -0.607847 -0.942559 0.296389 0.154066 -0.22237 0.102122 -0.183461 0.977708 0.312349 0.31622 -0.384863 0.867113 0.400795 -0.930002 -0.306262 0.203222 -0.504304 0.187351 -0.87068 -0.45477 0.485867 
1534173258209 0.317816 0.937353 0.1427 -0.607673 -0.942582 0.29606 0.154553 -0.2224 0.102623 -0.183626 0.977625 0.312236 0.31622 -0.384863 0.867113 0.400795 -0.930002 -0.306262 0.203222 -0.504304 0.187351 -0.87068 -0.45477 0.485867 
1534173258239 0.317585 0.937424 0.142745 -0.6075 -0.942606 0.295732 0.15504 -0.22243 0.103124 -0.183791 0.977541 0.312123 0.31622 -0.384863 0.867113 0.400795 -0.930002 -0.306262 0.203222 -0.504304 0.187351 -0.87068 -0.45477 0.485867 
1534173258314 0.317354 0.937495 0.14279 -0.607327 -0.942628 0.295403 0.155527 -0.22246 0.103625 -0.183955 0.977457 0.31201 0.31622 -0.384863 0.867113 0.400795 -0.930002 -0.306262 0.203222 -0.504304 0.187351 -0.87068 -0.45477 0.485867 
1534173258321 0.317123 0.937567 0.142835 -0.607153 -0.942651 0.295075 0.156014 -0.222489 0.104126 -0.184119 0.977373 0.311897 0.31622 -0.384863 0.867113 0.400795 -0.930002 -0.306262 0.203222 -0.504304 0.187351 -0.87068 -0.45477 0.485867 
1534173258428 0.317537 0.937418 0.142888 -0.607485 -0.942609 0.29564 0.155194 -0.222403 0.103238 -0.183967 0.977496 0.312131 0.31622 -0.384863 0.867113 0.400795 -0.930002 -0.306262 0.203222 -0.504304 0.187351 -0.87068 -0.45477 0.485867 
1534173258441 0.317267 0.937557 0.14258 -0.607313 -0.94264 0.295323 0.155608 -0.222435 0.103784 -0.183771 0.977475 0.312044 0.31622 -0.384863 0.867113 0.400795 -0.930002 -0.306262 0.203222 -0.504304 0.187351 -0.87068 -0.45477 0.485867 
1534173258457 0.316996 0.937695 0.14227 -0.607135 -0.942671 0.295007 0.156021 -0.222465 0.104329 -0.183572 0.977454 0.311959 0.31622 -0.384863 0.867113 0.400795 -0.930002 -0.306262 0.203222 -0.504304 0.187351 -0.87068 -0.45477 0.485867 
1534173258473 0.316726 0.937834 0.141961 -0.606958 -0.942701 0.29469 0.156434 -0.222495 0.104874 -0.183373 0.977433 0.311873 0.31622 -0.384863 0.867113 0.400795 -0.930002 -0.306262 0.203222 -0.504304 0.187351 -0.87068 -0.45477 0.485867 
1534173258572 0.316455 0.937972 0.141652 -0.606781 -0.942732 0.294374 0.156847 -0.222525 0.10542 -0.183175 0.977412 0.311787 0.31622 -0.384863 0.867113 0.400795 -0.930002 -0.306262 0.203222 -0.504304 0.187351 -0.87068 -0.45477 0.485867 
1534173258658 0.316184 0.93811 0.141342 -0.606603 -0.942761 0.294058 0.15726 -0.222555 0.105965 -0.182975 0.97739 0.311702 0.31622 -0.384863 0.867113 0.400795 -0.930002 -0.306262 0.203222 -0.504304 0.187351 -0.87068 -0.45477 0.485867 
1534173258664 0.315913 0.938248 0.141033 -0.606425 -0.942791 0.293742 0.157674 -0.222585 0.10651 -0.182776 0.977368 0.311617 0.31622 -0.384863 0.867113 0.400795 -0.930002 -0.306262 0.203222 -0.504304 0.187351 -0.87068 -0.45477 0.485867 
1534173258790 0.315642 0.938385 0.140724 -0.606248 -0.94282 0.293426 0.158087 -0.222616 0.107054 -0.182577 0.977346 0.311531 0.31622 -0.384863 0.867113 0.400795 -0.930002 -0.306262 0.203222 -0.504304 0.187351 -0.87068 -0.45477 0.485867 
1534173258796 0.31537 0.938523 0.140415 -0.60607 -0.942849 0.29311 0.158501 -0.222645 0.107599 -0.182377 0.977323 0.311446 0.31622 -0.384863 0.867113 0.400795 -0.930002 -0.306262 0.203222 -0.504304 0.187351 -0.87068 -0.45477 0.485867 
1534173258922 0.315098 0.93866 0.140107 -0.605893 -0.942877 0.292794 0.158914 -0.222675 0.108144 -0.182177 0.977301 0.31136 0.31622 -0.384863 0.867113 0.400795 -0.930002 -0.306262 0.203222 -0.504304 0.187351 -0.87068 -0.45477 0.485867 
1534173258990 0.315393 0.938499 0.140524 -0.606163 -0.94286 0.293145 0.158369 -0.222554 0.107435 -0.182443 0.977329 0.311422 0.31622 -0.384863 0.867113 0.400795 -0.930002 -0.306262 0.203222 -0.504304 0.187351 -0.87068 -0.45477 0.485867 
1534173259001 0.315306 0.938532 0.140498 -0.606082 -0.942917 0.293114 0.158085 -0.222538 0.107186 -0.182323 0.977379 0.311343 0.31622 -0.384863 0.867113 0.400795 -0.930002 -0.306262 0.203222 -0.504304 0.187351 -0.87068 -0.45477 0.485867 
1534173259018 0.315219 0.938565 0.140471 -0.605995 -0.942975 0.293083 0.157801 -0.222519 0.106937 -0.182203 0.977429 0.311267 0.31622 -0.384863 0.867113 0.400795 -0.930002 -0.306262 0.203222 -0.504304 0.187351 -0.87068 -0.45477 0.485867 
1534173259035 0.315133 0.938598 0.140445 -0.60591 -0.943032 0.293052 0.157516 -0.222501 0.106687 -0.182083 0.977478 0.311189 0.31622 -0.384863 0.867113 0.400795 -0.930002 -0.306262 0.203222 -0.504304 0.187351 -0.87068 -0.45477 0.485867 
1534173259051 0.315046 0.938631 0.140418 -0.605823 -0.943089 0.293021 0.157232 -0.222482 0.106437 -0.181962 0.977528 0.311112 0.31622 -0.384863 0.867113 0.400795 -0.930002 -0.306262 0.203222 -0.504304 0.187351 -0.87068 -0.45477 0.485867 
1534173259068 0.31496 0.938664 0.140392 -0.605737 -0.943146 0.29299 0.156947 -0.222463 0.106188 -0.181842 0.977577 0.311035 0.31622 -0.384863 0.867113 0.400795 -0.930002 -0.306262 0.203222 -0.504304 0.187351 -0.87068 -0.45477 0.485867 
1534173259112 0.314873 0.938697 0.140365 -0.60565 -0.943203 0.292959 0.156663 -0.222445 0.105938 -0.181722 0.977627 0.310958 0.31622 -0.384863 0.867113 0.400795 -0.930002 -0.306262 0.203222 -0.504304 0.187351 -0.87068 -0.45477 0.485867 
1534173259165 0.314787 0.93873 0.140338 -0.605564 -0.94326 0.292927 0.156378 -0.222426 0.105688 -0.181601 0.977676 0.310881 0.31622 -0.384863 0.867113 0.400795 -0.930002 -0.306262 0.203222 -0.504304 0.187351 -0.87068 -0.45477 0.485867 
1534173259201 0.3147 0.938763 0.140312 -0.605477 -0.943317 0.292896 0.156094 -0.222407 0.105438 -0.181481 0.977726 0.310804 0.31622 -0.384863 0.867113 0.400795 -0.930002 -0.306262 0.203222 -0.504304 0.187351 -0.87068 -0.45477 0.485867 
1534173259227 0.314614 0.938796 0.140285 -0.605391 -0.943374 0.292865 0.155809 -0.222389 0.105189 -0.181361 0.977775 0.310727 0.31622 -0.384863 0.867113 0.400795 -0.930002 -0.306262 0.203222 -0.504304 0.187351 -0.87068 -0.45477 0.485867 
1534173259267 0.314643 0.938758 0.140475 -0.605664 -0.943293 0.29274 0.156528 -0.222304 0.105819 -0.181759 0.977633 0.310917 0.31622 -0.384863 0.867113 0.400795 -0.930002 -0.306262 0.203222 -0.504304 0.187351 -0.87068 -0.45477 0.485867 
1534173259281 0.314593 0.938795 0.140342 -0.605578 -0.943306 0.292708 0.156511 -0.222302 0.105853 -0.181623 0.977654 0.310835 0.31622 -0.384863 0.867113 0.400795 -0.930002 -0.306262 0.203222 -0.504304 0.187351 -0.87068 -0.45477 0.485867 
1534173259287 0.314544 0.938831 0.140208 -0.605489 -0.943319 0.292676 0.156495 -0.222297 0.105887 -0.181485 0.977676 0.310755 0.31622 -0.384863 0.867113 0.400795 -0.930002 -0.306262 0.203222 -0.504304 0.187351 -0.87068 -0.45477 0.485867 
1534173259300 0.314494 0.938868 0.140073 -0.605397 -0.943331 0.292644 0.15648 -0.222293 0.105922 -0.181347 0.977698 0.310675 0.31622 -0.384863 0.867113 0.400795 -0.930002 -0.306262 0.203222 -0.504304 0.187351 -0.87068 -0.45477 0.485867 
1534173259316 0.314445 0.938905 0.139939 -0.605306 -0.943344 0.292611 0.156464 -0.222288 0.105957 -0.18121 0.97772 0.310594 0.31622 -0.384863 0.867113 0.400795 -0.930002 -0.306262 0.203222 -0.504304 0.187351 -0.87068 -0.45477 0.485867 
1534173259336 0.314395 0.938941 0.139804 -0.605215 -0.943356 0.292579 0.156448 -0.222284 0.105991 -0.181072 0.977742 0.310514 0.31622 -0.384863 0.867113 0.400795 -0.930002 -0.306262 0.203222 -0.504304 0.187351 -0.87068 -0.45477 0.485867 
1534173259356 0.314346 0.938978 0.13967 -0.605126 -0.943369 0.292547 0.156432 -0.222279 0.106026 -0.180934 0.977763 0.310434 0.31622 -0.384863 0.867113 0.400795 -0.930002 -0.306262 0.203222 -0.504304 0.187351 -0.87068 -0.45477 0.485867 
1534173259433 0.314296 0.939014 0.139535 -0.605034 -0.943382 0.292515 0.156416 -0.222275 0.106061 -0.180796 0.977785 0.310353 0.31622 -0.384863 0.867113 0.400795 -0.930002 -0.306262 0.203222 -0.504304 0.187351 -0.87068 -0.45477 0.485867 
1534173259462 0.314247 0.939051 0.139401 -0.604943 -0.943394 0.292483 0.1564 -0.22227 0.106095 -0.180658 0.977807 0.310273 0.31622 -0.384863 0.867113 0.400795 -0.930002 -0.306262 0.203222 -0.504304 0.187351 -0.87068 -0.45477 0.485867 
1534173259468 0.314197 0.939087 0.139266 -0.604852 -0.943407 0.292451 0.156384 -0.222266 0.10613 -0.18052 0.977829 0.310193 0.31622 -0.384863 0.867113 0.400795 -0.930002 -0.306262 0.203222 -0.504304 0.187351 -0.87068 -0.45477 0.485867 
1534173259530 0.314179 0.939009 0.139836 -0.605121 -0.943412 0.292337 0.156563 -0.222242 0.106135 -0.181112 0.977719 0.310526 0.31622 -0.384863 0.867113 0.400795 -0.930002 -0.306262 0.203222 -0.504304 0.187351 -0.87068 -0.45477 0.485867 
1534173259545 0.314148 0.939033 0.139746 -0.605041 -0.943402 0.292287 0.156717 -0.222258 0.106316 -0.181069 0.977707 0.31045 0.31622 -0.384863 0.867113 0.400795 -0.930002 -0.306262 0.203222 -0.504304 0.187351 -0.87068 -0.45477 0.485867 
1534173259559 0.314117 0.939056 0.139657 -0.604957 -0.943392 0.292237 0.156871 -0.222273 0.106498 -0.181027 0.977695 0.310374 0.31622 -0.384863 0.867113 0.400795 -0.930002 -0.306262 0.203222 -0.504304 0.187351 -0.87068 -0.45477 0.485867 
1534173259565 0.314086 0.93908 0.139567 -0.604872 -0.943382 0.292187 0.157025 -0.222286 0.10668 -0.180984 0.977683 0.310299 0.31622 -0.384863 0.867113 0.400795 -0.930002 -0.306262 0.203222 -0.504304 0.187351 -0.87068 -0.45477 0.485867 
1534173259581 0.314055 0.939104 0.139477 -0.604787 -0.943372 0.292138 0.157179 -0.222301 0.106861 -0.180941 0.977671 0.310224 0.31622 -0.384863 0.867113 0.400795 -0.930002 -0.306262 0.203222 -0.504304 0.187351 -0.87068 -0.45477 0.485867 
1534173259599 0.314024 0.939127 0.139387 -0.604701 -0.943361 0.292088 0.157334 -0.222315 0.107043 -0.180899 0.977659 0.310149 0.31622 -0.384863 0.867113 0.400795 -0.930002 -0.306262 0.203222 -0.504304 0.187351 -0.87068 -0.45477 0.485867 
1534173259614 0.313993 0.939151 0.139297 -0.604617 -0.943351 0.292038 0.157488 -0.222329 0.107225 -0.180856 0.977647 0.310074 0.31622 -0.384863 0.867113 0.400795 -0.930002 -0.306262 0.203222 -0.504304 0.187351 -0.87068 -0.45477 0.485867 
1534173259631 0.313962 0.939175 0.139207 -0.604532 -0.943341 0.291988 0.157642 -0.222343 0.107407 -0.180813 0.977635 0.309999 0.31622 -0.384863 0.867113 0.400795 -0.930002 -0.306262 0.203222 -0.504304 0.187351 -0.87068 -0.45477 0.485867 
1534173259692 0.313931 0.939199 0.139117 -0.604446 -0.94333 0.291939 0.157796 -0.222357 0.107588 -0.180771 0.977623 0.309924 0.31622 -0.384863 0.867113 0.400795 -0.930002 -0.306262 0.203222 -0.504304 0.187351 -0.87068 -0.45477 0.485867 
1534173259730 0.3139 0.939222 0.139028 -0.604362 -0.94332 0.291889 0.15795 -0.222371 0.10777 -0.180728 0.977611 0.309849 0.31622 -0.384863 0.867113 0.400795 -0.930002 -0.306262 0.203222 -0.504304 0.187351 -0.87068 -0.45477 0.485867 
1534173259761 0.314013 0.939146 0.139284 -0.604673 -0.943349 0.292068 0.157443 -0.222279 0.107181 -0.180833 0.977656 0.310117 0.31622 -0.384863 0.867113 0.400795 -0.930002 -0.306262 0.203222 -0.504304 0.187351 -0.87068 -0.45477 0.485867 
1534173259773 0.313967 0.939151 0.139355 -0.604617 -0.943347 0.291982 0.157617 -0.222303 0.107337 -0.180947 0.977618 0.31004 0.31622 -0.384863 0.867113 0.400795 -0.930002 -0.306262 0.203222 -0.504304 0.187351 -0.87068 -0.45477 0.485867 
1534173259779 0.313921 0.939156 0.139428 -0.604558 -0.943345 0.291895 0.157793 -0.222326 0.107494 -0.181063 0.977579 0.309961 0.31622 -0.384863 0.867113 0.400795 -0.930002 -0.306262 0.203222 -0.504304 0.187351 -0.87068 -0.45477 0.485867 
1534173259795 0.313875 0.939161 0.139499 -0.604496 -0.943342 0.291808 0.157969 -0.222349 0.107651 -0.181177 0.977541 0.309883 0.31622 -0.384863 0.867113 0.400795 -0.930002 -0.306262 0.203222 -0.504304 0.187351 -0.87068 -0.45477 0.485867 
1534173259811 0.313829 0.939165 0.13957 -0.604436 -0.943339 0.291721 0.158144 -0.222372 0.107808 -0.181292 0.977502 0.309806 0.31622 -0.384863 0.867113 0.400795 -0.930002 -0.306262 0.203222 -0.504304 0.187351 -0.87068 -0.45477 0.485867 
1534173259832 0.313783 0.93917 0.139641 -0.604375 -0.943337 0.291635 0.15832 -0.222395 0.107965 -0.181407 0.977464 0.309728 0.31622 -0.384863 0.867113 0.400795 -0.930002 -0.306262 0.203222 -0.504304 0.187351 -0.87068 -0.45477 0.485867 
1534173259845 0.313737 0.939175 0.139713 -0.604313 -0.943334 0.291548 0.158495 -0.222417 0.108122 -0.181521 0.977425 0.309651 0.31622 -0.384863 0.867113 0.400795 -0.930002 -0.306262 0.203222 -0.504304 0.187351 -0.87068 -0.45477 0.485867 
1534173259851 0.313691 0.93918 0.139784 -0.604254 -0.943331 0.291461 0.158671 -0.22244 0.108279 -0.181636 0.977386 0.309573 0.31622 -0.384863 0.867113 0.400795 -0.930002 -0.306262 0.203222 -0.504304 0.187351 -0.87068 -0.45477 0.485867 
1534173259913 0.313645 0.939184 0.139855 -0.604192 -0.943328 0.291375 0.158846 -0.222463 0.108436 -0.181751 0.977348 0.309496 0.31622 -0.384863 0.867113 0.400795 -0.930002 -0.306262 0.203222 -0.504304 0.187351 -0.87068 -0.45477 0.485867 
1534173259930 0.313599 0.939189 0.139927 -0.604132 -0.943326 0.291288 0.159022 -0.222486 0.108593 -0.181866 0.977309 0.309418 0.31622 -0.384863 0.867113 0.400795 -0.930002 -0.306262 0.203222 -0.504304 0.187351 -0.87068 -0.45477 0.485867 
1534173259954 0.313998 0.939096 0.139654 -0.604359 -0.943293 0.291888 0.158114 -0.222408 0.107721 -0.181382 0.977495 0.309765 0.31622 -0.384863 0.867113 0.400795 -0.930002 -0.306262 0.203222 -0.504304 0.187351 -0.87068 -0.45477 0.485867 
1534173259968 0.31392 0.939126 0.139634 -0.604319 -0.943313 0.291806 0.158146 -0.222434 0.107773 -0.181363 0.977493 0.309741 0.31622 -0.384863 0.867113 0.400795 -0.930002 -0.306262 0.203222 -0.504304 0.187351 -0.87068 -0.45477 0.485867 
1534173259985 0.313843 0.939155 0.139612 -0.604271 -0.943333 0.291725 0.158178 -0.222458 0.107825 -0.181344 0.977491 0.309718 0.31622 -0.384863 0.867113 0.400795 -0.930002 -0.306262 0.203222 -0.504304 0.187351 -0.87068 -0.45477 0.485867 
1534173260001 0.313766 0.939183 0.139591 -0.604223 -0.943352 0.291644 0.15821 -0.222482 0.107878 -0.181324 0.977489 0.309695 0.31622 -0.384863 0.867113 0.400795 -0.930002 -0.306262 0.203222 -0.504304 0.187351 -0.87068 -0.45477 0.485867 
1534173260018 0.313688 0.939212 0.139569 -0.604176 -0.943372 0.291562 0.158243 -0.222506 0.10793 -0.181305 0.977486 0.309672 0.31622 -0.384863 0.867113 0.400795 -0.930002 -0.306262 0.203222 -0.504304 0.187351 -0.87068 -0.45477 0.485867 
1534173260035 0.313611 0.939241 0.139548 -0.60413 -0.943392 0.291481 0.158275 -0.22253 0.107983 -0.181285 0.977484 0.309649 0.31622 -0.384863 0.867113 0.400795 -0.930002 -0.306262 0.203222 -0.504304 0.187351 -0.87068 -0.45477 0.485867 
1534173260051 0.313534 0.93927 0.139527 -0.604083 -0.943411 0.2914 0.158308 -0.222554 0.108036 -0.181266 0.977482 0.309626 0.31622 -0.384863 0.867113 0.400795 -0.930002 -0.306262 0.203222 -0.504304 0.187351 -0.87068 -0.45477 0.485867 
1534173260068 0.313457 0.939299 0.139505 -0.604035 -0.943431 0.291319 0.15834 -0.222578 0.108088 -0.181246 0.97748 0.309603 0.31622 -0.384863 0.867113 0.400795 -0.930002 -0.306262 0.203222 -0.504304 0.187351 -0.87068 -0.45477 0.485867 
1534173260085 0.31338 0.939328 0.139484 -0.603989 -0.94345 0.291238 0.158372 -0.222602 0.108141 -0.181227 0.977478 0.30958 0.31622 -0.384863 0.867113 0.400795 -0.930002 -0.306262 0.203222 -0.504304 0.187351 -0.87068 -0.45477 0.485867 
1534173260101 0.313302 0.939357 0.139462 -0.603941 -0.94347 0.291157 0.158405 -0.222626 0.108193 -0.181207 0.977475 0.309558 0.31622 -0.384863 0.867113 0.400795 -0.930002 -0.306262 0.203222 -0.504304 0.187351 -0.87068 -0.45477 0.485867 
1534173260132 0.313761 0.939146 0.139851 -0.604132 -0.943306 0.291515 0.158721 -0.222568 0.108294 -0.181723 0.977368 0.309514 0.31622 -0.384863 0.867113 0.400795 -0.930002 -0.306262 0.203222 -0.504304 0.187351 -0.87068 -0.45477 0.485867 
1534173260145 0.313613 0.939202 0.13981 -0.604027 -0.943347 0.291365 0.158754 -0.222591 0.108367 -0.181677 0.977369 0.3094 0.31622 -0.384863 0.867113 0.400795 -0.930002 -0.306262 0.203222 -0.504304 0.187351 -0.87068 -0.45477 0.485867 
1534173260161 0.313467 0.939257 0.139769 -0.603918 -0.943387 0.291216 0.158787 -0.222612 0.108439 -0.181631 0.97737 0.309286 0.31622 -0.384863 0.867113 0.400795 -0.930002 -0.306262 0.203222 -0.504304 0.187351 -0.87068 -0.45477 0.485867 
1534173260179 0.31332 0.939312 0.139727 -0.603807 -0.943428 0.291068 0.158821 -0.222632 0.108512 -0.181584 0.97737 0.309173 0.31622 -0.384863 0.867113 0.400795 -0.930002 -0.306262 0.203222 -0.504304 0.187351 -0.87068 -0.45477 0.485867 
1534173260186 0.313173 0.939367 0.139686 -0.603697 -0.943468 0.290919 0.158854 -0.222653 0.108585 -0.181538 0.977371 0.30906 0.31622 -0.384863 0.867113 0.400795 -0.930002 -0.306262 0.203222 -0.504304 0.187351 -0.87068 -0.45477 0.485867 
1534173260198 0.313027 0.939422 0.139645 -0.603587 -0.943508 0.29077 0.158887 -0.222673 0.108657 -0.181492 0.977371 0.308947 0.31622 -0.384863 0.867113 0.400795 -0.930002 -0.306262 0.203222 -0.504304 0.187351 -0.87068 -0.45477 0.485867 
1534173260241 0.31288 0.939477 0.139604 -0.603478 -0.943548 0.290621 0.15892 -0.222694 0.10873 -0.181446 0.977372 0.308834 0.31622 -0.384863 0.867113 0.400795 -0.930002 -0.306262 0.203222 -0.504304 0.187351 -0.87068 -0.45477 0.485867 
1534173260303 0.312734 0.939532 0.139562 -0.603367 -0.943589 0.290472 0.158953 -0.222714 0.108803 -0.1814 0.977372 0.308721 0.31622 -0.384863 0.867113 0.400795 -0.930002 -0.306262 0.203222 -0.504304 0.187351 -0.87068 -0.45477 0.485867 
1534173260340 0.312587 0.939587 0.139521 -0.603258 -0.943629 0.290324 0.158986 -0.222735 0.108875 -0.181353 0.977373 0.308608 0.31622 -0.384863 0.867113 0.400795 -0.930002 -0.306262 0.203222 -0.504304 0.187351 -0.87068 -0.45477 0.485867 
1534173260347 0.31244 0.939642 0.13948 -0.603147 -0.943669 0.290175 0.15902 -0.222756 0.108948 -0.181307 0.977373 0.308495 0.31622 -0.384863 0.867113 0.400795 -0.930002 -0.306262 0.203222 -0.504304 0.187351 -0.87068 -0.45477 0.485867 
1534173260398 0.31311 0.939391 0.139668 -0.603473 -0.943489 0.29086 0.158837 -0.222782 0.108586 -0.181508 0.977376 0.308885 0.31622 -0.384863 0.867113 0.400795 -0.930002 -0.306262 0.203222 -0.504304 0.187351 -0.87068 -0.45477 0.485867 
1534173260410 0.312854 0.939481 0.139631 -0.603335 -0.943484 0.29047 0.159577 -0.222888 0.109361 -0.181664 0.977261 0.308762 0.31622 -0.384863 0.867113 0.400795 -0.930002 -0.306262 0.203222 -0.504304 0.187351 -0.87068 -0.45477 0.485867 
1534173260426 0.3126 0.939572 0.139593 -0.603189 -0.943478 0.290081 0.160317 -0.222991 0.110136 -0.181818 0.977145 0.308641 0.31622 -0.384863 0.867113 0.400795 -0.930002 -0.306262 0.203222 -0.504304 0.187351 -0.87068 -0.45477 0.485867 
1534173260445 0.312345 0.939662 0.139555 -0.603043 -0.943472 0.289692 0.161057 -0.223094 0.110911 -0.181971 0.977029 0.30852 0.31622 -0.384863 0.867113 0.400795 -0.930002 -0.306262 0.203222 -0.504304 0.187351 -0.87068 -0.45477 0.485867 
1534173260535 0.31209 0.939752 0.139517 -0.602899 -0.943465 0.289302 0.161797 -0.223197 0.111687 -0.182125 0.976912 0.308399 0.31622 -0.384863 0.867113 0.400795 -0.930002 -0.306262 0.203222 -0.504304 0.187351 -0.87068 -0.45477 0.485867 
1534173260579 0.311835 0.939843 0.13948 -0.602753 -0.943457 0.288913 0.162537 -0.2233 0.112462 -0.182278 0.976794 0.308278 0.31622 -0.384863 0.867113 0.400795 -0.930002 -0.306262 0.203222 -0.504304 0.187351 -0.87068 -0.45477 0.485867 
1534173260627 0.31158 0.939933 0.139443 -0.60261 -0.943449 0.288523 0.163277 -0.223404 0.113237 -0.182431 0.976676 0.308157 0.31622 -0.384863 0.867113 0.400795 -0.930002 -0.306262 0.203222 -0.504304 0.187351 -0.87068 -0.45477 0.485867 
1534173260634 0.311325 0.940023 0.139406 -0.602464 -0.943439 0.288133 0.164017 -0.223506 0.114012 -0.182584 0.976557 0.308036 0.31622 -0.384863 0.867113 0.400795 -0.930002 -0.306262 0.203222 -0.504304 0.187351 -0.87068 -0.45477 0.485867 
