1533292635424 0.183419 0.933687 -0.307549 -0.614351 -0.951244 0.247497 0.184065 -0.214509 0.247977 0.258793 0.93356 0.381253 1 0 0 0 0 1 0 0 0 0 1 1.306 
1533292635449 0.184081 0.934201 -0.305587 -0.614961 -0.950568 0.2483 0.186462 -0.214531 0.25007 0.256157 0.933728 0.381313 0.313239 -0.3866 0.867422 0.386189 -0.93126 -0.304042 0.200784 -0.500185 0.18611 -0.870689 -0.455263 0.505382 
1533292635465 0.184748 0.934709 -0.303625 -0.615572 -0.949886 0.249096 0.188859 -0.214553 0.25216 0.253518 0.933887 0.381372 0.316244 -0.384866 0.867103 0.400216 -0.929998 -0.306258 0.203249 -0.504049 0.187334 -0.87068 -0.454777 0.486145 
1533292635511 0.185419 0.935211 -0.301663 -0.616182 -0.949199 0.249885 0.191258 -0.214575 0.254247 0.250875 0.934034 0.381432 0.316258 -0.384857 0.867102 0.400836 -0.929992 -0.306267 0.203261 -0.504368 0.187338 -0.870681 -0.454774 0.485921 
1533292635524 0.186094 0.935708 -0.2997 -0.616792 -0.948506 0.250666 0.193657 -0.214597 0.256331 0.248229 0.934172 0.381491 0.316239 -0.384881 0.867098 0.400855 -0.93 -0.306257 0.203241 -0.504361 0.187331 -0.870674 -0.454789 0.485943 
1533292635541 0.186774 0.936199 -0.297738 -0.617402 -0.947807 0.251441 0.196057 -0.214619 0.258412 0.24558 0.934299 0.381551 0.316214 -0.384899 0.867099 0.400827 -0.930009 -0.306245 0.203216 -0.504329 0.187327 -0.87067 -0.454799 0.48594 
1533292635624 0.187458 0.936684 -0.295776 -0.618012 -0.947103 0.25221 0.198457 -0.214642 0.260489 0.242928 0.934415 0.381611 0.3162 -0.384907 0.867101 0.400798 -0.930014 -0.306239 0.203202 -0.504306 0.187326 -0.870669 -0.454801 0.485922 
1533292635634 0.188146 0.937163 -0.293814 -0.618622 -0.946394 0.252971 0.200859 -0.214664 0.262563 0.240273 0.934521 0.38167 0.316197 -0.384904 0.867103 0.400778 -0.930014 -0.30624 0.2032 -0.504292 0.187329 -0.87067 -0.454799 0.485903 
1533292635651 0.188838 0.937637 -0.291852 -0.619226 -0.945679 0.253725 0.20326 -0.214684 0.264634 0.237616 0.934616 0.381731 0.316201 -0.384895 0.867106 0.400765 -0.930012 -0.306246 0.203202 -0.504277 0.187337 -0.870672 -0.454792 0.485883 
1533292635742 0.189537 0.938099 -0.289906 -0.619765 -0.944959 0.254477 0.205653 -0.214688 0.266697 0.23497 0.934699 0.381806 0.316123 -0.384928 0.86712 0.40068 -0.93004 -0.30621 0.20313 -0.504145 0.18733 -0.87067 -0.454798 0.485852 
1533292635764 0.185251 0.935024 -0.302343 -0.615859 -0.94947 0.249629 0.190244 -0.214548 0.253356 0.251823 0.934021 0.381403 1 0 0 0 0 1 0 0 0 0 1 1.306 
1533292635822 0.185739 0.935392 -0.300903 -0.616319 -0.948959 0.250205 0.192024 -0.214566 0.254905 0.249878 0.934122 0.381448 0.313239 -0.3866 0.867422 0.386189 -0.93126 -0.304042 0.200784 -0.500185 0.18611 -0.870689 -0.455263 0.505382 
1533292635837 0.18623 0.935757 -0.299461 -0.616778 -0.948446 0.250777 0.193805 -0.214584 0.256453 0.247931 0.934218 0.381492 0.316244 -0.384866 0.867103 0.400216 -0.929998 -0.306258 0.203249 -0.504049 0.187334 -0.87068 -0.454777 0.486145 
1533292635851 0.186723 0.936119 -0.29802 -0.617238 -0.94793 0.251345 0.195587 -0.214603 0.257998 0.245982 0.934307 0.381537 0.316258 -0.384857 0.867102 0.400836 -0.929992 -0.306267 0.203261 -0.504368 0.187338 -0.870681 -0.454774 0.485921 
1533292635944 0.187218 0.936478 -0.296579 -0.617697 -0.947411 0.251909 0.197368 -0.214621 0.259542 0.244031 0.934391 0.381581 0.316239 -0.384881 0.867098 0.400855 -0.93 -0.306257 0.203241 -0.504361 0.187331 -0.870674 -0.454789 0.485943 
1533292635967 0.187715 0.936834 -0.295137 -0.618157 -0.946889 0.252469 0.199151 -0.214639 0.261084 0.242078 0.93447 0.381626 0.316214 -0.384899 0.867099 0.400827 -0.930009 -0.306245 0.203216 -0.504329 0.187327 -0.87067 -0.454799 0.48594 
1533292636055 0.188215 0.937186 -0.293695 -0.618616 -0.946363 0.253026 0.200933 -0.214657 0.262624 0.240124 0.934542 0.381671 0.3162 -0.384907 0.867101 0.400798 -0.930014 -0.306239 0.203202 -0.504306 0.187326 -0.870669 -0.454801 0.485922 
1533292636068 0.188717 0.937536 -0.292254 -0.619075 -0.945835 0.253579 0.202716 -0.214675 0.264163 0.238169 0.934609 0.381715 0.316197 -0.384904 0.867103 0.400778 -0.930014 -0.30624 0.2032 -0.504292 0.187329 -0.87067 -0.454799 0.485903 
1533292636084 0.189221 0.937882 -0.290814 -0.61953 -0.945304 0.254128 0.204499 -0.214693 0.2657 0.236212 0.93467 0.38176 0.316201 -0.384895 0.867106 0.400765 -0.930012 -0.306246 0.203202 -0.504277 0.187337 -0.870672 -0.454792 0.485883 
1533292636178 0.18973 0.938222 -0.289383 -0.619936 -0.94477 0.254677 0.206275 -0.214697 0.267231 0.234264 0.934724 0.381817 0.316123 -0.384928 0.86712 0.40068 -0.93004 -0.30621 0.20313 -0.504145 0.18733 -0.87067 -0.454798 0.485852 
1533292636207 0.196596 0.933952 -0.298469 -0.619412 -0.944825 0.261805 0.196886 -0.218536 0.262023 0.243294 0.933891 0.380712 1 0 0 0 0 1 0 0 0 0 1 1.306 
1533292636249 0.195874 0.933938 -0.298988 -0.619118 -0.945005 0.261204 0.19682 -0.218312 0.261914 0.243994 0.933739 0.380619 0.313239 -0.3866 0.867422 0.386189 -0.93126 -0.304042 0.200784 -0.500185 0.18611 -0.870689 -0.455263 0.505382 
1533292636277 0.195152 0.933922 -0.299509 -0.618824 -0.945184 0.260604 0.196753 -0.218087 0.261806 0.244695 0.933586 0.380527 0.316244 -0.384866 0.867103 0.400216 -0.929998 -0.306258 0.203249 -0.504049 0.187334 -0.87068 -0.454777 0.486145 
1533292636339 0.194429 0.933905 -0.30003 -0.61853 -0.945364 0.260003 0.196687 -0.217863 0.261696 0.245395 0.933433 0.380434 0.316258 -0.384857 0.867102 0.400836 -0.929992 -0.306267 0.203261 -0.504368 0.187338 -0.870681 -0.454774 0.485921 
1533292636353 0.193707 0.933888 -0.30055 -0.618236 -0.945542 0.259403 0.196622 -0.217638 0.261586 0.246096 0.933279 0.380342 0.316239 -0.384881 0.867098 0.400855 -0.93 -0.306257 0.203241 -0.504361 0.187331 -0.870674 -0.454789 0.485943 
1533292636370 0.192985 0.93387 -0.30107 -0.617942 -0.945721 0.258801 0.196557 -0.217414 0.261476 0.246795 0.933125 0.380249 0.316214 -0.384899 0.867099 0.400827 -0.930009 -0.306245 0.203216 -0.504329 0.187327 -0.87067 -0.454799 0.48594 
1533292636458 0.192263 0.933851 -0.30159 -0.617647 -0.945898 0.258201 0.196492 -0.217189 0.261365 0.247496 0.932971 0.380157 0.3162 -0.384907 0.867101 0.400798 -0.930014 -0.306239 0.203202 -0.504306 0.187326 -0.870669 -0.454801 0.485922 
1533292636471 0.191541 0.933831 -0.302111 -0.617354 -0.946076 0.2576 0.196427 -0.216965 0.261253 0.248196 0.932816 0.380064 0.316197 -0.384904 0.867103 0.400778 -0.930014 -0.30624 0.2032 -0.504292 0.187329 -0.87067 -0.454799 0.485903 
1533292636566 0.190818 0.933811 -0.302631 -0.617062 -0.946252 0.256998 0.196363 -0.216741 0.261141 0.248895 0.932661 0.379972 0.316201 -0.384895 0.867106 0.400765 -0.930012 -0.306246 0.203202 -0.504277 0.187337 -0.870672 -0.454792 0.485883 
1533292636578 0.190096 0.933791 -0.303146 -0.616797 -0.946429 0.256395 0.1963 -0.216523 0.261029 0.24959 0.932507 0.379876 0.316123 -0.384928 0.86712 0.40068 -0.93004 -0.30621 0.20313 -0.504145 0.18733 -0.87067 -0.454798 0.485852 
1533292636605 0.192238 0.935656 -0.29596 -0.618343 -0.945126 0.257704 0.200814 -0.216231 0.264163 0.241115 0.933853 0.380811 1 0 0 0 0 1 0 0 0 0 1 1.306 
1533292636670 0.191697 0.935536 -0.29669 -0.61797 -0.94559 0.257024 0.199494 -0.216145 0.26289 0.242305 0.933904 0.380803 0.313239 -0.3866 0.867422 0.386189 -0.93126 -0.304042 0.200784 -0.500185 0.18611 -0.870689 -0.455263 0.505382 
1533292636694 0.191157 0.935414 -0.297421 -0.617598 -0.946053 0.256342 0.198174 -0.216058 0.261617 0.243494 0.933953 0.380795 0.316244 -0.384866 0.867103 0.400216 -0.929998 -0.306258 0.203249 -0.504049 0.187334 -0.87068 -0.454777 0.486145 
1533292636760 0.190617 0.935291 -0.298154 -0.617225 -0.946513 0.255658 0.196855 -0.215972 0.260342 0.244682 0.933998 0.380787 0.316258 -0.384857 0.867102 0.400836 -0.929992 -0.306267 0.203261 -0.504368 0.187338 -0.870681 -0.454774 0.485921 
1533292636771 0.190078 0.935167 -0.298886 -0.616853 -0.946972 0.254972 0.195535 -0.215885 0.259066 0.245869 0.934041 0.380779 0.316239 -0.384881 0.867098 0.400855 -0.93 -0.306257 0.203241 -0.504361 0.187331 -0.870674 -0.454789 0.485943 
1533292636885 0.189541 0.935042 -0.299619 -0.61648 -0.947428 0.254285 0.194216 -0.215799 0.257788 0.247056 0.934082 0.38077 0.316214 -0.384899 0.867099 0.400827 -0.930009 -0.306245 0.203216 -0.504329 0.187327 -0.87067 -0.454799 0.48594 
1533292636899 0.189004 0.934915 -0.300352 -0.616107 -0.947882 0.253596 0.192897 -0.215713 0.25651 0.24824 0.93412 0.380762 0.3162 -0.384907 0.867101 0.400798 -0.930014 -0.306239 0.203202 -0.504306 0.187326 -0.870669 -0.454801 0.485922 
1533292636920 0.188468 0.934787 -0.301086 -0.615735 -0.948334 0.252905 0.191578 -0.215626 0.255231 0.249424 0.934155 0.380754 0.316197 -0.384904 0.867103 0.400778 -0.930014 -0.30624 0.2032 -0.504292 0.187329 -0.87067 -0.454799 0.485903 
1533292637020 0.187933 0.934658 -0.30182 -0.615366 -0.948784 0.252212 0.190259 -0.21554 0.25395 0.250606 0.934187 0.380746 0.316201 -0.384895 0.867106 0.400765 -0.930012 -0.306246 0.203202 -0.504277 0.187337 -0.870672 -0.454792 0.485883 
1533292637031 0.187398 0.93453 -0.302548 -0.615031 -0.949231 0.251516 0.188945 -0.215465 0.252671 0.25178 0.934219 0.38073 0.316123 -0.384928 0.86712 0.40068 -0.93004 -0.30621 0.20313 -0.504145 0.18733 -0.87067 -0.454798 0.485852 
1533292637063 0.19008 0.93485 -0.299875 -0.616657 -0.947212 0.25495 0.194397 -0.216056 0.258185 0.247094 0.933962 0.380668 1 0 0 0 0 1 0 0 0 0 1 1.306 
1533292637120 0.189826 0.934706 -0.300484 -0.616419 -0.947522 0.254588 0.193357 -0.215956 0.257231 0.248012 0.933982 0.380703 0.313239 -0.3866 0.867422 0.386189 -0.93126 -0.304042 0.200784 -0.500185 0.18611 -0.870689 -0.455263 0.505382 
1533292637147 0.189573 0.934561 -0.301094 -0.616181 -0.947832 0.254224 0.192316 -0.215856 0.256276 0.248929 0.934 0.380738 0.316244 -0.384866 0.867103 0.400216 -0.929998 -0.306258 0.203249 -0.504049 0.187334 -0.87068 -0.454777 0.486145 
1533292637197 0.18932 0.934416 -0.301704 -0.615944 -0.94814 0.25386 0.191275 -0.215757 0.255321 0.249845 0.934017 0.380773 0.316258 -0.384857 0.867102 0.400836 -0.929992 -0.306267 0.203261 -0.504368 0.187338 -0.870681 -0.454774 0.485921 
1533292637209 0.189069 0.934269 -0.302314 -0.615706 -0.948447 0.253494 0.190234 -0.215657 0.254365 0.250761 0.934033 0.380808 0.316239 -0.384881 0.867098 0.400855 -0.93 -0.306257 0.203241 -0.504361 0.187331 -0.870674 -0.454789 0.485943 
1533292637224 0.188818 0.934122 -0.302924 -0.615468 -0.948753 0.253128 0.189194 -0.215557 0.253409 0.251677 0.934046 0.380843 0.316214 -0.384899 0.867099 0.400827 -0.930009 -0.306245 0.203216 -0.504329 0.187327 -0.87067 -0.454799 0.48594 
1533292637308 0.188567 0.933975 -0.303534 -0.61523 -0.949058 0.25276 0.188153 -0.215457 0.252452 0.252592 0.934059 0.380878 0.3162 -0.384907 0.867101 0.400798 -0.930014 -0.306239 0.203202 -0.504306 0.187326 -0.870669 -0.454801 0.485922 
1533292637337 0.188317 0.933827 -0.304144 -0.614993 -0.949362 0.252392 0.187112 -0.215357 0.251494 0.253506 0.934069 0.380913 0.316197 -0.384904 0.867103 0.400778 -0.930014 -0.30624 0.2032 -0.504292 0.187329 -0.87067 -0.454799 0.485903 
1533292637389 0.188068 0.933678 -0.304754 -0.614757 -0.949664 0.252022 0.186072 -0.215258 0.250536 0.25442 0.934078 0.380948 0.316201 -0.384895 0.867106 0.400765 -0.930012 -0.306246 0.203202 -0.504277 0.187337 -0.870672 -0.454792 0.485883 
1533292637402 0.187818 0.933531 -0.305359 -0.614546 -0.949965 0.25165 0.185036 -0.215167 0.24958 0.255327 0.934087 0.380975 0.316123 -0.384928 0.86712 0.40068 -0.93004 -0.30621 0.20313 -0.504145 0.18733 -0.87067 -0.454798 0.485852 
1533292637427 0.187855 0.93449 -0.302388 -0.615434 -0.948849 0.252204 0.189943 -0.215139 0.253763 0.251239 0.934068 0.380965 1 0 0 0 0 1 0 0 0 0 1 1.306 
1533292637471 0.187671 0.934322 -0.30302 -0.61526 -0.949192 0.251854 0.188689 -0.215057 0.252613 0.252213 0.934117 0.381022 0.313239 -0.3866 0.867422 0.386189 -0.93126 -0.304042 0.200784 -0.500185 0.18611 -0.870689 -0.455263 0.505382 
1533292637493 0.187488 0.934153 -0.303654 -0.615087 -0.949534 0.251502 0.187435 -0.214974 0.251463 0.253188 0.934164 0.381079 0.316244 -0.384866 0.867103 0.400216 -0.929998 -0.306258 0.203249 -0.504049 0.187334 -0.87068 -0.454777 0.486145 
1533292637559 0.187306 0.933984 -0.304288 -0.614913 -0.949874 0.25115 0.186182 -0.214892 0.250312 0.254162 0.934208 0.381137 0.316258 -0.384857 0.867102 0.400836 -0.929992 -0.306267 0.203261 -0.504368 0.187338 -0.870681 -0.454774 0.485921 
1533292637571 0.187124 0.933814 -0.304921 -0.614739 -0.950212 0.250795 0.184928 -0.214809 0.249161 0.255135 0.934251 0.381194 0.316239 -0.384881 0.867098 0.400855 -0.93 -0.306257 0.203241 -0.504361 0.187331 -0.870674 -0.454789 0.485943 
1533292637589 0.186943 0.933643 -0.305554 -0.614566 -0.950549 0.250439 0.183675 -0.214727 0.248009 0.256108 0.934291 0.381251 0.316214 -0.384899 0.867099 0.400827 -0.930009 -0.306245 0.203216 -0.504329 0.187327 -0.87067 -0.454799 0.48594 
1533292637673 0.186763 0.933471 -0.306188 -0.614392 -0.950884 0.250083 0.182421 -0.214645 0.246857 0.25708 0.934329 0.381308 0.3162 -0.384907 0.867101 0.400798 -0.930014 -0.306239 0.203202 -0.504306 0.187326 -0.870669 -0.454801 0.485922 
1533292637684 0.186584 0.933299 -0.306821 -0.614218 -0.951218 0.249725 0.181167 -0.214562 0.245704 0.258051 0.934366 0.381365 0.316197 -0.384904 0.867103 0.400778 -0.930014 -0.30624 0.2032 -0.504292 0.187329 -0.87067 -0.454799 0.485903 
1533292637701 0.186405 0.933126 -0.307455 -0.614046 -0.95155 0.249365 0.179913 -0.21448 0.24455 0.259022 0.934399 0.381422 0.316201 -0.384895 0.867106 0.400765 -0.930012 -0.306246 0.203202 -0.504277 0.187337 -0.870672 -0.454792 0.485883 
1533292637789 0.186226 0.932955 -0.308084 -0.613895 -0.951881 0.249003 0.178664 -0.214407 0.243399 0.259987 0.934432 0.381472 0.316123 -0.384928 0.86712 0.40068 -0.93004 -0.30621 0.20313 -0.504145 0.18733 -0.87067 -0.454798 0.485852 
1533292637811 0.18629 0.933771 -0.305561 -0.614521 -0.950781 0.249717 0.183456 -0.214505 0.24761 0.256346 0.934332 0.381304 1 0 0 0 0 1 0 0 0 0 1 1.306 
1533292637880 0.185775 0.933755 -0.305923 -0.614366 -0.95095 0.249231 0.183243 -0.214576 0.247349 0.256875 0.934255 0.381299 0.313239 -0.3866 0.867422 0.386189 -0.93126 -0.304042 0.200784 -0.500185 0.18611 -0.870689 -0.455263 0.505382 
1533292637892 0.185259 0.933739 -0.306284 -0.614212 -0.951118 0.248745 0.18303 -0.214647 0.247088 0.257404 0.934179 0.381294 0.316244 -0.384866 0.867103 0.400216 -0.929998 -0.306258 0.203249 -0.504049 0.187334 -0.87068 -0.454777 0.486145 
1533292637908 0.184744 0.933723 -0.306645 -0.614057 -0.951287 0.248258 0.182817 -0.214718 0.246827 0.257933 0.934102 0.381288 0.316258 -0.384857 0.867102 0.400836 -0.929992 -0.306267 0.203261 -0.504368 0.187338 -0.870681 -0.454774 0.485921 
1533292637975 0.184228 0.933706 -0.307006 -0.613902 -0.951454 0.247771 0.182604 -0.214789 0.246566 0.258462 0.934025 0.381283 0.316239 -0.384881 0.867098 0.400855 -0.93 -0.306257 0.203241 -0.504361 0.187331 -0.870674 -0.454789 0.485943 
1533292637988 0.183713 0.933689 -0.307368 -0.613748 -0.951622 0.247285 0.182391 -0.21486 0.246304 0.25899 0.933948 0.381278 0.316214 -0.384899 0.867099 0.400827 -0.930009 -0.306245 0.203216 -0.504329 0.187327 -0.87067 -0.454799 0.48594 
1533292638004 0.183198 0.933671 -0.307729 -0.613593 -0.951789 0.246797 0.182178 -0.21493 0.246041 0.259518 0.93387 0.381273 0.3162 -0.384907 0.867101 0.400798 -0.930014 -0.306239 0.203202 -0.504306 0.187326 -0.870669 -0.454801 0.485922 
1533292638088 0.182683 0.933652 -0.308091 -0.613438 -0.951956 0.24631 0.181966 -0.215001 0.245779 0.260047 0.933792 0.381268 0.316197 -0.384904 0.867103 0.400778 -0.930014 -0.30624 0.2032 -0.504292 0.187329 -0.87067 -0.454799 0.485903 
1533292638102 0.182168 0.933634 -0.308453 -0.613285 -0.952122 0.245823 0.181754 -0.215072 0.245516 0.260575 0.933714 0.381262 0.316201 -0.384895 0.867106 0.400765 -0.930012 -0.306246 0.203202 -0.504277 0.187337 -0.870672 -0.454792 0.485883 
1533292638116 0.181653 0.933615 -0.308811 -0.613145 -0.952288 0.245335 0.181542 -0.215144 0.245253 0.2611 0.933637 0.381254 0.316123 -0.384928 0.86712 0.40068 -0.93004 -0.30621 0.20313 -0.504145 0.18733 -0.87067 -0.454798 0.485852 
1533292638150 0.183905 0.933715 -0.307173 -0.613798 -0.951723 0.247282 0.181867 -0.214709 0.24577 0.258897 0.934114 0.381384 1 0 0 0 0 1 0 0 0 0 1 1.306 
1533292638177 0.183339 0.933716 -0.307507 -0.613662 -0.951846 0.246799 0.18188 -0.214893 0.245716 0.259354 0.934002 0.381347 0.313239 -0.3866 0.867422 0.386189 -0.93126 -0.304042 0.200784 -0.500185 0.18611 -0.870689 -0.455263 0.505382 
1533292638203 0.182774 0.933717 -0.307841 -0.613525 -0.951968 0.246315 0.181893 -0.215077 0.245662 0.25981 0.933889 0.381309 0.316244 -0.384866 0.867103 0.400216 -0.929998 -0.306258 0.203249 -0.504049 0.187334 -0.87068 -0.454777 0.486145 
1533292638263 0.182208 0.933717 -0.308175 -0.613389 -0.952091 0.245832 0.181906 -0.215262 0.245608 0.260266 0.933776 0.381272 0.316258 -0.384857 0.867102 0.400836 -0.929992 -0.306267 0.203261 -0.504368 0.187338 -0.870681 -0.454774 0.485921 
1533292638276 0.181642 0.933717 -0.308509 -0.613253 -0.952213 0.245348 0.181919 -0.215446 0.245553 0.260723 0.933664 0.381235 0.316239 -0.384881 0.867098 0.400855 -0.93 -0.306257 0.203241 -0.504361 0.187331 -0.870674 -0.454789 0.485943 
1533292638293 0.181077 0.933717 -0.308844 -0.613117 -0.952335 0.244865 0.181932 -0.21563 0.245498 0.261179 0.93355 0.381197 0.316214 -0.384899 0.867099 0.400827 -0.930009 -0.306245 0.203216 -0.504329 0.187327 -0.87067 -0.454799 0.48594 
1533292638388 0.180511 0.933716 -0.309177 -0.61298 -0.952457 0.244381 0.181945 -0.215814 0.245442 0.261635 0.933437 0.38116 0.3162 -0.384907 0.867101 0.400798 -0.930014 -0.306239 0.203202 -0.504306 0.187326 -0.870669 -0.454801 0.485922 
1533292638419 0.179945 0.933714 -0.309511 -0.612844 -0.952578 0.243897 0.181959 -0.215998 0.245387 0.262091 0.933324 0.381123 0.316197 -0.384904 0.867103 0.400778 -0.930014 -0.30624 0.2032 -0.504292 0.187329 -0.87067 -0.454799 0.485903 
1533292638472 0.17938 0.933712 -0.309845 -0.612709 -0.952699 0.243413 0.181973 -0.216183 0.245331 0.262547 0.933211 0.381085 0.316201 -0.384895 0.867106 0.400765 -0.930012 -0.306246 0.203202 -0.504277 0.187337 -0.870672 -0.454792 0.485883 
1533292638483 0.178815 0.93371 -0.310177 -0.612584 -0.95282 0.24293 0.181986 -0.216364 0.245274 0.263001 0.933098 0.381047 0.316123 -0.384928 0.86712 0.40068 -0.93004 -0.30621 0.20313 -0.504145 0.18733 -0.87067 -0.454798 0.485852 
1533292638510 0.180816 0.933717 -0.308995 -0.61308 -0.952453 0.244575 0.181702 -0.215732 0.245231 0.261448 0.933545 0.381175 1 0 0 0 0 1 0 0 0 0 1 1.306 
1533292638566 0.180555 0.933677 -0.30927 -0.612956 -0.952515 0.244369 0.181656 -0.215884 0.245184 0.261786 0.933463 0.38112 0.313239 -0.3866 0.867422 0.386189 -0.93126 -0.304042 0.200784 -0.500185 0.18611 -0.870689 -0.455263 0.505382 
1533292638590 0.180293 0.933635 -0.309547 -0.612831 -0.952577 0.244163 0.18161 -0.216035 0.245137 0.262124 0.93338 0.381066 0.316244 -0.384866 0.867103 0.400216 -0.929998 -0.306258 0.203249 -0.504049 0.187334 -0.87068 -0.454777 0.486145 
1533292638657 0.180031 0.933594 -0.309823 -0.612707 -0.952638 0.243957 0.181563 -0.216187 0.24509 0.262462 0.933298 0.381011 0.316258 -0.384857 0.867102 0.400836 -0.929992 -0.306267 0.203261 -0.504368 0.187338 -0.870681 -0.454774 0.485921 
1533292638669 0.17977 0.933553 -0.310099 -0.612582 -0.9527 0.243752 0.181517 -0.216339 0.245043 0.2628 0.933215 0.380957 0.316239 -0.384881 0.867098 0.400855 -0.93 -0.306257 0.203241 -0.504361 0.187331 -0.870674 -0.454789 0.485943 
1533292638686 0.179509 0.933512 -0.310375 -0.612457 -0.952761 0.243546 0.181471 -0.21649 0.244995 0.263137 0.933132 0.380902 0.316214 -0.384899 0.867099 0.400827 -0.930009 -0.306245 0.203216 -0.504329 0.187327 -0.87067 -0.454799 0.48594 
1533292638774 0.179247 0.93347 -0.310651 -0.612333 -0.952823 0.24334 0.181424 -0.216642 0.244948 0.263476 0.933049 0.380848 0.3162 -0.384907 0.867101 0.400798 -0.930014 -0.306239 0.203202 -0.504306 0.187326 -0.870669 -0.454801 0.485922 
1533292638804 0.178985 0.933428 -0.310927 -0.612209 -0.952884 0.243134 0.181378 -0.216794 0.2449 0.263813 0.932966 0.380793 0.316197 -0.384904 0.867103 0.400778 -0.930014 -0.30624 0.2032 -0.504292 0.187329 -0.87067 -0.454799 0.485903 
1533292638856 0.178724 0.933387 -0.311203 -0.612085 -0.952945 0.242928 0.181332 -0.216946 0.244853 0.264151 0.932883 0.380739 0.316201 -0.384895 0.867106 0.400765 -0.930012 -0.306246 0.203202 -0.504277 0.187337 -0.870672 -0.454792 0.485883 
1533292638866 0.178463 0.933345 -0.311478 -0.611971 -0.953007 0.242722 0.181286 -0.217096 0.244805 0.264487 0.932801 0.380684 0.316123 -0.384928 0.86712 0.40068 -0.93004 -0.30621 0.20313 -0.504145 0.18733 -0.87067 -0.454798 0.485852 
1533292638893 0.179821 0.93352 -0.310168 -0.612456 -0.952685 0.243819 0.181504 -0.216521 0.245063 0.262854 0.933194 0.380987 1 0 0 0 0 1 0 0 0 0 1 1.306 
1533292638955 0.179642 0.933539 -0.310216 -0.61228 -0.952576 0.243812 0.182084 -0.21664 0.245616 0.262794 0.933066 0.380888 0.313239 -0.3866 0.867422 0.386189 -0.93126 -0.304042 0.200784 -0.500185 0.18611 -0.870689 -0.455263 0.505382 
1533292638972 0.179464 0.933558 -0.310262 -0.612105 -0.952467 0.243806 0.182662 -0.21676 0.246169 0.262734 0.932937 0.380788 0.316244 -0.384866 0.867103 0.400216 -0.929998 -0.306258 0.203249 -0.504049 0.187334 -0.87068 -0.454777 0.486145 
1533292639011 0.179286 0.933576 -0.310309 -0.611929 -0.952357 0.243799 0.183241 -0.216879 0.246722 0.262673 0.932808 0.380689 0.316258 -0.384857 0.867102 0.400836 -0.929992 -0.306267 0.203261 -0.504368 0.187338 -0.870681 -0.454774 0.485921 
1533292639023 0.179107 0.933595 -0.310356 -0.611753 -0.952248 0.243793 0.183819 -0.216999 0.247275 0.262612 0.932679 0.380589 0.316239 -0.384881 0.867098 0.400855 -0.93 -0.306257 0.203241 -0.504361 0.187331 -0.870674 -0.454789 0.485943 
1533292639039 0.178929 0.933614 -0.310402 -0.611578 -0.952137 0.243787 0.184397 -0.217118 0.247828 0.262552 0.932549 0.38049 0.316214 -0.384899 0.867099 0.400827 -0.930009 -0.306245 0.203216 -0.504329 0.187327 -0.87067 -0.454799 0.48594 
1533292639136 0.178751 0.933633 -0.310449 -0.611402 -0.952027 0.24378 0.184976 -0.217237 0.248381 0.262491 0.932419 0.380391 0.3162 -0.384907 0.867101 0.400798 -0.930014 -0.306239 0.203202 -0.504306 0.187326 -0.870669 -0.454801 0.485922 
1533292639165 0.178572 0.933651 -0.310495 -0.611226 -0.951916 0.243774 0.185554 -0.217357 0.248933 0.26243 0.932289 0.380291 0.316197 -0.384904 0.867103 0.400778 -0.930014 -0.30624 0.2032 -0.504292 0.187329 -0.87067 -0.454799 0.485903 
1533292639219 0.178394 0.93367 -0.31054 -0.611051 -0.951805 0.243767 0.186132 -0.217476 0.249486 0.262369 0.932158 0.380192 0.316201 -0.384895 0.867106 0.400765 -0.930012 -0.306246 0.203202 -0.504277 0.187337 -0.870672 -0.454792 0.485883 
1533292639229 0.178217 0.933689 -0.310587 -0.610887 -0.951693 0.243761 0.186709 -0.217592 0.250037 0.262309 0.932028 0.380095 0.316123 -0.384928 0.86712 0.40068 -0.93004 -0.30621 0.20313 -0.504145 0.18733 -0.87067 -0.454798 0.485852 
1533292639257 0.178945 0.933609 -0.310406 -0.611473 -0.952077 0.243864 0.18461 -0.217235 0.24805 0.262495 0.932506 0.380482 1 0 0 0 0 1 0 0 0 0 1 1.306 
1533292639310 0.178758 0.933637 -0.310431 -0.611251 -0.952042 0.243766 0.184918 -0.217281 0.248319 0.262488 0.932436 0.380428 0.313239 -0.3866 0.867422 0.386189 -0.93126 -0.304042 0.200784 -0.500185 0.18611 -0.870689 -0.455263 0.505382 
1533292639335 0.17857 0.933664 -0.310457 -0.611029 -0.952007 0.243669 0.185227 -0.217328 0.248588 0.262481 0.932366 0.380374 0.316244 -0.384866 0.867103 0.400216 -0.929998 -0.306258 0.203249 -0.504049 0.187334 -0.87068 -0.454777 0.486145 
1533292639391 0.178383 0.933692 -0.310483 -0.610807 -0.951971 0.243572 0.185535 -0.217374 0.248858 0.262475 0.932297 0.380319 0.316258 -0.384857 0.867102 0.400836 -0.929992 -0.306267 0.203261 -0.504368 0.187338 -0.870681 -0.454774 0.485921 
1533292639406 0.178196 0.933719 -0.310508 -0.610585 -0.951936 0.243475 0.185844 -0.21742 0.249127 0.262467 0.932227 0.380265 0.316239 -0.384881 0.867098 0.400855 -0.93 -0.306257 0.203241 -0.504361 0.187331 -0.870674 -0.454789 0.485943 
1533292639508 0.178008 0.933746 -0.310534 -0.610363 -0.951901 0.243378 0.186152 -0.217467 0.249396 0.262461 0.932157 0.380211 0.316214 -0.384899 0.867099 0.400827 -0.930009 -0.306245 0.203216 -0.504329 0.187327 -0.87067 -0.454799 0.48594 
1533292639520 0.177821 0.933773 -0.310559 -0.610141 -0.951865 0.24328 0.186461 -0.217513 0.249665 0.262454 0.932087 0.380157 0.3162 -0.384907 0.867101 0.400798 -0.930014 -0.306239 0.203202 -0.504306 0.187326 -0.870669 -0.454801 0.485922 
1533292639526 0.177634 0.933801 -0.310584 -0.609919 -0.95183 0.243183 0.186769 -0.217559 0.249934 0.262446 0.932017 0.380103 0.316197 -0.384904 0.867103 0.400778 -0.930014 -0.30624 0.2032 -0.504292 0.187329 -0.87067 -0.454799 0.485903 
1533292639540 0.177446 0.933828 -0.310609 -0.609698 -0.951794 0.243086 0.187077 -0.217606 0.250203 0.26244 0.931946 0.380048 0.316201 -0.384895 0.867106 0.400765 -0.930012 -0.306246 0.203202 -0.504277 0.187337 -0.870672 -0.454792 0.485883 
1533292639624 0.17726 0.933855 -0.310633 -0.609492 -0.951758 0.242989 0.187385 -0.217651 0.250471 0.262432 0.931877 0.379995 0.316123 -0.384928 0.86712 0.40068 -0.93004 -0.30621 0.20313 -0.504145 0.18733 -0.87067 -0.454798 0.485852 
1533292639647 0.178082 0.93381 -0.310299 -0.610291 -0.951878 0.243409 0.186225 -0.217485 0.249428 0.262203 0.93222 0.380296 1 0 0 0 0 1 0 0 0 0 1 1.306 
1533292639708 0.177598 0.933746 -0.31077 -0.61003 -0.951867 0.243155 0.186615 -0.21755 0.249817 0.262669 0.931985 0.380299 0.313239 -0.3866 0.867422 0.386189 -0.93126 -0.304042 0.200784 -0.500185 0.18611 -0.870689 -0.455263 0.505382 
1533292639720 0.177116 0.93368 -0.311241 -0.609769 -0.951855 0.242901 0.187006 -0.217614 0.250204 0.263134 0.93175 0.380301 0.316244 -0.384866 0.867103 0.400216 -0.929998 -0.306258 0.203249 -0.504049 0.187334 -0.87068 -0.454777 0.486145 
1533292639736 0.176633 0.933615 -0.311712 -0.609509 -0.951843 0.242649 0.187396 -0.217679 0.250592 0.2636 0.931514 0.380304 0.316258 -0.384857 0.867102 0.400836 -0.929992 -0.306267 0.203261 -0.504368 0.187338 -0.870681 -0.454774 0.485921 
1533292639836 0.17615 0.933549 -0.312183 -0.609248 -0.95183 0.242396 0.187786 -0.217743 0.250979 0.264066 0.931278 0.380307 0.316239 -0.384881 0.867098 0.400855 -0.93 -0.306257 0.203241 -0.504361 0.187331 -0.870674 -0.454789 0.485943 
1533292639861 0.175667 0.933482 -0.312653 -0.608987 -0.951817 0.242144 0.188177 -0.217807 0.251366 0.264532 0.931041 0.380309 0.316214 -0.384899 0.867099 0.400827 -0.930009 -0.306245 0.203216 -0.504329 0.187327 -0.87067 -0.454799 0.48594 
1533292639915 0.175184 0.933416 -0.313122 -0.608726 -0.951804 0.241891 0.188567 -0.217872 0.251753 0.264997 0.930804 0.380312 0.3162 -0.384907 0.867101 0.400798 -0.930014 -0.306239 0.203202 -0.504306 0.187326 -0.870669 -0.454801 0.485922 
1533292639926 0.1747 0.933349 -0.313592 -0.608466 -0.951791 0.241639 0.188958 -0.217937 0.25214 0.265463 0.930567 0.380315 0.316197 -0.384904 0.867103 0.400778 -0.930014 -0.30624 0.2032 -0.504292 0.187329 -0.87067 -0.454799 0.485903 
1533292639943 0.174217 0.933281 -0.314061 -0.608207 -0.951777 0.241387 0.189348 -0.218001 0.252526 0.265929 0.930329 0.380317 0.316201 -0.384895 0.867106 0.400765 -0.930012 -0.306246 0.203202 -0.504277 0.187337 -0.870672 -0.454792 0.485883 
1533292640025 0.173733 0.933214 -0.314527 -0.607969 -0.951763 0.241135 0.189739 -0.218066 0.25291 0.266392 0.930092 0.380317 0.316123 -0.384928 0.86712 0.40068 -0.93004 -0.30621 0.20313 -0.504145 0.18733 -0.87067 -0.454798 0.485852 
1533292640047 0.175453 0.933493 -0.312741 -0.608838 -0.951864 0.241952 0.188184 -0.217794 0.251337 0.26467 0.93101 0.380346 1 0 0 0 0 1 0 0 0 0 1 1.306 
1533292640100 0.175188 0.933547 -0.31273 -0.608649 -0.951907 0.241708 0.188286 -0.217826 0.251362 0.264704 0.930993 0.380302 0.313239 -0.3866 0.867422 0.386189 -0.93126 -0.304042 0.200784 -0.500185 0.18611 -0.870689 -0.455263 0.505382 
1533292640113 0.174923 0.9336 -0.31272 -0.608461 -0.951949 0.241463 0.188387 -0.217858 0.251388 0.26474 0.930976 0.380258 0.316244 -0.384866 0.867103 0.400216 -0.929998 -0.306258 0.203249 -0.504049 0.187334 -0.87068 -0.454777 0.486145 
1533292640130 0.174657 0.933653 -0.312709 -0.608272 -0.951991 0.241218 0.188488 -0.21789 0.251413 0.264775 0.930959 0.380214 0.316258 -0.384857 0.867102 0.400836 -0.929992 -0.306267 0.203261 -0.504368 0.187338 -0.870681 -0.454774 0.485921 
1533292640225 0.174392 0.933706 -0.312698 -0.608083 -0.952033 0.240973 0.188589 -0.217922 0.251438 0.264811 0.930943 0.38017 0.316239 -0.384881 0.867098 0.400855 -0.93 -0.306257 0.203241 -0.504361 0.187331 -0.870674 -0.454789 0.485943 
1533292640236 0.174127 0.933759 -0.312688 -0.607895 -0.952075 0.240729 0.18869 -0.217954 0.251464 0.264847 0.930925 0.380126 0.316214 -0.384899 0.867099 0.400827 -0.930009 -0.306245 0.203216 -0.504329 0.187327 -0.87067 -0.454799 0.48594 
1533292640253 0.173861 0.933812 -0.312677 -0.607706 -0.952116 0.240484 0.188791 -0.217986 0.251489 0.264882 0.930909 0.380082 0.3162 -0.384907 0.867101 0.400798 -0.930014 -0.306239 0.203202 -0.504306 0.187326 -0.870669 -0.454801 0.485922 
1533292640355 0.173595 0.933865 -0.312666 -0.607517 -0.952158 0.240239 0.188892 -0.218018 0.251514 0.264917 0.930892 0.380038 0.316197 -0.384904 0.867103 0.400778 -0.930014 -0.30624 0.2032 -0.504292 0.187329 -0.87067 -0.454799 0.485903 
1533292640366 0.17333 0.933918 -0.312656 -0.607329 -0.9522 0.239994 0.188993 -0.21805 0.251539 0.264953 0.930875 0.379994 0.316201 -0.384895 0.867106 0.400765 -0.930012 -0.306246 0.203202 -0.504277 0.187337 -0.870672 -0.454792 0.485883 
1533292640383 0.173065 0.933971 -0.312644 -0.607154 -0.952242 0.239749 0.189094 -0.218082 0.251564 0.264987 0.930858 0.37995 0.316123 -0.384928 0.86712 0.40068 -0.93004 -0.30621 0.20313 -0.504145 0.18733 -0.87067 -0.454798 0.485852 
1533292640444 0.174244 0.933784 -0.312549 -0.607921 -0.952057 0.240807 0.188679 -0.217874 0.251449 0.264688 0.930974 0.380178 1 0 0 0 0 1 0 0 0 0 1 1.306 
1533292640488 0.173955 0.933866 -0.312466 -0.607769 -0.952041 0.24059 0.189033 -0.217919 0.251708 0.264597 0.93093 0.380105 0.313239 -0.3866 0.867422 0.386189 -0.93126 -0.304042 0.200784 -0.500185 0.18611 -0.870689 -0.455263 0.505382 
1533292640514 0.173664 0.933948 -0.312382 -0.607617 -0.952026 0.240372 0.189389 -0.217964 0.251967 0.264505 0.930886 0.380032 0.316244 -0.384866 0.867103 0.400216 -0.929998 -0.306258 0.203249 -0.504049 0.187334 -0.87068 -0.454777 0.486145 
1533292640565 0.173374 0.93403 -0.312297 -0.607465 -0.95201 0.240154 0.189744 -0.218008 0.252226 0.264414 0.930842 0.379959 0.316258 -0.384857 0.867102 0.400836 -0.929992 -0.306267 0.203261 -0.504368 0.187338 -0.870681 -0.454774 0.485921 
1533292640576 0.173084 0.934112 -0.312213 -0.607313 -0.951994 0.239936 0.190099 -0.218053 0.252485 0.264322 0.930798 0.379886 0.316239 -0.384881 0.867098 0.400855 -0.93 -0.306257 0.203241 -0.504361 0.187331 -0.870674 -0.454789 0.485943 
1533292640593 0.172795 0.934194 -0.312128 -0.607161 -0.951978 0.239718 0.190454 -0.218098 0.252744 0.26423 0.930754 0.379813 0.316214 -0.384899 0.867099 0.400827 -0.930009 -0.306245 0.203216 -0.504329 0.187327 -0.87067 -0.454799 0.48594 
1533292640685 0.172504 0.934276 -0.312044 -0.607008 -0.951962 0.239499 0.190809 -0.218143 0.253003 0.264138 0.93071 0.37974 0.3162 -0.384907 0.867101 0.400798 -0.930014 -0.306239 0.203202 -0.504306 0.187326 -0.870669 -0.454801 0.485922 
1533292640714 0.172214 0.934358 -0.311959 -0.606856 -0.951946 0.239281 0.191164 -0.218188 0.253262 0.264046 0.930665 0.379667 0.316197 -0.384904 0.867103 0.400778 -0.930014 -0.30624 0.2032 -0.504292 0.187329 -0.87067 -0.454799 0.485903 
1533292640768 0.171924 0.934439 -0.311874 -0.606705 -0.951929 0.239063 0.191519 -0.218232 0.253521 0.263955 0.930621 0.379594 0.316201 -0.384895 0.867106 0.400765 -0.930012 -0.306246 0.203202 -0.504277 0.187337 -0.870672 -0.454792 0.485883 
1533292640780 0.171635 0.934521 -0.311789 -0.606562 -0.951913 0.238845 0.191873 -0.218275 0.253779 0.263863 0.930576 0.379523 0.316123 -0.384928 0.86712 0.40068 -0.93004 -0.30621 0.20313 -0.504145 0.18733 -0.87067 -0.454798 0.485852 
1533292640805 0.172388 0.93427 -0.312124 -0.607042 -0.952011 0.239378 0.190719 -0.218092 0.252899 0.264268 0.930701 0.379714 1 0 0 0 0 1 0 0 0 0 1 1.306 
1533292640857 0.172128 0.934387 -0.311919 -0.6069 -0.95205 0.239099 0.190871 -0.218122 0.252927 0.264109 0.930739 0.379624 0.313239 -0.3866 0.867422 0.386189 -0.93126 -0.304042 0.200784 -0.500185 0.18611 -0.870689 -0.455263 0.505382 
1533292640879 0.171867 0.934503 -0.311715 -0.606758 -0.95209 0.238819 0.191024 -0.218151 0.252956 0.26395 0.930776 0.379535 0.316244 -0.384866 0.867103 0.400216 -0.929998 -0.306258 0.203249 -0.504049 0.187334 -0.87068 -0.454777 0.486145 
1533292640932 0.171605 0.934619 -0.311511 -0.606616 -0.952129 0.23854 0.191176 -0.21818 0.252984 0.263792 0.930813 0.379445 0.316258 -0.384857 0.867102 0.400836 -0.929992 -0.306267 0.203261 -0.504368 0.187338 -0.870681 -0.454774 0.485921 
1533292640947 0.171344 0.934735 -0.311306 -0.606474 -0.952169 0.23826 0.191328 -0.21821 0.253013 0.263633 0.93085 0.379356 0.316239 -0.384881 0.867098 0.400855 -0.93 -0.306257 0.203241 -0.504361 0.187331 -0.870674 -0.454789 0.485943 
1533292640960 0.171083 0.934851 -0.311102 -0.606332 -0.952208 0.237981 0.19148 -0.21824 0.253041 0.263475 0.930887 0.379266 0.316214 -0.384899 0.867099 0.400827 -0.930009 -0.306245 0.203216 -0.504329 0.187327 -0.87067 -0.454799 0.48594 
1533292641022 0.170821 0.934967 -0.310898 -0.606189 -0.952248 0.237701 0.191632 -0.218269 0.25307 0.263317 0.930924 0.379176 0.3162 -0.384907 0.867101 0.400798 -0.930014 -0.306239 0.203202 -0.504306 0.187326 -0.870669 -0.454801 0.485922 
1533292641051 0.17056 0.935082 -0.310693 -0.606047 -0.952287 0.237421 0.191784 -0.218299 0.253099 0.263158 0.930961 0.379087 0.316197 -0.384904 0.867103 0.400778 -0.930014 -0.30624 0.2032 -0.504292 0.187329 -0.87067 -0.454799 0.485903 
1533292641092 0.170299 0.935198 -0.310488 -0.605906 -0.952326 0.237141 0.191936 -0.218328 0.253127 0.262999 0.930998 0.378997 0.316201 -0.384895 0.867106 0.400765 -0.930012 -0.306246 0.203202 -0.504277 0.187337 -0.870672 -0.454792 0.485883 
1533292641104 0.170038 0.935313 -0.310284 -0.605771 -0.952365 0.236861 0.192087 -0.218356 0.253156 0.262842 0.931035 0.37891 0.316123 -0.384928 0.86712 0.40068 -0.93004 -0.30621 0.20313 -0.504145 0.18733 -0.87067 -0.454798 0.485852 
1533292641129 0.170806 0.93495 -0.310957 -0.606242 -0.952231 0.237718 0.191694 -0.21821 0.253144 0.26336 0.930892 0.379255 1 0 0 0 0 1 0 0 0 0 1 1.306 
1533292641174 0.17063 0.934959 -0.311025 -0.606104 -0.952279 0.237549 0.191661 -0.218231 0.253079 0.263479 0.930876 0.379257 0.313239 -0.3866 0.867422 0.386189 -0.93126 -0.304042 0.200784 -0.500185 0.18611 -0.870689 -0.455263 0.505382 
1533292641197 0.170455 0.934969 -0.311092 -0.605966 -0.952328 0.23738 0.191629 -0.218252 0.253015 0.263598 0.93086 0.37926 0.316244 -0.384866 0.867103 0.400216 -0.929998 -0.306258 0.203249 -0.504049 0.187334 -0.87068 -0.454777 0.486145 
1533292641248 0.170279 0.934978 -0.31116 -0.605828 -0.952377 0.237211 0.191597 -0.218274 0.25295 0.263717 0.930844 0.379262 0.316258 -0.384857 0.867102 0.400836 -0.929992 -0.306267 0.203261 -0.504368 0.187338 -0.870681 -0.454774 0.485921 
1533292641260 0.170104 0.934988 -0.311228 -0.60569 -0.952425 0.237042 0.191565 -0.218295 0.252885 0.263836 0.930827 0.379264 0.316239 -0.384881 0.867098 0.400855 -0.93 -0.306257 0.203241 -0.504361 0.187331 -0.870674 -0.454789 0.485943 
1533292641276 0.169929 0.934997 -0.311296 -0.605553 -0.952474 0.236874 0.191533 -0.218316 0.252821 0.263955 0.930811 0.379266 0.316214 -0.384899 0.867099 0.400827 -0.930009 -0.306245 0.203216 -0.504329 0.187327 -0.87067 -0.454799 0.48594 
1533292641369 0.169753 0.935006 -0.311364 -0.605415 -0.952522 0.236705 0.191501 -0.218337 0.252756 0.264074 0.930795 0.379269 0.3162 -0.384907 0.867101 0.400798 -0.930014 -0.306239 0.203202 -0.504306 0.187326 -0.870669 -0.454801 0.485922 
1533292641400 0.169578 0.935015 -0.311432 -0.605277 -0.952571 0.236535 0.191469 -0.218358 0.252691 0.264192 0.930779 0.379271 0.316197 -0.384904 0.867103 0.400778 -0.930014 -0.30624 0.2032 -0.504292 0.187329 -0.87067 -0.454799 0.485903 
1533292641449 0.169402 0.935024 -0.3115 -0.60514 -0.952619 0.236367 0.191437 -0.21838 0.252626 0.264311 0.930763 0.379273 0.316201 -0.384895 0.867106 0.400765 -0.930012 -0.306246 0.203202 -0.504277 0.187337 -0.870672 -0.454792 0.485883 
1533292641460 0.169227 0.935034 -0.311567 -0.605013 -0.952667 0.236198 0.191405 -0.218402 0.252561 0.264429 0.930747 0.379274 0.316123 -0.384928 0.86712 0.40068 -0.93004 -0.30621 0.20313 -0.504145 0.18733 -0.87067 -0.454798 0.485852 
1533292641485 0.170003 0.935007 -0.311225 -0.605452 -0.952509 0.236877 0.191351 -0.218374 0.252636 0.263914 0.930873 0.37929 1 0 0 0 0 1 0 0 0 0 1 1.306 
1533292641544 0.169906 0.934966 -0.311401 -0.60534 -0.952512 0.236839 0.191387 -0.218389 0.252692 0.264096 0.930806 0.379322 0.313239 -0.3866 0.867422 0.386189 -0.93126 -0.304042 0.200784 -0.500185 0.18611 -0.870689 -0.455263 0.505382 
1533292641563 0.169809 0.934925 -0.311578 -0.605229 -0.952514 0.236799 0.191425 -0.218403 0.252749 0.264277 0.930739 0.379354 0.316244 -0.384866 0.867103 0.400216 -0.929998 -0.306258 0.203249 -0.504049 0.187334 -0.87068 -0.454777 0.486145 
1533292641605 0.169712 0.934883 -0.311755 -0.605117 -0.952516 0.236759 0.191462 -0.218418 0.252806 0.264458 0.930672 0.379387 0.316258 -0.384857 0.867102 0.400836 -0.929992 -0.306267 0.203261 -0.504368 0.187338 -0.870681 -0.454774 0.485921 
1533292641616 0.169614 0.934842 -0.311932 -0.605006 -0.952519 0.236719 0.1915 -0.218433 0.252862 0.26464 0.930605 0.379419 0.316239 -0.384881 0.867098 0.400855 -0.93 -0.306257 0.203241 -0.504361 0.187331 -0.870674 -0.454789 0.485943 
1533292641635 0.169517 0.934801 -0.312109 -0.604894 -0.952521 0.23668 0.191537 -0.218448 0.252919 0.264821 0.930538 0.379451 0.316214 -0.384899 0.867099 0.400827 -0.930009 -0.306245 0.203216 -0.504329 0.187327 -0.87067 -0.454799 0.48594 
1533292641720 0.169419 0.934759 -0.312285 -0.604782 -0.952523 0.23664 0.191575 -0.218462 0.252975 0.265002 0.930471 0.379483 0.3162 -0.384907 0.867101 0.400798 -0.930014 -0.306239 0.203202 -0.504306 0.187326 -0.870669 -0.454801 0.485922 
1533292641733 0.169322 0.934718 -0.312462 -0.604671 -0.952526 0.2366 0.191612 -0.218477 0.253032 0.265184 0.930404 0.379515 0.316197 -0.384904 0.867103 0.400778 -0.930014 -0.30624 0.2032 -0.504292 0.187329 -0.87067 -0.454799 0.485903 
1533292641849 0.169224 0.934677 -0.312639 -0.60456 -0.952528 0.236561 0.19165 -0.218492 0.253089 0.265365 0.930337 0.379547 0.316201 -0.384895 0.867106 0.400765 -0.930012 -0.306246 0.203202 -0.504277 0.187337 -0.870672 -0.454792 0.485883 
1533292641860 0.169127 0.934636 -0.312814 -0.604459 -0.95253 0.236521 0.191687 -0.218507 0.253145 0.265545 0.930271 0.379578 0.316123 -0.384928 0.86712 0.40068 -0.93004 -0.30621 0.20313 -0.504145 0.18733 -0.87067 -0.454798 0.485852 
1533292641887 0.169445 0.93474 -0.312328 -0.604668 -0.952509 0.236683 0.19159 -0.218495 0.25301 0.265031 0.930454 0.379545 1 0 0 0 0 1 0 0 0 0 1 1.306 
1533292641951 0.169303 0.934736 -0.312418 -0.604581 -0.952448 0.236658 0.191924 -0.218529 0.253335 0.265068 0.930355 0.379534 0.313239 -0.3866 0.867422 0.386189 -0.93126 -0.304042 0.200784 -0.500185 0.18611 -0.870689 -0.455263 0.505382 
1533292641970 0.169161 0.934732 -0.312508 -0.604494 -0.952387 0.236633 0.192258 -0.218564 0.253659 0.265106 0.930256 0.379522 0.316244 -0.384866 0.867103 0.400216 -0.929998 -0.306258 0.203249 -0.504049 0.187334 -0.87068 -0.454777 0.486145 
1533292642017 0.169019 0.934727 -0.312598 -0.604408 -0.952326 0.236608 0.192591 -0.218598 0.253983 0.265144 0.930157 0.379511 0.316258 -0.384857 0.867102 0.400836 -0.929992 -0.306267 0.203261 -0.504368 0.187338 -0.870681 -0.454774 0.485921 
1533292642030 0.168876 0.934723 -0.312688 -0.604321 -0.952265 0.236583 0.192924 -0.218633 0.254307 0.265182 0.930057 0.379499 0.316239 -0.384881 0.867098 0.400855 -0.93 -0.306257 0.203241 -0.504361 0.187331 -0.870674 -0.454789 0.485943 
