1535134890742 0.217874 0.921284 -0.322129 -0.486927 -0.943249 0.283525 0.172905 -0.177889 0.250626 0.266176 0.930772 0.463731 0.16008 -0.304787 0.938871 0.370831 -0.775623 0.549475 0.310623 -0.528794 -0.61056 -0.777934 -0.14844 0.432481 
1535134890755 0.220501 0.922217 -0.317639 -0.50184 -0.943152 0.28462 0.171627 -0.184431 0.248684 0.261738 0.93255 0.454602 0.316225 -0.384867 0.86711 0.400813 -0.930002 -0.30626 0.203228 -0.504337 0.187345 -0.870679 -0.454774 0.485882 
1535134891619 0.223117 0.923127 -0.313137 -0.516754 -0.94305 0.285719 0.170356 -0.190974 0.246729 0.257294 0.934304 0.445471 0.316225 -0.384867 0.86711 0.400813 -0.930002 -0.30626 0.203228 -0.504337 0.187345 -0.870679 -0.454774 0.485882 
1535134892485 0.225723 0.924013 -0.308624 -0.531667 -0.942943 0.286824 0.16909 -0.197518 0.244762 0.252847 0.936034 0.43634 0.316225 -0.384867 0.86711 0.400813 -0.930002 -0.30626 0.203228 -0.504337 0.187345 -0.870679 -0.454774 0.485882 
1535134893345 0.228319 0.924875 -0.304101 -0.54658 -0.94283 0.287934 0.167829 -0.204062 0.242781 0.248397 0.93774 0.427209 0.316225 -0.384867 0.86711 0.400813 -0.930002 -0.30626 0.203228 -0.504337 0.187345 -0.870679 -0.454774 0.485882 
1535134893351 0.230905 0.925712 -0.299567 -0.561491 -0.942711 0.289049 0.166572 -0.210604 0.240788 0.243943 0.939422 0.418078 0.316225 -0.384867 0.86711 0.400813 -0.930002 -0.30626 0.203228 -0.504337 0.187345 -0.870679 -0.454774 0.485882 
1535134894609 0.23348 0.926525 -0.295024 -0.5764 -0.942587 0.290169 0.165321 -0.217146 0.238781 0.239487 0.941079 0.408948 0.316225 -0.384867 0.86711 0.400813 -0.930002 -0.30626 0.203228 -0.504337 0.187345 -0.870679 -0.454774 0.485882 
1535134895511 0.236046 0.927313 -0.290471 -0.591305 -0.942458 0.291295 0.164074 -0.223686 0.236761 0.235028 0.942712 0.399819 0.316225 -0.384867 0.86711 0.400813 -0.930002 -0.30626 0.203228 -0.504337 0.187345 -0.870679 -0.454774 0.485882 
1535134896431 0.238601 0.928076 -0.28591 -0.606203 -0.942323 0.292427 0.162832 -0.230223 0.234728 0.230568 0.94432 0.390691 0.316225 -0.384867 0.86711 0.400813 -0.930002 -0.30626 0.203228 -0.504337 0.187345 -0.870679 -0.454774 0.485882 
1535134897368 0.241323 0.928653 -0.281722 -0.619216 -0.942147 0.29379 0.161391 -0.235838 0.232644 0.226476 0.945825 0.381938 0.316379 -0.384993 0.866998 0.401317 -0.929989 -0.306181 0.203405 -0.505249 0.187149 -0.870651 -0.454908 0.48631 
1535134898292 0.242034 0.928306 -0.282254 -0.618988 -0.94203 0.294498 0.160779 -0.23606 0.232375 0.226978 0.945771 0.382083 0.316379 -0.384993 0.866998 0.401317 -0.929989 -0.306181 0.203405 -0.505249 0.187149 -0.870651 -0.454908 0.48631 
1535134898304 0.242198 0.92843 -0.281705 -0.620692 -0.942031 0.294517 0.160737 -0.236785 0.2322 0.226444 0.945942 0.381118 0.316221 -0.384863 0.867113 0.400796 -0.930002 -0.306262 0.203223 -0.504306 0.187351 -0.87068 -0.45477 0.485868 
1535134898644 0.242363 0.928554 -0.281154 -0.622401 -0.942032 0.294537 0.160696 -0.237512 0.232025 0.225909 0.946113 0.380151 0.31622 -0.384863 0.867113 0.400796 -0.930002 -0.306262 0.203222 -0.504305 0.187351 -0.87068 -0.45477 0.485867 
1535134898986 0.242526 0.928678 -0.280602 -0.624111 -0.942033 0.294557 0.160656 -0.238241 0.231851 0.225373 0.946283 0.379185 0.31622 -0.384863 0.867113 0.400795 -0.930002 -0.306262 0.203222 -0.504305 0.187352 -0.87068 -0.454769 0.485867 
1535134899324 0.24269 0.928802 -0.280051 -0.62582 -0.942034 0.294576 0.160615 -0.238968 0.231676 0.224838 0.946453 0.378218 0.31622 -0.384863 0.867113 0.400795 -0.930002 -0.306262 0.203222 -0.504304 0.187352 -0.87068 -0.454769 0.485867 
1535134899688 0.242854 0.928925 -0.2795 -0.62753 -0.942035 0.294596 0.160575 -0.239696 0.231501 0.224302 0.946623 0.377252 0.31622 -0.384863 0.867113 0.400795 -0.930002 -0.306262 0.203222 -0.504304 0.187351 -0.87068 -0.454769 0.485867 
1535134900026 0.243018 0.929048 -0.278949 -0.629238 -0.942035 0.294616 0.160534 -0.240423 0.231326 0.223767 0.946793 0.376286 0.31622 -0.384863 0.867113 0.400795 -0.930002 -0.306262 0.203222 -0.504304 0.187351 -0.87068 -0.454769 0.485867 
1535134900377 0.243181 0.929171 -0.278397 -0.630948 -0.942036 0.294635 0.160494 -0.241151 0.231151 0.223231 0.946962 0.375319 0.31622 -0.384863 0.867113 0.400795 -0.930002 -0.306262 0.203222 -0.504304 0.187351 -0.87068 -0.454769 0.485867 
1535134900721 0.243345 0.929293 -0.277845 -0.632658 -0.942037 0.294655 0.160453 -0.241879 0.230976 0.222695 0.947131 0.374353 0.31622 -0.384863 0.867113 0.400795 -0.930002 -0.306262 0.203222 -0.504304 0.187351 -0.87068 -0.454769 0.485867 
1535134900727 0.243508 0.929415 -0.277294 -0.634366 -0.942037 0.294675 0.160412 -0.242606 0.230801 0.222159 0.947299 0.373386 0.31622 -0.384863 0.867113 0.400795 -0.930002 -0.306262 0.203222 -0.504304 0.187351 -0.87068 -0.454769 0.485867 
1535134901226 0.24407 0.929113 -0.277811 -0.634143 -0.941877 0.295317 0.160176 -0.242782 0.230864 0.22257 0.947188 0.373472 0.31622 -0.384863 0.867113 0.400795 -0.930002 -0.306262 0.203222 -0.504304 0.187351 -0.87068 -0.454769 0.485867 
1535134901236 0.243589 0.928978 -0.278683 -0.634302 -0.941868 0.295136 0.160561 -0.242937 0.231407 0.223372 0.946866 0.373376 0.31622 -0.384863 0.867113 0.400795 -0.930002 -0.306262 0.203222 -0.504304 0.187351 -0.87068 -0.454769 0.485867 
1535134901372 0.243108 0.928842 -0.279554 -0.634466 -0.941859 0.294955 0.160947 -0.243093 0.23195 0.224173 0.946544 0.37328 0.31622 -0.384863 0.867113 0.400795 -0.930002 -0.306262 0.203222 -0.504304 0.187351 -0.87068 -0.454769 0.485867 
1535134901395 0.242625 0.928706 -0.280424 -0.634632 -0.941849 0.294774 0.161333 -0.243251 0.232492 0.224974 0.946221 0.373183 0.31622 -0.384863 0.867113 0.400795 -0.930002 -0.306262 0.203222 -0.504304 0.187351 -0.87068 -0.454769 0.485867 
1535134901521 0.242143 0.928569 -0.281293 -0.634796 -0.94184 0.294593 0.161719 -0.243407 0.233034 0.225774 0.945897 0.373086 0.31622 -0.384863 0.867113 0.400795 -0.930002 -0.306262 0.203222 -0.504304 0.187351 -0.87068 -0.454769 0.485867 
1535134901593 0.24166 0.928431 -0.282163 -0.63496 -0.94183 0.294413 0.162105 -0.243564 0.233576 0.226575 0.945572 0.37299 0.31622 -0.384863 0.867113 0.400795 -0.930002 -0.306262 0.203222 -0.504304 0.187351 -0.87068 -0.454769 0.485867 
1535134901686 0.241176 0.928293 -0.283031 -0.635125 -0.941819 0.294233 0.162491 -0.243721 0.234116 0.227376 0.945246 0.372893 0.31622 -0.384863 0.867113 0.400795 -0.930002 -0.306262 0.203222 -0.504304 0.187351 -0.87068 -0.454769 0.485867 
1535134901741 0.240692 0.928153 -0.2839 -0.635289 -0.941809 0.294053 0.162877 -0.243878 0.234657 0.228176 0.944919 0.372796 0.31622 -0.384863 0.867113 0.400795 -0.930002 -0.306262 0.203222 -0.504304 0.187351 -0.87068 -0.454769 0.485867 
1535134901844 0.240207 0.928013 -0.284768 -0.635454 -0.941798 0.293874 0.163264 -0.244035 0.235197 0.228977 0.944591 0.372699 0.31622 -0.384863 0.867113 0.400795 -0.930002 -0.306262 0.203222 -0.504304 0.187351 -0.87068 -0.454769 0.485867 
1535134901897 0.239721 0.927872 -0.285635 -0.635618 -0.941787 0.293695 0.163651 -0.244191 0.235736 0.229777 0.944262 0.372603 0.31622 -0.384863 0.867113 0.400795 -0.930002 -0.306262 0.203222 -0.504304 0.187351 -0.87068 -0.454769 0.485867 
1535134902013 0.240263 0.928027 -0.284675 -0.635461 -0.941816 0.29388 0.163149 -0.243985 0.235067 0.228913 0.944639 0.372664 0.31622 -0.384863 0.867113 0.400795 -0.930002 -0.306262 0.203222 -0.504304 0.187351 -0.87068 -0.454769 0.485867 
1535134902026 0.23966 0.928269 -0.284393 -0.635504 -0.942036 0.293189 0.163122 -0.244076 0.234803 0.228814 0.944728 0.372745 0.31622 -0.384863 0.867113 0.400795 -0.930002 -0.306262 0.203222 -0.504304 0.187351 -0.87068 -0.45477 0.485867 
1535134902043 0.239055 0.928512 -0.284109 -0.635551 -0.942255 0.292498 0.163096 -0.24417 0.234538 0.228715 0.944818 0.372825 0.31622 -0.384863 0.867113 0.400795 -0.930002 -0.306262 0.203222 -0.504304 0.187351 -0.87068 -0.45477 0.485867 
1535134902050 0.238451 0.928754 -0.283826 -0.635599 -0.942474 0.291807 0.163069 -0.244264 0.234273 0.228614 0.944908 0.372904 0.31622 -0.384863 0.867113 0.400795 -0.930002 -0.306262 0.203222 -0.504304 0.187351 -0.87068 -0.45477 0.485867 
1535134902220 0.237846 0.928996 -0.283542 -0.635647 -0.942693 0.291115 0.163041 -0.244357 0.234008 0.228514 0.944998 0.372984 0.31622 -0.384863 0.867113 0.400795 -0.930002 -0.306262 0.203222 -0.504304 0.187351 -0.87068 -0.45477 0.485867 
1535134902292 0.237241 0.929237 -0.283259 -0.635694 -0.942911 0.290423 0.163014 -0.24445 0.233743 0.228414 0.945088 0.373064 0.31622 -0.384863 0.867113 0.400795 -0.930002 -0.306262 0.203222 -0.504304 0.187351 -0.87068 -0.45477 0.485867 
1535134902401 0.236636 0.929478 -0.282975 -0.635742 -0.943128 0.289731 0.162986 -0.244544 0.233479 0.228313 0.945178 0.373143 0.31622 -0.384863 0.867113 0.400795 -0.930002 -0.306262 0.203222 -0.504304 0.187351 -0.87068 -0.45477 0.485867 
1535134902489 0.23603 0.929718 -0.282691 -0.63579 -0.943346 0.289039 0.162958 -0.244638 0.233214 0.228212 0.945267 0.373223 0.31622 -0.384863 0.867113 0.400795 -0.930002 -0.306262 0.203222 -0.504304 0.187351 -0.87068 -0.45477 0.485867 
1535134902590 0.235425 0.929958 -0.282408 -0.635838 -0.943562 0.288347 0.16293 -0.244731 0.232949 0.228112 0.945357 0.373303 0.31622 -0.384863 0.867113 0.400795 -0.930002 -0.306262 0.203222 -0.504304 0.187351 -0.87068 -0.45477 0.485867 
1535134902663 0.234819 0.930197 -0.282124 -0.635885 -0.943778 0.287655 0.162902 -0.244825 0.232685 0.22801 0.945446 0.373382 0.31622 -0.384863 0.867113 0.400795 -0.930002 -0.306262 0.203222 -0.504304 0.187351 -0.87068 -0.45477 0.485867 
1535134902782 0.235302 0.929958 -0.282509 -0.635837 -0.94358 0.28826 0.16298 -0.244668 0.233 0.228221 0.945318 0.373221 0.31622 -0.384863 0.867113 0.400795 -0.930002 -0.306262 0.203222 -0.504304 0.187351 -0.87068 -0.45477 0.485867 
1535134902794 0.235105 0.930068 -0.282311 -0.635847 -0.943753 0.287916 0.162589 -0.244729 0.232501 0.228206 0.945445 0.373272 0.31622 -0.384863 0.867113 0.400795 -0.930002 -0.306262 0.203222 -0.504304 0.187351 -0.87068 -0.45477 0.485867 
1535134902811 0.234908 0.930179 -0.28211 -0.635862 -0.943925 0.287572 0.162199 -0.244791 0.232001 0.228189 0.945571 0.373322 0.31622 -0.384863 0.867113 0.400795 -0.930002 -0.306262 0.203222 -0.504304 0.187351 -0.87068 -0.45477 0.485867 
1535134902827 0.234711 0.930289 -0.28191 -0.635876 -0.944096 0.287228 0.161809 -0.244854 0.231502 0.228172 0.945698 0.373372 0.31622 -0.384863 0.867113 0.400795 -0.930002 -0.306262 0.203222 -0.504304 0.187351 -0.87068 -0.45477 0.485867 
1535134902844 0.234514 0.930399 -0.281709 -0.635891 -0.944268 0.286884 0.161419 -0.244917 0.231002 0.228154 0.945824 0.373422 0.31622 -0.384863 0.867113 0.400795 -0.930002 -0.306262 0.203222 -0.504304 0.187351 -0.87068 -0.45477 0.485867 
1535134902861 0.234316 0.93051 -0.281509 -0.635907 -0.944439 0.28654 0.161029 -0.24498 0.230503 0.228136 0.945951 0.373472 0.31622 -0.384863 0.867113 0.400795 -0.930002 -0.306262 0.203222 -0.504304 0.187351 -0.87068 -0.45477 0.485867 
1535134902919 0.234119 0.93062 -0.281309 -0.635922 -0.944609 0.286196 0.160639 -0.245043 0.230003 0.228118 0.946076 0.373522 0.31622 -0.384863 0.867113 0.400795 -0.930002 -0.306262 0.203222 -0.504304 0.187351 -0.87068 -0.45477 0.485867 
1535134902988 0.233921 0.93073 -0.281109 -0.635937 -0.94478 0.285852 0.160248 -0.245106 0.229503 0.2281 0.946202 0.373572 0.31622 -0.384863 0.867113 0.400795 -0.930002 -0.306262 0.203222 -0.504304 0.187351 -0.87068 -0.45477 0.485867 
1535134903012 0.233723 0.93084 -0.280908 -0.635952 -0.94495 0.285508 0.159857 -0.245169 0.229003 0.228082 0.946328 0.373622 0.31622 -0.384863 0.867113 0.400795 -0.930002 -0.306262 0.203222 -0.504304 0.187351 -0.87068 -0.45477 0.485867 
1535134903028 0.233526 0.93095 -0.280708 -0.635967 -0.94512 0.285164 0.159467 -0.245232 0.228504 0.228064 0.946453 0.373672 0.31622 -0.384863 0.867113 0.400795 -0.930002 -0.306262 0.203222 -0.504304 0.187351 -0.87068 -0.45477 0.485867 
1535134903078 0.234208 0.930592 -0.281328 -0.635905 -0.944602 0.28627 0.160551 -0.245082 0.229944 0.22814 0.946086 0.3735 0.31622 -0.384863 0.867113 0.400795 -0.930002 -0.306262 0.203222 -0.504304 0.187351 -0.87068 -0.45477 0.485867 
1535134903089 0.23445 0.930543 -0.281289 -0.635867 -0.94454 0.286497 0.160512 -0.245104 0.229951 0.228057 0.946104 0.37353 0.31622 -0.384863 0.867113 0.400795 -0.930002 -0.306262 0.203222 -0.504304 0.187351 -0.87068 -0.45477 0.485867 
1535134903106 0.234692 0.930493 -0.281252 -0.635825 -0.944478 0.286724 0.160472 -0.245124 0.22996 0.227975 0.946122 0.373562 0.31622 -0.384863 0.867113 0.400795 -0.930002 -0.306262 0.203222 -0.504304 0.187351 -0.87068 -0.45477 0.485867 
1535134903123 0.234935 0.930443 -0.281215 -0.635782 -0.944415 0.286952 0.160432 -0.245143 0.229968 0.227893 0.946139 0.373594 0.31622 -0.384863 0.867113 0.400795 -0.930002 -0.306262 0.203222 -0.504304 0.187351 -0.87068 -0.45477 0.485867 
1535134903261 0.235177 0.930393 -0.281178 -0.635739 -0.944353 0.287179 0.160392 -0.245163 0.229976 0.227811 0.946157 0.373625 0.31622 -0.384863 0.867113 0.400795 -0.930002 -0.306262 0.203222 -0.504304 0.187351 -0.87068 -0.45477 0.485867 
1535134903277 0.235419 0.930343 -0.281141 -0.635698 -0.944291 0.287406 0.160353 -0.245183 0.229985 0.227729 0.946175 0.373656 0.31622 -0.384863 0.867113 0.400795 -0.930002 -0.306262 0.203222 -0.504304 0.187351 -0.87068 -0.45477 0.485867 
1535134903294 0.235662 0.930292 -0.281104 -0.635654 -0.944228 0.287633 0.160313 -0.245203 0.229993 0.227647 0.946192 0.373688 0.31622 -0.384863 0.867113 0.400795 -0.930002 -0.306262 0.203222 -0.504304 0.187351 -0.87068 -0.45477 0.485867 
1535134903311 0.235904 0.930242 -0.281067 -0.635613 -0.944166 0.287861 0.160274 -0.245223 0.230001 0.227565 0.94621 0.373719 0.31622 -0.384863 0.867113 0.400795 -0.930002 -0.306262 0.203222 -0.504304 0.187351 -0.87068 -0.45477 0.485867 
1535134903342 0.236146 0.930192 -0.28103 -0.635569 -0.944103 0.288088 0.160234 -0.245242 0.23001 0.227483 0.946228 0.373751 0.31622 -0.384863 0.867113 0.400795 -0.930002 -0.306262 0.203222 -0.504304 0.187351 -0.87068 -0.45477 0.485867 
1535134903388 0.236389 0.930142 -0.280993 -0.635527 -0.94404 0.288315 0.160194 -0.245262 0.230018 0.227401 0.946246 0.373782 0.31622 -0.384863 0.867113 0.400795 -0.930002 -0.306262 0.203222 -0.504304 0.187351 -0.87068 -0.45477 0.485867 
1535134903433 0.235482 0.930313 -0.281186 -0.635695 -0.944232 0.287516 0.160498 -0.245188 0.230159 0.227711 0.946137 0.373646 0.31622 -0.384863 0.867113 0.400795 -0.930002 -0.306262 0.203222 -0.504304 0.187351 -0.87068 -0.45477 0.485867 
1535134903446 0.236096 0.930192 -0.281071 -0.635494 -0.94406 0.288102 0.160464 -0.245121 0.230239 0.227463 0.946177 0.373729 0.31622 -0.384863 0.867113 0.400795 -0.930002 -0.306262 0.203222 -0.504304 0.187351 -0.87068 -0.45477 0.485867 
1535134903462 0.23671 0.930071 -0.280957 -0.635287 -0.943886 0.288689 0.160429 -0.245051 0.23032 0.227216 0.946216 0.373814 0.31622 -0.384863 0.867113 0.400795 -0.930002 -0.306262 0.203222 -0.504304 0.187351 -0.87068 -0.45477 0.485867 
1535134903577 0.237325 0.929949 -0.280843 -0.635081 -0.943712 0.289276 0.160395 -0.244981 0.2304 0.226969 0.946256 0.373899 0.31622 -0.384863 0.867113 0.400795 -0.930002 -0.306262 0.203222 -0.504304 0.187351 -0.87068 -0.45477 0.485867 
1535134903674 0.237939 0.929826 -0.280729 -0.634874 -0.943538 0.289863 0.160361 -0.244911 0.23048 0.226722 0.946296 0.373983 0.31622 -0.384863 0.867113 0.400795 -0.930002 -0.306262 0.203222 -0.504304 0.187351 -0.87068 -0.45477 0.485867 
1535134903766 0.238553 0.929703 -0.280615 -0.634667 -0.943363 0.29045 0.160326 -0.244841 0.23056 0.226475 0.946336 0.374068 0.31622 -0.384863 0.867113 0.400795 -0.930002 -0.306262 0.203222 -0.504304 0.187351 -0.87068 -0.45477 0.485867 
1535134903853 0.239167 0.92958 -0.2805 -0.634462 -0.943188 0.291036 0.160292 -0.244772 0.23064 0.226228 0.946375 0.374152 0.31622 -0.384863 0.867113 0.400795 -0.930002 -0.306262 0.203222 -0.504304 0.187351 -0.87068 -0.45477 0.485867 
1535134903953 0.239781 0.929456 -0.280386 -0.634254 -0.943013 0.291623 0.160258 -0.244702 0.23072 0.225981 0.946415 0.374237 0.31622 -0.384863 0.867113 0.400795 -0.930002 -0.306262 0.203222 -0.504304 0.187351 -0.87068 -0.45477 0.485867 
1535134904036 0.240395 0.929332 -0.280272 -0.634049 -0.942837 0.292209 0.160224 -0.244632 0.230799 0.225734 0.946454 0.374322 0.31622 -0.384863 0.867113 0.400795 -0.930002 -0.306262 0.203222 -0.504304 0.187351 -0.87068 -0.45477 0.485867 
1535134904140 0.241008 0.929208 -0.280158 -0.633841 -0.942661 0.292795 0.16019 -0.244562 0.230879 0.225487 0.946494 0.374407 0.31622 -0.384863 0.867113 0.400795 -0.930002 -0.306262 0.203222 -0.504304 0.187351 -0.87068 -0.45477 0.485867 
1535134904249 0.240362 0.929328 -0.280312 -0.634054 -0.942847 0.292184 0.160215 -0.244625 0.230795 0.225782 0.946444 0.374351 0.31622 -0.384863 0.867113 0.400795 -0.930002 -0.306262 0.203222 -0.504304 0.187351 -0.87068 -0.45477 0.485867 
1535134904261 0.240617 0.929348 -0.280028 -0.633728 -0.942842 0.29232 0.159994 -0.244522 0.230548 0.225525 0.946565 0.374481 0.31622 -0.384863 0.867113 0.400795 -0.930002 -0.306262 0.203222 -0.504304 0.187351 -0.87068 -0.45477 0.485867 
1535134904279 0.240873 0.929367 -0.279745 -0.633395 -0.942837 0.292457 0.159772 -0.244417 0.2303 0.225269 0.946687 0.374613 0.31622 -0.384863 0.867113 0.400795 -0.930002 -0.306262 0.203222 -0.504304 0.187351 -0.87068 -0.45477 0.485867 
1535134904448 0.241129 0.929386 -0.279461 -0.633063 -0.942832 0.292593 0.159551 -0.244311 0.230053 0.225012 0.946808 0.374744 0.31622 -0.384863 0.867113 0.400795 -0.930002 -0.306262 0.203222 -0.504304 0.187351 -0.87068 -0.45477 0.485867 
1535134904454 0.241385 0.929405 -0.279177 -0.632731 -0.942827 0.29273 0.15933 -0.244206 0.229805 0.224756 0.946929 0.374875 0.31622 -0.384863 0.867113 0.400795 -0.930002 -0.306262 0.203222 -0.504304 0.187351 -0.87068 -0.45477 0.485867 
1535134904651 0.24164 0.929424 -0.278893 -0.632399 -0.942822 0.292867 0.159108 -0.244101 0.229557 0.224499 0.94705 0.375007 0.31622 -0.384863 0.867113 0.400795 -0.930002 -0.306262 0.203222 -0.504304 0.187351 -0.87068 -0.45477 0.485867 
1535134904796 0.241896 0.929443 -0.278608 -0.632068 -0.942817 0.293004 0.158887 -0.243996 0.22931 0.224242 0.947171 0.375138 0.31622 -0.384863 0.867113 0.400795 -0.930002 -0.306262 0.203222 -0.504304 0.187351 -0.87068 -0.45477 0.485867 
1535134904802 0.242151 0.929461 -0.278324 -0.631735 -0.942812 0.293141 0.158666 -0.24389 0.229062 0.223986 0.947291 0.375269 0.31622 -0.384863 0.867113 0.400795 -0.930002 -0.306262 0.203222 -0.504304 0.187351 -0.87068 -0.45477 0.485867 
1535134905007 0.242406 0.92948 -0.27804 -0.631404 -0.942806 0.293278 0.158444 -0.243785 0.228814 0.22373 0.947412 0.3754 0.31622 -0.384863 0.867113 0.400795 -0.930002 -0.306262 0.203222 -0.504304 0.187351 -0.87068 -0.45477 0.485867 
1535134905150 0.242662 0.929498 -0.277755 -0.631073 -0.942801 0.293415 0.158223 -0.24368 0.228566 0.223473 0.947532 0.375532 0.31622 -0.384863 0.867113 0.400795 -0.930002 -0.306262 0.203222 -0.504304 0.187351 -0.87068 -0.45477 0.485867 
1535134905309 0.242544 0.92945 -0.278019 -0.631302 -0.942803 0.293375 0.158284 -0.243779 0.228681 0.223726 0.947445 0.375376 0.31622 -0.384863 0.867113 0.400795 -0.930002 -0.306262 0.203222 -0.504304 0.187351 -0.87068 -0.45477 0.485867 
1535134905323 0.242496 0.92939 -0.278264 -0.630856 -0.942732 0.293452 0.158563 -0.243601 0.229023 0.223877 0.947326 0.375558 0.31622 -0.384863 0.867113 0.400795 -0.930002 -0.306262 0.203222 -0.504304 0.187351 -0.87068 -0.45477 0.485867 
1535134905477 0.242447 0.929329 -0.278509 -0.630405 -0.942661 0.293528 0.158842 -0.243421 0.229366 0.22403 0.947207 0.37574 0.31622 -0.384863 0.867113 0.400795 -0.930002 -0.306262 0.203222 -0.504304 0.187351 -0.87068 -0.45477 0.485867 
1535134905665 0.242398 0.929268 -0.278755 -0.629954 -0.942591 0.293605 0.15912 -0.243241 0.229709 0.224182 0.947088 0.375922 0.31622 -0.384863 0.867113 0.400795 -0.930002 -0.306262 0.203222 -0.504304 0.187351 -0.87068 -0.45477 0.485867 
1535134905840 0.242348 0.929207 -0.279001 -0.629503 -0.94252 0.293681 0.159399 -0.243061 0.230052 0.224334 0.946969 0.376105 0.31622 -0.384863 0.867113 0.400795 -0.930002 -0.306262 0.203222 -0.504304 0.187351 -0.87068 -0.45477 0.485867 
1535134906014 0.242299 0.929146 -0.279247 -0.629052 -0.942449 0.293758 0.159678 -0.242881 0.230395 0.224486 0.94685 0.376288 0.31622 -0.384863 0.867113 0.400795 -0.930002 -0.306262 0.203222 -0.504304 0.187351 -0.87068 -0.45477 0.485867 
1535134906190 0.24225 0.929085 -0.279493 -0.628602 -0.942377 0.293835 0.159957 -0.242701 0.230738 0.224638 0.94673 0.37647 0.31622 -0.384863 0.867113 0.400795 -0.930002 -0.306262 0.203222 -0.504304 0.187351 -0.87068 -0.45477 0.485867 
1535134906367 0.2422 0.929024 -0.279739 -0.62815 -0.942306 0.293912 0.160235 -0.242521 0.231081 0.22479 0.94661 0.376653 0.31622 -0.384863 0.867113 0.400795 -0.930002 -0.306262 0.203222 -0.504304 0.187351 -0.87068 -0.45477 0.485867 
1535134906545 0.242151 0.928963 -0.279984 -0.627699 -0.942235 0.293988 0.160514 -0.242341 0.231424 0.224942 0.94649 0.376835 0.31622 -0.384863 0.867113 0.400795 -0.930002 -0.306262 0.203222 -0.504304 0.187351 -0.87068 -0.45477 0.485867 
1535134906552 0.242101 0.928902 -0.28023 -0.627247 -0.942163 0.294065 0.160793 -0.24216 0.231766 0.225094 0.94637 0.377018 0.31622 -0.384863 0.867113 0.400795 -0.930002 -0.306262 0.203222 -0.504304 0.187351 -0.87068 -0.45477 0.485867 
1535134906810 0.241798 0.929075 -0.279915 -0.62748 -0.942271 0.293691 0.160841 -0.242102 0.231642 0.224865 0.946455 0.377022 0.31622 -0.384863 0.867113 0.400795 -0.930002 -0.306262 0.203222 -0.504304 0.187351 -0.87068 -0.45477 0.485867 
1535134906821 0.24188 0.929043 -0.279953 -0.62708 -0.942142 0.293882 0.161253 -0.241953 0.232084 0.224751 0.946374 0.377124 0.31622 -0.384863 0.867113 0.400795 -0.930002 -0.306262 0.203222 -0.504304 0.187351 -0.87068 -0.45477 0.485867 
1535134906838 0.241962 0.92901 -0.279991 -0.626677 -0.942012 0.294072 0.161665 -0.241802 0.232526 0.224638 0.946293 0.377226 0.31622 -0.384863 0.867113 0.400795 -0.930002 -0.306262 0.203222 -0.504304 0.187351 -0.87068 -0.45477 0.485867 
1535134907028 0.242043 0.928977 -0.280029 -0.626273 -0.941882 0.294261 0.162078 -0.241651 0.232968 0.224524 0.946211 0.377328 0.31622 -0.384863 0.867113 0.400795 -0.930002 -0.306262 0.203222 -0.504304 0.187351 -0.87068 -0.45477 0.485867 
1535134907034 0.242124 0.928945 -0.280067 -0.625869 -0.941751 0.294451 0.16249 -0.2415 0.23341 0.224411 0.946129 0.377431 0.31622 -0.384863 0.867113 0.400795 -0.930002 -0.306262 0.203222 -0.504304 0.187351 -0.87068 -0.45477 0.485867 
1535134907250 0.242206 0.928912 -0.280105 -0.625464 -0.941621 0.294641 0.162902 -0.241349 0.233852 0.224297 0.946047 0.377534 0.31622 -0.384863 0.867113 0.400795 -0.930002 -0.306262 0.203222 -0.504304 0.187351 -0.87068 -0.45477 0.485867 
1535134907406 0.242287 0.928879 -0.280143 -0.625061 -0.94149 0.29483 0.163314 -0.241198 0.234294 0.224183 0.945964 0.377636 0.31622 -0.384863 0.867113 0.400795 -0.930002 -0.306262 0.203222 -0.504304 0.187351 -0.87068 -0.45477 0.485867 
1535134907412 0.242368 0.928847 -0.280181 -0.624656 -0.941359 0.29502 0.163726 -0.241047 0.234735 0.224069 0.945882 0.377739 0.31622 -0.384863 0.867113 0.400795 -0.930002 -0.306262 0.203222 -0.504304 0.187351 -0.87068 -0.45477 0.485867 
1535134907629 0.242449 0.928814 -0.280219 -0.624252 -0.941228 0.29521 0.164138 -0.240896 0.235177 0.223955 0.945799 0.377841 0.31622 -0.384863 0.867113 0.400795 -0.930002 -0.306262 0.203222 -0.504304 0.187351 -0.87068 -0.45477 0.485867 
1535134907794 0.242531 0.928781 -0.280258 -0.623847 -0.941097 0.295399 0.16455 -0.240744 0.235619 0.223841 0.945716 0.377944 0.31622 -0.384863 0.867113 0.400795 -0.930002 -0.306262 0.203222 -0.504304 0.187351 -0.87068 -0.45477 0.485867 
1535134907975 0.242402 0.928787 -0.280349 -0.624101 -0.941178 0.295246 0.164357 -0.240801 0.235425 0.224018 0.945723 0.377868 0.31622 -0.384863 0.867113 0.400795 -0.930002 -0.306262 0.203222 -0.504304 0.187351 -0.87068 -0.45477 0.485867 
1535134907988 0.242359 0.928706 -0.280654 -0.623786 -0.941108 0.295336 0.164595 -0.24071 0.235747 0.224234 0.945591 0.377996 0.31622 -0.384863 0.867113 0.400795 -0.930002 -0.306262 0.203222 -0.504304 0.187351 -0.87068 -0.45477 0.485867 
1535134907995 0.242317 0.928625 -0.28096 -0.623466 -0.941039 0.295427 0.164832 -0.240617 0.23607 0.224453 0.945459 0.378126 0.31622 -0.384863 0.867113 0.400795 -0.930002 -0.306262 0.203222 -0.504304 0.187351 -0.87068 -0.45477 0.485867 
1535134908215 0.242275 0.928543 -0.281267 -0.623145 -0.940968 0.295518 0.165068 -0.240523 0.236392 0.224671 0.945326 0.378255 0.31622 -0.384863 0.867113 0.400795 -0.930002 -0.306262 0.203222 -0.504304 0.187351 -0.87068 -0.45477 0.485867 
1535134908367 0.242232 0.928461 -0.281573 -0.622824 -0.940898 0.295609 0.165305 -0.240429 0.236715 0.22489 0.945194 0.378384 0.31622 -0.384863 0.867113 0.400795 -0.930002 -0.306262 0.203222 -0.504304 0.187351 -0.87068 -0.45477 0.485867 
1535134908522 0.242189 0.928379 -0.281879 -0.622505 -0.940828 0.2957 0.165542 -0.240337 0.237037 0.225108 0.945061 0.378513 0.31622 -0.384863 0.867113 0.400795 -0.930002 -0.306262 0.203222 -0.504304 0.187351 -0.87068 -0.45477 0.485867 
1535134908673 0.242147 0.928297 -0.282186 -0.622184 -0.940758 0.295791 0.165778 -0.240243 0.237359 0.225326 0.944928 0.378643 0.31622 -0.384863 0.867113 0.400795 -0.930002 -0.306262 0.203222 -0.504304 0.187351 -0.87068 -0.45477 0.485867 
1535134908820 0.242104 0.928215 -0.282492 -0.621865 -0.940688 0.295882 0.166015 -0.24015 0.237682 0.225544 0.944795 0.378772 0.31622 -0.384863 0.867113 0.400795 -0.930002 -0.306262 0.203222 -0.504304 0.187351 -0.87068 -0.45477 0.485867 
1535134908950 0.242061 0.928133 -0.282799 -0.621544 -0.940617 0.295973 0.166251 -0.240056 0.238004 0.225762 0.944662 0.378902 0.31622 -0.384863 0.867113 0.400795 -0.930002 -0.306262 0.203222 -0.504304 0.187351 -0.87068 -0.45477 0.485867 
1535134909089 0.242018 0.928051 -0.283105 -0.621224 -0.940547 0.296064 0.166487 -0.239963 0.238326 0.22598 0.944528 0.379031 0.31622 -0.384863 0.867113 0.400795 -0.930002 -0.306262 0.203222 -0.504304 0.187351 -0.87068 -0.45477 0.485867 
1535134909247 0.2422 0.928071 -0.282883 -0.621398 -0.940555 0.296146 0.166295 -0.240121 0.238108 0.225791 0.944628 0.378981 0.31622 -0.384863 0.867113 0.400795 -0.930002 -0.306262 0.203222 -0.504304 0.187351 -0.87068 -0.45477 0.485867 
1535134909259 0.24216 0.927988 -0.283192 -0.621161 -0.940523 0.296203 0.166372 -0.240019 0.238273 0.22606 0.944523 0.379036 0.31622 -0.384863 0.867113 0.400795 -0.930002 -0.306262 0.203222 -0.504304 0.187351 -0.87068 -0.45477 0.485867 
1535134909276 0.242121 0.927904 -0.2835 -0.62092 -0.940492 0.29626 0.166449 -0.239914 0.238439 0.226329 0.944416 0.379092 0.31622 -0.384863 0.867113 0.400795 -0.930002 -0.306262 0.203222 -0.504304 0.187351 -0.87068 -0.45477 0.485867 
1535134909420 0.242081 0.92782 -0.283809 -0.62068 -0.94046 0.296318 0.166527 -0.23981 0.238604 0.226598 0.94431 0.379147 0.31622 -0.384863 0.867113 0.400795 -0.930002 -0.306262 0.203222 -0.504304 0.187351 -0.87068 -0.45477 0.485867 
1535134909538 0.242042 0.927735 -0.284117 -0.620439 -0.940428 0.296375 0.166604 -0.239706 0.23877 0.226867 0.944204 0.379203 0.31622 -0.384863 0.867113 0.400795 -0.930002 -0.306262 0.203222 -0.504304 0.187351 -0.87068 -0.45477 0.485867 
1535134909646 0.242002 0.927651 -0.284425 -0.620199 -0.940396 0.296433 0.166681 -0.239602 0.238935 0.227135 0.944097 0.379258 0.31622 -0.384863 0.867113 0.400795 -0.930002 -0.306262 0.203222 -0.504304 0.187351 -0.87068 -0.45477 0.485867 
1535134909754 0.241963 0.927567 -0.284734 -0.619957 -0.940364 0.296491 0.166758 -0.239497 0.2391 0.227404 0.943991 0.379314 0.31622 -0.384863 0.867113 0.400795 -0.930002 -0.306262 0.203222 -0.504304 0.187351 -0.87068 -0.45477 0.485867 
1535134909868 0.241923 0.927483 -0.285042 -0.619717 -0.940332 0.296548 0.166835 -0.239393 0.239266 0.227673 0.943884 0.37937 0.31622 -0.384863 0.867113 0.400795 -0.930002 -0.306262 0.203222 -0.504304 0.187351 -0.87068 -0.45477 0.485867 
1535134909986 0.241883 0.927398 -0.285351 -0.619475 -0.940301 0.296606 0.166912 -0.239288 0.239431 0.227942 0.943777 0.379426 0.31622 -0.384863 0.867113 0.400795 -0.930002 -0.306262 0.203222 -0.504304 0.187351 -0.87068 -0.45477 0.485867 
1535134910100 0.241844 0.927314 -0.285659 -0.619234 -0.940269 0.296663 0.166989 -0.239184 0.239596 0.228211 0.94367 0.379481 0.31622 -0.384863 0.867113 0.400795 -0.930002 -0.306262 0.203222 -0.504304 0.187351 -0.87068 -0.45477 0.485867 
1535134910231 0.2419 0.92735 -0.285494 -0.619425 -0.940281 0.296662 0.166923 -0.23932 0.239491 0.228066 0.943732 0.379426 0.31622 -0.384863 0.867113 0.400795 -0.930002 -0.306262 0.203222 -0.504304 0.187351 -0.87068 -0.45477 0.485867 
1535134910240 0.241976 0.927329 -0.285496 -0.619222 -0.940194 0.2968 0.167169 -0.239241 0.239756 0.227971 0.943688 0.37946 0.31622 -0.384863 0.867113 0.400795 -0.930002 -0.306262 0.203222 -0.504304 0.187351 -0.87068 -0.45477 0.485867 
1535134910257 0.242053 0.927308 -0.285499 -0.619014 -0.940107 0.296937 0.167415 -0.239159 0.24002 0.227876 0.943643 0.379495 0.31622 -0.384863 0.867113 0.400795 -0.930002 -0.306262 0.203222 -0.504304 0.187351 -0.87068 -0.45477 0.485867 
1535134910274 0.242129 0.927288 -0.285502 -0.618805 -0.94002 0.297074 0.16766 -0.239077 0.240285 0.227782 0.943599 0.37953 0.31622 -0.384863 0.867113 0.400795 -0.930002 -0.306262 0.203222 -0.504304 0.187351 -0.87068 -0.45477 0.485867 
1535134910417 0.242205 0.927267 -0.285504 -0.618598 -0.939932 0.297212 0.167906 -0.238996 0.240549 0.227687 0.943554 0.379565 0.31622 -0.384863 0.867113 0.400795 -0.930002 -0.306262 0.203222 -0.504304 0.187351 -0.87068 -0.45477 0.485867 
1535134910474 0.242282 0.927246 -0.285507 -0.61839 -0.939845 0.297349 0.168152 -0.238913 0.240813 0.227593 0.94351 0.379601 0.31622 -0.384863 0.867113 0.400795 -0.930002 -0.306262 0.203222 -0.504304 0.187351 -0.87068 -0.45477 0.485867 
1535134910578 0.242358 0.927225 -0.28551 -0.618181 -0.939757 0.297486 0.168397 -0.238831 0.241078 0.227498 0.943465 0.379636 0.31622 -0.384863 0.867113 0.400795 -0.930002 -0.306262 0.203222 -0.504304 0.187351 -0.87068 -0.45477 0.485867 
1535134910636 0.242434 0.927204 -0.285513 -0.617973 -0.93967 0.297624 0.168643 -0.23875 0.241342 0.227403 0.94342 0.379671 0.31622 -0.384863 0.867113 0.400795 -0.930002 -0.306262 0.203222 -0.504304 0.187351 -0.87068 -0.45477 0.485867 
1535134910735 0.242511 0.927183 -0.285516 -0.617764 -0.939582 0.297761 0.168889 -0.238668 0.241606 0.227309 0.943375 0.379706 0.31622 -0.384863 0.867113 0.400795 -0.930002 -0.306262 0.203222 -0.504304 0.187351 -0.87068 -0.45477 0.485867 
1535134910801 0.242587 0.927163 -0.285519 -0.617557 -0.939495 0.297898 0.169134 -0.238586 0.241871 0.227214 0.943331 0.379741 0.31622 -0.384863 0.867113 0.400795 -0.930002 -0.306262 0.203222 -0.504304 0.187351 -0.87068 -0.45477 0.485867 
1535134910896 0.242416 0.92725 -0.28538 -0.617814 -0.939618 0.297635 0.168912 -0.238624 0.241563 0.227201 0.943412 0.379757 0.31622 -0.384863 0.867113 0.400795 -0.930002 -0.306262 0.203222 -0.504304 0.187351 -0.87068 -0.45477 0.485867 
1535134910907 0.242575 0.92723 -0.28531 -0.617634 -0.939605 0.297749 0.168787 -0.238533 0.241455 0.227135 0.943456 0.379793 0.31622 -0.384863 0.867113 0.400795 -0.930002 -0.306262 0.203222 -0.504304 0.187351 -0.87068 -0.45477 0.485867 
1535134910924 0.242736 0.927209 -0.285241 -0.61745 -0.939591 0.297863 0.168662 -0.23844 0.241347 0.22707 0.943499 0.37983 0.31622 -0.384863 0.867113 0.400795 -0.930002 -0.306262 0.203222 -0.504304 0.187351 -0.87068 -0.45477 0.485867 
1535134910941 0.242897 0.927188 -0.285172 -0.617264 -0.939577 0.297978 0.168536 -0.238346 0.241239 0.227004 0.943543 0.379867 0.31622 -0.384863 0.867113 0.400795 -0.930002 -0.306262 0.203222 -0.504304 0.187351 -0.87068 -0.45477 0.485867 
1535134911078 0.243057 0.927168 -0.285103 -0.617081 -0.939563 0.298092 0.16841 -0.238253 0.241131 0.226939 0.943586 0.379904 0.31622 -0.384863 0.867113 0.400795 -0.930002 -0.306262 0.203222 -0.504304 0.187351 -0.87068 -0.45477 0.485867 
1535134911126 0.243218 0.927147 -0.285034 -0.616896 -0.939549 0.298207 0.168284 -0.238159 0.241023 0.226873 0.943629 0.379942 0.31622 -0.384863 0.867113 0.400795 -0.930002 -0.306262 0.203222 -0.504304 0.187351 -0.87068 -0.45477 0.485867 
1535134911132 0.243378 0.927126 -0.284964 -0.616711 -0.939535 0.298322 0.168159 -0.238065 0.240915 0.226808 0.943673 0.379979 0.31622 -0.384863 0.867113 0.400795 -0.930002 -0.306262 0.203222 -0.504304 0.187351 -0.87068 -0.45477 0.485867 
1535134911269 0.243539 0.927105 -0.284895 -0.616527 -0.939521 0.298437 0.168033 -0.237972 0.240807 0.226742 0.943716 0.380016 0.31622 -0.384863 0.867113 0.400795 -0.930002 -0.306262 0.203222 -0.504304 0.187351 -0.87068 -0.45477 0.485867 
1535134911309 0.2437 0.927084 -0.284826 -0.616343 -0.939507 0.298551 0.167908 -0.237879 0.240699 0.226677 0.943759 0.380053 0.31622 -0.384863 0.867113 0.400795 -0.930002 -0.306262 0.203222 -0.504304 0.187351 -0.87068 -0.45477 0.485867 
1535134911430 0.24386 0.927063 -0.284757 -0.616157 -0.939493 0.298666 0.167782 -0.237785 0.240591 0.226612 0.943802 0.38009 0.31622 -0.384863 0.867113 0.400795 -0.930002 -0.306262 0.203222 -0.504304 0.187351 -0.87068 -0.45477 0.485867 
1535134911491 0.243661 0.927098 -0.284813 -0.616361 -0.939525 0.298504 0.167891 -0.237946 0.240669 0.226681 0.943766 0.380051 0.31622 -0.384863 0.867113 0.400795 -0.930002 -0.306262 0.203222 -0.504304 0.187351 -0.87068 -0.45477 0.485867 
1535134911503 0.243665 0.926993 -0.285151 -0.616116 -0.939527 0.298567 0.16777 -0.237856 0.240658 0.227027 0.943685 0.380162 0.31622 -0.384863 0.867113 0.400795 -0.930002 -0.306262 0.203222 -0.504304 0.187351 -0.87068 -0.45477 0.485867 
1535134911531 0.243669 0.926888 -0.285489 -0.615867 -0.939529 0.298629 0.167647 -0.237764 0.240646 0.227375 0.943605 0.380274 0.31622 -0.384863 0.867113 0.400795 -0.930002 -0.306262 0.203222 -0.504304 0.187351 -0.87068 -0.45477 0.485867 
1535134911663 0.243673 0.926783 -0.285828 -0.615617 -0.939531 0.298691 0.167525 -0.237671 0.240633 0.227723 0.943524 0.380386 0.31622 -0.384863 0.867113 0.400795 -0.930002 -0.306262 0.203222 -0.504304 0.187351 -0.87068 -0.45477 0.485867 
1535134911801 0.243677 0.926677 -0.286166 -0.615368 -0.939533 0.298753 0.167402 -0.237579 0.240621 0.22807 0.943443 0.380499 0.31622 -0.384863 0.867113 0.400795 -0.930002 -0.306262 0.203222 -0.504304 0.187351 -0.87068 -0.45477 0.485867 
1535134911930 0.243681 0.926571 -0.286504 -0.61512 -0.939535 0.298815 0.16728 -0.237487 0.240609 0.228418 0.943362 0.38061 0.31622 -0.384863 0.867113 0.400795 -0.930002 -0.306262 0.203222 -0.504304 0.187351 -0.87068 -0.45477 0.485867 
1535134912042 0.243686 0.926466 -0.286843 -0.614869 -0.939537 0.298878 0.167157 -0.237395 0.240596 0.228766 0.943281 0.380723 0.31622 -0.384863 0.867113 0.400795 -0.930002 -0.306262 0.203222 -0.504304 0.187351 -0.87068 -0.45477 0.485867 
1535134912171 0.24369 0.92636 -0.287181 -0.614621 -0.93954 0.29894 0.167035 -0.237303 0.240584 0.229113 0.9432 0.380835 0.31622 -0.384863 0.867113 0.400795 -0.930002 -0.306262 0.203222 -0.504304 0.187351 -0.87068 -0.45477 0.485867 
1535134912299 0.243694 0.926254 -0.28752 -0.61437 -0.939542 0.299002 0.166912 -0.23721 0.240572 0.229461 0.943119 0.380947 0.31622 -0.384863 0.867113 0.400795 -0.930002 -0.306262 0.203222 -0.504304 0.187351 -0.87068 -0.45477 0.485867 
1535134912419 0.243698 0.926147 -0.287858 -0.614121 -0.939544 0.299064 0.166789 -0.237118 0.240559 0.229809 0.943037 0.381059 0.31622 -0.384863 0.867113 0.400795 -0.930002 -0.306262 0.203222 -0.504304 0.187351 -0.87068 -0.45477 0.485867 
1535134912556 0.243587 0.926264 -0.287575 -0.614344 -0.939562 0.298917 0.166951 -0.237109 0.240602 0.229527 0.943095 0.380961 0.31622 -0.384863 0.867113 0.400795 -0.930002 -0.306262 0.203222 -0.504304 0.187351 -0.87068 -0.45477 0.485867 
1535134912567 0.243722 0.926347 -0.287194 -0.614052 -0.939527 0.298977 0.16704 -0.237007 0.240601 0.229115 0.943195 0.381001 0.31622 -0.384863 0.867113 0.400795 -0.930002 -0.306262 0.203222 -0.504304 0.187351 -0.87068 -0.45477 0.485867 
1535134912584 0.243858 0.92643 -0.286812 -0.613754 -0.939492 0.299037 0.167128 -0.236903 0.240599 0.228702 0.943296 0.381042 0.31622 -0.384863 0.867113 0.400795 -0.930002 -0.306262 0.203222 -0.504304 0.187351 -0.87068 -0.45477 0.485867 
1535134912721 0.243994 0.926512 -0.28643 -0.613455 -0.939457 0.299098 0.167215 -0.236798 0.240598 0.228289 0.943396 0.381084 0.31622 -0.384863 0.867113 0.400795 -0.930002 -0.306262 0.203222 -0.504304 0.187351 -0.87068 -0.45477 0.485867 
1535134912727 0.24413 0.926594 -0.286048 -0.613157 -0.939422 0.299158 0.167303 -0.236694 0.240596 0.227876 0.943497 0.381125 0.31622 -0.384863 0.867113 0.400795 -0.930002 -0.306262 0.203222 -0.504304 0.187351 -0.87068 -0.45477 0.485867 
1535134912911 0.244266 0.926676 -0.285666 -0.61286 -0.939387 0.299219 0.167392 -0.23659 0.240594 0.227463 0.943597 0.381166 0.31622 -0.384863 0.867113 0.400795 -0.930002 -0.306262 0.203222 -0.504304 0.187351 -0.87068 -0.45477 0.485867 
1535134913032 0.244403 0.926758 -0.285284 -0.612561 -0.939352 0.299279 0.167479 -0.236485 0.240593 0.22705 0.943697 0.381208 0.31622 -0.384863 0.867113 0.400795 -0.930002 -0.306262 0.203222 -0.504304 0.187351 -0.87068 -0.45477 0.485867 
1535134913119 0.244539 0.92684 -0.284902 -0.612264 -0.939317 0.29934 0.167568 -0.236381 0.240591 0.226637 0.943797 0.381249 0.31622 -0.384863 0.867113 0.400795 -0.930002 -0.306262 0.203222 -0.504304 0.187351 -0.87068 -0.45477 0.485867 
1535134913231 0.244675 0.926921 -0.28452 -0.611966 -0.939282 0.2994 0.167656 -0.236277 0.240589 0.226224 0.943896 0.381291 0.31622 -0.384863 0.867113 0.400795 -0.930002 -0.306262 0.203222 -0.504304 0.187351 -0.87068 -0.45477 0.485867 
1535134913310 0.244811 0.927002 -0.284138 -0.611668 -0.939247 0.29946 0.167744 -0.236173 0.240587 0.22581 0.943996 0.381332 0.31622 -0.384863 0.867113 0.400795 -0.930002 -0.306262 0.203222 -0.504304 0.187351 -0.87068 -0.45477 0.485867 
1535134913443 0.244558 0.926968 -0.284466 -0.611971 -0.939315 0.299277 0.167694 -0.236198 0.240581 0.226192 0.943906 0.381344 0.31622 -0.384863 0.867113 0.400795 -0.930002 -0.306262 0.203222 -0.504304 0.187351 -0.87068 -0.45477 0.485867 
1535134913456 0.244735 0.926967 -0.28432 -0.611636 -0.939272 0.299416 0.167685 -0.236065 0.240568 0.226015 0.943951 0.381415 0.31622 -0.384863 0.867113 0.400795 -0.930002 -0.306262 0.203222 -0.504304 0.187351 -0.87068 -0.45477 0.485867 
1535134913474 0.244911 0.926964 -0.284175 -0.611296 -0.939229 0.299555 0.167675 -0.235929 0.240555 0.22584 0.943997 0.381486 0.31622 -0.384863 0.867113 0.400795 -0.930002 -0.306262 0.203222 -0.504304 0.187351 -0.87068 -0.45477 0.485867 
1535134913648 0.245088 0.926962 -0.284031 -0.610954 -0.939187 0.299695 0.167665 -0.235792 0.240542 0.225665 0.944042 0.381559 0.31622 -0.384863 0.867113 0.400795 -0.930002 -0.306262 0.203222 -0.504304 0.187351 -0.87068 -0.45477 0.485867 
1535134913789 0.245265 0.926959 -0.283887 -0.610613 -0.939144 0.299834 0.167655 -0.235656 0.240528 0.22549 0.944087 0.38163 0.31622 -0.384863 0.867113 0.400795 -0.930002 -0.306262 0.203222 -0.504304 0.187351 -0.87068 -0.45477 0.485867 
1535134913794 0.245442 0.926957 -0.283742 -0.610274 -0.939101 0.299973 0.167645 -0.23552 0.240515 0.225315 0.944132 0.381702 0.31622 -0.384863 0.867113 0.400795 -0.930002 -0.306262 0.203222 -0.504304 0.187351 -0.87068 -0.45477 0.485867 
1535134913994 0.245618 0.926954 -0.283597 -0.609932 -0.939058 0.300113 0.167635 -0.235384 0.240502 0.22514 0.944177 0.381774 0.31622 -0.384863 0.867113 0.400795 -0.930002 -0.306262 0.203222 -0.504304 0.187351 -0.87068 -0.45477 0.485867 
1535134914140 0.245795 0.926952 -0.283453 -0.609592 -0.939016 0.300252 0.167626 -0.235248 0.240488 0.224965 0.944223 0.381846 0.31622 -0.384863 0.867113 0.400795 -0.930002 -0.306262 0.203222 -0.504304 0.187351 -0.87068 -0.45477 0.485867 
