1534336176419 0.101821 0.866976 -0.487837 -0.512532 -0.962486 0.209832 0.172021 -0.235272 0.251502 0.452021 0.855817 0.431914 0.16008 -0.304787 0.938871 0.370831 -0.775623 0.549475 0.310623 -0.528794 -0.61056 -0.777934 -0.14844 0.432481 
1534336176429 0.109025 0.869759 -0.481283 -0.52202 -0.961701 0.214782 0.170294 -0.23398 0.251486 0.444284 0.859864 0.42847 0.316241 -0.38488 0.867098 0.400864 -0.930001 -0.306251 0.203246 -0.504429 0.187325 -0.870677 -0.454788 0.485926 
1534336176436 0.116224 0.872449 -0.474683 -0.531507 -0.960878 0.219739 0.168606 -0.232687 0.251407 0.436517 0.863856 0.425025 0.316241 -0.38488 0.867098 0.400864 -0.930001 -0.306251 0.203246 -0.504429 0.187325 -0.870677 -0.454788 0.485926 
1534336177305 0.123419 0.875046 -0.468041 -0.540994 -0.960018 0.224704 0.166955 -0.231394 0.251264 0.428722 0.867792 0.421581 0.316241 -0.38488 0.867098 0.400864 -0.930001 -0.306251 0.203246 -0.504429 0.187325 -0.870677 -0.454788 0.485926 
1534336177918 0.130606 0.877549 -0.461356 -0.550481 -0.95912 0.229673 0.165344 -0.230101 0.251058 0.420901 0.871672 0.418137 0.316241 -0.38488 0.867098 0.400864 -0.930001 -0.306251 0.203246 -0.504429 0.187325 -0.870677 -0.454788 0.485926 
1534336178536 0.137788 0.879959 -0.454629 -0.559966 -0.958185 0.234649 0.16377 -0.228808 0.250789 0.413053 0.875495 0.414693 0.316241 -0.38488 0.867098 0.400864 -0.930001 -0.306251 0.203246 -0.504429 0.187325 -0.870677 -0.454788 0.485926 
1534336179173 0.144962 0.882273 -0.447861 -0.569451 -0.957213 0.239629 0.162236 -0.227514 0.250457 0.405181 0.879261 0.411249 0.316241 -0.38488 0.867098 0.400864 -0.930001 -0.306251 0.203246 -0.504429 0.187325 -0.870677 -0.454788 0.485926 
1534336179179 0.152128 0.884494 -0.441053 -0.578934 -0.956204 0.244614 0.16074 -0.22622 0.250061 0.397284 0.882969 0.407805 0.316241 -0.38488 0.867098 0.400864 -0.930001 -0.306251 0.203246 -0.504429 0.187325 -0.870677 -0.454788 0.485926 
1534336180086 0.159284 0.886619 -0.434205 -0.588416 -0.955158 0.249604 0.159283 -0.224925 0.249602 0.389364 0.88662 0.404362 0.316241 -0.38488 0.867098 0.400864 -0.930001 -0.306251 0.203246 -0.504429 0.187325 -0.870677 -0.454788 0.485926 
1534336180736 0.166507 0.888617 -0.427358 -0.597011 -0.954062 0.25467 0.157822 -0.223233 0.249079 0.381448 0.890201 0.401033 0.316531 -0.385118 0.866887 0.401814 -0.929976 -0.306103 0.20358 -0.50615 0.186955 -0.870623 -0.455042 0.486735 
1534336181372 0.166261 0.888672 -0.427339 -0.596652 -0.954103 0.254449 0.157934 -0.223446 0.249088 0.381467 0.89019 0.401319 0.316531 -0.385118 0.866887 0.401814 -0.929976 -0.306103 0.20358 -0.50615 0.186955 -0.870623 -0.455042 0.486735 
1534336181384 0.166992 0.888868 -0.426647 -0.597728 -0.95399 0.254963 0.157787 -0.223337 0.249031 0.380668 0.890548 0.400934 0.316221 -0.384863 0.867113 0.400797 -0.930002 -0.306262 0.203223 -0.504308 0.187351 -0.87068 -0.45477 0.485869 
1534336181390 0.167724 0.889063 -0.425954 -0.598804 -0.953877 0.255478 0.157641 -0.223227 0.248974 0.379867 0.890906 0.400549 0.316221 -0.384863 0.867113 0.400797 -0.930002 -0.306262 0.203223 -0.504308 0.187351 -0.87068 -0.45477 0.485869 
1534336181709 0.168455 0.889256 -0.42526 -0.599881 -0.953763 0.255992 0.157495 -0.223118 0.248917 0.379066 0.891263 0.400164 0.316221 -0.384863 0.867113 0.400797 -0.930002 -0.306262 0.203223 -0.504308 0.187351 -0.87068 -0.45477 0.485869 
1534336181945 0.169186 0.889449 -0.424565 -0.600957 -0.953649 0.256506 0.15735 -0.223008 0.248858 0.378265 0.891619 0.39978 0.316221 -0.384863 0.867113 0.400797 -0.930002 -0.306262 0.203223 -0.504308 0.187351 -0.87068 -0.45477 0.485869 
1534336182166 0.169917 0.889641 -0.423871 -0.602033 -0.953534 0.257021 0.157205 -0.222899 0.2488 0.377463 0.891976 0.399395 0.316221 -0.384863 0.867113 0.400797 -0.930002 -0.306262 0.203223 -0.504308 0.187351 -0.87068 -0.45477 0.485869 
1534336182172 0.170648 0.889832 -0.423176 -0.603109 -0.953419 0.257535 0.15706 -0.222789 0.24874 0.376662 0.892331 0.39901 0.316221 -0.384863 0.867113 0.400797 -0.930002 -0.306262 0.203223 -0.504308 0.187351 -0.87068 -0.45477 0.485869 
1534336182493 0.171379 0.890022 -0.42248 -0.604185 -0.953303 0.25805 0.156916 -0.22268 0.24868 0.37586 0.892686 0.398625 0.316221 -0.384863 0.867113 0.400797 -0.930002 -0.306262 0.203223 -0.504308 0.187351 -0.87068 -0.45477 0.485869 
1534336182720 0.17211 0.890211 -0.421784 -0.605263 -0.953188 0.258564 0.156772 -0.222571 0.248619 0.375058 0.89304 0.39824 0.31622 -0.384863 0.867113 0.400797 -0.930002 -0.306262 0.203222 -0.504307 0.187351 -0.87068 -0.45477 0.485868 
1534336182955 0.17284 0.890399 -0.421088 -0.606339 -0.953072 0.259079 0.156629 -0.222461 0.248558 0.374255 0.893394 0.397855 0.31622 -0.384863 0.867113 0.400797 -0.930002 -0.306262 0.203222 -0.504307 0.187351 -0.87068 -0.45477 0.485868 
1534336183191 0.172633 0.890427 -0.421115 -0.60608 -0.953113 0.258891 0.156689 -0.222479 0.248543 0.374321 0.89337 0.398032 0.31622 -0.384863 0.867113 0.400797 -0.930002 -0.306262 0.203222 -0.504307 0.187351 -0.87068 -0.45477 0.485868 
1534336183204 0.172878 0.890629 -0.420586 -0.606185 -0.953074 0.259011 0.156727 -0.222493 0.248523 0.373755 0.893613 0.397868 0.31622 -0.384863 0.867113 0.400795 -0.930002 -0.306262 0.203222 -0.504304 0.187351 -0.87068 -0.454769 0.485867 
1534336183221 0.173123 0.890833 -0.420054 -0.606295 -0.953035 0.259131 0.156766 -0.222509 0.248502 0.373187 0.893856 0.397703 0.31622 -0.384863 0.867113 0.400795 -0.930002 -0.306262 0.203222 -0.504304 0.187351 -0.87068 -0.454769 0.485867 
1534336183331 0.173367 0.891035 -0.419523 -0.606404 -0.952996 0.259251 0.156805 -0.222525 0.248481 0.372619 0.894099 0.397538 0.31622 -0.384863 0.867113 0.400795 -0.930002 -0.306262 0.203222 -0.504304 0.187351 -0.87068 -0.454769 0.485867 
1534336183368 0.173611 0.891238 -0.418991 -0.606515 -0.952957 0.25937 0.156844 -0.222541 0.248459 0.372051 0.894341 0.397373 0.31622 -0.384863 0.867113 0.400795 -0.930002 -0.306262 0.203222 -0.504304 0.187351 -0.87068 -0.454769 0.485867 
1534336183375 0.173855 0.89144 -0.41846 -0.606625 -0.952918 0.259489 0.156883 -0.222558 0.248438 0.371483 0.894583 0.397208 0.31622 -0.384863 0.867113 0.400795 -0.930002 -0.306262 0.203222 -0.504304 0.187351 -0.87068 -0.454769 0.485867 
1534336183509 0.1741 0.891642 -0.417928 -0.606734 -0.952879 0.259609 0.156922 -0.222574 0.248416 0.370915 0.894825 0.397043 0.31622 -0.384863 0.867113 0.400795 -0.930002 -0.306262 0.203222 -0.504304 0.187351 -0.87068 -0.454769 0.485867 
1534336183515 0.174345 0.891843 -0.417396 -0.606843 -0.95284 0.259729 0.156961 -0.22259 0.248395 0.370347 0.895066 0.396878 0.31622 -0.384863 0.867113 0.400795 -0.930002 -0.306262 0.203222 -0.504304 0.187351 -0.87068 -0.454769 0.485867 
1534336183657 0.174588 0.892044 -0.416864 -0.606954 -0.952801 0.259848 0.157001 -0.222606 0.248373 0.369778 0.895307 0.396713 0.31622 -0.384863 0.867113 0.400795 -0.930002 -0.306262 0.203222 -0.504304 0.187351 -0.87068 -0.454769 0.485867 
1534336183705 0.174833 0.892245 -0.416332 -0.607063 -0.952762 0.259967 0.15704 -0.222622 0.248351 0.369209 0.895548 0.396548 0.31622 -0.384863 0.867113 0.400795 -0.930002 -0.306262 0.203222 -0.504304 0.187351 -0.87068 -0.454769 0.485867 
1534336183809 0.17454 0.891972 -0.41704 -0.606886 -0.95283 0.259805 0.156896 -0.222645 0.248296 0.369984 0.895244 0.396742 0.31622 -0.384863 0.867113 0.400795 -0.930002 -0.306262 0.203222 -0.504304 0.187351 -0.87068 -0.454769 0.485867 
1534336183820 0.174368 0.892067 -0.416907 -0.606864 -0.952884 0.259592 0.156921 -0.222795 0.24821 0.369902 0.895301 0.396674 0.31622 -0.384863 0.867113 0.400795 -0.930002 -0.306262 0.203222 -0.504304 0.187351 -0.87068 -0.454769 0.485867 
1534336183840 0.174193 0.892163 -0.416775 -0.606847 -0.952938 0.259377 0.156947 -0.222946 0.248124 0.369821 0.895358 0.396606 0.31622 -0.384863 0.867113 0.400795 -0.930002 -0.306262 0.203222 -0.504304 0.187351 -0.87068 -0.454769 0.485867 
1534336183935 0.174019 0.892259 -0.416642 -0.606829 -0.952992 0.259163 0.156973 -0.223098 0.248039 0.369741 0.895415 0.396538 0.31622 -0.384863 0.867113 0.400795 -0.930002 -0.306262 0.203222 -0.504304 0.187351 -0.87068 -0.454769 0.485867 
1534336183941 0.173845 0.892355 -0.41651 -0.606812 -0.953046 0.258949 0.156998 -0.223249 0.247953 0.36966 0.895473 0.396469 0.31622 -0.384863 0.867113 0.400795 -0.930002 -0.306262 0.203222 -0.504304 0.187351 -0.87068 -0.454769 0.485867 
1534336183987 0.173672 0.89245 -0.416378 -0.606793 -0.9531 0.258735 0.157024 -0.223401 0.247867 0.369579 0.89553 0.396401 0.31622 -0.384863 0.867113 0.400795 -0.930002 -0.306262 0.203222 -0.504304 0.187351 -0.87068 -0.454769 0.485867 
1534336184067 0.173497 0.892546 -0.416245 -0.606776 -0.953154 0.25852 0.157049 -0.223552 0.247781 0.369498 0.895587 0.396333 0.31622 -0.384863 0.867113 0.400795 -0.930002 -0.306262 0.203222 -0.504304 0.187351 -0.87068 -0.454769 0.485867 
1534336184098 0.173323 0.892642 -0.416113 -0.606758 -0.953208 0.258305 0.157075 -0.223704 0.247696 0.369417 0.895644 0.396264 0.31622 -0.384863 0.867113 0.400795 -0.930002 -0.306262 0.203222 -0.504304 0.187351 -0.87068 -0.454769 0.485867 
1534336184146 0.17315 0.892737 -0.41598 -0.60674 -0.953262 0.258091 0.1571 -0.223855 0.24761 0.369337 0.895701 0.396196 0.31622 -0.384863 0.867113 0.400795 -0.930002 -0.306262 0.203222 -0.504304 0.187351 -0.87068 -0.454769 0.485867 
1534336184194 0.172975 0.892833 -0.415848 -0.606723 -0.953316 0.257876 0.157126 -0.224007 0.247524 0.369255 0.895758 0.396128 0.31622 -0.384863 0.867113 0.400795 -0.930002 -0.306262 0.203222 -0.504304 0.187351 -0.87068 -0.454769 0.485867 
1534336184233 0.173362 0.89265 -0.416078 -0.606771 -0.953214 0.258314 0.157022 -0.223632 0.247644 0.36939 0.895669 0.396284 0.31622 -0.384863 0.867113 0.400795 -0.930002 -0.306262 0.203222 -0.504304 0.187351 -0.87068 -0.454769 0.485867 
1534336184247 0.172938 0.892577 -0.416413 -0.606642 -0.95333 0.257931 0.156951 -0.223866 0.247496 0.369836 0.895526 0.396257 0.31622 -0.384863 0.867113 0.400795 -0.930002 -0.306262 0.203222 -0.504304 0.187351 -0.87068 -0.45477 0.485867 
1534336184263 0.172514 0.892503 -0.416747 -0.606513 -0.953446 0.257547 0.156879 -0.224102 0.247347 0.370282 0.895383 0.396232 0.31622 -0.384863 0.867113 0.400795 -0.930002 -0.306262 0.203222 -0.504304 0.187351 -0.87068 -0.45477 0.485867 
1534336184280 0.17209 0.892428 -0.417081 -0.606383 -0.953561 0.257163 0.156807 -0.224337 0.247197 0.370728 0.89524 0.396206 0.31622 -0.384863 0.867113 0.400795 -0.930002 -0.306262 0.203222 -0.504304 0.187351 -0.87068 -0.45477 0.485867 
1534336184397 0.171665 0.892354 -0.417416 -0.606253 -0.953677 0.256778 0.156735 -0.224574 0.247047 0.371174 0.895096 0.396182 0.31622 -0.384863 0.867113 0.400795 -0.930002 -0.306262 0.203222 -0.504304 0.187351 -0.87068 -0.45477 0.485867 
1534336184441 0.171241 0.892279 -0.417751 -0.606124 -0.953792 0.256394 0.156664 -0.22481 0.246897 0.37162 0.894953 0.396157 0.31622 -0.384863 0.867113 0.400795 -0.930002 -0.306262 0.203222 -0.504304 0.187351 -0.87068 -0.45477 0.485867 
1534336184448 0.170817 0.892203 -0.418085 -0.605994 -0.953907 0.25601 0.156593 -0.225045 0.246746 0.372065 0.894809 0.396131 0.31622 -0.384863 0.867113 0.400795 -0.930002 -0.306262 0.203222 -0.504304 0.187351 -0.87068 -0.45477 0.485867 
1534336184576 0.170393 0.892128 -0.418419 -0.605865 -0.954021 0.255625 0.156522 -0.225281 0.246596 0.372511 0.894666 0.396106 0.31622 -0.384863 0.867113 0.400795 -0.930002 -0.306262 0.203222 -0.504304 0.187351 -0.87068 -0.45477 0.485867 
1534336184617 0.169969 0.892052 -0.418753 -0.605735 -0.954136 0.255241 0.156451 -0.225516 0.246445 0.372956 0.894522 0.39608 0.31622 -0.384863 0.867113 0.400795 -0.930002 -0.306262 0.203222 -0.504304 0.187351 -0.87068 -0.45477 0.485867 
1534336184720 0.169545 0.891975 -0.419088 -0.605606 -0.95425 0.254856 0.15638 -0.225752 0.246294 0.373401 0.894377 0.396055 0.31622 -0.384863 0.867113 0.400795 -0.930002 -0.306262 0.203222 -0.504304 0.187351 -0.87068 -0.45477 0.485867 
1534336184770 0.169915 0.892195 -0.41847 -0.605821 -0.954185 0.255082 0.156408 -0.225296 0.246291 0.372722 0.894662 0.396119 0.31622 -0.384863 0.867113 0.400795 -0.930002 -0.306262 0.203222 -0.504304 0.187351 -0.87068 -0.45477 0.485867 
1534336184781 0.169408 0.892192 -0.418683 -0.605521 -0.954169 0.254821 0.156934 -0.225462 0.246705 0.372908 0.89447 0.396099 0.31622 -0.384863 0.867113 0.400795 -0.930002 -0.306262 0.203222 -0.504304 0.187351 -0.87068 -0.45477 0.485867 
1534336184797 0.168901 0.892188 -0.418896 -0.605216 -0.954151 0.254562 0.157461 -0.225625 0.24712 0.373095 0.894277 0.39608 0.31622 -0.384863 0.867113 0.400795 -0.930002 -0.306262 0.203222 -0.504304 0.187351 -0.87068 -0.45477 0.485867 
1534336184911 0.168394 0.892183 -0.419109 -0.604912 -0.954133 0.254303 0.157988 -0.225788 0.247535 0.373281 0.894085 0.396061 0.31622 -0.384863 0.867113 0.400795 -0.930002 -0.306262 0.203222 -0.504304 0.187351 -0.87068 -0.45477 0.485867 
1534336184978 0.167887 0.892179 -0.419321 -0.604607 -0.954115 0.254044 0.158515 -0.225952 0.24795 0.373468 0.893892 0.396042 0.31622 -0.384863 0.867113 0.400795 -0.930002 -0.306262 0.203222 -0.504304 0.187351 -0.87068 -0.45477 0.485867 
1534336185046 0.16738 0.892175 -0.419533 -0.604303 -0.954096 0.253784 0.159042 -0.226115 0.248365 0.373654 0.893699 0.396023 0.31622 -0.384863 0.867113 0.400795 -0.930002 -0.306262 0.203222 -0.504304 0.187351 -0.87068 -0.45477 0.485867 
1534336185117 0.166873 0.89217 -0.419745 -0.603998 -0.954077 0.253526 0.159569 -0.226279 0.248779 0.373841 0.893505 0.396004 0.31622 -0.384863 0.867113 0.400795 -0.930002 -0.306262 0.203222 -0.504304 0.187351 -0.87068 -0.45477 0.485867 
1534336185190 0.166366 0.892165 -0.419957 -0.603694 -0.954057 0.253267 0.160096 -0.226442 0.249193 0.374028 0.893312 0.395985 0.31622 -0.384863 0.867113 0.400795 -0.930002 -0.306262 0.203222 -0.504304 0.187351 -0.87068 -0.45477 0.485867 
1534336185250 0.165858 0.892161 -0.420167 -0.60339 -0.954037 0.253008 0.160624 -0.226606 0.249608 0.374215 0.893118 0.395966 0.31622 -0.384863 0.867113 0.400795 -0.930002 -0.306262 0.203222 -0.504304 0.187351 -0.87068 -0.45477 0.485867 
1534336185320 0.165351 0.892155 -0.420379 -0.603084 -0.954017 0.25275 0.16115 -0.226769 0.250022 0.374402 0.892923 0.395947 0.31622 -0.384863 0.867113 0.400795 -0.930002 -0.306262 0.203222 -0.504304 0.187351 -0.87068 -0.45477 0.485867 
1534336185414 0.165901 0.892205 -0.420056 -0.603487 -0.954057 0.252986 0.160542 -0.226522 0.249505 0.374124 0.893185 0.396017 0.31622 -0.384863 0.867113 0.400795 -0.930002 -0.306262 0.203222 -0.504304 0.187351 -0.87068 -0.45477 0.485867 
1534336185428 0.165532 0.892286 -0.420029 -0.603197 -0.954098 0.252682 0.160775 -0.22659 0.249591 0.374135 0.893156 0.39602 0.31622 -0.384863 0.867113 0.400795 -0.930002 -0.306262 0.203222 -0.504304 0.187351 -0.87068 -0.45477 0.485867 
1534336185435 0.165163 0.892368 -0.420001 -0.602904 -0.95414 0.252376 0.161009 -0.226657 0.249678 0.374147 0.893127 0.396022 0.31622 -0.384863 0.867113 0.400795 -0.930002 -0.306262 0.203222 -0.504304 0.187351 -0.87068 -0.45477 0.485867 
1534336185452 0.164794 0.892449 -0.419973 -0.602611 -0.954181 0.252071 0.161242 -0.226724 0.249764 0.374158 0.893098 0.396025 0.31622 -0.384863 0.867113 0.400795 -0.930002 -0.306262 0.203222 -0.504304 0.187351 -0.87068 -0.45477 0.485867 
1534336185458 0.164426 0.89253 -0.419945 -0.602317 -0.954222 0.251767 0.161476 -0.22679 0.24985 0.374169 0.893069 0.396028 0.31622 -0.384863 0.867113 0.400795 -0.930002 -0.306262 0.203222 -0.504304 0.187351 -0.87068 -0.45477 0.485867 
1534336185635 0.164058 0.892612 -0.419916 -0.602022 -0.954263 0.251462 0.161709 -0.226856 0.249936 0.374181 0.89304 0.396032 0.31622 -0.384863 0.867113 0.400795 -0.930002 -0.306262 0.203222 -0.504304 0.187351 -0.87068 -0.45477 0.485867 
1534336185676 0.163689 0.892693 -0.419888 -0.60173 -0.954303 0.251157 0.161942 -0.226923 0.250023 0.374192 0.893011 0.396034 0.31622 -0.384863 0.867113 0.400795 -0.930002 -0.306262 0.203222 -0.504304 0.187351 -0.87068 -0.45477 0.485867 
1534336185791 0.163319 0.892774 -0.419859 -0.601437 -0.954344 0.250852 0.162176 -0.22699 0.250109 0.374204 0.892982 0.396037 0.31622 -0.384863 0.867113 0.400795 -0.930002 -0.306262 0.203222 -0.504304 0.187351 -0.87068 -0.45477 0.485867 
1534336185832 0.162951 0.892854 -0.419831 -0.601142 -0.954384 0.250547 0.162409 -0.227056 0.250195 0.374215 0.892953 0.396041 0.31622 -0.384863 0.867113 0.400795 -0.930002 -0.306262 0.203222 -0.504304 0.187351 -0.87068 -0.45477 0.485867 
1534336185944 0.162582 0.892935 -0.419802 -0.600849 -0.954425 0.250242 0.162642 -0.227122 0.250281 0.374227 0.892924 0.396043 0.31622 -0.384863 0.867113 0.400795 -0.930002 -0.306262 0.203222 -0.504304 0.187351 -0.87068 -0.45477 0.485867 
1534336186003 0.162918 0.892768 -0.420028 -0.601251 -0.954398 0.250541 0.162336 -0.22695 0.250163 0.374426 0.892874 0.39596 0.31622 -0.384863 0.867113 0.400795 -0.930002 -0.306262 0.203222 -0.504304 0.187351 -0.87068 -0.45477 0.485867 
1534336186014 0.162619 0.892891 -0.419883 -0.60105 -0.954416 0.250293 0.162614 -0.227 0.25029 0.374299 0.892891 0.395962 0.31622 -0.384863 0.867113 0.400795 -0.930002 -0.306262 0.203222 -0.504304 0.187351 -0.87068 -0.45477 0.485867 
1534336186032 0.162321 0.893013 -0.419738 -0.600844 -0.954433 0.250047 0.16289 -0.227047 0.250417 0.374172 0.892909 0.395964 0.31622 -0.384863 0.867113 0.400795 -0.930002 -0.306262 0.203222 -0.504304 0.187351 -0.87068 -0.45477 0.485867 
1534336186047 0.162022 0.893135 -0.419593 -0.600638 -0.954451 0.249801 0.163167 -0.227094 0.250545 0.374044 0.892927 0.395966 0.31622 -0.384863 0.867113 0.400795 -0.930002 -0.306262 0.203222 -0.504304 0.187351 -0.87068 -0.45477 0.485867 
1534336186080 0.161723 0.893257 -0.419448 -0.600432 -0.954468 0.249554 0.163444 -0.227141 0.250672 0.373917 0.892944 0.395968 0.31622 -0.384863 0.867113 0.400795 -0.930002 -0.306262 0.203222 -0.504304 0.187351 -0.87068 -0.45477 0.485867 
1534336186144 0.161424 0.89338 -0.419303 -0.600227 -0.954485 0.249306 0.16372 -0.227189 0.250799 0.37379 0.892962 0.39597 0.31622 -0.384863 0.867113 0.400795 -0.930002 -0.306262 0.203222 -0.504304 0.187351 -0.87068 -0.45477 0.485867 
1534336186194 0.161126 0.893502 -0.419158 -0.600021 -0.954502 0.24906 0.163997 -0.227236 0.250927 0.373663 0.892979 0.395972 0.31622 -0.384863 0.867113 0.400795 -0.930002 -0.306262 0.203222 -0.504304 0.187351 -0.87068 -0.45477 0.485867 
1534336186239 0.160827 0.893624 -0.419012 -0.599816 -0.954519 0.248813 0.164274 -0.227284 0.251054 0.373535 0.892997 0.395974 0.31622 -0.384863 0.867113 0.400795 -0.930002 -0.306262 0.203222 -0.504304 0.187351 -0.87068 -0.45477 0.485867 
1534336186289 0.160529 0.893746 -0.418867 -0.599609 -0.954536 0.248566 0.16455 -0.227331 0.251182 0.373408 0.893014 0.395976 0.31622 -0.384863 0.867113 0.400795 -0.930002 -0.306262 0.203222 -0.504304 0.187351 -0.87068 -0.45477 0.485867 
1534336186327 0.16023 0.893867 -0.418721 -0.599404 -0.954552 0.248319 0.164826 -0.227378 0.251309 0.373281 0.893031 0.395978 0.31622 -0.384863 0.867113 0.400795 -0.930002 -0.306262 0.203222 -0.504304 0.187351 -0.87068 -0.45477 0.485867 
1534336186386 0.160966 0.893595 -0.41902 -0.599831 -0.954531 0.248887 0.164089 -0.22727 0.250917 0.373555 0.893027 0.395954 0.31622 -0.384863 0.867113 0.400795 -0.930002 -0.306262 0.203222 -0.504304 0.187351 -0.87068 -0.45477 0.485867 
1534336186399 0.160632 0.893656 -0.419019 -0.599655 -0.954522 0.248681 0.164453 -0.227312 0.251167 0.373547 0.89296 0.395962 0.31622 -0.384863 0.867113 0.400795 -0.930002 -0.306262 0.203222 -0.504304 0.187351 -0.87068 -0.45477 0.485867 
1534336186415 0.160298 0.893716 -0.419018 -0.599474 -0.954513 0.248477 0.164817 -0.227351 0.251416 0.373538 0.892894 0.395971 0.31622 -0.384863 0.867113 0.400795 -0.930002 -0.306262 0.203222 -0.504304 0.187351 -0.87068 -0.45477 0.485867 
1534336186432 0.159963 0.893777 -0.419017 -0.599293 -0.954503 0.248272 0.165181 -0.227391 0.251665 0.37353 0.892827 0.39598 0.31622 -0.384863 0.867113 0.400795 -0.930002 -0.306262 0.203222 -0.504304 0.187351 -0.87068 -0.45477 0.485867 
1534336186449 0.159629 0.893837 -0.419015 -0.599112 -0.954493 0.248067 0.165545 -0.22743 0.251914 0.373521 0.89276 0.39599 0.31622 -0.384863 0.867113 0.400795 -0.930002 -0.306262 0.203222 -0.504304 0.187351 -0.87068 -0.45477 0.485867 
1534336186465 0.159295 0.893898 -0.419013 -0.598933 -0.954483 0.247861 0.16591 -0.22747 0.252163 0.373513 0.892694 0.395998 0.31622 -0.384863 0.867113 0.400795 -0.930002 -0.306262 0.203222 -0.504304 0.187351 -0.87068 -0.45477 0.485867 
1534336186595 0.158961 0.893958 -0.419011 -0.598751 -0.954473 0.247657 0.166274 -0.227509 0.252413 0.373504 0.892627 0.396008 0.31622 -0.384863 0.867113 0.400795 -0.930002 -0.306262 0.203222 -0.504304 0.187351 -0.87068 -0.45477 0.485867 
1534336186619 0.158627 0.894018 -0.419009 -0.598572 -0.954463 0.247451 0.166638 -0.227549 0.252662 0.373496 0.89256 0.396016 0.31622 -0.384863 0.867113 0.400795 -0.930002 -0.306262 0.203222 -0.504304 0.187351 -0.87068 -0.45477 0.485867 
1534336186649 0.158292 0.894079 -0.419007 -0.598392 -0.954453 0.247246 0.167002 -0.227589 0.252911 0.373487 0.892493 0.396025 0.31622 -0.384863 0.867113 0.400795 -0.930002 -0.306262 0.203222 -0.504304 0.187351 -0.87068 -0.45477 0.485867 
1534336186733 0.157958 0.894139 -0.419005 -0.59821 -0.954442 0.247041 0.167366 -0.227628 0.25316 0.373479 0.892426 0.396035 0.31622 -0.384863 0.867113 0.400795 -0.930002 -0.306262 0.203222 -0.504304 0.187351 -0.87068 -0.45477 0.485867 
1534336186779 0.158589 0.894019 -0.419023 -0.598582 -0.954489 0.24739 0.166579 -0.227535 0.252587 0.373535 0.892565 0.395985 0.31622 -0.384863 0.867113 0.400795 -0.930002 -0.306262 0.203222 -0.504304 0.187351 -0.87068 -0.45477 0.485867 
1534336186790 0.158429 0.894033 -0.419052 -0.598457 -0.954478 0.247307 0.166765 -0.227545 0.252728 0.373555 0.892516 0.39599 0.31622 -0.384863 0.867113 0.400795 -0.930002 -0.306262 0.203222 -0.504304 0.187351 -0.87068 -0.45477 0.485867 
1534336186809 0.15827 0.894048 -0.419081 -0.59833 -0.954467 0.247224 0.166952 -0.227553 0.25287 0.373576 0.892467 0.395995 0.31622 -0.384863 0.867113 0.400795 -0.930002 -0.306262 0.203222 -0.504304 0.187351 -0.87068 -0.45477 0.485867 
1534336186825 0.158112 0.894062 -0.419111 -0.598201 -0.954456 0.247142 0.167138 -0.227561 0.253012 0.373596 0.892419 0.396001 0.31622 -0.384863 0.867113 0.400795 -0.930002 -0.306262 0.203222 -0.504304 0.187351 -0.87068 -0.45477 0.485867 
1534336186840 0.157953 0.894076 -0.41914 -0.598072 -0.954444 0.247059 0.167325 -0.227568 0.253154 0.373617 0.89237 0.396006 0.31622 -0.384863 0.867113 0.400795 -0.930002 -0.306262 0.203222 -0.504304 0.187351 -0.87068 -0.45477 0.485867 
1534336186857 0.157795 0.89409 -0.41917 -0.597943 -0.954433 0.246978 0.167511 -0.227576 0.253295 0.373638 0.892321 0.396012 0.31622 -0.384863 0.867113 0.400795 -0.930002 -0.306262 0.203222 -0.504304 0.187351 -0.87068 -0.45477 0.485867 
1534336186897 0.157636 0.894104 -0.419199 -0.597815 -0.954422 0.246895 0.167697 -0.227584 0.253437 0.373658 0.892272 0.396017 0.31622 -0.384863 0.867113 0.400795 -0.930002 -0.306262 0.203222 -0.504304 0.187351 -0.87068 -0.45477 0.485867 
1534336186978 0.157478 0.894118 -0.419229 -0.597686 -0.95441 0.246813 0.167883 -0.227591 0.253579 0.373679 0.892223 0.396023 0.31622 -0.384863 0.867113 0.400795 -0.930002 -0.306262 0.203222 -0.504304 0.187351 -0.87068 -0.45477 0.485867 
1534336186999 0.157319 0.894133 -0.419259 -0.597558 -0.954399 0.24673 0.16807 -0.227599 0.253721 0.373699 0.892174 0.396029 0.31622 -0.384863 0.867113 0.400795 -0.930002 -0.306262 0.203222 -0.504304 0.187351 -0.87068 -0.45477 0.485867 
1534336187030 0.15716 0.894147 -0.419288 -0.59743 -0.954387 0.246648 0.168256 -0.227607 0.253862 0.37372 0.892125 0.396034 0.31622 -0.384863 0.867113 0.400795 -0.930002 -0.306262 0.203222 -0.504304 0.187351 -0.87068 -0.45477 0.485867 
1534336187090 0.157579 0.894137 -0.419151 -0.597751 -0.954448 0.246809 0.167673 -0.227596 0.253373 0.373636 0.8923 0.396021 0.31622 -0.384863 0.867113 0.400795 -0.930002 -0.306262 0.203222 -0.504304 0.187351 -0.87068 -0.45477 0.485867 
1534336187101 0.157396 0.894179 -0.419131 -0.597645 -0.954468 0.246656 0.167787 -0.227591 0.253413 0.373637 0.892287 0.395981 0.31622 -0.384863 0.867113 0.400795 -0.930002 -0.306262 0.203222 -0.504304 0.187351 -0.87068 -0.45477 0.485867 
1534336187108 0.157214 0.89422 -0.419111 -0.597533 -0.954487 0.246503 0.167902 -0.227583 0.253454 0.373639 0.892275 0.395942 0.31622 -0.384863 0.867113 0.400795 -0.930002 -0.306262 0.203222 -0.504304 0.187351 -0.87068 -0.45477 0.485867 
1534336187121 0.157032 0.894261 -0.419091 -0.597423 -0.954506 0.246351 0.168017 -0.227575 0.253494 0.373641 0.892263 0.395903 0.31622 -0.384863 0.867113 0.400795 -0.930002 -0.306262 0.203222 -0.504304 0.187351 -0.87068 -0.45477 0.485867 
1534336187138 0.15685 0.894303 -0.419072 -0.597311 -0.954525 0.246199 0.168131 -0.227568 0.253535 0.373643 0.89225 0.395864 0.31622 -0.384863 0.867113 0.400795 -0.930002 -0.306262 0.203222 -0.504304 0.187351 -0.87068 -0.45477 0.485867 
1534336187155 0.156667 0.894344 -0.419052 -0.597201 -0.954544 0.246046 0.168246 -0.22756 0.253576 0.373645 0.892238 0.395824 0.31622 -0.384863 0.867113 0.400795 -0.930002 -0.306262 0.203222 -0.504304 0.187351 -0.87068 -0.45477 0.485867 
1534336187171 0.156486 0.894385 -0.419032 -0.59709 -0.954563 0.245894 0.16836 -0.227553 0.253617 0.373647 0.892226 0.395785 0.31622 -0.384863 0.867113 0.400795 -0.930002 -0.306262 0.203222 -0.504304 0.187351 -0.87068 -0.45477 0.485867 
1534336187193 0.156304 0.894426 -0.419012 -0.596979 -0.954582 0.245742 0.168475 -0.227545 0.253657 0.373648 0.892213 0.395746 0.31622 -0.384863 0.867113 0.400795 -0.930002 -0.306262 0.203222 -0.504304 0.187351 -0.87068 -0.45477 0.485867 
1534336187268 0.156121 0.894467 -0.418992 -0.596869 -0.954601 0.245589 0.16859 -0.227538 0.253698 0.37365 0.892201 0.395707 0.31622 -0.384863 0.867113 0.400795 -0.930002 -0.306262 0.203222 -0.504304 0.187351 -0.87068 -0.45477 0.485867 
1534336187292 0.155939 0.894508 -0.418973 -0.596757 -0.95462 0.245437 0.168704 -0.22753 0.253739 0.373652 0.892189 0.395668 0.31622 -0.384863 0.867113 0.400795 -0.930002 -0.306262 0.203222 -0.504304 0.187351 -0.87068 -0.45477 0.485867 
1534336187323 0.156471 0.894429 -0.418944 -0.597118 -0.954555 0.24588 0.168428 -0.227459 0.253657 0.373551 0.892254 0.395763 0.31622 -0.384863 0.867113 0.400795 -0.930002 -0.306262 0.203222 -0.504304 0.187351 -0.87068 -0.45477 0.485867 
1534336187338 0.156467 0.894394 -0.419021 -0.597026 -0.954612 0.245808 0.16821 -0.227445 0.253444 0.373683 0.892259 0.39576 0.31622 -0.384863 0.867113 0.400795 -0.930002 -0.306262 0.203222 -0.504304 0.187351 -0.87068 -0.45477 0.485867 
1534336187353 0.156462 0.894358 -0.419097 -0.596931 -0.954669 0.245734 0.167991 -0.22743 0.253231 0.373815 0.892265 0.395758 0.31622 -0.384863 0.867113 0.400795 -0.930002 -0.306262 0.203222 -0.504304 0.187351 -0.87068 -0.45477 0.485867 
1534336187369 0.156459 0.894323 -0.419174 -0.596835 -0.954727 0.245662 0.167772 -0.227415 0.253017 0.373947 0.89227 0.395755 0.31622 -0.384863 0.867113 0.400795 -0.930002 -0.306262 0.203222 -0.504304 0.187351 -0.87068 -0.45477 0.485867 
1534336187385 0.156456 0.894288 -0.419251 -0.596739 -0.954784 0.245589 0.167552 -0.2274 0.252803 0.374079 0.892275 0.395753 0.31622 -0.384863 0.867113 0.400795 -0.930002 -0.306262 0.203222 -0.504304 0.187351 -0.87068 -0.45477 0.485867 
1534336187402 0.156452 0.894252 -0.419328 -0.596642 -0.954841 0.245517 0.167333 -0.227384 0.25259 0.374212 0.89228 0.395751 0.31622 -0.384863 0.867113 0.400795 -0.930002 -0.306262 0.203222 -0.504304 0.187351 -0.87068 -0.45477 0.485867 
1534336187466 0.156448 0.894217 -0.419404 -0.596547 -0.954898 0.245444 0.167113 -0.227369 0.252376 0.374344 0.892285 0.395748 0.31622 -0.384863 0.867113 0.400795 -0.930002 -0.306262 0.203222 -0.504304 0.187351 -0.87068 -0.45477 0.485867 
1534336187526 0.156444 0.894182 -0.419481 -0.596451 -0.954955 0.24537 0.166894 -0.227354 0.252162 0.374476 0.89229 0.395746 0.31622 -0.384863 0.867113 0.400795 -0.930002 -0.306262 0.203222 -0.504304 0.187351 -0.87068 -0.45477 0.485867 
1534336187550 0.156441 0.894146 -0.419558 -0.596354 -0.955012 0.245298 0.166675 -0.227338 0.251948 0.374608 0.892295 0.395743 0.31622 -0.384863 0.867113 0.400795 -0.930002 -0.306262 0.203222 -0.504304 0.187351 -0.87068 -0.45477 0.485867 
1534336187582 0.156437 0.894111 -0.419634 -0.596259 -0.955069 0.245225 0.166455 -0.227323 0.251734 0.37474 0.8923 0.395741 0.31622 -0.384863 0.867113 0.400795 -0.930002 -0.306262 0.203222 -0.504304 0.187351 -0.87068 -0.45477 0.485867 
1534336187630 0.156288 0.894164 -0.419576 -0.596539 -0.954942 0.245305 0.167067 -0.227272 0.252309 0.37456 0.892213 0.395714 0.31622 -0.384863 0.867113 0.400795 -0.930002 -0.306262 0.203222 -0.504304 0.187351 -0.87068 -0.45477 0.485867 
1534336187642 0.156266 0.894111 -0.419697 -0.596461 -0.954998 0.245229 0.166856 -0.227272 0.25211 0.374736 0.892196 0.39572 0.31622 -0.384863 0.867113 0.400795 -0.930002 -0.306262 0.203222 -0.504304 0.187351 -0.87068 -0.45477 0.485867 
1534336187659 0.156245 0.894058 -0.419819 -0.596378 -0.955054 0.245155 0.166645 -0.227271 0.251911 0.374913 0.892178 0.395728 0.31622 -0.384863 0.867113 0.400795 -0.930002 -0.306262 0.203222 -0.504304 0.187351 -0.87068 -0.45477 0.485867 
1534336187675 0.156223 0.894004 -0.419941 -0.596296 -0.95511 0.24508 0.166434 -0.227269 0.251712 0.375089 0.89216 0.395735 0.31622 -0.384863 0.867113 0.400795 -0.930002 -0.306262 0.203222 -0.504304 0.187351 -0.87068 -0.45477 0.485867 
1534336187692 0.156202 0.893951 -0.420063 -0.596214 -0.955166 0.245005 0.166222 -0.227267 0.251512 0.375266 0.892142 0.395742 0.31622 -0.384863 0.867113 0.400795 -0.930002 -0.306262 0.203222 -0.504304 0.187351 -0.87068 -0.45477 0.485867 
1534336187709 0.15618 0.893897 -0.420184 -0.596132 -0.955222 0.24493 0.166011 -0.227266 0.251313 0.375442 0.892124 0.395749 0.31622 -0.384863 0.867113 0.400795 -0.930002 -0.306262 0.203222 -0.504304 0.187351 -0.87068 -0.45477 0.485867 
1534336187738 0.156159 0.893844 -0.420306 -0.596049 -0.955278 0.244855 0.1658 -0.227264 0.251114 0.375618 0.892106 0.395756 0.31622 -0.384863 0.867113 0.400795 -0.930002 -0.306262 0.203222 -0.504304 0.187351 -0.87068 -0.45477 0.485867 
1534336187844 0.156138 0.89379 -0.420428 -0.595968 -0.955334 0.24478 0.165589 -0.227263 0.250915 0.375794 0.892088 0.395763 0.31622 -0.384863 0.867113 0.400795 -0.930002 -0.306262 0.203222 -0.504304 0.187351 -0.87068 -0.45477 0.485867 
1534336187860 0.156116 0.893737 -0.420549 -0.595886 -0.95539 0.244705 0.165378 -0.227261 0.250715 0.37597 0.89207 0.39577 0.31622 -0.384863 0.867113 0.400795 -0.930002 -0.306262 0.203222 -0.504304 0.187351 -0.87068 -0.45477 0.485867 
1534336187890 0.156096 0.893683 -0.420671 -0.595803 -0.955445 0.24463 0.165167 -0.227259 0.250516 0.376146 0.892051 0.395777 0.31622 -0.384863 0.867113 0.400795 -0.930002 -0.306262 0.203222 -0.504304 0.187351 -0.87068 -0.45477 0.485867 
1534336187949 0.156102 0.893806 -0.420407 -0.596051 -0.955277 0.244839 0.165833 -0.227207 0.251154 0.375718 0.892052 0.395727 0.31622 -0.384863 0.867113 0.400795 -0.930002 -0.306262 0.203222 -0.504304 0.187351 -0.87068 -0.45477 0.485867 
1534336187961 0.156054 0.893811 -0.420415 -0.595996 -0.955299 0.244775 0.165799 -0.227219 0.2511 0.375749 0.892055 0.395701 0.31622 -0.384863 0.867113 0.400795 -0.930002 -0.306262 0.203222 -0.504304 0.187351 -0.87068 -0.45477 0.485867 
1534336187978 0.156005 0.893816 -0.420424 -0.595938 -0.955321 0.244711 0.165766 -0.227229 0.251046 0.375779 0.892057 0.395676 0.31622 -0.384863 0.867113 0.400795 -0.930002 -0.306262 0.203222 -0.504304 0.187351 -0.87068 -0.45477 0.485867 
1534336187995 0.155956 0.89382 -0.420432 -0.59588 -0.955343 0.244647 0.165732 -0.227239 0.250993 0.37581 0.892059 0.395651 0.31622 -0.384863 0.867113 0.400795 -0.930002 -0.306262 0.203222 -0.504304 0.187351 -0.87068 -0.45477 0.485867 
1534336188011 0.155907 0.893825 -0.420441 -0.595821 -0.955365 0.244583 0.165699 -0.227249 0.250939 0.375841 0.892061 0.395626 0.31622 -0.384863 0.867113 0.400795 -0.930002 -0.306262 0.203222 -0.504304 0.187351 -0.87068 -0.45477 0.485867 
1534336188028 0.155857 0.89383 -0.420449 -0.595763 -0.955388 0.244519 0.165666 -0.22726 0.250885 0.375871 0.892064 0.395601 0.31622 -0.384863 0.867113 0.400795 -0.930002 -0.306262 0.203222 -0.504304 0.187351 -0.87068 -0.45477 0.485867 
1534336188045 0.155808 0.893834 -0.420458 -0.595703 -0.95541 0.244455 0.165633 -0.227269 0.250831 0.375902 0.892066 0.395576 0.31622 -0.384863 0.867113 0.400795 -0.930002 -0.306262 0.203222 -0.504304 0.187351 -0.87068 -0.45477 0.485867 
1534336188061 0.155759 0.893839 -0.420466 -0.595645 -0.955432 0.244391 0.1656 -0.22728 0.250777 0.375933 0.892068 0.395551 0.31622 -0.384863 0.867113 0.400795 -0.930002 -0.306262 0.203222 -0.504304 0.187351 -0.87068 -0.45477 0.485867 
1534336188078 0.15571 0.893843 -0.420475 -0.595586 -0.955454 0.244327 0.165566 -0.227289 0.250724 0.375964 0.89207 0.395526 0.31622 -0.384863 0.867113 0.400795 -0.930002 -0.306262 0.203222 -0.504304 0.187351 -0.87068 -0.45477 0.485867 
1534336188095 0.155661 0.893848 -0.420483 -0.595528 -0.955476 0.244263 0.165533 -0.2273 0.25067 0.375994 0.892072 0.395501 0.31622 -0.384863 0.867113 0.400795 -0.930002 -0.306262 0.203222 -0.504304 0.187351 -0.87068 -0.45477 0.485867 
1534336188121 0.15614 0.893741 -0.420532 -0.595828 -0.955377 0.244736 0.165405 -0.227291 0.250748 0.37594 0.892073 0.395746 0.31622 -0.384863 0.867113 0.400795 -0.930002 -0.306262 0.203222 -0.504304 0.187351 -0.87068 -0.45477 0.485867 
1534336188136 0.155874 0.893724 -0.420666 -0.595705 -0.955359 0.244612 0.165691 -0.227354 0.250982 0.376061 0.891956 0.395765 0.31622 -0.384863 0.867113 0.400795 -0.930002 -0.306262 0.203222 -0.504304 0.187351 -0.87068 -0.45477 0.485867 
1534336188151 0.155608 0.893707 -0.420801 -0.595578 -0.955341 0.244489 0.165975 -0.227414 0.251215 0.376181 0.89184 0.395785 0.31622 -0.384863 0.867113 0.400795 -0.930002 -0.306262 0.203222 -0.504304 0.187351 -0.87068 -0.45477 0.485867 
1534336188168 0.155343 0.89369 -0.420935 -0.595451 -0.955323 0.244366 0.16626 -0.227475 0.251447 0.376301 0.891724 0.395805 0.31622 -0.384863 0.867113 0.400795 -0.930002 -0.306262 0.203222 -0.504304 0.187351 -0.87068 -0.45477 0.485867 
1534336188185 0.155077 0.893674 -0.421069 -0.595325 -0.955305 0.244243 0.166545 -0.227537 0.25168 0.376422 0.891607 0.395825 0.31622 -0.384863 0.867113 0.400795 -0.930002 -0.306262 0.203222 -0.504304 0.187351 -0.87068 -0.45477 0.485867 
1534336188261 0.154812 0.893656 -0.421203 -0.595198 -0.955287 0.24412 0.16683 -0.227597 0.251913 0.376542 0.891491 0.395845 0.31622 -0.384863 0.867113 0.400795 -0.930002 -0.306262 0.203222 -0.504304 0.187351 -0.87068 -0.45477 0.485867 
1534336188286 0.154546 0.893639 -0.421336 -0.595072 -0.955269 0.243997 0.167115 -0.227658 0.252145 0.376662 0.891374 0.395865 0.31622 -0.384863 0.867113 0.400795 -0.930002 -0.306262 0.203222 -0.504304 0.187351 -0.87068 -0.45477 0.485867 
1534336188293 0.154282 0.893622 -0.42147 -0.594944 -0.95525 0.243875 0.1674 -0.227719 0.252378 0.376783 0.891258 0.395885 0.31622 -0.384863 0.867113 0.400795 -0.930002 -0.306262 0.203222 -0.504304 0.187351 -0.87068 -0.45477 0.485867 
1534336188364 0.154016 0.893604 -0.421604 -0.594818 -0.955231 0.243752 0.167685 -0.22778 0.25261 0.376903 0.891141 0.395905 0.31622 -0.384863 0.867113 0.400795 -0.930002 -0.306262 0.203222 -0.504304 0.187351 -0.87068 -0.45477 0.485867 
1534336188399 0.15375 0.893587 -0.421737 -0.594691 -0.955213 0.243628 0.16797 -0.227841 0.252843 0.377024 0.891024 0.395925 0.31622 -0.384863 0.867113 0.400795 -0.930002 -0.306262 0.203222 -0.504304 0.187351 -0.87068 -0.45477 0.485867 
1534336188438 0.154585 0.893641 -0.421319 -0.595066 -0.955228 0.24408 0.167228 -0.227667 0.252277 0.376605 0.891361 0.39595 0.31622 -0.384863 0.867113 0.400795 -0.930002 -0.306262 0.203222 -0.504304 0.187351 -0.87068 -0.45477 0.485867 
1534336188449 0.154425 0.893719 -0.421212 -0.594898 -0.95524 0.243936 0.167367 -0.227733 0.252328 0.376513 0.891386 0.395944 0.31622 -0.384863 0.867113 0.400795 -0.930002 -0.306262 0.203222 -0.504304 0.187351 -0.87068 -0.45477 0.485867 
1534336188466 0.154265 0.893797 -0.421104 -0.594727 -0.955252 0.243792 0.167507 -0.227797 0.252379 0.37642 0.89141 0.395937 0.31622 -0.384863 0.867113 0.400795 -0.930002 -0.306262 0.203222 -0.504304 0.187351 -0.87068 -0.45477 0.485867 
1534336188484 0.154106 0.893875 -0.420997 -0.594555 -0.955264 0.243648 0.167647 -0.227861 0.25243 0.376328 0.891435 0.395931 0.31622 -0.384863 0.867113 0.400795 -0.930002 -0.306262 0.203222 -0.504304 0.187351 -0.87068 -0.45477 0.485867 
1534336188499 0.153947 0.893953 -0.42089 -0.594383 -0.955277 0.243505 0.167786 -0.227924 0.252482 0.376236 0.891459 0.395925 0.31622 -0.384863 0.867113 0.400795 -0.930002 -0.306262 0.203222 -0.504304 0.187351 -0.87068 -0.45477 0.485867 
1534336188583 0.153788 0.894031 -0.420783 -0.59421 -0.955289 0.243361 0.167926 -0.227988 0.252533 0.376144 0.891483 0.39592 0.31622 -0.384863 0.867113 0.400795 -0.930002 -0.306262 0.203222 -0.504304 0.187351 -0.87068 -0.45477 0.485867 
1534336188600 0.153628 0.894109 -0.420676 -0.594039 -0.955301 0.243217 0.168066 -0.228052 0.252585 0.376052 0.891508 0.395913 0.31622 -0.384863 0.867113 0.400795 -0.930002 -0.306262 0.203222 -0.504304 0.187351 -0.87068 -0.45477 0.485867 
1534336188652 0.15347 0.894186 -0.420569 -0.593866 -0.955313 0.243074 0.168205 -0.228115 0.252636 0.37596 0.891532 0.395908 0.31622 -0.384863 0.867113 0.400795 -0.930002 -0.306262 0.203222 -0.504304 0.187351 -0.87068 -0.45477 0.485867 
1534336188696 0.15331 0.894264 -0.420462 -0.593695 -0.955325 0.24293 0.168345 -0.228179 0.252687 0.375868 0.891556 0.395901 0.31622 -0.384863 0.867113 0.400795 -0.930002 -0.306262 0.203222 -0.504304 0.187351 -0.87068 -0.45477 0.485867 
1534336188738 0.153151 0.894342 -0.420354 -0.593523 -0.955337 0.242786 0.168485 -0.228243 0.252739 0.375776 0.89158 0.395895 0.31622 -0.384863 0.867113 0.400795 -0.930002 -0.306262 0.203222 -0.504304 0.187351 -0.87068 -0.45477 0.485867 
1534336188798 0.153421 0.894198 -0.420562 -0.593977 -0.955337 0.243003 0.168166 -0.228014 0.252572 0.375978 0.891542 0.395891 0.31622 -0.384863 0.867113 0.400795 -0.930002 -0.306262 0.203222 -0.504304 0.187351 -0.87068 -0.45477 0.485867 
1534336188807 0.153174 0.894314 -0.420404 -0.593815 -0.955361 0.242774 0.168362 -0.228039 0.252632 0.375849 0.89158 0.395857 0.31622 -0.384863 0.867113 0.400795 -0.930002 -0.306262 0.203222 -0.504304 0.187351 -0.87068 -0.45477 0.485867 
1534336188824 0.152927 0.89443 -0.420248 -0.59365 -0.955385 0.242545 0.168557 -0.228062 0.252692 0.375722 0.891617 0.395823 0.31622 -0.384863 0.867113 0.400795 -0.930002 -0.306262 0.203222 -0.504304 0.187351 -0.87068 -0.45477 0.485867 
1534336188831 0.15268 0.894546 -0.420092 -0.593484 -0.955408 0.242317 0.168752 -0.228085 0.252752 0.375594 0.891653 0.395789 0.31622 -0.384863 0.867113 0.400795 -0.930002 -0.306262 0.203222 -0.504304 0.187351 -0.87068 -0.45477 0.485867 
1534336188845 0.152433 0.894661 -0.419935 -0.593317 -0.955432 0.242088 0.168947 -0.228108 0.252812 0.375467 0.89169 0.395755 0.31622 -0.384863 0.867113 0.400795 -0.930002 -0.306262 0.203222 -0.504304 0.187351 -0.87068 -0.45477 0.485867 
1534336188861 0.152187 0.894776 -0.419779 -0.593151 -0.955455 0.24186 0.169142 -0.228131 0.252872 0.375339 0.891727 0.395721 0.31622 -0.384863 0.867113 0.400795 -0.930002 -0.306262 0.203222 -0.504304 0.187351 -0.87068 -0.45477 0.485867 
1534336189003 0.15194 0.894892 -0.419623 -0.592985 -0.955479 0.241631 0.169337 -0.228154 0.252932 0.375211 0.891763 0.395687 0.31622 -0.384863 0.867113 0.400795 -0.930002 -0.306262 0.203222 -0.504304 0.187351 -0.87068 -0.45477 0.485867 
1534336189027 0.151694 0.895007 -0.419466 -0.592818 -0.955502 0.241403 0.169532 -0.228177 0.252992 0.375084 0.8918 0.395653 0.31622 -0.384863 0.867113 0.400795 -0.930002 -0.306262 0.203222 -0.504304 0.187351 -0.87068 -0.45477 0.485867 
