1535139712007 0.557884 0.785717 -0.267234 -0.514837 -0.802428 0.592866 0.0679657 -0.153833 0.211836 0.176519 0.961232 0.404009 0.16008 -0.304787 0.938871 0.370831 -0.775623 0.549475 0.310623 -0.528794 -0.61056 -0.777934 -0.14844 0.432481 
1535139712020 0.633092 0.734237 -0.245134 -0.466936 -0.747823 0.661917 0.0512499 -0.148865 0.199888 0.150871 0.968134 0.363358 0.31622 -0.384863 0.867113 0.400795 -0.930002 -0.306262 0.203222 -0.504304 0.187351 -0.87068 -0.454769 0.485867 
1535139712026 0.702709 0.676674 -0.2198 -0.418566 -0.686793 0.725817 0.0387892 -0.147332 0.185782 0.123699 0.974774 0.318662 0.31622 -0.384863 0.867113 0.400795 -0.930002 -0.306262 0.203222 -0.504304 0.187351 -0.87068 -0.454769 0.485867 
