1535372540540 0.244544 0.926175 -0.287051 -0.61922 -0.935905 0.302863 0.179879 -0.236899 0.253537 0.224664 0.940875 0.380661 0.205629 -0.112924 0.972093 0.383305 -0.978327 -0.0484234 0.201323 -0.494601 0.024338 -0.992423 -0.120434 0.442329 
1535372540547 0.24443 0.926257 -0.286885 -0.621075 -0.936365 0.302339 0.178357 -0.237426 0.25194 0.225033 0.941215 0.379962 0.19971 -0.113366 0.973275 0.383049 -0.979831 -0.030045 0.197556 -0.493338 0.00684587 -0.993099 -0.11708 0.44189 
1535372540999 0.244315 0.926339 -0.286718 -0.622938 -0.936824 0.301813 0.176833 -0.237956 0.250343 0.225401 0.941553 0.379261 0.19378 -0.113698 0.974434 0.382791 -0.980987 -0.0116556 0.193723 -0.49207 -0.0106683 -0.993447 -0.113795 0.441451 
1535372541440 0.2442 0.92642 -0.286551 -0.624798 -0.93728 0.301287 0.175309 -0.238486 0.248744 0.225768 0.941889 0.37856 0.187839 -0.113919 0.975571 0.382534 -0.981795 0.00673889 0.189824 -0.490804 -0.0281988 -0.993467 -0.110579 0.441012 
1535372541884 0.244084 0.926502 -0.286385 -0.626659 -0.937733 0.30076 0.173784 -0.239015 0.247145 0.226134 0.942222 0.37786 0.18189 -0.114028 0.976685 0.382277 -0.982254 0.0251319 0.185862 -0.489538 -0.0457394 -0.99316 -0.107434 0.440573 
1535372542344 0.243968 0.926584 -0.286219 -0.62852 -0.938183 0.300233 0.172259 -0.239545 0.245545 0.2265 0.942553 0.377159 0.175937 -0.114026 0.977775 0.382019 -0.982365 0.0435167 0.181838 -0.488271 -0.0632838 -0.992524 -0.104359 0.440134 
1535372542811 0.243852 0.926666 -0.286053 -0.630381 -0.938631 0.299705 0.170733 -0.240075 0.243944 0.226864 0.942881 0.376459 0.16998 -0.113913 0.978841 0.381762 -0.982127 0.0618869 0.177753 -0.487005 -0.0808259 -0.991561 -0.101358 0.439694 
1535372543268 0.243736 0.926748 -0.285887 -0.632241 -0.939075 0.299176 0.169207 -0.240604 0.242343 0.227228 0.943206 0.375758 0.164023 -0.113689 0.979883 0.381505 -0.981541 0.080236 0.173609 -0.485739 -0.0983593 -0.990271 -0.0984294 0.439255 
1535372543721 0.243619 0.926829 -0.285722 -0.634102 -0.939518 0.298647 0.16768 -0.241134 0.24074 0.22759 0.943529 0.375058 0.158066 -0.113353 0.980901 0.381248 -0.980606 0.0985576 0.169407 -0.484472 -0.115878 -0.988654 -0.0955758 0.438816 
1535372544191 0.243503 0.926911 -0.285556 -0.635962 -0.939957 0.298117 0.166152 -0.241663 0.239138 0.227952 0.943849 0.374358 0.152112 -0.112906 0.981893 0.38099 -0.979323 0.116845 0.16515 -0.483206 -0.133376 -0.986711 -0.0927978 0.438377 
1535372544663 0.243458 0.926894 -0.28565 -0.635775 -0.939915 0.298142 0.166346 -0.241523 0.239349 0.227988 0.943787 0.374382 0.152755 -0.112867 0.981798 0.381121 -0.979424 0.11529 0.165639 -0.483331 -0.131886 -0.986899 -0.0929341 0.438411 
1535372544680 0.242858 0.926865 -0.286253 -0.635866 -0.939946 0.297797 0.166791 -0.241605 0.239838 0.228556 0.943525 0.374393 0.154615 -0.11328 0.981459 0.381096 -0.979673 0.110935 0.167138 -0.48354 -0.127812 -0.98735 -0.0938254 0.438705 
1535372544929 0.242257 0.926836 -0.286855 -0.635958 -0.939976 0.297451 0.167236 -0.241688 0.240326 0.229122 0.943264 0.374403 0.156478 -0.113685 0.981117 0.381073 -0.9799 0.106579 0.168634 -0.483754 -0.123737 -0.987784 -0.0947224 0.439 
1535372545146 0.241657 0.926807 -0.287456 -0.63605 -0.940006 0.297106 0.167681 -0.24177 0.240813 0.22969 0.943002 0.374414 0.158343 -0.114081 0.980772 0.38105 -0.980106 0.102219 0.170125 -0.483967 -0.119662 -0.988199 -0.0956256 0.439294 
1535372545384 0.241056 0.926777 -0.288058 -0.636143 -0.940035 0.296761 0.168126 -0.241853 0.2413 0.230257 0.942739 0.374424 0.160208 -0.114468 0.980424 0.381027 -0.980292 0.0978573 0.171612 -0.484181 -0.115586 -0.988595 -0.096535 0.439589 
1535372545617 0.240455 0.926745 -0.288659 -0.636234 -0.940064 0.296417 0.168571 -0.241936 0.241786 0.230824 0.942475 0.374434 0.162075 -0.114848 0.980072 0.381003 -0.980458 0.0934931 0.173094 -0.484393 -0.11151 -0.988974 -0.0974506 0.439884 
1535372545846 0.239853 0.926714 -0.289259 -0.636327 -0.940093 0.296072 0.169017 -0.242019 0.242272 0.231391 0.942211 0.374445 0.163943 -0.115219 0.979718 0.380981 -0.980602 0.0891267 0.174573 -0.484607 -0.107433 -0.989334 -0.0983722 0.440178 
1535372546083 0.239252 0.926682 -0.28986 -0.636419 -0.940121 0.295728 0.169462 -0.242101 0.242757 0.231959 0.941947 0.374455 0.165812 -0.115582 0.979361 0.380957 -0.980726 0.084758 0.176046 -0.48482 -0.103356 -0.989675 -0.0993 0.440473 
1535372546317 0.23865 0.92665 -0.29046 -0.636511 -0.940149 0.295384 0.169908 -0.242184 0.243243 0.232527 0.941682 0.374466 0.167681 -0.115936 0.979 0.380934 -0.98083 0.0803874 0.177514 -0.485033 -0.0992795 -0.989998 -0.100234 0.440767 
1535372546547 0.238047 0.926617 -0.291058 -0.636604 -0.940176 0.29504 0.170355 -0.242267 0.243727 0.233094 0.941416 0.374476 0.169553 -0.116282 0.978637 0.380911 -0.980912 0.0760146 0.178979 -0.485247 -0.0952027 -0.990303 -0.101174 0.441062 
1535372546806 0.238601 0.926621 -0.290591 -0.636555 -0.940201 0.295323 0.169724 -0.242171 0.243088 0.232718 0.941675 0.374406 0.169162 -0.116423 0.978688 0.380939 -0.980842 0.0774532 0.178748 -0.485091 -0.0966129 -0.990175 -0.10109 0.440864 
1535372546821 0.23843 0.926604 -0.290785 -0.63662 -0.940272 0.29517 0.169599 -0.242224 0.242982 0.232979 0.941637 0.374473 0.170328 -0.115436 0.978603 0.380956 -0.981051 0.0732067 0.179389 -0.485244 -0.0923482 -0.990614 -0.100779 0.440859 
1535372547042 0.238259 0.926588 -0.290978 -0.636686 -0.940343 0.295016 0.169474 -0.242278 0.242875 0.23324 0.9416 0.374539 0.17149 -0.114443 0.978516 0.380975 -0.98124 0.0689597 0.180033 -0.485402 -0.0880818 -0.991033 -0.10047 0.440855 
1535372547288 0.238087 0.926571 -0.291171 -0.636751 -0.940414 0.294861 0.169349 -0.242331 0.242768 0.233502 0.941563 0.374605 0.172648 -0.113446 0.978429 0.380993 -0.981411 0.0647122 0.180678 -0.485559 -0.0838134 -0.991435 -0.100164 0.440851 
1535372547534 0.237916 0.926554 -0.291364 -0.636817 -0.940485 0.294706 0.169223 -0.242385 0.242662 0.233763 0.941526 0.374672 0.173802 -0.112443 0.97834 0.381012 -0.981563 0.060464 0.181324 -0.485717 -0.079543 -0.991817 -0.0998614 0.440847 
1535372547787 0.237744 0.926538 -0.291557 -0.636883 -0.940556 0.294552 0.169098 -0.242438 0.242555 0.234024 0.941488 0.374738 0.174951 -0.111436 0.978251 0.38103 -0.981696 0.0562155 0.181971 -0.485874 -0.0752709 -0.99218 -0.0995611 0.440843 
1535372548047 0.237573 0.926521 -0.291751 -0.636949 -0.940627 0.294397 0.168973 -0.242492 0.242448 0.234285 0.941451 0.374805 0.176096 -0.110423 0.97816 0.381049 -0.981809 0.0519665 0.18262 -0.486032 -0.070997 -0.992525 -0.0992635 0.440838 
1535372548299 0.237401 0.926504 -0.291944 -0.637015 -0.940697 0.294242 0.168848 -0.242545 0.242341 0.234546 0.941413 0.374871 0.177236 -0.109406 0.978068 0.381067 -0.981904 0.0477172 0.183269 -0.486189 -0.0667214 -0.992851 -0.0989688 0.440834 
1535372548554 0.23723 0.926487 -0.292137 -0.637081 -0.940768 0.294088 0.168723 -0.242599 0.242234 0.234807 0.941376 0.374938 0.178372 -0.108383 0.977976 0.381085 -0.98198 0.0434678 0.183919 -0.486345 -0.0624443 -0.993158 -0.0986769 0.44083 
1535372548799 0.237058 0.92647 -0.29233 -0.637147 -0.940839 0.293933 0.168598 -0.242653 0.242127 0.235068 0.941338 0.375004 0.179503 -0.107356 0.977882 0.381104 -0.982036 0.0392182 0.184571 -0.486504 -0.0581656 -0.993447 -0.0983878 0.440826 
1535372549073 0.237345 0.926396 -0.29233 -0.637088 -0.940732 0.29424 0.168661 -0.24269 0.242262 0.234974 0.941327 0.374899 0.179024 -0.10756 0.977948 0.381053 -0.982049 0.040502 0.184229 -0.486517 -0.0594245 -0.993373 -0.0983782 0.440835 
1535372549086 0.236948 0.926544 -0.292186 -0.63713 -0.940806 0.29386 0.168907 -0.242789 0.242361 0.234868 0.941328 0.37494 0.179363 -0.108349 0.977798 0.381041 -0.982113 0.0381701 0.184385 -0.486548 -0.0573005 -0.99338 -0.0995643 0.440982 
1535372549219 0.23655 0.926691 -0.292041 -0.637178 -0.940881 0.29348 0.169153 -0.242891 0.24246 0.234763 0.941329 0.37498 0.179706 -0.109137 0.977648 0.381031 -0.982172 0.0358387 0.184539 -0.486582 -0.0551776 -0.99338 -0.100751 0.441129 
1535372549296 0.236152 0.926838 -0.291897 -0.637225 -0.940955 0.293099 0.169398 -0.242992 0.242559 0.234658 0.941329 0.375021 0.18005 -0.109925 0.977496 0.38102 -0.982226 0.033507 0.184689 -0.486615 -0.053055 -0.993375 -0.101938 0.441276 
1535372549511 0.235754 0.926985 -0.291752 -0.637273 -0.94103 0.292719 0.169644 -0.243093 0.242659 0.234553 0.94133 0.375061 0.180396 -0.110712 0.977343 0.381009 -0.982274 0.0311751 0.184838 -0.486648 -0.0509324 -0.993364 -0.103125 0.441422 
1535372549615 0.235356 0.927131 -0.291607 -0.637321 -0.941104 0.292338 0.16989 -0.243194 0.242758 0.234448 0.94133 0.375101 0.180744 -0.111497 0.97719 0.380998 -0.982318 0.0288428 0.184983 -0.486682 -0.04881 -0.993346 -0.104313 0.441569 
1535372549741 0.234959 0.927278 -0.291463 -0.637367 -0.941177 0.291958 0.170135 -0.243295 0.242857 0.234343 0.941331 0.375142 0.181093 -0.112282 0.977035 0.380987 -0.982357 0.0265103 0.185126 -0.486715 -0.0466878 -0.993323 -0.1055 0.441716 
1535372549833 0.234561 0.927424 -0.291317 -0.637415 -0.941251 0.291577 0.170381 -0.243397 0.242957 0.234238 0.941331 0.375182 0.181443 -0.113066 0.97688 0.380976 -0.982391 0.0241776 0.185265 -0.486748 -0.0445658 -0.993293 -0.106688 0.441863 
1535372549930 0.234163 0.92757 -0.291172 -0.637462 -0.941324 0.291196 0.170626 -0.243498 0.243056 0.234134 0.941332 0.375222 0.181796 -0.113849 0.976723 0.380965 -0.98242 0.0218446 0.185403 -0.486781 -0.042444 -0.993258 -0.107876 0.44201 
1535372550038 0.233765 0.927716 -0.291027 -0.637509 -0.941398 0.290815 0.170871 -0.243599 0.243155 0.234029 0.941332 0.375263 0.18215 -0.114631 0.976566 0.380954 -0.982444 0.0195114 0.185537 -0.486814 -0.0403224 -0.993217 -0.109064 0.442157 
1535372550159 0.234189 0.927588 -0.291093 -0.637434 -0.94134 0.291185 0.170558 -0.243424 0.242969 0.234075 0.941369 0.3752 0.181745 -0.113724 0.976747 0.380927 -0.982422 0.0220539 0.185368 -0.486788 -0.042622 -0.993268 -0.107717 0.44198 
1535372550181 0.233875 0.927766 -0.290778 -0.637478 -0.941516 0.290734 0.170357 -0.243537 0.24259 0.23393 0.941502 0.375179 0.181526 -0.114901 0.976651 0.380912 -0.982422 0.0227893 0.185279 -0.486831 -0.0435459 -0.993116 -0.108744 0.442108 
1535372550368 0.23356 0.927945 -0.290463 -0.637526 -0.941692 0.290282 0.170156 -0.243651 0.242212 0.233784 0.941636 0.375158 0.181305 -0.116078 0.976552 0.380896 -0.982421 0.023525 0.18519 -0.486873 -0.04447 -0.992961 -0.109773 0.442237 
1535372550531 0.233246 0.928122 -0.290147 -0.637574 -0.941867 0.289831 0.169955 -0.243766 0.241833 0.233638 0.94177 0.375136 0.181082 -0.117256 0.976453 0.380881 -0.98242 0.024261 0.185102 -0.486916 -0.045394 -0.992805 -0.110801 0.442365 
1535372550703 0.232931 0.9283 -0.289831 -0.637622 -0.942042 0.28938 0.169754 -0.243881 0.241454 0.233492 0.941903 0.375115 0.180859 -0.118433 0.976352 0.380866 -0.982418 0.0249967 0.185015 -0.486958 -0.0463173 -0.992647 -0.11183 0.442494 
1535372550864 0.232616 0.928477 -0.289516 -0.637671 -0.942217 0.288928 0.169553 -0.243996 0.241076 0.233345 0.942036 0.375093 0.180634 -0.11961 0.97625 0.380851 -0.982415 0.0257328 0.184927 -0.487001 -0.0472408 -0.992487 -0.112858 0.442622 
1535372551025 0.232301 0.928655 -0.2892 -0.63772 -0.942391 0.288477 0.169352 -0.244111 0.240697 0.233199 0.942169 0.375071 0.180408 -0.120786 0.976147 0.380835 -0.982412 0.0264688 0.184841 -0.487044 -0.0481637 -0.992326 -0.113886 0.44275 
1535372551195 0.231986 0.928832 -0.288885 -0.637768 -0.942565 0.288026 0.169151 -0.244226 0.240319 0.233052 0.942302 0.37505 0.180182 -0.121962 0.976043 0.38082 -0.982408 0.0272049 0.184756 -0.487086 -0.0490864 -0.992162 -0.114914 0.442879 
1535372551354 0.231671 0.929008 -0.288569 -0.637816 -0.942739 0.287574 0.168949 -0.24434 0.23994 0.232905 0.942435 0.375028 0.179954 -0.123138 0.975937 0.380805 -0.982403 0.0279411 0.184672 -0.487129 -0.0500088 -0.991996 -0.115943 0.443007 
1535372551512 0.231355 0.929185 -0.288254 -0.637865 -0.942913 0.287123 0.168747 -0.244456 0.239562 0.232757 0.942568 0.375007 0.179725 -0.124313 0.975831 0.380789 -0.982398 0.0286776 0.184588 -0.487172 -0.0509311 -0.991829 -0.116971 0.443136 
1535372551678 0.231678 0.92896 -0.28872 -0.637805 -0.942671 0.287673 0.169161 -0.244257 0.240201 0.232977 0.942351 0.375052 0.179873 -0.123519 0.975904 0.380833 -0.982401 0.0282112 0.184641 -0.487145 -0.0503381 -0.991941 -0.116271 0.443015 
1535372551693 0.232076 0.92889 -0.288624 -0.637785 -0.942628 0.287981 0.168875 -0.244236 0.239985 0.232874 0.942432 0.375029 0.179732 -0.124378 0.975821 0.380844 -0.982374 0.0290884 0.184646 -0.487208 -0.051351 -0.991808 -0.116957 0.443088 
1535372551863 0.232474 0.92882 -0.28853 -0.637761 -0.942585 0.28829 0.16859 -0.244214 0.23977 0.232771 0.942512 0.375007 0.179591 -0.125236 0.975737 0.380856 -0.982347 0.0299649 0.184653 -0.487273 -0.052363 -0.991674 -0.117643 0.443161 
1535372551989 0.232872 0.92875 -0.288435 -0.637737 -0.942541 0.288599 0.168304 -0.244192 0.239554 0.232668 0.942592 0.374984 0.179449 -0.126094 0.975653 0.380869 -0.982318 0.0308413 0.184661 -0.487338 -0.0533749 -0.991539 -0.11833 0.443234 
1535372552116 0.23327 0.928679 -0.28834 -0.637713 -0.942498 0.288908 0.168019 -0.244169 0.239339 0.232566 0.942672 0.374962 0.179307 -0.126951 0.975568 0.380881 -0.982289 0.0317176 0.18467 -0.487402 -0.0543867 -0.991402 -0.119016 0.443307 
1535372552242 0.233667 0.928609 -0.288245 -0.637688 -0.942454 0.289217 0.167733 -0.244146 0.239124 0.232464 0.942751 0.37494 0.179164 -0.127809 0.975482 0.380893 -0.982258 0.0325939 0.184679 -0.487467 -0.0553983 -0.991263 -0.119701 0.44338 
1535372552382 0.234065 0.928538 -0.28815 -0.637665 -0.94241 0.289525 0.167448 -0.244124 0.238909 0.232361 0.942831 0.374918 0.17902 -0.128666 0.975396 0.380905 -0.982227 0.0334701 0.184689 -0.487532 -0.0564097 -0.991123 -0.120387 0.443453 
1535372552510 0.234463 0.928467 -0.288055 -0.63764 -0.942365 0.289834 0.167163 -0.244101 0.238693 0.232259 0.942911 0.374896 0.178875 -0.129523 0.975309 0.380917 -0.982195 0.0343463 0.184699 -0.487596 -0.057421 -0.990981 -0.121073 0.443526 
1535372552648 0.23486 0.928397 -0.287959 -0.637616 -0.942321 0.290143 0.166878 -0.244079 0.238478 0.232157 0.942991 0.374873 0.178729 -0.13038 0.975222 0.380929 -0.982162 0.0352225 0.18471 -0.487661 -0.0584322 -0.990838 -0.121759 0.443599 
1535372552784 0.235258 0.928325 -0.287864 -0.637591 -0.942276 0.290452 0.166592 -0.244056 0.238262 0.232055 0.94307 0.374851 0.178582 -0.131236 0.975134 0.380941 -0.982128 0.0360987 0.184721 -0.487726 -0.0594431 -0.990694 -0.122444 0.443672 
