1535161686707 0.2139 0.919499 -0.3298 -0.472343 -0.943695 0.281725 0.173407 -0.171403 0.252361 0.274139 0.927988 0.474222 0.234501 -0.160844 0.958717 0.325877 -0.966931 -0.140311 0.21297 -0.488712 0.100264 -0.976955 -0.188428 0.45311 
1535161686720 0.218237 0.920322 -0.324624 -0.488589 -0.943286 0.284204 0.171581 -0.178512 0.250169 0.268768 0.93015 0.464157 0.226368 -0.158171 0.961114 0.331723 -0.971159 -0.112504 0.210219 -0.488442 0.0748791 -0.980982 -0.179076 0.451879 
1535161686726 0.222559 0.921104 -0.31943 -0.504836 -0.942862 0.28669 0.169767 -0.185623 0.24795 0.263395 0.932279 0.454092 0.2183 -0.155259 0.963452 0.337569 -0.974633 -0.0846206 0.207197 -0.488173 0.0493587 -0.984243 -0.169793 0.450648 
1535161687833 0.226866 0.921846 -0.314216 -0.521086 -0.942423 0.289183 0.167968 -0.192735 0.245706 0.258018 0.934374 0.444026 0.210303 -0.152112 0.96573 0.343415 -0.977348 -0.0566831 0.203905 -0.487904 0.0237241 -0.986737 -0.160587 0.449417 
1535161688036 0.231158 0.922548 -0.308986 -0.537335 -0.941969 0.291683 0.166182 -0.199846 0.243436 0.25264 0.936436 0.433961 0.202385 -0.148732 0.967946 0.349261 -0.979304 -0.0287148 0.200348 -0.487635 -0.00200378 -0.988461 -0.151465 0.448186 
1535161688474 0.235434 0.923209 -0.303737 -0.553583 -0.9415 0.29419 0.164409 -0.206957 0.24114 0.247261 0.938463 0.423895 0.194551 -0.145122 0.970098 0.355108 -0.980498 -0.000737833 0.196527 -0.487366 -0.0278045 -0.989414 -0.142435 0.446955 
1535161689340 0.239695 0.92383 -0.298471 -0.569831 -0.941016 0.296704 0.162651 -0.214068 0.238819 0.241879 0.940457 0.41383 0.186808 -0.141284 0.972184 0.360954 -0.98093 0.0272239 0.192445 -0.487096 -0.0536561 -0.989595 -0.133504 0.445725 
1535161689440 0.243941 0.92441 -0.293187 -0.586081 -0.940518 0.299224 0.160906 -0.221179 0.236472 0.236496 0.942418 0.403764 0.179162 -0.137222 0.974203 0.3668 -0.980599 0.0551485 0.188107 -0.486827 -0.0795382 -0.989004 -0.124679 0.444494 
1535161689932 0.24817 0.92495 -0.287886 -0.60233 -0.940005 0.301751 0.159175 -0.228291 0.234099 0.231112 0.944344 0.393699 0.17162 -0.132939 0.976153 0.372646 -0.979506 0.083013 0.183515 -0.486558 -0.10543 -0.987642 -0.115968 0.443263 
1535161690745 0.252386 0.925448 -0.282573 -0.618551 -0.939477 0.304288 0.157456 -0.235389 0.231701 0.225731 0.946235 0.383638 0.164187 -0.128439 0.978032 0.378492 -0.977651 0.110795 0.178673 -0.486288 -0.131309 -0.985509 -0.107378 0.442032 
1535161692739 0.253454 0.925078 -0.282827 -0.618307 -0.939151 0.305391 0.157264 -0.235644 0.231854 0.225758 0.946191 0.384262 0.164777 -0.128931 0.977868 0.378122 -0.977767 0.10901 0.179133 -0.486174 -0.129693 -0.985644 -0.108102 0.442232 
1535161692752 0.253768 0.925163 -0.28227 -0.619955 -0.93913 0.305534 0.157113 -0.236329 0.231598 0.225218 0.946382 0.383193 0.163984 -0.128418 0.978069 0.378744 -0.977531 0.111966 0.178595 -0.486159 -0.132445 -0.985379 -0.107171 0.442089 
1535161692759 0.254081 0.925247 -0.281711 -0.621607 -0.939108 0.305677 0.156962 -0.237016 0.231341 0.224676 0.946574 0.382124 0.163192 -0.127902 0.978269 0.379365 -0.977287 0.11492 0.178054 -0.486143 -0.135196 -0.985106 -0.106243 0.441946 
1535161693037 0.254393 0.925331 -0.281152 -0.62326 -0.939087 0.30582 0.156811 -0.237703 0.231084 0.224135 0.946765 0.381054 0.162402 -0.127384 0.978468 0.379987 -0.977034 0.117874 0.177509 -0.486128 -0.137947 -0.984824 -0.105315 0.441803 
1535161693278 0.254706 0.925415 -0.280593 -0.624913 -0.939065 0.305964 0.15666 -0.238391 0.230827 0.223593 0.946956 0.379985 0.161612 -0.126863 0.978666 0.380608 -0.976773 0.120825 0.176962 -0.486112 -0.140698 -0.984534 -0.10439 0.44166 
1535161693308 0.255019 0.925498 -0.280034 -0.626564 -0.939044 0.306107 0.156509 -0.239077 0.230569 0.223052 0.947146 0.378915 0.160824 -0.12634 0.978863 0.38123 -0.976503 0.123776 0.176412 -0.486097 -0.143448 -0.984235 -0.103465 0.441517 
1535161693490 0.255331 0.925581 -0.279475 -0.628217 -0.939022 0.30625 0.156358 -0.239764 0.230312 0.22251 0.947336 0.377846 0.160038 -0.125815 0.97906 0.381852 -0.976224 0.126725 0.175859 -0.486081 -0.146197 -0.983927 -0.102542 0.441373 
1535161693804 0.255643 0.925664 -0.278915 -0.629869 -0.939001 0.306394 0.156208 -0.240452 0.230054 0.221968 0.947526 0.376776 0.159253 -0.125287 0.979256 0.382473 -0.975937 0.129673 0.175304 -0.486066 -0.148946 -0.98361 -0.101621 0.44123 
1535161693949 0.255955 0.925746 -0.278356 -0.631521 -0.938979 0.306537 0.156057 -0.241138 0.229796 0.221427 0.947715 0.375707 0.158469 -0.124756 0.979451 0.383095 -0.975641 0.13262 0.174745 -0.48605 -0.151695 -0.983284 -0.100701 0.441087 
1535161694017 0.256266 0.925828 -0.277796 -0.633174 -0.938957 0.306681 0.155907 -0.241826 0.229538 0.220885 0.947904 0.374637 0.157687 -0.124224 0.979645 0.383716 -0.975337 0.135565 0.174184 -0.486035 -0.154443 -0.98295 -0.0997833 0.440944 
1535161694586 0.256913 0.925416 -0.278569 -0.631239 -0.938654 0.307552 0.156016 -0.241396 0.230055 0.221398 0.947659 0.376053 0.158189 -0.124501 0.979528 0.383413 -0.975464 0.134133 0.174581 -0.486004 -0.153122 -0.983111 -0.100228 0.441047 
1535161694715 0.256472 0.925263 -0.279483 -0.631532 -0.938705 0.307351 0.156106 -0.24157 0.230339 0.222315 0.947375 0.376004 0.160867 -0.123142 0.979264 0.383626 -0.97644 0.124729 0.176088 -0.486336 -0.143827 -0.98452 -0.100176 0.441181 
1535161694934 0.256029 0.925109 -0.280397 -0.631828 -0.938756 0.307149 0.156197 -0.241746 0.230622 0.223233 0.94709 0.375955 0.163533 -0.121757 0.978996 0.383841 -0.977324 0.115316 0.177596 -0.486673 -0.134517 -0.985838 -0.100138 0.441315 
1535161695077 0.255587 0.924954 -0.28131 -0.632124 -0.938807 0.306947 0.156287 -0.241921 0.230906 0.224151 0.946805 0.375905 0.166185 -0.120346 0.978723 0.384055 -0.978115 0.105895 0.179103 -0.487009 -0.125196 -0.987068 -0.100114 0.441449 
1535161695322 0.255143 0.924799 -0.282222 -0.63242 -0.938858 0.306744 0.156378 -0.242097 0.231188 0.225068 0.946518 0.375856 0.168823 -0.11891 0.978447 0.38427 -0.978813 0.0964658 0.180609 -0.487346 -0.115863 -0.988208 -0.100105 0.441583 
1535161695532 0.2547 0.924642 -0.283134 -0.632715 -0.938909 0.306542 0.156469 -0.242272 0.231471 0.225985 0.946231 0.375807 0.171446 -0.117449 0.978168 0.384484 -0.979418 0.0870304 0.182115 -0.487681 -0.10652 -0.989258 -0.100111 0.441718 
1535161695574 0.254256 0.924485 -0.284046 -0.633012 -0.938959 0.30634 0.156561 -0.242448 0.231753 0.226902 0.945942 0.375757 0.174055 -0.115962 0.977884 0.384699 -0.97993 0.0775894 0.18362 -0.488019 -0.0971665 -0.990218 -0.10013 0.441852 
1535161695616 0.253812 0.924326 -0.284958 -0.633308 -0.93901 0.306138 0.156652 -0.242624 0.232034 0.227819 0.945653 0.375708 0.176649 -0.114451 0.977597 0.384913 -0.98035 0.0681436 0.185124 -0.488354 -0.0878046 -0.991089 -0.100165 0.441986 
1535161695802 0.253367 0.924166 -0.28587 -0.633605 -0.939061 0.305936 0.156744 -0.2428 0.232315 0.228735 0.945362 0.375659 0.179228 -0.112915 0.977306 0.385128 -0.980676 0.058694 0.186627 -0.488692 -0.078435 -0.99187 -0.100213 0.44212 
1535161695899 0.252923 0.924006 -0.286781 -0.6339 -0.939111 0.305734 0.156836 -0.242975 0.232596 0.229652 0.945071 0.375609 0.181791 -0.111353 0.977012 0.385343 -0.980909 0.0492415 0.188129 -0.489028 -0.0690583 -0.99256 -0.100276 0.442254 
1535161696198 0.253495 0.924119 -0.285911 -0.633563 -0.939028 0.306062 0.156689 -0.242915 0.232306 0.228759 0.945359 0.375611 0.173597 -0.116368 0.977918 0.384638 -0.979878 0.0789141 0.183335 -0.487853 -0.0985058 -0.990066 -0.100327 0.441828 
1535161696235 0.252881 0.924259 -0.286 -0.633687 -0.93919 0.305495 0.156831 -0.243016 0.232324 0.228948 0.945308 0.375613 0.174698 -0.115834 0.977785 0.384571 -0.979939 0.0762886 0.184121 -0.488031 -0.0959212 -0.990335 -0.100183 0.44182 
1535161696324 0.252266 0.9244 -0.286087 -0.633817 -0.939351 0.304926 0.156973 -0.243119 0.232341 0.229137 0.945258 0.375614 0.1758 -0.115298 0.977651 0.384506 -0.979991 0.0736624 0.184908 -0.488214 -0.0933356 -0.990596 -0.100041 0.441813 
1535161696332 0.25165 0.924541 -0.286174 -0.633947 -0.939511 0.304357 0.157115 -0.243222 0.232359 0.229326 0.945209 0.375615 0.176901 -0.114759 0.977516 0.384441 -0.980036 0.0710361 0.185696 -0.488398 -0.0907492 -0.99085 -0.0999013 0.441806 
1535161696429 0.251035 0.924681 -0.286261 -0.634077 -0.939672 0.303788 0.157257 -0.243325 0.232376 0.229515 0.945159 0.375616 0.177999 -0.114217 0.97738 0.384376 -0.980073 0.0684099 0.186484 -0.48858 -0.088162 -0.991098 -0.0997637 0.441798 
1535161696616 0.25042 0.924821 -0.286349 -0.634206 -0.939832 0.303219 0.157399 -0.243428 0.232393 0.229704 0.945108 0.375617 0.179096 -0.113672 0.977243 0.384311 -0.980103 0.0657836 0.187272 -0.488762 -0.0855741 -0.991338 -0.0996282 0.441791 
1535161696813 0.249805 0.924961 -0.286436 -0.634336 -0.939991 0.30265 0.157541 -0.243531 0.232409 0.229892 0.945058 0.375618 0.180192 -0.113124 0.977105 0.384246 -0.980125 0.0631572 0.188061 -0.488945 -0.0829853 -0.991572 -0.0994948 0.441783 
1535161696950 0.249189 0.9251 -0.286522 -0.634465 -0.94015 0.302081 0.157684 -0.243634 0.232426 0.230081 0.945008 0.375619 0.181286 -0.112573 0.976966 0.384181 -0.980139 0.0605309 0.188849 -0.489127 -0.0803959 -0.991798 -0.0993634 0.441776 
1535161697076 0.248574 0.925239 -0.286609 -0.634595 -0.940309 0.301512 0.157826 -0.243738 0.232443 0.23027 0.944958 0.37562 0.182377 -0.112019 0.976827 0.384116 -0.980145 0.0579047 0.189637 -0.48931 -0.0778058 -0.992018 -0.0992341 0.441769 
1535161697102 0.247958 0.925377 -0.286696 -0.634724 -0.940468 0.300943 0.157968 -0.243841 0.232459 0.230459 0.944908 0.375621 0.183469 -0.111462 0.976686 0.38405 -0.980144 0.0552784 0.190427 -0.489492 -0.0752149 -0.99223 -0.0991069 0.441761 
1535161697522 0.248597 0.92523 -0.286616 -0.634613 -0.940321 0.301518 0.157745 -0.243771 0.232371 0.230296 0.94497 0.375653 0.183026 -0.111867 0.976723 0.384127 -0.980141 0.0563595 0.190122 -0.489343 -0.0763159 -0.992124 -0.0993299 0.441702 
1535161697536 0.248195 0.925459 -0.286224 -0.634645 -0.940413 0.301081 0.158032 -0.243886 0.232429 0.229946 0.945041 0.375613 0.183759 -0.112148 0.976553 0.384125 -0.980245 0.0530399 0.190545 -0.489488 -0.0731655 -0.992275 -0.100186 0.441863 
1535161697542 0.247793 0.925689 -0.285831 -0.634681 -0.940505 0.300644 0.158318 -0.244003 0.232486 0.229596 0.945112 0.375572 0.184467 -0.112447 0.976385 0.384126 -0.980336 0.0498026 0.190949 -0.489634 -0.0700982 -0.992409 -0.101049 0.442019 
1535161697647 0.24739 0.925918 -0.285438 -0.634719 -0.940596 0.300206 0.158604 -0.244121 0.232544 0.229245 0.945183 0.37553 0.185175 -0.112744 0.976217 0.384127 -0.980417 0.0465647 0.19135 -0.48978 -0.0670308 -0.992532 -0.101914 0.442175 
1535161697651 0.246988 0.926146 -0.285045 -0.634754 -0.940688 0.299768 0.158889 -0.244237 0.232602 0.228894 0.945253 0.37549 0.185886 -0.113039 0.976048 0.384128 -0.980487 0.0433261 0.191749 -0.489924 -0.0639633 -0.992646 -0.102779 0.442331 
1535161697814 0.246586 0.926374 -0.284651 -0.634791 -0.940779 0.29933 0.159175 -0.244355 0.23266 0.228543 0.945324 0.375448 0.186596 -0.113331 0.975878 0.38413 -0.980548 0.040087 0.192145 -0.49007 -0.0608959 -0.992748 -0.103646 0.442487 
1535161697898 0.246183 0.926602 -0.284257 -0.634829 -0.94087 0.298892 0.15946 -0.244472 0.232718 0.228193 0.945394 0.375407 0.187307 -0.11362 0.975708 0.384131 -0.980598 0.0368474 0.192537 -0.490216 -0.0578284 -0.992841 -0.104514 0.442643 
1535161698092 0.245781 0.92683 -0.283863 -0.634865 -0.940961 0.298454 0.159745 -0.244589 0.232776 0.227842 0.945465 0.375366 0.18802 -0.113908 0.975538 0.384132 -0.980637 0.0336072 0.192927 -0.49036 -0.054761 -0.992923 -0.105383 0.442799 
1535161698165 0.245378 0.927057 -0.283469 -0.634902 -0.941051 0.298015 0.16003 -0.244707 0.232835 0.227491 0.945535 0.375325 0.188733 -0.114193 0.975367 0.384133 -0.980667 0.0303667 0.193314 -0.490506 -0.0516937 -0.992994 -0.106254 0.442956 
1535161698182 0.244976 0.927284 -0.283075 -0.634938 -0.941142 0.297576 0.160314 -0.244824 0.232893 0.22714 0.945605 0.375284 0.189446 -0.114475 0.975195 0.384134 -0.980686 0.0271258 0.193697 -0.490651 -0.0486265 -0.993056 -0.107125 0.443112 
1535161698561 0.245458 0.92701 -0.283552 -0.634887 -0.941037 0.2981 0.159957 -0.244739 0.232808 0.227571 0.945522 0.375361 0.189089 -0.114284 0.975287 0.384088 -0.980655 0.0292047 0.193553 -0.490523 -0.050603 -0.993019 -0.106551 0.442918 
1535161698578 0.245838 0.92704 -0.283127 -0.634858 -0.940996 0.298333 0.159763 -0.244745 0.232573 0.227146 0.945682 0.375304 0.189281 -0.116219 0.975021 0.384133 -0.980567 0.0297847 0.193908 -0.490648 -0.0515765 -0.992777 -0.108323 0.443187 
1535161698669 0.246198 0.927078 -0.282689 -0.634834 -0.940959 0.298546 0.159585 -0.244757 0.232343 0.226709 0.945843 0.375245 0.189472 -0.118154 0.974751 0.384178 -0.980479 0.0303636 0.194265 -0.490775 -0.0525502 -0.992531 -0.110094 0.443456 
1535161698748 0.246558 0.927115 -0.282252 -0.634811 -0.940921 0.298759 0.159406 -0.244769 0.232113 0.226274 0.946004 0.375186 0.189661 -0.120088 0.974478 0.384224 -0.98039 0.0309419 0.194624 -0.490904 -0.0535242 -0.992281 -0.111864 0.443726 
1535161698772 0.246917 0.927153 -0.281814 -0.634787 -0.940884 0.298972 0.159228 -0.244781 0.231883 0.225838 0.946165 0.375127 0.189848 -0.122022 0.974201 0.384271 -0.9803 0.0315193 0.194984 -0.491033 -0.0544985 -0.992027 -0.113634 0.443995 
1535161698779 0.247276 0.927191 -0.281375 -0.634763 -0.940846 0.299185 0.15905 -0.244794 0.231653 0.225402 0.946325 0.375068 0.190033 -0.123955 0.973921 0.384317 -0.980209 0.032096 0.195345 -0.491162 -0.0554731 -0.991769 -0.115403 0.444265 
1535161698840 0.247636 0.927227 -0.280938 -0.63474 -0.940808 0.299399 0.158871 -0.244806 0.231422 0.224966 0.946485 0.375009 0.190216 -0.125888 0.973637 0.384363 -0.980118 0.0326721 0.195707 -0.49129 -0.056448 -0.991506 -0.117171 0.444534 
1535161699040 0.247994 0.927264 -0.280499 -0.634716 -0.940771 0.299612 0.158694 -0.244818 0.231192 0.22453 0.946645 0.37495 0.190397 -0.127821 0.97335 0.384409 -0.980026 0.0332474 0.196069 -0.491417 -0.0574232 -0.99124 -0.118938 0.444803 
1535161699061 0.248354 0.927301 -0.280061 -0.634692 -0.940732 0.299826 0.158515 -0.24483 0.230961 0.224094 0.946805 0.37489 0.190577 -0.129754 0.973059 0.384455 -0.979934 0.0338219 0.196434 -0.491547 -0.0583987 -0.990969 -0.120704 0.445073 
1535161699087 0.248712 0.927337 -0.279622 -0.634669 -0.940694 0.300038 0.158338 -0.244842 0.23073 0.223658 0.946964 0.374831 0.190754 -0.131686 0.972765 0.384501 -0.97984 0.0343957 0.196798 -0.491675 -0.0593745 -0.990695 -0.12247 0.445342 
1535161699495 0.248017 0.927224 -0.280613 -0.634694 -0.940745 0.299672 0.15873 -0.244843 0.23127 0.224617 0.946605 0.374886 0.190556 -0.130483 0.972966 0.384439 -0.979943 0.0335834 0.196427 -0.49159 -0.0583059 -0.990882 -0.121467 0.445378 
1535161699508 0.248866 0.927073 -0.280359 -0.634492 -0.940657 0.300308 0.15805 -0.244715 0.230718 0.224388 0.946794 0.374932 0.191059 -0.130108 0.972917 0.384486 -0.979929 0.032156 0.196736 -0.491696 -0.0568822 -0.990978 -0.121353 0.445295 
1535161699515 0.249714 0.926922 -0.280104 -0.634286 -0.940567 0.300945 0.157369 -0.244586 0.230165 0.22416 0.946983 0.374979 0.19156 -0.129733 0.972869 0.384533 -0.979913 0.0307297 0.197045 -0.491803 -0.0554591 -0.991073 -0.12124 0.445213 
1535161699618 0.250562 0.92677 -0.279849 -0.63408 -0.940477 0.301582 0.156688 -0.244457 0.229611 0.223932 0.947171 0.375025 0.192061 -0.129356 0.97282 0.38458 -0.979894 0.0293033 0.197354 -0.491911 -0.0540358 -0.991165 -0.121127 0.445131 
1535161699625 0.25141 0.926618 -0.279594 -0.633873 -0.940386 0.302219 0.156007 -0.244327 0.229057 0.223704 0.947359 0.375072 0.192562 -0.128979 0.972771 0.384628 -0.979873 0.027877 0.197664 -0.492018 -0.0526124 -0.991255 -0.121015 0.445048 
1535161699762 0.252258 0.926465 -0.279337 -0.633666 -0.940294 0.302855 0.155326 -0.244197 0.228503 0.223477 0.947547 0.375119 0.193062 -0.1286 0.972722 0.384675 -0.97985 0.0264508 0.197974 -0.492125 -0.0511888 -0.991344 -0.120903 0.444966 
1535161699954 0.253105 0.926311 -0.27908 -0.633461 -0.940201 0.303492 0.154645 -0.244068 0.227948 0.22325 0.947734 0.375165 0.193562 -0.128222 0.972673 0.384722 -0.979825 0.0250246 0.198284 -0.492232 -0.049765 -0.99143 -0.120791 0.444883 
1535161700101 0.253952 0.926157 -0.278823 -0.633254 -0.940107 0.304129 0.153965 -0.243938 0.227394 0.223024 0.94792 0.375212 0.194061 -0.127842 0.972624 0.38477 -0.979798 0.0235985 0.198594 -0.49234 -0.0483411 -0.991514 -0.12068 0.444801 
1535161700193 0.254799 0.926002 -0.278565 -0.633048 -0.940012 0.304765 0.153284 -0.243808 0.226839 0.222797 0.948106 0.375259 0.194559 -0.127462 0.972574 0.384817 -0.979768 0.0221725 0.198904 -0.492447 -0.046917 -0.991596 -0.120569 0.444719 
1535161700349 0.255645 0.925846 -0.278306 -0.632842 -0.939916 0.305402 0.152604 -0.243679 0.226283 0.222572 0.948292 0.375305 0.195057 -0.127081 0.972524 0.384864 -0.979736 0.0207466 0.199214 -0.492554 -0.0454928 -0.991675 -0.120459 0.444636 
1535161700607 0.255266 0.925888 -0.278514 -0.63298 -0.939925 0.305165 0.15302 -0.243866 0.226672 0.222721 0.948164 0.375337 0.194695 -0.127373 0.972558 0.384816 -0.979762 0.0217307 0.198983 -0.492454 -0.0464795 -0.991617 -0.120565 0.444696 
1535161700620 0.255344 0.925798 -0.278743 -0.632622 -0.939851 0.30533 0.153146 -0.24372 0.226891 0.222872 0.948076 0.375482 0.195241 -0.127265 0.972463 0.384862 -0.979679 0.0211268 0.199454 -0.492631 -0.0459286 -0.991644 -0.120554 0.444634 
1535161700627 0.255422 0.925707 -0.278973 -0.63226 -0.939777 0.305495 0.153272 -0.243572 0.22711 0.223023 0.947988 0.375627 0.195787 -0.127157 0.972367 0.384909 -0.979596 0.0205224 0.199927 -0.492809 -0.0453773 -0.99167 -0.120544 0.444571 
1535161700633 0.255501 0.925616 -0.279202 -0.631899 -0.939703 0.30566 0.153398 -0.243424 0.227329 0.223174 0.9479 0.375772 0.196334 -0.127048 0.972271 0.384955 -0.979512 0.0199181 0.200399 -0.492987 -0.044826 -0.991697 -0.120535 0.444509 
1535161700640 0.255579 0.925525 -0.279432 -0.631537 -0.939628 0.305825 0.153524 -0.243276 0.227548 0.223324 0.947812 0.375918 0.19688 -0.126939 0.972175 0.385002 -0.979427 0.0193138 0.200871 -0.493165 -0.0442747 -0.991722 -0.120525 0.444447 
1535161700878 0.255657 0.925435 -0.279661 -0.631174 -0.939554 0.30599 0.15365 -0.243128 0.227767 0.223475 0.947724 0.376063 0.197426 -0.12683 0.972079 0.385049 -0.979342 0.0187096 0.201342 -0.493343 -0.0437234 -0.991748 -0.120516 0.444384 
1535161700894 0.255735 0.925344 -0.279891 -0.630813 -0.93948 0.306155 0.153776 -0.24298 0.227986 0.223626 0.947636 0.376208 0.197973 -0.12672 0.971982 0.385095 -0.979256 0.0181054 0.201815 -0.493521 -0.043172 -0.991773 -0.120507 0.444322 
1535161701096 0.255813 0.925253 -0.28012 -0.63045 -0.939405 0.30632 0.153902 -0.242832 0.228205 0.223776 0.947548 0.376354 0.198518 -0.12661 0.971885 0.385142 -0.97917 0.0175013 0.202286 -0.493699 -0.0426206 -0.991798 -0.120498 0.44426 
1535161701211 0.255891 0.925162 -0.280349 -0.630089 -0.939331 0.306485 0.154028 -0.242684 0.228424 0.223927 0.94746 0.376499 0.199064 -0.126499 0.971788 0.385188 -0.979083 0.0168972 0.202758 -0.493876 -0.0420692 -0.991823 -0.12049 0.444198 
1535161701218 0.255969 0.925071 -0.280579 -0.629727 -0.939256 0.30665 0.154154 -0.242536 0.228643 0.224077 0.947371 0.376645 0.19961 -0.126389 0.97169 0.385235 -0.978995 0.0162931 0.20323 -0.494054 -0.0415178 -0.991847 -0.120482 0.444135 
1535161701537 0.255474 0.925278 -0.280345 -0.629965 -0.939467 0.306062 0.154037 -0.24246 0.22833 0.224022 0.947459 0.376446 0.199091 -0.126573 0.971773 0.38518 -0.97908 0.0168244 0.202779 -0.493881 -0.0420159 -0.991815 -0.120576 0.44415 
1535161701549 0.255409 0.925248 -0.280503 -0.629501 -0.939329 0.306179 0.154645 -0.242286 0.228969 0.223987 0.947314 0.376583 0.19947 -0.127402 0.971587 0.385263 -0.978969 0.0173946 0.203266 -0.494059 -0.0427969 -0.991699 -0.121253 0.444166 
1535161701705 0.255344 0.925218 -0.280662 -0.629034 -0.939191 0.306296 0.155253 -0.24211 0.229609 0.223952 0.947167 0.376721 0.199849 -0.12823 0.9714 0.385347 -0.978857 0.0179648 0.203755 -0.494239 -0.0435783 -0.991582 -0.121928 0.444183 
1535161701716 0.255279 0.925188 -0.280821 -0.628566 -0.939052 0.306413 0.155862 -0.241935 0.230248 0.223917 0.94702 0.376859 0.200227 -0.129057 0.971212 0.38543 -0.978745 0.0185345 0.204243 -0.494418 -0.04436 -0.991464 -0.122603 0.444199 
1535161701842 0.255214 0.925157 -0.28098 -0.628098 -0.938912 0.30653 0.15647 -0.241759 0.230888 0.223882 0.946873 0.376997 0.200605 -0.129885 0.971024 0.385514 -0.978632 0.0191038 0.204732 -0.494598 -0.0451419 -0.991345 -0.123278 0.444216 
1535161702009 0.25515 0.925127 -0.281139 -0.627629 -0.938772 0.306648 0.157078 -0.241582 0.231527 0.223847 0.946725 0.377135 0.200981 -0.130713 0.970835 0.385597 -0.978518 0.0196727 0.20522 -0.494777 -0.045924 -0.991225 -0.123952 0.444232 
1535161702020 0.255084 0.925097 -0.281297 -0.627162 -0.938632 0.306765 0.157686 -0.241407 0.232167 0.223811 0.946576 0.377273 0.201358 -0.131542 0.970645 0.385681 -0.978404 0.0202411 0.20571 -0.494957 -0.0467063 -0.991104 -0.124625 0.444249 
1535161702063 0.255019 0.925066 -0.281456 -0.626693 -0.938492 0.306882 0.158294 -0.241231 0.232806 0.223776 0.946428 0.377411 0.201733 -0.13237 0.970455 0.385764 -0.978289 0.0208091 0.2062 -0.495136 -0.0474889 -0.990982 -0.125298 0.444265 
1535161702368 0.254954 0.925036 -0.281615 -0.626226 -0.938351 0.306999 0.158902 -0.241055 0.233445 0.223741 0.946279 0.377549 0.202108 -0.133198 0.970263 0.385848 -0.978173 0.0213767 0.20669 -0.495315 -0.0482718 -0.990859 -0.125971 0.444282 
1535161702416 0.254888 0.925006 -0.281773 -0.625758 -0.938209 0.307116 0.15951 -0.240879 0.234085 0.223705 0.946129 0.377687 0.202482 -0.134027 0.970071 0.385931 -0.978057 0.0219438 0.20718 -0.495495 -0.0490549 -0.990735 -0.126643 0.444298 
1535161702784 0.25496 0.925037 -0.281605 -0.625966 -0.938283 0.307067 0.159172 -0.240995 0.233711 0.223642 0.946236 0.37767 0.202041 -0.133458 0.970241 0.385843 -0.978182 0.0214385 0.206643 -0.495397 -0.0483787 -0.990823 -0.126215 0.444239 
1535161702797 0.25501 0.925061 -0.281483 -0.625594 -0.938204 0.307156 0.159464 -0.240879 0.233973 0.223424 0.946223 0.377761 0.202108 -0.132987 0.970292 0.385889 -0.978234 0.0201625 0.206525 -0.495445 -0.0470287 -0.990913 -0.126017 0.444164 
1535161702804 0.255053 0.925088 -0.281354 -0.625237 -0.938134 0.30723 0.15973 -0.240754 0.234204 0.223209 0.946217 0.377844 0.202175 -0.132516 0.970342 0.385934 -0.978283 0.0188859 0.206409 -0.495494 -0.0456784 -0.991001 -0.12582 0.44409 
1535161703016 0.255097 0.925115 -0.281225 -0.62488 -0.938065 0.307304 0.159996 -0.240629 0.234436 0.222993 0.94621 0.377927 0.202242 -0.132045 0.970393 0.38598 -0.978332 0.0176093 0.206293 -0.495543 -0.044328 -0.991087 -0.125623 0.444015 
1535161703022 0.25514 0.925142 -0.281096 -0.624523 -0.937995 0.307379 0.160262 -0.240503 0.234668 0.222777 0.946204 0.378011 0.202309 -0.131575 0.970443 0.386026 -0.978378 0.0163326 0.206177 -0.495592 -0.0429776 -0.991172 -0.125426 0.443941 
1535161703243 0.255184 0.92517 -0.280967 -0.624167 -0.937925 0.307453 0.160528 -0.240378 0.2349 0.222562 0.946197 0.378094 0.202374 -0.131104 0.970493 0.386072 -0.978423 0.0150558 0.206062 -0.49564 -0.041627 -0.991254 -0.125228 0.443866 
1535161703282 0.255227 0.925197 -0.280838 -0.623809 -0.937855 0.307527 0.160794 -0.240253 0.235132 0.222346 0.94619 0.378177 0.202439 -0.130633 0.970543 0.386118 -0.978466 0.0137789 0.205947 -0.495689 -0.0402764 -0.991335 -0.12503 0.443792 
1535161703388 0.255271 0.925224 -0.280709 -0.623453 -0.937785 0.307601 0.16106 -0.240128 0.235363 0.22213 0.946183 0.37826 0.202504 -0.130162 0.970593 0.386163 -0.978507 0.0125019 0.205832 -0.495738 -0.0389256 -0.991414 -0.124832 0.443717 
1535161703525 0.255315 0.925251 -0.28058 -0.623095 -0.937715 0.307676 0.161326 -0.240002 0.235595 0.221915 0.946176 0.378343 0.202568 -0.12969 0.970642 0.386209 -0.978547 0.0112248 0.205717 -0.495786 -0.0375748 -0.991491 -0.124634 0.443643 
1535161703634 0.255358 0.925278 -0.280451 -0.622739 -0.937645 0.30775 0.161593 -0.239877 0.235827 0.221699 0.946169 0.378426 0.202631 -0.129219 0.970692 0.386255 -0.978585 0.0099477 0.205603 -0.495835 -0.0362239 -0.991566 -0.124436 0.443568 
1535161703957 0.255287 0.925255 -0.280593 -0.623005 -0.937704 0.307668 0.161402 -0.23994 0.235667 0.22191 0.946159 0.378382 0.202629 -0.12973 0.970624 0.386191 -0.978543 0.0109912 0.205751 -0.495791 -0.0373604 -0.991488 -0.124719 0.443656 
1535161703963 0.255323 0.92519 -0.280772 -0.622664 -0.937626 0.307798 0.161608 -0.239795 0.235939 0.221997 0.946071 0.378477 0.203056 -0.12825 0.970732 0.386206 -0.978509 0.00976475 0.205973 -0.49589 -0.035895 -0.991694 -0.123511 0.443469 
1535161703969 0.255358 0.925126 -0.280951 -0.622318 -0.937548 0.307929 0.161815 -0.239648 0.236212 0.222084 0.945982 0.378573 0.203482 -0.12677 0.970837 0.386222 -0.978473 0.00853862 0.206197 -0.49599 -0.0344293 -0.991895 -0.122304 0.443283 
1535161704208 0.255394 0.925062 -0.28113 -0.621973 -0.937469 0.308059 0.162021 -0.239502 0.236484 0.222172 0.945894 0.378669 0.203906 -0.125289 0.97094 0.386238 -0.978435 0.00731283 0.206424 -0.49609 -0.0329629 -0.992093 -0.121096 0.443096 
1535161704229 0.25543 0.924998 -0.281309 -0.621627 -0.937391 0.308189 0.162228 -0.239354 0.236757 0.222259 0.945805 0.378765 0.204328 -0.123807 0.971042 0.386253 -0.978396 0.00608736 0.206651 -0.49619 -0.031496 -0.992288 -0.119888 0.44291 
1535161704235 0.255466 0.924933 -0.281488 -0.621281 -0.937312 0.308319 0.162435 -0.239207 0.237029 0.222346 0.945716 0.378861 0.204747 -0.122324 0.971141 0.386269 -0.978354 0.00486228 0.20688 -0.49629 -0.0300284 -0.992478 -0.118681 0.442723 
1535161704409 0.255501 0.924869 -0.281667 -0.620936 -0.937234 0.308449 0.162641 -0.239061 0.237302 0.222433 0.945628 0.378957 0.205164 -0.120841 0.971239 0.386285 -0.978311 0.00363746 0.207111 -0.49639 -0.0285603 -0.992665 -0.117474 0.442536 
1535161704618 0.255537 0.924805 -0.281846 -0.620591 -0.937155 0.308579 0.162848 -0.238914 0.237574 0.22252 0.945539 0.379052 0.205579 -0.119357 0.971335 0.386301 -0.978265 0.00241304 0.207343 -0.496489 -0.0270916 -0.992848 -0.116267 0.44235 
1535161704735 0.255572 0.92474 -0.282025 -0.620244 -0.937076 0.308709 0.163054 -0.238767 0.237847 0.222607 0.94545 0.379148 0.205992 -0.117872 0.971429 0.386316 -0.978218 0.001189 0.207576 -0.49659 -0.0256224 -0.993028 -0.11506 0.442163 
1535161704901 0.255608 0.924676 -0.282204 -0.619899 -0.936997 0.30884 0.163261 -0.23862 0.238119 0.222694 0.945361 0.379244 0.206403 -0.116386 0.971521 0.386332 -0.978169 -3.4783e-05 0.207811 -0.496689 -0.0241526 -0.993204 -0.113853 0.441977 
1535161705251 0.255488 0.924782 -0.281965 -0.620127 -0.937048 0.308666 0.163297 -0.238628 0.238047 0.222494 0.945426 0.379225 0.206318 -0.116639 0.971508 0.386346 -0.978182 0.000138125 0.207752 -0.496653 -0.0243662 -0.993174 -0.114066 0.441993 
1535161705262 0.255564 0.924654 -0.282316 -0.619871 -0.937049 0.308781 0.163077 -0.23851 0.237964 0.222867 0.945359 0.379329 0.20644 -0.116223 0.971532 0.386351 -0.9782 -0.00166709 0.207658 -0.496701 -0.022515 -0.993222 -0.114034 0.44198 
1535161705269 0.255647 0.924525 -0.282664 -0.619624 -0.937049 0.3089 0.162848 -0.238403 0.237872 0.223238 0.945294 0.379431 0.206562 -0.115806 0.971556 0.386357 -0.978215 -0.00347167 0.207564 -0.49675 -0.0206642 -0.993266 -0.114 0.441966 
1535161705485 0.25573 0.924395 -0.283012 -0.619378 -0.93705 0.309018 0.16262 -0.238296 0.237781 0.22361 0.94523 0.379533 0.206683 -0.115389 0.97158 0.386362 -0.978227 -0.00527633 0.20747 -0.496799 -0.0188133 -0.993306 -0.113967 0.441953 
1535161705491 0.255813 0.924266 -0.28336 -0.619131 -0.937051 0.309137 0.162391 -0.238189 0.237689 0.223981 0.945165 0.379635 0.206803 -0.114971 0.971604 0.386368 -0.978236 -0.00708102 0.207376 -0.496848 -0.0169623 -0.993344 -0.113933 0.44194 
1535161705540 0.255895 0.924136 -0.283708 -0.618883 -0.937051 0.309255 0.162162 -0.238082 0.237598 0.224353 0.9451 0.379738 0.206922 -0.114553 0.971628 0.386373 -0.978241 -0.00888573 0.207283 -0.496898 -0.0151113 -0.993377 -0.113899 0.441926 
1535161705731 0.255978 0.924006 -0.284056 -0.618637 -0.937052 0.309373 0.161933 -0.237975 0.237506 0.224724 0.945034 0.37984 0.207041 -0.114135 0.971652 0.386379 -0.978242 -0.0106904 0.207189 -0.496946 -0.0132602 -0.993408 -0.113865 0.441913 
1535161705988 0.256061 0.923876 -0.284404 -0.61839 -0.937052 0.309492 0.161704 -0.237867 0.237415 0.225095 0.944969 0.379942 0.207158 -0.113717 0.971676 0.386384 -0.978241 -0.0124951 0.207096 -0.496996 -0.0114091 -0.993435 -0.113831 0.4419 
1535161706038 0.256144 0.923746 -0.284752 -0.618143 -0.937053 0.30961 0.161475 -0.237761 0.237324 0.225466 0.944903 0.380044 0.207275 -0.113298 0.9717 0.38639 -0.978236 -0.0142998 0.207002 -0.497045 -0.00955791 -0.993458 -0.113797 0.441887 
1535161706045 0.256227 0.923616 -0.285099 -0.617896 -0.937053 0.309728 0.161246 -0.237653 0.237232 0.225838 0.944838 0.380146 0.207392 -0.11288 0.971724 0.386395 -0.978228 -0.0161045 0.206909 -0.497094 -0.0077067 -0.993478 -0.113762 0.441873 
1535161706405 0.256057 0.923712 -0.284939 -0.618078 -0.937066 0.30957 0.161477 -0.237724 0.237366 0.225659 0.944847 0.379982 0.207172 -0.113183 0.971735 0.386341 -0.978261 -0.0146439 0.206858 -0.497085 -0.00918287 -0.993466 -0.113757 0.44187 
1535161706418 0.256131 0.92361 -0.285203 -0.617869 -0.937025 0.309705 0.161451 -0.237653 0.237447 0.22589 0.944771 0.380076 0.207316 -0.11292 0.971735 0.386355 -0.978235 -0.0150403 0.206955 -0.497149 -0.00875415 -0.99349 -0.11358 0.441846 
1535161706424 0.256204 0.923508 -0.285467 -0.617657 -0.936985 0.309841 0.161425 -0.23758 0.237527 0.226121 0.944696 0.380171 0.207461 -0.112657 0.971735 0.38637 -0.978208 -0.0154369 0.207053 -0.497214 -0.00832539 -0.993514 -0.113404 0.441821 
1535161706431 0.256278 0.923406 -0.285731 -0.617444 -0.936944 0.309977 0.161398 -0.237507 0.237606 0.226352 0.944621 0.380266 0.207605 -0.112394 0.971734 0.386384 -0.978181 -0.0158334 0.207151 -0.497279 -0.00789661 -0.993538 -0.113228 0.441797 
1535161706438 0.256351 0.923304 -0.285995 -0.617233 -0.936904 0.310113 0.161372 -0.237435 0.237686 0.226582 0.944545 0.380361 0.207749 -0.112131 0.971734 0.386399 -0.978154 -0.0162299 0.207249 -0.497343 -0.00746781 -0.993561 -0.113053 0.441772 
1535161706653 0.256425 0.923202 -0.28626 -0.61702 -0.936864 0.310249 0.161345 -0.237361 0.237766 0.226813 0.94447 0.380456 0.207893 -0.111867 0.971734 0.386413 -0.978126 -0.0166263 0.207347 -0.497408 -0.00703897 -0.993584 -0.112877 0.441748 
1535161706688 0.256499 0.923099 -0.286524 -0.616807 -0.936823 0.310384 0.161319 -0.237288 0.237846 0.227044 0.944394 0.380551 0.208037 -0.111604 0.971733 0.386428 -0.978099 -0.0170227 0.207445 -0.497473 -0.00661011 -0.993607 -0.112701 0.441724 
1535161706695 0.256572 0.922997 -0.286788 -0.616595 -0.936783 0.31052 0.161292 -0.237215 0.237926 0.227275 0.944319 0.380645 0.208181 -0.111341 0.971732 0.386442 -0.978071 -0.0174192 0.207543 -0.497538 -0.00618121 -0.99363 -0.112525 0.441699 
1535161706701 0.256646 0.922895 -0.287051 -0.616383 -0.936742 0.310656 0.161266 -0.237142 0.238006 0.227505 0.944243 0.38074 0.208325 -0.111077 0.971732 0.386457 -0.978043 -0.0178156 0.207641 -0.497603 -0.0057523 -0.993652 -0.11235 0.441675 
1535161706824 0.256719 0.922792 -0.287316 -0.61617 -0.936702 0.310792 0.161239 -0.237069 0.238086 0.227736 0.944167 0.380835 0.208468 -0.110814 0.971731 0.386471 -0.978015 -0.0182119 0.207739 -0.497668 -0.00532336 -0.993674 -0.112174 0.44165 
1535161707009 0.25628 0.923091 -0.286748 -0.616629 -0.936885 0.310213 0.161289 -0.237075 0.237837 0.227315 0.944331 0.380619 0.208165 -0.111283 0.971742 0.386404 -0.978075 -0.0175382 0.207513 -0.497606 -0.00605002 -0.993634 -0.112494 0.441694 
1535161707020 0.256392 0.923066 -0.286726 -0.616469 -0.93688 0.310291 0.161169 -0.237002 0.237738 0.227305 0.944358 0.380665 0.208193 -0.111209 0.971745 0.386402 -0.978063 -0.0166546 0.207641 -0.497691 -0.0069075 -0.993657 -0.112237 0.441674 
1535161707100 0.256504 0.923042 -0.286706 -0.616303 -0.936874 0.310371 0.161049 -0.236925 0.23764 0.227297 0.944385 0.380712 0.208222 -0.111135 0.971747 0.3864 -0.978051 -0.0157721 0.207769 -0.497778 -0.00776379 -0.99368 -0.11198 0.441654 
1535161707148 0.256616 0.923017 -0.286685 -0.616136 -0.936868 0.310451 0.160929 -0.236849 0.237542 0.22729 0.944412 0.380759 0.20825 -0.111061 0.97175 0.386399 -0.978038 -0.0148896 0.207896 -0.497865 -0.00862007 -0.993702 -0.111722 0.441635 
1535161707162 0.256728 0.922992 -0.286665 -0.615971 -0.936862 0.31053 0.160809 -0.236773 0.237444 0.227281 0.944438 0.380806 0.208279 -0.110986 0.971752 0.386397 -0.978024 -0.0140071 0.208023 -0.497952 -0.00947634 -0.993723 -0.111465 0.441615 
1535161707169 0.25684 0.922967 -0.286645 -0.615805 -0.936857 0.31061 0.160689 -0.236697 0.237346 0.227273 0.944465 0.380853 0.208307 -0.110912 0.971754 0.386396 -0.978009 -0.0131245 0.20815 -0.498039 -0.0103326 -0.993744 -0.111207 0.441595 
1535161707362 0.256952 0.922942 -0.286624 -0.615639 -0.936851 0.31069 0.160569 -0.236621 0.237248 0.227266 0.944491 0.3809 0.208336 -0.110838 0.971757 0.386394 -0.977993 -0.0122419 0.208277 -0.498126 -0.0111888 -0.993763 -0.110949 0.441575 
1535161707367 0.257064 0.922917 -0.286604 -0.615474 -0.936845 0.310769 0.16045 -0.236545 0.237149 0.227258 0.944518 0.380947 0.208365 -0.110764 0.971759 0.386392 -0.977977 -0.0113594 0.208404 -0.498212 -0.012045 -0.993782 -0.110691 0.441555 
1535161707377 0.257176 0.922893 -0.286583 -0.615308 -0.936839 0.310849 0.16033 -0.236469 0.237051 0.227249 0.944545 0.380994 0.208394 -0.11069 0.971761 0.386391 -0.97796 -0.0104768 0.20853 -0.498299 -0.0129012 -0.9938 -0.110434 0.441535 
1535161707499 0.257288 0.922868 -0.286563 -0.615142 -0.936833 0.310929 0.16021 -0.236393 0.236953 0.227242 0.944571 0.381041 0.208423 -0.110616 0.971763 0.386389 -0.977942 -0.00959418 0.208656 -0.498386 -0.0137574 -0.993817 -0.110175 0.441516 
1535161707605 0.257013 0.922949 -0.286547 -0.615524 -0.936847 0.310723 0.160529 -0.236523 0.237197 0.227192 0.944522 0.380917 0.208362 -0.110867 0.971748 0.386401 -0.977982 -0.0117652 0.208357 -0.498145 -0.0116672 -0.993766 -0.110878 0.441502 
1535161707612 0.25705 0.922973 -0.286436 -0.615289 -0.936793 0.31078 0.160734 -0.236441 0.237371 0.227014 0.944521 0.380967 0.208414 -0.110882 0.971735 0.386395 -0.97796 -0.0108419 0.208512 -0.49828 -0.0125848 -0.993774 -0.110698 0.441476 
1535161707623 0.257087 0.922997 -0.286325 -0.615049 -0.936738 0.310839 0.160937 -0.236356 0.237546 0.226837 0.94452 0.381018 0.208435 -0.110898 0.971729 0.386389 -0.977945 -0.0100355 0.208623 -0.498413 -0.013384 -0.993781 -0.110543 0.441453 
1535161707639 0.257125 0.923021 -0.286215 -0.61481 -0.936684 0.310898 0.16114 -0.236272 0.23772 0.226659 0.944518 0.381068 0.208456 -0.110913 0.971722 0.386383 -0.977929 -0.00922903 0.208734 -0.498546 -0.0141833 -0.993787 -0.110389 0.44143 
1535161707645 0.257163 0.923045 -0.286104 -0.61457 -0.936629 0.310957 0.161344 -0.236188 0.237894 0.226482 0.944517 0.381119 0.208478 -0.110929 0.971716 0.386377 -0.977912 -0.00842259 0.208845 -0.498679 -0.0149826 -0.993793 -0.110234 0.441407 
1535161707690 0.257201 0.923068 -0.285994 -0.614332 -0.936574 0.311016 0.161547 -0.236104 0.238068 0.226304 0.944516 0.38117 0.208499 -0.110944 0.97171 0.38637 -0.977895 -0.00761612 0.208956 -0.498811 -0.0157818 -0.993797 -0.11008 0.441384 
1535161707816 0.257239 0.923092 -0.285883 -0.614091 -0.93652 0.311075 0.16175 -0.236019 0.238242 0.226127 0.944514 0.38122 0.20852 -0.11096 0.971703 0.386364 -0.977878 -0.00680967 0.209067 -0.498944 -0.0165811 -0.993802 -0.109925 0.441361 
1535161707823 0.257276 0.923116 -0.285773 -0.613853 -0.936465 0.311133 0.161954 -0.235935 0.238415 0.22595 0.944513 0.381271 0.208541 -0.110975 0.971697 0.386358 -0.977859 -0.0060032 0.209178 -0.499077 -0.0173803 -0.993805 -0.10977 0.441339 
1535161707842 0.257314 0.923139 -0.285663 -0.613612 -0.93641 0.311192 0.162157 -0.235851 0.238589 0.225772 0.944512 0.381322 0.208562 -0.110991 0.971691 0.386352 -0.97784 -0.00519669 0.209288 -0.49921 -0.0181795 -0.993808 -0.109615 0.441316 
1535161707849 0.257352 0.923163 -0.285552 -0.613373 -0.936356 0.311251 0.16236 -0.235766 0.238763 0.225595 0.94451 0.381372 0.208583 -0.111007 0.971684 0.386346 -0.97782 -0.00439029 0.209399 -0.499342 -0.0189787 -0.99381 -0.10946 0.441293 
1535161708177 0.256852 0.923267 -0.285667 -0.613692 -0.93657 0.31072 0.16214 -0.235672 0.238461 0.225901 0.944513 0.381274 0.208444 -0.110953 0.97172 0.386313 -0.977885 -0.00630537 0.209047 -0.499077 -0.0170673 -0.993806 -0.109814 0.441327 
1535161708189 0.257015 0.923263 -0.285531 -0.613362 -0.936534 0.310844 0.162112 -0.235554 0.238428 0.225744 0.944559 0.381363 0.208448 -0.110964 0.971718 0.38632 -0.977888 -0.00651192 0.209027 -0.499211 -0.0168668 -0.993803 -0.109868 0.441329 
1535161708209 0.257179 0.923259 -0.285396 -0.613028 -0.936497 0.310969 0.162083 -0.235434 0.238394 0.225588 0.944605 0.381453 0.208452 -0.110976 0.971716 0.386327 -0.977891 -0.00671919 0.209009 -0.499346 -0.0166658 -0.9938 -0.109923 0.441332 
1535161708298 0.257343 0.923255 -0.285261 -0.612694 -0.936461 0.311094 0.162054 -0.235314 0.23836 0.225432 0.944651 0.381542 0.208455 -0.110988 0.971714 0.386335 -0.977893 -0.00692645 0.20899 -0.499481 -0.0164648 -0.993798 -0.109978 0.441335 
1535161708361 0.257508 0.923251 -0.285126 -0.612359 -0.936424 0.311219 0.162025 -0.235194 0.238326 0.225277 0.944696 0.381632 0.20846 -0.110999 0.971712 0.386342 -0.977896 -0.00713372 0.208971 -0.499616 -0.0162638 -0.993795 -0.110033 0.441337 
1535161708464 0.257672 0.923247 -0.284991 -0.612026 -0.936388 0.311344 0.161996 -0.235075 0.238292 0.225121 0.944742 0.381721 0.208463 -0.111011 0.97171 0.386349 -0.977898 -0.00734096 0.208952 -0.499751 -0.0160627 -0.993792 -0.110088 0.44134 
1535161708490 0.257836 0.923243 -0.284856 -0.611691 -0.936351 0.31147 0.161966 -0.234955 0.238258 0.224965 0.944788 0.381811 0.208467 -0.111023 0.971707 0.386356 -0.977901 -0.00754824 0.208934 -0.499886 -0.0158617 -0.993789 -0.110143 0.441342 
1535161708580 0.258 0.923239 -0.284721 -0.611358 -0.936315 0.311594 0.161937 -0.234835 0.238224 0.224809 0.944833 0.381901 0.208471 -0.111034 0.971705 0.386364 -0.977903 -0.00775549 0.208915 -0.500021 -0.0156607 -0.993786 -0.110198 0.441345 
1535161708586 0.258164 0.923235 -0.284586 -0.611022 -0.936278 0.31172 0.161908 -0.234715 0.23819 0.224653 0.944879 0.381991 0.208475 -0.111046 0.971703 0.386371 -0.977905 -0.00796277 0.208896 -0.500156 -0.0154597 -0.993783 -0.110253 0.441348 
1535161708697 0.258328 0.92323 -0.284451 -0.610689 -0.936242 0.311845 0.161879 -0.234595 0.238156 0.224497 0.944925 0.38208 0.208479 -0.111058 0.971701 0.386378 -0.977908 -0.00817002 0.208877 -0.500291 -0.0152586 -0.99378 -0.110308 0.44135 
1535161709089 0.257876 0.923299 -0.284638 -0.610971 -0.936344 0.311465 0.162014 -0.234575 0.238242 0.22474 0.944845 0.381931 0.208464 -0.111146 0.971694 0.386296 -0.977905 -0.0077775 0.208907 -0.500027 -0.0156619 -0.993774 -0.110312 0.441324 
1535161709103 0.257999 0.92325 -0.284685 -0.610715 -0.936231 0.311666 0.162281 -0.234471 0.238553 0.224662 0.944785 0.381999 0.207852 -0.111278 0.97181 0.386293 -0.97802 -0.00679774 0.208401 -0.500109 -0.0165843 -0.993766 -0.110245 0.441289 
1535161709107 0.258123 0.923201 -0.284732 -0.610454 -0.936118 0.311867 0.162549 -0.234365 0.238864 0.224585 0.944725 0.382068 0.207239 -0.11141 0.971926 0.38629 -0.978134 -0.00581761 0.207896 -0.500191 -0.0175074 -0.993758 -0.110179 0.441253 
1535161709292 0.258246 0.923152 -0.284779 -0.610194 -0.936004 0.312068 0.162816 -0.234259 0.239175 0.224508 0.944665 0.382137 0.206627 -0.111541 0.972041 0.386287 -0.978246 -0.00483741 0.207391 -0.500272 -0.0184305 -0.993748 -0.110115 0.441218 
1535161709328 0.25837 0.923103 -0.284826 -0.609933 -0.935891 0.312269 0.163084 -0.234152 0.239486 0.22443 0.944605 0.382206 0.206014 -0.111672 0.972156 0.386284 -0.978358 -0.00385719 0.206885 -0.500353 -0.0193536 -0.993738 -0.11005 0.441182 
