1533576631943 0.30605 0.911869 -0.273548 -0.586755 -0.924984 0.352805 0.141185 -0.267964 0.225251 0.209818 0.95144 0.376033 0.16008 -0.304787 0.938871 0.370831 -0.775623 0.549475 0.310623 -0.528794 -0.61056 -0.777934 -0.14844 0.432481 
1533576631955 0.294725 0.914249 -0.278002 -0.588206 -0.928466 0.342789 0.142991 -0.264558 0.226026 0.215972 0.949878 0.374931 0.3171 -0.384749 0.866842 0.387568 -0.936698 -0.27015 0.222748 -0.52181 0.148475 -0.882602 -0.446058 0.585392 
1533576632194 0.283366 0.916482 -0.282426 -0.589632 -0.931827 0.332745 0.14484 -0.261151 0.226719 0.22213 0.948292 0.373831 0.317345 -0.385073 0.866609 0.387656 -0.936511 -0.270965 0.222541 -0.521555 0.149126 -0.882211 -0.446615 0.585906 
1533576632434 0.271974 0.918567 -0.28682 -0.591032 -0.935067 0.322676 0.146731 -0.257741 0.227332 0.228289 0.946681 0.372732 0.317346 -0.385074 0.866608 0.387656 -0.936511 -0.270967 0.222541 -0.521554 0.149127 -0.88221 -0.446616 0.585908 
1533576632678 0.260552 0.920503 -0.291182 -0.592407 -0.938185 0.312583 0.148665 -0.254329 0.227865 0.234448 0.945046 0.371634 0.317346 -0.385074 0.866608 0.387656 -0.936511 -0.270967 0.222541 -0.521554 0.149127 -0.88221 -0.446616 0.585908 
1533576632920 0.2491 0.922291 -0.295514 -0.593756 -0.94118 0.302469 0.15064 -0.250916 0.228318 0.240607 0.943387 0.370538 0.317346 -0.385074 0.866608 0.387656 -0.936511 -0.270967 0.222541 -0.521554 0.149127 -0.88221 -0.446616 0.585908 
1533576633160 0.237622 0.923931 -0.299813 -0.59508 -0.944053 0.292334 0.152657 -0.247501 0.22869 0.246765 0.941705 0.369444 0.317346 -0.385074 0.866608 0.387656 -0.936511 -0.270967 0.222541 -0.521554 0.149127 -0.88221 -0.446616 0.585908 
1533576633403 0.226119 0.925422 -0.304079 -0.596379 -0.946804 0.282181 0.154714 -0.244085 0.228981 0.25292 0.94 0.368352 0.317346 -0.385073 0.866608 0.387656 -0.936511 -0.270966 0.222541 -0.521554 0.149127 -0.882211 -0.446616 0.585908 
1533576633642 0.214596 0.926766 -0.308308 -0.597644 -0.949433 0.27201 0.156807 -0.240673 0.229186 0.259067 0.938274 0.367255 0.317277 -0.384918 0.866703 0.387611 -0.936536 -0.270885 0.222536 -0.521579 0.149118 -0.882304 -0.446435 0.585923 
1533576633881 0.208214 0.928431 -0.307674 -0.597684 -0.951203 0.265453 0.157315 -0.236392 0.227729 0.259905 0.938397 0.363974 0.289357 -0.335704 0.896424 0.383514 -0.950993 -0.207474 0.229275 -0.51783 0.109016 -0.918835 -0.379286 0.609542 
1533576634235 0.209687 0.928025 -0.307898 -0.597653 -0.950869 0.2669 0.156887 -0.237504 0.227773 0.259873 0.938395 0.364662 0.289357 -0.335704 0.896424 0.383514 -0.950993 -0.207474 0.229275 -0.51783 0.109016 -0.918835 -0.379286 0.609542 
1533576634322 0.207745 0.928121 -0.308923 -0.597971 -0.951242 0.265293 0.157348 -0.237347 0.227993 0.261172 0.937981 0.365037 0.325325 -0.398635 0.85747 0.392531 -0.93242 -0.286119 0.220745 -0.524727 0.157342 -0.871336 -0.464777 0.568149 
1533576634449 0.205801 0.928213 -0.309946 -0.598288 -0.951613 0.263685 0.157809 -0.23719 0.228209 0.262472 0.937566 0.365411 0.325406 -0.398786 0.857368 0.392605 -0.932394 -0.286189 0.220766 -0.524736 0.157331 -0.871244 -0.464953 0.568033 
1533576634585 0.203858 0.9283 -0.310969 -0.598604 -0.95198 0.262077 0.15827 -0.237033 0.22842 0.263771 0.937149 0.365786 0.325406 -0.398787 0.857368 0.392605 -0.932394 -0.286189 0.220766 -0.524736 0.157331 -0.871243 -0.464954 0.568032 
1533576634715 0.201915 0.928382 -0.311989 -0.59892 -0.952344 0.26047 0.158732 -0.236876 0.228627 0.265071 0.936732 0.366161 0.325406 -0.398787 0.857368 0.392605 -0.932394 -0.286189 0.220766 -0.524736 0.157331 -0.871243 -0.464954 0.568032 
1533576634845 0.199972 0.928459 -0.313008 -0.599235 -0.952705 0.258863 0.159193 -0.23672 0.228831 0.26637 0.936314 0.366536 0.325406 -0.398787 0.857368 0.392605 -0.932394 -0.286189 0.220766 -0.524736 0.157331 -0.871243 -0.464954 0.568032 
1533576634983 0.198029 0.928532 -0.314026 -0.59955 -0.953063 0.257256 0.159655 -0.236563 0.22903 0.26767 0.935894 0.366911 0.325406 -0.398787 0.857368 0.392605 -0.932394 -0.286189 0.220766 -0.524736 0.157331 -0.871243 -0.464954 0.568032 
1533576635120 0.196086 0.9286 -0.315042 -0.599864 -0.953418 0.255649 0.160117 -0.236406 0.229225 0.26897 0.935474 0.367287 0.325406 -0.398787 0.857368 0.392605 -0.932394 -0.286189 0.220766 -0.524736 0.157331 -0.871243 -0.464954 0.568033 
1533576635258 0.194143 0.928664 -0.316056 -0.600175 -0.953771 0.254041 0.160575 -0.236246 0.229412 0.270271 0.935053 0.367651 0.325383 -0.398743 0.857397 0.392573 -0.932399 -0.28618 0.220755 -0.524728 0.157345 -0.871266 -0.464906 0.568087 
1533576635397 0.193714 0.928948 -0.315484 -0.599833 -0.953933 0.253449 0.16055 -0.234498 0.229102 0.26985 0.93525 0.365339 0.317665 -0.385656 0.866232 0.387794 -0.936364 -0.271498 0.222511 -0.521624 0.149367 -0.881793 -0.44736 0.585438 
1533576635729 0.193881 0.92883 -0.315728 -0.599954 -0.953907 0.253638 0.1604 -0.235004 0.229065 0.270077 0.935194 0.365955 0.317665 -0.385656 0.866232 0.387794 -0.936364 -0.271498 0.222511 -0.521624 0.149367 -0.881793 -0.44736 0.585438 
1533576635742 0.193877 0.928795 -0.315834 -0.600024 -0.954011 0.253532 0.159953 -0.235302 0.228637 0.270298 0.935235 0.366284 0.326842 -0.400844 0.855861 0.396996 -0.931101 -0.291754 0.218932 -0.5269 0.161943 -0.868449 -0.468583 0.555732 
1533576635749 0.193874 0.92876 -0.315939 -0.600094 -0.954114 0.253425 0.159505 -0.2356 0.228209 0.270518 0.935276 0.366614 0.326867 -0.400886 0.855832 0.397047 -0.931097 -0.291751 0.218951 -0.526916 0.161915 -0.868431 -0.468628 0.555638 
1533576635874 0.193869 0.928725 -0.316045 -0.600164 -0.954217 0.253318 0.159057 -0.235897 0.227781 0.270739 0.935316 0.366943 0.326867 -0.400886 0.855832 0.397047 -0.931097 -0.291751 0.218951 -0.526916 0.161915 -0.868431 -0.468628 0.555638 
1533576635915 0.193865 0.92869 -0.316151 -0.600234 -0.95432 0.25321 0.15861 -0.236194 0.227352 0.27096 0.935356 0.367272 0.326867 -0.400886 0.855832 0.397047 -0.931097 -0.291751 0.218951 -0.526916 0.161915 -0.868431 -0.468628 0.555638 
1533576635971 0.19386 0.928655 -0.316257 -0.600303 -0.954423 0.253102 0.158162 -0.236491 0.226923 0.271181 0.935396 0.367601 0.326867 -0.400886 0.855832 0.397047 -0.931097 -0.291751 0.218951 -0.526916 0.161915 -0.868431 -0.468628 0.555638 
1533576636029 0.193856 0.92862 -0.316362 -0.600372 -0.954526 0.252994 0.157715 -0.236788 0.226495 0.271402 0.935436 0.36793 0.326867 -0.400886 0.855832 0.397047 -0.931097 -0.291751 0.218951 -0.526916 0.161915 -0.868431 -0.468628 0.555638 
1533576636073 0.193851 0.928585 -0.316468 -0.600441 -0.954629 0.252885 0.157267 -0.237085 0.226066 0.271623 0.935476 0.368259 0.326867 -0.400886 0.855832 0.397047 -0.931097 -0.291751 0.218951 -0.526916 0.161915 -0.868431 -0.468628 0.555638 
1533576636123 0.193844 0.92855 -0.316574 -0.600509 -0.954732 0.252775 0.156819 -0.237379 0.225637 0.271845 0.935515 0.368582 0.32686 -0.400875 0.85584 0.397025 -0.931097 -0.291757 0.218943 -0.526908 0.161928 -0.868434 -0.468617 0.555679 
1533576636184 0.194141 0.928578 -0.31631 -0.600214 -0.954677 0.253004 0.156781 -0.23681 0.225611 0.271536 0.935611 0.367451 0.325481 -0.398911 0.857282 0.392726 -0.93235 -0.286354 0.220736 -0.524796 0.157432 -0.871132 -0.465127 0.567705 
1533576636456 0.19371 0.928649 -0.316368 -0.600379 -0.954755 0.252618 0.156932 -0.237013 0.225655 0.271654 0.935566 0.368066 0.325481 -0.398911 0.857282 0.392726 -0.93235 -0.286354 0.220736 -0.524796 0.157432 -0.871132 -0.465127 0.567705 
1533576636509 0.193415 0.928658 -0.316519 -0.600471 -0.954733 0.252464 0.157314 -0.237164 0.226 0.271764 0.935451 0.368456 0.32653 -0.399985 0.856382 0.400699 -0.930615 -0.294532 0.217269 -0.528382 0.165328 -0.867907 -0.468405 0.54613 
1533576636601 0.193122 0.928668 -0.316671 -0.600562 -0.95471 0.25231 0.157695 -0.237315 0.226345 0.271874 0.935335 0.368845 0.326537 -0.399995 0.856375 0.400737 -0.930617 -0.294516 0.217283 -0.528394 0.165304 -0.867908 -0.468412 0.546058 
1533576636644 0.192828 0.928677 -0.316822 -0.600652 -0.954688 0.252157 0.158075 -0.237465 0.22669 0.271985 0.93522 0.369234 0.326537 -0.399995 0.856375 0.400737 -0.930617 -0.294516 0.217284 -0.528394 0.165304 -0.867908 -0.468412 0.546058 
1533576636731 0.192535 0.928686 -0.316973 -0.600743 -0.954665 0.252004 0.158455 -0.237616 0.227034 0.272095 0.935104 0.369624 0.326537 -0.399995 0.856375 0.400737 -0.930617 -0.294516 0.217284 -0.528394 0.165304 -0.867908 -0.468412 0.546058 
1533576636795 0.192241 0.928695 -0.317125 -0.600834 -0.954643 0.25185 0.158835 -0.237766 0.227377 0.272206 0.934988 0.370013 0.326537 -0.399995 0.856375 0.400737 -0.930617 -0.294516 0.217284 -0.528394 0.165304 -0.867908 -0.468412 0.546058 
1533576636802 0.191948 0.928704 -0.317276 -0.600924 -0.95462 0.251697 0.159214 -0.237915 0.227721 0.272317 0.934873 0.370402 0.326537 -0.399995 0.856375 0.400737 -0.930617 -0.294516 0.217284 -0.528394 0.165304 -0.867908 -0.468412 0.546058 
1533576636923 0.191654 0.928713 -0.317428 -0.601014 -0.954597 0.251544 0.159593 -0.238065 0.228063 0.272429 0.934756 0.370791 0.326537 -0.399995 0.856375 0.400737 -0.930617 -0.294516 0.217283 -0.528394 0.165304 -0.867908 -0.468412 0.546058 
1533576636967 0.19136 0.928722 -0.31758 -0.601103 -0.954575 0.251389 0.159969 -0.238212 0.228403 0.272542 0.934641 0.371173 0.326535 -0.399993 0.856376 0.40072 -0.930616 -0.294524 0.217277 -0.528389 0.165314 -0.867906 -0.468412 0.54609 
1533576637050 0.191638 0.928781 -0.317239 -0.600883 -0.954536 0.251572 0.159911 -0.237388 0.228331 0.272171 0.934766 0.370053 0.326872 -0.400887 0.855829 0.397147 -0.931083 -0.291817 0.218921 -0.526958 0.161983 -0.868408 -0.468646 0.555393 
1533576637320 0.191726 0.928756 -0.31726 -0.600965 -0.954495 0.251687 0.159979 -0.237814 0.228432 0.272151 0.934748 0.370684 0.326872 -0.400887 0.855829 0.397147 -0.931083 -0.291817 0.218921 -0.526958 0.161983 -0.868408 -0.468646 0.555393 
1533576637379 0.191583 0.928724 -0.317438 -0.60105 -0.954442 0.25168 0.160303 -0.237965 0.228771 0.272265 0.934631 0.370988 0.325795 -0.398493 0.857357 0.403676 -0.930385 -0.296321 0.215818 -0.529359 0.168051 -0.867985 -0.467292 0.538303 
1533576637459 0.191441 0.928693 -0.317616 -0.601135 -0.95439 0.251673 0.160627 -0.238116 0.229109 0.272379 0.934515 0.371293 0.325797 -0.398494 0.857356 0.403705 -0.930388 -0.296303 0.215829 -0.529367 0.168031 -0.86799 -0.467288 0.538246 
1533576637497 0.191298 0.928661 -0.317795 -0.60122 -0.954337 0.251666 0.160951 -0.238266 0.229447 0.272493 0.934399 0.371597 0.325797 -0.398494 0.857356 0.403705 -0.930388 -0.296303 0.215829 -0.529367 0.168031 -0.86799 -0.467288 0.538246 
1533576637565 0.191156 0.928629 -0.317973 -0.601305 -0.954284 0.251659 0.161274 -0.238417 0.229785 0.272608 0.934282 0.371901 0.325797 -0.398494 0.857356 0.403705 -0.930388 -0.296303 0.215829 -0.529367 0.168031 -0.86799 -0.467288 0.538246 
1533576637620 0.191013 0.928598 -0.318151 -0.60139 -0.954231 0.251652 0.161597 -0.238567 0.230122 0.272723 0.934166 0.372205 0.325797 -0.398494 0.857356 0.403705 -0.930388 -0.296303 0.215829 -0.529367 0.168031 -0.86799 -0.467288 0.538246 
1533576637686 0.190871 0.928566 -0.31833 -0.601475 -0.954179 0.251645 0.16192 -0.238717 0.230459 0.272838 0.934049 0.372509 0.325797 -0.398494 0.857356 0.403705 -0.930388 -0.296303 0.215829 -0.529367 0.168031 -0.86799 -0.467288 0.538246 
1533576637744 0.190728 0.928534 -0.318509 -0.60156 -0.954126 0.251638 0.162242 -0.238867 0.230796 0.272953 0.933932 0.372813 0.325797 -0.398494 0.857356 0.403705 -0.930388 -0.296303 0.215829 -0.529367 0.168031 -0.86799 -0.467288 0.538246 
1533576637795 0.190585 0.928502 -0.318688 -0.601643 -0.954073 0.25163 0.162562 -0.239015 0.23113 0.27307 0.933816 0.373112 0.325797 -0.398494 0.857356 0.403692 -0.930386 -0.296312 0.215825 -0.529364 0.16804 -0.867987 -0.467291 0.538272 
1533576637845 0.190875 0.928532 -0.318427 -0.601431 -0.954027 0.251844 0.162503 -0.238387 0.231083 0.27277 0.933915 0.372207 0.326524 -0.399967 0.856393 0.400817 -0.930612 -0.294551 0.217256 -0.528423 0.165356 -0.867909 -0.468392 0.545862 
1533576638000 0.190667 0.928607 -0.318331 -0.601522 -0.954145 0.25154 0.162278 -0.238724 0.230765 0.272793 0.933987 0.37273 0.326524 -0.399967 0.856393 0.400817 -0.930612 -0.294551 0.217256 -0.528423 0.165356 -0.867909 -0.468392 0.545862 
1533576638012 0.190566 0.928576 -0.318484 -0.601595 -0.95417 0.251466 0.162248 -0.238902 0.230748 0.272969 0.93394 0.372964 0.325025 -0.397007 0.858338 0.406031 -0.930243 -0.297668 0.214573 -0.529958 0.170313 -0.868204 -0.466063 0.531781 
1533576638028 0.190465 0.928544 -0.318636 -0.601667 -0.954194 0.251392 0.162219 -0.23908 0.23073 0.273144 0.933893 0.373199 0.325024 -0.397006 0.858339 0.406054 -0.930246 -0.297651 0.214581 -0.529963 0.170296 -0.868211 -0.466057 0.531734 
1533576638152 0.190363 0.928512 -0.318789 -0.601739 -0.954219 0.251318 0.162189 -0.239258 0.230712 0.27332 0.933846 0.373434 0.325024 -0.397006 0.858339 0.406054 -0.930246 -0.297651 0.214581 -0.529963 0.170296 -0.868211 -0.466057 0.531734 
1533576638176 0.190262 0.928481 -0.318941 -0.601812 -0.954244 0.251244 0.162159 -0.239436 0.230694 0.273495 0.933799 0.373668 0.325024 -0.397006 0.858339 0.406054 -0.930246 -0.297651 0.214581 -0.529963 0.170296 -0.868211 -0.466057 0.531734 
1533576638223 0.190161 0.928449 -0.319094 -0.601884 -0.954268 0.25117 0.162129 -0.239613 0.230675 0.27367 0.933752 0.373903 0.325024 -0.397006 0.858339 0.406054 -0.930246 -0.297651 0.214581 -0.529963 0.170296 -0.868211 -0.466057 0.531734 
1533576638280 0.19006 0.928418 -0.319246 -0.601956 -0.954293 0.251096 0.162098 -0.239791 0.230656 0.273846 0.933705 0.374137 0.325024 -0.397006 0.858339 0.406054 -0.930246 -0.297651 0.214581 -0.529963 0.170296 -0.868211 -0.466057 0.531734 
1533576638316 0.189958 0.928386 -0.319399 -0.602028 -0.954318 0.251022 0.162068 -0.239968 0.230638 0.274022 0.933659 0.374372 0.325024 -0.397006 0.858339 0.406054 -0.930246 -0.297651 0.214581 -0.529963 0.170296 -0.868211 -0.466057 0.531734 
1533576638355 0.189856 0.928354 -0.319552 -0.602099 -0.954343 0.250946 0.162037 -0.240143 0.230618 0.274198 0.933612 0.374602 0.325025 -0.397007 0.858338 0.406043 -0.930245 -0.297659 0.214577 -0.529961 0.170303 -0.868208 -0.46606 0.531756 
1533576638402 0.190083 0.928376 -0.319354 -0.601886 -0.954307 0.251114 0.161985 -0.239622 0.230577 0.273971 0.933688 0.373795 0.325781 -0.398462 0.857377 0.403769 -0.930386 -0.296327 0.215806 -0.529386 0.168074 -0.867997 -0.467261 0.538084 
1533576638521 0.189934 0.928367 -0.319469 -0.602002 -0.954323 0.251011 0.162054 -0.239778 0.230636 0.274097 0.933637 0.374079 0.325781 -0.398462 0.857377 0.403769 -0.930386 -0.296327 0.215806 -0.529386 0.168074 -0.867997 -0.467261 0.538084 
1533576638532 0.189629 0.928362 -0.319663 -0.602071 -0.954377 0.250765 0.162117 -0.239914 0.230663 0.274336 0.93356 0.374278 0.324316 -0.395677 0.85922 0.40787 -0.93014 -0.298754 0.213507 -0.530268 0.172216 -0.868439 -0.464926 0.526294 
1533576638548 0.189324 0.928358 -0.319856 -0.602139 -0.954431 0.250519 0.16218 -0.24005 0.230691 0.274576 0.933483 0.374477 0.324314 -0.395675 0.859221 0.407888 -0.930144 -0.298739 0.213514 -0.530271 0.172201 -0.868445 -0.46492 0.526256 
1533576638565 0.189019 0.928353 -0.32005 -0.602208 -0.954484 0.250273 0.162244 -0.240187 0.230719 0.274815 0.933405 0.374677 0.324314 -0.395675 0.859221 0.407888 -0.930144 -0.298739 0.213514 -0.530271 0.172201 -0.868445 -0.46492 0.526256 
1533576638711 0.188714 0.928349 -0.320243 -0.602277 -0.954538 0.250027 0.162307 -0.240323 0.230747 0.275055 0.933328 0.374876 0.324314 -0.395675 0.859221 0.407888 -0.930144 -0.298739 0.213514 -0.530271 0.172201 -0.868445 -0.46492 0.526256 
1533576638745 0.188409 0.928344 -0.320437 -0.602345 -0.954592 0.249781 0.16237 -0.240458 0.230774 0.275294 0.93325 0.375075 0.324314 -0.395675 0.859221 0.407888 -0.930144 -0.298739 0.213514 -0.530271 0.172201 -0.868445 -0.46492 0.526256 
1533576638823 0.188103 0.928339 -0.32063 -0.602414 -0.954645 0.249535 0.162433 -0.240594 0.230801 0.275534 0.933173 0.375275 0.324314 -0.395675 0.859221 0.407888 -0.930144 -0.298739 0.213514 -0.530271 0.172201 -0.868445 -0.46492 0.526256 
1533576638866 0.187798 0.928334 -0.320824 -0.602482 -0.954699 0.249289 0.162496 -0.24073 0.230828 0.275774 0.933096 0.375474 0.324314 -0.395675 0.859221 0.407888 -0.930144 -0.298739 0.213514 -0.530271 0.172201 -0.868445 -0.46492 0.526256 
1533576638920 0.187492 0.928329 -0.321017 -0.602549 -0.954753 0.249041 0.162557 -0.240863 0.230853 0.276014 0.933018 0.375669 0.324315 -0.395676 0.859221 0.40788 -0.930142 -0.298746 0.213511 -0.53027 0.172208 -0.868442 -0.464923 0.526273 
1533576638979 0.187644 0.928364 -0.320826 -0.602411 -0.954744 0.249127 0.162482 -0.240191 0.230769 0.275818 0.933097 0.374899 0.325009 -0.396977 0.858358 0.406103 -0.930245 -0.29767 0.214561 -0.529974 0.170331 -0.868218 -0.466031 0.531599 
1533576639103 0.187979 0.928314 -0.320776 -0.602443 -0.954678 0.249434 0.162396 -0.240703 0.230767 0.275711 0.933129 0.375362 0.325009 -0.396977 0.858358 0.406103 -0.930245 -0.29767 0.214561 -0.529974 0.170331 -0.868218 -0.466031 0.531599 
1533576639116 0.187569 0.928427 -0.320688 -0.602475 -0.954735 0.24906 0.162636 -0.240766 0.230866 0.275666 0.933118 0.375592 0.323686 -0.394518 0.85999 0.409287 -0.93006 -0.299654 0.212594 -0.530356 0.173827 -0.868656 -0.463919 0.521654 
1533576639132 0.187159 0.928541 -0.320599 -0.602506 -0.954791 0.248687 0.162877 -0.240829 0.230966 0.275622 0.933106 0.375822 0.323684 -0.394517 0.859991 0.409301 -0.930063 -0.29964 0.212599 -0.530357 0.173814 -0.868661 -0.463914 0.521622 
1533576639286 0.186748 0.928654 -0.320511 -0.602538 -0.954847 0.248313 0.163117 -0.240892 0.231066 0.275577 0.933095 0.376051 0.323684 -0.394517 0.859991 0.409301 -0.930063 -0.29964 0.212599 -0.530357 0.173814 -0.868661 -0.463914 0.521622 
1533576639315 0.186338 0.928767 -0.320423 -0.602569 -0.954903 0.247939 0.163357 -0.240955 0.231166 0.275533 0.933083 0.376281 0.323684 -0.394517 0.859991 0.409301 -0.930063 -0.29964 0.212599 -0.530357 0.173814 -0.868661 -0.463914 0.521622 
1533576639407 0.185927 0.92888 -0.320334 -0.602601 -0.954959 0.247566 0.163597 -0.241017 0.231266 0.275489 0.933071 0.37651 0.323684 -0.394517 0.859991 0.409301 -0.930063 -0.29964 0.212599 -0.530357 0.173814 -0.868661 -0.463914 0.521622 
1533576639452 0.185517 0.928992 -0.320246 -0.602632 -0.955015 0.247192 0.163837 -0.24108 0.231365 0.275445 0.93306 0.37674 0.323684 -0.394517 0.859991 0.409301 -0.930063 -0.29964 0.212599 -0.530357 0.173814 -0.868661 -0.463914 0.521622 
1533576639512 0.185106 0.929105 -0.320157 -0.602663 -0.955071 0.246818 0.164076 -0.241143 0.231464 0.275401 0.933048 0.376969 0.323684 -0.394517 0.859991 0.409301 -0.930063 -0.29964 0.212599 -0.530357 0.173814 -0.868661 -0.463914 0.521622 
1533576639573 0.184695 0.929217 -0.320069 -0.602694 -0.955127 0.246442 0.164314 -0.241203 0.231562 0.275358 0.933036 0.377194 0.323685 -0.394518 0.859991 0.409295 -0.930062 -0.299647 0.212597 -0.530357 0.17382 -0.868659 -0.463917 0.521637 
1533576639634 0.184766 0.929269 -0.319877 -0.602612 -0.955136 0.246449 0.164253 -0.240463 0.231468 0.275178 0.933113 0.376661 0.3243 -0.395649 0.859239 0.407926 -0.930143 -0.298753 0.213496 -0.530276 0.172231 -0.868452 -0.464896 0.526142 
1533576639757 0.185274 0.929138 -0.319963 -0.602649 -0.955021 0.246963 0.16415 -0.241095 0.231537 0.275158 0.933102 0.377002 0.3243 -0.395649 0.859239 0.407926 -0.930143 -0.298753 0.213496 -0.530276 0.172231 -0.868452 -0.464896 0.526142 
1533576639771 0.185122 0.929159 -0.31999 -0.602675 -0.955104 0.24676 0.163969 -0.241266 0.231314 0.275269 0.933124 0.377134 0.323131 -0.393517 0.860657 0.410361 -0.929995 -0.300409 0.211809 -0.530271 0.175198 -0.868849 -0.463041 0.517714 
1533576639787 0.18497 0.92918 -0.320017 -0.6027 -0.955187 0.246557 0.163789 -0.241437 0.231092 0.275381 0.933146 0.377266 0.32313 -0.393516 0.860658 0.410371 -0.929998 -0.300397 0.211813 -0.530271 0.175187 -0.868854 -0.463036 0.517688 
1533576639941 0.184817 0.929201 -0.320045 -0.602726 -0.955271 0.246354 0.163608 -0.241609 0.230869 0.275492 0.933169 0.377398 0.32313 -0.393516 0.860658 0.410371 -0.929998 -0.300397 0.211813 -0.530271 0.175187 -0.868854 -0.463036 0.517688 
1533576639958 0.184665 0.929222 -0.320072 -0.602752 -0.955354 0.246151 0.163427 -0.24178 0.230646 0.275603 0.933191 0.377529 0.32313 -0.393516 0.860658 0.410371 -0.929998 -0.300397 0.211813 -0.530271 0.175187 -0.868854 -0.463036 0.517688 
1533576639965 0.184512 0.929242 -0.3201 -0.602778 -0.955437 0.245948 0.163246 -0.24195 0.230423 0.275715 0.933213 0.377661 0.32313 -0.393516 0.860658 0.410371 -0.929998 -0.300397 0.211813 -0.530271 0.175187 -0.868854 -0.463036 0.517688 
1533576640072 0.18436 0.929263 -0.320127 -0.602803 -0.955521 0.245744 0.163065 -0.242121 0.2302 0.275826 0.933235 0.377793 0.32313 -0.393516 0.860658 0.410371 -0.929998 -0.300397 0.211813 -0.530271 0.175187 -0.868854 -0.463036 0.517688 
1533576640102 0.184207 0.929284 -0.320155 -0.602829 -0.955604 0.245541 0.162884 -0.242292 0.229976 0.275937 0.933258 0.377925 0.32313 -0.393516 0.860658 0.410371 -0.929998 -0.300397 0.211813 -0.530271 0.175187 -0.868854 -0.463036 0.517688 
1533576640147 0.184053 0.929305 -0.320183 -0.602854 -0.955687 0.245336 0.162702 -0.242461 0.229752 0.276049 0.93328 0.378054 0.323131 -0.393516 0.860658 0.410367 -0.929997 -0.300402 0.211811 -0.530271 0.175192 -0.868852 -0.463038 0.5177 
1533576640202 0.184198 0.929311 -0.320081 -0.602752 -0.955675 0.245436 0.162625 -0.24193 0.229688 0.275939 0.933328 0.377581 0.323671 -0.394494 0.860007 0.409331 -0.930063 -0.299652 0.212584 -0.530357 0.17384 -0.868667 -0.463893 0.521526 
1533576640328 0.184291 0.929285 -0.320104 -0.602806 -0.955557 0.245648 0.162997 -0.24214 0.230103 0.275839 0.933255 0.377808 0.323671 -0.394494 0.860007 0.409331 -0.930063 -0.299652 0.212584 -0.530357 0.17384 -0.868667 -0.463893 0.521526 
1533576640338 0.184278 0.929318 -0.320014 -0.602803 -0.955625 0.245542 0.162759 -0.242332 0.229832 0.27582 0.933328 0.377924 0.322644 -0.392653 0.861234 0.411155 -0.929943 -0.301047 0.211132 -0.530052 0.17637 -0.869019 -0.462276 0.514357 
1533576640355 0.184266 0.929352 -0.319924 -0.602801 -0.955692 0.245435 0.162522 -0.242524 0.229561 0.275802 0.9334 0.37804 0.322642 -0.392652 0.861236 0.411163 -0.929946 -0.301037 0.211135 -0.53005 0.176361 -0.869023 -0.462272 0.514335 
1533576640372 0.184253 0.929385 -0.319834 -0.602798 -0.95576 0.245329 0.162284 -0.242715 0.229289 0.275783 0.933472 0.378155 0.322642 -0.392652 0.861236 0.411163 -0.929946 -0.301037 0.211135 -0.53005 0.176361 -0.869023 -0.462272 0.514335 
1533576640483 0.18424 0.929419 -0.319744 -0.602795 -0.955828 0.245223 0.162047 -0.242907 0.229018 0.275765 0.933544 0.378271 0.322642 -0.392652 0.861236 0.411163 -0.929946 -0.301037 0.211135 -0.53005 0.176361 -0.869023 -0.462272 0.514335 
1533576640500 0.184227 0.929452 -0.319654 -0.602793 -0.955895 0.245117 0.161809 -0.243098 0.228746 0.275747 0.933616 0.378387 0.322642 -0.392652 0.861236 0.411163 -0.929946 -0.301037 0.211135 -0.53005 0.176361 -0.869023 -0.462272 0.514335 
1533576640528 0.184213 0.929486 -0.319564 -0.60279 -0.955963 0.24501 0.161571 -0.24329 0.228475 0.275728 0.933688 0.378502 0.322642 -0.392652 0.861236 0.411163 -0.929946 -0.301037 0.211135 -0.53005 0.176361 -0.869023 -0.462272 0.514335 
1533576640588 0.1842 0.929519 -0.319474 -0.602787 -0.95603 0.244904 0.161334 -0.243481 0.228203 0.275709 0.93376 0.378618 0.322642 -0.392652 0.861236 0.411163 -0.929946 -0.301037 0.211135 -0.53005 0.176361 -0.869023 -0.462272 0.514335 
1533576640618 0.184186 0.929553 -0.319385 -0.602784 -0.956098 0.244796 0.161096 -0.243671 0.227932 0.275691 0.933832 0.378732 0.322643 -0.392652 0.861235 0.41116 -0.929944 -0.301041 0.211134 -0.530051 0.176365 -0.869021 -0.462274 0.514345 
1533576640624 0.184364 0.929539 -0.319322 -0.602702 -0.956073 0.244941 0.16102 -0.243241 0.22789 0.27561 0.933866 0.378433 0.323118 -0.393496 0.860671 0.410393 -0.929998 -0.300407 0.2118 -0.530267 0.175209 -0.868859 -0.463018 0.517606 
1533576640746 0.184199 0.929454 -0.319665 -0.602758 -0.955881 0.245116 0.161894 -0.243098 0.228828 0.275741 0.933598 0.378433 0.323118 -0.393496 0.860671 0.410393 -0.929998 -0.300407 0.2118 -0.530267 0.175209 -0.868859 -0.463018 0.517606 
1533576640758 0.183934 0.929482 -0.319736 -0.602773 -0.955843 0.244986 0.162314 -0.243168 0.229199 0.275763 0.9335 0.378551 0.322215 -0.391906 0.861735 0.411723 -0.929901 -0.301589 0.210545 -0.529726 0.177376 -0.869168 -0.46161 0.511486 
1533576640775 0.18367 0.92951 -0.319808 -0.602788 -0.955805 0.244856 0.162734 -0.243239 0.22957 0.275785 0.933403 0.378669 0.322213 -0.391905 0.861736 0.411728 -0.929903 -0.30158 0.210547 -0.529724 0.177368 -0.869172 -0.461606 0.511469 
1533576640791 0.183406 0.929537 -0.31988 -0.602803 -0.955767 0.244727 0.163154 -0.24331 0.229941 0.275807 0.933305 0.378786 0.322213 -0.391905 0.861736 0.411728 -0.929903 -0.30158 0.210547 -0.529724 0.177368 -0.869172 -0.461606 0.511469 
1533576640902 0.183141 0.929565 -0.319951 -0.602817 -0.955728 0.244597 0.163574 -0.24338 0.230311 0.275829 0.933207 0.378904 0.322213 -0.391905 0.861736 0.411728 -0.929903 -0.30158 0.210547 -0.529724 0.177368 -0.869172 -0.461606 0.511469 
1533576640923 0.182877 0.929592 -0.320023 -0.602832 -0.955689 0.244467 0.163993 -0.24345 0.230682 0.275852 0.933109 0.379022 0.322213 -0.391905 0.861736 0.411728 -0.929903 -0.30158 0.210547 -0.529724 0.177368 -0.869172 -0.461606 0.511469 
1533576640965 0.182612 0.929619 -0.320094 -0.602847 -0.95565 0.244338 0.164413 -0.243521 0.231052 0.275874 0.93301 0.379139 0.322213 -0.391905 0.861736 0.411728 -0.929903 -0.30158 0.210547 -0.529724 0.177368 -0.869172 -0.461606 0.511469 
1533576641038 0.182348 0.929647 -0.320166 -0.602861 -0.955611 0.244208 0.164832 -0.243591 0.231423 0.275897 0.932912 0.379257 0.322213 -0.391905 0.861736 0.411728 -0.929903 -0.30158 0.210547 -0.529724 0.177368 -0.869172 -0.461606 0.511469 
1533576641072 0.182083 0.929674 -0.320237 -0.602876 -0.955573 0.244077 0.165249 -0.243659 0.231791 0.27592 0.932814 0.379372 0.322214 -0.391905 0.861736 0.411726 -0.929902 -0.301584 0.210546 -0.529725 0.177372 -0.86917 -0.461608 0.511477 
1533576641122 0.182246 0.92968 -0.320128 -0.602906 -0.955563 0.244186 0.165142 -0.243031 0.2317 0.275806 0.93287 0.379079 0.322632 -0.392635 0.861247 0.411179 -0.929946 -0.301045 0.211124 -0.530043 0.176379 -0.869028 -0.462256 0.514266 
1533576641261 0.182504 0.929635 -0.320111 -0.602879 -0.955653 0.244261 0.164514 -0.243511 0.231128 0.27589 0.932987 0.379151 0.322632 -0.392635 0.861247 0.411179 -0.929946 -0.301045 0.211124 -0.530043 0.176379 -0.869028 -0.462256 0.514266 
1533576641272 0.182207 0.929688 -0.320126 -0.602884 -0.955606 0.244107 0.165012 -0.243543 0.231555 0.275848 0.932893 0.379257 0.321836 -0.391259 0.862171 0.412106 -0.929866 -0.302052 0.210033 -0.529319 0.178243 -0.869299 -0.46103 0.509023 
1533576641289 0.18191 0.929741 -0.320142 -0.602889 -0.955559 0.243953 0.165511 -0.243574 0.231982 0.275807 0.9328 0.379363 0.321834 -0.391258 0.862172 0.41211 -0.929868 -0.302044 0.210035 -0.529315 0.178236 -0.869303 -0.461026 0.509009 
1533576641411 0.181614 0.929793 -0.320158 -0.602894 -0.955512 0.2438 0.16601 -0.243606 0.232409 0.275765 0.932706 0.379468 0.321834 -0.391258 0.862172 0.41211 -0.929868 -0.302044 0.210035 -0.529315 0.178236 -0.869303 -0.461026 0.509009 
1533576641431 0.181317 0.929846 -0.320174 -0.602899 -0.955464 0.243646 0.166508 -0.243637 0.232836 0.275724 0.932611 0.379574 0.321834 -0.391258 0.862172 0.41211 -0.929868 -0.302044 0.210035 -0.529315 0.178236 -0.869303 -0.461026 0.509009 
1533576641486 0.18102 0.929898 -0.320189 -0.602904 -0.955416 0.243492 0.167007 -0.243669 0.233263 0.275682 0.932517 0.379679 0.321834 -0.391258 0.862172 0.41211 -0.929868 -0.302044 0.210035 -0.529315 0.178236 -0.869303 -0.461026 0.509009 
1533576641546 0.180723 0.929951 -0.320204 -0.602909 -0.955368 0.243338 0.167505 -0.2437 0.23369 0.275641 0.932422 0.379785 0.321834 -0.391258 0.862172 0.41211 -0.929868 -0.302044 0.210035 -0.529315 0.178236 -0.869303 -0.461026 0.509009 
1533576641578 0.180426 0.930003 -0.32022 -0.602913 -0.95532 0.243184 0.168004 -0.243731 0.234116 0.2756 0.932327 0.37989 0.321834 -0.391258 0.862172 0.41211 -0.929868 -0.302044 0.210035 -0.529315 0.178236 -0.869303 -0.461026 0.509009 
1533576641617 0.180128 0.930056 -0.320235 -0.602918 -0.955272 0.243029 0.1685 -0.243761 0.234541 0.27556 0.932233 0.379993 0.321835 -0.391258 0.862171 0.412108 -0.929867 -0.302048 0.210034 -0.529317 0.178239 -0.869301 -0.461028 0.509015 
1533576641675 0.180253 0.930065 -0.320138 -0.602979 -0.955271 0.243103 0.168399 -0.24315 0.234449 0.275464 0.932284 0.379807 0.322204 -0.39189 0.861746 0.411739 -0.929903 -0.301587 0.210537 -0.529715 0.177384 -0.869176 -0.461592 0.51141 
1533576641804 0.180605 0.93005 -0.319982 -0.602897 -0.955388 0.24319 0.167607 -0.243654 0.2337 0.275436 0.93248 0.379876 0.322204 -0.39189 0.861746 0.411739 -0.929903 -0.301587 0.210537 -0.529715 0.177384 -0.869176 -0.461592 0.51141 
1533576641817 0.180342 0.930106 -0.31997 -0.602885 -0.955437 0.24294 0.167688 -0.243742 0.233701 0.27547 0.93247 0.379938 0.321499 -0.390697 0.862551 0.412341 -0.929838 -0.302449 0.209583 -0.528847 0.178994 -0.869414 -0.460522 0.506901 
1533576641834 0.180079 0.930161 -0.319958 -0.602873 -0.955486 0.242691 0.167769 -0.24383 0.233703 0.275504 0.932459 0.38 0.321497 -0.390696 0.862552 0.412343 -0.92984 -0.302442 0.209585 -0.528843 0.178988 -0.869417 -0.460519 0.506889 
1533576641947 0.179816 0.930215 -0.319946 -0.60286 -0.955535 0.242442 0.16785 -0.243918 0.233705 0.275537 0.932449 0.380062 0.321497 -0.390696 0.862552 0.412343 -0.92984 -0.302442 0.209585 -0.528843 0.178988 -0.869417 -0.460519 0.506889 
1533576641972 0.179553 0.93027 -0.319934 -0.602848 -0.955584 0.242193 0.167931 -0.244006 0.233707 0.275571 0.932438 0.380124 0.321497 -0.390696 0.862552 0.412343 -0.92984 -0.302442 0.209585 -0.528843 0.178988 -0.869417 -0.460519 0.506889 
1533576642014 0.179291 0.930325 -0.319922 -0.602836 -0.955633 0.241944 0.168012 -0.244094 0.233709 0.275605 0.932428 0.380186 0.321497 -0.390696 0.862552 0.412343 -0.92984 -0.302442 0.209585 -0.528843 0.178988 -0.869417 -0.460519 0.506889 
1533576642067 0.179028 0.93038 -0.31991 -0.602824 -0.955682 0.241695 0.168093 -0.244181 0.233711 0.275639 0.932417 0.380248 0.321497 -0.390696 0.862552 0.412343 -0.92984 -0.302442 0.209585 -0.528843 0.178988 -0.869417 -0.460519 0.506889 
1533576642102 0.178765 0.930434 -0.319898 -0.602811 -0.955731 0.241446 0.168174 -0.244269 0.233713 0.275673 0.932407 0.380309 0.321497 -0.390696 0.862552 0.412343 -0.92984 -0.302442 0.209585 -0.528843 0.178988 -0.869417 -0.460519 0.506889 
1533576642147 0.178501 0.930489 -0.319886 -0.602799 -0.95578 0.241196 0.168254 -0.244355 0.233713 0.275707 0.932397 0.38037 0.321498 -0.390696 0.862552 0.412342 -0.929839 -0.302445 0.209584 -0.528845 0.178991 -0.869416 -0.46052 0.506895 
1533576642195 0.178581 0.930493 -0.31983 -0.602863 -0.955787 0.241235 0.168157 -0.243801 0.233623 0.27566 0.932433 0.380188 0.321826 -0.391245 0.862181 0.412117 -0.929868 -0.302049 0.210026 -0.529305 0.17825 -0.869306 -0.461014 0.508958 
1533576642345 0.179082 0.930389 -0.319853 -0.602789 -0.955717 0.241683 0.167915 -0.244271 0.233529 0.275618 0.932469 0.380257 0.321826 -0.391245 0.862181 0.412117 -0.929868 -0.302049 0.210026 -0.529305 0.17825 -0.869306 -0.461014 0.508958 
1533576642358 0.178783 0.93039 -0.320018 -0.602792 -0.955705 0.241511 0.168227 -0.244342 0.233804 0.275766 0.932356 0.380291 0.321198 -0.390207 0.862885 0.412456 -0.929816 -0.302791 0.209187 -0.528327 0.179647 -0.869515 -0.460077 0.505066 
1533576642375 0.178485 0.93039 -0.320183 -0.602796 -0.955693 0.24134 0.168539 -0.244413 0.23408 0.275915 0.932243 0.380325 0.321196 -0.390206 0.862886 0.412457 -0.929818 -0.302784 0.209188 -0.528323 0.179642 -0.869518 -0.460074 0.505057 
1533576642470 0.178186 0.930391 -0.320348 -0.602799 -0.955681 0.241168 0.168852 -0.244484 0.234356 0.276063 0.93213 0.380359 0.321196 -0.390206 0.862886 0.412457 -0.929818 -0.302784 0.209188 -0.528323 0.179642 -0.869518 -0.460074 0.505057 
1533576642491 0.177888 0.930391 -0.320512 -0.602802 -0.955669 0.240997 0.169164 -0.244554 0.234631 0.276212 0.932017 0.380393 0.321196 -0.390206 0.862886 0.412457 -0.929818 -0.302784 0.209188 -0.528323 0.179642 -0.869518 -0.460074 0.505057 
1533576642548 0.177589 0.930391 -0.320677 -0.602805 -0.955657 0.240825 0.169477 -0.244625 0.234907 0.27636 0.931903 0.380427 0.321196 -0.390206 0.862886 0.412457 -0.929818 -0.302784 0.209188 -0.528323 0.179642 -0.869518 -0.460074 0.505057 
1533576642603 0.17729 0.930392 -0.320842 -0.602809 -0.955645 0.240654 0.169789 -0.244696 0.235182 0.276509 0.93179 0.380461 0.321196 -0.390206 0.862886 0.412457 -0.929818 -0.302784 0.209188 -0.528323 0.179642 -0.869518 -0.460074 0.505057 
1533576642636 0.176992 0.930392 -0.321006 -0.602812 -0.955633 0.240482 0.170101 -0.244766 0.235457 0.276658 0.931676 0.380495 0.321196 -0.390206 0.862886 0.412457 -0.929818 -0.302784 0.209188 -0.528323 0.179642 -0.869518 -0.460074 0.505057 
1533576642677 0.176692 0.930392 -0.32117 -0.602816 -0.955621 0.240309 0.170412 -0.244834 0.23573 0.276806 0.931563 0.380527 0.321197 -0.390207 0.862885 0.412457 -0.929817 -0.302787 0.209188 -0.528325 0.179644 -0.869516 -0.460075 0.505061 
1533576642722 0.176817 0.930388 -0.321113 -0.602922 -0.955624 0.240385 0.170287 -0.244234 0.235623 0.276753 0.931606 0.380318 0.32149 -0.390685 0.86256 0.412347 -0.929841 -0.302446 0.209577 -0.528831 0.178999 -0.86942 -0.460508 0.506846 
1533576642873 0.177145 0.930433 -0.320803 -0.602844 -0.955666 0.240516 0.169864 -0.24465 0.235205 0.27649 0.93179 0.380471 0.32149 -0.390685 0.86256 0.412347 -0.929841 -0.302446 0.209577 -0.528831 0.178999 -0.86942 -0.460508 0.506846 
1533576642885 0.176954 0.93048 -0.320771 -0.602821 -0.955668 0.24037 0.170061 -0.24473 0.235342 0.276457 0.931765 0.380518 0.320928 -0.389779 0.863179 0.412476 -0.929799 -0.303087 0.208835 -0.52777 0.180218 -0.869604 -0.459685 0.503472 
1533576642902 0.176764 0.930527 -0.320739 -0.602798 -0.955669 0.240225 0.170259 -0.244809 0.23548 0.276425 0.93174 0.380565 0.320926 -0.389778 0.86318 0.412476 -0.929801 -0.303081 0.208836 -0.527765 0.180213 -0.869606 -0.459683 0.503465 
1533576642919 0.176573 0.930575 -0.320707 -0.602775 -0.955671 0.24008 0.170456 -0.244888 0.235617 0.276392 0.931715 0.380612 0.320926 -0.389778 0.86318 0.412476 -0.929801 -0.303081 0.208836 -0.527765 0.180213 -0.869606 -0.459683 0.503465 
1533576643020 0.176383 0.930622 -0.320674 -0.602752 -0.955672 0.239934 0.170654 -0.244967 0.235755 0.276359 0.93169 0.380659 0.320926 -0.389778 0.86318 0.412476 -0.929801 -0.303081 0.208836 -0.527765 0.180213 -0.869606 -0.459683 0.503465 
1533576643036 0.176192 0.930669 -0.320642 -0.602728 -0.955673 0.239789 0.170851 -0.245047 0.235892 0.276326 0.931664 0.380706 0.320926 -0.389778 0.86318 0.412476 -0.929801 -0.303081 0.208836 -0.527765 0.180213 -0.869606 -0.459683 0.503465 
1533576643060 0.176001 0.930716 -0.32061 -0.602705 -0.955674 0.239643 0.171049 -0.245126 0.23603 0.276294 0.931639 0.380752 0.320926 -0.389778 0.86318 0.412476 -0.929801 -0.303081 0.208836 -0.527765 0.180213 -0.869606 -0.459683 0.503465 
1533576643137 0.175811 0.930763 -0.320577 -0.602682 -0.955675 0.239498 0.171246 -0.245205 0.236167 0.276261 0.931614 0.380799 0.320926 -0.389778 0.86318 0.412476 -0.929801 -0.303081 0.208836 -0.527765 0.180213 -0.869606 -0.459683 0.503465 
1533576643162 0.17562 0.930811 -0.320545 -0.602659 -0.955677 0.239351 0.171443 -0.245282 0.236303 0.276229 0.931589 0.380846 0.320927 -0.389779 0.863179 0.412476 -0.9298 -0.303083 0.208836 -0.527768 0.180216 -0.869605 -0.459684 0.503468 
1533576643196 0.175736 0.930801 -0.32051 -0.602751 -0.955676 0.239431 0.171339 -0.24478 0.236223 0.276193 0.93162 0.380783 0.32119 -0.390197 0.862893 0.412459 -0.929819 -0.302788 0.209181 -0.52831 0.179652 -0.86952 -0.460065 0.505019 
1533576643320 0.175962 0.930765 -0.320489 -0.602722 -0.955717 0.239543 0.170952 -0.245066 0.235887 0.276216 0.931698 0.380829 0.32119 -0.390197 0.862893 0.412459 -0.929819 -0.302788 0.209181 -0.52831 0.179652 -0.86952 -0.460065 0.505019 
1533576643333 0.175751 0.930805 -0.320489 -0.602698 -0.955737 0.239366 0.171086 -0.245154 0.235962 0.276235 0.931674 0.380867 0.320684 -0.389404 0.863439 0.412418 -0.929786 -0.303344 0.208521 -0.527186 0.18072 -0.869682 -0.45934 0.502083 
1533576643350 0.175541 0.930845 -0.320489 -0.602673 -0.955757 0.23919 0.17122 -0.245242 0.236037 0.276253 0.931649 0.380906 0.320682 -0.389403 0.86344 0.412417 -0.929788 -0.303338 0.208521 -0.527181 0.180715 -0.869684 -0.459337 0.502077 
1533576643366 0.17533 0.930885 -0.320488 -0.602648 -0.955778 0.239013 0.171354 -0.245329 0.236112 0.276272 0.931625 0.380944 0.320682 -0.389403 0.86344 0.412417 -0.929788 -0.303338 0.208521 -0.527181 0.180715 -0.869684 -0.459337 0.502077 
1533576643488 0.17512 0.930925 -0.320488 -0.602624 -0.955798 0.238836 0.171488 -0.245417 0.236186 0.27629 0.931601 0.380982 0.320682 -0.389403 0.86344 0.412417 -0.929788 -0.303338 0.208521 -0.527181 0.180715 -0.869684 -0.459337 0.502077 
1533576643504 0.174909 0.930964 -0.320487 -0.602599 -0.955818 0.23866 0.171622 -0.245505 0.236261 0.276309 0.931576 0.381021 0.320682 -0.389403 0.86344 0.412417 -0.929788 -0.303338 0.208521 -0.527181 0.180715 -0.869684 -0.459337 0.502077 
1533576643527 0.174698 0.931004 -0.320486 -0.602574 -0.955838 0.238483 0.171756 -0.245593 0.236336 0.276328 0.931552 0.381059 0.320682 -0.389403 0.86344 0.412417 -0.929788 -0.303338 0.208521 -0.527181 0.180715 -0.869684 -0.459337 0.502077 
1533576643606 0.174488 0.931044 -0.320486 -0.60255 -0.955858 0.238306 0.17189 -0.24568 0.236411 0.276346 0.931527 0.381097 0.320682 -0.389403 0.86344 0.412417 -0.929788 -0.303338 0.208521 -0.527181 0.180715 -0.869684 -0.459337 0.502077 
1533576643632 0.174276 0.931084 -0.320485 -0.602526 -0.955878 0.238128 0.172023 -0.245766 0.236484 0.276365 0.931503 0.381135 0.320683 -0.389404 0.863439 0.412418 -0.929787 -0.303341 0.208521 -0.527183 0.180717 -0.869683 -0.459339 0.502079 
1533576643673 0.174383 0.931076 -0.32045 -0.602631 -0.95588 0.238197 0.171917 -0.245254 0.236398 0.276332 0.931534 0.381037 0.32092 -0.38977 0.863186 0.412475 -0.929801 -0.303084 0.20883 -0.527751 0.180222 -0.869609 -0.459675 0.503433 
1533576643801 0.174787 0.930988 -0.320486 -0.60255 -0.955806 0.238585 0.171793 -0.245612 0.2364 0.276295 0.931545 0.381085 0.32092 -0.38977 0.863186 0.412475 -0.929801 -0.303084 0.20883 -0.527751 0.180222 -0.869609 -0.459675 0.503433 
1533576643813 0.174586 0.931074 -0.320347 -0.60251 -0.955821 0.238395 0.171973 -0.245675 0.236488 0.27617 0.93156 0.381136 0.320463 -0.389073 0.86367 0.412299 -0.929776 -0.303568 0.208238 -0.526582 0.181163 -0.869752 -0.459033 0.500865 
1533576643830 0.174384 0.931159 -0.320207 -0.602469 -0.955836 0.238206 0.172153 -0.245738 0.236577 0.276044 0.931574 0.381186 0.320461 -0.389073 0.863671 0.412298 -0.929778 -0.303563 0.208238 -0.526577 0.181159 -0.869754 -0.459031 0.500861 
1533576643846 0.174183 0.931245 -0.320067 -0.602429 -0.95585 0.238016 0.172333 -0.245801 0.236665 0.275919 0.931589 0.381237 0.320461 -0.389073 0.863671 0.412298 -0.929778 -0.303563 0.208238 -0.526577 0.181159 -0.869754 -0.459031 0.500861 
1533576643957 0.173982 0.931331 -0.319927 -0.602389 -0.955865 0.237826 0.172513 -0.245864 0.236754 0.275793 0.931604 0.381287 0.320461 -0.389073 0.863671 0.412298 -0.929778 -0.303563 0.208238 -0.526577 0.181159 -0.869754 -0.459031 0.500861 
1533576643973 0.173781 0.931416 -0.319788 -0.602349 -0.95588 0.237637 0.172693 -0.245926 0.236842 0.275668 0.931619 0.381338 0.320461 -0.389073 0.863671 0.412298 -0.929778 -0.303563 0.208238 -0.526577 0.181159 -0.869754 -0.459031 0.500861 
1533576643995 0.17358 0.931502 -0.319648 -0.602308 -0.955894 0.237447 0.172873 -0.245989 0.236931 0.275542 0.931633 0.381388 0.320461 -0.389073 0.863671 0.412298 -0.929778 -0.303563 0.208238 -0.526577 0.181159 -0.869754 -0.459031 0.500861 
