0.275657 -0.8825 0.381061 -0.604483 0.633204 0.464965 0.618757 -0.181741 -0.723233 0.0707247 0.686973 0.426588 -0.0874949 -0.990811 -0.103137 0.377661 -0.14496 0.115096 -0.98272 -0.497068 0.985561 -0.0710322 -0.153699 0.468226 
0.279959 -0.928327 0.244604 0.300914 -0.147635 -0.293395 -0.944523 -0.479405 0.948592 0.228316 -0.219193 0.477999 -0.0804242 -0.991464 -0.102625 0.378562 -0.146041 0.113569 -0.982738 -0.496488 0.986004 -0.0640484 -0.153928 0.465561 
0.230439 -0.928572 0.290949 0.201144 0.100162 -0.274773 -0.956278 -0.454448 0.967918 0.249506 0.0296893 0.470138 -0.0733499 -0.992065 -0.102115 0.379464 -0.147112 0.112033 -0.982755 -0.495909 0.986396 -0.0570627 -0.154162 0.462896 
0.170924 -0.930702 0.323387 0.101345 0.342533 -0.251615 -0.905186 -0.429528 0.923827 0.265489 0.275789 0.46227 -0.0662713 -0.992615 -0.101605 0.380365 -0.148171 0.11049 -0.98277 -0.495329 0.986739 -0.0500744 -0.154399 0.46023 
0.105241 -0.934585 0.339817 0.00154856 0.563806 -0.225413 -0.794552 -0.404593 0.819175 0.27521 0.503202 0.454389 -0.0591888 -0.993114 -0.101098 0.381266 -0.14922 0.10894 -0.982785 -0.49475 0.987031 -0.043084 -0.15464 0.457565 
0.0376411 -0.939972 0.33917 -0.0982441 0.749696 -0.197848 -0.631515 -0.379703 0.660711 0.278046 0.697246 0.446561 -0.0521028 -0.993563 -0.100592 0.382168 -0.150257 0.107382 -0.982798 -0.49417 0.987273 -0.0360919 -0.154884 0.4549 
-0.0274966 -0.946509 0.321504 -0.19804 0.888171 -0.170715 -0.426625 -0.354799 0.45869 0.273819 0.845356 0.438708 -0.0450135 -0.99396 -0.100088 0.383069 -0.151282 0.105817 -0.982811 -0.49359 0.987465 -0.0290981 -0.155132 0.452235 
-0.0859582 -0.953775 0.287965 -0.297843 0.970288 -0.145755 -0.193125 -0.329885 0.22617 0.262808 0.937965 0.430849 -0.0379216 -0.994306 -0.0995855 0.38397 -0.152297 0.104244 -0.982822 -0.493011 0.987607 -0.0221036 -0.155383 0.44957 
-0.133891 -0.961306 0.240757 -0.39763 0.990757 -0.124507 0.0538482 -0.304986 -0.0217887 0.245741 0.96909 0.423012 -0.0308272 -0.994601 -0.0990849 0.384871 -0.153301 0.102664 -0.982832 -0.492431 0.987699 -0.0151082 -0.155638 0.446904 
-0.166359 -0.968714 0.184167 -0.497042 0.948949 -0.106519 0.296901 -0.280488 -0.267995 0.224157 0.936981 0.415822 -0.0237308 -0.994846 -0.098586 0.385773 -0.154293 0.101077 -0.982841 -0.491852 0.98774 -0.00811254 -0.155896 0.444239 
-0.166359 -0.968714 0.184167 -0.497042 0.948949 -0.106519 0.296901 -0.280488 -0.267995 0.224157 0.936981 0.415822 -0.023711 -0.994841 -0.0986323 0.385828 -0.154252 0.101119 -0.982843 -0.491823 0.987747 -0.00808999 -0.155854 0.444277 
0.279944 -0.928332 0.244602 0.300919 -0.147641 -0.29339 -0.944523 -0.479385 0.948596 0.2283 -0.219192 0.478003 -0.0230038 -0.994863 -0.0985781 0.385913 -0.154355 0.100956 -0.982844 -0.491768 0.987748 -0.00739311 -0.155885 0.444007 
0.230438 -0.928573 0.290948 0.201144 0.100162 -0.274773 -0.956278 -0.454448 0.967918 0.249505 0.0296895 0.470138 -0.0222962 -0.994885 -0.098524 0.385997 -0.154457 0.100793 -0.982845 -0.491713 0.987748 -0.00669592 -0.155915 0.443736 
0.170952 -0.930693 0.323399 0.101346 0.342531 -0.251618 -0.905185 -0.429524 0.923822 0.265517 0.275777 0.46227 -0.0215893 -0.994906 -0.0984701 0.386082 -0.154559 0.10063 -0.982845 -0.491658 0.987748 -0.0059995 -0.155945 0.443466 
0.105263 -0.934576 0.339834 0.0015493 0.563799 -0.225417 -0.794555 -0.40459 0.819177 0.275235 0.503185 0.454387 -0.0208809 -0.994926 -0.0984161 0.386166 -0.154661 0.100467 -0.982846 -0.491603 0.987747 -0.00530154 -0.155975 0.443196 
0.0376357 -0.939972 0.339171 -0.0982456 0.749696 -0.197853 -0.631515 -0.379703 0.660712 0.278042 0.697246 0.446561 -0.0201733 -0.994946 -0.0983621 0.386251 -0.154763 0.100304 -0.982847 -0.491548 0.987746 -0.00460436 -0.156005 0.442926 
-0.0275103 -0.946508 0.321506 -0.198043 0.888169 -0.170729 -0.426624 -0.354797 0.458694 0.273815 0.845355 0.438706 -0.0194656 -0.994966 -0.0983083 0.386336 -0.154865 0.100141 -0.982847 -0.491492 0.987744 -0.0039072 -0.156035 0.442655 
-0.0859875 -0.953774 0.28796 -0.297848 0.970285 -0.145782 -0.193118 -0.329881 0.22617 0.262798 0.937968 0.430844 -0.0187579 -0.994985 -0.0982543 0.38642 -0.154967 0.0999773 -0.982848 -0.491437 0.987742 -0.00320999 -0.156065 0.442385 
-0.133994 -0.961304 0.240707 -0.397649 0.990742 -0.124599 0.0539059 -0.30497 -0.0218281 0.245702 0.9691 0.422988 -0.0180502 -0.995003 -0.0982004 0.386505 -0.155069 0.0998139 -0.982848 -0.491382 0.987739 -0.00251282 -0.156095 0.442115 
-0.168166 -0.968643 0.182894 -0.4974 0.948284 -0.108293 0.29838 -0.280131 -0.269217 0.223613 0.93676 0.415185 -0.0173425 -0.995021 -0.0981465 0.386589 -0.15517 0.0996504 -0.982849 -0.491327 0.987736 -0.00181566 -0.156126 0.441844 
-0.168166 -0.968643 0.182894 -0.4974 0.948284 -0.108293 0.29838 -0.280131 -0.269217 0.223613 0.93676 0.415185 -0.0174086 -0.995035 -0.0979881 0.386548 -0.15521 0.0995044 -0.982857 -0.491361 0.987728 -0.00190136 -0.156172 0.441908 
0.279944 -0.928332 0.244603 0.300918 -0.14764 -0.293391 -0.944523 -0.479383 0.948596 0.228301 -0.219192 0.478 -0.0173307 -0.995036 -0.0979992 0.386561 -0.155216 0.0995032 -0.982857 -0.491352 0.987729 -0.00182253 -0.15617 0.441875 
0.230433 -0.928574 0.290949 0.201135 0.100157 -0.274774 -0.956278 -0.454444 0.96792 0.249499 0.0296862 0.470131 -0.0172532 -0.995036 -0.0980096 0.386573 -0.155222 0.0995014 -0.982856 -0.491343 0.987729 -0.00174419 -0.156168 0.441841 
0.170907 -0.930708 0.323379 0.101361 0.342537 -0.25161 -0.905185 -0.429539 0.923828 0.265472 0.2758 0.462285 -0.0171759 -0.995036 -0.09802 0.386586 -0.155228 0.0994995 -0.982855 -0.491334 0.987729 -0.00166598 -0.156167 0.441808 
0.105225 -0.934591 0.339806 0.00157287 0.563812 -0.225408 -0.794548 -0.404636 0.819172 0.275193 0.503215 0.45443 -0.0170986 -0.995037 -0.0980304 0.386598 -0.155234 0.0994977 -0.982854 -0.491325 0.98773 -0.00158777 -0.156165 0.441774 
0.0376324 -0.939973 0.339168 -0.0982377 0.749694 -0.197854 -0.631516 -0.379715 0.660713 0.278038 0.697247 0.446568 -0.0170213 -0.995037 -0.0980408 0.386611 -0.155241 0.0994959 -0.982853 -0.491316 0.98773 -0.00150955 -0.156164 0.441741 
-0.0275109 -0.946508 0.321506 -0.198044 0.888168 -0.170729 -0.426625 -0.354797 0.458694 0.273814 0.845355 0.438706 -0.016944 -0.995037 -0.0980511 0.386624 -0.155247 0.0994941 -0.982853 -0.491308 0.98773 -0.00143133 -0.156162 0.441708 
-0.0859935 -0.953774 0.28796 -0.297849 0.970284 -0.145787 -0.193117 -0.32988 0.226171 0.262796 0.937968 0.430843 -0.0168667 -0.995037 -0.0980616 0.386636 -0.155253 0.0994924 -0.982852 -0.491299 0.987731 -0.00135318 -0.15616 0.441674 
-0.134035 -0.9613 0.240699 -0.397656 0.990736 -0.12464 0.0539165 -0.304962 -0.0218293 0.245696 0.969101 0.422982 -0.0167895 -0.995038 -0.098072 0.386649 -0.155259 0.0994906 -0.982851 -0.49129 0.987731 -0.00127499 -0.156159 0.441641 
-0.168532 -0.968602 0.182777 -0.497457 0.948201 -0.108653 0.298511 -0.280044 -0.269279 0.223618 0.936741 0.415121 -0.0167122 -0.995038 -0.0980824 0.386661 -0.155265 0.0994888 -0.98285 -0.491281 0.987732 -0.0011968 -0.156157 0.441607 
-0.168532 -0.968602 0.182777 -0.497457 0.948201 -0.108653 0.298511 -0.280044 -0.269279 0.223618 0.936741 0.415121 -0.0168091 -0.995055 -0.097888 0.386642 -0.155281 0.099312 -0.982866 -0.491324 0.987727 -0.00132092 -0.156183 0.441658 
0.279949 -0.92833 0.244604 0.300903 -0.147644 -0.293394 -0.944522 -0.479377 0.948594 0.228304 -0.219197 0.477994 -0.0167919 -0.995054 -0.0979079 0.386645 -0.155279 0.0993289 -0.982864 -0.491319 0.987728 -0.00130106 -0.156179 0.44165 
0.230423 -0.928578 0.290943 0.201162 0.100165 -0.274767 -0.956279 -0.454451 0.967922 0.249491 0.0296987 0.470149 -0.016774 -0.995052 -0.0979289 0.386648 -0.155278 0.0993468 -0.982863 -0.491314 0.987728 -0.00128033 -0.156177 0.441641 
0.170901 -0.930709 0.323378 0.10138 0.342534 -0.251613 -0.905186 -0.429553 0.923831 0.265465 0.275798 0.462288 -0.0167566 -0.99505 -0.0979493 0.386652 -0.155278 0.0993643 -0.982861 -0.491308 0.987729 -0.0012601 -0.156174 0.441633 
0.105225 -0.934591 0.339806 0.00157044 0.563812 -0.225409 -0.794548 -0.404635 0.819173 0.275193 0.503215 0.45443 -0.0167392 -0.995049 -0.0979698 0.386655 -0.155277 0.0993818 -0.982859 -0.491303 0.987729 -0.00123987 -0.156171 0.441624 
0.0376322 -0.939973 0.339168 -0.0982381 0.749694 -0.197854 -0.631516 -0.379714 0.660713 0.278038 0.697247 0.446568 -0.0167218 -0.995047 -0.0979903 0.386658 -0.155276 0.0993993 -0.982858 -0.491298 0.98773 -0.00121963 -0.156169 0.441616 
-0.027511 -0.946508 0.321505 -0.198044 0.888169 -0.170729 -0.426624 -0.354797 0.458694 0.273814 0.845356 0.438706 -0.0167044 -0.995045 -0.0980108 0.386661 -0.155275 0.0994168 -0.982856 -0.491293 0.98773 -0.0011994 -0.156166 0.441608 
-0.0859929 -0.953774 0.28796 -0.297849 0.970284 -0.145787 -0.193118 -0.32988 0.226172 0.262796 0.937968 0.430843 -0.016687 -0.995043 -0.0980312 0.386664 -0.155274 0.0994343 -0.982854 -0.491288 0.98773 -0.00117918 -0.156164 0.441599 
-0.134036 -0.961301 0.240698 -0.397656 0.990736 -0.12464 0.0539166 -0.304962 -0.0218294 0.245695 0.969101 0.422982 -0.0166696 -0.995042 -0.0980517 0.386668 -0.155273 0.0994518 -0.982853 -0.491282 0.987731 -0.00115895 -0.156161 0.441591 
-0.168532 -0.968602 0.182777 -0.497457 0.948201 -0.108653 0.298511 -0.280044 -0.269279 0.223618 0.936741 0.415121 -0.0166522 -0.99504 -0.0980722 0.386671 -0.155272 0.0994694 -0.982851 -0.491277 0.987731 -0.00113872 -0.156158 0.441582 
-0.168532 -0.968602 0.182777 -0.497457 0.948201 -0.108653 0.298511 -0.280044 -0.269279 0.223618 0.936741 0.415121 -0.016759 -0.99505 -0.0979552 0.386655 -0.155362 0.0993706 -0.982847 -0.491323 0.987715 -0.00125311 -0.156258 0.441574 
0.279948 -0.928331 0.244603 0.300905 -0.147646 -0.293394 -0.944521 -0.479376 0.948594 0.228302 -0.219199 0.477997 -0.016748 -0.995049 -0.0979685 0.386657 -0.155353 0.099382 -0.982847 -0.491318 0.987717 -0.00124103 -0.156248 0.441574 
0.230424 -0.928578 0.290944 0.201164 0.100163 -0.274768 -0.956279 -0.454459 0.967922 0.249491 0.0296964 0.470156 -0.016735 -0.995047 -0.0979828 0.386659 -0.155344 0.0993941 -0.982847 -0.491313 0.987719 -0.00122692 -0.156238 0.441574 
0.1709 -0.930709 0.323379 0.101382 0.342533 -0.251614 -0.905186 -0.429555 0.923831 0.265464 0.275798 0.462288 -0.0167225 -0.995046 -0.0979966 0.386661 -0.155335 0.0994057 -0.982848 -0.491308 0.98772 -0.00121336 -0.156227 0.441574 
0.105225 -0.934591 0.339806 0.00157168 0.563812 -0.225409 -0.794548 -0.404636 0.819173 0.275193 0.503214 0.45443 -0.0167099 -0.995045 -0.0980103 0.386663 -0.155326 0.0994173 -0.982848 -0.491303 0.987722 -0.00119981 -0.156217 0.441574 
0.0376322 -0.939973 0.339168 -0.0982379 0.749694 -0.197854 -0.631516 -0.379714 0.660713 0.278038 0.697247 0.446568 -0.0166974 -0.995044 -0.098024 0.386665 -0.155317 0.0994289 -0.982848 -0.491297 0.987724 -0.00118625 -0.156207 0.441574 
-0.027511 -0.946508 0.321505 -0.198044 0.888168 -0.170729 -0.426625 -0.354797 0.458694 0.273814 0.845355 0.438705 -0.0166849 -0.995043 -0.0980378 0.386666 -0.155307 0.0994405 -0.982848 -0.491292 0.987725 -0.0011727 -0.156197 0.441574 
-0.0859935 -0.953774 0.28796 -0.297849 0.970284 -0.145788 -0.193118 -0.32988 0.226171 0.262796 0.937968 0.430843 -0.0166723 -0.995042 -0.0980515 0.386668 -0.155298 0.0994521 -0.982849 -0.491287 0.987727 -0.00115914 -0.156187 0.441574 
-0.134035 -0.961301 0.240699 -0.397656 0.990736 -0.124639 0.0539163 -0.304962 -0.0218293 0.245695 0.969101 0.422982 -0.0166598 -0.995041 -0.0980652 0.38667 -0.155289 0.0994637 -0.982849 -0.491282 0.987729 -0.00114558 -0.156176 0.441574 
-0.168532 -0.968602 0.182777 -0.497457 0.948201 -0.108653 0.298511 -0.280044 -0.269279 0.223618 0.936741 0.415121 -0.0166473 -0.995039 -0.0980789 0.386672 -0.15528 0.0994753 -0.982849 -0.491277 0.98773 -0.00113203 -0.156166 0.441574 
-0.168532 -0.968602 0.182777 -0.497457 0.948201 -0.108653 0.298511 -0.280044 -0.269279 0.223618 0.936741 0.415121 -0.0167425 -0.99505 -0.097958 0.386657 -0.155354 0.0993708 -0.982848 -0.491321 0.987717 -0.00123718 -0.156249 0.441575 
0.279947 -0.928331 0.244603 0.300906 -0.147648 -0.293393 -0.944521 -0.479374 0.948594 0.228301 -0.219201 0.477999 -0.0167324 -0.995049 -0.0979707 0.386659 -0.155346 0.0993817 -0.982848 -0.491316 0.987718 -0.00122611 -0.15624 0.441575 
0.230423 -0.928578 0.290944 0.201164 0.100164 -0.274768 -0.956279 -0.454459 0.967922 0.249491 0.0296967 0.470155 -0.0167211 -0.995047 -0.0979848 0.38666 -0.155337 0.0993938 -0.982849 -0.491311 0.98772 -0.00121367 -0.15623 0.441575 
0.1709 -0.930709 0.323379 0.101382 0.342533 -0.251613 -0.905186 -0.429555 0.923831 0.265464 0.275798 0.462288 -0.0167103 -0.995046 -0.0979982 0.386662 -0.155329 0.0994055 -0.982849 -0.491306 0.987721 -0.00120177 -0.156221 0.441575 
0.105225 -0.934591 0.339806 0.0015715 0.563812 -0.225409 -0.794548 -0.404636 0.819173 0.275193 0.503214 0.45443 -0.0166995 -0.995045 -0.0980117 0.386664 -0.155321 0.0994171 -0.982849 -0.491301 0.987723 -0.00118987 -0.156211 0.441575 
0.0376321 -0.939973 0.339168 -0.0982377 0.749694 -0.197854 -0.631516 -0.379715 0.660714 0.278038 0.697246 0.446568 -0.0166887 -0.995044 -0.0980252 0.386666 -0.155312 0.0994287 -0.982849 -0.491296 0.987724 -0.00117797 -0.156202 0.441575 
-0.027511 -0.946508 0.321505 -0.198043 0.888168 -0.170729 -0.426625 -0.354797 0.458694 0.273814 0.845355 0.438705 -0.0166779 -0.995043 -0.0980387 0.386667 -0.155304 0.0994403 -0.982849 -0.491292 0.987726 -0.00116607 -0.156193 0.441574 
-0.0859935 -0.953774 0.28796 -0.297849 0.970284 -0.145788 -0.193118 -0.32988 0.226171 0.262796 0.937968 0.430843 -0.0166671 -0.995042 -0.0980522 0.386669 -0.155296 0.099452 -0.982849 -0.491287 0.987727 -0.00115417 -0.156184 0.441574 
-0.134035 -0.961301 0.240699 -0.397656 0.990736 -0.124639 0.0539163 -0.304962 -0.0218293 0.245695 0.969101 0.422982 -0.0166563 -0.995041 -0.0980657 0.386671 -0.155288 0.0994636 -0.982849 -0.491282 0.987729 -0.00114227 -0.156174 0.441574 
-0.168532 -0.968602 0.182777 -0.497457 0.948201 -0.108653 0.298511 -0.280044 -0.269279 0.223618 0.936741 0.415121 -0.0166455 -0.995039 -0.0980792 0.386672 -0.15528 0.0994752 -0.982849 -0.491277 0.98773 -0.00113037 -0.156165 0.441574 
-0.168532 -0.968602 0.182777 -0.497457 0.948201 -0.108653 0.298511 -0.280044 -0.269279 0.223618 0.936741 0.415121 -0.0167291 -0.99505 -0.0979613 0.386658 -0.155349 0.099372 -0.982849 -0.491319 0.987718 -0.00122395 -0.156242 0.441575 
0.279952 -0.928342 0.244559 0.30098 -0.147641 -0.293348 -0.944537 -0.47939 0.948593 0.228318 -0.219184 0.477999 -0.0167194 -0.995049 -0.0979741 0.38666 -0.155343 0.099383 -0.982849 -0.491314 0.987719 -0.00121307 -0.156235 0.441575 
0.230438 -0.928583 0.290917 0.201188 0.100167 -0.274739 -0.956287 -0.454469 0.967918 0.249505 0.0297027 0.47014 -0.01671 -0.995047 -0.0979873 0.386661 -0.155335 0.0993946 -0.982849 -0.49131 0.987721 -0.00120256 -0.156226 0.441575 
0.170908 -0.93071 0.323371 0.101378 0.342536 -0.251602 -0.905188 -0.429552 0.923829 0.26547 0.275801 0.462286 -0.0167009 -0.995046 -0.098 0.386663 -0.155327 0.0994057 -0.982849 -0.491305 0.987722 -0.00119242 -0.156218 0.441575 
0.105228 -0.934591 0.339804 0.00157024 0.563812 -0.225405 -0.794549 -0.404634 0.819172 0.275194 0.503215 0.454427 -0.0166912 -0.995045 -0.0980136 0.386664 -0.155319 0.0994176 -0.982849 -0.4913 0.987723 -0.00118154 -0.156209 0.441575 
0.0376422 -0.939977 0.339156 -0.0982335 0.7497 -0.197837 -0.631514 -0.379718 0.660706 0.278037 0.697254 0.446563 -0.0166818 -0.995044 -0.0980268 0.386666 -0.155311 0.0994292 -0.982849 -0.491295 0.987725 -0.00117103 -0.1562 0.441575 
-0.027466 -0.94652 0.321475 -0.198032 0.888184 -0.170668 -0.426615 -0.354808 0.458666 0.273812 0.845372 0.438701 -0.0166724 -0.995043 -0.09804 0.386668 -0.155303 0.0994407 -0.982849 -0.491291 0.987726 -0.00116052 -0.156191 0.441574 
-0.0859456 -0.953782 0.287946 -0.297841 0.970294 -0.145734 -0.193111 -0.32989 0.22615 0.262795 0.937974 0.430843 -0.016663 -0.995042 -0.0980531 0.386669 -0.155295 0.0994522 -0.982849 -0.491286 0.987728 -0.00115 -0.156182 0.441574 
-0.133999 -0.961306 0.240696 -0.397651 0.990741 -0.124602 0.0539174 -0.30497 -0.02184 0.245692 0.969102 0.422984 -0.0166535 -0.995041 -0.0980663 0.386671 -0.155287 0.0994638 -0.982849 -0.491281 0.987729 -0.00113949 -0.156173 0.441574 
-0.168389 -0.968625 0.182785 -0.49744 0.94822 -0.108513 0.298503 -0.280081 -0.269303 0.223585 0.936742 0.415129 -0.0166441 -0.995039 -0.0980795 0.386672 -0.155279 0.0994753 -0.982849 -0.491277 0.98773 -0.00112898 -0.156165 0.441574 
-0.168389 -0.968625 0.182785 -0.49744 0.94822 -0.108513 0.298503 -0.280081 -0.269303 0.223585 0.936742 0.415129 -0.0167174 -0.99505 -0.0979633 0.386659 -0.155344 0.0993721 -0.98285 -0.491317 0.987719 -0.00121267 -0.156236 0.441575 
0.279952 -0.928342 0.244556 0.30098 -0.147642 -0.293345 -0.944537 -0.479389 0.948593 0.228319 -0.219184 0.477997 -0.0167093 -0.995049 -0.0979758 0.38666 -0.155337 0.0993831 -0.98285 -0.491312 0.98772 -0.00120346 -0.156228 0.441575 
0.230444 -0.928584 0.290907 0.201189 0.100168 -0.274728 -0.95629 -0.454469 0.967916 0.249511 0.0297052 0.470137 -0.016701 -0.995047 -0.0979888 0.386662 -0.155329 0.0993947 -0.98285 -0.491308 0.987722 -0.00119401 -0.15622 0.441575 
0.17091 -0.930711 0.323369 0.101378 0.342537 -0.2516 -0.905188 -0.429552 0.923828 0.265471 0.275802 0.462286 -0.0166929 -0.995046 -0.0980015 0.386663 -0.155322 0.099406 -0.98285 -0.491304 0.987723 -0.00118475 -0.156212 0.441575 
0.105228 -0.934591 0.339804 0.0015701 0.563812 -0.225406 -0.794549 -0.404634 0.819172 0.275194 0.503215 0.454427 -0.0166844 -0.995045 -0.0980147 0.386665 -0.155315 0.0994177 -0.98285 -0.491299 0.987724 -0.00117513 -0.156204 0.441575 
0.0376402 -0.939976 0.339158 -0.0982342 0.749699 -0.19784 -0.631515 -0.379718 0.660708 0.278037 0.697252 0.446563 -0.0166761 -0.995044 -0.0980277 0.386667 -0.155308 0.0994292 -0.98285 -0.491294 0.987725 -0.00116569 -0.156196 0.441575 
-0.0274755 -0.946518 0.321479 -0.198034 0.888182 -0.170679 -0.426616 -0.354806 0.45867 0.27381 0.84537 0.438701 -0.0166679 -0.995043 -0.0980407 0.386668 -0.1553 0.0994408 -0.98285 -0.49129 0.987727 -0.00115624 -0.156188 0.441574 
-0.0859624 -0.95378 0.287948 -0.297844 0.970291 -0.145751 -0.193111 -0.329887 0.226155 0.262793 0.937973 0.430843 -0.0166596 -0.995042 -0.0980537 0.38667 -0.155293 0.0994523 -0.98285 -0.491285 0.987728 -0.0011468 -0.15618 0.441574 
-0.134015 -0.961304 0.240695 -0.397653 0.990739 -0.124618 0.0539187 -0.304967 -0.0218374 0.245692 0.969102 0.422983 -0.0166513 -0.995041 -0.0980667 0.386671 -0.155286 0.0994638 -0.98285 -0.491281 0.987729 -0.00113736 -0.156172 0.441574 
-0.168456 -0.968616 0.182775 -0.497449 0.948209 -0.108578 0.298514 -0.280064 -0.2693 0.223595 0.936741 0.415122 -0.016643 -0.995039 -0.0980797 0.386673 -0.155279 0.0994753 -0.98285 -0.491277 0.987731 -0.00112792 -0.156164 0.441574 
-0.168456 -0.968616 0.182775 -0.497449 0.948209 -0.108578 0.298514 -0.280064 -0.2693 0.223595 0.936741 0.415122 -0.0167072 -0.99505 -0.0979648 0.386659 -0.15534 0.099372 -0.98285 -0.491316 0.98772 -0.00120286 -0.156231 0.441576 
0.27995 -0.928342 0.244558 0.30098 -0.147642 -0.293347 -0.944537 -0.479388 0.948594 0.228316 -0.219185 0.477997 -0.0167003 -0.995048 -0.0979783 0.38666 -0.155334 0.0993842 -0.98285 -0.491312 0.987721 -0.00119453 -0.156224 0.441576 
0.230443 -0.928584 0.290908 0.201189 0.100168 -0.27473 -0.95629 -0.454469 0.967917 0.24951 0.0297048 0.470138 -0.0166931 -0.995047 -0.0979908 0.386662 -0.155327 0.0993954 -0.98285 -0.491307 0.987722 -0.00118626 -0.156217 0.441576 
0.170908 -0.93071 0.323371 0.101378 0.342536 -0.251603 -0.905188 -0.429552 0.923829 0.26547 0.275801 0.462287 -0.0166857 -0.995046 -0.0980037 0.386664 -0.15532 0.099407 -0.98285 -0.491303 0.987723 -0.00117768 -0.156209 0.441575 
0.105227 -0.934591 0.339805 0.00156986 0.563812 -0.225407 -0.794549 -0.404634 0.819172 0.275194 0.503214 0.454427 -0.0166784 -0.995045 -0.0980164 0.386665 -0.155313 0.0994184 -0.98285 -0.491298 0.987725 -0.00116918 -0.156201 0.441575 
0.0376404 -0.939976 0.339158 -0.0982341 0.749699 -0.197839 -0.631515 -0.379718 0.660707 0.278037 0.697253 0.446563 -0.0166711 -0.995044 -0.0980291 0.386667 -0.155306 0.0994298 -0.98285 -0.491294 0.987726 -0.00116073 -0.156194 0.441575 
-0.0274873 -0.946515 0.321486 -0.198037 0.888178 -0.170695 -0.426618 -0.354804 0.458677 0.27381 0.845366 0.438701 -0.0166639 -0.995043 -0.0980418 0.386668 -0.155299 0.0994412 -0.98285 -0.49129 0.987727 -0.00115228 -0.156186 0.441575 
-0.0859737 -0.953778 0.287951 -0.297846 0.970289 -0.145764 -0.193112 -0.329884 0.226159 0.262793 0.937972 0.430842 -0.0166566 -0.995042 -0.0980545 0.38667 -0.155292 0.0994526 -0.98285 -0.491285 0.987728 -0.00114383 -0.156179 0.441575 
-0.134023 -0.961303 0.240696 -0.397654 0.990738 -0.124626 0.0539188 -0.304965 -0.0218353 0.245693 0.969102 0.422982 -0.0166493 -0.995041 -0.0980673 0.386671 -0.155285 0.099464 -0.98285 -0.491281 0.987729 -0.00113537 -0.156171 0.441574 
-0.168487 -0.968611 0.182773 -0.497453 0.948205 -0.108609 0.298516 -0.280056 -0.269295 0.223602 0.93674 0.41512 -0.016642 -0.995039 -0.09808 0.386673 -0.155278 0.0994754 -0.98285 -0.491276 0.987731 -0.00112692 -0.156163 0.441574 
-0.168487 -0.968611 0.182773 -0.497453 0.948205 -0.108609 0.298516 -0.280056 -0.269295 0.223602 0.93674 0.41512 -0.0167009 -0.99505 -0.0979657 0.386659 -0.155337 0.0993718 -0.982851 -0.491315 0.98772 -0.00119675 -0.156228 0.441576 
0.279945 -0.928342 0.244566 0.300979 -0.147642 -0.293353 -0.944535 -0.479388 0.948595 0.228309 -0.219185 0.477999 -0.0166947 -0.995048 -0.0979787 0.386661 -0.15533 0.0993837 -0.982851 -0.491311 0.987722 -0.00118934 -0.15622 0.441576 
0.230438 -0.928583 0.290915 0.201187 0.100166 -0.274738 -0.956288 -0.454469 0.967918 0.249504 0.0297028 0.47014 -0.016688 -0.995047 -0.0979914 0.386662 -0.155324 0.0993952 -0.982851 -0.491306 0.987723 -0.00118147 -0.156213 0.441576 
0.170907 -0.93071 0.323373 0.101377 0.342535 -0.251605 -0.905188 -0.429552 0.923829 0.265469 0.2758 0.462287 -0.0166814 -0.995046 -0.098004 0.386664 -0.155317 0.0994066 -0.98285 -0.491302 0.987724 -0.00117359 -0.156206 0.441575 
0.105227 -0.934591 0.339805 0.00156971 0.563812 -0.225407 -0.794549 -0.404634 0.819173 0.275194 0.503214 0.454427 -0.0166747 -0.995045 -0.0980167 0.386665 -0.155311 0.0994181 -0.98285 -0.491298 0.987725 -0.00116572 -0.156199 0.441575 
0.037643 -0.939978 0.339153 -0.0982331 0.749701 -0.197833 -0.631514 -0.379719 0.660705 0.278036 0.697256 0.446562 -0.0166681 -0.995044 -0.0980294 0.386667 -0.155304 0.0994296 -0.98285 -0.491293 0.987726 -0.00115784 -0.156192 0.441575 
-0.0274959 -0.946513 0.321492 -0.198039 0.888175 -0.170707 -0.42662 -0.354802 0.458682 0.273811 0.845363 0.438702 -0.0166614 -0.995043 -0.098042 0.386668 -0.155297 0.099441 -0.98285 -0.491289 0.987727 -0.00114997 -0.156184 0.441575 
-0.0859812 -0.953777 0.287954 -0.297847 0.970287 -0.145772 -0.193114 -0.329883 0.226163 0.262794 0.937971 0.430842 -0.0166547 -0.995042 -0.0980547 0.38667 -0.155291 0.0994525 -0.98285 -0.491285 0.987728 -0.0011421 -0.156177 0.441575 
-0.134028 -0.961302 0.240697 -0.397655 0.990737 -0.124631 0.0539184 -0.304964 -0.0218336 0.245694 0.969102 0.422982 -0.0166481 -0.995041 -0.0980673 0.386671 -0.155284 0.0994639 -0.98285 -0.491281 0.98773 -0.00113422 -0.15617 0.441574 
-0.168503 -0.968608 0.182772 -0.497455 0.948203 -0.108624 0.298516 -0.280052 -0.269291 0.223606 0.93674 0.41512 -0.0166414 -0.995039 -0.09808 0.386673 -0.155278 0.0994754 -0.98285 -0.491276 0.987731 -0.00112635 -0.156163 0.441574 
-0.168503 -0.968608 0.182772 -0.497455 0.948203 -0.108624 0.298516 -0.280052 -0.269291 0.223606 0.93674 0.41512 -0.0166963 -0.99505 -0.0979667 0.38666 -0.155336 0.0993721 -0.982851 -0.491314 0.987721 -0.00119226 -0.156226 0.441576 
0.280096 -0.928367 0.244297 0.301008 -0.147655 -0.293119 -0.944605 -0.479375 0.948548 0.228508 -0.21918 0.477914 -0.0166904 -0.995049 -0.0979777 0.386661 -0.15533 0.0993821 -0.982851 -0.49131 0.987722 -0.0011853 -0.15622 0.441576 
0.230557 -0.928605 0.290751 0.201213 0.100199 -0.274556 -0.956336 -0.454462 0.967886 0.249623 0.0297445 0.47009 -0.016684 -0.995047 -0.0979909 0.386663 -0.155323 0.0993941 -0.982851 -0.491306 0.987723 -0.00117758 -0.156212 0.441576 
0.170929 -0.930716 0.323342 0.101384 0.342547 -0.251566 -0.905194 -0.429552 0.923821 0.265484 0.275814 0.462278 -0.0166778 -0.995046 -0.0980037 0.386664 -0.155317 0.0994057 -0.982851 -0.491301 0.987724 -0.00117019 -0.156205 0.441575 
0.10523 -0.934592 0.339802 0.00157074 0.563813 -0.225402 -0.794549 -0.404635 0.819171 0.275195 0.503216 0.454426 -0.0166717 -0.995045 -0.0980164 0.386666 -0.15531 0.0994173 -0.98285 -0.491297 0.987725 -0.00116281 -0.156198 0.441575 
0.0376479 -0.93998 0.339146 -0.0982313 0.749705 -0.197824 -0.631513 -0.37972 0.660701 0.278035 0.69726 0.44656 -0.0166655 -0.995044 -0.0980291 0.386667 -0.155304 0.0994289 -0.98285 -0.491293 0.987726 -0.00115542 -0.156191 0.441575 
-0.0274967 -0.946513 0.321493 -0.19804 0.888175 -0.170708 -0.42662 -0.354801 0.458683 0.273811 0.845362 0.438702 -0.0166594 -0.995043 -0.0980418 0.386668 -0.155297 0.0994405 -0.98285 -0.491289 0.987727 -0.00114803 -0.156184 0.441575 
-0.0859863 -0.953775 0.287956 -0.297848 0.970286 -0.145779 -0.193115 -0.329882 0.226166 0.262795 0.93797 0.430843 -0.0166532 -0.995042 -0.0980545 0.38667 -0.155291 0.0994521 -0.98285 -0.491285 0.987728 -0.00114064 -0.156177 0.441575 
-0.134032 -0.961301 0.240698 -0.397655 0.990737 -0.124636 0.0539175 -0.304963 -0.0218315 0.245695 0.969101 0.422982 -0.016647 -0.995041 -0.0980672 0.386671 -0.155284 0.0994637 -0.98285 -0.49128 0.98773 -0.00113325 -0.15617 0.441574 
-0.168517 -0.968605 0.182774 -0.497456 0.948202 -0.108639 0.298514 -0.280048 -0.269286 0.223612 0.936741 0.41512 -0.0166409 -0.995039 -0.0980799 0.386673 -0.155278 0.0994753 -0.98285 -0.491276 0.987731 -0.00112586 -0.156163 0.441574 
-0.168517 -0.968605 0.182774 -0.497456 0.948202 -0.108639 0.298514 -0.280048 -0.269286 0.223612 0.936741 0.41512 -0.0166929 -0.99505 -0.0979666 0.38666 -0.155335 0.0993715 -0.982851 -0.491314 0.987721 -0.00118898 -0.156225 0.441576 
0.280068 -0.928364 0.24434 0.301003 -0.147655 -0.293156 -0.944594 -0.479378 0.948557 0.228472 -0.219181 0.477927 -0.0166876 -0.995049 -0.097979 0.386661 -0.155329 0.0993829 -0.982851 -0.49131 0.987722 -0.00118248 -0.156218 0.441576 
0.23053 -0.928601 0.290785 0.201207 0.100192 -0.274594 -0.956326 -0.454464 0.967893 0.249596 0.0297359 0.4701 -0.0166816 -0.995047 -0.097992 0.386663 -0.155323 0.0993948 -0.982851 -0.491306 0.987723 -0.00117517 -0.156211 0.441576 
0.170922 -0.930714 0.323352 0.101381 0.342543 -0.251578 -0.905192 -0.429552 0.923823 0.265479 0.27581 0.462281 -0.0166757 -0.995046 -0.0980046 0.386664 -0.155316 0.0994063 -0.982851 -0.491301 0.987724 -0.00116808 -0.156204 0.441575 
0.105229 -0.934591 0.339803 0.00157041 0.563813 -0.225404 -0.794549 -0.404635 0.819171 0.275195 0.503216 0.454426 -0.0166699 -0.995045 -0.0980171 0.386666 -0.15531 0.0994178 -0.98285 -0.491297 0.987725 -0.00116099 -0.156197 0.441575 
0.0376453 -0.939979 0.339149 -0.0982322 0.749703 -0.197828 -0.631513 -0.379719 0.660703 0.278035 0.697258 0.446561 -0.016664 -0.995044 -0.0980297 0.386667 -0.155303 0.0994293 -0.98285 -0.491293 0.987726 -0.00115391 -0.156191 0.441575 
-0.0275006 -0.946512 0.321496 -0.198041 0.888173 -0.170713 -0.426621 -0.354801 0.458686 0.273811 0.845361 0.438702 -0.0166582 -0.995043 -0.0980423 0.386668 -0.155297 0.0994408 -0.98285 -0.491289 0.987727 -0.00114682 -0.156184 0.441575 
-0.0859886 -0.953775 0.287957 -0.297849 0.970286 -0.145781 -0.193116 -0.329881 0.226168 0.262795 0.93797 0.430843 -0.0166523 -0.995042 -0.0980549 0.38667 -0.155291 0.0994523 -0.98285 -0.491285 0.987728 -0.00113973 -0.156177 0.441575 
-0.134033 -0.961301 0.240698 -0.397655 0.990736 -0.124637 0.0539173 -0.304962 -0.0218309 0.245695 0.969101 0.422982 -0.0166465 -0.995041 -0.0980675 0.386671 -0.155284 0.0994638 -0.98285 -0.49128 0.98773 -0.00113265 -0.15617 0.441574 
-0.168522 -0.968604 0.182775 -0.497457 0.948202 -0.108643 0.298514 -0.280047 -0.269284 0.223613 0.936741 0.41512 -0.0166406 -0.995039 -0.0980801 0.386673 -0.155278 0.0994753 -0.98285 -0.491276 0.987731 -0.00112556 -0.156163 0.441574 
-0.168522 -0.968604 0.182775 -0.497457 0.948202 -0.108643 0.298514 -0.280047 -0.269284 0.223613 0.936741 0.41512 -0.0166909 -0.99505 -0.0979669 0.38666 -0.155334 0.0993715 -0.982851 -0.491313 0.987721 -0.001187 -0.156224 0.441576 
0.280045 -0.928362 0.244375 0.300998 -0.147655 -0.293186 -0.944585 -0.47938 0.948563 0.228443 -0.219182 0.477938 -0.0166848 -0.995049 -0.0979784 0.386661 -0.155328 0.0993819 -0.982851 -0.491309 0.987722 -0.00117986 -0.156217 0.441576 
0.230512 -0.928598 0.290808 0.201203 0.100187 -0.274619 -0.956319 -0.454465 0.967898 0.249578 0.0297301 0.470107 -0.0166791 -0.995047 -0.0979913 0.386663 -0.155322 0.0993938 -0.982851 -0.491305 0.987723 -0.00117288 -0.15621 0.441576 
0.170918 -0.930713 0.323357 0.10138 0.342541 -0.251585 -0.905191 -0.429552 0.923825 0.265476 0.275807 0.462282 -0.0166736 -0.995046 -0.098004 0.386664 -0.155316 0.0994054 -0.982851 -0.491301 0.987724 -0.00116608 -0.156204 0.441575 
0.105228 -0.934591 0.339804 0.00157008 0.563812 -0.225405 -0.794549 -0.404635 0.819172 0.275194 0.503215 0.454427 -0.016668 -0.995045 -0.0980167 0.386666 -0.155309 0.099417 -0.982851 -0.491297 0.987725 -0.00115928 -0.156197 0.441575 
0.0376382 -0.939975 0.33916 -0.0982348 0.749698 -0.197843 -0.631515 -0.379718 0.660709 0.278037 0.697251 0.446563 -0.0166625 -0.995044 -0.0980293 0.386667 -0.155303 0.0994287 -0.98285 -0.491292 0.987726 -0.00115248 -0.15619 0.441575 
-0.0275034 -0.946511 0.321498 -0.198041 0.888172 -0.170718 -0.426622 -0.3548 0.458688 0.273812 0.845359 0.438703 -0.0166573 -0.995043 -0.0980413 0.386668 -0.155297 0.0994396 -0.98285 -0.491288 0.987727 -0.00114609 -0.156184 0.441575 
-0.0859902 -0.953775 0.287958 -0.297849 0.970285 -0.145783 -0.193116 -0.329881 0.226169 0.262795 0.937969 0.430843 -0.0166514 -0.995042 -0.0980547 0.38667 -0.15529 0.0994519 -0.98285 -0.491284 0.987729 -0.00113888 -0.156176 0.441575 
-0.134034 -0.961301 0.240698 -0.397656 0.990736 -0.124638 0.0539171 -0.304962 -0.0218304 0.245695 0.969101 0.422982 -0.0166458 -0.995041 -0.0980673 0.386671 -0.155284 0.0994636 -0.98285 -0.49128 0.98773 -0.00113208 -0.156169 0.441574 
-0.168525 -0.968603 0.182775 -0.497457 0.948201 -0.108646 0.298513 -0.280046 -0.269283 0.223614 0.936741 0.41512 -0.0166403 -0.995039 -0.09808 0.386673 -0.155278 0.0994752 -0.98285 -0.491276 0.987731 -0.00112527 -0.156163 0.441574 
-0.168525 -0.968603 0.182775 -0.497457 0.948201 -0.108646 0.298513 -0.280046 -0.269283 0.223614 0.936741 0.41512 -0.0166884 -0.99505 -0.0979668 0.38666 -0.155334 0.099371 -0.982851 -0.491313 0.987721 -0.00118469 -0.156223 0.441576 
0.280027 -0.928359 0.244404 0.300995 -0.147654 -0.293212 -0.944577 -0.479381 0.948569 0.22842 -0.219183 0.477947 -0.0166829 -0.995049 -0.0979787 0.386661 -0.155327 0.0993818 -0.982851 -0.491309 0.987722 -0.00117808 -0.156215 0.441576 
0.230499 -0.928596 0.290825 0.2012 0.100183 -0.274638 -0.956314 -0.454466 0.967902 0.249565 0.0297257 0.470113 -0.0166774 -0.995048 -0.0979915 0.386663 -0.15532 0.0993936 -0.982851 -0.491305 0.987723 -0.00117137 -0.156209 0.441576 
0.170915 -0.930713 0.32336 0.10138 0.34254 -0.251589 -0.90519 -0.429552 0.923826 0.265475 0.275806 0.462283 -0.0166721 -0.995046 -0.0980041 0.386664 -0.155314 0.0994053 -0.982851 -0.491301 0.987724 -0.00116476 -0.156202 0.441575 
0.105228 -0.934591 0.339805 0.00156983 0.563812 -0.225406 -0.794549 -0.404634 0.819172 0.275194 0.503215 0.454427 -0.0166668 -0.995045 -0.0980168 0.386666 -0.155308 0.0994169 -0.982851 -0.491297 0.987725 -0.00115815 -0.156196 0.441575 
0.0376355 -0.939974 0.339164 -0.0982358 0.749696 -0.197848 -0.631516 -0.379717 0.660711 0.278037 0.697249 0.446564 -0.0166614 -0.995044 -0.0980294 0.386667 -0.155302 0.0994286 -0.982851 -0.491292 0.987727 -0.00115153 -0.156189 0.441575 
-0.0275059 -0.94651 0.321501 -0.198042 0.888171 -0.170721 -0.426623 -0.354799 0.45869 0.273813 0.845358 0.438703 -0.0166563 -0.995043 -0.0980415 0.386668 -0.155296 0.0994397 -0.98285 -0.491288 0.987728 -0.00114523 -0.156183 0.441575 
-0.0859914 -0.953774 0.287959 -0.297849 0.970285 -0.145785 -0.193116 -0.32988 0.22617 0.262796 0.937969 0.430843 -0.0166508 -0.995042 -0.0980547 0.38667 -0.15529 0.0994519 -0.98285 -0.491284 0.987729 -0.00113831 -0.156176 0.441575 
-0.134034 -0.961301 0.240699 -0.397656 0.990736 -0.124639 0.0539169 -0.304962 -0.0218301 0.245695 0.969101 0.422982 -0.0166454 -0.995041 -0.0980674 0.386671 -0.155284 0.0994635 -0.98285 -0.49128 0.98773 -0.0011317 -0.156169 0.441574 
-0.168527 -0.968603 0.182776 -0.497457 0.948201 -0.108648 0.298513 -0.280046 -0.269282 0.223616 0.936741 0.41512 -0.0166401 -0.995039 -0.09808 0.386673 -0.155277 0.0994752 -0.98285 -0.491276 0.987731 -0.00112508 -0.156162 0.441574 
-0.168527 -0.968603 0.182776 -0.497457 0.948201 -0.108648 0.298513 -0.280046 -0.269282 0.223616 0.936741 0.41512 -0.0166869 -0.99505 -0.0979673 0.38666 -0.155333 0.0993712 -0.982851 -0.491313 0.987721 -0.00118313 -0.156223 0.441576 
0.280014 -0.928357 0.244427 0.300992 -0.147653 -0.293231 -0.944571 -0.479382 0.948573 0.228403 -0.219184 0.477954 -0.016682 -0.995049 -0.0979797 0.386661 -0.155327 0.0993828 -0.982851 -0.491309 0.987722 -0.00117702 -0.156216 0.441576 
0.230489 -0.928595 0.290838 0.201198 0.10018 -0.274653 -0.95631 -0.454467 0.967904 0.249556 0.0297223 0.470117 -0.0166767 -0.995047 -0.0979924 0.386663 -0.155321 0.0993944 -0.982851 -0.491305 0.987723 -0.00117047 -0.15621 0.441576 
0.170914 -0.930712 0.323363 0.101379 0.342539 -0.251592 -0.90519 -0.429552 0.923827 0.265474 0.275805 0.462284 -0.0166715 -0.995046 -0.0980049 0.386664 -0.155315 0.099406 -0.982851 -0.491301 0.987724 -0.00116397 -0.156203 0.441575 
0.105227 -0.934591 0.339805 0.00156968 0.563812 -0.225407 -0.794549 -0.404634 0.819172 0.275194 0.503214 0.454427 -0.0166662 -0.995045 -0.0980174 0.386666 -0.155309 0.0994175 -0.982851 -0.491297 0.987725 -0.00115747 -0.156196 0.441575 
0.0376344 -0.939974 0.339166 -0.0982362 0.749695 -0.19785 -0.631516 -0.379717 0.660712 0.278038 0.697248 0.446565 -0.016661 -0.995044 -0.09803 0.386667 -0.155302 0.0994291 -0.98285 -0.491292 0.987726 -0.00115097 -0.156189 0.441575 
-0.0275077 -0.946509 0.321502 -0.198042 0.88817 -0.170724 -0.426624 -0.354799 0.458692 0.273813 0.845357 0.438703 -0.0166559 -0.995043 -0.0980421 0.386668 -0.155296 0.0994402 -0.98285 -0.491288 0.987727 -0.0011447 -0.156183 0.441575 
-0.0859923 -0.953774 0.287959 -0.297849 0.970285 -0.145786 -0.193117 -0.32988 0.22617 0.262796 0.937969 0.430843 -0.0166505 -0.995042 -0.098055 0.38667 -0.15529 0.0994522 -0.98285 -0.491284 0.987729 -0.00113797 -0.156176 0.441575 
-0.134035 -0.961301 0.240699 -0.397656 0.990736 -0.124639 0.0539168 -0.304962 -0.0218298 0.245696 0.969101 0.422982 -0.0166452 -0.995041 -0.0980676 0.386671 -0.155284 0.0994637 -0.98285 -0.49128 0.98773 -0.00113147 -0.156169 0.441574 
-0.168529 -0.968603 0.182776 -0.497457 0.948201 -0.10865 0.298512 -0.280045 -0.269281 0.223616 0.936741 0.41512 -0.01664 -0.995039 -0.0980801 0.386673 -0.155278 0.0994753 -0.98285 -0.491276 0.987731 -0.00112497 -0.156163 0.441574 
-0.168529 -0.968603 0.182776 -0.497457 0.948201 -0.10865 0.298512 -0.280045 -0.269281 0.223616 0.936741 0.41512 -0.0166854 -0.99505 -0.0979668 0.38666 -0.155333 0.0993705 -0.982852 -0.491313 0.987721 -0.0011818 -0.156222 0.441576 
0.280009 -0.928357 0.244434 0.300991 -0.147653 -0.293237 -0.944569 -0.479383 0.948574 0.228396 -0.219184 0.477956 -0.0166792 -0.995049 -0.0979791 0.386661 -0.155327 0.0993817 -0.982851 -0.491309 0.987722 -0.00117441 -0.156215 0.441576 
0.230482 -0.928593 0.290848 0.201197 0.100178 -0.274664 -0.956307 -0.454467 0.967906 0.249548 0.0297197 0.47012 -0.0166742 -0.995048 -0.0979917 0.386663 -0.15532 0.0993934 -0.982851 -0.491305 0.987723 -0.00116818 -0.156209 0.441576 
0.170912 -0.930712 0.323365 0.101379 0.342538 -0.251595 -0.905189 -0.429552 0.923827 0.265473 0.275804 0.462285 -0.0166693 -0.995046 -0.0980043 0.386664 -0.155314 0.0994051 -0.982851 -0.491301 0.987724 -0.00116197 -0.156202 0.441575 
0.105227 -0.934591 0.339805 0.00156957 0.563812 -0.225407 -0.794549 -0.404634 0.819173 0.275194 0.503214 0.454427 -0.0166644 -0.995045 -0.098017 0.386666 -0.155308 0.0994168 -0.982851 -0.491297 0.987726 -0.00115576 -0.156195 0.441575 
0.0376338 -0.939973 0.339166 -0.0982365 0.749695 -0.197852 -0.631516 -0.379717 0.660713 0.278038 0.697247 0.446565 -0.0166594 -0.995044 -0.0980296 0.386667 -0.155302 0.0994284 -0.982851 -0.491292 0.987727 -0.00114954 -0.156189 0.441575 
-0.0275088 -0.946509 0.321504 -0.198043 0.888169 -0.170726 -0.426624 -0.354799 0.458693 0.273814 0.845356 0.438704 -0.0166546 -0.995043 -0.0980419 0.386668 -0.155296 0.0994398 -0.98285 -0.491288 0.987728 -0.0011435 -0.156182 0.441575 
-0.0859928 -0.953774 0.28796 -0.297849 0.970285 -0.145787 -0.193117 -0.32988 0.226171 0.262796 0.937969 0.430843 -0.0166496 -0.995042 -0.0980548 0.38667 -0.15529 0.0994518 -0.98285 -0.491284 0.987729 -0.00113711 -0.156176 0.441575 
-0.134035 -0.9613 0.240699 -0.397656 0.990736 -0.124639 0.0539167 -0.304962 -0.0218296 0.245696 0.969101 0.422983 -0.0166446 -0.995041 -0.0980674 0.386671 -0.155284 0.0994635 -0.98285 -0.49128 0.98773 -0.0011309 -0.156169 0.441574 
-0.16853 -0.968602 0.182776 -0.497457 0.948201 -0.108651 0.298512 -0.280045 -0.26928 0.223617 0.936741 0.41512 -0.0166397 -0.995039 -0.09808 0.386673 -0.155277 0.0994752 -0.98285 -0.491276 0.987731 -0.00112469 -0.156162 0.441574 
-0.16853 -0.968602 0.182776 -0.497457 0.948201 -0.108651 0.298512 -0.280045 -0.26928 0.223617 0.936741 0.41512 -0.0166844 -0.99505 -0.0979671 0.38666 -0.155333 0.0993707 -0.982852 -0.491313 0.987721 -0.00118079 -0.156222 0.441576 
0.280008 -0.928358 0.244434 0.300991 -0.147654 -0.293237 -0.944569 -0.479383 0.948575 0.228395 -0.219184 0.477956 -0.0166792 -0.995049 -0.0979791 0.386661 -0.155327 0.0993817 -0.982851 -0.491309 0.987722 -0.0011744 -0.156215 0.441576 
0.230476 -0.928592 0.290856 0.201195 0.100177 -0.274672 -0.956305 -0.454468 0.967908 0.249543 0.0297178 0.470122 -0.0166742 -0.995048 -0.0979917 0.386663 -0.15532 0.0993934 -0.982851 -0.491305 0.987723 -0.00116818 -0.156209 0.441576 
0.170911 -0.930711 0.323366 0.101378 0.342538 -0.251597 -0.905189 -0.429553 0.923828 0.265472 0.275803 0.462285 -0.0166693 -0.995046 -0.0980043 0.386664 -0.155314 0.0994051 -0.982851 -0.491301 0.987724 -0.00116197 -0.156202 0.441575 
0.105227 -0.934591 0.339806 0.0015695 0.563811 -0.225408 -0.794549 -0.404634 0.819173 0.275194 0.503214 0.454427 -0.0166644 -0.995045 -0.098017 0.386666 -0.155308 0.0994168 -0.982851 -0.491297 0.987726 -0.00115576 -0.156195 0.441575 
0.0376335 -0.939973 0.339167 -0.0982366 0.749694 -0.197852 -0.631516 -0.379717 0.660713 0.278038 0.697247 0.446565 -0.0166594 -0.995044 -0.0980296 0.386667 -0.155302 0.0994284 -0.982851 -0.491292 0.987727 -0.00114954 -0.156189 0.441575 
-0.0275094 -0.946508 0.321504 -0.198043 0.888169 -0.170727 -0.426625 -0.354798 0.458693 0.273814 0.845356 0.438704 -0.0166546 -0.995043 -0.098042 0.386668 -0.155296 0.0994399 -0.98285 -0.491288 0.987728 -0.00114345 -0.156182 0.441575 
-0.0859931 -0.953774 0.28796 -0.297849 0.970284 -0.145787 -0.193117 -0.32988 0.226171 0.262796 0.937968 0.430843 -0.0166496 -0.995042 -0.0980548 0.38667 -0.15529 0.0994518 -0.98285 -0.491284 0.987729 -0.00113711 -0.156176 0.441575 
-0.134035 -0.961301 0.240699 -0.397656 0.990736 -0.124639 0.0539167 -0.304962 -0.0218297 0.245696 0.969101 0.422983 -0.0166446 -0.995041 -0.0980674 0.386671 -0.155284 0.0994635 -0.98285 -0.49128 0.98773 -0.0011309 -0.156169 0.441574 
-0.168531 -0.968602 0.182777 -0.497457 0.948201 -0.108652 0.298512 -0.280044 -0.26928 0.223617 0.936741 0.41512 -0.0166397 -0.995039 -0.09808 0.386673 -0.155277 0.0994752 -0.98285 -0.491276 0.987731 -0.00112469 -0.156162 0.441574 
-0.168531 -0.968602 0.182777 -0.497457 0.948201 -0.108652 0.298512 -0.280044 -0.26928 0.223617 0.936741 0.41512 -0.0166835 -0.99505 -0.0979669 0.38666 -0.155333 0.0993703 -0.982852 -0.491313 0.987721 -0.00117992 -0.156222 0.441576 
