0.275657 -0.8825 0.381061 -0.604483 0.633204 0.464965 0.618757 -0.181741 -0.723233 0.0707247 0.686973 0.426588 -0.0168305 -0.995055 -0.0978878 0.356889 -0.155362 0.0993152 -0.982853 -0.49135 0.987714 -0.00133386 -0.156265 0.441606 
0.279959 -0.928327 0.244604 0.300914 -0.147635 -0.293395 -0.944523 -0.479405 0.948592 0.228316 -0.219193 0.477999 -0.0167575 -0.995025 -0.0982108 0.359873 -0.155328 0.0996228 -0.982827 -0.491361 0.987721 -0.00121485 -0.156224 0.441579 
0.230439 -0.928572 0.290949 0.201144 0.100162 -0.274773 -0.956278 -0.454448 0.967918 0.249506 0.0296893 0.470138 -0.0166839 -0.994994 -0.0985336 0.362857 -0.155293 0.0999301 -0.982801 -0.491373 0.987727 -0.00109536 -0.156183 0.441553 
0.170924 -0.930702 0.323387 0.101345 0.342533 -0.251615 -0.905186 -0.429528 0.923827 0.265489 0.275789 0.46227 -0.0166104 -0.994963 -0.0988568 0.365841 -0.155259 0.100238 -0.982775 -0.491384 0.987734 -0.000975888 -0.156141 0.441526 
0.105241 -0.934585 0.339817 0.00154856 0.563806 -0.225413 -0.794552 -0.404593 0.819175 0.27521 0.503202 0.454389 -0.0165367 -0.994932 -0.0991793 0.368825 -0.155225 0.100545 -0.982749 -0.491395 0.987741 -0.000856408 -0.156101 0.441499 
0.0376411 -0.939972 0.33917 -0.0982441 0.749696 -0.197848 -0.631515 -0.379703 0.660711 0.278046 0.697246 0.446561 -0.0164631 -0.994901 -0.0995021 0.37181 -0.15519 0.100852 -0.982723 -0.491407 0.987747 -0.000736951 -0.156059 0.441472 
-0.0274966 -0.946509 0.321504 -0.19804 0.888171 -0.170715 -0.426625 -0.354799 0.45869 0.273819 0.845356 0.438708 -0.0163895 -0.99487 -0.099825 0.374794 -0.155155 0.10116 -0.982697 -0.491418 0.987754 -0.000617538 -0.156017 0.441446 
-0.0859582 -0.953775 0.287965 -0.297843 0.970288 -0.145755 -0.193125 -0.329885 0.22617 0.262808 0.937965 0.430849 -0.0163159 -0.994839 -0.100148 0.377778 -0.155121 0.101467 -0.982671 -0.491429 0.987761 -0.00049808 -0.155976 0.441419 
-0.133891 -0.961306 0.240757 -0.39763 0.990757 -0.124507 0.0538481 -0.304986 -0.0217887 0.245741 0.96909 0.423012 -0.0162422 -0.994807 -0.10047 0.380762 -0.155087 0.101774 -0.982644 -0.49144 0.987767 -0.000378662 -0.155935 0.441392 
-0.166359 -0.968714 0.184166 -0.497042 0.948948 -0.10652 0.296901 -0.280488 -0.267995 0.224157 0.936981 0.415822 -0.0161685 -0.994776 -0.100793 0.383746 -0.155053 0.102081 -0.982618 -0.491452 0.987774 -0.000259211 -0.155893 0.441366 
-0.166359 -0.968714 0.184166 -0.497042 0.948948 -0.10652 0.296901 -0.280488 -0.267995 0.224157 0.936981 0.415822 -0.0160405 -0.994771 -0.100865 0.383783 -0.155037 0.102132 -0.982615 -0.491415 0.987778 -0.000123889 -0.155865 0.441319 
0.279944 -0.928332 0.244602 0.300919 -0.147641 -0.29339 -0.944523 -0.479385 0.948596 0.2283 -0.219192 0.478003 -0.0160454 -0.994768 -0.100889 0.384078 -0.155036 0.102157 -0.982613 -0.49142 0.987779 -0.000124947 -0.155864 0.441321 
0.230438 -0.928573 0.290948 0.201144 0.100162 -0.274773 -0.956278 -0.454448 0.967918 0.249505 0.0296895 0.470138 -0.0160511 -0.994766 -0.100916 0.384372 -0.155033 0.102184 -0.98261 -0.491425 0.987779 -0.000126708 -0.155862 0.441323 
0.170952 -0.930693 0.323399 0.101346 0.342531 -0.251618 -0.905185 -0.429524 0.923822 0.265517 0.275777 0.46227 -0.0160567 -0.994763 -0.100941 0.384667 -0.155031 0.10221 -0.982608 -0.491429 0.987779 -0.000128434 -0.15586 0.441325 
0.105263 -0.934576 0.339834 0.0015493 0.563799 -0.225417 -0.794555 -0.40459 0.819177 0.275236 0.503185 0.454387 -0.0160624 -0.99476 -0.100967 0.384962 -0.155028 0.102237 -0.982606 -0.491434 0.987779 -0.000130201 -0.155858 0.441327 
0.0376357 -0.939972 0.339171 -0.0982456 0.749696 -0.197853 -0.631515 -0.379703 0.660712 0.278042 0.697246 0.446561 -0.016068 -0.994757 -0.100993 0.385256 -0.155026 0.102263 -0.982603 -0.491439 0.98778 -0.000131938 -0.155857 0.441329 
-0.0275103 -0.946508 0.321506 -0.198043 0.888169 -0.170729 -0.426624 -0.354797 0.458694 0.273815 0.845355 0.438706 -0.0160736 -0.994755 -0.101018 0.385551 -0.155024 0.102289 -0.982601 -0.491444 0.98778 -0.000133673 -0.155855 0.441331 
-0.0859875 -0.953774 0.28796 -0.297848 0.970285 -0.145782 -0.193118 -0.329881 0.22617 0.262798 0.937968 0.430844 -0.0160793 -0.994752 -0.101044 0.385846 -0.155022 0.102315 -0.982598 -0.491449 0.98778 -0.000135412 -0.155854 0.441333 
-0.133994 -0.961304 0.240707 -0.397649 0.990742 -0.124599 0.0539059 -0.30497 -0.0218281 0.245702 0.9691 0.422988 -0.0160849 -0.994749 -0.10107 0.386141 -0.15502 0.102341 -0.982596 -0.491453 0.98778 -0.000137151 -0.155852 0.441335 
-0.168166 -0.968643 0.182894 -0.497401 0.948284 -0.108293 0.29838 -0.280131 -0.269217 0.223613 0.93676 0.415185 -0.0160905 -0.994747 -0.101095 0.386435 -0.155017 0.102368 -0.982594 -0.491458 0.987781 -0.000138887 -0.15585 0.441337 
-0.168166 -0.968643 0.182894 -0.497401 0.948284 -0.108293 0.29838 -0.280131 -0.269217 0.223613 0.93676 0.415185 -0.0161531 -0.994769 -0.100861 0.386406 -0.154921 0.102146 -0.982632 -0.491503 0.987795 -0.000246973 -0.155761 0.441441 
0.279944 -0.928332 0.244603 0.300918 -0.14764 -0.293391 -0.944523 -0.479383 0.948596 0.228301 -0.219192 0.478 -0.0161474 -0.994767 -0.100887 0.386438 -0.154929 0.102171 -0.982628 -0.491499 0.987794 -0.000236496 -0.155768 0.441431 
0.230433 -0.928574 0.290949 0.201135 0.100157 -0.274774 -0.956278 -0.454444 0.96792 0.249499 0.0296862 0.470131 -0.0161417 -0.994764 -0.100913 0.386471 -0.154939 0.102196 -0.982624 -0.491495 0.987792 -0.00022583 -0.155777 0.441421 
0.170907 -0.930708 0.323379 0.101361 0.342537 -0.25161 -0.905185 -0.429539 0.923828 0.265472 0.2758 0.462285 -0.016136 -0.994762 -0.100939 0.386503 -0.154948 0.10222 -0.98262 -0.491491 0.987791 -0.000215181 -0.155786 0.44141 
0.105225 -0.934591 0.339806 0.00157287 0.563812 -0.225408 -0.794548 -0.404636 0.819172 0.275193 0.503215 0.45443 -0.0161303 -0.994759 -0.100965 0.386536 -0.154958 0.102245 -0.982616 -0.491487 0.987789 -0.000204531 -0.155795 0.4414 
0.0376324 -0.939973 0.339168 -0.0982377 0.749694 -0.197854 -0.631516 -0.379715 0.660713 0.278038 0.697247 0.446568 -0.0161246 -0.994757 -0.100991 0.386568 -0.154968 0.10227 -0.982612 -0.491483 0.987788 -0.000193882 -0.155804 0.44139 
-0.0275109 -0.946508 0.321506 -0.198044 0.888168 -0.170729 -0.426625 -0.354797 0.458694 0.273814 0.845355 0.438706 -0.0161189 -0.994754 -0.101017 0.3866 -0.154977 0.102295 -0.982608 -0.491479 0.987787 -0.000183231 -0.155813 0.44138 
-0.0859935 -0.953774 0.28796 -0.297849 0.970284 -0.145787 -0.193117 -0.32988 0.226171 0.262796 0.937968 0.430843 -0.0161132 -0.994752 -0.101043 0.386633 -0.154987 0.10232 -0.982604 -0.491475 0.987785 -0.000172591 -0.155822 0.44137 
-0.134035 -0.9613 0.240699 -0.397656 0.990736 -0.12464 0.0539165 -0.304962 -0.0218293 0.245696 0.969101 0.422982 -0.0161075 -0.994749 -0.101069 0.386665 -0.154996 0.102344 -0.9826 -0.491471 0.987784 -0.000161944 -0.155831 0.441359 
-0.168532 -0.968602 0.182777 -0.497457 0.948201 -0.108653 0.298511 -0.280044 -0.269279 0.223618 0.936741 0.415121 -0.0161018 -0.994746 -0.101095 0.386698 -0.155006 0.102369 -0.982595 -0.491467 0.987782 -0.000151297 -0.15584 0.441349 
-0.168532 -0.968602 0.182777 -0.497457 0.948201 -0.108653 0.298511 -0.280044 -0.269279 0.223618 0.936741 0.415121 -0.0160185 -0.994754 -0.101035 0.386665 -0.155017 0.102297 -0.982601 -0.491446 0.987782 -7.7673e-05 -0.155842 0.441386 
0.279949 -0.92833 0.244604 0.300903 -0.147644 -0.293394 -0.944522 -0.479377 0.948594 0.228304 -0.219197 0.477994 -0.0166125 -0.994634 -0.102116 0.38674 -0.154816 0.103458 -0.982511 -0.491397 0.987804 -0.00051265 -0.155704 0.441368 
0.230423 -0.928578 0.290943 0.201162 0.100165 -0.274767 -0.956279 -0.454451 0.967922 0.249491 0.0296987 0.470149 -0.0172065 -0.994512 -0.103197 0.386815 -0.154615 0.104617 -0.98242 -0.491348 0.987825 -0.000948228 -0.155567 0.441349 
0.170901 -0.930709 0.323378 0.10138 0.342534 -0.251613 -0.905186 -0.429553 0.923831 0.265465 0.275798 0.462288 -0.0178003 -0.994389 -0.104277 0.386891 -0.154414 0.105776 -0.982328 -0.491299 0.987846 -0.00138399 -0.15543 0.441331 
0.105225 -0.934591 0.339806 0.00157044 0.563812 -0.225409 -0.794548 -0.404635 0.819173 0.275193 0.503215 0.45443 -0.0183937 -0.994264 -0.105357 0.386966 -0.154211 0.106935 -0.982234 -0.49125 0.987867 -0.00181963 -0.155294 0.441312 
0.0376322 -0.939973 0.339168 -0.0982381 0.749694 -0.197854 -0.631516 -0.379714 0.660713 0.278038 0.697247 0.446568 -0.0189871 -0.994138 -0.106437 0.387041 -0.154008 0.108094 -0.982139 -0.4912 0.987887 -0.00225579 -0.155158 0.441294 
-0.027511 -0.946508 0.321505 -0.198044 0.888169 -0.170729 -0.426624 -0.354797 0.458694 0.273814 0.845356 0.438706 -0.0195804 -0.99401 -0.107517 0.387116 -0.153805 0.109252 -0.982043 -0.491151 0.987907 -0.00269222 -0.155023 0.441275 
-0.0859929 -0.953774 0.28796 -0.297849 0.970284 -0.145787 -0.193118 -0.32988 0.226172 0.262796 0.937968 0.430843 -0.0201734 -0.993881 -0.108597 0.387191 -0.1536 0.11041 -0.981945 -0.491102 0.987927 -0.00312864 -0.154888 0.441257 
-0.134036 -0.961301 0.240698 -0.397656 0.990736 -0.12464 0.0539166 -0.304962 -0.0218294 0.245695 0.969101 0.422982 -0.0207661 -0.99375 -0.109677 0.387267 -0.153395 0.111568 -0.981846 -0.491053 0.987947 -0.00356519 -0.154753 0.441238 
-0.168532 -0.968602 0.182777 -0.497457 0.948201 -0.108653 0.298511 -0.280044 -0.269279 0.223618 0.936741 0.415121 -0.0213585 -0.993618 -0.110757 0.387342 -0.153189 0.112726 -0.981746 -0.491004 0.987966 -0.00400189 -0.154619 0.441219 
-0.168532 -0.968602 0.182777 -0.497457 0.948201 -0.108653 0.298511 -0.280044 -0.269279 0.223618 0.936741 0.415121 -0.0213703 -0.993618 -0.110756 0.387325 -0.153359 0.112728 -0.98172 -0.491009 0.987939 -0.0039942 -0.154789 0.441157 
0.279948 -0.928331 0.244603 0.300905 -0.147646 -0.293394 -0.944521 -0.479376 0.948594 0.228302 -0.219199 0.477997 -0.0216943 -0.993759 -0.109414 0.387493 -0.154002 0.111455 -0.981764 -0.491 0.987832 -0.00444863 -0.155459 0.441302 
0.230424 -0.928578 0.290944 0.201164 0.100163 -0.274768 -0.956279 -0.454459 0.967922 0.249491 0.0296964 0.470156 -0.0220163 -0.993899 -0.108072 0.38766 -0.154647 0.110183 -0.981807 -0.490991 0.987725 -0.00490274 -0.156129 0.441447 
0.1709 -0.930709 0.323379 0.101382 0.342533 -0.251614 -0.905186 -0.429555 0.923831 0.265464 0.275798 0.462288 -0.0223374 -0.994037 -0.10673 0.387828 -0.155291 0.108911 -0.981847 -0.490981 0.987616 -0.00535772 -0.156798 0.441591 
0.105225 -0.934591 0.339806 0.00157168 0.563812 -0.225409 -0.794548 -0.404636 0.819173 0.275193 0.503214 0.45443 -0.0226576 -0.994173 -0.105387 0.387996 -0.155935 0.107638 -0.981885 -0.490972 0.987507 -0.00581362 -0.157465 0.441736 
0.0376322 -0.939973 0.339168 -0.0982379 0.749694 -0.197854 -0.631516 -0.379714 0.660713 0.278038 0.697247 0.446568 -0.022977 -0.994307 -0.104044 0.388163 -0.156581 0.106366 -0.981921 -0.490963 0.987398 -0.00627031 -0.158133 0.441881 
-0.027511 -0.946508 0.321505 -0.198044 0.888168 -0.170729 -0.426625 -0.354797 0.458694 0.273814 0.845355 0.438705 -0.0232955 -0.994439 -0.102701 0.388331 -0.157226 0.105095 -0.981955 -0.490954 0.987288 -0.00672783 -0.1588 0.442026 
-0.0859935 -0.953774 0.28796 -0.297849 0.970284 -0.145788 -0.193118 -0.32988 0.226171 0.262796 0.937968 0.430843 -0.0236132 -0.99457 -0.101357 0.388499 -0.157872 0.103823 -0.981986 -0.490945 0.987177 -0.00718626 -0.159467 0.442171 
-0.134035 -0.961301 0.240699 -0.397656 0.990736 -0.124639 0.0539163 -0.304962 -0.0218293 0.245695 0.969101 0.422982 -0.0239299 -0.994698 -0.100013 0.388667 -0.158519 0.102552 -0.982016 -0.490935 0.987066 -0.00764555 -0.160132 0.442315 
-0.168532 -0.968602 0.182777 -0.497457 0.948201 -0.108653 0.298511 -0.280044 -0.269279 0.223618 0.936741 0.415121 -0.0242457 -0.994825 -0.0986687 0.388834 -0.159165 0.10128 -0.982043 -0.490926 0.986954 -0.00810569 -0.160797 0.44246 
-0.168532 -0.968602 0.182777 -0.497457 0.948201 -0.108653 0.298511 -0.280044 -0.269279 0.223618 0.936741 0.415121 -0.0243084 -0.99481 -0.0987992 0.388834 -0.159152 0.101419 -0.982031 -0.490962 0.986955 -0.00814754 -0.160791 0.442426 
0.279947 -0.928331 0.244603 0.300906 -0.147648 -0.293393 -0.944521 -0.479374 0.948594 0.228301 -0.219201 0.477999 -0.0245777 -0.994858 -0.0982536 0.388938 -0.15817 0.100915 -0.982241 -0.490954 0.987106 -0.00860047 -0.159837 0.442341 
0.230423 -0.928578 0.290944 0.201164 0.100164 -0.274768 -0.956279 -0.454459 0.967922 0.249491 0.0296967 0.470155 -0.0248486 -0.994905 -0.0977083 0.389042 -0.157188 0.100411 -0.982451 -0.490945 0.987256 -0.00905395 -0.158882 0.442255 
0.1709 -0.930709 0.323379 0.101382 0.342533 -0.251613 -0.905186 -0.429555 0.923831 0.265464 0.275798 0.462288 -0.0251199 -0.994951 -0.0971633 0.389146 -0.156206 0.0999067 -0.982659 -0.490937 0.987405 -0.00950675 -0.157927 0.44217 
0.105225 -0.934591 0.339806 0.0015715 0.563812 -0.225409 -0.794548 -0.404636 0.819173 0.275193 0.503214 0.45443 -0.0253917 -0.994998 -0.0966186 0.38925 -0.155224 0.0994017 -0.982866 -0.490928 0.987553 -0.00995913 -0.156971 0.442084 
0.0376321 -0.939973 0.339168 -0.0982377 0.749694 -0.197854 -0.631516 -0.379715 0.660714 0.278038 0.697246 0.446568 -0.0256641 -0.995043 -0.0960741 0.389353 -0.154242 0.0988963 -0.983071 -0.49092 0.9877 -0.010411 -0.156015 0.441999 
-0.027511 -0.946508 0.321505 -0.198043 0.888168 -0.170729 -0.426625 -0.354797 0.458694 0.273814 0.845355 0.438705 -0.0259371 -0.995089 -0.0955298 0.389457 -0.15326 0.0983904 -0.983276 -0.490911 0.987846 -0.0108625 -0.155059 0.441914 
-0.0859935 -0.953774 0.28796 -0.297849 0.970284 -0.145788 -0.193118 -0.32988 0.226171 0.262796 0.937968 0.430843 -0.0262105 -0.995134 -0.0949857 0.389561 -0.152277 0.097884 -0.983479 -0.490903 0.98799 -0.0113133 -0.154102 0.441828 
-0.134035 -0.961301 0.240699 -0.397656 0.990736 -0.124639 0.0539163 -0.304962 -0.0218293 0.245695 0.969101 0.422982 -0.0264845 -0.995178 -0.0944419 0.389665 -0.151295 0.0973772 -0.983681 -0.490894 0.988134 -0.0117637 -0.153145 0.441743 
-0.168532 -0.968602 0.182777 -0.497457 0.948201 -0.108653 0.298511 -0.280044 -0.269279 0.223618 0.936741 0.415121 -0.026759 -0.995222 -0.0938983 0.389769 -0.150313 0.0968699 -0.983881 -0.490886 0.988276 -0.0122136 -0.152187 0.441657 
-0.168532 -0.968602 0.182777 -0.497457 0.948201 -0.108653 0.298511 -0.280044 -0.269279 0.223618 0.936741 0.415121 -0.0267747 -0.995233 -0.0937744 0.389805 -0.150256 0.096749 -0.983902 -0.490884 0.988284 -0.0122534 -0.152131 0.441748 
0.279952 -0.928342 0.244559 0.30098 -0.147641 -0.293348 -0.944537 -0.47939 0.948593 0.228318 -0.219184 0.477999 -0.0268736 -0.995256 -0.0935058 0.389875 -0.149647 0.0964909 -0.98402 -0.490894 0.988374 -0.0124513 -0.15153 0.441709 
0.230438 -0.928583 0.290917 0.201188 0.100167 -0.274739 -0.956287 -0.454469 0.967918 0.249505 0.0297027 0.47014 -0.0269727 -0.995278 -0.0932374 0.389946 -0.149039 0.0962327 -0.984137 -0.490904 0.988463 -0.0126489 -0.150931 0.441669 
0.170908 -0.93071 0.323371 0.101378 0.342536 -0.251602 -0.905188 -0.429552 0.923829 0.26547 0.275801 0.462286 -0.027072 -0.995301 -0.0929689 0.390016 -0.148431 0.0959744 -0.984255 -0.490914 0.988552 -0.0128463 -0.150332 0.44163 
0.105228 -0.934591 0.339804 0.00157024 0.563812 -0.225405 -0.794549 -0.404634 0.819172 0.275194 0.503215 0.454427 -0.0271724 -0.995323 -0.0927005 0.390086 -0.147823 0.0957161 -0.984371 -0.490924 0.98864 -0.0130444 -0.149732 0.44159 
0.0376422 -0.939977 0.339156 -0.0982335 0.7497 -0.197837 -0.631514 -0.379718 0.660706 0.278037 0.697254 0.446563 -0.0272718 -0.995345 -0.0924322 0.390157 -0.147215 0.0954575 -0.984488 -0.490935 0.988729 -0.0132413 -0.149133 0.441551 
-0.027466 -0.94652 0.321475 -0.198032 0.888184 -0.170668 -0.426615 -0.354808 0.458666 0.273812 0.845372 0.438701 -0.027371 -0.995368 -0.092164 0.390227 -0.146606 0.0951987 -0.984603 -0.490945 0.988816 -0.0134378 -0.148533 0.441512 
-0.0859456 -0.953782 0.287946 -0.297841 0.970294 -0.145734 -0.193111 -0.32989 0.22615 0.262795 0.937974 0.430843 -0.027471 -0.99539 -0.0918957 0.390297 -0.145998 0.0949399 -0.984719 -0.490955 0.988903 -0.0136346 -0.147933 0.441472 
-0.133999 -0.961306 0.240696 -0.397651 0.990741 -0.124602 0.0539174 -0.30497 -0.02184 0.245692 0.969102 0.422984 -0.0275711 -0.995412 -0.0916276 0.390367 -0.14539 0.0946809 -0.984834 -0.490965 0.98899 -0.0138312 -0.147333 0.441433 
-0.168389 -0.968625 0.182785 -0.49744 0.94822 -0.108513 0.298503 -0.280081 -0.269303 0.223585 0.936742 0.415129 -0.0276714 -0.995433 -0.0913595 0.390438 -0.144781 0.0944218 -0.984948 -0.490975 0.989077 -0.0140277 -0.146733 0.441393 
-0.168389 -0.968625 0.182785 -0.49744 0.94822 -0.108513 0.298503 -0.280081 -0.269303 0.223585 0.936742 0.415129 -0.0277249 -0.995436 -0.0913123 0.390449 -0.144801 0.0943833 -0.984949 -0.490991 0.989072 -0.0140854 -0.146757 0.441422 
0.279952 -0.928342 0.244556 0.30098 -0.147642 -0.293345 -0.944537 -0.479389 0.948593 0.228319 -0.219184 0.477997 -0.0276636 -0.995428 -0.0914191 0.390523 -0.14508 0.0944839 -0.984898 -0.491032 0.989033 -0.0139828 -0.14703 0.441496 
0.230444 -0.928584 0.290907 0.201189 0.100168 -0.274728 -0.95629 -0.454469 0.967916 0.249511 0.0297052 0.470137 -0.0276018 -0.99542 -0.0915263 0.390597 -0.145358 0.0945848 -0.984848 -0.491073 0.988994 -0.0138795 -0.147303 0.44157 
0.17091 -0.930711 0.323369 0.101378 0.342537 -0.2516 -0.905188 -0.429552 0.923828 0.265471 0.275802 0.462286 -0.02754 -0.995412 -0.0916336 0.39067 -0.145635 0.0946857 -0.984797 -0.491114 0.988955 -0.0137762 -0.147575 0.441645 
0.105228 -0.934591 0.339804 0.0015701 0.563812 -0.225406 -0.794549 -0.404634 0.819172 0.275194 0.503215 0.454427 -0.0274786 -0.995404 -0.0917406 0.390744 -0.145913 0.0947864 -0.984746 -0.491155 0.988916 -0.0136733 -0.147847 0.441719 
0.0376402 -0.939976 0.339158 -0.0982342 0.749699 -0.19784 -0.631515 -0.379718 0.660708 0.278037 0.697252 0.446563 -0.0274168 -0.995396 -0.091848 0.390818 -0.146191 0.0948872 -0.984695 -0.491196 0.988876 -0.0135698 -0.148119 0.441793 
-0.0274755 -0.946518 0.321479 -0.198034 0.888182 -0.170679 -0.426616 -0.354806 0.45867 0.27381 0.84537 0.438701 -0.0273548 -0.995387 -0.0919554 0.390892 -0.146468 0.0949881 -0.984644 -0.491236 0.988837 -0.0134662 -0.148391 0.441867 
-0.0859624 -0.95378 0.287948 -0.297844 0.970291 -0.145751 -0.193111 -0.329887 0.226155 0.262793 0.937973 0.430843 -0.0272932 -0.995379 -0.0920627 0.390966 -0.146746 0.0950889 -0.984593 -0.491277 0.988798 -0.0133628 -0.148663 0.441941 
-0.134015 -0.961304 0.240695 -0.397653 0.990739 -0.124618 0.0539187 -0.304967 -0.0218374 0.245692 0.969102 0.422983 -0.0272315 -0.995371 -0.09217 0.391039 -0.147024 0.0951896 -0.984542 -0.491318 0.988758 -0.0132594 -0.148935 0.442016 
-0.168456 -0.968616 0.182775 -0.497449 0.948209 -0.108578 0.298514 -0.280064 -0.2693 0.223595 0.936741 0.415122 -0.0271699 -0.995363 -0.0922774 0.391113 -0.147301 0.0952903 -0.984491 -0.491359 0.988718 -0.0131559 -0.149207 0.44209 
-0.168456 -0.968616 0.182775 -0.497449 0.948209 -0.108578 0.298514 -0.280064 -0.2693 0.223595 0.936741 0.415122 -0.0270472 -0.995361 -0.0923274 0.391134 -0.147301 0.0953214 -0.984488 -0.49133 0.988722 -0.0130277 -0.149196 0.442066 
0.27995 -0.928342 0.244558 0.30098 -0.147642 -0.293347 -0.944537 -0.479388 0.948594 0.228316 -0.219185 0.477997 -0.0271885 -0.995357 -0.0923271 0.39122 -0.147653 0.0953469 -0.984433 -0.49135 0.988665 -0.0131328 -0.14956 0.442168 
0.230443 -0.928584 0.290908 0.201189 0.100168 -0.27473 -0.95629 -0.454469 0.967917 0.24951 0.0297048 0.470138 -0.0273305 -0.995354 -0.0923279 0.391306 -0.148006 0.0953737 -0.984377 -0.49137 0.988609 -0.0132384 -0.149925 0.44227 
0.170908 -0.93071 0.323371 0.101378 0.342536 -0.251603 -0.905188 -0.429552 0.923829 0.26547 0.275801 0.462287 -0.0274725 -0.99535 -0.0923286 0.391392 -0.148358 0.0954005 -0.984321 -0.49139 0.988552 -0.013344 -0.150289 0.442372 
0.105227 -0.934591 0.339805 0.00156986 0.563812 -0.225407 -0.794549 -0.404634 0.819172 0.275194 0.503214 0.454427 -0.027615 -0.995346 -0.092329 0.391478 -0.148711 0.0954271 -0.984266 -0.49141 0.988495 -0.0134502 -0.150654 0.442474 
0.0376404 -0.939976 0.339158 -0.0982341 0.749699 -0.197839 -0.631515 -0.379718 0.660707 0.278037 0.697253 0.446563 -0.0277568 -0.995342 -0.0923298 0.391564 -0.149063 0.0954541 -0.98421 -0.49143 0.988438 -0.0135556 -0.151018 0.442576 
-0.0274873 -0.946515 0.321486 -0.198037 0.888178 -0.170695 -0.426618 -0.354804 0.458677 0.27381 0.845366 0.438701 -0.0278985 -0.995337 -0.0923306 0.391651 -0.149416 0.0954811 -0.984154 -0.49145 0.988381 -0.0136608 -0.151383 0.442678 
-0.0859737 -0.953778 0.287951 -0.297846 0.970289 -0.145764 -0.193112 -0.329884 0.226159 0.262793 0.937972 0.430842 -0.0280406 -0.995333 -0.0923311 0.391737 -0.149769 0.0955081 -0.984097 -0.49147 0.988323 -0.0137663 -0.151748 0.44278 
-0.134023 -0.961303 0.240696 -0.397654 0.990738 -0.124626 0.0539188 -0.304965 -0.0218353 0.245693 0.969102 0.422982 -0.0281826 -0.995329 -0.0923316 0.391823 -0.150121 0.0955351 -0.984041 -0.49149 0.988266 -0.0138719 -0.152112 0.442882 
-0.168487 -0.968611 0.182773 -0.497453 0.948205 -0.108609 0.298516 -0.280056 -0.269295 0.223602 0.93674 0.41512 -0.0283246 -0.995325 -0.092332 0.391909 -0.150473 0.0955621 -0.983985 -0.49151 0.988208 -0.0139774 -0.152477 0.442984 
-0.168487 -0.968611 0.182773 -0.497453 0.948205 -0.108609 0.298516 -0.280056 -0.269295 0.223602 0.93674 0.41512 -0.0283793 -0.995318 -0.0923943 0.391864 -0.150431 0.0956314 -0.983984 -0.491519 0.988213 -0.0140258 -0.152441 0.442957 
0.279945 -0.928342 0.244566 0.300979 -0.147642 -0.293353 -0.944535 -0.479388 0.948595 0.228309 -0.219185 0.477999 -0.0285725 -0.995317 -0.0923482 0.391965 -0.150151 0.0956112 -0.984029 -0.49152 0.98825 -0.01425 -0.152179 0.442967 
0.230438 -0.928583 0.290915 0.201187 0.100166 -0.274738 -0.956288 -0.454469 0.967918 0.249504 0.0297028 0.47014 -0.0287658 -0.995315 -0.092302 0.392067 -0.14987 0.095591 -0.984074 -0.49152 0.988287 -0.0144744 -0.151918 0.442976 
0.170907 -0.93071 0.323373 0.101377 0.342535 -0.251605 -0.905188 -0.429552 0.923829 0.265469 0.2758 0.462287 -0.0289592 -0.995314 -0.092256 0.392168 -0.149589 0.0955706 -0.984119 -0.491521 0.988324 -0.0146988 -0.151656 0.442986 
0.105227 -0.934591 0.339805 0.00156971 0.563812 -0.225407 -0.794549 -0.404634 0.819173 0.275194 0.503214 0.454427 -0.0291526 -0.995313 -0.0922102 0.392269 -0.149309 0.0955505 -0.984163 -0.491521 0.988361 -0.0149232 -0.151394 0.442995 
0.037643 -0.939978 0.339153 -0.0982331 0.749701 -0.197833 -0.631514 -0.379719 0.660705 0.278036 0.697256 0.446562 -0.029346 -0.995311 -0.0921641 0.39237 -0.149028 0.0955299 -0.984208 -0.491522 0.988397 -0.0151476 -0.151132 0.443005 
-0.0274959 -0.946513 0.321492 -0.198039 0.888175 -0.170707 -0.42662 -0.354802 0.458682 0.273811 0.845363 0.438702 -0.0295394 -0.99531 -0.0921181 0.392472 -0.148747 0.0955092 -0.984252 -0.491523 0.988434 -0.0153719 -0.150871 0.443015 
-0.0859812 -0.953777 0.287954 -0.297847 0.970287 -0.145772 -0.193114 -0.329883 0.226163 0.262794 0.937971 0.430842 -0.0297328 -0.995308 -0.0920722 0.392573 -0.148466 0.0954887 -0.984297 -0.491523 0.98847 -0.0155963 -0.150609 0.443024 
-0.134028 -0.961302 0.240697 -0.397655 0.990737 -0.124631 0.0539184 -0.304964 -0.0218336 0.245694 0.969102 0.422982 -0.0299262 -0.995307 -0.0920264 0.392674 -0.148185 0.095468 -0.984341 -0.491524 0.988507 -0.0158206 -0.150347 0.443034 
-0.168503 -0.968608 0.182772 -0.497455 0.948203 -0.108624 0.298516 -0.280052 -0.269291 0.223606 0.93674 0.41512 -0.0301196 -0.995305 -0.0919806 0.392776 -0.147905 0.0954473 -0.984385 -0.491524 0.988543 -0.016045 -0.150085 0.443043 
-0.168503 -0.968608 0.182772 -0.497455 0.948203 -0.108624 0.298516 -0.280052 -0.269291 0.223606 0.93674 0.41512 -0.0299493 -0.995308 -0.0920105 0.392811 -0.147959 0.0954521 -0.984376 -0.491475 0.98854 -0.0158676 -0.150124 0.442999 
0.280096 -0.928367 0.244297 0.301008 -0.147655 -0.293119 -0.944605 -0.479375 0.948548 0.228508 -0.21918 0.477914 -0.03008 -0.995306 -0.0919861 0.392915 -0.147625 0.0954422 -0.984428 -0.491494 0.988586 -0.0160321 -0.149803 0.44299 
0.230557 -0.928605 0.290751 0.201213 0.100199 -0.274556 -0.956336 -0.454462 0.967886 0.249623 0.0297445 0.47009 -0.0302106 -0.995304 -0.0919617 0.393018 -0.147289 0.0954321 -0.984479 -0.491514 0.988632 -0.0161967 -0.149481 0.44298 
0.170929 -0.930716 0.323342 0.101384 0.342547 -0.251566 -0.905194 -0.429552 0.923821 0.265484 0.275814 0.462278 -0.0303412 -0.995302 -0.0919372 0.393122 -0.146954 0.095422 -0.98453 -0.491533 0.988678 -0.0163613 -0.149159 0.442971 
0.10523 -0.934592 0.339802 0.00157074 0.563813 -0.225402 -0.794549 -0.404635 0.819171 0.275195 0.503216 0.454426 -0.0304719 -0.995301 -0.091913 0.393226 -0.146618 0.0954119 -0.984581 -0.491552 0.988724 -0.016526 -0.148837 0.442961 
0.0376479 -0.93998 0.339146 -0.0982313 0.749705 -0.197824 -0.631513 -0.37972 0.660701 0.278035 0.69726 0.44656 -0.0306025 -0.995299 -0.0918886 0.39333 -0.146283 0.0954016 -0.984632 -0.491572 0.988769 -0.0166905 -0.148514 0.442952 
-0.0274967 -0.946513 0.321493 -0.19804 0.888175 -0.170708 -0.42662 -0.354801 0.458683 0.273811 0.845362 0.438702 -0.0307331 -0.995297 -0.0918642 0.393433 -0.145947 0.0953911 -0.984683 -0.491591 0.988815 -0.016855 -0.148192 0.442943 
-0.0859863 -0.953775 0.287956 -0.297848 0.970286 -0.145779 -0.193115 -0.329882 0.226166 0.262795 0.93797 0.430843 -0.0308637 -0.995295 -0.09184 0.393537 -0.145611 0.0953808 -0.984733 -0.49161 0.98886 -0.0170196 -0.14787 0.442933 
-0.134032 -0.961301 0.240698 -0.397655 0.990737 -0.124636 0.0539175 -0.304963 -0.0218315 0.245695 0.969101 0.422982 -0.0309944 -0.995294 -0.0918158 0.393641 -0.145276 0.0953703 -0.984784 -0.491629 0.988906 -0.0171842 -0.147548 0.442924 
-0.168517 -0.968605 0.182774 -0.497456 0.948202 -0.108639 0.298514 -0.280048 -0.269286 0.223612 0.936741 0.41512 -0.031125 -0.995292 -0.0917916 0.393744 -0.14494 0.0953598 -0.984834 -0.491649 0.988951 -0.0173487 -0.147226 0.442914 
-0.168517 -0.968605 0.182774 -0.497456 0.948202 -0.108639 0.298514 -0.280048 -0.269286 0.223612 0.936741 0.41512 -0.0311263 -0.995283 -0.0918852 0.393704 -0.145024 0.095454 -0.984813 -0.491643 0.988938 -0.0173281 -0.147311 0.44289 
0.280068 -0.928364 0.24434 0.301003 -0.147655 -0.293156 -0.944594 -0.479378 0.948557 0.228472 -0.219181 0.477927 -0.0312976 -0.995269 -0.0919755 0.393849 -0.145171 0.0955712 -0.98478 -0.491662 0.988911 -0.0174691 -0.147475 0.442945 
0.23053 -0.928601 0.290785 0.201207 0.100192 -0.274594 -0.956326 -0.454464 0.967893 0.249596 0.0297359 0.4701 -0.0314684 -0.995256 -0.092066 0.393993 -0.145318 0.0956887 -0.984747 -0.491682 0.988884 -0.0176096 -0.14764 0.443001 
0.170922 -0.930714 0.323352 0.101381 0.342543 -0.251578 -0.905192 -0.429552 0.923823 0.265479 0.27581 0.462281 -0.0316393 -0.995242 -0.0921566 0.394138 -0.145466 0.0958061 -0.984714 -0.491702 0.988857 -0.01775 -0.147805 0.443056 
0.105229 -0.934591 0.339803 0.00157041 0.563813 -0.225404 -0.794549 -0.404635 0.819171 0.275195 0.503216 0.454426 -0.0318103 -0.995228 -0.0922471 0.394283 -0.145613 0.0959236 -0.98468 -0.491721 0.98883 -0.0178906 -0.147969 0.443112 
0.0376453 -0.939979 0.339149 -0.0982322 0.749703 -0.197828 -0.631513 -0.379719 0.660703 0.278035 0.697258 0.446561 -0.0319812 -0.995214 -0.0923376 0.394427 -0.14576 0.0960412 -0.984647 -0.491741 0.988803 -0.018031 -0.148134 0.443167 
-0.0275006 -0.946512 0.321496 -0.198041 0.888173 -0.170713 -0.426621 -0.354801 0.458686 0.273811 0.845361 0.438702 -0.032152 -0.9952 -0.0924281 0.394572 -0.145908 0.0961587 -0.984614 -0.49176 0.988776 -0.0181713 -0.148299 0.443222 
-0.0859886 -0.953775 0.287957 -0.297849 0.970286 -0.145781 -0.193116 -0.329881 0.226168 0.262795 0.93797 0.430843 -0.0323229 -0.995186 -0.0925185 0.394717 -0.146055 0.0962763 -0.98458 -0.49178 0.988748 -0.0183117 -0.148464 0.443278 
-0.134033 -0.961301 0.240698 -0.397655 0.990736 -0.124637 0.0539173 -0.304962 -0.0218309 0.245695 0.969101 0.422982 -0.0324938 -0.995172 -0.0926089 0.394862 -0.146203 0.0963939 -0.984547 -0.491799 0.988721 -0.018452 -0.148629 0.443333 
-0.168522 -0.968604 0.182775 -0.497457 0.948202 -0.108643 0.298514 -0.280047 -0.269284 0.223613 0.936741 0.41512 -0.0326647 -0.995158 -0.0926993 0.395006 -0.14635 0.0965115 -0.984514 -0.491818 0.988693 -0.0185924 -0.148794 0.443389 
-0.168522 -0.968604 0.182775 -0.497457 0.948202 -0.108643 0.298514 -0.280047 -0.269284 0.223613 0.936741 0.41512 -0.0326694 -0.995161 -0.0926628 0.394968 -0.146178 0.0964728 -0.984543 -0.491828 0.988719 -0.0186192 -0.148622 0.44343 
0.280045 -0.928362 0.244375 0.300998 -0.147655 -0.293186 -0.944585 -0.47938 0.948563 0.228443 -0.219182 0.477938 -0.0328981 -0.99515 -0.0927082 0.395124 -0.146396 0.0965559 -0.984503 -0.491841 0.988679 -0.0188162 -0.148862 0.44349 
0.230512 -0.928598 0.290808 0.201203 0.100187 -0.274619 -0.956319 -0.454465 0.967898 0.249578 0.0297301 0.470107 -0.0331269 -0.995138 -0.0927528 0.39528 -0.146615 0.0966384 -0.984462 -0.491854 0.988639 -0.0190132 -0.149104 0.44355 
0.170918 -0.930713 0.323357 0.10138 0.342541 -0.251585 -0.905191 -0.429552 0.923825 0.265476 0.275807 0.462282 -0.0333558 -0.995126 -0.0927974 0.395436 -0.146834 0.0967209 -0.984421 -0.491867 0.988599 -0.0192103 -0.149345 0.44361 
0.105228 -0.934591 0.339804 0.00157008 0.563812 -0.225405 -0.794549 -0.404635 0.819172 0.275194 0.503215 0.454427 -0.0335848 -0.995114 -0.0928419 0.395592 -0.147053 0.0968034 -0.98438 -0.49188 0.988558 -0.0194076 -0.149586 0.44367 
0.0376382 -0.939975 0.33916 -0.0982348 0.749698 -0.197843 -0.631515 -0.379718 0.660709 0.278037 0.697251 0.446563 -0.0338136 -0.995102 -0.0928864 0.395748 -0.147272 0.096886 -0.984339 -0.491893 0.988518 -0.0196045 -0.149827 0.44373 
-0.0275034 -0.946511 0.321498 -0.198041 0.888172 -0.170718 -0.426622 -0.3548 0.458688 0.273812 0.845359 0.438703 -0.0340424 -0.99509 -0.0929308 0.395905 -0.147492 0.0969687 -0.984298 -0.491906 0.988477 -0.0198013 -0.150069 0.443789 
-0.0859902 -0.953775 0.287958 -0.297849 0.970285 -0.145783 -0.193116 -0.329881 0.226169 0.262795 0.937969 0.430843 -0.0342712 -0.995078 -0.0929752 0.396061 -0.147711 0.0970514 -0.984257 -0.491919 0.988437 -0.0199983 -0.15031 0.443849 
-0.134034 -0.961301 0.240698 -0.397656 0.990736 -0.124638 0.0539171 -0.304962 -0.0218304 0.245695 0.969101 0.422982 -0.0345001 -0.995066 -0.0930195 0.396217 -0.14793 0.0971341 -0.984216 -0.491932 0.988396 -0.0201952 -0.150551 0.443909 
-0.168525 -0.968603 0.182775 -0.497457 0.948201 -0.108646 0.298513 -0.280046 -0.269283 0.223614 0.936741 0.41512 -0.034729 -0.995054 -0.0930637 0.396373 -0.148149 0.0972169 -0.984175 -0.491945 0.988355 -0.0203921 -0.150793 0.443969 
-0.168525 -0.968603 0.182775 -0.497457 0.948201 -0.108646 0.298513 -0.280046 -0.269283 0.223614 0.936741 0.41512 -0.0347951 -0.995059 -0.0929843 0.396291 -0.148228 0.09715 -0.98417 -0.49199 0.988341 -0.0204613 -0.150876 0.443938 
0.280027 -0.928359 0.244404 0.300995 -0.147654 -0.293212 -0.944577 -0.479381 0.948569 0.22842 -0.219183 0.477947 -0.0351845 -0.995037 -0.0930798 0.396559 -0.148198 0.0973025 -0.984159 -0.492011 0.988332 -0.0208329 -0.150886 0.444008 
0.230499 -0.928596 0.290825 0.2012 0.100183 -0.274638 -0.956314 -0.454466 0.967902 0.249565 0.0297257 0.470113 -0.0355737 -0.995014 -0.0931751 0.396828 -0.148166 0.0974549 -0.984149 -0.492031 0.988322 -0.0212045 -0.150894 0.444078 
0.170915 -0.930713 0.32336 0.10138 0.34254 -0.251589 -0.90519 -0.429552 0.923826 0.265475 0.275806 0.462283 -0.035963 -0.994991 -0.0932705 0.397096 -0.148135 0.0976074 -0.984139 -0.492052 0.988313 -0.021576 -0.150903 0.444147 
0.105228 -0.934591 0.339805 0.00156983 0.563812 -0.225406 -0.794549 -0.404634 0.819172 0.275194 0.503215 0.454427 -0.0363523 -0.994968 -0.0933663 0.397364 -0.148102 0.0977603 -0.984128 -0.492073 0.988304 -0.0219475 -0.150911 0.444217 
0.0376355 -0.939974 0.339164 -0.0982358 0.749696 -0.197848 -0.631516 -0.379717 0.660711 0.278037 0.697249 0.446564 -0.0367415 -0.994945 -0.0934615 0.397632 -0.148071 0.0979125 -0.984118 -0.492094 0.988294 -0.022319 -0.15092 0.444287 
-0.0275059 -0.94651 0.321501 -0.198042 0.888171 -0.170721 -0.426623 -0.354799 0.45869 0.273813 0.845358 0.438703 -0.0371307 -0.994921 -0.0935566 0.397901 -0.14804 0.0980646 -0.984108 -0.492114 0.988284 -0.0226906 -0.150929 0.444357 
-0.0859914 -0.953774 0.287959 -0.297849 0.970285 -0.145785 -0.193116 -0.32988 0.22617 0.262796 0.937969 0.430843 -0.03752 -0.994898 -0.0936519 0.398169 -0.148008 0.0982169 -0.984097 -0.492135 0.988274 -0.0230621 -0.150938 0.444427 
-0.134034 -0.961301 0.240699 -0.397656 0.990736 -0.124639 0.0539169 -0.304962 -0.0218301 0.245695 0.969101 0.422982 -0.0379092 -0.994874 -0.0937473 0.398437 -0.147976 0.0983693 -0.984087 -0.492156 0.988264 -0.0234336 -0.150947 0.444496 
-0.168527 -0.968603 0.182776 -0.497457 0.948201 -0.108648 0.298513 -0.280046 -0.269282 0.223616 0.936741 0.41512 -0.0382984 -0.99485 -0.0938426 0.398706 -0.147944 0.0985217 -0.984076 -0.492176 0.988254 -0.0238051 -0.150956 0.444566 
-0.168527 -0.968603 0.182776 -0.497457 0.948201 -0.108648 0.298513 -0.280046 -0.269282 0.223616 0.936741 0.41512 -0.0384262 -0.994851 -0.0937829 0.398626 -0.148039 0.0984842 -0.984066 -0.492198 0.988235 -0.0239304 -0.151062 0.444576 
0.280014 -0.928357 0.244427 0.300992 -0.147653 -0.293231 -0.944571 -0.479382 0.948573 0.228403 -0.219184 0.477954 -0.0387885 -0.99482 -0.0939563 0.398901 -0.147995 0.0987094 -0.98405 -0.492233 0.988227 -0.0242648 -0.151057 0.444641 
0.230489 -0.928595 0.290838 0.201198 0.10018 -0.274653 -0.95631 -0.454467 0.967904 0.249556 0.0297223 0.470117 -0.0391509 -0.99479 -0.0941294 0.399175 -0.147952 0.0989344 -0.984034 -0.492268 0.988219 -0.0245992 -0.151054 0.444706 
0.170914 -0.930712 0.323363 0.101379 0.342539 -0.251592 -0.90519 -0.429552 0.923827 0.265474 0.275805 0.462284 -0.0395134 -0.994759 -0.0943025 0.39945 -0.147909 0.0991593 -0.984018 -0.492303 0.988211 -0.0249337 -0.151052 0.444771 
0.105227 -0.934591 0.339805 0.00156968 0.563812 -0.225407 -0.794549 -0.404634 0.819172 0.275194 0.503214 0.454427 -0.0398758 -0.994728 -0.094476 0.399724 -0.147865 0.0993847 -0.984001 -0.492338 0.988203 -0.0252681 -0.151048 0.444836 
0.0376344 -0.939974 0.339166 -0.0982362 0.749695 -0.19785 -0.631516 -0.379717 0.660712 0.278038 0.697248 0.446565 -0.0402382 -0.994697 -0.094649 0.399998 -0.147822 0.0996094 -0.983985 -0.492373 0.988195 -0.0256026 -0.151046 0.444902 
-0.0275077 -0.946509 0.321502 -0.198042 0.88817 -0.170724 -0.426624 -0.354799 0.458692 0.273813 0.845357 0.438703 -0.0406005 -0.994666 -0.0948218 0.400273 -0.147778 0.0998341 -0.983969 -0.492408 0.988187 -0.025937 -0.151044 0.444967 
-0.0859923 -0.953774 0.287959 -0.297849 0.970285 -0.145786 -0.193117 -0.32988 0.22617 0.262796 0.937969 0.430843 -0.0409629 -0.994635 -0.0949948 0.400547 -0.147735 0.100059 -0.983953 -0.492443 0.988178 -0.0262715 -0.151041 0.445032 
-0.134035 -0.961301 0.240699 -0.397656 0.990736 -0.124639 0.0539168 -0.304962 -0.0218298 0.245696 0.969101 0.422982 -0.0413253 -0.994603 -0.0951679 0.400822 -0.147691 0.100284 -0.983936 -0.492478 0.98817 -0.0266059 -0.151038 0.445097 
-0.168529 -0.968603 0.182776 -0.497457 0.948201 -0.10865 0.298512 -0.280045 -0.269281 0.223616 0.936741 0.41512 -0.0416876 -0.994571 -0.095341 0.401096 -0.147648 0.100509 -0.98392 -0.492513 0.988161 -0.0269404 -0.151036 0.445162 
-0.168529 -0.968603 0.182776 -0.497457 0.948201 -0.10865 0.298512 -0.280045 -0.269281 0.223616 0.936741 0.41512 -0.0418907 -0.994562 -0.0953539 0.400977 -0.147721 0.100554 -0.983904 -0.492569 0.988142 -0.0271306 -0.15113 0.445154 
0.280009 -0.928357 0.244434 0.300991 -0.147653 -0.293237 -0.944569 -0.479383 0.948574 0.228396 -0.219184 0.477956 -0.0421229 -0.994576 -0.0951051 0.401248 -0.147521 0.100338 -0.983956 -0.492598 0.988161 -0.027417 -0.150948 0.445187 
0.230482 -0.928593 0.290848 0.201197 0.100178 -0.274664 -0.956307 -0.454467 0.967906 0.249548 0.0297197 0.47012 -0.0423566 -0.99459 -0.0948558 0.40152 -0.147321 0.100121 -0.984008 -0.492627 0.988181 -0.027705 -0.150765 0.44522 
0.170912 -0.930712 0.323365 0.101379 0.342538 -0.251595 -0.905189 -0.429552 0.923827 0.265473 0.275804 0.462285 -0.04259 -0.994603 -0.0946071 0.401791 -0.147122 0.0999041 -0.98406 -0.492656 0.988201 -0.0279924 -0.150583 0.445253 
0.105227 -0.934591 0.339805 0.00156957 0.563812 -0.225407 -0.794549 -0.404634 0.819173 0.275194 0.503214 0.454427 -0.0428235 -0.994617 -0.0943589 0.402063 -0.146922 0.0996881 -0.984112 -0.492685 0.988221 -0.0282797 -0.1504 0.445286 
0.0376338 -0.939973 0.339166 -0.0982365 0.749695 -0.197852 -0.631516 -0.379717 0.660713 0.278038 0.697247 0.446565 -0.0430569 -0.99463 -0.09411 0.402334 -0.146722 0.0994712 -0.984164 -0.492714 0.98824 -0.028567 -0.150217 0.445319 
-0.0275088 -0.946509 0.321504 -0.198043 0.888169 -0.170726 -0.426624 -0.354799 0.458693 0.273814 0.845356 0.438704 -0.0432905 -0.994644 -0.093861 0.402605 -0.146523 0.0992541 -0.984215 -0.492743 0.98826 -0.0288544 -0.150035 0.445352 
-0.0859928 -0.953774 0.28796 -0.297849 0.970285 -0.145787 -0.193117 -0.32988 0.226171 0.262796 0.937969 0.430843 -0.0435241 -0.994657 -0.0936123 0.402877 -0.146323 0.0990373 -0.984267 -0.492772 0.988279 -0.0291416 -0.149852 0.445385 
-0.134035 -0.9613 0.240699 -0.397656 0.990736 -0.124639 0.0539167 -0.304962 -0.0218296 0.245696 0.969101 0.422983 -0.0437577 -0.99467 -0.0933638 0.403148 -0.146124 0.0988204 -0.984318 -0.492801 0.988298 -0.0294288 -0.149669 0.445418 
-0.16853 -0.968602 0.182776 -0.497457 0.948201 -0.108651 0.298512 -0.280045 -0.26928 0.223617 0.936741 0.41512 -0.0439914 -0.994683 -0.0931152 0.40342 -0.145924 0.0986035 -0.98437 -0.49283 0.988317 -0.029716 -0.149486 0.445451 
-0.16853 -0.968602 0.182776 -0.497457 0.948201 -0.108651 0.298512 -0.280045 -0.26928 0.223617 0.936741 0.41512 -0.0439706 -0.994683 -0.0931249 0.403412 -0.145799 0.0986062 -0.984388 -0.492825 0.988337 -0.0297066 -0.149359 0.445515 
0.280008 -0.928358 0.244434 0.300991 -0.147654 -0.293237 -0.944569 -0.479383 0.948575 0.228395 -0.219184 0.477956 -0.0443868 -0.994641 -0.093374 0.403693 -0.145968 0.0989202 -0.984331 -0.492857 0.988293 -0.0300617 -0.149577 0.445582 
0.230476 -0.928592 0.290856 0.201195 0.100177 -0.274672 -0.956305 -0.454468 0.967908 0.249543 0.0297178 0.470122 -0.0448036 -0.994599 -0.0936225 0.403974 -0.146137 0.0992337 -0.984275 -0.492889 0.988249 -0.0304174 -0.149793 0.44565 
0.170911 -0.930711 0.323366 0.101378 0.342538 -0.251597 -0.905189 -0.429553 0.923828 0.265472 0.275803 0.462285 -0.0452205 -0.994557 -0.093871 0.404256 -0.146305 0.0995473 -0.984218 -0.492922 0.988205 -0.030773 -0.15001 0.445717 
0.105227 -0.934591 0.339806 0.0015695 0.563811 -0.225408 -0.794549 -0.404634 0.819173 0.275194 0.503214 0.454427 -0.0456376 -0.994514 -0.0941194 0.404537 -0.146472 0.0998611 -0.984161 -0.492954 0.988161 -0.0311289 -0.150226 0.445785 
0.0376335 -0.939973 0.339167 -0.0982366 0.749694 -0.197852 -0.631516 -0.379717 0.660713 0.278038 0.697247 0.446565 -0.0460544 -0.994472 -0.0943676 0.404818 -0.14664 0.100175 -0.984104 -0.492987 0.988117 -0.0314842 -0.150443 0.445852 
-0.0275094 -0.946508 0.321504 -0.198043 0.888169 -0.170727 -0.426625 -0.354798 0.458693 0.273814 0.845356 0.438704 -0.0464712 -0.994429 -0.0946156 0.4051 -0.146809 0.100488 -0.984047 -0.49302 0.988073 -0.0318394 -0.150661 0.445919 
-0.0859931 -0.953774 0.28796 -0.297849 0.970284 -0.145787 -0.193117 -0.32988 0.226171 0.262796 0.937968 0.430843 -0.0468881 -0.994385 -0.0948636 0.405381 -0.146976 0.100802 -0.98399 -0.493052 0.988028 -0.0321947 -0.150878 0.445987 
-0.134035 -0.961301 0.240699 -0.397656 0.990736 -0.124639 0.0539167 -0.304962 -0.0218297 0.245696 0.969101 0.422983 -0.0473051 -0.994342 -0.0951115 0.405663 -0.147144 0.101116 -0.983933 -0.493085 0.987983 -0.03255 -0.151095 0.446054 
-0.168531 -0.968602 0.182777 -0.497457 0.948201 -0.108652 0.298512 -0.280044 -0.26928 0.223617 0.936741 0.41512 -0.0477222 -0.994298 -0.0953594 0.405944 -0.147311 0.10143 -0.983876 -0.493117 0.987938 -0.0329052 -0.151312 0.446122 
-0.168531 -0.968602 0.182777 -0.497457 0.948201 -0.108652 0.298512 -0.280044 -0.26928 0.223617 0.936741 0.41512 -0.0478044 -0.994296 -0.0953404 0.405878 -0.147403 0.101427 -0.983862 -0.493138 0.987921 -0.0329795 -0.151411 0.446074 
