1533678228773 0.275657 0.633204 -0.723233 -0.604483 -0.8825 0.464965 0.0707247 -0.181741 0.381061 0.618757 0.686973 0.426588 0.16008 -0.304787 0.938871 0.370831 -0.775623 0.549475 0.310623 -0.528794 -0.61056 -0.777934 -0.14844 0.432481 
1533678228792 -0.169084 0.826009 -0.537698 -0.602253 -0.976838 -0.0678569 0.202934 -0.252626 0.131139 0.559557 0.818351 0.412532 0.316241 -0.38488 0.867098 0.400864 -0.930001 -0.306251 0.203246 -0.504429 0.187325 -0.870677 -0.454788 0.485926 
1533678228813 -0.151421 0.804513 -0.574308 -0.607269 -0.977766 -0.0366345 0.206476 -0.250142 0.145073 0.592804 0.792173 0.4178 0.316241 -0.38488 0.867098 0.400864 -0.930001 -0.306251 0.203246 -0.504429 0.187325 -0.870677 -0.454788 0.485926 
1533678228832 -0.134307 0.780996 -0.609923 -0.612285 -0.977985 -0.00527103 0.208607 -0.247658 0.159706 0.624513 0.764511 0.423068 0.316241 -0.38488 0.867098 0.400864 -0.930001 -0.306251 0.203246 -0.504429 0.187325 -0.870677 -0.454788 0.485926 
1533678228852 -0.117788 0.755518 -0.644453 -0.6173 -0.977497 0.0261536 0.20932 -0.245174 0.174999 0.654606 0.735436 0.428336 0.316241 -0.38488 0.867098 0.400864 -0.930001 -0.306251 0.203246 -0.504429 0.187325 -0.870677 -0.454788 0.485926 
1533678228873 -0.101903 0.728142 -0.677809 -0.622315 -0.976303 0.0575595 0.208613 -0.24269 0.190914 0.683005 0.705022 0.433604 0.316241 -0.38488 0.867098 0.400864 -0.930001 -0.306251 0.203246 -0.504429 0.187325 -0.870677 -0.454788 0.485926 
1533678228893 -0.0866946 0.69894 -0.709906 -0.62733 -0.974405 0.0888667 0.206489 -0.240206 0.207411 0.709638 0.673346 0.438872 0.316241 -0.38488 0.867098 0.400864 -0.930001 -0.306251 0.203246 -0.504429 0.187325 -0.870677 -0.454788 0.485926 
1533678228913 -0.0722006 0.667985 -0.740664 -0.632344 -0.971808 0.119996 0.202954 -0.237721 0.224447 0.734437 0.640489 0.44414 0.316241 -0.38488 0.867098 0.400864 -0.930001 -0.306251 0.203246 -0.504429 0.187325 -0.870677 -0.454788 0.485926 
1533678228933 -0.0584579 0.635356 -0.770004 -0.637358 -0.968519 0.150867 0.198015 -0.235236 0.241978 0.757339 0.606535 0.449408 0.316241 -0.38488 0.867098 0.400864 -0.930001 -0.306251 0.203246 -0.504429 0.187325 -0.870677 -0.454788 0.485926 
1533678228953 -0.045382 0.601151 -0.797846 -0.641386 -0.964552 0.18147 0.191596 -0.232238 0.259963 0.778259 0.571605 0.454599 0.316531 -0.385118 0.866887 0.401814 -0.929976 -0.306103 0.20358 -0.50615 0.186955 -0.870623 -0.455042 0.486735 
1533678228985 -0.045382 0.601151 -0.797846 -0.641386 -0.964552 0.18147 0.191596 -0.232238 0.259963 0.778259 0.571605 0.454599 0.316531 -0.385118 0.866887 0.401814 -0.929976 -0.306103 0.20358 -0.50615 0.186955 -0.870623 -0.455042 0.486735 
1533678228995 -0.0333662 0.565411 -0.824134 -0.647422 -0.9599 0.211525 0.183983 -0.230284 0.278351 0.797225 0.53568 0.459947 0.316221 -0.384863 0.867113 0.400797 -0.930002 -0.306262 0.203223 -0.504308 0.187351 -0.87068 -0.45477 0.485869 
1533678229005 -0.0333638 0.565412 -0.824134 -0.647422 -0.959899 0.211527 0.183982 -0.230284 0.278352 0.797224 0.535681 0.459947 0.316221 -0.384863 0.867113 0.400797 -0.930002 -0.306262 0.203223 -0.504308 0.187351 -0.87068 -0.45477 0.485869 
1533678229015 -0.0333614 0.565412 -0.824134 -0.647422 -0.959899 0.211529 0.183981 -0.230284 0.278354 0.797223 0.535682 0.459947 0.316221 -0.384863 0.867113 0.400797 -0.930002 -0.306262 0.203223 -0.504308 0.187351 -0.87068 -0.45477 0.485869 
1533678229025 -0.033359 0.565413 -0.824133 -0.647422 -0.959899 0.211532 0.18398 -0.230284 0.278355 0.797222 0.535682 0.459947 0.316221 -0.384863 0.867113 0.400797 -0.930002 -0.306262 0.203223 -0.504308 0.187351 -0.87068 -0.45477 0.485869 
1533678229035 -0.0333566 0.565413 -0.824133 -0.647422 -0.959899 0.211534 0.183979 -0.230284 0.278356 0.797221 0.535683 0.459947 0.316221 -0.384863 0.867113 0.400797 -0.930002 -0.306262 0.203223 -0.504308 0.187351 -0.87068 -0.45477 0.485869 
1533678229045 -0.0333543 0.565414 -0.824133 -0.647422 -0.959898 0.211536 0.183978 -0.230284 0.278357 0.79722 0.535684 0.459947 0.316221 -0.384863 0.867113 0.400797 -0.930002 -0.306262 0.203223 -0.504308 0.187351 -0.87068 -0.45477 0.485869 
1533678229055 -0.0333519 0.565414 -0.824133 -0.647422 -0.959898 0.211538 0.183976 -0.230285 0.278358 0.797219 0.535685 0.459947 0.316221 -0.384863 0.867113 0.400797 -0.930002 -0.306262 0.203223 -0.504308 0.187351 -0.87068 -0.45477 0.485869 
1533678229065 -0.0333495 0.565415 -0.824132 -0.647422 -0.959898 0.21154 0.183975 -0.230285 0.278359 0.797218 0.535686 0.459947 0.316221 -0.384863 0.867113 0.400797 -0.930002 -0.306262 0.203223 -0.504308 0.187351 -0.87068 -0.45477 0.485869 
1533678229075 -0.0333405 0.565417 -0.824131 -0.647362 -0.959898 0.211546 0.183969 -0.230255 0.278361 0.797215 0.535689 0.45994 0.316231 -0.384871 0.867106 0.40083 -0.930001 -0.306257 0.203234 -0.504368 0.187338 -0.870678 -0.454779 0.485897 
1533678229105 -0.0333405 0.565417 -0.824131 -0.647362 -0.959898 0.211546 0.183969 -0.230255 0.278361 0.797215 0.535689 0.45994 0.316231 -0.384871 0.867106 0.40083 -0.930001 -0.306257 0.203234 -0.504368 0.187338 -0.870678 -0.454779 0.485897 
1533678229115 -0.0333438 0.565416 -0.824132 -0.647423 -0.959897 0.211545 0.183973 -0.230285 0.278362 0.797216 0.535687 0.459947 0.316221 -0.384863 0.867113 0.400797 -0.930002 -0.306262 0.203223 -0.504308 0.187351 -0.87068 -0.45477 0.485869 
1533678229125 -0.0333429 0.565416 -0.824132 -0.647423 -0.959897 0.211546 0.183972 -0.230285 0.278362 0.797216 0.535688 0.459947 0.316221 -0.384863 0.867113 0.400797 -0.930002 -0.306262 0.203223 -0.504308 0.187351 -0.87068 -0.45477 0.485869 
1533678229135 -0.0333421 0.565416 -0.824131 -0.647423 -0.959897 0.211547 0.183972 -0.230285 0.278363 0.797215 0.535688 0.459947 0.316221 -0.384863 0.867113 0.400797 -0.930002 -0.306262 0.203223 -0.504308 0.187351 -0.87068 -0.45477 0.485869 
1533678229145 -0.0333412 0.565417 -0.824131 -0.647423 -0.959897 0.211547 0.183971 -0.230285 0.278363 0.797215 0.535688 0.459947 0.316221 -0.384863 0.867113 0.400797 -0.930002 -0.306262 0.203223 -0.504308 0.187351 -0.87068 -0.45477 0.485869 
1533678229155 -0.0333404 0.565417 -0.824131 -0.647423 -0.959897 0.211548 0.183971 -0.230285 0.278363 0.797215 0.535689 0.459947 0.316221 -0.384863 0.867113 0.400797 -0.930002 -0.306262 0.203223 -0.504308 0.187351 -0.87068 -0.45477 0.485869 
1533678229165 -0.0333395 0.565417 -0.824131 -0.647423 -0.959897 0.211548 0.18397 -0.230285 0.278364 0.797214 0.535689 0.459947 0.316221 -0.384863 0.867113 0.400797 -0.930002 -0.306262 0.203223 -0.504308 0.187351 -0.87068 -0.45477 0.485869 
1533678229175 -0.0333387 0.565417 -0.824131 -0.647423 -0.959897 0.211549 0.18397 -0.230285 0.278364 0.797214 0.53569 0.459947 0.316221 -0.384863 0.867113 0.400797 -0.930002 -0.306262 0.203223 -0.504308 0.187351 -0.87068 -0.45477 0.485869 
1533678229185 -0.0333378 0.565418 -0.824131 -0.647423 -0.959897 0.21155 0.183969 -0.230285 0.278364 0.797214 0.53569 0.459947 0.316221 -0.384863 0.867113 0.400797 -0.930002 -0.306262 0.203223 -0.504308 0.187351 -0.87068 -0.45477 0.485869 
1533678229195 -0.0333369 0.565418 -0.824131 -0.647423 -0.959897 0.21155 0.183969 -0.230285 0.278364 0.797213 0.53569 0.459947 0.316221 -0.384863 0.867113 0.400797 -0.930002 -0.306262 0.203223 -0.504308 0.187351 -0.87068 -0.45477 0.485869 
1533678229225 -0.0333369 0.565418 -0.824131 -0.647423 -0.959897 0.21155 0.183969 -0.230285 0.278364 0.797213 0.53569 0.459947 0.316221 -0.384863 0.867113 0.400797 -0.930002 -0.306262 0.203223 -0.504308 0.187351 -0.87068 -0.45477 0.485869 
1533678229235 -0.0335632 0.565615 -0.823986 -0.647371 -0.959881 0.211406 0.184216 -0.230332 0.278391 0.797112 0.535828 0.459957 0.31622 -0.384863 0.867113 0.400796 -0.930002 -0.306262 0.203222 -0.504305 0.187351 -0.87068 -0.45477 0.485867 
1533678229245 -0.0337919 0.565813 -0.823841 -0.647314 -0.959866 0.21126 0.184465 -0.230382 0.278417 0.79701 0.535966 0.459966 0.316221 -0.384863 0.867113 0.400795 -0.930002 -0.306262 0.203223 -0.504305 0.187351 -0.87068 -0.45477 0.485867 
1533678229255 -0.0340207 0.566011 -0.823695 -0.647257 -0.95985 0.211114 0.184714 -0.230432 0.278443 0.796908 0.536104 0.459976 0.31622 -0.384863 0.867113 0.400795 -0.930002 -0.306262 0.203222 -0.504305 0.187352 -0.87068 -0.454769 0.485867 
1533678229265 -0.0342487 0.566209 -0.82355 -0.647201 -0.959834 0.210968 0.184962 -0.230481 0.27847 0.796806 0.536241 0.459985 0.31622 -0.384863 0.867113 0.400795 -0.930002 -0.306262 0.203222 -0.504305 0.187352 -0.87068 -0.454769 0.485867 
1533678229275 -0.0344766 0.566407 -0.823404 -0.647145 -0.959818 0.210822 0.18521 -0.23053 0.278496 0.796704 0.536379 0.459995 0.31622 -0.384863 0.867113 0.400795 -0.930002 -0.306262 0.203222 -0.504305 0.187352 -0.87068 -0.454769 0.485867 
1533678229285 -0.0347045 0.566604 -0.823259 -0.64709 -0.959802 0.210677 0.185458 -0.230578 0.278523 0.796602 0.536517 0.460004 0.31622 -0.384863 0.867113 0.400795 -0.930002 -0.306262 0.203222 -0.504305 0.187352 -0.87068 -0.454769 0.485867 
1533678229295 -0.0349336 0.566802 -0.823113 -0.647031 -0.959786 0.21053 0.185707 -0.230629 0.278549 0.7965 0.536655 0.460014 0.31622 -0.384863 0.867113 0.400795 -0.930002 -0.306262 0.203222 -0.504304 0.187352 -0.87068 -0.454769 0.485867 
1533678229305 -0.0351617 0.567 -0.822967 -0.646975 -0.95977 0.210384 0.185955 -0.230678 0.278575 0.796398 0.536792 0.460023 0.31622 -0.384863 0.867113 0.400795 -0.930002 -0.306262 0.203222 -0.504304 0.187352 -0.87068 -0.454769 0.485867 
1533678229315 -0.0353898 0.567197 -0.822821 -0.646919 -0.959754 0.210238 0.186203 -0.230727 0.278602 0.796296 0.53693 0.460033 0.31622 -0.384863 0.867113 0.400795 -0.930002 -0.306262 0.203222 -0.504304 0.187352 -0.87068 -0.454769 0.485867 
1533678229345 -0.0353898 0.567197 -0.822821 -0.646919 -0.959754 0.210238 0.186203 -0.230727 0.278602 0.796296 0.53693 0.460033 0.31622 -0.384863 0.867113 0.400795 -0.930002 -0.306262 0.203222 -0.504304 0.187352 -0.87068 -0.454769 0.485867 
1533678229355 -0.0355878 0.56742 -0.822659 -0.646852 -0.959743 0.210091 0.186426 -0.230775 0.278615 0.796176 0.5371 0.460061 0.31622 -0.384863 0.867113 0.400795 -0.930002 -0.306262 0.203222 -0.504304 0.187351 -0.87068 -0.454769 0.485867 
1533678229365 -0.0355575 0.567444 -0.822644 -0.646844 -0.959748 0.210091 0.186401 -0.230774 0.278602 0.796159 0.537133 0.460081 0.31622 -0.384863 0.867113 0.400795 -0.930002 -0.306262 0.203222 -0.504304 0.187351 -0.87068 -0.454769 0.485867 
1533678229375 -0.0355273 0.567469 -0.822628 -0.646834 -0.959753 0.210091 0.186375 -0.230774 0.278589 0.796141 0.537166 0.4601 0.31622 -0.384863 0.867113 0.400795 -0.930002 -0.306262 0.203222 -0.504304 0.187351 -0.87068 -0.454769 0.485867 
1533678229385 -0.035497 0.567494 -0.822612 -0.646825 -0.959758 0.210091 0.18635 -0.230772 0.278576 0.796123 0.537199 0.460119 0.31622 -0.384863 0.867113 0.400795 -0.930002 -0.306262 0.203222 -0.504304 0.187351 -0.87068 -0.454769 0.485867 
1533678229395 -0.0354666 0.567519 -0.822596 -0.646815 -0.959763 0.210091 0.186325 -0.230771 0.278563 0.796106 0.537232 0.460138 0.31622 -0.384863 0.867113 0.400795 -0.930002 -0.306262 0.203222 -0.504304 0.187351 -0.87068 -0.454769 0.485867 
1533678229405 -0.0354362 0.567543 -0.82258 -0.646806 -0.959768 0.210091 0.186299 -0.23077 0.27855 0.796088 0.537265 0.460157 0.31622 -0.384863 0.867113 0.400795 -0.930002 -0.306262 0.203222 -0.504304 0.187351 -0.87068 -0.454769 0.485867 
1533678229415 -0.0354063 0.567568 -0.822565 -0.646797 -0.959773 0.210091 0.186274 -0.230768 0.278537 0.796071 0.537298 0.460176 0.31622 -0.384863 0.867113 0.400795 -0.930002 -0.306262 0.203222 -0.504304 0.187351 -0.87068 -0.454769 0.485867 
1533678229425 -0.0353753 0.567593 -0.822549 -0.646787 -0.959778 0.210091 0.186249 -0.230767 0.278523 0.796053 0.537331 0.460195 0.31622 -0.384863 0.867113 0.400795 -0.930002 -0.306262 0.203222 -0.504304 0.187351 -0.87068 -0.454769 0.485867 
1533678229435 -0.0353448 0.567618 -0.822533 -0.646778 -0.959783 0.210091 0.186223 -0.230765 0.27851 0.796035 0.537364 0.460214 0.31622 -0.384863 0.867113 0.400795 -0.930002 -0.306262 0.203222 -0.504304 0.187351 -0.87068 -0.454769 0.485867 
1533678229465 -0.0353448 0.567618 -0.822533 -0.646778 -0.959783 0.210091 0.186223 -0.230765 0.27851 0.796035 0.537364 0.460214 0.31622 -0.384863 0.867113 0.400795 -0.930002 -0.306262 0.203222 -0.504304 0.187351 -0.87068 -0.454769 0.485867 
1533678229475 -0.0353116 0.567564 -0.822572 -0.646751 -0.959817 0.210025 0.186118 -0.230769 0.278395 0.796091 0.537341 0.460262 0.31622 -0.384863 0.867113 0.400795 -0.930002 -0.306262 0.203222 -0.504304 0.187351 -0.87068 -0.454769 0.485867 
1533678229485 -0.0353089 0.567485 -0.822627 -0.646733 -0.959847 0.20996 0.186038 -0.230773 0.278292 0.796165 0.537285 0.460292 0.31622 -0.384863 0.867113 0.400795 -0.930002 -0.306262 0.203222 -0.504304 0.187351 -0.87068 -0.454769 0.485867 
1533678229495 -0.0353065 0.567406 -0.822681 -0.646714 -0.959877 0.209894 0.185959 -0.230778 0.27819 0.796238 0.537229 0.460322 0.31622 -0.384863 0.867113 0.400795 -0.930002 -0.306262 0.203222 -0.504304 0.187351 -0.87068 -0.454769 0.485867 
1533678229505 -0.0353039 0.567327 -0.822736 -0.646696 -0.959907 0.209829 0.18588 -0.230783 0.278088 0.796312 0.537173 0.460352 0.31622 -0.384863 0.867113 0.400795 -0.930002 -0.306262 0.203222 -0.504304 0.187351 -0.87068 -0.454769 0.485867 
1533678229515 -0.0353012 0.567247 -0.822791 -0.646677 -0.959936 0.209763 0.1858 -0.230787 0.277985 0.796386 0.537116 0.460382 0.31622 -0.384863 0.867113 0.400795 -0.930002 -0.306262 0.203222 -0.504304 0.187351 -0.87068 -0.454769 0.485867 
1533678229525 -0.0352986 0.567168 -0.822845 -0.646659 -0.959966 0.209697 0.18572 -0.230792 0.277883 0.796459 0.53706 0.460412 0.31622 -0.384863 0.867113 0.400795 -0.930002 -0.306262 0.203222 -0.504304 0.187351 -0.87068 -0.454769 0.485867 
1533678229535 -0.035296 0.567089 -0.8229 -0.646641 -0.959996 0.209632 0.185641 -0.230797 0.277781 0.796533 0.537004 0.460441 0.31622 -0.384863 0.867113 0.400795 -0.930002 -0.306262 0.203222 -0.504304 0.187351 -0.87068 -0.454769 0.485867 
1533678229545 -0.0352928 0.567009 -0.822955 -0.646622 -0.960026 0.209566 0.185561 -0.230801 0.277678 0.796607 0.536947 0.460471 0.31622 -0.384863 0.867113 0.400795 -0.930002 -0.306262 0.203222 -0.504304 0.187351 -0.87068 -0.454769 0.485867 
1533678229555 -0.0352901 0.56693 -0.82301 -0.646604 -0.960055 0.209501 0.185481 -0.230806 0.277576 0.79668 0.536891 0.460501 0.31622 -0.384863 0.867113 0.400795 -0.930002 -0.306262 0.203222 -0.504304 0.187351 -0.87068 -0.454769 0.485867 
1533678229583 -0.0352901 0.56693 -0.82301 -0.646604 -0.960055 0.209501 0.185481 -0.230806 0.277576 0.79668 0.536891 0.460501 0.31622 -0.384863 0.867113 0.400795 -0.930002 -0.306262 0.203222 -0.504304 0.187351 -0.87068 -0.454769 0.485867 
1533678229593 -0.0356062 0.566722 -0.82314 -0.646554 -0.9601 0.209215 0.185572 -0.230933 0.277381 0.796904 0.53666 0.460545 0.31622 -0.384863 0.867113 0.400795 -0.930002 -0.306262 0.203222 -0.504304 0.187351 -0.87068 -0.454769 0.485867 
1533678229603 -0.0359268 0.566592 -0.823215 -0.646531 -0.960115 0.208994 0.185745 -0.231062 0.277288 0.797054 0.536485 0.460561 0.31622 -0.384863 0.867113 0.400795 -0.930002 -0.306262 0.203222 -0.504304 0.187351 -0.87068 -0.454769 0.485867 
1533678229613 -0.0362471 0.566462 -0.82329 -0.646507 -0.960129 0.208773 0.185917 -0.231189 0.277196 0.797204 0.53631 0.460576 0.31622 -0.384863 0.867113 0.400795 -0.930002 -0.306262 0.203222 -0.504304 0.187351 -0.87068 -0.454769 0.485867 
1533678229623 -0.0365667 0.566333 -0.823365 -0.646483 -0.960144 0.208553 0.186089 -0.231317 0.277103 0.797354 0.536135 0.460591 0.31622 -0.384863 0.867113 0.400795 -0.930002 -0.306262 0.203222 -0.504304 0.187351 -0.87068 -0.45477 0.485867 
1533678229633 -0.0368872 0.566203 -0.82344 -0.646461 -0.960159 0.208332 0.186262 -0.231445 0.277011 0.797504 0.53596 0.460607 0.31622 -0.384863 0.867113 0.400795 -0.930002 -0.306262 0.203222 -0.504304 0.187351 -0.87068 -0.45477 0.485867 
1533678229643 -0.0372071 0.566073 -0.823515 -0.646436 -0.960173 0.208111 0.186434 -0.231572 0.276918 0.797653 0.535785 0.460622 0.31622 -0.384863 0.867113 0.400795 -0.930002 -0.306262 0.203222 -0.504304 0.187351 -0.87068 -0.45477 0.485867 
1533678229653 -0.0375277 0.565943 -0.82359 -0.646414 -0.960187 0.20789 0.186607 -0.231701 0.276825 0.797803 0.53561 0.460637 0.31622 -0.384863 0.867113 0.400795 -0.930002 -0.306262 0.203222 -0.504304 0.187351 -0.87068 -0.45477 0.485867 
1533678229663 -0.0378477 0.565813 -0.823665 -0.646389 -0.960201 0.20767 0.186779 -0.231828 0.276732 0.797953 0.535435 0.460652 0.31622 -0.384863 0.867113 0.400795 -0.930002 -0.306262 0.203222 -0.504304 0.187351 -0.87068 -0.45477 0.485867 
1533678229673 -0.0381677 0.565683 -0.823739 -0.646365 -0.960216 0.207449 0.186952 -0.231955 0.276639 0.798103 0.53526 0.460667 0.31622 -0.384863 0.867113 0.400795 -0.930002 -0.306262 0.203222 -0.504304 0.187351 -0.87068 -0.45477 0.485867 
1533678229704 -0.0381677 0.565683 -0.823739 -0.646365 -0.960216 0.207449 0.186952 -0.231955 0.276639 0.798103 0.53526 0.460667 0.31622 -0.384863 0.867113 0.400795 -0.930002 -0.306262 0.203222 -0.504304 0.187351 -0.87068 -0.45477 0.485867 
1533678229714 -0.0388035 0.565442 -0.823875 -0.646302 -0.960263 0.20695 0.187261 -0.232213 0.276386 0.798403 0.534942 0.460705 0.31622 -0.384863 0.867113 0.400795 -0.930002 -0.306262 0.203222 -0.504304 0.187351 -0.87068 -0.45477 0.485867 
1533678229724 -0.0391187 0.565331 -0.823936 -0.646263 -0.960297 0.206671 0.187397 -0.232344 0.276225 0.798554 0.5348 0.460728 0.31622 -0.384863 0.867113 0.400795 -0.930002 -0.306262 0.203222 -0.504304 0.187351 -0.87068 -0.45477 0.485867 
1533678229734 -0.0394331 0.56522 -0.823997 -0.646224 -0.96033 0.206393 0.187532 -0.232475 0.276064 0.798704 0.534659 0.460751 0.31622 -0.384863 0.867113 0.400795 -0.930002 -0.306262 0.203222 -0.504304 0.187351 -0.87068 -0.45477 0.485867 
1533678229744 -0.0397488 0.565108 -0.824059 -0.646184 -0.960363 0.206114 0.187669 -0.232605 0.275903 0.798855 0.534516 0.460773 0.31622 -0.384863 0.867113 0.400795 -0.930002 -0.306262 0.203222 -0.504304 0.187351 -0.87068 -0.45477 0.485867 
1533678229754 -0.0400633 0.564997 -0.82412 -0.646145 -0.960396 0.205836 0.187804 -0.232737 0.275742 0.799006 0.534375 0.460796 0.31622 -0.384863 0.867113 0.400795 -0.930002 -0.306262 0.203222 -0.504304 0.187351 -0.87068 -0.45477 0.485867 
1533678229764 -0.0403781 0.564886 -0.824181 -0.646105 -0.960429 0.205558 0.18794 -0.232867 0.275581 0.799156 0.534233 0.460819 0.31622 -0.384863 0.867113 0.400795 -0.930002 -0.306262 0.203222 -0.504304 0.187351 -0.87068 -0.45477 0.485867 
1533678229774 -0.0406935 0.564774 -0.824242 -0.646067 -0.960462 0.205279 0.188077 -0.232998 0.27542 0.799306 0.534091 0.460842 0.31622 -0.384863 0.867113 0.400795 -0.930002 -0.306262 0.203222 -0.504304 0.187351 -0.87068 -0.45477 0.485867 
1533678229784 -0.0410083 0.564663 -0.824302 -0.646027 -0.960495 0.205001 0.188213 -0.233129 0.275259 0.799457 0.533949 0.460864 0.31622 -0.384863 0.867113 0.400795 -0.930002 -0.306262 0.203222 -0.504304 0.187351 -0.87068 -0.45477 0.485867 
1533678229794 -0.0413231 0.564551 -0.824363 -0.645987 -0.960528 0.204722 0.188349 -0.233259 0.275098 0.799607 0.533807 0.460887 0.31622 -0.384863 0.867113 0.400795 -0.930002 -0.306262 0.203222 -0.504304 0.187351 -0.87068 -0.45477 0.485867 
1533678229824 -0.0413231 0.564551 -0.824363 -0.645987 -0.960528 0.204722 0.188349 -0.233259 0.275098 0.799607 0.533807 0.460887 0.31622 -0.384863 0.867113 0.400795 -0.930002 -0.306262 0.203222 -0.504304 0.187351 -0.87068 -0.45477 0.485867 
1533678229834 -0.0416933 0.564314 -0.824507 -0.645884 -0.960546 0.204477 0.188522 -0.233453 0.274978 0.799837 0.533524 0.460927 0.31622 -0.384863 0.867113 0.400795 -0.930002 -0.306262 0.203222 -0.504304 0.187351 -0.87068 -0.45477 0.485867 
1533678229844 -0.0417485 0.564189 -0.82459 -0.645821 -0.960532 0.20451 0.188558 -0.233518 0.275019 0.799917 0.533383 0.460945 0.31622 -0.384863 0.867113 0.400795 -0.930002 -0.306262 0.203222 -0.504304 0.187351 -0.87068 -0.45477 0.485867 
1533678229854 -0.0418036 0.564064 -0.824672 -0.645758 -0.960518 0.204543 0.188594 -0.233583 0.27506 0.799996 0.533242 0.460964 0.31622 -0.384863 0.867113 0.400795 -0.930002 -0.306262 0.203222 -0.504304 0.187351 -0.87068 -0.45477 0.485867 
1533678229864 -0.0418588 0.563938 -0.824755 -0.645695 -0.960503 0.204577 0.188631 -0.233647 0.275102 0.800076 0.533101 0.460982 0.31622 -0.384863 0.867113 0.400795 -0.930002 -0.306262 0.203222 -0.504304 0.187351 -0.87068 -0.45477 0.485867 
1533678229874 -0.041914 0.563813 -0.824838 -0.645632 -0.960489 0.20461 0.188667 -0.233712 0.275143 0.800156 0.532961 0.461 0.31622 -0.384863 0.867113 0.400795 -0.930002 -0.306262 0.203222 -0.504304 0.187351 -0.87068 -0.45477 0.485867 
1533678229884 -0.0419701 0.563688 -0.824921 -0.645567 -0.960475 0.204642 0.188704 -0.233778 0.275184 0.800236 0.532819 0.46102 0.31622 -0.384863 0.867113 0.400795 -0.930002 -0.306262 0.203222 -0.504304 0.187351 -0.87068 -0.45477 0.485867 
1533678229894 -0.0420254 0.563562 -0.825004 -0.645503 -0.960461 0.204676 0.18874 -0.233843 0.275225 0.800316 0.532678 0.461038 0.31622 -0.384863 0.867113 0.400795 -0.930002 -0.306262 0.203222 -0.504304 0.187351 -0.87068 -0.45477 0.485867 
1533678229904 -0.0420806 0.563437 -0.825087 -0.64544 -0.960447 0.204709 0.188776 -0.233908 0.275266 0.800395 0.532537 0.461056 0.31622 -0.384863 0.867113 0.400795 -0.930002 -0.306262 0.203222 -0.504304 0.187351 -0.87068 -0.45477 0.485867 
1533678229914 -0.0421359 0.563312 -0.825169 -0.645376 -0.960432 0.204742 0.188812 -0.233972 0.275307 0.800475 0.532396 0.461075 0.31622 -0.384863 0.867113 0.400795 -0.930002 -0.306262 0.203222 -0.504304 0.187351 -0.87068 -0.45477 0.485867 
1533678229943 -0.0421359 0.563312 -0.825169 -0.645376 -0.960432 0.204742 0.188812 -0.233972 0.275307 0.800475 0.532396 0.461075 0.31622 -0.384863 0.867113 0.400795 -0.930002 -0.306262 0.203222 -0.504304 0.187351 -0.87068 -0.45477 0.485867 
1533678229953 -0.0422656 0.563206 -0.825235 -0.645196 -0.960402 0.204768 0.188938 -0.234079 0.275393 0.800543 0.53225 0.461132 0.31622 -0.384863 0.867113 0.400795 -0.930002 -0.306262 0.203222 -0.504304 0.187351 -0.87068 -0.45477 0.485867 
1533678229963 -0.04234 0.563225 -0.825218 -0.64508 -0.960386 0.20476 0.189027 -0.234119 0.275437 0.800531 0.532245 0.46117 0.31622 -0.384863 0.867113 0.400795 -0.930002 -0.306262 0.203222 -0.504304 0.187351 -0.87068 -0.45477 0.485867 
1533678229973 -0.0424132 0.563245 -0.825201 -0.644965 -0.96037 0.204753 0.189116 -0.23416 0.275481 0.800519 0.53224 0.461208 0.31622 -0.384863 0.867113 0.400795 -0.930002 -0.306262 0.203222 -0.504304 0.187351 -0.87068 -0.45477 0.485867 
1533678229983 -0.0424876 0.563265 -0.825183 -0.644851 -0.960354 0.204746 0.189205 -0.234201 0.275525 0.800507 0.532235 0.461246 0.31622 -0.384863 0.867113 0.400795 -0.930002 -0.306262 0.203222 -0.504304 0.187351 -0.87068 -0.45477 0.485867 
1533678229993 -0.0425606 0.563285 -0.825166 -0.644735 -0.960338 0.204739 0.189294 -0.234241 0.27557 0.800495 0.53223 0.461283 0.31622 -0.384863 0.867113 0.400795 -0.930002 -0.306262 0.203222 -0.504304 0.187351 -0.87068 -0.45477 0.485867 
1533678230003 -0.042635 0.563304 -0.825149 -0.644621 -0.960322 0.204731 0.189383 -0.234282 0.275614 0.800483 0.532225 0.461321 0.31622 -0.384863 0.867113 0.400795 -0.930002 -0.306262 0.203222 -0.504304 0.187351 -0.87068 -0.45477 0.485867 
1533678230013 -0.042708 0.563324 -0.825132 -0.644505 -0.960306 0.204724 0.189471 -0.234322 0.275658 0.800471 0.53222 0.461359 0.31622 -0.384863 0.867113 0.400795 -0.930002 -0.306262 0.203222 -0.504304 0.187351 -0.87068 -0.45477 0.485867 
1533678230023 -0.0427822 0.563343 -0.825115 -0.644391 -0.96029 0.204717 0.189561 -0.234363 0.275703 0.800459 0.532215 0.461397 0.31622 -0.384863 0.867113 0.400795 -0.930002 -0.306262 0.203222 -0.504304 0.187351 -0.87068 -0.45477 0.485867 
1533678230033 -0.042856 0.563363 -0.825097 -0.644276 -0.960274 0.20471 0.18965 -0.234403 0.275747 0.800447 0.53221 0.461435 0.31622 -0.384863 0.867113 0.400795 -0.930002 -0.306262 0.203222 -0.504304 0.187351 -0.87068 -0.45477 0.485867 
1533678230060 -0.042856 0.563363 -0.825097 -0.644276 -0.960274 0.20471 0.18965 -0.234403 0.275747 0.800447 0.53221 0.461435 0.31622 -0.384863 0.867113 0.400795 -0.930002 -0.306262 0.203222 -0.504304 0.187351 -0.87068 -0.45477 0.485867 
1533678230073 -0.0431167 0.563383 -0.82507 -0.644041 -0.96027 0.204545 0.189852 -0.234476 0.275723 0.800475 0.532181 0.46154 0.31622 -0.384863 0.867113 0.400795 -0.930002 -0.306262 0.203222 -0.504304 0.187351 -0.87068 -0.45477 0.485867 
1533678230083 -0.0433044 0.563384 -0.825059 -0.64392 -0.960281 0.204387 0.189966 -0.234507 0.275655 0.800515 0.532156 0.461608 0.31622 -0.384863 0.867113 0.400795 -0.930002 -0.306262 0.203222 -0.504304 0.187351 -0.87068 -0.45477 0.485867 
1533678230093 -0.043492 0.563385 -0.825049 -0.643799 -0.960292 0.204229 0.190079 -0.234539 0.275587 0.800555 0.532131 0.461676 0.31622 -0.384863 0.867113 0.400795 -0.930002 -0.306262 0.203222 -0.504304 0.187351 -0.87068 -0.45477 0.485867 
1533678230103 -0.0436796 0.563386 -0.825039 -0.643677 -0.960303 0.204072 0.190193 -0.23457 0.275519 0.800594 0.532107 0.461744 0.31622 -0.384863 0.867113 0.400795 -0.930002 -0.306262 0.203222 -0.504304 0.187351 -0.87068 -0.45477 0.485867 
1533678230113 -0.0438673 0.563386 -0.825028 -0.643557 -0.960314 0.203914 0.190307 -0.234602 0.275451 0.800634 0.532082 0.461812 0.31622 -0.384863 0.867113 0.400795 -0.930002 -0.306262 0.203222 -0.504304 0.187351 -0.87068 -0.45477 0.485867 
1533678230123 -0.0440557 0.563387 -0.825018 -0.643437 -0.960325 0.203756 0.190421 -0.234634 0.275383 0.800674 0.532057 0.46188 0.31622 -0.384863 0.867113 0.400795 -0.930002 -0.306262 0.203222 -0.504304 0.187351 -0.87068 -0.45477 0.485867 
1533678230133 -0.0442426 0.563387 -0.825007 -0.643315 -0.960336 0.203598 0.190535 -0.234665 0.275315 0.800714 0.532033 0.461948 0.31622 -0.384863 0.867113 0.400795 -0.930002 -0.306262 0.203222 -0.504304 0.187351 -0.87068 -0.45477 0.485867 
1533678230143 -0.0444303 0.563388 -0.824997 -0.643195 -0.960346 0.20344 0.190648 -0.234697 0.275247 0.800754 0.532009 0.462016 0.31622 -0.384863 0.867113 0.400795 -0.930002 -0.306262 0.203222 -0.504304 0.187351 -0.87068 -0.45477 0.485867 
1533678230153 -0.0446186 0.563388 -0.824987 -0.643075 -0.960357 0.203282 0.190763 -0.234728 0.275179 0.800793 0.531984 0.462084 0.31622 -0.384863 0.867113 0.400795 -0.930002 -0.306262 0.203222 -0.504304 0.187351 -0.87068 -0.45477 0.485867 
1533678230183 -0.0446186 0.563388 -0.824987 -0.643075 -0.960357 0.203282 0.190763 -0.234728 0.275179 0.800793 0.531984 0.462084 0.31622 -0.384863 0.867113 0.400795 -0.930002 -0.306262 0.203222 -0.504304 0.187351 -0.87068 -0.45477 0.485867 
1533678230193 -0.0450254 0.563399 -0.824957 -0.642851 -0.960369 0.202973 0.191035 -0.234786 0.275072 0.800864 0.531932 0.462215 0.31622 -0.384863 0.867113 0.400795 -0.930002 -0.306262 0.203222 -0.504304 0.187351 -0.87068 -0.45477 0.485867 
1533678230203 -0.0452442 0.563409 -0.824938 -0.642747 -0.960369 0.202821 0.191193 -0.234812 0.275034 0.800896 0.531904 0.462277 0.31622 -0.384863 0.867113 0.400795 -0.930002 -0.306262 0.203222 -0.504304 0.187351 -0.87068 -0.45477 0.485867 
1533678230213 -0.0454637 0.563419 -0.82492 -0.642645 -0.96037 0.202668 0.191351 -0.234838 0.274996 0.800927 0.531877 0.46234 0.31622 -0.384863 0.867113 0.400795 -0.930002 -0.306262 0.203222 -0.504304 0.187351 -0.87068 -0.45477 0.485867 
1533678230223 -0.045683 0.563429 -0.824901 -0.642541 -0.96037 0.202516 0.191509 -0.234864 0.274958 0.800959 0.531849 0.462402 0.31622 -0.384863 0.867113 0.400795 -0.930002 -0.306262 0.203222 -0.504304 0.187351 -0.87068 -0.45477 0.485867 
1533678230233 -0.0459024 0.563439 -0.824882 -0.642438 -0.960371 0.202364 0.191668 -0.23489 0.274919 0.80099 0.531821 0.462464 0.31622 -0.384863 0.867113 0.400795 -0.930002 -0.306262 0.203222 -0.504304 0.187351 -0.87068 -0.45477 0.485867 
1533678230243 -0.0461217 0.563449 -0.824863 -0.642334 -0.960371 0.202212 0.191826 -0.234915 0.274881 0.801022 0.531794 0.462527 0.31622 -0.384863 0.867113 0.400795 -0.930002 -0.306262 0.203222 -0.504304 0.187351 -0.87068 -0.45477 0.485867 
1533678230253 -0.0463411 0.563459 -0.824844 -0.642231 -0.960372 0.20206 0.191984 -0.234941 0.274843 0.801053 0.531766 0.462589 0.31622 -0.384863 0.867113 0.400795 -0.930002 -0.306262 0.203222 -0.504304 0.187351 -0.87068 -0.45477 0.485867 
1533678230263 -0.046561 0.563468 -0.824825 -0.642128 -0.960372 0.201907 0.192143 -0.234967 0.274805 0.801085 0.531738 0.462652 0.31622 -0.384863 0.867113 0.400795 -0.930002 -0.306262 0.203222 -0.504304 0.187351 -0.87068 -0.45477 0.485867 
1533678230273 -0.0467797 0.563478 -0.824805 -0.642023 -0.960372 0.201755 0.192301 -0.234993 0.274766 0.801116 0.531711 0.462714 0.31622 -0.384863 0.867113 0.400795 -0.930002 -0.306262 0.203222 -0.504304 0.187351 -0.87068 -0.45477 0.485867 
1533678230303 -0.0467797 0.563478 -0.824805 -0.642023 -0.960372 0.201755 0.192301 -0.234993 0.274766 0.801116 0.531711 0.462714 0.31622 -0.384863 0.867113 0.400795 -0.930002 -0.306262 0.203222 -0.504304 0.187351 -0.87068 -0.45477 0.485867 
1533678230313 -0.0471631 0.563499 -0.82477 -0.641837 -0.960375 0.201482 0.192574 -0.235039 0.274692 0.801171 0.531667 0.462825 0.31622 -0.384863 0.867113 0.400795 -0.930002 -0.306262 0.203222 -0.504304 0.187351 -0.87068 -0.45477 0.485867 
1533678230323 -0.0473278 0.563509 -0.824753 -0.641752 -0.960377 0.201361 0.19269 -0.235059 0.274655 0.801194 0.531651 0.462875 0.31622 -0.384863 0.867113 0.400795 -0.930002 -0.306262 0.203222 -0.504304 0.187351 -0.87068 -0.45477 0.485867 
1533678230333 -0.0474916 0.56352 -0.824736 -0.641666 -0.96038 0.20124 0.192804 -0.235079 0.274619 0.801217 0.531636 0.462924 0.31622 -0.384863 0.867113 0.400795 -0.930002 -0.306262 0.203222 -0.504304 0.187351 -0.87068 -0.45477 0.485867 
1533678230343 -0.0476559 0.56353 -0.82472 -0.641582 -0.960382 0.201119 0.192919 -0.235099 0.274582 0.80124 0.53162 0.462974 0.31622 -0.384863 0.867113 0.400795 -0.930002 -0.306262 0.203222 -0.504304 0.187351 -0.87068 -0.45477 0.485867 
1533678230353 -0.0478201 0.563541 -0.824703 -0.641496 -0.960384 0.200998 0.193034 -0.235118 0.274546 0.801263 0.531604 0.463023 0.31622 -0.384863 0.867113 0.400795 -0.930002 -0.306262 0.203222 -0.504304 0.187351 -0.87068 -0.45477 0.485867 
1533678230363 -0.0479843 0.563551 -0.824686 -0.641412 -0.960386 0.200876 0.193149 -0.235139 0.274509 0.801286 0.531588 0.463072 0.31622 -0.384863 0.867113 0.400795 -0.930002 -0.306262 0.203222 -0.504304 0.187351 -0.87068 -0.45477 0.485867 
1533678230373 -0.0481484 0.563562 -0.82467 -0.641326 -0.960389 0.200755 0.193264 -0.235158 0.274473 0.801309 0.531572 0.463121 0.31622 -0.384863 0.867113 0.400795 -0.930002 -0.306262 0.203222 -0.504304 0.187351 -0.87068 -0.45477 0.485867 
1533678230383 -0.0483127 0.563572 -0.824653 -0.641241 -0.960391 0.200634 0.193379 -0.235178 0.274437 0.801332 0.531556 0.463171 0.31622 -0.384863 0.867113 0.400795 -0.930002 -0.306262 0.203222 -0.504304 0.187351 -0.87068 -0.45477 0.485867 
1533678230393 -0.0484769 0.563583 -0.824636 -0.641157 -0.960393 0.200513 0.193494 -0.235198 0.2744 0.801355 0.53154 0.46322 0.31622 -0.384863 0.867113 0.400795 -0.930002 -0.306262 0.203222 -0.504304 0.187351 -0.87068 -0.45477 0.485867 
1533678230422 -0.0484769 0.563583 -0.824636 -0.641157 -0.960393 0.200513 0.193494 -0.235198 0.2744 0.801355 0.53154 0.46322 0.31622 -0.384863 0.867113 0.400795 -0.930002 -0.306262 0.203222 -0.504304 0.187351 -0.87068 -0.45477 0.485867 
1533678230432 -0.0487744 0.563606 -0.824603 -0.641002 -0.960398 0.200288 0.193701 -0.235234 0.274329 0.801395 0.531517 0.463309 0.31622 -0.384863 0.867113 0.400795 -0.930002 -0.306262 0.203222 -0.504304 0.187351 -0.87068 -0.45477 0.485867 
1533678230442 -0.0489083 0.563619 -0.824586 -0.640931 -0.960401 0.200184 0.193793 -0.235251 0.274294 0.801412 0.531509 0.463348 0.31622 -0.384863 0.867113 0.400795 -0.930002 -0.306262 0.203222 -0.504304 0.187351 -0.87068 -0.45477 0.485867 
1533678230452 -0.0490412 0.563631 -0.824569 -0.64086 -0.960405 0.20008 0.193884 -0.235268 0.274259 0.801428 0.531502 0.463388 0.31622 -0.384863 0.867113 0.400795 -0.930002 -0.306262 0.203222 -0.504304 0.187351 -0.87068 -0.45477 0.485867 
1533678230462 -0.0491751 0.563644 -0.824553 -0.64079 -0.960408 0.199976 0.193976 -0.235285 0.274224 0.801446 0.531494 0.463428 0.31622 -0.384863 0.867113 0.400795 -0.930002 -0.306262 0.203222 -0.504304 0.187351 -0.87068 -0.45477 0.485867 
1533678230472 -0.049308 0.563657 -0.824536 -0.640718 -0.960411 0.199872 0.194067 -0.235301 0.274189 0.801462 0.531487 0.463467 0.31622 -0.384863 0.867113 0.400795 -0.930002 -0.306262 0.203222 -0.504304 0.187351 -0.87068 -0.45477 0.485867 
1533678230482 -0.0494414 0.56367 -0.824519 -0.640648 -0.960414 0.199768 0.194158 -0.235318 0.274154 0.801479 0.53148 0.463507 0.31622 -0.384863 0.867113 0.400795 -0.930002 -0.306262 0.203222 -0.504304 0.187351 -0.87068 -0.45477 0.485867 
1533678230493 -0.0495749 0.563682 -0.824503 -0.640578 -0.960417 0.199664 0.19425 -0.235335 0.274119 0.801496 0.531472 0.463547 0.31622 -0.384863 0.867113 0.400795 -0.930002 -0.306262 0.203222 -0.504304 0.187351 -0.87068 -0.45477 0.485867 
1533678230502 -0.0497089 0.563695 -0.824486 -0.640508 -0.96042 0.19956 0.194342 -0.235352 0.274084 0.801513 0.531464 0.463586 0.31622 -0.384863 0.867113 0.400795 -0.930002 -0.306262 0.203222 -0.504304 0.187351 -0.87068 -0.45477 0.485867 
1533678230522 -0.0498416 0.563708 -0.824469 -0.640436 -0.960423 0.199456 0.194433 -0.235368 0.274049 0.80153 0.531457 0.463626 0.31622 -0.384863 0.867113 0.400795 -0.930002 -0.306262 0.203222 -0.504304 0.187351 -0.87068 -0.45477 0.485867 
1533678230553 -0.0498416 0.563708 -0.824469 -0.640436 -0.960423 0.199456 0.194433 -0.235368 0.274049 0.80153 0.531457 0.463626 0.31622 -0.384863 0.867113 0.400795 -0.930002 -0.306262 0.203222 -0.504304 0.187351 -0.87068 -0.45477 0.485867 
1533678230563 -0.0500906 0.563727 -0.824441 -0.640307 -0.960426 0.199272 0.194608 -0.235398 0.273994 0.801563 0.531437 0.4637 0.31622 -0.384863 0.867113 0.400795 -0.930002 -0.306262 0.203222 -0.504304 0.187351 -0.87068 -0.45477 0.485867 
1533678230573 -0.0502066 0.563733 -0.82443 -0.640248 -0.960426 0.199191 0.194693 -0.235412 0.273974 0.801578 0.531423 0.463735 0.31622 -0.384863 0.867113 0.400795 -0.930002 -0.306262 0.203222 -0.504304 0.187351 -0.87068 -0.45477 0.485867 
1533678230583 -0.0503224 0.56374 -0.824418 -0.64019 -0.960425 0.19911 0.194777 -0.235426 0.273954 0.801594 0.53141 0.46377 0.31622 -0.384863 0.867113 0.400795 -0.930002 -0.306262 0.203222 -0.504304 0.187351 -0.87068 -0.45477 0.485867 
1533678230593 -0.0504376 0.563746 -0.824407 -0.640131 -0.960425 0.19903 0.19486 -0.235439 0.273933 0.801609 0.531397 0.463804 0.31622 -0.384863 0.867113 0.400795 -0.930002 -0.306262 0.203222 -0.504304 0.187351 -0.87068 -0.45477 0.485867 
1533678230603 -0.0505533 0.563752 -0.824395 -0.640072 -0.960425 0.198949 0.194944 -0.235453 0.273913 0.801625 0.531384 0.463839 0.31622 -0.384863 0.867113 0.400795 -0.930002 -0.306262 0.203222 -0.504304 0.187351 -0.87068 -0.45477 0.485867 
1533678230613 -0.0506691 0.563759 -0.824384 -0.640014 -0.960425 0.198869 0.195028 -0.235467 0.273893 0.80164 0.531371 0.463874 0.31622 -0.384863 0.867113 0.400795 -0.930002 -0.306262 0.203222 -0.504304 0.187351 -0.87068 -0.45477 0.485867 
1533678230623 -0.0507846 0.563765 -0.824372 -0.639955 -0.960424 0.198788 0.195112 -0.23548 0.273873 0.801656 0.531358 0.463909 0.31622 -0.384863 0.867113 0.400795 -0.930002 -0.306262 0.203222 -0.504304 0.187351 -0.87068 -0.45477 0.485867 
1533678230633 -0.0509004 0.563771 -0.824361 -0.639896 -0.960424 0.198708 0.195196 -0.235494 0.273853 0.801671 0.531345 0.463944 0.31622 -0.384863 0.867113 0.400795 -0.930002 -0.306262 0.203222 -0.504304 0.187351 -0.87068 -0.45477 0.485867 
1533678230643 -0.0510161 0.563778 -0.82435 -0.639838 -0.960423 0.198627 0.19528 -0.235508 0.273833 0.801687 0.531332 0.463979 0.31622 -0.384863 0.867113 0.400795 -0.930002 -0.306262 0.203222 -0.504304 0.187351 -0.87068 -0.45477 0.485867 
1533678230675 -0.0510161 0.563778 -0.82435 -0.639838 -0.960423 0.198627 0.19528 -0.235508 0.273833 0.801687 0.531332 0.463979 0.31622 -0.384863 0.867113 0.400795 -0.930002 -0.306262 0.203222 -0.504304 0.187351 -0.87068 -0.45477 0.485867 
1533678230685 -0.0512264 0.563793 -0.824326 -0.639729 -0.960426 0.198469 0.195426 -0.235533 0.273783 0.801716 0.531315 0.464041 0.31622 -0.384863 0.867113 0.400795 -0.930002 -0.306262 0.203222 -0.504304 0.187351 -0.87068 -0.45477 0.485867 
1533678230695 -0.0513232 0.563801 -0.824314 -0.639678 -0.96043 0.19839 0.19549 -0.235546 0.273753 0.801729 0.53131 0.464069 0.31622 -0.384863 0.867113 0.400795 -0.930002 -0.306262 0.203222 -0.504304 0.187351 -0.87068 -0.45477 0.485867 
1533678230705 -0.0514194 0.56381 -0.824302 -0.639627 -0.960433 0.198311 0.195553 -0.235558 0.273723 0.801742 0.531305 0.464097 0.31622 -0.384863 0.867113 0.400795 -0.930002 -0.306262 0.203222 -0.504304 0.187351 -0.87068 -0.45477 0.485867 
1533678230715 -0.0515154 0.563819 -0.82429 -0.639578 -0.960436 0.198232 0.195616 -0.235571 0.273693 0.801756 0.5313 0.464126 0.31622 -0.384863 0.867113 0.400795 -0.930002 -0.306262 0.203222 -0.504304 0.187351 -0.87068 -0.45477 0.485867 
1533678230725 -0.0516106 0.563827 -0.824278 -0.639526 -0.96044 0.198154 0.195679 -0.235583 0.273663 0.801769 0.531296 0.464154 0.31622 -0.384863 0.867113 0.400795 -0.930002 -0.306262 0.203222 -0.504304 0.187351 -0.87068 -0.45477 0.485867 
1533678230735 -0.0517065 0.563836 -0.824266 -0.639477 -0.960443 0.198075 0.195742 -0.235596 0.273633 0.801782 0.531291 0.464182 0.31622 -0.384863 0.867113 0.400795 -0.930002 -0.306262 0.203222 -0.504304 0.187351 -0.87068 -0.45477 0.485867 
1533678230745 -0.0518024 0.563845 -0.824255 -0.639427 -0.960447 0.197997 0.195805 -0.235609 0.273603 0.801796 0.531286 0.46421 0.31622 -0.384863 0.867113 0.400795 -0.930002 -0.306262 0.203222 -0.504304 0.187351 -0.87068 -0.45477 0.485867 
1533678230755 -0.0518981 0.563854 -0.824243 -0.639375 -0.96045 0.197918 0.195868 -0.235621 0.273573 0.801809 0.531282 0.464238 0.31622 -0.384863 0.867113 0.400795 -0.930002 -0.306262 0.203222 -0.504304 0.187351 -0.87068 -0.45477 0.485867 
1533678230765 -0.0519939 0.563862 -0.824231 -0.639325 -0.960453 0.19784 0.195931 -0.235633 0.273543 0.801822 0.531277 0.464266 0.31622 -0.384863 0.867113 0.400795 -0.930002 -0.306262 0.203222 -0.504304 0.187351 -0.87068 -0.45477 0.485867 
1533678230795 -0.0519939 0.563862 -0.824231 -0.639325 -0.960453 0.19784 0.195931 -0.235633 0.273543 0.801822 0.531277 0.464266 0.31622 -0.384863 0.867113 0.400795 -0.930002 -0.306262 0.203222 -0.504304 0.187351 -0.87068 -0.45477 0.485867 
1533678230805 -0.0521789 0.563877 -0.824209 -0.639232 -0.960455 0.197701 0.196061 -0.235656 0.273501 0.801846 0.531263 0.46432 0.31622 -0.384863 0.867113 0.400795 -0.930002 -0.306262 0.203222 -0.504304 0.187351 -0.87068 -0.45477 0.485867 
1533678230815 -0.05227 0.563883 -0.824199 -0.639189 -0.960454 0.197641 0.196129 -0.235666 0.273489 0.801857 0.531253 0.464345 0.31622 -0.384863 0.867113 0.400795 -0.930002 -0.306262 0.203222 -0.504304 0.187351 -0.87068 -0.45477 0.485867 
1533678230825 -0.0523602 0.563889 -0.824189 -0.639147 -0.960453 0.19758 0.196196 -0.235677 0.273476 0.801867 0.531243 0.464371 0.31622 -0.384863 0.867113 0.400795 -0.930002 -0.306262 0.203222 -0.504304 0.187351 -0.87068 -0.45477 0.485867 
1533678230835 -0.0524508 0.563895 -0.824179 -0.639103 -0.960451 0.19752 0.196264 -0.235687 0.273464 0.801878 0.531234 0.464397 0.31622 -0.384863 0.867113 0.400795 -0.930002 -0.306262 0.203222 -0.504304 0.187351 -0.87068 -0.45477 0.485867 
1533678230845 -0.0525411 0.563901 -0.824169 -0.639061 -0.96045 0.197459 0.196332 -0.235698 0.273451 0.801889 0.531224 0.464422 0.31622 -0.384863 0.867113 0.400795 -0.930002 -0.306262 0.203222 -0.504304 0.187351 -0.87068 -0.45477 0.485867 
1533678230855 -0.0526317 0.563907 -0.824159 -0.639017 -0.960448 0.197399 0.196399 -0.235708 0.273439 0.801899 0.531214 0.464448 0.31622 -0.384863 0.867113 0.400795 -0.930002 -0.306262 0.203222 -0.504304 0.187351 -0.87068 -0.45477 0.485867 
