1535123083220 0.213346 0.919852 -0.329175 -0.47234 -0.943994 0.280898 0.173122 -0.171365 0.251711 0.273804 0.928263 0.474048 0.209516 -0.128156 0.96937 0.384067 -0.977603 -0.0476132 0.205001 -0.501835 0.0198827 -0.99061 -0.135262 0.444681 
1535123083231 0.216972 0.92059 -0.32471 -0.488634 -0.943675 0.282924 0.171558 -0.178482 0.249803 0.269197 0.930124 0.463943 0.203658 -0.127378 0.970721 0.384008 -0.979039 -0.0288644 0.201615 -0.500068 0.00233787 -0.991434 -0.130587 0.44401 
1535123083244 0.220587 0.9213 -0.32023 -0.504929 -0.943344 0.284956 0.170005 -0.185603 0.247878 0.264586 0.931961 0.453835 0.197808 -0.126487 0.972046 0.383949 -0.980122 -0.0101096 0.198136 -0.498301 -0.0152346 -0.991917 -0.125972 0.44334 
1535123084110 0.22419 0.921981 -0.315737 -0.521225 -0.943003 0.286993 0.168463 -0.192725 0.245934 0.259973 0.933772 0.443726 0.191971 -0.125483 0.973345 0.38389 -0.980851 0.00864515 0.194566 -0.496533 -0.0328294 -0.992058 -0.121421 0.442669 
1535123084165 0.227783 0.922632 -0.31123 -0.53752 -0.942652 0.289036 0.166929 -0.199846 0.243971 0.255358 0.935559 0.433618 0.186149 -0.124367 0.974619 0.383831 -0.981226 0.0273929 0.190906 -0.494765 -0.0504401 -0.991858 -0.116933 0.441998 
1535123084172 0.231364 0.923255 -0.306711 -0.553817 -0.942291 0.291083 0.165405 -0.206968 0.24199 0.250742 0.93732 0.42351 0.180343 -0.12314 0.975865 0.383771 -0.981246 0.0461271 0.187158 -0.492996 -0.0680604 -0.991317 -0.112512 0.441327 
1535123084718 0.234935 0.923847 -0.302178 -0.570113 -0.941919 0.293137 0.163891 -0.214089 0.23999 0.246124 0.939057 0.413402 0.174555 -0.121802 0.977085 0.383712 -0.980912 0.0648407 0.183322 -0.491227 -0.0856838 -0.990434 -0.108158 0.440656 
1535123085735 0.238493 0.924411 -0.297633 -0.586408 -0.941536 0.295195 0.162386 -0.22121 0.237971 0.241504 0.940768 0.403294 0.168789 -0.120352 0.978277 0.383652 -0.980224 0.0835269 0.179401 -0.489458 -0.103304 -0.989211 -0.103874 0.439986 
1535123086097 0.24204 0.924945 -0.293075 -0.602705 -0.941144 0.297258 0.160891 -0.228332 0.235935 0.236884 0.942455 0.393186 0.163045 -0.118793 0.979441 0.383592 -0.979181 0.102179 0.175395 -0.487687 -0.120914 -0.987648 -0.09966 0.439315 
1535123086334 0.245575 0.92545 -0.288505 -0.618999 -0.940741 0.299327 0.159406 -0.235452 0.23388 0.232262 0.944116 0.383079 0.157328 -0.117124 0.980576 0.383533 -0.977785 0.12079 0.171307 -0.485918 -0.138508 -0.985744 -0.0955184 0.438644 
1535123087861 0.242813 0.92459 -0.293555 -0.602442 -0.941117 0.297904 0.159846 -0.228645 0.235244 0.237457 0.942483 0.393338 0.157779 -0.117154 0.9805 0.383618 -0.97781 0.120043 0.17169 -0.486003 -0.137816 -0.985832 -0.095614 0.438805 
1535123087879 0.243444 0.924729 -0.292595 -0.605723 -0.94104 0.298254 0.159652 -0.230036 0.234902 0.236477 0.942815 0.391302 0.161523 -0.116847 0.979927 0.383596 -0.978418 0.110708 0.174476 -0.486382 -0.128873 -0.98696 -0.0964437 0.439071 
1535123088318 0.244074 0.924867 -0.291633 -0.609009 -0.940962 0.298603 0.159459 -0.231429 0.234561 0.235496 0.943145 0.389265 0.165264 -0.116505 0.979344 0.383574 -0.978931 0.101365 0.177253 -0.486765 -0.119922 -0.988004 -0.0972984 0.439336 
1535123088779 0.244703 0.925003 -0.290671 -0.612296 -0.940884 0.298951 0.159267 -0.232822 0.234219 0.234514 0.943475 0.387228 0.169 -0.116127 0.978751 0.383553 -0.97935 0.092014 0.180021 -0.487149 -0.110964 -0.988963 -0.0981784 0.439602 
1535123088785 0.245332 0.925139 -0.289708 -0.615581 -0.940805 0.299301 0.159075 -0.234215 0.233877 0.233533 0.943803 0.385192 0.172731 -0.115713 0.978148 0.383532 -0.979673 0.0826563 0.182778 -0.487532 -0.102 -0.989838 -0.0990839 0.439868 
1535123088906 0.24596 0.925273 -0.288745 -0.618867 -0.940726 0.29965 0.158884 -0.235608 0.233533 0.232551 0.94413 0.383155 0.176456 -0.115264 0.977536 0.38351 -0.979902 0.0732926 0.185525 -0.487915 -0.0930306 -0.990627 -0.100015 0.440133 
1535123088938 0.246588 0.925406 -0.287782 -0.622153 -0.940647 0.299999 0.158693 -0.237002 0.23319 0.231569 0.944457 0.381118 0.180175 -0.114779 0.976915 0.383489 -0.980036 0.0639239 0.188261 -0.488299 -0.0840568 -0.991332 -0.100971 0.440399 
1535123089217 0.247216 0.925538 -0.286818 -0.625438 -0.940568 0.300349 0.158502 -0.238394 0.232845 0.230588 0.944782 0.379081 0.183887 -0.114259 0.976284 0.383468 -0.980076 0.0545512 0.190986 -0.488681 -0.0750794 -0.991952 -0.101952 0.440665 
1535123089469 0.247843 0.925668 -0.285854 -0.628724 -0.940488 0.300699 0.158312 -0.239787 0.2325 0.229606 0.945106 0.377045 0.187592 -0.113704 0.975644 0.383446 -0.98002 0.0451755 0.193699 -0.489065 -0.0660995 -0.992487 -0.102958 0.44093 
1535123089475 0.248469 0.925798 -0.284889 -0.63201 -0.940408 0.301048 0.158122 -0.241181 0.232154 0.228623 0.945429 0.375008 0.191291 -0.113113 0.974994 0.383425 -0.97987 0.0357971 0.196401 -0.489449 -0.0571176 -0.992937 -0.103989 0.441196 
1535123090715 0.249165 0.925428 -0.285483 -0.631775 -0.940281 0.301758 0.157523 -0.24139 0.231923 0.229185 0.94535 0.375039 0.190917 -0.113369 0.975038 0.383467 -0.979904 0.0364551 0.196109 -0.48935 -0.0577777 -0.992884 -0.10413 0.441058 
1535123090727 0.248367 0.925295 -0.286606 -0.631695 -0.94033 0.301348 0.158016 -0.2414 0.23258 0.230258 0.944927 0.375241 0.192965 -0.114265 0.97453 0.383517 -0.979823 0.0302721 0.197562 -0.489526 -0.0520755 -0.992989 -0.106118 0.441387 
1535123090734 0.24777 0.925073 -0.287836 -0.631565 -0.940327 0.301146 0.158416 -0.241472 0.233227 0.23141 0.944486 0.375453 0.195019 -0.115148 0.974017 0.383569 -0.979703 0.0240849 0.199004 -0.489706 -0.046374 -0.993056 -0.108113 0.441716 
1535123090981 0.247171 0.92485 -0.289065 -0.631436 -0.940324 0.300945 0.158816 -0.241544 0.233874 0.23256 0.944044 0.375666 0.197077 -0.116017 0.973499 0.38362 -0.979544 0.0178956 0.200433 -0.489887 -0.040675 -0.993086 -0.110117 0.442045 
1535123091154 0.246571 0.924625 -0.290294 -0.631306 -0.940321 0.300744 0.159216 -0.241616 0.234519 0.233711 0.943599 0.375878 0.199139 -0.116873 0.972977 0.383671 -0.979347 0.0117043 0.201849 -0.490068 -0.0349787 -0.993078 -0.112129 0.442374 
1535123091165 0.24597 0.924399 -0.291521 -0.631177 -0.940317 0.300543 0.159617 -0.241688 0.235164 0.234861 0.943153 0.376091 0.201205 -0.117716 0.97245 0.383722 -0.979111 0.00551148 0.203251 -0.490247 -0.0292856 -0.993032 -0.114148 0.442703 
1535123091181 0.245369 0.924171 -0.292749 -0.631047 -0.940313 0.300343 0.160017 -0.24176 0.235808 0.236012 0.942705 0.376303 0.203277 -0.118546 0.971918 0.383774 -0.978837 -0.000682933 0.20464 -0.490429 -0.0235955 -0.992948 -0.116176 0.443032 
1535123091460 0.244767 0.923942 -0.293974 -0.630918 -0.940308 0.300143 0.160418 -0.241832 0.236452 0.237161 0.942255 0.376515 0.205351 -0.119362 0.971382 0.383825 -0.978524 -0.00687831 0.206016 -0.490609 -0.0179091 -0.992827 -0.118211 0.443361 
1535123091648 0.244164 0.92371 -0.2952 -0.630787 -0.940303 0.299945 0.160819 -0.241903 0.237094 0.238312 0.941804 0.376728 0.207431 -0.120165 0.970841 0.383877 -0.978173 -0.0130748 0.207379 -0.49079 -0.0122262 -0.992668 -0.120255 0.44369 
1535123091766 0.24356 0.923478 -0.296425 -0.630658 -0.940298 0.299746 0.161221 -0.241975 0.237736 0.239461 0.94135 0.37694 0.209514 -0.120955 0.970296 0.383928 -0.977784 -0.0192717 0.208728 -0.490971 -0.00654739 -0.992471 -0.122305 0.444019 
1535123092326 0.243875 0.923607 -0.295763 -0.630739 -0.940292 0.299855 0.161054 -0.241946 0.237436 0.238826 0.941587 0.376839 0.209146 -0.120793 0.970395 0.38387 -0.977855 -0.0181177 0.208499 -0.490886 -0.00760388 -0.992512 -0.121907 0.44379 
1535123092338 0.243445 0.923789 -0.295546 -0.631015 -0.940453 0.299358 0.161039 -0.242118 0.23724 0.238743 0.941658 0.376735 0.209143 -0.12282 0.970141 0.383871 -0.97784 -0.0167666 0.20868 -0.4909 -0.00936412 -0.992287 -0.123605 0.444019 
1535123092345 0.243018 0.923988 -0.295277 -0.631295 -0.94062 0.298847 0.161014 -0.242284 0.237017 0.238614 0.941746 0.376627 0.209137 -0.124847 0.969884 0.383873 -0.977823 -0.0154163 0.208865 -0.490913 -0.0111241 -0.992056 -0.125302 0.444248 
1535123092580 0.24259 0.924186 -0.295007 -0.631575 -0.940786 0.298336 0.160988 -0.242449 0.236794 0.238484 0.941835 0.376518 0.209127 -0.126874 0.969623 0.383874 -0.977804 -0.014066 0.209051 -0.490927 -0.0128843 -0.991819 -0.126999 0.444477 
1535123092640 0.242163 0.924385 -0.294738 -0.631855 -0.940952 0.297825 0.160962 -0.242615 0.236571 0.238355 0.941924 0.37641 0.209113 -0.1289 0.969359 0.383875 -0.977782 -0.0127164 0.209239 -0.49094 -0.0146443 -0.991576 -0.128695 0.444706 
1535123092764 0.241735 0.924582 -0.294468 -0.632136 -0.941118 0.297314 0.160936 -0.242782 0.236349 0.238225 0.942013 0.376301 0.209096 -0.130926 0.969091 0.383876 -0.977758 -0.0113669 0.20943 -0.490953 -0.0164043 -0.991327 -0.130391 0.444935 
1535123092934 0.241307 0.92478 -0.294198 -0.632417 -0.941284 0.296803 0.16091 -0.242948 0.236126 0.238096 0.942101 0.376192 0.209075 -0.132951 0.96882 0.383877 -0.977731 -0.0100178 0.209623 -0.490966 -0.0181642 -0.991072 -0.132085 0.445164 
1535123093009 0.240879 0.924977 -0.293929 -0.632697 -0.941449 0.296292 0.160884 -0.243113 0.235903 0.237966 0.94219 0.376084 0.20905 -0.134976 0.968545 0.383879 -0.977702 -0.00866922 0.209819 -0.490979 -0.019924 -0.990811 -0.133779 0.445393 
1535123093016 0.240451 0.925174 -0.293659 -0.632978 -0.941615 0.295781 0.160858 -0.24328 0.235681 0.237836 0.942279 0.375975 0.209022 -0.137 0.968267 0.38388 -0.97767 -0.00732104 0.210017 -0.490992 -0.0216836 -0.990544 -0.135472 0.445622 
1535123093240 0.240022 0.925371 -0.29339 -0.633258 -0.94178 0.29527 0.160831 -0.243446 0.235458 0.237706 0.942367 0.375867 0.20899 -0.139024 0.967985 0.383881 -0.977637 -0.00597306 0.210216 -0.491006 -0.0234433 -0.990271 -0.137164 0.445851 
1535123093615 0.240295 0.92528 -0.293453 -0.633078 -0.94167 0.295581 0.160902 -0.243345 0.235619 0.237672 0.942335 0.376044 0.209176 -0.137961 0.968097 0.383923 -0.977614 -0.00650229 0.210306 -0.490907 -0.0227191 -0.990416 -0.136232 0.445748 
1535123093627 0.240136 0.925346 -0.293377 -0.633195 -0.941743 0.295384 0.160837 -0.243474 0.235489 0.237663 0.94237 0.375946 0.204449 -0.13658 0.969302 0.383813 -0.9784 0.00239659 0.206706 -0.490468 -0.0305551 -0.990626 -0.13314 0.445115 
1535123093633 0.239976 0.925411 -0.293301 -0.633312 -0.941816 0.295185 0.160772 -0.243604 0.235358 0.237654 0.942405 0.375848 0.199728 -0.135156 0.970485 0.383701 -0.979098 0.0112899 0.203073 -0.49002 -0.0384033 -0.99076 -0.130076 0.444482 
1535123093648 0.239816 0.925477 -0.293224 -0.633429 -0.94189 0.294986 0.160707 -0.243733 0.235228 0.237645 0.94244 0.37575 0.195016 -0.133689 0.971646 0.383589 -0.979708 0.0201767 0.19941 -0.489575 -0.0462634 -0.990818 -0.127041 0.443849 
1535123093819 0.239656 0.925543 -0.293148 -0.633547 -0.941963 0.294788 0.160642 -0.243863 0.235097 0.237636 0.942475 0.375651 0.190311 -0.132178 0.972785 0.383477 -0.98023 0.0290564 0.195716 -0.489128 -0.0541349 -0.9908 -0.124035 0.443216 
1535123093877 0.239496 0.925608 -0.293072 -0.633664 -0.942036 0.294589 0.160576 -0.243992 0.234967 0.237627 0.942509 0.375553 0.185616 -0.130623 0.973902 0.383366 -0.980663 0.0379281 0.191992 -0.488684 -0.0620168 -0.990706 -0.121057 0.442582 
1535123094031 0.239336 0.925674 -0.292996 -0.633782 -0.942109 0.294391 0.160511 -0.244122 0.234836 0.237618 0.942544 0.375455 0.180929 -0.129026 0.974996 0.383253 -0.981008 0.0467912 0.188237 -0.488237 -0.0699088 -0.990537 -0.11811 0.441949 
1535123094071 0.239176 0.925739 -0.292919 -0.633899 -0.942183 0.294192 0.160446 -0.244251 0.234706 0.237608 0.942579 0.375357 0.176252 -0.127386 0.976068 0.383141 -0.981265 0.0556447 0.184453 -0.48779 -0.0778098 -0.990291 -0.115192 0.441316 
1535123094204 0.239016 0.925805 -0.292843 -0.634016 -0.942256 0.293993 0.160381 -0.244381 0.234576 0.237599 0.942614 0.375259 0.171586 -0.125703 0.977117 0.38303 -0.981433 0.0644876 0.18064 -0.487345 -0.085719 -0.98997 -0.112304 0.440683 
1535123094262 0.238856 0.92587 -0.292767 -0.634134 -0.942329 0.293795 0.160316 -0.24451 0.234445 0.23759 0.942649 0.37516 0.166929 -0.123978 0.978143 0.382918 -0.981513 0.0733194 0.176797 -0.486898 -0.0936359 -0.989572 -0.109447 0.440049 
1535123095305 0.239158 0.925758 -0.292875 -0.633959 -0.942205 0.29415 0.160395 -0.24438 0.234636 0.237589 0.942602 0.3753 0.167715 -0.123837 0.978027 0.383038 -0.981453 0.0724702 0.177479 -0.486927 -0.0928562 -0.989653 -0.109386 0.440515 
1535123095318 0.239424 0.925792 -0.29255 -0.634023 -0.942111 0.294374 0.160535 -0.24444 0.234741 0.237179 0.942679 0.375204 0.169827 -0.127015 0.977254 0.383125 -0.981473 0.0674698 0.179329 -0.487216 -0.0887125 -0.989604 -0.113203 0.441182 
1535123095436 0.23969 0.925826 -0.292225 -0.634087 -0.942017 0.294596 0.160675 -0.244501 0.234845 0.236769 0.942756 0.375109 0.171954 -0.13018 0.976466 0.383212 -0.981468 0.0624611 0.181162 -0.48751 -0.0845747 -0.989521 -0.117027 0.441849 
1535123095456 0.239955 0.92586 -0.291899 -0.634151 -0.941924 0.294819 0.160815 -0.244562 0.23495 0.236358 0.942833 0.375013 0.174093 -0.133332 0.975661 0.3833 -0.981438 0.0574453 0.182974 -0.487805 -0.0804435 -0.989405 -0.120856 0.442516 
1535123095637 0.240221 0.925893 -0.291574 -0.634216 -0.94183 0.295042 0.160955 -0.244623 0.235054 0.235948 0.942909 0.374917 0.176245 -0.136472 0.97484 0.383388 -0.981383 0.0524224 0.184767 -0.4881 -0.0763189 -0.989256 -0.124692 0.443183 
1535123095646 0.240486 0.925927 -0.291248 -0.63428 -0.941736 0.295265 0.161096 -0.244684 0.235158 0.235538 0.942986 0.374822 0.178409 -0.139599 0.974003 0.383475 -0.981304 0.0473926 0.186539 -0.488395 -0.0722013 -0.989073 -0.128534 0.44385 
1535123095652 0.240752 0.92596 -0.290923 -0.634345 -0.941642 0.295487 0.161236 -0.244744 0.235262 0.235127 0.943062 0.374726 0.180586 -0.142714 0.97315 0.383563 -0.981199 0.0423563 0.188291 -0.488689 -0.0680907 -0.988857 -0.132382 0.444517 
1535123095838 0.241017 0.925993 -0.290597 -0.634409 -0.941548 0.295709 0.161377 -0.244805 0.235366 0.234717 0.943139 0.37463 0.182774 -0.145815 0.972282 0.38365 -0.98107 0.0373135 0.190022 -0.488983 -0.0639873 -0.988608 -0.136235 0.445184 
1535123095887 0.241283 0.926026 -0.290272 -0.634474 -0.941454 0.295932 0.161518 -0.244866 0.23547 0.234306 0.943215 0.374535 0.184976 -0.148903 0.971397 0.383738 -0.980916 0.0322642 0.191734 -0.489279 -0.0598912 -0.988325 -0.140093 0.445851 
1535123095989 0.241548 0.926059 -0.289947 -0.634538 -0.94136 0.296154 0.161658 -0.244927 0.235574 0.233896 0.943291 0.374439 0.187188 -0.151978 0.970496 0.383826 -0.980738 0.0272091 0.193424 -0.489573 -0.0558026 -0.988009 -0.143958 0.446518 
1535123096294 0.241182 0.926017 -0.290386 -0.634391 -0.94151 0.295827 0.161389 -0.244895 0.235353 0.234477 0.943202 0.374628 0.180051 -0.142424 0.973292 0.383445 -0.981225 0.0435289 0.187888 -0.488625 -0.0691261 -0.988848 -0.131913 0.444177 
1535123096301 0.241769 0.925966 -0.290061 -0.63425 -0.941373 0.296316 0.161288 -0.244819 0.235297 0.234061 0.943319 0.374632 0.178695 -0.140937 0.973758 0.383423 -0.981293 0.0465239 0.186812 -0.488612 -0.0716317 -0.988925 -0.129987 0.443738 
1535123096307 0.242356 0.925914 -0.289736 -0.634107 -0.941236 0.296805 0.161188 -0.244743 0.235242 0.233646 0.943436 0.374637 0.177341 -0.139446 0.97422 0.383399 -0.981353 0.049518 0.185727 -0.488595 -0.0741403 -0.988991 -0.128064 0.443299 
1535123096427 0.242942 0.925862 -0.289411 -0.633964 -0.941099 0.297294 0.161088 -0.244666 0.235186 0.23323 0.943553 0.374641 0.175991 -0.13795 0.974678 0.383376 -0.981403 0.05251 0.184637 -0.488577 -0.076651 -0.989046 -0.126143 0.44286 
1535123096628 0.243529 0.925809 -0.289086 -0.63382 -0.940961 0.297784 0.160989 -0.244589 0.23513 0.232814 0.943669 0.374646 0.174644 -0.136449 0.975131 0.383353 -0.981444 0.0554999 0.18354 -0.488559 -0.0791637 -0.989091 -0.124225 0.442421 
1535123096675 0.244115 0.925756 -0.288761 -0.633678 -0.940823 0.298273 0.160889 -0.244513 0.235074 0.232397 0.943786 0.37465 0.173301 -0.134944 0.97558 0.383329 -0.981476 0.0584876 0.182438 -0.488543 -0.0816784 -0.989125 -0.122309 0.441982 
1535123096853 0.244702 0.925703 -0.288436 -0.633534 -0.940685 0.298762 0.16079 -0.244436 0.235017 0.231981 0.943902 0.374655 0.171961 -0.133435 0.976025 0.383306 -0.981499 0.0614734 0.181329 -0.488524 -0.0841952 -0.989149 -0.120395 0.441543 
1535123096929 0.245288 0.925649 -0.288111 -0.633391 -0.940546 0.299251 0.160691 -0.244359 0.234961 0.231566 0.944018 0.374659 0.170624 -0.131921 0.976465 0.383282 -0.981513 0.064457 0.180214 -0.488506 -0.0867141 -0.989162 -0.118484 0.441104 
1535123096956 0.245874 0.925595 -0.287785 -0.633248 -0.940407 0.29974 0.160592 -0.244282 0.234904 0.23115 0.944135 0.374664 0.169292 -0.130403 0.976901 0.383259 -0.981518 0.0674381 0.179094 -0.488489 -0.0892347 -0.989165 -0.116576 0.440665 
1535123097055 0.24646 0.92554 -0.287459 -0.633105 -0.940268 0.300229 0.160493 -0.244206 0.234847 0.230734 0.944251 0.374668 0.167963 -0.12888 0.977332 0.383236 -0.981514 0.070417 0.177967 -0.488472 -0.0917573 -0.989157 -0.11467 0.440226 
1535123097424 0.245896 0.925561 -0.287875 -0.633298 -0.940411 0.299767 0.160521 -0.244376 0.234867 0.231249 0.944119 0.374714 0.169769 -0.130752 0.976771 0.383276 -0.981513 0.0664482 0.179488 -0.488547 -0.0883731 -0.989186 -0.117054 0.440973 
1535123097567 0.246047 0.925483 -0.287998 -0.632937 -0.940354 0.29995 0.160513 -0.244243 0.234937 0.231326 0.944083 0.374877 0.172175 -0.131443 0.976257 0.38336 -0.98152 0.06113 0.181333 -0.488883 -0.0835136 -0.989437 -0.118489 0.441236 
1535123097631 0.2462 0.925403 -0.288124 -0.632573 -0.940296 0.300135 0.160504 -0.244108 0.235007 0.231406 0.944046 0.37504 0.174585 -0.13212 0.975738 0.383445 -0.981496 0.0558073 0.183172 -0.489225 -0.078654 -0.989661 -0.119932 0.441499 
1535123097752 0.246352 0.925323 -0.288249 -0.63221 -0.940239 0.300319 0.160496 -0.243974 0.235077 0.231484 0.944009 0.375203 0.176997 -0.132784 0.975213 0.38353 -0.981441 0.0504819 0.185001 -0.489568 -0.0737959 -0.989859 -0.121385 0.441762 
1535123098009 0.246504 0.925244 -0.288374 -0.631846 -0.940182 0.300504 0.160487 -0.24384 0.235147 0.231563 0.943973 0.375367 0.179412 -0.133435 0.974683 0.383615 -0.981355 0.0451539 0.186822 -0.489911 -0.0689394 -0.990028 -0.122846 0.442025 
1535123098135 0.246656 0.925164 -0.288499 -0.631482 -0.940124 0.300688 0.160479 -0.243705 0.235217 0.231641 0.943936 0.37553 0.18183 -0.134073 0.974147 0.3837 -0.981239 0.0398234 0.188635 -0.490254 -0.0640846 -0.990171 -0.124316 0.442288 
1535123098238 0.246809 0.925084 -0.288625 -0.631119 -0.940067 0.300872 0.16047 -0.243571 0.235288 0.231721 0.943899 0.375693 0.18425 -0.134697 0.973606 0.383784 -0.981093 0.0344909 0.190438 -0.490596 -0.059232 -0.990286 -0.125795 0.442551 
1535123098533 0.246961 0.925005 -0.288749 -0.630754 -0.940009 0.301056 0.160462 -0.243436 0.235358 0.231799 0.943862 0.375857 0.186672 -0.135308 0.97306 0.38387 -0.980916 0.0291561 0.192233 -0.490939 -0.0543813 -0.990375 -0.127283 0.442814 
1535123098703 0.247113 0.924925 -0.288875 -0.630391 -0.939951 0.301241 0.160453 -0.243302 0.235428 0.231878 0.943825 0.37602 0.189096 -0.135906 0.972508 0.383955 -0.980709 0.0238196 0.194019 -0.491281 -0.049533 -0.990435 -0.12878 0.443077 
1535123098718 0.247265 0.924845 -0.289 -0.630027 -0.939894 0.301425 0.160445 -0.243167 0.235498 0.231956 0.943789 0.376183 0.191522 -0.13649 0.971952 0.38404 -0.98047 0.0184811 0.195796 -0.491625 -0.044687 -0.990469 -0.130285 0.44334 
1535123099367 0.246821 0.925029 -0.288791 -0.630276 -0.939987 0.300988 0.160717 -0.243067 0.23559 0.231792 0.943806 0.376098 0.190983 -0.136476 0.97206 0.384011 -0.980553 0.0190669 0.195328 -0.491526 -0.0451919 -0.99046 -0.130181 0.443158 
1535123099380 0.246943 0.925033 -0.288673 -0.629803 -0.939933 0.301105 0.160813 -0.242881 0.235679 0.231622 0.943826 0.376225 0.189344 -0.136007 0.972446 0.384016 -0.980699 0.0229936 0.194167 -0.49146 -0.048768 -0.990441 -0.129028 0.442819 
1535123099494 0.247066 0.925037 -0.288556 -0.629324 -0.939879 0.301224 0.16091 -0.242692 0.235767 0.231453 0.943845 0.376353 0.187704 -0.135531 0.97283 0.38402 -0.98083 0.0269197 0.192998 -0.491385 -0.0523455 -0.990407 -0.12788 0.44248 
1535123099664 0.247188 0.925041 -0.288439 -0.628846 -0.939824 0.301342 0.161006 -0.242504 0.235856 0.231283 0.943864 0.376481 0.186066 -0.135049 0.973212 0.384024 -0.980944 0.0308446 0.191824 -0.491312 -0.055924 -0.990359 -0.126737 0.44214 
1535123099793 0.24731 0.925045 -0.288321 -0.628367 -0.93977 0.30146 0.161103 -0.242315 0.235945 0.231113 0.943884 0.376609 0.184429 -0.13456 0.973591 0.384028 -0.981043 0.0347685 0.190646 -0.491239 -0.0595037 -0.990295 -0.125597 0.441801 
1535123100036 0.247433 0.925049 -0.288204 -0.62789 -0.939716 0.301578 0.161199 -0.242127 0.236033 0.230944 0.943903 0.376736 0.182794 -0.134065 0.973968 0.384032 -0.981125 0.0386912 0.189463 -0.491168 -0.0630843 -0.990217 -0.124462 0.441462 
1535123100069 0.247555 0.925053 -0.288087 -0.627411 -0.939661 0.301697 0.161296 -0.241938 0.236122 0.230774 0.943923 0.376864 0.18116 -0.133563 0.974342 0.384036 -0.981192 0.0426129 0.188275 -0.491094 -0.0666661 -0.990124 -0.123331 0.441123 
1535123100335 0.247678 0.925056 -0.287969 -0.626934 -0.939607 0.301815 0.161392 -0.24175 0.23621 0.230604 0.943942 0.376992 0.179528 -0.133054 0.974713 0.38404 -0.981242 0.0465332 0.187082 -0.491022 -0.0702486 -0.990016 -0.122204 0.440783 
1535123100343 0.2478 0.92506 -0.287852 -0.626454 -0.939552 0.301933 0.161488 -0.24156 0.236299 0.230435 0.943961 0.37712 0.177896 -0.132539 0.975083 0.384043 -0.981276 0.0504525 0.185884 -0.490948 -0.0738322 -0.989893 -0.121082 0.440444 
1535123100397 0.247923 0.925064 -0.287735 -0.625977 -0.939497 0.302051 0.161585 -0.241372 0.236387 0.230265 0.94398 0.377248 0.176267 -0.132017 0.975449 0.384047 -0.981293 0.0543701 0.184681 -0.490875 -0.0774165 -0.989755 -0.119964 0.440105 
1535123100914 0.247574 0.925156 -0.287738 -0.62627 -0.939638 0.301671 0.161476 -0.241297 0.236193 0.230393 0.943998 0.377144 0.176751 -0.132178 0.97534 0.384079 -0.981275 0.0533951 0.185063 -0.490975 -0.0765397 -0.989787 -0.120266 0.440349 
1535123100928 0.247581 0.92515 -0.287752 -0.625867 -0.939573 0.301742 0.161724 -0.241141 0.236446 0.230324 0.943951 0.377264 0.176655 -0.131996 0.975382 0.384125 -0.981275 0.0536665 0.184984 -0.491022 -0.0767626 -0.989796 -0.120044 0.440236 
1535123100933 0.247588 0.925143 -0.287767 -0.625461 -0.939507 0.301814 0.161972 -0.240983 0.2367 0.230256 0.943904 0.377385 0.176559 -0.131813 0.975424 0.384171 -0.981275 0.0539376 0.184907 -0.491069 -0.0769852 -0.989806 -0.119822 0.440122 
1535123100938 0.247596 0.925137 -0.287781 -0.625054 -0.939441 0.301886 0.16222 -0.240825 0.236953 0.230188 0.943857 0.377506 0.176464 -0.13163 0.975466 0.384217 -0.981274 0.0542089 0.18483 -0.491115 -0.077208 -0.989816 -0.119599 0.440009 
1535123100945 0.247603 0.925131 -0.287795 -0.624647 -0.939375 0.301957 0.162468 -0.240667 0.237206 0.23012 0.94381 0.377627 0.176368 -0.131447 0.975508 0.384263 -0.981274 0.0544801 0.184752 -0.491162 -0.0774308 -0.989825 -0.119377 0.439895 
1535123100965 0.247611 0.925124 -0.28781 -0.624239 -0.939309 0.302029 0.162716 -0.240509 0.23746 0.230052 0.943763 0.377748 0.176273 -0.131263 0.97555 0.384308 -0.981274 0.0547513 0.184674 -0.491209 -0.0776536 -0.989834 -0.119154 0.439782 
1535123100974 0.247618 0.925118 -0.287824 -0.623833 -0.939243 0.302101 0.162964 -0.240351 0.237713 0.229984 0.943716 0.377868 0.176178 -0.13108 0.975592 0.384354 -0.981273 0.0550225 0.184596 -0.491256 -0.0778765 -0.989844 -0.118932 0.439669 
1535123101135 0.247626 0.925111 -0.287838 -0.623425 -0.939177 0.302172 0.163212 -0.240192 0.237966 0.229916 0.943669 0.377989 0.176082 -0.130897 0.975634 0.3844 -0.981272 0.0552937 0.184519 -0.491302 -0.0780993 -0.989853 -0.118709 0.439555 
1535123101152 0.247633 0.925105 -0.287853 -0.623019 -0.939111 0.302244 0.16346 -0.240035 0.238219 0.229848 0.943622 0.37811 0.175987 -0.130714 0.975675 0.384446 -0.981272 0.0555649 0.18444 -0.491349 -0.0783222 -0.989862 -0.118487 0.439442 
1535123101172 0.24764 0.925098 -0.287867 -0.622613 -0.939045 0.302316 0.163708 -0.239877 0.238473 0.229779 0.943574 0.378231 0.175891 -0.13053 0.975717 0.384492 -0.981271 0.0558361 0.184362 -0.491396 -0.0785451 -0.989871 -0.118265 0.439328 
1535123101208 0.247386 0.925216 -0.287707 -0.625724 -0.939596 0.301575 0.1619 -0.240991 0.236558 0.230277 0.943935 0.377382 0.176229 -0.131196 0.975567 0.384334 -0.981288 0.054691 0.184617 -0.491194 -0.0775757 -0.989847 -0.119103 0.439751 
1535123101218 0.247376 0.925161 -0.287893 -0.625208 -0.939493 0.301702 0.162264 -0.240784 0.236978 0.230333 0.943816 0.377553 0.179069 -0.13335 0.974757 0.38449 -0.981249 0.0475996 0.186773 -0.491591 -0.0713043 -0.989925 -0.122326 0.440265 
1535123101397 0.247387 0.925097 -0.288088 -0.624705 -0.939386 0.301847 0.162611 -0.240588 0.237389 0.230398 0.943696 0.377714 0.181923 -0.135484 0.973934 0.384648 -0.98116 0.0405 0.188907 -0.491992 -0.0650381 -0.989951 -0.125563 0.440779 
1535123101403 0.247397 0.925034 -0.288283 -0.624202 -0.939279 0.301992 0.162958 -0.240392 0.237801 0.230463 0.943577 0.377875 0.18479 -0.137595 0.973098 0.384805 -0.981019 0.0333941 0.191016 -0.492394 -0.0587786 -0.989925 -0.128813 0.441293 
1535123101569 0.247408 0.92497 -0.288479 -0.623698 -0.939172 0.302138 0.163306 -0.240195 0.238213 0.230528 0.943457 0.378036 0.187669 -0.139685 0.972249 0.384963 -0.980827 0.026282 0.1931 -0.492796 -0.0525259 -0.989847 -0.132075 0.441808 
1535123101688 0.247418 0.924906 -0.288675 -0.623196 -0.939065 0.302284 0.163652 -0.239999 0.238625 0.230594 0.943337 0.378196 0.190559 -0.141753 0.971387 0.38512 -0.980584 0.0191644 0.19516 -0.493197 -0.0462806 -0.989717 -0.135349 0.442322 
1535123102005 0.247428 0.924842 -0.28887 -0.622692 -0.938957 0.302429 0.164 -0.239803 0.239037 0.230658 0.943217 0.378358 0.193462 -0.143799 0.970512 0.385278 -0.98029 0.0120414 0.197195 -0.4936 -0.0400428 -0.989534 -0.138635 0.442836 
1535123102161 0.247439 0.924778 -0.289066 -0.622189 -0.93885 0.302575 0.164347 -0.239607 0.239448 0.230724 0.943097 0.378518 0.196376 -0.145823 0.969625 0.385436 -0.979946 0.0049138 0.199205 -0.494001 -0.0338131 -0.989299 -0.141933 0.443351 
1535123102216 0.247449 0.924715 -0.289261 -0.621685 -0.938742 0.30272 0.164694 -0.23941 0.23986 0.230788 0.942976 0.37868 0.199302 -0.147824 0.968724 0.385594 -0.97955 -0.0022184 0.20119 -0.494405 -0.0275918 -0.989011 -0.145243 0.443865 
1535123102223 0.247458 0.924651 -0.289456 -0.621182 -0.938634 0.302866 0.165041 -0.239214 0.240272 0.230853 0.942856 0.378841 0.202238 -0.149803 0.967811 0.385751 -0.979103 -0.00935436 0.20315 -0.494806 -0.0213793 -0.988672 -0.148565 0.444379 
1535123102778 0.247057 0.924894 -0.289023 -0.621406 -0.938829 0.30232 0.164935 -0.239195 0.239925 0.230595 0.943007 0.378794 0.195954 -0.145683 0.969731 0.385314 -0.979995 0.00601083 0.198931 -0.493897 -0.0348098 -0.989313 -0.141591 0.443078 
1535123102932 0.2471 0.924754 -0.289434 -0.62099 -0.938654 0.302591 0.16543 -0.239079 0.240562 0.230801 0.942794 0.378925 0.197644 -0.143582 0.969701 0.385316 -0.979814 0.0013452 0.199905 -0.494096 -0.0300071 -0.989638 -0.140418 0.442984 
1535123103150 0.247144 0.924613 -0.289846 -0.620571 -0.938479 0.302863 0.165923 -0.238961 0.241198 0.231007 0.942581 0.379057 0.199326 -0.141471 0.969668 0.38532 -0.979609 -0.00331818 0.200885 -0.494301 -0.0252019 -0.989937 -0.139248 0.44289 
1535123103155 0.247187 0.924472 -0.290257 -0.620152 -0.938304 0.303136 0.166416 -0.238844 0.241834 0.231213 0.942367 0.379188 0.200996 -0.139352 0.96963 0.385324 -0.97938 -0.00797931 0.201871 -0.494506 -0.0203941 -0.990211 -0.138083 0.442797 
1535123103237 0.247231 0.924331 -0.290669 -0.619733 -0.938128 0.303408 0.166909 -0.238726 0.24247 0.231419 0.942154 0.37932 0.202656 -0.137225 0.969587 0.385327 -0.979126 -0.0126382 0.202861 -0.494712 -0.0155838 -0.990459 -0.136922 0.442703 
1535123103442 0.247274 0.92419 -0.29108 -0.619313 -0.937952 0.303681 0.167401 -0.238609 0.243106 0.231625 0.941939 0.379452 0.204306 -0.13509 0.969541 0.385331 -0.978848 -0.0172946 0.203857 -0.494917 -0.0107712 -0.990682 -0.135765 0.44261 
1535123103736 0.247317 0.924049 -0.291491 -0.618895 -0.937776 0.303953 0.167894 -0.238491 0.243742 0.23183 0.941724 0.379583 0.205944 -0.132946 0.969491 0.385335 -0.978546 -0.0219482 0.204858 -0.495122 -0.00595642 -0.99088 -0.134614 0.442516 
1535123103752 0.24736 0.923908 -0.291903 -0.618475 -0.937599 0.304226 0.168386 -0.238373 0.244378 0.232036 0.941509 0.379715 0.207572 -0.130794 0.969436 0.385339 -0.978219 -0.0265993 0.205864 -0.495328 -0.00113945 -0.991053 -0.133467 0.442423 
1535123104037 0.247402 0.923767 -0.292314 -0.618056 -0.937422 0.304499 0.168878 -0.238256 0.245013 0.232241 0.941293 0.379847 0.209189 -0.128634 0.969378 0.385342 -0.977868 -0.0312474 0.206875 -0.495532 0.00367935 -0.9912 -0.132324 0.442329 
1535123104223 0.247444 0.923625 -0.292725 -0.617636 -0.937245 0.304771 0.169371 -0.238138 0.245649 0.232445 0.941077 0.379979 0.210795 -0.126467 0.969315 0.385346 -0.977493 -0.0358927 0.207891 -0.495739 0.00850008 -0.991321 -0.131186 0.442236 
1535123104791 0.247309 0.923716 -0.292554 -0.617881 -0.93736 0.304537 0.169157 -0.238147 0.245346 0.232394 0.941169 0.379866 0.210409 -0.126979 0.969332 0.385357 -0.97758 -0.0355222 0.207546 -0.495672 0.00807885 -0.991269 -0.131606 0.442246 
1535123104804 0.247396 0.923636 -0.292731 -0.617682 -0.937345 0.304644 0.169048 -0.23806 0.245317 0.232568 0.941133 0.379931 0.211012 -0.128217 0.969038 0.385398 -0.97744 -0.0370215 0.207943 -0.495781 0.00921338 -0.991055 -0.133137 0.442499 
1535123104820 0.247483 0.923556 -0.29291 -0.617478 -0.937329 0.304753 0.168937 -0.237971 0.245288 0.232744 0.941097 0.379997 0.211632 -0.12945 0.968739 0.385442 -0.977295 -0.0385352 0.208351 -0.495895 0.0103595 -0.990837 -0.134666 0.442752 
1535123104829 0.247571 0.923476 -0.293089 -0.617274 -0.937314 0.304862 0.168827 -0.237882 0.245259 0.23292 0.941061 0.380063 0.212253 -0.130681 0.968438 0.385485 -0.977147 -0.0400493 0.208757 -0.496009 0.0115046 -0.990615 -0.136195 0.443005 
1535123104981 0.247658 0.923395 -0.293268 -0.61707 -0.937298 0.304971 0.168716 -0.237793 0.24523 0.233096 0.941025 0.380129 0.212875 -0.131911 0.968134 0.385529 -0.976998 -0.0415639 0.209161 -0.496124 0.0126488 -0.99039 -0.137724 0.443258 
1535123104988 0.247746 0.923315 -0.293448 -0.616865 -0.937282 0.30508 0.168606 -0.237703 0.245201 0.233272 0.940989 0.380196 0.213499 -0.13314 0.967828 0.385573 -0.976846 -0.0430789 0.209562 -0.496239 0.013792 -0.990161 -0.139254 0.443512 
1535123105039 0.247833 0.923235 -0.293626 -0.616662 -0.937267 0.305189 0.168495 -0.237614 0.245172 0.233447 0.940953 0.380262 0.214124 -0.134367 0.967521 0.385616 -0.976692 -0.0445943 0.209961 -0.496353 0.0149341 -0.989928 -0.140784 0.443765 
1535123105298 0.247921 0.923154 -0.293805 -0.616457 -0.937251 0.305297 0.168385 -0.237525 0.245143 0.233623 0.940917 0.380328 0.214751 -0.135593 0.967211 0.38566 -0.976537 -0.0461102 0.210357 -0.496468 0.0160752 -0.989691 -0.142314 0.444018 
1535123105348 0.248008 0.923074 -0.293984 -0.616253 -0.937236 0.305406 0.168274 -0.237436 0.245114 0.233799 0.940881 0.380394 0.215379 -0.136818 0.966898 0.385703 -0.976379 -0.0476265 0.210751 -0.496582 0.0172153 -0.989451 -0.143844 0.444271 
1535123105454 0.248096 0.922993 -0.294163 -0.616048 -0.93722 0.305515 0.168164 -0.237346 0.245085 0.233975 0.940845 0.38046 0.216008 -0.138042 0.966584 0.385747 -0.976219 -0.0491433 0.211143 -0.496698 0.0183544 -0.989206 -0.145375 0.444524 
1535123105682 0.247894 0.923057 -0.294132 -0.616285 -0.937253 0.305337 0.168304 -0.237357 0.245163 0.233955 0.940829 0.380346 0.215018 -0.136125 0.967077 0.38569 -0.97647 -0.0467558 0.210525 -0.49648 0.0165588 -0.989588 -0.142975 0.444094 
1535123105695 0.24796 0.92303 -0.294163 -0.616098 -0.937193 0.305445 0.168439 -0.237291 0.245325 0.233922 0.940795 0.380407 0.215623 -0.136516 0.966887 0.385712 -0.976302 -0.0488657 0.210823 -0.496611 0.0184669 -0.989432 -0.143817 0.444256 
1535123105712 0.248025 0.923002 -0.294196 -0.615908 -0.937134 0.305554 0.168574 -0.237224 0.245487 0.233891 0.940761 0.380468 0.216233 -0.136906 0.966696 0.385735 -0.976129 -0.0509766 0.211123 -0.496749 0.0203749 -0.989272 -0.14466 0.444419 
1535123105737 0.24809 0.922974 -0.294229 -0.615717 -0.937074 0.305662 0.168709 -0.237156 0.245649 0.233859 0.940727 0.38053 0.216843 -0.137294 0.966504 0.385759 -0.975952 -0.0530875 0.211422 -0.496888 0.0222824 -0.989107 -0.145504 0.444582 
1535123105841 0.248156 0.922946 -0.294261 -0.615526 -0.937014 0.305771 0.168844 -0.237089 0.245811 0.233827 0.940692 0.380592 0.217454 -0.137681 0.966311 0.385783 -0.975771 -0.0551982 0.211718 -0.497026 0.0241891 -0.988937 -0.146348 0.444745 
1535123105847 0.248222 0.922917 -0.294295 -0.615337 -0.936954 0.30588 0.168979 -0.237022 0.245972 0.233797 0.940658 0.380653 0.218065 -0.138066 0.966119 0.385806 -0.975585 -0.0573086 0.212012 -0.497163 0.0260952 -0.988764 -0.147192 0.444908 
1535123105931 0.248287 0.92289 -0.294327 -0.615146 -0.936895 0.305988 0.169114 -0.236954 0.246134 0.233765 0.940623 0.380715 0.218678 -0.13845 0.965925 0.38583 -0.975395 -0.0594191 0.212305 -0.497302 0.0280007 -0.988585 -0.148037 0.445071 
1535123106156 0.248352 0.922861 -0.29436 -0.614956 -0.936835 0.306097 0.169249 -0.236887 0.246296 0.233734 0.940589 0.380777 0.21929 -0.138833 0.965731 0.385854 -0.975201 -0.0615293 0.212595 -0.497439 0.0299055 -0.988403 -0.148883 0.445234 
1535123106219 0.248418 0.922833 -0.294393 -0.614765 -0.936775 0.306206 0.169384 -0.236819 0.246458 0.233702 0.940554 0.380838 0.219904 -0.139214 0.965537 0.385878 -0.975003 -0.0636395 0.212884 -0.497578 0.0318098 -0.988215 -0.149729 0.445397 
1535123106240 0.248483 0.922805 -0.294426 -0.614575 -0.936715 0.306315 0.169518 -0.236752 0.246619 0.233671 0.940519 0.3809 0.220518 -0.139594 0.965342 0.385901 -0.9748 -0.0657495 0.213171 -0.497715 0.0337132 -0.988023 -0.150576 0.44556 
1535123106626 0.248093 0.922957 -0.294279 -0.614844 -0.936874 0.305863 0.169454 -0.236709 0.246408 0.233662 0.940577 0.380851 0.219994 -0.139274 0.965508 0.385858 -0.974949 -0.0646947 0.212813 -0.497649 0.0328239 -0.988138 -0.150017 0.445439 
1535123106638 0.248162 0.922972 -0.294176 -0.614629 -0.936857 0.305909 0.169467 -0.236644 0.246404 0.233545 0.940607 0.38091 0.220202 -0.138448 0.965579 0.385845 -0.974856 -0.0659062 0.212867 -0.497751 0.0341667 -0.988174 -0.149479 0.445369 
1535123106674 0.248232 0.922986 -0.294072 -0.61441 -0.936839 0.305955 0.16948 -0.236576 0.2464 0.233427 0.940637 0.38097 0.220409 -0.137621 0.96565 0.385833 -0.974761 -0.0671184 0.212923 -0.497859 0.0355102 -0.988208 -0.148941 0.445299 
1535123106682 0.248301 0.923 -0.293967 -0.61419 -0.936822 0.306002 0.169493 -0.236509 0.246396 0.23331 0.940667 0.38103 0.220616 -0.136794 0.965721 0.38582 -0.974664 -0.0683305 0.21298 -0.497966 0.0368538 -0.98824 -0.148403 0.445229 
1535123106942 0.248371 0.923015 -0.293864 -0.613971 -0.936804 0.306048 0.169505 -0.236442 0.246392 0.233192 0.940698 0.38109 0.220821 -0.135966 0.96579 0.385808 -0.974566 -0.0695424 0.213037 -0.498074 0.0381975 -0.98827 -0.147865 0.44516 
1535123106968 0.248441 0.923029 -0.29376 -0.61375 -0.936787 0.306094 0.169518 -0.236374 0.246388 0.233075 0.940728 0.38115 0.221026 -0.135139 0.96586 0.385797 -0.974466 -0.0707543 0.213095 -0.498182 0.0395413 -0.988297 -0.147326 0.44509 
1535123106990 0.248511 0.923043 -0.293656 -0.613532 -0.93677 0.30614 0.169531 -0.236307 0.246384 0.232957 0.940758 0.381209 0.221228 -0.134311 0.965929 0.385784 -0.974365 -0.0719658 0.213154 -0.498289 0.040885 -0.988323 -0.146788 0.44502 
1535123107181 0.24858 0.923057 -0.293552 -0.613311 -0.936752 0.306187 0.169543 -0.236239 0.24638 0.23284 0.940788 0.381269 0.221431 -0.133482 0.965997 0.385773 -0.974261 -0.0731773 0.213213 -0.498397 0.0422289 -0.988346 -0.14625 0.444951 
1535123107187 0.24865 0.923072 -0.293448 -0.613092 -0.936735 0.306233 0.169556 -0.236172 0.246376 0.232722 0.940818 0.381329 0.221631 -0.132654 0.966066 0.38576 -0.974157 -0.0743884 0.213273 -0.498504 0.0435727 -0.988367 -0.145712 0.444881 
1535123107237 0.24872 0.923086 -0.293344 -0.612872 -0.936717 0.30628 0.169569 -0.236104 0.246372 0.232605 0.940848 0.381389 0.221831 -0.131824 0.966133 0.385749 -0.97405 -0.0755996 0.213334 -0.498613 0.0449167 -0.988386 -0.145174 0.444811 
1535123107668 0.248483 0.923152 -0.293338 -0.613146 -0.936774 0.306058 0.169655 -0.23606 0.246396 0.232635 0.940835 0.38133 0.221724 -0.132387 0.966081 0.385771 -0.974102 -0.0750923 0.213275 -0.498539 0.0443104 -0.98835 -0.145608 0.44482 
1535123107683 0.248663 0.923139 -0.293226 -0.612851 -0.936821 0.30612 0.169284 -0.23593 0.246035 0.232605 0.940937 0.381403 0.221535 -0.132148 0.966157 0.385763 -0.974177 -0.0742947 0.213213 -0.498657 0.0436048 -0.988442 -0.145194 0.44473 
1535123107698 0.248845 0.923125 -0.293115 -0.61255 -0.936868 0.306183 0.168912 -0.235797 0.245674 0.232577 0.941038 0.381476 0.221346 -0.131908 0.966233 0.385756 -0.974251 -0.073497 0.213149 -0.498776 0.0428991 -0.988533 -0.14478 0.444641 
1535123107750 0.249026 0.923111 -0.293005 -0.612248 -0.936914 0.306246 0.168539 -0.235663 0.245312 0.23255 0.941139 0.38155 0.221156 -0.131669 0.966309 0.385748 -0.974325 -0.0726991 0.213085 -0.498894 0.0421932 -0.988624 -0.144366 0.444551 
1535123107832 0.249207 0.923097 -0.292894 -0.611947 -0.936961 0.306308 0.168167 -0.23553 0.24495 0.232522 0.94124 0.381624 0.220968 -0.131429 0.966385 0.385741 -0.974398 -0.0719015 0.213022 -0.499012 0.0414874 -0.988715 -0.143952 0.444461 
1535123107854 0.249389 0.923084 -0.292783 -0.611647 -0.937007 0.306371 0.167794 -0.235397 0.244588 0.232494 0.941341 0.381697 0.220779 -0.131189 0.966461 0.385733 -0.974471 -0.0711038 0.212958 -0.499131 0.0407814 -0.988804 -0.143538 0.444371 
1535123107957 0.24957 0.92307 -0.292672 -0.611345 -0.937053 0.306434 0.167422 -0.235264 0.244227 0.232466 0.941442 0.381771 0.22059 -0.130949 0.966536 0.385726 -0.974543 -0.0703059 0.212892 -0.499249 0.0400752 -0.988893 -0.143124 0.444282 
1535123107994 0.249751 0.923056 -0.292561 -0.611045 -0.937099 0.306496 0.167049 -0.235131 0.243865 0.232438 0.941543 0.381845 0.220402 -0.130708 0.966612 0.385718 -0.974614 -0.0695083 0.212828 -0.499367 0.0393691 -0.988981 -0.14271 0.444192 
1535123108015 0.249932 0.923042 -0.29245 -0.610744 -0.937145 0.306559 0.166677 -0.234997 0.243503 0.23241 0.941643 0.381919 0.220214 -0.130468 0.966687 0.385711 -0.974685 -0.0687104 0.212762 -0.499486 0.0386628 -0.989069 -0.142296 0.444102 
1535123108054 0.250113 0.923028 -0.292339 -0.610443 -0.93719 0.306622 0.166304 -0.234864 0.243141 0.232382 0.941744 0.381992 0.220026 -0.130227 0.966762 0.385703 -0.974755 -0.0679126 0.212697 -0.499604 0.0379564 -0.989156 -0.141882 0.444013 
1535123108455 0.249393 0.923292 -0.292122 -0.610721 -0.937279 0.305996 0.166959 -0.234747 0.24354 0.232161 0.941695 0.38202 0.220696 -0.131052 0.966498 0.385783 -0.974513 -0.0705023 0.212966 -0.49919 0.0402307 -0.988865 -0.143271 0.444282 
1535123108474 0.249598 0.923234 -0.292129 -0.610459 -0.937164 0.306249 0.167138 -0.234661 0.243772 0.232055 0.941661 0.38207 0.220194 -0.131419 0.966563 0.385789 -0.974718 -0.0681875 0.212781 -0.499327 0.0379439 -0.988979 -0.143111 0.444207 
1535123108484 0.249803 0.923176 -0.292136 -0.610193 -0.937049 0.306504 0.167316 -0.234573 0.244003 0.23195 0.941627 0.382121 0.219691 -0.131786 0.966627 0.385794 -0.974918 -0.0658723 0.212594 -0.499461 0.0356571 -0.989087 -0.142952 0.444133 
1535123108591 0.250009 0.923118 -0.292144 -0.609927 -0.936934 0.306759 0.167495 -0.234485 0.244235 0.231844 0.941593 0.382171 0.219186 -0.132151 0.966692 0.385799 -0.975112 -0.0635567 0.212406 -0.499596 0.03337 -0.98919 -0.142793 0.444058 
1535123108645 0.250215 0.92306 -0.292152 -0.609661 -0.936818 0.307013 0.167673 -0.234397 0.244467 0.231739 0.941559 0.382222 0.21868 -0.132515 0.966757 0.385804 -0.975301 -0.0612406 0.212218 -0.49973 0.0310826 -0.989287 -0.142634 0.443983 
1535123108861 0.25042 0.923002 -0.292159 -0.609396 -0.936703 0.307268 0.167852 -0.23431 0.244699 0.231633 0.941525 0.382272 0.218174 -0.132878 0.966821 0.385809 -0.975485 -0.0589242 0.21203 -0.499865 0.028795 -0.989379 -0.142476 0.443908 
