1532366345832 0.249039 0.53481 -0.807439 -0.575659 -0.966179 0.079587 -0.245285 -0.218767 -0.0669191 0.841216 0.536543 0.468526 0.16008 -0.304787 0.938871 0.370831 -0.775623 0.549475 0.310623 -0.528794 -0.61056 -0.777934 -0.14844 0.432481 
1532366345846 0.258396 0.528607 -0.808583 -0.577671 -0.96432 0.0912288 -0.248524 -0.216739 -0.0576054 0.84395 0.533319 0.469749 0.316305 -0.38429 0.867336 0.400738 -0.930106 -0.305553 0.203815 -0.506322 0.186693 -0.871182 -0.454078 0.485854 
1532366346379 0.267674 0.522278 -0.809677 -0.579682 -0.962301 0.102833 -0.251798 -0.214712 -0.0482473 0.846552 0.530115 0.470972 0.316242 -0.384853 0.86711 0.400828 -0.929997 -0.306262 0.203248 -0.504438 0.187342 -0.870685 -0.454765 0.485876 
1532366346910 0.276872 0.515826 -0.810719 -0.581692 -0.960121 0.114399 -0.255108 -0.212685 -0.0388463 0.849021 0.52693 0.472195 0.316223 -0.384857 0.867115 0.40079 -0.930001 -0.306263 0.203227 -0.50432 0.187352 -0.870683 -0.454765 0.485866 
1532366347461 0.285988 0.509252 -0.81171 -0.583703 -0.957782 0.125922 -0.258452 -0.210657 -0.0294052 0.851356 0.523764 0.473418 0.316222 -0.384859 0.867114 0.40079 -0.930002 -0.306263 0.203224 -0.504311 0.187352 -0.870682 -0.454766 0.485866 
1532366347468 0.295021 0.502556 -0.81265 -0.585713 -0.955283 0.137401 -0.26183 -0.20863 -0.0199252 0.853556 0.520619 0.474642 0.316221 -0.384861 0.867114 0.400793 -0.930002 -0.306262 0.203224 -0.504309 0.187352 -0.870681 -0.454768 0.485867 
1532366348186 0.303969 0.495739 -0.813539 -0.587723 -0.952625 0.148836 -0.265242 -0.206604 -0.0104073 0.855623 0.517495 0.475865 0.316221 -0.384862 0.867113 0.400795 -0.930002 -0.306262 0.203223 -0.504309 0.187351 -0.870681 -0.454769 0.485868 
1532366348715 0.312831 0.488804 -0.814375 -0.589733 -0.949809 0.160222 -0.268687 -0.204577 -0.000854445 0.857554 0.514393 0.477089 0.316221 -0.384862 0.867113 0.400796 -0.930002 -0.306262 0.203223 -0.50431 0.187351 -0.870681 -0.454769 0.485869 
1532366349261 0.321603 0.481753 -0.81516 -0.591738 -0.946834 0.171558 -0.272163 -0.202553 0.00873223 0.85935 0.511313 0.478311 0.316222 -0.384863 0.867112 0.400801 -0.930002 -0.306262 0.203224 -0.504317 0.18735 -0.87068 -0.45477 0.485871 
1532366349808 0.330241 0.474609 -0.815897 -0.593645 -0.943718 0.182827 -0.275627 -0.200617 0.0183525 0.861 0.508274 0.479489 0.316238 -0.384878 0.8671 0.400844 -0.930001 -0.306253 0.203243 -0.504402 0.187328 -0.870677 -0.454786 0.48592 
1532366350421 0.330107 0.474686 -0.815906 -0.593655 -0.943767 0.182693 -0.275549 -0.200554 0.0182607 0.860986 0.508301 0.479541 0.316238 -0.384878 0.8671 0.400844 -0.930001 -0.306253 0.203243 -0.504402 0.187328 -0.870677 -0.454786 0.48592 
1532366350432 0.330988 0.473953 -0.815975 -0.593866 -0.943439 0.183833 -0.275914 -0.200348 0.0192328 0.861147 0.507992 0.479663 0.316221 -0.384863 0.867113 0.400799 -0.930002 -0.306262 0.203223 -0.504312 0.187351 -0.87068 -0.45477 0.485869 
1532366350733 0.331869 0.473219 -0.816043 -0.594077 -0.943109 0.184973 -0.27628 -0.200142 0.0202056 0.861307 0.507684 0.479785 0.31622 -0.384863 0.867113 0.400795 -0.930002 -0.306262 0.203222 -0.504305 0.187351 -0.87068 -0.454769 0.485867 
1532366350995 0.332749 0.472483 -0.816111 -0.594288 -0.942777 0.186113 -0.276645 -0.199936 0.0211786 0.861465 0.507376 0.479907 0.31622 -0.384863 0.867113 0.400795 -0.930002 -0.306262 0.203222 -0.504304 0.187351 -0.87068 -0.45477 0.485867 
1532366351249 0.333628 0.471747 -0.816178 -0.594499 -0.942444 0.187252 -0.277011 -0.19973 0.0221518 0.861621 0.507068 0.480029 0.31622 -0.384863 0.867113 0.400795 -0.930002 -0.306262 0.203222 -0.504304 0.187352 -0.87068 -0.454769 0.485867 
1532366351497 0.334507 0.471009 -0.816245 -0.59471 -0.94211 0.188391 -0.277378 -0.199524 0.023126 0.861777 0.50676 0.48015 0.31622 -0.384863 0.867113 0.400795 -0.930002 -0.306262 0.203222 -0.504304 0.187352 -0.87068 -0.454769 0.485867 
1532366351725 0.335383 0.47027 -0.816311 -0.594921 -0.941773 0.189529 -0.277744 -0.199317 0.0240997 0.861931 0.506453 0.480272 0.31622 -0.384863 0.867113 0.400795 -0.930002 -0.306262 0.203222 -0.504304 0.187352 -0.87068 -0.454769 0.485867 
1532366351961 0.33626 0.46953 -0.816377 -0.595132 -0.941435 0.190667 -0.278111 -0.199111 0.0250745 0.862083 0.506146 0.480394 0.31622 -0.384863 0.867113 0.400795 -0.930002 -0.306262 0.203222 -0.504304 0.187352 -0.87068 -0.454769 0.485867 
1532366352200 0.337134 0.468789 -0.816442 -0.595342 -0.941096 0.191803 -0.278477 -0.198905 0.0260491 0.862234 0.505839 0.480516 0.31622 -0.384863 0.867113 0.400795 -0.930002 -0.306262 0.203222 -0.504304 0.187352 -0.87068 -0.454769 0.485867 
1532366352448 0.338005 0.468049 -0.816507 -0.595543 -0.940756 0.192939 -0.278841 -0.198708 0.0270245 0.862383 0.505534 0.480634 0.31622 -0.384863 0.867113 0.400795 -0.930002 -0.306262 0.203222 -0.504304 0.187352 -0.87068 -0.454769 0.485867 
1532366352717 0.337955 0.468054 -0.816524 -0.595557 -0.940772 0.192991 -0.278753 -0.198712 0.0271102 0.862369 0.505555 0.480653 0.31622 -0.384863 0.867113 0.400795 -0.930002 -0.306262 0.203222 -0.504304 0.187352 -0.87068 -0.454769 0.485867 
1532366352730 0.33805 0.467978 -0.816529 -0.595577 -0.940735 0.193101 -0.2788 -0.198693 0.0272003 0.862386 0.505521 0.480664 0.31622 -0.384863 0.867113 0.400795 -0.930002 -0.306262 0.203222 -0.504304 0.187352 -0.87068 -0.454769 0.485867 
1532366352921 0.338142 0.467903 -0.816533 -0.595598 -0.940699 0.193209 -0.278846 -0.198671 0.0272889 0.862402 0.505488 0.480674 0.31622 -0.384863 0.867113 0.400795 -0.930002 -0.306262 0.203222 -0.504304 0.187352 -0.87068 -0.454769 0.485867 
1532366353098 0.338235 0.467828 -0.816538 -0.595619 -0.940663 0.193317 -0.278892 -0.198648 0.0273775 0.862419 0.505455 0.480685 0.31622 -0.384863 0.867113 0.400795 -0.930002 -0.306262 0.203222 -0.504304 0.187352 -0.87068 -0.454769 0.485867 
1532366353104 0.338327 0.467753 -0.816543 -0.595639 -0.940628 0.193425 -0.278938 -0.198626 0.0274661 0.862435 0.505422 0.480696 0.31622 -0.384863 0.867113 0.400795 -0.930002 -0.306262 0.203222 -0.504304 0.187352 -0.87068 -0.454769 0.485867 
1532366353258 0.33842 0.467677 -0.816548 -0.59566 -0.940592 0.193534 -0.278984 -0.198604 0.0275547 0.862452 0.505389 0.480706 0.31622 -0.384863 0.867113 0.400795 -0.930002 -0.306262 0.203222 -0.504304 0.187352 -0.87068 -0.454769 0.485867 
1532366353422 0.338513 0.467602 -0.816552 -0.595681 -0.940556 0.193642 -0.27903 -0.198582 0.0276433 0.862468 0.505356 0.480717 0.31622 -0.384863 0.867113 0.400795 -0.930002 -0.306262 0.203222 -0.504304 0.187352 -0.87068 -0.454769 0.485867 
1532366353555 0.338605 0.467527 -0.816557 -0.595702 -0.94052 0.19375 -0.279076 -0.19856 0.0277319 0.862485 0.505323 0.480728 0.31622 -0.384863 0.867113 0.400795 -0.930002 -0.306262 0.203222 -0.504304 0.187352 -0.87068 -0.454769 0.485867 
1532366353669 0.338697 0.467452 -0.816562 -0.595723 -0.940484 0.193858 -0.279122 -0.198537 0.0278205 0.862501 0.50529 0.480739 0.31622 -0.384863 0.867113 0.400795 -0.930002 -0.306262 0.203222 -0.504304 0.187352 -0.87068 -0.454769 0.485867 
1532366353795 0.338789 0.467377 -0.816566 -0.595743 -0.940448 0.193965 -0.279167 -0.198516 0.0279093 0.862517 0.505257 0.480749 0.31622 -0.384863 0.867113 0.400795 -0.930002 -0.306262 0.203222 -0.504304 0.187352 -0.87068 -0.454769 0.485867 
1532366354043 0.338708 0.467521 -0.816518 -0.595751 -0.940476 0.194015 -0.27904 -0.198443 0.0279598 0.862428 0.505407 0.480804 0.31622 -0.384863 0.867113 0.400795 -0.930002 -0.306262 0.203222 -0.504304 0.187352 -0.87068 -0.454769 0.485867 
1532366354056 0.321819 0.488124 -0.811275 -0.595337 -0.946681 0.179559 -0.267496 -0.200866 0.0151001 0.854104 0.519883 0.478512 0.31622 -0.384863 0.867113 0.400795 -0.930002 -0.306262 0.203222 -0.504304 0.187352 -0.87068 -0.454769 0.485867 
1532366354747 0.304563 0.508288 -0.805534 -0.594917 -0.952489 0.164784 -0.256147 -0.203293 0.00254275 0.845275 0.534325 0.476222 0.31622 -0.384863 0.867113 0.400795 -0.930002 -0.306262 0.203222 -0.504304 0.187352 -0.87068 -0.454769 0.485867 
1532366354753 0.286955 0.527996 -0.799298 -0.594497 -0.957895 0.149703 -0.245003 -0.20572 -0.00970285 0.835948 0.548723 0.473932 0.31622 -0.384863 0.867113 0.400795 -0.930002 -0.306262 0.203222 -0.504304 0.187352 -0.87068 -0.454769 0.485867 
1532366355667 0.26901 0.547233 -0.792572 -0.594077 -0.962895 0.134329 -0.234073 -0.208147 -0.0216272 0.826131 0.563063 0.471642 0.31622 -0.384863 0.867113 0.400795 -0.930002 -0.306262 0.203222 -0.504304 0.187352 -0.87068 -0.454769 0.485867 
1532366356365 0.250742 0.565984 -0.785361 -0.593656 -0.967484 0.118672 -0.223365 -0.210574 -0.033221 0.815831 0.577336 0.469351 0.31622 -0.384863 0.867113 0.400795 -0.930002 -0.306262 0.203222 -0.504304 0.187352 -0.87068 -0.454769 0.485867 
1532366357016 0.232164 0.584234 -0.77767 -0.593236 -0.971659 0.102745 -0.212889 -0.213001 -0.0444751 0.805056 0.59153 0.467061 0.31622 -0.384863 0.867113 0.400795 -0.930002 -0.306262 0.203222 -0.504304 0.187352 -0.87068 -0.454769 0.485867 
1532366357022 0.213292 0.601969 -0.769506 -0.592816 -0.975417 0.0865611 -0.202652 -0.215427 -0.0553809 0.793814 0.605633 0.464771 0.31622 -0.384863 0.867113 0.400795 -0.930002 -0.306262 0.203222 -0.504304 0.187352 -0.87068 -0.454769 0.485867 
1532366357924 0.194142 0.619173 -0.760877 -0.592389 -0.978755 0.0701322 -0.192664 -0.21785 -0.0659304 0.782116 0.619635 0.462487 0.31622 -0.384863 0.867113 0.400795 -0.930002 -0.306262 0.203222 -0.504304 0.187352 -0.87068 -0.454769 0.485867 
1532366358595 0.174786 0.635785 -0.751816 -0.591918 -0.981659 0.0534838 -0.182992 -0.220136 -0.0761334 0.770011 0.633472 0.460382 0.31622 -0.384863 0.867113 0.400795 -0.930002 -0.306262 0.203222 -0.504304 0.187352 -0.87068 -0.454769 0.485867 
1532366359358 0.17494 0.635701 -0.751851 -0.591917 -0.981636 0.0536182 -0.183071 -0.220219 -0.0760655 0.770071 0.633407 0.460363 0.31622 -0.384863 0.867113 0.400795 -0.930002 -0.306262 0.203222 -0.504304 0.187352 -0.87068 -0.454769 0.485867 
1532366359625 0.155294 0.652004 -0.742142 -0.592132 -0.984111 0.0366489 -0.173728 -0.222589 -0.0860731 0.757329 0.647336 0.457866 0.31622 -0.384863 0.867113 0.400795 -0.930002 -0.306262 0.203222 -0.504304 0.187352 -0.87068 -0.454769 0.485867 
1532366360261 0.135406 0.667732 -0.731983 -0.592342 -0.986158 0.0194742 -0.16466 -0.224961 -0.095694 0.744147 0.661126 0.45537 0.31622 -0.384863 0.867113 0.400795 -0.930002 -0.306262 0.203222 -0.504304 0.187352 -0.87068 -0.454769 0.485867 
1532366360878 0.115294 0.682871 -0.721384 -0.592552 -0.987775 0.00210764 -0.155875 -0.227332 -0.104922 0.730536 0.674765 0.452873 0.31622 -0.384863 0.867113 0.400795 -0.930002 -0.306262 0.203222 -0.504304 0.187352 -0.87068 -0.454769 0.485867 
1532366360884 0.0949739 0.69741 -0.710351 -0.592761 -0.98896 -0.0154371 -0.14738 -0.229704 -0.11375 0.716506 0.688244 0.450376 0.31622 -0.384863 0.867113 0.400795 -0.930002 -0.306262 0.203222 -0.504304 0.187352 -0.87068 -0.454769 0.485867 
1532366361744 0.0744608 0.711338 -0.698894 -0.592971 -0.989712 -0.0331462 -0.139181 -0.232076 -0.122171 0.702068 0.701552 0.447879 0.31622 -0.384863 0.867113 0.400795 -0.930002 -0.306262 0.203222 -0.504304 0.187352 -0.87068 -0.454769 0.485867 
1532366362366 0.0537715 0.724644 -0.687022 -0.593181 -0.990032 -0.0510055 -0.131286 -0.234448 -0.130177 0.687233 0.714678 0.445382 0.31622 -0.384863 0.867113 0.400795 -0.930002 -0.306262 0.203222 -0.504304 0.187352 -0.87068 -0.454769 0.485867 
1532366362995 0.0329224 0.737317 -0.674744 -0.59339 -0.989918 -0.0690009 -0.1237 -0.236819 -0.137764 0.672014 0.727612 0.442885 0.31622 -0.384863 0.867113 0.400795 -0.930002 -0.306262 0.203222 -0.504304 0.187352 -0.87068 -0.454769 0.485867 
1532366363613 0.0119308 0.749346 -0.662071 -0.593589 -0.989371 -0.0871182 -0.116431 -0.239185 -0.144926 0.656423 0.740341 0.440395 0.31622 -0.384863 0.867113 0.400795 -0.930002 -0.306262 0.203222 -0.504304 0.187352 -0.87068 -0.454769 0.485867 
1532366364237 -0.00913888 0.760685 -0.649057 -0.593679 -0.988388 -0.105327 -0.109525 -0.241427 -0.151678 0.640519 0.752815 0.438087 0.31622 -0.384863 0.867113 0.400795 -0.930002 -0.306262 0.203222 -0.504304 0.187352 -0.87068 -0.454769 0.485867 
1532366364946 -0.00910684 0.760627 -0.649125 -0.593697 -0.988395 -0.105285 -0.109504 -0.241387 -0.151635 0.640594 0.752759 0.438082 0.31622 -0.384863 0.867113 0.400795 -0.930002 -0.306262 0.203222 -0.504304 0.187352 -0.87068 -0.454769 0.485867 
1532366365164 -0.0246723 0.769283 -0.638431 -0.594273 -0.986945 -0.120415 -0.106955 -0.243099 -0.159155 0.627458 0.762211 0.435969 0.31622 -0.384863 0.867113 0.400795 -0.930002 -0.306262 0.203222 -0.504304 0.187352 -0.87068 -0.454769 0.485867 
1532366365713 -0.0403364 0.777526 -0.627556 -0.594846 -0.985231 -0.135553 -0.10462 -0.244812 -0.166412 0.614068 0.77151 0.433856 0.31622 -0.384863 0.867113 0.400795 -0.930002 -0.306262 0.203222 -0.504304 0.187352 -0.87068 -0.454769 0.485867 
1532366366293 -0.0560907 0.785352 -0.616504 -0.595419 -0.983253 -0.15069 -0.102503 -0.246524 -0.173402 0.600429 0.780651 0.431742 0.31622 -0.384863 0.867113 0.400795 -0.930002 -0.306262 0.203222 -0.504304 0.187352 -0.87068 -0.454769 0.485867 
1532366366861 -0.0719257 0.792757 -0.60528 -0.595992 -0.981011 -0.16582 -0.100606 -0.248236 -0.180124 0.58655 0.78963 0.429629 0.31622 -0.384863 0.867113 0.400795 -0.930002 -0.306262 0.203222 -0.504304 0.187352 -0.87068 -0.454769 0.485867 
1532366367405 -0.0878358 0.799738 -0.593889 -0.596565 -0.978507 -0.180935 -0.0989281 -0.249949 -0.186572 0.572436 0.798441 0.427515 0.31622 -0.384863 0.867113 0.400795 -0.930002 -0.306262 0.203222 -0.504304 0.187352 -0.87068 -0.454769 0.485867 
1532366367948 -0.103811 0.806291 -0.582339 -0.597138 -0.975742 -0.196027 -0.0974713 -0.251661 -0.192744 0.558094 0.807082 0.425402 0.31622 -0.384863 0.867113 0.400795 -0.930002 -0.306262 0.203222 -0.504304 0.187352 -0.87068 -0.454769 0.485867 
1532366368496 -0.119845 0.812413 -0.570634 -0.59771 -0.972718 -0.211089 -0.096236 -0.253373 -0.198638 0.543532 0.815546 0.423288 0.31622 -0.384863 0.867113 0.400795 -0.930002 -0.306262 0.203222 -0.504304 0.187352 -0.87068 -0.454769 0.485867 
1532366369073 -0.135929 0.8181 -0.558781 -0.598273 -0.969436 -0.226113 -0.0952234 -0.255081 -0.20425 0.528758 0.823831 0.42118 0.31622 -0.384863 0.867113 0.400795 -0.930002 -0.306262 0.203222 -0.504304 0.187352 -0.87068 -0.454769 0.485867 
1532366369632 -0.152026 0.823329 -0.546825 -0.598713 -0.965898 -0.24108 -0.0944485 -0.256699 -0.209591 0.513819 0.831903 0.419208 0.31622 -0.384863 0.867113 0.400795 -0.930002 -0.306262 0.203222 -0.504304 0.187352 -0.87068 -0.454769 0.485867 
1532366370287 -0.151945 0.823303 -0.546886 -0.598717 -0.96593 -0.240972 -0.0943984 -0.256694 -0.209503 0.513911 0.831868 0.419198 0.31622 -0.384863 0.867113 0.400795 -0.930002 -0.306262 0.203222 -0.504304 0.187352 -0.87068 -0.454769 0.485867 
1532366370419 -0.16721 0.827759 -0.53559 -0.599588 -0.962551 -0.254636 -0.0930364 -0.258098 -0.213392 0.499976 0.839338 0.417291 0.31622 -0.384863 0.867113 0.400795 -0.930002 -0.306262 0.203222 -0.504304 0.187352 -0.87068 -0.454769 0.485867 
1532366370979 -0.182486 0.831834 -0.524167 -0.600456 -0.958956 -0.268262 -0.0918658 -0.259502 -0.217031 0.485889 0.846646 0.415384 0.31622 -0.384863 0.867113 0.400795 -0.930002 -0.306262 0.203222 -0.504304 0.187352 -0.87068 -0.454769 0.485867 
1532366371495 -0.197768 0.835527 -0.512623 -0.601325 -0.955146 -0.281844 -0.0908871 -0.260906 -0.220419 0.471655 0.85379 0.413476 0.31622 -0.384863 0.867113 0.400795 -0.930002 -0.306262 0.203222 -0.504304 0.187352 -0.87068 -0.454769 0.485867 
1532366372015 -0.213051 0.838836 -0.500963 -0.602194 -0.951123 -0.295378 -0.0900987 -0.262311 -0.223551 0.457281 0.860766 0.411568 0.31622 -0.384863 0.867113 0.400795 -0.930002 -0.306262 0.203222 -0.504304 0.187352 -0.87068 -0.454769 0.485867 
1532366372539 -0.228325 0.84176 -0.489191 -0.603063 -0.946888 -0.308856 -0.0895035 -0.263715 -0.22643 0.442773 0.867572 0.40966 0.31622 -0.384863 0.867113 0.400795 -0.930002 -0.306262 0.203222 -0.504304 0.187352 -0.87068 -0.454769 0.485867 
1532366373068 -0.243587 0.844298 -0.477312 -0.603931 -0.942444 -0.322274 -0.0890992 -0.265119 -0.229052 0.428136 0.874205 0.407753 0.31622 -0.384863 0.867113 0.400795 -0.930002 -0.306262 0.203222 -0.504304 0.187352 -0.87068 -0.454769 0.485867 
1532366373600 -0.258829 0.846448 -0.465332 -0.604799 -0.937792 -0.335626 -0.0888879 -0.266522 -0.231417 0.413378 0.880662 0.405845 0.31622 -0.384863 0.867113 0.400795 -0.930002 -0.306262 0.203222 -0.504304 0.187352 -0.87068 -0.454769 0.485867 
1532366374152 -0.274043 0.848209 -0.453257 -0.605654 -0.932934 -0.348906 -0.0888699 -0.267921 -0.233524 0.398505 0.886939 0.403944 0.31622 -0.384863 0.867113 0.400795 -0.930002 -0.306262 0.203222 -0.504304 0.187352 -0.87068 -0.454769 0.485867 
1532366374687 -0.2892 0.849568 -0.441132 -0.606365 -0.927877 -0.362097 -0.0890533 -0.26923 -0.235389 0.383561 0.893013 0.402166 0.31622 -0.384863 0.867113 0.400795 -0.930002 -0.306262 0.203222 -0.504304 0.187352 -0.87068 -0.454769 0.485867 
1532366375283 -0.289093 0.849542 -0.441253 -0.606334 -0.92791 -0.362014 -0.0890497 -0.269265 -0.235391 0.383699 0.892953 0.402153 0.31622 -0.384863 0.867113 0.400795 -0.930002 -0.306262 0.203222 -0.504304 0.187352 -0.87068 -0.454769 0.485867 
1532366375404 -0.286084 0.848228 -0.445718 -0.606254 -0.929112 -0.359312 -0.0874426 -0.269539 -0.234323 0.389106 0.890892 0.402396 0.31622 -0.384863 0.867113 0.400795 -0.930002 -0.306262 0.203222 -0.504304 0.187352 -0.87068 -0.454769 0.485867 
1532366375723 -0.283077 0.846882 -0.450176 -0.606173 -0.930306 -0.356597 -0.0858488 -0.269814 -0.233235 0.394499 0.888804 0.402639 0.31622 -0.384863 0.867113 0.400795 -0.930002 -0.306262 0.203222 -0.504304 0.187352 -0.87068 -0.454769 0.485867 
1532366376031 -0.280074 0.845503 -0.454625 -0.606093 -0.931491 -0.353869 -0.0842696 -0.270088 -0.232128 0.399877 0.886688 0.402883 0.31622 -0.384863 0.867113 0.400795 -0.930002 -0.306262 0.203222 -0.504304 0.187352 -0.87068 -0.454769 0.485867 
1532366376348 -0.277075 0.84409 -0.459066 -0.606012 -0.932667 -0.35113 -0.0827051 -0.270362 -0.231003 0.40524 0.884544 0.403126 0.31622 -0.384863 0.867113 0.400795 -0.930002 -0.306262 0.203222 -0.504304 0.187352 -0.87068 -0.454769 0.485867 
1532366376677 -0.274078 0.842644 -0.463499 -0.605932 -0.933834 -0.348378 -0.0811547 -0.270637 -0.229858 0.410589 0.882373 0.403369 0.31622 -0.384863 0.867113 0.400795 -0.930002 -0.306262 0.203222 -0.504304 0.187352 -0.87068 -0.454769 0.485867 
1532366377032 -0.271086 0.841165 -0.467924 -0.605851 -0.934992 -0.345615 -0.0796192 -0.270911 -0.228695 0.415922 0.880175 0.403612 0.31622 -0.384863 0.867113 0.400795 -0.930002 -0.306262 0.203222 -0.504304 0.187352 -0.87068 -0.454769 0.485867 
1532366377040 -0.268098 0.839654 -0.47234 -0.605771 -0.936142 -0.342839 -0.0780978 -0.271185 -0.227512 0.42124 0.877949 0.403855 0.31622 -0.384863 0.867113 0.400795 -0.930002 -0.306262 0.203222 -0.504304 0.187352 -0.87068 -0.454769 0.485867 
1532366377427 -0.265114 0.838109 -0.476747 -0.605692 -0.937282 -0.340052 -0.0765912 -0.27146 -0.226311 0.426541 0.875697 0.404098 0.31622 -0.384863 0.867113 0.400795 -0.930002 -0.306262 0.203222 -0.504304 0.187352 -0.87068 -0.454769 0.485867 
1532366377751 -0.262136 0.836537 -0.481135 -0.605632 -0.938413 -0.337255 -0.0751032 -0.271739 -0.225092 0.431816 0.873424 0.404314 0.31622 -0.384863 0.867113 0.400795 -0.930002 -0.306262 0.203222 -0.504304 0.187352 -0.87068 -0.454769 0.485867 
1532366378155 -0.262255 0.836539 -0.481066 -0.605633 -0.938369 -0.337374 -0.0751138 -0.271714 -0.225135 0.431718 0.873461 0.404309 0.31622 -0.384863 0.867113 0.400795 -0.930002 -0.306262 0.203222 -0.504304 0.187352 -0.87068 -0.454769 0.485867 
1532366378397 -0.255245 0.834447 -0.488414 -0.605424 -0.940896 -0.33068 -0.0732487 -0.271656 -0.222631 0.44085 0.869532 0.404968 0.31622 -0.384863 0.867113 0.400795 -0.930002 -0.306262 0.203222 -0.504304 0.187352 -0.87068 -0.454769 0.485867 
1532366378790 -0.248244 0.832238 -0.495737 -0.605214 -0.943373 -0.32395 -0.0714424 -0.271598 -0.220051 0.449929 0.865529 0.405626 0.31622 -0.384863 0.867113 0.400795 -0.930002 -0.306262 0.203222 -0.504304 0.187352 -0.87068 -0.454769 0.485867 
1532366379179 -0.241254 0.829912 -0.503033 -0.605004 -0.945799 -0.317187 -0.0696958 -0.271539 -0.217397 0.458953 0.861453 0.406284 0.31622 -0.384863 0.867113 0.400795 -0.930002 -0.306262 0.203222 -0.504304 0.187352 -0.87068 -0.454769 0.485867 
1532366379571 -0.234275 0.82747 -0.510302 -0.604795 -0.948174 -0.31039 -0.0680084 -0.271481 -0.214667 0.467922 0.857302 0.406943 0.31622 -0.384863 0.867113 0.400795 -0.930002 -0.306262 0.203222 -0.504304 0.187352 -0.87068 -0.454769 0.485867 
1532366379966 -0.227308 0.824913 -0.517542 -0.604585 -0.950497 -0.303561 -0.0663819 -0.271423 -0.211865 0.476833 0.853079 0.407601 0.31622 -0.384863 0.867113 0.400795 -0.930002 -0.306262 0.203222 -0.504304 0.187352 -0.87068 -0.454769 0.485867 
1532366380351 -0.220354 0.82224 -0.524753 -0.604375 -0.952769 -0.2967 -0.0648158 -0.271365 -0.208988 0.485686 0.848783 0.408259 0.31622 -0.384863 0.867113 0.400795 -0.930002 -0.306262 0.203222 -0.504304 0.187352 -0.87068 -0.454769 0.485867 
1532366380735 -0.213414 0.819451 -0.531934 -0.604166 -0.954988 -0.289809 -0.0633099 -0.271307 -0.206039 0.49448 0.844416 0.408917 0.31622 -0.384863 0.867113 0.400795 -0.930002 -0.306262 0.203222 -0.504304 0.187352 -0.87068 -0.454769 0.485867 
1532366381145 -0.206488 0.816549 -0.539083 -0.60396 -0.957156 -0.282888 -0.0618644 -0.27125 -0.203015 0.503213 0.839977 0.409573 0.31622 -0.384863 0.867113 0.400795 -0.930002 -0.306262 0.203222 -0.504304 0.187352 -0.87068 -0.454769 0.485867 
1532366381552 -0.199588 0.813543 -0.54618 -0.603799 -0.959269 -0.275944 -0.0604807 -0.271219 -0.199918 0.511862 0.835482 0.410174 0.31622 -0.384863 0.867113 0.400795 -0.930002 -0.306262 0.203222 -0.504304 0.187352 -0.87068 -0.454769 0.485867 
1532366382056 -0.199641 0.813535 -0.546172 -0.603783 -0.95926 -0.275983 -0.0604466 -0.271233 -0.19991 0.511853 0.835489 0.410166 0.31622 -0.384863 0.867113 0.400795 -0.930002 -0.306262 0.203222 -0.504304 0.187352 -0.87068 -0.454769 0.485867 
1532366382307 -0.193359 0.810971 -0.552212 -0.603681 -0.961091 -0.269727 -0.0595881 -0.271058 -0.197271 0.519204 0.831572 0.410759 0.31622 -0.384863 0.867113 0.400795 -0.930002 -0.306262 0.203222 -0.504304 0.187352 -0.87068 -0.454769 0.485867 
1532366382677 -0.187089 0.808321 -0.558225 -0.603578 -0.96288 -0.263452 -0.0587743 -0.270883 -0.194574 0.526508 0.827605 0.411351 0.31622 -0.384863 0.867113 0.400795 -0.930002 -0.306262 0.203222 -0.504304 0.187352 -0.87068 -0.454769 0.485867 
1532366383065 -0.180831 0.805584 -0.564212 -0.603475 -0.964626 -0.257159 -0.0580081 -0.270709 -0.191823 0.533764 0.82359 0.411944 0.31622 -0.384863 0.867113 0.400795 -0.930002 -0.306262 0.203222 -0.504304 0.187352 -0.87068 -0.454769 0.485867 
1532366383448 -0.174585 0.802761 -0.570171 -0.603372 -0.966329 -0.250849 -0.0572895 -0.270534 -0.189017 0.540971 0.819526 0.412537 0.31622 -0.384863 0.867113 0.400795 -0.930002 -0.306262 0.203222 -0.504304 0.187352 -0.87068 -0.454769 0.485867 
1532366383454 -0.168353 0.799851 -0.576104 -0.60327 -0.967989 -0.244523 -0.0566181 -0.270359 -0.186156 0.54813 0.815413 0.413129 0.31622 -0.384863 0.867113 0.400795 -0.930002 -0.306262 0.203222 -0.504304 0.187352 -0.87068 -0.454769 0.485867 
1532366383954 -0.162134 0.796856 -0.582008 -0.603167 -0.969606 -0.23818 -0.0559933 -0.270184 -0.183241 0.555239 0.811253 0.413722 0.31622 -0.384863 0.867113 0.400795 -0.930002 -0.306262 0.203222 -0.504304 0.187352 -0.87068 -0.454769 0.485867 
1532366384343 -0.15593 0.793776 -0.587883 -0.603065 -0.971179 -0.231821 -0.0554153 -0.27001 -0.180271 0.562298 0.807046 0.414314 0.31622 -0.384863 0.867113 0.400795 -0.930002 -0.306262 0.203222 -0.504304 0.187352 -0.87068 -0.454769 0.485867 
1532366384720 -0.149742 0.79061 -0.593728 -0.602965 -0.972708 -0.225448 -0.054885 -0.269836 -0.177247 0.569305 0.802792 0.414905 0.31622 -0.384863 0.867113 0.400795 -0.930002 -0.306262 0.203222 -0.504304 0.187352 -0.87068 -0.454769 0.485867 
1532366385093 -0.143577 0.787371 -0.599526 -0.6029 -0.974192 -0.219066 -0.0543998 -0.269688 -0.174169 0.576243 0.798504 0.415446 0.31622 -0.384863 0.867113 0.400795 -0.930002 -0.306262 0.203222 -0.504304 0.187352 -0.87068 -0.454769 0.485867 
1532366385562 -0.143746 0.787375 -0.599481 -0.602913 -0.974181 -0.219153 -0.0542494 -0.26966 -0.174093 0.576205 0.798548 0.41548 0.31622 -0.384863 0.867113 0.400795 -0.930002 -0.306262 0.203222 -0.504304 0.187352 -0.87068 -0.454769 0.485867 
1532366385679 -0.138656 0.784829 -0.604002 -0.602887 -0.975325 -0.214018 -0.0541925 -0.269476 -0.171799 0.581584 0.795138 0.415941 0.31622 -0.384863 0.867113 0.400795 -0.930002 -0.306262 0.203222 -0.504304 0.187352 -0.87068 -0.454769 0.485867 
1532366386030 -0.133577 0.782229 -0.608503 -0.602861 -0.976441 -0.208876 -0.0541638 -0.269292 -0.16947 0.586932 0.791701 0.416401 0.31622 -0.384863 0.867113 0.400795 -0.930002 -0.306262 0.203222 -0.504304 0.187352 -0.87068 -0.454769 0.485867 
1532366386388 -0.128506 0.779575 -0.612983 -0.602834 -0.977528 -0.203727 -0.0541646 -0.269108 -0.167107 0.592248 0.788237 0.416862 0.31622 -0.384863 0.867113 0.400795 -0.930002 -0.306262 0.203222 -0.504304 0.187352 -0.87068 -0.454769 0.485867 
1532366386735 -0.123446 0.776869 -0.617443 -0.602808 -0.978587 -0.198573 -0.0541957 -0.268924 -0.16471 0.597531 0.784747 0.417322 0.31622 -0.384863 0.867113 0.400795 -0.930002 -0.306262 0.203222 -0.504304 0.187352 -0.87068 -0.454769 0.485867 
1532366387086 -0.118395 0.77411 -0.621881 -0.602782 -0.979616 -0.193413 -0.0542561 -0.268741 -0.16228 0.602781 0.78123 0.417783 0.31622 -0.384863 0.867113 0.400795 -0.930002 -0.306262 0.203222 -0.504304 0.187352 -0.87068 -0.454769 0.485867 
1532366387435 -0.113355 0.771298 -0.626299 -0.602755 -0.980617 -0.188247 -0.0543465 -0.268557 -0.159816 0.607999 0.777686 0.418243 0.31622 -0.384863 0.867113 0.400795 -0.930002 -0.306262 0.203222 -0.504304 0.187352 -0.87068 -0.454769 0.485867 
1532366387786 -0.108325 0.768434 -0.630694 -0.602729 -0.981588 -0.183078 -0.0544673 -0.268373 -0.157321 0.613182 0.774118 0.418704 0.31622 -0.384863 0.867113 0.400795 -0.930002 -0.306262 0.203222 -0.504304 0.187352 -0.87068 -0.454769 0.485867 
1532366388132 -0.103307 0.765517 -0.635068 -0.602705 -0.982531 -0.177903 -0.0546166 -0.26819 -0.15479 0.618331 0.770523 0.419163 0.31622 -0.384863 0.867113 0.400795 -0.930002 -0.306262 0.203222 -0.504304 0.187352 -0.87068 -0.454769 0.485867 
1532366388502 -0.098308 0.762558 -0.639406 -0.602705 -0.983444 -0.172728 -0.0547925 -0.268028 -0.152226 0.623434 0.766914 0.419581 0.31622 -0.384863 0.867113 0.400795 -0.930002 -0.306262 0.203222 -0.504304 0.187352 -0.87068 -0.454769 0.485867 
1532366388935 -0.0982221 0.762663 -0.639294 -0.602661 -0.98347 -0.172582 -0.0547849 -0.268101 -0.152113 0.623346 0.767008 0.419639 0.31622 -0.384863 0.867113 0.400795 -0.930002 -0.306262 0.203222 -0.504304 0.187352 -0.87068 -0.454769 0.485867 
1532366389099 -0.0949075 0.760775 -0.642039 -0.602674 -0.984055 -0.169155 -0.0549725 -0.267953 -0.150426 0.626584 0.764699 0.419918 0.31622 -0.384863 0.867113 0.400795 -0.930002 -0.306262 0.203222 -0.504304 0.187352 -0.87068 -0.454769 0.485867 
1532366389387 -0.0915976 0.758866 -0.644773 -0.602687 -0.984627 -0.165725 -0.055172 -0.267805 -0.148723 0.629808 0.76238 0.420198 0.31622 -0.384863 0.867113 0.400795 -0.930002 -0.306262 0.203222 -0.504304 0.187352 -0.87068 -0.454769 0.485867 
1532366389695 -0.0882926 0.756934 -0.647499 -0.6027 -0.985187 -0.162293 -0.0553833 -0.267657 -0.147006 0.633018 0.760051 0.420477 0.31622 -0.384863 0.867113 0.400795 -0.930002 -0.306262 0.203222 -0.504304 0.187352 -0.87068 -0.454769 0.485867 
1532366390005 -0.0849926 0.754981 -0.650215 -0.602713 -0.985734 -0.158861 -0.0556079 -0.267509 -0.145277 0.636212 0.757713 0.420757 0.31622 -0.384863 0.867113 0.400795 -0.930002 -0.306262 0.203222 -0.504304 0.187352 -0.87068 -0.454769 0.485867 
1532366390312 -0.0816976 0.753007 -0.652921 -0.602727 -0.986268 -0.155428 -0.0558449 -0.267361 -0.143534 0.639393 0.755364 0.421036 0.31622 -0.384863 0.867113 0.400795 -0.930002 -0.306262 0.203222 -0.504304 0.187352 -0.87068 -0.454769 0.485867 
1532366390687 -0.0784078 0.751011 -0.655618 -0.60274 -0.986789 -0.151993 -0.0560942 -0.267212 -0.141777 0.642558 0.753006 0.421315 0.31622 -0.384863 0.867113 0.400795 -0.930002 -0.306262 0.203222 -0.504304 0.187352 -0.87068 -0.454769 0.485867 
1532366390999 -0.0751232 0.748993 -0.658305 -0.602753 -0.987297 -0.148557 -0.0563552 -0.267064 -0.140005 0.645709 0.750638 0.421595 0.31622 -0.384863 0.867113 0.400795 -0.930002 -0.306262 0.203222 -0.504304 0.187352 -0.87068 -0.454769 0.485867 
1532366391304 -0.0718442 0.746954 -0.660983 -0.602767 -0.987792 -0.14512 -0.056629 -0.266917 -0.138221 0.648845 0.748261 0.421873 0.31622 -0.384863 0.867113 0.400795 -0.930002 -0.306262 0.203222 -0.504304 0.187352 -0.87068 -0.454769 0.485867 
1532366391619 -0.068576 0.7449 -0.663643 -0.602795 -0.988274 -0.141685 -0.0569123 -0.266784 -0.136422 0.651958 0.745882 0.422126 0.31622 -0.384863 0.867113 0.400795 -0.930002 -0.306262 0.203222 -0.504304 0.187352 -0.87068 -0.454769 0.485867 
1532366391957 -0.0686777 0.74495 -0.663576 -0.602781 -0.98827 -0.141744 -0.0568431 -0.266783 -0.136403 0.651888 0.745946 0.422164 0.31622 -0.384863 0.867113 0.400795 -0.930002 -0.306262 0.203222 -0.504304 0.187352 -0.87068 -0.454769 0.485867 
1532366392136 -0.0666775 0.744046 -0.664793 -0.602798 -0.98851 -0.139844 -0.0573694 -0.266668 -0.135653 0.653329 0.744822 0.42229 0.31622 -0.384863 0.867113 0.400795 -0.930002 -0.306262 0.203222 -0.504304 0.187352 -0.87068 -0.454769 0.485867 
1532366392421 -0.0646788 0.743136 -0.666008 -0.602815 -0.988746 -0.137944 -0.0578979 -0.266554 -0.134898 0.654768 0.743695 0.422416 0.31622 -0.384863 0.867113 0.400795 -0.930002 -0.306262 0.203222 -0.504304 0.187352 -0.87068 -0.454769 0.485867 
1532366392684 -0.0626811 0.742219 -0.667219 -0.602832 -0.988978 -0.136045 -0.0584295 -0.266439 -0.13414 0.656203 0.742566 0.422542 0.31622 -0.384863 0.867113 0.400795 -0.930002 -0.306262 0.203222 -0.504304 0.187352 -0.87068 -0.454769 0.485867 
1532366392929 -0.0606841 0.741297 -0.668428 -0.602849 -0.989206 -0.134146 -0.0589638 -0.266325 -0.133377 0.657635 0.741436 0.422668 0.31622 -0.384863 0.867113 0.400795 -0.930002 -0.306262 0.203222 -0.504304 0.187352 -0.87068 -0.454769 0.485867 
1532366393170 -0.0586884 0.740369 -0.669634 -0.602865 -0.989429 -0.132248 -0.0595018 -0.26621 -0.132611 0.659063 0.740304 0.422795 0.31622 -0.384863 0.867113 0.400795 -0.930002 -0.306262 0.203222 -0.504304 0.187352 -0.87068 -0.454769 0.485867 
1532366393486 -0.0566933 0.739435 -0.670837 -0.602882 -0.989648 -0.13035 -0.0600425 -0.266095 -0.131841 0.660488 0.739171 0.422921 0.31622 -0.384863 0.867113 0.400795 -0.930002 -0.306262 0.203222 -0.504304 0.187352 -0.87068 -0.454769 0.485867 
1532366393728 -0.0546997 0.738495 -0.672036 -0.602899 -0.989863 -0.128453 -0.0605868 -0.265981 -0.131068 0.66191 0.738036 0.423047 0.31622 -0.384863 0.867113 0.400795 -0.930002 -0.306262 0.203222 -0.504304 0.187352 -0.87068 -0.454769 0.485867 
1532366393962 -0.0527071 0.73755 -0.673233 -0.602917 -0.990074 -0.126555 -0.0611332 -0.265867 -0.13029 0.663328 0.736899 0.423172 0.31622 -0.384863 0.867113 0.400795 -0.930002 -0.306262 0.203222 -0.504304 0.187352 -0.87068 -0.454769 0.485867 
1532366394206 -0.0507187 0.736601 -0.674423 -0.602941 -0.99028 -0.12466 -0.0616807 -0.265762 -0.129508 0.66474 0.735764 0.423285 0.31622 -0.384863 0.867113 0.400795 -0.930002 -0.306262 0.203222 -0.504304 0.187352 -0.87068 -0.454769 0.485867 
1532366394458 -0.0507354 0.736644 -0.674375 -0.602955 -0.990278 -0.124675 -0.0616849 -0.265779 -0.129517 0.66469 0.735808 0.423269 0.31622 -0.384863 0.867113 0.400795 -0.930002 -0.306262 0.203222 -0.504304 0.187352 -0.87068 -0.454769 0.485867 
1532366394471 -0.0501252 0.736107 -0.675007 -0.602954 -0.990265 -0.124503 -0.0622368 -0.265751 -0.129853 0.665316 0.735182 0.423345 0.31622 -0.384863 0.867113 0.400795 -0.930002 -0.306262 0.203222 -0.504304 0.187352 -0.87068 -0.454769 0.485867 
1532366394723 -0.0495137 0.73557 -0.675637 -0.602953 -0.990252 -0.124331 -0.0627896 -0.265722 -0.130189 0.665942 0.734555 0.423421 0.31622 -0.384863 0.867113 0.400795 -0.930002 -0.306262 0.203222 -0.504304 0.187352 -0.87068 -0.454769 0.485867 
1532366395008 -0.0489023 0.735032 -0.676267 -0.602951 -0.990238 -0.124159 -0.0633419 -0.265694 -0.130523 0.666568 0.733928 0.423497 0.31622 -0.384863 0.867113 0.400795 -0.930002 -0.306262 0.203222 -0.504304 0.187352 -0.87068 -0.454769 0.485867 
1532366395234 -0.0482906 0.734493 -0.676895 -0.60295 -0.990224 -0.123988 -0.0638944 -0.265665 -0.130857 0.667193 0.733301 0.423573 0.31622 -0.384863 0.867113 0.400795 -0.930002 -0.306262 0.203222 -0.504304 0.187352 -0.87068 -0.454769 0.485867 
1532366395241 -0.0476786 0.733954 -0.677523 -0.602949 -0.99021 -0.123817 -0.0644471 -0.265637 -0.13119 0.667818 0.732672 0.423649 0.31622 -0.384863 0.867113 0.400795 -0.930002 -0.306262 0.203222 -0.504304 0.187352 -0.87068 -0.454769 0.485867 
1532366395496 -0.0470664 0.733415 -0.67815 -0.602948 -0.990195 -0.123647 -0.0649998 -0.265609 -0.131523 0.668442 0.732043 0.423725 0.31622 -0.384863 0.867113 0.400795 -0.930002 -0.306262 0.203222 -0.504304 0.187352 -0.87068 -0.454769 0.485867 
1532366395715 -0.0464538 0.732874 -0.678776 -0.602947 -0.99018 -0.123477 -0.0655527 -0.26558 -0.131855 0.669065 0.731414 0.423801 0.31622 -0.384863 0.867113 0.400795 -0.930002 -0.306262 0.203222 -0.504304 0.187352 -0.87068 -0.454769 0.485867 
1532366395722 -0.0458411 0.732334 -0.679401 -0.602946 -0.990164 -0.123308 -0.0661056 -0.265552 -0.132187 0.669689 0.730783 0.423877 0.31622 -0.384863 0.867113 0.400795 -0.930002 -0.306262 0.203222 -0.504304 0.187352 -0.87068 -0.454769 0.485867 
1532366395954 -0.0452297 0.731793 -0.680024 -0.602949 -0.990148 -0.123139 -0.0666567 -0.265528 -0.132516 0.67031 0.730154 0.423944 0.31622 -0.384863 0.867113 0.400795 -0.930002 -0.306262 0.203222 -0.504304 0.187352 -0.87068 -0.454769 0.485867 
1532366396171 -0.0453526 0.73173 -0.680084 -0.602986 -0.990142 -0.123236 -0.0665651 -0.265466 -0.132519 0.670361 0.730106 0.423903 0.31622 -0.384863 0.867113 0.400795 -0.930002 -0.306262 0.203222 -0.504304 0.187352 -0.87068 -0.454769 0.485867 
1532366396184 -0.0457112 0.73152 -0.680286 -0.60299 -0.990228 -0.122998 -0.0657238 -0.265516 -0.131752 0.670634 0.729994 0.423911 0.31622 -0.384863 0.867113 0.400795 -0.930002 -0.306262 0.203222 -0.504304 0.187352 -0.87068 -0.454769 0.485867 
1532366396398 -0.0460689 0.731309 -0.680488 -0.602994 -0.990313 -0.122759 -0.0648829 -0.265567 -0.130986 0.670908 0.729881 0.423919 0.31622 -0.384863 0.867113 0.400795 -0.930002 -0.306262 0.203222 -0.504304 0.187352 -0.87068 -0.454769 0.485867 
1532366396604 -0.0464278 0.731099 -0.68069 -0.602999 -0.990398 -0.12252 -0.0640413 -0.265618 -0.130219 0.671181 0.729767 0.423926 0.31622 -0.384863 0.867113 0.400795 -0.930002 -0.306262 0.203222 -0.504304 0.187352 -0.87068 -0.454769 0.485867 
1532366396777 -0.0467862 0.730888 -0.680892 -0.603003 -0.990481 -0.122281 -0.0632002 -0.265668 -0.129452 0.671454 0.729652 0.423934 0.31622 -0.384863 0.867113 0.400795 -0.930002 -0.306262 0.203222 -0.504304 0.187352 -0.87068 -0.454769 0.485867 
1532366396943 -0.0471449 0.730678 -0.681093 -0.603007 -0.990564 -0.122041 -0.0623591 -0.265719 -0.128685 0.671726 0.729537 0.423942 0.31622 -0.384863 0.867113 0.400795 -0.930002 -0.306262 0.203222 -0.504304 0.187352 -0.87068 -0.454769 0.485867 
1532366397134 -0.0475038 0.730467 -0.681294 -0.603012 -0.990646 -0.121801 -0.0615181 -0.26577 -0.127919 0.671999 0.729421 0.42395 0.31622 -0.384863 0.867113 0.400795 -0.930002 -0.306262 0.203222 -0.504304 0.187352 -0.87068 -0.454769 0.485867 
1532366397322 -0.0478629 0.730257 -0.681494 -0.603016 -0.990728 -0.12156 -0.060677 -0.26582 -0.127152 0.672271 0.729304 0.423958 0.31622 -0.384863 0.867113 0.400795 -0.930002 -0.306262 0.203222 -0.504304 0.187352 -0.87068 -0.454769 0.485867 
1532366397520 -0.0482222 0.730047 -0.681694 -0.60302 -0.990808 -0.121319 -0.0598361 -0.265871 -0.126386 0.672543 0.729187 0.423965 0.31622 -0.384863 0.867113 0.400795 -0.930002 -0.306262 0.203222 -0.504304 0.187352 -0.87068 -0.454769 0.485867 
1532366397706 -0.0485799 0.729837 -0.681893 -0.603023 -0.990888 -0.121078 -0.0589978 -0.265917 -0.125621 0.672814 0.729069 0.423974 0.31622 -0.384863 0.867113 0.400795 -0.930002 -0.306262 0.203222 -0.504304 0.187352 -0.87068 -0.454769 0.485867 
1532366397893 -0.0485004 0.729739 -0.682004 -0.603038 -0.990874 -0.121123 -0.0591352 -0.2659 -0.12576 0.672912 0.728954 0.423901 0.31622 -0.384863 0.867113 0.400795 -0.930002 -0.306262 0.203222 -0.504304 0.187352 -0.87068 -0.454769 0.485867 
1532366397907 -0.0485468 0.730026 -0.681693 -0.603041 -0.990881 -0.121087 -0.0591062 -0.2659 -0.125693 0.672607 0.729247 0.423867 0.31622 -0.384863 0.867113 0.400795 -0.930002 -0.306262 0.203222 -0.504304 0.187352 -0.87068 -0.454769 0.485867 
1532366398080 -0.0485936 0.730313 -0.681382 -0.603045 -0.990887 -0.121051 -0.0590777 -0.265901 -0.125627 0.672302 0.72954 0.423832 0.31622 -0.384863 0.867113 0.400795 -0.930002 -0.306262 0.203222 -0.504304 0.187352 -0.87068 -0.454769 0.485867 
1532366398259 -0.0486403 0.7306 -0.681071 -0.603048 -0.990893 -0.121016 -0.0590492 -0.265901 -0.125562 0.671996 0.729833 0.423798 0.31622 -0.384863 0.867113 0.400795 -0.930002 -0.306262 0.203222 -0.504304 0.187352 -0.87068 -0.454769 0.485867 
1532366398414 -0.0486872 0.730888 -0.680759 -0.603052 -0.990899 -0.12098 -0.0590204 -0.265901 -0.125495 0.67169 0.730126 0.423763 0.31622 -0.384863 0.867113 0.400795 -0.930002 -0.306262 0.203222 -0.504304 0.187352 -0.87068 -0.454769 0.485867 
1532366398607 -0.0487339 0.731175 -0.680447 -0.603055 -0.990905 -0.120944 -0.0589917 -0.265902 -0.12543 0.671384 0.730419 0.423729 0.31622 -0.384863 0.867113 0.400795 -0.930002 -0.306262 0.203222 -0.504304 0.187352 -0.87068 -0.454769 0.485867 
1532366398614 -0.0487807 0.731462 -0.680136 -0.603058 -0.990911 -0.120909 -0.0589631 -0.265902 -0.125364 0.671077 0.730711 0.423694 0.31622 -0.384863 0.867113 0.400795 -0.930002 -0.306262 0.203222 -0.504304 0.187352 -0.87068 -0.454769 0.485867 
1532366398816 -0.0488274 0.731748 -0.679824 -0.603062 -0.990917 -0.120873 -0.0589345 -0.265902 -0.125298 0.670771 0.731004 0.42366 0.31622 -0.384863 0.867113 0.400795 -0.930002 -0.306262 0.203222 -0.504304 0.187352 -0.87068 -0.454769 0.485867 
1532366398983 -0.048874 0.732035 -0.679512 -0.603065 -0.990923 -0.120838 -0.0589059 -0.265902 -0.125232 0.670465 0.731296 0.423625 0.31622 -0.384863 0.867113 0.400795 -0.930002 -0.306262 0.203222 -0.504304 0.187352 -0.87068 -0.454769 0.485867 
1532366399131 -0.0489204 0.73232 -0.679201 -0.603067 -0.990929 -0.120803 -0.0588774 -0.265902 -0.125166 0.670159 0.731587 0.423594 0.31622 -0.384863 0.867113 0.400795 -0.930002 -0.306262 0.203222 -0.504304 0.187352 -0.87068 -0.454769 0.485867 
1532366399291 -0.0489243 0.732256 -0.67927 -0.603066 -0.99092 -0.120857 -0.0589137 -0.265887 -0.125235 0.67022 0.73152 0.423592 0.31622 -0.384863 0.867113 0.400795 -0.930002 -0.306262 0.203222 -0.504304 0.187352 -0.87068 -0.454769 0.485867 
1532366399304 -0.0488668 0.73217 -0.679366 -0.603062 -0.990922 -0.120827 -0.0589411 -0.265888 -0.125241 0.670319 0.731428 0.423623 0.31622 -0.384863 0.867113 0.400795 -0.930002 -0.306262 0.203222 -0.504304 0.187352 -0.87068 -0.454769 0.485867 
1532366399311 -0.0488105 0.732085 -0.679462 -0.603058 -0.990924 -0.120797 -0.0589673 -0.265889 -0.125246 0.670418 0.731337 0.423653 0.31622 -0.384863 0.867113 0.400795 -0.930002 -0.306262 0.203222 -0.504304 0.187352 -0.87068 -0.454769 0.485867 
1532366399537 -0.0487543 0.732 -0.679558 -0.603054 -0.990926 -0.120767 -0.0589936 -0.26589 -0.125252 0.670516 0.731246 0.423684 0.31622 -0.384863 0.867113 0.400795 -0.930002 -0.306262 0.203222 -0.504304 0.187352 -0.87068 -0.454769 0.485867 
