1537349157275 0.209998 0.9182 -0.335871 -0.512614 -0.944631 0.279139 0.172492 -0.173347 0.252137 0.281051 0.925979 0.445822 0.166063 -0.0217225 0.985876 0.380371 -0.983673 -0.0739684 0.164063 -0.513791 0.0693598 -0.997024 -0.0336512 0.425488 
1537349157293 0.214938 0.918883 -0.33084 -0.52486 -0.943543 0.282805 0.172474 -0.183952 0.252047 0.275091 0.927792 0.438547 0.166423 -0.0311735 0.985562 0.380827 -0.984848 -0.0546833 0.164573 -0.514684 0.0487635 -0.998017 -0.0398017 0.426481 
1537349158261 0.219874 0.919517 -0.325798 -0.53711 -0.942438 0.286466 0.172476 -0.194562 0.251925 0.269121 0.929574 0.43127 0.166588 -0.0406273 0.985189 0.381282 -0.985625 -0.0353809 0.165203 -0.515575 0.0281451 -0.998548 -0.0459373 0.427475 
1537349159201 0.224805 0.920101 -0.320745 -0.549359 -0.941315 0.290121 0.172499 -0.20517 0.251771 0.263143 0.931325 0.423994 0.166558 -0.05008 0.984759 0.381738 -0.986003 -0.0160708 0.165951 -0.516467 0.00751501 -0.998616 -0.0520558 0.428468 
1537349160213 0.22973 0.920635 -0.315681 -0.561609 -0.940175 0.29377 0.172542 -0.215779 0.251586 0.257157 0.933046 0.416717 0.166333 -0.0595273 0.984271 0.382194 -0.985982 0.00323797 0.166818 -0.517358 -0.0131173 -0.998221 -0.0581542 0.429462 
1537349161135 0.234651 0.92112 -0.310607 -0.573858 -0.939017 0.297414 0.172606 -0.226387 0.25137 0.251163 0.934735 0.409441 0.165913 -0.0689648 0.983726 0.382649 -0.985563 0.0225367 0.167802 -0.518249 -0.0337424 -0.997365 -0.06423 0.430455 
1537349162160 0.239565 0.921555 -0.305524 -0.586107 -0.937841 0.301051 0.17269 -0.236996 0.251122 0.245162 0.936394 0.402165 0.165297 -0.0783881 0.983124 0.383105 -0.984745 0.0418162 0.168904 -0.519141 -0.0543505 -0.996046 -0.0702801 0.431448 
1537349163144 0.244474 0.92194 -0.30043 -0.598358 -0.936649 0.304682 0.172795 -0.247605 0.250842 0.239154 0.938021 0.394888 0.164487 -0.0877929 0.982464 0.38356 -0.983529 0.0610678 0.170122 -0.520032 -0.0749324 -0.994265 -0.076302 0.432442 
1537349164172 0.249377 0.922276 -0.295327 -0.610607 -0.935439 0.308307 0.17292 -0.258214 0.250532 0.233138 0.939617 0.387612 0.163483 -0.0971747 0.981749 0.384016 -0.981915 0.0802823 0.171457 -0.520923 -0.0954783 -0.992024 -0.0822926 0.433435 
1537349165196 0.254273 0.922562 -0.290215 -0.622857 -0.934211 0.311926 0.173065 -0.268822 0.250189 0.227117 0.941182 0.380335 0.162284 -0.106529 0.980977 0.384471 -0.979904 0.099451 0.172907 -0.521815 -0.115979 -0.989324 -0.0882493 0.434429 
1537349166277 0.254773 0.922252 -0.29076 -0.622704 -0.934122 0.312462 0.17258 -0.268974 0.250013 0.227637 0.941103 0.380387 0.162139 -0.10548 0.981114 0.384379 -0.980084 0.0983103 0.172538 -0.521737 -0.114653 -0.98955 -0.0874394 0.434469 
1537349166281 0.255212 0.922309 -0.290195 -0.62394 -0.934007 0.31277 0.172643 -0.270018 0.249994 0.226983 0.941266 0.379655 0.16203 -0.106515 0.98102 0.384434 -0.979845 0.100342 0.17273 -0.521834 -0.116836 -0.989235 -0.0881096 0.434564 
1537349166648 0.255651 0.922365 -0.289628 -0.62518 -0.933892 0.313077 0.172707 -0.271063 0.249975 0.226329 0.941428 0.378922 0.161917 -0.10755 0.980926 0.384489 -0.979601 0.102374 0.172922 -0.521931 -0.119019 -0.988915 -0.0887796 0.43466 
1537349167063 0.25609 0.922421 -0.289062 -0.62642 -0.933777 0.313385 0.172772 -0.272109 0.249956 0.225674 0.941591 0.378189 0.161801 -0.108584 0.980831 0.384543 -0.979352 0.104405 0.173116 -0.522028 -0.121202 -0.988589 -0.0894491 0.434755 
1537349167453 0.256529 0.922477 -0.288495 -0.627662 -0.933662 0.313692 0.172837 -0.273155 0.249937 0.225019 0.941752 0.377456 0.161683 -0.109618 0.980736 0.384598 -0.979099 0.106436 0.17331 -0.522125 -0.123383 -0.988259 -0.0901181 0.43485 
1537349167829 0.256967 0.922532 -0.287929 -0.628902 -0.933546 0.314 0.172902 -0.2742 0.249918 0.224365 0.941914 0.376724 0.161563 -0.110652 0.980639 0.384653 -0.978842 0.108466 0.173506 -0.522222 -0.125565 -0.987923 -0.0907866 0.434946 
1537349168293 0.257406 0.922586 -0.287362 -0.630143 -0.933431 0.314307 0.172968 -0.275246 0.249898 0.22371 0.942075 0.375991 0.161441 -0.111685 0.980542 0.384708 -0.97858 0.110495 0.173704 -0.522318 -0.127745 -0.987582 -0.0914546 0.435041 
1537349168740 0.257845 0.92264 -0.286795 -0.631384 -0.933315 0.314614 0.173034 -0.276293 0.249878 0.223055 0.942236 0.375258 0.161317 -0.112718 0.980445 0.384763 -0.978313 0.112523 0.173903 -0.522415 -0.129925 -0.987235 -0.0921221 0.435136 
1537349169227 0.258283 0.922693 -0.286228 -0.632625 -0.933199 0.314921 0.173099 -0.277339 0.249857 0.222399 0.942396 0.374525 0.16119 -0.113751 0.980346 0.384817 -0.978042 0.114551 0.174103 -0.522512 -0.132104 -0.986883 -0.092789 0.435231 
1537349169699 0.258722 0.922746 -0.285662 -0.633865 -0.933084 0.315228 0.173165 -0.278384 0.249836 0.221744 0.942556 0.373792 0.161061 -0.114784 0.980247 0.384872 -0.977767 0.116578 0.174305 -0.522609 -0.134282 -0.986526 -0.0934554 0.435327 
1537349170120 0.25893 0.922585 -0.285993 -0.633683 -0.93303 0.315485 0.172986 -0.278347 0.249821 0.222049 0.942488 0.373825 0.161179 -0.114209 0.980295 0.384873 -0.977881 0.115686 0.17426 -0.52252 -0.133308 -0.986698 -0.0930371 0.435287 
1537349170134 0.259154 0.922543 -0.285925 -0.633872 -0.933114 0.315556 0.172401 -0.278448 0.249273 0.222122 0.942616 0.373801 0.161284 -0.114285 0.980269 0.384904 -0.978033 0.114401 0.174254 -0.522574 -0.132058 -0.986839 -0.0933233 0.435294 
1537349170337 0.259377 0.922502 -0.285856 -0.634065 -0.933198 0.315625 0.171817 -0.278551 0.248725 0.222195 0.942743 0.373776 0.16139 -0.11436 0.980242 0.384936 -0.978183 0.113116 0.174248 -0.52263 -0.130808 -0.986979 -0.0936092 0.435302 
1537349170469 0.259599 0.922461 -0.285787 -0.63426 -0.933282 0.315695 0.171234 -0.278655 0.248178 0.222268 0.94287 0.373751 0.161496 -0.114435 0.980216 0.384968 -0.978332 0.111831 0.174241 -0.522687 -0.129558 -0.987116 -0.0938951 0.435309 
1537349170601 0.259822 0.922419 -0.285718 -0.634454 -0.933366 0.315764 0.17065 -0.278758 0.24763 0.222341 0.942997 0.373727 0.161602 -0.11451 0.98019 0.385 -0.978479 0.110546 0.174235 -0.522743 -0.128308 -0.987252 -0.0941809 0.435317 
1537349170758 0.260045 0.922378 -0.285649 -0.634647 -0.933449 0.315833 0.170066 -0.278861 0.247082 0.222414 0.943124 0.373702 0.161709 -0.114584 0.980164 0.385032 -0.978625 0.109261 0.174228 -0.522798 -0.127057 -0.987387 -0.0944667 0.435324 
1537349170851 0.260267 0.922337 -0.28558 -0.634841 -0.933532 0.315902 0.169482 -0.278965 0.246535 0.222487 0.94325 0.373677 0.161815 -0.114659 0.980137 0.385064 -0.978769 0.107976 0.17422 -0.522855 -0.125807 -0.987519 -0.0947526 0.435332 
1537349171049 0.26049 0.922296 -0.28551 -0.635036 -0.933614 0.315971 0.168898 -0.279068 0.245987 0.22256 0.943376 0.373652 0.161922 -0.114733 0.980111 0.385096 -0.978911 0.10669 0.174213 -0.522911 -0.124556 -0.98765 -0.0950384 0.435339 
1537349171142 0.260712 0.922254 -0.285441 -0.635229 -0.933696 0.31604 0.168314 -0.279171 0.245439 0.222634 0.943501 0.373628 0.162028 -0.114808 0.980085 0.385128 -0.979052 0.105404 0.174205 -0.522967 -0.123305 -0.98778 -0.0953242 0.435347 
1537349171301 0.260934 0.922213 -0.285371 -0.635423 -0.933778 0.316109 0.16773 -0.279275 0.244891 0.222707 0.943626 0.373603 0.162136 -0.114882 0.980058 0.385161 -0.979191 0.104118 0.174197 -0.523023 -0.122054 -0.987908 -0.0956099 0.435354 
1537349171448 0.260837 0.922233 -0.285395 -0.635193 -0.933629 0.316181 0.168424 -0.279201 0.245563 0.222522 0.943495 0.373646 0.162028 -0.114802 0.980086 0.385171 -0.979063 0.105321 0.174195 -0.522971 -0.123221 -0.98779 -0.0953333 0.435326 
1537349171481 0.260699 0.922366 -0.285093 -0.635267 -0.933786 0.315887 0.168106 -0.279275 0.245113 0.22239 0.943643 0.373666 0.161859 -0.114998 0.98009 0.385139 -0.979153 0.104798 0.174 -0.522969 -0.122721 -0.987822 -0.0956381 0.435333 
1537349171494 0.260561 0.922498 -0.284789 -0.635347 -0.933943 0.315592 0.167789 -0.279353 0.244662 0.222258 0.943791 0.373684 0.161689 -0.115194 0.980095 0.385107 -0.979244 0.104275 0.173804 -0.522967 -0.122221 -0.987855 -0.0959424 0.435339 
1537349171520 0.260422 0.922631 -0.284487 -0.635425 -0.934099 0.315297 0.16747 -0.279429 0.244211 0.222126 0.943939 0.373703 0.161519 -0.115389 0.9801 0.385074 -0.979334 0.103753 0.173608 -0.522964 -0.121721 -0.987887 -0.0962465 0.435346 
1537349171622 0.260283 0.922763 -0.284184 -0.635504 -0.934256 0.315003 0.167152 -0.279506 0.24376 0.221993 0.944087 0.373722 0.16135 -0.115585 0.980105 0.385042 -0.979424 0.103231 0.173412 -0.522962 -0.121221 -0.987919 -0.0965506 0.435352 
1537349171801 0.260144 0.922896 -0.283881 -0.635584 -0.934412 0.314708 0.166834 -0.279583 0.24331 0.221861 0.944234 0.373741 0.16118 -0.115781 0.98011 0.38501 -0.979514 0.102709 0.173215 -0.52296 -0.120721 -0.98795 -0.0968545 0.435359 
1537349171832 0.260005 0.923028 -0.283578 -0.635662 -0.934568 0.314414 0.166515 -0.27966 0.242859 0.221728 0.944381 0.37376 0.161011 -0.115977 0.980115 0.384977 -0.979603 0.102187 0.173018 -0.522957 -0.120221 -0.987981 -0.0971584 0.435366 
1537349171953 0.259866 0.92316 -0.283275 -0.635741 -0.934723 0.314119 0.166197 -0.279737 0.242408 0.221595 0.944528 0.373779 0.160841 -0.116173 0.980119 0.384945 -0.979692 0.101665 0.172821 -0.522955 -0.119721 -0.988012 -0.0974621 0.435372 
1537349172020 0.259727 0.923292 -0.282972 -0.635821 -0.934879 0.313824 0.165878 -0.279815 0.241957 0.221462 0.944675 0.373797 0.160672 -0.116369 0.980124 0.384913 -0.979781 0.101142 0.172624 -0.522952 -0.11922 -0.988043 -0.0977657 0.435379 
1537349172071 0.259587 0.923424 -0.282669 -0.6359 -0.935034 0.31353 0.165559 -0.279891 0.241506 0.221328 0.944822 0.373816 0.160502 -0.116566 0.980128 0.38488 -0.97987 0.10062 0.172426 -0.52295 -0.11872 -0.988073 -0.0980693 0.435385 
1537349172249 0.259795 0.923193 -0.283234 -0.63575 -0.934756 0.314033 0.166179 -0.279732 0.24236 0.221582 0.944544 0.373742 0.160918 -0.115899 0.980139 0.384972 -0.979629 0.102122 0.17291 -0.522995 -0.120134 -0.987997 -0.0971046 0.435411 
1537349172256 0.259678 0.923339 -0.282865 -0.635798 -0.934909 0.313743 0.16586 -0.279841 0.241892 0.221383 0.94471 0.373721 0.160395 -0.116207 0.980188 0.384946 -0.979719 0.102082 0.172421 -0.522986 -0.120097 -0.987965 -0.0974768 0.43542 
1537349172289 0.259575 0.92347 -0.282531 -0.635844 -0.935044 0.313487 0.165583 -0.279932 0.241481 0.221198 0.944859 0.3737 0.159871 -0.116516 0.980237 0.384919 -0.97981 0.102044 0.171931 -0.522973 -0.12006 -0.987933 -0.0978491 0.435428 
1537349172439 0.259471 0.923601 -0.282197 -0.635888 -0.935179 0.313231 0.165305 -0.280021 0.241069 0.221013 0.945007 0.373679 0.159348 -0.116824 0.980286 0.384892 -0.979899 0.102006 0.171442 -0.52296 -0.120023 -0.9879 -0.0982213 0.435437 
1537349172472 0.259367 0.923732 -0.281864 -0.635932 -0.935314 0.312975 0.165027 -0.28011 0.240657 0.220828 0.945155 0.373658 0.158824 -0.117132 0.980334 0.384865 -0.979989 0.101968 0.170952 -0.522948 -0.119986 -0.987868 -0.0985935 0.435445 
1537349172593 0.259264 0.923863 -0.28153 -0.635977 -0.935449 0.312719 0.164749 -0.2802 0.240246 0.220643 0.945303 0.373637 0.158301 -0.117441 0.980382 0.384838 -0.980078 0.10193 0.170462 -0.522935 -0.119949 -0.987835 -0.0989657 0.435454 
1537349172670 0.25916 0.923994 -0.281196 -0.63602 -0.935583 0.312463 0.164471 -0.280289 0.239834 0.220458 0.945451 0.373617 0.157777 -0.117749 0.980429 0.384811 -0.980167 0.101892 0.169972 -0.522923 -0.119912 -0.987802 -0.0993378 0.435462 
1537349172774 0.259056 0.924125 -0.280862 -0.636065 -0.935717 0.312207 0.164193 -0.280379 0.239422 0.220273 0.945599 0.373596 0.157253 -0.118058 0.980476 0.384784 -0.980256 0.101854 0.169482 -0.52291 -0.119874 -0.987769 -0.0997099 0.435471 
1537349172869 0.258951 0.924255 -0.280529 -0.636109 -0.935852 0.311952 0.163915 -0.280468 0.23901 0.220087 0.945746 0.373575 0.15673 -0.118366 0.980523 0.384757 -0.980344 0.101816 0.168992 -0.522897 -0.119836 -0.987736 -0.100082 0.435479 
1537349172941 0.258847 0.924386 -0.280195 -0.636154 -0.935986 0.311696 0.163636 -0.280558 0.238599 0.219902 0.945893 0.373554 0.156206 -0.118675 0.980569 0.38473 -0.980433 0.101779 0.168502 -0.522884 -0.119798 -0.987703 -0.100454 0.435488 
1537349173032 0.259122 0.924114 -0.280836 -0.636025 -0.935696 0.312269 0.1642 -0.28042 0.239436 0.220229 0.945605 0.373578 0.15712 -0.11807 0.980496 0.384792 -0.980274 0.101892 0.169354 -0.522922 -0.1199 -0.987764 -0.0997318 0.435499 
1537349173061 0.259483 0.924076 -0.280629 -0.636015 -0.93566 0.312519 0.163929 -0.280416 0.239185 0.220036 0.945714 0.373549 0.156817 -0.118362 0.98051 0.384787 -0.980263 0.102361 0.169134 -0.522959 -0.120385 -0.987681 -0.0999736 0.435496 
1537349173066 0.259856 0.924024 -0.280456 -0.636001 -0.935613 0.312792 0.163674 -0.280406 0.238963 0.219867 0.945809 0.373523 0.156513 -0.118652 0.980523 0.38478 -0.980252 0.102829 0.168913 -0.522991 -0.120869 -0.987597 -0.100215 0.435492 
1537349173240 0.260227 0.923972 -0.280282 -0.635987 -0.935567 0.313065 0.163419 -0.280396 0.238741 0.219696 0.945905 0.373497 0.156209 -0.118943 0.980536 0.384774 -0.980241 0.103298 0.168692 -0.523023 -0.121352 -0.987513 -0.100457 0.435489 
1537349173257 0.260599 0.92392 -0.280108 -0.635972 -0.93552 0.313338 0.163163 -0.280386 0.238518 0.219527 0.946001 0.37347 0.155904 -0.119233 0.980549 0.384767 -0.980229 0.103767 0.168471 -0.523054 -0.121836 -0.987429 -0.100698 0.435486 
1537349173420 0.260971 0.923867 -0.279935 -0.635958 -0.935473 0.313611 0.162908 -0.280376 0.238296 0.219357 0.946096 0.373444 0.1556 -0.119524 0.980563 0.38476 -0.980218 0.104236 0.16825 -0.523085 -0.12232 -0.987344 -0.10094 0.435482 
1537349173497 0.261342 0.923815 -0.279761 -0.635944 -0.935426 0.313884 0.162653 -0.280367 0.238073 0.219188 0.946191 0.373418 0.155295 -0.119814 0.980575 0.384754 -0.980205 0.104705 0.16803 -0.523118 -0.122803 -0.98726 -0.101182 0.435479 
1537349173601 0.261714 0.923762 -0.279587 -0.635929 -0.935378 0.314157 0.162397 -0.280356 0.237851 0.219018 0.946286 0.373391 0.15499 -0.120104 0.980588 0.384747 -0.980193 0.105174 0.167809 -0.523148 -0.123287 -0.987175 -0.101424 0.435476 
1537349173659 0.262086 0.923709 -0.279414 -0.635915 -0.935331 0.31443 0.162142 -0.280347 0.237628 0.218849 0.946381 0.373365 0.154685 -0.120394 0.980601 0.384741 -0.98018 0.105643 0.167589 -0.523181 -0.12377 -0.987089 -0.101666 0.435472 
1537349173786 0.262458 0.923656 -0.27924 -0.6359 -0.935283 0.314703 0.161887 -0.280337 0.237405 0.21868 0.946477 0.373339 0.15438 -0.120684 0.980613 0.384734 -0.980167 0.106112 0.167369 -0.523213 -0.124253 -0.987003 -0.101908 0.435469 
1537349173879 0.26188 0.923697 -0.279647 -0.635908 -0.935349 0.314311 0.162271 -0.280428 0.237785 0.219072 0.94629 0.373326 0.155016 -0.120277 0.980563 0.384801 -0.980134 0.105582 0.167899 -0.523114 -0.123724 -0.98711 -0.10152 0.435418 
1537349173892 0.262409 0.923605 -0.279457 -0.635733 -0.935256 0.314732 0.161986 -0.280333 0.237565 0.218857 0.946395 0.373382 0.155077 -0.120313 0.980549 0.384827 -0.980147 0.10539 0.167945 -0.523227 -0.123546 -0.987126 -0.101581 0.435371 
1537349173913 0.262937 0.923512 -0.279267 -0.635553 -0.935164 0.315152 0.161701 -0.280235 0.237345 0.218643 0.9465 0.373439 0.155139 -0.120349 0.980535 0.384853 -0.980159 0.105199 0.167991 -0.523342 -0.123369 -0.987142 -0.101641 0.435325 
1537349174141 0.263465 0.923419 -0.279077 -0.635372 -0.935071 0.315573 0.161416 -0.280137 0.237124 0.218429 0.946605 0.373496 0.155201 -0.120385 0.98052 0.38488 -0.980172 0.105008 0.168038 -0.523457 -0.123191 -0.987158 -0.1017 0.435278 
1537349174212 0.263994 0.923325 -0.278887 -0.635191 -0.934978 0.315994 0.161131 -0.280039 0.236903 0.218216 0.946709 0.373553 0.155262 -0.12042 0.980506 0.384906 -0.980184 0.104816 0.168084 -0.523571 -0.123014 -0.987174 -0.10176 0.435232 
1537349174373 0.264522 0.923232 -0.278697 -0.635011 -0.934885 0.316415 0.160846 -0.279941 0.236682 0.218002 0.946814 0.37361 0.155323 -0.120456 0.980492 0.384932 -0.980197 0.104625 0.16813 -0.523686 -0.122836 -0.98719 -0.10182 0.435185 
1537349174471 0.26505 0.923138 -0.278506 -0.634831 -0.934791 0.316836 0.160562 -0.279844 0.236461 0.217788 0.946918 0.373667 0.155385 -0.120491 0.980478 0.384958 -0.980209 0.104434 0.168177 -0.523801 -0.122659 -0.987206 -0.101879 0.435139 
1537349174649 0.265578 0.923043 -0.278315 -0.63465 -0.934697 0.317257 0.160277 -0.279745 0.23624 0.217574 0.947023 0.373724 0.155446 -0.120527 0.980464 0.384985 -0.980222 0.104243 0.168222 -0.523916 -0.122481 -0.987222 -0.101939 0.435092 
1537349174666 0.266105 0.922949 -0.278124 -0.63447 -0.934603 0.317678 0.159992 -0.279648 0.236019 0.217361 0.947127 0.373781 0.155508 -0.120563 0.98045 0.385011 -0.980234 0.104051 0.168269 -0.52403 -0.122304 -0.987238 -0.101999 0.435046 
1537349174894 0.266633 0.922854 -0.277933 -0.634289 -0.934509 0.318099 0.159708 -0.279549 0.235797 0.217148 0.947231 0.373838 0.15557 -0.120598 0.980436 0.385037 -0.980247 0.10386 0.168315 -0.524145 -0.122126 -0.987253 -0.102059 0.434999 
1537349174996 0.265557 0.923049 -0.278316 -0.63466 -0.934681 0.317257 0.16037 -0.279659 0.236327 0.21755 0.947007 0.373711 0.155376 -0.120543 0.980473 0.384964 -0.980275 0.103904 0.168119 -0.52406 -0.122141 -0.987256 -0.102021 0.435109 
1537349175013 0.265771 0.923007 -0.278251 -0.634317 -0.934643 0.317431 0.160252 -0.279543 0.23624 0.217475 0.947046 0.373824 0.15793 -0.121479 0.97995 0.384512 -0.980585 0.0975275 0.170122 -0.524544 -0.116238 -0.987791 -0.103718 0.435684 
1537349175382 0.265987 0.922967 -0.278178 -0.633969 -0.934604 0.317604 0.160134 -0.279418 0.236149 0.217393 0.947087 0.37394 0.160489 -0.122398 0.979419 0.384061 -0.980851 0.091145 0.172114 -0.525033 -0.110336 -0.988287 -0.105427 0.43626 
1537349175729 0.266203 0.922927 -0.278105 -0.633619 -0.934565 0.317777 0.160016 -0.279294 0.236058 0.217311 0.947129 0.374057 0.163054 -0.123301 0.978882 0.383611 -0.981074 0.0847571 0.174095 -0.525525 -0.104433 -0.988743 -0.107147 0.436836 
1537349176121 0.266419 0.922886 -0.278033 -0.633271 -0.934527 0.317951 0.159897 -0.27917 0.235967 0.21723 0.94717 0.374173 0.165622 -0.124186 0.978339 0.383161 -0.981255 0.0783643 0.176063 -0.526013 -0.0985314 -0.98916 -0.108879 0.437412 
1537349176493 0.266635 0.922845 -0.277961 -0.632922 -0.934488 0.318124 0.159778 -0.279046 0.235876 0.217148 0.947211 0.37429 0.168195 -0.125055 0.977789 0.38271 -0.981392 0.0719665 0.178019 -0.526503 -0.0926303 -0.989536 -0.110623 0.437988 
1537349176881 0.266851 0.922805 -0.277888 -0.632572 -0.934449 0.318298 0.15966 -0.278921 0.235786 0.217067 0.947252 0.374406 0.170773 -0.125907 0.977233 0.38226 -0.981486 0.0655642 0.179964 -0.526994 -0.0867301 -0.989873 -0.112379 0.438563 
1537349177283 0.267067 0.922764 -0.277815 -0.632223 -0.934411 0.318471 0.159541 -0.278797 0.235695 0.216985 0.947294 0.374523 0.173354 -0.126741 0.97667 0.38181 -0.981537 0.0591579 0.181895 -0.527483 -0.0808314 -0.99017 -0.114146 0.439139 
1537349177716 0.267283 0.922723 -0.277743 -0.631874 -0.934372 0.318644 0.159422 -0.278672 0.235604 0.216904 0.947335 0.374639 0.17594 -0.127559 0.976101 0.381359 -0.981545 0.0527474 0.183815 -0.527974 -0.0749341 -0.990427 -0.115924 0.439715 
1537349178174 0.267499 0.922683 -0.27767 -0.631525 -0.934333 0.318817 0.159304 -0.278548 0.235513 0.216822 0.947376 0.374756 0.17853 -0.12836 0.975526 0.380909 -0.981509 0.0463335 0.185721 -0.528463 -0.0690387 -0.990645 -0.117714 0.440291 
1537349178632 0.26725 0.922787 -0.277564 -0.631679 -0.934384 0.318579 0.15948 -0.278484 0.235592 0.216731 0.947378 0.374731 0.178303 -0.12853 0.975545 0.380985 -0.981488 0.0472231 0.18561 -0.528312 -0.0699248 -0.990581 -0.117731 0.440127 
1537349178642 0.267346 0.922749 -0.277599 -0.63122 -0.934275 0.318752 0.159772 -0.278311 0.235915 0.216639 0.947318 0.374859 0.176689 -0.128134 0.975891 0.3814 -0.981485 0.0515569 0.184471 -0.528155 -0.0739509 -0.990416 -0.116652 0.439636 
1537349178969 0.267433 0.922714 -0.277631 -0.63078 -0.934174 0.31891 0.160048 -0.278148 0.236218 0.216553 0.947262 0.374974 0.174982 -0.127715 0.976253 0.381836 -0.981456 0.0561993 0.183267 -0.527966 -0.0782707 -0.990217 -0.115513 0.439099 
1537349179296 0.267519 0.92268 -0.277662 -0.630342 -0.934072 0.319069 0.160325 -0.277986 0.236521 0.216466 0.947206 0.375088 0.173277 -0.127288 0.976613 0.382272 -0.981404 0.06084 0.182057 -0.527779 -0.0825907 -0.989998 -0.114378 0.438562 
1537349179641 0.267605 0.922645 -0.277693 -0.629903 -0.933971 0.319227 0.160601 -0.277823 0.236825 0.21638 0.94715 0.375203 0.171574 -0.126852 0.97697 0.382708 -0.98133 0.065479 0.180841 -0.527591 -0.0869111 -0.989758 -0.113249 0.438026 
1537349179996 0.267692 0.922611 -0.277725 -0.629465 -0.933869 0.319385 0.160877 -0.277661 0.237128 0.216293 0.947094 0.375317 0.169872 -0.126408 0.977325 0.383144 -0.981234 0.0701159 0.17962 -0.527404 -0.0912315 -0.989497 -0.112126 0.437489 
1537349180296 0.267778 0.922576 -0.277756 -0.629025 -0.933767 0.319544 0.161153 -0.277498 0.237431 0.216206 0.947038 0.375431 0.168171 -0.125957 0.977678 0.38358 -0.981116 0.074751 0.178393 -0.527216 -0.0955522 -0.989215 -0.111007 0.436953 
1537349180652 0.267864 0.922541 -0.277788 -0.628585 -0.933665 0.319702 0.161429 -0.277335 0.237734 0.21612 0.946982 0.375546 0.166472 -0.125497 0.978027 0.384016 -0.980975 0.079384 0.17716 -0.527027 -0.0998728 -0.988913 -0.109894 0.436416 
1537349181012 0.26795 0.922507 -0.277819 -0.628147 -0.933563 0.319861 0.161705 -0.277173 0.238038 0.216033 0.946926 0.37566 0.164775 -0.125029 0.978375 0.384452 -0.980812 0.0840146 0.175922 -0.52684 -0.104193 -0.98859 -0.108787 0.435879 
1537349181362 0.268037 0.922472 -0.277851 -0.627709 -0.933461 0.320019 0.161981 -0.277011 0.238341 0.215946 0.946869 0.375775 0.16308 -0.124553 0.978719 0.384888 -0.980627 0.088643 0.174679 -0.526653 -0.108513 -0.988245 -0.107684 0.435343 
1537349181861 0.268009 0.922531 -0.277684 -0.627919 -0.933516 0.319921 0.161859 -0.277083 0.238157 0.215843 0.946939 0.37579 0.163118 -0.124507 0.978719 0.384748 -0.98071 0.0878351 0.174623 -0.526776 -0.107708 -0.988323 -0.107778 0.435523 
1537349182009 0.268085 0.922502 -0.277706 -0.627509 -0.933409 0.320075 0.162174 -0.27694 0.238492 0.215737 0.946879 0.37589 0.163059 -0.124353 0.978748 0.384854 -0.980688 0.0881609 0.174583 -0.526808 -0.107997 -0.988314 -0.107576 0.435395 
1537349182224 0.268114 0.922484 -0.277737 -0.627133 -0.93332 0.32018 0.162476 -0.276792 0.238808 0.215656 0.946818 0.375977 0.163 -0.124197 0.978778 0.384959 -0.980666 0.0884859 0.174542 -0.52684 -0.108286 -0.988304 -0.107373 0.435266 
1537349182440 0.268142 0.922467 -0.277768 -0.626757 -0.933231 0.320286 0.162779 -0.276643 0.239123 0.215574 0.946756 0.376064 0.162941 -0.124042 0.978807 0.385065 -0.980644 0.0888109 0.174502 -0.526872 -0.108574 -0.988295 -0.10717 0.435138 
1537349182696 0.26817 0.922449 -0.2778 -0.626381 -0.933142 0.320391 0.163081 -0.276495 0.239439 0.215493 0.946695 0.376152 0.162882 -0.123887 0.978837 0.385171 -0.980621 0.0891359 0.174461 -0.526904 -0.108863 -0.988285 -0.106968 0.43501 
1537349182912 0.268198 0.922431 -0.277831 -0.626004 -0.933053 0.320497 0.163384 -0.276346 0.239754 0.215412 0.946634 0.376239 0.162824 -0.123732 0.978866 0.385276 -0.980599 0.0894609 0.17442 -0.526936 -0.109152 -0.988275 -0.106765 0.434881 
1537349183129 0.268227 0.922414 -0.277862 -0.625629 -0.932964 0.320602 0.163686 -0.276198 0.24007 0.21533 0.946573 0.376326 0.162765 -0.123576 0.978896 0.385382 -0.980577 0.0897859 0.174379 -0.526968 -0.10944 -0.988265 -0.106562 0.434753 
1537349183341 0.268255 0.922396 -0.277893 -0.625251 -0.932874 0.320708 0.163989 -0.27605 0.240385 0.215249 0.946511 0.376414 0.162706 -0.123421 0.978925 0.385488 -0.980554 0.0901108 0.174338 -0.527 -0.109729 -0.988255 -0.10636 0.434625 
1537349183543 0.268283 0.922379 -0.277924 -0.624876 -0.932785 0.320813 0.164291 -0.275902 0.2407 0.215167 0.946449 0.376501 0.162648 -0.123266 0.978954 0.385594 -0.980531 0.0904358 0.174297 -0.527032 -0.110017 -0.988244 -0.106157 0.434497 
1537349183762 0.268311 0.922361 -0.277955 -0.6245 -0.932695 0.320918 0.164594 -0.275753 0.241016 0.215085 0.946388 0.376588 0.162589 -0.123111 0.978983 0.385699 -0.980509 0.0907606 0.174256 -0.527064 -0.110306 -0.988234 -0.105954 0.434368 
1537349183985 0.268167 0.922442 -0.277824 -0.624733 -0.932784 0.320715 0.164488 -0.275775 0.240833 0.21504 0.946445 0.376589 0.1627 -0.123438 0.978924 0.385601 -0.980546 0.0901928 0.174343 -0.527011 -0.109812 -0.988245 -0.106363 0.434502 
1537349184009 0.268199 0.922423 -0.277857 -0.62443 -0.932705 0.320813 0.164742 -0.275663 0.241102 0.214975 0.946391 0.37666 0.162745 -0.123144 0.978953 0.385645 -0.98057 0.089951 0.174329 -0.527071 -0.109525 -0.988304 -0.106112 0.434422 
1537349184020 0.268232 0.922403 -0.277892 -0.624121 -0.932626 0.320913 0.164995 -0.275548 0.241371 0.214912 0.946337 0.376733 0.162789 -0.12285 0.978983 0.38569 -0.980595 0.0897088 0.174314 -0.527132 -0.109238 -0.988362 -0.105862 0.434341 
1537349184237 0.268264 0.922384 -0.277926 -0.623813 -0.932547 0.321012 0.165249 -0.275434 0.24164 0.214849 0.946282 0.376805 0.162833 -0.122555 0.979013 0.385735 -0.98062 0.0894665 0.1743 -0.527193 -0.10895 -0.988421 -0.105612 0.434261 
1537349184427 0.268297 0.922364 -0.27796 -0.623505 -0.932468 0.321111 0.165502 -0.27532 0.241909 0.214785 0.946228 0.376877 0.162877 -0.122261 0.979042 0.38578 -0.980644 0.0892243 0.174286 -0.527255 -0.108663 -0.988479 -0.105362 0.434181 
1537349184622 0.268329 0.922344 -0.277994 -0.623196 -0.932389 0.32121 0.165755 -0.275205 0.242178 0.214722 0.946174 0.376949 0.162921 -0.121966 0.979072 0.385824 -0.980669 0.088982 0.174271 -0.527316 -0.108375 -0.988538 -0.105111 0.4341 
1537349184824 0.268361 0.922324 -0.278028 -0.622888 -0.93231 0.321309 0.166009 -0.275091 0.242447 0.214658 0.946119 0.377021 0.162965 -0.121671 0.979101 0.385869 -0.980693 0.0887396 0.174258 -0.527377 -0.108087 -0.988596 -0.104861 0.43402 
1537349185041 0.268394 0.922305 -0.278063 -0.622579 -0.932231 0.321408 0.166262 -0.274976 0.242716 0.214595 0.946065 0.377094 0.163008 -0.121377 0.97913 0.385914 -0.980718 0.0884974 0.174243 -0.527438 -0.1078 -0.988654 -0.10461 0.43394 
1537349185250 0.268426 0.922285 -0.278097 -0.622272 -0.932151 0.321507 0.166515 -0.274862 0.242985 0.214531 0.94601 0.377166 0.163052 -0.121082 0.979159 0.385958 -0.980742 0.088255 0.174229 -0.527499 -0.107512 -0.988711 -0.10436 0.43386 
1537349185454 0.268459 0.922265 -0.278131 -0.621964 -0.932072 0.321606 0.166769 -0.274748 0.243254 0.214467 0.945955 0.377238 0.163096 -0.120787 0.979189 0.386003 -0.980766 0.0880127 0.174215 -0.52756 -0.107224 -0.988769 -0.10411 0.433779 
1537349185702 0.268431 0.922303 -0.278031 -0.622143 -0.932133 0.321515 0.166603 -0.274759 0.24305 0.21444 0.946014 0.377197 0.163078 -0.121202 0.97914 0.385943 -0.980757 0.0880594 0.174247 -0.527475 -0.107342 -0.988714 -0.104509 0.433903 
1537349185717 0.268449 0.922291 -0.278054 -0.621901 -0.932067 0.32159 0.166829 -0.274671 0.243284 0.21438 0.945967 0.377258 0.163169 -0.120838 0.97917 0.385963 -0.98081 0.0874769 0.174237 -0.527547 -0.106709 -0.98881 -0.104246 0.433849 
1537349185745 0.268468 0.922279 -0.278077 -0.621652 -0.932 0.321666 0.167053 -0.27458 0.243518 0.214319 0.945921 0.377321 0.163261 -0.120474 0.9792 0.385984 -0.980864 0.0868929 0.17423 -0.527622 -0.106076 -0.988906 -0.103983 0.433795 
1537349185972 0.268487 0.922266 -0.2781 -0.621405 -0.931933 0.321742 0.167278 -0.274489 0.243752 0.214259 0.945874 0.377384 0.163352 -0.120111 0.979229 0.386004 -0.980917 0.0863093 0.17422 -0.527697 -0.105442 -0.989002 -0.10372 0.433741 
1537349186130 0.268505 0.922254 -0.278124 -0.621157 -0.931867 0.321818 0.167503 -0.274398 0.243986 0.214199 0.945828 0.377446 0.163443 -0.119747 0.979258 0.386024 -0.98097 0.0857254 0.174212 -0.527771 -0.104809 -0.989096 -0.103457 0.433688 
1537349186261 0.268524 0.922241 -0.278147 -0.620908 -0.9318 0.321894 0.167728 -0.274307 0.24422 0.214138 0.945781 0.377509 0.163535 -0.119383 0.979287 0.386045 -0.981022 0.0851414 0.174204 -0.527845 -0.104175 -0.989191 -0.103194 0.433634 
1537349186401 0.268543 0.922229 -0.27817 -0.620662 -0.931733 0.32197 0.167953 -0.274217 0.244454 0.214078 0.945734 0.377571 0.163625 -0.119019 0.979317 0.386065 -0.981074 0.0845577 0.174195 -0.52792 -0.103541 -0.989285 -0.102931 0.43358 
1537349186570 0.268562 0.922216 -0.278194 -0.620413 -0.931667 0.322046 0.168178 -0.274126 0.244688 0.214018 0.945687 0.377634 0.163716 -0.118655 0.979346 0.386086 -0.981125 0.0839736 0.174188 -0.527994 -0.102907 -0.989378 -0.102667 0.433526 
1537349186765 0.26858 0.922204 -0.278217 -0.620166 -0.9316 0.322122 0.168403 -0.274035 0.244921 0.213957 0.94564 0.377696 0.163806 -0.118291 0.979375 0.386106 -0.981177 0.0833898 0.174179 -0.528069 -0.102274 -0.989471 -0.102404 0.433472 
1537349186872 0.268599 0.922191 -0.27824 -0.619917 -0.931533 0.322198 0.168628 -0.273944 0.245155 0.213897 0.945593 0.377759 0.163897 -0.117927 0.979403 0.386127 -0.981227 0.0828057 0.174172 -0.528143 -0.10164 -0.989564 -0.102141 0.433419 
1537349187069 0.268397 0.922253 -0.27823 -0.620156 -0.931688 0.321918 0.168306 -0.274011 0.244788 0.214051 0.945654 0.377665 0.163727 -0.118349 0.979381 0.386075 -0.981183 0.0834551 0.174113 -0.528073 -0.10234 -0.989459 -0.102458 0.43349 
1537349187084 0.26843 0.922241 -0.27824 -0.619948 -0.931624 0.321999 0.168504 -0.273933 0.244994 0.213983 0.945616 0.377721 0.163813 -0.118035 0.979404 0.386085 -0.981212 0.0830799 0.174128 -0.528142 -0.101922 -0.989528 -0.102208 0.433448 
1537349187113 0.268463 0.922228 -0.27825 -0.619736 -0.93156 0.32208 0.168702 -0.273853 0.2452 0.213916 0.945577 0.377778 0.1639 -0.117721 0.979428 0.386096 -0.981241 0.0827039 0.174144 -0.528212 -0.101503 -0.989597 -0.101958 0.433406 
1537349187156 0.268497 0.922215 -0.27826 -0.619525 -0.931496 0.322161 0.1689 -0.273773 0.245406 0.213849 0.945539 0.377836 0.163987 -0.117407 0.979451 0.386107 -0.98127 0.082328 0.17416 -0.528282 -0.101084 -0.989665 -0.101708 0.433364 
1537349187385 0.268531 0.922202 -0.27827 -0.619312 -0.931432 0.322242 0.169097 -0.273693 0.245612 0.213781 0.945501 0.377893 0.164074 -0.117093 0.979474 0.386118 -0.981298 0.0819521 0.174177 -0.528353 -0.100665 -0.989734 -0.101457 0.433322 
1537349187399 0.268564 0.92219 -0.27828 -0.619099 -0.931368 0.322324 0.169295 -0.273612 0.245818 0.213714 0.945463 0.37795 0.16416 -0.116779 0.979497 0.386129 -0.981327 0.0815761 0.174193 -0.528423 -0.100246 -0.989802 -0.101207 0.43328 
1537349187614 0.268598 0.922177 -0.27829 -0.618887 -0.931304 0.322405 0.169493 -0.273532 0.246024 0.213647 0.945424 0.378007 0.164247 -0.116465 0.97952 0.386141 -0.981355 0.0812 0.17421 -0.528494 -0.0998263 -0.98987 -0.100957 0.433238 
1537349187669 0.268631 0.922164 -0.278299 -0.618675 -0.93124 0.322486 0.16969 -0.273452 0.24623 0.213579 0.945386 0.378064 0.164333 -0.116151 0.979543 0.386151 -0.981383 0.0808242 0.174226 -0.528564 -0.0994072 -0.989938 -0.100706 0.433196 
1537349187869 0.268665 0.922151 -0.27831 -0.618462 -0.931176 0.322567 0.169888 -0.273371 0.246436 0.213512 0.945347 0.378122 0.16442 -0.115837 0.979565 0.386163 -0.981411 0.080448 0.174243 -0.528635 -0.0989878 -0.990005 -0.100456 0.433154 
1537349187930 0.268699 0.922138 -0.27832 -0.61825 -0.931112 0.322648 0.170086 -0.273291 0.246642 0.213445 0.945309 0.378179 0.164505 -0.115522 0.979588 0.386173 -0.981439 0.0800722 0.174259 -0.528705 -0.0985686 -0.990072 -0.100206 0.433112 
1537349188109 0.268516 0.922203 -0.278281 -0.618468 -0.931236 0.322405 0.169868 -0.273318 0.246372 0.213533 0.945359 0.378148 0.164316 -0.115894 0.979576 0.386134 -0.981425 0.0804829 0.174149 -0.528633 -0.0990219 -0.989995 -0.100517 0.433166 
1537349188125 0.26855 0.922192 -0.278287 -0.618293 -0.931182 0.322477 0.170027 -0.273256 0.246539 0.213475 0.945329 0.37819 0.164332 -0.115641 0.979603 0.386133 -0.981433 0.0804184 0.174132 -0.528694 -0.098915 -0.99003 -0.100279 0.433128 
1537349188141 0.268585 0.922179 -0.278293 -0.618113 -0.931128 0.322549 0.170186 -0.27319 0.246705 0.213417 0.945299 0.378233 0.16435 -0.115388 0.97963 0.386133 -0.981441 0.0803529 0.174118 -0.528757 -0.0988074 -0.990065 -0.100041 0.43309 
1537349188155 0.26862 0.922167 -0.2783 -0.617932 -0.931073 0.322623 0.170344 -0.273125 0.246871 0.21336 0.945268 0.378276 0.164368 -0.115136 0.979657 0.386133 -0.981449 0.0802872 0.174105 -0.52882 -0.0986996 -0.9901 -0.0998031 0.433053 
1537349188350 0.268655 0.922155 -0.278307 -0.617752 -0.931019 0.322695 0.170502 -0.273059 0.247038 0.213302 0.945238 0.378318 0.164386 -0.114883 0.979683 0.386133 -0.981457 0.0802217 0.174091 -0.528883 -0.0985919 -0.990135 -0.0995653 0.433015 
1537349188426 0.26869 0.922143 -0.278313 -0.617573 -0.930965 0.322768 0.170661 -0.272994 0.247204 0.213245 0.945207 0.378361 0.164403 -0.11463 0.97971 0.386133 -0.981464 0.0801562 0.174076 -0.528946 -0.0984842 -0.990169 -0.0993275 0.432977 
1537349188561 0.268725 0.922131 -0.27832 -0.617392 -0.93091 0.322841 0.170819 -0.272929 0.247371 0.213187 0.945177 0.378404 0.164421 -0.114377 0.979736 0.386132 -0.981472 0.0800906 0.174062 -0.529009 -0.0983765 -0.990204 -0.0990898 0.43294 
1537349188622 0.26876 0.922118 -0.278326 -0.617213 -0.930856 0.322914 0.170978 -0.272864 0.247537 0.21313 0.945146 0.378447 0.164438 -0.114125 0.979763 0.386132 -0.98148 0.0800251 0.174048 -0.529072 -0.0982688 -0.990238 -0.098852 0.432902 
1537349188769 0.268796 0.922106 -0.278333 -0.617032 -0.930802 0.322987 0.171136 -0.272798 0.247704 0.213072 0.945115 0.378489 0.164456 -0.113872 0.979789 0.386132 -0.981488 0.0799595 0.174034 -0.529135 -0.0981611 -0.990273 -0.0986142 0.432864 
1537349188816 0.268831 0.922094 -0.27834 -0.616852 -0.930747 0.32306 0.171295 -0.272733 0.24787 0.213015 0.945085 0.378532 0.164473 -0.113619 0.979816 0.386132 -0.981496 0.079894 0.17402 -0.529198 -0.0980534 -0.990307 -0.0983764 0.432827 
1537349189006 0.268717 0.922161 -0.278226 -0.617083 -0.930856 0.322865 0.171071 -0.272776 0.247584 0.213019 0.945159 0.378535 0.1644 -0.114174 0.979764 0.386118 -0.981488 0.0800032 0.174012 -0.529058 -0.0982518 -0.990234 -0.0989078 0.43289 
1537349189021 0.268767 0.922149 -0.278219 -0.616853 -0.930801 0.322946 0.171218 -0.272693 0.247739 0.212949 0.945134 0.37859 0.164349 -0.114095 0.979781 0.386117 -0.981491 0.0800813 0.173962 -0.529153 -0.0983102 -0.990237 -0.0988216 0.432866 
1537349189036 0.268818 0.922136 -0.278214 -0.616619 -0.930745 0.32303 0.171366 -0.272608 0.247894 0.21288 0.945109 0.378646 0.1643 -0.114015 0.979799 0.386116 -0.981493 0.0801592 0.173912 -0.52925 -0.0983685 -0.99024 -0.0987351 0.432841 
1537349189194 0.268869 0.922122 -0.278208 -0.616383 -0.930689 0.323113 0.171513 -0.272522 0.248049 0.212811 0.945084 0.378702 0.16425 -0.113936 0.979817 0.386115 -0.981496 0.0802372 0.173862 -0.529347 -0.0984268 -0.990243 -0.0986487 0.432817 
1537349189299 0.26892 0.922109 -0.278203 -0.616149 -0.930632 0.323196 0.171661 -0.272438 0.248204 0.212741 0.945059 0.378757 0.164201 -0.113857 0.979834 0.386114 -0.981498 0.080315 0.173812 -0.529444 -0.0984851 -0.990246 -0.0985623 0.432793 
1537349189430 0.268971 0.922096 -0.278197 -0.615914 -0.930576 0.323279 0.171808 -0.272352 0.248359 0.212672 0.945033 0.378813 0.164152 -0.113777 0.979852 0.386113 -0.981501 0.0803929 0.173763 -0.529541 -0.0985434 -0.990248 -0.0984758 0.432768 
1537349189572 0.269022 0.922083 -0.278192 -0.615679 -0.93052 0.323363 0.171956 -0.272267 0.248514 0.212603 0.945008 0.378869 0.164102 -0.113698 0.979869 0.386112 -0.981503 0.0804709 0.173713 -0.529638 -0.0986017 -0.990251 -0.0983895 0.432744 
1537349189688 0.269073 0.922069 -0.278186 -0.615445 -0.930464 0.323446 0.172103 -0.272182 0.248669 0.212534 0.944983 0.378925 0.164053 -0.113619 0.979887 0.386111 -0.981505 0.0805487 0.173663 -0.529734 -0.09866 -0.990254 -0.098303 0.43272 
1537349189834 0.269124 0.922056 -0.278181 -0.615209 -0.930408 0.323529 0.172251 -0.272096 0.248824 0.212465 0.944958 0.378981 0.164003 -0.113539 0.979904 0.38611 -0.981508 0.0806267 0.173613 -0.529831 -0.0987183 -0.990257 -0.0982166 0.432696 
1537349189970 0.269175 0.922043 -0.278175 -0.614975 -0.930351 0.323612 0.172398 -0.272011 0.24898 0.212395 0.944932 0.379036 0.163953 -0.11346 0.979922 0.386109 -0.98151 0.0807046 0.173564 -0.529928 -0.0987767 -0.990259 -0.0981302 0.432671 
1537349190115 0.269001 0.922053 -0.278309 -0.615201 -0.930426 0.32345 0.1723 -0.272077 0.248889 0.212597 0.944911 0.378933 0.163982 -0.113683 0.979891 0.386129 -0.981533 0.0803908 0.173583 -0.529781 -0.0985076 -0.990259 -0.098401 0.432714 
1537349190130 0.26908 0.92205 -0.278246 -0.614886 -0.930353 0.323556 0.172496 -0.271967 0.249078 0.212452 0.944894 0.37902 0.163945 -0.113558 0.979911 0.386127 -0.981544 0.0803654 0.173532 -0.529901 -0.0984569 -0.990276 -0.0982867 0.432669 
1537349190146 0.269159 0.922045 -0.278183 -0.614567 -0.930279 0.323664 0.172691 -0.271855 0.249266 0.212306 0.944877 0.379107 0.163911 -0.113434 0.979932 0.386125 -0.981555 0.0803402 0.173482 -0.530023 -0.0984066 -0.990292 -0.0981726 0.432624 
1537349190341 0.269239 0.922041 -0.278119 -0.614248 -0.930206 0.323771 0.172886 -0.271742 0.249455 0.212161 0.94486 0.379194 0.163876 -0.113309 0.979952 0.386123 -0.981565 0.080315 0.173432 -0.530144 -0.0983563 -0.990308 -0.0980585 0.432579 
1537349190484 0.269319 0.922037 -0.278056 -0.613929 -0.930132 0.323879 0.17308 -0.27163 0.249643 0.212015 0.944843 0.379282 0.163841 -0.113184 0.979972 0.386121 -0.981576 0.0802898 0.173382 -0.530266 -0.098306 -0.990325 -0.0979444 0.432534 
1537349190628 0.269399 0.922033 -0.277994 -0.613609 -0.930058 0.323986 0.173275 -0.271517 0.249831 0.21187 0.944826 0.379369 0.163806 -0.11306 0.979992 0.38612 -0.981587 0.0802646 0.173333 -0.530388 -0.0982556 -0.990341 -0.0978303 0.432488 
1537349190785 0.269478 0.922028 -0.27793 -0.61329 -0.929985 0.324093 0.17347 -0.271405 0.25002 0.211725 0.944808 0.379456 0.163771 -0.112935 0.980013 0.386118 -0.981598 0.0802394 0.173283 -0.530509 -0.0982053 -0.990357 -0.0977162 0.432443 
1537349190962 0.269558 0.922024 -0.277868 -0.61297 -0.929911 0.324201 0.173665 -0.271292 0.250208 0.211579 0.944791 0.379544 0.163736 -0.112811 0.980033 0.386116 -0.981609 0.0802141 0.173233 -0.530631 -0.098155 -0.990373 -0.0976021 0.432398 
1537349191149 0.269638 0.92202 -0.277805 -0.612651 -0.929837 0.324308 0.17386 -0.27118 0.250397 0.211434 0.944774 0.379631 0.163702 -0.112686 0.980053 0.386114 -0.98162 0.0801889 0.173183 -0.530752 -0.0981047 -0.99039 -0.0974879 0.432353 
1537349191331 0.269718 0.922015 -0.277742 -0.612331 -0.929763 0.324416 0.174055 -0.271067 0.250585 0.211288 0.944756 0.379719 0.163667 -0.112562 0.980073 0.386112 -0.981631 0.0801636 0.173134 -0.530874 -0.0980544 -0.990406 -0.0973738 0.432308 
1537349191544 0.269621 0.922019 -0.277824 -0.612577 -0.929805 0.324327 0.173999 -0.271115 0.250536 0.211408 0.944743 0.379593 0.163783 -0.112704 0.980037 0.386152 -0.981592 0.0803233 0.17328 -0.530693 -0.098249 -0.990377 -0.0974733 0.432302 
1537349191560 0.269764 0.921979 -0.277816 -0.61225 -0.929698 0.324517 0.174212 -0.270983 0.250776 0.211288 0.944706 0.379675 0.163816 -0.112533 0.980051 0.386159 -0.981601 0.0802021 0.173284 -0.530827 -0.0981023 -0.990406 -0.0973238 0.432249 
1537349191586 0.269907 0.92194 -0.277808 -0.611918 -0.929592 0.324707 0.174425 -0.270849 0.251016 0.21117 0.944668 0.379757 0.16385 -0.112363 0.980065 0.386166 -0.98161 0.0800813 0.17329 -0.530962 -0.0979561 -0.990435 -0.0971748 0.432196 
1537349191808 0.270051 0.9219 -0.277801 -0.611586 -0.929486 0.324897 0.174637 -0.270715 0.251255 0.211051 0.944631 0.379839 0.163884 -0.112192 0.980079 0.386173 -0.981619 0.0799604 0.173295 -0.531098 -0.0978099 -0.990464 -0.0970258 0.432143 
1537349191994 0.270194 0.92186 -0.277794 -0.611254 -0.929379 0.325088 0.17485 -0.27058 0.251494 0.210933 0.944594 0.379922 0.163919 -0.112022 0.980093 0.38618 -0.981627 0.0798396 0.173301 -0.531234 -0.0976637 -0.990493 -0.0968768 0.432091 
1537349192181 0.270338 0.92182 -0.277787 -0.610921 -0.929273 0.325278 0.175062 -0.270445 0.251734 0.210814 0.944557 0.380005 0.163953 -0.111852 0.980106 0.386187 -0.981636 0.0797187 0.173306 -0.531369 -0.0975175 -0.990522 -0.0967277 0.432038 
