1530632596695 0.275657 -0.8825 0.381061 -0.604483 0.633204 0.464965 0.618757 -0.181741 -0.723233 0.0707247 0.686973 0.426588 0.406728 -0.840142 0.358794 0.321984 -0.245528 -0.478826 -0.842877 -0.46816 0.879937 0.254728 -0.40103 0.484405 
1530632596707 0.256361 -0.939187 0.228488 0.190522 -0.0954395 -0.259828 -0.960927 -0.632759 0.961858 0.224537 -0.156245 0.522991 0.363183 -0.872606 0.326583 0.328682 -0.226993 -0.422823 -0.877323 -0.468124 0.903644 0.244497 -0.351638 0.479006 
1530632597657 0.2185 -0.931404 0.291108 0.220457 0.106878 -0.27368 -0.955864 -0.527819 0.969966 0.23997 0.0397477 0.494922 0.319937 -0.90167 0.290916 0.335318 -0.205194 -0.365711 -0.907827 -0.46814 0.924952 0.230754 -0.302022 0.473643 
1530632597666 0.162259 -0.93285 0.321655 0.118592 0.348692 -0.250737 -0.903075 -0.461438 0.923085 0.258691 0.284594 0.483135 0.277229 -0.927162 0.252021 0.341947 -0.180256 -0.307834 -0.934209 -0.468172 0.943744 0.213561 -0.252467 0.468285 
1530632598685 0.101452 -0.93566 0.338005 0.00618509 0.566383 -0.224997 -0.792835 -0.420067 0.817874 0.271875 0.507115 0.472819 0.235306 -0.948935 0.210128 0.348575 -0.152325 -0.249533 -0.956311 -0.468207 0.959911 0.193018 -0.203263 0.462926 
1530632600052 0.0360283 -0.940511 0.337847 -0.0997279 0.748977 -0.198404 -0.632194 -0.390055 0.661616 0.275817 0.697273 0.458168 0.194414 -0.96686 0.165483 0.3552 -0.121568 -0.19115 -0.974004 -0.468239 0.973357 0.169242 -0.154702 0.457569 
1530632601012 -0.0286583 -0.947013 0.319914 -0.200693 0.887811 -0.171177 -0.427189 -0.361429 0.459315 0.27178 0.845674 0.447097 0.154794 -0.980833 0.118348 0.361814 -0.088167 -0.133028 -0.987183 -0.468264 0.984005 0.142376 -0.107069 0.45222 
1530632601984 -0.0865609 -0.954181 0.286438 -0.298906 0.970218 -0.146033 -0.193265 -0.33332 0.226239 0.261178 0.938404 0.436097 0.11669 -0.990769 0.0689956 0.36837 -0.0523294 -0.0755071 -0.995771 -0.468276 0.991789 0.112586 -0.0606573 0.446923 
1530632602983 -0.134169 -0.961548 0.239632 -0.392129 0.990702 -0.124655 0.0544984 -0.306217 -0.0225315 0.244716 0.969333 0.424434 0.0804062 -0.996605 0.0176955 0.374616 -0.0143564 -0.0189091 -0.999718 -0.468331 0.996659 0.0801295 -0.0158281 0.441913 
1530632603970 -0.169133 -0.968199 0.18435 -0.470177 0.948619 -0.109163 0.296996 -0.284172 -0.267427 0.22511 0.936914 0.407966 0.0471635 -0.998277 -0.0349037 0.379191 0.0242149 0.036075 -0.999056 -0.468906 0.998594 0.0462738 0.0258746 0.438381 
1530632604951 -0.169133 -0.968199 0.18435 -0.470177 0.948619 -0.109163 0.296996 -0.284172 -0.267427 0.22511 0.936914 0.407966 0.0472422 -0.99828 -0.0347237 0.379193 0.0242153 0.0358969 -0.999062 -0.468895 0.99859 0.046357 0.0258695 0.438413 
1530632604962 0.279838 -0.93032 0.237056 0.205876 -0.110551 -0.276504 -0.954633 -0.484933 0.953661 0.240936 -0.180224 0.499538 0.0437691 -0.998235 -0.0401273 0.380095 0.0284914 0.0413967 -0.998736 -0.468843 0.998635 0.0425705 0.030253 0.437649 
1530632605416 0.233695 -0.928028 0.290089 0.185006 0.102145 -0.273267 -0.9565 -0.464228 0.96693 0.25316 0.0309321 0.494689 0.0403189 -0.998148 -0.0455468 0.380996 0.0327846 0.0468809 -0.998362 -0.46879 0.998649 0.0387596 0.0346141 0.436886 
1530632605423 0.171677 -0.930653 0.323128 0.094517 0.343356 -0.250907 -0.905071 -0.441983 0.923382 0.266328 0.27647 0.489171 0.0368915 -0.998018 -0.0509793 0.381897 0.0370966 0.0523466 -0.99794 -0.468737 0.99863 0.0349243 0.0389542 0.436122 
1530632605818 0.105305 -0.934593 0.339774 -0.00555831 0.563041 -0.225598 -0.795041 -0.416269 0.819692 0.275028 0.502458 0.475997 0.033487 -0.997845 -0.0564256 0.382797 0.0414261 0.0577946 -0.997469 -0.468684 0.99858 0.0310647 0.0432722 0.435359 
1530632606352 0.0368378 -0.940237 0.338522 -0.103952 0.748813 -0.198353 -0.632404 -0.389109 0.661757 0.276786 0.696755 0.461132 0.0301059 -0.997629 -0.0618851 0.383698 0.0457733 0.0632242 -0.996949 -0.46863 0.998498 0.0271814 0.0475682 0.434596 
1530632606771 -0.0284511 -0.946963 0.320079 -0.202101 0.887724 -0.171131 -0.427389 -0.36114 0.459497 0.271982 0.845511 0.447866 0.0267488 -0.99737 -0.0673574 0.384597 0.0501382 0.0686353 -0.996381 -0.468575 0.998384 0.0232748 0.0518422 0.433834 
1530632607178 -0.0865127 -0.95417 0.286488 -0.2995 0.970199 -0.146024 -0.193365 -0.333176 0.226338 0.261222 0.938368 0.436379 0.0234163 -0.997069 -0.0728421 0.385488 0.0545181 0.0740272 -0.995765 -0.468519 0.998238 0.0193459 0.0560918 0.433079 
1530632607583 -0.134176 -0.961546 0.239636 -0.392487 0.990702 -0.124667 0.0544779 -0.306154 -0.0225083 0.244717 0.969333 0.424338 0.0201184 -0.996724 -0.0783412 0.38634 0.0589022 0.0794026 -0.995101 -0.468467 0.998061 0.0154054 0.0603067 0.432358 
1530632607987 -0.169248 -0.968163 0.184435 -0.470703 0.948568 -0.109218 0.297136 -0.28431 -0.267532 0.225239 0.936853 0.407245 0.016963 -0.996337 -0.0838186 0.386985 0.0631459 0.0847308 -0.994401 -0.468478 0.99786 0.0115752 0.0643519 0.431819 
1530632608425 -0.169248 -0.968163 0.184435 -0.470703 0.948568 -0.109218 0.297136 -0.28431 -0.267532 0.225239 0.936853 0.407245 0.0170125 -0.996343 -0.0837322 0.387035 0.0631941 0.0846484 -0.994405 -0.468458 0.997856 0.011626 0.064403 0.431889 
1530632608438 0.281217 -0.929915 0.237013 0.204543 -0.111015 -0.276846 -0.95448 -0.48185 0.953201 0.242104 -0.181088 0.498764 0.0195141 -0.996411 -0.0823667 0.387021 0.0622422 0.0834333 -0.994568 -0.46879 0.99787 0.0142814 0.063647 0.432084 
1530632608726 0.234424 -0.927881 0.28997 0.182954 0.101469 -0.273298 -0.956563 -0.463047 0.966824 0.253664 0.0300837 0.495556 0.0220181 -0.996471 -0.0810032 0.387008 0.0612927 0.0822159 -0.994728 -0.469122 0.997877 0.0169371 0.0628866 0.432279 
1530632609026 0.172204 -0.930537 0.323182 0.0929995 0.342877 -0.250944 -0.905242 -0.441645 0.923461 0.266698 0.275847 0.489887 0.0245229 -0.996522 -0.0796411 0.386994 0.0603467 0.0809954 -0.994886 -0.469454 0.997876 0.0195914 0.0621231 0.432475 
1530632609325 0.105642 -0.934496 0.339936 -0.0065433 0.562676 -0.225684 -0.795275 -0.416302 0.8199 0.275288 0.501977 0.476431 0.0270284 -0.996565 -0.0782804 0.38698 0.059404 0.0797719 -0.995042 -0.469785 0.997868 0.0222442 0.061356 0.432671 
1530632609625 0.0369686 -0.940169 0.338696 -0.104399 0.748834 -0.198368 -0.632375 -0.389086 0.661726 0.277005 0.696697 0.461961 0.0295357 -0.9966 -0.0769224 0.386965 0.0584637 0.0785466 -0.995195 -0.470115 0.997853 0.0248966 0.0605848 0.432866 
1530632609925 -0.0284056 -0.946922 0.320205 -0.20216 0.887736 -0.171143 -0.427358 -0.361124 0.459476 0.272118 0.845479 0.448107 0.032043 -0.996626 -0.0755656 0.38695 0.0575268 0.077318 -0.995345 -0.470441 0.99783 0.0275468 0.0598102 0.433063 
1530632610296 -0.0865091 -0.954149 0.286558 -0.299487 0.970201 -0.146033 -0.193349 -0.333173 0.226331 0.261292 0.93835 0.436437 0.0345489 -0.996644 -0.0742102 0.386931 0.0565933 0.0760863 -0.995494 -0.470754 0.997799 0.0301934 0.0590321 0.43326 
1530632610600 -0.134203 -0.961531 0.239684 -0.392526 0.990698 -0.124687 0.0545067 -0.306186 -0.0225243 0.244769 0.96932 0.424276 0.0370455 -0.996654 -0.0728548 0.386913 0.0556664 0.0748498 -0.99564 -0.471021 0.997762 0.0328284 0.058253 0.433454 
1530632610898 -0.169362 -0.968125 0.184528 -0.470906 0.948521 -0.109273 0.297266 -0.28445 -0.267626 0.225374 0.936794 0.406876 0.0394641 -0.996659 -0.0715017 0.386931 0.0547882 0.0736081 -0.995781 -0.471134 0.997718 0.0353802 0.0575101 0.433608 
1530632611224 -0.169362 -0.968125 0.184528 -0.470906 0.948521 -0.109273 0.297266 -0.28445 -0.267626 0.225374 0.936794 0.406876 0.0395017 -0.996668 -0.071365 0.387001 0.054797 0.073474 -0.995791 -0.471113 0.997716 0.0354248 0.0575168 0.433629 
1530632611235 0.281887 -0.92968 0.237139 0.2043 -0.111196 -0.277152 -0.95437 -0.480873 0.952982 0.242655 -0.181503 0.497939 0.0405818 -0.996783 -0.0691125 0.386981 0.0555636 0.0713137 -0.995905 -0.471279 0.99763 0.0365755 0.0582789 0.433489 
1530632611565 0.234718 -0.9278 0.289989 0.182271 0.101147 -0.273393 -0.95657 -0.462904 0.966787 0.253856 0.0296736 0.495797 0.041661 -0.996892 -0.0668591 0.386961 0.0563331 0.0691544 -0.996014 -0.471444 0.997542 0.0377285 0.0590391 0.433348 
1530632611841 0.172413 -0.930477 0.323243 0.0924609 0.342653 -0.251008 -0.905309 -0.441778 0.923506 0.266847 0.275554 0.490166 0.0427384 -0.996995 -0.0646046 0.38694 0.0571048 0.0669957 -0.996118 -0.471609 0.997453 0.0388833 0.0597965 0.433208 
1530632612101 0.105773 -0.934448 0.340028 -0.00692707 0.562509 -0.22575 -0.795375 -0.416516 0.819997 0.275398 0.501757 0.476714 0.0438139 -0.997092 -0.0623488 0.38692 0.0578793 0.0648373 -0.996216 -0.471775 0.997362 0.0400394 0.0605518 0.433068 
1530632612378 0.0370117 -0.940137 0.33878 -0.104653 0.748838 -0.198392 -0.632363 -0.389228 0.661719 0.277096 0.696667 0.462575 0.0448875 -0.997183 -0.0600921 0.386899 0.0586554 0.0626797 -0.996309 -0.471939 0.997269 0.0411971 0.0613037 0.432928 
1530632612648 -0.028356 -0.946855 0.320408 -0.202396 0.887765 -0.171176 -0.427285 -0.361229 0.459423 0.272331 0.845438 0.448891 0.0459589 -0.997268 -0.0578341 0.386878 0.059434 0.0605226 -0.996396 -0.472102 0.997174 0.0423559 0.0620531 0.432788 
1530632612982 -0.0865175 -0.954128 0.286627 -0.299546 0.970204 -0.146051 -0.193323 -0.33325 0.226318 0.261361 0.938334 0.436619 0.0470283 -0.997346 -0.0555753 0.386857 0.0602146 0.0583662 -0.996478 -0.472259 0.997077 0.0435162 0.0627996 0.432652 
1530632613300 -0.134235 -0.961513 0.239738 -0.392566 0.990693 -0.124711 0.0545363 -0.306259 -0.0225394 0.244828 0.969305 0.424262 0.0480913 -0.997419 -0.0533164 0.386836 0.0609934 0.0562111 -0.996554 -0.472398 0.996979 0.0446736 0.0635392 0.432531 
1530632613730 -0.169462 -0.968091 0.184612 -0.471041 0.948483 -0.109322 0.29737 -0.284594 -0.267699 0.225494 0.936744 0.406635 0.0491244 -0.997486 -0.0510795 0.386839 0.0617515 0.0540766 -0.996626 -0.472481 0.996882 0.0458044 0.0642527 0.432484 
1530632614035 -0.169462 -0.968091 0.184612 -0.471041 0.948483 -0.109322 0.29737 -0.284594 -0.267699 0.225494 0.936744 0.406635 0.0490451 -0.997482 -0.0512237 0.386832 0.0616996 0.0542132 -0.996621 -0.472468 0.996889 0.0457189 0.0642032 0.432424 
1530632614047 0.282372 -0.92951 0.237229 0.204063 -0.111326 -0.277373 -0.954291 -0.480227 0.952823 0.243055 -0.181801 0.497379 0.0493394 -0.997401 -0.0524975 0.386745 0.0593744 0.0553976 -0.996697 -0.472492 0.997016 0.0460594 0.0619534 0.432711 
1530632614348 0.234931 -0.927742 0.290004 0.181776 0.100909 -0.273463 -0.956575 -0.46282 0.96676 0.253993 0.0293722 0.495975 0.0496294 -0.997319 -0.0537722 0.386659 0.0570487 0.0565813 -0.996767 -0.472514 0.997137 0.0464013 0.0597038 0.432999 
1530632614679 0.172567 -0.930432 0.323289 0.0920856 0.342476 -0.251059 -0.905362 -0.441874 0.923543 0.266954 0.275326 0.490388 0.0499165 -0.997235 -0.0550476 0.386572 0.0547223 0.0577643 -0.996829 -0.472537 0.997253 0.0467459 0.0574544 0.433286 
1530632615002 0.105811 -0.934433 0.340057 -0.00710842 0.562492 -0.225761 -0.795383 -0.416622 0.820004 0.275439 0.501723 0.477089 0.0502006 -0.99715 -0.0563234 0.386485 0.0523954 0.0589463 -0.996885 -0.47256 0.997364 0.0470932 0.0552052 0.433573 
1530632615293 0.0370434 -0.940116 0.338835 -0.104836 0.748837 -0.198407 -0.632358 -0.389321 0.661718 0.277157 0.696645 0.463044 0.0504817 -0.997063 -0.0575999 0.386399 0.0500677 0.0601275 -0.996934 -0.472583 0.997469 0.0474431 0.052956 0.43386 
1530632615585 -0.028319 -0.946812 0.32054 -0.202579 0.88778 -0.171196 -0.427246 -0.361302 0.459397 0.27247 0.845408 0.449417 0.0507599 -0.996974 -0.0588764 0.386312 0.0477404 0.0613073 -0.996977 -0.472606 0.997569 0.0477956 0.0507079 0.434147 
1530632615885 -0.0865206 -0.954113 0.286674 -0.299599 0.970204 -0.146062 -0.193312 -0.333306 0.226314 0.261407 0.938322 0.436734 0.0510348 -0.996884 -0.0601537 0.386225 0.0454125 0.0624863 -0.997012 -0.472627 0.997664 0.0481506 0.04846 0.434429 
1530632616178 -0.134257 -0.961499 0.239779 -0.392596 0.99069 -0.124728 0.0545548 -0.306316 -0.0225473 0.244871 0.969294 0.424248 0.0513046 -0.996792 -0.0614285 0.386139 0.0430926 0.0636618 -0.997041 -0.472645 0.997753 0.0485057 0.0462205 0.434688 
1530632616593 -0.169535 -0.968067 0.184674 -0.471128 0.948456 -0.109359 0.297443 -0.284705 -0.267749 0.225582 0.936709 0.406475 0.0515498 -0.996701 -0.0626805 0.386062 0.0408506 0.0648159 -0.997061 -0.472636 0.997835 0.0488377 0.0440571 0.434812 
1530632616919 -0.169535 -0.968067 0.184674 -0.471128 0.948456 -0.109359 0.297443 -0.284705 -0.267749 0.225582 0.936709 0.406475 0.0515151 -0.996709 -0.062581 0.386047 0.0408395 0.0647143 -0.997068 -0.472634 0.997837 0.0488083 0.0440389 0.434825 
1530632616935 0.282706 -0.929392 0.237292 0.203877 -0.111413 -0.277525 -0.954236 -0.479809 0.952714 0.243331 -0.182004 0.497006 0.0512481 -0.996773 -0.0617828 0.386082 0.0429416 0.0640063 -0.997025 -0.47259 0.997762 0.0484426 0.0460832 0.434524 
1530632617185 0.235075 -0.927702 0.290013 0.181439 0.100747 -0.273511 -0.956578 -0.462769 0.966742 0.254086 0.0291679 0.496095 0.050978 -0.996836 -0.0609844 0.386116 0.0450443 0.0632966 -0.996978 -0.472546 0.997683 0.0480769 0.0481285 0.434222 
1530632617462 0.17267 -0.930403 0.32332 0.0918339 0.342358 -0.251094 -0.905397 -0.441939 0.923567 0.267026 0.275175 0.490536 0.0507059 -0.996898 -0.0601864 0.386151 0.0471468 0.062586 -0.996925 -0.472502 0.9976 0.0477124 0.0501741 0.433921 
1530632617740 0.105836 -0.934424 0.340075 -0.0072299 0.562481 -0.225767 -0.79539 -0.41669 0.820009 0.275466 0.501701 0.477329 0.0504325 -0.99696 -0.059389 0.386186 0.0492487 0.0618748 -0.996868 -0.472457 0.997512 0.0473497 0.0522195 0.43362 
1530632618025 0.0370636 -0.940103 0.338869 -0.104956 0.748836 -0.198416 -0.632357 -0.38938 0.661718 0.277195 0.69663 0.463334 0.0501574 -0.997021 -0.0585922 0.38622 0.0513502 0.0611628 -0.996806 -0.472413 0.99742 0.0469885 0.054265 0.433318 
1530632618309 -0.0282958 -0.946785 0.32062 -0.202697 0.887787 -0.171208 -0.427225 -0.361348 0.459383 0.272553 0.845389 0.449733 0.0498806 -0.997082 -0.0577959 0.386255 0.0534511 0.06045 -0.996739 -0.472369 0.997324 0.0466287 0.0563104 0.433018 
1530632618601 -0.0865205 -0.954105 0.286702 -0.299638 0.970204 -0.146068 -0.193308 -0.333339 0.226315 0.261434 0.938314 0.436799 0.0496024 -0.997141 -0.0570006 0.386291 0.0555504 0.0597369 -0.996667 -0.472326 0.997223 0.0462707 0.0583547 0.432721 
1530632618892 -0.13427 -0.961491 0.239806 -0.392616 0.990688 -0.124739 0.0545648 -0.306355 -0.0225505 0.244899 0.969286 0.424235 0.0493244 -0.9972 -0.0562082 0.386326 0.0576423 0.059025 -0.996591 -0.472288 0.997118 0.0459163 0.0603923 0.432445 
1530632619234 -0.169585 -0.96805 0.184716 -0.47118 0.948438 -0.109384 0.297491 -0.284784 -0.267781 0.225642 0.936685 0.406377 0.0490646 -0.997256 -0.0554342 0.38636 0.0596625 0.0583283 -0.996513 -0.472276 0.997012 0.0455862 0.0623607 0.432292 
1530632619563 -0.169585 -0.96805 0.184716 -0.47118 0.948438 -0.109384 0.297491 -0.284784 -0.267781 0.225642 0.936685 0.406377 0.0490964 -0.997242 -0.055663 0.386337 0.0596694 0.0585592 -0.996499 -0.47227 0.99701 0.0456031 0.0623799 0.432238 
1530632619574 0.282916 -0.929318 0.237331 0.203751 -0.111466 -0.27762 -0.954202 -0.479558 0.952646 0.243505 -0.18213 0.496778 0.0491391 -0.99721 -0.0561913 0.386338 0.0601346 0.059111 -0.996439 -0.472248 0.99698 0.0455851 0.0628715 0.432169 
1530632619798 0.235164 -0.927678 0.290019 0.181232 0.100648 -0.273541 -0.95658 -0.462739 0.966731 0.254143 0.0290419 0.49617 0.0491818 -0.997178 -0.05672 0.386339 0.0605998 0.0596633 -0.996377 -0.472225 0.99695 0.0455664 0.0633631 0.4321 
1530632620021 0.172732 -0.930385 0.323338 0.0916803 0.342288 -0.251114 -0.905418 -0.441978 0.923582 0.267069 0.275084 0.490625 0.0492249 -0.997146 -0.0572478 0.386339 0.0610656 0.0602147 -0.996316 -0.472203 0.996919 0.0455476 0.0638554 0.43203 
1530632620216 0.10585 -0.934418 0.340086 -0.0073036 0.562474 -0.225771 -0.795394 -0.41673 0.820012 0.275482 0.501688 0.477466 0.0492679 -0.997113 -0.0577761 0.38634 0.0615309 0.0607666 -0.996254 -0.472181 0.996888 0.0455283 0.0643471 0.431961 
1530632620412 0.0370749 -0.940096 0.338887 -0.105025 0.748835 -0.19842 -0.632357 -0.389414 0.661719 0.277215 0.696621 0.463491 0.0493114 -0.99708 -0.0583039 0.386341 0.0619968 0.061318 -0.996191 -0.472158 0.996857 0.0455089 0.0648395 0.431892 
1530632620626 -0.0282831 -0.946772 0.32066 -0.202765 0.88779 -0.171214 -0.427217 -0.361373 0.459378 0.272596 0.845378 0.449895 0.0493552 -0.997047 -0.0588321 0.386342 0.0624625 0.0618698 -0.996128 -0.472136 0.996826 0.0454893 0.0653316 0.431823 
1530632620836 -0.0865169 -0.954102 0.286714 -0.299666 0.970203 -0.146069 -0.193312 -0.333355 0.226319 0.261446 0.93831 0.436832 0.0493992 -0.997014 -0.0593603 0.386343 0.062928 0.0624217 -0.996064 -0.472113 0.996795 0.0454694 0.0658237 0.431755 
1530632621045 -0.134277 -0.961486 0.239823 -0.39263 0.990687 -0.124744 0.0545694 -0.306379 -0.0225511 0.244917 0.969282 0.424227 0.0494433 -0.99698 -0.0598887 0.386344 0.0633921 0.0629736 -0.996 -0.472089 0.996763 0.0454491 0.0663143 0.43169 
1530632621266 -0.169618 -0.968039 0.184744 -0.471209 0.948426 -0.109401 0.297522 -0.284841 -0.267802 0.225682 0.93667 0.406324 0.0494894 -0.996946 -0.0604139 0.386346 0.0638416 0.0635219 -0.995936 -0.472065 0.996732 0.0454314 0.0667902 0.431643 
1530632621493 -0.169618 -0.968039 0.184744 -0.471209 0.948426 -0.109401 0.297522 -0.284841 -0.267802 0.225682 0.93667 0.406324 0.0494562 -0.996958 -0.0602467 0.38636 0.0639267 0.0633565 -0.995941 -0.472071 0.996728 0.0454041 0.0668656 0.431685 
1530632621503 0.283034 -0.929277 0.237353 0.203678 -0.111495 -0.277674 -0.954183 -0.479422 0.952607 0.243603 -0.182201 0.496652 0.0493913 -0.997092 -0.0580389 0.386348 0.0643713 0.0611669 -0.99605 -0.472055 0.996703 0.0454602 0.0672052 0.431635 
1530632621896 0.235213 -0.927665 0.290023 0.181115 0.100592 -0.273557 -0.956581 -0.462724 0.966724 0.254175 0.0289716 0.496212 0.0493259 -0.997221 -0.0558294 0.386337 0.0648162 0.0589756 -0.996153 -0.472039 0.996677 0.0455175 0.0675451 0.431585 
1530632622191 0.172766 -0.930375 0.323349 0.091595 0.342249 -0.251125 -0.905429 -0.442 0.92359 0.267093 0.275034 0.490675 0.0492593 -0.997346 -0.0536194 0.386325 0.065261 0.0567839 -0.996251 -0.472023 0.996652 0.0455754 0.0678849 0.431535 
1530632622473 0.105859 -0.934415 0.340092 -0.00734455 0.56247 -0.225773 -0.795396 -0.416752 0.820013 0.275491 0.50168 0.477541 0.0491919 -0.997465 -0.0514095 0.386314 0.0657055 0.0545921 -0.996345 -0.472007 0.996626 0.0456342 0.0682245 0.431485 
1530632622781 0.0370804 -0.940093 0.338895 -0.105064 0.748834 -0.198423 -0.632357 -0.389433 0.661719 0.277225 0.696616 0.463574 0.0491233 -0.99758 -0.049199 0.386302 0.0661499 0.0523998 -0.996433 -0.471992 0.9966 0.0456936 0.0685639 0.431435 
1530632623063 -0.0282778 -0.946766 0.320677 -0.202804 0.887791 -0.171217 -0.427214 -0.36139 0.459377 0.272614 0.845373 0.449983 0.0490546 -0.99769 -0.0469891 0.386291 0.066594 0.0502081 -0.996516 -0.471976 0.996574 0.0457545 0.0689031 0.431385 
1530632623329 -0.0865136 -0.954099 0.286722 -0.299695 0.970203 -0.146068 -0.193314 -0.333369 0.226322 0.261455 0.938307 0.436883 0.048984 -0.997795 -0.0447782 0.38628 0.0670376 0.0480153 -0.996594 -0.471964 0.996547 0.0458154 0.0692418 0.431337 
1530632623623 -0.134283 -0.961482 0.239834 -0.392645 0.990686 -0.124749 0.0545738 -0.3064 -0.0225527 0.244929 0.969279 0.424238 0.0489142 -0.997895 -0.0425688 0.386273 0.0674785 0.0458241 -0.996668 -0.471957 0.996521 0.0458787 0.0695779 0.431296 
1530632623925 -0.169639 -0.968032 0.184762 -0.471226 0.948419 -0.109412 0.297541 -0.284878 -0.267814 0.225707 0.93666 0.4063 0.0488488 -0.997989 -0.0403835 0.386273 0.0679025 0.0436564 -0.996736 -0.471975 0.996495 0.0459473 0.0698986 0.431306 
1530632624248 -0.169639 -0.968032 0.184762 -0.471226 0.948419 -0.109412 0.297541 -0.284878 -0.267814 0.225707 0.93666 0.4063 0.0489832 -0.997978 -0.0405145 0.386322 0.0677694 0.0437905 -0.99674 -0.47193 0.996498 0.0460779 0.0697773 0.431264 
1530632624256 0.283098 -0.929254 0.237365 0.203639 -0.111511 -0.277703 -0.954173 -0.479351 0.952586 0.243656 -0.182239 0.496585 0.0492129 -0.99798 -0.0401668 0.386302 0.0665708 0.0434036 -0.996837 -0.47196 0.996567 0.0463833 0.0685723 0.431459 
1530632624497 0.23524 -0.927657 0.290024 0.181053 0.100563 -0.273566 -0.956582 -0.462717 0.966721 0.254192 0.0289339 0.496235 0.0494427 -0.997983 -0.0398194 0.386281 0.065372 0.0430162 -0.996933 -0.471989 0.996635 0.046688 0.067367 0.431654 
1530632624733 0.172784 -0.93037 0.323354 0.0915493 0.342228 -0.251131 -0.905435 -0.442011 0.923594 0.267106 0.275007 0.490702 0.0496729 -0.997985 -0.0394721 0.38626 0.0641734 0.0426284 -0.997028 -0.472019 0.996702 0.0469922 0.0661616 0.431849 
1530632625000 0.105863 -0.934413 0.340095 -0.00736654 0.562468 -0.225774 -0.795397 -0.416764 0.820014 0.275496 0.501677 0.477581 0.0499037 -0.997987 -0.0391255 0.38624 0.0629744 0.0422405 -0.997121 -0.472049 0.996767 0.0472961 0.0649556 0.432043 
1530632625262 0.0370831 -0.940091 0.3389 -0.105084 0.748834 -0.198424 -0.632358 -0.389445 0.66172 0.277229 0.696614 0.46362 0.0501348 -0.997989 -0.0387788 0.386219 0.0617759 0.041852 -0.997212 -0.472078 0.99683 0.0475994 0.0637499 0.432238 
1530632625510 -0.0282759 -0.946763 0.320686 -0.202826 0.887792 -0.171219 -0.427212 -0.361402 0.459376 0.272622 0.84537 0.450036 0.0503664 -0.997991 -0.0384326 0.386198 0.0605772 0.0414632 -0.997302 -0.472108 0.996892 0.0479023 0.0625438 0.432433 
1530632625757 -0.086513 -0.954094 0.286741 -0.299717 0.970204 -0.14607 -0.193308 -0.333383 0.226319 0.261474 0.938302 0.436941 0.0505981 -0.997993 -0.0380863 0.386178 0.0593786 0.0410738 -0.99739 -0.472138 0.996952 0.0482045 0.0613376 0.432625 
1530632626009 -0.134286 -0.96148 0.239841 -0.392654 0.990686 -0.124751 0.0545765 -0.306412 -0.0225538 0.244936 0.969277 0.424247 0.0508293 -0.997994 -0.0377393 0.386158 0.0581842 0.0406831 -0.997477 -0.472166 0.997011 0.0485052 0.0601354 0.432807 
1530632626016 -0.16965 -0.968028 0.184772 -0.471236 0.948415 -0.109418 0.297552 -0.284898 -0.267821 0.22572 0.936655 0.406288 0.0510478 -0.997996 -0.0373898 0.386142 0.0570305 0.0402906 -0.997559 -0.472182 0.997067 0.0487909 0.058973 0.432926 
1530632626505 -0.16965 -0.968028 0.184772 -0.471236 0.948415 -0.109418 0.297552 -0.284898 -0.267821 0.22572 0.936655 0.406288 0.0507956 -0.998004 -0.0375268 0.386147 0.0582351 0.0404712 -0.997482 -0.472189 0.99701 0.0484824 0.0601746 0.43287 
1530632626782 0.283132 -0.929242 0.237372 0.203617 -0.111519 -0.277718 -0.954168 -0.479314 0.952575 0.243684 -0.182259 0.49655 0.0508272 -0.99798 -0.0381235 0.386146 0.0573269 0.0410253 -0.997512 -0.472173 0.997061 0.0485152 0.0592963 0.432986 
1530632627058 0.235254 -0.927653 0.290025 0.18102 0.100547 -0.273571 -0.956582 -0.462713 0.966719 0.254201 0.0289138 0.496247 0.0508587 -0.997955 -0.0387209 0.386146 0.0564182 0.04158 -0.997541 -0.472157 0.997111 0.048549 0.0584175 0.433102 
1530632627305 0.172794 -0.930367 0.323357 0.0915249 0.342217 -0.251134 -0.905439 -0.442018 0.923596 0.267113 0.274993 0.490716 0.0508895 -0.99793 -0.039318 0.386145 0.0555095 0.0421345 -0.997569 -0.472141 0.99716 0.0485833 0.0575388 0.433217 
1530632627548 0.105865 -0.934413 0.340097 -0.00737826 0.562467 -0.225774 -0.795397 -0.416771 0.820014 0.275498 0.501675 0.477603 0.0509202 -0.997905 -0.0399159 0.386144 0.0546003 0.0426897 -0.997595 -0.472126 0.997209 0.0486183 0.0566597 0.433333 
1530632627794 0.0370845 -0.94009 0.338902 -0.105095 0.748833 -0.198425 -0.632358 -0.38945 0.66172 0.277232 0.696613 0.463644 0.0509502 -0.997879 -0.0405135 0.386144 0.0536913 0.0432444 -0.997621 -0.47211 0.997257 0.0486537 0.0557808 0.433449 
1530632628030 -0.0282748 -0.946762 0.32069 -0.202838 0.887792 -0.17122 -0.427211 -0.361408 0.459376 0.272627 0.845369 0.450063 0.0509797 -0.997853 -0.0411111 0.386143 0.0527823 0.0437991 -0.997645 -0.472094 0.997304 0.0486897 0.0549018 0.433564 
1530632628277 -0.0865127 -0.954091 0.286751 -0.299729 0.970204 -0.146072 -0.193305 -0.333391 0.226317 0.261484 0.9383 0.436972 0.0510086 -0.997827 -0.0417086 0.386142 0.0518734 0.0443537 -0.997668 -0.472079 0.99735 0.0487261 0.0540231 0.433678 
1530632628523 -0.134288 -0.961479 0.239844 -0.392659 0.990686 -0.124752 0.0545779 -0.306418 -0.0225543 0.24494 0.969276 0.424251 0.0510367 -0.9978 -0.0423049 0.386141 0.0509678 0.0449072 -0.99769 -0.472063 0.997395 0.0487626 0.0531476 0.433782 
1530632628814 -0.169656 -0.968026 0.184777 -0.471241 0.948413 -0.109421 0.297557 -0.284909 -0.267824 0.225727 0.936652 0.406281 0.0510592 -0.997774 -0.0428917 0.386138 0.0500923 0.0454523 -0.99771 -0.472045 0.997439 0.0487937 0.0523016 0.433831 
1530632629052 -0.169656 -0.968026 0.184777 -0.471241 0.948413 -0.109421 0.297557 -0.284909 -0.267824 0.225727 0.936652 0.406281 0.0509905 -0.997771 -0.0430569 0.386122 0.0499202 0.0456055 -0.997711 -0.472044 0.997451 0.0487244 0.0521344 0.433735 
1530632629062 0.28315 -0.929236 0.237375 0.203606 -0.111524 -0.277726 -0.954165 -0.479294 0.952569 0.243699 -0.18227 0.496531 0.0512886 -0.997708 -0.0441309 0.386152 0.0506482 0.0467307 -0.997623 -0.472069 0.997399 0.0489315 0.0529289 0.433639 
1530632629300 0.235262 -0.927651 0.290026 0.181003 0.100538 -0.273574 -0.956582 -0.462711 0.966718 0.254206 0.0289032 0.496253 0.0515873 -0.997645 -0.0452052 0.386182 0.0513759 0.0478567 -0.997532 -0.472095 0.997346 0.0491376 0.0537237 0.433544 
1530632629534 0.172799 -0.930365 0.323358 0.0915121 0.342211 -0.251136 -0.905441 -0.442021 0.923597 0.267116 0.274985 0.490724 0.051887 -0.99758 -0.0462793 0.386213 0.0521033 0.0489828 -0.99744 -0.47212 0.997293 0.0493428 0.0545188 0.433448 
1530632629730 0.105866 -0.934412 0.340097 -0.00738443 0.562466 -0.225774 -0.795398 -0.416774 0.820015 0.275499 0.501673 0.477614 0.0521879 -0.997514 -0.0473535 0.386243 0.0528304 0.0501095 -0.997345 -0.472145 0.997239 0.0495476 0.0553142 0.433353 
1530632629937 0.0370853 -0.94009 0.338904 -0.105101 0.748833 -0.198425 -0.632358 -0.389454 0.66172 0.277233 0.696612 0.463657 0.052489 -0.997447 -0.048427 0.386273 0.0535571 0.0512358 -0.997249 -0.47217 0.997184 0.049751 0.0561097 0.433257 
1530632630175 -0.0282743 -0.946761 0.320693 -0.202845 0.887792 -0.171221 -0.42721 -0.361411 0.459375 0.27263 0.845368 0.450078 0.0527907 -0.997378 -0.0495002 0.386303 0.0542834 0.0523622 -0.997152 -0.472194 0.997129 0.0499533 0.0569053 0.433162 
1530632630406 -0.0865125 -0.954089 0.286756 -0.299735 0.970204 -0.146072 -0.193304 -0.333395 0.226316 0.261489 0.938299 0.436988 0.0530928 -0.997308 -0.0505731 0.386332 0.0550091 0.0534886 -0.997052 -0.472215 0.997073 0.0501544 0.0577008 0.433068 
1530632630638 -0.134289 -0.961478 0.239846 -0.392662 0.990686 -0.124753 0.0545786 -0.306421 -0.0225546 0.244942 0.969275 0.424254 0.0533944 -0.997237 -0.0516458 0.386359 0.0557329 0.054615 -0.996951 -0.472227 0.997017 0.0503532 0.058495 0.432979 
1530632630883 -0.169659 -0.968025 0.18478 -0.471244 0.948412 -0.109422 0.29756 -0.284915 -0.267826 0.225731 0.936651 0.406278 0.0536915 -0.997165 -0.0527094 0.386385 0.0564358 0.0557315 -0.99685 -0.472213 0.996961 0.0505476 0.0592681 0.432914 
1530632631105 -0.169659 -0.968025 0.18478 -0.471244 0.948412 -0.109422 0.29756 -0.284915 -0.267826 0.225731 0.936651 0.406278 0.0537127 -0.997165 -0.0527022 0.386401 0.0562534 0.0557163 -0.996861 -0.472195 0.996971 0.0505794 0.0590866 0.432867 
1530632631406 0.283159 -0.929232 0.237377 0.2036 -0.111526 -0.27773 -0.954163 -0.479284 0.952566 0.243706 -0.182276 0.496522 0.0533632 -0.997224 -0.051931 0.386436 0.0568869 0.0549566 -0.996867 -0.472154 0.996953 0.0502419 0.0596616 0.432788 
1530632631759 0.235265 -0.92765 0.290026 0.180994 0.100534 -0.273575 -0.956582 -0.46271 0.966718 0.254208 0.0288977 0.496256 0.0530133 -0.997282 -0.0511596 0.38647 0.0575212 0.0541963 -0.996872 -0.472112 0.996936 0.0499047 0.060238 0.432708 
1530632632118 0.172802 -0.930365 0.323359 0.0915055 0.342208 -0.251137 -0.905441 -0.442023 0.923598 0.267118 0.274981 0.490728 0.0526633 -0.99734 -0.0503888 0.386505 0.0581551 0.0534362 -0.996876 -0.472071 0.996918 0.0495685 0.0608145 0.432629 
1530632632376 0.105867 -0.934412 0.340098 -0.00738762 0.562466 -0.225775 -0.795398 -0.416776 0.820015 0.2755 0.501673 0.47762 0.0523126 -0.997397 -0.0496179 0.386539 0.0587888 0.0526756 -0.99688 -0.47203 0.996899 0.0492323 0.0613914 0.432549 
1530632632629 0.0370857 -0.94009 0.338904 -0.105104 0.748833 -0.198425 -0.632358 -0.389455 0.66172 0.277234 0.696612 0.463663 0.0519615 -0.997454 -0.0488474 0.386574 0.0594222 0.0519149 -0.996882 -0.471989 0.99688 0.0488969 0.0619685 0.43247 
1530632632867 -0.028274 -0.946761 0.320694 -0.202848 0.887792 -0.171221 -0.42721 -0.361412 0.459375 0.272631 0.845368 0.450085 0.0516098 -0.997509 -0.0480768 0.386609 0.0600553 0.0511538 -0.996883 -0.471948 0.99686 0.0485617 0.0625458 0.432391 
1530632632873 -0.0865125 -0.954088 0.286759 -0.299738 0.970204 -0.146073 -0.193303 -0.333397 0.226316 0.261492 0.938298 0.436996 0.0512582 -0.997564 -0.0473067 0.386644 0.0606877 0.0503928 -0.996884 -0.47191 0.99684 0.0482275 0.063123 0.432313 
1530632633094 -0.134289 -0.961478 0.239847 -0.392663 0.990685 -0.124753 0.054579 -0.306423 -0.0225547 0.244943 0.969275 0.424255 0.0509079 -0.997618 -0.0465378 0.386679 0.0613174 0.0496325 -0.996884 -0.471879 0.996819 0.0478957 0.0636981 0.432241 
1530632633386 -0.169661 -0.968024 0.184781 -0.471245 0.948411 -0.109423 0.297561 -0.284918 -0.267827 0.225733 0.93665 0.406276 0.0505717 -0.997671 -0.0457802 0.386708 0.061924 0.048883 -0.996883 -0.471874 0.996799 0.0475792 0.0642518 0.432211 
1530632633627 -0.169661 -0.968024 0.184781 -0.471245 0.948411 -0.109423 0.297561 -0.284918 -0.267827 0.225733 0.93665 0.406276 0.0507288 -0.997652 -0.0460121 0.386757 0.0617828 0.049118 -0.99688 -0.471812 0.9968 0.0477278 0.0641294 0.432129 
1530632633637 0.283164 -0.929231 0.237378 0.203597 -0.111527 -0.277733 -0.954163 -0.479279 0.952565 0.24371 -0.182279 0.496517 0.0511769 -0.997616 -0.0462982 0.386779 0.0606342 0.0493773 -0.996938 -0.47188 0.996847 0.048213 0.0630166 0.432291 
1530632633866 0.235267 -0.92765 0.290026 0.180989 0.100532 -0.273576 -0.956582 -0.462709 0.966717 0.254209 0.0288948 0.496258 0.0516244 -0.99758 -0.0465837 0.3868 0.0594857 0.0496348 -0.996994 -0.471948 0.996893 0.0486982 0.061904 0.432453 
1530632634108 0.172803 -0.930364 0.32336 0.091502 0.342206 -0.251137 -0.905442 -0.442024 0.923598 0.267119 0.274979 0.49073 0.0520713 -0.997543 -0.0468694 0.386822 0.0583372 0.0498914 -0.997049 -0.472016 0.996938 0.0491834 0.0607918 0.432615 
1530632634337 0.105867 -0.934412 0.340098 -0.00738927 0.562466 -0.225775 -0.795398 -0.416777 0.820015 0.2755 0.501673 0.477623 0.0525183 -0.997506 -0.0471564 0.386844 0.0571879 0.0501483 -0.997103 -0.472084 0.996981 0.0496694 0.059679 0.432777 
1530632634573 0.0370859 -0.94009 0.338905 -0.105105 0.748833 -0.198426 -0.632358 -0.389456 0.66172 0.277235 0.696611 0.463667 0.0529647 -0.997469 -0.0474434 0.386865 0.0560389 0.0504041 -0.997155 -0.472152 0.997023 0.0501554 0.0585666 0.432939 
1530632634808 -0.0282738 -0.946761 0.320695 -0.20285 0.887792 -0.171221 -0.42721 -0.361413 0.459375 0.272631 0.845368 0.450089 0.0534108 -0.997431 -0.0477311 0.386886 0.0548894 0.0506595 -0.997206 -0.472219 0.997063 0.0506417 0.0574542 0.4331 
1530632635051 -0.0865124 -0.954088 0.28676 -0.299739 0.970205 -0.146073 -0.193303 -0.333398 0.226316 0.261493 0.938298 0.437 0.053856 -0.997393 -0.0480188 0.386907 0.0537406 0.050914 -0.997256 -0.472283 0.997102 0.0511277 0.0563425 0.433261 
1530632635314 -0.134289 -0.961478 0.239848 -0.392664 0.990685 -0.124754 0.0545792 -0.306424 -0.0225548 0.244943 0.969275 0.424256 0.0542986 -0.997356 -0.0483055 0.386925 0.0525954 0.0511665 -0.997304 -0.472338 0.997139 0.0516116 0.0552346 0.43341 
1530632635568 -0.169662 -0.968024 0.184782 -0.471246 0.948411 -0.109424 0.297562 -0.284919 -0.267828 0.225734 0.93665 0.406275 0.0547218 -0.997319 -0.0485832 0.386942 0.0514907 0.0514099 -0.997349 -0.472357 0.997173 0.0520751 0.0541659 0.433495 
1530632635818 -0.169662 -0.968024 0.184782 -0.471246 0.948411 -0.109424 0.297562 -0.284919 -0.267828 0.225734 0.93665 0.406275 0.0546988 -0.997318 -0.0486241 0.38692 0.0514822 0.0514491 -0.997348 -0.472385 0.997175 0.0520505 0.0541584 0.433445 
1530632635830 0.283167 -0.92923 0.237378 0.203595 -0.111528 -0.277734 -0.954162 -0.479276 0.952564 0.243712 -0.18228 0.496514 0.0545469 -0.997258 -0.0500051 0.386975 0.0530696 0.0529044 -0.997188 -0.472336 0.9971 0.0517398 0.0558098 0.433214 
1530632635839 0.235268 -0.927649 0.290026 0.180986 0.100531 -0.273576 -0.956582 -0.462709 0.966717 0.25421 0.0288934 0.496259 0.0543961 -0.997196 -0.0513858 0.38703 0.0546573 0.0543584 -0.997024 -0.472287 0.997022 0.0514257 0.057461 0.432984 
1530632636065 0.172804 -0.930364 0.32336 0.0915002 0.342206 -0.251137 -0.905442 -0.442024 0.923598 0.26712 0.274978 0.490731 0.0542475 -0.997132 -0.0527666 0.387085 0.0562452 0.0558119 -0.996856 -0.472239 0.996942 0.051109 0.0591115 0.432753 
1530632636423 0.105868 -0.934412 0.340098 -0.00739012 0.562466 -0.225775 -0.795398 -0.416777 0.820015 0.2755 0.501672 0.477625 0.0541008 -0.997066 -0.0541473 0.38714 0.0578334 0.0572645 -0.996683 -0.47219 0.996859 0.0507898 0.0607618 0.432523 
1530632636671 0.037086 -0.940089 0.338905 -0.105106 0.748833 -0.198426 -0.632358 -0.389456 0.66172 0.277235 0.696611 0.463668 0.0539566 -0.996998 -0.0555285 0.387195 0.059422 0.0587168 -0.996505 -0.47214 0.996774 0.0504684 0.0624118 0.432292 
1530632636677 -0.0282738 -0.94676 0.320695 -0.20285 0.887792 -0.171221 -0.42721 -0.361414 0.459375 0.272632 0.845368 0.450091 0.0538145 -0.996928 -0.0569097 0.387249 0.06101 0.0601684 -0.996322 -0.472091 0.996685 0.0501445 0.0640605 0.432062 
1530632636957 -0.0865124 -0.954088 0.286761 -0.29974 0.970205 -0.146073 -0.193302 -0.333398 0.226315 0.261494 0.938298 0.437002 0.0536746 -0.996856 -0.0582912 0.387304 0.0625976 0.0616195 -0.996135 -0.472041 0.996594 0.0498182 0.0657081 0.431834 
1530632637261 -0.134289 -0.961478 0.239848 -0.392664 0.990685 -0.124754 0.0545793 -0.306424 -0.0225549 0.244943 0.969275 0.424256 0.0535376 -0.996781 -0.0596738 0.387356 0.064181 0.0630708 -0.995943 -0.471989 0.996501 0.0494904 0.067351 0.431619 
1530632637521 -0.169662 -0.968024 0.184782 -0.471246 0.948411 -0.109424 0.297563 -0.28492 -0.267828 0.225735 0.936649 0.406275 0.0534158 -0.996704 -0.0610499 0.387398 0.065713 0.0645133 -0.995751 -0.471941 0.996408 0.0491771 0.0689425 0.43147 
1530632637801 -0.169662 -0.968024 0.184782 -0.471246 0.948411 -0.109424 0.297563 -0.28492 -0.267828 0.225735 0.936649 0.406275 0.0535023 -0.996702 -0.0610146 0.387434 0.0657554 0.064486 -0.99575 -0.471923 0.9964 0.0492629 0.0689887 0.431441 
1530632637814 0.283168 -0.929229 0.237379 0.203595 -0.111528 -0.277734 -0.954162 -0.479275 0.952564 0.243714 -0.182281 0.496513 0.0535411 -0.996702 -0.0609756 0.387486 0.0663692 0.0644801 -0.99571 -0.471919 0.996358 0.0492644 0.0696027 0.431324 
1530632638033 0.235269 -0.927649 0.290026 0.180985 0.10053 -0.273576 -0.956582 -0.462709 0.966717 0.25421 0.0288926 0.496259 0.0535796 -0.996703 -0.0609363 0.387538 0.0669833 0.0644739 -0.995669 -0.471914 0.996314 0.0492658 0.0702169 0.431206 
1530632638248 0.172804 -0.930364 0.32336 0.0914993 0.342205 -0.251137 -0.905442 -0.442025 0.923599 0.26712 0.274978 0.490731 0.0536184 -0.996703 -0.0608972 0.38759 0.067597 0.0644679 -0.995628 -0.471909 0.996271 0.0492675 0.0708308 0.431089 
1530632638255 0.105868 -0.934412 0.340098 -0.00739056 0.562466 -0.225775 -0.795398 -0.416777 0.820015 0.275501 0.501672 0.477625 0.0536572 -0.996703 -0.0608581 0.387642 0.0682107 0.064462 -0.995586 -0.471905 0.996227 0.0492692 0.0714447 0.430971 
1530632638477 0.037086 -0.940089 0.338905 -0.105107 0.748833 -0.198426 -0.632358 -0.389457 0.66172 0.277235 0.696611 0.463669 0.0536955 -0.996704 -0.0608183 0.387694 0.068825 0.0644554 -0.995544 -0.4719 0.996183 0.0492704 0.0720591 0.430854 
1530632638688 -0.0282737 -0.94676 0.320695 -0.202851 0.887792 -0.171221 -0.42721 -0.361414 0.459375 0.272632 0.845368 0.450092 0.0537339 -0.996704 -0.0607791 0.387746 0.0694384 0.0644493 -0.995502 -0.471895 0.996138 0.0492718 0.0726727 0.430736 
1530632638910 -0.0865124 -0.954088 0.286762 -0.299741 0.970205 -0.146073 -0.193302 -0.333399 0.226315 0.261494 0.938297 0.437004 0.0537723 -0.996704 -0.0607397 0.387797 0.0700521 0.0644432 -0.99546 -0.471889 0.996093 0.0492732 0.0732864 0.43062 
1530632639135 -0.13429 -0.961478 0.239848 -0.392664 0.990685 -0.124754 0.0545793 -0.306425 -0.0225549 0.244943 0.969275 0.424256 0.053811 -0.996704 -0.0607009 0.387847 0.0706642 0.0644375 -0.995417 -0.471881 0.996048 0.049275 0.0738987 0.430511 
1530632639357 -0.169662 -0.968024 0.184783 -0.471246 0.948411 -0.109424 0.297563 -0.28492 -0.267828 0.225735 0.936649 0.406275 0.0538525 -0.996704 -0.0606653 0.387892 0.0712549 0.0644343 -0.995375 -0.471871 0.996003 0.0492808 0.0744901 0.430439 
1530632639578 -0.169662 -0.968024 0.184783 -0.471246 0.948411 -0.109424 0.297563 -0.28492 -0.267828 0.225735 0.936649 0.406275 0.0537848 -0.996704 -0.0607397 0.387878 0.0712175 0.0645017 -0.995373 -0.471855 0.99601 0.0492102 0.074452 0.430444 
1530632639590 0.283169 -0.929229 0.237379 0.203594 -0.111529 -0.277735 -0.954162 -0.479274 0.952563 0.243714 -0.182281 0.496512 0.0536892 -0.996873 -0.0579773 0.387902 0.0698899 0.06167 -0.995647 -0.471904 0.996109 0.0494034 0.0729824 0.430651 
1530632639815 0.235269 -0.927649 0.290026 0.180985 0.10053 -0.273576 -0.956582 -0.462709 0.966717 0.254211 0.0288922 0.49626 0.0535973 -0.997035 -0.0552141 0.387927 0.0685618 0.0588375 -0.99591 -0.471952 0.996206 0.0495926 0.0715121 0.430858 
1530632640066 0.172805 -0.930364 0.32336 0.0914989 0.342205 -0.251137 -0.905442 -0.442025 0.923599 0.26712 0.274977 0.490731 0.0535092 -0.997189 -0.0524503 0.387951 0.0672334 0.0560042 -0.996164 -0.472 0.996301 0.0497776 0.0700412 0.431065 
1530632640321 0.105868 -0.934412 0.340098 -0.00739079 0.562466 -0.225775 -0.795398 -0.416778 0.820015 0.275501 0.501672 0.477626 0.0534248 -0.997335 -0.0496859 0.387975 0.0659046 0.05317 -0.996408 -0.472049 0.996395 0.0499584 0.0685696 0.431272 
1530632640561 0.0370861 -0.940089 0.338905 -0.105107 0.748833 -0.198426 -0.632358 -0.389457 0.66172 0.277235 0.696611 0.46367 0.0533436 -0.997473 -0.0469204 0.387999 0.0645749 0.0503348 -0.996643 -0.472098 0.996486 0.0501346 0.0670968 0.431478 
1530632640903 -0.0282737 -0.94676 0.320695 -0.202851 0.887792 -0.171221 -0.42721 -0.361414 0.459375 0.272632 0.845368 0.450092 0.0532667 -0.997604 -0.0441551 0.388024 0.0632453 0.0474994 -0.996867 -0.472148 0.996575 0.0503072 0.0656239 0.431685 
1530632641153 -0.0865124 -0.954088 0.286762 -0.299741 0.970205 -0.146073 -0.193302 -0.333399 0.226315 0.261495 0.938297 0.437004 0.0531937 -0.997726 -0.0413892 0.388048 0.0619157 0.0446635 -0.997082 -0.4722 0.996663 0.0504758 0.0641508 0.43189 
1530632641406 -0.13429 -0.961478 0.239848 -0.392664 0.990685 -0.124754 0.0545794 -0.306425 -0.0225549 0.244944 0.969275 0.424256 0.053125 -0.997841 -0.0386227 0.388074 0.0605885 0.0418269 -0.997286 -0.472256 0.996748 0.0506407 0.0626797 0.432088 
1530632641654 -0.169662 -0.968024 0.184783 -0.471246 0.948411 -0.109424 0.297563 -0.284921 -0.267828 0.225735 0.936649 0.406274 0.0530553 -0.997947 -0.035877 0.388096 0.0593019 0.0390129 -0.997477 -0.472326 0.996829 0.0507939 0.06125 0.432247 
1530632641921 -0.169662 -0.968024 0.184783 -0.471246 0.948411 -0.109424 0.297563 -0.284921 -0.267828 0.225735 0.936649 0.406274 0.0529897 -0.997947 -0.0359683 0.388092 0.0591446 0.0390921 -0.997484 -0.47232 0.996842 0.050729 0.0610947 0.432162 
1530632641934 0.283169 -0.929229 0.237379 0.203594 -0.111529 -0.277735 -0.954162 -0.479273 0.952563 0.243714 -0.182282 0.496512 0.0533931 -0.997913 -0.0363223 0.388143 0.0598376 0.0395062 -0.997426 -0.472374 0.996779 0.0510822 0.061822 0.432066 
