1537391006834 0.240104 0.919856 -0.310185 -0.619053 -0.936647 0.303472 0.174922 -0.244471 0.255035 0.248534 0.934445 0.384948 0.16008 -0.304787 0.938871 0.370831 -0.775623 0.549475 0.310623 -0.528794 -0.61056 -0.777934 -0.14844 0.432481 
1537391006845 0.240366 0.920477 -0.308133 -0.620825 -0.936869 0.303049 0.174462 -0.245238 0.253968 0.246746 0.93521 0.383875 0.316241 -0.38488 0.867098 0.400864 -0.930001 -0.306251 0.203246 -0.504429 0.187325 -0.870677 -0.454788 0.485926 
1537391007319 0.240627 0.921094 -0.306081 -0.622596 -0.937092 0.302627 0.174001 -0.246005 0.2529 0.244956 0.935969 0.382801 0.316241 -0.38488 0.867098 0.400864 -0.930001 -0.306251 0.203246 -0.504429 0.187325 -0.870677 -0.454788 0.485926 
1537391007880 0.240885 0.921706 -0.304027 -0.624367 -0.937313 0.302206 0.173539 -0.246772 0.251831 0.243166 0.936724 0.381728 0.316241 -0.38488 0.867098 0.400864 -0.930001 -0.306251 0.203246 -0.504429 0.187325 -0.870677 -0.454788 0.485926 
1537391008446 0.24114 0.922315 -0.301972 -0.626137 -0.937534 0.301786 0.173076 -0.247538 0.250761 0.241373 0.937474 0.380655 0.316241 -0.38488 0.867098 0.400864 -0.930001 -0.306251 0.203246 -0.504429 0.187325 -0.870677 -0.454788 0.485926 
1537391009083 0.241394 0.922919 -0.299915 -0.627906 -0.937755 0.301366 0.172612 -0.248304 0.249691 0.23958 0.93822 0.379582 0.316241 -0.38488 0.867098 0.400864 -0.930001 -0.306251 0.203246 -0.504429 0.187325 -0.870677 -0.454788 0.485926 
1537391009649 0.241644 0.92352 -0.297858 -0.629675 -0.937974 0.300948 0.172146 -0.24907 0.24862 0.237785 0.93896 0.37851 0.316241 -0.38488 0.867098 0.400864 -0.930001 -0.306251 0.203246 -0.504429 0.187325 -0.870677 -0.454788 0.485926 
1537391009658 0.241893 0.924116 -0.295798 -0.631443 -0.938194 0.300531 0.17168 -0.249835 0.247548 0.235988 0.939696 0.377437 0.316241 -0.38488 0.867098 0.400864 -0.930001 -0.306251 0.203246 -0.504429 0.187325 -0.870677 -0.454788 0.485926 
1537391010720 0.24214 0.924709 -0.293738 -0.633211 -0.938412 0.300114 0.171212 -0.250601 0.246476 0.23419 0.940428 0.376364 0.316241 -0.38488 0.867098 0.400864 -0.930001 -0.306251 0.203246 -0.504429 0.187325 -0.870677 -0.454788 0.485926 
1537391011290 0.242453 0.925237 -0.29181 -0.634243 -0.938616 0.299787 0.170671 -0.251002 0.245392 0.232518 0.941126 0.375436 0.316531 -0.385118 0.866887 0.401814 -0.929976 -0.306103 0.20358 -0.50615 0.186955 -0.870623 -0.455042 0.486735 
1537391011791 0.242552 0.924929 -0.292701 -0.633714 -0.938468 0.300161 0.170823 -0.250863 0.245856 0.233258 0.940822 0.37592 0.16008 -0.304787 0.938871 0.370831 -0.775623 0.549475 0.310623 -0.528794 -0.61056 -0.777934 -0.14844 0.432481 
1537391011806 0.241591 0.924739 -0.294094 -0.63433 -0.93843 0.299775 0.171707 -0.25105 0.246947 0.234504 0.940226 0.375937 0.316241 -0.38488 0.867098 0.400864 -0.930001 -0.306251 0.203246 -0.504429 0.187325 -0.870677 -0.454788 0.485926 
1537391011869 0.240627 0.924547 -0.295485 -0.634945 -0.938391 0.29939 0.172592 -0.251237 0.248035 0.23575 0.939628 0.375954 0.316241 -0.38488 0.867098 0.400864 -0.930001 -0.306251 0.203246 -0.504429 0.187325 -0.870677 -0.454788 0.485926 
1537391012038 0.239661 0.924353 -0.296874 -0.635561 -0.93835 0.299006 0.173477 -0.251424 0.249121 0.236996 0.939027 0.375971 0.316241 -0.38488 0.867098 0.400864 -0.930001 -0.306251 0.203246 -0.504429 0.187325 -0.870677 -0.454788 0.485926 
1537391012200 0.238694 0.924157 -0.298261 -0.636176 -0.938308 0.298623 0.174363 -0.251611 0.250206 0.238242 0.938423 0.375988 0.316241 -0.38488 0.867098 0.400864 -0.930001 -0.306251 0.203246 -0.504429 0.187325 -0.870677 -0.454788 0.485926 
1537391012420 0.237725 0.923958 -0.299647 -0.636792 -0.938265 0.298241 0.175249 -0.251798 0.251289 0.239488 0.937816 0.376005 0.316241 -0.38488 0.867098 0.400864 -0.930001 -0.306251 0.203246 -0.504429 0.187325 -0.870677 -0.454788 0.485926 
1537391012435 0.236755 0.923757 -0.301032 -0.637407 -0.93822 0.29786 0.176135 -0.251985 0.252371 0.240733 0.937207 0.376022 0.316241 -0.38488 0.867098 0.400864 -0.930001 -0.306251 0.203246 -0.504429 0.187325 -0.870677 -0.454788 0.485926 
1537391012756 0.235782 0.923554 -0.302415 -0.638023 -0.938173 0.29748 0.177021 -0.252172 0.253451 0.241979 0.936594 0.376039 0.316241 -0.38488 0.867098 0.400864 -0.930001 -0.306251 0.203246 -0.504429 0.187325 -0.870677 -0.454788 0.485926 
1537391013033 0.234808 0.923349 -0.303797 -0.638638 -0.938126 0.297101 0.177908 -0.252359 0.25453 0.243225 0.935979 0.376057 0.316241 -0.38488 0.867098 0.400864 -0.930001 -0.306251 0.203246 -0.504429 0.187325 -0.870677 -0.454788 0.485926 
1537391013237 0.233849 0.923127 -0.305208 -0.63908 -0.938073 0.296744 0.178778 -0.25246 0.255604 0.2445 0.935354 0.376107 0.316531 -0.385118 0.866887 0.401814 -0.929976 -0.306103 0.20358 -0.50615 0.186955 -0.870623 -0.455042 0.486735 
1537391013441 0.235614 0.923277 -0.303389 -0.638437 -0.938083 0.297634 0.177242 -0.252653 0.253942 0.242843 0.936237 0.37599 0.16008 -0.304787 0.938871 0.370831 -0.775623 0.549475 0.310623 -0.528794 -0.61056 -0.777934 -0.14844 0.432481 
1537391013450 0.235075 0.923036 -0.30454 -0.63889 -0.938167 0.297393 0.177201 -0.25272 0.254131 0.244054 0.935871 0.376105 0.316241 -0.38488 0.867098 0.400864 -0.930001 -0.306251 0.203246 -0.504429 0.187325 -0.870677 -0.454788 0.485926 
1537391013457 0.234535 0.922793 -0.305691 -0.639343 -0.938251 0.297151 0.177161 -0.252786 0.254319 0.245265 0.935504 0.37622 0.316241 -0.38488 0.867098 0.400864 -0.930001 -0.306251 0.203246 -0.504429 0.187325 -0.870677 -0.454788 0.485926 
1537391013565 0.233995 0.922548 -0.306842 -0.639796 -0.938335 0.29691 0.177121 -0.252853 0.254507 0.246475 0.935134 0.376335 0.316241 -0.38488 0.867098 0.400864 -0.930001 -0.306251 0.203246 -0.504429 0.187325 -0.870677 -0.454788 0.485926 
1537391013676 0.233454 0.922302 -0.307991 -0.640249 -0.938419 0.296668 0.177082 -0.252919 0.254694 0.247685 0.934764 0.37645 0.316241 -0.38488 0.867098 0.400864 -0.930001 -0.306251 0.203246 -0.504429 0.187325 -0.870677 -0.454788 0.485926 
1537391013798 0.232913 0.922054 -0.309141 -0.640702 -0.938503 0.296426 0.177043 -0.252986 0.25488 0.248894 0.934392 0.376565 0.316241 -0.38488 0.867098 0.400864 -0.930001 -0.306251 0.203246 -0.504429 0.187325 -0.870677 -0.454788 0.485926 
1537391013916 0.232372 0.921804 -0.31029 -0.641155 -0.938586 0.296184 0.177004 -0.253053 0.255066 0.250103 0.934018 0.376681 0.316241 -0.38488 0.867098 0.400864 -0.930001 -0.306251 0.203246 -0.504429 0.187325 -0.870677 -0.454788 0.485926 
1537391014083 0.231831 0.921553 -0.311438 -0.641608 -0.93867 0.295942 0.176965 -0.253119 0.255251 0.251312 0.933643 0.376796 0.316241 -0.38488 0.867098 0.400864 -0.930001 -0.306251 0.203246 -0.504429 0.187325 -0.870677 -0.454788 0.485926 
1537391014196 0.23129 0.921301 -0.312587 -0.642061 -0.938753 0.2957 0.176927 -0.253186 0.255435 0.25252 0.933267 0.376911 0.316241 -0.38488 0.867098 0.400864 -0.930001 -0.306251 0.203246 -0.504429 0.187325 -0.870677 -0.454788 0.485926 
1537391014365 0.230756 0.921039 -0.31375 -0.642426 -0.938835 0.295469 0.17688 -0.253209 0.255617 0.253743 0.932885 0.377042 0.316531 -0.385118 0.866887 0.401814 -0.929976 -0.306103 0.20358 -0.50615 0.186955 -0.870623 -0.455042 0.486735 
1537391014496 0.231756 0.921337 -0.312132 -0.641816 -0.938647 0.296046 0.176916 -0.25326 0.255405 0.25198 0.933421 0.376773 0.16008 -0.304787 0.938871 0.370831 -0.775623 0.549475 0.310623 -0.528794 -0.61056 -0.777934 -0.14844 0.432481 
1537391014506 0.231269 0.92141 -0.31228 -0.642011 -0.938748 0.295632 0.177071 -0.253342 0.255475 0.252201 0.933342 0.376868 0.316241 -0.38488 0.867098 0.400864 -0.930001 -0.306251 0.203246 -0.504429 0.187325 -0.870677 -0.454788 0.485926 
1537391014523 0.230781 0.921482 -0.312428 -0.642207 -0.938848 0.29522 0.177226 -0.253424 0.255546 0.252422 0.933263 0.376963 0.316241 -0.38488 0.867098 0.400864 -0.930001 -0.306251 0.203246 -0.504429 0.187325 -0.870677 -0.454788 0.485926 
1537391014587 0.230294 0.921553 -0.312576 -0.642402 -0.938949 0.294806 0.177382 -0.253507 0.255617 0.252643 0.933184 0.377058 0.316241 -0.38488 0.867098 0.400864 -0.930001 -0.306251 0.203246 -0.504429 0.187325 -0.870677 -0.454788 0.485926 
1537391014700 0.229806 0.921625 -0.312723 -0.642597 -0.939049 0.294393 0.177538 -0.253589 0.255687 0.252863 0.933105 0.377152 0.316241 -0.38488 0.867098 0.400864 -0.930001 -0.306251 0.203246 -0.504429 0.187325 -0.870677 -0.454788 0.485926 
1537391014814 0.229319 0.921697 -0.312871 -0.642793 -0.939149 0.293979 0.177694 -0.253671 0.255758 0.253084 0.933025 0.377247 0.316241 -0.38488 0.867098 0.400864 -0.930001 -0.306251 0.203246 -0.504429 0.187325 -0.870677 -0.454788 0.485926 
1537391014928 0.228831 0.921768 -0.313019 -0.642988 -0.939249 0.293566 0.17785 -0.253753 0.255828 0.253305 0.932946 0.377342 0.316241 -0.38488 0.867098 0.400864 -0.930001 -0.306251 0.203246 -0.504429 0.187325 -0.870677 -0.454788 0.485926 
1537391015041 0.228344 0.921839 -0.313166 -0.643183 -0.939348 0.293153 0.178006 -0.253835 0.255898 0.253525 0.932867 0.377437 0.316241 -0.38488 0.867098 0.400864 -0.930001 -0.306251 0.203246 -0.504429 0.187325 -0.870677 -0.454788 0.485926 
1537391015154 0.227856 0.921909 -0.313313 -0.643378 -0.939448 0.292739 0.178162 -0.253917 0.255968 0.253746 0.932788 0.377532 0.316241 -0.38488 0.867098 0.400864 -0.930001 -0.306251 0.203246 -0.504429 0.187325 -0.870677 -0.454788 0.485926 
1537391015268 0.227376 0.921973 -0.313475 -0.643495 -0.939545 0.292335 0.17831 -0.25396 0.256037 0.25398 0.932705 0.377642 0.316531 -0.385118 0.866887 0.401814 -0.929976 -0.306103 0.20358 -0.50615 0.186955 -0.870623 -0.455042 0.486735 
1537391015409 0.228076 0.921925 -0.313106 -0.643256 -0.939448 0.292854 0.177972 -0.253931 0.255771 0.253556 0.932894 0.377494 0.16008 -0.304787 0.938871 0.370831 -0.775623 0.549475 0.310623 -0.528794 -0.61056 -0.777934 -0.14844 0.432481 
1537391015415 0.227908 0.922092 -0.312739 -0.643312 -0.939623 0.292492 0.177646 -0.253991 0.25528 0.253369 0.933079 0.377493 0.316241 -0.38488 0.867098 0.400864 -0.930001 -0.306251 0.203246 -0.504429 0.187325 -0.870677 -0.454788 0.485926 
1537391015437 0.22774 0.922257 -0.312372 -0.643369 -0.939796 0.292131 0.177322 -0.254051 0.25479 0.253183 0.933264 0.377491 0.316241 -0.38488 0.867098 0.400864 -0.930001 -0.306251 0.203246 -0.504429 0.187325 -0.870677 -0.454788 0.485926 
1537391015448 0.227572 0.922423 -0.312005 -0.643425 -0.939969 0.291769 0.176997 -0.254111 0.2543 0.252995 0.933448 0.37749 0.316241 -0.38488 0.867098 0.400864 -0.930001 -0.306251 0.203246 -0.504429 0.187325 -0.870677 -0.454788 0.485926 
1537391015525 0.227404 0.922589 -0.311637 -0.643481 -0.940143 0.291408 0.176673 -0.254171 0.25381 0.252807 0.933632 0.377489 0.316241 -0.38488 0.867098 0.400864 -0.930001 -0.306251 0.203246 -0.504429 0.187325 -0.870677 -0.454788 0.485926 
1537391015625 0.227236 0.922754 -0.311271 -0.643538 -0.940315 0.291047 0.176347 -0.254231 0.25332 0.25262 0.933816 0.377487 0.316241 -0.38488 0.867098 0.400864 -0.930001 -0.306251 0.203246 -0.504429 0.187325 -0.870677 -0.454788 0.485926 
1537391015705 0.227067 0.922919 -0.310903 -0.643594 -0.940488 0.290686 0.176022 -0.25429 0.25283 0.252432 0.934 0.377486 0.316241 -0.38488 0.867098 0.400864 -0.930001 -0.306251 0.203246 -0.504429 0.187325 -0.870677 -0.454788 0.485926 
1537391015752 0.226898 0.923084 -0.310536 -0.64365 -0.94066 0.290325 0.175697 -0.25435 0.252339 0.252243 0.934183 0.377485 0.316241 -0.38488 0.867098 0.400864 -0.930001 -0.306251 0.203246 -0.504429 0.187325 -0.870677 -0.454788 0.485926 
1537391015820 0.226729 0.923249 -0.310169 -0.643706 -0.940832 0.289964 0.175371 -0.25441 0.251849 0.252055 0.934366 0.377484 0.316241 -0.38488 0.867098 0.400864 -0.930001 -0.306251 0.203246 -0.504429 0.187325 -0.870677 -0.454788 0.485926 
1537391015885 0.226565 0.92341 -0.309811 -0.643713 -0.941003 0.289609 0.175041 -0.254445 0.251358 0.251875 0.934547 0.377492 0.316531 -0.385118 0.866887 0.401814 -0.929976 -0.306103 0.20358 -0.50615 0.186955 -0.870623 -0.455042 0.486735 
1537391015969 0.226817 0.923054 -0.310685 -0.643638 -0.940588 0.290369 0.176013 -0.254217 0.252683 0.252304 0.934074 0.377527 0.16008 -0.304787 0.938871 0.370831 -0.775623 0.549475 0.310623 -0.528794 -0.61056 -0.777934 -0.14844 0.432481 
1537391015976 0.227164 0.923075 -0.310369 -0.643609 -0.940556 0.290585 0.175826 -0.254226 0.252489 0.251978 0.934214 0.377494 0.316241 -0.38488 0.867098 0.400864 -0.930001 -0.306251 0.203246 -0.504429 0.187325 -0.870677 -0.454788 0.485926 
1537391015993 0.227511 0.923096 -0.310052 -0.643581 -0.940524 0.290801 0.17564 -0.254234 0.252296 0.251651 0.934355 0.377461 0.316241 -0.38488 0.867098 0.400864 -0.930001 -0.306251 0.203246 -0.504429 0.187325 -0.870677 -0.454788 0.485926 
1537391016021 0.227858 0.923117 -0.309735 -0.643552 -0.940492 0.291017 0.175453 -0.254242 0.252102 0.251325 0.934495 0.377429 0.316241 -0.38488 0.867098 0.400864 -0.930001 -0.306251 0.203246 -0.504429 0.187325 -0.870677 -0.454788 0.485926 
1537391016073 0.228205 0.923137 -0.309418 -0.643524 -0.94046 0.291233 0.175266 -0.254251 0.251908 0.250998 0.934635 0.377396 0.316241 -0.38488 0.867098 0.400864 -0.930001 -0.306251 0.203246 -0.504429 0.187325 -0.870677 -0.454788 0.485926 
1537391016141 0.228552 0.923158 -0.309101 -0.643495 -0.940428 0.291449 0.17508 -0.254259 0.251714 0.250672 0.934775 0.377363 0.316241 -0.38488 0.867098 0.400864 -0.930001 -0.306251 0.203246 -0.504429 0.187325 -0.870677 -0.454788 0.485926 
1537391016200 0.228898 0.923178 -0.308784 -0.643466 -0.940395 0.291666 0.174894 -0.254268 0.25152 0.250346 0.934914 0.37733 0.316241 -0.38488 0.867098 0.400864 -0.930001 -0.306251 0.203246 -0.504429 0.187325 -0.870677 -0.454788 0.485926 
1537391016272 0.229245 0.923198 -0.308467 -0.643438 -0.940363 0.291882 0.174707 -0.254276 0.251325 0.25002 0.935054 0.377297 0.316241 -0.38488 0.867098 0.400864 -0.930001 -0.306251 0.203246 -0.504429 0.187325 -0.870677 -0.454788 0.485926 
1537391016338 0.229591 0.923218 -0.308149 -0.643409 -0.94033 0.292098 0.174521 -0.254285 0.251131 0.249694 0.935193 0.377265 0.316241 -0.38488 0.867098 0.400864 -0.930001 -0.306251 0.203246 -0.504429 0.187325 -0.870677 -0.454788 0.485926 
1537391016417 0.229937 0.923238 -0.307832 -0.64338 -0.940298 0.292314 0.174335 -0.254293 0.250936 0.249367 0.935333 0.377232 0.316531 -0.385118 0.866887 0.401814 -0.929976 -0.306103 0.20358 -0.50615 0.186955 -0.870623 -0.455042 0.486735 
1537391016518 0.228875 0.923202 -0.30873 -0.643473 -0.940403 0.291631 0.174909 -0.254213 0.251512 0.250298 0.934929 0.377357 0.16008 -0.304787 0.938871 0.370831 -0.775623 0.549475 0.310623 -0.528794 -0.61056 -0.777934 -0.14844 0.432481 
1537391016527 0.229593 0.923103 -0.308492 -0.643261 -0.940291 0.292203 0.174556 -0.254125 0.251275 0.249995 0.935074 0.377393 0.316241 -0.38488 0.867098 0.400864 -0.930001 -0.306251 0.203246 -0.504429 0.187325 -0.870677 -0.454788 0.485926 
1537391016594 0.230313 0.923003 -0.308254 -0.643049 -0.940179 0.292776 0.1742 -0.254037 0.251036 0.249694 0.935219 0.37743 0.316241 -0.38488 0.867098 0.400864 -0.930001 -0.306251 0.203246 -0.504429 0.187325 -0.870677 -0.454788 0.485926 
1537391016705 0.231032 0.922903 -0.308016 -0.642837 -0.940066 0.293349 0.173845 -0.25395 0.250798 0.249392 0.935363 0.377466 0.316241 -0.38488 0.867098 0.400864 -0.930001 -0.306251 0.203246 -0.504429 0.187325 -0.870677 -0.454788 0.485926 
1537391016821 0.231752 0.922802 -0.307777 -0.642625 -0.939953 0.293922 0.173489 -0.253862 0.250559 0.24909 0.935508 0.377502 0.316241 -0.38488 0.867098 0.400864 -0.930001 -0.306251 0.203246 -0.504429 0.187325 -0.870677 -0.454788 0.485926 
1537391016980 0.232471 0.922701 -0.307538 -0.642413 -0.939839 0.294495 0.173134 -0.253774 0.25032 0.248788 0.935652 0.377538 0.316241 -0.38488 0.867098 0.400864 -0.930001 -0.306251 0.203246 -0.504429 0.187325 -0.870677 -0.454788 0.485926 
1537391016987 0.23319 0.9226 -0.307299 -0.642201 -0.939725 0.295067 0.17278 -0.253686 0.25008 0.248486 0.935796 0.377575 0.316241 -0.38488 0.867098 0.400864 -0.930001 -0.306251 0.203246 -0.504429 0.187325 -0.870677 -0.454788 0.485926 
1537391017203 0.233908 0.922497 -0.30706 -0.641988 -0.93961 0.29564 0.172425 -0.253598 0.249841 0.248184 0.93594 0.377611 0.316241 -0.38488 0.867098 0.400864 -0.930001 -0.306251 0.203246 -0.504429 0.187325 -0.870677 -0.454788 0.485926 
1537391017365 0.234627 0.922395 -0.30682 -0.641776 -0.939494 0.296213 0.17207 -0.25351 0.249601 0.247883 0.936084 0.377647 0.316241 -0.38488 0.867098 0.400864 -0.930001 -0.306251 0.203246 -0.504429 0.187325 -0.870677 -0.454788 0.485926 
1537391017487 0.235336 0.9223 -0.306562 -0.641662 -0.93938 0.296774 0.171726 -0.253471 0.249362 0.247565 0.936232 0.377665 0.316531 -0.385118 0.866887 0.401814 -0.929976 -0.306103 0.20358 -0.50615 0.186955 -0.870623 -0.455042 0.486735 
1537391017621 0.23392 0.922519 -0.306985 -0.64201 -0.939577 0.295666 0.172556 -0.253491 0.249952 0.248072 0.93594 0.377591 0.16008 -0.304787 0.938871 0.370831 -0.775623 0.549475 0.310623 -0.528794 -0.61056 -0.777934 -0.14844 0.432481 
1537391017633 0.234325 0.922464 -0.306841 -0.641611 -0.9395 0.296 0.172406 -0.253343 0.249863 0.247878 0.936016 0.377718 0.316241 -0.38488 0.867098 0.400864 -0.930001 -0.306251 0.203246 -0.504429 0.187325 -0.870677 -0.454788 0.485926 
1537391017637 0.23473 0.92241 -0.306696 -0.641212 -0.939422 0.296334 0.172256 -0.253196 0.249775 0.247683 0.936091 0.377845 0.316241 -0.38488 0.867098 0.400864 -0.930001 -0.306251 0.203246 -0.504429 0.187325 -0.870677 -0.454788 0.485926 
1537391017702 0.235135 0.922355 -0.30655 -0.640813 -0.939344 0.296667 0.172106 -0.253048 0.249687 0.247488 0.936166 0.377972 0.316241 -0.38488 0.867098 0.400864 -0.930001 -0.306251 0.203246 -0.504429 0.187325 -0.870677 -0.454788 0.485926 
1537391017925 0.23554 0.9223 -0.306405 -0.640414 -0.939267 0.297 0.171957 -0.2529 0.249598 0.247293 0.936241 0.378099 0.316241 -0.38488 0.867098 0.400864 -0.930001 -0.306251 0.203246 -0.504429 0.187325 -0.870677 -0.454788 0.485926 
1537391018138 0.235945 0.922245 -0.306259 -0.640015 -0.939188 0.297334 0.171807 -0.252752 0.24951 0.247098 0.936316 0.378226 0.316241 -0.38488 0.867098 0.400864 -0.930001 -0.306251 0.203246 -0.504429 0.187325 -0.870677 -0.454788 0.485926 
1537391018307 0.23635 0.922189 -0.306114 -0.639616 -0.93911 0.297667 0.171658 -0.252605 0.249421 0.246903 0.936391 0.378353 0.316241 -0.38488 0.867098 0.400864 -0.930001 -0.306251 0.203246 -0.504429 0.187325 -0.870677 -0.454788 0.485926 
1537391018523 0.236755 0.922134 -0.305968 -0.639217 -0.939032 0.298001 0.171508 -0.252457 0.249332 0.246709 0.936466 0.37848 0.316241 -0.38488 0.867098 0.400864 -0.930001 -0.306251 0.203246 -0.504429 0.187325 -0.870677 -0.454788 0.485926 
1537391018700 0.237159 0.922078 -0.305823 -0.638818 -0.938953 0.298334 0.171359 -0.252309 0.249243 0.246514 0.936541 0.378607 0.316241 -0.38488 0.867098 0.400864 -0.930001 -0.306251 0.203246 -0.504429 0.187325 -0.870677 -0.454788 0.485926 
1537391018870 0.237549 0.922036 -0.305649 -0.638577 -0.938878 0.298648 0.171226 -0.25224 0.249158 0.246292 0.936622 0.378704 0.316531 -0.385118 0.866887 0.401814 -0.929976 -0.306103 0.20358 -0.50615 0.186955 -0.870623 -0.455042 0.486735 
1537391019046 0.2367 0.922293 -0.305529 -0.638884 -0.939041 0.297871 0.17168 -0.252176 0.249348 0.246268 0.936578 0.378684 0.16008 -0.304787 0.938871 0.370831 -0.775623 0.549475 0.310623 -0.528794 -0.61056 -0.777934 -0.14844 0.432481 
1537391019055 0.236685 0.922251 -0.305668 -0.638402 -0.938994 0.297934 0.171832 -0.251994 0.249541 0.24635 0.936505 0.378826 0.316241 -0.38488 0.867098 0.400864 -0.930001 -0.306251 0.203246 -0.504429 0.187325 -0.870677 -0.454788 0.485926 
1537391019061 0.236671 0.922209 -0.305806 -0.637919 -0.938946 0.297997 0.171984 -0.251812 0.249735 0.246432 0.936431 0.378969 0.316241 -0.38488 0.867098 0.400864 -0.930001 -0.306251 0.203246 -0.504429 0.187325 -0.870677 -0.454788 0.485926 
1537391019271 0.236658 0.922166 -0.305945 -0.637437 -0.938898 0.298061 0.172136 -0.25163 0.249928 0.246514 0.936358 0.379111 0.316241 -0.38488 0.867098 0.400864 -0.930001 -0.306251 0.203246 -0.504429 0.187325 -0.870677 -0.454788 0.485926 
1537391019533 0.236644 0.922124 -0.306083 -0.636954 -0.93885 0.298124 0.172288 -0.251448 0.250122 0.246595 0.936285 0.379254 0.316241 -0.38488 0.867098 0.400864 -0.930001 -0.306251 0.203246 -0.504429 0.187325 -0.870677 -0.454788 0.485926 
1537391019539 0.23663 0.922082 -0.306222 -0.636472 -0.938802 0.298187 0.17244 -0.251266 0.250315 0.246677 0.936212 0.379396 0.316241 -0.38488 0.867098 0.400864 -0.930001 -0.306251 0.203246 -0.504429 0.187325 -0.870677 -0.454788 0.485926 
1537391019904 0.236616 0.922039 -0.30636 -0.635989 -0.938754 0.298251 0.172592 -0.251084 0.250508 0.246759 0.936139 0.379539 0.316241 -0.38488 0.867098 0.400864 -0.930001 -0.306251 0.203246 -0.504429 0.187325 -0.870677 -0.454788 0.485926 
1537391020173 0.236602 0.921997 -0.306499 -0.635506 -0.938706 0.298314 0.172743 -0.250902 0.250702 0.246841 0.936065 0.379681 0.316241 -0.38488 0.867098 0.400864 -0.930001 -0.306251 0.203246 -0.504429 0.187325 -0.870677 -0.454788 0.485926 
1537391020385 0.236588 0.921954 -0.306637 -0.635024 -0.938658 0.298378 0.172895 -0.25072 0.250895 0.246922 0.935992 0.379824 0.316241 -0.38488 0.867098 0.400864 -0.930001 -0.306251 0.203246 -0.504429 0.187325 -0.870677 -0.454788 0.485926 
1537391020598 0.236556 0.921927 -0.306743 -0.63472 -0.938613 0.29842 0.173066 -0.250628 0.251092 0.246973 0.935926 0.379932 0.316531 -0.385118 0.866887 0.401814 -0.929976 -0.306103 0.20358 -0.50615 0.186955 -0.870623 -0.455042 0.486735 
1537391020790 0.236244 0.922149 -0.306316 -0.635073 -0.938776 0.29796 0.172971 -0.250627 0.250775 0.246699 0.936083 0.379891 0.16008 -0.304787 0.938871 0.370831 -0.775623 0.549475 0.310623 -0.528794 -0.61056 -0.777934 -0.14844 0.432481 
1537391020807 0.236183 0.922082 -0.306567 -0.634621 -0.938659 0.29808 0.173399 -0.250495 0.25127 0.246808 0.935922 0.380043 0.316241 -0.38488 0.867098 0.400864 -0.930001 -0.306251 0.203246 -0.504429 0.187325 -0.870677 -0.454788 0.485926 
1537391020881 0.236123 0.922013 -0.306818 -0.634168 -0.938542 0.298201 0.173828 -0.250363 0.251765 0.246916 0.93576 0.380194 0.316241 -0.38488 0.867098 0.400864 -0.930001 -0.306251 0.203246 -0.504429 0.187325 -0.870677 -0.454788 0.485926 
1537391021054 0.236063 0.921945 -0.307068 -0.633716 -0.938424 0.298321 0.174257 -0.25023 0.25226 0.247025 0.935598 0.380345 0.316241 -0.38488 0.867098 0.400864 -0.930001 -0.306251 0.203246 -0.504429 0.187325 -0.870677 -0.454788 0.485926 
1537391021259 0.236003 0.921877 -0.307319 -0.633264 -0.938306 0.298442 0.174685 -0.250098 0.252755 0.247133 0.935436 0.380497 0.316241 -0.38488 0.867098 0.400864 -0.930001 -0.306251 0.203246 -0.504429 0.187325 -0.870677 -0.454788 0.485926 
1537391021473 0.235942 0.921809 -0.307569 -0.632811 -0.938188 0.298562 0.175113 -0.249966 0.25325 0.247241 0.935273 0.380648 0.316241 -0.38488 0.867098 0.400864 -0.930001 -0.306251 0.203246 -0.504429 0.187325 -0.870677 -0.454788 0.485926 
1537391021697 0.235882 0.921741 -0.30782 -0.632359 -0.938069 0.298683 0.175542 -0.249834 0.253745 0.247349 0.935111 0.3808 0.316241 -0.38488 0.867098 0.400864 -0.930001 -0.306251 0.203246 -0.504429 0.187325 -0.870677 -0.454788 0.485926 
1537391021933 0.235821 0.921673 -0.30807 -0.631907 -0.93795 0.298804 0.17597 -0.249702 0.254239 0.247457 0.934948 0.380952 0.316241 -0.38488 0.867098 0.400864 -0.930001 -0.306251 0.203246 -0.504429 0.187325 -0.870677 -0.454788 0.485926 
1537391022141 0.23576 0.921605 -0.30832 -0.631454 -0.937831 0.298925 0.176398 -0.249569 0.254734 0.247565 0.934785 0.381103 0.316241 -0.38488 0.867098 0.400864 -0.930001 -0.306251 0.203246 -0.504429 0.187325 -0.870677 -0.454788 0.485926 
1537391022357 0.235684 0.92155 -0.308542 -0.631157 -0.937715 0.299026 0.176843 -0.249515 0.255232 0.247646 0.934627 0.381225 0.316531 -0.385118 0.866887 0.401814 -0.929976 -0.306103 0.20358 -0.50615 0.186955 -0.870623 -0.455042 0.486735 
1537391022549 0.235316 0.921789 -0.308108 -0.631504 -0.937965 0.298442 0.176503 -0.249431 0.254651 0.247461 0.934835 0.38114 0.16008 -0.304787 0.938871 0.370831 -0.775623 0.549475 0.310623 -0.528794 -0.61056 -0.777934 -0.14844 0.432481 
1537391022555 0.235472 0.921712 -0.308222 -0.631206 -0.937918 0.298619 0.176455 -0.249337 0.254681 0.247536 0.934807 0.381215 0.316241 -0.38488 0.867098 0.400864 -0.930001 -0.306251 0.203246 -0.504429 0.187325 -0.870677 -0.454788 0.485926 
1537391022621 0.23563 0.921633 -0.308336 -0.630909 -0.93787 0.298798 0.176405 -0.249242 0.254711 0.247613 0.934778 0.38129 0.316241 -0.38488 0.867098 0.400864 -0.930001 -0.306251 0.203246 -0.504429 0.187325 -0.870677 -0.454788 0.485926 
1537391022731 0.235787 0.921555 -0.308449 -0.630611 -0.937823 0.298977 0.176356 -0.249148 0.254741 0.247689 0.93475 0.381365 0.316241 -0.38488 0.867098 0.400864 -0.930001 -0.306251 0.203246 -0.504429 0.187325 -0.870677 -0.454788 0.485926 
1537391022852 0.235945 0.921477 -0.308563 -0.630314 -0.937775 0.299155 0.176306 -0.249054 0.25477 0.247764 0.934722 0.38144 0.316241 -0.38488 0.867098 0.400864 -0.930001 -0.306251 0.203246 -0.504429 0.187325 -0.870677 -0.454788 0.485926 
1537391023063 0.236102 0.921398 -0.308677 -0.630016 -0.937727 0.299334 0.176257 -0.248959 0.2548 0.24784 0.934694 0.381514 0.316241 -0.38488 0.867098 0.400864 -0.930001 -0.306251 0.203246 -0.504429 0.187325 -0.870677 -0.454788 0.485926 
1537391023223 0.236259 0.92132 -0.30879 -0.629719 -0.93768 0.299512 0.176208 -0.248865 0.25483 0.247916 0.934665 0.381589 0.316241 -0.38488 0.867098 0.400864 -0.930001 -0.306251 0.203246 -0.504429 0.187325 -0.870677 -0.454788 0.485926 
1537391023336 0.236416 0.921241 -0.308904 -0.629421 -0.937632 0.299691 0.176158 -0.24877 0.25486 0.247992 0.934637 0.381664 0.316241 -0.38488 0.867098 0.400864 -0.930001 -0.306251 0.203246 -0.504429 0.187325 -0.870677 -0.454788 0.485926 
1537391023505 0.236573 0.921163 -0.309018 -0.629123 -0.937584 0.299869 0.176109 -0.248676 0.25489 0.248067 0.934609 0.381739 0.316241 -0.38488 0.867098 0.400864 -0.930001 -0.306251 0.203246 -0.504429 0.187325 -0.870677 -0.454788 0.485926 
1537391023661 0.23672 0.921094 -0.309112 -0.628932 -0.937539 0.300034 0.176071 -0.248636 0.254922 0.248125 0.934585 0.381794 0.316531 -0.385118 0.866887 0.401814 -0.929976 -0.306103 0.20358 -0.50615 0.186955 -0.870623 -0.455042 0.486735 
1537391023787 0.236235 0.921293 -0.308888 -0.629281 -0.937658 0.299536 0.176285 -0.248602 0.254933 0.247987 0.934618 0.381694 0.16008 -0.304787 0.938871 0.370831 -0.775623 0.549475 0.310623 -0.528794 -0.61056 -0.777934 -0.14844 0.432481 
1537391023802 0.236356 0.92121 -0.309045 -0.629001 -0.937613 0.299693 0.176253 -0.248482 0.254985 0.248106 0.934573 0.381791 0.316241 -0.38488 0.867098 0.400864 -0.930001 -0.306251 0.203246 -0.504429 0.187325 -0.870677 -0.454788 0.485926 
1537391023861 0.236475 0.921126 -0.309202 -0.62872 -0.937569 0.299851 0.176222 -0.248363 0.255037 0.248227 0.934526 0.381888 0.316241 -0.38488 0.867098 0.400864 -0.930001 -0.306251 0.203246 -0.504429 0.187325 -0.870677 -0.454788 0.485926 
1537391023933 0.236594 0.921043 -0.309359 -0.62844 -0.937525 0.300007 0.176191 -0.248243 0.255089 0.248346 0.93448 0.381985 0.316241 -0.38488 0.867098 0.400864 -0.930001 -0.306251 0.203246 -0.504429 0.187325 -0.870677 -0.454788 0.485926 
1537391024038 0.236714 0.920959 -0.309517 -0.628159 -0.93748 0.300165 0.17616 -0.248123 0.255142 0.248466 0.934434 0.382082 0.316241 -0.38488 0.867098 0.400864 -0.930001 -0.306251 0.203246 -0.504429 0.187325 -0.870677 -0.454788 0.485926 
1537391024212 0.236834 0.920876 -0.309674 -0.627879 -0.937436 0.300322 0.176129 -0.248004 0.255194 0.248586 0.934388 0.382179 0.316241 -0.38488 0.867098 0.400864 -0.930001 -0.306251 0.203246 -0.504429 0.187325 -0.870677 -0.454788 0.485926 
1537391024368 0.236953 0.920792 -0.309831 -0.627599 -0.937391 0.300478 0.176098 -0.247884 0.255247 0.248706 0.934342 0.382276 0.316241 -0.38488 0.867098 0.400864 -0.930001 -0.306251 0.203246 -0.504429 0.187325 -0.870677 -0.454788 0.485926 
1537391024533 0.237073 0.920709 -0.309988 -0.627318 -0.937347 0.300635 0.176066 -0.247764 0.255299 0.248826 0.934296 0.382373 0.316241 -0.38488 0.867098 0.400864 -0.930001 -0.306251 0.203246 -0.504429 0.187325 -0.870677 -0.454788 0.485926 
1537391024643 0.237192 0.920625 -0.310145 -0.627038 -0.937302 0.300792 0.176035 -0.247644 0.255352 0.248945 0.934249 0.38247 0.316241 -0.38488 0.867098 0.400864 -0.930001 -0.306251 0.203246 -0.504429 0.187325 -0.870677 -0.454788 0.485926 
1537391024857 0.237301 0.92055 -0.310283 -0.626861 -0.93726 0.300936 0.176016 -0.247578 0.255406 0.249047 0.934207 0.382547 0.316531 -0.385118 0.866887 0.401814 -0.929976 -0.306103 0.20358 -0.50615 0.186955 -0.870623 -0.455042 0.486735 
1537391024984 0.23711 0.920694 -0.310003 -0.627325 -0.937304 0.300706 0.176174 -0.247734 0.255422 0.248794 0.93427 0.382387 0.16008 -0.304787 0.938871 0.370831 -0.775623 0.549475 0.310623 -0.528794 -0.61056 -0.777934 -0.14844 0.432481 
1537391025000 0.237118 0.920628 -0.310193 -0.627097 -0.93722 0.30083 0.17641 -0.247653 0.255723 0.248889 0.934163 0.382474 0.316241 -0.38488 0.867098 0.400864 -0.930001 -0.306251 0.203246 -0.504429 0.187325 -0.870677 -0.454788 0.485926 
1537391025014 0.237125 0.920562 -0.310382 -0.626869 -0.937136 0.300953 0.176646 -0.247571 0.256024 0.248983 0.934055 0.382562 0.316241 -0.38488 0.867098 0.400864 -0.930001 -0.306251 0.203246 -0.504429 0.187325 -0.870677 -0.454788 0.485926 
1537391025084 0.237132 0.920496 -0.310572 -0.62664 -0.937052 0.301076 0.176881 -0.247489 0.256324 0.249078 0.933948 0.382649 0.316241 -0.38488 0.867098 0.400864 -0.930001 -0.306251 0.203246 -0.504429 0.187325 -0.870677 -0.454788 0.485926 
1537391025160 0.237138 0.920431 -0.310761 -0.626412 -0.936968 0.301198 0.177118 -0.247408 0.256625 0.249172 0.93384 0.382736 0.316241 -0.38488 0.867098 0.400864 -0.930001 -0.306251 0.203246 -0.504429 0.187325 -0.870677 -0.454788 0.485926 
1537391025258 0.237145 0.920365 -0.310951 -0.626184 -0.936884 0.301322 0.177353 -0.247326 0.256926 0.249267 0.933732 0.382823 0.316241 -0.38488 0.867098 0.400864 -0.930001 -0.306251 0.203246 -0.504429 0.187325 -0.870677 -0.454788 0.485926 
1537391025388 0.237152 0.920299 -0.311141 -0.625956 -0.9368 0.301444 0.177589 -0.247245 0.257226 0.249361 0.933624 0.382911 0.316241 -0.38488 0.867098 0.400864 -0.930001 -0.306251 0.203246 -0.504429 0.187325 -0.870677 -0.454788 0.485926 
1537391025503 0.237159 0.920233 -0.31133 -0.625728 -0.936715 0.301567 0.177824 -0.247163 0.257527 0.249455 0.933516 0.382998 0.316241 -0.38488 0.867098 0.400864 -0.930001 -0.306251 0.203246 -0.504429 0.187325 -0.870677 -0.454788 0.485926 
1537391025613 0.237165 0.920167 -0.31152 -0.625499 -0.936631 0.30169 0.17806 -0.247082 0.257827 0.249549 0.933408 0.383085 0.316241 -0.38488 0.867098 0.400864 -0.930001 -0.306251 0.203246 -0.504429 0.187325 -0.870677 -0.454788 0.485926 
1537391025726 0.237164 0.920108 -0.311695 -0.625348 -0.936548 0.301803 0.178304 -0.24704 0.25813 0.24963 0.933303 0.383157 0.316531 -0.385118 0.866887 0.401814 -0.929976 -0.306103 0.20358 -0.50615 0.186955 -0.870623 -0.455042 0.486735 
1537391025861 0.236898 0.920358 -0.31116 -0.625684 -0.93683 0.301241 0.177775 -0.247075 0.257351 0.24939 0.933582 0.383042 0.16008 -0.304787 0.938871 0.370831 -0.775623 0.549475 0.310623 -0.528794 -0.61056 -0.777934 -0.14844 0.432481 
1537391025873 0.237076 0.920379 -0.310962 -0.625477 -0.93679 0.301366 0.177774 -0.246988 0.257332 0.24916 0.933648 0.38309 0.316241 -0.38488 0.867098 0.400864 -0.930001 -0.306251 0.203246 -0.504429 0.187325 -0.870677 -0.454788 0.485926 
1537391025887 0.237254 0.920401 -0.310762 -0.62527 -0.93675 0.301491 0.177772 -0.246902 0.257313 0.248929 0.933715 0.383138 0.316241 -0.38488 0.867098 0.400864 -0.930001 -0.306251 0.203246 -0.504429 0.187325 -0.870677 -0.454788 0.485926 
1537391025957 0.237432 0.920422 -0.310563 -0.625063 -0.93671 0.301616 0.17777 -0.246815 0.257294 0.248699 0.933782 0.383186 0.316241 -0.38488 0.867098 0.400864 -0.930001 -0.306251 0.203246 -0.504429 0.187325 -0.870677 -0.454788 0.485926 
1537391026071 0.237611 0.920443 -0.310363 -0.624856 -0.93667 0.301741 0.177768 -0.246729 0.257275 0.248469 0.933848 0.383234 0.316241 -0.38488 0.867098 0.400864 -0.930001 -0.306251 0.203246 -0.504429 0.187325 -0.870677 -0.454788 0.485926 
1537391026077 0.237788 0.920465 -0.310163 -0.624649 -0.93663 0.301866 0.177767 -0.246642 0.257256 0.248237 0.933915 0.383282 0.316241 -0.38488 0.867098 0.400864 -0.930001 -0.306251 0.203246 -0.504429 0.187325 -0.870677 -0.454788 0.485926 
1537391026249 0.237967 0.920486 -0.309964 -0.624442 -0.93659 0.301991 0.177765 -0.246555 0.257237 0.248007 0.933982 0.38333 0.316241 -0.38488 0.867098 0.400864 -0.930001 -0.306251 0.203246 -0.504429 0.187325 -0.870677 -0.454788 0.485926 
1537391026364 0.238145 0.920507 -0.309765 -0.624235 -0.93655 0.302116 0.177763 -0.246469 0.257217 0.247777 0.934048 0.383378 0.316241 -0.38488 0.867098 0.400864 -0.930001 -0.306251 0.203246 -0.504429 0.187325 -0.870677 -0.454788 0.485926 
1537391026441 0.238323 0.920528 -0.309565 -0.624028 -0.93651 0.302241 0.177762 -0.246382 0.257198 0.247546 0.934115 0.383426 0.316241 -0.38488 0.867098 0.400864 -0.930001 -0.306251 0.203246 -0.504429 0.187325 -0.870677 -0.454788 0.485926 
1537391026553 0.238496 0.920554 -0.309355 -0.623879 -0.936471 0.302358 0.177767 -0.246325 0.25718 0.247305 0.934183 0.383463 0.316531 -0.385118 0.866887 0.401814 -0.929976 -0.306103 0.20358 -0.50615 0.186955 -0.870623 -0.455042 0.486735 
1537391026681 0.238089 0.920517 -0.309777 -0.624245 -0.936565 0.302064 0.177772 -0.246498 0.257215 0.247801 0.934042 0.383399 0.16008 -0.304787 0.938871 0.370831 -0.775623 0.549475 0.310623 -0.528794 -0.61056 -0.777934 -0.14844 0.432481 
1537391026690 0.238164 0.920464 -0.309878 -0.623996 -0.9365 0.3022 0.177887 -0.246401 0.257383 0.247834 0.933987 0.383479 0.316241 -0.38488 0.867098 0.400864 -0.930001 -0.306251 0.203246 -0.504429 0.187325 -0.870677 -0.454788 0.485926 
1537391026709 0.23824 0.92041 -0.309979 -0.623747 -0.936434 0.302335 0.178001 -0.246304 0.257552 0.247868 0.933932 0.383559 0.316241 -0.38488 0.867098 0.400864 -0.930001 -0.306251 0.203246 -0.504429 0.187325 -0.870677 -0.454788 0.485926 
1537391026777 0.238315 0.920356 -0.310081 -0.623498 -0.936369 0.302471 0.178115 -0.246207 0.25772 0.247902 0.933876 0.383638 0.316241 -0.38488 0.867098 0.400864 -0.930001 -0.306251 0.203246 -0.504429 0.187325 -0.870677 -0.454788 0.485926 
1537391026897 0.238391 0.920302 -0.310182 -0.623249 -0.936303 0.302607 0.17823 -0.246111 0.257889 0.247936 0.933821 0.383718 0.316241 -0.38488 0.867098 0.400864 -0.930001 -0.306251 0.203246 -0.504429 0.187325 -0.870677 -0.454788 0.485926 
1537391027017 0.238467 0.920248 -0.310285 -0.623 -0.936237 0.302744 0.178344 -0.246014 0.258057 0.247971 0.933765 0.383798 0.316241 -0.38488 0.867098 0.400864 -0.930001 -0.306251 0.203246 -0.504429 0.187325 -0.870677 -0.454788 0.485926 
1537391027177 0.238543 0.920194 -0.310387 -0.622751 -0.936171 0.30288 0.178458 -0.245917 0.258226 0.248005 0.933709 0.383878 0.316241 -0.38488 0.867098 0.400864 -0.930001 -0.306251 0.203246 -0.504429 0.187325 -0.870677 -0.454788 0.485926 
1537391027340 0.238619 0.92014 -0.310488 -0.622502 -0.936106 0.303016 0.178572 -0.24582 0.258394 0.248039 0.933654 0.383957 0.316241 -0.38488 0.867098 0.400864 -0.930001 -0.306251 0.203246 -0.504429 0.187325 -0.870677 -0.454788 0.485926 
1537391027450 0.238694 0.920086 -0.31059 -0.622253 -0.93604 0.303152 0.178686 -0.245723 0.258563 0.248073 0.933598 0.384037 0.316241 -0.38488 0.867098 0.400864 -0.930001 -0.306251 0.203246 -0.504429 0.187325 -0.870677 -0.454788 0.485926 
1537391027613 0.238762 0.92004 -0.310677 -0.622083 -0.935976 0.303277 0.178809 -0.245667 0.258733 0.248093 0.933545 0.384101 0.316531 -0.385118 0.866887 0.401814 -0.929976 -0.306103 0.20358 -0.50615 0.186955 -0.870623 -0.455042 0.486735 
1537391027697 0.238471 0.920236 -0.310317 -0.622451 -0.936184 0.302803 0.178521 -0.245811 0.258246 0.247942 0.93372 0.383969 0.16008 -0.304787 0.938871 0.370831 -0.775623 0.549475 0.310623 -0.528794 -0.61056 -0.777934 -0.14844 0.432481 
1537391027702 0.238556 0.920247 -0.31022 -0.622094 -0.936156 0.302871 0.178551 -0.245664 0.258268 0.24782 0.933747 0.384072 0.316241 -0.38488 0.867098 0.400864 -0.930001 -0.306251 0.203246 -0.504429 0.187325 -0.870677 -0.454788 0.485926 
1537391027769 0.238643 0.920257 -0.310122 -0.621736 -0.936128 0.302939 0.178581 -0.245518 0.258289 0.247697 0.933773 0.384175 0.316241 -0.38488 0.867098 0.400864 -0.930001 -0.306251 0.203246 -0.504429 0.187325 -0.870677 -0.454788 0.485926 
1537391027884 0.238728 0.920268 -0.310024 -0.621379 -0.936101 0.303007 0.178612 -0.245371 0.258311 0.247574 0.9338 0.384278 0.316241 -0.38488 0.867098 0.400864 -0.930001 -0.306251 0.203246 -0.504429 0.187325 -0.870677 -0.454788 0.485926 
1537391028052 0.238815 0.920279 -0.309926 -0.621021 -0.936073 0.303076 0.178642 -0.245224 0.258332 0.247451 0.933827 0.384382 0.316241 -0.38488 0.867098 0.400864 -0.930001 -0.306251 0.203246 -0.504429 0.187325 -0.870677 -0.454788 0.485926 
1537391028059 0.238901 0.920289 -0.309828 -0.620664 -0.936045 0.303144 0.178673 -0.245078 0.258353 0.247328 0.933853 0.384485 0.316241 -0.38488 0.867098 0.400864 -0.930001 -0.306251 0.203246 -0.504429 0.187325 -0.870677 -0.454788 0.485926 
1537391028228 0.238987 0.9203 -0.30973 -0.620306 -0.936017 0.303212 0.178703 -0.244931 0.258375 0.247205 0.93388 0.384588 0.316241 -0.38488 0.867098 0.400864 -0.930001 -0.306251 0.203246 -0.504429 0.187325 -0.870677 -0.454788 0.485926 
1537391028444 0.239073 0.920311 -0.309633 -0.619949 -0.935989 0.30328 0.178734 -0.244784 0.258396 0.247082 0.933907 0.384691 0.316241 -0.38488 0.867098 0.400864 -0.930001 -0.306251 0.203246 -0.504429 0.187325 -0.870677 -0.454788 0.485926 
1537391028607 0.239159 0.920321 -0.309535 -0.619591 -0.935961 0.303348 0.178765 -0.244638 0.258417 0.246959 0.933933 0.384794 0.316241 -0.38488 0.867098 0.400864 -0.930001 -0.306251 0.203246 -0.504429 0.187325 -0.870677 -0.454788 0.485926 
1537391028614 0.239235 0.920341 -0.309418 -0.619334 -0.935935 0.303403 0.178807 -0.244543 0.258441 0.246818 0.933964 0.384878 0.316531 -0.385118 0.866887 0.401814 -0.929976 -0.306103 0.20358 -0.50615 0.186955 -0.870623 -0.455042 0.486735 
1537391028843 0.238836 0.920391 -0.309577 -0.619959 -0.936017 0.303076 0.178932 -0.244664 0.258513 0.247034 0.933887 0.384645 0.16008 -0.304787 0.938871 0.370831 -0.775623 0.549475 0.310623 -0.528794 -0.61056 -0.777934 -0.14844 0.432481 
1537391028854 0.239064 0.920361 -0.30949 -0.619557 -0.935912 0.303319 0.179069 -0.244498 0.258682 0.246846 0.93389 0.384756 0.316241 -0.38488 0.867098 0.400864 -0.930001 -0.306251 0.203246 -0.504429 0.187325 -0.870677 -0.454788 0.485926 
1537391028861 0.239291 0.920331 -0.309403 -0.619155 -0.935807 0.303562 0.179206 -0.244332 0.258852 0.246659 0.933892 0.384866 0.316241 -0.38488 0.867098 0.400864 -0.930001 -0.306251 0.203246 -0.504429 0.187325 -0.870677 -0.454788 0.485926 
1537391029018 0.239518 0.920302 -0.309315 -0.618753 -0.935702 0.303804 0.179343 -0.244165 0.259021 0.24647 0.933895 0.384977 0.316241 -0.38488 0.867098 0.400864 -0.930001 -0.306251 0.203246 -0.504429 0.187325 -0.870677 -0.454788 0.485926 
1537391029144 0.239746 0.920272 -0.309228 -0.618351 -0.935597 0.304047 0.17948 -0.243999 0.25919 0.246283 0.933898 0.385087 0.316241 -0.38488 0.867098 0.400864 -0.930001 -0.306251 0.203246 -0.504429 0.187325 -0.870677 -0.454788 0.485926 
1537391029359 0.239973 0.920242 -0.30914 -0.617949 -0.935492 0.30429 0.179617 -0.243833 0.25936 0.246095 0.9339 0.385198 0.316241 -0.38488 0.867098 0.400864 -0.930001 -0.306251 0.203246 -0.504429 0.187325 -0.870677 -0.454788 0.485926 
1537391029543 0.2402 0.920212 -0.309053 -0.617547 -0.935387 0.304532 0.179754 -0.243667 0.259529 0.245907 0.933903 0.385309 0.316241 -0.38488 0.867098 0.400864 -0.930001 -0.306251 0.203246 -0.504429 0.187325 -0.870677 -0.454788 0.485926 
