1533738230413 0.290176 0.936125 -0.198666 -0.530322 -0.95141 0.304556 0.0454329 -0.188695 0.103036 0.17583 0.979014 0.334735 0.16008 -0.304787 0.938871 0.370831 -0.775623 0.549475 0.310623 -0.528794 -0.61056 -0.777934 -0.14844 0.432481 
1533738230425 0.277838 0.922378 -0.268375 -0.538674 -0.952403 0.300971 0.0484228 -0.189155 0.125437 0.242147 0.962097 0.344748 0.316221 -0.384864 0.867112 0.4008 -0.930002 -0.306262 0.203224 -0.504312 0.18735 -0.87068 -0.45477 0.485871 
1533738230432 0.263916 0.903881 -0.336672 -0.547026 -0.953295 0.29759 0.0516708 -0.189615 0.146894 0.307311 0.940203 0.354762 0.316221 -0.384864 0.867112 0.4008 -0.930002 -0.306262 0.203224 -0.504312 0.18735 -0.87068 -0.45477 0.485871 
1533738231754 0.248482 0.880729 -0.403203 -0.555379 -0.95408 0.294429 0.05516 -0.190075 0.167296 0.370982 0.913446 0.364775 0.316221 -0.384864 0.867112 0.4008 -0.930002 -0.306262 0.203224 -0.504312 0.18735 -0.87068 -0.45477 0.485871 
1533738232707 0.231618 0.853044 -0.467621 -0.563731 -0.954755 0.291507 0.0588724 -0.190536 0.186536 0.432828 0.881966 0.374788 0.316221 -0.384864 0.867112 0.4008 -0.930002 -0.306262 0.203224 -0.504312 0.18735 -0.87068 -0.45477 0.485871 
1533738233674 0.21341 0.820969 -0.529591 -0.572084 -0.955317 0.288838 0.0627892 -0.190997 0.204514 0.492527 0.845926 0.384801 0.316221 -0.384864 0.867112 0.4008 -0.930002 -0.306262 0.203224 -0.504312 0.18735 -0.87068 -0.45477 0.485871 
1533738234633 0.193953 0.784672 -0.588788 -0.580439 -0.955762 0.286435 0.0668905 -0.19146 0.221136 0.549768 0.805515 0.394813 0.316221 -0.384864 0.867112 0.4008 -0.930002 -0.306262 0.203224 -0.504312 0.18735 -0.87068 -0.45477 0.485871 
1533738235588 0.173347 0.744344 -0.644905 -0.588799 -0.956088 0.28431 0.0711571 -0.19193 0.236318 0.604251 0.760943 0.40482 0.316221 -0.384864 0.867112 0.4008 -0.930002 -0.306262 0.203224 -0.504312 0.18735 -0.87068 -0.45477 0.485871 
1533738236567 0.151692 0.7002 -0.697645 -0.597173 -0.956294 0.282471 0.0755737 -0.192421 0.249981 0.65569 0.712446 0.414817 0.316221 -0.384864 0.867112 0.4008 -0.930002 -0.306262 0.203224 -0.504312 0.18735 -0.87068 -0.45477 0.485871 
1533738237599 0.128411 0.653181 -0.746234 -0.606873 -0.956411 0.280564 0.081001 -0.19482 0.262275 0.703305 0.660737 0.423815 0.316301 -0.384929 0.867054 0.401061 -0.929996 -0.306221 0.203316 -0.504786 0.187248 -0.870666 -0.45484 0.486093 
1533738238669 0.12815 0.653677 -0.745844 -0.606656 -0.956644 0.27981 0.0808636 -0.194728 0.261554 0.703144 0.661194 0.423475 0.316301 -0.384929 0.867054 0.401061 -0.929996 -0.306221 0.203316 -0.504786 0.187248 -0.870666 -0.45484 0.486093 
1533738238680 0.125948 0.648597 -0.750639 -0.607378 -0.956617 0.27979 0.081247 -0.19459 0.262718 0.707841 0.655698 0.424612 0.31622 -0.384863 0.867113 0.400795 -0.930002 -0.306262 0.203222 -0.504304 0.187351 -0.87068 -0.454769 0.485867 
1533738239069 0.123739 0.64348 -0.755395 -0.608098 -0.956589 0.279775 0.0816289 -0.194447 0.263867 0.712502 0.650165 0.425751 0.31622 -0.384863 0.867113 0.400795 -0.930002 -0.306262 0.203222 -0.504304 0.187351 -0.87068 -0.454769 0.485867 
1533738239458 0.121522 0.638329 -0.760111 -0.608817 -0.95656 0.279761 0.0820107 -0.194304 0.265 0.717126 0.644597 0.42689 0.31622 -0.384863 0.867113 0.400795 -0.930002 -0.306262 0.203222 -0.504304 0.187351 -0.87068 -0.454769 0.485867 
1533738239855 0.119296 0.633144 -0.764785 -0.609535 -0.956531 0.279751 0.0823922 -0.194161 0.266116 0.721712 0.638995 0.42803 0.31622 -0.384863 0.867113 0.400795 -0.930002 -0.306262 0.203222 -0.504304 0.187351 -0.87068 -0.454769 0.485867 
