1533555769589 0.103836 0.944548 -0.311525 -0.603784 -0.95936 0.177749 0.219167 -0.226221 0.262387 0.276107 0.924618 0.380197 1 0 0 0 0 1 0 0 0 0 1 1.306 
1533555769602 0.103656 0.944514 -0.311686 -0.603791 -0.959295 0.177707 0.219484 -0.226229 0.262694 0.276248 0.924488 0.38027 0.313239 -0.3866 0.867422 0.386189 -0.93126 -0.304042 0.200784 -0.500185 0.18611 -0.870689 -0.455263 0.505382 
1533555769609 0.103475 0.944481 -0.311847 -0.603797 -0.95923 0.177664 0.219802 -0.226236 0.263003 0.276389 0.924358 0.380344 0.316244 -0.384866 0.867103 0.400216 -0.929998 -0.306258 0.203249 -0.504049 0.187334 -0.87068 -0.454777 0.486145 
1533555769863 0.103294 0.944448 -0.312008 -0.603803 -0.959165 0.177622 0.22012 -0.226244 0.263311 0.27653 0.924229 0.380417 0.316258 -0.384857 0.867102 0.400836 -0.929992 -0.306267 0.203261 -0.504368 0.187338 -0.870681 -0.454774 0.485921 
1533555770105 0.103112 0.944414 -0.312169 -0.60381 -0.9591 0.177579 0.220438 -0.226252 0.26362 0.276672 0.924098 0.38049 0.316239 -0.384881 0.867098 0.400855 -0.93 -0.306257 0.203241 -0.504361 0.187331 -0.870674 -0.454789 0.485943 
1533555770112 0.10293 0.944381 -0.31233 -0.603816 -0.959035 0.177537 0.220756 -0.226259 0.263928 0.276813 0.923968 0.380563 0.316214 -0.384899 0.867099 0.400827 -0.930009 -0.306245 0.203216 -0.504329 0.187327 -0.87067 -0.454799 0.48594 
1533555770416 0.102748 0.944348 -0.312491 -0.603823 -0.958969 0.177494 0.221075 -0.226267 0.264237 0.276954 0.923837 0.380637 0.3162 -0.384907 0.867101 0.400798 -0.930014 -0.306239 0.203202 -0.504306 0.187326 -0.870669 -0.454801 0.485922 
1533555770423 0.102567 0.944314 -0.312651 -0.60383 -0.958904 0.177452 0.221393 -0.226275 0.264545 0.277095 0.923707 0.38071 0.316197 -0.384904 0.867103 0.400778 -0.930014 -0.30624 0.2032 -0.504292 0.187329 -0.87067 -0.454799 0.485903 
1533555770643 0.102385 0.944281 -0.312812 -0.603836 -0.958838 0.17741 0.221711 -0.226283 0.264853 0.277236 0.923576 0.380783 0.316201 -0.384895 0.867106 0.400765 -0.930012 -0.306246 0.203202 -0.504277 0.187337 -0.870672 -0.454792 0.485883 
1533555770854 0.102204 0.944247 -0.312972 -0.603844 -0.958772 0.177367 0.222029 -0.226289 0.265161 0.277377 0.923446 0.380855 0.316123 -0.384928 0.86712 0.40068 -0.93004 -0.30621 0.20313 -0.504145 0.18733 -0.87067 -0.454798 0.485852 
1533555771032 0.102368 0.944257 -0.312889 -0.603837 -0.958772 0.177483 0.221939 -0.226335 0.2651 0.27727 0.923495 0.380874 1 0 0 0 0 1 0 0 0 0 1 1.306 
1533555771044 0.102335 0.944253 -0.312913 -0.603838 -0.958765 0.177469 0.221979 -0.226331 0.265137 0.277293 0.923477 0.38088 0.313239 -0.3866 0.867422 0.386189 -0.93126 -0.304042 0.200784 -0.500185 0.18611 -0.870689 -0.455263 0.505382 
1533555771064 0.102302 0.944248 -0.312937 -0.60384 -0.958758 0.177455 0.222021 -0.226328 0.265175 0.277318 0.923459 0.380885 0.316244 -0.384866 0.867103 0.400216 -0.929998 -0.306258 0.203249 -0.504049 0.187334 -0.87068 -0.454777 0.486145 
1533555771077 0.10227 0.944244 -0.312962 -0.603841 -0.958751 0.177441 0.222062 -0.226324 0.265213 0.277342 0.923441 0.380891 0.316258 -0.384857 0.867102 0.400836 -0.929992 -0.306267 0.203261 -0.504368 0.187338 -0.870681 -0.454774 0.485921 
1533555771094 0.102237 0.944239 -0.312986 -0.603842 -0.958744 0.177428 0.222103 -0.226321 0.265251 0.277366 0.923423 0.380896 0.316239 -0.384881 0.867098 0.400855 -0.93 -0.306257 0.203241 -0.504361 0.187331 -0.870674 -0.454789 0.485943 
1533555771111 0.102204 0.944235 -0.31301 -0.603844 -0.958737 0.177414 0.222145 -0.226317 0.265289 0.27739 0.923405 0.380902 0.316214 -0.384899 0.867099 0.400827 -0.930009 -0.306245 0.203216 -0.504329 0.187327 -0.87067 -0.454799 0.48594 
1533555771127 0.102171 0.94423 -0.313034 -0.603845 -0.95873 0.1774 0.222186 -0.226313 0.265327 0.277414 0.923387 0.380908 0.3162 -0.384907 0.867101 0.400798 -0.930014 -0.306239 0.203202 -0.504306 0.187326 -0.870669 -0.454801 0.485922 
1533555771196 0.102139 0.944226 -0.313058 -0.603846 -0.958723 0.177386 0.222227 -0.22631 0.265365 0.277438 0.923369 0.380913 0.316197 -0.384904 0.867103 0.400778 -0.930014 -0.30624 0.2032 -0.504292 0.187329 -0.87067 -0.454799 0.485903 
1533555771237 0.102106 0.944221 -0.313082 -0.603847 -0.958716 0.177373 0.222268 -0.226306 0.265403 0.277462 0.923351 0.380919 0.316201 -0.384895 0.867106 0.400765 -0.930012 -0.306246 0.203202 -0.504277 0.187337 -0.870672 -0.454792 0.485883 
1533555771369 0.102074 0.944217 -0.313106 -0.603849 -0.958709 0.177359 0.222309 -0.226303 0.26544 0.277486 0.923333 0.380924 0.316123 -0.384928 0.86712 0.40068 -0.93004 -0.30621 0.20313 -0.504145 0.18733 -0.87067 -0.454798 0.485852 
1533555771468 0.102153 0.944205 -0.313116 -0.603867 -0.958733 0.1774 0.22217 -0.22631 0.265321 0.277499 0.923363 0.380897 1 0 0 0 0 1 0 0 0 0 1 1.306 
1533555771481 0.102175 0.944182 -0.313178 -0.603863 -0.958799 0.177364 0.221916 -0.226305 0.265076 0.2776 0.923403 0.380873 0.313239 -0.3866 0.867422 0.386189 -0.93126 -0.304042 0.200784 -0.500185 0.18611 -0.870689 -0.455263 0.505382 
1533555771786 0.102198 0.944159 -0.31324 -0.603859 -0.958864 0.177329 0.221661 -0.226299 0.26483 0.277702 0.923443 0.38085 0.316244 -0.384866 0.867103 0.400216 -0.929998 -0.306258 0.203249 -0.504049 0.187334 -0.87068 -0.454777 0.486145 
1533555772014 0.10222 0.944136 -0.313302 -0.603855 -0.95893 0.177293 0.221406 -0.226294 0.264584 0.277803 0.923483 0.380826 0.316258 -0.384857 0.867102 0.400836 -0.929992 -0.306267 0.203261 -0.504368 0.187338 -0.870681 -0.454774 0.485921 
1533555772153 0.102243 0.944113 -0.313365 -0.603851 -0.958995 0.177258 0.221151 -0.226289 0.264338 0.277905 0.923523 0.380803 0.316239 -0.384881 0.867098 0.400855 -0.93 -0.306257 0.203241 -0.504361 0.187331 -0.870674 -0.454789 0.485943 
1533555772160 0.102266 0.944089 -0.313428 -0.603847 -0.95906 0.177223 0.220896 -0.226283 0.264092 0.278006 0.923563 0.380779 0.316214 -0.384899 0.867099 0.400827 -0.930009 -0.306245 0.203216 -0.504329 0.187327 -0.87067 -0.454799 0.48594 
1533555772326 0.102289 0.944066 -0.31349 -0.603843 -0.959126 0.177188 0.220641 -0.226278 0.263846 0.278107 0.923602 0.380755 0.3162 -0.384907 0.867101 0.400798 -0.930014 -0.306239 0.203202 -0.504306 0.187326 -0.870669 -0.454801 0.485922 
1533555772441 0.102312 0.944043 -0.313553 -0.603839 -0.959191 0.177152 0.220386 -0.226273 0.2636 0.278209 0.923642 0.380732 0.316197 -0.384904 0.867103 0.400778 -0.930014 -0.30624 0.2032 -0.504292 0.187329 -0.87067 -0.454799 0.485903 
1533555772699 0.102335 0.94402 -0.313614 -0.603835 -0.959256 0.177116 0.220131 -0.226268 0.263355 0.278309 0.923682 0.380708 0.316201 -0.384895 0.867106 0.400765 -0.930012 -0.306246 0.203202 -0.504277 0.187337 -0.870672 -0.454792 0.485883 
1533555772815 0.102357 0.943997 -0.313677 -0.603832 -0.959321 0.177081 0.219878 -0.226263 0.26311 0.27841 0.923721 0.380684 0.316123 -0.384928 0.86712 0.40068 -0.93004 -0.30621 0.20313 -0.504145 0.18733 -0.87067 -0.454798 0.485852 
1533555772957 0.102298 0.944029 -0.3136 -0.603829 -0.959307 0.177029 0.219979 -0.226263 0.263182 0.278335 0.923723 0.380712 1 0 0 0 0 1 0 0 0 0 1 1.306 
1533555772970 0.102363 0.943971 -0.313754 -0.603825 -0.959323 0.177101 0.219851 -0.226252 0.263099 0.278487 0.923701 0.380718 0.313239 -0.3866 0.867422 0.386189 -0.93126 -0.304042 0.200784 -0.500185 0.18611 -0.870689 -0.455263 0.505382 
1533555773120 0.102427 0.943912 -0.313909 -0.603821 -0.95934 0.177172 0.219721 -0.226241 0.263014 0.27864 0.923679 0.380724 0.316244 -0.384866 0.867103 0.400216 -0.929998 -0.306258 0.203249 -0.504049 0.187334 -0.87068 -0.454777 0.486145 
1533555773310 0.102492 0.943853 -0.314064 -0.603816 -0.959356 0.177244 0.219592 -0.22623 0.262929 0.278792 0.923658 0.380729 0.316258 -0.384857 0.867102 0.400836 -0.929992 -0.306267 0.203261 -0.504368 0.187338 -0.870681 -0.454774 0.485921 
1533555773469 0.102557 0.943795 -0.314218 -0.603812 -0.959372 0.177316 0.219463 -0.226219 0.262844 0.278945 0.923636 0.380735 0.316239 -0.384881 0.867098 0.400855 -0.93 -0.306257 0.203241 -0.504361 0.187331 -0.870674 -0.454789 0.485943 
1533555773590 0.102621 0.943737 -0.314373 -0.603808 -0.959389 0.177387 0.219334 -0.226208 0.262759 0.279097 0.923614 0.380741 0.316214 -0.384899 0.867099 0.400827 -0.930009 -0.306245 0.203216 -0.504329 0.187327 -0.87067 -0.454799 0.48594 
1533555773704 0.102687 0.943678 -0.314528 -0.603804 -0.959405 0.177459 0.219204 -0.226198 0.262674 0.27925 0.923592 0.380747 0.3162 -0.384907 0.867101 0.400798 -0.930014 -0.306239 0.203202 -0.504306 0.187326 -0.870669 -0.454801 0.485922 
1533555773814 0.102751 0.943619 -0.314682 -0.6038 -0.959421 0.17753 0.219075 -0.226187 0.262589 0.279402 0.92357 0.380753 0.316197 -0.384904 0.867103 0.400778 -0.930014 -0.30624 0.2032 -0.504292 0.187329 -0.87067 -0.454799 0.485903 
1533555773934 0.102816 0.943561 -0.314837 -0.603796 -0.959438 0.177601 0.218946 -0.226176 0.262504 0.279555 0.923548 0.380758 0.316201 -0.384895 0.867106 0.400765 -0.930012 -0.306246 0.203202 -0.504277 0.187337 -0.870672 -0.454792 0.485883 
1533555774034 0.102881 0.943502 -0.314991 -0.603794 -0.959454 0.177673 0.218817 -0.226166 0.262419 0.279707 0.923526 0.380763 0.316123 -0.384928 0.86712 0.40068 -0.93004 -0.30621 0.20313 -0.504145 0.18733 -0.87067 -0.454798 0.485852 
1533555774165 0.102999 0.943502 -0.314953 -0.60379 -0.959429 0.177787 0.218835 -0.226203 0.262465 0.279635 0.923535 0.38074 1 0 0 0 0 1 0 0 0 0 1 1.306 
1533555774177 0.102985 0.94347 -0.315054 -0.603787 -0.959386 0.177845 0.218975 -0.226203 0.262627 0.279707 0.923467 0.380748 0.313239 -0.3866 0.867422 0.386189 -0.93126 -0.304042 0.200784 -0.500185 0.18611 -0.870689 -0.455263 0.505382 
1533555774183 0.102971 0.943437 -0.315155 -0.603785 -0.959343 0.177903 0.219117 -0.226203 0.26279 0.279779 0.923399 0.380756 0.316244 -0.384866 0.867103 0.400216 -0.929998 -0.306258 0.203249 -0.504049 0.187334 -0.87068 -0.454777 0.486145 
1533555774442 0.102957 0.943405 -0.315256 -0.603782 -0.9593 0.177961 0.219258 -0.226203 0.262952 0.27985 0.923331 0.380764 0.316258 -0.384857 0.867102 0.400836 -0.929992 -0.306267 0.203261 -0.504368 0.187338 -0.870681 -0.454774 0.485921 
1533555774620 0.102943 0.943373 -0.315356 -0.60378 -0.959257 0.178019 0.219399 -0.226203 0.263115 0.279922 0.923263 0.380772 0.316239 -0.384881 0.867098 0.400855 -0.93 -0.306257 0.203241 -0.504361 0.187331 -0.870674 -0.454789 0.485943 
1533555774765 0.102929 0.943341 -0.315457 -0.603777 -0.959214 0.178077 0.21954 -0.226203 0.263277 0.279994 0.923195 0.380779 0.316214 -0.384899 0.867099 0.400827 -0.930009 -0.306245 0.203216 -0.504329 0.187327 -0.87067 -0.454799 0.48594 
1533555774877 0.102915 0.943309 -0.315558 -0.603774 -0.959171 0.178134 0.219682 -0.226203 0.263439 0.280065 0.923127 0.380787 0.3162 -0.384907 0.867101 0.400798 -0.930014 -0.306239 0.203202 -0.504306 0.187326 -0.870669 -0.454801 0.485922 
1533555774972 0.102902 0.943277 -0.315659 -0.603772 -0.959127 0.178192 0.219823 -0.226203 0.263602 0.280137 0.923059 0.380795 0.316197 -0.384904 0.867103 0.400778 -0.930014 -0.30624 0.2032 -0.504292 0.187329 -0.87067 -0.454799 0.485903 
1533555775161 0.102888 0.943244 -0.31576 -0.603769 -0.959084 0.17825 0.219964 -0.226203 0.263764 0.280209 0.92299 0.380803 0.316201 -0.384895 0.867106 0.400765 -0.930012 -0.306246 0.203202 -0.504277 0.187337 -0.870672 -0.454792 0.485883 
1533555775332 0.102874 0.943212 -0.315861 -0.603768 -0.959041 0.178308 0.220105 -0.226203 0.263926 0.280281 0.922922 0.380811 0.316123 -0.384928 0.86712 0.40068 -0.93004 -0.30621 0.20313 -0.504145 0.18733 -0.87067 -0.454798 0.485852 
1533555775504 0.103007 0.943218 -0.315801 -0.603792 -0.959007 0.178439 0.220149 -0.226198 0.264 0.280178 0.922932 0.380842 1 0 0 0 0 1 0 0 0 0 1 1.306 
1533555775516 0.103016 0.943304 -0.315541 -0.603802 -0.959032 0.178359 0.220103 -0.226201 0.263903 0.27994 0.923032 0.380819 0.313239 -0.3866 0.867422 0.386189 -0.93126 -0.304042 0.200784 -0.500185 0.18611 -0.870689 -0.455263 0.505382 
1533555775799 0.103025 0.94339 -0.31528 -0.603811 -0.959057 0.178279 0.220058 -0.226203 0.263808 0.2797 0.923132 0.380797 0.316244 -0.384866 0.867103 0.400216 -0.929998 -0.306258 0.203249 -0.504049 0.187334 -0.87068 -0.454777 0.486145 
1533555775994 0.103035 0.943476 -0.31502 -0.603821 -0.959082 0.1782 0.220013 -0.226206 0.263713 0.279461 0.923232 0.380774 0.316258 -0.384857 0.867102 0.400836 -0.929992 -0.306267 0.203261 -0.504368 0.187338 -0.870681 -0.454774 0.485921 
1533555776162 0.103045 0.943561 -0.31476 -0.60383 -0.959108 0.178121 0.219968 -0.226208 0.263618 0.279222 0.923331 0.380752 0.316239 -0.384881 0.867098 0.400855 -0.93 -0.306257 0.203241 -0.504361 0.187331 -0.870674 -0.454789 0.485943 
1533555776310 0.103054 0.943647 -0.3145 -0.60384 -0.959133 0.178041 0.219922 -0.226211 0.263523 0.278983 0.923431 0.380729 0.316214 -0.384899 0.867099 0.400827 -0.930009 -0.306245 0.203216 -0.504329 0.187327 -0.87067 -0.454799 0.48594 
1533555776456 0.103064 0.943733 -0.314239 -0.60385 -0.959158 0.177962 0.219877 -0.226214 0.263428 0.278743 0.92353 0.380706 0.3162 -0.384907 0.867101 0.400798 -0.930014 -0.306239 0.203202 -0.504306 0.187326 -0.870669 -0.454801 0.485922 
1533555776603 0.103073 0.943818 -0.313979 -0.603859 -0.959183 0.177883 0.219832 -0.226216 0.263333 0.278504 0.923629 0.380684 0.316197 -0.384904 0.867103 0.400778 -0.930014 -0.30624 0.2032 -0.504292 0.187329 -0.87067 -0.454799 0.485903 
1533555776765 0.103083 0.943904 -0.313719 -0.603868 -0.959208 0.177803 0.219787 -0.226219 0.263238 0.278265 0.923729 0.380661 0.316201 -0.384895 0.867106 0.400765 -0.930012 -0.306246 0.203202 -0.504277 0.187337 -0.870672 -0.454792 0.485883 
1533555776900 0.103092 0.943989 -0.313459 -0.603875 -0.959233 0.177724 0.219742 -0.22622 0.263143 0.278026 0.923828 0.38064 0.316123 -0.384928 0.86712 0.40068 -0.93004 -0.30621 0.20313 -0.504145 0.18733 -0.87067 -0.454798 0.485852 
1533555777028 0.103051 0.943948 -0.313597 -0.603879 -0.959263 0.177691 0.219638 -0.226231 0.263051 0.278188 0.923805 0.38058 1 0 0 0 0 1 0 0 0 0 1 1.306 
1533555777042 0.103044 0.94395 -0.313592 -0.603875 -0.959238 0.17771 0.219732 -0.226233 0.263144 0.278167 0.923785 0.380587 0.313239 -0.3866 0.867422 0.386189 -0.93126 -0.304042 0.200784 -0.500185 0.18611 -0.870689 -0.455263 0.505382 
1533555777057 0.103035 0.943953 -0.313586 -0.603872 -0.959213 0.177729 0.219827 -0.226236 0.263239 0.278146 0.923764 0.380595 0.316244 -0.384866 0.867103 0.400216 -0.929998 -0.306258 0.203249 -0.504049 0.187334 -0.87068 -0.454777 0.486145 
1533555777272 0.103027 0.943956 -0.31358 -0.603868 -0.959187 0.177747 0.219921 -0.226238 0.263334 0.278124 0.923743 0.380602 0.316258 -0.384857 0.867102 0.400836 -0.929992 -0.306267 0.203261 -0.504368 0.187338 -0.870681 -0.454774 0.485921 
1533555777375 0.103019 0.943959 -0.313575 -0.603865 -0.959162 0.177766 0.220016 -0.22624 0.263429 0.278103 0.923723 0.38061 0.316239 -0.384881 0.867098 0.400855 -0.93 -0.306257 0.203241 -0.504361 0.187331 -0.870674 -0.454789 0.485943 
1533555777619 0.103011 0.943961 -0.313569 -0.603861 -0.959137 0.177785 0.220111 -0.226242 0.263524 0.278082 0.923702 0.380617 0.316214 -0.384899 0.867099 0.400827 -0.930009 -0.306245 0.203216 -0.504329 0.187327 -0.87067 -0.454799 0.48594 
1533555777797 0.103003 0.943964 -0.313564 -0.603858 -0.959112 0.177803 0.220206 -0.226245 0.263619 0.278061 0.923681 0.380624 0.3162 -0.384907 0.867101 0.400798 -0.930014 -0.306239 0.203202 -0.504306 0.187326 -0.870669 -0.454801 0.485922 
1533555777933 0.102995 0.943967 -0.313558 -0.603854 -0.959087 0.177822 0.2203 -0.226247 0.263714 0.278039 0.923661 0.380632 0.316197 -0.384904 0.867103 0.400778 -0.930014 -0.30624 0.2032 -0.504292 0.187329 -0.87067 -0.454799 0.485903 
1533555778041 0.102987 0.94397 -0.313552 -0.603851 -0.959061 0.177841 0.220395 -0.226249 0.263808 0.278018 0.92364 0.380639 0.316201 -0.384895 0.867106 0.400765 -0.930012 -0.306246 0.203202 -0.504277 0.187337 -0.870672 -0.454792 0.485883 
1533555778202 0.102979 0.943972 -0.313547 -0.603848 -0.959036 0.177859 0.220489 -0.226251 0.263903 0.277997 0.923619 0.380647 0.316123 -0.384928 0.86712 0.40068 -0.93004 -0.30621 0.20313 -0.504145 0.18733 -0.87067 -0.454798 0.485852 
1533555778368 0.103043 0.944021 -0.31338 -0.60386 -0.959013 0.177898 0.220561 -0.22621 0.263963 0.277808 0.923659 0.380685 1 0 0 0 0 1 0 0 0 0 1 1.306 
1533555778380 0.103031 0.943975 -0.313521 -0.603852 -0.959067 0.177863 0.220352 -0.226203 0.263771 0.277985 0.923661 0.380705 0.313239 -0.3866 0.867422 0.386189 -0.93126 -0.304042 0.200784 -0.500185 0.18611 -0.870689 -0.455263 0.505382 
1533555778608 0.103019 0.943929 -0.313664 -0.603844 -0.959121 0.17783 0.220143 -0.226196 0.263578 0.278163 0.923662 0.380724 0.316244 -0.384866 0.867103 0.400216 -0.929998 -0.306258 0.203249 -0.504049 0.187334 -0.87068 -0.454777 0.486145 
1533555778842 0.103007 0.943883 -0.313806 -0.603836 -0.959175 0.177796 0.219934 -0.22619 0.263386 0.278341 0.923664 0.380744 0.316258 -0.384857 0.867102 0.400836 -0.929992 -0.306267 0.203261 -0.504368 0.187338 -0.870681 -0.454774 0.485921 
1533555779049 0.102995 0.943837 -0.313949 -0.603828 -0.95923 0.177762 0.219726 -0.226183 0.263193 0.278518 0.923665 0.380764 0.316239 -0.384881 0.867098 0.400855 -0.93 -0.306257 0.203241 -0.504361 0.187331 -0.870674 -0.454789 0.485943 
1533555779241 0.102982 0.943791 -0.314091 -0.60382 -0.959284 0.177727 0.219517 -0.226176 0.263001 0.278696 0.923666 0.380784 0.316214 -0.384899 0.867099 0.400827 -0.930009 -0.306245 0.203216 -0.504329 0.187327 -0.87067 -0.454799 0.48594 
1533555779382 0.10297 0.943745 -0.314233 -0.603813 -0.959338 0.177694 0.219308 -0.226169 0.262809 0.278874 0.923667 0.380803 0.3162 -0.384907 0.867101 0.400798 -0.930014 -0.306239 0.203202 -0.504306 0.187326 -0.870669 -0.454801 0.485922 
1533555779532 0.102958 0.943699 -0.314376 -0.603805 -0.959392 0.177659 0.2191 -0.226162 0.262616 0.279051 0.923668 0.380823 0.316197 -0.384904 0.867103 0.400778 -0.930014 -0.30624 0.2032 -0.504292 0.187329 -0.87067 -0.454799 0.485903 
1533555779692 0.102946 0.943653 -0.314518 -0.603797 -0.959446 0.177625 0.218891 -0.226156 0.262424 0.279229 0.923669 0.380843 0.316201 -0.384895 0.867106 0.400765 -0.930012 -0.306246 0.203202 -0.504277 0.187337 -0.870672 -0.454792 0.485883 
1533555779800 0.102934 0.943607 -0.31466 -0.603792 -0.959499 0.177591 0.218683 -0.22615 0.262232 0.279406 0.92367 0.380861 0.316123 -0.384928 0.86712 0.40068 -0.93004 -0.30621 0.20313 -0.504145 0.18733 -0.87067 -0.454798 0.485852 
1533555780002 0.102875 0.9436 -0.3147 -0.603792 -0.959461 0.177592 0.21885 -0.226147 0.262395 0.279428 0.923617 0.380874 1 0 0 0 0 1 0 0 0 0 1 1.306 
1533555780012 0.102964 0.943631 -0.314576 -0.603801 -0.959475 0.177623 0.218766 -0.226143 0.262311 0.279303 0.923679 0.380855 0.313239 -0.3866 0.867422 0.386189 -0.93126 -0.304042 0.200784 -0.500185 0.18611 -0.870689 -0.455263 0.505382 
1533555780160 0.103054 0.943663 -0.314452 -0.60381 -0.959488 0.177653 0.218683 -0.226139 0.262226 0.279176 0.923741 0.380837 0.316244 -0.384866 0.867103 0.400216 -0.929998 -0.306258 0.203249 -0.504049 0.187334 -0.87068 -0.454777 0.486145 
1533555780375 0.103144 0.943695 -0.314328 -0.603819 -0.959501 0.177683 0.2186 -0.226136 0.262142 0.279051 0.923803 0.380818 0.316258 -0.384857 0.867102 0.400836 -0.929992 -0.306267 0.203261 -0.504368 0.187338 -0.870681 -0.454774 0.485921 
1533555780490 0.103234 0.943726 -0.314203 -0.603828 -0.959515 0.177713 0.218517 -0.226132 0.262058 0.278925 0.923865 0.3808 0.316239 -0.384881 0.867098 0.400855 -0.93 -0.306257 0.203241 -0.504361 0.187331 -0.870674 -0.454789 0.485943 
1533555780696 0.103323 0.943758 -0.31408 -0.603837 -0.959528 0.177744 0.218434 -0.226128 0.261974 0.278799 0.923927 0.380782 0.316214 -0.384899 0.867099 0.400827 -0.930009 -0.306245 0.203216 -0.504329 0.187327 -0.87067 -0.454799 0.48594 
1533555780817 0.103413 0.943789 -0.313956 -0.603846 -0.959541 0.177774 0.21835 -0.226124 0.26189 0.278673 0.923989 0.380763 0.3162 -0.384907 0.867101 0.400798 -0.930014 -0.306239 0.203202 -0.504306 0.187326 -0.870669 -0.454801 0.485922 
1533555780927 0.103502 0.94382 -0.313832 -0.603855 -0.959555 0.177804 0.218267 -0.22612 0.261806 0.278548 0.92405 0.380745 0.316197 -0.384904 0.867103 0.400778 -0.930014 -0.30624 0.2032 -0.504292 0.187329 -0.87067 -0.454799 0.485903 
1533555781072 0.103592 0.943852 -0.313708 -0.603864 -0.959568 0.177835 0.218184 -0.226117 0.261721 0.278422 0.924112 0.380726 0.316201 -0.384895 0.867106 0.400765 -0.930012 -0.306246 0.203202 -0.504277 0.187337 -0.870672 -0.454792 0.485883 
1533555781204 0.103681 0.943883 -0.313584 -0.603871 -0.959581 0.177865 0.218101 -0.226113 0.261637 0.278296 0.924174 0.380708 0.316123 -0.384928 0.86712 0.40068 -0.93004 -0.30621 0.20313 -0.504145 0.18733 -0.87067 -0.454798 0.485852 
1533555781340 0.10363 0.943892 -0.313574 -0.603842 -0.959553 0.17785 0.218236 -0.226115 0.26176 0.278275 0.924145 0.380763 1 0 0 0 0 1 0 0 0 0 1 1.306 
1533555781350 0.103491 0.94378 -0.313956 -0.603824 -0.959469 0.177915 0.218554 -0.226135 0.262125 0.278612 0.92394 0.380787 0.313239 -0.3866 0.867422 0.386189 -0.93126 -0.304042 0.200784 -0.500185 0.18611 -0.870689 -0.455263 0.505382 
1533555781662 0.103351 0.943669 -0.314337 -0.603805 -0.959384 0.177979 0.218873 -0.226154 0.262489 0.278949 0.923735 0.380812 0.316244 -0.384866 0.867103 0.400216 -0.929998 -0.306258 0.203249 -0.504049 0.187334 -0.87068 -0.454777 0.486145 
1533555781912 0.103211 0.943557 -0.314718 -0.603787 -0.959299 0.178043 0.219192 -0.226174 0.262854 0.279286 0.92353 0.380836 0.316258 -0.384857 0.867102 0.400836 -0.929992 -0.306267 0.203261 -0.504368 0.187338 -0.870681 -0.454774 0.485921 
1533555782063 0.103071 0.943445 -0.315099 -0.603769 -0.959215 0.178108 0.219511 -0.226193 0.263218 0.279622 0.923324 0.380861 0.316239 -0.384881 0.867098 0.400855 -0.93 -0.306257 0.203241 -0.504361 0.187331 -0.870674 -0.454789 0.485943 
1533555782233 0.102931 0.943334 -0.315479 -0.60375 -0.95913 0.178172 0.21983 -0.226213 0.263582 0.279958 0.923119 0.380885 0.316214 -0.384899 0.867099 0.400827 -0.930009 -0.306245 0.203216 -0.504329 0.187327 -0.87067 -0.454799 0.48594 
1533555782397 0.102791 0.943221 -0.31586 -0.603732 -0.959044 0.178237 0.220148 -0.226233 0.263946 0.280294 0.922912 0.380909 0.3162 -0.384907 0.867101 0.400798 -0.930014 -0.306239 0.203202 -0.504306 0.187326 -0.870669 -0.454801 0.485922 
1533555782607 0.102651 0.943109 -0.31624 -0.603714 -0.958959 0.178302 0.220467 -0.226252 0.26431 0.28063 0.922706 0.380934 0.316197 -0.384904 0.867103 0.400778 -0.930014 -0.30624 0.2032 -0.504292 0.187329 -0.87067 -0.454799 0.485903 
1533555782836 0.10251 0.942997 -0.31662 -0.603696 -0.958874 0.178367 0.220785 -0.226272 0.264674 0.280966 0.9225 0.380958 0.316201 -0.384895 0.867106 0.400765 -0.930012 -0.306246 0.203202 -0.504277 0.187337 -0.870672 -0.454792 0.485883 
1533555782988 0.10237 0.942885 -0.317 -0.603682 -0.958789 0.178432 0.221103 -0.226291 0.265038 0.281301 0.922293 0.38098 0.316123 -0.384928 0.86712 0.40068 -0.93004 -0.30621 0.20313 -0.504145 0.18733 -0.87067 -0.454798 0.485852 
1533555783167 0.102319 0.942945 -0.316838 -0.603692 -0.958818 0.178321 0.221063 -0.226247 0.264949 0.281171 0.922358 0.381064 1 0 0 0 0 1 0 0 0 0 1 1.306 
1533555783179 0.102442 0.942952 -0.316775 -0.603699 -0.958901 0.178319 0.220708 -0.226234 0.264604 0.281146 0.922465 0.381047 0.313239 -0.3866 0.867422 0.386189 -0.93126 -0.304042 0.200784 -0.500185 0.18611 -0.870689 -0.455263 0.505382 
1533555783438 0.102565 0.94296 -0.316712 -0.603705 -0.958983 0.178318 0.220352 -0.22622 0.264259 0.281121 0.922572 0.38103 0.316244 -0.384866 0.867103 0.400216 -0.929998 -0.306258 0.203249 -0.504049 0.187334 -0.87068 -0.454777 0.486145 
1533555783641 0.102688 0.942968 -0.316648 -0.603712 -0.959064 0.178316 0.219998 -0.226206 0.263914 0.281095 0.922678 0.381014 0.316258 -0.384857 0.867102 0.400836 -0.929992 -0.306267 0.203261 -0.504368 0.187338 -0.870681 -0.454774 0.485921 
1533555783794 0.102812 0.942976 -0.316585 -0.603718 -0.959146 0.178315 0.219642 -0.226193 0.263569 0.28107 0.922785 0.380997 0.316239 -0.384881 0.867098 0.400855 -0.93 -0.306257 0.203241 -0.504361 0.187331 -0.870674 -0.454789 0.485943 
1533555783991 0.102935 0.942984 -0.316522 -0.603725 -0.959228 0.178314 0.219287 -0.22618 0.263224 0.281044 0.922891 0.38098 0.316214 -0.384899 0.867099 0.400827 -0.930009 -0.306245 0.203216 -0.504329 0.187327 -0.87067 -0.454799 0.48594 
1533555784110 0.103058 0.942992 -0.316458 -0.603732 -0.959309 0.178313 0.218931 -0.226166 0.262879 0.281019 0.922997 0.380963 0.3162 -0.384907 0.867101 0.400798 -0.930014 -0.306239 0.203202 -0.504306 0.187326 -0.870669 -0.454801 0.485922 
1533555784227 0.103181 0.942999 -0.316395 -0.603738 -0.95939 0.178311 0.218576 -0.226153 0.262534 0.280993 0.923103 0.380946 0.316197 -0.384904 0.867103 0.400778 -0.930014 -0.30624 0.2032 -0.504292 0.187329 -0.87067 -0.454799 0.485903 
1533555784343 0.103304 0.943007 -0.316331 -0.603745 -0.959471 0.17831 0.218221 -0.226139 0.262189 0.280968 0.923209 0.38093 0.316201 -0.384895 0.867106 0.400765 -0.930012 -0.306246 0.203202 -0.504277 0.187337 -0.870672 -0.454792 0.485883 
1533555784591 0.103427 0.943015 -0.316268 -0.603751 -0.959552 0.178309 0.217866 -0.226127 0.261844 0.280942 0.923314 0.380913 0.316123 -0.384928 0.86712 0.40068 -0.93004 -0.30621 0.20313 -0.504145 0.18733 -0.87067 -0.454798 0.485852 
1533555784772 0.103425 0.943001 -0.316312 -0.603774 -0.959524 0.178348 0.21796 -0.226146 0.26195 0.280966 0.923277 0.380941 1 0 0 0 0 1 0 0 0 0 1 1.306 
1533555784784 0.103316 0.943081 -0.316108 -0.603781 -0.95951 0.178226 0.21812 -0.226155 0.262044 0.280773 0.923309 0.380921 0.313239 -0.3866 0.867422 0.386189 -0.93126 -0.304042 0.200784 -0.500185 0.18611 -0.870689 -0.455263 0.505382 
1533555785011 0.103208 0.943161 -0.315903 -0.603788 -0.959496 0.178106 0.21828 -0.226165 0.262137 0.280579 0.923341 0.380901 0.316244 -0.384866 0.867103 0.400216 -0.929998 -0.306258 0.203249 -0.504049 0.187334 -0.87068 -0.454777 0.486145 
1533555785018 0.103099 0.943242 -0.315698 -0.603795 -0.959482 0.177985 0.21844 -0.226174 0.262231 0.280386 0.923374 0.380882 0.316258 -0.384857 0.867102 0.400836 -0.929992 -0.306267 0.203261 -0.504368 0.187338 -0.870681 -0.454774 0.485921 
1533555785266 0.102991 0.943322 -0.315493 -0.603802 -0.959468 0.177864 0.218599 -0.226184 0.262324 0.280192 0.923406 0.380862 0.316239 -0.384881 0.867098 0.400855 -0.93 -0.306257 0.203241 -0.504361 0.187331 -0.870674 -0.454789 0.485943 
1533555785462 0.102882 0.943403 -0.315288 -0.603809 -0.959454 0.177743 0.218759 -0.226193 0.262418 0.279998 0.923438 0.380842 0.316214 -0.384899 0.867099 0.400827 -0.930009 -0.306245 0.203216 -0.504329 0.187327 -0.87067 -0.454799 0.48594 
1533555785649 0.102774 0.943483 -0.315083 -0.603817 -0.95944 0.177622 0.218919 -0.226202 0.262512 0.279804 0.92347 0.380822 0.3162 -0.384907 0.867101 0.400798 -0.930014 -0.306239 0.203202 -0.504306 0.187326 -0.870669 -0.454801 0.485922 
1533555785877 0.102666 0.943563 -0.314878 -0.603824 -0.959426 0.177501 0.219078 -0.226212 0.262605 0.279611 0.923502 0.380802 0.316197 -0.384904 0.867103 0.400778 -0.930014 -0.30624 0.2032 -0.504292 0.187329 -0.87067 -0.454799 0.485903 
1533555786067 0.102558 0.943643 -0.314674 -0.603831 -0.959412 0.17738 0.219238 -0.226221 0.262699 0.279417 0.923534 0.380783 0.316201 -0.384895 0.867106 0.400765 -0.930012 -0.306246 0.203202 -0.504277 0.187337 -0.870672 -0.454792 0.485883 
1533555786266 0.10245 0.943723 -0.314469 -0.603834 -0.959398 0.177259 0.219397 -0.226229 0.262792 0.279224 0.923566 0.380765 0.316123 -0.384928 0.86712 0.40068 -0.93004 -0.30621 0.20313 -0.504145 0.18733 -0.87067 -0.454798 0.485852 
1533555786456 0.10256 0.943696 -0.314516 -0.603828 -0.959373 0.177386 0.219402 -0.226242 0.262839 0.279236 0.923549 0.380722 1 0 0 0 0 1 0 0 0 0 1 1.306 
1533555786468 0.10269 0.94378 -0.314221 -0.60384 -0.959424 0.177369 0.219192 -0.226234 0.262602 0.278963 0.923699 0.3807 0.313239 -0.3866 0.867422 0.386189 -0.93126 -0.304042 0.200784 -0.500185 0.18611 -0.870689 -0.455263 0.505382 
1533555786787 0.102818 0.943864 -0.313926 -0.603851 -0.959476 0.177351 0.218981 -0.226226 0.262364 0.278689 0.923849 0.380677 0.316244 -0.384866 0.867103 0.400216 -0.929998 -0.306258 0.203249 -0.504049 0.187334 -0.87068 -0.454777 0.486145 
1533555786974 0.102947 0.943948 -0.313631 -0.603863 -0.959527 0.177334 0.218771 -0.226217 0.262126 0.278415 0.924 0.380655 0.316258 -0.384857 0.867102 0.400836 -0.929992 -0.306267 0.203261 -0.504368 0.187338 -0.870681 -0.454774 0.485921 
1533555787113 0.103076 0.944032 -0.313335 -0.603875 -0.959578 0.177316 0.21856 -0.226209 0.261887 0.278142 0.924149 0.380632 0.316239 -0.384881 0.867098 0.400855 -0.93 -0.306257 0.203241 -0.504361 0.187331 -0.870674 -0.454789 0.485943 
1533555787284 0.103204 0.944116 -0.313041 -0.603887 -0.959629 0.177298 0.21835 -0.226201 0.261649 0.277868 0.924299 0.38061 0.316214 -0.384899 0.867099 0.400827 -0.930009 -0.306245 0.203216 -0.504329 0.187327 -0.87067 -0.454799 0.48594 
1533555787446 0.103333 0.9442 -0.312745 -0.603898 -0.95968 0.177281 0.21814 -0.226193 0.261411 0.277594 0.924449 0.380588 0.3162 -0.384907 0.867101 0.400798 -0.930014 -0.306239 0.203202 -0.504306 0.187326 -0.870669 -0.454801 0.485922 
1533555787598 0.103461 0.944283 -0.312449 -0.60391 -0.959732 0.177263 0.217929 -0.226185 0.261173 0.27732 0.924598 0.380565 0.316197 -0.384904 0.867103 0.400778 -0.930014 -0.30624 0.2032 -0.504292 0.187329 -0.87067 -0.454799 0.485903 
1533555787753 0.103589 0.944367 -0.312154 -0.603921 -0.959783 0.177246 0.217719 -0.226176 0.260934 0.277047 0.924748 0.380543 0.316201 -0.384895 0.867106 0.400765 -0.930012 -0.306246 0.203202 -0.504277 0.187337 -0.870672 -0.454792 0.485883 
1533555787902 0.103717 0.94445 -0.311859 -0.603929 -0.959833 0.177228 0.217509 -0.226168 0.260696 0.276774 0.924897 0.380522 0.316123 -0.384928 0.86712 0.40068 -0.93004 -0.30621 0.20313 -0.504145 0.18733 -0.87067 -0.454798 0.485852 
1533555788048 0.103773 0.944431 -0.311901 -0.603905 -0.959793 0.177326 0.217605 -0.226176 0.260821 0.276779 0.92486 0.380545 1 0 0 0 0 1 0 0 0 0 1 1.306 
1533555788060 0.103676 0.944358 -0.312154 -0.603894 -0.959772 0.177328 0.217698 -0.226168 0.260938 0.277026 0.924753 0.380562 0.313239 -0.3866 0.867422 0.386189 -0.93126 -0.304042 0.200784 -0.500185 0.18611 -0.870689 -0.455263 0.505382 
1533555788340 0.103578 0.944284 -0.312409 -0.603884 -0.959751 0.177329 0.217791 -0.226161 0.261056 0.277277 0.924645 0.380578 0.316244 -0.384866 0.867103 0.400216 -0.929998 -0.306258 0.203249 -0.504049 0.187334 -0.87068 -0.454777 0.486145 
1533555788560 0.103479 0.94421 -0.312664 -0.603873 -0.959729 0.17733 0.217884 -0.226154 0.261173 0.277526 0.924536 0.380595 0.316258 -0.384857 0.867102 0.400836 -0.929992 -0.306267 0.203261 -0.504368 0.187338 -0.870681 -0.454774 0.485921 
1533555788805 0.103381 0.944137 -0.312919 -0.603862 -0.959708 0.177331 0.217977 -0.226146 0.261291 0.277776 0.924428 0.380611 0.316239 -0.384881 0.867098 0.400855 -0.93 -0.306257 0.203241 -0.504361 0.187331 -0.870674 -0.454789 0.485943 
1533555788992 0.103283 0.944063 -0.313173 -0.603851 -0.959687 0.177332 0.21807 -0.226138 0.261408 0.278025 0.92432 0.380628 0.316214 -0.384899 0.867099 0.400827 -0.930009 -0.306245 0.203216 -0.504329 0.187327 -0.87067 -0.454799 0.48594 
1533555788999 0.103184 0.943989 -0.313429 -0.603841 -0.959665 0.177334 0.218163 -0.226131 0.261525 0.278275 0.924212 0.380645 0.3162 -0.384907 0.867101 0.400798 -0.930014 -0.306239 0.203202 -0.504306 0.187326 -0.870669 -0.454801 0.485922 
1533555789246 0.103086 0.943915 -0.313683 -0.60383 -0.959644 0.177335 0.218256 -0.226123 0.261642 0.278525 0.924103 0.380661 0.316197 -0.384904 0.867103 0.400778 -0.930014 -0.30624 0.2032 -0.504292 0.187329 -0.87067 -0.454799 0.485903 
1533555789404 0.102988 0.943841 -0.313938 -0.60382 -0.959623 0.177336 0.218349 -0.226116 0.261759 0.278774 0.923995 0.380678 0.316201 -0.384895 0.867106 0.400765 -0.930012 -0.306246 0.203202 -0.504277 0.187337 -0.870672 -0.454792 0.485883 
1533555789410 0.102889 0.943768 -0.314192 -0.603812 -0.959601 0.177338 0.218442 -0.226109 0.261877 0.279024 0.923887 0.380693 0.316123 -0.384928 0.86712 0.40068 -0.93004 -0.30621 0.20313 -0.504145 0.18733 -0.87067 -0.454798 0.485852 
1533555789722 0.103017 0.943722 -0.314286 -0.603798 -0.959556 0.177512 0.2185 -0.22614 0.261993 0.279065 0.923841 0.380661 1 0 0 0 0 1 0 0 0 0 1 1.306 
1533555789734 0.103028 0.943754 -0.314188 -0.603804 -0.959531 0.177524 0.218598 -0.226146 0.262078 0.278951 0.923851 0.380651 0.313239 -0.3866 0.867422 0.386189 -0.93126 -0.304042 0.200784 -0.500185 0.18611 -0.870689 -0.455263 0.505382 
