1532542881912 0.195597 0.66401 -0.721687 -0.403421 -0.977794 0.0755868 -0.195463 -0.438551 -0.0752392 0.743893 0.664049 0.463767 0.166306 -0.363895 0.916473 0.164625 -0.953882 -0.294912 0.0559968 -0.541723 0.249902 -0.88352 -0.396159 0.481149 
1532542881924 0.200234 0.668139 -0.716587 -0.421271 -0.978344 0.0972136 -0.182734 -0.420053 -0.0524299 0.737659 0.673135 0.457963 0.136942 -0.345173 0.928495 0.186646 -0.96765 -0.247119 0.0508496 -0.534848 0.211896 -0.905421 -0.367848 0.479621 
1532542881930 0.205019 0.672113 -0.711499 -0.439078 -0.978309 0.118702 -0.16977 -0.401501 -0.0296485 0.730872 0.68187 0.452179 0.108891 -0.325179 0.939362 0.20713 -0.979005 -0.198888 0.0446372 -0.526887 0.172313 -0.924501 -0.340009 0.477377 
1532542882861 0.209944 0.675934 -0.706426 -0.456883 -0.977689 0.140036 -0.15657 -0.382945 -0.00690534 0.723535 0.690253 0.446397 0.0816373 -0.303502 0.949327 0.227721 -0.987943 -0.150361 0.0368873 -0.518874 0.131546 -0.940892 -0.312118 0.474944 
1532542883380 0.215004 0.679598 -0.70137 -0.474687 -0.976486 0.161203 -0.143142 -0.36439 0.0157846 0.715654 0.698277 0.440615 0.0553156 -0.280246 0.958333 0.248352 -0.994431 -0.101698 0.0276597 -0.510821 0.0897086 -0.954526 -0.284311 0.472371 
1532542884475 0.220197 0.683103 -0.696336 -0.492492 -0.974699 0.182189 -0.129495 -0.345834 0.0384061 0.707232 0.705937 0.434833 0.0300457 -0.255518 0.966337 0.268935 -0.998446 -0.0530574 0.0170146 -0.502701 0.0469239 -0.965347 -0.256715 0.469703 
1532542884831 0.225518 0.686447 -0.691326 -0.510297 -0.972331 0.202978 -0.115639 -0.327278 0.0609441 0.698276 0.713229 0.429051 0.00593927 -0.229432 0.973307 0.289382 -0.999977 -0.00459827 0.0050181 -0.494507 0.00332422 -0.973314 -0.229454 0.467011 
1532542884838 0.230964 0.689628 -0.686345 -0.5281 -0.969383 0.223558 -0.101583 -0.308722 0.0833835 0.688793 0.720147 0.42327 -0.0169346 -0.202067 0.979225 0.30974 -0.999018 0.0435226 -0.00829583 -0.486307 -0.0409421 -0.978404 -0.202605 0.464371 
1532542886230 0.236531 0.69264 -0.681397 -0.545867 -0.965856 0.243914 -0.0873368 -0.290155 0.105709 0.67879 0.726684 0.417505 -0.0386242 -0.173362 0.9841 0.330468 -0.995572 0.0911413 -0.0230187 -0.478311 -0.0857016 -0.980632 -0.176115 0.461781 
1532542886236 0.242158 0.695443 -0.676549 -0.562944 -0.961771 0.263971 -0.0729055 -0.27171 0.127887 0.66834 0.73278 0.41208 -0.0588019 -0.143669 0.987877 0.350683 -0.989662 0.138063 -0.0388293 -0.470812 -0.130811 -0.979948 -0.150302 0.459607 
1532542888381 0.242173 0.695407 -0.67658 -0.562919 -0.961773 0.263952 -0.0729571 -0.271759 0.12785 0.668385 0.732746 0.412063 -0.0387446 -0.173333 0.984101 0.330409 -0.995572 0.0911124 -0.0231483 -0.478329 -0.0856514 -0.98064 -0.176095 0.461787 
1532542888581 0.242753 0.695691 -0.676081 -0.564773 -0.961329 0.26596 -0.0715003 -0.269885 0.130068 0.667293 0.73335 0.41145 -0.0428646 -0.167491 0.984941 0.334532 -0.994585 0.100573 -0.0261817 -0.476987 -0.0946731 -0.98073 -0.170895 0.461829 
1532542889067 0.243335 0.695973 -0.675582 -0.566627 -0.960879 0.267964 -0.0700423 -0.268011 0.132284 0.666196 0.733951 0.410838 -0.0470028 -0.161545 0.985745 0.338697 -0.993499 0.109994 -0.0293466 -0.475229 -0.103686 -0.980716 -0.165664 0.46098 
1532542889331 0.243917 0.696253 -0.675083 -0.568481 -0.960424 0.269966 -0.0685826 -0.266136 0.134499 0.665094 0.734547 0.410225 -0.0510832 -0.155556 0.986505 0.342859 -0.992314 0.119387 -0.0325584 -0.47348 -0.112712 -0.980586 -0.160459 0.460185 
1532542889471 0.2445 0.696531 -0.674584 -0.570335 -0.959963 0.271965 -0.0671209 -0.264262 0.136712 0.663987 0.73514 0.409612 -0.0551029 -0.14953 0.987221 0.347018 -0.99103 0.128751 -0.0358141 -0.47176 -0.121751 -0.980339 -0.155283 0.459452 
1532542889988 0.245085 0.696807 -0.674087 -0.572189 -0.959497 0.273962 -0.0656578 -0.262388 0.138923 0.662876 0.735728 0.409 -0.0590627 -0.143465 0.987891 0.351176 -0.989648 0.138085 -0.0391146 -0.470061 -0.130801 -0.979975 -0.150135 0.45876 
1532542889995 0.24567 0.697082 -0.673589 -0.574042 -0.959024 0.275956 -0.0641928 -0.260513 0.141133 0.661759 0.736313 0.408387 -0.0629629 -0.13736 0.988518 0.355332 -0.988167 0.147386 -0.0424604 -0.468378 -0.139861 -0.979495 -0.145014 0.458098 
1532542890530 0.246257 0.697356 -0.673092 -0.575896 -0.958546 0.277947 -0.0627262 -0.258639 0.143342 0.660636 0.736894 0.407775 -0.0668036 -0.131216 0.9891 0.359487 -0.986589 0.156654 -0.0458518 -0.466707 -0.14893 -0.978898 -0.139921 0.457459 
1532542890557 0.246845 0.697626 -0.672596 -0.577745 -0.958062 0.279937 -0.0612579 -0.256763 0.145549 0.65951 0.73747 0.407164 -0.0705836 -0.125035 0.989638 0.363639 -0.984912 0.165889 -0.0492875 -0.465051 -0.158007 -0.978186 -0.134857 0.456843 
1532542890948 0.247428 0.697891 -0.672106 -0.57952 -0.957574 0.281917 -0.0597877 -0.2549 0.147753 0.658385 0.738037 0.40659 -0.0742733 -0.118844 0.990131 0.367683 -0.983141 0.175079 -0.0527345 -0.463498 -0.167084 -0.977355 -0.129844 0.456305 
1532542891779 0.247306 0.697936 -0.672105 -0.579541 -0.957613 0.281797 -0.0597334 -0.254823 0.147707 0.658388 0.738043 0.406551 -0.0706917 -0.124927 0.989644 0.363578 -0.984905 0.16589 -0.0494122 -0.465076 -0.158 -0.978199 -0.134768 0.456887 
1532542891790 0.248624 0.699234 -0.670267 -0.579591 -0.95755 0.281664 -0.0613506 -0.254614 0.145891 0.657067 0.73958 0.406355 -0.0714264 -0.123697 0.989746 0.364413 -0.984559 0.167734 -0.0500889 -0.46476 -0.159818 -0.978041 -0.133768 0.456799 
1532542892076 0.249938 0.700528 -0.668424 -0.579641 -0.957483 0.281534 -0.0629682 -0.254404 0.144073 0.655743 0.74111 0.406159 -0.0721652 -0.122464 0.989846 0.365252 -0.984209 0.169574 -0.0507746 -0.46441 -0.161634 -0.977879 -0.132767 0.45664 
1532542892295 0.251248 0.701819 -0.666576 -0.579692 -0.957413 0.281407 -0.0645859 -0.254195 0.142252 0.654416 0.742633 0.405962 -0.0729012 -0.121229 0.989944 0.36609 -0.983854 0.171413 -0.0514616 -0.464062 -0.16345 -0.977712 -0.131767 0.456487 
1532542892425 0.252554 0.703107 -0.664723 -0.579742 -0.957338 0.281283 -0.0662037 -0.253986 0.140427 0.653085 0.744151 0.405766 -0.0736344 -0.119992 0.99004 0.366927 -0.983496 0.17325 -0.0521499 -0.463716 -0.165267 -0.977541 -0.130769 0.456339 
1532542892777 0.253855 0.704392 -0.662864 -0.579792 -0.957261 0.281162 -0.0678223 -0.253776 0.138599 0.651751 0.745661 0.40557 -0.0743649 -0.118755 0.990135 0.367765 -0.983134 0.175086 -0.0528397 -0.463372 -0.167084 -0.977365 -0.129772 0.456195 
1532542892783 0.255152 0.705674 -0.661001 -0.579842 -0.957179 0.281045 -0.06944 -0.253567 0.136769 0.650414 0.747165 0.405374 -0.0750928 -0.117516 0.990228 0.368602 -0.982768 0.176921 -0.053531 -0.46303 -0.168901 -0.977184 -0.128776 0.456053 
1532542893123 0.256443 0.706953 -0.659132 -0.579892 -0.957094 0.280929 -0.0710584 -0.253358 0.134934 0.649074 0.748663 0.405178 -0.0758182 -0.116275 0.990319 0.36944 -0.982398 0.178754 -0.0542239 -0.462689 -0.170719 -0.976999 -0.127782 0.455914 
1532542893130 0.257731 0.708228 -0.657258 -0.579942 -0.957006 0.280817 -0.0726765 -0.253149 0.133098 0.64773 0.750153 0.404982 -0.0765407 -0.115034 0.990408 0.370276 -0.982025 0.180586 -0.0549181 -0.46235 -0.172537 -0.976809 -0.126788 0.455778 
1532542893207 0.259009 0.709498 -0.655384 -0.579984 -0.956914 0.280707 -0.0742894 -0.252947 0.131263 0.646387 0.751634 0.404801 -0.0772546 -0.113797 0.990496 0.371092 -0.981648 0.182415 -0.055607 -0.462033 -0.174353 -0.976614 -0.125801 0.455658 
1532542893825 0.259116 0.70939 -0.655458 -0.57996 -0.95688 0.280803 -0.074367 -0.253 0.131299 0.646465 0.751561 0.404763 -0.0772805 -0.113883 0.990484 0.371051 -0.98164 0.182456 -0.0556121 -0.46206 -0.174387 -0.976596 -0.125893 0.455606 
1532542893833 0.260138 0.710017 -0.654373 -0.580144 -0.956719 0.281093 -0.0753355 -0.252874 0.130451 0.645649 0.752409 0.404583 -0.0778041 -0.113866 0.990445 0.371171 -0.981419 0.183526 -0.0559961 -0.461951 -0.175397 -0.976398 -0.126029 0.455626 
1532542894053 0.261157 0.710643 -0.653287 -0.580329 -0.956557 0.281385 -0.0763027 -0.252747 0.129601 0.644833 0.753256 0.404403 -0.0783288 -0.113847 0.990406 0.371292 -0.981196 0.184595 -0.0563813 -0.461833 -0.176405 -0.976199 -0.126166 0.455628 
1532542894101 0.262176 0.711268 -0.652198 -0.580513 -0.956393 0.281678 -0.0772694 -0.252621 0.12875 0.644015 0.754101 0.404223 -0.0788528 -0.113829 0.990366 0.371413 -0.980972 0.185663 -0.0567654 -0.461715 -0.177413 -0.975998 -0.126303 0.455631 
1532542894354 0.263193 0.711891 -0.651107 -0.580697 -0.956228 0.281971 -0.0782356 -0.252494 0.127898 0.643197 0.754943 0.404043 -0.0793777 -0.113809 0.990327 0.371533 -0.980747 0.186731 -0.0571506 -0.461598 -0.178421 -0.975797 -0.12644 0.455635 
1532542894387 0.264209 0.712514 -0.650014 -0.580882 -0.956061 0.282266 -0.0792012 -0.252368 0.127045 0.642379 0.755784 0.403863 -0.0799014 -0.11379 0.990287 0.371654 -0.980521 0.1878 -0.0575342 -0.461482 -0.179429 -0.975594 -0.126579 0.455641 
1532542894393 0.265223 0.713134 -0.648919 -0.581066 -0.955894 0.282561 -0.0801663 -0.252241 0.12619 0.641559 0.756622 0.403684 -0.0804261 -0.113769 0.990247 0.371775 -0.980293 0.188867 -0.0579189 -0.461365 -0.180436 -0.97539 -0.126717 0.455647 
1532542894603 0.266237 0.713754 -0.647822 -0.58125 -0.955725 0.282857 -0.081131 -0.252115 0.125334 0.64074 0.757459 0.403504 -0.0809499 -0.113748 0.990206 0.371895 -0.980064 0.189935 -0.0583023 -0.46125 -0.181443 -0.975185 -0.126856 0.455653 
1532542894617 0.267249 0.714372 -0.646723 -0.581434 -0.955554 0.283155 -0.0820951 -0.251988 0.124477 0.639919 0.758294 0.403324 -0.0814737 -0.113727 0.990166 0.372016 -0.979834 0.191002 -0.0586857 -0.461134 -0.18245 -0.974979 -0.126995 0.45566 
1532542894726 0.268256 0.714986 -0.645626 -0.581604 -0.955383 0.283452 -0.0830556 -0.251864 0.123621 0.6391 0.759124 0.403157 -0.0819955 -0.113705 0.990125 0.372133 -0.979602 0.192068 -0.0590673 -0.461027 -0.183455 -0.974772 -0.127134 0.455668 
1532543048700 0.268258 0.715145 -0.64545 -0.581626 -0.955376 0.283509 -0.0829463 -0.251821 0.123672 0.638898 0.759285 0.403277 -0.0819751 -0.113686 0.990129 0.372174 -0.97959 0.192138 -0.0590415 -0.461016 -0.183529 -0.974761 -0.127116 0.455692 
1532543048708 0.266308 0.71346 -0.648117 -0.581602 -0.955601 0.283405 -0.0806738 -0.251933 0.126122 0.640825 0.757256 0.403536 -0.0815329 -0.113572 0.990179 0.372157 -0.979725 0.191556 -0.0587008 -0.461096 -0.183008 -0.974888 -0.126888 0.45567 
1532543048715 0.26435 0.711768 -0.650773 -0.581578 -0.955819 0.283308 -0.0784013 -0.252045 0.128566 0.642746 0.755214 0.403794 -0.0810907 -0.113459 0.990228 0.372141 -0.979859 0.190975 -0.0583599 -0.461175 -0.182487 -0.975016 -0.12666 0.455645 
1532543048964 0.262384 0.710069 -0.653419 -0.581554 -0.95603 0.283217 -0.0761279 -0.252157 0.131003 0.644662 0.753159 0.404053 -0.0806482 -0.113345 0.990277 0.372124 -0.979992 0.190393 -0.0580186 -0.461254 -0.181966 -0.975143 -0.126432 0.45562 
1532543049137 0.26041 0.708364 -0.656055 -0.58153 -0.956233 0.283132 -0.0738539 -0.252268 0.133434 0.646573 0.751091 0.404311 -0.0802063 -0.113231 0.990326 0.372108 -0.980125 0.189812 -0.0576776 -0.461333 -0.181444 -0.975269 -0.126204 0.455595 
1532543049269 0.258427 0.706652 -0.658679 -0.581506 -0.95643 0.283052 -0.0715789 -0.25238 0.135859 0.648479 0.749011 0.40457 -0.0797644 -0.113116 0.990375 0.372091 -0.980257 0.18923 -0.0573365 -0.461412 -0.180923 -0.975396 -0.125977 0.45557 
1532543049487 0.256435 0.704934 -0.661294 -0.581481 -0.956619 0.282979 -0.0693031 -0.252492 0.138278 0.650378 0.746919 0.404829 -0.0793226 -0.113001 0.990423 0.372074 -0.980389 0.188648 -0.0569953 -0.461491 -0.180401 -0.975522 -0.125749 0.455546 
1532543049513 0.254435 0.703209 -0.663897 -0.581457 -0.956801 0.282911 -0.0670264 -0.252604 0.14069 0.652272 0.744814 0.405087 -0.0788809 -0.112886 0.990472 0.372058 -0.980521 0.188066 -0.0566541 -0.46157 -0.179879 -0.975647 -0.125522 0.455521 
1532543049678 0.252428 0.701478 -0.66649 -0.581434 -0.956976 0.282849 -0.0647491 -0.252716 0.143096 0.65416 0.742697 0.405345 -0.0784397 -0.112771 0.99052 0.372041 -0.980652 0.187485 -0.0563131 -0.461649 -0.179357 -0.975773 -0.125295 0.455497 
1532543049928 0.250418 0.699745 -0.669065 -0.58142 -0.957144 0.282794 -0.0624781 -0.25282 0.145489 0.656036 0.740574 0.405583 -0.0779991 -0.112656 0.990568 0.372026 -0.980783 0.186903 -0.0559722 -0.461723 -0.178835 -0.975897 -0.12507 0.455473 
1532543050456 0.250447 0.699855 -0.668939 -0.581441 -0.957135 0.282831 -0.0624433 -0.252787 0.145495 0.655904 0.74069 0.405628 -0.078084 -0.112519 0.990577 0.371999 -0.980773 0.186922 -0.0560788 -0.461716 -0.178851 -0.97591 -0.124951 0.455492 
1532543050468 0.25024 0.699669 -0.66921 -0.581435 -0.957153 0.282822 -0.0622177 -0.252802 0.145735 0.656106 0.740464 0.405651 -0.0780313 -0.112521 0.990581 0.372 -0.980787 0.186862 -0.0560339 -0.461725 -0.178797 -0.975921 -0.12494 0.455488 
1532543050588 0.250035 0.699484 -0.669481 -0.58143 -0.95717 0.282813 -0.0619924 -0.252817 0.145975 0.656307 0.740238 0.405675 -0.0779786 -0.112523 0.990585 0.372001 -0.980801 0.186803 -0.055989 -0.461734 -0.178744 -0.975932 -0.124929 0.455483 
1532543050611 0.249829 0.699298 -0.669752 -0.581424 -0.957187 0.282804 -0.0617672 -0.252833 0.146215 0.656509 0.740012 0.405698 -0.0779259 -0.112525 0.990589 0.372001 -0.980815 0.186743 -0.0559441 -0.461744 -0.17869 -0.975943 -0.124918 0.455479 
1532543050737 0.249623 0.699113 -0.670022 -0.581419 -0.957204 0.282796 -0.0615419 -0.252848 0.146455 0.65671 0.739786 0.405722 -0.0778731 -0.112526 0.990593 0.372002 -0.980829 0.186683 -0.0558992 -0.461753 -0.178637 -0.975954 -0.124907 0.455474 
1532543050854 0.249417 0.698927 -0.670293 -0.581413 -0.957221 0.282786 -0.0613165 -0.252863 0.146694 0.656912 0.739559 0.405745 -0.0778204 -0.112528 0.990596 0.372003 -0.980842 0.186624 -0.0558544 -0.461762 -0.178584 -0.975966 -0.124896 0.45547 
1532543050960 0.249211 0.698741 -0.670564 -0.581407 -0.957238 0.282778 -0.0610912 -0.252878 0.146934 0.657113 0.739332 0.405769 -0.0777677 -0.11253 0.9906 0.372004 -0.980856 0.186564 -0.0558095 -0.461771 -0.17853 -0.975977 -0.124884 0.455466 
1532543051008 0.249004 0.698555 -0.670834 -0.581402 -0.957255 0.282769 -0.0608658 -0.252893 0.147173 0.657315 0.739106 0.405792 -0.077715 -0.112532 0.990604 0.372005 -0.98087 0.186505 -0.0557646 -0.46178 -0.178477 -0.975988 -0.124873 0.455461 
1532543051155 0.248798 0.698369 -0.671104 -0.581396 -0.957272 0.282761 -0.0606405 -0.252909 0.147413 0.657516 0.738879 0.405816 -0.0776623 -0.112533 0.990608 0.372005 -0.980884 0.186445 -0.0557197 -0.46179 -0.178424 -0.975999 -0.124862 0.455457 
1532543051208 0.248592 0.698183 -0.671373 -0.581392 -0.957288 0.282753 -0.0604159 -0.252923 0.147651 0.657717 0.738653 0.405837 -0.0776101 -0.112535 0.990612 0.372006 -0.980898 0.186385 -0.0556753 -0.461798 -0.17837 -0.97601 -0.124851 0.455452 
1532543051501 0.248632 0.69814 -0.671404 -0.581365 -0.957247 0.282917 -0.0603014 -0.25293 0.147853 0.657692 0.738634 0.40586 -0.0776937 -0.112427 0.990618 0.371967 -0.980901 0.186336 -0.0557841 -0.461824 -0.178316 -0.976032 -0.124757 0.4555 
1532543051508 0.250178 0.69925 -0.669672 -0.581441 -0.957111 0.282995 -0.0620649 -0.252824 0.146115 0.656477 0.740059 0.405633 -0.0781333 -0.112554 0.990569 0.372002 -0.980715 0.187223 -0.0560828 -0.461747 -0.179145 -0.975848 -0.125011 0.455514 
1532543051516 0.251719 0.700359 -0.667933 -0.581517 -0.956971 0.283077 -0.0638279 -0.252719 0.144374 0.65526 0.741479 0.405406 -0.0785736 -0.11268 0.99052 0.372036 -0.980528 0.188111 -0.0563817 -0.46167 -0.179975 -0.975662 -0.125267 0.455528 
1532543051521 0.253257 0.701464 -0.66619 -0.581592 -0.956827 0.283161 -0.0655904 -0.252613 0.14263 0.65404 0.742892 0.40518 -0.0790137 -0.112807 0.99047 0.372071 -0.98034 0.188999 -0.05668 -0.461593 -0.180804 -0.975476 -0.125522 0.455542 
1532543051528 0.254791 0.702567 -0.664441 -0.581668 -0.956679 0.283249 -0.0673525 -0.252508 0.140882 0.652817 0.7443 0.404953 -0.0794538 -0.112933 0.990421 0.372105 -0.980151 0.189887 -0.0569781 -0.461515 -0.181633 -0.975289 -0.125778 0.455556 
1532543051535 0.25632 0.703666 -0.662687 -0.581744 -0.956526 0.283339 -0.069114 -0.252402 0.139132 0.651592 0.745701 0.404726 -0.079894 -0.113058 0.990371 0.37214 -0.979962 0.190774 -0.057276 -0.461438 -0.182461 -0.975102 -0.126034 0.455569 
1532543051541 0.257846 0.704763 -0.660927 -0.58182 -0.95637 0.283432 -0.0708749 -0.252296 0.137378 0.650365 0.747096 0.404499 -0.0803343 -0.113183 0.990321 0.372175 -0.979771 0.191661 -0.0575736 -0.461361 -0.183289 -0.974913 -0.126291 0.455583 
1532543051548 0.259367 0.705857 -0.659162 -0.581896 -0.956209 0.283529 -0.0726353 -0.252191 0.135621 0.649136 0.748485 0.404272 -0.0807748 -0.113308 0.990271 0.372209 -0.979579 0.192549 -0.0578711 -0.461284 -0.184118 -0.974724 -0.126547 0.455597 
1532543051555 0.260884 0.706948 -0.657391 -0.581971 -0.956044 0.283627 -0.0743957 -0.252085 0.13386 0.647904 0.749868 0.404046 -0.0812152 -0.113432 0.990221 0.372244 -0.979387 0.193436 -0.0581681 -0.461207 -0.184946 -0.974534 -0.126804 0.455611 
1532543051561 0.262392 0.708034 -0.655621 -0.582036 -0.955876 0.283728 -0.0761499 -0.251985 0.132101 0.646674 0.751241 0.403835 -0.0816541 -0.113555 0.990171 0.372277 -0.979194 0.194322 -0.0584636 -0.461135 -0.185773 -0.974343 -0.12706 0.455624 
1532543348745 0.25821 0.706613 -0.658806 -0.580682 -0.95683 0.281232 -0.0733772 -0.252211 0.133428 0.649312 0.748726 0.404859 -0.0777453 -0.112403 0.990617 0.371927 -0.980916 0.186239 -0.0558518 -0.461826 -0.178214 -0.976054 -0.124737 0.455448 
1532543348752 0.257162 0.705668 -0.660228 -0.580761 -0.956843 0.281626 -0.0716855 -0.252292 0.135352 0.650169 0.747636 0.405022 -0.0777705 -0.112243 0.990633 0.371922 -0.980989 0.185821 -0.0559591 -0.461792 -0.177799 -0.976152 -0.12456 0.455438 
1532543348759 0.256109 0.704721 -0.661647 -0.58084 -0.956851 0.282022 -0.0699938 -0.252373 0.137273 0.651024 0.746541 0.405185 -0.0777963 -0.112083 0.990649 0.371917 -0.981062 0.185403 -0.0560668 -0.461758 -0.177385 -0.97625 -0.124384 0.455427 
1532543348765 0.255052 0.703773 -0.663063 -0.580919 -0.956856 0.28242 -0.0683026 -0.252454 0.139193 0.651876 0.745441 0.405348 -0.0778222 -0.111924 0.990665 0.371912 -0.981135 0.184985 -0.0561743 -0.461724 -0.176971 -0.976347 -0.124208 0.455417 
1532543348772 0.253993 0.702823 -0.664475 -0.580998 -0.956857 0.282821 -0.0666117 -0.252535 0.141111 0.652727 0.744336 0.405511 -0.0778481 -0.111764 0.990681 0.371907 -0.981207 0.184566 -0.0562818 -0.46169 -0.176556 -0.976445 -0.124032 0.455407 
1532543348779 0.252929 0.701873 -0.665884 -0.581076 -0.956854 0.283222 -0.0649215 -0.252616 0.143026 0.653574 0.743225 0.405674 -0.0778743 -0.111605 0.990697 0.371901 -0.98128 0.184148 -0.0563893 -0.461656 -0.176141 -0.976542 -0.123856 0.455396 
1532543348785 0.251862 0.700921 -0.667289 -0.581155 -0.956848 0.283627 -0.0632316 -0.252696 0.144941 0.65442 0.74211 0.405837 -0.0779001 -0.111445 0.990713 0.371896 -0.981352 0.18373 -0.0564964 -0.461622 -0.175727 -0.976639 -0.12368 0.455386 
1532543348792 0.250792 0.699968 -0.668691 -0.581234 -0.956837 0.284034 -0.0615423 -0.252777 0.146853 0.655263 0.740989 0.406 -0.0779261 -0.111286 0.990729 0.371891 -0.981424 0.183311 -0.0566034 -0.461589 -0.175313 -0.976736 -0.123503 0.455376 
1532543348799 0.249719 0.699014 -0.670089 -0.581313 -0.956823 0.284442 -0.0598537 -0.252858 0.148763 0.656103 0.739863 0.406163 -0.0779527 -0.111126 0.990744 0.371886 -0.981496 0.182893 -0.0567111 -0.461555 -0.174898 -0.976832 -0.123327 0.455367 
1532543348805 0.248646 0.698061 -0.671481 -0.581393 -0.956804 0.284853 -0.0581707 -0.252932 0.150667 0.656939 0.738735 0.406317 -0.0779787 -0.110967 0.99076 0.371881 -0.981568 0.182475 -0.0568177 -0.461524 -0.174484 -0.976928 -0.123151 0.45536 
1532543389007 0.249252 0.698625 -0.670669 -0.581294 -0.956894 0.284276 -0.0595008 -0.252983 0.149086 0.65659 0.739367 0.406171 -0.0778006 -0.111913 0.990668 0.371942 -0.981359 0.183747 -0.0563122 -0.461724 -0.17573 -0.976582 -0.124123 0.455565 
1532543389014 0.249136 0.698531 -0.67081 -0.581305 -0.956896 0.284305 -0.0593337 -0.252984 0.149268 0.656678 0.739252 0.406181 -0.0777943 -0.111913 0.990668 0.371945 -0.981365 0.183714 -0.0563101 -0.461719 -0.175698 -0.976588 -0.124119 0.455564 
1532543389021 0.24902 0.698437 -0.670951 -0.581316 -0.956898 0.284333 -0.0591659 -0.252986 0.14945 0.656765 0.739138 0.406191 -0.0777885 -0.111913 0.990669 0.371947 -0.981371 0.183683 -0.0563083 -0.461713 -0.175667 -0.976594 -0.124117 0.455562 
1532543389027 0.248903 0.698343 -0.671092 -0.581327 -0.9569 0.284362 -0.0589981 -0.252988 0.149632 0.656852 0.739023 0.406201 -0.0777827 -0.111913 0.990669 0.37195 -0.981377 0.183652 -0.0563065 -0.461708 -0.175637 -0.9766 -0.124114 0.455561 
1532543389033 0.248786 0.698249 -0.671232 -0.581339 -0.956902 0.28439 -0.0588302 -0.25299 0.149814 0.65694 0.738909 0.406211 -0.0777769 -0.111913 0.99067 0.371953 -0.981384 0.18362 -0.056305 -0.461703 -0.175605 -0.976606 -0.124111 0.455559 
1532543389040 0.24867 0.698156 -0.671373 -0.58135 -0.956904 0.284419 -0.0586624 -0.252991 0.149996 0.657027 0.738794 0.406221 -0.0777711 -0.111913 0.99067 0.371956 -0.981389 0.183588 -0.0563033 -0.461698 -0.175574 -0.976612 -0.124108 0.455558 
1532543389047 0.248553 0.698062 -0.671514 -0.581361 -0.956905 0.284448 -0.0584946 -0.252993 0.150178 0.657114 0.73868 0.406232 -0.0777653 -0.111912 0.990671 0.371958 -0.981395 0.183557 -0.0563015 -0.461692 -0.175543 -0.976618 -0.124105 0.455556 
1532543389054 0.248437 0.697968 -0.671655 -0.581372 -0.956907 0.284476 -0.0583268 -0.252995 0.15036 0.657202 0.738565 0.406242 -0.0777595 -0.111912 0.990671 0.371961 -0.981401 0.183525 -0.0562998 -0.461687 -0.175512 -0.976624 -0.124102 0.455555 
1532543389067 0.24832 0.697874 -0.671795 -0.581383 -0.956909 0.284505 -0.058159 -0.252996 0.150541 0.657289 0.73845 0.406252 -0.0777537 -0.111912 0.990671 0.371964 -0.981407 0.183494 -0.0562981 -0.461682 -0.175482 -0.97663 -0.124099 0.455553 
1532543389073 0.248203 0.69778 -0.671936 -0.581394 -0.956911 0.284533 -0.0579915 -0.252997 0.150723 0.657376 0.738335 0.406261 -0.0777479 -0.111912 0.990672 0.371966 -0.981413 0.183462 -0.0562962 -0.461677 -0.175451 -0.976636 -0.124096 0.455552 
1532543514220 0.249075 0.698604 -0.670756 -0.581336 -0.956928 0.284195 -0.0593463 -0.252933 0.149166 0.656647 0.7393 0.406173 -0.0779044 -0.111907 0.99066 0.371932 -0.981409 0.183435 -0.0564557 -0.461656 -0.175404 -0.976641 -0.124117 0.455619 
1532543514229 0.248958 0.698538 -0.670869 -0.581346 -0.956955 0.284116 -0.0592892 -0.252943 0.149189 0.656752 0.739202 0.406163 -0.0779126 -0.111933 0.990657 0.371935 -0.981382 0.183584 -0.0564402 -0.461659 -0.175551 -0.97661 -0.124153 0.455608 
1532543514236 0.248841 0.698471 -0.670981 -0.581356 -0.956982 0.284038 -0.0592328 -0.252954 0.149212 0.656856 0.739104 0.406154 -0.0779208 -0.11196 0.990653 0.371938 -0.981355 0.183733 -0.0564246 -0.461662 -0.175698 -0.976579 -0.124189 0.455597 
1532543514375 0.248725 0.698405 -0.671094 -0.581366 -0.957008 0.283959 -0.0591765 -0.252964 0.149234 0.656961 0.739007 0.406144 -0.077929 -0.111987 0.990649 0.371941 -0.981328 0.183882 -0.056409 -0.461665 -0.175845 -0.976548 -0.124226 0.455586 
1532543514403 0.248608 0.698338 -0.671207 -0.581375 -0.957035 0.283881 -0.0591201 -0.252974 0.149257 0.657066 0.738909 0.406134 -0.0779372 -0.112014 0.990646 0.371944 -0.981301 0.184031 -0.0563934 -0.461668 -0.175992 -0.976517 -0.124263 0.455575 
1532543514589 0.248491 0.698271 -0.671319 -0.581385 -0.957062 0.283802 -0.0590638 -0.252984 0.149279 0.657171 0.738811 0.406124 -0.0779454 -0.112041 0.990642 0.371947 -0.981274 0.18418 -0.0563777 -0.461671 -0.176139 -0.976486 -0.124299 0.455564 
1532543514641 0.248375 0.698205 -0.671432 -0.581395 -0.957089 0.283724 -0.0590074 -0.252995 0.149302 0.657276 0.738714 0.406115 -0.0779537 -0.112068 0.990638 0.371949 -0.981247 0.184329 -0.0563621 -0.461673 -0.176286 -0.976455 -0.124336 0.455553 
1532543514647 0.248258 0.698138 -0.671544 -0.581405 -0.957116 0.283645 -0.058951 -0.253005 0.149324 0.65738 0.738616 0.406105 -0.0779619 -0.112095 0.990634 0.371952 -0.98122 0.184477 -0.0563464 -0.461676 -0.176434 -0.976423 -0.124372 0.455542 
1532543514662 0.248142 0.698071 -0.671657 -0.581415 -0.957142 0.283567 -0.0588946 -0.253015 0.149347 0.657485 0.738518 0.406095 -0.0779701 -0.112122 0.990631 0.371955 -0.981193 0.184626 -0.0563308 -0.461679 -0.176581 -0.976392 -0.124409 0.455531 
1532543514783 0.248024 0.698004 -0.671769 -0.581424 -0.957169 0.283488 -0.0588381 -0.253025 0.149369 0.65759 0.73842 0.406085 -0.0779784 -0.112149 0.990627 0.371958 -0.981166 0.184775 -0.0563152 -0.461682 -0.176727 -0.976361 -0.124446 0.45552 
1532543515004 0.24798 0.697966 -0.671826 -0.581421 -0.957175 0.283475 -0.058802 -0.252968 0.149404 0.657637 0.738371 0.406034 -0.0780319 -0.112184 0.990619 0.371901 -0.981176 0.184707 -0.0563706 -0.461709 -0.176651 -0.97637 -0.124485 0.455497 
1532543515021 0.247973 0.697963 -0.671832 -0.581422 -0.957177 0.283468 -0.0588004 -0.252975 0.149402 0.657643 0.738366 0.406038 -0.0780276 -0.112183 0.990619 0.371907 -0.981172 0.184731 -0.0563635 -0.461707 -0.176675 -0.976365 -0.124485 0.455498 
1532543515044 0.247966 0.69796 -0.671837 -0.581424 -0.957179 0.283462 -0.0587983 -0.252981 0.149401 0.657649 0.738361 0.406042 -0.0780232 -0.112182 0.99062 0.371913 -0.981168 0.184753 -0.0563565 -0.461704 -0.176697 -0.976361 -0.124484 0.455499 
1532543515054 0.247959 0.697957 -0.671843 -0.581425 -0.957181 0.283456 -0.0587962 -0.252988 0.1494 0.657654 0.738356 0.406047 -0.0780188 -0.112181 0.99062 0.371919 -0.981164 0.184774 -0.0563496 -0.461702 -0.17672 -0.976357 -0.124484 0.455501 
1532543515079 0.247951 0.697954 -0.671849 -0.581426 -0.957183 0.283449 -0.0587938 -0.252995 0.149399 0.657661 0.738351 0.406051 -0.0780143 -0.11218 0.990621 0.371925 -0.981161 0.184796 -0.0563426 -0.461699 -0.176742 -0.976353 -0.124484 0.455502 
1532543515101 0.247944 0.697951 -0.671855 -0.581428 -0.957185 0.283443 -0.0587917 -0.253002 0.149399 0.657667 0.738346 0.406055 -0.0780104 -0.112179 0.990621 0.371931 -0.981157 0.184819 -0.0563359 -0.461697 -0.176766 -0.976349 -0.124483 0.455503 
1532543515124 0.247937 0.697948 -0.67186 -0.581429 -0.957187 0.283436 -0.0587895 -0.253009 0.149398 0.657672 0.738341 0.406059 -0.078006 -0.112178 0.990622 0.371937 -0.981153 0.184841 -0.056329 -0.461695 -0.176788 -0.976345 -0.124483 0.455504 
1532543515182 0.24793 0.697945 -0.671866 -0.581431 -0.957189 0.28343 -0.0587874 -0.253016 0.149397 0.657678 0.738336 0.406063 -0.0780017 -0.112177 0.990622 0.371943 -0.981149 0.184863 -0.0563221 -0.461692 -0.176811 -0.976341 -0.124482 0.455505 
1532543515228 0.247923 0.697942 -0.671872 -0.581432 -0.957191 0.283424 -0.0587852 -0.253022 0.149396 0.657684 0.738331 0.406068 -0.0779973 -0.112176 0.990622 0.371949 -0.981145 0.184885 -0.0563152 -0.46169 -0.176834 -0.976337 -0.124482 0.455507 
1532543515251 0.247915 0.697939 -0.671878 -0.581433 -0.957193 0.283417 -0.0587831 -0.253029 0.149395 0.65769 0.738326 0.406072 -0.077993 -0.112175 0.990623 0.371955 -0.981142 0.184906 -0.0563082 -0.461687 -0.176856 -0.976333 -0.124481 0.455508 
1532543515387 0.247891 0.697903 -0.671923 -0.581421 -0.957192 0.28343 -0.0587454 -0.252987 0.149445 0.657722 0.738287 0.406017 -0.078093 -0.112223 0.99061 0.371902 -0.981144 0.184866 -0.0564038 -0.461729 -0.176801 -0.976335 -0.124544 0.455475 
1532543515394 0.249404 0.698414 -0.670832 -0.581344 -0.957156 0.283038 -0.0611783 -0.252853 0.147143 0.657348 0.739082 0.405902 -0.0733067 -0.110107 0.991213 0.371755 -0.981092 0.186467 -0.0518448 -0.461819 -0.17912 -0.976272 -0.121695 0.455292 
1532543515400 0.250913 0.698926 -0.669735 -0.581266 -0.957112 0.282647 -0.0636113 -0.25272 0.144839 0.656973 0.73987 0.405788 -0.0685129 -0.107998 0.991787 0.371607 -0.981015 0.188078 -0.0472885 -0.461909 -0.181426 -0.976198 -0.118833 0.45511 
1532543515407 0.252419 0.699437 -0.668635 -0.581189 -0.957062 0.282259 -0.0660436 -0.252586 0.142535 0.656596 0.740652 0.405673 -0.0637125 -0.105896 0.992334 0.37146 -0.980912 0.189697 -0.0427359 -0.461999 -0.183717 -0.976115 -0.115961 0.454927 
1532543515744 0.253922 0.699948 -0.66753 -0.581111 -0.957006 0.281871 -0.0684765 -0.252453 0.140227 0.656217 0.741428 0.405559 -0.0589058 -0.103801 0.992852 0.371313 -0.980784 0.191325 -0.0381871 -0.462088 -0.185994 -0.976023 -0.113076 0.454744 
1532543515771 0.255422 0.70046 -0.66642 -0.581034 -0.956942 0.281485 -0.0709094 -0.252319 0.137918 0.655837 0.742197 0.405444 -0.0540929 -0.101713 0.993342 0.371166 -0.980629 0.192963 -0.0336423 -0.462178 -0.188256 -0.97592 -0.11018 0.454562 
1532543516140 0.256918 0.700971 -0.665306 -0.580957 -0.956872 0.2811 -0.0733424 -0.252186 0.135607 0.655456 0.742959 0.40533 -0.049274 -0.0996325 0.993804 0.371018 -0.980449 0.194609 -0.0291016 -0.462268 -0.190503 -0.975808 -0.107274 0.454379 
1532543516216 0.258412 0.701482 -0.664188 -0.580879 -0.956795 0.280717 -0.0757753 -0.252052 0.133294 0.655073 0.743715 0.405215 -0.0444493 -0.0975602 0.994237 0.370871 -0.980243 0.196263 -0.0245652 -0.462358 -0.192736 -0.975686 -0.104357 0.454196 
1532543516445 0.259901 0.701994 -0.663066 -0.580802 -0.956711 0.280334 -0.0782084 -0.251919 0.130978 0.654689 0.744464 0.405101 -0.0396189 -0.0954946 0.994641 0.370724 -0.980012 0.197927 -0.0200334 -0.462447 -0.194953 -0.975554 -0.101427 0.454014 
1532543516748 0.261382 0.702505 -0.661942 -0.580726 -0.956621 0.279954 -0.0806335 -0.251797 0.128668 0.654304 0.745206 0.40499 -0.0347993 -0.0934445 0.995016 0.370595 -0.979755 0.199598 -0.0155207 -0.462521 -0.197153 -0.975412 -0.0984986 0.453843 
1532543517652 0.261384 0.702546 -0.661897 -0.580737 -0.956605 0.280042 -0.0805236 -0.251787 0.128788 0.654221 0.745257 0.405058 -0.0349101 -0.0935471 0.995003 0.370585 -0.979761 0.199562 -0.015613 -0.46254 -0.197104 -0.97541 -0.0986205 0.453798 
1532543517659 0.262796 0.702683 -0.661192 -0.581003 -0.956394 0.280245 -0.0822963 -0.251677 0.127468 0.653988 0.745689 0.404924 -0.0335933 -0.0921567 0.995178 0.370676 -0.97914 0.202683 -0.0142828 -0.462475 -0.200389 -0.974898 -0.0970432 0.453694 
1532543517994 0.264208 0.702819 -0.660484 -0.581269 -0.95618 0.280449 -0.0840678 -0.251567 0.126147 0.653753 0.746119 0.404791 -0.0322721 -0.0907699 0.995349 0.370767 -0.978507 0.205805 -0.0129579 -0.462411 -0.203671 -0.974374 -0.0954608 0.45359 
1532543518040 0.265618 0.702955 -0.659773 -0.581534 -0.955963 0.280653 -0.085839 -0.251458 0.124826 0.653519 0.746546 0.404657 -0.0309463 -0.0893874 0.995516 0.370857 -0.977862 0.208925 -0.0116382 -0.462346 -0.206948 -0.973838 -0.0938741 0.453486 
1532543518046 0.267026 0.703091 -0.65906 -0.5818 -0.955743 0.280857 -0.0876104 -0.251348 0.123504 0.653286 0.74697 0.404524 -0.0296157 -0.0880086 0.995679 0.370948 -0.977205 0.212046 -0.0103234 -0.462282 -0.210221 -0.973289 -0.0922823 0.453382 
1532543518265 0.268434 0.703226 -0.658344 -0.582066 -0.955518 0.281062 -0.0893807 -0.251238 0.122181 0.653052 0.747392 0.40439 -0.0282805 -0.0866339 0.995839 0.371039 -0.976536 0.215166 -0.00901374 -0.462217 -0.21349 -0.972727 -0.0906861 0.453278 
1532543518434 0.269839 0.703361 -0.657625 -0.582332 -0.955291 0.281267 -0.0911505 -0.251128 0.120857 0.652819 0.747811 0.404257 -0.0269407 -0.0852637 0.995994 0.37113 -0.975855 0.218285 -0.00770926 -0.462152 -0.216753 -0.972153 -0.0890857 0.453175 
1532543518603 0.271244 0.703495 -0.656903 -0.582598 -0.95506 0.281473 -0.0929195 -0.251018 0.119532 0.652586 0.748227 0.404124 -0.0255961 -0.0838972 0.996146 0.371221 -0.975161 0.221404 -0.0064098 -0.462088 -0.220013 -0.971566 -0.0874803 0.453071 
1532543518610 0.272647 0.703628 -0.656179 -0.582863 -0.954825 0.281679 -0.0946891 -0.250908 0.118206 0.652353 0.748641 0.40399 -0.0242469 -0.0825348 0.996293 0.371312 -0.974455 0.224523 -0.00511545 -0.462024 -0.223269 -0.970967 -0.0858705 0.452967 
1532543518840 0.274044 0.703761 -0.655455 -0.583113 -0.954588 0.281885 -0.0964517 -0.250804 0.116884 0.652121 0.74905 0.403863 -0.0228973 -0.0811813 0.996436 0.371405 -0.973738 0.227639 -0.00382957 -0.461964 -0.226517 -0.970356 -0.0842617 0.452871 
1532543519317 0.274014 0.703843 -0.655378 -0.583096 -0.954591 0.281906 -0.0963617 -0.250834 0.116932 0.652023 0.749128 0.403913 -0.0228457 -0.0810137 0.996451 0.371418 -0.973759 0.22755 -0.00382512 -0.461951 -0.226433 -0.97039 -0.0840864 0.452923 
1532543519332 0.275 0.703957 -0.654843 -0.583326 -0.954397 0.282189 -0.0974434 -0.25077 0.116194 0.651777 0.749457 0.4038 -0.0224486 -0.0800349 0.996539 0.371548 -0.974144 0.225897 -0.00380167 -0.461899 -0.224811 -0.970858 -0.0830366 0.452735 
1532543519579 0.275986 0.704071 -0.654305 -0.583555 -0.954202 0.282474 -0.0985245 -0.250706 0.115456 0.651531 0.749785 0.403688 -0.0220527 -0.0790553 0.996626 0.371679 -0.974526 0.224243 -0.00377603 -0.461847 -0.223188 -0.971321 -0.0819866 0.452547 
1532543519602 0.276971 0.704185 -0.653767 -0.583785 -0.954006 0.282758 -0.099605 -0.250643 0.114717 0.651285 0.750112 0.403576 -0.0216584 -0.0780748 0.996712 0.371809 -0.974905 0.222589 -0.00374861 -0.461794 -0.221564 -0.971781 -0.0809365 0.452359 
1532543519864 0.277956 0.704298 -0.653227 -0.584015 -0.953808 0.283042 -0.100685 -0.250579 0.113979 0.651039 0.750438 0.403463 -0.0212657 -0.0770936 0.996797 0.37194 -0.975282 0.220934 -0.0037194 -0.461742 -0.21994 -0.972237 -0.0798863 0.452171 
1532543519982 0.27894 0.70441 -0.652686 -0.584244 -0.953609 0.283327 -0.101765 -0.250515 0.113239 0.650793 0.750763 0.403351 -0.0208747 -0.0761117 0.996881 0.37207 -0.975655 0.219278 -0.0036884 -0.46169 -0.218314 -0.972689 -0.0788361 0.451983 
1532543520132 0.279923 0.704522 -0.652144 -0.584474 -0.953408 0.283612 -0.102845 -0.250451 0.1125 0.650548 0.751087 0.403238 -0.0204853 -0.0751289 0.996963 0.372201 -0.976026 0.217622 -0.00365561 -0.461638 -0.216687 -0.973137 -0.0777858 0.451794 
1532543520344 0.280905 0.704634 -0.6516 -0.584704 -0.953206 0.283897 -0.103924 -0.250387 0.111759 0.650302 0.75141 0.403126 -0.0200976 -0.0741453 0.997045 0.372332 -0.976394 0.215966 -0.00362101 -0.461586 -0.215059 -0.973582 -0.0767355 0.451606 
1532543520467 0.281887 0.704745 -0.651056 -0.584933 -0.953003 0.284183 -0.105003 -0.250323 0.111019 0.650057 0.751732 0.403013 -0.0197113 -0.0731614 0.997125 0.372462 -0.97676 0.214308 -0.00358442 -0.461534 -0.21343 -0.974022 -0.0756853 0.451419 
1532543520473 0.282865 0.704856 -0.650512 -0.585149 -0.952799 0.284468 -0.106078 -0.250262 0.11028 0.649813 0.752052 0.402907 -0.0193277 -0.0721804 0.997204 0.372589 -0.977122 0.212651 -0.00354615 -0.461486 -0.211801 -0.974459 -0.0746391 0.451245 
1532543521083 0.282823 0.704858 -0.650528 -0.585178 -0.952813 0.284424 -0.106066 -0.25022 0.110265 0.649829 0.75204 0.402864 -0.0192446 -0.0722827 0.997199 0.372601 -0.977128 0.212626 -0.00344494 -0.461455 -0.211781 -0.974457 -0.0747214 0.451212 
1532543521090 0.283134 0.704647 -0.650621 -0.585315 -0.952703 0.284742 -0.106206 -0.250204 0.110421 0.649919 0.751939 0.402864 -0.018522 -0.070541 0.997337 0.372762 -0.977254 0.212048 -0.00315104 -0.461448 -0.211261 -0.97471 -0.072864 0.45095 
1532543521097 0.283446 0.704436 -0.650714 -0.585451 -0.952592 0.285061 -0.106347 -0.250187 0.110578 0.650008 0.751839 0.402865 -0.0178015 -0.068799 0.997472 0.372923 -0.97738 0.21147 -0.00285709 -0.46144 -0.210739 -0.97496 -0.0710073 0.450689 
1532543521103 0.283758 0.704224 -0.650807 -0.585588 -0.952481 0.285379 -0.106488 -0.250171 0.110735 0.650098 0.751738 0.402866 -0.0170815 -0.0670566 0.997603 0.373084 -0.977506 0.210893 -0.00256156 -0.461433 -0.210216 -0.975206 -0.0691506 0.450428 
1532543521252 0.28407 0.704013 -0.6509 -0.585725 -0.952369 0.285697 -0.106629 -0.250155 0.110892 0.650187 0.751638 0.402866 -0.0163627 -0.0653135 0.997731 0.373245 -0.977631 0.210316 -0.00226534 -0.461426 -0.209691 -0.975449 -0.0672939 0.450167 
1532543521370 0.284382 0.703801 -0.650992 -0.585861 -0.952258 0.286016 -0.10677 -0.250139 0.111049 0.650276 0.751538 0.402866 -0.0156457 -0.0635694 0.997855 0.373405 -0.977755 0.20974 -0.00196882 -0.461419 -0.209165 -0.975689 -0.0654368 0.449906 
1532543521460 0.284693 0.703589 -0.651085 -0.585998 -0.952146 0.286334 -0.106912 -0.250122 0.111206 0.650365 0.751437 0.402867 -0.0149288 -0.0618248 0.997975 0.373566 -0.977879 0.209164 -0.00167043 -0.461413 -0.208637 -0.975924 -0.0635798 0.449646 
1532543521709 0.285005 0.703378 -0.651178 -0.586135 -0.952035 0.286651 -0.107053 -0.250106 0.111362 0.650454 0.751337 0.402868 -0.0142123 -0.0600801 0.998092 0.373727 -0.978002 0.208589 -0.00137021 -0.461406 -0.208109 -0.976156 -0.061723 0.449387 
1532543521768 0.285317 0.703165 -0.65127 -0.586271 -0.951923 0.28697 -0.107194 -0.25009 0.11152 0.650543 0.751237 0.402868 -0.0134977 -0.0583343 0.998206 0.373888 -0.978125 0.208014 -0.00106997 -0.461402 -0.207578 -0.976385 -0.0598659 0.449129 
1532543521914 0.285628 0.702953 -0.651363 -0.586401 -0.951811 0.287288 -0.107334 -0.250073 0.111678 0.650632 0.751136 0.402869 -0.0127852 -0.0565951 0.998315 0.374045 -0.978247 0.207441 -0.000768197 -0.461402 -0.207048 -0.976609 -0.0580162 0.448891 
1532543522437 0.285187 0.703301 -0.651181 -0.586128 -0.951978 0.286797 -0.107171 -0.250179 0.111383 0.650473 0.751318 0.402833 -0.0148169 -0.0618095 0.997978 0.373574 -0.977902 0.209059 -0.00157078 -0.46136 -0.208539 -0.975948 -0.0635412 0.449719 
1532543522443 0.285552 0.703136 -0.651199 -0.586308 -0.951858 0.287119 -0.107373 -0.250162 0.111474 0.650509 0.751273 0.40282 -0.0155209 -0.0633039 0.997874 0.37379 -0.977283 0.211932 -0.0017559 -0.4613 -0.211371 -0.975232 -0.0651552 0.44994 
1532543522457 0.285919 0.702973 -0.651214 -0.586485 -0.951737 0.287443 -0.107576 -0.250146 0.111564 0.650542 0.751231 0.402808 -0.0162291 -0.0647962 0.997767 0.374006 -0.976655 0.214805 -0.001936 -0.46124 -0.214199 -0.974505 -0.0667696 0.45016 
1532543522470 0.286285 0.70281 -0.651229 -0.586662 -0.951617 0.287767 -0.107779 -0.250129 0.111654 0.650576 0.751189 0.402797 -0.0169415 -0.0662862 0.997657 0.374221 -0.976019 0.217675 -0.00211129 -0.46118 -0.217025 -0.973768 -0.0683844 0.450381 
1532543522476 0.286653 0.702646 -0.651244 -0.586839 -0.951495 0.288092 -0.107981 -0.250112 0.111745 0.650609 0.751146 0.402785 -0.0176583 -0.0677736 0.997544 0.374437 -0.975374 0.220544 -0.00228202 -0.461119 -0.219848 -0.973019 -0.069999 0.450601 
1532543522483 0.287019 0.702482 -0.651259 -0.587015 -0.951374 0.288415 -0.108184 -0.250096 0.111836 0.650642 0.751104 0.402774 -0.0183795 -0.0692587 0.997429 0.374653 -0.974721 0.223412 -0.00244794 -0.461059 -0.222668 -0.97226 -0.0716141 0.450822 
1532543522490 0.287386 0.702318 -0.651274 -0.587192 -0.951253 0.28874 -0.108387 -0.250079 0.111927 0.650675 0.751062 0.402763 -0.0191047 -0.0707422 0.997312 0.374869 -0.974059 0.226277 -0.00260882 -0.460999 -0.225484 -0.971491 -0.0732301 0.451043 
1532543522496 0.287753 0.702154 -0.651289 -0.587369 -0.951131 0.289063 -0.10859 -0.250062 0.112017 0.650709 0.75102 0.402751 -0.0198344 -0.0722228 0.997191 0.375085 -0.973389 0.229141 -0.00276517 -0.460939 -0.228298 -0.97071 -0.0748458 0.451263 
1532543522503 0.288119 0.70199 -0.651305 -0.587546 -0.95101 0.289387 -0.108793 -0.250045 0.112108 0.650742 0.750977 0.40274 -0.0205684 -0.0737005 0.997068 0.3753 -0.972711 0.232004 -0.00291686 -0.460878 -0.231108 -0.969919 -0.0764612 0.451483 
1532543522510 0.288485 0.701826 -0.65132 -0.587713 -0.950888 0.289711 -0.108995 -0.250028 0.112199 0.650775 0.750935 0.40273 -0.0213034 -0.0751713 0.996943 0.375512 -0.972024 0.234861 -0.00306197 -0.460817 -0.233913 -0.969118 -0.0780716 0.451685 
1532543524035 0.290669 0.701451 -0.650752 -0.588732 -0.950458 0.289992 -0.111953 -0.249788 0.110184 0.651054 0.750991 0.402522 -0.0178829 -0.0737004 0.99712 0.375854 -0.978769 0.204951 -0.00240517 -0.460928 -0.204184 -0.975993 -0.0758008 0.451362 
1532543524305 0.291334 0.701146 -0.650783 -0.589018 -0.950241 0.290548 -0.112358 -0.249781 0.110304 0.651134 0.750904 0.40248 -0.019054 -0.074727 0.997022 0.37624 -0.978181 0.207731 -0.00312439 -0.460787 -0.206879 -0.975327 -0.0770547 0.451545 
