1535385828624 0.211084 0.919494 -0.331623 -0.505854 -0.94574 0.277857 0.168437 -0.171007 0.24702 0.278075 0.928254 0.473699 0.0461797 0.0393936 0.998156 0.390708 -0.993513 -0.102135 0.0499958 -0.471226 0.103917 -0.99399 0.0344215 0.416801 
1535385828644 0.214511 0.920283 -0.327206 -0.518283 -0.94515 0.280069 0.168083 -0.178073 0.246324 0.273203 0.929884 0.463707 0.0581153 0.0254945 0.997984 0.390466 -0.995158 -0.0778999 0.0599408 -0.472279 0.079271 -0.996635 0.0208439 0.418933 
1535385829463 0.217934 0.921043 -0.322778 -0.530715 -0.944553 0.282281 0.167741 -0.185143 0.245611 0.268324 0.931492 0.453713 0.0696961 0.0113049 0.997504 0.390225 -0.996083 -0.053759 0.0702061 -0.473332 0.0544185 -0.99849 0.00751378 0.421065 
1535385830356 0.221351 0.921772 -0.31834 -0.543147 -0.943948 0.284493 0.16741 -0.192213 0.24488 0.26344 0.933077 0.44372 0.0809105 -0.00316255 0.996716 0.389983 -0.996288 -0.0297353 0.0807814 -0.474385 0.0293822 -0.999553 -0.00555672 0.423197 
1535385831207 0.224763 0.922471 -0.313894 -0.55558 -0.943335 0.286704 0.167091 -0.199283 0.244131 0.258552 0.93464 0.433726 0.0917485 -0.0178945 0.995621 0.389741 -0.995773 -0.0058509 0.0916574 -0.475438 0.00418511 -0.999823 -0.0183557 0.425329 
1535385832096 0.22817 0.923139 -0.309439 -0.568013 -0.942716 0.288914 0.166782 -0.206353 0.243364 0.253658 0.936179 0.423732 0.1022 -0.0328777 0.99422 0.3895 -0.994539 0.0178726 0.102824 -0.476491 -0.0211499 -0.9993 -0.0308715 0.427461 
1535385833028 0.231571 0.923777 -0.304976 -0.580445 -0.942088 0.291124 0.166483 -0.213423 0.242579 0.248761 0.937696 0.413738 0.112255 -0.0480982 0.992515 0.389258 -0.992586 0.0414135 0.11427 -0.477544 -0.0465997 -0.997984 -0.0430927 0.429594 
1535385833935 0.234967 0.924385 -0.300504 -0.592878 -0.941453 0.293333 0.166196 -0.220493 0.241776 0.24386 0.939189 0.403745 0.121906 -0.0635424 0.990506 0.389017 -0.989916 0.0647503 0.125987 -0.478598 -0.0721411 -0.995876 -0.0550082 0.431726 
1535385834820 0.238357 0.924963 -0.296023 -0.605311 -0.940811 0.295541 0.165919 -0.227563 0.240956 0.238954 0.94066 0.393751 0.131142 -0.079196 0.988195 0.388775 -0.986533 0.0878618 0.137963 -0.479651 -0.0977507 -0.99298 -0.0666071 0.433858 
1535385835790 0.241741 0.92551 -0.291535 -0.617743 -0.940162 0.297749 0.165653 -0.234633 0.240118 0.234045 0.942107 0.383758 0.139957 -0.0950451 0.985585 0.388534 -0.982437 0.110727 0.150188 -0.480704 -0.123405 -0.989296 -0.0778788 0.43599 
1535385836826 0.242497 0.925146 -0.292062 -0.617552 -0.940008 0.298524 0.165131 -0.234865 0.239958 0.234497 0.942036 0.384068 0.13992 -0.0944783 0.985645 0.38856 -0.982482 0.110499 0.150063 -0.480533 -0.123091 -0.989375 -0.0773622 0.435722 
1535385836935 0.24276 0.925235 -0.291562 -0.61881 -0.939958 0.298668 0.165158 -0.235547 0.23989 0.233962 0.942186 0.383038 0.143088 -0.0949677 0.985143 0.388544 -0.982742 0.104272 0.152791 -0.480979 -0.117233 -0.990004 -0.0784087 0.436038 
1535385837296 0.243023 0.925324 -0.291059 -0.620073 -0.939907 0.298811 0.165184 -0.23623 0.239821 0.233425 0.942337 0.382008 0.146257 -0.0954374 0.984632 0.388529 -0.982957 0.0980402 0.155511 -0.481426 -0.111375 -0.990596 -0.0794717 0.436354 
1535385837639 0.243285 0.925413 -0.290557 -0.621337 -0.939857 0.298954 0.165211 -0.236915 0.239751 0.232889 0.942487 0.380977 0.149429 -0.0958869 0.984112 0.388513 -0.983126 0.0918033 0.158224 -0.481874 -0.105516 -0.99115 -0.0805509 0.43667 
1535385837999 0.243547 0.925502 -0.290054 -0.622599 -0.939807 0.299097 0.165237 -0.237599 0.239682 0.232352 0.942637 0.379947 0.152601 -0.0963163 0.983583 0.388498 -0.98325 0.0855618 0.160928 -0.482321 -0.0996571 -0.991666 -0.0816462 0.436986 
1535385838339 0.243809 0.92559 -0.289552 -0.623861 -0.939757 0.29924 0.165264 -0.238282 0.239612 0.231816 0.942787 0.378917 0.155775 -0.0967256 0.983045 0.388482 -0.983329 0.0793159 0.163624 -0.482768 -0.0937977 -0.992146 -0.0827576 0.437301 
1535385838703 0.244071 0.925678 -0.28905 -0.625125 -0.939707 0.299383 0.165291 -0.238967 0.239542 0.231279 0.942937 0.377886 0.15895 -0.0971146 0.982499 0.388467 -0.983363 0.073066 0.166312 -0.483215 -0.0879385 -0.992588 -0.083885 0.437617 
1535385839036 0.244333 0.925766 -0.288547 -0.626388 -0.939656 0.299526 0.165317 -0.239651 0.239472 0.230742 0.943086 0.376855 0.162125 -0.0974834 0.981943 0.388451 -0.983351 0.0668124 0.16899 -0.483662 -0.0820797 -0.992992 -0.0850284 0.437933 
1535385839400 0.244595 0.925853 -0.288044 -0.62765 -0.939606 0.299669 0.165344 -0.240335 0.239402 0.230206 0.943235 0.375825 0.165302 -0.097832 0.981379 0.388436 -0.983293 0.0605552 0.171661 -0.484109 -0.0762215 -0.993359 -0.0861877 0.438249 
1535385839756 0.244857 0.92594 -0.287541 -0.628914 -0.939556 0.299812 0.165371 -0.241019 0.239332 0.229669 0.943383 0.374794 0.168478 -0.0981604 0.980806 0.38842 -0.983191 0.0542949 0.174322 -0.484557 -0.0703642 -0.993688 -0.0873629 0.438565 
1535385840117 0.245353 0.925702 -0.287885 -0.628713 -0.939412 0.30036 0.165194 -0.241078 0.23939 0.229912 0.94331 0.375019 0.167937 -0.0981667 0.980898 0.388421 -0.983212 0.0553444 0.173872 -0.484449 -0.0713556 -0.99363 -0.0872244 0.438529 
1535385840147 0.244867 0.925605 -0.288608 -0.628876 -0.939408 0.300152 0.165594 -0.241267 0.239901 0.230572 0.943018 0.37496 0.16637 -0.0993073 0.98105 0.388428 -0.983075 0.0606925 0.172857 -0.484255 -0.0767084 -0.993204 -0.0875291 0.438484 
1535385840154 0.244381 0.925508 -0.28933 -0.629042 -0.939404 0.299944 0.165996 -0.241458 0.240414 0.231232 0.942727 0.374901 0.164794 -0.100439 0.981201 0.388434 -0.982909 0.0660407 0.171841 -0.484056 -0.0820588 -0.992749 -0.0878396 0.438439 
1535385840533 0.243895 0.925411 -0.290052 -0.629208 -0.939399 0.299735 0.166398 -0.241648 0.240925 0.231891 0.942434 0.374842 0.163213 -0.101563 0.981349 0.38844 -0.982711 0.071388 0.170828 -0.483857 -0.0874063 -0.992264 -0.0881556 0.438393 
1535385840816 0.243408 0.925313 -0.290774 -0.629373 -0.939394 0.299528 0.1668 -0.241838 0.241437 0.232551 0.94214 0.374783 0.161625 -0.102678 0.981496 0.388446 -0.982484 0.0767343 0.169815 -0.48366 -0.0927507 -0.991751 -0.088477 0.438348 
1535385841109 0.24292 0.925214 -0.291495 -0.629539 -0.939389 0.29932 0.167202 -0.242029 0.241947 0.23321 0.941846 0.374724 0.160031 -0.103784 0.981641 0.388452 -0.982226 0.0820796 0.168804 -0.483461 -0.0980919 -0.991207 -0.0888039 0.438303 
1535385841402 0.242432 0.925114 -0.292215 -0.629705 -0.939383 0.299112 0.167604 -0.242219 0.242458 0.23387 0.941551 0.374665 0.158431 -0.104881 0.981784 0.388458 -0.981938 0.0874236 0.167795 -0.483263 -0.10343 -0.990635 -0.0891363 0.438258 
1535385841675 0.241944 0.925015 -0.292936 -0.629872 -0.939377 0.298905 0.168006 -0.24241 0.242968 0.234529 0.941256 0.374606 0.156824 -0.10597 0.981925 0.388464 -0.981619 0.0927663 0.166787 -0.483064 -0.108764 -0.990033 -0.0894742 0.438212 
1535385841959 0.241455 0.924914 -0.293656 -0.630037 -0.939371 0.298698 0.168408 -0.2426 0.243478 0.235188 0.94096 0.374547 0.155212 -0.10705 0.982064 0.38847 -0.981271 0.0981073 0.16578 -0.482866 -0.114094 -0.989401 -0.0898175 0.438167 
1535385842233 0.240966 0.924813 -0.294375 -0.630204 -0.939365 0.298491 0.168811 -0.242791 0.243987 0.235848 0.940663 0.374487 0.153593 -0.108121 0.982201 0.388475 -0.980891 0.103447 0.164775 -0.482666 -0.119421 -0.988741 -0.0901662 0.438122 
1535385842578 0.241545 0.924845 -0.2938 -0.63004 -0.939371 0.298788 0.168249 -0.242681 0.243388 0.235347 0.940943 0.374486 0.153777 -0.107917 0.982195 0.388476 -0.981004 0.102285 0.164829 -0.482772 -0.118252 -0.988884 -0.0901383 0.438138 
1535385842711 0.240935 0.925019 -0.293752 -0.630055 -0.939533 0.298193 0.168399 -0.242778 0.243367 0.235417 0.940931 0.37455 0.156731 -0.108763 0.981634 0.388478 -0.98118 0.0963602 0.167335 -0.483174 -0.11279 -0.989386 -0.0916132 0.438428 
1535385843006 0.240324 0.925193 -0.293705 -0.630071 -0.939695 0.297598 0.16855 -0.242877 0.243347 0.235486 0.940919 0.374613 0.159684 -0.109597 0.981066 0.388483 -0.981314 0.0904474 0.169828 -0.483582 -0.107347 -0.989852 -0.093106 0.438719 
1535385843304 0.239714 0.925366 -0.293657 -0.630087 -0.939856 0.297003 0.1687 -0.242975 0.243326 0.235556 0.940907 0.374677 0.16264 -0.110413 0.980488 0.388487 -0.981409 0.0845295 0.172311 -0.483988 -0.101906 -0.990285 -0.0946124 0.43901 
1535385843568 0.239103 0.925539 -0.29361 -0.630103 -0.940017 0.296408 0.16885 -0.243073 0.243306 0.235626 0.940895 0.37474 0.165599 -0.111211 0.979903 0.388492 -0.981464 0.0786067 0.174784 -0.484395 -0.0964649 -0.990683 -0.0961325 0.439301 
1535385843834 0.238493 0.925712 -0.293563 -0.630119 -0.940177 0.295813 0.169 -0.243171 0.243285 0.235696 0.940882 0.374804 0.168561 -0.111991 0.979308 0.388496 -0.981479 0.0726794 0.177246 -0.484801 -0.0910256 -0.991048 -0.0976662 0.439593 
1535385844125 0.237882 0.925884 -0.293515 -0.630135 -0.940338 0.295218 0.169151 -0.243269 0.243264 0.235765 0.940871 0.374867 0.171527 -0.112754 0.978706 0.3885 -0.981455 0.0667478 0.179698 -0.485208 -0.0855881 -0.991379 -0.0992134 0.439884 
1535385844404 0.237271 0.926056 -0.293467 -0.630151 -0.940497 0.294623 0.1693 -0.243367 0.243244 0.235835 0.940858 0.374931 0.174495 -0.113498 0.978095 0.388504 -0.98139 0.0608121 0.182139 -0.485614 -0.0801524 -0.991675 -0.100774 0.440175 
1535385844694 0.23666 0.926228 -0.293419 -0.630168 -0.940657 0.294027 0.169451 -0.243466 0.243223 0.235904 0.940846 0.374994 0.177466 -0.114224 0.977476 0.388509 -0.981286 0.0548725 0.18457 -0.486022 -0.0747188 -0.991938 -0.102348 0.440466 
1535385844982 0.236049 0.926399 -0.293371 -0.630184 -0.940815 0.293431 0.169601 -0.243564 0.243202 0.235974 0.940834 0.375058 0.180439 -0.114932 0.976848 0.388513 -0.981143 0.0489294 0.186989 -0.486428 -0.0692876 -0.992168 -0.103936 0.440757 
1535385845322 0.236628 0.926241 -0.293401 -0.630166 -0.940665 0.293992 0.169462 -0.243431 0.24322 0.235893 0.94085 0.37496 0.179925 -0.114902 0.976947 0.38849 -0.981141 0.0503468 0.186619 -0.486303 -0.070629 -0.9921 -0.103676 0.440709 
1535385845436 0.236315 0.926396 -0.293166 -0.630154 -0.94079 0.293607 0.16944 -0.243501 0.243044 0.235767 0.940927 0.374984 0.181199 -0.114753 0.976729 0.38848 -0.98126 0.0450957 0.187338 -0.486484 -0.0655438 -0.99237 -0.104431 0.440834 
1535385845665 0.236003 0.926549 -0.292933 -0.630143 -0.940913 0.293224 0.169417 -0.243572 0.242868 0.235642 0.941004 0.375008 0.182473 -0.114596 0.97651 0.38847 -0.98135 0.0398435 0.188053 -0.486668 -0.0604577 -0.992613 -0.105189 0.440958 
1535385845915 0.235691 0.926702 -0.292699 -0.630132 -0.941037 0.29284 0.169394 -0.243644 0.242692 0.235516 0.941081 0.375032 0.183746 -0.114434 0.97629 0.388462 -0.981413 0.0345902 0.188764 -0.486853 -0.055371 -0.992829 -0.105951 0.441083 
1535385846175 0.235378 0.926856 -0.292464 -0.630122 -0.94116 0.292456 0.169372 -0.243715 0.242516 0.235389 0.941158 0.375055 0.185018 -0.114264 0.97607 0.388453 -0.981448 0.0293361 0.189471 -0.487039 -0.0502838 -0.993017 -0.106716 0.441209 
1535385846429 0.235066 0.927009 -0.29223 -0.630112 -0.941284 0.292071 0.169349 -0.243786 0.24234 0.235263 0.941235 0.375079 0.186289 -0.114088 0.975849 0.388445 -0.981455 0.0240813 0.190174 -0.487224 -0.0451962 -0.993179 -0.107486 0.441334 
1535385846668 0.234754 0.927162 -0.291996 -0.630101 -0.941407 0.291687 0.169326 -0.243857 0.242164 0.235137 0.941311 0.375103 0.187558 -0.113904 0.975627 0.388435 -0.981434 0.018826 0.190873 -0.487408 -0.0401084 -0.993313 -0.108259 0.441459 
1535385846924 0.234441 0.927315 -0.291761 -0.630091 -0.94153 0.291303 0.169303 -0.243929 0.241988 0.23501 0.941388 0.375126 0.188827 -0.113714 0.975404 0.388427 -0.981386 0.0135703 0.191567 -0.487594 -0.0350205 -0.993421 -0.109035 0.441584 
1535385847191 0.234129 0.927467 -0.291527 -0.63008 -0.941653 0.290919 0.16928 -0.244 0.241812 0.234884 0.941465 0.37515 0.190095 -0.113518 0.975181 0.388418 -0.981309 0.0083144 0.192257 -0.487779 -0.0299326 -0.993501 -0.109815 0.441709 
1535385847428 0.233816 0.92762 -0.291292 -0.630069 -0.941776 0.290534 0.169257 -0.244071 0.241637 0.234757 0.941542 0.375174 0.191361 -0.113314 0.974957 0.388409 -0.981205 0.00305841 0.192943 -0.487963 -0.024845 -0.993555 -0.110599 0.441834 
1535385847675 0.234117 0.927447 -0.291602 -0.630054 -0.941654 0.290924 0.169267 -0.244017 0.24182 0.23496 0.941444 0.375097 0.191019 -0.11327 0.975029 0.388417 -0.981236 0.00452029 0.19276 -0.487852 -0.0262414 -0.993554 -0.110282 0.441822 
1535385847703 0.234505 0.927408 -0.291412 -0.63002 -0.941596 0.291221 0.169078 -0.243997 0.241669 0.234743 0.941537 0.375086 0.191168 -0.113705 0.974949 0.388424 -0.981221 0.00385545 0.192848 -0.48793 -0.0256866 -0.993507 -0.110833 0.441899 
1535385847814 0.234894 0.927369 -0.291223 -0.629982 -0.941538 0.291519 0.168889 -0.243976 0.241519 0.234526 0.941629 0.375075 0.19132 -0.114139 0.974869 0.388432 -0.981206 0.00319061 0.192937 -0.488013 -0.0251321 -0.99346 -0.111384 0.441977 
1535385847849 0.235283 0.92733 -0.291033 -0.629945 -0.941479 0.291818 0.1687 -0.243954 0.241369 0.234309 0.941722 0.375064 0.191471 -0.114573 0.974788 0.388441 -0.981191 0.00252574 0.193025 -0.488096 -0.0245776 -0.993412 -0.111935 0.442054 
1535385847936 0.235672 0.927291 -0.290843 -0.629907 -0.94142 0.292116 0.168511 -0.243933 0.241219 0.234092 0.941814 0.375054 0.191623 -0.115007 0.974707 0.388449 -0.981175 0.00186081 0.193114 -0.488179 -0.0240232 -0.993363 -0.112486 0.442132 
1535385848027 0.236061 0.927252 -0.290653 -0.62987 -0.941362 0.292414 0.168322 -0.243911 0.241068 0.233875 0.941907 0.375043 0.191775 -0.115441 0.974626 0.388457 -0.981158 0.0011959 0.193202 -0.48826 -0.0234689 -0.993314 -0.113037 0.442209 
1535385848102 0.23645 0.927212 -0.290463 -0.629832 -0.941302 0.292713 0.168133 -0.24389 0.240918 0.233658 0.941999 0.375033 0.191927 -0.115875 0.974545 0.388466 -0.981142 0.000530875 0.193289 -0.488344 -0.0229147 -0.993264 -0.113588 0.442287 
1535385848161 0.236838 0.927173 -0.290273 -0.629795 -0.941243 0.293011 0.167945 -0.243868 0.240767 0.233442 0.942091 0.375022 0.192079 -0.116308 0.974463 0.388474 -0.981125 -0.000134126 0.193376 -0.488426 -0.0223606 -0.993213 -0.114139 0.442365 
1535385848221 0.237227 0.927133 -0.290083 -0.629757 -0.941184 0.29331 0.167756 -0.243846 0.240616 0.233225 0.942184 0.375011 0.192232 -0.116742 0.974381 0.388483 -0.981107 -0.000799237 0.193463 -0.488509 -0.0218065 -0.993162 -0.11469 0.442442 
1535385848300 0.237615 0.927093 -0.289892 -0.629719 -0.941125 0.293608 0.167567 -0.243825 0.240465 0.233008 0.942276 0.375001 0.192385 -0.117175 0.974299 0.388491 -0.981089 -0.00146432 0.19355 -0.488592 -0.0212525 -0.99311 -0.115241 0.44252 
1535385848375 0.236865 0.927159 -0.290294 -0.629799 -0.941178 0.293098 0.16816 -0.243894 0.240995 0.233387 0.942047 0.375112 0.191974 -0.116403 0.974472 0.388431 -0.981144 -7.33726e-05 0.19328 -0.488507 -0.0224269 -0.993202 -0.114222 0.442337 
1535385848393 0.237597 0.927054 -0.290032 -0.629599 -0.9411 0.293644 0.167643 -0.243784 0.24058 0.233117 0.942219 0.375171 0.192213 -0.117052 0.974348 0.388482 -0.981076 0.000681507 0.193622 -0.488662 -0.0233279 -0.993126 -0.114706 0.442377 
1535385848407 0.23833 0.926948 -0.289771 -0.629392 -0.941021 0.294192 0.167125 -0.243671 0.240164 0.232849 0.942392 0.375232 0.19245 -0.117701 0.974222 0.388535 -0.981008 0.00143514 0.193964 -0.488819 -0.0242279 -0.993048 -0.115189 0.442417 
1535385848581 0.239062 0.926841 -0.289509 -0.629186 -0.940941 0.294741 0.166607 -0.243558 0.239748 0.232581 0.942564 0.375292 0.192687 -0.11835 0.974097 0.388587 -0.980938 0.00218851 0.194307 -0.488975 -0.025128 -0.99297 -0.115672 0.442458 
1535385848745 0.239795 0.926734 -0.289246 -0.62898 -0.940861 0.295289 0.166089 -0.243445 0.239332 0.232313 0.942736 0.375352 0.192924 -0.118999 0.973971 0.388639 -0.980868 0.00294165 0.19465 -0.489131 -0.0260282 -0.99289 -0.116155 0.442498 
1535385848918 0.240527 0.926626 -0.288984 -0.628775 -0.94078 0.295837 0.165572 -0.243333 0.238915 0.232045 0.942907 0.375412 0.19316 -0.119648 0.973845 0.388691 -0.980798 0.00369452 0.194993 -0.489287 -0.0269285 -0.992809 -0.116637 0.442538 
1535385849068 0.241259 0.926518 -0.288721 -0.628569 -0.940698 0.296385 0.165054 -0.24322 0.238498 0.231778 0.943079 0.375472 0.193395 -0.120298 0.973718 0.388743 -0.980726 0.00444725 0.195337 -0.489443 -0.0278289 -0.992728 -0.117119 0.442579 
1535385849238 0.24199 0.926409 -0.288457 -0.628362 -0.940616 0.296933 0.164537 -0.243106 0.238081 0.231511 0.94325 0.375533 0.19363 -0.120947 0.973591 0.388795 -0.980654 0.00519973 0.195681 -0.4896 -0.0287294 -0.992645 -0.1176 0.442619 
1535385849391 0.242722 0.9263 -0.288193 -0.628157 -0.940533 0.297482 0.16402 -0.242994 0.237663 0.231244 0.943421 0.375593 0.193864 -0.121597 0.973463 0.388847 -0.980581 0.0059519 0.196025 -0.489756 -0.02963 -0.992562 -0.118082 0.442659 
1535385849399 0.243453 0.92619 -0.287929 -0.627951 -0.940449 0.29803 0.163503 -0.242881 0.237246 0.230977 0.943591 0.375653 0.194098 -0.122246 0.973335 0.388899 -0.980507 0.0067039 0.19637 -0.489912 -0.0305307 -0.992477 -0.118562 0.4427 
1535385849626 0.242897 0.92625 -0.288204 -0.628182 -0.940472 0.297666 0.164034 -0.242943 0.237725 0.231204 0.943415 0.375593 0.193745 -0.121602 0.973486 0.388808 -0.980607 0.005861 0.195895 -0.489776 -0.0295268 -0.992562 -0.118109 0.442721 
1535385849643 0.242991 0.926226 -0.288203 -0.627858 -0.940433 0.29777 0.164069 -0.242849 0.237784 0.231168 0.943409 0.375697 0.193966 -0.121346 0.973474 0.388845 -0.980537 0.00676365 0.196217 -0.489908 -0.0303944 -0.992587 -0.117672 0.4426 
1535385849658 0.243085 0.926201 -0.288203 -0.627529 -0.940394 0.297874 0.164104 -0.242753 0.237841 0.231134 0.943403 0.375801 0.194189 -0.12109 0.973462 0.388883 -0.980466 0.00766633 0.19654 -0.490042 -0.0312619 -0.992612 -0.117236 0.442479 
1535385849849 0.24318 0.926176 -0.288204 -0.627201 -0.940355 0.297978 0.164138 -0.242657 0.237899 0.231099 0.943397 0.375906 0.194412 -0.120834 0.973449 0.38892 -0.980394 0.0085691 0.196863 -0.490175 -0.0321293 -0.992636 -0.116799 0.442359 
1535385850016 0.243274 0.926151 -0.288204 -0.626872 -0.940316 0.298082 0.164172 -0.242561 0.237956 0.231064 0.943391 0.37601 0.194635 -0.120578 0.973436 0.388957 -0.980321 0.009472 0.197185 -0.490308 -0.0329965 -0.992659 -0.116362 0.442238 
1535385850182 0.243368 0.926126 -0.288204 -0.626542 -0.940277 0.298187 0.164206 -0.242464 0.238014 0.23103 0.943385 0.376115 0.194859 -0.120322 0.973423 0.388995 -0.980247 0.0103749 0.197507 -0.490442 -0.0338637 -0.992681 -0.115924 0.442117 
1535385850355 0.243463 0.926101 -0.288205 -0.626213 -0.940238 0.298291 0.164239 -0.242368 0.238071 0.230995 0.943379 0.37622 0.195082 -0.120067 0.97341 0.389032 -0.980172 0.0112779 0.197828 -0.490575 -0.0347307 -0.992702 -0.115486 0.441996 
1535385850525 0.243557 0.926077 -0.288205 -0.625885 -0.940199 0.298395 0.164274 -0.242272 0.238129 0.23096 0.943373 0.376324 0.195306 -0.119812 0.973396 0.38907 -0.980096 0.012181 0.19815 -0.490708 -0.0355976 -0.992722 -0.115048 0.441875 
1535385850694 0.243651 0.926052 -0.288205 -0.625556 -0.94016 0.298499 0.164308 -0.242176 0.238186 0.230926 0.943367 0.376429 0.19553 -0.119557 0.973383 0.389107 -0.98002 0.0130841 0.198471 -0.490841 -0.0364643 -0.992741 -0.114609 0.441755 
1535385850871 0.243746 0.926027 -0.288206 -0.625226 -0.940121 0.298603 0.164342 -0.242079 0.238244 0.230891 0.943361 0.376533 0.195754 -0.119302 0.973369 0.389144 -0.979942 0.0139874 0.198791 -0.490974 -0.037331 -0.99276 -0.114171 0.441634 
1535385851084 0.243685 0.926013 -0.2883 -0.62545 -0.940124 0.298575 0.164378 -0.242172 0.238295 0.230981 0.943326 0.376461 0.195401 -0.119666 0.973395 0.389079 -0.980063 0.0125944 0.198288 -0.490819 -0.0359876 -0.992734 -0.11482 0.441797 
1535385851097 0.243742 0.92591 -0.288584 -0.624953 -0.94 0.298785 0.164703 -0.24199 0.238725 0.231124 0.943182 0.376634 0.195699 -0.11995 0.973301 0.389145 -0.980032 0.0117196 0.198496 -0.490914 -0.0352164 -0.992711 -0.115262 0.441792 
1535385851302 0.243799 0.925806 -0.28887 -0.624449 -0.939876 0.298996 0.165028 -0.241805 0.239155 0.231268 0.943038 0.376808 0.195997 -0.120234 0.973206 0.389211 -0.979999 0.0108448 0.198705 -0.49101 -0.0344452 -0.992686 -0.115703 0.441788 
1535385851532 0.243856 0.925702 -0.289155 -0.623947 -0.939752 0.299207 0.165353 -0.24162 0.239585 0.231412 0.942893 0.376982 0.196296 -0.120517 0.97311 0.389278 -0.979966 0.00996984 0.198913 -0.491106 -0.0336741 -0.992661 -0.116145 0.441783 
1535385851729 0.243913 0.925597 -0.289441 -0.623445 -0.939627 0.299419 0.165678 -0.241435 0.240015 0.231556 0.942749 0.377156 0.196595 -0.120799 0.973015 0.389344 -0.979933 0.00909484 0.199121 -0.491202 -0.0329032 -0.992635 -0.116587 0.441779 
1535385851933 0.243969 0.925493 -0.289726 -0.622943 -0.939503 0.29963 0.166003 -0.241251 0.240445 0.231699 0.942604 0.37733 0.196894 -0.121082 0.972919 0.38941 -0.979898 0.00821982 0.199329 -0.491297 -0.0321323 -0.992608 -0.11703 0.441774 
1535385852138 0.244026 0.925389 -0.290012 -0.62244 -0.939378 0.299841 0.166327 -0.241066 0.240875 0.231842 0.942459 0.377504 0.197193 -0.121364 0.972824 0.389477 -0.979863 0.00734468 0.199536 -0.491393 -0.0313616 -0.992581 -0.117472 0.44177 
1535385852373 0.244082 0.925285 -0.290297 -0.621938 -0.939253 0.300052 0.166652 -0.240882 0.241305 0.231986 0.942314 0.377678 0.197492 -0.121646 0.972728 0.389543 -0.979827 0.00646951 0.199743 -0.491489 -0.030591 -0.992552 -0.117914 0.441765 
1535385852581 0.244139 0.92518 -0.290583 -0.621435 -0.939128 0.300263 0.166976 -0.240697 0.241734 0.232129 0.942168 0.377852 0.197793 -0.121928 0.972631 0.389609 -0.97979 0.00559416 0.19995 -0.491584 -0.0298205 -0.992523 -0.118357 0.441761 
1535385852799 0.244195 0.925076 -0.290868 -0.620933 -0.939002 0.300475 0.167301 -0.240512 0.242164 0.232272 0.942022 0.378026 0.198092 -0.122209 0.972535 0.389676 -0.979753 0.00471894 0.200155 -0.49168 -0.0290501 -0.992493 -0.1188 0.441756 
1535385853043 0.244264 0.925138 -0.290612 -0.621111 -0.939054 0.300427 0.167093 -0.240647 0.241892 0.232085 0.942138 0.37799 0.197883 -0.121773 0.972632 0.389636 -0.97977 0.00566733 0.200045 -0.491523 -0.0298723 -0.992542 -0.118188 0.44177 
1535385853060 0.2443 0.925107 -0.290679 -0.620745 -0.938987 0.300529 0.167289 -0.240486 0.242118 0.232075 0.942083 0.378088 0.197924 -0.121634 0.972641 0.389691 -0.979825 0.00351956 0.199826 -0.491565 -0.027729 -0.992569 -0.118484 0.441755 
1535385853074 0.244332 0.925077 -0.290747 -0.62037 -0.938919 0.300629 0.167489 -0.24032 0.242347 0.232065 0.942026 0.37819 0.197966 -0.121496 0.97265 0.389747 -0.979875 0.0013709 0.199608 -0.491607 -0.025585 -0.992591 -0.11878 0.44174 
1535385853292 0.244365 0.925047 -0.290815 -0.619993 -0.938852 0.300729 0.167687 -0.240153 0.242575 0.232056 0.94197 0.378291 0.198007 -0.121358 0.972659 0.389802 -0.97992 -0.000777776 0.199388 -0.491649 -0.0234409 -0.992608 -0.119075 0.441724 
1535385853477 0.244398 0.925017 -0.290883 -0.619619 -0.938784 0.300829 0.167887 -0.239987 0.242804 0.232045 0.941914 0.378392 0.198048 -0.12122 0.972668 0.389857 -0.979961 -0.0029265 0.199168 -0.491692 -0.0212966 -0.992621 -0.11937 0.441709 
1535385853651 0.24443 0.924987 -0.290951 -0.619243 -0.938717 0.300929 0.168086 -0.239821 0.243033 0.232035 0.941857 0.378494 0.198088 -0.121082 0.972677 0.389913 -0.979997 -0.00507519 0.198947 -0.491734 -0.0191523 -0.99263 -0.119665 0.441694 
1535385853831 0.244463 0.924957 -0.291019 -0.618867 -0.938649 0.301029 0.168284 -0.239654 0.243261 0.232025 0.941801 0.378595 0.198129 -0.120943 0.972686 0.389968 -0.980028 -0.00722395 0.198726 -0.491776 -0.0170079 -0.992633 -0.119959 0.441679 
1535385854014 0.244496 0.924927 -0.291087 -0.618493 -0.938581 0.301129 0.168484 -0.239488 0.24349 0.232015 0.941744 0.378696 0.198168 -0.120805 0.972695 0.390024 -0.980055 -0.00937265 0.198504 -0.491818 -0.0148635 -0.992632 -0.120253 0.441664 
1535385854201 0.244528 0.924897 -0.291155 -0.618118 -0.938513 0.301229 0.168683 -0.239322 0.243718 0.232005 0.941687 0.378797 0.198208 -0.120666 0.972704 0.390079 -0.980077 -0.0115214 0.198281 -0.49186 -0.012719 -0.992626 -0.120546 0.441648 
1535385854394 0.244561 0.924867 -0.291223 -0.617742 -0.938445 0.301329 0.168881 -0.239155 0.243947 0.231995 0.941631 0.378899 0.198247 -0.120528 0.972713 0.390135 -0.980095 -0.0136701 0.198058 -0.491903 -0.0105744 -0.992616 -0.120839 0.441633 
1535385854657 0.244411 0.924931 -0.291147 -0.617963 -0.938519 0.301139 0.168811 -0.239166 0.243814 0.231988 0.941667 0.378835 0.19817 -0.120718 0.972705 0.390109 -0.980094 -0.0122639 0.198154 -0.491885 -0.0119915 -0.992611 -0.120745 0.441645 
1535385854672 0.244439 0.924843 -0.291401 -0.617625 -0.938494 0.301229 0.16879 -0.239012 0.243882 0.232219 0.941592 0.378954 0.198107 -0.120393 0.972758 0.390141 -0.980112 -0.0126369 0.198041 -0.491949 -0.0115502 -0.992646 -0.120502 0.441571 
1535385854689 0.244467 0.924756 -0.291655 -0.617281 -0.938469 0.30132 0.168768 -0.238855 0.243951 0.232451 0.941517 0.379074 0.198045 -0.120069 0.972811 0.390172 -0.98013 -0.0130092 0.197929 -0.492014 -0.0111096 -0.99268 -0.120259 0.441498 
1535385854917 0.244496 0.924668 -0.291909 -0.616938 -0.938444 0.30141 0.168747 -0.238698 0.244019 0.232682 0.941442 0.379194 0.197983 -0.119744 0.972864 0.390204 -0.980147 -0.0133816 0.197818 -0.492078 -0.0106691 -0.992715 -0.120016 0.441424 
1535385855116 0.244524 0.92458 -0.292163 -0.616595 -0.938419 0.3015 0.168725 -0.238541 0.244087 0.232914 0.941367 0.379314 0.19792 -0.11942 0.972917 0.390235 -0.980165 -0.0137539 0.197706 -0.492142 -0.0102286 -0.992749 -0.119773 0.441351 
1535385855332 0.244552 0.924492 -0.292417 -0.616251 -0.938393 0.301591 0.168704 -0.238384 0.244156 0.233145 0.941292 0.379434 0.197857 -0.119095 0.972969 0.390267 -0.980182 -0.0141263 0.197595 -0.492207 -0.00978811 -0.992782 -0.11953 0.441277 
1535385855536 0.244581 0.924405 -0.292671 -0.615908 -0.938368 0.301681 0.168683 -0.238227 0.244224 0.233377 0.941217 0.379554 0.197795 -0.118771 0.973021 0.390299 -0.980199 -0.0144989 0.197485 -0.492271 -0.00934762 -0.992816 -0.119287 0.441204 
1535385855738 0.244609 0.924317 -0.292925 -0.615564 -0.938343 0.301771 0.168661 -0.23807 0.244292 0.233608 0.941142 0.379674 0.197732 -0.118446 0.973074 0.39033 -0.980216 -0.0148713 0.197373 -0.492336 -0.00890718 -0.992849 -0.119043 0.44113 
1535385855940 0.244637 0.924229 -0.293179 -0.615221 -0.938318 0.301861 0.168639 -0.237913 0.244361 0.23384 0.941067 0.379794 0.197668 -0.118122 0.973126 0.390362 -0.980232 -0.0152438 0.197262 -0.4924 -0.00846674 -0.992882 -0.1188 0.441057 
1535385856133 0.244666 0.924141 -0.293433 -0.614877 -0.938293 0.301952 0.168618 -0.237756 0.244429 0.234071 0.940992 0.379914 0.197606 -0.117797 0.973178 0.390393 -0.980249 -0.0156164 0.197151 -0.492464 -0.0080263 -0.992915 -0.118556 0.440983 
1535385856364 0.24448 0.924222 -0.29333 -0.615123 -0.938341 0.301756 0.168698 -0.237754 0.244428 0.234001 0.941009 0.379845 0.197821 -0.118301 0.973073 0.390383 -0.980201 -0.0152666 0.197414 -0.492333 -0.00849874 -0.99286 -0.118979 0.441088 
1535385856380 0.244542 0.924138 -0.293546 -0.614886 -0.938271 0.301906 0.168821 -0.237677 0.244637 0.234142 0.94092 0.379925 0.197878 -0.118659 0.973018 0.390401 -0.980175 -0.0137829 0.197652 -0.492433 -0.0100423 -0.992839 -0.119034 0.441081 
1535385856537 0.244603 0.924053 -0.293762 -0.614645 -0.938201 0.302056 0.168942 -0.237598 0.244844 0.234284 0.940831 0.380005 0.197935 -0.119017 0.972963 0.390419 -0.980147 -0.0122992 0.197892 -0.492533 -0.0115859 -0.992816 -0.119089 0.441074 
1535385856692 0.244665 0.923968 -0.293978 -0.614404 -0.938131 0.302206 0.169063 -0.237519 0.245051 0.234426 0.940741 0.380086 0.197992 -0.119376 0.972907 0.390438 -0.980116 -0.0108157 0.198132 -0.492634 -0.0131294 -0.99279 -0.119143 0.441066 
1535385856812 0.244726 0.923882 -0.294194 -0.614162 -0.938061 0.302356 0.169185 -0.23744 0.245258 0.234568 0.940652 0.380166 0.198048 -0.119734 0.972852 0.390456 -0.980082 -0.00933221 0.198372 -0.492734 -0.014673 -0.992762 -0.119197 0.441059 
1535385856964 0.244788 0.923797 -0.294411 -0.61392 -0.93799 0.302506 0.169306 -0.237361 0.245465 0.23471 0.940563 0.380247 0.198104 -0.120092 0.972796 0.390474 -0.980047 -0.00784881 0.198612 -0.492835 -0.0162165 -0.992732 -0.119251 0.441052 
1535385857086 0.244849 0.923712 -0.294627 -0.613679 -0.93792 0.302655 0.169427 -0.237282 0.245672 0.234852 0.940473 0.380327 0.198159 -0.120451 0.972741 0.390493 -0.980009 -0.00636544 0.198852 -0.492935 -0.01776 -0.992699 -0.119304 0.441045 
1535385857218 0.24491 0.923627 -0.294843 -0.613437 -0.93785 0.302805 0.169548 -0.237203 0.245879 0.234994 0.940383 0.380408 0.198214 -0.12081 0.972685 0.390511 -0.979969 -0.0048822 0.199092 -0.493036 -0.0193034 -0.992664 -0.119357 0.441038 
1535385857357 0.244972 0.923542 -0.295059 -0.613196 -0.93778 0.302955 0.169669 -0.237124 0.246086 0.235136 0.940294 0.380488 0.198268 -0.121168 0.972629 0.390529 -0.979926 -0.00339899 0.199332 -0.493137 -0.0208468 -0.992626 -0.11941 0.44103 
1535385857498 0.245033 0.923456 -0.295275 -0.612956 -0.937709 0.303105 0.169791 -0.237046 0.246294 0.235278 0.940204 0.380568 0.198322 -0.121527 0.972574 0.390547 -0.979881 -0.00191586 0.199572 -0.493237 -0.0223901 -0.992586 -0.119462 0.441023 
1535385857636 0.244805 0.923625 -0.294937 -0.613199 -0.937842 0.302757 0.16968 -0.237034 0.246015 0.235066 0.94033 0.380531 0.198274 -0.121213 0.972623 0.39051 -0.979929 -0.00358454 0.199316 -0.493131 -0.0206734 -0.99262 -0.119491 0.44103 
1535385857651 0.244953 0.923616 -0.294841 -0.612988 -0.93783 0.302854 0.169573 -0.236949 0.245914 0.234973 0.94038 0.380581 0.198479 -0.120559 0.972662 0.390504 -0.979895 -0.00383807 0.199479 -0.493242 -0.020316 -0.992699 -0.118897 0.440961 
1535385857829 0.245101 0.923608 -0.294745 -0.612772 -0.937817 0.302952 0.169465 -0.236862 0.245813 0.234881 0.940429 0.380633 0.198685 -0.119905 0.972701 0.3905 -0.97986 -0.0040921 0.199643 -0.493354 -0.0199579 -0.992777 -0.118303 0.440893 
1535385857893 0.245249 0.923599 -0.294649 -0.612557 -0.937805 0.30305 0.169357 -0.236776 0.245711 0.234789 0.940479 0.380684 0.198891 -0.119251 0.972739 0.390495 -0.979826 -0.00434593 0.199807 -0.493466 -0.0195997 -0.992855 -0.117709 0.440824 
1535385858029 0.245398 0.92359 -0.294553 -0.612341 -0.937793 0.303148 0.169249 -0.236688 0.24561 0.234696 0.940528 0.380736 0.199096 -0.118596 0.972777 0.39049 -0.979791 -0.00459966 0.199971 -0.493579 -0.0192414 -0.992932 -0.117115 0.440755 
1535385858089 0.245546 0.923581 -0.294457 -0.612125 -0.937781 0.303247 0.169141 -0.236601 0.245508 0.234605 0.940578 0.380787 0.199302 -0.117942 0.972815 0.390485 -0.979756 -0.00485327 0.200135 -0.493691 -0.0188829 -0.993009 -0.116521 0.440687 
1535385858230 0.245694 0.923572 -0.294361 -0.61191 -0.937769 0.303344 0.169033 -0.236515 0.245407 0.234512 0.940627 0.380838 0.199506 -0.117287 0.972852 0.39048 -0.979721 -0.00510676 0.200299 -0.493803 -0.0185244 -0.993085 -0.115927 0.440618 
1535385858289 0.245842 0.923564 -0.294265 -0.611693 -0.937756 0.303443 0.168925 -0.236427 0.245306 0.23442 0.940677 0.38089 0.199711 -0.116632 0.972889 0.390475 -0.979687 -0.00536009 0.200463 -0.493916 -0.0181657 -0.993161 -0.115333 0.44055 
1535385858459 0.24599 0.923555 -0.294169 -0.611478 -0.937744 0.303541 0.168817 -0.23634 0.245204 0.234328 0.940726 0.380941 0.199915 -0.115977 0.972925 0.39047 -0.979651 -0.00561342 0.200628 -0.494028 -0.0178069 -0.993236 -0.114739 0.440481 
1535385858505 0.246138 0.923546 -0.294073 -0.611262 -0.937732 0.303639 0.168709 -0.236253 0.245103 0.234236 0.940775 0.380993 0.200119 -0.115322 0.972961 0.390466 -0.979616 -0.00586654 0.200793 -0.494141 -0.0174479 -0.993311 -0.114146 0.440412 
1535385858677 0.246039 0.923566 -0.294094 -0.611515 -0.937733 0.303572 0.168824 -0.236301 0.245199 0.234245 0.940748 0.380957 0.199932 -0.116168 0.972899 0.390456 -0.979651 -0.00582468 0.200624 -0.494025 -0.0176393 -0.993212 -0.114969 0.440512 
1535385858704 0.2461 0.923502 -0.294243 -0.6113 -0.937685 0.303688 0.16888 -0.236224 0.245319 0.234346 0.940692 0.381016 0.199847 -0.115401 0.973008 0.390437 -0.979657 -0.00500954 0.200619 -0.494099 -0.0182772 -0.993306 -0.114054 0.440387 
1535385858718 0.246161 0.923438 -0.294393 -0.61108 -0.937638 0.303803 0.168936 -0.236144 0.245439 0.234449 0.940635 0.381076 0.199763 -0.114633 0.973116 0.390418 -0.979662 -0.00419472 0.200613 -0.494172 -0.0189149 -0.993399 -0.11314 0.440261 
1535385858734 0.246222 0.923374 -0.294543 -0.610859 -0.93759 0.303918 0.168991 -0.236063 0.245559 0.234551 0.940578 0.381137 0.19968 -0.113865 0.973223 0.390399 -0.979666 -0.00337997 0.200607 -0.494246 -0.0195527 -0.99349 -0.112225 0.440136 
1535385858942 0.246282 0.92331 -0.294693 -0.61064 -0.937543 0.304033 0.169047 -0.235984 0.24568 0.234654 0.940521 0.381197 0.199597 -0.113097 0.973329 0.39038 -0.97967 -0.0025651 0.200599 -0.49432 -0.0201905 -0.993581 -0.11131 0.44001 
1535385859004 0.246343 0.923246 -0.294843 -0.610419 -0.937495 0.304149 0.169103 -0.235903 0.2458 0.234756 0.940464 0.381257 0.199514 -0.112329 0.973435 0.39036 -0.979673 -0.00175034 0.200591 -0.494393 -0.0208284 -0.99367 -0.110395 0.439885 
1535385859157 0.246403 0.923182 -0.294993 -0.610198 -0.937448 0.304264 0.169159 -0.235823 0.24592 0.234859 0.940407 0.381317 0.199432 -0.111561 0.97354 0.390341 -0.979676 -0.000935531 0.200582 -0.494467 -0.0214664 -0.993757 -0.10948 0.43976 
1535385859297 0.246464 0.923118 -0.295143 -0.609979 -0.9374 0.304379 0.169215 -0.235743 0.24604 0.234961 0.94035 0.381377 0.199351 -0.110793 0.973645 0.390322 -0.979679 -0.000120726 0.200573 -0.494541 -0.0221044 -0.993844 -0.108565 0.439634 
1535385859421 0.246524 0.923054 -0.295292 -0.60976 -0.937353 0.304494 0.169271 -0.235664 0.246161 0.235064 0.940292 0.381438 0.19927 -0.110024 0.973749 0.390303 -0.979681 0.000693998 0.200563 -0.494614 -0.0227425 -0.993929 -0.10765 0.439509 
1535385859549 0.246585 0.922989 -0.295442 -0.609538 -0.937305 0.30461 0.169326 -0.235583 0.246281 0.235166 0.940235 0.381498 0.19919 -0.109255 0.973852 0.390284 -0.979682 0.00150878 0.200551 -0.494688 -0.0233806 -0.994013 -0.106735 0.439383 
1535385859697 0.246646 0.923048 -0.295207 -0.609736 -0.937331 0.304585 0.169229 -0.235727 0.246123 0.234967 0.940327 0.381513 0.199392 -0.110219 0.973701 0.390312 -0.979658 0.000543992 0.200674 -0.494562 -0.0226478 -0.993907 -0.107869 0.439504 
1535385859707 0.246612 0.923087 -0.295115 -0.609531 -0.937244 0.304628 0.169636 -0.235651 0.246489 0.23476 0.940282 0.38156 0.199074 -0.110522 0.973732 0.390297 -0.979709 0.00108913 0.20042 -0.494624 -0.0232113 -0.993873 -0.108063 0.439529 
1535385859722 0.246578 0.923125 -0.295024 -0.609322 -0.937156 0.30467 0.170042 -0.235573 0.246855 0.234555 0.940237 0.381608 0.198755 -0.110824 0.973763 0.390282 -0.979761 0.0016346 0.200166 -0.494686 -0.0237748 -0.993839 -0.108256 0.439554 
1535385859886 0.246543 0.923163 -0.294933 -0.609113 -0.937069 0.304712 0.170448 -0.235495 0.247221 0.23435 0.940192 0.381656 0.198436 -0.111125 0.973794 0.390268 -0.979812 0.00218019 0.199911 -0.494748 -0.0243382 -0.993804 -0.108449 0.439578 
1535385859940 0.246509 0.923202 -0.294843 -0.608903 -0.936981 0.304754 0.170854 -0.235416 0.247587 0.234145 0.940147 0.381704 0.198117 -0.111426 0.973824 0.390253 -0.979862 0.00272587 0.199657 -0.49481 -0.0249016 -0.993769 -0.108642 0.439603 
1535385860084 0.246475 0.92324 -0.294752 -0.608693 -0.936894 0.304796 0.17126 -0.235338 0.247953 0.23394 0.940102 0.381752 0.197797 -0.111727 0.973855 0.390238 -0.979912 0.00327157 0.199403 -0.494872 -0.0254648 -0.993734 -0.108836 0.439628 
1535385860127 0.24644 0.923278 -0.294661 -0.608485 -0.936806 0.304838 0.171666 -0.23526 0.248319 0.233735 0.940056 0.3818 0.197478 -0.112028 0.973885 0.390223 -0.979962 0.00381742 0.199149 -0.494934 -0.026028 -0.993698 -0.10903 0.439653 
1535385860278 0.246406 0.923316 -0.294571 -0.608274 -0.936718 0.304879 0.172072 -0.235181 0.248685 0.23353 0.94001 0.381848 0.197158 -0.112329 0.973915 0.390208 -0.980011 0.00436329 0.198895 -0.494996 -0.0265912 -0.993661 -0.109223 0.439678 
1535385860326 0.246372 0.923354 -0.29448 -0.608066 -0.936629 0.304921 0.172477 -0.235103 0.249051 0.233325 0.939965 0.381896 0.196838 -0.11263 0.973945 0.390193 -0.98006 0.00490925 0.198641 -0.495058 -0.0271542 -0.993625 -0.109417 0.439702 
1535385860469 0.246337 0.923392 -0.294389 -0.607855 -0.936541 0.304963 0.172883 -0.235024 0.249417 0.23312 0.939918 0.381944 0.196517 -0.11293 0.973975 0.390178 -0.980109 0.00545541 0.198387 -0.49512 -0.0277172 -0.993588 -0.109611 0.439727 
1535385860549 0.246153 0.923434 -0.294412 -0.608182 -0.936788 0.304606 0.172174 -0.235002 0.248671 0.23342 0.940041 0.381882 0.197012 -0.112369 0.97394 0.390161 -0.980035 0.00456378 0.198772 -0.495061 -0.0267807 -0.993656 -0.109227 0.439723 
1535385860570 0.246294 0.923515 -0.294041 -0.607857 -0.936721 0.304698 0.172373 -0.234891 0.248783 0.23298 0.940121 0.38195 0.197329 -0.11243 0.973869 0.390165 -0.980009 0.00309178 0.19893 -0.495244 -0.0253767 -0.993655 -0.109572 0.439751 
1535385860762 0.246436 0.923595 -0.29367 -0.607527 -0.936655 0.304792 0.17257 -0.234778 0.248893 0.23254 0.940201 0.38202 0.197648 -0.11249 0.973797 0.390171 -0.97998 0.0016194 0.19909 -0.49543 -0.0239726 -0.993652 -0.109918 0.439779 
1535385860902 0.246578 0.923674 -0.2933 -0.607195 -0.936588 0.304885 0.172767 -0.234664 0.249003 0.232101 0.94028 0.38209 0.197966 -0.11255 0.973726 0.390177 -0.979949 0.000147085 0.199248 -0.495617 -0.0225686 -0.993646 -0.110264 0.439807 
1535385861050 0.24672 0.923754 -0.29293 -0.606866 -0.936521 0.304978 0.172964 -0.234551 0.249113 0.231661 0.940359 0.382159 0.198285 -0.112609 0.973654 0.390182 -0.979916 -0.00132538 0.199407 -0.495802 -0.0211646 -0.993638 -0.110611 0.439835 
1535385861186 0.246862 0.923833 -0.29256 -0.606536 -0.936454 0.305071 0.173161 -0.234437 0.249223 0.231222 0.940438 0.382229 0.198603 -0.112668 0.973582 0.390188 -0.979881 -0.00279768 0.199564 -0.495988 -0.0197607 -0.993629 -0.110957 0.439863 
1535385861324 0.247004 0.923912 -0.29219 -0.606205 -0.936388 0.305164 0.173358 -0.234324 0.249334 0.230783 0.940517 0.382298 0.198921 -0.112727 0.973511 0.390193 -0.979844 -0.00427013 0.199721 -0.496174 -0.0183569 -0.993617 -0.111304 0.439891 
1535385861467 0.247146 0.923991 -0.291819 -0.605875 -0.936321 0.305257 0.173555 -0.23421 0.249444 0.230343 0.940596 0.382368 0.19924 -0.112785 0.973439 0.390199 -0.979804 -0.0057425 0.199877 -0.49636 -0.0169532 -0.993603 -0.111651 0.439919 
1535385861622 0.247289 0.92407 -0.291449 -0.605545 -0.936254 0.30535 0.173753 -0.234097 0.249553 0.229903 0.940674 0.382437 0.199559 -0.112842 0.973367 0.390204 -0.979763 -0.00721487 0.200033 -0.496545 -0.0155495 -0.993587 -0.111999 0.439948 
1535385861788 0.247431 0.924149 -0.291079 -0.605214 -0.936187 0.305443 0.17395 -0.233983 0.249663 0.229463 0.940752 0.382507 0.199878 -0.112899 0.973295 0.39021 -0.979719 -0.00868732 0.200189 -0.496732 -0.0141459 -0.993568 -0.112346 0.439976 
1535385861979 0.247483 0.924008 -0.291482 -0.605467 -0.936197 0.305547 0.173713 -0.234181 0.249574 0.229894 0.940671 0.382428 0.199577 -0.112772 0.973371 0.390197 -0.97976 -0.00727507 0.200044 -0.496539 -0.0154781 -0.993594 -0.111942 0.440017 
1535385861995 0.24787 0.924038 -0.291056 -0.605184 -0.936223 0.305717 0.173275 -0.234006 0.249094 0.229544 0.940884 0.382479 0.199882 -0.112716 0.973315 0.390215 -0.979721 -0.00890827 0.200166 -0.496685 -0.0138913 -0.993587 -0.11221 0.440032 
1535385862015 0.248256 0.924068 -0.290631 -0.604898 -0.936248 0.305887 0.172837 -0.233829 0.248613 0.229195 0.941096 0.382531 0.200188 -0.112658 0.973259 0.390234 -0.97968 -0.0105415 0.200289 -0.496834 -0.0123046 -0.993578 -0.112479 0.440046 
1535385862228 0.248642 0.924098 -0.290206 -0.604611 -0.936273 0.306058 0.172398 -0.233652 0.248132 0.228847 0.941307 0.382583 0.200494 -0.1126 0.973203 0.390252 -0.979636 -0.0121747 0.200411 -0.496982 -0.0107179 -0.993566 -0.112748 0.440061 
1535385862387 0.249028 0.924128 -0.289781 -0.604325 -0.936298 0.306229 0.171959 -0.233475 0.247651 0.228498 0.941519 0.382634 0.200801 -0.112542 0.973146 0.390271 -0.97959 -0.0138079 0.200533 -0.49713 -0.00913125 -0.993551 -0.113017 0.440076 
