1535391323122 0.306293 0.887233 -0.344967 -0.514343 -0.906755 0.382242 0.178005 -0.211208 0.289792 0.258279 0.921581 0.448328 0.106106 -0.172683 0.979246 0.456554 -0.930094 -0.365522 0.0363227 -0.453361 0.351663 -0.914645 -0.199395 0.453567 
1535391323132 0.334557 0.911045 -0.240974 -0.530856 -0.907747 0.38023 0.177256 -0.211413 0.253114 0.159441 0.954207 0.430785 0.131284 -0.267088 0.954688 0.46401 -0.946591 -0.319861 0.0406843 -0.455754 0.294501 -0.90904 -0.294816 0.464676 
1535391324566 0.358604 0.923819 -0.134019 -0.547372 -0.908737 0.378321 0.176269 -0.211621 0.213543 0.0585774 0.975176 0.413241 0.150445 -0.359988 0.920747 0.471466 -0.960434 -0.27402 0.0497947 -0.458147 0.234377 -0.891808 -0.38697 0.475786 
1535391326097 0.378143 0.925398 -0.0254077 -0.56389 -0.909711 0.376539 0.175055 -0.21183 0.171563 -0.0430824 0.984231 0.395697 0.16335 -0.450224 0.877847 0.478923 -0.971452 -0.22857 0.0635405 -0.460542 0.172042 -0.863165 -0.474708 0.486895 
1535391327513 0.392937 0.915763 0.0835376 -0.580406 -0.910658 0.374907 0.173629 -0.212038 0.127684 -0.144299 0.981262 0.378153 0.169837 -0.536672 0.826522 0.48638 -0.979506 -0.184077 0.0817494 -0.462937 0.108271 -0.823468 -0.556936 0.498005 
