1535375319578 0.257721 0.923542 -0.283991 -0.60466 -0.934999 0.312489 0.16771 -0.230457 0.243631 0.22231 0.944046 0.382916 0.203309 -0.11534 0.972297 0.384234 -0.978652 0.00660051 0.20542 -0.501151 -0.0301109 -0.993304 -0.111536 0.439727 
1535375319594 0.256664 0.923903 -0.283772 -0.607958 -0.935327 0.311407 0.167898 -0.231605 0.24349 0.222326 0.944078 0.382012 0.197843 -0.115772 0.973373 0.383917 -0.97935 0.0188153 0.201295 -0.499263 -0.0416187 -0.993098 -0.109659 0.439692 
1535375320078 0.255608 0.924264 -0.283551 -0.611263 -0.935653 0.310324 0.168086 -0.232757 0.243348 0.222341 0.944111 0.381106 0.192366 -0.116136 0.974427 0.383598 -0.979884 0.0310282 0.197141 -0.497373 -0.05313 -0.992749 -0.107831 0.439658 
1535375320556 0.254551 0.924623 -0.283331 -0.614566 -0.935978 0.30924 0.168274 -0.233908 0.243207 0.222357 0.944144 0.380201 0.186881 -0.116433 0.975458 0.38328 -0.980253 0.043238 0.192961 -0.495482 -0.0646437 -0.992257 -0.106053 0.439623 
1535375321019 0.253493 0.924981 -0.28311 -0.617869 -0.936301 0.308157 0.168462 -0.235058 0.243066 0.222372 0.944177 0.379296 0.181389 -0.116661 0.976467 0.382962 -0.980458 0.0554426 0.188754 -0.493592 -0.0761581 -0.991623 -0.104324 0.439588 
1535375321523 0.252435 0.925338 -0.282889 -0.621172 -0.936624 0.307073 0.168649 -0.236209 0.242925 0.222387 0.944209 0.378391 0.17589 -0.11682 0.977454 0.382644 -0.980498 0.0676401 0.184522 -0.491702 -0.087671 -0.990847 -0.102645 0.439553 
1535375321986 0.251377 0.925694 -0.282668 -0.624476 -0.936945 0.305988 0.168836 -0.23736 0.242784 0.222402 0.944242 0.377486 0.170386 -0.116912 0.978417 0.382326 -0.980373 0.0798285 0.180265 -0.489812 -0.0991807 -0.989929 -0.101016 0.439518 
1535375322460 0.250319 0.926048 -0.282446 -0.627779 -0.937265 0.304903 0.169023 -0.238511 0.242642 0.222417 0.944275 0.37658 0.164877 -0.116935 0.979358 0.382008 -0.980084 0.0920056 0.175985 -0.487921 -0.110685 -0.988869 -0.0994364 0.439483 
1535375322924 0.24926 0.926401 -0.282225 -0.631081 -0.937583 0.303818 0.16921 -0.239662 0.242501 0.222432 0.944308 0.375675 0.159364 -0.11689 0.980275 0.381689 -0.97963 0.10417 0.171681 -0.486031 -0.122183 -0.987667 -0.0979078 0.439449 
1535375323411 0.248201 0.926753 -0.282003 -0.634385 -0.937901 0.302732 0.169396 -0.240813 0.24236 0.222446 0.944341 0.37477 0.153849 -0.116776 0.98117 0.381371 -0.979011 0.116318 0.167354 -0.484141 -0.133671 -0.986323 -0.0964299 0.439414 
1535375323888 0.248785 0.926523 -0.282242 -0.634139 -0.937686 0.303389 0.169412 -0.240917 0.242593 0.222507 0.944267 0.374873 0.154562 -0.116555 0.981084 0.381526 -0.979039 0.115249 0.167932 -0.484265 -0.132643 -0.986475 -0.0962989 0.439422 
1535375323909 0.24795 0.926489 -0.283088 -0.63439 -0.93765 0.302982 0.170335 -0.241081 0.243585 0.223203 0.943847 0.374863 0.157315 -0.116692 0.98063 0.381488 -0.979315 0.10952 0.170137 -0.484489 -0.127252 -0.987111 -0.097049 0.439705 
1535375324193 0.247114 0.926454 -0.283933 -0.634646 -0.937613 0.302577 0.171259 -0.241247 0.244575 0.223899 0.943426 0.374853 0.16007 -0.116813 0.98017 0.381451 -0.979555 0.103786 0.172338 -0.484718 -0.121859 -0.987716 -0.0978119 0.439989 
1535375324464 0.246277 0.926418 -0.284777 -0.634901 -0.937574 0.302171 0.172183 -0.241413 0.245564 0.224595 0.943003 0.374842 0.162824 -0.116918 0.979703 0.381414 -0.979757 0.098049 0.174534 -0.484947 -0.116465 -0.98829 -0.098587 0.440273 
1535375324739 0.245439 0.926381 -0.285619 -0.635156 -0.937535 0.301766 0.173106 -0.241579 0.246553 0.225291 0.942579 0.374832 0.165577 -0.117007 0.979231 0.381377 -0.979922 0.0923084 0.176724 -0.485175 -0.111069 -0.988832 -0.0993741 0.440556 
1535375325016 0.244601 0.926342 -0.286461 -0.63541 -0.937494 0.301362 0.17403 -0.241744 0.24754 0.225988 0.942154 0.374822 0.16833 -0.11708 0.978753 0.38134 -0.98005 0.0865647 0.178908 -0.485403 -0.105672 -0.989343 -0.100173 0.44084 
1535375325276 0.243761 0.926304 -0.287302 -0.635666 -0.937451 0.300959 0.174955 -0.241911 0.248527 0.226684 0.941726 0.374811 0.171083 -0.117137 0.978269 0.381303 -0.980141 0.0808181 0.181087 -0.485632 -0.100274 -0.989822 -0.100985 0.441124 
1535375325539 0.24292 0.926264 -0.288141 -0.635923 -0.937408 0.300555 0.175879 -0.242077 0.249513 0.227381 0.941298 0.3748 0.173834 -0.117178 0.977779 0.381266 -0.980194 0.0750688 0.18326 -0.485861 -0.0948747 -0.99027 -0.101808 0.441408 
1535375325791 0.242079 0.926223 -0.28898 -0.636177 -0.937363 0.300153 0.176804 -0.242243 0.250498 0.228078 0.940867 0.37479 0.176585 -0.117203 0.977283 0.381229 -0.98021 0.0693171 0.185427 -0.486089 -0.0894749 -0.990686 -0.102643 0.441691 
1535375326067 0.241236 0.926181 -0.289817 -0.636432 -0.937316 0.299751 0.177728 -0.242408 0.251482 0.228776 0.940435 0.37478 0.179334 -0.117211 0.976781 0.381192 -0.980189 0.0635632 0.187588 -0.486317 -0.0840747 -0.991071 -0.10349 0.441975 
1535375326352 0.241636 0.926293 -0.289124 -0.636266 -0.937424 0.299807 0.177066 -0.242195 0.250696 0.228247 0.940774 0.37479 0.178791 -0.11736 0.976862 0.381165 -0.980164 0.065044 0.18721 -0.486194 -0.0855101 -0.990957 -0.103403 0.441866 
1535375326367 0.241342 0.926316 -0.289296 -0.636357 -0.937491 0.299568 0.177115 -0.242272 0.250729 0.228467 0.940711 0.374834 0.179941 -0.116059 0.976807 0.381179 -0.980462 0.0590645 0.187632 -0.486323 -0.079471 -0.991485 -0.103164 0.441878 
1535375326617 0.241049 0.92634 -0.289466 -0.63645 -0.937558 0.299329 0.177165 -0.24235 0.250761 0.228686 0.94065 0.374877 0.181083 -0.114751 0.97675 0.381196 -0.980723 0.0530834 0.188056 -0.486457 -0.0734288 -0.991975 -0.102926 0.44189 
1535375326893 0.240755 0.926363 -0.289635 -0.636544 -0.937625 0.29909 0.177216 -0.242428 0.250793 0.228904 0.940588 0.374921 0.182217 -0.113435 0.976693 0.381212 -0.980947 0.047101 0.188481 -0.486591 -0.0673836 -0.992428 -0.102691 0.441902 
1535375327170 0.240462 0.926386 -0.289806 -0.636637 -0.937691 0.298852 0.177266 -0.242507 0.250825 0.229123 0.940526 0.374964 0.183343 -0.112112 0.976635 0.381228 -0.981134 0.0411174 0.188908 -0.486726 -0.0613356 -0.992844 -0.102459 0.441914 
1535375327457 0.240169 0.926409 -0.289975 -0.63673 -0.937758 0.298612 0.177316 -0.242584 0.250858 0.229341 0.940464 0.375007 0.184461 -0.110783 0.976576 0.381243 -0.981284 0.0351329 0.189335 -0.486858 -0.0552851 -0.993223 -0.102229 0.441926 
1535375327733 0.239875 0.926432 -0.290145 -0.636824 -0.937824 0.298374 0.177367 -0.242663 0.25089 0.229559 0.940403 0.375051 0.185571 -0.109447 0.976517 0.38126 -0.981397 0.0291477 0.189765 -0.486993 -0.0492323 -0.993565 -0.102002 0.441938 
1535375328031 0.239582 0.926454 -0.290315 -0.636917 -0.937891 0.298135 0.177417 -0.242741 0.250922 0.229778 0.940341 0.375094 0.186672 -0.108104 0.976456 0.381275 -0.981473 0.0231619 0.190195 -0.487126 -0.0431774 -0.99387 -0.101777 0.44195 
1535375328328 0.239289 0.926477 -0.290485 -0.637011 -0.937957 0.297896 0.177467 -0.242819 0.250954 0.229996 0.940279 0.375137 0.187764 -0.106754 0.976395 0.381291 -0.981512 0.017176 0.190626 -0.487259 -0.0371207 -0.994137 -0.101555 0.441961 
1535375328628 0.238995 0.926499 -0.290654 -0.637105 -0.938023 0.297657 0.177518 -0.242898 0.250985 0.230215 0.940217 0.375181 0.18885 -0.105398 0.976334 0.381308 -0.981515 0.0111899 0.19106 -0.487394 -0.0310623 -0.994367 -0.101336 0.441974 
1535375328913 0.239349 0.92645 -0.290522 -0.637027 -0.937947 0.297956 0.17742 -0.242874 0.250934 0.230029 0.940276 0.375179 0.188397 -0.10582 0.976375 0.381271 -0.981562 0.0124013 0.190742 -0.487386 -0.0322927 -0.994308 -0.101533 0.441957 
1535375328928 0.23903 0.926625 -0.290225 -0.637064 -0.938119 0.297512 0.177254 -0.242956 0.250594 0.229896 0.940399 0.375215 0.188467 -0.107574 0.97617 0.381291 -0.9815 0.0134987 0.190984 -0.487428 -0.0337219 -0.994105 -0.10304 0.442144 
1535375329137 0.23871 0.926801 -0.289927 -0.637106 -0.938292 0.297067 0.177088 -0.24304 0.250253 0.229764 0.940522 0.37525 0.188536 -0.109328 0.975962 0.381312 -0.981437 0.0145962 0.191229 -0.487472 -0.035152 -0.993899 -0.104547 0.442332 
1535375329341 0.238389 0.926976 -0.28963 -0.637149 -0.938464 0.296621 0.176922 -0.243125 0.249913 0.229631 0.940645 0.375285 0.188602 -0.111082 0.975751 0.381333 -0.981372 0.0156932 0.191475 -0.487516 -0.036582 -0.993687 -0.106053 0.44252 
1535375329515 0.238068 0.927152 -0.289333 -0.637191 -0.938636 0.296176 0.176756 -0.243209 0.249573 0.229498 0.940768 0.37532 0.188666 -0.112835 0.975537 0.381354 -0.981305 0.0167897 0.191724 -0.487559 -0.0380121 -0.993472 -0.107558 0.442708 
1535375329687 0.237747 0.927327 -0.289036 -0.637233 -0.938807 0.295731 0.176589 -0.243293 0.249233 0.229365 0.94089 0.375356 0.188728 -0.114588 0.975321 0.381375 -0.981237 0.0178857 0.191974 -0.487602 -0.0394422 -0.993252 -0.109063 0.442895 
1535375329876 0.237426 0.927502 -0.288738 -0.637275 -0.938979 0.295285 0.176423 -0.243378 0.248893 0.229232 0.941013 0.375391 0.188786 -0.116341 0.975102 0.381396 -0.981167 0.0189813 0.192225 -0.487646 -0.0408723 -0.993028 -0.110567 0.443083 
1535375330057 0.237104 0.927676 -0.288441 -0.637317 -0.93915 0.29484 0.176256 -0.243461 0.248553 0.229099 0.941135 0.375426 0.188842 -0.118094 0.974881 0.381417 -0.981096 0.0200763 0.192478 -0.487689 -0.0423024 -0.9928 -0.11207 0.443271 
1535375330229 0.236783 0.927851 -0.288144 -0.63736 -0.939321 0.294394 0.176089 -0.243546 0.248213 0.228965 0.941257 0.375461 0.188896 -0.119846 0.974657 0.381438 -0.981023 0.0211709 0.192733 -0.487733 -0.0437326 -0.992567 -0.113573 0.443459 
1535375330422 0.236461 0.928025 -0.287847 -0.637402 -0.939492 0.293949 0.175922 -0.24363 0.247873 0.228831 0.941379 0.375496 0.188947 -0.121598 0.97443 0.381459 -0.980948 0.022265 0.192989 -0.487776 -0.0451628 -0.99233 -0.115074 0.443646 
1535375330611 0.236814 0.927841 -0.288149 -0.637346 -0.939283 0.294453 0.176196 -0.243536 0.248328 0.228928 0.941236 0.375473 0.188845 -0.120588 0.974575 0.381424 -0.980997 0.0218371 0.192792 -0.487785 -0.0445302 -0.992462 -0.114172 0.443541 
1535375330626 0.236609 0.927989 -0.287841 -0.637373 -0.939391 0.294147 0.17613 -0.243635 0.248114 0.228721 0.941343 0.375444 0.187988 -0.121676 0.974605 0.381409 -0.981083 0.0234422 0.192165 -0.48776 -0.0462288 -0.992293 -0.114967 0.443641 
1535375330773 0.236401 0.928138 -0.287531 -0.637406 -0.9395 0.293839 0.176065 -0.243737 0.2479 0.228513 0.94145 0.375414 0.187129 -0.122763 0.974634 0.381392 -0.981166 0.0250475 0.191538 -0.487729 -0.0479259 -0.99212 -0.115764 0.443741 
1535375330961 0.236194 0.928287 -0.287221 -0.637438 -0.939608 0.293531 0.175999 -0.243839 0.247686 0.228306 0.941556 0.375384 0.186267 -0.123848 0.974662 0.381375 -0.981245 0.0266534 0.190912 -0.487699 -0.0496222 -0.991943 -0.116561 0.443841 
1535375331125 0.235987 0.928435 -0.286911 -0.63747 -0.939717 0.293223 0.175933 -0.24394 0.247472 0.228098 0.941663 0.375354 0.185404 -0.124932 0.974688 0.381359 -0.981322 0.02826 0.190288 -0.48767 -0.0513177 -0.991763 -0.117359 0.443941 
1535375331318 0.23578 0.928583 -0.286602 -0.637503 -0.939825 0.292915 0.175868 -0.244042 0.247258 0.227889 0.94177 0.375324 0.184538 -0.126014 0.974713 0.381342 -0.981395 0.0298672 0.189664 -0.487641 -0.0530124 -0.991579 -0.118158 0.444041 
1535375331496 0.235573 0.928732 -0.286292 -0.637534 -0.939934 0.292607 0.175802 -0.244143 0.247043 0.227681 0.941876 0.375294 0.18367 -0.127095 0.974737 0.381326 -0.981464 0.0314749 0.189042 -0.487612 -0.0547061 -0.991391 -0.118958 0.444141 
1535375331684 0.235365 0.92888 -0.285982 -0.637567 -0.940042 0.292299 0.175736 -0.244245 0.246829 0.227473 0.941983 0.375264 0.1828 -0.128174 0.974759 0.381309 -0.981531 0.0330834 0.18842 -0.487582 -0.056399 -0.9912 -0.119759 0.44424 
1535375331898 0.235158 0.929028 -0.285672 -0.637599 -0.94015 0.291991 0.175669 -0.244346 0.246615 0.227265 0.942089 0.375234 0.181929 -0.129252 0.97478 0.381293 -0.981594 0.0346923 0.187801 -0.487553 -0.058091 -0.991005 -0.120562 0.44434 
1535375332084 0.23495 0.929175 -0.285363 -0.63763 -0.940258 0.291683 0.175603 -0.244448 0.246402 0.227056 0.942195 0.375204 0.181056 -0.130328 0.974799 0.381276 -0.981654 0.0363018 0.187183 -0.487524 -0.0597822 -0.990806 -0.121365 0.44444 
1535375332280 0.23514 0.929008 -0.28575 -0.637597 -0.940142 0.292 0.175696 -0.244308 0.246662 0.227332 0.942061 0.375239 0.181581 -0.129766 0.974776 0.381324 -0.981606 0.0355237 0.187582 -0.487519 -0.0589695 -0.990908 -0.120929 0.444424 
1535375332294 0.235553 0.928957 -0.285575 -0.637579 -0.940105 0.292299 0.175394 -0.244286 0.246407 0.227156 0.94217 0.375209 0.181535 -0.13069 0.974662 0.381342 -0.981603 0.0355527 0.187595 -0.487577 -0.0591685 -0.990786 -0.121832 0.444531 
1535375332432 0.235966 0.928902 -0.285412 -0.637556 -0.940067 0.292602 0.175097 -0.244258 0.24616 0.226989 0.942274 0.375182 0.18149 -0.131615 0.974546 0.381362 -0.981599 0.0355815 0.187609 -0.48764 -0.0593679 -0.990662 -0.122735 0.444639 
1535375332521 0.23638 0.928847 -0.285249 -0.637532 -0.940027 0.292906 0.174799 -0.244229 0.245913 0.226823 0.942379 0.375155 0.181444 -0.132539 0.974429 0.381382 -0.981595 0.0356104 0.187622 -0.487703 -0.0595671 -0.990538 -0.123639 0.444748 
1535375332625 0.236793 0.928792 -0.285086 -0.637508 -0.939988 0.293209 0.174502 -0.244201 0.245666 0.226657 0.942483 0.375128 0.181399 -0.133464 0.974311 0.381402 -0.981592 0.0356391 0.187637 -0.487765 -0.0597662 -0.990413 -0.124542 0.444856 
1535375332723 0.237205 0.928737 -0.284923 -0.637486 -0.939948 0.293512 0.174205 -0.244174 0.245419 0.22649 0.942588 0.375101 0.181355 -0.134388 0.974192 0.381421 -0.981588 0.0356677 0.187652 -0.487827 -0.0599654 -0.990287 -0.125445 0.444964 
1535375332828 0.237618 0.928682 -0.28476 -0.637463 -0.939909 0.293816 0.173908 -0.244145 0.245172 0.226324 0.942692 0.375074 0.181309 -0.135312 0.974073 0.381441 -0.981584 0.0356965 0.187665 -0.48789 -0.0601644 -0.99016 -0.126348 0.445072 
1535375332907 0.238031 0.928626 -0.284596 -0.63744 -0.939869 0.294119 0.17361 -0.244117 0.244924 0.226158 0.942796 0.375047 0.181264 -0.136236 0.973952 0.381461 -0.98158 0.0357251 0.18768 -0.487951 -0.0603634 -0.990032 -0.127251 0.44518 
1535375333012 0.238444 0.92857 -0.284432 -0.637416 -0.939829 0.294423 0.173313 -0.244089 0.244677 0.225992 0.9429 0.37502 0.181217 -0.13716 0.973831 0.381481 -0.981577 0.0357539 0.187694 -0.488014 -0.0605624 -0.989903 -0.128154 0.445288 
1535375333078 0.238856 0.928514 -0.284268 -0.637393 -0.939788 0.294726 0.173016 -0.244061 0.244429 0.225826 0.943004 0.374993 0.181171 -0.138084 0.973709 0.3815 -0.981573 0.0357826 0.187708 -0.488076 -0.0607614 -0.989774 -0.129057 0.445396 
1535375333228 0.238158 0.928638 -0.284451 -0.637404 -0.939831 0.294218 0.173647 -0.244166 0.244945 0.225981 0.942833 0.375101 0.181053 -0.137075 0.973874 0.381435 -0.9816 0.0359017 0.187543 -0.488058 -0.0606711 -0.98991 -0.128052 0.445287 
1535375333247 0.238881 0.928519 -0.284233 -0.637222 -0.939712 0.294807 0.173292 -0.244075 0.244699 0.225701 0.942964 0.375144 0.181817 -0.136098 0.973869 0.381475 -0.981601 0.033621 0.187959 -0.488228 -0.0583232 -0.990125 -0.127481 0.445151 
1535375333451 0.239603 0.928399 -0.284016 -0.637034 -0.939592 0.295397 0.172937 -0.243981 0.244452 0.225423 0.943095 0.375189 0.182578 -0.135119 0.973863 0.381516 -0.981597 0.0313398 0.188376 -0.488402 -0.0559739 -0.990334 -0.12691 0.445015 
1535375333696 0.240325 0.928279 -0.283799 -0.636848 -0.939472 0.295986 0.172582 -0.243887 0.244205 0.225145 0.943225 0.375233 0.183337 -0.134138 0.973856 0.381557 -0.981587 0.029059 0.188795 -0.488574 -0.0536239 -0.990536 -0.126341 0.444879 
1535375333910 0.241047 0.928158 -0.283581 -0.63666 -0.939351 0.296575 0.172227 -0.243794 0.243957 0.224868 0.943355 0.375277 0.184093 -0.133156 0.973848 0.381597 -0.981571 0.0267784 0.189214 -0.488747 -0.0512731 -0.990733 -0.125772 0.444743 
1535375334119 0.241769 0.928037 -0.283363 -0.636475 -0.93923 0.297164 0.171872 -0.243701 0.243709 0.22459 0.943486 0.375321 0.184846 -0.132172 0.973839 0.381638 -0.981549 0.0244982 0.189635 -0.48892 -0.0489217 -0.990924 -0.125205 0.444607 
1535375334313 0.242491 0.927915 -0.283145 -0.636287 -0.939109 0.297753 0.171518 -0.243607 0.243461 0.224312 0.943616 0.375365 0.185598 -0.131186 0.973829 0.381679 -0.981522 0.0222181 0.190057 -0.489092 -0.0465695 -0.991109 -0.124638 0.444471 
1535375334538 0.243212 0.927793 -0.282927 -0.636101 -0.938986 0.298342 0.171163 -0.243513 0.243213 0.224035 0.943746 0.375409 0.186347 -0.130198 0.973819 0.381719 -0.981488 0.0199385 0.190481 -0.489265 -0.0442166 -0.991288 -0.124072 0.444335 
1535375334745 0.243934 0.927671 -0.282708 -0.635913 -0.938863 0.298931 0.170809 -0.243419 0.242965 0.223758 0.943875 0.375454 0.187094 -0.129208 0.973808 0.38176 -0.98145 0.0176591 0.190905 -0.489438 -0.041863 -0.99146 -0.123507 0.444199 
1535375334942 0.244655 0.927547 -0.282489 -0.635726 -0.93874 0.29952 0.170455 -0.243326 0.242716 0.223481 0.944005 0.375498 0.187838 -0.128216 0.973795 0.381801 -0.981405 0.01538 0.191331 -0.48961 -0.0395088 -0.991627 -0.122943 0.444063 
1535375335180 0.244144 0.927605 -0.282742 -0.635879 -0.938867 0.299085 0.170521 -0.243452 0.24274 0.223826 0.943917 0.375426 0.187435 -0.128464 0.97384 0.381776 -0.981446 0.0162845 0.191047 -0.489589 -0.0404012 -0.99158 -0.123028 0.44418 
1535375335195 0.244202 0.927584 -0.282759 -0.635557 -0.938868 0.299128 0.17044 -0.24333 0.242679 0.223851 0.943927 0.375545 0.187717 -0.129021 0.973712 0.381816 -0.981413 0.015623 0.191272 -0.489689 -0.0398904 -0.991519 -0.12369 0.444215 
1535375335209 0.24426 0.927564 -0.282776 -0.635229 -0.938868 0.299172 0.170359 -0.243206 0.242617 0.223878 0.943936 0.375664 0.188 -0.129579 0.973584 0.381857 -0.981379 0.0149611 0.191496 -0.48979 -0.0393798 -0.991456 -0.124353 0.44425 
1535375335426 0.244318 0.927543 -0.282793 -0.634902 -0.938869 0.299216 0.170277 -0.243082 0.242556 0.223904 0.943946 0.375784 0.188283 -0.130136 0.973455 0.381898 -0.981345 0.0142992 0.19172 -0.489891 -0.0388694 -0.991393 -0.125016 0.444285 
1535375335604 0.244376 0.927523 -0.28281 -0.634575 -0.93887 0.29926 0.170196 -0.242957 0.242495 0.22393 0.943955 0.375904 0.188566 -0.130694 0.973325 0.381939 -0.981311 0.0136371 0.191944 -0.489991 -0.0383592 -0.991329 -0.12568 0.44432 
1535375335778 0.244434 0.927503 -0.282827 -0.634248 -0.938871 0.299304 0.170115 -0.242834 0.242433 0.223956 0.943965 0.376023 0.188849 -0.131251 0.973195 0.38198 -0.981276 0.0129749 0.192167 -0.490092 -0.0378491 -0.991264 -0.126343 0.444355 
1535375335963 0.244492 0.927482 -0.282844 -0.633921 -0.938871 0.299348 0.170033 -0.242709 0.242372 0.223982 0.943975 0.376143 0.189133 -0.131807 0.973065 0.382021 -0.981241 0.0123125 0.19239 -0.490193 -0.0373392 -0.991199 -0.127006 0.444391 
1535375336125 0.24455 0.927462 -0.282861 -0.633594 -0.938872 0.299391 0.169952 -0.242585 0.24231 0.224008 0.943984 0.376262 0.189417 -0.132364 0.972934 0.382061 -0.981206 0.01165 0.192612 -0.490293 -0.0368296 -0.991133 -0.127669 0.444426 
1535375336311 0.244608 0.927441 -0.282878 -0.633266 -0.938873 0.299435 0.169871 -0.242461 0.242249 0.224035 0.943994 0.376382 0.189701 -0.13292 0.972803 0.382102 -0.98117 0.0109874 0.192834 -0.490394 -0.0363201 -0.991066 -0.128333 0.444461 
1535375336477 0.244666 0.927421 -0.282895 -0.632939 -0.938874 0.299479 0.16979 -0.242337 0.242187 0.224061 0.944003 0.376501 0.189986 -0.133476 0.972671 0.382143 -0.981134 0.0103246 0.193056 -0.490495 -0.0358107 -0.990998 -0.128996 0.444496 
1535375336666 0.24468 0.927442 -0.282814 -0.633155 -0.938908 0.299442 0.169666 -0.242411 0.242042 0.224022 0.94405 0.376424 0.18968 -0.132713 0.972835 0.382083 -0.981163 0.0113314 0.19285 -0.490338 -0.0366174 -0.99109 -0.128064 0.444399 
1535375336792 0.244651 0.927382 -0.283035 -0.632664 -0.938747 0.299611 0.170255 -0.242258 0.242692 0.224045 0.943877 0.376573 0.190072 -0.133033 0.972715 0.382146 -0.981116 0.0104141 0.193138 -0.490462 -0.0358238 -0.991057 -0.128542 0.44439 
1535375336975 0.244624 0.927321 -0.283257 -0.632167 -0.938586 0.299781 0.170844 -0.242102 0.243342 0.224068 0.943704 0.376723 0.190465 -0.133353 0.972594 0.38221 -0.981069 0.00949628 0.193427 -0.490587 -0.0350301 -0.991023 -0.12902 0.444381 
1535375337176 0.244596 0.927261 -0.283478 -0.631669 -0.938424 0.29995 0.171433 -0.241946 0.243993 0.224091 0.943531 0.376873 0.190859 -0.133672 0.972473 0.382273 -0.98102 0.0085783 0.193716 -0.490712 -0.0342365 -0.990988 -0.129498 0.444372 
1535375337368 0.244568 0.927201 -0.2837 -0.631172 -0.938262 0.30012 0.172022 -0.24179 0.244643 0.224114 0.943357 0.377023 0.191253 -0.133991 0.972352 0.382336 -0.980971 0.0076602 0.194004 -0.490837 -0.0334432 -0.990953 -0.129976 0.444363 
1535375337565 0.24454 0.92714 -0.283921 -0.630677 -0.9381 0.30029 0.172611 -0.241635 0.245293 0.224137 0.943183 0.377173 0.191647 -0.134309 0.972231 0.3824 -0.980921 0.00674197 0.194292 -0.490962 -0.0326499 -0.990917 -0.130455 0.444354 
1535375337750 0.244512 0.92708 -0.284143 -0.630179 -0.937937 0.30046 0.173199 -0.241479 0.245943 0.224159 0.943008 0.377323 0.192041 -0.134627 0.972109 0.382463 -0.98087 0.00582372 0.194579 -0.491086 -0.0318569 -0.990879 -0.130934 0.444345 
1535375337946 0.244483 0.927019 -0.284365 -0.629683 -0.937774 0.300629 0.173788 -0.241324 0.246593 0.224182 0.942833 0.377473 0.192436 -0.134945 0.971987 0.382527 -0.980818 0.00490529 0.194866 -0.491211 -0.031064 -0.990841 -0.131413 0.444336 
1535375338147 0.244455 0.926959 -0.284586 -0.629186 -0.93761 0.300799 0.174376 -0.241167 0.247243 0.224204 0.942658 0.377623 0.192831 -0.135262 0.971864 0.38259 -0.980765 0.00398684 0.195152 -0.491336 -0.0302714 -0.990802 -0.131892 0.444327 
1535375338336 0.244426 0.926898 -0.284808 -0.628689 -0.937446 0.300969 0.174964 -0.241012 0.247892 0.224226 0.942482 0.377773 0.193226 -0.135579 0.971742 0.382653 -0.980711 0.00306827 0.195438 -0.491461 -0.0294788 -0.990762 -0.132371 0.444318 
1535375338551 0.244126 0.927025 -0.284652 -0.628958 -0.937623 0.300564 0.174712 -0.240914 0.247519 0.224244 0.942576 0.377654 0.192976 -0.135151 0.971851 0.382612 -0.980728 0.00425548 0.19533 -0.491245 -0.0305348 -0.990816 -0.131725 0.444341 
1535375338565 0.244105 0.926991 -0.284782 -0.628555 -0.937563 0.300627 0.174924 -0.240768 0.247766 0.224301 0.942497 0.377776 0.193811 -0.134468 0.97178 0.382667 -0.980648 0.00141224 0.195775 -0.491395 -0.0276978 -0.990917 -0.131592 0.444273 
1535375338773 0.244084 0.926956 -0.284914 -0.628148 -0.937503 0.300691 0.175135 -0.240621 0.248013 0.22436 0.942418 0.3779 0.194643 -0.133783 0.971708 0.382722 -0.980559 -0.00143123 0.196219 -0.491546 -0.02486 -0.99101 -0.131461 0.444205 
1535375339006 0.244063 0.926921 -0.285045 -0.627742 -0.937444 0.300755 0.175345 -0.240473 0.24826 0.224419 0.942339 0.378023 0.195474 -0.133095 0.971636 0.382778 -0.980462 -0.00427437 0.196664 -0.491697 -0.0220219 -0.991094 -0.13133 0.444137 
1535375339232 0.244042 0.926886 -0.285177 -0.627335 -0.937384 0.300819 0.175556 -0.240326 0.248507 0.224477 0.94226 0.378146 0.196302 -0.132405 0.971563 0.382833 -0.980356 -0.00711711 0.197109 -0.491848 -0.0191835 -0.99117 -0.131201 0.444069 
1535375339460 0.24402 0.926851 -0.285308 -0.626929 -0.937324 0.300883 0.175767 -0.240179 0.248754 0.224536 0.942181 0.378269 0.197129 -0.131713 0.97149 0.382889 -0.980241 -0.00995958 0.197554 -0.491999 -0.0163448 -0.991238 -0.131074 0.444001 
1535375339674 0.243999 0.926816 -0.28544 -0.626521 -0.937263 0.300947 0.175977 -0.240031 0.249001 0.224594 0.942102 0.378392 0.197953 -0.131018 0.971416 0.382944 -0.980119 -0.0128015 0.198 -0.492151 -0.0135059 -0.991297 -0.130947 0.443933 
1535375339925 0.243978 0.926781 -0.285572 -0.626115 -0.937203 0.301011 0.176188 -0.239883 0.249248 0.224653 0.942023 0.378515 0.198776 -0.130321 0.971342 0.382999 -0.979987 -0.0156432 0.198446 -0.492301 -0.0106668 -0.991348 -0.130822 0.443865 
1535375340159 0.243957 0.926746 -0.285704 -0.625707 -0.937143 0.301075 0.176398 -0.239735 0.249495 0.224712 0.941943 0.378639 0.199596 -0.129621 0.971267 0.383055 -0.979847 -0.0184843 0.198892 -0.492453 -0.00782744 -0.991391 -0.130698 0.443797 
1535375340376 0.243936 0.926711 -0.285835 -0.625301 -0.937083 0.301139 0.176609 -0.239588 0.249742 0.22477 0.941864 0.378762 0.200414 -0.128919 0.971192 0.38311 -0.979699 -0.0213249 0.199338 -0.492604 -0.00498795 -0.991426 -0.130576 0.443729 
1535375340606 0.243776 0.92676 -0.285815 -0.625551 -0.937174 0.300939 0.17647 -0.239597 0.249558 0.224839 0.941896 0.378619 0.200035 -0.129078 0.971249 0.383048 -0.97977 -0.0202356 0.1991 -0.49255 -0.00604559 -0.991428 -0.130514 0.443788 
1535375340623 0.243772 0.926677 -0.286084 -0.625256 -0.937098 0.301055 0.17667 -0.239489 0.249843 0.225022 0.941777 0.378724 0.200009 -0.127931 0.971406 0.383064 -0.979781 -0.0210675 0.198959 -0.492617 -0.00498782 -0.991559 -0.129558 0.443615 
1535375340636 0.243768 0.926595 -0.286354 -0.624957 -0.937023 0.301171 0.17687 -0.239379 0.250128 0.225205 0.941657 0.378829 0.199984 -0.126783 0.971562 0.38308 -0.979791 -0.0219004 0.19882 -0.492683 -0.00392938 -0.991689 -0.128601 0.443442 
1535375340855 0.243764 0.926513 -0.286623 -0.624659 -0.936948 0.301287 0.17707 -0.23927 0.250413 0.225388 0.941538 0.378935 0.199957 -0.125635 0.971716 0.383097 -0.9798 -0.0227334 0.198681 -0.49275 -0.00287101 -0.991816 -0.127643 0.443269 
1535375341017 0.24376 0.926431 -0.286893 -0.624359 -0.936873 0.301404 0.177269 -0.23916 0.250698 0.225571 0.941418 0.37904 0.199929 -0.124488 0.97187 0.383113 -0.979809 -0.0235665 0.198544 -0.492817 -0.00181268 -0.991941 -0.126686 0.443096 
1535375341180 0.243756 0.926348 -0.287162 -0.62406 -0.936798 0.30152 0.177469 -0.239049 0.250983 0.225754 0.941298 0.379146 0.1999 -0.12334 0.972022 0.383129 -0.979816 -0.0243998 0.198407 -0.492884 -0.000754351 -0.992064 -0.125728 0.442922 
1535375341347 0.243751 0.926266 -0.287432 -0.623762 -0.936723 0.301636 0.177669 -0.23894 0.251268 0.225937 0.941178 0.379251 0.19987 -0.122192 0.972173 0.383145 -0.979822 -0.0252331 0.198271 -0.492951 0.000303929 -0.992186 -0.12477 0.442749 
1535375341517 0.243747 0.926183 -0.287701 -0.623463 -0.936647 0.301752 0.177869 -0.23883 0.251553 0.22612 0.941058 0.379356 0.199839 -0.121044 0.972323 0.383161 -0.979828 -0.0260667 0.198136 -0.493017 0.0013622 -0.992305 -0.123811 0.442576 
1535375341680 0.243743 0.926101 -0.287971 -0.623163 -0.936572 0.301869 0.178068 -0.23872 0.251838 0.226303 0.940938 0.379462 0.199806 -0.119895 0.972472 0.383178 -0.979833 -0.0269004 0.198001 -0.493084 0.00242042 -0.992422 -0.122852 0.442403 
1535375341850 0.243738 0.926018 -0.28824 -0.622865 -0.936496 0.301985 0.178268 -0.23861 0.252123 0.226485 0.940818 0.379568 0.199773 -0.118747 0.97262 0.383194 -0.979836 -0.0277343 0.197869 -0.493151 0.00347863 -0.992537 -0.121893 0.44223 
1535375342045 0.243778 0.926071 -0.288034 -0.623051 -0.936545 0.30193 0.178103 -0.238723 0.251903 0.22634 0.940912 0.379511 0.199767 -0.119442 0.972536 0.38315 -0.979839 -0.0271906 0.197928 -0.493108 0.00280307 -0.992469 -0.122465 0.442369 
1535375342072 0.243934 0.925961 -0.288257 -0.622787 -0.936483 0.302141 0.178075 -0.238597 0.251985 0.226509 0.940849 0.3796 0.200011 -0.118795 0.972565 0.383166 -0.97979 -0.026868 0.198215 -0.493224 0.00258383 -0.992555 -0.121769 0.442242 
1535375342087 0.244091 0.925851 -0.288479 -0.622519 -0.93642 0.302353 0.178046 -0.238468 0.252067 0.226678 0.940787 0.37969 0.200255 -0.11815 0.972594 0.383182 -0.979741 -0.0265456 0.198502 -0.49334 0.00236502 -0.992641 -0.121073 0.442116 
1535375342295 0.244247 0.92574 -0.288702 -0.622252 -0.936357 0.302565 0.178017 -0.23834 0.252149 0.226847 0.940724 0.37978 0.200499 -0.117505 0.972622 0.383198 -0.979692 -0.026223 0.198788 -0.493456 0.00214639 -0.992726 -0.120377 0.441989 
1535375342465 0.244404 0.925629 -0.288924 -0.621984 -0.936294 0.302777 0.177989 -0.238211 0.252231 0.227017 0.940661 0.37987 0.200743 -0.11686 0.972649 0.383214 -0.979642 -0.0259002 0.199075 -0.493573 0.00192791 -0.992811 -0.119681 0.441863 
1535375342629 0.244561 0.925519 -0.289146 -0.621717 -0.936231 0.302989 0.17796 -0.238083 0.252313 0.227186 0.940598 0.37996 0.200988 -0.116215 0.972676 0.38323 -0.979592 -0.0255773 0.199361 -0.493689 0.00170964 -0.992895 -0.118984 0.441736 
1535375342797 0.244717 0.925408 -0.289369 -0.621449 -0.936168 0.3032 0.177931 -0.237955 0.252395 0.227355 0.940535 0.38005 0.201232 -0.11557 0.972702 0.383246 -0.979542 -0.0252541 0.199647 -0.493805 0.00149152 -0.992978 -0.118288 0.44161 
1535375342973 0.244874 0.925297 -0.289591 -0.621181 -0.936105 0.303412 0.177902 -0.237827 0.252478 0.227524 0.940472 0.38014 0.201477 -0.114925 0.972728 0.383262 -0.979492 -0.0249309 0.199933 -0.493921 0.00127359 -0.993061 -0.117591 0.441483 
1535375343145 0.24503 0.925186 -0.289813 -0.620913 -0.936041 0.303624 0.177873 -0.237698 0.25256 0.227693 0.940409 0.38023 0.201722 -0.11428 0.972753 0.383279 -0.979442 -0.0246073 0.200218 -0.494038 0.00105582 -0.993144 -0.116895 0.441357 
1535375343300 0.245187 0.925074 -0.290036 -0.620645 -0.935978 0.303836 0.177844 -0.23757 0.252642 0.227862 0.940346 0.38032 0.201967 -0.113635 0.972778 0.383295 -0.979392 -0.0242836 0.200503 -0.494154 0.000838234 -0.993226 -0.116198 0.44123 
1535375343478 0.245114 0.925098 -0.290023 -0.620836 -0.936014 0.303749 0.177805 -0.23772 0.252581 0.227883 0.940358 0.380205 0.201591 -0.114396 0.972766 0.3833 -0.979469 -0.024657 0.20008 -0.494063 0.00109708 -0.993129 -0.117018 0.441347 
1535375343497 0.245151 0.925075 -0.290065 -0.62064 -0.936022 0.303776 0.177713 -0.237633 0.252513 0.227941 0.940362 0.380269 0.201775 -0.114165 0.972755 0.383297 -0.979431 -0.0251377 0.200209 -0.494135 0.00159601 -0.993144 -0.116889 0.441338 
1535375343511 0.245189 0.925051 -0.290109 -0.620439 -0.936031 0.303804 0.177621 -0.237543 0.252445 0.228001 0.940366 0.380333 0.201959 -0.113933 0.972745 0.383295 -0.979392 -0.0256183 0.200339 -0.494209 0.00209497 -0.993158 -0.116758 0.441328 
1535375343529 0.245227 0.925027 -0.290154 -0.620238 -0.936039 0.303832 0.177529 -0.237454 0.252377 0.22806 0.940369 0.380398 0.202143 -0.1137 0.972734 0.383292 -0.979353 -0.0260988 0.200468 -0.494282 0.00259394 -0.993172 -0.116629 0.441319 
1535375343705 0.245265 0.925003 -0.290198 -0.620037 -0.936048 0.30386 0.177437 -0.237364 0.252309 0.22812 0.940373 0.380462 0.202326 -0.113468 0.972722 0.38329 -0.979313 -0.0265793 0.200597 -0.494356 0.00309294 -0.993186 -0.116499 0.44131 
1535375343773 0.245302 0.924979 -0.290242 -0.619836 -0.936056 0.303888 0.177345 -0.237274 0.252241 0.22818 0.940377 0.380527 0.20251 -0.113236 0.972711 0.383288 -0.979274 -0.0270597 0.200726 -0.49443 0.00359195 -0.9932 -0.116369 0.441301 
1535375343907 0.24534 0.924955 -0.290286 -0.619634 -0.936065 0.303916 0.177252 -0.237184 0.252173 0.22824 0.94038 0.380592 0.202693 -0.113003 0.9727 0.383285 -0.979234 -0.0275402 0.200855 -0.494503 0.00409101 -0.993213 -0.116239 0.441292 
1535375343966 0.245378 0.924931 -0.290331 -0.619433 -0.936073 0.303943 0.17716 -0.237095 0.252105 0.228299 0.940384 0.380656 0.202876 -0.112771 0.972689 0.383283 -0.979194 -0.0280205 0.200984 -0.494577 0.00459007 -0.993226 -0.116109 0.441283 
1535375344108 0.245416 0.924907 -0.290375 -0.619233 -0.936081 0.303971 0.177068 -0.237006 0.252037 0.228359 0.940388 0.380721 0.203059 -0.112538 0.972678 0.38328 -0.979153 -0.0285009 0.201114 -0.49465 0.00508916 -0.993239 -0.11598 0.441273 
1535375344176 0.245453 0.924883 -0.290419 -0.619031 -0.93609 0.303999 0.176976 -0.236916 0.251969 0.228419 0.940392 0.380786 0.203243 -0.112306 0.972666 0.383278 -0.979112 -0.0289812 0.201243 -0.494724 0.00558829 -0.993251 -0.11585 0.441264 
1535375344327 0.245302 0.924882 -0.290552 -0.619269 -0.936098 0.303909 0.177087 -0.236969 0.252086 0.228546 0.94033 0.380652 0.202777 -0.112631 0.972726 0.383243 -0.979214 -0.0280107 0.200886 -0.494669 0.00462068 -0.993242 -0.11597 0.441283 
1535375344340 0.245354 0.924877 -0.290524 -0.619052 -0.936107 0.303932 0.176998 -0.236871 0.252001 0.228535 0.940355 0.380712 0.202583 -0.113049 0.972718 0.383234 -0.979258 -0.0271334 0.200792 -0.494718 0.00369391 -0.993219 -0.116201 0.441326 
1535375344487 0.245406 0.924872 -0.290497 -0.618829 -0.936117 0.303956 0.176909 -0.236771 0.251916 0.228525 0.94038 0.380772 0.202389 -0.113466 0.97271 0.383224 -0.979301 -0.0262566 0.200698 -0.494767 0.00276766 -0.993195 -0.116431 0.441368 
1535375344601 0.245458 0.924866 -0.29047 -0.618605 -0.936126 0.303979 0.176819 -0.236671 0.251831 0.228515 0.940405 0.380833 0.202195 -0.113883 0.972701 0.383215 -0.979344 -0.0253797 0.200604 -0.494815 0.00184144 -0.99317 -0.116662 0.441411 
1535375344700 0.24551 0.924861 -0.290443 -0.618384 -0.936135 0.304003 0.176731 -0.236571 0.251747 0.228505 0.94043 0.380894 0.202 -0.1143 0.972693 0.383205 -0.979385 -0.0245028 0.200511 -0.494864 0.000915317 -0.993144 -0.116893 0.441454 
1535375344821 0.245561 0.924856 -0.290416 -0.618161 -0.936144 0.304026 0.176641 -0.236471 0.251662 0.228495 0.940455 0.380955 0.201805 -0.114717 0.972684 0.383196 -0.979426 -0.0236257 0.200417 -0.494913 -1.08194e-05 -0.993117 -0.117124 0.441497 
1535375344934 0.245613 0.924851 -0.290389 -0.617938 -0.936153 0.30405 0.176552 -0.23637 0.251577 0.228485 0.940481 0.381015 0.201609 -0.115133 0.972676 0.383186 -0.979466 -0.0227487 0.200324 -0.494962 -0.000936865 -0.99309 -0.117355 0.441539 
1535375345042 0.245665 0.924845 -0.290361 -0.617716 -0.936163 0.304073 0.176463 -0.23627 0.251492 0.228475 0.940506 0.381076 0.201414 -0.115549 0.972667 0.383177 -0.979504 -0.0218716 0.200231 -0.495011 -0.00186286 -0.993061 -0.117586 0.441582 
1535375345163 0.245717 0.92484 -0.290334 -0.617494 -0.936172 0.304096 0.176374 -0.236171 0.251408 0.228464 0.940531 0.381137 0.201217 -0.115966 0.972658 0.383167 -0.979543 -0.0209943 0.200138 -0.495059 -0.00278885 -0.993031 -0.117818 0.441625 
1535375345295 0.245768 0.924835 -0.290307 -0.617271 -0.936181 0.30412 0.176285 -0.23607 0.251323 0.228455 0.940556 0.381198 0.201021 -0.116382 0.972649 0.383158 -0.97958 -0.0201171 0.200046 -0.495108 -0.00371476 -0.993001 -0.118049 0.441667 
1535375345412 0.245484 0.924887 -0.290381 -0.617525 -0.936243 0.303874 0.176378 -0.236094 0.251369 0.228569 0.940516 0.3811 0.201182 -0.115929 0.97267 0.383166 -0.97955 -0.0211128 0.200089 -0.495056 -0.00266036 -0.993033 -0.117806 0.44157 
1535375345424 0.245483 0.924887 -0.290383 -0.617277 -0.936135 0.303972 0.176781 -0.236041 0.251771 0.228442 0.940439 0.381174 0.201139 -0.115409 0.97274 0.383152 -0.979562 -0.022195 0.199916 -0.495132 -0.00148201 -0.99307 -0.117514 0.44153 
1535375345598 0.245483 0.924886 -0.290387 -0.617024 -0.936027 0.304071 0.177184 -0.235986 0.252173 0.228315 0.940362 0.381248 0.201094 -0.114888 0.972811 0.383139 -0.979572 -0.0232773 0.199742 -0.495209 -0.000303525 -0.993106 -0.117222 0.44149 
1535375345733 0.245483 0.924884 -0.290391 -0.616772 -0.935919 0.304169 0.177586 -0.235931 0.252575 0.228188 0.940285 0.381323 0.201049 -0.114367 0.972882 0.383126 -0.979581 -0.0243596 0.199569 -0.495286 0.000874962 -0.99314 -0.116929 0.44145 
1535375345858 0.245482 0.924883 -0.290395 -0.616518 -0.93581 0.304268 0.177989 -0.235876 0.252977 0.228061 0.940208 0.381397 0.201003 -0.113846 0.972953 0.383113 -0.979589 -0.025442 0.199397 -0.495362 0.00205344 -0.993173 -0.116636 0.44141 
1535375345977 0.245482 0.924882 -0.290399 -0.616265 -0.935702 0.304366 0.178392 -0.235821 0.253379 0.227935 0.94013 0.381472 0.200956 -0.113325 0.973023 0.383099 -0.979595 -0.0265245 0.199224 -0.495439 0.00323189 -0.993204 -0.116343 0.441369 
1535375346105 0.245482 0.924881 -0.290402 -0.616013 -0.935593 0.304465 0.178795 -0.235766 0.253781 0.227808 0.940053 0.381546 0.200909 -0.112804 0.973093 0.383086 -0.9796 -0.027607 0.199052 -0.495516 0.00441032 -0.993234 -0.116049 0.441329 
1535375346213 0.245482 0.92488 -0.290406 -0.615759 -0.935484 0.304563 0.179198 -0.23571 0.254183 0.227681 0.939975 0.381621 0.200861 -0.112283 0.973164 0.383073 -0.979604 -0.0286896 0.19888 -0.495593 0.00558873 -0.993262 -0.115756 0.441289 
1535375346332 0.245481 0.924879 -0.29041 -0.615507 -0.935374 0.304661 0.1796 -0.235655 0.254585 0.227554 0.939897 0.381695 0.200813 -0.111763 0.973233 0.383059 -0.979606 -0.0297723 0.198709 -0.495669 0.00676713 -0.993289 -0.115462 0.441249 
1535375346437 0.245481 0.924878 -0.290414 -0.615255 -0.935265 0.304759 0.180003 -0.235601 0.254987 0.227427 0.939818 0.381769 0.200764 -0.111242 0.973303 0.383046 -0.979607 -0.0308549 0.198538 -0.495746 0.00794549 -0.993314 -0.115168 0.441209 
1535375346577 0.245542 0.924833 -0.290504 -0.61552 -0.93536 0.304736 0.179549 -0.23567 0.25458 0.227639 0.939877 0.381677 0.200663 -0.111684 0.973273 0.383 -0.979637 -0.0297869 0.198556 -0.495751 0.00681527 -0.993297 -0.115387 0.441233 
1535375346591 0.245559 0.924849 -0.29044 -0.615195 -0.935271 0.304815 0.179879 -0.235563 0.254891 0.22747 0.939834 0.38177 0.200956 -0.110668 0.973329 0.383001 -0.979572 -0.0303133 0.198798 -0.495916 0.00750427 -0.993395 -0.114499 0.441091 
1535375346608 0.245576 0.924864 -0.290378 -0.614866 -0.935181 0.304895 0.180207 -0.235454 0.255202 0.227302 0.93979 0.381863 0.20125 -0.109652 0.973383 0.383003 -0.979506 -0.0308391 0.199041 -0.496082 0.00819301 -0.993492 -0.113611 0.440949 
1535375346809 0.245594 0.924879 -0.290316 -0.614537 -0.935092 0.304975 0.180536 -0.235346 0.255513 0.227133 0.939747 0.381957 0.201542 -0.108636 0.973437 0.383004 -0.97944 -0.0313645 0.199284 -0.496248 0.00888197 -0.993587 -0.112724 0.440807 
1535375346971 0.245611 0.924894 -0.290253 -0.614208 -0.935003 0.305055 0.180864 -0.235237 0.255823 0.226965 0.939703 0.38205 0.201834 -0.10762 0.973489 0.383006 -0.979373 -0.0318898 0.199528 -0.496415 0.00957123 -0.993681 -0.111836 0.440666 
1535375347131 0.245628 0.924909 -0.290191 -0.613878 -0.934913 0.305134 0.181192 -0.235127 0.256134 0.226797 0.939659 0.382144 0.202125 -0.106603 0.973541 0.383008 -0.979306 -0.0324147 0.199772 -0.496581 0.0102607 -0.993773 -0.110949 0.440524 
1535375347307 0.245646 0.924924 -0.290128 -0.61355 -0.934823 0.305214 0.181521 -0.235019 0.256444 0.226629 0.939615 0.382237 0.202415 -0.105586 0.973591 0.383009 -0.979239 -0.0329394 0.200017 -0.496747 0.0109505 -0.993864 -0.110061 0.440382 
1535375347463 0.245663 0.924939 -0.290066 -0.613222 -0.934733 0.305293 0.18185 -0.23491 0.256755 0.226461 0.93957 0.38233 0.202704 -0.104569 0.973641 0.383011 -0.979171 -0.0334637 0.200261 -0.496914 0.0116405 -0.993954 -0.109174 0.44024 
1535375347628 0.24568 0.924954 -0.290004 -0.612891 -0.934644 0.305373 0.182178 -0.234801 0.257065 0.226293 0.939526 0.382424 0.202993 -0.103552 0.973689 0.383012 -0.979102 -0.0339879 0.200507 -0.49708 0.0123308 -0.994043 -0.108287 0.440098 
1535375347801 0.245698 0.924968 -0.289941 -0.612563 -0.934554 0.305452 0.182506 -0.234692 0.257376 0.226124 0.939482 0.382518 0.203281 -0.102534 0.973737 0.383014 -0.979034 -0.0345118 0.200753 -0.497246 0.0130213 -0.994131 -0.1074 0.439957 
1535375347980 0.245632 0.925005 -0.289879 -0.612815 -0.934651 0.305307 0.182252 -0.234743 0.257086 0.226169 0.93955 0.382465 0.202965 -0.103183 0.973734 0.382993 -0.979106 -0.0341073 0.20047 -0.497181 0.0125263 -0.994077 -0.10795 0.440048 
1535375347993 0.245852 0.924933 -0.289923 -0.612452 -0.934596 0.305523 0.18217 -0.234578 0.257073 0.226174 0.939552 0.382564 0.202695 -0.103423 0.973765 0.382999 -0.979177 -0.0328789 0.20033 -0.497304 0.0112976 -0.994094 -0.107934 0.440013 
1535375348145 0.246074 0.92486 -0.289968 -0.612085 -0.934542 0.305739 0.182087 -0.23441 0.257059 0.226181 0.939555 0.382664 0.202427 -0.103665 0.973795 0.383005 -0.979246 -0.0316505 0.20019 -0.497427 0.0100684 -0.994109 -0.10792 0.439979 
1535375348326 0.246296 0.924787 -0.290013 -0.611718 -0.934487 0.305955 0.182003 -0.234243 0.257045 0.226187 0.939557 0.382764 0.202157 -0.103905 0.973825 0.38301 -0.979313 -0.030422 0.200051 -0.49755 0.00883944 -0.994122 -0.107906 0.439944 
1535375348509 0.246517 0.924714 -0.290058 -0.611351 -0.934433 0.306172 0.18192 -0.234076 0.257031 0.226193 0.939559 0.382863 0.201888 -0.104146 0.973856 0.383016 -0.979379 -0.0291935 0.199911 -0.497673 0.00761044 -0.994134 -0.107892 0.43991 
1535375348692 0.246739 0.924641 -0.290102 -0.610985 -0.934378 0.306388 0.181837 -0.233909 0.257017 0.226199 0.939562 0.382963 0.201618 -0.104386 0.973886 0.383022 -0.979444 -0.0279649 0.199771 -0.497796 0.00638141 -0.994144 -0.107878 0.439875 
