1530570199493 0.275657 -0.8825 0.381061 -0.604483 0.633204 0.464965 0.618757 -0.181741 -0.723233 0.0707247 0.686973 0.426588 -0.0894511 -0.991406 -0.095456 0.448733 -0.145628 0.107829 -0.983446 -0.497026 0.985287 -0.0740692 -0.154022 0.445727 
1530570199509 0.279959 -0.928327 0.244604 0.300914 -0.147635 -0.293395 -0.944523 -0.479405 0.948592 0.228316 -0.219193 0.477999 -0.0821825 -0.991997 -0.0958524 0.442524 -0.146503 0.107158 -0.983389 -0.496451 0.985791 -0.0667747 -0.154137 0.445286 
1530570199952 0.230439 -0.928572 0.290949 0.201144 0.100162 -0.274773 -0.956278 -0.454448 0.967918 0.249506 0.0296893 0.470138 -0.0749094 -0.992535 -0.0962488 0.436316 -0.147374 0.106479 -0.983333 -0.495876 0.98624 -0.0594764 -0.15425 0.444845 
1530570199959 0.170924 -0.930702 0.323387 0.101345 0.342533 -0.251615 -0.905186 -0.429528 0.923827 0.265489 0.275789 0.46227 -0.0676327 -0.993018 -0.0966458 0.430107 -0.14824 0.105794 -0.983276 -0.495301 0.986636 -0.0521749 -0.15436 0.444404 
1530570200415 0.105241 -0.934585 0.339817 0.00154856 0.563806 -0.225413 -0.794552 -0.404593 0.819175 0.27521 0.503202 0.454389 -0.0603526 -0.993449 -0.097044 0.423899 -0.1491 0.105103 -0.983221 -0.494726 0.986979 -0.0448706 -0.154467 0.443963 
1530570201057 0.0376412 -0.939972 0.33917 -0.0982441 0.749696 -0.197848 -0.631515 -0.379703 0.660711 0.278046 0.697246 0.446561 -0.0530696 -0.993825 -0.097443 0.41769 -0.149956 0.104405 -0.983165 -0.494152 0.987267 -0.037564 -0.15457 0.443523 
1530570201510 -0.0274964 -0.946509 0.321504 -0.19804 0.888171 -0.170715 -0.426625 -0.354799 0.45869 0.273819 0.845356 0.438708 -0.0457841 -0.994148 -0.0978428 0.411481 -0.150806 0.103701 -0.983109 -0.493577 0.987503 -0.0302555 -0.154671 0.443082 
1530570201968 -0.0859579 -0.953775 0.287965 -0.297843 0.970288 -0.145755 -0.193125 -0.329885 0.22617 0.262808 0.937965 0.430849 -0.0384961 -0.994418 -0.0982433 0.405273 -0.151651 0.102991 -0.983054 -0.493002 0.987684 -0.022945 -0.15477 0.442641 
1530570202420 -0.133892 -0.961306 0.240757 -0.39763 0.990756 -0.124507 0.0538483 -0.304986 -0.0217887 0.245741 0.969091 0.423012 -0.0312067 -0.994633 -0.0986445 0.399064 -0.152491 0.102275 -0.982999 -0.492427 0.987812 -0.0156338 -0.154864 0.4422 
1530570202883 -0.16635 -0.968714 0.184174 -0.49704 0.948952 -0.106511 0.296892 -0.280489 -0.267987 0.224161 0.936982 0.415826 -0.0239162 -0.994795 -0.0990461 0.392856 -0.153325 0.101552 -0.982944 -0.491852 0.987886 -0.008322 -0.154956 0.441759 
1530570203359 -0.16635 -0.968714 0.184174 -0.49704 0.948952 -0.106511 0.296892 -0.280489 -0.267987 0.224161 0.936982 0.415826 -0.0239612 -0.994752 -0.0994703 0.393539 -0.152863 0.101974 -0.982972 -0.49174 0.987957 -0.00834777 -0.154505 0.441789 
1530570203371 0.279944 -0.928332 0.244602 0.300919 -0.147641 -0.29339 -0.944523 -0.479385 0.948596 0.2283 -0.219192 0.478003 -0.0232276 -0.99477 -0.0994691 0.39285 -0.152993 0.101861 -0.982964 -0.491694 0.987954 -0.00761384 -0.154559 0.441742 
1530570203391 0.230438 -0.928573 0.290948 0.201144 0.100162 -0.274772 -0.956278 -0.454448 0.967918 0.249504 0.0296897 0.470138 -0.0224942 -0.994787 -0.0994672 0.392161 -0.153122 0.101747 -0.982955 -0.491647 0.987951 -0.0068802 -0.154613 0.441695 
1530570203579 0.170949 -0.930694 0.323397 0.101346 0.342532 -0.251618 -0.905185 -0.429524 0.923823 0.265514 0.275778 0.46227 -0.0217616 -0.994803 -0.0994653 0.391471 -0.153251 0.101632 -0.982947 -0.491601 0.987948 -0.00614734 -0.154666 0.441647 
1530570203744 0.105261 -0.934577 0.339832 0.00154926 0.5638 -0.225417 -0.794555 -0.40459 0.819176 0.275233 0.503186 0.454388 -0.0210274 -0.994819 -0.0994635 0.390782 -0.15338 0.101518 -0.982939 -0.491555 0.987943 -0.00541293 -0.15472 0.4416 
1530570203897 0.0376357 -0.939972 0.339171 -0.0982456 0.749696 -0.197853 -0.631515 -0.379703 0.660712 0.278042 0.697246 0.446561 -0.020294 -0.994834 -0.0994617 0.390093 -0.153509 0.101403 -0.98293 -0.491509 0.987939 -0.0046793 -0.154774 0.441553 
1530570204041 -0.0275103 -0.946508 0.321506 -0.198043 0.888169 -0.170729 -0.426624 -0.354797 0.458694 0.273815 0.845355 0.438706 -0.0195606 -0.994849 -0.0994606 0.389404 -0.153638 0.101289 -0.982922 -0.491462 0.987934 -0.00394561 -0.154828 0.441506 
1530570204196 -0.0859875 -0.953774 0.28796 -0.297848 0.970285 -0.145782 -0.193118 -0.329881 0.22617 0.262798 0.937968 0.430844 -0.0188271 -0.994864 -0.0994582 0.388715 -0.153767 0.101174 -0.982914 -0.491416 0.987928 -0.00321205 -0.154882 0.441459 
1530570204352 -0.133994 -0.961304 0.240707 -0.397649 0.990742 -0.124599 0.0539059 -0.30497 -0.0218281 0.245702 0.9691 0.422988 -0.0180936 -0.994877 -0.0994565 0.388025 -0.153896 0.101059 -0.982906 -0.49137 0.987921 -0.00247843 -0.154936 0.441411 
1530570204510 -0.168165 -0.968644 0.182894 -0.4974 0.948284 -0.108292 0.298379 -0.280131 -0.269217 0.223613 0.93676 0.415185 -0.0173602 -0.994891 -0.0994549 0.387336 -0.154024 0.100944 -0.982897 -0.491323 0.987915 -0.00174483 -0.15499 0.441364 
1530570204683 -0.168165 -0.968644 0.182894 -0.4974 0.948284 -0.108292 0.298379 -0.280131 -0.269217 0.223613 0.93676 0.415185 -0.0177647 -0.994882 -0.0994714 0.387754 -0.153865 0.101022 -0.982914 -0.491365 0.987932 -0.002156 -0.154872 0.441407 
1530570204696 0.279944 -0.928332 0.244603 0.300918 -0.14764 -0.293391 -0.944523 -0.479383 0.948596 0.228301 -0.219192 0.478 -0.0176518 -0.994884 -0.0994704 0.387643 -0.153894 0.101004 -0.982912 -0.491356 0.98793 -0.00204228 -0.154889 0.441398 
1530570204712 0.230433 -0.928574 0.290949 0.201135 0.100157 -0.274774 -0.956278 -0.454444 0.96792 0.249499 0.0296862 0.470131 -0.0175377 -0.994886 -0.0994685 0.387533 -0.153922 0.100984 -0.982909 -0.491347 0.987927 -0.00192755 -0.154906 0.441389 
1530570204729 0.170907 -0.930708 0.323379 0.101361 0.342537 -0.25161 -0.905185 -0.429539 0.923828 0.265472 0.2758 0.462285 -0.0174238 -0.994888 -0.0994666 0.387422 -0.153951 0.100965 -0.982906 -0.491339 0.987925 -0.00181301 -0.154923 0.44138 
1530570204746 0.105225 -0.934591 0.339806 0.00157287 0.563812 -0.225408 -0.794548 -0.404636 0.819172 0.275193 0.503215 0.45443 -0.01731 -0.994891 -0.0994648 0.387311 -0.15398 0.100945 -0.982904 -0.49133 0.987922 -0.00169846 -0.15494 0.441371 
1530570204762 0.0376324 -0.939973 0.339168 -0.0982377 0.749694 -0.197854 -0.631516 -0.379715 0.660713 0.278038 0.697247 0.446568 -0.0171961 -0.994893 -0.0994628 0.387201 -0.154009 0.100926 -0.982901 -0.491321 0.98792 -0.00158392 -0.154958 0.441362 
1530570204779 -0.0275109 -0.946508 0.321506 -0.198044 0.888168 -0.170729 -0.426625 -0.354797 0.458694 0.273814 0.845355 0.438706 -0.0170822 -0.994895 -0.0994609 0.38709 -0.154037 0.100906 -0.982899 -0.491312 0.987917 -0.00146938 -0.154975 0.441353 
1530570204796 -0.0859935 -0.953774 0.28796 -0.297849 0.970284 -0.145787 -0.193117 -0.32988 0.226171 0.262796 0.937968 0.430843 -0.0169683 -0.994897 -0.099459 0.386979 -0.154066 0.100887 -0.982896 -0.491303 0.987915 -0.00135483 -0.154992 0.441344 
1530570204812 -0.134035 -0.9613 0.240699 -0.397656 0.990736 -0.12464 0.0539165 -0.304962 -0.0218293 0.245696 0.969101 0.422982 -0.0168544 -0.994899 -0.0994571 0.386868 -0.154095 0.100867 -0.982894 -0.491295 0.987912 -0.00124029 -0.155009 0.441335 
1530570204917 -0.168532 -0.968602 0.182777 -0.497457 0.948201 -0.108653 0.298511 -0.280044 -0.269279 0.223618 0.936741 0.415121 -0.0167406 -0.994901 -0.0994552 0.386758 -0.154124 0.100848 -0.982891 -0.491286 0.98791 -0.00112575 -0.155026 0.441326 
1530570204957 -0.168532 -0.968602 0.182777 -0.497457 0.948201 -0.108653 0.298511 -0.280044 -0.269279 0.223618 0.936741 0.415121 -0.0169539 -0.994893 -0.0995043 0.387244 -0.154039 0.100929 -0.982896 -0.491242 0.987919 -0.00133635 -0.154964 0.441295 
1530570204967 0.279949 -0.92833 0.244604 0.300903 -0.147644 -0.293394 -0.944522 -0.479377 0.948594 0.228304 -0.219197 0.477994 -0.0175072 -0.994776 -0.100572 0.387253 -0.15385 0.102069 -0.982808 -0.491195 0.987939 -0.00173321 -0.154834 0.441283 
1530570204984 0.230423 -0.928578 0.290943 0.201162 0.100165 -0.274767 -0.956279 -0.454451 0.967922 0.249491 0.0296987 0.470149 -0.0180598 -0.994657 -0.101639 0.387262 -0.15366 0.103209 -0.982719 -0.491147 0.987959 -0.00212982 -0.154703 0.441272 
1530570205130 0.170901 -0.930709 0.323378 0.10138 0.342534 -0.251613 -0.905186 -0.429553 0.923831 0.265465 0.275798 0.462288 -0.0186122 -0.994538 -0.102706 0.387271 -0.153469 0.104349 -0.982628 -0.4911 0.987978 -0.00252659 -0.154573 0.44126 
1530570205184 0.105225 -0.934591 0.339806 0.00157044 0.563812 -0.225409 -0.794548 -0.404635 0.819173 0.275193 0.503215 0.45443 -0.0191641 -0.994416 -0.103774 0.38728 -0.153277 0.105488 -0.982537 -0.491053 0.987997 -0.00292327 -0.154443 0.441248 
1530570205284 0.0376322 -0.939973 0.339168 -0.0982381 0.749694 -0.197854 -0.631516 -0.379714 0.660713 0.278038 0.697247 0.446568 -0.0197162 -0.994294 -0.104841 0.387289 -0.153085 0.106627 -0.982444 -0.491005 0.988016 -0.00332041 -0.154314 0.441237 
1530570205333 -0.027511 -0.946508 0.321505 -0.198044 0.888169 -0.170729 -0.426624 -0.354797 0.458694 0.273814 0.845356 0.438706 -0.0202681 -0.994169 -0.105908 0.387298 -0.152892 0.107766 -0.982349 -0.490958 0.988035 -0.0037178 -0.154185 0.441225 
1530570205441 -0.0859929 -0.953774 0.28796 -0.297849 0.970284 -0.145787 -0.193118 -0.32988 0.226172 0.262796 0.937968 0.430843 -0.0208197 -0.994044 -0.106975 0.387307 -0.152699 0.108905 -0.982254 -0.490911 0.988053 -0.00411518 -0.154057 0.441213 
1530570205486 -0.134036 -0.961301 0.240698 -0.397656 0.990736 -0.12464 0.0539166 -0.304962 -0.0218294 0.245695 0.969101 0.422982 -0.021371 -0.993917 -0.108043 0.387316 -0.152505 0.110043 -0.982157 -0.490864 0.988072 -0.0045127 -0.153929 0.441201 
1530570205592 -0.168532 -0.968602 0.182777 -0.497457 0.948201 -0.108653 0.298511 -0.280044 -0.269279 0.223618 0.936741 0.415121 -0.0219221 -0.993788 -0.10911 0.387325 -0.15231 0.111182 -0.982059 -0.490816 0.98809 -0.00491035 -0.153801 0.44119 
1530570205671 -0.168532 -0.968602 0.182777 -0.497457 0.948201 -0.108653 0.298511 -0.280044 -0.269279 0.223618 0.936741 0.415121 -0.0211723 -0.993942 -0.10785 0.387292 -0.152587 0.109823 -0.982169 -0.490876 0.988063 -0.00433826 -0.153988 0.44118 
1530570205681 0.279948 -0.928331 0.244603 0.300905 -0.147646 -0.293394 -0.944521 -0.479376 0.948594 0.228302 -0.219199 0.477997 -0.0215682 -0.994064 -0.106633 0.387455 -0.15322 0.108684 -0.982197 -0.490861 0.987957 -0.0048459 -0.154655 0.44132 
1530570205701 0.230424 -0.928578 0.290944 0.201164 0.100163 -0.274768 -0.956279 -0.454459 0.967922 0.249491 0.0296964 0.470156 -0.0219633 -0.994186 -0.105416 0.387617 -0.153856 0.107546 -0.982223 -0.490847 0.987849 -0.005354 -0.155323 0.441461 
1530570205861 0.1709 -0.930709 0.323379 0.101382 0.342533 -0.251614 -0.905186 -0.429555 0.923831 0.265464 0.275798 0.462288 -0.0223575 -0.994305 -0.104198 0.38778 -0.154491 0.106408 -0.982247 -0.490832 0.987741 -0.00586287 -0.15599 0.441601 
1530570205973 0.105225 -0.934591 0.339806 0.00157168 0.563812 -0.225409 -0.794548 -0.404636 0.819173 0.275193 0.503214 0.45443 -0.0227509 -0.994423 -0.10298 0.387943 -0.155127 0.10527 -0.98227 -0.490818 0.987633 -0.00637267 -0.156656 0.441742 
1530570206075 0.0376322 -0.939973 0.339168 -0.0982379 0.749694 -0.197854 -0.631516 -0.379714 0.660713 0.278038 0.697247 0.446568 -0.0231436 -0.99454 -0.101761 0.388105 -0.155763 0.104133 -0.98229 -0.490803 0.987523 -0.00688304 -0.157323 0.441882 
1530570206174 -0.027511 -0.946508 0.321505 -0.198044 0.888168 -0.170729 -0.426625 -0.354797 0.458694 0.273814 0.845355 0.438705 -0.0235354 -0.994654 -0.100543 0.388268 -0.1564 0.102996 -0.982309 -0.490788 0.987413 -0.00739413 -0.157988 0.442022 
1530570206280 -0.0859935 -0.953774 0.28796 -0.297849 0.970284 -0.145788 -0.193118 -0.32988 0.226171 0.262796 0.937968 0.430843 -0.0239265 -0.994767 -0.0993236 0.388431 -0.157038 0.101858 -0.982326 -0.490774 0.987303 -0.00790608 -0.158653 0.442163 
1530570206392 -0.134035 -0.961301 0.240699 -0.397656 0.990736 -0.124639 0.0539163 -0.304962 -0.0218293 0.245695 0.969101 0.422982 -0.0243167 -0.994879 -0.0981039 0.388594 -0.157675 0.100721 -0.982341 -0.490759 0.987192 -0.0084188 -0.159317 0.442303 
1530570206499 -0.168532 -0.968602 0.182777 -0.497457 0.948201 -0.108653 0.298511 -0.280044 -0.269279 0.223618 0.936741 0.415121 -0.0247062 -0.994989 -0.0968838 0.388756 -0.158313 0.0995846 -0.982354 -0.490745 0.98708 -0.00893227 -0.15998 0.442444 
1530570206629 -0.168532 -0.968602 0.182777 -0.497457 0.948201 -0.108653 0.298511 -0.280044 -0.269279 0.223618 0.936741 0.415121 -0.0244332 -0.994884 -0.098024 0.388558 -0.157928 0.100663 -0.982306 -0.490774 0.987148 -0.00852021 -0.159579 0.442214 
1530570206645 0.279947 -0.928331 0.244603 0.300906 -0.147648 -0.293393 -0.944521 -0.479374 0.948594 0.228301 -0.219201 0.477999 -0.0247446 -0.994939 -0.0973897 0.388681 -0.156983 0.100078 -0.982518 -0.490766 0.987291 -0.00902349 -0.158665 0.442148 
1530570206786 0.230423 -0.928578 0.290944 0.201164 0.100164 -0.274768 -0.956279 -0.454459 0.967922 0.249491 0.0296967 0.470155 -0.0250563 -0.994993 -0.0967561 0.388804 -0.156037 0.0994928 -0.982728 -0.490758 0.987433 -0.00952601 -0.157748 0.442082 
1530570206792 0.1709 -0.930709 0.323379 0.101382 0.342533 -0.251613 -0.905186 -0.429555 0.923831 0.265464 0.275798 0.462288 -0.0253685 -0.995046 -0.0961228 0.388928 -0.155091 0.098907 -0.982937 -0.490749 0.987574 -0.0100278 -0.156832 0.442015 
1530570206925 0.105225 -0.934591 0.339806 0.0015715 0.563812 -0.225409 -0.794548 -0.404636 0.819173 0.275193 0.503214 0.45443 -0.0256813 -0.995099 -0.0954898 0.389051 -0.154145 0.0983207 -0.983144 -0.490741 0.987714 -0.0105291 -0.155915 0.441949 
1530570207132 0.0376321 -0.939973 0.339168 -0.0982377 0.749694 -0.197854 -0.631516 -0.379715 0.660714 0.278038 0.697246 0.446568 -0.0259947 -0.995151 -0.094857 0.389174 -0.153199 0.0977339 -0.98335 -0.490733 0.987853 -0.0110299 -0.154997 0.441883 
1530570207270 -0.027511 -0.946508 0.321505 -0.198043 0.888168 -0.170729 -0.426625 -0.354797 0.458694 0.273814 0.845355 0.438705 -0.0263088 -0.995203 -0.0942244 0.389297 -0.152253 0.0971465 -0.983556 -0.490725 0.987991 -0.0115302 -0.154079 0.441817 
1530570207407 -0.0859935 -0.953774 0.28796 -0.297849 0.970284 -0.145788 -0.193118 -0.32988 0.226171 0.262796 0.937968 0.430843 -0.0266233 -0.995255 -0.0935921 0.38942 -0.151308 0.0965586 -0.983759 -0.490717 0.988128 -0.0120297 -0.15316 0.441751 
1530570207546 -0.134035 -0.961301 0.240699 -0.397656 0.990736 -0.124639 0.0539163 -0.304962 -0.0218293 0.245695 0.969101 0.422982 -0.0269385 -0.995305 -0.0929601 0.389544 -0.150362 0.0959703 -0.983962 -0.490708 0.988264 -0.0125288 -0.152241 0.441684 
1530570207684 -0.168532 -0.968602 0.182777 -0.497457 0.948201 -0.108653 0.298511 -0.280044 -0.269279 0.223618 0.936741 0.415121 -0.0272544 -0.995356 -0.0923283 0.389667 -0.149416 0.0953814 -0.984163 -0.4907 0.988399 -0.0130274 -0.151322 0.441618 
1530570207825 -0.168532 -0.968602 0.182777 -0.497457 0.948201 -0.108653 0.298511 -0.280044 -0.269279 0.223618 0.936741 0.415121 -0.0270736 -0.995317 -0.0927915 0.389506 -0.150083 0.0958206 -0.984019 -0.490725 0.988303 -0.0127145 -0.151975 0.441656 
1530570207839 0.279952 -0.928342 0.244559 0.30098 -0.147641 -0.293348 -0.944537 -0.47939 0.948593 0.228318 -0.219184 0.477999 -0.0271971 -0.995345 -0.0924554 0.389598 -0.149406 0.0954982 -0.984153 -0.490733 0.988402 -0.0129527 -0.151308 0.441624 
1530570207855 0.230438 -0.928583 0.290917 0.201188 0.100167 -0.274739 -0.956287 -0.454469 0.967918 0.249505 0.0297027 0.47014 -0.0273198 -0.995373 -0.0921193 0.38969 -0.148729 0.0951754 -0.984287 -0.49074 0.9885 -0.0131897 -0.150641 0.441592 
1530570207879 0.170908 -0.93071 0.323371 0.101378 0.342536 -0.251602 -0.905188 -0.429552 0.923829 0.26547 0.275801 0.462286 -0.0274427 -0.995401 -0.0917832 0.389782 -0.148052 0.0948525 -0.98442 -0.490748 0.988599 -0.0134264 -0.149974 0.441559 
1530570208029 0.105228 -0.934591 0.339804 0.00157024 0.563812 -0.225405 -0.794549 -0.404634 0.819172 0.275194 0.503215 0.454427 -0.0275659 -0.995428 -0.0914473 0.389874 -0.147375 0.0945294 -0.984553 -0.490755 0.988696 -0.013663 -0.149307 0.441527 
1530570208081 0.0376422 -0.939977 0.339156 -0.0982335 0.7497 -0.197837 -0.631514 -0.379718 0.660706 0.278037 0.697254 0.446563 -0.0276901 -0.995456 -0.0911114 0.389966 -0.146698 0.0942062 -0.984685 -0.490763 0.988794 -0.0139001 -0.14864 0.441495 
1530570208192 -0.027466 -0.94652 0.321475 -0.198032 0.888184 -0.170668 -0.426615 -0.354808 0.458666 0.273812 0.845372 0.438701 -0.0278129 -0.995483 -0.0907756 0.390057 -0.146021 0.0938827 -0.984817 -0.490771 0.98889 -0.0141355 -0.147972 0.441463 
1530570208264 -0.0859456 -0.953782 0.287946 -0.297841 0.970294 -0.145734 -0.193111 -0.32989 0.22615 0.262795 0.937974 0.430843 -0.0279368 -0.99551 -0.0904399 0.390149 -0.145344 0.0935591 -0.984948 -0.490778 0.988987 -0.0143714 -0.147305 0.441431 
1530570208354 -0.133999 -0.961306 0.240696 -0.397651 0.990741 -0.124602 0.0539174 -0.30497 -0.02184 0.245692 0.969102 0.422984 -0.0280609 -0.995537 -0.0901042 0.390241 -0.144666 0.0932353 -0.985078 -0.490786 0.989083 -0.0146071 -0.146637 0.441398 
1530570208437 -0.168389 -0.968625 0.182785 -0.49744 0.94822 -0.108513 0.298503 -0.280081 -0.269303 0.223585 0.936742 0.415129 -0.0281852 -0.995564 -0.0897686 0.390333 -0.143989 0.0929113 -0.985208 -0.490793 0.989178 -0.0148425 -0.145969 0.441366 
1530570208540 -0.168389 -0.968625 0.182785 -0.49744 0.94822 -0.108513 0.298503 -0.280081 -0.269303 0.223585 0.936742 0.415129 -0.0279173 -0.995548 -0.0900264 0.390275 -0.144702 0.0931378 -0.985082 -0.490726 0.989081 -0.0144739 -0.146658 0.441445 
1530570208553 0.279952 -0.928342 0.244556 0.30098 -0.147642 -0.293345 -0.944537 -0.479389 0.948593 0.228319 -0.219184 0.477997 -0.0278909 -0.995542 -0.0900966 0.390358 -0.144904 0.0932063 -0.985046 -0.490775 0.989053 -0.0144185 -0.146858 0.441515 
1530570208570 0.230444 -0.928584 0.290907 0.201189 0.100168 -0.274728 -0.95629 -0.454469 0.967916 0.249511 0.0297052 0.470137 -0.0278637 -0.995537 -0.0901666 0.390441 -0.145105 0.0932745 -0.98501 -0.490824 0.989024 -0.0143624 -0.147057 0.441585 
1530570208708 0.17091 -0.930711 0.323369 0.101378 0.342537 -0.2516 -0.905188 -0.429552 0.923828 0.265471 0.275802 0.462286 -0.0278366 -0.995531 -0.0902367 0.390523 -0.145307 0.0933427 -0.984974 -0.490873 0.988995 -0.0143063 -0.147256 0.441655 
1530570208732 0.105228 -0.934591 0.339804 0.0015701 0.563812 -0.225406 -0.794549 -0.404634 0.819172 0.275194 0.503215 0.454427 -0.0278097 -0.995526 -0.0903065 0.390606 -0.145508 0.0934108 -0.984937 -0.490922 0.988966 -0.0142504 -0.147455 0.441725 
1530570208774 0.0376402 -0.939976 0.339158 -0.0982342 0.749699 -0.19784 -0.631515 -0.379718 0.660708 0.278037 0.697252 0.446563 -0.0277825 -0.99552 -0.0903766 0.390689 -0.14571 0.093479 -0.984901 -0.490971 0.988937 -0.0141942 -0.147654 0.441795 
1530570208844 -0.0274755 -0.946518 0.321479 -0.198034 0.888182 -0.170679 -0.426616 -0.354806 0.45867 0.27381 0.84537 0.438701 -0.0277552 -0.995514 -0.0904468 0.390772 -0.145911 0.0935473 -0.984865 -0.491019 0.988908 -0.0141379 -0.147853 0.441865 
1530570208879 -0.0859623 -0.95378 0.287948 -0.297844 0.970291 -0.145751 -0.193111 -0.329887 0.226155 0.262793 0.937973 0.430843 -0.0277281 -0.995509 -0.0905168 0.390855 -0.146113 0.0936154 -0.984829 -0.491068 0.988879 -0.0140817 -0.148052 0.441935 
1530570208940 -0.134015 -0.961304 0.240695 -0.397653 0.990739 -0.124618 0.0539187 -0.304967 -0.0218374 0.245692 0.969102 0.422983 -0.027701 -0.995503 -0.0905869 0.390937 -0.146314 0.0936836 -0.984792 -0.491117 0.98885 -0.0140256 -0.148252 0.442005 
1530570208973 -0.168456 -0.968616 0.182775 -0.497449 0.948209 -0.108578 0.298514 -0.280064 -0.2693 0.223595 0.936741 0.415122 -0.0276739 -0.995498 -0.0906569 0.39102 -0.146516 0.0937517 -0.984756 -0.491166 0.988821 -0.0139694 -0.148451 0.442075 
1530570209017 -0.168456 -0.968616 0.182775 -0.497449 0.948209 -0.108578 0.298514 -0.280064 -0.2693 0.223595 0.936741 0.415122 -0.0276458 -0.995505 -0.0905882 0.390839 -0.146027 0.0936726 -0.984836 -0.491023 0.988894 -0.0139983 -0.14796 0.441934 
1530570209030 0.27995 -0.928342 0.244558 0.30098 -0.147642 -0.293347 -0.944537 -0.479388 0.948594 0.228316 -0.219185 0.477997 -0.0277812 -0.9955 -0.0905963 0.390946 -0.146421 0.0937063 -0.984774 -0.491055 0.988832 -0.014093 -0.148365 0.442047 
1530570209047 0.230443 -0.928584 0.290908 0.201189 0.100168 -0.27473 -0.95629 -0.454469 0.967917 0.24951 0.0297048 0.470138 -0.0279172 -0.995496 -0.090605 0.391053 -0.146815 0.0937408 -0.984712 -0.491087 0.98877 -0.0141882 -0.148771 0.442161 
1530570209064 0.170908 -0.93071 0.323371 0.101378 0.342536 -0.251603 -0.905188 -0.429552 0.923829 0.26547 0.275801 0.462287 -0.0280532 -0.995491 -0.0906137 0.391161 -0.147209 0.0937754 -0.98465 -0.491119 0.988708 -0.0142834 -0.149176 0.442274 
1530570209161 0.105227 -0.934591 0.339805 0.00156986 0.563812 -0.225407 -0.794549 -0.404634 0.819172 0.275194 0.503214 0.454427 -0.0281898 -0.995486 -0.090622 0.391268 -0.147603 0.0938097 -0.984588 -0.491151 0.988645 -0.0143793 -0.149581 0.442388 
1530570209201 0.0376404 -0.939976 0.339158 -0.0982341 0.749699 -0.197839 -0.631515 -0.379718 0.660707 0.278037 0.697253 0.446563 -0.0283256 -0.995482 -0.0906307 0.391375 -0.147997 0.0938444 -0.984525 -0.491184 0.988582 -0.0144743 -0.149986 0.442502 
1530570209269 -0.0274873 -0.946515 0.321486 -0.198037 0.888178 -0.170695 -0.426618 -0.354804 0.458677 0.27381 0.845366 0.438701 -0.0284612 -0.995477 -0.0906395 0.391482 -0.148391 0.0938792 -0.984463 -0.491216 0.988519 -0.014569 -0.150392 0.442615 
1530570209321 -0.0859737 -0.953778 0.287951 -0.297846 0.970289 -0.145764 -0.193112 -0.329884 0.226159 0.262793 0.937972 0.430842 -0.0285973 -0.995472 -0.090648 0.391589 -0.148785 0.0939139 -0.9844 -0.491248 0.988456 -0.0146641 -0.150797 0.442729 
1530570209398 -0.134023 -0.961303 0.240696 -0.397654 0.990738 -0.124626 0.0539188 -0.304965 -0.0218353 0.245693 0.969102 0.422982 -0.0287333 -0.995468 -0.0906564 0.391697 -0.149179 0.0939487 -0.984337 -0.49128 0.988393 -0.0147592 -0.151202 0.442842 
1530570209437 -0.168487 -0.968611 0.182773 -0.497453 0.948205 -0.108609 0.298516 -0.280056 -0.269295 0.223602 0.93674 0.41512 -0.0288693 -0.995463 -0.0906648 0.391804 -0.149572 0.0939835 -0.984274 -0.491312 0.988329 -0.0148543 -0.151607 0.442955 
1530570209530 -0.168487 -0.968611 0.182773 -0.497453 0.948205 -0.108609 0.298516 -0.280056 -0.269295 0.223602 0.93674 0.41512 -0.0287204 -0.995472 -0.0906118 0.391622 -0.148968 0.0938994 -0.984374 -0.491288 0.988425 -0.0147733 -0.150991 0.442748 
1530570209543 0.279945 -0.928342 0.244566 0.300979 -0.147642 -0.293353 -0.944535 -0.479388 0.948595 0.228309 -0.219185 0.477999 -0.0289339 -0.995469 -0.0905785 0.391739 -0.148748 0.0938954 -0.984407 -0.491293 0.988452 -0.0150093 -0.150791 0.442777 
1530570209559 0.230438 -0.928583 0.290915 0.201187 0.100166 -0.274738 -0.956288 -0.454469 0.967918 0.249505 0.0297028 0.47014 -0.0291469 -0.995466 -0.090545 0.391856 -0.148527 0.093891 -0.984441 -0.491298 0.988479 -0.015245 -0.15059 0.442806 
1530570209670 0.170907 -0.93071 0.323373 0.101377 0.342535 -0.251605 -0.905188 -0.429552 0.923829 0.265469 0.2758 0.462287 -0.02936 -0.995463 -0.0905115 0.391973 -0.148307 0.0938866 -0.984475 -0.491303 0.988505 -0.0154807 -0.15039 0.442834 
1530570209687 0.105227 -0.934591 0.339805 0.00156971 0.563812 -0.225407 -0.794549 -0.404634 0.819173 0.275194 0.503214 0.454427 -0.0295731 -0.995459 -0.0904784 0.39209 -0.148086 0.0938824 -0.984508 -0.491308 0.988532 -0.0157163 -0.15019 0.442863 
1530570209709 0.037643 -0.939978 0.339153 -0.0982331 0.749701 -0.197833 -0.631514 -0.379719 0.660705 0.278036 0.697256 0.446562 -0.0297862 -0.995456 -0.0904449 0.392207 -0.147866 0.0938777 -0.984542 -0.491314 0.988559 -0.015952 -0.14999 0.442892 
1530570209800 -0.0274959 -0.946513 0.321492 -0.198039 0.888175 -0.170707 -0.42662 -0.354802 0.458682 0.273811 0.845363 0.438702 -0.0299992 -0.995453 -0.0904114 0.392325 -0.147645 0.093873 -0.984575 -0.491319 0.988585 -0.0161877 -0.14979 0.442921 
1530570209830 -0.0859812 -0.953777 0.287954 -0.297847 0.970287 -0.145772 -0.193114 -0.329883 0.226163 0.262794 0.937971 0.430842 -0.0302123 -0.995449 -0.0903782 0.392442 -0.147424 0.0938684 -0.984609 -0.491324 0.988612 -0.0164234 -0.14959 0.44295 
1530570209864 -0.134028 -0.961302 0.240697 -0.397655 0.990737 -0.124631 0.0539184 -0.304964 -0.0218336 0.245694 0.969102 0.422982 -0.0304254 -0.995446 -0.0903449 0.392559 -0.147204 0.0938637 -0.984642 -0.491329 0.988638 -0.0166591 -0.149389 0.442978 
1530570209917 -0.168503 -0.968608 0.182772 -0.497455 0.948203 -0.108624 0.298516 -0.280052 -0.269291 0.223606 0.93674 0.41512 -0.0306385 -0.995442 -0.0903117 0.392676 -0.146983 0.0938589 -0.984676 -0.491334 0.988664 -0.0168947 -0.149189 0.443007 
1530570209965 -0.168503 -0.968608 0.182772 -0.497455 0.948203 -0.108624 0.298516 -0.280052 -0.269291 0.223606 0.93674 0.41512 -0.0300394 -0.995446 -0.090466 0.392375 -0.147446 0.0939297 -0.9846 -0.491287 0.988614 -0.0162379 -0.149597 0.442968 
1530570209979 0.280096 -0.928367 0.244297 0.301008 -0.147655 -0.293119 -0.944605 -0.479375 0.948548 0.228508 -0.21918 0.477914 -0.030215 -0.995444 -0.090431 0.392514 -0.147076 0.0939152 -0.984657 -0.491307 0.988664 -0.0164512 -0.149243 0.44296 
1530570209995 0.230557 -0.928605 0.290751 0.201213 0.100199 -0.274556 -0.956336 -0.454462 0.967886 0.249623 0.0297445 0.47009 -0.0303903 -0.995442 -0.0903953 0.392653 -0.146706 0.0938998 -0.984713 -0.491326 0.988713 -0.0166643 -0.148891 0.442952 
1530570210012 0.170929 -0.930716 0.323342 0.101384 0.342547 -0.251565 -0.905194 -0.429552 0.923821 0.265484 0.275814 0.462278 -0.0305657 -0.99544 -0.0903596 0.392791 -0.146336 0.0938844 -0.98477 -0.491346 0.988763 -0.0168774 -0.148538 0.442944 
1530570210028 0.10523 -0.934592 0.339802 0.00157074 0.563813 -0.225402 -0.794549 -0.404635 0.819171 0.275195 0.503216 0.454426 -0.0307413 -0.995438 -0.0903242 0.39293 -0.145966 0.0938691 -0.984826 -0.491365 0.988812 -0.0170906 -0.148185 0.442936 
1530570210156 0.0376479 -0.93998 0.339146 -0.0982313 0.749705 -0.197824 -0.631513 -0.37972 0.660701 0.278035 0.69726 0.44656 -0.0309167 -0.995436 -0.0902886 0.393069 -0.145596 0.0938534 -0.984882 -0.491385 0.988861 -0.0173037 -0.147833 0.442928 
1530570210193 -0.0274967 -0.946513 0.321493 -0.19804 0.888175 -0.170708 -0.42662 -0.354801 0.458683 0.273811 0.845362 0.438702 -0.031092 -0.995433 -0.0902529 0.393208 -0.145225 0.0938375 -0.984939 -0.491405 0.98891 -0.0175167 -0.14748 0.442921 
1530570210264 -0.0859863 -0.953775 0.287956 -0.297848 0.970286 -0.145779 -0.193115 -0.329882 0.226166 0.262795 0.93797 0.430843 -0.0312675 -0.995431 -0.0902175 0.393347 -0.144855 0.0938217 -0.984995 -0.491424 0.988959 -0.0177298 -0.147127 0.442913 
1530570210317 -0.134032 -0.961301 0.240698 -0.397655 0.990737 -0.124636 0.0539175 -0.304963 -0.0218315 0.245695 0.969101 0.422982 -0.0314429 -0.995429 -0.0901821 0.393485 -0.144485 0.0938058 -0.98505 -0.491444 0.989007 -0.0179429 -0.146774 0.442905 
1530570210361 -0.168517 -0.968605 0.182774 -0.497456 0.948202 -0.108639 0.298514 -0.280048 -0.269286 0.223612 0.936741 0.41512 -0.0316184 -0.995426 -0.0901468 0.393624 -0.144115 0.0937898 -0.985106 -0.491463 0.989056 -0.0181559 -0.146422 0.442897 
1530570210438 -0.168517 -0.968605 0.182774 -0.497456 0.948202 -0.108639 0.298514 -0.280048 -0.269286 0.223612 0.936741 0.41512 -0.0313829 -0.995415 -0.0903586 0.393323 -0.144802 0.0939773 -0.984988 -0.49145 0.988963 -0.0178276 -0.147087 0.442868 
1530570210451 0.280068 -0.928364 0.24434 0.301003 -0.147655 -0.293156 -0.944594 -0.479378 0.948557 0.228472 -0.219181 0.477927 -0.0315809 -0.995401 -0.0904364 0.393497 -0.144886 0.094085 -0.984965 -0.49147 0.988944 -0.0180032 -0.147191 0.442924 
1530570210468 0.23053 -0.928601 0.290785 0.201207 0.100192 -0.274594 -0.956326 -0.454464 0.967893 0.249596 0.0297359 0.4701 -0.03178 -0.995388 -0.0905141 0.393672 -0.144969 0.0941927 -0.984942 -0.491491 0.988926 -0.0181797 -0.147294 0.44298 
1530570210485 0.170922 -0.930714 0.323352 0.101381 0.342543 -0.251578 -0.905192 -0.429552 0.923823 0.265479 0.27581 0.462281 -0.0319791 -0.995375 -0.0905918 0.393846 -0.145053 0.0943005 -0.98492 -0.491511 0.988907 -0.0183562 -0.147397 0.443037 
1530570210589 0.105229 -0.934591 0.339803 0.00157041 0.563813 -0.225404 -0.794549 -0.404635 0.819171 0.275195 0.503216 0.454426 -0.0321782 -0.995361 -0.0906695 0.39402 -0.145136 0.0944083 -0.984897 -0.491531 0.988888 -0.0185329 -0.1475 0.443093 
1530570210624 0.0376453 -0.939979 0.339149 -0.0982322 0.749703 -0.197828 -0.631513 -0.379719 0.660703 0.278035 0.697258 0.446561 -0.0323773 -0.995348 -0.0907471 0.394194 -0.145219 0.0945161 -0.984875 -0.491552 0.98887 -0.0187093 -0.147604 0.443149 
1530570210677 -0.0275006 -0.946512 0.321496 -0.198041 0.888173 -0.170713 -0.426621 -0.354801 0.458686 0.273811 0.845361 0.438702 -0.0325763 -0.995334 -0.0908247 0.394369 -0.145303 0.0946238 -0.984852 -0.491572 0.988851 -0.0188858 -0.147707 0.443205 
1530570210738 -0.0859886 -0.953775 0.287957 -0.297849 0.970286 -0.145781 -0.193116 -0.329881 0.226168 0.262795 0.93797 0.430843 -0.0327754 -0.99532 -0.0909023 0.394543 -0.145386 0.0947316 -0.984829 -0.491592 0.988832 -0.0190623 -0.14781 0.443261 
1530570210766 -0.134033 -0.961301 0.240698 -0.397655 0.990736 -0.124637 0.0539173 -0.304962 -0.0218309 0.245695 0.969101 0.422982 -0.0329745 -0.995307 -0.0909798 0.394717 -0.145469 0.0948394 -0.984807 -0.491612 0.988813 -0.0192387 -0.147914 0.443318 
1530570210842 -0.168522 -0.968604 0.182775 -0.497457 0.948202 -0.108643 0.298514 -0.280047 -0.269284 0.223613 0.936741 0.41512 -0.0331736 -0.995293 -0.0910574 0.394892 -0.145553 0.0949473 -0.984784 -0.491633 0.988794 -0.0194152 -0.148017 0.443374 
1530570210889 -0.168522 -0.968604 0.182775 -0.497457 0.948202 -0.108643 0.298514 -0.280047 -0.269284 0.223613 0.936741 0.41512 -0.0328723 -0.995333 -0.0907302 0.394475 -0.145414 0.0945762 -0.98484 -0.491636 0.988825 -0.0191805 -0.147844 0.443318 
1530570210902 0.280045 -0.928362 0.244375 0.300998 -0.147655 -0.293186 -0.944585 -0.47938 0.948563 0.228444 -0.219182 0.477938 -0.0331347 -0.995318 -0.0908028 0.394672 -0.145623 0.094691 -0.984798 -0.49165 0.988785 -0.0194081 -0.148078 0.443388 
1530570210919 0.230512 -0.928598 0.290808 0.201203 0.100187 -0.274619 -0.956319 -0.454465 0.967898 0.249578 0.0297301 0.470107 -0.033397 -0.995302 -0.0908757 0.394869 -0.145832 0.0948061 -0.984756 -0.491663 0.988745 -0.0196354 -0.148313 0.443458 
1530570210935 0.170918 -0.930713 0.323357 0.10138 0.342541 -0.251585 -0.905191 -0.429552 0.923825 0.265476 0.275807 0.462282 -0.0336594 -0.995287 -0.0909485 0.395065 -0.146041 0.0949213 -0.984714 -0.491677 0.988706 -0.0198626 -0.148548 0.443527 
1530570211033 0.105228 -0.934591 0.339804 0.00157008 0.563812 -0.225405 -0.794549 -0.404635 0.819172 0.275194 0.503215 0.454427 -0.033922 -0.995271 -0.0910212 0.395262 -0.14625 0.0950365 -0.984672 -0.491691 0.988666 -0.0200902 -0.148782 0.443597 
1530570211094 0.0376382 -0.939975 0.33916 -0.0982348 0.749698 -0.197843 -0.631515 -0.379718 0.660709 0.278037 0.697251 0.446563 -0.0341843 -0.995255 -0.0910939 0.395459 -0.146459 0.0951518 -0.98463 -0.491705 0.988626 -0.0203173 -0.149017 0.443667 
1530570211162 -0.0275034 -0.946511 0.321498 -0.198041 0.888172 -0.170718 -0.426622 -0.3548 0.458688 0.273812 0.845359 0.438703 -0.0344465 -0.99524 -0.0911665 0.395656 -0.146669 0.0952671 -0.984587 -0.491718 0.988586 -0.0205443 -0.149252 0.443737 
1530570211215 -0.0859902 -0.953775 0.287958 -0.297849 0.970285 -0.145783 -0.193116 -0.329881 0.226169 0.262795 0.937969 0.430843 -0.0347089 -0.995224 -0.0912391 0.395853 -0.146878 0.0953825 -0.984545 -0.491732 0.988545 -0.0207715 -0.149487 0.443807 
1530570211302 -0.134034 -0.961301 0.240698 -0.397656 0.990736 -0.124638 0.0539171 -0.304962 -0.0218304 0.245695 0.969101 0.422982 -0.0349713 -0.995208 -0.0913116 0.396049 -0.147087 0.0954979 -0.984503 -0.491746 0.988505 -0.0209986 -0.149722 0.443876 
1530570211349 -0.168525 -0.968603 0.182775 -0.497457 0.948201 -0.108646 0.298513 -0.280046 -0.269283 0.223614 0.936741 0.41512 -0.0352338 -0.995192 -0.091384 0.396246 -0.147296 0.0956134 -0.98446 -0.491759 0.988465 -0.0212257 -0.149957 0.443946 
1530570211436 -0.168525 -0.968603 0.182775 -0.497457 0.948201 -0.108646 0.298513 -0.280046 -0.269283 0.223614 0.936741 0.41512 -0.0350034 -0.995203 -0.0913528 0.39591 -0.146948 0.0955406 -0.984519 -0.49177 0.988525 -0.0210374 -0.149587 0.443824 
1530570211450 0.280027 -0.928359 0.244404 0.300995 -0.147654 -0.293212 -0.944577 -0.479381 0.948569 0.22842 -0.219183 0.477947 -0.0354261 -0.99518 -0.0914459 0.396208 -0.146958 0.0956961 -0.984503 -0.491794 0.988508 -0.0214384 -0.14964 0.443904 
1530570211466 0.230499 -0.928596 0.290825 0.2012 0.100183 -0.274638 -0.956314 -0.454466 0.967902 0.249565 0.0297257 0.470113 -0.0358482 -0.995156 -0.0915397 0.396506 -0.146968 0.0958524 -0.984486 -0.491818 0.988491 -0.0218387 -0.149692 0.443984 
1530570211510 0.170915 -0.930713 0.32336 0.10138 0.34254 -0.251589 -0.90519 -0.429552 0.923826 0.265475 0.275806 0.462283 -0.0362703 -0.995132 -0.0916335 0.396803 -0.146979 0.0960087 -0.984469 -0.491843 0.988474 -0.0222389 -0.149745 0.444064 
1530570211625 0.105228 -0.934591 0.339805 0.00156983 0.563812 -0.225406 -0.794549 -0.404634 0.819172 0.275194 0.503215 0.454427 -0.0366925 -0.995108 -0.0917278 0.397101 -0.146988 0.0961654 -0.984452 -0.491867 0.988457 -0.0226391 -0.149798 0.444144 
1530570211693 0.0376355 -0.939974 0.339164 -0.0982358 0.749696 -0.197848 -0.631516 -0.379717 0.660711 0.278037 0.697249 0.446564 -0.0371145 -0.995084 -0.0918213 0.397399 -0.146999 0.0963215 -0.984436 -0.491891 0.98844 -0.0230392 -0.149851 0.444225 
1530570211787 -0.0275058 -0.94651 0.321501 -0.198042 0.888171 -0.170721 -0.426623 -0.354799 0.45869 0.273813 0.845358 0.438703 -0.0375366 -0.995059 -0.0919147 0.397697 -0.147009 0.0964775 -0.984419 -0.491915 0.988423 -0.0234394 -0.149904 0.444305 
1530570211849 -0.0859914 -0.953774 0.287959 -0.297849 0.970285 -0.145785 -0.193116 -0.32988 0.22617 0.262796 0.937969 0.430843 -0.0379586 -0.995034 -0.0920084 0.397995 -0.147019 0.0966337 -0.984402 -0.491939 0.988405 -0.0238395 -0.149957 0.444385 
1530570211955 -0.134034 -0.961301 0.240699 -0.397656 0.990736 -0.124639 0.0539169 -0.304962 -0.0218301 0.245695 0.969101 0.422982 -0.0383807 -0.99501 -0.0921021 0.398292 -0.147029 0.09679 -0.984385 -0.491964 0.988387 -0.0242397 -0.15001 0.444465 
1530570212019 -0.168527 -0.968603 0.182776 -0.497457 0.948201 -0.108648 0.298513 -0.280046 -0.269282 0.223616 0.936741 0.41512 -0.0388027 -0.994985 -0.0921957 0.39859 -0.147039 0.0969463 -0.984368 -0.491988 0.988369 -0.0246398 -0.150064 0.444545 
1530570212124 -0.168527 -0.968603 0.182776 -0.497457 0.948201 -0.108648 0.298513 -0.280046 -0.269282 0.223616 0.936741 0.41512 -0.0383044 -0.995009 -0.0921375 0.398296 -0.147016 0.0968132 -0.984385 -0.491952 0.988392 -0.0241606 -0.14999 0.444472 
1530570212137 0.280014 -0.928357 0.244427 0.300992 -0.147653 -0.293231 -0.944571 -0.479382 0.948573 0.228403 -0.219184 0.477954 -0.0387334 -0.994977 -0.0923105 0.398595 -0.146988 0.0970481 -0.984366 -0.491993 0.98838 -0.0245593 -0.150009 0.444547 
1530570212154 0.230489 -0.928595 0.290838 0.201198 0.10018 -0.274653 -0.95631 -0.454467 0.967904 0.249556 0.0297223 0.470117 -0.0391614 -0.994944 -0.0924836 0.398894 -0.146961 0.097283 -0.984347 -0.492034 0.988367 -0.024957 -0.150027 0.444621 
1530570212170 0.170914 -0.930712 0.323363 0.101379 0.342539 -0.251592 -0.90519 -0.429552 0.923827 0.265474 0.275805 0.462284 -0.0395895 -0.994911 -0.0926567 0.399192 -0.146933 0.0975179 -0.984328 -0.492076 0.988354 -0.0253547 -0.150046 0.444696 
1530570212312 0.105227 -0.934591 0.339805 0.00156968 0.563812 -0.225407 -0.794549 -0.404634 0.819172 0.275194 0.503214 0.454427 -0.0400175 -0.994877 -0.0928304 0.399491 -0.146905 0.0977533 -0.984308 -0.492117 0.988341 -0.0257523 -0.150065 0.44477 
1530570212373 0.0376344 -0.939974 0.339166 -0.0982362 0.749695 -0.19785 -0.631516 -0.379717 0.660712 0.278038 0.697248 0.446565 -0.0404455 -0.994844 -0.0930033 0.39979 -0.146878 0.0979879 -0.984289 -0.492158 0.988327 -0.02615 -0.150084 0.444845 
1530570212468 -0.0275077 -0.946509 0.321502 -0.198042 0.88817 -0.170724 -0.426624 -0.354799 0.458692 0.273813 0.845357 0.438703 -0.0408735 -0.99481 -0.093176 0.400089 -0.146851 0.0982224 -0.98427 -0.492199 0.988314 -0.0265476 -0.150104 0.44492 
1530570212474 -0.0859923 -0.953774 0.287959 -0.297849 0.970285 -0.145786 -0.193117 -0.32988 0.22617 0.262796 0.937969 0.430843 -0.0413015 -0.994776 -0.0933491 0.400388 -0.146823 0.0984572 -0.984251 -0.49224 0.9883 -0.0269453 -0.150123 0.444994 
1530570212525 -0.134035 -0.961301 0.240699 -0.397656 0.990736 -0.124639 0.0539168 -0.304962 -0.0218298 0.245696 0.969101 0.422982 -0.0417295 -0.994742 -0.0935222 0.400686 -0.146795 0.098692 -0.984231 -0.492282 0.988286 -0.0273429 -0.150142 0.445069 
1530570212666 -0.168529 -0.968603 0.182776 -0.497457 0.948201 -0.10865 0.298512 -0.280045 -0.269281 0.223616 0.936741 0.41512 -0.0421575 -0.994708 -0.0936952 0.400985 -0.146768 0.0989268 -0.984212 -0.492323 0.988272 -0.0277405 -0.150161 0.445143 
1530570212735 -0.168529 -0.968603 0.182776 -0.497457 0.948201 -0.10865 0.298512 -0.280045 -0.269281 0.223616 0.936741 0.41512 -0.0417321 -0.994761 -0.0933249 0.400598 -0.146758 0.0984962 -0.984256 -0.492303 0.988292 -0.0273789 -0.1501 0.445125 
1530570212748 0.280009 -0.928357 0.244434 0.300991 -0.147653 -0.293237 -0.944569 -0.479383 0.948574 0.228396 -0.219184 0.477956 -0.0420339 -0.994768 -0.0931148 0.400899 -0.146569 0.0983284 -0.984301 -0.49234 0.988307 -0.0277263 -0.149935 0.44516 
1530570212766 0.230482 -0.928593 0.290848 0.201197 0.100178 -0.274664 -0.956307 -0.454467 0.967906 0.249548 0.0297197 0.47012 -0.0423374 -0.994775 -0.0929039 0.401199 -0.146378 0.0981598 -0.984346 -0.492378 0.988322 -0.0280755 -0.149769 0.445196 
1530570212794 0.170912 -0.930712 0.323365 0.101379 0.342538 -0.251595 -0.905189 -0.429552 0.923827 0.265473 0.275804 0.462285 -0.0426404 -0.994781 -0.0926934 0.4015 -0.146189 0.0979915 -0.984391 -0.492415 0.988337 -0.0284241 -0.149604 0.445231 
1530570212800 0.105227 -0.934591 0.339805 0.00156957 0.563812 -0.225407 -0.794549 -0.404634 0.819173 0.275194 0.503214 0.454427 -0.0429434 -0.994788 -0.0924837 0.4018 -0.145999 0.0978239 -0.984436 -0.492452 0.988352 -0.0287725 -0.149439 0.445266 
1530570212893 0.0376338 -0.939973 0.339166 -0.0982365 0.749695 -0.197852 -0.631516 -0.379717 0.660713 0.278038 0.697247 0.446565 -0.0432464 -0.994794 -0.092273 0.4021 -0.145809 0.0976551 -0.984481 -0.49249 0.988367 -0.029121 -0.149274 0.445301 
1530570213036 -0.0275088 -0.946509 0.321504 -0.198043 0.888169 -0.170726 -0.426624 -0.354799 0.458693 0.273814 0.845356 0.438704 -0.0435495 -0.9948 -0.0920622 0.402401 -0.14562 0.0974862 -0.984526 -0.492527 0.988382 -0.0294696 -0.149108 0.445337 
1530570213075 -0.0859928 -0.953774 0.28796 -0.297849 0.970285 -0.145787 -0.193117 -0.32988 0.226171 0.262796 0.937969 0.430843 -0.0438527 -0.994807 -0.0918519 0.402701 -0.145431 0.0973176 -0.984571 -0.492564 0.988396 -0.029818 -0.148943 0.445372 
1530570213170 -0.134035 -0.9613 0.240699 -0.397656 0.990736 -0.124639 0.0539167 -0.304962 -0.0218296 0.245696 0.969101 0.422983 -0.0441558 -0.994813 -0.0916416 0.403002 -0.145241 0.0971489 -0.984615 -0.492601 0.98841 -0.0301664 -0.148777 0.445407 
1530570213205 -0.16853 -0.968602 0.182776 -0.497457 0.948201 -0.108651 0.298512 -0.280045 -0.26928 0.223617 0.936741 0.41512 -0.044459 -0.994818 -0.0914314 0.403302 -0.145052 0.0969802 -0.98466 -0.492639 0.988425 -0.0305147 -0.148612 0.445443 
1530570213308 -0.16853 -0.968602 0.182776 -0.497457 0.948201 -0.108651 0.298512 -0.280045 -0.26928 0.223617 0.936741 0.41512 -0.0440192 -0.99481 -0.0917334 0.402863 -0.145355 0.0972229 -0.984591 -0.492565 0.9884 -0.030007 -0.14888 0.445422 
1530570213321 0.280008 -0.928358 0.244434 0.300991 -0.147654 -0.293237 -0.944569 -0.479383 0.948575 0.228395 -0.219184 0.477956 -0.0444845 -0.994769 -0.0919575 0.403191 -0.145481 0.0975179 -0.984543 -0.492605 0.98836 -0.0304188 -0.149058 0.445498 
