0.275657 -0.8825 0.381061 -0.604483 0.633204 0.464965 0.618757 -0.181741 -0.723233 0.0707247 0.686973 0.426588 0.16008 -0.775623 -0.61056 0.370831 -0.304787 0.549475 -0.777934 -0.528794 0.938871 0.310623 -0.14844 0.432481 
-0.177421 -0.977134 0.117181 -0.585287 0.843429 -0.0896192 0.529713 -0.223809 -0.507098 0.192817 0.840044 0.420531 0.283774 -0.946506 0.153619 0.403189 -0.367575 -0.255341 -0.894254 -0.528957 0.885642 0.197299 -0.420371 0.491629 
-0.183854 -0.975862 0.117858 -0.582717 0.845051 -0.095675 0.526057 -0.238971 -0.502083 0.196313 0.842243 0.412002 0.251144 -0.95875 0.133138 0.409481 -0.357169 -0.21963 -0.907851 -0.528159 0.899643 0.180448 -0.397594 0.492119 
-0.184253 -0.975784 0.117883 -0.582598 0.84525 -0.096101 0.525659 -0.241359 -0.501601 0.196495 0.842488 0.410509 0.217007 -0.97033 0.106622 0.410161 -0.339595 -0.177444 -0.923682 -0.529497 0.915196 0.164237 -0.368026 0.489614 
-0.184315 -0.97578 0.117816 -0.582583 0.84529 -0.0962088 0.525574 -0.241795 -0.50151 0.19646 0.84255 0.410295 0.183295 -0.97989 0.0788614 0.409742 -0.319899 -0.135308 -0.93774 -0.53095 0.929553 0.146655 -0.338267 0.486614 
-0.184321 -0.975782 0.117796 -0.582574 0.845296 -0.0962271 0.525561 -0.241855 -0.501498 0.196445 0.842561 0.410279 0.1501 -0.987411 0.0498876 0.409027 -0.298504 -0.0933656 -0.949831 -0.532443 0.942531 0.127678 -0.30876 0.483595 
-0.1843 -0.975786 0.117793 -0.582558 0.845287 -0.096206 0.52558 -0.241746 -0.501521 0.196433 0.84255 0.410352 0.117528 -0.992873 0.0197824 0.408144 -0.275525 -0.0517397 -0.959901 -0.534035 0.954082 0.107364 -0.279642 0.480623 
-0.184165 -0.975821 0.117714 -0.582472 0.845243 -0.0961096 0.525668 -0.241082 -0.501645 0.196306 0.842506 0.410771 0.0857815 -0.996249 -0.0113778 0.407047 -0.251123 -0.0105688 -0.967897 -0.536077 0.964147 0.085885 -0.251088 0.477921 
-0.18324 -0.976057 0.117201 -0.582361 0.84509 -0.0954893 0.526027 -0.237087 -0.50224 0.195435 0.842354 0.4125 0.0556643 -0.997486 -0.0438427 0.405246 -0.226182 0.0301716 -0.973618 -0.540665 0.972493 0.0641122 -0.223934 0.477743 
-0.173891 -0.977785 0.117042 -0.584108 0.844847 -0.0870614 0.527877 -0.214029 -0.50596 0.190675 0.841218 0.417124 0.031074 -0.995956 -0.0843 0.399214 -0.20699 0.0761002 -0.975379 -0.555786 0.977849 0.0477582 -0.203788 0.496224 
-0.173891 -0.977785 0.117042 -0.584108 0.844847 -0.0870614 0.527877 -0.214029 -0.50596 0.190675 0.841218 0.417124 0.031074 -0.995956 -0.0843 0.399214 -0.20699 0.0761002 -0.975379 -0.555786 0.977849 0.0477582 -0.203788 0.496224 
-0.185627 -0.975578 0.11743 -0.586104 0.84516 -0.0975533 0.525536 -0.244672 -0.501246 0.196801 0.842628 0.41067 -0.00597685 -0.994293 -0.106512 0.400787 -0.166936 0.106011 -0.980252 -0.533365 0.98595 0.0119219 -0.166617 0.461989 
-0.186283 -0.975395 0.117911 -0.587565 0.845361 -0.0979681 0.525135 -0.248926 -0.500663 0.197501 0.842811 0.408707 -0.00799118 -0.994281 -0.106497 0.400323 -0.164659 0.106355 -0.9806 -0.52706 0.986318 0.00969948 -0.164567 0.458257 
-0.186358 -0.975374 0.11797 -0.587953 0.845418 -0.0980266 0.525032 -0.249535 -0.500538 0.197578 0.842867 0.408253 -0.00822587 -0.994274 -0.106541 0.400049 -0.16448 0.106439 -0.980621 -0.525943 0.986346 0.00945741 -0.164413 0.458081 
-0.186368 -0.975372 0.117972 -0.588024 0.845431 -0.0980397 0.52501 -0.249628 -0.500513 0.197582 0.842881 0.408167 -0.00825402 -0.994273 -0.106554 0.399978 -0.164467 0.106456 -0.980621 -0.525775 0.986348 0.00943051 -0.164403 0.458109 
-0.186369 -0.975371 0.11797 -0.58803 0.845432 -0.0980419 0.525007 -0.249639 -0.500511 0.197581 0.842883 0.408159 -0.00825539 -0.994272 -0.106555 0.399969 -0.164465 0.106458 -0.980621 -0.525763 0.986348 0.00942924 -0.164402 0.458113 
-0.186367 -0.975372 0.117968 -0.587998 0.845428 -0.0980395 0.525013 -0.249616 -0.500518 0.197578 0.842879 0.408186 -0.00824278 -0.994273 -0.10655 0.400002 -0.164467 0.106451 -0.980622 -0.525837 0.986348 0.00944093 -0.164402 0.458093 
-0.18635 -0.975378 0.117948 -0.587812 0.845411 -0.0980279 0.525044 -0.249471 -0.500554 0.197556 0.842862 0.408316 -0.0081533 -0.994276 -0.106532 0.400176 -0.164512 0.106418 -0.980618 -0.52631 0.986341 0.0095306 -0.164438 0.458094 
-0.186225 -0.975412 0.117861 -0.58697 0.84536 -0.0979417 0.525142 -0.248632 -0.500687 0.197429 0.842813 0.408713 -0.00761588 -0.99427 -0.106623 0.400851 -0.165035 0.106413 -0.98053 -0.528803 0.986258 0.0101288 -0.1649 0.459066 
-0.184814 -0.975667 0.117972 -0.584002 0.845445 -0.0966368 0.525247 -0.24412 -0.501066 0.196812 0.842733 0.40908 -0.00522917 -0.993871 -0.110419 0.40266 -0.168936 0.109711 -0.979502 -0.539121 0.985613 0.0135318 -0.168475 0.468862 
-0.184814 -0.975667 0.117972 -0.584002 0.845445 -0.0966368 0.525247 -0.24412 -0.501066 0.196812 0.842733 0.40908 -0.00522917 -0.993871 -0.110419 0.40266 -0.168936 0.109711 -0.979502 -0.539121 0.985613 0.0135318 -0.168475 0.468862 
-0.186733 -0.975318 0.117836 -0.59009 0.845324 -0.0984013 0.525114 -0.250976 -0.500558 0.197665 0.842834 0.408455 -0.00946481 -0.994507 -0.104242 0.397499 -0.162185 0.104393 -0.981223 -0.519039 0.986715 0.00761944 -0.162282 0.452726 
-0.18683 -0.975287 0.117942 -0.591602 0.845408 -0.0984653 0.524966 -0.252062 -0.500379 0.197788 0.842912 0.407881 -0.0103631 -0.994502 -0.104207 0.395829 -0.161401 0.104509 -0.98134 -0.514457 0.986835 0.00664933 -0.161596 0.451559 
-0.186839 -0.975282 0.117965 -0.59191 0.845435 -0.098472 0.524922 -0.252231 -0.500331 0.197808 0.842936 0.407702 -0.0105073 -0.994496 -0.104247 0.395426 -0.16134 0.104573 -0.981343 -0.5136 0.986843 0.00650806 -0.161551 0.451649 
-0.186841 -0.975282 0.117969 -0.591963 0.84544 -0.0984734 0.524913 -0.252257 -0.500321 0.19781 0.842941 0.407663 -0.0105279 -0.994495 -0.104257 0.395347 -0.161339 0.104586 -0.981342 -0.513461 0.986843 0.00648919 -0.161552 0.451699 
-0.186841 -0.975281 0.117969 -0.591968 0.845441 -0.0984737 0.524912 -0.252259 -0.50032 0.19781 0.842942 0.407658 -0.0105296 -0.994495 -0.104258 0.395339 -0.161339 0.104587 -0.981342 -0.513449 0.986843 0.00648776 -0.161552 0.451706 
-0.18684 -0.975282 0.117967 -0.591948 0.845439 -0.0984734 0.524915 -0.252251 -0.500323 0.197809 0.84294 0.407672 -0.0105214 -0.994495 -0.104254 0.395371 -0.161339 0.104582 -0.981342 -0.513504 0.986843 0.00649517 -0.161552 0.451687 
-0.186838 -0.975283 0.117959 -0.591831 0.84543 -0.098472 0.524929 -0.252197 -0.500339 0.197803 0.842932 0.407729 -0.0104654 -0.994497 -0.10424 0.395541 -0.161364 0.104559 -0.981341 -0.513846 0.98684 0.00655041 -0.16157 0.451652 
-0.186813 -0.975291 0.117933 -0.591277 0.845408 -0.0984544 0.524969 -0.251891 -0.500387 0.197773 0.842911 0.407871 -0.0101419 -0.994497 -0.104277 0.396249 -0.161667 0.104541 -0.981292 -0.515575 0.986793 0.00690606 -0.161838 0.452096 
-0.186454 -0.975349 0.118025 -0.589152 0.845488 -0.098111 0.524904 -0.250326 -0.500385 0.197659 0.842939 0.407758 -0.00882264 -0.99428 -0.106444 0.398625 -0.163949 0.106446 -0.980709 -0.522598 0.986429 0.00879902 -0.163951 0.457442 
-0.186454 -0.975349 0.118025 -0.589152 0.845488 -0.098111 0.524904 -0.250326 -0.500385 0.197659 0.842939 0.407758 -0.00882264 -0.99428 -0.106444 0.398625 -0.163949 0.106446 -0.980709 -0.522598 0.986429 0.00879902 -0.163951 0.457442 
-0.187004 -0.975259 0.117899 -0.593131 0.845377 -0.0986335 0.524985 -0.252986 -0.500367 0.197844 0.842906 0.407834 -0.0113208 -0.994637 -0.102809 0.393723 -0.159907 0.103293 -0.981713 -0.509051 0.987067 0.00532604 -0.160219 0.44836 
-0.187028 -0.975249 0.117941 -0.594049 0.845419 -0.0986498 0.524914 -0.253444 -0.500287 0.197883 0.842945 0.407585 -0.0118892 -0.994631 -0.102796 0.392402 -0.159425 0.103373 -0.981783 -0.505983 0.987138 0.00471564 -0.159798 0.447788 
-0.18703 -0.975247 0.117953 -0.594231 0.845433 -0.0986505 0.524891 -0.253519 -0.500263 0.197892 0.842957 0.407496 -0.0119828 -0.994628 -0.102822 0.392103 -0.159389 0.103415 -0.981784 -0.505404 0.987143 0.00462427 -0.159772 0.447874 
-0.18703 -0.975247 0.117955 -0.594262 0.845436 -0.0986507 0.524886 -0.25353 -0.500258 0.197893 0.84296 0.407475 -0.0119965 -0.994627 -0.102829 0.392045 -0.159389 0.103423 -0.981784 -0.505308 0.987143 0.00461176 -0.159773 0.447911 
-0.18703 -0.975247 0.117955 -0.594264 0.845436 -0.0986507 0.524886 -0.253531 -0.500257 0.197893 0.84296 0.407473 -0.0119976 -0.994627 -0.102829 0.392039 -0.159389 0.103424 -0.981783 -0.5053 0.987143 0.00461078 -0.159773 0.447916 
-0.18703 -0.975247 0.117955 -0.594253 0.845435 -0.0986507 0.524888 -0.253527 -0.500259 0.197893 0.842959 0.40748 -0.0119923 -0.994627 -0.102827 0.39206 -0.159389 0.103421 -0.981784 -0.505337 0.987143 0.00461564 -0.159773 0.447903 
-0.187029 -0.975248 0.11795 -0.594186 0.845431 -0.0986505 0.524895 -0.2535 -0.500267 0.19789 0.842955 0.40751 -0.0119559 -0.994628 -0.102818 0.392175 -0.159404 0.103406 -0.981783 -0.505562 0.987141 0.00465149 -0.159784 0.447875 
-0.18702 -0.975251 0.117938 -0.593867 0.845419 -0.098644 0.524916 -0.253347 -0.500291 0.197877 0.842944 0.407579 -0.0117473 -0.994628 -0.102841 0.392659 -0.159595 0.103395 -0.981753 -0.506691 0.987113 0.00487992 -0.159953 0.448131 
-0.186866 -0.975274 0.117994 -0.592629 0.845468 -0.0984943 0.524864 -0.252577 -0.500264 0.197839 0.842968 0.407471 -0.0108965 -0.994497 -0.104194 0.394335 -0.161022 0.104585 -0.981394 -0.511297 0.986891 0.00608369 -0.161275 0.451376 
-0.186866 -0.975274 0.117994 -0.592629 0.845468 -0.0984943 0.524864 -0.252577 -0.500264 0.197839 0.842968 0.407471 -0.0108965 -0.994497 -0.104194 0.394335 -0.161022 0.104585 -0.981394 -0.511297 0.986891 0.00608369 -0.161275 0.451376 
-0.187117 -0.975235 0.117917 -0.59492 0.8454 -0.0987361 0.524928 -0.253938 -0.500286 0.19791 0.842939 0.407572 -0.0125205 -0.994715 -0.101908 0.391055 -0.158483 0.102601 -0.982016 -0.50251 0.987282 0.00385528 -0.15893 0.445806 
-0.187128 -0.97523 0.117939 -0.595443 0.845423 -0.0987429 0.52489 -0.254179 -0.500242 0.19793 0.84296 0.407442 -0.0128857 -0.994711 -0.101897 0.390205 -0.158176 0.10265 -0.982061 -0.500547 0.987327 0.00346312 -0.158662 0.445461 
-0.187128 -0.975229 0.117946 -0.595546 0.845431 -0.098743 0.524877 -0.254219 -0.500229 0.197934 0.842967 0.407393 -0.0129459 -0.994709 -0.101913 0.390015 -0.158153 0.102676 -0.982062 -0.500177 0.98733 0.00340421 -0.158645 0.445518 
-0.187128 -0.975229 0.117947 -0.595564 0.845433 -0.098743 0.524875 -0.254225 -0.500226 0.197935 0.842968 0.407382 -0.0129547 -0.994709 -0.101917 0.389978 -0.158152 0.102681 -0.982061 -0.500116 0.98733 0.00339612 -0.158646 0.445542 
-0.187128 -0.975229 0.117947 -0.595565 0.845433 -0.098743 0.524874 -0.254225 -0.500226 0.197935 0.842968 0.40738 -0.0129554 -0.994708 -0.101918 0.389974 -0.158152 0.102682 -0.982061 -0.500111 0.98733 0.00339547 -0.158646 0.445545 
-0.187128 -0.975229 0.117946 -0.595559 0.845432 -0.098743 0.524875 -0.254223 -0.500227 0.197935 0.842968 0.407384 -0.012952 -0.994709 -0.101916 0.389988 -0.158153 0.10268 -0.982061 -0.500134 0.98733 0.0033986 -0.158646 0.445537 
-0.187128 -0.975229 0.117944 -0.595521 0.84543 -0.098743 0.524879 -0.254208 -0.500232 0.197933 0.842965 0.407401 -0.0129287 -0.99471 -0.101911 0.390059 -0.158162 0.102671 -0.982061 -0.500276 0.987328 0.00342163 -0.158653 0.44552 
-0.187123 -0.975231 0.117938 -0.595341 0.845423 -0.0987397 0.524891 -0.254124 -0.500245 0.197926 0.842959 0.407439 -0.0127946 -0.99471 -0.101927 0.390357 -0.158284 0.102665 -0.982042 -0.500989 0.987311 0.00356854 -0.158761 0.445682 
-0.187042 -0.975243 0.117969 -0.594639 0.845451 -0.0986602 0.52486 -0.253703 -0.500227 0.197908 0.842974 0.407372 -0.0122362 -0.994628 -0.102786 0.391402 -0.159187 0.103421 -0.981817 -0.503921 0.987173 0.00434852 -0.159597 0.447716 
-0.187042 -0.975243 0.117969 -0.594639 0.845451 -0.0986602 0.52486 -0.253703 -0.500227 0.197908 0.842974 0.407372 -0.0122362 -0.994628 -0.102786 0.391402 -0.159187 0.103421 -0.981817 -0.503921 0.987173 0.00434852 -0.159597 0.447716 
-0.187177 -0.975222 0.117926 -0.595936 0.845413 -0.0987907 0.524898 -0.254455 -0.500242 0.197945 0.842956 0.407436 -0.0132955 -0.994764 -0.101334 0.389389 -0.157583 0.102161 -0.982207 -0.49837 0.987416 0.00290965 -0.158116 0.444218 
-0.187183 -0.97522 0.117938 -0.596232 0.845426 -0.0987943 0.524876 -0.254589 -0.500218 0.197955 0.842968 0.407364 -0.0135277 -0.994761 -0.101326 0.388873 -0.157387 0.10219 -0.982236 -0.497144 0.987444 0.00265995 -0.157945 0.443994 
-0.187183 -0.975219 0.117942 -0.59629 0.84543 -0.0987943 0.524869 -0.254611 -0.500211 0.197958 0.842972 0.407336 -0.0135658 -0.99476 -0.101335 0.388758 -0.157372 0.102206 -0.982236 -0.496915 0.987446 0.00262256 -0.157934 0.444028 
-0.187183 -0.975219 0.117942 -0.5963 0.845431 -0.0987942 0.524868 -0.254615 -0.500209 0.197958 0.842973 0.40733 -0.0135713 -0.99476 -0.101338 0.388736 -0.157372 0.102209 -0.982236 -0.496877 0.987446 0.00261745 -0.157934 0.444042 
-0.187183 -0.975219 0.117942 -0.596301 0.845431 -0.0987942 0.524868 -0.254615 -0.500209 0.197958 0.842973 0.407329 -0.0135718 -0.994759 -0.101338 0.388733 -0.157372 0.102209 -0.982236 -0.496874 0.987446 0.00261704 -0.157934 0.444044 
-0.187183 -0.975219 0.117942 -0.596297 0.845431 -0.0987942 0.524868 -0.254614 -0.50021 0.197958 0.842973 0.407331 -0.0135696 -0.99476 -0.101337 0.388741 -0.157372 0.102208 -0.982236 -0.496888 0.987446 0.00261901 -0.157934 0.444039 
-0.187183 -0.975219 0.117941 -0.596276 0.845429 -0.0987942 0.524871 -0.254605 -0.500212 0.197957 0.842971 0.407341 -0.0135549 -0.99476 -0.101334 0.388784 -0.157378 0.102203 -0.982236 -0.496976 0.987445 0.00263358 -0.157939 0.44403 
-0.18718 -0.97522 0.117937 -0.596174 0.845425 -0.0987925 0.524877 -0.254558 -0.500219 0.197954 0.842968 0.407362 -0.0134698 -0.99476 -0.101345 0.388963 -0.157456 0.1022 -0.982223 -0.497419 0.987434 0.00272693 -0.158007 0.444135 
-0.187135 -0.975227 0.117955 -0.595777 0.845441 -0.0987481 0.52486 -0.254321 -0.500209 0.197943 0.842976 0.407324 -0.0131082 -0.994709 -0.101888 0.38959 -0.158024 0.102677 -0.982082 -0.499251 0.987348 0.00322749 -0.158534 0.445415 
-0.187135 -0.975227 0.117955 -0.595777 0.845441 -0.0987481 0.52486 -0.254321 -0.500209 0.197943 0.842976 0.407324 -0.0131082 -0.994709 -0.101888 0.38959 -0.158024 0.102677 -0.982082 -0.499251 0.987348 0.00322749 -0.158534 0.445415 
-0.18721 -0.975215 0.11793 -0.596511 0.84542 -0.0988212 0.524881 -0.254745 -0.500218 0.197964 0.842966 0.407361 -0.0137891 -0.994794 -0.100972 0.388386 -0.157017 0.101883 -0.982327 -0.495797 0.9875 0.00230894 -0.157604 0.443216 
-0.187214 -0.975214 0.117937 -0.596679 0.845427 -0.0988232 0.524869 -0.254821 -0.500204 0.19797 0.842973 0.40732 -0.0139349 -0.994792 -0.100966 0.388078 -0.156892 0.1019 -0.982345 -0.495041 0.987517 0.00215179 -0.157495 0.443069 
-0.187214 -0.975213 0.117939 -0.596712 0.845429 -0.0988232 0.524865 -0.254833 -0.5002 0.197971 0.842975 0.407304 -0.0139587 -0.994791 -0.100971 0.388009 -0.156883 0.101909 -0.982345 -0.4949 0.987519 0.00212837 -0.157488 0.443088 
-0.187214 -0.975213 0.11794 -0.596718 0.84543 -0.0988231 0.524864 -0.254835 -0.500199 0.197972 0.842976 0.4073 -0.0139622 -0.994791 -0.100973 0.387996 -0.156883 0.101911 -0.982345 -0.494877 0.987519 0.00212518 -0.157488 0.443097 
-0.187214 -0.975213 0.11794 -0.596718 0.84543 -0.0988231 0.524864 -0.254835 -0.500199 0.197972 0.842976 0.4073 -0.0139624 -0.994791 -0.100973 0.387995 -0.156883 0.101911 -0.982345 -0.494875 0.987519 0.00212493 -0.157488 0.443098 
-0.187214 -0.975213 0.11794 -0.596716 0.84543 -0.0988231 0.524864 -0.254835 -0.500199 0.197972 0.842976 0.407301 -0.0139611 -0.994791 -0.100972 0.388 -0.156883 0.101911 -0.982345 -0.494884 0.987519 0.00212615 -0.157488 0.443095 
-0.187214 -0.975214 0.117939 -0.596704 0.845429 -0.0988231 0.524866 -0.25483 -0.500201 0.197971 0.842975 0.407307 -0.013952 -0.994792 -0.10097 0.388025 -0.156887 0.101907 -0.982345 -0.494938 0.987518 0.00213527 -0.157491 0.44309 
-0.187212 -0.975214 0.117937 -0.596646 0.845427 -0.0988222 0.524869 -0.254803 -0.500205 0.197969 0.842973 0.407319 -0.0138986 -0.994792 -0.100978 0.388131 -0.156936 0.101906 -0.982337 -0.49521 0.987511 0.00219389 -0.157534 0.443157 
-0.187186 -0.975218 0.117947 -0.596421 0.845436 -0.0987971 0.524859 -0.254669 -0.500199 0.197963 0.842978 0.407297 -0.0136681 -0.99476 -0.101319 0.388504 -0.15729 0.102206 -0.982249 -0.496345 0.987458 0.00251093 -0.157863 0.443959 
-0.187186 -0.975218 0.117947 -0.596421 0.845436 -0.0987971 0.524859 -0.254669 -0.500199 0.197963 0.842978 0.407297 -0.0136681 -0.99476 -0.101319 0.388504 -0.15729 0.102206 -0.982249 -0.496345 0.987458 0.00251093 -0.157863 0.443959 
-0.187229 -0.975211 0.117933 -0.596838 0.845423 -0.0988384 0.524871 -0.25491 -0.500204 0.197975 0.842972 0.407318 -0.0140994 -0.994812 -0.100745 0.387788 -0.156663 0.101709 -0.982401 -0.494213 0.987552 0.00193177 -0.157284 0.442584 
-0.187231 -0.97521 0.117937 -0.596933 0.845428 -0.0988395 0.524864 -0.254952 -0.500196 0.197978 0.842976 0.407294 -0.0141902 -0.994812 -0.10074 0.387605 -0.156585 0.101718 -0.982413 -0.49375 0.987563 0.00183379 -0.157216 0.442489 
-0.187231 -0.97521 0.117938 -0.596952 0.845429 -0.0988395 0.524862 -0.25496 -0.500194 0.197979 0.842977 0.407286 -0.0142049 -0.994811 -0.100744 0.387564 -0.156579 0.101724 -0.982413 -0.493663 0.987563 0.00181925 -0.157211 0.4425 
-0.187231 -0.97521 0.117939 -0.596955 0.845429 -0.0988395 0.524862 -0.254961 -0.500194 0.197979 0.842977 0.407283 -0.014207 -0.994811 -0.100745 0.387556 -0.156578 0.101725 -0.982413 -0.493649 0.987563 0.00181727 -0.157211 0.442505 
-0.187231 -0.97521 0.117939 -0.596955 0.845429 -0.0988395 0.524862 -0.254961 -0.500193 0.197979 0.842977 0.407283 -0.0142072 -0.994811 -0.100745 0.387555 -0.156578 0.101725 -0.982413 -0.493648 0.987563 0.00181712 -0.157211 0.442506 
-0.187231 -0.97521 0.117939 -0.596954 0.845429 -0.0988395 0.524862 -0.25496 -0.500194 0.197979 0.842977 0.407284 -0.0142064 -0.994811 -0.100744 0.387558 -0.156579 0.101725 -0.982413 -0.493653 0.987563 0.00181788 -0.157211 0.442504 
-0.187231 -0.97521 0.117938 -0.596947 0.845429 -0.0988395 0.524863 -0.254958 -0.500194 0.197979 0.842977 0.407287 -0.0142007 -0.994811 -0.100743 0.387573 -0.156581 0.101723 -0.982413 -0.493686 0.987563 0.00182353 -0.157213 0.442501 
-0.18723 -0.975211 0.117937 -0.596914 0.845428 -0.098839 0.524865 -0.254942 -0.500197 0.197978 0.842976 0.407294 -0.0141675 -0.994811 -0.100748 0.387636 -0.156612 0.101722 -0.982408 -0.493853 0.987559 0.00186002 -0.15724 0.442544 
-0.187216 -0.975213 0.117942 -0.596786 0.845433 -0.0988248 0.524859 -0.254866 -0.500194 0.197974 0.842978 0.407282 -0.0140226 -0.994792 -0.10096 0.387859 -0.156832 0.101909 -0.982354 -0.494551 0.987526 0.00205862 -0.157444 0.443043 
-0.187216 -0.975213 0.117942 -0.596786 0.845433 -0.0988248 0.524859 -0.254866 -0.500194 0.197974 0.842978 0.407282 -0.0140226 -0.994792 -0.10096 0.387859 -0.156832 0.101909 -0.982354 -0.494551 0.987526 0.00205862 -0.157444 0.443043 
-0.18724 -0.975209 0.117935 -0.597023 0.845426 -0.0988482 0.524866 -0.255003 -0.500196 0.197981 0.842975 0.407293 -0.0142926 -0.994824 -0.100604 0.387431 -0.156443 0.1016 -0.982447 -0.493242 0.987584 0.00169704 -0.157085 0.442188 
-0.187241 -0.975208 0.117937 -0.597077 0.845428 -0.0988488 0.524862 -0.255027 -0.500192 0.197983 0.842977 0.40728 -0.0143488 -0.994823 -0.100601 0.387322 -0.156394 0.101606 -0.982455 -0.492958 0.98759 0.00163637 -0.157043 0.442128 
-0.187241 -0.975208 0.117938 -0.597088 0.845429 -0.0988488 0.524861 -0.255031 -0.500191 0.197984 0.842978 0.407275 -0.0143579 -0.994823 -0.100603 0.387297 -0.156391 0.101609 -0.982455 -0.492906 0.987591 0.00162739 -0.15704 0.442134 
-0.187241 -0.975208 0.117938 -0.59709 0.845429 -0.0988488 0.52486 -0.255032 -0.50019 0.197984 0.842978 0.407274 -0.0143592 -0.994823 -0.100603 0.387292 -0.15639 0.10161 -0.982455 -0.492897 0.987591 0.00162618 -0.15704 0.442137 
-0.187241 -0.975208 0.117938 -0.59709 0.845429 -0.0988488 0.52486 -0.255032 -0.50019 0.197984 0.842978 0.407274 -0.0143593 -0.994823 -0.100603 0.387292 -0.15639 0.10161 -0.982455 -0.492897 0.987591 0.00162608 -0.15704 0.442138 
-0.187241 -0.975208 0.117938 -0.597089 0.845429 -0.0988488 0.52486 -0.255032 -0.50019 0.197984 0.842978 0.407274 -0.0143588 -0.994823 -0.100603 0.387293 -0.15639 0.10161 -0.982455 -0.4929 0.987591 0.00162655 -0.15704 0.442137 
-0.187241 -0.975208 0.117938 -0.597085 0.845429 -0.0988488 0.524861 -0.25503 -0.500191 0.197983 0.842978 0.407276 -0.0143553 -0.994823 -0.100603 0.387303 -0.156392 0.101609 -0.982455 -0.49292 0.987591 0.00163003 -0.157041 0.442135 
-0.187241 -0.975209 0.117937 -0.597067 0.845428 -0.0988485 0.524862 -0.255022 -0.500192 0.197983 0.842977 0.40728 -0.0143347 -0.994823 -0.100606 0.38734 -0.156411 0.101608 -0.982452 -0.493022 0.987588 0.00165261 -0.157058 0.442162 
-0.187232 -0.97521 0.11794 -0.596994 0.845431 -0.0988404 0.524859 -0.254978 -0.50019 0.197981 0.842979 0.407273 -0.0142445 -0.994811 -0.100737 0.387474 -0.156547 0.101723 -0.982418 -0.49345 0.987568 0.001776 -0.157184 0.442471 
-0.187232 -0.97521 0.11794 -0.596994 0.845431 -0.0988404 0.524859 -0.254978 -0.50019 0.197981 0.842979 0.407273 -0.0142445 -0.994811 -0.100737 0.387474 -0.156547 0.101723 -0.982418 -0.49345 0.987568 0.001776 -0.157184 0.442471 
-0.187245 -0.975208 0.117936 -0.597121 0.845427 -0.098853 0.524863 -0.255052 -0.500192 0.197984 0.842977 0.407279 -0.0144015 -0.99483 -0.100531 0.387232 -0.156323 0.101545 -0.982472 -0.492697 0.987601 0.00156618 -0.156977 0.441977 
-0.187247 -0.975207 0.117937 -0.597159 0.845428 -0.0988542 0.524861 -0.25507 -0.500189 0.197986 0.842978 0.407272 -0.014446 -0.994831 -0.100514 0.387152 -0.156278 0.101535 -0.982481 -0.492478 0.987608 0.0015151 -0.156937 0.441905 
-0.187247 -0.975207 0.117937 -0.597166 0.845429 -0.0988541 0.52486 -0.255072 -0.500189 0.197986 0.842979 0.407269 -0.0144523 -0.99483 -0.100516 0.387137 -0.156275 0.101538 -0.982481 -0.492443 0.987608 0.00150898 -0.156934 0.441908 
-0.187247 -0.975207 0.117938 -0.597167 0.845429 -0.0988541 0.52486 -0.255072 -0.500188 0.197986 0.842979 0.407268 -0.0144531 -0.99483 -0.100516 0.387134 -0.156275 0.101539 -0.982481 -0.492437 0.987608 0.00150821 -0.156934 0.44191 
-0.187247 -0.975207 0.117938 -0.597167 0.845429 -0.0988541 0.52486 -0.255072 -0.500188 0.197986 0.842979 0.407268 -0.0144532 -0.99483 -0.100516 0.387133 -0.156275 0.101539 -0.982481 -0.492437 0.987608 0.00150815 -0.156934 0.44191 
-0.187247 -0.975207 0.117937 -0.597166 0.845429 -0.0988541 0.52486 -0.255072 -0.500188 0.197986 0.842979 0.407268 -0.0144529 -0.99483 -0.100516 0.387134 -0.156275 0.101539 -0.982481 -0.492439 0.987608 0.00150844 -0.156934 0.44191 
-0.187247 -0.975207 0.117937 -0.597164 0.845429 -0.0988541 0.52486 -0.255071 -0.500189 0.197986 0.842979 0.407269 -0.0144507 -0.994831 -0.100516 0.38714 -0.156276 0.101538 -0.982481 -0.492451 0.987608 0.00151058 -0.156935 0.441909 
-0.187247 -0.975207 0.117937 -0.597153 0.845428 -0.0988539 0.524861 -0.255067 -0.500189 0.197986 0.842978 0.407272 -0.0144381 -0.994831 -0.100517 0.387163 -0.156287 0.101538 -0.982479 -0.492513 0.987606 0.00152448 -0.156945 0.441925 
-0.187242 -0.975208 0.117939 -0.597112 0.84543 -0.0988493 0.524859 -0.255042 -0.500188 0.197984 0.842979 0.407268 -0.0143822 -0.994823 -0.100598 0.387243 -0.156371 0.101609 -0.982458 -0.492776 0.987594 0.00160071 -0.157023 0.442116 
-0.187242 -0.975208 0.117939 -0.597112 0.84543 -0.0988493 0.524859 -0.255042 -0.500188 0.197984 0.842979 0.407268 -0.0143822 -0.994823 -0.100598 0.387243 -0.156371 0.101609 -0.982458 -0.492776 0.987594 0.00160071 -0.157023 0.442116 
-0.187247 -0.975207 0.117937 -0.597163 0.845429 -0.0988544 0.52486 -0.255072 -0.500189 0.197986 0.842978 0.40727 -0.0144484 -0.994831 -0.10051 0.38714 -0.156277 0.101532 -0.982481 -0.492457 0.987608 0.00151218 -0.156937 0.441909 
-0.187248 -0.975207 0.117937 -0.597181 0.845429 -0.0988552 0.52486 -0.25508 -0.500188 0.197987 0.842979 0.407268 -0.0144708 -0.994832 -0.100497 0.387103 -0.156252 0.101523 -0.982486 -0.492349 0.987611 0.0014855 -0.156914 0.441864 
-0.187248 -0.975207 0.117937 -0.597187 0.845429 -0.0988555 0.524859 -0.255083 -0.500188 0.197987 0.842979 0.407267 -0.0144782 -0.994832 -0.100493 0.38709 -0.156244 0.10152 -0.982487 -0.492313 0.987612 0.00147672 -0.156907 0.441851 
-0.187248 -0.975207 0.117937 -0.597189 0.845429 -0.0988556 0.524859 -0.255084 -0.500188 0.197987 0.842979 0.407266 -0.0144808 -0.994833 -0.100491 0.387085 -0.156241 0.101518 -0.982488 -0.4923 0.987613 0.00147366 -0.156904 0.441846 
-0.187248 -0.975207 0.117937 -0.597189 0.845429 -0.0988556 0.524859 -0.255084 -0.500188 0.197987 0.842979 0.407266 -0.0144814 -0.994833 -0.100491 0.387084 -0.156241 0.101518 -0.982488 -0.492297 0.987613 0.00147294 -0.156903 0.441845 
-0.187248 -0.975207 0.117937 -0.597189 0.845429 -0.0988556 0.524859 -0.255084 -0.500188 0.197987 0.842979 0.407266 -0.0144813 -0.994833 -0.10049 0.387085 -0.156241 0.101518 -0.982488 -0.492298 0.987613 0.00147303 -0.156903 0.441844 
-0.187248 -0.975207 0.117937 -0.597188 0.845429 -0.0988556 0.524859 -0.255084 -0.500188 0.197987 0.842979 0.407267 -0.0144805 -0.994833 -0.10049 0.387087 -0.156241 0.101518 -0.982488 -0.492302 0.987613 0.00147376 -0.156904 0.441844 
-0.187248 -0.975207 0.117937 -0.597185 0.845429 -0.0988557 0.52486 -0.255083 -0.500188 0.197987 0.842979 0.407268 -0.0144775 -0.994833 -0.10049 0.387093 -0.156243 0.101517 -0.982488 -0.492318 0.987613 0.0014769 -0.156905 0.441845 
-0.187247 -0.975207 0.117938 -0.597178 0.845429 -0.0988545 0.524859 -0.255078 -0.500188 0.197987 0.842979 0.407266 -0.0144654 -0.994831 -0.100511 0.387107 -0.156264 0.101535 -0.982483 -0.492372 0.987609 0.00149418 -0.156925 0.441896 
-0.187247 -0.975207 0.117938 -0.597178 0.845429 -0.0988545 0.524859 -0.255078 -0.500188 0.197987 0.842979 0.407266 -0.0144654 -0.994831 -0.100511 0.387107 -0.156264 0.101535 -0.982483 -0.492372 0.987609 0.00149418 -0.156925 0.441896 
-0.187248 -0.975207 0.117938 -0.597186 0.845429 -0.0988552 0.524859 -0.255082 -0.500188 0.197987 0.842979 0.407266 -0.0144757 -0.994832 -0.100497 0.387091 -0.15625 0.101523 -0.982486 -0.492321 0.987611 0.0014804 -0.156912 0.441866 
-0.187248 -0.975207 0.117938 -0.597188 0.845429 -0.0988554 0.524859 -0.255083 -0.500188 0.197987 0.842979 0.407265 -0.0144793 -0.994832 -0.100494 0.387085 -0.156246 0.101521 -0.982487 -0.492304 0.987612 0.00147596 -0.156908 0.441857 
-0.187248 -0.975207 0.117938 -0.597189 0.845429 -0.0988555 0.524859 -0.255084 -0.500188 0.197987 0.842979 0.407265 -0.0144805 -0.994832 -0.100493 0.387083 -0.156244 0.10152 -0.982487 -0.492299 0.987612 0.00147452 -0.156907 0.441854 
-0.187248 -0.975207 0.117938 -0.59719 0.845429 -0.0988555 0.524859 -0.255084 -0.500188 0.197987 0.842979 0.407265 -0.014481 -0.994832 -0.100493 0.387082 -0.156243 0.10152 -0.982488 -0.492296 0.987612 0.00147383 -0.156906 0.441852 
-0.187248 -0.975207 0.117938 -0.59719 0.845429 -0.0988555 0.524859 -0.255084 -0.500188 0.197987 0.842979 0.407265 -0.0144811 -0.994832 -0.100493 0.387082 -0.156243 0.10152 -0.982488 -0.492296 0.987612 0.00147383 -0.156906 0.441852 
-0.187248 -0.975207 0.117938 -0.59719 0.845429 -0.0988555 0.524859 -0.255084 -0.500188 0.197987 0.842979 0.407265 -0.014481 -0.994832 -0.100493 0.387082 -0.156243 0.10152 -0.982488 -0.492296 0.987612 0.00147384 -0.156906 0.441852 
-0.187248 -0.975207 0.117938 -0.59719 0.845429 -0.0988555 0.524859 -0.255084 -0.500188 0.197987 0.842979 0.407265 -0.014481 -0.994832 -0.100493 0.387082 -0.156243 0.10152 -0.982488 -0.492296 0.987612 0.00147385 -0.156906 0.441852 
-0.187248 -0.975207 0.117938 -0.59719 0.845429 -0.0988555 0.524859 -0.255084 -0.500188 0.197987 0.842979 0.407265 -0.0144813 -0.994832 -0.100492 0.387082 -0.156243 0.101519 -0.982488 -0.492295 0.987613 0.00147338 -0.156906 0.441851 
-0.187248 -0.975207 0.117938 -0.597189 0.845429 -0.0988554 0.524859 -0.255084 -0.500188 0.197987 0.842979 0.407265 -0.0144807 -0.994832 -0.100493 0.387083 -0.156244 0.10152 -0.982487 -0.492298 0.987612 0.0014743 -0.156907 0.441854 
-0.187248 -0.975207 0.117938 -0.597189 0.845429 -0.0988554 0.524859 -0.255084 -0.500188 0.197987 0.842979 0.407265 -0.0144807 -0.994832 -0.100493 0.387083 -0.156244 0.10152 -0.982487 -0.492298 0.987612 0.0014743 -0.156907 0.441854 
-0.187248 -0.975207 0.117938 -0.59719 0.845429 -0.0988555 0.524859 -0.255084 -0.500188 0.197987 0.842979 0.407265 -0.0144818 -0.994832 -0.100492 0.387081 -0.156242 0.101519 -0.982488 -0.492293 0.987613 0.00147295 -0.156905 0.441851 
-0.187248 -0.975207 0.117938 -0.59719 0.845429 -0.0988555 0.524859 -0.255084 -0.500188 0.197987 0.842979 0.407265 -0.0144818 -0.994832 -0.100492 0.387081 -0.156242 0.101519 -0.982488 -0.492293 0.987613 0.00147294 -0.156905 0.441851 
-0.187248 -0.975207 0.117938 -0.59719 0.845429 -0.0988555 0.524859 -0.255084 -0.500188 0.197987 0.842979 0.407265 -0.0144818 -0.994832 -0.100492 0.387081 -0.156242 0.101519 -0.982488 -0.492293 0.987613 0.00147294 -0.156905 0.441851 
-0.187248 -0.975207 0.117938 -0.59719 0.845429 -0.0988555 0.524859 -0.255084 -0.500188 0.197987 0.842979 0.407265 -0.0144818 -0.994832 -0.100492 0.387081 -0.156242 0.101519 -0.982488 -0.492293 0.987613 0.00147294 -0.156905 0.441851 
-0.187248 -0.975207 0.117938 -0.59719 0.845429 -0.0988555 0.524859 -0.255084 -0.500188 0.197987 0.842979 0.407265 -0.0144818 -0.994832 -0.100492 0.387081 -0.156242 0.101519 -0.982488 -0.492293 0.987613 0.00147294 -0.156905 0.441851 
-0.187248 -0.975207 0.117938 -0.59719 0.845429 -0.0988555 0.524859 -0.255084 -0.500188 0.197987 0.842979 0.407265 -0.0144818 -0.994832 -0.100492 0.387081 -0.156242 0.101519 -0.982488 -0.492293 0.987613 0.00147294 -0.156905 0.441851 
-0.187248 -0.975207 0.117938 -0.59719 0.845429 -0.0988555 0.524859 -0.255084 -0.500188 0.197987 0.842979 0.407265 -0.0144818 -0.994832 -0.100492 0.387081 -0.156242 0.101519 -0.982488 -0.492293 0.987613 0.00147294 -0.156905 0.441851 
-0.187248 -0.975207 0.117938 -0.59719 0.845429 -0.0988555 0.524859 -0.255084 -0.500188 0.197987 0.842979 0.407265 -0.0144818 -0.994832 -0.100492 0.387081 -0.156242 0.101519 -0.982488 -0.492293 0.987613 0.00147294 -0.156905 0.441851 
-0.187248 -0.975207 0.117938 -0.59719 0.845429 -0.0988555 0.524859 -0.255084 -0.500188 0.197987 0.842979 0.407265 -0.0144818 -0.994832 -0.100492 0.387081 -0.156242 0.101519 -0.982488 -0.492293 0.987613 0.00147294 -0.156905 0.441851 
-0.187248 -0.975207 0.117938 -0.59719 0.845429 -0.0988555 0.524859 -0.255084 -0.500188 0.197987 0.842979 0.407265 -0.0144818 -0.994832 -0.100492 0.387081 -0.156242 0.101519 -0.982488 -0.492293 0.987613 0.00147294 -0.156905 0.441851 
-0.187248 -0.975207 0.117938 -0.597191 0.845429 -0.0988556 0.524859 -0.255085 -0.500188 0.197987 0.842979 0.407265 -0.0144828 -0.994833 -0.100491 0.387079 -0.156241 0.101519 -0.982488 -0.492288 0.987613 0.0014716 -0.156904 0.441848 
-0.187248 -0.975207 0.117938 -0.597191 0.845429 -0.0988556 0.524859 -0.255085 -0.500188 0.197987 0.842979 0.407265 -0.0144828 -0.994833 -0.100491 0.387079 -0.156241 0.101519 -0.982488 -0.492288 0.987613 0.0014716 -0.156904 0.441848 
-0.187248 -0.975207 0.117938 -0.597191 0.845429 -0.0988556 0.524859 -0.255085 -0.500188 0.197987 0.842979 0.407265 -0.0144828 -0.994833 -0.100491 0.387079 -0.156241 0.101519 -0.982488 -0.492288 0.987613 0.0014716 -0.156904 0.441848 
-0.187248 -0.975207 0.117938 -0.597191 0.845429 -0.0988556 0.524859 -0.255085 -0.500188 0.197987 0.842979 0.407265 -0.0144828 -0.994833 -0.100491 0.387079 -0.156241 0.101519 -0.982488 -0.492288 0.987613 0.0014716 -0.156904 0.441848 
-0.187248 -0.975207 0.117938 -0.597191 0.845429 -0.0988556 0.524859 -0.255085 -0.500188 0.197987 0.842979 0.407265 -0.0144828 -0.994833 -0.100491 0.387079 -0.156241 0.101519 -0.982488 -0.492288 0.987613 0.0014716 -0.156904 0.441848 
-0.187248 -0.975207 0.117938 -0.597191 0.845429 -0.0988556 0.524859 -0.255085 -0.500188 0.197987 0.842979 0.407265 -0.0144828 -0.994833 -0.100491 0.387079 -0.156241 0.101519 -0.982488 -0.492288 0.987613 0.0014716 -0.156904 0.441848 
-0.187248 -0.975207 0.117938 -0.597191 0.845429 -0.0988556 0.524859 -0.255085 -0.500188 0.197987 0.842979 0.407265 -0.0144828 -0.994833 -0.100491 0.387079 -0.156241 0.101519 -0.982488 -0.492288 0.987613 0.0014716 -0.156904 0.441848 
-0.187248 -0.975207 0.117938 -0.597191 0.845429 -0.0988556 0.524859 -0.255085 -0.500188 0.197987 0.842979 0.407265 -0.0144828 -0.994833 -0.100491 0.387079 -0.156241 0.101519 -0.982488 -0.492288 0.987613 0.0014716 -0.156904 0.441848 
-0.187248 -0.975207 0.117938 -0.597191 0.845429 -0.0988556 0.524859 -0.255085 -0.500188 0.197987 0.842979 0.407265 -0.0144828 -0.994833 -0.100491 0.387079 -0.156241 0.101519 -0.982488 -0.492288 0.987613 0.0014716 -0.156904 0.441848 
-0.187248 -0.975207 0.117938 -0.597191 0.845429 -0.0988556 0.524859 -0.255085 -0.500188 0.197987 0.842979 0.407265 -0.0144828 -0.994833 -0.100491 0.387079 -0.156241 0.101519 -0.982488 -0.492288 0.987613 0.0014716 -0.156904 0.441848 
-0.187249 -0.975207 0.117938 -0.597192 0.845429 -0.0988556 0.524859 -0.255085 -0.500188 0.197987 0.842979 0.407265 -0.0144839 -0.994833 -0.10049 0.387078 -0.15624 0.101518 -0.982488 -0.492283 0.987613 0.00147027 -0.156903 0.441845 
-0.187249 -0.975207 0.117938 -0.597192 0.845429 -0.0988556 0.524859 -0.255085 -0.500188 0.197987 0.842979 0.407265 -0.0144839 -0.994833 -0.10049 0.387078 -0.15624 0.101518 -0.982488 -0.492283 0.987613 0.00147026 -0.156903 0.441845 
-0.187249 -0.975207 0.117938 -0.597192 0.845429 -0.0988556 0.524859 -0.255085 -0.500188 0.197987 0.842979 0.407265 -0.0144839 -0.994833 -0.10049 0.387078 -0.15624 0.101518 -0.982488 -0.492283 0.987613 0.00147026 -0.156903 0.441845 
-0.187249 -0.975207 0.117938 -0.597192 0.845429 -0.0988556 0.524859 -0.255085 -0.500188 0.197987 0.842979 0.407265 -0.0144839 -0.994833 -0.10049 0.387078 -0.15624 0.101518 -0.982488 -0.492283 0.987613 0.00147026 -0.156903 0.441845 
-0.187249 -0.975207 0.117938 -0.597192 0.845429 -0.0988556 0.524859 -0.255085 -0.500188 0.197987 0.842979 0.407265 -0.0144839 -0.994833 -0.10049 0.387078 -0.15624 0.101518 -0.982488 -0.492283 0.987613 0.00147026 -0.156903 0.441845 
-0.187249 -0.975207 0.117938 -0.597192 0.845429 -0.0988556 0.524859 -0.255085 -0.500188 0.197987 0.842979 0.407265 -0.0144839 -0.994833 -0.10049 0.387078 -0.15624 0.101518 -0.982488 -0.492283 0.987613 0.00147026 -0.156903 0.441845 
-0.187249 -0.975207 0.117938 -0.597192 0.845429 -0.0988556 0.524859 -0.255085 -0.500188 0.197987 0.842979 0.407265 -0.0144839 -0.994833 -0.10049 0.387078 -0.15624 0.101518 -0.982488 -0.492283 0.987613 0.00147026 -0.156903 0.441845 
-0.187249 -0.975207 0.117938 -0.597192 0.845429 -0.0988556 0.524859 -0.255085 -0.500188 0.197987 0.842979 0.407265 -0.0144839 -0.994833 -0.10049 0.387078 -0.15624 0.101518 -0.982488 -0.492283 0.987613 0.00147026 -0.156903 0.441845 
-0.187249 -0.975207 0.117938 -0.597192 0.845429 -0.0988556 0.524859 -0.255085 -0.500188 0.197987 0.842979 0.407265 -0.0144839 -0.994833 -0.10049 0.387078 -0.15624 0.101518 -0.982488 -0.492283 0.987613 0.00147026 -0.156903 0.441845 
-0.187249 -0.975207 0.117938 -0.597192 0.845429 -0.0988556 0.524859 -0.255085 -0.500188 0.197987 0.842979 0.407265 -0.0144839 -0.994833 -0.10049 0.387078 -0.15624 0.101518 -0.982488 -0.492283 0.987613 0.00147026 -0.156903 0.441845 
-0.187249 -0.975207 0.117938 -0.597192 0.845429 -0.0988557 0.524859 -0.255086 -0.500187 0.197987 0.842979 0.407265 -0.0144849 -0.994833 -0.100489 0.387076 -0.156238 0.101517 -0.982489 -0.492278 0.987613 0.00146894 -0.156901 0.441842 
-0.187249 -0.975207 0.117938 -0.597192 0.845429 -0.0988557 0.524859 -0.255086 -0.500187 0.197987 0.842979 0.407265 -0.0144849 -0.994833 -0.100489 0.387076 -0.156238 0.101517 -0.982489 -0.492278 0.987613 0.00146894 -0.156901 0.441842 
-0.187249 -0.975207 0.117938 -0.597192 0.845429 -0.0988557 0.524859 -0.255086 -0.500187 0.197987 0.842979 0.407265 -0.0144849 -0.994833 -0.100489 0.387076 -0.156238 0.101517 -0.982489 -0.492278 0.987613 0.00146894 -0.156901 0.441842 
-0.187249 -0.975207 0.117938 -0.597192 0.845429 -0.0988557 0.524859 -0.255086 -0.500187 0.197987 0.842979 0.407265 -0.0144849 -0.994833 -0.100489 0.387076 -0.156238 0.101517 -0.982489 -0.492278 0.987613 0.00146894 -0.156901 0.441842 
-0.187249 -0.975207 0.117938 -0.597192 0.845429 -0.0988557 0.524859 -0.255086 -0.500187 0.197987 0.842979 0.407265 -0.0144849 -0.994833 -0.100489 0.387076 -0.156238 0.101517 -0.982489 -0.492278 0.987613 0.00146894 -0.156901 0.441842 
-0.187249 -0.975207 0.117938 -0.597192 0.845429 -0.0988557 0.524859 -0.255086 -0.500187 0.197987 0.842979 0.407265 -0.0144849 -0.994833 -0.100489 0.387076 -0.156238 0.101517 -0.982489 -0.492278 0.987613 0.00146894 -0.156901 0.441842 
-0.187249 -0.975207 0.117938 -0.597192 0.845429 -0.0988557 0.524859 -0.255086 -0.500187 0.197987 0.842979 0.407265 -0.0144849 -0.994833 -0.100489 0.387076 -0.156238 0.101517 -0.982489 -0.492278 0.987613 0.00146894 -0.156901 0.441842 
-0.187249 -0.975207 0.117938 -0.597192 0.845429 -0.0988557 0.524859 -0.255086 -0.500187 0.197987 0.842979 0.407265 -0.0144849 -0.994833 -0.100489 0.387076 -0.156238 0.101517 -0.982489 -0.492278 0.987613 0.00146894 -0.156901 0.441842 
-0.187249 -0.975207 0.117938 -0.597192 0.845429 -0.0988557 0.524859 -0.255086 -0.500187 0.197987 0.842979 0.407265 -0.0144849 -0.994833 -0.100489 0.387076 -0.156238 0.101517 -0.982489 -0.492278 0.987613 0.00146894 -0.156901 0.441842 
-0.187249 -0.975207 0.117938 -0.597192 0.845429 -0.0988557 0.524859 -0.255086 -0.500187 0.197987 0.842979 0.407265 -0.0144849 -0.994833 -0.100489 0.387076 -0.156238 0.101517 -0.982489 -0.492278 0.987613 0.00146894 -0.156901 0.441842 
-0.187249 -0.975207 0.117938 -0.597193 0.845429 -0.0988558 0.524859 -0.255086 -0.500187 0.197987 0.842979 0.407265 -0.0144859 -0.994833 -0.100488 0.387075 -0.156237 0.101516 -0.982489 -0.492273 0.987613 0.00146763 -0.1569 0.44184 
-0.187249 -0.975207 0.117938 -0.597193 0.845429 -0.0988558 0.524859 -0.255086 -0.500187 0.197987 0.842979 0.407265 -0.0144859 -0.994833 -0.100488 0.387075 -0.156237 0.101516 -0.982489 -0.492273 0.987613 0.00146763 -0.1569 0.44184 
-0.187249 -0.975207 0.117938 -0.597193 0.845429 -0.0988558 0.524859 -0.255086 -0.500187 0.197987 0.842979 0.407265 -0.0144859 -0.994833 -0.100488 0.387075 -0.156237 0.101516 -0.982489 -0.492273 0.987613 0.00146763 -0.1569 0.44184 
-0.187249 -0.975207 0.117938 -0.597193 0.845429 -0.0988558 0.524859 -0.255086 -0.500187 0.197987 0.842979 0.407265 -0.0144859 -0.994833 -0.100488 0.387075 -0.156237 0.101516 -0.982489 -0.492273 0.987613 0.00146763 -0.1569 0.44184 
-0.187249 -0.975207 0.117938 -0.597193 0.845429 -0.0988558 0.524859 -0.255086 -0.500187 0.197987 0.842979 0.407265 -0.0144859 -0.994833 -0.100488 0.387075 -0.156237 0.101516 -0.982489 -0.492273 0.987613 0.00146763 -0.1569 0.44184 
-0.187249 -0.975207 0.117938 -0.597193 0.845429 -0.0988558 0.524859 -0.255086 -0.500187 0.197987 0.842979 0.407265 -0.0144859 -0.994833 -0.100488 0.387075 -0.156237 0.101516 -0.982489 -0.492273 0.987613 0.00146763 -0.1569 0.44184 
-0.187249 -0.975207 0.117938 -0.597193 0.845429 -0.0988558 0.524859 -0.255086 -0.500187 0.197987 0.842979 0.407265 -0.0144859 -0.994833 -0.100488 0.387075 -0.156237 0.101516 -0.982489 -0.492273 0.987613 0.00146763 -0.1569 0.44184 
-0.187249 -0.975207 0.117938 -0.597193 0.845429 -0.0988558 0.524859 -0.255086 -0.500187 0.197987 0.842979 0.407265 -0.0144859 -0.994833 -0.100488 0.387075 -0.156237 0.101516 -0.982489 -0.492273 0.987613 0.00146763 -0.1569 0.44184 
-0.187249 -0.975207 0.117938 -0.597193 0.845429 -0.0988558 0.524859 -0.255086 -0.500187 0.197987 0.842979 0.407265 -0.0144859 -0.994833 -0.100488 0.387075 -0.156237 0.101516 -0.982489 -0.492273 0.987613 0.00146763 -0.1569 0.44184 
-0.187249 -0.975207 0.117938 -0.597193 0.845429 -0.0988558 0.524859 -0.255086 -0.500187 0.197987 0.842979 0.407265 -0.0144859 -0.994833 -0.100488 0.387075 -0.156237 0.101516 -0.982489 -0.492273 0.987613 0.00146763 -0.1569 0.44184 
-0.187249 -0.975207 0.117938 -0.597194 0.845429 -0.0988558 0.524859 -0.255086 -0.500187 0.197987 0.842979 0.407265 -0.0144869 -0.994833 -0.100487 0.387073 -0.156236 0.101515 -0.982489 -0.492268 0.987614 0.00146633 -0.156899 0.441837 
