1537391382547 0.212233 0.919422 -0.33109 -0.474062 -0.943809 0.280688 0.174465 -0.173717 0.25334 0.275458 0.92733 0.473707 0.16008 -0.304787 0.938871 0.370831 -0.775623 0.549475 0.310623 -0.528794 -0.61056 -0.777934 -0.14844 0.432481 
1537391382569 0.215263 0.920181 -0.326998 -0.490339 -0.943364 0.282501 0.173947 -0.181565 0.25244 0.271034 0.928878 0.463749 0.316225 -0.384867 0.86711 0.400813 -0.930002 -0.30626 0.203228 -0.504337 0.187345 -0.870679 -0.454774 0.485882 
1537391382592 0.218288 0.920917 -0.322898 -0.506616 -0.942913 0.284314 0.173438 -0.189413 0.251526 0.266605 0.930406 0.453791 0.316225 -0.384867 0.86711 0.400813 -0.930002 -0.30626 0.203228 -0.504337 0.187345 -0.870679 -0.454774 0.485882 
1537391382622 0.221307 0.921627 -0.31879 -0.522893 -0.942456 0.286128 0.172937 -0.197262 0.250598 0.262173 0.931915 0.443832 0.316225 -0.384867 0.86711 0.400813 -0.930002 -0.30626 0.203228 -0.504337 0.187345 -0.870679 -0.454774 0.485882 
1537391382642 0.224321 0.922313 -0.314673 -0.53917 -0.941994 0.287942 0.172444 -0.205111 0.249655 0.257737 0.933404 0.433874 0.316225 -0.384867 0.86711 0.400813 -0.930002 -0.30626 0.203228 -0.504337 0.187345 -0.870679 -0.454774 0.485882 
1537391382684 0.22733 0.922974 -0.310549 -0.555445 -0.941526 0.289758 0.171959 -0.212959 0.248698 0.253298 0.934874 0.423916 0.316225 -0.384867 0.86711 0.400813 -0.930002 -0.30626 0.203228 -0.504337 0.187345 -0.870679 -0.454774 0.485882 
1537391382714 0.230333 0.92361 -0.306417 -0.571718 -0.941052 0.291574 0.171482 -0.220806 0.247726 0.248856 0.936324 0.413958 0.316225 -0.384867 0.86711 0.400813 -0.930002 -0.30626 0.203228 -0.504337 0.187345 -0.870679 -0.454774 0.485882 
1537391382752 0.233332 0.924221 -0.302278 -0.587987 -0.940572 0.293392 0.171013 -0.22865 0.24674 0.244412 0.937754 0.404001 0.316225 -0.384867 0.86711 0.400813 -0.930002 -0.30626 0.203228 -0.504337 0.187345 -0.870679 -0.454774 0.485882 
1537391382787 0.236325 0.924807 -0.298133 -0.604248 -0.940087 0.295211 0.170552 -0.236492 0.245739 0.239965 0.939164 0.394046 0.316225 -0.384867 0.86711 0.400813 -0.930002 -0.30626 0.203228 -0.504337 0.187345 -0.870679 -0.454774 0.485882 
1537391382818 0.239507 0.925205 -0.294335 -0.618646 -0.939556 0.29727 0.169895 -0.243381 0.244685 0.235853 0.94048 0.384457 0.316379 -0.384993 0.866998 0.401317 -0.929989 -0.306181 0.203405 -0.505249 0.187149 -0.870651 -0.454908 0.48631 
1537391382896 0.209574 0.920259 -0.330458 -0.475392 -0.944409 0.278064 0.175417 -0.172985 0.253318 0.275324 0.927376 0.472322 0.16008 -0.304787 0.938871 0.370831 -0.775623 0.549475 0.310623 -0.528794 -0.61056 -0.777934 -0.14844 0.432481 
1537391382922 0.212872 0.920939 -0.32643 -0.491536 -0.94391 0.28014 0.1748 -0.180906 0.252426 0.270911 0.928918 0.462503 0.316225 -0.384867 0.86711 0.400813 -0.930002 -0.30626 0.203228 -0.504337 0.187345 -0.870679 -0.454774 0.485882 
1537391382969 0.216163 0.921594 -0.322394 -0.50768 -0.943404 0.282215 0.174192 -0.188828 0.251519 0.266494 0.93044 0.452683 0.316225 -0.384867 0.86711 0.400813 -0.930002 -0.30626 0.203228 -0.504337 0.187345 -0.870679 -0.454774 0.485882 
1537391382979 0.219449 0.922223 -0.31835 -0.523825 -0.942891 0.284291 0.173593 -0.19675 0.250596 0.262074 0.931944 0.442863 0.316225 -0.384867 0.86711 0.400813 -0.930002 -0.30626 0.203228 -0.504337 0.187345 -0.870679 -0.454774 0.485882 
1537391383004 0.222729 0.922827 -0.314297 -0.539968 -0.942371 0.286368 0.173004 -0.204672 0.249657 0.257651 0.933428 0.433043 0.316225 -0.384867 0.86711 0.400813 -0.930002 -0.30626 0.203228 -0.504337 0.187345 -0.870679 -0.454774 0.485882 
1537391383036 0.226004 0.923405 -0.310236 -0.55611 -0.941844 0.288446 0.172423 -0.212593 0.248702 0.253226 0.934892 0.423223 0.316225 -0.384867 0.86711 0.400813 -0.930002 -0.30626 0.203228 -0.504337 0.187345 -0.870679 -0.454774 0.485882 
1537391383068 0.229273 0.923956 -0.306168 -0.57225 -0.941309 0.290524 0.171851 -0.220513 0.247732 0.248797 0.936338 0.413404 0.316225 -0.384867 0.86711 0.400813 -0.930002 -0.30626 0.203228 -0.504337 0.187345 -0.870679 -0.454774 0.485882 
1537391383094 0.232537 0.924482 -0.302092 -0.588386 -0.940767 0.292604 0.171288 -0.228431 0.246746 0.244367 0.937764 0.403586 0.316225 -0.384867 0.86711 0.400813 -0.930002 -0.30626 0.203228 -0.504337 0.187345 -0.870679 -0.454774 0.485882 
1537391383122 0.235795 0.924982 -0.298009 -0.604514 -0.940218 0.294686 0.170734 -0.236346 0.245745 0.239935 0.93917 0.393769 0.316225 -0.384867 0.86711 0.400813 -0.930002 -0.30626 0.203228 -0.504337 0.187345 -0.870679 -0.454774 0.485882 
1537391383146 0.239241 0.925294 -0.294271 -0.618789 -0.939623 0.297007 0.169987 -0.243314 0.244689 0.235836 0.940483 0.384316 0.316379 -0.384993 0.866998 0.401317 -0.929989 -0.306181 0.203405 -0.505249 0.187149 -0.870651 -0.454908 0.48631 
1537391383213 0.200581 0.925346 -0.321716 -0.481813 -0.947 0.267245 0.178243 -0.171305 0.250914 0.268913 0.929908 0.468277 0.16008 -0.304787 0.938871 0.370831 -0.775623 0.549475 0.310623 -0.528794 -0.61056 -0.777934 -0.14844 0.432481 
1537391383230 0.204988 0.925457 -0.318604 -0.497367 -0.946371 0.270462 0.176728 -0.179389 0.249724 0.265291 0.931267 0.458914 0.316225 -0.384867 0.86711 0.400813 -0.930002 -0.30626 0.203228 -0.504337 0.187345 -0.870679 -0.454774 0.485882 
1537391383260 0.209387 0.925542 -0.315482 -0.51292 -0.945725 0.27368 0.175222 -0.187473 0.248516 0.26167 0.932614 0.44955 0.316225 -0.384867 0.86711 0.400813 -0.930002 -0.30626 0.203228 -0.504337 0.187345 -0.870679 -0.454774 0.485882 
1537391383301 0.21378 0.925601 -0.312349 -0.528474 -0.945064 0.2769 0.173727 -0.195558 0.247291 0.25805 0.933947 0.440186 0.316225 -0.384867 0.86711 0.400813 -0.930002 -0.30626 0.203228 -0.504337 0.187345 -0.870679 -0.454774 0.485882 
1537391383328 0.218165 0.925633 -0.309205 -0.544027 -0.944386 0.280122 0.172243 -0.203642 0.246049 0.254431 0.935267 0.430822 0.316225 -0.384867 0.86711 0.400813 -0.930002 -0.30626 0.203228 -0.504337 0.187345 -0.870679 -0.454774 0.485882 
1537391383351 0.222543 0.925639 -0.30605 -0.559578 -0.943691 0.283345 0.17077 -0.211726 0.244789 0.250814 0.936574 0.421459 0.316225 -0.384867 0.86711 0.400813 -0.930002 -0.30626 0.203228 -0.504337 0.187345 -0.870679 -0.454774 0.485882 
1537391383371 0.226913 0.925619 -0.302886 -0.575127 -0.942981 0.28657 0.169307 -0.219808 0.243512 0.247198 0.937867 0.412096 0.316225 -0.384867 0.86711 0.400813 -0.930002 -0.30626 0.203228 -0.504337 0.187345 -0.870679 -0.454774 0.485882 
1537391383405 0.231276 0.925572 -0.299712 -0.590673 -0.942254 0.289797 0.167854 -0.227889 0.242217 0.243584 0.939147 0.402733 0.316225 -0.384867 0.86711 0.400813 -0.930002 -0.30626 0.203228 -0.504337 0.187345 -0.870679 -0.454774 0.485882 
1537391383427 0.235631 0.925499 -0.296529 -0.606211 -0.941511 0.293026 0.166412 -0.235966 0.240905 0.239973 0.940413 0.393372 0.316225 -0.384867 0.86711 0.400813 -0.930002 -0.30626 0.203228 -0.504337 0.187345 -0.870679 -0.454774 0.485882 
1537391383453 0.240166 0.925243 -0.293676 -0.61995 -0.940713 0.296485 0.164787 -0.243131 0.239539 0.236689 0.941594 0.384364 0.316379 -0.384993 0.866998 0.401317 -0.929989 -0.306181 0.203405 -0.505249 0.187149 -0.870651 -0.454908 0.48631 
1537391383501 0.191947 0.930801 -0.311073 -0.493395 -0.950876 0.25483 0.175773 -0.173308 0.24288 0.262052 0.93399 0.462644 0.16008 -0.304787 0.938871 0.370831 -0.775623 0.549475 0.310623 -0.528794 -0.61056 -0.777934 -0.14844 0.432481 
1537391383517 0.197044 0.930515 -0.308733 -0.507828 -0.950017 0.259007 0.174307 -0.181251 0.242159 0.258955 0.935041 0.453869 0.316225 -0.384867 0.86711 0.400813 -0.930002 -0.30626 0.203228 -0.504337 0.187345 -0.870679 -0.454774 0.485882 
1537391383539 0.202134 0.9302 -0.306383 -0.522261 -0.949135 0.263182 0.172854 -0.189193 0.241423 0.255859 0.936083 0.445093 0.316225 -0.384867 0.86711 0.400813 -0.930002 -0.30626 0.203228 -0.504337 0.187345 -0.870679 -0.454774 0.485882 
1537391383566 0.207218 0.929855 -0.304023 -0.536693 -0.94823 0.267356 0.17141 -0.197136 0.240669 0.252764 0.937117 0.436317 0.316225 -0.384867 0.86711 0.400813 -0.930002 -0.30626 0.203228 -0.504337 0.187345 -0.870679 -0.454774 0.485882 
1537391383587 0.212295 0.929482 -0.301653 -0.551125 -0.947301 0.271529 0.169977 -0.205078 0.239898 0.249671 0.938144 0.427542 0.316225 -0.384867 0.86711 0.400813 -0.930002 -0.30626 0.203228 -0.504337 0.187345 -0.870679 -0.454774 0.485882 
1537391383633 0.217365 0.929079 -0.299273 -0.565555 -0.94635 0.2757 0.168554 -0.21302 0.23911 0.24658 0.939162 0.418767 0.316225 -0.384867 0.86711 0.400813 -0.930002 -0.30626 0.203228 -0.504337 0.187345 -0.870679 -0.454774 0.485882 
1537391383665 0.222429 0.928647 -0.296885 -0.579983 -0.945376 0.27987 0.167142 -0.220961 0.238305 0.24349 0.940172 0.409992 0.316225 -0.384867 0.86711 0.400813 -0.930002 -0.30626 0.203228 -0.504337 0.187345 -0.870679 -0.454774 0.485882 
1537391383692 0.227486 0.928185 -0.294487 -0.594407 -0.944379 0.284039 0.165741 -0.2289 0.237484 0.240404 0.941174 0.401218 0.316225 -0.384867 0.86711 0.400813 -0.930002 -0.30626 0.203228 -0.504337 0.187345 -0.870679 -0.454774 0.485882 
1537391383699 0.232536 0.927694 -0.292081 -0.608825 -0.943359 0.288207 0.164349 -0.236835 0.236645 0.23732 0.942167 0.392445 0.316225 -0.384867 0.86711 0.400813 -0.930002 -0.30626 0.203228 -0.504337 0.187345 -0.870679 -0.454774 0.485882 
1537391383725 0.237756 0.927026 -0.289991 -0.621507 -0.94228 0.292591 0.162785 -0.243898 0.235754 0.23455 0.943083 0.38401 0.316379 -0.384993 0.866998 0.401317 -0.929989 -0.306181 0.203405 -0.505249 0.187149 -0.870651 -0.454908 0.48631 
1537391383807 0.1968 0.931132 -0.307022 -0.507906 -0.951571 0.256833 0.168966 -0.181529 0.236183 0.258901 0.936583 0.455699 0.16008 -0.304787 0.938871 0.370831 -0.775623 0.549475 0.310623 -0.528794 -0.61056 -0.777934 -0.14844 0.432481 
1537391383834 0.201334 0.930885 -0.304826 -0.520911 -0.950709 0.260633 0.167995 -0.188717 0.235831 0.255978 0.937475 0.447587 0.316225 -0.384867 0.86711 0.400813 -0.930002 -0.30626 0.203228 -0.504337 0.187345 -0.870679 -0.454774 0.485882 
1537391383850 0.205862 0.930613 -0.302622 -0.533915 -0.94983 0.26443 0.167034 -0.195905 0.235466 0.253053 0.93836 0.439475 0.316225 -0.384867 0.86711 0.400813 -0.930002 -0.30626 0.203228 -0.504337 0.187345 -0.870679 -0.454774 0.485882 
1537391383881 0.210386 0.930318 -0.300412 -0.546919 -0.948932 0.268225 0.166082 -0.203093 0.235087 0.250129 0.939239 0.431363 0.316225 -0.384867 0.86711 0.400813 -0.930002 -0.30626 0.203228 -0.504337 0.187345 -0.870679 -0.454774 0.485882 
1537391383898 0.214905 0.929998 -0.298195 -0.559922 -0.948016 0.272019 0.165139 -0.21028 0.234693 0.247205 0.940111 0.423251 0.316225 -0.384867 0.86711 0.400813 -0.930002 -0.30626 0.203228 -0.504337 0.187345 -0.870679 -0.454774 0.485882 
1537391383928 0.219419 0.929653 -0.295973 -0.572924 -0.947083 0.275811 0.164205 -0.217467 0.234286 0.244281 0.940977 0.415139 0.316225 -0.384867 0.86711 0.400813 -0.930002 -0.30626 0.203228 -0.504337 0.187345 -0.870679 -0.454774 0.485882 
1537391383950 0.223929 0.929285 -0.293744 -0.585923 -0.946131 0.2796 0.163279 -0.224653 0.233864 0.241357 0.941836 0.407028 0.316225 -0.384867 0.86711 0.400813 -0.930002 -0.30626 0.203228 -0.504337 0.187345 -0.870679 -0.454774 0.485882 
1537391383978 0.228434 0.928892 -0.29151 -0.598919 -0.945161 0.283388 0.162363 -0.231837 0.233428 0.238435 0.942688 0.398917 0.316225 -0.384867 0.86711 0.400813 -0.930002 -0.30626 0.203228 -0.504337 0.187345 -0.870679 -0.454774 0.485882 
1537391383988 0.232933 0.928474 -0.28927 -0.611909 -0.944173 0.287174 0.161455 -0.239018 0.232978 0.235513 0.943533 0.390808 0.316225 -0.384867 0.86711 0.400813 -0.930002 -0.30626 0.203228 -0.504337 0.187345 -0.870679 -0.454774 0.485882 
1537391384005 0.237596 0.927894 -0.287334 -0.62324 -0.943133 0.291163 0.160385 -0.245369 0.232481 0.232888 0.944307 0.383021 0.316379 -0.384993 0.866998 0.401317 -0.929989 -0.306181 0.203405 -0.505249 0.187149 -0.870651 -0.454908 0.48631 
1537391384081 0.206269 0.929577 -0.305515 -0.523939 -0.951296 0.263615 0.159819 -0.191663 0.229102 0.257669 0.938679 0.448511 0.16008 -0.304787 0.938871 0.370831 -0.775623 0.549475 0.310623 -0.528794 -0.61056 -0.777934 -0.14844 0.432481 
1537391384101 0.210257 0.929384 -0.303376 -0.535307 -0.950362 0.267098 0.159593 -0.197805 0.229355 0.254762 0.939411 0.441096 0.316225 -0.384867 0.86711 0.400813 -0.930002 -0.30626 0.203228 -0.504337 0.187345 -0.870679 -0.454774 0.485882 
1537391384107 0.214242 0.929171 -0.301234 -0.546676 -0.949414 0.270579 0.159376 -0.203948 0.229595 0.251851 0.940137 0.433682 0.316225 -0.384867 0.86711 0.400813 -0.930002 -0.30626 0.203228 -0.504337 0.187345 -0.870679 -0.454774 0.485882 
1537391384130 0.218224 0.928937 -0.299089 -0.558043 -0.948451 0.274056 0.159167 -0.21009 0.229823 0.248938 0.940857 0.426267 0.316225 -0.384867 0.86711 0.400813 -0.930002 -0.30626 0.203228 -0.504337 0.187345 -0.870679 -0.454774 0.485882 
1537391384178 0.222204 0.928682 -0.296942 -0.56941 -0.947474 0.277529 0.158965 -0.216232 0.230038 0.246022 0.941571 0.418853 0.316225 -0.384867 0.86711 0.400813 -0.930002 -0.30626 0.203228 -0.504337 0.187345 -0.870679 -0.454774 0.485882 
1537391384200 0.226181 0.928407 -0.294792 -0.580776 -0.946483 0.280999 0.158772 -0.222373 0.230241 0.243104 0.942279 0.411439 0.316225 -0.384867 0.86711 0.400813 -0.930002 -0.30626 0.203228 -0.504337 0.187345 -0.870679 -0.454774 0.485882 
1537391384217 0.230156 0.928111 -0.29264 -0.592139 -0.945478 0.284466 0.158587 -0.228513 0.230432 0.240185 0.94298 0.404025 0.316225 -0.384867 0.86711 0.400813 -0.930002 -0.30626 0.203228 -0.504337 0.187345 -0.870679 -0.454774 0.485882 
1537391384247 0.234127 0.927794 -0.290486 -0.603499 -0.944459 0.287929 0.158409 -0.234651 0.230611 0.237264 0.943676 0.396612 0.316225 -0.384867 0.86711 0.400813 -0.930002 -0.30626 0.203228 -0.504337 0.187345 -0.870679 -0.454774 0.485882 
1537391384251 0.238096 0.927457 -0.28833 -0.614853 -0.943426 0.29139 0.15824 -0.240787 0.230777 0.234341 0.944366 0.3892 0.316225 -0.384867 0.86711 0.400813 -0.930002 -0.30626 0.203228 -0.504337 0.187345 -0.870679 -0.454774 0.485882 
1537391384281 0.242216 0.92697 -0.286457 -0.62467 -0.942346 0.295035 0.15792 -0.246158 0.230902 0.231691 0.944989 0.382086 0.316379 -0.384993 0.866998 0.401317 -0.929989 -0.306181 0.203405 -0.505249 0.187149 -0.870651 -0.454908 0.48631 
1537391384326 0.220981 0.92579 -0.306726 -0.539695 -0.949214 0.276385 0.150348 -0.203888 0.223965 0.257924 0.939848 0.440708 0.16008 -0.304787 0.938871 0.370831 -0.775623 0.549475 0.310623 -0.528794 -0.61056 -0.777934 -0.14844 0.432481 
1537391384357 0.223923 0.925874 -0.304328 -0.549308 -0.948383 0.278951 0.150852 -0.208723 0.224563 0.254841 0.940547 0.434134 0.316231 -0.384871 0.867106 0.40083 -0.930001 -0.306257 0.203234 -0.504368 0.187338 -0.870678 -0.454779 0.485897 
1537391384385 0.226864 0.925943 -0.30193 -0.55892 -0.947544 0.281513 0.151363 -0.213557 0.225151 0.251753 0.941237 0.427561 0.316231 -0.384871 0.867106 0.40083 -0.930001 -0.306257 0.203234 -0.504368 0.187338 -0.870678 -0.454779 0.485897 
1537391384402 0.229805 0.925997 -0.299532 -0.568531 -0.946697 0.284072 0.151881 -0.218391 0.22573 0.248663 0.94192 0.420988 0.316231 -0.384871 0.867106 0.40083 -0.930001 -0.306257 0.203234 -0.504368 0.187338 -0.870678 -0.454779 0.485897 
1537391384454 0.232746 0.926035 -0.297132 -0.57814 -0.945843 0.286626 0.152405 -0.223224 0.226299 0.245569 0.942595 0.414414 0.316231 -0.384871 0.867106 0.40083 -0.930001 -0.306257 0.203234 -0.504368 0.187338 -0.870678 -0.454779 0.485897 
1537391384493 0.235687 0.926058 -0.294733 -0.587747 -0.94498 0.289177 0.152936 -0.228057 0.226858 0.242472 0.943262 0.407842 0.316231 -0.384871 0.867106 0.40083 -0.930001 -0.306257 0.203234 -0.504368 0.187338 -0.870678 -0.454779 0.485897 
1537391384533 0.238628 0.926066 -0.292333 -0.59735 -0.94411 0.291724 0.153473 -0.232887 0.227407 0.239372 0.943921 0.40127 0.316231 -0.384871 0.867106 0.40083 -0.930001 -0.306257 0.203234 -0.504368 0.187338 -0.870678 -0.454779 0.485897 
1537391384554 0.241568 0.926058 -0.289934 -0.606949 -0.943231 0.294268 0.154016 -0.237716 0.227946 0.23627 0.944573 0.394699 0.316231 -0.384871 0.867106 0.40083 -0.930001 -0.306257 0.203234 -0.504368 0.187338 -0.870678 -0.454779 0.485897 
1537391384560 0.244509 0.926034 -0.287535 -0.61654 -0.942345 0.296808 0.154565 -0.242541 0.228476 0.233165 0.945216 0.388129 0.316231 -0.384871 0.867106 0.40083 -0.930001 -0.306257 0.203234 -0.504368 0.187338 -0.870678 -0.454779 0.485897 
1537391384597 0.247634 0.925839 -0.285481 -0.624275 -0.94141 0.299572 0.154931 -0.24644 0.228963 0.230389 0.945778 0.381922 0.316442 -0.385045 0.866951 0.401525 -0.929984 -0.306148 0.203478 -0.505625 0.187068 -0.87064 -0.454964 0.486487 
1537391384658 0.240079 0.920069 -0.309572 -0.555596 -0.945647 0.293717 0.13958 -0.218044 0.21935 0.259235 0.940576 0.432506 0.16008 -0.304787 0.938871 0.370831 -0.775623 0.549475 0.310623 -0.528794 -0.61056 -0.777934 -0.14844 0.432481 
1537391384672 0.241152 0.920691 -0.306878 -0.563324 -0.945136 0.294605 0.141157 -0.221366 0.220369 0.256001 0.941223 0.426853 0.316231 -0.384871 0.867106 0.40083 -0.930001 -0.306257 0.203234 -0.504368 0.187338 -0.870678 -0.454779 0.485897 
1537391384707 0.242229 0.921302 -0.304183 -0.571052 -0.944624 0.295487 0.142736 -0.224688 0.221385 0.252763 0.94186 0.421201 0.316231 -0.384871 0.867106 0.40083 -0.930001 -0.306257 0.203234 -0.504368 0.187338 -0.870678 -0.454779 0.485897 
1537391384746 0.243308 0.921904 -0.301486 -0.578779 -0.944109 0.296363 0.144317 -0.228009 0.222396 0.249522 0.942485 0.415549 0.316231 -0.384871 0.867106 0.40083 -0.930001 -0.306257 0.203234 -0.504368 0.187338 -0.870678 -0.454779 0.485897 
1537391384769 0.24439 0.922496 -0.298789 -0.586504 -0.943591 0.297235 0.1459 -0.23133 0.223403 0.246278 0.9431 0.409897 0.316231 -0.384871 0.867106 0.40083 -0.930001 -0.306257 0.203234 -0.504368 0.187338 -0.870678 -0.454779 0.485897 
1537391384797 0.245475 0.923078 -0.296091 -0.594227 -0.943072 0.2981 0.147486 -0.234649 0.224406 0.243031 0.943704 0.404245 0.316231 -0.384871 0.867106 0.40083 -0.930001 -0.306257 0.203234 -0.504368 0.187338 -0.870678 -0.454779 0.485897 
1537391384818 0.246563 0.923649 -0.293392 -0.601948 -0.94255 0.298961 0.149074 -0.237968 0.225405 0.239781 0.944298 0.398594 0.316231 -0.384871 0.867106 0.40083 -0.930001 -0.306257 0.203234 -0.504368 0.187338 -0.870678 -0.454779 0.485897 
1537391384847 0.247654 0.924211 -0.290693 -0.609665 -0.942025 0.299816 0.150663 -0.241285 0.226399 0.236528 0.94488 0.392944 0.316231 -0.384871 0.867106 0.40083 -0.930001 -0.306257 0.203234 -0.504368 0.187338 -0.870678 -0.454779 0.485897 
1537391384874 0.248747 0.924762 -0.287994 -0.617377 -0.941498 0.300665 0.152255 -0.244599 0.22739 0.233273 0.945451 0.387294 0.316231 -0.384871 0.867106 0.40083 -0.930001 -0.306257 0.203234 -0.504368 0.187338 -0.870678 -0.454779 0.485897 
1537391384905 0.250001 0.92517 -0.285587 -0.623513 -0.940934 0.301702 0.153686 -0.247126 0.228348 0.230297 0.945949 0.381953 0.316442 -0.385045 0.866951 0.401525 -0.929984 -0.306148 0.203478 -0.505625 0.187068 -0.87064 -0.454964 0.486487 
1537391384984 0.268424 0.91068 -0.314022 -0.575448 -0.938994 0.320127 0.125737 -0.237519 0.215033 0.261114 0.941053 0.421376 0.16008 -0.304787 0.938871 0.370831 -0.775623 0.549475 0.310623 -0.528794 -0.61056 -0.777934 -0.14844 0.432481 
1537391385002 0.266692 0.912244 -0.310945 -0.580798 -0.939089 0.318526 0.129045 -0.238743 0.216765 0.25759 0.941626 0.416943 0.316231 -0.384871 0.867106 0.40083 -0.930001 -0.306257 0.203234 -0.504368 0.187338 -0.870678 -0.454779 0.485897 
1537391385025 0.264966 0.913792 -0.307858 -0.586148 -0.939175 0.316914 0.132347 -0.239966 0.218502 0.254065 0.942182 0.412509 0.316231 -0.384871 0.867106 0.40083 -0.930001 -0.306257 0.203234 -0.504368 0.187338 -0.870678 -0.454779 0.485897 
1537391385032 0.263244 0.915327 -0.304762 -0.591497 -0.939252 0.315288 0.135643 -0.24119 0.220245 0.250541 0.94272 0.408076 0.316231 -0.384871 0.867106 0.40083 -0.930001 -0.306257 0.203234 -0.504368 0.187338 -0.870678 -0.454779 0.485897 
1537391385050 0.261528 0.916846 -0.301655 -0.596845 -0.93932 0.313649 0.138932 -0.242412 0.221993 0.247016 0.94324 0.403643 0.316231 -0.384871 0.867106 0.40083 -0.930001 -0.306257 0.203234 -0.504368 0.187338 -0.870678 -0.454779 0.485897 
1537391385077 0.259817 0.918351 -0.29854 -0.602192 -0.939379 0.311997 0.142215 -0.243635 0.223747 0.243492 0.943742 0.39921 0.316231 -0.384871 0.867106 0.40083 -0.930001 -0.306257 0.203234 -0.504368 0.187338 -0.870678 -0.454779 0.485897 
1537391385100 0.258111 0.919842 -0.295414 -0.607537 -0.939429 0.310332 0.145491 -0.244856 0.225505 0.239968 0.944226 0.394778 0.316231 -0.384871 0.867106 0.40083 -0.930001 -0.306257 0.203234 -0.504368 0.187338 -0.870678 -0.454779 0.485897 
1537391385125 0.25641 0.921318 -0.29228 -0.612881 -0.93947 0.308654 0.14876 -0.246077 0.227269 0.236444 0.944692 0.390346 0.316231 -0.384871 0.867106 0.40083 -0.930001 -0.306257 0.203234 -0.504368 0.187338 -0.870678 -0.454779 0.485897 
1537391385150 0.254714 0.922779 -0.289136 -0.618221 -0.939501 0.306963 0.152023 -0.247296 0.229037 0.232921 0.94514 0.385914 0.316231 -0.384871 0.867106 0.40083 -0.930001 -0.306257 0.203234 -0.504368 0.187338 -0.870678 -0.454779 0.485897 
1537391385181 0.253142 0.924124 -0.286205 -0.62237 -0.939497 0.305405 0.155155 -0.247917 0.230791 0.229612 0.945523 0.381717 0.316442 -0.385045 0.866951 0.401525 -0.929984 -0.306148 0.203478 -0.505625 0.187068 -0.87064 -0.454964 0.486487 
1537391385225 0.29242 0.901204 -0.319877 -0.589745 -0.931404 0.344217 0.118324 -0.252828 0.216742 0.263334 0.940042 0.411472 0.16008 -0.304787 0.938871 0.370831 -0.775623 0.549475 0.310623 -0.528794 -0.61056 -0.777934 -0.14844 0.432481 
1537391385242 0.288324 0.903788 -0.316285 -0.593347 -0.932263 0.340343 0.122686 -0.252401 0.218528 0.259488 0.940698 0.408112 0.316241 -0.38488 0.867098 0.400864 -0.930001 -0.306251 0.203246 -0.504429 0.187325 -0.870677 -0.454788 0.485926 
1537391385268 0.28423 0.90634 -0.312668 -0.596948 -0.933096 0.336444 0.127032 -0.251973 0.220329 0.255644 0.94133 0.404752 0.316241 -0.38488 0.867098 0.400864 -0.930001 -0.306251 0.203246 -0.504429 0.187325 -0.870677 -0.454788 0.485926 
1537391385290 0.280137 0.908859 -0.309028 -0.600548 -0.933903 0.332521 0.13136 -0.251545 0.222146 0.251803 0.941938 0.401392 0.316241 -0.38488 0.867098 0.400864 -0.930001 -0.306251 0.203246 -0.504429 0.187325 -0.870677 -0.454788 0.485926 
1537391385317 0.276046 0.911346 -0.305363 -0.604147 -0.934683 0.328574 0.135672 -0.251116 0.223978 0.247966 0.942522 0.398032 0.316241 -0.38488 0.867098 0.400864 -0.930001 -0.306251 0.203246 -0.504429 0.187325 -0.870677 -0.454788 0.485926 
1537391385340 0.271957 0.913801 -0.301674 -0.607745 -0.935437 0.324604 0.139966 -0.250688 0.225825 0.244133 0.943081 0.394673 0.316241 -0.38488 0.867098 0.400864 -0.930001 -0.306251 0.203246 -0.504429 0.187325 -0.870677 -0.454788 0.485926 
1537391385365 0.267871 0.916223 -0.297962 -0.611341 -0.936164 0.32061 0.144242 -0.250258 0.227688 0.240304 0.943617 0.391313 0.316241 -0.38488 0.867098 0.400864 -0.930001 -0.306251 0.203246 -0.504429 0.187325 -0.870677 -0.454788 0.485926 
1537391385393 0.263786 0.918612 -0.294227 -0.614936 -0.936865 0.316592 0.148501 -0.249828 0.229565 0.236479 0.944128 0.387955 0.316241 -0.38488 0.867098 0.400864 -0.930001 -0.306251 0.203246 -0.504429 0.187325 -0.870677 -0.454788 0.485926 
1537391385417 0.259705 0.920968 -0.290469 -0.618529 -0.93754 0.312552 0.152742 -0.249397 0.231457 0.232658 0.944615 0.384596 0.316241 -0.38488 0.867098 0.400864 -0.930001 -0.306251 0.203246 -0.504429 0.187325 -0.870677 -0.454788 0.485926 
1537391385441 0.255745 0.923189 -0.286909 -0.620934 -0.938161 0.308635 0.156841 -0.248364 0.233344 0.229056 0.945031 0.381473 0.316531 -0.385118 0.866887 0.401814 -0.929976 -0.306103 0.20358 -0.50615 0.186955 -0.870623 -0.455042 0.486735 
1537391385505 0.313043 0.892052 -0.325955 -0.600748 -0.924065 0.365341 0.112381 -0.26644 0.219334 0.266024 0.938682 0.402823 0.16008 -0.304787 0.938871 0.370831 -0.775623 0.549475 0.310623 -0.528794 -0.61056 -0.777934 -0.14844 0.432481 
1537391385528 0.306929 0.895663 -0.321844 -0.603002 -0.92571 0.359486 0.117606 -0.264559 0.221034 0.261837 0.93946 0.400394 0.316241 -0.38488 0.867098 0.400864 -0.930001 -0.306251 0.203246 -0.504429 0.187325 -0.870677 -0.454788 0.485926 
1537391385550 0.300809 0.899214 -0.317691 -0.605256 -0.927304 0.353591 0.122803 -0.262678 0.222759 0.257656 0.940208 0.397965 0.316241 -0.38488 0.867098 0.400864 -0.930001 -0.306251 0.203246 -0.504429 0.187325 -0.870677 -0.454788 0.485926 
1537391385575 0.294683 0.902708 -0.313497 -0.60751 -0.928847 0.347658 0.127971 -0.260797 0.22451 0.25348 0.940927 0.395535 0.316241 -0.38488 0.867098 0.400864 -0.930001 -0.306251 0.203246 -0.504429 0.187325 -0.870677 -0.454788 0.485926 
1537391385605 0.288552 0.906143 -0.309262 -0.609763 -0.93034 0.341687 0.13311 -0.258916 0.226287 0.24931 0.941615 0.393106 0.316241 -0.38488 0.867098 0.400864 -0.930001 -0.306251 0.203246 -0.504429 0.187325 -0.870677 -0.454788 0.485926 
1537391385625 0.282417 0.909518 -0.304987 -0.612015 -0.931781 0.335678 0.138219 -0.257035 0.22809 0.245146 0.942273 0.390678 0.316241 -0.38488 0.867098 0.400864 -0.930001 -0.306251 0.203246 -0.504429 0.187325 -0.870677 -0.454788 0.485926 
1537391385650 0.276277 0.912835 -0.300672 -0.614267 -0.933171 0.329632 0.143298 -0.255153 0.229918 0.240989 0.942901 0.388249 0.316241 -0.38488 0.867098 0.400864 -0.930001 -0.306251 0.203246 -0.504429 0.187325 -0.870677 -0.454788 0.485926 
1537391385689 0.270134 0.916091 -0.296318 -0.616518 -0.93451 0.323549 0.148346 -0.253271 0.231772 0.236839 0.943498 0.38582 0.316241 -0.38488 0.867098 0.400864 -0.930001 -0.306251 0.203246 -0.504429 0.187325 -0.870677 -0.454788 0.485926 
1537391385712 0.263987 0.919288 -0.291924 -0.618769 -0.935798 0.31743 0.153364 -0.251389 0.233651 0.232696 0.944066 0.383392 0.316241 -0.38488 0.867098 0.400864 -0.930001 -0.306251 0.203246 -0.504429 0.187325 -0.870677 -0.454788 0.485926 
1537391385736 0.257921 0.922354 -0.287645 -0.620198 -0.937015 0.311376 0.158264 -0.249089 0.235541 0.228708 0.94457 0.381126 0.316531 -0.385118 0.866887 0.401814 -0.929976 -0.306103 0.20358 -0.50615 0.186955 -0.870623 -0.455042 0.486735 
1537391385780 0.315736 0.891602 -0.324586 -0.60796 -0.921841 0.369277 0.117656 -0.270089 0.224765 0.262069 0.93851 0.396092 0.16008 -0.304787 0.938871 0.370831 -0.775623 0.549475 0.310623 -0.528794 -0.61056 -0.777934 -0.14844 0.432481 
1537391385796 0.30938 0.895261 -0.32061 -0.609295 -0.923665 0.36308 0.122539 -0.26777 0.226112 0.258225 0.939251 0.394389 0.316241 -0.38488 0.867098 0.400864 -0.930001 -0.306251 0.203246 -0.504429 0.187325 -0.870677 -0.454788 0.485926 
1537391385828 0.303014 0.89886 -0.316595 -0.61063 -0.925437 0.356844 0.127393 -0.265451 0.227484 0.254387 0.939967 0.392686 0.316241 -0.38488 0.867098 0.400864 -0.930001 -0.306251 0.203246 -0.504429 0.187325 -0.870677 -0.454788 0.485926 
1537391385849 0.296639 0.902399 -0.312541 -0.611965 -0.927156 0.35057 0.132218 -0.263131 0.228881 0.250553 0.940658 0.390983 0.316241 -0.38488 0.867098 0.400864 -0.930001 -0.306251 0.203246 -0.504429 0.187325 -0.870677 -0.454788 0.485926 
1537391385879 0.290255 0.905877 -0.308447 -0.6133 -0.928823 0.34426 0.137013 -0.260812 0.230303 0.246724 0.941322 0.38928 0.316241 -0.38488 0.867098 0.400864 -0.930001 -0.306251 0.203246 -0.504429 0.187325 -0.870677 -0.454788 0.485926 
1537391385916 0.283864 0.909293 -0.304314 -0.614634 -0.930437 0.337914 0.141779 -0.258493 0.23175 0.242899 0.941962 0.387577 0.316241 -0.38488 0.867098 0.400864 -0.930001 -0.306251 0.203246 -0.504429 0.187325 -0.870677 -0.454788 0.485926 
1537391385938 0.277465 0.912649 -0.300143 -0.615969 -0.931998 0.331532 0.146514 -0.256173 0.233223 0.23908 0.942575 0.385874 0.316241 -0.38488 0.867098 0.400864 -0.930001 -0.306251 0.203246 -0.504429 0.187325 -0.870677 -0.454788 0.485926 
1537391385967 0.271059 0.915942 -0.295934 -0.617303 -0.933506 0.325114 0.151218 -0.253854 0.234719 0.235267 0.943163 0.384171 0.316241 -0.38488 0.867098 0.400864 -0.930001 -0.306251 0.203246 -0.504429 0.187325 -0.870677 -0.454788 0.485926 
1537391385984 0.264647 0.919174 -0.291686 -0.618637 -0.934961 0.318662 0.155892 -0.251534 0.236241 0.231459 0.943725 0.382468 0.316241 -0.38488 0.867098 0.400864 -0.930001 -0.306251 0.203246 -0.504429 0.187325 -0.870677 -0.454788 0.485926 
1537391386008 0.258283 0.922297 -0.287503 -0.619431 -0.93635 0.312243 0.160477 -0.248939 0.237778 0.227755 0.94424 0.380873 0.316531 -0.385118 0.866887 0.401814 -0.929976 -0.306103 0.20358 -0.50615 0.186955 -0.870623 -0.455042 0.486735 
1537391386045 0.299618 0.900923 -0.313954 -0.611998 -0.926285 0.353518 0.130465 -0.264291 0.228527 0.251722 0.940432 0.391926 0.16008 -0.304787 0.938871 0.370831 -0.775623 0.549475 0.310623 -0.528794 -0.61056 -0.777934 -0.14844 0.432481 
1537391386059 0.294865 0.903522 -0.31097 -0.612767 -0.927521 0.348868 0.13415 -0.262491 0.229695 0.248875 0.940905 0.390683 0.316241 -0.38488 0.867098 0.400864 -0.930001 -0.306251 0.203246 -0.504429 0.187325 -0.870677 -0.454788 0.485926 
1537391386079 0.290106 0.906089 -0.307961 -0.613536 -0.928727 0.344197 0.137821 -0.260691 0.230877 0.246029 0.941364 0.389439 0.316241 -0.38488 0.867098 0.400864 -0.930001 -0.306251 0.203246 -0.504429 0.187325 -0.870677 -0.454788 0.485926 
1537391386106 0.285344 0.908623 -0.304931 -0.614304 -0.929904 0.339505 0.141474 -0.258891 0.232072 0.243188 0.941808 0.388196 0.316241 -0.38488 0.867098 0.400864 -0.930001 -0.306251 0.203246 -0.504429 0.187325 -0.870677 -0.454788 0.485926 
1537391386130 0.280578 0.911123 -0.30188 -0.615073 -0.931051 0.334794 0.145111 -0.257091 0.233282 0.24035 0.942237 0.386953 0.316241 -0.38488 0.867098 0.400864 -0.930001 -0.306251 0.203246 -0.504429 0.187325 -0.870677 -0.454788 0.485926 
1537391386153 0.275808 0.913589 -0.298806 -0.615842 -0.932168 0.330063 0.148732 -0.255291 0.234504 0.237516 0.942653 0.385709 0.316241 -0.38488 0.867098 0.400864 -0.930001 -0.306251 0.203246 -0.504429 0.187325 -0.870677 -0.454788 0.485926 
1537391386175 0.271035 0.916021 -0.295711 -0.61661 -0.933256 0.325312 0.152335 -0.253491 0.235741 0.234686 0.943053 0.384466 0.316241 -0.38488 0.867098 0.400864 -0.930001 -0.306251 0.203246 -0.504429 0.187325 -0.870677 -0.454788 0.485926 
1537391386180 0.266259 0.91842 -0.292594 -0.617379 -0.934313 0.320541 0.155922 -0.251692 0.23699 0.231859 0.943439 0.383223 0.316241 -0.38488 0.867098 0.400864 -0.930001 -0.306251 0.203246 -0.504429 0.187325 -0.870677 -0.454788 0.485926 
1537391386200 0.26148 0.920784 -0.289456 -0.618147 -0.935341 0.315751 0.159492 -0.249892 0.238254 0.229037 0.94381 0.381979 0.316241 -0.38488 0.867098 0.400864 -0.930001 -0.306251 0.203246 -0.504429 0.187325 -0.870677 -0.454788 0.485926 
1537391386224 0.256732 0.923085 -0.286362 -0.618572 -0.936331 0.310985 0.163008 -0.247917 0.239524 0.22628 0.944153 0.380805 0.316531 -0.385118 0.866887 0.401814 -0.929976 -0.306103 0.20358 -0.50615 0.186955 -0.870623 -0.455042 0.486735 
1537391386268 0.286024 0.909718 -0.301005 -0.61396 -0.93028 0.338934 0.140369 -0.259099 0.229717 0.23987 0.943235 0.389031 0.16008 -0.304787 0.938871 0.370831 -0.775623 0.549475 0.310623 -0.528794 -0.61056 -0.777934 -0.14844 0.432481 
1537391386293 0.282631 0.911351 -0.299265 -0.614397 -0.931018 0.335734 0.143139 -0.257767 0.230923 0.238166 0.943373 0.388112 0.316241 -0.38488 0.867098 0.400864 -0.930001 -0.306251 0.203246 -0.504429 0.187325 -0.870677 -0.454788 0.485926 
1537391386311 0.279237 0.912969 -0.297514 -0.614833 -0.931741 0.332524 0.145901 -0.256435 0.232134 0.236465 0.943503 0.387194 0.316241 -0.38488 0.867098 0.400864 -0.930001 -0.306251 0.203246 -0.504429 0.187325 -0.870677 -0.454788 0.485926 
1537391386342 0.275841 0.914572 -0.295752 -0.61527 -0.932448 0.329305 0.148656 -0.255103 0.23335 0.234768 0.943627 0.386275 0.316241 -0.38488 0.867098 0.400864 -0.930001 -0.306251 0.203246 -0.504429 0.187325 -0.870677 -0.454788 0.485926 
1537391386366 0.272445 0.916161 -0.293979 -0.615706 -0.93314 0.326077 0.151405 -0.253772 0.234571 0.233074 0.943744 0.385357 0.316241 -0.38488 0.867098 0.400864 -0.930001 -0.306251 0.203246 -0.504429 0.187325 -0.870677 -0.454788 0.485926 
1537391386372 0.269047 0.917734 -0.292195 -0.616143 -0.933816 0.32284 0.154147 -0.25244 0.235798 0.231384 0.943854 0.384438 0.316241 -0.38488 0.867098 0.400864 -0.930001 -0.306251 0.203246 -0.504429 0.187325 -0.870677 -0.454788 0.485926 
1537391386392 0.265648 0.919293 -0.2904 -0.616579 -0.934477 0.319594 0.156882 -0.251108 0.23703 0.229697 0.943957 0.38352 0.316241 -0.38488 0.867098 0.400864 -0.930001 -0.306251 0.203246 -0.504429 0.187325 -0.870677 -0.454788 0.485926 
1537391386417 0.262247 0.920836 -0.288594 -0.617016 -0.935123 0.316339 0.15961 -0.249776 0.238268 0.228014 0.944054 0.382601 0.316241 -0.38488 0.867098 0.400864 -0.930001 -0.306251 0.203246 -0.504429 0.187325 -0.870677 -0.454788 0.485926 
1537391386443 0.258846 0.922365 -0.286778 -0.617452 -0.935753 0.313075 0.162331 -0.248444 0.239511 0.226334 0.944144 0.381682 0.316241 -0.38488 0.867098 0.400864 -0.930001 -0.306251 0.203246 -0.504429 0.187325 -0.870677 -0.454788 0.485926 
1537391386469 0.255464 0.923862 -0.284987 -0.617691 -0.936362 0.309827 0.165024 -0.247012 0.240756 0.224694 0.944219 0.380804 0.316531 -0.385118 0.866887 0.401814 -0.929976 -0.306103 0.20358 -0.50615 0.186955 -0.870623 -0.455042 0.486735 
1537391386532 0.272219 0.917631 -0.289568 -0.615472 -0.934139 0.32421 0.149241 -0.253999 0.230829 0.22987 0.945451 0.386937 0.16008 -0.304787 0.938871 0.370831 -0.775623 0.549475 0.310623 -0.528794 -0.61056 -0.777934 -0.14844 0.432481 
1537391386552 0.270238 0.918421 -0.288921 -0.615565 -0.93441 0.322511 0.151208 -0.253107 0.232053 0.229108 0.945336 0.386281 0.316241 -0.38488 0.867098 0.400864 -0.930001 -0.306251 0.203246 -0.504429 0.187325 -0.870677 -0.454788 0.485926 
1537391386566 0.268257 0.919205 -0.288271 -0.615657 -0.934676 0.320808 0.153174 -0.252215 0.233278 0.22835 0.945218 0.385626 0.316241 -0.38488 0.867098 0.400864 -0.930001 -0.306251 0.203246 -0.504429 0.187325 -0.870677 -0.454788 0.485926 
1537391386596 0.266275 0.919986 -0.287616 -0.61575 -0.934936 0.319103 0.155138 -0.251323 0.234504 0.227593 0.945097 0.38497 0.316241 -0.38488 0.867098 0.400864 -0.930001 -0.306251 0.203246 -0.504429 0.187325 -0.870677 -0.454788 0.485926 
1537391386622 0.264293 0.920763 -0.286957 -0.615842 -0.93519 0.317395 0.157101 -0.250431 0.235732 0.226839 0.944973 0.384315 0.316241 -0.38488 0.867098 0.400864 -0.930001 -0.306251 0.203246 -0.504429 0.187325 -0.870677 -0.454788 0.485926 
1537391386671 0.262311 0.921536 -0.286295 -0.615935 -0.935437 0.315684 0.159062 -0.249539 0.23696 0.226087 0.944846 0.383659 0.316241 -0.38488 0.867098 0.400864 -0.930001 -0.306251 0.203246 -0.504429 0.187325 -0.870677 -0.454788 0.485926 
1537391386678 0.260329 0.922305 -0.285627 -0.616028 -0.935679 0.31397 0.161022 -0.248647 0.238189 0.225337 0.944716 0.383003 0.316241 -0.38488 0.867098 0.400864 -0.930001 -0.306251 0.203246 -0.504429 0.187325 -0.870677 -0.454788 0.485926 
1537391386708 0.258346 0.92307 -0.284955 -0.61612 -0.935914 0.312253 0.16298 -0.247755 0.23942 0.224588 0.944584 0.382348 0.316241 -0.38488 0.867098 0.400864 -0.930001 -0.306251 0.203246 -0.504429 0.187325 -0.870677 -0.454788 0.485926 
1537391386735 0.256364 0.923831 -0.284279 -0.616213 -0.936143 0.310534 0.164936 -0.246863 0.240651 0.223843 0.944448 0.381692 0.316241 -0.38488 0.867098 0.400864 -0.930001 -0.306251 0.203246 -0.504429 0.187325 -0.870677 -0.454788 0.485926 
1537391386761 0.254387 0.924582 -0.28361 -0.616248 -0.936365 0.30882 0.166884 -0.245942 0.241883 0.223109 0.944307 0.381048 0.316531 -0.385118 0.866887 0.401814 -0.929976 -0.306103 0.20358 -0.50615 0.186955 -0.870623 -0.455042 0.486735 
1537391386811 0.262663 0.921701 -0.285438 -0.616255 -0.935181 0.316022 0.159895 -0.249685 0.237581 0.224938 0.944965 0.383904 0.16008 -0.304787 0.938871 0.370831 -0.775623 0.549475 0.310623 -0.528794 -0.61056 -0.777934 -0.14844 0.432481 
1537391386825 0.261693 0.92207 -0.285139 -0.615997 -0.935271 0.315215 0.160961 -0.249133 0.238297 0.224559 0.944874 0.383626 0.316241 -0.38488 0.867098 0.400864 -0.930001 -0.306251 0.203246 -0.504429 0.187325 -0.870677 -0.454788 0.485926 
1537391386841 0.260723 0.922438 -0.284838 -0.615738 -0.935358 0.314407 0.162028 -0.248581 0.239015 0.224181 0.944783 0.383348 0.316241 -0.38488 0.867098 0.400864 -0.930001 -0.306251 0.203246 -0.504429 0.187325 -0.870677 -0.454788 0.485926 
1537391386868 0.259753 0.922804 -0.284536 -0.615479 -0.935444 0.313599 0.163093 -0.248028 0.239734 0.223803 0.94469 0.383069 0.316241 -0.38488 0.867098 0.400864 -0.930001 -0.306251 0.203246 -0.504429 0.187325 -0.870677 -0.454788 0.485926 
1537391386874 0.258784 0.92317 -0.284233 -0.615221 -0.935529 0.312791 0.164159 -0.247476 0.240452 0.223427 0.944597 0.382791 0.316241 -0.38488 0.867098 0.400864 -0.930001 -0.306251 0.203246 -0.504429 0.187325 -0.870677 -0.454788 0.485926 
1537391386902 0.257814 0.923535 -0.283929 -0.614962 -0.935611 0.311981 0.165224 -0.246924 0.241171 0.22305 0.944503 0.382513 0.316241 -0.38488 0.867098 0.400864 -0.930001 -0.306251 0.203246 -0.504429 0.187325 -0.870677 -0.454788 0.485926 
1537391386925 0.256844 0.923899 -0.283624 -0.614704 -0.935693 0.311171 0.166289 -0.246372 0.241889 0.222674 0.944408 0.382235 0.316241 -0.38488 0.867098 0.400864 -0.930001 -0.306251 0.203246 -0.504429 0.187325 -0.870677 -0.454788 0.485926 
1537391386951 0.255875 0.924261 -0.283318 -0.614445 -0.935772 0.310361 0.167353 -0.24582 0.242608 0.2223 0.944311 0.381957 0.316241 -0.38488 0.867098 0.400864 -0.930001 -0.306251 0.203246 -0.504429 0.187325 -0.870677 -0.454788 0.485926 
1537391386975 0.254905 0.924623 -0.283011 -0.614187 -0.93585 0.309549 0.168416 -0.245268 0.243327 0.221925 0.944214 0.381678 0.316241 -0.38488 0.867098 0.400864 -0.930001 -0.306251 0.203246 -0.504429 0.187325 -0.870677 -0.454788 0.485926 
1537391386980 0.25393 0.924989 -0.282692 -0.613982 -0.935928 0.30873 0.169485 -0.244743 0.244048 0.221542 0.944119 0.38139 0.316531 -0.385118 0.866887 0.401814 -0.929976 -0.306103 0.20358 -0.50615 0.186955 -0.870623 -0.455042 0.486735 
1537391387016 0.258698 0.92307 -0.284636 -0.616117 -0.935548 0.312784 0.16406 -0.247765 0.240468 0.223849 0.944493 0.382284 0.16008 -0.304787 0.938871 0.370831 -0.775623 0.549475 0.310623 -0.528794 -0.61056 -0.777934 -0.14844 0.432481 
1537391387030 0.258263 0.924353 -0.28084 -0.61638 -0.936377 0.311037 0.162645 -0.246761 0.237693 0.220967 0.945873 0.381782 0.316241 -0.38488 0.867098 0.400864 -0.930001 -0.306251 0.203246 -0.504429 0.187325 -0.870677 -0.454788 0.485926 
1537391387054 0.257817 0.925624 -0.27704 -0.616643 -0.9372 0.309295 0.161221 -0.245757 0.234917 0.218077 0.947236 0.381279 0.316241 -0.38488 0.867098 0.400864 -0.930001 -0.306251 0.203246 -0.504429 0.187325 -0.870677 -0.454788 0.485926 
1537391387075 0.257359 0.926881 -0.273236 -0.616906 -0.938017 0.307556 0.15979 -0.244753 0.232142 0.215177 0.948583 0.380777 0.316241 -0.38488 0.867098 0.400864 -0.930001 -0.306251 0.203246 -0.504429 0.187325 -0.870677 -0.454788 0.485926 
1537391387114 0.25689 0.928124 -0.26943 -0.617169 -0.938828 0.305821 0.15835 -0.243749 0.229366 0.21227 0.949912 0.380275 0.316241 -0.38488 0.867098 0.400864 -0.930001 -0.306251 0.203246 -0.504429 0.187325 -0.870677 -0.454788 0.485926 
1537391387140 0.256409 0.929355 -0.265621 -0.617432 -0.939633 0.30409 0.156903 -0.242746 0.226591 0.209355 0.951224 0.379773 0.316241 -0.38488 0.867098 0.400864 -0.930001 -0.306251 0.203246 -0.504429 0.187325 -0.870677 -0.454788 0.485926 
1537391387182 0.255917 0.930571 -0.261809 -0.617694 -0.940432 0.302362 0.155448 -0.241742 0.223816 0.206432 0.952519 0.37927 0.316241 -0.38488 0.867098 0.400864 -0.930001 -0.306251 0.203246 -0.504429 0.187325 -0.870677 -0.454788 0.485926 
