1533571904794 0.0899635 0.968208 -0.233407 -0.549355 -0.994666 0.0992183 0.0281924 -0.248647 0.0504544 0.229626 0.97197 0.343732 1 0 0 0 0 1 0 0 0 0 1 1.306 
1533571904808 0.101292 0.965441 -0.240131 -0.555872 -0.99256 0.114462 0.0415129 -0.248625 0.0675642 0.23414 0.969852 0.347317 0.31324 -0.386601 0.867422 0.386191 -0.93126 -0.304042 0.200784 -0.500189 0.186109 -0.870689 -0.455263 0.505381 
1533571905342 0.112486 0.962465 -0.246996 -0.562363 -0.990037 0.129747 0.0547018 -0.248584 0.0846956 0.238382 0.967471 0.350857 0.316245 -0.384866 0.867103 0.400217 -0.929998 -0.306258 0.20325 -0.50405 0.187333 -0.87068 -0.454777 0.486146 
1533571905872 0.123535 0.959283 -0.254 -0.568866 -0.987099 0.145063 0.067774 -0.248552 0.10186 0.242351 0.964827 0.354421 0.316258 -0.384857 0.867102 0.400837 -0.929992 -0.306267 0.203262 -0.504369 0.187338 -0.870681 -0.454774 0.485921 
1533571906400 0.134435 0.955894 -0.261139 -0.575369 -0.983746 0.160403 0.0807176 -0.248519 0.119045 0.246043 0.961921 0.357985 0.316239 -0.384881 0.867098 0.400855 -0.93 -0.306257 0.203241 -0.504361 0.187331 -0.870674 -0.45479 0.485943 
1533571906932 0.145181 0.952302 -0.26841 -0.581873 -0.97998 0.175761 0.093525 -0.248487 0.13624 0.249459 0.958754 0.361549 0.316214 -0.384899 0.867099 0.400827 -0.930009 -0.306245 0.203217 -0.504329 0.187327 -0.87067 -0.454799 0.48594 
1533571907474 0.155769 0.948507 -0.27581 -0.588376 -0.975804 0.191131 0.106191 -0.248454 0.153439 0.252595 0.955328 0.365113 0.3162 -0.384907 0.867101 0.400798 -0.930014 -0.306239 0.203202 -0.504306 0.187326 -0.870669 -0.454801 0.485923 
1533571907480 0.166194 0.944511 -0.283336 -0.594877 -0.971218 0.206504 0.11871 -0.248421 0.170632 0.255452 0.951645 0.368677 0.316197 -0.384904 0.867103 0.400778 -0.930015 -0.30624 0.2032 -0.504293 0.187329 -0.87067 -0.454799 0.485903 
1533571908212 0.176451 0.940315 -0.290988 -0.601346 -0.966225 0.221875 0.131075 -0.248382 0.187815 0.258031 0.947705 0.372242 0.3162 -0.384895 0.867106 0.400765 -0.930012 -0.306246 0.203202 -0.504277 0.187337 -0.870672 -0.454792 0.485883 
1533571908778 0.186536 0.935913 -0.298784 -0.607428 -0.960832 0.237235 0.143255 -0.24828 0.204956 0.260359 0.943507 0.375749 0.316121 -0.384928 0.86712 0.400677 -0.93004 -0.306209 0.203128 -0.50414 0.18733 -0.87067 -0.454798 0.485851 
1533571909329 0.186504 0.935921 -0.298777 -0.607409 -0.960855 0.237182 0.143186 -0.24828 0.204875 0.260376 0.94352 0.375704 1 0 0 0 0 1 0 0 0 0 1 1.306 
1533571909342 0.187507 0.935471 -0.299557 -0.608107 -0.96029 0.238724 0.144408 -0.248284 0.206601 0.260584 0.943086 0.376071 0.313239 -0.3866 0.867422 0.386189 -0.93126 -0.304042 0.200784 -0.500185 0.18611 -0.870689 -0.455263 0.505382 
1533571909692 0.188508 0.93502 -0.300338 -0.608805 -0.959721 0.240266 0.145629 -0.248289 0.208327 0.260788 0.94265 0.376437 0.316244 -0.384866 0.867103 0.400216 -0.929998 -0.306258 0.203249 -0.504049 0.187334 -0.87068 -0.454777 0.486145 
1533571909698 0.189508 0.934566 -0.30112 -0.609503 -0.959148 0.241808 0.146848 -0.248293 0.210052 0.26099 0.942212 0.376804 0.316258 -0.384857 0.867102 0.400836 -0.929992 -0.306267 0.203261 -0.504368 0.187338 -0.870681 -0.454774 0.485921 
1533571909993 0.190506 0.93411 -0.301903 -0.610201 -0.958571 0.243349 0.148064 -0.248297 0.211776 0.261188 0.94177 0.377171 0.316239 -0.384881 0.867098 0.400855 -0.93 -0.306257 0.203241 -0.504361 0.187331 -0.870674 -0.454789 0.485943 
1533571910218 0.191503 0.933652 -0.302688 -0.610899 -0.95799 0.244891 0.14928 -0.248302 0.213501 0.261385 0.941326 0.377537 0.316214 -0.384899 0.867099 0.400827 -0.930009 -0.306245 0.203216 -0.504329 0.187327 -0.87067 -0.454799 0.48594 
1533571910456 0.192497 0.933193 -0.303473 -0.611596 -0.957404 0.246432 0.150493 -0.248306 0.215225 0.261577 0.94088 0.377904 0.3162 -0.384907 0.867101 0.400798 -0.930014 -0.306239 0.203202 -0.504306 0.187326 -0.870669 -0.454801 0.485922 
1533571910697 0.19349 0.932731 -0.30426 -0.612294 -0.956815 0.247973 0.151706 -0.24831 0.216949 0.261767 0.940431 0.378271 0.316197 -0.384904 0.867103 0.400778 -0.930014 -0.30624 0.2032 -0.504292 0.187329 -0.87067 -0.454799 0.485903 
1533571910928 0.194481 0.932267 -0.305049 -0.612988 -0.956221 0.249514 0.152916 -0.248314 0.218672 0.261955 0.93998 0.378638 0.316201 -0.384895 0.867106 0.400765 -0.930012 -0.306246 0.203202 -0.504277 0.187337 -0.870672 -0.454792 0.485883 
1533571911171 0.19547 0.931801 -0.305841 -0.613639 -0.955624 0.251055 0.154122 -0.24831 0.220394 0.262143 0.939525 0.378999 0.316123 -0.384928 0.86712 0.40068 -0.93004 -0.30621 0.20313 -0.504145 0.18733 -0.87067 -0.454798 0.485852 
1533571911477 0.195392 0.931858 -0.305716 -0.613653 -0.955655 0.250943 0.154114 -0.248274 0.22033 0.262047 0.939567 0.379089 1 0 0 0 0 1 0 0 0 0 1 1.306 
1533571911488 0.195834 0.931961 -0.305119 -0.613726 -0.955562 0.251267 0.154166 -0.248278 0.220343 0.261369 0.939753 0.379027 0.313239 -0.3866 0.867422 0.386189 -0.93126 -0.304042 0.200784 -0.500185 0.18611 -0.870689 -0.455263 0.505382 
1533571911695 0.196275 0.932063 -0.304523 -0.613799 -0.955468 0.251591 0.154219 -0.248281 0.220357 0.260692 0.939937 0.378965 0.316244 -0.384866 0.867103 0.400216 -0.929998 -0.306258 0.203249 -0.504049 0.187334 -0.87068 -0.454777 0.486145 
1533571911876 0.196717 0.932165 -0.303926 -0.613871 -0.955374 0.251914 0.154273 -0.248285 0.220371 0.260014 0.940122 0.378903 0.316258 -0.384857 0.867102 0.400836 -0.929992 -0.306267 0.203261 -0.504368 0.187338 -0.870681 -0.454774 0.485921 
1533571912087 0.197158 0.932267 -0.303328 -0.613944 -0.95528 0.252237 0.154327 -0.248288 0.220385 0.259336 0.940306 0.378841 0.316239 -0.384881 0.867098 0.400855 -0.93 -0.306257 0.203241 -0.504361 0.187331 -0.870674 -0.454789 0.485943 
1533571912265 0.197599 0.932367 -0.302731 -0.614017 -0.955186 0.252561 0.154381 -0.248292 0.220398 0.258659 0.940489 0.37878 0.316214 -0.384899 0.867099 0.400827 -0.930009 -0.306245 0.203216 -0.504329 0.187327 -0.87067 -0.454799 0.48594 
1533571912470 0.19804 0.932467 -0.302134 -0.61409 -0.955091 0.252885 0.154435 -0.248296 0.220411 0.257981 0.940673 0.378718 0.3162 -0.384907 0.867101 0.400798 -0.930014 -0.306239 0.203202 -0.504306 0.187326 -0.870669 -0.454801 0.485922 
1533571912647 0.198481 0.932567 -0.301536 -0.614163 -0.954997 0.253208 0.15449 -0.248299 0.220423 0.257303 0.940855 0.378656 0.316197 -0.384904 0.867103 0.400778 -0.930014 -0.30624 0.2032 -0.504292 0.187329 -0.87067 -0.454799 0.485903 
1533571912841 0.198922 0.932666 -0.300939 -0.614234 -0.954902 0.253531 0.154544 -0.248303 0.220435 0.256625 0.941038 0.378594 0.316201 -0.384895 0.867106 0.400765 -0.930012 -0.306246 0.203202 -0.504277 0.187337 -0.870672 -0.454792 0.485883 
1533571913051 0.199363 0.932764 -0.300344 -0.614294 -0.954807 0.253854 0.154598 -0.248303 0.220447 0.255949 0.941219 0.378537 0.316123 -0.384928 0.86712 0.40068 -0.93004 -0.30621 0.20313 -0.504145 0.18733 -0.87067 -0.454798 0.485852 
1533571913264 0.199357 0.932783 -0.300287 -0.614261 -0.954829 0.253816 0.154529 -0.248367 0.22036 0.255916 0.941248 0.378579 1 0 0 0 0 1 0 0 0 0 1 1.306 
1533571913276 0.199244 0.932897 -0.300008 -0.61423 -0.954759 0.253771 0.155036 -0.248417 0.220766 0.255545 0.941254 0.378559 0.313239 -0.3866 0.867422 0.386189 -0.93126 -0.304042 0.200784 -0.500185 0.18611 -0.870689 -0.455263 0.505382 
1533571913475 0.199131 0.933012 -0.299727 -0.6142 -0.954688 0.253725 0.155543 -0.248466 0.221171 0.255172 0.94126 0.378539 0.316244 -0.384866 0.867103 0.400216 -0.929998 -0.306258 0.203249 -0.504049 0.187334 -0.87068 -0.454777 0.486145 
1533571913666 0.199018 0.933126 -0.299446 -0.61417 -0.954618 0.253679 0.15605 -0.248516 0.221577 0.2548 0.941265 0.378519 0.316258 -0.384857 0.867102 0.400836 -0.929992 -0.306267 0.203261 -0.504368 0.187338 -0.870681 -0.454774 0.485921 
1533571913672 0.198904 0.93324 -0.299165 -0.614139 -0.954547 0.253632 0.156556 -0.248565 0.221983 0.254427 0.941271 0.378499 0.316239 -0.384881 0.867098 0.400855 -0.93 -0.306257 0.203241 -0.504361 0.187331 -0.870674 -0.454789 0.485943 
1533571913877 0.198791 0.933355 -0.298884 -0.614108 -0.954477 0.253585 0.157063 -0.248615 0.222388 0.254055 0.941276 0.378478 0.316214 -0.384899 0.867099 0.400827 -0.930009 -0.306245 0.203216 -0.504329 0.187327 -0.87067 -0.454799 0.48594 
1533571914057 0.198678 0.933469 -0.298602 -0.614078 -0.954405 0.253539 0.15757 -0.248665 0.222794 0.253682 0.94128 0.378458 0.3162 -0.384907 0.867101 0.400798 -0.930014 -0.306239 0.203202 -0.504306 0.187326 -0.870669 -0.454801 0.485922 
1533571914225 0.198566 0.933582 -0.298321 -0.614047 -0.954334 0.253492 0.158077 -0.248714 0.2232 0.25331 0.941284 0.378438 0.316197 -0.384904 0.867103 0.400778 -0.930014 -0.30624 0.2032 -0.504292 0.187329 -0.87067 -0.454799 0.485903 
1533571914401 0.198453 0.933696 -0.29804 -0.614017 -0.954263 0.253444 0.158583 -0.248764 0.223605 0.252937 0.941288 0.378418 0.316201 -0.384895 0.867106 0.400765 -0.930012 -0.306246 0.203202 -0.504277 0.187337 -0.870672 -0.454792 0.485883 
1533571914593 0.19834 0.93381 -0.297759 -0.613984 -0.954191 0.253397 0.159089 -0.248809 0.22401 0.252566 0.941292 0.378401 0.316123 -0.384928 0.86712 0.40068 -0.93004 -0.30621 0.20313 -0.504145 0.18733 -0.87067 -0.454798 0.485852 
1533571914812 0.198459 0.933818 -0.297656 -0.613939 -0.954137 0.253525 0.159208 -0.248818 0.224134 0.252408 0.941304 0.378442 1 0 0 0 0 1 0 0 0 0 1 1.306 
1533571914824 0.198512 0.933855 -0.297501 -0.61393 -0.954138 0.253535 0.159184 -0.248827 0.224082 0.252258 0.941357 0.378446 0.313239 -0.3866 0.867422 0.386189 -0.93126 -0.304042 0.200784 -0.500185 0.18611 -0.870689 -0.455263 0.505382 
1533571914903 0.198565 0.933894 -0.297346 -0.613921 -0.95414 0.253545 0.15916 -0.248836 0.22403 0.252106 0.94141 0.378449 0.316244 -0.384866 0.867103 0.400216 -0.929998 -0.306258 0.203249 -0.504049 0.187334 -0.87068 -0.454777 0.486145 
1533571914909 0.198618 0.933931 -0.297192 -0.613912 -0.954141 0.253556 0.159136 -0.248846 0.223977 0.251956 0.941463 0.378453 0.316258 -0.384857 0.867102 0.400836 -0.929992 -0.306267 0.203261 -0.504368 0.187338 -0.870681 -0.454774 0.485921 
1533571915084 0.198671 0.933969 -0.297037 -0.613903 -0.954142 0.253566 0.159112 -0.248855 0.223925 0.251805 0.941516 0.378457 0.316239 -0.384881 0.867098 0.400855 -0.93 -0.306257 0.203241 -0.504361 0.187331 -0.870674 -0.454789 0.485943 
1533571915276 0.198725 0.934007 -0.296883 -0.613894 -0.954143 0.253577 0.159088 -0.248864 0.223872 0.251654 0.941569 0.378461 0.316214 -0.384899 0.867099 0.400827 -0.930009 -0.306245 0.203216 -0.504329 0.187327 -0.87067 -0.454799 0.48594 
1533571915469 0.198778 0.934045 -0.296729 -0.613886 -0.954145 0.253587 0.159064 -0.248873 0.22382 0.251504 0.941621 0.378464 0.3162 -0.384907 0.867101 0.400798 -0.930014 -0.306239 0.203202 -0.504306 0.187326 -0.870669 -0.454801 0.485922 
1533571915591 0.198831 0.934083 -0.296573 -0.613877 -0.954146 0.253597 0.159041 -0.248882 0.223767 0.251352 0.941674 0.378468 0.316197 -0.384904 0.867103 0.400778 -0.930014 -0.30624 0.2032 -0.504292 0.187329 -0.87067 -0.454799 0.485903 
1533571915700 0.198884 0.93412 -0.296419 -0.613868 -0.954147 0.253608 0.159016 -0.248892 0.223715 0.251202 0.941727 0.378472 0.316201 -0.384895 0.867106 0.400765 -0.930012 -0.306246 0.203202 -0.504277 0.187337 -0.870672 -0.454792 0.485883 
1533571915837 0.198937 0.934158 -0.296265 -0.613858 -0.954148 0.253618 0.158993 -0.2489 0.223662 0.251051 0.941779 0.378476 0.316123 -0.384928 0.86712 0.40068 -0.93004 -0.30621 0.20313 -0.504145 0.18733 -0.87067 -0.454798 0.485852 
1533571915964 0.19891 0.934154 -0.296295 -0.613847 -0.95413 0.253624 0.159091 -0.248892 0.223763 0.251059 0.941753 0.378514 1 0 0 0 0 1 0 0 0 0 1 1.306 
1533571915978 0.198842 0.934122 -0.296444 -0.613808 -0.954135 0.253595 0.159109 -0.248902 0.223804 0.25121 0.941703 0.378537 0.313239 -0.3866 0.867422 0.386189 -0.93126 -0.304042 0.200784 -0.500185 0.18611 -0.870689 -0.455263 0.505382 
1533571916154 0.198774 0.934088 -0.296594 -0.61377 -0.95414 0.253567 0.159127 -0.248913 0.223845 0.251361 0.941653 0.37856 0.316244 -0.384866 0.867103 0.400216 -0.929998 -0.306258 0.203249 -0.504049 0.187334 -0.87068 -0.454777 0.486145 
1533571916160 0.198706 0.934055 -0.296743 -0.613732 -0.954144 0.253539 0.159146 -0.248924 0.223887 0.251513 0.941603 0.378583 0.316258 -0.384857 0.867102 0.400836 -0.929992 -0.306267 0.203261 -0.504368 0.187338 -0.870681 -0.454774 0.485921 
1533571916440 0.198638 0.934022 -0.296893 -0.613693 -0.954148 0.253511 0.159164 -0.248934 0.223928 0.251664 0.941553 0.378606 0.316239 -0.384881 0.867098 0.400855 -0.93 -0.306257 0.203241 -0.504361 0.187331 -0.870674 -0.454789 0.485943 
1533571916611 0.19857 0.933989 -0.297042 -0.613654 -0.954153 0.253482 0.159182 -0.248944 0.223969 0.251814 0.941503 0.378629 0.316214 -0.384899 0.867099 0.400827 -0.930009 -0.306245 0.203216 -0.504329 0.187327 -0.87067 -0.454799 0.48594 
1533571916616 0.198502 0.933956 -0.297192 -0.613616 -0.954157 0.253455 0.1592 -0.248955 0.22401 0.251966 0.941452 0.378651 0.3162 -0.384907 0.867101 0.400798 -0.930014 -0.306239 0.203202 -0.504306 0.187326 -0.870669 -0.454801 0.485922 
1533571916752 0.198434 0.933923 -0.297341 -0.613578 -0.954162 0.253426 0.159218 -0.248966 0.224052 0.252117 0.941402 0.378674 0.316197 -0.384904 0.867103 0.400778 -0.930014 -0.30624 0.2032 -0.504292 0.187329 -0.87067 -0.454799 0.485903 
1533571916956 0.198367 0.93389 -0.29749 -0.613539 -0.954166 0.253398 0.159237 -0.248976 0.224093 0.252268 0.941352 0.378697 0.316201 -0.384895 0.867106 0.400765 -0.930012 -0.306246 0.203202 -0.504277 0.187337 -0.870672 -0.454792 0.485883 
1533571917038 0.198299 0.933857 -0.297639 -0.613506 -0.954171 0.25337 0.159255 -0.248987 0.224134 0.252419 0.941302 0.378719 0.316123 -0.384928 0.86712 0.40068 -0.93004 -0.30621 0.20313 -0.504145 0.18733 -0.87067 -0.454798 0.485852 
1533571917201 0.198262 0.933867 -0.297633 -0.613531 -0.954177 0.253335 0.15927 -0.248934 0.224137 0.252417 0.941301 0.378733 1 0 0 0 0 1 0 0 0 0 1 1.306 
1533571917213 0.197902 0.933876 -0.297842 -0.613492 -0.954213 0.253073 0.159473 -0.249072 0.224304 0.252644 0.941201 0.378747 0.313239 -0.3866 0.867422 0.386189 -0.93126 -0.304042 0.200784 -0.500185 0.18611 -0.870689 -0.455263 0.505382 
1533571917419 0.197542 0.933886 -0.298051 -0.613453 -0.954248 0.25281 0.159678 -0.249209 0.224471 0.252871 0.9411 0.378762 0.316244 -0.384866 0.867103 0.400216 -0.929998 -0.306258 0.203249 -0.504049 0.187334 -0.87068 -0.454777 0.486145 
1533571917426 0.197181 0.933896 -0.29826 -0.613414 -0.954284 0.252547 0.159882 -0.249347 0.224638 0.253099 0.940999 0.378776 0.316258 -0.384857 0.867102 0.400836 -0.929992 -0.306267 0.203261 -0.504368 0.187338 -0.870681 -0.454774 0.485921 
1533571917641 0.19682 0.933905 -0.298468 -0.613375 -0.954319 0.252285 0.160086 -0.249484 0.224805 0.253326 0.940898 0.37879 0.316239 -0.384881 0.867098 0.400855 -0.93 -0.306257 0.203241 -0.504361 0.187331 -0.870674 -0.454789 0.485943 
1533571917850 0.196459 0.933914 -0.298677 -0.613337 -0.954354 0.252022 0.160291 -0.249622 0.224971 0.253553 0.940797 0.378804 0.316214 -0.384899 0.867099 0.400827 -0.930009 -0.306245 0.203216 -0.504329 0.187327 -0.87067 -0.454799 0.48594 
1533571918015 0.196099 0.933923 -0.298886 -0.613298 -0.954389 0.25176 0.160496 -0.24976 0.225138 0.25378 0.940696 0.378819 0.3162 -0.384907 0.867101 0.400798 -0.930014 -0.306239 0.203202 -0.504306 0.187326 -0.870669 -0.454801 0.485922 
1533571918022 0.195738 0.933932 -0.299094 -0.613259 -0.954424 0.251497 0.1607 -0.249897 0.225304 0.254007 0.940595 0.378833 0.316197 -0.384904 0.867103 0.400778 -0.930014 -0.30624 0.2032 -0.504292 0.187329 -0.87067 -0.454799 0.485903 
1533571918208 0.195377 0.933941 -0.299302 -0.61322 -0.954458 0.251234 0.160905 -0.250035 0.225471 0.254235 0.940493 0.378847 0.316201 -0.384895 0.867106 0.400765 -0.930012 -0.306246 0.203202 -0.504277 0.187337 -0.870672 -0.454792 0.485883 
1533571918410 0.195016 0.93395 -0.29951 -0.613184 -0.954493 0.250972 0.161109 -0.250169 0.225636 0.254462 0.940392 0.378861 0.316123 -0.384928 0.86712 0.40068 -0.93004 -0.30621 0.20313 -0.504145 0.18733 -0.87067 -0.454798 0.485852 
1533571918597 0.19508 0.933945 -0.299485 -0.613162 -0.954512 0.250992 0.160965 -0.250179 0.225501 0.254461 0.940425 0.378857 1 0 0 0 0 1 0 0 0 0 1 1.306 
1533571918609 0.194682 0.934039 -0.299449 -0.613121 -0.954592 0.25061 0.161087 -0.250319 0.225506 0.254491 0.940415 0.378821 0.313239 -0.3866 0.867422 0.386189 -0.93126 -0.304042 0.200784 -0.500185 0.18611 -0.870689 -0.455263 0.505382 
1533571918803 0.194284 0.934133 -0.299414 -0.61308 -0.954672 0.250227 0.161208 -0.25046 0.225512 0.254522 0.940406 0.378784 0.316244 -0.384866 0.867103 0.400216 -0.929998 -0.306258 0.203249 -0.504049 0.187334 -0.87068 -0.454777 0.486145 
1533571918970 0.193886 0.934228 -0.299378 -0.61304 -0.954751 0.249845 0.16133 -0.2506 0.225517 0.254552 0.940396 0.378748 0.316258 -0.384857 0.867102 0.400836 -0.929992 -0.306267 0.203261 -0.504368 0.187338 -0.870681 -0.454774 0.485921 
1533571919136 0.193488 0.934321 -0.299342 -0.612999 -0.954831 0.249462 0.161452 -0.250741 0.225523 0.254582 0.940387 0.378711 0.316239 -0.384881 0.867098 0.400855 -0.93 -0.306257 0.203241 -0.504361 0.187331 -0.870674 -0.454789 0.485943 
1533571919417 0.19309 0.934415 -0.299306 -0.612958 -0.95491 0.249079 0.161574 -0.250881 0.225529 0.254612 0.940377 0.378675 0.316214 -0.384899 0.867099 0.400827 -0.930009 -0.306245 0.203216 -0.504329 0.187327 -0.87067 -0.454799 0.48594 
1533571919619 0.192691 0.934509 -0.299271 -0.612917 -0.954989 0.248697 0.161696 -0.251021 0.225534 0.254643 0.940368 0.378639 0.3162 -0.384907 0.867101 0.400798 -0.930014 -0.306239 0.203202 -0.504306 0.187326 -0.870669 -0.454801 0.485922 
1533571919814 0.192293 0.934602 -0.299235 -0.612876 -0.955068 0.248314 0.161818 -0.251162 0.22554 0.254673 0.940358 0.378602 0.316197 -0.384904 0.867103 0.400778 -0.930014 -0.30624 0.2032 -0.504292 0.187329 -0.87067 -0.454799 0.485903 
1533571920021 0.191895 0.934696 -0.299199 -0.612836 -0.955147 0.247931 0.16194 -0.251302 0.225545 0.254703 0.940349 0.378566 0.316201 -0.384895 0.867106 0.400765 -0.930012 -0.306246 0.203202 -0.504277 0.187337 -0.870672 -0.454792 0.485883 
1533571920188 0.191497 0.934789 -0.299163 -0.612795 -0.955226 0.247549 0.162061 -0.251439 0.22555 0.254734 0.940339 0.378531 0.316123 -0.384928 0.86712 0.40068 -0.93004 -0.30621 0.20313 -0.504145 0.18733 -0.87067 -0.454798 0.485852 
1533571920371 0.191503 0.934763 -0.299241 -0.61281 -0.955213 0.24758 0.162084 -0.251399 0.225597 0.2548 0.94031 0.378505 1 0 0 0 0 1 0 0 0 0 1 1.306 
1533571920382 0.191486 0.93473 -0.299353 -0.612742 -0.95523 0.247569 0.162005 -0.251465 0.225541 0.254929 0.940288 0.378473 0.313239 -0.3866 0.867422 0.386189 -0.93126 -0.304042 0.200784 -0.500185 0.18611 -0.870689 -0.455263 0.505382 
1533571920706 0.19147 0.934698 -0.299465 -0.612673 -0.955246 0.247558 0.161925 -0.251531 0.225485 0.255059 0.940266 0.378442 0.316244 -0.384866 0.867103 0.400216 -0.929998 -0.306258 0.203249 -0.504049 0.187334 -0.87068 -0.454777 0.486145 
1533571920927 0.191454 0.934665 -0.299577 -0.612605 -0.955263 0.247547 0.161844 -0.251596 0.22543 0.255189 0.940245 0.378411 0.316258 -0.384857 0.867102 0.400836 -0.929992 -0.306267 0.203261 -0.504368 0.187338 -0.870681 -0.454774 0.485921 
1533571921117 0.191437 0.934633 -0.299689 -0.612536 -0.955279 0.247536 0.161764 -0.251662 0.225374 0.255319 0.940223 0.378379 0.316239 -0.384881 0.867098 0.400855 -0.93 -0.306257 0.203241 -0.504361 0.187331 -0.870674 -0.454789 0.485943 
1533571921260 0.191421 0.9346 -0.299801 -0.612468 -0.955296 0.247524 0.161684 -0.251728 0.225318 0.255449 0.940201 0.378348 0.316214 -0.384899 0.867099 0.400827 -0.930009 -0.306245 0.203216 -0.504329 0.187327 -0.87067 -0.454799 0.48594 
1533571921350 0.191405 0.934568 -0.299913 -0.6124 -0.955312 0.247514 0.161603 -0.251794 0.225262 0.255579 0.940179 0.378316 0.3162 -0.384907 0.867101 0.400798 -0.930014 -0.306239 0.203202 -0.504306 0.187326 -0.870669 -0.454801 0.485922 
1533571921474 0.191388 0.934535 -0.300024 -0.612331 -0.955329 0.247502 0.161523 -0.25186 0.225206 0.255708 0.940157 0.378284 0.316197 -0.384904 0.867103 0.400778 -0.930014 -0.30624 0.2032 -0.504292 0.187329 -0.87067 -0.454799 0.485903 
1533571921654 0.191372 0.934503 -0.300136 -0.612263 -0.955345 0.247491 0.161443 -0.251925 0.22515 0.255838 0.940135 0.378253 0.316201 -0.384895 0.867106 0.400765 -0.930012 -0.306246 0.203202 -0.504277 0.187337 -0.870672 -0.454792 0.485883 
1533571921860 0.191356 0.93447 -0.300248 -0.612201 -0.955361 0.24748 0.161363 -0.251992 0.225094 0.255967 0.940114 0.378221 0.316123 -0.384928 0.86712 0.40068 -0.93004 -0.30621 0.20313 -0.504145 0.18733 -0.87067 -0.454798 0.485852 
1533571921966 0.191434 0.934489 -0.300138 -0.612213 -0.955331 0.247553 0.161435 -0.252007 0.225159 0.255827 0.940136 0.378281 1 0 0 0 0 1 0 0 0 0 1 1.306 
1533571921976 0.191404 0.934486 -0.300167 -0.612086 -0.955302 0.247568 0.16158 -0.25206 0.225307 0.255823 0.940102 0.378237 0.313239 -0.3866 0.867422 0.386189 -0.93126 -0.304042 0.200784 -0.500185 0.18611 -0.870689 -0.455263 0.505382 
1533571922175 0.191373 0.934483 -0.300198 -0.611959 -0.955273 0.247585 0.161726 -0.252113 0.225454 0.255821 0.940067 0.378193 0.316244 -0.384866 0.867103 0.400216 -0.929998 -0.306258 0.203249 -0.504049 0.187334 -0.87068 -0.454777 0.486145 
1533571922332 0.191343 0.934479 -0.300228 -0.611832 -0.955244 0.247601 0.161871 -0.252166 0.225602 0.255818 0.940032 0.378149 0.316258 -0.384857 0.867102 0.400836 -0.929992 -0.306267 0.203261 -0.504368 0.187338 -0.870681 -0.454774 0.485921 
1533571922488 0.191313 0.934476 -0.300258 -0.611705 -0.955215 0.247617 0.162017 -0.252219 0.22575 0.255815 0.939998 0.378105 0.316239 -0.384881 0.867098 0.400855 -0.93 -0.306257 0.203241 -0.504361 0.187331 -0.870674 -0.454789 0.485943 
1533571922667 0.191283 0.934472 -0.300288 -0.611578 -0.955187 0.247633 0.162162 -0.252271 0.225897 0.255812 0.939963 0.378061 0.316214 -0.384899 0.867099 0.400827 -0.930009 -0.306245 0.203216 -0.504329 0.187327 -0.87067 -0.454799 0.48594 
1533571922832 0.191252 0.934468 -0.300318 -0.611452 -0.955158 0.247649 0.162308 -0.252324 0.226045 0.25581 0.939928 0.378016 0.3162 -0.384907 0.867101 0.400798 -0.930014 -0.306239 0.203202 -0.504306 0.187326 -0.870669 -0.454801 0.485922 
1533571923029 0.191222 0.934465 -0.300348 -0.611325 -0.955129 0.247665 0.162453 -0.252377 0.226193 0.255807 0.939894 0.377972 0.316197 -0.384904 0.867103 0.400778 -0.930014 -0.30624 0.2032 -0.504292 0.187329 -0.87067 -0.454799 0.485903 
1533571923204 0.191192 0.934461 -0.300379 -0.611199 -0.9551 0.247681 0.162598 -0.25243 0.22634 0.255804 0.939859 0.377928 0.316201 -0.384895 0.867106 0.400765 -0.930012 -0.306246 0.203202 -0.504277 0.187337 -0.870672 -0.454792 0.485883 
1533571923210 0.191162 0.934458 -0.300408 -0.611081 -0.955071 0.247697 0.162743 -0.252483 0.226487 0.255801 0.939824 0.377885 0.316123 -0.384928 0.86712 0.40068 -0.93004 -0.30621 0.20313 -0.504145 0.18733 -0.87067 -0.454798 0.485852 
1533571923431 0.191005 0.934514 -0.300336 -0.611097 -0.955116 0.247521 0.162748 -0.252432 0.22643 0.25577 0.939847 0.377939 1 0 0 0 0 1 0 0 0 0 1 1.306 
1533571923443 0.190819 0.934547 -0.30035 -0.610941 -0.955131 0.247371 0.162886 -0.252462 0.226523 0.255792 0.939818 0.377914 0.313239 -0.3866 0.867422 0.386189 -0.93126 -0.304042 0.200784 -0.500185 0.18611 -0.870689 -0.455263 0.505382 
1533571923663 0.190631 0.93458 -0.300366 -0.610783 -0.955146 0.247221 0.163026 -0.252494 0.226617 0.255815 0.939789 0.377889 0.316244 -0.384866 0.867103 0.400216 -0.929998 -0.306258 0.203249 -0.504049 0.187334 -0.87068 -0.454777 0.486145 
1533571923831 0.190444 0.934613 -0.300382 -0.610625 -0.955161 0.247071 0.163165 -0.252525 0.226712 0.255839 0.93976 0.377863 0.316258 -0.384857 0.867102 0.400836 -0.929992 -0.306267 0.203261 -0.504368 0.187338 -0.870681 -0.454774 0.485921 
1533571924034 0.190256 0.934647 -0.300397 -0.610467 -0.955176 0.246922 0.163305 -0.252556 0.226807 0.255862 0.93973 0.377838 0.316239 -0.384881 0.867098 0.400855 -0.93 -0.306257 0.203241 -0.504361 0.187331 -0.870674 -0.454789 0.485943 
1533571924040 0.190069 0.934679 -0.300413 -0.61031 -0.955191 0.246772 0.163444 -0.252588 0.226901 0.255886 0.939701 0.377812 0.316214 -0.384899 0.867099 0.400827 -0.930009 -0.306245 0.203216 -0.504329 0.187327 -0.87067 -0.454799 0.48594 
1533571924309 0.189881 0.934713 -0.300429 -0.610152 -0.955206 0.246622 0.163584 -0.252619 0.226996 0.25591 0.939672 0.377787 0.3162 -0.384907 0.867101 0.400798 -0.930014 -0.306239 0.203202 -0.504306 0.187326 -0.870669 -0.454801 0.485922 
1533571924480 0.189694 0.934746 -0.300444 -0.609994 -0.95522 0.246473 0.163723 -0.25265 0.227091 0.255933 0.939643 0.377761 0.316197 -0.384904 0.867103 0.400778 -0.930014 -0.30624 0.2032 -0.504292 0.187329 -0.87067 -0.454799 0.485903 
1533571924666 0.189507 0.934779 -0.30046 -0.609837 -0.955235 0.246323 0.163863 -0.252682 0.227186 0.255957 0.939613 0.377736 0.316201 -0.384895 0.867106 0.400765 -0.930012 -0.306246 0.203202 -0.504277 0.187337 -0.870672 -0.454792 0.485883 
1533571924850 0.18932 0.934812 -0.300474 -0.609691 -0.95525 0.246173 0.164002 -0.252714 0.22728 0.255979 0.939584 0.377711 0.316123 -0.384928 0.86712 0.40068 -0.93004 -0.30621 0.20313 -0.504145 0.18733 -0.87067 -0.454798 0.485852 
1533571925038 0.18924 0.934839 -0.300442 -0.609711 -0.955298 0.246055 0.163897 -0.252668 0.227143 0.255995 0.939613 0.3777 1 0 0 0 0 1 0 0 0 0 1 1.306 
1533571925050 0.189128 0.93491 -0.300288 -0.609583 -0.955302 0.245943 0.164043 -0.252701 0.227219 0.255841 0.939637 0.377664 0.313239 -0.3866 0.867422 0.386189 -0.93126 -0.304042 0.200784 -0.500185 0.18611 -0.870689 -0.455263 0.505382 
1533571925275 0.189015 0.934982 -0.300135 -0.609456 -0.955306 0.24583 0.164189 -0.252735 0.227296 0.255687 0.93966 0.377628 0.316244 -0.384866 0.867103 0.400216 -0.929998 -0.306258 0.203249 -0.504049 0.187334 -0.87068 -0.454777 0.486145 
1533571925433 0.188903 0.935054 -0.299983 -0.609328 -0.95531 0.245717 0.164334 -0.252768 0.227372 0.255533 0.939683 0.377592 0.316258 -0.384857 0.867102 0.400836 -0.929992 -0.306267 0.203261 -0.504368 0.187338 -0.870681 -0.454774 0.485921 
1533571925574 0.18879 0.935126 -0.29983 -0.6092 -0.955314 0.245604 0.164481 -0.252802 0.227449 0.255379 0.939706 0.377556 0.316239 -0.384881 0.867098 0.400855 -0.93 -0.306257 0.203241 -0.504361 0.187331 -0.870674 -0.454789 0.485943 
1533571925580 0.188678 0.935198 -0.299677 -0.609073 -0.955318 0.245491 0.164626 -0.252835 0.227526 0.255225 0.93973 0.377519 0.316214 -0.384899 0.867099 0.400827 -0.930009 -0.306245 0.203216 -0.504329 0.187327 -0.87067 -0.454799 0.48594 
1533571925756 0.188566 0.935269 -0.299524 -0.608945 -0.955322 0.245378 0.164772 -0.252868 0.227603 0.255071 0.939753 0.377483 0.3162 -0.384907 0.867101 0.400798 -0.930014 -0.306239 0.203202 -0.504306 0.187326 -0.870669 -0.454801 0.485922 
1533571925853 0.188454 0.935341 -0.299371 -0.608817 -0.955326 0.245265 0.164917 -0.252902 0.227679 0.254917 0.939776 0.377447 0.316197 -0.384904 0.867103 0.400778 -0.930014 -0.30624 0.2032 -0.504292 0.187329 -0.87067 -0.454799 0.485903 
1533571925988 0.188341 0.935412 -0.299218 -0.60869 -0.95533 0.245151 0.165064 -0.252935 0.227756 0.254763 0.939799 0.377411 0.316201 -0.384895 0.867106 0.400765 -0.930012 -0.306246 0.203202 -0.504277 0.187337 -0.870672 -0.454792 0.485883 
1533571926144 0.188229 0.935484 -0.299065 -0.60857 -0.955334 0.245038 0.165209 -0.252968 0.227833 0.25461 0.939822 0.377376 0.316123 -0.384928 0.86712 0.40068 -0.93004 -0.30621 0.20313 -0.504145 0.18733 -0.87067 -0.454798 0.485852 
1533571926330 0.188148 0.935459 -0.299195 -0.608608 -0.955341 0.244994 0.165231 -0.252919 0.227867 0.254746 0.939777 0.377315 1 0 0 0 0 1 0 0 0 0 1 1.306 
1533571926342 0.187883 0.93549 -0.299264 -0.608491 -0.955353 0.2448 0.165449 -0.252942 0.228035 0.254817 0.939717 0.377308 0.313239 -0.3866 0.867422 0.386189 -0.93126 -0.304042 0.200784 -0.500185 0.18611 -0.870689 -0.455263 0.505382 
1533571926349 0.187618 0.935521 -0.299333 -0.608374 -0.955365 0.244605 0.165667 -0.252964 0.228203 0.25489 0.939657 0.377302 0.316244 -0.384866 0.867103 0.400216 -0.929998 -0.306258 0.203249 -0.504049 0.187334 -0.87068 -0.454777 0.486145 
1533571926555 0.187353 0.935552 -0.299402 -0.608257 -0.955377 0.244411 0.165884 -0.252987 0.22837 0.254962 0.939596 0.377295 0.316258 -0.384857 0.867102 0.400836 -0.929992 -0.306267 0.203261 -0.504368 0.187338 -0.870681 -0.454774 0.485921 
1533571926561 0.187088 0.935583 -0.29947 -0.60814 -0.955389 0.244216 0.166102 -0.25301 0.228538 0.255035 0.939536 0.377289 0.316239 -0.384881 0.867098 0.400855 -0.93 -0.306257 0.203241 -0.504361 0.187331 -0.870674 -0.454789 0.485943 
1533571926746 0.186823 0.935614 -0.299538 -0.608023 -0.955401 0.244022 0.16632 -0.253032 0.228705 0.255107 0.939476 0.377282 0.316214 -0.384899 0.867099 0.400827 -0.930009 -0.306245 0.203216 -0.504329 0.187327 -0.87067 -0.454799 0.48594 
1533571926963 0.186558 0.935645 -0.299607 -0.607906 -0.955413 0.243827 0.166537 -0.253055 0.228872 0.25518 0.939415 0.377276 0.3162 -0.384907 0.867101 0.400798 -0.930014 -0.306239 0.203202 -0.504306 0.187326 -0.870669 -0.454801 0.485922 
1533571926970 0.186293 0.935676 -0.299675 -0.607789 -0.955425 0.243632 0.166755 -0.253078 0.229039 0.255252 0.939355 0.377269 0.316197 -0.384904 0.867103 0.400778 -0.930014 -0.30624 0.2032 -0.504292 0.187329 -0.87067 -0.454799 0.485903 
1533571927172 0.186028 0.935707 -0.299744 -0.607673 -0.955436 0.243438 0.166973 -0.253101 0.229206 0.255325 0.939294 0.377263 0.316201 -0.384895 0.867106 0.400765 -0.930012 -0.306246 0.203202 -0.504277 0.187337 -0.870672 -0.454792 0.485883 
1533571927333 0.185763 0.935738 -0.299811 -0.607565 -0.955448 0.243244 0.16719 -0.253123 0.229373 0.255396 0.939234 0.377256 0.316123 -0.384928 0.86712 0.40068 -0.93004 -0.30621 0.20313 -0.504145 0.18733 -0.87067 -0.454798 0.485852 
1533571927527 0.185689 0.93577 -0.299757 -0.607578 -0.955473 0.243151 0.16718 -0.253046 0.229328 0.255366 0.939253 0.377239 1 0 0 0 0 1 0 0 0 0 1 1.306 
1533571927539 0.185514 0.935809 -0.299744 -0.607481 -0.95546 0.243035 0.167421 -0.253087 0.229522 0.255335 0.939215 0.377233 0.313239 -0.3866 0.867422 0.386189 -0.93126 -0.304042 0.200784 -0.500185 0.18611 -0.870689 -0.455263 0.505382 
1533571927707 0.185337 0.935848 -0.299731 -0.607383 -0.955448 0.242917 0.167662 -0.253129 0.229716 0.255304 0.939176 0.377226 0.316244 -0.384866 0.867103 0.400216 -0.929998 -0.306258 0.203249 -0.504049 0.187334 -0.87068 -0.454777 0.486145 
1533571927873 0.185161 0.935887 -0.299718 -0.607286 -0.955436 0.242799 0.167902 -0.25317 0.229909 0.255273 0.939137 0.37722 0.316258 -0.384857 0.867102 0.400836 -0.929992 -0.306267 0.203261 -0.504368 0.187338 -0.870681 -0.454774 0.485921 
1533571928087 0.184984 0.935926 -0.299706 -0.607188 -0.955423 0.242681 0.168144 -0.253211 0.230103 0.255242 0.939098 0.377213 0.316239 -0.384881 0.867098 0.400855 -0.93 -0.306257 0.203241 -0.504361 0.187331 -0.870674 -0.454789 0.485943 
1533571928253 0.184808 0.935965 -0.299693 -0.607091 -0.955411 0.242563 0.168385 -0.253252 0.230297 0.255211 0.939059 0.377207 0.316214 -0.384899 0.867099 0.400827 -0.930009 -0.306245 0.203216 -0.504329 0.187327 -0.87067 -0.454799 0.48594 
1533571928457 0.184632 0.936004 -0.299679 -0.606994 -0.955398 0.242446 0.168625 -0.253294 0.23049 0.25518 0.93902 0.377201 0.3162 -0.384907 0.867101 0.400798 -0.930014 -0.306239 0.203202 -0.504306 0.187326 -0.870669 -0.454801 0.485922 
1533571928598 0.184454 0.936043 -0.299667 -0.606896 -0.955385 0.242327 0.168867 -0.253335 0.230684 0.255149 0.93898 0.377194 0.316197 -0.384904 0.867103 0.400778 -0.930014 -0.30624 0.2032 -0.504292 0.187329 -0.87067 -0.454799 0.485903 
1533571928736 0.184278 0.936082 -0.299654 -0.606799 -0.955373 0.242209 0.169108 -0.253376 0.230878 0.255118 0.938941 0.377188 0.316201 -0.384895 0.867106 0.400765 -0.930012 -0.306246 0.203202 -0.504277 0.187337 -0.870672 -0.454792 0.485883 
1533571928904 0.184102 0.936121 -0.29964 -0.606708 -0.95536 0.242092 0.169348 -0.253417 0.231071 0.255087 0.938902 0.377182 0.316123 -0.384928 0.86712 0.40068 -0.93004 -0.30621 0.20313 -0.504145 0.18733 -0.87067 -0.454798 0.485852 
1533571929085 0.184158 0.936104 -0.299657 -0.606731 -0.955347 0.24215 0.169336 -0.253404 0.231078 0.255092 0.938899 0.377182 1 0 0 0 0 1 0 0 0 0 1 1.306 
1533571929096 0.184001 0.936081 -0.299827 -0.606644 -0.955331 0.242084 0.169524 -0.253421 0.231271 0.255242 0.938811 0.37718 0.313239 -0.3866 0.867422 0.386189 -0.93126 -0.304042 0.200784 -0.500185 0.18611 -0.870689 -0.455263 0.505382 
1533571929296 0.183843 0.936057 -0.299999 -0.606558 -0.955314 0.242017 0.169713 -0.253439 0.231466 0.255392 0.938722 0.377178 0.316244 -0.384866 0.867103 0.400216 -0.929998 -0.306258 0.203249 -0.504049 0.187334 -0.87068 -0.454777 0.486145 
1533571929459 0.183686 0.936033 -0.300169 -0.606472 -0.955297 0.241951 0.169903 -0.253456 0.231661 0.255542 0.938633 0.377176 0.316258 -0.384857 0.867102 0.400836 -0.929992 -0.306267 0.203261 -0.504368 0.187338 -0.870681 -0.454774 0.485921 
1533571929654 0.183528 0.936009 -0.30034 -0.606385 -0.95528 0.241884 0.170092 -0.253473 0.231855 0.255692 0.938544 0.377174 0.316239 -0.384881 0.867098 0.400855 -0.93 -0.306257 0.203241 -0.504361 0.187331 -0.870674 -0.454789 0.485943 
1533571929820 0.18337 0.935986 -0.30051 -0.606298 -0.955264 0.241818 0.170281 -0.25349 0.232049 0.255842 0.938455 0.377173 0.316214 -0.384899 0.867099 0.400827 -0.930009 -0.306245 0.203216 -0.504329 0.187327 -0.87067 -0.454799 0.48594 
1533571930042 0.183212 0.935962 -0.300681 -0.606212 -0.955247 0.241751 0.17047 -0.253508 0.232244 0.255993 0.938366 0.377171 0.3162 -0.384907 0.867101 0.400798 -0.930014 -0.306239 0.203202 -0.504306 0.187326 -0.870669 -0.454801 0.485922 
1533571930228 0.183054 0.935938 -0.300852 -0.606126 -0.95523 0.241685 0.17066 -0.253525 0.232438 0.256142 0.938277 0.377169 0.316197 -0.384904 0.867103 0.400778 -0.930014 -0.30624 0.2032 -0.504292 0.187329 -0.87067 -0.454799 0.485903 
1533571930401 0.182896 0.935914 -0.301022 -0.60604 -0.955213 0.241618 0.170849 -0.253543 0.232632 0.256293 0.938188 0.377167 0.316201 -0.384895 0.867106 0.400765 -0.930012 -0.306246 0.203202 -0.504277 0.187337 -0.870672 -0.454792 0.485883 
1533571930541 0.182738 0.93589 -0.301192 -0.605961 -0.955196 0.241552 0.171038 -0.25356 0.232826 0.256442 0.938099 0.377164 0.316123 -0.384928 0.86712 0.40068 -0.93004 -0.30621 0.20313 -0.504145 0.18733 -0.87067 -0.454798 0.485852 
1533571930758 0.182772 0.935924 -0.301067 -0.605923 -0.955222 0.241525 0.17093 -0.253622 0.232693 0.256345 0.938158 0.377174 1 0 0 0 0 1 0 0 0 0 1 1.306 
1533571930769 0.182726 0.935908 -0.301144 -0.605858 -0.955249 0.241476 0.170849 -0.253613 0.232618 0.256449 0.938149 0.37716 0.313239 -0.3866 0.867422 0.386189 -0.93126 -0.304042 0.200784 -0.500185 0.18611 -0.870689 -0.455263 0.505382 
1533571931077 0.18268 0.935892 -0.301221 -0.605792 -0.955276 0.241426 0.170768 -0.253604 0.232543 0.256554 0.938139 0.377147 0.316244 -0.384866 0.867103 0.400216 -0.929998 -0.306258 0.203249 -0.504049 0.187334 -0.87068 -0.454777 0.486145 
1533571931328 0.182634 0.935876 -0.301298 -0.605727 -0.955303 0.241376 0.170687 -0.253596 0.232468 0.256658 0.938129 0.377133 0.316258 -0.384857 0.867102 0.400836 -0.929992 -0.306267 0.203261 -0.504368 0.187338 -0.870681 -0.454774 0.485921 
1533571931494 0.182587 0.935861 -0.301375 -0.605661 -0.95533 0.241326 0.170606 -0.253587 0.232393 0.256762 0.938119 0.37712 0.316239 -0.384881 0.867098 0.400855 -0.93 -0.306257 0.203241 -0.504361 0.187331 -0.870674 -0.454789 0.485943 
1533571931659 0.182542 0.935845 -0.301452 -0.605596 -0.955357 0.241277 0.170525 -0.253578 0.232318 0.256867 0.938109 0.377106 0.316214 -0.384899 0.867099 0.400827 -0.930009 -0.306245 0.203216 -0.504329 0.187327 -0.87067 -0.454799 0.48594 
1533571931820 0.182495 0.935829 -0.301529 -0.605531 -0.955384 0.241227 0.170444 -0.253569 0.232243 0.256971 0.938099 0.377092 0.3162 -0.384907 0.867101 0.400798 -0.930014 -0.306239 0.203202 -0.504306 0.187326 -0.870669 -0.454801 0.485922 
1533571931975 0.182449 0.935813 -0.301605 -0.605465 -0.955411 0.241177 0.170363 -0.25356 0.232168 0.257075 0.938089 0.377079 0.316197 -0.384904 0.867103 0.400778 -0.930014 -0.30624 0.2032 -0.504292 0.187329 -0.87067 -0.454799 0.485903 
1533571932119 0.182403 0.935797 -0.301683 -0.6054 -0.955438 0.241127 0.170282 -0.253552 0.232093 0.257179 0.938079 0.377065 0.316201 -0.384895 0.867106 0.400765 -0.930012 -0.306246 0.203202 -0.504277 0.187337 -0.870672 -0.454792 0.485883 
1533571932278 0.182357 0.935782 -0.301759 -0.605341 -0.955465 0.241077 0.170201 -0.253545 0.232018 0.257282 0.938069 0.377051 0.316123 -0.384928 0.86712 0.40068 -0.93004 -0.30621 0.20313 -0.504145 0.18733 -0.87067 -0.454798 0.485852 
1533571932444 0.182361 0.935803 -0.30169 -0.605368 -0.955468 0.241064 0.170202 -0.253533 0.232002 0.257217 0.938091 0.377066 1 0 0 0 0 1 0 0 0 0 1 1.306 
1533571932456 0.182316 0.935868 -0.301516 -0.605319 -0.955496 0.240968 0.170182 -0.253532 0.231924 0.25707 0.93815 0.377027 0.313239 -0.3866 0.867422 0.386189 -0.93126 -0.304042 0.200784 -0.500185 0.18611 -0.870689 -0.455263 0.505382 
1533571932613 0.18227 0.935933 -0.301341 -0.605269 -0.955523 0.240872 0.170164 -0.253531 0.231846 0.256922 0.93821 0.376988 0.316244 -0.384866 0.867103 0.400216 -0.929998 -0.306258 0.203249 -0.504049 0.187334 -0.87068 -0.454777 0.486145 
1533571932855 0.182225 0.935998 -0.301166 -0.60522 -0.955551 0.240777 0.170144 -0.25353 0.231769 0.256775 0.93827 0.376949 0.316258 -0.384857 0.867102 0.400836 -0.929992 -0.306267 0.203261 -0.504368 0.187338 -0.870681 -0.454774 0.485921 
1533571933082 0.18218 0.936064 -0.300991 -0.605171 -0.955578 0.240681 0.170125 -0.253529 0.231691 0.256627 0.938329 0.37691 0.316239 -0.384881 0.867098 0.400855 -0.93 -0.306257 0.203241 -0.504361 0.187331 -0.870674 -0.454789 0.485943 
1533571933199 0.182134 0.936128 -0.300817 -0.605121 -0.955606 0.240586 0.170106 -0.253529 0.231614 0.25648 0.938389 0.376871 0.316214 -0.384899 0.867099 0.400827 -0.930009 -0.306245 0.203216 -0.504329 0.187327 -0.87067 -0.454799 0.48594 
1533571933348 0.182089 0.936193 -0.300642 -0.605072 -0.955633 0.240491 0.170087 -0.253528 0.231536 0.256333 0.938448 0.376832 0.3162 -0.384907 0.867101 0.400798 -0.930014 -0.306239 0.203202 -0.504306 0.187326 -0.870669 -0.454801 0.485922 
1533571933456 0.182044 0.936258 -0.300468 -0.605023 -0.955661 0.240395 0.170068 -0.253527 0.231458 0.256185 0.938507 0.376793 0.316197 -0.384904 0.867103 0.400778 -0.930014 -0.30624 0.2032 -0.504292 0.187329 -0.87067 -0.454799 0.485903 
1533571933559 0.181998 0.936323 -0.300292 -0.604974 -0.955688 0.240299 0.170049 -0.253526 0.231381 0.256037 0.938567 0.376754 0.316201 -0.384895 0.867106 0.400765 -0.930012 -0.306246 0.203202 -0.504277 0.187337 -0.870672 -0.454792 0.485883 
1533571933776 0.181953 0.936388 -0.300118 -0.604926 -0.955715 0.240204 0.170029 -0.253525 0.231303 0.25589 0.938626 0.376716 0.316123 -0.384928 0.86712 0.40068 -0.93004 -0.30621 0.20313 -0.504145 0.18733 -0.87067 -0.454798 0.485852 
1533571933905 0.181892 0.936392 -0.300141 -0.604959 -0.955742 0.240134 0.169981 -0.2535 0.231243 0.255939 0.938628 0.376718 1 0 0 0 0 1 0 0 0 0 1 1.306 
1533571933918 0.181838 0.936429 -0.300059 -0.604911 -0.955766 0.240053 0.169959 -0.2535 0.231185 0.255881 0.938658 0.376704 0.313239 -0.3866 0.867422 0.386189 -0.93126 -0.304042 0.200784 -0.500185 0.18611 -0.870689 -0.455263 0.505382 
1533571933983 0.181784 0.936466 -0.299976 -0.604863 -0.95579 0.239971 0.169938 -0.2535 0.231126 0.255823 0.938688 0.37669 0.316244 -0.384866 0.867103 0.400216 -0.929998 -0.306258 0.203249 -0.504049 0.187334 -0.87068 -0.454777 0.486145 
1533571934114 0.18173 0.936503 -0.299894 -0.604815 -0.955815 0.239889 0.169916 -0.253501 0.231068 0.255764 0.938718 0.376676 0.316258 -0.384857 0.867102 0.400836 -0.929992 -0.306267 0.203261 -0.504368 0.187338 -0.870681 -0.454774 0.485921 
1533571934368 0.181676 0.93654 -0.299812 -0.604767 -0.955839 0.239807 0.169894 -0.253501 0.231009 0.255706 0.938749 0.376662 0.316239 -0.384881 0.867098 0.400855 -0.93 -0.306257 0.203241 -0.504361 0.187331 -0.870674 -0.454789 0.485943 
