1533760764752 0.0619423 0.758296 -0.648961 -0.579967 -0.979614 0.170684 0.105938 -0.220069 0.191099 0.629169 0.75341 0.410059 0.16008 -0.304787 0.938871 0.370831 -0.775623 0.549475 0.310623 -0.528794 -0.61056 -0.777934 -0.14844 0.432481 
1533760764765 0.0569651 0.747998 -0.661251 -0.586248 -0.977699 0.175895 0.114744 -0.21984 0.20214 0.639968 0.741337 0.413923 0.316241 -0.38488 0.867098 0.400864 -0.930001 -0.306251 0.203246 -0.504429 0.187325 -0.870677 -0.454788 0.485926 
1533760765254 0.0518074 0.737532 -0.673322 -0.592529 -0.975661 0.181235 0.123447 -0.219609 0.213076 0.650539 0.72897 0.417788 0.316241 -0.38488 0.867098 0.400864 -0.930001 -0.306251 0.203246 -0.504429 0.187325 -0.870677 -0.454788 0.485926 
1533760765260 0.0464723 0.726899 -0.68517 -0.598808 -0.973503 0.1867 0.132041 -0.219377 0.223902 0.660879 0.716315 0.421653 0.316241 -0.38488 0.867098 0.400864 -0.930001 -0.306251 0.203246 -0.504429 0.187325 -0.870677 -0.454788 0.485926 
1533760765944 0.0409622 0.716104 -0.696791 -0.605086 -0.971225 0.192289 0.140524 -0.21914 0.234615 0.670984 0.703375 0.425521 0.316241 -0.38488 0.867098 0.400864 -0.930001 -0.306251 0.203246 -0.504429 0.187325 -0.870677 -0.454788 0.485926 
