1535172134127 0.276232 0.923518 -0.266102 -0.601686 -0.930236 0.326504 0.167498 -0.229638 0.241571 0.201269 0.949281 0.383686 0.297836 -0.293982 0.908223 0.411697 -0.944269 -0.230431 0.235069 -0.490959 0.140177 -0.927619 -0.346228 0.470243 
1535172134139 0.276464 0.923289 -0.266655 -0.601674 -0.929886 0.327061 0.168355 -0.229652 0.242653 0.201414 0.948974 0.383681 0.296535 -0.297309 0.907565 0.414475 -0.945702 -0.223857 0.235662 -0.490587 0.1331 -0.928168 -0.347547 0.470681 
1535172134146 0.276694 0.923061 -0.267207 -0.601663 -0.929534 0.327618 0.169211 -0.229665 0.243734 0.201559 0.948666 0.383676 0.295208 -0.300627 0.906905 0.417253 -0.947086 -0.217273 0.236264 -0.490216 0.126019 -0.928663 -0.34886 0.471119 
1535172134293 0.276923 0.922832 -0.26776 -0.601651 -0.929182 0.328173 0.170066 -0.229679 0.244814 0.201702 0.948358 0.383671 0.293856 -0.303934 0.906241 0.420031 -0.948422 -0.210681 0.236876 -0.489844 0.118933 -0.929106 -0.350167 0.471557 
1535172134300 0.277151 0.922603 -0.268313 -0.60164 -0.928829 0.328729 0.170921 -0.229692 0.245895 0.201845 0.948048 0.383666 0.29248 -0.30723 0.905574 0.422809 -0.949709 -0.204079 0.237497 -0.489472 0.111843 -0.929495 -0.351469 0.471995 
1535172134422 0.277379 0.922373 -0.268866 -0.601628 -0.928474 0.329286 0.171776 -0.229706 0.246975 0.201988 0.947736 0.383661 0.291079 -0.310517 0.904905 0.425588 -0.950947 -0.19747 0.238128 -0.489101 0.104748 -0.929831 -0.352764 0.472433 
1535172134461 0.277607 0.922143 -0.269419 -0.601616 -0.928118 0.329842 0.17263 -0.22972 0.248055 0.202129 0.947424 0.383656 0.289654 -0.313791 0.904232 0.428366 -0.952137 -0.190852 0.238769 -0.488729 0.0976509 -0.930113 -0.354053 0.47287 
1535172134541 0.277833 0.921913 -0.269972 -0.601605 -0.927761 0.330398 0.173483 -0.229733 0.249135 0.20227 0.947111 0.383651 0.288204 -0.317054 0.903557 0.431144 -0.953278 -0.184226 0.239419 -0.488357 0.0905503 -0.930343 -0.355335 0.473308 
1535172134603 0.278059 0.921683 -0.270525 -0.601593 -0.927403 0.330954 0.174336 -0.229747 0.250214 0.20241 0.946796 0.383646 0.28673 -0.320305 0.902879 0.433922 -0.95437 -0.177594 0.240079 -0.487985 0.0834471 -0.930519 -0.356611 0.473746 
1535172134650 0.278284 0.921452 -0.271079 -0.601582 -0.927044 0.331511 0.175188 -0.22976 0.251293 0.20255 0.94648 0.383641 0.285231 -0.323545 0.902198 0.436698 -0.955414 -0.170954 0.240748 -0.487613 0.0763419 -0.930641 -0.35788 0.474184 
1535172135598 0.277846 0.921855 -0.270158 -0.601605 -0.927607 0.330567 0.173984 -0.229735 0.249693 0.202259 0.946966 0.383685 0.285559 -0.322712 0.902393 0.436315 -0.955289 -0.171184 0.241079 -0.487588 0.0766756 -0.930888 -0.357166 0.47407 
1535172135610 0.277913 0.921792 -0.270305 -0.601602 -0.927515 0.330717 0.17419 -0.229739 0.249961 0.202302 0.946886 0.38368 0.28623 -0.323064 0.902054 0.436077 -0.954576 -0.17751 0.239322 -0.487304 0.0828075 -0.92958 -0.359198 0.474497 
1535172135705 0.277979 0.921728 -0.270452 -0.601598 -0.927423 0.330867 0.174395 -0.229743 0.250229 0.202345 0.946806 0.383675 0.286904 -0.323413 0.901715 0.435839 -0.953822 -0.183828 0.237551 -0.48702 0.0889338 -0.92823 -0.361219 0.474924 
1535172135725 0.278045 0.921665 -0.2706 -0.601595 -0.927331 0.331017 0.174601 -0.229747 0.250497 0.202388 0.946726 0.38367 0.28758 -0.323756 0.901376 0.435601 -0.953028 -0.190138 0.235766 -0.486735 0.0950547 -0.926838 -0.363229 0.475351 
1535172135732 0.278111 0.921602 -0.270747 -0.601591 -0.927239 0.331167 0.174807 -0.229751 0.250765 0.202432 0.946646 0.383665 0.288259 -0.324095 0.901038 0.435363 -0.952193 -0.196438 0.233968 -0.486451 0.10117 -0.925405 -0.365226 0.475778 
1535172135746 0.278177 0.921539 -0.270895 -0.601587 -0.927146 0.331316 0.175013 -0.229754 0.251033 0.202475 0.946566 0.38366 0.288941 -0.324429 0.900699 0.435125 -0.951317 -0.202729 0.232156 -0.486167 0.107279 -0.92393 -0.367211 0.476205 
1535172135766 0.278243 0.921475 -0.271042 -0.601584 -0.927054 0.331466 0.175218 -0.229758 0.251301 0.202517 0.946485 0.383656 0.289624 -0.324758 0.900361 0.434887 -0.950401 -0.20901 0.230332 -0.485883 0.113382 -0.922414 -0.369184 0.476633 
1535172135782 0.278309 0.921412 -0.27119 -0.60158 -0.926961 0.331616 0.175424 -0.229762 0.251569 0.20256 0.946405 0.383651 0.290311 -0.325082 0.900023 0.434649 -0.949444 -0.215281 0.228494 -0.485599 0.119479 -0.920856 -0.371145 0.47706 
1535172135799 0.278375 0.921349 -0.271337 -0.601577 -0.926869 0.331766 0.17563 -0.229766 0.251837 0.202603 0.946325 0.383646 0.291 -0.325401 0.899685 0.434411 -0.948447 -0.221542 0.226643 -0.485314 0.125568 -0.919257 -0.373094 0.477487 
1535172135811 0.278441 0.921285 -0.271485 -0.601574 -0.926776 0.331915 0.175835 -0.22977 0.252104 0.202646 0.946244 0.383641 0.291691 -0.325715 0.899348 0.434173 -0.947409 -0.227793 0.22478 -0.485031 0.131651 -0.917617 -0.37503 0.477914 
1535172136367 0.277864 0.92178 -0.270395 -0.601628 -0.92749 0.33072 0.174318 -0.229711 0.250107 0.202352 0.946837 0.383651 0.291753 -0.325489 0.899409 0.434446 -0.947715 -0.225475 0.225825 -0.485078 0.129291 -0.918269 -0.374254 0.477761 
1535172136385 0.277932 0.921725 -0.270514 -0.601622 -0.927407 0.330858 0.174499 -0.229717 0.250342 0.202378 0.946769 0.383649 0.290881 -0.325546 0.899671 0.434851 -0.948712 -0.219844 0.227186 -0.485302 0.123828 -0.919613 -0.372798 0.477479 
1535172136478 0.277999 0.92167 -0.270632 -0.601616 -0.927323 0.330996 0.174681 -0.229724 0.250576 0.202403 0.946702 0.383647 0.290008 -0.325599 0.899934 0.435256 -0.949677 -0.214205 0.228538 -0.485527 0.118359 -0.920924 -0.371335 0.477197 
1535172136499 0.278066 0.921615 -0.27075 -0.601611 -0.92724 0.331134 0.174862 -0.22973 0.25081 0.202427 0.946635 0.383646 0.289134 -0.325646 0.900198 0.435661 -0.95061 -0.208558 0.229881 -0.485752 0.112884 -0.922203 -0.369863 0.476915 
1535172136516 0.278133 0.92156 -0.270869 -0.601605 -0.927156 0.331272 0.175044 -0.229736 0.251044 0.202452 0.946567 0.383644 0.288261 -0.325688 0.900463 0.436066 -0.951509 -0.202903 0.231215 -0.485976 0.107403 -0.923449 -0.368384 0.476633 
1535172136523 0.2782 0.921505 -0.270987 -0.601599 -0.927073 0.33141 0.175225 -0.229742 0.251279 0.202477 0.9465 0.383642 0.287388 -0.325724 0.900728 0.436471 -0.952376 -0.197242 0.23254 -0.486201 0.101918 -0.924662 -0.366897 0.476351 
1535172136536 0.278267 0.92145 -0.271105 -0.601593 -0.926989 0.331548 0.175407 -0.229749 0.251513 0.202501 0.946433 0.38364 0.286515 -0.325755 0.900995 0.436877 -0.953211 -0.191573 0.233856 -0.486425 0.0964268 -0.925842 -0.365402 0.476069 
1535172136553 0.278335 0.921395 -0.271223 -0.601587 -0.926905 0.331686 0.175588 -0.229755 0.251747 0.202526 0.946365 0.383638 0.285643 -0.325781 0.901263 0.437282 -0.954013 -0.185898 0.235164 -0.48665 0.0909312 -0.926989 -0.3639 0.475787 
1535172136574 0.278402 0.92134 -0.271341 -0.601582 -0.926821 0.331824 0.17577 -0.229761 0.251981 0.20255 0.946297 0.383637 0.28477 -0.325802 0.901532 0.437687 -0.954781 -0.180216 0.236462 -0.486874 0.0854309 -0.928103 -0.36239 0.475505 
1535172136591 0.278469 0.921284 -0.271459 -0.601576 -0.926738 0.331962 0.175951 -0.229768 0.252215 0.202575 0.94623 0.383635 0.283897 -0.325818 0.901801 0.438092 -0.955518 -0.174529 0.237751 -0.487098 0.0799267 -0.929184 -0.360873 0.475223 
1535172137161 0.277768 0.92179 -0.27046 -0.601648 -0.927522 0.330637 0.174304 -0.22965 0.250096 0.202442 0.946821 0.38364 0.284021 -0.325867 0.901744 0.437833 -0.955269 -0.177011 0.236912 -0.486998 0.0824169 -0.928697 -0.361565 0.475494 
1535172137175 0.277474 0.921911 -0.270349 -0.601619 -0.927506 0.330419 0.174804 -0.229686 0.250482 0.202247 0.94676 0.383668 0.283995 -0.325994 0.901707 0.437757 -0.954768 -0.182578 0.234699 -0.48663 0.0881215 -0.927574 -0.3631 0.475631 
1535172137272 0.277181 0.922031 -0.270238 -0.601591 -0.927489 0.330202 0.175302 -0.229722 0.250867 0.202053 0.9467 0.383695 0.283968 -0.326122 0.901669 0.437681 -0.954232 -0.188139 0.232475 -0.486262 0.0938238 -0.926417 -0.364622 0.475768 
1535172137352 0.276889 0.922152 -0.270126 -0.601562 -0.927472 0.329984 0.175801 -0.229757 0.251252 0.201857 0.946639 0.383723 0.283942 -0.32625 0.90163 0.437606 -0.953662 -0.193693 0.230242 -0.485894 0.0995228 -0.925226 -0.36613 0.475905 
1535172137373 0.276596 0.922273 -0.270015 -0.601533 -0.927455 0.329765 0.1763 -0.229793 0.251638 0.201663 0.946578 0.38375 0.283917 -0.326378 0.901592 0.43753 -0.953058 -0.199239 0.227999 -0.485526 0.105218 -0.924003 -0.367625 0.476042 
1535172137417 0.276303 0.922393 -0.269903 -0.601505 -0.927438 0.329547 0.176798 -0.229829 0.252023 0.201468 0.946517 0.383777 0.283893 -0.326506 0.901553 0.437454 -0.95242 -0.204778 0.225748 -0.485158 0.11091 -0.922746 -0.369106 0.476179 
1535172137490 0.27601 0.922514 -0.269791 -0.601476 -0.92742 0.329329 0.177297 -0.229865 0.252408 0.201274 0.946456 0.383805 0.28387 -0.326635 0.901514 0.437378 -0.951747 -0.210309 0.223488 -0.48479 0.116598 -0.921455 -0.370574 0.476315 
1535172137574 0.275717 0.922634 -0.269679 -0.601447 -0.927402 0.329111 0.177795 -0.229901 0.252794 0.20108 0.946394 0.383832 0.283847 -0.326763 0.901475 0.437302 -0.951041 -0.215833 0.22122 -0.484422 0.122281 -0.920132 -0.372028 0.476452 
1535172137605 0.275425 0.922754 -0.269567 -0.601418 -0.927384 0.328892 0.178293 -0.229936 0.253179 0.200886 0.946333 0.38386 0.283825 -0.326891 0.901435 0.437227 -0.9503 -0.221348 0.218942 -0.484054 0.127961 -0.918775 -0.373468 0.476589 
1535172137662 0.275132 0.922874 -0.269454 -0.60139 -0.927366 0.328673 0.178792 -0.229972 0.253565 0.200691 0.946271 0.383888 0.283804 -0.327019 0.901395 0.437151 -0.949524 -0.226855 0.216657 -0.483686 0.133635 -0.917385 -0.374895 0.476726 
1535172138213 0.275702 0.922579 -0.269882 -0.601474 -0.927396 0.329144 0.177768 -0.229859 0.252835 0.201277 0.946342 0.383751 0.283682 -0.326996 0.901442 0.437118 -0.949826 -0.224966 0.217303 -0.483861 0.131737 -0.917858 -0.374408 0.476711 
1535172138223 0.275952 0.922464 -0.270021 -0.601481 -0.927327 0.329405 0.177643 -0.229853 0.252815 0.201377 0.946325 0.383741 0.283403 -0.324695 0.902361 0.437102 -0.949717 -0.225634 0.217086 -0.483903 0.133116 -0.918511 -0.372314 0.476365 
1535172138344 0.276201 0.922348 -0.270161 -0.601489 -0.927258 0.329667 0.177517 -0.229846 0.252796 0.201478 0.946309 0.38373 0.28312 -0.322393 0.903275 0.437085 -0.949608 -0.226301 0.216872 -0.483945 0.134494 -0.919158 -0.370217 0.476019 
1535172138396 0.276451 0.922233 -0.2703 -0.601497 -0.927189 0.329929 0.177391 -0.22984 0.252776 0.201579 0.946293 0.38372 0.282833 -0.320089 0.904184 0.437069 -0.949497 -0.226968 0.216659 -0.483987 0.13587 -0.919798 -0.368117 0.475673 
1535172138402 0.2767 0.922117 -0.270439 -0.601504 -0.92712 0.33019 0.177266 -0.229833 0.252756 0.20168 0.946277 0.38371 0.282544 -0.317783 0.905087 0.437053 -0.949385 -0.227635 0.216448 -0.484029 0.137246 -0.920433 -0.366015 0.475327 
1535172138495 0.27695 0.922001 -0.270578 -0.601511 -0.927051 0.330452 0.17714 -0.229827 0.252736 0.201781 0.94626 0.3837 0.28225 -0.315476 0.905986 0.437037 -0.949273 -0.228303 0.216238 -0.484071 0.138621 -0.921061 -0.363911 0.474981 
1535172138512 0.2772 0.921885 -0.270718 -0.601519 -0.926981 0.330714 0.177014 -0.229821 0.252716 0.201882 0.946244 0.383689 0.281954 -0.313167 0.906879 0.43702 -0.949159 -0.228971 0.21603 -0.484113 0.139995 -0.921683 -0.361804 0.474635 
1535172138539 0.27745 0.921769 -0.270857 -0.601527 -0.926912 0.330975 0.176888 -0.229814 0.252697 0.201983 0.946228 0.383679 0.281654 -0.310856 0.907766 0.437004 -0.949045 -0.229639 0.215823 -0.484155 0.141369 -0.922298 -0.359695 0.474289 
1535172138594 0.277699 0.921653 -0.270996 -0.601534 -0.926843 0.331237 0.176762 -0.229808 0.252677 0.202084 0.946212 0.383669 0.28135 -0.308544 0.908649 0.436988 -0.948929 -0.230308 0.215618 -0.484197 0.142741 -0.922908 -0.357584 0.473943 
1535172138644 0.277949 0.921537 -0.271135 -0.601542 -0.926773 0.331498 0.176636 -0.229801 0.252657 0.202184 0.946195 0.383658 0.281043 -0.306231 0.909526 0.436971 -0.948813 -0.230977 0.215415 -0.484239 0.144113 -0.923511 -0.35547 0.473597 
1535172138736 0.277155 0.921921 -0.270643 -0.601534 -0.926986 0.330663 0.177082 -0.229769 0.252747 0.201803 0.946253 0.383717 0.282776 -0.318812 0.904653 0.437136 -0.949385 -0.22751 0.216581 -0.483989 0.136769 -0.920108 -0.36701 0.475414 
1535172138742 0.277264 0.921873 -0.270694 -0.601536 -0.926961 0.330772 0.177014 -0.229771 0.252722 0.201843 0.946251 0.383708 0.282323 -0.31829 0.904978 0.437103 -0.949433 -0.227793 0.216074 -0.483935 0.137373 -0.920218 -0.366507 0.475306 
1535172138749 0.277374 0.921824 -0.270747 -0.601537 -0.926935 0.330882 0.176945 -0.229773 0.252697 0.201884 0.946249 0.383699 0.28187 -0.317769 0.905302 0.437069 -0.94948 -0.228077 0.215568 -0.48388 0.137978 -0.920328 -0.366003 0.475198 
1535172138766 0.277484 0.921776 -0.270799 -0.601539 -0.926909 0.330992 0.176876 -0.229775 0.252672 0.201925 0.946247 0.383689 0.281416 -0.317247 0.905626 0.437036 -0.949526 -0.228361 0.215062 -0.483826 0.138582 -0.920438 -0.365499 0.47509 
1535172138773 0.277594 0.921727 -0.270851 -0.601541 -0.926882 0.331101 0.176807 -0.229777 0.252647 0.201966 0.946245 0.38368 0.280962 -0.316726 0.90595 0.437002 -0.949572 -0.228645 0.214555 -0.483771 0.139186 -0.920547 -0.364995 0.474982 
1535172138791 0.277703 0.921679 -0.270903 -0.601543 -0.926856 0.331211 0.176738 -0.229779 0.252622 0.202007 0.946243 0.383671 0.280508 -0.316204 0.906273 0.436969 -0.949618 -0.228929 0.214049 -0.483717 0.139789 -0.920655 -0.36449 0.474874 
1535172138805 0.277813 0.921631 -0.270955 -0.601544 -0.92683 0.331321 0.17667 -0.229781 0.252597 0.202048 0.946241 0.383662 0.280053 -0.315683 0.906595 0.436936 -0.949663 -0.229214 0.213543 -0.483662 0.140392 -0.920763 -0.363985 0.474765 
1535172138822 0.277923 0.921582 -0.271007 -0.601546 -0.926804 0.33143 0.176601 -0.229783 0.252572 0.202089 0.946238 0.383653 0.279598 -0.315162 0.906917 0.436902 -0.949708 -0.229499 0.213038 -0.483607 0.140995 -0.920871 -0.363479 0.474657 
1535172138842 0.278033 0.921534 -0.271059 -0.601548 -0.926778 0.33154 0.176532 -0.229785 0.252547 0.20213 0.946236 0.383643 0.279143 -0.31464 0.907238 0.436869 -0.949752 -0.229784 0.212532 -0.483553 0.141598 -0.920978 -0.362973 0.474549 
1535172138859 0.278142 0.921485 -0.271111 -0.601549 -0.926752 0.33165 0.176463 -0.229787 0.252522 0.202171 0.946234 0.383634 0.278687 -0.314119 0.907559 0.436835 -0.949796 -0.230069 0.212026 -0.483499 0.1422 -0.921085 -0.362466 0.474441 
1535172139046 0.277697 0.921674 -0.270928 -0.601548 -0.926844 0.331221 0.176785 -0.229724 0.252675 0.202016 0.946227 0.38373 0.281376 -0.316993 0.905728 0.437065 -0.949509 -0.228476 0.215014 -0.483794 0.13878 -0.920497 -0.365275 0.475197 
1535172139056 0.277757 0.921652 -0.270941 -0.601549 -0.926835 0.331273 0.176732 -0.22973 0.252641 0.202029 0.946233 0.383717 0.281295 -0.316904 0.905784 0.437044 -0.949675 -0.22748 0.215338 -0.483851 0.137806 -0.920774 -0.364945 0.475118 
1535172139074 0.277816 0.92163 -0.270953 -0.601549 -0.926827 0.331325 0.176679 -0.229736 0.252606 0.202042 0.946239 0.383704 0.281213 -0.316815 0.905841 0.437023 -0.94984 -0.226483 0.215661 -0.483909 0.136833 -0.92105 -0.364613 0.47504 
1535172139081 0.277876 0.921609 -0.270965 -0.60155 -0.926819 0.331377 0.176626 -0.229743 0.252571 0.202055 0.946246 0.383691 0.281131 -0.316726 0.905897 0.437002 -0.950004 -0.225485 0.215984 -0.483966 0.135859 -0.921326 -0.364282 0.474961 
1535172139092 0.277935 0.921588 -0.270977 -0.60155 -0.92681 0.331428 0.176572 -0.229749 0.252536 0.202068 0.946253 0.383678 0.281049 -0.316637 0.905954 0.436981 -0.950167 -0.224487 0.216305 -0.484024 0.134885 -0.9216 -0.36395 0.474882 
1535172139109 0.277995 0.921566 -0.270989 -0.601551 -0.926802 0.33148 0.176519 -0.229755 0.252501 0.202082 0.946259 0.383665 0.280967 -0.316548 0.906011 0.43696 -0.950329 -0.223489 0.216627 -0.484081 0.13391 -0.921873 -0.363618 0.474803 
1535172139127 0.278054 0.921545 -0.271001 -0.601551 -0.926794 0.331531 0.176466 -0.229761 0.252466 0.202095 0.946266 0.383652 0.280885 -0.316459 0.906067 0.436939 -0.95049 -0.22249 0.216948 -0.484138 0.132936 -0.922145 -0.363285 0.474725 
1535172139144 0.278113 0.921523 -0.271012 -0.601552 -0.926786 0.331583 0.176412 -0.229767 0.252431 0.202108 0.946272 0.383639 0.280803 -0.316369 0.906124 0.436918 -0.95065 -0.221491 0.217269 -0.484196 0.131961 -0.922416 -0.362952 0.474646 
1535172139159 0.278173 0.921502 -0.271024 -0.601552 -0.926777 0.331635 0.176359 -0.229774 0.252396 0.202121 0.946279 0.383626 0.280721 -0.31628 0.90618 0.436897 -0.950809 -0.220492 0.217589 -0.484253 0.130987 -0.922686 -0.362619 0.474567 
1535172139176 0.278232 0.92148 -0.271036 -0.601553 -0.926769 0.331686 0.176306 -0.22978 0.252361 0.202134 0.946285 0.383613 0.28064 -0.316191 0.906237 0.436876 -0.950967 -0.219493 0.217909 -0.484311 0.130012 -0.922955 -0.362285 0.474489 
1535172139262 0.278057 0.921541 -0.271012 -0.601558 -0.926792 0.331537 0.176463 -0.229749 0.252468 0.202105 0.946263 0.383662 0.280973 -0.316921 0.905878 0.436949 -0.94988 -0.226621 0.215338 -0.483925 0.137046 -0.92098 -0.364711 0.475026 
1535172139273 0.278081 0.921533 -0.271012 -0.601558 -0.926787 0.331558 0.176451 -0.229753 0.252462 0.202102 0.946265 0.383655 0.280724 -0.316236 0.906194 0.436811 -0.949867 -0.226941 0.215057 -0.483886 0.137644 -0.921136 -0.364091 0.474939 
1535172139289 0.278105 0.921526 -0.271011 -0.601557 -0.926781 0.33158 0.17644 -0.229757 0.252456 0.202099 0.946267 0.383649 0.280475 -0.315552 0.90651 0.436673 -0.949854 -0.227261 0.214777 -0.483847 0.138241 -0.921292 -0.363469 0.474853 
1535172139306 0.27813 0.921519 -0.271011 -0.601557 -0.926776 0.331602 0.176428 -0.229761 0.25245 0.202096 0.94627 0.383643 0.280226 -0.314867 0.906825 0.436535 -0.949841 -0.227582 0.214497 -0.483808 0.138839 -0.921447 -0.362848 0.474767 
1535172139314 0.278154 0.921512 -0.27101 -0.601556 -0.92677 0.331624 0.176417 -0.229765 0.252444 0.202093 0.946272 0.383636 0.279975 -0.314183 0.90714 0.436397 -0.949827 -0.227902 0.214218 -0.483769 0.139436 -0.921602 -0.362226 0.47468 
1535172139326 0.278178 0.921505 -0.27101 -0.601556 -0.926764 0.331646 0.176405 -0.22977 0.252438 0.20209 0.946274 0.38363 0.279725 -0.313498 0.907454 0.436259 -0.949813 -0.228223 0.213938 -0.48373 0.140032 -0.921756 -0.361604 0.474594 
1535172139333 0.278203 0.921497 -0.271009 -0.601556 -0.926759 0.331668 0.176394 -0.229774 0.252432 0.202087 0.946277 0.383623 0.279474 -0.312813 0.907768 0.436121 -0.949799 -0.228543 0.213659 -0.483691 0.140629 -0.921909 -0.360982 0.474507 
1535172139348 0.278227 0.92149 -0.271009 -0.601555 -0.926753 0.33169 0.176383 -0.229778 0.252426 0.202084 0.946279 0.383617 0.279222 -0.312128 0.908081 0.435983 -0.949784 -0.228864 0.21338 -0.483652 0.141226 -0.922061 -0.360359 0.474421 
1535172139364 0.278251 0.921483 -0.271008 -0.601555 -0.926747 0.331712 0.176371 -0.229782 0.25242 0.20208 0.946281 0.38361 0.27897 -0.311443 0.908393 0.435845 -0.94977 -0.229186 0.213101 -0.483613 0.141822 -0.922213 -0.359735 0.474334 
1535172139380 0.278276 0.921476 -0.271007 -0.601554 -0.926742 0.331734 0.17636 -0.229786 0.252414 0.202077 0.946283 0.383604 0.278718 -0.310759 0.908705 0.435707 -0.949754 -0.229507 0.212822 -0.483574 0.142418 -0.922364 -0.359112 0.474248 
1535172139458 0.278231 0.921495 -0.270989 -0.601558 -0.926733 0.331704 0.176459 -0.229751 0.252494 0.202038 0.94627 0.383684 0.281085 -0.316379 0.906033 0.436994 -0.950037 -0.225255 0.21608 -0.483885 0.135725 -0.921501 -0.363887 0.47493 
1535172139472 0.278223 0.921487 -0.271024 -0.601557 -0.926742 0.331698 0.176422 -0.229755 0.252469 0.202085 0.946267 0.383679 0.281326 -0.315746 0.906179 0.436755 -0.949767 -0.226539 0.215924 -0.483865 0.137108 -0.921404 -0.363616 0.474905 
1535172139488 0.278216 0.921479 -0.271059 -0.601556 -0.926752 0.331692 0.176384 -0.22976 0.252442 0.202132 0.946264 0.383674 0.281567 -0.315113 0.906324 0.436516 -0.949495 -0.227823 0.215768 -0.483844 0.138491 -0.921304 -0.363346 0.47488 
1535172139503 0.278208 0.921471 -0.271094 -0.601555 -0.926761 0.331686 0.176346 -0.229764 0.252416 0.202179 0.946261 0.383668 0.281806 -0.31448 0.90647 0.436277 -0.949221 -0.229107 0.215612 -0.483824 0.139873 -0.921202 -0.363075 0.474856 
1535172139522 0.278201 0.921462 -0.271129 -0.601554 -0.926771 0.33168 0.176308 -0.229769 0.25239 0.202226 0.946258 0.383663 0.282044 -0.313846 0.906616 0.436038 -0.948946 -0.230391 0.215457 -0.483804 0.141256 -0.921097 -0.362803 0.474831 
1535172139536 0.278194 0.921454 -0.271165 -0.601553 -0.92678 0.331674 0.17627 -0.229773 0.252363 0.202273 0.946255 0.383657 0.282281 -0.313212 0.906761 0.435799 -0.948669 -0.231674 0.215302 -0.483783 0.142638 -0.920991 -0.362532 0.474806 
1535172139553 0.278186 0.921446 -0.2712 -0.601551 -0.926789 0.331668 0.176232 -0.229777 0.252337 0.20232 0.946252 0.383651 0.282517 -0.312578 0.906906 0.435559 -0.948389 -0.232957 0.215148 -0.483763 0.14402 -0.920883 -0.36226 0.474781 
1535172139574 0.278179 0.921438 -0.271235 -0.60155 -0.926799 0.331662 0.176194 -0.229782 0.252311 0.202367 0.946249 0.383646 0.282752 -0.311943 0.907052 0.43532 -0.948108 -0.23424 0.214993 -0.483743 0.145402 -0.920773 -0.361988 0.474756 
1535172139590 0.278172 0.92143 -0.27127 -0.601549 -0.926808 0.331656 0.176156 -0.229786 0.252284 0.202414 0.946246 0.38364 0.282986 -0.311308 0.907197 0.435081 -0.947826 -0.235522 0.21484 -0.483723 0.146784 -0.920661 -0.361715 0.474732 
1535172139603 0.278165 0.921422 -0.271306 -0.601548 -0.926817 0.33165 0.176118 -0.229791 0.252258 0.202461 0.946243 0.383635 0.28322 -0.310673 0.907341 0.434842 -0.947541 -0.236804 0.214686 -0.483702 0.148165 -0.920547 -0.361443 0.474707 
1535172139773 0.278235 0.921495 -0.270984 -0.601559 -0.926748 0.331695 0.176399 -0.229753 0.252435 0.202053 0.946283 0.383684 0.278894 -0.311721 0.908322 0.435908 -0.949841 -0.228905 0.213085 -0.483664 0.141496 -0.922189 -0.359925 0.474287 
1535172139783 0.278226 0.921474 -0.271064 -0.601555 -0.926775 0.331682 0.176282 -0.229755 0.252346 0.202169 0.946282 0.38368 0.279208 -0.311116 0.908433 0.435618 -0.949661 -0.229451 0.213298 -0.483669 0.142081 -0.922258 -0.359519 0.474237 
1535172139800 0.278217 0.921453 -0.271145 -0.601552 -0.926802 0.33167 0.176165 -0.229756 0.252258 0.202285 0.94628 0.383675 0.279523 -0.310511 0.908543 0.435329 -0.949481 -0.229997 0.213512 -0.483674 0.142664 -0.922326 -0.359114 0.474187 
1535172139816 0.278208 0.921432 -0.271225 -0.601549 -0.926828 0.331657 0.176049 -0.229758 0.252171 0.202401 0.946279 0.383671 0.279837 -0.309906 0.908653 0.435039 -0.949301 -0.230542 0.213726 -0.483679 0.143248 -0.922393 -0.358708 0.474137 
1535172139833 0.278199 0.921411 -0.271306 -0.601545 -0.926855 0.331645 0.175932 -0.229759 0.252083 0.202517 0.946277 0.383666 0.28015 -0.3093 0.908762 0.434749 -0.94912 -0.231088 0.21394 -0.483684 0.143832 -0.92246 -0.358302 0.474087 
1535172139850 0.27819 0.92139 -0.271387 -0.601542 -0.926881 0.331633 0.175815 -0.229761 0.251995 0.202633 0.946276 0.383662 0.280463 -0.308695 0.908872 0.43446 -0.948939 -0.231633 0.214154 -0.483689 0.144416 -0.922526 -0.357897 0.474037 
1535172139869 0.278181 0.921369 -0.271467 -0.601538 -0.926908 0.331621 0.175699 -0.229762 0.251907 0.202749 0.946275 0.383658 0.280776 -0.308089 0.908981 0.43417 -0.948757 -0.232177 0.214368 -0.483695 0.145 -0.922591 -0.357491 0.473987 
1535172139884 0.278172 0.921348 -0.271548 -0.601535 -0.926934 0.331608 0.175582 -0.229764 0.25182 0.202865 0.946273 0.383653 0.281088 -0.307483 0.90909 0.43388 -0.948575 -0.232722 0.214583 -0.4837 0.145585 -0.922656 -0.357086 0.473937 
1535172139900 0.278163 0.921327 -0.271629 -0.601531 -0.926961 0.331596 0.175466 -0.229765 0.251732 0.202981 0.946271 0.383649 0.2814 -0.306876 0.909198 0.43359 -0.948393 -0.233266 0.214798 -0.483705 0.146169 -0.922721 -0.35668 0.473887 
1535172139916 0.278155 0.921306 -0.271709 -0.601528 -0.926987 0.331583 0.175349 -0.229767 0.251644 0.203097 0.94627 0.383644 0.281711 -0.30627 0.909306 0.433301 -0.94821 -0.23381 0.215012 -0.48371 0.146753 -0.922784 -0.356276 0.473837 
1535172140255 0.278142 0.921489 -0.271101 -0.601559 -0.926825 0.331588 0.176194 -0.22973 0.252255 0.202256 0.946288 0.383714 0.281332 -0.306981 0.909184 0.433661 -0.948359 -0.233603 0.214579 -0.483736 0.146516 -0.922601 -0.356848 0.473962 
1535172140261 0.278144 0.921453 -0.271219 -0.601553 -0.926855 0.331589 0.176037 -0.229731 0.252143 0.202417 0.946283 0.38371 0.281773 -0.307062 0.90902 0.433291 -0.948653 -0.23109 0.215997 -0.483933 0.143741 -0.923206 -0.35641 0.473961 
1535172140267 0.278146 0.921418 -0.271337 -0.601546 -0.926884 0.331589 0.175881 -0.229732 0.252032 0.202578 0.946278 0.383706 0.282214 -0.307144 0.908855 0.43292 -0.948938 -0.228577 0.217414 -0.48413 0.140966 -0.923805 -0.355969 0.473961 
1535172140283 0.278148 0.921383 -0.271456 -0.60154 -0.926914 0.331589 0.175724 -0.229733 0.251921 0.202739 0.946273 0.383702 0.282655 -0.307228 0.90869 0.43255 -0.949215 -0.226061 0.21883 -0.484327 0.138189 -0.924396 -0.355523 0.47396 
1535172140300 0.278149 0.921347 -0.271574 -0.601534 -0.926944 0.331589 0.175568 -0.229734 0.25181 0.2029 0.946268 0.383698 0.283096 -0.307313 0.908524 0.43218 -0.949484 -0.223544 0.220244 -0.484524 0.135412 -0.924979 -0.355073 0.473959 
1535172140318 0.278151 0.921312 -0.271692 -0.601528 -0.926973 0.331589 0.175412 -0.229736 0.251699 0.20306 0.946263 0.383694 0.283536 -0.307399 0.908358 0.43181 -0.949745 -0.221025 0.221657 -0.484721 0.132633 -0.925556 -0.354619 0.473959 
1535172140333 0.278153 0.921276 -0.27181 -0.601521 -0.927003 0.331589 0.175256 -0.229737 0.251588 0.203221 0.946258 0.383689 0.283975 -0.307486 0.908191 0.431439 -0.949998 -0.218505 0.223068 -0.484918 0.129854 -0.926125 -0.354161 0.473958 
1535172140351 0.278155 0.921241 -0.271928 -0.601515 -0.927033 0.331588 0.175099 -0.229738 0.251477 0.203382 0.946253 0.383685 0.284414 -0.307574 0.908024 0.431069 -0.950242 -0.215983 0.224478 -0.485115 0.127074 -0.926687 -0.353699 0.473957 
1535172140356 0.278157 0.921205 -0.272047 -0.601509 -0.927062 0.331589 0.174942 -0.229739 0.251365 0.203543 0.946248 0.383681 0.284853 -0.307664 0.907856 0.430699 -0.950479 -0.21346 0.225887 -0.485312 0.124294 -0.927242 -0.353232 0.473956 
1535172140373 0.278159 0.92117 -0.272165 -0.601502 -0.927092 0.331589 0.174786 -0.22974 0.251254 0.203703 0.946243 0.383677 0.285291 -0.307755 0.907687 0.430328 -0.950707 -0.210935 0.227294 -0.485509 0.121512 -0.92779 -0.352762 0.473956 
1535172140531 0.278184 0.921312 -0.271659 -0.601546 -0.926972 0.331608 0.175385 -0.22974 0.251669 0.203031 0.946278 0.383668 0.28248 -0.307092 0.90879 0.433163 -0.948573 -0.230527 0.216947 -0.483842 0.142878 -0.923337 -0.356419 0.473931 
1535172140543 0.278215 0.921276 -0.271747 -0.601537 -0.926994 0.331628 0.175226 -0.229734 0.251551 0.203157 0.946282 0.383666 0.282975 -0.306366 0.908881 0.432758 -0.948404 -0.23068 0.217523 -0.483927 0.143019 -0.92354 -0.355835 0.473811 
1535172140560 0.278245 0.921242 -0.271833 -0.601528 -0.927018 0.331647 0.175068 -0.229727 0.251432 0.203283 0.946286 0.383665 0.28347 -0.305639 0.908972 0.432354 -0.948235 -0.230831 0.218098 -0.484013 0.143159 -0.923743 -0.355252 0.47369 
1535172140566 0.278274 0.921207 -0.27192 -0.601519 -0.927041 0.331666 0.174909 -0.229721 0.251314 0.203408 0.946291 0.383663 0.283965 -0.304912 0.909061 0.431949 -0.948066 -0.230982 0.218674 -0.484098 0.1433 -0.923946 -0.354668 0.47357 
1535172140580 0.278304 0.921173 -0.272006 -0.60151 -0.927064 0.331685 0.17475 -0.229714 0.251195 0.203534 0.946295 0.383661 0.284459 -0.304185 0.90915 0.431545 -0.947896 -0.231132 0.21925 -0.484184 0.143441 -0.924148 -0.354083 0.473449 
1535172140597 0.278334 0.921138 -0.272093 -0.601502 -0.927087 0.331703 0.174591 -0.229708 0.251077 0.203659 0.9463 0.38366 0.284953 -0.303458 0.909239 0.43114 -0.947727 -0.231282 0.219825 -0.484269 0.143583 -0.92435 -0.353499 0.473329 
1535172140613 0.278363 0.921104 -0.27218 -0.601493 -0.92711 0.331722 0.174432 -0.229702 0.250958 0.203785 0.946304 0.383658 0.285448 -0.30273 0.909326 0.430735 -0.947556 -0.231431 0.220401 -0.484354 0.143724 -0.924551 -0.352915 0.473209 
1535172140630 0.278393 0.921069 -0.272266 -0.601484 -0.927134 0.331741 0.174273 -0.229695 0.25084 0.203911 0.946308 0.383656 0.285941 -0.302002 0.909413 0.430331 -0.947386 -0.23158 0.220977 -0.48444 0.143866 -0.924752 -0.352331 0.473088 
1535172140648 0.278424 0.921034 -0.272353 -0.601475 -0.927157 0.33176 0.174114 -0.229689 0.250721 0.204036 0.946313 0.383654 0.286435 -0.301274 0.909499 0.429926 -0.947215 -0.231728 0.221553 -0.484525 0.144009 -0.924952 -0.351746 0.472968 
1535172140663 0.278453 0.921 -0.272439 -0.601466 -0.92718 0.331779 0.173955 -0.229682 0.250602 0.204162 0.946317 0.383653 0.286928 -0.300546 0.909585 0.429522 -0.947044 -0.231876 0.222128 -0.484611 0.144151 -0.925151 -0.351163 0.472847 
1535172140704 0.278293 0.921196 -0.271941 -0.601476 -0.926981 0.331731 0.175102 -0.229751 0.251515 0.203354 0.946249 0.383717 0.2827 -0.306736 0.908842 0.432868 -0.948646 -0.22963 0.217581 -0.484008 0.141957 -0.923679 -0.3559 0.473965 
1535172140718 0.278317 0.921159 -0.272039 -0.601471 -0.927011 0.331743 0.174923 -0.229741 0.251378 0.203499 0.946254 0.383713 0.282836 -0.306024 0.909039 0.432342 -0.948773 -0.228412 0.218305 -0.484078 0.140829 -0.924217 -0.354951 0.473778 
1535172140733 0.278341 0.921123 -0.272137 -0.601467 -0.92704 0.331755 0.174742 -0.229731 0.251242 0.203644 0.946259 0.383709 0.282973 -0.305313 0.909236 0.431816 -0.948899 -0.227194 0.219027 -0.484149 0.139701 -0.924752 -0.354001 0.473591 
1535172140750 0.278365 0.921087 -0.272235 -0.601462 -0.92707 0.331767 0.174562 -0.229721 0.251106 0.203789 0.946264 0.383705 0.28311 -0.304602 0.909432 0.43129 -0.949024 -0.225974 0.219748 -0.484219 0.138573 -0.925286 -0.35305 0.473405 
1535172140767 0.27839 0.92105 -0.272333 -0.601458 -0.9271 0.331779 0.174382 -0.229711 0.250969 0.203934 0.946269 0.383701 0.283247 -0.30389 0.909627 0.430764 -0.949147 -0.224754 0.220467 -0.48429 0.137445 -0.925817 -0.352097 0.473218 
1535172140783 0.278414 0.921014 -0.272432 -0.601453 -0.927129 0.331791 0.174202 -0.229701 0.250833 0.204079 0.946274 0.383697 0.283386 -0.303179 0.909821 0.430239 -0.949268 -0.223533 0.221185 -0.48436 0.136316 -0.926345 -0.351144 0.473031 
1535172140790 0.278438 0.920978 -0.27253 -0.601448 -0.927159 0.331803 0.174022 -0.22969 0.250697 0.204224 0.946279 0.383692 0.283526 -0.302467 0.910015 0.429713 -0.949388 -0.222311 0.221902 -0.48443 0.135188 -0.926872 -0.35019 0.472844 
1535172140804 0.278463 0.920941 -0.272628 -0.601444 -0.927188 0.331815 0.173841 -0.22968 0.25056 0.204369 0.946284 0.383688 0.283666 -0.301756 0.910207 0.429187 -0.949506 -0.221088 0.222617 -0.484501 0.134059 -0.927396 -0.349234 0.472657 
1535172140821 0.278488 0.920904 -0.272726 -0.601439 -0.927218 0.331827 0.173661 -0.22967 0.250423 0.204514 0.946289 0.383684 0.283807 -0.301044 0.910399 0.428661 -0.949623 -0.219864 0.223332 -0.484571 0.132931 -0.927918 -0.348277 0.472471 
1535172140839 0.278512 0.920868 -0.272824 -0.601435 -0.927247 0.331839 0.173481 -0.22966 0.250287 0.204659 0.946294 0.38368 0.283949 -0.300333 0.910589 0.428135 -0.949737 -0.218639 0.224044 -0.484642 0.131802 -0.928438 -0.34732 0.472284 
1535172140921 0.278322 0.921028 -0.272478 -0.601493 -0.927154 0.331713 0.174216 -0.229633 0.250842 0.204141 0.946258 0.383627 0.282989 -0.305807 0.909065 0.43225 -0.948659 -0.228867 0.218324 -0.484056 0.14129 -0.924176 -0.354874 0.473702 
1535172140933 0.278331 0.921003 -0.272553 -0.601486 -0.927169 0.331722 0.17412 -0.229635 0.250777 0.20424 0.946254 0.383636 0.283423 -0.305283 0.909106 0.431638 -0.948661 -0.228048 0.219174 -0.484177 0.140409 -0.924552 -0.354244 0.473565 
1535172140948 0.27834 0.920978 -0.272629 -0.601479 -0.927184 0.33173 0.174023 -0.229638 0.250711 0.20434 0.94625 0.383646 0.283856 -0.304759 0.909147 0.431025 -0.948661 -0.227227 0.220024 -0.484298 0.139528 -0.924927 -0.353613 0.473429 
1535172140954 0.278349 0.920953 -0.272705 -0.601472 -0.927199 0.331739 0.173927 -0.22964 0.250645 0.20444 0.946246 0.383656 0.28429 -0.304235 0.909187 0.430413 -0.94866 -0.226405 0.220873 -0.48442 0.138648 -0.925301 -0.35298 0.473292 
1535172140974 0.278358 0.920927 -0.272781 -0.601465 -0.927214 0.331748 0.17383 -0.229642 0.250579 0.204539 0.946242 0.383665 0.284725 -0.303711 0.909226 0.4298 -0.948658 -0.225583 0.221721 -0.484541 0.137767 -0.925674 -0.352347 0.473156 
1535172140987 0.278368 0.920902 -0.272857 -0.601458 -0.927229 0.331756 0.173733 -0.229645 0.250513 0.204639 0.946238 0.383675 0.28516 -0.303187 0.909264 0.429188 -0.948655 -0.224761 0.222568 -0.484662 0.136887 -0.926045 -0.351713 0.473019 
1535172140994 0.278377 0.920877 -0.272933 -0.60145 -0.927245 0.331765 0.173637 -0.229647 0.250448 0.204739 0.946234 0.383684 0.285595 -0.302664 0.909302 0.428576 -0.94865 -0.223937 0.223415 -0.484783 0.136007 -0.926416 -0.351078 0.472882 
1535172141008 0.278386 0.920852 -0.273009 -0.601443 -0.92726 0.331773 0.17354 -0.229649 0.250382 0.204839 0.946229 0.383694 0.28603 -0.302141 0.909339 0.427963 -0.948645 -0.223113 0.224262 -0.484904 0.135127 -0.926786 -0.350442 0.472746 
1535172141024 0.278395 0.920826 -0.273085 -0.601436 -0.927275 0.331782 0.173444 -0.229651 0.250316 0.204938 0.946225 0.383703 0.286466 -0.301618 0.909375 0.427351 -0.948638 -0.222288 0.225107 -0.485026 0.134247 -0.927154 -0.349805 0.472609 
1535172141041 0.278404 0.920801 -0.27316 -0.601429 -0.92729 0.33179 0.173347 -0.229654 0.25025 0.205038 0.946221 0.383712 0.286902 -0.301096 0.909411 0.426739 -0.948631 -0.221463 0.225952 -0.485147 0.133368 -0.927521 -0.349168 0.472473 
1535172141175 0.278471 0.920882 -0.27282 -0.601452 -0.927251 0.331805 0.173524 -0.229633 0.250318 0.204651 0.946287 0.383655 0.283833 -0.304534 0.909229 0.430847 -0.948724 -0.22679 0.220202 -0.484358 0.139146 -0.925108 -0.353289 0.473426 
1535172141187 0.278464 0.920871 -0.272862 -0.601449 -0.927255 0.331805 0.173502 -0.229636 0.25031 0.204699 0.946279 0.383662 0.284329 -0.304227 0.909177 0.430203 -0.948833 -0.225182 0.221381 -0.484524 0.13738 -0.925602 -0.352686 0.473285 
1535172141203 0.278457 0.920861 -0.272905 -0.601446 -0.927259 0.331804 0.173482 -0.229638 0.250304 0.204746 0.94627 0.383669 0.284825 -0.30392 0.909125 0.429559 -0.948938 -0.223572 0.222559 -0.484689 0.135615 -0.926093 -0.35208 0.473144 
1535172141209 0.27845 0.92085 -0.272948 -0.601443 -0.927263 0.331804 0.173461 -0.229641 0.250297 0.204794 0.946261 0.383676 0.285322 -0.303614 0.909071 0.428916 -0.949039 -0.221961 0.223735 -0.484855 0.13385 -0.926581 -0.351472 0.473004 
1535172141225 0.278443 0.92084 -0.27299 -0.60144 -0.927267 0.331804 0.173441 -0.229644 0.25029 0.204842 0.946253 0.383683 0.285819 -0.303309 0.909017 0.428272 -0.949137 -0.220349 0.22491 -0.485021 0.132084 -0.927065 -0.350861 0.472863 
1535172141231 0.278435 0.920829 -0.273033 -0.601436 -0.927271 0.331804 0.17342 -0.229646 0.250284 0.20489 0.946244 0.38369 0.286316 -0.303004 0.908962 0.427628 -0.949231 -0.218736 0.226084 -0.485186 0.130319 -0.927547 -0.350249 0.472722 
1535172141244 0.278428 0.920819 -0.273076 -0.601433 -0.927275 0.331804 0.173399 -0.229649 0.250277 0.204937 0.946236 0.383698 0.286814 -0.302701 0.908906 0.426984 -0.949322 -0.217122 0.227257 -0.485352 0.128553 -0.928025 -0.349634 0.472581 
1535172141261 0.278421 0.920808 -0.273119 -0.60143 -0.927279 0.331803 0.173379 -0.229652 0.25027 0.204985 0.946227 0.383705 0.287312 -0.302398 0.90885 0.42634 -0.949409 -0.215507 0.228429 -0.485518 0.126787 -0.9285 -0.349017 0.47244 
1535172141267 0.278414 0.920798 -0.273162 -0.601427 -0.927283 0.331803 0.173358 -0.229655 0.250264 0.205033 0.946219 0.383712 0.28781 -0.302096 0.908792 0.425697 -0.949492 -0.213891 0.229599 -0.485684 0.125021 -0.928972 -0.348397 0.4723 
1535172141281 0.278407 0.920787 -0.273204 -0.601424 -0.927287 0.331803 0.173338 -0.229657 0.250257 0.20508 0.94621 0.383719 0.288308 -0.301795 0.908734 0.425053 -0.949572 -0.212273 0.230768 -0.485849 0.123256 -0.92944 -0.347777 0.472159 
1535172141495 0.27823 0.920831 -0.273238 -0.60145 -0.927336 0.331643 0.173382 -0.229602 0.250272 0.205143 0.946192 0.383661 0.284989 -0.303905 0.909078 0.429362 -0.948925 -0.223383 0.222803 -0.484763 0.135361 -0.926144 -0.352044 0.473127 
1535172141512 0.278234 0.920824 -0.273257 -0.601447 -0.927325 0.331658 0.17341 -0.22961 0.250308 0.20515 0.946182 0.383672 0.285893 -0.302264 0.909342 0.428651 -0.948662 -0.223258 0.224044 -0.484953 0.135297 -0.926711 -0.350574 0.472857 
1535172141525 0.278239 0.920817 -0.273277 -0.601444 -0.927314 0.331674 0.173438 -0.229617 0.250344 0.205156 0.946171 0.383684 0.286796 -0.300622 0.909601 0.427939 -0.948398 -0.223131 0.225284 -0.485143 0.135235 -0.927275 -0.349102 0.472588 
1535172141541 0.278243 0.920809 -0.273296 -0.60144 -0.927303 0.33169 0.173466 -0.229625 0.250379 0.205162 0.94616 0.383695 0.287699 -0.298979 0.909858 0.427228 -0.948134 -0.223001 0.226524 -0.485333 0.135173 -0.927837 -0.347629 0.472318 
1535172141548 0.278248 0.920802 -0.273315 -0.601437 -0.927292 0.331706 0.173494 -0.229633 0.250414 0.205169 0.946149 0.383707 0.288602 -0.297335 0.91011 0.426516 -0.947868 -0.222869 0.227763 -0.485523 0.135114 -0.928397 -0.346155 0.472049 
1535172141561 0.278253 0.920795 -0.273335 -0.601434 -0.927281 0.331723 0.173522 -0.22964 0.25045 0.205175 0.946139 0.383718 0.289505 -0.295691 0.910359 0.425805 -0.947601 -0.222735 0.229002 -0.485713 0.135055 -0.928954 -0.34468 0.471779 
1535172141578 0.278258 0.920788 -0.273354 -0.601431 -0.92727 0.331739 0.17355 -0.229648 0.250485 0.205181 0.946128 0.383729 0.290407 -0.294047 0.910604 0.425094 -0.947333 -0.222599 0.23024 -0.485902 0.134999 -0.929509 -0.343204 0.471509 
1535172141585 0.278263 0.920781 -0.273374 -0.601428 -0.927259 0.331755 0.173578 -0.229656 0.250521 0.205188 0.946117 0.383741 0.29131 -0.292401 0.910846 0.424382 -0.947063 -0.222461 0.231478 -0.486092 0.134943 -0.930061 -0.341727 0.47124 
1535172141598 0.278267 0.920773 -0.273393 -0.601424 -0.927248 0.331771 0.173606 -0.229664 0.250556 0.205194 0.946106 0.383752 0.292212 -0.290755 0.911084 0.423671 -0.946793 -0.22232 0.232715 -0.486282 0.134889 -0.93061 -0.340249 0.47097 
1535172141605 0.278272 0.920766 -0.273412 -0.601421 -0.927237 0.331787 0.173634 -0.229671 0.250591 0.2052 0.946096 0.383764 0.293113 -0.289109 0.911318 0.42296 -0.946522 -0.222178 0.233952 -0.486472 0.134837 -0.931157 -0.338771 0.470701 
1535172141823 0.278315 0.920767 -0.273367 -0.601469 -0.92731 0.331749 0.173318 -0.229652 0.250274 0.205259 0.946167 0.383679 0.287556 -0.302178 0.908845 0.425386 -0.949639 -0.213298 0.229544 -0.485934 0.124491 -0.929081 -0.348295 0.472251 
1535172141835 0.278194 0.920875 -0.273126 -0.601449 -0.927406 0.331538 0.173204 -0.229655 0.250051 0.205114 0.946257 0.3837 0.288667 -0.301358 0.908765 0.425018 -0.949089 -0.215083 0.230152 -0.486026 0.126102 -0.928936 -0.348103 0.472227 
1535172141852 0.278074 0.920983 -0.272884 -0.601428 -0.927503 0.331328 0.17309 -0.229658 0.249827 0.204969 0.946348 0.383722 0.289778 -0.300536 0.908684 0.42465 -0.948535 -0.216867 0.23076 -0.486119 0.127712 -0.928788 -0.347912 0.472202 
1535172141868 0.277953 0.921091 -0.272642 -0.601408 -0.927599 0.331118 0.172976 -0.229661 0.249603 0.204824 0.946438 0.383743 0.290887 -0.299711 0.908602 0.424282 -0.947977 -0.218649 0.231369 -0.486211 0.129321 -0.928636 -0.347722 0.472178 
1535172141875 0.277833 0.921198 -0.272401 -0.601387 -0.927695 0.330908 0.172861 -0.229664 0.249379 0.204678 0.946529 0.383765 0.291994 -0.298885 0.908519 0.423914 -0.947416 -0.220431 0.231978 -0.486303 0.130931 -0.928482 -0.347533 0.472154 
1535172141888 0.277713 0.921306 -0.272159 -0.601367 -0.927792 0.330698 0.172747 -0.229668 0.249155 0.204533 0.946619 0.383786 0.2931 -0.298056 0.908435 0.423546 -0.94685 -0.222211 0.232587 -0.486395 0.13254 -0.928324 -0.347345 0.47213 
1535172141983 0.277592 0.921414 -0.271917 -0.601347 -0.927888 0.330488 0.172633 -0.229671 0.248931 0.204387 0.94671 0.383807 0.294204 -0.297226 0.908351 0.423178 -0.946281 -0.223989 0.233196 -0.486488 0.134149 -0.928163 -0.347157 0.472105 
