1535171905466 0.229859 0.923286 -0.307748 -0.602262 -0.939074 0.293444 0.178971 -0.232823 0.255548 0.24786 0.934484 0.390111 0.241265 -0.25231 0.937087 0.425042 -0.955389 -0.231264 0.183709 -0.480065 0.170363 -0.939605 -0.29685 0.467361 
1535171905478 0.231063 0.922632 -0.308803 -0.602303 -0.938443 0.295114 0.179537 -0.232843 0.256779 0.24831 0.934027 0.390154 0.242531 -0.25524 0.935965 0.425956 -0.9566 -0.223565 0.186912 -0.480411 0.161541 -0.940676 -0.298384 0.46733 
1535171905485 0.232266 0.921976 -0.30986 -0.602343 -0.937808 0.296783 0.180101 -0.232862 0.25801 0.248758 0.933569 0.390197 0.243772 -0.258179 0.934836 0.426872 -0.957735 -0.215859 0.190128 -0.48076 0.152706 -0.941673 -0.299887 0.467301 
1535171905679 0.233466 0.921316 -0.310917 -0.602384 -0.93717 0.298452 0.180662 -0.232881 0.259241 0.249204 0.933109 0.39024 0.244983 -0.261126 0.9337 0.427787 -0.958795 -0.208147 0.193356 -0.48111 0.143857 -0.942596 -0.301359 0.467271 
1535171905685 0.234665 0.920654 -0.311974 -0.602424 -0.936529 0.30012 0.181222 -0.2329 0.260472 0.249647 0.932647 0.390283 0.246167 -0.264083 0.932557 0.428703 -0.95978 -0.20043 0.196595 -0.48146 0.134995 -0.943445 -0.302801 0.467241 
1535171905865 0.235861 0.919989 -0.313032 -0.602465 -0.935885 0.301788 0.181779 -0.232919 0.261704 0.250088 0.932184 0.390325 0.247321 -0.267048 0.931406 0.429619 -0.96069 -0.192709 0.199845 -0.481808 0.126122 -0.944219 -0.304211 0.467211 
1535171905893 0.237056 0.919321 -0.314091 -0.602505 -0.935237 0.303455 0.182335 -0.232939 0.262937 0.250526 0.931719 0.390368 0.248448 -0.270021 0.930249 0.430535 -0.961524 -0.184984 0.203106 -0.482159 0.117238 -0.944918 -0.30559 0.467182 
1535171905900 0.238249 0.91865 -0.31515 -0.602546 -0.934587 0.305123 0.182888 -0.232958 0.264169 0.250962 0.931253 0.390411 0.249545 -0.273002 0.929084 0.43145 -0.962283 -0.177255 0.206377 -0.482508 0.108343 -0.945543 -0.306938 0.467152 
1535171906152 0.239439 0.917977 -0.316209 -0.602586 -0.933933 0.306789 0.183439 -0.232977 0.265402 0.251395 0.930786 0.390454 0.250614 -0.275991 0.927913 0.432366 -0.962967 -0.169524 0.20966 -0.482858 0.0994392 -0.946092 -0.308255 0.467123 
1535171906290 0.240628 0.9173 -0.317269 -0.602626 -0.933276 0.308455 0.183987 -0.232996 0.266635 0.251827 0.930317 0.390497 0.251653 -0.278987 0.926734 0.433282 -0.963574 -0.16179 0.212951 -0.483207 0.0905261 -0.946568 -0.30954 0.467093 
1535171906879 0.24 0.917675 -0.316659 -0.602591 -0.933677 0.307515 0.183527 -0.233055 0.265796 0.251611 0.930615 0.390391 0.251257 -0.278131 0.927099 0.433004 -0.963498 -0.163326 0.212123 -0.48322 0.0924219 -0.946556 -0.309015 0.467188 
1535171906890 0.240405 0.917701 -0.316275 -0.602619 -0.93376 0.307642 0.182888 -0.233013 0.265136 0.251358 0.930872 0.39038 0.251398 -0.278516 0.926946 0.433121 -0.963564 -0.162399 0.212534 -0.483249 0.0913407 -0.946602 -0.309194 0.467174 
1535171906897 0.240807 0.917729 -0.31589 -0.602647 -0.933844 0.307768 0.182251 -0.23297 0.264477 0.251104 0.931128 0.390369 0.251541 -0.278901 0.926791 0.433241 -0.963629 -0.161472 0.212947 -0.483284 0.0902594 -0.946647 -0.309374 0.467162 
1535171906913 0.24121 0.917755 -0.315505 -0.602674 -0.933926 0.307895 0.181612 -0.232928 0.263818 0.250851 0.931383 0.390358 0.251683 -0.279287 0.926636 0.43336 -0.963692 -0.160545 0.213359 -0.483317 0.089178 -0.946691 -0.309553 0.46715 
1535171906920 0.241613 0.917781 -0.315119 -0.602702 -0.934008 0.308022 0.180974 -0.232885 0.263158 0.250598 0.931637 0.390347 0.251824 -0.279673 0.926481 0.43348 -0.963755 -0.159618 0.213772 -0.483352 0.0880965 -0.946734 -0.309732 0.467137 
1535171907030 0.242015 0.917808 -0.314734 -0.60273 -0.934089 0.308149 0.180336 -0.232843 0.262498 0.250345 0.931892 0.390336 0.251966 -0.280059 0.926326 0.4336 -0.963816 -0.158691 0.214186 -0.483387 0.0870148 -0.946776 -0.30991 0.467125 
1535171907082 0.242417 0.917834 -0.314347 -0.602757 -0.934171 0.308276 0.179697 -0.2328 0.261838 0.250092 0.932145 0.390326 0.252106 -0.280445 0.926171 0.433719 -0.963877 -0.157764 0.214599 -0.48342 0.0859331 -0.946816 -0.310088 0.467113 
1535171907197 0.242819 0.91786 -0.313961 -0.602785 -0.934251 0.308404 0.179059 -0.232758 0.261178 0.249839 0.932398 0.390315 0.252246 -0.280831 0.926016 0.433839 -0.963936 -0.156837 0.215012 -0.483455 0.0848511 -0.946856 -0.310265 0.4671 
1535171907224 0.24322 0.917886 -0.313574 -0.602813 -0.934331 0.308531 0.178421 -0.232715 0.260517 0.249587 0.932651 0.390304 0.252386 -0.281218 0.925861 0.433958 -0.963994 -0.15591 0.215426 -0.483488 0.0837692 -0.946894 -0.310442 0.467088 
1535171907254 0.243622 0.917912 -0.313188 -0.60284 -0.93441 0.308659 0.177782 -0.232673 0.259857 0.249334 0.932902 0.390293 0.252525 -0.281604 0.925705 0.434078 -0.964051 -0.154983 0.215839 -0.483522 0.0826871 -0.946932 -0.310618 0.467075 
1535171907379 0.242827 0.917789 -0.314164 -0.602746 -0.934138 0.308557 0.179384 -0.232838 0.261574 0.249913 0.932267 0.390317 0.252102 -0.280654 0.926109 0.433725 -0.963914 -0.157403 0.214693 -0.483474 0.0855183 -0.946815 -0.310208 0.467139 
1535171907392 0.242569 0.917845 -0.3142 -0.602734 -0.934237 0.30829 0.179328 -0.232825 0.26146 0.250037 0.932266 0.390348 0.252065 -0.278736 0.926698 0.433623 -0.963256 -0.164049 0.212666 -0.483197 0.0927461 -0.946253 -0.309845 0.466993 
1535171907416 0.242311 0.9179 -0.314236 -0.602722 -0.934336 0.308022 0.179271 -0.232812 0.261345 0.250162 0.932265 0.39038 0.252012 -0.276819 0.927287 0.433518 -0.962546 -0.170691 0.210639 -0.482915 0.0999708 -0.945641 -0.309467 0.466846 
1535171907423 0.242054 0.917956 -0.314272 -0.60271 -0.934435 0.307755 0.179214 -0.232798 0.261229 0.250287 0.932264 0.390411 0.251945 -0.274901 0.927876 0.433414 -0.961787 -0.177329 0.208616 -0.482634 0.10719 -0.944978 -0.309074 0.4667 
1535171907517 0.241795 0.918012 -0.314308 -0.602698 -0.934534 0.307487 0.179157 -0.232785 0.261114 0.250413 0.932262 0.390443 0.251863 -0.272984 0.928464 0.43331 -0.960977 -0.183961 0.206595 -0.482352 0.114404 -0.944266 -0.308665 0.466553 
1535171907538 0.241537 0.918067 -0.314344 -0.602686 -0.934633 0.307219 0.1791 -0.232772 0.260998 0.250537 0.932261 0.390474 0.251767 -0.271068 0.929051 0.433206 -0.960117 -0.190588 0.204578 -0.482071 0.121612 -0.943503 -0.308241 0.466406 
1535171907557 0.24128 0.918123 -0.31438 -0.602673 -0.934732 0.306952 0.179043 -0.232759 0.260883 0.250662 0.93226 0.390505 0.251655 -0.269152 0.929638 0.433101 -0.959206 -0.19721 0.202563 -0.481789 0.128813 -0.94269 -0.307802 0.466259 
1535171907583 0.241022 0.918178 -0.314416 -0.602661 -0.934831 0.306684 0.178985 -0.232746 0.260767 0.250787 0.932259 0.390537 0.25153 -0.267237 0.930224 0.432997 -0.958246 -0.203825 0.200552 -0.481508 0.136008 -0.941828 -0.307347 0.466112 
1535171907628 0.240764 0.918233 -0.314453 -0.602649 -0.93493 0.306417 0.178928 -0.232732 0.260651 0.250912 0.932257 0.390568 0.25139 -0.265323 0.93081 0.432893 -0.957235 -0.210434 0.198544 -0.481227 0.143196 -0.940915 -0.306878 0.465966 
1535171907659 0.240506 0.918288 -0.314489 -0.602637 -0.935028 0.306149 0.178871 -0.232719 0.260536 0.251037 0.932256 0.3906 0.251235 -0.26341 0.931395 0.432788 -0.956174 -0.217036 0.196539 -0.480945 0.150376 -0.939953 -0.306393 0.465819 
1535171907895 0.241782 0.917977 -0.314421 -0.602692 -0.934492 0.30754 0.179286 -0.23284 0.261277 0.250476 0.9322 0.390435 0.251947 -0.275457 0.92771 0.433507 -0.961987 -0.175668 0.209097 -0.482794 0.105372 -0.945127 -0.309245 0.4667 
1535171907921 0.241836 0.918069 -0.314109 -0.602693 -0.934585 0.307428 0.178993 -0.232814 0.260894 0.250274 0.932361 0.390438 0.251677 -0.275794 0.927683 0.433486 -0.962295 -0.173506 0.209485 -0.482885 0.103184 -0.945428 -0.309063 0.466702 
1535171907928 0.24189 0.918162 -0.313796 -0.602696 -0.934678 0.307315 0.178701 -0.232788 0.26051 0.250072 0.932522 0.390441 0.251407 -0.27613 0.927656 0.433469 -0.962598 -0.171345 0.209874 -0.482982 0.100997 -0.945724 -0.30888 0.466706 
1535171908002 0.241944 0.918255 -0.313483 -0.602699 -0.934771 0.307203 0.178408 -0.232762 0.260127 0.24987 0.932684 0.390445 0.251137 -0.276466 0.92763 0.433451 -0.962895 -0.169183 0.210262 -0.483077 0.0988086 -0.946015 -0.308696 0.466709 
1535171908061 0.241997 0.918347 -0.313171 -0.602702 -0.934864 0.30709 0.178116 -0.232736 0.259744 0.249668 0.932844 0.390448 0.250865 -0.276801 0.927603 0.433433 -0.963188 -0.16702 0.210649 -0.483174 0.09662 -0.946301 -0.308511 0.466713 
1535171908068 0.242051 0.918439 -0.312858 -0.602705 -0.934956 0.306978 0.177824 -0.23271 0.259361 0.249466 0.933005 0.390451 0.250593 -0.277136 0.927577 0.433415 -0.963476 -0.164856 0.211037 -0.483271 0.0944309 -0.946582 -0.308325 0.466716 
1535171908136 0.242104 0.918532 -0.312545 -0.602707 -0.935049 0.306865 0.177531 -0.232684 0.258977 0.249264 0.933166 0.390454 0.25032 -0.277469 0.927551 0.433397 -0.963759 -0.162692 0.211424 -0.483366 0.0922414 -0.946859 -0.308139 0.466719 
1535171908164 0.242157 0.918624 -0.312233 -0.60271 -0.935141 0.306753 0.177239 -0.232658 0.258594 0.249062 0.933326 0.390457 0.250047 -0.277803 0.927525 0.43338 -0.964037 -0.160527 0.21181 -0.483463 0.0900512 -0.947131 -0.307951 0.466723 
1535171908225 0.24221 0.918717 -0.31192 -0.602713 -0.935233 0.306641 0.176946 -0.232632 0.258211 0.24886 0.933486 0.39046 0.249772 -0.278135 0.927499 0.433362 -0.96431 -0.158361 0.212196 -0.483558 0.0878605 -0.947398 -0.307763 0.466726 
1535171908239 0.242263 0.918809 -0.311607 -0.602715 -0.935325 0.306529 0.176653 -0.232606 0.257827 0.248657 0.933646 0.390463 0.249497 -0.278468 0.927474 0.433343 -0.964579 -0.156195 0.212582 -0.483654 0.0856694 -0.94766 -0.307574 0.46673 
1535171908433 0.242064 0.918497 -0.312678 -0.602721 -0.935019 0.306892 0.177641 -0.232698 0.259121 0.24936 0.9331 0.390458 0.250529 -0.277186 0.927579 0.433415 -0.963537 -0.164395 0.211116 -0.483224 0.0939714 -0.946648 -0.308265 0.466734 
1535171908447 0.242261 0.91865 -0.312078 -0.602739 -0.935 0.306931 0.177675 -0.232697 0.259008 0.248749 0.933295 0.390415 0.250261 -0.277214 0.927643 0.433371 -0.963717 -0.163196 0.211224 -0.483288 0.0928334 -0.946847 -0.307998 0.466713 
1535171908453 0.242452 0.918805 -0.31147 -0.602763 -0.934987 0.306959 0.177692 -0.232693 0.258873 0.248139 0.933495 0.390369 0.249992 -0.277242 0.927707 0.433327 -0.963897 -0.161995 0.211332 -0.483351 0.0916934 -0.947045 -0.30773 0.466692 
1535171908460 0.242644 0.918961 -0.310862 -0.602788 -0.934975 0.306987 0.177709 -0.232688 0.258738 0.247528 0.933694 0.390323 0.249722 -0.277271 0.927771 0.433283 -0.964074 -0.160793 0.211439 -0.483414 0.0905533 -0.947242 -0.307463 0.466671 
1535171908466 0.242835 0.919116 -0.310254 -0.602812 -0.934963 0.307015 0.177725 -0.232684 0.258603 0.246918 0.933893 0.390276 0.249452 -0.277298 0.927836 0.433239 -0.96425 -0.159591 0.211546 -0.483478 0.089413 -0.947437 -0.307195 0.46665 
1535171908546 0.243027 0.91927 -0.309646 -0.602836 -0.934951 0.307043 0.177742 -0.232679 0.258467 0.246307 0.934092 0.39023 0.249183 -0.277325 0.9279 0.433195 -0.964425 -0.158389 0.211653 -0.483541 0.0882726 -0.94763 -0.306928 0.466629 
1535171908640 0.243218 0.919424 -0.309037 -0.602861 -0.934938 0.30707 0.177759 -0.232675 0.258332 0.245697 0.93429 0.390184 0.248913 -0.277352 0.927964 0.433151 -0.964598 -0.157187 0.21176 -0.483605 0.0871319 -0.947823 -0.30666 0.466607 
1535171908767 0.243409 0.919578 -0.308429 -0.602884 -0.934926 0.307098 0.177775 -0.23267 0.258196 0.245086 0.934488 0.390138 0.248644 -0.277379 0.928029 0.433107 -0.96477 -0.155985 0.211866 -0.483668 0.085991 -0.948014 -0.306391 0.466586 
1535171908817 0.2436 0.919731 -0.30782 -0.60291 -0.934914 0.307126 0.177792 -0.232666 0.25806 0.244475 0.934685 0.390092 0.248374 -0.277405 0.928093 0.433063 -0.964941 -0.154782 0.211971 -0.483731 0.0848499 -0.948203 -0.306123 0.466565 
1535171908884 0.243791 0.919884 -0.307211 -0.602933 -0.934902 0.307153 0.177809 -0.232661 0.257924 0.243864 0.934882 0.390046 0.248105 -0.277431 0.928157 0.433019 -0.96511 -0.153579 0.212077 -0.483795 0.0837086 -0.948391 -0.305855 0.466544 
1535171909013 0.24372 0.919585 -0.308162 -0.602873 -0.934805 0.307379 0.177926 -0.232774 0.25834 0.244707 0.934547 0.390171 0.24863 -0.277397 0.928027 0.433122 -0.96482 -0.155477 0.212013 -0.483651 0.0854748 -0.948092 -0.306294 0.466531 
1535171909027 0.243609 0.919597 -0.308213 -0.60288 -0.934837 0.307281 0.177927 -0.232744 0.258329 0.244785 0.93453 0.390168 0.248408 -0.277398 0.928086 0.433081 -0.964924 -0.154884 0.211974 -0.483685 0.0849445 -0.948188 -0.306142 0.466523 
1535171909034 0.243497 0.919609 -0.308266 -0.602886 -0.934869 0.307182 0.177928 -0.232714 0.258318 0.244864 0.934512 0.390166 0.248186 -0.277399 0.928145 0.433037 -0.965028 -0.154291 0.211934 -0.483714 0.084414 -0.948285 -0.305991 0.466514 
1535171909040 0.243385 0.919621 -0.308319 -0.602892 -0.934902 0.307083 0.17793 -0.232685 0.258308 0.244943 0.934495 0.390163 0.247964 -0.2774 0.928204 0.432994 -0.965131 -0.153698 0.211895 -0.483743 0.0838835 -0.948381 -0.305839 0.466506 
1535171909047 0.243272 0.919633 -0.308371 -0.602898 -0.934934 0.306984 0.177931 -0.232655 0.258297 0.245021 0.934477 0.390161 0.247741 -0.277401 0.928263 0.43295 -0.965234 -0.153105 0.211855 -0.483771 0.0833529 -0.948477 -0.305687 0.466497 
1535171909054 0.24316 0.919645 -0.308424 -0.602904 -0.934966 0.306885 0.177933 -0.232625 0.258286 0.2451 0.934459 0.390158 0.247519 -0.277401 0.928323 0.432906 -0.965337 -0.152512 0.211814 -0.483799 0.0828223 -0.948572 -0.305535 0.466488 
1535171909069 0.243048 0.919657 -0.308477 -0.60291 -0.934998 0.306786 0.177934 -0.232595 0.258275 0.245179 0.934442 0.390155 0.247297 -0.277402 0.928382 0.432863 -0.965439 -0.151918 0.211775 -0.483829 0.0822916 -0.948667 -0.305384 0.466479 
1535171909147 0.242935 0.91967 -0.308529 -0.602916 -0.935031 0.306687 0.177936 -0.232565 0.258264 0.245257 0.934424 0.390153 0.247075 -0.277402 0.928441 0.432819 -0.965541 -0.151325 0.211734 -0.483857 0.0817609 -0.948762 -0.305232 0.46647 
1535171909154 0.242823 0.919681 -0.308582 -0.602922 -0.935063 0.306588 0.177937 -0.232535 0.258253 0.245336 0.934406 0.39015 0.246853 -0.277403 0.9285 0.432776 -0.965643 -0.150732 0.211694 -0.483886 0.08123 -0.948856 -0.30508 0.466462 
1535171909174 0.242711 0.919693 -0.308635 -0.602928 -0.935095 0.306489 0.177939 -0.232505 0.258242 0.245415 0.934389 0.390148 0.246631 -0.277403 0.928559 0.432732 -0.965744 -0.150139 0.211654 -0.483915 0.0806991 -0.94895 -0.304929 0.466453 
1535171909269 0.243349 0.919686 -0.308155 -0.60296 -0.934955 0.306975 0.177834 -0.232577 0.258147 0.244836 0.934567 0.390109 0.247926 -0.27743 0.928206 0.432979 -0.965145 -0.153645 0.21187 -0.483779 0.0838354 -0.948381 -0.305852 0.466526 
1535171909280 0.242947 0.919675 -0.308505 -0.602939 -0.934894 0.30682 0.178424 -0.232605 0.258747 0.245072 0.934339 0.390147 0.247777 -0.277312 0.928281 0.432903 -0.965235 -0.152974 0.211942 -0.483807 0.0832289 -0.948524 -0.305574 0.466516 
1535171909286 0.242544 0.919664 -0.308854 -0.602918 -0.934833 0.306663 0.179014 -0.232634 0.259346 0.245308 0.934111 0.390186 0.247628 -0.277192 0.928356 0.432825 -0.965326 -0.152303 0.212014 -0.483832 0.082623 -0.948667 -0.305295 0.466505 
1535171909301 0.24214 0.919653 -0.309203 -0.602896 -0.934771 0.306507 0.179603 -0.232663 0.259946 0.245545 0.933882 0.390225 0.24748 -0.277072 0.928431 0.432747 -0.965415 -0.151632 0.212086 -0.483857 0.082017 -0.948809 -0.305016 0.466494 
1535171909307 0.241736 0.919642 -0.309552 -0.602875 -0.934709 0.30635 0.180194 -0.232692 0.260545 0.245782 0.933653 0.390263 0.247331 -0.276953 0.928507 0.43267 -0.965505 -0.150961 0.212158 -0.483882 0.0814109 -0.948951 -0.304736 0.466483 
1535171909323 0.241332 0.91963 -0.309901 -0.602854 -0.934646 0.306194 0.180784 -0.23272 0.261144 0.246019 0.933423 0.390302 0.247183 -0.276833 0.928582 0.432591 -0.965594 -0.15029 0.21223 -0.483906 0.0808048 -0.949092 -0.304457 0.466471 
1535171909339 0.240928 0.919619 -0.310249 -0.602833 -0.934582 0.306038 0.181374 -0.232749 0.261743 0.246256 0.933193 0.39034 0.247034 -0.276713 0.928657 0.432514 -0.965682 -0.149619 0.212301 -0.483932 0.0801986 -0.949234 -0.304177 0.466461 
1535171909448 0.240523 0.919608 -0.310597 -0.602812 -0.934519 0.305881 0.181964 -0.232778 0.262341 0.246493 0.932962 0.390379 0.246885 -0.276592 0.928733 0.432435 -0.96577 -0.148948 0.212372 -0.483955 0.0795923 -0.949374 -0.303898 0.466449 
1535171909455 0.240118 0.919596 -0.310945 -0.602791 -0.934455 0.305726 0.182554 -0.232806 0.26294 0.24673 0.932731 0.390417 0.246737 -0.276472 0.928808 0.432358 -0.965858 -0.148277 0.212443 -0.483981 0.0789859 -0.949514 -0.303618 0.466438 
1535171909495 0.239713 0.919584 -0.311293 -0.60277 -0.93439 0.30557 0.183144 -0.232835 0.263538 0.246967 0.932499 0.390456 0.246589 -0.276352 0.928883 0.432279 -0.965946 -0.147605 0.212513 -0.484004 0.0783795 -0.949654 -0.303338 0.466427 
1535171909631 0.241097 0.919616 -0.310129 -0.602829 -0.934603 0.306113 0.181142 -0.23283 0.261515 0.246174 0.933278 0.390344 0.247215 -0.276701 0.928613 0.432585 -0.965609 -0.149997 0.212369 -0.483897 0.0805265 -0.949177 -0.304267 0.466545 
1535171909638 0.240758 0.91951 -0.310705 -0.602803 -0.934555 0.306034 0.181522 -0.232838 0.261997 0.246668 0.933013 0.390385 0.247203 -0.276495 0.928677 0.432449 -0.965654 -0.149448 0.21255 -0.483921 0.0800199 -0.949324 -0.303943 0.466536 
1535171909645 0.24042 0.919403 -0.311281 -0.602772 -0.934507 0.305956 0.181902 -0.232844 0.26248 0.247161 0.932746 0.390427 0.247191 -0.276289 0.928742 0.432312 -0.965699 -0.148899 0.212732 -0.483943 0.079513 -0.94947 -0.303618 0.466526 
1535171909663 0.240081 0.919296 -0.311857 -0.602741 -0.934458 0.305877 0.182282 -0.23285 0.262962 0.247655 0.93248 0.390469 0.247178 -0.276083 0.928807 0.432175 -0.965744 -0.148349 0.212912 -0.483965 0.0790061 -0.949616 -0.303294 0.466516 
1535171909670 0.239743 0.919189 -0.312434 -0.60271 -0.934409 0.3058 0.182663 -0.232856 0.263444 0.248149 0.932212 0.39051 0.247165 -0.275876 0.928871 0.432037 -0.965788 -0.147799 0.213092 -0.483986 0.0784993 -0.949762 -0.302969 0.466507 
1535171909677 0.239403 0.919082 -0.313009 -0.602681 -0.934361 0.305722 0.183043 -0.232862 0.263925 0.248642 0.931944 0.390552 0.247152 -0.27567 0.928936 0.4319 -0.965833 -0.147249 0.213271 -0.484009 0.0779925 -0.949907 -0.302644 0.466497 
1535171909690 0.239064 0.918974 -0.313585 -0.602649 -0.934311 0.305644 0.183423 -0.232867 0.264406 0.249136 0.931676 0.390594 0.24714 -0.275463 0.929 0.431763 -0.965877 -0.146699 0.213451 -0.48403 0.0774855 -0.950052 -0.302319 0.466487 
1535171909700 0.238724 0.918866 -0.31416 -0.602619 -0.934262 0.305567 0.183803 -0.232874 0.264888 0.24963 0.931407 0.390636 0.247127 -0.275257 0.929065 0.431625 -0.965921 -0.146149 0.21363 -0.484052 0.0769787 -0.950197 -0.301994 0.466478 
1535171909798 0.238384 0.918757 -0.314736 -0.602588 -0.934212 0.30549 0.184184 -0.232879 0.265368 0.250123 0.931138 0.390678 0.247115 -0.27505 0.929129 0.431488 -0.965964 -0.145599 0.21381 -0.484074 0.0764716 -0.950341 -0.301668 0.466468 
1535171909828 0.238044 0.918648 -0.31531 -0.602558 -0.934162 0.305413 0.184564 -0.232885 0.265849 0.250617 0.930868 0.390719 0.247102 -0.274844 0.929194 0.431351 -0.966007 -0.145048 0.213988 -0.484096 0.0759647 -0.950485 -0.301343 0.466458 
1535171910009 0.239028 0.918918 -0.313776 -0.602682 -0.93428 0.305686 0.183511 -0.232817 0.264548 0.249291 0.931595 0.390583 0.247038 -0.275433 0.929036 0.431763 -0.965885 -0.146878 0.213291 -0.484065 0.0777079 -0.950033 -0.302321 0.466561 
1535171910021 0.240402 0.920623 -0.307668 -0.602993 -0.934646 0.305097 0.182628 -0.232792 0.262 0.243657 0.933803 0.390037 0.247496 -0.2741 0.929309 0.431464 -0.965321 -0.151997 0.212255 -0.483867 0.083073 -0.949614 -0.302213 0.466502 
1535171910027 0.241761 0.922292 -0.301546 -0.603306 -0.935008 0.304515 0.181741 -0.232769 0.259444 0.23801 0.93597 0.38949 0.247947 -0.272764 0.929582 0.431164 -0.964729 -0.157112 0.21122 -0.483669 0.0884353 -0.949166 -0.302099 0.466443 
1535171910344 0.243102 0.923924 -0.295409 -0.603622 -0.935369 0.303938 0.18085 -0.232747 0.256878 0.232352 0.938097 0.388943 0.248389 -0.271427 0.929855 0.430864 -0.964109 -0.162224 0.210185 -0.483469 0.0937952 -0.948689 -0.30198 0.466384 
1535171910494 0.244427 0.925518 -0.28926 -0.603935 -0.935727 0.303366 0.179955 -0.232723 0.254303 0.226683 0.940184 0.388396 0.248825 -0.270087 0.930129 0.430564 -0.96346 -0.167333 0.209152 -0.483271 0.0991522 -0.948184 -0.301855 0.466325 
1535171910572 0.245735 0.927076 -0.283097 -0.60425 -0.936083 0.3028 0.179055 -0.232701 0.251719 0.221002 0.942229 0.387849 0.249252 -0.268745 0.930403 0.430264 -0.962783 -0.172438 0.208118 -0.483072 0.104507 -0.94765 -0.301724 0.466266 
1535171910896 0.247027 0.928597 -0.276922 -0.604565 -0.936437 0.302239 0.178151 -0.232678 0.249127 0.215312 0.944233 0.387302 0.249673 -0.2674 0.930678 0.429964 -0.962078 -0.17754 0.207086 -0.482872 0.109858 -0.947088 -0.301587 0.466207 
1535171910919 0.248301 0.930081 -0.270734 -0.604879 -0.936788 0.301684 0.177242 -0.232655 0.246525 0.209611 0.946197 0.386755 0.250086 -0.266054 0.930952 0.429664 -0.961345 -0.182638 0.206055 -0.482673 0.115206 -0.946498 -0.301445 0.466148 
1535171911127 0.249558 0.931527 -0.264533 -0.605194 -0.937137 0.301135 0.176329 -0.232633 0.243916 0.2039 0.948119 0.386208 0.250492 -0.264705 0.931228 0.429364 -0.960584 -0.187732 0.205025 -0.482474 0.12055 -0.94588 -0.301297 0.466088 
1535171911445 0.250798 0.932936 -0.258321 -0.605508 -0.937484 0.300591 0.175412 -0.23261 0.241297 0.198179 0.95 0.385661 0.250889 -0.263354 0.931504 0.429064 -0.959795 -0.192822 0.203995 -0.482275 0.125891 -0.945233 -0.301143 0.466029 
1535171911874 0.250831 0.932635 -0.259378 -0.605377 -0.937359 0.300916 0.17552 -0.232705 0.241747 0.199104 0.949692 0.385894 0.250721 -0.263791 0.931426 0.429161 -0.960013 -0.191551 0.204166 -0.482367 0.124558 -0.945369 -0.301268 0.466097 
1535171911885 0.250187 0.931844 -0.262817 -0.605177 -0.937349 0.301096 0.175265 -0.232735 0.242453 0.202503 0.948793 0.386207 0.250755 -0.264315 0.931268 0.42902 -0.960573 -0.187279 0.205491 -0.482548 0.120093 -0.946078 -0.300855 0.466071 
1535171911891 0.24954 0.931042 -0.266254 -0.604975 -0.937339 0.301276 0.17501 -0.232764 0.243158 0.205898 0.947882 0.38652 0.250786 -0.26484 0.93111 0.42888 -0.961112 -0.183005 0.206814 -0.482729 0.115625 -0.946768 -0.300436 0.466044 
1535171912161 0.248892 0.930227 -0.269687 -0.60477 -0.937329 0.301456 0.174754 -0.232791 0.24386 0.209291 0.946958 0.386834 0.250815 -0.265365 0.930953 0.42874 -0.961632 -0.178727 0.208135 -0.482911 0.111155 -0.947438 -0.300011 0.466018 
1535171912200 0.248241 0.9294 -0.273117 -0.604567 -0.937319 0.301634 0.174497 -0.23282 0.244559 0.212681 0.946022 0.387148 0.250841 -0.26589 0.930796 0.4286 -0.962132 -0.174446 0.209454 -0.483092 0.106682 -0.948088 -0.29958 0.465992 
1535171912348 0.247587 0.92856 -0.276544 -0.604363 -0.93731 0.301812 0.17424 -0.232848 0.245257 0.216068 0.945074 0.387461 0.250865 -0.266416 0.930639 0.42846 -0.962611 -0.170162 0.210771 -0.483274 0.102207 -0.948719 -0.299143 0.465966 
1535171912530 0.246931 0.927709 -0.279967 -0.60416 -0.937301 0.301989 0.173982 -0.232877 0.245951 0.219452 0.944113 0.387775 0.250887 -0.266941 0.930483 0.42832 -0.96307 -0.165876 0.212086 -0.483456 0.09773 -0.94933 -0.298699 0.46594 
1535171912612 0.246272 0.926845 -0.283386 -0.603955 -0.937292 0.302165 0.173723 -0.232904 0.246644 0.222833 0.94314 0.388088 0.250905 -0.267467 0.930327 0.42818 -0.96351 -0.161586 0.213399 -0.483638 0.093251 -0.949922 -0.29825 0.465914 
1535171912849 0.245611 0.92597 -0.286802 -0.603752 -0.937284 0.302339 0.173464 -0.232933 0.247334 0.22621 0.942154 0.388402 0.250922 -0.267993 0.930171 0.42804 -0.963928 -0.157295 0.21471 -0.483819 0.0887699 -0.950494 -0.297795 0.465888 
1535171912856 0.244947 0.925082 -0.290214 -0.603549 -0.937276 0.302513 0.173205 -0.232961 0.248022 0.229585 0.941157 0.388715 0.250936 -0.26852 0.930015 0.4279 -0.964327 -0.153 0.216019 -0.484001 0.0842871 -0.951046 -0.297334 0.465862 
1535171913252 0.24489 0.925416 -0.289196 -0.603649 -0.937355 0.302209 0.173309 -0.232874 0.247781 0.228638 0.941451 0.388588 0.251002 -0.268286 0.930065 0.428023 -0.964111 -0.155186 0.215425 -0.483831 0.0865379 -0.950757 -0.29761 0.465923 
1535171913264 0.244582 0.924994 -0.290802 -0.603589 -0.937258 0.30238 0.173531 -0.232853 0.248448 0.230114 0.940915 0.388705 0.251211 -0.268079 0.930068 0.427797 -0.964117 -0.154538 0.215864 -0.483893 0.0858624 -0.950921 -0.297282 0.465849 
1535171913280 0.244274 0.924569 -0.292408 -0.603525 -0.937161 0.302553 0.173753 -0.23283 0.249115 0.23159 0.940376 0.388823 0.251421 -0.267873 0.930071 0.427571 -0.964122 -0.15389 0.216303 -0.483954 0.0851871 -0.951085 -0.296953 0.465774 
1535171913287 0.243966 0.924141 -0.294013 -0.603461 -0.937064 0.302727 0.173975 -0.232807 0.249782 0.233065 0.939835 0.388941 0.251631 -0.267667 0.930073 0.427345 -0.964126 -0.153242 0.216742 -0.484016 0.0845119 -0.951247 -0.296625 0.4657 
1535171913361 0.243656 0.923711 -0.295616 -0.603397 -0.936967 0.3029 0.174196 -0.232784 0.250449 0.234539 0.939291 0.389059 0.251842 -0.26746 0.930076 0.427119 -0.96413 -0.152594 0.217182 -0.484078 0.0838367 -0.951409 -0.296296 0.465626 
1535171913525 0.243344 0.923279 -0.297219 -0.603334 -0.93687 0.303074 0.174417 -0.232761 0.251115 0.236012 0.938744 0.389177 0.252052 -0.267254 0.930078 0.426893 -0.964134 -0.151946 0.21762 -0.484139 0.0831615 -0.951571 -0.295967 0.465551 
1535171913531 0.243032 0.922844 -0.298822 -0.603269 -0.936772 0.303249 0.174637 -0.232738 0.25178 0.237485 0.938194 0.389295 0.252262 -0.267048 0.93008 0.426668 -0.964137 -0.151297 0.218058 -0.484201 0.0824864 -0.951732 -0.295638 0.465477 
1535171913553 0.242719 0.922406 -0.300423 -0.603206 -0.936674 0.303423 0.174858 -0.232715 0.252445 0.238957 0.937641 0.389413 0.252474 -0.266842 0.930082 0.426442 -0.964139 -0.150649 0.218497 -0.484263 0.0818112 -0.951893 -0.295308 0.465403 
1535171913720 0.242405 0.921966 -0.302023 -0.603141 -0.936577 0.303599 0.175077 -0.232692 0.253109 0.240428 0.937086 0.389531 0.252684 -0.266636 0.930084 0.426216 -0.964141 -0.15 0.218935 -0.484325 0.0811362 -0.952053 -0.294978 0.465329 
1535171913753 0.242089 0.921524 -0.303623 -0.603077 -0.936479 0.303774 0.175297 -0.232669 0.253773 0.241899 0.936528 0.389649 0.252895 -0.266431 0.930085 0.42599 -0.964142 -0.149351 0.219373 -0.484386 0.0804612 -0.952213 -0.294647 0.465254 
1535171914079 0.242024 0.92186 -0.302652 -0.603191 -0.936602 0.303427 0.175239 -0.232561 0.253379 0.241052 0.936853 0.389528 0.25249 -0.266767 0.930099 0.426435 -0.96415 -0.15046 0.218579 -0.484251 0.0816333 -0.951944 -0.295193 0.465393 
1535171914091 0.243253 0.92323 -0.297446 -0.603459 -0.936753 0.303162 0.174891 -0.232555 0.251639 0.236091 0.938583 0.389064 0.252792 -0.266365 0.930132 0.426164 -0.964093 -0.150202 0.219008 -0.484305 0.0813718 -0.952097 -0.29477 0.465301 
1535171914098 0.244473 0.924572 -0.292231 -0.603732 -0.936903 0.3029 0.17454 -0.232552 0.249892 0.231122 0.940285 0.3886 0.253095 -0.265962 0.930165 0.425884 -0.964037 -0.149922 0.219444 -0.48436 0.0810887 -0.952254 -0.294342 0.465206 
1535171914108 0.245683 0.925887 -0.287006 -0.604005 -0.937052 0.30264 0.174189 -0.232548 0.248139 0.226145 0.941959 0.388135 0.253399 -0.26556 0.930197 0.425603 -0.963981 -0.149642 0.219881 -0.484416 0.0808051 -0.95241 -0.293914 0.46511 
1535171914255 0.246883 0.927175 -0.281772 -0.604279 -0.937201 0.302382 0.173835 -0.232545 0.246379 0.22116 0.943603 0.38767 0.253702 -0.265158 0.930229 0.425323 -0.963925 -0.149362 0.220317 -0.484472 0.0805221 -0.952566 -0.293486 0.465014 
1535171914318 0.248074 0.928435 -0.276529 -0.604552 -0.93735 0.302126 0.17348 -0.232542 0.244612 0.216169 0.945218 0.387206 0.254006 -0.264756 0.930261 0.425042 -0.963869 -0.149082 0.220753 -0.484528 0.080239 -0.952722 -0.293058 0.464919 
1535171914325 0.249254 0.929667 -0.271278 -0.604824 -0.937498 0.301872 0.173124 -0.232538 0.242838 0.21117 0.946803 0.386741 0.25431 -0.264354 0.930292 0.424761 -0.963812 -0.148801 0.22119 -0.484583 0.0799561 -0.952877 -0.292629 0.464823 
1535171914449 0.250425 0.930872 -0.266017 -0.605098 -0.937645 0.301619 0.172766 -0.232535 0.241058 0.206165 0.94836 0.386277 0.254614 -0.263952 0.930323 0.424481 -0.963755 -0.14852 0.221626 -0.484639 0.0796732 -0.953032 -0.292201 0.464727 
1535171914491 0.251586 0.932049 -0.260749 -0.60537 -0.937792 0.301369 0.172406 -0.232531 0.239272 0.201153 0.949888 0.385812 0.254918 -0.26355 0.930354 0.4242 -0.963698 -0.148239 0.222061 -0.484695 0.0793906 -0.953187 -0.291772 0.464631 
1535171914552 0.252738 0.933198 -0.255471 -0.605644 -0.937938 0.30112 0.172045 -0.232528 0.237479 0.196134 0.951386 0.385347 0.255222 -0.263149 0.930384 0.42392 -0.963641 -0.147958 0.222496 -0.48475 0.079108 -0.953342 -0.291343 0.464536 
1535171915222 0.252496 0.932987 -0.256477 -0.605611 -0.937956 0.301112 0.171959 -0.232539 0.237664 0.197145 0.951131 0.385396 0.25495 -0.263737 0.930292 0.424367 -0.963677 -0.14845 0.222014 -0.484625 0.0795489 -0.953103 -0.292004 0.464697 
1535171915233 0.251897 0.932129 -0.260162 -0.605404 -0.937887 0.301408 0.171816 -0.232529 0.23857 0.200722 0.950155 0.385742 0.255214 -0.263258 0.930355 0.424087 -0.963609 -0.148386 0.222348 -0.484674 0.0795165 -0.953245 -0.291548 0.464593 
1535171915320 0.251296 0.931256 -0.263843 -0.605193 -0.937818 0.301705 0.171672 -0.232517 0.239473 0.204297 0.949166 0.386088 0.255478 -0.262779 0.930418 0.423807 -0.963542 -0.148321 0.222683 -0.484723 0.0794838 -0.953388 -0.291092 0.464489 
1535171915341 0.25069 0.930369 -0.267521 -0.604982 -0.93775 0.302 0.171527 -0.232505 0.240375 0.207868 0.948162 0.386434 0.255742 -0.2623 0.930481 0.423527 -0.963475 -0.148255 0.223017 -0.484772 0.0794512 -0.95353 -0.290635 0.464385 
1535171915486 0.250082 0.929469 -0.271195 -0.604771 -0.937681 0.302296 0.17138 -0.232492 0.241274 0.211436 0.947144 0.386781 0.256005 -0.261822 0.930543 0.423246 -0.963407 -0.14819 0.223352 -0.484822 0.0794188 -0.953671 -0.290178 0.464281 
1535171915490 0.249469 0.928555 -0.274865 -0.604561 -0.937613 0.30259 0.171233 -0.232481 0.242171 0.215 0.946112 0.387127 0.25627 -0.261343 0.930605 0.422966 -0.96334 -0.148124 0.223686 -0.484871 0.0793863 -0.953813 -0.289722 0.464177 
1535171915522 0.248854 0.927627 -0.278531 -0.604349 -0.937545 0.302885 0.171084 -0.232468 0.243065 0.218561 0.945066 0.387474 0.256533 -0.260864 0.930667 0.422686 -0.963272 -0.148058 0.22402 -0.48492 0.0793542 -0.953954 -0.289265 0.464072 
1535171915710 0.248235 0.926686 -0.282193 -0.604138 -0.937478 0.303178 0.170934 -0.232456 0.243957 0.222118 0.944007 0.38782 0.256797 -0.260385 0.930728 0.422406 -0.963205 -0.147992 0.224355 -0.484969 0.0793221 -0.954095 -0.288808 0.463968 
1535171915744 0.247612 0.925731 -0.285851 -0.603928 -0.93741 0.303471 0.170783 -0.232445 0.244847 0.225671 0.942933 0.388166 0.25706 -0.259906 0.93079 0.422126 -0.963137 -0.147926 0.224688 -0.485018 0.0792902 -0.954236 -0.288351 0.463864 
1535171915840 0.246986 0.924762 -0.289504 -0.603716 -0.937343 0.303764 0.170631 -0.232432 0.245734 0.229221 0.941845 0.388513 0.257324 -0.259426 0.93085 0.421845 -0.963069 -0.14786 0.225022 -0.485067 0.0792584 -0.954377 -0.287893 0.46376 
1535171915964 0.249145 0.928931 -0.273887 -0.604714 -0.937778 0.302029 0.171318 -0.232324 0.241865 0.214163 0.94638 0.386921 0.256911 -0.260005 0.930803 0.422264 -0.96316 -0.148108 0.224471 -0.48501 0.0794958 -0.954181 -0.288477 0.463974 
1535171915977 0.248665 0.928386 -0.276161 -0.604594 -0.937643 0.302224 0.171717 -0.23235 0.242882 0.21624 0.945647 0.387126 0.257339 -0.25968 0.930776 0.421923 -0.962649 -0.152784 0.223525 -0.48483 0.0841622 -0.953532 -0.289298 0.463978 
1535171916123 0.248182 0.927837 -0.278433 -0.60447 -0.937507 0.302419 0.172115 -0.232373 0.243898 0.218317 0.944908 0.387331 0.257763 -0.259353 0.930749 0.421581 -0.962116 -0.157455 0.222575 -0.484648 0.0888259 -0.952861 -0.290114 0.463981 
1535171916168 0.247697 0.927282 -0.280704 -0.604346 -0.937371 0.302614 0.172512 -0.232397 0.244913 0.220393 0.944164 0.387537 0.258187 -0.259024 0.930723 0.421238 -0.961561 -0.162124 0.221622 -0.484465 0.0934871 -0.952167 -0.290926 0.463984 
1535171916306 0.247209 0.926722 -0.282973 -0.604222 -0.937234 0.302811 0.172909 -0.23242 0.245926 0.222467 0.943413 0.387742 0.258609 -0.258693 0.930698 0.420896 -0.960983 -0.166789 0.220664 -0.484282 0.0981457 -0.951451 -0.291732 0.463987 
1535171916449 0.246719 0.926158 -0.28524 -0.604099 -0.937097 0.303008 0.173305 -0.232444 0.246938 0.22454 0.942658 0.387948 0.259029 -0.25836 0.930674 0.420554 -0.960383 -0.17145 0.219703 -0.4841 0.102802 -0.950713 -0.292535 0.46399 
1535171916455 0.246227 0.925588 -0.287506 -0.603974 -0.93696 0.303207 0.173701 -0.232467 0.247949 0.226611 0.941896 0.388153 0.259448 -0.258025 0.93065 0.420211 -0.959761 -0.176107 0.218737 -0.483917 0.107455 -0.949952 -0.293333 0.463993 
1535171916565 0.245732 0.925013 -0.289769 -0.603851 -0.936822 0.303406 0.174096 -0.232491 0.248959 0.228681 0.941129 0.388359 0.259865 -0.257688 0.930627 0.419869 -0.959115 -0.180761 0.217768 -0.483735 0.112105 -0.949169 -0.294126 0.463996 
1535171916788 0.245235 0.924434 -0.292031 -0.603726 -0.936684 0.303607 0.17449 -0.232514 0.249967 0.23075 0.940357 0.388564 0.260281 -0.257349 0.930605 0.419526 -0.958448 -0.185411 0.216795 -0.483552 0.116752 -0.948364 -0.294914 0.463999 
1535171916893 0.244735 0.923849 -0.294291 -0.603602 -0.936545 0.303807 0.174884 -0.232538 0.250975 0.232817 0.939579 0.38877 0.260695 -0.257008 0.930583 0.419184 -0.957758 -0.190056 0.215819 -0.48337 0.121396 -0.947537 -0.295698 0.464002 
1535171917265 0.244822 0.924129 -0.293337 -0.603674 -0.936636 0.303605 0.17475 -0.232498 0.250551 0.231968 0.939902 0.388689 0.260684 -0.257053 0.930574 0.419371 -0.958003 -0.188158 0.216393 -0.483423 0.119471 -0.947903 -0.295308 0.463977 
1535171917278 0.244463 0.923636 -0.295186 -0.603589 -0.936624 0.30371 0.174628 -0.232481 0.250944 0.233788 0.939346 0.388848 0.261041 -0.256127 0.930729 0.419118 -0.957547 -0.190872 0.216037 -0.483363 0.122317 -0.947611 -0.295079 0.463886 
1535171917285 0.244103 0.923138 -0.297034 -0.603502 -0.936613 0.303816 0.174506 -0.232462 0.251337 0.235609 0.938785 0.389007 0.261396 -0.2552 0.930884 0.418865 -0.957082 -0.193584 0.215682 -0.483301 0.125163 -0.947311 -0.294849 0.463796 
1535171917509 0.243742 0.922637 -0.298882 -0.603411 -0.936601 0.303922 0.174384 -0.232442 0.25173 0.237429 0.938222 0.389167 0.261747 -0.254272 0.931039 0.418611 -0.95661 -0.196296 0.215327 -0.483239 0.128007 -0.947003 -0.294619 0.463705 
1535171917531 0.24338 0.922133 -0.300728 -0.603324 -0.93659 0.304027 0.174262 -0.232424 0.252122 0.239247 0.937654 0.389327 0.262097 -0.253343 0.931194 0.418357 -0.956129 -0.199006 0.214974 -0.483177 0.130851 -0.946686 -0.294387 0.463614 
1535171917686 0.243018 0.921624 -0.302574 -0.603234 -0.936579 0.304132 0.174139 -0.232404 0.252513 0.241065 0.937083 0.389487 0.262443 -0.252413 0.931349 0.418103 -0.955641 -0.201714 0.21462 -0.483115 0.133694 -0.946361 -0.294154 0.463523 
1535171917693 0.242655 0.921113 -0.304418 -0.603146 -0.936567 0.304237 0.174016 -0.232385 0.252903 0.242882 0.936509 0.389646 0.262787 -0.251481 0.931504 0.41785 -0.955144 -0.204422 0.214268 -0.483053 0.136535 -0.946028 -0.29392 0.463432 
1535171917783 0.242291 0.920597 -0.306261 -0.603056 -0.936556 0.304341 0.173893 -0.232366 0.253293 0.244698 0.93593 0.389806 0.263127 -0.250549 0.931659 0.417596 -0.95464 -0.207127 0.213916 -0.482991 0.139376 -0.945687 -0.293685 0.463341 
1535171917982 0.241927 0.920078 -0.308102 -0.602968 -0.936545 0.304446 0.17377 -0.232347 0.253682 0.246512 0.935349 0.389966 0.263466 -0.249616 0.931814 0.417342 -0.954128 -0.209832 0.213565 -0.482929 0.142215 -0.945337 -0.293449 0.46325 
1535171918096 0.241561 0.919556 -0.309943 -0.60288 -0.936534 0.30455 0.173646 -0.232328 0.25407 0.248326 0.934763 0.390125 0.263802 -0.248682 0.931969 0.417089 -0.953608 -0.212535 0.213215 -0.482867 0.145054 -0.944979 -0.293212 0.463159 
1535171918401 0.241759 0.919857 -0.308895 -0.602952 -0.936492 0.30453 0.173907 -0.232308 0.254038 0.247234 0.935062 0.390083 0.263767 -0.249184 0.931845 0.417287 -0.953817 -0.211331 0.213475 -0.482865 0.143734 -0.945117 -0.293418 0.463245 
1535171918413 0.241716 0.919779 -0.30916 -0.60294 -0.936412 0.304628 0.174166 -0.232322 0.254373 0.247403 0.934926 0.390109 0.264088 -0.249151 0.931763 0.417073 -0.953492 -0.212969 0.213299 -0.482841 0.145293 -0.944758 -0.293806 0.463294 
1535171918420 0.241674 0.9197 -0.309427 -0.602926 -0.936332 0.304727 0.174423 -0.232335 0.254707 0.247573 0.93479 0.390136 0.264408 -0.249118 0.931681 0.416856 -0.953165 -0.214606 0.213122 -0.482813 0.146851 -0.944396 -0.294194 0.463342 
1535171918433 0.241631 0.919622 -0.309692 -0.602912 -0.936252 0.304826 0.17468 -0.232348 0.255042 0.247742 0.934654 0.390162 0.264728 -0.249085 0.931599 0.416639 -0.952835 -0.216242 0.212945 -0.482786 0.148409 -0.944032 -0.294582 0.46339 
1535171918440 0.241588 0.919544 -0.309957 -0.602898 -0.936172 0.304924 0.174938 -0.232362 0.255376 0.247911 0.934518 0.390189 0.265048 -0.249051 0.931517 0.416423 -0.952502 -0.217877 0.212767 -0.48276 0.149966 -0.943665 -0.294969 0.463438 
1535171918446 0.241546 0.919466 -0.310223 -0.602884 -0.936092 0.305023 0.175195 -0.232375 0.255711 0.24808 0.934381 0.390215 0.265368 -0.249017 0.931435 0.416206 -0.952166 -0.219512 0.212588 -0.482732 0.151523 -0.943295 -0.295357 0.463485 
1535171918453 0.241503 0.919387 -0.310489 -0.60287 -0.936011 0.305122 0.175452 -0.232388 0.256045 0.248249 0.934245 0.390241 0.265688 -0.248982 0.931353 0.415989 -0.951828 -0.221146 0.212409 -0.482705 0.153079 -0.942922 -0.295743 0.463533 
1535171918460 0.241461 0.919309 -0.310755 -0.602855 -0.935931 0.305221 0.175709 -0.232401 0.25638 0.248418 0.934108 0.390268 0.266007 -0.248946 0.931271 0.415772 -0.951487 -0.222779 0.212229 -0.482676 0.154634 -0.942547 -0.29613 0.463581 
1535171918513 0.241418 0.91923 -0.31102 -0.602841 -0.93585 0.30532 0.175966 -0.232414 0.256714 0.248587 0.933971 0.390295 0.266327 -0.24891 0.931189 0.415556 -0.951144 -0.224412 0.212048 -0.48265 0.156189 -0.942169 -0.296516 0.463629 
1535171918611 0.241375 0.919152 -0.311285 -0.602827 -0.935769 0.305419 0.176223 -0.232427 0.257049 0.248756 0.933834 0.390321 0.266647 -0.248873 0.931108 0.415339 -0.950798 -0.226044 0.211867 -0.482623 0.157743 -0.941789 -0.296902 0.463677 
1535171918745 0.241653 0.919415 -0.31029 -0.602902 -0.936067 0.305135 0.175135 -0.232368 0.255702 0.24813 0.93437 0.390209 0.265739 -0.248913 0.931357 0.4161 -0.951913 -0.220537 0.212664 -0.482694 0.152464 -0.943083 -0.295549 0.463377 
1535171918752 0.241676 0.919293 -0.310634 -0.602879 -0.936039 0.305243 0.175091 -0.232367 0.255779 0.248451 0.934264 0.390241 0.266014 -0.248888 0.931285 0.415872 -0.951632 -0.221871 0.21253 -0.482685 0.153729 -0.942777 -0.29587 0.463415 
1535171918759 0.2417 0.91917 -0.310979 -0.602851 -0.936012 0.305352 0.175048 -0.232365 0.255857 0.248771 0.934158 0.390274 0.266288 -0.248861 0.931214 0.415642 -0.951351 -0.223203 0.212396 -0.482674 0.154993 -0.942469 -0.296191 0.463453 
1535171918775 0.241725 0.919047 -0.311323 -0.602824 -0.935985 0.305461 0.175004 -0.232362 0.255934 0.24909 0.934051 0.390306 0.266562 -0.248835 0.931142 0.415413 -0.951067 -0.224535 0.212262 -0.482663 0.156256 -0.94216 -0.296511 0.463491 
1535171918781 0.241749 0.918924 -0.311667 -0.602798 -0.935957 0.30557 0.17496 -0.232361 0.256011 0.24941 0.933945 0.390339 0.266835 -0.248808 0.931071 0.415184 -0.950782 -0.225867 0.212126 -0.482653 0.157519 -0.941849 -0.296831 0.463529 
1535171918873 0.241773 0.918801 -0.312011 -0.60277 -0.93593 0.305679 0.174916 -0.232358 0.256089 0.24973 0.933838 0.390372 0.267109 -0.24878 0.931 0.414954 -0.950495 -0.227198 0.21199 -0.482641 0.158782 -0.941536 -0.297151 0.463567 
1535171918899 0.241797 0.918678 -0.312355 -0.602742 -0.935902 0.305788 0.174873 -0.232355 0.256166 0.25005 0.933731 0.390405 0.267383 -0.248752 0.930929 0.414725 -0.950206 -0.228529 0.211855 -0.482629 0.160044 -0.941221 -0.297471 0.463604 
