1535113790268 0.248632 0.926582 -0.282184 -0.639785 -0.937587 0.303361 0.170011 -0.251764 0.243132 0.222301 0.944176 0.374326 0.149306 -0.118035 0.981721 0.377307 -0.9789 0.122433 0.163598 -0.492265 -0.139505 -0.985433 -0.0972642 0.438767 
1535113790281 0.24868 0.926561 -0.282212 -0.639891 -0.937563 0.303421 0.170031 -0.251773 0.243173 0.222308 0.944164 0.374281 0.149418 -0.117864 0.981724 0.377394 -0.978824 0.122869 0.163728 -0.492311 -0.139921 -0.985399 -0.0970096 0.438722 
1535113790307 0.248728 0.926539 -0.282239 -0.64 -0.93754 0.303481 0.17005 -0.251783 0.243212 0.222315 0.944152 0.374235 0.14953 -0.117695 0.981727 0.377482 -0.978747 0.123306 0.163859 -0.492359 -0.140338 -0.985365 -0.0967556 0.438676 
1535113790312 0.248776 0.926518 -0.282267 -0.64011 -0.937517 0.303541 0.170069 -0.251793 0.243252 0.222321 0.944141 0.374188 0.149642 -0.117525 0.981731 0.377569 -0.97867 0.123743 0.163989 -0.492407 -0.140755 -0.98533 -0.0965015 0.438631 
1535113790319 0.248824 0.926497 -0.282295 -0.64022 -0.937494 0.303602 0.170089 -0.251804 0.243292 0.222328 0.944129 0.374142 0.149754 -0.117356 0.981734 0.377657 -0.978593 0.124179 0.164119 -0.492456 -0.141171 -0.985295 -0.0962473 0.438586 
1535113790329 0.248871 0.926476 -0.282322 -0.640331 -0.937471 0.303662 0.170108 -0.251815 0.243331 0.222334 0.944117 0.374096 0.149866 -0.117187 0.981737 0.377745 -0.978516 0.124616 0.164249 -0.492504 -0.141588 -0.98526 -0.0959932 0.438541 
1535113790428 0.248919 0.926454 -0.28235 -0.640442 -0.937448 0.303722 0.170127 -0.251826 0.243371 0.222341 0.944105 0.37405 0.149978 -0.117017 0.98174 0.377832 -0.978438 0.125053 0.164379 -0.492553 -0.142005 -0.985225 -0.0957389 0.438496 
1535113790435 0.248967 0.926433 -0.282378 -0.640551 -0.937425 0.303782 0.170147 -0.251836 0.243411 0.222347 0.944094 0.374004 0.15009 -0.116848 0.981743 0.37792 -0.97836 0.12549 0.164509 -0.492601 -0.142422 -0.98519 -0.0954845 0.43845 
1535113790449 0.249015 0.926412 -0.282405 -0.640662 -0.937402 0.303842 0.170166 -0.251847 0.243451 0.222353 0.944082 0.373957 0.150203 -0.116679 0.981746 0.378007 -0.978282 0.125927 0.164639 -0.492649 -0.142838 -0.985154 -0.0952301 0.438405 
1535113790479 0.249063 0.92639 -0.282433 -0.640772 -0.937379 0.303902 0.170185 -0.251858 0.24349 0.22236 0.94407 0.373911 0.150316 -0.11651 0.981749 0.378095 -0.978204 0.126364 0.164769 -0.492697 -0.143255 -0.985118 -0.0949757 0.43836 
1535113807200 0.249206 0.926355 -0.282424 -0.64051 -0.937367 0.304015 0.170056 -0.251945 0.243393 0.222356 0.944096 0.374026 0.150047 -0.116973 0.981735 0.377905 -0.978455 0.124863 0.164423 -0.492464 -0.141816 -0.985255 -0.0957179 0.438552 
1535113807217 0.249214 0.92637 -0.282366 -0.640543 -0.937403 0.303976 0.169924 -0.251931 0.243245 0.222344 0.944137 0.373993 0.150103 -0.116956 0.981728 0.377937 -0.97839 0.12525 0.164514 -0.492501 -0.142203 -0.985207 -0.0956281 0.438528 
1535113807227 0.24922 0.926387 -0.282307 -0.640584 -0.937439 0.303937 0.169793 -0.251921 0.243097 0.22233 0.944179 0.373959 0.150145 -0.116967 0.981721 0.377968 -0.978334 0.125586 0.16459 -0.492536 -0.142542 -0.985163 -0.0955763 0.438506 
1535113807247 0.249227 0.926403 -0.282248 -0.640622 -0.937476 0.303898 0.169662 -0.251909 0.24295 0.222316 0.94422 0.373925 0.150186 -0.116977 0.981713 0.377999 -0.978279 0.125923 0.164665 -0.49257 -0.142882 -0.985119 -0.0955246 0.438483 
1535113807253 0.249234 0.926419 -0.282189 -0.640661 -0.937512 0.303859 0.169532 -0.251898 0.242803 0.222302 0.944261 0.373891 0.150227 -0.116988 0.981705 0.378029 -0.978222 0.126259 0.16474 -0.492604 -0.143222 -0.985075 -0.0954729 0.43846 
1535113807266 0.249241 0.926435 -0.28213 -0.640701 -0.937548 0.303819 0.169401 -0.251887 0.242655 0.222289 0.944302 0.373856 0.150269 -0.116999 0.981698 0.37806 -0.978166 0.126596 0.164816 -0.492638 -0.143562 -0.98503 -0.0954211 0.438438 
1535113807286 0.249248 0.926451 -0.282071 -0.640739 -0.937585 0.303781 0.16927 -0.251876 0.242508 0.222275 0.944343 0.373822 0.15031 -0.11701 0.98169 0.37809 -0.97811 0.126932 0.164891 -0.492672 -0.143902 -0.984986 -0.0953693 0.438415 
1535113807301 0.249255 0.926467 -0.282012 -0.640779 -0.937621 0.303741 0.169139 -0.251865 0.242361 0.222261 0.944384 0.373788 0.150351 -0.117021 0.981683 0.37812 -0.978054 0.127268 0.164966 -0.492706 -0.144242 -0.984941 -0.0953174 0.438393 
1535113807317 0.249262 0.926483 -0.281953 -0.640817 -0.937657 0.303702 0.169009 -0.251853 0.242213 0.222248 0.944425 0.373754 0.150392 -0.117031 0.981675 0.378151 -0.977997 0.127605 0.165042 -0.49274 -0.144581 -0.984896 -0.0952655 0.43837 
1535113807328 0.249269 0.926499 -0.281894 -0.640857 -0.937693 0.303663 0.168878 -0.251843 0.242066 0.222234 0.944466 0.37372 0.150433 -0.117042 0.981667 0.378181 -0.977941 0.127941 0.165116 -0.492774 -0.144921 -0.984851 -0.0952137 0.438347 
1535113821917 0.249372 0.926316 -0.282405 -0.640613 -0.937321 0.304171 0.170028 -0.251946 0.243399 0.222304 0.944107 0.37403 0.150272 -0.11694 0.981704 0.378014 -0.978257 0.125981 0.164751 -0.492542 -0.142942 -0.985116 -0.0954656 0.438536 
1535113821927 0.250062 0.926498 -0.281194 -0.640655 -0.937255 0.3045 0.169801 -0.251924 0.242944 0.22109 0.944509 0.373986 0.1506 -0.118257 0.981496 0.378081 -0.978156 0.126069 0.165278 -0.492697 -0.143282 -0.984948 -0.0966881 0.43887 
1535113821944 0.250751 0.926679 -0.279982 -0.6407 -0.937189 0.304829 0.169574 -0.251904 0.242488 0.219875 0.94491 0.373942 0.15093 -0.119574 0.981286 0.37815 -0.978056 0.126157 0.165806 -0.492856 -0.143622 -0.984777 -0.0979095 0.439205 
