1533293001308 0.000305662 0.979741 -0.200267 -0.574782 -0.997676 0.0139453 0.0667 -0.220876 0.0681415 0.199781 0.977468 0.38474 1 0 0 0 0 1 0 0 0 0 1 1.306 
1533293001321 0.0151115 0.977555 -0.210139 -0.57788 -0.995869 0.0335336 0.0843815 -0.22116 0.0895343 0.207996 0.974023 0.384554 0.31324 -0.3866 0.867422 0.38619 -0.93126 -0.304042 0.200784 -0.500187 0.186109 -0.870689 -0.455263 0.505382 
1533293001327 0.0296929 0.974991 -0.220251 -0.580978 -0.993375 0.053256 0.101829 -0.221445 0.111012 0.215768 0.970114 0.384367 0.316244 -0.384866 0.867103 0.400217 -0.929998 -0.306258 0.20325 -0.50405 0.187333 -0.87068 -0.454777 0.486145 
1533293001342 0.0440385 0.972053 -0.230595 -0.584077 -0.990196 0.0730971 0.119029 -0.221731 0.132558 0.223093 0.965742 0.38418 0.316258 -0.384857 0.867102 0.400837 -0.929992 -0.306267 0.203261 -0.504368 0.187338 -0.870681 -0.454774 0.485921 
1533293001359 0.0581371 0.968741 -0.241164 -0.587175 -0.986335 0.0930414 0.135968 -0.222016 0.154156 0.229964 0.960912 0.383992 0.316239 -0.384881 0.867098 0.400855 -0.93 -0.306257 0.203241 -0.504361 0.187331 -0.870674 -0.45479 0.485943 
1533293001375 0.0719777 0.96506 -0.251949 -0.590274 -0.981793 0.113073 0.152632 -0.222301 0.175788 0.236376 0.955628 0.383805 0.316214 -0.384899 0.867099 0.400827 -0.930009 -0.306245 0.203216 -0.504329 0.187327 -0.87067 -0.454799 0.48594 
1533293001392 0.0855495 0.961011 -0.262942 -0.593372 -0.976576 0.133178 0.169009 -0.222586 0.197437 0.242324 0.949893 0.383618 0.3162 -0.384907 0.867101 0.400798 -0.930014 -0.306239 0.203202 -0.504306 0.187326 -0.870669 -0.454801 0.485923 
1533293001408 0.098842 0.956598 -0.274135 -0.59647 -0.970686 0.153338 0.185086 -0.222871 0.219088 0.247804 0.943713 0.38343 0.316197 -0.384904 0.867103 0.400778 -0.930014 -0.30624 0.2032 -0.504292 0.187329 -0.87067 -0.454799 0.485903 
1533293001425 0.111845 0.951824 -0.285519 -0.59956 -0.964128 0.17354 0.20085 -0.223155 0.240723 0.252813 0.93709 0.383243 0.3162 -0.384895 0.867106 0.400765 -0.930012 -0.306246 0.203202 -0.504277 0.187337 -0.870672 -0.454792 0.485883 
1533293001442 0.124549 0.946695 -0.29708 -0.602543 -0.956917 0.193757 0.216258 -0.223418 0.262291 0.257347 0.930041 0.383044 0.316122 -0.384928 0.86712 0.400678 -0.93004 -0.30621 0.203129 -0.504142 0.18733 -0.87067 -0.454798 0.485851 
1533293001498 0.000746412 0.979645 -0.200737 -0.574954 -0.997583 0.0146778 0.0679219 -0.220696 0.0694857 0.200201 0.977288 0.384672 1 0 0 0 0 1 0 0 0 0 1 1.306 
1533293001510 0.0154963 0.977455 -0.210573 -0.578034 -0.995753 0.0341998 0.0854726 -0.220998 0.0907472 0.208354 0.973834 0.384493 0.31324 -0.3866 0.867422 0.38619 -0.93126 -0.304042 0.200784 -0.500187 0.186109 -0.870689 -0.455263 0.505382 
1533293001527 0.0300246 0.974892 -0.220646 -0.581116 -0.993244 0.0538542 0.10279 -0.221301 0.112092 0.216069 0.969922 0.384312 0.316244 -0.384866 0.867103 0.400217 -0.929998 -0.306258 0.20325 -0.50405 0.187333 -0.87068 -0.454777 0.486145 
1533293001543 0.0443194 0.971956 -0.230949 -0.584197 -0.990057 0.0736254 0.119861 -0.221605 0.133504 0.223341 0.965555 0.384132 0.316258 -0.384857 0.867102 0.400837 -0.929992 -0.306267 0.203261 -0.504368 0.187338 -0.870681 -0.454774 0.485921 
1533293001560 0.0583692 0.96865 -0.241474 -0.587279 -0.986194 0.0934977 0.136674 -0.221908 0.154967 0.230162 0.960734 0.383951 0.316239 -0.384881 0.867098 0.400855 -0.93 -0.306257 0.203241 -0.504361 0.187331 -0.870674 -0.45479 0.485943 
1533293001577 0.0721637 0.964977 -0.252213 -0.59036 -0.981658 0.113456 0.153214 -0.222211 0.176464 0.23653 0.955465 0.383771 0.316214 -0.384899 0.867099 0.400827 -0.930009 -0.306245 0.203216 -0.504329 0.187327 -0.87067 -0.454799 0.48594 
1533293001593 0.0856921 0.96094 -0.263157 -0.593441 -0.976454 0.133486 0.16947 -0.222514 0.197978 0.242439 0.949752 0.38359 0.3162 -0.384907 0.867101 0.400798 -0.930014 -0.306239 0.203202 -0.504306 0.187326 -0.870669 -0.454801 0.485923 
1533293001610 0.098944 0.956541 -0.274299 -0.596522 -0.970584 0.15357 0.185427 -0.222817 0.219493 0.247883 0.943598 0.38341 0.316197 -0.384904 0.867103 0.400778 -0.930014 -0.30624 0.2032 -0.504292 0.187329 -0.87067 -0.454799 0.485903 
1533293001627 0.111909 0.951783 -0.285631 -0.599594 -0.964053 0.173695 0.201075 -0.223119 0.240992 0.252861 0.937008 0.38323 0.3162 -0.384895 0.867106 0.400765 -0.930012 -0.306246 0.203202 -0.504277 0.187337 -0.870672 -0.454792 0.485883 
1533293001643 0.124579 0.946673 -0.297138 -0.602561 -0.956876 0.193835 0.21637 -0.2234 0.262427 0.257369 0.929996 0.383037 0.316122 -0.384928 0.86712 0.400678 -0.93004 -0.30621 0.203129 -0.504142 0.18733 -0.87067 -0.454798 0.485851 
1533293001703 0.0122672 0.977285 -0.211573 -0.578383 -0.995504 0.0318107 0.089218 -0.219604 0.0939218 0.209527 0.973282 0.384029 1 0 0 0 0 1 0 0 0 0 1 1.306 
1533293001713 0.0256531 0.975044 -0.220527 -0.581121 -0.993286 0.0497538 0.104438 -0.220016 0.112803 0.216367 0.969774 0.383914 0.313239 -0.3866 0.867422 0.38619 -0.93126 -0.304042 0.200784 -0.500187 0.186109 -0.870689 -0.455263 0.505382 
1533293001731 0.038856 0.972493 -0.229667 -0.583859 -0.990522 0.0677881 0.119459 -0.220428 0.131742 0.222849 0.96591 0.383798 0.316244 -0.384866 0.867103 0.400217 -0.929998 -0.306258 0.203249 -0.50405 0.187333 -0.87068 -0.454777 0.486145 
1533293001747 0.0518678 0.969636 -0.238989 -0.586598 -0.987214 0.0859026 0.134273 -0.220841 0.150725 0.228969 0.961694 0.383681 0.316258 -0.384857 0.867102 0.400837 -0.929992 -0.306267 0.203261 -0.504368 0.187338 -0.870681 -0.454774 0.485921 
1533293001763 0.0646805 0.966473 -0.248486 -0.589336 -0.983364 0.104086 0.148869 -0.221253 0.169742 0.234723 0.957127 0.383565 0.316239 -0.384881 0.867098 0.400855 -0.93 -0.306257 0.203241 -0.504361 0.187331 -0.870674 -0.45479 0.485943 
1533293001770 0.0772861 0.963008 -0.258153 -0.592075 -0.978974 0.122327 0.163239 -0.221665 0.18878 0.240109 0.952213 0.383449 0.316214 -0.384899 0.867099 0.400827 -0.930009 -0.306245 0.203216 -0.504329 0.187327 -0.87067 -0.454799 0.48594 
1533293001784 0.0896769 0.959241 -0.267984 -0.594813 -0.974046 0.140614 0.177374 -0.222078 0.207827 0.245122 0.946955 0.383333 0.3162 -0.384907 0.867101 0.400798 -0.930014 -0.306239 0.203202 -0.504306 0.187326 -0.870669 -0.454801 0.485923 
1533293001801 0.101845 0.955175 -0.277972 -0.597551 -0.968585 0.158936 0.191267 -0.22249 0.226873 0.24976 0.941355 0.383217 0.316197 -0.384904 0.867103 0.400778 -0.930014 -0.30624 0.2032 -0.504292 0.187329 -0.87067 -0.454799 0.485903 
1533293001807 0.113783 0.950812 -0.288113 -0.600282 -0.962593 0.177283 0.204906 -0.222901 0.245904 0.254021 0.935417 0.383101 0.3162 -0.384895 0.867106 0.400765 -0.930012 -0.306246 0.203202 -0.504277 0.187337 -0.870672 -0.454792 0.485883 
1533293001821 0.125484 0.946158 -0.298395 -0.602917 -0.956081 0.195633 0.218257 -0.223293 0.264881 0.257902 0.929152 0.382973 0.316122 -0.384928 0.86712 0.400678 -0.93004 -0.30621 0.203129 -0.504143 0.18733 -0.87067 -0.454798 0.485851 
1533293001869 0.0346234 0.973547 -0.225848 -0.582891 -0.991473 0.061867 0.114689 -0.220646 0.125627 0.219952 0.967388 0.384224 1 0 0 0 0 1 0 0 0 0 1 1.306 
1533293001881 0.0455235 0.971259 -0.233633 -0.585178 -0.988904 0.0769213 0.127088 -0.220954 0.141407 0.225255 0.963983 0.384089 0.313239 -0.3866 0.867422 0.38619 -0.93126 -0.304042 0.200784 -0.500186 0.186109 -0.870689 -0.455263 0.505382 
1533293001897 0.0562873 0.968757 -0.24154 -0.587466 -0.985959 0.0920287 0.139341 -0.221262 0.157216 0.230305 0.960335 0.383953 0.316244 -0.384866 0.867103 0.400217 -0.929998 -0.306258 0.203249 -0.50405 0.187333 -0.87068 -0.454777 0.486145 
1533293001914 0.0669101 0.966043 -0.249567 -0.589754 -0.982638 0.107182 0.15144 -0.22157 0.173046 0.235102 0.956442 0.383818 0.316258 -0.384857 0.867102 0.400837 -0.929992 -0.306267 0.203261 -0.504368 0.187338 -0.870681 -0.454774 0.485921 
1533293001935 0.0773871 0.963118 -0.257711 -0.592041 -0.978944 0.122376 0.163379 -0.221878 0.188891 0.239641 0.952309 0.383682 0.316239 -0.384881 0.867098 0.400855 -0.93 -0.306257 0.203241 -0.504361 0.187331 -0.870674 -0.45479 0.485943 
1533293001951 0.0877134 0.959983 -0.265967 -0.594329 -0.974878 0.137602 0.175155 -0.222187 0.204744 0.243922 0.947936 0.383546 0.316214 -0.384899 0.867099 0.400827 -0.930009 -0.306245 0.203216 -0.504329 0.187327 -0.87067 -0.454799 0.48594 
1533293001968 0.0978856 0.95664 -0.274334 -0.596617 -0.970441 0.152855 0.186761 -0.222495 0.220596 0.247944 0.943325 0.383411 0.3162 -0.384907 0.867101 0.400798 -0.930014 -0.306239 0.203202 -0.504306 0.187326 -0.870669 -0.454801 0.485922 
1533293001985 0.107899 0.953089 -0.282806 -0.598904 -0.965636 0.168128 0.198192 -0.222803 0.236442 0.251703 0.938478 0.383275 0.316197 -0.384904 0.867103 0.400778 -0.930014 -0.30624 0.2032 -0.504292 0.187329 -0.87067 -0.454799 0.485903 
1533293002003 0.117748 0.949333 -0.291381 -0.601185 -0.960464 0.183414 0.209445 -0.22311 0.252277 0.2552 0.933397 0.38314 0.3162 -0.384895 0.867106 0.400765 -0.930012 -0.306246 0.203202 -0.504277 0.187337 -0.870672 -0.454792 0.485883 
1533293002018 0.12743 0.945373 -0.300051 -0.603388 -0.954935 0.1987 0.220491 -0.223402 0.268067 0.258433 0.928091 0.382995 0.316122 -0.384928 0.86712 0.400679 -0.93004 -0.30621 0.20313 -0.504143 0.18733 -0.87067 -0.454798 0.485852 
1533293002077 0.0666936 0.9666 -0.247462 -0.588896 -0.983815 0.105046 0.145165 -0.222867 0.166311 0.233775 0.957961 0.384112 1 0 0 0 0 1 0 0 0 0 1 1.306 
1533293002088 0.0740962 0.964535 -0.253341 -0.590583 -0.981222 0.115878 0.154193 -0.222953 0.178081 0.237159 0.955009 0.383988 0.313239 -0.3866 0.867422 0.386189 -0.93126 -0.304042 0.200784 -0.500186 0.186109 -0.870689 -0.455263 0.505382 
1533293002105 0.0814185 0.962364 -0.259281 -0.59227 -0.97843 0.12673 0.163136 -0.223039 0.189855 0.240406 0.951924 0.383864 0.316244 -0.384866 0.867103 0.400217 -0.929998 -0.306258 0.203249 -0.50405 0.187334 -0.87068 -0.454777 0.486145 
1533293002121 0.0886598 0.960086 -0.265281 -0.593957 -0.975441 0.137601 0.171993 -0.223125 0.201631 0.243517 0.948707 0.383739 0.316258 -0.384857 0.867102 0.400836 -0.929992 -0.306267 0.203261 -0.504368 0.187338 -0.870681 -0.454774 0.485921 
1533293002138 0.0958183 0.957703 -0.271338 -0.595644 -0.972254 0.148488 0.180761 -0.223211 0.213405 0.246489 0.945358 0.383615 0.316239 -0.384881 0.867098 0.400855 -0.93 -0.306257 0.203241 -0.504361 0.187331 -0.870674 -0.454789 0.485943 
1533293002155 0.102892 0.955214 -0.277452 -0.597332 -0.96887 0.159387 0.189438 -0.223298 0.225176 0.249323 0.941878 0.38349 0.316214 -0.384899 0.867099 0.400827 -0.930009 -0.306245 0.203216 -0.504329 0.187327 -0.87067 -0.454799 0.48594 
1533293002171 0.10988 0.95262 -0.283621 -0.599019 -0.96529 0.170298 0.198023 -0.223384 0.236941 0.252018 0.938268 0.383366 0.3162 -0.384907 0.867101 0.400798 -0.930014 -0.306239 0.203202 -0.504306 0.187326 -0.870669 -0.454801 0.485922 
1533293002188 0.11678 0.949922 -0.289844 -0.600706 -0.961516 0.181217 0.206512 -0.22347 0.248695 0.254573 0.934528 0.383241 0.316197 -0.384904 0.867103 0.400778 -0.930014 -0.30624 0.2032 -0.504292 0.187329 -0.87067 -0.454799 0.485903 
1533293002205 0.123591 0.947121 -0.29612 -0.602388 -0.957547 0.192143 0.214906 -0.223555 0.260439 0.256989 0.93066 0.383117 0.3162 -0.384895 0.867106 0.400765 -0.930012 -0.306246 0.203202 -0.504277 0.187337 -0.870672 -0.454792 0.485883 
1533293002221 0.130312 0.944217 -0.302444 -0.604012 -0.95339 0.203066 0.223183 -0.22363 0.27215 0.259264 0.92667 0.382986 0.316123 -0.384928 0.86712 0.400679 -0.93004 -0.30621 0.20313 -0.504144 0.18733 -0.87067 -0.454798 0.485852 
1533293002290 0.0944187 0.95884 -0.26779 -0.594256 -0.974603 0.143894 0.171589 -0.224151 0.20306 0.244788 0.948075 0.384056 1 0 0 0 0 1 0 0 0 0 1 1.306 
1533293002301 0.0988476 0.957267 -0.271788 -0.595407 -0.972439 0.150882 0.177755 -0.224109 0.211167 0.246727 0.945798 0.383937 0.313239 -0.3866 0.867422 0.386189 -0.93126 -0.304042 0.200784 -0.500186 0.18611 -0.870689 -0.455263 0.505382 
1533293002318 0.103238 0.955652 -0.27581 -0.596558 -0.970187 0.157877 0.183881 -0.224066 0.21927 0.248604 0.94346 0.383819 0.316244 -0.384866 0.867103 0.400217 -0.929998 -0.306258 0.203249 -0.50405 0.187334 -0.87068 -0.454777 0.486145 
1533293002335 0.107589 0.953994 -0.279855 -0.597709 -0.967847 0.164879 0.189967 -0.224024 0.22737 0.250419 0.94106 0.3837 0.316258 -0.384857 0.867102 0.400836 -0.929992 -0.306267 0.203261 -0.504368 0.187338 -0.870681 -0.454774 0.485921 
1533293002351 0.111902 0.952294 -0.283925 -0.598861 -0.965419 0.171885 0.196012 -0.223982 0.235464 0.252173 0.938598 0.383581 0.316239 -0.384881 0.867098 0.400855 -0.93 -0.306257 0.203241 -0.504361 0.187331 -0.870674 -0.454789 0.485943 
1533293002368 0.116176 0.950552 -0.288018 -0.600012 -0.962905 0.178897 0.202016 -0.22394 0.243552 0.253865 0.936074 0.383462 0.316214 -0.384899 0.867099 0.400827 -0.930009 -0.306245 0.203216 -0.504329 0.187327 -0.87067 -0.454799 0.48594 
1533293002385 0.12041 0.948767 -0.292135 -0.601163 -0.960303 0.185912 0.207978 -0.223898 0.251634 0.255495 0.93349 0.383343 0.3162 -0.384907 0.867101 0.400798 -0.930014 -0.306239 0.203202 -0.504306 0.187326 -0.870669 -0.454801 0.485922 
1533293002402 0.124603 0.94694 -0.296273 -0.602314 -0.957615 0.192931 0.213897 -0.223855 0.259708 0.257063 0.930844 0.383224 0.316197 -0.384904 0.867103 0.400778 -0.930014 -0.30624 0.2032 -0.504292 0.187329 -0.87067 -0.454799 0.485903 
1533293002418 0.128756 0.945072 -0.300435 -0.603462 -0.95484 0.199953 0.219773 -0.223812 0.267774 0.25857 0.928137 0.383106 0.316201 -0.384895 0.867106 0.400765 -0.930012 -0.306246 0.203202 -0.504277 0.187337 -0.870672 -0.454792 0.485883 
1533293002435 0.132869 0.943162 -0.304617 -0.604568 -0.951982 0.206973 0.225594 -0.223762 0.275819 0.260015 0.925373 0.382984 0.316123 -0.384928 0.86712 0.40068 -0.93004 -0.30621 0.20313 -0.504145 0.18733 -0.87067 -0.454798 0.485852 
1533293002471 0.115904 0.950806 -0.287286 -0.599135 -0.964724 0.176595 0.195246 -0.225115 0.236375 0.254522 0.937734 0.383801 1 0 0 0 0 1 0 0 0 0 1 1.306 
1533293002485 0.118213 0.949536 -0.29053 -0.599353 -0.963228 0.180746 0.198803 -0.225026 0.241283 0.256346 0.935986 0.383255 0.313239 -0.3866 0.867422 0.386189 -0.93126 -0.304042 0.200784 -0.500185 0.18611 -0.870689 -0.455263 0.505382 
1533293002502 0.120504 0.948247 -0.293781 -0.599571 -0.961701 0.184903 0.202342 -0.224938 0.246191 0.258146 0.934211 0.382709 0.316244 -0.384866 0.867103 0.400216 -0.929998 -0.306258 0.203249 -0.504049 0.187334 -0.87068 -0.454777 0.486145 
1533293002518 0.122777 0.94694 -0.297037 -0.599789 -0.960144 0.189064 0.205862 -0.224849 0.251098 0.259924 0.932411 0.382163 0.316258 -0.384857 0.867102 0.400836 -0.929992 -0.306267 0.203261 -0.504368 0.187338 -0.870681 -0.454774 0.485921 
1533293002535 0.125031 0.945615 -0.300299 -0.600007 -0.958556 0.19323 0.209364 -0.22476 0.256004 0.261677 0.930584 0.381617 0.316239 -0.384881 0.867098 0.400855 -0.93 -0.306257 0.203241 -0.504361 0.187331 -0.870674 -0.454789 0.485943 
1533293002551 0.127266 0.944273 -0.303567 -0.600224 -0.956938 0.197399 0.212847 -0.224671 0.260909 0.263407 0.928732 0.381071 0.316214 -0.384899 0.867099 0.400827 -0.930009 -0.306245 0.203216 -0.504329 0.187327 -0.87067 -0.454799 0.48594 
1533293002568 0.129483 0.942912 -0.30684 -0.600442 -0.95529 0.201573 0.21631 -0.224583 0.265812 0.265113 0.926854 0.380525 0.3162 -0.384907 0.867101 0.400798 -0.930014 -0.306239 0.203202 -0.504306 0.187326 -0.870669 -0.454801 0.485922 
1533293002585 0.13168 0.941534 -0.310119 -0.60066 -0.953611 0.205751 0.219755 -0.224494 0.270714 0.266796 0.924951 0.379979 0.316197 -0.384904 0.867103 0.400778 -0.930014 -0.30624 0.2032 -0.504292 0.187329 -0.87067 -0.454799 0.485903 
1533293002601 0.133858 0.940139 -0.313403 -0.600879 -0.951903 0.209932 0.223181 -0.224405 0.275614 0.268455 0.923022 0.379433 0.316201 -0.384895 0.867106 0.400765 -0.930012 -0.306246 0.203202 -0.504277 0.187337 -0.870672 -0.454792 0.485883 
1533293002618 0.136017 0.938727 -0.316687 -0.601111 -0.950167 0.214113 0.226581 -0.224318 0.280504 0.270086 0.92107 0.378887 0.316123 -0.384928 0.86712 0.40068 -0.93004 -0.30621 0.20313 -0.504145 0.18733 -0.87067 -0.454798 0.485852 
1533293002644 0.126158 0.946579 -0.296769 -0.601647 -0.958892 0.193016 0.208018 -0.225235 0.254187 0.258326 0.932017 0.383573 1 0 0 0 0 1 0 0 0 0 1 1.306 
1533293002655 0.12745 0.945404 -0.299947 -0.601597 -0.957885 0.195779 0.210066 -0.225093 0.25732 0.260542 0.93054 0.383117 0.313239 -0.3866 0.867422 0.386189 -0.93126 -0.304042 0.200784 -0.500185 0.18611 -0.870689 -0.455263 0.505382 
1533293002671 0.12859 0.944261 -0.303045 -0.601535 -0.956925 0.198357 0.212013 -0.224931 0.260306 0.262729 0.929093 0.382665 0.316244 -0.384866 0.867103 0.400216 -0.929998 -0.306258 0.203249 -0.504049 0.187334 -0.87068 -0.454777 0.486145 
1533293002688 0.12972 0.943106 -0.306143 -0.601473 -0.955955 0.200938 0.21395 -0.224769 0.263293 0.264905 0.927633 0.382212 0.316258 -0.384857 0.867102 0.400836 -0.929992 -0.306267 0.203261 -0.504368 0.187338 -0.870681 -0.454774 0.485921 
1533293002705 0.13084 0.941941 -0.309239 -0.601411 -0.954974 0.203523 0.215876 -0.224607 0.26628 0.26707 0.926158 0.381759 0.316239 -0.384881 0.867098 0.400855 -0.93 -0.306257 0.203241 -0.504361 0.187331 -0.870674 -0.454789 0.485943 
1533293002721 0.13195 0.940763 -0.312336 -0.601349 -0.953983 0.206111 0.217793 -0.224444 0.269267 0.269226 0.924669 0.381307 0.316214 -0.384899 0.867099 0.400827 -0.930009 -0.306245 0.203216 -0.504329 0.187327 -0.87067 -0.454799 0.48594 
1533293002738 0.133048 0.939575 -0.315432 -0.601287 -0.952982 0.208703 0.219699 -0.224282 0.272255 0.27137 0.923166 0.380854 0.3162 -0.384907 0.867101 0.400798 -0.930014 -0.306239 0.203202 -0.504306 0.187326 -0.870669 -0.454801 0.485922 
1533293002755 0.134136 0.938375 -0.318527 -0.601225 -0.951971 0.211299 0.221595 -0.22412 0.275244 0.273505 0.921649 0.380401 0.316197 -0.384904 0.867103 0.400778 -0.930014 -0.30624 0.2032 -0.504292 0.187329 -0.87067 -0.454799 0.485903 
1533293002771 0.135213 0.937164 -0.321621 -0.601166 -0.950949 0.213898 0.223481 -0.223958 0.278233 0.275628 0.920117 0.379948 0.316201 -0.384895 0.867106 0.400765 -0.930012 -0.306246 0.203202 -0.504277 0.187337 -0.870672 -0.454792 0.485883 
1533293002788 0.136279 0.935945 -0.324707 -0.601138 -0.949918 0.216496 0.225355 -0.223804 0.281218 0.277734 0.918575 0.37949 0.316123 -0.384928 0.86712 0.40068 -0.93004 -0.30621 0.20313 -0.504145 0.18733 -0.87067 -0.454798 0.485852 
1533293002846 0.130728 0.943742 -0.303746 -0.601649 -0.956029 0.201127 0.213441 -0.225636 0.262525 0.262487 0.928537 0.381814 1 0 0 0 0 1 0 0 0 0 1 1.306 
1533293002858 0.131237 0.943244 -0.30507 -0.601557 -0.955655 0.202207 0.214093 -0.225471 0.263629 0.263445 0.927953 0.381578 0.313239 -0.3866 0.867422 0.386189 -0.93126 -0.304042 0.200784 -0.500185 0.18611 -0.870689 -0.455263 0.505382 
1533293002875 0.131745 0.942744 -0.306395 -0.601465 -0.95528 0.203288 0.214742 -0.225306 0.264734 0.264402 0.927366 0.381342 0.316244 -0.384866 0.867103 0.400216 -0.929998 -0.306258 0.203249 -0.504049 0.187334 -0.87068 -0.454777 0.486145 
1533293002891 0.13225 0.942241 -0.307719 -0.601373 -0.954903 0.20437 0.215391 -0.22514 0.265838 0.265357 0.926777 0.381106 0.316258 -0.384857 0.867102 0.400836 -0.929992 -0.306267 0.203261 -0.504368 0.187338 -0.870681 -0.454774 0.485921 
1533293002908 0.132754 0.941737 -0.309043 -0.601281 -0.954525 0.205452 0.216037 -0.224975 0.266944 0.26631 0.926186 0.38087 0.316239 -0.384881 0.867098 0.400855 -0.93 -0.306257 0.203241 -0.504361 0.187331 -0.870674 -0.454789 0.485943 
1533293002925 0.133256 0.941231 -0.310367 -0.601189 -0.954145 0.206534 0.216682 -0.22481 0.268049 0.267261 0.925592 0.380635 0.316214 -0.384899 0.867099 0.400827 -0.930009 -0.306245 0.203216 -0.504329 0.187327 -0.87067 -0.454799 0.48594 
1533293002941 0.133756 0.940722 -0.311692 -0.601097 -0.953764 0.207617 0.217325 -0.224645 0.269155 0.268212 0.924996 0.380399 0.3162 -0.384907 0.867101 0.400798 -0.930014 -0.306239 0.203202 -0.504306 0.187326 -0.870669 -0.454801 0.485922 
1533293002958 0.134255 0.940211 -0.313015 -0.601005 -0.953381 0.208701 0.217966 -0.22448 0.270261 0.26916 0.924398 0.380163 0.316197 -0.384904 0.867103 0.400778 -0.930014 -0.30624 0.2032 -0.504292 0.187329 -0.87067 -0.454799 0.485903 
1533293002975 0.134752 0.939698 -0.314339 -0.600915 -0.952996 0.209785 0.218606 -0.224315 0.271367 0.270106 0.923798 0.379927 0.316201 -0.384895 0.867106 0.400765 -0.930012 -0.306246 0.203202 -0.504277 0.187337 -0.870672 -0.454792 0.485883 
1533293002991 0.135246 0.939185 -0.315658 -0.600843 -0.952611 0.210867 0.219244 -0.224156 0.272472 0.271047 0.923197 0.379688 0.316123 -0.384928 0.86712 0.40068 -0.93004 -0.30621 0.20313 -0.504145 0.18733 -0.87067 -0.454798 0.485852 
1533293003017 0.133254 0.93989 -0.314405 -0.601783 -0.95339 0.208221 0.218386 -0.224584 0.270724 0.27065 0.923827 0.380738 1 0 0 0 0 1 0 0 0 0 1 1.306 
1533293003028 0.133604 0.939595 -0.315138 -0.601684 -0.953323 0.208735 0.218185 -0.224388 0.270785 0.271278 0.923625 0.38059 0.313239 -0.3866 0.867422 0.386189 -0.93126 -0.304042 0.200784 -0.500185 0.18611 -0.870689 -0.455263 0.505382 
1533293003035 0.133955 0.939298 -0.315872 -0.601584 -0.953257 0.209249 0.217982 -0.224193 0.270846 0.271907 0.923422 0.380442 0.316244 -0.384866 0.867103 0.400216 -0.929998 -0.306258 0.203249 -0.504049 0.187334 -0.87068 -0.454777 0.486145 
1533293003048 0.134305 0.939001 -0.316605 -0.601485 -0.95319 0.209764 0.21778 -0.223997 0.270908 0.272536 0.923219 0.380294 0.316258 -0.384857 0.867102 0.400836 -0.929992 -0.306267 0.203261 -0.504368 0.187338 -0.870681 -0.454774 0.485921 
1533293003065 0.134655 0.938704 -0.317338 -0.601386 -0.953123 0.210277 0.217577 -0.223802 0.270969 0.273165 0.923015 0.380146 0.316239 -0.384881 0.867098 0.400855 -0.93 -0.306257 0.203241 -0.504361 0.187331 -0.870674 -0.454789 0.485943 
1533293003082 0.135005 0.938405 -0.318071 -0.601287 -0.953056 0.210791 0.217373 -0.223606 0.271031 0.273793 0.922811 0.379999 0.316214 -0.384899 0.867099 0.400827 -0.930009 -0.306245 0.203216 -0.504329 0.187327 -0.87067 -0.454799 0.48594 
1533293003098 0.135355 0.938106 -0.318804 -0.601187 -0.952989 0.211305 0.217169 -0.22341 0.271093 0.274422 0.922606 0.379851 0.3162 -0.384907 0.867101 0.400798 -0.930014 -0.306239 0.203202 -0.504306 0.187326 -0.870669 -0.454801 0.485922 
1533293003115 0.135705 0.937806 -0.319536 -0.601088 -0.952921 0.211818 0.216965 -0.223215 0.271155 0.27505 0.9224 0.379703 0.316197 -0.384904 0.867103 0.400778 -0.930014 -0.30624 0.2032 -0.504292 0.187329 -0.87067 -0.454799 0.485903 
1533293003132 0.136055 0.937506 -0.320269 -0.60099 -0.952854 0.212332 0.21676 -0.22302 0.271217 0.275678 0.922195 0.379555 0.316201 -0.384895 0.867106 0.400765 -0.930012 -0.306246 0.203202 -0.504277 0.187337 -0.870672 -0.454792 0.485883 
1533293003148 0.136403 0.937206 -0.320997 -0.600907 -0.952786 0.212843 0.216558 -0.222832 0.271281 0.276302 0.921989 0.379404 0.316123 -0.384928 0.86712 0.40068 -0.93004 -0.30621 0.20313 -0.504145 0.18733 -0.87067 -0.454798 0.485852 
1533293003174 0.133736 0.938932 -0.31705 -0.601786 -0.952922 0.209687 0.219023 -0.224242 0.272129 0.272833 0.922772 0.380352 1 0 0 0 0 1 0 0 0 0 1 1.306 
1533293003185 0.134048 0.938773 -0.31739 -0.601679 -0.953093 0.209841 0.218131 -0.224065 0.271377 0.273262 0.922866 0.380243 0.313239 -0.3866 0.867422 0.386189 -0.93126 -0.304042 0.200784 -0.500185 0.18611 -0.870689 -0.455263 0.505382 
1533293003202 0.134361 0.938613 -0.31773 -0.601572 -0.953262 0.209996 0.217239 -0.223887 0.270625 0.273692 0.92296 0.380134 0.316244 -0.384866 0.867103 0.400216 -0.929998 -0.306258 0.203249 -0.504049 0.187334 -0.87068 -0.454777 0.486145 
1533293003218 0.134675 0.938453 -0.31807 -0.601465 -0.953431 0.21015 0.216346 -0.22371 0.269873 0.274122 0.923052 0.380024 0.316258 -0.384857 0.867102 0.400836 -0.929992 -0.306267 0.203261 -0.504368 0.187338 -0.870681 -0.454774 0.485921 
1533293003235 0.134988 0.938293 -0.31841 -0.601358 -0.9536 0.210304 0.215453 -0.223532 0.269121 0.274552 0.923144 0.379915 0.316239 -0.384881 0.867098 0.400855 -0.93 -0.306257 0.203241 -0.504361 0.187331 -0.870674 -0.454789 0.485943 
1533293003252 0.135302 0.938132 -0.318749 -0.601252 -0.953767 0.210457 0.21456 -0.223355 0.268369 0.274982 0.923235 0.379806 0.316214 -0.384899 0.867099 0.400827 -0.930009 -0.306245 0.203216 -0.504329 0.187327 -0.87067 -0.454799 0.48594 
1533293003268 0.135616 0.937972 -0.319088 -0.601145 -0.953934 0.210611 0.213666 -0.223178 0.267616 0.275413 0.923325 0.379697 0.3162 -0.384907 0.867101 0.400798 -0.930014 -0.306239 0.203202 -0.504306 0.187326 -0.870669 -0.454801 0.485922 
1533293003285 0.13593 0.937811 -0.319427 -0.601038 -0.9541 0.210763 0.212773 -0.223 0.266864 0.275843 0.923415 0.379588 0.316197 -0.384904 0.867103 0.400778 -0.930014 -0.30624 0.2032 -0.504292 0.187329 -0.87067 -0.454799 0.485903 
1533293003302 0.136245 0.93765 -0.319765 -0.600932 -0.954265 0.210916 0.211878 -0.222823 0.266111 0.276273 0.923503 0.379478 0.316201 -0.384895 0.867106 0.400765 -0.930012 -0.306246 0.203202 -0.504277 0.187337 -0.870672 -0.454792 0.485883 
1533293003319 0.136558 0.93749 -0.3201 -0.600839 -0.954429 0.211066 0.210988 -0.222655 0.265361 0.276701 0.923591 0.379367 0.316123 -0.384928 0.86712 0.40068 -0.93004 -0.30621 0.20313 -0.504145 0.18733 -0.87067 -0.454798 0.485852 
1533293003346 0.135785 0.938269 -0.318141 -0.601293 -0.952754 0.211727 0.217789 -0.22324 0.271704 0.273538 0.922688 0.380044 1 0 0 0 0 1 0 0 0 0 1 1.306 
1533293003359 0.135953 0.938104 -0.318555 -0.601187 -0.953033 0.211673 0.216615 -0.223113 0.270637 0.274144 0.922822 0.380146 0.313239 -0.3866 0.867422 0.386189 -0.93126 -0.304042 0.200784 -0.500185 0.18611 -0.870689 -0.455263 0.505382 
1533293003375 0.136122 0.937939 -0.318969 -0.60108 -0.953311 0.211619 0.215441 -0.222986 0.269571 0.274751 0.922954 0.380247 0.316244 -0.384866 0.867103 0.400216 -0.929998 -0.306258 0.203249 -0.504049 0.187334 -0.87068 -0.454777 0.486145 
1533293003392 0.136291 0.937773 -0.319383 -0.600974 -0.953588 0.211564 0.214267 -0.222859 0.268504 0.275358 0.923084 0.380349 0.316258 -0.384857 0.867102 0.400836 -0.929992 -0.306267 0.203261 -0.504368 0.187338 -0.870681 -0.454774 0.485921 
1533293003408 0.136461 0.937608 -0.319797 -0.600867 -0.953864 0.211508 0.213093 -0.222732 0.267437 0.275964 0.923213 0.380451 0.316239 -0.384881 0.867098 0.400855 -0.93 -0.306257 0.203241 -0.504361 0.187331 -0.870674 -0.454789 0.485943 
1533293003425 0.136631 0.937442 -0.32021 -0.600761 -0.954138 0.211451 0.211918 -0.222605 0.26637 0.27657 0.92334 0.380553 0.316214 -0.384899 0.867099 0.400827 -0.930009 -0.306245 0.203216 -0.504329 0.187327 -0.87067 -0.454799 0.48594 
1533293003442 0.136802 0.937276 -0.320624 -0.600654 -0.954411 0.211394 0.210743 -0.222477 0.265302 0.277177 0.923465 0.380654 0.3162 -0.384907 0.867101 0.400798 -0.930014 -0.306239 0.203202 -0.504306 0.187326 -0.870669 -0.454801 0.485922 
1533293003458 0.136973 0.93711 -0.321036 -0.600548 -0.954683 0.211335 0.209568 -0.22235 0.264234 0.277783 0.923589 0.380756 0.316197 -0.384904 0.867103 0.400778 -0.930014 -0.30624 0.2032 -0.504292 0.187329 -0.87067 -0.454799 0.485903 
1533293003475 0.137145 0.936943 -0.321449 -0.600442 -0.954953 0.211277 0.208392 -0.222224 0.263166 0.278389 0.923712 0.380857 0.316201 -0.384895 0.867106 0.400765 -0.930012 -0.306246 0.203202 -0.504277 0.187337 -0.870672 -0.454792 0.485883 
1533293003492 0.137315 0.936778 -0.321857 -0.600351 -0.955221 0.211215 0.207221 -0.222106 0.262101 0.27899 0.923833 0.380952 0.316123 -0.384928 0.86712 0.40068 -0.93004 -0.30621 0.20313 -0.504145 0.18733 -0.87067 -0.454798 0.485852 
1533293003527 0.135704 0.937879 -0.319323 -0.601022 -0.953966 0.2107 0.213433 -0.222732 0.267455 0.27566 0.923298 0.379719 1 0 0 0 0 1 0 0 0 0 1 1.306 
1533293003538 0.135614 0.937631 -0.320089 -0.600913 -0.954196 0.210566 0.212536 -0.222658 0.26668 0.276605 0.92324 0.379877 0.313239 -0.3866 0.867422 0.386189 -0.93126 -0.304042 0.200784 -0.500185 0.18611 -0.870689 -0.455263 0.505382 
1533293003555 0.135525 0.937382 -0.320855 -0.600803 -0.954426 0.21043 0.211639 -0.222585 0.265904 0.27755 0.92318 0.380034 0.316244 -0.384866 0.867103 0.400216 -0.929998 -0.306258 0.203249 -0.504049 0.187334 -0.87068 -0.454777 0.486145 
1533293003572 0.135435 0.937132 -0.321622 -0.600694 -0.954654 0.210294 0.210742 -0.222511 0.265128 0.278496 0.923118 0.380192 0.316258 -0.384857 0.867102 0.400836 -0.929992 -0.306267 0.203261 -0.504368 0.187338 -0.870681 -0.454774 0.485921 
1533293003588 0.135347 0.936882 -0.322388 -0.600584 -0.954882 0.210156 0.209844 -0.222438 0.264351 0.27944 0.923056 0.380349 0.316239 -0.384881 0.867098 0.400855 -0.93 -0.306257 0.203241 -0.504361 0.187331 -0.870674 -0.454789 0.485943 
1533293003605 0.135259 0.936631 -0.323153 -0.600475 -0.955109 0.210017 0.208947 -0.222364 0.263574 0.280385 0.922991 0.380507 0.316214 -0.384899 0.867099 0.400827 -0.930009 -0.306245 0.203216 -0.504329 0.187327 -0.87067 -0.454799 0.48594 
1533293003622 0.135172 0.936379 -0.323919 -0.600365 -0.955336 0.209879 0.20805 -0.222291 0.262797 0.281329 0.922925 0.380665 0.3162 -0.384907 0.867101 0.400798 -0.930014 -0.306239 0.203202 -0.504306 0.187326 -0.870669 -0.454801 0.485922 
1533293003638 0.135085 0.936126 -0.324685 -0.600256 -0.955561 0.209738 0.207153 -0.222218 0.26202 0.282273 0.922858 0.380822 0.316197 -0.384904 0.867103 0.400778 -0.930014 -0.30624 0.2032 -0.504292 0.187329 -0.87067 -0.454799 0.485903 
1533293003655 0.134999 0.935873 -0.32545 -0.600148 -0.955786 0.209597 0.206256 -0.222144 0.261242 0.283216 0.92279 0.380979 0.316201 -0.384895 0.867106 0.400765 -0.930012 -0.306246 0.203202 -0.504277 0.187337 -0.870672 -0.454792 0.485883 
1533293003672 0.134912 0.93562 -0.32621 -0.600056 -0.95601 0.209453 0.205362 -0.222079 0.260467 0.284154 0.922721 0.381127 0.316123 -0.384928 0.86712 0.40068 -0.93004 -0.30621 0.20313 -0.504145 0.18733 -0.87067 -0.454798 0.485852 
1533293003699 0.136208 0.937301 -0.320803 -0.600624 -0.954827 0.210533 0.209717 -0.222151 0.264108 0.277747 0.923636 0.380584 1 0 0 0 0 1 0 0 0 0 1 1.306 
1533293003712 0.135961 0.937026 -0.32171 -0.600526 -0.954981 0.210381 0.20917 -0.222138 0.263679 0.278787 0.923445 0.380782 0.313239 -0.3866 0.867422 0.386189 -0.93126 -0.304042 0.200784 -0.500185 0.18611 -0.870689 -0.455263 0.505382 
1533293003728 0.135714 0.93675 -0.322616 -0.600428 -0.955135 0.210227 0.20862 -0.222126 0.263248 0.279829 0.923253 0.380979 0.316244 -0.384866 0.867103 0.400216 -0.929998 -0.306258 0.203249 -0.504049 0.187334 -0.87068 -0.454777 0.486145 
1533293003745 0.135468 0.936473 -0.323522 -0.60033 -0.955288 0.210072 0.208072 -0.222113 0.262816 0.28087 0.92306 0.381177 0.316258 -0.384857 0.867102 0.400836 -0.929992 -0.306267 0.203261 -0.504368 0.187338 -0.870681 -0.454774 0.485921 
1533293003762 0.135222 0.936195 -0.324428 -0.600232 -0.955442 0.209916 0.207523 -0.2221 0.262385 0.28191 0.922866 0.381374 0.316239 -0.384881 0.867098 0.400855 -0.93 -0.306257 0.203241 -0.504361 0.187331 -0.870674 -0.454789 0.485943 
1533293003778 0.134976 0.935917 -0.325333 -0.600134 -0.955595 0.20976 0.206974 -0.222087 0.261953 0.28295 0.92267 0.381572 0.316214 -0.384899 0.867099 0.400827 -0.930009 -0.306245 0.203216 -0.504329 0.187327 -0.87067 -0.454799 0.48594 
1533293003795 0.134731 0.935637 -0.326239 -0.600036 -0.955748 0.209604 0.206426 -0.222075 0.26152 0.28399 0.922473 0.38177 0.3162 -0.384907 0.867101 0.400798 -0.930014 -0.306239 0.203202 -0.504306 0.187326 -0.870669 -0.454801 0.485922 
1533293003802 0.134486 0.935356 -0.327144 -0.599938 -0.955901 0.209446 0.205877 -0.222062 0.261088 0.285029 0.922275 0.381967 0.316197 -0.384904 0.867103 0.400778 -0.930014 -0.30624 0.2032 -0.504292 0.187329 -0.87067 -0.454799 0.485903 
1533293003815 0.134242 0.935074 -0.328049 -0.599842 -0.956053 0.209289 0.205329 -0.22205 0.260655 0.286068 0.922076 0.382164 0.316201 -0.384895 0.867106 0.400765 -0.930012 -0.306246 0.203202 -0.504277 0.187337 -0.870672 -0.454792 0.485883 
1533293003832 0.133997 0.934793 -0.328948 -0.599761 -0.956205 0.209129 0.204784 -0.222043 0.260223 0.287102 0.921877 0.382352 0.316123 -0.384928 0.86712 0.40068 -0.93004 -0.30621 0.20313 -0.504145 0.18733 -0.87067 -0.454798 0.485852 
1533293003858 0.134702 0.936405 -0.324039 -0.600396 -0.955527 0.209334 0.207722 -0.221917 0.262344 0.281647 0.922958 0.380799 1 0 0 0 0 1 0 0 0 0 1 1.306 
1533293003869 0.134594 0.936191 -0.324702 -0.600325 -0.955672 0.20924 0.207145 -0.221917 0.261867 0.282428 0.922854 0.380947 0.313239 -0.3866 0.867422 0.386189 -0.93126 -0.304042 0.200784 -0.500185 0.18611 -0.870689 -0.455263 0.505382 
1533293003885 0.134488 0.935976 -0.325365 -0.600253 -0.955818 0.209146 0.206567 -0.221917 0.26139 0.283209 0.92275 0.381095 0.316244 -0.384866 0.867103 0.400216 -0.929998 -0.306258 0.203249 -0.504049 0.187334 -0.87068 -0.454777 0.486145 
1533293003902 0.134381 0.93576 -0.326028 -0.600182 -0.955963 0.209051 0.20599 -0.221917 0.260913 0.28399 0.922645 0.381244 0.316258 -0.384857 0.867102 0.400836 -0.929992 -0.306267 0.203261 -0.504368 0.187338 -0.870681 -0.454774 0.485921 
1533293003919 0.134276 0.935544 -0.326692 -0.60011 -0.956108 0.208957 0.205412 -0.221917 0.260436 0.284771 0.922539 0.381392 0.316239 -0.384881 0.867098 0.400855 -0.93 -0.306257 0.203241 -0.504361 0.187331 -0.870674 -0.454789 0.485943 
1533293003935 0.13417 0.935327 -0.327355 -0.600039 -0.956253 0.208861 0.204834 -0.221917 0.259959 0.285552 0.922433 0.38154 0.316214 -0.384899 0.867099 0.400827 -0.930009 -0.306245 0.203216 -0.504329 0.187327 -0.87067 -0.454799 0.48594 
1533293003952 0.134065 0.93511 -0.328018 -0.599968 -0.956398 0.208766 0.204256 -0.221918 0.259481 0.286332 0.922325 0.381688 0.3162 -0.384907 0.867101 0.400798 -0.930014 -0.306239 0.203202 -0.504306 0.187326 -0.870669 -0.454801 0.485922 
1533293003969 0.13396 0.934892 -0.328681 -0.599896 -0.956542 0.208669 0.203679 -0.221918 0.259003 0.287112 0.922217 0.381836 0.316197 -0.384904 0.867103 0.400778 -0.930014 -0.30624 0.2032 -0.504292 0.187329 -0.87067 -0.454799 0.485903 
1533293003975 0.133855 0.934674 -0.329344 -0.599826 -0.956686 0.208572 0.203101 -0.221918 0.258525 0.287892 0.922108 0.381984 0.316201 -0.384895 0.867106 0.400765 -0.930012 -0.306246 0.203202 -0.504277 0.187337 -0.870672 -0.454792 0.485883 
1533293003985 0.13375 0.934457 -0.330002 -0.599768 -0.956829 0.208474 0.202526 -0.221923 0.258049 0.288668 0.921999 0.382125 0.316123 -0.384928 0.86712 0.40068 -0.93004 -0.30621 0.20313 -0.504145 0.18733 -0.87067 -0.454798 0.485852 
1533293004043 0.133657 0.935564 -0.326888 -0.60015 -0.956024 0.208611 0.206154 -0.221795 0.261063 0.284959 0.922304 0.381472 1 0 0 0 0 1 0 0 0 0 1 1.306 
1533293004055 0.133549 0.935341 -0.327571 -0.600087 -0.956151 0.208538 0.205639 -0.221811 0.260653 0.285745 0.922177 0.381594 0.313239 -0.3866 0.867422 0.386189 -0.93126 -0.304042 0.200784 -0.500185 0.18611 -0.870689 -0.455263 0.505382 
1533293004072 0.13344 0.935116 -0.328255 -0.600024 -0.956278 0.208464 0.205122 -0.221827 0.260242 0.286532 0.922048 0.381715 0.316244 -0.384866 0.867103 0.400216 -0.929998 -0.306258 0.203249 -0.504049 0.187334 -0.87068 -0.454777 0.486145 
1533293004089 0.133331 0.934892 -0.328938 -0.599961 -0.956405 0.208389 0.204606 -0.221844 0.259832 0.287318 0.92192 0.381837 0.316258 -0.384857 0.867102 0.400836 -0.929992 -0.306267 0.203261 -0.504368 0.187338 -0.870681 -0.454774 0.485921 
1533293004106 0.133223 0.934666 -0.329623 -0.599898 -0.956532 0.208314 0.20409 -0.22186 0.259421 0.288105 0.92179 0.381958 0.316239 -0.384881 0.867098 0.400855 -0.93 -0.306257 0.203241 -0.504361 0.187331 -0.870674 -0.454789 0.485943 
1533293004122 0.133115 0.93444 -0.330306 -0.599836 -0.956658 0.208239 0.203573 -0.221876 0.25901 0.288891 0.921659 0.38208 0.316214 -0.384899 0.867099 0.400827 -0.930009 -0.306245 0.203216 -0.504329 0.187327 -0.87067 -0.454799 0.48594 
1533293004139 0.133007 0.934214 -0.330989 -0.599773 -0.956784 0.208163 0.203057 -0.221892 0.258598 0.289677 0.921528 0.382201 0.3162 -0.384907 0.867101 0.400798 -0.930014 -0.306239 0.203202 -0.504306 0.187326 -0.870669 -0.454801 0.485922 
1533293004156 0.1329 0.933987 -0.331672 -0.59971 -0.95691 0.208087 0.202541 -0.221908 0.258187 0.290463 0.921396 0.382322 0.316197 -0.384904 0.867103 0.400778 -0.930014 -0.30624 0.2032 -0.504292 0.187329 -0.87067 -0.454799 0.485903 
1533293004172 0.132793 0.933759 -0.332355 -0.599648 -0.957036 0.20801 0.202024 -0.221925 0.257775 0.291249 0.921263 0.382444 0.316201 -0.384895 0.867106 0.400765 -0.930012 -0.306246 0.203202 -0.504277 0.187337 -0.870672 -0.454792 0.485883 
1533293004189 0.132685 0.933532 -0.333035 -0.599597 -0.957161 0.207932 0.20151 -0.221945 0.257365 0.29203 0.921131 0.382558 0.316123 -0.384928 0.86712 0.40068 -0.93004 -0.30621 0.20313 -0.504145 0.18733 -0.87067 -0.454798 0.485852 
1533293004214 0.133057 0.934573 -0.329953 -0.600013 -0.956733 0.208033 0.203432 -0.221791 0.258763 0.288609 0.921817 0.381808 1 0 0 0 0 1 0 0 0 0 1 1.306 
1533293004225 0.133104 0.934438 -0.330316 -0.599971 -0.956857 0.20801 0.202869 -0.221802 0.258278 0.289062 0.921811 0.381875 0.313239 -0.3866 0.867422 0.386189 -0.93126 -0.304042 0.200784 -0.500185 0.18611 -0.870689 -0.455263 0.505382 
1533293004242 0.133152 0.934303 -0.330679 -0.599929 -0.956981 0.207987 0.202307 -0.221813 0.257793 0.289516 0.921804 0.381943 0.316244 -0.384866 0.867103 0.400216 -0.929998 -0.306258 0.203249 -0.504049 0.187334 -0.87068 -0.454777 0.486145 
1533293004259 0.133201 0.934167 -0.331043 -0.599888 -0.957105 0.207964 0.201744 -0.221823 0.257307 0.28997 0.921797 0.38201 0.316258 -0.384857 0.867102 0.400836 -0.929992 -0.306267 0.203261 -0.504368 0.187338 -0.870681 -0.454774 0.485921 
1533293004275 0.13325 0.934031 -0.331407 -0.599846 -0.957229 0.207941 0.201181 -0.221834 0.256822 0.290425 0.92179 0.382077 0.316239 -0.384881 0.867098 0.400855 -0.93 -0.306257 0.203241 -0.504361 0.187331 -0.870674 -0.454789 0.485943 
1533293004292 0.133298 0.933895 -0.33177 -0.599804 -0.957352 0.207917 0.200618 -0.221845 0.256336 0.290879 0.921782 0.382145 0.316214 -0.384899 0.867099 0.400827 -0.930009 -0.306245 0.203216 -0.504329 0.187327 -0.87067 -0.454799 0.48594 
1533293004309 0.133347 0.933759 -0.332133 -0.599762 -0.957475 0.207892 0.200055 -0.221856 0.255851 0.291332 0.921773 0.382212 0.3162 -0.384907 0.867101 0.400798 -0.930014 -0.306239 0.203202 -0.504306 0.187326 -0.870669 -0.454801 0.485922 
1533293004325 0.133397 0.933623 -0.332497 -0.59972 -0.957598 0.207868 0.199492 -0.221867 0.255365 0.291786 0.921764 0.382279 0.316197 -0.384904 0.867103 0.400778 -0.930014 -0.30624 0.2032 -0.504292 0.187329 -0.87067 -0.454799 0.485903 
1533293004342 0.133446 0.933486 -0.332859 -0.599679 -0.95772 0.207844 0.198929 -0.221878 0.25488 0.29224 0.921755 0.382346 0.316201 -0.384895 0.867106 0.400765 -0.930012 -0.306246 0.203202 -0.504277 0.187337 -0.870672 -0.454792 0.485883 
1533293004359 0.133495 0.933351 -0.33322 -0.599645 -0.957842 0.207818 0.198368 -0.221892 0.254396 0.292691 0.921745 0.382409 0.316123 -0.384928 0.86712 0.40068 -0.93004 -0.30621 0.20313 -0.504145 0.18733 -0.87067 -0.454798 0.485852 
1533293004383 0.13243 0.933781 -0.332439 -0.599882 -0.95701 0.207776 0.202386 -0.221753 0.258057 0.291346 0.921154 0.382119 1 0 0 0 0 1 0 0 0 0 1 1.306 
1533293004396 0.132564 0.933718 -0.332562 -0.59985 -0.957031 0.207884 0.20218 -0.22178 0.257913 0.29147 0.921155 0.382157 0.313239 -0.3866 0.867422 0.386189 -0.93126 -0.304042 0.200784 -0.500185 0.18611 -0.870689 -0.455263 0.505382 
1533293004402 0.132697 0.933656 -0.332684 -0.599818 -0.957051 0.207991 0.201974 -0.221806 0.25777 0.291594 0.921156 0.382196 0.316244 -0.384866 0.867103 0.400216 -0.929998 -0.306258 0.203249 -0.504049 0.187334 -0.87068 -0.454777 0.486145 
1533293004416 0.132832 0.933593 -0.332806 -0.599787 -0.957071 0.208098 0.201769 -0.221833 0.257626 0.291718 0.921156 0.382234 0.316258 -0.384857 0.867102 0.400836 -0.929992 -0.306267 0.203261 -0.504368 0.187338 -0.870681 -0.454774 0.485921 
