1533062313793 0.275657 0.633204 -0.723233 -0.604483 -0.8825 0.464965 0.0707247 -0.181741 0.381061 0.618757 0.686973 0.426588 -0.114699 -0.166078 0.979419 0.245809 -0.987991 -0.0836749 -0.129892 -0.516636 0.103525 -0.982556 -0.154486 0.477631 
1533062313807 0.300885 -0.138768 0.94351 0.225257 -0.922898 -0.291628 0.25142 -0.486344 0.240265 -0.946412 -0.215815 0.468712 -0.100498 -0.154174 0.982919 0.25829 -0.989103 -0.091346 -0.115459 -0.511149 0.107587 -0.983812 -0.143314 0.472454 
1533062314367 0.242825 0.102786 0.964609 0.16152 -0.925174 -0.274468 0.262144 -0.435487 0.291699 -0.956087 0.0284473 0.461493 -0.0863293 -0.142143 0.986074 0.270769 -0.989973 -0.0988385 -0.100918 -0.505635 0.111807 -0.984899 -0.132185 0.467283 
1533062314930 0.185198 0.340052 0.921991 0.0634542 -0.926148 -0.25329 0.279452 -0.39584 0.328559 -0.905654 0.26803 0.437571 -0.0721949 -0.129986 0.988884 0.283248 -0.990601 -0.106149 -0.0862731 -0.500119 0.116183 -0.985818 -0.121101 0.462113 
1533062315501 0.10875 0.566676 0.816732 -0.0100478 -0.933954 -0.223137 0.279178 -0.393705 0.340446 -0.793151 0.504984 0.453534 -0.0581004 -0.117708 0.991347 0.295727 -0.990986 -0.113274 -0.0715288 -0.494602 0.120713 -0.986567 -0.110066 0.456942 
1533062316063 0.0372286 0.750403 0.659931 -0.0983862 -0.940161 -0.197521 0.277637 -0.379776 0.33869 -0.630778 0.698146 0.44936 -0.0440512 -0.105314 0.993463 0.308205 -0.991128 -0.120211 -0.0566909 -0.489086 0.125396 -0.987147 -0.0990841 0.451772 
1533062316644 -0.0276972 0.888256 0.458513 -0.198397 -0.946596 -0.170708 0.273524 -0.355415 0.321231 -0.42645 0.845548 0.440017 -0.0300528 -0.0928084 0.99523 0.320684 -0.991028 -0.126958 -0.0417651 -0.48357 0.130229 -0.987557 -0.0881603 0.446602 
1533062317202 -0.0860491 0.970276 0.226186 -0.298191 -0.953826 -0.145805 0.262596 -0.330411 0.28777 -0.193145 0.938021 0.431334 -0.0161103 -0.0801964 0.996649 0.333162 -0.990686 -0.133512 -0.0267571 -0.478054 0.13521 -0.987797 -0.0772986 0.441432 
1533062317209 -0.133997 0.990741 -0.0218345 -0.397711 -0.961333 -0.124607 0.245585 -0.305255 0.240591 0.0538979 0.969129 0.423196 -0.00222861 -0.067484 0.997718 0.345635 -0.990101 -0.13987 -0.0116722 -0.472532 0.140338 -0.987868 -0.0665042 0.436267 
1533062317765 -0.168044 0.948351 -0.269057 -0.493233 -0.968646 -0.108188 0.223654 -0.280336 0.182994 0.298205 0.936796 0.414798 0.011622 -0.0547256 0.998434 0.35788 -0.989276 -0.146013 0.00351222 -0.466999 0.145592 -0.987768 -0.0558357 0.431285 
1533062318511 -0.168044 0.948351 -0.269057 -0.493233 -0.968646 -0.108188 0.223654 -0.280336 0.182994 0.298205 0.936796 0.414798 0.0116079 -0.0547618 0.998432 0.357826 -0.989283 -0.145972 0.00349533 -0.467024 0.145551 -0.987772 -0.0558693 0.431302 
1533062318525 0.280754 -0.144149 0.948893 0.287767 -0.928413 -0.291475 0.230416 -0.485425 0.243364 -0.945655 -0.215663 0.482453 0.0129823 -0.0534665 0.998485 0.359103 -0.989186 -0.146582 0.00501229 -0.46647 0.146092 -0.987752 -0.0547913 0.430764 
1533062318752 0.230218 0.100587 0.967927 0.201888 -0.928641 -0.274625 0.249413 -0.456571 0.290905 -0.956276 0.0301852 0.47316 0.0143565 -0.0521701 0.998535 0.360379 -0.989086 -0.147191 0.00653037 -0.465915 0.146635 -0.987731 -0.0537139 0.430226 
1533062318759 0.170645 0.342906 0.92374 0.101622 -0.930795 -0.251472 0.265298 -0.431197 0.323267 -0.905084 0.276262 0.465824 0.0157298 -0.0508727 0.998581 0.361656 -0.988985 -0.147798 0.00804909 -0.465361 0.147179 -0.987708 -0.0526372 0.429689 
1533062318982 0.105023 0.564008 0.819064 0.00121004 -0.934666 -0.225325 0.275005 -0.405891 0.339661 -0.794433 0.503495 0.457314 0.0171024 -0.0495744 0.998624 0.362932 -0.988881 -0.148403 0.00956841 -0.464807 0.147725 -0.987684 -0.0515612 0.429151 
1533062319287 0.0375018 0.749589 0.66084 -0.0987905 -0.940025 -0.197903 0.277826 -0.380798 0.339037 -0.631625 0.697211 0.447833 0.0184742 -0.0482751 0.998663 0.364209 -0.988774 -0.149006 0.0110884 -0.464252 0.148272 -0.987657 -0.0504859 0.428613 
1533062319511 -0.0276228 0.888121 0.458779 -0.198535 -0.946572 -0.170761 0.273572 -0.355532 0.321307 -0.426711 0.845387 0.439595 0.0198452 -0.0469747 0.998699 0.365486 -0.988665 -0.149607 0.0126089 -0.463698 0.14882 -0.987629 -0.0494113 0.428075 
1533062319737 -0.0860291 0.970274 0.226203 -0.298229 -0.953825 -0.145793 0.262606 -0.330328 0.287779 -0.193166 0.938014 0.431354 0.0212148 -0.0456741 0.998731 0.366762 -0.988554 -0.150206 0.0141293 -0.463144 0.14937 -0.987599 -0.0483379 0.427537 
1533062320023 -0.134011 0.990739 -0.0218391 -0.39775 -0.961334 -0.12462 0.245575 -0.305195 0.240579 0.0539045 0.969132 0.423216 0.0225843 -0.0443724 0.99876 0.368038 -0.98844 -0.150803 0.0156511 -0.462589 0.149922 -0.987567 -0.0472653 0.427 
1533062320249 -0.168354 0.948258 -0.26919 -0.493437 -0.968609 -0.10847 0.223675 -0.280353 0.182902 0.298396 0.936753 0.414454 0.0239567 -0.043075 0.998785 0.36929 -0.988324 -0.151396 0.0171764 -0.462032 0.150472 -0.987534 -0.046199 0.426482 
1533062320491 -0.168354 0.948258 -0.26919 -0.493437 -0.968609 -0.10847 0.223675 -0.280353 0.182902 0.298396 0.936753 0.414454 0.0240409 -0.0431469 0.998779 0.369332 -0.988361 -0.151144 0.0172607 -0.461976 0.150215 -0.98757 -0.0462783 0.426397 
1533062320504 0.280859 -0.144209 0.948853 0.288043 -0.928369 -0.291562 0.230484 -0.483957 0.243412 -0.945619 -0.215767 0.481725 0.0241686 -0.0430083 0.998782 0.369458 -0.988346 -0.151229 0.017404 -0.461926 0.150296 -0.987563 -0.0461621 0.42635 
1533062320701 0.230386 0.100464 0.967899 0.201489 -0.928601 -0.274647 0.249539 -0.456577 0.2909 -0.956282 0.0300163 0.473433 0.0242967 -0.0428704 0.998785 0.369584 -0.98833 -0.151313 0.0175476 -0.461877 0.150377 -0.987556 -0.0460465 0.426302 
1533062320887 0.170718 0.342841 0.92375 0.101414 -0.930775 -0.251486 0.265353 -0.431262 0.323285 -0.905105 0.276175 0.465959 0.0244248 -0.0427325 0.998788 0.36971 -0.988315 -0.151398 0.0176912 -0.461827 0.150459 -0.987549 -0.0459311 0.426255 
1533062321018 0.105057 0.563969 0.819086 0.00111857 -0.934654 -0.225339 0.275033 -0.40593 0.339682 -0.794457 0.503442 0.457344 0.0245529 -0.0425945 0.998791 0.369836 -0.988299 -0.151483 0.0178348 -0.461778 0.15054 -0.987542 -0.0458155 0.426208 
1533062321177 0.0375184 0.749587 0.660842 -0.0987623 -0.940026 -0.19789 0.277833 -0.380778 0.339034 -0.631632 0.697207 0.447783 0.0246809 -0.0424565 0.998793 0.369962 -0.988283 -0.151568 0.0179784 -0.461728 0.150621 -0.987535 -0.0456998 0.42616 
1533062321338 -0.027607 0.888123 0.458776 -0.198487 -0.946571 -0.170749 0.273585 -0.355503 0.321313 -0.426711 0.845385 0.439569 0.0248088 -0.0423183 0.998796 0.370088 -0.988268 -0.151652 0.0181219 -0.461678 0.150703 -0.987528 -0.0455841 0.426113 
1533062321473 -0.0860265 0.970274 0.226204 -0.298203 -0.953822 -0.145793 0.262619 -0.330305 0.287791 -0.193166 0.93801 0.431364 0.0249368 -0.0421802 0.998799 0.370214 -0.988252 -0.151737 0.0182655 -0.461629 0.150784 -0.98752 -0.0454685 0.426066 
1533062321586 -0.134026 0.990737 -0.021839 -0.397753 -0.96133 -0.124634 0.245584 -0.305179 0.240587 0.053909 0.969129 0.423237 0.0250649 -0.0420423 0.998801 0.37034 -0.988236 -0.151822 0.0184092 -0.461579 0.150866 -0.987513 -0.0453531 0.426019 
1533062321715 -0.168508 0.948228 -0.269201 -0.493507 -0.96858 -0.108606 0.223737 -0.280366 0.182917 0.298444 0.936735 0.414331 0.0251931 -0.0419046 0.998804 0.370463 -0.988221 -0.151906 0.018553 -0.461529 0.150947 -0.987506 -0.045238 0.425973 
1533062321919 -0.168508 0.948228 -0.269201 -0.493507 -0.96858 -0.108606 0.223737 -0.280366 0.182917 0.298444 0.936735 0.414331 0.0251545 -0.0418618 0.998807 0.370439 -0.988243 -0.151763 0.0185278 -0.461536 0.150807 -0.98753 -0.0451871 0.425969 
1533062321932 0.280904 -0.144206 0.94884 0.288147 -0.928348 -0.2916 0.230519 -0.483439 0.243439 -0.945608 -0.215785 0.481312 0.0301324 -0.0404107 0.998729 0.370427 -0.988168 -0.151534 0.0236824 -0.461759 0.150384 -0.987626 -0.0444986 0.425939 
1533062322301 0.230428 0.100432 0.967893 0.201402 -0.928592 -0.274648 0.24957 -0.456587 0.290894 -0.956286 0.0299736 0.473478 0.0351096 -0.038961 0.998624 0.370414 -0.988068 -0.151298 0.0288356 -0.461983 0.149966 -0.98772 -0.0438081 0.425908 
1533062322617 0.170727 0.342832 0.923752 0.101395 -0.930774 -0.251487 0.265358 -0.431273 0.323285 -0.905108 0.276163 0.465962 0.0400873 -0.0375127 0.998492 0.370402 -0.987941 -0.151054 0.0339887 -0.462206 0.149551 -0.987814 -0.0431157 0.425878 
1533062322949 0.105066 0.563956 0.819094 0.00111065 -0.934651 -0.225344 0.275041 -0.405939 0.339689 -0.794464 0.503426 0.457331 0.0450642 -0.0360656 0.998333 0.370389 -0.987789 -0.150803 0.0391403 -0.462429 0.14914 -0.987906 -0.042421 0.425847 
1533062323285 0.0375282 0.749589 0.660839 -0.0987293 -0.940027 -0.197879 0.277837 -0.380762 0.339029 -0.631633 0.697208 0.447746 0.0500405 -0.0346198 0.998147 0.370377 -0.987611 -0.150544 0.0442908 -0.462652 0.148732 -0.987997 -0.0417242 0.425817 
1533062323600 -0.0276005 0.888124 0.458774 -0.198454 -0.946569 -0.170746 0.273594 -0.355486 0.32132 -0.42671 0.845383 0.439553 0.0550164 -0.0331751 0.997934 0.370364 -0.987407 -0.150278 0.0494402 -0.462876 0.148327 -0.988087 -0.0410251 0.425787 
1533062323976 -0.0860301 0.970273 0.226205 -0.298191 -0.953818 -0.145799 0.262629 -0.330295 0.287802 -0.193164 0.938007 0.431374 0.0599907 -0.0317323 0.997694 0.370352 -0.987177 -0.150005 0.0545873 -0.463099 0.147927 -0.988176 -0.0403243 0.425756 
1533062324311 -0.134034 0.990736 -0.0218383 -0.397759 -0.961327 -0.124642 0.24559 -0.305173 0.240593 0.0539113 0.969128 0.423252 0.0649645 -0.0302902 0.997428 0.370339 -0.986922 -0.149723 0.0597334 -0.463318 0.147529 -0.988264 -0.0396208 0.425727 
1533062324637 -0.168562 0.948217 -0.269205 -0.49354 -0.968567 -0.10865 0.223769 -0.280383 0.182933 0.298462 0.936726 0.414253 0.0699181 -0.0288544 0.997135 0.370338 -0.986642 -0.149437 0.064858 -0.463485 0.147137 -0.98835 -0.0389172 0.425708 
1533062324948 -0.168562 0.948217 -0.269205 -0.49354 -0.968567 -0.10865 0.223769 -0.280383 0.182933 0.298462 0.936726 0.414253 0.0697905 -0.0289372 0.997142 0.370331 -0.986674 -0.149285 0.0647256 -0.463479 0.146985 -0.988371 -0.0389702 0.425649 
1533062324961 0.280953 -0.144226 0.948823 0.288128 -0.92833 -0.291629 0.230556 -0.483093 0.243452 -0.945596 -0.215823 0.481115 0.0725456 -0.03089 0.996887 0.370339 -0.986708 -0.147946 0.0672206 -0.463572 0.145409 -0.988513 -0.0412122 0.425967 
1533062325266 0.23049 0.100383 0.967883 0.201255 -0.928577 -0.274659 0.249615 -0.456601 0.290895 -0.956288 0.0299075 0.473589 0.0752964 -0.0328473 0.99662 0.370348 -0.986734 -0.146612 0.0697174 -0.463665 0.143826 -0.988649 -0.0434509 0.426284 
1533062325645 0.170765 0.342797 0.923758 0.10129 -0.930763 -0.251497 0.265388 -0.43131 0.323296 -0.905119 0.276115 0.466031 0.0780431 -0.0348079 0.996342 0.370356 -0.986751 -0.145283 0.0722163 -0.463758 0.142238 -0.988778 -0.0456851 0.426602 
1533062325979 0.105095 0.563921 0.819114 0.00103721 -0.93464 -0.22536 0.275066 -0.40598 0.339711 -0.794485 0.503378 0.457359 0.0807864 -0.0367723 0.996053 0.370364 -0.986759 -0.143958 0.0747179 -0.46385 0.140642 -0.9889 -0.0479153 0.426919 
1533062326266 0.0375279 0.749594 0.660833 -0.0987315 -0.940018 -0.197894 0.277857 -0.380768 0.339055 -0.631622 0.697205 0.447834 0.083526 -0.0387403 0.995752 0.370373 -0.986758 -0.142638 0.0772221 -0.463943 0.13904 -0.989017 -0.0501413 0.427237 
1533062326554 -0.0276014 0.888124 0.458774 -0.198436 -0.946564 -0.170752 0.273605 -0.355472 0.321332 -0.426708 0.84538 0.439552 0.086262 -0.0407119 0.99544 0.370381 -0.986748 -0.141322 0.0797289 -0.464036 0.137432 -0.989126 -0.0523631 0.427555 
1533062326866 -0.0860343 0.970272 0.226207 -0.298194 -0.953815 -0.145805 0.262635 -0.330288 0.28781 -0.193164 0.938005 0.431389 0.0889938 -0.0426868 0.995117 0.370389 -0.986729 -0.140011 0.0822377 -0.464129 0.135817 -0.989229 -0.0545805 0.427872 
1533062327245 -0.134039 0.990735 -0.0218373 -0.39777 -0.961326 -0.124647 0.245592 -0.305169 0.240595 0.0539115 0.969127 0.423263 0.091722 -0.0446653 0.994782 0.370397 -0.986701 -0.138705 0.084749 -0.46422 0.134196 -0.989326 -0.0567936 0.428189 
1533062327543 -0.168584 0.948212 -0.269209 -0.493562 -0.968562 -0.108667 0.223785 -0.280397 0.182942 0.298472 0.936721 0.414184 0.094435 -0.0466379 0.994438 0.37041 -0.986664 -0.137406 0.0872526 -0.464293 0.132573 -0.989416 -0.0589919 0.428487 
1533062327843 -0.168584 0.948212 -0.269209 -0.493562 -0.968562 -0.108667 0.223785 -0.280397 0.182942 0.298472 0.936721 0.414184 0.0943684 -0.0466759 0.994443 0.370426 -0.986665 -0.137449 0.0871789 -0.464304 0.132616 -0.989408 -0.0590243 0.428456 
1533062327856 0.280998 -0.144242 0.948807 0.288097 -0.928314 -0.291654 0.23059 -0.482819 0.243463 -0.945586 -0.215856 0.480951 0.0948512 -0.0488981 0.99429 0.370477 -0.986915 -0.135442 0.0874868 -0.464262 0.13039 -0.989578 -0.0611051 0.428779 
1533062328189 0.230541 0.100342 0.967875 0.201134 -0.928564 -0.274668 0.249653 -0.456615 0.290895 -0.956289 0.0298517 0.473683 0.0953281 -0.0511223 0.994132 0.370527 -0.987161 -0.133434 0.0877978 -0.46422 0.128163 -0.989738 -0.063186 0.429101 
1533062328486 0.170797 0.342768 0.923763 0.101203 -0.930753 -0.251505 0.265412 -0.431343 0.323306 -0.905127 0.276076 0.466091 0.0957998 -0.0533469 0.99397 0.370578 -0.987402 -0.131427 0.088113 -0.464178 0.125934 -0.989889 -0.0652655 0.429424 
1533062328808 0.105117 0.563893 0.819131 0.000973776 -0.934631 -0.225373 0.275087 -0.406016 0.339729 -0.794501 0.503341 0.457391 0.0962665 -0.0555724 0.993803 0.370628 -0.987639 -0.12942 0.0884323 -0.464136 0.123704 -0.990031 -0.0673443 0.429746 
1533062329102 0.0375321 0.749599 0.660828 -0.0987653 -0.940009 -0.197905 0.277879 -0.380786 0.339079 -0.631613 0.697202 0.447976 0.0967283 -0.0577988 0.993631 0.370679 -0.987871 -0.127413 0.088756 -0.464094 0.121472 -0.990164 -0.0694222 0.430069 
1533062329394 -0.0276042 0.888124 0.458774 -0.198421 -0.94656 -0.17076 0.273615 -0.355467 0.321344 -0.426704 0.845377 0.439557 0.0971851 -0.0600259 0.993455 0.37073 -0.988098 -0.125406 0.0890838 -0.464052 0.119238 -0.990288 -0.071499 0.430392 
1533062329714 -0.0860376 0.970272 0.226209 -0.298197 -0.953813 -0.14581 0.262641 -0.330284 0.287817 -0.193164 0.938003 0.431401 0.0976368 -0.0622533 0.993273 0.37078 -0.988321 -0.123399 0.0894159 -0.464009 0.117003 -0.990403 -0.0735746 0.430714 
1533062330044 -0.134042 0.990735 -0.0218363 -0.397779 -0.961325 -0.12465 0.245593 -0.305167 0.240596 0.0539115 0.969127 0.423273 0.0980834 -0.0644812 0.993087 0.370831 -0.988538 -0.121393 0.0897521 -0.463968 0.114766 -0.990508 -0.0756488 0.431036 
1533062330338 -0.1686 0.948208 -0.269212 -0.493579 -0.968557 -0.108678 0.223798 -0.280408 0.18295 0.29848 0.936717 0.414128 0.0985224 -0.0667005 0.992897 0.37088 -0.988752 -0.119389 0.0900908 -0.463929 0.112532 -0.990605 -0.0777127 0.431335 
1533062330657 -0.1686 0.948208 -0.269212 -0.493579 -0.968557 -0.108678 0.223798 -0.280408 0.18295 0.29848 0.936717 0.414128 0.098547 -0.0666414 0.992898 0.370879 -0.988751 -0.119369 0.0901235 -0.463904 0.112516 -0.990611 -0.0776552 0.431372 
1533062330674 0.281038 -0.144255 0.948793 0.288061 -0.928299 -0.291676 0.230621 -0.482602 0.243472 -0.945577 -0.215884 0.480813 0.0985828 -0.0648795 0.993012 0.370874 -0.988628 -0.120256 0.0902906 -0.464001 0.113558 -0.990621 -0.0759968 0.43115 
1533062330896 0.230583 0.100307 0.967869 0.201036 -0.928554 -0.274675 0.249683 -0.456628 0.290895 -0.956291 0.0298055 0.47376 0.0986158 -0.0631185 0.993122 0.370869 -0.988505 -0.121141 0.0904581 -0.464098 0.114599 -0.990626 -0.0743394 0.430928 
1533062331130 0.170823 0.342744 0.923767 0.101134 -0.930746 -0.251511 0.265431 -0.431369 0.323313 -0.905135 0.276044 0.466138 0.098647 -0.0613565 0.993229 0.370864 -0.988381 -0.122027 0.0906272 -0.464195 0.11564 -0.990628 -0.0726812 0.430706 
1533062331362 0.105134 0.563872 0.819143 0.000924492 -0.934624 -0.225382 0.275102 -0.406044 0.339743 -0.794513 0.503312 0.457415 0.0986763 -0.0595946 0.993334 0.370859 -0.988255 -0.122912 0.0907977 -0.464292 0.116682 -0.990627 -0.0710232 0.430484 
1533062331590 0.0375375 0.749602 0.660824 -0.0987928 -0.940003 -0.197911 0.277895 -0.3808 0.339094 -0.631608 0.697199 0.448077 0.0987037 -0.0578325 0.993435 0.370854 -0.988129 -0.123797 0.0909697 -0.46439 0.117723 -0.990621 -0.0693652 0.430263 
1533062331835 -0.0276058 0.888125 0.458773 -0.198407 -0.946557 -0.170766 0.273623 -0.355463 0.321354 -0.426701 0.845374 0.439558 0.0987293 -0.0560701 0.993533 0.370848 -0.988002 -0.124682 0.0911432 -0.464487 0.118765 -0.990611 -0.0677071 0.430041 
1533062332070 -0.08604 0.970271 0.22621 -0.298197 -0.953811 -0.145814 0.262646 -0.330283 0.287823 -0.193163 0.938001 0.431411 0.0987529 -0.0543078 0.993629 0.370843 -0.987874 -0.125565 0.091318 -0.464584 0.119806 -0.990598 -0.0660492 0.429819 
1533062332295 -0.134044 0.990735 -0.0218355 -0.397787 -0.961325 -0.124652 0.245595 -0.305166 0.240598 0.0539115 0.969127 0.423281 0.0987746 -0.0525454 0.993722 0.370838 -0.987745 -0.126449 0.0914942 -0.46468 0.120847 -0.99058 -0.0643914 0.429597 
1533062332532 -0.168613 0.948205 -0.269215 -0.493591 -0.968554 -0.108687 0.22381 -0.280418 0.182957 0.298487 0.936714 0.414082 0.0987947 -0.0507898 0.993811 0.370833 -0.987615 -0.127331 0.0916714 -0.464765 0.121887 -0.990559 -0.0627404 0.429394 
1533062332757 -0.168613 0.948205 -0.269215 -0.493591 -0.968554 -0.108687 0.22381 -0.280418 0.182957 0.298487 0.936714 0.414082 0.098853 -0.050897 0.9938 0.370856 -0.987626 -0.127207 0.091724 -0.464736 0.12175 -0.990569 -0.0628421 0.429356 
1533062332770 0.281073 -0.144265 0.948781 0.288025 -0.928286 -0.291695 0.230648 -0.482429 0.24348 -0.94557 -0.215907 0.480699 0.0985017 -0.0504239 0.993859 0.370846 -0.987699 -0.126835 0.0914561 -0.464812 0.121444 -0.990641 -0.0622971 0.429303 
1533062333005 0.230618 0.100279 0.967863 0.200954 -0.928545 -0.274681 0.249709 -0.456641 0.290895 -0.956292 0.0297668 0.473825 0.0981502 -0.0499497 0.993917 0.370835 -0.987771 -0.126462 0.0911878 -0.464889 0.121138 -0.990713 -0.0617512 0.429249 
1533062333173 0.170844 0.342725 0.923771 0.101078 -0.93074 -0.251516 0.265447 -0.431392 0.323319 -0.90514 0.276018 0.466178 0.0977988 -0.049476 0.993976 0.370825 -0.987844 -0.126091 0.0909191 -0.464965 0.120833 -0.990784 -0.0612061 0.429196 
1533062333354 0.105148 0.563855 0.819153 0.000884727 -0.934618 -0.22539 0.275114 -0.406067 0.339753 -0.794523 0.50329 0.457434 0.0974476 -0.0490018 0.994034 0.370814 -0.987916 -0.125719 0.0906504 -0.465042 0.120527 -0.990855 -0.0606606 0.429142 
1533062333602 0.0375424 0.749603 0.660822 -0.0988158 -0.939999 -0.197914 0.277907 -0.380811 0.339106 -0.631605 0.697196 0.448154 0.0970966 -0.0485273 0.994091 0.370804 -0.987987 -0.125347 0.0903815 -0.465118 0.12022 -0.990925 -0.0601152 0.429089 
1533062333805 -0.0276063 0.888125 0.458771 -0.198396 -0.946554 -0.170769 0.27363 -0.355461 0.321362 -0.426698 0.845373 0.439558 0.0967457 -0.0480526 0.994148 0.370794 -0.988059 -0.124976 0.0901124 -0.465194 0.119914 -0.990995 -0.0595697 0.429036 
1533062333988 -0.0860414 0.970271 0.22621 -0.298197 -0.953809 -0.145816 0.262651 -0.330283 0.287827 -0.193162 0.938 0.431419 0.0963949 -0.0475781 0.994205 0.370783 -0.988131 -0.124604 0.0898429 -0.465271 0.119608 -0.991065 -0.0590246 0.428982 
1533062334252 -0.134046 0.990735 -0.021835 -0.397792 -0.961324 -0.124654 0.245596 -0.305167 0.240599 0.0539117 0.969126 0.423288 0.096044 -0.0471037 0.994262 0.370773 -0.988202 -0.124233 0.089573 -0.465347 0.119301 -0.991134 -0.0584798 0.428929 
1533062334431 -0.168622 0.948203 -0.269218 -0.4936 -0.968551 -0.108693 0.223819 -0.280426 0.182964 0.298492 0.936711 0.414045 0.0956946 -0.0466303 0.994318 0.370761 -0.988273 -0.123862 0.0893041 -0.465419 0.118994 -0.991203 -0.0579364 0.42888 
1533062334637 -0.168622 0.948203 -0.269218 -0.4936 -0.968551 -0.108693 0.223819 -0.280426 0.182964 0.298492 0.936711 0.414045 0.0955509 -0.0465955 0.994333 0.370699 -0.988292 -0.123806 0.0891686 -0.465462 0.11895 -0.991212 -0.0578798 0.428904 
1533062334650 0.281103 -0.144274 0.948771 0.287991 -0.928276 -0.29171 0.230672 -0.482292 0.243486 -0.945563 -0.215926 0.480606 0.0958434 -0.0473008 0.994272 0.370743 -0.988299 -0.123587 0.0893882 -0.465596 0.118651 -0.991206 -0.0585924 0.42902 
1533062334908 0.230646 0.100255 0.967859 0.200889 -0.928538 -0.274687 0.249729 -0.456652 0.290895 -0.956293 0.0297349 0.473877 0.0961347 -0.0480054 0.99421 0.370786 -0.988307 -0.123368 0.0896071 -0.46573 0.118352 -0.991199 -0.059304 0.429137 
1533062334915 0.17086 0.342709 0.923773 0.101032 -0.930736 -0.251521 0.265459 -0.43141 0.323323 -0.905145 0.275997 0.466211 0.0964261 -0.0487103 0.994148 0.37083 -0.988315 -0.123148 0.0898264 -0.465864 0.118052 -0.991192 -0.0600158 0.429253 
1533062335174 0.105159 0.563841 0.819161 0.000852843 -0.934614 -0.225395 0.275124 -0.406085 0.339761 -0.794531 0.503272 0.45745 0.0967172 -0.0494152 0.994084 0.370873 -0.988322 -0.122928 0.0900458 -0.465998 0.117752 -0.991185 -0.0607274 0.42937 
1533062335416 0.0375466 0.749604 0.66082 -0.0988348 -0.939995 -0.197917 0.277917 -0.38082 0.339115 -0.631603 0.697193 0.448214 0.097008 -0.0501201 0.994021 0.370917 -0.988329 -0.122709 0.0902654 -0.466132 0.117451 -0.991176 -0.0614389 0.429486 
1533062335631 -0.0276061 0.888126 0.45877 -0.198387 -0.946552 -0.170771 0.273635 -0.355459 0.321367 -0.426696 0.845372 0.439556 0.0972983 -0.0508247 0.993957 0.370961 -0.988336 -0.12249 0.0904847 -0.466266 0.117151 -0.991167 -0.06215 0.429602 
1533062335823 -0.0860423 0.970271 0.22621 -0.298197 -0.953808 -0.145818 0.262654 -0.330283 0.287831 -0.193162 0.937999 0.431424 0.0975891 -0.05153 0.993892 0.371004 -0.988343 -0.122271 0.090705 -0.4664 0.11685 -0.991158 -0.0628616 0.429719 
1533062336019 -0.134047 0.990734 -0.0218346 -0.397796 -0.961323 -0.124655 0.245598 -0.305168 0.240601 0.0539118 0.969126 0.423293 0.0978788 -0.0522349 0.993827 0.371048 -0.98835 -0.122052 0.0909245 -0.466534 0.116549 -0.991148 -0.0635726 0.429835 
1533062336214 -0.16863 0.948201 -0.269221 -0.493607 -0.968549 -0.108698 0.223827 -0.280433 0.182969 0.298497 0.936708 0.414016 0.0981671 -0.0529374 0.993761 0.371089 -0.988357 -0.121833 0.0911432 -0.46666 0.116248 -0.991138 -0.064281 0.429946 
1533062336438 -0.16863 0.948201 -0.269221 -0.493607 -0.968549 -0.108698 0.223827 -0.280433 0.182969 0.298497 0.936708 0.414016 0.0980618 -0.0530537 0.993765 0.371006 -0.988373 -0.121791 0.0910277 -0.466706 0.116203 -0.991137 -0.0643799 0.429924 
1533062336451 0.281128 -0.144281 0.948762 0.287961 -0.928267 -0.291723 0.230692 -0.482185 0.243492 -0.945558 -0.215943 0.480531 0.0983241 -0.0507658 0.993859 0.371073 -0.988192 -0.122909 0.0914853 -0.466857 0.11751 -0.991119 -0.0622513 0.429626 
1533062336710 0.230669 0.100235 0.967856 0.200836 -0.928532 -0.274691 0.249746 -0.456661 0.290895 -0.956294 0.029709 0.47392 0.0985833 -0.0484776 0.993947 0.37114 -0.98801 -0.124026 0.0919453 -0.467008 0.118818 -0.991094 -0.0601232 0.429328 
1533062337015 0.170874 0.342697 0.923775 0.100996 -0.930732 -0.251524 0.26547 -0.431425 0.323327 -0.905149 0.27598 0.466237 0.0988396 -0.0461879 0.994031 0.371207 -0.987826 -0.125142 0.0924079 -0.467159 0.120127 -0.991063 -0.0579946 0.42903 
1533062337295 0.105168 0.563831 0.819167 0.000827643 -0.934611 -0.2254 0.275131 -0.406099 0.339768 -0.794537 0.503258 0.457463 0.0990929 -0.0438981 0.994109 0.371274 -0.987641 -0.126256 0.0928728 -0.46731 0.121436 -0.991026 -0.0558667 0.428732 
1533062337548 0.0375492 0.749605 0.660819 -0.0988506 -0.939993 -0.197919 0.277924 -0.380829 0.339122 -0.631601 0.697192 0.448262 0.099343 -0.0416078 0.994183 0.371341 -0.987454 -0.12737 0.09334 -0.467462 0.122745 -0.990982 -0.0537391 0.428434 
1533062337794 -0.0276066 0.888128 0.458766 -0.198398 -0.946548 -0.170776 0.273647 -0.355468 0.32138 -0.42669 0.84537 0.439604 0.0995902 -0.039317 0.994251 0.371408 -0.987265 -0.128482 0.0938097 -0.467613 0.124055 -0.990932 -0.0516118 0.428136 
1533062338039 -0.0860431 0.970271 0.22621 -0.298197 -0.953807 -0.145819 0.262657 -0.330284 0.287835 -0.193161 0.937998 0.431429 0.0998342 -0.0370259 0.994315 0.371475 -0.987075 -0.129593 0.0942815 -0.467764 0.125365 -0.990876 -0.0494851 0.427838 
1533062338290 -0.134048 0.990734 -0.0218344 -0.397799 -0.961323 -0.124656 0.245599 -0.305169 0.240602 0.0539121 0.969125 0.423297 0.100075 -0.0347338 0.994373 0.371542 -0.986883 -0.130702 0.094756 -0.467913 0.126675 -0.990813 -0.0473583 0.427541 
1533062338568 -0.168635 0.948199 -0.269223 -0.493612 -0.968547 -0.108701 0.223833 -0.280439 0.182974 0.298502 0.936706 0.413993 0.100312 -0.0324516 0.994427 0.371607 -0.98669 -0.131809 0.0952305 -0.468045 0.127984 -0.990744 -0.0452417 0.427266 
1533062338827 -0.168635 0.948199 -0.269223 -0.493612 -0.968547 -0.108701 0.223833 -0.280439 0.182974 0.298502 0.936706 0.413993 0.100349 -0.0325535 0.99442 0.371621 -0.986712 -0.131622 0.0952622 -0.468006 0.127787 -0.990765 -0.045329 0.427218 
1533062338840 0.281148 -0.144286 0.948756 0.287935 -0.928259 -0.291734 0.230708 -0.482102 0.243496 -0.945554 -0.215955 0.48047 0.100539 -0.0345155 0.994334 0.371671 -0.986856 -0.130545 0.0952517 -0.468091 0.126518 -0.990841 -0.0471868 0.42748 
1533062339135 0.230687 0.10022 0.967853 0.200795 -0.928528 -0.274694 0.249759 -0.456669 0.290895 -0.956294 0.0296889 0.473954 0.100727 -0.0364771 0.994245 0.37172 -0.986999 -0.129467 0.0952431 -0.468175 0.125248 -0.990913 -0.0490437 0.427742 
1533062339393 0.170884 0.342688 0.923777 0.100969 -0.930729 -0.251526 0.265477 -0.431436 0.32333 -0.905152 0.275968 0.466257 0.100913 -0.0384396 0.994152 0.37177 -0.98714 -0.128389 0.0952366 -0.46826 0.123977 -0.990979 -0.0509013 0.428005 
1533062339696 0.105173 0.563824 0.819171 0.000810735 -0.934609 -0.225402 0.275136 -0.406108 0.339771 -0.794541 0.503249 0.457472 0.101095 -0.0404018 0.994056 0.371819 -0.987281 -0.12731 0.0952321 -0.468344 0.122706 -0.99104 -0.0527584 0.428267 
1533062339997 0.0375506 0.749605 0.660819 -0.0988607 -0.939991 -0.197921 0.277927 -0.380835 0.339125 -0.631601 0.697191 0.44829 0.101276 -0.0423641 0.993956 0.371869 -0.987419 -0.126231 0.0952296 -0.468429 0.121434 -0.991096 -0.0546153 0.428529 
1533062340003 -0.0276049 0.888129 0.458764 -0.198414 -0.946545 -0.170778 0.273657 -0.355475 0.321389 -0.426687 0.845368 0.439649 0.101454 -0.0443265 0.993852 0.371919 -0.987557 -0.125152 0.0952292 -0.468514 0.120162 -0.991147 -0.0564721 0.428791 
1533062340272 -0.0860438 0.970271 0.226209 -0.298195 -0.953806 -0.14582 0.262661 -0.330286 0.287838 -0.19316 0.937997 0.431432 0.101629 -0.0462887 0.993745 0.371968 -0.987693 -0.124073 0.0952308 -0.468598 0.118889 -0.991193 -0.0583285 0.429053 
1533062340615 -0.134049 0.990734 -0.0218346 -0.3978 -0.961322 -0.124657 0.245601 -0.305171 0.240604 0.0539128 0.969125 0.4233 0.101802 -0.0482511 0.993634 0.372018 -0.987827 -0.122994 0.0952343 -0.468683 0.117616 -0.991234 -0.0601848 0.429315 
1533062340877 -0.16864 0.948197 -0.269226 -0.493615 -0.968545 -0.108704 0.223839 -0.280444 0.182978 0.298505 0.936704 0.413976 0.10197 -0.0502056 0.99352 0.372065 -0.987961 -0.121916 0.0952388 -0.468767 0.116345 -0.99127 -0.062033 0.429559 
1533062341137 -0.16864 0.948197 -0.269226 -0.493615 -0.968545 -0.108704 0.223839 -0.280444 0.182978 0.298505 0.936704 0.413976 0.101947 -0.0501203 0.993526 0.37204 -0.987968 -0.121861 0.0952289 -0.468766 0.116299 -0.991281 -0.0619407 0.429534 
1533062341151 0.28115 -0.144278 0.948756 0.287952 -0.928257 -0.291738 0.23071 -0.482045 0.243502 -0.945554 -0.215949 0.480419 0.101859 -0.0485268 0.993615 0.37206 -0.98796 -0.121854 0.0953283 -0.468845 0.11645 -0.991361 -0.0603545 0.429349 
1533062341352 0.230701 0.100209 0.967851 0.200765 -0.928524 -0.274697 0.249768 -0.456674 0.290894 -0.956295 0.029674 0.473978 0.101772 -0.0469334 0.9937 0.372079 -0.987951 -0.121847 0.0954286 -0.468924 0.1166 -0.991439 -0.0587686 0.429163 
1533062341566 0.170891 0.342681 0.923778 0.100949 -0.930727 -0.251528 0.265482 -0.431444 0.323332 -0.905154 0.275959 0.466272 0.101685 -0.0453394 0.993783 0.372099 -0.987942 -0.121839 0.0955291 -0.469004 0.116751 -0.991514 -0.057182 0.428978 
1533062341788 0.105177 0.56382 0.819173 0.000798954 -0.934608 -0.225404 0.275139 -0.406114 0.339774 -0.794544 0.503243 0.457479 0.101598 -0.0437456 0.993863 0.372118 -0.987933 -0.121832 0.0956294 -0.469083 0.116901 -0.991586 -0.0555955 0.428792 
1533062341793 0.0375517 0.749606 0.660819 -0.0988673 -0.939991 -0.197921 0.27793 -0.380838 0.339128 -0.6316 0.69719 0.448308 0.101511 -0.0421516 0.993941 0.372138 -0.987924 -0.121824 0.0957298 -0.469162 0.117051 -0.991656 -0.054009 0.428607 
1533062342007 -0.0276035 0.88813 0.458763 -0.198424 -0.946543 -0.170779 0.273662 -0.355479 0.321395 -0.426685 0.845367 0.439676 0.101423 -0.040558 0.994016 0.372158 -0.987916 -0.121816 0.0958298 -0.469241 0.1172 -0.991724 -0.0524228 0.428421 
1533062342302 -0.086044 0.970271 0.226209 -0.298194 -0.953805 -0.145821 0.262663 -0.330288 0.28784 -0.193159 0.937997 0.431434 0.101335 -0.0389631 0.994089 0.372177 -0.987907 -0.121808 0.0959304 -0.46932 0.11735 -0.991789 -0.0508353 0.428236 
1533062342308 -0.13405 0.990734 -0.0218348 -0.397801 -0.961322 -0.124658 0.245603 -0.305172 0.240605 0.0539133 0.969125 0.423302 0.101246 -0.0373692 0.994159 0.372197 -0.987898 -0.121799 0.0960305 -0.469399 0.117499 -0.991851 -0.0492487 0.428051 
1533062342522 -0.168644 0.948196 -0.269228 -0.493617 -0.968544 -0.108705 0.223844 -0.280449 0.182981 0.298509 0.936702 0.413964 0.101158 -0.035781 0.994227 0.372215 -0.98789 -0.121791 0.0961303 -0.469467 0.117648 -0.991911 -0.0476678 0.427879 
1533062342796 -0.168644 0.948196 -0.269228 -0.493617 -0.968544 -0.108705 0.223844 -0.280449 0.182981 0.298509 0.936702 0.413964 0.101141 -0.03594 0.994223 0.372208 -0.9879 -0.121733 0.0960971 -0.469484 0.117576 -0.991912 -0.0478173 0.427835 
1533062342809 0.281149 -0.144271 0.948758 0.287968 -0.928256 -0.291741 0.230711 -0.482006 0.243507 -0.945554 -0.215943 0.480382 0.101112 -0.0359168 0.994227 0.372214 -0.987933 -0.121479 0.096083 -0.469534 0.117326 -0.991944 -0.0477663 0.427832 
1533062343010 0.23071 0.100201 0.967849 0.200743 -0.928522 -0.274698 0.249775 -0.456679 0.290894 -0.956295 0.0296629 0.473997 0.101082 -0.035894 0.99423 0.37222 -0.987965 -0.121224 0.0960687 -0.469583 0.117076 -0.991976 -0.0477155 0.427829 
1533062343170 0.170896 0.342677 0.923779 0.100934 -0.930726 -0.251529 0.265486 -0.43145 0.323333 -0.905155 0.275952 0.466283 0.101052 -0.035871 0.994234 0.372226 -0.987998 -0.120969 0.0960539 -0.469633 0.116826 -0.992008 -0.0476647 0.427827 
1533062343364 0.105179 0.563817 0.819175 0.000790412 -0.934607 -0.225405 0.275141 -0.406118 0.339776 -0.794546 0.503239 0.457484 0.101023 -0.0358481 0.994238 0.372232 -0.988031 -0.120715 0.0960395 -0.469683 0.116576 -0.99204 -0.0476139 0.427824 
1533062343509 0.0375524 0.749606 0.660819 -0.0988721 -0.93999 -0.197922 0.277931 -0.380841 0.339129 -0.6316 0.697189 0.44832 0.100993 -0.0358252 0.994242 0.372238 -0.988063 -0.12046 0.0960251 -0.469732 0.116326 -0.992072 -0.0475632 0.427821 
1533062343659 -0.0276025 0.88813 0.458763 -0.198431 -0.946542 -0.17078 0.273667 -0.355482 0.321399 -0.426684 0.845366 0.439695 0.100964 -0.0358024 0.994246 0.372243 -0.988096 -0.120205 0.0960108 -0.469782 0.116076 -0.992103 -0.0475125 0.427818 
1533062343922 -0.0860442 0.970271 0.226209 -0.298193 -0.953805 -0.145821 0.262665 -0.330289 0.287842 -0.193158 0.937996 0.431435 0.100934 -0.0357795 0.99425 0.372249 -0.988128 -0.11995 0.0959962 -0.469832 0.115826 -0.992135 -0.0474618 0.427815 
1533062344080 -0.13405 0.990734 -0.021835 -0.397802 -0.961322 -0.124658 0.245604 -0.305174 0.240606 0.0539137 0.969124 0.423303 0.100905 -0.0357568 0.994253 0.372255 -0.98816 -0.119695 0.0959815 -0.469881 0.115576 -0.992167 -0.0474112 0.427813 
1533062344230 -0.168646 0.948195 -0.269229 -0.493619 -0.968543 -0.108706 0.223847 -0.280453 0.182983 0.298511 0.936701 0.413955 0.100875 -0.0357342 0.994257 0.37226 -0.988192 -0.119441 0.0959667 -0.469928 0.115326 -0.992198 -0.0473609 0.42781 
1533062344429 -0.168646 0.948195 -0.269229 -0.493619 -0.968543 -0.108706 0.223847 -0.280453 0.182983 0.298511 0.936701 0.413955 0.10085 -0.0357752 0.994258 0.37227 -0.988186 -0.119519 0.0959338 -0.469929 0.115401 -0.992187 -0.047406 0.427825 
1533062344442 0.281149 -0.144266 0.948759 0.287981 -0.928255 -0.291744 0.230711 -0.481978 0.243511 -0.945554 -0.215939 0.480357 0.100383 -0.0356976 0.994308 0.372285 -0.988144 -0.120259 0.0954427 -0.469955 0.116168 -0.9921 -0.0473463 0.427794 
1533062344722 0.230718 0.100195 0.967848 0.200726 -0.92852 -0.2747 0.24978 -0.456683 0.290894 -0.956295 0.0296546 0.474011 0.0999137 -0.0356192 0.994358 0.372301 -0.988101 -0.121 0.0949505 -0.469981 0.116936 -0.992013 -0.047285 0.427764 
1533062344928 0.1709 0.342673 0.923779 0.100923 -0.930724 -0.25153 0.265489 -0.431455 0.323334 -0.905156 0.275948 0.466291 0.0994448 -0.0355413 0.994408 0.372316 -0.988057 -0.121741 0.0944585 -0.470006 0.117703 -0.991925 -0.0472233 0.427733 
1533062345154 0.105181 0.563815 0.819176 0.000784152 -0.934606 -0.225406 0.275143 -0.406122 0.339777 -0.794547 0.503236 0.457487 0.098976 -0.0354637 0.994458 0.372331 -0.988012 -0.122482 0.0939667 -0.470032 0.11847 -0.991837 -0.0471613 0.427703 
1533062345362 0.0375529 0.749606 0.660819 -0.0988756 -0.93999 -0.197922 0.277932 -0.380843 0.33913 -0.6316 0.697189 0.448329 0.0985071 -0.0353865 0.994507 0.372346 -0.987967 -0.123222 0.0934748 -0.470058 0.119238 -0.991748 -0.0470989 0.427672 
1533062345554 -0.0276017 0.88813 0.458762 -0.198437 -0.946541 -0.170781 0.27367 -0.355485 0.321402 -0.426683 0.845365 0.439709 0.0980384 -0.0353097 0.994556 0.372362 -0.987921 -0.123963 0.0929833 -0.470084 0.120005 -0.991658 -0.0470363 0.427641 
1533062345741 -0.0860442 0.970271 0.226208 -0.298193 -0.953804 -0.145822 0.262666 -0.33029 0.287843 -0.193158 0.937996 0.431435 0.0975694 -0.0352332 0.994605 0.372377 -0.987874 -0.124703 0.0924916 -0.47011 0.120772 -0.991568 -0.0469731 0.427611 
1533062345933 -0.134051 0.990734 -0.0218351 -0.397802 -0.961321 -0.124658 0.245604 -0.305175 0.240607 0.053914 0.969124 0.423304 0.0970999 -0.0351569 0.994654 0.372392 -0.987826 -0.125444 0.0919994 -0.470136 0.121539 -0.991478 -0.0469095 0.42758 
1533062345938 -0.168648 0.948195 -0.26923 -0.49362 -0.968542 -0.108707 0.223849 -0.280456 0.182985 0.298513 0.9367 0.413949 0.0966323 -0.0350818 0.994702 0.372406 -0.987777 -0.126184 0.0915093 -0.470164 0.122305 -0.991386 -0.0468464 0.427552 
1533062346380 -0.168648 0.948195 -0.26923 -0.49362 -0.968542 -0.108707 0.223849 -0.280456 0.182985 0.298513 0.9367 0.413949 0.0971223 -0.0352099 0.994649 0.372367 -0.987817 -0.125502 0.0920125 -0.470149 0.121591 -0.991468 -0.04697 0.427607 
1533062346610 0.281148 -0.144262 0.948759 0.28799 -0.928255 -0.291746 0.230711 -0.481959 0.243513 -0.945554 -0.215936 0.480339 0.0969831 -0.0353507 0.994658 0.372353 -0.98795 -0.124536 0.0919029 -0.470145 0.120622 -0.991585 -0.0470025 0.427627 
1533062346829 0.230723 0.10019 0.967848 0.200715 -0.928519 -0.274701 0.249784 -0.456685 0.290894 -0.956296 0.0296487 0.474021 0.0968439 -0.0354932 0.994667 0.372338 -0.988081 -0.123569 0.0917934 -0.470141 0.119652 -0.991701 -0.047037 0.427647 
1533062347024 0.170903 0.34267 0.92378 0.100916 -0.930724 -0.251531 0.265491 -0.431458 0.323335 -0.905157 0.275944 0.466296 0.0967046 -0.0356355 0.994675 0.372324 -0.988212 -0.122602 0.0916839 -0.470138 0.118682 -0.991816 -0.0470716 0.427667 
1533062347203 0.105183 0.563813 0.819177 0.000779649 -0.934606 -0.225407 0.275144 -0.406124 0.339778 -0.794548 0.503234 0.45749 0.0965651 -0.0357776 0.994683 0.37231 -0.988342 -0.121635 0.0915744 -0.470134 0.117712 -0.99193 -0.0471062 0.427687 
1533062347210 0.0375533 0.749606 0.660819 -0.0988782 -0.939989 -0.197922 0.277933 -0.380844 0.339131 -0.6316 0.697189 0.448335 0.0964253 -0.0359191 0.994692 0.372296 -0.98847 -0.120668 0.0914647 -0.47013 0.116742 -0.992043 -0.0471404 0.427707 
1533062347408 -0.0276012 0.88813 0.458762 -0.198441 -0.94654 -0.170781 0.273672 -0.355486 0.321404 -0.426683 0.845365 0.439719 0.0962856 -0.0360613 0.9947 0.372281 -0.988598 -0.1197 0.0913554 -0.470126 0.115771 -0.992155 -0.0471755 0.427726 
1533062347700 -0.0860443 0.970271 0.226208 -0.298193 -0.953804 -0.145822 0.262667 -0.33029 0.287844 -0.193157 0.937996 0.431436 0.0961457 -0.036203 0.994709 0.372267 -0.988725 -0.118733 0.0912459 -0.470122 0.114801 -0.992266 -0.0472105 0.427746 
1533062347935 -0.134051 0.990734 -0.0218352 -0.397802 -0.961321 -0.124658 0.245605 -0.305175 0.240607 0.0539143 0.969124 0.423305 0.0960056 -0.0363445 0.994717 0.372253 -0.988851 -0.117765 0.0911365 -0.470119 0.113831 -0.992376 -0.0472454 0.427766 
1533062348130 -0.168649 0.948194 -0.269231 -0.49362 -0.968542 -0.108708 0.22385 -0.280457 0.182986 0.298514 0.936699 0.413945 0.0958658 -0.0364856 0.994725 0.372238 -0.988975 -0.116798 0.0910276 -0.470115 0.112861 -0.992485 -0.0472803 0.427783 
1533062348335 -0.168649 0.948194 -0.269231 -0.49362 -0.968542 -0.108708 0.22385 -0.280457 0.182986 0.298514 0.936699 0.413945 0.0958568 -0.0364205 0.994729 0.372251 -0.988967 -0.116871 0.0910226 -0.470107 0.11294 -0.992479 -0.0472216 0.427789 
1533062348484 0.281148 -0.14426 0.94876 0.287996 -0.928254 -0.291747 0.230711 -0.481944 0.243515 -0.945554 -0.215934 0.480326 0.0960568 -0.0355706 0.99474 0.372237 -0.989102 -0.11544 0.0913844 -0.470173 0.111582 -0.992677 -0.0462718 0.427654 
1533062348765 0.230727 0.100187 0.967847 0.200707 -0.928518 -0.274702 0.249787 -0.456687 0.290894 -0.956296 0.0296444 0.474028 0.0962589 -0.0347214 0.994751 0.372223 -0.989234 -0.114008 0.0917457 -0.47024 0.110224 -0.992873 -0.0453219 0.42752 
1533062348963 0.170905 0.342669 0.92378 0.10091 -0.930723 -0.251531 0.265493 -0.43146 0.323335 -0.905158 0.275942 0.466301 0.0964621 -0.0338727 0.99476 0.37221 -0.989365 -0.112576 0.0921056 -0.470306 0.108866 -0.993066 -0.0443718 0.427385 
1533062349170 0.105184 0.563812 0.819178 0.000776425 -0.934605 -0.225407 0.275145 -0.406126 0.339779 -0.794549 0.503232 0.457491 0.0966663 -0.0330243 0.994769 0.372196 -0.989494 -0.111143 0.0924639 -0.470372 0.107508 -0.993256 -0.0434212 0.42725 
1533062349383 0.0375536 0.749606 0.660818 -0.09888 -0.939989 -0.197923 0.277934 -0.380845 0.339132 -0.6316 0.697188 0.44834 0.0968716 -0.0321763 0.994777 0.372182 -0.98962 -0.10971 0.0928209 -0.470438 0.106151 -0.993443 -0.0424701 0.427116 
1533062349608 -0.0276008 0.888131 0.458762 -0.198444 -0.946539 -0.170781 0.273673 -0.355487 0.321405 -0.426682 0.845364 0.439726 0.0970784 -0.0313283 0.994784 0.372168 -0.989745 -0.108276 0.0931767 -0.470505 0.104793 -0.993627 -0.0415183 0.426981 
1533062349614 -0.0860443 0.970271 0.226208 -0.298192 -0.953804 -0.145822 0.262667 -0.330291 0.287844 -0.193157 0.937996 0.431436 0.0972858 -0.030481 0.99479 0.372154 -0.989867 -0.106842 0.0935307 -0.470571 0.103435 -0.993809 -0.0405664 0.426846 
1533062349811 -0.134051 0.990734 -0.0218353 -0.397802 -0.961321 -0.124659 0.245605 -0.305176 0.240608 0.0539144 0.969124 0.423306 0.0974944 -0.0296339 0.994795 0.372141 -0.989987 -0.105408 0.0938833 -0.470636 0.102077 -0.993987 -0.0396139 0.426712 
1533062350056 -0.16865 0.948194 -0.269232 -0.493621 -0.968542 -0.108708 0.223852 -0.280459 0.182987 0.298515 0.936699 0.413942 0.0977032 -0.0287903 0.994799 0.372127 -0.990106 -0.103974 0.0942331 -0.470691 0.10072 -0.994163 -0.038664 0.426584 
1533062350283 -0.16865 0.948194 -0.269232 -0.493621 -0.968542 -0.108708 0.223852 -0.280459 0.182987 0.298515 0.936699 0.413942 0.0977126 -0.0286646 0.994802 0.372144 -0.990105 -0.103962 0.0942557 -0.470645 0.10072 -0.994168 -0.0385394 0.426618 
1533062350297 0.281148 -0.144258 0.94876 0.288001 -0.928254 -0.291748 0.230711 -0.481934 0.243517 -0.945554 -0.215932 0.480317 0.0983727 -0.0292699 0.994719 0.372165 -0.989865 -0.105752 0.0947809 -0.470748 0.10242 -0.993962 -0.0393764 0.426705 
1533062350303 0.230729 0.100185 0.967847 0.200701 -0.928517 -0.274702 0.249789 -0.456689 0.290894 -0.956296 0.0296413 0.474033 0.0990347 -0.0298744 0.994635 0.372185 -0.989622 -0.107545 0.0953053 -0.470852 0.104121 -0.993751 -0.040215 0.426792 
