1535150852371 0.250986 0.918211 -0.306423 -0.540509 -0.934368 0.312516 0.171142 -0.204669 0.252907 0.243358 0.936384 0.428811 0.279799 -0.253072 0.926103 0.361844 -0.956015 -0.161889 0.244597 -0.492065 0.0880252 -0.953806 -0.287237 0.467489 
1535150852381 0.251866 0.919149 -0.302866 -0.546598 -0.934215 0.312607 0.17181 -0.20728 0.252597 0.239669 0.937418 0.424146 0.267563 -0.23874 0.933495 0.364023 -0.960601 -0.141708 0.239091 -0.492566 0.0752036 -0.960688 -0.26725 0.464416 
1535150852990 0.252744 0.920075 -0.299305 -0.552691 -0.934063 0.312695 0.172478 -0.209893 0.252284 0.235976 0.938439 0.41948 0.255495 -0.224068 0.940487 0.3662 -0.964814 -0.121572 0.23314 -0.493064 0.0620978 -0.966961 -0.247245 0.461342 
1535150852996 0.253621 0.920986 -0.295739 -0.558783 -0.933911 0.31278 0.173147 -0.212506 0.251967 0.23228 0.939446 0.414814 0.243603 -0.209069 0.947073 0.368378 -0.968651 -0.101496 0.226748 -0.493561 0.048718 -0.97262 -0.227239 0.458269 
1535150853843 0.254497 0.921883 -0.292169 -0.564876 -0.933759 0.312862 0.173816 -0.215119 0.251647 0.22858 0.940439 0.410148 0.231897 -0.193753 0.953249 0.370555 -0.972108 -0.0814941 0.21992 -0.494059 0.035074 -0.97766 -0.207247 0.455195 
1535150853889 0.255372 0.922766 -0.288596 -0.570969 -0.933607 0.312942 0.174486 -0.217732 0.251323 0.224876 0.941418 0.405482 0.220384 -0.178131 0.95901 0.372733 -0.975183 -0.0615818 0.212662 -0.494556 0.021176 -0.982078 -0.187282 0.452121 
1535150854452 0.256245 0.923636 -0.285019 -0.577061 -0.933456 0.313019 0.175155 -0.220345 0.250996 0.22117 0.942383 0.400816 0.209075 -0.162214 0.964352 0.37491 -0.977874 -0.041774 0.204979 -0.495053 0.00703421 -0.985871 -0.167359 0.449048 
1535150854802 0.257117 0.924491 -0.281438 -0.583153 -0.933305 0.313094 0.175826 -0.222957 0.250666 0.21746 0.943333 0.396151 0.197975 -0.146016 0.969271 0.377088 -0.98018 -0.0220848 0.196876 -0.495551 -0.00734092 -0.989036 -0.147494 0.445974 
1535150855308 0.257988 0.925332 -0.277854 -0.589245 -0.933154 0.313166 0.176496 -0.22557 0.250332 0.213746 0.94427 0.391485 0.187095 -0.129547 0.973762 0.379265 -0.982097 -0.00252923 0.18836 -0.496048 -0.0219386 -0.99157 -0.127701 0.4429 
1535150855695 0.258858 0.926159 -0.274266 -0.595338 -0.933003 0.313236 0.177167 -0.228183 0.249995 0.21003 0.945193 0.386819 0.176441 -0.112821 0.977824 0.381443 -0.983625 0.0168786 0.179435 -0.496545 -0.0367483 -0.993472 -0.107995 0.439827 
