1535382808577 0.190763 0.933576 -0.30339 -0.506445 -0.981486 0.186797 -0.0423267 -0.208849 0.0171572 0.305847 0.951926 0.35781 0.293831 -0.320266 0.900607 0.409023 -0.950841 -0.194341 0.24111 -0.492557 0.0978052 -0.927179 -0.361626 0.471632 
1535382808593 0.195217 0.933695 -0.300172 -0.520035 -0.979953 0.198106 -0.0210978 -0.212183 0.0397671 0.298273 0.953652 0.359342 0.27619 -0.303482 0.911931 0.405785 -0.95815 -0.161269 0.236519 -0.491262 0.0752873 -0.939091 -0.335322 0.468459 
1535382809477 0.199739 0.933739 -0.297045 -0.533618 -0.977866 0.209234 0.000177807 -0.215512 0.062318 0.290434 0.954864 0.360868 0.258919 -0.285911 0.922614 0.40255 -0.964488 -0.128147 0.230958 -0.489972 0.0521962 -0.949649 -0.308937 0.465286 
1535382810355 0.204321 0.933709 -0.294009 -0.547206 -0.975224 0.220173 0.0214913 -0.218844 0.0847993 0.282333 0.955561 0.362397 0.242044 -0.267583 0.932638 0.399312 -0.969845 -0.0950257 0.224436 -0.488677 0.0285694 -0.958838 -0.282514 0.462113 
1535382811221 0.208963 0.933603 -0.291066 -0.560793 -0.972031 0.230916 0.0428285 -0.222177 0.107197 0.273976 0.955744 0.363926 0.225593 -0.248527 0.941988 0.396074 -0.974211 -0.0619604 0.216963 -0.487381 0.0044448 -0.966641 -0.256096 0.458939 
1535382812112 0.213661 0.933423 -0.288219 -0.57438 -0.968287 0.241458 0.0641768 -0.225509 0.129497 0.265366 0.955412 0.365455 0.209594 -0.228774 0.950649 0.392836 -0.977581 -0.0290041 0.208552 -0.486085 -0.0201385 -0.973047 -0.229724 0.455765 
1535382813001 0.218414 0.933169 -0.285468 -0.587969 -0.963995 0.251792 0.0855237 -0.228842 0.151686 0.25651 0.954565 0.366983 0.194071 -0.208356 0.958605 0.389597 -0.979948 0.0037901 0.199215 -0.484789 -0.0451409 -0.978046 -0.203442 0.452592 
1535382813947 0.223217 0.932839 -0.282816 -0.601557 -0.959158 0.261912 0.106856 -0.232174 0.173753 0.247413 0.953204 0.368512 0.17905 -0.187305 0.965846 0.386359 -0.981309 0.036369 0.18897 -0.483494 -0.0705219 -0.981628 -0.177293 0.449418 
1535382814855 0.228069 0.932436 -0.280264 -0.615143 -0.953778 0.271812 0.128162 -0.235506 0.195682 0.23808 0.951329 0.370041 0.164555 -0.165657 0.972358 0.383122 -0.981662 0.0686802 0.17783 -0.482198 -0.0962406 -0.983789 -0.151318 0.446245 
1535382815767 0.23297 0.931956 -0.277819 -0.628701 -0.947858 0.281489 0.149426 -0.238824 0.217462 0.228521 0.948941 0.371576 0.15061 -0.143445 0.978131 0.379885 -0.981005 0.100671 0.165816 -0.480906 -0.122255 -0.984525 -0.125559 0.443072 
1535382816742 0.233637 0.931486 -0.278832 -0.628494 -0.947901 0.282072 0.148052 -0.239067 0.216559 0.229715 0.948859 0.371195 0.151115 -0.144762 0.977859 0.380202 -0.981145 0.0986148 0.166222 -0.48099 -0.120494 -0.98454 -0.127131 0.442972 
1535382816864 0.233759 0.93123 -0.279585 -0.629552 -0.947378 0.282829 0.14994 -0.23939 0.218703 0.229823 0.948341 0.37141 0.153685 -0.14212 0.977846 0.379907 -0.981635 0.0912281 0.16754 -0.481294 -0.113018 -0.985637 -0.125489 0.442921 
1535382817203 0.233879 0.930974 -0.280337 -0.630616 -0.946852 0.283586 0.151826 -0.239717 0.220846 0.229929 0.947818 0.371624 0.15623 -0.139433 0.97783 0.379607 -0.982063 0.0838857 0.168868 -0.481597 -0.105572 -0.986672 -0.123826 0.442868 
1535382817540 0.233997 0.930717 -0.281089 -0.631678 -0.94632 0.284343 0.153711 -0.240042 0.222988 0.230032 0.947292 0.371839 0.158754 -0.136726 0.977805 0.379306 -0.982431 0.0765423 0.170208 -0.481899 -0.0981153 -0.987647 -0.122173 0.442814 
1535382817871 0.234113 0.93046 -0.281841 -0.632741 -0.945784 0.2851 0.155595 -0.240368 0.225128 0.230134 0.946761 0.372053 0.161257 -0.134 0.977773 0.379005 -0.98274 0.0691983 0.17156 -0.482202 -0.0906493 -0.988562 -0.120529 0.44276 
1535382818247 0.234228 0.930203 -0.282594 -0.633804 -0.945244 0.285857 0.157478 -0.240694 0.227268 0.230234 0.946225 0.372267 0.163739 -0.131255 0.977733 0.378705 -0.982991 0.0618542 0.172923 -0.482504 -0.0831739 -0.989417 -0.118895 0.442706 
1535382818632 0.234341 0.929946 -0.283346 -0.634866 -0.9447 0.286614 0.159359 -0.24102 0.229406 0.230333 0.945685 0.372482 0.166199 -0.128491 0.977685 0.378404 -0.983183 0.0545104 0.174298 -0.482806 -0.0756897 -0.990211 -0.117271 0.442653 
1535382819010 0.234452 0.929688 -0.284099 -0.63593 -0.94415 0.287371 0.161239 -0.241346 0.231543 0.230429 0.94514 0.372696 0.168638 -0.125708 0.977629 0.378104 -0.983316 0.0471676 0.175684 -0.483109 -0.0681972 -0.990945 -0.115656 0.442599 
1535382819378 0.234561 0.92943 -0.284852 -0.636992 -0.943597 0.288129 0.163117 -0.241671 0.23368 0.230524 0.944591 0.372911 0.171055 -0.122906 0.977566 0.377803 -0.98339 0.039826 0.177081 -0.483411 -0.0606969 -0.991619 -0.114052 0.442545 
1535382819753 0.234669 0.929172 -0.285605 -0.638056 -0.943039 0.288886 0.164994 -0.241998 0.235815 0.230617 0.944038 0.373125 0.17345 -0.120086 0.977494 0.377502 -0.983405 0.0324862 0.17849 -0.483713 -0.0531892 -0.992232 -0.112458 0.442492 
1535382820146 0.234907 0.929185 -0.285365 -0.637782 -0.943141 0.288913 0.16436 -0.241994 0.235166 0.23053 0.944221 0.373026 0.173054 -0.120573 0.977504 0.377575 -0.983417 0.0335087 0.178234 -0.483611 -0.0542452 -0.992139 -0.112775 0.442496 
1535382820165 0.234561 0.929188 -0.285642 -0.638103 -0.942987 0.288867 0.165324 -0.242104 0.236129 0.230578 0.943968 0.373159 0.174011 -0.119998 0.977405 0.377534 -0.983452 0.0296419 0.178727 -0.483726 -0.0504191 -0.992331 -0.112854 0.442585 
1535382820374 0.234214 0.92919 -0.285918 -0.63843 -0.942831 0.28882 0.166288 -0.242218 0.237092 0.230625 0.943716 0.37329 0.174966 -0.119419 0.977305 0.377494 -0.983471 0.0257745 0.17922 -0.483844 -0.0465919 -0.992509 -0.112936 0.442674 
1535382820618 0.233867 0.929193 -0.286193 -0.638756 -0.942675 0.288774 0.167252 -0.242331 0.238055 0.230672 0.943462 0.373421 0.175919 -0.118836 0.977205 0.377454 -0.983475 0.0219071 0.179712 -0.483961 -0.042764 -0.992672 -0.113019 0.442763 
1535382820853 0.233519 0.929196 -0.286468 -0.639083 -0.942518 0.288728 0.168216 -0.242444 0.239017 0.230719 0.943207 0.373553 0.176869 -0.11825 0.977105 0.377414 -0.983464 0.0180396 0.180203 -0.484078 -0.0389356 -0.99282 -0.113104 0.442852 
1535382821080 0.233171 0.929199 -0.286742 -0.639409 -0.942359 0.288681 0.16918 -0.242557 0.239979 0.230766 0.942951 0.373684 0.177817 -0.11766 0.977004 0.377373 -0.983437 0.0141722 0.180694 -0.484195 -0.0351067 -0.992953 -0.113191 0.442941 
1535382821325 0.232823 0.929201 -0.287017 -0.639735 -0.9422 0.288635 0.170143 -0.242669 0.24094 0.230814 0.942694 0.373816 0.178762 -0.117066 0.976903 0.377333 -0.983395 0.0103048 0.181185 -0.484312 -0.0312774 -0.993071 -0.11328 0.443031 
1535382821561 0.232475 0.929204 -0.28729 -0.640062 -0.94204 0.288589 0.171107 -0.242783 0.241902 0.230861 0.942437 0.373947 0.179705 -0.116468 0.976802 0.377293 -0.983338 0.00643763 0.181675 -0.484429 -0.0274476 -0.993174 -0.113371 0.44312 
1535382821790 0.232126 0.929206 -0.287564 -0.640388 -0.941878 0.288543 0.17207 -0.242895 0.242863 0.230908 0.942178 0.374079 0.180646 -0.115867 0.976699 0.377252 -0.983265 0.00257056 0.182165 -0.484546 -0.0236176 -0.993261 -0.113463 0.443209 
1535382822037 0.231777 0.929209 -0.287837 -0.640715 -0.941716 0.288497 0.173033 -0.243009 0.243824 0.230955 0.941918 0.37421 0.181584 -0.115262 0.976597 0.377212 -0.983176 -0.00129616 0.182654 -0.484663 -0.0197872 -0.993334 -0.113558 0.443298 
1535382822301 0.23201 0.929181 -0.287739 -0.640484 -0.941842 0.288527 0.172297 -0.242976 0.243115 0.23103 0.942083 0.374083 0.181216 -0.115524 0.976634 0.377208 -0.983218 -1.41122e-05 0.182436 -0.484641 -0.021062 -0.993305 -0.113588 0.443267 
1535382822320 0.23159 0.9294 -0.287369 -0.640655 -0.941926 0.288076 0.172593 -0.243062 0.243192 0.23071 0.942141 0.374174 0.181832 -0.116067 0.976456 0.377187 -0.983146 -0.00224908 0.18281 -0.484697 -0.019022 -0.993239 -0.11452 0.443408 
1535382822336 0.231169 0.929618 -0.287004 -0.640833 -0.942008 0.287627 0.172892 -0.243154 0.243273 0.230393 0.942198 0.374264 0.182448 -0.116609 0.976276 0.377166 -0.983069 -0.00448423 0.183182 -0.484754 -0.0169828 -0.993168 -0.115452 0.443549 
1535382822531 0.230747 0.929835 -0.286639 -0.641013 -0.94209 0.287178 0.173191 -0.243248 0.243355 0.230076 0.942254 0.374353 0.183066 -0.117149 0.976096 0.377146 -0.982987 -0.00671959 0.183552 -0.484812 -0.014944 -0.993092 -0.116386 0.44369 
1535382822683 0.230326 0.930052 -0.286273 -0.641192 -0.942172 0.286728 0.173489 -0.243341 0.243437 0.229759 0.942311 0.374443 0.183685 -0.117688 0.975915 0.377125 -0.9829 -0.00895516 0.18392 -0.484869 -0.0129057 -0.99301 -0.117321 0.443831 
1535382822819 0.229905 0.930269 -0.285907 -0.64137 -0.942254 0.286279 0.173787 -0.243433 0.243518 0.229443 0.942367 0.374533 0.184305 -0.118226 0.975733 0.377105 -0.982809 -0.0111909 0.184286 -0.484926 -0.010868 -0.992924 -0.118256 0.443971 
1535382822954 0.229484 0.930486 -0.285541 -0.641549 -0.942335 0.285829 0.174086 -0.243527 0.2436 0.229126 0.942423 0.374623 0.184926 -0.118762 0.97555 0.377084 -0.982713 -0.0134267 0.18465 -0.484983 -0.00883081 -0.992832 -0.119191 0.444112 
1535382823133 0.229063 0.930702 -0.285175 -0.641729 -0.942417 0.285379 0.174384 -0.24362 0.243682 0.228809 0.942478 0.374712 0.185548 -0.119296 0.975367 0.377064 -0.982612 -0.0156627 0.185011 -0.48504 -0.00679419 -0.992735 -0.120128 0.444253 
1535382823275 0.228641 0.930917 -0.284809 -0.641907 -0.942498 0.284928 0.174682 -0.243713 0.243764 0.228492 0.942534 0.374802 0.186172 -0.119829 0.975183 0.377043 -0.982506 -0.0178989 0.185371 -0.485097 -0.00475812 -0.992633 -0.121065 0.444394 
1535382823444 0.22822 0.931133 -0.284443 -0.642085 -0.942579 0.284478 0.174979 -0.243805 0.243847 0.228176 0.942589 0.374892 0.186796 -0.120361 0.974998 0.377022 -0.982395 -0.0201351 0.185728 -0.485154 -0.00272264 -0.992526 -0.122003 0.444535 
1535382823607 0.228656 0.930937 -0.284734 -0.641954 -0.942476 0.284945 0.17477 -0.243698 0.243833 0.228393 0.94254 0.37485 0.186167 -0.119957 0.975168 0.37707 -0.982508 -0.0182866 0.185319 -0.485142 -0.00439787 -0.992611 -0.121263 0.444412 
1535382823616 0.228252 0.931207 -0.284173 -0.642023 -0.942611 0.284421 0.1749 -0.243827 0.243693 0.227943 0.942685 0.374829 0.186248 -0.121067 0.975015 0.377074 -0.982486 -0.0171908 0.185541 -0.485203 -0.00570152 -0.992496 -0.122148 0.444538 
1535382823799 0.227841 0.931478 -0.283614 -0.642097 -0.942746 0.28389 0.175032 -0.243951 0.243554 0.227497 0.942829 0.374809 0.186328 -0.122176 0.974861 0.377077 -0.982463 -0.0160962 0.185764 -0.485263 -0.00700429 -0.992378 -0.123032 0.444664 
1535382823974 0.22743 0.931749 -0.283055 -0.642171 -0.942881 0.28336 0.175164 -0.244075 0.243415 0.22705 0.942973 0.374789 0.186406 -0.123285 0.974707 0.377081 -0.982438 -0.0150017 0.185987 -0.485324 -0.0083071 -0.992258 -0.123916 0.44479 
1535382824150 0.227018 0.932019 -0.282496 -0.642245 -0.943016 0.282829 0.175295 -0.244199 0.243276 0.226603 0.943116 0.374768 0.186482 -0.124394 0.974552 0.377085 -0.982411 -0.0139074 0.186211 -0.485385 -0.00960998 -0.992135 -0.124799 0.444916 
1535382824307 0.226607 0.932288 -0.281936 -0.64232 -0.943151 0.282298 0.175426 -0.244323 0.243137 0.226156 0.943259 0.374748 0.186557 -0.125503 0.974395 0.377088 -0.982383 -0.0128135 0.186436 -0.485446 -0.0109129 -0.99201 -0.125682 0.445042 
1535382824460 0.226195 0.932557 -0.281376 -0.642394 -0.943285 0.281767 0.175556 -0.244447 0.242999 0.225708 0.943402 0.374727 0.186631 -0.126612 0.974237 0.377092 -0.982354 -0.0117197 0.186662 -0.485507 -0.0122159 -0.991883 -0.126565 0.445169 
1535382824615 0.225783 0.932826 -0.280817 -0.642468 -0.94342 0.281236 0.175686 -0.244571 0.24286 0.225261 0.943545 0.374707 0.186703 -0.127721 0.974079 0.377096 -0.982323 -0.0106263 0.18689 -0.485568 -0.0135189 -0.991753 -0.127447 0.445295 
1535382824777 0.225372 0.933094 -0.280257 -0.642543 -0.943554 0.280705 0.175816 -0.244696 0.242722 0.224813 0.943687 0.374686 0.186774 -0.12883 0.973919 0.3771 -0.982291 -0.00953304 0.187118 -0.485629 -0.014822 -0.991621 -0.128329 0.445421 
1535382824945 0.22496 0.933361 -0.279696 -0.642616 -0.943687 0.280173 0.175946 -0.244819 0.242584 0.224365 0.943829 0.374666 0.186844 -0.129939 0.973758 0.377103 -0.982257 -0.00844016 0.187348 -0.48569 -0.0161251 -0.991486 -0.12921 0.445547 
1535382825131 0.22547 0.933094 -0.280177 -0.642554 -0.943535 0.280779 0.175796 -0.244734 0.242702 0.22472 0.943714 0.37474 0.186618 -0.129182 0.973902 0.377087 -0.982315 -0.00923005 0.187006 -0.48571 -0.0151686 -0.991578 -0.12862 0.445469 
1535382825145 0.2259 0.933081 -0.279873 -0.642519 -0.943542 0.28103 0.175356 -0.244686 0.242274 0.224459 0.943886 0.374685 0.186222 -0.130285 0.973831 0.377095 -0.982352 -0.00706152 0.186907 -0.485738 -0.0174745 -0.991451 -0.129301 0.445548 
1535382825316 0.226332 0.933067 -0.27957 -0.642477 -0.943549 0.281283 0.174914 -0.244635 0.241844 0.224199 0.944058 0.374632 0.18582 -0.131389 0.97376 0.377103 -0.982385 -0.00489123 0.186806 -0.48576 -0.0197814 -0.991319 -0.129983 0.445628 
1535382825508 0.226763 0.933053 -0.279267 -0.642437 -0.943556 0.281535 0.174472 -0.244585 0.241415 0.22394 0.94423 0.374578 0.185417 -0.132491 0.973687 0.377111 -0.982412 -0.00272108 0.186708 -0.485784 -0.0220876 -0.99118 -0.130665 0.445707 
1535382825700 0.227194 0.933039 -0.278963 -0.642396 -0.943562 0.281788 0.17403 -0.244535 0.240986 0.22368 0.944401 0.374525 0.185011 -0.133592 0.973614 0.377119 -0.982434 -0.000550954 0.186612 -0.485807 -0.0243934 -0.991036 -0.131347 0.445786 
1535382825898 0.227624 0.933025 -0.278659 -0.642355 -0.943568 0.282041 0.173589 -0.244484 0.240556 0.223421 0.944572 0.374471 0.184602 -0.134692 0.97354 0.377126 -0.982451 0.00161947 0.186516 -0.485831 -0.0266989 -0.990886 -0.13203 0.445866 
1535382826098 0.228055 0.933011 -0.278355 -0.642316 -0.943573 0.282294 0.173147 -0.244434 0.240126 0.223161 0.944743 0.374417 0.184191 -0.135792 0.973465 0.377134 -0.982462 0.0037899 0.186422 -0.485855 -0.0290039 -0.99073 -0.132712 0.445945 
1535382826312 0.228485 0.932996 -0.278051 -0.642274 -0.943578 0.282547 0.172705 -0.244384 0.239696 0.222902 0.944913 0.374364 0.183777 -0.13689 0.97339 0.377141 -0.982469 0.00596051 0.186329 -0.485879 -0.0313085 -0.990568 -0.133395 0.446024 
1535382826519 0.228916 0.932982 -0.277747 -0.642234 -0.943583 0.282799 0.172264 -0.244334 0.239266 0.222643 0.945083 0.37431 0.183361 -0.137987 0.973313 0.377149 -0.982471 0.00813111 0.186239 -0.485903 -0.0336126 -0.990401 -0.134077 0.446104 
1535382826747 0.229346 0.932966 -0.277442 -0.642193 -0.943588 0.283053 0.171822 -0.244283 0.238835 0.222384 0.945253 0.374257 0.182941 -0.139083 0.973236 0.377157 -0.982468 0.0103019 0.186148 -0.485926 -0.0359163 -0.990227 -0.13476 0.446183 
1535382826976 0.229009 0.932957 -0.277751 -0.642224 -0.943542 0.282907 0.172315 -0.244351 0.239341 0.222608 0.945072 0.374326 0.183177 -0.138539 0.973269 0.377171 -0.982461 0.00932729 0.186235 -0.48592 -0.0348788 -0.990313 -0.134401 0.446114 
1535382826996 0.229587 0.932872 -0.277559 -0.642026 -0.943454 0.283374 0.172026 -0.244248 0.239131 0.22237 0.945182 0.374352 0.183101 -0.138246 0.973325 0.377198 -0.982446 0.0102 0.186266 -0.486021 -0.0356785 -0.990345 -0.133952 0.446002 
1535382827107 0.230166 0.932787 -0.277367 -0.641824 -0.943366 0.283842 0.171736 -0.244143 0.238922 0.222131 0.945291 0.374379 0.183024 -0.13796 0.97338 0.377224 -0.982431 0.0110876 0.186297 -0.486122 -0.0364941 -0.990376 -0.133507 0.445892 
1535382827239 0.230745 0.932701 -0.277175 -0.641622 -0.943278 0.284311 0.171447 -0.244038 0.238712 0.221892 0.9454 0.374406 0.182947 -0.137675 0.973435 0.377251 -0.982415 0.0119752 0.186328 -0.486223 -0.0373097 -0.990405 -0.133063 0.445781 
1535382827387 0.231324 0.932615 -0.276982 -0.641419 -0.943189 0.284779 0.171157 -0.243933 0.238502 0.221654 0.945508 0.374433 0.18287 -0.137389 0.97349 0.377278 -0.982398 0.0128628 0.186359 -0.486324 -0.0381254 -0.990434 -0.132618 0.445671 
1535382827517 0.231902 0.932528 -0.27679 -0.641216 -0.9431 0.285248 0.170868 -0.243827 0.238293 0.221416 0.945617 0.37446 0.182793 -0.137102 0.973545 0.377304 -0.98238 0.0137505 0.186389 -0.486425 -0.0389411 -0.990461 -0.132173 0.445561 
1535382827651 0.232481 0.932441 -0.276597 -0.641012 -0.943011 0.285716 0.170578 -0.243722 0.238083 0.221178 0.945726 0.374487 0.182717 -0.136816 0.973599 0.377331 -0.982361 0.0146381 0.186418 -0.486526 -0.0397567 -0.990488 -0.131728 0.445451 
1535382827774 0.233059 0.932354 -0.276404 -0.64081 -0.942921 0.286184 0.170289 -0.243617 0.237872 0.220939 0.945834 0.374513 0.182641 -0.13653 0.973654 0.377358 -0.982342 0.0155258 0.186448 -0.486627 -0.0405724 -0.990514 -0.131284 0.445341 
1535382827905 0.233638 0.932267 -0.276211 -0.640607 -0.942831 0.286653 0.17 -0.243512 0.237662 0.220702 0.945943 0.37454 0.182565 -0.136244 0.973708 0.377385 -0.982322 0.0164134 0.186476 -0.486728 -0.0413881 -0.990539 -0.130839 0.44523 
1535382828034 0.234216 0.932179 -0.276017 -0.640405 -0.94274 0.287121 0.169711 -0.243407 0.237452 0.220464 0.946051 0.374567 0.18249 -0.135957 0.973762 0.377411 -0.982302 0.0173009 0.186506 -0.486829 -0.0422038 -0.990564 -0.130394 0.44512 
1535382828193 0.233629 0.932291 -0.276137 -0.640546 -0.942854 0.286612 0.169944 -0.243502 0.237581 0.220653 0.945974 0.374589 0.182671 -0.136539 0.973647 0.377353 -0.982315 0.0160547 0.186548 -0.486662 -0.0411028 -0.990505 -0.131192 0.445224 
1535382828215 0.233904 0.932243 -0.276065 -0.640193 -0.942757 0.286888 0.170013 -0.243382 0.237693 0.220496 0.945983 0.374697 0.182631 -0.136897 0.973604 0.37739 -0.982268 0.0172831 0.186686 -0.48679 -0.0423836 -0.990435 -0.131313 0.445194 
1535382828275 0.234179 0.932195 -0.275993 -0.639835 -0.942661 0.287164 0.170081 -0.24326 0.237804 0.220339 0.945992 0.374805 0.18259 -0.137255 0.973561 0.377426 -0.982219 0.0185112 0.186824 -0.486919 -0.0436643 -0.990363 -0.131434 0.445165 
1535382828447 0.234454 0.932147 -0.275922 -0.639475 -0.942564 0.28744 0.170149 -0.243137 0.237915 0.220182 0.946 0.374914 0.182551 -0.137613 0.973518 0.377463 -0.982169 0.0197391 0.186963 -0.487047 -0.0449449 -0.990289 -0.131556 0.445135 
1535382828616 0.23473 0.932099 -0.275851 -0.639116 -0.942468 0.287716 0.170217 -0.243014 0.238026 0.220026 0.946009 0.375022 0.182509 -0.137971 0.973476 0.3775 -0.982117 0.0209672 0.187101 -0.487176 -0.0462254 -0.990214 -0.131677 0.445106 
1535382828802 0.235005 0.932051 -0.275779 -0.638759 -0.942371 0.287992 0.170286 -0.242893 0.238137 0.219869 0.946017 0.37513 0.182468 -0.138328 0.973433 0.377537 -0.982064 0.022195 0.187239 -0.487304 -0.0475059 -0.990138 -0.131797 0.445076 
1535382829022 0.23528 0.932002 -0.275708 -0.6384 -0.942274 0.288268 0.170354 -0.24277 0.238248 0.219712 0.946026 0.375239 0.182425 -0.138686 0.973389 0.377574 -0.982009 0.0234228 0.187378 -0.487433 -0.0487863 -0.990059 -0.131918 0.445046 
1535382829214 0.235555 0.931954 -0.275637 -0.638042 -0.942178 0.288544 0.170422 -0.242648 0.238359 0.219555 0.946034 0.375347 0.182384 -0.139044 0.973346 0.377611 -0.981952 0.0246504 0.187518 -0.487561 -0.0500666 -0.989979 -0.132039 0.445017 
1535382829394 0.23583 0.931905 -0.275566 -0.637683 -0.942081 0.28882 0.170491 -0.242525 0.23847 0.219398 0.946043 0.375456 0.18234 -0.139401 0.973303 0.377647 -0.981894 0.0258781 0.187656 -0.48769 -0.0513468 -0.989898 -0.132159 0.444987 
1535382829586 0.236106 0.931857 -0.275494 -0.637325 -0.941984 0.289096 0.170559 -0.242403 0.238581 0.219241 0.946051 0.375564 0.182297 -0.139759 0.97326 0.377684 -0.981834 0.0271056 0.187795 -0.487818 -0.0526269 -0.989814 -0.132279 0.444958 
1535382829775 0.23601 0.931873 -0.275522 -0.637524 -0.942016 0.289001 0.170541 -0.24253 0.238549 0.219297 0.946046 0.375553 0.182376 -0.139443 0.973291 0.377618 -0.98189 0.0258142 0.187686 -0.48768 -0.0512962 -0.989894 -0.13221 0.444947 
1535382829795 0.236097 0.93181 -0.275661 -0.637057 -0.941945 0.289156 0.170673 -0.242354 0.238744 0.219362 0.945982 0.375693 0.182898 -0.139005 0.973255 0.377676 -0.981912 0.0234721 0.187877 -0.487813 -0.0489603 -0.990013 -0.132198 0.444876 
1535382829999 0.236185 0.931746 -0.2758 -0.636586 -0.941873 0.289311 0.170804 -0.242175 0.238938 0.219428 0.945918 0.375835 0.183422 -0.138565 0.973219 0.377734 -0.981928 0.0211295 0.188071 -0.487947 -0.0466238 -0.990128 -0.132186 0.444804 
1535382830208 0.236273 0.931682 -0.27594 -0.636114 -0.941802 0.289466 0.170935 -0.241997 0.239133 0.219493 0.945853 0.375976 0.183944 -0.138124 0.973184 0.377792 -0.981939 0.0187868 0.188265 -0.488081 -0.0442871 -0.990237 -0.132174 0.444733 
1535382830412 0.236361 0.931619 -0.276079 -0.635642 -0.94173 0.289621 0.171067 -0.241818 0.239327 0.219559 0.945789 0.376117 0.184465 -0.137682 0.973148 0.377851 -0.981943 0.0164442 0.188459 -0.488215 -0.0419501 -0.99034 -0.132163 0.444662 
1535382830624 0.236449 0.931555 -0.276219 -0.63517 -0.941659 0.289776 0.171198 -0.241639 0.239522 0.219624 0.945724 0.376259 0.184985 -0.137239 0.973111 0.377909 -0.981943 0.0141015 0.188653 -0.488349 -0.0396128 -0.990438 -0.132152 0.44459 
1535382830849 0.236537 0.931491 -0.276359 -0.634698 -0.941587 0.289931 0.171329 -0.24146 0.239716 0.21969 0.94566 0.3764 0.185504 -0.136794 0.973075 0.377967 -0.981936 0.0117588 0.188846 -0.488483 -0.0372754 -0.99053 -0.132142 0.444519 
1535382831046 0.236625 0.931428 -0.276498 -0.634226 -0.941516 0.290086 0.17146 -0.241281 0.239911 0.219756 0.945595 0.376541 0.186022 -0.136349 0.973039 0.378025 -0.981924 0.00941615 0.189041 -0.488616 -0.0349377 -0.990616 -0.132132 0.444448 
1535382831250 0.236713 0.931364 -0.276637 -0.633755 -0.941444 0.290241 0.171591 -0.241103 0.240105 0.219821 0.945531 0.376682 0.186539 -0.135902 0.973002 0.378083 -0.981906 0.00707355 0.189234 -0.48875 -0.0325998 -0.990697 -0.132123 0.444377 
1535382831459 0.236801 0.9313 -0.276777 -0.633282 -0.941372 0.290396 0.171722 -0.240924 0.2403 0.219887 0.945466 0.376824 0.187055 -0.135453 0.972966 0.378142 -0.981883 0.00473101 0.189428 -0.488884 -0.0302618 -0.990772 -0.132114 0.444305 
1535382831683 0.236642 0.931393 -0.2766 -0.633493 -0.941412 0.290213 0.171817 -0.240961 0.240302 0.219735 0.945501 0.376824 0.186787 -0.135696 0.972984 0.378075 -0.98191 0.00551706 0.18927 -0.488838 -0.0310512 -0.990735 -0.132211 0.444319 
1535382831696 0.23656 0.93134 -0.276849 -0.633064 -0.941298 0.290303 0.172287 -0.240823 0.240827 0.219841 0.945342 0.376947 0.186838 -0.135421 0.973012 0.378121 -0.981959 0.00361428 0.189059 -0.488891 -0.0291193 -0.990782 -0.132303 0.44428 
1535382831723 0.236479 0.931286 -0.277099 -0.632629 -0.941183 0.290395 0.172756 -0.240682 0.241354 0.219948 0.945183 0.37707 0.18689 -0.135147 0.97304 0.378166 -0.982005 0.00171187 0.188849 -0.488945 -0.0271881 -0.990824 -0.132395 0.444241 
1535382831938 0.236399 0.931232 -0.277349 -0.632194 -0.941069 0.290487 0.173226 -0.240541 0.24188 0.220054 0.945024 0.377194 0.186941 -0.134872 0.973069 0.378212 -0.982046 -0.000190573 0.188639 -0.488998 -0.0252567 -0.990863 -0.132486 0.444202 
1535382832125 0.236318 0.931178 -0.277599 -0.631759 -0.940954 0.290579 0.173695 -0.240401 0.242405 0.22016 0.944865 0.377318 0.186992 -0.134597 0.973097 0.378258 -0.982084 -0.00209317 0.18843 -0.489051 -0.0233253 -0.990898 -0.132577 0.444163 
1535382832313 0.236236 0.931125 -0.277848 -0.631325 -0.940838 0.290672 0.174165 -0.240261 0.242931 0.220266 0.944705 0.377441 0.187041 -0.134322 0.973125 0.378303 -0.982119 -0.00399563 0.188219 -0.489105 -0.0213937 -0.99093 -0.132668 0.444124 
1535382832513 0.236155 0.931071 -0.278098 -0.63089 -0.940723 0.290764 0.174634 -0.24012 0.243457 0.220372 0.944545 0.377565 0.187092 -0.134047 0.973154 0.378349 -0.98215 -0.00589833 0.188009 -0.489158 -0.0194621 -0.990957 -0.132758 0.444086 
1535382832697 0.236074 0.931017 -0.278347 -0.630456 -0.940607 0.290856 0.175103 -0.239979 0.243983 0.220478 0.944384 0.377688 0.18714 -0.133772 0.973182 0.378395 -0.982177 -0.00780088 0.187797 -0.489212 -0.0175304 -0.990981 -0.132848 0.444047 
1535382832890 0.235992 0.930963 -0.278597 -0.630021 -0.940491 0.290949 0.175572 -0.239838 0.244508 0.220584 0.944224 0.377812 0.187188 -0.133497 0.973211 0.378441 -0.9822 -0.00970353 0.187586 -0.489265 -0.0155987 -0.991002 -0.132937 0.444008 
1535382833077 0.23591 0.930909 -0.278846 -0.629587 -0.940375 0.291041 0.176041 -0.239698 0.245034 0.22069 0.944063 0.377935 0.187237 -0.133222 0.973239 0.378486 -0.98222 -0.0116063 0.187376 -0.489318 -0.0136669 -0.991018 -0.133026 0.443969 
1535382833294 0.235883 0.930944 -0.278751 -0.629773 -0.940461 0.290926 0.175771 -0.239749 0.244729 0.220693 0.944141 0.377847 0.187325 -0.133319 0.973209 0.378492 -0.982182 -0.0102029 0.187655 -0.489231 -0.0150883 -0.991021 -0.132854 0.444078 
1535382833313 0.235773 0.930862 -0.279119 -0.629455 -0.94031 0.291051 0.176369 -0.239644 0.245413 0.220876 0.943921 0.377967 0.187934 -0.132053 0.973264 0.378516 -0.982112 -0.0135075 0.18781 -0.48933 -0.0116546 -0.991151 -0.13223 0.443956 
1535382833544 0.235663 0.930779 -0.279489 -0.629131 -0.940159 0.291177 0.176967 -0.239537 0.246098 0.221059 0.943699 0.378087 0.188536 -0.130794 0.973318 0.378538 -0.982032 -0.0167772 0.187969 -0.489429 -0.00825571 -0.991268 -0.131607 0.443834 
1535382833801 0.235553 0.930695 -0.279858 -0.628807 -0.940007 0.291303 0.177565 -0.239429 0.246782 0.221242 0.943478 0.378208 0.189132 -0.129533 0.973371 0.37856 -0.98194 -0.0200464 0.18813 -0.489529 -0.00485637 -0.991372 -0.130985 0.443713 
1535382834035 0.235443 0.930612 -0.280227 -0.628483 -0.939855 0.29143 0.178163 -0.239321 0.247467 0.221426 0.943255 0.378329 0.189725 -0.128269 0.973423 0.378582 -0.981836 -0.0233152 0.188292 -0.489628 -0.00145659 -0.991465 -0.130363 0.443592 
1535382834295 0.235332 0.930529 -0.280596 -0.62816 -0.939702 0.291556 0.17876 -0.239215 0.248151 0.221608 0.943033 0.378449 0.190313 -0.127004 0.973474 0.378604 -0.981722 -0.0265836 0.188457 -0.489727 0.0019436 -0.991546 -0.129742 0.44347 
1535382834521 0.235221 0.930446 -0.280965 -0.627836 -0.939549 0.291683 0.179358 -0.239107 0.248835 0.221792 0.942809 0.37857 0.190897 -0.125736 0.973524 0.378626 -0.981596 -0.0298514 0.188624 -0.489827 0.00534412 -0.991614 -0.129121 0.443349 
1535382834772 0.23511 0.930363 -0.281334 -0.627513 -0.939395 0.29181 0.179955 -0.239 0.249519 0.221974 0.942586 0.37869 0.191477 -0.124467 0.973573 0.378648 -0.981458 -0.0331187 0.188793 -0.489926 0.00874497 -0.991671 -0.1285 0.443228 
1535382835015 0.234999 0.930279 -0.281703 -0.627189 -0.939241 0.291937 0.180552 -0.238892 0.250203 0.222157 0.942361 0.378811 0.192052 -0.123195 0.973622 0.37867 -0.98131 -0.0363853 0.188964 -0.490025 0.0121461 -0.991715 -0.127881 0.443107 
1535382835248 0.234887 0.930196 -0.282071 -0.626865 -0.939087 0.292064 0.181149 -0.238785 0.250887 0.22234 0.942136 0.378931 0.192622 -0.121922 0.973669 0.378692 -0.98115 -0.0396513 0.189137 -0.490124 0.0155474 -0.991747 -0.127261 0.442985 
1535382835510 0.234799 0.930253 -0.281955 -0.62711 -0.939221 0.291857 0.180784 -0.238815 0.250465 0.222371 0.942241 0.378845 0.192556 -0.122385 0.973624 0.37874 -0.981179 -0.0386431 0.189193 -0.490019 0.0144696 -0.99173 -0.127522 0.443024 
1535382835531 0.234905 0.930174 -0.282129 -0.626873 -0.939183 0.292002 0.180748 -0.238714 0.25051 0.222512 0.942196 0.37892 0.19204 -0.123015 0.973647 0.37874 -0.981301 -0.0372414 0.188844 -0.490032 0.0130292 -0.991706 -0.127867 0.443068 
1535382835696 0.235012 0.930093 -0.282305 -0.626632 -0.939144 0.292149 0.180712 -0.238611 0.250554 0.222655 0.94215 0.378997 0.191522 -0.123646 0.973669 0.378739 -0.98142 -0.03584 0.188496 -0.490045 0.0115896 -0.991679 -0.128212 0.443112 
1535382835861 0.235118 0.930013 -0.28248 -0.626392 -0.939106 0.292295 0.180676 -0.238508 0.250598 0.222799 0.942105 0.379073 0.191004 -0.124275 0.973691 0.378739 -0.981537 -0.0344382 0.188147 -0.490057 0.0101501 -0.99165 -0.128558 0.443156 
1535382836012 0.235225 0.929933 -0.282656 -0.626151 -0.939067 0.292442 0.180639 -0.238404 0.250643 0.222942 0.942059 0.379149 0.190484 -0.124904 0.973712 0.378739 -0.981652 -0.0330361 0.187799 -0.49007 0.00871085 -0.991619 -0.128905 0.4432 
1535382836171 0.235332 0.929852 -0.282832 -0.625909 -0.939029 0.292588 0.180603 -0.238301 0.250687 0.223085 0.942013 0.379226 0.189964 -0.125531 0.973733 0.378738 -0.981764 -0.0316338 0.187452 -0.490082 0.00727173 -0.991585 -0.129251 0.443244 
1535382836335 0.235438 0.929772 -0.283007 -0.625669 -0.93899 0.292734 0.180567 -0.238198 0.250732 0.223229 0.941967 0.379302 0.189442 -0.126158 0.973753 0.378738 -0.981875 -0.0302311 0.187105 -0.490095 0.00583277 -0.991549 -0.129599 0.443287 
1535382836499 0.235545 0.929691 -0.283183 -0.625427 -0.938951 0.292881 0.18053 -0.238095 0.250776 0.223372 0.941922 0.379378 0.18892 -0.126785 0.973774 0.378737 -0.981983 -0.0288282 0.186759 -0.490108 0.00439399 -0.991511 -0.129946 0.443331 
1535382836656 0.235652 0.929611 -0.283359 -0.625187 -0.938913 0.293027 0.180494 -0.237992 0.250821 0.223515 0.941876 0.379454 0.188397 -0.12741 0.973793 0.378737 -0.982089 -0.027425 0.186413 -0.49012 0.00295539 -0.991471 -0.130295 0.443375 
1535382836833 0.235758 0.92953 -0.283534 -0.624946 -0.938874 0.293173 0.180457 -0.237889 0.250865 0.223658 0.94183 0.379531 0.187872 -0.128035 0.973813 0.378737 -0.982192 -0.0260215 0.186067 -0.490133 0.00151697 -0.991428 -0.130643 0.443419 
1535382837013 0.235679 0.929587 -0.283416 -0.625145 -0.938902 0.293068 0.180486 -0.23798 0.250837 0.223563 0.94186 0.379456 0.188059 -0.127605 0.973833 0.378715 -0.982155 -0.0269893 0.186129 -0.490175 0.00253205 -0.991458 -0.130404 0.443376 
1535382837042 0.235677 0.929589 -0.283409 -0.624936 -0.938841 0.293119 0.180718 -0.23791 0.251066 0.223485 0.941818 0.379512 0.18831 -0.128413 0.973678 0.378731 -0.982105 -0.0275985 0.1863 -0.490275 0.00294862 -0.991337 -0.131312 0.443515 
1535382837065 0.235676 0.929591 -0.283403 -0.624721 -0.93878 0.293171 0.180949 -0.237838 0.251294 0.223408 0.941775 0.37957 0.188563 -0.129221 0.973522 0.378749 -0.982055 -0.0282085 0.186471 -0.490378 0.00336561 -0.991214 -0.132221 0.443654 
1535382837215 0.235675 0.929593 -0.283397 -0.624506 -0.938719 0.293223 0.181179 -0.237766 0.251522 0.223331 0.941732 0.379627 0.188816 -0.130029 0.973366 0.378766 -0.982005 -0.0288189 0.186643 -0.49048 0.00378238 -0.991091 -0.13313 0.443793 
1535382837302 0.235674 0.929595 -0.283391 -0.624291 -0.938659 0.293275 0.18141 -0.237694 0.25175 0.223254 0.94169 0.379684 0.189069 -0.130836 0.973208 0.378783 -0.981955 -0.0294291 0.186812 -0.490582 0.00419889 -0.990967 -0.13404 0.443933 
1535382837429 0.235672 0.929597 -0.283385 -0.624078 -0.938598 0.293327 0.181641 -0.237622 0.251978 0.223177 0.941647 0.379741 0.189323 -0.131644 0.97305 0.378801 -0.981904 -0.0300397 0.186982 -0.490684 0.00461517 -0.990842 -0.134949 0.444072 
1535382837506 0.235671 0.9296 -0.283379 -0.623862 -0.938537 0.293379 0.181872 -0.23755 0.252205 0.2231 0.941604 0.379799 0.189576 -0.132451 0.972891 0.378818 -0.981853 -0.0306502 0.18715 -0.490787 0.00503121 -0.990716 -0.135857 0.444211 
1535382837630 0.23567 0.929602 -0.283373 -0.623649 -0.938476 0.29343 0.182103 -0.237478 0.252433 0.223023 0.941562 0.379856 0.189831 -0.133257 0.972732 0.378835 -0.981802 -0.031261 0.187318 -0.490888 0.00544702 -0.990588 -0.136766 0.44435 
1535382837700 0.235669 0.929604 -0.283367 -0.623433 -0.938415 0.293482 0.182334 -0.237405 0.252661 0.222946 0.941519 0.379914 0.190085 -0.134064 0.972571 0.378852 -0.98175 -0.0318718 0.187486 -0.490991 0.00586258 -0.99046 -0.137675 0.444489 
1535382837836 0.235667 0.929606 -0.283361 -0.623219 -0.938354 0.293534 0.182564 -0.237333 0.252889 0.222868 0.941476 0.379971 0.19034 -0.13487 0.97241 0.378869 -0.981698 -0.0324828 0.187653 -0.491093 0.0062779 -0.990331 -0.138584 0.444629 
1535382837913 0.235468 0.929711 -0.283184 -0.623483 -0.938523 0.293204 0.182224 -0.237301 0.252447 0.222866 0.941595 0.379898 0.190174 -0.133953 0.972569 0.378885 -0.981735 -0.0315402 0.187623 -0.490933 0.00554249 -0.990486 -0.137504 0.444395 
1535382837931 0.235557 0.929704 -0.283131 -0.623298 -0.938523 0.293259 0.182138 -0.237225 0.252366 0.222821 0.941627 0.379946 0.190008 -0.133767 0.972627 0.378873 -0.981772 -0.0305344 0.187595 -0.490995 0.00460461 -0.990542 -0.13713 0.444352 
1535382837942 0.235646 0.929697 -0.283081 -0.623107 -0.938522 0.293315 0.182052 -0.237146 0.252285 0.222778 0.941659 0.379996 0.189841 -0.13358 0.972685 0.378861 -0.981808 -0.0295281 0.187566 -0.491056 0.00366631 -0.990598 -0.136756 0.444309 
1535382837951 0.235735 0.92969 -0.283031 -0.622916 -0.938521 0.293371 0.181965 -0.237066 0.252204 0.222735 0.941691 0.380045 0.189674 -0.133394 0.972743 0.378849 -0.981843 -0.0285218 0.187537 -0.491118 0.00272805 -0.990653 -0.136382 0.444266 
1535382838123 0.235823 0.929682 -0.28298 -0.622726 -0.938521 0.293426 0.181879 -0.236988 0.252123 0.222692 0.941723 0.380095 0.189507 -0.133208 0.972802 0.378837 -0.981878 -0.0275153 0.187507 -0.491179 0.00178955 -0.990706 -0.136008 0.444223 
1535382838178 0.235912 0.929675 -0.28293 -0.622535 -0.93852 0.293482 0.181792 -0.236909 0.252042 0.222648 0.941755 0.380144 0.18934 -0.133021 0.97286 0.378825 -0.981911 -0.026509 0.187477 -0.491241 0.000851118 -0.990759 -0.135634 0.44418 
1535382838319 0.236001 0.929668 -0.28288 -0.622344 -0.938519 0.293538 0.181706 -0.23683 0.251962 0.222605 0.941787 0.380194 0.189174 -0.132834 0.972917 0.378812 -0.981944 -0.0255026 0.187447 -0.491303 -8.74051e-05 -0.99081 -0.13526 0.444136 
1535382838374 0.23609 0.929661 -0.282829 -0.622154 -0.938519 0.293593 0.181619 -0.236751 0.251881 0.222562 0.941819 0.380243 0.189008 -0.132647 0.972975 0.3788 -0.981975 -0.0244963 0.187417 -0.491364 -0.00102589 -0.990861 -0.134886 0.444093 
1535382838508 0.236179 0.929653 -0.282779 -0.621963 -0.938518 0.293649 0.181532 -0.236672 0.2518 0.222519 0.94185 0.380292 0.188841 -0.13246 0.973033 0.378788 -0.982006 -0.0234896 0.187385 -0.491426 -0.00196475 -0.99091 -0.134512 0.44405 
1535382838566 0.236268 0.929646 -0.282728 -0.621773 -0.938517 0.293705 0.181446 -0.236593 0.251719 0.222475 0.941882 0.380342 0.188675 -0.132272 0.973091 0.378776 -0.982035 -0.0224831 0.187353 -0.491487 -0.00290347 -0.990958 -0.134138 0.444007 
1535382838737 0.23611 0.929637 -0.282891 -0.621998 -0.938539 0.293602 0.181502 -0.236704 0.251788 0.22265 0.941823 0.38024 0.189016 -0.132678 0.972969 0.378833 -0.981973 -0.0243655 0.187443 -0.491354 -0.0011627 -0.99086 -0.134892 0.444036 
1535382838753 0.236128 0.929646 -0.282847 -0.621725 -0.938537 0.293608 0.181501 -0.236599 0.251778 0.222605 0.941836 0.380312 0.18864 -0.132085 0.973123 0.378805 -0.982044 -0.0234263 0.187189 -0.491436 -0.00192824 -0.990961 -0.134133 0.443928 
1535382838768 0.236146 0.929654 -0.282804 -0.621448 -0.938535 0.293615 0.1815 -0.236491 0.251768 0.222561 0.941849 0.380384 0.188263 -0.131492 0.973276 0.378776 -0.982115 -0.022487 0.186935 -0.491518 -0.00269429 -0.991062 -0.133373 0.443821 
1535382838941 0.236164 0.929663 -0.282761 -0.621171 -0.938533 0.293621 0.181499 -0.236384 0.251758 0.222517 0.941862 0.380456 0.187888 -0.130898 0.973429 0.378748 -0.982184 -0.0215479 0.18668 -0.491601 -0.00346065 -0.991162 -0.132614 0.443713 
1535382839099 0.236181 0.929671 -0.282718 -0.620893 -0.938532 0.293627 0.181499 -0.236276 0.251748 0.222473 0.941875 0.380529 0.187513 -0.130303 0.973581 0.378719 -0.982253 -0.0206089 0.186425 -0.491683 -0.00422729 -0.99126 -0.131855 0.443605 
1535382839248 0.236199 0.92968 -0.282675 -0.620615 -0.93853 0.293633 0.181498 -0.236168 0.251738 0.22243 0.941888 0.380602 0.187138 -0.129708 0.973733 0.378691 -0.982321 -0.01967 0.186168 -0.491765 -0.00499423 -0.991357 -0.131096 0.443498 
1535382839422 0.236217 0.929688 -0.282633 -0.620336 -0.938528 0.29364 0.181497 -0.23606 0.251728 0.222386 0.941901 0.380674 0.186763 -0.129113 0.973884 0.378662 -0.982388 -0.0187312 0.18591 -0.491847 -0.00576146 -0.991453 -0.130337 0.44339 
1535382839610 0.236235 0.929697 -0.282589 -0.620059 -0.938526 0.293646 0.181496 -0.235953 0.251718 0.222342 0.941914 0.380747 0.186389 -0.128517 0.974034 0.378634 -0.982454 -0.0177927 0.185653 -0.491929 -0.00652896 -0.991548 -0.129579 0.443282 
1535382839764 0.236253 0.929705 -0.282546 -0.619783 -0.938524 0.293652 0.181496 -0.235846 0.251708 0.222298 0.941927 0.380819 0.186016 -0.127921 0.974184 0.378605 -0.98252 -0.0168542 0.185394 -0.492011 -0.00729676 -0.991641 -0.12882 0.443174 
1535382839912 0.23627 0.929714 -0.282504 -0.619504 -0.938523 0.293658 0.181495 -0.235738 0.251698 0.222254 0.94194 0.380892 0.185642 -0.127325 0.974333 0.378577 -0.982584 -0.0159158 0.185134 -0.492093 -0.00806485 -0.991733 -0.128062 0.443067 
1535382840070 0.236253 0.929724 -0.282484 -0.619725 -0.938539 0.293626 0.181459 -0.235863 0.251651 0.222252 0.941953 0.380899 0.186201 -0.12823 0.974108 0.378631 -0.982487 -0.0173 0.185525 -0.491953 -0.0069379 -0.991594 -0.129206 0.443209 
1535382840083 0.236353 0.929679 -0.282551 -0.619437 -0.938545 0.293707 0.181298 -0.23576 0.251536 0.222336 0.941964 0.380984 0.186024 -0.127063 0.974295 0.378601 -0.982525 -0.0177555 0.18528 -0.492058 -0.00624317 -0.991736 -0.128146 0.443047 
1535382840245 0.236454 0.929632 -0.282619 -0.619146 -0.938551 0.29379 0.181135 -0.235655 0.25142 0.222422 0.941975 0.381069 0.185846 -0.125895 0.97448 0.378571 -0.982563 -0.0182111 0.185035 -0.492163 -0.00554854 -0.991876 -0.127084 0.442885 
1535382840391 0.236555 0.929586 -0.282687 -0.618854 -0.938556 0.293872 0.180973 -0.235551 0.251304 0.222507 0.941986 0.381155 0.185667 -0.124727 0.974664 0.378541 -0.982601 -0.0186672 0.18479 -0.492268 -0.00485405 -0.992016 -0.126022 0.442723 
1535382840560 0.236656 0.929539 -0.282755 -0.618562 -0.938562 0.293954 0.180811 -0.235446 0.251188 0.222593 0.941996 0.381241 0.185488 -0.123558 0.974848 0.378511 -0.982638 -0.0191234 0.184546 -0.492373 -0.00415981 -0.992153 -0.12496 0.442561 
1535382840736 0.236758 0.929493 -0.282822 -0.618272 -0.938567 0.294036 0.180649 -0.235342 0.251072 0.222678 0.942007 0.381326 0.185307 -0.12239 0.975029 0.378481 -0.982674 -0.01958 0.184303 -0.492478 -0.00346572 -0.992289 -0.123898 0.442398 
1535382840894 0.236859 0.929446 -0.282891 -0.617979 -0.938573 0.294118 0.180487 -0.235236 0.250956 0.222763 0.942018 0.381412 0.185126 -0.121221 0.97521 0.378452 -0.982711 -0.0200368 0.18406 -0.492584 -0.00277186 -0.992423 -0.122835 0.442236 
1535382841078 0.23696 0.9294 -0.282958 -0.617688 -0.938578 0.294201 0.180325 -0.235132 0.25084 0.222849 0.942028 0.381497 0.184944 -0.120052 0.975389 0.378422 -0.982747 -0.0204939 0.183817 -0.492689 -0.00207819 -0.992556 -0.121771 0.442074 
1535382841247 0.237061 0.929353 -0.283027 -0.617396 -0.938584 0.294283 0.180163 -0.235027 0.250725 0.222934 0.942039 0.381583 0.184762 -0.118884 0.975566 0.378392 -0.982782 -0.0209513 0.183575 -0.492794 -0.00138469 -0.992687 -0.120708 0.441912 
1535382841441 0.237163 0.929307 -0.283094 -0.617104 -0.938589 0.294365 0.18 -0.234922 0.250609 0.22302 0.94205 0.381668 0.184578 -0.117715 0.975743 0.378362 -0.982818 -0.021409 0.183333 -0.492899 -0.000691422 -0.992817 -0.119644 0.44175 
1535382841663 0.237145 0.929322 -0.283061 -0.617288 -0.938556 0.294375 0.180156 -0.234991 0.250749 0.222945 0.94203 0.381575 0.184846 -0.1187 0.975573 0.378408 -0.982767 -0.0212275 0.183626 -0.492764 -0.00108752 -0.992703 -0.120578 0.441887 
1535382841685 0.237181 0.92926 -0.283235 -0.616963 -0.938438 0.294539 0.1805 -0.234893 0.251155 0.222987 0.941912 0.38166 0.18474 -0.118067 0.97567 0.378397 -0.982787 -0.0212207 0.183519 -0.492879 -0.000963263 -0.992779 -0.119955 0.44178 
1535382841701 0.237224 0.929196 -0.283408 -0.616642 -0.938319 0.29471 0.180841 -0.234802 0.251559 0.223027 0.941794 0.381744 0.184634 -0.117435 0.975766 0.378387 -0.982807 -0.0212143 0.183413 -0.492995 -0.000838897 -0.992854 -0.119333 0.441674 
1535382841911 0.237266 0.929132 -0.283581 -0.616321 -0.9382 0.29488 0.181181 -0.234712 0.251964 0.223068 0.941677 0.381827 0.184528 -0.116802 0.975862 0.378376 -0.982827 -0.0212079 0.183307 -0.49311 -0.000714589 -0.992929 -0.11871 0.441567 
1535382842076 0.237309 0.929068 -0.283754 -0.616 -0.93808 0.295051 0.181522 -0.234621 0.252368 0.223108 0.941559 0.38191 0.184422 -0.116169 0.975957 0.378366 -0.982847 -0.0212017 0.183201 -0.493226 -0.000590346 -0.993003 -0.118087 0.441461 
