1535379385757 0.24288 0.929531 -0.277455 -0.637448 -0.938057 0.297913 0.176911 -0.24424 0.247101 0.217301 0.94431 0.374867 0.185491 -0.144053 0.97203 0.381849 -0.981096 0.0283928 0.191429 -0.488925 -0.0551744 -0.989163 -0.136063 0.44744 
1535379385780 0.243376 0.929241 -0.277992 -0.637463 -0.938082 0.298353 0.176033 -0.244008 0.246517 0.217938 0.944316 0.374762 0.181781 -0.141402 0.973119 0.381779 -0.981238 0.0385687 0.188902 -0.488289 -0.0642432 -0.989201 -0.131738 0.446603 
1535379386089 0.243873 0.92895 -0.278528 -0.637476 -0.938106 0.298793 0.175155 -0.243775 0.245932 0.218574 0.944321 0.374658 0.178093 -0.138714 0.974188 0.381709 -0.981278 0.0487343 0.186329 -0.487651 -0.0733227 -0.989133 -0.127437 0.445766 
1535379386219 0.244371 0.928658 -0.279064 -0.637489 -0.93813 0.299233 0.174276 -0.243541 0.245348 0.21921 0.944326 0.374554 0.174428 -0.135985 0.975235 0.381638 -0.981215 0.0588881 0.183709 -0.487012 -0.0824115 -0.988959 -0.123159 0.444929 
1535379386414 0.244869 0.928366 -0.2796 -0.637502 -0.938152 0.299673 0.173397 -0.243308 0.244764 0.219847 0.944329 0.37445 0.170787 -0.133217 0.976261 0.381567 -0.981049 0.069029 0.181044 -0.486373 -0.0915084 -0.98868 -0.118903 0.444091 
1535379386976 0.245368 0.928073 -0.280135 -0.637516 -0.938174 0.300112 0.172517 -0.243075 0.24418 0.220485 0.944332 0.374346 0.16717 -0.13041 0.977265 0.381496 -0.980781 0.0791555 0.178334 -0.485734 -0.100612 -0.988295 -0.114671 0.443254 
1535379387296 0.245866 0.92778 -0.280669 -0.637528 -0.938195 0.30055 0.171638 -0.242842 0.243597 0.221122 0.944333 0.374242 0.163577 -0.127564 0.978248 0.381425 -0.98041 0.0892668 0.175579 -0.485094 -0.109723 -0.987805 -0.110463 0.442417 
1535379387468 0.246365 0.927485 -0.281203 -0.637541 -0.938216 0.300987 0.170757 -0.242609 0.243013 0.22176 0.944334 0.374138 0.160009 -0.12468 0.97921 0.381354 -0.979936 0.0993614 0.172779 -0.484456 -0.118838 -0.987209 -0.106279 0.441579 
1535379387636 0.246865 0.927191 -0.281736 -0.637555 -0.938235 0.301424 0.169877 -0.242376 0.24243 0.222398 0.944334 0.374033 0.156467 -0.121757 0.98015 0.381284 -0.97936 0.109438 0.169935 -0.483817 -0.127957 -0.986508 -0.102121 0.440742 
1535379387784 0.247364 0.926896 -0.282268 -0.637567 -0.938254 0.30186 0.168996 -0.242142 0.241847 0.223036 0.944333 0.373929 0.152949 -0.118797 0.981068 0.381212 -0.978681 0.119496 0.167047 -0.483177 -0.137079 -0.985702 -0.0979878 0.439905 
1535379388137 0.24708 0.927065 -0.281962 -0.637558 -0.938246 0.301609 0.169491 -0.242279 0.242171 0.222671 0.944336 0.374031 0.156886 -0.12213 0.980036 0.381414 -0.979555 0.107293 0.170179 -0.483869 -0.125935 -0.986698 -0.1028 0.441049 
1535379388481 0.246363 0.927036 -0.282683 -0.637481 -0.938194 0.301277 0.170365 -0.242317 0.2431 0.22324 0.943963 0.374077 0.159609 -0.122402 0.979563 0.381446 -0.979801 0.101455 0.172325 -0.484177 -0.120474 -0.987281 -0.103737 0.44129 
1535379388492 0.245645 0.927006 -0.283404 -0.637404 -0.938141 0.300947 0.171239 -0.242354 0.244029 0.223809 0.943589 0.374123 0.162334 -0.122658 0.979083 0.38148 -0.98001 0.0956132 0.174466 -0.48449 -0.115013 -0.987833 -0.104685 0.441531 
1535379388928 0.244927 0.926976 -0.284124 -0.637326 -0.938087 0.300617 0.172113 -0.242391 0.244957 0.224378 0.943213 0.374169 0.165058 -0.122897 0.978597 0.381513 -0.980181 0.089768 0.176599 -0.484802 -0.10955 -0.988351 -0.105645 0.441772 
1535379389319 0.244209 0.926945 -0.284844 -0.637248 -0.938031 0.300288 0.172988 -0.242428 0.245885 0.224947 0.942836 0.374216 0.167784 -0.123121 0.978105 0.381547 -0.980313 0.0839194 0.178726 -0.485115 -0.104087 -0.988837 -0.106616 0.442013 
1535379389619 0.243489 0.926913 -0.285562 -0.637171 -0.937975 0.299959 0.173862 -0.242465 0.246812 0.225517 0.942457 0.374262 0.170509 -0.123328 0.977608 0.38158 -0.980408 0.0780676 0.180846 -0.485427 -0.0986228 -0.989291 -0.1076 0.442254 
1535379389890 0.242769 0.92688 -0.28628 -0.637093 -0.937917 0.29963 0.174737 -0.242502 0.247738 0.226086 0.942078 0.374308 0.173235 -0.123518 0.977104 0.381614 -0.980465 0.0722127 0.182959 -0.48574 -0.0931582 -0.989711 -0.108596 0.442495 
1535379389912 0.242048 0.926847 -0.286997 -0.637016 -0.937859 0.299302 0.175612 -0.242539 0.248664 0.226656 0.941697 0.374354 0.17596 -0.123693 0.976595 0.381648 -0.980483 0.0663552 0.185065 -0.486052 -0.0876934 -0.9901 -0.109603 0.442736 
1535379390186 0.241327 0.926813 -0.287714 -0.636938 -0.937799 0.298974 0.176487 -0.242577 0.249589 0.227227 0.941315 0.3744 0.178686 -0.123851 0.97608 0.381681 -0.980464 0.0604951 0.187164 -0.486363 -0.0822286 -0.990455 -0.110622 0.442976 
1535379390571 0.240604 0.926778 -0.288429 -0.63686 -0.937738 0.298647 0.177361 -0.242614 0.250513 0.227797 0.940931 0.374447 0.181411 -0.123993 0.975559 0.381715 -0.980407 0.0546327 0.189256 -0.486677 -0.0767639 -0.990778 -0.111653 0.443218 
1535379390868 0.24124 0.926818 -0.287771 -0.636923 -0.937782 0.298938 0.176638 -0.242584 0.249737 0.227254 0.941269 0.374426 0.181034 -0.124126 0.975612 0.381693 -0.980387 0.0557901 0.189019 -0.486573 -0.0778916 -0.990697 -0.111592 0.44306 
1535379390875 0.240981 0.926769 -0.288143 -0.636925 -0.937874 0.29874 0.176486 -0.242617 0.249642 0.227712 0.941183 0.374502 0.182364 -0.122509 0.975569 0.381706 -0.980534 0.0507779 0.189669 -0.486715 -0.0727736 -0.991168 -0.110864 0.442975 
1535379391161 0.240724 0.92672 -0.288517 -0.636925 -0.937965 0.298543 0.176334 -0.24265 0.249547 0.228171 0.941097 0.374577 0.183687 -0.120886 0.975523 0.38172 -0.980654 0.045766 0.190324 -0.486862 -0.0676532 -0.991611 -0.11014 0.442891 
1535379391414 0.240467 0.92667 -0.28889 -0.636925 -0.938056 0.298346 0.176182 -0.242683 0.249452 0.228629 0.941011 0.374653 0.185001 -0.119255 0.975476 0.381735 -0.980747 0.0407539 0.190983 -0.487009 -0.0625301 -0.992027 -0.109419 0.442806 
1535379391421 0.24021 0.926621 -0.289263 -0.636926 -0.938147 0.29815 0.17603 -0.242716 0.249357 0.229087 0.940925 0.374729 0.186306 -0.117618 0.975426 0.381749 -0.980813 0.0357419 0.191645 -0.487156 -0.0574045 -0.992416 -0.108702 0.442722 
1535379391791 0.239953 0.92657 -0.289637 -0.636927 -0.938238 0.297953 0.175879 -0.242749 0.249262 0.229546 0.940839 0.374805 0.187603 -0.115974 0.975374 0.381763 -0.980853 0.0307301 0.19231 -0.487302 -0.0522763 -0.992777 -0.107988 0.442637 
1535379391798 0.239697 0.92652 -0.290011 -0.636927 -0.938329 0.297756 0.175727 -0.242781 0.249167 0.230004 0.940752 0.374881 0.188891 -0.114323 0.975321 0.381778 -0.980866 0.0257186 0.19298 -0.487449 -0.0471458 -0.993111 -0.107277 0.442553 
1535379392209 0.23944 0.92647 -0.290384 -0.636927 -0.93842 0.297559 0.175575 -0.242814 0.249071 0.230462 0.940665 0.374956 0.19017 -0.112665 0.975265 0.381792 -0.980852 0.0207076 0.193652 -0.487595 -0.0420132 -0.993417 -0.10657 0.442468 
1535379392476 0.239183 0.926419 -0.290757 -0.636928 -0.938511 0.297362 0.175424 -0.242847 0.248976 0.230921 0.940578 0.375032 0.191441 -0.111001 0.975207 0.381807 -0.980811 0.0156971 0.194328 -0.487743 -0.0368785 -0.993696 -0.105866 0.442384 
1535379392733 0.238926 0.926368 -0.291131 -0.636928 -0.938602 0.297165 0.175272 -0.24288 0.24888 0.231379 0.940491 0.375108 0.192703 -0.10933 0.975147 0.381821 -0.980744 0.0106874 0.195007 -0.487889 -0.0317419 -0.993948 -0.105165 0.442299 
1535379393053 0.239144 0.926403 -0.29084 -0.636924 -0.938514 0.297347 0.175434 -0.24283 0.249003 0.231004 0.94055 0.374992 0.192473 -0.109576 0.975165 0.381841 -0.980756 0.0116607 0.194887 -0.487862 -0.032726 -0.99391 -0.105223 0.442297 
1535379393072 0.238874 0.926546 -0.290605 -0.636958 -0.938664 0.29697 0.175269 -0.242905 0.248696 0.230913 0.940654 0.375038 0.192358 -0.1103 0.975106 0.381816 -0.980767 0.0118939 0.19482 -0.487889 -0.0330865 -0.993827 -0.105891 0.442373 
1535379393204 0.238603 0.92669 -0.290369 -0.636996 -0.938814 0.296592 0.175105 -0.242981 0.248389 0.230822 0.940757 0.375083 0.192242 -0.111026 0.975047 0.381791 -0.980777 0.0121269 0.194752 -0.487917 -0.033447 -0.993743 -0.106561 0.442449 
1535379393251 0.238332 0.926834 -0.290133 -0.637034 -0.938964 0.296214 0.17494 -0.243058 0.248082 0.23073 0.940861 0.375129 0.192126 -0.111752 0.974987 0.381766 -0.980788 0.0123599 0.194685 -0.487944 -0.0338073 -0.993659 -0.10723 0.442525 
1535379393367 0.238062 0.926977 -0.289897 -0.637073 -0.939113 0.295837 0.174776 -0.243135 0.247775 0.230638 0.940964 0.375174 0.192009 -0.112478 0.974926 0.381741 -0.980798 0.0125931 0.194618 -0.487971 -0.0341677 -0.993574 -0.1079 0.442601 
1535379393389 0.237791 0.927121 -0.28966 -0.637112 -0.939263 0.295459 0.174611 -0.243212 0.247468 0.230546 0.941067 0.375219 0.191892 -0.113204 0.974865 0.381716 -0.980808 0.0128262 0.194552 -0.487999 -0.0345278 -0.993489 -0.10857 0.442678 
1535379393495 0.23752 0.927264 -0.289424 -0.63715 -0.939412 0.295081 0.174446 -0.243288 0.247161 0.230455 0.941171 0.375264 0.191776 -0.113929 0.974804 0.381691 -0.980819 0.0130594 0.194485 -0.488026 -0.0348879 -0.993403 -0.109239 0.442754 
1535379393521 0.237248 0.927407 -0.289188 -0.637189 -0.939562 0.294703 0.174281 -0.243365 0.246854 0.230362 0.941274 0.375309 0.191659 -0.114654 0.974742 0.381666 -0.980828 0.0132926 0.194419 -0.488053 -0.0352478 -0.993317 -0.109909 0.44283 
1535379393680 0.236977 0.92755 -0.288952 -0.637227 -0.939711 0.294325 0.174116 -0.243442 0.246547 0.23027 0.941377 0.375355 0.191541 -0.11538 0.974679 0.381641 -0.980839 0.0135261 0.194352 -0.48808 -0.035608 -0.993229 -0.110578 0.442906 
1535379393728 0.236705 0.927693 -0.288716 -0.637266 -0.93986 0.293947 0.173951 -0.243519 0.246241 0.230177 0.94148 0.3754 0.191423 -0.116105 0.974616 0.381616 -0.980848 0.0137595 0.194286 -0.488108 -0.0359679 -0.993142 -0.111248 0.442982 
1535379393854 0.23735 0.927412 -0.289088 -0.637186 -0.939533 0.294784 0.1743 -0.243471 0.246866 0.230238 0.941301 0.37533 0.191808 -0.114529 0.974727 0.381703 -0.980798 0.0133238 0.194568 -0.488016 -0.0352708 -0.993331 -0.109774 0.442746 
1535379393859 0.23707 0.927585 -0.288762 -0.637225 -0.939698 0.294368 0.174114 -0.243583 0.246508 0.230072 0.941436 0.375323 0.19128 -0.116033 0.974653 0.381675 -0.980849 0.0145501 0.194228 -0.488045 -0.0367181 -0.993139 -0.111027 0.442893 
1535379393874 0.236789 0.927759 -0.288434 -0.637269 -0.939862 0.293951 0.173929 -0.243697 0.246149 0.229904 0.94157 0.375316 0.190749 -0.117536 0.974577 0.381648 -0.980897 0.0157761 0.193889 -0.488073 -0.0381639 -0.992943 -0.112281 0.443039 
1535379394093 0.236509 0.927932 -0.288106 -0.637312 -0.940027 0.293535 0.173743 -0.24381 0.245791 0.229736 0.941705 0.375309 0.190217 -0.119038 0.974499 0.38162 -0.980943 0.0170025 0.193551 -0.488101 -0.039609 -0.992744 -0.113536 0.443186 
1535379394107 0.236228 0.928106 -0.287778 -0.637356 -0.940191 0.293119 0.173557 -0.243924 0.245432 0.229567 0.94184 0.375301 0.189682 -0.12054 0.974418 0.381592 -0.980987 0.0182294 0.193216 -0.488129 -0.0410532 -0.992541 -0.11479 0.443332 
1535379394354 0.235947 0.928279 -0.28745 -0.6374 -0.940355 0.292702 0.17337 -0.244038 0.245073 0.229399 0.941974 0.375294 0.189145 -0.12204 0.974336 0.381564 -0.981029 0.0194569 0.192881 -0.488157 -0.0424968 -0.992334 -0.116045 0.443479 
1535379394562 0.235666 0.928452 -0.287122 -0.637443 -0.940519 0.292286 0.173184 -0.244152 0.244715 0.229231 0.942108 0.375287 0.188605 -0.12354 0.974251 0.381536 -0.981069 0.0206848 0.192548 -0.488185 -0.0439395 -0.992124 -0.1173 0.443625 
1535379394772 0.235385 0.928624 -0.286794 -0.637488 -0.940683 0.291869 0.172997 -0.244266 0.244356 0.229062 0.942243 0.375279 0.188064 -0.125039 0.974165 0.381508 -0.981108 0.0219131 0.192217 -0.488213 -0.0453815 -0.99191 -0.118555 0.443772 
1535379394962 0.235103 0.928797 -0.286467 -0.637531 -0.940846 0.291453 0.17281 -0.24438 0.243997 0.228893 0.942376 0.375272 0.18752 -0.126536 0.974076 0.38148 -0.981144 0.023142 0.191887 -0.488242 -0.0468227 -0.991692 -0.119811 0.443918 
1535379395136 0.234822 0.928969 -0.286139 -0.637576 -0.94101 0.291036 0.172624 -0.244494 0.243639 0.228723 0.94251 0.375264 0.186974 -0.128033 0.973986 0.381452 -0.981179 0.0243713 0.191558 -0.488269 -0.0482631 -0.99147 -0.121067 0.444065 
1535379395359 0.235189 0.928745 -0.286563 -0.637517 -0.94078 0.291595 0.172932 -0.24433 0.24417 0.228921 0.942325 0.375331 0.187311 -0.127283 0.974019 0.381477 -0.981146 0.0238248 0.191795 -0.488213 -0.047618 -0.99158 -0.12042 0.443971 
1535379395373 0.235604 0.928705 -0.286353 -0.637503 -0.940714 0.291916 0.172748 -0.244312 0.244023 0.228676 0.942422 0.375296 0.187018 -0.128122 0.973966 0.381475 -0.981145 0.0248648 0.191667 -0.488268 -0.0487743 -0.991447 -0.121056 0.444044 
1535379395522 0.236021 0.928664 -0.286144 -0.637485 -0.940648 0.292238 0.172565 -0.244292 0.243877 0.228432 0.94252 0.375262 0.186722 -0.128963 0.973911 0.381474 -0.981143 0.0259052 0.191538 -0.48832 -0.0499307 -0.991311 -0.121694 0.44412 
1535379395651 0.236437 0.928622 -0.285934 -0.637468 -0.940581 0.29256 0.172381 -0.244272 0.24373 0.228187 0.942617 0.375227 0.186426 -0.129803 0.973857 0.381473 -0.98114 0.0269452 0.191411 -0.488373 -0.0510864 -0.991174 -0.122331 0.444195 
1535379395790 0.236853 0.928581 -0.285725 -0.637449 -0.940515 0.292882 0.172198 -0.244252 0.243584 0.227943 0.942714 0.375193 0.186128 -0.130642 0.973801 0.381471 -0.981136 0.0279856 0.191284 -0.488426 -0.0522422 -0.991034 -0.122969 0.44427 
1535379395801 0.237269 0.928539 -0.285516 -0.637431 -0.940448 0.293204 0.172015 -0.244232 0.243437 0.227699 0.942811 0.375159 0.185828 -0.131482 0.973746 0.38147 -0.98113 0.0290262 0.191157 -0.488479 -0.0533977 -0.990894 -0.123607 0.444345 
1535379395922 0.237684 0.928497 -0.285306 -0.637414 -0.940381 0.293526 0.171832 -0.244212 0.24329 0.227454 0.942907 0.375124 0.185529 -0.13232 0.973689 0.381468 -0.981123 0.0300665 0.191032 -0.488531 -0.0545527 -0.990751 -0.124244 0.44442 
1535379395952 0.2381 0.928455 -0.285096 -0.637395 -0.940314 0.293849 0.171648 -0.244191 0.243143 0.22721 0.943004 0.37509 0.185228 -0.133159 0.973632 0.381467 -0.981115 0.0311071 0.190906 -0.488584 -0.0557076 -0.990606 -0.124882 0.444495 
1535379396122 0.238516 0.928413 -0.284886 -0.637377 -0.940246 0.294171 0.171465 -0.244172 0.242996 0.226966 0.943101 0.375056 0.184926 -0.133996 0.973574 0.381465 -0.981106 0.0321477 0.190781 -0.488637 -0.0568622 -0.99046 -0.12552 0.444569 
1535379396327 0.238932 0.92837 -0.284676 -0.637358 -0.940179 0.294493 0.171282 -0.244151 0.242849 0.226722 0.943198 0.375021 0.184624 -0.134834 0.973516 0.381464 -0.981095 0.0331883 0.190658 -0.48869 -0.0580165 -0.990312 -0.126158 0.444644 
1535379396492 0.238597 0.92833 -0.285089 -0.637376 -0.94024 0.294272 0.171328 -0.244227 0.242942 0.227173 0.943065 0.375004 0.184755 -0.134217 0.973576 0.381428 -0.981121 0.0324233 0.190657 -0.488699 -0.057156 -0.990421 -0.125693 0.444561 
1535379396508 0.239279 0.928231 -0.284838 -0.637188 -0.940123 0.294824 0.17102 -0.244128 0.242723 0.226861 0.943196 0.375033 0.184779 -0.134238 0.973569 0.381467 -0.981126 0.0322579 0.190661 -0.488803 -0.0569992 -0.990424 -0.125744 0.444535 
1535379396525 0.239961 0.928132 -0.284588 -0.636996 -0.940006 0.295375 0.170711 -0.244027 0.242502 0.226551 0.943328 0.375064 0.184801 -0.134259 0.973562 0.381506 -0.981131 0.0320925 0.190664 -0.488908 -0.0568424 -0.990426 -0.125795 0.444509 
1535379396726 0.240643 0.928032 -0.284338 -0.636802 -0.939889 0.295926 0.170402 -0.243925 0.242281 0.226241 0.943459 0.375095 0.184824 -0.134279 0.973555 0.381545 -0.981135 0.0319272 0.190667 -0.489014 -0.0566856 -0.990429 -0.125845 0.444484 
1535379396885 0.241324 0.927931 -0.284088 -0.636609 -0.939771 0.296478 0.170093 -0.243823 0.24206 0.22593 0.94359 0.375125 0.184848 -0.1343 0.973548 0.381585 -0.98114 0.0317618 0.190671 -0.489119 -0.0565288 -0.990432 -0.125896 0.444458 
1535379397043 0.242006 0.927831 -0.283837 -0.636417 -0.939653 0.297029 0.169784 -0.243722 0.241838 0.22562 0.943721 0.375155 0.184871 -0.134321 0.97354 0.381624 -0.981145 0.0315964 0.190675 -0.489224 -0.056372 -0.990434 -0.125947 0.444432 
1535379397189 0.242687 0.927729 -0.283587 -0.636223 -0.939534 0.29758 0.169475 -0.24362 0.241617 0.22531 0.943852 0.375186 0.184894 -0.134342 0.973533 0.381663 -0.981149 0.0314311 0.190678 -0.489329 -0.0562152 -0.990436 -0.125998 0.444406 
1535379397339 0.243369 0.927627 -0.283335 -0.636031 -0.939415 0.298132 0.169166 -0.243519 0.241395 0.225 0.943983 0.375216 0.184917 -0.134362 0.973526 0.381702 -0.981154 0.0312657 0.190681 -0.489434 -0.0560584 -0.990439 -0.126049 0.44438 
1535379397350 0.24405 0.927525 -0.283084 -0.635837 -0.939295 0.298683 0.168858 -0.243417 0.241172 0.22469 0.944113 0.375247 0.18494 -0.134383 0.973518 0.381741 -0.981159 0.0311003 0.190685 -0.489539 -0.0559015 -0.990441 -0.126099 0.444355 
1535379397570 0.244731 0.927423 -0.282833 -0.635645 -0.939175 0.299234 0.16855 -0.243316 0.24095 0.22438 0.944244 0.375278 0.184963 -0.134404 0.973511 0.381781 -0.981163 0.030935 0.190688 -0.489644 -0.0557447 -0.990444 -0.12615 0.444329 
1535379397748 0.244172 0.927515 -0.283012 -0.635798 -0.939304 0.298749 0.168692 -0.243403 0.241014 0.224645 0.944165 0.375253 0.184937 -0.134308 0.97353 0.381777 -0.981161 0.0310757 0.190674 -0.48954 -0.0558621 -0.990452 -0.12603 0.444414 
1535379397755 0.244435 0.927415 -0.283113 -0.635428 -0.939193 0.299058 0.168764 -0.243274 0.241181 0.224646 0.944122 0.375395 0.185416 -0.133796 0.973509 0.381816 -0.981067 0.0311819 0.191141 -0.489713 -0.0559297 -0.990518 -0.125481 0.444271 
1535379397818 0.244698 0.927315 -0.283215 -0.635054 -0.939081 0.299368 0.168836 -0.243142 0.24135 0.224648 0.944078 0.375538 0.185896 -0.133285 0.973487 0.381855 -0.980972 0.0312883 0.191609 -0.489887 -0.0559973 -0.990584 -0.124932 0.444129 
1535379398002 0.244961 0.927214 -0.283317 -0.634681 -0.938969 0.299678 0.168908 -0.243011 0.241518 0.22465 0.944035 0.375681 0.186376 -0.132774 0.973465 0.381894 -0.980877 0.0313948 0.192077 -0.490062 -0.0560646 -0.990649 -0.124383 0.443986 
1535379398200 0.245224 0.927113 -0.283418 -0.634306 -0.938857 0.299988 0.16898 -0.242879 0.241686 0.224651 0.943991 0.375824 0.186856 -0.132263 0.973443 0.381933 -0.980782 0.0315017 0.192545 -0.490236 -0.0561316 -0.990714 -0.123834 0.443844 
1535379398219 0.245487 0.927013 -0.28352 -0.633931 -0.938745 0.300298 0.169053 -0.242748 0.241854 0.224653 0.943948 0.375967 0.187336 -0.131752 0.97342 0.381972 -0.980687 0.0316087 0.193013 -0.49041 -0.0561983 -0.990779 -0.123286 0.443701 
1535379398401 0.24575 0.926912 -0.283622 -0.633558 -0.938633 0.300607 0.169125 -0.242617 0.242023 0.224655 0.943904 0.37611 0.187816 -0.13124 0.973397 0.382011 -0.980591 0.031716 0.193481 -0.490584 -0.0562648 -0.990843 -0.122736 0.443559 
1535379398653 0.246013 0.926811 -0.283724 -0.633183 -0.938521 0.300917 0.169197 -0.242485 0.242191 0.224656 0.943861 0.376253 0.188297 -0.13073 0.973373 0.38205 -0.980495 0.0318236 0.193949 -0.490758 -0.056331 -0.990907 -0.122187 0.443416 
1535379398847 0.246276 0.92671 -0.283826 -0.632809 -0.938408 0.301227 0.169269 -0.242354 0.242359 0.224658 0.943817 0.376396 0.188777 -0.130219 0.973348 0.38209 -0.980399 0.0319314 0.194416 -0.490932 -0.0563969 -0.990971 -0.121638 0.443274 
1535379399035 0.246539 0.926609 -0.283928 -0.632434 -0.938296 0.301537 0.169341 -0.242222 0.242527 0.224659 0.943774 0.376539 0.189257 -0.129708 0.973323 0.382129 -0.980303 0.0320394 0.194883 -0.491107 -0.0564626 -0.991035 -0.121089 0.443131 
1535379399279 0.2466 0.926625 -0.283821 -0.632602 -0.938343 0.301518 0.169116 -0.242381 0.242284 0.224617 0.943846 0.376437 0.188775 -0.130364 0.973329 0.382092 -0.980403 0.031849 0.194412 -0.490937 -0.056344 -0.990954 -0.121797 0.443261 
1535379399349 0.246481 0.926546 -0.284184 -0.632113 -0.938163 0.301665 0.169847 -0.242198 0.2431 0.224747 0.943606 0.376607 0.189531 -0.13031 0.973189 0.382151 -0.980353 0.0300458 0.194949 -0.491077 -0.0546441 -0.991018 -0.122055 0.443241 
1535379399640 0.246366 0.926464 -0.284549 -0.631624 -0.937983 0.301817 0.17057 -0.242027 0.243908 0.224879 0.943365 0.376775 0.190286 -0.130255 0.973049 0.38221 -0.9803 0.0282422 0.195484 -0.491219 -0.0529438 -0.991078 -0.122315 0.443221 
1535379399852 0.246252 0.926383 -0.284913 -0.631136 -0.937803 0.301969 0.171292 -0.241856 0.244717 0.225011 0.943124 0.376943 0.191041 -0.130198 0.972909 0.38227 -0.980244 0.0264384 0.196019 -0.49136 -0.0512435 -0.991135 -0.122575 0.443202 
1535379399993 0.246137 0.926301 -0.285278 -0.630648 -0.937622 0.302121 0.172014 -0.241684 0.245525 0.225144 0.942883 0.37711 0.191796 -0.13014 0.972768 0.382329 -0.980184 0.0246346 0.196554 -0.491501 -0.0495433 -0.991189 -0.122837 0.443182 
1535379400076 0.246021 0.926219 -0.285642 -0.630162 -0.93744 0.302273 0.172736 -0.241513 0.246333 0.225275 0.94264 0.377278 0.192551 -0.130081 0.972627 0.382388 -0.98012 0.0228307 0.197088 -0.491642 -0.0478431 -0.99124 -0.123099 0.443162 
1535379400380 0.245906 0.926137 -0.286006 -0.629673 -0.937257 0.302425 0.173458 -0.241342 0.247141 0.225407 0.942397 0.377445 0.193306 -0.130021 0.972485 0.382448 -0.980053 0.0210268 0.197621 -0.491784 -0.046143 -0.991288 -0.123362 0.443142 
1535379400576 0.24579 0.926056 -0.286371 -0.629186 -0.937075 0.302577 0.174179 -0.241171 0.247949 0.225539 0.942154 0.377613 0.19406 -0.129958 0.972343 0.382507 -0.979982 0.0192228 0.198154 -0.491925 -0.044443 -0.991333 -0.123627 0.443122 
1535379400718 0.245674 0.925974 -0.286735 -0.628698 -0.936891 0.30273 0.174901 -0.240999 0.248756 0.225671 0.941909 0.37778 0.194815 -0.129895 0.972201 0.382566 -0.979908 0.0174188 0.198686 -0.492066 -0.042743 -0.991375 -0.123892 0.443103 
1535379400875 0.245557 0.925892 -0.287099 -0.62821 -0.936707 0.302882 0.175622 -0.240828 0.249564 0.225802 0.941664 0.377948 0.195569 -0.12983 0.972058 0.382625 -0.979831 0.0156149 0.199218 -0.492207 -0.0410431 -0.991413 -0.124158 0.443083 
1535379401068 0.245683 0.926016 -0.28659 -0.628927 -0.936977 0.302631 0.174611 -0.241058 0.248424 0.225629 0.942007 0.377718 0.195022 -0.129888 0.97216 0.38263 -0.979891 0.0168381 0.198822 -0.492141 -0.0421939 -0.991386 -0.123992 0.44305 
1535379401277 0.245708 0.925986 -0.286667 -0.628478 -0.936997 0.302644 0.174477 -0.240854 0.248321 0.225736 0.942008 0.377844 0.195805 -0.129245 0.972088 0.382692 -0.979892 0.0129869 0.199104 -0.49225 -0.0383576 -0.991528 -0.124103 0.443014 
1535379401495 0.245734 0.925955 -0.286744 -0.628025 -0.937018 0.302659 0.174342 -0.240648 0.248219 0.225843 0.94201 0.37797 0.196584 -0.1286 0.972017 0.382755 -0.979879 0.00913577 0.199383 -0.49236 -0.0345207 -0.991655 -0.124216 0.442978 
1535379401691 0.24576 0.925924 -0.286821 -0.627572 -0.937038 0.302674 0.174208 -0.240442 0.248116 0.225949 0.942011 0.378097 0.197361 -0.127951 0.971945 0.382817 -0.979851 0.00528461 0.199662 -0.49247 -0.0306833 -0.991766 -0.12433 0.442942 
1535379401906 0.245786 0.925893 -0.286899 -0.627118 -0.937058 0.302689 0.174073 -0.240236 0.248014 0.226056 0.942013 0.378224 0.198136 -0.127299 0.971873 0.38288 -0.979807 0.00143355 0.199941 -0.49258 -0.0268455 -0.991863 -0.124445 0.442907 
1535379401955 0.245813 0.925862 -0.286976 -0.626664 -0.937078 0.302704 0.173938 -0.24003 0.247911 0.226163 0.942014 0.378351 0.198908 -0.126644 0.971801 0.382942 -0.979748 -0.00241735 0.200219 -0.49269 -0.0230075 -0.991945 -0.12456 0.442871 
1535379402116 0.245839 0.925832 -0.287053 -0.626212 -0.937099 0.302718 0.173804 -0.239824 0.247809 0.226269 0.942015 0.378477 0.199677 -0.125987 0.971729 0.383005 -0.979674 -0.006268 0.200497 -0.4928 -0.0191691 -0.992012 -0.124677 0.442835 
1535379402261 0.245865 0.925801 -0.28713 -0.625758 -0.937119 0.302733 0.173669 -0.239617 0.247706 0.226376 0.942017 0.378604 0.200444 -0.125326 0.971656 0.383067 -0.979585 -0.0101184 0.200774 -0.49291 -0.0153306 -0.992064 -0.124796 0.442799 
1535379402558 0.245891 0.92577 -0.287207 -0.625305 -0.937139 0.302748 0.173534 -0.239412 0.247604 0.226482 0.942018 0.378731 0.201207 -0.124662 0.971584 0.38313 -0.979481 -0.0139684 0.201051 -0.493019 -0.0114919 -0.992101 -0.124915 0.442764 
1535379402597 0.245918 0.925739 -0.287284 -0.62485 -0.937159 0.302763 0.173399 -0.239205 0.247501 0.226589 0.942019 0.378858 0.201969 -0.123995 0.971511 0.383192 -0.979362 -0.017818 0.201327 -0.49313 -0.00765316 -0.992123 -0.125035 0.442728 
1535379402902 0.245383 0.925908 -0.287195 -0.625058 -0.937279 0.302254 0.173637 -0.239052 0.247578 0.226574 0.942003 0.37879 0.200882 -0.124916 0.971619 0.383084 -0.979535 -0.0128809 0.200862 -0.492988 -0.0125756 -0.992084 -0.124947 0.442796 
1535379403032 0.245506 0.925822 -0.287369 -0.624771 -0.93722 0.302429 0.173653 -0.238953 0.247681 0.226695 0.941947 0.378884 0.200664 -0.124556 0.97171 0.383105 -0.97958 -0.0128241 0.200645 -0.493021 -0.0125303 -0.99213 -0.124586 0.442704 
1535379403284 0.245628 0.925735 -0.287545 -0.62448 -0.937161 0.302603 0.173669 -0.238853 0.247784 0.226818 0.94189 0.37898 0.200445 -0.124195 0.971801 0.383126 -0.979625 -0.0127669 0.200428 -0.493054 -0.0124852 -0.992176 -0.124224 0.442611 
1535379403441 0.24575 0.925648 -0.28772 -0.624189 -0.937101 0.302777 0.173686 -0.238753 0.247887 0.22694 0.941833 0.379075 0.200227 -0.123834 0.971892 0.383148 -0.979671 -0.0127098 0.20021 -0.493087 -0.0124403 -0.992222 -0.123861 0.442519 
1535379403610 0.245872 0.925561 -0.287896 -0.623898 -0.937042 0.302952 0.173702 -0.238652 0.24799 0.227062 0.941777 0.37917 0.20001 -0.123473 0.971983 0.383169 -0.979715 -0.012653 0.199994 -0.49312 -0.0123954 -0.992267 -0.123499 0.442427 
1535379403782 0.245994 0.925474 -0.288072 -0.623608 -0.936983 0.303126 0.173718 -0.238552 0.248094 0.227185 0.94172 0.379265 0.199791 -0.123112 0.972073 0.38319 -0.979761 -0.0125961 0.199776 -0.493153 -0.0123506 -0.992313 -0.123137 0.442335 
1535379403930 0.246116 0.925387 -0.288247 -0.623316 -0.936923 0.3033 0.173734 -0.238451 0.248197 0.227307 0.941663 0.37936 0.199574 -0.122752 0.972164 0.383211 -0.979806 -0.0125393 0.199559 -0.493186 -0.0123059 -0.992358 -0.122775 0.442242 
1535379404090 0.246237 0.9253 -0.288423 -0.623026 -0.936864 0.303474 0.173751 -0.238351 0.2483 0.227429 0.941607 0.379455 0.199355 -0.122391 0.972254 0.383232 -0.979851 -0.0124825 0.199341 -0.493219 -0.0122613 -0.992404 -0.122413 0.44215 
1535379404101 0.246359 0.925212 -0.288599 -0.622734 -0.936805 0.303649 0.173767 -0.23825 0.248404 0.227552 0.94155 0.379551 0.199137 -0.12203 0.972344 0.383254 -0.979896 -0.0124259 0.199124 -0.493252 -0.0122168 -0.992449 -0.122051 0.442058 
1535379404326 0.246481 0.925125 -0.288774 -0.622444 -0.936745 0.303823 0.173783 -0.23815 0.248507 0.227674 0.941493 0.379646 0.198919 -0.121669 0.972434 0.383275 -0.97994 -0.0123693 0.198907 -0.493285 -0.0121723 -0.992494 -0.121689 0.441965 
1535379404509 0.246601 0.925146 -0.288605 -0.62263 -0.93672 0.303899 0.173783 -0.238269 0.248481 0.227487 0.941545 0.379622 0.199043 -0.121938 0.972375 0.383209 -0.979915 -0.0124446 0.199025 -0.493285 -0.0121679 -0.99246 -0.121966 0.442129 
1535379404515 0.246644 0.925098 -0.288721 -0.622385 -0.936679 0.303989 0.173848 -0.238161 0.248595 0.227561 0.941497 0.379698 0.199379 -0.121604 0.972348 0.383234 -0.979851 -0.0127647 0.199321 -0.493405 -0.0118264 -0.992497 -0.121698 0.442089 
1535379404522 0.246687 0.925051 -0.288838 -0.622135 -0.936638 0.304079 0.173913 -0.23805 0.248708 0.227634 0.941449 0.379775 0.199715 -0.121269 0.972321 0.383259 -0.979787 -0.0130851 0.199616 -0.493527 -0.0114844 -0.992533 -0.121431 0.442049 
1535379404528 0.24673 0.925003 -0.288954 -0.621886 -0.936596 0.304169 0.173978 -0.23794 0.248821 0.227708 0.941402 0.379852 0.200051 -0.120934 0.972293 0.383284 -0.979722 -0.0134053 0.199912 -0.493648 -0.0111423 -0.99257 -0.121164 0.442009 
1535379404776 0.246773 0.924955 -0.28907 -0.621636 -0.936555 0.30426 0.174043 -0.237829 0.248934 0.227781 0.941354 0.379929 0.200387 -0.120599 0.972266 0.383309 -0.979657 -0.0137255 0.200208 -0.49377 -0.0108001 -0.992606 -0.120896 0.441969 
1535379404929 0.246816 0.924907 -0.289187 -0.621386 -0.936514 0.30435 0.174107 -0.237719 0.249047 0.227855 0.941306 0.380006 0.200722 -0.120264 0.972238 0.383334 -0.979592 -0.0140455 0.200503 -0.493892 -0.0104578 -0.992643 -0.120629 0.441929 
1535379405077 0.246858 0.924859 -0.289303 -0.621137 -0.936472 0.30444 0.174172 -0.237608 0.24916 0.227928 0.941259 0.380083 0.201058 -0.119929 0.97221 0.383359 -0.979527 -0.0143655 0.2008 -0.494013 -0.0101154 -0.992679 -0.120362 0.441889 
1535379405212 0.246901 0.924811 -0.289419 -0.620886 -0.936431 0.304531 0.174237 -0.237498 0.249273 0.228002 0.941211 0.38016 0.201394 -0.119594 0.972182 0.383384 -0.979462 -0.0146853 0.201095 -0.494135 -0.00977298 -0.992714 -0.120095 0.441849 
1535379405232 0.246944 0.924764 -0.289536 -0.620637 -0.936389 0.304621 0.174301 -0.237387 0.249386 0.228075 0.941163 0.380237 0.20173 -0.119259 0.972154 0.383409 -0.979396 -0.0150051 0.201392 -0.494257 -0.00943042 -0.99275 -0.119828 0.441809 
1535379405347 0.246987 0.924716 -0.289652 -0.620388 -0.936348 0.304711 0.174366 -0.237277 0.249499 0.228149 0.941115 0.380314 0.202065 -0.118923 0.972125 0.383434 -0.97933 -0.0153248 0.201688 -0.494378 -0.00908777 -0.992785 -0.119562 0.441769 
1535379405497 0.24697 0.924799 -0.289401 -0.62083 -0.936418 0.304588 0.174207 -0.237544 0.249255 0.227976 0.941222 0.380245 0.201565 -0.11957 0.972149 0.383341 -0.979429 -0.0149567 0.201235 -0.494229 -0.00952164 -0.992713 -0.120126 0.441824 
1535379405605 0.246817 0.924768 -0.28963 -0.620578 -0.93629 0.304639 0.174804 -0.237468 0.249885 0.228033 0.941041 0.38034 0.201888 -0.119439 0.972099 0.383361 -0.979371 -0.0159394 0.20144 -0.494339 -0.00856508 -0.992714 -0.120193 0.441839 
1535379405612 0.246664 0.924737 -0.289861 -0.620321 -0.936162 0.304691 0.1754 -0.23739 0.250517 0.228091 0.940859 0.380435 0.202211 -0.119307 0.972048 0.383381 -0.979312 -0.0169219 0.201645 -0.49445 -0.00760892 -0.992713 -0.120261 0.441853 
1535379405618 0.24651 0.924705 -0.290091 -0.620065 -0.936033 0.304742 0.175996 -0.237312 0.251148 0.228149 0.940677 0.38053 0.202534 -0.119176 0.971997 0.383401 -0.979253 -0.0179043 0.201851 -0.494561 -0.00665277 -0.992712 -0.120329 0.441868 
1535379405756 0.246357 0.924674 -0.290321 -0.619808 -0.935904 0.304794 0.176593 -0.237234 0.251779 0.228207 0.940494 0.380625 0.202857 -0.119043 0.971945 0.383421 -0.979192 -0.0188866 0.202056 -0.494673 -0.00569664 -0.992709 -0.120398 0.441883 
1535379405838 0.246204 0.924643 -0.290551 -0.619553 -0.935774 0.304846 0.177189 -0.237156 0.25241 0.228265 0.940311 0.380721 0.203179 -0.118911 0.971894 0.383441 -0.97913 -0.0198689 0.202261 -0.494784 -0.00474053 -0.992706 -0.120466 0.441897 
1535379405996 0.24605 0.924611 -0.290781 -0.619296 -0.935644 0.304897 0.177785 -0.237077 0.25304 0.228323 0.940127 0.380816 0.203502 -0.118778 0.971843 0.383461 -0.979067 -0.0208512 0.202466 -0.494895 -0.00378444 -0.992702 -0.120535 0.441912 
1535379406079 0.245896 0.92458 -0.29101 -0.61904 -0.935514 0.304949 0.178381 -0.237 0.253671 0.228381 0.939943 0.380911 0.203824 -0.118645 0.971792 0.383481 -0.979003 -0.0218334 0.202671 -0.495007 -0.00282837 -0.992697 -0.120604 0.441927 
1535379406128 0.245742 0.924549 -0.29124 -0.618783 -0.935383 0.305001 0.178977 -0.236921 0.254302 0.228439 0.939759 0.381007 0.204147 -0.118512 0.97174 0.383501 -0.978939 -0.0228156 0.202876 -0.495118 -0.00187231 -0.992691 -0.120673 0.441941 
1535379406179 0.245588 0.924517 -0.291469 -0.618527 -0.935252 0.305053 0.179573 -0.236843 0.254932 0.228496 0.939574 0.381102 0.204469 -0.118378 0.971689 0.383521 -0.978873 -0.0237977 0.203081 -0.495229 -0.000916279 -0.992683 -0.120743 0.441956 
1535379406347 0.24578 0.924628 -0.290956 -0.619019 -0.935522 0.304848 0.178512 -0.236934 0.253754 0.228321 0.939935 0.380946 0.203442 -0.118793 0.971854 0.383473 -0.97908 -0.0208582 0.202406 -0.494859 -0.00377331 -0.9927 -0.120552 0.441956 
1535379406551 0.245813 0.924606 -0.290996 -0.618846 -0.935508 0.304893 0.17851 -0.236878 0.253774 0.228349 0.939923 0.380976 0.203553 -0.118733 0.971838 0.383472 -0.979056 -0.0207096 0.202534 -0.494967 -0.0039211 -0.99271 -0.120462 0.441946 
1535379406655 0.245846 0.924585 -0.291038 -0.618669 -0.935494 0.304937 0.178508 -0.23682 0.253794 0.228379 0.939911 0.381007 0.203664 -0.118672 0.971822 0.383471 -0.979032 -0.0205613 0.202664 -0.495076 -0.00406857 -0.992721 -0.120371 0.441937 
1535379406662 0.245879 0.924563 -0.291079 -0.618492 -0.93548 0.304981 0.178506 -0.236762 0.253814 0.228408 0.939898 0.381038 0.203774 -0.118611 0.971806 0.38347 -0.979009 -0.020413 0.202793 -0.495185 -0.00421602 -0.992731 -0.120281 0.441928 
1535379406715 0.245912 0.924541 -0.291121 -0.618315 -0.935465 0.305025 0.178505 -0.236704 0.253834 0.228437 0.939886 0.381068 0.203885 -0.11855 0.97179 0.38347 -0.978985 -0.0202647 0.202923 -0.495294 -0.00436346 -0.992741 -0.120191 0.441918 
1535379406848 0.245945 0.924519 -0.291162 -0.618138 -0.935451 0.30507 0.178503 -0.236646 0.253854 0.228466 0.939873 0.381099 0.203996 -0.118489 0.971775 0.383469 -0.978961 -0.0201164 0.203052 -0.495403 -0.00451089 -0.992752 -0.1201 0.441909 
1535379406866 0.245978 0.924497 -0.291204 -0.617961 -0.935437 0.305114 0.178501 -0.236587 0.253874 0.228496 0.93986 0.38113 0.204107 -0.118429 0.971759 0.383468 -0.978938 -0.0199681 0.203181 -0.495512 -0.00465831 -0.992762 -0.12001 0.441899 
1535379407029 0.246011 0.924476 -0.291245 -0.617784 -0.935423 0.305158 0.1785 -0.23653 0.253894 0.228525 0.939848 0.381161 0.204218 -0.118368 0.971743 0.383468 -0.978914 -0.0198197 0.20331 -0.495621 -0.00480573 -0.992772 -0.119919 0.44189 
1535379407035 0.246044 0.924454 -0.291287 -0.617606 -0.935409 0.305203 0.178498 -0.236471 0.253915 0.228554 0.939835 0.381192 0.204328 -0.118307 0.971727 0.383467 -0.97889 -0.0196713 0.203439 -0.495731 -0.00495314 -0.992782 -0.119829 0.441881 
1535379407226 0.246077 0.924432 -0.291328 -0.61743 -0.935395 0.305247 0.178496 -0.236413 0.253935 0.228583 0.939823 0.381222 0.20444 -0.118246 0.971711 0.383466 -0.978866 -0.0195231 0.203569 -0.49584 -0.00510052 -0.992792 -0.119738 0.441871 
1535379407332 0.246083 0.924475 -0.291187 -0.617641 -0.935429 0.305193 0.178409 -0.236518 0.253803 0.228481 0.939883 0.381205 0.204156 -0.11841 0.971751 0.383415 -0.978926 -0.0196707 0.203267 -0.495788 -0.00495385 -0.99277 -0.119931 0.441889 
1535379407345 0.246183 0.924454 -0.291168 -0.617388 -0.935455 0.305238 0.178196 -0.236385 0.253609 0.228506 0.93993 0.381264 0.204129 -0.118364 0.971762 0.383404 -0.978935 -0.0202999 0.203163 -0.495884 -0.00432042 -0.992763 -0.120014 0.441893 
1535379407352 0.246294 0.92443 -0.291149 -0.617144 -0.935478 0.305292 0.177981 -0.236257 0.253416 0.228528 0.939976 0.38132 0.204102 -0.118316 0.971773 0.383393 -0.978943 -0.0209292 0.203059 -0.495981 -0.00368683 -0.992755 -0.120096 0.441898 
1535379407512 0.246405 0.924407 -0.29113 -0.6169 -0.935501 0.305347 0.177766 -0.236129 0.253223 0.22855 0.940023 0.381376 0.204075 -0.118269 0.971785 0.383382 -0.97895 -0.0215584 0.202956 -0.496078 -0.00305325 -0.992748 -0.120179 0.441902 
1535379407638 0.246516 0.924383 -0.29111 -0.616655 -0.935524 0.305402 0.17755 -0.236001 0.25303 0.228572 0.940069 0.381433 0.204048 -0.118221 0.971796 0.383372 -0.978958 -0.0221876 0.202853 -0.496175 -0.00241966 -0.992739 -0.120261 0.441907 
1535379407644 0.246627 0.92436 -0.291091 -0.616412 -0.935547 0.305457 0.177336 -0.235873 0.252838 0.228594 0.940116 0.381488 0.204021 -0.118174 0.971808 0.383361 -0.978965 -0.0228168 0.202749 -0.496272 -0.00178607 -0.992731 -0.120343 0.441911 
1535379407757 0.246738 0.924336 -0.291072 -0.616167 -0.93557 0.305511 0.17712 -0.235745 0.252645 0.228616 0.940162 0.381545 0.203994 -0.118126 0.971819 0.38335 -0.978971 -0.0234461 0.202646 -0.496369 -0.00115247 -0.992722 -0.120425 0.441915 
1535379407959 0.246849 0.924313 -0.291053 -0.615923 -0.935593 0.305566 0.176905 -0.235617 0.252452 0.228638 0.940209 0.381601 0.203967 -0.118079 0.971831 0.383339 -0.978978 -0.0240753 0.202542 -0.496466 -0.000518882 -0.992712 -0.120507 0.44192 
1535379408117 0.24696 0.924289 -0.291034 -0.615678 -0.935615 0.305621 0.17669 -0.235488 0.252259 0.22866 0.940255 0.381657 0.20394 -0.118032 0.971842 0.383328 -0.978983 -0.0247044 0.202438 -0.496563 0.00011471 -0.992703 -0.120589 0.441924 
1535379408128 0.247071 0.924266 -0.291014 -0.615434 -0.935638 0.305676 0.176475 -0.23536 0.252066 0.228682 0.940302 0.381713 0.203914 -0.117984 0.971853 0.383318 -0.978989 -0.0253337 0.202335 -0.49666 0.00074832 -0.992692 -0.120671 0.441929 
1535379408272 0.246987 0.924295 -0.290993 -0.615866 -0.935579 0.305666 0.176807 -0.235662 0.252368 0.228578 0.940246 0.381625 0.203952 -0.118089 0.971833 0.383291 -0.978981 -0.0241381 0.202519 -0.496472 -0.000456979 -0.99271 -0.12053 0.441957 
1535379408359 0.2471 0.924283 -0.290934 -0.6155 -0.935506 0.305801 0.17696 -0.235515 0.252529 0.228443 0.940236 0.381727 0.203668 -0.117151 0.972006 0.383268 -0.97904 -0.0251108 0.202115 -0.496559 0.000729726 -0.992797 -0.11981 0.44183 
1535379408382 0.247213 0.924271 -0.290874 -0.615131 -0.935432 0.305937 0.177112 -0.235366 0.252689 0.228309 0.940225 0.38183 0.203383 -0.116215 0.972178 0.383244 -0.979097 -0.0260847 0.201712 -0.496646 0.00191701 -0.992881 -0.119091 0.441703 
1535379408573 0.247327 0.92426 -0.290814 -0.614762 -0.935359 0.306073 0.177264 -0.235217 0.252849 0.228174 0.940215 0.381934 0.203096 -0.115278 0.972349 0.383221 -0.979154 -0.0270595 0.201309 -0.496733 0.00310483 -0.992965 -0.11837 0.441576 
1535379408729 0.247441 0.924248 -0.290755 -0.614394 -0.935286 0.306208 0.177417 -0.235068 0.253009 0.228039 0.940205 0.382036 0.202808 -0.114341 0.97252 0.383197 -0.979209 -0.0280342 0.200907 -0.49682 0.00429182 -0.993046 -0.11765 0.441449 
1535379408902 0.247554 0.924236 -0.290695 -0.614024 -0.935213 0.306344 0.177569 -0.234919 0.253168 0.227904 0.940194 0.38214 0.202519 -0.113405 0.97269 0.383174 -0.979263 -0.0290094 0.200506 -0.496907 0.00547874 -0.993125 -0.116928 0.441322 
1535379409031 0.247668 0.924225 -0.290636 -0.613653 -0.935139 0.30648 0.177721 -0.234769 0.253328 0.227769 0.940184 0.382243 0.202229 -0.112468 0.972859 0.38315 -0.979315 -0.0299852 0.200105 -0.496994 0.00666594 -0.993203 -0.116206 0.441194 
1535379409169 0.247782 0.924213 -0.290576 -0.613285 -0.935066 0.306616 0.177873 -0.234621 0.253488 0.227634 0.940174 0.382346 0.201938 -0.111532 0.973027 0.383127 -0.979367 -0.0309612 0.199705 -0.497081 0.00785249 -0.993278 -0.115483 0.441067 
1535379409244 0.247896 0.924201 -0.290517 -0.612916 -0.934992 0.306751 0.178026 -0.234472 0.253648 0.227499 0.940163 0.382449 0.201646 -0.110597 0.973194 0.383103 -0.979417 -0.0319373 0.199306 -0.497168 0.00903867 -0.993352 -0.11476 0.44094 
1535379409487 0.248009 0.924189 -0.290457 -0.612545 -0.934919 0.306887 0.178178 -0.234322 0.253808 0.227364 0.940153 0.382552 0.201352 -0.109661 0.973361 0.38308 -0.979466 -0.0329139 0.198907 -0.497255 0.0102247 -0.993424 -0.114037 0.440813 
1535379409652 0.247886 0.924224 -0.290454 -0.613137 -0.935029 0.306699 0.177922 -0.234563 0.253522 0.227478 0.940202 0.382399 0.201678 -0.110243 0.973228 0.383105 -0.979407 -0.032178 0.199314 -0.497156 0.0093437 -0.993384 -0.114462 0.440969 
1535379409762 0.248052 0.924156 -0.290525 -0.612758 -0.934983 0.306873 0.177865 -0.234393 0.253529 0.227517 0.940191 0.382493 0.201336 -0.110267 0.973296 0.383109 -0.979481 -0.0317447 0.199019 -0.497231 0.0089517 -0.993395 -0.114396 0.440918 
1535379409809 0.248218 0.924089 -0.290598 -0.612374 -0.934937 0.307047 0.177806 -0.234221 0.253536 0.227556 0.94018 0.382588 0.200994 -0.110292 0.973364 0.383112 -0.979555 -0.0313116 0.198724 -0.497305 0.00855993 -0.993406 -0.114331 0.440867 
1535379409816 0.248384 0.924022 -0.29067 -0.611991 -0.934891 0.30722 0.177748 -0.234049 0.253542 0.227596 0.940168 0.382683 0.200651 -0.110317 0.973432 0.383116 -0.979629 -0.0308786 0.198429 -0.49738 0.00816816 -0.993417 -0.114265 0.440817 
1535379410064 0.248551 0.923954 -0.290743 -0.611607 -0.934845 0.307394 0.177689 -0.233877 0.253549 0.227635 0.940157 0.382778 0.200308 -0.110341 0.9735 0.383119 -0.979702 -0.0304454 0.198133 -0.497455 0.00777634 -0.993427 -0.1142 0.440766 
