1530718796088 0.850964 -0.525142 0.0092506 -0.434987 0.146255 0.253841 0.956124 -0.24315 -0.504449 -0.812275 0.292815 0.502899 0.16008 -0.775623 -0.61056 0.370831 -0.304787 0.549475 -0.777934 -0.528794 0.938871 0.310623 -0.14844 0.432481 
1530718796099 0.814974 -0.579465 0.00612443 -0.453542 0.176644 0.258475 0.94973 -0.239537 -0.551919 -0.772924 0.313009 0.501513 0.316305 -0.930106 0.186693 0.400738 -0.38429 -0.305553 -0.871182 -0.506322 0.867336 0.203815 -0.454078 0.485854 
1530718797125 0.775349 -0.631517 0.00446194 -0.469352 0.207172 0.261018 0.942841 -0.234829 -0.596585 -0.730107 0.333212 0.499235 0.316242 -0.929997 0.187342 0.400828 -0.384853 -0.306262 -0.870685 -0.504438 0.86711 0.203248 -0.454765 0.485876 
1530718798179 0.732382 -0.680881 0.00419684 -0.484964 0.237693 0.261438 0.935496 -0.230076 -0.638058 -0.684143 0.353313 0.496981 0.316223 -0.930001 0.187352 0.40079 -0.384857 -0.306263 -0.870683 -0.50432 0.867115 0.203227 -0.454765 0.485866 
1530718799245 0.686284 -0.727314 0.00533126 -0.500515 0.268057 0.259736 0.92773 -0.225312 -0.676135 -0.635257 0.373214 0.494738 0.316222 -0.930002 0.187352 0.40079 -0.384859 -0.306263 -0.870682 -0.504311 0.867114 0.203224 -0.454766 0.485866 
1530718800280 0.637287 -0.770587 0.00785274 -0.516306 0.298126 0.255926 0.919577 -0.220639 -0.710624 -0.583693 0.39283 0.492568 0.316221 -0.930002 0.187352 0.400793 -0.384861 -0.306262 -0.870681 -0.504309 0.867114 0.203224 -0.454768 0.485867 
1530718801388 0.585627 -0.810496 0.0117463 -0.532536 0.327766 0.250032 0.911073 -0.216125 -0.741357 -0.529699 0.412078 0.490503 0.316221 -0.930002 0.187351 0.400795 -0.384862 -0.306262 -0.870681 -0.504309 0.867113 0.203223 -0.454769 0.485868 
1530718802477 0.531534 -0.846866 0.0170036 -0.548787 0.356827 0.242078 0.90226 -0.211615 -0.76821 -0.473514 0.430858 0.488437 0.316221 -0.930002 0.187351 0.400796 -0.384862 -0.306262 -0.870681 -0.50431 0.867113 0.203223 -0.454769 0.485869 
1530718803551 0.475267 -0.879525 0.0235982 -0.564981 0.385168 0.232097 0.893183 -0.207084 -0.791054 -0.415411 0.449073 0.486394 0.316222 -0.930002 0.18735 0.400801 -0.384863 -0.306262 -0.87068 -0.504317 0.867112 0.203224 -0.45477 0.485871 
1530718804646 0.417302 -0.908225 0.0314202 -0.580305 0.412506 0.220115 0.883962 -0.202028 -0.809752 -0.355918 0.466502 0.484761 0.316238 -0.930001 0.187328 0.400844 -0.384878 -0.306253 -0.870677 -0.504402 0.8671 0.203243 -0.454786 0.48592 
1530718805753 0.417378 -0.908188 0.0314794 -0.58031 0.412471 0.2202 0.883957 -0.202016 -0.809731 -0.35596 0.466507 0.484752 0.316238 -0.930001 0.187328 0.400844 -0.384878 -0.306253 -0.870677 -0.504402 0.8671 0.203243 -0.454786 0.48592 
1530718806068 0.411437 -0.910864 0.0323417 -0.582031 0.415189 0.218894 0.883008 -0.201622 -0.81138 -0.349874 0.468242 0.4845 0.316221 -0.930002 0.187351 0.400799 -0.384863 -0.306262 -0.87068 -0.504312 0.867113 0.203223 -0.45477 0.485869 
1530718806504 0.40548 -0.9135 0.0332175 -0.583752 0.417898 0.217568 0.882057 -0.201228 -0.812987 -0.343775 0.469969 0.484247 0.31622 -0.930002 0.187352 0.400795 -0.384862 -0.306262 -0.87068 -0.504305 0.867113 0.203222 -0.454769 0.485867 
1530718806934 0.399507 -0.916096 0.0341059 -0.585473 0.420596 0.216224 0.881105 -0.200834 -0.814551 -0.337662 0.471689 0.483995 0.31622 -0.930002 0.187352 0.400795 -0.384863 -0.306262 -0.87068 -0.504304 0.867113 0.203222 -0.454769 0.485867 
1530718807371 0.393518 -0.91865 0.0350072 -0.587193 0.423284 0.21486 0.880151 -0.20044 -0.816073 -0.331537 0.473401 0.483742 0.31622 -0.930002 0.187352 0.400795 -0.384863 -0.306262 -0.87068 -0.504304 0.867113 0.203222 -0.454769 0.485867 
1530718807377 0.387514 -0.921164 0.0359204 -0.588914 0.425961 0.213477 0.879196 -0.200046 -0.817551 -0.3254 0.475105 0.48349 0.31622 -0.930002 0.187352 0.400795 -0.384863 -0.306262 -0.87068 -0.504304 0.867113 0.203222 -0.454769 0.485867 
1530718807930 0.381495 -0.923636 0.0368471 -0.590635 0.428628 0.212075 0.878238 -0.199652 -0.818987 -0.31925 0.476802 0.483237 0.31622 -0.930002 0.187352 0.400795 -0.384863 -0.306262 -0.87068 -0.504304 0.867113 0.203222 -0.454769 0.485867 
1530718808351 0.375461 -0.926068 0.0377858 -0.592355 0.431284 0.210653 0.87728 -0.199258 -0.82038 -0.313088 0.47849 0.482985 0.31622 -0.930002 0.187352 0.400795 -0.384863 -0.306262 -0.87068 -0.504304 0.867113 0.203222 -0.454769 0.485867 
1530718808752 0.369413 -0.928457 0.0387366 -0.594069 0.433928 0.209212 0.87632 -0.198862 -0.82173 -0.306915 0.480169 0.482735 0.31622 -0.930002 0.187352 0.400795 -0.384863 -0.306262 -0.87068 -0.504304 0.867113 0.203222 -0.454769 0.485867 
1530718809196 0.363373 -0.930798 0.0396917 -0.595693 0.436547 0.207751 0.875367 -0.198414 -0.823035 -0.300757 0.481828 0.482527 0.31622 -0.930002 0.187352 0.400795 -0.384863 -0.306262 -0.87068 -0.504304 0.867113 0.203222 -0.454769 0.485867 
1530718809648 0.363295 -0.930829 0.0396906 -0.595703 0.436585 0.20772 0.875355 -0.19835 -0.82305 -0.300683 0.481849 0.482574 0.31622 -0.930002 0.187352 0.400795 -0.384863 -0.306262 -0.87068 -0.504304 0.867113 0.203222 -0.454769 0.485867 
1530718809660 0.362693 -0.931059 0.0397886 -0.595884 0.436845 0.207576 0.875259 -0.198323 -0.823177 -0.300069 0.482014 0.482539 0.31622 -0.930002 0.187352 0.400795 -0.384863 -0.306262 -0.87068 -0.504304 0.867113 0.203222 -0.454769 0.485867 
1530718809931 0.362091 -0.931289 0.0398865 -0.596066 0.437105 0.207432 0.875164 -0.198295 -0.823304 -0.299454 0.48218 0.482505 0.31622 -0.930002 0.187352 0.400795 -0.384863 -0.306262 -0.87068 -0.504304 0.867113 0.203222 -0.454769 0.485867 
1530718810136 0.361488 -0.931519 0.0399846 -0.596247 0.437366 0.207287 0.875068 -0.198268 -0.82343 -0.298839 0.482346 0.48247 0.31622 -0.930002 0.187352 0.400795 -0.384863 -0.306262 -0.87068 -0.504304 0.867113 0.203222 -0.454769 0.485867 
1530718810340 0.360886 -0.931748 0.0400827 -0.596428 0.437626 0.207142 0.874972 -0.19824 -0.823556 -0.298224 0.482512 0.482435 0.31622 -0.930002 0.187352 0.400795 -0.384863 -0.306262 -0.87068 -0.504304 0.867113 0.203222 -0.454769 0.485867 
1530718810582 0.360283 -0.931977 0.040181 -0.59661 0.437886 0.206997 0.874876 -0.198213 -0.823682 -0.297608 0.482677 0.482401 0.31622 -0.930002 0.187352 0.400795 -0.384863 -0.306262 -0.87068 -0.504304 0.867113 0.203222 -0.454769 0.485867 
1530718810802 0.359681 -0.932206 0.0402794 -0.596791 0.438146 0.206852 0.87478 -0.198185 -0.823807 -0.296993 0.482843 0.482366 0.31622 -0.930002 0.187352 0.400795 -0.384863 -0.306262 -0.87068 -0.504304 0.867113 0.203222 -0.454769 0.485867 
1530718811035 0.359078 -0.932434 0.040378 -0.596972 0.438406 0.206706 0.874684 -0.198158 -0.823931 -0.296378 0.483008 0.482331 0.31622 -0.930002 0.187352 0.400795 -0.384863 -0.306262 -0.87068 -0.504304 0.867113 0.203222 -0.454769 0.485867 
1530718811254 0.358475 -0.932661 0.0404766 -0.597153 0.438666 0.206561 0.874588 -0.198131 -0.824056 -0.295762 0.483174 0.482297 0.31622 -0.930002 0.187352 0.400795 -0.384863 -0.306262 -0.87068 -0.504304 0.867113 0.203222 -0.454769 0.485867 
1530718811466 0.357873 -0.932888 0.0405747 -0.597324 0.438924 0.206415 0.874493 -0.198097 -0.82418 -0.295149 0.483338 0.482267 0.31622 -0.930002 0.187352 0.400795 -0.384863 -0.306262 -0.87068 -0.504304 0.867113 0.203222 -0.454769 0.485867 
1530718811829 0.357796 -0.932912 0.0407075 -0.597327 0.438721 0.206424 0.874593 -0.198065 -0.824322 -0.295067 0.483145 0.482181 0.31622 -0.930002 0.187352 0.400795 -0.384863 -0.306262 -0.87068 -0.504304 0.867113 0.203222 -0.454769 0.485867 
1530718811973 0.341339 -0.939541 0.027391 -0.596818 0.45992 0.192363 0.866874 -0.200481 -0.819733 -0.2833 0.497774 0.47992 0.31622 -0.930002 0.187352 0.400795 -0.384863 -0.306262 -0.87068 -0.504304 0.867113 0.203222 -0.454769 0.485867 
1530718812706 0.324496 -0.945778 0.0143673 -0.596303 0.480698 0.177971 0.858636 -0.202902 -0.814636 -0.271718 0.512384 0.47766 0.31622 -0.930002 0.187352 0.400795 -0.384863 -0.306262 -0.87068 -0.504304 0.867113 0.203222 -0.454769 0.485867 
1530718813422 0.307283 -0.951617 0.00164636 -0.595787 0.501038 0.163259 0.849887 -0.205322 -0.809035 -0.260331 0.526963 0.475399 0.31622 -0.930002 0.187352 0.400795 -0.384863 -0.306262 -0.87068 -0.504304 0.867113 0.203222 -0.454769 0.485867 
1530718814139 0.289714 -0.957053 -0.0107619 -0.595272 0.520925 0.148239 0.840632 -0.207743 -0.802934 -0.249149 0.5415 0.473139 0.31622 -0.930002 0.187352 0.400795 -0.384863 -0.306262 -0.87068 -0.504304 0.867113 0.203222 -0.454769 0.485867 
1530718814860 0.271802 -0.962082 -0.0228476 -0.594756 0.540343 0.132923 0.83088 -0.210163 -0.796338 -0.23818 0.555982 0.470879 0.31622 -0.930002 0.187352 0.400795 -0.384863 -0.306262 -0.87068 -0.504304 0.867113 0.203222 -0.454769 0.485867 
1530718815576 0.253561 -0.9667 -0.0346014 -0.594241 0.559275 0.117322 0.820638 -0.212584 -0.789251 -0.227434 0.5704 0.468619 0.31622 -0.930002 0.187352 0.400795 -0.384863 -0.306262 -0.87068 -0.504304 0.867113 0.203222 -0.454769 0.485867 
1530718816285 0.235006 -0.970904 -0.0460139 -0.593725 0.577709 0.10145 0.809914 -0.215004 -0.781681 -0.216918 0.584741 0.46636 0.31622 -0.930002 0.187352 0.400795 -0.384863 -0.306262 -0.87068 -0.504304 0.867113 0.203222 -0.454769 0.485867 
1530718816992 0.216153 -0.97469 -0.0570771 -0.593203 0.595627 0.0853177 0.798717 -0.21742 -0.773632 -0.206642 0.598993 0.464107 0.31622 -0.930002 0.187352 0.400795 -0.384863 -0.306262 -0.87068 -0.504304 0.867113 0.203222 -0.454769 0.485867 
1530718817690 0.197084 -0.978039 -0.0678033 -0.592632 0.612959 0.0689504 0.7871 -0.219693 -0.76514 -0.196685 0.613087 0.462042 0.31622 -0.930002 0.187352 0.400795 -0.384863 -0.306262 -0.87068 -0.504304 0.867113 0.203222 -0.454769 0.485867 
1530718818606 0.197169 -0.978028 -0.0677201 -0.592641 0.612971 0.0690754 0.78708 -0.219707 -0.765109 -0.196698 0.613122 0.462039 0.31622 -0.930002 0.187352 0.400795 -0.384863 -0.306262 -0.87068 -0.504304 0.867113 0.203222 -0.454769 0.485867 
1530718818618 0.177862 -0.980939 -0.0782571 -0.59274 0.629961 0.0524068 0.774856 -0.222095 -0.755986 -0.187116 0.627275 0.459545 0.31622 -0.930002 0.187352 0.400795 -0.384863 -0.306262 -0.87068 -0.504304 0.867113 0.203222 -0.454769 0.485867 
1530718819311 0.158292 -0.983426 -0.0884156 -0.592833 0.646393 0.035519 0.762177 -0.224485 -0.746405 -0.177798 0.641302 0.45705 0.31622 -0.930002 0.187352 0.400795 -0.384863 -0.306262 -0.87068 -0.504304 0.867113 0.203222 -0.454769 0.485867 
1530718819984 0.138478 -0.985486 -0.0981891 -0.592927 0.662253 0.0184259 0.749053 -0.226875 -0.736373 -0.168753 0.655193 0.454555 0.31622 -0.930002 0.187352 0.400795 -0.384863 -0.306262 -0.87068 -0.504304 0.867113 0.203222 -0.454769 0.485867 
1530718820658 0.118435 -0.987118 -0.10757 -0.593021 0.677529 0.00114108 0.735495 -0.229265 -0.725897 -0.15999 0.668937 0.45206 0.31622 -0.930002 0.187352 0.400795 -0.384863 -0.306262 -0.87068 -0.504304 0.867113 0.203222 -0.454769 0.485867 
1530718821340 0.0981806 -0.98832 -0.116551 -0.593114 0.692209 -0.0163219 0.721512 -0.231655 -0.714987 -0.151516 0.682522 0.449565 0.31622 -0.930002 0.187352 0.400795 -0.384863 -0.306262 -0.87068 -0.504304 0.867113 0.203222 -0.454769 0.485867 
1530718821999 0.0777292 -0.989092 -0.125124 -0.593208 0.706281 -0.0339491 0.707117 -0.234045 -0.703651 -0.143336 0.695938 0.44707 0.31622 -0.930002 0.187352 0.400795 -0.384863 -0.306262 -0.87068 -0.504304 0.867113 0.203222 -0.454769 0.485867 
1530718822705 0.0570976 -0.989432 -0.133284 -0.593301 0.719734 -0.0517266 0.69232 -0.236434 -0.691898 -0.135459 0.709174 0.444575 0.31622 -0.930002 0.187352 0.400795 -0.384863 -0.306262 -0.87068 -0.504304 0.867113 0.203222 -0.454769 0.485867 
1530718823345 0.0363032 -0.98934 -0.141024 -0.593383 0.732556 -0.0696404 0.677135 -0.23882 -0.679738 -0.12789 0.722219 0.442087 0.31622 -0.930002 0.187352 0.400795 -0.384863 -0.306262 -0.87068 -0.504304 0.867113 0.203222 -0.454769 0.485867 
1530718824002 0.0154171 -0.988813 -0.148365 -0.593352 0.744697 -0.0876608 0.661621 -0.241081 -0.667224 -0.120687 0.735014 0.43979 0.31622 -0.930002 0.187352 0.400795 -0.384863 -0.306262 -0.87068 -0.504304 0.867113 0.203222 -0.454769 0.485867 
1530718824789 0.0156577 -0.988808 -0.148373 -0.593331 0.744601 -0.0875063 0.66175 -0.241151 -0.667327 -0.12084 0.734896 0.439745 0.31622 -0.930002 0.187352 0.400795 -0.384863 -0.306262 -0.87068 -0.504304 0.867113 0.203222 -0.454769 0.485867 
1530718824945 -0.00328111 -0.987759 -0.155953 -0.593955 0.754215 -0.104847 0.648202 -0.24342 -0.656619 -0.115495 0.745327 0.437592 0.31622 -0.930002 0.187352 0.400795 -0.384863 -0.306262 -0.87068 -0.504304 0.867113 0.203222 -0.454769 0.485867 
1530718825574 -0.0223271 -0.986341 -0.163199 -0.594576 0.763309 -0.122239 0.634364 -0.245691 -0.645648 -0.110407 0.755612 0.435437 0.31622 -0.930002 0.187352 0.400795 -0.384863 -0.306262 -0.87068 -0.504304 0.867113 0.203222 -0.454769 0.485867 
1530718825581 -0.0414676 -0.984553 -0.170106 -0.595196 0.771875 -0.139672 0.620242 -0.247961 -0.63442 -0.10558 0.765744 0.433283 0.31622 -0.930002 0.187352 0.400795 -0.384863 -0.306262 -0.87068 -0.504304 0.867113 0.203222 -0.454769 0.485867 
1530718826423 -0.0606907 -0.982397 -0.17667 -0.595817 0.779909 -0.157134 0.605847 -0.250231 -0.622943 -0.101017 0.775718 0.431128 0.31622 -0.930002 0.187352 0.400795 -0.384863 -0.306262 -0.87068 -0.504304 0.867113 0.203222 -0.454769 0.485867 
1530718827044 -0.0799845 -0.979875 -0.182886 -0.596438 0.787406 -0.174614 0.591186 -0.252501 -0.611223 -0.0967202 0.785526 0.428974 0.31622 -0.930002 0.187352 0.400795 -0.384863 -0.306262 -0.87068 -0.504304 0.867113 0.203222 -0.454769 0.485867 
1530718827680 -0.099337 -0.976988 -0.188752 -0.597059 0.794361 -0.192102 0.57627 -0.254772 -0.599268 -0.0926925 0.795164 0.426819 0.31622 -0.930002 0.187352 0.400795 -0.384863 -0.306262 -0.87068 -0.504304 0.867113 0.203222 -0.454769 0.485867 
1530718828324 -0.118736 -0.973737 -0.194263 -0.597679 0.80077 -0.209587 0.561107 -0.257042 -0.587086 -0.0889367 0.804625 0.424665 0.31622 -0.930002 0.187352 0.400795 -0.384863 -0.306262 -0.87068 -0.504304 0.867113 0.203222 -0.454769 0.485867 
1530718828979 -0.138168 -0.970125 -0.199418 -0.598286 0.806627 -0.227058 0.545708 -0.259307 -0.574684 -0.085456 0.813901 0.422518 0.31622 -0.930002 0.187352 0.400795 -0.384863 -0.306262 -0.87068 -0.504304 0.867113 0.203222 -0.454769 0.485867 
1530718829601 -0.157581 -0.966155 -0.204235 -0.598744 0.811908 -0.244486 0.530124 -0.261461 -0.562115 -0.0822826 0.822956 0.420524 0.31622 -0.930002 0.187352 0.400795 -0.384863 -0.306262 -0.87068 -0.504304 0.867113 0.203222 -0.454769 0.485867 
1530718830362 -0.157455 -0.966162 -0.204301 -0.598738 0.811821 -0.244434 0.530281 -0.261479 -0.562276 -0.0823606 0.822838 0.420456 0.31622 -0.930002 0.187352 0.400795 -0.384863 -0.306262 -0.87068 -0.504304 0.867113 0.203222 -0.454769 0.485867 
1530718830559 -0.174052 -0.962641 -0.207431 -0.599682 0.816302 -0.258861 0.516374 -0.26316 -0.550779 -0.0794505 0.830861 0.418566 0.31622 -0.930002 0.187352 0.400795 -0.384863 -0.306262 -0.87068 -0.504304 0.867113 0.203222 -0.454769 0.485867 
1530718831152 -0.190643 -0.958872 -0.210286 -0.600623 0.820368 -0.273267 0.502316 -0.264841 -0.539121 -0.0767491 0.838724 0.416674 0.31622 -0.930002 0.187352 0.400795 -0.384863 -0.306262 -0.87068 -0.504304 0.867113 0.203222 -0.454769 0.485867 
1530718831749 -0.207222 -0.954855 -0.212865 -0.601565 0.824018 -0.287643 0.488115 -0.266522 -0.527308 -0.0742561 0.846423 0.414783 0.31622 -0.930002 0.187352 0.400795 -0.384863 -0.306262 -0.87068 -0.504304 0.867113 0.203222 -0.454769 0.485867 
1530718832325 -0.223781 -0.950592 -0.215165 -0.602506 0.827249 -0.301983 0.473778 -0.268203 -0.515346 -0.0719729 0.853955 0.412892 0.31622 -0.930002 0.187352 0.400795 -0.384863 -0.306262 -0.87068 -0.504304 0.867113 0.203222 -0.454769 0.485867 
1530718832915 -0.240311 -0.946087 -0.217189 -0.603447 0.830061 -0.316281 0.459309 -0.269884 -0.503239 -0.0699029 0.861315 0.411 0.31622 -0.930002 0.187352 0.400795 -0.384863 -0.306262 -0.87068 -0.504304 0.867113 0.203222 -0.454769 0.485867 
1530718833509 -0.256805 -0.941339 -0.218932 -0.604389 0.832452 -0.33053 0.444718 -0.271565 -0.490994 -0.0680446 0.868501 0.409109 0.31622 -0.930002 0.187352 0.400795 -0.384863 -0.306262 -0.87068 -0.504304 0.867113 0.203222 -0.454769 0.485867 
1530718834116 -0.273257 -0.936353 -0.220395 -0.605329 0.83442 -0.344724 0.43001 -0.273246 -0.478617 -0.066399 0.87551 0.407218 0.31622 -0.930002 0.187352 0.400795 -0.384863 -0.306262 -0.87068 -0.504304 0.867113 0.203222 -0.454769 0.485867 
1530718834711 -0.289656 -0.931129 -0.221579 -0.606255 0.835965 -0.358855 0.415193 -0.274921 -0.466113 -0.0649692 0.882336 0.405333 0.31622 -0.930002 0.187352 0.400795 -0.384863 -0.306262 -0.87068 -0.504304 0.867113 0.203222 -0.454769 0.485867 
1530718835299 -0.305965 -0.925676 -0.222507 -0.607009 0.837074 -0.372904 0.400312 -0.276497 -0.453533 -0.0637735 0.888955 0.403582 0.31622 -0.930002 0.187352 0.400795 -0.384863 -0.306262 -0.87068 -0.504304 0.867113 0.203222 -0.454769 0.485867 
1530718836008 -0.306055 -0.925644 -0.222515 -0.607055 0.837027 -0.37299 0.400331 -0.276433 -0.45356 -0.0637281 0.888944 0.403608 0.31622 -0.930002 0.187352 0.400795 -0.384863 -0.306262 -0.87068 -0.504304 0.867113 0.203222 -0.454769 0.485867 
1530718836021 -0.303716 -0.926715 -0.221259 -0.607021 0.835719 -0.370641 0.405215 -0.276806 -0.457527 -0.0618397 0.887043 0.403794 0.31622 -0.930002 0.187352 0.400795 -0.384863 -0.306262 -0.87068 -0.504304 0.867113 0.203222 -0.454769 0.485867 
1530718836028 -0.30138 -0.92778 -0.219987 -0.606987 0.834386 -0.368278 0.410086 -0.277179 -0.461487 -0.0599621 0.885118 0.40398 0.31622 -0.930002 0.187352 0.400795 -0.384863 -0.306262 -0.87068 -0.504304 0.867113 0.203222 -0.454769 0.485867 
1530718836461 -0.29905 -0.928837 -0.218703 -0.606953 0.833027 -0.365905 0.414944 -0.277553 -0.46544 -0.0580962 0.883171 0.404165 0.31622 -0.930002 0.187352 0.400795 -0.384863 -0.306262 -0.87068 -0.504304 0.867113 0.203222 -0.454769 0.485867 
1530718836808 -0.296724 -0.929887 -0.217404 -0.606919 0.831643 -0.363519 0.419789 -0.277926 -0.469387 -0.0562411 0.881199 0.404351 0.31622 -0.930002 0.187352 0.400795 -0.384863 -0.306262 -0.87068 -0.504304 0.867113 0.203222 -0.454769 0.485867 
1530718837137 -0.294402 -0.930931 -0.216092 -0.606886 0.830234 -0.361121 0.424621 -0.278299 -0.473328 -0.0543974 0.879205 0.404537 0.31622 -0.930002 0.187352 0.400795 -0.384863 -0.306262 -0.87068 -0.504304 0.867113 0.203222 -0.454769 0.485867 
1530718837476 -0.292085 -0.931967 -0.214766 -0.606852 0.828799 -0.358713 0.429439 -0.278672 -0.477262 -0.0525656 0.877187 0.404723 0.31622 -0.930002 0.187352 0.400795 -0.384863 -0.306262 -0.87068 -0.504304 0.867113 0.203222 -0.454769 0.485867 
1530718837809 -0.289772 -0.932996 -0.213427 -0.606818 0.827338 -0.356292 0.434244 -0.279046 -0.48119 -0.0507446 0.875146 0.404909 0.31622 -0.930002 0.187352 0.400795 -0.384863 -0.306262 -0.87068 -0.504304 0.867113 0.203222 -0.454769 0.485867 
1530718838144 -0.287464 -0.934018 -0.212074 -0.606785 0.825852 -0.353859 0.439035 -0.279419 -0.485111 -0.048935 0.873082 0.405094 0.31622 -0.930002 0.187352 0.400795 -0.384863 -0.306262 -0.87068 -0.504304 0.867113 0.203222 -0.454769 0.485867 
1530718838596 -0.285162 -0.935032 -0.210708 -0.606767 0.824346 -0.351416 0.443802 -0.279791 -0.489015 -0.0471409 0.871 0.405258 0.31622 -0.930002 0.187352 0.400795 -0.384863 -0.306262 -0.87068 -0.504304 0.867113 0.203222 -0.454769 0.485867 
1530718839072 -0.285221 -0.935008 -0.210735 -0.606755 0.824358 -0.351477 0.443732 -0.27976 -0.488961 -0.0471591 0.87103 0.405264 0.31622 -0.930002 0.187352 0.400795 -0.384863 -0.306262 -0.87068 -0.504304 0.867113 0.203222 -0.454769 0.485867 
1530718839272 -0.277547 -0.937925 -0.207999 -0.60651 0.822178 -0.34389 0.45361 -0.279646 -0.496981 -0.0451139 0.866588 0.406051 0.31622 -0.930002 0.187352 0.400795 -0.384863 -0.306262 -0.87068 -0.504304 0.867113 0.203222 -0.454769 0.485867 
1530718839698 -0.269882 -0.940781 -0.205172 -0.606265 0.819859 -0.33626 0.463423 -0.279532 -0.50497 -0.0431426 0.862058 0.406837 0.31622 -0.930002 0.187352 0.400795 -0.384863 -0.306262 -0.87068 -0.504304 0.867113 0.203222 -0.454769 0.485867 
1530718840124 -0.262227 -0.943573 -0.202257 -0.606019 0.8174 -0.328587 0.473168 -0.279417 -0.512927 -0.0412469 0.857441 0.407623 0.31622 -0.930002 0.187352 0.400795 -0.384863 -0.306262 -0.87068 -0.504304 0.867113 0.203222 -0.454769 0.485867 
1530718840580 -0.254584 -0.946301 -0.199251 -0.605774 0.814801 -0.320873 0.482845 -0.279303 -0.520851 -0.0394252 0.852737 0.40841 0.31622 -0.930002 0.187352 0.400795 -0.384863 -0.306262 -0.87068 -0.504304 0.867113 0.203222 -0.454769 0.485867 
1530718841014 -0.246954 -0.948966 -0.196158 -0.605528 0.812064 -0.31312 0.492451 -0.279189 -0.52874 -0.03768 0.847947 0.409196 0.31622 -0.930002 0.187352 0.400795 -0.384863 -0.306262 -0.87068 -0.504304 0.867113 0.203222 -0.454769 0.485867 
1530718841449 -0.239337 -0.951566 -0.192975 -0.605283 0.809188 -0.305328 0.501986 -0.279075 -0.536594 -0.0360091 0.843072 0.409982 0.31622 -0.930002 0.187352 0.400795 -0.384863 -0.306262 -0.87068 -0.504304 0.867113 0.203222 -0.454769 0.485867 
1530718841939 -0.231736 -0.954102 -0.189706 -0.605038 0.806174 -0.297499 0.511447 -0.278961 -0.54441 -0.0344153 0.838113 0.410768 0.31622 -0.930002 0.187352 0.400795 -0.384863 -0.306262 -0.87068 -0.504304 0.867113 0.203222 -0.454769 0.485867 
1530718841945 -0.224152 -0.956572 -0.186349 -0.604798 0.803022 -0.289634 0.520833 -0.278849 -0.552187 -0.0328966 0.833071 0.411552 0.31622 -0.930002 0.187352 0.400795 -0.384863 -0.306262 -0.87068 -0.504304 0.867113 0.203222 -0.454769 0.485867 
1530718842526 -0.216597 -0.958975 -0.182901 -0.604616 0.799747 -0.281741 0.53012 -0.278765 -0.559902 -0.0314515 0.827962 0.412272 0.31622 -0.930002 0.187352 0.400795 -0.384863 -0.306262 -0.87068 -0.504304 0.867113 0.203222 -0.454769 0.485867 
1530718843166 -0.216633 -0.958961 -0.182935 -0.60464 0.799726 -0.281789 0.530126 -0.278713 -0.559919 -0.0314551 0.82795 0.412298 0.31622 -0.930002 0.187352 0.400795 -0.384863 -0.306262 -0.87068 -0.504304 0.867113 0.203222 -0.454769 0.485867 
1530718843311 -0.209341 -0.961028 -0.180561 -0.60452 0.796852 -0.274682 0.538123 -0.278453 -0.566748 -0.0312291 0.823299 0.412959 0.31622 -0.930002 0.187352 0.400795 -0.384863 -0.306262 -0.87068 -0.504304 0.867113 0.203222 -0.454769 0.485867 
1530718843744 -0.202057 -0.963041 -0.178117 -0.6044 0.793867 -0.267559 0.546066 -0.278194 -0.57354 -0.0310643 0.818588 0.413619 0.31622 -0.930002 0.187352 0.400795 -0.384863 -0.306262 -0.87068 -0.504304 0.867113 0.203222 -0.454769 0.485867 
1530718844182 -0.194784 -0.964999 -0.175601 -0.60428 0.790772 -0.260419 0.553951 -0.277934 -0.580292 -0.0309596 0.81382 0.414279 0.31622 -0.930002 0.187352 0.400795 -0.384863 -0.306262 -0.87068 -0.504304 0.867113 0.203222 -0.454769 0.485867 
1530718844610 -0.18752 -0.966903 -0.173016 -0.60416 0.787567 -0.253264 0.561779 -0.277674 -0.587004 -0.0309169 0.808993 0.41494 0.31622 -0.930002 0.187352 0.400795 -0.384863 -0.306262 -0.87068 -0.504304 0.867113 0.203222 -0.454769 0.485867 
1530718845047 -0.180268 -0.968752 -0.17036 -0.604039 0.784253 -0.246094 0.569548 -0.277415 -0.593675 -0.0309341 0.80411 0.4156 0.31622 -0.930002 0.187352 0.400795 -0.384863 -0.306262 -0.87068 -0.504304 0.867113 0.203222 -0.454769 0.485867 
1530718845484 -0.173027 -0.970546 -0.167635 -0.603919 0.780831 -0.23891 0.577256 -0.277155 -0.600304 -0.0310138 0.799171 0.416261 0.31622 -0.930002 0.187352 0.400795 -0.384863 -0.306262 -0.87068 -0.504304 0.867113 0.203222 -0.454769 0.485867 
1530718845938 -0.165799 -0.972285 -0.164841 -0.603799 0.7773 -0.231714 0.584904 -0.276895 -0.606889 -0.0311545 0.794176 0.416921 0.31622 -0.930002 0.187352 0.400795 -0.384863 -0.306262 -0.87068 -0.504304 0.867113 0.203222 -0.454769 0.485867 
1530718846353 -0.158586 -0.973968 -0.161977 -0.603683 0.773662 -0.224506 0.59249 -0.276637 -0.613431 -0.0313551 0.789126 0.417579 0.31622 -0.930002 0.187352 0.400795 -0.384863 -0.306262 -0.87068 -0.504304 0.867113 0.203222 -0.454769 0.485867 
1530718846782 -0.151401 -0.975594 -0.159039 -0.603614 0.769929 -0.217294 0.599994 -0.276411 -0.619909 -0.0316093 0.784037 0.418177 0.31622 -0.930002 0.187352 0.400795 -0.384863 -0.306262 -0.87068 -0.504304 0.867113 0.203222 -0.454769 0.485867 
1530718847306 -0.151525 -0.975573 -0.159049 -0.603613 0.769967 -0.217395 0.599908 -0.276389 -0.619831 -0.0315615 0.7841 0.418206 0.31622 -0.930002 0.187352 0.400795 -0.384863 -0.306262 -0.87068 -0.504304 0.867113 0.203222 -0.454769 0.485867 
1530718847546 -0.146522 -0.976712 -0.156735 -0.603594 0.76752 -0.212206 0.604882 -0.276168 -0.624055 -0.0316688 0.780738 0.418642 0.31622 -0.930002 0.187352 0.400795 -0.384863 -0.306262 -0.87068 -0.504304 0.867113 0.203222 -0.454769 0.485867 
1530718847916 -0.141526 -0.977821 -0.154388 -0.603575 0.765023 -0.207012 0.609824 -0.275947 -0.628259 -0.0318045 0.777354 0.419079 0.31622 -0.930002 0.187352 0.400795 -0.384863 -0.306262 -0.87068 -0.504304 0.867113 0.203222 -0.454769 0.485867 
1530718848279 -0.13654 -0.978902 -0.152011 -0.603556 0.762477 -0.201813 0.614736 -0.275726 -0.632444 -0.031969 0.773946 0.419515 0.31622 -0.930002 0.187352 0.400795 -0.384863 -0.306262 -0.87068 -0.504304 0.867113 0.203222 -0.454769 0.485867 
1530718848643 -0.131562 -0.979954 -0.149602 -0.603537 0.759882 -0.196608 0.619616 -0.275505 -0.636609 -0.0321623 0.770516 0.419951 0.31622 -0.930002 0.187352 0.400795 -0.384863 -0.306262 -0.87068 -0.504304 0.867113 0.203222 -0.454769 0.485867 
1530718849059 -0.126593 -0.980978 -0.147163 -0.603518 0.757238 -0.1914 0.624465 -0.275285 -0.640753 -0.0323844 0.767064 0.420387 0.31622 -0.930002 0.187352 0.400795 -0.384863 -0.306262 -0.87068 -0.504304 0.867113 0.203222 -0.454769 0.485867 
1530718849439 -0.121633 -0.981972 -0.144692 -0.603499 0.754545 -0.186186 0.629283 -0.275064 -0.644878 -0.0326346 0.763589 0.420823 0.31622 -0.930002 0.187352 0.400795 -0.384863 -0.306262 -0.87068 -0.504304 0.867113 0.203222 -0.454769 0.485867 
1530718849825 -0.116684 -0.982938 -0.14219 -0.60348 0.751803 -0.180969 0.634068 -0.274843 -0.648982 -0.032913 0.760092 0.421259 0.31622 -0.930002 0.187352 0.400795 -0.384863 -0.306262 -0.87068 -0.504304 0.867113 0.203222 -0.454769 0.485867 
1530718850190 -0.111745 -0.983875 -0.139657 -0.603464 0.749013 -0.175748 0.638821 -0.274623 -0.653064 -0.0332199 0.756574 0.421694 0.31622 -0.930002 0.187352 0.400795 -0.384863 -0.306262 -0.87068 -0.504304 0.867113 0.203222 -0.454769 0.485867 
1530718850572 -0.106825 -0.984781 -0.137091 -0.603474 0.746183 -0.170528 0.64353 -0.274425 -0.657114 -0.0335496 0.753044 0.42209 0.31622 -0.930002 0.187352 0.400795 -0.384863 -0.306262 -0.87068 -0.504304 0.867113 0.203222 -0.454769 0.485867 
1530718851009 -0.106979 -0.984748 -0.137214 -0.603502 0.746227 -0.170722 0.643428 -0.274372 -0.657039 -0.0335596 0.753109 0.422095 0.31622 -0.930002 0.187352 0.400795 -0.384863 -0.306262 -0.87068 -0.504304 0.867113 0.203222 -0.454769 0.485867 
1530718851191 -0.10352 -0.985311 -0.135814 -0.603509 0.744236 -0.167321 0.64662 -0.274218 -0.659846 -0.0341392 0.750625 0.422385 0.31622 -0.930002 0.187352 0.400795 -0.384863 -0.306262 -0.87068 -0.504304 0.867113 0.203222 -0.454769 0.485867 
1530718851515 -0.100066 -0.985862 -0.134399 -0.603516 0.742222 -0.163921 0.649798 -0.274063 -0.662641 -0.0347308 0.748131 0.422675 0.31622 -0.930002 0.187352 0.400795 -0.384863 -0.306262 -0.87068 -0.504304 0.867113 0.203222 -0.454769 0.485867 
1530718851871 -0.0966161 -0.9864 -0.132969 -0.603522 0.740186 -0.160521 0.652961 -0.273909 -0.665425 -0.0353352 0.745628 0.422965 0.31622 -0.930002 0.187352 0.400795 -0.384863 -0.306262 -0.87068 -0.504304 0.867113 0.203222 -0.454769 0.485867 
1530718852202 -0.09317 -0.986925 -0.131525 -0.603529 0.738127 -0.157121 0.656111 -0.273754 -0.668197 -0.0359527 0.743115 0.423255 0.31622 -0.930002 0.187352 0.400795 -0.384863 -0.306262 -0.87068 -0.504304 0.867113 0.203222 -0.454769 0.485867 
1530718852562 -0.0897279 -0.987437 -0.130066 -0.603536 0.736046 -0.153721 0.659247 -0.2736 -0.670958 -0.0365821 0.740592 0.423545 0.31622 -0.930002 0.187352 0.400795 -0.384863 -0.306262 -0.87068 -0.504304 0.867113 0.203222 -0.454769 0.485867 
1530718852569 -0.08629 -0.987936 -0.128594 -0.603543 0.733943 -0.150322 0.662367 -0.273445 -0.673707 -0.0372253 0.73806 0.423835 0.31622 -0.930002 0.187352 0.400795 -0.384863 -0.306262 -0.87068 -0.504304 0.867113 0.203222 -0.454769 0.485867 
1530718853001 -0.0828564 -0.988422 -0.127108 -0.60355 0.731818 -0.146924 0.665474 -0.273291 -0.676444 -0.037881 0.735519 0.424125 0.31622 -0.930002 0.187352 0.400795 -0.384863 -0.306262 -0.87068 -0.504304 0.867113 0.203222 -0.454769 0.485867 
1530718853327 -0.0794273 -0.988896 -0.125606 -0.603558 0.729671 -0.143526 0.668566 -0.273137 -0.67917 -0.0385488 0.732968 0.424414 0.31622 -0.930002 0.187352 0.400795 -0.384863 -0.306262 -0.87068 -0.504304 0.867113 0.203222 -0.454769 0.485867 
1530718853659 -0.0760101 -0.989356 -0.124088 -0.603583 0.727509 -0.140132 0.671636 -0.273 -0.681875 -0.0392241 0.730416 0.424675 0.31622 -0.930002 0.187352 0.400795 -0.384863 -0.306262 -0.87068 -0.504304 0.867113 0.203222 -0.454769 0.485867 
1530718854049 -0.0760862 -0.989349 -0.124093 -0.603584 0.727537 -0.140189 0.671593 -0.272989 -0.681836 -0.0391834 0.730455 0.424723 0.31622 -0.930002 0.187352 0.400795 -0.384863 -0.306262 -0.87068 -0.504304 0.867113 0.203222 -0.454769 0.485867 
1530718854200 -0.0745934 -0.989583 -0.123128 -0.603604 0.726889 -0.138486 0.672647 -0.272915 -0.682692 -0.0393254 0.729647 0.424795 0.31622 -0.930002 0.187352 0.400795 -0.384863 -0.306262 -0.87068 -0.504304 0.867113 0.203222 -0.454769 0.485867 
1530718854453 -0.0731018 -0.989814 -0.122162 -0.603625 0.726237 -0.136783 0.673699 -0.27284 -0.683547 -0.0394698 0.728839 0.424867 0.31622 -0.930002 0.187352 0.400795 -0.384863 -0.306262 -0.87068 -0.504304 0.867113 0.203222 -0.454769 0.485867 
1530718854717 -0.0716105 -0.990043 -0.121193 -0.603645 0.725581 -0.135079 0.674749 -0.272766 -0.684401 -0.0396162 0.728029 0.424939 0.31622 -0.930002 0.187352 0.400795 -0.384863 -0.306262 -0.87068 -0.504304 0.867113 0.203222 -0.454769 0.485867 
1530718854961 -0.0701202 -0.990268 -0.120222 -0.603665 0.724922 -0.133375 0.675796 -0.272691 -0.685253 -0.0397644 0.727219 0.425011 0.31622 -0.930002 0.187352 0.400795 -0.384863 -0.306262 -0.87068 -0.504304 0.867113 0.203222 -0.454769 0.485867 
1530718855237 -0.0686309 -0.99049 -0.119249 -0.603685 0.724259 -0.131671 0.67684 -0.272617 -0.686104 -0.0399148 0.726407 0.425084 0.31622 -0.930002 0.187352 0.400795 -0.384863 -0.306262 -0.87068 -0.504304 0.867113 0.203222 -0.454769 0.485867 
1530718855513 -0.0671422 -0.990709 -0.118273 -0.603706 0.723592 -0.129966 0.677882 -0.272543 -0.686955 -0.0400668 0.725595 0.425156 0.31622 -0.930002 0.187352 0.400795 -0.384863 -0.306262 -0.87068 -0.504304 0.867113 0.203222 -0.454769 0.485867 
1530718855796 -0.0656549 -0.990924 -0.117296 -0.603726 0.722922 -0.128262 0.67892 -0.272468 -0.687803 -0.0402212 0.724782 0.425228 0.31622 -0.930002 0.187352 0.400795 -0.384863 -0.306262 -0.87068 -0.504304 0.867113 0.203222 -0.454769 0.485867 
1530718856063 -0.0641681 -0.991137 -0.116316 -0.603747 0.722248 -0.126557 0.679957 -0.272394 -0.688651 -0.0403774 0.723968 0.425299 0.31622 -0.930002 0.187352 0.400795 -0.384863 -0.306262 -0.87068 -0.504304 0.867113 0.203222 -0.454769 0.485867 
1530718856325 -0.0626854 -0.991347 -0.115334 -0.603772 0.721573 -0.124853 0.680988 -0.272326 -0.689495 -0.0405338 0.723155 0.425364 0.31622 -0.930002 0.187352 0.400795 -0.384863 -0.306262 -0.87068 -0.504304 0.867113 0.203222 -0.454769 0.485867 
1530718856589 -0.0627181 -0.991325 -0.115501 -0.603776 0.721594 -0.124991 0.68094 -0.272351 -0.689469 -0.0406378 0.723174 0.425342 0.31622 -0.930002 0.187352 0.400795 -0.384863 -0.306262 -0.87068 -0.504304 0.867113 0.203222 -0.454769 0.485867 
1530718856601 -0.062635 -0.99135 -0.115338 -0.603788 0.721692 -0.124813 0.680869 -0.272348 -0.689375 -0.0405926 0.723267 0.425309 0.31622 -0.930002 0.187352 0.400795 -0.384863 -0.306262 -0.87068 -0.504304 0.867113 0.203222 -0.454769 0.485867 
1530718856609 -0.0625518 -0.991374 -0.115176 -0.603799 0.721791 -0.124636 0.680797 -0.272346 -0.689279 -0.0405478 0.72336 0.425275 0.31622 -0.930002 0.187352 0.400795 -0.384863 -0.306262 -0.87068 -0.504304 0.867113 0.203222 -0.454769 0.485867 
1530718856816 -0.0624686 -0.991398 -0.115013 -0.603811 0.721889 -0.124458 0.680725 -0.272343 -0.689184 -0.0405029 0.723454 0.425242 0.31622 -0.930002 0.187352 0.400795 -0.384863 -0.306262 -0.87068 -0.504304 0.867113 0.203222 -0.454769 0.485867 
1530718856966 -0.0623854 -0.991422 -0.114851 -0.603822 0.721987 -0.124281 0.680653 -0.272341 -0.689088 -0.0404581 0.723547 0.425209 0.31622 -0.930002 0.187352 0.400795 -0.384863 -0.306262 -0.87068 -0.504304 0.867113 0.203222 -0.454769 0.485867 
1530718857181 -0.0623021 -0.991446 -0.114688 -0.603834 0.722086 -0.124104 0.680581 -0.272338 -0.688992 -0.0404132 0.723641 0.425176 0.31622 -0.930002 0.187352 0.400795 -0.384863 -0.306262 -0.87068 -0.504304 0.867113 0.203222 -0.454769 0.485867 
1530718857327 -0.0622188 -0.99147 -0.114526 -0.603845 0.722184 -0.123926 0.680509 -0.272335 -0.688897 -0.0403683 0.723735 0.425142 0.31622 -0.930002 0.187352 0.400795 -0.384863 -0.306262 -0.87068 -0.504304 0.867113 0.203222 -0.454769 0.485867 
1530718857460 -0.0621352 -0.991494 -0.114363 -0.603857 0.722283 -0.123748 0.680436 -0.272333 -0.688801 -0.0403233 0.723829 0.425109 0.31622 -0.930002 0.187352 0.400795 -0.384863 -0.306262 -0.87068 -0.504304 0.867113 0.203222 -0.454769 0.485867 
1530718857617 -0.0620518 -0.991518 -0.1142 -0.603868 0.722382 -0.123571 0.680364 -0.27233 -0.688705 -0.0402783 0.723922 0.425076 0.31622 -0.930002 0.187352 0.400795 -0.384863 -0.306262 -0.87068 -0.504304 0.867113 0.203222 -0.454769 0.485867 
1530718857740 -0.0619684 -0.991542 -0.114038 -0.603879 0.72248 -0.123394 0.680292 -0.272327 -0.68861 -0.0402336 0.724015 0.425045 0.31622 -0.930002 0.187352 0.400795 -0.384863 -0.306262 -0.87068 -0.504304 0.867113 0.203222 -0.454769 0.485867 
1530718857882 -0.0619262 -0.991538 -0.114091 -0.603868 0.722418 -0.123404 0.680356 -0.272369 -0.688678 -0.0402898 0.723947 0.42504 0.31622 -0.930002 0.187352 0.400795 -0.384863 -0.306262 -0.87068 -0.504304 0.867113 0.203222 -0.454769 0.485867 
1530718857893 -0.0617644 -0.99152 -0.114338 -0.603872 0.722596 -0.123445 0.680159 -0.272348 -0.688505 -0.0406105 0.724093 0.425007 0.31622 -0.930002 0.187352 0.400795 -0.384863 -0.306262 -0.87068 -0.504304 0.867113 0.203222 -0.454769 0.485867 
1530718858087 -0.0616024 -0.991502 -0.114584 -0.603877 0.722775 -0.123487 0.679961 -0.272328 -0.688332 -0.0409316 0.72424 0.424975 0.31622 -0.930002 0.187352 0.400795 -0.384863 -0.306262 -0.87068 -0.504304 0.867113 0.203222 -0.454769 0.485867 
1530718858312 -0.0614404 -0.991483 -0.114831 -0.603881 0.722955 -0.123529 0.679763 -0.272307 -0.688158 -0.0412528 0.724387 0.424942 0.31622 -0.930002 0.187352 0.400795 -0.384863 -0.306262 -0.87068 -0.504304 0.867113 0.203222 -0.454769 0.485867 
1530718858514 -0.0612785 -0.991465 -0.115078 -0.603885 0.723133 -0.12357 0.679565 -0.272286 -0.687985 -0.0415739 0.724533 0.424909 0.31622 -0.930002 0.187352 0.400795 -0.384863 -0.306262 -0.87068 -0.504304 0.867113 0.203222 -0.454769 0.485867 
1530718858705 -0.0611158 -0.991446 -0.115325 -0.60389 0.723313 -0.123611 0.679366 -0.272265 -0.687811 -0.0418957 0.72468 0.424877 0.31622 -0.930002 0.187352 0.400795 -0.384863 -0.306262 -0.87068 -0.504304 0.867113 0.203222 -0.454769 0.485867 
1530718858904 -0.0609538 -0.991427 -0.115571 -0.603894 0.723492 -0.123652 0.679168 -0.272245 -0.687637 -0.042217 0.724827 0.424844 0.31622 -0.930002 0.187352 0.400795 -0.384863 -0.306262 -0.87068 -0.504304 0.867113 0.203222 -0.454769 0.485867 
1530718859154 -0.0607919 -0.991408 -0.115818 -0.603898 0.723671 -0.123693 0.67897 -0.272223 -0.687463 -0.0425382 0.724973 0.424811 0.31622 -0.930002 0.187352 0.400795 -0.384863 -0.306262 -0.87068 -0.504304 0.867113 0.203222 -0.454769 0.485867 
1530718859304 -0.0606301 -0.991389 -0.116065 -0.603902 0.72385 -0.123734 0.678772 -0.272203 -0.687289 -0.0428595 0.725119 0.424778 0.31622 -0.930002 0.187352 0.400795 -0.384863 -0.306262 -0.87068 -0.504304 0.867113 0.203222 -0.454769 0.485867 
1530718859479 -0.0604689 -0.99137 -0.116311 -0.603906 0.724028 -0.123775 0.678574 -0.272183 -0.687115 -0.0431799 0.725265 0.424747 0.31622 -0.930002 0.187352 0.400795 -0.384863 -0.306262 -0.87068 -0.504304 0.867113 0.203222 -0.454769 0.485867 
1530718859668 -0.0603095 -0.991389 -0.116238 -0.603872 0.724141 -0.123603 0.678486 -0.272276 -0.68701 -0.0432534 0.725359 0.424815 0.31622 -0.930002 0.187352 0.400795 -0.384863 -0.306262 -0.87068 -0.504304 0.867113 0.203222 -0.454769 0.485867 
1530718859682 -0.0600959 -0.991345 -0.116722 -0.603869 0.723908 -0.123795 0.678699 -0.272248 -0.687275 -0.0437089 0.725081 0.424845 0.31622 -0.930002 0.187352 0.400795 -0.384863 -0.306262 -0.87068 -0.504304 0.867113 0.203222 -0.454769 0.485867 
1530718859932 -0.0598814 -0.991301 -0.117207 -0.603866 0.723674 -0.123987 0.678913 -0.27222 -0.687539 -0.0441654 0.724803 0.424874 0.31622 -0.930002 0.187352 0.400795 -0.384863 -0.306262 -0.87068 -0.504304 0.867113 0.203222 -0.454769 0.485867 
1530718859938 -0.059666 -0.991256 -0.117692 -0.603862 0.72344 -0.124179 0.679127 -0.272192 -0.687804 -0.0446226 0.724524 0.424904 0.31622 -0.930002 0.187352 0.400795 -0.384863 -0.306262 -0.87068 -0.504304 0.867113 0.203222 -0.454769 0.485867 
1530718860212 -0.059451 -0.991211 -0.118177 -0.603859 0.723207 -0.124371 0.679341 -0.272164 -0.688068 -0.0450791 0.724245 0.424934 0.31622 -0.930002 0.187352 0.400795 -0.384863 -0.306262 -0.87068 -0.504304 0.867113 0.203222 -0.454769 0.485867 
1530718860463 -0.0592358 -0.991166 -0.118662 -0.603856 0.722973 -0.124563 0.679554 -0.272136 -0.688332 -0.0455355 0.723965 0.424963 0.31622 -0.930002 0.187352 0.400795 -0.384863 -0.306262 -0.87068 -0.504304 0.867113 0.203222 -0.454769 0.485867 
1530718860470 -0.0590204 -0.991121 -0.119147 -0.603852 0.722739 -0.124756 0.679767 -0.272107 -0.688596 -0.0459919 0.723685 0.424993 0.31622 -0.930002 0.187352 0.400795 -0.384863 -0.306262 -0.87068 -0.504304 0.867113 0.203222 -0.454769 0.485867 
1530718860719 -0.0588048 -0.991075 -0.119631 -0.603849 0.722506 -0.124949 0.67998 -0.272079 -0.68886 -0.0464482 0.723405 0.425023 0.31622 -0.930002 0.187352 0.400795 -0.384863 -0.306262 -0.87068 -0.504304 0.867113 0.203222 -0.454769 0.485867 
1530718860725 -0.0585891 -0.99103 -0.120116 -0.603846 0.722272 -0.125142 0.680193 -0.272051 -0.689123 -0.0469043 0.723125 0.425052 0.31622 -0.930002 0.187352 0.400795 -0.384863 -0.306262 -0.87068 -0.504304 0.867113 0.203222 -0.454769 0.485867 
1530718860994 -0.0583744 -0.990984 -0.120599 -0.603846 0.722039 -0.125335 0.680405 -0.272026 -0.689385 -0.0473587 0.722845 0.425078 0.31622 -0.930002 0.187352 0.400795 -0.384863 -0.306262 -0.87068 -0.504304 0.867113 0.203222 -0.454769 0.485867 
1530718861224 -0.0582969 -0.991004 -0.120469 -0.603859 0.722048 -0.125189 0.680422 -0.272049 -0.689383 -0.047318 0.72285 0.425057 0.31622 -0.930002 0.187352 0.400795 -0.384863 -0.306262 -0.87068 -0.504304 0.867113 0.203222 -0.454769 0.485867 
1530718861238 -0.0583266 -0.990994 -0.120538 -0.603859 0.721962 -0.125264 0.6805 -0.272039 -0.68947 -0.0473323 0.722766 0.425059 0.31622 -0.930002 0.187352 0.400795 -0.384863 -0.306262 -0.87068 -0.504304 0.867113 0.203222 -0.454769 0.485867 
1530718861254 -0.0583568 -0.990984 -0.120605 -0.603858 0.721876 -0.125338 0.680578 -0.272029 -0.689558 -0.0473458 0.722681 0.425062 0.31622 -0.930002 0.187352 0.400795 -0.384863 -0.306262 -0.87068 -0.504304 0.867113 0.203222 -0.454769 0.485867 
1530718861494 -0.0583871 -0.990974 -0.120673 -0.603858 0.72179 -0.125412 0.680655 -0.27202 -0.689645 -0.0473592 0.722597 0.425064 0.31622 -0.930002 0.187352 0.400795 -0.384863 -0.306262 -0.87068 -0.504304 0.867113 0.203222 -0.454769 0.485867 
1530718861726 -0.0584173 -0.990964 -0.120741 -0.603857 0.721704 -0.125486 0.680733 -0.27201 -0.689733 -0.0473727 0.722513 0.425067 0.31622 -0.930002 0.187352 0.400795 -0.384863 -0.306262 -0.87068 -0.504304 0.867113 0.203222 -0.454769 0.485867 
