1530619046956 0.275657 -0.8825 0.381061 -0.604483 0.633204 0.464965 0.618757 -0.181741 -0.723233 0.0707247 0.686973 0.426588 -0.00415727 -0.997671 -0.0680861 0.385684 -0.12783 0.0680583 -0.989458 -0.492007 0.991787 0.00459001 -0.127815 0.440347 
1530619046963 0.25636 -0.939187 0.228488 0.190522 -0.09544 -0.259828 -0.960927 -0.632759 0.961858 0.224537 -0.156246 0.522991 -0.00527857 -0.997437 -0.0713616 0.385805 -0.13087 0.0714379 -0.988822 -0.491954 0.991385 0.00411954 -0.130912 0.44051 
1530619046970 0.218501 -0.931404 0.291108 0.220456 0.106878 -0.27368 -0.955864 -0.527818 0.969966 0.23997 0.0397474 0.494922 -0.00641051 -0.997191 -0.074632 0.385927 -0.133905 0.0748174 -0.988166 -0.491901 0.990973 0.00365893 -0.134008 0.440672 
1530619046976 0.16226 -0.93285 0.321655 0.11859 0.348692 -0.250737 -0.903075 -0.461437 0.923085 0.258692 0.284592 0.483134 -0.0075525 -0.996933 -0.0778979 0.386048 -0.136934 0.0781974 -0.987489 -0.491847 0.990551 0.00320888 -0.137105 0.440834 
1530619047509 0.101453 -0.93566 0.338006 0.00618326 0.566381 -0.224998 -0.792836 -0.420067 0.817875 0.271876 0.507113 0.472819 -0.00870457 -0.996663 -0.0811594 0.386169 -0.139958 0.0815778 -0.986791 -0.491793 0.990119 0.00276933 -0.140201 0.440997 
1530619047849 0.0360287 -0.940511 0.337848 -0.0997268 0.748977 -0.198404 -0.632194 -0.390054 0.661615 0.275817 0.697273 0.458167 -0.00986659 -0.996382 -0.0844163 0.386291 -0.142977 0.0849587 -0.986073 -0.491739 0.989677 0.00234042 -0.143298 0.441159 
1530619048251 -0.028658 -0.947013 0.319914 -0.200692 0.887811 -0.171177 -0.427189 -0.361428 0.459315 0.271781 0.845674 0.447097 -0.0110385 -0.996089 -0.0876685 0.386412 -0.14599 0.0883398 -0.985334 -0.491686 0.989224 0.00192214 -0.146394 0.44132 
1530619048607 -0.0865608 -0.95418 0.286438 -0.298905 0.970218 -0.146033 -0.193265 -0.33332 0.226239 0.261179 0.938404 0.436097 -0.0122202 -0.995784 -0.0909155 0.386532 -0.148996 0.0917206 -0.984575 -0.491633 0.988762 0.00151438 -0.149489 0.441475 
1530619048942 -0.134169 -0.961548 0.239633 -0.39213 0.990702 -0.124655 0.0544986 -0.306217 -0.0225316 0.244717 0.969333 0.424433 -0.0134113 -0.995467 -0.0941545 0.386646 -0.151985 0.0950983 -0.983797 -0.491582 0.988292 0.00111613 -0.152572 0.441598 
1530619049281 -0.169134 -0.968199 0.184351 -0.470179 0.948618 -0.109163 0.296996 -0.284173 -0.267427 0.225111 0.936914 0.407963 -0.014606 -0.995143 -0.0973509 0.386715 -0.154865 0.0984379 -0.983019 -0.491535 0.987828 0.000718336 -0.155551 0.441549 
1530619049654 -0.169134 -0.968199 0.184351 -0.470179 0.948618 -0.109163 0.296996 -0.284173 -0.267427 0.225111 0.936914 0.407963 -0.0146751 -0.995146 -0.0973041 0.386678 -0.154912 0.0984024 -0.983015 -0.49156 0.987819 0.000647698 -0.155604 0.44152 
1530619049665 0.279843 -0.930318 0.237057 0.205875 -0.110552 -0.276506 -0.954632 -0.484925 0.953659 0.24094 -0.180227 0.499532 -0.0147902 -0.995112 -0.0976368 0.3867 -0.155219 0.0987487 -0.982932 -0.491551 0.987769 0.000617307 -0.155921 0.441565 
1530619049864 0.233697 -0.928027 0.290089 0.185001 0.102142 -0.273268 -0.9565 -0.464226 0.966929 0.253161 0.0309292 0.494691 -0.0149053 -0.995078 -0.0979704 0.386722 -0.155527 0.099096 -0.982849 -0.491541 0.987719 0.00058731 -0.156238 0.44161 
1530619050091 0.171679 -0.930653 0.323128 0.0945128 0.343354 -0.250907 -0.905071 -0.441983 0.923382 0.266329 0.276468 0.489173 -0.0150204 -0.995043 -0.0983038 0.386744 -0.155835 0.0994432 -0.982765 -0.491532 0.987669 0.000557605 -0.156556 0.441655 
1530619050329 0.105306 -0.934593 0.339774 -0.00556129 0.56304 -0.225599 -0.795042 -0.41627 0.819693 0.275029 0.502456 0.475998 -0.0151357 -0.995008 -0.0986369 0.386766 -0.156142 0.09979 -0.982681 -0.491522 0.987619 0.000527836 -0.156873 0.4417 
1530619050526 0.0368383 -0.940237 0.338523 -0.103954 0.748813 -0.198353 -0.632404 -0.38911 0.661756 0.276787 0.696755 0.461136 -0.015251 -0.994974 -0.09897 0.386788 -0.15645 0.100137 -0.982597 -0.491513 0.987568 0.000498224 -0.15719 0.441745 
1530619050732 -0.0284509 -0.946963 0.32008 -0.202101 0.887724 -0.171131 -0.427389 -0.36114 0.459497 0.271983 0.84551 0.447866 -0.0153662 -0.994939 -0.0993035 0.38681 -0.156758 0.100484 -0.982512 -0.491504 0.987518 0.000469071 -0.157508 0.44179 
1530619051031 -0.0865127 -0.95417 0.286489 -0.299499 0.970199 -0.146024 -0.193365 -0.333176 0.226337 0.261223 0.938368 0.43638 -0.0154817 -0.994903 -0.0996364 0.386832 -0.157065 0.100831 -0.982428 -0.491494 0.987467 0.00043969 -0.157825 0.441834 
1530619051243 -0.134176 -0.961546 0.239636 -0.392487 0.990702 -0.124667 0.0544781 -0.306154 -0.0225084 0.244718 0.969333 0.424338 -0.0155973 -0.994868 -0.099969 0.386852 -0.157371 0.101178 -0.982343 -0.491485 0.987416 0.000410314 -0.158141 0.441874 
1530619051437 -0.169249 -0.968162 0.184436 -0.470704 0.948568 -0.109218 0.297137 -0.28431 -0.267533 0.22524 0.936853 0.407243 -0.0157123 -0.994833 -0.100297 0.386867 -0.157664 0.101519 -0.982261 -0.491475 0.987368 0.00037965 -0.158445 0.441891 
1530619051655 -0.169249 -0.968162 0.184436 -0.470704 0.948568 -0.109218 0.297137 -0.28431 -0.267533 0.22524 0.936853 0.407243 -0.0155575 -0.994839 -0.100266 0.386899 -0.157628 0.101464 -0.982272 -0.491438 0.987376 0.000522996 -0.158393 0.441878 
1530619051668 0.28122 -0.929914 0.237013 0.204542 -0.111016 -0.276847 -0.954479 -0.481845 0.9532 0.242107 -0.181091 0.49876 -0.0156408 -0.99478 -0.10084 0.386864 -0.157607 0.102045 -0.982215 -0.491445 0.987378 0.000530606 -0.158381 0.442064 
1530619051912 0.234426 -0.92788 0.28997 0.182951 0.101468 -0.273298 -0.956563 -0.463047 0.966824 0.253665 0.0300816 0.495557 -0.0157244 -0.99472 -0.101415 0.386828 -0.157588 0.102626 -0.982158 -0.491451 0.98738 0.000537985 -0.15837 0.44225 
1530619052154 0.172205 -0.930537 0.323182 0.0929967 0.342876 -0.250944 -0.905242 -0.441645 0.923462 0.266698 0.275845 0.489888 -0.0158084 -0.99466 -0.10199 0.386793 -0.157568 0.103206 -0.9821 -0.491458 0.987382 0.000544927 -0.158358 0.442436 
1530619052384 0.105643 -0.934496 0.339937 -0.0065455 0.562675 -0.225684 -0.795276 -0.416303 0.8199 0.275289 0.501976 0.476432 -0.0158922 -0.994599 -0.102565 0.386758 -0.157549 0.103787 -0.982042 -0.491465 0.987383 0.000552173 -0.158347 0.442622 
1530619052620 0.0369688 -0.940169 0.338697 -0.1044 0.748834 -0.198368 -0.632375 -0.389087 0.661726 0.277006 0.696697 0.461965 -0.015976 -0.994539 -0.103139 0.386722 -0.157529 0.104368 -0.981984 -0.491471 0.987385 0.000559224 -0.158336 0.442808 
1530619052845 -0.0284055 -0.946922 0.320206 -0.202161 0.887736 -0.171143 -0.427357 -0.361125 0.459475 0.272119 0.845478 0.448113 -0.0160597 -0.994478 -0.103714 0.386687 -0.157509 0.104948 -0.981925 -0.491477 0.987387 0.0005665 -0.158325 0.442994 
1530619052851 -0.0865092 -0.954149 0.286558 -0.299488 0.970201 -0.146033 -0.193349 -0.333173 0.226331 0.261293 0.93835 0.436438 -0.0161436 -0.994416 -0.104288 0.386651 -0.157489 0.105529 -0.981866 -0.491483 0.987389 0.000573386 -0.158313 0.443179 
1530619053042 -0.134203 -0.961531 0.239684 -0.392526 0.990698 -0.124687 0.0545068 -0.306186 -0.0225244 0.244769 0.96932 0.424276 -0.016228 -0.994354 -0.104862 0.386616 -0.157467 0.106108 -0.981807 -0.491488 0.987391 0.000579406 -0.1583 0.443357 
1530619053291 -0.169362 -0.968125 0.184528 -0.470907 0.948521 -0.109273 0.297266 -0.28445 -0.267627 0.225375 0.936794 0.406874 -0.0163141 -0.994293 -0.105425 0.386583 -0.157435 0.106679 -0.98175 -0.491487 0.987395 0.000581274 -0.158277 0.443499 
1530619053535 -0.169362 -0.968125 0.184528 -0.470907 0.948521 -0.109273 0.297266 -0.28445 -0.267627 0.225375 0.936794 0.406874 -0.0161586 -0.994286 -0.105523 0.386667 -0.157352 0.10675 -0.981756 -0.491463 0.98741 0.000740389 -0.158178 0.443484 
1530619053548 0.28189 -0.929679 0.237139 0.204299 -0.111197 -0.277153 -0.95437 -0.480869 0.952981 0.242658 -0.181504 0.497936 -0.014796 -0.994896 -0.0998119 0.386578 -0.154526 0.100899 -0.982823 -0.491497 0.987878 0.000881746 -0.155231 0.44317 
1530619053972 0.234719 -0.9278 0.28999 0.182268 0.101145 -0.273393 -0.95657 -0.462903 0.966787 0.253857 0.029672 0.495798 -0.0134511 -0.995472 -0.094094 0.38649 -0.151691 0.0950449 -0.983848 -0.491531 0.988336 0.00103939 -0.152283 0.442855 
1530619054396 0.172414 -0.930477 0.323243 0.0924589 0.342652 -0.251008 -0.905309 -0.441779 0.923506 0.266848 0.275553 0.490167 -0.0121229 -0.996014 -0.0883688 0.386402 -0.148847 0.0891882 -0.98483 -0.491563 0.988786 0.00121445 -0.149335 0.442541 
1530619054822 0.105773 -0.934448 0.340029 -0.00692804 0.562509 -0.22575 -0.795375 -0.416516 0.819997 0.275398 0.501757 0.476716 -0.0108113 -0.996521 -0.0826367 0.386314 -0.145994 0.083329 -0.98577 -0.491596 0.989226 0.00140704 -0.146387 0.442226 
1530619055255 0.0370119 -0.940137 0.33878 -0.104654 0.748838 -0.198392 -0.632363 -0.389229 0.661719 0.277096 0.696667 0.462577 -0.00951616 -0.996994 -0.0768978 0.386226 -0.143132 0.0774675 -0.986667 -0.49163 0.989658 0.00161725 -0.143439 0.441912 
1530619055674 -0.0283558 -0.946855 0.320409 -0.202397 0.887765 -0.171176 -0.427285 -0.361229 0.459423 0.272332 0.845438 0.448894 -0.00823742 -0.997431 -0.0711528 0.386139 -0.140262 0.0716043 -0.987522 -0.491666 0.99008 0.00184537 -0.140491 0.441599 
1530619056092 -0.0865175 -0.954128 0.286628 -0.299546 0.970204 -0.146051 -0.193323 -0.333251 0.226317 0.261361 0.938334 0.43662 -0.00697448 -0.997835 -0.0654029 0.386056 -0.137385 0.0657404 -0.988334 -0.491707 0.990493 0.00209229 -0.137546 0.441294 
1530619056528 -0.134235 -0.961513 0.239738 -0.392566 0.990693 -0.124711 0.0545364 -0.306259 -0.0225395 0.244828 0.969305 0.424262 -0.00572519 -0.998203 -0.0596538 0.385987 -0.134517 0.0598813 -0.9891 -0.491767 0.990895 0.00236168 -0.134618 0.441037 
1530619056955 -0.169463 -0.968091 0.184612 -0.471042 0.948483 -0.109323 0.29737 -0.284594 -0.267699 0.225495 0.936744 0.406634 -0.0044854 -0.998532 -0.0539801 0.385976 -0.131764 0.0541002 -0.989804 -0.491877 0.991271 0.00267298 -0.131813 0.441036 
1530619057350 -0.169463 -0.968091 0.184612 -0.471042 0.948483 -0.109323 0.29737 -0.284594 -0.267699 0.225495 0.936744 0.406634 -0.00452198 -0.998522 -0.0541601 0.385973 -0.131861 0.0542831 -0.989781 -0.491857 0.991258 0.00266582 -0.131911 0.440972 
1530619057363 0.282374 -0.929509 0.23723 0.204062 -0.111326 -0.277374 -0.95429 -0.480225 0.952823 0.243057 -0.181802 0.497377 -0.00323377 -0.998586 -0.0530664 0.385985 -0.133772 0.0530217 -0.989593 -0.492026 0.991007 0.00389869 -0.133754 0.441232 
1530619057703 0.234932 -0.927742 0.290004 0.181774 0.100908 -0.273464 -0.956575 -0.462819 0.96676 0.253994 0.029371 0.495975 -0.00194295 -0.998647 -0.0519747 0.385998 -0.135681 0.0517574 -0.9894 -0.492194 0.990751 0.00512962 -0.135598 0.441492 
1530619058012 0.172568 -0.930432 0.32329 0.0920842 0.342475 -0.25106 -0.905362 -0.441874 0.923543 0.266955 0.275325 0.490388 -0.000650206 -0.998704 -0.050885 0.38601 -0.137587 0.0504904 -0.989202 -0.492363 0.990489 0.00635794 -0.137442 0.441753 
1530619058292 0.105811 -0.934433 0.340057 -0.00710909 0.562492 -0.225761 -0.795383 -0.416622 0.820004 0.27544 0.501723 0.47709 0.00064469 -0.998759 -0.0497979 0.386022 -0.139492 0.0492212 -0.988999 -0.492531 0.990223 0.00758399 -0.139287 0.442013 
1530619058620 0.0370435 -0.940116 0.338835 -0.104837 0.748837 -0.198407 -0.632358 -0.389321 0.661718 0.277157 0.696645 0.463046 0.00194194 -0.998811 -0.0487137 0.386033 -0.141394 0.0479501 -0.988791 -0.492698 0.989951 0.00880801 -0.141133 0.442273 
1530619058893 -0.0283189 -0.946811 0.320541 -0.202579 0.88778 -0.171196 -0.427246 -0.361302 0.459397 0.27247 0.845408 0.449419 0.00324055 -0.99886 -0.0476311 0.386044 -0.143294 0.046676 -0.988579 -0.492862 0.989675 0.0100288 -0.14298 0.442533 
1530619059175 -0.0865206 -0.954113 0.286674 -0.299599 0.970204 -0.146062 -0.193312 -0.333306 0.226314 0.261407 0.938322 0.436734 0.00453975 -0.998906 -0.0465501 0.386053 -0.145191 0.0453989 -0.988362 -0.493019 0.989393 0.0112456 -0.144826 0.44279 
1530619059443 -0.134257 -0.961499 0.239779 -0.392596 0.99069 -0.124728 0.0545549 -0.306316 -0.0225473 0.244871 0.969293 0.424248 0.00583501 -0.998949 -0.0454677 0.386058 -0.147078 0.0441167 -0.988141 -0.493149 0.989108 0.0124531 -0.146666 0.443028 
1530619059724 -0.169536 -0.968067 0.184674 -0.471128 0.948456 -0.109359 0.297443 -0.284705 -0.267749 0.225582 0.936709 0.406474 0.00708848 -0.99899 -0.0443753 0.386065 -0.14889 0.0428274 -0.987926 -0.493197 0.988828 0.0136099 -0.148436 0.443164 
1530619060005 -0.169536 -0.968067 0.184674 -0.471128 0.948456 -0.109359 0.297443 -0.284705 -0.267749 0.225582 0.936709 0.406474 0.00704709 -0.998988 -0.0444286 0.386071 -0.148865 0.0428866 -0.987927 -0.493198 0.988832 0.0135759 -0.148412 0.443112 
1530619060018 0.282708 -0.929392 0.237292 0.203876 -0.111413 -0.277526 -0.954236 -0.479808 0.952714 0.243332 -0.182005 0.497005 0.00606263 -0.998873 -0.0470657 0.386055 -0.14768 0.0456561 -0.987981 -0.493097 0.989017 0.0129404 -0.147237 0.442981 
1530619060270 0.235076 -0.927702 0.290013 0.181438 0.100747 -0.273512 -0.956578 -0.462768 0.966742 0.254086 0.0291671 0.496096 0.0050811 -0.998751 -0.0497038 0.386039 -0.146492 0.0484247 -0.988026 -0.492996 0.989199 0.0123015 -0.146063 0.442851 
1530619060483 0.17267 -0.930403 0.32332 0.0918329 0.342358 -0.251094 -0.905397 -0.441939 0.923567 0.267026 0.275174 0.490536 0.00410334 -0.998621 -0.0523427 0.386023 -0.145301 0.0511922 -0.988062 -0.492895 0.989379 0.0116598 -0.14489 0.44272 
1530619060708 0.105836 -0.934424 0.340076 -0.00723034 0.562481 -0.225767 -0.79539 -0.41669 0.820009 0.275466 0.501701 0.47733 0.00312853 -0.998482 -0.0549823 0.386007 -0.144107 0.0539585 -0.98809 -0.492794 0.989557 0.0110146 -0.143719 0.44259 
1530619060933 0.0370637 -0.940103 0.338869 -0.104956 0.748836 -0.198416 -0.632357 -0.38938 0.661718 0.277195 0.69663 0.463335 0.00215673 -0.998336 -0.0576231 0.385991 -0.14291 0.0567241 -0.988109 -0.492693 0.989733 0.010366 -0.14255 0.442459 
1530619061171 -0.0282958 -0.946785 0.32062 -0.202697 0.887787 -0.171208 -0.427225 -0.361348 0.459383 0.272554 0.845389 0.449734 0.00118844 -0.998182 -0.0602643 0.385976 -0.14171 0.059488 -0.988119 -0.492593 0.989907 0.00971438 -0.141382 0.442328 
1530619061409 -0.0865205 -0.954105 0.286702 -0.299638 0.970204 -0.146068 -0.193308 -0.333339 0.226315 0.261434 0.938314 0.436799 0.000223937 -0.998019 -0.0629067 0.38596 -0.140507 0.0622512 -0.988121 -0.492495 0.99008 0.00906012 -0.140215 0.442199 
1530619061640 -0.13427 -0.961491 0.239806 -0.392616 0.990688 -0.124739 0.0545648 -0.306355 -0.0225505 0.244899 0.969286 0.424235 -0.000735177 -0.997849 -0.0655504 0.385945 -0.139305 0.0650135 -0.988113 -0.492406 0.990249 0.00840503 -0.139053 0.442074 
1530619061862 -0.169585 -0.96805 0.184716 -0.47118 0.948438 -0.109384 0.297492 -0.284785 -0.267782 0.225642 0.936685 0.406376 -0.00166896 -0.997672 -0.0681793 0.385923 -0.138136 0.0677558 -0.988093 -0.492344 0.990412 0.00776893 -0.137927 0.441976 
1530619062124 -0.169585 -0.96805 0.184716 -0.47118 0.948438 -0.109384 0.297492 -0.284785 -0.267782 0.225642 0.936685 0.406376 -0.00173812 -0.997673 -0.0681603 0.385925 -0.138221 0.0677458 -0.988082 -0.492334 0.9904 0.0077038 -0.138017 0.441947 
1530619062135 0.282917 -0.929318 0.237331 0.203751 -0.111466 -0.277621 -0.954202 -0.479557 0.952646 0.243505 -0.182131 0.496777 -0.00294673 -0.997533 -0.0701309 0.385913 -0.13766 0.0698681 -0.988012 -0.492201 0.990475 0.00674281 -0.137526 0.441883 
1530619062497 0.235164 -0.927678 0.290019 0.181231 0.100648 -0.273541 -0.95658 -0.462739 0.966731 0.254143 0.0290415 0.49617 -0.00415388 -0.997389 -0.0721011 0.3859 -0.137096 0.0719889 -0.987938 -0.492068 0.990549 0.005781 -0.137037 0.441819 
1530619062744 0.172732 -0.930385 0.323339 0.0916798 0.342287 -0.251114 -0.905418 -0.441978 0.923582 0.267069 0.275084 0.490625 -0.00535993 -0.997239 -0.0740715 0.385887 -0.136529 0.0741087 -0.98786 -0.491935 0.990622 0.00481807 -0.13655 0.441755 
1530619062974 0.105851 -0.934418 0.340086 -0.00730385 0.562474 -0.225771 -0.795394 -0.41673 0.820012 0.275482 0.501688 0.477467 -0.00656464 -0.997083 -0.0760423 0.385875 -0.13596 0.0762277 -0.987777 -0.491802 0.990693 0.00385433 -0.136064 0.441691 
1530619063199 0.037075 -0.940096 0.338887 -0.105026 0.748835 -0.19842 -0.632357 -0.389414 0.661719 0.277215 0.696621 0.463491 -0.0077682 -0.996922 -0.0780132 0.385863 -0.135388 0.0783457 -0.98769 -0.491669 0.990762 0.0028895 -0.13558 0.441626 
1530619063413 -0.028283 -0.946772 0.32066 -0.202765 0.88779 -0.171214 -0.427217 -0.361373 0.459378 0.272596 0.845378 0.449896 -0.00897033 -0.996756 -0.0799844 0.385851 -0.134814 0.0804629 -0.987599 -0.491539 0.99083 0.00192392 -0.135098 0.441562 
1530619063628 -0.0865169 -0.954102 0.286714 -0.299666 0.970203 -0.146069 -0.193312 -0.333355 0.226319 0.261446 0.93831 0.436832 -0.010171 -0.996584 -0.0819561 0.38584 -0.134237 0.0825792 -0.987502 -0.491413 0.990897 0.000957606 -0.134618 0.441498 
1530619063857 -0.134277 -0.961486 0.239823 -0.39263 0.990687 -0.124744 0.0545694 -0.306379 -0.0225511 0.244917 0.969282 0.424227 -0.0113664 -0.996407 -0.083929 0.385829 -0.133658 0.0846952 -0.987402 -0.491303 0.990962 -5.41784e-06 -0.134141 0.441433 
1530619064101 -0.169618 -0.968039 0.184744 -0.471209 0.948426 -0.109402 0.297522 -0.284841 -0.267802 0.225682 0.93667 0.406324 -0.0125319 -0.996226 -0.085892 0.385804 -0.133096 0.0867963 -0.987295 -0.491244 0.991024 -0.000940775 -0.133682 0.441373 
1530619064337 -0.169618 -0.968039 0.184744 -0.471209 0.948426 -0.109402 0.297522 -0.284841 -0.267802 0.225682 0.93667 0.406324 -0.0126215 -0.996214 -0.0860109 0.385747 -0.133185 0.0869262 -0.987272 -0.491272 0.991011 -0.00100552 -0.133778 0.44129 
1530619064353 0.283035 -0.929276 0.237354 0.203678 -0.111495 -0.277674 -0.954183 -0.479421 0.952607 0.243603 -0.182201 0.496651 -0.0115343 -0.996513 -0.0826395 0.385793 -0.135491 0.0834403 -0.987259 -0.491386 0.990711 -0.000190383 -0.135981 0.441605 
1530619064639 0.235214 -0.927665 0.290023 0.181115 0.100592 -0.273558 -0.956581 -0.462724 0.966724 0.254175 0.0289714 0.496212 -0.0104383 -0.996799 -0.0792697 0.385839 -0.137794 0.0799517 -0.987229 -0.491499 0.990406 0.000617954 -0.138188 0.441921 
1530619064977 0.172766 -0.930375 0.323349 0.0915947 0.342249 -0.251125 -0.905429 -0.442 0.92359 0.267093 0.275034 0.490675 -0.00933451 -0.997072 -0.0759011 0.385884 -0.140092 0.0764598 -0.987182 -0.491613 0.990094 0.00141832 -0.140396 0.442236 
1530619065260 0.105859 -0.934415 0.340092 -0.00734469 0.56247 -0.225773 -0.795396 -0.416752 0.820013 0.275491 0.50168 0.477541 -0.00822277 -0.997332 -0.0725344 0.38593 -0.142386 0.0729655 -0.987118 -0.491727 0.989777 0.00221106 -0.142607 0.442552 
1530619065549 0.0370804 -0.940093 0.338895 -0.105064 0.748834 -0.198423 -0.632357 -0.389433 0.661719 0.277225 0.696616 0.463574 -0.0071034 -0.99758 -0.069169 0.385975 -0.144676 0.0694683 -0.987037 -0.49184 0.989454 0.00299578 -0.144819 0.442867 
1530619065838 -0.0282778 -0.946766 0.320677 -0.202804 0.887791 -0.171217 -0.427214 -0.36139 0.459377 0.272614 0.845373 0.449984 -0.00597628 -0.997815 -0.0658054 0.38602 -0.14696 0.0659684 -0.98694 -0.491953 0.989124 0.00377254 -0.147033 0.443182 
1530619066191 -0.0865136 -0.954099 0.286722 -0.299695 0.970203 -0.146068 -0.193314 -0.333369 0.226322 0.261455 0.938307 0.436884 -0.00484197 -0.998037 -0.062443 0.386065 -0.149239 0.0624656 -0.986826 -0.492062 0.988789 0.00454073 -0.149248 0.443494 
1530619066466 -0.134283 -0.961482 0.239834 -0.392645 0.990686 -0.124749 0.0545738 -0.3064 -0.0225527 0.244929 0.969279 0.424239 -0.00370275 -0.998246 -0.0590802 0.386107 -0.151506 0.0589586 -0.986696 -0.492162 0.988449 0.00529752 -0.151459 0.44379 
1530619066763 -0.169639 -0.968032 0.184762 -0.471226 0.948419 -0.109412 0.297541 -0.284878 -0.267814 0.225707 0.93666 0.4063 -0.00258479 -0.998442 -0.0557327 0.386148 -0.153693 0.0554673 -0.986561 -0.492229 0.988115 0.00601566 -0.153597 0.443999 
1530619067089 -0.169639 -0.968032 0.184762 -0.471226 0.948419 -0.109412 0.297541 -0.284878 -0.267814 0.225707 0.93666 0.4063 -0.0027076 -0.998439 -0.0557838 0.386121 -0.153845 0.0555358 -0.986533 -0.492234 0.988091 0.00591089 -0.153755 0.443921 
1530619067100 0.283098 -0.929254 0.237365 0.203638 -0.111511 -0.277703 -0.954173 -0.479351 0.952586 0.243656 -0.182239 0.496585 -0.00277399 -0.998334 -0.0576249 0.386147 -0.154863 0.0573588 -0.986269 -0.49226 0.987932 0.00618804 -0.154764 0.444084 
1530619067396 0.23524 -0.927657 0.290025 0.181053 0.100563 -0.273566 -0.956582 -0.462717 0.966721 0.254192 0.0289338 0.496235 -0.00284125 -0.998226 -0.0594671 0.386174 -0.155882 0.0591825 -0.986001 -0.492286 0.987772 0.00646835 -0.155773 0.444247 
1530619067696 0.172784 -0.93037 0.323354 0.0915492 0.342228 -0.251131 -0.905435 -0.442012 0.923594 0.267106 0.275007 0.490702 -0.00291067 -0.998115 -0.0613081 0.3862 -0.156899 0.0610049 -0.985729 -0.492311 0.98761 0.00675008 -0.156781 0.444411 
1530619068019 0.105863 -0.934413 0.340095 -0.00736661 0.562468 -0.225774 -0.795397 -0.416764 0.820014 0.275496 0.501677 0.477582 -0.00298192 -0.998 -0.0631491 0.386226 -0.157917 0.0628269 -0.985452 -0.492337 0.987448 0.00703379 -0.157789 0.444574 
1530619068341 0.0370831 -0.940091 0.3389 -0.105084 0.748834 -0.198424 -0.632358 -0.389445 0.66172 0.277229 0.696614 0.46362 -0.0030547 -0.997881 -0.0649904 0.386252 -0.158935 0.0646491 -0.98517 -0.492362 0.987284 0.00731985 -0.158796 0.444737 
1530619068661 -0.0282759 -0.946763 0.320686 -0.202827 0.887792 -0.171219 -0.427212 -0.361402 0.459376 0.272623 0.84537 0.450036 -0.00312996 -0.997759 -0.0668307 0.386277 -0.159952 0.0664701 -0.984884 -0.492385 0.98712 0.00760705 -0.159802 0.4449 
1530619068936 -0.086513 -0.954094 0.286741 -0.299717 0.970204 -0.14607 -0.193308 -0.333383 0.226319 0.261474 0.938302 0.436942 -0.00320788 -0.997634 -0.06867 0.386301 -0.160967 0.06829 -0.984594 -0.492404 0.986954 0.00789519 -0.160806 0.44506 
1530619069224 -0.134286 -0.96148 0.239841 -0.392654 0.990686 -0.124751 0.0545765 -0.306412 -0.0225538 0.244936 0.969277 0.424247 -0.00329033 -0.997506 -0.070506 0.386319 -0.161976 0.0701069 -0.984301 -0.492409 0.986789 0.0081816 -0.161803 0.445201 
1530619069499 -0.16965 -0.968028 0.184772 -0.471236 0.948415 -0.109418 0.297552 -0.284898 -0.267821 0.22572 0.936655 0.406288 -0.00338693 -0.997376 -0.0723106 0.386323 -0.162936 0.0718951 -0.984014 -0.492375 0.986631 0.00844922 -0.162752 0.445244 
1530619069768 -0.16965 -0.968028 0.184772 -0.471236 0.948415 -0.109418 0.297552 -0.284898 -0.267821 0.22572 0.936655 0.406288 -0.00341116 -0.997377 -0.0723028 0.386324 -0.162933 0.0718913 -0.984014 -0.492369 0.986631 0.00842386 -0.162751 0.44521 
1530619069781 0.283132 -0.929242 0.237372 0.203617 -0.111519 -0.277718 -0.954168 -0.479314 0.952575 0.243684 -0.18226 0.49655 -0.00299008 -0.997514 -0.0704052 0.386285 -0.160478 0.0699717 -0.984556 -0.49237 0.987035 0.00835462 -0.160289 0.444879 
1530619070153 0.235254 -0.927653 0.290025 0.18102 0.100547 -0.273571 -0.956582 -0.462713 0.966719 0.254201 0.0289137 0.496247 -0.00257465 -0.997647 -0.0685061 0.386245 -0.158022 0.0680515 -0.985088 -0.492371 0.987432 0.00828919 -0.157825 0.444548 
1530619070472 0.172794 -0.930367 0.323357 0.0915249 0.342217 -0.251134 -0.905439 -0.442018 0.923596 0.267113 0.274993 0.490716 -0.00216402 -0.997777 -0.0666057 0.386206 -0.155563 0.0661309 -0.98561 -0.492371 0.987824 0.0082285 -0.15536 0.444217 
1530619070802 0.105865 -0.934413 0.340097 -0.0073783 0.562467 -0.225774 -0.795397 -0.416771 0.820014 0.275498 0.501674 0.477603 -0.00175814 -0.997903 -0.064704 0.386167 -0.153103 0.0642099 -0.986122 -0.492372 0.988209 0.00817261 -0.152894 0.443886 
1530619071128 0.0370845 -0.94009 0.338902 -0.105095 0.748833 -0.198425 -0.632358 -0.389451 0.66172 0.277232 0.696613 0.463644 -0.00135697 -0.998025 -0.0628011 0.386128 -0.150641 0.0622886 -0.986624 -0.492373 0.988588 0.00812158 -0.150428 0.443555 
1530619071475 -0.0282748 -0.946762 0.32069 -0.202839 0.887792 -0.17122 -0.427211 -0.361408 0.459376 0.272627 0.845369 0.450063 -0.000960394 -0.998144 -0.0608972 0.38609 -0.148177 0.060367 -0.987117 -0.492375 0.98896 0.00807555 -0.14796 0.443225 
1530619071785 -0.0865127 -0.954091 0.286751 -0.299729 0.970204 -0.146072 -0.193305 -0.333391 0.226317 0.261484 0.9383 0.436972 -0.000568007 -0.998258 -0.0589929 0.386053 -0.145714 0.0584459 -0.987599 -0.49238 0.989327 0.00803514 -0.145494 0.442901 
1530619072112 -0.134288 -0.961479 0.239845 -0.392659 0.990686 -0.124752 0.0545779 -0.306418 -0.0225543 0.24494 0.969276 0.424251 -0.00017816 -0.998369 -0.0570918 0.386023 -0.143261 0.0565284 -0.988069 -0.492394 0.989685 0.00800301 -0.143038 0.44261 
1530619072424 -0.169656 -0.968026 0.184777 -0.471241 0.948413 -0.109421 0.297557 -0.284909 -0.267825 0.225728 0.936652 0.406281 0.000218537 -0.998474 -0.0552288 0.386025 -0.140904 0.054647 -0.988514 -0.492438 0.990023 0.00799799 -0.140677 0.442497 
1530619072768 -0.169656 -0.968026 0.184777 -0.471241 0.948413 -0.109421 0.297557 -0.284909 -0.267825 0.225728 0.936652 0.406281 0.000159257 -0.998468 -0.0553343 0.386001 -0.140888 0.05476 -0.98851 -0.49246 0.990025 0.00795339 -0.140664 0.442489 
1530619072781 0.28315 -0.929236 0.237375 0.203606 -0.111524 -0.277726 -0.954165 -0.479294 0.952569 0.243699 -0.18227 0.496531 -0.000533401 -0.998408 -0.0564062 0.38597 -0.139074 0.0559322 -0.988701 -0.492362 0.990282 0.00731729 -0.138883 0.442236 
1530619073024 0.235262 -0.927651 0.290026 0.181003 0.100538 -0.273574 -0.956582 -0.462711 0.966718 0.254206 0.0289031 0.496253 -0.00122525 -0.998346 -0.0574781 0.385939 -0.137259 0.057102 -0.988888 -0.492264 0.990534 0.00667774 -0.137102 0.441983 
1530619073282 0.172799 -0.930365 0.323358 0.0915121 0.342211 -0.251136 -0.905441 -0.442021 0.923597 0.267116 0.274985 0.490724 -0.00191535 -0.998283 -0.0585509 0.385908 -0.135442 0.0582704 -0.98907 -0.492166 0.990783 0.00603581 -0.135321 0.441731 
1530619073560 0.105867 -0.934412 0.340097 -0.00738445 0.562466 -0.225774 -0.795398 -0.416774 0.820015 0.275499 0.501673 0.477614 -0.002603 -0.998217 -0.0596253 0.385878 -0.133624 0.059438 -0.989248 -0.492067 0.991029 0.00539234 -0.13354 0.441478 
1530619073821 0.0370853 -0.94009 0.338904 -0.105101 0.748833 -0.198425 -0.632358 -0.389454 0.66172 0.277233 0.696612 0.463657 -0.00328886 -0.998151 -0.0607007 0.385847 -0.131804 0.0606042 -0.989421 -0.49197 0.99127 0.00474655 -0.13176 0.441225 
1530619074124 -0.0282743 -0.946761 0.320693 -0.202845 0.887792 -0.171221 -0.42721 -0.361411 0.459375 0.27263 0.845368 0.450078 -0.00397295 -0.998082 -0.061777 0.385817 -0.129983 0.0617688 -0.98959 -0.491873 0.991508 0.00409838 -0.129979 0.440973 
1530619074395 -0.0865125 -0.954089 0.286756 -0.299735 0.970204 -0.146072 -0.193304 -0.333395 0.226316 0.261489 0.938299 0.436988 -0.00465394 -0.998012 -0.0628553 0.385788 -0.128163 0.0629329 -0.989754 -0.491781 0.991742 0.00344945 -0.128201 0.440723 
1530619074651 -0.134289 -0.961478 0.239846 -0.392662 0.990686 -0.124753 0.0545786 -0.306421 -0.0225546 0.244942 0.969275 0.424254 -0.00532968 -0.99794 -0.0639375 0.385763 -0.126348 0.064098 -0.989913 -0.491702 0.991972 0.00280242 -0.126429 0.440491 
1530619074935 -0.169659 -0.968025 0.18478 -0.471244 0.948412 -0.109422 0.29756 -0.284915 -0.267826 0.225731 0.936651 0.406278 -0.00597812 -0.997866 -0.065027 0.385742 -0.124598 0.0652647 -0.990059 -0.491668 0.992189 0.00218355 -0.124722 0.440354 
1530619075201 -0.169659 -0.968025 0.18478 -0.471244 0.948412 -0.109422 0.29756 -0.284915 -0.267826 0.225731 0.936651 0.406278 -0.00599623 -0.997868 -0.0649916 0.38576 -0.12469 0.0652317 -0.990049 -0.491676 0.992178 0.00216722 -0.124815 0.440343 
1530619075212 0.283159 -0.929232 0.237377 0.2036 -0.111526 -0.27773 -0.954163 -0.479284 0.952566 0.243706 -0.182276 0.496521 -0.0071308 -0.997641 -0.0682751 0.385773 -0.125391 0.06863 -0.989731 -0.491569 0.992082 0.00150349 -0.125584 0.440452 
1530619075558 0.235265 -0.92765 0.290026 0.180994 0.100534 -0.273575 -0.956582 -0.46271 0.966718 0.254208 0.0288977 0.496256 -0.0082672 -0.997402 -0.0715572 0.385787 -0.126088 0.0720283 -0.989401 -0.491461 0.991985 0.000842912 -0.126356 0.440561 
1530619075873 0.172802 -0.930365 0.323359 0.0915054 0.342208 -0.251137 -0.905441 -0.442023 0.923598 0.267118 0.274981 0.490728 -0.00940607 -0.997151 -0.0748373 0.3858 -0.126781 0.0754258 -0.989059 -0.491354 0.991886 0.000184755 -0.127129 0.44067 
1530619076210 0.105867 -0.934412 0.340098 -0.00738763 0.562466 -0.225775 -0.795398 -0.416776 0.820015 0.2755 0.501673 0.47762 -0.0105467 -0.996888 -0.0781167 0.385814 -0.12747 0.0788241 -0.988705 -0.491246 0.991786 -0.000470023 -0.127905 0.440778 
1530619076596 0.0370857 -0.94009 0.338904 -0.105104 0.748833 -0.198425 -0.632358 -0.389455 0.66172 0.277234 0.696612 0.463663 -0.0116901 -0.996614 -0.0813933 0.385827 -0.128155 0.0822208 -0.98834 -0.491139 0.991685 -0.0011228 -0.128682 0.440887 
1530619076920 -0.028274 -0.946761 0.320694 -0.202848 0.887792 -0.171221 -0.42721 -0.361412 0.459375 0.272631 0.845368 0.450085 -0.0128352 -0.996326 -0.0846689 0.385841 -0.128836 0.0856178 -0.987963 -0.491032 0.991583 -0.00177228 -0.129462 0.440995 
1530619077238 -0.0865125 -0.954088 0.286759 -0.299738 0.970204 -0.146073 -0.193303 -0.333397 0.226316 0.261492 0.938298 0.436996 -0.0139826 -0.996027 -0.0879418 0.385853 -0.129512 0.0890135 -0.987574 -0.490926 0.991479 -0.00241932 -0.130242 0.441099 
1530619077568 -0.134289 -0.961478 0.239847 -0.392663 0.990685 -0.124753 0.054579 -0.306423 -0.0225547 0.244943 0.969275 0.424255 -0.015131 -0.995717 -0.0912108 0.385862 -0.130178 0.0924066 -0.987175 -0.490823 0.991375 -0.00306332 -0.131019 0.441185 
1530619077873 -0.169661 -0.968024 0.184781 -0.471245 0.948411 -0.109423 0.297561 -0.284918 -0.267827 0.225733 0.93665 0.406276 -0.0162664 -0.995397 -0.094442 0.385845 -0.130805 0.0957612 -0.986772 -0.490735 0.991275 -0.00369772 -0.131761 0.441175 
1530619078188 -0.169661 -0.968024 0.184781 -0.471245 0.948411 -0.109423 0.297561 -0.284918 -0.267827 0.225733 0.93665 0.406276 -0.0162066 -0.995412 -0.0943036 0.385862 -0.130619 0.0956155 -0.986811 -0.490749 0.9913 -0.00367506 -0.131569 0.441236 
1530619078199 0.283164 -0.929231 0.237378 0.203597 -0.111527 -0.277733 -0.954163 -0.479279 0.952565 0.24371 -0.182279 0.496517 -0.0160205 -0.995495 -0.0934507 0.385909 -0.133645 0.094756 -0.986489 -0.490804 0.9909 -0.0033148 -0.134561 0.441648 
1530619078205 0.235267 -0.92765 0.290026 0.180989 0.100532 -0.273576 -0.956582 -0.462709 0.966717 0.254209 0.0288948 0.496258 -0.0158325 -0.995578 -0.0925995 0.385957 -0.13667 0.0938967 -0.986157 -0.490859 0.99049 -0.00295771 -0.137552 0.44206 
1530619078597 0.172803 -0.930364 0.32336 0.091502 0.342206 -0.251137 -0.905442 -0.442024 0.923598 0.267119 0.274979 0.49073 -0.015642 -0.995659 -0.0917495 0.386004 -0.139694 0.0930369 -0.985814 -0.490913 0.990071 -0.00260328 -0.140543 0.442472 
1530619078936 0.105867 -0.934412 0.340098 -0.00738928 0.562466 -0.225775 -0.795398 -0.416777 0.820015 0.2755 0.501673 0.477623 -0.0154485 -0.99574 -0.0908993 0.386051 -0.142716 0.0921753 -0.985462 -0.490967 0.989643 -0.0022512 -0.143532 0.442884 
1530619079228 0.0370859 -0.94009 0.338905 -0.105105 0.748833 -0.198426 -0.632358 -0.389456 0.66172 0.277235 0.696611 0.463667 -0.0152528 -0.99582 -0.0900502 0.386097 -0.145737 0.091313 -0.9851 -0.491021 0.989206 -0.00190191 -0.14652 0.443296 
1530619079594 -0.0282738 -0.946761 0.320695 -0.20285 0.887792 -0.171221 -0.42721 -0.361413 0.459375 0.272631 0.845368 0.450089 -0.0150545 -0.9959 -0.0892012 0.386144 -0.148755 0.0904492 -0.984729 -0.491074 0.988759 -0.0015554 -0.149507 0.443707 
1530619079888 -0.0865124 -0.954088 0.28676 -0.299739 0.970205 -0.146073 -0.193303 -0.333398 0.226316 0.261493 0.938298 0.437 -0.0148541 -0.995979 -0.0883518 0.386188 -0.15177 0.0895836 -0.984348 -0.491124 0.988304 -0.00121239 -0.152491 0.444111 
1530619080194 -0.134289 -0.961478 0.239848 -0.392664 0.990685 -0.124754 0.0545792 -0.306424 -0.0225548 0.244943 0.969275 0.424256 -0.0146536 -0.996057 -0.0874988 0.386228 -0.154772 0.0887131 -0.983959 -0.491164 0.987842 -0.0008762 -0.155461 0.444483 
1530619080478 -0.169662 -0.968024 0.184782 -0.471246 0.948411 -0.109424 0.297562 -0.284919 -0.267828 0.225734 0.93665 0.406275 -0.0144687 -0.996135 -0.0866299 0.386244 -0.15766 0.087828 -0.98358 -0.491172 0.987388 -0.000573137 -0.158321 0.444682 
1530619080763 -0.169662 -0.968024 0.184782 -0.471246 0.948411 -0.109424 0.297562 -0.284919 -0.267828 0.225734 0.93665 0.406275 -0.01449 -0.996136 -0.0866257 0.386205 -0.157522 0.0878272 -0.983602 -0.491182 0.987409 -0.000606919 -0.158186 0.444715 
1530619080774 0.283167 -0.92923 0.237378 0.203595 -0.111528 -0.277734 -0.954162 -0.479276 0.952564 0.243713 -0.18228 0.496514 -0.0128477 -0.996399 -0.0838066 0.38626 -0.159464 0.0847825 -0.983556 -0.491369 0.98712 0.000727732 -0.159979 0.444997 
1530619081048 0.235268 -0.927649 0.290026 0.180986 0.100531 -0.273576 -0.956582 -0.462709 0.966717 0.25421 0.0288934 0.496259 -0.0111994 -0.996652 -0.0809889 0.386315 -0.161402 0.0817337 -0.983498 -0.491556 0.986825 0.00205721 -0.161777 0.445279 
1530619081333 0.172804 -0.930364 0.32336 0.0915002 0.342206 -0.251137 -0.905442 -0.442024 0.923598 0.26712 0.274978 0.490731 -0.00954533 -0.996894 -0.0781737 0.38637 -0.163334 0.0786817 -0.983428 -0.491743 0.986525 0.00338125 -0.163577 0.445562 
1530619081684 0.105868 -0.934412 0.340098 -0.00739013 0.562466 -0.225775 -0.795398 -0.416777 0.820015 0.2755 0.501672 0.477625 -0.00788606 -0.997125 -0.0753604 0.386424 -0.165259 0.075626 -0.983346 -0.491929 0.986219 0.00469928 -0.165381 0.445844 
1530619082038 0.037086 -0.940089 0.338905 -0.105106 0.748833 -0.198426 -0.632358 -0.389456 0.66172 0.277235 0.696611 0.463668 -0.00622098 -0.997345 -0.07255 0.386479 -0.16718 0.0725676 -0.983252 -0.492115 0.985907 0.00601213 -0.167188 0.446126 
1530619082043 -0.0282738 -0.94676 0.320695 -0.20285 0.887792 -0.171221 -0.42721 -0.361414 0.459375 0.272632 0.845368 0.450091 -0.00455101 -0.997555 -0.0697415 0.386532 -0.169095 0.0695056 -0.983146 -0.492298 0.985589 0.00731862 -0.168998 0.446408 
1530619082323 -0.0865124 -0.954088 0.286761 -0.29974 0.970205 -0.146073 -0.193302 -0.333398 0.226315 0.261494 0.938298 0.437002 -0.00287692 -0.997753 -0.0669348 0.386584 -0.171002 0.06644 -0.983028 -0.492473 0.985266 0.00861792 -0.170809 0.446688 
1530619082329 -0.134289 -0.961478 0.239848 -0.392664 0.990685 -0.124754 0.0545793 -0.306424 -0.0225549 0.244943 0.969275 0.424256 -0.0012029 -0.997941 -0.0641275 0.386632 -0.172898 0.0633693 -0.982899 -0.492625 0.984939 0.00990518 -0.172618 0.446953 
1530619082676 -0.169662 -0.968024 0.184782 -0.471246 0.948411 -0.109424 0.297563 -0.28492 -0.267828 0.225735 0.936649 0.406275 0.000432858 -0.998118 -0.0613268 0.386683 -0.174719 0.0603081 -0.98277 -0.492699 0.984618 0.0111404 -0.174364 0.447137 
1530619083047 -0.169662 -0.968024 0.184782 -0.471246 0.948411 -0.109424 0.297563 -0.28492 -0.267828 0.225735 0.936649 0.406275 0.000442757 -0.998113 -0.0614085 0.38666 -0.174684 0.0603872 -0.982771 -0.492689 0.984625 0.0111622 -0.174327 0.447109 
1530619083058 0.283168 -0.929229 0.237379 0.203595 -0.111528 -0.277734 -0.954162 -0.479275 0.952564 0.243714 -0.182281 0.496513 0.000268367 -0.998052 -0.062393 0.386607 -0.172194 0.0614149 -0.983147 -0.492685 0.985063 0.0110075 -0.171842 0.446748 
1530619083323 0.235269 -0.927649 0.290026 0.180985 0.10053 -0.273576 -0.956582 -0.462709 0.966717 0.25421 0.0288926 0.49626 9.54685e-05 -0.99799 -0.0633776 0.386553 -0.169701 0.0624421 -0.983515 -0.492681 0.985496 0.0108491 -0.169354 0.446388 
1530619083601 0.172804 -0.930364 0.32336 0.0914993 0.342205 -0.251137 -0.905442 -0.442025 0.923599 0.26712 0.274978 0.490731 -7.44561e-05 -0.997927 -0.0643628 0.3865 -0.167208 0.0634691 -0.983877 -0.492676 0.985922 0.0106887 -0.166866 0.446027 
1530619083608 0.105868 -0.934412 0.340098 -0.00739057 0.562466 -0.225775 -0.795398 -0.416777 0.820015 0.275501 0.501672 0.477625 -0.000242244 -0.997862 -0.0653482 0.386447 -0.164713 0.0644955 -0.984231 -0.492671 0.986341 0.0105253 -0.164377 0.445666 
1530619083917 0.037086 -0.940089 0.338905 -0.105107 0.748833 -0.198426 -0.632358 -0.389457 0.66172 0.277235 0.696611 0.463669 -0.000407779 -0.997797 -0.0663337 0.386393 -0.162216 0.0655211 -0.984577 -0.492667 0.986755 0.0103589 -0.161886 0.445306 
1530619084280 -0.0282737 -0.94676 0.320695 -0.202851 0.887792 -0.171221 -0.42721 -0.361414 0.459375 0.272632 0.845368 0.450092 -0.000570505 -0.997731 -0.0673198 0.38634 -0.159719 0.0665465 -0.984917 -0.492662 0.987162 0.0101904 -0.159395 0.444946 
1530619084589 -0.0865124 -0.954088 0.286762 -0.299741 0.970205 -0.146073 -0.193302 -0.333399 0.226315 0.261494 0.938297 0.437004 -0.000730543 -0.997664 -0.0683069 0.386288 -0.157223 0.067572 -0.985249 -0.492658 0.987563 0.0100196 -0.156905 0.444591 
1530619084872 -0.13429 -0.961478 0.239848 -0.392664 0.990685 -0.124754 0.0545793 -0.306425 -0.0225549 0.244943 0.969275 0.424256 -0.000887006 -0.997596 -0.0692973 0.38624 -0.154734 0.0685996 -0.985572 -0.492657 0.987956 0.00984846 -0.154423 0.444262 
1530619085172 -0.169662 -0.968024 0.184783 -0.471246 0.948411 -0.109424 0.297563 -0.28492 -0.267828 0.225735 0.936649 0.406275 -0.00102918 -0.997526 -0.0702971 0.386212 -0.152335 0.0696331 -0.985873 -0.492665 0.988328 0.00969407 -0.15203 0.44407 
1530619085480 -0.169662 -0.968024 0.184783 -0.471246 0.948411 -0.109424 0.297563 -0.28492 -0.267828 0.225735 0.936649 0.406275 -0.00101763 -0.997533 -0.070192 0.386246 -0.152335 0.0695275 -0.98588 -0.492648 0.988328 0.00968941 -0.15203 0.444092 
1530619085494 0.283169 -0.929229 0.237379 0.203594 -0.111529 -0.277735 -0.954162 -0.479274 0.952563 0.243714 -0.182281 0.496512 -0.0022483 -0.99747 -0.0710497 0.386246 -0.152727 0.0705589 -0.985746 -0.492503 0.988266 0.00863497 -0.152499 0.444149 
1530619085722 0.235269 -0.927649 0.290026 0.180985 0.10053 -0.273576 -0.956582 -0.462709 0.966717 0.254211 0.0288922 0.49626 -0.00347691 -0.997405 -0.0719123 0.386245 -0.153118 0.0715957 -0.985611 -0.492357 0.988202 0.00758421 -0.15297 0.444202 
1530619085958 0.172805 -0.930364 0.32336 0.0914989 0.342205 -0.251137 -0.905442 -0.442025 0.923599 0.26712 0.274977 0.490731 -0.00470651 -0.997337 -0.0727736 0.386244 -0.153508 0.0726324 -0.985474 -0.492212 0.988136 0.0065332 -0.153441 0.444255 
1530619086193 0.105868 -0.934412 0.340098 -0.00739079 0.562466 -0.225775 -0.795398 -0.416778 0.820015 0.275501 0.501672 0.477626 -0.0059364 -0.997268 -0.0736343 0.386242 -0.153896 0.0736694 -0.985337 -0.492067 0.988069 0.0054827 -0.153913 0.444308 
1530619086200 0.0370861 -0.940089 0.338905 -0.105107 0.748833 -0.198426 -0.632358 -0.389457 0.66172 0.277235 0.696611 0.46367 -0.00716657 -0.997196 -0.0744942 0.386242 -0.154283 0.0747067 -0.985198 -0.491923 0.988001 0.00443272 -0.154386 0.444361 
1530619086440 -0.0282737 -0.94676 0.320695 -0.202851 0.887792 -0.171221 -0.42721 -0.361414 0.459375 0.272632 0.845368 0.450092 -0.00839712 -0.997122 -0.0753534 0.386241 -0.154669 0.0757443 -0.985059 -0.49178 0.987931 0.00338318 -0.15486 0.444414 
1530619086715 -0.0865124 -0.954088 0.286762 -0.299741 0.970205 -0.146073 -0.193302 -0.333399 0.226315 0.261495 0.938297 0.437004 -0.00962638 -0.997045 -0.0762125 0.386242 -0.155053 0.0767825 -0.984918 -0.491645 0.987859 0.00233579 -0.155334 0.444465 
1530619086954 -0.13429 -0.961478 0.239848 -0.392664 0.990685 -0.124754 0.0545794 -0.306425 -0.0225549 0.244944 0.969275 0.424256 -0.0108517 -0.996967 -0.0770715 0.386243 -0.155434 0.0778209 -0.984776 -0.49153 0.987787 0.00129303 -0.155807 0.444509 
1530619087218 -0.169662 -0.968024 0.184783 -0.471246 0.948411 -0.109424 0.297563 -0.284921 -0.267828 0.225735 0.936649 0.406274 -0.0120481 -0.996886 -0.0779262 0.386225 -0.155803 0.0788516 -0.984636 -0.491479 0.987715 0.000278182 -0.156268 0.444521 
1530619087465 -0.169662 -0.968024 0.184783 -0.471246 0.948411 -0.109424 0.297563 -0.284921 -0.267828 0.225735 0.936649 0.406274 -0.0122267 -0.99687 -0.078102 0.386161 -0.155916 0.0790531 -0.984602 -0.491516 0.987695 0.000138941 -0.156395 0.444432 
