1534189193289 -0.346573 0.896005 -0.277602 -0.573775 -0.927351 -0.282768 0.245077 -0.276442 0.141093 0.342371 0.928911 0.366957 0.16008 -0.304787 0.938871 0.370831 -0.775623 0.549475 0.310623 -0.528794 -0.61056 -0.777934 -0.14844 0.432481 
1534189193301 -0.297978 0.904645 -0.304676 -0.57736 -0.942814 -0.228971 0.242225 -0.271559 0.149366 0.35943 0.92114 0.371526 0.316225 -0.384867 0.86711 0.400813 -0.930002 -0.30626 0.203228 -0.504337 0.187345 -0.870679 -0.454774 0.485882 
1534189194220 -0.248748 0.910097 -0.331433 -0.580946 -0.9555 -0.174557 0.237802 -0.266677 0.158569 0.375837 0.913018 0.376096 0.316225 -0.384867 0.86711 0.400813 -0.930002 -0.30626 0.203228 -0.504337 0.187345 -0.870679 -0.454774 0.485882 
1534189195129 -0.199051 0.912343 -0.357783 -0.584532 -0.965365 -0.119709 0.23182 -0.261794 0.16867 0.391536 0.904572 0.380665 0.316225 -0.384867 0.86711 0.400813 -0.930002 -0.30626 0.203228 -0.504337 0.187345 -0.870679 -0.454774 0.485882 
1534189196061 -0.149054 0.911375 -0.383639 -0.588117 -0.972375 -0.0646119 0.224302 -0.256912 0.179635 0.406474 0.895829 0.385234 0.316225 -0.384867 0.86711 0.400813 -0.930002 -0.30626 0.203228 -0.504337 0.187345 -0.870679 -0.454774 0.485882 
1534189196068 -0.0989246 0.907196 -0.408912 -0.591704 -0.976509 -0.00945109 0.215271 -0.25203 0.191428 0.420602 0.88682 0.389803 0.316225 -0.384867 0.86711 0.400813 -0.930002 -0.30626 0.203228 -0.504337 0.187345 -0.870679 -0.454774 0.485882 
1534189197418 -0.048832 0.899821 -0.433517 -0.595291 -0.97775 0.0455877 0.204758 -0.247149 0.204009 0.433871 0.877574 0.394372 0.316225 -0.384867 0.86711 0.400813 -0.930002 -0.30626 0.203228 -0.504337 0.187345 -0.870679 -0.454774 0.485882 
1534189198384 0.00105517 0.889275 -0.457372 -0.59888 -0.976096 0.100319 0.1928 -0.24227 0.217335 0.446236 0.868124 0.39894 0.316225 -0.384867 0.86711 0.400813 -0.930002 -0.30626 0.203228 -0.504337 0.187345 -0.870679 -0.454774 0.485882 
1534189199372 0.0505687 0.875592 -0.480397 -0.602471 -0.971553 0.154559 0.179436 -0.237393 0.231362 0.457657 0.8585 0.403507 0.316225 -0.384867 0.86711 0.400813 -0.930002 -0.30626 0.203228 -0.504337 0.187345 -0.870679 -0.454774 0.485882 
1534189199378 0.0992272 0.859042 -0.502195 -0.607376 -0.964126 0.207869 0.165077 -0.233548 0.246199 0.467799 0.848852 0.407705 0.316379 -0.384993 0.866998 0.401317 -0.929989 -0.306181 0.203405 -0.505249 0.187149 -0.870651 -0.454908 0.48631 
1534189200815 0.0992791 0.859147 -0.502007 -0.607296 -0.963986 0.208135 0.165565 -0.233853 0.246729 0.46749 0.848868 0.407596 0.316379 -0.384993 0.866998 0.401317 -0.929989 -0.306181 0.203405 -0.505249 0.187149 -0.870651 -0.454908 0.48631 
1534189200827 0.104168 0.85727 -0.504219 -0.607531 -0.963102 0.213449 0.163935 -0.233231 0.248162 0.468538 0.847873 0.408101 0.31622 -0.384863 0.867113 0.400797 -0.930002 -0.306262 0.203222 -0.504307 0.187351 -0.87068 -0.45477 0.485868 
1534189201174 0.109051 0.855362 -0.506422 -0.607761 -0.962189 0.218756 0.162291 -0.232605 0.2496 0.469576 0.846876 0.408607 0.31622 -0.384863 0.867113 0.400796 -0.930002 -0.306262 0.203222 -0.504306 0.187351 -0.87068 -0.454769 0.485868 
1534189201533 0.113927 0.853424 -0.508614 -0.607992 -0.961248 0.224053 0.160633 -0.23198 0.251045 0.470603 0.845878 0.409113 0.31622 -0.384863 0.867113 0.400796 -0.930002 -0.306262 0.203222 -0.504305 0.187351 -0.87068 -0.45477 0.485867 
1534189201897 0.118796 0.851455 -0.510795 -0.608222 -0.960278 0.229342 0.158962 -0.231354 0.252496 0.471621 0.844878 0.409619 0.316221 -0.384863 0.867113 0.400795 -0.930002 -0.306262 0.203223 -0.504305 0.187351 -0.87068 -0.45477 0.485867 
1534189201904 0.123657 0.849456 -0.512966 -0.608452 -0.959279 0.234621 0.157278 -0.230728 0.253953 0.472629 0.843878 0.410125 0.31622 -0.384863 0.867113 0.400795 -0.930002 -0.306262 0.203222 -0.504305 0.187352 -0.87068 -0.454769 0.485867 
1534189202420 0.12851 0.847426 -0.515126 -0.608684 -0.958252 0.23989 0.15558 -0.230104 0.255416 0.473627 0.842876 0.410631 0.31622 -0.384863 0.867113 0.400795 -0.930002 -0.306262 0.203222 -0.504305 0.187352 -0.87068 -0.454769 0.485867 
1534189202786 0.133356 0.845366 -0.517275 -0.608913 -0.957197 0.245149 0.15387 -0.229478 0.256886 0.474614 0.841873 0.411137 0.31622 -0.384863 0.867113 0.400795 -0.930002 -0.306262 0.203222 -0.504304 0.187352 -0.87068 -0.454769 0.485867 
1534189203172 0.138193 0.843275 -0.519413 -0.609145 -0.956113 0.250398 0.152146 -0.228853 0.258361 0.475592 0.84087 0.411643 0.31622 -0.384863 0.867113 0.400795 -0.930002 -0.306262 0.203222 -0.504304 0.187352 -0.87068 -0.454769 0.485867 
1534189203533 0.143022 0.841155 -0.52154 -0.609374 -0.955001 0.255637 0.150409 -0.228226 0.259843 0.476559 0.839865 0.41215 0.31622 -0.384863 0.867113 0.400795 -0.930002 -0.306262 0.203222 -0.504304 0.187351 -0.87068 -0.454769 0.485867 
1534189203896 0.142914 0.84136 -0.521238 -0.60933 -0.954989 0.255543 0.150646 -0.228433 0.259946 0.476247 0.84001 0.412088 0.31622 -0.384863 0.867113 0.400795 -0.930002 -0.306262 0.203222 -0.504304 0.187351 -0.87068 -0.454769 0.485867 
1534189203911 0.143739 0.841439 -0.520884 -0.609365 -0.954834 0.256241 0.150443 -0.228402 0.26006 0.475733 0.840266 0.412018 0.31622 -0.384863 0.867113 0.400795 -0.930002 -0.306262 0.203222 -0.504304 0.187351 -0.87068 -0.454769 0.485867 
1534189203925 0.144566 0.841516 -0.52053 -0.609398 -0.954678 0.256939 0.150239 -0.228365 0.260173 0.475219 0.840522 0.411949 0.31622 -0.384863 0.867113 0.400795 -0.930002 -0.306262 0.203222 -0.504304 0.187351 -0.87068 -0.454769 0.485867 
1534189204035 0.145393 0.841593 -0.520176 -0.609432 -0.954522 0.257637 0.150035 -0.22833 0.260285 0.474705 0.840778 0.41188 0.31622 -0.384863 0.867113 0.400795 -0.930002 -0.306262 0.203222 -0.504304 0.187351 -0.87068 -0.454769 0.485867 
1534189204097 0.146219 0.841669 -0.519821 -0.609466 -0.954366 0.258335 0.149831 -0.228296 0.260396 0.474191 0.841033 0.41181 0.31622 -0.384863 0.867113 0.400795 -0.930002 -0.306262 0.203222 -0.504304 0.187351 -0.87068 -0.454769 0.485867 
1534189204180 0.147046 0.841744 -0.519466 -0.609498 -0.954208 0.259033 0.149628 -0.22826 0.260507 0.473676 0.841289 0.411741 0.31622 -0.384863 0.867113 0.400795 -0.930002 -0.306262 0.203222 -0.504304 0.187351 -0.87068 -0.454769 0.485867 
1534189204252 0.147873 0.841818 -0.51911 -0.609532 -0.95405 0.259731 0.149425 -0.228225 0.260618 0.473162 0.841544 0.411672 0.31622 -0.384863 0.867113 0.400795 -0.930002 -0.306262 0.203222 -0.504304 0.187351 -0.87068 -0.454769 0.485867 
1534189204330 0.148699 0.841892 -0.518755 -0.609564 -0.953892 0.260429 0.149222 -0.228188 0.260727 0.472647 0.841799 0.411603 0.31622 -0.384863 0.867113 0.400795 -0.930002 -0.306262 0.203222 -0.504304 0.187351 -0.87068 -0.454769 0.485867 
1534189204413 0.149526 0.841965 -0.518399 -0.609597 -0.953733 0.261126 0.14902 -0.228153 0.260837 0.472132 0.842054 0.411534 0.31622 -0.384863 0.867113 0.400795 -0.930002 -0.306262 0.203222 -0.504304 0.187351 -0.87068 -0.454769 0.485867 
1534189204476 0.150352 0.842037 -0.518043 -0.609631 -0.953573 0.261824 0.148818 -0.228119 0.260946 0.471617 0.842309 0.411465 0.31622 -0.384863 0.867113 0.400795 -0.930002 -0.306262 0.203222 -0.504304 0.187351 -0.87068 -0.454769 0.485867 
1534189204577 0.149462 0.841974 -0.518403 -0.609572 -0.953768 0.261027 0.14897 -0.22819 0.260746 0.47217 0.842061 0.411566 0.31622 -0.384863 0.867113 0.400795 -0.930002 -0.306262 0.203222 -0.504304 0.187351 -0.87068 -0.454769 0.485867 
1534189204589 0.149836 0.842255 -0.517837 -0.609521 -0.953668 0.261322 0.149092 -0.228186 0.260896 0.471505 0.842387 0.411521 0.31622 -0.384863 0.867113 0.400795 -0.930002 -0.306262 0.203222 -0.504304 0.187351 -0.87068 -0.454769 0.485867 
1534189204606 0.15021 0.842536 -0.517272 -0.609473 -0.953568 0.261616 0.149216 -0.228186 0.261046 0.47084 0.842713 0.411474 0.31622 -0.384863 0.867113 0.400795 -0.930002 -0.306262 0.203222 -0.504304 0.187351 -0.87068 -0.454769 0.485867 
1534189204656 0.150584 0.842816 -0.516706 -0.609425 -0.953468 0.26191 0.149339 -0.228186 0.261196 0.470174 0.843038 0.411427 0.31622 -0.384863 0.867113 0.400795 -0.930002 -0.306262 0.203222 -0.504304 0.187351 -0.87068 -0.454769 0.485867 
1534189204756 0.150959 0.843096 -0.51614 -0.609378 -0.953368 0.262204 0.149463 -0.228186 0.261345 0.469508 0.843363 0.41138 0.31622 -0.384863 0.867113 0.400795 -0.930002 -0.306262 0.203222 -0.504304 0.187351 -0.87068 -0.454769 0.485867 
1534189204792 0.151333 0.843376 -0.515573 -0.609331 -0.953268 0.262497 0.149587 -0.228187 0.261495 0.468842 0.843687 0.411333 0.31622 -0.384863 0.867113 0.400795 -0.930002 -0.306262 0.203222 -0.504304 0.187351 -0.87068 -0.454769 0.485867 
1534189204890 0.151707 0.843654 -0.515007 -0.609283 -0.953167 0.262791 0.149711 -0.228186 0.261644 0.468176 0.844011 0.411286 0.31622 -0.384863 0.867113 0.400795 -0.930002 -0.306262 0.203222 -0.504304 0.187351 -0.87068 -0.454769 0.485867 
1534189204930 0.152081 0.843933 -0.51444 -0.609237 -0.953067 0.263084 0.149836 -0.228187 0.261792 0.467509 0.844334 0.411239 0.31622 -0.384863 0.867113 0.400795 -0.930002 -0.306262 0.203222 -0.504304 0.187351 -0.87068 -0.45477 0.485867 
1534189205024 0.152456 0.84421 -0.513874 -0.609189 -0.952966 0.263377 0.14996 -0.228187 0.261941 0.466842 0.844657 0.411192 0.31622 -0.384863 0.867113 0.400795 -0.930002 -0.306262 0.203222 -0.504304 0.187351 -0.87068 -0.45477 0.485867 
1534189205087 0.152831 0.844488 -0.513307 -0.609141 -0.952865 0.263671 0.150085 -0.228186 0.262089 0.466174 0.84498 0.411146 0.31622 -0.384863 0.867113 0.400795 -0.930002 -0.306262 0.203222 -0.504304 0.187351 -0.87068 -0.45477 0.485867 
1534189205161 0.152252 0.844117 -0.514087 -0.60919 -0.953008 0.263224 0.149963 -0.228198 0.261906 0.467097 0.844527 0.411223 0.31622 -0.384863 0.867113 0.400795 -0.930002 -0.306262 0.203222 -0.504304 0.187351 -0.87068 -0.45477 0.485867 
1534189205174 0.151982 0.844126 -0.514153 -0.609111 -0.95307 0.26297 0.150014 -0.22832 0.261837 0.467225 0.844478 0.411251 0.31622 -0.384863 0.867113 0.400795 -0.930002 -0.306262 0.203222 -0.504304 0.187351 -0.87068 -0.45477 0.485867 
1534189205192 0.151711 0.844134 -0.514219 -0.609033 -0.953132 0.262716 0.150067 -0.228448 0.26177 0.467351 0.844428 0.411276 0.31622 -0.384863 0.867113 0.400795 -0.930002 -0.306262 0.203222 -0.504304 0.187351 -0.87068 -0.45477 0.485867 
1534189205313 0.15144 0.844143 -0.514284 -0.608955 -0.953193 0.262462 0.150119 -0.228575 0.261702 0.467478 0.844379 0.411302 0.31622 -0.384863 0.867113 0.400795 -0.930002 -0.306262 0.203222 -0.504304 0.187351 -0.87068 -0.45477 0.485867 
1534189205346 0.151169 0.844152 -0.51435 -0.608878 -0.953255 0.262208 0.150172 -0.228702 0.261635 0.467605 0.84433 0.411328 0.31622 -0.384863 0.867113 0.400795 -0.930002 -0.306262 0.203222 -0.504304 0.187351 -0.87068 -0.45477 0.485867 
1534189205351 0.150898 0.84416 -0.514415 -0.6088 -0.953317 0.261955 0.150224 -0.228828 0.261567 0.467732 0.84428 0.411354 0.31622 -0.384863 0.867113 0.400795 -0.930002 -0.306262 0.203222 -0.504304 0.187351 -0.87068 -0.45477 0.485867 
1534189205457 0.150627 0.844169 -0.514481 -0.608724 -0.953378 0.2617 0.150277 -0.228955 0.261499 0.467859 0.844231 0.411379 0.31622 -0.384863 0.867113 0.400795 -0.930002 -0.306262 0.203222 -0.504304 0.187351 -0.87068 -0.45477 0.485867 
1534189205484 0.150356 0.844177 -0.514546 -0.608646 -0.953439 0.261447 0.15033 -0.229082 0.261431 0.467986 0.844182 0.411405 0.31622 -0.384863 0.867113 0.400795 -0.930002 -0.306262 0.203222 -0.504304 0.187351 -0.87068 -0.45477 0.485867 
1534189205563 0.150085 0.844186 -0.514611 -0.60857 -0.953501 0.261193 0.150383 -0.229209 0.261364 0.468112 0.844133 0.411431 0.31622 -0.384863 0.867113 0.400795 -0.930002 -0.306262 0.203222 -0.504304 0.187351 -0.87068 -0.45477 0.485867 
1534189205606 0.149814 0.844194 -0.514677 -0.608493 -0.953562 0.260939 0.150435 -0.229336 0.261296 0.468239 0.844083 0.411457 0.31622 -0.384863 0.867113 0.400795 -0.930002 -0.306262 0.203222 -0.504304 0.187351 -0.87068 -0.45477 0.485867 
1534189205659 0.150317 0.844204 -0.514514 -0.608656 -0.953465 0.261372 0.150297 -0.229103 0.261361 0.467979 0.844207 0.411401 0.31622 -0.384863 0.867113 0.400795 -0.930002 -0.306262 0.203222 -0.504304 0.187351 -0.87068 -0.45477 0.485867 
1534189205670 0.149856 0.844016 -0.514957 -0.608505 -0.953514 0.261098 0.150461 -0.229334 0.261446 0.468471 0.843908 0.411437 0.31622 -0.384863 0.867113 0.400795 -0.930002 -0.306262 0.203222 -0.504304 0.187351 -0.87068 -0.45477 0.485867 
1534189205686 0.149394 0.843828 -0.515398 -0.608352 -0.953563 0.260822 0.150627 -0.229567 0.261531 0.468962 0.843609 0.411472 0.31622 -0.384863 0.867113 0.400795 -0.930002 -0.306262 0.203222 -0.504304 0.187351 -0.87068 -0.45477 0.485867 
1534189205739 0.148931 0.843641 -0.515839 -0.608197 -0.953612 0.260547 0.150793 -0.229801 0.261616 0.469453 0.84331 0.411507 0.31622 -0.384863 0.867113 0.400795 -0.930002 -0.306262 0.203222 -0.504304 0.187351 -0.87068 -0.45477 0.485867 
1534189205829 0.14847 0.843452 -0.51628 -0.608044 -0.953661 0.260272 0.150959 -0.230034 0.2617 0.469944 0.84301 0.411542 0.31622 -0.384863 0.867113 0.400795 -0.930002 -0.306262 0.203222 -0.504304 0.187351 -0.87068 -0.45477 0.485867 
1534189205897 0.148008 0.843263 -0.516721 -0.607889 -0.95371 0.259997 0.151125 -0.230267 0.261784 0.470434 0.84271 0.411577 0.31622 -0.384863 0.867113 0.400795 -0.930002 -0.306262 0.203222 -0.504304 0.187351 -0.87068 -0.45477 0.485867 
1534189205975 0.147545 0.843074 -0.517161 -0.607735 -0.953759 0.259722 0.151292 -0.2305 0.261869 0.470925 0.84241 0.411612 0.31622 -0.384863 0.867113 0.400795 -0.930002 -0.306262 0.203222 -0.504304 0.187351 -0.87068 -0.45477 0.485867 
1534189206035 0.147083 0.842885 -0.517602 -0.607582 -0.953807 0.259447 0.151459 -0.230733 0.261952 0.471415 0.84211 0.411648 0.31622 -0.384863 0.867113 0.400795 -0.930002 -0.306262 0.203222 -0.504304 0.187351 -0.87068 -0.45477 0.485867 
1534189206123 0.146621 0.842695 -0.518042 -0.607428 -0.953855 0.259172 0.151625 -0.230965 0.262036 0.471905 0.841809 0.411683 0.31622 -0.384863 0.867113 0.400795 -0.930002 -0.306262 0.203222 -0.504304 0.187351 -0.87068 -0.45477 0.485867 
1534189206200 0.146158 0.842505 -0.518482 -0.607273 -0.953903 0.258897 0.151792 -0.231199 0.262119 0.472396 0.841508 0.411717 0.31622 -0.384863 0.867113 0.400795 -0.930002 -0.306262 0.203222 -0.504304 0.187351 -0.87068 -0.45477 0.485867 
1534189206282 0.146777 0.842744 -0.517918 -0.607443 -0.953833 0.259281 0.151581 -0.230926 0.26203 0.471758 0.841893 0.411621 0.31622 -0.384863 0.867113 0.400795 -0.930002 -0.306262 0.203222 -0.504304 0.187351 -0.87068 -0.45477 0.485867 
1534189206294 0.146493 0.842883 -0.517773 -0.607161 -0.953844 0.25907 0.151869 -0.23104 0.262147 0.471627 0.841931 0.411587 0.31622 -0.384863 0.867113 0.400795 -0.930002 -0.306262 0.203222 -0.504304 0.187351 -0.87068 -0.45477 0.485867 
1534189206301 0.14621 0.843021 -0.517628 -0.606877 -0.953856 0.258859 0.152156 -0.231156 0.262264 0.471495 0.841968 0.411551 0.31622 -0.384863 0.867113 0.400795 -0.930002 -0.306262 0.203222 -0.504304 0.187351 -0.87068 -0.45477 0.485867 
1534189206336 0.145926 0.843159 -0.517483 -0.606592 -0.953867 0.258648 0.152445 -0.231271 0.262381 0.471364 0.842005 0.411516 0.31622 -0.384863 0.867113 0.400795 -0.930002 -0.306262 0.203222 -0.504304 0.187351 -0.87068 -0.45477 0.485867 
1534189206442 0.145643 0.843297 -0.517338 -0.606308 -0.953878 0.258438 0.152732 -0.231386 0.262498 0.471233 0.842042 0.41148 0.31622 -0.384863 0.867113 0.400795 -0.930002 -0.306262 0.203222 -0.504304 0.187351 -0.87068 -0.45477 0.485867 
1534189206509 0.14536 0.843435 -0.517193 -0.606024 -0.953889 0.258227 0.153019 -0.231501 0.262615 0.471101 0.842079 0.411445 0.31622 -0.384863 0.867113 0.400795 -0.930002 -0.306262 0.203222 -0.504304 0.187351 -0.87068 -0.45477 0.485867 
1534189206591 0.145076 0.843573 -0.517047 -0.605738 -0.9539 0.258016 0.153308 -0.231616 0.262733 0.47097 0.842116 0.411409 0.31622 -0.384863 0.867113 0.400795 -0.930002 -0.306262 0.203222 -0.504304 0.187351 -0.87068 -0.45477 0.485867 
1534189206647 0.144792 0.84371 -0.516902 -0.605454 -0.95391 0.257805 0.153595 -0.231731 0.26285 0.470839 0.842152 0.411374 0.31622 -0.384863 0.867113 0.400795 -0.930002 -0.306262 0.203222 -0.504304 0.187351 -0.87068 -0.45477 0.485867 
1534189206744 0.144509 0.843848 -0.516757 -0.60517 -0.953921 0.257594 0.153883 -0.231845 0.262967 0.470708 0.842189 0.411339 0.31622 -0.384863 0.867113 0.400795 -0.930002 -0.306262 0.203222 -0.504304 0.187351 -0.87068 -0.45477 0.485867 
1534189206798 0.144225 0.843985 -0.516612 -0.604883 -0.953932 0.257383 0.154171 -0.23196 0.263085 0.470577 0.842225 0.411303 0.31622 -0.384863 0.867113 0.400795 -0.930002 -0.306262 0.203222 -0.504304 0.187351 -0.87068 -0.45477 0.485867 
1534189206891 0.144748 0.843779 -0.516802 -0.60525 -0.953924 0.257736 0.153625 -0.231861 0.262824 0.470753 0.842208 0.411326 0.31622 -0.384863 0.867113 0.400795 -0.930002 -0.306262 0.203222 -0.504304 0.187351 -0.87068 -0.45477 0.485867 
1534189206908 0.144247 0.843878 -0.516781 -0.604965 -0.953968 0.257362 0.153983 -0.231914 0.262942 0.470781 0.842156 0.411374 0.31622 -0.384863 0.867113 0.400795 -0.930002 -0.306262 0.203222 -0.504304 0.187351 -0.87068 -0.45477 0.485867 
1534189206923 0.143744 0.843976 -0.516761 -0.604675 -0.954011 0.256987 0.15434 -0.231966 0.26306 0.47081 0.842103 0.411422 0.31622 -0.384863 0.867113 0.400795 -0.930002 -0.306262 0.203222 -0.504304 0.187351 -0.87068 -0.45477 0.485867 
1534189206939 0.143242 0.844074 -0.516741 -0.604386 -0.954054 0.256612 0.154697 -0.232017 0.263178 0.47084 0.842049 0.41147 0.31622 -0.384863 0.867113 0.400795 -0.930002 -0.306262 0.203222 -0.504304 0.187351 -0.87068 -0.45477 0.485867 
1534189207081 0.14274 0.844171 -0.516721 -0.604098 -0.954097 0.256237 0.155055 -0.232069 0.263295 0.470869 0.841996 0.411518 0.31622 -0.384863 0.867113 0.400795 -0.930002 -0.306262 0.203222 -0.504304 0.187351 -0.87068 -0.45477 0.485867 
1534189207132 0.142238 0.844268 -0.5167 -0.603808 -0.954139 0.255862 0.155412 -0.23212 0.263413 0.470899 0.841943 0.411566 0.31622 -0.384863 0.867113 0.400795 -0.930002 -0.306262 0.203222 -0.504304 0.187351 -0.87068 -0.45477 0.485867 
1534189207227 0.141736 0.844365 -0.51668 -0.603518 -0.954182 0.255487 0.155769 -0.23217 0.263531 0.470929 0.841889 0.411614 0.31622 -0.384863 0.867113 0.400795 -0.930002 -0.306262 0.203222 -0.504304 0.187351 -0.87068 -0.45477 0.485867 
1534189207281 0.141234 0.844462 -0.516659 -0.603229 -0.954224 0.255112 0.156126 -0.232222 0.263648 0.470958 0.841836 0.411662 0.31622 -0.384863 0.867113 0.400795 -0.930002 -0.306262 0.203222 -0.504304 0.187351 -0.87068 -0.45477 0.485867 
1534189207383 0.140731 0.844559 -0.516638 -0.602941 -0.954265 0.254737 0.156483 -0.232273 0.263766 0.470988 0.841783 0.41171 0.31622 -0.384863 0.867113 0.400795 -0.930002 -0.306262 0.203222 -0.504304 0.187351 -0.87068 -0.45477 0.485867 
1534189207445 0.140229 0.844655 -0.516617 -0.60265 -0.954307 0.254362 0.15684 -0.232323 0.263883 0.471018 0.841729 0.411759 0.31622 -0.384863 0.867113 0.400795 -0.930002 -0.306262 0.203222 -0.504304 0.187351 -0.87068 -0.45477 0.485867 
1534189207558 0.141046 0.844531 -0.516597 -0.602962 -0.954215 0.255004 0.156352 -0.232354 0.263779 0.470892 0.841832 0.411714 0.31622 -0.384863 0.867113 0.400795 -0.930002 -0.306262 0.203222 -0.504304 0.187351 -0.87068 -0.45477 0.485867 
1534189207571 0.140718 0.844491 -0.516752 -0.602752 -0.95435 0.254599 0.156192 -0.23234 0.263467 0.471183 0.841767 0.411761 0.31622 -0.384863 0.867113 0.400795 -0.930002 -0.306262 0.203222 -0.504304 0.187351 -0.87068 -0.45477 0.485867 
1534189207590 0.140391 0.84445 -0.516908 -0.602536 -0.954484 0.254194 0.156029 -0.232322 0.263154 0.471476 0.841701 0.41181 0.31622 -0.384863 0.867113 0.400795 -0.930002 -0.306262 0.203222 -0.504304 0.187351 -0.87068 -0.45477 0.485867 
1534189207605 0.140064 0.844409 -0.517065 -0.60232 -0.954619 0.253789 0.155867 -0.232303 0.26284 0.471768 0.841635 0.411859 0.31622 -0.384863 0.867113 0.400795 -0.930002 -0.306262 0.203222 -0.504304 0.187351 -0.87068 -0.45477 0.485867 
1534189207751 0.139737 0.844368 -0.51722 -0.602106 -0.954753 0.253383 0.155705 -0.232286 0.262527 0.47206 0.841569 0.411907 0.31622 -0.384863 0.867113 0.400795 -0.930002 -0.306262 0.203222 -0.504304 0.187351 -0.87068 -0.45477 0.485867 
1534189207757 0.13941 0.844326 -0.517377 -0.60189 -0.954887 0.252977 0.155543 -0.232268 0.262213 0.472352 0.841503 0.411955 0.31622 -0.384863 0.867113 0.400795 -0.930002 -0.306262 0.203222 -0.504304 0.187351 -0.87068 -0.45477 0.485867 
1534189207913 0.139084 0.844284 -0.517533 -0.601674 -0.955021 0.252572 0.15538 -0.232249 0.261899 0.472644 0.841437 0.412004 0.31622 -0.384863 0.867113 0.400795 -0.930002 -0.306262 0.203222 -0.504304 0.187351 -0.87068 -0.45477 0.485867 
1534189207962 0.138757 0.844242 -0.517689 -0.601459 -0.955154 0.252166 0.155219 -0.232231 0.261586 0.472935 0.841371 0.412053 0.31622 -0.384863 0.867113 0.400795 -0.930002 -0.306262 0.203222 -0.504304 0.187351 -0.87068 -0.45477 0.485867 
1534189208069 0.13843 0.8442 -0.517846 -0.601243 -0.955288 0.25176 0.155056 -0.232213 0.261271 0.473227 0.841305 0.412102 0.31622 -0.384863 0.867113 0.400795 -0.930002 -0.306262 0.203222 -0.504304 0.187351 -0.87068 -0.45477 0.485867 
1534189208118 0.138103 0.844157 -0.518002 -0.601028 -0.955421 0.251354 0.154895 -0.232195 0.260957 0.473518 0.841238 0.41215 0.31622 -0.384863 0.867113 0.400795 -0.930002 -0.306262 0.203222 -0.504304 0.187351 -0.87068 -0.45477 0.485867 
1534189208238 0.13855 0.844203 -0.517808 -0.601263 -0.955293 0.251815 0.154937 -0.232265 0.26119 0.473192 0.84135 0.412059 0.31622 -0.384863 0.867113 0.400795 -0.930002 -0.306262 0.203222 -0.504304 0.187351 -0.87068 -0.45477 0.485867 
1534189208251 0.138334 0.844219 -0.517839 -0.601113 -0.955342 0.251603 0.154976 -0.232262 0.261123 0.473275 0.841324 0.412082 0.31622 -0.384863 0.867113 0.400795 -0.930002 -0.306262 0.203222 -0.504304 0.187351 -0.87068 -0.45477 0.485867 
1534189208268 0.138119 0.844236 -0.51787 -0.600959 -0.955391 0.251392 0.155013 -0.232256 0.261056 0.473358 0.841297 0.412107 0.31622 -0.384863 0.867113 0.400795 -0.930002 -0.306262 0.203222 -0.504304 0.187351 -0.87068 -0.45477 0.485867 
1534189208275 0.137904 0.844252 -0.517901 -0.600805 -0.955441 0.251181 0.155051 -0.232249 0.260989 0.473442 0.841271 0.412131 0.31622 -0.384863 0.867113 0.400795 -0.930002 -0.306262 0.203222 -0.504304 0.187351 -0.87068 -0.45477 0.485867 
1534189208289 0.13769 0.844268 -0.517932 -0.60065 -0.95549 0.25097 0.155088 -0.232243 0.260922 0.473525 0.841245 0.412155 0.31622 -0.384863 0.867113 0.400795 -0.930002 -0.306262 0.203222 -0.504304 0.187351 -0.87068 -0.45477 0.485867 
1534189208465 0.137475 0.844283 -0.517964 -0.600495 -0.95554 0.25076 0.155125 -0.232236 0.260854 0.473609 0.841219 0.41218 0.31622 -0.384863 0.867113 0.400795 -0.930002 -0.306262 0.203222 -0.504304 0.187351 -0.87068 -0.45477 0.485867 
1534189208503 0.13726 0.844299 -0.517995 -0.600341 -0.955589 0.250548 0.155163 -0.23223 0.260787 0.473692 0.841193 0.412204 0.31622 -0.384863 0.867113 0.400795 -0.930002 -0.306262 0.203222 -0.504304 0.187351 -0.87068 -0.45477 0.485867 
1534189208545 0.137046 0.844315 -0.518026 -0.600186 -0.955638 0.250338 0.1552 -0.232223 0.260719 0.473776 0.841167 0.412229 0.31622 -0.384863 0.867113 0.400795 -0.930002 -0.306262 0.203222 -0.504304 0.187351 -0.87068 -0.45477 0.485867 
1534189208552 0.136831 0.844331 -0.518057 -0.600032 -0.955687 0.250127 0.155238 -0.232217 0.260652 0.473859 0.841141 0.412253 0.31622 -0.384863 0.867113 0.400795 -0.930002 -0.306262 0.203222 -0.504304 0.187351 -0.87068 -0.45477 0.485867 
1534189208650 0.136616 0.844346 -0.518088 -0.599877 -0.955736 0.249916 0.155275 -0.232209 0.260584 0.473943 0.841115 0.412278 0.31622 -0.384863 0.867113 0.400795 -0.930002 -0.306262 0.203222 -0.504304 0.187351 -0.87068 -0.45477 0.485867 
1534189208690 0.137056 0.84435 -0.517966 -0.600179 -0.955607 0.250389 0.155307 -0.232194 0.260827 0.473686 0.841184 0.412308 0.31622 -0.384863 0.867113 0.400795 -0.930002 -0.306262 0.203222 -0.504304 0.187351 -0.87068 -0.45477 0.485867 
1534189208706 0.136846 0.844371 -0.517987 -0.600052 -0.95562 0.250245 0.155462 -0.232215 0.260891 0.473724 0.841143 0.412314 0.31622 -0.384863 0.867113 0.400795 -0.930002 -0.306262 0.203222 -0.504304 0.187351 -0.87068 -0.45477 0.485867 
1534189208723 0.136634 0.844392 -0.518009 -0.599919 -0.955632 0.250101 0.155617 -0.232234 0.260956 0.473763 0.841101 0.41232 0.31622 -0.384863 0.867113 0.400795 -0.930002 -0.306262 0.203222 -0.504304 0.187351 -0.87068 -0.45477 0.485867 
1534189208740 0.136423 0.844413 -0.51803 -0.599787 -0.955645 0.249956 0.155771 -0.232253 0.26102 0.473802 0.841059 0.412325 0.31622 -0.384863 0.867113 0.400795 -0.930002 -0.306262 0.203222 -0.504304 0.187351 -0.87068 -0.45477 0.485867 
1534189208756 0.136212 0.844434 -0.518052 -0.599655 -0.955658 0.249812 0.155926 -0.232272 0.261084 0.473841 0.841017 0.412331 0.31622 -0.384863 0.867113 0.400795 -0.930002 -0.306262 0.203222 -0.504304 0.187351 -0.87068 -0.45477 0.485867 
1534189208773 0.136 0.844455 -0.518073 -0.599524 -0.95567 0.249667 0.156081 -0.232291 0.261149 0.47388 0.840975 0.412337 0.31622 -0.384863 0.867113 0.400795 -0.930002 -0.306262 0.203222 -0.504304 0.187351 -0.87068 -0.45477 0.485867 
1534189208858 0.135789 0.844476 -0.518095 -0.599391 -0.955682 0.249523 0.156235 -0.23231 0.261213 0.473919 0.840933 0.412343 0.31622 -0.384863 0.867113 0.400795 -0.930002 -0.306262 0.203222 -0.504304 0.187351 -0.87068 -0.45477 0.485867 
1534189208888 0.135578 0.844497 -0.518116 -0.599259 -0.955695 0.249378 0.15639 -0.232329 0.261278 0.473958 0.840891 0.412349 0.31622 -0.384863 0.867113 0.400795 -0.930002 -0.306262 0.203222 -0.504304 0.187351 -0.87068 -0.45477 0.485867 
1534189208929 0.135367 0.844517 -0.518138 -0.599126 -0.955707 0.249234 0.156544 -0.232347 0.261342 0.473997 0.840849 0.412356 0.31622 -0.384863 0.867113 0.400795 -0.930002 -0.306262 0.203222 -0.504304 0.187351 -0.87068 -0.45477 0.485867 
1534189208972 0.135155 0.844538 -0.518159 -0.598995 -0.95572 0.24909 0.156699 -0.232366 0.261406 0.474036 0.840807 0.412362 0.31622 -0.384863 0.867113 0.400795 -0.930002 -0.306262 0.203222 -0.504304 0.187351 -0.87068 -0.45477 0.485867 
1534189209024 0.13579 0.844426 -0.518176 -0.599293 -0.955673 0.249554 0.15624 -0.232426 0.261246 0.473991 0.840882 0.412301 0.31622 -0.384863 0.867113 0.400795 -0.930002 -0.306262 0.203222 -0.504304 0.187351 -0.87068 -0.45477 0.485867 
1534189209036 0.135581 0.844485 -0.518135 -0.59919 -0.955642 0.249479 0.15655 -0.232444 0.261468 0.473926 0.84085 0.41228 0.31622 -0.384863 0.867113 0.400795 -0.930002 -0.306262 0.203222 -0.504304 0.187351 -0.87068 -0.45477 0.485867 
1534189209051 0.13537 0.844545 -0.518092 -0.599087 -0.955612 0.249401 0.156862 -0.232466 0.26169 0.47386 0.840818 0.412256 0.31622 -0.384863 0.867113 0.400795 -0.930002 -0.306262 0.203222 -0.504304 0.187351 -0.87068 -0.45477 0.485867 
1534189209067 0.135159 0.844604 -0.51805 -0.598985 -0.955581 0.249323 0.157174 -0.232487 0.261912 0.473795 0.840786 0.412232 0.31622 -0.384863 0.867113 0.400795 -0.930002 -0.306262 0.203222 -0.504304 0.187351 -0.87068 -0.45477 0.485867 
1534189209085 0.134949 0.844664 -0.518007 -0.598883 -0.955549 0.249246 0.157485 -0.232508 0.262133 0.473729 0.840754 0.412209 0.31622 -0.384863 0.867113 0.400795 -0.930002 -0.306262 0.203222 -0.504304 0.187351 -0.87068 -0.45477 0.485867 
1534189209144 0.134738 0.844724 -0.517965 -0.598781 -0.955518 0.249168 0.157797 -0.23253 0.262355 0.473663 0.840722 0.412186 0.31622 -0.384863 0.867113 0.400795 -0.930002 -0.306262 0.203222 -0.504304 0.187351 -0.87068 -0.45477 0.485867 
1534189209195 0.134528 0.844783 -0.517922 -0.598678 -0.955487 0.249091 0.158109 -0.232551 0.262577 0.473598 0.840689 0.412163 0.31622 -0.384863 0.867113 0.400795 -0.930002 -0.306262 0.203222 -0.504304 0.187351 -0.87068 -0.45477 0.485867 
1534189209224 0.134317 0.844843 -0.517879 -0.598577 -0.955456 0.249013 0.158421 -0.232573 0.262799 0.473532 0.840657 0.412139 0.31622 -0.384863 0.867113 0.400795 -0.930002 -0.306262 0.203222 -0.504304 0.187351 -0.87068 -0.45477 0.485867 
1534189209254 0.134107 0.844903 -0.517836 -0.598475 -0.955424 0.248935 0.158732 -0.232594 0.263021 0.473466 0.840625 0.412116 0.31622 -0.384863 0.867113 0.400795 -0.930002 -0.306262 0.203222 -0.504304 0.187351 -0.87068 -0.45477 0.485867 
1534189209301 0.133897 0.844962 -0.517794 -0.598372 -0.955393 0.248858 0.159043 -0.232616 0.263243 0.473401 0.840592 0.412092 0.31622 -0.384863 0.867113 0.400795 -0.930002 -0.306262 0.203222 -0.504304 0.187351 -0.87068 -0.45477 0.485867 
1534189209334 0.134415 0.844829 -0.517877 -0.598695 -0.955507 0.248978 0.158165 -0.232524 0.262562 0.473575 0.840707 0.412203 0.31622 -0.384863 0.867113 0.400795 -0.930002 -0.306262 0.203222 -0.504304 0.187351 -0.87068 -0.45477 0.485867 
1534189209340 0.13429 0.844871 -0.517841 -0.598608 -0.955471 0.248962 0.158409 -0.232539 0.262758 0.473509 0.840683 0.412184 0.31622 -0.384863 0.867113 0.400795 -0.930002 -0.306262 0.203222 -0.504304 0.187351 -0.87068 -0.45477 0.485867 
1534189209360 0.134162 0.844914 -0.517804 -0.598518 -0.955435 0.248943 0.158655 -0.23256 0.262953 0.473442 0.840659 0.412161 0.31622 -0.384863 0.867113 0.400795 -0.930002 -0.306262 0.203222 -0.504304 0.187351 -0.87068 -0.45477 0.485867 
1534189209383 0.134036 0.844957 -0.517767 -0.598429 -0.955399 0.248925 0.1589 -0.232577 0.263148 0.473376 0.840636 0.41214 0.31622 -0.384863 0.867113 0.400795 -0.930002 -0.306262 0.203222 -0.504304 0.187351 -0.87068 -0.45477 0.485867 
1534189209396 0.133909 0.845 -0.51773 -0.59834 -0.955363 0.248906 0.159145 -0.232598 0.263344 0.473309 0.840612 0.412117 0.31622 -0.384863 0.867113 0.400795 -0.930002 -0.306262 0.203222 -0.504304 0.187351 -0.87068 -0.45477 0.485867 
1534189209413 0.133781 0.845043 -0.517692 -0.598252 -0.955327 0.248887 0.159391 -0.232618 0.263539 0.473242 0.840589 0.412095 0.31622 -0.384863 0.867113 0.400795 -0.930002 -0.306262 0.203222 -0.504304 0.187351 -0.87068 -0.45477 0.485867 
1534189209430 0.133655 0.845085 -0.517655 -0.598163 -0.955291 0.248869 0.159636 -0.232636 0.263735 0.473175 0.840565 0.412073 0.31622 -0.384863 0.867113 0.400795 -0.930002 -0.306262 0.203222 -0.504304 0.187351 -0.87068 -0.45477 0.485867 
1534189209447 0.133528 0.845128 -0.517618 -0.598074 -0.955255 0.248851 0.159881 -0.232655 0.26393 0.473109 0.840541 0.412051 0.31622 -0.384863 0.867113 0.400795 -0.930002 -0.306262 0.203222 -0.504304 0.187351 -0.87068 -0.45477 0.485867 
1534189209463 0.133401 0.845171 -0.517581 -0.597986 -0.955218 0.248832 0.160127 -0.232676 0.264125 0.473042 0.840517 0.412029 0.31622 -0.384863 0.867113 0.400795 -0.930002 -0.306262 0.203222 -0.504304 0.187351 -0.87068 -0.45477 0.485867 
1534189209550 0.133274 0.845214 -0.517544 -0.597897 -0.955182 0.248813 0.160372 -0.232695 0.264321 0.472975 0.840493 0.412007 0.31622 -0.384863 0.867113 0.400795 -0.930002 -0.306262 0.203222 -0.504304 0.187351 -0.87068 -0.45477 0.485867 
1534189209571 0.133583 0.845083 -0.517677 -0.598234 -0.955337 0.248747 0.159549 -0.232593 0.263602 0.473244 0.840568 0.412113 0.31622 -0.384863 0.867113 0.400795 -0.930002 -0.306262 0.203222 -0.504304 0.187351 -0.87068 -0.45477 0.485867 
1534189209587 0.133534 0.845207 -0.517488 -0.59817 -0.955375 0.248614 0.159532 -0.23259 0.263492 0.473092 0.840688 0.412104 0.31622 -0.384863 0.867113 0.400795 -0.930002 -0.306262 0.203222 -0.504304 0.187351 -0.87068 -0.45477 0.485867 
1534189209605 0.133482 0.845331 -0.517299 -0.5981 -0.955408 0.248486 0.159528 -0.232592 0.263396 0.472938 0.840804 0.412089 0.31622 -0.384863 0.867113 0.400795 -0.930002 -0.306262 0.203222 -0.504304 0.187351 -0.87068 -0.45477 0.485867 
1534189209621 0.133429 0.845454 -0.517111 -0.598029 -0.955442 0.248358 0.159525 -0.232595 0.2633 0.472784 0.840921 0.412074 0.31622 -0.384863 0.867113 0.400795 -0.930002 -0.306262 0.203222 -0.504304 0.187351 -0.87068 -0.45477 0.485867 
1534189209637 0.133376 0.845578 -0.516922 -0.597958 -0.955476 0.24823 0.159523 -0.232599 0.263205 0.47263 0.841038 0.412058 0.31622 -0.384863 0.867113 0.400795 -0.930002 -0.306262 0.203222 -0.504304 0.187351 -0.87068 -0.45477 0.485867 
1534189209654 0.133324 0.845702 -0.516734 -0.597888 -0.95551 0.248103 0.159519 -0.232601 0.263109 0.472476 0.841154 0.412043 0.31622 -0.384863 0.867113 0.400795 -0.930002 -0.306262 0.203222 -0.504304 0.187351 -0.87068 -0.45477 0.485867 
1534189209670 0.13327 0.845825 -0.516545 -0.597818 -0.955543 0.247975 0.159517 -0.232606 0.263013 0.472322 0.84127 0.412027 0.31622 -0.384863 0.867113 0.400795 -0.930002 -0.306262 0.203222 -0.504304 0.187351 -0.87068 -0.45477 0.485867 
1534189209717 0.133218 0.845949 -0.516356 -0.597748 -0.955577 0.247847 0.159513 -0.232608 0.262917 0.472168 0.841387 0.412013 0.31622 -0.384863 0.867113 0.400795 -0.930002 -0.306262 0.203222 -0.504304 0.187351 -0.87068 -0.45477 0.485867 
1534189209740 0.133165 0.846072 -0.516168 -0.597678 -0.955611 0.247719 0.15951 -0.232611 0.262821 0.472014 0.841503 0.411998 0.31622 -0.384863 0.867113 0.400795 -0.930002 -0.306262 0.203222 -0.504304 0.187351 -0.87068 -0.45477 0.485867 
1534189209756 0.133112 0.846196 -0.515979 -0.597609 -0.955644 0.247591 0.159507 -0.232615 0.262726 0.47186 0.84162 0.411982 0.31622 -0.384863 0.867113 0.400795 -0.930002 -0.306262 0.203222 -0.504304 0.187351 -0.87068 -0.45477 0.485867 
1534189209776 0.133272 0.845568 -0.516965 -0.597971 -0.955441 0.248239 0.159719 -0.232569 0.263384 0.472643 0.840974 0.411993 0.31622 -0.384863 0.867113 0.400795 -0.930002 -0.306262 0.203222 -0.504304 0.187351 -0.87068 -0.45477 0.485867 
1534189209795 0.133188 0.845629 -0.516887 -0.597903 -0.955489 0.248087 0.159667 -0.232589 0.263252 0.472614 0.841032 0.412002 0.31622 -0.384863 0.867113 0.400795 -0.930002 -0.306262 0.203222 -0.504304 0.187351 -0.87068 -0.45477 0.485867 
1534189209806 0.133102 0.845689 -0.516811 -0.597833 -0.955537 0.247934 0.159617 -0.232609 0.263121 0.472586 0.841088 0.41201 0.31622 -0.384863 0.867113 0.400795 -0.930002 -0.306262 0.203222 -0.504304 0.187351 -0.87068 -0.45477 0.485867 
1534189209823 0.133016 0.84575 -0.516734 -0.597761 -0.955585 0.247782 0.159566 -0.232628 0.262991 0.472558 0.841145 0.412019 0.31622 -0.384863 0.867113 0.400795 -0.930002 -0.306262 0.203222 -0.504304 0.187351 -0.87068 -0.45477 0.485867 
1534189209840 0.132931 0.84581 -0.516657 -0.597689 -0.955633 0.24763 0.159515 -0.232647 0.26286 0.47253 0.841202 0.412027 0.31622 -0.384863 0.867113 0.400795 -0.930002 -0.306262 0.203222 -0.504304 0.187351 -0.87068 -0.45477 0.485867 
1534189209856 0.132846 0.84587 -0.51658 -0.597619 -0.955681 0.247478 0.159465 -0.232667 0.262729 0.472502 0.841258 0.412036 0.31622 -0.384863 0.867113 0.400795 -0.930002 -0.306262 0.203222 -0.504304 0.187351 -0.87068 -0.45477 0.485867 
1534189209873 0.13276 0.84593 -0.516504 -0.597547 -0.955729 0.247326 0.159414 -0.232686 0.262598 0.472474 0.841315 0.412044 0.31622 -0.384863 0.867113 0.400795 -0.930002 -0.306262 0.203222 -0.504304 0.187351 -0.87068 -0.45477 0.485867 
1534189209890 0.132675 0.845991 -0.516427 -0.597476 -0.955776 0.247174 0.159363 -0.232705 0.262467 0.472445 0.841372 0.412053 0.31622 -0.384863 0.867113 0.400795 -0.930002 -0.306262 0.203222 -0.504304 0.187351 -0.87068 -0.45477 0.485867 
1534189209906 0.13259 0.846051 -0.516351 -0.597404 -0.955824 0.247022 0.159312 -0.232724 0.262336 0.472417 0.841428 0.412062 0.31622 -0.384863 0.867113 0.400795 -0.930002 -0.306262 0.203222 -0.504304 0.187351 -0.87068 -0.45477 0.485867 
1534189209926 0.132504 0.846111 -0.516274 -0.597333 -0.955872 0.24687 0.159261 -0.232743 0.262205 0.472389 0.841485 0.41207 0.31622 -0.384863 0.867113 0.400795 -0.930002 -0.306262 0.203222 -0.504304 0.187351 -0.87068 -0.45477 0.485867 
1534189209948 0.133227 0.846147 -0.516029 -0.597612 -0.955638 0.247682 0.159407 -0.232672 0.262692 0.4719 0.841608 0.412052 0.31622 -0.384863 0.867113 0.400795 -0.930002 -0.306262 0.203222 -0.504304 0.187351 -0.87068 -0.45477 0.485867 
1534189209960 0.132931 0.846111 -0.516164 -0.597485 -0.955632 0.247538 0.159663 -0.232715 0.262863 0.472038 0.841476 0.412064 0.31622 -0.384863 0.867113 0.400795 -0.930002 -0.306262 0.203222 -0.504304 0.187351 -0.87068 -0.45477 0.485867 
1534189209977 0.132633 0.846075 -0.516299 -0.597352 -0.955626 0.247395 0.15992 -0.232758 0.263034 0.472178 0.841345 0.412076 0.31622 -0.384863 0.867113 0.400795 -0.930002 -0.306262 0.203222 -0.504304 0.187351 -0.87068 -0.45477 0.485867 
1534189209983 0.132337 0.846039 -0.516435 -0.597222 -0.95562 0.247252 0.160176 -0.232801 0.263205 0.472319 0.841212 0.412087 0.31622 -0.384863 0.867113 0.400795 -0.930002 -0.306262 0.203222 -0.504304 0.187351 -0.87068 -0.45477 0.485867 
1534189210015 0.132041 0.846002 -0.516571 -0.597089 -0.955614 0.247109 0.160433 -0.232844 0.263376 0.472459 0.84108 0.412099 0.31622 -0.384863 0.867113 0.400795 -0.930002 -0.306262 0.203222 -0.504304 0.187351 -0.87068 -0.45477 0.485867 
1534189210078 0.131744 0.845966 -0.516706 -0.596957 -0.955608 0.246966 0.160689 -0.232886 0.263546 0.472599 0.840948 0.412111 0.31622 -0.384863 0.867113 0.400795 -0.930002 -0.306262 0.203222 -0.504304 0.187351 -0.87068 -0.45477 0.485867 
1534189210132 0.131448 0.84593 -0.516841 -0.596826 -0.955602 0.246823 0.160945 -0.232929 0.263716 0.472738 0.840816 0.412123 0.31622 -0.384863 0.867113 0.400795 -0.930002 -0.306262 0.203222 -0.504304 0.187351 -0.87068 -0.45477 0.485867 
1534189210164 0.131151 0.845893 -0.516976 -0.596695 -0.955596 0.24668 0.161202 -0.232971 0.263887 0.472878 0.840684 0.412134 0.31622 -0.384863 0.867113 0.400795 -0.930002 -0.306262 0.203222 -0.504304 0.187351 -0.87068 -0.45477 0.485867 
1534189210202 0.130855 0.845856 -0.517111 -0.596562 -0.955589 0.246537 0.161458 -0.233013 0.264057 0.473019 0.840552 0.412146 0.31622 -0.384863 0.867113 0.400795 -0.930002 -0.306262 0.203222 -0.504304 0.187351 -0.87068 -0.45477 0.485867 
1534189210244 0.130558 0.84582 -0.517246 -0.59643 -0.955583 0.246394 0.161714 -0.233056 0.264227 0.473159 0.840419 0.412158 0.31622 -0.384863 0.867113 0.400795 -0.930002 -0.306262 0.203222 -0.504304 0.187351 -0.87068 -0.45477 0.485867 
1534189210296 0.131516 0.845849 -0.516955 -0.596749 -0.955556 0.246968 0.160994 -0.233049 0.263848 0.472806 0.840737 0.41213 0.31622 -0.384863 0.867113 0.400795 -0.930002 -0.306262 0.203222 -0.504304 0.187351 -0.87068 -0.45477 0.485867 
1534189210307 0.131199 0.84577 -0.517165 -0.596577 -0.95559 0.246756 0.161121 -0.23311 0.263885 0.473058 0.840583 0.412165 0.31622 -0.384863 0.867113 0.400795 -0.930002 -0.306262 0.203222 -0.504304 0.187351 -0.87068 -0.45477 0.485867 
1534189210323 0.130883 0.84569 -0.517375 -0.596401 -0.955623 0.246545 0.161249 -0.233168 0.263922 0.473311 0.840429 0.412201 0.31622 -0.384863 0.867113 0.400795 -0.930002 -0.306262 0.203222 -0.504304 0.187351 -0.87068 -0.45477 0.485867 
1534189210340 0.130566 0.845611 -0.517586 -0.596225 -0.955656 0.246334 0.161376 -0.233226 0.26396 0.473564 0.840275 0.412237 0.31622 -0.384863 0.867113 0.400795 -0.930002 -0.306262 0.203222 -0.504304 0.187351 -0.87068 -0.45477 0.485867 
1534189210347 0.13025 0.84553 -0.517797 -0.596048 -0.955689 0.246123 0.161503 -0.233284 0.263997 0.473816 0.840121 0.412273 0.31622 -0.384863 0.867113 0.400795 -0.930002 -0.306262 0.203222 -0.504304 0.187351 -0.87068 -0.45477 0.485867 
1534189210487 0.129934 0.84545 -0.518007 -0.595871 -0.955721 0.245912 0.16163 -0.233341 0.264034 0.474069 0.839967 0.41231 0.31622 -0.384863 0.867113 0.400795 -0.930002 -0.306262 0.203222 -0.504304 0.187351 -0.87068 -0.45477 0.485867 
1534189210522 0.129618 0.84537 -0.518217 -0.595695 -0.955754 0.245701 0.161757 -0.233399 0.264071 0.474322 0.839813 0.412346 0.31622 -0.384863 0.867113 0.400795 -0.930002 -0.306262 0.203222 -0.504304 0.187351 -0.87068 -0.45477 0.485867 
1534189210580 0.129301 0.845289 -0.518428 -0.595518 -0.955787 0.24549 0.161884 -0.233456 0.264108 0.474574 0.839658 0.412382 0.31622 -0.384863 0.867113 0.400795 -0.930002 -0.306262 0.203222 -0.504304 0.187351 -0.87068 -0.45477 0.485867 
