1533550409039 0.275657 0.633204 -0.723233 -0.604483 -0.8825 0.464965 0.0707247 -0.181741 0.381061 0.618757 0.686973 0.426588 0.16008 -0.304787 0.938871 0.370831 -0.775623 0.549475 0.310623 -0.528794 -0.61056 -0.777934 -0.14844 0.432481 
1533550409050 -0.159335 0.860952 -0.483087 -0.596093 -0.97777 -0.070062 0.197631 -0.248862 0.136304 0.503838 0.852976 0.406797 0.316302 -0.384299 0.867334 0.400735 -0.930107 -0.305552 0.20381 -0.506289 0.186691 -0.871179 -0.454086 0.485863 
1533550409059 -0.132666 0.875771 -0.464139 -0.598512 -0.979038 -0.0427735 0.199133 -0.249279 0.154542 0.480828 0.863088 0.402216 0.31624 -0.38486 0.867107 0.400838 -0.929998 -0.306261 0.203245 -0.504429 0.18734 -0.870682 -0.454771 0.485879 
1533550409069 -0.104627 0.889025 -0.445744 -0.599462 -0.979564 -0.014707 0.200594 -0.246546 0.171778 0.457623 0.872396 0.39959 0.316222 -0.384861 0.867114 0.400796 -0.930002 -0.306263 0.203224 -0.504314 0.187351 -0.870681 -0.454768 0.485867 
1533550409079 -0.0761247 0.90096 -0.427172 -0.600241 -0.979167 0.0133356 0.20262 -0.243696 0.188249 0.433697 0.881175 0.397051 0.316221 -0.38486 0.867114 0.400791 -0.930002 -0.306263 0.203223 -0.504305 0.187352 -0.870681 -0.454767 0.485865 
1533550409089 -0.0472141 0.911567 -0.408432 -0.601011 -0.977844 0.0413034 0.205221 -0.240841 0.203942 0.409072 0.88942 0.39452 0.31622 -0.38486 0.867114 0.400791 -0.930002 -0.306263 0.203223 -0.504305 0.187352 -0.870681 -0.454767 0.485865 
1533550409099 -0.0179388 0.920829 -0.389554 -0.601795 -0.975597 0.0691547 0.208394 -0.237985 0.218835 0.383786 0.897117 0.391998 0.31622 -0.38486 0.867114 0.400791 -0.930002 -0.306263 0.203223 -0.504305 0.187352 -0.870681 -0.454767 0.485865 
1533550409109 0.011657 0.92873 -0.370574 -0.602609 -0.97243 0.0968491 0.212133 -0.235131 0.232904 0.357885 0.904253 0.389495 0.31622 -0.384861 0.867114 0.400791 -0.930002 -0.306263 0.203223 -0.504304 0.187352 -0.870681 -0.454768 0.485866 
1533550409119 0.0415281 0.935255 -0.351531 -0.603471 -0.968347 0.124347 0.216432 -0.23228 0.24613 0.331416 0.910815 0.387031 0.31622 -0.384861 0.867114 0.400792 -0.930002 -0.306263 0.203222 -0.504304 0.187352 -0.870681 -0.454768 0.485866 
1533550409129 0.0716026 0.94038 -0.332504 -0.604324 -0.963365 0.151583 0.221248 -0.229544 0.258459 0.304481 0.916783 0.384855 0.316221 -0.384859 0.867115 0.400789 -0.930002 -0.306263 0.203223 -0.504305 0.187353 -0.870682 -0.454766 0.485865 
1533550409189 0.0716026 0.94038 -0.332504 -0.604324 -0.963365 0.151583 0.221248 -0.229544 0.258459 0.304481 0.916783 0.384855 0.316221 -0.384859 0.867115 0.400789 -0.930002 -0.306263 0.203223 -0.504305 0.187353 -0.870682 -0.454766 0.485865 
1533550409199 0.101903 0.944197 -0.313221 -0.604725 -0.957467 0.178532 0.226679 -0.226544 0.26995 0.2768 0.92223 0.38203 0.31622 -0.384862 0.867114 0.400795 -0.930002 -0.306262 0.203222 -0.504304 0.187352 -0.87068 -0.454769 0.485867 
1533550409209 0.101949 0.944262 -0.31301 -0.604477 -0.957461 0.178526 0.22671 -0.22646 0.269954 0.276582 0.922294 0.381621 0.31622 -0.384862 0.867114 0.400795 -0.930002 -0.306262 0.203222 -0.504304 0.187352 -0.87068 -0.454769 0.485867 
1533550409219 0.10196 0.944294 -0.312911 -0.60425 -0.957464 0.178507 0.226711 -0.226446 0.269939 0.276486 0.922328 0.381478 0.31622 -0.384862 0.867114 0.400795 -0.930002 -0.306262 0.203222 -0.504304 0.187352 -0.87068 -0.454769 0.485867 
1533550409229 0.101967 0.944313 -0.31285 -0.604106 -0.957466 0.178496 0.22671 -0.226438 0.269928 0.276426 0.922349 0.381392 0.31622 -0.384862 0.867114 0.400795 -0.930002 -0.306262 0.203222 -0.504304 0.187352 -0.87068 -0.454769 0.485867 
1533550409239 0.101973 0.944325 -0.312811 -0.604019 -0.957468 0.17849 0.226709 -0.226434 0.269921 0.276389 0.922362 0.381339 0.31622 -0.384862 0.867114 0.400795 -0.930002 -0.306262 0.203222 -0.504304 0.187352 -0.87068 -0.454769 0.485867 
1533550409249 0.101977 0.944333 -0.312789 -0.603968 -0.957468 0.178488 0.226708 -0.226432 0.269917 0.276366 0.92237 0.381307 0.31622 -0.384862 0.867114 0.400795 -0.930002 -0.306262 0.203222 -0.504304 0.187352 -0.87068 -0.454769 0.485867 
1533550409259 0.10198 0.944337 -0.312775 -0.603939 -0.957468 0.178487 0.226708 -0.22643 0.269915 0.276353 0.922375 0.381289 0.31622 -0.384862 0.867114 0.400795 -0.930002 -0.306262 0.203222 -0.504304 0.187352 -0.87068 -0.454769 0.485867 
1533550409269 0.101983 0.944338 -0.312769 -0.603925 -0.957468 0.178487 0.226708 -0.22643 0.269914 0.276346 0.922377 0.38128 0.31622 -0.384862 0.867114 0.400795 -0.930002 -0.306262 0.203222 -0.504304 0.187352 -0.87068 -0.454769 0.485867 
1533550409279 0.101984 0.944339 -0.312767 -0.603922 -0.957468 0.178488 0.226707 -0.226433 0.269914 0.276344 0.922378 0.381279 0.31622 -0.384862 0.867114 0.400795 -0.930002 -0.306262 0.203222 -0.504304 0.187352 -0.87068 -0.454769 0.485867 
1533550409320 0.101984 0.944339 -0.312767 -0.603922 -0.957468 0.178488 0.226707 -0.226433 0.269914 0.276344 0.922378 0.381279 0.31622 -0.384862 0.867114 0.400795 -0.930002 -0.306262 0.203222 -0.504304 0.187352 -0.87068 -0.454769 0.485867 
1533550409330 0.101988 0.944341 -0.312758 -0.603902 -0.957468 0.17849 0.226708 -0.226428 0.269914 0.276334 0.92238 0.381265 0.31622 -0.384862 0.867114 0.400795 -0.930002 -0.306262 0.203222 -0.504304 0.187352 -0.87068 -0.454769 0.485867 
1533550409340 0.101989 0.944343 -0.312753 -0.60389 -0.957468 0.178489 0.226708 -0.226428 0.269913 0.276329 0.922382 0.381258 0.31622 -0.384862 0.867114 0.400795 -0.930002 -0.306262 0.203222 -0.504304 0.187352 -0.87068 -0.454769 0.485867 
1533550409350 0.10199 0.944344 -0.31275 -0.603883 -0.957468 0.178489 0.226708 -0.226427 0.269912 0.276326 0.922383 0.381253 0.31622 -0.384862 0.867114 0.400795 -0.930002 -0.306262 0.203222 -0.504304 0.187352 -0.87068 -0.454769 0.485867 
1533550409360 0.101991 0.944344 -0.312748 -0.603879 -0.957468 0.178489 0.226707 -0.226427 0.269912 0.276324 0.922384 0.381251 0.31622 -0.384862 0.867114 0.400795 -0.930002 -0.306262 0.203222 -0.504304 0.187352 -0.87068 -0.454769 0.485867 
1533550409370 0.101992 0.944345 -0.312747 -0.603877 -0.957468 0.17849 0.226707 -0.226427 0.269912 0.276323 0.922384 0.381249 0.31622 -0.384862 0.867114 0.400795 -0.930002 -0.306262 0.203222 -0.504304 0.187352 -0.87068 -0.454769 0.485867 
1533550409380 0.101992 0.944345 -0.312747 -0.603875 -0.957468 0.17849 0.226707 -0.226427 0.269912 0.276323 0.922385 0.381248 0.31622 -0.384862 0.867114 0.400795 -0.930002 -0.306262 0.203222 -0.504304 0.187352 -0.87068 -0.454769 0.485867 
1533550409390 0.101993 0.944345 -0.312746 -0.603875 -0.957468 0.178491 0.226707 -0.226427 0.269912 0.276322 0.922385 0.381248 0.31622 -0.384862 0.867114 0.400795 -0.930002 -0.306262 0.203222 -0.504304 0.187352 -0.87068 -0.454769 0.485867 
1533550409400 0.101993 0.944345 -0.312746 -0.603874 -0.957468 0.178491 0.226707 -0.226427 0.269912 0.276322 0.922385 0.381247 0.31622 -0.384862 0.867114 0.400795 -0.930002 -0.306262 0.203222 -0.504304 0.187352 -0.87068 -0.454769 0.485867 
1533550409410 0.101994 0.944345 -0.312746 -0.603874 -0.957468 0.178492 0.226707 -0.226427 0.269912 0.276322 0.922385 0.381248 0.31622 -0.384862 0.867114 0.400795 -0.930002 -0.306262 0.203222 -0.504304 0.187352 -0.87068 -0.454769 0.485867 
1533550409440 0.101994 0.944345 -0.312746 -0.603874 -0.957468 0.178492 0.226707 -0.226427 0.269912 0.276322 0.922385 0.381248 0.31622 -0.384862 0.867114 0.400795 -0.930002 -0.306262 0.203222 -0.504304 0.187352 -0.87068 -0.454769 0.485867 
1533550409450 0.101994 0.944344 -0.312747 -0.603874 -0.957468 0.178492 0.226707 -0.226427 0.269912 0.276322 0.922385 0.381247 0.31622 -0.384862 0.867114 0.400795 -0.930002 -0.306262 0.203222 -0.504304 0.187352 -0.87068 -0.454769 0.485867 
1533550409460 0.101995 0.944345 -0.312747 -0.603873 -0.957468 0.178492 0.226707 -0.226427 0.269912 0.276322 0.922385 0.381247 0.31622 -0.384862 0.867114 0.400795 -0.930002 -0.306262 0.203222 -0.504304 0.187352 -0.87068 -0.454769 0.485867 
1533550409470 0.101995 0.944345 -0.312746 -0.603873 -0.957468 0.178492 0.226707 -0.226427 0.269912 0.276322 0.922385 0.381247 0.31622 -0.384862 0.867114 0.400795 -0.930002 -0.306262 0.203222 -0.504304 0.187352 -0.87068 -0.454769 0.485867 
1533550409480 0.101994 0.944345 -0.312747 -0.603873 -0.957468 0.178492 0.226707 -0.226427 0.269912 0.276322 0.922385 0.381247 0.31622 -0.384862 0.867114 0.400795 -0.930002 -0.306262 0.203222 -0.504304 0.187352 -0.87068 -0.454769 0.485867 
1533550409490 0.101994 0.944345 -0.312747 -0.603873 -0.957468 0.178492 0.226707 -0.226427 0.269912 0.276322 0.922385 0.381247 0.31622 -0.384862 0.867114 0.400795 -0.930002 -0.306262 0.203222 -0.504304 0.187352 -0.87068 -0.454769 0.485867 
1533550409500 0.101994 0.944345 -0.312747 -0.603873 -0.957468 0.178492 0.226707 -0.226427 0.269912 0.276322 0.922385 0.381247 0.31622 -0.384862 0.867114 0.400795 -0.930002 -0.306262 0.203222 -0.504304 0.187352 -0.87068 -0.454769 0.485867 
1533550409510 0.101994 0.944345 -0.312747 -0.603873 -0.957468 0.178492 0.226707 -0.226427 0.269912 0.276322 0.922385 0.381247 0.31622 -0.384862 0.867114 0.400795 -0.930002 -0.306262 0.203222 -0.504304 0.187352 -0.87068 -0.454769 0.485867 
1533550409520 0.101994 0.944345 -0.312747 -0.603873 -0.957468 0.178492 0.226707 -0.226427 0.269912 0.276322 0.922385 0.381247 0.31622 -0.384862 0.867114 0.400795 -0.930002 -0.306262 0.203222 -0.504304 0.187352 -0.87068 -0.454769 0.485867 
1533550409530 0.101995 0.944345 -0.312746 -0.603873 -0.957468 0.178492 0.226707 -0.226427 0.269912 0.276322 0.922385 0.381247 0.31622 -0.384862 0.867114 0.400795 -0.930002 -0.306262 0.203222 -0.504304 0.187352 -0.87068 -0.454769 0.485867 
1533550409547 0.101995 0.944345 -0.312746 -0.603873 -0.957468 0.178492 0.226707 -0.226427 0.269912 0.276322 0.922385 0.381247 0.31622 -0.384862 0.867114 0.400795 -0.930002 -0.306262 0.203222 -0.504304 0.187352 -0.87068 -0.454769 0.485867 
1533550409560 0.101995 0.944345 -0.312746 -0.603873 -0.957468 0.178492 0.226707 -0.226427 0.269912 0.276322 0.922385 0.381247 0.31622 -0.384862 0.867114 0.400795 -0.930002 -0.306262 0.203222 -0.504304 0.187352 -0.87068 -0.454769 0.485867 
1533550409570 0.101995 0.944345 -0.312746 -0.603873 -0.957468 0.178492 0.226707 -0.226427 0.269912 0.276321 0.922385 0.381247 0.31622 -0.384862 0.867114 0.400795 -0.930002 -0.306262 0.203222 -0.504304 0.187352 -0.87068 -0.454769 0.485867 
1533550409580 0.101995 0.944345 -0.312746 -0.603873 -0.957468 0.178492 0.226707 -0.226427 0.269912 0.276321 0.922385 0.381247 0.31622 -0.384862 0.867114 0.400795 -0.930002 -0.306262 0.203222 -0.504304 0.187352 -0.87068 -0.454769 0.485867 
1533550409590 0.101995 0.944345 -0.312746 -0.603873 -0.957468 0.178492 0.226707 -0.226427 0.269912 0.276321 0.922385 0.381247 0.31622 -0.384862 0.867114 0.400795 -0.930002 -0.306262 0.203222 -0.504304 0.187352 -0.87068 -0.454769 0.485867 
1533550409600 0.101995 0.944345 -0.312746 -0.603873 -0.957468 0.178492 0.226707 -0.226427 0.269912 0.276321 0.922385 0.381247 0.31622 -0.384862 0.867114 0.400795 -0.930002 -0.306262 0.203222 -0.504304 0.187352 -0.87068 -0.454769 0.485867 
1533550409610 0.101995 0.944345 -0.312746 -0.603873 -0.957468 0.178492 0.226707 -0.226427 0.269912 0.276321 0.922385 0.381247 0.31622 -0.384862 0.867114 0.400795 -0.930002 -0.306262 0.203222 -0.504304 0.187352 -0.87068 -0.454769 0.485867 
1533550409620 0.101995 0.944345 -0.312746 -0.603873 -0.957468 0.178492 0.226707 -0.226427 0.269912 0.276321 0.922385 0.381247 0.31622 -0.384862 0.867114 0.400795 -0.930002 -0.306262 0.203222 -0.504304 0.187352 -0.87068 -0.454769 0.485867 
1533550409630 0.101995 0.944345 -0.312746 -0.603873 -0.957468 0.178492 0.226707 -0.226427 0.269912 0.276321 0.922385 0.381247 0.31622 -0.384862 0.867114 0.400795 -0.930002 -0.306262 0.203222 -0.504304 0.187352 -0.87068 -0.454769 0.485867 
1533550409640 0.101995 0.944345 -0.312746 -0.603873 -0.957468 0.178492 0.226707 -0.226427 0.269912 0.276321 0.922385 0.381247 0.31622 -0.384862 0.867114 0.400795 -0.930002 -0.306262 0.203222 -0.504304 0.187352 -0.87068 -0.454769 0.485867 
1533550409657 0.101995 0.944345 -0.312746 -0.603873 -0.957468 0.178492 0.226707 -0.226427 0.269912 0.276321 0.922385 0.381247 0.31622 -0.384862 0.867114 0.400795 -0.930002 -0.306262 0.203222 -0.504304 0.187352 -0.87068 -0.454769 0.485867 
1533550409670 0.101995 0.944345 -0.312746 -0.603873 -0.957468 0.178492 0.226707 -0.226427 0.269912 0.276321 0.922385 0.381246 0.31622 -0.384862 0.867114 0.400795 -0.930002 -0.306262 0.203222 -0.504304 0.187352 -0.87068 -0.454769 0.485867 
1533550409680 0.101995 0.944345 -0.312746 -0.603873 -0.957468 0.178492 0.226707 -0.226427 0.269912 0.276321 0.922385 0.381246 0.31622 -0.384862 0.867114 0.400795 -0.930002 -0.306262 0.203222 -0.504304 0.187352 -0.87068 -0.454769 0.485867 
1533550409690 0.101995 0.944345 -0.312746 -0.603873 -0.957468 0.178492 0.226707 -0.226427 0.269912 0.276321 0.922385 0.381246 0.31622 -0.384862 0.867114 0.400795 -0.930002 -0.306262 0.203222 -0.504304 0.187352 -0.87068 -0.454769 0.485867 
1533550409700 0.101995 0.944345 -0.312746 -0.603873 -0.957468 0.178492 0.226707 -0.226427 0.269912 0.276321 0.922385 0.381246 0.31622 -0.384862 0.867114 0.400795 -0.930002 -0.306262 0.203222 -0.504304 0.187352 -0.87068 -0.454769 0.485867 
1533550409710 0.101995 0.944345 -0.312746 -0.603873 -0.957468 0.178492 0.226707 -0.226427 0.269912 0.276321 0.922385 0.381246 0.31622 -0.384862 0.867114 0.400795 -0.930002 -0.306262 0.203222 -0.504304 0.187352 -0.87068 -0.454769 0.485867 
1533550409720 0.101995 0.944345 -0.312746 -0.603873 -0.957468 0.178492 0.226707 -0.226427 0.269912 0.276321 0.922385 0.381246 0.31622 -0.384862 0.867114 0.400795 -0.930002 -0.306262 0.203222 -0.504304 0.187352 -0.87068 -0.454769 0.485867 
1533550409730 0.101995 0.944345 -0.312746 -0.603873 -0.957468 0.178492 0.226707 -0.226427 0.269912 0.276321 0.922385 0.381246 0.31622 -0.384862 0.867114 0.400795 -0.930002 -0.306262 0.203222 -0.504304 0.187352 -0.87068 -0.454769 0.485867 
1533550409740 0.101995 0.944345 -0.312746 -0.603873 -0.957468 0.178492 0.226707 -0.226427 0.269912 0.276321 0.922385 0.381246 0.31622 -0.384862 0.867114 0.400795 -0.930002 -0.306262 0.203222 -0.504304 0.187352 -0.87068 -0.454769 0.485867 
1533550409750 0.101995 0.944345 -0.312746 -0.603873 -0.957468 0.178492 0.226707 -0.226427 0.269912 0.276321 0.922385 0.381246 0.31622 -0.384862 0.867114 0.400795 -0.930002 -0.306262 0.203222 -0.504304 0.187352 -0.87068 -0.454769 0.485867 
1533550409767 0.101995 0.944345 -0.312746 -0.603873 -0.957468 0.178492 0.226707 -0.226427 0.269912 0.276321 0.922385 0.381246 0.31622 -0.384862 0.867114 0.400795 -0.930002 -0.306262 0.203222 -0.504304 0.187352 -0.87068 -0.454769 0.485867 
1533550409780 0.101995 0.944345 -0.312746 -0.603872 -0.957468 0.178492 0.226707 -0.226427 0.269912 0.276321 0.922385 0.381246 0.31622 -0.384862 0.867114 0.400795 -0.930002 -0.306262 0.203222 -0.504304 0.187352 -0.87068 -0.454769 0.485867 
1533550409790 0.101995 0.944345 -0.312746 -0.603872 -0.957468 0.178492 0.226707 -0.226427 0.269912 0.276321 0.922385 0.381246 0.31622 -0.384862 0.867114 0.400795 -0.930002 -0.306262 0.203222 -0.504304 0.187352 -0.87068 -0.454769 0.485867 
1533550409800 0.101995 0.944345 -0.312746 -0.603872 -0.957468 0.178492 0.226707 -0.226427 0.269912 0.276321 0.922385 0.381246 0.31622 -0.384862 0.867114 0.400795 -0.930002 -0.306262 0.203222 -0.504304 0.187352 -0.87068 -0.454769 0.485867 
1533550409810 0.101995 0.944345 -0.312746 -0.603872 -0.957468 0.178492 0.226707 -0.226427 0.269912 0.276321 0.922385 0.381246 0.31622 -0.384862 0.867114 0.400795 -0.930002 -0.306262 0.203222 -0.504304 0.187352 -0.87068 -0.454769 0.485867 
1533550409820 0.101995 0.944345 -0.312746 -0.603872 -0.957468 0.178492 0.226707 -0.226427 0.269912 0.276321 0.922385 0.381246 0.31622 -0.384862 0.867114 0.400795 -0.930002 -0.306262 0.203222 -0.504304 0.187352 -0.87068 -0.454769 0.485867 
1533550409830 0.101995 0.944345 -0.312746 -0.603872 -0.957468 0.178492 0.226707 -0.226427 0.269912 0.276321 0.922385 0.381246 0.31622 -0.384862 0.867114 0.400795 -0.930002 -0.306262 0.203222 -0.504304 0.187352 -0.87068 -0.454769 0.485867 
1533550409840 0.101995 0.944345 -0.312746 -0.603872 -0.957468 0.178492 0.226707 -0.226427 0.269912 0.276321 0.922385 0.381246 0.31622 -0.384862 0.867114 0.400795 -0.930002 -0.306262 0.203222 -0.504304 0.187352 -0.87068 -0.454769 0.485867 
1533550409850 0.101995 0.944345 -0.312746 -0.603872 -0.957468 0.178492 0.226707 -0.226427 0.269912 0.276321 0.922385 0.381246 0.31622 -0.384862 0.867114 0.400795 -0.930002 -0.306262 0.203222 -0.504304 0.187352 -0.87068 -0.454769 0.485867 
1533550409860 0.101995 0.944345 -0.312746 -0.603872 -0.957468 0.178492 0.226707 -0.226427 0.269912 0.276321 0.922385 0.381246 0.31622 -0.384862 0.867114 0.400795 -0.930002 -0.306262 0.203222 -0.504304 0.187352 -0.87068 -0.454769 0.485867 
1533550409877 0.101995 0.944345 -0.312746 -0.603872 -0.957468 0.178492 0.226707 -0.226427 0.269912 0.276321 0.922385 0.381246 0.31622 -0.384862 0.867114 0.400795 -0.930002 -0.306262 0.203222 -0.504304 0.187352 -0.87068 -0.454769 0.485867 
1533550409890 0.101995 0.944345 -0.312746 -0.603872 -0.957468 0.178492 0.226707 -0.226427 0.269912 0.276322 0.922385 0.381246 0.31622 -0.384862 0.867114 0.400795 -0.930002 -0.306262 0.203222 -0.504304 0.187352 -0.87068 -0.454769 0.485867 
1533550409900 0.101994 0.944345 -0.312746 -0.603872 -0.957468 0.178492 0.226707 -0.226427 0.269912 0.276322 0.922385 0.381246 0.31622 -0.384862 0.867114 0.400795 -0.930002 -0.306262 0.203222 -0.504304 0.187352 -0.87068 -0.454769 0.485867 
1533550409910 0.101994 0.944345 -0.312746 -0.603872 -0.957468 0.178492 0.226707 -0.226427 0.269912 0.276322 0.922385 0.381246 0.31622 -0.384862 0.867114 0.400795 -0.930002 -0.306262 0.203222 -0.504304 0.187352 -0.87068 -0.454769 0.485867 
1533550409920 0.101994 0.944345 -0.312746 -0.603872 -0.957468 0.178492 0.226707 -0.226427 0.269912 0.276322 0.922385 0.381246 0.31622 -0.384862 0.867114 0.400795 -0.930002 -0.306262 0.203222 -0.504304 0.187352 -0.87068 -0.454769 0.485867 
1533550409930 0.101994 0.944345 -0.312746 -0.603872 -0.957468 0.178492 0.226707 -0.226427 0.269912 0.276322 0.922385 0.381246 0.31622 -0.384862 0.867114 0.400795 -0.930002 -0.306262 0.203222 -0.504304 0.187352 -0.87068 -0.454769 0.485867 
1533550409940 0.101994 0.944345 -0.312746 -0.603872 -0.957468 0.178492 0.226707 -0.226427 0.269912 0.276322 0.922385 0.381246 0.31622 -0.384862 0.867114 0.400795 -0.930002 -0.306262 0.203222 -0.504304 0.187352 -0.87068 -0.454769 0.485867 
1533550409950 0.101994 0.944345 -0.312746 -0.603872 -0.957468 0.178492 0.226707 -0.226427 0.269912 0.276322 0.922385 0.381246 0.31622 -0.384862 0.867114 0.400795 -0.930002 -0.306262 0.203222 -0.504304 0.187352 -0.87068 -0.454769 0.485867 
1533550409960 0.101994 0.944345 -0.312746 -0.603872 -0.957468 0.178492 0.226707 -0.226427 0.269912 0.276322 0.922385 0.381246 0.31622 -0.384862 0.867114 0.400795 -0.930002 -0.306262 0.203222 -0.504304 0.187352 -0.87068 -0.454769 0.485867 
1533550409970 0.101994 0.944345 -0.312746 -0.603872 -0.957468 0.178492 0.226707 -0.226427 0.269912 0.276322 0.922385 0.381246 0.31622 -0.384862 0.867114 0.400795 -0.930002 -0.306262 0.203222 -0.504304 0.187352 -0.87068 -0.454769 0.485867 
1533550409987 0.101994 0.944345 -0.312746 -0.603872 -0.957468 0.178492 0.226707 -0.226427 0.269912 0.276322 0.922385 0.381246 0.31622 -0.384862 0.867114 0.400795 -0.930002 -0.306262 0.203222 -0.504304 0.187352 -0.87068 -0.454769 0.485867 
1533550410000 0.101995 0.944345 -0.312746 -0.603872 -0.957468 0.178492 0.226707 -0.226427 0.269912 0.276321 0.922385 0.381246 0.31622 -0.384862 0.867114 0.400795 -0.930002 -0.306262 0.203222 -0.504304 0.187352 -0.87068 -0.454769 0.485867 
1533550410010 0.101995 0.944345 -0.312746 -0.603872 -0.957468 0.178492 0.226707 -0.226427 0.269912 0.276321 0.922385 0.381246 0.31622 -0.384862 0.867114 0.400795 -0.930002 -0.306262 0.203222 -0.504304 0.187352 -0.87068 -0.454769 0.485867 
1533550410020 0.101995 0.944345 -0.312746 -0.603872 -0.957468 0.178492 0.226707 -0.226427 0.269912 0.276321 0.922385 0.381246 0.31622 -0.384862 0.867114 0.400795 -0.930002 -0.306262 0.203222 -0.504304 0.187352 -0.87068 -0.454769 0.485867 
1533550410030 0.101995 0.944345 -0.312746 -0.603872 -0.957468 0.178492 0.226707 -0.226427 0.269912 0.276321 0.922385 0.381246 0.31622 -0.384862 0.867114 0.400795 -0.930002 -0.306262 0.203222 -0.504304 0.187352 -0.87068 -0.454769 0.485867 
1533550410040 0.101995 0.944345 -0.312746 -0.603872 -0.957468 0.178492 0.226707 -0.226427 0.269912 0.276321 0.922385 0.381246 0.31622 -0.384862 0.867114 0.400795 -0.930002 -0.306262 0.203222 -0.504304 0.187352 -0.87068 -0.454769 0.485867 
1533550410050 0.101995 0.944345 -0.312746 -0.603872 -0.957468 0.178492 0.226707 -0.226427 0.269912 0.276321 0.922385 0.381246 0.31622 -0.384862 0.867114 0.400795 -0.930002 -0.306262 0.203222 -0.504304 0.187352 -0.87068 -0.454769 0.485867 
1533550410060 0.101995 0.944345 -0.312746 -0.603872 -0.957468 0.178492 0.226707 -0.226427 0.269912 0.276321 0.922385 0.381246 0.31622 -0.384862 0.867114 0.400795 -0.930002 -0.306262 0.203222 -0.504304 0.187352 -0.87068 -0.454769 0.485867 
1533550410070 0.101995 0.944345 -0.312746 -0.603872 -0.957468 0.178492 0.226707 -0.226427 0.269912 0.276321 0.922385 0.381246 0.31622 -0.384862 0.867114 0.400795 -0.930002 -0.306262 0.203222 -0.504304 0.187352 -0.87068 -0.454769 0.485867 
1533550410080 0.101995 0.944345 -0.312746 -0.603872 -0.957468 0.178492 0.226707 -0.226427 0.269912 0.276321 0.922385 0.381246 0.31622 -0.384862 0.867114 0.400795 -0.930002 -0.306262 0.203222 -0.504304 0.187352 -0.87068 -0.454769 0.485867 
1533550410097 0.101995 0.944345 -0.312746 -0.603872 -0.957468 0.178492 0.226707 -0.226427 0.269912 0.276321 0.922385 0.381246 0.31622 -0.384862 0.867114 0.400795 -0.930002 -0.306262 0.203222 -0.504304 0.187352 -0.87068 -0.454769 0.485867 
1533550410110 0.101995 0.944345 -0.312746 -0.603872 -0.957468 0.178492 0.226707 -0.226427 0.269912 0.276321 0.922385 0.381246 0.31622 -0.384862 0.867114 0.400795 -0.930002 -0.306262 0.203222 -0.504304 0.187352 -0.87068 -0.454769 0.485867 
1533550410120 0.101995 0.944345 -0.312746 -0.603872 -0.957468 0.178492 0.226707 -0.226427 0.269912 0.276321 0.922385 0.381246 0.31622 -0.384862 0.867114 0.400795 -0.930002 -0.306262 0.203222 -0.504304 0.187352 -0.87068 -0.454769 0.485867 
1533550410130 0.101995 0.944345 -0.312746 -0.603872 -0.957468 0.178492 0.226707 -0.226427 0.269912 0.276321 0.922385 0.381246 0.31622 -0.384862 0.867114 0.400795 -0.930002 -0.306262 0.203222 -0.504304 0.187352 -0.87068 -0.454769 0.485867 
1533550410140 0.101995 0.944345 -0.312746 -0.603872 -0.957468 0.178492 0.226707 -0.226427 0.269912 0.276321 0.922385 0.381246 0.31622 -0.384862 0.867114 0.400795 -0.930002 -0.306262 0.203222 -0.504304 0.187352 -0.87068 -0.454769 0.485867 
1533550410150 0.101995 0.944345 -0.312746 -0.603872 -0.957468 0.178492 0.226707 -0.226427 0.269912 0.276321 0.922385 0.381246 0.31622 -0.384862 0.867114 0.400795 -0.930002 -0.306262 0.203222 -0.504304 0.187352 -0.87068 -0.454769 0.485867 
1533550410160 0.101995 0.944345 -0.312746 -0.603872 -0.957468 0.178492 0.226707 -0.226427 0.269912 0.276321 0.922385 0.381246 0.31622 -0.384862 0.867114 0.400795 -0.930002 -0.306262 0.203222 -0.504304 0.187352 -0.87068 -0.454769 0.485867 
1533550410170 0.101995 0.944345 -0.312746 -0.603872 -0.957468 0.178492 0.226707 -0.226427 0.269912 0.276321 0.922385 0.381246 0.31622 -0.384862 0.867114 0.400795 -0.930002 -0.306262 0.203222 -0.504304 0.187352 -0.87068 -0.454769 0.485867 
1533550410180 0.101995 0.944345 -0.312746 -0.603872 -0.957468 0.178492 0.226707 -0.226427 0.269912 0.276321 0.922385 0.381246 0.31622 -0.384862 0.867114 0.400795 -0.930002 -0.306262 0.203222 -0.504304 0.187352 -0.87068 -0.454769 0.485867 
1533550410190 0.101995 0.944345 -0.312746 -0.603872 -0.957468 0.178492 0.226707 -0.226427 0.269912 0.276321 0.922385 0.381246 0.31622 -0.384862 0.867114 0.400795 -0.930002 -0.306262 0.203222 -0.504304 0.187352 -0.87068 -0.454769 0.485867 
1533550410207 0.101995 0.944345 -0.312746 -0.603872 -0.957468 0.178492 0.226707 -0.226427 0.269912 0.276321 0.922385 0.381246 0.31622 -0.384862 0.867114 0.400795 -0.930002 -0.306262 0.203222 -0.504304 0.187352 -0.87068 -0.454769 0.485867 
1533550410220 0.101995 0.944345 -0.312746 -0.603872 -0.957468 0.178492 0.226707 -0.226427 0.269912 0.276321 0.922385 0.381246 0.31622 -0.384862 0.867114 0.400795 -0.930002 -0.306262 0.203222 -0.504304 0.187352 -0.87068 -0.454769 0.485867 
1533550410230 0.101995 0.944345 -0.312746 -0.603872 -0.957468 0.178492 0.226707 -0.226427 0.269912 0.276321 0.922385 0.381246 0.31622 -0.384862 0.867114 0.400795 -0.930002 -0.306262 0.203222 -0.504304 0.187352 -0.87068 -0.454769 0.485867 
1533550410240 0.101995 0.944345 -0.312746 -0.603872 -0.957468 0.178492 0.226707 -0.226427 0.269912 0.276321 0.922385 0.381246 0.31622 -0.384862 0.867114 0.400795 -0.930002 -0.306262 0.203222 -0.504304 0.187352 -0.87068 -0.454769 0.485867 
1533550410250 0.101995 0.944345 -0.312746 -0.603872 -0.957468 0.178492 0.226707 -0.226427 0.269912 0.276321 0.922385 0.381246 0.31622 -0.384862 0.867114 0.400795 -0.930002 -0.306262 0.203222 -0.504304 0.187352 -0.87068 -0.454769 0.485867 
1533550410260 0.101995 0.944345 -0.312746 -0.603872 -0.957468 0.178492 0.226707 -0.226427 0.269912 0.276321 0.922385 0.381246 0.31622 -0.384862 0.867114 0.400795 -0.930002 -0.306262 0.203222 -0.504304 0.187352 -0.87068 -0.454769 0.485867 
1533550410270 0.101995 0.944345 -0.312746 -0.603872 -0.957468 0.178492 0.226707 -0.226427 0.269912 0.276321 0.922385 0.381246 0.31622 -0.384862 0.867114 0.400795 -0.930002 -0.306262 0.203222 -0.504304 0.187352 -0.87068 -0.454769 0.485867 
1533550410280 0.101995 0.944345 -0.312746 -0.603872 -0.957468 0.178492 0.226707 -0.226427 0.269912 0.276321 0.922385 0.381246 0.31622 -0.384862 0.867114 0.400795 -0.930002 -0.306262 0.203222 -0.504304 0.187352 -0.87068 -0.454769 0.485867 
1533550410290 0.101995 0.944345 -0.312746 -0.603872 -0.957468 0.178492 0.226707 -0.226427 0.269912 0.276321 0.922385 0.381246 0.31622 -0.384862 0.867114 0.400795 -0.930002 -0.306262 0.203222 -0.504304 0.187352 -0.87068 -0.454769 0.485867 
1533550410300 0.101995 0.944345 -0.312746 -0.603872 -0.957468 0.178492 0.226707 -0.226427 0.269912 0.276321 0.922385 0.381246 0.31622 -0.384862 0.867114 0.400795 -0.930002 -0.306262 0.203222 -0.504304 0.187352 -0.87068 -0.454769 0.485867 
1533550410317 0.101995 0.944345 -0.312746 -0.603872 -0.957468 0.178492 0.226707 -0.226427 0.269912 0.276321 0.922385 0.381246 0.31622 -0.384862 0.867114 0.400795 -0.930002 -0.306262 0.203222 -0.504304 0.187352 -0.87068 -0.454769 0.485867 
1533550410330 0.101995 0.944345 -0.312746 -0.603872 -0.957468 0.178492 0.226707 -0.226427 0.269912 0.276322 0.922385 0.381246 0.31622 -0.384862 0.867114 0.400795 -0.930002 -0.306262 0.203222 -0.504304 0.187352 -0.87068 -0.454769 0.485867 
1533550410340 0.101995 0.944345 -0.312746 -0.603872 -0.957468 0.178492 0.226707 -0.226427 0.269912 0.276322 0.922385 0.381246 0.31622 -0.384862 0.867114 0.400795 -0.930002 -0.306262 0.203222 -0.504304 0.187352 -0.87068 -0.454769 0.485867 
1533550410350 0.101995 0.944345 -0.312746 -0.603872 -0.957468 0.178492 0.226707 -0.226427 0.269912 0.276322 0.922385 0.381246 0.31622 -0.384862 0.867114 0.400795 -0.930002 -0.306262 0.203222 -0.504304 0.187352 -0.87068 -0.454769 0.485867 
1533550410360 0.101995 0.944345 -0.312746 -0.603872 -0.957468 0.178492 0.226707 -0.226427 0.269912 0.276322 0.922385 0.381246 0.31622 -0.384862 0.867114 0.400795 -0.930002 -0.306262 0.203222 -0.504304 0.187352 -0.87068 -0.454769 0.485867 
1533550410370 0.101995 0.944345 -0.312746 -0.603872 -0.957468 0.178492 0.226707 -0.226427 0.269912 0.276322 0.922385 0.381246 0.31622 -0.384862 0.867114 0.400795 -0.930002 -0.306262 0.203222 -0.504304 0.187352 -0.87068 -0.454769 0.485867 
1533550410380 0.101995 0.944345 -0.312746 -0.603872 -0.957468 0.178492 0.226707 -0.226427 0.269912 0.276322 0.922385 0.381246 0.31622 -0.384862 0.867114 0.400795 -0.930002 -0.306262 0.203222 -0.504304 0.187352 -0.87068 -0.454769 0.485867 
1533550410390 0.101995 0.944345 -0.312746 -0.603872 -0.957468 0.178492 0.226707 -0.226427 0.269912 0.276322 0.922385 0.381246 0.31622 -0.384862 0.867114 0.400795 -0.930002 -0.306262 0.203222 -0.504304 0.187352 -0.87068 -0.454769 0.485867 
1533550410400 0.101995 0.944345 -0.312746 -0.603872 -0.957468 0.178492 0.226707 -0.226427 0.269912 0.276322 0.922385 0.381246 0.31622 -0.384862 0.867114 0.400795 -0.930002 -0.306262 0.203222 -0.504304 0.187352 -0.87068 -0.454769 0.485867 
1533550410410 0.101995 0.944345 -0.312746 -0.603872 -0.957468 0.178492 0.226707 -0.226427 0.269912 0.276322 0.922385 0.381246 0.31622 -0.384862 0.867114 0.400795 -0.930002 -0.306262 0.203222 -0.504304 0.187352 -0.87068 -0.454769 0.485867 
1533550410427 0.101995 0.944345 -0.312746 -0.603872 -0.957468 0.178492 0.226707 -0.226427 0.269912 0.276322 0.922385 0.381246 0.31622 -0.384862 0.867114 0.400795 -0.930002 -0.306262 0.203222 -0.504304 0.187352 -0.87068 -0.454769 0.485867 
1533550410440 0.101995 0.944345 -0.312746 -0.603872 -0.957468 0.178492 0.226707 -0.226427 0.269912 0.276322 0.922385 0.381246 0.31622 -0.384862 0.867114 0.400795 -0.930002 -0.306262 0.203222 -0.504304 0.187352 -0.87068 -0.454769 0.485867 
1533550410450 0.101995 0.944345 -0.312746 -0.603872 -0.957468 0.178492 0.226707 -0.226427 0.269912 0.276322 0.922385 0.381246 0.31622 -0.384862 0.867114 0.400795 -0.930002 -0.306262 0.203222 -0.504304 0.187352 -0.87068 -0.454769 0.485867 
1533550410460 0.101995 0.944345 -0.312746 -0.603872 -0.957468 0.178492 0.226707 -0.226427 0.269912 0.276322 0.922385 0.381246 0.31622 -0.384862 0.867114 0.400795 -0.930002 -0.306262 0.203222 -0.504304 0.187352 -0.87068 -0.454769 0.485867 
1533550410470 0.101995 0.944345 -0.312746 -0.603872 -0.957468 0.178492 0.226707 -0.226427 0.269912 0.276322 0.922385 0.381246 0.31622 -0.384862 0.867114 0.400795 -0.930002 -0.306262 0.203222 -0.504304 0.187352 -0.87068 -0.454769 0.485867 
1533550410480 0.101995 0.944345 -0.312746 -0.603872 -0.957468 0.178492 0.226707 -0.226427 0.269912 0.276322 0.922385 0.381246 0.31622 -0.384862 0.867114 0.400795 -0.930002 -0.306262 0.203222 -0.504304 0.187352 -0.87068 -0.454769 0.485867 
1533550410490 0.101995 0.944345 -0.312746 -0.603872 -0.957468 0.178492 0.226707 -0.226427 0.269912 0.276322 0.922385 0.381246 0.31622 -0.384862 0.867114 0.400795 -0.930002 -0.306262 0.203222 -0.504304 0.187352 -0.87068 -0.454769 0.485867 
1533550410500 0.101995 0.944345 -0.312746 -0.603872 -0.957468 0.178492 0.226707 -0.226427 0.269912 0.276322 0.922385 0.381246 0.31622 -0.384862 0.867114 0.400795 -0.930002 -0.306262 0.203222 -0.504304 0.187352 -0.87068 -0.454769 0.485867 
1533550410510 0.101995 0.944345 -0.312746 -0.603872 -0.957468 0.178492 0.226707 -0.226427 0.269912 0.276322 0.922385 0.381246 0.31622 -0.384862 0.867114 0.400795 -0.930002 -0.306262 0.203222 -0.504304 0.187352 -0.87068 -0.454769 0.485867 
1533550410520 0.101995 0.944345 -0.312746 -0.603872 -0.957468 0.178492 0.226707 -0.226427 0.269912 0.276322 0.922385 0.381246 0.31622 -0.384862 0.867114 0.400795 -0.930002 -0.306262 0.203222 -0.504304 0.187352 -0.87068 -0.454769 0.485867 
1533550410537 0.101995 0.944345 -0.312746 -0.603872 -0.957468 0.178492 0.226707 -0.226427 0.269912 0.276322 0.922385 0.381246 0.31622 -0.384862 0.867114 0.400795 -0.930002 -0.306262 0.203222 -0.504304 0.187352 -0.87068 -0.454769 0.485867 
1533550410550 0.101995 0.944345 -0.312746 -0.603872 -0.957468 0.178492 0.226707 -0.226427 0.269912 0.276322 0.922385 0.381246 0.31622 -0.384862 0.867114 0.400795 -0.930002 -0.306262 0.203222 -0.504304 0.187352 -0.87068 -0.454769 0.485867 
1533550410560 0.101995 0.944345 -0.312746 -0.603872 -0.957468 0.178492 0.226707 -0.226427 0.269912 0.276322 0.922385 0.381246 0.31622 -0.384862 0.867114 0.400795 -0.930002 -0.306262 0.203222 -0.504304 0.187352 -0.87068 -0.454769 0.485867 
1533550410570 0.101995 0.944345 -0.312746 -0.603872 -0.957468 0.178492 0.226707 -0.226427 0.269912 0.276322 0.922385 0.381246 0.31622 -0.384862 0.867114 0.400795 -0.930002 -0.306262 0.203222 -0.504304 0.187352 -0.87068 -0.454769 0.485867 
1533550410580 0.101995 0.944345 -0.312746 -0.603872 -0.957468 0.178492 0.226707 -0.226427 0.269912 0.276322 0.922385 0.381246 0.31622 -0.384862 0.867114 0.400795 -0.930002 -0.306262 0.203222 -0.504304 0.187352 -0.87068 -0.454769 0.485867 
1533550410590 0.101995 0.944345 -0.312746 -0.603872 -0.957468 0.178492 0.226707 -0.226427 0.269912 0.276322 0.922385 0.381246 0.31622 -0.384862 0.867114 0.400795 -0.930002 -0.306262 0.203222 -0.504304 0.187352 -0.87068 -0.454769 0.485867 
1533550410600 0.101995 0.944345 -0.312746 -0.603872 -0.957468 0.178492 0.226707 -0.226427 0.269912 0.276322 0.922385 0.381246 0.31622 -0.384862 0.867114 0.400795 -0.930002 -0.306262 0.203222 -0.504304 0.187352 -0.87068 -0.454769 0.485867 
1533550410610 0.101995 0.944345 -0.312746 -0.603872 -0.957468 0.178492 0.226707 -0.226427 0.269912 0.276322 0.922385 0.381246 0.31622 -0.384862 0.867114 0.400795 -0.930002 -0.306262 0.203222 -0.504304 0.187352 -0.87068 -0.454769 0.485867 
1533550410620 0.101995 0.944345 -0.312746 -0.603872 -0.957468 0.178492 0.226707 -0.226427 0.269912 0.276322 0.922385 0.381246 0.31622 -0.384862 0.867114 0.400795 -0.930002 -0.306262 0.203222 -0.504304 0.187352 -0.87068 -0.454769 0.485867 
1533550410630 0.101995 0.944345 -0.312746 -0.603872 -0.957468 0.178492 0.226707 -0.226427 0.269912 0.276322 0.922385 0.381246 0.31622 -0.384862 0.867114 0.400795 -0.930002 -0.306262 0.203222 -0.504304 0.187352 -0.87068 -0.454769 0.485867 
1533550410647 0.101995 0.944345 -0.312746 -0.603872 -0.957468 0.178492 0.226707 -0.226427 0.269912 0.276322 0.922385 0.381246 0.31622 -0.384862 0.867114 0.400795 -0.930002 -0.306262 0.203222 -0.504304 0.187352 -0.87068 -0.454769 0.485867 
1533550410660 0.101995 0.944345 -0.312745 -0.603872 -0.957468 0.178492 0.226707 -0.226427 0.269912 0.276321 0.922385 0.381246 0.31622 -0.384862 0.867114 0.400795 -0.930002 -0.306262 0.203222 -0.504304 0.187352 -0.87068 -0.454769 0.485867 
1533550410670 0.101995 0.944345 -0.312745 -0.603872 -0.957468 0.178492 0.226707 -0.226427 0.269912 0.276321 0.922385 0.381246 0.31622 -0.384862 0.867114 0.400795 -0.930002 -0.306262 0.203222 -0.504304 0.187352 -0.87068 -0.454769 0.485867 
1533550410680 0.101995 0.944345 -0.312745 -0.603872 -0.957468 0.178492 0.226707 -0.226427 0.269912 0.276321 0.922385 0.381246 0.31622 -0.384862 0.867114 0.400795 -0.930002 -0.306262 0.203222 -0.504304 0.187352 -0.87068 -0.454769 0.485867 
1533550410690 0.101995 0.944345 -0.312745 -0.603872 -0.957468 0.178492 0.226707 -0.226427 0.269912 0.276321 0.922385 0.381246 0.31622 -0.384862 0.867114 0.400795 -0.930002 -0.306262 0.203222 -0.504304 0.187352 -0.87068 -0.454769 0.485867 
1533550410700 0.101995 0.944345 -0.312745 -0.603872 -0.957468 0.178492 0.226707 -0.226427 0.269912 0.276321 0.922385 0.381246 0.31622 -0.384862 0.867114 0.400795 -0.930002 -0.306262 0.203222 -0.504304 0.187352 -0.87068 -0.454769 0.485867 
1533550410710 0.101995 0.944345 -0.312745 -0.603872 -0.957468 0.178492 0.226707 -0.226427 0.269912 0.276321 0.922385 0.381246 0.31622 -0.384862 0.867114 0.400795 -0.930002 -0.306262 0.203222 -0.504304 0.187352 -0.87068 -0.454769 0.485867 
1533550410720 0.101995 0.944345 -0.312745 -0.603872 -0.957468 0.178492 0.226707 -0.226427 0.269912 0.276321 0.922385 0.381246 0.31622 -0.384862 0.867114 0.400795 -0.930002 -0.306262 0.203222 -0.504304 0.187352 -0.87068 -0.454769 0.485867 
1533550410730 0.101995 0.944345 -0.312745 -0.603872 -0.957468 0.178492 0.226707 -0.226427 0.269912 0.276321 0.922385 0.381246 0.31622 -0.384862 0.867114 0.400795 -0.930002 -0.306262 0.203222 -0.504304 0.187352 -0.87068 -0.454769 0.485867 
1533550410740 0.101995 0.944345 -0.312745 -0.603872 -0.957468 0.178492 0.226707 -0.226427 0.269912 0.276321 0.922385 0.381246 0.31622 -0.384862 0.867114 0.400795 -0.930002 -0.306262 0.203222 -0.504304 0.187352 -0.87068 -0.454769 0.485867 
1533550410757 0.101995 0.944345 -0.312745 -0.603872 -0.957468 0.178492 0.226707 -0.226427 0.269912 0.276321 0.922385 0.381246 0.31622 -0.384862 0.867114 0.400795 -0.930002 -0.306262 0.203222 -0.504304 0.187352 -0.87068 -0.454769 0.485867 
1533550410770 0.101995 0.944345 -0.312745 -0.603872 -0.957468 0.178492 0.226707 -0.226427 0.269912 0.276321 0.922385 0.381246 0.31622 -0.384862 0.867114 0.400795 -0.930002 -0.306262 0.203222 -0.504304 0.187352 -0.87068 -0.454769 0.485867 
1533550410780 0.101995 0.944345 -0.312745 -0.603872 -0.957468 0.178492 0.226707 -0.226427 0.269912 0.276321 0.922385 0.381246 0.31622 -0.384862 0.867114 0.400795 -0.930002 -0.306262 0.203222 -0.504304 0.187352 -0.87068 -0.454769 0.485867 
1533550410790 0.101995 0.944345 -0.312745 -0.603872 -0.957468 0.178492 0.226707 -0.226427 0.269912 0.276321 0.922385 0.381246 0.31622 -0.384862 0.867114 0.400795 -0.930002 -0.306262 0.203222 -0.504304 0.187352 -0.87068 -0.454769 0.485867 
1533550410800 0.101995 0.944345 -0.312745 -0.603872 -0.957468 0.178492 0.226707 -0.226427 0.269912 0.276321 0.922385 0.381246 0.31622 -0.384862 0.867114 0.400795 -0.930002 -0.306262 0.203222 -0.504304 0.187352 -0.87068 -0.454769 0.485867 
1533550410810 0.101995 0.944345 -0.312745 -0.603872 -0.957468 0.178492 0.226707 -0.226427 0.269912 0.276321 0.922385 0.381246 0.31622 -0.384862 0.867114 0.400795 -0.930002 -0.306262 0.203222 -0.504304 0.187352 -0.87068 -0.454769 0.485867 
1533550410820 0.101995 0.944345 -0.312745 -0.603872 -0.957468 0.178492 0.226707 -0.226427 0.269912 0.276321 0.922385 0.381246 0.31622 -0.384862 0.867114 0.400795 -0.930002 -0.306262 0.203222 -0.504304 0.187352 -0.87068 -0.454769 0.485867 
1533550410830 0.101995 0.944345 -0.312745 -0.603872 -0.957468 0.178492 0.226707 -0.226427 0.269912 0.276321 0.922385 0.381246 0.31622 -0.384862 0.867114 0.400795 -0.930002 -0.306262 0.203222 -0.504304 0.187352 -0.87068 -0.454769 0.485867 
1533550410840 0.101995 0.944345 -0.312745 -0.603872 -0.957468 0.178492 0.226707 -0.226427 0.269912 0.276321 0.922385 0.381246 0.31622 -0.384862 0.867114 0.400795 -0.930002 -0.306262 0.203222 -0.504304 0.187352 -0.87068 -0.454769 0.485867 
1533550410850 0.101995 0.944345 -0.312745 -0.603872 -0.957468 0.178492 0.226707 -0.226427 0.269912 0.276321 0.922385 0.381246 0.31622 -0.384862 0.867114 0.400795 -0.930002 -0.306262 0.203222 -0.504304 0.187352 -0.87068 -0.454769 0.485867 
1533550410867 0.101995 0.944345 -0.312745 -0.603872 -0.957468 0.178492 0.226707 -0.226427 0.269912 0.276321 0.922385 0.381246 0.31622 -0.384862 0.867114 0.400795 -0.930002 -0.306262 0.203222 -0.504304 0.187352 -0.87068 -0.454769 0.485867 
1533550410880 0.101995 0.944345 -0.312746 -0.603872 -0.957468 0.178492 0.226707 -0.226427 0.269912 0.276321 0.922385 0.381246 0.31622 -0.384862 0.867114 0.400795 -0.930002 -0.306262 0.203222 -0.504304 0.187352 -0.87068 -0.454769 0.485867 
1533550410890 0.101995 0.944345 -0.312746 -0.603872 -0.957468 0.178492 0.226707 -0.226427 0.269912 0.276321 0.922385 0.381246 0.31622 -0.384862 0.867114 0.400795 -0.930002 -0.306262 0.203222 -0.504304 0.187352 -0.87068 -0.454769 0.485867 
1533550410900 0.101995 0.944345 -0.312746 -0.603872 -0.957468 0.178492 0.226707 -0.226427 0.269912 0.276321 0.922385 0.381246 0.31622 -0.384862 0.867114 0.400795 -0.930002 -0.306262 0.203222 -0.504304 0.187352 -0.87068 -0.454769 0.485867 
1533550410910 0.101995 0.944345 -0.312746 -0.603872 -0.957468 0.178492 0.226707 -0.226427 0.269912 0.276321 0.922385 0.381246 0.31622 -0.384862 0.867114 0.400795 -0.930002 -0.306262 0.203222 -0.504304 0.187352 -0.87068 -0.454769 0.485867 
1533550410920 0.101995 0.944345 -0.312746 -0.603872 -0.957468 0.178492 0.226707 -0.226427 0.269912 0.276321 0.922385 0.381246 0.31622 -0.384862 0.867114 0.400795 -0.930002 -0.306262 0.203222 -0.504304 0.187352 -0.87068 -0.454769 0.485867 
1533550410930 0.101995 0.944345 -0.312746 -0.603872 -0.957468 0.178492 0.226707 -0.226427 0.269912 0.276321 0.922385 0.381246 0.31622 -0.384862 0.867114 0.400795 -0.930002 -0.306262 0.203222 -0.504304 0.187352 -0.87068 -0.454769 0.485867 
