1534334549142 0.0965829 0.862213 -0.497253 -0.594941 -0.964682 0.204101 0.166529 -0.232862 0.245073 0.463607 0.851474 0.407839 0.16008 -0.304787 0.938871 0.370831 -0.775623 0.549475 0.310623 -0.528794 -0.61056 -0.777934 -0.14844 0.432481 
1534334549153 0.0994497 0.86186 -0.497299 -0.596495 -0.964132 0.207064 0.166053 -0.232181 0.246088 0.462948 0.85154 0.40798 0.316241 -0.38488 0.867098 0.400864 -0.930001 -0.306251 0.203246 -0.504429 0.187325 -0.870677 -0.454788 0.485926 
1534334549160 0.102316 0.861499 -0.497345 -0.598048 -0.963573 0.210027 0.165577 -0.231499 0.2471 0.462287 0.851606 0.408121 0.316241 -0.38488 0.867098 0.400864 -0.930001 -0.306251 0.203246 -0.504429 0.187325 -0.870677 -0.454788 0.485926 
1534334549480 0.105181 0.861128 -0.497388 -0.599602 -0.963005 0.212987 0.165102 -0.230818 0.248111 0.461622 0.851673 0.408263 0.316241 -0.38488 0.867098 0.400864 -0.930001 -0.306251 0.203246 -0.504429 0.187325 -0.870677 -0.454788 0.485926 
1534334549697 0.108044 0.860749 -0.497431 -0.601156 -0.962427 0.215945 0.164626 -0.230136 0.24912 0.460954 0.85174 0.408404 0.316241 -0.38488 0.867098 0.400864 -0.930001 -0.306251 0.203246 -0.504429 0.187325 -0.870677 -0.454788 0.485926 
1534334549933 0.110907 0.860361 -0.497472 -0.602709 -0.96184 0.218902 0.16415 -0.229455 0.250126 0.460283 0.851808 0.408545 0.316241 -0.38488 0.867098 0.400864 -0.930001 -0.306251 0.203246 -0.504429 0.187325 -0.870677 -0.454788 0.485926 
1534334550163 0.113768 0.859965 -0.497512 -0.604263 -0.961244 0.221856 0.163675 -0.228773 0.251131 0.459609 0.851876 0.408686 0.316241 -0.38488 0.867098 0.400864 -0.930001 -0.306251 0.203246 -0.504429 0.187325 -0.870677 -0.454788 0.485926 
1534334550388 0.116628 0.859559 -0.49755 -0.605816 -0.960639 0.224809 0.163199 -0.228092 0.252133 0.458932 0.851945 0.408828 0.316241 -0.38488 0.867098 0.400864 -0.930001 -0.306251 0.203246 -0.504429 0.187325 -0.870677 -0.454788 0.485926 
1534334550620 0.119486 0.859145 -0.497587 -0.60737 -0.960024 0.22776 0.162723 -0.227411 0.253133 0.458252 0.852014 0.408969 0.316241 -0.38488 0.867098 0.400864 -0.930001 -0.306251 0.203246 -0.504429 0.187325 -0.870677 -0.454788 0.485926 
1534334550879 0.122351 0.85872 -0.497625 -0.608805 -0.959399 0.230716 0.162243 -0.226676 0.254132 0.457571 0.852083 0.40912 0.316531 -0.385118 0.866887 0.401814 -0.929976 -0.306103 0.20358 -0.50615 0.186955 -0.870623 -0.455042 0.486735 
1534334551108 0.121698 0.858837 -0.497583 -0.608316 -0.959532 0.230055 0.162399 -0.227052 0.253946 0.457683 0.852079 0.409086 0.316531 -0.385118 0.866887 0.401814 -0.929976 -0.306103 0.20358 -0.50615 0.186955 -0.870623 -0.455042 0.486735 
1534334551114 0.122397 0.858988 -0.49715 -0.608515 -0.959432 0.230596 0.162219 -0.226972 0.253985 0.457127 0.852365 0.408957 0.316221 -0.384863 0.867113 0.400797 -0.930002 -0.306262 0.203223 -0.504308 0.187351 -0.87068 -0.45477 0.485869 
1534334551121 0.123096 0.85914 -0.496716 -0.608715 -0.959333 0.231136 0.16204 -0.226892 0.254024 0.456569 0.852653 0.408828 0.316221 -0.384863 0.867113 0.400797 -0.930002 -0.306262 0.203223 -0.504308 0.187351 -0.87068 -0.45477 0.485869 
1534334551243 0.123796 0.85929 -0.496281 -0.608914 -0.959232 0.231677 0.161861 -0.226812 0.254063 0.456011 0.85294 0.408698 0.316221 -0.384863 0.867113 0.400797 -0.930002 -0.306262 0.203223 -0.504308 0.187351 -0.87068 -0.45477 0.485869 
1534334551290 0.124495 0.85944 -0.495847 -0.609113 -0.959132 0.232218 0.161683 -0.226732 0.254101 0.455453 0.853226 0.408569 0.316221 -0.384863 0.867113 0.400797 -0.930002 -0.306262 0.203223 -0.504308 0.187351 -0.87068 -0.45477 0.485869 
1534334551297 0.125195 0.859589 -0.495412 -0.609313 -0.959031 0.232759 0.161504 -0.226652 0.254139 0.454896 0.853512 0.40844 0.316221 -0.384863 0.867113 0.400797 -0.930002 -0.306262 0.203223 -0.504308 0.187351 -0.87068 -0.45477 0.485869 
1534334551424 0.125894 0.859738 -0.494976 -0.609512 -0.958929 0.233299 0.161327 -0.226572 0.254176 0.454337 0.853799 0.408311 0.316221 -0.384863 0.867113 0.400797 -0.930002 -0.306262 0.203223 -0.504308 0.187351 -0.87068 -0.45477 0.485869 
1534334551431 0.126594 0.859886 -0.494541 -0.609711 -0.958827 0.233841 0.161149 -0.226492 0.254213 0.453779 0.854084 0.408182 0.316221 -0.384863 0.867113 0.400797 -0.930002 -0.306262 0.203223 -0.504308 0.187351 -0.87068 -0.45477 0.485869 
1534334551567 0.127293 0.860033 -0.494105 -0.609911 -0.958725 0.234381 0.160971 -0.226413 0.25425 0.453221 0.85437 0.408052 0.316221 -0.384863 0.867113 0.400797 -0.930002 -0.306262 0.203223 -0.504308 0.187351 -0.87068 -0.45477 0.485869 
1534334551615 0.127992 0.860179 -0.493669 -0.61011 -0.958622 0.234922 0.160794 -0.226333 0.254286 0.452662 0.854655 0.407923 0.316221 -0.384863 0.867113 0.400797 -0.930002 -0.306262 0.203223 -0.504308 0.187351 -0.87068 -0.45477 0.485869 
1534334551726 0.127205 0.859996 -0.494192 -0.609902 -0.958743 0.234311 0.160969 -0.226324 0.254227 0.453327 0.854321 0.408056 0.316221 -0.384863 0.867113 0.400797 -0.930002 -0.306262 0.203223 -0.504308 0.187351 -0.87068 -0.45477 0.485869 
1534334551735 0.12723 0.860325 -0.493613 -0.609946 -0.958584 0.234501 0.161638 -0.226371 0.254814 0.452604 0.854529 0.407973 0.31622 -0.384863 0.867113 0.400795 -0.930002 -0.306262 0.203222 -0.504304 0.187352 -0.87068 -0.454769 0.485867 
1534334551752 0.127256 0.860654 -0.493032 -0.609995 -0.958424 0.234691 0.162307 -0.22642 0.2554 0.451879 0.854737 0.407889 0.31622 -0.384863 0.867113 0.400795 -0.930002 -0.306262 0.203222 -0.504304 0.187351 -0.87068 -0.454769 0.485867 
1534334551859 0.127282 0.860983 -0.492451 -0.610044 -0.958264 0.23488 0.162976 -0.226469 0.255986 0.451154 0.854945 0.407805 0.31622 -0.384863 0.867113 0.400795 -0.930002 -0.306262 0.203222 -0.504304 0.187351 -0.87068 -0.454769 0.485867 
1534334551901 0.127309 0.861311 -0.49187 -0.610093 -0.958104 0.235069 0.163645 -0.226518 0.256573 0.450429 0.855151 0.407722 0.31622 -0.384863 0.867113 0.400795 -0.930002 -0.306262 0.203222 -0.504304 0.187351 -0.87068 -0.454769 0.485867 
1534334551974 0.127336 0.861638 -0.491289 -0.610141 -0.957943 0.235257 0.164314 -0.226566 0.257159 0.449704 0.855357 0.407638 0.31622 -0.384863 0.867113 0.400795 -0.930002 -0.306262 0.203222 -0.504304 0.187351 -0.87068 -0.454769 0.485867 
1534334552032 0.127364 0.861965 -0.490708 -0.610191 -0.957782 0.235445 0.164983 -0.226615 0.257745 0.448979 0.855562 0.407554 0.31622 -0.384863 0.867113 0.400795 -0.930002 -0.306262 0.203222 -0.504304 0.187351 -0.87068 -0.454769 0.485867 
1534334552038 0.127391 0.862292 -0.490127 -0.610239 -0.95762 0.235632 0.165653 -0.226664 0.25833 0.448252 0.855766 0.407471 0.31622 -0.384863 0.867113 0.400795 -0.930002 -0.306262 0.203222 -0.504304 0.187351 -0.87068 -0.454769 0.485867 
1534334552089 0.12742 0.862618 -0.489545 -0.610287 -0.957459 0.235818 0.166322 -0.226712 0.258916 0.447526 0.855969 0.407387 0.31622 -0.384863 0.867113 0.400795 -0.930002 -0.306262 0.203222 -0.504304 0.187351 -0.87068 -0.454769 0.485867 
1534334552203 0.127449 0.862944 -0.488963 -0.610337 -0.957296 0.236004 0.166991 -0.226762 0.259501 0.4468 0.856171 0.407303 0.31622 -0.384863 0.867113 0.400795 -0.930002 -0.306262 0.203222 -0.504304 0.187351 -0.87068 -0.454769 0.485867 
1534334552268 0.127342 0.862573 -0.489645 -0.610249 -0.957562 0.235608 0.166021 -0.226654 0.25857 0.447724 0.85597 0.40752 0.31622 -0.384863 0.867113 0.400795 -0.930002 -0.306262 0.203222 -0.504304 0.187351 -0.87068 -0.454769 0.485867 
1534334552280 0.126984 0.86257 -0.489742 -0.610214 -0.957617 0.235305 0.166138 -0.226783 0.258545 0.447888 0.855892 0.407528 0.31622 -0.384863 0.867113 0.400795 -0.930002 -0.306262 0.203222 -0.504304 0.187351 -0.87068 -0.454769 0.485867 
1534334552297 0.126625 0.862567 -0.489841 -0.610181 -0.957671 0.235001 0.166256 -0.226913 0.25852 0.448054 0.855812 0.407536 0.31622 -0.384863 0.867113 0.400795 -0.930002 -0.306262 0.203222 -0.504304 0.187351 -0.87068 -0.454769 0.485867 
1534334552421 0.126266 0.862564 -0.489939 -0.610149 -0.957725 0.234697 0.166374 -0.227044 0.258495 0.44822 0.855733 0.407545 0.31622 -0.384863 0.867113 0.400795 -0.930002 -0.306262 0.203222 -0.504304 0.187351 -0.87068 -0.454769 0.485867 
1534334552445 0.125906 0.862561 -0.490037 -0.610118 -0.957779 0.234392 0.166492 -0.227175 0.25847 0.448385 0.855654 0.407553 0.31622 -0.384863 0.867113 0.400795 -0.930002 -0.306262 0.203222 -0.504304 0.187351 -0.87068 -0.454769 0.485867 
1534334552529 0.125547 0.862557 -0.490136 -0.610087 -0.957833 0.234088 0.166609 -0.227306 0.258445 0.448551 0.855575 0.407561 0.31622 -0.384863 0.867113 0.400795 -0.930002 -0.306262 0.203222 -0.504304 0.187351 -0.87068 -0.454769 0.485867 
1534334552572 0.125188 0.862554 -0.490234 -0.610055 -0.957887 0.233784 0.166727 -0.227436 0.25842 0.448716 0.855496 0.407569 0.31622 -0.384863 0.867113 0.400795 -0.930002 -0.306262 0.203222 -0.504304 0.187351 -0.87068 -0.454769 0.485867 
1534334552617 0.124829 0.86255 -0.490332 -0.610022 -0.957941 0.23348 0.166845 -0.227567 0.258395 0.448882 0.855417 0.407578 0.31622 -0.384863 0.867113 0.400795 -0.930002 -0.306262 0.203222 -0.504304 0.187351 -0.87068 -0.454769 0.485867 
1534334552623 0.124469 0.862546 -0.49043 -0.609992 -0.957994 0.233175 0.166963 -0.227698 0.258369 0.449047 0.855337 0.407586 0.31622 -0.384863 0.867113 0.400795 -0.930002 -0.306262 0.203222 -0.504304 0.187351 -0.87068 -0.454769 0.485867 
1534334552679 0.12411 0.862542 -0.490528 -0.60996 -0.958048 0.232871 0.167081 -0.227828 0.258344 0.449213 0.855258 0.407594 0.31622 -0.384863 0.867113 0.400795 -0.930002 -0.306262 0.203222 -0.504304 0.187351 -0.87068 -0.454769 0.485867 
1534334552795 0.124918 0.862536 -0.490334 -0.609978 -0.957952 0.233517 0.166726 -0.227694 0.258308 0.448889 0.855439 0.407589 0.31622 -0.384863 0.867113 0.400795 -0.930002 -0.306262 0.203222 -0.504304 0.187351 -0.87068 -0.454769 0.485867 
1534334552809 0.124394 0.862361 -0.490775 -0.60987 -0.958056 0.233086 0.166731 -0.227862 0.258175 0.44945 0.855185 0.407629 0.31622 -0.384863 0.867113 0.400795 -0.930002 -0.306262 0.203222 -0.504304 0.187351 -0.87068 -0.454769 0.485867 
1534334552825 0.12383 0.862172 -0.49125 -0.609743 -0.95816 0.232635 0.166763 -0.228081 0.25806 0.450046 0.854906 0.40767 0.31622 -0.384863 0.867113 0.400795 -0.930002 -0.306262 0.203222 -0.504304 0.187351 -0.87068 -0.454769 0.485867 
1534334552847 0.123266 0.861982 -0.491724 -0.609616 -0.958264 0.232184 0.166795 -0.228301 0.257945 0.450641 0.854627 0.407711 0.31622 -0.384863 0.867113 0.400795 -0.930002 -0.306262 0.203222 -0.504304 0.187351 -0.87068 -0.454769 0.485867 
1534334552983 0.122702 0.861792 -0.492198 -0.60949 -0.958368 0.231733 0.166828 -0.22852 0.257829 0.451237 0.854347 0.407751 0.31622 -0.384863 0.867113 0.400795 -0.930002 -0.306262 0.203222 -0.504304 0.187351 -0.87068 -0.454769 0.485867 
1534334553036 0.122138 0.861601 -0.492672 -0.609364 -0.958471 0.231282 0.16686 -0.228739 0.257713 0.451832 0.854068 0.407792 0.31622 -0.384863 0.867113 0.400795 -0.930002 -0.306262 0.203222 -0.504304 0.187351 -0.87068 -0.454769 0.485867 
1534334553042 0.121574 0.86141 -0.493146 -0.609237 -0.958574 0.230831 0.166893 -0.228959 0.257597 0.452427 0.853788 0.407832 0.31622 -0.384863 0.867113 0.400795 -0.930002 -0.306262 0.203222 -0.504304 0.187351 -0.87068 -0.454769 0.485867 
1534334553181 0.12101 0.861218 -0.49362 -0.60911 -0.958677 0.23038 0.166926 -0.229178 0.25748 0.453022 0.853508 0.407874 0.31622 -0.384863 0.867113 0.400795 -0.930002 -0.306262 0.203222 -0.504304 0.187351 -0.87068 -0.454769 0.485867 
1534334553261 0.120446 0.861026 -0.494093 -0.608983 -0.958779 0.229928 0.166959 -0.229398 0.257362 0.453616 0.853227 0.407914 0.31622 -0.384863 0.867113 0.400795 -0.930002 -0.306262 0.203222 -0.504304 0.187351 -0.87068 -0.454769 0.485867 
1534334553347 0.119882 0.860833 -0.494566 -0.608857 -0.958881 0.229477 0.166993 -0.229617 0.257245 0.454211 0.852947 0.407955 0.31622 -0.384863 0.867113 0.400795 -0.930002 -0.306262 0.203222 -0.504304 0.187351 -0.87068 -0.454769 0.485867 
1534334553441 0.120455 0.86104 -0.494065 -0.608993 -0.958756 0.22997 0.167035 -0.229355 0.257444 0.453568 0.853229 0.407886 0.31622 -0.384863 0.867113 0.400795 -0.930002 -0.306262 0.203222 -0.504304 0.187351 -0.87068 -0.454769 0.485867 
1534334553454 0.120114 0.861099 -0.494046 -0.608714 -0.958791 0.229686 0.167226 -0.229471 0.257473 0.453601 0.853202 0.407886 0.31622 -0.384863 0.867113 0.400795 -0.930002 -0.306262 0.203222 -0.504304 0.187351 -0.87068 -0.45477 0.485867 
1534334553470 0.119774 0.861156 -0.494028 -0.608429 -0.958825 0.229402 0.167417 -0.229585 0.257503 0.453635 0.853175 0.407886 0.31622 -0.384863 0.867113 0.400795 -0.930002 -0.306262 0.203222 -0.504304 0.187351 -0.87068 -0.45477 0.485867 
1534334553477 0.119433 0.861214 -0.49401 -0.608146 -0.95886 0.229118 0.167608 -0.2297 0.257533 0.453668 0.853148 0.407886 0.31622 -0.384863 0.867113 0.400795 -0.930002 -0.306262 0.203222 -0.504304 0.187351 -0.87068 -0.45477 0.485867 
1534334553628 0.119093 0.861272 -0.493992 -0.607862 -0.958894 0.228835 0.167799 -0.229814 0.257563 0.453702 0.853121 0.407886 0.31622 -0.384863 0.867113 0.400795 -0.930002 -0.306262 0.203222 -0.504304 0.187351 -0.87068 -0.45477 0.485867 
1534334553637 0.118753 0.861329 -0.493973 -0.607579 -0.958928 0.228552 0.16799 -0.229928 0.257593 0.453736 0.853094 0.407886 0.31622 -0.384863 0.867113 0.400795 -0.930002 -0.306262 0.203222 -0.504304 0.187351 -0.87068 -0.45477 0.485867 
1534334553680 0.118412 0.861387 -0.493955 -0.607294 -0.958962 0.228268 0.168182 -0.230042 0.257623 0.453769 0.853067 0.407886 0.31622 -0.384863 0.867113 0.400795 -0.930002 -0.306262 0.203222 -0.504304 0.187351 -0.87068 -0.45477 0.485867 
1534334553814 0.118072 0.861444 -0.493936 -0.607011 -0.958996 0.227984 0.168373 -0.230157 0.257653 0.453803 0.85304 0.407886 0.31622 -0.384863 0.867113 0.400795 -0.930002 -0.306262 0.203222 -0.504304 0.187351 -0.87068 -0.45477 0.485867 
1534334553847 0.117731 0.861501 -0.493918 -0.606728 -0.95903 0.227701 0.168564 -0.230271 0.257683 0.453837 0.853013 0.407886 0.31622 -0.384863 0.867113 0.400795 -0.930002 -0.306262 0.203222 -0.504304 0.187351 -0.87068 -0.45477 0.485867 
1534334553974 0.11739 0.861558 -0.493899 -0.606445 -0.959064 0.227417 0.168755 -0.230386 0.257713 0.453871 0.852986 0.407886 0.31622 -0.384863 0.867113 0.400795 -0.930002 -0.306262 0.203222 -0.504304 0.187351 -0.87068 -0.45477 0.485867 
1534334554036 0.117938 0.861522 -0.493832 -0.606829 -0.95902 0.227836 0.168439 -0.230228 0.257626 0.453729 0.853088 0.407927 0.31622 -0.384863 0.867113 0.400795 -0.930002 -0.306262 0.203222 -0.504304 0.187351 -0.87068 -0.45477 0.485867 
1534334554048 0.117779 0.861636 -0.493672 -0.606558 -0.95914 0.227489 0.168221 -0.230281 0.25725 0.453688 0.853223 0.407971 0.31622 -0.384863 0.867113 0.400795 -0.930002 -0.306262 0.203222 -0.504304 0.187351 -0.87068 -0.45477 0.485867 
1534334554065 0.117615 0.861748 -0.493515 -0.606279 -0.959262 0.227138 0.168004 -0.230333 0.256873 0.45365 0.853357 0.408015 0.31622 -0.384863 0.867113 0.400795 -0.930002 -0.306262 0.203222 -0.504304 0.187351 -0.87068 -0.45477 0.485867 
1534334554119 0.117451 0.861861 -0.493357 -0.605999 -0.959383 0.226788 0.167787 -0.230384 0.256496 0.453612 0.85349 0.408059 0.31622 -0.384863 0.867113 0.400795 -0.930002 -0.306262 0.203222 -0.504304 0.187351 -0.87068 -0.45477 0.485867 
1534334554219 0.117286 0.861973 -0.4932 -0.605719 -0.959503 0.226436 0.16757 -0.230436 0.256119 0.453574 0.853624 0.408103 0.31622 -0.384863 0.867113 0.400795 -0.930002 -0.306262 0.203222 -0.504304 0.187351 -0.87068 -0.45477 0.485867 
1534334554280 0.117122 0.862085 -0.493043 -0.605441 -0.959624 0.226086 0.167352 -0.230488 0.255742 0.453535 0.853757 0.408147 0.31622 -0.384863 0.867113 0.400795 -0.930002 -0.306262 0.203222 -0.504304 0.187351 -0.87068 -0.45477 0.485867 
1534334554379 0.116958 0.862197 -0.492886 -0.60516 -0.959745 0.225735 0.167135 -0.23054 0.255365 0.453497 0.853891 0.408191 0.31622 -0.384863 0.867113 0.400795 -0.930002 -0.306262 0.203222 -0.504304 0.187351 -0.87068 -0.45477 0.485867 
1534334554446 0.116794 0.862309 -0.492729 -0.604882 -0.959865 0.225384 0.166917 -0.230592 0.254987 0.453458 0.854024 0.408235 0.31622 -0.384863 0.867113 0.400795 -0.930002 -0.306262 0.203222 -0.504304 0.187351 -0.87068 -0.45477 0.485867 
1534334554549 0.116629 0.862421 -0.492572 -0.604601 -0.959985 0.225033 0.166699 -0.230643 0.25461 0.45342 0.854157 0.408279 0.31622 -0.384863 0.867113 0.400795 -0.930002 -0.306262 0.203222 -0.504304 0.187351 -0.87068 -0.45477 0.485867 
1534334554610 0.116464 0.862533 -0.492415 -0.604322 -0.960105 0.224682 0.166482 -0.230695 0.254233 0.453381 0.85429 0.408323 0.31622 -0.384863 0.867113 0.400795 -0.930002 -0.306262 0.203222 -0.504304 0.187351 -0.87068 -0.45477 0.485867 
1534334554729 0.11664 0.862384 -0.492635 -0.604658 -0.959966 0.225087 0.166739 -0.230619 0.254678 0.453464 0.854113 0.408287 0.31622 -0.384863 0.867113 0.400795 -0.930002 -0.306262 0.203222 -0.504304 0.187351 -0.87068 -0.45477 0.485867 
1534334554740 0.11629 0.862305 -0.492857 -0.604443 -0.959962 0.22491 0.167 -0.230649 0.254853 0.453703 0.853934 0.408305 0.31622 -0.384863 0.867113 0.400795 -0.930002 -0.306262 0.203222 -0.504304 0.187351 -0.87068 -0.45477 0.485867 
1534334554761 0.115941 0.862225 -0.493078 -0.604224 -0.959958 0.224734 0.167261 -0.230677 0.255028 0.453941 0.853755 0.408324 0.31622 -0.384863 0.867113 0.400795 -0.930002 -0.306262 0.203222 -0.504304 0.187351 -0.87068 -0.45477 0.485867 
1534334554768 0.115592 0.862145 -0.493299 -0.604005 -0.959953 0.224558 0.167522 -0.230705 0.255203 0.45418 0.853576 0.408343 0.31622 -0.384863 0.867113 0.400795 -0.930002 -0.306262 0.203222 -0.504304 0.187351 -0.87068 -0.45477 0.485867 
1534334554774 0.115244 0.862065 -0.49352 -0.603787 -0.959949 0.224383 0.167783 -0.230734 0.255377 0.454418 0.853397 0.408361 0.31622 -0.384863 0.867113 0.400795 -0.930002 -0.306262 0.203222 -0.504304 0.187351 -0.87068 -0.45477 0.485867 
1534334554780 0.114895 0.861985 -0.493741 -0.603568 -0.959944 0.224207 0.168044 -0.230762 0.255552 0.454656 0.853218 0.40838 0.31622 -0.384863 0.867113 0.400795 -0.930002 -0.306262 0.203222 -0.504304 0.187351 -0.87068 -0.45477 0.485867 
1534334554974 0.114546 0.861905 -0.493962 -0.60335 -0.959939 0.224032 0.168305 -0.230791 0.255726 0.454895 0.853039 0.408398 0.31622 -0.384863 0.867113 0.400795 -0.930002 -0.306262 0.203222 -0.504304 0.187351 -0.87068 -0.45477 0.485867 
1534334555012 0.114197 0.861825 -0.494182 -0.60313 -0.959934 0.223856 0.168567 -0.230819 0.255901 0.455133 0.852859 0.408417 0.31622 -0.384863 0.867113 0.400795 -0.930002 -0.306262 0.203222 -0.504304 0.187351 -0.87068 -0.45477 0.485867 
1534334555018 0.113849 0.861745 -0.494403 -0.602911 -0.959929 0.223681 0.168828 -0.230847 0.256075 0.455371 0.85268 0.408435 0.31622 -0.384863 0.867113 0.400795 -0.930002 -0.306262 0.203222 -0.504304 0.187351 -0.87068 -0.45477 0.485867 
1534334555127 0.1135 0.861664 -0.494623 -0.602693 -0.959924 0.223505 0.169089 -0.230876 0.256249 0.455609 0.8525 0.408454 0.31622 -0.384863 0.867113 0.400795 -0.930002 -0.306262 0.203222 -0.504304 0.187351 -0.87068 -0.45477 0.485867 
1534334555295 0.113897 0.861818 -0.494264 -0.60301 -0.959934 0.223677 0.168807 -0.230785 0.256036 0.455234 0.852765 0.408444 0.31622 -0.384863 0.867113 0.400795 -0.930002 -0.306262 0.203222 -0.504304 0.187351 -0.87068 -0.45477 0.485867 
1534334555312 0.113614 0.861862 -0.494253 -0.602856 -0.959896 0.223558 0.16918 -0.230825 0.256304 0.45521 0.852697 0.408471 0.31622 -0.384863 0.867113 0.400795 -0.930002 -0.306262 0.203222 -0.504304 0.187351 -0.87068 -0.45477 0.485867 
1534334555324 0.113332 0.861904 -0.494244 -0.6027 -0.959858 0.223439 0.169553 -0.230865 0.256572 0.455188 0.852628 0.408497 0.31622 -0.384863 0.867113 0.400795 -0.930002 -0.306262 0.203222 -0.504304 0.187351 -0.87068 -0.45477 0.485867 
1534334555341 0.113049 0.861947 -0.494234 -0.602543 -0.95982 0.22332 0.169926 -0.230904 0.256839 0.455165 0.85256 0.408524 0.31622 -0.384863 0.867113 0.400795 -0.930002 -0.306262 0.203222 -0.504304 0.187351 -0.87068 -0.45477 0.485867 
1534334555358 0.112766 0.86199 -0.494224 -0.602385 -0.959781 0.2232 0.170299 -0.230942 0.257107 0.455143 0.852491 0.408551 0.31622 -0.384863 0.867113 0.400795 -0.930002 -0.306262 0.203222 -0.504304 0.187351 -0.87068 -0.45477 0.485867 
1534334555435 0.112483 0.862033 -0.494213 -0.602226 -0.959743 0.223081 0.170672 -0.230981 0.257374 0.45512 0.852423 0.408578 0.31622 -0.384863 0.867113 0.400795 -0.930002 -0.306262 0.203222 -0.504304 0.187351 -0.87068 -0.45477 0.485867 
1534334555441 0.1122 0.862076 -0.494203 -0.60207 -0.959704 0.222962 0.171044 -0.23102 0.257641 0.455098 0.852354 0.408604 0.31622 -0.384863 0.867113 0.400795 -0.930002 -0.306262 0.203222 -0.504304 0.187351 -0.87068 -0.45477 0.485867 
1534334555533 0.111918 0.862118 -0.494193 -0.601913 -0.959665 0.222842 0.171417 -0.231059 0.257909 0.455075 0.852285 0.408631 0.31622 -0.384863 0.867113 0.400795 -0.930002 -0.306262 0.203222 -0.504304 0.187351 -0.87068 -0.45477 0.485867 
1534334555540 0.111634 0.862161 -0.494182 -0.601754 -0.959626 0.222723 0.17179 -0.231097 0.258176 0.455053 0.852216 0.408658 0.31622 -0.384863 0.867113 0.400795 -0.930002 -0.306262 0.203222 -0.504304 0.187351 -0.87068 -0.45477 0.485867 
1534334555589 0.111352 0.862204 -0.494172 -0.601597 -0.959587 0.222604 0.172163 -0.231136 0.258444 0.45503 0.852147 0.408685 0.31622 -0.384863 0.867113 0.400795 -0.930002 -0.306262 0.203222 -0.504304 0.187351 -0.87068 -0.45477 0.485867 
1534334555663 0.112103 0.862106 -0.494172 -0.602008 -0.959673 0.222947 0.171238 -0.231017 0.257799 0.455047 0.852333 0.408686 0.31622 -0.384863 0.867113 0.400795 -0.930002 -0.306262 0.203222 -0.504304 0.187351 -0.87068 -0.45477 0.485867 
1534334555674 0.111776 0.861989 -0.494451 -0.601856 -0.959671 0.222791 0.171454 -0.231026 0.25795 0.455346 0.852128 0.408679 0.31622 -0.384863 0.867113 0.400795 -0.930002 -0.306262 0.203222 -0.504304 0.187351 -0.87068 -0.45477 0.485867 
1534334555690 0.11145 0.861871 -0.494729 -0.601699 -0.959668 0.222637 0.171669 -0.231032 0.258101 0.455643 0.851923 0.408673 0.31622 -0.384863 0.867113 0.400795 -0.930002 -0.306262 0.203222 -0.504304 0.187351 -0.87068 -0.45477 0.485867 
1534334555707 0.111123 0.861754 -0.495007 -0.601543 -0.959665 0.222482 0.171884 -0.231039 0.258252 0.455941 0.851718 0.408666 0.31622 -0.384863 0.867113 0.400795 -0.930002 -0.306262 0.203222 -0.504304 0.187351 -0.87068 -0.45477 0.485867 
1534334555724 0.110797 0.861636 -0.495285 -0.601388 -0.959663 0.222328 0.172099 -0.231046 0.258402 0.456239 0.851513 0.40866 0.31622 -0.384863 0.867113 0.400795 -0.930002 -0.306262 0.203222 -0.504304 0.187351 -0.87068 -0.45477 0.485867 
1534334555868 0.11047 0.861518 -0.495563 -0.601231 -0.95966 0.222173 0.172314 -0.231053 0.258553 0.456536 0.851308 0.408653 0.31622 -0.384863 0.867113 0.400795 -0.930002 -0.306262 0.203222 -0.504304 0.187351 -0.87068 -0.45477 0.485867 
1534334555900 0.110143 0.8614 -0.49584 -0.601076 -0.959657 0.222019 0.17253 -0.23106 0.258703 0.456834 0.851103 0.408647 0.31622 -0.384863 0.867113 0.400795 -0.930002 -0.306262 0.203222 -0.504304 0.187351 -0.87068 -0.45477 0.485867 
1534334556005 0.109816 0.861283 -0.496118 -0.600919 -0.959654 0.221864 0.172745 -0.231066 0.258853 0.457131 0.850897 0.40864 0.31622 -0.384863 0.867113 0.400795 -0.930002 -0.306262 0.203222 -0.504304 0.187351 -0.87068 -0.45477 0.485867 
1534334556056 0.10949 0.861164 -0.496395 -0.600763 -0.959651 0.22171 0.172961 -0.231073 0.259003 0.457428 0.850692 0.408634 0.31622 -0.384863 0.867113 0.400795 -0.930002 -0.306262 0.203222 -0.504304 0.187351 -0.87068 -0.45477 0.485867 
1534334556116 0.109163 0.861046 -0.496672 -0.600608 -0.959647 0.221556 0.173176 -0.23108 0.259153 0.457726 0.850486 0.408627 0.31622 -0.384863 0.867113 0.400795 -0.930002 -0.306262 0.203222 -0.504304 0.187351 -0.87068 -0.45477 0.485867 
1534334556183 0.109703 0.861277 -0.496152 -0.600912 -0.959664 0.221778 0.172797 -0.230995 0.258862 0.457183 0.850867 0.408637 0.31622 -0.384863 0.867113 0.400795 -0.930002 -0.306262 0.203222 -0.504304 0.187351 -0.87068 -0.45477 0.485867 
1534334556195 0.10954 0.861329 -0.496098 -0.600814 -0.959661 0.221665 0.172959 -0.23103 0.258942 0.45714 0.850865 0.408621 0.31622 -0.384863 0.867113 0.400795 -0.930002 -0.306262 0.203222 -0.504304 0.187351 -0.87068 -0.45477 0.485867 
1534334556211 0.109378 0.86138 -0.496044 -0.60071 -0.959658 0.221553 0.173121 -0.231064 0.259023 0.457097 0.850864 0.408605 0.31622 -0.384863 0.867113 0.400795 -0.930002 -0.306262 0.203222 -0.504304 0.187351 -0.87068 -0.45477 0.485867 
1534334556228 0.109215 0.861432 -0.495991 -0.600607 -0.959655 0.22144 0.173283 -0.231097 0.259104 0.457055 0.850862 0.408589 0.31622 -0.384863 0.867113 0.400795 -0.930002 -0.306262 0.203222 -0.504304 0.187351 -0.87068 -0.45477 0.485867 
1534334556234 0.109053 0.861483 -0.495938 -0.600503 -0.959651 0.221328 0.173445 -0.23113 0.259185 0.457013 0.85086 0.408574 0.31622 -0.384863 0.867113 0.400795 -0.930002 -0.306262 0.203222 -0.504304 0.187351 -0.87068 -0.45477 0.485867 
1534334556249 0.108891 0.861534 -0.495885 -0.600401 -0.959648 0.221216 0.173606 -0.231164 0.259266 0.45697 0.850858 0.408558 0.31622 -0.384863 0.867113 0.400795 -0.930002 -0.306262 0.203222 -0.504304 0.187351 -0.87068 -0.45477 0.485867 
1534334556351 0.108728 0.861586 -0.495831 -0.600297 -0.959645 0.221104 0.173768 -0.231196 0.259346 0.456928 0.850856 0.408542 0.31622 -0.384863 0.867113 0.400795 -0.930002 -0.306262 0.203222 -0.504304 0.187351 -0.87068 -0.45477 0.485867 
1534334556368 0.108565 0.861637 -0.495778 -0.600195 -0.959641 0.220992 0.17393 -0.23123 0.259427 0.456886 0.850854 0.408526 0.31622 -0.384863 0.867113 0.400795 -0.930002 -0.306262 0.203222 -0.504304 0.187351 -0.87068 -0.45477 0.485867 
1534334556385 0.108403 0.861688 -0.495724 -0.600092 -0.959638 0.220879 0.174092 -0.231264 0.259508 0.456844 0.850852 0.40851 0.31622 -0.384863 0.867113 0.400795 -0.930002 -0.306262 0.203222 -0.504304 0.187351 -0.87068 -0.45477 0.485867 
1534334556401 0.10824 0.861739 -0.495671 -0.599988 -0.959634 0.220767 0.174254 -0.231296 0.259589 0.456801 0.85085 0.408495 0.31622 -0.384863 0.867113 0.400795 -0.930002 -0.306262 0.203222 -0.504304 0.187351 -0.87068 -0.45477 0.485867 
1534334556452 0.109163 0.861509 -0.495869 -0.600394 -0.959609 0.221462 0.173508 -0.231255 0.259294 0.4569 0.850887 0.408553 0.31622 -0.384863 0.867113 0.400795 -0.930002 -0.306262 0.203222 -0.504304 0.187351 -0.87068 -0.45477 0.485867 
1534334556463 0.109055 0.861521 -0.495871 -0.600298 -0.959634 0.221347 0.173517 -0.231279 0.259248 0.456932 0.850884 0.408556 0.31622 -0.384863 0.867113 0.400795 -0.930002 -0.306262 0.203222 -0.504304 0.187351 -0.87068 -0.45477 0.485867 
1534334556479 0.108948 0.861533 -0.495875 -0.6002 -0.959659 0.221233 0.173525 -0.231302 0.259201 0.456965 0.85088 0.408559 0.31622 -0.384863 0.867113 0.400795 -0.930002 -0.306262 0.203222 -0.504304 0.187351 -0.87068 -0.45477 0.485867 
1534334556486 0.10884 0.861545 -0.495878 -0.600101 -0.959684 0.221118 0.173533 -0.231324 0.259154 0.456998 0.850877 0.408562 0.31622 -0.384863 0.867113 0.400795 -0.930002 -0.306262 0.203222 -0.504304 0.187351 -0.87068 -0.45477 0.485867 
1534334556500 0.108732 0.861557 -0.495881 -0.600001 -0.959709 0.221003 0.173541 -0.231346 0.259107 0.457031 0.850874 0.408565 0.31622 -0.384863 0.867113 0.400795 -0.930002 -0.306262 0.203222 -0.504304 0.187351 -0.87068 -0.45477 0.485867 
1534334556513 0.108624 0.861569 -0.495883 -0.599901 -0.959734 0.220888 0.173549 -0.231368 0.259059 0.457064 0.85087 0.408569 0.31622 -0.384863 0.867113 0.400795 -0.930002 -0.306262 0.203222 -0.504304 0.187351 -0.87068 -0.45477 0.485867 
1534334556519 0.108516 0.86158 -0.495886 -0.599802 -0.959759 0.220774 0.173557 -0.23139 0.259012 0.457098 0.850867 0.408572 0.31622 -0.384863 0.867113 0.400795 -0.930002 -0.306262 0.203222 -0.504304 0.187351 -0.87068 -0.45477 0.485867 
1534334556527 0.108408 0.861592 -0.495889 -0.599704 -0.959784 0.220659 0.173566 -0.231413 0.258965 0.457131 0.850864 0.408575 0.31622 -0.384863 0.867113 0.400795 -0.930002 -0.306262 0.203222 -0.504304 0.187351 -0.87068 -0.45477 0.485867 
1534334556570 0.1083 0.861604 -0.495892 -0.599603 -0.959809 0.220544 0.173574 -0.231434 0.258918 0.457164 0.85086 0.408578 0.31622 -0.384863 0.867113 0.400795 -0.930002 -0.306262 0.203222 -0.504304 0.187351 -0.87068 -0.45477 0.485867 
1534334556656 0.108193 0.861616 -0.495895 -0.599504 -0.959833 0.220429 0.173582 -0.231457 0.258871 0.457197 0.850857 0.408581 0.31622 -0.384863 0.867113 0.400795 -0.930002 -0.306262 0.203222 -0.504304 0.187351 -0.87068 -0.45477 0.485867 
1534334556687 0.108648 0.861516 -0.495969 -0.599859 -0.959715 0.220955 0.17357 -0.231377 0.25912 0.45713 0.850816 0.408556 0.31622 -0.384863 0.867113 0.400795 -0.930002 -0.306262 0.203222 -0.504304 0.187351 -0.87068 -0.45477 0.485867 
1534334556700 0.108535 0.861617 -0.495819 -0.599782 -0.959758 0.220773 0.17356 -0.231395 0.259006 0.45703 0.850905 0.408555 0.31622 -0.384863 0.867113 0.400795 -0.930002 -0.306262 0.203222 -0.504304 0.187351 -0.87068 -0.45477 0.485867 
1534334556707 0.108422 0.861717 -0.495669 -0.599701 -0.959802 0.220591 0.17355 -0.231411 0.258891 0.456928 0.850995 0.408555 0.31622 -0.384863 0.867113 0.400795 -0.930002 -0.306262 0.203222 -0.504304 0.187351 -0.87068 -0.45477 0.485867 
1534334556720 0.108309 0.861817 -0.49552 -0.599621 -0.959846 0.220409 0.173539 -0.231427 0.258776 0.456827 0.851084 0.408554 0.31622 -0.384863 0.867113 0.400795 -0.930002 -0.306262 0.203222 -0.504304 0.187351 -0.87068 -0.45477 0.485867 
1534334556737 0.108197 0.861918 -0.49537 -0.599541 -0.95989 0.220227 0.173528 -0.231444 0.258661 0.456725 0.851174 0.408553 0.31622 -0.384863 0.867113 0.400795 -0.930002 -0.306262 0.203222 -0.504304 0.187351 -0.87068 -0.45477 0.485867 
1534334556756 0.108084 0.862018 -0.49522 -0.59946 -0.959933 0.220045 0.173517 -0.23146 0.258546 0.456624 0.851263 0.408553 0.31622 -0.384863 0.867113 0.400795 -0.930002 -0.306262 0.203222 -0.504304 0.187351 -0.87068 -0.45477 0.485867 
1534334556770 0.107971 0.862118 -0.495071 -0.59938 -0.959977 0.219863 0.173506 -0.231477 0.258431 0.456523 0.851352 0.408552 0.31622 -0.384863 0.867113 0.400795 -0.930002 -0.306262 0.203222 -0.504304 0.187351 -0.87068 -0.45477 0.485867 
1534334556787 0.107858 0.862218 -0.494921 -0.599298 -0.960021 0.219681 0.173496 -0.231493 0.258316 0.456422 0.851441 0.408552 0.31622 -0.384863 0.867113 0.400795 -0.930002 -0.306262 0.203222 -0.504304 0.187351 -0.87068 -0.45477 0.485867 
1534334556866 0.107746 0.862318 -0.494772 -0.599218 -0.960064 0.219499 0.173485 -0.231509 0.258201 0.45632 0.85153 0.408551 0.31622 -0.384863 0.867113 0.400795 -0.930002 -0.306262 0.203222 -0.504304 0.187351 -0.87068 -0.45477 0.485867 
1534334556885 0.107633 0.862418 -0.494622 -0.599138 -0.960108 0.219317 0.173474 -0.231526 0.258086 0.456219 0.85162 0.40855 0.31622 -0.384863 0.867113 0.400795 -0.930002 -0.306262 0.203222 -0.504304 0.187351 -0.87068 -0.45477 0.485867 
1534334556908 0.108002 0.862123 -0.495055 -0.59949 -0.959926 0.219971 0.173653 -0.231371 0.258608 0.456461 0.851331 0.408602 0.31622 -0.384863 0.867113 0.400795 -0.930002 -0.306262 0.203222 -0.504304 0.187351 -0.87068 -0.45477 0.485867 
1534334556920 0.107887 0.862217 -0.494917 -0.599425 -0.959966 0.219796 0.173654 -0.231384 0.258508 0.456368 0.851412 0.408608 0.31622 -0.384863 0.867113 0.400795 -0.930002 -0.306262 0.203222 -0.504304 0.187351 -0.87068 -0.45477 0.485867 
1534334556937 0.107772 0.862311 -0.494778 -0.599357 -0.960005 0.219622 0.173654 -0.231397 0.258408 0.456275 0.851492 0.408613 0.31622 -0.384863 0.867113 0.400795 -0.930002 -0.306262 0.203222 -0.504304 0.187351 -0.87068 -0.45477 0.485867 
1534334556953 0.107658 0.862404 -0.49464 -0.599289 -0.960045 0.219448 0.173654 -0.231409 0.258308 0.456181 0.851572 0.408619 0.31622 -0.384863 0.867113 0.400795 -0.930002 -0.306262 0.203222 -0.504304 0.187351 -0.87068 -0.45477 0.485867 
1534334556970 0.107543 0.862498 -0.494501 -0.599219 -0.960085 0.219273 0.173655 -0.23142 0.258208 0.456088 0.851653 0.408625 0.31622 -0.384863 0.867113 0.400795 -0.930002 -0.306262 0.203222 -0.504304 0.187351 -0.87068 -0.45477 0.485867 
1534334556986 0.107429 0.862592 -0.494363 -0.599152 -0.960125 0.2191 0.173655 -0.231433 0.258108 0.455995 0.851733 0.408631 0.31622 -0.384863 0.867113 0.400795 -0.930002 -0.306262 0.203222 -0.504304 0.187351 -0.87068 -0.45477 0.485867 
1534334557004 0.107314 0.862685 -0.494225 -0.599082 -0.960164 0.218925 0.173655 -0.231444 0.258008 0.455901 0.851813 0.408637 0.31622 -0.384863 0.867113 0.400795 -0.930002 -0.306262 0.203222 -0.504304 0.187351 -0.87068 -0.45477 0.485867 
1534334557010 0.107199 0.862779 -0.494087 -0.599014 -0.960204 0.218751 0.173655 -0.231456 0.257908 0.455808 0.851893 0.408642 0.31622 -0.384863 0.867113 0.400795 -0.930002 -0.306262 0.203222 -0.504304 0.187351 -0.87068 -0.45477 0.485867 
1534334557023 0.107084 0.862872 -0.493948 -0.598945 -0.960244 0.218577 0.173656 -0.231468 0.257808 0.455715 0.851974 0.408648 0.31622 -0.384863 0.867113 0.400795 -0.930002 -0.306262 0.203222 -0.504304 0.187351 -0.87068 -0.45477 0.485867 
1534334557090 0.10697 0.862965 -0.49381 -0.598876 -0.960283 0.218403 0.173656 -0.23148 0.257708 0.455621 0.852054 0.408654 0.31622 -0.384863 0.867113 0.400795 -0.930002 -0.306262 0.203222 -0.504304 0.187351 -0.87068 -0.45477 0.485867 
1534334557137 0.10752 0.862583 -0.494358 -0.599193 -0.960114 0.219178 0.173615 -0.231431 0.25811 0.455973 0.851744 0.408637 0.31622 -0.384863 0.867113 0.400795 -0.930002 -0.306262 0.203222 -0.504304 0.187351 -0.87068 -0.45477 0.485867 
1534334557148 0.107316 0.862605 -0.494364 -0.599072 -0.960164 0.218955 0.173619 -0.231462 0.258008 0.456038 0.85174 0.408634 0.31622 -0.384863 0.867113 0.400795 -0.930002 -0.306262 0.203222 -0.504304 0.187351 -0.87068 -0.45477 0.485867 
1534334557169 0.107114 0.862627 -0.49437 -0.598945 -0.960214 0.218735 0.173622 -0.231491 0.257907 0.456104 0.851736 0.408631 0.31622 -0.384863 0.867113 0.400795 -0.930002 -0.306262 0.203222 -0.504304 0.187351 -0.87068 -0.45477 0.485867 
1534334557175 0.106912 0.862648 -0.494376 -0.59882 -0.960264 0.218513 0.173625 -0.231521 0.257805 0.456169 0.851731 0.408628 0.31622 -0.384863 0.867113 0.400795 -0.930002 -0.306262 0.203222 -0.504304 0.187351 -0.87068 -0.45477 0.485867 
1534334557188 0.106711 0.86267 -0.494382 -0.598695 -0.960313 0.218293 0.173628 -0.231551 0.257704 0.456234 0.851727 0.408625 0.31622 -0.384863 0.867113 0.400795 -0.930002 -0.306262 0.203222 -0.504304 0.187351 -0.87068 -0.45477 0.485867 
1534334557203 0.106509 0.862691 -0.494388 -0.598569 -0.960363 0.218072 0.173632 -0.231579 0.257603 0.456299 0.851723 0.408623 0.31622 -0.384863 0.867113 0.400795 -0.930002 -0.306262 0.203222 -0.504304 0.187351 -0.87068 -0.45477 0.485867 
1534334557323 0.106306 0.862713 -0.494394 -0.598444 -0.960412 0.21785 0.173635 -0.231609 0.257501 0.456364 0.851719 0.40862 0.31622 -0.384863 0.867113 0.400795 -0.930002 -0.306262 0.203222 -0.504304 0.187351 -0.87068 -0.45477 0.485867 
1534334557347 0.106104 0.862734 -0.4944 -0.598317 -0.960462 0.217629 0.173639 -0.231638 0.2574 0.456429 0.851715 0.408617 0.31622 -0.384863 0.867113 0.400795 -0.930002 -0.306262 0.203222 -0.504304 0.187351 -0.87068 -0.45477 0.485867 
1534334557373 0.105902 0.862756 -0.494406 -0.598192 -0.960511 0.217408 0.173642 -0.231667 0.257298 0.456494 0.851711 0.408614 0.31622 -0.384863 0.867113 0.400795 -0.930002 -0.306262 0.203222 -0.504304 0.187351 -0.87068 -0.45477 0.485867 
1534334557381 0.1057 0.862777 -0.494412 -0.598067 -0.960561 0.217187 0.173645 -0.231697 0.257197 0.456559 0.851706 0.408611 0.31622 -0.384863 0.867113 0.400795 -0.930002 -0.306262 0.203222 -0.504304 0.187351 -0.87068 -0.45477 0.485867 
1534334557485 0.10626 0.862657 -0.494501 -0.598453 -0.960427 0.217816 0.1736 -0.231569 0.257468 0.456485 0.851664 0.408607 0.31622 -0.384863 0.867113 0.400795 -0.930002 -0.306262 0.203222 -0.504304 0.187351 -0.87068 -0.45477 0.485867 
1534334557498 0.105855 0.862713 -0.494491 -0.598277 -0.960408 0.217576 0.174002 -0.231648 0.257703 0.456494 0.851588 0.40859 0.31622 -0.384863 0.867113 0.400795 -0.930002 -0.306262 0.203222 -0.504304 0.187351 -0.87068 -0.45477 0.485867 
1534334557523 0.10545 0.862769 -0.49448 -0.598098 -0.960389 0.217337 0.174403 -0.231726 0.257939 0.456503 0.851512 0.408574 0.31622 -0.384863 0.867113 0.400795 -0.930002 -0.306262 0.203222 -0.504304 0.187351 -0.87068 -0.45477 0.485867 
1534334557540 0.105046 0.862824 -0.494469 -0.597918 -0.96037 0.217099 0.174805 -0.231803 0.258175 0.456511 0.851436 0.408557 0.31622 -0.384863 0.867113 0.400795 -0.930002 -0.306262 0.203222 -0.504304 0.187351 -0.87068 -0.45477 0.485867 
1534334557577 0.104641 0.86288 -0.494458 -0.597738 -0.960351 0.21686 0.175207 -0.23188 0.25841 0.456519 0.85136 0.408541 0.31622 -0.384863 0.867113 0.400795 -0.930002 -0.306262 0.203222 -0.504304 0.187351 -0.87068 -0.45477 0.485867 
1534334557685 0.104236 0.862935 -0.494447 -0.59756 -0.960332 0.216621 0.175608 -0.231958 0.258646 0.456528 0.851284 0.408524 0.31622 -0.384863 0.867113 0.400795 -0.930002 -0.306262 0.203222 -0.504304 0.187351 -0.87068 -0.45477 0.485867 
1534334557723 0.103831 0.862991 -0.494435 -0.597379 -0.960312 0.216382 0.176009 -0.232034 0.258881 0.456537 0.851208 0.408508 0.31622 -0.384863 0.867113 0.400795 -0.930002 -0.306262 0.203222 -0.504304 0.187351 -0.87068 -0.45477 0.485867 
1534334557729 0.103427 0.863046 -0.494423 -0.5972 -0.960292 0.216144 0.176411 -0.232112 0.259117 0.456545 0.851131 0.408491 0.31622 -0.384863 0.867113 0.400795 -0.930002 -0.306262 0.203222 -0.504304 0.187351 -0.87068 -0.45477 0.485867 
1534334557830 0.103022 0.863101 -0.494411 -0.597021 -0.960272 0.215905 0.176812 -0.23219 0.259352 0.456554 0.851055 0.408475 0.31622 -0.384863 0.867113 0.400795 -0.930002 -0.306262 0.203222 -0.504304 0.187351 -0.87068 -0.45477 0.485867 
1534334557837 0.102617 0.863156 -0.494399 -0.59684 -0.960252 0.215665 0.177214 -0.232266 0.259588 0.456563 0.850979 0.408458 0.31622 -0.384863 0.867113 0.400795 -0.930002 -0.306262 0.203222 -0.504304 0.187351 -0.87068 -0.45477 0.485867 
1534334557919 0.103373 0.863026 -0.49447 -0.597279 -0.960305 0.216094 0.176403 -0.231999 0.259092 0.456607 0.851106 0.408466 0.31622 -0.384863 0.867113 0.400795 -0.930002 -0.306262 0.203222 -0.504304 0.187351 -0.87068 -0.45477 0.485867 
1534334557931 0.103237 0.863132 -0.494312 -0.59711 -0.960333 0.215922 0.176462 -0.232025 0.259043 0.456487 0.851185 0.408471 0.31622 -0.384863 0.867113 0.400795 -0.930002 -0.306262 0.203222 -0.504304 0.187351 -0.87068 -0.45477 0.485867 
1534334557948 0.103103 0.863239 -0.494154 -0.596937 -0.96036 0.215751 0.176521 -0.232049 0.258994 0.456366 0.851265 0.408476 0.31622 -0.384863 0.867113 0.400795 -0.930002 -0.306262 0.203222 -0.504304 0.187351 -0.87068 -0.45477 0.485867 
1534334557965 0.102969 0.863345 -0.493997 -0.596764 -0.960388 0.21558 0.17658 -0.232073 0.258945 0.456246 0.851344 0.408481 0.31622 -0.384863 0.867113 0.400795 -0.930002 -0.306262 0.203222 -0.504304 0.187351 -0.87068 -0.45477 0.485867 
1534334557981 0.102835 0.863451 -0.493839 -0.596593 -0.960415 0.215409 0.176639 -0.232097 0.258896 0.456126 0.851424 0.408486 0.31622 -0.384863 0.867113 0.400795 -0.930002 -0.306262 0.203222 -0.504304 0.187351 -0.87068 -0.45477 0.485867 
1534334558047 0.102701 0.863558 -0.493681 -0.596419 -0.960443 0.215238 0.176698 -0.232121 0.258847 0.456005 0.851503 0.408491 0.31622 -0.384863 0.867113 0.400795 -0.930002 -0.306262 0.203222 -0.504304 0.187351 -0.87068 -0.45477 0.485867 
1534334558111 0.102566 0.863664 -0.493523 -0.596247 -0.960471 0.215066 0.176756 -0.232145 0.258798 0.455885 0.851582 0.408496 0.31622 -0.384863 0.867113 0.400795 -0.930002 -0.306262 0.203222 -0.504304 0.187351 -0.87068 -0.45477 0.485867 
1534334558148 0.102432 0.86377 -0.493365 -0.596073 -0.960498 0.214895 0.176815 -0.232169 0.258749 0.455765 0.851662 0.408501 0.31622 -0.384863 0.867113 0.400795 -0.930002 -0.306262 0.203222 -0.504304 0.187351 -0.87068 -0.45477 0.485867 
