1533674292030 0.400153 0.870024 0.287987 -0.483913 -0.916422 0.382245 0.11857 -0.201674 -0.00692309 -0.311364 0.950266 0.328913 0.16008 -0.304787 0.938871 0.370831 -0.775623 0.549475 0.310623 -0.528794 -0.61056 -0.777934 -0.14844 0.432481 
1533674292042 0.404386 0.798813 0.445386 -0.517207 -0.912101 0.388123 0.132028 -0.202988 -0.0673986 -0.459628 0.885551 0.322937 0.31622 -0.384863 0.867113 0.400795 -0.930002 -0.306262 0.203222 -0.504304 0.187351 -0.87068 -0.454769 0.485867 
1533674293808 0.400092 0.705408 0.585086 -0.547528 -0.907901 0.392191 0.147994 -0.200477 -0.125069 -0.590412 0.797353 0.330895 0.31622 -0.384863 0.867113 0.400795 -0.930002 -0.306262 0.203222 -0.504304 0.187351 -0.87068 -0.454769 0.485867 
1533674293814 0.386221 0.592762 0.70673 -0.574429 -0.904341 0.394226 0.163561 -0.197444 -0.181659 -0.702296 0.688317 0.343353 0.31622 -0.384863 0.867113 0.400795 -0.930002 -0.306262 0.203222 -0.504304 0.187351 -0.87068 -0.45477 0.485867 
