1533571232932 -0.304109 0.951086 -0.0543399 -0.588731 -0.919905 -0.278358 0.27621 -0.297965 0.247573 0.133985 0.95956 0.328722 1 0 0 0 0 1 0 0 0 0 1 1.306 
1533571232943 -0.258341 0.962232 -0.0858509 -0.591311 -0.935585 -0.22706 0.270417 -0.293186 0.24071 0.15018 0.958908 0.334288 0.313242 -0.386601 0.867421 0.386205 -0.931259 -0.304041 0.200787 -0.500211 0.186107 -0.870688 -0.455264 0.505378 
1533571233792 -0.211682 0.970311 -0.11699 -0.593877 -0.948757 -0.175277 0.262941 -0.288407 0.234629 0.166655 0.957693 0.339851 0.316246 -0.384866 0.867102 0.400222 -0.929997 -0.306258 0.203251 -0.504055 0.187333 -0.87068 -0.454778 0.486148 
1533571233798 -0.164283 0.975299 -0.147656 -0.596442 -0.959381 -0.123177 0.253802 -0.283627 0.229345 0.183353 0.95592 0.345414 0.316259 -0.384858 0.867101 0.400839 -0.929992 -0.306267 0.203262 -0.504371 0.187337 -0.870681 -0.454774 0.485924 
1533571234995 -0.116294 0.97718 -0.177749 -0.599006 -0.967423 -0.0709261 0.243029 -0.278847 0.224876 0.200221 0.953595 0.350978 0.31624 -0.384881 0.867098 0.400857 -0.93 -0.306257 0.203242 -0.504363 0.18733 -0.870674 -0.45479 0.485945 
1533571235858 -0.0678714 0.975947 -0.207172 -0.601571 -0.972856 -0.0186934 0.230656 -0.274067 0.221235 0.217203 0.950725 0.356542 0.316214 -0.3849 0.867099 0.400828 -0.930009 -0.306245 0.203217 -0.504331 0.187326 -0.87067 -0.454799 0.485942 
1533571236729 -0.0191703 0.971605 -0.235831 -0.604135 -0.975663 0.0333534 0.216723 -0.269287 0.218435 0.234246 0.94732 0.362105 0.3162 -0.384907 0.867101 0.400798 -0.930014 -0.306238 0.203202 -0.504307 0.187325 -0.870669 -0.454802 0.485923 
1533571237608 0.0296526 0.964167 -0.263633 -0.606702 -0.975836 0.0850466 0.201276 -0.264508 0.216485 0.251294 0.94339 0.367669 0.316197 -0.384905 0.867103 0.400777 -0.930015 -0.30624 0.2032 -0.504293 0.187329 -0.87067 -0.454799 0.485903 
1533571238501 0.0784384 0.953659 -0.290485 -0.609295 -0.973372 0.136218 0.184367 -0.259742 0.215393 0.268288 0.93895 0.373224 0.3162 -0.384895 0.867106 0.400762 -0.930012 -0.306246 0.203201 -0.504275 0.187337 -0.870672 -0.454792 0.485881 
1533571239405 0.126925 0.940172 -0.316176 -0.612104 -0.968275 0.186609 0.166195 -0.25534 0.215253 0.285051 0.93403 0.378504 0.316108 -0.384929 0.867125 0.400657 -0.930044 -0.306207 0.203115 -0.504104 0.187335 -0.870671 -0.454795 0.485841 
1533571240329 0.126725 0.940297 -0.315883 -0.61209 -0.968184 0.186525 0.166818 -0.255551 0.215778 0.284693 0.934018 0.378255 1 0 0 0 0 1 0 0 0 0 1 1.306 
1533571240340 0.131601 0.93876 -0.318451 -0.612318 -0.967542 0.191552 0.164834 -0.255013 0.215739 0.286423 0.933498 0.378865 0.313239 -0.3866 0.867422 0.386189 -0.93126 -0.304042 0.200784 -0.500186 0.186109 -0.870689 -0.455263 0.505382 
1533571240654 0.136472 0.937192 -0.321007 -0.612545 -0.966874 0.19657 0.162837 -0.254476 0.21571 0.288151 0.932973 0.379475 0.316244 -0.384866 0.867103 0.400217 -0.929998 -0.306258 0.203249 -0.50405 0.187334 -0.87068 -0.454777 0.486145 
1533571240960 0.14134 0.935595 -0.323551 -0.612772 -0.966179 0.201578 0.160826 -0.253938 0.215689 0.289877 0.932443 0.380086 0.316258 -0.384857 0.867102 0.400836 -0.929992 -0.306267 0.203261 -0.504368 0.187338 -0.870681 -0.454774 0.485921 
1533571240967 0.146204 0.933967 -0.326084 -0.613 -0.965457 0.206578 0.158803 -0.253401 0.215678 0.291602 0.931907 0.380696 0.316239 -0.384881 0.867098 0.400855 -0.93 -0.306257 0.203241 -0.504361 0.187331 -0.870674 -0.454789 0.485943 
1533571241397 0.151064 0.932308 -0.328604 -0.613227 -0.964709 0.211568 0.156766 -0.252863 0.215676 0.293326 0.931367 0.381306 0.316214 -0.384899 0.867099 0.400827 -0.930009 -0.306245 0.203216 -0.504329 0.187327 -0.87067 -0.454799 0.48594 
1533571241709 0.155919 0.93062 -0.331113 -0.613454 -0.963935 0.216548 0.154715 -0.252325 0.215682 0.295048 0.930821 0.381916 0.3162 -0.384907 0.867101 0.400798 -0.930014 -0.306239 0.203202 -0.504306 0.187326 -0.870669 -0.454801 0.485922 
1533571242022 0.160771 0.928901 -0.333609 -0.613682 -0.963134 0.221519 0.15265 -0.251788 0.215698 0.296769 0.93027 0.382526 0.316197 -0.384904 0.867103 0.400778 -0.930014 -0.30624 0.2032 -0.504292 0.187329 -0.87067 -0.454799 0.485903 
1533571242329 0.165618 0.927153 -0.336093 -0.613912 -0.962307 0.22648 0.150573 -0.251252 0.215722 0.298487 0.929715 0.383136 0.316201 -0.384895 0.867106 0.400765 -0.930012 -0.306246 0.203202 -0.504277 0.187337 -0.870672 -0.454792 0.485883 
1533571242638 0.170448 0.925382 -0.33855 -0.614167 -0.961453 0.231421 0.148499 -0.250755 0.215765 0.300189 0.929157 0.383715 0.316123 -0.384928 0.86712 0.40068 -0.93004 -0.30621 0.20313 -0.504144 0.18733 -0.87067 -0.454798 0.485852 
1533571242953 0.169989 0.925607 -0.338164 -0.614092 -0.961471 0.231017 0.149014 -0.250879 0.21605 0.299804 0.929215 0.383595 1 0 0 0 0 1 0 0 0 0 1 1.306 
1533571242965 0.170454 0.925671 -0.337756 -0.614123 -0.9613 0.23151 0.149352 -0.25087 0.216445 0.299227 0.929309 0.383571 0.313239 -0.3866 0.867422 0.386189 -0.93126 -0.304042 0.200784 -0.500185 0.18611 -0.870689 -0.455263 0.505382 
1533571242982 0.170919 0.925734 -0.337348 -0.614154 -0.961128 0.232003 0.149691 -0.250861 0.21684 0.29865 0.929402 0.383548 0.316244 -0.384866 0.867103 0.400216 -0.929998 -0.306258 0.203249 -0.504049 0.187334 -0.87068 -0.454777 0.486145 
1533571243107 0.171384 0.925796 -0.33694 -0.614184 -0.960956 0.232496 0.15003 -0.250852 0.217235 0.298072 0.929496 0.383524 0.316258 -0.384857 0.867102 0.400836 -0.929992 -0.306267 0.203261 -0.504368 0.187338 -0.870681 -0.454774 0.485921 
1533571243124 0.17185 0.925858 -0.336533 -0.614215 -0.960784 0.232989 0.15037 -0.250843 0.217629 0.297494 0.929588 0.383501 0.316239 -0.384881 0.867098 0.400855 -0.93 -0.306257 0.203241 -0.504361 0.187331 -0.870674 -0.454789 0.485943 
1533571243165 0.172315 0.92592 -0.336125 -0.614246 -0.960611 0.233481 0.150709 -0.250834 0.218024 0.296916 0.929681 0.383477 0.316214 -0.384899 0.867099 0.400827 -0.930009 -0.306245 0.203216 -0.504329 0.187327 -0.87067 -0.454799 0.48594 
1533571243244 0.172781 0.925981 -0.335717 -0.614277 -0.960438 0.233974 0.151049 -0.250826 0.218418 0.296337 0.929773 0.383453 0.3162 -0.384907 0.867101 0.400798 -0.930014 -0.306239 0.203202 -0.504306 0.187326 -0.870669 -0.454801 0.485922 
1533571243272 0.173247 0.926041 -0.33531 -0.614308 -0.960264 0.234466 0.151389 -0.250817 0.218811 0.295758 0.929865 0.38343 0.316197 -0.384904 0.867103 0.400778 -0.930014 -0.30624 0.2032 -0.504292 0.187329 -0.87067 -0.454799 0.485903 
1533571243324 0.173712 0.926102 -0.334902 -0.614338 -0.96009 0.234957 0.15173 -0.250808 0.219205 0.295179 0.929956 0.383406 0.316201 -0.384895 0.867106 0.400765 -0.930012 -0.306246 0.203202 -0.504277 0.187337 -0.870672 -0.454792 0.485883 
1533571243382 0.174178 0.926161 -0.334497 -0.614361 -0.959916 0.235449 0.152069 -0.250797 0.219597 0.294602 0.930047 0.383386 0.316123 -0.384928 0.86712 0.40068 -0.93004 -0.30621 0.20313 -0.504145 0.18733 -0.87067 -0.454798 0.485852 
1533571243436 0.173287 0.926046 -0.335277 -0.614282 -0.96028 0.234467 0.151288 -0.250876 0.218711 0.295744 0.929893 0.383435 1 0 0 0 0 1 0 0 0 0 1 1.306 
1533571243450 0.173605 0.926163 -0.334788 -0.614255 -0.960187 0.234734 0.151464 -0.25089 0.218866 0.295164 0.930041 0.38342 0.313239 -0.3866 0.867422 0.386189 -0.93126 -0.304042 0.200784 -0.500185 0.18611 -0.870689 -0.455263 0.505382 
1533571243465 0.173924 0.92628 -0.334298 -0.614228 -0.960094 0.235 0.151641 -0.250905 0.219022 0.294584 0.930188 0.383405 0.316244 -0.384866 0.867103 0.400216 -0.929998 -0.306258 0.203249 -0.504049 0.187334 -0.87068 -0.454777 0.486145 
1533571243481 0.174242 0.926397 -0.333808 -0.614201 -0.960001 0.235267 0.151818 -0.250919 0.219177 0.294003 0.930335 0.383391 0.316258 -0.384857 0.867102 0.400836 -0.929992 -0.306267 0.203261 -0.504368 0.187338 -0.870681 -0.454774 0.485921 
1533571243498 0.174561 0.926514 -0.333318 -0.614174 -0.959907 0.235533 0.151995 -0.250934 0.219332 0.293422 0.930482 0.383376 0.316239 -0.384881 0.867098 0.400855 -0.93 -0.306257 0.203241 -0.504361 0.187331 -0.870674 -0.454789 0.485943 
1533571243600 0.174879 0.92663 -0.332827 -0.614147 -0.959814 0.235799 0.152172 -0.250948 0.219487 0.29284 0.930629 0.383361 0.316214 -0.384899 0.867099 0.400827 -0.930009 -0.306245 0.203216 -0.504329 0.187327 -0.87067 -0.454799 0.48594 
1533571243606 0.175198 0.926746 -0.332337 -0.61412 -0.95972 0.236065 0.152349 -0.250962 0.219642 0.292259 0.930775 0.383346 0.3162 -0.384907 0.867101 0.400798 -0.930014 -0.306239 0.203202 -0.504306 0.187326 -0.870669 -0.454801 0.485922 
1533571243692 0.175517 0.926861 -0.331847 -0.614093 -0.959627 0.236331 0.152526 -0.250977 0.219797 0.291678 0.930921 0.383331 0.316197 -0.384904 0.867103 0.400778 -0.930014 -0.30624 0.2032 -0.504292 0.187329 -0.87067 -0.454799 0.485903 
1533571243699 0.175836 0.926976 -0.331357 -0.614066 -0.959533 0.236597 0.152704 -0.250991 0.219951 0.291097 0.931066 0.383317 0.316201 -0.384895 0.867106 0.400765 -0.930012 -0.306246 0.203202 -0.504277 0.187337 -0.870672 -0.454792 0.485883 
1533571243796 0.176155 0.92709 -0.330867 -0.614035 -0.959439 0.236863 0.152881 -0.251004 0.220105 0.290516 0.931211 0.383305 0.316123 -0.384928 0.86712 0.40068 -0.93004 -0.30621 0.20313 -0.504145 0.18733 -0.87067 -0.454798 0.485852 
1533571243844 0.175489 0.926915 -0.331711 -0.614046 -0.959597 0.236329 0.152717 -0.250983 0.219948 0.291509 0.930938 0.38336 1 0 0 0 0 1 0 0 0 0 1 1.306 
1533571243857 0.17559 0.92693 -0.331616 -0.614018 -0.959548 0.236449 0.15284 -0.250992 0.220082 0.291364 0.930952 0.383386 0.313239 -0.3866 0.867422 0.386189 -0.93126 -0.304042 0.200784 -0.500185 0.18611 -0.870689 -0.455263 0.505382 
1533571243873 0.175692 0.926945 -0.33152 -0.61399 -0.959498 0.23657 0.152965 -0.251001 0.220218 0.291218 0.930965 0.383411 0.316244 -0.384866 0.867103 0.400216 -0.929998 -0.306258 0.203249 -0.504049 0.187334 -0.87068 -0.454777 0.486145 
1533571243889 0.175794 0.926959 -0.331425 -0.613961 -0.959448 0.236691 0.15309 -0.251009 0.220354 0.291073 0.930978 0.383437 0.316258 -0.384857 0.867102 0.400836 -0.929992 -0.306267 0.203261 -0.504368 0.187338 -0.870681 -0.454774 0.485921 
1533571243906 0.175895 0.926974 -0.33133 -0.613933 -0.959399 0.236811 0.153215 -0.251018 0.220489 0.290928 0.930992 0.383462 0.316239 -0.384881 0.867098 0.400855 -0.93 -0.306257 0.203241 -0.504361 0.187331 -0.870674 -0.454789 0.485943 
1533571243923 0.175997 0.926989 -0.331235 -0.613905 -0.959349 0.236932 0.15334 -0.251027 0.220624 0.290783 0.931005 0.383488 0.316214 -0.384899 0.867099 0.400827 -0.930009 -0.306245 0.203216 -0.504329 0.187327 -0.87067 -0.454799 0.48594 
1533571243939 0.176098 0.927004 -0.33114 -0.613877 -0.959299 0.237053 0.153464 -0.251036 0.22076 0.290638 0.931018 0.383514 0.3162 -0.384907 0.867101 0.400798 -0.930014 -0.306239 0.203202 -0.504306 0.187326 -0.870669 -0.454801 0.485922 
1533571243956 0.1762 0.927018 -0.331045 -0.613849 -0.959249 0.237174 0.153589 -0.251045 0.220895 0.290493 0.931031 0.383539 0.316197 -0.384904 0.867103 0.400778 -0.930014 -0.30624 0.2032 -0.504292 0.187329 -0.87067 -0.454799 0.485903 
1533571243973 0.176301 0.927033 -0.33095 -0.61382 -0.959199 0.237294 0.153713 -0.251053 0.22103 0.290347 0.931045 0.383565 0.316201 -0.384895 0.867106 0.400765 -0.930012 -0.306246 0.203202 -0.504277 0.187337 -0.870672 -0.454792 0.485883 
1533571243989 0.176403 0.927047 -0.330855 -0.613793 -0.95915 0.237415 0.153838 -0.251062 0.221165 0.290202 0.931058 0.383591 0.316123 -0.384928 0.86712 0.40068 -0.93004 -0.30621 0.20313 -0.504145 0.18733 -0.87067 -0.454798 0.485852 
1533571244015 0.175934 0.927104 -0.330946 -0.613999 -0.959476 0.236674 0.152944 -0.250981 0.220122 0.290627 0.931173 0.383361 1 0 0 0 0 1 0 0 0 0 1 1.306 
1533571244026 0.175939 0.927125 -0.330884 -0.613958 -0.95948 0.236661 0.152939 -0.250991 0.220101 0.290568 0.931196 0.383389 0.313239 -0.3866 0.867422 0.386189 -0.93126 -0.304042 0.200784 -0.500185 0.18611 -0.870689 -0.455263 0.505382 
1533571244043 0.175943 0.927147 -0.330821 -0.613917 -0.959484 0.236648 0.152934 -0.251 0.220081 0.290509 0.931219 0.383416 0.316244 -0.384866 0.867103 0.400216 -0.929998 -0.306258 0.203249 -0.504049 0.187334 -0.87068 -0.454777 0.486145 
1533571244059 0.175946 0.927169 -0.330757 -0.613876 -0.959488 0.236635 0.15293 -0.25101 0.220061 0.29045 0.931242 0.383444 0.316258 -0.384857 0.867102 0.400836 -0.929992 -0.306267 0.203261 -0.504368 0.187338 -0.870681 -0.454774 0.485921 
1533571244076 0.17595 0.927191 -0.330694 -0.613835 -0.959492 0.236622 0.152925 -0.25102 0.22004 0.290391 0.931266 0.383471 0.316239 -0.384881 0.867098 0.400855 -0.93 -0.306257 0.203241 -0.504361 0.187331 -0.870674 -0.454789 0.485943 
1533571244093 0.175953 0.927213 -0.330631 -0.613794 -0.959495 0.236609 0.152921 -0.25103 0.22002 0.290332 0.931289 0.383499 0.316214 -0.384899 0.867099 0.400827 -0.930009 -0.306245 0.203216 -0.504329 0.187327 -0.87067 -0.454799 0.48594 
1533571244109 0.175957 0.927235 -0.330567 -0.613753 -0.959499 0.236596 0.152916 -0.251039 0.22 0.290273 0.931312 0.383527 0.3162 -0.384907 0.867101 0.400798 -0.930014 -0.306239 0.203202 -0.504306 0.187326 -0.870669 -0.454801 0.485922 
1533571244126 0.175961 0.927257 -0.330504 -0.613712 -0.959503 0.236582 0.152911 -0.251049 0.21998 0.290213 0.931335 0.383554 0.316197 -0.384904 0.867103 0.400778 -0.930014 -0.30624 0.2032 -0.504292 0.187329 -0.87067 -0.454799 0.485903 
1533571244143 0.175964 0.927278 -0.330441 -0.613671 -0.959507 0.236569 0.152907 -0.251059 0.219959 0.290154 0.931358 0.383582 0.316201 -0.384895 0.867106 0.400765 -0.930012 -0.306246 0.203202 -0.504277 0.187337 -0.870672 -0.454792 0.485883 
1533571244159 0.175968 0.9273 -0.330378 -0.613633 -0.959511 0.236556 0.152902 -0.251069 0.219939 0.290095 0.931382 0.383609 0.316123 -0.384928 0.86712 0.40068 -0.93004 -0.30621 0.20313 -0.504145 0.18733 -0.87067 -0.454798 0.485852 
1533571244187 0.176323 0.927145 -0.330625 -0.613797 -0.959301 0.237122 0.153345 -0.251108 0.220572 0.290131 0.931221 0.38355 1 0 0 0 0 1 0 0 0 0 1 1.306 
1533571244199 0.175992 0.92717 -0.330729 -0.613735 -0.959284 0.236931 0.153749 -0.251256 0.220911 0.290204 0.931117 0.383558 0.313239 -0.3866 0.867422 0.386189 -0.93126 -0.304042 0.200784 -0.500185 0.18611 -0.870689 -0.455263 0.505382 
1533571244216 0.175662 0.927196 -0.330833 -0.613672 -0.959266 0.23674 0.154152 -0.251405 0.221251 0.290279 0.931014 0.383566 0.316244 -0.384866 0.867103 0.400216 -0.929998 -0.306258 0.203249 -0.504049 0.187334 -0.87068 -0.454777 0.486145 
1533571244329 0.17533 0.927222 -0.330937 -0.61361 -0.959248 0.236549 0.154555 -0.251553 0.22159 0.290353 0.93091 0.383575 0.316258 -0.384857 0.867102 0.400836 -0.929992 -0.306267 0.203261 -0.504368 0.187338 -0.870681 -0.454774 0.485921 
1533571244367 0.175 0.927247 -0.331041 -0.613548 -0.95923 0.236358 0.154958 -0.251702 0.221929 0.290427 0.930806 0.383583 0.316239 -0.384881 0.867098 0.400855 -0.93 -0.306257 0.203241 -0.504361 0.187331 -0.870674 -0.454789 0.485943 
1533571244459 0.174668 0.927273 -0.331144 -0.613486 -0.959212 0.236167 0.155362 -0.25185 0.222268 0.290501 0.930702 0.383591 0.316214 -0.384899 0.867099 0.400827 -0.930009 -0.306245 0.203216 -0.504329 0.187327 -0.87067 -0.454799 0.48594 
1533571244501 0.174337 0.927298 -0.331248 -0.613423 -0.959194 0.235976 0.155765 -0.251998 0.222607 0.290575 0.930598 0.383599 0.3162 -0.384907 0.867101 0.400798 -0.930014 -0.306239 0.203202 -0.504306 0.187326 -0.870669 -0.454801 0.485922 
1533571244584 0.174006 0.927323 -0.331351 -0.613361 -0.959175 0.235785 0.156168 -0.252147 0.222946 0.29065 0.930493 0.383607 0.316197 -0.384904 0.867103 0.400778 -0.930014 -0.30624 0.2032 -0.504292 0.187329 -0.87067 -0.454799 0.485903 
1533571244631 0.173675 0.927348 -0.331454 -0.613299 -0.959156 0.235594 0.156571 -0.252295 0.223284 0.290724 0.930389 0.383616 0.316201 -0.384895 0.867106 0.400765 -0.930012 -0.306246 0.203202 -0.504277 0.187337 -0.870672 -0.454792 0.485883 
1533571244706 0.173345 0.927373 -0.331557 -0.61324 -0.959138 0.235403 0.156973 -0.252439 0.223622 0.290798 0.930285 0.383624 0.316123 -0.384928 0.86712 0.40068 -0.93004 -0.30621 0.20313 -0.504145 0.18733 -0.87067 -0.454798 0.485852 
1533571244767 0.173702 0.927369 -0.331383 -0.613343 -0.959221 0.235516 0.156291 -0.252177 0.222986 0.290721 0.930461 0.383606 1 0 0 0 0 1 0 0 0 0 1 1.306 
1533571244780 0.173286 0.927414 -0.331475 -0.613285 -0.959308 0.235126 0.156344 -0.252322 0.222934 0.290895 0.93042 0.383582 0.313239 -0.3866 0.867422 0.386189 -0.93126 -0.304042 0.200784 -0.500185 0.18611 -0.870689 -0.455263 0.505382 
1533571244797 0.172869 0.927458 -0.331568 -0.613228 -0.959396 0.234734 0.156397 -0.252467 0.222882 0.291069 0.930378 0.383558 0.316244 -0.384866 0.867103 0.400216 -0.929998 -0.306258 0.203249 -0.504049 0.187334 -0.87068 -0.454777 0.486145 
1533571244814 0.172451 0.927503 -0.331661 -0.613171 -0.959483 0.234342 0.156451 -0.252611 0.222831 0.291243 0.930335 0.383533 0.316258 -0.384857 0.867102 0.400836 -0.929992 -0.306267 0.203261 -0.504368 0.187338 -0.870681 -0.454774 0.485921 
1533571244924 0.172034 0.927547 -0.331754 -0.613113 -0.95957 0.23395 0.156505 -0.252756 0.222779 0.291417 0.930293 0.383509 0.316239 -0.384881 0.867098 0.400855 -0.93 -0.306257 0.203241 -0.504361 0.187331 -0.870674 -0.454789 0.485943 
1533571244988 0.171616 0.927592 -0.331846 -0.613056 -0.959656 0.233557 0.156559 -0.252901 0.222728 0.29159 0.930251 0.383485 0.316214 -0.384899 0.867099 0.400827 -0.930009 -0.306245 0.203216 -0.504329 0.187327 -0.87067 -0.454799 0.48594 
1533571245045 0.171199 0.927636 -0.331939 -0.612998 -0.959743 0.233165 0.156612 -0.253046 0.222676 0.291764 0.930209 0.383461 0.3162 -0.384907 0.867101 0.400798 -0.930014 -0.306239 0.203202 -0.504306 0.187326 -0.870669 -0.454801 0.485922 
1533571245110 0.170781 0.927679 -0.332031 -0.612941 -0.959829 0.232773 0.156666 -0.253191 0.222624 0.291938 0.930167 0.383437 0.316197 -0.384904 0.867103 0.400778 -0.930014 -0.30624 0.2032 -0.504292 0.187329 -0.87067 -0.454799 0.485903 
1533571245177 0.170364 0.927723 -0.332124 -0.612883 -0.959916 0.232381 0.15672 -0.253335 0.222572 0.292111 0.930125 0.383412 0.316201 -0.384895 0.867106 0.400765 -0.930012 -0.306246 0.203202 -0.504277 0.187337 -0.870672 -0.454792 0.485883 
1533571245236 0.169947 0.927766 -0.332216 -0.612829 -0.960002 0.231989 0.156773 -0.253477 0.22252 0.292285 0.930083 0.383389 0.316123 -0.384928 0.86712 0.40068 -0.93004 -0.30621 0.20313 -0.504145 0.18733 -0.87067 -0.454798 0.485852 
1533571245314 0.170438 0.927688 -0.332182 -0.612938 -0.959904 0.232458 0.156675 -0.253229 0.222564 0.29216 0.930112 0.383386 1 0 0 0 0 1 0 0 0 0 1 1.306 
1533571245326 0.170391 0.9276 -0.332453 -0.612859 -0.959939 0.232425 0.15651 -0.253305 0.222449 0.292466 0.930043 0.383373 0.313239 -0.3866 0.867422 0.386189 -0.93126 -0.304042 0.200784 -0.500185 0.18611 -0.870689 -0.455263 0.505382 
1533571245343 0.170345 0.927512 -0.332723 -0.612779 -0.959974 0.232392 0.156344 -0.25338 0.222333 0.292773 0.929974 0.38336 0.316244 -0.384866 0.867103 0.400216 -0.929998 -0.306258 0.203249 -0.504049 0.187334 -0.87068 -0.454777 0.486145 
1533571245360 0.170299 0.927423 -0.332993 -0.6127 -0.960009 0.232359 0.156179 -0.253456 0.222218 0.293079 0.929905 0.383346 0.316258 -0.384857 0.867102 0.400836 -0.929992 -0.306267 0.203261 -0.504368 0.187338 -0.870681 -0.454774 0.485921 
1533571245376 0.170253 0.927335 -0.333263 -0.612621 -0.960044 0.232327 0.156014 -0.253531 0.222103 0.293386 0.929836 0.383333 0.316239 -0.384881 0.867098 0.400855 -0.93 -0.306257 0.203241 -0.504361 0.187331 -0.870674 -0.454789 0.485943 
1533571245463 0.170208 0.927246 -0.333534 -0.612542 -0.960079 0.232294 0.155848 -0.253607 0.221987 0.293692 0.929767 0.38332 0.316214 -0.384899 0.867099 0.400827 -0.930009 -0.306245 0.203216 -0.504329 0.187327 -0.87067 -0.454799 0.48594 
1533571245480 0.170162 0.927157 -0.333804 -0.612462 -0.960113 0.232261 0.155683 -0.253682 0.221872 0.293999 0.929698 0.383307 0.3162 -0.384907 0.867101 0.400798 -0.930014 -0.306239 0.203202 -0.504306 0.187326 -0.870669 -0.454801 0.485922 
1533571245496 0.170116 0.927068 -0.334074 -0.612383 -0.960148 0.232228 0.155517 -0.253758 0.221757 0.294305 0.929628 0.383294 0.316197 -0.384904 0.867103 0.400778 -0.930014 -0.30624 0.2032 -0.504292 0.187329 -0.87067 -0.454799 0.485903 
1533571245503 0.170071 0.926979 -0.334345 -0.612304 -0.960183 0.232195 0.155352 -0.253833 0.221641 0.294611 0.929559 0.38328 0.316201 -0.384895 0.867106 0.400765 -0.930012 -0.306246 0.203202 -0.504277 0.187337 -0.870672 -0.454792 0.485883 
1533571245566 0.170025 0.92689 -0.334613 -0.612234 -0.960218 0.232162 0.155187 -0.25391 0.221526 0.294916 0.92949 0.383266 0.316123 -0.384928 0.86712 0.40068 -0.93004 -0.30621 0.20313 -0.504145 0.18733 -0.87067 -0.454798 0.485852 
1533571245609 0.170255 0.927136 -0.333814 -0.612475 -0.960094 0.232353 0.155663 -0.253704 0.221883 0.29399 0.929698 0.383283 1 0 0 0 0 1 0 0 0 0 1 1.306 
1533571245621 0.170179 0.927085 -0.333995 -0.61232 -0.960103 0.232319 0.155662 -0.253774 0.221905 0.294179 0.929633 0.383243 0.313239 -0.3866 0.867422 0.386189 -0.93126 -0.304042 0.200784 -0.500185 0.18611 -0.870689 -0.455263 0.505382 
1533571245638 0.1701 0.927031 -0.334184 -0.612163 -0.960113 0.232282 0.155655 -0.253846 0.221922 0.294378 0.929566 0.383203 0.316244 -0.384866 0.867103 0.400216 -0.929998 -0.306258 0.203249 -0.504049 0.187334 -0.87068 -0.454777 0.486145 
1533571245644 0.170021 0.926977 -0.334374 -0.612006 -0.960123 0.232245 0.155649 -0.253917 0.221939 0.294576 0.929499 0.383163 0.316258 -0.384857 0.867102 0.400836 -0.929992 -0.306267 0.203261 -0.504368 0.187338 -0.870681 -0.454774 0.485921 
1533571245658 0.169942 0.926923 -0.334563 -0.611849 -0.960133 0.232208 0.155642 -0.253988 0.221957 0.294775 0.929431 0.383123 0.316239 -0.384881 0.867098 0.400855 -0.93 -0.306257 0.203241 -0.504361 0.187331 -0.870674 -0.454789 0.485943 
1533571245775 0.169863 0.926869 -0.334754 -0.611692 -0.960143 0.232171 0.155635 -0.25406 0.221974 0.294974 0.929364 0.383082 0.316214 -0.384899 0.867099 0.400827 -0.930009 -0.306245 0.203216 -0.504329 0.187327 -0.87067 -0.454799 0.48594 
1533571245782 0.169784 0.926815 -0.334943 -0.611534 -0.960153 0.232134 0.155629 -0.254131 0.221991 0.295173 0.929297 0.383042 0.3162 -0.384907 0.867101 0.400798 -0.930014 -0.306239 0.203202 -0.504306 0.187326 -0.870669 -0.454801 0.485922 
1533571245861 0.169705 0.926761 -0.335133 -0.611377 -0.960163 0.232097 0.155622 -0.254202 0.222008 0.295372 0.92923 0.383002 0.316197 -0.384904 0.867103 0.400778 -0.930014 -0.30624 0.2032 -0.504292 0.187329 -0.87067 -0.454799 0.485903 
1533571245913 0.169626 0.926707 -0.335322 -0.611221 -0.960173 0.23206 0.155616 -0.254274 0.222025 0.295571 0.929162 0.382962 0.316201 -0.384895 0.867106 0.400765 -0.930012 -0.306246 0.203202 -0.504277 0.187337 -0.870672 -0.454792 0.485883 
1533571245960 0.169548 0.926653 -0.335511 -0.611077 -0.960183 0.232023 0.155609 -0.254346 0.222042 0.295768 0.929096 0.382922 0.316123 -0.384928 0.86712 0.40068 -0.93004 -0.30621 0.20313 -0.504145 0.18733 -0.87067 -0.454798 0.485852 
1533571246017 0.169888 0.926751 -0.335068 -0.611369 -0.960115 0.232278 0.155647 -0.254235 0.222075 0.295261 0.929249 0.383003 1 0 0 0 0 1 0 0 0 0 1 1.306 
1533571246029 0.169696 0.926798 -0.335036 -0.611181 -0.960126 0.232124 0.155812 -0.254288 0.222176 0.295236 0.929233 0.382976 0.313239 -0.3866 0.867422 0.386189 -0.93126 -0.304042 0.200784 -0.500185 0.18611 -0.870689 -0.455263 0.505382 
1533571246046 0.169503 0.926844 -0.335005 -0.610994 -0.960137 0.231968 0.155976 -0.254341 0.222276 0.295212 0.929216 0.38295 0.316244 -0.384866 0.867103 0.400216 -0.929998 -0.306258 0.203249 -0.504049 0.187334 -0.87068 -0.454777 0.486145 
1533571246062 0.16931 0.926891 -0.334974 -0.610807 -0.960147 0.231813 0.15614 -0.254394 0.222376 0.295188 0.9292 0.382923 0.316258 -0.384857 0.867102 0.400836 -0.929992 -0.306267 0.203261 -0.504368 0.187338 -0.870681 -0.454774 0.485921 
1533571246079 0.169117 0.926937 -0.334943 -0.610619 -0.960158 0.231658 0.156305 -0.254447 0.222477 0.295164 0.929184 0.382896 0.316239 -0.384881 0.867098 0.400855 -0.93 -0.306257 0.203241 -0.504361 0.187331 -0.870674 -0.454789 0.485943 
1533571246194 0.168925 0.926983 -0.334912 -0.610432 -0.960169 0.231503 0.156469 -0.254501 0.222577 0.295141 0.929167 0.382869 0.316214 -0.384899 0.867099 0.400827 -0.930009 -0.306245 0.203216 -0.504329 0.187327 -0.87067 -0.454799 0.48594 
1533571246239 0.168732 0.92703 -0.33488 -0.610244 -0.960179 0.231348 0.156633 -0.254554 0.222677 0.295116 0.929151 0.382843 0.3162 -0.384907 0.867101 0.400798 -0.930014 -0.306239 0.203202 -0.504306 0.187326 -0.870669 -0.454801 0.485922 
1533571246245 0.168539 0.927076 -0.334849 -0.610057 -0.96019 0.231192 0.156797 -0.254607 0.222778 0.295092 0.929134 0.382816 0.316197 -0.384904 0.867103 0.400778 -0.930014 -0.30624 0.2032 -0.504292 0.187329 -0.87067 -0.454799 0.485903 
1533571246338 0.168347 0.927123 -0.334818 -0.60987 -0.9602 0.231037 0.156961 -0.25466 0.222878 0.295068 0.929118 0.382789 0.316201 -0.384895 0.867106 0.400765 -0.930012 -0.306246 0.203202 -0.504277 0.187337 -0.870672 -0.454792 0.485883 
1533571246345 0.168154 0.927169 -0.334786 -0.609696 -0.960211 0.230882 0.157125 -0.254713 0.222977 0.295044 0.929102 0.382763 0.316123 -0.384928 0.86712 0.40068 -0.93004 -0.30621 0.20313 -0.504145 0.18733 -0.87067 -0.454798 0.485852 
1533571246423 0.168569 0.927082 -0.334819 -0.610052 -0.9602 0.231196 0.156734 -0.254646 0.222714 0.295073 0.929156 0.382832 1 0 0 0 0 1 0 0 0 0 1 1.306 
1533571246434 0.168285 0.927158 -0.33475 -0.609863 -0.960221 0.230956 0.156957 -0.254698 0.222837 0.295021 0.929143 0.382808 0.313239 -0.3866 0.867422 0.386189 -0.93126 -0.304042 0.200784 -0.500185 0.18611 -0.870689 -0.455263 0.505382 
1533571246451 0.168001 0.927234 -0.334683 -0.609674 -0.960242 0.230715 0.157181 -0.254751 0.22296 0.29497 0.929129 0.382783 0.316244 -0.384866 0.867103 0.400216 -0.929998 -0.306258 0.203249 -0.504049 0.187334 -0.87068 -0.454777 0.486145 
1533571246467 0.167717 0.92731 -0.334615 -0.609485 -0.960263 0.230476 0.157405 -0.254804 0.223084 0.294918 0.929116 0.382759 0.316258 -0.384857 0.867102 0.400836 -0.929992 -0.306267 0.203261 -0.504368 0.187338 -0.870681 -0.454774 0.485921 
1533571246484 0.167433 0.927386 -0.334546 -0.609296 -0.960284 0.230236 0.157629 -0.254856 0.223208 0.294867 0.929103 0.382735 0.316239 -0.384881 0.867098 0.400855 -0.93 -0.306257 0.203241 -0.504361 0.187331 -0.870674 -0.454789 0.485943 
1533571246567 0.167149 0.927462 -0.334478 -0.609107 -0.960304 0.229996 0.157853 -0.254908 0.223331 0.294815 0.929089 0.38271 0.316214 -0.384899 0.867099 0.400827 -0.930009 -0.306245 0.203216 -0.504329 0.187327 -0.87067 -0.454799 0.48594 
1533571246605 0.166865 0.927538 -0.33441 -0.608918 -0.960325 0.229756 0.158077 -0.254961 0.223455 0.294765 0.929076 0.382686 0.3162 -0.384907 0.867101 0.400798 -0.930014 -0.306239 0.203202 -0.504306 0.187326 -0.870669 -0.454801 0.485922 
1533571246659 0.166581 0.927613 -0.334341 -0.608729 -0.960345 0.229516 0.158301 -0.255014 0.223579 0.294713 0.929062 0.382662 0.316197 -0.384904 0.867103 0.400778 -0.930014 -0.30624 0.2032 -0.504292 0.187329 -0.87067 -0.454799 0.485903 
1533571246666 0.166297 0.927689 -0.334273 -0.608541 -0.960366 0.229276 0.158525 -0.255066 0.223702 0.294662 0.929049 0.382638 0.316201 -0.384895 0.867106 0.400765 -0.930012 -0.306246 0.203202 -0.504277 0.187337 -0.870672 -0.454792 0.485883 
1533571246762 0.166014 0.927765 -0.334204 -0.608365 -0.960386 0.229036 0.158748 -0.255118 0.223825 0.29461 0.929035 0.382614 0.316123 -0.384928 0.86712 0.40068 -0.93004 -0.30621 0.20313 -0.504145 0.18733 -0.87067 -0.454798 0.485852 
1533571246807 0.166474 0.927643 -0.334312 -0.608721 -0.960369 0.229404 0.158321 -0.254976 0.223558 0.294707 0.929069 0.382713 1 0 0 0 0 1 0 0 0 0 1 1.306 
1533571246819 0.166323 0.927684 -0.334273 -0.608577 -0.960401 0.229247 0.158351 -0.254975 0.223531 0.294699 0.929078 0.3827 0.313239 -0.3866 0.867422 0.386189 -0.93126 -0.304042 0.200784 -0.500185 0.18611 -0.870689 -0.455263 0.505382 
1533571246836 0.166173 0.927725 -0.334236 -0.608434 -0.960434 0.229092 0.15838 -0.254973 0.223504 0.294693 0.929087 0.382687 0.316244 -0.384866 0.867103 0.400216 -0.929998 -0.306258 0.203249 -0.504049 0.187334 -0.87068 -0.454777 0.486145 
1533571246843 0.166022 0.927765 -0.334198 -0.60829 -0.960466 0.228936 0.158409 -0.254972 0.223476 0.294686 0.929095 0.382674 0.316258 -0.384857 0.867102 0.400836 -0.929992 -0.306267 0.203261 -0.504368 0.187338 -0.870681 -0.454774 0.485921 
1533571246856 0.165872 0.927806 -0.33416 -0.608147 -0.960498 0.22878 0.158438 -0.25497 0.223449 0.294679 0.929104 0.382661 0.316239 -0.384881 0.867098 0.400855 -0.93 -0.306257 0.203241 -0.504361 0.187331 -0.870674 -0.454789 0.485943 
1533571246955 0.165722 0.927846 -0.334122 -0.608003 -0.960531 0.228625 0.158467 -0.254969 0.223422 0.294673 0.929113 0.382647 0.316214 -0.384899 0.867099 0.400827 -0.930009 -0.306245 0.203216 -0.504329 0.187327 -0.87067 -0.454799 0.48594 
1533571246993 0.165571 0.927887 -0.334084 -0.607859 -0.960563 0.228469 0.158497 -0.254968 0.223395 0.294666 0.929122 0.382634 0.3162 -0.384907 0.867101 0.400798 -0.930014 -0.306239 0.203202 -0.504306 0.187326 -0.870669 -0.454801 0.485922 
1533571247032 0.165421 0.927927 -0.334046 -0.607716 -0.960595 0.228313 0.158526 -0.254966 0.223367 0.294659 0.92913 0.382621 0.316197 -0.384904 0.867103 0.400778 -0.930014 -0.30624 0.2032 -0.504292 0.187329 -0.87067 -0.454799 0.485903 
1533571247039 0.165271 0.927968 -0.334008 -0.607573 -0.960627 0.228157 0.158555 -0.254965 0.22334 0.294653 0.929139 0.382608 0.316201 -0.384895 0.867106 0.400765 -0.930012 -0.306246 0.203202 -0.504277 0.187337 -0.870672 -0.454792 0.485883 
1533571247120 0.165121 0.928009 -0.333969 -0.60744 -0.960659 0.228001 0.158584 -0.254965 0.223312 0.294645 0.929148 0.382595 0.316123 -0.384928 0.86712 0.40068 -0.93004 -0.30621 0.20313 -0.504145 0.18733 -0.87067 -0.454798 0.485852 
1533571247166 0.165796 0.927889 -0.333966 -0.607682 -0.960568 0.228602 0.158275 -0.255118 0.223207 0.294556 0.929201 0.382654 1 0 0 0 0 1 0 0 0 0 1 1.306 
1533571247177 0.165643 0.92793 -0.333927 -0.607563 -0.960592 0.228454 0.158339 -0.255106 0.223214 0.29454 0.929205 0.382619 0.313239 -0.3866 0.867422 0.386189 -0.93126 -0.304042 0.200784 -0.500185 0.18611 -0.870689 -0.455263 0.505382 
1533571247195 0.165489 0.927972 -0.333889 -0.607443 -0.960617 0.228306 0.158404 -0.255094 0.223223 0.294525 0.929208 0.382583 0.316244 -0.384866 0.867103 0.400216 -0.929998 -0.306258 0.203249 -0.504049 0.187334 -0.87068 -0.454777 0.486145 
1533571247210 0.165336 0.928013 -0.33385 -0.607324 -0.960641 0.228158 0.158468 -0.255082 0.223231 0.29451 0.92921 0.382548 0.316258 -0.384857 0.867102 0.400836 -0.929992 -0.306267 0.203261 -0.504368 0.187338 -0.870681 -0.454774 0.485921 
1533571247227 0.165182 0.928054 -0.333811 -0.607205 -0.960666 0.228009 0.158533 -0.25507 0.223239 0.294494 0.929213 0.382513 0.316239 -0.384881 0.867098 0.400855 -0.93 -0.306257 0.203241 -0.504361 0.187331 -0.870674 -0.454789 0.485943 
1533571247244 0.165029 0.928096 -0.333772 -0.607085 -0.96069 0.227861 0.158598 -0.255058 0.223248 0.294478 0.929216 0.382478 0.316214 -0.384899 0.867099 0.400827 -0.930009 -0.306245 0.203216 -0.504329 0.187327 -0.87067 -0.454799 0.48594 
1533571247264 0.164875 0.928137 -0.333734 -0.606966 -0.960715 0.227713 0.158663 -0.255046 0.223256 0.294463 0.929219 0.382442 0.3162 -0.384907 0.867101 0.400798 -0.930014 -0.306239 0.203202 -0.504306 0.187326 -0.870669 -0.454801 0.485922 
1533571247372 0.164722 0.928178 -0.333695 -0.606847 -0.960739 0.227565 0.158727 -0.255034 0.223265 0.294448 0.929222 0.382407 0.316197 -0.384904 0.867103 0.400778 -0.930014 -0.30624 0.2032 -0.504292 0.187329 -0.87067 -0.454799 0.485903 
1533571247393 0.164568 0.928219 -0.333656 -0.606728 -0.960763 0.227417 0.158792 -0.255022 0.223273 0.294433 0.929225 0.382372 0.316201 -0.384895 0.867106 0.400765 -0.930012 -0.306246 0.203202 -0.504277 0.187337 -0.870672 -0.454792 0.485883 
1533571247420 0.164415 0.92826 -0.333617 -0.606618 -0.960788 0.227269 0.158856 -0.255011 0.223281 0.294417 0.929228 0.382337 0.316123 -0.384928 0.86712 0.40068 -0.93004 -0.30621 0.20313 -0.504145 0.18733 -0.87067 -0.454798 0.485852 
1533571247463 0.165 0.928101 -0.333773 -0.606922 -0.960685 0.227848 0.158648 -0.25511 0.223291 0.294474 0.929207 0.382519 1 0 0 0 0 1 0 0 0 0 1 1.306 
1533571247474 0.164876 0.928183 -0.333604 -0.606815 -0.960699 0.227713 0.158761 -0.255129 0.223325 0.294317 0.929249 0.382462 0.313239 -0.3866 0.867422 0.386189 -0.93126 -0.304042 0.200784 -0.500185 0.18611 -0.870689 -0.455263 0.505382 
1533571247491 0.164751 0.928266 -0.333436 -0.606708 -0.960712 0.227578 0.158874 -0.255149 0.22336 0.294161 0.92929 0.382405 0.316244 -0.384866 0.867103 0.400216 -0.929998 -0.306258 0.203249 -0.504049 0.187334 -0.87068 -0.454777 0.486145 
1533571247508 0.164627 0.928348 -0.333268 -0.606602 -0.960725 0.227443 0.158986 -0.255169 0.223394 0.294005 0.929331 0.382348 0.316258 -0.384857 0.867102 0.400836 -0.929992 -0.306267 0.203261 -0.504368 0.187338 -0.870681 -0.454774 0.485921 
1533571247524 0.164502 0.928431 -0.333099 -0.606495 -0.960738 0.227308 0.1591 -0.255188 0.223429 0.293849 0.929372 0.382291 0.316239 -0.384881 0.867098 0.400855 -0.93 -0.306257 0.203241 -0.504361 0.187331 -0.870674 -0.454789 0.485943 
1533571247541 0.164378 0.928513 -0.332931 -0.606388 -0.960752 0.227173 0.159212 -0.255207 0.223464 0.293693 0.929413 0.382234 0.316214 -0.384899 0.867099 0.400827 -0.930009 -0.306245 0.203216 -0.504329 0.187327 -0.87067 -0.454799 0.48594 
1533571247558 0.164254 0.928596 -0.332762 -0.606281 -0.960765 0.227038 0.159325 -0.255227 0.223498 0.293537 0.929454 0.382177 0.3162 -0.384907 0.867101 0.400798 -0.930014 -0.306239 0.203202 -0.504306 0.187326 -0.870669 -0.454801 0.485922 
1533571247604 0.164129 0.928678 -0.332593 -0.606174 -0.960778 0.226902 0.159438 -0.255247 0.223533 0.29338 0.929495 0.38212 0.316197 -0.384904 0.867103 0.400778 -0.930014 -0.30624 0.2032 -0.504292 0.187329 -0.87067 -0.454799 0.485903 
1533571247610 0.164004 0.928761 -0.332424 -0.606068 -0.960791 0.226767 0.159551 -0.255266 0.223568 0.293223 0.929536 0.382063 0.316201 -0.384895 0.867106 0.400765 -0.930012 -0.306246 0.203202 -0.504277 0.187337 -0.870672 -0.454792 0.485883 
1533571247643 0.16388 0.928843 -0.332257 -0.605967 -0.960805 0.226632 0.159663 -0.255285 0.223602 0.293068 0.929577 0.382008 0.316123 -0.384928 0.86712 0.40068 -0.93004 -0.30621 0.20313 -0.504145 0.18733 -0.87067 -0.454798 0.485852 
1533571247682 0.164231 0.928617 -0.332715 -0.606385 -0.960801 0.226966 0.159208 -0.25518 0.223358 0.293526 0.929491 0.382229 1 0 0 0 0 1 0 0 0 0 1 1.306 
1533571247693 0.164112 0.928717 -0.332495 -0.606297 -0.960813 0.226828 0.159335 -0.255193 0.223396 0.293316 0.929548 0.382187 0.313239 -0.3866 0.867422 0.386189 -0.93126 -0.304042 0.200784 -0.500185 0.18611 -0.870689 -0.455263 0.505382 
1533571247710 0.163993 0.928817 -0.332274 -0.60621 -0.960825 0.22669 0.159461 -0.255205 0.223434 0.293107 0.929605 0.382145 0.316244 -0.384866 0.867103 0.400216 -0.929998 -0.306258 0.203249 -0.504049 0.187334 -0.87068 -0.454777 0.486145 
1533571247726 0.163874 0.928916 -0.332054 -0.606122 -0.960836 0.226552 0.159588 -0.255218 0.223471 0.292897 0.929662 0.382102 0.316258 -0.384857 0.867102 0.400836 -0.929992 -0.306267 0.203261 -0.504368 0.187338 -0.870681 -0.454774 0.485921 
1533571247743 0.163755 0.929016 -0.331834 -0.606035 -0.960848 0.226414 0.159714 -0.255231 0.223508 0.292688 0.929719 0.38206 0.316239 -0.384881 0.867098 0.400855 -0.93 -0.306257 0.203241 -0.504361 0.187331 -0.870674 -0.454789 0.485943 
1533571247760 0.163637 0.929115 -0.331613 -0.605948 -0.960859 0.226276 0.159839 -0.255244 0.223546 0.292478 0.929776 0.382018 0.316214 -0.384899 0.867099 0.400827 -0.930009 -0.306245 0.203216 -0.504329 0.187327 -0.87067 -0.454799 0.48594 
1533571247776 0.163518 0.929215 -0.331393 -0.60586 -0.960871 0.226138 0.159966 -0.255256 0.223583 0.292268 0.929833 0.381976 0.3162 -0.384907 0.867101 0.400798 -0.930014 -0.306239 0.203202 -0.504306 0.187326 -0.870669 -0.454801 0.485922 
1533571247793 0.163399 0.929315 -0.331172 -0.605773 -0.960882 0.226 0.160092 -0.255269 0.223621 0.292059 0.92989 0.381934 0.316197 -0.384904 0.867103 0.400778 -0.930014 -0.30624 0.2032 -0.504292 0.187329 -0.87067 -0.454799 0.485903 
1533571247852 0.16328 0.929414 -0.330952 -0.605685 -0.960894 0.225862 0.160217 -0.255282 0.223658 0.291849 0.929947 0.381891 0.316201 -0.384895 0.867106 0.400765 -0.930012 -0.306246 0.203202 -0.504277 0.187337 -0.870672 -0.454792 0.485883 
1533571247858 0.163162 0.929513 -0.330732 -0.605601 -0.960905 0.225724 0.160343 -0.255293 0.223695 0.29164 0.930004 0.381851 0.316123 -0.384928 0.86712 0.40068 -0.93004 -0.30621 0.20313 -0.504145 0.18733 -0.87067 -0.454798 0.485852 
1533571247894 0.163629 0.929165 -0.331479 -0.605983 -0.960864 0.226242 0.15986 -0.255173 0.223531 0.292348 0.929821 0.382043 1 0 0 0 0 1 0 0 0 0 1 1.306 
1533571247907 0.163564 0.92921 -0.331384 -0.605899 -0.960936 0.226084 0.159648 -0.255159 0.223267 0.292327 0.929891 0.382009 0.313239 -0.3866 0.867422 0.386189 -0.93126 -0.304042 0.200784 -0.500185 0.18611 -0.870689 -0.455263 0.505382 
1533571247913 0.163499 0.929255 -0.331291 -0.605815 -0.961009 0.225927 0.159435 -0.255145 0.223003 0.292306 0.929961 0.381975 0.316244 -0.384866 0.867103 0.400216 -0.929998 -0.306258 0.203249 -0.504049 0.187334 -0.87068 -0.454777 0.486145 
1533571247927 0.163434 0.9293 -0.331197 -0.605731 -0.961081 0.225769 0.159222 -0.255131 0.22274 0.292285 0.93003 0.381941 0.316258 -0.384857 0.867102 0.400836 -0.929992 -0.306267 0.203261 -0.504368 0.187338 -0.870681 -0.454774 0.485921 
1533571247943 0.163369 0.929344 -0.331103 -0.605647 -0.961153 0.225612 0.15901 -0.255117 0.222476 0.292264 0.9301 0.381907 0.316239 -0.384881 0.867098 0.400855 -0.93 -0.306257 0.203241 -0.504361 0.187331 -0.870674 -0.454789 0.485943 
1533571247960 0.163303 0.929389 -0.33101 -0.605563 -0.961225 0.225454 0.158797 -0.255102 0.222212 0.292243 0.93017 0.381874 0.316214 -0.384899 0.867099 0.400827 -0.930009 -0.306245 0.203216 -0.504329 0.187327 -0.87067 -0.454799 0.48594 
1533571248025 0.163239 0.929434 -0.330916 -0.60548 -0.961297 0.225297 0.158584 -0.255088 0.221948 0.292222 0.930239 0.38184 0.3162 -0.384907 0.867101 0.400798 -0.930014 -0.306239 0.203202 -0.504306 0.187326 -0.870669 -0.454801 0.485922 
1533571248051 0.163173 0.929479 -0.330822 -0.605396 -0.961369 0.22514 0.158372 -0.255074 0.221684 0.292201 0.930309 0.381806 0.316197 -0.384904 0.867103 0.400778 -0.930014 -0.30624 0.2032 -0.504292 0.187329 -0.87067 -0.454799 0.485903 
1533571248082 0.163108 0.929524 -0.330728 -0.605312 -0.961441 0.224982 0.158159 -0.25506 0.22142 0.292179 0.930379 0.381772 0.316201 -0.384895 0.867106 0.400765 -0.930012 -0.306246 0.203202 -0.504277 0.187337 -0.870672 -0.454792 0.485883 
1533571248106 0.163043 0.929568 -0.330635 -0.605234 -0.961513 0.224825 0.157946 -0.255048 0.221157 0.292158 0.930448 0.381738 0.316123 -0.384928 0.86712 0.40068 -0.93004 -0.30621 0.20313 -0.504145 0.18733 -0.87067 -0.454798 0.485852 
1533571248138 0.163151 0.92939 -0.331084 -0.605572 -0.961288 0.225275 0.158671 -0.255016 0.222053 0.29238 0.930165 0.381809 1 0 0 0 0 1 0 0 0 0 1 1.306 
1533571248149 0.162992 0.929391 -0.331158 -0.60548 -0.96127 0.225197 0.158888 -0.255044 0.222245 0.292435 0.930102 0.3818 0.313239 -0.3866 0.867422 0.386189 -0.93126 -0.304042 0.200784 -0.500185 0.18611 -0.870689 -0.455263 0.505382 
1533571248166 0.162833 0.929393 -0.331232 -0.605388 -0.961253 0.22512 0.159104 -0.255073 0.222437 0.292491 0.930038 0.381792 0.316244 -0.384866 0.867103 0.400216 -0.929998 -0.306258 0.203249 -0.504049 0.187334 -0.87068 -0.454777 0.486145 
1533571248182 0.162675 0.929394 -0.331306 -0.605297 -0.961235 0.225042 0.159321 -0.255101 0.222629 0.292546 0.929975 0.381783 0.316258 -0.384857 0.867102 0.400836 -0.929992 -0.306267 0.203261 -0.504368 0.187338 -0.870681 -0.454774 0.485921 
