1533669667207 0.205505 0.692581 -0.691448 -0.504296 -0.973832 0.214781 -0.0742994 -0.218865 0.0970513 0.688623 0.718596 0.438674 0.16008 -0.304787 0.938871 0.370831 -0.775623 0.549475 0.310623 -0.528794 -0.61056 -0.777934 -0.14844 0.432481 
1533669667219 0.180289 0.667721 -0.72225 -0.520778 -0.976277 0.210995 -0.0486341 -0.219818 0.119917 0.713884 0.68992 0.442214 0.316225 -0.384867 0.86711 0.400813 -0.930002 -0.30626 0.203228 -0.504337 0.187345 -0.870679 -0.454774 0.485882 
1533669667903 0.154095 0.641753 -0.751271 -0.537259 -0.977837 0.208124 -0.0227829 -0.220767 0.141736 0.738131 0.659601 0.445756 0.316225 -0.384867 0.86711 0.400813 -0.930002 -0.30626 0.203228 -0.504337 0.187345 -0.870679 -0.454774 0.485882 
1533669668598 0.126989 0.614737 -0.778442 -0.553736 -0.97851 0.206174 0.0031892 -0.221709 0.162455 0.761308 0.627709 0.449304 0.316225 -0.384867 0.86711 0.400813 -0.930002 -0.30626 0.203228 -0.504337 0.187345 -0.870679 -0.454774 0.485882 
1533669669315 0.0990397 0.586737 -0.803698 -0.570206 -0.978294 0.205152 0.0292157 -0.222638 0.182022 0.783359 0.59432 0.452861 0.316225 -0.384867 0.86711 0.400813 -0.930002 -0.30626 0.203228 -0.504337 0.187345 -0.870679 -0.454774 0.485882 
1533669670045 0.0703187 0.557816 -0.82698 -0.58666 -0.97719 0.205062 0.0552275 -0.223543 0.200389 0.804233 0.559512 0.45643 0.316225 -0.384867 0.86711 0.400813 -0.930002 -0.30626 0.203228 -0.504337 0.187345 -0.870679 -0.454774 0.485882 
1533669670791 0.0409034 0.528035 -0.848237 -0.603086 -0.975201 0.205905 0.0811517 -0.224405 0.217507 0.823882 0.523363 0.46002 0.316225 -0.384867 0.86711 0.400813 -0.930002 -0.30626 0.203228 -0.504337 0.187345 -0.870679 -0.454774 0.485882 
1533669671559 0.0108771 0.497455 -0.867422 -0.619465 -0.972336 0.207682 0.10691 -0.225197 0.233331 0.842263 0.485952 0.463638 0.316225 -0.384867 0.86711 0.400813 -0.930002 -0.30626 0.203228 -0.504337 0.187345 -0.870679 -0.454774 0.485882 
1533669672350 -0.0196723 0.466132 -0.884496 -0.635768 -0.968607 0.210393 0.132421 -0.225885 0.247818 0.859334 0.44736 0.467294 0.316225 -0.384867 0.86711 0.400813 -0.930002 -0.30626 0.203228 -0.504337 0.187345 -0.870679 -0.454774 0.485882 
1533669672356 -0.0498585 0.433224 -0.899906 -0.650489 -0.964147 0.21426 0.156565 -0.224424 0.260642 0.875448 0.407009 0.471826 0.316379 -0.384993 0.866998 0.401317 -0.929989 -0.306181 0.203405 -0.505249 0.187149 -0.870651 -0.454908 0.48631 
