1534184566574 0.418205 0.849556 -0.321496 -0.486466 -0.893256 0.448894 0.0242513 -0.173238 0.164921 0.277036 0.9466 0.354688 0.16008 -0.304787 0.938871 0.370831 -0.775623 0.549475 0.310623 -0.528794 -0.61056 -0.777934 -0.14844 0.432481 
1534184566584 0.421908 0.865028 -0.271515 -0.499919 -0.894083 0.446636 0.0336315 -0.179562 0.15036 0.228567 0.961847 0.35082 0.316221 -0.384864 0.867112 0.4008 -0.930002 -0.306262 0.203224 -0.504312 0.18735 -0.87068 -0.45477 0.485871 
1534184568026 0.424847 0.877936 -0.220757 -0.513358 -0.895048 0.443905 0.0428616 -0.18587 0.135625 0.179379 0.974387 0.346927 0.316221 -0.384864 0.867112 0.4008 -0.930002 -0.306262 0.203224 -0.504312 0.18735 -0.87068 -0.45477 0.485871 
1534184568934 0.427007 0.888245 -0.16937 -0.526798 -0.896148 0.440708 0.051925 -0.192179 0.120765 0.129608 0.984184 0.343034 0.316221 -0.384864 0.867112 0.4008 -0.930002 -0.306262 0.203224 -0.504312 0.18735 -0.87068 -0.45477 0.485871 
1534184569860 0.428384 0.895925 -0.117498 -0.540237 -0.897379 0.437053 0.0607959 -0.198487 0.105821 0.0793961 0.99121 0.33914 0.316221 -0.384864 0.867112 0.4008 -0.930002 -0.306262 0.203224 -0.504312 0.18735 -0.87068 -0.45477 0.485871 
1534184570801 0.428973 0.900955 -0.0652872 -0.553674 -0.898738 0.43295 0.069449 -0.204794 0.0908365 0.0288844 0.995447 0.335244 0.316221 -0.384864 0.867112 0.4008 -0.930002 -0.306262 0.203224 -0.504312 0.18735 -0.87068 -0.45477 0.485871 
1534184571767 0.428773 0.90332 -0.0128855 -0.567105 -0.900222 0.428413 0.0778589 -0.211098 0.0758518 -0.021784 0.996881 0.331342 0.316221 -0.384864 0.867112 0.4008 -0.930002 -0.306262 0.203224 -0.504312 0.18735 -0.87068 -0.45477 0.485871 
1534184572746 0.427785 0.903015 0.0395588 -0.580521 -0.901826 0.423454 0.0860004 -0.217396 0.0609083 -0.0724648 0.995509 0.327428 0.316221 -0.384864 0.867112 0.4008 -0.930002 -0.306262 0.203224 -0.504312 0.18735 -0.87068 -0.45477 0.485871 
1534184573743 0.42601 0.900039 0.0918957 -0.593923 -0.903545 0.418087 0.0938555 -0.22369 0.0460532 -0.123015 0.991336 0.323523 0.316221 -0.384864 0.867112 0.4008 -0.930002 -0.306262 0.203224 -0.504312 0.18735 -0.87068 -0.45477 0.485871 
1534184574762 0.423602 0.894389 0.143629 -0.605167 -0.905303 0.412489 0.101387 -0.229161 0.0314339 -0.172975 0.984424 0.320132 0.316301 -0.384929 0.867054 0.401061 -0.929996 -0.306221 0.203316 -0.504786 0.187248 -0.870666 -0.45484 0.486093 
1534184575786 0.424213 0.894338 0.142135 -0.605066 -0.905008 0.413207 0.101097 -0.22925 0.0316837 -0.17152 0.984671 0.3199 0.316301 -0.384929 0.867054 0.401061 -0.929996 -0.306221 0.203316 -0.504786 0.187248 -0.870666 -0.45484 0.486093 
1534184575798 0.423842 0.893643 0.14751 -0.606638 -0.905233 0.412524 0.10187 -0.229955 0.0301837 -0.176708 0.9838 0.319483 0.31622 -0.384863 0.867113 0.400795 -0.930002 -0.306262 0.203222 -0.504304 0.187351 -0.87068 -0.454769 0.485867 
1534184576181 0.423463 0.89292 0.152882 -0.608215 -0.905459 0.411836 0.102637 -0.230663 0.0286848 -0.181891 0.9829 0.319065 0.31622 -0.384863 0.867113 0.400795 -0.930002 -0.306262 0.203222 -0.504304 0.187351 -0.87068 -0.454769 0.485867 
1534184576548 0.423075 0.892169 0.158249 -0.60979 -0.905687 0.411144 0.103401 -0.231369 0.0271881 -0.18707 0.98197 0.318648 0.31622 -0.384863 0.867113 0.400795 -0.930002 -0.306262 0.203222 -0.504304 0.187351 -0.87068 -0.454769 0.485867 
1534184576916 0.422679 0.891389 0.163611 -0.611368 -0.905915 0.410449 0.104161 -0.232077 0.0256937 -0.192244 0.981011 0.318229 0.31622 -0.384863 0.867113 0.400795 -0.930002 -0.306262 0.203222 -0.504304 0.187351 -0.87068 -0.454769 0.485867 
1534184577289 0.422275 0.890581 0.168969 -0.612944 -0.906145 0.409749 0.104916 -0.232784 0.0242017 -0.197414 0.980021 0.317811 0.31622 -0.384863 0.867113 0.400795 -0.930002 -0.306262 0.203222 -0.504304 0.187351 -0.87068 -0.454769 0.485867 
1534184577660 0.421862 0.889744 0.174321 -0.614521 -0.906375 0.409045 0.105668 -0.233491 0.0227121 -0.202578 0.979003 0.317394 0.31622 -0.384863 0.867113 0.400795 -0.930002 -0.306262 0.203222 -0.504304 0.187351 -0.87068 -0.454769 0.485867 
1534184578035 0.421442 0.888879 0.179669 -0.616098 -0.906607 0.408337 0.106415 -0.234199 0.021225 -0.207737 0.977954 0.316976 0.31622 -0.384863 0.867113 0.400795 -0.930002 -0.306262 0.203222 -0.504304 0.187351 -0.87068 -0.454769 0.485867 
1534184578406 0.421013 0.887986 0.185011 -0.617674 -0.90684 0.407626 0.107159 -0.234906 0.0197403 -0.212891 0.976877 0.316558 0.31622 -0.384863 0.867113 0.400795 -0.930002 -0.306262 0.203222 -0.504304 0.187351 -0.87068 -0.454769 0.485867 
1534184578781 0.420576 0.887065 0.190348 -0.619251 -0.907074 0.40691 0.107898 -0.235613 0.0182582 -0.218039 0.975769 0.31614 0.31622 -0.384863 0.867113 0.400795 -0.930002 -0.306262 0.203222 -0.504304 0.187351 -0.87068 -0.454769 0.485867 
1534184579180 0.421111 0.887016 0.189389 -0.619091 -0.90682 0.407482 0.107867 -0.235758 0.0185075 -0.217166 0.975959 0.316051 0.31622 -0.384863 0.867113 0.400795 -0.930002 -0.306262 0.203222 -0.504304 0.187351 -0.87068 -0.454769 0.485867 
1534184579193 0.421039 0.886754 0.19077 -0.619235 -0.906875 0.407508 0.107306 -0.235823 0.0174134 -0.218184 0.975752 0.31593 0.31622 -0.384863 0.867113 0.400795 -0.930002 -0.306262 0.203222 -0.504304 0.187351 -0.87068 -0.45477 0.485867 
1534184579200 0.420965 0.886491 0.192152 -0.619386 -0.90693 0.407534 0.106744 -0.235891 0.0163194 -0.219204 0.975543 0.315807 0.31622 -0.384863 0.867113 0.400795 -0.930002 -0.306262 0.203222 -0.504304 0.187351 -0.87068 -0.45477 0.485867 
1534184579409 0.42089 0.886226 0.193534 -0.619536 -0.906984 0.40756 0.106183 -0.235959 0.0152253 -0.220224 0.975331 0.315683 0.31622 -0.384863 0.867113 0.400795 -0.930002 -0.306262 0.203222 -0.504304 0.187351 -0.87068 -0.45477 0.485867 
1534184579553 0.420813 0.88596 0.194916 -0.619687 -0.907037 0.407587 0.105622 -0.236027 0.0141314 -0.221243 0.975116 0.315561 0.31622 -0.384863 0.867113 0.400795 -0.930002 -0.306262 0.203222 -0.504304 0.187351 -0.87068 -0.45477 0.485867 
1534184579705 0.420734 0.885692 0.196297 -0.619837 -0.90709 0.407614 0.10506 -0.236095 0.0130376 -0.222261 0.9749 0.315438 0.31622 -0.384863 0.867113 0.400795 -0.930002 -0.306262 0.203222 -0.504304 0.187351 -0.87068 -0.45477 0.485867 
1534184579851 0.420654 0.885423 0.197678 -0.619988 -0.907143 0.407643 0.104499 -0.236163 0.0119438 -0.22328 0.974681 0.315315 0.31622 -0.384863 0.867113 0.400795 -0.930002 -0.306262 0.203222 -0.504304 0.187351 -0.87068 -0.45477 0.485867 
1534184580001 0.420572 0.885152 0.199058 -0.620139 -0.907194 0.407671 0.103937 -0.236231 0.0108501 -0.224298 0.97446 0.315191 0.31622 -0.384863 0.867113 0.400795 -0.930002 -0.306262 0.203222 -0.504304 0.187351 -0.87068 -0.45477 0.485867 
1534184580147 0.420489 0.88488 0.200439 -0.62029 -0.907245 0.407701 0.103376 -0.236299 0.00975644 -0.225315 0.974237 0.315068 0.31622 -0.384863 0.867113 0.400795 -0.930002 -0.306262 0.203222 -0.504304 0.187351 -0.87068 -0.45477 0.485867 
1534184580297 0.420405 0.884607 0.201818 -0.62044 -0.907295 0.407731 0.102814 -0.236367 0.00866297 -0.226332 0.974012 0.314946 0.31622 -0.384863 0.867113 0.400795 -0.930002 -0.306262 0.203222 -0.504304 0.187351 -0.87068 -0.45477 0.485867 
1534184580458 0.420422 0.884751 0.20115 -0.620323 -0.907281 0.407651 0.103262 -0.236342 0.00936199 -0.225913 0.974102 0.315091 0.31622 -0.384863 0.867113 0.400795 -0.930002 -0.306262 0.203222 -0.504304 0.187351 -0.87068 -0.45477 0.485867 
1534184580473 0.420311 0.88469 0.20165 -0.6204 -0.907337 0.407617 0.102899 -0.236324 0.00883775 -0.226214 0.974038 0.315062 0.31622 -0.384863 0.867113 0.400795 -0.930002 -0.306262 0.203222 -0.504304 0.187351 -0.87068 -0.45477 0.485867 
1534184580478 0.420199 0.884628 0.202151 -0.620484 -0.907394 0.407582 0.102535 -0.236308 0.00831215 -0.226515 0.973972 0.315032 0.31622 -0.384863 0.867113 0.400795 -0.930002 -0.306262 0.203222 -0.504304 0.187351 -0.87068 -0.45477 0.485867 
1534184580491 0.420088 0.884567 0.202652 -0.620568 -0.90745 0.407548 0.102171 -0.236293 0.00778657 -0.226817 0.973906 0.315002 0.31622 -0.384863 0.867113 0.400795 -0.930002 -0.306262 0.203222 -0.504304 0.187351 -0.87068 -0.45477 0.485867 
1534184580508 0.419975 0.884505 0.203152 -0.620651 -0.907506 0.407514 0.101807 -0.236277 0.00726106 -0.227118 0.97384 0.314972 0.31622 -0.384863 0.867113 0.400795 -0.930002 -0.306262 0.203222 -0.504304 0.187351 -0.87068 -0.45477 0.485867 
1534184580634 0.419863 0.884444 0.203653 -0.620735 -0.907562 0.40748 0.101442 -0.236261 0.00673557 -0.22742 0.973774 0.314942 0.31622 -0.384863 0.867113 0.400795 -0.930002 -0.306262 0.203222 -0.504304 0.187351 -0.87068 -0.45477 0.485867 
1534184580676 0.41975 0.884382 0.204154 -0.620819 -0.907618 0.407446 0.101078 -0.236246 0.0062101 -0.227721 0.973707 0.314911 0.31622 -0.384863 0.867113 0.400795 -0.930002 -0.306262 0.203222 -0.504304 0.187351 -0.87068 -0.45477 0.485867 
1534184580753 0.419637 0.88432 0.204654 -0.620903 -0.907674 0.407412 0.100714 -0.23623 0.00568465 -0.228023 0.973639 0.314881 0.31622 -0.384863 0.867113 0.400795 -0.930002 -0.306262 0.203222 -0.504304 0.187351 -0.87068 -0.45477 0.485867 
1534184580798 0.419524 0.884257 0.205155 -0.620987 -0.90773 0.407378 0.10035 -0.236215 0.00515925 -0.228324 0.973571 0.314851 0.31622 -0.384863 0.867113 0.400795 -0.930002 -0.306262 0.203222 -0.504304 0.187351 -0.87068 -0.45477 0.485867 
1534184580860 0.419411 0.884195 0.205655 -0.621071 -0.907785 0.407345 0.0999853 -0.236199 0.00463393 -0.228626 0.973503 0.314821 0.31622 -0.384863 0.867113 0.400795 -0.930002 -0.306262 0.203222 -0.504304 0.187351 -0.87068 -0.45477 0.485867 
1534184580939 0.419576 0.884285 0.204929 -0.620933 -0.907704 0.407385 0.100554 -0.23616 0.00543374 -0.228205 0.973598 0.314835 0.31622 -0.384863 0.867113 0.400795 -0.930002 -0.306262 0.203222 -0.504304 0.187351 -0.87068 -0.45477 0.485867 
1534184580952 0.419253 0.884413 0.205037 -0.621076 -0.907851 0.406982 0.100858 -0.236197 0.00575399 -0.228428 0.973544 0.314782 0.31622 -0.384863 0.867113 0.400795 -0.930002 -0.306262 0.203222 -0.504304 0.187351 -0.87068 -0.45477 0.485867 
1534184580970 0.418931 0.884541 0.205145 -0.621225 -0.907998 0.406579 0.101162 -0.236237 0.00607434 -0.228651 0.97349 0.314728 0.31622 -0.384863 0.867113 0.400795 -0.930002 -0.306262 0.203222 -0.504304 0.187351 -0.87068 -0.45477 0.485867 
1534184581044 0.418609 0.884668 0.205253 -0.621374 -0.908144 0.406176 0.101466 -0.236276 0.00639475 -0.228874 0.973435 0.314674 0.31622 -0.384863 0.867113 0.400795 -0.930002 -0.306262 0.203222 -0.504304 0.187351 -0.87068 -0.45477 0.485867 
1534184581134 0.418287 0.884796 0.205361 -0.621523 -0.90829 0.405773 0.101769 -0.236315 0.00671527 -0.229096 0.973381 0.314619 0.31622 -0.384863 0.867113 0.400795 -0.930002 -0.306262 0.203222 -0.504304 0.187351 -0.87068 -0.45477 0.485867 
1534184581194 0.417964 0.884923 0.205469 -0.621672 -0.908436 0.40537 0.102073 -0.236355 0.00703586 -0.229318 0.973326 0.314565 0.31622 -0.384863 0.867113 0.400795 -0.930002 -0.306262 0.203222 -0.504304 0.187351 -0.87068 -0.45477 0.485867 
1534184581296 0.417642 0.88505 0.205577 -0.621821 -0.908582 0.404967 0.102377 -0.236395 0.00735651 -0.229541 0.973271 0.314511 0.31622 -0.384863 0.867113 0.400795 -0.930002 -0.306262 0.203222 -0.504304 0.187351 -0.87068 -0.45477 0.485867 
1534184581351 0.41732 0.885177 0.205686 -0.621971 -0.908727 0.404563 0.10268 -0.236434 0.00767723 -0.229763 0.973216 0.314456 0.31622 -0.384863 0.867113 0.400795 -0.930002 -0.306262 0.203222 -0.504304 0.187351 -0.87068 -0.45477 0.485867 
1534184581456 0.416997 0.885303 0.205794 -0.622119 -0.908872 0.40416 0.102984 -0.236473 0.0079981 -0.229985 0.973161 0.314402 0.31622 -0.384863 0.867113 0.400795 -0.930002 -0.306262 0.203222 -0.504304 0.187351 -0.87068 -0.45477 0.485867 
1534184581513 0.416675 0.88543 0.205903 -0.622269 -0.909017 0.403756 0.103287 -0.236513 0.00831897 -0.230207 0.973106 0.314348 0.31622 -0.384863 0.867113 0.400795 -0.930002 -0.306262 0.203222 -0.504304 0.187351 -0.87068 -0.45477 0.485867 
1534184581628 0.417019 0.885313 0.205709 -0.622103 -0.908863 0.404187 0.102961 -0.236505 0.00800791 -0.229898 0.973182 0.314401 0.31622 -0.384863 0.867113 0.400795 -0.930002 -0.306262 0.203222 -0.504304 0.187351 -0.87068 -0.45477 0.485867 
1534184581642 0.416651 0.885513 0.205591 -0.62212 -0.909031 0.403831 0.102877 -0.2365 0.00807454 -0.229753 0.973216 0.31431 0.31622 -0.384863 0.867113 0.400795 -0.930002 -0.306262 0.203222 -0.504304 0.187351 -0.87068 -0.45477 0.485867 
1534184581658 0.416284 0.885713 0.205474 -0.622143 -0.909198 0.403475 0.102792 -0.236498 0.00814059 -0.229607 0.973249 0.314218 0.31622 -0.384863 0.867113 0.400795 -0.930002 -0.306262 0.203222 -0.504304 0.187351 -0.87068 -0.45477 0.485867 
1534184581675 0.415916 0.885913 0.205357 -0.622166 -0.909366 0.403119 0.102707 -0.236496 0.00820655 -0.229462 0.973283 0.314126 0.31622 -0.384863 0.867113 0.400795 -0.930002 -0.306262 0.203222 -0.504304 0.187351 -0.87068 -0.45477 0.485867 
1534184581692 0.415549 0.886113 0.205239 -0.622189 -0.909533 0.402763 0.102622 -0.236494 0.00827249 -0.229316 0.973317 0.314034 0.31622 -0.384863 0.867113 0.400795 -0.930002 -0.306262 0.203222 -0.504304 0.187351 -0.87068 -0.45477 0.485867 
1534184581768 0.415181 0.886312 0.205121 -0.622213 -0.909701 0.402406 0.102538 -0.236492 0.00833834 -0.229171 0.97335 0.313942 0.31622 -0.384863 0.867113 0.400795 -0.930002 -0.306262 0.203222 -0.504304 0.187351 -0.87068 -0.45477 0.485867 
1534184581809 0.414813 0.886512 0.205004 -0.622236 -0.909868 0.40205 0.102453 -0.23649 0.00840413 -0.229025 0.973384 0.31385 0.31622 -0.384863 0.867113 0.400795 -0.930002 -0.306262 0.203222 -0.504304 0.187351 -0.87068 -0.45477 0.485867 
1534184581834 0.414446 0.886711 0.204886 -0.62226 -0.910035 0.401693 0.102369 -0.236488 0.00846984 -0.22888 0.973418 0.313758 0.31622 -0.384863 0.867113 0.400795 -0.930002 -0.306262 0.203222 -0.504304 0.187351 -0.87068 -0.45477 0.485867 
1534184581892 0.414078 0.88691 0.204769 -0.622284 -0.910201 0.401337 0.102284 -0.236486 0.00853549 -0.228734 0.973451 0.313666 0.31622 -0.384863 0.867113 0.400795 -0.930002 -0.306262 0.203222 -0.504304 0.187351 -0.87068 -0.45477 0.485867 
1534184581929 0.41371 0.887109 0.204651 -0.622307 -0.910368 0.40098 0.1022 -0.236484 0.00860114 -0.228589 0.973485 0.313574 0.31622 -0.384863 0.867113 0.400795 -0.930002 -0.306262 0.203222 -0.504304 0.187351 -0.87068 -0.45477 0.485867 
1534184581986 0.414499 0.886685 0.204893 -0.622244 -0.910011 0.401754 0.102341 -0.236474 0.00842805 -0.228875 0.973419 0.313724 0.31622 -0.384863 0.867113 0.400795 -0.930002 -0.306262 0.203222 -0.504304 0.187351 -0.87068 -0.45477 0.485867 
1534184581999 0.414089 0.886841 0.205047 -0.62213 -0.910196 0.40129 0.102519 -0.236402 0.00863434 -0.229084 0.973368 0.313626 0.31622 -0.384863 0.867113 0.400795 -0.930002 -0.306262 0.203222 -0.504304 0.187351 -0.87068 -0.45477 0.485867 
1534184582015 0.413678 0.886997 0.205199 -0.62201 -0.91038 0.400826 0.102696 -0.236327 0.00884161 -0.229292 0.973318 0.313529 0.31622 -0.384863 0.867113 0.400795 -0.930002 -0.306262 0.203222 -0.504304 0.187351 -0.87068 -0.45477 0.485867 
1534184582022 0.413268 0.887153 0.205351 -0.621889 -0.910565 0.400361 0.102873 -0.236252 0.00904899 -0.2295 0.973267 0.313432 0.31622 -0.384863 0.867113 0.400795 -0.930002 -0.306262 0.203222 -0.504304 0.187351 -0.87068 -0.45477 0.485867 
1534184582133 0.412857 0.887309 0.205504 -0.621769 -0.910749 0.399897 0.10305 -0.236177 0.00925644 -0.229707 0.973216 0.313334 0.31622 -0.384863 0.867113 0.400795 -0.930002 -0.306262 0.203222 -0.504304 0.187351 -0.87068 -0.45477 0.485867 
1534184582140 0.412446 0.887465 0.205657 -0.621649 -0.910933 0.399432 0.103226 -0.236102 0.009464 -0.229915 0.973165 0.313237 0.31622 -0.384863 0.867113 0.400795 -0.930002 -0.306262 0.203222 -0.504304 0.187351 -0.87068 -0.45477 0.485867 
1534184582184 0.412036 0.88762 0.205809 -0.621529 -0.911116 0.398967 0.103403 -0.236027 0.00967167 -0.230122 0.973114 0.313141 0.31622 -0.384863 0.867113 0.400795 -0.930002 -0.306262 0.203222 -0.504304 0.187351 -0.87068 -0.45477 0.485867 
1534184582267 0.411625 0.887775 0.205962 -0.621408 -0.9113 0.398502 0.10358 -0.235952 0.00987945 -0.230329 0.973063 0.313044 0.31622 -0.384863 0.867113 0.400795 -0.930002 -0.306262 0.203222 -0.504304 0.187351 -0.87068 -0.45477 0.485867 
1534184582304 0.411214 0.88793 0.206115 -0.621288 -0.911483 0.398037 0.103756 -0.235877 0.0100873 -0.230536 0.973011 0.312946 0.31622 -0.384863 0.867113 0.400795 -0.930002 -0.306262 0.203222 -0.504304 0.187351 -0.87068 -0.45477 0.485867 
1534184582321 0.410803 0.888085 0.206267 -0.621167 -0.911666 0.397571 0.103933 -0.235802 0.0102952 -0.230743 0.97296 0.31285 0.31622 -0.384863 0.867113 0.400795 -0.930002 -0.306262 0.203222 -0.504304 0.187351 -0.87068 -0.45477 0.485867 
1534184582401 0.411615 0.887768 0.206013 -0.621447 -0.911306 0.398513 0.103487 -0.235937 0.0097734 -0.230338 0.973062 0.313075 0.31622 -0.384863 0.867113 0.400795 -0.930002 -0.306262 0.203222 -0.504304 0.187351 -0.87068 -0.45477 0.485867 
1534184582414 0.411 0.888005 0.206217 -0.621156 -0.911576 0.397733 0.104106 -0.235753 0.0104275 -0.230771 0.972952 0.312977 0.31622 -0.384863 0.867113 0.400795 -0.930002 -0.306262 0.203222 -0.504304 0.187351 -0.87068 -0.45477 0.485867 
1534184582430 0.410385 0.888243 0.206421 -0.620858 -0.911845 0.396952 0.104726 -0.235566 0.0110828 -0.231202 0.972843 0.312879 0.31622 -0.384863 0.867113 0.400795 -0.930002 -0.306262 0.203222 -0.504304 0.187351 -0.87068 -0.45477 0.485867 
1534184582582 0.409769 0.888479 0.206625 -0.620562 -0.912114 0.396171 0.105345 -0.23538 0.0117382 -0.231632 0.972733 0.312782 0.31622 -0.384863 0.867113 0.400795 -0.930002 -0.306262 0.203222 -0.504304 0.187351 -0.87068 -0.45477 0.485867 
1534184582589 0.409154 0.888715 0.206829 -0.620264 -0.912381 0.395389 0.105964 -0.235193 0.0123941 -0.232062 0.972622 0.312685 0.31622 -0.384863 0.867113 0.400795 -0.930002 -0.306262 0.203222 -0.504304 0.187351 -0.87068 -0.45477 0.485867 
1534184582776 0.408539 0.888951 0.207033 -0.619967 -0.912648 0.394607 0.106583 -0.235006 0.0130502 -0.232491 0.972511 0.312588 0.31622 -0.384863 0.867113 0.400795 -0.930002 -0.306262 0.203222 -0.504304 0.187351 -0.87068 -0.45477 0.485867 
1534184582903 0.407923 0.889185 0.207238 -0.61967 -0.912913 0.393824 0.107201 -0.23482 0.0137066 -0.23292 0.972399 0.312491 0.31622 -0.384863 0.867113 0.400795 -0.930002 -0.306262 0.203222 -0.504304 0.187351 -0.87068 -0.45477 0.485867 
1534184583009 0.407308 0.88942 0.207443 -0.619372 -0.913178 0.393041 0.10782 -0.234633 0.0143633 -0.233348 0.972287 0.312394 0.31622 -0.384863 0.867113 0.400795 -0.930002 -0.306262 0.203222 -0.504304 0.187351 -0.87068 -0.45477 0.485867 
1534184583015 0.406692 0.889653 0.207649 -0.619075 -0.913442 0.392257 0.108438 -0.234447 0.0150203 -0.233776 0.972174 0.312297 0.31622 -0.384863 0.867113 0.400795 -0.930002 -0.306262 0.203222 -0.504304 0.187351 -0.87068 -0.45477 0.485867 
1534184583185 0.406077 0.889886 0.207855 -0.618778 -0.913704 0.391473 0.109056 -0.23426 0.0156776 -0.234203 0.972061 0.3122 0.31622 -0.384863 0.867113 0.400795 -0.930002 -0.306262 0.203222 -0.504304 0.187351 -0.87068 -0.45477 0.485867 
1534184583320 0.406573 0.889709 0.207645 -0.618992 -0.91349 0.392073 0.108696 -0.234425 0.0152959 -0.233874 0.972147 0.312274 0.31622 -0.384863 0.867113 0.400795 -0.930002 -0.306262 0.203222 -0.504304 0.187351 -0.87068 -0.45477 0.485867 
1534184583330 0.405515 0.889848 0.209115 -0.618722 -0.91396 0.390863 0.109103 -0.234249 0.0153501 -0.235365 0.971786 0.312071 0.31622 -0.384863 0.867113 0.400795 -0.930002 -0.306262 0.203222 -0.504304 0.187351 -0.87068 -0.45477 0.485867 
1534184583459 0.404454 0.889983 0.210588 -0.618456 -0.914428 0.389652 0.10951 -0.234076 0.0154059 -0.236859 0.971422 0.311863 0.31622 -0.384863 0.867113 0.400795 -0.930002 -0.306262 0.203222 -0.504304 0.187351 -0.87068 -0.45477 0.485867 
1534184583466 0.403394 0.890115 0.21206 -0.61819 -0.914896 0.388439 0.109914 -0.233902 0.0154635 -0.238351 0.971056 0.311656 0.31622 -0.384863 0.867113 0.400795 -0.930002 -0.306262 0.203222 -0.504304 0.187351 -0.87068 -0.45477 0.485867 
1534184583660 0.402333 0.890243 0.213533 -0.617926 -0.915362 0.387225 0.110316 -0.233729 0.0155228 -0.239843 0.970687 0.311449 0.31622 -0.384863 0.867113 0.400795 -0.930002 -0.306262 0.203222 -0.504304 0.187351 -0.87068 -0.45477 0.485867 
1534184583797 0.401271 0.890367 0.215005 -0.617662 -0.915827 0.38601 0.110716 -0.233556 0.015584 -0.241335 0.970317 0.311243 0.31622 -0.384863 0.867113 0.400795 -0.930002 -0.306262 0.203222 -0.504304 0.187351 -0.87068 -0.45477 0.485867 
1534184583930 0.40021 0.890489 0.216477 -0.617396 -0.91629 0.384794 0.111114 -0.233382 0.0156469 -0.242825 0.969944 0.311037 0.31622 -0.384863 0.867113 0.400795 -0.930002 -0.306262 0.203222 -0.504304 0.187351 -0.87068 -0.45477 0.485867 
1534184583936 0.399147 0.890606 0.21795 -0.617131 -0.916752 0.383576 0.11151 -0.233209 0.0157116 -0.244315 0.969569 0.31083 0.31622 -0.384863 0.867113 0.400795 -0.930002 -0.306262 0.203222 -0.504304 0.187351 -0.87068 -0.45477 0.485867 
1534184584127 0.398084 0.89072 0.219422 -0.616867 -0.917213 0.382358 0.111905 -0.233036 0.0157781 -0.245804 0.969191 0.310623 0.31622 -0.384863 0.867113 0.400795 -0.930002 -0.306262 0.203222 -0.504304 0.187351 -0.87068 -0.45477 0.485867 
1534184584292 0.397021 0.890831 0.220894 -0.616601 -0.917673 0.381138 0.112297 -0.232862 0.0158463 -0.247293 0.968811 0.310417 0.31622 -0.384863 0.867113 0.400795 -0.930002 -0.306262 0.203222 -0.504304 0.187351 -0.87068 -0.45477 0.485867 
1534184584442 0.397566 0.890799 0.220041 -0.616786 -0.917438 0.38178 0.112037 -0.232941 0.0157951 -0.246416 0.969035 0.310585 0.31622 -0.384863 0.867113 0.400795 -0.930002 -0.306262 0.203222 -0.504304 0.187351 -0.87068 -0.45477 0.485867 
1534184584453 0.396977 0.89081 0.221057 -0.616616 -0.9177 0.38121 0.111828 -0.232775 0.0153483 -0.247257 0.968828 0.31047 0.31622 -0.384863 0.867113 0.400795 -0.930002 -0.306262 0.203222 -0.504304 0.187351 -0.87068 -0.45477 0.485867 
1534184584469 0.396388 0.89082 0.222071 -0.616438 -0.917962 0.38064 0.11162 -0.232607 0.0149042 -0.248098 0.96862 0.310354 0.31622 -0.384863 0.867113 0.400795 -0.930002 -0.306262 0.203222 -0.504304 0.187351 -0.87068 -0.45477 0.485867 
1534184584538 0.395798 0.890829 0.223086 -0.616261 -0.918224 0.380069 0.111411 -0.232438 0.0144603 -0.248939 0.968411 0.310239 0.31622 -0.384863 0.867113 0.400795 -0.930002 -0.306262 0.203222 -0.504304 0.187351 -0.87068 -0.45477 0.485867 
1534184584625 0.395208 0.890837 0.224099 -0.616085 -0.918485 0.379499 0.111202 -0.23227 0.014017 -0.24978 0.968201 0.310124 0.31622 -0.384863 0.867113 0.400795 -0.930002 -0.306262 0.203222 -0.504304 0.187351 -0.87068 -0.45477 0.485867 
1534184584632 0.394617 0.890843 0.225113 -0.615908 -0.918746 0.378929 0.110991 -0.232101 0.0135742 -0.25062 0.96799 0.310009 0.31622 -0.384863 0.867113 0.400795 -0.930002 -0.306262 0.203222 -0.504304 0.187351 -0.87068 -0.45477 0.485867 
1534184584776 0.394025 0.890849 0.226126 -0.61573 -0.919006 0.378359 0.110781 -0.231933 0.013132 -0.251461 0.967778 0.309894 0.31622 -0.384863 0.867113 0.400795 -0.930002 -0.306262 0.203222 -0.504304 0.187351 -0.87068 -0.45477 0.485867 
1534184584859 0.393433 0.890853 0.227139 -0.615555 -0.919266 0.377789 0.110569 -0.231765 0.0126903 -0.252302 0.967565 0.309779 0.31622 -0.384863 0.867113 0.400795 -0.930002 -0.306262 0.203222 -0.504304 0.187351 -0.87068 -0.45477 0.485867 
1534184584945 0.39284 0.890856 0.228151 -0.615377 -0.919525 0.377219 0.110357 -0.231596 0.0122492 -0.253143 0.967351 0.309664 0.31622 -0.384863 0.867113 0.400795 -0.930002 -0.306262 0.203222 -0.504304 0.187351 -0.87068 -0.45477 0.485867 
1534184585013 0.392246 0.890858 0.229163 -0.615201 -0.919785 0.376649 0.110144 -0.231428 0.0118086 -0.253984 0.967136 0.309549 0.31622 -0.384863 0.867113 0.400795 -0.930002 -0.306262 0.203222 -0.504304 0.187351 -0.87068 -0.45477 0.485867 
1534184585118 0.392893 0.890838 0.228128 -0.615362 -0.919502 0.377261 0.110406 -0.231582 0.0122904 -0.253142 0.967351 0.309649 0.31622 -0.384863 0.867113 0.400795 -0.930002 -0.306262 0.203222 -0.504304 0.187351 -0.87068 -0.45477 0.485867 
1534184585129 0.392255 0.890923 0.228893 -0.615188 -0.919776 0.376599 0.110385 -0.231464 0.0121439 -0.253829 0.967173 0.309519 0.31622 -0.384863 0.867113 0.400795 -0.930002 -0.306262 0.203222 -0.504304 0.187351 -0.87068 -0.45477 0.485867 
1534184585146 0.391618 0.891007 0.229656 -0.615007 -0.92005 0.375937 0.110363 -0.231344 0.0119984 -0.254515 0.966994 0.309391 0.31622 -0.384863 0.867113 0.400795 -0.930002 -0.306262 0.203222 -0.504304 0.187351 -0.87068 -0.45477 0.485867 
1534184585162 0.39098 0.89109 0.230419 -0.614826 -0.920323 0.375274 0.110341 -0.231223 0.0118534 -0.255201 0.966815 0.309263 0.31622 -0.384863 0.867113 0.400795 -0.930002 -0.306262 0.203222 -0.504304 0.187351 -0.87068 -0.45477 0.485867 
1534184585289 0.390342 0.891172 0.231182 -0.614646 -0.920595 0.374612 0.110318 -0.231103 0.0117088 -0.255886 0.966636 0.309135 0.31622 -0.384863 0.867113 0.400795 -0.930002 -0.306262 0.203222 -0.504304 0.187351 -0.87068 -0.45477 0.485867 
1534184585341 0.389704 0.891254 0.231944 -0.614466 -0.920868 0.373949 0.110294 -0.230983 0.0115648 -0.256572 0.966456 0.309007 0.31622 -0.384863 0.867113 0.400795 -0.930002 -0.306262 0.203222 -0.504304 0.187351 -0.87068 -0.45477 0.485867 
1534184585348 0.389065 0.891334 0.232707 -0.614285 -0.921139 0.373286 0.11027 -0.230862 0.0114212 -0.257258 0.966275 0.308878 0.31622 -0.384863 0.867113 0.400795 -0.930002 -0.306262 0.203222 -0.504304 0.187351 -0.87068 -0.45477 0.485867 
1534184585463 0.388426 0.891413 0.233469 -0.614105 -0.921411 0.372623 0.110245 -0.230742 0.0112781 -0.257943 0.966094 0.30875 0.31622 -0.384863 0.867113 0.400795 -0.930002 -0.306262 0.203222 -0.504304 0.187351 -0.87068 -0.45477 0.485867 
1534184585528 0.387787 0.891491 0.234232 -0.613924 -0.921682 0.37196 0.11022 -0.230622 0.0111356 -0.258629 0.965913 0.308622 0.31622 -0.384863 0.867113 0.400795 -0.930002 -0.306262 0.203222 -0.504304 0.187351 -0.87068 -0.45477 0.485867 
1534184585600 0.387147 0.891569 0.234994 -0.613744 -0.921952 0.371296 0.110194 -0.230502 0.0109934 -0.259315 0.96573 0.308494 0.31622 -0.384863 0.867113 0.400795 -0.930002 -0.306262 0.203222 -0.504304 0.187351 -0.87068 -0.45477 0.485867 
1534184585680 0.38797 0.89148 0.233972 -0.614005 -0.921604 0.372147 0.11024 -0.230636 0.011205 -0.2584 0.965973 0.308661 0.31622 -0.384863 0.867113 0.400795 -0.930002 -0.306262 0.203222 -0.504304 0.187351 -0.87068 -0.45477 0.485867 
1534184585693 0.387377 0.891445 0.235087 -0.613894 -0.921857 0.371529 0.110209 -0.230542 0.0109038 -0.259409 0.965706 0.308539 0.31622 -0.384863 0.867113 0.400795 -0.930002 -0.306262 0.203222 -0.504304 0.187351 -0.87068 -0.45477 0.485867 
1534184585710 0.386772 0.891409 0.236214 -0.613787 -0.922114 0.370899 0.110176 -0.230448 0.0106005 -0.260429 0.965435 0.308415 0.31622 -0.384863 0.867113 0.400795 -0.930002 -0.306262 0.203222 -0.504304 0.187351 -0.87068 -0.45477 0.485867 
1534184585838 0.386167 0.891372 0.237341 -0.613681 -0.922371 0.37027 0.110142 -0.230353 0.0102978 -0.26145 0.965162 0.308291 0.31622 -0.384863 0.867113 0.400795 -0.930002 -0.306262 0.203222 -0.504304 0.187351 -0.87068 -0.45477 0.485867 
1534184585953 0.385561 0.891334 0.238467 -0.613574 -0.922628 0.36964 0.110108 -0.230259 0.00999588 -0.26247 0.964888 0.308167 0.31622 -0.384863 0.867113 0.400795 -0.930002 -0.306262 0.203222 -0.504304 0.187351 -0.87068 -0.45477 0.485867 
1534184585960 0.384955 0.891294 0.239593 -0.613467 -0.922884 0.36901 0.110073 -0.230164 0.00969461 -0.26349 0.964613 0.308043 0.31622 -0.384863 0.867113 0.400795 -0.930002 -0.306262 0.203222 -0.504304 0.187351 -0.87068 -0.45477 0.485867 
1534184586122 0.384348 0.891252 0.240719 -0.613361 -0.92314 0.36838 0.110036 -0.23007 0.00939403 -0.26451 0.964337 0.307919 0.31622 -0.384863 0.867113 0.400795 -0.930002 -0.306262 0.203222 -0.504304 0.187351 -0.87068 -0.45477 0.485867 
1534184586234 0.383741 0.891209 0.241845 -0.613254 -0.923396 0.36775 0.11 -0.229975 0.00909414 -0.26553 0.96406 0.307795 0.31622 -0.384863 0.867113 0.400795 -0.930002 -0.306262 0.203222 -0.504304 0.187351 -0.87068 -0.45477 0.485867 
1534184586355 0.383134 0.891165 0.24297 -0.613147 -0.923651 0.36712 0.109962 -0.22988 0.008795 -0.266549 0.963781 0.307671 0.31622 -0.384863 0.867113 0.400795 -0.930002 -0.306262 0.203222 -0.504304 0.187351 -0.87068 -0.45477 0.485867 
1534184586466 0.382525 0.891118 0.244095 -0.613041 -0.923906 0.36649 0.109923 -0.229786 0.00849649 -0.267569 0.963501 0.307546 0.31622 -0.384863 0.867113 0.400795 -0.930002 -0.306262 0.203222 -0.504304 0.187351 -0.87068 -0.45477 0.485867 
1534184586583 0.38304 0.89114 0.243207 -0.613105 -0.923689 0.366977 0.110118 -0.229895 0.00887954 -0.266827 0.963704 0.307672 0.31622 -0.384863 0.867113 0.400795 -0.930002 -0.306262 0.203222 -0.504304 0.187351 -0.87068 -0.45477 0.485867 
1534184586595 0.382594 0.891244 0.243528 -0.612991 -0.923872 0.366451 0.110337 -0.229852 0.00909631 -0.267203 0.963597 0.30759 0.31622 -0.384863 0.867113 0.400795 -0.930002 -0.306262 0.203222 -0.504304 0.187351 -0.87068 -0.45477 0.485867 
1534184586612 0.382148 0.891348 0.243849 -0.612871 -0.924054 0.365925 0.110557 -0.229808 0.00931415 -0.267578 0.963491 0.30751 0.31622 -0.384863 0.867113 0.400795 -0.930002 -0.306262 0.203222 -0.504304 0.187351 -0.87068 -0.45477 0.485867 
1534184586628 0.381701 0.891451 0.24417 -0.612752 -0.924237 0.365398 0.110776 -0.229763 0.00953214 -0.267954 0.963385 0.30743 0.31622 -0.384863 0.867113 0.400795 -0.930002 -0.306262 0.203222 -0.504304 0.187351 -0.87068 -0.45477 0.485867 
1534184586645 0.381255 0.891554 0.24449 -0.612631 -0.924418 0.364871 0.110995 -0.229718 0.0097504 -0.268329 0.963278 0.30735 0.31622 -0.384863 0.867113 0.400795 -0.930002 -0.306262 0.203222 -0.504304 0.187351 -0.87068 -0.45477 0.485867 
1534184586652 0.380809 0.891657 0.244811 -0.612511 -0.9246 0.364344 0.111214 -0.229673 0.00996881 -0.268704 0.963171 0.30727 0.31622 -0.384863 0.867113 0.400795 -0.930002 -0.306262 0.203222 -0.504304 0.187351 -0.87068 -0.45477 0.485867 
1534184586740 0.380363 0.891759 0.245133 -0.612392 -0.924781 0.363817 0.111432 -0.229629 0.0101874 -0.269079 0.963064 0.307189 0.31622 -0.384863 0.867113 0.400795 -0.930002 -0.306262 0.203222 -0.504304 0.187351 -0.87068 -0.45477 0.485867 
1534184586787 0.379917 0.891861 0.245454 -0.612271 -0.924962 0.363289 0.111651 -0.229584 0.0104062 -0.269454 0.962957 0.307109 0.31622 -0.384863 0.867113 0.400795 -0.930002 -0.306262 0.203222 -0.504304 0.187351 -0.87068 -0.45477 0.485867 
1534184586809 0.37947 0.891962 0.245775 -0.612151 -0.925143 0.362762 0.111869 -0.229539 0.0106251 -0.269828 0.96285 0.307029 0.31622 -0.384863 0.867113 0.400795 -0.930002 -0.306262 0.203222 -0.504304 0.187351 -0.87068 -0.45477 0.485867 
1534184586835 0.379024 0.892064 0.246097 -0.612032 -0.925323 0.362234 0.112087 -0.229494 0.0108443 -0.270203 0.962742 0.306949 0.31622 -0.384863 0.867113 0.400795 -0.930002 -0.306262 0.203222 -0.504304 0.187351 -0.87068 -0.45477 0.485867 
1534184586881 0.380447 0.891705 0.245197 -0.61237 -0.924746 0.363886 0.111497 -0.229728 0.0101985 -0.269164 0.96304 0.307238 0.31622 -0.384863 0.867113 0.400795 -0.930002 -0.306262 0.203222 -0.504304 0.187351 -0.87068 -0.45477 0.485867 
1534184586892 0.379965 0.891823 0.245515 -0.61223 -0.924944 0.363363 0.111565 -0.229651 0.010285 -0.269478 0.962952 0.307143 0.31622 -0.384863 0.867113 0.400795 -0.930002 -0.306262 0.203222 -0.504304 0.187351 -0.87068 -0.45477 0.485867 
1534184586909 0.379482 0.891942 0.245832 -0.612084 -0.925141 0.362839 0.111631 -0.229571 0.0103708 -0.269791 0.962863 0.307048 0.31622 -0.384863 0.867113 0.400795 -0.930002 -0.306262 0.203222 -0.504304 0.187351 -0.87068 -0.45477 0.485867 
1534184586915 0.378999 0.89206 0.246149 -0.611938 -0.925338 0.362316 0.111697 -0.229493 0.0104568 -0.270104 0.962774 0.306954 0.31622 -0.384863 0.867113 0.400795 -0.930002 -0.306262 0.203222 -0.504304 0.187351 -0.87068 -0.45477 0.485867 
1534184586929 0.378515 0.892178 0.246466 -0.611791 -0.925535 0.361793 0.111763 -0.229413 0.010543 -0.270417 0.962686 0.30686 0.31622 -0.384863 0.867113 0.400795 -0.930002 -0.306262 0.203222 -0.504304 0.187351 -0.87068 -0.45477 0.485867 
1534184586983 0.378032 0.892295 0.246783 -0.611645 -0.925732 0.361269 0.111829 -0.229333 0.0106293 -0.270729 0.962597 0.306766 0.31622 -0.384863 0.867113 0.400795 -0.930002 -0.306262 0.203222 -0.504304 0.187351 -0.87068 -0.45477 0.485867 
1534184587073 0.377548 0.892412 0.2471 -0.6115 -0.925928 0.360745 0.111895 -0.229254 0.0107158 -0.271042 0.962508 0.306672 0.31622 -0.384863 0.867113 0.400795 -0.930002 -0.306262 0.203222 -0.504304 0.187351 -0.87068 -0.45477 0.485867 
1534184587100 0.377065 0.892528 0.247417 -0.611353 -0.926124 0.360222 0.11196 -0.229175 0.0108025 -0.271355 0.962419 0.306578 0.31622 -0.384863 0.867113 0.400795 -0.930002 -0.306262 0.203222 -0.504304 0.187351 -0.87068 -0.45477 0.485867 
1534184587139 0.376581 0.892645 0.247734 -0.611206 -0.926319 0.359698 0.112025 -0.229095 0.0108894 -0.271667 0.96233 0.306484 0.31622 -0.384863 0.867113 0.400795 -0.930002 -0.306262 0.203222 -0.504304 0.187351 -0.87068 -0.45477 0.485867 
1534184587201 0.376098 0.89276 0.248051 -0.611061 -0.926515 0.359174 0.11209 -0.229016 0.0109764 -0.27198 0.96224 0.30639 0.31622 -0.384863 0.867113 0.400795 -0.930002 -0.306262 0.203222 -0.504304 0.187351 -0.87068 -0.45477 0.485867 
1534184587258 0.377118 0.892463 0.247572 -0.61135 -0.926103 0.360269 0.111981 -0.22918 0.0107468 -0.271507 0.962376 0.306637 0.31622 -0.384863 0.867113 0.400795 -0.930002 -0.306262 0.203222 -0.504304 0.187351 -0.87068 -0.45477 0.485867 
1534184587271 0.376791 0.892434 0.248172 -0.611289 -0.926236 0.359899 0.112067 -0.22912 0.0106961 -0.272091 0.962212 0.306585 0.31622 -0.384863 0.867113 0.400795 -0.930002 -0.306262 0.203222 -0.504304 0.187351 -0.87068 -0.45477 0.485867 
1534184587288 0.376464 0.892406 0.248772 -0.611234 -0.92637 0.359528 0.112153 -0.229063 0.0106459 -0.272676 0.962047 0.306532 0.31622 -0.384863 0.867113 0.400795 -0.930002 -0.306262 0.203222 -0.504304 0.187351 -0.87068 -0.45477 0.485867 
1534184587305 0.376136 0.892376 0.249372 -0.61118 -0.926504 0.359156 0.112239 -0.229005 0.0105959 -0.273261 0.961882 0.306479 0.31622 -0.384863 0.867113 0.400795 -0.930002 -0.306262 0.203222 -0.504304 0.187351 -0.87068 -0.45477 0.485867 
1534184587408 0.375809 0.892346 0.249972 -0.611125 -0.926637 0.358785 0.112324 -0.228948 0.0105461 -0.273845 0.961716 0.306426 0.31622 -0.384863 0.867113 0.400795 -0.930002 -0.306262 0.203222 -0.504304 0.187351 -0.87068 -0.45477 0.485867 
1534184587456 0.375481 0.892316 0.250572 -0.611071 -0.926771 0.358413 0.112409 -0.22889 0.0104965 -0.27443 0.96155 0.306373 0.31622 -0.384863 0.867113 0.400795 -0.930002 -0.306262 0.203222 -0.504304 0.187351 -0.87068 -0.45477 0.485867 
1534184587507 0.375153 0.892285 0.251171 -0.611016 -0.926904 0.358042 0.112494 -0.228833 0.0104471 -0.275014 0.961383 0.306319 0.31622 -0.384863 0.867113 0.400795 -0.930002 -0.306262 0.203222 -0.504304 0.187351 -0.87068 -0.45477 0.485867 
1534184587577 0.374825 0.892254 0.251771 -0.610961 -0.927037 0.35767 0.112579 -0.228775 0.010398 -0.275599 0.961217 0.306266 0.31622 -0.384863 0.867113 0.400795 -0.930002 -0.306262 0.203222 -0.504304 0.187351 -0.87068 -0.45477 0.485867 
1534184587619 0.374497 0.892223 0.252371 -0.610907 -0.92717 0.357298 0.112663 -0.228718 0.0103491 -0.276183 0.961049 0.306213 0.31622 -0.384863 0.867113 0.400795 -0.930002 -0.306262 0.203222 -0.504304 0.187351 -0.87068 -0.45477 0.485867 
1534184587687 0.374169 0.89219 0.252971 -0.610853 -0.927303 0.356926 0.112747 -0.22866 0.0103003 -0.276767 0.960882 0.30616 0.31622 -0.384863 0.867113 0.400795 -0.930002 -0.306262 0.203222 -0.504304 0.187351 -0.87068 -0.45477 0.485867 
1534184587740 0.374917 0.892112 0.252137 -0.610915 -0.927001 0.357743 0.112642 -0.228823 0.010289 -0.275963 0.961113 0.306314 0.31622 -0.384863 0.867113 0.400795 -0.930002 -0.306262 0.203222 -0.504304 0.187351 -0.87068 -0.45477 0.485867 
1534184587754 0.374527 0.892109 0.252729 -0.610808 -0.927159 0.357306 0.11273 -0.228734 0.0102662 -0.276541 0.960947 0.306206 0.31622 -0.384863 0.867113 0.400795 -0.930002 -0.306262 0.203222 -0.504304 0.187351 -0.87068 -0.45477 0.485867 
1534184587771 0.374136 0.892104 0.253323 -0.6107 -0.927317 0.356868 0.11282 -0.228646 0.010244 -0.27712 0.960781 0.306094 0.31622 -0.384863 0.867113 0.400795 -0.930002 -0.306262 0.203222 -0.504304 0.187351 -0.87068 -0.45477 0.485867 
1534184587777 0.373746 0.892099 0.253916 -0.610592 -0.927475 0.35643 0.112908 -0.228557 0.010222 -0.277699 0.960614 0.305984 0.31622 -0.384863 0.867113 0.400795 -0.930002 -0.306262 0.203222 -0.504304 0.187351 -0.87068 -0.45477 0.485867 
1534184587842 0.373356 0.892093 0.254509 -0.610484 -0.927632 0.355992 0.112997 -0.228469 0.0102003 -0.278279 0.960446 0.305871 0.31622 -0.384863 0.867113 0.400795 -0.930002 -0.306262 0.203222 -0.504304 0.187351 -0.87068 -0.45477 0.485867 
1534184587920 0.372965 0.892087 0.255102 -0.610377 -0.92779 0.355554 0.113085 -0.228381 0.0101789 -0.278858 0.960279 0.30576 0.31622 -0.384863 0.867113 0.400795 -0.930002 -0.306262 0.203222 -0.504304 0.187351 -0.87068 -0.45477 0.485867 
1534184587964 0.372574 0.892081 0.255695 -0.610269 -0.927947 0.355115 0.113172 -0.228293 0.0101577 -0.279436 0.96011 0.305649 0.31622 -0.384863 0.867113 0.400795 -0.930002 -0.306262 0.203222 -0.504304 0.187351 -0.87068 -0.45477 0.485867 
1534184588025 0.372184 0.892074 0.256288 -0.610161 -0.928104 0.354677 0.11326 -0.228204 0.0101367 -0.280015 0.959942 0.305538 0.31622 -0.384863 0.867113 0.400795 -0.930002 -0.306262 0.203222 -0.504304 0.187351 -0.87068 -0.45477 0.485867 
1534184588084 0.371793 0.892066 0.256881 -0.610054 -0.928261 0.354238 0.113347 -0.228116 0.010116 -0.280594 0.959773 0.305428 0.31622 -0.384863 0.867113 0.400795 -0.930002 -0.306262 0.203222 -0.504304 0.187351 -0.87068 -0.45477 0.485867 
1534184588142 0.371402 0.892058 0.257474 -0.609946 -0.928417 0.353799 0.113434 -0.228028 0.0100955 -0.281173 0.959604 0.305315 0.31622 -0.384863 0.867113 0.400795 -0.930002 -0.306262 0.203222 -0.504304 0.187351 -0.87068 -0.45477 0.485867 
1534184588207 0.372197 0.891993 0.256549 -0.610096 -0.9281 0.354703 0.113208 -0.228275 0.00998189 -0.280239 0.959878 0.305493 0.31622 -0.384863 0.867113 0.400795 -0.930002 -0.306262 0.203222 -0.504304 0.187351 -0.87068 -0.45477 0.485867 
1534184588220 0.371552 0.891991 0.25749 -0.609955 -0.92836 0.354007 0.113256 -0.228137 0.00986994 -0.281123 0.959621 0.305363 0.31622 -0.384863 0.867113 0.400795 -0.930002 -0.306262 0.203222 -0.504304 0.187351 -0.87068 -0.45477 0.485867 
1534184588237 0.370906 0.891988 0.258432 -0.60982 -0.928619 0.353311 0.113303 -0.228001 0.009758 -0.28201 0.959362 0.305231 0.31622 -0.384863 0.867113 0.400795 -0.930002 -0.306262 0.203222 -0.504304 0.187351 -0.87068 -0.45477 0.485867 
1534184588317 0.370259 0.891983 0.259374 -0.609686 -0.928878 0.352615 0.113349 -0.227865 0.00964668 -0.282896 0.959102 0.305098 0.31622 -0.384863 0.867113 0.400795 -0.930002 -0.306262 0.203222 -0.504304 0.187351 -0.87068 -0.45477 0.485867 
1534184588408 0.369613 0.891976 0.260316 -0.60955 -0.929137 0.351918 0.113395 -0.227729 0.00953603 -0.283781 0.958842 0.304967 0.31622 -0.384863 0.867113 0.400795 -0.930002 -0.306262 0.203222 -0.504304 0.187351 -0.87068 -0.45477 0.485867 
1534184588498 0.368966 0.891969 0.261257 -0.609416 -0.929395 0.351221 0.11344 -0.227594 0.009426 -0.284667 0.95858 0.304835 0.31622 -0.384863 0.867113 0.400795 -0.930002 -0.306262 0.203222 -0.504304 0.187351 -0.87068 -0.45477 0.485867 
1534184588577 0.368319 0.89196 0.262199 -0.609281 -0.929653 0.350524 0.113484 -0.227458 0.00931661 -0.285552 0.958318 0.304702 0.31622 -0.384863 0.867113 0.400795 -0.930002 -0.306262 0.203222 -0.504304 0.187351 -0.87068 -0.45477 0.485867 
1534184588673 0.367672 0.89195 0.26314 -0.609145 -0.92991 0.349826 0.113528 -0.227322 0.00920791 -0.286437 0.958055 0.304571 0.31622 -0.384863 0.867113 0.400795 -0.930002 -0.306262 0.203222 -0.504304 0.187351 -0.87068 -0.45477 0.485867 
