1530724339021 -0.0201036 -0.984462 -0.174441 -0.419413 0.708161 -0.137186 0.692595 -0.257882 -0.705765 -0.109609 0.699916 0.434668 0.16008 -0.775623 -0.61056 0.370831 -0.304787 0.549475 -0.777934 -0.528794 0.938871 0.310623 -0.14844 0.432481 
1530724339040 0.02048 -0.987131 -0.158599 -0.439082 0.691472 -0.10059 0.715365 -0.253884 -0.722113 -0.124318 0.680513 0.439284 0.316305 -0.930106 0.186693 0.400738 -0.38429 -0.305553 -0.871182 -0.506322 0.867336 0.203815 -0.454078 0.485854 
1530724340025 0.0608027 -0.988043 -0.141682 -0.456232 0.672642 -0.064314 0.737168 -0.24805 -0.737466 -0.140123 0.660688 0.443934 0.316242 -0.929997 0.187342 0.400828 -0.384853 -0.306262 -0.870685 -0.504438 0.86711 0.203248 -0.454765 0.485876 
1530724340995 0.100602 -0.987225 -0.123559 -0.473191 0.651859 -0.0284188 0.757808 -0.24216 -0.751638 -0.15678 0.640672 0.448595 0.316223 -0.930001 0.187352 0.40079 -0.384857 -0.306263 -0.870683 -0.50432 0.867115 0.203227 -0.454765 0.485866 
