1535367517904 0.213555 0.919392 -0.330323 -0.472481 -0.943758 0.281517 0.173406 -0.171264 0.25242 0.274713 0.927802 0.474174 0.211142 -0.0906857 0.97324 0.381491 -0.976942 -0.0518363 0.207115 -0.502337 0.0316668 -0.99453 -0.0995395 0.441905 
1535367517923 0.217368 0.920208 -0.325529 -0.488967 -0.943255 0.283803 0.172409 -0.178295 0.251038 0.269581 0.929681 0.464095 0.205551 -0.0938711 0.974134 0.381492 -0.978553 -0.0334562 0.20326 -0.500436 0.0135106 -0.995022 -0.0987348 0.44162 
1535367518458 0.221173 0.920988 -0.320723 -0.505452 -0.942743 0.286094 0.171424 -0.185326 0.249637 0.264445 0.931531 0.454017 0.199898 -0.0969524 0.975008 0.381493 -0.979806 -0.0150525 0.199385 -0.498535 -0.00465458 -0.995175 -0.0980035 0.441335 
1535367518824 0.224968 0.921734 -0.315904 -0.521938 -0.94222 0.288387 0.170452 -0.192356 0.248214 0.259305 0.933355 0.443938 0.194185 -0.0999271 0.975862 0.381494 -0.980699 0.00336854 0.195493 -0.496634 -0.0228222 -0.994989 -0.0973443 0.441049 
1535367519013 0.228754 0.922446 -0.311072 -0.538423 -0.941688 0.290683 0.169492 -0.199387 0.24677 0.254161 0.935151 0.433859 0.188415 -0.102795 0.976695 0.381495 -0.981234 0.0218003 0.191585 -0.494733 -0.0409861 -0.994464 -0.0967582 0.440763 
1535367519837 0.23253 0.923122 -0.306228 -0.554909 -0.941146 0.292981 0.168543 -0.206418 0.245304 0.249014 0.936919 0.42378 0.182588 -0.105553 0.977507 0.381496 -0.981409 0.0402355 0.187662 -0.492833 -0.0591387 -0.993599 -0.096244 0.440478 
1535367520150 0.236297 0.923764 -0.301371 -0.571394 -0.940594 0.295282 0.167606 -0.213449 0.243818 0.243863 0.938661 0.413701 0.176708 -0.108202 0.978298 0.381497 -0.981225 0.0586679 0.183725 -0.490932 -0.0772741 -0.992396 -0.0958032 0.440192 
1535367520385 0.240054 0.92437 -0.296503 -0.587879 -0.940032 0.297586 0.166681 -0.22048 0.24231 0.23871 0.940374 0.403622 0.170776 -0.11074 0.979067 0.381498 -0.980682 0.0770908 0.179777 -0.489031 -0.0953856 -0.990855 -0.0954355 0.439906 
1535367521146 0.2438 0.924942 -0.291623 -0.604365 -0.93946 0.299892 0.165769 -0.227511 0.240782 0.233553 0.94206 0.393544 0.164796 -0.113167 0.979814 0.381499 -0.979779 0.0954974 0.17582 -0.48713 -0.113467 -0.988976 -0.0951409 0.43962 
1535367521154 0.247537 0.925478 -0.286733 -0.620832 -0.938879 0.302201 0.164868 -0.234537 0.239233 0.228397 0.943717 0.383469 0.158769 -0.11548 0.980539 0.381501 -0.978518 0.113881 0.171854 -0.485231 -0.131511 -0.98676 -0.0949189 0.439335 
