1535173491656 0.276731 0.920551 -0.275693 -0.601385 -0.926784 0.331492 0.17659 -0.229775 0.25395 0.20664 0.944886 0.384451 0.158684 -0.0725254 0.984662 0.383487 -0.987069 0.0112362 0.159899 -0.492661 -0.0226607 -0.997303 -0.0698046 0.433047 
1535173491667 0.275523 0.921031 -0.275297 -0.596393 -0.92723 0.33019 0.176689 -0.23013 0.253636 0.206582 0.944983 0.383898 0.159961 -0.0748092 0.984284 0.383537 -0.986796 0.0135408 0.161399 -0.493235 -0.0254021 -0.997106 -0.0716554 0.433576 
1535173491673 0.274316 0.92151 -0.274901 -0.5914 -0.927674 0.328888 0.176786 -0.230484 0.253322 0.206524 0.94508 0.383346 0.161232 -0.0770957 0.983901 0.383586 -0.986515 0.0158422 0.162902 -0.493809 -0.0281461 -0.996898 -0.0735018 0.434105 
1535173491997 0.273107 0.921987 -0.274505 -0.586408 -0.928116 0.327587 0.176882 -0.230839 0.253007 0.206465 0.945177 0.382793 0.162496 -0.0793849 0.983511 0.383636 -0.986226 0.01814 0.164409 -0.494383 -0.0308924 -0.996679 -0.0753437 0.434634 
1535173492231 0.271898 0.922462 -0.274109 -0.581416 -0.928557 0.326284 0.176978 -0.231193 0.252693 0.206406 0.945274 0.382241 0.163753 -0.0816768 0.983114 0.383686 -0.985928 0.0204341 0.165919 -0.494957 -0.0336408 -0.996449 -0.0771812 0.435163 
1535173492323 0.270689 0.922935 -0.273713 -0.576424 -0.928996 0.324981 0.177073 -0.231548 0.252378 0.206346 0.945371 0.381688 0.165004 -0.0839711 0.982712 0.383736 -0.985621 0.0227247 0.167434 -0.495531 -0.0363914 -0.996209 -0.0790141 0.435691 
1535173492460 0.269479 0.923406 -0.273316 -0.571431 -0.929433 0.323677 0.177168 -0.231903 0.252064 0.206286 0.945468 0.381135 0.166247 -0.086268 0.982303 0.383785 -0.985307 0.0250115 0.168952 -0.496105 -0.0391441 -0.995958 -0.0808424 0.43622 
1535173492782 0.268268 0.923876 -0.272919 -0.566439 -0.929868 0.322372 0.177262 -0.232257 0.25175 0.206225 0.945565 0.380583 0.167484 -0.0885675 0.981888 0.383835 -0.984984 0.0272946 0.170474 -0.496679 -0.0418988 -0.995696 -0.0826661 0.436749 
1535173493012 0.267057 0.924344 -0.272523 -0.561447 -0.930302 0.321067 0.177355 -0.232612 0.251435 0.206164 0.945662 0.38003 0.168715 -0.0908694 0.981467 0.383885 -0.984653 0.029574 0.172 -0.497253 -0.0446555 -0.995424 -0.0844853 0.437278 
1535173493116 0.265845 0.924811 -0.272125 -0.556458 -0.930734 0.319761 0.177448 -0.232967 0.251121 0.206102 0.945759 0.379477 0.169939 -0.093173 0.98104 0.383934 -0.984313 0.0318496 0.173531 -0.497826 -0.0474141 -0.99514 -0.086299 0.437807 
1535173494063 0.265348 0.924945 -0.272152 -0.556871 -0.930989 0.319197 0.177122 -0.232865 0.250699 0.206372 0.945812 0.379671 0.169596 -0.0926079 0.981153 0.383858 -0.984402 0.0313578 0.173117 -0.497708 -0.0467988 -0.995209 -0.0858452 0.437651 
1535173494081 0.265276 0.924978 -0.27211 -0.55633 -0.931007 0.319123 0.177163 -0.232911 0.250709 0.206339 0.945817 0.379596 0.169816 -0.0924228 0.981132 0.383777 -0.984665 0.0244637 0.172732 -0.497543 -0.0399664 -0.995419 -0.0868512 0.43804 
1535173494097 0.265204 0.925011 -0.272067 -0.555789 -0.931024 0.319048 0.177206 -0.232956 0.25072 0.206306 0.945821 0.379522 0.170036 -0.0922356 0.981112 0.383695 -0.984881 0.0175677 0.172341 -0.497377 -0.0331318 -0.995582 -0.0878539 0.438429 
1535173494102 0.265133 0.925044 -0.272025 -0.555248 -0.931042 0.318974 0.177247 -0.233002 0.250731 0.206273 0.945825 0.379447 0.170255 -0.0920469 0.981092 0.383613 -0.985049 0.0106707 0.171942 -0.497212 -0.0262957 -0.995697 -0.0888539 0.438818 
1535173494162 0.265061 0.925077 -0.271983 -0.554707 -0.931059 0.3189 0.177289 -0.233047 0.250742 0.20624 0.94583 0.379373 0.170472 -0.0918566 0.981072 0.383532 -0.98517 0.00377321 0.171537 -0.497046 -0.0194586 -0.995765 -0.0898512 0.439207 
1535173494328 0.264989 0.92511 -0.27194 -0.554167 -0.931077 0.318825 0.177331 -0.233093 0.250752 0.206207 0.945834 0.379298 0.170688 -0.0916649 0.981052 0.38345 -0.985244 -0.00312456 0.171125 -0.496881 -0.0126208 -0.995785 -0.0908456 0.439597 
1535173494542 0.264917 0.925143 -0.271898 -0.553626 -0.931094 0.318751 0.177373 -0.233139 0.250763 0.206173 0.945838 0.379223 0.170903 -0.0914717 0.981033 0.383369 -0.985271 -0.0100223 0.170707 -0.496716 -0.00578265 -0.995757 -0.0918372 0.439986 
1535173494637 0.264846 0.925176 -0.271856 -0.553085 -0.931112 0.318677 0.177415 -0.233184 0.250774 0.20614 0.945843 0.379149 0.171116 -0.091277 0.981014 0.383288 -0.98525 -0.0169196 0.170281 -0.49655 0.0010556 -0.995682 -0.0928259 0.440375 
1535173494685 0.264774 0.925209 -0.271813 -0.552544 -0.931129 0.318602 0.177457 -0.23323 0.250785 0.206107 0.945847 0.379074 0.171328 -0.0910808 0.980995 0.383206 -0.985182 -0.0238161 0.169848 -0.496385 0.00789357 -0.995559 -0.0938116 0.440764 
1535173494902 0.264702 0.925242 -0.271771 -0.552003 -0.931147 0.318528 0.177499 -0.233275 0.250796 0.206074 0.945851 0.379 0.17154 -0.0908825 0.980976 0.383125 -0.985067 -0.0307109 0.16941 -0.496219 0.0147303 -0.995388 -0.0947935 0.441153 
1535173495071 0.264632 0.925261 -0.271774 -0.552375 -0.931142 0.318482 0.177607 -0.233191 0.250888 0.206059 0.94583 0.379076 0.171096 -0.091268 0.981018 0.383308 -0.985254 -0.0146661 0.170471 -0.49663 -0.00117084 -0.995718 -0.0924315 0.440097 
1535173495082 0.264626 0.925271 -0.271748 -0.552286 -0.931154 0.318463 0.177577 -0.233206 0.250848 0.206048 0.945843 0.379055 0.171696 -0.0929915 0.980751 0.383421 -0.985142 -0.020106 0.170558 -0.496516 0.00385852 -0.995464 -0.095062 0.440669 
1535173495092 0.26462 0.92528 -0.271722 -0.552196 -0.931167 0.318443 0.177547 -0.233221 0.250808 0.206036 0.945856 0.379033 0.172304 -0.0947115 0.98048 0.383534 -0.985004 -0.0255464 0.170631 -0.496401 0.00888704 -0.995177 -0.0976929 0.441242 
1535173495099 0.264614 0.92529 -0.271696 -0.552107 -0.931179 0.318423 0.177516 -0.233237 0.250768 0.206024 0.94587 0.379012 0.17292 -0.0964276 0.980204 0.383647 -0.984838 -0.0309862 0.170689 -0.496287 0.0139137 -0.994858 -0.100324 0.441814 
1535173495105 0.264607 0.925299 -0.27167 -0.552017 -0.931192 0.318403 0.177486 -0.233252 0.250728 0.206013 0.945883 0.37899 0.173545 -0.0981399 0.979924 0.38376 -0.984644 -0.0364253 0.170733 -0.496172 0.0189382 -0.994506 -0.102954 0.442386 
1535173495122 0.264601 0.925309 -0.271644 -0.551928 -0.931205 0.318383 0.177456 -0.233267 0.250688 0.206001 0.945896 0.378969 0.174179 -0.0998482 0.979639 0.383873 -0.984422 -0.0418634 0.170763 -0.496058 0.0239606 -0.994122 -0.105585 0.442958 
1535173495139 0.264595 0.925318 -0.271617 -0.551839 -0.931217 0.318363 0.177425 -0.233282 0.250648 0.205989 0.945909 0.378948 0.174822 -0.101553 0.979349 0.383985 -0.984174 -0.0473003 0.170778 -0.495944 0.0289806 -0.993705 -0.108214 0.443531 
1535173495156 0.264589 0.925328 -0.271591 -0.551749 -0.93123 0.318343 0.177395 -0.233297 0.250608 0.205977 0.945922 0.378926 0.175473 -0.103253 0.979055 0.384098 -0.983897 -0.052736 0.170779 -0.495829 0.033998 -0.993256 -0.110844 0.444103 
1535173495173 0.264582 0.925337 -0.271565 -0.55166 -0.931242 0.318323 0.177364 -0.233313 0.250567 0.205965 0.945936 0.378905 0.176132 -0.104949 0.978756 0.384211 -0.983593 -0.0581701 0.170765 -0.495715 0.0390127 -0.992775 -0.113473 0.444675 
1535173495282 0.264576 0.925347 -0.271539 -0.55157 -0.931255 0.318303 0.177335 -0.233328 0.250528 0.205953 0.945949 0.378883 0.1768 -0.106641 0.978453 0.384324 -0.983262 -0.0636025 0.170737 -0.4956 0.0440245 -0.992261 -0.116101 0.445248 
1535173495492 0.264586 0.925336 -0.271565 -0.55196 -0.931187 0.318371 0.17757 -0.233206 0.25077 0.205895 0.945897 0.379004 0.173277 -0.0972031 0.980065 0.383699 -0.984736 -0.0337192 0.170758 -0.496121 0.0164487 -0.994693 -0.101562 0.442271 
1535173495500 0.264579 0.925344 -0.271546 -0.551914 -0.931201 0.318351 0.17753 -0.233222 0.250723 0.205893 0.94591 0.378986 0.174276 -0.0982474 0.979783 0.383978 -0.98445 -0.039638 0.171132 -0.496 0.0220234 -0.994372 -0.103628 0.442724 
1535173495512 0.264572 0.925351 -0.271526 -0.551867 -0.931216 0.31833 0.177491 -0.233237 0.250676 0.205891 0.945923 0.378968 0.175283 -0.0992851 0.979499 0.384257 -0.984131 -0.0455559 0.171494 -0.49588 0.0275952 -0.994016 -0.105695 0.443177 
1535173495529 0.264565 0.925359 -0.271507 -0.551821 -0.931231 0.318309 0.177451 -0.233253 0.250629 0.205888 0.945936 0.378949 0.176295 -0.100317 0.979212 0.384537 -0.983779 -0.0514726 0.171844 -0.495759 0.0331638 -0.993623 -0.107764 0.44363 
1535173495537 0.264557 0.925367 -0.271487 -0.551774 -0.931245 0.318288 0.177412 -0.233268 0.250582 0.205886 0.945949 0.378931 0.177313 -0.101342 0.978923 0.384816 -0.983392 -0.0573879 0.172181 -0.495639 0.0387292 -0.993195 -0.109834 0.444083 
1535173495554 0.26455 0.925375 -0.271468 -0.551728 -0.93126 0.318267 0.177373 -0.233284 0.250535 0.205883 0.945962 0.378913 0.178336 -0.10236 0.978631 0.385095 -0.982972 -0.0633016 0.172506 -0.495518 0.0442912 -0.992731 -0.111906 0.444537 
1535173495571 0.264543 0.925383 -0.271449 -0.551682 -0.931275 0.318245 0.177333 -0.233299 0.250488 0.205881 0.945975 0.378895 0.179365 -0.103373 0.978336 0.385374 -0.982519 -0.0692136 0.172819 -0.495397 0.0498494 -0.992232 -0.11398 0.44499 
1535173495588 0.264535 0.92539 -0.271429 -0.551635 -0.93129 0.318224 0.177294 -0.233315 0.250441 0.205879 0.945988 0.378877 0.1804 -0.104379 0.978039 0.385653 -0.982032 -0.0751235 0.173119 -0.495277 0.0554038 -0.991696 -0.116055 0.445443 
1535173495605 0.264528 0.925398 -0.27141 -0.551589 -0.931304 0.318203 0.177254 -0.23333 0.250394 0.205876 0.946001 0.378858 0.18144 -0.105378 0.97774 0.385933 -0.981511 -0.0810311 0.173406 -0.495156 0.0609541 -0.991125 -0.118132 0.445896 
1535173495621 0.264521 0.925406 -0.27139 -0.551542 -0.931319 0.318182 0.177215 -0.233346 0.250347 0.205874 0.946014 0.37884 0.182485 -0.10637 0.977438 0.386212 -0.980957 -0.0869359 0.173682 -0.495035 0.0664999 -0.990519 -0.120209 0.446349 
1535173495760 0.264647 0.925366 -0.271402 -0.551686 -0.93124 0.318341 0.177347 -0.233274 0.250509 0.205806 0.945986 0.378895 0.174813 -0.0989323 0.979619 0.384071 -0.984282 -0.0429117 0.171311 -0.495965 0.0250889 -0.994168 -0.104879 0.442862 
1535173495771 0.264632 0.925375 -0.271388 -0.551668 -0.931255 0.318315 0.177311 -0.233283 0.250466 0.20581 0.945996 0.378884 0.176327 -0.101517 0.979083 0.3846 -0.983814 -0.0504367 0.17195 -0.49576 0.0319259 -0.993554 -0.108767 0.443609 
1535173495793 0.264617 0.925383 -0.271374 -0.55165 -0.931271 0.318288 0.177276 -0.233293 0.250423 0.205812 0.946007 0.378873 0.177859 -0.10409 0.978535 0.385129 -0.983293 -0.0579616 0.172558 -0.495554 0.0387559 -0.992877 -0.11266 0.444356 
1535173495804 0.264603 0.925392 -0.271359 -0.551631 -0.931287 0.318262 0.17724 -0.233302 0.25038 0.205815 0.946018 0.378862 0.179407 -0.10665 0.977977 0.385658 -0.982719 -0.0654851 0.173136 -0.495349 0.0455778 -0.992138 -0.116556 0.445103 
1535173495821 0.264588 0.9254 -0.271345 -0.551613 -0.931303 0.318235 0.177204 -0.233311 0.250336 0.205818 0.946029 0.378851 0.180973 -0.109198 0.977407 0.386187 -0.982092 -0.0730065 0.173684 -0.495144 0.0523911 -0.991335 -0.120454 0.44585 
1535173495838 0.264573 0.925409 -0.27133 -0.551595 -0.931319 0.318209 0.177168 -0.233321 0.250293 0.205821 0.94604 0.378841 0.182557 -0.111731 0.976826 0.386716 -0.981412 -0.0805254 0.174203 -0.494939 0.0591954 -0.99047 -0.124355 0.446596 
1535173495844 0.264558 0.925417 -0.271316 -0.551577 -0.931335 0.318182 0.177133 -0.23333 0.250249 0.205824 0.946051 0.37883 0.184157 -0.114252 0.976234 0.387245 -0.980679 -0.0880414 0.174692 -0.494733 0.0659901 -0.989543 -0.128258 0.447343 
1535173495858 0.264543 0.925426 -0.271301 -0.551559 -0.931351 0.318155 0.177097 -0.233339 0.250206 0.205827 0.946061 0.378819 0.185775 -0.116759 0.975631 0.387774 -0.979894 -0.0955539 0.175151 -0.494528 0.0727749 -0.988553 -0.132163 0.44809 
1535173495874 0.264528 0.925434 -0.271287 -0.55154 -0.931366 0.318129 0.177061 -0.233348 0.250163 0.20583 0.946072 0.378808 0.187409 -0.119252 0.975016 0.388303 -0.979056 -0.103063 0.17558 -0.494323 0.0795494 -0.9875 -0.136069 0.448837 
1535173495891 0.264514 0.925443 -0.271272 -0.551522 -0.931382 0.318102 0.177025 -0.233358 0.250119 0.205833 0.946083 0.378797 0.18906 -0.121731 0.974391 0.388832 -0.978165 -0.110566 0.175979 -0.494117 0.0863129 -0.986386 -0.139976 0.449584 
1535173496063 0.264662 0.925343 -0.271468 -0.551594 -0.931238 0.318366 0.177311 -0.233358 0.250499 0.205874 0.945974 0.378838 0.175819 -0.100658 0.979263 0.384418 -0.983959 -0.0484815 0.171678 -0.495823 0.0301954 -0.993739 -0.107567 0.443428 
1535173496075 0.264652 0.925355 -0.271435 -0.551585 -0.931254 0.318339 0.177273 -0.233358 0.250448 0.20586 0.94599 0.378828 0.1782 -0.105436 0.978329 0.385242 -0.983318 -0.0559276 0.173081 -0.4956 0.0364666 -0.992852 -0.113643 0.444471 
1535173496091 0.264643 0.925368 -0.271399 -0.551576 -0.931271 0.318311 0.177233 -0.233359 0.250396 0.205843 0.946008 0.378819 0.18061 -0.110192 0.977363 0.386065 -0.982627 -0.0633765 0.174438 -0.495377 0.0427201 -0.991888 -0.119724 0.445514 
1535173496108 0.264633 0.925382 -0.271364 -0.551568 -0.931288 0.318283 0.177194 -0.233359 0.250343 0.205826 0.946025 0.37881 0.18305 -0.114927 0.976363 0.386889 -0.981884 -0.0708288 0.175748 -0.495154 0.0489564 -0.990846 -0.125811 0.446557 
1535173496115 0.264623 0.925395 -0.271328 -0.55156 -0.931305 0.318255 0.177155 -0.23336 0.25029 0.20581 0.946043 0.378801 0.185519 -0.11964 0.97533 0.387712 -0.98109 -0.0782839 0.177011 -0.494931 0.0551749 -0.989726 -0.131901 0.4476 
1535173496128 0.264613 0.925408 -0.271292 -0.551552 -0.931322 0.318228 0.177116 -0.23336 0.250237 0.205793 0.94606 0.378793 0.188016 -0.124331 0.974265 0.388536 -0.980246 -0.0857412 0.178228 -0.494708 0.0613754 -0.988529 -0.137995 0.448643 
1535173496146 0.264603 0.925422 -0.271256 -0.551543 -0.931339 0.3182 0.177077 -0.23336 0.250185 0.205776 0.946078 0.378784 0.190542 -0.128998 0.973167 0.389359 -0.979352 -0.0932 0.179399 -0.494484 0.0675571 -0.987255 -0.144093 0.449687 
1535173496161 0.264594 0.925435 -0.271221 -0.551535 -0.931356 0.318172 0.177038 -0.233361 0.250132 0.20576 0.946096 0.378775 0.193096 -0.133642 0.972036 0.390183 -0.978407 -0.10066 0.180522 -0.494261 0.0737196 -0.985904 -0.150194 0.45073 
1535173496178 0.264584 0.925448 -0.271185 -0.551527 -0.931373 0.318144 0.176999 -0.233361 0.250079 0.205743 0.946113 0.378766 0.195678 -0.138263 0.970872 0.391006 -0.977411 -0.10812 0.181599 -0.494038 0.0798624 -0.984476 -0.156296 0.451773 
1535173496195 0.264574 0.925461 -0.271149 -0.551518 -0.93139 0.318116 0.17696 -0.233362 0.250026 0.205727 0.946131 0.378757 0.198288 -0.142859 0.969677 0.391829 -0.976365 -0.11558 0.182628 -0.493815 0.0859848 -0.982971 -0.162401 0.452815 
1535173496715 0.264549 0.925442 -0.271239 -0.55155 -0.93134 0.318157 0.177152 -0.233332 0.25024 0.20575 0.946069 0.378834 0.188412 -0.1207 0.974645 0.388568 -0.978482 -0.108057 0.175772 -0.494062 0.0841015 -0.98679 -0.138462 0.4495 
1535173496729 0.264555 0.925449 -0.271209 -0.551547 -0.931354 0.318144 0.177102 -0.233334 0.250182 0.205738 0.946087 0.37882 0.190329 -0.125467 0.97367 0.389305 -0.978025 -0.110208 0.176979 -0.493944 0.0851014 -0.985957 -0.143686 0.450266 
1535173496749 0.264561 0.925456 -0.271179 -0.551544 -0.931367 0.318131 0.177053 -0.233337 0.250125 0.205726 0.946105 0.378806 0.19225 -0.130228 0.972667 0.390042 -0.977562 -0.112365 0.178173 -0.493825 0.0860909 -0.985096 -0.148908 0.451033 
1535173496762 0.264567 0.925463 -0.27115 -0.55154 -0.931381 0.318119 0.177003 -0.233339 0.250068 0.205714 0.946122 0.378792 0.194175 -0.13498 0.971636 0.390779 -0.977095 -0.114528 0.179356 -0.493707 0.0870698 -0.984207 -0.154127 0.451799 
1535173496784 0.264573 0.92547 -0.27112 -0.551537 -0.931395 0.318106 0.176954 -0.233342 0.250011 0.205703 0.94614 0.378778 0.196105 -0.139725 0.970577 0.391516 -0.976623 -0.116696 0.180527 -0.493588 0.0880382 -0.98329 -0.159343 0.452565 
1535173496795 0.264579 0.925477 -0.271091 -0.551534 -0.931408 0.318094 0.176904 -0.233344 0.249953 0.205691 0.946158 0.378764 0.198039 -0.144462 0.96949 0.392254 -0.976146 -0.118869 0.181686 -0.49347 0.0889959 -0.982345 -0.164556 0.453331 
1535173496811 0.264585 0.925484 -0.271061 -0.551531 -0.931422 0.318081 0.176855 -0.233346 0.249896 0.205679 0.946176 0.37875 0.199976 -0.149191 0.968376 0.392991 -0.975664 -0.121048 0.182832 -0.493352 0.0899427 -0.981371 -0.169767 0.454098 
1535173496828 0.264591 0.925491 -0.271032 -0.551528 -0.931435 0.318069 0.176806 -0.233349 0.249839 0.205667 0.946193 0.378736 0.201917 -0.153912 0.967233 0.393728 -0.975177 -0.123232 0.183966 -0.493233 0.0908791 -0.98037 -0.174974 0.454864 
1535173496845 0.264598 0.925498 -0.271002 -0.551524 -0.931449 0.318056 0.176756 -0.233351 0.249781 0.205655 0.946211 0.378722 0.203863 -0.158624 0.966063 0.394465 -0.974685 -0.125421 0.185089 -0.493115 0.0918048 -0.979341 -0.180177 0.45563 
1535173496861 0.264604 0.925505 -0.270973 -0.551521 -0.931463 0.318044 0.176707 -0.233354 0.249724 0.205644 0.946229 0.378708 0.205812 -0.163326 0.964866 0.395201 -0.974189 -0.127615 0.186199 -0.492996 0.0927199 -0.978284 -0.185375 0.456396 
1535173497219 0.264536 0.92544 -0.271258 -0.551547 -0.931379 0.318119 0.177015 -0.233335 0.250109 0.205817 0.946089 0.378776 0.197699 -0.141576 0.969985 0.391539 -0.976481 -0.115283 0.182197 -0.493848 0.0860285 -0.983192 -0.161038 0.452803 
1535173497233 0.264539 0.925446 -0.271236 -0.551544 -0.931385 0.318112 0.176995 -0.233338 0.250083 0.205803 0.946099 0.378771 0.199565 -0.145176 0.969071 0.3924 -0.975743 -0.120274 0.18292 -0.493549 0.0899984 -0.982068 -0.165657 0.453483 
1535173497249 0.264542 0.925451 -0.271215 -0.551541 -0.931391 0.318105 0.176975 -0.23334 0.250057 0.20579 0.946109 0.378766 0.201445 -0.148764 0.968137 0.39326 -0.974983 -0.125266 0.183621 -0.493251 0.0939583 -0.980907 -0.170276 0.454164 
1535173497266 0.264546 0.925456 -0.271194 -0.551538 -0.931397 0.318098 0.176955 -0.233343 0.250031 0.205776 0.946119 0.378761 0.203339 -0.152338 0.967185 0.394121 -0.974201 -0.130257 0.184297 -0.492952 0.0979072 -0.979707 -0.174895 0.454844 
1535173497273 0.264549 0.925462 -0.271172 -0.551535 -0.931403 0.318092 0.176935 -0.233346 0.250004 0.205762 0.946129 0.378756 0.205247 -0.155901 0.966214 0.394981 -0.973397 -0.135248 0.18495 -0.492653 0.101845 -0.97847 -0.179513 0.455525 
1535173497286 0.264553 0.925467 -0.271151 -0.551532 -0.931409 0.318085 0.176915 -0.233349 0.249978 0.205749 0.946139 0.378751 0.207168 -0.159451 0.965224 0.395842 -0.972571 -0.140239 0.185578 -0.492355 0.105771 -0.977194 -0.18413 0.456205 
1535173497303 0.264556 0.925472 -0.271129 -0.551528 -0.931415 0.318078 0.176895 -0.233351 0.249952 0.205735 0.946149 0.378745 0.209104 -0.162987 0.964215 0.396702 -0.971722 -0.145229 0.186183 -0.492056 0.109686 -0.975881 -0.188746 0.456885 
1535173497320 0.264559 0.925478 -0.271108 -0.551525 -0.931421 0.318072 0.176875 -0.233354 0.249926 0.205722 0.946158 0.37874 0.211053 -0.166511 0.963188 0.397563 -0.970852 -0.150218 0.186764 -0.491757 0.11359 -0.97453 -0.193362 0.457566 
1535173497338 0.264563 0.925483 -0.271086 -0.551522 -0.931427 0.318065 0.176855 -0.233357 0.2499 0.205708 0.946168 0.378735 0.213016 -0.170022 0.962142 0.398423 -0.96996 -0.155206 0.18732 -0.491458 0.117481 -0.973141 -0.197976 0.458246 
1535173497353 0.264566 0.925488 -0.271065 -0.551519 -0.931433 0.318058 0.176835 -0.233359 0.249873 0.205694 0.946178 0.37873 0.214992 -0.173519 0.961077 0.399283 -0.969046 -0.160192 0.187853 -0.491159 0.12136 -0.971715 -0.202588 0.458926 
1535173497736 0.264517 0.925424 -0.271333 -0.551549 -0.931419 0.318086 0.17686 -0.233338 0.249977 0.205942 0.946097 0.3787 0.205435 -0.16187 0.965191 0.394887 -0.974272 -0.127225 0.186031 -0.492958 0.0926837 -0.978576 -0.183842 0.45639 
1535173497746 0.264525 0.925432 -0.271296 -0.551546 -0.931423 0.318082 0.176847 -0.23334 0.249954 0.205911 0.94611 0.3787 0.207468 -0.165073 0.964214 0.395817 -0.973448 -0.1323 0.186805 -0.492657 0.0967294 -0.977368 -0.188138 0.456982 
1535173497753 0.264534 0.92544 -0.27126 -0.551543 -0.931427 0.318078 0.176832 -0.233341 0.249929 0.205881 0.946123 0.3787 0.209514 -0.168261 0.96322 0.396747 -0.9726 -0.137376 0.187556 -0.492356 0.100765 -0.976123 -0.192433 0.457574 
1535173497766 0.264544 0.925448 -0.271223 -0.55154 -0.931431 0.318074 0.176818 -0.233343 0.249905 0.20585 0.946136 0.378701 0.211572 -0.171436 0.962209 0.397677 -0.971729 -0.14245 0.188285 -0.492055 0.104788 -0.974842 -0.196728 0.458166 
1535173497783 0.264553 0.925456 -0.271187 -0.551537 -0.931435 0.318071 0.176803 -0.233345 0.24988 0.205819 0.946149 0.378701 0.213643 -0.174598 0.961183 0.398607 -0.970834 -0.147524 0.18899 -0.491754 0.108801 -0.973526 -0.201023 0.458758 
1535173497800 0.264562 0.925464 -0.27115 -0.551534 -0.931439 0.318067 0.176789 -0.233347 0.249856 0.205788 0.946162 0.378701 0.215726 -0.177746 0.96014 0.399537 -0.969917 -0.152597 0.189673 -0.491453 0.112801 -0.972173 -0.205318 0.459349 
1535173497816 0.264571 0.925473 -0.271114 -0.55153 -0.931443 0.318063 0.176775 -0.233348 0.249832 0.205758 0.946175 0.378701 0.217821 -0.18088 0.959081 0.400466 -0.968976 -0.157669 0.190333 -0.491152 0.11679 -0.970785 -0.209612 0.459941 
1535173497833 0.26458 0.925481 -0.271077 -0.551527 -0.931447 0.31806 0.17676 -0.23335 0.249807 0.205727 0.946189 0.378701 0.219929 -0.184001 0.958006 0.401396 -0.968012 -0.162739 0.190969 -0.490851 0.120766 -0.969361 -0.213906 0.460533 
1535173497851 0.264589 0.925489 -0.271041 -0.551524 -0.931451 0.318056 0.176746 -0.233352 0.249783 0.205696 0.946202 0.378702 0.222049 -0.187107 0.956914 0.402326 -0.967025 -0.167807 0.191583 -0.49055 0.124731 -0.967901 -0.218199 0.461125 
1535173497866 0.264599 0.925497 -0.271004 -0.551521 -0.931455 0.318053 0.176732 -0.233353 0.249758 0.205665 0.946215 0.378702 0.224181 -0.190199 0.955807 0.403256 -0.966014 -0.172874 0.192174 -0.490249 0.128682 -0.966405 -0.22249 0.461717 
1535173498249 0.264518 0.925429 -0.271315 -0.551548 -0.931419 0.318084 0.176867 -0.233338 0.249979 0.205923 0.9461 0.378707 0.214088 -0.172453 0.961471 0.398915 -0.969509 -0.157664 0.187599 -0.491248 0.119238 -0.972318 -0.200949 0.458915 
1535173498260 0.264541 0.92543 -0.271288 -0.551544 -0.931417 0.318097 0.176854 -0.233336 0.249961 0.205897 0.946111 0.378708 0.216717 -0.177898 0.959889 0.39994 -0.968757 -0.160652 0.188946 -0.491018 0.120595 -0.970847 -0.207155 0.459747 
1535173498267 0.264565 0.925431 -0.27126 -0.551539 -0.931415 0.31811 0.176839 -0.233334 0.249943 0.20587 0.946122 0.378709 0.219353 -0.183327 0.958267 0.400965 -0.967996 -0.163645 0.190273 -0.490787 0.121934 -0.969336 -0.213356 0.46058 
1535173498280 0.264589 0.925433 -0.271232 -0.551535 -0.931413 0.318124 0.176825 -0.233333 0.249925 0.205843 0.946132 0.37871 0.221994 -0.188741 0.956606 0.40199 -0.967226 -0.166646 0.191579 -0.490557 0.123255 -0.967784 -0.21955 0.461412 
1535173498297 0.264613 0.925434 -0.271204 -0.55153 -0.931411 0.318137 0.17681 -0.233331 0.249906 0.205816 0.946143 0.378711 0.224642 -0.19414 0.954906 0.403015 -0.966448 -0.169652 0.192866 -0.490326 0.124559 -0.966192 -0.225737 0.462245 
1535173498313 0.264636 0.925436 -0.271176 -0.551526 -0.931409 0.31815 0.176796 -0.233329 0.249888 0.20579 0.946154 0.378712 0.227296 -0.199525 0.953167 0.404041 -0.96566 -0.172665 0.194132 -0.490096 0.125844 -0.96456 -0.231919 0.463077 
1535173498331 0.26466 0.925437 -0.271148 -0.551522 -0.931408 0.318164 0.176782 -0.233327 0.24987 0.205763 0.946164 0.378713 0.229956 -0.204892 0.951388 0.405066 -0.964864 -0.175684 0.195378 -0.489865 0.127112 -0.962888 -0.238093 0.463909 
1535173498338 0.264684 0.925438 -0.271121 -0.551517 -0.931406 0.318177 0.176767 -0.233325 0.249851 0.205736 0.946175 0.378714 0.232622 -0.210244 0.949571 0.406091 -0.964059 -0.178709 0.196604 -0.489635 0.128362 -0.961177 -0.244259 0.464742 
1535173498350 0.264707 0.92544 -0.271093 -0.551513 -0.931404 0.31819 0.176753 -0.233324 0.249833 0.205709 0.946186 0.378715 0.235294 -0.21558 0.947714 0.407116 -0.963246 -0.18174 0.197809 -0.489404 0.129594 -0.959425 -0.250419 0.465574 
1535173498367 0.264731 0.925441 -0.271065 -0.551508 -0.931402 0.318203 0.176738 -0.233322 0.249815 0.205682 0.946196 0.378716 0.237971 -0.220898 0.945819 0.40814 -0.962424 -0.184776 0.198993 -0.489173 0.130808 -0.957633 -0.256569 0.466406 
1535173498696 0.264534 0.92545 -0.271228 -0.551537 -0.931429 0.318069 0.176836 -0.233341 0.249922 0.205851 0.946131 0.378711 0.22358 -0.18885 0.956215 0.402933 -0.966174 -0.172313 0.191877 -0.490293 0.128532 -0.96677 -0.220988 0.461759 
1535173498707 0.264562 0.925446 -0.271212 -0.551533 -0.931424 0.318092 0.176826 -0.233337 0.249913 0.205832 0.946138 0.378712 0.226437 -0.192683 0.954777 0.403986 -0.965058 -0.177088 0.193137 -0.490049 0.131866 -0.965149 -0.226049 0.462346 
1535173498724 0.264591 0.925443 -0.271196 -0.551529 -0.931418 0.318114 0.176816 -0.233334 0.249905 0.205813 0.946144 0.378714 0.229306 -0.196497 0.953314 0.405038 -0.963922 -0.181865 0.194372 -0.489805 0.135181 -0.963491 -0.23111 0.462934 
1535173498740 0.264619 0.925439 -0.27118 -0.551526 -0.931412 0.318136 0.176807 -0.233331 0.249896 0.205794 0.946151 0.378715 0.232187 -0.200291 0.951826 0.406091 -0.962763 -0.186644 0.19558 -0.489561 0.138479 -0.961794 -0.23617 0.463521 
1535173498757 0.264648 0.925436 -0.271164 -0.551522 -0.931406 0.318159 0.176797 -0.233327 0.249887 0.205775 0.946157 0.378717 0.23508 -0.204068 0.950312 0.407143 -0.961583 -0.191424 0.196762 -0.489317 0.14176 -0.960059 -0.241228 0.464109 
1535173498764 0.264676 0.925433 -0.271148 -0.551518 -0.931401 0.318181 0.176787 -0.233324 0.249879 0.205756 0.946163 0.378718 0.237985 -0.207825 0.948774 0.408196 -0.960381 -0.196205 0.197918 -0.489073 0.145022 -0.958286 -0.246285 0.464696 
1535173498777 0.264704 0.925429 -0.271132 -0.551514 -0.931395 0.318203 0.176778 -0.23332 0.24987 0.205737 0.94617 0.378719 0.240901 -0.211563 0.947211 0.409249 -0.959158 -0.200987 0.199048 -0.488829 0.148265 -0.956476 -0.25134 0.465284 
1535173498784 0.264733 0.925426 -0.271116 -0.55151 -0.931389 0.318225 0.176768 -0.233317 0.249861 0.205718 0.946176 0.378721 0.243828 -0.215281 0.945623 0.410301 -0.957914 -0.205769 0.200152 -0.488585 0.151491 -0.954627 -0.256393 0.465871 
1535173498798 0.264761 0.925422 -0.2711 -0.551507 -0.931383 0.318247 0.176758 -0.233313 0.249853 0.205699 0.946183 0.378722 0.246766 -0.21898 0.94401 0.411354 -0.956648 -0.210552 0.201229 -0.488341 0.154698 -0.952741 -0.261444 0.466459 
1535173498814 0.264789 0.925419 -0.271084 -0.551503 -0.931378 0.31827 0.176749 -0.23331 0.249844 0.20568 0.946189 0.378724 0.249715 -0.222659 0.942372 0.412406 -0.955361 -0.215334 0.202279 -0.488097 0.157886 -0.950818 -0.266492 0.467046 
1535173499328 0.264697 0.925415 -0.271187 -0.551528 -0.93138 0.31822 0.176824 -0.233332 0.249932 0.205773 0.946145 0.378714 0.23742 -0.219371 0.946313 0.40783 -0.962569 -0.184238 0.198789 -0.489195 0.130739 -0.958088 -0.254901 0.46646 
1535173499341 0.264705 0.925413 -0.271186 -0.551525 -0.931375 0.31823 0.176833 -0.23333 0.249944 0.205767 0.946144 0.378719 0.239513 -0.222948 0.944948 0.408893 -0.96179 -0.187448 0.199556 -0.488921 0.132638 -0.956639 -0.259326 0.466882 
1535173499358 0.264714 0.925411 -0.271185 -0.551522 -0.93137 0.318241 0.176843 -0.233328 0.249955 0.205761 0.946142 0.378723 0.241613 -0.226515 0.943565 0.409956 -0.961003 -0.190659 0.200308 -0.488647 0.134527 -0.955165 -0.263748 0.467303 
1535173499374 0.264723 0.925408 -0.271185 -0.551518 -0.931364 0.318252 0.176852 -0.233326 0.249966 0.205755 0.946141 0.378728 0.243719 -0.230071 0.942162 0.411019 -0.960206 -0.193872 0.201044 -0.488373 0.136404 -0.953667 -0.268166 0.467725 
1535173499391 0.264731 0.925406 -0.271184 -0.551515 -0.931359 0.318262 0.176862 -0.233324 0.249977 0.205748 0.946139 0.378732 0.245831 -0.233616 0.940739 0.412082 -0.9594 -0.197086 0.201765 -0.488099 0.138271 -0.952145 -0.272581 0.468147 
1535173499407 0.26474 0.925404 -0.271183 -0.551512 -0.931353 0.318273 0.176871 -0.233321 0.249988 0.205742 0.946138 0.378737 0.24795 -0.237149 0.939298 0.413145 -0.958585 -0.200301 0.20247 -0.487825 0.140127 -0.9506 -0.276992 0.468568 
1535173499424 0.264749 0.925402 -0.271182 -0.551509 -0.931348 0.318284 0.176881 -0.233319 0.249999 0.205736 0.946136 0.378742 0.250075 -0.24067 0.937838 0.414207 -0.957761 -0.203518 0.20316 -0.487551 0.141972 -0.94903 -0.281399 0.46899 
1535173499441 0.264758 0.925399 -0.271181 -0.551506 -0.931342 0.318294 0.17689 -0.233317 0.25001 0.205729 0.946135 0.378746 0.252206 -0.24418 0.936359 0.41527 -0.956928 -0.206735 0.203835 -0.487277 0.143806 -0.947437 -0.285803 0.469412 
1535173499458 0.264766 0.925397 -0.27118 -0.551502 -0.931337 0.318305 0.1769 -0.233315 0.250021 0.205723 0.946133 0.378751 0.254343 -0.247678 0.934861 0.416333 -0.956087 -0.209953 0.204493 -0.487003 0.145629 -0.94582 -0.290202 0.469834 
1535173499474 0.264775 0.925395 -0.271179 -0.551499 -0.931332 0.318316 0.176909 -0.233313 0.250031 0.205717 0.946132 0.378755 0.256485 -0.251164 0.933344 0.417395 -0.955236 -0.213172 0.205136 -0.486729 0.14744 -0.944179 -0.294597 0.470255 
1535173499893 0.264818 0.925399 -0.271124 -0.551516 -0.931349 0.318322 0.176804 -0.233325 0.249919 0.205691 0.946167 0.378717 0.248848 -0.222072 0.94274 0.412068 -0.955883 -0.21317 0.202103 -0.488192 0.156082 -0.951442 -0.265322 0.466968 
1535173499904 0.26482 0.925395 -0.271135 -0.551513 -0.931346 0.318328 0.176813 -0.233322 0.249931 0.205697 0.946162 0.378723 0.250222 -0.227829 0.941001 0.413138 -0.955626 -0.214176 0.202256 -0.487864 0.15546 -0.949854 -0.271311 0.467638 
1535173499911 0.264822 0.925392 -0.271145 -0.551511 -0.931342 0.318335 0.176822 -0.233319 0.249944 0.205703 0.946158 0.378728 0.251818 -0.233643 0.939148 0.414301 -0.955245 -0.215659 0.202482 -0.487496 0.155228 -0.948104 -0.277493 0.468311 
1535173499924 0.264824 0.925388 -0.271156 -0.551508 -0.931338 0.318341 0.176831 -0.233317 0.249957 0.205708 0.946153 0.378733 0.253412 -0.239445 0.937256 0.415463 -0.954862 -0.217144 0.202698 -0.487128 0.154985 -0.946316 -0.283664 0.468985 
1535173499931 0.264826 0.925384 -0.271166 -0.551505 -0.931333 0.318348 0.17684 -0.233314 0.24997 0.205714 0.946148 0.378739 0.255004 -0.245236 0.935325 0.416626 -0.95448 -0.21863 0.202903 -0.48676 0.154731 -0.944489 -0.289825 0.469658 
1535173499944 0.264828 0.925381 -0.271176 -0.551502 -0.931329 0.318355 0.17685 -0.233311 0.249984 0.20572 0.946144 0.378744 0.256594 -0.251014 0.933355 0.417789 -0.954096 -0.220118 0.203099 -0.486392 0.154467 -0.942624 -0.295973 0.470331 
1535173499961 0.26483 0.925377 -0.271187 -0.5515 -0.931325 0.318361 0.176859 -0.233308 0.249997 0.205726 0.946139 0.37875 0.258183 -0.256779 0.931346 0.418952 -0.953712 -0.221606 0.203285 -0.486024 0.154193 -0.940721 -0.302108 0.471004 
1535173499979 0.264831 0.925374 -0.271197 -0.551497 -0.931321 0.318368 0.176868 -0.233305 0.25001 0.205731 0.946134 0.378755 0.25977 -0.262531 0.929299 0.420115 -0.953327 -0.223096 0.203461 -0.485656 0.153908 -0.938779 -0.308231 0.471677 
1535173499985 0.264833 0.92537 -0.271207 -0.551494 -0.931317 0.318375 0.176877 -0.233303 0.250023 0.205737 0.946129 0.378761 0.261354 -0.268269 0.927214 0.421277 -0.952941 -0.224586 0.203627 -0.485288 0.153612 -0.936799 -0.314341 0.472351 
1535173499999 0.264835 0.925367 -0.271218 -0.551492 -0.931313 0.318381 0.176887 -0.2333 0.250036 0.205743 0.946125 0.378766 0.262936 -0.273995 0.92509 0.422439 -0.952555 -0.226077 0.203782 -0.48492 0.153306 -0.934781 -0.320439 0.473023 
1535173500564 0.264806 0.925395 -0.271149 -0.551516 -0.931348 0.318318 0.176815 -0.233319 0.249935 0.205713 0.946158 0.378717 0.256101 -0.249644 0.933858 0.417088 -0.955341 -0.212707 0.20513 -0.486713 0.147429 -0.944687 -0.292969 0.470261 
1535173500576 0.264818 0.925384 -0.271175 -0.551511 -0.93133 0.318347 0.176859 -0.233314 0.24999 0.205718 0.946142 0.378729 0.257819 -0.253733 0.932281 0.418176 -0.954685 -0.215379 0.205397 -0.486423 0.148678 -0.942991 -0.297764 0.470691 
1535173500592 0.26483 0.925373 -0.2712 -0.551507 -0.931312 0.318375 0.176903 -0.23331 0.250044 0.205723 0.946127 0.37874 0.259543 -0.257812 0.930683 0.419264 -0.954024 -0.218051 0.20565 -0.486134 0.149917 -0.941269 -0.302553 0.471121 
1535173500609 0.264842 0.925362 -0.271226 -0.551502 -0.931295 0.318403 0.176946 -0.233305 0.250098 0.205728 0.946111 0.378752 0.261272 -0.26188 0.929062 0.420352 -0.953358 -0.220722 0.205889 -0.485844 0.151146 -0.939521 -0.307334 0.471551 
1535173500625 0.264854 0.925352 -0.271251 -0.551498 -0.931277 0.318431 0.17699 -0.233301 0.250152 0.205733 0.946096 0.378764 0.263006 -0.265937 0.927419 0.42144 -0.952687 -0.223394 0.206114 -0.485554 0.152366 -0.937749 -0.312109 0.471981 
1535173500642 0.264866 0.925341 -0.271276 -0.551493 -0.931259 0.318459 0.177033 -0.233296 0.250207 0.205739 0.946081 0.378775 0.264745 -0.269983 0.925753 0.422528 -0.952011 -0.226065 0.206325 -0.485265 0.153576 -0.935951 -0.316876 0.472411 
1535173500658 0.264877 0.92533 -0.271302 -0.551488 -0.931241 0.318487 0.177077 -0.233292 0.250261 0.205744 0.946065 0.378787 0.266488 -0.274017 0.924066 0.423616 -0.95133 -0.228736 0.206523 -0.484975 0.154777 -0.934127 -0.321636 0.472841 
1535173500676 0.264889 0.925319 -0.271327 -0.551484 -0.931223 0.318516 0.17712 -0.233287 0.250315 0.205749 0.94605 0.378799 0.268237 -0.278041 0.922357 0.424704 -0.950644 -0.231407 0.206706 -0.484685 0.155968 -0.932279 -0.32639 0.473271 
1535173500682 0.264901 0.925308 -0.271353 -0.551479 -0.931205 0.318544 0.177164 -0.233283 0.250369 0.205754 0.946034 0.378811 0.269989 -0.282053 0.920626 0.425792 -0.949953 -0.234078 0.206875 -0.484395 0.157149 -0.930405 -0.331135 0.473701 
1535173500696 0.264913 0.925297 -0.271378 -0.551475 -0.931187 0.318572 0.177207 -0.233279 0.250423 0.205759 0.946019 0.378822 0.271746 -0.286053 0.918873 0.426879 -0.949257 -0.236748 0.20703 -0.484105 0.15832 -0.928506 -0.335873 0.474131 
1535173501060 0.264696 0.925403 -0.27123 -0.551506 -0.931367 0.318239 0.176861 -0.233259 0.249984 0.205801 0.946126 0.378715 0.262615 -0.272523 0.925616 0.422179 -0.952651 -0.225598 0.203864 -0.484917 0.15326 -0.935327 -0.318865 0.473009 
1535173501074 0.264725 0.925381 -0.271277 -0.5515 -0.931332 0.318297 0.17694 -0.233258 0.250084 0.205808 0.946098 0.378736 0.26375 -0.274689 0.924652 0.4231 -0.95218 -0.227423 0.204041 -0.484661 0.15424 -0.934251 -0.321536 0.473174 
1535173501080 0.264754 0.925359 -0.271323 -0.551494 -0.931297 0.318356 0.17702 -0.233258 0.250184 0.205815 0.94607 0.378756 0.264887 -0.276851 0.923682 0.424021 -0.951705 -0.229248 0.204212 -0.484404 0.155216 -0.933166 -0.324205 0.473338 
1535173501094 0.264783 0.925337 -0.271368 -0.551489 -0.931262 0.318415 0.177099 -0.233257 0.250284 0.205822 0.946042 0.378777 0.266026 -0.279008 0.922705 0.424942 -0.951229 -0.231072 0.204377 -0.484148 0.156188 -0.932073 -0.326872 0.473503 
1535173501101 0.264812 0.925316 -0.271414 -0.551483 -0.931226 0.318473 0.177179 -0.233256 0.250384 0.205829 0.946014 0.378797 0.267166 -0.281162 0.921721 0.425863 -0.950749 -0.232896 0.204538 -0.483892 0.157157 -0.930971 -0.329537 0.473668 
1535173501114 0.26484 0.925294 -0.27146 -0.551477 -0.931191 0.318532 0.177258 -0.233255 0.250484 0.205836 0.945986 0.378818 0.268309 -0.283312 0.920731 0.426785 -0.950267 -0.234719 0.204693 -0.483636 0.158121 -0.929861 -0.332199 0.473832 
1535173501131 0.264869 0.925272 -0.271505 -0.551471 -0.931156 0.31859 0.177337 -0.233255 0.250584 0.205843 0.945958 0.378839 0.269454 -0.285457 0.919733 0.427706 -0.949783 -0.236543 0.204842 -0.483379 0.159083 -0.928742 -0.334859 0.473997 
1535173501148 0.264898 0.925251 -0.271551 -0.551465 -0.931121 0.318649 0.177417 -0.233254 0.250685 0.20585 0.94593 0.378859 0.270601 -0.287598 0.918729 0.428627 -0.949296 -0.238366 0.204987 -0.483123 0.16004 -0.927615 -0.337517 0.474162 
1535173501165 0.264927 0.925229 -0.271597 -0.55146 -0.931086 0.318708 0.177496 -0.233253 0.250785 0.205856 0.945902 0.37888 0.27175 -0.289734 0.917718 0.429548 -0.948806 -0.240189 0.205126 -0.482867 0.160994 -0.926479 -0.340173 0.474327 
1535173501182 0.264956 0.925207 -0.271643 -0.551454 -0.93105 0.318766 0.177576 -0.233253 0.250885 0.205863 0.945874 0.3789 0.272901 -0.291866 0.9167 0.430468 -0.948314 -0.242011 0.205259 -0.48261 0.161944 -0.925335 -0.342826 0.474491 
1535173501539 0.26504 0.925251 -0.271412 -0.551478 -0.931162 0.318692 0.177126 -0.233344 0.250383 0.205783 0.946024 0.378815 0.271241 -0.284687 0.919446 0.426566 -0.949467 -0.235878 0.207063 -0.484137 0.157929 -0.929147 -0.334281 0.474063 
1535173501551 0.265049 0.925236 -0.271455 -0.551473 -0.93114 0.318724 0.177184 -0.233331 0.250456 0.2058 0.946001 0.378829 0.272011 -0.287621 0.918305 0.427379 -0.949178 -0.237216 0.206858 -0.483881 0.15834 -0.927903 -0.337528 0.474311 
1535173501568 0.265057 0.925221 -0.271497 -0.551468 -0.931118 0.318756 0.177241 -0.233318 0.250529 0.205817 0.945978 0.378844 0.272782 -0.290549 0.917154 0.428192 -0.948889 -0.238552 0.206648 -0.483624 0.158747 -0.926647 -0.340772 0.474559 
1535173501584 0.265066 0.925206 -0.271539 -0.551463 -0.931096 0.318788 0.177299 -0.233305 0.250602 0.205833 0.945955 0.378858 0.273554 -0.293474 0.915992 0.429004 -0.948598 -0.239887 0.206435 -0.483368 0.159151 -0.92538 -0.344011 0.474807 
1535173501601 0.265074 0.925191 -0.271581 -0.551458 -0.931074 0.318821 0.177357 -0.233292 0.250675 0.20585 0.945932 0.378873 0.274327 -0.296394 0.91482 0.429817 -0.948308 -0.241221 0.206216 -0.483112 0.159553 -0.924101 -0.347246 0.475055 
1535173501618 0.265082 0.925177 -0.271624 -0.551452 -0.931051 0.318853 0.177414 -0.233279 0.250748 0.205866 0.945909 0.378887 0.275102 -0.299309 0.913637 0.43063 -0.948016 -0.242555 0.205992 -0.482856 0.159951 -0.922812 -0.350477 0.475302 
1535173501635 0.265091 0.925162 -0.271666 -0.551447 -0.931029 0.318885 0.177472 -0.233266 0.250821 0.205883 0.945887 0.378902 0.275878 -0.30222 0.912444 0.431443 -0.947724 -0.243887 0.205764 -0.482599 0.160347 -0.921511 -0.353705 0.47555 
1535173501642 0.265099 0.925147 -0.271708 -0.551442 -0.931007 0.318917 0.17753 -0.233253 0.250894 0.205899 0.945864 0.378916 0.276655 -0.305127 0.911241 0.432256 -0.947431 -0.245218 0.205532 -0.482343 0.16074 -0.920199 -0.356927 0.475798 
1535173501654 0.265108 0.925132 -0.27175 -0.551437 -0.930985 0.31895 0.177588 -0.23324 0.250967 0.205915 0.945841 0.378931 0.277433 -0.308029 0.910027 0.433068 -0.947137 -0.246549 0.205294 -0.482087 0.16113 -0.918875 -0.360146 0.476046 
1535173501671 0.265116 0.925118 -0.271792 -0.551432 -0.930963 0.318982 0.177645 -0.233227 0.25104 0.205932 0.945818 0.378945 0.278212 -0.310925 0.908803 0.433881 -0.946842 -0.247878 0.205052 -0.48183 0.161517 -0.917541 -0.36336 0.476294 
1535173501904 0.264985 0.92528 -0.271366 -0.551451 -0.931116 0.31868 0.177387 -0.233258 0.250611 0.205668 0.945989 0.378907 0.273446 -0.290862 0.916857 0.43008 -0.948257 -0.241412 0.206226 -0.482583 0.161358 -0.925808 -0.341825 0.474453 
1535173501919 0.26501 0.925256 -0.271426 -0.551447 -0.931087 0.318733 0.177441 -0.233251 0.250691 0.205698 0.945961 0.378917 0.274565 -0.293758 0.915598 0.430713 -0.948035 -0.24189 0.206684 -0.482523 0.160759 -0.924768 -0.344908 0.47466 
1535173501942 0.265034 0.925231 -0.271487 -0.551443 -0.931059 0.318786 0.177497 -0.233244 0.250772 0.205727 0.945933 0.378927 0.275681 -0.296652 0.914329 0.431346 -0.947813 -0.242369 0.20714 -0.482463 0.160156 -0.923718 -0.347988 0.474867 
1535173501959 0.265059 0.925206 -0.271547 -0.551439 -0.93103 0.318839 0.177552 -0.233237 0.250852 0.205757 0.945906 0.378937 0.276795 -0.299543 0.913049 0.431978 -0.947591 -0.242849 0.207595 -0.482404 0.159549 -0.922658 -0.351063 0.475074 
1535173501978 0.265083 0.925181 -0.271608 -0.551435 -0.931001 0.318892 0.177608 -0.23323 0.250933 0.205786 0.945878 0.378947 0.277907 -0.302429 0.911759 0.432611 -0.947368 -0.24333 0.208048 -0.482344 0.158939 -0.921589 -0.354135 0.475281 
1535173501992 0.265108 0.925156 -0.271668 -0.55143 -0.930973 0.318945 0.177663 -0.233223 0.251013 0.205816 0.94585 0.378956 0.279016 -0.305312 0.910459 0.433244 -0.947145 -0.243813 0.208499 -0.482284 0.158325 -0.920511 -0.357202 0.475488 
