1530721102086 0.184896 -0.9642 0.190082 -0.495228 0.747403 0.26355 0.609861 -0.232132 -0.638124 0.0293075 0.769376 0.445508 0.16008 -0.775623 -0.61056 0.370831 -0.304787 0.549475 -0.777934 -0.528794 0.938871 0.310623 -0.14844 0.432481 
1530721102100 0.201199 -0.96443 0.171444 -0.505373 0.719571 0.264272 0.642166 -0.228571 -0.664633 -0.00583675 0.747148 0.449276 0.316305 -0.930106 0.186693 0.400738 -0.38429 -0.305553 -0.871182 -0.506322 0.867336 0.203815 -0.454078 0.485854 
1530721103052 0.21813 -0.963791 0.153386 -0.515499 0.690638 0.263493 0.673491 -0.225009 -0.68952 -0.0409743 0.723107 0.453048 0.316242 -0.929997 0.187342 0.400828 -0.384853 -0.306262 -0.870685 -0.504438 0.86711 0.203248 -0.454765 0.485876 
1530721103970 0.23565 -0.962282 0.135951 -0.525623 0.660676 0.261217 0.703756 -0.221446 -0.712725 -0.0760202 0.697312 0.456822 0.316223 -0.930001 0.187352 0.40079 -0.384857 -0.306263 -0.870683 -0.50432 0.867115 0.203227 -0.454765 0.485866 
1530721104891 0.253716 -0.959908 0.119183 -0.535748 0.629756 0.257449 0.732889 -0.217884 -0.73419 -0.110889 0.669827 0.460595 0.316222 -0.930002 0.187352 0.40079 -0.384859 -0.306263 -0.870682 -0.504311 0.867114 0.203224 -0.454766 0.485866 
1530721105849 0.272284 -0.956675 0.103122 -0.545871 0.597955 0.252198 0.760819 -0.214322 -0.753864 -0.145497 0.640719 0.464369 0.316221 -0.930002 0.187352 0.400793 -0.384861 -0.306262 -0.870681 -0.504309 0.867114 0.203224 -0.454768 0.485867 
1530721106793 0.29131 -0.95259 0.0878079 -0.555995 0.56535 0.245477 0.787477 -0.210759 -0.771698 -0.179758 0.610057 0.468142 0.316221 -0.930002 0.187351 0.400795 -0.384862 -0.306262 -0.870681 -0.504309 0.867113 0.203223 -0.454769 0.485868 
1530721107726 0.310747 -0.947664 0.0732765 -0.566116 0.53202 0.237302 0.812799 -0.207198 -0.787649 -0.21359 0.577917 0.471916 0.316221 -0.930002 0.187351 0.400796 -0.384862 -0.306262 -0.870681 -0.50431 0.867113 0.203223 -0.454769 0.485869 
1530721108677 0.330543 -0.941909 0.059565 -0.576211 0.498048 0.227693 0.836722 -0.203642 -0.801679 -0.246907 0.544379 0.475684 0.316222 -0.930002 0.18735 0.400801 -0.384863 -0.306262 -0.87068 -0.504317 0.867112 0.203224 -0.45477 0.485871 
1530721109639 0.350486 -0.9354 0.0467639 -0.585785 0.463673 0.216684 0.859102 -0.200372 -0.813736 -0.27942 0.509664 0.479101 0.316238 -0.930001 0.187328 0.400844 -0.384878 -0.306253 -0.870677 -0.504402 0.8671 0.203243 -0.454786 0.48592 
1530721110677 0.350401 -0.93543 0.0467972 -0.58578 0.463815 0.216714 0.859017 -0.200336 -0.813692 -0.279295 0.509803 0.479161 0.316238 -0.930001 0.187328 0.400844 -0.384878 -0.306253 -0.870677 -0.504402 0.8671 0.203243 -0.454786 0.48592 
1530721110981 0.352454 -0.93472 0.0455487 -0.586848 0.460304 0.215532 0.8612 -0.199954 -0.814799 -0.282567 0.50622 0.47957 0.316221 -0.930002 0.187351 0.400799 -0.384863 -0.306262 -0.87068 -0.504312 0.867113 0.203223 -0.45477 0.485869 
1530721111362 0.354509 -0.934002 0.0443106 -0.587915 0.456788 0.214337 0.863368 -0.199571 -0.815885 -0.285831 0.502625 0.479978 0.31622 -0.930002 0.187351 0.400795 -0.384863 -0.306262 -0.87068 -0.504305 0.867113 0.203222 -0.454769 0.485867 
1530721111756 0.356567 -0.933276 0.0430815 -0.588982 0.453267 0.213128 0.86552 -0.199189 -0.816951 -0.289088 0.499017 0.480387 0.316221 -0.930002 0.187351 0.400795 -0.384863 -0.306262 -0.87068 -0.504304 0.867113 0.203223 -0.45477 0.485867 
1530721112155 0.358627 -0.932542 0.0418616 -0.590049 0.449741 0.211905 0.867657 -0.198806 -0.817997 -0.292338 0.495397 0.480796 0.31622 -0.930002 0.187351 0.400795 -0.384863 -0.306262 -0.87068 -0.504304 0.867113 0.203222 -0.454769 0.485867 
1530721112595 0.360689 -0.9318 0.0406512 -0.591116 0.446211 0.210668 0.869779 -0.198424 -0.819023 -0.29558 0.491765 0.481205 0.31622 -0.930002 0.187352 0.400795 -0.384863 -0.306262 -0.87068 -0.504304 0.867113 0.203222 -0.454769 0.485867 
1530721112991 0.362754 -0.93105 0.0394498 -0.592184 0.442676 0.209418 0.871884 -0.198042 -0.820029 -0.298816 0.48812 0.481614 0.31622 -0.930002 0.187352 0.400795 -0.384863 -0.306262 -0.87068 -0.504304 0.867113 0.203222 -0.454769 0.485867 
1530721113002 0.364821 -0.930291 0.0382575 -0.593251 0.439137 0.208153 0.873974 -0.197659 -0.821014 -0.302044 0.484464 0.482022 0.31622 -0.930002 0.187352 0.400795 -0.384863 -0.306262 -0.87068 -0.504304 0.867113 0.203222 -0.454769 0.485867 
1530721113544 0.36689 -0.929525 0.0370745 -0.594315 0.435595 0.206874 0.876048 -0.197277 -0.821979 -0.305264 0.480796 0.482431 0.31622 -0.930002 0.187352 0.400795 -0.384863 -0.306262 -0.87068 -0.504304 0.867113 0.203222 -0.454769 0.485867 
1530721113925 0.368945 -0.928757 0.0359068 -0.59533 0.432064 0.205584 0.878098 -0.196924 -0.822922 -0.308456 0.477132 0.482802 0.31622 -0.930002 0.187352 0.400795 -0.384863 -0.306262 -0.87068 -0.504304 0.867113 0.203222 -0.454769 0.485867 
1530721114319 0.368859 -0.928792 0.0358873 -0.595357 0.432189 0.205565 0.878041 -0.196874 -0.822895 -0.308363 0.477238 0.482807 0.31622 -0.930002 0.187352 0.400795 -0.384863 -0.306262 -0.87068 -0.504304 0.867113 0.203222 -0.454769 0.485867 
1530721114332 0.369074 -0.928711 0.03577 -0.595466 0.431824 0.205435 0.878251 -0.196837 -0.82299 -0.308693 0.476861 0.482852 0.31622 -0.930002 0.187352 0.400795 -0.384863 -0.306262 -0.87068 -0.504304 0.867113 0.203222 -0.454769 0.485867 
1530721114558 0.369292 -0.928629 0.0356545 -0.595576 0.431454 0.205306 0.878463 -0.196801 -0.823086 -0.309026 0.476479 0.482896 0.31622 -0.930002 0.187352 0.400795 -0.384863 -0.306262 -0.87068 -0.504304 0.867113 0.203222 -0.454769 0.485867 
1530721114776 0.369509 -0.928547 0.035539 -0.595685 0.431084 0.205177 0.878674 -0.196765 -0.823182 -0.309358 0.476097 0.48294 0.31622 -0.930002 0.187352 0.400795 -0.384863 -0.306262 -0.87068 -0.504304 0.867113 0.203222 -0.454769 0.485867 
1530721114994 0.369727 -0.928465 0.0354236 -0.595795 0.430714 0.205048 0.878886 -0.196729 -0.823278 -0.30969 0.475715 0.482984 0.31622 -0.930002 0.187352 0.400795 -0.384863 -0.306262 -0.87068 -0.504304 0.867113 0.203222 -0.454769 0.485867 
1530721115203 0.369944 -0.928383 0.0353083 -0.595904 0.430345 0.204919 0.879097 -0.196692 -0.823374 -0.310022 0.475333 0.483028 0.31622 -0.930002 0.187352 0.400795 -0.384863 -0.306262 -0.87068 -0.504304 0.867113 0.203222 -0.454769 0.485867 
1530721115475 0.370162 -0.9283 0.0351931 -0.596014 0.429975 0.204789 0.879308 -0.196656 -0.823469 -0.310354 0.474951 0.483073 0.31622 -0.930002 0.187352 0.400795 -0.384863 -0.306262 -0.87068 -0.504304 0.867113 0.203222 -0.454769 0.485867 
1530721115672 0.370379 -0.928218 0.035078 -0.596123 0.429605 0.204659 0.879519 -0.19662 -0.823565 -0.310686 0.474569 0.483117 0.31622 -0.930002 0.187352 0.400795 -0.384863 -0.306262 -0.87068 -0.504304 0.867113 0.203222 -0.454769 0.485867 
1530721115885 0.370597 -0.928136 0.034963 -0.596233 0.429235 0.20453 0.87973 -0.196584 -0.82366 -0.311017 0.474187 0.483161 0.31622 -0.930002 0.187352 0.400795 -0.384863 -0.306262 -0.87068 -0.504304 0.867113 0.203222 -0.454769 0.485867 
1530721116139 0.370813 -0.928054 0.0348489 -0.596336 0.428867 0.2044 0.87994 -0.196551 -0.823754 -0.311347 0.473805 0.483201 0.31622 -0.930002 0.187352 0.400795 -0.384863 -0.306262 -0.87068 -0.504304 0.867113 0.203222 -0.454769 0.485867 
1530721116483 0.370818 -0.928055 0.0347656 -0.596341 0.428715 0.204267 0.880045 -0.196579 -0.823831 -0.311432 0.473617 0.483118 0.31622 -0.930002 0.187352 0.400795 -0.384863 -0.306262 -0.87068 -0.504304 0.867113 0.203222 -0.454769 0.485867 
1530721116781 0.354643 -0.93476 0.0212541 -0.595768 0.450111 0.190606 0.872393 -0.198957 -0.819529 -0.299821 0.488343 0.480846 0.31622 -0.930002 0.187352 0.400795 -0.384863 -0.306262 -0.87068 -0.504304 0.867113 0.203222 -0.454769 0.485867 
1530721116788 0.338076 -0.941084 0.00803389 -0.595189 0.471097 0.176615 0.864219 -0.201339 -0.814722 -0.288387 0.503052 0.478576 0.31622 -0.930002 0.187352 0.400795 -0.384863 -0.306262 -0.87068 -0.504304 0.867113 0.203222 -0.454769 0.485867 
1530721117516 0.321133 -0.947021 -0.00488536 -0.59461 0.491657 0.162307 0.855529 -0.203721 -0.809411 -0.277141 0.517732 0.476306 0.31622 -0.930002 0.187352 0.400795 -0.384863 -0.306262 -0.87068 -0.504304 0.867113 0.203222 -0.454769 0.485867 
1530721117522 0.303827 -0.952566 -0.0174936 -0.59403 0.511774 0.147691 0.84633 -0.206103 -0.803602 -0.266091 0.532372 0.474036 0.31622 -0.930002 0.187352 0.400795 -0.384863 -0.306262 -0.87068 -0.504304 0.867113 0.203222 -0.454769 0.485867 
1530721118722 0.286172 -0.957715 -0.0297809 -0.593451 0.531434 0.13278 0.836629 -0.208485 -0.797298 -0.255246 0.54696 0.471765 0.31622 -0.930002 0.187352 0.400795 -0.384863 -0.306262 -0.87068 -0.504304 0.867113 0.203222 -0.454769 0.485867 
1530721119468 0.26818 -0.962464 -0.0417378 -0.592872 0.55062 0.117585 0.826433 -0.210867 -0.790504 -0.244615 0.561486 0.469495 0.31622 -0.930002 0.187352 0.400795 -0.384863 -0.306262 -0.87068 -0.504304 0.867113 0.203222 -0.454769 0.485867 
1530721120168 0.249867 -0.966809 -0.0533549 -0.592292 0.569318 0.102119 0.815751 -0.213249 -0.783226 -0.234205 0.575938 0.467225 0.31622 -0.930002 0.187352 0.400795 -0.384863 -0.306262 -0.87068 -0.504304 0.867113 0.203222 -0.454769 0.485867 
1530721120882 0.231247 -0.970746 -0.0646239 -0.591706 0.587511 0.0863918 0.804591 -0.215627 -0.775471 -0.224027 0.590302 0.464962 0.31622 -0.930002 0.187352 0.400795 -0.384863 -0.306262 -0.87068 -0.504304 0.867113 0.203222 -0.454769 0.485867 
1530721121594 0.212403 -0.974257 -0.0755564 -0.591079 0.60513 0.0704276 0.793006 -0.217864 -0.76727 -0.214158 0.604511 0.462889 0.31622 -0.930002 0.187352 0.400795 -0.384863 -0.306262 -0.87068 -0.504304 0.867113 0.203222 -0.454769 0.485867 
1530721122437 0.212584 -0.974222 -0.0754967 -0.591074 0.605083 0.0705793 0.793028 -0.217925 -0.767256 -0.214267 0.604489 0.46288 0.31622 -0.930002 0.187352 0.400795 -0.384863 -0.306262 -0.87068 -0.504304 0.867113 0.203222 -0.454769 0.485867 
1530721122706 0.193411 -0.977321 -0.0862278 -0.591115 0.622429 0.0542898 0.780791 -0.220283 -0.758402 -0.204684 0.618814 0.460363 0.31622 -0.930002 0.187352 0.400795 -0.384863 -0.306262 -0.87068 -0.504304 0.867113 0.203222 -0.454769 0.485867 
1530721123369 0.173967 -0.980004 -0.0965789 -0.591151 0.639224 0.0377778 0.768092 -0.222644 -0.749085 -0.195358 0.633014 0.457846 0.31622 -0.930002 0.187352 0.400795 -0.384863 -0.306262 -0.87068 -0.504304 0.867113 0.203222 -0.454769 0.485867 
1530721124044 0.154269 -0.982268 -0.106543 -0.591188 0.655454 0.0210562 0.754941 -0.225005 -0.739311 -0.186298 0.64708 0.455329 0.31622 -0.930002 0.187352 0.400795 -0.384863 -0.306262 -0.87068 -0.504304 0.867113 0.203222 -0.454769 0.485867 
1530721124728 0.134334 -0.98411 -0.116112 -0.591224 0.671107 0.00413824 0.741349 -0.227366 -0.729089 -0.177512 0.660999 0.452811 0.31622 -0.930002 0.187352 0.400795 -0.384863 -0.306262 -0.87068 -0.504304 0.867113 0.203222 -0.454769 0.485867 
1530721125415 0.114175 -0.98553 -0.125279 -0.59126 0.686169 -0.0129627 0.727326 -0.229727 -0.718426 -0.169005 0.67476 0.450294 0.31622 -0.930002 0.187352 0.400795 -0.384863 -0.306262 -0.87068 -0.504304 0.867113 0.203222 -0.454769 0.485867 
1530721126106 0.0938108 -0.986526 -0.134036 -0.591296 0.70063 -0.0302329 0.712884 -0.232087 -0.707331 -0.160786 0.688354 0.447777 0.31622 -0.930002 0.187352 0.400795 -0.384863 -0.306262 -0.87068 -0.504304 0.867113 0.203222 -0.454769 0.485867 
1530721126780 0.0732559 -0.987098 -0.142377 -0.591331 0.714478 -0.047659 0.698033 -0.234448 -0.695813 -0.15286 0.701768 0.44526 0.31622 -0.930002 0.187352 0.400795 -0.384863 -0.306262 -0.87068 -0.504304 0.867113 0.203222 -0.454769 0.485867 
1530721127489 0.052528 -0.987245 -0.150295 -0.591357 0.7277 -0.065227 0.682787 -0.236804 -0.683881 -0.145235 0.714992 0.44275 0.31622 -0.930002 0.187352 0.400795 -0.384863 -0.306262 -0.87068 -0.504304 0.867113 0.203222 -0.454769 0.485867 
1530721128148 0.0316985 -0.98696 -0.157811 -0.591275 0.740246 -0.0829088 0.667205 -0.239039 -0.671589 -0.137968 0.727965 0.440433 0.31622 -0.930002 0.187352 0.400795 -0.384863 -0.306262 -0.87068 -0.504304 0.867113 0.203222 -0.454769 0.485867 
1530721128957 0.031767 -0.98695 -0.157861 -0.591281 0.740213 -0.082899 0.667242 -0.239032 -0.671621 -0.138047 0.72792 0.44041 0.31622 -0.930002 0.187352 0.400795 -0.384863 -0.306262 -0.87068 -0.504304 0.867113 0.203222 -0.454769 0.485867 
1530721129200 0.0127431 -0.986068 -0.165851 -0.591869 0.750196 -0.100233 0.653574 -0.241279 -0.661092 -0.132749 0.738468 0.438236 0.31622 -0.930002 0.187352 0.400795 -0.384863 -0.306262 -0.87068 -0.504304 0.867113 0.203222 -0.454769 0.485867 
1530721129853 -0.00639912 -0.984813 -0.1735 -0.592454 0.759653 -0.117619 0.639604 -0.243527 -0.650297 -0.127707 0.748869 0.436061 0.31622 -0.930002 0.187352 0.400795 -0.384863 -0.306262 -0.87068 -0.504304 0.867113 0.203222 -0.454769 0.485867 
1530721130488 -0.0256477 -0.983185 -0.180805 -0.593038 0.768578 -0.135047 0.62534 -0.245775 -0.639241 -0.122924 0.759118 0.433886 0.31622 -0.930002 0.187352 0.400795 -0.384863 -0.306262 -0.87068 -0.504304 0.867113 0.203222 -0.454769 0.485867 
1530721131130 -0.0449904 -0.981184 -0.187759 -0.593623 0.776966 -0.152507 0.61079 -0.248022 -0.627932 -0.118403 0.769208 0.431711 0.31622 -0.930002 0.187352 0.400795 -0.384863 -0.306262 -0.87068 -0.504304 0.867113 0.203222 -0.454769 0.485867 
1530721131818 -0.0644152 -0.978813 -0.19436 -0.594208 0.784812 -0.169987 0.595965 -0.25027 -0.616377 -0.114147 0.779134 0.429536 0.31622 -0.930002 0.187352 0.400795 -0.384863 -0.306262 -0.87068 -0.504304 0.867113 0.203222 -0.454769 0.485867 
1530721132468 -0.0839096 -0.976073 -0.200602 -0.594793 0.79211 -0.187476 0.580874 -0.252518 -0.604583 -0.110158 0.788888 0.427361 0.31622 -0.930002 0.187352 0.400795 -0.384863 -0.306262 -0.87068 -0.504304 0.867113 0.203222 -0.454769 0.485867 
1530721133101 -0.103461 -0.972965 -0.206482 -0.595377 0.798856 -0.204963 0.565526 -0.254766 -0.592558 -0.10644 0.798465 0.425186 0.31622 -0.930002 0.187352 0.400795 -0.384863 -0.306262 -0.87068 -0.504304 0.867113 0.203222 -0.454769 0.485867 
1530721133756 -0.123057 -0.969491 -0.211998 -0.595948 0.805045 -0.222437 0.549931 -0.257009 -0.58031 -0.102995 0.807857 0.423018 0.31622 -0.930002 0.187352 0.400795 -0.384863 -0.306262 -0.87068 -0.504304 0.867113 0.203222 -0.454769 0.485867 
1530721134427 -0.142644 -0.965656 -0.217168 -0.596378 0.810651 -0.239871 0.534141 -0.259143 -0.567889 -0.0998558 0.817026 0.421004 0.31622 -0.930002 0.187352 0.400795 -0.384863 -0.306262 -0.87068 -0.504304 0.867113 0.203222 -0.454769 0.485867 
1530721135216 -0.142546 -0.96567 -0.217167 -0.596373 0.810701 -0.239784 0.534104 -0.25916 -0.567842 -0.0999229 0.81705 0.421022 0.31622 -0.930002 0.187352 0.400795 -0.384863 -0.306262 -0.87068 -0.504304 0.867113 0.203222 -0.454769 0.485867 
1530721135505 -0.159378 -0.962322 -0.220306 -0.597276 0.815323 -0.254135 0.520253 -0.260838 -0.556639 -0.0967041 0.825107 0.419111 0.31622 -0.930002 0.187352 0.400795 -0.384863 -0.306262 -0.87068 -0.504304 0.867113 0.203222 -0.454769 0.485867 
1530721136098 -0.176209 -0.958722 -0.223166 -0.598176 0.819531 -0.268469 0.506254 -0.262516 -0.54527 -0.0936849 0.833009 0.417199 0.31622 -0.930002 0.187352 0.400795 -0.384863 -0.306262 -0.87068 -0.504304 0.867113 0.203222 -0.454769 0.485867 
1530721136685 -0.193028 -0.954871 -0.225748 -0.599077 0.823324 -0.282779 0.492112 -0.264194 -0.53374 -0.0908718 0.840752 0.415286 0.31622 -0.930002 0.187352 0.400795 -0.384863 -0.306262 -0.87068 -0.504304 0.867113 0.203222 -0.454769 0.485867 
1530721137271 -0.209831 -0.950771 -0.228048 -0.599977 0.826698 -0.29706 0.477834 -0.265872 -0.522055 -0.0882626 0.848333 0.413374 0.31622 -0.930002 0.187352 0.400795 -0.384863 -0.306262 -0.87068 -0.504304 0.867113 0.203222 -0.454769 0.485867 
1530721137961 -0.226606 -0.946424 -0.230069 -0.600877 0.829654 -0.311303 0.463427 -0.267551 -0.51022 -0.0858619 0.855747 0.411462 0.31622 -0.930002 0.187352 0.400795 -0.384863 -0.306262 -0.87068 -0.504304 0.867113 0.203222 -0.454769 0.485867 
1530721138562 -0.243348 -0.941832 -0.231807 -0.601778 0.832189 -0.325503 0.448898 -0.269229 -0.49824 -0.0836684 0.862993 0.40955 0.31622 -0.930002 0.187352 0.400795 -0.384863 -0.306262 -0.87068 -0.504304 0.867113 0.203222 -0.454769 0.485867 
1530721139150 -0.26005 -0.936997 -0.233262 -0.602677 0.834302 -0.339654 0.434253 -0.270906 -0.486122 -0.0816831 0.870065 0.407638 0.31622 -0.930002 0.187352 0.400795 -0.384863 -0.306262 -0.87068 -0.504304 0.867113 0.203222 -0.454769 0.485867 
1530721139156 -0.2767 -0.931921 -0.234435 -0.603562 0.835992 -0.353747 0.419501 -0.272579 -0.473872 -0.0799094 0.87696 0.405733 0.31622 -0.930002 0.187352 0.400795 -0.384863 -0.306262 -0.87068 -0.504304 0.867113 0.203222 -0.454769 0.485867 
1530721139932 -0.293262 -0.926611 -0.235349 -0.604284 0.837245 -0.367765 0.404684 -0.274155 -0.461538 -0.0783665 0.883652 0.403962 0.31622 -0.930002 0.187352 0.400795 -0.384863 -0.306262 -0.87068 -0.504304 0.867113 0.203222 -0.454769 0.485867 
1530721140620 -0.293168 -0.926599 -0.235513 -0.604288 0.837208 -0.367764 0.404763 -0.27413 -0.461667 -0.0785101 0.883572 0.40392 0.31622 -0.930002 0.187352 0.400795 -0.384863 -0.306262 -0.87068 -0.504304 0.867113 0.203222 -0.454769 0.485867 
1530721140889 -0.290937 -0.927666 -0.234077 -0.604255 0.835843 -0.365495 0.409609 -0.274519 -0.465535 -0.0764815 0.881719 0.404109 0.31622 -0.930002 0.187352 0.400795 -0.384863 -0.306262 -0.87068 -0.504304 0.867113 0.203222 -0.454769 0.485867 
1530721141301 -0.288709 -0.928726 -0.232627 -0.604222 0.834454 -0.363213 0.414443 -0.274907 -0.469397 -0.0744629 0.879842 0.404299 0.31622 -0.930002 0.187352 0.400795 -0.384863 -0.306262 -0.87068 -0.504304 0.867113 0.203222 -0.454769 0.485867 
1530721141641 -0.286488 -0.929778 -0.231164 -0.60419 0.83304 -0.360919 0.419263 -0.275296 -0.473254 -0.0724554 0.877941 0.404488 0.31622 -0.930002 0.187352 0.400795 -0.384863 -0.306262 -0.87068 -0.504304 0.867113 0.203222 -0.454769 0.485867 
1530721141986 -0.284271 -0.930824 -0.229688 -0.604157 0.831602 -0.358611 0.424071 -0.275684 -0.477104 -0.070458 0.876018 0.404678 0.31622 -0.930002 0.187352 0.400795 -0.384863 -0.306262 -0.87068 -0.504304 0.867113 0.203222 -0.454769 0.485867 
1530721142336 -0.28206 -0.931862 -0.228199 -0.604124 0.830139 -0.356292 0.428865 -0.276073 -0.480948 -0.0684717 0.874071 0.404867 0.31622 -0.930002 0.187352 0.400795 -0.384863 -0.306262 -0.87068 -0.504304 0.867113 0.203222 -0.454769 0.485867 
1530721142342 -0.279854 -0.932894 -0.226697 -0.604091 0.828652 -0.35396 0.433645 -0.276461 -0.484786 -0.0664957 0.872101 0.405056 0.31622 -0.930002 0.187352 0.400795 -0.384863 -0.306262 -0.87068 -0.504304 0.867113 0.203222 -0.454769 0.485867 
1530721142789 -0.277653 -0.933918 -0.225182 -0.604059 0.82714 -0.351616 0.438412 -0.27685 -0.488618 -0.0645304 0.870108 0.405246 0.31622 -0.930002 0.187352 0.400795 -0.384863 -0.306262 -0.87068 -0.504304 0.867113 0.203222 -0.454769 0.485867 
1530721143140 -0.275458 -0.934934 -0.223653 -0.604027 0.825604 -0.349259 0.443165 -0.277238 -0.492443 -0.0625758 0.868092 0.405434 0.31622 -0.930002 0.187352 0.400795 -0.384863 -0.306262 -0.87068 -0.504304 0.867113 0.203222 -0.454769 0.485867 
1530721143489 -0.27327 -0.935943 -0.222113 -0.604009 0.82405 -0.346892 0.447893 -0.277625 -0.496252 -0.0606366 0.866058 0.405603 0.31622 -0.930002 0.187352 0.400795 -0.384863 -0.306262 -0.87068 -0.504304 0.867113 0.203222 -0.454769 0.485867 
1530721143966 -0.273256 -0.935971 -0.222013 -0.603968 0.824135 -0.346822 0.44779 -0.277697 -0.496117 -0.0606069 0.866138 0.405657 0.31622 -0.930002 0.187352 0.400795 -0.384863 -0.306262 -0.87068 -0.504304 0.867113 0.203222 -0.454769 0.485867 
1530721144272 -0.265362 -0.938716 -0.219992 -0.603716 0.821767 -0.339545 0.457611 -0.277541 -0.504264 -0.0593495 0.861508 0.406439 0.31622 -0.930002 0.187352 0.400795 -0.384863 -0.306262 -0.87068 -0.504304 0.867113 0.203222 -0.454769 0.485867 
1530721144717 -0.25747 -0.941402 -0.21788 -0.603463 0.819258 -0.332234 0.467372 -0.277385 -0.512372 -0.0581651 0.856791 0.40722 0.31622 -0.930002 0.187352 0.400795 -0.384863 -0.306262 -0.87068 -0.504304 0.867113 0.203222 -0.454769 0.485867 
1530721144724 -0.249584 -0.944029 -0.215676 -0.60321 0.816609 -0.32489 0.477071 -0.277228 -0.52044 -0.0570531 0.85199 0.408001 0.31622 -0.930002 0.187352 0.400795 -0.384863 -0.306262 -0.87068 -0.504304 0.867113 0.203222 -0.454769 0.485867 
1530721145293 -0.241705 -0.946598 -0.213381 -0.602958 0.813819 -0.317514 0.486707 -0.277072 -0.528467 -0.0560142 0.847104 0.408782 0.31622 -0.930002 0.187352 0.400795 -0.384863 -0.306262 -0.87068 -0.504304 0.867113 0.203222 -0.454769 0.485867 
1530721145736 -0.233833 -0.949106 -0.210997 -0.602705 0.810889 -0.310108 0.496278 -0.276916 -0.536452 -0.0550491 0.842134 0.409563 0.31622 -0.930002 0.187352 0.400795 -0.384863 -0.306262 -0.87068 -0.504304 0.867113 0.203222 -0.454769 0.485867 
1530721146172 -0.225969 -0.951555 -0.208523 -0.602452 0.807821 -0.302673 0.505782 -0.276759 -0.544393 -0.0541582 0.83708 0.410344 0.31622 -0.930002 0.187352 0.400795 -0.384863 -0.306262 -0.87068 -0.504304 0.867113 0.203222 -0.454769 0.485867 
1530721146637 -0.218116 -0.953943 -0.205959 -0.6022 0.804613 -0.295209 0.515217 -0.276603 -0.552289 -0.05334 0.831945 0.411125 0.31622 -0.930002 0.187352 0.400795 -0.384863 -0.306262 -0.87068 -0.504304 0.867113 0.203222 -0.454769 0.485867 
1530721147073 -0.210275 -0.95627 -0.203305 -0.601953 0.801268 -0.287719 0.524583 -0.276449 -0.560138 -0.052595 0.826728 0.411903 0.31622 -0.930002 0.187352 0.400795 -0.384863 -0.306262 -0.87068 -0.504304 0.867113 0.203222 -0.454769 0.485867 
1530721147518 -0.202459 -0.958534 -0.200556 -0.601764 0.797798 -0.280208 0.533856 -0.276325 -0.567916 -0.051919 0.821447 0.412613 0.31622 -0.930002 0.187352 0.400795 -0.384863 -0.306262 -0.87068 -0.504304 0.867113 0.203222 -0.454769 0.485867 
1530721148107 -0.20247 -0.958554 -0.200451 -0.60175 0.797862 -0.280153 0.533789 -0.276357 -0.567822 -0.0518564 0.821516 0.412635 0.31622 -0.930002 0.187352 0.400795 -0.384863 -0.306262 -0.87068 -0.504304 0.867113 0.203222 -0.454769 0.485867 
1530721148309 -0.19568 -0.960482 -0.197946 -0.601652 0.795007 -0.273549 0.541418 -0.276125 -0.574171 -0.0514236 0.817119 0.413265 0.31622 -0.930002 0.187352 0.400795 -0.384863 -0.306262 -0.87068 -0.504304 0.867113 0.203222 -0.454769 0.485867 
1530721148741 -0.188901 -0.962364 -0.195378 -0.601554 0.792056 -0.266928 0.548996 -0.275892 -0.580486 -0.0510446 0.812669 0.413895 0.31622 -0.930002 0.187352 0.400795 -0.384863 -0.306262 -0.87068 -0.504304 0.867113 0.203222 -0.454769 0.485867 
1530721149148 -0.182133 -0.964197 -0.192747 -0.601455 0.789008 -0.260291 0.55652 -0.27566 -0.586766 -0.0507182 0.808167 0.414526 0.31622 -0.930002 0.187352 0.400795 -0.384863 -0.306262 -0.87068 -0.504304 0.867113 0.203222 -0.454769 0.485867 
1530721149575 -0.175376 -0.965983 -0.190053 -0.601357 0.785863 -0.253638 0.563992 -0.275428 -0.593011 -0.0504448 0.803613 0.415156 0.31622 -0.930002 0.187352 0.400795 -0.384863 -0.306262 -0.87068 -0.504304 0.867113 0.203222 -0.454769 0.485867 
1530721150009 -0.168633 -0.96772 -0.187297 -0.601259 0.782622 -0.246971 0.571408 -0.275196 -0.599221 -0.0502245 0.799007 0.415786 0.31622 -0.930002 0.187352 0.400795 -0.384863 -0.306262 -0.87068 -0.504304 0.867113 0.203222 -0.454769 0.485867 
1530721150432 -0.161902 -0.96941 -0.184479 -0.601161 0.779286 -0.24029 0.57877 -0.274963 -0.605394 -0.0500583 0.79435 0.416416 0.31622 -0.930002 0.187352 0.400795 -0.384863 -0.306262 -0.87068 -0.504304 0.867113 0.203222 -0.454769 0.485867 
1530721150879 -0.155186 -0.97105 -0.1816 -0.601062 0.775854 -0.233595 0.586075 -0.274731 -0.61153 -0.0499443 0.789644 0.417046 0.31622 -0.930002 0.187352 0.400795 -0.384863 -0.306262 -0.87068 -0.504304 0.867113 0.203222 -0.454769 0.485867 
1530721151308 -0.148484 -0.972643 -0.178659 -0.600968 0.772327 -0.226888 0.593324 -0.2745 -0.617627 -0.0498836 0.784887 0.417674 0.31622 -0.930002 0.187352 0.400795 -0.384863 -0.306262 -0.87068 -0.504304 0.867113 0.203222 -0.454769 0.485867 
1530721151730 -0.141811 -0.974185 -0.175652 -0.600915 0.768718 -0.220175 0.600497 -0.274297 -0.623669 -0.0498696 0.780096 0.418245 0.31622 -0.930002 0.187352 0.400795 -0.384863 -0.306262 -0.87068 -0.504304 0.867113 0.203222 -0.454769 0.485867 
1530721152264 -0.141988 -0.97416 -0.175648 -0.600918 0.768701 -0.22031 0.600468 -0.274251 -0.623649 -0.0497612 0.780119 0.418265 0.31622 -0.930002 0.187352 0.400795 -0.384863 -0.306262 -0.87068 -0.504304 0.867113 0.203222 -0.454769 0.485867 
1530721152481 -0.136511 -0.97529 -0.173707 -0.600901 0.766018 -0.21511 0.60576 -0.274007 -0.628157 -0.0503696 0.776454 0.418733 0.31622 -0.930002 0.187352 0.400795 -0.384863 -0.306262 -0.87068 -0.504304 0.867113 0.203222 -0.454769 0.485867 
1530721152918 -0.131041 -0.97639 -0.171727 -0.600884 0.763278 -0.209906 0.611021 -0.273762 -0.632641 -0.0510069 0.772764 0.419201 0.31622 -0.930002 0.187352 0.400795 -0.384863 -0.306262 -0.87068 -0.504304 0.867113 0.203222 -0.454769 0.485867 
1530721153323 -0.125578 -0.97746 -0.169711 -0.600867 0.760483 -0.204699 0.61625 -0.273518 -0.637099 -0.0516748 0.769048 0.419669 0.31622 -0.930002 0.187352 0.400795 -0.384863 -0.306262 -0.87068 -0.504304 0.867113 0.203222 -0.454769 0.485867 
1530721153707 -0.120123 -0.978499 -0.16766 -0.600851 0.757633 -0.19949 0.621447 -0.273274 -0.641532 -0.0523743 0.765307 0.420136 0.31622 -0.930002 0.187352 0.400795 -0.384863 -0.306262 -0.87068 -0.504304 0.867113 0.203222 -0.454769 0.485867 
1530721153714 -0.114676 -0.979508 -0.165571 -0.600834 0.754728 -0.194279 0.626611 -0.27303 -0.645938 -0.0531042 0.761541 0.420604 0.31622 -0.930002 0.187352 0.400795 -0.384863 -0.306262 -0.87068 -0.504304 0.867113 0.203222 -0.454769 0.485867 
1530721154201 -0.109237 -0.980486 -0.163448 -0.600817 0.751767 -0.189067 0.631743 -0.272785 -0.650318 -0.0538651 0.75775 0.421072 0.31622 -0.930002 0.187352 0.400795 -0.384863 -0.306262 -0.87068 -0.504304 0.867113 0.203222 -0.454769 0.485867 
1530721154582 -0.103807 -0.981433 -0.161287 -0.6008 0.748753 -0.183854 0.636842 -0.272541 -0.654671 -0.0546559 0.753936 0.42154 0.31622 -0.930002 0.187352 0.400795 -0.384863 -0.306262 -0.87068 -0.504304 0.867113 0.203222 -0.454769 0.485867 
1530721154959 -0.098386 -0.982349 -0.159091 -0.600786 0.745683 -0.178639 0.641907 -0.272298 -0.658997 -0.0554768 0.750097 0.422006 0.31622 -0.930002 0.187352 0.400795 -0.384863 -0.306262 -0.87068 -0.504304 0.867113 0.203222 -0.454769 0.485867 
1530721155390 -0.0929857 -0.983235 -0.156855 -0.600799 0.74257 -0.173429 0.646926 -0.272079 -0.663283 -0.0563207 0.746247 0.422428 0.31622 -0.930002 0.187352 0.400795 -0.384863 -0.306262 -0.87068 -0.504304 0.867113 0.203222 -0.454769 0.485867 
1530721155869 -0.0930787 -0.983208 -0.156968 -0.600807 0.74254 -0.173575 0.646921 -0.272054 -0.663303 -0.0563403 0.746227 0.422419 0.31622 -0.930002 0.187352 0.400795 -0.384863 -0.306262 -0.87068 -0.504304 0.867113 0.203222 -0.454769 0.485867 
1530721155880 -0.0899393 -0.983725 -0.155548 -0.600826 0.740819 -0.170465 0.649715 -0.271907 -0.665657 -0.0567982 0.744094 0.422652 0.31622 -0.930002 0.187352 0.400795 -0.384863 -0.306262 -0.87068 -0.504304 0.867113 0.203222 -0.454769 0.485867 
1530721156244 -0.0868039 -0.984232 -0.154119 -0.600845 0.73908 -0.167356 0.652497 -0.27176 -0.668001 -0.057267 0.741953 0.422886 0.31622 -0.930002 0.187352 0.400795 -0.384863 -0.306262 -0.87068 -0.504304 0.867113 0.203222 -0.454769 0.485867 
1530721156569 -0.0836719 -0.984728 -0.152678 -0.600864 0.737324 -0.164246 0.655269 -0.271614 -0.670338 -0.0577452 0.739806 0.423119 0.31622 -0.930002 0.187352 0.400795 -0.384863 -0.306262 -0.87068 -0.504304 0.867113 0.203222 -0.454769 0.485867 
1530721156914 -0.0805435 -0.985213 -0.151224 -0.600883 0.73555 -0.161137 0.658028 -0.271467 -0.672666 -0.0582333 0.737651 0.423352 0.31622 -0.930002 0.187352 0.400795 -0.384863 -0.306262 -0.87068 -0.504304 0.867113 0.203222 -0.454769 0.485867 
1530721157230 -0.0774187 -0.985687 -0.149761 -0.600903 0.733758 -0.158027 0.660777 -0.27132 -0.674985 -0.0587316 0.73549 0.423586 0.31622 -0.930002 0.187352 0.400795 -0.384863 -0.306262 -0.87068 -0.504304 0.867113 0.203222 -0.454769 0.485867 
1530721157586 -0.0742977 -0.98615 -0.148286 -0.600922 0.73195 -0.154918 0.663513 -0.271173 -0.677296 -0.0592404 0.733322 0.423819 0.31622 -0.930002 0.187352 0.400795 -0.384863 -0.306262 -0.87068 -0.504304 0.867113 0.203222 -0.454769 0.485867 
1530721157901 -0.0711803 -0.986602 -0.146799 -0.600941 0.730123 -0.151807 0.666239 -0.271026 -0.679598 -0.0597581 0.731147 0.424052 0.31622 -0.930002 0.187352 0.400795 -0.384863 -0.306262 -0.87068 -0.504304 0.867113 0.203222 -0.454769 0.485867 
1530721158236 -0.0680669 -0.987043 -0.145301 -0.600961 0.72828 -0.148698 0.668953 -0.27088 -0.681891 -0.0602859 0.728965 0.424284 0.31622 -0.930002 0.187352 0.400795 -0.384863 -0.306262 -0.87068 -0.504304 0.867113 0.203222 -0.454769 0.485867 
1530721158566 -0.0649641 -0.987474 -0.143789 -0.600995 0.726425 -0.145591 0.671648 -0.270748 -0.684169 -0.0608188 0.726783 0.424493 0.31622 -0.930002 0.187352 0.400795 -0.384863 -0.306262 -0.87068 -0.504304 0.867113 0.203222 -0.454769 0.485867 
1530721158955 -0.0650862 -0.987466 -0.143789 -0.601039 0.72651 -0.145672 0.671538 -0.270694 -0.684067 -0.0607566 0.726885 0.424531 0.31622 -0.930002 0.187352 0.400795 -0.384863 -0.306262 -0.87068 -0.504304 0.867113 0.203222 -0.454769 0.485867 
1530721159090 -0.0639669 -0.987826 -0.141801 -0.601067 0.72552 -0.143597 0.673053 -0.270687 -0.685222 -0.059826 0.725873 0.424637 0.31622 -0.930002 0.187352 0.400795 -0.384863 -0.306262 -0.87068 -0.504304 0.867113 0.203222 -0.454769 0.485867 
1530721159433 -0.062852 -0.988182 -0.13981 -0.601095 0.724526 -0.141521 0.674562 -0.270679 -0.686376 -0.0588981 0.724858 0.424743 0.31622 -0.930002 0.187352 0.400795 -0.384863 -0.306262 -0.87068 -0.504304 0.867113 0.203222 -0.454769 0.485867 
1530721159669 -0.0617394 -0.988532 -0.137815 -0.601123 0.723527 -0.139441 0.676065 -0.270672 -0.687529 -0.0579729 0.723839 0.424848 0.31622 -0.930002 0.187352 0.400795 -0.384863 -0.306262 -0.87068 -0.504304 0.867113 0.203222 -0.454769 0.485867 
1530721159927 -0.0606303 -0.988877 -0.135818 -0.601151 0.722525 -0.13736 0.677562 -0.270665 -0.688682 -0.0570513 0.722816 0.424954 0.31622 -0.930002 0.187352 0.400795 -0.384863 -0.306262 -0.87068 -0.504304 0.867113 0.203222 -0.454769 0.485867 
1530721160183 -0.0595238 -0.989217 -0.133819 -0.601178 0.721517 -0.135276 0.679053 -0.270658 -0.689833 -0.0561326 0.721789 0.42506 0.31622 -0.930002 0.187352 0.400795 -0.384863 -0.306262 -0.87068 -0.504304 0.867113 0.203222 -0.454769 0.485867 
1530721160432 -0.0584208 -0.989551 -0.131817 -0.601206 0.720506 -0.133191 0.680538 -0.27065 -0.690984 -0.0552174 0.720758 0.425166 0.31622 -0.930002 0.187352 0.400795 -0.384863 -0.306262 -0.87068 -0.504304 0.867113 0.203222 -0.454769 0.485867 
1530721160686 -0.0573205 -0.98988 -0.129812 -0.601234 0.71949 -0.131102 0.682017 -0.270643 -0.692133 -0.0543051 0.719724 0.425272 0.31622 -0.930002 0.187352 0.400795 -0.384863 -0.306262 -0.87068 -0.504304 0.867113 0.203222 -0.454769 0.485867 
1530721160942 -0.056223 -0.990204 -0.127805 -0.601262 0.71847 -0.129011 0.683489 -0.270636 -0.693282 -0.053396 0.718685 0.425377 0.31622 -0.930002 0.187352 0.400795 -0.384863 -0.306262 -0.87068 -0.504304 0.867113 0.203222 -0.454769 0.485867 
1530721161187 -0.0551292 -0.990523 -0.125797 -0.601294 0.717448 -0.12692 0.684952 -0.27063 -0.694427 -0.052492 0.717646 0.425475 0.31622 -0.930002 0.187352 0.400795 -0.384863 -0.306262 -0.87068 -0.504304 0.867113 0.203222 -0.454769 0.485867 
1530721161454 -0.0551138 -0.990521 -0.125818 -0.601288 0.717493 -0.12692 0.684905 -0.270695 -0.694382 -0.052526 0.717687 0.425463 0.31622 -0.930002 0.187352 0.400795 -0.384863 -0.306262 -0.87068 -0.504304 0.867113 0.203222 -0.454769 0.485867 
1530721161466 -0.054474 -0.990454 -0.126626 -0.6013 0.717759 -0.127001 0.684612 -0.270635 -0.694158 -0.0535933 0.717825 0.425417 0.31622 -0.930002 0.187352 0.400795 -0.384863 -0.306262 -0.87068 -0.504304 0.867113 0.203222 -0.454769 0.485867 
1530721161689 -0.0538325 -0.990385 -0.127433 -0.601311 0.718025 -0.12708 0.684318 -0.270575 -0.693933 -0.0546619 0.717962 0.425371 0.31622 -0.930002 0.187352 0.400795 -0.384863 -0.306262 -0.87068 -0.504304 0.867113 0.203222 -0.454769 0.485867 
1530721161932 -0.053192 -0.990316 -0.128241 -0.601322 0.718291 -0.127159 0.684024 -0.270515 -0.693707 -0.0557298 0.718098 0.425325 0.31622 -0.930002 0.187352 0.400795 -0.384863 -0.306262 -0.87068 -0.504304 0.867113 0.203222 -0.454769 0.485867 
1530721162159 -0.0525517 -0.990245 -0.129049 -0.601334 0.718557 -0.127237 0.68373 -0.270455 -0.69348 -0.0567977 0.718234 0.425279 0.31622 -0.930002 0.187352 0.400795 -0.384863 -0.306262 -0.87068 -0.504304 0.867113 0.203222 -0.454769 0.485867 
1530721162374 -0.0519117 -0.990173 -0.129857 -0.601345 0.718823 -0.127315 0.683436 -0.270395 -0.693252 -0.0578655 0.718368 0.425233 0.31622 -0.930002 0.187352 0.400795 -0.384863 -0.306262 -0.87068 -0.504304 0.867113 0.203222 -0.454769 0.485867 
1530721162604 -0.051272 -0.9901 -0.130664 -0.601357 0.719089 -0.127393 0.683141 -0.270335 -0.693024 -0.0589333 0.718502 0.425188 0.31622 -0.930002 0.187352 0.400795 -0.384863 -0.306262 -0.87068 -0.504304 0.867113 0.203222 -0.454769 0.485867 
1530721162839 -0.0506325 -0.990026 -0.131472 -0.601368 0.719355 -0.12747 0.682847 -0.270274 -0.692795 -0.0600011 0.718634 0.425142 0.31622 -0.930002 0.187352 0.400795 -0.384863 -0.306262 -0.87068 -0.504304 0.867113 0.203222 -0.454769 0.485867 
1530721163052 -0.0499934 -0.989951 -0.13228 -0.60138 0.719621 -0.127546 0.682552 -0.270214 -0.692565 -0.0610687 0.718766 0.425096 0.31622 -0.930002 0.187352 0.400795 -0.384863 -0.306262 -0.87068 -0.504304 0.867113 0.203222 -0.454769 0.485867 
1530721163280 -0.0493568 -0.989875 -0.133086 -0.601391 0.719886 -0.127623 0.682258 -0.27016 -0.692335 -0.062133 0.718896 0.42505 0.31622 -0.930002 0.187352 0.400795 -0.384863 -0.306262 -0.87068 -0.504304 0.867113 0.203222 -0.454769 0.485867 
1530721163507 -0.0494108 -0.989878 -0.133043 -0.601396 0.719904 -0.12763 0.682238 -0.270161 -0.692313 -0.0620682 0.718923 0.42507 0.31622 -0.930002 0.187352 0.400795 -0.384863 -0.306262 -0.87068 -0.504304 0.867113 0.203222 -0.454769 0.485867 
1530721163518 -0.0493498 -0.989891 -0.132971 -0.601396 0.719963 -0.127531 0.682194 -0.270164 -0.692255 -0.0620682 0.718978 0.425047 0.31622 -0.930002 0.187352 0.400795 -0.384863 -0.306262 -0.87068 -0.504304 0.867113 0.203222 -0.454769 0.485867 
1530721163541 -0.0492885 -0.989903 -0.1329 -0.601397 0.720022 -0.127434 0.68215 -0.270166 -0.692198 -0.0620691 0.719033 0.425024 0.31622 -0.930002 0.187352 0.400795 -0.384863 -0.306262 -0.87068 -0.504304 0.867113 0.203222 -0.454769 0.485867 
1530721163787 -0.0492273 -0.989916 -0.13283 -0.601397 0.720081 -0.127336 0.682106 -0.270169 -0.692141 -0.0620701 0.719088 0.425001 0.31622 -0.930002 0.187352 0.400795 -0.384863 -0.306262 -0.87068 -0.504304 0.867113 0.203222 -0.454769 0.485867 
1530721163918 -0.0491661 -0.989928 -0.132759 -0.601398 0.72014 -0.127238 0.682062 -0.270171 -0.692084 -0.062071 0.719143 0.424978 0.31622 -0.930002 0.187352 0.400795 -0.384863 -0.306262 -0.87068 -0.504304 0.867113 0.203222 -0.454769 0.485867 
1530721164031 -0.0491049 -0.989941 -0.132689 -0.601399 0.7202 -0.12714 0.682018 -0.270174 -0.692027 -0.0620719 0.719198 0.424955 0.31622 -0.930002 0.187352 0.400795 -0.384863 -0.306262 -0.87068 -0.504304 0.867113 0.203222 -0.454769 0.485867 
1530721164192 -0.0490436 -0.989953 -0.132618 -0.601399 0.720259 -0.127042 0.681973 -0.270176 -0.69197 -0.0620728 0.719253 0.424931 0.31622 -0.930002 0.187352 0.400795 -0.384863 -0.306262 -0.87068 -0.504304 0.867113 0.203222 -0.454769 0.485867 
1530721164321 -0.0489824 -0.989966 -0.132547 -0.6014 0.720318 -0.126945 0.681929 -0.270179 -0.691913 -0.0620737 0.719308 0.424908 0.31622 -0.930002 0.187352 0.400795 -0.384863 -0.306262 -0.87068 -0.504304 0.867113 0.203222 -0.454769 0.485867 
1530721164463 -0.0489211 -0.989978 -0.132477 -0.6014 0.720377 -0.126847 0.681885 -0.270181 -0.691855 -0.0620746 0.719363 0.424885 0.31622 -0.930002 0.187352 0.400795 -0.384863 -0.306262 -0.87068 -0.504304 0.867113 0.203222 -0.454769 0.485867 
1530721164470 -0.0488596 -0.989991 -0.132406 -0.6014 0.720436 -0.126749 0.681841 -0.270184 -0.691798 -0.0620756 0.719418 0.424863 0.31622 -0.930002 0.187352 0.400795 -0.384863 -0.306262 -0.87068 -0.504304 0.867113 0.203222 -0.454769 0.485867 
1530721164675 -0.0488798 -0.98998 -0.132477 -0.601408 0.720542 -0.126803 0.681718 -0.27016 -0.691686 -0.0621333 0.71952 0.42491 0.31622 -0.930002 0.187352 0.400795 -0.384863 -0.306262 -0.87068 -0.504304 0.867113 0.203222 -0.454769 0.485867 
1530721164685 -0.0486686 -0.989947 -0.132803 -0.601405 0.720633 -0.126868 0.68161 -0.27014 -0.691607 -0.0625295 0.719563 0.42489 0.31622 -0.930002 0.187352 0.400795 -0.384863 -0.306262 -0.87068 -0.504304 0.867113 0.203222 -0.454769 0.485867 
1530721164923 -0.048457 -0.989914 -0.133128 -0.601403 0.720724 -0.126932 0.681502 -0.27012 -0.691527 -0.0629251 0.719605 0.42487 0.31622 -0.930002 0.187352 0.400795 -0.384863 -0.306262 -0.87068 -0.504304 0.867113 0.203222 -0.454769 0.485867 
1530721165129 -0.0482456 -0.98988 -0.133453 -0.6014 0.720815 -0.126995 0.681394 -0.2701 -0.691447 -0.0633206 0.719647 0.42485 0.31622 -0.930002 0.187352 0.400795 -0.384863 -0.306262 -0.87068 -0.504304 0.867113 0.203222 -0.454769 0.485867 
1530721165317 -0.0480341 -0.989847 -0.133778 -0.601398 0.720905 -0.127059 0.681286 -0.27008 -0.691367 -0.0637162 0.719689 0.42483 0.31622 -0.930002 0.187352 0.400795 -0.384863 -0.306262 -0.87068 -0.504304 0.867113 0.203222 -0.454769 0.485867 
1530721165480 -0.0478217 -0.989813 -0.134103 -0.601395 0.720997 -0.127122 0.681178 -0.27006 -0.691287 -0.0641126 0.719731 0.424809 0.31622 -0.930002 0.187352 0.400795 -0.384863 -0.306262 -0.87068 -0.504304 0.867113 0.203222 -0.454769 0.485867 
1530721165666 -0.0476101 -0.989779 -0.134428 -0.601392 0.721087 -0.127186 0.68107 -0.270039 -0.691206 -0.0645083 0.719773 0.424789 0.31622 -0.930002 0.187352 0.400795 -0.384863 -0.306262 -0.87068 -0.504304 0.867113 0.203222 -0.454769 0.485867 
1530721165673 -0.0473985 -0.989745 -0.134752 -0.601389 0.721178 -0.127249 0.680962 -0.270019 -0.691126 -0.0649039 0.719814 0.424769 0.31622 -0.930002 0.187352 0.400795 -0.384863 -0.306262 -0.87068 -0.504304 0.867113 0.203222 -0.454769 0.485867 
1530721165863 -0.0471871 -0.989711 -0.135077 -0.601387 0.721269 -0.127312 0.680854 -0.269999 -0.691046 -0.0652996 0.719855 0.424749 0.31622 -0.930002 0.187352 0.400795 -0.384863 -0.306262 -0.87068 -0.504304 0.867113 0.203222 -0.454769 0.485867 
1530721166039 -0.0469765 -0.989677 -0.135401 -0.601384 0.72136 -0.127376 0.680746 -0.269981 -0.690965 -0.065694 0.719897 0.424729 0.31622 -0.930002 0.187352 0.400795 -0.384863 -0.306262 -0.87068 -0.504304 0.867113 0.203222 -0.454769 0.485867 
1530721166271 -0.0470122 -0.989687 -0.135313 -0.601419 0.721358 -0.127341 0.680755 -0.269958 -0.690965 -0.065605 0.719905 0.424792 0.31622 -0.930002 0.187352 0.400795 -0.384863 -0.306262 -0.87068 -0.504304 0.867113 0.203222 -0.454769 0.485867 
1530721166284 -0.0469336 -0.989694 -0.135286 -0.601417 0.721435 -0.127259 0.680688 -0.269948 -0.69089 -0.065653 0.719973 0.424782 0.31622 -0.930002 0.187352 0.400795 -0.384863 -0.306262 -0.87068 -0.504304 0.867113 0.203222 -0.454769 0.485867 
1530721166454 -0.0468548 -0.989702 -0.135259 -0.601416 0.721512 -0.127177 0.680622 -0.269938 -0.690815 -0.0657009 0.720041 0.424772 0.31622 -0.930002 0.187352 0.400795 -0.384863 -0.306262 -0.87068 -0.504304 0.867113 0.203222 -0.454769 0.485867 
1530721166590 -0.0467761 -0.989709 -0.135233 -0.601414 0.721589 -0.127095 0.680556 -0.269928 -0.69074 -0.0657489 0.720108 0.424761 0.31622 -0.930002 0.187352 0.400795 -0.384863 -0.306262 -0.87068 -0.504304 0.867113 0.203222 -0.454769 0.485867 
1530721166702 -0.0466973 -0.989716 -0.135206 -0.601412 0.721666 -0.127013 0.68049 -0.269918 -0.690665 -0.0657969 0.720176 0.424751 0.31622 -0.930002 0.187352 0.400795 -0.384863 -0.306262 -0.87068 -0.504304 0.867113 0.203222 -0.454769 0.485867 
