1535112476974 0.144385 0.888106 -0.436372 -0.501152 -0.955485 0.239797 0.171887 -0.239482 0.257295 0.392129 0.883195 0.448326 0.16008 -0.304787 0.938871 0.370831 -0.775623 0.549475 0.310623 -0.528794 -0.61056 -0.777934 -0.14844 0.432481 
1535112476987 0.155437 0.8935 -0.421305 -0.515102 -0.953793 0.246759 0.171431 -0.240712 0.257135 0.375191 0.890569 0.440874 0.316225 -0.384867 0.86711 0.400813 -0.930002 -0.30626 0.203228 -0.504337 0.187345 -0.870679 -0.454774 0.485882 
1535112477769 0.166471 0.898537 -0.406101 -0.529051 -0.952028 0.253709 0.171096 -0.241942 0.256768 0.358137 0.897668 0.433423 0.316225 -0.384867 0.86711 0.400813 -0.930002 -0.30626 0.203228 -0.504337 0.187345 -0.870679 -0.454774 0.485882 
