1534195943786 -0.07429 0.478547 -0.874914 -0.420761 -0.962445 0.195313 0.188552 -0.247014 0.261113 0.856064 0.446065 0.477852 0.16008 -0.304787 0.938871 0.370831 -0.775623 0.549475 0.310623 -0.528794 -0.61056 -0.777934 -0.14844 0.432481 
1534195943802 -0.0563716 0.523309 -0.850276 -0.447799 -0.962255 0.19863 0.186044 -0.256287 0.266249 0.82867 0.492359 0.472491 0.31622 -0.384863 0.867113 0.400795 -0.930002 -0.306262 0.203222 -0.504304 0.187351 -0.87068 -0.454769 0.485867 
1534195944993 -0.0369173 0.565709 -0.823778 -0.461114 -0.962257 0.202291 0.182041 -0.254265 0.269625 0.799407 0.53689 0.465073 0.31622 -0.384863 0.867113 0.400795 -0.930002 -0.306262 0.203222 -0.504304 0.187351 -0.87068 -0.45477 0.485867 
1534195946172 -0.0169302 0.605576 -0.795607 -0.479926 -0.962218 0.206404 0.17758 -0.254166 0.271755 0.768553 0.579202 0.461214 0.31622 -0.384863 0.867113 0.400795 -0.930002 -0.306262 0.203222 -0.504304 0.187351 -0.87068 -0.45477 0.485867 
1534195947757 0.00333178 0.64451 -0.764589 -0.499131 -0.962095 0.210567 0.173305 -0.254728 0.272694 0.73503 0.620781 0.455114 0.31622 -0.384863 0.867113 0.400795 -0.930002 -0.306262 0.203222 -0.504304 0.187351 -0.87068 -0.45477 0.485867 
1534195949685 0.0205894 0.683515 -0.729646 -0.52001 -0.961343 0.213969 0.173313 -0.263521 0.274583 0.697872 0.661498 0.445909 0.31622 -0.384863 0.867113 0.400795 -0.930002 -0.306262 0.203222 -0.504304 0.187351 -0.87068 -0.45477 0.485867 
