1532107750686 0.275657 0.633204 -0.723233 -0.604483 -0.8825 0.464965 0.0707247 -0.181741 0.381061 0.618757 0.686973 0.426588 0.337296 -0.193698 0.921256 0.334626 -0.898924 -0.356902 0.254079 -0.511625 0.279583 -0.913839 -0.294502 0.465933 
1532107750697 0.300885 -0.138768 0.94351 0.225257 -0.922898 -0.291628 0.25142 -0.486344 0.240265 -0.946412 -0.215815 0.468712 0.301055 -0.196071 0.933232 0.341074 -0.921281 -0.312447 0.231555 -0.510062 0.246185 -0.92948 -0.274701 0.463343 
1532107751501 0.242825 0.102786 0.964609 0.16152 -0.925174 -0.274468 0.262144 -0.435487 0.291699 -0.956087 0.0284473 0.461493 0.265002 -0.196978 0.943914 0.345929 -0.940796 -0.267403 0.208324 -0.508034 0.21137 -0.943237 -0.256178 0.460871 
1532107752226 0.185198 0.340052 0.92199 0.0634544 -0.926148 -0.25329 0.279452 -0.39584 0.328559 -0.905654 0.26803 0.437571 0.228606 -0.19609 0.953566 0.350833 -0.957576 -0.221833 0.18395 -0.505951 0.175462 -0.955164 -0.238484 0.458293 
1532107752233 0.10875 0.566677 0.816732 -0.0100482 -0.933954 -0.223137 0.279178 -0.393704 0.340446 -0.793151 0.504984 0.453534 0.192015 -0.193427 0.962141 0.355748 -0.971562 -0.175881 0.158537 -0.503845 0.138557 -0.965221 -0.221698 0.455673 
1532107753005 0.0372284 0.750403 0.659931 -0.0983867 -0.940161 -0.197521 0.277637 -0.379776 0.33869 -0.630778 0.698147 0.449361 0.155268 -0.188941 0.969636 0.360898 -0.982718 -0.129681 0.132094 -0.501799 0.100786 -0.973388 -0.205811 0.453019 
1532107754081 -0.0276974 0.888257 0.458511 -0.198398 -0.946596 -0.170707 0.273524 -0.355414 0.321231 -0.426449 0.845548 0.44002 0.118534 -0.182678 0.976001 0.366143 -0.990997 -0.0833837 0.104749 -0.499795 0.0622474 -0.979631 -0.190917 0.450375 
1532107754878 -0.0860491 0.970276 0.226186 -0.298192 -0.953826 -0.145805 0.262596 -0.330412 0.28777 -0.193146 0.938021 0.431334 0.0819586 -0.17468 0.981208 0.371395 -0.996369 -0.037132 0.0766145 -0.497816 0.0230511 -0.983925 -0.17709 0.447765 
1532107755564 -0.133997 0.990741 -0.0218344 -0.397711 -0.961333 -0.124607 0.245585 -0.305255 0.240591 0.0538977 0.969129 0.423196 0.0456573 -0.164976 0.98524 0.37665 -0.998818 0.0089323 0.0477822 -0.495883 -0.0166834 -0.986257 -0.164373 0.445211 
1532107756273 -0.168041 0.948352 -0.269055 -0.493231 -0.968646 -0.108184 0.223654 -0.280336 0.182995 0.298202 0.936797 0.4148 0.009866 -0.153634 0.988079 0.381746 -0.998335 0.0546429 0.0184647 -0.494293 -0.0568283 -0.986616 -0.152839 0.44287 
1532107757067 -0.168041 0.948352 -0.269055 -0.493231 -0.968646 -0.108184 0.223654 -0.280336 0.182995 0.298202 0.936797 0.4148 0.00989219 -0.153564 0.988089 0.381711 -0.998341 0.0545417 0.0184714 -0.494282 -0.0567286 -0.986632 -0.152769 0.442872 
1532107757079 0.280754 -0.144149 0.948893 0.287765 -0.928413 -0.291474 0.230416 -0.485433 0.243364 -0.945655 -0.215662 0.482457 0.0063446 -0.152357 0.988305 0.382275 -0.998131 0.0591114 0.0155203 -0.494261 -0.0607847 -0.986556 -0.151697 0.442963 
1532107757734 0.230217 0.100588 0.967927 0.201891 -0.928641 -0.274625 0.249413 -0.456571 0.290905 -0.956276 0.0301862 0.473158 0.00274824 -0.151101 0.988515 0.382811 -0.997893 0.063668 0.0125064 -0.493928 -0.0648264 -0.986466 -0.150607 0.442496 
1532107758276 0.170645 0.342906 0.92374 0.101624 -0.930795 -0.251472 0.265298 -0.431196 0.323267 -0.905084 0.276263 0.465823 -0.000840717 -0.149829 0.988712 0.383344 -0.997625 0.0682194 0.00948963 -0.4936 -0.0688711 -0.986356 -0.14953 0.442063 
1532107758718 0.105023 0.564008 0.819064 0.0012108 -0.934666 -0.225325 0.275005 -0.405891 0.33966 -0.794433 0.503495 0.457313 -0.00442115 -0.148543 0.988896 0.383879 -0.997328 0.0727658 0.00647135 -0.493294 -0.072919 -0.986225 -0.148468 0.441663 
1532107759100 0.0375016 0.74959 0.660839 -0.0987905 -0.940025 -0.197902 0.277826 -0.380798 0.339037 -0.631625 0.697212 0.447834 -0.00799395 -0.147242 0.989068 0.384416 -0.997001 0.0773069 0.00345058 -0.493002 -0.0769698 -0.986075 -0.147419 0.441286 
1532107759437 -0.0276228 0.888121 0.458779 -0.198536 -0.946572 -0.170761 0.273572 -0.355532 0.321307 -0.426711 0.845387 0.439595 -0.0115596 -0.145926 0.989228 0.384954 -0.996645 0.0818426 0.000426755 -0.492721 -0.0810233 -0.985904 -0.146383 0.440926 
1532107759735 -0.086029 0.970274 0.226203 -0.29823 -0.953825 -0.145793 0.262606 -0.330328 0.287779 -0.193166 0.938014 0.431354 -0.0151182 -0.144595 0.989375 0.385493 -0.996259 0.086373 -0.00260019 -0.492449 -0.0850794 -0.985714 -0.14536 0.44058 
1532107760019 -0.134011 0.990739 -0.0218391 -0.39775 -0.961334 -0.12462 0.245575 -0.305195 0.240579 0.0539044 0.969132 0.423215 -0.0186693 -0.143249 0.989511 0.386034 -0.995844 0.0908983 -0.00562969 -0.492189 -0.0891384 -0.985504 -0.144351 0.440252 
1532107760399 -0.168353 0.948258 -0.26919 -0.493436 -0.968609 -0.108469 0.223675 -0.280353 0.182903 0.298396 0.936753 0.414455 -0.0221941 -0.141888 0.989634 0.386568 -0.995399 0.0954314 -0.00864097 -0.491966 -0.0932161 -0.985272 -0.143353 0.439983 
1532107760762 -0.168353 0.948258 -0.26919 -0.493436 -0.968609 -0.108469 0.223675 -0.280353 0.182903 0.298396 0.936753 0.414455 -0.0221442 -0.141994 0.98962 0.386561 -0.995407 0.0953511 -0.00859242 -0.491983 -0.0931412 -0.985264 -0.143453 0.439975 
1532107761014 0.280859 -0.144208 0.948853 0.288043 -0.928369 -0.291562 0.230484 -0.483961 0.243412 -0.945619 -0.215766 0.481727 -0.018931 -0.142173 0.989661 0.386529 -0.995453 0.0951017 -0.0053796 -0.492089 -0.0933536 -0.985263 -0.143327 0.440486 
1532107761414 0.230386 0.100465 0.967899 0.201491 -0.928601 -0.274647 0.249539 -0.456577 0.2909 -0.956282 0.0300169 0.473432 -0.0157388 -0.142341 0.989693 0.386488 -0.995489 0.0948469 -0.0021898 -0.49208 -0.0935576 -0.985263 -0.143191 0.440789 
1532107761751 0.170718 0.342842 0.92375 0.101415 -0.930775 -0.251486 0.265353 -0.431262 0.323285 -0.905105 0.276175 0.465959 -0.0125454 -0.142507 0.989714 0.386446 -0.995516 0.0945916 0.00100115 -0.492073 -0.0937613 -0.985264 -0.143054 0.441105 
1532107762058 0.105056 0.563969 0.819086 0.00111912 -0.934655 -0.225339 0.275033 -0.40593 0.339682 -0.794457 0.503443 0.457344 -0.00935067 -0.142673 0.989726 0.386405 -0.995532 0.0943357 0.00419337 -0.492073 -0.0939648 -0.985264 -0.142918 0.441432 
1532107762327 0.0375183 0.749587 0.660842 -0.0987626 -0.940026 -0.19789 0.277833 -0.380778 0.339034 -0.631632 0.697207 0.447783 -0.00615526 -0.142839 0.989727 0.386363 -0.995537 0.0940793 0.00738631 -0.492077 -0.0941679 -0.985264 -0.142781 0.441766 
1532107762582 -0.027607 0.888123 0.458776 -0.198487 -0.946571 -0.170749 0.273585 -0.355503 0.321313 -0.426711 0.845385 0.439569 -0.00295946 -0.143005 0.989718 0.386322 -0.995533 0.0938224 0.0105796 -0.492084 -0.0943706 -0.985265 -0.142644 0.442103 
1532107762588 -0.0860265 0.970274 0.226204 -0.298203 -0.953822 -0.145793 0.262619 -0.330305 0.287791 -0.193166 0.93801 0.431364 0.00023649 -0.143169 0.989698 0.386281 -0.995518 0.093565 0.013773 -0.492092 -0.0945729 -0.985266 -0.142506 0.442441 
1532107762867 -0.134026 0.990737 -0.021839 -0.397753 -0.96133 -0.124634 0.245584 -0.305179 0.240587 0.053909 0.969129 0.423237 0.00343224 -0.143333 0.989669 0.386241 -0.995493 0.0933071 0.0169661 -0.492098 -0.0947749 -0.985266 -0.142367 0.44278 
1532107763233 -0.168507 0.948228 -0.269201 -0.493507 -0.96858 -0.108605 0.223737 -0.280366 0.182917 0.298444 0.936735 0.414332 0.00661841 -0.143494 0.989629 0.38621 -0.995457 0.0930507 0.0201495 -0.492081 -0.094977 -0.985267 -0.142226 0.443108 
1532107763513 -0.168507 0.948228 -0.269201 -0.493507 -0.96858 -0.108605 0.223737 -0.280366 0.182917 0.298444 0.936735 0.414332 0.00650846 -0.143446 0.989637 0.386197 -0.995456 0.0930883 0.0200398 -0.492114 -0.0949982 -0.98527 -0.142189 0.443114 
1532107763527 0.280903 -0.144206 0.94884 0.288147 -0.928348 -0.291599 0.230519 -0.483442 0.243439 -0.945608 -0.215784 0.481313 0.00829143 -0.142974 0.989692 0.386209 -0.995232 0.0950113 0.0220635 -0.492172 -0.0971864 -0.985155 -0.141504 0.44314 
1532107763825 0.230428 0.100432 0.967893 0.201404 -0.928592 -0.274648 0.24957 -0.456587 0.290894 -0.956285 0.0299741 0.473477 0.0100757 -0.142505 0.989743 0.386222 -0.994999 0.0969354 0.0240861 -0.49223 -0.0993735 -0.985036 -0.140816 0.443167 
1532107764043 0.170726 0.342832 0.923752 0.101396 -0.930774 -0.251487 0.265358 -0.431273 0.323285 -0.905108 0.276164 0.465962 0.0118617 -0.14204 0.98979 0.386234 -0.994759 0.0988604 0.0261082 -0.492289 -0.101559 -0.984912 -0.140123 0.443193 
1532107764261 0.105066 0.563956 0.819094 0.0011112 -0.934651 -0.225344 0.275041 -0.405939 0.339689 -0.794464 0.503426 0.457331 0.0136483 -0.141578 0.989833 0.386246 -0.99451 0.100786 0.0281284 -0.492347 -0.103743 -0.984783 -0.139426 0.44322 
1532107764503 0.0375281 0.749589 0.660839 -0.0987296 -0.940027 -0.197879 0.277837 -0.380762 0.339029 -0.631633 0.697208 0.447746 0.0154359 -0.14112 0.989872 0.386258 -0.994254 0.102711 0.0301472 -0.492405 -0.105925 -0.98465 -0.138724 0.443246 
1532107764735 -0.0276005 0.888124 0.458774 -0.198454 -0.946569 -0.170746 0.273594 -0.355486 0.321319 -0.42671 0.845383 0.439553 0.0172243 -0.140665 0.989907 0.386271 -0.99399 0.104637 0.0321642 -0.492463 -0.108106 -0.984512 -0.138017 0.443272 
1532107764985 -0.08603 0.970273 0.226205 -0.298191 -0.953818 -0.145799 0.262629 -0.330295 0.287802 -0.193164 0.938007 0.431373 0.0190137 -0.140214 0.989939 0.386283 -0.993718 0.106564 0.0341799 -0.492522 -0.110284 -0.98437 -0.137307 0.443299 
1532107765213 -0.134034 0.990736 -0.0218384 -0.397759 -0.961327 -0.124642 0.24559 -0.305173 0.240593 0.0539113 0.969128 0.423252 0.020804 -0.139766 0.989966 0.386295 -0.993438 0.108491 0.036194 -0.492579 -0.112461 -0.984223 -0.136591 0.443325 
1532107765440 -0.168562 0.948217 -0.269205 -0.49354 -0.968567 -0.10865 0.223769 -0.280383 0.182933 0.298462 0.936726 0.414253 0.0225895 -0.139322 0.989989 0.386312 -0.993151 0.110418 0.0382008 -0.492627 -0.114634 -0.984072 -0.135874 0.443347 
1532107765679 -0.168562 0.948217 -0.269205 -0.49354 -0.968567 -0.10865 0.223769 -0.280383 0.182933 0.298462 0.936726 0.414253 0.0225367 -0.139343 0.989988 0.386331 -0.993148 0.110462 0.0381564 -0.492648 -0.114672 -0.984064 -0.135899 0.443284 
1532107765693 0.280953 -0.144226 0.948823 0.288128 -0.92833 -0.291629 0.230556 -0.483095 0.243452 -0.945596 -0.215823 0.481116 0.0234637 -0.13724 0.99026 0.386437 -0.993671 0.105644 0.0381858 -0.492639 -0.109856 -0.984888 -0.133893 0.44308 
1532107766019 0.230489 0.100383 0.967883 0.201256 -0.928577 -0.274658 0.249615 -0.456601 0.290895 -0.956288 0.029908 0.473589 0.024381 -0.135132 0.990528 0.386544 -0.99417 0.100825 0.0382255 -0.49263 -0.105035 -0.985684 -0.131886 0.442876 
1532107766354 0.170765 0.342797 0.923758 0.101291 -0.930763 -0.251497 0.265387 -0.43131 0.323296 -0.905119 0.276116 0.466031 0.0252879 -0.133018 0.990791 0.38665 -0.994645 0.0960033 0.0382751 -0.492621 -0.100211 -0.986453 -0.129878 0.442672 
1532107766689 0.105095 0.563921 0.819114 0.00103771 -0.93464 -0.22536 0.275066 -0.40598 0.339711 -0.794485 0.503379 0.457359 0.0261844 -0.1309 0.99105 0.386757 -0.995096 0.0911789 0.0383344 -0.492612 -0.0953807 -0.987194 -0.127871 0.442469 
1532107767026 0.0375279 0.749594 0.660833 -0.0987313 -0.940018 -0.197894 0.277857 -0.380768 0.339055 -0.631622 0.697205 0.447833 0.0270705 -0.128777 0.991304 0.386863 -0.995524 0.0863527 0.0384035 -0.492603 -0.0905472 -0.987907 -0.125863 0.442265 
1532107767374 -0.0276014 0.888124 0.458774 -0.198436 -0.946564 -0.170752 0.273605 -0.355472 0.321332 -0.426708 0.84538 0.439552 0.0279464 -0.126649 0.991554 0.38697 -0.995928 0.0815242 0.0384826 -0.492594 -0.0857094 -0.988592 -0.123855 0.442061 
1532107767717 -0.0860343 0.970272 0.226207 -0.298194 -0.953815 -0.145805 0.262635 -0.330288 0.28781 -0.193164 0.938005 0.431389 0.0288127 -0.124517 0.991799 0.387077 -0.996308 0.0766945 0.0385724 -0.49259 -0.0808685 -0.989249 -0.121847 0.441867 
1532107767724 -0.134039 0.990735 -0.0218373 -0.39777 -0.961326 -0.124647 0.245592 -0.305169 0.240595 0.0539115 0.969127 0.423263 0.0296687 -0.12238 0.99204 0.387184 -0.996664 0.0718633 0.0386722 -0.492588 -0.076024 -0.989878 -0.11984 0.441674 
1532107768073 -0.168584 0.948212 -0.269209 -0.493562 -0.968562 -0.108667 0.223785 -0.280397 0.182942 0.298472 0.936721 0.414185 0.030513 -0.120245 0.992275 0.387288 -0.996997 0.0670367 0.0387818 -0.492585 -0.0711822 -0.990478 -0.117838 0.441505 
1532107768538 -0.168584 0.948212 -0.269209 -0.493562 -0.968562 -0.108667 0.223785 -0.280397 0.182942 0.298472 0.936721 0.414185 0.030622 -0.120327 0.992262 0.387326 -0.996985 0.0671408 0.0389096 -0.492581 -0.0713031 -0.990461 -0.117908 0.441497 
1532107768552 0.280998 -0.144242 0.948807 0.288097 -0.928314 -0.291654 0.23059 -0.482821 0.243463 -0.945586 -0.215856 0.480952 0.0293656 -0.123384 0.991924 0.387494 -0.996885 0.0690587 0.0381026 -0.492494 -0.0732023 -0.989953 -0.120972 0.441987 
1532107768849 0.23054 0.100342 0.967875 0.201135 -0.928564 -0.274668 0.249652 -0.456615 0.290895 -0.956289 0.0298521 0.473683 0.0281023 -0.126437 0.991577 0.387662 -0.99678 0.0709781 0.0373002 -0.492397 -0.0750964 -0.989432 -0.124035 0.442458 
1532107769168 0.170797 0.342768 0.923763 0.101204 -0.930753 -0.251505 0.265412 -0.431343 0.323305 -0.905127 0.276076 0.46609 0.0268329 -0.129487 0.991218 0.38783 -0.996671 0.072901 0.0365038 -0.492304 -0.0769875 -0.988898 -0.1271 0.442939 
1532107769450 0.105117 0.563893 0.819131 0.000974192 -0.934631 -0.225373 0.275086 -0.406016 0.339729 -0.794501 0.503341 0.457391 0.025558 -0.132533 0.990849 0.387998 -0.996557 0.0748255 0.0357137 -0.492212 -0.0788741 -0.98835 -0.130165 0.443419 
1532107769749 0.037532 0.749599 0.660828 -0.0987651 -0.940009 -0.197905 0.277879 -0.380786 0.339079 -0.631613 0.697202 0.447975 0.0242774 -0.135576 0.990469 0.388166 -0.996438 0.0767521 0.0349296 -0.49212 -0.0807562 -0.98779 -0.13323 0.4439 
1532107770036 -0.0276042 0.888124 0.458774 -0.198421 -0.94656 -0.17076 0.273615 -0.355467 0.321344 -0.426704 0.845377 0.439557 0.022991 -0.138614 0.99008 0.388333 -0.996315 0.0786803 0.0341513 -0.492027 -0.0826336 -0.987216 -0.136295 0.44438 
1532107770331 -0.0860376 0.970272 0.226209 -0.298196 -0.953813 -0.14581 0.262641 -0.330284 0.287817 -0.193164 0.938003 0.431401 0.0216987 -0.141649 0.989679 0.388501 -0.996187 0.080611 0.033379 -0.491935 -0.0845071 -0.986629 -0.13936 0.44486 
1532107770708 -0.134042 0.990735 -0.0218363 -0.397779 -0.961325 -0.12465 0.245593 -0.305167 0.240596 0.0539115 0.969127 0.423273 0.0204005 -0.144681 0.989268 0.388669 -0.996054 0.0825447 0.0326126 -0.491842 -0.0863772 -0.986029 -0.142426 0.44534 
1532107771013 -0.1686 0.948208 -0.269212 -0.493579 -0.968557 -0.108678 0.223798 -0.280408 0.18295 0.29848 0.936717 0.414128 0.0191009 -0.147697 0.988848 0.388831 -0.995916 0.0844771 0.0318552 -0.491744 -0.0882399 -0.985418 -0.14548 0.445793 
1532107771343 -0.1686 0.948208 -0.269212 -0.493579 -0.968557 -0.108678 0.223798 -0.280408 0.18295 0.29848 0.936717 0.414128 0.0190423 -0.147593 0.988865 0.388821 -0.995932 0.0843258 0.0317645 -0.491739 -0.088075 -0.985447 -0.145387 0.445861 
1532107771357 0.281037 -0.144255 0.948793 0.288062 -0.928299 -0.291676 0.230621 -0.482604 0.243472 -0.945577 -0.215883 0.480814 0.0200391 -0.147329 0.988885 0.388917 -0.996094 0.0821276 0.0324209 -0.491864 -0.0859913 -0.985672 -0.145108 0.445903 
1532107771675 0.230583 0.100308 0.967869 0.201036 -0.928554 -0.274675 0.249683 -0.456628 0.290895 -0.956291 0.0298058 0.47376 0.0210345 -0.147063 0.988903 0.389013 -0.996252 0.0799293 0.0330773 -0.491989 -0.0839069 -0.985892 -0.144831 0.445944 
1532107771934 0.170823 0.342744 0.923767 0.101135 -0.930746 -0.251511 0.265431 -0.431369 0.323313 -0.905134 0.276044 0.466138 0.0220296 -0.146795 0.988922 0.389109 -0.996404 0.0777304 0.0337345 -0.492113 -0.0818214 -0.986108 -0.144555 0.445986 
1532107772195 0.105134 0.563872 0.819143 0.00092482 -0.934624 -0.225382 0.275102 -0.406044 0.339743 -0.794513 0.503312 0.457415 0.023024 -0.146525 0.988939 0.389205 -0.99655 0.0755316 0.0343922 -0.492238 -0.0797354 -0.986319 -0.14428 0.446027 
1532107772202 0.0375375 0.749601 0.660824 -0.0987926 -0.940003 -0.197911 0.277895 -0.380799 0.339094 -0.631608 0.697199 0.448076 0.0240178 -0.146253 0.988956 0.389301 -0.996691 0.0733325 0.0350505 -0.492363 -0.0776488 -0.986525 -0.144007 0.446069 
1532107772472 -0.0276058 0.888125 0.458773 -0.198407 -0.946557 -0.170766 0.273623 -0.355463 0.321354 -0.426701 0.845375 0.439558 0.0250108 -0.145978 0.988972 0.389396 -0.996827 0.0711339 0.0357092 -0.492488 -0.0755621 -0.986727 -0.143736 0.446111 
1532107772901 -0.0860399 0.970271 0.22621 -0.298197 -0.953811 -0.145814 0.262646 -0.330283 0.287822 -0.193163 0.938001 0.431411 0.0260037 -0.145701 0.988987 0.389492 -0.996958 0.0689339 0.0363689 -0.492612 -0.0734737 -0.986924 -0.143465 0.446152 
1532107773182 -0.134044 0.990735 -0.0218355 -0.397786 -0.961325 -0.124652 0.245595 -0.305166 0.240598 0.0539115 0.969127 0.423281 0.0269955 -0.145422 0.989001 0.389588 -0.997083 0.0667344 0.0370286 -0.492736 -0.0713852 -0.987116 -0.143196 0.446194 
1532107773439 -0.168612 0.948205 -0.269215 -0.493591 -0.968554 -0.108687 0.223809 -0.280418 0.182957 0.298486 0.936714 0.414082 0.0279841 -0.145141 0.989015 0.389681 -0.997203 0.0645369 0.0376868 -0.492846 -0.0692978 -0.987304 -0.14293 0.446234 
1532107773719 -0.168612 0.948205 -0.269215 -0.493591 -0.968554 -0.108687 0.223809 -0.280418 0.182957 0.298486 0.936714 0.414082 0.0281745 -0.145126 0.989012 0.389722 -0.997192 0.0645967 0.0378863 -0.492816 -0.0693852 -0.987302 -0.142898 0.446225 
1532107773732 0.281073 -0.144265 0.948781 0.288026 -0.928286 -0.291695 0.230648 -0.48243 0.24348 -0.94557 -0.215907 0.4807 0.0286959 -0.146485 0.988797 0.389819 -0.997145 0.064925 0.0385565 -0.492942 -0.0698455 -0.98708 -0.144204 0.446426 
1532107773958 0.230618 0.100279 0.967863 0.200955 -0.928545 -0.274681 0.249708 -0.456641 0.290895 -0.956292 0.029767 0.473824 0.029217 -0.147843 0.988579 0.389917 -0.997097 0.0652522 0.0392273 -0.493067 -0.0703065 -0.986856 -0.145508 0.446627 
1532107774165 0.170843 0.342725 0.923771 0.101078 -0.93074 -0.251516 0.265447 -0.431392 0.323319 -0.90514 0.276018 0.466178 0.0297375 -0.149202 0.988359 0.390014 -0.997049 0.0655786 0.0398987 -0.493193 -0.0707682 -0.98663 -0.146812 0.446829 
1532107774386 0.105148 0.563855 0.819153 0.000884986 -0.934619 -0.22539 0.275114 -0.406067 0.339753 -0.794523 0.50329 0.457434 0.0302574 -0.15056 0.988138 0.390111 -0.997001 0.065904 0.0405705 -0.493318 -0.0712306 -0.986402 -0.148115 0.44703 
1532107774621 0.0375424 0.749603 0.660822 -0.0988156 -0.939999 -0.197914 0.277907 -0.380811 0.339106 -0.631605 0.697196 0.448154 0.0307766 -0.151919 0.987914 0.390209 -0.996952 0.0662285 0.0412426 -0.493444 -0.0716936 -0.986172 -0.149417 0.447231 
1532107774627 -0.0276063 0.888125 0.458771 -0.198396 -0.946554 -0.170769 0.27363 -0.355461 0.321361 -0.426698 0.845373 0.439558 0.0312949 -0.153277 0.987688 0.390306 -0.996902 0.0665522 0.041915 -0.49357 -0.0721574 -0.98594 -0.150719 0.447432 
1532107774844 -0.0860414 0.970271 0.22621 -0.298197 -0.953809 -0.145816 0.262651 -0.330283 0.287827 -0.193162 0.938 0.431419 0.0318128 -0.154635 0.987459 0.390403 -0.996852 0.066875 0.0425879 -0.493695 -0.0726219 -0.985706 -0.15202 0.447633 
1532107775143 -0.134046 0.990735 -0.021835 -0.397792 -0.961324 -0.124654 0.245596 -0.305167 0.240599 0.0539117 0.969126 0.423288 0.0323303 -0.155993 0.987229 0.3905 -0.996801 0.0671963 0.0432615 -0.493819 -0.0730866 -0.98547 -0.153321 0.447834 
1532107775384 -0.168622 0.948203 -0.269218 -0.4936 -0.968551 -0.108693 0.223819 -0.280426 0.182964 0.298492 0.936711 0.414045 0.0328448 -0.157346 0.986997 0.390595 -0.99675 0.0675168 0.0439328 -0.493927 -0.0735515 -0.985233 -0.154617 0.448019 
1532107775605 -0.168622 0.948203 -0.269218 -0.4936 -0.968551 -0.108693 0.223819 -0.280426 0.182964 0.298492 0.936711 0.414045 0.032937 -0.15747 0.986974 0.390649 -0.996742 0.0675754 0.0440445 -0.493907 -0.0736309 -0.985209 -0.154731 0.447948 
1532107775618 0.281103 -0.144274 0.948771 0.287992 -0.928276 -0.29171 0.230672 -0.482293 0.243486 -0.945563 -0.215926 0.480606 0.0320272 -0.157916 0.986933 0.390735 -0.996642 0.0694063 0.0434477 -0.49385 -0.0753604 -0.98501 -0.155163 0.448077 
1532107775624 0.230646 0.100255 0.967859 0.200889 -0.928538 -0.274687 0.249729 -0.456652 0.290895 -0.956293 0.0297351 0.473877 0.0311168 -0.158359 0.986891 0.390821 -0.996539 0.071237 0.0428519 -0.493792 -0.0770891 -0.984808 -0.155595 0.448207 
1532107775992 0.17086 0.34271 0.923773 0.101033 -0.930736 -0.251521 0.265459 -0.43141 0.323323 -0.905145 0.275997 0.46621 0.0302054 -0.158802 0.986848 0.390907 -0.996431 0.073068 0.0422566 -0.493735 -0.0788174 -0.984603 -0.156028 0.448336 
1532107776335 0.105159 0.563841 0.819161 0.000853054 -0.934614 -0.225395 0.275124 -0.406085 0.339761 -0.794531 0.503272 0.45745 0.0292933 -0.159242 0.986805 0.390993 -0.99632 0.0748989 0.0416623 -0.493678 -0.080545 -0.984394 -0.156462 0.448466 
1532107776596 0.0375466 0.749604 0.66082 -0.0988347 -0.939995 -0.197917 0.277917 -0.38082 0.339115 -0.631603 0.697193 0.448214 0.0283804 -0.15968 0.986761 0.391079 -0.996206 0.0767298 0.0410687 -0.493621 -0.0822718 -0.984182 -0.156897 0.448595 
1532107776894 -0.0276061 0.888126 0.45877 -0.198388 -0.946552 -0.170771 0.273635 -0.355459 0.321367 -0.426696 0.845372 0.439556 0.0274669 -0.160117 0.986716 0.391165 -0.996087 0.0785604 0.040476 -0.493563 -0.0839977 -0.983967 -0.157333 0.448724 
1532107777151 -0.0860423 0.970271 0.22621 -0.298197 -0.953808 -0.145818 0.262654 -0.330283 0.287831 -0.193162 0.937999 0.431424 0.0265525 -0.160552 0.98667 0.391251 -0.995965 0.080391 0.039884 -0.493506 -0.0857229 -0.983748 -0.15777 0.448854 
1532107777416 -0.134047 0.990734 -0.0218346 -0.397796 -0.961323 -0.124655 0.245598 -0.305168 0.240601 0.0539118 0.969126 0.423293 0.0256372 -0.160986 0.986624 0.391337 -0.995839 0.0822225 0.0392928 -0.493449 -0.0874482 -0.983526 -0.158208 0.448983 
1532107777680 -0.16863 0.948201 -0.269221 -0.493607 -0.968549 -0.108698 0.223827 -0.280433 0.182969 0.298497 0.936708 0.414016 0.0247237 -0.161416 0.986577 0.39142 -0.995709 0.0840518 0.0387044 -0.493396 -0.089171 -0.983301 -0.158645 0.449107 
1532107777925 -0.16863 0.948201 -0.269221 -0.493607 -0.968549 -0.108698 0.223827 -0.280433 0.182969 0.298497 0.936708 0.414016 0.0248271 -0.161605 0.986543 0.391437 -0.99571 0.0839892 0.038816 -0.493405 -0.0891318 -0.983275 -0.158827 0.449045 
1532107778140 0.281128 -0.144281 0.948762 0.287961 -0.928267 -0.291723 0.230692 -0.482186 0.243492 -0.945558 -0.215942 0.480531 0.0248282 -0.158637 0.987025 0.391476 -0.996009 0.0807495 0.0380325 -0.493351 -0.0857351 -0.984029 -0.155999 0.448676 
1532107778459 0.230669 0.100236 0.967856 0.200836 -0.928532 -0.274691 0.249746 -0.456661 0.290895 -0.956294 0.0297092 0.47392 0.0248196 -0.155668 0.987498 0.391515 -0.996295 0.0775057 0.0372586 -0.493297 -0.0823367 -0.984764 -0.153168 0.448306 
1532107778779 0.170874 0.342697 0.923775 0.100996 -0.930732 -0.251524 0.26547 -0.431425 0.323327 -0.905149 0.27598 0.466237 0.0248006 -0.152697 0.987962 0.391554 -0.996571 0.0742582 0.0364938 -0.493243 -0.0789367 -0.985479 -0.150331 0.447937 
1532107779135 0.105168 0.563831 0.819167 0.000827793 -0.934611 -0.2254 0.275131 -0.406099 0.339767 -0.794537 0.503258 0.457463 0.0247713 -0.149724 0.988417 0.391593 -0.996835 0.0710078 0.0357385 -0.493188 -0.0755363 -0.986175 -0.147492 0.447567 
1532107779463 0.0375492 0.749605 0.660819 -0.0988506 -0.939993 -0.197919 0.277924 -0.380829 0.339122 -0.631601 0.697192 0.448262 0.0247318 -0.146751 0.988864 0.391632 -0.997088 0.0677543 0.0349925 -0.493134 -0.072135 -0.98685 -0.144648 0.447198 
1532107779829 -0.0276066 0.888128 0.458766 -0.198398 -0.946548 -0.170776 0.273647 -0.355468 0.32138 -0.42669 0.84537 0.439604 0.024682 -0.143776 0.989302 0.391671 -0.99733 0.0644979 0.0342558 -0.49308 -0.068733 -0.987506 -0.1418 0.446828 
1532107780144 -0.0860431 0.970271 0.22621 -0.298197 -0.953807 -0.145819 0.262657 -0.330284 0.287835 -0.193161 0.937998 0.431428 0.0246221 -0.1408 0.989732 0.39171 -0.99756 0.0612386 0.0335287 -0.493026 -0.0653307 -0.988142 -0.138949 0.446459 
1532107780464 -0.134048 0.990734 -0.0218344 -0.397799 -0.961323 -0.124656 0.245599 -0.305169 0.240602 0.0539121 0.969125 0.423297 0.0245521 -0.137824 0.990152 0.391749 -0.997779 0.0579762 0.0328112 -0.492973 -0.0619274 -0.988758 -0.136095 0.44609 
1532107780798 -0.168635 0.948199 -0.269223 -0.493612 -0.968547 -0.108701 0.223833 -0.280438 0.182974 0.298501 0.936706 0.413993 0.0244726 -0.134857 0.990563 0.391786 -0.997986 0.0547144 0.0321049 -0.492933 -0.0585276 -0.989353 -0.133246 0.445751 
1532107781149 -0.168635 0.948199 -0.269223 -0.493612 -0.968547 -0.108701 0.223833 -0.280438 0.182974 0.298501 0.936706 0.413993 0.0246193 -0.134923 0.99055 0.391854 -0.997977 0.0547735 0.0322646 -0.492916 -0.0586091 -0.989341 -0.133302 0.445701 
1532107781162 0.281148 -0.144286 0.948756 0.287935 -0.928259 -0.291734 0.230708 -0.482102 0.243496 -0.945554 -0.215955 0.480471 0.0245569 -0.133706 0.990717 0.391935 -0.997885 0.0563815 0.0323438 -0.49295 -0.0601826 -0.989416 -0.132039 0.44556 
1532107781378 0.230687 0.10022 0.967853 0.200795 -0.928528 -0.274694 0.249759 -0.456669 0.290895 -0.956294 0.0296891 0.473953 0.0244961 -0.132489 0.990882 0.392016 -0.997791 0.0579899 0.0324206 -0.492985 -0.0617565 -0.989487 -0.130775 0.44542 
1532107781598 0.170884 0.342688 0.923777 0.100969 -0.930729 -0.251526 0.265477 -0.431436 0.32333 -0.905152 0.275968 0.466257 0.0244377 -0.131271 0.991045 0.392097 -0.997693 0.0595977 0.0324958 -0.493019 -0.0633298 -0.989553 -0.129512 0.445279 
1532107781827 0.105173 0.563824 0.819171 0.000810837 -0.934609 -0.225402 0.275136 -0.406108 0.339771 -0.794541 0.503249 0.457472 0.0243809 -0.130053 0.991207 0.392178 -0.997594 0.0612056 0.0325686 -0.493053 -0.0649031 -0.989616 -0.128248 0.445139 
1532107782078 0.0375506 0.749605 0.660819 -0.0988606 -0.939991 -0.197921 0.277927 -0.380835 0.339125 -0.631601 0.697191 0.44829 0.0243259 -0.128835 0.991368 0.392259 -0.997491 0.0628134 0.0326392 -0.493088 -0.0664763 -0.989675 -0.126983 0.444998 
1532107782309 -0.0276049 0.888129 0.458764 -0.198414 -0.946545 -0.170778 0.273656 -0.355475 0.321389 -0.426687 0.845368 0.439648 0.0242728 -0.127616 0.991527 0.392341 -0.997387 0.0644212 0.0327076 -0.493122 -0.0680493 -0.989729 -0.125719 0.444857 
1532107782535 -0.0860438 0.970271 0.226209 -0.298195 -0.953806 -0.14582 0.262661 -0.330286 0.287838 -0.19316 0.937997 0.431432 0.0242215 -0.126397 0.991684 0.392422 -0.997279 0.0660293 0.0327741 -0.493156 -0.0696227 -0.98978 -0.124453 0.444717 
1532107782756 -0.134049 0.990734 -0.0218346 -0.3978 -0.961322 -0.124657 0.245601 -0.305171 0.240604 0.0539128 0.969125 0.4233 0.0241725 -0.125177 0.99184 0.392503 -0.997169 0.0676369 0.0328387 -0.493191 -0.0711956 -0.989826 -0.123188 0.444576 
1532107782981 -0.16864 0.948197 -0.269226 -0.493615 -0.968545 -0.108704 0.223839 -0.280444 0.182978 0.298505 0.936704 0.413976 0.0241253 -0.123962 0.991994 0.392582 -0.997057 0.0692429 0.0329012 -0.49323 -0.072767 -0.989868 -0.121927 0.444443 
1532107783259 -0.16864 0.948197 -0.269226 -0.493615 -0.968545 -0.108704 0.223839 -0.280444 0.182978 0.298505 0.936704 0.413976 0.0240017 -0.123751 0.992023 0.39252 -0.997064 0.0692091 0.0327572 -0.493269 -0.0727108 -0.989897 -0.121726 0.4445 
1532107783272 0.28115 -0.144278 0.948756 0.287952 -0.928257 -0.291738 0.23071 -0.482045 0.243502 -0.945554 -0.215949 0.480419 0.0240947 -0.120739 0.992392 0.392612 -0.99708 0.0690463 0.0326091 -0.493285 -0.0724582 -0.99028 -0.118723 0.444116 
1532107783535 0.230701 0.100209 0.967851 0.200765 -0.928524 -0.274697 0.249768 -0.456674 0.290894 -0.956295 0.0296741 0.473978 0.0241873 -0.117727 0.992751 0.392703 -0.997097 0.0688823 0.0324617 -0.4933 -0.0722046 -0.990654 -0.115719 0.443733 
1532107783797 0.170891 0.342681 0.923778 0.100949 -0.930727 -0.251528 0.265482 -0.431444 0.323332 -0.905154 0.275959 0.466272 0.0242789 -0.114713 0.993102 0.392795 -0.997113 0.0687177 0.0323146 -0.493316 -0.0719505 -0.991019 -0.112714 0.443349 
1532107783804 0.105177 0.56382 0.819173 0.000799025 -0.934608 -0.225404 0.275139 -0.406114 0.339774 -0.794544 0.503243 0.457479 0.0243697 -0.111699 0.993443 0.392887 -0.997129 0.0685519 0.0321678 -0.493332 -0.0716955 -0.991375 -0.109708 0.442965 
1532107784068 0.0375517 0.749606 0.660819 -0.0988673 -0.939991 -0.197921 0.27793 -0.380838 0.339128 -0.6316 0.69719 0.448308 0.0244599 -0.108683 0.993775 0.392979 -0.997145 0.0683868 0.0320218 -0.493347 -0.0714414 -0.991721 -0.1067 0.442582 
1532107784432 -0.0276035 0.88813 0.458763 -0.198424 -0.946543 -0.170779 0.273662 -0.355479 0.321395 -0.426685 0.845367 0.439676 0.0245497 -0.105667 0.994098 0.393071 -0.997161 0.068221 0.0318769 -0.493364 -0.0711867 -0.992059 -0.103692 0.442199 
1532107784683 -0.086044 0.970271 0.226209 -0.298194 -0.953805 -0.145821 0.262663 -0.330288 0.28784 -0.193159 0.937997 0.431434 0.0246389 -0.10265 0.994412 0.393163 -0.997177 0.0680538 0.0317324 -0.493385 -0.0709308 -0.992387 -0.100683 0.441824 
1532107784941 -0.13405 0.990734 -0.0218348 -0.397801 -0.961322 -0.124658 0.245603 -0.305172 0.240605 0.0539133 0.969125 0.423302 0.0247279 -0.0996323 0.994717 0.393255 -0.997193 0.067887 0.0315891 -0.493408 -0.0706756 -0.992706 -0.0976739 0.441451 
1532107785182 -0.168644 0.948196 -0.269228 -0.493617 -0.968544 -0.108705 0.223844 -0.280449 0.182981 0.298509 0.936702 0.413964 0.0248161 -0.0966237 0.995012 0.393346 -0.997209 0.0677211 0.0314472 -0.493442 -0.0704219 -0.993014 -0.0946734 0.441106 
1532107785522 -0.168644 0.948196 -0.269228 -0.493617 -0.968544 -0.108705 0.223844 -0.280449 0.182981 0.298509 0.936702 0.413964 0.0249296 -0.0967017 0.995001 0.393393 -0.997206 0.0676999 0.0315645 -0.493408 -0.0704138 -0.993008 -0.0947438 0.441049 
1532107785535 0.281149 -0.144271 0.948758 0.287968 -0.928256 -0.291741 0.230711 -0.482006 0.243507 -0.945554 -0.215943 0.480382 0.0247384 -0.0976756 0.994911 0.393536 -0.997191 0.0679746 0.0314685 -0.493451 -0.0707023 -0.992894 -0.0957196 0.441204 
1532107785787 0.23071 0.100201 0.967849 0.200743 -0.928522 -0.274698 0.249775 -0.456679 0.290894 -0.956295 0.029663 0.473997 0.0245447 -0.0986473 0.99482 0.393677 -0.997175 0.0682487 0.0313704 -0.49348 -0.0709898 -0.992779 -0.0966935 0.441335 
1532107786002 0.170896 0.342677 0.923779 0.100934 -0.930726 -0.251529 0.265486 -0.43145 0.323333 -0.905155 0.275952 0.466283 0.0243516 -0.0996191 0.994728 0.393818 -0.997159 0.0685232 0.0312735 -0.493509 -0.0712774 -0.992663 -0.0976675 0.441467 
1532107786229 0.105179 0.563817 0.819175 0.000790465 -0.934607 -0.225405 0.275141 -0.406118 0.339776 -0.794546 0.503239 0.457484 0.0241574 -0.10059 0.994635 0.393959 -0.997143 0.0687976 0.031176 -0.493539 -0.0715645 -0.992546 -0.0986411 0.4416 
1532107786468 0.0375524 0.749606 0.660819 -0.0988721 -0.93999 -0.197922 0.277931 -0.380841 0.339129 -0.6316 0.697189 0.44832 0.0239628 -0.101562 0.994541 0.394101 -0.997127 0.0690717 0.0310787 -0.493569 -0.071851 -0.992429 -0.0996148 0.441735 
1532107786717 -0.0276025 0.88813 0.458763 -0.198431 -0.946542 -0.17078 0.273667 -0.355482 0.321399 -0.426684 0.845366 0.439695 0.0237685 -0.102533 0.994446 0.394242 -0.997111 0.0693469 0.0309823 -0.493602 -0.0721384 -0.992309 -0.100588 0.441872 
1532107786917 -0.0860442 0.970271 0.226209 -0.298193 -0.953805 -0.145821 0.262665 -0.330289 0.287842 -0.193158 0.937996 0.431435 0.0235741 -0.103504 0.99435 0.394384 -0.997095 0.0696213 0.0308862 -0.493634 -0.0724248 -0.992189 -0.101562 0.442009 
1532107787137 -0.13405 0.990734 -0.021835 -0.397802 -0.961322 -0.124658 0.245604 -0.305174 0.240606 0.0539137 0.969124 0.423303 0.0233795 -0.104475 0.994253 0.394525 -0.997079 0.0698956 0.0307906 -0.493666 -0.0727108 -0.992068 -0.102536 0.442146 
1532107787438 -0.168646 0.948195 -0.269229 -0.493619 -0.968543 -0.108706 0.223847 -0.280453 0.182983 0.298511 0.936701 0.413955 0.0231852 -0.105443 0.994155 0.394662 -0.997063 0.0701701 0.0306955 -0.493691 -0.0729966 -0.991947 -0.103506 0.442274 
1532107787716 -0.168646 0.948195 -0.269229 -0.493619 -0.968543 -0.108706 0.223847 -0.280453 0.182983 0.298511 0.936701 0.413955 0.0230891 -0.105376 0.994164 0.394664 -0.997066 0.0701684 0.0305939 -0.493697 -0.0729828 -0.991954 -0.103447 0.442336 
1532107787730 0.281149 -0.144266 0.948759 0.287981 -0.928255 -0.291744 0.230711 -0.481978 0.243511 -0.945554 -0.215939 0.480357 0.0221822 -0.104348 0.994293 0.394913 -0.997056 0.0707039 0.029664 -0.493622 -0.0733958 -0.992024 -0.102472 0.442299 
1532107787736 0.230718 0.100195 0.967848 0.200727 -0.92852 -0.2747 0.24978 -0.456683 0.290894 -0.956295 0.0296547 0.474011 0.0212746 -0.103317 0.994421 0.395162 -0.997045 0.0712391 0.0287322 -0.493548 -0.0738102 -0.992094 -0.101496 0.442262 
1532107787951 0.1709 0.342673 0.923779 0.100923 -0.930725 -0.25153 0.265489 -0.431455 0.323334 -0.905156 0.275948 0.466291 0.0203677 -0.102287 0.994546 0.39541 -0.997033 0.0717733 0.0278003 -0.493473 -0.0742255 -0.992162 -0.100521 0.442225 
1532107788261 0.105181 0.563815 0.819176 0.00078419 -0.934606 -0.225406 0.275143 -0.406122 0.339777 -0.794547 0.503236 0.457487 0.0194614 -0.101255 0.99467 0.395659 -0.997021 0.0723065 0.026868 -0.493398 -0.0746416 -0.992229 -0.0995465 0.442188 
1532107788512 0.0375529 0.749606 0.660819 -0.0988756 -0.93999 -0.197922 0.277932 -0.380843 0.33913 -0.6316 0.697189 0.448329 0.0185555 -0.100224 0.994792 0.395908 -0.997006 0.0728387 0.0259352 -0.493323 -0.0750587 -0.992295 -0.0985721 0.442152 
1532107788764 -0.0276017 0.88813 0.458762 -0.198437 -0.946541 -0.170781 0.273669 -0.355485 0.321402 -0.426683 0.845365 0.439709 0.0176503 -0.0991915 0.994912 0.396157 -0.996991 0.0733701 0.0250021 -0.493249 -0.0754768 -0.99236 -0.097598 0.442115 
1532107789074 -0.0860442 0.970271 0.226208 -0.298193 -0.953804 -0.145822 0.262666 -0.33029 0.287843 -0.193158 0.937996 0.431435 0.0167456 -0.0981588 0.99503 0.396406 -0.996975 0.0739003 0.0240686 -0.493175 -0.0758955 -0.992423 -0.0966244 0.442079 
1532107789323 -0.134051 0.990734 -0.0218351 -0.397802 -0.961321 -0.124658 0.245604 -0.305175 0.240607 0.053914 0.969124 0.423304 0.0158409 -0.0971254 0.995146 0.396655 -0.996958 0.0744292 0.023134 -0.493103 -0.0763148 -0.992485 -0.0956509 0.442046 
1532107789640 -0.168648 0.948195 -0.26923 -0.49362 -0.968542 -0.108707 0.223849 -0.280456 0.182985 0.298513 0.9367 0.413949 0.0149407 -0.0960948 0.99526 0.396896 -0.99694 0.074957 0.0222032 -0.49304 -0.0767354 -0.992546 -0.0946808 0.44202 
1532107789906 -0.168648 0.948195 -0.26923 -0.49362 -0.968542 -0.108707 0.223849 -0.280456 0.182985 0.298513 0.9367 0.413949 0.015119 -0.0960687 0.99526 0.396951 -0.996951 0.074757 0.0223607 -0.492984 -0.0765508 -0.992563 -0.0946456 0.442067 
1532107789919 0.281148 -0.144262 0.948759 0.28799 -0.928255 -0.291746 0.230711 -0.481959 0.243513 -0.945554 -0.215936 0.480339 0.0141828 -0.0976057 0.995124 0.397233 -0.996686 0.0783427 0.0218892 -0.493003 -0.0800972 -0.992137 -0.0961711 0.44237 
1532107790288 0.230723 0.10019 0.967848 0.200715 -0.928519 -0.274701 0.249784 -0.456685 0.290894 -0.956296 0.0296487 0.474021 0.0132408 -0.099138 0.994986 0.397516 -0.996408 0.0819282 0.0214228 -0.493023 -0.0836412 -0.991695 -0.0976971 0.442673 
1532107790592 0.170903 0.34267 0.92378 0.100916 -0.930724 -0.251531 0.265491 -0.431458 0.323335 -0.905157 0.275944 0.466296 0.012293 -0.100667 0.994844 0.397798 -0.996116 0.0855139 0.0209618 -0.493042 -0.0871831 -0.991238 -0.099225 0.442977 
1532107790897 0.105183 0.563813 0.819177 0.000779674 -0.934606 -0.225407 0.275144 -0.406124 0.339778 -0.794548 0.503234 0.45749 0.0113399 -0.102193 0.9947 0.398081 -0.995812 0.0890988 0.0205063 -0.493061 -0.0907222 -0.990766 -0.100754 0.44328 
1532107791201 0.0375533 0.749606 0.660819 -0.0988781 -0.939989 -0.197922 0.277933 -0.380844 0.339131 -0.6316 0.697189 0.448335 0.0103813 -0.103714 0.994553 0.398363 -0.995494 0.0926833 0.0200564 -0.493081 -0.0942586 -0.990279 -0.102285 0.443583 
1532107791208 -0.0276012 0.88813 0.458762 -0.198441 -0.94654 -0.170781 0.273672 -0.355486 0.321404 -0.426683 0.845365 0.439719 0.00941747 -0.105232 0.994403 0.398645 -0.995162 0.0962668 0.019612 -0.4931 -0.0977919 -0.989777 -0.103816 0.443886 
1532107791541 -0.0860443 0.970271 0.226208 -0.298193 -0.953804 -0.145822 0.262666 -0.33029 0.287844 -0.193157 0.937996 0.431436 0.00844789 -0.106746 0.99425 0.398928 -0.994818 0.0998508 0.0191731 -0.493119 -0.101323 -0.98926 -0.10535 0.444189 
1532107791940 -0.134051 0.990734 -0.0218352 -0.397802 -0.961321 -0.124658 0.245605 -0.305175 0.240607 0.0539143 0.969124 0.423305 0.007473 -0.108256 0.994095 0.39921 -0.99446 0.103434 0.0187396 -0.493138 -0.104852 -0.988727 -0.106884 0.444492 
1532107792258 -0.168649 0.948194 -0.269231 -0.49362 -0.968542 -0.108708 0.22385 -0.280457 0.182986 0.298514 0.936699 0.413945 0.00649579 -0.109757 0.993937 0.399484 -0.994089 0.107012 0.0183138 -0.493152 -0.108374 -0.988181 -0.108413 0.444774 
1532107792565 -0.168649 0.948194 -0.269231 -0.49362 -0.968542 -0.108708 0.22385 -0.280457 0.182986 0.298514 0.936699 0.413945 0.00637036 -0.109583 0.993957 0.399428 -0.994117 0.106778 0.0181436 -0.493156 -0.108121 -0.988226 -0.108258 0.444875 
1532107792579 0.281148 -0.14426 0.94876 0.287996 -0.928254 -0.291747 0.230711 -0.481945 0.243515 -0.945554 -0.215934 0.480326 0.00596736 -0.111621 0.993733 0.399729 -0.994418 0.104028 0.0176564 -0.493174 -0.105347 -0.988291 -0.110378 0.445214 
1532107792825 0.230727 0.100187 0.967847 0.200707 -0.928518 -0.274701 0.249787 -0.456687 0.290894 -0.956296 0.0296444 0.474028 0.00557048 -0.11366 0.993504 0.40003 -0.99471 0.101278 0.0171638 -0.493193 -0.102571 -0.988344 -0.112495 0.445554 
1532107793067 0.170905 0.342669 0.92378 0.10091 -0.930723 -0.251531 0.265493 -0.43146 0.323335 -0.905158 0.275942 0.466301 0.00517944 -0.1157 0.993271 0.40033 -0.994995 0.0985284 0.0166654 -0.493211 -0.0997935 -0.988385 -0.11461 0.445893 
1532107793320 0.105184 0.563812 0.819178 0.000776442 -0.934605 -0.225407 0.275145 -0.406126 0.339779 -0.794549 0.503232 0.457491 0.00479405 -0.11774 0.993033 0.400631 -0.995271 0.0957792 0.016161 -0.493229 -0.0970147 -0.988415 -0.116724 0.446233 
1532107793564 0.0375536 0.749606 0.660818 -0.0988799 -0.939989 -0.197923 0.277934 -0.380845 0.339132 -0.6316 0.697188 0.44834 0.00441442 -0.11978 0.992791 0.400932 -0.99554 0.0930302 0.0156507 -0.493247 -0.0942342 -0.988432 -0.118835 0.446572 
1532107793838 -0.0276008 0.888131 0.458762 -0.198444 -0.946539 -0.170781 0.273673 -0.355487 0.321405 -0.426682 0.845364 0.439726 0.00404054 -0.121821 0.992544 0.401233 -0.995801 0.0902815 0.0151346 -0.493266 -0.091452 -0.988438 -0.120945 0.446911 
1532107794075 -0.0860443 0.970271 0.226208 -0.298192 -0.953804 -0.145822 0.262667 -0.330291 0.287844 -0.193157 0.937996 0.431436 0.00367227 -0.123862 0.992293 0.401534 -0.996054 0.0875338 0.0146126 -0.493284 -0.0886691 -0.988431 -0.123052 0.447251 
1532107794330 -0.134051 0.990734 -0.0218353 -0.397802 -0.961321 -0.124659 0.245605 -0.305176 0.240608 0.0539144 0.969124 0.423306 0.0033098 -0.125905 0.992037 0.401834 -0.9963 0.0847855 0.0140846 -0.493301 -0.0858837 -0.988413 -0.125158 0.447589 
1532107794581 -0.16865 0.948194 -0.269232 -0.493621 -0.968542 -0.108708 0.223852 -0.280459 0.182987 0.298515 0.936699 0.413942 0.00295532 -0.12794 0.991778 0.402124 -0.996537 0.0820403 0.0135527 -0.493303 -0.0830996 -0.988383 -0.127254 0.447912 
1532107794827 -0.16865 0.948194 -0.269232 -0.493621 -0.968542 -0.108708 0.223852 -0.280459 0.182987 0.298515 0.936699 0.413942 0.00305337 -0.127956 0.991775 0.402178 -0.996521 0.0822143 0.013675 -0.493293 -0.0832879 -0.988366 -0.12726 0.447851 
1532107794840 0.281148 -0.144258 0.94876 0.288001 -0.928254 -0.291748 0.230711 -0.481935 0.243517 -0.945554 -0.215932 0.480317 0.00286693 -0.129651 0.991556 0.402486 -0.996374 0.0839506 0.0138578 -0.493407 -0.0850384 -0.988 -0.12894 0.448115 
1532107795149 0.230729 0.100185 0.967847 0.200701 -0.928517 -0.274702 0.249789 -0.456689 0.290894 -0.956296 0.0296413 0.474033 0.00267711 -0.131343 0.991333 0.402794 -0.996223 0.0856869 0.0140431 -0.493521 -0.0867887 -0.987627 -0.130618 0.44838 
