1532344293432 0.275657 0.633204 -0.723233 -0.604483 -0.8825 0.464965 0.0707247 -0.181741 0.381061 0.618757 0.686973 0.426588 -0.100792 -0.128245 0.986607 0.448613 -0.989237 0.118645 -0.0856387 -0.498153 -0.106074 -0.98462 -0.138823 0.443022 
1532344293445 0.300885 -0.138768 0.94351 0.225257 -0.922898 -0.291628 0.25142 -0.486344 0.240265 -0.946412 -0.215815 0.468712 -0.0935191 -0.129314 0.987184 0.442434 -0.990002 0.117234 -0.0784293 -0.497484 -0.10559 -0.984649 -0.138985 0.442582 
1532344294019 0.242825 0.102786 0.964609 0.16152 -0.925174 -0.274468 0.262144 -0.435487 0.291699 -0.956087 0.0284473 0.461493 -0.0862416 -0.130373 0.987707 0.436254 -0.990714 0.115816 -0.071217 -0.496811 -0.105107 -0.984677 -0.13915 0.44214 
1532344294578 0.185198 0.340052 0.921991 0.0634542 -0.926148 -0.25329 0.279452 -0.39584 0.328559 -0.905654 0.26803 0.437571 -0.0789589 -0.131421 0.988177 0.430073 -0.991372 0.114389 -0.0640013 -0.496137 -0.104625 -0.984705 -0.139319 0.441698 
1532344295143 0.108749 0.566676 0.816732 -0.0100477 -0.933954 -0.223137 0.279177 -0.393705 0.340446 -0.793151 0.504984 0.453534 -0.0716709 -0.132458 0.988594 0.423893 -0.991976 0.112955 -0.0567817 -0.495463 -0.104145 -0.984731 -0.139491 0.441256 
1532344295713 0.0372286 0.750403 0.659932 -0.0983861 -0.940161 -0.197521 0.277637 -0.379776 0.33869 -0.630778 0.698146 0.449359 -0.0643791 -0.133485 0.988958 0.417712 -0.992526 0.111513 -0.04956 -0.494789 -0.103666 -0.984757 -0.139666 0.440814 
1532344296292 -0.0276971 0.888256 0.458513 -0.198397 -0.946596 -0.170708 0.273524 -0.355415 0.321231 -0.426451 0.845547 0.440016 -0.0570834 -0.134501 0.989268 0.411532 -0.993023 0.110063 -0.0423358 -0.494115 -0.103188 -0.984782 -0.139845 0.440372 
1532344296857 -0.0860491 0.970276 0.226186 -0.298191 -0.953826 -0.145805 0.262597 -0.330411 0.28777 -0.193145 0.938021 0.431334 -0.049784 -0.135506 0.989525 0.405352 -0.993465 0.108606 -0.0351096 -0.493442 -0.102711 -0.984806 -0.140028 0.439931 
1532344297435 -0.133997 0.990741 -0.0218346 -0.397711 -0.961333 -0.124607 0.245585 -0.305255 0.240591 0.053898 0.969129 0.423196 -0.0424821 -0.136502 0.989729 0.399177 -0.993853 0.107142 -0.0278823 -0.492774 -0.102235 -0.984829 -0.140214 0.439491 
1532344297995 -0.168046 0.948351 -0.269058 -0.493233 -0.968645 -0.108189 0.223654 -0.280336 0.182994 0.298205 0.936796 0.414798 -0.0352125 -0.137484 0.989878 0.393182 -0.994186 0.10567 -0.0206892 -0.492168 -0.101756 -0.984851 -0.140405 0.43908 
1532344298563 -0.168046 0.948351 -0.269058 -0.493233 -0.968645 -0.108189 0.223654 -0.280336 0.182994 0.298205 0.936796 0.414798 -0.035251 -0.137455 0.989881 0.393191 -0.994176 0.105755 -0.0207188 -0.492189 -0.101837 -0.984846 -0.140382 0.439073 
1532344298576 0.280755 -0.14415 0.948893 0.287768 -0.928413 -0.291475 0.230416 -0.485422 0.243364 -0.945655 -0.215663 0.482452 -0.0345129 -0.137556 0.989893 0.392553 -0.994208 0.105599 -0.0199893 -0.492112 -0.101782 -0.984849 -0.140404 0.439026 
1532344298836 0.230219 0.100587 0.967926 0.201887 -0.928641 -0.274625 0.249414 -0.456571 0.290905 -0.956276 0.0301849 0.473161 -0.0337752 -0.137656 0.989904 0.391914 -0.994239 0.105444 -0.0192601 -0.492034 -0.101728 -0.984851 -0.140424 0.438979 
1532344299083 0.170645 0.342906 0.92374 0.101622 -0.930795 -0.251472 0.265299 -0.431197 0.323267 -0.905084 0.276262 0.465824 -0.0330374 -0.137757 0.989915 0.391276 -0.994269 0.105288 -0.0185309 -0.491957 -0.101673 -0.984854 -0.140445 0.438932 
1532344299336 0.105023 0.564008 0.819064 0.00120979 -0.934666 -0.225325 0.275005 -0.405891 0.339661 -0.794433 0.503494 0.457314 -0.0322996 -0.137857 0.989925 0.390638 -0.994299 0.105132 -0.0178017 -0.49188 -0.101619 -0.984857 -0.140467 0.438885 
1532344299606 0.0375019 0.749589 0.66084 -0.0987905 -0.940025 -0.197903 0.277826 -0.380798 0.339037 -0.631625 0.697211 0.447832 -0.0315618 -0.137957 0.989935 0.39 -0.994328 0.104976 -0.0170725 -0.491803 -0.101564 -0.984859 -0.140488 0.438838 
1532344299855 -0.0276228 0.888121 0.458779 -0.198535 -0.946572 -0.170761 0.273572 -0.355532 0.321307 -0.426711 0.845387 0.439595 -0.0308241 -0.138057 0.989945 0.389361 -0.994357 0.104819 -0.0163434 -0.491725 -0.101509 -0.984862 -0.140509 0.43879 
1532344300099 -0.0860291 0.970274 0.226203 -0.298229 -0.953825 -0.145793 0.262606 -0.330328 0.287779 -0.193166 0.938014 0.431354 -0.0300862 -0.138156 0.989953 0.388723 -0.994385 0.104663 -0.0156143 -0.491648 -0.101455 -0.984865 -0.14053 0.438743 
1532344300336 -0.134011 0.990739 -0.0218391 -0.39775 -0.961334 -0.124621 0.245575 -0.305195 0.240579 0.0539045 0.969132 0.423216 -0.0293486 -0.138256 0.989962 0.388085 -0.994413 0.104507 -0.0148853 -0.491571 -0.1014 -0.984867 -0.140551 0.438697 
1532344300580 -0.168354 0.948258 -0.26919 -0.493437 -0.968609 -0.108471 0.223675 -0.280353 0.182902 0.298397 0.936753 0.414453 -0.0286138 -0.138356 0.989969 0.387466 -0.99444 0.104351 -0.0141592 -0.491501 -0.101345 -0.98487 -0.140573 0.438653 
1532344300833 -0.168354 0.948258 -0.26919 -0.493437 -0.968609 -0.108471 0.223675 -0.280353 0.182902 0.298397 0.936753 0.414453 -0.0285078 -0.138368 0.989971 0.387523 -0.994445 0.104317 -0.0140563 -0.491475 -0.101326 -0.984872 -0.140573 0.43863 
1532344300846 0.280859 -0.144209 0.948853 0.288043 -0.928369 -0.291562 0.230484 -0.483956 0.243412 -0.945619 -0.215767 0.481724 -0.0236739 -0.137291 0.990248 0.387335 -0.994711 0.102266 -0.00960218 -0.491673 -0.0999504 -0.985237 -0.138986 0.43876 
1532344301140 0.230386 0.100464 0.967899 0.201489 -0.928601 -0.274647 0.24954 -0.456577 0.2909 -0.956282 0.0300161 0.473433 -0.0188388 -0.136203 0.990502 0.387146 -0.994952 0.100218 -0.00514248 -0.49187 -0.0985659 -0.985599 -0.137404 0.438889 
1532344301147 0.170719 0.342841 0.92375 0.101413 -0.930775 -0.251486 0.265354 -0.431262 0.323285 -0.905105 0.276175 0.465959 -0.0140055 -0.135105 0.990732 0.386958 -0.995169 0.0981755 -0.000680143 -0.492068 -0.0971738 -0.985955 -0.135828 0.439018 
1532344301445 0.105057 0.563968 0.819086 0.00111839 -0.934654 -0.225339 0.275033 -0.40593 0.339682 -0.794457 0.503442 0.457344 -0.00917344 -0.133997 0.990939 0.38677 -0.995361 0.0961374 0.00378558 -0.492265 -0.0957736 -0.986307 -0.134258 0.439148 
1532344301892 0.0375184 0.749587 0.660842 -0.0987622 -0.940026 -0.19789 0.277833 -0.380778 0.339034 -0.631632 0.697207 0.447782 -0.00434269 -0.132879 0.991123 0.386582 -0.995528 0.0941041 0.00825449 -0.492463 -0.0943655 -0.986655 -0.132694 0.439277 
1532344301898 -0.027607 0.888123 0.458776 -0.198486 -0.946571 -0.170749 0.273585 -0.355503 0.321313 -0.426711 0.845385 0.439569 0.000486618 -0.131751 0.991283 0.386393 -0.995671 0.0920755 0.0127265 -0.49266 -0.0929496 -0.986997 -0.131136 0.439407 
1532344302196 -0.0860265 0.970274 0.226204 -0.298203 -0.953822 -0.145793 0.262619 -0.330305 0.287791 -0.193166 0.93801 0.431364 0.00531403 -0.130612 0.991419 0.386205 -0.995789 0.0900521 0.0172012 -0.492857 -0.091526 -0.987335 -0.129584 0.439536 
1532344302591 -0.134026 0.990737 -0.021839 -0.397753 -0.96133 -0.124634 0.245584 -0.305179 0.240587 0.053909 0.969129 0.423237 0.0101392 -0.129464 0.991532 0.386017 -0.995882 0.0880327 0.021678 -0.493053 -0.0900938 -0.987669 -0.128038 0.439665 
1532344302598 -0.168508 0.948228 -0.269201 -0.493507 -0.96858 -0.108606 0.223737 -0.280366 0.182917 0.298444 0.936735 0.414331 0.014948 -0.128309 0.991622 0.385843 -0.99595 0.0860209 0.0261438 -0.493214 -0.0886546 -0.987997 -0.126503 0.43979 
1532344302891 -0.168508 0.948228 -0.269201 -0.493507 -0.96858 -0.108606 0.223737 -0.280366 0.182917 0.298444 0.936735 0.414331 0.00998745 -0.129467 0.991533 0.386007 -0.99588 0.0880829 0.0215325 -0.493085 -0.0901249 -0.987664 -0.128054 0.439676 
1532344302907 0.280904 -0.144206 0.94884 0.288147 -0.928348 -0.2916 0.23052 -0.483438 0.243439 -0.945608 -0.215785 0.481311 0.0114973 -0.131154 0.991295 0.386031 -0.995693 0.0897064 0.023417 -0.493077 -0.0919967 -0.987295 -0.129558 0.440118 
1532344303177 0.230428 0.100432 0.967893 0.201402 -0.928592 -0.274648 0.24957 -0.456587 0.290894 -0.956286 0.0299734 0.473478 0.0130043 -0.132844 0.991052 0.386054 -0.995499 0.0913263 0.0253044 -0.493069 -0.0938706 -0.98692 -0.131059 0.44056 
1532344303466 0.170727 0.342832 0.923752 0.101394 -0.930774 -0.251487 0.265359 -0.431273 0.323285 -0.905108 0.276163 0.465962 0.014508 -0.134536 0.990802 0.386078 -0.9953 0.0929426 0.0271941 -0.493061 -0.0957463 -0.98654 -0.132555 0.441002 
1532344303746 0.105066 0.563956 0.819094 0.00111047 -0.934651 -0.225344 0.275041 -0.405939 0.339689 -0.794464 0.503426 0.457331 0.0160084 -0.13623 0.990548 0.386101 -0.995095 0.0945554 0.0290861 -0.493053 -0.097624 -0.986154 -0.134048 0.441444 
1532344304086 0.0375282 0.749589 0.660839 -0.0987293 -0.940027 -0.197879 0.277837 -0.380762 0.339029 -0.631633 0.697208 0.447746 0.0175056 -0.137927 0.990288 0.386125 -0.994883 0.0961646 0.0309806 -0.493046 -0.0995037 -0.985763 -0.135537 0.441886 
1532344304346 -0.0276005 0.888124 0.458774 -0.198454 -0.946568 -0.170746 0.273594 -0.355486 0.32132 -0.42671 0.845383 0.439553 0.0189991 -0.139624 0.990022 0.386148 -0.994666 0.0977701 0.0328769 -0.493038 -0.101385 -0.985366 -0.137022 0.442328 
1532344304601 -0.0860301 0.970273 0.226205 -0.298191 -0.953818 -0.145799 0.262629 -0.330295 0.287802 -0.193164 0.938007 0.431374 0.02049 -0.141325 0.989751 0.386172 -0.994442 0.0993726 0.0347764 -0.49303 -0.103269 -0.984963 -0.138504 0.44277 
1532344304858 -0.134034 0.990736 -0.0218383 -0.397759 -0.961327 -0.124642 0.24559 -0.305173 0.240593 0.0539113 0.969128 0.423252 0.0219768 -0.143027 0.989475 0.386195 -0.994213 0.100971 0.0366772 -0.49302 -0.105154 -0.984555 -0.13998 0.443211 
1532344305111 -0.168562 0.948217 -0.269205 -0.49354 -0.968567 -0.10865 0.223769 -0.280383 0.182933 0.298462 0.936726 0.414253 0.0234562 -0.144725 0.989194 0.386223 -0.993978 0.102564 0.0385754 -0.492993 -0.107039 -0.984142 -0.141448 0.443628 
1532344305369 -0.168562 0.948217 -0.269205 -0.49354 -0.968567 -0.10865 0.223769 -0.280383 0.182933 0.298462 0.936726 0.414253 0.0234664 -0.144603 0.989212 0.386242 -0.993991 0.102445 0.0385552 -0.492963 -0.106915 -0.984172 -0.14133 0.443649 
1532344305382 0.280953 -0.144226 0.948823 0.288128 -0.92833 -0.291629 0.230556 -0.483092 0.243452 -0.945596 -0.215823 0.481115 0.0232068 -0.14462 0.989215 0.386382 -0.994226 0.100357 0.0379962 -0.492852 -0.104769 -0.984385 -0.141456 0.44378 
1532344305643 0.23049 0.100383 0.967883 0.201255 -0.928577 -0.274659 0.249615 -0.456601 0.290895 -0.956288 0.0299074 0.47359 0.0229478 -0.144638 0.989218 0.386522 -0.994456 0.0982669 0.0374373 -0.49274 -0.102622 -0.984593 -0.141581 0.443911 
1532344305862 0.170765 0.342797 0.923758 0.10129 -0.930762 -0.251497 0.265388 -0.43131 0.323296 -0.905119 0.276115 0.466031 0.0226888 -0.144657 0.989222 0.386663 -0.994681 0.096177 0.0368783 -0.492628 -0.100475 -0.984797 -0.141705 0.444042 
1532344306068 0.105095 0.563921 0.819115 0.00103705 -0.93464 -0.22536 0.275067 -0.405981 0.339711 -0.794485 0.503378 0.45736 0.02243 -0.144676 0.989225 0.386803 -0.994901 0.0940871 0.0363191 -0.492517 -0.0983278 -0.984996 -0.141828 0.444173 
1532344306279 0.0375279 0.749594 0.660833 -0.0987316 -0.940018 -0.197894 0.277857 -0.380768 0.339055 -0.631622 0.697205 0.447834 0.0221715 -0.144696 0.989228 0.386943 -0.995117 0.0919972 0.03576 -0.492405 -0.0961805 -0.98519 -0.141949 0.444304 
1532344306532 -0.0276014 0.888124 0.458774 -0.198436 -0.946564 -0.170753 0.273605 -0.355472 0.321332 -0.426708 0.845379 0.439552 0.0219126 -0.144715 0.989231 0.387083 -0.995328 0.0899061 0.0352001 -0.492294 -0.0940318 -0.98538 -0.142069 0.444435 
1532344306736 -0.0860343 0.970272 0.226207 -0.298194 -0.953815 -0.145805 0.262635 -0.330288 0.28781 -0.193164 0.938005 0.431389 0.0216539 -0.144736 0.989233 0.387223 -0.995534 0.0878151 0.0346402 -0.492182 -0.0918833 -0.985566 -0.142188 0.444566 
1532344306953 -0.134039 0.990735 -0.0218372 -0.39777 -0.961326 -0.124647 0.245592 -0.305169 0.240595 0.0539115 0.969127 0.423263 0.0213954 -0.144757 0.989236 0.387364 -0.995736 0.0857229 0.03408 -0.492071 -0.0897335 -0.985747 -0.142306 0.444697 
1532344307192 -0.168584 0.948212 -0.269209 -0.493562 -0.968562 -0.108667 0.223785 -0.280397 0.182942 0.298472 0.936721 0.414184 0.0211388 -0.144779 0.989238 0.387499 -0.995933 0.0836324 0.0335217 -0.491961 -0.0875856 -0.985923 -0.142422 0.444829 
1532344307443 -0.168584 0.948212 -0.269209 -0.493562 -0.968562 -0.108667 0.223785 -0.280397 0.182942 0.298472 0.936721 0.414184 0.0211615 -0.144823 0.989231 0.387522 -0.995926 0.0836954 0.0335577 -0.491982 -0.087654 -0.985911 -0.142462 0.444802 
1532344307456 0.280998 -0.144242 0.948807 0.288097 -0.928314 -0.291654 0.23059 -0.482819 0.243463 -0.945586 -0.215856 0.48095 0.0212056 -0.143413 0.989436 0.387616 -0.99582 0.084916 0.0336505 -0.492013 -0.0888448 -0.986013 -0.141013 0.44467 
1532344307637 0.230541 0.100342 0.967875 0.201134 -0.928564 -0.274668 0.249653 -0.456615 0.290895 -0.956289 0.0298516 0.473683 0.0212513 -0.142001 0.989638 0.387709 -0.995712 0.0861363 0.0337413 -0.492044 -0.0900351 -0.986112 -0.139562 0.444538 
1532344307848 0.170797 0.342768 0.923763 0.101203 -0.930753 -0.251505 0.265412 -0.431343 0.323306 -0.905127 0.276076 0.466091 0.0212991 -0.14059 0.989839 0.387803 -0.995602 0.0873564 0.0338307 -0.492074 -0.091225 -0.986206 -0.138111 0.444406 
1532344308060 0.105117 0.563893 0.819131 0.000973646 -0.934631 -0.225373 0.275087 -0.406017 0.339729 -0.794501 0.503341 0.457391 0.0213483 -0.139179 0.990037 0.387897 -0.995492 0.0885765 0.033918 -0.492105 -0.0924146 -0.986298 -0.13666 0.444274 
1532344308275 0.0375321 0.749599 0.660828 -0.0987654 -0.940009 -0.197905 0.277879 -0.380786 0.339079 -0.631613 0.697202 0.447976 0.0213991 -0.137767 0.990233 0.38799 -0.99538 0.0897964 0.0340033 -0.492136 -0.093604 -0.986386 -0.135209 0.444142 
1532344308465 -0.0276042 0.888124 0.458774 -0.198421 -0.94656 -0.17076 0.273615 -0.355467 0.321344 -0.426704 0.845377 0.439557 0.0214515 -0.136355 0.990428 0.388084 -0.995266 0.0910163 0.0340868 -0.492167 -0.094793 -0.98647 -0.133757 0.44401 
1532344308676 -0.0860376 0.970272 0.226209 -0.298197 -0.953813 -0.14581 0.262641 -0.330284 0.287817 -0.193164 0.938003 0.431402 0.0215059 -0.134943 0.99062 0.388178 -0.995151 0.092236 0.0341687 -0.492198 -0.0959817 -0.986551 -0.132305 0.443878 
1532344308911 -0.134042 0.990735 -0.0218363 -0.397779 -0.961325 -0.12465 0.245593 -0.305167 0.240596 0.0539115 0.969127 0.423273 0.0215619 -0.13353 0.99081 0.388272 -0.995034 0.0934562 0.0342488 -0.492229 -0.0971706 -0.986628 -0.130852 0.443746 
1532344309194 -0.1686 0.948208 -0.269212 -0.493579 -0.968557 -0.108678 0.223798 -0.280408 0.18295 0.29848 0.936717 0.414128 0.021619 -0.132122 0.990998 0.388363 -0.994916 0.0946756 0.0343268 -0.492264 -0.0983586 -0.986702 -0.129403 0.443622 
1532344309463 -0.1686 0.948208 -0.269212 -0.493579 -0.968557 -0.108678 0.223798 -0.280408 0.18295 0.29848 0.936717 0.414128 0.0216655 -0.131897 0.991027 0.388368 -0.994931 0.0945137 0.0343298 -0.492229 -0.0981936 -0.986747 -0.12918 0.443696 
1532344309477 0.281038 -0.144255 0.948793 0.288061 -0.928299 -0.291676 0.230621 -0.482602 0.243472 -0.945577 -0.215884 0.480813 0.0218508 -0.129189 0.991379 0.388412 -0.995268 0.0910979 0.0338077 -0.492186 -0.0946802 -0.987427 -0.126587 0.443344 
1532344309484 0.230583 0.100307 0.967869 0.201035 -0.928554 -0.274675 0.249683 -0.456628 0.290895 -0.956291 0.0298054 0.47376 0.0220259 -0.126481 0.991724 0.388455 -0.995592 0.08768 0.0332942 -0.492143 -0.0911655 -0.988086 -0.123992 0.442992 
1532344309768 0.170823 0.342744 0.923767 0.101134 -0.930746 -0.251511 0.265431 -0.431369 0.323313 -0.905135 0.276044 0.466139 0.0221912 -0.12377 0.992063 0.388499 -0.995904 0.0842589 0.0327893 -0.4921 -0.0876485 -0.988727 -0.121393 0.442639 
1532344310161 0.105134 0.563871 0.819143 0.000924386 -0.934624 -0.225382 0.275102 -0.406044 0.339743 -0.794514 0.503312 0.457415 0.0223469 -0.121058 0.992394 0.388543 -0.996204 0.0808358 0.0322936 -0.492057 -0.0841303 -0.989349 -0.118792 0.442287 
1532344310464 0.0375375 0.749602 0.660824 -0.0987928 -0.940003 -0.197911 0.277895 -0.3808 0.339094 -0.631608 0.697199 0.448077 0.022493 -0.118345 0.992718 0.388587 -0.996492 0.0774103 0.0318068 -0.492014 -0.0806107 -0.989951 -0.116188 0.441935 
1532344310776 -0.0276058 0.888125 0.458773 -0.198407 -0.946557 -0.170766 0.273623 -0.355463 0.321354 -0.426701 0.845374 0.439558 0.0226294 -0.11563 0.993035 0.38863 -0.996767 0.0739825 0.0313291 -0.491971 -0.0770898 -0.990533 -0.113582 0.441583 
1532344311140 -0.08604 0.970271 0.22621 -0.298197 -0.953811 -0.145814 0.262646 -0.330283 0.287823 -0.193163 0.938001 0.431411 0.0227562 -0.112914 0.993344 0.388674 -0.997031 0.0705528 0.0308604 -0.491928 -0.0735678 -0.991097 -0.110973 0.441231 
1532344311492 -0.134044 0.990735 -0.0218355 -0.397787 -0.961325 -0.124652 0.245595 -0.305166 0.240598 0.0539115 0.969127 0.423281 0.0228735 -0.110197 0.993646 0.388718 -0.997282 0.0671205 0.030401 -0.491886 -0.0700441 -0.991641 -0.108363 0.440879 
1532344311499 -0.168613 0.948205 -0.269215 -0.493591 -0.968554 -0.108687 0.22381 -0.280418 0.182957 0.298487 0.936714 0.414082 0.0229813 -0.107488 0.993941 0.388759 -0.99752 0.0636898 0.0299517 -0.491855 -0.0665233 -0.992164 -0.105758 0.440555 
1532344311843 -0.168613 0.948205 -0.269215 -0.493591 -0.968554 -0.108687 0.22381 -0.280418 0.182957 0.298487 0.936714 0.414082 0.022931 -0.109971 0.99367 0.388715 -0.997286 0.0670439 0.0304343 -0.491847 -0.0699664 -0.991671 -0.108135 0.440941 
1532344311860 0.281073 -0.144265 0.948781 0.288025 -0.928286 -0.291695 0.230648 -0.482429 0.24348 -0.945569 -0.215907 0.480699 0.0233292 -0.111132 0.993532 0.388804 -0.997132 0.0689826 0.0311298 -0.491969 -0.0719959 -0.991409 -0.109204 0.441113 
1532344312088 0.230618 0.100279 0.967863 0.200954 -0.928545 -0.274681 0.249709 -0.456641 0.290895 -0.956292 0.0297667 0.473825 0.0237255 -0.112295 0.993392 0.388894 -0.996974 0.0709204 0.0318281 -0.492091 -0.0740259 -0.991141 -0.110273 0.441286 
1532344312316 0.170844 0.342725 0.923771 0.101078 -0.93074 -0.251516 0.265447 -0.431392 0.323319 -0.90514 0.276018 0.466178 0.0241197 -0.113459 0.99325 0.388983 -0.996812 0.0728574 0.0325286 -0.492212 -0.0760563 -0.990868 -0.11134 0.441458 
1532344312540 0.105148 0.563855 0.819153 0.000884643 -0.934618 -0.22539 0.275114 -0.406067 0.339753 -0.794523 0.503289 0.457434 0.0245114 -0.114623 0.993107 0.389073 -0.996645 0.0747931 0.0332312 -0.492334 -0.0780866 -0.99059 -0.112405 0.441631 
1532344312546 0.0375425 0.749603 0.660822 -0.0988158 -0.939999 -0.197914 0.277907 -0.380811 0.339106 -0.631605 0.697196 0.448155 0.0249007 -0.115787 0.992962 0.389162 -0.996474 0.0767277 0.0339358 -0.492456 -0.0801171 -0.990306 -0.113469 0.441803 
1532344312823 -0.0276063 0.888125 0.458771 -0.198396 -0.946554 -0.170769 0.27363 -0.355461 0.321362 -0.426698 0.845373 0.439558 0.0252874 -0.116952 0.992816 0.389251 -0.996299 0.0786611 0.0346423 -0.492578 -0.0821474 -0.990017 -0.114531 0.441975 
1532344313126 -0.0860414 0.970271 0.22621 -0.298197 -0.953809 -0.145816 0.262651 -0.330283 0.287827 -0.193162 0.938 0.431419 0.0256718 -0.118118 0.992668 0.389341 -0.99612 0.0805932 0.035351 -0.4927 -0.0841779 -0.989724 -0.115591 0.442148 
1532344313416 -0.134046 0.990735 -0.021835 -0.397792 -0.961324 -0.124654 0.245596 -0.305167 0.240599 0.0539117 0.969126 0.423288 0.0260537 -0.119285 0.992518 0.38943 -0.995936 0.0825245 0.0360615 -0.49282 -0.0862087 -0.989425 -0.11665 0.442319 
1532344313654 -0.168622 0.948203 -0.269218 -0.4936 -0.968551 -0.108693 0.223819 -0.280426 0.182964 0.298492 0.936711 0.414045 0.0264318 -0.120448 0.992368 0.389518 -0.995749 0.084453 0.0367723 -0.492928 -0.0882376 -0.989121 -0.117703 0.442476 
1532344313879 -0.168622 0.948203 -0.269218 -0.4936 -0.968551 -0.108693 0.223819 -0.280426 0.182964 0.298492 0.936711 0.414045 0.026459 -0.120401 0.992373 0.389508 -0.995749 0.084436 0.0367934 -0.492935 -0.0882219 -0.989128 -0.117655 0.442416 
1532344313893 0.281103 -0.144274 0.948771 0.287991 -0.928276 -0.29171 0.230672 -0.482292 0.243486 -0.945563 -0.215927 0.480606 0.0253189 -0.121251 0.992299 0.389599 -0.995562 0.086937 0.0360252 -0.492861 -0.0906356 -0.988807 -0.118512 0.442599 
1532344314160 0.230646 0.100255 0.967859 0.200888 -0.928538 -0.274687 0.249729 -0.456652 0.290895 -0.956293 0.0297348 0.473877 0.0241774 -0.122097 0.992224 0.389691 -0.995368 0.0894375 0.0352597 -0.492787 -0.0930471 -0.98848 -0.119369 0.442782 
1532344314420 0.17086 0.342709 0.923773 0.101032 -0.930736 -0.251521 0.26546 -0.43141 0.323323 -0.905145 0.275997 0.466211 0.0230335 -0.122941 0.992147 0.389782 -0.995167 0.0919384 0.0344961 -0.492713 -0.0954574 -0.988146 -0.12023 0.442965 
1532344314691 0.105159 0.563841 0.819161 0.000852774 -0.934614 -0.225396 0.275124 -0.406085 0.339761 -0.794531 0.503271 0.45745 0.0218877 -0.123782 0.992068 0.389874 -0.994959 0.0944392 0.0337348 -0.492639 -0.0978659 -0.987805 -0.121091 0.443148 
1532344314944 0.0375466 0.749604 0.66082 -0.0988348 -0.939995 -0.197917 0.277917 -0.38082 0.339115 -0.631603 0.697193 0.448214 0.0207397 -0.12462 0.991988 0.389965 -0.994744 0.09694 0.0329756 -0.492566 -0.100273 -0.987458 -0.121955 0.443331 
1532344315225 -0.0276061 0.888126 0.45877 -0.198387 -0.946552 -0.170771 0.273635 -0.355459 0.321367 -0.426696 0.845372 0.439556 0.01959 -0.125455 0.991906 0.390056 -0.994522 0.0994405 0.0322187 -0.492492 -0.102678 -0.987103 -0.12282 0.443514 
1532344315548 -0.0860423 0.970271 0.22621 -0.298197 -0.953808 -0.145818 0.262654 -0.330283 0.287831 -0.193162 0.937999 0.431424 0.0184377 -0.126287 0.991822 0.390148 -0.994293 0.101942 0.0314637 -0.492418 -0.105082 -0.986742 -0.123687 0.443697 
1532344315805 -0.134047 0.990734 -0.0218346 -0.397796 -0.961323 -0.124655 0.245598 -0.305168 0.240601 0.0539118 0.969126 0.423293 0.0172836 -0.127116 0.991737 0.390239 -0.994057 0.104443 0.0307111 -0.492344 -0.107484 -0.986374 -0.124555 0.44388 
1532344316073 -0.16863 0.948201 -0.269221 -0.493607 -0.968549 -0.108698 0.223827 -0.280433 0.182969 0.298497 0.936708 0.414016 0.0161311 -0.127939 0.991651 0.390327 -0.993814 0.106941 0.0299634 -0.492276 -0.109882 -0.986 -0.125422 0.444053 
1532344316339 -0.16863 0.948201 -0.269221 -0.493607 -0.968549 -0.108698 0.223827 -0.280433 0.182969 0.298497 0.936708 0.414016 0.0161112 -0.127956 0.991649 0.390294 -0.993818 0.10691 0.0299413 -0.492318 -0.109848 -0.986001 -0.125442 0.444053 
1532344316353 0.281128 -0.144281 0.948762 0.287961 -0.928267 -0.291723 0.230692 -0.482185 0.243492 -0.945558 -0.215943 0.480531 0.0172484 -0.125527 0.99194 0.390363 -0.994381 0.101483 0.0301333 -0.492399 -0.104448 -0.986886 -0.123071 0.443753 
1532344316682 0.23067 0.100235 0.967856 0.200836 -0.928532 -0.274691 0.249746 -0.456661 0.290895 -0.956294 0.029709 0.47392 0.0183729 -0.123091 0.992225 0.390432 -0.994914 0.0960543 0.0303388 -0.492479 -0.099042 -0.987736 -0.1207 0.443453 
1532344317116 0.170874 0.342697 0.923775 0.100996 -0.930732 -0.251524 0.26547 -0.431425 0.323327 -0.905149 0.27598 0.466237 0.0194842 -0.120648 0.992504 0.390501 -0.995416 0.0906221 0.0305573 -0.49256 -0.0936295 -0.98855 -0.118329 0.443152 
1532344317462 0.105168 0.563831 0.819167 0.000827587 -0.934611 -0.2254 0.275131 -0.406099 0.339768 -0.794537 0.503258 0.457463 0.0205819 -0.118198 0.992777 0.39057 -0.995889 0.0851882 0.0307888 -0.49264 -0.088212 -0.989329 -0.115959 0.442852 
1532344317824 0.0375493 0.749605 0.660819 -0.0988507 -0.939993 -0.197919 0.277924 -0.380829 0.339122 -0.631601 0.697192 0.448262 0.0216663 -0.115741 0.993043 0.39064 -0.996332 0.0797523 0.0310333 -0.492721 -0.0827892 -0.990073 -0.113589 0.442552 
1532344317830 -0.0276066 0.888128 0.458766 -0.198398 -0.946548 -0.170776 0.273647 -0.355468 0.32138 -0.42669 0.84537 0.439604 0.0227371 -0.113278 0.993303 0.390709 -0.996744 0.0743146 0.0312908 -0.492801 -0.0773615 -0.99078 -0.111219 0.442252 
1532344318199 -0.0860431 0.970271 0.22621 -0.298197 -0.953807 -0.145819 0.262657 -0.330284 0.287835 -0.193161 0.937998 0.431429 0.0237943 -0.110808 0.993557 0.390778 -0.997126 0.0688749 0.0315611 -0.492881 -0.0719283 -0.991452 -0.108851 0.441952 
1532344318707 -0.134048 0.990734 -0.0218344 -0.397799 -0.961323 -0.124656 0.245599 -0.305169 0.240602 0.0539121 0.969125 0.423297 0.024838 -0.108332 0.993804 0.390847 -0.997478 0.0634339 0.0318446 -0.492962 -0.0664907 -0.992089 -0.106483 0.441652 
1532344319057 -0.168635 0.948199 -0.269223 -0.493612 -0.968547 -0.108701 0.223833 -0.280439 0.182974 0.298502 0.936706 0.413993 0.0258656 -0.105858 0.994045 0.390913 -0.997799 0.0579981 0.0321397 -0.493038 -0.061055 -0.992688 -0.104125 0.441376 
1532344319405 -0.168635 0.948199 -0.269223 -0.493612 -0.968547 -0.108701 0.223833 -0.280439 0.182974 0.298502 0.936706 0.413993 0.0256445 -0.105823 0.994054 0.390848 -0.997809 0.0579601 0.0319116 -0.49306 -0.0609925 -0.992694 -0.104105 0.441433 
1532344319418 0.281148 -0.144286 0.948756 0.287935 -0.928259 -0.291734 0.230708 -0.482102 0.243496 -0.945554 -0.215955 0.48047 0.0245885 -0.106245 0.994036 0.39097 -0.997721 0.059885 0.0310803 -0.492955 -0.06283 -0.992535 -0.10453 0.441543 
1532344319659 0.230687 0.10022 0.967853 0.200795 -0.928528 -0.274694 0.249759 -0.456669 0.290895 -0.956294 0.0296889 0.473954 0.0235325 -0.106664 0.994017 0.391091 -0.997629 0.0618103 0.0302506 -0.49285 -0.0646671 -0.992372 -0.104957 0.441652 
1532344319894 0.170884 0.342688 0.923777 0.100968 -0.930729 -0.251526 0.265477 -0.431436 0.32333 -0.905152 0.275968 0.466257 0.0224754 -0.107082 0.993996 0.391213 -0.997533 0.063736 0.0294216 -0.492746 -0.0665038 -0.992205 -0.105386 0.441762 
1532344320151 0.105173 0.563824 0.819171 0.0008107 -0.934609 -0.225402 0.275136 -0.406108 0.339771 -0.794541 0.503249 0.457472 0.0214176 -0.107498 0.993975 0.391334 -0.997432 0.0656616 0.0285934 -0.492641 -0.0683397 -0.992035 -0.105816 0.441872 
1532344320386 0.0375506 0.749605 0.660819 -0.0988607 -0.939991 -0.197921 0.277927 -0.380835 0.339125 -0.631601 0.697191 0.44829 0.0203591 -0.107912 0.993952 0.391456 -0.997327 0.0675873 0.0277661 -0.492536 -0.0701749 -0.99186 -0.106247 0.441981 
1532344320647 -0.0276049 0.888129 0.458764 -0.198414 -0.946545 -0.170778 0.273657 -0.355475 0.321389 -0.426687 0.845368 0.439649 0.0193 -0.108323 0.993928 0.391578 -0.997217 0.0695128 0.0269397 -0.492431 -0.0720089 -0.991682 -0.10668 0.442091 
1532344320884 -0.0860438 0.970271 0.226209 -0.298195 -0.953806 -0.14582 0.262661 -0.330286 0.287838 -0.19316 0.937997 0.431432 0.0182396 -0.108733 0.993904 0.391699 -0.997103 0.0714394 0.0261137 -0.492327 -0.0738433 -0.991501 -0.107115 0.442201 
1532344321116 -0.134049 0.990734 -0.0218346 -0.3978 -0.961322 -0.124657 0.245601 -0.305171 0.240604 0.0539128 0.969125 0.4233 0.0171788 -0.10914 0.993878 0.391821 -0.996984 0.0733655 0.0252889 -0.492222 -0.0756764 -0.991315 -0.10755 0.442311 
1532344321123 -0.16864 0.948197 -0.269226 -0.493615 -0.968545 -0.108704 0.223839 -0.280444 0.182978 0.298505 0.936704 0.413976 0.0161209 -0.109544 0.993851 0.391938 -0.996861 0.0752894 0.0244682 -0.492127 -0.0775068 -0.991126 -0.107986 0.442416 
1532344321364 -0.16864 0.948197 -0.269226 -0.493615 -0.968545 -0.108704 0.223839 -0.280444 0.182978 0.298505 0.936704 0.413976 0.0170702 -0.10919 0.993874 0.391774 -0.996986 0.0733779 0.0251852 -0.492277 -0.0756784 -0.991309 -0.107608 0.442255 
1532344321380 0.28115 -0.144278 0.948756 0.287952 -0.928257 -0.291738 0.23071 -0.482045 0.243502 -0.945554 -0.215949 0.480418 0.0169346 -0.11135 0.993637 0.391961 -0.996838 0.0752825 0.0254256 -0.492351 -0.0776346 -0.990926 -0.109723 0.442572 
1532344321649 0.230701 0.100209 0.967851 0.200764 -0.928524 -0.274697 0.249768 -0.456674 0.290894 -0.956295 0.029674 0.473978 0.0167946 -0.113508 0.993395 0.392147 -0.996686 0.077186 0.0256697 -0.492425 -0.0795899 -0.990534 -0.111835 0.44289 
1532344321896 0.170891 0.342681 0.923778 0.100949 -0.930727 -0.251528 0.265482 -0.431444 0.323332 -0.905154 0.275959 0.466272 0.0166504 -0.115665 0.993149 0.392334 -0.996531 0.079089 0.0259181 -0.492499 -0.0815449 -0.990135 -0.113947 0.443207 
1532344322172 0.105177 0.56382 0.819173 0.000798928 -0.934608 -0.225404 0.275139 -0.406114 0.339774 -0.794544 0.503243 0.457479 0.016502 -0.117821 0.992898 0.39252 -0.996371 0.0809909 0.0261704 -0.492573 -0.0834991 -0.989727 -0.116057 0.443525 
1532344322471 0.0375517 0.749606 0.660819 -0.0988674 -0.939991 -0.197921 0.27793 -0.380838 0.339128 -0.6316 0.69719 0.448308 0.0163492 -0.119977 0.992642 0.392707 -0.996208 0.082892 0.0264268 -0.492647 -0.0854527 -0.98931 -0.118167 0.443842 
1532344322797 -0.0276035 0.88813 0.458763 -0.198424 -0.946543 -0.170779 0.273662 -0.355479 0.321395 -0.426685 0.845367 0.439676 0.0161921 -0.122131 0.992382 0.392893 -0.996041 0.0847921 0.0266871 -0.492721 -0.0874055 -0.988885 -0.120274 0.444159 
1532344323045 -0.086044 0.970271 0.226209 -0.298194 -0.953805 -0.145821 0.262663 -0.330288 0.28784 -0.193159 0.937997 0.431434 0.0160308 -0.124285 0.992117 0.393079 -0.995871 0.0866913 0.0269515 -0.492795 -0.0893576 -0.988452 -0.122382 0.444477 
1532344323283 -0.13405 0.990734 -0.0218348 -0.397801 -0.961322 -0.124658 0.245603 -0.305172 0.240605 0.0539133 0.969125 0.423302 0.0158649 -0.126437 0.991848 0.393266 -0.995696 0.0885899 0.0272196 -0.492868 -0.0913092 -0.988011 -0.124487 0.444793 
1532344323528 -0.168644 0.948196 -0.269228 -0.493617 -0.968544 -0.108705 0.223844 -0.280449 0.182981 0.298509 0.936702 0.413964 0.0156958 -0.128582 0.991575 0.393447 -0.995518 0.0904856 0.0274919 -0.492926 -0.0932582 -0.987562 -0.126585 0.445087 
1532344323787 -0.168644 0.948196 -0.269228 -0.493617 -0.968544 -0.108705 0.223844 -0.280449 0.182981 0.298509 0.936702 0.413964 0.0159051 -0.128643 0.991563 0.393524 -0.995526 0.0903382 0.0276889 -0.492874 -0.093138 -0.987568 -0.126631 0.445107 
1532344323800 0.281149 -0.144271 0.948758 0.287968 -0.928256 -0.291741 0.230711 -0.482006 0.243507 -0.945554 -0.215943 0.480382 0.0161536 -0.129203 0.991487 0.393684 -0.99576 0.0877283 0.0276554 -0.492918 -0.0905545 -0.98773 -0.127238 0.445249 
1532344323807 0.23071 0.100201 0.967849 0.200742 -0.928522 -0.274698 0.249775 -0.456679 0.290894 -0.956295 0.0296629 0.473997 0.0164043 -0.129764 0.991409 0.393843 -0.995988 0.0851161 0.0276207 -0.492962 -0.0879691 -0.987885 -0.127847 0.445392 
1532344324020 0.170896 0.342677 0.923779 0.100934 -0.930726 -0.251529 0.265486 -0.43145 0.323333 -0.905155 0.275952 0.466283 0.0166563 -0.130323 0.991332 0.394003 -0.996209 0.0825041 0.0275845 -0.493006 -0.0853838 -0.988033 -0.128455 0.445535 
1532344324334 0.105179 0.563817 0.819175 0.000790392 -0.934607 -0.225405 0.275141 -0.406118 0.339776 -0.794546 0.503239 0.457484 0.0169098 -0.130882 0.991254 0.394162 -0.996423 0.0798916 0.0275466 -0.49305 -0.0827982 -0.988174 -0.129063 0.445677 
1532344324568 0.0375524 0.749606 0.660819 -0.0988722 -0.93999 -0.197922 0.277931 -0.380841 0.339129 -0.6316 0.697189 0.44832 0.0171647 -0.13144 0.991175 0.394322 -0.99663 0.0772787 0.0275072 -0.493094 -0.0802123 -0.988307 -0.129671 0.44582 
1532344324819 -0.0276025 0.88813 0.458763 -0.198431 -0.946541 -0.17078 0.273667 -0.355482 0.321399 -0.426684 0.845366 0.439695 0.0174209 -0.131998 0.991097 0.394482 -0.99683 0.0746657 0.0274659 -0.493138 -0.0776264 -0.988434 -0.130279 0.445962 
1532344325057 -0.0860442 0.970271 0.226209 -0.298193 -0.953805 -0.145821 0.262665 -0.330289 0.287842 -0.193158 0.937996 0.431435 0.017679 -0.132555 0.991018 0.394641 -0.997024 0.0720512 0.0274234 -0.493182 -0.0750392 -0.988553 -0.130886 0.446105 
1532344325285 -0.13405 0.990734 -0.021835 -0.397802 -0.961322 -0.124658 0.245604 -0.305174 0.240606 0.0539137 0.969124 0.423303 0.0179381 -0.133111 0.990939 0.394801 -0.997211 0.0694368 0.0273789 -0.493226 -0.072452 -0.988666 -0.131494 0.446247 
1532344325512 -0.168646 0.948195 -0.269229 -0.493619 -0.968543 -0.108706 0.223847 -0.280453 0.182983 0.298511 0.936701 0.413955 0.0181988 -0.133664 0.99086 0.394955 -0.99739 0.0668241 0.0273331 -0.493258 -0.0698667 -0.988771 -0.132099 0.446384 
1532344325759 -0.168646 0.948195 -0.269229 -0.493619 -0.968543 -0.108706 0.223847 -0.280453 0.182983 0.298511 0.936701 0.413955 0.0183432 -0.133738 0.990847 0.395001 -0.997385 0.0668381 0.0274856 -0.493198 -0.0699022 -0.98876 -0.132162 0.446388 
1532344325773 0.281149 -0.144266 0.948759 0.287981 -0.928255 -0.291744 0.230711 -0.481978 0.243511 -0.945554 -0.215939 0.480357 0.0185514 -0.131919 0.991087 0.39522 -0.997435 0.0660925 0.0274675 -0.49328 -0.0691269 -0.989055 -0.130355 0.446185 
1532344326002 0.230718 0.100195 0.967848 0.200726 -0.92852 -0.2747 0.24978 -0.456683 0.290894 -0.956295 0.0296546 0.474011 0.0187577 -0.130099 0.991324 0.395439 -0.997485 0.0653476 0.0274503 -0.493361 -0.0683518 -0.989345 -0.128546 0.445981 
1532344326228 0.1709 0.342673 0.923779 0.100923 -0.930724 -0.25153 0.265489 -0.431455 0.323334 -0.905156 0.275948 0.466291 0.0189624 -0.128278 0.991557 0.395658 -0.997534 0.0646022 0.0274344 -0.493443 -0.067576 -0.989632 -0.126737 0.445778 
1532344326458 0.105181 0.563815 0.819176 0.000784137 -0.934606 -0.225406 0.275143 -0.406122 0.339777 -0.794547 0.503236 0.457487 0.0191658 -0.126457 0.991787 0.395877 -0.997582 0.063857 0.0274199 -0.493524 -0.0667999 -0.989915 -0.124927 0.445574 
1532344326465 0.0375529 0.749606 0.660819 -0.0988756 -0.93999 -0.197922 0.277932 -0.380843 0.33913 -0.6316 0.697189 0.448329 0.0193678 -0.124635 0.992014 0.396096 -0.99763 0.0631116 0.0274067 -0.493606 -0.0660234 -0.990193 -0.123117 0.445371 
1532344326716 -0.0276017 0.88813 0.458762 -0.198437 -0.946541 -0.170781 0.27367 -0.355485 0.321402 -0.426683 0.845365 0.439709 0.0195683 -0.122813 0.992237 0.396315 -0.997677 0.0623666 0.027395 -0.493687 -0.0652469 -0.990468 -0.121307 0.445168 
1532344327024 -0.0860442 0.970271 0.226208 -0.298193 -0.953804 -0.145822 0.262666 -0.33029 0.287843 -0.193158 0.937996 0.431435 0.0197675 -0.12099 0.992457 0.396534 -0.997724 0.0616212 0.0273846 -0.493769 -0.0644697 -0.990739 -0.119496 0.444964 
1532344327251 -0.134051 0.990734 -0.0218351 -0.397802 -0.961321 -0.124658 0.245604 -0.305175 0.240607 0.053914 0.969124 0.423304 0.0199652 -0.119166 0.992674 0.396753 -0.99777 0.0608753 0.0273755 -0.49385 -0.0636915 -0.991006 -0.117685 0.444761 
1532344327496 -0.168648 0.948195 -0.26923 -0.49362 -0.968542 -0.108707 0.223849 -0.280456 0.182985 0.298513 0.9367 0.413949 0.0201609 -0.117348 0.992886 0.396965 -0.997815 0.0601309 0.0273678 -0.493931 -0.0629147 -0.991269 -0.115879 0.444571 
1532344327720 -0.168648 0.948195 -0.26923 -0.49362 -0.968542 -0.108707 0.223849 -0.280456 0.182985 0.298513 0.9367 0.413949 0.0200611 -0.117387 0.992884 0.396955 -0.997814 0.0601959 0.0272776 -0.49393 -0.0629696 -0.99126 -0.115923 0.444583 
1532344327734 0.281148 -0.144262 0.948759 0.28799 -0.928255 -0.291746 0.230711 -0.481958 0.243513 -0.945554 -0.215936 0.480339 0.0193855 -0.115621 0.993104 0.397188 -0.997757 0.0614173 0.0266267 -0.493915 -0.0640724 -0.991393 -0.114171 0.444408 
1532344327980 0.230723 0.10019 0.967848 0.200715 -0.928519 -0.274701 0.249784 -0.456685 0.290894 -0.956296 0.0296487 0.474021 0.0187128 -0.113852 0.993321 0.397421 -0.997698 0.0626375 0.0259746 -0.4939 -0.0651765 -0.991521 -0.112418 0.444234 
1532344328200 0.170903 0.34267 0.92378 0.100916 -0.930724 -0.251531 0.265491 -0.431458 0.323335 -0.905157 0.275944 0.466296 0.0180418 -0.112083 0.993535 0.397654 -0.997638 0.0638564 0.0253201 -0.493884 -0.0662815 -0.991645 -0.110666 0.444059 
1532344328440 0.105183 0.563813 0.819177 0.000779638 -0.934606 -0.225407 0.275144 -0.406124 0.339778 -0.794548 0.503234 0.45749 0.0173729 -0.110312 0.993745 0.397887 -0.997576 0.065074 0.0246635 -0.493869 -0.0673876 -0.991764 -0.108914 0.443884 
1532344328689 0.0375533 0.749606 0.660819 -0.0988782 -0.939989 -0.197922 0.277933 -0.380844 0.339131 -0.6316 0.697189 0.448335 0.016706 -0.10854 0.993952 0.39812 -0.997512 0.0662903 0.0240048 -0.493854 -0.0684948 -0.991879 -0.107162 0.443709 
1532344328949 -0.0276012 0.88813 0.458762 -0.198441 -0.94654 -0.170781 0.273672 -0.355486 0.321404 -0.426683 0.845365 0.439719 0.0160414 -0.106767 0.994155 0.398354 -0.997446 0.0675053 0.0233442 -0.493839 -0.0696031 -0.99199 -0.105411 0.443535 
1532344329176 -0.0860443 0.970271 0.226208 -0.298193 -0.953804 -0.145822 0.262667 -0.33029 0.287844 -0.193157 0.937996 0.431436 0.0153781 -0.104992 0.994354 0.398587 -0.997378 0.0687193 0.0226808 -0.493824 -0.0707127 -0.992096 -0.10366 0.44336 
1532344329402 -0.134051 0.990734 -0.0218352 -0.397802 -0.961321 -0.124658 0.245605 -0.305175 0.240607 0.0539143 0.969124 0.423305 0.0147174 -0.103217 0.99455 0.39882 -0.997309 0.0699317 0.022016 -0.493809 -0.071823 -0.992197 -0.10191 0.443186 
1532344329712 -0.168649 0.948194 -0.269231 -0.49362 -0.968542 -0.108708 0.22385 -0.280457 0.182986 0.298514 0.936699 0.413945 0.0140606 -0.101446 0.994742 0.399045 -0.997238 0.0711422 0.0213512 -0.493805 -0.0729342 -0.992294 -0.100166 0.443023 
1532344330010 -0.168649 0.948194 -0.269231 -0.49362 -0.968542 -0.108708 0.22385 -0.280457 0.182986 0.298514 0.936699 0.413945 0.0141441 -0.101431 0.994742 0.399092 -0.997229 0.0712379 0.0214433 -0.493776 -0.0730384 -0.992289 -0.100142 0.442985 
1532344330024 0.281148 -0.14426 0.94876 0.287996 -0.928254 -0.291747 0.230711 -0.481944 0.243515 -0.945554 -0.215934 0.480326 0.0134041 -0.102825 0.994609 0.39936 -0.997077 0.0734563 0.0210314 -0.493786 -0.0752229 -0.991983 -0.10154 0.443242 
1532344330282 0.230727 0.100187 0.967847 0.200707 -0.928518 -0.274702 0.249787 -0.456687 0.290894 -0.956296 0.0296444 0.474028 0.0126619 -0.104216 0.994474 0.399629 -0.996919 0.0756752 0.0206234 -0.493796 -0.0774063 -0.991671 -0.102937 0.443499 
1532344330571 0.170905 0.342669 0.92378 0.10091 -0.930723 -0.251531 0.265493 -0.43146 0.323335 -0.905158 0.275942 0.466301 0.0119164 -0.105606 0.994337 0.399897 -0.996757 0.0778947 0.0202184 -0.493805 -0.0795887 -0.991353 -0.104335 0.443757 
1532344330874 0.105184 0.563812 0.819178 0.000776416 -0.934605 -0.225407 0.275145 -0.406126 0.339779 -0.794549 0.503232 0.457491 0.011168 -0.106994 0.994197 0.400166 -0.996589 0.0801141 0.0198166 -0.493815 -0.0817695 -0.991027 -0.105734 0.444014 
1532344331194 0.0375536 0.749606 0.660818 -0.09888 -0.939989 -0.197923 0.277934 -0.380845 0.339132 -0.6316 0.697188 0.44834 0.0104165 -0.10838 0.994055 0.400434 -0.996416 0.0823337 0.0194179 -0.493825 -0.0839487 -0.990694 -0.107134 0.444271 
1532344331458 -0.0276008 0.888131 0.458762 -0.198444 -0.946539 -0.170781 0.273673 -0.355487 0.321405 -0.426682 0.845364 0.439726 0.009662 -0.109764 0.993911 0.400702 -0.996237 0.0845532 0.0190224 -0.493835 -0.0861263 -0.990355 -0.108534 0.444528 
1532344331700 -0.0860443 0.970271 0.226208 -0.298192 -0.953804 -0.145822 0.262667 -0.330291 0.287844 -0.193157 0.937996 0.431436 0.00890442 -0.111146 0.993764 0.400971 -0.996054 0.0867728 0.0186299 -0.493845 -0.0883024 -0.990009 -0.109935 0.444785 
1532344331957 -0.134051 0.990734 -0.0218353 -0.397802 -0.961321 -0.124659 0.245605 -0.305176 0.240608 0.0539144 0.969124 0.423306 0.00814361 -0.112526 0.993615 0.401239 -0.995865 0.0889932 0.0182405 -0.493854 -0.0904775 -0.989656 -0.111336 0.445042 
1532344332222 -0.16865 0.948194 -0.269232 -0.493621 -0.968542 -0.108708 0.223852 -0.280459 0.182987 0.298515 0.936699 0.413942 0.00738247 -0.113899 0.993465 0.401499 -0.995671 0.0912112 0.0178561 -0.493858 -0.0926489 -0.989296 -0.112733 0.445282 
1532344332467 -0.16865 0.948194 -0.269232 -0.493621 -0.968542 -0.108708 0.223852 -0.280459 0.182987 0.298515 0.936699 0.413942 0.00739334 -0.11386 0.993469 0.401484 -0.995682 0.0911007 0.0178508 -0.493853 -0.0925383 -0.989311 -0.112695 0.44528 
1532344332480 0.281148 -0.144258 0.94876 0.288001 -0.928254 -0.291748 0.230711 -0.481934 0.243517 -0.945554 -0.215932 0.480317 0.00670771 -0.11607 0.993218 0.401799 -0.995662 0.0914059 0.0174062 -0.493885 -0.0928064 -0.989026 -0.114954 0.445649 
1532344332764 0.230729 0.100185 0.967847 0.200701 -0.928517 -0.274702 0.249789 -0.456689 0.290894 -0.956296 0.0296413 0.474033 0.00602158 -0.118279 0.992962 0.402113 -0.995641 0.0917117 0.0169623 -0.493916 -0.0930725 -0.988736 -0.117211 0.446017 
