1535159414581 0.274987 0.915477 -0.293741 -0.507778 -0.927023 0.333486 0.17151 -0.179564 0.254972 0.225142 0.940373 0.463832 0.220378 -0.0986666 0.970411 0.345186 -0.974688 0.0161053 0.222987 -0.493454 -0.0376302 -0.99499 -0.09262 0.435887 
1535159414587 0.268178 0.916095 -0.298077 -0.520609 -0.928861 0.327954 0.172229 -0.186194 0.255534 0.230684 0.938875 0.455439 0.21086 -0.0945107 0.972937 0.348663 -0.976364 0.027953 0.214319 -0.491866 -0.0474519 -0.995131 -0.0863827 0.435031 
1535159414594 0.261355 0.91665 -0.3024 -0.533444 -0.93066 0.322414 0.172976 -0.192826 0.256057 0.236224 0.937354 0.447045 0.201364 -0.0902367 0.975351 0.352139 -0.977837 0.0397593 0.205556 -0.490276 -0.057328 -0.995126 -0.0802307 0.434175 
1535159414600 0.254518 0.917142 -0.30671 -0.546278 -0.93242 0.316864 0.17375 -0.199458 0.256539 0.24176 0.93581 0.438652 0.191894 -0.085846 0.977654 0.355615 -0.979108 0.0515215 0.196704 -0.488686 -0.0672564 -0.994975 -0.0741659 0.433319 
1535159415505 0.247669 0.91757 -0.311007 -0.559114 -0.934142 0.311306 0.174551 -0.206091 0.256981 0.247294 0.934241 0.430258 0.182451 -0.0813396 0.979845 0.359092 -0.980177 0.0632372 0.187762 -0.487096 -0.0772352 -0.994678 -0.0681894 0.432463 
1535159415510 0.240808 0.917934 -0.31529 -0.571949 -0.935824 0.30574 0.175378 -0.212723 0.257382 0.252823 0.932649 0.421865 0.173038 -0.0767185 0.981923 0.362568 -0.981042 0.0749035 0.178735 -0.485506 -0.0872618 -0.994235 -0.0623029 0.431608 
1535159416295 0.233935 0.918235 -0.319559 -0.584783 -0.937466 0.300166 0.176231 -0.219355 0.257743 0.258349 0.931034 0.413471 0.163658 -0.0719839 0.983887 0.366044 -0.981704 0.0865177 0.169625 -0.483916 -0.0973339 -0.993646 -0.0565075 0.430752 
1535159416914 0.227051 0.918473 -0.323814 -0.597617 -0.93907 0.294585 0.177111 -0.225986 0.258062 0.263871 0.929396 0.405078 0.154312 -0.0671368 0.985739 0.36952 -0.982162 0.098077 0.160432 -0.482327 -0.107449 -0.992912 -0.0508048 0.429896 
1535159417219 0.220156 0.918647 -0.328054 -0.610453 -0.940633 0.288996 0.178017 -0.232619 0.258341 0.269387 0.927734 0.396684 0.145002 -0.0621785 0.987476 0.372996 -0.982417 0.109579 0.151159 -0.480737 -0.117605 -0.992031 -0.045196 0.42904 
1535159417225 0.213252 0.918756 -0.332281 -0.623277 -0.942157 0.283403 0.178948 -0.239246 0.258579 0.2749 0.926049 0.388292 0.135732 -0.0571099 0.989098 0.376473 -0.982468 0.12102 0.141809 -0.479147 -0.1278 -0.991006 -0.0396824 0.428184 
1535159418921 0.214106 0.918609 -0.332138 -0.623042 -0.942019 0.284118 0.178544 -0.239366 0.258379 0.274652 0.926178 0.388916 0.135451 -0.0570206 0.989142 0.376075 -0.982651 0.119923 0.141475 -0.479536 -0.126688 -0.991144 -0.0397877 0.428432 
1535159418935 0.21333 0.918632 -0.332574 -0.624346 -0.942183 0.283487 0.178679 -0.240016 0.258421 0.275228 0.925996 0.388015 0.134559 -0.0565137 0.989293 0.376462 -0.982627 0.121176 0.140575 -0.479338 -0.127823 -0.991021 -0.0392264 0.428322 
1535159418940 0.212553 0.918654 -0.33301 -0.625655 -0.942347 0.282855 0.178815 -0.240668 0.258463 0.275804 0.925813 0.387113 0.133666 -0.0560055 0.989443 0.37685 -0.9826 0.12243 0.139671 -0.47914 -0.12896 -0.990896 -0.0386663 0.428211 
1535159419208 0.211776 0.918675 -0.333446 -0.626963 -0.942511 0.282223 0.17895 -0.241319 0.258504 0.276379 0.92563 0.386211 0.132773 -0.0554962 0.989592 0.377237 -0.982571 0.123683 0.138767 -0.478942 -0.130097 -0.990769 -0.0381072 0.428101 
1535159419214 0.210999 0.918696 -0.333881 -0.628271 -0.942674 0.281591 0.179086 -0.241971 0.258544 0.276954 0.925447 0.385309 0.131881 -0.0549857 0.989739 0.377625 -0.98254 0.124935 0.137863 -0.478745 -0.131234 -0.99064 -0.0375491 0.42799 
1535159419377 0.210222 0.918716 -0.334317 -0.62958 -0.942837 0.280959 0.179222 -0.242623 0.258584 0.27753 0.925263 0.384407 0.130989 -0.0544741 0.989886 0.378012 -0.982507 0.126187 0.136957 -0.478547 -0.132371 -0.99051 -0.036992 0.42788 
1535159419481 0.209444 0.918735 -0.334752 -0.630887 -0.942999 0.280327 0.179359 -0.243275 0.258623 0.278105 0.925079 0.383505 0.130098 -0.0539613 0.990032 0.378399 -0.982471 0.127438 0.136051 -0.478349 -0.133509 -0.990378 -0.036436 0.42777 
1535159419787 0.208666 0.918754 -0.335187 -0.632196 -0.943161 0.279695 0.179496 -0.243927 0.258662 0.27868 0.924895 0.382603 0.129207 -0.0534474 0.990176 0.378787 -0.982434 0.128688 0.135143 -0.478151 -0.134647 -0.990244 -0.0358811 0.427659 
1535159419960 0.207889 0.918771 -0.335622 -0.633504 -0.943322 0.279062 0.179633 -0.244579 0.258701 0.279255 0.924711 0.381701 0.128317 -0.0529323 0.99032 0.379174 -0.982394 0.129938 0.134235 -0.477953 -0.135785 -0.990108 -0.0353271 0.427549 
1535159419978 0.207111 0.918788 -0.336056 -0.634813 -0.943483 0.27843 0.17977 -0.245231 0.258739 0.279831 0.924526 0.380799 0.127427 -0.0524161 0.990462 0.379562 -0.982351 0.131187 0.133326 -0.477755 -0.136924 -0.989971 -0.0347742 0.427438 
1535159420496 0.208956 0.918507 -0.335681 -0.633192 -0.943079 0.280082 0.179324 -0.244856 0.258728 0.279103 0.924749 0.382053 0.127594 -0.0525079 0.990436 0.379319 -0.982443 0.130348 0.133474 -0.477961 -0.13611 -0.990077 -0.0349544 0.427545 
1535159420619 0.20834 0.918289 -0.336659 -0.633442 -0.943085 0.279836 0.179671 -0.245031 0.259199 0.280066 0.924326 0.382022 0.130734 -0.0517916 0.990064 0.379436 -0.983361 0.120279 0.136141 -0.478427 -0.126135 -0.991388 -0.0352052 0.427689 
1535159420805 0.207725 0.91807 -0.337637 -0.633693 -0.943092 0.279591 0.180019 -0.245206 0.25967 0.281028 0.923902 0.38199 0.133867 -0.0510432 0.989684 0.379553 -0.984169 0.110199 0.138805 -0.478895 -0.116147 -0.992598 -0.0354832 0.427833 
1535159420970 0.207108 0.917849 -0.338613 -0.633944 -0.943098 0.279347 0.180367 -0.245381 0.26014 0.28199 0.923476 0.381959 0.136991 -0.0502628 0.989296 0.379671 -0.984868 0.100109 0.141464 -0.479365 -0.106148 -0.993706 -0.0357882 0.427978 
1535159421093 0.206491 0.917628 -0.339589 -0.634196 -0.943103 0.279102 0.180716 -0.245557 0.26061 0.282951 0.92305 0.381927 0.140106 -0.0494505 0.988901 0.379789 -0.985458 0.0900117 0.14412 -0.479835 -0.0961395 -0.994712 -0.0361202 0.428122 
1535159421100 0.205874 0.917405 -0.340564 -0.634448 -0.943109 0.278858 0.181065 -0.245733 0.261079 0.283912 0.922622 0.381896 0.143212 -0.0486063 0.988498 0.379907 -0.985938 0.079907 0.146771 -0.480305 -0.0861218 -0.995617 -0.0364791 0.428266 
1535159421337 0.205256 0.917181 -0.341539 -0.6347 -0.943114 0.278614 0.181414 -0.245908 0.261547 0.284874 0.922193 0.381865 0.146308 -0.0477303 0.988087 0.380025 -0.986308 0.0697964 0.149416 -0.480774 -0.0760966 -0.996419 -0.036865 0.428411 
1535159421450 0.204637 0.916957 -0.342512 -0.634951 -0.943118 0.27837 0.181764 -0.246083 0.262015 0.285834 0.921763 0.381833 0.149393 -0.0468227 0.987669 0.380143 -0.986568 0.059681 0.152056 -0.481243 -0.0660648 -0.997119 -0.0372779 0.428555 
1535159421456 0.204018 0.91673 -0.343486 -0.635203 -0.943123 0.278127 0.182113 -0.246259 0.262481 0.286795 0.921332 0.381802 0.152469 -0.0458835 0.987243 0.380261 -0.986719 0.0495619 0.154691 -0.481714 -0.0560274 -0.997717 -0.0377175 0.428699 
1535159421642 0.203398 0.916503 -0.344458 -0.635455 -0.943127 0.277883 0.182464 -0.246435 0.262948 0.287755 0.920899 0.38177 0.155533 -0.0449129 0.986809 0.380379 -0.98676 0.0394403 0.15732 -0.482183 -0.0459857 -0.998212 -0.038184 0.428844 
1535159422272 0.204076 0.916651 -0.343663 -0.635233 -0.943066 0.278264 0.182195 -0.24635 0.262639 0.286915 0.92125 0.381842 0.151977 -0.0465346 0.987288 0.380198 -0.986719 0.0508053 0.154284 -0.481538 -0.0573391 -0.997624 -0.0381953 0.428613 
1535159422393 0.203306 0.916674 -0.344058 -0.635363 -0.943146 0.277718 0.182614 -0.246506 0.262948 0.28737 0.921019 0.381856 0.152621 -0.0466628 0.987183 0.380136 -0.986755 0.0483656 0.154841 -0.481682 -0.054971 -0.997739 -0.0386631 0.428721 
1535159422415 0.202535 0.916697 -0.344451 -0.635498 -0.943226 0.277171 0.183033 -0.246665 0.263258 0.287824 0.920789 0.381869 0.153267 -0.0467883 0.987077 0.380076 -0.986784 0.0459255 0.155398 -0.48183 -0.0526028 -0.997849 -0.0391311 0.428829 
1535159422613 0.201763 0.916719 -0.344844 -0.635634 -0.943305 0.276624 0.183452 -0.246825 0.263566 0.288279 0.920559 0.381882 0.153911 -0.0469122 0.98697 0.380015 -0.986807 0.0434851 0.155953 -0.481979 -0.0502346 -0.997952 -0.0396005 0.428938 
1535159422648 0.200992 0.916741 -0.345236 -0.63577 -0.943383 0.276078 0.183872 -0.246984 0.263875 0.288733 0.920328 0.381895 0.154557 -0.0470345 0.986864 0.379955 -0.986824 0.0410442 0.156507 -0.482127 -0.0478663 -0.99805 -0.0400711 0.429046 
1535159422655 0.20022 0.916762 -0.345628 -0.635904 -0.943461 0.275531 0.184292 -0.247142 0.264183 0.289188 0.920097 0.381908 0.155203 -0.0471553 0.986757 0.379894 -0.986834 0.0386032 0.15706 -0.482274 -0.0454981 -0.998141 -0.0405432 0.429154 
1535159422793 0.199448 0.916783 -0.34602 -0.63604 -0.943539 0.274985 0.184712 -0.247301 0.26449 0.289642 0.919865 0.381921 0.155849 -0.0472744 0.986649 0.379833 -0.986839 0.0361617 0.157612 -0.482422 -0.0431299 -0.998227 -0.0410164 0.429263 
1535159422808 0.198676 0.916803 -0.346411 -0.636174 -0.943615 0.274438 0.185132 -0.24746 0.264798 0.290097 0.919633 0.381934 0.156495 -0.0473919 0.986541 0.379772 -0.986837 0.03372 0.158162 -0.482569 -0.0407618 -0.998307 -0.0414911 0.429371 
1535159422913 0.197904 0.916822 -0.346802 -0.63631 -0.943691 0.273892 0.185552 -0.247619 0.265104 0.290552 0.919401 0.381947 0.157142 -0.0475078 0.986433 0.379712 -0.986829 0.031278 0.158712 -0.482717 -0.0383937 -0.998381 -0.041967 0.429479 
1535159423118 0.197132 0.916841 -0.347192 -0.636445 -0.943767 0.273346 0.185973 -0.247778 0.265411 0.291007 0.919169 0.38196 0.157788 -0.0476221 0.986324 0.379651 -0.986816 0.0288359 0.159259 -0.482864 -0.0360258 -0.998449 -0.0424443 0.429588 
1535159423463 0.197635 0.91689 -0.346774 -0.636319 -0.943743 0.273641 0.18566 -0.247621 0.265121 0.290573 0.91939 0.381992 0.157292 -0.0475751 0.986405 0.379691 -0.986839 0.0303827 0.158827 -0.482811 -0.0375259 -0.998405 -0.04217 0.429537 
1535159423475 0.197273 0.917123 -0.346366 -0.636351 -0.943855 0.273182 0.185769 -0.247714 0.264994 0.290272 0.919522 0.38194 0.157583 -0.0482452 0.986327 0.37964 -0.986869 0.0281818 0.159048 -0.482933 -0.0354698 -0.998438 -0.0431707 0.429696 
1535159423482 0.19691 0.917355 -0.345956 -0.636388 -0.943966 0.272721 0.18588 -0.247809 0.264867 0.28997 0.919654 0.381887 0.157875 -0.048914 0.986247 0.37959 -0.986894 0.0259807 0.159267 -0.483058 -0.0334138 -0.998465 -0.0441712 0.429854 
1535159423497 0.196547 0.917588 -0.345546 -0.636425 -0.944077 0.272261 0.185989 -0.247905 0.26474 0.289667 0.919786 0.381834 0.158169 -0.049582 0.986166 0.37954 -0.986914 0.0237794 0.159485 -0.483182 -0.031358 -0.998487 -0.045172 0.430013 
1535159423619 0.196183 0.91782 -0.345136 -0.636462 -0.944188 0.2718 0.186099 -0.248 0.264614 0.289364 0.919917 0.381781 0.158465 -0.0502494 0.986085 0.37949 -0.98693 0.0215778 0.1597 -0.483307 -0.0293024 -0.998504 -0.0461733 0.430172 
1535159423712 0.19582 0.918051 -0.344726 -0.636499 -0.944299 0.27134 0.186209 -0.248096 0.264487 0.289061 0.920049 0.381728 0.158762 -0.050916 0.986003 0.37944 -0.986941 0.0193758 0.159914 -0.483431 -0.0272468 -0.998515 -0.0471749 0.43033 
1535159423791 0.195457 0.918283 -0.344316 -0.636535 -0.94441 0.270879 0.186318 -0.248191 0.264361 0.288758 0.92018 0.381675 0.15906 -0.051582 0.98592 0.37939 -0.986947 0.0171739 0.160124 -0.483555 -0.0251916 -0.998521 -0.0481771 0.430489 
1535159423904 0.195093 0.918514 -0.343906 -0.636573 -0.94452 0.270418 0.186427 -0.248287 0.264234 0.288455 0.920312 0.381622 0.15936 -0.0522472 0.985837 0.37934 -0.986949 0.0149715 0.160333 -0.48368 -0.0231364 -0.998522 -0.0491795 0.430648 
1535159423910 0.19473 0.918744 -0.343495 -0.636609 -0.944631 0.269958 0.186536 -0.248382 0.264108 0.288152 0.920443 0.381569 0.159661 -0.0529118 0.985753 0.37929 -0.986947 0.012769 0.16054 -0.483804 -0.0210815 -0.998518 -0.0501824 0.430807 
1535159423954 0.194366 0.918975 -0.343085 -0.636647 -0.944741 0.269497 0.186645 -0.248477 0.263982 0.287849 0.920574 0.381516 0.159963 -0.0535757 0.985668 0.37924 -0.98694 0.0105663 0.160744 -0.483929 -0.0190268 -0.998508 -0.0511857 0.430965 
1535159424254 0.194881 0.918718 -0.343479 -0.636573 -0.944616 0.270077 0.186438 -0.248409 0.26405 0.288122 0.920469 0.381668 0.159679 -0.0529579 0.985747 0.379334 -0.986944 0.0127708 0.160559 -0.483804 -0.0210917 -0.998515 -0.0502272 0.430812 
1535159424273 0.195458 0.918807 -0.342913 -0.636534 -0.94465 0.270333 0.185892 -0.248354 0.263499 0.287599 0.92079 0.38159 0.160045 -0.0531652 0.985677 0.379355 -0.986879 0.0129599 0.160939 -0.483906 -0.0213307 -0.998502 -0.0503934 0.430818 
1535159424294 0.196035 0.918895 -0.342348 -0.636492 -0.944685 0.27059 0.185344 -0.248297 0.262948 0.287077 0.921111 0.381513 0.160413 -0.0533737 0.985606 0.379378 -0.986814 0.0131491 0.161321 -0.484012 -0.0215702 -0.998488 -0.0505606 0.430824 
1535159424336 0.196612 0.918982 -0.341783 -0.636451 -0.944718 0.270847 0.184797 -0.248241 0.262395 0.286555 0.921431 0.381436 0.16078 -0.0535822 0.985535 0.3794 -0.986749 0.0133383 0.161703 -0.484117 -0.0218098 -0.998474 -0.0507277 0.43083 
1535159424412 0.197188 0.919069 -0.341216 -0.63641 -0.944751 0.271103 0.18425 -0.248184 0.261843 0.286033 0.92175 0.381359 0.161147 -0.0537909 0.985463 0.379422 -0.986684 0.0135274 0.162085 -0.484222 -0.0220495 -0.998461 -0.0508947 0.430836 
1535159424470 0.197765 0.919155 -0.34065 -0.636368 -0.944784 0.271361 0.183702 -0.248128 0.26129 0.285511 0.922069 0.381282 0.161515 -0.0539996 0.985392 0.379445 -0.986619 0.0137164 0.162467 -0.484328 -0.0222892 -0.998447 -0.0510616 0.430842 
1535159424597 0.19834 0.919241 -0.340083 -0.636327 -0.944816 0.271619 0.183155 -0.248072 0.260737 0.284989 0.922387 0.381205 0.161882 -0.0542084 0.98532 0.379467 -0.986553 0.0139054 0.162849 -0.484433 -0.022529 -0.998433 -0.0512284 0.430848 
1535159424661 0.198916 0.919326 -0.339516 -0.636285 -0.944848 0.271877 0.182608 -0.248015 0.260183 0.284468 0.922704 0.381128 0.162249 -0.0544172 0.985248 0.37949 -0.986487 0.0140942 0.163231 -0.48454 -0.0227688 -0.998419 -0.0513951 0.430855 
1535159424752 0.199491 0.919411 -0.338949 -0.636244 -0.944879 0.272135 0.182061 -0.247959 0.259629 0.283946 0.923021 0.381051 0.162616 -0.0546261 0.985176 0.379512 -0.986421 0.0142829 0.163613 -0.484645 -0.0230088 -0.998405 -0.0515617 0.430861 
1535159424760 0.200066 0.919495 -0.338381 -0.636203 -0.94491 0.272394 0.181514 -0.247902 0.259074 0.283425 0.923337 0.380973 0.162983 -0.0548351 0.985104 0.379534 -0.986355 0.0144716 0.163995 -0.484751 -0.0232488 -0.998391 -0.0517283 0.430867 
1535159425052 0.199464 0.91939 -0.339022 -0.636232 -0.944798 0.272219 0.182354 -0.248085 0.259943 0.283934 0.922936 0.381181 0.162601 -0.0546322 0.985178 0.379531 -0.986423 0.0143024 0.163599 -0.484574 -0.0230282 -0.998404 -0.0515649 0.430798 
1535159425065 0.200119 0.91934 -0.338773 -0.636048 -0.944739 0.272695 0.181948 -0.247962 0.259653 0.283641 0.923108 0.381215 0.163078 -0.055612 0.985045 0.379593 -0.986333 0.0146002 0.164116 -0.484745 -0.0235087 -0.998346 -0.052471 0.430883 
1535159425081 0.200773 0.919289 -0.338523 -0.635859 -0.94468 0.273171 0.181542 -0.247838 0.259364 0.283347 0.923279 0.381251 0.163557 -0.0565914 0.984909 0.379656 -0.986242 0.014896 0.164634 -0.484917 -0.0239881 -0.998286 -0.0533765 0.430969 
1535159425088 0.201428 0.919237 -0.338274 -0.63567 -0.94462 0.273647 0.181137 -0.247713 0.259075 0.283054 0.92345 0.381286 0.164035 -0.057571 0.984773 0.379718 -0.986151 0.0151914 0.165152 -0.485089 -0.024468 -0.998226 -0.0542818 0.431054 
1535159425303 0.202083 0.919186 -0.338024 -0.63548 -0.944559 0.274124 0.180731 -0.247588 0.258786 0.282761 0.923621 0.381321 0.164513 -0.0585506 0.984636 0.379781 -0.986059 0.0154861 0.165671 -0.485262 -0.0249483 -0.998164 -0.0551867 0.43114 
1535159425325 0.202737 0.919133 -0.337774 -0.635291 -0.944498 0.2746 0.180326 -0.247463 0.258496 0.282468 0.923792 0.381357 0.16499 -0.0595303 0.984497 0.379844 -0.985967 0.0157803 0.16619 -0.485434 -0.0254291 -0.998102 -0.0560913 0.431225 
1535159425331 0.203392 0.919081 -0.337524 -0.635101 -0.944437 0.275077 0.17992 -0.247338 0.258206 0.282176 0.923962 0.381392 0.165466 -0.0605101 0.984357 0.379906 -0.985875 0.0160742 0.166709 -0.485607 -0.0259103 -0.998038 -0.0569957 0.43131 
1535159425462 0.204046 0.919028 -0.337273 -0.634912 -0.944375 0.275554 0.179515 -0.247213 0.257916 0.281883 0.924133 0.381427 0.165942 -0.06149 0.984217 0.379969 -0.985782 0.0163674 0.167228 -0.485779 -0.0263919 -0.997973 -0.0578997 0.431396 
1535159425468 0.2047 0.918975 -0.337022 -0.634724 -0.944313 0.27603 0.17911 -0.247088 0.257626 0.28159 0.924303 0.381462 0.166417 -0.06247 0.984075 0.380031 -0.985689 0.0166601 0.167748 -0.485951 -0.026874 -0.997908 -0.0588034 0.431481 
1535159425594 0.205354 0.918921 -0.336771 -0.634534 -0.94425 0.276507 0.178705 -0.246963 0.257335 0.281298 0.924473 0.381498 0.166891 -0.06345 0.983932 0.380094 -0.985596 0.0169523 0.168267 -0.486124 -0.0273565 -0.997841 -0.0597069 0.431567 
1535159425969 0.204847 0.918918 -0.337087 -0.634678 -0.944217 0.276251 0.179277 -0.247082 0.257861 0.281558 0.924247 0.38147 0.166554 -0.0626965 0.984037 0.380071 -0.985659 0.0168908 0.167904 -0.485986 -0.0271482 -0.99789 -0.0589842 0.431462 
1535159425984 0.205042 0.91883 -0.337208 -0.634316 -0.94409 0.276549 0.179485 -0.24698 0.258171 0.281553 0.924162 0.381632 0.167405 -0.062832 0.983884 0.380123 -0.985571 0.014648 0.168627 -0.486171 -0.0250071 -0.997917 -0.0594733 0.431484 
1535159425998 0.205237 0.918741 -0.337331 -0.633949 -0.943963 0.276848 0.179692 -0.246875 0.25848 0.281549 0.924077 0.381794 0.168259 -0.0629657 0.98373 0.380175 -0.985478 0.0124041 0.169351 -0.486358 -0.0228656 -0.997939 -0.0599642 0.431506 
1535159426185 0.205432 0.918652 -0.337454 -0.633581 -0.943836 0.277147 0.179898 -0.24677 0.258788 0.281544 0.923992 0.381957 0.169113 -0.0630975 0.983575 0.380228 -0.985379 0.0101598 0.170075 -0.486545 -0.0207243 -0.997956 -0.0604568 0.431529 
1535159426259 0.205627 0.918563 -0.337577 -0.633213 -0.943709 0.277446 0.180105 -0.246665 0.259097 0.28154 0.923907 0.38212 0.169967 -0.0632273 0.983419 0.38028 -0.985275 0.0079156 0.170796 -0.486731 -0.0185834 -0.997968 -0.0609509 0.431551 
1535159426436 0.205822 0.918475 -0.3377 -0.632847 -0.943581 0.277745 0.180312 -0.24656 0.259406 0.281536 0.923821 0.382283 0.170821 -0.0633552 0.983263 0.380333 -0.985165 0.00567124 0.171517 -0.486918 -0.0164428 -0.997975 -0.0614466 0.431573 
1535159426488 0.206018 0.918385 -0.337824 -0.632479 -0.943454 0.278044 0.180518 -0.246455 0.259715 0.281531 0.923736 0.382445 0.171675 -0.0634812 0.983106 0.380385 -0.98505 0.00342673 0.172236 -0.487105 -0.0143026 -0.997977 -0.0619438 0.431596 
1535159426694 0.206212 0.918296 -0.337947 -0.632113 -0.943326 0.278342 0.180725 -0.246351 0.260024 0.281526 0.923651 0.382608 0.172529 -0.0636052 0.982949 0.380437 -0.984929 0.00118214 0.172953 -0.487291 -0.0121627 -0.997974 -0.0624426 0.431618 
1535159426702 0.206407 0.918207 -0.33807 -0.631744 -0.943198 0.278641 0.180931 -0.246246 0.260333 0.281522 0.923565 0.382771 0.173383 -0.0637272 0.98279 0.38049 -0.984803 -0.00106252 0.17367 -0.487478 -0.0100233 -0.997967 -0.062943 0.43164 
1535159426755 0.206602 0.918118 -0.338194 -0.631378 -0.94307 0.27894 0.181138 -0.246141 0.260642 0.281517 0.923479 0.382933 0.174238 -0.0638473 0.982631 0.380542 -0.984672 -0.00330735 0.174385 -0.487664 -0.00788413 -0.997954 -0.0634449 0.431663 
1535159427209 0.206168 0.91825 -0.3381 -0.631606 -0.943256 0.278417 0.180973 -0.246118 0.260311 0.281605 0.923546 0.382742 0.173734 -0.0637816 0.982725 0.380481 -0.98475 -0.00199331 0.173963 -0.487532 -0.00913677 -0.997962 -0.0631553 0.43164 
1535159427219 0.206185 0.918206 -0.338209 -0.631145 -0.943135 0.278581 0.181352 -0.245966 0.260737 0.281585 0.923432 0.382912 0.173484 -0.0642441 0.982739 0.380527 -0.984789 -0.00144507 0.173751 -0.4876 -0.00974234 -0.997933 -0.0635175 0.431639 
1535159427225 0.206202 0.918162 -0.338318 -0.63068 -0.943014 0.278746 0.181731 -0.245813 0.261163 0.281565 0.923317 0.383083 0.173232 -0.0647061 0.982753 0.380572 -0.984827 -0.000896277 0.173538 -0.487669 -0.0103482 -0.997904 -0.0638796 0.431637 
1535159427392 0.20622 0.918118 -0.338427 -0.630216 -0.942892 0.278911 0.182109 -0.245659 0.261589 0.281545 0.923203 0.383254 0.17298 -0.0651681 0.982767 0.380618 -0.984864 -0.000347333 0.173326 -0.487737 -0.010954 -0.997874 -0.0642418 0.431636 
1535159427508 0.206237 0.918074 -0.338536 -0.62975 -0.942769 0.279077 0.182488 -0.245505 0.262015 0.281526 0.923088 0.383426 0.172728 -0.0656297 0.982781 0.380663 -0.984902 0.000201598 0.173114 -0.487805 -0.0115595 -0.997844 -0.064604 0.431635 
1535159427549 0.206254 0.91803 -0.338645 -0.629286 -0.942647 0.279242 0.182867 -0.245352 0.262441 0.281506 0.922973 0.383597 0.172475 -0.0660914 0.982794 0.380709 -0.984939 0.000750755 0.172902 -0.487874 -0.0121651 -0.997813 -0.0649665 0.431634 
1535159427717 0.206272 0.917985 -0.338755 -0.628821 -0.942525 0.279407 0.183245 -0.245198 0.262867 0.281486 0.922858 0.383768 0.172222 -0.0665528 0.982807 0.380755 -0.984975 0.0012999 0.17269 -0.487942 -0.0127705 -0.997782 -0.065329 0.431632 
1535159427759 0.206289 0.917941 -0.338864 -0.628356 -0.942402 0.279572 0.183624 -0.245045 0.263293 0.281466 0.922742 0.383939 0.171969 -0.067014 0.98282 0.3808 -0.985012 0.00184917 0.172478 -0.48801 -0.0133759 -0.99775 -0.0656916 0.431631 
1535159427771 0.206306 0.917897 -0.338973 -0.62789 -0.942279 0.279737 0.184002 -0.244891 0.263719 0.281447 0.922627 0.38411 0.171715 -0.0674751 0.982833 0.380846 -0.985047 0.00239854 0.172267 -0.488078 -0.0139811 -0.997718 -0.0660543 0.43163 
1535159427933 0.206323 0.917853 -0.339082 -0.627426 -0.942156 0.279902 0.184381 -0.244737 0.264144 0.281426 0.922511 0.384281 0.171461 -0.0679362 0.982846 0.380891 -0.985083 0.0029481 0.172055 -0.488147 -0.0145863 -0.997685 -0.0664173 0.431628 
1535159428221 0.206265 0.917948 -0.338861 -0.628115 -0.942365 0.279594 0.18378 -0.244968 0.263444 0.281424 0.922712 0.384107 0.171944 -0.067185 0.982813 0.380761 -0.985012 0.00213095 0.172475 -0.488028 -0.013682 -0.997738 -0.0658116 0.431616 
1535159428339 0.206202 0.917933 -0.33894 -0.627722 -0.94234 0.279593 0.183911 -0.244822 0.263583 0.281474 0.922657 0.384237 0.172321 -0.0670581 0.982756 0.380836 -0.984963 0.000847084 0.172765 -0.488183 -0.0124178 -0.997749 -0.0659038 0.431564 
1535159428345 0.20614 0.917917 -0.339019 -0.627324 -0.942315 0.279591 0.18404 -0.244674 0.263721 0.281525 0.922602 0.384368 0.172697 -0.066931 0.982698 0.380911 -0.984912 -0.000438085 0.173056 -0.488339 -0.0111523 -0.997758 -0.0659968 0.431512 
1535159428403 0.206077 0.917902 -0.339099 -0.626927 -0.94229 0.27959 0.18417 -0.244527 0.263859 0.281576 0.922547 0.384499 0.173073 -0.0668034 0.982641 0.380986 -0.984859 -0.00172321 0.173347 -0.488495 -0.00988684 -0.997765 -0.0660902 0.43146 
1535159428547 0.206015 0.917887 -0.339178 -0.626529 -0.942265 0.279589 0.1843 -0.244378 0.263997 0.281627 0.922492 0.384631 0.173449 -0.0666752 0.982583 0.381061 -0.984805 -0.0030083 0.173637 -0.488651 -0.00862139 -0.99777 -0.0661839 0.431408 
1535159428614 0.205952 0.917871 -0.339257 -0.626131 -0.94224 0.279588 0.18443 -0.24423 0.264135 0.281678 0.922437 0.384762 0.173824 -0.0665467 0.982526 0.381137 -0.984749 -0.00429329 0.173927 -0.488807 -0.00735599 -0.997774 -0.0662781 0.431355 
1535159428772 0.205889 0.917856 -0.339337 -0.625734 -0.942215 0.279586 0.18456 -0.244083 0.264273 0.281729 0.922382 0.384893 0.1742 -0.0664176 0.982468 0.381212 -0.984691 -0.00557833 0.174217 -0.488962 -0.00609056 -0.997776 -0.0663725 0.431303 
1535159428857 0.205827 0.917841 -0.339416 -0.625335 -0.94219 0.279585 0.18469 -0.243934 0.264412 0.281781 0.922327 0.385024 0.174575 -0.066288 0.98241 0.381287 -0.984632 -0.00686324 0.174507 -0.489119 -0.00482521 -0.997777 -0.0664674 0.431251 
1535159428980 0.205764 0.917826 -0.339496 -0.624938 -0.942165 0.279584 0.18482 -0.243786 0.26455 0.281832 0.922271 0.385155 0.17495 -0.0661579 0.982352 0.381362 -0.984571 -0.00814812 0.174797 -0.489274 -0.00355987 -0.997776 -0.0665627 0.431199 
1535159429127 0.205701 0.91781 -0.339575 -0.624541 -0.94214 0.279583 0.18495 -0.243639 0.264688 0.281883 0.922216 0.385286 0.175326 -0.0660274 0.982294 0.381437 -0.984508 -0.00943302 0.175087 -0.48943 -0.00229452 -0.997773 -0.0666583 0.431147 
1535159429431 0.205361 0.91791 -0.339511 -0.624813 -0.94225 0.279213 0.184944 -0.243551 0.264558 0.281924 0.922241 0.385141 0.17497 -0.0660525 0.982356 0.38138 -0.984568 -0.00832531 0.174804 -0.489332 -0.00336784 -0.997781 -0.0664899 0.431202 
1535159429445 0.205344 0.9179 -0.339548 -0.624457 -0.942135 0.279331 0.185353 -0.243444 0.264981 0.281839 0.922145 0.385256 0.17511 -0.0651894 0.982388 0.381406 -0.984547 -0.00948698 0.174866 -0.48941 -0.00207948 -0.997828 -0.0658433 0.431073 
1535159429460 0.205327 0.91789 -0.339586 -0.624095 -0.94202 0.279449 0.185761 -0.243335 0.265405 0.281755 0.922049 0.385371 0.17525 -0.0643256 0.98242 0.381433 -0.984524 -0.0106483 0.174928 -0.489488 -0.000791227 -0.997872 -0.0651961 0.430943 
1535159429466 0.20531 0.91788 -0.339623 -0.623732 -0.941904 0.279568 0.186169 -0.243225 0.265829 0.28167 0.921953 0.385487 0.175388 -0.0634615 0.982452 0.38146 -0.984499 -0.0118095 0.17499 -0.489567 0.000497144 -0.997914 -0.0645491 0.430814 
1535159429703 0.205292 0.91787 -0.339661 -0.623372 -0.941788 0.279686 0.186578 -0.243116 0.266253 0.281586 0.921856 0.385603 0.175525 -0.0625972 0.982483 0.381486 -0.984473 -0.0129708 0.175054 -0.489646 0.00178563 -0.997955 -0.063902 0.430684 
1535159429709 0.205275 0.91786 -0.339699 -0.62301 -0.941672 0.279804 0.186986 -0.243006 0.266676 0.281501 0.92176 0.385719 0.175661 -0.0617328 0.982513 0.381513 -0.984446 -0.0141319 0.175119 -0.489724 0.0030742 -0.997993 -0.063255 0.430555 
1535159429887 0.205258 0.91785 -0.339737 -0.622647 -0.941555 0.279923 0.187394 -0.242896 0.2671 0.281417 0.921663 0.385834 0.175796 -0.0608681 0.982543 0.381539 -0.984417 -0.0152929 0.175184 -0.489803 0.00436283 -0.998029 -0.0626081 0.430426 
1535159429898 0.205241 0.91784 -0.339774 -0.622286 -0.941439 0.280041 0.187803 -0.242787 0.267523 0.281332 0.921566 0.38595 0.17593 -0.0600033 0.982572 0.381566 -0.984386 -0.0164539 0.17525 -0.489882 0.00565154 -0.998063 -0.0619612 0.430296 
1535159429966 0.205224 0.91783 -0.339812 -0.621925 -0.941322 0.280159 0.188211 -0.242678 0.267947 0.281247 0.921469 0.386066 0.176063 -0.0591383 0.982601 0.381593 -0.984354 -0.0176148 0.175317 -0.48996 0.00694037 -0.998094 -0.0613143 0.430167 
1535159430190 0.205207 0.917819 -0.33985 -0.621563 -0.941205 0.280277 0.188619 -0.242568 0.26837 0.281162 0.921371 0.386182 0.176194 -0.058273 0.982629 0.381619 -0.984321 -0.0187756 0.175384 -0.490039 0.00822923 -0.998124 -0.0606675 0.430037 
1535159430478 0.204817 0.917948 -0.339737 -0.621871 -0.941421 0.279752 0.188321 -0.242448 0.267911 0.281264 0.921474 0.386035 0.176193 -0.0587506 0.982601 0.381639 -0.984327 -0.0181916 0.175414 -0.489918 0.00756935 -0.998107 -0.061035 0.430245 
1535159430491 0.204872 0.917814 -0.340066 -0.621551 -0.941361 0.279922 0.188369 -0.24234 0.268079 0.281533 0.921343 0.386167 0.176459 -0.058361 0.982576 0.38165 -0.984273 -0.0188905 0.175642 -0.490009 0.0083107 -0.998117 -0.0607765 0.430194 
1535159430498 0.204928 0.917679 -0.340396 -0.621226 -0.941301 0.280092 0.188415 -0.24223 0.268247 0.281804 0.921211 0.386301 0.176726 -0.0579723 0.982551 0.381661 -0.984219 -0.0195896 0.17587 -0.4901 0.00905221 -0.998126 -0.0605194 0.430143 
1535159430508 0.204985 0.917544 -0.340727 -0.620902 -0.941241 0.280263 0.188461 -0.242119 0.268414 0.282074 0.92108 0.386434 0.176992 -0.0575835 0.982526 0.381672 -0.984164 -0.0202886 0.176098 -0.490192 0.00979377 -0.998135 -0.0602625 0.430092 
1535159430695 0.205041 0.917409 -0.341057 -0.620578 -0.941181 0.280434 0.188507 -0.242009 0.268582 0.282345 0.920948 0.386567 0.177258 -0.0571945 0.982501 0.381683 -0.984108 -0.0209875 0.176326 -0.490283 0.0105354 -0.998142 -0.0600057 0.430041 
1535159430720 0.205097 0.917273 -0.341387 -0.620255 -0.941121 0.280604 0.188553 -0.241899 0.268749 0.282615 0.920816 0.3867 0.177523 -0.0568052 0.982476 0.381694 -0.984052 -0.0216863 0.176554 -0.490375 0.0112771 -0.99815 -0.0597491 0.429989 
1535159430804 0.205153 0.917138 -0.341718 -0.61993 -0.941061 0.280775 0.188599 -0.241789 0.268917 0.282885 0.920684 0.386833 0.177789 -0.0564158 0.98245 0.381705 -0.983995 -0.022385 0.176783 -0.490466 0.0120188 -0.998156 -0.0594927 0.429938 
1535159431006 0.205209 0.917002 -0.342048 -0.619606 -0.941001 0.280945 0.188645 -0.241679 0.269085 0.283156 0.920552 0.386967 0.178054 -0.0560262 0.982424 0.381716 -0.983938 -0.0230837 0.177012 -0.490558 0.0127607 -0.998162 -0.0592364 0.429887 
1535159431019 0.205265 0.916866 -0.342378 -0.619283 -0.940941 0.281116 0.188691 -0.241569 0.269252 0.283426 0.92042 0.3871 0.178319 -0.0556364 0.982399 0.381727 -0.98388 -0.0237822 0.177241 -0.490649 0.0135025 -0.998168 -0.0589803 0.429836 
1535159431203 0.205321 0.91673 -0.342708 -0.618957 -0.940881 0.281286 0.188737 -0.241458 0.26942 0.283696 0.920288 0.387233 0.178583 -0.0552464 0.982373 0.381739 -0.983822 -0.0244805 0.17747 -0.490741 0.0142444 -0.998173 -0.0587244 0.429785 
1535159431487 0.205163 0.916818 -0.342567 -0.619185 -0.94092 0.281105 0.188812 -0.241482 0.269403 0.283591 0.920325 0.387141 0.178308 -0.0557778 0.982393 0.381722 -0.983884 -0.0236743 0.177234 -0.490679 0.0133717 -0.998162 -0.0591002 0.429754 
1535159431500 0.205233 0.916766 -0.342666 -0.618962 -0.940883 0.281214 0.188833 -0.241386 0.269478 0.283654 0.920284 0.387241 0.178644 -0.0554368 0.982351 0.381725 -0.983831 -0.0229832 0.177616 -0.4908 0.0127312 -0.998198 -0.0586463 0.429715 
1535159431507 0.205305 0.916712 -0.342767 -0.618734 -0.940846 0.281324 0.188854 -0.241287 0.269553 0.283718 0.920242 0.387343 0.178992 -0.0550877 0.982307 0.381731 -0.983776 -0.0223138 0.178008 -0.49092 0.0121129 -0.998232 -0.058188 0.42968 
1535159431514 0.205376 0.916659 -0.342867 -0.618505 -0.940809 0.281433 0.188874 -0.241187 0.269627 0.283782 0.9202 0.387444 0.179342 -0.0547389 0.982263 0.381738 -0.98372 -0.0216443 0.178401 -0.491041 0.0114949 -0.998266 -0.0577295 0.429646 
1535159431520 0.205447 0.916605 -0.342967 -0.618278 -0.940772 0.281543 0.188895 -0.241089 0.269702 0.283846 0.920159 0.387545 0.17969 -0.0543904 0.982219 0.381743 -0.983663 -0.0209745 0.178792 -0.49116 0.0108769 -0.998299 -0.0572707 0.429611 
1535159431741 0.205519 0.916552 -0.343067 -0.61805 -0.940735 0.281653 0.188916 -0.24099 0.269777 0.283909 0.920117 0.387647 0.180039 -0.054042 0.982174 0.38175 -0.983606 -0.0203047 0.179184 -0.491281 0.0102592 -0.998332 -0.0568117 0.429576 
1535159431760 0.20559 0.916498 -0.343167 -0.617823 -0.940698 0.281763 0.188936 -0.240892 0.269851 0.283973 0.920076 0.387748 0.180388 -0.053694 0.982129 0.381755 -0.983548 -0.0196346 0.179575 -0.4914 0.00964157 -0.998364 -0.0563525 0.429541 
1535159431767 0.205662 0.916445 -0.343267 -0.617594 -0.940661 0.281872 0.188957 -0.240793 0.269926 0.284037 0.920034 0.387849 0.180738 -0.0533461 0.982084 0.381762 -0.98349 -0.0189645 0.179966 -0.491521 0.00902419 -0.998396 -0.0558929 0.429506 
1535159431952 0.205733 0.916391 -0.343367 -0.617367 -0.940624 0.281982 0.188978 -0.240694 0.270001 0.284101 0.919993 0.387951 0.181087 -0.0529984 0.982038 0.381768 -0.983431 -0.0182941 0.180357 -0.49164 0.00840689 -0.998427 -0.0554331 0.429472 
1535159431992 0.205804 0.916338 -0.343467 -0.617138 -0.940587 0.282092 0.188998 -0.240595 0.270075 0.284164 0.919951 0.388052 0.181437 -0.052651 0.981992 0.381774 -0.983372 -0.0176236 0.180747 -0.491761 0.00778977 -0.998457 -0.0549731 0.429437 
1535159432267 0.20548 0.916524 -0.343166 -0.61739 -0.94068 0.281704 0.189115 -0.240542 0.27 0.28395 0.920039 0.388021 0.180872 -0.0532841 0.982062 0.381768 -0.983468 -0.0186838 0.180117 -0.491584 0.00875127 -0.998405 -0.0557826 0.429468 
1535159432276 0.205575 0.91646 -0.343279 -0.617229 -0.940651 0.281825 0.189079 -0.240476 0.270028 0.284036 0.920005 0.388081 0.180499 -0.053042 0.982144 0.381742 -0.983554 -0.0163131 0.179877 -0.491629 0.00648082 -0.998459 -0.0551141 0.429394 
1535159432283 0.205671 0.916396 -0.343392 -0.617065 -0.940621 0.281946 0.189044 -0.240408 0.270057 0.284121 0.91997 0.38814 0.180128 -0.0527987 0.982225 0.381717 -0.983634 -0.0139433 0.179637 -0.491673 0.00421088 -0.998508 -0.0544462 0.42932 
1535159432298 0.205767 0.916332 -0.343506 -0.616899 -0.940592 0.282068 0.189008 -0.240339 0.270086 0.284208 0.919935 0.388201 0.179756 -0.0525547 0.982306 0.38169 -0.983709 -0.0115732 0.179393 -0.491716 0.00194052 -0.998551 -0.0537789 0.429246 
1535159432392 0.205863 0.916267 -0.343619 -0.616736 -0.940563 0.28219 0.188972 -0.240271 0.270115 0.284293 0.9199 0.388261 0.179385 -0.0523097 0.982387 0.381664 -0.983779 -0.00920329 0.179149 -0.49176 -0.000330018 -0.998589 -0.0531121 0.429172 
1535159432399 0.20596 0.916203 -0.343733 -0.61657 -0.940533 0.282312 0.188936 -0.240203 0.270144 0.284379 0.919865 0.388321 0.179014 -0.0520638 0.982468 0.381638 -0.983843 -0.00683333 0.178903 -0.491803 -0.00260082 -0.99862 -0.0524459 0.429099 
1535159432489 0.206056 0.916139 -0.343847 -0.616404 -0.940504 0.282434 0.1889 -0.240134 0.270173 0.284465 0.919829 0.388382 0.178645 -0.0518169 0.982548 0.381612 -0.983902 -0.00446345 0.178655 -0.491847 -0.00487183 -0.998647 -0.0517801 0.429025 
1535159432725 0.206152 0.916075 -0.34396 -0.61624 -0.940475 0.282556 0.188864 -0.240066 0.270202 0.284551 0.919794 0.388442 0.178275 -0.0515693 0.982628 0.381586 -0.983955 -0.00209351 0.178406 -0.49189 -0.00714312 -0.998667 -0.0511151 0.428951 
1535159432736 0.206248 0.91601 -0.344074 -0.616076 -0.940445 0.282678 0.188828 -0.239998 0.27023 0.284637 0.919759 0.388502 0.177906 -0.0513207 0.982708 0.38156 -0.984002 0.000276319 0.178155 -0.491934 -0.00941458 -0.998682 -0.0504505 0.428877 
1535159432755 0.206344 0.915946 -0.344188 -0.61591 -0.940416 0.2828 0.188792 -0.239929 0.270259 0.284723 0.919724 0.388562 0.177538 -0.0510712 0.982788 0.381534 -0.984044 0.00264605 0.177903 -0.491977 -0.0116862 -0.998692 -0.0497865 0.428803 
1535159433024 0.205884 0.916091 -0.344077 -0.616166 -0.940472 0.282395 0.189118 -0.239873 0.270415 0.284659 0.919698 0.388456 0.178128 -0.0515643 0.982655 0.381566 -0.983979 -0.00176816 0.178276 -0.491941 -0.00745516 -0.998668 -0.0510532 0.42895 
1535159433031 0.206023 0.916062 -0.344071 -0.615985 -0.940424 0.282542 0.189139 -0.239827 0.270477 0.284606 0.919697 0.388516 0.177598 -0.0511302 0.982774 0.381552 -0.984084 -0.00297037 0.17768 -0.491951 -0.0061656 -0.998688 -0.0508439 0.42892 
1535159433037 0.206162 0.916033 -0.344066 -0.6158 -0.940376 0.28269 0.189157 -0.239779 0.270538 0.284554 0.919695 0.388577 0.177067 -0.0506965 0.982892 0.381537 -0.984187 -0.00417187 0.177085 -0.491958 -0.0048771 -0.998705 -0.0506336 0.42889 
1535159433056 0.206302 0.916003 -0.344061 -0.615614 -0.940327 0.282837 0.189176 -0.23973 0.270599 0.284502 0.919693 0.388639 0.176535 -0.0502636 0.98301 0.381522 -0.984288 -0.00537362 0.17649 -0.491966 -0.0035887 -0.998722 -0.0504224 0.42886 
1535159433242 0.206442 0.915973 -0.344056 -0.615428 -0.940279 0.282985 0.189195 -0.239681 0.27066 0.28445 0.919691 0.3887 0.176003 -0.0498312 0.983127 0.381508 -0.984387 -0.00657561 0.175896 -0.491974 -0.00230042 -0.998736 -0.0502105 0.42883 
1535159433249 0.206582 0.915944 -0.344051 -0.615242 -0.940231 0.283133 0.189214 -0.239633 0.270722 0.284399 0.919689 0.388761 0.175471 -0.0493996 0.983244 0.381493 -0.984484 -0.00777786 0.175301 -0.491982 -0.00101226 -0.998749 -0.0499979 0.4288 
1535159433255 0.206721 0.915914 -0.344045 -0.615057 -0.940182 0.28328 0.189233 -0.239585 0.270783 0.284347 0.919687 0.388822 0.174937 -0.0489685 0.983361 0.381478 -0.98458 -0.00898037 0.174707 -0.49199 0.00027581 -0.99876 -0.0497844 0.42877 
1535159433429 0.206861 0.915885 -0.34404 -0.614871 -0.940134 0.283428 0.189252 -0.239536 0.270844 0.284295 0.919685 0.388884 0.174404 -0.0485381 0.983477 0.381463 -0.984673 -0.0101832 0.174113 -0.491998 0.00156379 -0.998769 -0.0495701 0.42874 
1535159433544 0.207001 0.915855 -0.344035 -0.614686 -0.940086 0.283576 0.189271 -0.239487 0.270905 0.284243 0.919683 0.388945 0.173869 -0.0481084 0.983593 0.381449 -0.984765 -0.0113861 0.173519 -0.492006 0.00285157 -0.998777 -0.0493551 0.42871 
1535159433620 0.207141 0.915825 -0.34403 -0.614499 -0.940037 0.283724 0.18929 -0.239438 0.270966 0.284192 0.919681 0.389006 0.173334 -0.0476792 0.983708 0.381434 -0.984854 -0.0125894 0.172926 -0.492014 0.0041393 -0.998783 -0.0491393 0.42868 
1535159433809 0.206977 0.915821 -0.344141 -0.614735 -0.940092 0.283574 0.189243 -0.239498 0.270902 0.284356 0.919649 0.388855 0.173855 -0.0481986 0.983591 0.38141 -0.984768 -0.0112246 0.173513 -0.49207 0.00267735 -0.998775 -0.0494159 0.428679 
1535159433824 0.20706 0.915798 -0.34415 -0.614426 -0.940028 0.283702 0.189371 -0.239424 0.271061 0.2843 0.919619 0.388973 0.17388 -0.0480321 0.983595 0.381419 -0.984761 -0.0119702 0.173502 -0.492194 0.00344019 -0.998774 -0.0493815 0.428665 
1535159433831 0.20714 0.915778 -0.344158 -0.614111 -0.939964 0.283827 0.189501 -0.239343 0.271222 0.284243 0.91959 0.389093 0.173906 -0.0478666 0.983598 0.381428 -0.984753 -0.0127156 0.173491 -0.492319 0.00420266 -0.998773 -0.0493481 0.428651 
1535159433838 0.20722 0.915757 -0.344165 -0.613795 -0.9399 0.283952 0.189631 -0.239262 0.271382 0.284185 0.91956 0.389213 0.173931 -0.047701 0.983602 0.381437 -0.984745 -0.0134611 0.17348 -0.492444 0.00496516 -0.998771 -0.0493147 0.428637 
1535159434014 0.2073 0.915736 -0.344172 -0.613479 -0.939836 0.284076 0.189761 -0.239181 0.271542 0.284128 0.91953 0.389333 0.173956 -0.0475354 0.983605 0.381446 -0.984737 -0.0142065 0.17347 -0.492569 0.00572767 -0.998769 -0.0492812 0.428623 
1535159434053 0.20738 0.915715 -0.34418 -0.613165 -0.939772 0.284201 0.189892 -0.2391 0.271703 0.284071 0.919501 0.389453 0.173982 -0.0473698 0.983609 0.381455 -0.984727 -0.014952 0.17346 -0.492693 0.0064902 -0.998766 -0.0492477 0.428608 
1535159434100 0.207461 0.915694 -0.344187 -0.612848 -0.939708 0.284326 0.190022 -0.239019 0.271863 0.284013 0.919471 0.389573 0.174007 -0.0472042 0.983612 0.381464 -0.984718 -0.0156974 0.173449 -0.492819 0.00725267 -0.998762 -0.0492143 0.428594 
1535159434191 0.207541 0.915673 -0.344195 -0.612533 -0.939644 0.284451 0.190152 -0.238938 0.272023 0.283956 0.919441 0.389692 0.174031 -0.0470386 0.983616 0.381473 -0.984707 -0.0164428 0.173438 -0.492943 0.00801516 -0.998758 -0.0491808 0.42858 
1535159434370 0.207621 0.915652 -0.344202 -0.612218 -0.939579 0.284575 0.190282 -0.238858 0.272184 0.283898 0.919412 0.389812 0.174056 -0.0468728 0.983619 0.381482 -0.984697 -0.0171883 0.173428 -0.493068 0.00877768 -0.998753 -0.0491473 0.428566 
1535159434384 0.207701 0.915631 -0.34421 -0.611901 -0.939515 0.2847 0.190413 -0.238776 0.272344 0.283841 0.919382 0.389932 0.174081 -0.0467072 0.983623 0.381491 -0.984685 -0.0179337 0.173417 -0.493193 0.00954014 -0.998748 -0.0491138 0.428552 
1535159434654 0.207374 0.915686 -0.344261 -0.612184 -0.939609 0.284383 0.190424 -0.23871 0.272271 0.283981 0.91936 0.389767 0.173771 -0.0469571 0.983666 0.381438 -0.984749 -0.0169365 0.173154 -0.49311 0.00852907 -0.998753 -0.049184 0.428594 
1535159434668 0.207463 0.915651 -0.3443 -0.611847 -0.939561 0.284504 0.190479 -0.238586 0.272367 0.283973 0.919334 0.389877 0.173964 -0.046958 0.983632 0.381449 -0.984721 -0.0162451 0.173381 -0.493273 0.00783757 -0.998765 -0.0490666 0.428543 
1535159434685 0.207552 0.915616 -0.34434 -0.611505 -0.939513 0.284625 0.190535 -0.238459 0.272464 0.283966 0.919308 0.389989 0.174158 -0.046959 0.983597 0.381461 -0.984692 -0.0155542 0.173609 -0.493437 0.00714652 -0.998776 -0.0489491 0.428491 
1535159434802 0.207641 0.91558 -0.34438 -0.611164 -0.939465 0.284746 0.190591 -0.238333 0.272562 0.283959 0.919281 0.3901 0.174351 -0.0469602 0.983563 0.381472 -0.984662 -0.0148632 0.173836 -0.493601 0.00645549 -0.998786 -0.0488314 0.42844 
