1533678036874 0.275657 0.633204 -0.723233 -0.604483 -0.8825 0.464965 0.0707247 -0.181741 0.381061 0.618757 0.686973 0.426588 0.16008 -0.304787 0.938871 0.370831 -0.775623 0.549475 0.310623 -0.528794 -0.61056 -0.777934 -0.14844 0.432481 
1533678036884 -0.139052 0.857428 -0.495462 -0.599016 -0.982136 -0.0553542 0.179845 -0.255469 0.126778 0.511619 0.849808 0.405829 0.316241 -0.38488 0.867098 0.400864 -0.930001 -0.306251 0.203246 -0.504429 0.187325 -0.870677 -0.454788 0.485926 
1533678036904 -0.090444 0.867144 -0.489776 -0.600795 -0.986726 -0.0114221 0.16199 -0.255829 0.134875 0.497926 0.856667 0.404395 0.316241 -0.38488 0.867098 0.400864 -0.930001 -0.306251 0.203246 -0.504429 0.187325 -0.870677 -0.454788 0.485926 
1533678036914 -0.04155 0.874554 -0.483144 -0.602574 -0.988965 0.0328263 0.14447 -0.256189 0.142207 0.483815 0.863539 0.402961 0.316241 -0.38488 0.867098 0.400864 -0.930001 -0.306251 0.203246 -0.504429 0.187325 -0.870677 -0.454788 0.485926 
1533678036924 0.00750595 0.879639 -0.475583 -0.604353 -0.988845 0.0772791 0.127329 -0.256548 0.148756 0.469323 0.870407 0.401527 0.316241 -0.38488 0.867098 0.400864 -0.930001 -0.306251 0.203246 -0.504429 0.187325 -0.870677 -0.454788 0.485926 
1533678036934 0.0565998 0.882385 -0.467112 -0.606132 -0.986369 0.121824 0.11061 -0.256908 0.154506 0.454484 0.877252 0.400093 0.316241 -0.38488 0.867098 0.400864 -0.930001 -0.306251 0.203246 -0.504429 0.187325 -0.870677 -0.454788 0.485926 
1533678036944 0.105607 0.882786 -0.457752 -0.607911 -0.981542 0.166348 0.0943551 -0.257268 0.159441 0.439338 0.884059 0.398659 0.316241 -0.38488 0.867098 0.400864 -0.930001 -0.306251 0.203246 -0.504429 0.187325 -0.870677 -0.454788 0.485926 
1533678036954 0.154404 0.88084 -0.447526 -0.609696 -0.974377 0.210738 0.0786062 -0.25763 0.16355 0.423922 0.890809 0.397224 0.316241 -0.38488 0.867098 0.400864 -0.930001 -0.306251 0.203246 -0.504429 0.187325 -0.870677 -0.454788 0.485926 
1533678036964 0.20285 0.876469 -0.43664 -0.611979 -0.964895 0.254879 0.0633591 -0.258149 0.166823 0.408459 0.897403 0.396106 0.316241 -0.38488 0.867098 0.400864 -0.930001 -0.306251 0.203246 -0.504429 0.187325 -0.870677 -0.454788 0.485926 
1533678036974 0.250828 0.869616 -0.425269 -0.614427 -0.953116 0.298678 0.0485968 -0.25863 0.169279 0.393141 0.903762 0.395647 0.316531 -0.385118 0.866887 0.401814 -0.929976 -0.306103 0.20358 -0.50615 0.186955 -0.870623 -0.455042 0.486735 
1533678037103 0.250828 0.869616 -0.425269 -0.614427 -0.953116 0.298678 0.0485968 -0.25863 0.169279 0.393141 0.903762 0.395647 0.316531 -0.385118 0.866887 0.401814 -0.929976 -0.306103 0.20358 -0.50615 0.186955 -0.870623 -0.455042 0.486735 
1533678037113 0.298301 0.860996 -0.411949 -0.615123 -0.93906 0.341988 0.0347802 -0.258744 0.170827 0.37647 0.910543 0.392955 0.31622 -0.384863 0.867113 0.400795 -0.930002 -0.306262 0.203222 -0.504304 0.187351 -0.87068 -0.45477 0.485867 
1533678037133 0.298303 0.860996 -0.411949 -0.615123 -0.93906 0.34199 0.0347805 -0.258744 0.170828 0.376469 0.910543 0.392955 0.31622 -0.384863 0.867113 0.400795 -0.930002 -0.306262 0.203222 -0.504304 0.187351 -0.87068 -0.45477 0.485867 
1533678037143 0.298305 0.860995 -0.411948 -0.615123 -0.939059 0.341992 0.0347809 -0.258744 0.170829 0.376468 0.910543 0.392955 0.31622 -0.384863 0.867113 0.400795 -0.930002 -0.306262 0.203222 -0.504304 0.187351 -0.87068 -0.45477 0.485867 
1533678037153 0.298307 0.860995 -0.411948 -0.615123 -0.939058 0.341994 0.0347813 -0.258744 0.17083 0.376468 0.910543 0.392955 0.31622 -0.384863 0.867113 0.400795 -0.930002 -0.306262 0.203222 -0.504304 0.187351 -0.87068 -0.45477 0.485867 
1533678037163 0.298309 0.860994 -0.411947 -0.615123 -0.939057 0.341996 0.0347817 -0.258744 0.170831 0.376467 0.910544 0.392955 0.31622 -0.384863 0.867113 0.400795 -0.930002 -0.306262 0.203222 -0.504304 0.187351 -0.87068 -0.45477 0.485867 
1533678037173 0.29831 0.860994 -0.411947 -0.615123 -0.939057 0.341999 0.034782 -0.258745 0.170832 0.376466 0.910544 0.392955 0.31622 -0.384863 0.867113 0.400795 -0.930002 -0.306262 0.203222 -0.504304 0.187351 -0.87068 -0.45477 0.485867 
1533678037183 0.298312 0.860994 -0.411947 -0.615124 -0.939056 0.342001 0.0347824 -0.258745 0.170833 0.376465 0.910544 0.392955 0.31622 -0.384863 0.867113 0.400795 -0.930002 -0.306262 0.203222 -0.504304 0.187351 -0.87068 -0.45477 0.485867 
1533678037193 0.298314 0.860993 -0.411946 -0.615124 -0.939055 0.342003 0.0347828 -0.258745 0.170834 0.376464 0.910544 0.392955 0.31622 -0.384863 0.867113 0.400795 -0.930002 -0.306262 0.203222 -0.504304 0.187351 -0.87068 -0.45477 0.485867 
1533678037203 0.298295 0.860932 -0.412087 -0.615509 -0.939058 0.341998 0.0347526 -0.258876 0.170853 0.376607 0.910481 0.393201 0.31622 -0.384863 0.867113 0.400795 -0.930002 -0.306262 0.203222 -0.504304 0.187351 -0.87068 -0.45477 0.485867 
1533678037313 0.298295 0.860932 -0.412087 -0.615509 -0.939058 0.341998 0.0347526 -0.258876 0.170853 0.376607 0.910481 0.393201 0.31622 -0.384863 0.867113 0.400795 -0.930002 -0.306262 0.203222 -0.504304 0.187351 -0.87068 -0.45477 0.485867 
1533678037323 0.29832 0.860999 -0.41193 -0.615082 -0.939053 0.342008 0.0347865 -0.258731 0.170834 0.376446 0.910551 0.392928 0.31622 -0.384863 0.867113 0.400795 -0.930002 -0.306262 0.203222 -0.504304 0.187351 -0.87068 -0.45477 0.485867 
1533678037334 0.298321 0.860999 -0.41193 -0.615082 -0.939053 0.342008 0.0347863 -0.258731 0.170834 0.376446 0.910551 0.392928 0.31622 -0.384863 0.867113 0.400795 -0.930002 -0.306262 0.203222 -0.504304 0.187351 -0.87068 -0.45477 0.485867 
1533678037343 0.298322 0.860998 -0.41193 -0.615082 -0.939053 0.342009 0.0347861 -0.258731 0.170834 0.376446 0.910551 0.392928 0.31622 -0.384863 0.867113 0.400795 -0.930002 -0.306262 0.203222 -0.504304 0.187351 -0.87068 -0.45477 0.485867 
1533678037353 0.298322 0.860998 -0.411929 -0.615082 -0.939052 0.342009 0.0347858 -0.258731 0.170834 0.376446 0.910552 0.392928 0.31622 -0.384863 0.867113 0.400795 -0.930002 -0.306262 0.203222 -0.504304 0.187351 -0.87068 -0.45477 0.485867 
1533678037363 0.298323 0.860998 -0.411929 -0.615082 -0.939052 0.34201 0.0347856 -0.258731 0.170834 0.376446 0.910552 0.392928 0.31622 -0.384863 0.867113 0.400795 -0.930002 -0.306262 0.203222 -0.504304 0.187351 -0.87068 -0.45477 0.485867 
1533678037373 0.298323 0.860998 -0.411929 -0.615082 -0.939052 0.34201 0.0347854 -0.258731 0.170834 0.376446 0.910552 0.392928 0.31622 -0.384863 0.867113 0.400795 -0.930002 -0.306262 0.203222 -0.504304 0.187351 -0.87068 -0.45477 0.485867 
1533678037384 0.298324 0.860998 -0.411929 -0.615082 -0.939052 0.342011 0.0347851 -0.258731 0.170834 0.376445 0.910552 0.392928 0.31622 -0.384863 0.867113 0.400795 -0.930002 -0.306262 0.203222 -0.504304 0.187351 -0.87068 -0.45477 0.485867 
1533678037393 0.298324 0.860998 -0.411929 -0.615082 -0.939052 0.342011 0.0347849 -0.258731 0.170834 0.376445 0.910552 0.392928 0.31622 -0.384863 0.867113 0.400795 -0.930002 -0.306262 0.203222 -0.504304 0.187351 -0.87068 -0.45477 0.485867 
1533678037404 0.298323 0.860992 -0.411943 -0.615121 -0.939052 0.342011 0.0347817 -0.258744 0.170836 0.37646 0.910546 0.392953 0.31622 -0.384863 0.867113 0.400795 -0.930002 -0.306262 0.203222 -0.504304 0.187351 -0.87068 -0.45477 0.485867 
1533678037442 0.298323 0.860992 -0.411943 -0.615121 -0.939052 0.342011 0.0347817 -0.258744 0.170836 0.37646 0.910546 0.392953 0.31622 -0.384863 0.867113 0.400795 -0.930002 -0.306262 0.203222 -0.504304 0.187351 -0.87068 -0.45477 0.485867 
1533678037452 0.298264 0.860973 -0.412024 -0.615147 -0.939065 0.341973 0.0348057 -0.258715 0.170868 0.376536 0.910508 0.39283 0.31622 -0.384863 0.867113 0.400795 -0.930002 -0.306262 0.203222 -0.504304 0.187351 -0.87068 -0.45477 0.485867 
1533678037462 0.298202 0.860949 -0.41212 -0.615212 -0.939078 0.341934 0.0348271 -0.258699 0.170902 0.376627 0.910464 0.392733 0.31622 -0.384863 0.867113 0.400795 -0.930002 -0.306262 0.203222 -0.504304 0.187351 -0.87068 -0.45477 0.485867 
1533678037482 0.29814 0.860925 -0.412215 -0.615277 -0.939092 0.341895 0.0348484 -0.258683 0.170936 0.376718 0.91042 0.392635 0.31622 -0.384863 0.867113 0.400795 -0.930002 -0.306262 0.203222 -0.504304 0.187351 -0.87068 -0.45477 0.485867 
1533678037502 0.298078 0.8609 -0.412311 -0.615337 -0.939105 0.341856 0.0348696 -0.258664 0.17097 0.376809 0.910376 0.392538 0.31622 -0.384863 0.867113 0.400795 -0.930002 -0.306262 0.203222 -0.504304 0.187351 -0.87068 -0.45477 0.485867 
1533678037512 0.298017 0.860877 -0.412404 -0.615393 -0.939118 0.341817 0.0348914 -0.258645 0.171004 0.376898 0.910333 0.392435 0.31622 -0.384863 0.867113 0.400795 -0.930002 -0.306262 0.203222 -0.504304 0.187351 -0.87068 -0.45477 0.485867 
1533678037522 0.297956 0.860853 -0.412497 -0.615451 -0.939132 0.341779 0.0349131 -0.258627 0.171038 0.376986 0.91029 0.392332 0.31622 -0.384863 0.867113 0.400795 -0.930002 -0.306262 0.203222 -0.504304 0.187351 -0.87068 -0.45477 0.485867 
1533678037532 0.297894 0.860829 -0.412592 -0.615515 -0.939145 0.34174 0.0349347 -0.25861 0.171072 0.377077 0.910246 0.392234 0.31622 -0.384863 0.867113 0.400795 -0.930002 -0.306262 0.203222 -0.504304 0.187351 -0.87068 -0.45477 0.485867 
1533678037552 0.297832 0.860805 -0.412687 -0.61558 -0.939159 0.341701 0.0349561 -0.258594 0.171106 0.377168 0.910202 0.392136 0.31622 -0.384863 0.867113 0.400795 -0.930002 -0.306262 0.203222 -0.504304 0.187351 -0.87068 -0.45477 0.485867 
1533678037572 0.29777 0.860781 -0.412783 -0.615645 -0.939172 0.341662 0.0349774 -0.258578 0.17114 0.377259 0.910158 0.392038 0.31622 -0.384863 0.867113 0.400795 -0.930002 -0.306262 0.203222 -0.504304 0.187351 -0.87068 -0.45477 0.485867 
1533678037659 0.29777 0.860781 -0.412783 -0.615645 -0.939172 0.341662 0.0349774 -0.258578 0.17114 0.377259 0.910158 0.392038 0.31622 -0.384863 0.867113 0.400795 -0.930002 -0.306262 0.203222 -0.504304 0.187351 -0.87068 -0.45477 0.485867 
1533678037672 0.297902 0.860793 -0.412662 -0.615645 -0.939109 0.341825 0.0350834 -0.258527 0.171258 0.377083 0.910208 0.391962 0.31622 -0.384863 0.867113 0.400795 -0.930002 -0.306262 0.203222 -0.504304 0.187351 -0.87068 -0.45477 0.485867 
1533678037682 0.298098 0.860829 -0.412445 -0.615575 -0.939031 0.342028 0.0351681 -0.258487 0.171341 0.376815 0.910304 0.391979 0.31622 -0.384863 0.867113 0.400795 -0.930002 -0.306262 0.203222 -0.504304 0.187351 -0.87068 -0.45477 0.485867 
1533678037692 0.298293 0.860867 -0.412225 -0.615497 -0.938954 0.342231 0.0352534 -0.258446 0.171425 0.376544 0.9104 0.391993 0.31622 -0.384863 0.867113 0.400795 -0.930002 -0.306262 0.203222 -0.504304 0.187351 -0.87068 -0.45477 0.485867 
1533678037702 0.298488 0.860905 -0.412005 -0.615418 -0.938877 0.342435 0.0353387 -0.258404 0.171508 0.376274 0.910496 0.392007 0.31622 -0.384863 0.867113 0.400795 -0.930002 -0.306262 0.203222 -0.504304 0.187351 -0.87068 -0.45477 0.485867 
1533678037712 0.298684 0.860942 -0.411785 -0.61534 -0.938799 0.342638 0.0354241 -0.258363 0.171591 0.376003 0.910592 0.392021 0.31622 -0.384863 0.867113 0.400795 -0.930002 -0.306262 0.203222 -0.504304 0.187351 -0.87068 -0.45477 0.485867 
1533678037722 0.298879 0.860979 -0.411565 -0.615262 -0.938722 0.342841 0.0355095 -0.258321 0.171674 0.375732 0.910688 0.392036 0.31622 -0.384863 0.867113 0.400795 -0.930002 -0.306262 0.203222 -0.504304 0.187351 -0.87068 -0.45477 0.485867 
1533678037732 0.299074 0.861017 -0.411345 -0.615184 -0.938645 0.343044 0.035595 -0.25828 0.171757 0.375461 0.910784 0.39205 0.31622 -0.384863 0.867113 0.400795 -0.930002 -0.306262 0.203222 -0.504304 0.187351 -0.87068 -0.45477 0.485867 
1533678037742 0.29927 0.861054 -0.411125 -0.615105 -0.938567 0.343247 0.0356806 -0.258239 0.17184 0.375191 0.91088 0.392064 0.31622 -0.384863 0.867113 0.400795 -0.930002 -0.306262 0.203222 -0.504304 0.187351 -0.87068 -0.45477 0.485867 
1533678037753 0.299464 0.861086 -0.410916 -0.615056 -0.93849 0.343449 0.035764 -0.258207 0.171925 0.37493 0.910972 0.392096 0.31622 -0.384863 0.867113 0.400795 -0.930002 -0.306262 0.203222 -0.504304 0.187351 -0.87068 -0.45477 0.485867 
1533678037809 0.299464 0.861086 -0.410916 -0.615056 -0.93849 0.343449 0.035764 -0.258207 0.171925 0.37493 0.910972 0.392096 0.31622 -0.384863 0.867113 0.400795 -0.930002 -0.306262 0.203222 -0.504304 0.187351 -0.87068 -0.45477 0.485867 
1533678037823 0.299239 0.861204 -0.410832 -0.614828 -0.938549 0.343267 0.0359565 -0.258124 0.171991 0.374827 0.911002 0.392213 0.31622 -0.384863 0.867113 0.400795 -0.930002 -0.306262 0.203222 -0.504304 0.187351 -0.87068 -0.45477 0.485867 
1533678037833 0.298818 0.861281 -0.410979 -0.614708 -0.938687 0.342881 0.0360612 -0.258091 0.171975 0.375004 0.910931 0.392334 0.31622 -0.384863 0.867113 0.400795 -0.930002 -0.306262 0.203222 -0.504304 0.187351 -0.87068 -0.45477 0.485867 
1533678037843 0.298396 0.861357 -0.411125 -0.614587 -0.938824 0.342494 0.036166 -0.258059 0.17196 0.375182 0.910861 0.392455 0.31622 -0.384863 0.867113 0.400795 -0.930002 -0.306262 0.203222 -0.504304 0.187351 -0.87068 -0.45477 0.485867 
1533678037853 0.297974 0.861433 -0.411272 -0.614466 -0.93896 0.342108 0.0362709 -0.258027 0.171944 0.37536 0.910791 0.392576 0.31622 -0.384863 0.867113 0.400795 -0.930002 -0.306262 0.203222 -0.504304 0.187351 -0.87068 -0.45477 0.485867 
1533678037863 0.297552 0.861509 -0.411418 -0.614346 -0.939097 0.341722 0.0363758 -0.257995 0.171929 0.375538 0.91072 0.392697 0.31622 -0.384863 0.867113 0.400795 -0.930002 -0.306262 0.203222 -0.504304 0.187351 -0.87068 -0.45477 0.485867 
1533678037873 0.297131 0.861585 -0.411565 -0.614225 -0.939233 0.341335 0.0364809 -0.257962 0.171913 0.375716 0.91065 0.392818 0.31622 -0.384863 0.867113 0.400795 -0.930002 -0.306262 0.203222 -0.504304 0.187351 -0.87068 -0.45477 0.485867 
1533678037883 0.296709 0.86166 -0.411711 -0.614105 -0.93937 0.340949 0.0365859 -0.25793 0.171897 0.375893 0.91058 0.392939 0.31622 -0.384863 0.867113 0.400795 -0.930002 -0.306262 0.203222 -0.504304 0.187351 -0.87068 -0.45477 0.485867 
1533678037893 0.296287 0.861735 -0.411857 -0.613984 -0.939506 0.340562 0.0366911 -0.257898 0.171881 0.376071 0.910509 0.39306 0.31622 -0.384863 0.867113 0.400795 -0.930002 -0.306262 0.203222 -0.504304 0.187351 -0.87068 -0.45477 0.485867 
1533678037903 0.295865 0.86181 -0.412004 -0.613863 -0.939642 0.340176 0.0367963 -0.257866 0.171865 0.376249 0.910439 0.393181 0.31622 -0.384863 0.867113 0.400795 -0.930002 -0.306262 0.203222 -0.504304 0.187351 -0.87068 -0.45477 0.485867 
1533678037964 0.295865 0.86181 -0.412004 -0.613863 -0.939642 0.340176 0.0367963 -0.257866 0.171865 0.376249 0.910439 0.393181 0.31622 -0.384863 0.867113 0.400795 -0.930002 -0.306262 0.203222 -0.504304 0.187351 -0.87068 -0.45477 0.485867 
1533678037974 0.294869 0.862005 -0.41231 -0.613687 -0.939898 0.339401 0.0373948 -0.258052 0.172173 0.376503 0.910276 0.393156 0.31622 -0.384863 0.867113 0.400795 -0.930002 -0.306262 0.203222 -0.504304 0.187351 -0.87068 -0.45477 0.485867 
1533678037984 0.294295 0.862124 -0.412472 -0.613629 -0.940019 0.339012 0.0378877 -0.258269 0.172497 0.376581 0.910182 0.393014 0.31622 -0.384863 0.867113 0.400795 -0.930002 -0.306262 0.203222 -0.504304 0.187351 -0.87068 -0.45477 0.485867 
1533678037994 0.293721 0.862243 -0.412632 -0.613572 -0.940139 0.338624 0.0383809 -0.258487 0.172821 0.376658 0.910089 0.39287 0.31622 -0.384863 0.867113 0.400795 -0.930002 -0.306262 0.203222 -0.504304 0.187351 -0.87068 -0.45477 0.485867 
1533678038004 0.293147 0.862361 -0.412792 -0.613515 -0.940258 0.338235 0.0388742 -0.258705 0.173144 0.376736 0.909995 0.392727 0.31622 -0.384863 0.867113 0.400795 -0.930002 -0.306262 0.203222 -0.504304 0.187351 -0.87068 -0.45477 0.485867 
1533678038014 0.292573 0.86248 -0.412952 -0.613458 -0.940378 0.337846 0.0393675 -0.258923 0.173468 0.376813 0.909901 0.392583 0.31622 -0.384863 0.867113 0.400795 -0.930002 -0.306262 0.203222 -0.504304 0.187351 -0.87068 -0.45477 0.485867 
1533678038024 0.291998 0.862598 -0.413112 -0.613401 -0.940496 0.337458 0.0398609 -0.259141 0.173792 0.376891 0.909808 0.392439 0.31622 -0.384863 0.867113 0.400795 -0.930002 -0.306262 0.203222 -0.504304 0.187351 -0.87068 -0.45477 0.485867 
1533678038034 0.291424 0.862716 -0.413271 -0.613344 -0.940615 0.337069 0.0403543 -0.259359 0.174115 0.376969 0.909713 0.392295 0.31622 -0.384863 0.867113 0.400795 -0.930002 -0.306262 0.203222 -0.504304 0.187351 -0.87068 -0.45477 0.485867 
1533678038044 0.290849 0.862834 -0.41343 -0.613287 -0.940733 0.33668 0.0408479 -0.259577 0.174439 0.377047 0.909619 0.392151 0.31622 -0.384863 0.867113 0.400795 -0.930002 -0.306262 0.203222 -0.504304 0.187351 -0.87068 -0.45477 0.485867 
1533678038054 0.290274 0.862951 -0.413589 -0.613231 -0.94085 0.336291 0.0413414 -0.259795 0.174762 0.377125 0.909525 0.392007 0.31622 -0.384863 0.867113 0.400795 -0.930002 -0.306262 0.203222 -0.504304 0.187351 -0.87068 -0.45477 0.485867 
1533678038083 0.290274 0.862951 -0.413589 -0.613231 -0.94085 0.336291 0.0413414 -0.259795 0.174762 0.377125 0.909525 0.392007 0.31622 -0.384863 0.867113 0.400795 -0.930002 -0.306262 0.203222 -0.504304 0.187351 -0.87068 -0.45477 0.485867 
1533678038093 0.289544 0.863022 -0.413954 -0.613262 -0.941043 0.33571 0.0416743 -0.259875 0.174934 0.377482 0.909344 0.39175 0.31622 -0.384863 0.867113 0.400795 -0.930002 -0.306262 0.203222 -0.504304 0.187351 -0.87068 -0.45477 0.485867 
1533678038103 0.289388 0.862972 -0.414166 -0.613371 -0.941119 0.335517 0.0415124 -0.259745 0.174784 0.377766 0.909254 0.391647 0.31622 -0.384863 0.867113 0.400795 -0.930002 -0.306262 0.203222 -0.504304 0.187351 -0.87068 -0.45477 0.485867 
1533678038113 0.289233 0.862922 -0.414379 -0.613481 -0.941195 0.335325 0.0413503 -0.259615 0.174633 0.378051 0.909165 0.391544 0.31622 -0.384863 0.867113 0.400795 -0.930002 -0.306262 0.203222 -0.504304 0.187351 -0.87068 -0.45477 0.485867 
1533678038123 0.289077 0.862872 -0.414591 -0.613591 -0.941271 0.335132 0.0411886 -0.259485 0.174483 0.378336 0.909075 0.39144 0.31622 -0.384863 0.867113 0.400795 -0.930002 -0.306262 0.203222 -0.504304 0.187351 -0.87068 -0.45477 0.485867 
1533678038133 0.288921 0.862823 -0.414804 -0.6137 -0.941346 0.334939 0.0410268 -0.259355 0.174333 0.37862 0.908986 0.391337 0.31622 -0.384863 0.867113 0.400795 -0.930002 -0.306262 0.203222 -0.504304 0.187351 -0.87068 -0.45477 0.485867 
1533678038143 0.288765 0.862773 -0.415016 -0.61381 -0.941422 0.334745 0.0408651 -0.259225 0.174182 0.378905 0.908896 0.391234 0.31622 -0.384863 0.867113 0.400795 -0.930002 -0.306262 0.203222 -0.504304 0.187351 -0.87068 -0.45477 0.485867 
1533678038153 0.288609 0.862723 -0.415229 -0.613919 -0.941498 0.334552 0.0407034 -0.259095 0.174031 0.379189 0.908806 0.39113 0.31622 -0.384863 0.867113 0.400795 -0.930002 -0.306262 0.203222 -0.504304 0.187351 -0.87068 -0.45477 0.485867 
1533678038163 0.288453 0.862672 -0.415441 -0.614028 -0.941573 0.334359 0.0405418 -0.258965 0.173881 0.379474 0.908716 0.391027 0.31622 -0.384863 0.867113 0.400795 -0.930002 -0.306262 0.203222 -0.504304 0.187351 -0.87068 -0.45477 0.485867 
1533678038173 0.288297 0.862622 -0.415654 -0.614139 -0.941649 0.334166 0.0403803 -0.258835 0.17373 0.379758 0.908626 0.390924 0.31622 -0.384863 0.867113 0.400795 -0.930002 -0.306262 0.203222 -0.504304 0.187351 -0.87068 -0.45477 0.485867 
1533678038274 0.288297 0.862622 -0.415654 -0.614139 -0.941649 0.334166 0.0403803 -0.258835 0.17373 0.379758 0.908626 0.390924 0.31622 -0.384863 0.867113 0.400795 -0.930002 -0.306262 0.203222 -0.504304 0.187351 -0.87068 -0.45477 0.485867 
1533678038284 0.287572 0.863065 -0.415235 -0.614123 -0.941781 0.333678 0.0413151 -0.258576 0.174212 0.37918 0.908775 0.390731 0.31622 -0.384863 0.867113 0.400795 -0.930002 -0.306262 0.203222 -0.504304 0.187351 -0.87068 -0.45477 0.485867 
1533678038294 0.287004 0.863555 -0.414609 -0.614001 -0.941837 0.333383 0.0424099 -0.258446 0.174847 0.378323 0.909011 0.390652 0.31622 -0.384863 0.867113 0.400795 -0.930002 -0.306262 0.203222 -0.504304 0.187351 -0.87068 -0.45477 0.485867 
1533678038304 0.286437 0.864047 -0.413977 -0.613867 -0.941892 0.333087 0.0435056 -0.258312 0.175481 0.37746 0.909247 0.390563 0.31622 -0.384863 0.867113 0.400795 -0.930002 -0.306262 0.203222 -0.504304 0.187351 -0.87068 -0.45477 0.485867 
1533678038314 0.28587 0.864538 -0.413343 -0.613733 -0.941946 0.33279 0.044601 -0.258179 0.176116 0.376596 0.909482 0.390473 0.31622 -0.384863 0.867113 0.400795 -0.930002 -0.306262 0.203222 -0.504304 0.187351 -0.87068 -0.45477 0.485867 
1533678038324 0.285304 0.865028 -0.412708 -0.613599 -0.941998 0.332492 0.0456962 -0.258045 0.176751 0.375733 0.909716 0.390384 0.31622 -0.384863 0.867113 0.400795 -0.930002 -0.306262 0.203222 -0.504304 0.187351 -0.87068 -0.45477 0.485867 
1533678038334 0.284738 0.865518 -0.412073 -0.613465 -0.94205 0.332193 0.0467912 -0.257911 0.177386 0.37487 0.909949 0.390294 0.31622 -0.384863 0.867113 0.400795 -0.930002 -0.306262 0.203222 -0.504304 0.187351 -0.87068 -0.45477 0.485867 
1533678038344 0.284172 0.866006 -0.411436 -0.613332 -0.942101 0.331892 0.0478858 -0.257778 0.178022 0.374007 0.91018 0.390205 0.31622 -0.384863 0.867113 0.400795 -0.930002 -0.306262 0.203222 -0.504304 0.187351 -0.87068 -0.45477 0.485867 
1533678038354 0.283607 0.866494 -0.410799 -0.613198 -0.942151 0.331591 0.0489803 -0.257644 0.178658 0.373143 0.910409 0.390116 0.31622 -0.384863 0.867113 0.400795 -0.930002 -0.306262 0.203222 -0.504304 0.187351 -0.87068 -0.45477 0.485867 
1533678038364 0.283037 0.866969 -0.410188 -0.613138 -0.942201 0.331287 0.0500691 -0.257536 0.179298 0.372308 0.910626 0.390073 0.31622 -0.384863 0.867113 0.400795 -0.930002 -0.306262 0.203222 -0.504304 0.187351 -0.87068 -0.45477 0.485867 
1533678038461 0.283037 0.866969 -0.410188 -0.613138 -0.942201 0.331287 0.0500691 -0.257536 0.179298 0.372308 0.910626 0.390073 0.31622 -0.384863 0.867113 0.400795 -0.930002 -0.306262 0.203222 -0.504304 0.187351 -0.87068 -0.45477 0.485867 
1533678038474 0.283069 0.867436 -0.409179 -0.613066 -0.942148 0.331347 0.0506613 -0.257379 0.179526 0.371166 0.911047 0.389765 0.31622 -0.384863 0.867113 0.400795 -0.930002 -0.306262 0.203222 -0.504304 0.187351 -0.87068 -0.45477 0.485867 
1533678038484 0.283661 0.867404 -0.408836 -0.613201 -0.942047 0.33171 0.0501545 -0.25738 0.179119 0.370916 0.911229 0.389594 0.31622 -0.384863 0.867113 0.400795 -0.930002 -0.306262 0.203222 -0.504304 0.187351 -0.87068 -0.45477 0.485867 
1533678038494 0.284252 0.867372 -0.408493 -0.613337 -0.941946 0.332073 0.0496478 -0.257382 0.178712 0.370666 0.91141 0.389422 0.31622 -0.384863 0.867113 0.400795 -0.930002 -0.306262 0.203222 -0.504304 0.187351 -0.87068 -0.45477 0.485867 
1533678038504 0.284843 0.86734 -0.408149 -0.613472 -0.941845 0.332436 0.0491412 -0.257383 0.178306 0.370416 0.911592 0.38925 0.31622 -0.384863 0.867113 0.400795 -0.930002 -0.306262 0.203222 -0.504304 0.187351 -0.87068 -0.45477 0.485867 
1533678038514 0.285434 0.867307 -0.407805 -0.613608 -0.941743 0.332799 0.0486348 -0.257385 0.177899 0.370166 0.911773 0.389079 0.31622 -0.384863 0.867113 0.400795 -0.930002 -0.306262 0.203222 -0.504304 0.187351 -0.87068 -0.45477 0.485867 
1533678038524 0.286025 0.867275 -0.407461 -0.613744 -0.94164 0.333162 0.0481284 -0.257386 0.177491 0.369916 0.911953 0.388907 0.31622 -0.384863 0.867113 0.400795 -0.930002 -0.306262 0.203222 -0.504304 0.187351 -0.87068 -0.45477 0.485867 
1533678038534 0.286615 0.867241 -0.407117 -0.61388 -0.941538 0.333525 0.0476223 -0.257388 0.177084 0.369667 0.912134 0.388736 0.31622 -0.384863 0.867113 0.400795 -0.930002 -0.306262 0.203222 -0.504304 0.187351 -0.87068 -0.45477 0.485867 
1533678038544 0.287206 0.867208 -0.406772 -0.614015 -0.941434 0.333889 0.0471162 -0.257389 0.176676 0.369417 0.912314 0.388564 0.31622 -0.384863 0.867113 0.400795 -0.930002 -0.306262 0.203222 -0.504304 0.187351 -0.87068 -0.45477 0.485867 
1533678038554 0.287794 0.867171 -0.406435 -0.614172 -0.941331 0.334252 0.0466088 -0.257398 0.176269 0.369176 0.91249 0.388406 0.31622 -0.384863 0.867113 0.400795 -0.930002 -0.306262 0.203222 -0.504304 0.187351 -0.87068 -0.45477 0.485867 
1533678038663 0.287794 0.867171 -0.406435 -0.614172 -0.941331 0.334252 0.0466088 -0.257398 0.176269 0.369176 0.91249 0.388406 0.31622 -0.384863 0.867113 0.400795 -0.930002 -0.306262 0.203222 -0.504304 0.187351 -0.87068 -0.45477 0.485867 
1533678038673 0.28845 0.867794 -0.404635 -0.614273 -0.941158 0.334699 0.0468881 -0.257343 0.17612 0.3673 0.913276 0.388073 0.31622 -0.384863 0.867113 0.400795 -0.930002 -0.306262 0.203222 -0.504304 0.187351 -0.87068 -0.45477 0.485867 
1533678038683 0.288516 0.868446 -0.403187 -0.61426 -0.941089 0.334781 0.0476718 -0.257295 0.17638 0.365681 0.913875 0.387925 0.31622 -0.384863 0.867113 0.400795 -0.930002 -0.306262 0.203222 -0.504304 0.187351 -0.87068 -0.45477 0.485867 
1533678038693 0.288581 0.869096 -0.401738 -0.614247 -0.94102 0.334862 0.0484557 -0.257246 0.17664 0.36406 0.914472 0.387777 0.31622 -0.384863 0.867113 0.400795 -0.930002 -0.306262 0.203222 -0.504304 0.187351 -0.87068 -0.45477 0.485867 
1533678038703 0.288647 0.869743 -0.400288 -0.614234 -0.940951 0.334942 0.0492397 -0.257197 0.176899 0.362439 0.915066 0.38763 0.31622 -0.384863 0.867113 0.400795 -0.930002 -0.306262 0.203222 -0.504304 0.187351 -0.87068 -0.45477 0.485867 
1533678038713 0.288714 0.870387 -0.398837 -0.614221 -0.940882 0.33502 0.0500238 -0.257148 0.177159 0.360816 0.915656 0.387482 0.31622 -0.384863 0.867113 0.400795 -0.930002 -0.306262 0.203222 -0.504304 0.187351 -0.87068 -0.45477 0.485867 
1533678038723 0.288781 0.871029 -0.397385 -0.614208 -0.940813 0.335097 0.050808 -0.257099 0.177418 0.359192 0.916244 0.387334 0.31622 -0.384863 0.867113 0.400795 -0.930002 -0.306262 0.203222 -0.504304 0.187351 -0.87068 -0.45477 0.485867 
1533678038733 0.288848 0.871668 -0.395932 -0.614194 -0.940743 0.335173 0.0515923 -0.25705 0.177677 0.357568 0.91683 0.387186 0.31622 -0.384863 0.867113 0.400795 -0.930002 -0.306262 0.203222 -0.504304 0.187351 -0.87068 -0.45477 0.485867 
1533678038743 0.288916 0.872304 -0.394477 -0.614181 -0.940673 0.335247 0.0523767 -0.257002 0.177936 0.355942 0.917412 0.387039 0.31622 -0.384863 0.867113 0.400795 -0.930002 -0.306262 0.203222 -0.504304 0.187351 -0.87068 -0.45477 0.485867 
1533678038753 0.288978 0.872925 -0.393057 -0.614262 -0.940604 0.335318 0.0531554 -0.256985 0.1782 0.35435 0.917976 0.386949 0.31622 -0.384863 0.867113 0.400795 -0.930002 -0.306262 0.203222 -0.504304 0.187351 -0.87068 -0.45477 0.485867 
1533678038803 0.288978 0.872925 -0.393057 -0.614262 -0.940604 0.335318 0.0531554 -0.256985 0.1782 0.35435 0.917976 0.386949 0.31622 -0.384863 0.867113 0.400795 -0.930002 -0.306262 0.203222 -0.504304 0.187351 -0.87068 -0.45477 0.485867 
1533678038813 0.287421 0.873368 -0.393214 -0.6137 -0.940886 0.334275 0.0547169 -0.257082 0.17923 0.354243 0.917817 0.386859 0.31622 -0.384863 0.867113 0.400795 -0.930002 -0.306262 0.203222 -0.504304 0.187351 -0.87068 -0.45477 0.485867 
1533678038823 0.285786 0.873162 -0.394861 -0.613244 -0.941236 0.333161 0.0554899 -0.25726 0.180004 0.355799 0.917064 0.386976 0.31622 -0.384863 0.867113 0.400795 -0.930002 -0.306262 0.203222 -0.504304 0.187351 -0.87068 -0.45477 0.485867 
1533678038833 0.284151 0.872953 -0.396499 -0.612779 -0.941583 0.332046 0.056266 -0.257436 0.180774 0.357349 0.916309 0.387082 0.31622 -0.384863 0.867113 0.400795 -0.930002 -0.306262 0.203222 -0.504304 0.187351 -0.87068 -0.45477 0.485867 
1533678038843 0.282512 0.872738 -0.39814 -0.612323 -0.941929 0.330933 0.0570431 -0.257614 0.181542 0.358904 0.915549 0.387199 0.31622 -0.384863 0.867113 0.400795 -0.930002 -0.306262 0.203222 -0.504304 0.187351 -0.87068 -0.45477 0.485867 
1533678038853 0.280872 0.872518 -0.399779 -0.611867 -0.942271 0.32982 0.0578225 -0.257792 0.182306 0.36046 0.914786 0.387315 0.31622 -0.384863 0.867113 0.400795 -0.930002 -0.306262 0.203222 -0.504304 0.187351 -0.87068 -0.45477 0.485867 
1533678038863 0.27923 0.872294 -0.401415 -0.611413 -0.942612 0.328708 0.0586038 -0.25797 0.183068 0.362015 0.914019 0.387431 0.31622 -0.384863 0.867113 0.400795 -0.930002 -0.306262 0.203222 -0.504304 0.187351 -0.87068 -0.45477 0.485867 
1533678038873 0.277586 0.872065 -0.40305 -0.610958 -0.942949 0.327597 0.059387 -0.258149 0.183827 0.36357 0.913249 0.387547 0.31622 -0.384863 0.867113 0.400795 -0.930002 -0.306262 0.203222 -0.504304 0.187351 -0.87068 -0.45477 0.485867 
1533678038883 0.27594 0.871832 -0.404681 -0.610502 -0.943285 0.326486 0.0601725 -0.258326 0.184583 0.365125 0.912476 0.387664 0.31622 -0.384863 0.867113 0.400795 -0.930002 -0.306262 0.203222 -0.504304 0.187351 -0.87068 -0.45477 0.485867 
1533678038893 0.274293 0.871594 -0.40631 -0.610047 -0.943618 0.325376 0.06096 -0.258505 0.185336 0.36668 0.9117 0.38778 0.31622 -0.384863 0.867113 0.400795 -0.930002 -0.306262 0.203222 -0.504304 0.187351 -0.87068 -0.45477 0.485867 
1533678038970 0.274293 0.871594 -0.40631 -0.610047 -0.943618 0.325376 0.06096 -0.258505 0.185336 0.36668 0.9117 0.38778 0.31622 -0.384863 0.867113 0.400795 -0.930002 -0.306262 0.203222 -0.504304 0.187351 -0.87068 -0.45477 0.485867 
1533678038983 0.271045 0.872242 -0.407098 -0.609098 -0.944495 0.322568 0.0622874 -0.258694 0.185647 0.367619 0.911258 0.388001 0.31622 -0.384863 0.867113 0.400795 -0.930002 -0.306262 0.203222 -0.504304 0.187351 -0.87068 -0.45477 0.485867 
1533678038993 0.269446 0.873128 -0.406259 -0.608604 -0.945038 0.320868 0.0628237 -0.258704 0.185209 0.367003 0.911596 0.388105 0.31622 -0.384863 0.867113 0.400795 -0.930002 -0.306262 0.203222 -0.504304 0.187351 -0.87068 -0.45477 0.485867 
1533678039003 0.267845 0.87401 -0.405419 -0.60811 -0.945578 0.319167 0.0633583 -0.258715 0.184772 0.366386 0.911932 0.38821 0.31622 -0.384863 0.867113 0.400795 -0.930002 -0.306262 0.203222 -0.504304 0.187351 -0.87068 -0.45477 0.485867 
1533678039013 0.266243 0.874889 -0.404578 -0.607618 -0.946116 0.317464 0.0638912 -0.258726 0.184337 0.365767 0.912269 0.388314 0.31622 -0.384863 0.867113 0.400795 -0.930002 -0.306262 0.203222 -0.504304 0.187351 -0.87068 -0.45477 0.485867 
1533678039023 0.264639 0.875762 -0.403741 -0.607134 -0.94665 0.315759 0.0644215 -0.258739 0.183903 0.365153 0.912602 0.388428 0.31622 -0.384863 0.867113 0.400795 -0.930002 -0.306262 0.203222 -0.504304 0.187351 -0.87068 -0.45477 0.485867 
1533678039033 0.263034 0.876634 -0.402897 -0.60664 -0.947181 0.314053 0.0649513 -0.258749 0.18347 0.364532 0.912938 0.388532 0.31622 -0.384863 0.867113 0.400795 -0.930002 -0.306262 0.203222 -0.504304 0.187351 -0.87068 -0.45477 0.485867 
1533678039043 0.261428 0.877502 -0.402052 -0.606147 -0.947709 0.312346 0.0654794 -0.25876 0.183038 0.363911 0.913272 0.388637 0.31622 -0.384863 0.867113 0.400795 -0.930002 -0.306262 0.203222 -0.504304 0.187351 -0.87068 -0.45477 0.485867 
1533678039053 0.25982 0.878366 -0.401206 -0.605653 -0.948234 0.310637 0.0660058 -0.25877 0.182607 0.363288 0.913607 0.388741 0.31622 -0.384863 0.867113 0.400795 -0.930002 -0.306262 0.203222 -0.504304 0.187351 -0.87068 -0.45477 0.485867 
1533678039063 0.25821 0.879224 -0.400366 -0.60518 -0.948756 0.308926 0.0665294 -0.258788 0.182178 0.362672 0.913937 0.388858 0.31622 -0.384863 0.867113 0.400795 -0.930002 -0.306262 0.203222 -0.504304 0.187351 -0.87068 -0.45477 0.485867 
1533678039163 0.25821 0.879224 -0.400366 -0.60518 -0.948756 0.308926 0.0665294 -0.258788 0.182178 0.362672 0.913937 0.388858 0.31622 -0.384863 0.867113 0.400795 -0.930002 -0.306262 0.203222 -0.504304 0.187351 -0.87068 -0.45477 0.485867 
1533678039173 0.255625 0.880249 -0.399771 -0.604264 -0.949441 0.306528 0.0678387 -0.25863 0.182256 0.362217 0.914101 0.389111 0.31622 -0.384863 0.867113 0.400795 -0.930002 -0.306262 0.203222 -0.504304 0.187351 -0.87068 -0.45477 0.485867 
1533678039183 0.254649 0.880414 -0.400031 -0.603862 -0.949606 0.305842 0.0686238 -0.258469 0.182764 0.362397 0.913929 0.389272 0.31622 -0.384863 0.867113 0.400795 -0.930002 -0.306262 0.203222 -0.504304 0.187351 -0.87068 -0.45477 0.485867 
1533678039193 0.253672 0.880578 -0.40029 -0.60346 -0.94977 0.305156 0.0694091 -0.258308 0.183271 0.362576 0.913756 0.389432 0.31622 -0.384863 0.867113 0.400795 -0.930002 -0.306262 0.203222 -0.504304 0.187351 -0.87068 -0.45477 0.485867 
1533678039203 0.252695 0.880742 -0.400549 -0.603059 -0.949932 0.30447 0.0701945 -0.258147 0.183778 0.362756 0.913583 0.389593 0.31622 -0.384863 0.867113 0.400795 -0.930002 -0.306262 0.203222 -0.504304 0.187351 -0.87068 -0.45477 0.485867 
1533678039213 0.251717 0.880904 -0.400806 -0.602657 -0.950093 0.303784 0.0709801 -0.257985 0.184285 0.362936 0.913409 0.389754 0.31622 -0.384863 0.867113 0.400795 -0.930002 -0.306262 0.203222 -0.504304 0.187351 -0.87068 -0.45477 0.485867 
1533678039223 0.25074 0.881066 -0.401063 -0.602255 -0.950254 0.303097 0.0717658 -0.257824 0.184792 0.363117 0.913235 0.389915 0.31622 -0.384863 0.867113 0.400795 -0.930002 -0.306262 0.203222 -0.504304 0.187351 -0.87068 -0.45477 0.485867 
1533678039233 0.249761 0.881228 -0.401319 -0.601854 -0.950413 0.302411 0.0725517 -0.257663 0.185298 0.363298 0.91306 0.390076 0.31622 -0.384863 0.867113 0.400795 -0.930002 -0.306262 0.203222 -0.504304 0.187351 -0.87068 -0.45477 0.485867 
1533678039243 0.248783 0.881388 -0.401574 -0.601451 -0.95057 0.301724 0.0733379 -0.257502 0.185804 0.363479 0.912885 0.390237 0.31622 -0.384863 0.867113 0.400795 -0.930002 -0.306262 0.203222 -0.504304 0.187351 -0.87068 -0.45477 0.485867 
1533678039253 0.247803 0.881547 -0.401832 -0.601058 -0.950727 0.301038 0.0741236 -0.257343 0.18631 0.363664 0.912709 0.390403 0.31622 -0.384863 0.867113 0.400795 -0.930002 -0.306262 0.203222 -0.504304 0.187351 -0.87068 -0.45477 0.485867 
