1533739320718 0.193268 0.804151 -0.562129 -0.556409 -0.954167 0.287479 0.0831954 -0.195473 0.228502 0.520285 0.822855 0.39342 0.16008 -0.304787 0.938871 0.370831 -0.775623 0.549475 0.310623 -0.528794 -0.61056 -0.777934 -0.14844 0.432481 
1533739320730 0.182446 0.783791 -0.59362 -0.562313 -0.954025 0.287148 0.0859243 -0.195471 0.237804 0.550651 0.800145 0.39861 0.316221 -0.384863 0.867113 0.400797 -0.930002 -0.306262 0.203223 -0.504308 0.187351 -0.87068 -0.45477 0.485869 
1533739321448 0.17127 0.762263 -0.624196 -0.568218 -0.953843 0.286918 0.0886623 -0.19547 0.246677 0.5802 0.77622 0.4038 0.316221 -0.384863 0.867113 0.400796 -0.930002 -0.306262 0.203223 -0.504306 0.187351 -0.87068 -0.45477 0.485868 
1533739322179 0.159757 0.739599 -0.653813 -0.574121 -0.953624 0.286789 0.091403 -0.195467 0.255108 0.608889 0.751115 0.408991 0.31622 -0.384863 0.867113 0.400795 -0.930002 -0.306262 0.203222 -0.504304 0.187352 -0.87068 -0.454769 0.485867 
1533739322933 0.147924 0.715834 -0.682422 -0.580026 -0.953366 0.286759 0.0941448 -0.195467 0.263083 0.636672 0.72487 0.41418 0.31622 -0.384863 0.867113 0.400795 -0.930002 -0.306262 0.203222 -0.504304 0.187351 -0.87068 -0.454769 0.485867 
1533739323726 0.135785 0.69101 -0.709978 -0.585939 -0.95307 0.286828 0.096888 -0.195479 0.270592 0.663502 0.697527 0.419362 0.31622 -0.384863 0.867113 0.400795 -0.930002 -0.306262 0.203222 -0.504304 0.187351 -0.87068 -0.454769 0.485867 
1533739324562 0.123356 0.665167 -0.736435 -0.591864 -0.952737 0.286994 0.0996325 -0.195512 0.277624 0.689338 0.669132 0.424531 0.31622 -0.384863 0.867113 0.400795 -0.930002 -0.306262 0.203222 -0.504304 0.187351 -0.87068 -0.454769 0.485867 
1533739325440 0.110654 0.63835 -0.761751 -0.597807 -0.952367 0.287256 0.102377 -0.195572 0.28417 0.714138 0.63973 0.429683 0.31622 -0.384863 0.867113 0.400795 -0.930002 -0.306262 0.203222 -0.504304 0.187351 -0.87068 -0.454769 0.485867 
1533739326375 0.097703 0.610595 -0.785893 -0.603761 -0.95196 0.287616 0.105113 -0.195647 0.290217 0.737869 0.609363 0.434828 0.31622 -0.384863 0.867113 0.400795 -0.930002 -0.306262 0.203222 -0.504304 0.187351 -0.87068 -0.454769 0.485867 
1533739327344 0.0834828 0.58329 -0.807963 -0.611615 -0.951495 0.287591 0.109306 -0.198726 0.296121 0.759648 0.579006 0.438233 0.316231 -0.384871 0.867106 0.40083 -0.930001 -0.306257 0.203234 -0.504368 0.187338 -0.870678 -0.454779 0.485897 
1533739328202 0.0839587 0.584331 -0.807161 -0.611264 -0.95176 0.286937 0.108724 -0.198806 0.295135 0.759094 0.580234 0.438403 0.316231 -0.384871 0.867106 0.40083 -0.930001 -0.306257 0.203234 -0.504368 0.187338 -0.870678 -0.454779 0.485897 
1533739328213 0.0827005 0.581169 -0.809569 -0.611686 -0.951688 0.287111 0.108891 -0.198476 0.29572 0.761452 0.576836 0.439092 0.31622 -0.384863 0.867113 0.400795 -0.930002 -0.306262 0.203222 -0.504304 0.187351 -0.87068 -0.454769 0.485867 
1533739328595 0.0814419 0.577996 -0.811966 -0.612104 -0.951616 0.287286 0.109055 -0.198139 0.296299 0.763798 0.573427 0.439785 0.31622 -0.384863 0.867113 0.400795 -0.930002 -0.306262 0.203222 -0.504304 0.187351 -0.87068 -0.45477 0.485867 
1533739328963 0.080181 0.574812 -0.814348 -0.612522 -0.951545 0.287462 0.109217 -0.197802 0.296873 0.766131 0.570008 0.440478 0.31622 -0.384863 0.867113 0.400795 -0.930002 -0.306262 0.203222 -0.504304 0.187351 -0.87068 -0.45477 0.485867 
1533739329341 0.0789173 0.571619 -0.816715 -0.61294 -0.951473 0.287638 0.109379 -0.197466 0.297442 0.76845 0.566579 0.44117 0.31622 -0.384863 0.867113 0.400795 -0.930002 -0.306262 0.203222 -0.504304 0.187351 -0.87068 -0.45477 0.485867 
1533739329711 0.0776518 0.568416 -0.819069 -0.613357 -0.951401 0.287816 0.10954 -0.197128 0.298005 0.770757 0.56314 0.441864 0.31622 -0.384863 0.867113 0.400795 -0.930002 -0.306262 0.203222 -0.504304 0.187351 -0.87068 -0.45477 0.485867 
1533739330086 0.0763837 0.565203 -0.821408 -0.613775 -0.951328 0.287993 0.1097 -0.196791 0.298563 0.773049 0.559692 0.442557 0.31622 -0.384863 0.867113 0.400795 -0.930002 -0.306262 0.203222 -0.504304 0.187351 -0.87068 -0.45477 0.485867 
1533739330457 0.0751131 0.561981 -0.823732 -0.614193 -0.951256 0.288172 0.10986 -0.196455 0.299116 0.775328 0.556234 0.44325 0.31622 -0.384863 0.867113 0.400795 -0.930002 -0.306262 0.203222 -0.504304 0.187351 -0.87068 -0.45477 0.485867 
1533739330825 0.0738406 0.55875 -0.826043 -0.61461 -0.951183 0.288351 0.110019 -0.196117 0.299663 0.777594 0.552765 0.443943 0.31622 -0.384863 0.867113 0.400795 -0.930002 -0.306262 0.203222 -0.504304 0.187351 -0.87068 -0.45477 0.485867 
1533739331202 0.0725654 0.555509 -0.828338 -0.615028 -0.95111 0.288531 0.110177 -0.19578 0.300205 0.779846 0.549288 0.444636 0.31622 -0.384863 0.867113 0.400795 -0.930002 -0.306262 0.203222 -0.504304 0.187351 -0.87068 -0.45477 0.485867 
1533739331599 0.072624 0.555951 -0.828036 -0.614929 -0.951286 0.288035 0.109955 -0.19587 0.299633 0.779714 0.549787 0.444602 0.31622 -0.384863 0.867113 0.400795 -0.930002 -0.306262 0.203222 -0.504304 0.187351 -0.87068 -0.45477 0.485867 
1533739331610 0.0736931 0.556563 -0.827531 -0.614925 -0.951091 0.288831 0.109559 -0.1958 0.299993 0.778983 0.550627 0.444446 0.31622 -0.384863 0.867113 0.400795 -0.930002 -0.306262 0.203222 -0.504304 0.187351 -0.87068 -0.45477 0.485867 
1533739331773 0.0747606 0.557178 -0.827021 -0.614927 -0.950894 0.289626 0.109167 -0.195738 0.300352 0.778248 0.551469 0.444286 0.31622 -0.384863 0.867113 0.400795 -0.930002 -0.306262 0.203222 -0.504304 0.187351 -0.87068 -0.45477 0.485867 
1533739331779 0.0758284 0.557791 -0.826511 -0.614928 -0.950696 0.290421 0.108776 -0.195676 0.300711 0.777512 0.552312 0.444125 0.31622 -0.384863 0.867113 0.400795 -0.930002 -0.306262 0.203222 -0.504304 0.187351 -0.87068 -0.45477 0.485867 
1533739331980 0.0768965 0.558402 -0.825999 -0.614929 -0.950497 0.291217 0.108385 -0.195613 0.301068 0.776775 0.553153 0.443965 0.31622 -0.384863 0.867113 0.400795 -0.930002 -0.306262 0.203222 -0.504304 0.187351 -0.87068 -0.45477 0.485867 
1533739332123 0.077965 0.559012 -0.825486 -0.61493 -0.950298 0.292013 0.107995 -0.19555 0.301423 0.776038 0.553994 0.443805 0.31622 -0.384863 0.867113 0.400795 -0.930002 -0.306262 0.203222 -0.504304 0.187351 -0.87068 -0.45477 0.485867 
1533739332268 0.0790336 0.55962 -0.824972 -0.614931 -0.950097 0.292809 0.107606 -0.195488 0.301778 0.775299 0.554835 0.443645 0.31622 -0.384863 0.867113 0.400795 -0.930002 -0.306262 0.203222 -0.504304 0.187351 -0.87068 -0.45477 0.485867 
1533739332411 0.0801024 0.560227 -0.824457 -0.614932 -0.949895 0.293605 0.107218 -0.195425 0.302131 0.774559 0.555676 0.443484 0.31622 -0.384863 0.867113 0.400795 -0.930002 -0.306262 0.203222 -0.504304 0.187351 -0.87068 -0.45477 0.485867 
1533739332549 0.0811714 0.560833 -0.82394 -0.614934 -0.949692 0.294401 0.106831 -0.195363 0.302483 0.773818 0.556516 0.443324 0.31622 -0.384863 0.867113 0.400795 -0.930002 -0.306262 0.203222 -0.504304 0.187351 -0.87068 -0.45477 0.485867 
1533739332690 0.0822406 0.561438 -0.823422 -0.614935 -0.949488 0.295197 0.106444 -0.1953 0.302834 0.773076 0.557356 0.443163 0.31622 -0.384863 0.867113 0.400795 -0.930002 -0.306262 0.203222 -0.504304 0.187351 -0.87068 -0.45477 0.485867 
1533739332858 0.0815073 0.56109 -0.823732 -0.614898 -0.94965 0.294586 0.106692 -0.195347 0.302524 0.773561 0.55685 0.443265 0.31622 -0.384863 0.867113 0.400795 -0.930002 -0.306262 0.203222 -0.504304 0.187351 -0.87068 -0.45477 0.485867 
1533739332868 0.0818702 0.561578 -0.823363 -0.614895 -0.949398 0.295288 0.107 -0.195334 0.303218 0.772939 0.557336 0.443181 0.31622 -0.384863 0.867113 0.400795 -0.930002 -0.306262 0.203222 -0.504304 0.187351 -0.87068 -0.45477 0.485867 
1533739332997 0.0822311 0.562069 -0.822992 -0.614896 -0.949145 0.295988 0.107311 -0.195327 0.303912 0.772314 0.557824 0.443093 0.31622 -0.384863 0.867113 0.400795 -0.930002 -0.306262 0.203222 -0.504304 0.187351 -0.87068 -0.45477 0.485867 
1533739333165 0.0825921 0.56256 -0.822621 -0.614898 -0.948891 0.296687 0.107624 -0.195321 0.304605 0.771688 0.558312 0.443005 0.31622 -0.384863 0.867113 0.400795 -0.930002 -0.306262 0.203222 -0.504304 0.187351 -0.87068 -0.45477 0.485867 
1533739333332 0.0829536 0.563051 -0.822249 -0.6149 -0.948637 0.297386 0.107936 -0.195315 0.305299 0.771061 0.5588 0.442917 0.31622 -0.384863 0.867113 0.400795 -0.930002 -0.306262 0.203222 -0.504304 0.187351 -0.87068 -0.45477 0.485867 
1533739333499 0.0833154 0.563541 -0.821876 -0.614902 -0.948382 0.298084 0.10825 -0.195309 0.305991 0.770433 0.559287 0.442828 0.31622 -0.384863 0.867113 0.400795 -0.930002 -0.306262 0.203222 -0.504304 0.187351 -0.87068 -0.45477 0.485867 
1533739333663 0.0836779 0.56403 -0.821504 -0.614904 -0.948126 0.298782 0.108563 -0.195302 0.306683 0.769805 0.559773 0.442741 0.31622 -0.384863 0.867113 0.400795 -0.930002 -0.306262 0.203222 -0.504304 0.187351 -0.87068 -0.45477 0.485867 
1533739333828 0.0840408 0.564519 -0.821131 -0.614905 -0.94787 0.29948 0.108877 -0.195296 0.307375 0.769175 0.560259 0.442653 0.31622 -0.384863 0.867113 0.400795 -0.930002 -0.306262 0.203222 -0.504304 0.187351 -0.87068 -0.45477 0.485867 
1533739333992 0.0844041 0.565007 -0.820758 -0.614907 -0.947613 0.300177 0.109191 -0.195289 0.308067 0.768545 0.560744 0.442564 0.31622 -0.384863 0.867113 0.400795 -0.930002 -0.306262 0.203222 -0.504304 0.187351 -0.87068 -0.45477 0.485867 
1533739334162 0.0847678 0.565495 -0.820384 -0.614909 -0.947356 0.300874 0.109506 -0.195283 0.308757 0.767913 0.561229 0.442476 0.31622 -0.384863 0.867113 0.400795 -0.930002 -0.306262 0.203222 -0.504304 0.187351 -0.87068 -0.45477 0.485867 
1533739334357 0.0846424 0.565208 -0.820594 -0.614925 -0.947461 0.300609 0.109325 -0.195295 0.308469 0.768228 0.560957 0.442465 0.31622 -0.384863 0.867113 0.400795 -0.930002 -0.306262 0.203222 -0.504304 0.187351 -0.87068 -0.45477 0.485867 
1533739334368 0.0851062 0.565267 -0.820506 -0.614935 -0.947459 0.30076 0.108926 -0.195265 0.308348 0.768126 0.561164 0.442434 0.31622 -0.384863 0.867113 0.400795 -0.930002 -0.306262 0.203222 -0.504304 0.187351 -0.87068 -0.45477 0.485867 
1533739334499 0.0855722 0.565321 -0.82042 -0.614941 -0.947457 0.300912 0.108525 -0.195227 0.308226 0.768026 0.561367 0.442407 0.31622 -0.384863 0.867113 0.400795 -0.930002 -0.306262 0.203222 -0.504304 0.187351 -0.87068 -0.45477 0.485867 
