1534184932626 0.361976 0.917713 0.163636 -0.505043 -0.932166 0.355148 0.0702607 -0.199705 0.00636411 -0.177969 0.984016 0.288993 0.16008 -0.304787 0.938871 0.370831 -0.775623 0.549475 0.310623 -0.528794 -0.61056 -0.777934 -0.14844 0.432481 
1534184932638 0.360461 0.924878 0.121115 -0.513934 -0.932518 0.354268 0.0700322 -0.198375 0.0218641 -0.138186 0.990165 0.294726 0.316241 -0.38488 0.867098 0.400864 -0.930001 -0.306251 0.203246 -0.504429 0.187325 -0.870677 -0.454788 0.485926 
1534184933324 0.358278 0.93032 0.078369 -0.522825 -0.93287 0.353376 0.0698438 -0.197045 0.0372833 -0.0981316 0.994475 0.300458 0.316241 -0.38488 0.867098 0.400864 -0.930001 -0.306251 0.203246 -0.504429 0.187325 -0.870677 -0.454788 0.485926 
1534184934024 0.355432 0.934029 0.0354759 -0.531716 -0.933221 0.352478 0.0696968 -0.195715 0.0525943 -0.0578794 0.996937 0.306191 0.316241 -0.38488 0.867098 0.400864 -0.930001 -0.306251 0.203246 -0.504429 0.187325 -0.870677 -0.454788 0.485926 
1534184934722 0.351928 0.935997 -0.00748321 -0.540608 -0.933571 0.351572 0.0695914 -0.194385 0.0677682 -0.0175051 0.997548 0.311923 0.316241 -0.38488 0.867098 0.400864 -0.930001 -0.306251 0.203246 -0.504429 0.187325 -0.870677 -0.454788 0.485926 
1534184935425 0.347772 0.936222 -0.0504279 -0.549499 -0.933918 0.350661 0.0695278 -0.193055 0.0827765 0.0229157 0.996305 0.317656 0.316241 -0.38488 0.867098 0.400864 -0.930001 -0.306251 0.203246 -0.504429 0.187325 -0.870677 -0.454788 0.485926 
1534184935432 0.342973 0.934702 -0.0932798 -0.55839 -0.934262 0.349748 0.0695061 -0.191725 0.0975919 0.0633091 0.993211 0.323389 0.316241 -0.38488 0.867098 0.400864 -0.930001 -0.306251 0.203246 -0.504429 0.187325 -0.870677 -0.454788 0.485926 
1534184936422 0.337539 0.931441 -0.135958 -0.567282 -0.934603 0.348833 0.0695263 -0.190395 0.112186 0.103599 0.988272 0.329121 0.316241 -0.38488 0.867098 0.400864 -0.930001 -0.306251 0.203246 -0.504429 0.187325 -0.870677 -0.454788 0.485926 
1534184937143 0.33148 0.926445 -0.178384 -0.576173 -0.934939 0.347918 0.0695884 -0.189065 0.126533 0.143711 0.981497 0.334854 0.316241 -0.38488 0.867098 0.400864 -0.930001 -0.306251 0.203246 -0.504429 0.187325 -0.870677 -0.454788 0.485926 
1534184937875 0.32482 0.919713 -0.220497 -0.584922 -0.935265 0.34702 0.0696875 -0.187686 0.140609 0.183587 0.972895 0.340612 0.316531 -0.385118 0.866887 0.401814 -0.929976 -0.306103 0.20358 -0.50615 0.186955 -0.870623 -0.455042 0.486735 
1534184938622 0.325041 0.919794 -0.219836 -0.584593 -0.935251 0.347105 0.0694601 -0.187794 0.140195 0.183024 0.973061 0.340181 0.316531 -0.385118 0.866887 0.401814 -0.929976 -0.306103 0.20358 -0.50615 0.186955 -0.870623 -0.455042 0.486735 
1534184938633 0.324321 0.919021 -0.224089 -0.58553 -0.935285 0.347006 0.0694958 -0.187655 0.141628 0.187048 0.972088 0.340795 0.316221 -0.384863 0.867113 0.400797 -0.930002 -0.306262 0.203223 -0.504308 0.187351 -0.87068 -0.45477 0.485869 
1534184938868 0.323594 0.918231 -0.228338 -0.586467 -0.935319 0.346907 0.0695325 -0.187517 0.143059 0.191068 0.971096 0.341408 0.316221 -0.384863 0.867113 0.400797 -0.930002 -0.306262 0.203223 -0.504308 0.187351 -0.87068 -0.45477 0.485869 
1534184939120 0.32286 0.917424 -0.232581 -0.587404 -0.935353 0.346807 0.06957 -0.187378 0.144486 0.195084 0.970086 0.342022 0.316221 -0.384863 0.867113 0.400797 -0.930002 -0.306262 0.203223 -0.504308 0.187351 -0.87068 -0.45477 0.485869 
1534184939371 0.32212 0.9166 -0.23682 -0.588341 -0.935387 0.346707 0.0696078 -0.18724 0.14591 0.199097 0.969057 0.342635 0.316221 -0.384863 0.867113 0.400797 -0.930002 -0.306262 0.203223 -0.504308 0.187351 -0.87068 -0.45477 0.485869 
1534184939622 0.321374 0.915757 -0.241055 -0.589278 -0.935421 0.346608 0.069646 -0.187101 0.14733 0.203105 0.968009 0.343249 0.316221 -0.384863 0.867113 0.400797 -0.930002 -0.306262 0.203223 -0.504308 0.187351 -0.87068 -0.45477 0.485869 
1534184939873 0.320622 0.914897 -0.245285 -0.590215 -0.935455 0.346509 0.0696846 -0.186963 0.148748 0.207111 0.966943 0.343862 0.316221 -0.384863 0.867113 0.400797 -0.930002 -0.306262 0.203223 -0.504308 0.187351 -0.87068 -0.45477 0.485869 
1534184940125 0.319863 0.91402 -0.249511 -0.591152 -0.935489 0.34641 0.0697237 -0.186824 0.150162 0.211112 0.965859 0.344476 0.316221 -0.384863 0.867113 0.400797 -0.930002 -0.306262 0.203223 -0.504308 0.187351 -0.87068 -0.45477 0.485869 
1534184940377 0.319098 0.913125 -0.253731 -0.592089 -0.935522 0.34631 0.0697635 -0.186686 0.151572 0.215109 0.964756 0.345089 0.316221 -0.384863 0.867113 0.400797 -0.930002 -0.306262 0.203223 -0.504308 0.187351 -0.87068 -0.45477 0.485869 
1534184940621 0.318328 0.912212 -0.257947 -0.593026 -0.935556 0.346212 0.0698034 -0.186547 0.15298 0.219103 0.963634 0.345703 0.316221 -0.384863 0.867113 0.400797 -0.930002 -0.306262 0.203223 -0.504308 0.187351 -0.87068 -0.45477 0.485869 
1534184940884 0.31852 0.912402 -0.257036 -0.592761 -0.935504 0.346309 0.0700129 -0.186599 0.152894 0.218158 0.963862 0.345507 0.316221 -0.384863 0.867113 0.400797 -0.930002 -0.306262 0.203223 -0.504308 0.187351 -0.87068 -0.45477 0.485869 
1534184940895 0.318421 0.912145 -0.25807 -0.592824 -0.935575 0.346239 0.0694133 -0.18661 0.152669 0.219341 0.963629 0.345532 0.31622 -0.384863 0.867113 0.400795 -0.930002 -0.306262 0.203222 -0.504304 0.187351 -0.87068 -0.454769 0.485867 
1534184940912 0.318324 0.911886 -0.259104 -0.592883 -0.935644 0.34617 0.0688147 -0.18662 0.152445 0.220524 0.963395 0.345558 0.31622 -0.384863 0.867113 0.400795 -0.930002 -0.306262 0.203222 -0.504304 0.187351 -0.87068 -0.454769 0.485867 
1534184940929 0.318226 0.911625 -0.260137 -0.592942 -0.935714 0.346101 0.0682161 -0.18663 0.152221 0.221706 0.963159 0.345584 0.31622 -0.384863 0.867113 0.400795 -0.930002 -0.306262 0.203222 -0.504304 0.187351 -0.87068 -0.454769 0.485867 
1534184941081 0.318129 0.911364 -0.261171 -0.593 -0.935784 0.34603 0.0676177 -0.18664 0.151997 0.222888 0.962921 0.34561 0.31622 -0.384863 0.867113 0.400795 -0.930002 -0.306262 0.203222 -0.504304 0.187351 -0.87068 -0.454769 0.485867 
1534184941171 0.318031 0.911101 -0.262204 -0.59306 -0.935853 0.345959 0.0670193 -0.18665 0.151773 0.22407 0.962682 0.345636 0.31622 -0.384863 0.867113 0.400795 -0.930002 -0.306262 0.203222 -0.504304 0.187351 -0.87068 -0.454769 0.485867 
1534184941271 0.317935 0.910837 -0.263237 -0.593118 -0.935922 0.345887 0.066421 -0.186659 0.151549 0.225252 0.962442 0.345662 0.31622 -0.384863 0.867113 0.400795 -0.930002 -0.306262 0.203222 -0.504304 0.187351 -0.87068 -0.454769 0.485867 
1534184941354 0.317838 0.910572 -0.264269 -0.593177 -0.935991 0.345814 0.0658228 -0.186669 0.151324 0.226433 0.9622 0.345688 0.31622 -0.384863 0.867113 0.400795 -0.930002 -0.306262 0.203222 -0.504304 0.187351 -0.87068 -0.454769 0.485867 
1534184941461 0.317742 0.910305 -0.265301 -0.593237 -0.93606 0.345741 0.0652246 -0.186679 0.1511 0.227613 0.961957 0.345714 0.31622 -0.384863 0.867113 0.400795 -0.930002 -0.306262 0.203222 -0.504304 0.187351 -0.87068 -0.454769 0.485867 
1534184941543 0.317646 0.910037 -0.266333 -0.593295 -0.936129 0.345667 0.0646265 -0.186689 0.150875 0.228794 0.961712 0.34574 0.31622 -0.384863 0.867113 0.400795 -0.930002 -0.306262 0.203222 -0.504304 0.187351 -0.87068 -0.454769 0.485867 
1534184941651 0.317527 0.910402 -0.265228 -0.59324 -0.936145 0.34551 0.0652314 -0.186613 0.151025 0.227579 0.961977 0.345731 0.31622 -0.384863 0.867113 0.400795 -0.930002 -0.306262 0.203222 -0.504304 0.187351 -0.87068 -0.454769 0.485867 
1534184941661 0.317825 0.910352 -0.265039 -0.593313 -0.936142 0.345637 0.0645989 -0.186616 0.150415 0.227583 0.962071 0.345714 0.31622 -0.384863 0.867113 0.400795 -0.930002 -0.306262 0.203222 -0.504304 0.187351 -0.87068 -0.454769 0.485867 
1534184941678 0.318123 0.910304 -0.264849 -0.593392 -0.936139 0.345762 0.0639663 -0.18662 0.149804 0.227587 0.962166 0.345696 0.31622 -0.384863 0.867113 0.400795 -0.930002 -0.306262 0.203222 -0.504304 0.187351 -0.87068 -0.454769 0.485867 
1534184941799 0.31842 0.910255 -0.26466 -0.593471 -0.936136 0.345888 0.0633337 -0.186624 0.149193 0.227591 0.96226 0.345678 0.31622 -0.384863 0.867113 0.400795 -0.930002 -0.306262 0.203222 -0.504304 0.187351 -0.87068 -0.454769 0.485867 
1534184941816 0.318717 0.910206 -0.26447 -0.593549 -0.936132 0.346014 0.0627011 -0.186629 0.148581 0.227595 0.962353 0.34566 0.31622 -0.384863 0.867113 0.400795 -0.930002 -0.306262 0.203222 -0.504304 0.187351 -0.87068 -0.454769 0.485867 
1534184941832 0.319014 0.910157 -0.264281 -0.593629 -0.936128 0.346139 0.0620685 -0.186633 0.14797 0.2276 0.962447 0.345642 0.31622 -0.384863 0.867113 0.400795 -0.930002 -0.306262 0.203222 -0.504304 0.187351 -0.87068 -0.454769 0.485867 
1534184941849 0.31931 0.910108 -0.264091 -0.593706 -0.936123 0.346265 0.0614358 -0.186637 0.147359 0.227604 0.962539 0.345625 0.31622 -0.384863 0.867113 0.400795 -0.930002 -0.306262 0.203222 -0.504304 0.187351 -0.87068 -0.454769 0.485867 
1534184941920 0.319607 0.910059 -0.263901 -0.593784 -0.936118 0.346391 0.0608032 -0.186641 0.146747 0.227609 0.962632 0.345607 0.31622 -0.384863 0.867113 0.400795 -0.930002 -0.306262 0.203222 -0.504304 0.187351 -0.87068 -0.454769 0.485867 
1534184941949 0.319903 0.91001 -0.26371 -0.593863 -0.936112 0.346516 0.0601706 -0.186646 0.146136 0.227613 0.962723 0.345589 0.31622 -0.384863 0.867113 0.400795 -0.930002 -0.306262 0.203222 -0.504304 0.187351 -0.87068 -0.454769 0.485867 
1534184941974 0.3202 0.909961 -0.26352 -0.593941 -0.936106 0.346642 0.059538 -0.18665 0.145524 0.227618 0.962815 0.345571 0.31622 -0.384863 0.867113 0.400795 -0.930002 -0.306262 0.203222 -0.504304 0.187351 -0.87068 -0.454769 0.485867 
1534184942004 0.319281 0.910152 -0.263975 -0.593654 -0.936115 0.346257 0.0616042 -0.186693 0.147472 0.227442 0.96256 0.345717 0.31622 -0.384863 0.867113 0.400795 -0.930002 -0.306262 0.203222 -0.504304 0.187351 -0.87068 -0.454769 0.485867 
1534184942018 0.319393 0.910116 -0.263964 -0.593689 -0.936112 0.34631 0.0613496 -0.186717 0.147249 0.227505 0.962579 0.345749 0.31622 -0.384863 0.867113 0.400795 -0.930002 -0.306262 0.203222 -0.504304 0.187351 -0.87068 -0.454769 0.485867 
1534184942034 0.319505 0.91008 -0.263953 -0.59373 -0.936109 0.346362 0.0610928 -0.18674 0.147023 0.227569 0.962599 0.345783 0.31622 -0.384863 0.867113 0.400795 -0.930002 -0.306262 0.203222 -0.504304 0.187351 -0.87068 -0.454769 0.485867 
1534184942051 0.319617 0.910044 -0.263941 -0.59377 -0.936107 0.346415 0.0608364 -0.186764 0.146797 0.227633 0.962618 0.345815 0.31622 -0.384863 0.867113 0.400795 -0.930002 -0.306262 0.203222 -0.504304 0.187351 -0.87068 -0.45477 0.485867 
1534184942069 0.319728 0.910009 -0.263929 -0.593809 -0.936104 0.346466 0.0605803 -0.186788 0.146571 0.227696 0.962638 0.345848 0.31622 -0.384863 0.867113 0.400795 -0.930002 -0.306262 0.203222 -0.504304 0.187351 -0.87068 -0.45477 0.485867 
1534184942084 0.319839 0.909973 -0.263917 -0.59385 -0.936102 0.346518 0.0603241 -0.186812 0.146346 0.22776 0.962657 0.345881 0.31622 -0.384863 0.867113 0.400795 -0.930002 -0.306262 0.203222 -0.504304 0.187351 -0.87068 -0.45477 0.485867 
1534184942091 0.31995 0.909937 -0.263906 -0.593889 -0.936099 0.34657 0.0600679 -0.186836 0.14612 0.227823 0.962676 0.345914 0.31622 -0.384863 0.867113 0.400795 -0.930002 -0.306262 0.203222 -0.504304 0.187351 -0.87068 -0.45477 0.485867 
1534184942104 0.320061 0.909902 -0.263894 -0.59393 -0.936096 0.346622 0.0598117 -0.18686 0.145894 0.227887 0.962695 0.345946 0.31622 -0.384863 0.867113 0.400795 -0.930002 -0.306262 0.203222 -0.504304 0.187351 -0.87068 -0.45477 0.485867 
1534184942121 0.320172 0.909866 -0.263882 -0.59397 -0.936093 0.346674 0.0595555 -0.186884 0.145669 0.22795 0.962715 0.345979 0.31622 -0.384863 0.867113 0.400795 -0.930002 -0.306262 0.203222 -0.504304 0.187351 -0.87068 -0.45477 0.485867 
1534184942138 0.320284 0.90983 -0.26387 -0.594009 -0.93609 0.346726 0.0592993 -0.186908 0.145443 0.228014 0.962734 0.346012 0.31622 -0.384863 0.867113 0.400795 -0.930002 -0.306262 0.203222 -0.504304 0.187351 -0.87068 -0.45477 0.485867 
1534184942158 0.319928 0.910039 -0.263583 -0.593909 -0.936176 0.346419 0.0597388 -0.186595 0.145675 0.227648 0.962785 0.345611 0.31622 -0.384863 0.867113 0.400795 -0.930002 -0.306262 0.203222 -0.504304 0.187351 -0.87068 -0.45477 0.485867 
1534184942171 0.319977 0.910006 -0.263636 -0.593927 -0.936167 0.346458 0.0596548 -0.186624 0.145625 0.227719 0.962776 0.345612 0.31622 -0.384863 0.867113 0.400795 -0.930002 -0.306262 0.203222 -0.504304 0.187351 -0.87068 -0.45477 0.485867 
1534184942188 0.320023 0.909974 -0.263691 -0.59395 -0.936158 0.346495 0.0595761 -0.186655 0.14558 0.227791 0.962766 0.345617 0.31622 -0.384863 0.867113 0.400795 -0.930002 -0.306262 0.203222 -0.504304 0.187351 -0.87068 -0.45477 0.485867 
1534184942204 0.320069 0.909941 -0.263747 -0.593971 -0.936149 0.346533 0.0594977 -0.186686 0.145536 0.227863 0.962755 0.345623 0.31622 -0.384863 0.867113 0.400795 -0.930002 -0.306262 0.203222 -0.504304 0.187351 -0.87068 -0.45477 0.485867 
1534184942221 0.320115 0.909909 -0.263801 -0.593991 -0.93614 0.34657 0.0594195 -0.186716 0.145492 0.227934 0.962745 0.345628 0.31622 -0.384863 0.867113 0.400795 -0.930002 -0.306262 0.203222 -0.504304 0.187351 -0.87068 -0.45477 0.485867 
1534184942238 0.320161 0.909877 -0.263856 -0.594013 -0.936131 0.346608 0.0593412 -0.186747 0.145448 0.228005 0.962735 0.345633 0.31622 -0.384863 0.867113 0.400795 -0.930002 -0.306262 0.203222 -0.504304 0.187351 -0.87068 -0.45477 0.485867 
1534184942254 0.320207 0.909845 -0.263911 -0.594034 -0.936122 0.346645 0.0592629 -0.186777 0.145403 0.228076 0.962725 0.345638 0.31622 -0.384863 0.867113 0.400795 -0.930002 -0.306262 0.203222 -0.504304 0.187351 -0.87068 -0.45477 0.485867 
1534184942271 0.320254 0.909813 -0.263966 -0.594056 -0.936113 0.346683 0.0591844 -0.186808 0.145359 0.228148 0.962714 0.345643 0.31622 -0.384863 0.867113 0.400795 -0.930002 -0.306262 0.203222 -0.504304 0.187351 -0.87068 -0.45477 0.485867 
1534184942288 0.3203 0.909781 -0.26402 -0.594076 -0.936105 0.34672 0.0591063 -0.186838 0.145315 0.228219 0.962704 0.345648 0.31622 -0.384863 0.867113 0.400795 -0.930002 -0.306262 0.203222 -0.504304 0.187351 -0.87068 -0.45477 0.485867 
1534184942304 0.320346 0.909749 -0.264075 -0.594097 -0.936096 0.346757 0.059028 -0.186869 0.145271 0.22829 0.962694 0.345653 0.31622 -0.384863 0.867113 0.400795 -0.930002 -0.306262 0.203222 -0.504304 0.187351 -0.87068 -0.45477 0.485867 
1534184942329 0.320202 0.909868 -0.263838 -0.594006 -0.936127 0.346631 0.0592744 -0.186891 0.145386 0.228006 0.962744 0.345883 0.31622 -0.384863 0.867113 0.400795 -0.930002 -0.306262 0.203222 -0.504304 0.187351 -0.87068 -0.45477 0.485867 
1534184942341 0.320326 0.909765 -0.264043 -0.59402 -0.936097 0.346744 0.0590808 -0.186909 0.145305 0.228245 0.9627 0.34593 0.31622 -0.384863 0.867113 0.400795 -0.930002 -0.306262 0.203222 -0.504304 0.187351 -0.87068 -0.45477 0.485867 
1534184942358 0.320451 0.909661 -0.264249 -0.59403 -0.936067 0.346859 0.0588864 -0.186925 0.145224 0.228485 0.962655 0.345979 0.31622 -0.384863 0.867113 0.400795 -0.930002 -0.306262 0.203222 -0.504304 0.187351 -0.87068 -0.45477 0.485867 
1534184942374 0.320576 0.909557 -0.264456 -0.59404 -0.936037 0.346974 0.0586921 -0.186941 0.145143 0.228725 0.96261 0.346028 0.31622 -0.384863 0.867113 0.400795 -0.930002 -0.306262 0.203222 -0.504304 0.187351 -0.87068 -0.45477 0.485867 
1534184942427 0.320701 0.909453 -0.264662 -0.594051 -0.936006 0.347088 0.0584978 -0.186958 0.145062 0.228965 0.962565 0.346076 0.31622 -0.384863 0.867113 0.400795 -0.930002 -0.306262 0.203222 -0.504304 0.187351 -0.87068 -0.45477 0.485867 
1534184942449 0.320827 0.909349 -0.264868 -0.594061 -0.935976 0.347203 0.0583033 -0.186974 0.144981 0.229205 0.96252 0.346125 0.31622 -0.384863 0.867113 0.400795 -0.930002 -0.306262 0.203222 -0.504304 0.187351 -0.87068 -0.45477 0.485867 
1534184942476 0.320952 0.909244 -0.265075 -0.594071 -0.935945 0.347318 0.058109 -0.186991 0.1449 0.229445 0.962475 0.346173 0.31622 -0.384863 0.867113 0.400795 -0.930002 -0.306262 0.203222 -0.504304 0.187351 -0.87068 -0.45477 0.485867 
1534184942493 0.321077 0.90914 -0.265281 -0.59408 -0.935915 0.347433 0.0579145 -0.187007 0.14482 0.229685 0.96243 0.346222 0.31622 -0.384863 0.867113 0.400795 -0.930002 -0.306262 0.203222 -0.504304 0.187351 -0.87068 -0.45477 0.485867 
1534184942527 0.321203 0.909035 -0.265487 -0.594091 -0.935884 0.347547 0.05772 -0.187023 0.144739 0.229925 0.962385 0.346271 0.31622 -0.384863 0.867113 0.400795 -0.930002 -0.306262 0.203222 -0.504304 0.187351 -0.87068 -0.45477 0.485867 
1534184942559 0.321328 0.908931 -0.265693 -0.594102 -0.935854 0.347661 0.0575256 -0.18704 0.144658 0.230165 0.96234 0.346319 0.31622 -0.384863 0.867113 0.400795 -0.930002 -0.306262 0.203222 -0.504304 0.187351 -0.87068 -0.45477 0.485867 
1534184942595 0.320761 0.909367 -0.264886 -0.594042 -0.936005 0.34713 0.0582703 -0.186982 0.144939 0.229244 0.962517 0.346217 0.31622 -0.384863 0.867113 0.400795 -0.930002 -0.306262 0.203222 -0.504304 0.187351 -0.87068 -0.45477 0.485867 
1534184942607 0.320869 0.909414 -0.264592 -0.594061 -0.935976 0.347203 0.0583002 -0.186968 0.144886 0.228945 0.962597 0.346172 0.31622 -0.384863 0.867113 0.400795 -0.930002 -0.306262 0.203222 -0.504304 0.187351 -0.87068 -0.45477 0.485867 
1534184942623 0.320977 0.909462 -0.264297 -0.594082 -0.935947 0.347276 0.0583296 -0.186955 0.144833 0.228646 0.962676 0.346127 0.31622 -0.384863 0.867113 0.400795 -0.930002 -0.306262 0.203222 -0.504304 0.187351 -0.87068 -0.45477 0.485867 
1534184942640 0.321084 0.909509 -0.264002 -0.594104 -0.935919 0.347348 0.058359 -0.186943 0.144779 0.228347 0.962755 0.346081 0.31622 -0.384863 0.867113 0.400795 -0.930002 -0.306262 0.203222 -0.504304 0.187351 -0.87068 -0.45477 0.485867 
1534184942770 0.321192 0.909557 -0.263707 -0.594127 -0.93589 0.347419 0.0583885 -0.186931 0.144725 0.228047 0.962834 0.346035 0.31622 -0.384863 0.867113 0.400795 -0.930002 -0.306262 0.203222 -0.504304 0.187351 -0.87068 -0.45477 0.485867 
1534184942787 0.321299 0.909605 -0.263412 -0.59415 -0.935862 0.347491 0.058418 -0.186919 0.144671 0.227748 0.962913 0.345989 0.31622 -0.384863 0.867113 0.400795 -0.930002 -0.306262 0.203222 -0.504304 0.187351 -0.87068 -0.45477 0.485867 
1534184942803 0.321407 0.909652 -0.263118 -0.594171 -0.935833 0.347563 0.0584475 -0.186906 0.144617 0.227449 0.962992 0.345944 0.31622 -0.384863 0.867113 0.400795 -0.930002 -0.306262 0.203222 -0.504304 0.187351 -0.87068 -0.45477 0.485867 
1534184942820 0.321514 0.909699 -0.262823 -0.594193 -0.935804 0.347635 0.058477 -0.186893 0.144563 0.227149 0.96307 0.345898 0.31622 -0.384863 0.867113 0.400795 -0.930002 -0.306262 0.203222 -0.504304 0.187351 -0.87068 -0.45477 0.485867 
1534184942895 0.321622 0.909747 -0.262528 -0.594217 -0.935776 0.347707 0.0585066 -0.186881 0.144509 0.22685 0.963149 0.345852 0.31622 -0.384863 0.867113 0.400795 -0.930002 -0.306262 0.203222 -0.504304 0.187351 -0.87068 -0.45477 0.485867 
1534184942915 0.321729 0.909794 -0.262233 -0.594238 -0.935747 0.347779 0.0585362 -0.186869 0.144455 0.226551 0.963228 0.345807 0.31622 -0.384863 0.867113 0.400795 -0.930002 -0.306262 0.203222 -0.504304 0.187351 -0.87068 -0.45477 0.485867 
1534184942941 0.321276 0.909688 -0.263153 -0.594124 -0.935875 0.347443 0.0584888 -0.186926 0.144637 0.227487 0.96298 0.346003 0.31622 -0.384863 0.867113 0.400795 -0.930002 -0.306262 0.203222 -0.504304 0.187351 -0.87068 -0.45477 0.485867 
1534184942955 0.321056 0.909738 -0.263249 -0.594117 -0.935894 0.347326 0.0588854 -0.186947 0.145004 0.227468 0.962929 0.346002 0.31622 -0.384863 0.867113 0.400795 -0.930002 -0.306262 0.203222 -0.504304 0.187351 -0.87068 -0.45477 0.485867 
1534184942961 0.320835 0.909788 -0.263346 -0.59411 -0.935912 0.347208 0.0592837 -0.186969 0.145371 0.227448 0.962878 0.346001 0.31622 -0.384863 0.867113 0.400795 -0.930002 -0.306262 0.203222 -0.504304 0.187351 -0.87068 -0.45477 0.485867 
1534184942975 0.320614 0.909838 -0.263442 -0.594105 -0.935931 0.34709 0.059682 -0.186992 0.145739 0.227429 0.962827 0.346 0.31622 -0.384863 0.867113 0.400795 -0.930002 -0.306262 0.203222 -0.504304 0.187351 -0.87068 -0.45477 0.485867 
1534184942992 0.320393 0.909888 -0.263538 -0.594099 -0.935949 0.346972 0.0600801 -0.187014 0.146106 0.227409 0.962776 0.345999 0.31622 -0.384863 0.867113 0.400795 -0.930002 -0.306262 0.203222 -0.504304 0.187351 -0.87068 -0.45477 0.485867 
1534184943148 0.320172 0.909938 -0.263634 -0.594094 -0.935967 0.346854 0.0604784 -0.187037 0.146474 0.227389 0.962725 0.345997 0.31622 -0.384863 0.867113 0.400795 -0.930002 -0.306262 0.203222 -0.504304 0.187351 -0.87068 -0.45477 0.485867 
1534184943164 0.319952 0.909988 -0.26373 -0.594088 -0.935985 0.346735 0.0608766 -0.187059 0.146842 0.22737 0.962674 0.345996 0.31622 -0.384863 0.867113 0.400795 -0.930002 -0.306262 0.203222 -0.504304 0.187351 -0.87068 -0.45477 0.485867 
1534184943183 0.31973 0.910038 -0.263826 -0.594084 -0.936003 0.346617 0.061275 -0.187082 0.147209 0.22735 0.962622 0.345994 0.31622 -0.384863 0.867113 0.400795 -0.930002 -0.306262 0.203222 -0.504304 0.187351 -0.87068 -0.45477 0.485867 
1534184943198 0.319509 0.910087 -0.263922 -0.594078 -0.936021 0.346499 0.0616732 -0.187104 0.147577 0.227331 0.96257 0.345993 0.31622 -0.384863 0.867113 0.400795 -0.930002 -0.306262 0.203222 -0.504304 0.187351 -0.87068 -0.45477 0.485867 
1534184943436 0.319288 0.910137 -0.264017 -0.594072 -0.936038 0.346381 0.0620714 -0.187126 0.147944 0.227312 0.962519 0.345992 0.31622 -0.384863 0.867113 0.400795 -0.930002 -0.306262 0.203222 -0.504304 0.187351 -0.87068 -0.45477 0.485867 
1534184943461 0.320068 0.909975 -0.263633 -0.594093 -0.93601 0.346741 0.0604586 -0.187032 0.146428 0.227412 0.962727 0.345973 0.31622 -0.384863 0.867113 0.400795 -0.930002 -0.306262 0.203222 -0.504304 0.187351 -0.87068 -0.45477 0.485867 
1534184943472 0.320089 0.909906 -0.263845 -0.594092 -0.93601 0.346765 0.0603295 -0.187028 0.146387 0.227651 0.962676 0.346006 0.31622 -0.384863 0.867113 0.400795 -0.930002 -0.306262 0.203222 -0.504304 0.187351 -0.87068 -0.45477 0.485867 
1534184943488 0.32011 0.909837 -0.264057 -0.594086 -0.936009 0.34679 0.0602 -0.187022 0.146345 0.22789 0.962626 0.34604 0.31622 -0.384863 0.867113 0.400795 -0.930002 -0.306262 0.203222 -0.504304 0.187351 -0.87068 -0.45477 0.485867 
1534184943505 0.320132 0.909768 -0.264269 -0.594081 -0.936008 0.346815 0.0600706 -0.187016 0.146303 0.228128 0.962576 0.346074 0.31622 -0.384863 0.867113 0.400795 -0.930002 -0.306262 0.203222 -0.504304 0.187351 -0.87068 -0.45477 0.485867 
1534184943512 0.320154 0.909699 -0.264481 -0.594075 -0.936007 0.346839 0.0599411 -0.18701 0.146261 0.228366 0.962526 0.346108 0.31622 -0.384863 0.867113 0.400795 -0.930002 -0.306262 0.203222 -0.504304 0.187351 -0.87068 -0.45477 0.485867 
1534184943623 0.320175 0.909629 -0.264693 -0.59407 -0.936006 0.346864 0.0598117 -0.187005 0.146219 0.228604 0.962476 0.346142 0.31622 -0.384863 0.867113 0.400795 -0.930002 -0.306262 0.203222 -0.504304 0.187351 -0.87068 -0.45477 0.485867 
1534184943640 0.320197 0.90956 -0.264905 -0.594064 -0.936005 0.346889 0.0596822 -0.186999 0.146177 0.228842 0.962426 0.346177 0.31622 -0.384863 0.867113 0.400795 -0.930002 -0.306262 0.203222 -0.504304 0.187351 -0.87068 -0.45477 0.485867 
1534184943657 0.320218 0.909491 -0.265117 -0.594059 -0.936005 0.346913 0.0595528 -0.186993 0.146135 0.229081 0.962375 0.346211 0.31622 -0.384863 0.867113 0.400795 -0.930002 -0.306262 0.203222 -0.504304 0.187351 -0.87068 -0.45477 0.485867 
1534184943673 0.32024 0.909421 -0.265328 -0.594054 -0.936004 0.346938 0.0594234 -0.186987 0.146093 0.229319 0.962325 0.346245 0.31622 -0.384863 0.867113 0.400795 -0.930002 -0.306262 0.203222 -0.504304 0.187351 -0.87068 -0.45477 0.485867 
1534184943690 0.320262 0.909352 -0.26554 -0.594047 -0.936003 0.346962 0.0592939 -0.186981 0.146052 0.229557 0.962275 0.346279 0.31622 -0.384863 0.867113 0.400795 -0.930002 -0.306262 0.203222 -0.504304 0.187351 -0.87068 -0.45477 0.485867 
1534184943742 0.319962 0.90971 -0.264674 -0.594083 -0.936086 0.346646 0.0598279 -0.186888 0.146174 0.228615 0.96248 0.346119 0.31622 -0.384863 0.867113 0.400795 -0.930002 -0.306262 0.203222 -0.504304 0.187351 -0.87068 -0.45477 0.485867 
1534184943755 0.320074 0.909714 -0.264523 -0.594092 -0.936056 0.346731 0.059802 -0.18689 0.146121 0.228467 0.962523 0.346115 0.31622 -0.384863 0.867113 0.400795 -0.930002 -0.306262 0.203222 -0.504304 0.187351 -0.87068 -0.45477 0.485867 
1534184943772 0.320185 0.909719 -0.264371 -0.594106 -0.936027 0.346815 0.0597755 -0.186893 0.146067 0.228319 0.962567 0.346109 0.31622 -0.384863 0.867113 0.400795 -0.930002 -0.306262 0.203222 -0.504304 0.187351 -0.87068 -0.45477 0.485867 
1534184943789 0.320297 0.909724 -0.264219 -0.594119 -0.935997 0.3469 0.0597491 -0.186896 0.146013 0.228171 0.96261 0.346103 0.31622 -0.384863 0.867113 0.400795 -0.930002 -0.306262 0.203222 -0.504304 0.187351 -0.87068 -0.45477 0.485867 
1534184943806 0.320408 0.909729 -0.264067 -0.594133 -0.935967 0.346985 0.0597228 -0.186899 0.145959 0.228023 0.962653 0.346098 0.31622 -0.384863 0.867113 0.400795 -0.930002 -0.306262 0.203222 -0.504304 0.187351 -0.87068 -0.45477 0.485867 
1534184943891 0.32052 0.909734 -0.263916 -0.594145 -0.935937 0.34707 0.0596964 -0.186902 0.145905 0.227875 0.962697 0.346092 0.31622 -0.384863 0.867113 0.400795 -0.930002 -0.306262 0.203222 -0.504304 0.187351 -0.87068 -0.45477 0.485867 
1534184943908 0.320631 0.909739 -0.263764 -0.594159 -0.935908 0.347154 0.0596701 -0.186905 0.145851 0.227727 0.96274 0.346086 0.31622 -0.384863 0.867113 0.400795 -0.930002 -0.306262 0.203222 -0.504304 0.187351 -0.87068 -0.45477 0.485867 
1534184943924 0.320742 0.909743 -0.263612 -0.594172 -0.935878 0.347239 0.0596437 -0.186908 0.145797 0.227579 0.962783 0.346081 0.31622 -0.384863 0.867113 0.400795 -0.930002 -0.306262 0.203222 -0.504304 0.187351 -0.87068 -0.45477 0.485867 
1534184943941 0.320854 0.909748 -0.26346 -0.594187 -0.935848 0.347324 0.0596174 -0.186911 0.145743 0.22743 0.962826 0.346075 0.31622 -0.384863 0.867113 0.400795 -0.930002 -0.306262 0.203222 -0.504304 0.187351 -0.87068 -0.45477 0.485867 
1534184943958 0.320965 0.909753 -0.263308 -0.5942 -0.935818 0.347409 0.0595911 -0.186914 0.145689 0.227282 0.962869 0.34607 0.31622 -0.384863 0.867113 0.400795 -0.930002 -0.306262 0.203222 -0.504304 0.187351 -0.87068 -0.45477 0.485867 
1534184943978 0.320352 0.90975 -0.264063 -0.594168 -0.935964 0.346965 0.0598879 -0.18686 0.146104 0.227968 0.962644 0.346117 0.31622 -0.384863 0.867113 0.400795 -0.930002 -0.306262 0.203222 -0.504304 0.187351 -0.87068 -0.45477 0.485867 
1534184943991 0.320458 0.909755 -0.263917 -0.59417 -0.935928 0.347058 0.0599137 -0.186859 0.146101 0.227808 0.962683 0.346102 0.31622 -0.384863 0.867113 0.400795 -0.930002 -0.306262 0.203222 -0.504304 0.187351 -0.87068 -0.45477 0.485867 
1534184944008 0.320563 0.909761 -0.26377 -0.594173 -0.935892 0.347149 0.0599399 -0.186858 0.146099 0.227646 0.962721 0.346085 0.31622 -0.384863 0.867113 0.400795 -0.930002 -0.306262 0.203222 -0.504304 0.187351 -0.87068 -0.45477 0.485867 
1534184944024 0.320668 0.909767 -0.263623 -0.59418 -0.935857 0.34724 0.0599662 -0.186858 0.146096 0.227484 0.96276 0.346067 0.31622 -0.384863 0.867113 0.400795 -0.930002 -0.306262 0.203222 -0.504304 0.187351 -0.87068 -0.45477 0.485867 
1534184944041 0.320773 0.909772 -0.263476 -0.594184 -0.935821 0.347332 0.0599924 -0.186857 0.146093 0.227322 0.962799 0.34605 0.31622 -0.384863 0.867113 0.400795 -0.930002 -0.306262 0.203222 -0.504304 0.187351 -0.87068 -0.45477 0.485867 
1534184944058 0.320878 0.909778 -0.263328 -0.59419 -0.935786 0.347423 0.0600187 -0.186857 0.14609 0.22716 0.962837 0.346033 0.31622 -0.384863 0.867113 0.400795 -0.930002 -0.306262 0.203222 -0.504304 0.187351 -0.87068 -0.45477 0.485867 
1534184944074 0.320983 0.909783 -0.263181 -0.594195 -0.93575 0.347515 0.0600449 -0.186856 0.146087 0.226998 0.962876 0.346016 0.31622 -0.384863 0.867113 0.400795 -0.930002 -0.306262 0.203222 -0.504304 0.187351 -0.87068 -0.45477 0.485867 
1534184944091 0.321088 0.909789 -0.263034 -0.594201 -0.935715 0.347606 0.0600713 -0.186856 0.146084 0.226836 0.962915 0.345998 0.31622 -0.384863 0.867113 0.400795 -0.930002 -0.306262 0.203222 -0.504304 0.187351 -0.87068 -0.45477 0.485867 
1534184944108 0.321194 0.909794 -0.262887 -0.594205 -0.935679 0.347697 0.0600976 -0.186855 0.146081 0.226675 0.962953 0.345981 0.31622 -0.384863 0.867113 0.400795 -0.930002 -0.306262 0.203222 -0.504304 0.187351 -0.87068 -0.45477 0.485867 
1534184944124 0.321299 0.909799 -0.262739 -0.59421 -0.935643 0.347789 0.0601239 -0.186855 0.146078 0.226513 0.962992 0.345964 0.31622 -0.384863 0.867113 0.400795 -0.930002 -0.306262 0.203222 -0.504304 0.187351 -0.87068 -0.45477 0.485867 
1534184944144 0.320897 0.909699 -0.263578 -0.594185 -0.935812 0.347407 0.059702 -0.186962 0.145879 0.227501 0.962789 0.346051 0.31622 -0.384863 0.867113 0.400795 -0.930002 -0.306262 0.203222 -0.504304 0.187351 -0.87068 -0.45477 0.485867 
1534184944158 0.320894 0.909682 -0.263639 -0.594184 -0.935813 0.347408 0.0596813 -0.186964 0.145881 0.227565 0.962773 0.346055 0.31622 -0.384863 0.867113 0.400795 -0.930002 -0.306262 0.203222 -0.504304 0.187351 -0.87068 -0.45477 0.485867 
1534184944174 0.320891 0.909665 -0.263701 -0.59418 -0.935814 0.34741 0.0596601 -0.186965 0.145883 0.227631 0.962758 0.346062 0.31622 -0.384863 0.867113 0.400795 -0.930002 -0.306262 0.203222 -0.504304 0.187351 -0.87068 -0.45477 0.485867 
1534184944191 0.320888 0.909648 -0.263763 -0.594176 -0.935814 0.347411 0.059639 -0.186966 0.145885 0.227696 0.962742 0.346068 0.31622 -0.384863 0.867113 0.400795 -0.930002 -0.306262 0.203222 -0.504304 0.187351 -0.87068 -0.45477 0.485867 
1534184944208 0.320885 0.909632 -0.263825 -0.594173 -0.935815 0.347413 0.059618 -0.186967 0.145886 0.227761 0.962726 0.346074 0.31622 -0.384863 0.867113 0.400795 -0.930002 -0.306262 0.203222 -0.504304 0.187351 -0.87068 -0.45477 0.485867 
1534184944224 0.320882 0.909615 -0.263887 -0.594168 -0.935816 0.347414 0.0595969 -0.186967 0.145888 0.227826 0.962711 0.34608 0.31622 -0.384863 0.867113 0.400795 -0.930002 -0.306262 0.203222 -0.504304 0.187351 -0.87068 -0.45477 0.485867 
1534184944287 0.320879 0.909598 -0.263948 -0.594164 -0.935817 0.347416 0.0595759 -0.186968 0.14589 0.227891 0.962695 0.346086 0.31622 -0.384863 0.867113 0.400795 -0.930002 -0.306262 0.203222 -0.504304 0.187351 -0.87068 -0.45477 0.485867 
1534184944304 0.320876 0.909581 -0.26401 -0.594159 -0.935817 0.347417 0.0595547 -0.186968 0.145892 0.227956 0.96268 0.346093 0.31622 -0.384863 0.867113 0.400795 -0.930002 -0.306262 0.203222 -0.504304 0.187351 -0.87068 -0.45477 0.485867 
1534184944321 0.320873 0.909564 -0.264072 -0.594155 -0.935818 0.347419 0.0595337 -0.186969 0.145893 0.228021 0.962664 0.346099 0.31622 -0.384863 0.867113 0.400795 -0.930002 -0.306262 0.203222 -0.504304 0.187351 -0.87068 -0.45477 0.485867 
1534184944337 0.32087 0.909547 -0.264134 -0.594151 -0.935819 0.34742 0.0595127 -0.18697 0.145895 0.228086 0.962648 0.346105 0.31622 -0.384863 0.867113 0.400795 -0.930002 -0.306262 0.203222 -0.504304 0.187351 -0.87068 -0.45477 0.485867 
1534184944362 0.320961 0.909603 -0.263831 -0.594199 -0.935774 0.347511 0.059697 -0.18694 0.145985 0.227726 0.96272 0.346042 0.31622 -0.384863 0.867113 0.400795 -0.930002 -0.306262 0.203222 -0.504304 0.187351 -0.87068 -0.45477 0.485867 
1534184944374 0.320815 0.909533 -0.264249 -0.594181 -0.935756 0.347503 0.0600248 -0.186967 0.146422 0.228016 0.962585 0.346084 0.31622 -0.384863 0.867113 0.400795 -0.930002 -0.306262 0.203222 -0.504304 0.187351 -0.87068 -0.45477 0.485867 
1534184944391 0.320669 0.909463 -0.264668 -0.594161 -0.935737 0.347496 0.0603528 -0.186994 0.14686 0.228306 0.962449 0.346127 0.31622 -0.384863 0.867113 0.400795 -0.930002 -0.306262 0.203222 -0.504304 0.187351 -0.87068 -0.45477 0.485867 
1534184944407 0.320522 0.909393 -0.265086 -0.594139 -0.935718 0.347489 0.0606807 -0.18702 0.147297 0.228596 0.962314 0.34617 0.31622 -0.384863 0.867113 0.400795 -0.930002 -0.306262 0.203222 -0.504304 0.187351 -0.87068 -0.45477 0.485867 
1534184944432 0.320376 0.909322 -0.265504 -0.594117 -0.9357 0.347483 0.0610086 -0.187046 0.147735 0.228886 0.962177 0.346214 0.31622 -0.384863 0.867113 0.400795 -0.930002 -0.306262 0.203222 -0.504304 0.187351 -0.87068 -0.45477 0.485867 
1534184944528 0.32023 0.909251 -0.265922 -0.594095 -0.935681 0.347476 0.0613365 -0.187071 0.148172 0.229177 0.962041 0.346257 0.31622 -0.384863 0.867113 0.400795 -0.930002 -0.306262 0.203222 -0.504304 0.187351 -0.87068 -0.45477 0.485867 
1534184944555 0.320083 0.909181 -0.26634 -0.594074 -0.935661 0.34747 0.0616645 -0.187098 0.148609 0.229467 0.961905 0.3463 0.31622 -0.384863 0.867113 0.400795 -0.930002 -0.306262 0.203222 -0.504304 0.187351 -0.87068 -0.45477 0.485867 
1534184944587 0.319936 0.90911 -0.266758 -0.594052 -0.935642 0.347463 0.0619923 -0.187123 0.149047 0.229757 0.961768 0.346344 0.31622 -0.384863 0.867113 0.400795 -0.930002 -0.306262 0.203222 -0.504304 0.187351 -0.87068 -0.45477 0.485867 
1534184944667 0.319789 0.909039 -0.267176 -0.594031 -0.935623 0.347457 0.0623202 -0.18715 0.149484 0.230047 0.96163 0.346387 0.31622 -0.384863 0.867113 0.400795 -0.930002 -0.306262 0.203222 -0.504304 0.187351 -0.87068 -0.45477 0.485867 
1534184944695 0.319641 0.908968 -0.267594 -0.59401 -0.935603 0.347451 0.0626481 -0.187176 0.149921 0.230337 0.961493 0.34643 0.31622 -0.384863 0.867113 0.400795 -0.930002 -0.306262 0.203222 -0.504304 0.187351 -0.87068 -0.45477 0.485867 
1534184944730 0.319974 0.909127 -0.266654 -0.594081 -0.93565 0.347462 0.0618896 -0.187108 0.148917 0.229691 0.961803 0.346293 0.31622 -0.384863 0.867113 0.400795 -0.930002 -0.306262 0.203222 -0.504304 0.187351 -0.87068 -0.45477 0.485867 
1534184944744 0.319978 0.909114 -0.266695 -0.594076 -0.93563 0.347496 0.0619883 -0.187111 0.14903 0.229693 0.961785 0.346286 0.31622 -0.384863 0.867113 0.400795 -0.930002 -0.306262 0.203222 -0.504304 0.187351 -0.87068 -0.45477 0.485867 
1534184944760 0.319981 0.909101 -0.266736 -0.594065 -0.935611 0.347529 0.0620873 -0.187115 0.149142 0.229694 0.961768 0.346279 0.31622 -0.384863 0.867113 0.400795 -0.930002 -0.306262 0.203222 -0.504304 0.187351 -0.87068 -0.45477 0.485867 
1534184944778 0.319985 0.909087 -0.266778 -0.594054 -0.935592 0.347563 0.0621858 -0.187119 0.149255 0.229697 0.96175 0.346272 0.31622 -0.384863 0.867113 0.400795 -0.930002 -0.306262 0.203222 -0.504304 0.187351 -0.87068 -0.45477 0.485867 
1534184944784 0.319989 0.909073 -0.26682 -0.594043 -0.935573 0.347597 0.0622844 -0.187122 0.149367 0.229699 0.961732 0.346266 0.31622 -0.384863 0.867113 0.400795 -0.930002 -0.306262 0.203222 -0.504304 0.187351 -0.87068 -0.45477 0.485867 
1534184944797 0.319992 0.90906 -0.266861 -0.594034 -0.935554 0.347631 0.062383 -0.187125 0.149479 0.229701 0.961714 0.346259 0.31622 -0.384863 0.867113 0.400795 -0.930002 -0.306262 0.203222 -0.504304 0.187351 -0.87068 -0.45477 0.485867 
1534184944814 0.319996 0.909046 -0.266902 -0.594023 -0.935535 0.347665 0.0624815 -0.187128 0.149591 0.229703 0.961696 0.346252 0.31622 -0.384863 0.867113 0.400795 -0.930002 -0.306262 0.203222 -0.504304 0.187351 -0.87068 -0.45477 0.485867 
1534184944831 0.32 0.909033 -0.266944 -0.594013 -0.935515 0.347699 0.0625801 -0.187131 0.149704 0.229704 0.961678 0.346246 0.31622 -0.384863 0.867113 0.400795 -0.930002 -0.306262 0.203222 -0.504304 0.187351 -0.87068 -0.45477 0.485867 
1534184944847 0.320004 0.909019 -0.266985 -0.594001 -0.935496 0.347733 0.0626786 -0.187134 0.149816 0.229706 0.96166 0.346239 0.31622 -0.384863 0.867113 0.400795 -0.930002 -0.306262 0.203222 -0.504304 0.187351 -0.87068 -0.45477 0.485867 
1534184944864 0.320007 0.909006 -0.267027 -0.593991 -0.935477 0.347767 0.0627771 -0.187137 0.149928 0.229708 0.961642 0.346233 0.31622 -0.384863 0.867113 0.400795 -0.930002 -0.306262 0.203222 -0.504304 0.187351 -0.87068 -0.45477 0.485867 
1534184944889 0.319627 0.909012 -0.267461 -0.594062 -0.935633 0.34739 0.062545 -0.187121 0.149767 0.230255 0.961537 0.346403 0.31622 -0.384863 0.867113 0.400795 -0.930002 -0.306262 0.203222 -0.504304 0.187351 -0.87068 -0.45477 0.485867 
1534184944901 0.319646 0.909007 -0.267457 -0.594059 -0.935679 0.347327 0.0622003 -0.187104 0.149436 0.230372 0.96156 0.346412 0.31622 -0.384863 0.867113 0.400795 -0.930002 -0.306262 0.203222 -0.504304 0.187351 -0.87068 -0.45477 0.485867 
1534184944917 0.319667 0.909 -0.267454 -0.594053 -0.935725 0.347264 0.0618539 -0.187083 0.149102 0.230491 0.961583 0.346423 0.31622 -0.384863 0.867113 0.400795 -0.930002 -0.306262 0.203222 -0.504304 0.187351 -0.87068 -0.45477 0.485867 
1534184944934 0.319687 0.908994 -0.267451 -0.594047 -0.935771 0.347202 0.0615077 -0.187063 0.148769 0.230609 0.961606 0.346434 0.31622 -0.384863 0.867113 0.400795 -0.930002 -0.306262 0.203222 -0.504304 0.187351 -0.87068 -0.45477 0.485867 
1534184945031 0.319708 0.908988 -0.267447 -0.59404 -0.935817 0.347139 0.0611615 -0.187043 0.148436 0.230728 0.961629 0.346445 0.31622 -0.384863 0.867113 0.400795 -0.930002 -0.306262 0.203222 -0.504304 0.187351 -0.87068 -0.45477 0.485867 
1534184945048 0.319728 0.908982 -0.267444 -0.594035 -0.935863 0.347076 0.0608153 -0.187024 0.148103 0.230846 0.961652 0.346455 0.31622 -0.384863 0.867113 0.400795 -0.930002 -0.306262 0.203222 -0.504304 0.187351 -0.87068 -0.45477 0.485867 
1534184945064 0.319748 0.908976 -0.267441 -0.594028 -0.935909 0.347014 0.0604691 -0.187004 0.14777 0.230965 0.961675 0.346466 0.31622 -0.384863 0.867113 0.400795 -0.930002 -0.306262 0.203222 -0.504304 0.187351 -0.87068 -0.45477 0.485867 
1534184945081 0.319768 0.90897 -0.267437 -0.594022 -0.935954 0.346951 0.0601229 -0.186984 0.147437 0.231083 0.961698 0.346477 0.31622 -0.384863 0.867113 0.400795 -0.930002 -0.306262 0.203222 -0.504304 0.187351 -0.87068 -0.45477 0.485867 
1534184945098 0.319789 0.908963 -0.267433 -0.594016 -0.936 0.346888 0.0597767 -0.186965 0.147104 0.231202 0.96172 0.346487 0.31622 -0.384863 0.867113 0.400795 -0.930002 -0.306262 0.203222 -0.504304 0.187351 -0.87068 -0.45477 0.485867 
1534184945122 0.319809 0.908957 -0.26743 -0.594009 -0.936045 0.346825 0.0594304 -0.186944 0.146771 0.23132 0.961743 0.346498 0.31622 -0.384863 0.867113 0.400795 -0.930002 -0.306262 0.203222 -0.504304 0.187351 -0.87068 -0.45477 0.485867 
1534184945177 0.319735 0.90898 -0.26744 -0.594023 -0.935815 0.347153 0.0611076 -0.187081 0.148388 0.230736 0.961635 0.346495 0.31622 -0.384863 0.867113 0.400795 -0.930002 -0.306262 0.203222 -0.504304 0.187351 -0.87068 -0.45477 0.485867 
1534184945184 0.319768 0.909095 -0.267011 -0.594037 -0.935852 0.347082 0.0609509 -0.187079 0.148085 0.230392 0.961764 0.346464 0.31622 -0.384863 0.867113 0.400795 -0.930002 -0.306262 0.203222 -0.504304 0.187351 -0.87068 -0.45477 0.485867 
1534184945191 0.319801 0.909209 -0.266581 -0.594056 -0.935889 0.347011 0.0607958 -0.18708 0.147782 0.230047 0.961893 0.346431 0.31622 -0.384863 0.867113 0.400795 -0.930002 -0.306262 0.203222 -0.504304 0.187351 -0.87068 -0.45477 0.485867 
1534184945207 0.319834 0.909324 -0.266151 -0.594074 -0.935925 0.34694 0.0606406 -0.18708 0.14748 0.229702 0.962022 0.346399 0.31622 -0.384863 0.867113 0.400795 -0.930002 -0.306262 0.203222 -0.504304 0.187351 -0.87068 -0.45477 0.485867 
1534184945325 0.319867 0.909438 -0.26572 -0.594093 -0.935961 0.346869 0.0604854 -0.18708 0.147178 0.229357 0.962151 0.346366 0.31622 -0.384863 0.867113 0.400795 -0.930002 -0.306262 0.203222 -0.504304 0.187351 -0.87068 -0.45477 0.485867 
1534184945352 0.3199 0.909552 -0.26529 -0.594111 -0.935998 0.346798 0.06033 -0.18708 0.146875 0.229011 0.962279 0.346334 0.31622 -0.384863 0.867113 0.400795 -0.930002 -0.306262 0.203222 -0.504304 0.187351 -0.87068 -0.45477 0.485867 
1534184945395 0.319933 0.909666 -0.26486 -0.59413 -0.936034 0.346727 0.0601748 -0.18708 0.146573 0.228666 0.962408 0.346301 0.31622 -0.384863 0.867113 0.400795 -0.930002 -0.306262 0.203222 -0.504304 0.187351 -0.87068 -0.45477 0.485867 
1534184945449 0.319965 0.90978 -0.26443 -0.594148 -0.93607 0.346656 0.0600194 -0.18708 0.146271 0.228321 0.962536 0.346269 0.31622 -0.384863 0.867113 0.400795 -0.930002 -0.306262 0.203222 -0.504304 0.187351 -0.87068 -0.45477 0.485867 
