1535159885173 0.209841 0.918333 -0.335605 -0.472394 -0.944008 0.27967 0.175024 -0.171748 0.254589 0.280086 0.9256 0.474951 0.174246 -0.0414308 0.98383 0.380954 -0.984392 -0.0324221 0.17298 -0.497176 0.0247311 -0.998615 -0.0464336 0.429216 
1535159885185 0.214136 0.919117 -0.330711 -0.488617 -0.943349 0.282437 0.174132 -0.178837 0.253452 0.274688 0.927528 0.46485 0.172882 -0.0487884 0.983733 0.38126 -0.984913 -0.0163145 0.17228 -0.495931 0.00764386 -0.998676 -0.0508729 0.430141 
1535159885192 0.218423 0.919861 -0.325803 -0.504842 -0.942677 0.285205 0.173255 -0.185928 0.252291 0.269285 0.929427 0.454748 0.171392 -0.0561217 0.983603 0.381566 -0.985158 -0.000198144 0.171651 -0.494684 -0.00943846 -0.998424 -0.0553226 0.431065 
1535159885897 0.222701 0.920564 -0.320882 -0.521067 -0.941993 0.287976 0.172392 -0.193019 0.251104 0.263877 0.931298 0.444646 0.169776 -0.0634276 0.983439 0.381871 -0.985126 0.0159228 0.171094 -0.493437 -0.0265111 -0.997859 -0.0597809 0.43199 
1535159886407 0.22697 0.921228 -0.315948 -0.537292 -0.941296 0.290747 0.171544 -0.20011 0.249893 0.258465 0.93314 0.434544 0.168035 -0.0707039 0.983242 0.382176 -0.984818 0.032043 0.170608 -0.49219 -0.0435687 -0.996983 -0.0642462 0.432914 
1535159886523 0.231229 0.921852 -0.311 -0.553517 -0.940587 0.293521 0.170712 -0.2072 0.248656 0.253049 0.934953 0.424442 0.16617 -0.0779484 0.983011 0.382482 -0.984233 0.0481576 0.170195 -0.490942 -0.0606059 -0.995794 -0.068717 0.433839 
1535159886932 0.23548 0.922436 -0.30604 -0.569742 -0.939865 0.296295 0.169894 -0.214291 0.247394 0.24763 0.936737 0.41434 0.164182 -0.0851588 0.982747 0.382787 -0.983372 0.0642615 0.169854 -0.489695 -0.0776174 -0.994293 -0.0731922 0.434764 
1535159887707 0.23972 0.922981 -0.301066 -0.585968 -0.93913 0.29907 0.169091 -0.221382 0.246108 0.242206 0.938492 0.404238 0.16207 -0.0923328 0.98245 0.383093 -0.982234 0.0803496 0.169586 -0.488448 -0.0945978 -0.992481 -0.0776702 0.435688 
1535159888170 0.243951 0.923485 -0.296081 -0.602194 -0.938383 0.301846 0.168303 -0.228473 0.244797 0.236779 0.940218 0.394136 0.159836 -0.0994682 0.982119 0.383398 -0.980822 0.0964169 0.16939 -0.487201 -0.111542 -0.990358 -0.0821496 0.436613 
1535159888283 0.248172 0.923949 -0.291083 -0.618417 -0.937624 0.304624 0.167531 -0.235564 0.24346 0.23135 0.941915 0.384034 0.157479 -0.106563 0.981756 0.383704 -0.979133 0.112458 0.169265 -0.485954 -0.128444 -0.987926 -0.0866291 0.437537 
1535159889874 0.245015 0.923199 -0.296094 -0.601985 -0.938093 0.302874 0.168073 -0.228674 0.244843 0.236583 0.940255 0.394897 0.157668 -0.105925 0.981795 0.3837 -0.979147 0.112215 0.16935 -0.486108 -0.128111 -0.988022 -0.0860234 0.437445 
1535159890029 0.245754 0.923323 -0.295093 -0.605247 -0.937971 0.303327 0.16794 -0.23007 0.244573 0.235517 0.940594 0.392801 0.160452 -0.105513 0.981388 0.383703 -0.979425 0.106274 0.171558 -0.486422 -0.122398 -0.988723 -0.0862898 0.437657 
1535159890349 0.246492 0.923445 -0.294092 -0.608513 -0.937848 0.303779 0.167809 -0.231468 0.244301 0.234451 0.94093 0.390705 0.163234 -0.105084 0.980975 0.383706 -0.979663 0.100329 0.173764 -0.486737 -0.11668 -0.989389 -0.0865697 0.437869 
1535159890360 0.247229 0.923566 -0.293092 -0.611779 -0.937725 0.304231 0.167678 -0.232866 0.244029 0.233384 0.941266 0.388608 0.166013 -0.104638 0.980556 0.383708 -0.979861 0.0943816 0.175967 -0.487051 -0.110959 -0.990022 -0.0868624 0.438081 
1535159890811 0.247966 0.923686 -0.29209 -0.615045 -0.937601 0.304684 0.167547 -0.234265 0.243756 0.232318 0.9416 0.386512 0.168788 -0.104176 0.980132 0.383711 -0.980018 0.0884318 0.178167 -0.487366 -0.105236 -0.99062 -0.087168 0.438293 
1535159890922 0.248703 0.923804 -0.291088 -0.618311 -0.937477 0.305136 0.167417 -0.235663 0.243482 0.231252 0.941934 0.384415 0.171558 -0.103697 0.979701 0.383714 -0.980136 0.08248 0.180364 -0.487681 -0.0995089 -0.991183 -0.0874865 0.438505 
1535159890975 0.249439 0.923921 -0.290086 -0.621578 -0.937353 0.305589 0.167287 -0.237061 0.243207 0.230185 0.942266 0.382318 0.174326 -0.103201 0.979265 0.383717 -0.980212 0.0765264 0.182559 -0.487995 -0.0937798 -0.991712 -0.0878179 0.438717 
1535159891123 0.250174 0.924037 -0.289083 -0.624845 -0.937228 0.306041 0.167158 -0.23846 0.242931 0.229118 0.942597 0.380222 0.177089 -0.102688 0.978823 0.38372 -0.980249 0.0705713 0.18475 -0.48831 -0.0880483 -0.992207 -0.0881622 0.438929 
1535159891504 0.25091 0.924151 -0.28808 -0.628111 -0.937103 0.306494 0.167029 -0.239858 0.242655 0.228051 0.942927 0.378125 0.179847 -0.102158 0.978375 0.383723 -0.980244 0.0646148 0.186938 -0.488625 -0.0823148 -0.992667 -0.0885192 0.439141 
1535159891664 0.251645 0.924263 -0.287076 -0.631376 -0.936978 0.306946 0.166901 -0.241256 0.242378 0.226984 0.943256 0.376029 0.182603 -0.101612 0.977922 0.383726 -0.9802 0.0586573 0.189123 -0.488939 -0.0765794 -0.993093 -0.0888891 0.439353 
1535159892210 0.251526 0.923934 -0.288237 -0.627895 -0.936931 0.307116 0.166852 -0.239978 0.242682 0.22809 0.94291 0.378506 0.182171 -0.10193 0.977969 0.383734 -0.980176 0.0599788 0.188833 -0.488763 -0.0779052 -0.992982 -0.0889828 0.439319 
1535159892226 0.250975 0.923434 -0.290313 -0.628197 -0.936841 0.30719 0.16722 -0.240213 0.243598 0.230009 0.942208 0.378471 0.183465 -0.101901 0.97773 0.38377 -0.980207 0.0563105 0.189799 -0.488913 -0.0743971 -0.9932 -0.089553 0.439441 
1535159892515 0.250423 0.922929 -0.292389 -0.6285 -0.936751 0.307266 0.167587 -0.240448 0.244512 0.231928 0.941501 0.378435 0.18476 -0.101867 0.97749 0.383807 -0.980224 0.0526414 0.190763 -0.489066 -0.070889 -0.993404 -0.0901264 0.439563 
1535159892732 0.249868 0.922419 -0.294462 -0.628803 -0.93666 0.307342 0.167954 -0.240684 0.245425 0.233845 0.940789 0.378399 0.186056 -0.101828 0.977248 0.383845 -0.980226 0.0489717 0.191726 -0.48922 -0.0673806 -0.993596 -0.0907034 0.439686 
1535159892760 0.249312 0.921906 -0.296534 -0.629107 -0.936569 0.307418 0.168321 -0.24092 0.246336 0.23576 0.940072 0.378363 0.187351 -0.101785 0.977005 0.383882 -0.980214 0.0453013 0.192686 -0.489375 -0.0638721 -0.993774 -0.0912838 0.439808 
1535159892767 0.248753 0.921389 -0.298605 -0.629411 -0.936478 0.307495 0.168688 -0.241156 0.247247 0.237675 0.939351 0.378327 0.188646 -0.101737 0.976761 0.38392 -0.980188 0.0416303 0.193644 -0.489529 -0.0603635 -0.99394 -0.0918676 0.439931 
1535159893165 0.248192 0.920867 -0.300673 -0.629715 -0.936386 0.307573 0.169055 -0.241392 0.248156 0.239588 0.938625 0.378291 0.18994 -0.101683 0.976516 0.383957 -0.980148 0.0379589 0.194599 -0.489683 -0.056855 -0.994092 -0.0924548 0.440053 
1535159893287 0.247629 0.920341 -0.30274 -0.630018 -0.936294 0.307651 0.169421 -0.241627 0.249064 0.2415 0.937894 0.378256 0.191233 -0.101625 0.976269 0.383995 -0.980094 0.0342871 0.195552 -0.489836 -0.0533464 -0.994232 -0.0930455 0.440175 
1535159893421 0.247065 0.919811 -0.304806 -0.630323 -0.936202 0.307731 0.169787 -0.241864 0.24997 0.243412 0.937158 0.378219 0.192527 -0.101562 0.976022 0.384033 -0.980025 0.0306148 0.196502 -0.489991 -0.0498379 -0.994358 -0.0936396 0.440298 
1535159893647 0.246498 0.919277 -0.30687 -0.630626 -0.936109 0.307811 0.170153 -0.242099 0.250876 0.245321 0.936418 0.378184 0.19382 -0.101495 0.975773 0.38407 -0.979943 0.0269422 0.19745 -0.490145 -0.0463296 -0.994471 -0.0942371 0.44042 
1535159894059 0.24682 0.919607 -0.30562 -0.630439 -0.936166 0.307747 0.169957 -0.241897 0.250348 0.244162 0.936862 0.378214 0.193419 -0.101654 0.975836 0.384056 -0.979962 0.0282157 0.197176 -0.490038 -0.0475776 -0.99442 -0.0941597 0.44034 
1535159894083 0.246292 0.919773 -0.305545 -0.630733 -0.936317 0.307221 0.170076 -0.242127 0.250301 0.244199 0.936865 0.378125 0.193231 -0.102203 0.975816 0.384037 -0.979962 0.0288946 0.197078 -0.490038 -0.0483378 -0.994344 -0.0945715 0.440387 
1535159894203 0.245764 0.91994 -0.305469 -0.631033 -0.936469 0.306693 0.170194 -0.242361 0.250253 0.244235 0.936869 0.378035 0.193043 -0.102751 0.975795 0.384018 -0.979961 0.0295744 0.196981 -0.490037 -0.0490986 -0.994267 -0.0949832 0.440434 
1535159894269 0.245235 0.920106 -0.305392 -0.631332 -0.93662 0.306165 0.170312 -0.242594 0.250205 0.24427 0.936872 0.377945 0.192854 -0.1033 0.975775 0.383999 -0.97996 0.0302542 0.196884 -0.490037 -0.0498594 -0.99419 -0.0953949 0.44048 
1535159894461 0.244707 0.920272 -0.305316 -0.631631 -0.936771 0.305637 0.17043 -0.242827 0.250158 0.244306 0.936876 0.377854 0.192665 -0.103848 0.975754 0.38398 -0.979958 0.0309341 0.196787 -0.490036 -0.05062 -0.994112 -0.0958067 0.440527 
1535159894492 0.244178 0.920438 -0.30524 -0.631929 -0.936921 0.305109 0.170548 -0.243059 0.25011 0.244341 0.936879 0.377765 0.192476 -0.104396 0.975733 0.383962 -0.979956 0.0316139 0.196691 -0.490036 -0.0513805 -0.994033 -0.0962186 0.440574 
1535159894703 0.24365 0.920603 -0.305163 -0.632228 -0.937072 0.304581 0.170666 -0.243293 0.250062 0.244377 0.936882 0.377674 0.192285 -0.104944 0.975712 0.383943 -0.979953 0.0322939 0.196595 -0.490035 -0.0521409 -0.993954 -0.0966305 0.440621 
1535159894774 0.243121 0.920768 -0.305086 -0.632527 -0.937222 0.304053 0.170784 -0.243525 0.250015 0.244412 0.936886 0.377584 0.192095 -0.105492 0.97569 0.383924 -0.979949 0.0329738 0.196499 -0.490035 -0.0529012 -0.993873 -0.0970425 0.440668 
1535159894917 0.242592 0.920933 -0.305009 -0.632826 -0.937372 0.303524 0.170902 -0.243759 0.249967 0.244448 0.936889 0.377494 0.191904 -0.106039 0.975668 0.383905 -0.979946 0.0336538 0.196403 -0.490034 -0.0536614 -0.993792 -0.0974545 0.440714 
1535159894960 0.242063 0.921098 -0.304933 -0.633125 -0.937521 0.302996 0.17102 -0.243992 0.249919 0.244483 0.936893 0.377404 0.191712 -0.106587 0.975646 0.383886 -0.979941 0.034334 0.196307 -0.490034 -0.0544215 -0.99371 -0.0978665 0.440761 
1535159895274 0.242668 0.920924 -0.304978 -0.632908 -0.93735 0.303592 0.170899 -0.244004 0.249974 0.244399 0.9369 0.377521 0.191971 -0.10592 0.975668 0.383935 -0.97993 0.0337087 0.196469 -0.490034 -0.0536985 -0.993803 -0.0973227 0.44064 
1535159895287 0.242581 0.921346 -0.30377 -0.633076 -0.93756 0.303103 0.170618 -0.24412 0.249271 0.243414 0.937344 0.377357 0.192009 -0.107242 0.975516 0.383957 -0.979963 0.032688 0.196478 -0.490079 -0.0529584 -0.993695 -0.0988167 0.440843 
1535159895292 0.242492 0.921767 -0.302562 -0.633249 -0.937769 0.302613 0.170335 -0.244238 0.248568 0.242428 0.937786 0.377191 0.192049 -0.108563 0.975362 0.38398 -0.979995 0.031667 0.196486 -0.490124 -0.0522179 -0.993585 -0.10031 0.441047 
1535159895507 0.242403 0.922186 -0.301353 -0.633424 -0.937978 0.302124 0.170052 -0.244357 0.247866 0.241441 0.938226 0.377026 0.192089 -0.109884 0.975206 0.384002 -0.980026 0.0306459 0.196492 -0.490169 -0.0514773 -0.993472 -0.101802 0.44125 
1535159895532 0.242312 0.922604 -0.300144 -0.633597 -0.938187 0.301635 0.169768 -0.244476 0.247163 0.240454 0.938665 0.37686 0.19213 -0.111205 0.975048 0.384025 -0.980057 0.0296248 0.196496 -0.490215 -0.0507369 -0.993356 -0.103295 0.441454 
1535159895537 0.242221 0.923021 -0.298935 -0.63377 -0.938396 0.301146 0.169484 -0.244593 0.24646 0.239466 0.939102 0.376695 0.192173 -0.112525 0.974889 0.384047 -0.980087 0.0286036 0.196499 -0.49026 -0.0499964 -0.993237 -0.104787 0.441657 
1535159895713 0.242129 0.923436 -0.297725 -0.633944 -0.938604 0.300657 0.169198 -0.244712 0.245757 0.238478 0.939538 0.376529 0.192216 -0.113845 0.974727 0.384069 -0.980116 0.0275825 0.1965 -0.490305 -0.049256 -0.993116 -0.106279 0.44186 
1535159895886 0.242036 0.923849 -0.296514 -0.634116 -0.938811 0.300169 0.168912 -0.24483 0.245054 0.237488 0.939972 0.376364 0.19226 -0.115165 0.974563 0.384092 -0.980144 0.0265613 0.1965 -0.49035 -0.0485156 -0.992991 -0.107771 0.442064 
1535159895986 0.241942 0.924262 -0.295304 -0.634291 -0.939019 0.299681 0.168626 -0.244949 0.244351 0.236498 0.940405 0.376199 0.192306 -0.116484 0.974397 0.384114 -0.980171 0.0255401 0.196499 -0.490395 -0.0477752 -0.992864 -0.109263 0.442267 
1535159895992 0.241847 0.924673 -0.294092 -0.634463 -0.939226 0.299193 0.168339 -0.245067 0.243649 0.235507 0.940836 0.376033 0.192352 -0.117804 0.974229 0.384136 -0.980198 0.0245188 0.196496 -0.490441 -0.0470349 -0.992734 -0.110755 0.442471 
1535159896436 0.242012 0.924364 -0.294927 -0.634358 -0.939077 0.299606 0.168437 -0.245022 0.244059 0.236195 0.940557 0.376184 0.19227 -0.116663 0.974383 0.384092 -0.980192 0.0252202 0.196436 -0.490399 -0.047491 -0.992851 -0.109503 0.442393 
1535159896446 0.24242 0.924412 -0.294439 -0.634358 -0.938969 0.299908 0.1685 -0.245021 0.244068 0.235621 0.940698 0.376092 0.192115 -0.117162 0.974354 0.384105 -0.980213 0.0253395 0.196318 -0.490449 -0.0476905 -0.99279 -0.109975 0.442445 
1535159896453 0.242829 0.924461 -0.29395 -0.634363 -0.938861 0.300209 0.168564 -0.245023 0.244077 0.235046 0.94084 0.375998 0.191961 -0.117662 0.974324 0.384119 -0.980233 0.0254589 0.1962 -0.490499 -0.0478904 -0.992727 -0.110449 0.442498 
1535159896468 0.243236 0.924509 -0.293461 -0.63437 -0.938753 0.300511 0.168628 -0.245025 0.244086 0.234471 0.940981 0.375904 0.191806 -0.118161 0.974294 0.384133 -0.980254 0.0255784 0.196082 -0.49055 -0.0480901 -0.992665 -0.110922 0.44255 
1535159896509 0.243644 0.924556 -0.292973 -0.634376 -0.938645 0.300812 0.168692 -0.245026 0.244095 0.233896 0.941122 0.375811 0.191652 -0.118661 0.974263 0.384147 -0.980274 0.0256978 0.195964 -0.4906 -0.0482897 -0.992602 -0.111395 0.442603 
1535159896517 0.244053 0.924603 -0.292484 -0.63438 -0.938537 0.301114 0.168757 -0.245028 0.244104 0.233321 0.941262 0.375717 0.191497 -0.119161 0.974233 0.384161 -0.980295 0.0258173 0.195846 -0.490651 -0.0484892 -0.992539 -0.111868 0.442655 
1535159896589 0.24446 0.92465 -0.291995 -0.634386 -0.938429 0.301415 0.168821 -0.245029 0.244112 0.232746 0.941402 0.375624 0.191342 -0.11966 0.974202 0.384175 -0.980315 0.0259369 0.195729 -0.490701 -0.0486887 -0.992476 -0.112342 0.442708 
1535159896717 0.244868 0.924697 -0.291506 -0.634391 -0.93832 0.301716 0.168886 -0.245031 0.24412 0.232171 0.941542 0.37553 0.191187 -0.12016 0.974171 0.384189 -0.980335 0.0260565 0.195611 -0.490752 -0.048888 -0.992413 -0.112815 0.44276 
1535159896724 0.245276 0.924743 -0.291017 -0.634397 -0.938212 0.302018 0.168951 -0.245033 0.244128 0.231596 0.941682 0.375437 0.191032 -0.120659 0.97414 0.384203 -0.980356 0.0261762 0.195493 -0.490803 -0.0490873 -0.992349 -0.113288 0.442813 
1535159896806 0.245684 0.924788 -0.290528 -0.634402 -0.938103 0.302319 0.169016 -0.245034 0.244136 0.231021 0.941821 0.375343 0.190877 -0.121158 0.974108 0.384217 -0.980376 0.0262959 0.195376 -0.490853 -0.0492865 -0.992285 -0.113761 0.442865 
1535159897017 0.244952 0.924728 -0.291334 -0.634364 -0.938322 0.301742 0.168828 -0.245062 0.244028 0.232011 0.941606 0.375524 0.191099 -0.120223 0.974181 0.38419 -0.980343 0.026249 0.195547 -0.490753 -0.0490805 -0.9924 -0.112843 0.442765 
1535159897026 0.245558 0.924672 -0.291003 -0.634177 -0.938201 0.302224 0.168641 -0.244954 0.243886 0.231608 0.941742 0.375566 0.191568 -0.120395 0.974067 0.384241 -0.980289 0.0253915 0.19593 -0.490911 -0.0483219 -0.992401 -0.113157 0.442774 
1535159897035 0.246165 0.924615 -0.290672 -0.633986 -0.938079 0.302707 0.168454 -0.244843 0.243744 0.231206 0.941877 0.375608 0.192039 -0.120566 0.973953 0.384293 -0.980234 0.0245328 0.196314 -0.491071 -0.0475626 -0.992402 -0.113472 0.442783 
1535159897235 0.246772 0.924557 -0.290341 -0.633795 -0.937956 0.30319 0.168268 -0.244733 0.243602 0.230804 0.942013 0.375651 0.19251 -0.120737 0.973839 0.384345 -0.980178 0.023674 0.196698 -0.491232 -0.0468034 -0.992402 -0.113786 0.442792 
1535159897262 0.247379 0.924499 -0.29001 -0.633604 -0.937833 0.303673 0.168081 -0.244622 0.243459 0.230401 0.942148 0.375693 0.192981 -0.120908 0.973725 0.384397 -0.980121 0.0228151 0.197082 -0.491392 -0.0460443 -0.992402 -0.114101 0.442801 
1535159897374 0.247986 0.92444 -0.289679 -0.633412 -0.93771 0.304157 0.167894 -0.244512 0.243316 0.229999 0.942283 0.375736 0.193453 -0.121078 0.97361 0.384449 -0.980064 0.021956 0.197466 -0.491552 -0.0452854 -0.9924 -0.114416 0.44281 
1535159897492 0.248592 0.924381 -0.289347 -0.633222 -0.937587 0.30464 0.167708 -0.244402 0.243173 0.229597 0.942418 0.375778 0.193924 -0.121247 0.973495 0.3845 -0.980006 0.0210971 0.197848 -0.491712 -0.0445265 -0.992398 -0.114732 0.442819 
1535159897498 0.249199 0.924321 -0.289016 -0.633029 -0.937463 0.305123 0.167522 -0.244291 0.24303 0.229195 0.942553 0.375821 0.194396 -0.121417 0.97338 0.384552 -0.979946 0.0202379 0.198232 -0.491872 -0.0437678 -0.992395 -0.115048 0.442829 
1535159897590 0.249805 0.924261 -0.288684 -0.632839 -0.937339 0.305606 0.167336 -0.24418 0.242886 0.228793 0.942688 0.375863 0.194867 -0.121586 0.973264 0.384604 -0.979886 0.0193787 0.198614 -0.492032 -0.0430092 -0.992392 -0.115364 0.442838 
1535159897776 0.250412 0.924201 -0.288352 -0.632646 -0.937214 0.306089 0.16715 -0.244069 0.242742 0.228392 0.942822 0.375906 0.195339 -0.121754 0.973149 0.384656 -0.979825 0.0185194 0.198996 -0.492193 -0.0422508 -0.992388 -0.11568 0.442847 
1535159898064 0.249987 0.924236 -0.288607 -0.632808 -0.937306 0.305749 0.167254 -0.24424 0.242824 0.228702 0.942726 0.375948 0.194663 -0.121508 0.973315 0.384554 -0.979932 0.0192971 0.198395 -0.492133 -0.0428889 -0.992403 -0.115313 0.442833 
1535159898081 0.250126 0.92421 -0.288569 -0.632454 -0.937213 0.305929 0.167451 -0.244093 0.243042 0.228567 0.942703 0.376057 0.194698 -0.121467 0.973313 0.384584 -0.979934 0.0191053 0.198406 -0.492237 -0.0426953 -0.992412 -0.11531 0.442767 
1535159898085 0.250269 0.924185 -0.288525 -0.632091 -0.937119 0.30611 0.167646 -0.243941 0.243257 0.228426 0.942681 0.376168 0.194734 -0.121426 0.973311 0.384615 -0.979935 0.0189128 0.198418 -0.492341 -0.0425012 -0.99242 -0.115307 0.442702 
1535159898104 0.250413 0.92416 -0.288482 -0.631728 -0.937025 0.306291 0.167842 -0.243789 0.243472 0.228285 0.94266 0.376278 0.194771 -0.121386 0.973309 0.384645 -0.979936 0.01872 0.198432 -0.492445 -0.0423071 -0.992429 -0.115304 0.442636 
1535159898132 0.250556 0.924135 -0.288438 -0.631365 -0.93693 0.306472 0.168037 -0.243637 0.243687 0.228144 0.942638 0.376389 0.194807 -0.121345 0.973307 0.384676 -0.979937 0.0185275 0.198444 -0.49255 -0.0421131 -0.992437 -0.115301 0.442571 
1535159898146 0.250699 0.92411 -0.288394 -0.631004 -0.936836 0.306653 0.168232 -0.243485 0.243902 0.228002 0.942617 0.376499 0.194843 -0.121304 0.973304 0.384706 -0.979938 0.0183349 0.198457 -0.492654 -0.041919 -0.992446 -0.115298 0.442505 
1535159898152 0.250842 0.924084 -0.288351 -0.63064 -0.936742 0.306834 0.168427 -0.243333 0.244117 0.227861 0.942595 0.37661 0.19488 -0.121263 0.973302 0.384737 -0.979939 0.0181423 0.198469 -0.492758 -0.0417249 -0.992455 -0.115295 0.44244 
1535159898323 0.250985 0.924059 -0.288307 -0.630279 -0.936647 0.307015 0.168623 -0.243182 0.244332 0.22772 0.942574 0.37672 0.194916 -0.121223 0.9733 0.384767 -0.97994 0.0179496 0.198482 -0.492862 -0.0415309 -0.992463 -0.115292 0.442374 
1535159898330 0.251129 0.924034 -0.288264 -0.629915 -0.936553 0.307196 0.168818 -0.24303 0.244547 0.227579 0.942552 0.37683 0.194953 -0.121182 0.973298 0.384798 -0.979941 0.017757 0.198494 -0.492966 -0.0413368 -0.992471 -0.115289 0.442309 
1535159898337 0.251272 0.924008 -0.28822 -0.629553 -0.936458 0.307377 0.169013 -0.242878 0.244761 0.227438 0.942531 0.376941 0.194989 -0.121141 0.973296 0.384828 -0.979942 0.0175644 0.198507 -0.493071 -0.0411427 -0.99248 -0.115286 0.442243 
1535159898774 0.250655 0.92421 -0.288111 -0.629818 -0.936734 0.306665 0.168776 -0.242796 0.244338 0.227579 0.942606 0.376832 0.194758 -0.121174 0.973338 0.384668 -0.979959 0.0182761 0.198358 -0.492834 -0.0418247 -0.992463 -0.115186 0.442451 
1535159898789 0.250641 0.924171 -0.288247 -0.629455 -0.936689 0.306723 0.168922 -0.242677 0.244525 0.227659 0.942538 0.376929 0.19521 -0.120594 0.973319 0.384732 -0.979899 0.0176338 0.198714 -0.492994 -0.0411271 -0.992545 -0.114728 0.442305 
1535159898809 0.250628 0.924132 -0.288384 -0.629087 -0.936644 0.30678 0.169068 -0.242556 0.244711 0.22774 0.942471 0.377028 0.195662 -0.120014 0.9733 0.384797 -0.979838 0.0169918 0.199071 -0.493156 -0.0404294 -0.992627 -0.114269 0.442159 
1535159898943 0.250614 0.924093 -0.288521 -0.62872 -0.936599 0.306838 0.169213 -0.242436 0.244897 0.227821 0.942403 0.377126 0.196114 -0.119433 0.973281 0.384861 -0.979776 0.0163501 0.199429 -0.493318 -0.0397316 -0.992708 -0.113811 0.442014 
1535159899017 0.250601 0.924054 -0.288657 -0.628352 -0.936554 0.306895 0.169358 -0.242314 0.245084 0.227902 0.942335 0.377225 0.196564 -0.118852 0.973261 0.384926 -0.979714 0.0157086 0.199786 -0.49348 -0.0390335 -0.992788 -0.113353 0.441868 
1535159899228 0.250588 0.924015 -0.288794 -0.627983 -0.936509 0.306953 0.169503 -0.242193 0.24527 0.227983 0.942267 0.377323 0.197015 -0.11827 0.973241 0.38499 -0.979651 0.0150673 0.200144 -0.493642 -0.0383352 -0.992867 -0.112895 0.441722 
1535159899267 0.250575 0.923976 -0.288931 -0.627615 -0.936463 0.307011 0.169648 -0.242072 0.245456 0.228064 0.942199 0.377422 0.197466 -0.117688 0.97322 0.385055 -0.979587 0.0144262 0.200502 -0.493804 -0.0376366 -0.992946 -0.112437 0.441577 
1535159899472 0.250561 0.923937 -0.289068 -0.627247 -0.936418 0.307068 0.169793 -0.241951 0.245642 0.228145 0.942131 0.37752 0.197916 -0.117106 0.973199 0.385119 -0.979523 0.0137853 0.200861 -0.493965 -0.0369378 -0.993024 -0.11198 0.441431 
1535159899506 0.250548 0.923898 -0.289205 -0.62688 -0.936373 0.307126 0.169938 -0.24183 0.245828 0.228226 0.942062 0.377618 0.198365 -0.116524 0.973177 0.385184 -0.979458 0.0131446 0.201219 -0.494127 -0.0362388 -0.993101 -0.111523 0.441285 
1535159899709 0.250534 0.923858 -0.289342 -0.626511 -0.936328 0.307184 0.170083 -0.241709 0.246014 0.228307 0.941994 0.377717 0.198814 -0.115941 0.973155 0.385248 -0.979393 0.0125041 0.201578 -0.494289 -0.0355396 -0.993177 -0.111066 0.44114 
1535159899973 0.250299 0.92398 -0.289158 -0.626748 -0.936439 0.306881 0.170019 -0.24164 0.245831 0.228223 0.942062 0.377672 0.198499 -0.116537 0.973148 0.385208 -0.97944 0.0128796 0.201325 -0.494096 -0.0359956 -0.993103 -0.111585 0.441272 
1535159899987 0.250363 0.923941 -0.289226 -0.626359 -0.936347 0.307025 0.170267 -0.241482 0.246116 0.228187 0.941997 0.377781 0.199143 -0.115842 0.973099 0.385268 -0.979382 0.0108744 0.201723 -0.494226 -0.0339499 -0.993208 -0.111288 0.441171 
1535159899993 0.250429 0.923902 -0.289294 -0.625965 -0.936254 0.307169 0.170515 -0.241322 0.246401 0.228151 0.941931 0.377891 0.199786 -0.115146 0.97305 0.385329 -0.97932 0.00886947 0.202123 -0.494357 -0.031904 -0.993309 -0.110992 0.44107 
1535159900246 0.250494 0.923862 -0.289363 -0.62557 -0.936162 0.307314 0.170762 -0.241162 0.246686 0.228115 0.941865 0.378001 0.200427 -0.114448 0.973001 0.38539 -0.979253 0.00686487 0.202523 -0.494489 -0.0298579 -0.993406 -0.110698 0.440969 
1535159900252 0.25056 0.923823 -0.289431 -0.625178 -0.936069 0.307458 0.17101 -0.241002 0.246971 0.228079 0.941799 0.378111 0.201068 -0.113749 0.972951 0.38545 -0.979182 0.00486045 0.202924 -0.494619 -0.0278113 -0.993498 -0.110404 0.440868 
1535159900296 0.250625 0.923784 -0.2895 -0.624783 -0.935976 0.307602 0.171258 -0.240842 0.247256 0.228043 0.941733 0.378221 0.201706 -0.113049 0.9729 0.385511 -0.979107 0.00285639 0.203325 -0.494751 -0.0257645 -0.993585 -0.110111 0.440767 
1535159900550 0.250691 0.923745 -0.289568 -0.624389 -0.935883 0.307747 0.171506 -0.240681 0.247541 0.228007 0.941667 0.378331 0.202343 -0.112347 0.972849 0.385572 -0.979027 0.000852528 0.203727 -0.494882 -0.0237174 -0.993669 -0.109818 0.440666 
1535159900666 0.250756 0.923706 -0.289636 -0.623995 -0.93579 0.307891 0.171753 -0.240521 0.247826 0.227971 0.941601 0.378441 0.202979 -0.111644 0.972798 0.385633 -0.978943 -0.00115101 0.204129 -0.495013 -0.02167 -0.993748 -0.109527 0.440565 
1535159900826 0.250821 0.923667 -0.289705 -0.623602 -0.935697 0.308036 0.172001 -0.240362 0.248111 0.227934 0.941534 0.378551 0.203613 -0.110939 0.972746 0.385693 -0.978855 -0.00315431 0.204532 -0.495144 -0.0196223 -0.993822 -0.109236 0.440464 
1535159900973 0.250887 0.923627 -0.289773 -0.623207 -0.935604 0.30818 0.172249 -0.240201 0.248396 0.227898 0.941468 0.378661 0.204245 -0.110234 0.972693 0.385754 -0.978762 -0.00515722 0.204935 -0.495276 -0.0175744 -0.993892 -0.108946 0.440363 
1535159901327 0.2507 0.923685 -0.289751 -0.623465 -0.935713 0.307944 0.17208 -0.2402 0.248175 0.227983 0.941506 0.378607 0.203757 -0.110629 0.972751 0.385707 -0.978844 -0.00412978 0.204564 -0.495249 -0.0186134 -0.993853 -0.10913 0.440372 
1535159901341 0.250678 0.923683 -0.289777 -0.623151 -0.935605 0.308033 0.172508 -0.240107 0.248604 0.227873 0.941419 0.378703 0.204173 -0.110348 0.972696 0.385751 -0.978769 -0.00470771 0.204914 -0.495344 -0.0180327 -0.993882 -0.108967 0.440314 
1535159901357 0.250658 0.92368 -0.289804 -0.622832 -0.935496 0.308123 0.172936 -0.240012 0.249033 0.227763 0.941332 0.3788 0.20459 -0.110068 0.97264 0.385795 -0.978692 -0.00528607 0.205265 -0.49544 -0.0174516 -0.99391 -0.108804 0.440257 
1535159901383 0.250638 0.923677 -0.289831 -0.622514 -0.935387 0.308213 0.173364 -0.239917 0.249462 0.227652 0.941246 0.378897 0.205006 -0.109787 0.972584 0.38584 -0.978615 -0.00586423 0.205615 -0.495536 -0.0168705 -0.993938 -0.108642 0.440199 
1535159901543 0.250617 0.923674 -0.289857 -0.622195 -0.935278 0.308303 0.173792 -0.239822 0.249891 0.227542 0.941158 0.378994 0.205421 -0.109506 0.972528 0.385884 -0.978538 -0.0064423 0.205965 -0.495632 -0.0162892 -0.993965 -0.10848 0.440142 
1535159901587 0.250597 0.923671 -0.289884 -0.621875 -0.935169 0.308393 0.17422 -0.239727 0.25032 0.227431 0.941071 0.379091 0.205837 -0.109225 0.972472 0.385929 -0.97846 -0.00702027 0.206316 -0.495728 -0.0157079 -0.993992 -0.108318 0.440084 
1535159901789 0.250576 0.923669 -0.28991 -0.621557 -0.93506 0.308483 0.174648 -0.239632 0.250749 0.227321 0.940984 0.379188 0.206252 -0.108944 0.972415 0.385973 -0.978382 -0.00759812 0.206666 -0.495824 -0.0151265 -0.994019 -0.108156 0.440027 
1535159901804 0.250556 0.923666 -0.289937 -0.621238 -0.93495 0.308573 0.175076 -0.239536 0.251178 0.22721 0.940896 0.379285 0.206667 -0.108662 0.972359 0.386017 -0.978303 -0.00817582 0.207017 -0.495921 -0.0145451 -0.994045 -0.107994 0.439969 
1535159901854 0.250535 0.923663 -0.289964 -0.620919 -0.93484 0.308663 0.175504 -0.239442 0.251607 0.2271 0.940808 0.379382 0.207082 -0.10838 0.972302 0.386062 -0.978224 -0.00875352 0.207368 -0.496017 -0.0139635 -0.994071 -0.107833 0.439912 
1535159901860 0.250515 0.92366 -0.28999 -0.6206 -0.93473 0.308752 0.175931 -0.239346 0.252036 0.226989 0.94072 0.379479 0.207497 -0.108098 0.972245 0.386106 -0.978144 -0.00933102 0.207718 -0.496113 -0.0133819 -0.994096 -0.107672 0.439854 
1535159902120 0.250534 0.923694 -0.289865 -0.621492 -0.93508 0.308425 0.174639 -0.239553 0.250715 0.227294 0.940999 0.37918 0.206859 -0.10844 0.972343 0.38605 -0.97827 -0.00864845 0.207156 -0.49603 -0.0140547 -0.994065 -0.107873 0.439867 
1535159902131 0.250581 0.923611 -0.290088 -0.621069 -0.935019 0.308557 0.174737 -0.239411 0.250898 0.227452 0.940912 0.379329 0.206828 -0.108321 0.972363 0.386073 -0.97827 -0.00814419 0.207177 -0.496104 -0.0145224 -0.994083 -0.107651 0.439817 
1535159902155 0.250643 0.923524 -0.290313 -0.620661 -0.934959 0.308698 0.174807 -0.239269 0.251057 0.227616 0.94083 0.379468 0.206804 -0.108198 0.972381 0.386099 -0.978268 -0.0076451 0.207205 -0.49618 -0.0149853 -0.9941 -0.107428 0.439766 
1535159902174 0.250706 0.923436 -0.290537 -0.620254 -0.934899 0.308839 0.174877 -0.239128 0.251217 0.22778 0.940748 0.379608 0.20678 -0.108075 0.9724 0.386124 -0.978265 -0.00714599 0.207234 -0.496255 -0.0154481 -0.994117 -0.107204 0.439714 
1535159902306 0.250768 0.923349 -0.290761 -0.619845 -0.93484 0.30898 0.174947 -0.238985 0.251376 0.227944 0.940666 0.379748 0.206757 -0.107953 0.972418 0.38615 -0.978263 -0.00664689 0.207262 -0.496331 -0.0159109 -0.994134 -0.10698 0.439663 
1535159902315 0.250831 0.923261 -0.290986 -0.619437 -0.93478 0.309121 0.175016 -0.238843 0.251536 0.228108 0.940583 0.379888 0.206734 -0.10783 0.972437 0.386175 -0.97826 -0.00614787 0.207291 -0.496407 -0.0163737 -0.99415 -0.106757 0.439611 
1535159902321 0.250894 0.923174 -0.29121 -0.61903 -0.93472 0.309262 0.175086 -0.238701 0.251695 0.228272 0.940501 0.380027 0.20671 -0.107707 0.972456 0.3862 -0.978257 -0.00564865 0.207318 -0.496483 -0.0168365 -0.994167 -0.106533 0.439559 
1535159902326 0.250956 0.923086 -0.291434 -0.618621 -0.934661 0.309403 0.175156 -0.238559 0.251855 0.228435 0.940418 0.380167 0.206688 -0.107584 0.972474 0.386226 -0.978254 -0.00514963 0.207347 -0.496559 -0.0172993 -0.994183 -0.106309 0.439508 
1535159902446 0.251019 0.922998 -0.291658 -0.618214 -0.934601 0.309544 0.175226 -0.238417 0.252014 0.228599 0.940336 0.380307 0.206664 -0.107461 0.972493 0.386251 -0.978251 -0.00465041 0.207374 -0.496635 -0.0177622 -0.994198 -0.106085 0.439456 
1535159902480 0.251081 0.92291 -0.291882 -0.617806 -0.934541 0.309685 0.175296 -0.238276 0.252174 0.228763 0.940253 0.380446 0.206641 -0.107339 0.972511 0.386276 -0.978247 -0.00415126 0.207401 -0.496711 -0.018225 -0.994214 -0.105862 0.439405 
1535159902766 0.250496 0.92334 -0.291023 -0.618842 -0.934822 0.308852 0.175265 -0.238458 0.251713 0.228152 0.940525 0.380045 0.206732 -0.107843 0.972436 0.386154 -0.978263 -0.00632501 0.20727 -0.496406 -0.016202 -0.994148 -0.106807 0.439626 
1535159902944 0.250491 0.923182 -0.29153 -0.61861 -0.934825 0.308943 0.175092 -0.238357 0.251708 0.228671 0.9404 0.38015 0.206949 -0.108273 0.972342 0.386174 -0.978224 -0.00686987 0.207436 -0.496531 -0.0157799 -0.994097 -0.107337 0.439698 
1535159902978 0.250485 0.923027 -0.292026 -0.61839 -0.934826 0.309031 0.174928 -0.238263 0.251708 0.229176 0.940277 0.380252 0.20718 -0.108722 0.972243 0.386197 -0.978184 -0.00751387 0.207606 -0.496637 -0.015266 -0.994044 -0.107907 0.439784 
1535159903027 0.250479 0.922872 -0.292521 -0.61817 -0.934828 0.309118 0.174763 -0.238169 0.251708 0.229682 0.940154 0.380353 0.207411 -0.109171 0.972143 0.386219 -0.978143 -0.00815793 0.207774 -0.496743 -0.0147522 -0.99399 -0.108477 0.439869 
1535159903049 0.250473 0.922716 -0.293016 -0.61795 -0.93483 0.309206 0.174599 -0.238075 0.251707 0.230187 0.94003 0.380455 0.207642 -0.109619 0.972044 0.386242 -0.978101 -0.00880208 0.207943 -0.49685 -0.0142386 -0.993935 -0.109046 0.439955 
1535159903057 0.250467 0.922561 -0.293511 -0.61773 -0.934831 0.309294 0.174434 -0.23798 0.251707 0.230693 0.939907 0.380557 0.207872 -0.110068 0.971943 0.386265 -0.97806 -0.00944624 0.208111 -0.496956 -0.0137251 -0.993879 -0.109616 0.44004 
1535159903132 0.25046 0.922405 -0.294005 -0.617511 -0.934833 0.309381 0.17427 -0.237887 0.251707 0.231198 0.939782 0.380658 0.208104 -0.110516 0.971843 0.386287 -0.978017 -0.0100906 0.208279 -0.497062 -0.0132117 -0.993823 -0.110186 0.440126 
1535159903138 0.250454 0.922249 -0.2945 -0.61729 -0.934835 0.309469 0.174105 -0.237792 0.251707 0.231704 0.939658 0.38076 0.208336 -0.110964 0.971742 0.38631 -0.977975 -0.0107349 0.208446 -0.497169 -0.0126984 -0.993766 -0.110756 0.440211 
1535159903267 0.250448 0.922092 -0.294995 -0.617071 -0.934837 0.309556 0.17394 -0.237698 0.251707 0.232209 0.939533 0.380862 0.208567 -0.111412 0.971641 0.386332 -0.977932 -0.0113793 0.208613 -0.497275 -0.0121853 -0.993709 -0.111326 0.440297 
1535159903433 0.250442 0.921936 -0.295489 -0.616852 -0.934838 0.309644 0.173776 -0.237604 0.251706 0.232714 0.939408 0.380963 0.2088 -0.111859 0.97154 0.386355 -0.977889 -0.0120239 0.20878 -0.497381 -0.0116723 -0.993651 -0.111897 0.440382 
1535159903737 0.250525 0.922028 -0.29513 -0.616993 -0.934799 0.30967 0.173938 -0.237753 0.251769 0.232311 0.939491 0.380904 0.208594 -0.111276 0.971651 0.386371 -0.977922 -0.0110438 0.208676 -0.49718 -0.01249 -0.993728 -0.111123 0.440185 
1535159903764 0.25068 0.921972 -0.295172 -0.616821 -0.934734 0.309848 0.173973 -0.237682 0.251856 0.232296 0.939472 0.380949 0.208835 -0.110724 0.971663 0.386353 -0.977886 -0.0121722 0.208785 -0.497288 -0.0112902 -0.993777 -0.110817 0.440154 
1535159903772 0.250836 0.921916 -0.295216 -0.616645 -0.934669 0.310026 0.174006 -0.237609 0.251944 0.232282 0.939451 0.380994 0.209075 -0.110172 0.971674 0.386336 -0.977848 -0.0133006 0.208895 -0.497397 -0.0100906 -0.993824 -0.110512 0.440123 
1535159903778 0.250991 0.921859 -0.29526 -0.61647 -0.934603 0.310204 0.17404 -0.237536 0.252032 0.232269 0.939431 0.38104 0.209315 -0.109619 0.971685 0.386319 -0.977808 -0.0144288 0.209006 -0.497507 -0.00889082 -0.993869 -0.110207 0.440093 
1535159903901 0.251147 0.921803 -0.295305 -0.616294 -0.934538 0.310382 0.174074 -0.237463 0.252119 0.232255 0.939411 0.381085 0.209554 -0.109067 0.971695 0.386302 -0.977767 -0.0155571 0.209117 -0.497616 -0.00769099 -0.993913 -0.109902 0.440062 
1535159903969 0.251302 0.921746 -0.295348 -0.616119 -0.934473 0.31056 0.174108 -0.237391 0.252207 0.232241 0.939391 0.381131 0.209792 -0.108513 0.971706 0.386285 -0.977725 -0.016685 0.209228 -0.497725 -0.00649111 -0.993955 -0.109597 0.440031 
1535159904146 0.251458 0.92169 -0.295393 -0.615942 -0.934407 0.310738 0.174142 -0.237318 0.252295 0.232228 0.939371 0.381176 0.21003 -0.10796 0.971716 0.386268 -0.977681 -0.0178131 0.20934 -0.497835 -0.0052911 -0.993996 -0.109292 0.440001 
1535159904213 0.251613 0.921633 -0.295437 -0.615767 -0.934342 0.310916 0.174176 -0.237245 0.252382 0.232214 0.939351 0.381222 0.210266 -0.107406 0.971726 0.386251 -0.977636 -0.0189409 0.209451 -0.497944 -0.00409106 -0.994035 -0.108987 0.43997 
1535159904348 0.251768 0.921577 -0.295481 -0.61559 -0.934276 0.311094 0.17421 -0.237172 0.25247 0.2322 0.939331 0.381267 0.210503 -0.106852 0.971736 0.386234 -0.977589 -0.0200688 0.209564 -0.498054 -0.00289088 -0.994072 -0.108682 0.439939 
1535159904403 0.251924 0.92152 -0.295525 -0.615415 -0.93421 0.311272 0.174244 -0.237099 0.252558 0.232186 0.93931 0.381313 0.210738 -0.106298 0.971746 0.386216 -0.977541 -0.0211964 0.209676 -0.498163 -0.00169068 -0.994108 -0.108378 0.439909 
1535159904547 0.251762 0.921591 -0.29544 -0.615621 -0.934307 0.311053 0.174114 -0.237204 0.252359 0.232197 0.939361 0.381218 0.210007 -0.107879 0.97173 0.386213 -0.977687 -0.0181264 0.209283 -0.49787 -0.00496319 -0.993999 -0.109279 0.440024 
1535159904553 0.251854 0.921581 -0.295395 -0.615317 -0.934243 0.311168 0.174252 -0.237074 0.252504 0.232085 0.93935 0.381311 0.209687 -0.10856 0.971723 0.386202 -0.977755 -0.018029 0.208974 -0.49795 -0.00516698 -0.993926 -0.109925 0.440119 
1535159904578 0.251947 0.92157 -0.295349 -0.615009 -0.934179 0.311284 0.17439 -0.236941 0.25265 0.231972 0.939338 0.381405 0.209369 -0.10931 0.971708 0.386196 -0.977821 -0.0178494 0.208678 -0.498013 -0.00546618 -0.993847 -0.110623 0.440212 
1535159904744 0.252039 0.921559 -0.295304 -0.614701 -0.934115 0.311399 0.174529 -0.236808 0.252796 0.23186 0.939327 0.381499 0.20905 -0.11006 0.971692 0.386191 -0.977888 -0.0176696 0.208382 -0.498077 -0.00576519 -0.993768 -0.11132 0.440306 
1535159904769 0.252132 0.921549 -0.295259 -0.614393 -0.93405 0.311514 0.174667 -0.236676 0.252941 0.231747 0.939316 0.381593 0.208732 -0.11081 0.971675 0.386185 -0.977954 -0.0174896 0.208086 -0.49814 -0.00606392 -0.993688 -0.112018 0.440399 
1535159904912 0.252224 0.921538 -0.295213 -0.614086 -0.933986 0.31163 0.174806 -0.236544 0.253087 0.231635 0.939304 0.381687 0.208413 -0.11156 0.971658 0.38618 -0.97802 -0.0173093 0.20779 -0.498204 -0.00636249 -0.993607 -0.112716 0.440493 
1535159905141 0.252317 0.921527 -0.295168 -0.613777 -0.933922 0.311745 0.174944 -0.236411 0.253233 0.231522 0.939293 0.381781 0.208094 -0.11231 0.97164 0.386175 -0.978086 -0.0171288 0.207494 -0.498268 -0.00666078 -0.993526 -0.113414 0.440587 
1535159905151 0.252409 0.921516 -0.295122 -0.61347 -0.933857 0.311861 0.175082 -0.236278 0.253378 0.23141 0.939281 0.381875 0.207774 -0.11306 0.971621 0.386169 -0.978152 -0.016948 0.207198 -0.498331 -0.00695888 -0.993444 -0.114111 0.44068 
1535159905378 0.252501 0.921506 -0.295077 -0.613161 -0.933793 0.311976 0.175221 -0.236145 0.253524 0.231297 0.939269 0.381969 0.207454 -0.11381 0.971602 0.386164 -0.978218 -0.016767 0.206903 -0.498395 -0.00725671 -0.993361 -0.114809 0.440774 
1535159905390 0.252594 0.921495 -0.295032 -0.612853 -0.933728 0.312091 0.175359 -0.236013 0.253669 0.231185 0.939258 0.382063 0.207134 -0.114559 0.971582 0.386158 -0.978283 -0.0165858 0.206607 -0.498458 -0.00755431 -0.993278 -0.115507 0.440867 
1535159905731 0.252619 0.921429 -0.295215 -0.613065 -0.933738 0.312136 0.17523 -0.236184 0.253609 0.231387 0.939225 0.381993 0.207466 -0.113693 0.971613 0.386125 -0.978215 -0.0166495 0.206927 -0.498393 -0.00734921 -0.993376 -0.11467 0.440737 
1535159905747 0.252774 0.921455 -0.295003 -0.61273 -0.933709 0.31223 0.175213 -0.236014 0.25356 0.231158 0.939294 0.382086 0.207273 -0.114066 0.97161 0.386127 -0.978258 -0.0171207 0.206681 -0.49849 -0.00694068 -0.993326 -0.115135 0.440791 
1535159905772 0.25293 0.921479 -0.294792 -0.61239 -0.93368 0.312326 0.175196 -0.235843 0.253511 0.23093 0.939364 0.382179 0.207082 -0.114439 0.971607 0.38613 -0.978302 -0.0175924 0.206436 -0.498588 -0.00653151 -0.993274 -0.115599 0.440844 
1535159905848 0.253086 0.921504 -0.294582 -0.612051 -0.933651 0.312423 0.175179 -0.235671 0.253462 0.230702 0.939433 0.382273 0.20689 -0.114812 0.971604 0.386132 -0.978345 -0.018064 0.206191 -0.498686 -0.00612224 -0.993223 -0.116063 0.440898 
1535159905877 0.253242 0.921528 -0.294372 -0.611711 -0.933622 0.312519 0.175161 -0.235499 0.253413 0.230474 0.939502 0.382366 0.2067 -0.115185 0.9716 0.386135 -0.978388 -0.0185356 0.205946 -0.498784 -0.00571286 -0.993171 -0.116527 0.440952 
1535159905893 0.253398 0.921552 -0.294161 -0.611371 -0.933593 0.312615 0.175144 -0.235327 0.253364 0.230246 0.939571 0.38246 0.206508 -0.115559 0.971597 0.386137 -0.978431 -0.0190068 0.2057 -0.498882 -0.00530342 -0.993119 -0.116991 0.441005 
1535159905989 0.253554 0.921577 -0.29395 -0.611032 -0.933564 0.312711 0.175127 -0.235155 0.253314 0.230018 0.93964 0.382553 0.206318 -0.115932 0.971593 0.386139 -0.978473 -0.0194782 0.205455 -0.498979 -0.00489385 -0.993066 -0.117455 0.441059 
1535159906075 0.253709 0.921601 -0.29374 -0.610694 -0.933535 0.312807 0.17511 -0.234984 0.253265 0.22979 0.939709 0.382647 0.206126 -0.116305 0.971589 0.386142 -0.978515 -0.0199493 0.205208 -0.499077 -0.00448422 -0.993013 -0.117919 0.441113 
1535159906135 0.253865 0.921625 -0.293529 -0.610353 -0.933506 0.312903 0.175093 -0.234812 0.253216 0.229562 0.939778 0.38274 0.205936 -0.116679 0.971585 0.386144 -0.978557 -0.0204204 0.204961 -0.499175 -0.00407449 -0.99296 -0.118382 0.441167 
1535159906250 0.254021 0.921649 -0.293319 -0.610014 -0.933477 0.312999 0.175075 -0.23464 0.253167 0.229334 0.939847 0.382834 0.205745 -0.117052 0.97158 0.386146 -0.978599 -0.0208915 0.204715 -0.499273 -0.00366466 -0.992906 -0.118846 0.44122 
1535159906338 0.252945 0.921667 -0.294193 -0.611317 -0.933735 0.312173 0.175178 -0.235131 0.253295 0.230387 0.939555 0.3824 0.206402 -0.116134 0.971551 0.386145 -0.978457 -0.0199059 0.20549 -0.498974 -0.00452475 -0.993034 -0.117741 0.441128 
1535159906352 0.253188 0.92166 -0.294003 -0.611012 -0.933639 0.312396 0.175293 -0.235011 0.253406 0.23011 0.939593 0.382463 0.205892 -0.115656 0.971716 0.386141 -0.978562 -0.0193257 0.205043 -0.499073 -0.00493527 -0.993101 -0.117155 0.441019 
1535159906364 0.253432 0.921653 -0.293815 -0.610703 -0.933542 0.31262 0.175407 -0.23489 0.253517 0.229835 0.93963 0.382527 0.205382 -0.115176 0.971881 0.386138 -0.978667 -0.0187454 0.204594 -0.499171 -0.00534609 -0.993168 -0.116569 0.44091 
1535159906525 0.253676 0.921646 -0.293627 -0.610394 -0.933446 0.312844 0.175522 -0.234769 0.253628 0.229559 0.939668 0.382591 0.204871 -0.114696 0.972046 0.386134 -0.978772 -0.0181653 0.204146 -0.499269 -0.00575722 -0.993235 -0.115983 0.440801 
1535159906535 0.25392 0.921639 -0.293439 -0.610086 -0.933349 0.313067 0.175636 -0.234648 0.253739 0.229283 0.939705 0.382655 0.204361 -0.114216 0.972209 0.38613 -0.978876 -0.0175854 0.203696 -0.499367 -0.00616866 -0.9933 -0.115397 0.440692 
