1532105573317 0.275657 0.633204 -0.723233 -0.604483 -0.8825 0.464965 0.0707247 -0.181741 0.381061 0.618757 0.686973 0.426588 -0.184102 -0.0967128 0.978138 0.352107 -0.982156 0.0569876 -0.179224 -0.45406 -0.0384085 -0.99368 -0.105479 0.437462 
1532105573328 0.300885 -0.138768 0.94351 0.225257 -0.922898 -0.291628 0.25142 -0.486344 0.240265 -0.946412 -0.215815 0.468712 -0.131173 -0.134113 0.982246 0.361457 -0.991357 0.0154011 -0.130286 -0.455766 0.00234542 -0.990846 -0.134974 0.441883 
1532105574081 0.242825 0.102786 0.964609 0.16152 -0.925174 -0.274468 0.262144 -0.435487 0.291699 -0.956087 0.0284473 0.461493 -0.0764364 -0.169053 0.982639 0.370795 -0.996213 -0.0279985 -0.0823092 -0.457453 0.041427 -0.985209 -0.166273 0.446289 
1532105574853 0.185197 0.340052 0.92199 0.0634544 -0.926148 -0.25329 0.279452 -0.39584 0.328559 -0.905654 0.26803 0.437571 -0.0201933 -0.201343 0.979313 0.380132 -0.9967 -0.0729729 -0.0355548 -0.459138 0.078622 -0.976799 -0.199205 0.450694 
1532105575656 0.10875 0.566677 0.816732 -0.0100483 -0.933954 -0.223136 0.279178 -0.393704 0.340446 -0.79315 0.504984 0.453534 0.0372485 -0.230806 0.972287 0.389471 -0.992814 -0.119276 0.00972067 -0.460825 0.113727 -0.965661 -0.23359 0.455101 
1532105576446 0.0372284 0.750403 0.659931 -0.0983869 -0.940161 -0.197521 0.277637 -0.379775 0.338689 -0.630777 0.698147 0.449362 0.0955731 -0.25728 0.961599 0.39882 -0.984576 -0.166653 0.053268 -0.462518 0.146549 -0.951858 -0.269239 0.459509 
1532105577252 -0.0276975 0.888257 0.458511 -0.198399 -0.946596 -0.170707 0.273524 -0.355413 0.32123 -0.426448 0.845549 0.440021 0.154346 -0.280555 0.947347 0.408507 -0.972043 -0.214841 0.0947448 -0.464304 0.176948 -0.935485 -0.305871 0.463839 
1532105578087 -0.0860491 0.970276 0.226186 -0.298193 -0.953826 -0.145805 0.262596 -0.330412 0.28777 -0.193146 0.938021 0.431334 0.213347 -0.300569 0.929592 0.418247 -0.955284 -0.263575 0.13402 -0.466114 0.204735 -0.916617 -0.343362 0.468159 
1532105578940 -0.133997 0.990741 -0.0218344 -0.397711 -0.961333 -0.124607 0.245585 -0.305255 0.24059 0.0538976 0.969129 0.423195 0.27226 -0.317222 0.90843 0.42798 -0.934391 -0.312587 0.170886 -0.467892 0.229755 -0.895354 -0.381514 0.472454 
1532105579777 -0.168039 0.948352 -0.269055 -0.493231 -0.968646 -0.108183 0.223654 -0.280336 0.182996 0.298201 0.936797 0.414801 0.330621 -0.33035 0.884058 0.437463 -0.909524 -0.361558 0.20504 -0.46902 0.251903 -0.871863 -0.42 0.476267 
1532105580635 -0.168039 0.948352 -0.269055 -0.493231 -0.968646 -0.108183 0.223654 -0.280336 0.182996 0.298201 0.936797 0.414801 0.330497 -0.330213 0.884156 0.437425 -0.909553 -0.361525 0.204969 -0.469017 0.251961 -0.871928 -0.419829 0.47633 
1532105580647 0.280756 -0.144153 0.948892 0.287755 -0.928413 -0.291474 0.230417 -0.485431 0.243362 -0.945655 -0.215666 0.482468 0.336029 -0.331211 0.881694 0.439415 -0.90691 -0.366403 0.207999 -0.469595 0.254164 -0.86951 -0.4235 0.476613 
1532105581540 0.230224 0.100583 0.967926 0.201876 -0.92864 -0.274626 0.249417 -0.456573 0.290905 -0.956276 0.0301795 0.473168 0.342001 -0.33238 0.878953 0.440032 -0.904126 -0.371313 0.211383 -0.46974 0.256107 -0.866978 -0.427503 0.477172 
1532105582288 0.170655 0.342896 0.923742 0.101601 -0.930792 -0.251476 0.265306 -0.431206 0.323271 -0.905087 0.276249 0.465833 0.347939 -0.333505 0.876192 0.440692 -0.90131 -0.376216 0.214714 -0.469878 0.25803 -0.864428 -0.431492 0.477712 
1532105582934 0.10504 0.563986 0.819076 0.0011822 -0.934659 -0.225336 0.27502 -0.405911 0.339675 -0.794445 0.503466 0.457312 0.353849 -0.334586 0.873409 0.441414 -0.898458 -0.381115 0.217999 -0.470038 0.25993 -0.86186 -0.435469 0.478241 
1532105583497 0.0375084 0.749589 0.66084 -0.0987539 -0.940024 -0.1979 0.277832 -0.380785 0.33904 -0.631626 0.697209 0.447795 0.359734 -0.335625 0.870602 0.442186 -0.895572 -0.38601 0.221242 -0.470215 0.261807 -0.859274 -0.439437 0.478764 
1532105583966 -0.0276239 0.888122 0.458777 -0.198503 -0.946568 -0.170767 0.273583 -0.355517 0.321319 -0.426706 0.845385 0.439592 0.365599 -0.336621 0.867769 0.442996 -0.892649 -0.390899 0.224445 -0.470405 0.263658 -0.85667 -0.443397 0.47928 
1532105584364 -0.0860365 0.970273 0.226204 -0.298225 -0.953822 -0.145802 0.262613 -0.330316 0.287788 -0.193164 0.938012 0.43137 0.371443 -0.337577 0.864911 0.443842 -0.88969 -0.395784 0.22761 -0.470608 0.265483 -0.854047 -0.44735 0.47979 
1532105584371 -0.13402 0.990738 -0.0218392 -0.39776 -0.961332 -0.124629 0.245576 -0.305185 0.24058 0.0539067 0.969131 0.423227 0.377267 -0.338491 0.862029 0.444725 -0.886696 -0.400664 0.230735 -0.470822 0.267282 -0.851406 -0.451296 0.48029 
1532105584683 -0.168395 0.948248 -0.269202 -0.493471 -0.968603 -0.108507 0.223685 -0.28036 0.182899 0.298417 0.936747 0.414383 0.383071 -0.339366 0.85912 0.445643 -0.883667 -0.405535 0.233824 -0.471035 0.269052 -0.848747 -0.455236 0.480696 
1532105585215 -0.168395 0.948248 -0.269202 -0.493471 -0.968603 -0.108507 0.223685 -0.28036 0.182899 0.298417 0.936747 0.414383 0.38301 -0.339279 0.859182 0.445657 -0.8837 -0.40546 0.23383 -0.471026 0.269031 -0.848818 -0.455116 0.480737 
1532105585228 0.280891 -0.144223 0.948841 0.288061 -0.928357 -0.291583 0.230506 -0.483663 0.243422 -0.94561 -0.215793 0.481563 0.383414 -0.339277 0.859002 0.446307 -0.883439 -0.405935 0.233991 -0.471221 0.269312 -0.848592 -0.455372 0.480666 
1532105585865 0.23043 0.100431 0.967892 0.201386 -0.92859 -0.274653 0.249572 -0.456584 0.2909 -0.956284 0.0299706 0.473507 0.38407 -0.339405 0.858658 0.446195 -0.883111 -0.406439 0.234353 -0.471195 0.269452 -0.848299 -0.455833 0.480771 
1532105586391 0.170743 0.342819 0.923754 0.101347 -0.930768 -0.251492 0.265372 -0.431286 0.323292 -0.905112 0.276144 0.466002 0.38471 -0.339525 0.858325 0.446109 -0.882788 -0.406939 0.234703 -0.471163 0.269599 -0.848011 -0.456282 0.48086 
1532105586816 0.105074 0.563947 0.819099 0.00107632 -0.934648 -0.225349 0.275049 -0.405953 0.339696 -0.79447 0.503413 0.457355 0.385339 -0.339639 0.857997 0.446056 -0.882467 -0.407438 0.235044 -0.471139 0.269751 -0.847726 -0.456722 0.480943 
1532105587159 0.0375224 0.749588 0.66084 -0.0987396 -0.940025 -0.197887 0.277837 -0.380768 0.339035 -0.631631 0.697207 0.447764 0.385961 -0.33975 0.857674 0.446023 -0.882148 -0.407936 0.235379 -0.471121 0.269906 -0.847442 -0.457157 0.481023 
1532105587445 -0.0276062 0.888123 0.458776 -0.19847 -0.946568 -0.170752 0.273592 -0.355492 0.32132 -0.42671 0.845383 0.439566 0.386578 -0.339858 0.857353 0.446006 -0.881829 -0.408433 0.23571 -0.471107 0.270063 -0.847159 -0.457588 0.4811 
1532105587737 -0.0860296 0.970273 0.226205 -0.298201 -0.95382 -0.145798 0.262624 -0.330298 0.287797 -0.193165 0.938009 0.431373 0.387191 -0.339963 0.857035 0.446003 -0.881512 -0.40893 0.236038 -0.471097 0.270223 -0.846878 -0.458015 0.481174 
1532105587929 -0.13403 0.990737 -0.0218384 -0.39776 -0.961329 -0.124638 0.245586 -0.305174 0.240589 0.0539097 0.969129 0.423245 0.387799 -0.340065 0.856719 0.446018 -0.881195 -0.409426 0.236361 -0.471095 0.270385 -0.846597 -0.458438 0.481246 
1532105587936 -0.168534 0.948222 -0.269204 -0.493527 -0.968574 -0.108627 0.223751 -0.280375 0.182923 0.298454 0.936731 0.414282 0.388404 -0.340168 0.856404 0.446074 -0.880877 -0.409926 0.236678 -0.471133 0.270552 -0.846313 -0.458863 0.481286 
1532105588169 -0.168534 0.948222 -0.269204 -0.493527 -0.968574 -0.108627 0.223751 -0.280375 0.182923 0.298454 0.936731 0.414282 0.387809 -0.339894 0.856782 0.446016 -0.881143 -0.40953 0.236371 -0.471053 0.270537 -0.846615 -0.458315 0.481323 
1532105588186 0.280933 -0.144218 0.94883 0.288138 -0.928337 -0.291617 0.230541 -0.483229 0.243447 -0.945601 -0.215808 0.481194 0.387713 -0.339639 0.856927 0.446248 -0.881201 -0.409362 0.236447 -0.471137 0.270486 -0.846799 -0.458005 0.481202 
1532105588664 0.230465 0.100403 0.967887 0.201314 -0.928583 -0.274654 0.249597 -0.456595 0.290894 -0.956287 0.0299341 0.473545 0.387744 -0.339453 0.856986 0.446094 -0.881225 -0.409208 0.236624 -0.471116 0.270363 -0.846948 -0.457803 0.481174 
1532105589051 0.17075 0.342811 0.923756 0.101332 -0.930767 -0.251493 0.265376 -0.431295 0.323292 -0.905114 0.276135 0.466003 0.387767 -0.339263 0.857051 0.445954 -0.881252 -0.409052 0.236794 -0.47109 0.270244 -0.847099 -0.457594 0.481139 
1532105589427 0.105084 0.563935 0.819106 0.00106768 -0.934644 -0.225354 0.275057 -0.405963 0.339703 -0.794477 0.503397 0.457345 0.387785 -0.339071 0.857119 0.445828 -0.88128 -0.408896 0.23696 -0.471068 0.270127 -0.847252 -0.45738 0.4811 
1532105589666 0.0375297 0.749591 0.660836 -0.0987167 -0.940024 -0.197882 0.277844 -0.380758 0.339036 -0.63163 0.697207 0.447753 0.3878 -0.338876 0.85719 0.445712 -0.881309 -0.408739 0.237124 -0.471047 0.270011 -0.847405 -0.457163 0.481059 
1532105589882 -0.0276011 0.888124 0.458774 -0.198443 -0.946566 -0.17075 0.273601 -0.355477 0.321327 -0.426708 0.845381 0.439552 0.387813 -0.338681 0.857261 0.445602 -0.881338 -0.408581 0.237286 -0.471028 0.269896 -0.847559 -0.456945 0.481018 
1532105590062 -0.0860328 0.970273 0.226206 -0.298193 -0.953816 -0.145803 0.262633 -0.33029 0.287807 -0.193164 0.938006 0.431383 0.387824 -0.338484 0.857334 0.445499 -0.881368 -0.408423 0.237447 -0.471011 0.269783 -0.847714 -0.456725 0.480975 
1532105590236 -0.134037 0.990736 -0.0218377 -0.397766 -0.961326 -0.124645 0.245591 -0.305171 0.240594 0.0539115 0.969127 0.423258 0.387833 -0.338286 0.857408 0.445404 -0.881399 -0.408265 0.237606 -0.470998 0.269671 -0.847869 -0.456503 0.480931 
1532105590474 -0.168576 0.948214 -0.269207 -0.493554 -0.968564 -0.108661 0.223779 -0.280392 0.182938 0.298468 0.936723 0.414212 0.387839 -0.338088 0.857483 0.445335 -0.881428 -0.408111 0.237759 -0.471012 0.269565 -0.848022 -0.456282 0.480877 
1532105590726 -0.168576 0.948214 -0.269207 -0.493554 -0.968564 -0.108661 0.223779 -0.280392 0.182938 0.298468 0.936723 0.414212 0.387877 -0.338132 0.857449 0.445378 -0.881449 -0.408024 0.237832 -0.471015 0.269441 -0.848047 -0.456309 0.480814 
1532105590739 0.28098 -0.144236 0.948813 0.28811 -0.92832 -0.291644 0.230576 -0.482927 0.243458 -0.94559 -0.215843 0.481017 0.387838 -0.337927 0.857547 0.445483 -0.881474 -0.407924 0.237912 -0.471057 0.269417 -0.848177 -0.456082 0.480748 
1532105591116 0.23052 0.100358 0.967878 0.201182 -0.928569 -0.274664 0.249638 -0.456609 0.290895 -0.956289 0.0298739 0.473646 0.38787 -0.337762 0.857597 0.44537 -0.881479 -0.407833 0.238048 -0.471043 0.269353 -0.848286 -0.455917 0.480735 
1532105591436 0.170785 0.342779 0.923761 0.101237 -0.930757 -0.251502 0.265402 -0.43133 0.323302 -0.905124 0.276091 0.466067 0.387898 -0.337595 0.857651 0.445266 -0.881486 -0.40774 0.23818 -0.471026 0.269291 -0.848397 -0.455747 0.480718 
1532105591684 0.105108 0.563904 0.819124 0.000998413 -0.934634 -0.225368 0.275079 -0.406002 0.339722 -0.794495 0.503356 0.457379 0.387922 -0.337427 0.857706 0.445171 -0.881494 -0.407648 0.23831 -0.471011 0.26923 -0.848508 -0.455575 0.480699 
1532105591924 0.0375299 0.749597 0.660829 -0.098752 -0.940012 -0.197902 0.277871 -0.380779 0.33907 -0.631616 0.697203 0.447922 0.387945 -0.337257 0.857763 0.445081 -0.881502 -0.407554 0.238438 -0.470997 0.26917 -0.848621 -0.455401 0.480679 
1532105592201 -0.027603 0.888124 0.458774 -0.198427 -0.946562 -0.170757 0.273611 -0.355469 0.321339 -0.426706 0.845378 0.439556 0.387966 -0.337086 0.85782 0.444995 -0.881511 -0.407461 0.238566 -0.470984 0.269111 -0.848733 -0.455226 0.480658 
1532105592382 -0.0860363 0.970272 0.226208 -0.298196 -0.953814 -0.145808 0.262639 -0.330285 0.287814 -0.193164 0.938004 0.431396 0.387986 -0.336915 0.857878 0.444912 -0.88152 -0.407367 0.238693 -0.470971 0.269052 -0.848846 -0.45505 0.480636 
1532105592569 -0.13404 0.990735 -0.0218367 -0.397776 -0.961326 -0.124648 0.245593 -0.305168 0.240595 0.0539115 0.969127 0.423269 0.388005 -0.336743 0.857937 0.444835 -0.881529 -0.407273 0.238819 -0.470961 0.268994 -0.84896 -0.454873 0.480614 
1532105592794 -0.168594 0.94821 -0.269211 -0.493572 -0.968559 -0.108674 0.223793 -0.280404 0.182946 0.298477 0.936719 0.41415 0.388022 -0.336572 0.857997 0.444773 -0.881538 -0.407183 0.23894 -0.470968 0.268941 -0.849071 -0.454697 0.480587 
1532105593034 -0.168594 0.94821 -0.269211 -0.493572 -0.968559 -0.108674 0.223793 -0.280404 0.182946 0.298477 0.936719 0.41415 0.387948 -0.336571 0.85803 0.444742 -0.881569 -0.40715 0.238882 -0.470996 0.268946 -0.849087 -0.454664 0.480566 
1532105593047 0.281021 -0.14425 0.948799 0.288077 -0.928305 -0.291667 0.230608 -0.482688 0.243468 -0.94558 -0.215872 0.480868 0.387981 -0.336361 0.858098 0.444756 -0.881596 -0.406979 0.239076 -0.471024 0.268812 -0.849252 -0.454434 0.480527 
1532105593376 0.230566 0.100321 0.967871 0.201075 -0.928558 -0.274672 0.249671 -0.456623 0.290895 -0.95629 0.029824 0.473729 0.388054 -0.336175 0.858138 0.444649 -0.881611 -0.406813 0.2393 -0.471021 0.268655 -0.849405 -0.454241 0.480518 
1532105593621 0.170813 0.342754 0.923766 0.101162 -0.930749 -0.251509 0.265423 -0.431359 0.32331 -0.905132 0.276057 0.466119 0.388125 -0.335987 0.858179 0.444547 -0.881628 -0.406646 0.239523 -0.471016 0.268499 -0.849559 -0.454045 0.480507 
1532105593906 0.105128 0.56388 0.819138 0.000944053 -0.934627 -0.225379 0.275096 -0.406033 0.339737 -0.794509 0.503324 0.457405 0.388193 -0.335798 0.858222 0.444449 -0.881645 -0.40648 0.239744 -0.471013 0.268344 -0.849714 -0.453848 0.480494 
1532105594113 0.0375352 0.7496 0.660825 -0.0987817 -0.940005 -0.197909 0.277888 -0.380794 0.339088 -0.63161 0.6972 0.448038 0.388261 -0.335609 0.858265 0.444355 -0.881662 -0.406312 0.239964 -0.47101 0.26819 -0.849869 -0.453649 0.480481 
1532105594119 -0.0276053 0.888124 0.458773 -0.198412 -0.946558 -0.170764 0.27362 -0.355465 0.32135 -0.426702 0.845375 0.439558 0.388329 -0.335419 0.858309 0.444263 -0.881679 -0.406145 0.240184 -0.471007 0.268035 -0.850024 -0.45345 0.480468 
1532105594330 -0.0860391 0.970271 0.226209 -0.298197 -0.953812 -0.145812 0.262644 -0.330283 0.28782 -0.193163 0.938002 0.431407 0.388395 -0.335229 0.858353 0.444173 -0.881696 -0.405977 0.240404 -0.471005 0.267882 -0.850179 -0.45325 0.480454 
1532105594598 -0.134043 0.990735 -0.0218358 -0.397784 -0.961325 -0.124651 0.245594 -0.305166 0.240597 0.0539115 0.969127 0.423278 0.388461 -0.335038 0.858398 0.444087 -0.881714 -0.405809 0.240622 -0.471005 0.267728 -0.850334 -0.453049 0.480439 
1532105594912 -0.168608 0.948206 -0.269214 -0.493586 -0.968555 -0.108684 0.223805 -0.280414 0.182954 0.298484 0.936715 0.4141 0.388524 -0.334848 0.858444 0.444011 -0.881731 -0.405644 0.240837 -0.471015 0.267579 -0.850488 -0.452849 0.480422 
1532105595107 -0.168608 0.948206 -0.269214 -0.493586 -0.968555 -0.108684 0.223805 -0.280414 0.182954 0.298484 0.936715 0.4141 0.388598 -0.334759 0.858445 0.444048 -0.881707 -0.405632 0.240947 -0.471022 0.267554 -0.850528 -0.452787 0.480368 
1532105595120 0.281059 -0.144261 0.948786 0.28804 -0.928292 -0.291687 0.230637 -0.482497 0.243477 -0.945572 -0.215898 0.480744 0.388877 -0.334916 0.858257 0.444026 -0.88168 -0.405512 0.241248 -0.471041 0.267236 -0.850524 -0.452984 0.480419 
1532105595385 0.230604 0.10029 0.967866 0.200987 -0.928548 -0.274679 0.249698 -0.456636 0.290895 -0.956291 0.0297822 0.473799 0.389182 -0.335088 0.858052 0.443928 -0.881646 -0.405396 0.241567 -0.471042 0.266905 -0.850512 -0.453202 0.480489 
1532105595645 0.170835 0.342733 0.923769 0.1011 -0.930743 -0.251514 0.265441 -0.431383 0.323316 -0.905138 0.276028 0.466162 0.389485 -0.335258 0.857848 0.443833 -0.881612 -0.40528 0.241885 -0.471041 0.266574 -0.8505 -0.453418 0.480558 
1532105595861 0.105143 0.563861 0.819149 0.000900203 -0.934621 -0.225387 0.275109 -0.406058 0.339749 -0.79452 0.503298 0.457427 0.389786 -0.335428 0.857645 0.443742 -0.881578 -0.405163 0.242203 -0.471041 0.266244 -0.850489 -0.453633 0.480626 
1532105596097 0.0375405 0.749603 0.660823 -0.0988068 -0.94 -0.197913 0.277902 -0.380807 0.339102 -0.631606 0.697197 0.448125 0.390087 -0.335598 0.857442 0.443652 -0.881545 -0.405046 0.24252 -0.471042 0.265914 -0.850477 -0.453848 0.480693 
1532105596291 -0.0276062 0.888125 0.458772 -0.1984 -0.946555 -0.170768 0.273627 -0.355462 0.321359 -0.426699 0.845374 0.439558 0.390387 -0.335767 0.857239 0.443565 -0.881512 -0.404929 0.242837 -0.471043 0.265585 -0.850466 -0.454062 0.48076 
1532105596555 -0.0860409 0.970271 0.22621 -0.298197 -0.95381 -0.145815 0.262649 -0.330283 0.287825 -0.193163 0.938 0.431416 0.390686 -0.335936 0.857036 0.44348 -0.881478 -0.404812 0.243153 -0.471044 0.265255 -0.850455 -0.454275 0.480826 
1532105596755 -0.134045 0.990735 -0.0218352 -0.39779 -0.961324 -0.124653 0.245596 -0.305166 0.240598 0.0539116 0.969126 0.423285 0.390984 -0.336104 0.856835 0.443398 -0.881445 -0.404695 0.243468 -0.471047 0.264927 -0.850445 -0.454486 0.480892 
1532105596931 -0.168618 0.948204 -0.269217 -0.493597 -0.968552 -0.108691 0.223815 -0.280422 0.182961 0.29849 0.936712 0.41406 0.391279 -0.336271 0.856635 0.443328 -0.881412 -0.404581 0.243779 -0.471057 0.264602 -0.850433 -0.454697 0.48095 
1532105597265 -0.168618 0.948204 -0.269217 -0.493597 -0.968552 -0.108691 0.223815 -0.280422 0.182961 0.29849 0.936712 0.41406 0.391272 -0.33632 0.856618 0.443338 -0.881434 -0.404528 0.243784 -0.471029 0.264537 -0.850439 -0.454724 0.480975 
1532105597278 0.281091 -0.14427 0.948775 0.288005 -0.92828 -0.291704 0.230662 -0.482346 0.243484 -0.945566 -0.215919 0.480643 0.391528 -0.336282 0.856517 0.443285 -0.881384 -0.404446 0.244103 -0.471063 0.264328 -0.850493 -0.454745 0.481003 
1532105597580 0.230635 0.100264 0.967861 0.200915 -0.928541 -0.274685 0.249721 -0.456647 0.290895 -0.956293 0.0297475 0.473856 0.391813 -0.336261 0.856394 0.443146 -0.881324 -0.404369 0.244444 -0.471076 0.264103 -0.850537 -0.454792 0.481052 
1532105597828 0.170854 0.342716 0.923772 0.10105 -0.930737 -0.251519 0.265454 -0.431403 0.323322 -0.905143 0.276005 0.466198 0.392096 -0.336239 0.856274 0.44301 -0.881265 -0.404292 0.244784 -0.471088 0.263879 -0.850583 -0.454837 0.481099 
1532105598055 0.105155 0.563846 0.819158 0.00086541 -0.934616 -0.225393 0.27512 -0.406078 0.339758 -0.794528 0.503279 0.457444 0.392377 -0.336216 0.856154 0.442879 -0.881207 -0.404215 0.245122 -0.4711 0.263656 -0.850629 -0.45488 0.481146 
1532105598264 0.0375449 0.749604 0.660821 -0.0988272 -0.939997 -0.197916 0.277913 -0.380816 0.339112 -0.631604 0.697194 0.448191 0.392658 -0.336193 0.856034 0.442749 -0.881149 -0.404137 0.24546 -0.471113 0.263433 -0.850675 -0.454923 0.481192 
1532105598554 -0.0276062 0.888126 0.458771 -0.198391 -0.946553 -0.17077 0.273633 -0.35546 0.321365 -0.426697 0.845372 0.439557 0.392938 -0.336169 0.855915 0.442622 -0.88109 -0.404059 0.245798 -0.471126 0.26321 -0.850721 -0.454965 0.481237 
1532105598758 -0.086042 0.970271 0.22621 -0.298197 -0.953809 -0.145817 0.262653 -0.330283 0.28783 -0.193162 0.937999 0.431422 0.393217 -0.336145 0.855796 0.442497 -0.881032 -0.403981 0.246135 -0.47114 0.262988 -0.850768 -0.455007 0.481283 
1532105598934 -0.134047 0.990734 -0.0218347 -0.397794 -0.961324 -0.124655 0.245597 -0.305167 0.2406 0.0539118 0.969126 0.423291 0.393496 -0.336121 0.855678 0.442376 -0.880974 -0.403903 0.246471 -0.471155 0.262767 -0.850815 -0.455047 0.481327 
1532105599118 -0.168627 0.948201 -0.26922 -0.493605 -0.968549 -0.108696 0.223824 -0.28043 0.182967 0.298495 0.936709 0.414027 0.39377 -0.336095 0.855561 0.442267 -0.880916 -0.403827 0.246802 -0.471179 0.262549 -0.850861 -0.455087 0.481365 
1532105599404 -0.168627 0.948201 -0.26922 -0.493605 -0.968549 -0.108696 0.223824 -0.28043 0.182967 0.298495 0.936709 0.414027 0.393881 -0.336164 0.855483 0.442305 -0.880893 -0.403816 0.2469 -0.471152 0.262459 -0.850838 -0.455181 0.48131 
1532105599416 0.281118 -0.144278 0.948766 0.287973 -0.92827 -0.291718 0.230684 -0.482227 0.24349 -0.94556 -0.215936 0.48056 0.394144 -0.335937 0.855451 0.442199 -0.880808 -0.403781 0.247262 -0.471202 0.262351 -0.850945 -0.455044 0.481332 
1532105599702 0.23066 0.100243 0.967857 0.200856 -0.928534 -0.274689 0.249739 -0.456657 0.290895 -0.956293 0.0297192 0.473903 0.394436 -0.335726 0.8554 0.442007 -0.880714 -0.40375 0.247646 -0.471231 0.262227 -0.851043 -0.454932 0.481376 
1532105599958 0.170869 0.342702 0.923775 0.10101 -0.930733 -0.251523 0.265466 -0.431419 0.323326 -0.905147 0.275987 0.466227 0.394725 -0.335513 0.855349 0.441819 -0.880621 -0.403718 0.248028 -0.471259 0.262104 -0.851142 -0.454818 0.481417 
1532105600188 0.105165 0.563835 0.819165 0.000837142 -0.934612 -0.225398 0.275128 -0.406094 0.339765 -0.794535 0.503263 0.457458 0.395013 -0.3353 0.8553 0.441634 -0.880528 -0.403686 0.248409 -0.471287 0.261981 -0.851241 -0.454703 0.481458 
1532105600394 0.0375485 0.749605 0.66082 -0.0988446 -0.939994 -0.197918 0.277921 -0.380825 0.339119 -0.631602 0.697192 0.448244 0.395301 -0.335086 0.855251 0.441452 -0.880436 -0.403654 0.24879 -0.471316 0.261859 -0.851341 -0.454587 0.481498 
1532105600606 -0.0276065 0.888127 0.458768 -0.198389 -0.94655 -0.170774 0.273641 -0.355462 0.321373 -0.426693 0.845371 0.439572 0.395587 -0.334872 0.855202 0.441272 -0.880343 -0.403621 0.24917 -0.471346 0.261738 -0.85144 -0.45447 0.481538 
1532105600869 -0.0860427 0.970271 0.22621 -0.298196 -0.953807 -0.145819 0.262656 -0.330283 0.287833 -0.193161 0.937998 0.431426 0.395873 -0.334658 0.855154 0.441094 -0.880251 -0.403588 0.24955 -0.471376 0.261616 -0.85154 -0.454352 0.481578 
1532105601066 -0.134048 0.990734 -0.0218345 -0.397798 -0.961323 -0.124656 0.245599 -0.305168 0.240601 0.0539119 0.969126 0.423295 0.396158 -0.334442 0.855106 0.440921 -0.880158 -0.403555 0.249929 -0.471407 0.261496 -0.85164 -0.454234 0.481616 
1532105601245 -0.168633 0.948199 -0.269222 -0.49361 -0.968547 -0.1087 0.223831 -0.280436 0.182972 0.2985 0.936707 0.414001 0.396439 -0.334227 0.85506 0.440761 -0.880066 -0.403524 0.250303 -0.471448 0.26138 -0.85174 -0.454115 0.48165 
1532105601536 -0.168633 0.948199 -0.269222 -0.49361 -0.968547 -0.1087 0.223831 -0.280436 0.182972 0.2985 0.936707 0.414001 0.396452 -0.334166 0.855078 0.440801 -0.880029 -0.403615 0.250287 -0.471429 0.261485 -0.85172 -0.45409 0.481695 
1532105601550 0.28114 -0.144284 0.948758 0.287945 -0.928262 -0.29173 0.230702 -0.482134 0.243494 -0.945556 -0.21595 0.480494 0.396977 -0.334311 0.854778 0.440705 -0.879909 -0.403546 0.250818 -0.471499 0.261091 -0.851696 -0.454362 0.481773 
1532105601860 0.23068 0.100226 0.967854 0.20081 -0.928529 -0.274693 0.249754 -0.456666 0.290895 -0.956294 0.0296967 0.473941 0.397528 -0.334472 0.854459 0.440527 -0.879782 -0.403481 0.251369 -0.47155 0.260682 -0.851664 -0.454657 0.481872 
1532105602106 0.17088 0.342691 0.923776 0.100979 -0.93073 -0.251525 0.265474 -0.431432 0.323329 -0.905151 0.275973 0.466249 0.398076 -0.334631 0.854141 0.440354 -0.879655 -0.403415 0.251919 -0.4716 0.260274 -0.851633 -0.45495 0.481969 
1532105602340 0.105171 0.563827 0.819169 0.000817068 -0.93461 -0.225402 0.275134 -0.406105 0.33977 -0.79454 0.503252 0.457469 0.398623 -0.33479 0.853824 0.440184 -0.879528 -0.403349 0.252467 -0.471651 0.259865 -0.851602 -0.455242 0.482064 
1532105602346 0.0375501 0.749605 0.660819 -0.098857 -0.939992 -0.19792 0.277926 -0.380833 0.339124 -0.631601 0.697191 0.44828 0.399168 -0.334949 0.853507 0.440016 -0.879401 -0.403283 0.253015 -0.471701 0.259457 -0.851571 -0.455532 0.48216 
1532105602649 -0.0276056 0.888129 0.458765 -0.198408 -0.946546 -0.170778 0.273653 -0.355472 0.321386 -0.426688 0.845369 0.439633 0.399713 -0.335107 0.85319 0.439851 -0.879274 -0.403216 0.253562 -0.471753 0.25905 -0.85154 -0.455821 0.482255 
1532105602916 -0.0860436 0.970271 0.22621 -0.298196 -0.953806 -0.14582 0.262659 -0.330286 0.287837 -0.19316 0.937997 0.431431 0.400257 -0.335264 0.852873 0.439689 -0.879147 -0.40315 0.254109 -0.471805 0.258642 -0.851509 -0.45611 0.482349 
1532105603157 -0.134049 0.990734 -0.0218345 -0.3978 -0.961323 -0.124657 0.2456 -0.30517 0.240603 0.0539125 0.969125 0.423299 0.400798 -0.335421 0.852557 0.439532 -0.879019 -0.403083 0.254654 -0.471859 0.258235 -0.851479 -0.456396 0.482442 
1532105603384 -0.168638 0.948198 -0.269225 -0.493614 -0.968546 -0.108703 0.223837 -0.280442 0.182976 0.298504 0.936704 0.413982 0.401335 -0.335576 0.852244 0.439391 -0.878892 -0.40302 0.255193 -0.47192 0.257834 -0.851448 -0.456681 0.482523 
1532105603619 -0.168638 0.948198 -0.269225 -0.493614 -0.968546 -0.108703 0.223837 -0.280442 0.182976 0.298504 0.936704 0.413982 0.401311 -0.335583 0.852252 0.439382 -0.878918 -0.40296 0.255198 -0.471954 0.257783 -0.851473 -0.456663 0.482458 
1532105603632 0.28115 -0.144282 0.948756 0.287944 -0.928258 -0.291737 0.23071 -0.482066 0.2435 -0.945554 -0.215952 0.480439 0.401806 -0.335729 0.851961 0.439305 -0.878822 -0.402831 0.255732 -0.47203 0.257339 -0.851477 -0.456906 0.482541 
1532105603972 0.230696 0.100213 0.967852 0.200776 -0.928526 -0.274696 0.249764 -0.456672 0.290894 -0.956295 0.0296797 0.473969 0.402338 -0.335896 0.851644 0.439119 -0.878715 -0.402707 0.256296 -0.472079 0.256874 -0.85147 -0.457181 0.482652 
1532105604254 0.170888 0.342684 0.923778 0.100956 -0.930728 -0.251527 0.26548 -0.431441 0.323331 -0.905153 0.275962 0.466266 0.402866 -0.336061 0.851329 0.438939 -0.878608 -0.402582 0.256857 -0.472128 0.25641 -0.851464 -0.457453 0.482759 
1532105604261 0.105175 0.563822 0.819172 0.000803382 -0.934608 -0.225404 0.275138 -0.406112 0.339773 -0.794543 0.503245 0.457476 0.403393 -0.336225 0.851015 0.438763 -0.878502 -0.402457 0.257416 -0.472177 0.255947 -0.851458 -0.457723 0.482866 
1532105604550 0.0375513 0.749605 0.660819 -0.0988648 -0.939991 -0.197921 0.277929 -0.380837 0.339127 -0.6316 0.69719 0.448301 0.403918 -0.336389 0.850701 0.438591 -0.878395 -0.402332 0.257975 -0.472227 0.255484 -0.851453 -0.457992 0.482972 
1532105604898 -0.0276041 0.888129 0.458764 -0.19842 -0.946544 -0.170779 0.27366 -0.355478 0.321393 -0.426686 0.845367 0.439666 0.404443 -0.336552 0.850387 0.438421 -0.878288 -0.402206 0.258534 -0.472278 0.255021 -0.851447 -0.458259 0.483077 
1532105605098 -0.0860439 0.970271 0.226209 -0.298195 -0.953805 -0.145821 0.262662 -0.330287 0.287839 -0.193159 0.937997 0.431433 0.404966 -0.336715 0.850074 0.438255 -0.878182 -0.402081 0.259091 -0.472329 0.254559 -0.851442 -0.458526 0.483182 
1532105605317 -0.13405 0.990734 -0.0218347 -0.397801 -0.961322 -0.124657 0.245602 -0.305172 0.240604 0.0539131 0.969125 0.423301 0.405486 -0.336876 0.849762 0.438096 -0.878075 -0.401955 0.259647 -0.472382 0.254097 -0.851438 -0.45879 0.483286 
1532105605506 -0.168642 0.948197 -0.269227 -0.493617 -0.968544 -0.108705 0.223842 -0.280447 0.18298 0.298507 0.936703 0.413968 0.406001 -0.337037 0.849452 0.437953 -0.877968 -0.401833 0.260196 -0.472444 0.253642 -0.851432 -0.459052 0.483376 
1532105605714 -0.168642 0.948197 -0.269227 -0.493617 -0.968544 -0.108705 0.223842 -0.280447 0.18298 0.298507 0.936703 0.413968 0.405932 -0.336983 0.849507 0.437948 -0.877969 -0.401884 0.260113 -0.472457 0.25375 -0.851429 -0.458998 0.483384 
1532105605905 0.28115 -0.144274 0.948757 0.287961 -0.928257 -0.29174 0.230711 -0.48202 0.243505 -0.945554 -0.215945 0.480395 0.40644 -0.336939 0.849281 0.437862 -0.877821 -0.401848 0.260671 -0.472541 0.253452 -0.851464 -0.459099 0.483438 
1532105606238 0.230707 0.100204 0.96785 0.200751 -0.928523 -0.274698 0.249772 -0.456677 0.290894 -0.956295 0.0296673 0.47399 0.406987 -0.33692 0.849027 0.437658 -0.87766 -0.401817 0.261259 -0.472598 0.25313 -0.851486 -0.459236 0.483521 
1532105606517 0.170894 0.342678 0.923778 0.10094 -0.930726 -0.251529 0.265485 -0.431448 0.323333 -0.905155 0.275955 0.466278 0.407531 -0.336899 0.848774 0.437459 -0.8775 -0.401785 0.261845 -0.472653 0.252809 -0.851509 -0.459369 0.483601 
1532105606779 0.105178 0.563818 0.819174 0.0007937 -0.934607 -0.225405 0.27514 -0.406117 0.339775 -0.794545 0.503241 0.457482 0.408073 -0.336877 0.848522 0.437266 -0.87734 -0.401753 0.26243 -0.472709 0.25249 -0.851533 -0.459501 0.48368 
1532105606786 0.0375521 0.749606 0.660819 -0.0988703 -0.93999 -0.197922 0.277931 -0.38084 0.339129 -0.6316 0.697189 0.448315 0.408614 -0.336854 0.848271 0.437077 -0.87718 -0.401721 0.263013 -0.472765 0.252171 -0.851557 -0.459631 0.483759 
1532105607021 -0.0276029 0.88813 0.458763 -0.198429 -0.946542 -0.17078 0.273665 -0.355481 0.321397 -0.426684 0.845366 0.439688 0.409154 -0.336831 0.84802 0.43689 -0.87702 -0.401688 0.263596 -0.472823 0.251852 -0.851582 -0.45976 0.483837 
1532105607349 -0.0860441 0.970271 0.226209 -0.298194 -0.953805 -0.145821 0.262664 -0.330288 0.287841 -0.193158 0.937996 0.431434 0.409692 -0.336807 0.84777 0.436708 -0.87686 -0.401655 0.264178 -0.472881 0.251534 -0.851607 -0.459887 0.483914 
1532105607561 -0.13405 0.990734 -0.0218349 -0.397801 -0.961322 -0.124658 0.245603 -0.305173 0.240606 0.0539136 0.969124 0.423303 0.410229 -0.336782 0.84752 0.436531 -0.8767 -0.401622 0.264759 -0.472941 0.251217 -0.851632 -0.460013 0.48399 
1532105607753 -0.168645 0.948196 -0.269229 -0.493618 -0.968543 -0.108706 0.223846 -0.280451 0.182983 0.29851 0.936701 0.413959 0.410759 -0.336756 0.847273 0.436372 -0.87654 -0.401592 0.265332 -0.473011 0.250906 -0.851657 -0.460138 0.484054 
1532105607976 -0.168645 0.948196 -0.269229 -0.493618 -0.968543 -0.108706 0.223846 -0.280451 0.182983 0.29851 0.936701 0.413959 0.410736 -0.336666 0.84732 0.436377 -0.876509 -0.401696 0.265279 -0.472971 0.251054 -0.851643 -0.460082 0.484101 
1532105607989 0.281149 -0.144268 0.948758 0.287976 -0.928256 -0.291743 0.230711 -0.481989 0.243509 -0.945554 -0.215941 0.480366 0.411198 -0.33675 0.847063 0.4363 -0.876434 -0.401486 0.265845 -0.473065 0.25056 -0.851709 -0.460229 0.484162 
1532105608342 0.230715 0.100197 0.967849 0.200732 -0.928521 -0.274699 0.249778 -0.456681 0.290894 -0.956295 0.0296578 0.474005 0.411698 -0.336858 0.846777 0.436108 -0.876346 -0.401283 0.26644 -0.473132 0.250044 -0.851762 -0.460412 0.484252 
1532105608702 0.170899 0.342674 0.923779 0.100927 -0.930725 -0.25153 0.265488 -0.431453 0.323334 -0.905156 0.275949 0.466288 0.412196 -0.336964 0.846493 0.435922 -0.876259 -0.401079 0.267032 -0.473199 0.24953 -0.851816 -0.460591 0.484339 
1532105608951 0.105181 0.563815 0.819176 0.000786518 -0.934606 -0.225406 0.275142 -0.40612 0.339777 -0.794547 0.503237 0.457486 0.412691 -0.33707 0.846209 0.435742 -0.876172 -0.400875 0.267623 -0.473266 0.249016 -0.851871 -0.460768 0.484425 
1532105609191 0.0375527 0.749606 0.660819 -0.0988743 -0.93999 -0.197922 0.277932 -0.380842 0.33913 -0.6316 0.697189 0.448326 0.413185 -0.337174 0.845927 0.435565 -0.876085 -0.40067 0.268214 -0.473334 0.248503 -0.851926 -0.460944 0.48451 
1532105609427 -0.027602 0.88813 0.458762 -0.198435 -0.946541 -0.17078 0.273668 -0.355484 0.321401 -0.426684 0.845365 0.439704 0.413677 -0.337278 0.845645 0.435391 -0.875998 -0.400465 0.268803 -0.473402 0.24799 -0.851981 -0.461118 0.484595 
1532105609640 -0.0860442 0.970271 0.226209 -0.298193 -0.953805 -0.145822 0.262665 -0.330289 0.287843 -0.193158 0.937996 0.431435 0.414168 -0.337381 0.845363 0.435221 -0.875911 -0.400261 0.269392 -0.473472 0.247478 -0.852036 -0.461291 0.484678 
1532105609858 -0.134051 0.990734 -0.0218351 -0.397802 -0.961321 -0.124658 0.245604 -0.305174 0.240606 0.0539139 0.969124 0.423304 0.414658 -0.337484 0.845082 0.435057 -0.875824 -0.400055 0.269979 -0.473543 0.246966 -0.852092 -0.461462 0.484761 
1532105610040 -0.168647 0.948195 -0.26923 -0.493619 -0.968543 -0.108707 0.223848 -0.280455 0.182984 0.298512 0.9367 0.413951 0.415141 -0.337585 0.844804 0.43491 -0.875737 -0.399853 0.27056 -0.473623 0.246461 -0.852147 -0.461631 0.484831 
1532105610261 -0.168647 0.948195 -0.26923 -0.493619 -0.968543 -0.108707 0.223848 -0.280455 0.182984 0.298512 0.9367 0.413951 0.415006 -0.337702 0.844824 0.434885 -0.875839 -0.399688 0.270474 -0.473659 0.246326 -0.852178 -0.461646 0.484786 
1532105610274 0.281148 -0.144264 0.948759 0.287987 -0.928255 -0.291745 0.230711 -0.481966 0.243512 -0.945554 -0.215937 0.480346 0.415502 -0.33782 0.844533 0.434827 -0.875702 -0.399649 0.270974 -0.473747 0.245976 -0.852149 -0.461885 0.484872 
1532105610626 0.230721 0.100192 0.967848 0.200719 -0.928519 -0.2747 0.249783 -0.456684 0.290894 -0.956296 0.0296509 0.474017 0.416041 -0.337957 0.844212 0.434659 -0.875549 -0.399623 0.271506 -0.473809 0.245609 -0.852107 -0.462158 0.484987 
1532105610910 0.170902 0.342671 0.92378 0.100919 -0.930724 -0.25153 0.265491 -0.431457 0.323335 -0.905157 0.275945 0.466294 0.416577 -0.338093 0.843894 0.434496 -0.875397 -0.399596 0.272036 -0.473869 0.245243 -0.852066 -0.462428 0.485099 
1532105611159 0.105182 0.563814 0.819177 0.000781351 -0.934606 -0.225407 0.275144 -0.406123 0.339778 -0.794548 0.503235 0.457489 0.41711 -0.338227 0.843576 0.434339 -0.875245 -0.399568 0.272564 -0.473931 0.244878 -0.852025 -0.462696 0.48521 
1532105611390 0.0375532 0.749606 0.660819 -0.0988772 -0.939989 -0.197922 0.277933 -0.380843 0.339131 -0.6316 0.697189 0.448333 0.417643 -0.338361 0.84326 0.434185 -0.875093 -0.399541 0.273092 -0.473993 0.244513 -0.851985 -0.462962 0.485321 
1532105611643 -0.0276014 0.88813 0.458762 -0.198439 -0.94654 -0.170781 0.273671 -0.355486 0.321403 -0.426683 0.845365 0.439715 0.418174 -0.338494 0.842943 0.434035 -0.874941 -0.399513 0.273618 -0.474056 0.244149 -0.851946 -0.463228 0.485431 
1532105611887 -0.0860443 0.970271 0.226208 -0.298193 -0.953804 -0.145822 0.262666 -0.33029 0.287844 -0.193158 0.937996 0.431436 0.418703 -0.338626 0.842627 0.433888 -0.874789 -0.399485 0.274144 -0.47412 0.243785 -0.851906 -0.463492 0.48554 
1532105612097 -0.134051 0.990734 -0.0218352 -0.397802 -0.961321 -0.124658 0.245605 -0.305175 0.240607 0.0539142 0.969124 0.423305 0.419231 -0.338757 0.842312 0.433747 -0.874638 -0.399457 0.274668 -0.474185 0.243421 -0.851867 -0.463755 0.485648 
1532105612300 -0.168648 0.948194 -0.269231 -0.49362 -0.968542 -0.108707 0.22385 -0.280457 0.182986 0.298513 0.936699 0.413946 0.419753 -0.338887 0.842 0.433622 -0.874487 -0.399431 0.275186 -0.474257 0.243064 -0.851828 -0.464014 0.485742 
1532105612573 -0.168648 0.948194 -0.269231 -0.49362 -0.968542 -0.108707 0.22385 -0.280457 0.182986 0.298513 0.936699 0.413946 0.419854 -0.338909 0.84194 0.433677 -0.874449 -0.399457 0.27527 -0.474242 0.243028 -0.851806 -0.464073 0.485687 
1532105612586 0.281148 -0.144261 0.94876 0.287994 -0.928255 -0.291746 0.230711 -0.48195 0.243515 -0.945554 -0.215935 0.480331 0.420368 -0.339154 0.841585 0.433631 -0.874291 -0.399501 0.275707 -0.474329 0.242706 -0.851689 -0.464457 0.485798 
1532105612915 0.230725 0.100188 0.967847 0.20071 -0.928518 -0.274701 0.249786 -0.456687 0.290894 -0.956296 0.029646 0.474025 0.420917 -0.339422 0.841202 0.433478 -0.874121 -0.399551 0.276171 -0.474392 0.242365 -0.851558 -0.464874 0.485936 
1532105613192 0.170904 0.342669 0.92378 0.100912 -0.930723 -0.251531 0.265492 -0.431459 0.323335 -0.905157 0.275943 0.466299 0.421463 -0.339688 0.840822 0.43333 -0.873953 -0.399601 0.276632 -0.474455 0.242024 -0.851429 -0.465289 0.486071 
1532105613515 0.105183 0.563812 0.819178 0.000777634 -0.934605 -0.225407 0.275145 -0.406125 0.339778 -0.794549 0.503233 0.457491 0.422006 -0.339953 0.840442 0.433188 -0.873784 -0.399651 0.277092 -0.474518 0.241685 -0.8513 -0.465701 0.486205 
1532105613745 0.0375535 0.749606 0.660819 -0.0988793 -0.939989 -0.197923 0.277934 -0.380844 0.339132 -0.6316 0.697188 0.448338 0.422549 -0.340217 0.840062 0.43305 -0.873616 -0.3997 0.277552 -0.474581 0.241345 -0.851171 -0.466112 0.486338 
1532105613961 -0.0276009 0.888131 0.458762 -0.198443 -0.94654 -0.170781 0.273673 -0.355487 0.321405 -0.426683 0.845364 0.439724 0.42309 -0.34048 0.839683 0.432914 -0.873448 -0.399749 0.27801 -0.474646 0.241006 -0.851043 -0.466522 0.486471 
1532105614193 -0.0860443 0.970271 0.226208 -0.298192 -0.953804 -0.145822 0.262667 -0.33029 0.287844 -0.193157 0.937996 0.431436 0.42363 -0.340743 0.839305 0.432782 -0.87328 -0.399799 0.278467 -0.474711 0.240667 -0.850915 -0.46693 0.486603 
1532105614393 -0.134051 0.990734 -0.0218353 -0.397802 -0.961321 -0.124658 0.245605 -0.305176 0.240608 0.0539144 0.969124 0.423305 0.424167 -0.341004 0.838927 0.432656 -0.873112 -0.399848 0.278923 -0.474778 0.240329 -0.850787 -0.467337 0.486734 
1532105614612 -0.168649 0.948194 -0.269232 -0.493621 -0.968542 -0.108708 0.223851 -0.280458 0.182987 0.298514 0.936699 0.413943 0.424699 -0.341263 0.838553 0.432545 -0.872945 -0.399899 0.279372 -0.474851 0.239997 -0.850659 -0.46774 0.48685 
1532105614834 -0.168649 0.948194 -0.269232 -0.493621 -0.968542 -0.108708 0.223851 -0.280458 0.182987 0.298514 0.936699 0.413943 0.424688 -0.341281 0.838551 0.432535 -0.872956 -0.399879 0.279366 -0.474878 0.239976 -0.850661 -0.467747 0.486793 
1532105614847 0.281148 -0.144259 0.94876 0.287999 -0.928254 -0.291747 0.230711 -0.481938 0.243516 -0.945554 -0.215933 0.48032 0.42512 -0.34145 0.838263 0.432484 -0.872841 -0.399831 0.279793 -0.474958 0.239629 -0.850616 -0.468007 0.486883 
1532105615199 0.230728 0.100185 0.967847 0.200703 -0.928518 -0.274702 0.249788 -0.456688 0.290894 -0.956296 0.0296425 0.474031 0.425587 -0.341642 0.837948 0.432326 -0.872715 -0.39979 0.280246 -0.475015 0.239259 -0.850558 -0.468301 0.486999 
1532105615476 0.170906 0.342668 0.92378 0.100908 -0.930723 -0.251531 0.265494 -0.431461 0.323336 -0.905158 0.275941 0.466302 0.426051 -0.341833 0.837634 0.432175 -0.872589 -0.399747 0.280696 -0.475071 0.238891 -0.850501 -0.468592 0.487112 
1532105615720 0.105184 0.563811 0.819178 0.00077501 -0.934605 -0.225408 0.275145 -0.406126 0.339779 -0.794549 0.503232 0.457492 0.426513 -0.342022 0.837322 0.432029 -0.872464 -0.399704 0.281146 -0.475128 0.238523 -0.850445 -0.468881 0.487224 
1532105615982 0.0375537 0.749606 0.660818 -0.0988807 -0.939989 -0.197923 0.277934 -0.380845 0.339132 -0.6316 0.697188 0.448342 0.426974 -0.342211 0.83701 0.431886 -0.872339 -0.399662 0.281594 -0.475186 0.238156 -0.850389 -0.469169 0.487336 
1532105616285 -0.0276006 0.888131 0.458762 -0.198445 -0.946539 -0.170781 0.273674 -0.355488 0.321406 -0.426682 0.845364 0.439729 0.427433 -0.342399 0.836698 0.431747 -0.872214 -0.399618 0.282042 -0.475244 0.237789 -0.850334 -0.469456 0.487447 
1532105616499 -0.0860443 0.970271 0.226208 -0.298192 -0.953804 -0.145822 0.262667 -0.330291 0.287845 -0.193157 0.937996 0.431437 0.427891 -0.342587 0.836387 0.431611 -0.872089 -0.399575 0.282489 -0.475303 0.237423 -0.850279 -0.469741 0.487557 
1532105616786 -0.134051 0.990734 -0.0218353 -0.397802 -0.961321 -0.124659 0.245606 -0.305176 0.240608 0.0539145 0.969124 0.423306 0.428348 -0.342773 0.836077 0.43148 -0.871964 -0.399532 0.282935 -0.475363 0.237057 -0.850224 -0.470024 0.487666 
1532105617015 -0.16865 0.948194 -0.269232 -0.493621 -0.968542 -0.108708 0.223852 -0.280459 0.182987 0.298515 0.936699 0.41394 0.428799 -0.342957 0.83577 0.431365 -0.871841 -0.399491 0.283374 -0.47543 0.236697 -0.850169 -0.470305 0.487762 
1532105617227 -0.16865 0.948194 -0.269232 -0.493621 -0.968542 -0.108708 0.223852 -0.280459 0.182987 0.298515 0.936699 0.41394 0.428683 -0.343045 0.835794 0.431324 -0.871918 -0.399383 0.283288 -0.475468 0.236622 -0.850184 -0.470316 0.48771 
1532105617240 0.281148 -0.144257 0.94876 0.288003 -0.928254 -0.291748 0.230711 -0.48193 0.243517 -0.945554 -0.215932 0.480313 0.428851 -0.342857 0.835784 0.431288 -0.871862 -0.399314 0.283556 -0.475536 0.236521 -0.850292 -0.470171 0.487715 
1532105617551 0.230731 0.100184 0.967846 0.200698 -0.928517 -0.274702 0.249789 -0.456689 0.290894 -0.956296 0.02964 0.474035 0.429051 -0.34269 0.83575 0.431154 -0.871796 -0.399251 0.283848 -0.475583 0.236402 -0.85039 -0.470055 0.487743 
1532105617810 0.170907 0.342667 0.92378 0.100905 -0.930723 -0.251532 0.265494 -0.431462 0.323336 -0.905158 0.275939 0.466305 0.429248 -0.342521 0.835718 0.431027 -0.871731 -0.399186 0.284138 -0.47563 0.236284 -0.850488 -0.469937 0.487768 
1532105618033 0.105185 0.563811 0.819179 0.00077317 -0.934605 -0.225408 0.275146 -0.406127 0.339779 -0.794549 0.503231 0.457493 0.429444 -0.342352 0.835687 0.430904 -0.871667 -0.399122 0.284427 -0.475677 0.236167 -0.850587 -0.469817 0.487793 
1532105618264 0.0375539 0.749606 0.660818 -0.0988817 -0.939989 -0.197923 0.277935 -0.380846 0.339132 -0.631599 0.697188 0.448344 0.429638 -0.342181 0.835657 0.430785 -0.871603 -0.399056 0.284715 -0.475725 0.23605 -0.850686 -0.469696 0.487817 
