1533299165809 0.131613 0.935242 -0.328633 -0.599666 -0.958104 0.205087 0.199941 -0.2228 0.254392 0.28855 0.923051 0.382084 1 0 0 0 0 1 0 0 0 0 1 1.306 
1533299165820 0.131928 0.935984 -0.326388 -0.60029 -0.957271 0.205783 0.203189 -0.222944 0.257347 0.285635 0.923139 0.382125 0.313239 -0.3866 0.867422 0.386189 -0.93126 -0.304042 0.200784 -0.500185 0.18611 -0.870689 -0.455263 0.505382 
1533299165837 0.132249 0.936719 -0.324141 -0.600914 -0.956428 0.206467 0.206437 -0.223089 0.260298 0.282717 0.92321 0.382166 0.316244 -0.384866 0.867103 0.400217 -0.929998 -0.306258 0.203249 -0.504049 0.187334 -0.87068 -0.454777 0.486145 
1533299165854 0.132578 0.937448 -0.321893 -0.601538 -0.955575 0.207141 0.209686 -0.223233 0.263247 0.279793 0.923264 0.382208 0.316258 -0.384857 0.867102 0.400836 -0.929992 -0.306267 0.203261 -0.504368 0.187338 -0.870681 -0.454774 0.485921 
1533299165870 0.132913 0.93817 -0.319643 -0.602162 -0.954713 0.207805 0.212933 -0.223378 0.266191 0.276865 0.923303 0.382249 0.316239 -0.384881 0.867098 0.400855 -0.93 -0.306257 0.203241 -0.504361 0.187331 -0.870674 -0.454789 0.485943 
1533299165887 0.133256 0.938885 -0.317392 -0.602786 -0.95384 0.208459 0.21618 -0.223522 0.269132 0.273934 0.923325 0.38229 0.316214 -0.384899 0.867099 0.400827 -0.930009 -0.306245 0.203216 -0.504329 0.187327 -0.87067 -0.454799 0.48594 
1533299165904 0.133606 0.939594 -0.315141 -0.60341 -0.952958 0.209102 0.219427 -0.223667 0.272069 0.270999 0.92333 0.382331 0.3162 -0.384907 0.867101 0.400798 -0.930014 -0.306239 0.203202 -0.504306 0.187326 -0.870669 -0.454801 0.485922 
1533299165920 0.133963 0.940295 -0.312888 -0.604034 -0.952065 0.209735 0.222673 -0.223811 0.275002 0.26806 0.923319 0.382372 0.316197 -0.384904 0.867103 0.400778 -0.930014 -0.30624 0.2032 -0.504292 0.187329 -0.87067 -0.454799 0.485903 
1533299165937 0.134327 0.94099 -0.310636 -0.604652 -0.951163 0.210358 0.225918 -0.223954 0.277931 0.265118 0.923291 0.382415 0.316201 -0.384895 0.867106 0.400765 -0.930012 -0.306246 0.203202 -0.504277 0.187337 -0.870672 -0.454792 0.485883 
1533299165954 0.134703 0.941672 -0.308398 -0.605201 -0.950252 0.210977 0.229149 -0.224073 0.280848 0.262189 0.923245 0.382476 0.316123 -0.384928 0.86712 0.40068 -0.93004 -0.30621 0.20313 -0.504145 0.18733 -0.87067 -0.454798 0.485852 
1533299165979 0.130992 0.935661 -0.327688 -0.599803 -0.958057 0.204455 0.200809 -0.222647 0.254887 0.287639 0.923199 0.382185 1 0 0 0 0 1 0 0 0 0 1 1.306 
1533299165990 0.131371 0.936359 -0.325535 -0.600413 -0.957228 0.205211 0.20397 -0.222807 0.257792 0.284815 0.923268 0.382216 0.313239 -0.3866 0.867422 0.386189 -0.93126 -0.304042 0.200784 -0.500185 0.18611 -0.870689 -0.455263 0.505382 
1533299166007 0.131756 0.937051 -0.323381 -0.601024 -0.956388 0.205957 0.207131 -0.222967 0.260695 0.281987 0.923321 0.382247 0.316244 -0.384866 0.867103 0.400217 -0.929998 -0.306258 0.203249 -0.504049 0.187334 -0.87068 -0.454777 0.486145 
1533299166024 0.132148 0.937737 -0.321227 -0.601634 -0.955539 0.206693 0.210292 -0.223127 0.263594 0.279155 0.923358 0.382278 0.316258 -0.384857 0.867102 0.400836 -0.929992 -0.306267 0.203261 -0.504368 0.187338 -0.870681 -0.454774 0.485921 
1533299166040 0.132546 0.938416 -0.319071 -0.602244 -0.954681 0.207419 0.213453 -0.223287 0.266489 0.276319 0.92338 0.382309 0.316239 -0.384881 0.867098 0.400855 -0.93 -0.306257 0.203241 -0.504361 0.187331 -0.870674 -0.454789 0.485943 
1533299166057 0.132951 0.939089 -0.316916 -0.602855 -0.953812 0.208136 0.216613 -0.223446 0.26938 0.273479 0.923387 0.38234 0.316214 -0.384899 0.867099 0.400827 -0.930009 -0.306245 0.203216 -0.504329 0.187327 -0.87067 -0.454799 0.48594 
1533299166074 0.133363 0.939756 -0.314759 -0.603465 -0.952935 0.208843 0.219773 -0.223606 0.272268 0.270635 0.923378 0.382372 0.3162 -0.384907 0.867101 0.400798 -0.930014 -0.306239 0.203202 -0.504306 0.187326 -0.870669 -0.454801 0.485922 
1533299166090 0.133782 0.940416 -0.312602 -0.604075 -0.952047 0.209541 0.222932 -0.223766 0.275152 0.267787 0.923353 0.382403 0.316197 -0.384904 0.867103 0.400778 -0.930014 -0.30624 0.2032 -0.504292 0.187329 -0.87067 -0.454799 0.485903 
1533299166107 0.134207 0.94107 -0.310445 -0.604679 -0.95115 0.210229 0.226091 -0.223925 0.278032 0.264937 0.923313 0.382435 0.316201 -0.384895 0.867106 0.400765 -0.930012 -0.306246 0.203202 -0.504277 0.187337 -0.870672 -0.454792 0.485883 
1533299166124 0.134644 0.941711 -0.308303 -0.605217 -0.950245 0.210913 0.229237 -0.224059 0.2809 0.262098 0.923255 0.382486 0.316123 -0.384928 0.86712 0.40068 -0.93004 -0.30621 0.20313 -0.504145 0.18733 -0.87067 -0.454798 0.485852 
1533299166149 0.130567 0.93756 -0.322388 -0.600947 -0.956612 0.204563 0.207478 -0.222431 0.260471 0.28131 0.92359 0.382301 1 0 0 0 0 1 0 0 0 0 1 1.306 
1533299166160 0.130753 0.937379 -0.322839 -0.600874 -0.956674 0.204742 0.207017 -0.222391 0.260152 0.281783 0.923536 0.382272 0.313239 -0.3866 0.867422 0.386189 -0.93126 -0.304042 0.200784 -0.500185 0.18611 -0.870689 -0.455263 0.505382 
1533299166177 0.130948 0.937202 -0.323274 -0.600807 -0.956726 0.204934 0.206584 -0.222357 0.259861 0.282233 0.923481 0.38224 0.316244 -0.384866 0.867103 0.400216 -0.929998 -0.306258 0.203249 -0.504049 0.187334 -0.87068 -0.454777 0.486145 
1533299166194 0.131143 0.937024 -0.323708 -0.600741 -0.956779 0.205126 0.206151 -0.222323 0.25957 0.282682 0.923426 0.382209 0.316258 -0.384857 0.867102 0.400836 -0.929992 -0.306267 0.203261 -0.504368 0.187338 -0.870681 -0.454774 0.485921 
1533299166210 0.131339 0.936847 -0.324143 -0.600675 -0.956831 0.205318 0.205718 -0.222289 0.259278 0.283131 0.92337 0.382177 0.316239 -0.384881 0.867098 0.400855 -0.93 -0.306257 0.203241 -0.504361 0.187331 -0.870674 -0.454789 0.485943 
1533299166227 0.131534 0.936669 -0.324577 -0.60061 -0.956883 0.205509 0.205285 -0.222255 0.258988 0.28358 0.923314 0.382145 0.316214 -0.384899 0.867099 0.400827 -0.930009 -0.306245 0.203216 -0.504329 0.187327 -0.87067 -0.454799 0.48594 
1533299166244 0.13173 0.936491 -0.325011 -0.600544 -0.956934 0.2057 0.204852 -0.222221 0.258697 0.284029 0.923257 0.382113 0.3162 -0.384907 0.867101 0.400798 -0.930014 -0.306239 0.203202 -0.504306 0.187326 -0.870669 -0.454801 0.485922 
1533299166260 0.131926 0.936313 -0.325445 -0.600478 -0.956986 0.205891 0.204418 -0.222187 0.258406 0.284478 0.9232 0.382081 0.316197 -0.384904 0.867103 0.400778 -0.930014 -0.30624 0.2032 -0.504292 0.187329 -0.87067 -0.454799 0.485903 
1533299166277 0.132122 0.936134 -0.325878 -0.600413 -0.957037 0.206082 0.203985 -0.222153 0.258115 0.284926 0.923143 0.382049 0.316201 -0.384895 0.867106 0.400765 -0.930012 -0.306246 0.203202 -0.504277 0.187337 -0.870672 -0.454792 0.485883 
1533299166294 0.132318 0.935956 -0.32631 -0.600357 -0.957088 0.206271 0.203553 -0.222124 0.257825 0.285373 0.923086 0.382015 0.316123 -0.384928 0.86712 0.40068 -0.93004 -0.30621 0.20313 -0.504145 0.18733 -0.87067 -0.454798 0.485852 
1533299166319 0.134516 0.938481 -0.318055 -0.602358 -0.954165 0.209273 0.21395 -0.223899 0.267348 0.274697 0.923616 0.382169 1 0 0 0 0 1 0 0 0 0 1 1.306 
1533299166330 0.134517 0.938214 -0.318841 -0.602224 -0.95414 0.209478 0.213859 -0.223879 0.267436 0.275451 0.923366 0.382104 0.313239 -0.3866 0.867422 0.386189 -0.93126 -0.304042 0.200784 -0.500185 0.18611 -0.870689 -0.455263 0.505382 
1533299166347 0.134518 0.937946 -0.319628 -0.602089 -0.954115 0.209684 0.213768 -0.22386 0.267524 0.276206 0.923115 0.38204 0.316244 -0.384866 0.867103 0.400216 -0.929998 -0.306258 0.203249 -0.504049 0.187334 -0.87068 -0.454777 0.486145 
1533299166364 0.134519 0.937678 -0.320414 -0.601955 -0.95409 0.209889 0.213677 -0.22384 0.267612 0.27696 0.922863 0.381975 0.316258 -0.384857 0.867102 0.400836 -0.929992 -0.306267 0.203261 -0.504368 0.187338 -0.870681 -0.454774 0.485921 
1533299166380 0.134521 0.937408 -0.321201 -0.60182 -0.954066 0.210095 0.213585 -0.223821 0.267699 0.277715 0.922611 0.38191 0.316239 -0.384881 0.867098 0.400855 -0.93 -0.306257 0.203241 -0.504361 0.187331 -0.870674 -0.454789 0.485943 
1533299166397 0.134522 0.937139 -0.321987 -0.601686 -0.954041 0.210301 0.213493 -0.223801 0.267787 0.278469 0.922359 0.381846 0.316214 -0.384899 0.867099 0.400827 -0.930009 -0.306245 0.203216 -0.504329 0.187327 -0.87067 -0.454799 0.48594 
1533299166414 0.134523 0.936868 -0.322773 -0.601551 -0.954016 0.210507 0.213401 -0.223781 0.267874 0.279223 0.922105 0.381781 0.3162 -0.384907 0.867101 0.400798 -0.930014 -0.306239 0.203202 -0.504306 0.187326 -0.870669 -0.454801 0.485922 
1533299166431 0.134524 0.936597 -0.323558 -0.601417 -0.953991 0.210712 0.213309 -0.223762 0.267962 0.279976 0.921851 0.381716 0.316197 -0.384904 0.867103 0.400778 -0.930014 -0.30624 0.2032 -0.504292 0.187329 -0.87067 -0.454799 0.485903 
1533299166447 0.134525 0.936325 -0.324343 -0.601284 -0.953967 0.210917 0.213217 -0.223742 0.26805 0.28073 0.921597 0.381651 0.316201 -0.384895 0.867106 0.400765 -0.930012 -0.306246 0.203202 -0.504277 0.187337 -0.870672 -0.454792 0.485883 
1533299166454 0.134525 0.936054 -0.325125 -0.601167 -0.953942 0.211122 0.213125 -0.223727 0.268138 0.281479 0.921342 0.381583 0.316123 -0.384928 0.86712 0.40068 -0.93004 -0.30621 0.20313 -0.504145 0.18733 -0.87067 -0.454798 0.485852 
1533299166478 0.139301 0.937248 -0.319628 -0.602675 -0.953026 0.214556 0.213794 -0.225598 0.268956 0.274831 0.923109 0.381684 1 0 0 0 0 1 0 0 0 0 1 1.306 
1533299166491 0.138988 0.936982 -0.320543 -0.60248 -0.953061 0.214483 0.213708 -0.225561 0.268991 0.275794 0.922812 0.381615 0.313239 -0.3866 0.867422 0.386189 -0.93126 -0.304042 0.200784 -0.500185 0.18611 -0.870689 -0.455263 0.505382 
1533299166508 0.138675 0.936714 -0.321459 -0.602286 -0.953097 0.21441 0.213622 -0.225525 0.269027 0.276757 0.922513 0.381546 0.316244 -0.384866 0.867103 0.400216 -0.929998 -0.306258 0.203249 -0.504049 0.187334 -0.87068 -0.454777 0.486145 
1533299166524 0.138361 0.936446 -0.322374 -0.602092 -0.953133 0.214337 0.213536 -0.225489 0.269062 0.27772 0.922213 0.381478 0.316258 -0.384857 0.867102 0.400836 -0.929992 -0.306267 0.203261 -0.504368 0.187338 -0.870681 -0.454774 0.485921 
1533299166541 0.138048 0.936177 -0.323289 -0.601897 -0.953168 0.214264 0.213451 -0.225452 0.269097 0.278682 0.921913 0.381409 0.316239 -0.384881 0.867098 0.400855 -0.93 -0.306257 0.203241 -0.504361 0.187331 -0.870674 -0.454789 0.485943 
1533299166558 0.137734 0.935907 -0.324203 -0.601703 -0.953204 0.214191 0.213365 -0.225415 0.269132 0.279644 0.921611 0.38134 0.316214 -0.384899 0.867099 0.400827 -0.930009 -0.306245 0.203216 -0.504329 0.187327 -0.87067 -0.454799 0.48594 
1533299166574 0.137421 0.935635 -0.325118 -0.601508 -0.953239 0.214118 0.21328 -0.225379 0.269166 0.280606 0.921309 0.381271 0.3162 -0.384907 0.867101 0.400798 -0.930014 -0.306239 0.203202 -0.504306 0.187326 -0.870669 -0.454801 0.485922 
1533299166591 0.137108 0.935363 -0.326032 -0.601314 -0.953275 0.214045 0.213194 -0.225343 0.2692 0.281568 0.921006 0.381202 0.316197 -0.384904 0.867103 0.400778 -0.930014 -0.30624 0.2032 -0.504292 0.187329 -0.87067 -0.454799 0.485903 
1533299166608 0.136794 0.93509 -0.326946 -0.601121 -0.95331 0.213972 0.213109 -0.225306 0.269233 0.282529 0.920701 0.381133 0.316201 -0.384895 0.867106 0.400765 -0.930012 -0.306246 0.203202 -0.504277 0.187337 -0.870672 -0.454792 0.485883 
1533299166624 0.136481 0.934818 -0.327855 -0.60095 -0.953346 0.213897 0.213025 -0.225275 0.269267 0.283485 0.920397 0.38106 0.316123 -0.384928 0.86712 0.40068 -0.93004 -0.30621 0.20313 -0.504145 0.18733 -0.87067 -0.454798 0.485852 
1533299166650 0.137255 0.936791 -0.321845 -0.602107 -0.953396 0.213079 0.213618 -0.224919 0.268694 0.277526 0.922379 0.381613 1 0 0 0 0 1 0 0 0 0 1 1.306 
1533299166661 0.13694 0.936755 -0.322084 -0.601933 -0.95364 0.212634 0.212973 -0.224772 0.26799 0.277987 0.922445 0.381592 0.313239 -0.3866 0.867422 0.386189 -0.93126 -0.304042 0.200784 -0.500185 0.18611 -0.870689 -0.455263 0.505382 
1533299166678 0.136625 0.936719 -0.322323 -0.601759 -0.953883 0.21219 0.212329 -0.224624 0.267286 0.278449 0.92251 0.38157 0.316244 -0.384866 0.867103 0.400216 -0.929998 -0.306258 0.203249 -0.504049 0.187334 -0.87068 -0.454777 0.486145 
1533299166685 0.136309 0.936682 -0.322562 -0.601586 -0.954125 0.211744 0.211685 -0.224476 0.266582 0.27891 0.922574 0.381549 0.316258 -0.384857 0.867102 0.400836 -0.929992 -0.306267 0.203261 -0.504368 0.187338 -0.870681 -0.454774 0.485921 
1533299166698 0.135994 0.936645 -0.322802 -0.601412 -0.954366 0.211299 0.21104 -0.224329 0.265877 0.279371 0.922638 0.381527 0.316239 -0.384881 0.867098 0.400855 -0.93 -0.306257 0.203241 -0.504361 0.187331 -0.870674 -0.454789 0.485943 
1533299166715 0.135679 0.936609 -0.323041 -0.601238 -0.954607 0.210853 0.210396 -0.224182 0.265172 0.279831 0.922702 0.381506 0.316214 -0.384899 0.867099 0.400827 -0.930009 -0.306245 0.203216 -0.504329 0.187327 -0.87067 -0.454799 0.48594 
1533299166731 0.135365 0.936571 -0.323281 -0.601064 -0.954847 0.210407 0.209751 -0.224034 0.264467 0.280291 0.922764 0.381485 0.3162 -0.384907 0.867101 0.400798 -0.930014 -0.306239 0.203202 -0.504306 0.187326 -0.870669 -0.454801 0.485922 
1533299166748 0.13505 0.936534 -0.323521 -0.600891 -0.955087 0.209961 0.209107 -0.223887 0.263762 0.280751 0.922826 0.381463 0.316197 -0.384904 0.867103 0.400778 -0.930014 -0.30624 0.2032 -0.504292 0.187329 -0.87067 -0.454799 0.485903 
1533299166765 0.134736 0.936496 -0.323761 -0.600718 -0.955326 0.209514 0.208462 -0.223739 0.263056 0.28121 0.922888 0.381442 0.316201 -0.384895 0.867106 0.400765 -0.930012 -0.306246 0.203202 -0.504277 0.187337 -0.870672 -0.454792 0.485883 
1533299166781 0.134421 0.936459 -0.323998 -0.600561 -0.955564 0.209066 0.20782 -0.223598 0.262352 0.281666 0.922949 0.381417 0.316123 -0.384928 0.86712 0.40068 -0.93004 -0.30621 0.20313 -0.504145 0.18733 -0.87067 -0.454798 0.485852 
1533299166807 0.136293 0.935804 -0.325107 -0.601385 -0.953418 0.213048 0.213553 -0.224944 0.269107 0.280857 0.92125 0.381497 1 0 0 0 0 1 0 0 0 0 1 1.306 
1533299166818 0.136106 0.935815 -0.325155 -0.601247 -0.953735 0.212581 0.212599 -0.224777 0.268075 0.281176 0.921453 0.381519 0.313239 -0.3866 0.867422 0.386189 -0.93126 -0.304042 0.200784 -0.500185 0.18611 -0.870689 -0.455263 0.505382 
1533299166835 0.135919 0.935825 -0.325204 -0.601109 -0.954052 0.212113 0.211644 -0.224611 0.267042 0.281495 0.921656 0.38154 0.316244 -0.384866 0.867103 0.400216 -0.929998 -0.306258 0.203249 -0.504049 0.187334 -0.87068 -0.454777 0.486145 
1533299166851 0.135731 0.935835 -0.325253 -0.600971 -0.954367 0.211645 0.21069 -0.224444 0.26601 0.281813 0.921857 0.381562 0.316258 -0.384857 0.867102 0.400836 -0.929992 -0.306267 0.203261 -0.504368 0.187338 -0.870681 -0.454774 0.485921 
1533299166868 0.135545 0.935845 -0.325302 -0.600833 -0.954681 0.211178 0.209736 -0.224278 0.264977 0.282131 0.922057 0.381584 0.316239 -0.384881 0.867098 0.400855 -0.93 -0.306257 0.203241 -0.504361 0.187331 -0.870674 -0.454789 0.485943 
1533299166885 0.135358 0.935855 -0.325352 -0.600695 -0.954993 0.210709 0.208781 -0.224111 0.263943 0.282448 0.922256 0.381606 0.316214 -0.384899 0.867099 0.400827 -0.930009 -0.306245 0.203216 -0.504329 0.187327 -0.87067 -0.454799 0.48594 
1533299166901 0.135171 0.935865 -0.325401 -0.600556 -0.955305 0.21024 0.207826 -0.223944 0.26291 0.282766 0.922454 0.381627 0.3162 -0.384907 0.867101 0.400798 -0.930014 -0.306239 0.203202 -0.504306 0.187326 -0.870669 -0.454801 0.485922 
1533299166918 0.134984 0.935874 -0.325451 -0.600418 -0.955615 0.209771 0.206871 -0.223778 0.261876 0.283082 0.922652 0.381649 0.316197 -0.384904 0.867103 0.400778 -0.930014 -0.30624 0.2032 -0.504292 0.187329 -0.87067 -0.454799 0.485903 
1533299166935 0.134798 0.935884 -0.325501 -0.600281 -0.955924 0.209302 0.205916 -0.223612 0.260841 0.283397 0.922848 0.38167 0.316201 -0.384895 0.867106 0.400765 -0.930012 -0.306246 0.203202 -0.504277 0.187337 -0.870672 -0.454792 0.485883 
1533299166951 0.13461 0.935894 -0.325548 -0.600156 -0.956232 0.208831 0.204964 -0.223453 0.259809 0.28371 0.923043 0.381688 0.316123 -0.384928 0.86712 0.40068 -0.93004 -0.30621 0.20313 -0.504145 0.18733 -0.87067 -0.454798 0.485852 
1533299166977 0.134694 0.936163 -0.324742 -0.600962 -0.954677 0.210392 0.210542 -0.224 0.265425 0.281665 0.922071 0.381585 1 0 0 0 0 1 0 0 0 0 1 1.306 
1533299166988 0.134603 0.936208 -0.324648 -0.600863 -0.954977 0.20998 0.209587 -0.223858 0.264387 0.281821 0.922321 0.381613 0.313239 -0.3866 0.867422 0.386189 -0.93126 -0.304042 0.200784 -0.500185 0.18611 -0.870689 -0.455263 0.505382 
1533299167005 0.134511 0.936254 -0.324555 -0.600765 -0.955277 0.209568 0.208634 -0.223716 0.26335 0.281976 0.92257 0.381642 0.316244 -0.384866 0.867103 0.400216 -0.929998 -0.306258 0.203249 -0.504049 0.187334 -0.87068 -0.454777 0.486145 
1533299167021 0.13442 0.936299 -0.324462 -0.600666 -0.955575 0.209156 0.207679 -0.223574 0.262313 0.282132 0.922818 0.38167 0.316258 -0.384857 0.867102 0.400836 -0.929992 -0.306267 0.203261 -0.504368 0.187338 -0.870681 -0.454774 0.485921 
1533299167038 0.134329 0.936344 -0.32437 -0.600568 -0.955872 0.208744 0.206725 -0.223432 0.261275 0.282287 0.923065 0.381698 0.316239 -0.384881 0.867098 0.400855 -0.93 -0.306257 0.203241 -0.504361 0.187331 -0.870674 -0.454789 0.485943 
1533299167055 0.134237 0.936389 -0.324277 -0.600469 -0.956168 0.208331 0.20577 -0.22329 0.260238 0.282441 0.923311 0.381727 0.316214 -0.384899 0.867099 0.400827 -0.930009 -0.306245 0.203216 -0.504329 0.187327 -0.87067 -0.454799 0.48594 
1533299167071 0.134144 0.936435 -0.324184 -0.60037 -0.956463 0.207918 0.204815 -0.223148 0.2592 0.282595 0.923556 0.381755 0.3162 -0.384907 0.867101 0.400798 -0.930014 -0.306239 0.203202 -0.504306 0.187326 -0.870669 -0.454801 0.485922 
1533299167088 0.134053 0.93648 -0.324092 -0.600272 -0.956756 0.207506 0.203859 -0.223006 0.258161 0.282749 0.9238 0.381783 0.316197 -0.384904 0.867103 0.400778 -0.930014 -0.30624 0.2032 -0.504292 0.187329 -0.87067 -0.454799 0.485903 
1533299167105 0.13396 0.936525 -0.323999 -0.600174 -0.957049 0.207092 0.202904 -0.222864 0.257122 0.282901 0.924043 0.381811 0.316201 -0.384895 0.867106 0.400765 -0.930012 -0.306246 0.203202 -0.504277 0.187337 -0.870672 -0.454792 0.485883 
1533299167121 0.133867 0.936571 -0.323905 -0.600084 -0.95734 0.206679 0.201951 -0.222729 0.256086 0.283053 0.924284 0.381837 0.316123 -0.384928 0.86712 0.40068 -0.93004 -0.30621 0.20313 -0.504145 0.18733 -0.87067 -0.454798 0.485852 
1533299167149 0.133208 0.936351 -0.32481 -0.600308 -0.955952 0.20788 0.207222 -0.223092 0.261554 0.282899 0.922799 0.381727 1 0 0 0 0 1 0 0 0 0 1 1.306 
1533299167161 0.133171 0.936303 -0.324964 -0.600241 -0.956132 0.20769 0.206581 -0.223014 0.260914 0.283197 0.922888 0.381796 0.313239 -0.3866 0.867422 0.386189 -0.93126 -0.304042 0.200784 -0.500185 0.18611 -0.870689 -0.455263 0.505382 
1533299167178 0.133134 0.936255 -0.325118 -0.600174 -0.956312 0.207499 0.205941 -0.222936 0.260275 0.283496 0.922977 0.381865 0.316244 -0.384866 0.867103 0.400216 -0.929998 -0.306258 0.203249 -0.504049 0.187334 -0.87068 -0.454777 0.486145 
1533299167195 0.133096 0.936207 -0.325272 -0.600106 -0.956491 0.207309 0.205299 -0.222857 0.259635 0.283796 0.923066 0.381934 0.316258 -0.384857 0.867102 0.400836 -0.929992 -0.306267 0.203261 -0.504368 0.187338 -0.870681 -0.454774 0.485921 
1533299167211 0.13306 0.936158 -0.325427 -0.600039 -0.95667 0.207118 0.204658 -0.222779 0.258994 0.284095 0.923153 0.382003 0.316239 -0.384881 0.867098 0.400855 -0.93 -0.306257 0.203241 -0.504361 0.187331 -0.870674 -0.454789 0.485943 
1533299167228 0.133022 0.93611 -0.325582 -0.599972 -0.956848 0.206927 0.204017 -0.222701 0.258354 0.284393 0.923241 0.382072 0.316214 -0.384899 0.867099 0.400827 -0.930009 -0.306245 0.203216 -0.504329 0.187327 -0.87067 -0.454799 0.48594 
1533299167245 0.132985 0.936061 -0.325736 -0.599905 -0.957026 0.206735 0.203376 -0.222623 0.257714 0.284692 0.923328 0.38214 0.3162 -0.384907 0.867101 0.400798 -0.930014 -0.306239 0.203202 -0.504306 0.187326 -0.870669 -0.454801 0.485922 
1533299167261 0.132948 0.936013 -0.325891 -0.599838 -0.957203 0.206544 0.202735 -0.222545 0.257073 0.284991 0.923414 0.382209 0.316197 -0.384904 0.867103 0.400778 -0.930014 -0.30624 0.2032 -0.504292 0.187329 -0.87067 -0.454799 0.485903 
1533299167278 0.132911 0.935964 -0.326045 -0.599771 -0.95738 0.206352 0.202094 -0.222467 0.256433 0.285288 0.9235 0.382278 0.316201 -0.384895 0.867106 0.400765 -0.930012 -0.306246 0.203202 -0.504277 0.187337 -0.870672 -0.454792 0.485883 
1533299167295 0.132874 0.935916 -0.326198 -0.599712 -0.957556 0.20616 0.201455 -0.222393 0.255794 0.285585 0.923586 0.382343 0.316123 -0.384928 0.86712 0.40068 -0.93004 -0.30621 0.20313 -0.504145 0.18733 -0.87067 -0.454798 0.485852 
1533299167322 0.133613 0.936325 -0.32472 -0.600128 -0.956763 0.207292 0.204044 -0.222994 0.258363 0.283417 0.923538 0.381811 1 0 0 0 0 1 0 0 0 0 1 1.306 
1533299167335 0.13359 0.936198 -0.325095 -0.600075 -0.95694 0.207162 0.203348 -0.222938 0.257722 0.283931 0.92356 0.38185 0.313239 -0.3866 0.867422 0.386189 -0.93126 -0.304042 0.200784 -0.500185 0.18611 -0.870689 -0.455263 0.505382 
1533299167341 0.133568 0.936071 -0.32547 -0.600022 -0.957115 0.207032 0.202652 -0.222881 0.25708 0.284444 0.923581 0.381888 0.316244 -0.384866 0.867103 0.400216 -0.929998 -0.306258 0.203249 -0.504049 0.187334 -0.87068 -0.454777 0.486145 
1533299167355 0.133546 0.935943 -0.325846 -0.59997 -0.95729 0.206903 0.201956 -0.222825 0.256438 0.284958 0.923601 0.381927 0.316258 -0.384857 0.867102 0.400836 -0.929992 -0.306267 0.203261 -0.504368 0.187338 -0.870681 -0.454774 0.485921 
1533299167372 0.133525 0.935815 -0.326222 -0.599917 -0.957465 0.206773 0.201259 -0.222768 0.255795 0.285472 0.92362 0.381965 0.316239 -0.384881 0.867098 0.400855 -0.93 -0.306257 0.203241 -0.504361 0.187331 -0.870674 -0.454789 0.485943 
1533299167388 0.133504 0.935687 -0.326597 -0.599864 -0.957639 0.206642 0.200563 -0.222712 0.255153 0.285986 0.923639 0.382004 0.316214 -0.384899 0.867099 0.400827 -0.930009 -0.306245 0.203216 -0.504329 0.187327 -0.87067 -0.454799 0.48594 
1533299167395 0.133483 0.935559 -0.326972 -0.599811 -0.957813 0.206511 0.199867 -0.222656 0.254511 0.286499 0.923657 0.382042 0.3162 -0.384907 0.867101 0.400798 -0.930014 -0.306239 0.203202 -0.504306 0.187326 -0.870669 -0.454801 0.485922 
1533299167408 0.133463 0.935431 -0.327348 -0.599758 -0.957987 0.20638 0.199171 -0.222599 0.253868 0.287013 0.923674 0.38208 0.316197 -0.384904 0.867103 0.400778 -0.930014 -0.30624 0.2032 -0.504292 0.187329 -0.87067 -0.454799 0.485903 
1533299167425 0.133443 0.935303 -0.327722 -0.599706 -0.95816 0.206248 0.198474 -0.222543 0.253226 0.287525 0.923691 0.382119 0.316201 -0.384895 0.867106 0.400765 -0.930012 -0.306246 0.203202 -0.504277 0.187337 -0.870672 -0.454792 0.485883 
1533299167442 0.133422 0.935175 -0.328096 -0.599663 -0.958332 0.206115 0.19778 -0.222492 0.252585 0.288036 0.923708 0.382153 0.316123 -0.384928 0.86712 0.40068 -0.93004 -0.30621 0.20313 -0.504145 0.18733 -0.87067 -0.454798 0.485852 
1533299167469 0.132365 0.936157 -0.325715 -0.599807 -0.957515 0.205706 0.202113 -0.222351 0.256211 0.285125 0.923612 0.382273 1 0 0 0 0 1 0 0 0 0 1 1.306 
1533299167484 0.132443 0.9361 -0.325847 -0.599784 -0.957586 0.205716 0.201766 -0.222331 0.255905 0.285304 0.923642 0.382282 0.313239 -0.3866 0.867422 0.386189 -0.93126 -0.304042 0.200784 -0.500185 0.18611 -0.870689 -0.455263 0.505382 
1533299167499 0.13252 0.936043 -0.325978 -0.599761 -0.957658 0.205724 0.201419 -0.222311 0.255598 0.285483 0.923671 0.382292 0.316244 -0.384866 0.867103 0.400216 -0.929998 -0.306258 0.203249 -0.504049 0.187334 -0.87068 -0.454777 0.486145 
1533299167516 0.132597 0.935987 -0.326109 -0.599739 -0.957729 0.205733 0.201071 -0.222291 0.255291 0.285663 0.923701 0.382301 0.316258 -0.384857 0.867102 0.400836 -0.929992 -0.306267 0.203261 -0.504368 0.187338 -0.870681 -0.454774 0.485921 
1533299167532 0.132674 0.93593 -0.32624 -0.599716 -0.9578 0.205741 0.200724 -0.222271 0.254985 0.285842 0.92373 0.382311 0.316239 -0.384881 0.867098 0.400855 -0.93 -0.306257 0.203241 -0.504361 0.187331 -0.870674 -0.454789 0.485943 
1533299167548 0.132751 0.935873 -0.326371 -0.599693 -0.957871 0.20575 0.200376 -0.222251 0.254678 0.286021 0.923759 0.382321 0.316214 -0.384899 0.867099 0.400827 -0.930009 -0.306245 0.203216 -0.504329 0.187327 -0.87067 -0.454799 0.48594 
1533299167565 0.132828 0.935817 -0.326502 -0.59967 -0.957942 0.205758 0.200029 -0.222231 0.254371 0.286201 0.923788 0.38233 0.3162 -0.384907 0.867101 0.400798 -0.930014 -0.306239 0.203202 -0.504306 0.187326 -0.870669 -0.454801 0.485922 
1533299167582 0.132906 0.93576 -0.326633 -0.599647 -0.958012 0.205766 0.199682 -0.222211 0.254064 0.28638 0.923817 0.38234 0.316197 -0.384904 0.867103 0.400778 -0.930014 -0.30624 0.2032 -0.504292 0.187329 -0.87067 -0.454799 0.485903 
1533299167598 0.132983 0.935703 -0.326764 -0.599625 -0.958083 0.205774 0.199334 -0.222191 0.253757 0.286559 0.923846 0.382349 0.316201 -0.384895 0.867106 0.400765 -0.930012 -0.306246 0.203202 -0.504277 0.187337 -0.870672 -0.454792 0.485883 
1533299167615 0.13306 0.935647 -0.326895 -0.599606 -0.958153 0.205783 0.198988 -0.222174 0.253451 0.286738 0.923874 0.382357 0.316123 -0.384928 0.86712 0.40068 -0.93004 -0.30621 0.20313 -0.504145 0.18733 -0.87067 -0.454798 0.485852 
1533299167640 0.132803 0.935502 -0.327413 -0.5998 -0.958148 0.205699 0.199097 -0.222436 0.253604 0.28727 0.923667 0.38218 1 0 0 0 0 1 0 0 0 0 1 1.306 
1533299167652 0.132857 0.935504 -0.327385 -0.599797 -0.958157 0.205725 0.199028 -0.22245 0.253543 0.287244 0.923692 0.382133 0.313239 -0.3866 0.867422 0.386189 -0.93126 -0.304042 0.200784 -0.500185 0.18611 -0.870689 -0.455263 0.505382 
1533299167668 0.132912 0.935507 -0.327356 -0.599794 -0.958165 0.205752 0.19896 -0.222465 0.253482 0.287217 0.923717 0.382086 0.316244 -0.384866 0.867103 0.400216 -0.929998 -0.306258 0.203249 -0.504049 0.187334 -0.87068 -0.454777 0.486145 
1533299167685 0.132967 0.935509 -0.327327 -0.599791 -0.958174 0.205779 0.198891 -0.22248 0.253422 0.28719 0.923742 0.382039 0.316258 -0.384857 0.867102 0.400836 -0.929992 -0.306267 0.203261 -0.504368 0.187338 -0.870681 -0.454774 0.485921 
1533299167702 0.133022 0.935511 -0.327299 -0.599788 -0.958182 0.205806 0.198823 -0.222494 0.253361 0.287164 0.923767 0.381992 0.316239 -0.384881 0.867098 0.400855 -0.93 -0.306257 0.203241 -0.504361 0.187331 -0.870674 -0.454789 0.485943 
1533299167718 0.133077 0.935513 -0.327269 -0.599784 -0.958191 0.205833 0.198754 -0.222509 0.2533 0.287137 0.923792 0.381945 0.316214 -0.384899 0.867099 0.400827 -0.930009 -0.306245 0.203216 -0.504329 0.187327 -0.87067 -0.454799 0.48594 
1533299167735 0.133132 0.935516 -0.32724 -0.599781 -0.958199 0.20586 0.198686 -0.222523 0.253239 0.28711 0.923817 0.381898 0.3162 -0.384907 0.867101 0.400798 -0.930014 -0.306239 0.203202 -0.504306 0.187326 -0.870669 -0.454801 0.485922 
1533299167752 0.133187 0.935518 -0.327212 -0.599778 -0.958208 0.205887 0.198617 -0.222538 0.253178 0.287084 0.923842 0.381851 0.316197 -0.384904 0.867103 0.400778 -0.930014 -0.30624 0.2032 -0.504292 0.187329 -0.87067 -0.454799 0.485903 
1533299167769 0.133242 0.93552 -0.327182 -0.599775 -0.958216 0.205914 0.198548 -0.222552 0.253117 0.287056 0.923867 0.381804 0.316201 -0.384895 0.867106 0.400765 -0.930012 -0.306246 0.203202 -0.504277 0.187337 -0.870672 -0.454792 0.485883 
1533299167785 0.133297 0.935522 -0.327154 -0.599772 -0.958224 0.205941 0.19848 -0.222566 0.253057 0.28703 0.923892 0.381758 0.316123 -0.384928 0.86712 0.40068 -0.93004 -0.30621 0.20313 -0.504145 0.18733 -0.87067 -0.454798 0.485852 
1533299167811 0.133138 0.935574 -0.327071 -0.599709 -0.958079 0.205965 0.199158 -0.222374 0.253692 0.286844 0.923775 0.382133 1 0 0 0 0 1 0 0 0 0 1 1.306 
1533299167825 0.133197 0.935507 -0.327239 -0.599695 -0.95809 0.206034 0.199032 -0.222371 0.253618 0.287014 0.923743 0.38214 0.313239 -0.3866 0.867422 0.386189 -0.93126 -0.304042 0.200784 -0.500185 0.18611 -0.870689 -0.455263 0.505382 
1533299167838 0.133258 0.935439 -0.327409 -0.59968 -0.958101 0.206104 0.198904 -0.222368 0.253543 0.287186 0.92371 0.382147 0.316244 -0.384866 0.867103 0.400216 -0.929998 -0.306258 0.203249 -0.504049 0.187334 -0.87068 -0.454777 0.486145 
1533299167855 0.133318 0.935371 -0.327579 -0.599666 -0.958113 0.206174 0.198777 -0.222365 0.253468 0.287357 0.923677 0.382155 0.316258 -0.384857 0.867102 0.400836 -0.929992 -0.306267 0.203261 -0.504368 0.187338 -0.870681 -0.454774 0.485921 
1533299167872 0.133378 0.935303 -0.327748 -0.599652 -0.958124 0.206243 0.198649 -0.222362 0.253393 0.287528 0.923645 0.382162 0.316239 -0.384881 0.867098 0.400855 -0.93 -0.306257 0.203241 -0.504361 0.187331 -0.870674 -0.454789 0.485943 
1533299167888 0.133439 0.935235 -0.327918 -0.599638 -0.958136 0.206313 0.198522 -0.222359 0.253318 0.287699 0.923612 0.382169 0.316214 -0.384899 0.867099 0.400827 -0.930009 -0.306245 0.203216 -0.504329 0.187327 -0.87067 -0.454799 0.48594 
1533299167906 0.133499 0.935167 -0.328087 -0.599623 -0.958147 0.206383 0.198394 -0.222355 0.253243 0.28787 0.923579 0.382176 0.3162 -0.384907 0.867101 0.400798 -0.930014 -0.306239 0.203202 -0.504306 0.187326 -0.870669 -0.454801 0.485922 
1533299167922 0.133559 0.935099 -0.328256 -0.599609 -0.958158 0.206452 0.198267 -0.222352 0.253168 0.288041 0.923546 0.382183 0.316197 -0.384904 0.867103 0.400778 -0.930014 -0.30624 0.2032 -0.504292 0.187329 -0.87067 -0.454799 0.485903 
1533299167938 0.13362 0.935031 -0.328426 -0.599595 -0.95817 0.206522 0.19814 -0.222349 0.253094 0.288212 0.923514 0.382191 0.316201 -0.384895 0.867106 0.400765 -0.930012 -0.306246 0.203202 -0.504277 0.187337 -0.870672 -0.454792 0.485883 
1533299167955 0.13368 0.934963 -0.328595 -0.599584 -0.958181 0.206591 0.198012 -0.222347 0.253019 0.288383 0.923481 0.382196 0.316123 -0.384928 0.86712 0.40068 -0.93004 -0.30621 0.20313 -0.504145 0.18733 -0.87067 -0.454798 0.485852 
1533299167980 0.133171 0.935407 -0.327535 -0.599699 -0.95816 0.205996 0.198731 -0.222324 0.253365 0.287366 0.923703 0.381949 1 0 0 0 0 1 0 0 0 0 1 1.306 
1533299167992 0.13331 0.935448 -0.327361 -0.599704 -0.958097 0.206139 0.19889 -0.222342 0.253533 0.28713 0.92373 0.381896 0.313239 -0.3866 0.867422 0.386189 -0.93126 -0.304042 0.200784 -0.500185 0.18611 -0.870689 -0.455263 0.505382 
1533299168008 0.133449 0.935489 -0.327187 -0.599709 -0.958033 0.206282 0.199049 -0.22236 0.253701 0.286893 0.923758 0.381843 0.316244 -0.384866 0.867103 0.400216 -0.929998 -0.306258 0.203249 -0.504049 0.187334 -0.87068 -0.454777 0.486145 
1533299168025 0.133588 0.93553 -0.327013 -0.599715 -0.957969 0.206425 0.199208 -0.222378 0.253869 0.286656 0.923785 0.381789 0.316258 -0.384857 0.867102 0.400836 -0.929992 -0.306267 0.203261 -0.504368 0.187338 -0.870681 -0.454774 0.485921 
1533299168042 0.133728 0.935571 -0.326838 -0.59972 -0.957905 0.206568 0.199367 -0.222396 0.254037 0.286419 0.923812 0.381736 0.316239 -0.384881 0.867098 0.400855 -0.93 -0.306257 0.203241 -0.504361 0.187331 -0.870674 -0.454789 0.485943 
1533299168058 0.133867 0.935612 -0.326665 -0.599725 -0.957841 0.206712 0.199526 -0.222414 0.254205 0.286183 0.923839 0.381683 0.316214 -0.384899 0.867099 0.400827 -0.930009 -0.306245 0.203216 -0.504329 0.187327 -0.87067 -0.454799 0.48594 
1533299168075 0.134006 0.935653 -0.32649 -0.59973 -0.957777 0.206854 0.199686 -0.222431 0.254373 0.285945 0.923867 0.38163 0.3162 -0.384907 0.867101 0.400798 -0.930014 -0.306239 0.203202 -0.504306 0.187326 -0.870669 -0.454801 0.485922 
1533299168092 0.134146 0.935694 -0.326316 -0.599735 -0.957713 0.206997 0.199845 -0.222449 0.25454 0.285709 0.923894 0.381577 0.316197 -0.384904 0.867103 0.400778 -0.930014 -0.30624 0.2032 -0.504292 0.187329 -0.87067 -0.454799 0.485903 
1533299168108 0.134285 0.935734 -0.326142 -0.59974 -0.957649 0.20714 0.200005 -0.222467 0.254708 0.285472 0.923921 0.381523 0.316201 -0.384895 0.867106 0.400765 -0.930012 -0.306246 0.203202 -0.504277 0.187337 -0.870672 -0.454792 0.485883 
1533299168125 0.134425 0.935775 -0.325968 -0.599743 -0.957585 0.207283 0.200163 -0.222484 0.254875 0.285235 0.923948 0.381473 0.316123 -0.384928 0.86712 0.40068 -0.93004 -0.30621 0.20313 -0.504145 0.18733 -0.87067 -0.454798 0.485852 
1533299168150 0.133878 0.935091 -0.328148 -0.599631 -0.958058 0.20679 0.198401 -0.222388 0.253381 0.287823 0.923556 0.382077 1 0 0 0 0 1 0 0 0 0 1 1.306 
1533299168162 0.133867 0.934991 -0.328439 -0.599618 -0.958011 0.206897 0.198517 -0.222396 0.253564 0.288073 0.923428 0.382107 0.313239 -0.3866 0.867422 0.386189 -0.93126 -0.304042 0.200784 -0.500185 0.18611 -0.870689 -0.455263 0.505382 
1533299168178 0.133856 0.93489 -0.32873 -0.599606 -0.957964 0.207004 0.198632 -0.222405 0.253748 0.288323 0.923299 0.382137 0.316244 -0.384866 0.867103 0.400216 -0.929998 -0.306258 0.203249 -0.504049 0.187334 -0.87068 -0.454777 0.486145 
1533299168195 0.133845 0.934789 -0.329021 -0.599593 -0.957917 0.207111 0.198748 -0.222414 0.253932 0.288573 0.923171 0.382166 0.316258 -0.384857 0.867102 0.400836 -0.929992 -0.306267 0.203261 -0.504368 0.187338 -0.870681 -0.454774 0.485921 
1533299168212 0.133834 0.934688 -0.329312 -0.599581 -0.957869 0.207218 0.198864 -0.222422 0.254115 0.288823 0.923042 0.382196 0.316239 -0.384881 0.867098 0.400855 -0.93 -0.306257 0.203241 -0.504361 0.187331 -0.870674 -0.454789 0.485943 
1533299168228 0.133823 0.934588 -0.329602 -0.599568 -0.957822 0.207324 0.19898 -0.22243 0.254299 0.289072 0.922914 0.382226 0.316214 -0.384899 0.867099 0.400827 -0.930009 -0.306245 0.203216 -0.504329 0.187327 -0.87067 -0.454799 0.48594 
1533299168245 0.133812 0.934486 -0.329893 -0.599555 -0.957775 0.207431 0.199096 -0.222439 0.254483 0.289322 0.922785 0.382256 0.3162 -0.384907 0.867101 0.400798 -0.930014 -0.306239 0.203202 -0.504306 0.187326 -0.870669 -0.454801 0.485922 
1533299168262 0.1338 0.934385 -0.330184 -0.599543 -0.957728 0.207538 0.199212 -0.222447 0.254666 0.289572 0.922656 0.382286 0.316197 -0.384904 0.867103 0.400778 -0.930014 -0.30624 0.2032 -0.504292 0.187329 -0.87067 -0.454799 0.485903 
1533299168278 0.133789 0.934284 -0.330474 -0.599531 -0.957681 0.207645 0.199328 -0.222456 0.25485 0.289821 0.922527 0.382315 0.316201 -0.384895 0.867106 0.400765 -0.930012 -0.306246 0.203202 -0.504277 0.187337 -0.870672 -0.454792 0.485883 
1533299168295 0.133778 0.934183 -0.330764 -0.599522 -0.957633 0.207752 0.199443 -0.222465 0.255033 0.29007 0.922398 0.382343 0.316123 -0.384928 0.86712 0.40068 -0.93004 -0.30621 0.20313 -0.504145 0.18733 -0.87067 -0.454798 0.485852 
1533299168321 0.134818 0.935809 -0.325707 -0.599585 -0.957539 0.207583 0.200072 -0.222539 0.254841 0.284904 0.92406 0.38174 1 0 0 0 0 1 0 0 0 0 1 1.306 
1533299168332 0.134897 0.93581 -0.325671 -0.599598 -0.957504 0.207676 0.200141 -0.222559 0.254928 0.284833 0.924057 0.381722 0.313239 -0.3866 0.867422 0.386189 -0.93126 -0.304042 0.200784 -0.500185 0.18611 -0.870689 -0.455263 0.505382 
1533299168349 0.134977 0.935811 -0.325635 -0.59961 -0.95747 0.207768 0.200209 -0.222578 0.255014 0.284762 0.924055 0.381705 0.316244 -0.384866 0.867103 0.400216 -0.929998 -0.306258 0.203249 -0.504049 0.187334 -0.87068 -0.454777 0.486145 
1533299168365 0.135057 0.935812 -0.325599 -0.599623 -0.957436 0.207861 0.200277 -0.222598 0.255101 0.284691 0.924053 0.381687 0.316258 -0.384857 0.867102 0.400836 -0.929992 -0.306267 0.203261 -0.504368 0.187338 -0.870681 -0.454774 0.485921 
1533299168382 0.135137 0.935814 -0.325563 -0.599635 -0.957401 0.207953 0.200345 -0.222618 0.255187 0.28462 0.924051 0.38167 0.316239 -0.384881 0.867098 0.400855 -0.93 -0.306257 0.203241 -0.504361 0.187331 -0.870674 -0.454789 0.485943 
1533299168398 0.135217 0.935814 -0.325527 -0.599648 -0.957367 0.208046 0.200413 -0.222637 0.255274 0.284549 0.924049 0.381652 0.316214 -0.384899 0.867099 0.400827 -0.930009 -0.306245 0.203216 -0.504329 0.187327 -0.87067 -0.454799 0.48594 
1533299168415 0.135297 0.935815 -0.325491 -0.599661 -0.957333 0.208138 0.200481 -0.222657 0.25536 0.284479 0.924047 0.381634 0.3162 -0.384907 0.867101 0.400798 -0.930014 -0.306239 0.203202 -0.504306 0.187326 -0.870669 -0.454801 0.485922 
1533299168432 0.135377 0.935817 -0.325454 -0.599673 -0.957298 0.208231 0.200549 -0.222677 0.255447 0.284407 0.924045 0.381617 0.316197 -0.384904 0.867103 0.400778 -0.930014 -0.30624 0.2032 -0.504292 0.187329 -0.87067 -0.454799 0.485903 
1533299168448 0.135457 0.935817 -0.325419 -0.599686 -0.957264 0.208323 0.200617 -0.222697 0.255533 0.284337 0.924043 0.381599 0.316201 -0.384895 0.867106 0.400765 -0.930012 -0.306246 0.203202 -0.504277 0.187337 -0.870672 -0.454792 0.485883 
1533299168465 0.135537 0.935818 -0.325383 -0.599697 -0.95723 0.208416 0.200685 -0.222716 0.25562 0.284266 0.924041 0.381582 0.316123 -0.384928 0.86712 0.40068 -0.93004 -0.30621 0.20313 -0.504145 0.18733 -0.87067 -0.454798 0.485852 
1533299168492 0.134288 0.934834 -0.328712 -0.59969 -0.957498 0.207861 0.199978 -0.222517 0.255272 0.287886 0.923015 0.381931 1 0 0 0 0 1 0 0 0 0 1 1.306 
1533299168505 0.134208 0.934762 -0.328949 -0.599684 -0.957521 0.207824 0.199908 -0.222519 0.25523 0.288146 0.922946 0.381959 0.313239 -0.3866 0.867422 0.386189 -0.93126 -0.304042 0.200784 -0.500185 0.18611 -0.870689 -0.455263 0.505382 
1533299168522 0.134129 0.93469 -0.329187 -0.599679 -0.957543 0.207789 0.199838 -0.222521 0.255188 0.288406 0.922876 0.381987 0.316244 -0.384866 0.867103 0.400216 -0.929998 -0.306258 0.203249 -0.504049 0.187334 -0.87068 -0.454777 0.486145 
1533299168538 0.134049 0.934618 -0.329424 -0.599674 -0.957565 0.207753 0.199769 -0.222523 0.255146 0.288666 0.922807 0.382015 0.316258 -0.384857 0.867102 0.400836 -0.929992 -0.306267 0.203261 -0.504368 0.187338 -0.870681 -0.454774 0.485921 
1533299168555 0.13397 0.934546 -0.329661 -0.599668 -0.957588 0.207717 0.199699 -0.222525 0.255104 0.288925 0.922737 0.382043 0.316239 -0.384881 0.867098 0.400855 -0.93 -0.306257 0.203241 -0.504361 0.187331 -0.870674 -0.454789 0.485943 
1533299168572 0.133891 0.934474 -0.329897 -0.599662 -0.95761 0.207681 0.199629 -0.222526 0.255062 0.289184 0.922668 0.382071 0.316214 -0.384899 0.867099 0.400827 -0.930009 -0.306245 0.203216 -0.504329 0.187327 -0.87067 -0.454799 0.48594 
1533299168588 0.133812 0.934401 -0.330135 -0.599657 -0.957632 0.207645 0.19956 -0.222528 0.25502 0.289444 0.922598 0.382099 0.3162 -0.384907 0.867101 0.400798 -0.930014 -0.306239 0.203202 -0.504306 0.187326 -0.870669 -0.454801 0.485922 
1533299168605 0.133733 0.934329 -0.330372 -0.599652 -0.957654 0.207609 0.19949 -0.22253 0.254977 0.289704 0.922528 0.382127 0.316197 -0.384904 0.867103 0.400778 -0.930014 -0.30624 0.2032 -0.504292 0.187329 -0.87067 -0.454799 0.485903 
1533299168622 0.133653 0.934256 -0.330609 -0.599646 -0.957677 0.207574 0.19942 -0.222532 0.254935 0.289963 0.922458 0.382155 0.316201 -0.384895 0.867106 0.400765 -0.930012 -0.306246 0.203202 -0.504277 0.187337 -0.870672 -0.454792 0.485883 
1533299168638 0.133574 0.934184 -0.330845 -0.599644 -0.957699 0.207538 0.199351 -0.222535 0.254893 0.290222 0.922389 0.382181 0.316123 -0.384928 0.86712 0.40068 -0.93004 -0.30621 0.20313 -0.504145 0.18733 -0.87067 -0.454798 0.485852 
1533299168665 0.134683 0.935261 -0.327333 -0.599667 -0.957468 0.207906 0.200078 -0.222576 0.255179 0.286464 0.923484 0.381865 1 0 0 0 0 1 0 0 0 0 1 1.306 
1533299168675 0.134618 0.935303 -0.32724 -0.599669 -0.957447 0.207859 0.200224 -0.222591 0.25529 0.286361 0.923485 0.381834 0.313239 -0.3866 0.867422 0.386189 -0.93126 -0.304042 0.200784 -0.500185 0.18611 -0.870689 -0.455263 0.505382 
1533299168692 0.134553 0.935345 -0.327146 -0.599671 -0.957427 0.207812 0.200372 -0.222607 0.255401 0.286258 0.923486 0.381804 0.316244 -0.384866 0.867103 0.400216 -0.929998 -0.306258 0.203249 -0.504049 0.187334 -0.87068 -0.454777 0.486145 
1533299168708 0.134488 0.935387 -0.327053 -0.599673 -0.957406 0.207764 0.200519 -0.222622 0.255513 0.286155 0.923487 0.381773 0.316258 -0.384857 0.867102 0.400836 -0.929992 -0.306267 0.203261 -0.504368 0.187338 -0.870681 -0.454774 0.485921 
