1535378075510 0.248594 0.927432 -0.279412 -0.636049 -0.938419 0.302065 0.167708 -0.241773 0.239938 0.220514 0.945412 0.374106 0.154779 -0.120737 0.980544 0.381582 -0.978876 0.115459 0.168733 -0.483904 -0.133585 -0.985947 -0.100316 0.440224 
1535378075518 0.248511 0.927435 -0.279477 -0.636214 -0.938418 0.302019 0.167798 -0.241788 0.240029 0.220567 0.945376 0.374067 0.154144 -0.120515 0.980671 0.381535 -0.978802 0.116844 0.16821 -0.483754 -0.134857 -0.985811 -0.0999494 0.440177 
1535378075678 0.248427 0.927438 -0.279542 -0.636383 -0.938417 0.301972 0.167888 -0.241805 0.24012 0.220619 0.945341 0.374027 0.153508 -0.120292 0.980798 0.381487 -0.978726 0.118229 0.167684 -0.483599 -0.136129 -0.985673 -0.0995837 0.44013 
1535378075822 0.248343 0.92744 -0.279607 -0.636552 -0.938416 0.301924 0.167979 -0.241821 0.24021 0.220671 0.945306 0.373988 0.152872 -0.120068 0.980925 0.381439 -0.978648 0.119613 0.167158 -0.483446 -0.137402 -0.985534 -0.0992187 0.440082 
1535378075951 0.248259 0.927443 -0.279672 -0.636722 -0.938415 0.301877 0.168069 -0.241839 0.240301 0.220723 0.945271 0.373948 0.152236 -0.119843 0.981051 0.38139 -0.978567 0.120997 0.166631 -0.483292 -0.138674 -0.985392 -0.0988544 0.440035 
1535378076056 0.248175 0.927446 -0.279736 -0.636892 -0.938414 0.30183 0.16816 -0.241856 0.240392 0.220775 0.945235 0.373908 0.151601 -0.119617 0.981177 0.381342 -0.978485 0.122381 0.166104 -0.483137 -0.139947 -0.985248 -0.0984908 0.439988 
1535378076195 0.248091 0.92745 -0.279801 -0.637062 -0.938413 0.301783 0.16825 -0.241873 0.240483 0.220827 0.9452 0.373868 0.150965 -0.119391 0.981303 0.381294 -0.9784 0.123765 0.165576 -0.482983 -0.141219 -0.985103 -0.0981278 0.43994 
