1530709941519 0.212137 -0.952405 0.218913 -0.604601 0.721959 0.303712 0.621719 -0.220637 -0.658615 0.0261565 0.752026 0.446033 0.16008 -0.775623 -0.61056 0.370831 -0.304787 0.549475 -0.777934 -0.528794 0.938871 0.310623 -0.14844 0.432481 
1530709941538 0.213386 -0.952036 0.219302 -0.604852 0.722514 0.304875 0.620504 -0.220439 -0.657602 0.0260419 0.752915 0.446139 0.316305 -0.930106 0.186693 0.400738 -0.38429 -0.305553 -0.871182 -0.506322 0.867336 0.203815 -0.454078 0.485854 
1530709941758 0.214634 -0.951666 0.219689 -0.605104 0.723066 0.306037 0.619288 -0.220241 -0.656588 0.0259292 0.753803 0.446245 0.316242 -0.929997 0.187342 0.400828 -0.384853 -0.306262 -0.870685 -0.504438 0.86711 0.203248 -0.454765 0.485876 
1530709941988 0.215882 -0.951295 0.220074 -0.605355 0.723615 0.307199 0.61807 -0.220043 -0.655573 0.0258182 0.75469 0.446351 0.316223 -0.930001 0.187352 0.40079 -0.384857 -0.306263 -0.870683 -0.50432 0.867115 0.203227 -0.454765 0.485866 
1530709942207 0.217131 -0.950922 0.220456 -0.605606 0.724161 0.30836 0.61685 -0.219845 -0.654557 0.0257088 0.755576 0.446457 0.316222 -0.930002 0.187352 0.40079 -0.384859 -0.306263 -0.870682 -0.504311 0.867114 0.203224 -0.454766 0.485866 
1530709942432 0.21838 -0.950548 0.220837 -0.605858 0.724705 0.309521 0.615629 -0.219648 -0.653539 0.025601 0.75646 0.446563 0.316221 -0.930002 0.187352 0.400793 -0.384861 -0.306262 -0.870681 -0.504309 0.867114 0.203224 -0.454768 0.485867 
1530709942654 0.219629 -0.950172 0.221216 -0.606109 0.725246 0.310682 0.614406 -0.21945 -0.65252 0.0254949 0.757343 0.446669 0.316221 -0.930002 0.187351 0.400795 -0.384862 -0.306262 -0.870681 -0.504309 0.867113 0.203223 -0.454769 0.485868 
1530709942892 0.220877 -0.949795 0.221593 -0.60636 0.725784 0.311842 0.613182 -0.219252 -0.651499 0.0253905 0.758224 0.446775 0.316221 -0.930002 0.187351 0.400796 -0.384862 -0.306262 -0.870681 -0.50431 0.867113 0.203223 -0.454769 0.485869 
1530709943145 0.222126 -0.949416 0.221968 -0.606611 0.726319 0.313002 0.611957 -0.219054 -0.650478 0.0252876 0.759104 0.446881 0.316222 -0.930002 0.18735 0.400801 -0.384863 -0.306262 -0.87068 -0.504317 0.867112 0.203224 -0.45477 0.485871 
1530709943417 0.223373 -0.949036 0.222342 -0.606848 0.726849 0.314161 0.610731 -0.218858 -0.649457 0.025188 0.759981 0.446994 0.316238 -0.930001 0.187328 0.400844 -0.384878 -0.306253 -0.870677 -0.504402 0.8671 0.203243 -0.454786 0.48592 
1530709943661 0.223369 -0.949033 0.222357 -0.606847 0.726978 0.314162 0.610577 -0.218866 -0.649314 0.0252645 0.760101 0.447082 0.316238 -0.930001 0.187328 0.400844 -0.384878 -0.306253 -0.870677 -0.504402 0.8671 0.203243 -0.454786 0.48592 
1530709943675 0.223494 -0.948995 0.222392 -0.606874 0.727019 0.314278 0.610469 -0.218845 -0.649225 0.0252467 0.760177 0.447083 0.316221 -0.930002 0.187351 0.400799 -0.384863 -0.306262 -0.87068 -0.504312 0.867113 0.203223 -0.45477 0.485869 
1530709943922 0.223619 -0.948958 0.222427 -0.6069 0.727059 0.314393 0.610362 -0.218824 -0.649137 0.0252291 0.760253 0.447084 0.31622 -0.930002 0.187351 0.400795 -0.384863 -0.306262 -0.87068 -0.504305 0.867113 0.203222 -0.454769 0.485867 
1530709944066 0.223744 -0.94892 0.222462 -0.606927 0.7271 0.314508 0.610254 -0.218804 -0.649049 0.0252114 0.760329 0.447085 0.31622 -0.930002 0.187352 0.400795 -0.384863 -0.306262 -0.87068 -0.504304 0.867113 0.203222 -0.454769 0.485867 
1530709944193 0.223869 -0.948882 0.222498 -0.606954 0.72714 0.314623 0.610147 -0.218783 -0.648961 0.0251938 0.760405 0.447086 0.31622 -0.930002 0.187352 0.400795 -0.384863 -0.306262 -0.87068 -0.504304 0.867113 0.203222 -0.454769 0.485867 
1530709944298 0.223994 -0.948844 0.222533 -0.60698 0.72718 0.314739 0.610039 -0.218762 -0.648872 0.0251761 0.760481 0.447088 0.31622 -0.930002 0.187352 0.400795 -0.384863 -0.306262 -0.87068 -0.504304 0.867113 0.203222 -0.454769 0.485867 
1530709944305 0.224119 -0.948807 0.222568 -0.607007 0.727221 0.314854 0.609932 -0.218741 -0.648784 0.0251585 0.760557 0.447089 0.31622 -0.930002 0.187352 0.400795 -0.384863 -0.306262 -0.87068 -0.504304 0.867113 0.203222 -0.454769 0.485867 
1530709944480 0.224244 -0.948769 0.222603 -0.607034 0.727261 0.314969 0.609825 -0.21872 -0.648696 0.0251409 0.760633 0.44709 0.31622 -0.930002 0.187352 0.400795 -0.384863 -0.306262 -0.87068 -0.504304 0.867113 0.203222 -0.454769 0.485867 
1530709944591 0.224369 -0.948731 0.222638 -0.60706 0.727301 0.315084 0.609717 -0.2187 -0.648607 0.0251233 0.760708 0.447091 0.31622 -0.930002 0.187352 0.400795 -0.384863 -0.306262 -0.87068 -0.504304 0.867113 0.203222 -0.454769 0.485867 
1530709944808 0.224494 -0.948693 0.222674 -0.607086 0.727341 0.3152 0.60961 -0.218679 -0.648519 0.0251058 0.760784 0.447093 0.31622 -0.930002 0.187352 0.400795 -0.384863 -0.306262 -0.87068 -0.504304 0.867113 0.203222 -0.454769 0.485867 
1530709944992 0.224294 -0.948742 0.222666 -0.607095 0.727229 0.315048 0.609821 -0.218638 -0.648714 0.0251498 0.760617 0.447017 0.31622 -0.930002 0.187352 0.400795 -0.384863 -0.306262 -0.87068 -0.504304 0.867113 0.203222 -0.454769 0.485867 
1530709945003 0.222788 -0.949373 0.221487 -0.607037 0.72754 0.313143 0.610431 -0.219038 -0.648884 0.0251443 0.760471 0.447139 0.31622 -0.930002 0.187352 0.400795 -0.384863 -0.306262 -0.87068 -0.504304 0.867113 0.203222 -0.454769 0.485867 
1530709945325 0.221279 -0.950001 0.220305 -0.606978 0.727849 0.311234 0.61104 -0.219437 -0.649055 0.0251389 0.760326 0.44726 0.31622 -0.930002 0.187352 0.400795 -0.384863 -0.306262 -0.87068 -0.504304 0.867113 0.203222 -0.454769 0.485867 
1530709945595 0.21977 -0.950624 0.219123 -0.60692 0.728154 0.309325 0.611645 -0.219837 -0.649225 0.0251338 0.760181 0.447382 0.31622 -0.930002 0.187352 0.400795 -0.384863 -0.306262 -0.87068 -0.504304 0.867113 0.203222 -0.454769 0.485867 
1530709945877 0.218261 -0.951244 0.217939 -0.606861 0.728456 0.307415 0.612248 -0.220237 -0.649395 0.0251296 0.760036 0.447503 0.31622 -0.930002 0.187352 0.400795 -0.384863 -0.306262 -0.87068 -0.504304 0.867113 0.203222 -0.454769 0.485867 
1530709946132 0.21675 -0.95186 0.216754 -0.606803 0.728755 0.305503 0.612849 -0.220636 -0.649565 0.0251256 0.75989 0.447625 0.31622 -0.930002 0.187352 0.400795 -0.384863 -0.306262 -0.87068 -0.504304 0.867113 0.203222 -0.454769 0.485867 
1530709946417 0.21524 -0.952472 0.215568 -0.606744 0.729051 0.303589 0.613448 -0.221036 -0.649736 0.025122 0.759745 0.447747 0.31622 -0.930002 0.187352 0.400795 -0.384863 -0.306262 -0.87068 -0.504304 0.867113 0.203222 -0.454769 0.485867 
1530709946695 0.213728 -0.95308 0.214381 -0.606686 0.729344 0.301675 0.614043 -0.221436 -0.649906 0.0251188 0.7596 0.447868 0.31622 -0.930002 0.187352 0.400795 -0.384863 -0.306262 -0.87068 -0.504304 0.867113 0.203222 -0.454769 0.485867 
1530709946973 0.212216 -0.953684 0.213191 -0.606627 0.729634 0.299759 0.614637 -0.221835 -0.650076 0.0251158 0.759454 0.44799 0.31622 -0.930002 0.187352 0.400795 -0.384863 -0.306262 -0.87068 -0.504304 0.867113 0.203222 -0.454769 0.485867 
1530709947284 0.210706 -0.954284 0.212002 -0.606567 0.729921 0.297844 0.615227 -0.222224 -0.650245 0.0251121 0.759309 0.448108 0.31622 -0.930002 0.187352 0.400795 -0.384863 -0.306262 -0.87068 -0.504304 0.867113 0.203222 -0.454769 0.485867 
1530709947585 0.210779 -0.954273 0.211981 -0.606569 0.729903 0.297886 0.615228 -0.222193 -0.650242 0.0250488 0.759315 0.448108 0.31622 -0.930002 0.187352 0.400795 -0.384863 -0.306262 -0.87068 -0.504304 0.867113 0.203222 -0.454769 0.485867 
1530709947597 0.209914 -0.954583 0.211441 -0.606552 0.729931 0.296886 0.615678 -0.22242 -0.650489 0.0250979 0.759101 0.448212 0.31622 -0.930002 0.187352 0.400795 -0.384863 -0.306262 -0.87068 -0.504304 0.867113 0.203222 -0.454769 0.485867 
1530709947834 0.209047 -0.954893 0.2109 -0.606535 0.729958 0.295883 0.616128 -0.222647 -0.650738 0.0251484 0.758886 0.448315 0.31622 -0.930002 0.187352 0.400795 -0.384863 -0.306262 -0.87068 -0.504304 0.867113 0.203222 -0.454769 0.485867 
1530709948066 0.208181 -0.955202 0.210359 -0.606518 0.729985 0.294881 0.616577 -0.222874 -0.650986 0.025199 0.758671 0.448419 0.31622 -0.930002 0.187352 0.400795 -0.384863 -0.306262 -0.87068 -0.504304 0.867113 0.203222 -0.454769 0.485867 
1530709948308 0.207314 -0.955509 0.209816 -0.606501 0.73001 0.293878 0.617026 -0.223101 -0.651234 0.0252496 0.758456 0.448523 0.31622 -0.930002 0.187352 0.400795 -0.384863 -0.306262 -0.87068 -0.504304 0.867113 0.203222 -0.454769 0.485867 
1530709948574 0.206448 -0.955816 0.209274 -0.606484 0.730034 0.292876 0.617474 -0.223327 -0.651483 0.025301 0.758242 0.448626 0.31622 -0.930002 0.187352 0.400795 -0.384863 -0.306262 -0.87068 -0.504304 0.867113 0.203222 -0.454769 0.485867 
1530709948812 0.205581 -0.956121 0.208731 -0.606467 0.730057 0.291872 0.617921 -0.223554 -0.65173 0.0253524 0.758027 0.44873 0.31622 -0.930002 0.187352 0.400795 -0.384863 -0.306262 -0.87068 -0.504304 0.867113 0.203222 -0.454769 0.485867 
1530709949054 0.204714 -0.956426 0.208187 -0.60645 0.73008 0.290868 0.618368 -0.223781 -0.651978 0.0254041 0.757812 0.448834 0.31622 -0.930002 0.187352 0.400795 -0.384863 -0.306262 -0.87068 -0.504304 0.867113 0.203222 -0.454769 0.485867 
1530709949285 0.203848 -0.956729 0.207642 -0.606433 0.730101 0.289864 0.618814 -0.224008 -0.652226 0.0254562 0.757597 0.448938 0.31622 -0.930002 0.187352 0.400795 -0.384863 -0.306262 -0.87068 -0.504304 0.867113 0.203222 -0.454769 0.485867 
1530709949522 0.202983 -0.957031 0.207097 -0.606415 0.730122 0.288861 0.619259 -0.224229 -0.652472 0.0255076 0.757383 0.449038 0.31622 -0.930002 0.187352 0.400795 -0.384863 -0.306262 -0.87068 -0.504304 0.867113 0.203222 -0.454769 0.485867 
1530709949757 0.203112 -0.957 0.207115 -0.606419 0.730157 0.288968 0.619167 -0.224257 -0.652392 0.0254662 0.757453 0.4491 0.31622 -0.930002 0.187352 0.400795 -0.384863 -0.306262 -0.87068 -0.504304 0.867113 0.203222 -0.454769 0.485867 
1530709949771 0.20271 -0.957113 0.206987 -0.606415 0.730184 0.288582 0.619315 -0.224328 -0.652487 0.0255967 0.757367 0.449128 0.31622 -0.930002 0.187352 0.400795 -0.384863 -0.306262 -0.87068 -0.504304 0.867113 0.203222 -0.454769 0.485867 
1530709949984 0.202309 -0.957225 0.206859 -0.606411 0.730211 0.288197 0.619463 -0.224399 -0.652582 0.0257277 0.757282 0.449157 0.31622 -0.930002 0.187352 0.400795 -0.384863 -0.306262 -0.87068 -0.504304 0.867113 0.203222 -0.454769 0.485867 
1530709950156 0.201907 -0.957338 0.206731 -0.606407 0.730238 0.287811 0.61961 -0.22447 -0.652676 0.0258587 0.757196 0.449185 0.31622 -0.930002 0.187352 0.400795 -0.384863 -0.306262 -0.87068 -0.504304 0.867113 0.203222 -0.454769 0.485867 
1530709950326 0.201505 -0.95745 0.206602 -0.606403 0.730265 0.287425 0.619758 -0.224542 -0.652771 0.0259903 0.75711 0.449214 0.31622 -0.930002 0.187352 0.400795 -0.384863 -0.306262 -0.87068 -0.504304 0.867113 0.203222 -0.454769 0.485867 
1530709950489 0.201103 -0.957563 0.206474 -0.606399 0.730291 0.287039 0.619906 -0.224613 -0.652865 0.0261216 0.757024 0.449242 0.31622 -0.930002 0.187352 0.400795 -0.384863 -0.306262 -0.87068 -0.504304 0.867113 0.203222 -0.454769 0.485867 
1530709950654 0.200701 -0.957675 0.206346 -0.606395 0.730317 0.286654 0.620053 -0.224684 -0.652959 0.0262529 0.756938 0.449271 0.31622 -0.930002 0.187352 0.400795 -0.384863 -0.306262 -0.87068 -0.504304 0.867113 0.203222 -0.454769 0.485867 
1530709950814 0.200299 -0.957786 0.206218 -0.606391 0.730343 0.286268 0.620201 -0.224755 -0.653053 0.0263842 0.756852 0.449299 0.31622 -0.930002 0.187352 0.400795 -0.384863 -0.306262 -0.87068 -0.504304 0.867113 0.203222 -0.454769 0.485867 
1530709951010 0.199897 -0.957898 0.206089 -0.606387 0.730369 0.285882 0.620348 -0.224826 -0.653148 0.0265156 0.756766 0.449328 0.31622 -0.930002 0.187352 0.400795 -0.384863 -0.306262 -0.87068 -0.504304 0.867113 0.203222 -0.454769 0.485867 
1530709951192 0.199496 -0.958009 0.205961 -0.606383 0.730395 0.285497 0.620495 -0.224895 -0.653241 0.0266464 0.756681 0.449355 0.31622 -0.930002 0.187352 0.400795 -0.384863 -0.306262 -0.87068 -0.504304 0.867113 0.203222 -0.454769 0.485867 
1530709951338 0.199443 -0.958014 0.205991 -0.606394 0.730353 0.285479 0.620554 -0.224828 -0.653305 0.0266813 0.756624 0.449287 0.31622 -0.930002 0.187352 0.400795 -0.384863 -0.306262 -0.87068 -0.504304 0.867113 0.203222 -0.454769 0.485867 
1530709951352 0.19939 -0.958023 0.206 -0.60639 0.730411 0.285441 0.620503 -0.224859 -0.653257 0.0267424 0.756664 0.449283 0.31622 -0.930002 0.187352 0.400795 -0.384863 -0.306262 -0.87068 -0.504304 0.867113 0.203222 -0.454769 0.485867 
1530709951593 0.199336 -0.958033 0.206007 -0.606386 0.730468 0.285404 0.620452 -0.224891 -0.653208 0.0268028 0.756704 0.449278 0.31622 -0.930002 0.187352 0.400795 -0.384863 -0.306262 -0.87068 -0.504304 0.867113 0.203222 -0.454769 0.485867 
1530709951842 0.199283 -0.958042 0.206014 -0.606381 0.730526 0.285366 0.620402 -0.224922 -0.65316 0.0268633 0.756743 0.449273 0.31622 -0.930002 0.187352 0.400795 -0.384863 -0.306262 -0.87068 -0.504304 0.867113 0.203222 -0.454769 0.485867 
1530709952029 0.199229 -0.958052 0.206021 -0.606377 0.730584 0.285328 0.620351 -0.224953 -0.653112 0.0269237 0.756783 0.449269 0.31622 -0.930002 0.187352 0.400795 -0.384863 -0.306262 -0.87068 -0.504304 0.867113 0.203222 -0.454769 0.485867 
1530709952227 0.199176 -0.958061 0.206028 -0.606373 0.730641 0.28529 0.6203 -0.224984 -0.653064 0.0269841 0.756822 0.449264 0.31622 -0.930002 0.187352 0.400795 -0.384863 -0.306262 -0.87068 -0.504304 0.867113 0.203222 -0.454769 0.485867 
1530709952328 0.199122 -0.958071 0.206036 -0.606369 0.730699 0.285252 0.62025 -0.225016 -0.653015 0.0270445 0.756862 0.449259 0.31622 -0.930002 0.187352 0.400795 -0.384863 -0.306262 -0.87068 -0.504304 0.867113 0.203222 -0.454769 0.485867 
1530709952418 0.199069 -0.95808 0.206043 -0.606364 0.730757 0.285214 0.620199 -0.225047 -0.652967 0.0271049 0.756901 0.449255 0.31622 -0.930002 0.187352 0.400795 -0.384863 -0.306262 -0.87068 -0.504304 0.867113 0.203222 -0.454769 0.485867 
1530709952554 0.199015 -0.95809 0.20605 -0.60636 0.730814 0.285177 0.620149 -0.225078 -0.652919 0.0271653 0.75694 0.44925 0.31622 -0.930002 0.187352 0.400795 -0.384863 -0.306262 -0.87068 -0.504304 0.867113 0.203222 -0.454769 0.485867 
1530709952652 0.198961 -0.9581 0.206057 -0.606355 0.730872 0.285138 0.620098 -0.225108 -0.652871 0.0272259 0.75698 0.449246 0.31622 -0.930002 0.187352 0.400795 -0.384863 -0.306262 -0.87068 -0.504304 0.867113 0.203222 -0.454769 0.485867 
1530709952790 0.198993 -0.958107 0.20599 -0.606336 0.730859 0.285119 0.620122 -0.225091 -0.652875 0.0271495 0.756979 0.449267 0.31622 -0.930002 0.187352 0.400795 -0.384863 -0.306262 -0.87068 -0.504304 0.867113 0.203222 -0.454769 0.485867 
1530709952803 0.199017 -0.958106 0.205972 -0.606335 0.730944 0.285122 0.620021 -0.225102 -0.652773 0.0271592 0.757066 0.449252 0.31622 -0.930002 0.187352 0.400795 -0.384863 -0.306262 -0.87068 -0.504304 0.867113 0.203222 -0.454769 0.485867 
1530709952880 0.199041 -0.958105 0.205954 -0.606334 0.731028 0.285125 0.61992 -0.225113 -0.652672 0.0271687 0.757154 0.449236 0.31622 -0.930002 0.187352 0.400795 -0.384863 -0.306262 -0.87068 -0.504304 0.867113 0.203222 -0.454769 0.485867 
1530709953072 0.199065 -0.958104 0.205936 -0.606333 0.731113 0.285128 0.619819 -0.225124 -0.65257 0.0271783 0.757241 0.449221 0.31622 -0.930002 0.187352 0.400795 -0.384863 -0.306262 -0.87068 -0.504304 0.867113 0.203222 -0.454769 0.485867 
1530709953223 0.199089 -0.958103 0.205918 -0.606332 0.731197 0.285131 0.619718 -0.225135 -0.652468 0.0271878 0.757329 0.449205 0.31622 -0.930002 0.187352 0.400795 -0.384863 -0.306262 -0.87068 -0.504304 0.867113 0.203222 -0.454769 0.485867 
1530709953375 0.199113 -0.958102 0.2059 -0.60633 0.731282 0.285134 0.619617 -0.225146 -0.652366 0.0271974 0.757416 0.44919 0.31622 -0.930002 0.187352 0.400795 -0.384863 -0.306262 -0.87068 -0.504304 0.867113 0.203222 -0.454769 0.485867 
1530709953532 0.199137 -0.958101 0.205882 -0.606329 0.731366 0.285137 0.619516 -0.225158 -0.652264 0.0272069 0.757504 0.449175 0.31622 -0.930002 0.187352 0.400795 -0.384863 -0.306262 -0.87068 -0.504304 0.867113 0.203222 -0.454769 0.485867 
1530709953539 0.199161 -0.9581 0.205864 -0.606328 0.731451 0.285139 0.619416 -0.225169 -0.652162 0.0272164 0.757591 0.449159 0.31622 -0.930002 0.187352 0.400795 -0.384863 -0.306262 -0.87068 -0.504304 0.867113 0.203222 -0.454769 0.485867 
1530709953729 0.199185 -0.958098 0.205847 -0.606327 0.731535 0.285142 0.619315 -0.22518 -0.65206 0.027226 0.757678 0.449144 0.31622 -0.930002 0.187352 0.400795 -0.384863 -0.306262 -0.87068 -0.504304 0.867113 0.203222 -0.454769 0.485867 
1530709953883 0.199209 -0.958097 0.205829 -0.606325 0.73162 0.285145 0.619213 -0.22519 -0.651958 0.0272357 0.757766 0.44913 0.31622 -0.930002 0.187352 0.400795 -0.384863 -0.306262 -0.87068 -0.504304 0.867113 0.203222 -0.454769 0.485867 
1530709954044 0.199272 -0.958096 0.205774 -0.606318 0.731593 0.285158 0.619238 -0.225254 -0.651968 0.0271461 0.757761 0.449163 0.31622 -0.930002 0.187352 0.400795 -0.384863 -0.306262 -0.87068 -0.504304 0.867113 0.203222 -0.454769 0.485867 
1530709954058 0.199275 -0.958091 0.205793 -0.606318 0.731607 0.285173 0.619215 -0.225257 -0.651951 0.0271659 0.757774 0.449166 0.31622 -0.930002 0.187352 0.400795 -0.384863 -0.306262 -0.87068 -0.504304 0.867113 0.203222 -0.454769 0.485867 
1530709954074 0.199279 -0.958086 0.205813 -0.606317 0.731621 0.285187 0.619193 -0.22526 -0.651935 0.0271852 0.757787 0.449168 0.31622 -0.930002 0.187352 0.400795 -0.384863 -0.306262 -0.87068 -0.504304 0.867113 0.203222 -0.454769 0.485867 
1530709954091 0.199282 -0.958081 0.205833 -0.606317 0.731634 0.285202 0.61917 -0.225263 -0.651919 0.0272046 0.7578 0.449171 0.31622 -0.930002 0.187352 0.400795 -0.384863 -0.306262 -0.87068 -0.504304 0.867113 0.203222 -0.454769 0.485867 
1530709954107 0.199286 -0.958076 0.205853 -0.606317 0.731648 0.285217 0.619147 -0.225266 -0.651903 0.0272247 0.757814 0.449174 0.31622 -0.930002 0.187352 0.400795 -0.384863 -0.306262 -0.87068 -0.504304 0.867113 0.203222 -0.454769 0.485867 
1530709954124 0.199289 -0.958071 0.205873 -0.606316 0.731661 0.285232 0.619124 -0.225269 -0.651886 0.0272442 0.757827 0.449177 0.31622 -0.930002 0.187352 0.400795 -0.384863 -0.306262 -0.87068 -0.504304 0.867113 0.203222 -0.454769 0.485867 
1530709954141 0.199293 -0.958066 0.205893 -0.606316 0.731674 0.285247 0.619101 -0.225272 -0.65187 0.0272638 0.75784 0.449179 0.31622 -0.930002 0.187352 0.400795 -0.384863 -0.306262 -0.87068 -0.504304 0.867113 0.203222 -0.454769 0.485867 
1530709954157 0.199297 -0.958061 0.205912 -0.606316 0.731688 0.285262 0.619079 -0.225275 -0.651854 0.0272833 0.757853 0.449182 0.31622 -0.930002 0.187352 0.400795 -0.384863 -0.306262 -0.87068 -0.504304 0.867113 0.203222 -0.454769 0.485867 
1530709954196 0.1993 -0.958056 0.205932 -0.606316 0.731701 0.285277 0.619056 -0.225278 -0.651838 0.0273028 0.757867 0.449185 0.31622 -0.930002 0.187352 0.400795 -0.384863 -0.306262 -0.87068 -0.504304 0.867113 0.203222 -0.454769 0.485867 
1530709954313 0.199304 -0.958051 0.205952 -0.606315 0.731714 0.285292 0.619033 -0.225281 -0.651822 0.0273223 0.75788 0.449188 0.31622 -0.930002 0.187352 0.400795 -0.384863 -0.306262 -0.87068 -0.504304 0.867113 0.203222 -0.454769 0.485867 
1530709954485 0.199265 -0.958099 0.205768 -0.606322 0.731739 0.285143 0.619073 -0.225243 -0.651807 0.0272091 0.757897 0.449197 0.31622 -0.930002 0.187352 0.400795 -0.384863 -0.306262 -0.87068 -0.504304 0.867113 0.203222 -0.454769 0.485867 
1530709954498 0.199208 -0.958075 0.205932 -0.606319 0.731739 0.285206 0.619044 -0.225248 -0.651824 0.0273703 0.757876 0.449196 0.31622 -0.930002 0.187352 0.400795 -0.384863 -0.306262 -0.87068 -0.504304 0.867113 0.203222 -0.454769 0.485867 
1530709954662 0.199151 -0.958052 0.206096 -0.606316 0.731739 0.28527 0.619015 -0.225254 -0.651842 0.0275311 0.757855 0.449194 0.31622 -0.930002 0.187352 0.400795 -0.384863 -0.306262 -0.87068 -0.504304 0.867113 0.203222 -0.454769 0.485867 
1530709954803 0.199094 -0.958028 0.20626 -0.606314 0.731738 0.285333 0.618987 -0.225259 -0.65186 0.027692 0.757834 0.449193 0.31622 -0.930002 0.187352 0.400795 -0.384863 -0.306262 -0.87068 -0.504304 0.867113 0.203222 -0.454769 0.485867 
1530709954948 0.199037 -0.958005 0.206425 -0.606311 0.731738 0.285397 0.618958 -0.225264 -0.651877 0.0278529 0.757813 0.449192 0.31622 -0.930002 0.187352 0.400795 -0.384863 -0.306262 -0.87068 -0.504304 0.867113 0.203222 -0.454769 0.485867 
1530709955115 0.198981 -0.957981 0.206589 -0.606308 0.731737 0.28546 0.618929 -0.22527 -0.651895 0.0280138 0.757791 0.44919 0.31622 -0.930002 0.187352 0.400795 -0.384863 -0.306262 -0.87068 -0.504304 0.867113 0.203222 -0.454769 0.485867 
1530709955330 0.198924 -0.957957 0.206753 -0.606305 0.731737 0.285524 0.6189 -0.225275 -0.651913 0.0281746 0.75777 0.449189 0.31622 -0.930002 0.187352 0.400795 -0.384863 -0.306262 -0.87068 -0.504304 0.867113 0.203222 -0.454769 0.485867 
1530709955337 0.198867 -0.957934 0.206917 -0.606302 0.731736 0.285587 0.618871 -0.225281 -0.651931 0.0283355 0.757749 0.449187 0.31622 -0.930002 0.187352 0.400795 -0.384863 -0.306262 -0.87068 -0.504304 0.867113 0.203222 -0.454769 0.485867 
1530709955519 0.198811 -0.95791 0.207081 -0.606299 0.731736 0.285651 0.618843 -0.225286 -0.651949 0.0284963 0.757728 0.449186 0.31622 -0.930002 0.187352 0.400795 -0.384863 -0.306262 -0.87068 -0.504304 0.867113 0.203222 -0.454769 0.485867 
1530709955759 0.198755 -0.957886 0.207245 -0.606296 0.731735 0.285714 0.618814 -0.225291 -0.651966 0.0286562 0.757706 0.449185 0.31622 -0.930002 0.187352 0.400795 -0.384863 -0.306262 -0.87068 -0.504304 0.867113 0.203222 -0.454769 0.485867 
1530709955906 0.198774 -0.957923 0.207056 -0.606289 0.731664 0.28561 0.618946 -0.225321 -0.65204 0.0284654 0.75765 0.449136 0.31622 -0.930002 0.187352 0.400795 -0.384863 -0.306262 -0.87068 -0.504304 0.867113 0.203222 -0.454769 0.485867 
1530709955918 0.198715 -0.957918 0.207138 -0.60629 0.7317 0.285617 0.618901 -0.225328 -0.652019 0.0285782 0.757664 0.449133 0.31622 -0.930002 0.187352 0.400795 -0.384863 -0.306262 -0.87068 -0.504304 0.867113 0.203222 -0.454769 0.485867 
1530709955935 0.198656 -0.957912 0.20722 -0.606291 0.731735 0.285624 0.618856 -0.225335 -0.651997 0.0286901 0.757678 0.44913 0.31622 -0.930002 0.187352 0.400795 -0.384863 -0.306262 -0.87068 -0.504304 0.867113 0.203222 -0.454769 0.485867 
1530709955952 0.198598 -0.957907 0.207301 -0.606293 0.731769 0.285632 0.618812 -0.225342 -0.651976 0.0288019 0.757693 0.449126 0.31622 -0.930002 0.187352 0.400795 -0.384863 -0.306262 -0.87068 -0.504304 0.867113 0.203222 -0.454769 0.485867 
1530709956055 0.19854 -0.957901 0.207383 -0.606294 0.731804 0.285639 0.618767 -0.225349 -0.651954 0.0289137 0.757707 0.449123 0.31622 -0.930002 0.187352 0.400795 -0.384863 -0.306262 -0.87068 -0.504304 0.867113 0.203222 -0.454769 0.485867 
1530709956169 0.198482 -0.957895 0.207464 -0.606295 0.731839 0.285647 0.618722 -0.225355 -0.651933 0.0290255 0.757721 0.44912 0.31622 -0.930002 0.187352 0.400795 -0.384863 -0.306262 -0.87068 -0.504304 0.867113 0.203222 -0.454769 0.485867 
1530709956306 0.198424 -0.95789 0.207546 -0.606296 0.731874 0.285654 0.618677 -0.225362 -0.651911 0.0291373 0.757735 0.449117 0.31622 -0.930002 0.187352 0.400795 -0.384863 -0.306262 -0.87068 -0.504304 0.867113 0.203222 -0.454769 0.485867 
1530709956485 0.198365 -0.957884 0.207628 -0.606297 0.731909 0.285662 0.618633 -0.225369 -0.65189 0.0292492 0.75775 0.449114 0.31622 -0.930002 0.187352 0.400795 -0.384863 -0.306262 -0.87068 -0.504304 0.867113 0.203222 -0.454769 0.485867 
1530709956690 0.198307 -0.957878 0.207709 -0.606298 0.731944 0.285669 0.618588 -0.225376 -0.651868 0.029361 0.757764 0.44911 0.31622 -0.930002 0.187352 0.400795 -0.384863 -0.306262 -0.87068 -0.504304 0.867113 0.203222 -0.454769 0.485867 
1530709956881 0.19825 -0.957873 0.20779 -0.606299 0.731979 0.285677 0.618543 -0.225382 -0.651847 0.0294721 0.757778 0.449108 0.31622 -0.930002 0.187352 0.400795 -0.384863 -0.306262 -0.87068 -0.504304 0.867113 0.203222 -0.454769 0.485867 
1530709957019 0.198231 -0.957872 0.20781 -0.6063 0.731951 0.285677 0.618577 -0.22532 -0.651884 0.0294855 0.757745 0.449102 0.31622 -0.930002 0.187352 0.400795 -0.384863 -0.306262 -0.87068 -0.504304 0.867113 0.203222 -0.454769 0.485867 
1530709957032 0.198242 -0.957891 0.207714 -0.6063 0.731963 0.285622 0.618587 -0.225321 -0.651866 0.0294092 0.757763 0.449105 0.31622 -0.930002 0.187352 0.400795 -0.384863 -0.306262 -0.87068 -0.504304 0.867113 0.203222 -0.454769 0.485867 
1530709957049 0.198255 -0.95791 0.207615 -0.6063 0.731973 0.285567 0.618601 -0.225322 -0.651852 0.0293278 0.757779 0.449107 0.31622 -0.930002 0.187352 0.400795 -0.384863 -0.306262 -0.87068 -0.504304 0.867113 0.203222 -0.454769 0.485867 
1530709957215 0.198267 -0.957929 0.207515 -0.606299 0.731983 0.285512 0.618615 -0.225323 -0.651837 0.0292464 0.757795 0.449109 0.31622 -0.930002 0.187352 0.400795 -0.384863 -0.306262 -0.87068 -0.504304 0.867113 0.203222 -0.454769 0.485867 
1530709957368 0.19828 -0.957948 0.207415 -0.606298 0.731993 0.285457 0.618629 -0.225324 -0.651822 0.029165 0.757811 0.449111 0.31622 -0.930002 0.187352 0.400795 -0.384863 -0.306262 -0.87068 -0.504304 0.867113 0.203222 -0.454769 0.485867 
1530709957506 0.198293 -0.957967 0.207316 -0.606298 0.732002 0.285401 0.618642 -0.225324 -0.651807 0.0290836 0.757827 0.449113 0.31622 -0.930002 0.187352 0.400795 -0.384863 -0.306262 -0.87068 -0.504304 0.867113 0.203222 -0.454769 0.485867 
1530709957735 0.198305 -0.957986 0.207216 -0.606297 0.732012 0.285346 0.618656 -0.225325 -0.651792 0.0290022 0.757843 0.449115 0.31622 -0.930002 0.187352 0.400795 -0.384863 -0.306262 -0.87068 -0.504304 0.867113 0.203222 -0.454769 0.485867 
1530709957959 0.198318 -0.958004 0.207117 -0.606297 0.732022 0.285291 0.61867 -0.225326 -0.651778 0.0289207 0.757859 0.449117 0.31622 -0.930002 0.187352 0.400795 -0.384863 -0.306262 -0.87068 -0.504304 0.867113 0.203222 -0.454769 0.485867 
1530709958172 0.198331 -0.958023 0.207017 -0.606296 0.732032 0.285236 0.618684 -0.225327 -0.651763 0.0288393 0.757874 0.449119 0.31622 -0.930002 0.187352 0.400795 -0.384863 -0.306262 -0.87068 -0.504304 0.867113 0.203222 -0.454769 0.485867 
1530709958313 0.198343 -0.958042 0.206918 -0.606295 0.732041 0.285181 0.618698 -0.225328 -0.651748 0.0287582 0.75789 0.449121 0.31622 -0.930002 0.187352 0.400795 -0.384863 -0.306262 -0.87068 -0.504304 0.867113 0.203222 -0.454769 0.485867 
1530709958562 0.198344 -0.958029 0.206978 -0.606332 0.732071 0.285219 0.618646 -0.225297 -0.651715 0.0288176 0.757916 0.449094 0.31622 -0.930002 0.187352 0.400795 -0.384863 -0.306262 -0.87068 -0.504304 0.867113 0.203222 -0.454769 0.485867 
1530709958575 0.198394 -0.958015 0.206993 -0.606335 0.732019 0.285269 0.618684 -0.225294 -0.651757 0.0287799 0.757881 0.449104 0.31622 -0.930002 0.187352 0.400795 -0.384863 -0.306262 -0.87068 -0.504304 0.867113 0.203222 -0.454769 0.485867 
1530709958591 0.198443 -0.958002 0.20701 -0.606338 0.731968 0.285318 0.618722 -0.22529 -0.6518 0.0287433 0.757846 0.449113 0.31622 -0.930002 0.187352 0.400795 -0.384863 -0.306262 -0.87068 -0.504304 0.867113 0.203222 -0.454769 0.485867 
1530709958891 0.198492 -0.957988 0.207026 -0.606341 0.731916 0.285368 0.61876 -0.225287 -0.651843 0.0287067 0.75781 0.449123 0.31622 -0.930002 0.187352 0.400795 -0.384863 -0.306262 -0.87068 -0.504304 0.867113 0.203222 -0.454769 0.485867 
1530709959100 0.198541 -0.957975 0.207042 -0.606344 0.731865 0.285417 0.618798 -0.225283 -0.651886 0.0286701 0.757775 0.449133 0.31622 -0.930002 0.187352 0.400795 -0.384863 -0.306262 -0.87068 -0.504304 0.867113 0.203222 -0.454769 0.485867 
1530709959258 0.19859 -0.957961 0.207058 -0.606347 0.731814 0.285466 0.618836 -0.22528 -0.651929 0.0286334 0.757739 0.449142 0.31622 -0.930002 0.187352 0.400795 -0.384863 -0.306262 -0.87068 -0.504304 0.867113 0.203222 -0.454769 0.485867 
1530709959412 0.198638 -0.957947 0.207074 -0.606351 0.731762 0.285516 0.618874 -0.225276 -0.651972 0.0285968 0.757704 0.449152 0.31622 -0.930002 0.187352 0.400795 -0.384863 -0.306262 -0.87068 -0.504304 0.867113 0.203222 -0.454769 0.485867 
1530709959600 0.198687 -0.957934 0.20709 -0.606354 0.731711 0.285565 0.618912 -0.225273 -0.652014 0.0285602 0.757669 0.449162 0.31622 -0.930002 0.187352 0.400795 -0.384863 -0.306262 -0.87068 -0.504304 0.867113 0.203222 -0.454769 0.485867 
1530709959607 0.198736 -0.95792 0.207106 -0.606357 0.731659 0.285614 0.61895 -0.225269 -0.652057 0.0285236 0.757633 0.449172 0.31622 -0.930002 0.187352 0.400795 -0.384863 -0.306262 -0.87068 -0.504304 0.867113 0.203222 -0.454769 0.485867 
1530709959733 0.198785 -0.957907 0.207123 -0.60636 0.731608 0.285663 0.618988 -0.225266 -0.6521 0.0284872 0.757598 0.449181 0.31622 -0.930002 0.187352 0.400795 -0.384863 -0.306262 -0.87068 -0.504304 0.867113 0.203222 -0.454769 0.485867 
1530709959907 0.198611 -0.957953 0.207073 -0.60639 0.731648 0.285499 0.619016 -0.22522 -0.652108 0.0285616 0.757588 0.449151 0.31622 -0.930002 0.187352 0.400795 -0.384863 -0.306262 -0.87068 -0.504304 0.867113 0.203222 -0.454769 0.485867 
1530709959920 0.198632 -0.957937 0.207126 -0.606411 0.731627 0.285551 0.619018 -0.225224 -0.652125 0.0285822 0.757572 0.449159 0.31622 -0.930002 0.187352 0.400795 -0.384863 -0.306262 -0.87068 -0.504304 0.867113 0.203222 -0.454769 0.485867 
1530709959937 0.198654 -0.957921 0.207179 -0.606433 0.731605 0.285602 0.61902 -0.225229 -0.652143 0.0286023 0.757556 0.449167 0.31622 -0.930002 0.187352 0.400795 -0.384863 -0.306262 -0.87068 -0.504304 0.867113 0.203222 -0.454769 0.485867 
1530709960109 0.198676 -0.957906 0.207231 -0.606454 0.731583 0.285653 0.619022 -0.225233 -0.652161 0.0286223 0.75754 0.449175 0.31622 -0.930002 0.187352 0.400795 -0.384863 -0.306262 -0.87068 -0.504304 0.867113 0.203222 -0.454769 0.485867 
1530709960277 0.198697 -0.95789 0.207284 -0.606475 0.731562 0.285704 0.619024 -0.225237 -0.652179 0.0286422 0.757524 0.449183 0.31622 -0.930002 0.187352 0.400795 -0.384863 -0.306262 -0.87068 -0.504304 0.867113 0.203222 -0.454769 0.485867 
1530709960421 0.198719 -0.957874 0.207336 -0.606497 0.73154 0.285755 0.619026 -0.225241 -0.652196 0.0286622 0.757508 0.449191 0.31622 -0.930002 0.187352 0.400795 -0.384863 -0.306262 -0.87068 -0.504304 0.867113 0.203222 -0.454769 0.485867 
1530709960427 0.198741 -0.957858 0.207388 -0.606518 0.731519 0.285806 0.619028 -0.225246 -0.652214 0.0286822 0.757492 0.449199 0.31622 -0.930002 0.187352 0.400795 -0.384863 -0.306262 -0.87068 -0.504304 0.867113 0.203222 -0.454769 0.485867 
1530709960705 0.198762 -0.957842 0.20744 -0.606539 0.731497 0.285857 0.61903 -0.22525 -0.652231 0.0287022 0.757476 0.449207 0.31622 -0.930002 0.187352 0.400795 -0.384863 -0.306262 -0.87068 -0.504304 0.867113 0.203222 -0.454769 0.485867 
1530709960910 0.198784 -0.957827 0.207493 -0.606561 0.731475 0.285908 0.619032 -0.225254 -0.652249 0.0287221 0.757461 0.449215 0.31622 -0.930002 0.187352 0.400795 -0.384863 -0.306262 -0.87068 -0.504304 0.867113 0.203222 -0.454769 0.485867 
1530709961022 0.198806 -0.957811 0.207545 -0.606581 0.731454 0.285959 0.619034 -0.225258 -0.652266 0.0287419 0.757445 0.449223 0.31622 -0.930002 0.187352 0.400795 -0.384863 -0.306262 -0.87068 -0.504304 0.867113 0.203222 -0.454769 0.485867 
1530709961172 0.198812 -0.957836 0.207424 -0.606584 0.731579 0.28588 0.618923 -0.225217 -0.652125 0.0286978 0.757568 0.449281 0.31622 -0.930002 0.187352 0.400795 -0.384863 -0.306262 -0.87068 -0.504304 0.867113 0.203222 -0.454769 0.485867 
1530709961186 0.198807 -0.95786 0.207316 -0.60662 0.731618 0.285805 0.618911 -0.225225 -0.652082 0.0286319 0.757608 0.449271 0.31622 -0.930002 0.187352 0.400795 -0.384863 -0.306262 -0.87068 -0.504304 0.867113 0.203222 -0.454769 0.485867 
1530709961192 0.198802 -0.957884 0.207208 -0.606656 0.731657 0.285729 0.618899 -0.225232 -0.652039 0.0285667 0.757647 0.449261 0.31622 -0.930002 0.187352 0.400795 -0.384863 -0.306262 -0.87068 -0.504304 0.867113 0.203222 -0.454769 0.485867 
1530709961458 0.198797 -0.957909 0.2071 -0.606692 0.731697 0.285654 0.618887 -0.22524 -0.651997 0.0285014 0.757686 0.44925 0.31622 -0.930002 0.187352 0.400795 -0.384863 -0.306262 -0.87068 -0.504304 0.867113 0.203222 -0.454769 0.485867 
1530709961586 0.198792 -0.957933 0.206992 -0.606728 0.731736 0.285579 0.618876 -0.225248 -0.651954 0.0284361 0.757725 0.44924 0.31622 -0.930002 0.187352 0.400795 -0.384863 -0.306262 -0.87068 -0.504304 0.867113 0.203222 -0.454769 0.485867 
1530709961753 0.198787 -0.957958 0.206884 -0.606764 0.731775 0.285504 0.618864 -0.225255 -0.651912 0.0283708 0.757764 0.44923 0.31622 -0.930002 0.187352 0.400795 -0.384863 -0.306262 -0.87068 -0.504304 0.867113 0.203222 -0.454769 0.485867 
1530709961960 0.198782 -0.957982 0.206776 -0.606801 0.731815 0.285428 0.618852 -0.225263 -0.651869 0.0283055 0.757803 0.44922 0.31622 -0.930002 0.187352 0.400795 -0.384863 -0.306262 -0.87068 -0.504304 0.867113 0.203222 -0.454769 0.485867 
1530709961967 0.198776 -0.958006 0.206668 -0.606837 0.731854 0.285353 0.61884 -0.225271 -0.651827 0.0282402 0.757842 0.44921 0.31622 -0.930002 0.187352 0.400795 -0.384863 -0.306262 -0.87068 -0.504304 0.867113 0.203222 -0.454769 0.485867 
1530709962125 0.198771 -0.958031 0.206561 -0.606873 0.731893 0.285278 0.618829 -0.225278 -0.651784 0.0281749 0.757881 0.449199 0.31622 -0.930002 0.187352 0.400795 -0.384863 -0.306262 -0.87068 -0.504304 0.867113 0.203222 -0.454769 0.485867 
1530709962271 0.198766 -0.958055 0.206453 -0.606906 0.731932 0.285202 0.618817 -0.225285 -0.651742 0.0281098 0.75792 0.44919 0.31622 -0.930002 0.187352 0.400795 -0.384863 -0.306262 -0.87068 -0.504304 0.867113 0.203222 -0.454769 0.485867 
1530709962342 0.198889 -0.958008 0.206552 -0.60687 0.73187 0.285362 0.618817 -0.225326 -0.651774 0.0280937 0.757893 0.449207 0.31622 -0.930002 0.187352 0.400795 -0.384863 -0.306262 -0.87068 -0.504304 0.867113 0.203222 -0.454769 0.485867 
1530709962356 0.198881 -0.958011 0.206545 -0.606918 0.731839 0.285353 0.618858 -0.225332 -0.651811 0.0280787 0.757861 0.449217 0.31622 -0.930002 0.187352 0.400795 -0.384863 -0.306262 -0.87068 -0.504304 0.867113 0.203222 -0.454769 0.485867 
1530709962545 0.198875 -0.958014 0.206538 -0.606967 0.731808 0.285345 0.618899 -0.225337 -0.651848 0.0280629 0.75783 0.449227 0.31622 -0.930002 0.187352 0.400795 -0.384863 -0.306262 -0.87068 -0.504304 0.867113 0.203222 -0.454769 0.485867 
1530709962594 0.198869 -0.958017 0.206532 -0.607015 0.731777 0.285337 0.618939 -0.225343 -0.651885 0.0280476 0.757799 0.449238 0.31622 -0.930002 0.187352 0.400795 -0.384863 -0.306262 -0.87068 -0.504304 0.867113 0.203222 -0.454769 0.485867 
1530709962724 0.198862 -0.95802 0.206525 -0.607064 0.731746 0.285329 0.618979 -0.225349 -0.651922 0.0280322 0.757768 0.449248 0.31622 -0.930002 0.187352 0.400795 -0.384863 -0.306262 -0.87068 -0.504304 0.867113 0.203222 -0.454769 0.485867 
1530709962855 0.198856 -0.958022 0.206518 -0.607112 0.731715 0.285321 0.61902 -0.225355 -0.651959 0.0280168 0.757737 0.449258 0.31622 -0.930002 0.187352 0.400795 -0.384863 -0.306262 -0.87068 -0.504304 0.867113 0.203222 -0.454769 0.485867 
1530709963004 0.198849 -0.958025 0.206511 -0.607161 0.731684 0.285314 0.61906 -0.225361 -0.651995 0.0280014 0.757706 0.449268 0.31622 -0.930002 0.187352 0.400795 -0.384863 -0.306262 -0.87068 -0.504304 0.867113 0.203222 -0.454769 0.485867 
1530709963011 0.198843 -0.958028 0.206504 -0.607209 0.731653 0.285306 0.6191 -0.225367 -0.652032 0.027986 0.757675 0.449278 0.31622 -0.930002 0.187352 0.400795 -0.384863 -0.306262 -0.87068 -0.504304 0.867113 0.203222 -0.454769 0.485867 
1530709963179 0.198836 -0.958031 0.206498 -0.607258 0.731622 0.285298 0.61914 -0.225372 -0.652069 0.0279706 0.757644 0.449289 0.31622 -0.930002 0.187352 0.400795 -0.384863 -0.306262 -0.87068 -0.504304 0.867113 0.203222 -0.454769 0.485867 
1530709963244 0.19883 -0.958034 0.206491 -0.607304 0.731591 0.28529 0.619181 -0.225377 -0.652105 0.0279553 0.757613 0.449299 0.31622 -0.930002 0.187352 0.400795 -0.384863 -0.306262 -0.87068 -0.504304 0.867113 0.203222 -0.454769 0.485867 
1530709963389 0.19886 -0.958029 0.206485 -0.607268 0.731615 0.285307 0.619144 -0.22538 -0.652069 0.0279448 0.757644 0.449321 0.31622 -0.930002 0.187352 0.400795 -0.384863 -0.306262 -0.87068 -0.504304 0.867113 0.203222 -0.454769 0.485867 
1530709963402 0.198837 -0.958018 0.206556 -0.607331 0.731548 0.285339 0.619209 -0.225375 -0.652152 0.0279842 0.757572 0.449313 0.31622 -0.930002 0.187352 0.400795 -0.384863 -0.306262 -0.87068 -0.504304 0.867113 0.203222 -0.454769 0.485867 
1530709963423 0.198814 -0.958007 0.206628 -0.607394 0.73148 0.285371 0.619274 -0.225369 -0.652234 0.0280237 0.757499 0.449306 0.31622 -0.930002 0.187352 0.400795 -0.384863 -0.306262 -0.87068 -0.504304 0.867113 0.203222 -0.454769 0.485867 
1530709963598 0.198791 -0.957997 0.206699 -0.607457 0.731413 0.285403 0.619339 -0.225364 -0.652317 0.0280632 0.757427 0.449298 0.31622 -0.930002 0.187352 0.400795 -0.384863 -0.306262 -0.87068 -0.504304 0.867113 0.203222 -0.454769 0.485867 
1530709963884 0.198768 -0.957986 0.20677 -0.60752 0.731346 0.285434 0.619404 -0.225359 -0.652399 0.0281028 0.757354 0.44929 0.31622 -0.930002 0.187352 0.400795 -0.384863 -0.306262 -0.87068 -0.504304 0.867113 0.203222 -0.454769 0.485867 
1530709964062 0.198745 -0.957976 0.206841 -0.607583 0.731278 0.285466 0.619468 -0.225354 -0.652482 0.0281423 0.757282 0.449282 0.31622 -0.930002 0.187352 0.400795 -0.384863 -0.306262 -0.87068 -0.504304 0.867113 0.203222 -0.454769 0.485867 
1530709964240 0.198722 -0.957965 0.206912 -0.607646 0.731211 0.285498 0.619533 -0.225349 -0.652564 0.0281818 0.757209 0.449275 0.31622 -0.930002 0.187352 0.400795 -0.384863 -0.306262 -0.87068 -0.504304 0.867113 0.203222 -0.454769 0.485867 
1530709964381 0.198699 -0.957954 0.206984 -0.607709 0.731144 0.285529 0.619598 -0.225344 -0.652647 0.0282213 0.757137 0.449267 0.31622 -0.930002 0.187352 0.400795 -0.384863 -0.306262 -0.87068 -0.504304 0.867113 0.203222 -0.454769 0.485867 
1530709964500 0.198676 -0.957944 0.207055 -0.607772 0.731076 0.285561 0.619663 -0.225338 -0.652729 0.0282608 0.757064 0.449259 0.31622 -0.930002 0.187352 0.400795 -0.384863 -0.306262 -0.87068 -0.504304 0.867113 0.203222 -0.454769 0.485867 
1530709964667 0.198653 -0.957933 0.207125 -0.607832 0.731009 0.285592 0.619728 -0.225332 -0.652811 0.0282999 0.756992 0.449252 0.31622 -0.930002 0.187352 0.400795 -0.384863 -0.306262 -0.87068 -0.504304 0.867113 0.203222 -0.454769 0.485867 
1530709964815 0.198565 -0.957984 0.206974 -0.607827 0.731125 0.285424 0.619668 -0.225263 -0.652708 0.0282797 0.757082 0.449272 0.31622 -0.930002 0.187352 0.400795 -0.384863 -0.306262 -0.87068 -0.504304 0.867113 0.203222 -0.454769 0.485867 
1530709964830 0.198618 -0.957977 0.206955 -0.607899 0.731179 0.285449 0.619594 -0.225262 -0.652632 0.0282579 0.757148 0.449245 0.31622 -0.930002 0.187352 0.400795 -0.384863 -0.306262 -0.87068 -0.504304 0.867113 0.203222 -0.454769 0.485867 
1530709965017 0.198672 -0.957971 0.206935 -0.60797 0.731232 0.285474 0.61952 -0.225261 -0.652556 0.0282363 0.757214 0.449219 0.31622 -0.930002 0.187352 0.400795 -0.384863 -0.306262 -0.87068 -0.504304 0.867113 0.203222 -0.454769 0.485867 
1530709965300 0.198725 -0.957964 0.206915 -0.608042 0.731285 0.285499 0.619446 -0.225261 -0.65248 0.0282146 0.75728 0.449192 0.31622 -0.930002 0.187352 0.400795 -0.384863 -0.306262 -0.87068 -0.504304 0.867113 0.203222 -0.454769 0.485867 
1530709965479 0.198779 -0.957957 0.206896 -0.608114 0.731338 0.285524 0.619371 -0.22526 -0.652404 0.028193 0.757346 0.449165 0.31622 -0.930002 0.187352 0.400795 -0.384863 -0.306262 -0.87068 -0.504304 0.867113 0.203222 -0.454769 0.485867 
1530709965740 0.198832 -0.95795 0.206876 -0.608186 0.731391 0.285549 0.619297 -0.225259 -0.652328 0.0281713 0.757413 0.449139 0.31622 -0.930002 0.187352 0.400795 -0.384863 -0.306262 -0.87068 -0.504304 0.867113 0.203222 -0.454769 0.485867 
1530709965922 0.198885 -0.957943 0.206856 -0.608258 0.731445 0.285574 0.619222 -0.225259 -0.652253 0.0281497 0.757479 0.449112 0.31622 -0.930002 0.187352 0.400795 -0.384863 -0.306262 -0.87068 -0.504304 0.867113 0.203222 -0.454769 0.485867 
