1531909005813 0.275657 0.633204 -0.723233 -0.604483 -0.8825 0.464965 0.0707247 -0.181741 0.381061 0.618757 0.686973 0.426588 0.16008 -0.304787 0.938871 0.370831 -0.775623 0.549475 0.310623 -0.528794 -0.61056 -0.777934 -0.14844 0.432481 
1531909005829 -0.186319 0.845148 -0.501008 -0.595444 -0.975422 -0.098067 0.19732 -0.251671 0.117632 0.525459 0.842648 0.409373 0.281082 -0.369256 0.885801 0.399302 -0.945602 -0.264103 0.189964 -0.504949 0.163797 -0.891011 -0.423403 0.481408 
1531909005839 -0.187231 0.845419 -0.500212 -0.597087 -0.97521 -0.098835 0.197982 -0.254964 0.11794 0.52488 0.842966 0.40735 0.245957 -0.352979 0.902724 0.398041 -0.959102 -0.223242 0.174027 -0.501823 0.140098 -0.908608 -0.393451 0.477127 
1531909005859 -0.187247 0.845429 -0.500188 -0.597265 -0.975206 -0.0988476 0.197997 -0.255093 0.11795 0.524861 0.842976 0.40726 0.211167 -0.334293 0.918508 0.396613 -0.970735 -0.181685 0.15705 -0.500411 0.114378 -0.924791 -0.362875 0.472751 
1531909005869 -0.18725 0.845429 -0.500187 -0.597275 -0.975206 -0.0988521 0.197995 -0.255107 0.117946 0.52486 0.842977 0.407257 0.176776 -0.313842 0.932874 0.39522 -0.980368 -0.140255 0.138591 -0.4991 0.0873447 -0.939059 -0.332474 0.468381 
1531909005879 -0.187251 0.845429 -0.500187 -0.597273 -0.975206 -0.0988555 0.197993 -0.255114 0.117943 0.52486 0.842978 0.407258 0.142868 -0.291686 0.945784 0.39383 -0.987977 -0.0990745 0.118686 -0.497796 0.0590839 -0.951369 -0.302334 0.464012 
1531909005889 -0.187253 0.845429 -0.500187 -0.597271 -0.975206 -0.0988578 0.197991 -0.255119 0.11794 0.524859 0.842978 0.407259 0.109541 -0.267891 0.957202 0.39244 -0.993539 -0.0582631 0.0973932 -0.496493 0.0296788 -0.961686 -0.272542 0.459643 
1531909005899 -0.187253 0.845429 -0.500186 -0.597269 -0.975206 -0.0988592 0.19799 -0.255122 0.117939 0.524859 0.842979 0.40726 0.0768918 -0.242525 0.967093 0.391051 -0.997039 -0.0179395 0.0747739 -0.495192 -0.000785327 -0.969979 -0.243186 0.455274 
1531909005909 -0.187254 0.845429 -0.500186 -0.597268 -0.975206 -0.09886 0.19799 -0.255123 0.117938 0.524859 0.842979 0.407261 0.0450211 -0.215666 0.975429 0.389671 -0.998466 0.0217803 0.0509 -0.493918 -0.0322225 -0.976224 -0.214355 0.450914 
1531909005919 -0.187253 0.845429 -0.500187 -0.59726 -0.975206 -0.0988592 0.19799 -0.255118 0.117938 0.524859 0.842979 0.407261 0.0141705 -0.187588 0.982146 0.388357 -0.997812 0.0607869 0.0260067 -0.493064 -0.0645801 -0.980365 -0.186316 0.446824 
1531909006024 -0.187253 0.845429 -0.500187 -0.59726 -0.975206 -0.0988592 0.19799 -0.255118 0.117938 0.524859 0.842979 0.407261 0.0141705 -0.187588 0.982146 0.388357 -0.997812 0.0607869 0.0260067 -0.493064 -0.0645801 -0.980365 -0.186316 0.446824 
1531909006037 -0.187254 0.845429 -0.500186 -0.597267 -0.975206 -0.0988608 0.197989 -0.255126 0.117937 0.524859 0.842979 0.407261 -0.0158869 -0.157962 0.987317 0.386927 -0.995092 0.0989536 -0.000180306 -0.49174 -0.0976702 -0.982475 -0.158758 0.442436 
1531909006047 -0.187254 0.845429 -0.500186 -0.597268 -0.975206 -0.0988609 0.197989 -0.255126 0.117937 0.524859 0.842979 0.407261 -0.0160478 -0.157765 0.987346 0.386878 -0.995093 0.0989441 -0.000363768 -0.491303 -0.0976347 -0.982507 -0.158579 0.442179 
1531909006057 -0.187254 0.845429 -0.500186 -0.597268 -0.975206 -0.0988609 0.197989 -0.255126 0.117937 0.524859 0.842979 0.407261 -0.0160538 -0.157759 0.987347 0.38687 -0.995093 0.0989431 -0.00037049 -0.491276 -0.0976327 -0.982508 -0.158574 0.442171 
1531909006067 -0.187254 0.845429 -0.500186 -0.597268 -0.975206 -0.0988609 0.197989 -0.255126 0.117937 0.524859 0.842979 0.407261 -0.0160542 -0.15776 0.987347 0.386869 -0.995093 0.0989436 -0.000370767 -0.491274 -0.0976332 -0.982508 -0.158574 0.442171 
1531909006077 -0.187254 0.845429 -0.500186 -0.597268 -0.975206 -0.0988609 0.197989 -0.255126 0.117937 0.524859 0.842979 0.407261 -0.0160543 -0.157759 0.987347 0.386868 -0.995093 0.098944 -0.000370877 -0.491274 -0.0976336 -0.982508 -0.158573 0.442171 
1531909006087 -0.187254 0.845429 -0.500186 -0.597268 -0.975206 -0.0988609 0.197989 -0.255126 0.117937 0.524859 0.842979 0.407261 -0.0160544 -0.157759 0.987347 0.386868 -0.995093 0.0989445 -0.000370985 -0.491274 -0.097634 -0.982508 -0.158573 0.442171 
1531909006099 -0.187254 0.845429 -0.500186 -0.597268 -0.975206 -0.0988609 0.197989 -0.255126 0.117937 0.524859 0.842979 0.407261 -0.0160546 -0.157759 0.987347 0.386868 -0.995093 0.0989449 -0.000371103 -0.491274 -0.0976344 -0.982508 -0.158573 0.442171 
1531909006107 -0.187254 0.845429 -0.500186 -0.597268 -0.975206 -0.0988609 0.197989 -0.255126 0.117937 0.524859 0.842979 0.407261 -0.0160546 -0.157758 0.987347 0.386868 -0.995093 0.0989454 -0.00037101 -0.491275 -0.0976349 -0.982508 -0.158573 0.442171 
1531909006187 -0.187254 0.845429 -0.500186 -0.597268 -0.975206 -0.0988609 0.197989 -0.255126 0.117937 0.524859 0.842979 0.407261 -0.0160537 -0.15776 0.987347 0.38687 -0.995093 0.0989468 -0.000369826 -0.491281 -0.0976364 -0.982508 -0.158574 0.442175 
1531909006258 -0.187254 0.845429 -0.500186 -0.597268 -0.975206 -0.0988609 0.197989 -0.255126 0.117937 0.524859 0.842979 0.407261 -0.0160537 -0.15776 0.987347 0.38687 -0.995093 0.0989468 -0.000369826 -0.491281 -0.0976364 -0.982508 -0.158574 0.442175 
1531909006268 -0.187254 0.845429 -0.500186 -0.597268 -0.975206 -0.0988609 0.197989 -0.255126 0.117937 0.524859 0.842979 0.407261 -0.0166442 -0.157558 0.98737 0.386937 -0.994977 0.100096 -0.000799805 -0.491224 -0.0987059 -0.982424 -0.158432 0.442157 
1531909006278 -0.187254 0.845429 -0.500186 -0.597268 -0.975206 -0.0988609 0.197989 -0.255126 0.117937 0.524859 0.842979 0.407261 -0.0172333 -0.157357 0.987391 0.387005 -0.994861 0.101246 -0.00122844 -0.491172 -0.0997762 -0.982338 -0.158293 0.442143 
1531909006290 -0.187254 0.845429 -0.500186 -0.597268 -0.975206 -0.0988609 0.197989 -0.255126 0.117937 0.524859 0.842979 0.407261 -0.017823 -0.157156 0.987413 0.387074 -0.994742 0.102396 -0.00165805 -0.491121 -0.100847 -0.982251 -0.158154 0.442128 
1531909006301 -0.187254 0.845429 -0.500186 -0.597268 -0.975206 -0.0988609 0.197989 -0.255126 0.117937 0.524859 0.842979 0.407261 -0.0184118 -0.156954 0.987434 0.387142 -0.994622 0.103546 -0.00208707 -0.491071 -0.101917 -0.982163 -0.158016 0.442114 
1531909006338 -0.187254 0.845429 -0.500186 -0.597268 -0.975206 -0.0988609 0.197989 -0.255126 0.117937 0.524859 0.842979 0.407261 -0.0190003 -0.156751 0.987455 0.387211 -0.994501 0.104695 -0.00251625 -0.49102 -0.102988 -0.982073 -0.157878 0.4421 
1531909006348 -0.187254 0.845429 -0.500186 -0.597268 -0.975206 -0.0988609 0.197989 -0.255126 0.117937 0.524859 0.842979 0.407261 -0.0195886 -0.156548 0.987476 0.387279 -0.994378 0.105845 -0.00294559 -0.490969 -0.104058 -0.981983 -0.157741 0.442086 
1531909006378 -0.187254 0.845429 -0.500186 -0.597268 -0.975206 -0.0988609 0.197989 -0.255126 0.117937 0.524859 0.842979 0.407261 -0.0201766 -0.156344 0.987497 0.387348 -0.994254 0.106994 -0.00337507 -0.490918 -0.105128 -0.981891 -0.157604 0.442072 
1531909006388 -0.187254 0.845429 -0.500186 -0.597268 -0.975206 -0.0988609 0.197989 -0.255126 0.117937 0.524859 0.842979 0.407261 -0.0207643 -0.156139 0.987517 0.387417 -0.994128 0.108142 -0.00380459 -0.490867 -0.106198 -0.981797 -0.157468 0.442057 
1531909006398 -0.187254 0.845429 -0.500186 -0.597268 -0.975206 -0.0988609 0.197989 -0.255126 0.117937 0.524859 0.842979 0.407261 -0.0213498 -0.155935 0.987537 0.387483 -0.994001 0.10929 -0.00423225 -0.490821 -0.107268 -0.981703 -0.157333 0.442043 
1531909006486 -0.187254 0.845429 -0.500186 -0.597268 -0.975206 -0.0988609 0.197989 -0.255126 0.117937 0.524859 0.842979 0.407261 -0.0213498 -0.155935 0.987537 0.387483 -0.994001 0.10929 -0.00423225 -0.490821 -0.107268 -0.981703 -0.157333 0.442043 
1531909006490 -0.187254 0.845429 -0.500186 -0.597268 -0.975206 -0.0988609 0.197989 -0.255126 0.117937 0.524859 0.842979 0.407261 -0.0221987 -0.15641 0.987443 0.387711 -0.994023 0.109051 -0.00507312 -0.490766 -0.106888 -0.981654 -0.157896 0.442169 
1531909006504 -0.187254 0.845429 -0.500186 -0.597268 -0.975206 -0.0988609 0.197989 -0.255126 0.117937 0.524859 0.842979 0.407261 -0.0224612 -0.157091 0.987329 0.387872 -0.994172 0.107663 -0.00548698 -0.490757 -0.105437 -0.981698 -0.158593 0.442309 
1531909006514 -0.187254 0.845429 -0.500186 -0.597268 -0.975206 -0.0988609 0.197989 -0.255126 0.117937 0.524859 0.842979 0.407261 -0.0227208 -0.157772 0.987214 0.388031 -0.994319 0.106275 -0.00589995 -0.490752 -0.103985 -0.98174 -0.159291 0.442449 
1531909006524 -0.187254 0.845429 -0.500186 -0.597268 -0.975206 -0.0988609 0.197989 -0.255126 0.117937 0.524859 0.842979 0.407261 -0.0229792 -0.158454 0.987099 0.38819 -0.994464 0.104887 -0.00631364 -0.490748 -0.102533 -0.98178 -0.159987 0.442589 
1531909006534 -0.187254 0.845429 -0.500186 -0.597268 -0.975206 -0.0988609 0.197989 -0.255126 0.117937 0.524859 0.842979 0.407261 -0.0232365 -0.159136 0.986983 0.388349 -0.994607 0.103499 -0.00672829 -0.490744 -0.101081 -0.981817 -0.160683 0.442729 
1531909006544 -0.187254 0.845429 -0.500186 -0.597268 -0.975206 -0.0988609 0.197989 -0.255126 0.117937 0.524859 0.842979 0.407261 -0.0234935 -0.159819 0.986867 0.388508 -0.994747 0.102111 -0.00714464 -0.49074 -0.0996281 -0.981851 -0.161378 0.442869 
1531909006554 -0.187254 0.845429 -0.500186 -0.597268 -0.975206 -0.0988609 0.197989 -0.255126 0.117937 0.524859 0.842979 0.407261 -0.0237487 -0.160501 0.98675 0.388667 -0.994886 0.100723 -0.00756125 -0.490736 -0.098175 -0.981883 -0.162072 0.443009 
1531909006564 -0.187254 0.845429 -0.500186 -0.597268 -0.975206 -0.0988609 0.197989 -0.255126 0.117937 0.524859 0.842979 0.407261 -0.0240034 -0.161185 0.986632 0.388826 -0.995022 0.0993353 -0.00797928 -0.490731 -0.0967213 -0.981912 -0.162767 0.443149 
1531909006574 -0.187254 0.845429 -0.500186 -0.597268 -0.975206 -0.0988609 0.197989 -0.255126 0.117937 0.524859 0.842979 0.407261 -0.0242557 -0.161866 0.986515 0.388979 -0.995156 0.0979483 -0.00839694 -0.490728 -0.0952683 -0.98194 -0.163458 0.443286 
1531909006633 -0.187254 0.845429 -0.500186 -0.597268 -0.975206 -0.0988609 0.197989 -0.255126 0.117937 0.524859 0.842979 0.407261 -0.0242557 -0.161866 0.986515 0.388979 -0.995156 0.0979483 -0.00839694 -0.490728 -0.0952683 -0.98194 -0.163458 0.443286 
1531909006643 -0.187254 0.845429 -0.500186 -0.597268 -0.975206 -0.0988609 0.197989 -0.255126 0.117937 0.524859 0.842979 0.407261 -0.0247524 -0.161503 0.986562 0.389225 -0.995319 0.0961978 -0.0092243 -0.49072 -0.0934154 -0.982173 -0.163128 0.443322 
1531909006653 -0.187254 0.845429 -0.500186 -0.597268 -0.975206 -0.0988609 0.197989 -0.255126 0.117937 0.524859 0.842979 0.407261 -0.0249981 -0.160458 0.986726 0.389317 -0.995351 0.095834 -0.00963242 -0.490715 -0.0930163 -0.982379 -0.162107 0.443222 
1531909006663 -0.187254 0.845429 -0.500186 -0.597268 -0.975206 -0.0988609 0.197989 -0.255126 0.117937 0.524859 0.842979 0.407261 -0.0252431 -0.15941 0.98689 0.389404 -0.995382 0.0954703 -0.0100392 -0.490712 -0.0926183 -0.982585 -0.161084 0.443118 
1531909006673 -0.187254 0.845429 -0.500186 -0.597268 -0.975206 -0.0988609 0.197989 -0.255126 0.117937 0.524859 0.842979 0.407261 -0.0254886 -0.158363 0.987052 0.389491 -0.995412 0.0951061 -0.0104456 -0.490708 -0.0922204 -0.98279 -0.160061 0.443015 
1531909006690 -0.187254 0.845429 -0.500186 -0.597268 -0.975206 -0.0988609 0.197989 -0.255126 0.117937 0.524859 0.842979 0.407261 -0.0257345 -0.157316 0.987213 0.389578 -0.995443 0.0947415 -0.0108516 -0.490704 -0.0918229 -0.982993 -0.159037 0.442911 
1531909006704 -0.187254 0.845429 -0.500186 -0.597268 -0.975206 -0.0988609 0.197989 -0.255126 0.117937 0.524859 0.842979 0.407261 -0.0259807 -0.156268 0.987373 0.389664 -0.995473 0.0943764 -0.0112573 -0.4907 -0.0914255 -0.983196 -0.158012 0.442808 
1531909006714 -0.187254 0.845429 -0.500186 -0.597268 -0.975206 -0.0988609 0.197989 -0.255126 0.117937 0.524859 0.842979 0.407261 -0.0262279 -0.15522 0.987532 0.389751 -0.995503 0.0940105 -0.0116631 -0.490697 -0.091028 -0.983397 -0.156987 0.442704 
1531909006724 -0.187254 0.845429 -0.500186 -0.597268 -0.975206 -0.0988609 0.197989 -0.255126 0.117937 0.524859 0.842979 0.407261 -0.0264746 -0.154172 0.987689 0.389838 -0.995533 0.0936447 -0.0120674 -0.490693 -0.0906314 -0.983596 -0.155963 0.442601 
1531909006734 -0.187254 0.845429 -0.500186 -0.597268 -0.975206 -0.0988609 0.197989 -0.255126 0.117937 0.524859 0.842979 0.407261 -0.0267188 -0.153131 0.987845 0.389923 -0.995562 0.0932797 -0.0124678 -0.490697 -0.0902367 -0.983794 -0.154944 0.442509 
