1533674433742 0.275657 0.633204 -0.723233 -0.604483 -0.8825 0.464965 0.0707247 -0.181741 0.381061 0.618757 0.686973 0.426588 0.16008 -0.304787 0.938871 0.370831 -0.775623 0.549475 0.310623 -0.528794 -0.61056 -0.777934 -0.14844 0.432481 
1533674433762 -0.108263 0.955761 -0.273496 -0.619604 -0.986767 -0.0699105 0.146301 -0.251237 0.120709 0.285716 0.950682 0.393687 0.31622 -0.384863 0.867113 0.400795 -0.930002 -0.306262 0.203222 -0.504304 0.187351 -0.87068 -0.45477 0.485867 
1533674433782 -0.0307976 0.999227 -0.0244487 -0.641346 -0.994239 -0.028113 0.103435 -0.24718 0.102667 0.0274934 0.994336 0.379774 0.31622 -0.384863 0.867113 0.400795 -0.930002 -0.306262 0.203222 -0.504304 0.187351 -0.87068 -0.45477 0.485867 
1533674433802 0.0396037 0.972788 0.228286 -0.663415 -0.997101 0.0236181 0.0723368 -0.243158 0.0649768 -0.230489 0.970903 0.366936 0.31622 -0.384863 0.867113 0.400795 -0.930002 -0.306262 0.203222 -0.504304 0.187351 -0.87068 -0.45477 0.485867 
1533674433822 0.0978402 0.878134 0.468303 -0.682887 -0.995149 0.081469 0.0551457 -0.238534 0.0102731 -0.471427 0.881845 0.352953 0.31622 -0.384863 0.867113 0.400795 -0.930002 -0.306262 0.203222 -0.504304 0.187351 -0.87068 -0.45477 0.485867 
1533674433849 0.137355 0.732356 0.666924 -0.657895 -0.988698 0.142205 0.0474682 -0.223979 -0.0600765 -0.665907 0.743612 0.361146 0.31622 -0.384863 0.867113 0.400795 -0.930002 -0.306262 0.203222 -0.504304 0.187352 -0.87068 -0.454769 0.485867 
1533674433869 0.155703 0.540661 0.826706 -0.632615 -0.978169 0.200998 0.0527781 -0.216141 -0.137631 -0.816876 0.560154 0.36765 0.31622 -0.384863 0.867113 0.400796 -0.930002 -0.306262 0.203222 -0.504305 0.187351 -0.87068 -0.454769 0.485868 
1533674433889 0.146498 0.311134 0.939007 -0.609237 -0.964951 0.253884 0.0664231 -0.21993 -0.217732 -0.915827 0.337422 0.364982 0.31622 -0.384863 0.867113 0.400795 -0.930002 -0.306262 0.203222 -0.504304 0.187352 -0.87068 -0.454769 0.485867 
1533674433909 0.0935974 0.0239501 0.995322 -0.589754 -0.952348 0.293646 0.0824903 -0.239826 -0.290297 -0.955614 0.0502934 0.305356 0.31622 -0.384863 0.867113 0.400795 -0.930002 -0.306262 0.203222 -0.504304 0.187351 -0.87068 -0.454769 0.485867 
1533674433932 0.165376 -0.225236 0.960166 -0.597232 -0.91995 0.315655 0.232495 -0.105437 -0.355447 -0.921754 -0.155005 0.353042 0.31622 -0.384863 0.867113 0.400795 -0.930002 -0.306262 0.203222 -0.504304 0.187351 -0.87068 -0.454769 0.485867 
1533674433987 0.165376 -0.225236 0.960166 -0.597232 -0.91995 0.315655 0.232495 -0.105437 -0.355447 -0.921754 -0.155005 0.353042 0.31622 -0.384863 0.867113 0.400795 -0.930002 -0.306262 0.203222 -0.504304 0.187351 -0.87068 -0.454769 0.485867 
1533674433997 0.117491 -0.455619 0.882387 -0.582773 -0.902711 0.321327 0.286115 -0.0978657 -0.413894 -0.830156 -0.37354 0.36726 0.31622 -0.384863 0.867113 0.400795 -0.930002 -0.306262 0.203222 -0.504304 0.187351 -0.87068 -0.454769 0.485867 
1533674434010 0.117491 -0.45562 0.882387 -0.582773 -0.902711 0.321328 0.286115 -0.0978657 -0.413895 -0.830156 -0.37354 0.36726 0.31622 -0.384863 0.867113 0.400795 -0.930002 -0.306262 0.203222 -0.504304 0.187351 -0.87068 -0.454769 0.485867 
1533674434027 0.117491 -0.45562 0.882387 -0.582773 -0.90271 0.321328 0.286115 -0.0978658 -0.413896 -0.830156 -0.37354 0.36726 0.31622 -0.384863 0.867113 0.400795 -0.930002 -0.306262 0.203222 -0.504304 0.187351 -0.87068 -0.454769 0.485867 
1533674434037 0.117491 -0.45562 0.882387 -0.582773 -0.90271 0.321329 0.286115 -0.0978658 -0.413896 -0.830155 -0.37354 0.36726 0.31622 -0.384863 0.867113 0.400795 -0.930002 -0.306262 0.203222 -0.504304 0.187351 -0.87068 -0.454769 0.485867 
1533674434047 0.117491 -0.455621 0.882386 -0.582773 -0.90271 0.32133 0.286116 -0.0978659 -0.413897 -0.830155 -0.37354 0.36726 0.31622 -0.384863 0.867113 0.400795 -0.930002 -0.306262 0.203222 -0.504304 0.187351 -0.87068 -0.454769 0.485867 
1533674434067 0.117491 -0.455621 0.882386 -0.582773 -0.90271 0.32133 0.286116 -0.0978659 -0.413898 -0.830155 -0.37354 0.36726 0.31622 -0.384863 0.867113 0.400795 -0.930002 -0.306262 0.203222 -0.504304 0.187351 -0.87068 -0.454769 0.485867 
1533674434087 0.117491 -0.455621 0.882386 -0.582773 -0.902709 0.321331 0.286116 -0.097866 -0.413898 -0.830154 -0.37354 0.36726 0.31622 -0.384863 0.867113 0.400795 -0.930002 -0.306262 0.203222 -0.504304 0.187351 -0.87068 -0.454769 0.485867 
1533674434107 0.11749 -0.455621 0.882386 -0.582773 -0.902709 0.321331 0.286116 -0.097866 -0.413899 -0.830154 -0.37354 0.36726 0.31622 -0.384863 0.867113 0.400795 -0.930002 -0.306262 0.203222 -0.504304 0.187351 -0.87068 -0.454769 0.485867 
1533674434117 0.117394 -0.455205 0.882614 -0.582122 -0.902815 0.321316 0.285799 -0.0981382 -0.413695 -0.830388 -0.373245 0.367607 0.31622 -0.384863 0.867113 0.400795 -0.930002 -0.306262 0.203222 -0.504304 0.187351 -0.87068 -0.454769 0.485867 
