1534188177624 -0.336256 0.90042 -0.276001 -0.572954 -0.932004 -0.276061 0.234858 -0.276443 0.135277 0.336207 0.932022 0.365595 0.16008 -0.304787 0.938871 0.370831 -0.775623 0.549475 0.310623 -0.528794 -0.61056 -0.777934 -0.14844 0.432481 
1534188177637 -0.288622 0.908223 -0.303033 -0.57663 -0.946577 -0.223129 0.232819 -0.271585 0.143836 0.354041 0.924103 0.370284 0.316225 -0.384867 0.86711 0.400813 -0.930002 -0.30626 0.203228 -0.504337 0.187345 -0.870679 -0.454774 0.485882 
1534188178545 -0.240427 0.912926 -0.329789 -0.580306 -0.958479 -0.169614 0.229237 -0.266726 0.153339 0.37121 0.9158 0.374972 0.316225 -0.384867 0.86711 0.400813 -0.930002 -0.30626 0.203228 -0.504337 0.187345 -0.870679 -0.454774 0.485882 
1534188179460 -0.191831 0.914515 -0.35618 -0.583981 -0.96767 -0.115691 0.224123 -0.261868 0.163757 0.387658 0.907141 0.379661 0.316225 -0.384867 0.86711 0.400813 -0.930002 -0.30626 0.203228 -0.504337 0.187345 -0.870679 -0.454774 0.485882 
1534188180382 -0.14299 0.912983 -0.38212 -0.587658 -0.97412 -0.0615355 0.217494 -0.25701 0.175055 0.403331 0.898154 0.38435 0.316225 -0.384867 0.86711 0.400813 -0.930002 -0.30626 0.203228 -0.504337 0.187345 -0.870679 -0.454774 0.485882 
1534188181333 -0.094066 0.908336 -0.407525 -0.591334 -0.977809 -0.00732543 0.209373 -0.252152 0.187195 0.418176 0.888868 0.389038 0.316225 -0.384867 0.86711 0.400813 -0.930002 -0.30626 0.203228 -0.504337 0.187345 -0.870679 -0.454774 0.485882 
1534188182280 -0.0452174 0.90059 -0.432312 -0.595012 -0.978723 0.0467625 0.199785 -0.247296 0.20014 0.432147 0.879314 0.393726 0.316225 -0.384867 0.86711 0.400813 -0.930002 -0.30626 0.203228 -0.504337 0.187345 -0.870679 -0.454774 0.485882 
1534188183260 0.00339562 0.889769 -0.456398 -0.598691 -0.976862 0.100551 0.188762 -0.24244 0.213846 0.445197 0.869523 0.398414 0.316225 -0.384867 0.86711 0.400813 -0.930002 -0.30626 0.203228 -0.504337 0.187345 -0.870679 -0.454774 0.485882 
1534188183266 0.0516141 0.87591 -0.479706 -0.602372 -0.972229 0.153865 0.17634 -0.237587 0.228268 0.457283 0.859527 0.403101 0.316225 -0.384867 0.86711 0.400813 -0.930002 -0.30626 0.203228 -0.504337 0.187345 -0.870679 -0.454774 0.485882 
1534188184666 0.0989728 0.859274 -0.50185 -0.607338 -0.964834 0.206282 0.162918 -0.233742 0.243514 0.468078 0.849473 0.407424 0.316379 -0.384993 0.866998 0.401317 -0.929989 -0.306181 0.203405 -0.505249 0.187149 -0.870651 -0.454908 0.48631 
1534188185700 0.0987317 0.859424 -0.50164 -0.607227 -0.964742 0.20626 0.163491 -0.233891 0.243976 0.467812 0.849487 0.407292 0.316379 -0.384993 0.866998 0.401317 -0.929989 -0.306181 0.203405 -0.505249 0.187149 -0.870651 -0.454908 0.48631 
1534188185712 0.103519 0.857542 -0.50389 -0.607477 -0.963864 0.211515 0.16195 -0.233289 0.245459 0.468917 0.84845 0.407811 0.31622 -0.384863 0.867113 0.400797 -0.930002 -0.306262 0.203222 -0.504307 0.187351 -0.87068 -0.45477 0.485868 
1534188186083 0.1083 0.855629 -0.506132 -0.607722 -0.962958 0.216762 0.160392 -0.232684 0.246946 0.470014 0.847411 0.40833 0.31622 -0.384863 0.867113 0.400796 -0.930002 -0.306262 0.203222 -0.504306 0.187351 -0.87068 -0.454769 0.485868 
1534188186454 0.113074 0.853687 -0.508363 -0.607969 -0.962025 0.222 0.158821 -0.232079 0.24844 0.4711 0.84637 0.40885 0.31622 -0.384863 0.867113 0.400796 -0.930002 -0.306262 0.203222 -0.504305 0.187351 -0.87068 -0.45477 0.485867 
1534188186820 0.11784 0.851714 -0.510585 -0.608214 -0.961064 0.22723 0.157237 -0.231474 0.249941 0.472176 0.845328 0.409369 0.316221 -0.384863 0.867113 0.400795 -0.930002 -0.306262 0.203223 -0.504305 0.187351 -0.87068 -0.45477 0.485867 
1534188187171 0.122599 0.849711 -0.512796 -0.608459 -0.960075 0.23245 0.155639 -0.230869 0.251448 0.473241 0.844285 0.409889 0.31622 -0.384863 0.867113 0.400795 -0.930002 -0.306262 0.203222 -0.504305 0.187352 -0.87068 -0.454769 0.485867 
1534188187522 0.12735 0.847679 -0.514997 -0.608706 -0.959058 0.237661 0.154028 -0.230265 0.252961 0.474296 0.84324 0.410409 0.31622 -0.384863 0.867113 0.400795 -0.930002 -0.306262 0.203222 -0.504305 0.187352 -0.87068 -0.454769 0.485867 
1534188187870 0.132093 0.845617 -0.517187 -0.608951 -0.958014 0.242862 0.152404 -0.229659 0.254481 0.475341 0.842194 0.410929 0.31622 -0.384863 0.867113 0.400795 -0.930002 -0.306262 0.203222 -0.504304 0.187352 -0.87068 -0.454769 0.485867 
1534188188241 0.136828 0.843526 -0.519367 -0.609197 -0.956942 0.248053 0.150767 -0.229054 0.256007 0.476375 0.841146 0.411448 0.31622 -0.384863 0.867113 0.400795 -0.930002 -0.306262 0.203222 -0.504304 0.187352 -0.87068 -0.454769 0.485867 
1534188188616 0.141554 0.841405 -0.521537 -0.609442 -0.955843 0.253235 0.149116 -0.228449 0.257538 0.477399 0.840098 0.411968 0.31622 -0.384863 0.867113 0.400795 -0.930002 -0.306262 0.203222 -0.504304 0.187351 -0.87068 -0.454769 0.485867 
1534188188997 0.141323 0.841644 -0.521214 -0.609372 -0.955919 0.252905 0.149194 -0.2286 0.257386 0.477153 0.840284 0.41188 0.31622 -0.384863 0.867113 0.400795 -0.930002 -0.306262 0.203222 -0.504304 0.187351 -0.87068 -0.454769 0.485867 
1534188189010 0.142164 0.841751 -0.520812 -0.60941 -0.955759 0.253616 0.149011 -0.228562 0.257516 0.476587 0.840566 0.411812 0.31622 -0.384863 0.867113 0.400795 -0.930002 -0.306262 0.203222 -0.504304 0.187351 -0.87068 -0.454769 0.485867 
1534188189026 0.143006 0.841857 -0.52041 -0.609447 -0.955598 0.254328 0.148827 -0.228522 0.257646 0.47602 0.840847 0.411744 0.31622 -0.384863 0.867113 0.400795 -0.930002 -0.306262 0.203222 -0.504304 0.187351 -0.87068 -0.454769 0.485867 
1534188189143 0.143848 0.841962 -0.520008 -0.609485 -0.955437 0.255039 0.148643 -0.228481 0.257774 0.475453 0.841128 0.411677 0.31622 -0.384863 0.867113 0.400795 -0.930002 -0.306262 0.203222 -0.504304 0.187351 -0.87068 -0.454769 0.485867 
1534188189149 0.14469 0.842066 -0.519606 -0.609522 -0.955275 0.255751 0.14846 -0.22844 0.257903 0.474886 0.841409 0.41161 0.31622 -0.384863 0.867113 0.400795 -0.930002 -0.306262 0.203222 -0.504304 0.187351 -0.87068 -0.454769 0.485867 
1534188189306 0.145532 0.842169 -0.519203 -0.609559 -0.955113 0.256463 0.148277 -0.228399 0.25803 0.474319 0.84169 0.411542 0.31622 -0.384863 0.867113 0.400795 -0.930002 -0.306262 0.203222 -0.504304 0.187351 -0.87068 -0.454769 0.485867 
1534188189355 0.146373 0.842271 -0.5188 -0.609597 -0.95495 0.257174 0.148094 -0.228359 0.258158 0.473751 0.84197 0.411475 0.31622 -0.384863 0.867113 0.400795 -0.930002 -0.306262 0.203222 -0.504304 0.187351 -0.87068 -0.454769 0.485867 
1534188189455 0.147215 0.842373 -0.518397 -0.609633 -0.954786 0.257886 0.147912 -0.228317 0.258284 0.473184 0.842251 0.411408 0.31622 -0.384863 0.867113 0.400795 -0.930002 -0.306262 0.203222 -0.504304 0.187351 -0.87068 -0.454769 0.485867 
1534188189462 0.148057 0.842473 -0.517994 -0.60967 -0.954622 0.258597 0.14773 -0.228277 0.25841 0.472616 0.842531 0.411341 0.31622 -0.384863 0.867113 0.400795 -0.930002 -0.306262 0.203222 -0.504304 0.187351 -0.87068 -0.454769 0.485867 
1534188189611 0.148898 0.842573 -0.51759 -0.609708 -0.954457 0.259309 0.147548 -0.228237 0.258536 0.472048 0.842811 0.411273 0.31622 -0.384863 0.867113 0.400795 -0.930002 -0.306262 0.203222 -0.504304 0.187351 -0.87068 -0.454769 0.485867 
1534188189686 0.148009 0.842411 -0.518109 -0.609646 -0.954682 0.25848 0.147546 -0.228383 0.258215 0.472792 0.842492 0.411326 0.31622 -0.384863 0.867113 0.400795 -0.930002 -0.306262 0.203222 -0.504304 0.187351 -0.87068 -0.454769 0.485867 
1534188189699 0.14833 0.842683 -0.517575 -0.609598 -0.954578 0.258761 0.147729 -0.228382 0.258418 0.472153 0.842788 0.411274 0.31622 -0.384863 0.867113 0.400795 -0.930002 -0.306262 0.203222 -0.504304 0.187351 -0.87068 -0.454769 0.485867 
1534188189716 0.148651 0.842955 -0.51704 -0.609555 -0.954473 0.259042 0.147915 -0.228386 0.258621 0.471513 0.843084 0.411221 0.31622 -0.384863 0.867113 0.400795 -0.930002 -0.306262 0.203222 -0.504304 0.187351 -0.87068 -0.454769 0.485867 
1534188189797 0.148971 0.843227 -0.516504 -0.609514 -0.954368 0.259323 0.148102 -0.228391 0.258825 0.470872 0.84338 0.411167 0.31622 -0.384863 0.867113 0.400795 -0.930002 -0.306262 0.203222 -0.504304 0.187351 -0.87068 -0.454769 0.485867 
1534188189871 0.149291 0.843498 -0.515968 -0.609471 -0.954262 0.259604 0.148288 -0.228395 0.259028 0.470231 0.843675 0.411113 0.31622 -0.384863 0.867113 0.400795 -0.930002 -0.306262 0.203222 -0.504304 0.187351 -0.87068 -0.454769 0.485867 
1534188189933 0.149612 0.843769 -0.515433 -0.609428 -0.954157 0.259884 0.148475 -0.228397 0.259231 0.46959 0.84397 0.41106 0.31622 -0.384863 0.867113 0.400795 -0.930002 -0.306262 0.203222 -0.504304 0.187351 -0.87068 -0.454769 0.485867 
1534188190012 0.149933 0.844039 -0.514896 -0.609385 -0.954051 0.260165 0.148662 -0.228402 0.259434 0.468948 0.844264 0.411006 0.31622 -0.384863 0.867113 0.400795 -0.930002 -0.306262 0.203222 -0.504304 0.187351 -0.87068 -0.454769 0.485867 
1534188190080 0.150254 0.844309 -0.51436 -0.609342 -0.953946 0.260445 0.148848 -0.228405 0.259636 0.468307 0.844558 0.410953 0.31622 -0.384863 0.867113 0.400795 -0.930002 -0.306262 0.203222 -0.504304 0.187351 -0.87068 -0.454769 0.485867 
1534188190148 0.150575 0.844578 -0.513824 -0.6093 -0.95384 0.260725 0.149036 -0.228409 0.259839 0.467665 0.844851 0.410899 0.31622 -0.384863 0.867113 0.400795 -0.930002 -0.306262 0.203222 -0.504304 0.187351 -0.87068 -0.45477 0.485867 
1534188190219 0.150896 0.844847 -0.513287 -0.609257 -0.953734 0.261005 0.149223 -0.228413 0.260041 0.467023 0.845144 0.410846 0.31622 -0.384863 0.867113 0.400795 -0.930002 -0.306262 0.203222 -0.504304 0.187351 -0.87068 -0.45477 0.485867 
1534188190287 0.150575 0.844426 -0.514074 -0.609296 -0.953849 0.260753 0.148928 -0.22846 0.259805 0.467925 0.844718 0.410923 0.31622 -0.384863 0.867113 0.400795 -0.930002 -0.306262 0.203222 -0.504304 0.187351 -0.87068 -0.45477 0.485867 
1534188190300 0.150334 0.844388 -0.514208 -0.609216 -0.953876 0.260589 0.149042 -0.228581 0.259846 0.468084 0.844617 0.410964 0.31622 -0.384863 0.867113 0.400795 -0.930002 -0.306262 0.203222 -0.504304 0.187351 -0.87068 -0.45477 0.485867 
1534188190316 0.150091 0.84435 -0.51434 -0.609136 -0.953903 0.260425 0.149157 -0.228705 0.259888 0.468243 0.844516 0.411004 0.31622 -0.384863 0.867113 0.400795 -0.930002 -0.306262 0.203222 -0.504304 0.187351 -0.87068 -0.45477 0.485867 
1534188190333 0.149847 0.844313 -0.514472 -0.609055 -0.95393 0.26026 0.149273 -0.228829 0.25993 0.468402 0.844415 0.411044 0.31622 -0.384863 0.867113 0.400795 -0.930002 -0.306262 0.203222 -0.504304 0.187351 -0.87068 -0.45477 0.485867 
1534188190456 0.149604 0.844276 -0.514603 -0.608976 -0.953957 0.260095 0.149389 -0.228953 0.259972 0.46856 0.844314 0.411084 0.31622 -0.384863 0.867113 0.400795 -0.930002 -0.306262 0.203222 -0.504304 0.187351 -0.87068 -0.45477 0.485867 
1534188190472 0.149361 0.844239 -0.514735 -0.608896 -0.953983 0.259931 0.149505 -0.229076 0.260013 0.468719 0.844213 0.411124 0.31622 -0.384863 0.867113 0.400795 -0.930002 -0.306262 0.203222 -0.504304 0.187351 -0.87068 -0.45477 0.485867 
1534188190519 0.149118 0.844201 -0.514867 -0.608816 -0.95401 0.259766 0.14962 -0.2292 0.260055 0.468877 0.844112 0.411164 0.31622 -0.384863 0.867113 0.400795 -0.930002 -0.306262 0.203222 -0.504304 0.187351 -0.87068 -0.45477 0.485867 
1534188190594 0.148875 0.844164 -0.514999 -0.608737 -0.954037 0.259601 0.149737 -0.229325 0.260097 0.469036 0.844011 0.411203 0.31622 -0.384863 0.867113 0.400795 -0.930002 -0.306262 0.203222 -0.504304 0.187351 -0.87068 -0.45477 0.485867 
1534188190641 0.148632 0.844126 -0.51513 -0.608657 -0.954063 0.259437 0.149852 -0.229448 0.260138 0.469194 0.84391 0.411243 0.31622 -0.384863 0.867113 0.400795 -0.930002 -0.306262 0.203222 -0.504304 0.187351 -0.87068 -0.45477 0.485867 
1534188190691 0.148388 0.844089 -0.515262 -0.608578 -0.95409 0.259272 0.149969 -0.229573 0.26018 0.469352 0.84381 0.411283 0.31622 -0.384863 0.867113 0.400795 -0.930002 -0.306262 0.203222 -0.504304 0.187351 -0.87068 -0.45477 0.485867 
1534188190746 0.148922 0.844123 -0.515052 -0.608759 -0.954065 0.259587 0.149582 -0.229358 0.259966 0.469117 0.844007 0.411149 0.31622 -0.384863 0.867113 0.400795 -0.930002 -0.306262 0.203222 -0.504304 0.187351 -0.87068 -0.45477 0.485867 
1534188190757 0.148456 0.843978 -0.515424 -0.608607 -0.954126 0.259274 0.149732 -0.22959 0.260007 0.469551 0.843753 0.411174 0.31622 -0.384863 0.867113 0.400795 -0.930002 -0.306262 0.203222 -0.504304 0.187351 -0.87068 -0.45477 0.485867 
1534188190775 0.147989 0.843833 -0.515796 -0.608453 -0.954188 0.25896 0.149884 -0.229826 0.260047 0.469985 0.843498 0.411198 0.31622 -0.384863 0.867113 0.400795 -0.930002 -0.306262 0.203222 -0.504304 0.187351 -0.87068 -0.45477 0.485867 
1534188190781 0.147521 0.843688 -0.516167 -0.608298 -0.954249 0.258645 0.150036 -0.230062 0.260088 0.470419 0.843244 0.411222 0.31622 -0.384863 0.867113 0.400795 -0.930002 -0.306262 0.203222 -0.504304 0.187351 -0.87068 -0.45477 0.485867 
1534188190941 0.147053 0.843542 -0.516538 -0.608144 -0.95431 0.258331 0.150189 -0.230299 0.260128 0.470852 0.84299 0.411245 0.31622 -0.384863 0.867113 0.400795 -0.930002 -0.306262 0.203222 -0.504304 0.187351 -0.87068 -0.45477 0.485867 
1534188190947 0.146586 0.843396 -0.516909 -0.60799 -0.954371 0.258017 0.150341 -0.230534 0.260168 0.471286 0.842735 0.411269 0.31622 -0.384863 0.867113 0.400795 -0.930002 -0.306262 0.203222 -0.504304 0.187351 -0.87068 -0.45477 0.485867 
1534188191096 0.146119 0.84325 -0.51728 -0.607836 -0.954432 0.257703 0.150493 -0.230769 0.260208 0.471719 0.84248 0.411293 0.31622 -0.384863 0.867113 0.400795 -0.930002 -0.306262 0.203222 -0.504304 0.187351 -0.87068 -0.45477 0.485867 
1534188191164 0.145651 0.843103 -0.517651 -0.607682 -0.954493 0.257388 0.150646 -0.231006 0.260248 0.472152 0.842225 0.411317 0.31622 -0.384863 0.867113 0.400795 -0.930002 -0.306262 0.203222 -0.504304 0.187351 -0.87068 -0.45477 0.485867 
1534188191266 0.145184 0.842956 -0.518021 -0.607528 -0.954554 0.257074 0.150799 -0.231241 0.260287 0.472586 0.84197 0.41134 0.31622 -0.384863 0.867113 0.400795 -0.930002 -0.306262 0.203222 -0.504304 0.187351 -0.87068 -0.45477 0.485867 
1534188191327 0.144716 0.842809 -0.518392 -0.607374 -0.954614 0.25676 0.150952 -0.231477 0.260326 0.473019 0.841715 0.411364 0.31622 -0.384863 0.867113 0.400795 -0.930002 -0.306262 0.203222 -0.504304 0.187351 -0.87068 -0.45477 0.485867 
1534188191429 0.145059 0.843006 -0.517976 -0.607596 -0.954581 0.256943 0.150846 -0.23108 0.260254 0.472568 0.84199 0.411269 0.31622 -0.384863 0.867113 0.400795 -0.930002 -0.306262 0.203222 -0.504304 0.187351 -0.87068 -0.45477 0.485867 
1534188191438 0.144702 0.843038 -0.518023 -0.607309 -0.954603 0.256705 0.151112 -0.231187 0.260372 0.47264 0.841913 0.411276 0.31622 -0.384863 0.867113 0.400795 -0.930002 -0.306262 0.203222 -0.504304 0.187351 -0.87068 -0.45477 0.485867 
1534188191454 0.144345 0.84307 -0.518071 -0.607017 -0.954625 0.256467 0.151377 -0.231291 0.260489 0.472713 0.841836 0.411283 0.31622 -0.384863 0.867113 0.400795 -0.930002 -0.306262 0.203222 -0.504304 0.187351 -0.87068 -0.45477 0.485867 
1534188191574 0.143989 0.843101 -0.518119 -0.606726 -0.954647 0.256229 0.151642 -0.231395 0.260606 0.472786 0.841758 0.41129 0.31622 -0.384863 0.867113 0.400795 -0.930002 -0.306262 0.203222 -0.504304 0.187351 -0.87068 -0.45477 0.485867 
1534188191665 0.143632 0.843132 -0.518167 -0.606434 -0.954669 0.255991 0.151906 -0.231499 0.260723 0.47286 0.841681 0.411298 0.31622 -0.384863 0.867113 0.400795 -0.930002 -0.306262 0.203222 -0.504304 0.187351 -0.87068 -0.45477 0.485867 
1534188191746 0.143276 0.843164 -0.518215 -0.606141 -0.954691 0.255753 0.152171 -0.231603 0.26084 0.472933 0.841604 0.411305 0.31622 -0.384863 0.867113 0.400795 -0.930002 -0.306262 0.203222 -0.504304 0.187351 -0.87068 -0.45477 0.485867 
1534188191828 0.142919 0.843195 -0.518263 -0.605851 -0.954712 0.255515 0.152436 -0.231708 0.260957 0.473006 0.841526 0.411313 0.31622 -0.384863 0.867113 0.400795 -0.930002 -0.306262 0.203222 -0.504304 0.187351 -0.87068 -0.45477 0.485867 
1534188191835 0.142563 0.843226 -0.518311 -0.605558 -0.954734 0.255277 0.152701 -0.231811 0.261074 0.47308 0.841449 0.41132 0.31622 -0.384863 0.867113 0.400795 -0.930002 -0.306262 0.203222 -0.504304 0.187351 -0.87068 -0.45477 0.485867 
1534188191992 0.142206 0.843257 -0.518359 -0.605267 -0.954755 0.255039 0.152966 -0.231916 0.261191 0.473153 0.841371 0.411328 0.31622 -0.384863 0.867113 0.400795 -0.930002 -0.306262 0.203222 -0.504304 0.187351 -0.87068 -0.45477 0.485867 
1534188192037 0.141849 0.843288 -0.518406 -0.604976 -0.954776 0.2548 0.153231 -0.23202 0.261308 0.473226 0.841294 0.411335 0.31622 -0.384863 0.867113 0.400795 -0.930002 -0.306262 0.203222 -0.504304 0.187351 -0.87068 -0.45477 0.485867 
1534188192159 0.14228 0.843226 -0.518387 -0.605329 -0.954747 0.255102 0.152911 -0.231881 0.26118 0.473173 0.841364 0.411274 0.31622 -0.384863 0.867113 0.400795 -0.930002 -0.306262 0.203222 -0.504304 0.187351 -0.87068 -0.45477 0.485867 
1534188192169 0.141819 0.843305 -0.518386 -0.605037 -0.954817 0.254704 0.153133 -0.231939 0.261172 0.473247 0.841324 0.411315 0.31622 -0.384863 0.867113 0.400795 -0.930002 -0.306262 0.203222 -0.504304 0.187351 -0.87068 -0.45477 0.485867 
1534188192188 0.141358 0.843383 -0.518385 -0.604742 -0.954888 0.254306 0.153354 -0.231996 0.261165 0.473322 0.841284 0.411356 0.31622 -0.384863 0.867113 0.400795 -0.930002 -0.306262 0.203222 -0.504304 0.187351 -0.87068 -0.45477 0.485867 
1534188192203 0.140897 0.84346 -0.518385 -0.604445 -0.954958 0.253909 0.153575 -0.232052 0.261157 0.473398 0.841244 0.411398 0.31622 -0.384863 0.867113 0.400795 -0.930002 -0.306262 0.203222 -0.504304 0.187351 -0.87068 -0.45477 0.485867 
1534188192369 0.140436 0.843537 -0.518384 -0.60415 -0.955028 0.253511 0.153797 -0.232108 0.26115 0.473473 0.841204 0.411439 0.31622 -0.384863 0.867113 0.400795 -0.930002 -0.306262 0.203222 -0.504304 0.187351 -0.87068 -0.45477 0.485867 
1534188192427 0.139975 0.843614 -0.518384 -0.603854 -0.955098 0.253114 0.154018 -0.232164 0.261142 0.473549 0.841164 0.411481 0.31622 -0.384863 0.867113 0.400795 -0.930002 -0.306262 0.203222 -0.504304 0.187351 -0.87068 -0.45477 0.485867 
1534188192530 0.139514 0.843691 -0.518383 -0.603557 -0.955167 0.252716 0.154239 -0.232219 0.261134 0.473624 0.841124 0.411523 0.31622 -0.384863 0.867113 0.400795 -0.930002 -0.306262 0.203222 -0.504304 0.187351 -0.87068 -0.45477 0.485867 
1534188192584 0.139053 0.843768 -0.518382 -0.603262 -0.955237 0.252319 0.154461 -0.232275 0.261127 0.473699 0.841084 0.411565 0.31622 -0.384863 0.867113 0.400795 -0.930002 -0.306262 0.203222 -0.504304 0.187351 -0.87068 -0.45477 0.485867 
1534188192689 0.138592 0.843844 -0.518381 -0.602966 -0.955306 0.251921 0.154682 -0.232332 0.261119 0.473775 0.841044 0.411606 0.31622 -0.384863 0.867113 0.400795 -0.930002 -0.306262 0.203222 -0.504304 0.187351 -0.87068 -0.45477 0.485867 
1534188192732 0.138131 0.84392 -0.51838 -0.602669 -0.955375 0.251523 0.154903 -0.232387 0.261111 0.47385 0.841004 0.411648 0.31622 -0.384863 0.867113 0.400795 -0.930002 -0.306262 0.203222 -0.504304 0.187351 -0.87068 -0.45477 0.485867 
1534188192856 0.138678 0.843844 -0.518359 -0.603012 -0.955312 0.251958 0.154587 -0.23232 0.261052 0.473757 0.841075 0.411628 0.31622 -0.384863 0.867113 0.400795 -0.930002 -0.306262 0.203222 -0.504304 0.187351 -0.87068 -0.45477 0.485867 
1534188192868 0.138422 0.843809 -0.518485 -0.6028 -0.955417 0.251638 0.154457 -0.232334 0.260803 0.473989 0.841021 0.411664 0.31622 -0.384863 0.867113 0.400795 -0.930002 -0.306262 0.203222 -0.504304 0.187351 -0.87068 -0.45477 0.485867 
1534188192874 0.138166 0.843773 -0.518611 -0.602583 -0.955522 0.251319 0.154326 -0.232345 0.260553 0.474222 0.840967 0.411701 0.31622 -0.384863 0.867113 0.400795 -0.930002 -0.306262 0.203222 -0.504304 0.187351 -0.87068 -0.45477 0.485867 
1534188192888 0.13791 0.843737 -0.518738 -0.602366 -0.955627 0.251 0.154196 -0.232356 0.260304 0.474455 0.840913 0.411738 0.31622 -0.384863 0.867113 0.400795 -0.930002 -0.306262 0.203222 -0.504304 0.187351 -0.87068 -0.45477 0.485867 
1534188193046 0.137655 0.843701 -0.518865 -0.602149 -0.955732 0.250681 0.154065 -0.232366 0.260054 0.474688 0.840859 0.411775 0.31622 -0.384863 0.867113 0.400795 -0.930002 -0.306262 0.203222 -0.504304 0.187351 -0.87068 -0.45477 0.485867 
1534188193099 0.137399 0.843664 -0.518991 -0.601932 -0.955836 0.250362 0.153934 -0.232376 0.259804 0.47492 0.840805 0.411812 0.31622 -0.384863 0.867113 0.400795 -0.930002 -0.306262 0.203222 -0.504304 0.187351 -0.87068 -0.45477 0.485867 
1534188193192 0.137143 0.843628 -0.519118 -0.601716 -0.955941 0.250043 0.153804 -0.232387 0.259555 0.475153 0.84075 0.411849 0.31622 -0.384863 0.867113 0.400795 -0.930002 -0.306262 0.203222 -0.504304 0.187351 -0.87068 -0.45477 0.485867 
1534188193250 0.136888 0.843591 -0.519245 -0.601498 -0.956045 0.249724 0.153673 -0.232397 0.259305 0.475386 0.840696 0.411886 0.31622 -0.384863 0.867113 0.400795 -0.930002 -0.306262 0.203222 -0.504304 0.187351 -0.87068 -0.45477 0.485867 
1534188193257 0.136632 0.843555 -0.519372 -0.601282 -0.95615 0.249404 0.153542 -0.232408 0.259055 0.475618 0.840641 0.411923 0.31622 -0.384863 0.867113 0.400795 -0.930002 -0.306262 0.203222 -0.504304 0.187351 -0.87068 -0.45477 0.485867 
1534188193392 0.136377 0.843518 -0.519499 -0.601064 -0.956254 0.249085 0.153412 -0.232418 0.258805 0.475851 0.840587 0.411961 0.31622 -0.384863 0.867113 0.400795 -0.930002 -0.306262 0.203222 -0.504304 0.187351 -0.87068 -0.45477 0.485867 
1534188193449 0.136611 0.843691 -0.519156 -0.601326 -0.956112 0.249421 0.153748 -0.232348 0.259204 0.475368 0.840737 0.411945 0.31622 -0.384863 0.867113 0.400795 -0.930002 -0.306262 0.203222 -0.504304 0.187351 -0.87068 -0.45477 0.485867 
1534188193462 0.136438 0.843757 -0.519094 -0.601182 -0.956126 0.249282 0.153887 -0.23237 0.259244 0.475323 0.84075 0.411948 0.31622 -0.384863 0.867113 0.400795 -0.930002 -0.306262 0.203222 -0.504304 0.187351 -0.87068 -0.45477 0.485867 
1534188193478 0.136265 0.843822 -0.519035 -0.601031 -0.95614 0.249143 0.154025 -0.232392 0.259283 0.475282 0.840761 0.411951 0.31622 -0.384863 0.867113 0.400795 -0.930002 -0.306262 0.203222 -0.504304 0.187351 -0.87068 -0.45477 0.485867 
1534188193495 0.136092 0.843886 -0.518975 -0.600882 -0.956154 0.249005 0.154163 -0.232413 0.259323 0.47524 0.840773 0.411954 0.31622 -0.384863 0.867113 0.400795 -0.930002 -0.306262 0.203222 -0.504304 0.187351 -0.87068 -0.45477 0.485867 
1534188193512 0.13592 0.843951 -0.518915 -0.600732 -0.956168 0.248866 0.154301 -0.232434 0.259363 0.475197 0.840784 0.411957 0.31622 -0.384863 0.867113 0.400795 -0.930002 -0.306262 0.203222 -0.504304 0.187351 -0.87068 -0.45477 0.485867 
1534188193541 0.135747 0.844016 -0.518855 -0.600584 -0.956182 0.248728 0.154439 -0.232455 0.259402 0.475155 0.840796 0.41196 0.31622 -0.384863 0.867113 0.400795 -0.930002 -0.306262 0.203222 -0.504304 0.187351 -0.87068 -0.45477 0.485867 
1534188193617 0.135575 0.84408 -0.518795 -0.600433 -0.956195 0.248589 0.154576 -0.232475 0.259442 0.475113 0.840808 0.411963 0.31622 -0.384863 0.867113 0.400795 -0.930002 -0.306262 0.203222 -0.504304 0.187351 -0.87068 -0.45477 0.485867 
1534188193645 0.135402 0.844145 -0.518735 -0.600284 -0.956209 0.248451 0.154714 -0.232497 0.259481 0.475071 0.84082 0.411966 0.31622 -0.384863 0.867113 0.400795 -0.930002 -0.306262 0.203222 -0.504304 0.187351 -0.87068 -0.45477 0.485867 
1534188193690 0.13523 0.844209 -0.518675 -0.600134 -0.956223 0.248312 0.154852 -0.232517 0.259521 0.475029 0.840831 0.41197 0.31622 -0.384863 0.867113 0.400795 -0.930002 -0.306262 0.203222 -0.504304 0.187351 -0.87068 -0.45477 0.485867 
1534188193738 0.135057 0.844274 -0.518615 -0.599985 -0.956236 0.248174 0.15499 -0.232538 0.25956 0.474986 0.840843 0.411973 0.31622 -0.384863 0.867113 0.400795 -0.930002 -0.306262 0.203222 -0.504304 0.187351 -0.87068 -0.45477 0.485867 
1534188193775 0.135556 0.844091 -0.518781 -0.600364 -0.956202 0.248564 0.154577 -0.232471 0.259428 0.475106 0.840816 0.411914 0.31622 -0.384863 0.867113 0.400795 -0.930002 -0.306262 0.203222 -0.504304 0.187351 -0.87068 -0.45477 0.485867 
1534188193792 0.135408 0.844189 -0.518661 -0.600231 -0.956242 0.248381 0.154624 -0.232488 0.259357 0.475028 0.840882 0.41192 0.31622 -0.384863 0.867113 0.400795 -0.930002 -0.306262 0.203222 -0.504304 0.187351 -0.87068 -0.45477 0.485867 
1534188193809 0.13526 0.844286 -0.518542 -0.600092 -0.956282 0.248198 0.15467 -0.232504 0.259287 0.474952 0.840947 0.411926 0.31622 -0.384863 0.867113 0.400795 -0.930002 -0.306262 0.203222 -0.504304 0.187351 -0.87068 -0.45477 0.485867 
1534188193827 0.135112 0.844383 -0.518423 -0.599955 -0.956322 0.248014 0.154716 -0.232519 0.259216 0.474875 0.841012 0.411932 0.31622 -0.384863 0.867113 0.400795 -0.930002 -0.306262 0.203222 -0.504304 0.187351 -0.87068 -0.45477 0.485867 
1534188193842 0.134964 0.84448 -0.518304 -0.599817 -0.956362 0.247831 0.154762 -0.232534 0.259145 0.474799 0.841077 0.411938 0.31622 -0.384863 0.867113 0.400795 -0.930002 -0.306262 0.203222 -0.504304 0.187351 -0.87068 -0.45477 0.485867 
1534188193859 0.134816 0.844577 -0.518184 -0.59968 -0.956402 0.247648 0.154808 -0.23255 0.259075 0.474722 0.841142 0.411943 0.31622 -0.384863 0.867113 0.400795 -0.930002 -0.306262 0.203222 -0.504304 0.187351 -0.87068 -0.45477 0.485867 
1534188193875 0.134668 0.844673 -0.518065 -0.599541 -0.956442 0.247465 0.154854 -0.232565 0.259004 0.474645 0.841207 0.41195 0.31622 -0.384863 0.867113 0.400795 -0.930002 -0.306262 0.203222 -0.504304 0.187351 -0.87068 -0.45477 0.485867 
1534188193989 0.13452 0.84477 -0.517946 -0.599404 -0.956482 0.247282 0.1549 -0.232581 0.258933 0.474568 0.841272 0.411956 0.31622 -0.384863 0.867113 0.400795 -0.930002 -0.306262 0.203222 -0.504304 0.187351 -0.87068 -0.45477 0.485867 
1534188194021 0.134372 0.844867 -0.517826 -0.599267 -0.956522 0.247098 0.154946 -0.232596 0.258863 0.474492 0.841337 0.411962 0.31622 -0.384863 0.867113 0.400795 -0.930002 -0.306262 0.203222 -0.504304 0.187351 -0.87068 -0.45477 0.485867 
1534188194044 0.134224 0.844963 -0.517707 -0.599128 -0.956562 0.246915 0.154992 -0.232611 0.258792 0.474415 0.841402 0.411968 0.31622 -0.384863 0.867113 0.400795 -0.930002 -0.306262 0.203222 -0.504304 0.187351 -0.87068 -0.45477 0.485867 
1534188194089 0.134616 0.844721 -0.518001 -0.59954 -0.956461 0.247388 0.154861 -0.2325 0.258961 0.474601 0.841245 0.411989 0.31622 -0.384863 0.867113 0.400795 -0.930002 -0.306262 0.203222 -0.504304 0.187351 -0.87068 -0.45477 0.485867 
1534188194101 0.134355 0.844823 -0.517902 -0.599423 -0.956446 0.247241 0.155186 -0.232505 0.259151 0.474496 0.841246 0.411976 0.31622 -0.384863 0.867113 0.400795 -0.930002 -0.306262 0.203222 -0.504304 0.187351 -0.87068 -0.45477 0.485867 
1534188194117 0.134096 0.844926 -0.517801 -0.599305 -0.956432 0.247094 0.155509 -0.232519 0.259339 0.474389 0.841248 0.411959 0.31622 -0.384863 0.867113 0.400795 -0.930002 -0.306262 0.203222 -0.504304 0.187351 -0.87068 -0.45477 0.485867 
1534188194123 0.133837 0.845029 -0.5177 -0.599187 -0.956417 0.246947 0.15583 -0.232533 0.259526 0.474282 0.841251 0.411942 0.31622 -0.384863 0.867113 0.400795 -0.930002 -0.306262 0.203222 -0.504304 0.187351 -0.87068 -0.45477 0.485867 
1534188194141 0.133578 0.845132 -0.517599 -0.599069 -0.956403 0.246801 0.156153 -0.232546 0.259713 0.474175 0.841254 0.411925 0.31622 -0.384863 0.867113 0.400795 -0.930002 -0.306262 0.203222 -0.504304 0.187351 -0.87068 -0.45477 0.485867 
1534188194237 0.13332 0.845235 -0.517498 -0.598951 -0.956388 0.246654 0.156474 -0.232559 0.2599 0.474068 0.841256 0.411908 0.31622 -0.384863 0.867113 0.400795 -0.930002 -0.306262 0.203222 -0.504304 0.187351 -0.87068 -0.45477 0.485867 
1534188194273 0.133061 0.845338 -0.517397 -0.598834 -0.956373 0.246507 0.156796 -0.232573 0.260088 0.473961 0.841258 0.411891 0.31622 -0.384863 0.867113 0.400795 -0.930002 -0.306262 0.203222 -0.504304 0.187351 -0.87068 -0.45477 0.485867 
1534188194299 0.132802 0.84544 -0.517295 -0.598716 -0.956358 0.24636 0.157118 -0.232586 0.260275 0.473854 0.841261 0.411874 0.31622 -0.384863 0.867113 0.400795 -0.930002 -0.306262 0.203222 -0.504304 0.187351 -0.87068 -0.45477 0.485867 
1534188194371 0.132544 0.845543 -0.517194 -0.598598 -0.956343 0.246213 0.15744 -0.232599 0.260462 0.473747 0.841263 0.411857 0.31622 -0.384863 0.867113 0.400795 -0.930002 -0.306262 0.203222 -0.504304 0.187351 -0.87068 -0.45477 0.485867 
1534188194398 0.132285 0.845646 -0.517092 -0.598482 -0.956328 0.246066 0.157762 -0.232614 0.260649 0.47364 0.841265 0.41184 0.31622 -0.384863 0.867113 0.400795 -0.930002 -0.306262 0.203222 -0.504304 0.187351 -0.87068 -0.45477 0.485867 
1534188194446 0.132757 0.845413 -0.517352 -0.598788 -0.95641 0.246249 0.156976 -0.232523 0.260107 0.473961 0.841252 0.411904 0.31622 -0.384863 0.867113 0.400795 -0.930002 -0.306262 0.203222 -0.504304 0.187351 -0.87068 -0.45477 0.485867 
1534188194458 0.132517 0.845377 -0.517472 -0.598701 -0.956395 0.246154 0.157214 -0.232552 0.260283 0.474074 0.841134 0.411896 0.31622 -0.384863 0.867113 0.400795 -0.930002 -0.306262 0.203222 -0.504304 0.187351 -0.87068 -0.45477 0.485867 
1534188194475 0.132277 0.845341 -0.517592 -0.598612 -0.95638 0.246058 0.157453 -0.232583 0.26046 0.474187 0.841015 0.411887 0.31622 -0.384863 0.867113 0.400795 -0.930002 -0.306262 0.203222 -0.504304 0.187351 -0.87068 -0.45477 0.485867 
1534188194491 0.132036 0.845305 -0.517712 -0.598525 -0.956366 0.245963 0.157692 -0.232613 0.260636 0.474301 0.840897 0.411879 0.31622 -0.384863 0.867113 0.400795 -0.930002 -0.306262 0.203222 -0.504304 0.187351 -0.87068 -0.45477 0.485867 
1534188194508 0.131796 0.845269 -0.517832 -0.598435 -0.956351 0.245868 0.157931 -0.232644 0.260812 0.474414 0.840778 0.411869 0.31622 -0.384863 0.867113 0.400795 -0.930002 -0.306262 0.203222 -0.504304 0.187351 -0.87068 -0.45477 0.485867 
1534188194525 0.131554 0.845234 -0.517951 -0.598347 -0.956336 0.245772 0.15817 -0.232674 0.260989 0.474527 0.84066 0.411861 0.31622 -0.384863 0.867113 0.400795 -0.930002 -0.306262 0.203222 -0.504304 0.187351 -0.87068 -0.45477 0.485867 
1534188194541 0.131314 0.845198 -0.518071 -0.598258 -0.956321 0.245677 0.158409 -0.232704 0.261165 0.474641 0.840541 0.411852 0.31622 -0.384863 0.867113 0.400795 -0.930002 -0.306262 0.203222 -0.504304 0.187351 -0.87068 -0.45477 0.485867 
1534188194595 0.131073 0.845162 -0.518191 -0.59817 -0.956306 0.245581 0.158648 -0.232734 0.261341 0.474754 0.840422 0.411844 0.31622 -0.384863 0.867113 0.400795 -0.930002 -0.306262 0.203222 -0.504304 0.187351 -0.87068 -0.45477 0.485867 
1534188194662 0.130832 0.845126 -0.51831 -0.59808 -0.95629 0.245486 0.158887 -0.232765 0.261518 0.474867 0.840303 0.411834 0.31622 -0.384863 0.867113 0.400795 -0.930002 -0.306262 0.203222 -0.504304 0.187351 -0.87068 -0.45477 0.485867 
1534188194692 0.130592 0.84509 -0.51843 -0.597991 -0.956275 0.245391 0.159126 -0.232796 0.261694 0.474981 0.840184 0.411825 0.31622 -0.384863 0.867113 0.400795 -0.930002 -0.306262 0.203222 -0.504304 0.187351 -0.87068 -0.45477 0.485867 
1534188194725 0.130983 0.845219 -0.51812 -0.59827 -0.956393 0.245355 0.158472 -0.232619 0.261067 0.474769 0.840499 0.411816 0.31622 -0.384863 0.867113 0.400795 -0.930002 -0.306262 0.203222 -0.504304 0.187351 -0.87068 -0.45477 0.485867 
1534188194737 0.13091 0.845203 -0.518164 -0.598202 -0.956428 0.245255 0.158413 -0.232634 0.260974 0.474849 0.840483 0.411823 0.31622 -0.384863 0.867113 0.400795 -0.930002 -0.306262 0.203222 -0.504304 0.187351 -0.87068 -0.45477 0.485867 
1534188194754 0.13084 0.845187 -0.518208 -0.598131 -0.956464 0.245156 0.158353 -0.232646 0.26088 0.474928 0.840467 0.41183 0.31622 -0.384863 0.867113 0.400795 -0.930002 -0.306262 0.203222 -0.504304 0.187351 -0.87068 -0.45477 0.485867 
1534188194770 0.130769 0.845171 -0.518252 -0.598059 -0.956499 0.245058 0.158292 -0.232658 0.260786 0.475008 0.840451 0.411838 0.31622 -0.384863 0.867113 0.400795 -0.930002 -0.306262 0.203222 -0.504304 0.187351 -0.87068 -0.45477 0.485867 
1534188194791 0.130699 0.845155 -0.518297 -0.597987 -0.956534 0.244959 0.158232 -0.232669 0.260692 0.475088 0.840435 0.411846 0.31622 -0.384863 0.867113 0.400795 -0.930002 -0.306262 0.203222 -0.504304 0.187351 -0.87068 -0.45477 0.485867 
1534188194798 0.130628 0.845139 -0.518341 -0.597916 -0.956569 0.244861 0.158171 -0.232682 0.260598 0.475167 0.840419 0.411853 0.31622 -0.384863 0.867113 0.400795 -0.930002 -0.306262 0.203222 -0.504304 0.187351 -0.87068 -0.45477 0.485867 
1534188194813 0.130557 0.845122 -0.518385 -0.597844 -0.956605 0.244762 0.15811 -0.232693 0.260504 0.475247 0.840403 0.411861 0.31622 -0.384863 0.867113 0.400795 -0.930002 -0.306262 0.203222 -0.504304 0.187351 -0.87068 -0.45477 0.485867 
1534188194828 0.130487 0.845106 -0.518429 -0.597773 -0.95664 0.244664 0.15805 -0.232705 0.26041 0.475327 0.840388 0.411869 0.31622 -0.384863 0.867113 0.400795 -0.930002 -0.306262 0.203222 -0.504304 0.187351 -0.87068 -0.45477 0.485867 
1534188194876 0.130417 0.84509 -0.518474 -0.5977 -0.956675 0.244565 0.157989 -0.232716 0.260315 0.475407 0.840371 0.411877 0.31622 -0.384863 0.867113 0.400795 -0.930002 -0.306262 0.203222 -0.504304 0.187351 -0.87068 -0.45477 0.485867 
1534188194922 0.130346 0.845073 -0.518518 -0.597629 -0.95671 0.244466 0.157929 -0.232728 0.260221 0.475486 0.840356 0.411885 0.31622 -0.384863 0.867113 0.400795 -0.930002 -0.306262 0.203222 -0.504304 0.187351 -0.87068 -0.45477 0.485867 
1534188194950 0.130604 0.845193 -0.518257 -0.597933 -0.956552 0.244863 0.158274 -0.232613 0.260674 0.475069 0.840451 0.411875 0.31622 -0.384863 0.867113 0.400795 -0.930002 -0.306262 0.203222 -0.504304 0.187351 -0.87068 -0.45477 0.485867 
1534188194963 0.130537 0.845235 -0.518206 -0.597869 -0.956545 0.244826 0.158375 -0.232644 0.260734 0.475014 0.840464 0.41188 0.31622 -0.384863 0.867113 0.400795 -0.930002 -0.306262 0.203222 -0.504304 0.187351 -0.87068 -0.45477 0.485867 
1534188194969 0.13047 0.845277 -0.518155 -0.597805 -0.956537 0.24479 0.158476 -0.232677 0.260795 0.474958 0.840476 0.411883 0.31622 -0.384863 0.867113 0.400795 -0.930002 -0.306262 0.203222 -0.504304 0.187351 -0.87068 -0.45477 0.485867 
1534188194983 0.130403 0.845319 -0.518103 -0.59774 -0.95653 0.244753 0.158578 -0.232711 0.260856 0.474902 0.840489 0.411886 0.31622 -0.384863 0.867113 0.400795 -0.930002 -0.306262 0.203222 -0.504304 0.187351 -0.87068 -0.45477 0.485867 
1534188194990 0.130336 0.845361 -0.518052 -0.597676 -0.956522 0.244716 0.158679 -0.232743 0.260916 0.474847 0.840502 0.411889 0.31622 -0.384863 0.867113 0.400795 -0.930002 -0.306262 0.203222 -0.504304 0.187351 -0.87068 -0.45477 0.485867 
1534188195004 0.130268 0.845403 -0.518001 -0.597611 -0.956515 0.244679 0.158781 -0.232778 0.260977 0.474791 0.840514 0.411892 0.31622 -0.384863 0.867113 0.400795 -0.930002 -0.306262 0.203222 -0.504304 0.187351 -0.87068 -0.45477 0.485867 
1534188195020 0.130201 0.845444 -0.517949 -0.597547 -0.956508 0.244642 0.158882 -0.232811 0.261038 0.474736 0.840527 0.411895 0.31622 -0.384863 0.867113 0.400795 -0.930002 -0.306262 0.203222 -0.504304 0.187351 -0.87068 -0.45477 0.485867 
1534188195082 0.130134 0.845486 -0.517898 -0.597482 -0.9565 0.244605 0.158983 -0.232844 0.261099 0.47468 0.840539 0.411898 0.31622 -0.384863 0.867113 0.400795 -0.930002 -0.306262 0.203222 -0.504304 0.187351 -0.87068 -0.45477 0.485867 
1534188195106 0.130067 0.845528 -0.517846 -0.597418 -0.956493 0.244568 0.159085 -0.232879 0.26116 0.474624 0.840552 0.411901 0.31622 -0.384863 0.867113 0.400795 -0.930002 -0.306262 0.203222 -0.504304 0.187351 -0.87068 -0.45477 0.485867 
1534188195125 0.129999 0.84557 -0.517795 -0.597354 -0.956485 0.244531 0.159186 -0.232912 0.26122 0.474569 0.840564 0.411904 0.31622 -0.384863 0.867113 0.400795 -0.930002 -0.306262 0.203222 -0.504304 0.187351 -0.87068 -0.45477 0.485867 
1534188195145 0.13007 0.845443 -0.517985 -0.597594 -0.956598 0.244406 0.158704 -0.232673 0.260774 0.474861 0.840538 0.411901 0.31622 -0.384863 0.867113 0.400795 -0.930002 -0.306262 0.203222 -0.504304 0.187351 -0.87068 -0.45477 0.485867 
1534188195157 0.129884 0.845476 -0.517977 -0.597479 -0.956582 0.244321 0.158931 -0.232726 0.260925 0.474844 0.8405 0.411921 0.31622 -0.384863 0.867113 0.400795 -0.930002 -0.306262 0.203222 -0.504304 0.187351 -0.87068 -0.45477 0.485867 
1534188195175 0.129696 0.845511 -0.517968 -0.597363 -0.956565 0.244235 0.15916 -0.23278 0.261078 0.474828 0.840463 0.41194 0.31622 -0.384863 0.867113 0.400795 -0.930002 -0.306262 0.203222 -0.504304 0.187351 -0.87068 -0.45477 0.485867 
1534188195191 0.129509 0.845545 -0.517959 -0.597247 -0.956549 0.244149 0.159389 -0.232833 0.26123 0.474811 0.840425 0.411959 0.31622 -0.384863 0.867113 0.400795 -0.930002 -0.306262 0.203222 -0.504304 0.187351 -0.87068 -0.45477 0.485867 
1534188195207 0.129322 0.845579 -0.51795 -0.59713 -0.956533 0.244063 0.159619 -0.232889 0.261383 0.474794 0.840387 0.411978 0.31622 -0.384863 0.867113 0.400795 -0.930002 -0.306262 0.203222 -0.504304 0.187351 -0.87068 -0.45477 0.485867 
1534188195214 0.129134 0.845613 -0.517941 -0.597014 -0.956516 0.243978 0.159848 -0.232943 0.261535 0.474777 0.840349 0.411997 0.31622 -0.384863 0.867113 0.400795 -0.930002 -0.306262 0.203222 -0.504304 0.187351 -0.87068 -0.45477 0.485867 
1534188195277 0.128947 0.845647 -0.517931 -0.596898 -0.9565 0.243892 0.160077 -0.232997 0.261688 0.47476 0.840311 0.412016 0.31622 -0.384863 0.867113 0.400795 -0.930002 -0.306262 0.203222 -0.504304 0.187351 -0.87068 -0.45477 0.485867 
1534188195284 0.128759 0.845682 -0.517922 -0.596781 -0.956483 0.243806 0.160306 -0.233053 0.261841 0.474743 0.840273 0.412034 0.31622 -0.384863 0.867113 0.400795 -0.930002 -0.306262 0.203222 -0.504304 0.187351 -0.87068 -0.45477 0.485867 
1534188195361 0.128572 0.845716 -0.517913 -0.596665 -0.956467 0.24372 0.160535 -0.233107 0.261993 0.474726 0.840235 0.412053 0.31622 -0.384863 0.867113 0.400795 -0.930002 -0.306262 0.203222 -0.504304 0.187351 -0.87068 -0.45477 0.485867 
1534188195382 0.128384 0.84575 -0.517903 -0.596548 -0.95645 0.243634 0.160764 -0.233161 0.262146 0.474709 0.840197 0.412072 0.31622 -0.384863 0.867113 0.400795 -0.930002 -0.306262 0.203222 -0.504304 0.187351 -0.87068 -0.45477 0.485867 
1534188195421 0.128963 0.84561 -0.517988 -0.596875 -0.956552 0.243817 0.159877 -0.233056 0.261488 0.474865 0.840314 0.412001 0.31622 -0.384863 0.867113 0.400795 -0.930002 -0.306262 0.203222 -0.504304 0.187351 -0.87068 -0.45477 0.485867 
1534188195428 0.128619 0.845621 -0.518057 -0.596697 -0.956581 0.243568 0.160082 -0.233122 0.261551 0.474974 0.840233 0.412024 0.31622 -0.384863 0.867113 0.400795 -0.930002 -0.306262 0.203222 -0.504304 0.187351 -0.87068 -0.45477 0.485867 
1534188195435 0.128274 0.845631 -0.518126 -0.596517 -0.95661 0.243319 0.160289 -0.233188 0.261615 0.475083 0.840151 0.412047 0.31622 -0.384863 0.867113 0.400795 -0.930002 -0.306262 0.203222 -0.504304 0.187351 -0.87068 -0.45477 0.485867 
1534188195451 0.127929 0.845641 -0.518194 -0.596336 -0.956639 0.24307 0.160495 -0.233253 0.261678 0.475193 0.840069 0.41207 0.31622 -0.384863 0.867113 0.400795 -0.930002 -0.306262 0.203222 -0.504304 0.187351 -0.87068 -0.45477 0.485867 
1534188195489 0.127585 0.845651 -0.518263 -0.596154 -0.956668 0.24282 0.160701 -0.233318 0.261741 0.475303 0.839987 0.412094 0.31622 -0.384863 0.867113 0.400795 -0.930002 -0.306262 0.203222 -0.504304 0.187351 -0.87068 -0.45477 0.485867 
1534188195569 0.12724 0.845661 -0.518331 -0.595974 -0.956697 0.242571 0.160907 -0.233384 0.261805 0.475412 0.839906 0.412117 0.31622 -0.384863 0.867113 0.400795 -0.930002 -0.306262 0.203222 -0.504304 0.187351 -0.87068 -0.45477 0.485867 
1534188195575 0.126895 0.845671 -0.5184 -0.595792 -0.956725 0.242322 0.161112 -0.233449 0.261868 0.475522 0.839824 0.41214 0.31622 -0.384863 0.867113 0.400795 -0.930002 -0.306262 0.203222 -0.504304 0.187351 -0.87068 -0.45477 0.485867 
1534188195644 0.126551 0.845681 -0.518468 -0.595612 -0.956753 0.242073 0.161318 -0.233514 0.261931 0.475631 0.839742 0.412163 0.31622 -0.384863 0.867113 0.400795 -0.930002 -0.306262 0.203222 -0.504304 0.187351 -0.87068 -0.45477 0.485867 
