1533740950155 0.278653 0.854315 -0.438747 -0.503486 -0.938822 0.338587 0.0630309 -0.186784 0.202402 0.394342 0.896397 0.372445 0.16008 -0.304787 0.938871 0.370831 -0.775623 0.549475 0.310623 -0.528794 -0.61056 -0.777934 -0.14844 0.432481 
1533740950166 0.272262 0.848626 -0.45355 -0.513222 -0.939864 0.335563 0.0636722 -0.188186 0.206228 0.408939 0.888954 0.374931 0.316241 -0.38488 0.867098 0.400864 -0.930001 -0.306251 0.203246 -0.504429 0.187325 -0.870677 -0.454788 0.485926 
1533740951396 0.265882 0.842662 -0.468218 -0.522771 -0.940887 0.332571 0.064243 -0.189379 0.209851 0.423459 0.881275 0.377179 0.316241 -0.38488 0.867098 0.400864 -0.930001 -0.306251 0.203246 -0.504429 0.187325 -0.870677 -0.454788 0.485926 
1533740951942 0.259442 0.836444 -0.482754 -0.532313 -0.941895 0.329585 0.0648624 -0.190567 0.213362 0.437876 0.873351 0.379422 0.316241 -0.38488 0.867098 0.400864 -0.930001 -0.306251 0.203246 -0.504429 0.187325 -0.870677 -0.454788 0.485926 
1533740951949 0.252944 0.829974 -0.497154 -0.541845 -0.942886 0.326607 0.0655293 -0.191746 0.216761 0.452184 0.865184 0.38166 0.316241 -0.38488 0.867098 0.400864 -0.930001 -0.306251 0.203246 -0.504429 0.187325 -0.870677 -0.454788 0.485926 
1533740952721 0.24639 0.823254 -0.511414 -0.551365 -0.94386 0.323636 0.0662423 -0.192916 0.220046 0.466382 0.856777 0.383893 0.316241 -0.38488 0.867098 0.400864 -0.930001 -0.306251 0.203246 -0.504429 0.187325 -0.870677 -0.454788 0.485926 
1533740953266 0.239783 0.816285 -0.525531 -0.560868 -0.944817 0.320675 0.0669995 -0.194072 0.223215 0.480465 0.848132 0.386118 0.316241 -0.38488 0.867098 0.400864 -0.930001 -0.306251 0.203246 -0.504429 0.187325 -0.870677 -0.454788 0.485926 
1533740953818 0.233121 0.80907 -0.539501 -0.570371 -0.945756 0.317722 0.0678094 -0.19523 0.226274 0.494428 0.83925 0.388353 0.316241 -0.38488 0.867098 0.400864 -0.930001 -0.306251 0.203246 -0.504429 0.187325 -0.870677 -0.454788 0.485926 
1533740954358 0.226389 0.801618 -0.553314 -0.579919 -0.946678 0.314773 0.0686957 -0.196429 0.229236 0.508258 0.830135 0.39063 0.316241 -0.38488 0.867098 0.400864 -0.930001 -0.306251 0.203246 -0.504429 0.187325 -0.870677 -0.454788 0.485926 
1533740954894 0.219647 0.79387 -0.567033 -0.589115 -0.947574 0.31187 0.0695777 -0.197474 0.232076 0.522023 0.820751 0.392957 0.316531 -0.385118 0.866887 0.401814 -0.929976 -0.306103 0.20358 -0.50615 0.186955 -0.870623 -0.455042 0.486735 
1533740955435 0.220342 0.793995 -0.566588 -0.588704 -0.947367 0.31251 0.0695152 -0.1974 0.232259 0.52145 0.821064 0.392502 0.316531 -0.385118 0.866887 0.401814 -0.929976 -0.306103 0.20358 -0.50615 0.186955 -0.870623 -0.455042 0.486735 
1533740955447 0.219589 0.793207 -0.567982 -0.589737 -0.947478 0.312151 0.069623 -0.197545 0.232522 0.522862 0.820091 0.392769 0.316221 -0.384863 0.867113 0.400797 -0.930002 -0.306262 0.203223 -0.504308 0.187351 -0.87068 -0.45477 0.485869 
1533740955611 0.218835 0.792417 -0.569374 -0.59077 -0.947588 0.311792 0.0697324 -0.19769 0.232783 0.524272 0.819116 0.393036 0.316221 -0.384863 0.867113 0.400797 -0.930002 -0.306262 0.203223 -0.504308 0.187351 -0.87068 -0.45477 0.485869 
1533740955795 0.218081 0.791624 -0.570765 -0.591804 -0.947698 0.311433 0.0698421 -0.197834 0.233044 0.525682 0.818138 0.393303 0.316221 -0.384863 0.867113 0.400797 -0.930002 -0.306262 0.203223 -0.504308 0.187351 -0.87068 -0.45477 0.485869 
1533740955982 0.217326 0.790828 -0.572154 -0.592837 -0.947808 0.311074 0.0699524 -0.197979 0.233303 0.52709 0.817158 0.39357 0.316221 -0.384863 0.867113 0.400797 -0.930002 -0.306262 0.203223 -0.504308 0.187351 -0.87068 -0.45477 0.485869 
1533740956166 0.21657 0.79003 -0.573541 -0.59387 -0.947917 0.310716 0.0700633 -0.198124 0.23356 0.528496 0.816175 0.393837 0.316221 -0.384863 0.867113 0.400797 -0.930002 -0.306262 0.203223 -0.504308 0.187351 -0.87068 -0.45477 0.485869 
1533740956352 0.215814 0.789229 -0.574927 -0.594903 -0.948026 0.310357 0.0701748 -0.198269 0.233817 0.529901 0.81519 0.394104 0.316221 -0.384863 0.867113 0.400797 -0.930002 -0.306262 0.203223 -0.504308 0.187351 -0.87068 -0.45477 0.485869 
1533740956536 0.215058 0.788427 -0.576311 -0.595937 -0.948135 0.309999 0.0702875 -0.198415 0.234072 0.531304 0.814203 0.394371 0.31622 -0.384863 0.867113 0.400797 -0.930002 -0.306262 0.203222 -0.504307 0.187351 -0.87068 -0.45477 0.485868 
1533740956718 0.214301 0.787621 -0.577693 -0.596971 -0.948244 0.30964 0.0704004 -0.198559 0.234326 0.532707 0.813213 0.394638 0.31622 -0.384863 0.867113 0.400797 -0.930002 -0.306262 0.203222 -0.504307 0.187351 -0.87068 -0.45477 0.485868 
1533740956901 0.213543 0.786813 -0.579073 -0.598005 -0.948353 0.309282 0.0705145 -0.198706 0.234578 0.534107 0.812221 0.394904 0.316221 -0.384863 0.867113 0.400796 -0.930002 -0.306262 0.203223 -0.504306 0.187351 -0.87068 -0.45477 0.485868 
1533740957103 0.214016 0.787017 -0.578621 -0.597618 -0.948298 0.309512 0.0702371 -0.198774 0.234368 0.533673 0.812567 0.394756 0.316221 -0.384863 0.867113 0.400796 -0.930002 -0.306262 0.203223 -0.504306 0.187351 -0.87068 -0.45477 0.485868 
1533740957117 0.214815 0.78699 -0.57836 -0.597717 -0.948171 0.310025 0.0696878 -0.198785 0.234149 0.533414 0.8128 0.394598 0.31622 -0.384863 0.867113 0.400795 -0.930002 -0.306262 0.203222 -0.504304 0.187351 -0.87068 -0.454769 0.485867 
1533740957133 0.215616 0.786963 -0.578099 -0.597819 -0.948044 0.310537 0.0691367 -0.198794 0.233929 0.533156 0.813033 0.394441 0.31622 -0.384863 0.867113 0.400795 -0.930002 -0.306262 0.203222 -0.504304 0.187351 -0.87068 -0.454769 0.485867 
1533740957247 0.216417 0.786936 -0.577837 -0.597922 -0.947915 0.31105 0.0685855 -0.198803 0.233709 0.532897 0.813265 0.394285 0.31622 -0.384863 0.867113 0.400795 -0.930002 -0.306262 0.203222 -0.504304 0.187351 -0.87068 -0.454769 0.485867 
1533740957282 0.217218 0.786908 -0.577575 -0.598023 -0.947787 0.311563 0.068035 -0.198813 0.233488 0.532639 0.813498 0.394128 0.31622 -0.384863 0.867113 0.400795 -0.930002 -0.306262 0.203222 -0.504304 0.187351 -0.87068 -0.454769 0.485867 
1533740957361 0.218018 0.786879 -0.577312 -0.598126 -0.947657 0.312076 0.0674839 -0.198821 0.233267 0.532381 0.81373 0.393972 0.31622 -0.384863 0.867113 0.400795 -0.930002 -0.306262 0.203222 -0.504304 0.187351 -0.87068 -0.454769 0.485867 
1533740957412 0.218819 0.78685 -0.577049 -0.598227 -0.947527 0.312589 0.0669336 -0.19883 0.233046 0.532123 0.813962 0.393815 0.31622 -0.384863 0.867113 0.400795 -0.930002 -0.306262 0.203222 -0.504304 0.187351 -0.87068 -0.454769 0.485867 
1533740957473 0.219619 0.786821 -0.576785 -0.598328 -0.947397 0.313102 0.0663834 -0.198839 0.232824 0.531865 0.814194 0.393659 0.31622 -0.384863 0.867113 0.400795 -0.930002 -0.306262 0.203222 -0.504304 0.187351 -0.87068 -0.454769 0.485867 
1533740957529 0.220418 0.786791 -0.576521 -0.59843 -0.947266 0.313614 0.0658333 -0.198848 0.232602 0.531607 0.814426 0.393502 0.31622 -0.384863 0.867113 0.400795 -0.930002 -0.306262 0.203222 -0.504304 0.187351 -0.87068 -0.454769 0.485867 
1533740957586 0.221218 0.78676 -0.576256 -0.598533 -0.947134 0.314128 0.0652828 -0.198856 0.23238 0.53135 0.814658 0.393347 0.31622 -0.384863 0.867113 0.400795 -0.930002 -0.306262 0.203222 -0.504304 0.187351 -0.87068 -0.454769 0.485867 
1533740957669 0.219959 0.786891 -0.57656 -0.598366 -0.94738 0.313221 0.0660583 -0.19879 0.232571 0.531691 0.81438 0.393558 0.31622 -0.384863 0.867113 0.400795 -0.930002 -0.306262 0.203222 -0.504304 0.187351 -0.87068 -0.454769 0.485867 
1533740957680 0.220577 0.786982 -0.576199 -0.598434 -0.947214 0.313753 0.0659217 -0.198814 0.232663 0.531243 0.814647 0.393482 0.31622 -0.384863 0.867113 0.400795 -0.930002 -0.306262 0.203222 -0.504304 0.187351 -0.87068 -0.454769 0.485867 
1533740957697 0.221195 0.787075 -0.575835 -0.598508 -0.947047 0.314284 0.0657876 -0.198844 0.232755 0.530791 0.814915 0.393402 0.31622 -0.384863 0.867113 0.400795 -0.930002 -0.306262 0.203222 -0.504304 0.187351 -0.87068 -0.454769 0.485867 
1533740957703 0.221813 0.787167 -0.575471 -0.59858 -0.94688 0.314815 0.0656532 -0.198873 0.232847 0.530339 0.815183 0.393323 0.31622 -0.384863 0.867113 0.400795 -0.930002 -0.306262 0.203222 -0.504304 0.187351 -0.87068 -0.454769 0.485867 
1533740957817 0.222432 0.787259 -0.575107 -0.598653 -0.946712 0.315346 0.0655193 -0.198902 0.232939 0.529887 0.81545 0.393243 0.31622 -0.384863 0.867113 0.400795 -0.930002 -0.306262 0.203222 -0.504304 0.187351 -0.87068 -0.454769 0.485867 
1533740957865 0.22305 0.78735 -0.574742 -0.598726 -0.946544 0.315878 0.0653858 -0.198931 0.23303 0.529435 0.815718 0.393164 0.31622 -0.384863 0.867113 0.400795 -0.930002 -0.306262 0.203222 -0.504304 0.187351 -0.87068 -0.454769 0.485867 
1533740957916 0.223668 0.78744 -0.574378 -0.598798 -0.946376 0.316409 0.065252 -0.198959 0.23312 0.528983 0.815985 0.393085 0.31622 -0.384863 0.867113 0.400795 -0.930002 -0.306262 0.203222 -0.504304 0.187351 -0.87068 -0.454769 0.485867 
1533740957978 0.224286 0.787531 -0.574013 -0.598871 -0.946208 0.31694 0.0651191 -0.198989 0.233211 0.52853 0.816253 0.393005 0.31622 -0.384863 0.867113 0.400795 -0.930002 -0.306262 0.203222 -0.504304 0.187351 -0.87068 -0.454769 0.485867 
1533740958029 0.224904 0.78762 -0.573648 -0.598944 -0.946039 0.317471 0.0649859 -0.199017 0.233301 0.528078 0.81652 0.392926 0.31622 -0.384863 0.867113 0.400795 -0.930002 -0.306262 0.203222 -0.504304 0.187351 -0.87068 -0.454769 0.485867 
1533740958094 0.225521 0.78771 -0.573283 -0.599017 -0.945869 0.318002 0.0648535 -0.199047 0.233391 0.527625 0.816787 0.392847 0.31622 -0.384863 0.867113 0.400795 -0.930002 -0.306262 0.203222 -0.504304 0.187351 -0.87068 -0.454769 0.485867 
1533740958135 0.224546 0.787572 -0.573855 -0.598851 -0.946176 0.317074 0.0649272 -0.199072 0.233089 0.528388 0.816379 0.393004 0.31622 -0.384863 0.867113 0.400795 -0.930002 -0.306262 0.203222 -0.504304 0.187351 -0.87068 -0.454769 0.485867 
1533740958148 0.22478 0.787561 -0.573778 -0.598879 -0.94611 0.317284 0.0648587 -0.199073 0.233131 0.528278 0.816439 0.392997 0.31622 -0.384863 0.867113 0.400795 -0.930002 -0.306262 0.203222 -0.504304 0.187351 -0.87068 -0.454769 0.485867 
1533740958165 0.225014 0.78755 -0.573701 -0.59891 -0.946044 0.317495 0.06479 -0.199071 0.233173 0.528168 0.816498 0.392991 0.31622 -0.384863 0.867113 0.400795 -0.930002 -0.306262 0.203222 -0.504304 0.187351 -0.87068 -0.45477 0.485867 
1533740958182 0.225249 0.787539 -0.573625 -0.598942 -0.945978 0.317706 0.0647209 -0.199069 0.233215 0.528058 0.816557 0.392986 0.31622 -0.384863 0.867113 0.400795 -0.930002 -0.306262 0.203222 -0.504304 0.187351 -0.87068 -0.45477 0.485867 
1533740958199 0.225484 0.787527 -0.573548 -0.598974 -0.945912 0.317918 0.0646517 -0.199067 0.233256 0.527948 0.816616 0.392981 0.31622 -0.384863 0.867113 0.400795 -0.930002 -0.306262 0.203222 -0.504304 0.187351 -0.87068 -0.45477 0.485867 
1533740958215 0.225718 0.787516 -0.573472 -0.599004 -0.945845 0.318128 0.0645832 -0.199065 0.233298 0.527838 0.816676 0.392975 0.31622 -0.384863 0.867113 0.400795 -0.930002 -0.306262 0.203222 -0.504304 0.187351 -0.87068 -0.45477 0.485867 
1533740958232 0.225953 0.787505 -0.573395 -0.599035 -0.945779 0.318339 0.0645146 -0.199064 0.23334 0.527728 0.816735 0.392969 0.31622 -0.384863 0.867113 0.400795 -0.930002 -0.306262 0.203222 -0.504304 0.187351 -0.87068 -0.45477 0.485867 
1533740958248 0.226187 0.787493 -0.573319 -0.599066 -0.945713 0.31855 0.064446 -0.199062 0.233381 0.527618 0.816794 0.392963 0.31622 -0.384863 0.867113 0.400795 -0.930002 -0.306262 0.203222 -0.504304 0.187351 -0.87068 -0.45477 0.485867 
1533740958289 0.226422 0.787481 -0.573242 -0.599098 -0.945646 0.318761 0.0643767 -0.199059 0.233423 0.527508 0.816853 0.392959 0.31622 -0.384863 0.867113 0.400795 -0.930002 -0.306262 0.203222 -0.504304 0.187351 -0.87068 -0.45477 0.485867 
1533740958306 0.226656 0.78747 -0.573166 -0.599129 -0.94558 0.318972 0.0643081 -0.199058 0.233464 0.527398 0.816912 0.392953 0.31622 -0.384863 0.867113 0.400795 -0.930002 -0.306262 0.203222 -0.504304 0.187351 -0.87068 -0.45477 0.485867 
1533740958335 0.225663 0.787579 -0.573406 -0.59899 -0.945862 0.318069 0.0646285 -0.199049 0.233283 0.527779 0.816718 0.392886 0.31622 -0.384863 0.867113 0.400795 -0.930002 -0.306262 0.203222 -0.504304 0.187351 -0.87068 -0.45477 0.485867 
1533740958346 0.225733 0.787595 -0.573357 -0.599001 -0.945776 0.31828 0.0648519 -0.199048 0.233566 0.527628 0.816735 0.392892 0.31622 -0.384863 0.867113 0.400795 -0.930002 -0.306262 0.203222 -0.504304 0.187351 -0.87068 -0.45477 0.485867 
1533740958362 0.225801 0.787612 -0.573308 -0.599015 -0.94569 0.31849 0.0650765 -0.199051 0.233848 0.527477 0.816752 0.392896 0.31622 -0.384863 0.867113 0.400795 -0.930002 -0.306262 0.203222 -0.504304 0.187351 -0.87068 -0.45477 0.485867 
1533740958379 0.225869 0.787628 -0.573258 -0.599029 -0.945604 0.3187 0.065301 -0.199053 0.23413 0.527325 0.816769 0.3929 0.31622 -0.384863 0.867113 0.400795 -0.930002 -0.306262 0.203222 -0.504304 0.187351 -0.87068 -0.45477 0.485867 
1533740958478 0.225937 0.787645 -0.573208 -0.599043 -0.945517 0.31891 0.0655257 -0.199056 0.234412 0.527173 0.816786 0.392904 0.31622 -0.384863 0.867113 0.400795 -0.930002 -0.306262 0.203222 -0.504304 0.187351 -0.87068 -0.45477 0.485867 
1533740958494 0.226005 0.787662 -0.573158 -0.599058 -0.945431 0.319119 0.0657506 -0.19906 0.234695 0.527021 0.816803 0.392908 0.31622 -0.384863 0.867113 0.400795 -0.930002 -0.306262 0.203222 -0.504304 0.187351 -0.87068 -0.45477 0.485867 
1533740958511 0.226074 0.787679 -0.573108 -0.599072 -0.945345 0.319329 0.065975 -0.199062 0.234977 0.52687 0.81682 0.392912 0.31622 -0.384863 0.867113 0.400795 -0.930002 -0.306262 0.203222 -0.504304 0.187351 -0.87068 -0.45477 0.485867 
1533740958528 0.226142 0.787696 -0.573058 -0.599087 -0.945258 0.319538 0.0662 -0.199065 0.235259 0.526717 0.816837 0.392916 0.31622 -0.384863 0.867113 0.400795 -0.930002 -0.306262 0.203222 -0.504304 0.187351 -0.87068 -0.45477 0.485867 
1533740958544 0.22621 0.787712 -0.573008 -0.599101 -0.945172 0.319747 0.0664245 -0.199067 0.235541 0.526565 0.816853 0.39292 0.31622 -0.384863 0.867113 0.400795 -0.930002 -0.306262 0.203222 -0.504304 0.187351 -0.87068 -0.45477 0.485867 
1533740958600 0.226278 0.787729 -0.572958 -0.599116 -0.945085 0.319957 0.0666496 -0.199071 0.235824 0.526413 0.81687 0.392923 0.31622 -0.384863 0.867113 0.400795 -0.930002 -0.306262 0.203222 -0.504304 0.187351 -0.87068 -0.45477 0.485867 
1533740958635 0.226128 0.787693 -0.573068 -0.599011 -0.945374 0.319276 0.0658136 -0.199082 0.234807 0.526881 0.816861 0.392936 0.31622 -0.384863 0.867113 0.400795 -0.930002 -0.306262 0.203222 -0.504304 0.187351 -0.87068 -0.45477 0.485867 
1533740958642 0.226052 0.78776 -0.573005 -0.599012 -0.94536 0.319279 0.065995 -0.199097 0.234937 0.526778 0.816891 0.39296 0.31622 -0.384863 0.867113 0.400795 -0.930002 -0.306262 0.203222 -0.504304 0.187351 -0.87068 -0.45477 0.485867 
1533740958648 0.225975 0.787829 -0.57294 -0.599015 -0.945346 0.319283 0.0661782 -0.199116 0.235067 0.526672 0.816921 0.392981 0.31622 -0.384863 0.867113 0.400795 -0.930002 -0.306262 0.203222 -0.504304 0.187351 -0.87068 -0.45477 0.485867 
1533740958665 0.225898 0.787898 -0.572876 -0.599019 -0.945332 0.319286 0.0663612 -0.199134 0.235197 0.526567 0.816951 0.393002 0.31622 -0.384863 0.867113 0.400795 -0.930002 -0.306262 0.203222 -0.504304 0.187351 -0.87068 -0.45477 0.485867 
1533740958683 0.225821 0.787967 -0.572812 -0.599023 -0.945318 0.31929 0.0665445 -0.199153 0.235328 0.526462 0.816981 0.393023 0.31622 -0.384863 0.867113 0.400795 -0.930002 -0.306262 0.203222 -0.504304 0.187351 -0.87068 -0.45477 0.485867 
1533740958698 0.225743 0.788036 -0.572747 -0.599028 -0.945304 0.319293 0.0667279 -0.199172 0.235458 0.526357 0.817012 0.393044 0.31622 -0.384863 0.867113 0.400795 -0.930002 -0.306262 0.203222 -0.504304 0.187351 -0.87068 -0.45477 0.485867 
1533740958767 0.225667 0.788105 -0.572683 -0.599031 -0.94529 0.319297 0.0669108 -0.19919 0.235588 0.526252 0.817042 0.393066 0.31622 -0.384863 0.867113 0.400795 -0.930002 -0.306262 0.203222 -0.504304 0.187351 -0.87068 -0.45477 0.485867 
1533740958789 0.22559 0.788174 -0.572618 -0.599036 -0.945276 0.3193 0.0670943 -0.199209 0.235719 0.526146 0.817072 0.393087 0.31622 -0.384863 0.867113 0.400795 -0.930002 -0.306262 0.203222 -0.504304 0.187351 -0.87068 -0.45477 0.485867 
1533740958805 0.225513 0.788243 -0.572554 -0.599039 -0.945261 0.319303 0.0672773 -0.199228 0.235849 0.526041 0.817102 0.393108 0.31622 -0.384863 0.867113 0.400795 -0.930002 -0.306262 0.203222 -0.504304 0.187351 -0.87068 -0.45477 0.485867 
1533740958822 0.225436 0.788312 -0.572489 -0.599044 -0.945247 0.319306 0.0674608 -0.199247 0.235979 0.525935 0.817133 0.393129 0.31622 -0.384863 0.867113 0.400795 -0.930002 -0.306262 0.203222 -0.504304 0.187351 -0.87068 -0.45477 0.485867 
1533740958879 0.22567 0.788062 -0.572741 -0.599013 -0.945338 0.319195 0.0667167 -0.199187 0.235393 0.526377 0.817017 0.39301 0.31622 -0.384863 0.867113 0.400795 -0.930002 -0.306262 0.203222 -0.504304 0.187351 -0.87068 -0.45477 0.485867 
1533740958890 0.225717 0.788045 -0.572745 -0.59902 -0.945336 0.319213 0.066654 -0.199181 0.235354 0.526391 0.817019 0.393023 0.31622 -0.384863 0.867113 0.400795 -0.930002 -0.306262 0.203222 -0.504304 0.187351 -0.87068 -0.45477 0.485867 
1533740958907 0.225766 0.788027 -0.572751 -0.599025 -0.945334 0.319233 0.0665892 -0.199171 0.235315 0.526407 0.81702 0.393039 0.31622 -0.384863 0.867113 0.400795 -0.930002 -0.306262 0.203222 -0.504304 0.187351 -0.87068 -0.45477 0.485867 
1533740958925 0.225816 0.788008 -0.572757 -0.599028 -0.945332 0.319252 0.066524 -0.19916 0.235275 0.526424 0.817021 0.393056 0.31622 -0.384863 0.867113 0.400795 -0.930002 -0.306262 0.203222 -0.504304 0.187351 -0.87068 -0.45477 0.485867 
1533740958930 0.225865 0.78799 -0.572763 -0.599033 -0.94533 0.319271 0.0664598 -0.199151 0.235236 0.526439 0.817022 0.393071 0.31622 -0.384863 0.867113 0.400795 -0.930002 -0.306262 0.203222 -0.504304 0.187351 -0.87068 -0.45477 0.485867 
1533740959026 0.225914 0.787971 -0.572769 -0.599037 -0.945328 0.319291 0.0663948 -0.19914 0.235197 0.526456 0.817023 0.393088 0.31622 -0.384863 0.867113 0.400795 -0.930002 -0.306262 0.203222 -0.504304 0.187351 -0.87068 -0.45477 0.485867 
1533740959040 0.225963 0.787952 -0.572776 -0.599041 -0.945326 0.31931 0.0663298 -0.199129 0.235158 0.526472 0.817024 0.393104 0.31622 -0.384863 0.867113 0.400795 -0.930002 -0.306262 0.203222 -0.504304 0.187351 -0.87068 -0.45477 0.485867 
1533740959057 0.226012 0.787934 -0.572782 -0.599045 -0.945324 0.31933 0.0662653 -0.199119 0.235119 0.526488 0.817025 0.39312 0.31622 -0.384863 0.867113 0.400795 -0.930002 -0.306262 0.203222 -0.504304 0.187351 -0.87068 -0.45477 0.485867 
1533740959073 0.226062 0.787915 -0.572788 -0.599049 -0.945322 0.319349 0.0662002 -0.199108 0.23508 0.526504 0.817026 0.393136 0.31622 -0.384863 0.867113 0.400795 -0.930002 -0.306262 0.203222 -0.504304 0.187351 -0.87068 -0.45477 0.485867 
1533740959080 0.226111 0.787896 -0.572794 -0.599053 -0.94532 0.319368 0.0661356 -0.199099 0.23504 0.52652 0.817027 0.393152 0.31622 -0.384863 0.867113 0.400795 -0.930002 -0.306262 0.203222 -0.504304 0.187351 -0.87068 -0.45477 0.485867 
1533740959109 0.225879 0.787828 -0.57298 -0.599066 -0.945304 0.319351 0.0664419 -0.199206 0.235327 0.526633 0.816872 0.392984 0.31622 -0.384863 0.867113 0.400795 -0.930002 -0.306262 0.203222 -0.504304 0.187351 -0.87068 -0.45477 0.485867 
1533740959120 0.225898 0.787745 -0.573086 -0.599077 -0.945372 0.319215 0.0661383 -0.199198 0.235038 0.526839 0.816822 0.393031 0.31622 -0.384863 0.867113 0.400795 -0.930002 -0.306262 0.203222 -0.504304 0.187351 -0.87068 -0.45477 0.485867 
1533740959137 0.225917 0.787661 -0.573194 -0.599084 -0.945439 0.319079 0.0658342 -0.199187 0.234749 0.527047 0.816771 0.393082 0.31622 -0.384863 0.867113 0.400795 -0.930002 -0.306262 0.203222 -0.504304 0.187351 -0.87068 -0.45477 0.485867 
1533740959153 0.225936 0.787577 -0.573302 -0.59909 -0.945506 0.318943 0.0655297 -0.199174 0.23446 0.527255 0.81672 0.393132 0.31622 -0.384863 0.867113 0.400795 -0.930002 -0.306262 0.203222 -0.504304 0.187351 -0.87068 -0.45477 0.485867 
1533740959213 0.225955 0.787493 -0.573409 -0.599096 -0.945573 0.318806 0.0652255 -0.199162 0.234171 0.527462 0.816668 0.393183 0.31622 -0.384863 0.867113 0.400795 -0.930002 -0.306262 0.203222 -0.504304 0.187351 -0.87068 -0.45477 0.485867 
1533740959272 0.225974 0.78741 -0.573517 -0.599104 -0.94564 0.31867 0.0649218 -0.199151 0.233882 0.52767 0.816617 0.393232 0.31622 -0.384863 0.867113 0.400795 -0.930002 -0.306262 0.203222 -0.504304 0.187351 -0.87068 -0.45477 0.485867 
1533740959301 0.225993 0.787326 -0.573625 -0.59911 -0.945707 0.318533 0.0646174 -0.199139 0.233593 0.527878 0.816566 0.393283 0.31622 -0.384863 0.867113 0.400795 -0.930002 -0.306262 0.203222 -0.504304 0.187351 -0.87068 -0.45477 0.485867 
1533740959340 0.226012 0.787242 -0.573732 -0.599116 -0.945773 0.318397 0.0643131 -0.199126 0.233304 0.528085 0.816514 0.393333 0.31622 -0.384863 0.867113 0.400795 -0.930002 -0.306262 0.203222 -0.504304 0.187351 -0.87068 -0.45477 0.485867 
1533740959402 0.226031 0.787158 -0.57384 -0.599123 -0.94584 0.31826 0.0640092 -0.199115 0.233015 0.528293 0.816462 0.393383 0.31622 -0.384863 0.867113 0.400795 -0.930002 -0.306262 0.203222 -0.504304 0.187351 -0.87068 -0.45477 0.485867 
1533740959439 0.226051 0.787074 -0.573947 -0.59913 -0.945907 0.318123 0.0637053 -0.199104 0.232727 0.5285 0.816411 0.393433 0.31622 -0.384863 0.867113 0.400795 -0.930002 -0.306262 0.203222 -0.504304 0.187351 -0.87068 -0.45477 0.485867 
1533740959490 0.226088 0.787194 -0.573768 -0.599135 -0.945756 0.318462 0.0642541 -0.199164 0.233303 0.528117 0.816494 0.393283 0.31622 -0.384863 0.867113 0.400795 -0.930002 -0.306262 0.203222 -0.504304 0.187351 -0.87068 -0.45477 0.485867 
1533740959504 0.226333 0.787265 -0.573574 -0.599148 -0.945783 0.318454 0.0638911 -0.19914 0.232956 0.528016 0.816658 0.393275 0.31622 -0.384863 0.867113 0.400795 -0.930002 -0.306262 0.203222 -0.504304 0.187351 -0.87068 -0.45477 0.485867 
1533740959520 0.226578 0.787334 -0.573382 -0.599159 -0.945809 0.318447 0.0635267 -0.199112 0.232609 0.527916 0.816822 0.393268 0.31622 -0.384863 0.867113 0.400795 -0.930002 -0.306262 0.203222 -0.504304 0.187351 -0.87068 -0.45477 0.485867 
1533740959537 0.226823 0.787404 -0.57319 -0.59917 -0.945836 0.318441 0.0631624 -0.199085 0.232261 0.527817 0.816985 0.393262 0.31622 -0.384863 0.867113 0.400795 -0.930002 -0.306262 0.203222 -0.504304 0.187351 -0.87068 -0.45477 0.485867 
1533740959633 0.227068 0.787473 -0.572997 -0.599181 -0.945863 0.318434 0.0627979 -0.199057 0.231913 0.527717 0.817148 0.393256 0.31622 -0.384863 0.867113 0.400795 -0.930002 -0.306262 0.203222 -0.504304 0.187351 -0.87068 -0.45477 0.485867 
1533740959640 0.227313 0.787543 -0.572804 -0.599192 -0.945889 0.318427 0.0624338 -0.19903 0.231566 0.527617 0.817311 0.393249 0.31622 -0.384863 0.867113 0.400795 -0.930002 -0.306262 0.203222 -0.504304 0.187351 -0.87068 -0.45477 0.485867 
1533740959661 0.227558 0.787612 -0.572612 -0.599202 -0.945915 0.318421 0.0620691 -0.199002 0.231218 0.527518 0.817474 0.393243 0.31622 -0.384863 0.867113 0.400795 -0.930002 -0.306262 0.203222 -0.504304 0.187351 -0.87068 -0.45477 0.485867 
1533740959714 0.227803 0.787682 -0.572419 -0.599214 -0.945941 0.318414 0.0617049 -0.198975 0.23087 0.527418 0.817637 0.393237 0.31622 -0.384863 0.867113 0.400795 -0.930002 -0.306262 0.203222 -0.504304 0.187351 -0.87068 -0.45477 0.485867 
1533740959719 0.228048 0.787751 -0.572226 -0.599223 -0.945967 0.318408 0.0613401 -0.198946 0.230522 0.527318 0.817799 0.393231 0.31622 -0.384863 0.867113 0.400795 -0.930002 -0.306262 0.203222 -0.504304 0.187351 -0.87068 -0.45477 0.485867 
1533740959781 0.228292 0.787821 -0.572033 -0.599235 -0.945993 0.318401 0.0609758 -0.198919 0.230174 0.527219 0.817961 0.393224 0.31622 -0.384863 0.867113 0.400795 -0.930002 -0.306262 0.203222 -0.504304 0.187351 -0.87068 -0.45477 0.485867 
1533740959815 0.227564 0.787553 -0.572691 -0.599185 -0.945879 0.318511 0.0621563 -0.199041 0.231359 0.527552 0.817412 0.393241 0.31622 -0.384863 0.867113 0.400795 -0.930002 -0.306262 0.203222 -0.504304 0.187351 -0.87068 -0.45477 0.485867 
1533740959829 0.227447 0.787609 -0.57266 -0.599184 -0.945832 0.318583 0.0625009 -0.199048 0.231666 0.527425 0.817407 0.393247 0.31622 -0.384863 0.867113 0.400795 -0.930002 -0.306262 0.203222 -0.504304 0.187351 -0.87068 -0.45477 0.485867 
1533740959845 0.22733 0.787666 -0.572628 -0.599186 -0.945785 0.318655 0.0628477 -0.199058 0.231974 0.527296 0.817403 0.39325 0.31622 -0.384863 0.867113 0.400795 -0.930002 -0.306262 0.203222 -0.504304 0.187351 -0.87068 -0.45477 0.485867 
1533740959991 0.227212 0.787723 -0.572596 -0.599188 -0.945738 0.318726 0.0631945 -0.199068 0.232281 0.527168 0.817398 0.393254 0.31622 -0.384863 0.867113 0.400795 -0.930002 -0.306262 0.203222 -0.504304 0.187351 -0.87068 -0.45477 0.485867 
1533740960007 0.227094 0.787781 -0.572564 -0.59919 -0.945691 0.318797 0.0635415 -0.199079 0.232589 0.527039 0.817394 0.393257 0.31622 -0.384863 0.867113 0.400795 -0.930002 -0.306262 0.203222 -0.504304 0.187351 -0.87068 -0.45477 0.485867 
1533740960024 0.226976 0.787838 -0.572532 -0.599193 -0.945643 0.318869 0.0638885 -0.19909 0.232896 0.52691 0.817389 0.39326 0.31622 -0.384863 0.867113 0.400795 -0.930002 -0.306262 0.203222 -0.504304 0.187351 -0.87068 -0.45477 0.485867 
1533740960089 0.226859 0.787895 -0.5725 -0.599194 -0.945596 0.31894 0.0642351 -0.1991 0.233204 0.526781 0.817384 0.393264 0.31622 -0.384863 0.867113 0.400795 -0.930002 -0.306262 0.203222 -0.504304 0.187351 -0.87068 -0.45477 0.485867 
1533740960131 0.226741 0.787953 -0.572468 -0.599197 -0.945548 0.319011 0.0645823 -0.199111 0.233511 0.526652 0.81738 0.393267 0.31622 -0.384863 0.867113 0.400795 -0.930002 -0.306262 0.203222 -0.504304 0.187351 -0.87068 -0.45477 0.485867 
1533740960161 0.226623 0.78801 -0.572436 -0.599199 -0.9455 0.319082 0.064929 -0.199121 0.233819 0.526524 0.817375 0.393271 0.31622 -0.384863 0.867113 0.400795 -0.930002 -0.306262 0.203222 -0.504304 0.187351 -0.87068 -0.45477 0.485867 
1533740960202 0.226505 0.788067 -0.572403 -0.599202 -0.945452 0.319153 0.0652762 -0.199133 0.234126 0.526394 0.81737 0.393274 0.31622 -0.384863 0.867113 0.400795 -0.930002 -0.306262 0.203222 -0.504304 0.187351 -0.87068 -0.45477 0.485867 
1533740960243 0.226633 0.788032 -0.572401 -0.599194 -0.945663 0.318716 0.0643599 -0.198996 0.233151 0.526712 0.817444 0.393234 0.31622 -0.384863 0.867113 0.400795 -0.930002 -0.306262 0.203222 -0.504304 0.187351 -0.87068 -0.45477 0.485867 
1533740960255 0.226617 0.788184 -0.572198 -0.599193 -0.945682 0.318651 0.0643972 -0.198996 0.233088 0.526524 0.817583 0.393236 0.31622 -0.384863 0.867113 0.400795 -0.930002 -0.306262 0.203222 -0.504304 0.187351 -0.87068 -0.45477 0.485867 
1533740960272 0.226599 0.788337 -0.571994 -0.599195 -0.945702 0.318585 0.0644362 -0.199 0.233026 0.526334 0.817723 0.393235 0.31622 -0.384863 0.867113 0.400795 -0.930002 -0.306262 0.203222 -0.504304 0.187351 -0.87068 -0.45477 0.485867 
1533740960289 0.226581 0.788491 -0.571789 -0.599199 -0.945721 0.318519 0.0644756 -0.199005 0.232964 0.526144 0.817863 0.393234 0.31622 -0.384863 0.867113 0.400795 -0.930002 -0.306262 0.203222 -0.504304 0.187351 -0.87068 -0.45477 0.485867 
1533740960305 0.226564 0.788644 -0.571585 -0.599201 -0.945741 0.318453 0.0645147 -0.199009 0.232902 0.525954 0.818003 0.393233 0.31622 -0.384863 0.867113 0.400795 -0.930002 -0.306262 0.203222 -0.504304 0.187351 -0.87068 -0.45477 0.485867 
1533740960389 0.226546 0.788797 -0.57138 -0.599203 -0.94576 0.318387 0.0645533 -0.199013 0.23284 0.525764 0.818143 0.393233 0.31622 -0.384863 0.867113 0.400795 -0.930002 -0.306262 0.203222 -0.504304 0.187351 -0.87068 -0.45477 0.485867 
1533740960406 0.226528 0.788951 -0.571175 -0.599207 -0.94578 0.318321 0.0645926 -0.199018 0.232777 0.525574 0.818283 0.393232 0.31622 -0.384863 0.867113 0.400795 -0.930002 -0.306262 0.203222 -0.504304 0.187351 -0.87068 -0.45477 0.485867 
1533740960422 0.226511 0.789104 -0.570971 -0.599209 -0.945799 0.318255 0.0646313 -0.199021 0.232715 0.525384 0.818422 0.393232 0.31622 -0.384863 0.867113 0.400795 -0.930002 -0.306262 0.203222 -0.504304 0.187351 -0.87068 -0.45477 0.485867 
1533740960448 0.226493 0.789257 -0.570766 -0.599212 -0.945819 0.318189 0.0646706 -0.199026 0.232653 0.525194 0.818562 0.393231 0.31622 -0.384863 0.867113 0.400795 -0.930002 -0.306262 0.203222 -0.504304 0.187351 -0.87068 -0.45477 0.485867 
1533740960497 0.226475 0.78941 -0.570561 -0.599215 -0.945838 0.318123 0.0647093 -0.19903 0.232591 0.525004 0.818702 0.39323 0.31622 -0.384863 0.867113 0.400795 -0.930002 -0.306262 0.203222 -0.504304 0.187351 -0.87068 -0.45477 0.485867 
1533740960533 0.226575 0.788798 -0.571368 -0.599207 -0.945761 0.318392 0.064514 -0.199049 0.232807 0.525761 0.818154 0.393158 0.31622 -0.384863 0.867113 0.400795 -0.930002 -0.306262 0.203222 -0.504304 0.187351 -0.87068 -0.45477 0.485867 
1533740960544 0.226562 0.788767 -0.571416 -0.599205 -0.945822 0.318255 0.0642987 -0.199049 0.232573 0.52589 0.818138 0.393171 0.31622 -0.384863 0.867113 0.400795 -0.930002 -0.306262 0.203222 -0.504304 0.187351 -0.87068 -0.45477 0.485867 
1533740960561 0.226552 0.788735 -0.571464 -0.5992 -0.945883 0.318119 0.0640818 -0.199046 0.232337 0.52602 0.818121 0.393187 0.31622 -0.384863 0.867113 0.400795 -0.930002 -0.306262 0.203222 -0.504304 0.187351 -0.87068 -0.45477 0.485867 
1533740960676 0.226541 0.788703 -0.571513 -0.599194 -0.945943 0.317983 0.0638644 -0.199041 0.232102 0.526151 0.818104 0.393204 0.31622 -0.384863 0.867113 0.400795 -0.930002 -0.306262 0.203222 -0.504304 0.187351 -0.87068 -0.45477 0.485867 
1533740960693 0.22653 0.78867 -0.571562 -0.599188 -0.946003 0.317847 0.0636473 -0.199036 0.231866 0.526281 0.818087 0.39322 0.31622 -0.384863 0.867113 0.400795 -0.930002 -0.306262 0.203222 -0.504304 0.187351 -0.87068 -0.45477 0.485867 
1533740960710 0.226519 0.788639 -0.57161 -0.599184 -0.946063 0.317711 0.0634307 -0.199033 0.231631 0.526411 0.81807 0.393236 0.31622 -0.384863 0.867113 0.400795 -0.930002 -0.306262 0.203222 -0.504304 0.187351 -0.87068 -0.45477 0.485867 
1533740960727 0.226509 0.788606 -0.571659 -0.599178 -0.946124 0.317576 0.0632135 -0.199029 0.231395 0.526542 0.818053 0.393253 0.31622 -0.384863 0.867113 0.400795 -0.930002 -0.306262 0.203222 -0.504304 0.187351 -0.87068 -0.45477 0.485867 
1533740960774 0.226499 0.788574 -0.571708 -0.599171 -0.946184 0.31744 0.0629962 -0.199024 0.23116 0.526672 0.818035 0.393269 0.31622 -0.384863 0.867113 0.400795 -0.930002 -0.306262 0.203222 -0.504304 0.187351 -0.87068 -0.45477 0.485867 
1533740960821 0.226488 0.788542 -0.571756 -0.599166 -0.946244 0.317304 0.0627794 -0.19902 0.230924 0.526802 0.818018 0.393285 0.31622 -0.384863 0.867113 0.400795 -0.930002 -0.306262 0.203222 -0.504304 0.187351 -0.87068 -0.45477 0.485867 
1533740960836 0.226477 0.78851 -0.571805 -0.599161 -0.946304 0.317167 0.0625626 -0.199017 0.230689 0.526932 0.818001 0.393301 0.31622 -0.384863 0.867113 0.400795 -0.930002 -0.306262 0.203222 -0.504304 0.187351 -0.87068 -0.45477 0.485867 
1533740960866 0.226501 0.788588 -0.571687 -0.599194 -0.946086 0.317661 0.0633468 -0.199047 0.231557 0.526517 0.818023 0.393193 0.31622 -0.384863 0.867113 0.400795 -0.930002 -0.306262 0.203222 -0.504304 0.187351 -0.87068 -0.45477 0.485867 
1533740960877 0.226462 0.788625 -0.571652 -0.599187 -0.946046 0.317738 0.063558 -0.199047 0.231759 0.526416 0.818031 0.393187 0.31622 -0.384863 0.867113 0.400795 -0.930002 -0.306262 0.203222 -0.504304 0.187351 -0.87068 -0.45477 0.485867 
1533740960893 0.226421 0.788663 -0.571616 -0.599183 -0.946006 0.317814 0.0637704 -0.199052 0.231961 0.526313 0.81804 0.393177 0.31622 -0.384863 0.867113 0.400795 -0.930002 -0.306262 0.203222 -0.504304 0.187351 -0.87068 -0.45477 0.485867 
1533740960910 0.22638 0.788701 -0.571579 -0.59918 -0.945967 0.317889 0.0639832 -0.199057 0.232162 0.52621 0.818049 0.393168 0.31622 -0.384863 0.867113 0.400795 -0.930002 -0.306262 0.203222 -0.504304 0.187351 -0.87068 -0.45477 0.485867 
1533740961048 0.22634 0.788739 -0.571543 -0.599176 -0.945927 0.317965 0.0641951 -0.199061 0.232364 0.526108 0.818057 0.393159 0.31622 -0.384863 0.867113 0.400795 -0.930002 -0.306262 0.203222 -0.504304 0.187351 -0.87068 -0.45477 0.485867 
1533740961064 0.226299 0.788777 -0.571506 -0.599173 -0.945887 0.31804 0.0644077 -0.199066 0.232565 0.526005 0.818066 0.39315 0.31622 -0.384863 0.867113 0.400795 -0.930002 -0.306262 0.203222 -0.504304 0.187351 -0.87068 -0.45477 0.485867 
1533740961080 0.226259 0.788815 -0.57147 -0.59917 -0.945847 0.318116 0.0646203 -0.199071 0.232767 0.525902 0.818075 0.39314 0.31622 -0.384863 0.867113 0.400795 -0.930002 -0.306262 0.203222 -0.504304 0.187351 -0.87068 -0.45477 0.485867 
1533740961097 0.226218 0.788853 -0.571434 -0.599166 -0.945807 0.318191 0.0648325 -0.199075 0.232969 0.5258 0.818083 0.393131 0.31622 -0.384863 0.867113 0.400795 -0.930002 -0.306262 0.203222 -0.504304 0.187351 -0.87068 -0.45477 0.485867 
1533740961114 0.226177 0.788891 -0.571397 -0.599163 -0.945767 0.318267 0.0650452 -0.19908 0.23317 0.525697 0.818092 0.393122 0.31622 -0.384863 0.867113 0.400795 -0.930002 -0.306262 0.203222 -0.504304 0.187351 -0.87068 -0.45477 0.485867 
1533740961157 0.226137 0.788929 -0.571361 -0.599159 -0.945727 0.318342 0.0652574 -0.199084 0.233372 0.525594 0.818101 0.393113 0.31622 -0.384863 0.867113 0.400795 -0.930002 -0.306262 0.203222 -0.504304 0.187351 -0.87068 -0.45477 0.485867 
1533740961193 0.226399 0.788752 -0.571502 -0.599178 -0.945881 0.318083 0.0642899 -0.199106 0.232494 0.526018 0.818078 0.393125 0.31622 -0.384863 0.867113 0.400795 -0.930002 -0.306262 0.203222 -0.504304 0.187351 -0.87068 -0.45477 0.485867 
1533740961206 0.226386 0.788718 -0.571553 -0.599177 -0.945846 0.318162 0.0644109 -0.199105 0.232649 0.526019 0.818033 0.393129 0.31622 -0.384863 0.867113 0.400795 -0.930002 -0.306262 0.203222 -0.504304 0.187351 -0.87068 -0.45477 0.485867 
1533740961223 0.226372 0.788685 -0.571605 -0.599175 -0.945811 0.318242 0.0645329 -0.199106 0.232805 0.526022 0.817987 0.393133 0.31622 -0.384863 0.867113 0.400795 -0.930002 -0.306262 0.203222 -0.504304 0.187351 -0.87068 -0.45477 0.485867 
1533740961240 0.226359 0.788651 -0.571657 -0.599174 -0.945775 0.318322 0.0646546 -0.199106 0.232961 0.526024 0.817941 0.393137 0.31622 -0.384863 0.867113 0.400795 -0.930002 -0.306262 0.203222 -0.504304 0.187351 -0.87068 -0.45477 0.485867 
1533740961256 0.226344 0.788617 -0.571709 -0.599171 -0.94574 0.318401 0.0647771 -0.199108 0.233117 0.526026 0.817896 0.39314 0.31622 -0.384863 0.867113 0.400795 -0.930002 -0.306262 0.203222 -0.504304 0.187351 -0.87068 -0.45477 0.485867 
1533740961273 0.226331 0.788584 -0.571761 -0.59917 -0.945705 0.318481 0.0648989 -0.199109 0.233273 0.526028 0.81785 0.393144 0.31622 -0.384863 0.867113 0.400795 -0.930002 -0.306262 0.203222 -0.504304 0.187351 -0.87068 -0.45477 0.485867 
1533740961290 0.226317 0.78855 -0.571812 -0.599168 -0.94567 0.31856 0.0650207 -0.199109 0.233429 0.526031 0.817804 0.393148 0.31622 -0.384863 0.867113 0.400795 -0.930002 -0.306262 0.203222 -0.504304 0.187351 -0.87068 -0.45477 0.485867 
1533740961306 0.226302 0.788517 -0.571864 -0.599165 -0.945635 0.31864 0.0651434 -0.199112 0.233585 0.526032 0.817758 0.39315 0.31622 -0.384863 0.867113 0.400795 -0.930002 -0.306262 0.203222 -0.504304 0.187351 -0.87068 -0.45477 0.485867 
1533740961323 0.226289 0.788483 -0.571916 -0.599164 -0.9456 0.318719 0.0652653 -0.199113 0.233741 0.526035 0.817712 0.393154 0.31622 -0.384863 0.867113 0.400795 -0.930002 -0.306262 0.203222 -0.504304 0.187351 -0.87068 -0.45477 0.485867 
1533740961340 0.226275 0.78845 -0.571968 -0.599162 -0.945564 0.318799 0.0653873 -0.199114 0.233897 0.526037 0.817666 0.393158 0.31622 -0.384863 0.867113 0.400795 -0.930002 -0.306262 0.203222 -0.504304 0.187351 -0.87068 -0.45477 0.485867 
1533740961369 0.226185 0.788868 -0.571426 -0.599185 -0.94578 0.318243 0.0649798 -0.199066 0.233113 0.525746 0.818077 0.393142 0.31622 -0.384863 0.867113 0.400795 -0.930002 -0.306262 0.203222 -0.504304 0.187351 -0.87068 -0.45477 0.485867 
1533740961380 0.226171 0.788712 -0.571648 -0.599184 -0.94581 0.318189 0.064803 -0.199063 0.233003 0.526013 0.817936 0.393189 0.31622 -0.384863 0.867113 0.400795 -0.930002 -0.306262 0.203222 -0.504304 0.187351 -0.87068 -0.45477 0.485867 
1533740961396 0.226157 0.788554 -0.57187 -0.599181 -0.94584 0.318134 0.0646252 -0.199056 0.232892 0.526283 0.817795 0.393238 0.31622 -0.384863 0.867113 0.400795 -0.930002 -0.306262 0.203222 -0.504304 0.187351 -0.87068 -0.45477 0.485867 
1533740961413 0.226144 0.788396 -0.572093 -0.599177 -0.945871 0.31808 0.0644475 -0.199049 0.232781 0.526552 0.817653 0.393287 0.31622 -0.384863 0.867113 0.400795 -0.930002 -0.306262 0.203222 -0.504304 0.187351 -0.87068 -0.45477 0.485867 
1533740961521 0.226131 0.788238 -0.572316 -0.599173 -0.945901 0.318026 0.0642696 -0.199042 0.232671 0.526821 0.817511 0.393337 0.31622 -0.384863 0.867113 0.400795 -0.930002 -0.306262 0.203222 -0.504304 0.187351 -0.87068 -0.45477 0.485867 
1533740961546 0.226118 0.78808 -0.572539 -0.599168 -0.945932 0.317971 0.0640917 -0.199035 0.23256 0.52709 0.817369 0.393386 0.31622 -0.384863 0.867113 0.400795 -0.930002 -0.306262 0.203222 -0.504304 0.187351 -0.87068 -0.45477 0.485867 
1533740961583 0.226104 0.787922 -0.572761 -0.599165 -0.945962 0.317917 0.0639142 -0.199029 0.23245 0.527359 0.817227 0.393435 0.31622 -0.384863 0.867113 0.400795 -0.930002 -0.306262 0.203222 -0.504304 0.187351 -0.87068 -0.45477 0.485867 
1533740961658 0.226091 0.787764 -0.572984 -0.59916 -0.945992 0.317862 0.0637361 -0.199021 0.232339 0.527628 0.817085 0.393485 0.31622 -0.384863 0.867113 0.400795 -0.930002 -0.306262 0.203222 -0.504304 0.187351 -0.87068 -0.45477 0.485867 
1533740961688 0.226078 0.787606 -0.573206 -0.599157 -0.946023 0.317808 0.0635586 -0.199015 0.232228 0.527897 0.816942 0.393534 0.31622 -0.384863 0.867113 0.400795 -0.930002 -0.306262 0.203222 -0.504304 0.187351 -0.87068 -0.45477 0.485867 
1533740961732 0.226065 0.787448 -0.573429 -0.599152 -0.946053 0.317753 0.0633805 -0.199007 0.232118 0.528166 0.8168 0.393583 0.31622 -0.384863 0.867113 0.400795 -0.930002 -0.306262 0.203222 -0.504304 0.187351 -0.87068 -0.45477 0.485867 
1533740961792 0.226072 0.787788 -0.572959 -0.599172 -0.945996 0.317847 0.0637618 -0.199051 0.232344 0.527602 0.8171 0.39352 0.31622 -0.384863 0.867113 0.400795 -0.930002 -0.306262 0.203222 -0.504304 0.187351 -0.87068 -0.45477 0.485867 
1533740961803 0.226049 0.787768 -0.572995 -0.599173 -0.946043 0.317737 0.0636142 -0.199051 0.232175 0.527697 0.817087 0.393538 0.31622 -0.384863 0.867113 0.400795 -0.930002 -0.306262 0.203222 -0.504304 0.187351 -0.87068 -0.45477 0.485867 
1533740961820 0.226029 0.787747 -0.573032 -0.59917 -0.946089 0.317629 0.0634649 -0.199044 0.232006 0.527794 0.817072 0.393559 0.31622 -0.384863 0.867113 0.400795 -0.930002 -0.306262 0.203222 -0.504304 0.187351 -0.87068 -0.45477 0.485867 
1533740961827 0.226008 0.787726 -0.573069 -0.599167 -0.946135 0.31752 0.0633162 -0.19904 0.231837 0.52789 0.817058 0.39358 0.31622 -0.384863 0.867113 0.400795 -0.930002 -0.306262 0.203222 -0.504304 0.187351 -0.87068 -0.45477 0.485867 
1533740961840 0.225988 0.787705 -0.573106 -0.599165 -0.946181 0.317412 0.0631673 -0.199035 0.231668 0.527987 0.817043 0.393601 0.31622 -0.384863 0.867113 0.400795 -0.930002 -0.306262 0.203222 -0.504304 0.187351 -0.87068 -0.45477 0.485867 
1533740961857 0.225968 0.787684 -0.573143 -0.599161 -0.946228 0.317304 0.0630183 -0.199029 0.231499 0.528083 0.817029 0.393622 0.31622 -0.384863 0.867113 0.400795 -0.930002 -0.306262 0.203222 -0.504304 0.187351 -0.87068 -0.45477 0.485867 
1533740961874 0.225947 0.787663 -0.573179 -0.599159 -0.946274 0.317196 0.0628697 -0.199025 0.23133 0.528179 0.817015 0.393642 0.31622 -0.384863 0.867113 0.400795 -0.930002 -0.306262 0.203222 -0.504304 0.187351 -0.87068 -0.45477 0.485867 
1533740961890 0.225927 0.787642 -0.573217 -0.599156 -0.94632 0.317088 0.0627206 -0.199019 0.231161 0.528276 0.817 0.393663 0.31622 -0.384863 0.867113 0.400795 -0.930002 -0.306262 0.203222 -0.504304 0.187351 -0.87068 -0.45477 0.485867 
