1535117872982 0.247409 0.926997 -0.281894 -0.576368 -0.93521 0.304538 0.18066 -0.223798 0.253319 0.218934 0.942283 0.403442 0.219659 -0.131349 0.966694 0.379908 -0.975024 -0.0629145 0.213003 -0.512099 0.0328414 -0.989338 -0.141888 0.446759 
1535117873012 0.247831 0.926959 -0.281649 -0.582768 -0.935341 0.304683 0.179734 -0.226592 0.25242 0.218895 0.942533 0.400472 0.212825 -0.13079 0.968297 0.379803 -0.976968 -0.0441334 0.20877 -0.510201 0.0154293 -0.990427 -0.13717 0.446006 
1535117873620 0.248252 0.926921 -0.281403 -0.589171 -0.935472 0.304827 0.178809 -0.229388 0.251521 0.218855 0.942783 0.397502 0.205994 -0.1301 0.969866 0.379696 -0.978551 -0.0253396 0.204439 -0.508298 -0.00202151 -0.991177 -0.132529 0.445252 
1535117873681 0.248672 0.926883 -0.281157 -0.595574 -0.935602 0.30497 0.177883 -0.232183 0.250622 0.218816 0.943031 0.394532 0.19917 -0.129279 0.9714 0.37959 -0.979771 -0.00654075 0.200015 -0.506395 -0.019504 -0.991587 -0.127966 0.444498 
1535117874246 0.249092 0.926846 -0.28091 -0.601979 -0.935731 0.305113 0.176958 -0.23498 0.249722 0.218777 0.943279 0.391561 0.192354 -0.128326 0.972899 0.379483 -0.980627 0.0122565 0.195498 -0.50449 -0.0370118 -0.991656 -0.123482 0.443744 
1535117874253 0.249512 0.926808 -0.280662 -0.608382 -0.935859 0.305256 0.176032 -0.237776 0.248822 0.218738 0.943526 0.388591 0.18555 -0.127242 0.974362 0.379376 -0.98112 0.0310447 0.190891 -0.502586 -0.0545381 -0.991386 -0.119079 0.44299 
1535117874304 0.249932 0.926769 -0.280415 -0.614786 -0.935985 0.3054 0.175106 -0.240572 0.247922 0.218699 0.943772 0.38562 0.178761 -0.126027 0.975788 0.37927 -0.981249 0.0498169 0.186195 -0.500682 -0.0720764 -0.990775 -0.114759 0.442236 
1535117874314 0.250351 0.926731 -0.280167 -0.621189 -0.936111 0.305543 0.17418 -0.243368 0.247021 0.218661 0.944017 0.38265 0.171988 -0.124683 0.977177 0.379163 -0.981014 0.0685661 0.181412 -0.498779 -0.0896201 -0.989825 -0.110523 0.441482 
1535117875290 0.250771 0.926693 -0.279918 -0.627593 -0.936237 0.305686 0.173254 -0.246164 0.24612 0.218622 0.944261 0.37968 0.165235 -0.123208 0.978528 0.379057 -0.980415 0.0872853 0.176544 -0.496875 -0.107163 -0.988535 -0.106372 0.440728 
1535117875297 0.251189 0.926655 -0.279669 -0.633996 -0.936361 0.30583 0.172328 -0.248959 0.245219 0.218584 0.944504 0.376709 0.158505 -0.121604 0.979841 0.37895 -0.979452 0.105967 0.171593 -0.494971 -0.124697 -0.986906 -0.102309 0.439974 
1535117877015 0.251659 0.926341 -0.280285 -0.633771 -0.936309 0.306326 0.171725 -0.249095 0.244935 0.219218 0.944431 0.376587 0.158981 -0.121653 0.979758 0.37895 -0.97944 0.105389 0.172016 -0.495105 -0.124182 -0.986962 -0.102397 0.440171 
1535117877027 0.251922 0.92614 -0.280715 -0.634569 -0.936556 0.306372 0.170293 -0.249344 0.243718 0.220004 0.944563 0.376184 0.163041 -0.123271 0.978888 0.378945 -0.979985 0.0946312 0.175141 -0.495525 -0.114223 -0.987851 -0.105375 0.440849 
1535117877033 0.252186 0.925938 -0.281142 -0.635369 -0.936801 0.306415 0.16886 -0.249593 0.2425 0.220791 0.944693 0.375781 0.167116 -0.124845 0.978001 0.378941 -0.980409 0.0838571 0.178233 -0.495951 -0.104264 -0.988626 -0.108385 0.441528 
1535117877388 0.252449 0.925737 -0.281569 -0.636169 -0.937044 0.306457 0.167427 -0.249843 0.241282 0.221576 0.944821 0.375379 0.171205 -0.126373 0.977097 0.378938 -0.980712 0.073069 0.181289 -0.496377 -0.0943056 -0.989288 -0.111426 0.442206 
1535117877393 0.252714 0.925535 -0.281996 -0.636969 -0.937286 0.306498 0.165994 -0.250093 0.240064 0.222362 0.944947 0.374976 0.175307 -0.127856 0.976176 0.378934 -0.980894 0.0622681 0.18431 -0.496803 -0.0843498 -0.989836 -0.114497 0.442885 
1535117877483 0.252979 0.925332 -0.282422 -0.637768 -0.937526 0.306538 0.16456 -0.250342 0.238846 0.223148 0.94507 0.374573 0.179422 -0.129293 0.975239 0.37893 -0.980955 0.051456 0.187295 -0.497227 -0.0743978 -0.99027 -0.117598 0.443563 
1535117877755 0.253244 0.925129 -0.282848 -0.638569 -0.937764 0.306577 0.163126 -0.250592 0.237627 0.223933 0.945192 0.37417 0.183548 -0.130684 0.974285 0.378926 -0.980896 0.0406336 0.190244 -0.497654 -0.0644506 -0.990591 -0.120729 0.444242 
1535117878103 0.253511 0.924926 -0.283273 -0.639368 -0.938 0.306615 0.161692 -0.250842 0.236409 0.224719 0.945311 0.373767 0.187686 -0.132029 0.973315 0.378923 -0.980715 0.0298029 0.193156 -0.498079 -0.0545097 -0.990798 -0.123889 0.44492 
1535117878113 0.253777 0.924723 -0.283698 -0.640169 -0.938234 0.306651 0.160257 -0.251092 0.23519 0.225505 0.945428 0.373364 0.191835 -0.133327 0.972329 0.378919 -0.980414 0.0189647 0.196031 -0.498506 -0.0445762 -0.990891 -0.127078 0.445599 
1535117878418 0.254045 0.924519 -0.284122 -0.640969 -0.938466 0.306686 0.158822 -0.251342 0.233971 0.226291 0.945542 0.372961 0.195995 -0.134579 0.971326 0.378915 -0.979993 0.00812087 0.198868 -0.498932 -0.0346515 -0.99087 -0.130295 0.446277 
1535117879300 0.254043 0.924527 -0.2841 -0.640732 -0.938349 0.306795 0.159308 -0.251294 0.234445 0.226114 0.945467 0.37306 0.195467 -0.134587 0.971431 0.378854 -0.980072 0.00891813 0.198441 -0.498847 -0.035371 -0.990862 -0.130162 0.446022 
1535117879308 0.253448 0.924675 -0.284148 -0.640592 -0.938179 0.306552 0.160765 -0.251391 0.235761 0.225836 0.945206 0.37326 0.191682 -0.133373 0.972353 0.378864 -0.980505 0.0176069 0.195704 -0.498387 -0.0432217 -0.99091 -0.127398 0.445395 
1535117879315 0.252854 0.924823 -0.284195 -0.640452 -0.938008 0.306309 0.162221 -0.251488 0.237078 0.225559 0.944943 0.373459 0.187903 -0.132124 0.97326 0.378873 -0.980858 0.0262904 0.192939 -0.497922 -0.0510793 -0.990884 -0.124655 0.444768 
1535117879504 0.252259 0.924971 -0.284242 -0.640312 -0.937835 0.306065 0.163678 -0.251585 0.238394 0.225282 0.944678 0.373659 0.184132 -0.130842 0.974154 0.378881 -0.981133 0.0349684 0.190148 -0.497457 -0.0589439 -0.990786 -0.121934 0.44414 
1535117879610 0.251665 0.925119 -0.284287 -0.640172 -0.937659 0.305821 0.165134 -0.251682 0.239709 0.225006 0.944411 0.373859 0.180369 -0.129525 0.975033 0.37889 -0.981327 0.0436403 0.187331 -0.496992 -0.0668148 -0.990615 -0.119235 0.443512 
1535117879718 0.25107 0.925267 -0.284331 -0.640032 -0.937481 0.305576 0.166589 -0.251779 0.241024 0.224729 0.944142 0.374059 0.176615 -0.128176 0.975899 0.378898 -0.981442 0.0523054 0.184488 -0.496525 -0.0746915 -0.990371 -0.116559 0.442885 
1535117879725 0.250475 0.925415 -0.284375 -0.639892 -0.937301 0.305331 0.168044 -0.251876 0.242339 0.224454 0.943871 0.374258 0.172869 -0.126792 0.97675 0.378907 -0.981477 0.0609628 0.181619 -0.496059 -0.0825733 -0.990054 -0.113905 0.442257 
1535117879953 0.24988 0.925563 -0.284417 -0.639752 -0.937119 0.305086 0.169499 -0.251973 0.243654 0.224178 0.943598 0.374458 0.169133 -0.125375 0.977586 0.378916 -0.981433 0.0696116 0.178727 -0.495595 -0.0904592 -0.989664 -0.111274 0.44163 
1535117879958 0.249285 0.92571 -0.284459 -0.639612 -0.936935 0.30484 0.170953 -0.25207 0.244968 0.223903 0.943323 0.374658 0.165406 -0.123925 0.978409 0.378924 -0.981309 0.0782515 0.175808 -0.495128 -0.098349 -0.989201 -0.108666 0.441002 
1535117880157 0.248691 0.925858 -0.2845 -0.639472 -0.936749 0.304594 0.172407 -0.252167 0.246281 0.223629 0.943046 0.374857 0.16169 -0.122442 0.979216 0.378933 -0.981106 0.0868814 0.172866 -0.494664 -0.106242 -0.988666 -0.106081 0.440375 
1535117880543 0.249378 0.925706 -0.284393 -0.639573 -0.936888 0.304937 0.17104 -0.252106 0.245055 0.22379 0.943327 0.374699 0.17711 -0.128105 0.975818 0.378891 -0.981406 0.0515439 0.184891 -0.496683 -0.073983 -0.99042 -0.116594 0.443289 
1535117880682 0.248505 0.925977 -0.284274 -0.63957 -0.936846 0.304331 0.172342 -0.252284 0.246098 0.223493 0.943126 0.374818 0.179744 -0.13083 0.974975 0.378927 -0.981409 0.0439537 0.186828 -0.496929 -0.0672964 -0.99043 -0.120497 0.443941 
1535117880702 0.247631 0.926248 -0.284154 -0.639569 -0.936803 0.303724 0.173644 -0.252462 0.247142 0.223196 0.942923 0.374936 0.182398 -0.133533 0.974115 0.378965 -0.981355 0.0363553 0.188737 -0.497181 -0.0606169 -0.990377 -0.124412 0.444594 
1535117880938 0.246758 0.926518 -0.284032 -0.639568 -0.936758 0.303116 0.174945 -0.252641 0.248185 0.2229 0.942719 0.375055 0.185068 -0.136214 0.97324 0.379003 -0.981244 0.0287498 0.190614 -0.497433 -0.0539449 -0.990262 -0.128339 0.445247 
1535117881142 0.245884 0.926788 -0.28391 -0.639568 -0.93671 0.302508 0.176247 -0.252819 0.249228 0.222605 0.942514 0.375173 0.187757 -0.138873 0.972349 0.379041 -0.981077 0.0211377 0.192461 -0.497686 -0.0472809 -0.990085 -0.132277 0.4459 
1535117881347 0.245011 0.927057 -0.283786 -0.639567 -0.936661 0.301899 0.177548 -0.252998 0.250271 0.22231 0.942307 0.375292 0.190462 -0.14151 0.971442 0.379079 -0.980854 0.0135194 0.194276 -0.497939 -0.0406253 -0.989845 -0.136225 0.446552 
1535117881352 0.244138 0.927326 -0.283662 -0.639566 -0.93661 0.30129 0.178848 -0.253176 0.251315 0.222017 0.942099 0.37541 0.193183 -0.144124 0.97052 0.379117 -0.980574 0.00589572 0.19606 -0.49819 -0.0339788 -0.989542 -0.140185 0.447205 
1535117881359 0.243264 0.927594 -0.283535 -0.639565 -0.936557 0.30068 0.180148 -0.253355 0.252358 0.221723 0.941889 0.375529 0.195921 -0.146715 0.969582 0.379155 -0.980238 -0.00173323 0.197812 -0.498443 -0.0273415 -0.989177 -0.144155 0.447858 
1535117881685 0.24239 0.927861 -0.283408 -0.639564 -0.936501 0.300069 0.181448 -0.253534 0.2534 0.221431 0.941678 0.375647 0.198675 -0.149283 0.968629 0.379193 -0.979846 -0.00936651 0.199533 -0.498695 -0.0207141 -0.98875 -0.148135 0.448511 
1535117881694 0.241517 0.928128 -0.283279 -0.639563 -0.936444 0.299458 0.182747 -0.253712 0.254443 0.221139 0.941465 0.375766 0.201446 -0.151828 0.967661 0.37923 -0.979398 -0.0170038 0.201221 -0.498946 -0.014097 -0.988261 -0.152125 0.449163 
1535117882451 0.241829 0.927999 -0.283436 -0.639594 -0.936563 0.299613 0.181885 -0.253485 0.253711 0.22147 0.941585 0.375627 0.189746 -0.141563 0.971574 0.379016 -0.980954 0.0145257 0.193694 -0.497903 -0.0415328 -0.989823 -0.136111 0.446088 
1535117882592 0.241481 0.92816 -0.283206 -0.639646 -0.936641 0.299247 0.182085 -0.253612 0.253752 0.221292 0.941615 0.37562 0.190151 -0.140133 0.971702 0.378992 -0.980958 0.0127509 0.193801 -0.497952 -0.0395478 -0.990051 -0.13504 0.44597 
1535117882627 0.241134 0.928321 -0.282975 -0.639702 -0.936719 0.29888 0.182285 -0.253742 0.253794 0.221113 0.941646 0.375611 0.190553 -0.1387 0.971829 0.378968 -0.980958 0.0109762 0.19391 -0.498005 -0.0375623 -0.990274 -0.133968 0.445853 
1535117882633 0.240785 0.928482 -0.282743 -0.639759 -0.936797 0.298513 0.182486 -0.253872 0.253837 0.220933 0.941677 0.375603 0.190954 -0.137267 0.971954 0.378945 -0.980954 0.00920145 0.194021 -0.49806 -0.0355761 -0.990491 -0.132896 0.445736 
1535117882832 0.240437 0.928643 -0.282512 -0.639815 -0.936875 0.298146 0.182686 -0.254001 0.253879 0.220754 0.941708 0.375595 0.191351 -0.135833 0.972077 0.378922 -0.980947 0.00742697 0.194135 -0.498114 -0.0335895 -0.990704 -0.131824 0.445619 
1535117882883 0.240089 0.928803 -0.28228 -0.639871 -0.936953 0.297778 0.182886 -0.25413 0.253922 0.220574 0.941738 0.375587 0.191745 -0.134398 0.972199 0.378898 -0.980936 0.00565275 0.194249 -0.498166 -0.0316023 -0.990911 -0.130752 0.445502 
1535117883022 0.239741 0.928963 -0.282048 -0.639928 -0.93703 0.297411 0.183086 -0.25426 0.253965 0.220395 0.941769 0.375578 0.192136 -0.132962 0.972319 0.378875 -0.980921 0.00387852 0.194367 -0.49822 -0.0296145 -0.991114 -0.12968 0.445384 
1535117883066 0.239393 0.929123 -0.281817 -0.639985 -0.937108 0.297044 0.183286 -0.25439 0.254007 0.220215 0.941799 0.37557 0.192525 -0.131525 0.972438 0.378851 -0.980903 0.00210445 0.194486 -0.498274 -0.0276261 -0.991311 -0.128608 0.445267 
1535117883104 0.239045 0.929283 -0.281585 -0.640041 -0.937185 0.296676 0.183486 -0.254519 0.25405 0.220036 0.941829 0.375562 0.192911 -0.130087 0.972555 0.378828 -0.980881 0.000330658 0.194606 -0.498327 -0.0256373 -0.991503 -0.127536 0.44515 
1535117883198 0.238697 0.929443 -0.281353 -0.640097 -0.937262 0.296309 0.183686 -0.254649 0.254093 0.219856 0.94186 0.375553 0.193293 -0.128648 0.97267 0.378804 -0.980856 -0.00144295 0.194729 -0.498381 -0.023648 -0.991689 -0.126464 0.445033 
1535117883753 0.239019 0.929291 -0.281581 -0.640028 -0.937207 0.296637 0.183435 -0.254444 0.253992 0.220055 0.941841 0.375559 0.193248 -0.131175 0.972342 0.378948 -0.980821 -0.000184348 0.194909 -0.498487 -0.025388 -0.991359 -0.128695 0.445228 
1535117883877 0.239394 0.929252 -0.281392 -0.640032 -0.937227 0.296857 0.182979 -0.254452 0.253566 0.219924 0.941986 0.375522 0.194772 -0.133474 0.971725 0.378963 -0.980587 -0.00362165 0.196051 -0.49865 -0.0226484 -0.991046 -0.131588 0.445686 
1535117883915 0.23977 0.929212 -0.281203 -0.640036 -0.937246 0.297078 0.182521 -0.254461 0.25314 0.219793 0.942131 0.375486 0.196304 -0.135766 0.971099 0.37898 -0.980341 -0.00706214 0.197185 -0.498818 -0.0199129 -0.990716 -0.134483 0.446144 
1535117883923 0.240145 0.929173 -0.281013 -0.64004 -0.937265 0.297298 0.182064 -0.254469 0.252713 0.219662 0.942276 0.375449 0.197842 -0.138051 0.970464 0.378997 -0.980083 -0.0105052 0.198308 -0.498987 -0.0171818 -0.990369 -0.13738 0.446602 
1535117883993 0.24052 0.929134 -0.280822 -0.640043 -0.937284 0.297519 0.181607 -0.254478 0.252287 0.21953 0.942421 0.375413 0.199386 -0.14033 0.969821 0.379014 -0.979814 -0.0139508 0.199422 -0.499156 -0.0144551 -0.990006 -0.140279 0.447061 
1535117884042 0.240895 0.929094 -0.280632 -0.640047 -0.937303 0.297739 0.18115 -0.254486 0.25186 0.219399 0.942566 0.375376 0.200936 -0.142603 0.969169 0.379031 -0.979534 -0.017399 0.200525 -0.499326 -0.0117328 -0.989627 -0.14318 0.447519 
1535117884058 0.24127 0.929054 -0.280441 -0.640051 -0.937321 0.29796 0.180692 -0.254494 0.251433 0.219268 0.94271 0.375339 0.202491 -0.144869 0.968509 0.379048 -0.979243 -0.0208494 0.201616 -0.499493 -0.00901517 -0.989231 -0.146084 0.447977 
1535117884213 0.241644 0.929014 -0.280251 -0.640055 -0.937339 0.29818 0.180235 -0.254503 0.251006 0.219137 0.942855 0.375303 0.204053 -0.147129 0.967841 0.379065 -0.97894 -0.0243023 0.202698 -0.499663 -0.00630199 -0.988819 -0.148989 0.448436 
1535117884244 0.242019 0.928974 -0.28006 -0.640059 -0.937356 0.298401 0.179778 -0.254511 0.250579 0.219006 0.942999 0.375266 0.20562 -0.149382 0.967164 0.379082 -0.978625 -0.0277573 0.203769 -0.499831 -0.00359358 -0.98839 -0.151896 0.448894 
1535117884280 0.242394 0.928934 -0.279869 -0.640062 -0.937374 0.298622 0.179321 -0.25452 0.250152 0.218876 0.943142 0.37523 0.207193 -0.151628 0.966478 0.379099 -0.9783 -0.0312147 0.20483 -0.500001 -0.00088972 -0.987945 -0.154805 0.449352 
1535117884494 0.241676 0.928998 -0.280277 -0.640049 -0.937331 0.298215 0.180217 -0.254528 0.251004 0.219158 0.94285 0.375311 0.197568 -0.137153 0.970647 0.378966 -0.980124 -0.009475 0.198158 -0.498794 -0.0179811 -0.990505 -0.136299 0.446416 
1535117884514 0.24238 0.928847 -0.280171 -0.639862 -0.937209 0.298814 0.179861 -0.254433 0.250782 0.218984 0.94295 0.375345 0.198497 -0.138799 0.970224 0.379039 -0.979975 -0.0121979 0.198747 -0.499006 -0.0157511 -0.990245 -0.138441 0.446724 
1535117884652 0.243084 0.928694 -0.280066 -0.639671 -0.937086 0.299414 0.179504 -0.254336 0.25056 0.218811 0.943049 0.375379 0.199431 -0.140441 0.969796 0.379114 -0.979819 -0.0149227 0.199331 -0.499223 -0.0135224 -0.989977 -0.140583 0.447032 
1535117884803 0.243788 0.928542 -0.27996 -0.63948 -0.936962 0.300013 0.179147 -0.254239 0.250337 0.218638 0.943148 0.375414 0.200369 -0.142081 0.969363 0.379188 -0.979655 -0.0176483 0.199909 -0.49944 -0.0112956 -0.989698 -0.142726 0.447341 
1535117884942 0.244492 0.928388 -0.279854 -0.639289 -0.936838 0.300612 0.17879 -0.254142 0.250114 0.218466 0.943247 0.375448 0.20131 -0.143717 0.968927 0.379263 -0.979486 -0.0203748 0.200482 -0.499657 -0.00907089 -0.989409 -0.14487 0.447649 
1535117885077 0.245196 0.928235 -0.279748 -0.639097 -0.936714 0.301212 0.178433 -0.254044 0.249891 0.218293 0.943346 0.375483 0.202256 -0.14535 0.968487 0.379337 -0.979309 -0.0231022 0.201048 -0.499874 -0.00684814 -0.989111 -0.147015 0.447958 
1535117885090 0.2459 0.928081 -0.279642 -0.638907 -0.936589 0.301811 0.178077 -0.253947 0.249668 0.21812 0.943445 0.375518 0.203204 -0.14698 0.968042 0.379412 -0.979126 -0.0258303 0.201609 -0.50009 -0.00462754 -0.988802 -0.14916 0.448266 
1535117885232 0.246603 0.927926 -0.279535 -0.638715 -0.936463 0.30241 0.17772 -0.25385 0.249445 0.217948 0.943544 0.375552 0.204156 -0.148606 0.967593 0.379486 -0.978935 -0.0285593 0.202163 -0.500308 -0.00240891 -0.988484 -0.151306 0.448574 
1535117885453 0.247307 0.927771 -0.279428 -0.638524 -0.936337 0.303009 0.177363 -0.253753 0.249222 0.217776 0.943643 0.375587 0.205112 -0.15023 0.96714 0.379561 -0.978739 -0.0312889 0.202711 -0.500524 -0.000192471 -0.988156 -0.153453 0.448883 
1535117885484 0.24801 0.927616 -0.279321 -0.638332 -0.936211 0.303608 0.177007 -0.253655 0.248998 0.217604 0.943742 0.375622 0.206071 -0.15185 0.966683 0.379635 -0.978535 -0.0340194 0.203254 -0.500742 0.00202194 -0.987818 -0.155601 0.449191 
1535117885882 0.24744 0.92775 -0.27938 -0.638466 -0.936373 0.303065 0.177079 -0.253772 0.248955 0.217787 0.943711 0.375557 0.205849 -0.151261 0.966823 0.379622 -0.978583 -0.0326856 0.203239 -0.500557 0.000859129 -0.987953 -0.154749 0.448884 
1535117885895 0.247715 0.927672 -0.279396 -0.638131 -0.936365 0.303274 0.176764 -0.253609 0.248712 0.21783 0.943765 0.375674 0.206375 -0.149636 0.966964 0.379653 -0.978472 -0.0329302 0.203736 -0.500752 0.00135626 -0.988193 -0.15321 0.448674 
1535117885902 0.247992 0.927593 -0.279413 -0.637791 -0.936356 0.303485 0.176447 -0.253444 0.248469 0.217873 0.943819 0.375792 0.206904 -0.14801 0.967101 0.379685 -0.97836 -0.0331744 0.204235 -0.500948 0.00185429 -0.988429 -0.15167 0.448465 
1535117885912 0.248268 0.927514 -0.27943 -0.637451 -0.936348 0.303695 0.176131 -0.253279 0.248226 0.217916 0.943873 0.37591 0.207431 -0.146383 0.967235 0.379716 -0.978247 -0.0334178 0.204735 -0.501145 0.00235314 -0.988663 -0.150131 0.448255 
1535117886215 0.248544 0.927435 -0.279447 -0.637111 -0.936339 0.303906 0.175815 -0.253114 0.247982 0.217959 0.943927 0.376028 0.207958 -0.144756 0.967367 0.379748 -0.978134 -0.0336603 0.205235 -0.501342 0.00285287 -0.988895 -0.148591 0.448046 
1535117886333 0.248821 0.927356 -0.279463 -0.636771 -0.93633 0.304116 0.175499 -0.252949 0.247739 0.218002 0.943981 0.376147 0.208483 -0.143128 0.967496 0.37978 -0.97802 -0.033902 0.205736 -0.501539 0.00335346 -0.989123 -0.14705 0.447836 
1535117886528 0.249097 0.927276 -0.27948 -0.63643 -0.936321 0.304327 0.175182 -0.252783 0.247496 0.218045 0.944035 0.376265 0.209008 -0.1415 0.967622 0.379812 -0.977906 -0.0341429 0.206237 -0.501736 0.00385488 -0.989349 -0.14551 0.447627 
1535117886581 0.249374 0.927197 -0.279496 -0.636091 -0.936311 0.304537 0.174866 -0.252618 0.247252 0.218089 0.944089 0.376383 0.209532 -0.139872 0.967746 0.379843 -0.977792 -0.0343828 0.206738 -0.501932 0.00435706 -0.989572 -0.14397 0.447417 
1535117886839 0.24965 0.927118 -0.279513 -0.63575 -0.936302 0.304747 0.17455 -0.252453 0.247009 0.218132 0.944142 0.376501 0.210056 -0.138243 0.967866 0.379875 -0.977677 -0.0346222 0.20724 -0.502129 0.00486028 -0.989793 -0.142429 0.447208 
1535117887029 0.249926 0.927038 -0.279529 -0.63541 -0.936292 0.304958 0.174233 -0.252288 0.246766 0.218176 0.944196 0.376619 0.210577 -0.136613 0.967985 0.379907 -0.977562 -0.0348603 0.207741 -0.502326 0.00536403 -0.990011 -0.140889 0.446998 
1535117887412 0.24965 0.927101 -0.279569 -0.635632 -0.936315 0.304747 0.174483 -0.252316 0.246962 0.218205 0.944138 0.376564 0.210289 -0.137352 0.967943 0.379856 -0.977625 -0.0348591 0.207446 -0.502253 0.00524854 -0.989909 -0.141609 0.447089 
1535117887423 0.249757 0.927056 -0.279621 -0.63517 -0.93617 0.304962 0.174885 -0.252138 0.247402 0.218094 0.944048 0.376682 0.210571 -0.138568 0.967708 0.379911 -0.977565 -0.0351122 0.207688 -0.502346 0.00519952 -0.98973 -0.142853 0.447197 
1535117887429 0.249865 0.927011 -0.279673 -0.634704 -0.936024 0.305177 0.175286 -0.251958 0.247842 0.217983 0.943959 0.376801 0.210858 -0.139773 0.967472 0.379966 -0.977503 -0.0353686 0.207934 -0.502441 0.00515459 -0.989552 -0.144086 0.447304 
1535117887614 0.249973 0.926966 -0.279726 -0.634236 -0.935879 0.305393 0.175687 -0.251777 0.248282 0.217872 0.943868 0.37692 0.211145 -0.140977 0.967235 0.380022 -0.977441 -0.0356252 0.20818 -0.502536 0.00510926 -0.989372 -0.145319 0.447412 
1535117887701 0.250081 0.926922 -0.279778 -0.633771 -0.935733 0.305608 0.176087 -0.251598 0.248722 0.217761 0.943778 0.377038 0.211432 -0.142181 0.966996 0.380078 -0.97738 -0.0358822 0.208427 -0.50263 0.00506365 -0.98919 -0.146552 0.447519 
1535117887712 0.25019 0.926877 -0.27983 -0.633304 -0.935587 0.305824 0.176488 -0.251417 0.249161 0.21765 0.943688 0.377157 0.211719 -0.143385 0.966755 0.380134 -0.977318 -0.0361395 0.208672 -0.502725 0.00501765 -0.989007 -0.147784 0.447626 
1535117887866 0.250298 0.926831 -0.279883 -0.632837 -0.935441 0.306039 0.176888 -0.251237 0.249601 0.217539 0.943597 0.377276 0.212006 -0.144588 0.966513 0.38019 -0.977256 -0.036397 0.208917 -0.50282 0.00497121 -0.988822 -0.149016 0.447734 
1535117888045 0.250406 0.926787 -0.279935 -0.632371 -0.935295 0.306255 0.177289 -0.251057 0.25004 0.217428 0.943507 0.377395 0.212293 -0.145792 0.966269 0.380245 -0.977194 -0.0366549 0.209162 -0.502914 0.00492443 -0.988636 -0.150248 0.447841 
1535117888152 0.250514 0.926741 -0.279988 -0.631903 -0.935149 0.30647 0.177689 -0.250876 0.25048 0.217317 0.943416 0.377514 0.21258 -0.146994 0.966024 0.380301 -0.977132 -0.0369132 0.209407 -0.503009 0.00487735 -0.988448 -0.15148 0.447948 
1535117888272 0.250622 0.926696 -0.280041 -0.631437 -0.935002 0.306685 0.178089 -0.250696 0.250919 0.217205 0.943325 0.377632 0.212866 -0.148197 0.965777 0.380357 -0.977069 -0.0371716 0.209651 -0.503104 0.00482985 -0.988259 -0.152711 0.448056 
1535117888677 0.250163 0.926916 -0.279722 -0.631678 -0.935246 0.306081 0.177848 -0.250646 0.250468 0.217118 0.943465 0.377654 0.21265 -0.147097 0.965993 0.3803 -0.977117 -0.0368937 0.209481 -0.502994 0.00482505 -0.988434 -0.151576 0.447894 
1535117888688 0.250129 0.926891 -0.279838 -0.631331 -0.935163 0.30615 0.178162 -0.250528 0.250809 0.217131 0.943371 0.377746 0.21279 -0.14671 0.966021 0.380343 -0.977078 -0.0381962 0.209425 -0.503072 0.0061736 -0.988442 -0.151475 0.447819 
1535117888705 0.250096 0.926865 -0.279954 -0.630981 -0.935081 0.30622 0.178475 -0.250408 0.25115 0.217143 0.943278 0.377839 0.21293 -0.146323 0.966049 0.380386 -0.977038 -0.039498 0.20937 -0.503151 0.00752143 -0.988448 -0.151373 0.447744 
1535117888885 0.250063 0.926839 -0.280069 -0.63063 -0.934998 0.30629 0.178788 -0.250288 0.25149 0.217156 0.943184 0.377933 0.213069 -0.145936 0.966077 0.380429 -0.976997 -0.0407996 0.209314 -0.503231 0.00886914 -0.988452 -0.151272 0.447669 
1535117888914 0.25003 0.926812 -0.280185 -0.630279 -0.934915 0.30636 0.179101 -0.250168 0.251831 0.217169 0.94309 0.378026 0.213209 -0.145548 0.966104 0.380472 -0.976953 -0.0421016 0.20926 -0.50331 0.0102171 -0.988455 -0.15117 0.447594 
1535117889158 0.249998 0.926786 -0.280301 -0.629927 -0.934832 0.306431 0.179414 -0.250048 0.252171 0.217181 0.942996 0.378119 0.213347 -0.145161 0.966132 0.380516 -0.976908 -0.0434033 0.209206 -0.50339 0.0115649 -0.988456 -0.151069 0.447519 
1535117889168 0.249965 0.92676 -0.280417 -0.629575 -0.934749 0.306501 0.179727 -0.249928 0.252511 0.217194 0.942902 0.378212 0.213485 -0.144773 0.96616 0.380559 -0.976861 -0.044705 0.209151 -0.503469 0.0129128 -0.988454 -0.150967 0.447444 
1535117889326 0.249932 0.926734 -0.280533 -0.629225 -0.934666 0.306571 0.180039 -0.249808 0.252852 0.217207 0.942808 0.378305 0.213623 -0.144385 0.966188 0.380602 -0.976812 -0.0460066 0.209097 -0.503548 0.0142605 -0.988452 -0.150865 0.44737 
1535117889513 0.249899 0.926708 -0.280648 -0.628874 -0.934582 0.306641 0.180352 -0.249688 0.253192 0.217219 0.942714 0.378399 0.21376 -0.143997 0.966215 0.380645 -0.976762 -0.0473081 0.209043 -0.503628 0.0156083 -0.988447 -0.150763 0.447295 
1535117889563 0.249866 0.926681 -0.280764 -0.628522 -0.934499 0.306711 0.180665 -0.249567 0.253532 0.217232 0.942619 0.378492 0.213896 -0.143608 0.966243 0.380688 -0.976709 -0.0486096 0.208989 -0.503707 0.0169561 -0.98844 -0.150661 0.44722 
1535117890000 0.249771 0.926759 -0.280594 -0.628727 -0.934589 0.306532 0.180504 -0.24963 0.253295 0.217155 0.942701 0.378478 0.213937 -0.143867 0.966195 0.380714 -0.976713 -0.0479144 0.209132 -0.503576 0.0162075 -0.988436 -0.150767 0.447274 
1535117890012 0.249817 0.926682 -0.280804 -0.628339 -0.934514 0.30667 0.180655 -0.24948 0.253524 0.217285 0.942609 0.378605 0.213881 -0.144207 0.966157 0.380745 -0.976723 -0.048093 0.209042 -0.503641 0.01632 -0.988378 -0.151137 0.447297 
1535117890018 0.24986 0.926607 -0.281017 -0.627964 -0.934445 0.306802 0.180789 -0.249329 0.253737 0.217423 0.942521 0.378725 0.213827 -0.144546 0.966118 0.380777 -0.976733 -0.0482722 0.208954 -0.503706 0.0164332 -0.98832 -0.151505 0.44732 
1535117890025 0.249903 0.926531 -0.281229 -0.627588 -0.934376 0.306934 0.180923 -0.249177 0.253949 0.217561 0.942432 0.378846 0.213771 -0.144885 0.96608 0.380808 -0.976744 -0.0484513 0.208864 -0.503771 0.0165464 -0.988261 -0.151873 0.447343 
1535117890032 0.249945 0.926455 -0.281441 -0.627213 -0.934307 0.307066 0.181057 -0.249026 0.254162 0.217698 0.942342 0.378967 0.213717 -0.145224 0.966041 0.38084 -0.976754 -0.0486306 0.208776 -0.503836 0.0166599 -0.988203 -0.152241 0.447366 
1535117890205 0.249988 0.926379 -0.281653 -0.626839 -0.934238 0.307197 0.181191 -0.248875 0.254374 0.217836 0.942253 0.379087 0.213662 -0.145563 0.966002 0.380871 -0.976764 -0.0488099 0.208687 -0.503901 0.0167733 -0.988144 -0.152609 0.447389 
1535117890228 0.250031 0.926303 -0.281866 -0.626464 -0.934168 0.307329 0.181324 -0.248723 0.254587 0.217973 0.942164 0.379208 0.213607 -0.145902 0.965963 0.380902 -0.976774 -0.0489887 0.208598 -0.503966 0.0168865 -0.988085 -0.152978 0.447412 
1535117890246 0.250073 0.926226 -0.282078 -0.62609 -0.934099 0.307461 0.181458 -0.248572 0.254799 0.218111 0.942075 0.379329 0.213553 -0.146241 0.965924 0.380934 -0.976784 -0.0491681 0.208509 -0.504031 0.017 -0.988026 -0.153346 0.447435 
1535117890276 0.250116 0.92615 -0.28229 -0.625714 -0.934029 0.307593 0.181592 -0.24842 0.255011 0.218248 0.941986 0.37945 0.213497 -0.14658 0.965885 0.380965 -0.976794 -0.0493469 0.20842 -0.504097 0.0171133 -0.987967 -0.153714 0.447458 
1535117890282 0.250159 0.926074 -0.282502 -0.62534 -0.93396 0.307725 0.181725 -0.248269 0.255224 0.218386 0.941896 0.37957 0.213442 -0.146919 0.965845 0.380997 -0.976804 -0.0495259 0.208331 -0.504162 0.0172267 -0.987908 -0.154082 0.447481 
1535117890759 0.249701 0.926374 -0.281923 -0.625581 -0.93412 0.307143 0.18189 -0.248146 0.255088 0.217931 0.942038 0.379592 0.2135 -0.145936 0.965982 0.380869 -0.976801 -0.048772 0.208523 -0.504002 0.0166818 -0.988091 -0.152963 0.447304 
1535117890771 0.249771 0.926325 -0.282022 -0.625444 -0.934075 0.307252 0.181935 -0.248109 0.255183 0.217988 0.942 0.379627 0.213456 -0.146556 0.965897 0.380903 -0.976798 -0.0496188 0.208337 -0.504073 0.0173938 -0.987957 -0.153747 0.447418 
1535117890777 0.249842 0.926275 -0.282122 -0.625303 -0.93403 0.307361 0.181979 -0.248069 0.255277 0.218045 0.941961 0.379662 0.213414 -0.147176 0.965812 0.380938 -0.976794 -0.0504664 0.208151 -0.504145 0.0181063 -0.987822 -0.154531 0.447532 
1535117890789 0.249914 0.926225 -0.282223 -0.625162 -0.933986 0.307471 0.182024 -0.24803 0.25537 0.218102 0.941922 0.379698 0.213373 -0.147796 0.965727 0.380973 -0.97679 -0.0513139 0.207964 -0.504217 0.0188189 -0.987686 -0.155315 0.447646 
1535117890799 0.249985 0.926176 -0.282323 -0.62502 -0.933941 0.30758 0.182069 -0.24799 0.255464 0.218159 0.941884 0.379733 0.213332 -0.148416 0.965641 0.381008 -0.976785 -0.0521612 0.207777 -0.50429 0.0195316 -0.987548 -0.156098 0.44776 
1535117890806 0.250056 0.926126 -0.282423 -0.624878 -0.933896 0.30769 0.182113 -0.24795 0.255558 0.218216 0.941845 0.379769 0.213291 -0.149036 0.965554 0.381043 -0.976779 -0.0530084 0.207589 -0.504363 0.0202442 -0.98741 -0.156882 0.447874 
1535117890812 0.250127 0.926076 -0.282524 -0.624736 -0.933851 0.3078 0.182158 -0.247911 0.255652 0.218273 0.941806 0.379805 0.213251 -0.149656 0.965467 0.381078 -0.976773 -0.0538555 0.2074 -0.504435 0.0209569 -0.98727 -0.157665 0.447988 
1535117891027 0.250199 0.926026 -0.282624 -0.624595 -0.933806 0.307909 0.182202 -0.247871 0.255746 0.218329 0.941767 0.37984 0.213212 -0.150276 0.96538 0.381113 -0.976766 -0.0547023 0.207211 -0.504508 0.0216696 -0.98713 -0.158448 0.448102 
1535117891065 0.25027 0.925976 -0.282724 -0.624454 -0.933762 0.308019 0.182247 -0.247832 0.25584 0.218386 0.941729 0.379876 0.213172 -0.150896 0.965292 0.381148 -0.976758 -0.0555489 0.207021 -0.50458 0.0223822 -0.986988 -0.159231 0.448216 
1535117891202 0.250341 0.925926 -0.282825 -0.624311 -0.933717 0.308128 0.182291 -0.247792 0.255934 0.218443 0.94169 0.379912 0.213134 -0.151516 0.965203 0.381183 -0.97675 -0.0563956 0.20683 -0.504653 0.023095 -0.986845 -0.160013 0.44833 
1535117891395 0.250421 0.925919 -0.282778 -0.624515 -0.933694 0.308197 0.182292 -0.247905 0.255939 0.218378 0.941704 0.37985 0.213149 -0.150446 0.965367 0.381065 -0.976772 -0.055066 0.207085 -0.504547 0.0220038 -0.987084 -0.158688 0.448203 
1535117891408 0.250446 0.925886 -0.282863 -0.624257 -0.933663 0.308257 0.182347 -0.247807 0.256027 0.218431 0.941668 0.379925 0.212973 -0.151078 0.965307 0.381076 -0.976846 -0.053523 0.207142 -0.504657 0.0203714 -0.987072 -0.158979 0.448262 
1535117891430 0.25047 0.925853 -0.282949 -0.623996 -0.933632 0.308318 0.182403 -0.247707 0.256117 0.218484 0.941631 0.380001 0.212796 -0.15171 0.965247 0.381086 -0.976917 -0.0519809 0.207198 -0.504766 0.0187402 -0.987057 -0.15927 0.448321 
1535117891604 0.250494 0.925821 -0.283035 -0.623734 -0.933601 0.308379 0.182458 -0.247607 0.256206 0.218537 0.941595 0.380076 0.212617 -0.152342 0.965187 0.381097 -0.976986 -0.0504388 0.207255 -0.504876 0.0171091 -0.98704 -0.15956 0.44838 
1535117891611 0.250519 0.925788 -0.283121 -0.623472 -0.93357 0.30844 0.182513 -0.247506 0.256295 0.21859 0.941558 0.380152 0.212438 -0.152974 0.965126 0.381108 -0.977052 -0.0488965 0.207313 -0.504985 0.0154779 -0.98702 -0.159851 0.448439 
1535117891821 0.250543 0.925755 -0.283207 -0.623209 -0.933539 0.308502 0.182569 -0.247406 0.256384 0.218644 0.941521 0.380228 0.212257 -0.153605 0.965066 0.381118 -0.977116 -0.047354 0.20737 -0.505095 0.0138466 -0.986997 -0.160141 0.448499 
1535117891930 0.250568 0.925722 -0.283293 -0.622948 -0.933508 0.308563 0.182624 -0.247306 0.256473 0.218697 0.941485 0.380304 0.212076 -0.154236 0.965005 0.381129 -0.977177 -0.0458118 0.207429 -0.505204 0.0122156 -0.986971 -0.160432 0.448558 
1535117891937 0.250592 0.925689 -0.283379 -0.622685 -0.933477 0.308624 0.182679 -0.247205 0.256562 0.21875 0.941448 0.38038 0.211892 -0.154867 0.964944 0.381139 -0.977236 -0.0442691 0.207487 -0.505314 0.0105844 -0.986943 -0.160722 0.448617 
1535117891971 0.250616 0.925656 -0.283465 -0.622424 -0.933446 0.308685 0.182735 -0.247105 0.256651 0.218803 0.941411 0.380455 0.211709 -0.155497 0.964883 0.38115 -0.977292 -0.0427267 0.207546 -0.505423 0.00895342 -0.986912 -0.161012 0.448676 
1535117891978 0.250641 0.925623 -0.283551 -0.622163 -0.933415 0.308746 0.18279 -0.247005 0.25674 0.218856 0.941375 0.380531 0.211525 -0.156127 0.964822 0.381161 -0.977345 -0.0411841 0.207606 -0.505533 0.00732239 -0.986878 -0.161302 0.448735 
1535117892519 0.250284 0.92581 -0.283256 -0.622406 -0.933554 0.308311 0.182816 -0.246961 0.256584 0.218678 0.941459 0.380535 0.211582 -0.155542 0.964904 0.381085 -0.977324 -0.0422091 0.207502 -0.505462 0.00845254 -0.986927 -0.160946 0.448683 
1535117892533 0.25046 0.92575 -0.283294 -0.622239 -0.933504 0.308489 0.182772 -0.246905 0.256595 0.218679 0.941456 0.380554 0.211655 -0.154509 0.965054 0.381066 -0.977303 -0.0425621 0.207527 -0.505518 0.00900997 -0.987074 -0.16001 0.448545 
1535117892541 0.250636 0.92569 -0.283336 -0.622056 -0.933453 0.308668 0.18273 -0.246844 0.256608 0.218682 0.941451 0.380578 0.211723 -0.153484 0.965203 0.381047 -0.977283 -0.0428831 0.207554 -0.505579 0.00953476 -0.98722 -0.159076 0.448407 
1535117892563 0.250812 0.92563 -0.283377 -0.621874 -0.933402 0.308847 0.182688 -0.246784 0.256621 0.218684 0.941447 0.380602 0.21179 -0.152459 0.96535 0.381029 -0.977263 -0.0432039 0.20758 -0.50564 0.0100595 -0.987365 -0.158142 0.448268 
1535117892742 0.250988 0.92557 -0.283418 -0.621691 -0.933351 0.309026 0.182646 -0.246723 0.256635 0.218687 0.941443 0.380625 0.211857 -0.151433 0.965497 0.38101 -0.977243 -0.0435248 0.207608 -0.5057 0.0105844 -0.987509 -0.157208 0.44813 
1535117892748 0.251163 0.92551 -0.283459 -0.62151 -0.9333 0.309204 0.182604 -0.246663 0.256648 0.218689 0.941439 0.380649 0.211923 -0.150408 0.965643 0.380991 -0.977223 -0.0438456 0.207635 -0.505761 0.0111093 -0.987651 -0.156274 0.447992 
1535117892944 0.251339 0.925449 -0.2835 -0.621327 -0.933249 0.309383 0.182562 -0.246602 0.256662 0.218691 0.941434 0.380673 0.211989 -0.149382 0.965788 0.380973 -0.977203 -0.0441665 0.207663 -0.505821 0.0116343 -0.987793 -0.155339 0.447854 
1535117892953 0.251515 0.925389 -0.283542 -0.621144 -0.933198 0.309562 0.182519 -0.246542 0.256675 0.218694 0.94143 0.380697 0.212055 -0.148356 0.965931 0.380954 -0.977182 -0.0444875 0.207692 -0.505882 0.0121595 -0.987933 -0.154405 0.447716 
1535117893030 0.251691 0.925328 -0.283583 -0.620962 -0.933147 0.309741 0.182477 -0.246481 0.256688 0.218696 0.941426 0.38072 0.212119 -0.14733 0.966074 0.380936 -0.977162 -0.0448081 0.20772 -0.505942 0.0126846 -0.988072 -0.15347 0.447578 
1535117893137 0.251866 0.925268 -0.283624 -0.620781 -0.933096 0.309919 0.182435 -0.246421 0.256702 0.218699 0.941422 0.380744 0.212183 -0.146304 0.966216 0.380917 -0.977141 -0.0451287 0.207748 -0.506003 0.0132097 -0.98821 -0.152535 0.44744 
1535117893375 0.251579 0.925359 -0.283581 -0.621024 -0.933164 0.309644 0.18255 -0.246436 0.256734 0.218702 0.941412 0.380727 0.211948 -0.148444 0.965941 0.380918 -0.977201 -0.0448667 0.207523 -0.505928 0.0125331 -0.987903 -0.154569 0.447739 
1535117893399 0.25164 0.925355 -0.28354 -0.620755 -0.933117 0.309721 0.182661 -0.246348 0.256845 0.218611 0.941403 0.380786 0.212426 -0.145936 0.966218 0.38089 -0.977048 -0.0478087 0.207586 -0.506032 0.0158994 -0.988138 -0.152742 0.447442 
1535117893415 0.251702 0.925351 -0.2835 -0.620483 -0.93307 0.309798 0.182771 -0.246259 0.256955 0.218521 0.941394 0.380847 0.212915 -0.143563 0.966466 0.380867 -0.976882 -0.0507249 0.207674 -0.506126 0.0192097 -0.98834 -0.151044 0.447167 
1535117893422 0.251764 0.925346 -0.283459 -0.620211 -0.933023 0.309874 0.182881 -0.24617 0.257065 0.218431 0.941385 0.380907 0.213395 -0.141187 0.96671 0.380844 -0.976706 -0.0536404 0.207768 -0.50622 0.0225206 -0.988529 -0.149345 0.446893 
1535117893524 0.251826 0.925342 -0.283419 -0.619938 -0.932976 0.309951 0.182991 -0.24608 0.257175 0.218341 0.941376 0.380967 0.213868 -0.13881 0.96695 0.380821 -0.976521 -0.0565552 0.207866 -0.506315 0.0258322 -0.988703 -0.147646 0.446618 
1535117893645 0.251887 0.925338 -0.283378 -0.619667 -0.932929 0.310027 0.183101 -0.245992 0.257285 0.218251 0.941366 0.381027 0.214332 -0.136431 0.967186 0.380797 -0.976326 -0.059469 0.207969 -0.506408 0.0291442 -0.988863 -0.145947 0.446344 
1535117893772 0.251949 0.925333 -0.283338 -0.619393 -0.932882 0.310104 0.183211 -0.245902 0.257396 0.218161 0.941357 0.381087 0.214789 -0.13405 0.967417 0.380775 -0.976121 -0.0623822 0.208077 -0.506504 0.0324569 -0.989009 -0.144248 0.446069 
1535117893966 0.252011 0.925329 -0.283297 -0.619122 -0.932835 0.31018 0.183321 -0.245813 0.257506 0.218071 0.941348 0.381147 0.215237 -0.131667 0.967645 0.380751 -0.975907 -0.0652943 0.20819 -0.506597 0.03577 -0.989141 -0.142548 0.445795 
1535117894065 0.252072 0.925324 -0.283257 -0.618848 -0.932788 0.310257 0.183431 -0.245723 0.257616 0.217981 0.941339 0.381208 0.215678 -0.129282 0.967868 0.380729 -0.975682 -0.0682057 0.208309 -0.506693 0.0390836 -0.989259 -0.140849 0.44552 
1535117894072 0.252134 0.92532 -0.283216 -0.618576 -0.932741 0.310333 0.183541 -0.245634 0.257726 0.217891 0.941329 0.381268 0.21611 -0.126895 0.968088 0.380705 -0.975448 -0.0711159 0.208432 -0.506787 0.0423974 -0.989363 -0.139149 0.445246 
1535117894748 0.251935 0.925375 -0.283214 -0.618817 -0.932847 0.310099 0.183399 -0.245686 0.257538 0.217991 0.941358 0.381232 0.21569 -0.130254 0.967735 0.380717 -0.975702 -0.0678315 0.208336 -0.506652 0.0385063 -0.989158 -0.14172 0.445578 
1535117894759 0.252054 0.925334 -0.283241 -0.618487 -0.932791 0.310238 0.183448 -0.245567 0.257622 0.217966 0.94134 0.381324 0.21574 -0.130135 0.96774 0.380718 -0.975659 -0.0686194 0.208278 -0.506768 0.0393015 -0.989119 -0.141771 0.445581 
1535117894765 0.252174 0.925293 -0.283268 -0.618153 -0.932736 0.310377 0.183494 -0.245446 0.257706 0.217942 0.941323 0.381416 0.215793 -0.130015 0.967745 0.380719 -0.975616 -0.0694075 0.208223 -0.506886 0.0400965 -0.98908 -0.141822 0.445584 
1535117894997 0.252294 0.925252 -0.283295 -0.617819 -0.93268 0.310516 0.183541 -0.245325 0.25779 0.217918 0.941306 0.381508 0.215845 -0.129896 0.967749 0.380721 -0.975571 -0.0701955 0.208168 -0.507004 0.0408914 -0.98904 -0.141874 0.445587 
1535117895065 0.252414 0.925211 -0.283323 -0.617485 -0.932624 0.310656 0.183588 -0.245203 0.257874 0.217894 0.941288 0.381601 0.215898 -0.129776 0.967753 0.380722 -0.975526 -0.0709835 0.208113 -0.507122 0.0416864 -0.988999 -0.141925 0.445591 
1535117895159 0.252534 0.92517 -0.28335 -0.61715 -0.932569 0.310795 0.183635 -0.245082 0.257957 0.21787 0.941271 0.381694 0.215951 -0.129657 0.967757 0.380724 -0.97548 -0.0717715 0.208058 -0.50724 0.0424813 -0.988958 -0.141976 0.445594 
1535117895309 0.252654 0.925129 -0.283378 -0.616816 -0.932513 0.310934 0.183682 -0.244961 0.258041 0.217845 0.941253 0.381786 0.216003 -0.129537 0.967762 0.380725 -0.975433 -0.0725593 0.208003 -0.507357 0.0432761 -0.988916 -0.142028 0.445597 
1535117895316 0.252774 0.925087 -0.283405 -0.616481 -0.932457 0.311074 0.183728 -0.244839 0.258125 0.217822 0.941236 0.381879 0.216055 -0.129417 0.967766 0.380727 -0.975386 -0.0733472 0.207948 -0.507476 0.044071 -0.988874 -0.142079 0.4456 
1535117895396 0.252894 0.925046 -0.283433 -0.616147 -0.932402 0.311213 0.183775 -0.244718 0.258209 0.217797 0.941219 0.381971 0.216107 -0.129298 0.967771 0.380728 -0.975338 -0.074135 0.207892 -0.507593 0.0448657 -0.988831 -0.14213 0.445603 
1535117895522 0.253014 0.925005 -0.28346 -0.615812 -0.932346 0.311353 0.183822 -0.244596 0.258292 0.217774 0.941201 0.382064 0.21616 -0.129178 0.967775 0.38073 -0.97529 -0.074923 0.207837 -0.507711 0.0456607 -0.988787 -0.142181 0.445607 
1535117895862 0.252859 0.925045 -0.283468 -0.616048 -0.93243 0.311171 0.183701 -0.244664 0.258139 0.217864 0.941223 0.38197 0.216142 -0.129222 0.967773 0.380679 -0.97533 -0.0741332 0.207931 -0.507581 0.0448747 -0.988841 -0.142058 0.445619 
1535117895872 0.252951 0.925001 -0.283531 -0.615748 -0.932335 0.311331 0.183917 -0.244544 0.258395 0.217823 0.941161 0.382058 0.215994 -0.129885 0.967717 0.38074 -0.975442 -0.0724772 0.207991 -0.507719 0.0431225 -0.988877 -0.14235 0.445654 
1535117895879 0.253042 0.924956 -0.283594 -0.615444 -0.932239 0.31149 0.184134 -0.244422 0.258653 0.217784 0.9411 0.382147 0.215845 -0.130549 0.967661 0.380801 -0.975551 -0.0708216 0.20805 -0.507856 0.0413707 -0.988909 -0.142643 0.445689 
1535117895885 0.253132 0.924912 -0.283658 -0.615141 -0.932143 0.311649 0.184351 -0.244299 0.25891 0.217745 0.941038 0.382236 0.215694 -0.131212 0.967605 0.380862 -0.975657 -0.0691658 0.208109 -0.507993 0.0396187 -0.988939 -0.142936 0.445724 
1535117895892 0.253223 0.924867 -0.283722 -0.614836 -0.932046 0.311809 0.184567 -0.244177 0.259167 0.217706 0.940976 0.382325 0.215542 -0.131875 0.967549 0.380923 -0.97576 -0.0675098 0.208169 -0.508131 0.0378667 -0.988965 -0.143229 0.445759 
1535117896130 0.253314 0.924823 -0.283786 -0.614534 -0.93195 0.311968 0.184784 -0.244055 0.259424 0.217666 0.940915 0.382413 0.215389 -0.132537 0.967492 0.380984 -0.97586 -0.0658537 0.20823 -0.508268 0.0361147 -0.988988 -0.143522 0.445795 
