1531909689070 0.275657 -0.8825 0.381061 -0.604483 0.633204 0.464965 0.618757 -0.181741 -0.723233 0.0707247 0.686973 0.426588 0.16008 -0.775623 -0.61056 0.370831 -0.304787 0.549475 -0.777934 -0.528794 0.938871 0.310623 -0.14844 0.432481 
1531909689083 -0.186319 -0.975422 0.117632 -0.595444 0.845148 -0.098067 0.525459 -0.251671 -0.501008 0.19732 0.842648 0.409373 0.281082 -0.945602 0.163797 0.399302 -0.369256 -0.264103 -0.891011 -0.504949 0.885801 0.189964 -0.423403 0.481408 
1531909689093 -0.187231 -0.97521 0.11794 -0.597087 0.845419 -0.098835 0.52488 -0.254964 -0.500212 0.197982 0.842966 0.40735 0.245957 -0.959102 0.140098 0.398041 -0.352979 -0.223242 -0.908608 -0.501823 0.902724 0.174027 -0.393451 0.477127 
1531909689103 -0.187247 -0.975206 0.11795 -0.597265 0.845429 -0.0988476 0.524861 -0.255093 -0.500188 0.197997 0.842976 0.40726 0.211167 -0.970735 0.114378 0.396613 -0.334293 -0.181685 -0.924791 -0.500411 0.918508 0.15705 -0.362875 0.472751 
1531909689113 -0.18725 -0.975206 0.117946 -0.597275 0.845429 -0.0988521 0.52486 -0.255107 -0.500187 0.197995 0.842977 0.407257 0.176776 -0.980368 0.0873447 0.39522 -0.313842 -0.140255 -0.939059 -0.4991 0.932874 0.138591 -0.332474 0.468381 
1531909689126 -0.187251 -0.975206 0.117943 -0.597273 0.845429 -0.0988555 0.52486 -0.255114 -0.500187 0.197993 0.842978 0.407258 0.142868 -0.987977 0.0590839 0.39383 -0.291686 -0.0990745 -0.951369 -0.497796 0.945784 0.118686 -0.302334 0.464012 
1531909689137 -0.187253 -0.975206 0.11794 -0.597271 0.845429 -0.0988578 0.524859 -0.255119 -0.500187 0.197991 0.842978 0.407259 0.109541 -0.993539 0.0296788 0.39244 -0.267891 -0.0582631 -0.961686 -0.496493 0.957202 0.0973932 -0.272542 0.459643 
1531909689150 -0.187253 -0.975206 0.117939 -0.597269 0.845429 -0.0988592 0.524859 -0.255122 -0.500186 0.19799 0.842979 0.40726 0.0768918 -0.997039 -0.000785327 0.391051 -0.242525 -0.0179395 -0.969979 -0.495192 0.967093 0.0747739 -0.243186 0.455274 
1531909689160 -0.187254 -0.975206 0.117938 -0.597268 0.845429 -0.09886 0.524859 -0.255123 -0.500186 0.19799 0.842979 0.407261 0.0450211 -0.998466 -0.0322225 0.389671 -0.215666 0.0217803 -0.976224 -0.493918 0.975429 0.0509 -0.214355 0.450914 
1531909689170 -0.187253 -0.975206 0.117938 -0.59726 0.845429 -0.0988592 0.524859 -0.255118 -0.500187 0.19799 0.842979 0.407261 0.0141705 -0.997812 -0.0645801 0.388357 -0.187588 0.0607869 -0.980365 -0.493064 0.982146 0.0260067 -0.186316 0.446824 
1531909689240 0.225679 0.770528 0.596117 0.176083 -0.751449 -0.25174 0.609878 0.0580653 0.619995 -0.585588 0.5222 0.47658 -0.710367 -0.700526 -0.0681268 0.439864 -0.0753284 0.171909 -0.982228 -0.292207 0.699788 -0.692611 -0.174888 0.687626 
1531909689256 -0.195044 -0.97252 0.127132 -0.464194 0.844606 -0.10065 0.525842 -0.202807 -0.498596 0.209939 0.841028 0.402788 -0.0219809 -0.995042 -0.0970009 0.393478 -0.161469 0.0992839 -0.981871 -0.466778 0.986633 -0.00591975 -0.162851 0.456451 
1531909689280 -0.190048 -0.974098 0.122538 -0.489041 0.84799 -0.0999673 0.520499 -0.21397 -0.494767 0.202831 0.845024 0.389361 -0.0163434 -0.995093 -0.0975832 0.386787 -0.1579 0.0989402 -0.982486 -0.489422 0.98732 -0.000648756 -0.158742 0.442819 
1531909689290 -0.189754 -0.974205 0.122142 -0.490117 0.848303 -0.100038 0.519975 -0.214713 -0.494344 0.202281 0.845403 0.388414 -0.0160752 -0.995094 -0.0976232 0.38685 -0.157769 0.0989371 -0.982507 -0.491126 0.987345 -0.000392131 -0.158585 0.442203 
1531909689300 -0.189673 -0.974234 0.122034 -0.490195 0.848371 -0.100051 0.519862 -0.21478 -0.494257 0.202134 0.845489 0.388289 -0.0160585 -0.995093 -0.0976275 0.386871 -0.157762 0.0989387 -0.982508 -0.491253 0.987347 -0.000375665 -0.158577 0.44217 
1531909689310 -0.189651 -0.974242 0.122003 -0.490208 0.848389 -0.100054 0.519831 -0.214792 -0.494235 0.202093 0.845512 0.388261 -0.0160572 -0.995093 -0.0976291 0.386872 -0.157761 0.0989401 -0.982508 -0.491263 0.987347 -0.000374274 -0.158576 0.442169 
1531909689320 -0.189644 -0.974245 0.121994 -0.490211 0.848395 -0.100054 0.519822 -0.214795 -0.494228 0.20208 0.845519 0.388253 -0.0160569 -0.995093 -0.0976306 0.386871 -0.15776 0.0989414 -0.982508 -0.491266 0.987347 -0.00037381 -0.158575 0.442169 
1531909689330 -0.189639 -0.974246 0.121989 -0.490213 0.848398 -0.100054 0.519817 -0.214797 -0.494224 0.202073 0.845523 0.388248 -0.0160567 -0.995093 -0.0976318 0.38687 -0.15776 0.0989426 -0.982508 -0.491267 0.987347 -0.000373444 -0.158574 0.44217 
1531909689340 -0.189628 -0.97425 0.121978 -0.490218 0.848406 -0.100053 0.519805 -0.214796 -0.494215 0.202056 0.845532 0.388239 -0.0160566 -0.995093 -0.0976328 0.386869 -0.157759 0.0989436 -0.982508 -0.491267 0.987347 -0.000373334 -0.158573 0.442171 
1531909689350 -0.189502 -0.974281 0.121925 -0.490276 0.848493 -0.100002 0.519672 -0.214675 -0.494114 0.201932 0.845621 0.388202 -0.0160587 -0.995093 -0.0976297 0.386857 -0.157758 0.0989409 -0.982509 -0.49124 0.987347 -0.000375943 -0.158573 0.442167 
1531909717841 -0.189502 -0.974281 0.121925 -0.490276 0.848493 -0.100002 0.519672 -0.214675 -0.494114 0.201932 0.845621 0.388202 -0.0160587 -0.995093 -0.0976297 0.386857 -0.157758 0.0989409 -0.982509 -0.49124 0.987347 -0.000375943 -0.158573 0.442167 
1531909717851 -0.189634 -0.974248 0.121981 -0.490217 0.848403 -0.100055 0.51981 -0.214797 -0.494219 0.202063 0.845529 0.388242 -0.0160563 -0.995093 -0.0976345 0.386867 -0.157758 0.0989452 -0.982508 -0.491271 0.987347 -0.000372835 -0.158572 0.442171 
1531909717861 -0.18964 -0.974246 0.121989 -0.490213 0.848398 -0.100055 0.519817 -0.214797 -0.494224 0.202074 0.845523 0.388248 -0.0160558 -0.995093 -0.0976338 0.386868 -0.157758 0.0989444 -0.982508 -0.491274 0.987347 -0.00037245 -0.158572 0.442171 
1531909717871 -0.189641 -0.974245 0.121991 -0.490213 0.848397 -0.100055 0.519819 -0.214796 -0.494226 0.202076 0.845521 0.38825 -0.0160555 -0.995093 -0.0976334 0.386868 -0.157758 0.0989441 -0.982508 -0.491274 0.987347 -0.000372195 -0.158572 0.442171 
1531909717881 -0.189642 -0.974245 0.121992 -0.490212 0.848396 -0.100055 0.51982 -0.214796 -0.494226 0.202077 0.845521 0.388251 -0.0160552 -0.995093 -0.0976331 0.386868 -0.157758 0.0989436 -0.982508 -0.491274 0.987347 -0.00037201 -0.158572 0.442171 
1531909717891 -0.189642 -0.974245 0.121992 -0.490212 0.848396 -0.100055 0.51982 -0.214796 -0.494226 0.202077 0.845521 0.388251 -0.016055 -0.995093 -0.0976327 0.386868 -0.157758 0.0989432 -0.982508 -0.491274 0.987347 -0.000371832 -0.158573 0.442171 
1531909717901 -0.189642 -0.974245 0.121992 -0.490212 0.848396 -0.100055 0.51982 -0.214796 -0.494226 0.202077 0.845521 0.388251 -0.0160548 -0.995093 -0.0976323 0.386868 -0.157758 0.0989428 -0.982508 -0.491274 0.987347 -0.000371656 -0.158573 0.442171 
1531909717911 -0.189642 -0.974245 0.121992 -0.490212 0.848396 -0.100055 0.51982 -0.214796 -0.494226 0.202077 0.845521 0.388251 -0.0160546 -0.995093 -0.0976319 0.386868 -0.157759 0.0989424 -0.982508 -0.491274 0.987347 -0.00037148 -0.158573 0.442171 
1531909717921 -0.189642 -0.974245 0.121992 -0.490212 0.848396 -0.100055 0.51982 -0.214796 -0.494226 0.202077 0.845521 0.388251 -0.0160544 -0.995093 -0.0976315 0.386868 -0.157759 0.098942 -0.982508 -0.491274 0.987347 -0.000371306 -0.158573 0.442171 
1531909717931 -0.18964 -0.974246 0.121991 -0.490213 0.848397 -0.100054 0.519818 -0.214795 -0.494225 0.202075 0.845522 0.388249 -0.0160541 -0.995093 -0.0976312 0.386868 -0.157759 0.0989416 -0.982508 -0.491274 0.987347 -0.000371128 -0.158573 0.442171 
1531909717990 -0.18964 -0.974246 0.121991 -0.490213 0.848397 -0.100054 0.519818 -0.214795 -0.494225 0.202075 0.845522 0.388249 -0.0160541 -0.995093 -0.0976312 0.386868 -0.157759 0.0989416 -0.982508 -0.491274 0.987347 -0.000371128 -0.158573 0.442171 
1531909717997 -0.189643 -0.974245 0.121992 -0.490212 0.848396 -0.100055 0.51982 -0.214796 -0.494227 0.202078 0.84552 0.388251 -0.0160541 -0.995093 -0.0976312 0.386868 -0.157759 0.0989416 -0.982508 -0.491274 0.987347 -0.000371129 -0.158573 0.442171 
1531909718007 -0.189643 -0.974245 0.121992 -0.490212 0.848396 -0.100055 0.519821 -0.214796 -0.494227 0.202078 0.84552 0.388251 -0.0160538 -0.995093 -0.0976322 0.386868 -0.157759 0.0989426 -0.982508 -0.491274 0.987347 -0.00037062 -0.158573 0.442171 
1531909718017 -0.189643 -0.974245 0.121993 -0.490212 0.848396 -0.100055 0.519821 -0.214796 -0.494227 0.202078 0.84552 0.388251 -0.016054 -0.995093 -0.0976326 0.386868 -0.157759 0.098943 -0.982508 -0.491274 0.987347 -0.000370788 -0.158573 0.442171 
1531909718027 -0.189643 -0.974245 0.121993 -0.490212 0.848396 -0.100055 0.519821 -0.214796 -0.494227 0.202078 0.84552 0.388251 -0.0160542 -0.995093 -0.097633 0.386868 -0.157759 0.0989434 -0.982508 -0.491274 0.987347 -0.000370963 -0.158573 0.442171 
1531909718037 -0.189643 -0.974245 0.121993 -0.490212 0.848396 -0.100055 0.519821 -0.214796 -0.494227 0.202078 0.84552 0.388251 -0.0160544 -0.995093 -0.0976333 0.386868 -0.157758 0.0989438 -0.982508 -0.491274 0.987347 -0.000371139 -0.158573 0.442171 
1531909718047 -0.189643 -0.974245 0.121993 -0.490212 0.848396 -0.100055 0.519821 -0.214796 -0.494227 0.202078 0.84552 0.388251 -0.0160547 -0.995093 -0.0976337 0.386868 -0.157758 0.0989442 -0.982508 -0.491274 0.987347 -0.000371314 -0.158573 0.442171 
1531909718057 -0.189643 -0.974245 0.121993 -0.490212 0.848396 -0.100055 0.519821 -0.214796 -0.494227 0.202078 0.84552 0.388251 -0.0160549 -0.995093 -0.0976341 0.386868 -0.157758 0.0989446 -0.982508 -0.491274 0.987347 -0.000371489 -0.158572 0.442171 
1531909718067 -0.189643 -0.974245 0.121993 -0.490212 0.848396 -0.100055 0.519821 -0.214796 -0.494227 0.202078 0.84552 0.388251 -0.0160551 -0.995093 -0.0976345 0.386868 -0.157758 0.098945 -0.982508 -0.491274 0.987347 -0.000371665 -0.158572 0.442171 
1531909718077 -0.189643 -0.974245 0.121993 -0.490212 0.848396 -0.100055 0.519821 -0.214796 -0.494227 0.202078 0.84552 0.388251 -0.0160553 -0.995093 -0.0976349 0.386868 -0.157758 0.0989454 -0.982508 -0.491274 0.987347 -0.000371839 -0.158572 0.442171 
1531910031554 -0.189643 -0.974245 0.121993 -0.490212 0.848396 -0.100055 0.519821 -0.214796 -0.494227 0.202078 0.84552 0.388251 -0.0160553 -0.995093 -0.0976349 0.386868 -0.157758 0.0989454 -0.982508 -0.491274 0.987347 -0.000371839 -0.158572 0.442171 
1531910031564 -0.189643 -0.974245 0.121993 -0.490212 0.848396 -0.100055 0.519821 -0.214796 -0.494227 0.202078 0.84552 0.388251 -0.0160553 -0.995093 -0.0976349 0.386868 -0.157758 0.0989454 -0.982508 -0.491274 0.987347 -0.000371839 -0.158572 0.442171 
1531910031574 -0.189643 -0.974245 0.121993 -0.490212 0.848396 -0.100055 0.519821 -0.214796 -0.494227 0.202078 0.84552 0.388251 -0.0160553 -0.995093 -0.0976349 0.386868 -0.157758 0.0989454 -0.982508 -0.491274 0.987347 -0.000371839 -0.158572 0.442171 
1531910031584 -0.189643 -0.974245 0.121993 -0.490212 0.848396 -0.100055 0.519821 -0.214796 -0.494227 0.202078 0.84552 0.388251 -0.0160553 -0.995093 -0.0976349 0.386868 -0.157758 0.0989454 -0.982508 -0.491274 0.987347 -0.000371838 -0.158572 0.442171 
1531910031594 -0.189643 -0.974245 0.121993 -0.490212 0.848396 -0.100055 0.519821 -0.214796 -0.494227 0.202078 0.84552 0.388251 -0.0160547 -0.995093 -0.0976338 0.386868 -0.157758 0.0989442 -0.982508 -0.491274 0.987347 -0.00037132 -0.158573 0.442171 
1531910031604 -0.189643 -0.974245 0.121993 -0.490212 0.848396 -0.100055 0.519821 -0.214796 -0.494227 0.202078 0.84552 0.388251 -0.0160544 -0.995093 -0.0976334 0.386868 -0.157758 0.0989438 -0.982508 -0.491274 0.987347 -0.000371142 -0.158573 0.442171 
1531910031617 -0.189643 -0.974245 0.121993 -0.490212 0.848396 -0.100055 0.519821 -0.214796 -0.494227 0.202078 0.84552 0.388251 -0.0160542 -0.995093 -0.097633 0.386868 -0.157759 0.0989434 -0.982508 -0.491274 0.987347 -0.000370967 -0.158573 0.442171 
1531910031627 -0.189643 -0.974245 0.121993 -0.490212 0.848396 -0.100055 0.519821 -0.214796 -0.494227 0.202078 0.84552 0.388251 -0.016054 -0.995093 -0.0976326 0.386868 -0.157759 0.098943 -0.982508 -0.491274 0.987347 -0.000370791 -0.158573 0.442171 
1531910031637 -0.189643 -0.974245 0.121993 -0.490212 0.848396 -0.100055 0.519821 -0.214796 -0.494227 0.202078 0.84552 0.388251 -0.0160538 -0.995093 -0.0976322 0.386868 -0.157759 0.0989426 -0.982508 -0.491274 0.987347 -0.000370616 -0.158573 0.442171 
1531910031647 -0.189643 -0.974245 0.121993 -0.490212 0.848396 -0.100055 0.519821 -0.214796 -0.494227 0.202078 0.84552 0.388251 -0.0160536 -0.995093 -0.0976319 0.386868 -0.157759 0.0989422 -0.982508 -0.491274 0.987347 -0.000370441 -0.158573 0.442171 
1531910031825 -0.189643 -0.974245 0.121993 -0.490212 0.848396 -0.100055 0.519821 -0.214796 -0.494227 0.202078 0.84552 0.388251 -0.0160536 -0.995093 -0.0976319 0.386868 -0.157759 0.0989422 -0.982508 -0.491274 0.987347 -0.000370441 -0.158573 0.442171 
1531910031835 -0.189643 -0.974245 0.121993 -0.490212 0.848396 -0.100055 0.519821 -0.214796 -0.494227 0.202078 0.84552 0.388251 -0.0160536 -0.995093 -0.0976319 0.386868 -0.157759 0.0989422 -0.982508 -0.491274 0.987347 -0.000370441 -0.158573 0.442171 
1531910031845 -0.189643 -0.974245 0.121993 -0.490212 0.848396 -0.100055 0.519821 -0.214796 -0.494227 0.202078 0.84552 0.388251 -0.0160536 -0.995093 -0.0976319 0.386868 -0.157759 0.0989422 -0.982508 -0.491274 0.987347 -0.000370441 -0.158573 0.442171 
1531910031855 -0.189643 -0.974245 0.121993 -0.490212 0.848396 -0.100055 0.519821 -0.214796 -0.494227 0.202078 0.84552 0.388251 -0.0160536 -0.995093 -0.0976319 0.386868 -0.157759 0.0989422 -0.982508 -0.491274 0.987347 -0.000370442 -0.158573 0.442171 
1531910031865 -0.189643 -0.974245 0.121993 -0.490212 0.848396 -0.100055 0.519821 -0.214796 -0.494227 0.202078 0.84552 0.388251 -0.0160542 -0.995093 -0.097633 0.386868 -0.157759 0.0989434 -0.982508 -0.491274 0.987347 -0.00037095 -0.158573 0.442171 
1531910031875 -0.189643 -0.974245 0.121993 -0.490212 0.848396 -0.100055 0.519821 -0.214796 -0.494227 0.202078 0.84552 0.388251 -0.0160544 -0.995093 -0.0976334 0.386868 -0.157758 0.0989438 -0.982508 -0.491274 0.987347 -0.000371127 -0.158573 0.442171 
1531910031885 -0.189643 -0.974245 0.121993 -0.490212 0.848396 -0.100055 0.519821 -0.214796 -0.494227 0.202078 0.84552 0.388251 -0.0160546 -0.995093 -0.0976337 0.386868 -0.157758 0.0989442 -0.982508 -0.491274 0.987347 -0.000371302 -0.158573 0.442171 
1531910031895 -0.189643 -0.974245 0.121993 -0.490212 0.848396 -0.100055 0.519821 -0.214796 -0.494227 0.202078 0.84552 0.388251 -0.0160549 -0.995093 -0.0976341 0.386868 -0.157758 0.0989446 -0.982508 -0.491274 0.987347 -0.000371478 -0.158572 0.442171 
1531910031905 -0.189643 -0.974245 0.121993 -0.490212 0.848396 -0.100055 0.519821 -0.214796 -0.494227 0.202078 0.84552 0.388251 -0.0160551 -0.995093 -0.0976345 0.386868 -0.157758 0.098945 -0.982508 -0.491274 0.987347 -0.000371653 -0.158572 0.442171 
1531910031915 -0.189643 -0.974245 0.121993 -0.490212 0.848396 -0.100055 0.519821 -0.214796 -0.494227 0.202078 0.84552 0.388251 -0.0160553 -0.995093 -0.0976349 0.386868 -0.157758 0.0989455 -0.982508 -0.491274 0.987347 -0.000371828 -0.158572 0.442171 
1531910454346 -0.189643 -0.974245 0.121993 -0.490212 0.848396 -0.100055 0.519821 -0.214796 -0.494227 0.202078 0.84552 0.388251 -0.0160553 -0.995093 -0.0976349 0.386868 -0.157758 0.0989455 -0.982508 -0.491274 0.987347 -0.000371828 -0.158572 0.442171 
1531910454351 -0.189643 -0.974245 0.121993 -0.490212 0.848396 -0.100055 0.519821 -0.214796 -0.494227 0.202078 0.84552 0.388251 -0.0160553 -0.995093 -0.0976349 0.386868 -0.157758 0.0989455 -0.982508 -0.491274 0.987347 -0.000371828 -0.158572 0.442171 
1531910454361 -0.189643 -0.974245 0.121993 -0.490212 0.848396 -0.100055 0.519821 -0.214796 -0.494227 0.202078 0.84552 0.388251 -0.0160553 -0.995093 -0.0976349 0.386868 -0.157758 0.0989455 -0.982508 -0.491274 0.987347 -0.000371828 -0.158572 0.442171 
1531910454377 -0.189643 -0.974245 0.121993 -0.490212 0.848396 -0.100055 0.519821 -0.214796 -0.494227 0.202078 0.84552 0.388251 -0.0160553 -0.995093 -0.0976349 0.386868 -0.157758 0.0989455 -0.982508 -0.491274 0.987347 -0.000371827 -0.158572 0.442171 
1531910454398 -0.189643 -0.974245 0.121993 -0.490212 0.848396 -0.100055 0.519821 -0.214796 -0.494227 0.202078 0.84552 0.388251 -0.0160547 -0.995093 -0.0976338 0.386868 -0.157758 0.0989442 -0.982508 -0.491274 0.987347 -0.000371319 -0.158573 0.442171 
1531910454418 -0.189643 -0.974245 0.121993 -0.490212 0.848396 -0.100055 0.519821 -0.214796 -0.494227 0.202078 0.84552 0.388251 -0.0160544 -0.995093 -0.0976334 0.386868 -0.157758 0.0989438 -0.982508 -0.491274 0.987347 -0.000371142 -0.158573 0.442171 
1531910454428 -0.189643 -0.974245 0.121993 -0.490212 0.848396 -0.100055 0.519821 -0.214796 -0.494227 0.202078 0.84552 0.388251 -0.0160542 -0.995093 -0.097633 0.386868 -0.157759 0.0989434 -0.982508 -0.491274 0.987347 -0.000370967 -0.158573 0.442171 
1531910454448 -0.189643 -0.974245 0.121993 -0.490212 0.848396 -0.100055 0.519821 -0.214796 -0.494227 0.202078 0.84552 0.388251 -0.016054 -0.995093 -0.0976326 0.386868 -0.157759 0.098943 -0.982508 -0.491274 0.987347 -0.000370791 -0.158573 0.442171 
1531910454457 -0.189643 -0.974245 0.121993 -0.490212 0.848396 -0.100055 0.519821 -0.214796 -0.494227 0.202078 0.84552 0.388251 -0.0160538 -0.995093 -0.0976322 0.386868 -0.157759 0.0989426 -0.982508 -0.491274 0.987347 -0.000370616 -0.158573 0.442171 
1531910454474 -0.189643 -0.974245 0.121993 -0.490212 0.848396 -0.100055 0.519821 -0.214796 -0.494227 0.202078 0.84552 0.388251 -0.0160536 -0.995093 -0.0976319 0.386868 -0.157759 0.0989422 -0.982508 -0.491274 0.987347 -0.000370441 -0.158573 0.442171 
1531910454543 -0.189643 -0.974245 0.121993 -0.490212 0.848396 -0.100055 0.519821 -0.214796 -0.494227 0.202078 0.84552 0.388251 -0.0160536 -0.995093 -0.0976319 0.386868 -0.157759 0.0989422 -0.982508 -0.491274 0.987347 -0.000370441 -0.158573 0.442171 
1531910454553 -0.189643 -0.974245 0.121993 -0.490212 0.848396 -0.100055 0.519821 -0.214796 -0.494227 0.202078 0.84552 0.388251 -0.0160536 -0.995093 -0.0976319 0.386868 -0.157759 0.0989422 -0.982508 -0.491274 0.987347 -0.000370441 -0.158573 0.442171 
1531910454563 -0.189643 -0.974245 0.121993 -0.490212 0.848396 -0.100055 0.519821 -0.214796 -0.494227 0.202078 0.84552 0.388251 -0.0160536 -0.995093 -0.0976319 0.386868 -0.157759 0.0989422 -0.982508 -0.491274 0.987347 -0.000370441 -0.158573 0.442171 
1531910454583 -0.189643 -0.974245 0.121993 -0.490212 0.848396 -0.100055 0.519821 -0.214796 -0.494227 0.202078 0.84552 0.388251 -0.0160536 -0.995093 -0.0976319 0.386868 -0.157759 0.0989422 -0.982508 -0.491274 0.987347 -0.000370442 -0.158573 0.442171 
1531910454593 -0.189643 -0.974245 0.121993 -0.490212 0.848396 -0.100055 0.519821 -0.214796 -0.494227 0.202078 0.84552 0.388251 -0.0160542 -0.995093 -0.097633 0.386868 -0.157759 0.0989434 -0.982508 -0.491274 0.987347 -0.00037095 -0.158573 0.442171 
1531910454603 -0.189643 -0.974245 0.121993 -0.490212 0.848396 -0.100055 0.519821 -0.214796 -0.494227 0.202078 0.84552 0.388251 -0.0160544 -0.995093 -0.0976334 0.386868 -0.157758 0.0989438 -0.982508 -0.491274 0.987347 -0.000371127 -0.158573 0.442171 
1531910454613 -0.189643 -0.974245 0.121993 -0.490212 0.848396 -0.100055 0.519821 -0.214796 -0.494227 0.202078 0.84552 0.388251 -0.0160546 -0.995093 -0.0976337 0.386868 -0.157758 0.0989442 -0.982508 -0.491274 0.987347 -0.000371302 -0.158573 0.442171 
1531910454623 -0.189643 -0.974245 0.121993 -0.490212 0.848396 -0.100055 0.519821 -0.214796 -0.494227 0.202078 0.84552 0.388251 -0.0160549 -0.995093 -0.0976341 0.386868 -0.157758 0.0989446 -0.982508 -0.491274 0.987347 -0.000371478 -0.158572 0.442171 
1531910454633 -0.189643 -0.974245 0.121993 -0.490212 0.848396 -0.100055 0.519821 -0.214796 -0.494227 0.202078 0.84552 0.388251 -0.0160551 -0.995093 -0.0976345 0.386868 -0.157758 0.098945 -0.982508 -0.491274 0.987347 -0.000371653 -0.158572 0.442171 
1531910454643 -0.189643 -0.974245 0.121993 -0.490212 0.848396 -0.100055 0.519821 -0.214796 -0.494227 0.202078 0.84552 0.388251 -0.0160553 -0.995093 -0.0976349 0.386868 -0.157758 0.0989455 -0.982508 -0.491274 0.987347 -0.000371828 -0.158572 0.442171 
1531910454736 -0.189643 -0.974245 0.121993 -0.490212 0.848396 -0.100055 0.519821 -0.214796 -0.494227 0.202078 0.84552 0.388251 -0.0160553 -0.995093 -0.0976349 0.386868 -0.157758 0.0989455 -0.982508 -0.491274 0.987347 -0.000371828 -0.158572 0.442171 
1531910454749 -0.189643 -0.974245 0.121993 -0.490212 0.848396 -0.100055 0.519821 -0.214796 -0.494227 0.202078 0.84552 0.388251 -0.0160553 -0.995093 -0.0976349 0.386868 -0.157758 0.0989455 -0.982508 -0.491274 0.987347 -0.000371828 -0.158572 0.442171 
1531910454775 -0.189643 -0.974245 0.121993 -0.490212 0.848396 -0.100055 0.519821 -0.214796 -0.494227 0.202078 0.84552 0.388251 -0.0160553 -0.995093 -0.0976349 0.386868 -0.157758 0.0989455 -0.982508 -0.491274 0.987347 -0.000371828 -0.158572 0.442171 
1531910454789 -0.189643 -0.974245 0.121993 -0.490212 0.848396 -0.100055 0.519821 -0.214796 -0.494227 0.202078 0.84552 0.388251 -0.0160553 -0.995093 -0.0976349 0.386868 -0.157758 0.0989455 -0.982508 -0.491274 0.987347 -0.000371828 -0.158572 0.442171 
1531910454799 -0.189643 -0.974245 0.121993 -0.490212 0.848396 -0.100055 0.519821 -0.214796 -0.494227 0.202078 0.84552 0.388251 -0.0160553 -0.995093 -0.0976349 0.386868 -0.157758 0.0989455 -0.982508 -0.491274 0.987347 -0.000371828 -0.158572 0.442171 
1531910454809 -0.189643 -0.974245 0.121993 -0.490212 0.848396 -0.100055 0.519821 -0.214796 -0.494227 0.202078 0.84552 0.388251 -0.0160553 -0.995093 -0.0976349 0.386868 -0.157758 0.0989455 -0.982508 -0.491274 0.987347 -0.000371828 -0.158572 0.442171 
1531910454819 -0.189643 -0.974245 0.121993 -0.490212 0.848396 -0.100055 0.519821 -0.214796 -0.494227 0.202078 0.84552 0.388251 -0.0160553 -0.995093 -0.0976349 0.386868 -0.157758 0.0989455 -0.982508 -0.491274 0.987347 -0.000371828 -0.158572 0.442171 
1531910454828 -0.189643 -0.974245 0.121993 -0.490212 0.848396 -0.100055 0.519821 -0.214796 -0.494227 0.202078 0.84552 0.388251 -0.0160553 -0.995093 -0.0976349 0.386868 -0.157758 0.0989455 -0.982508 -0.491274 0.987347 -0.000371828 -0.158572 0.442171 
1531910454838 -0.189643 -0.974245 0.121993 -0.490212 0.848396 -0.100055 0.519821 -0.214796 -0.494227 0.202078 0.84552 0.388251 -0.0160553 -0.995093 -0.0976349 0.386868 -0.157758 0.0989455 -0.982508 -0.491274 0.987347 -0.000371828 -0.158572 0.442171 
1531910454848 -0.189643 -0.974245 0.121993 -0.490212 0.848396 -0.100055 0.519821 -0.214796 -0.494227 0.202078 0.84552 0.388251 -0.0160553 -0.995093 -0.0976349 0.386868 -0.157758 0.0989455 -0.982508 -0.491274 0.987347 -0.000371828 -0.158572 0.442171 
