1531922565026 0.275657 0.633204 -0.723233 -0.604483 -0.8825 0.464965 0.0707247 -0.181741 0.381061 0.618757 0.686973 0.426588 0.16008 -0.304787 0.938871 0.370831 -0.775623 0.549475 0.310623 -0.528794 -0.61056 -0.777934 -0.14844 0.432481 
1531922565038 -0.186319 0.845148 -0.501008 -0.595444 -0.975422 -0.098067 0.19732 -0.251671 0.117632 0.525459 0.842648 0.409373 0.274036 -0.36997 0.887708 0.405512 -0.947426 -0.262404 0.183109 -0.505509 0.165194 -0.891216 -0.422427 0.481787 
1531922565048 -0.187231 0.845419 -0.500212 -0.597087 -0.97521 -0.098835 0.197982 -0.254964 0.11794 0.52488 0.842966 0.40735 0.231686 -0.354017 0.906087 0.410462 -0.962282 -0.219944 0.160121 -0.502946 0.142603 -0.909009 -0.391622 0.477923 
1531922565060 -0.187247 0.845429 -0.500188 -0.597265 -0.975206 -0.0988475 0.197997 -0.255093 0.11795 0.524861 0.842976 0.40726 0.189551 -0.335263 0.922859 0.415243 -0.97479 -0.176928 0.135942 -0.5021 0.117704 -0.925362 -0.360348 0.473947 
1531922565068 -0.18725 0.845429 -0.500187 -0.597275 -0.975206 -0.0988521 0.197995 -0.255107 0.117946 0.52486 0.842977 0.407257 0.147733 -0.314364 0.937737 0.42006 -0.984812 -0.134204 0.110159 -0.501354 0.0912184 -0.939768 -0.329416 0.469977 
1531922565078 -0.187251 0.845429 -0.500187 -0.597273 -0.975206 -0.0988555 0.197993 -0.255114 0.117943 0.52486 0.842978 0.407258 0.106358 -0.291394 0.950672 0.42488 -0.992314 -0.091919 0.0828426 -0.500615 0.0632449 -0.952177 -0.298931 0.466007 
1531922565089 -0.187253 0.845429 -0.500187 -0.597271 -0.975206 -0.0988578 0.197991 -0.255119 0.11794 0.524859 0.842978 0.407259 0.0655692 -0.266431 0.961621 0.4297 -0.997273 -0.0502178 0.0540865 -0.499877 0.0338802 -0.962545 -0.268997 0.462038 
1531922565098 -0.187253 0.845429 -0.500186 -0.597269 -0.975206 -0.0988592 0.19799 -0.255122 0.117939 0.524859 0.842979 0.40726 0.0255058 -0.239561 0.970546 0.434521 -0.999669 -0.00924385 0.0239894 -0.499141 0.00322465 -0.970837 -0.239718 0.458068 
1531922565113 -0.187254 0.845429 -0.500186 -0.597268 -0.975206 -0.09886 0.19799 -0.255123 0.117938 0.524859 0.842979 0.407261 -0.013687 -0.210885 0.977415 0.43935 -0.999497 0.0308646 -0.00733694 -0.498435 -0.0286203 -0.977024 -0.211201 0.454115 
1531922565129 -0.187253 0.845429 -0.500186 -0.59726 -0.975206 -0.0988593 0.19799 -0.255118 0.117938 0.524859 0.842979 0.407261 -0.0516575 -0.180758 0.98217 0.444093 -0.996763 0.0700026 -0.0395417 -0.498191 -0.061607 -0.981033 -0.183789 0.450571 
