1534174873556 0.0405138 0.999164 0.00538939 -0.38751 -0.932851 0.0358914 0.358469 -0.177184 0.357976 -0.0195504 0.933526 0.376191 0.16008 -0.304787 0.938871 0.370831 -0.775623 0.549475 0.310623 -0.528794 -0.61056 -0.777934 -0.14844 0.432481 
1534174873569 0.0681776 0.997203 -0.030631 -0.410055 -0.937649 0.0745343 0.339499 -0.182359 0.340833 0.00557486 0.940107 0.377097 0.316231 -0.384871 0.867106 0.40083 -0.930001 -0.306257 0.203234 -0.504368 0.187338 -0.870678 -0.454779 0.485897 
1534174874875 0.0964269 0.993148 -0.0660241 -0.43256 -0.941046 0.112575 0.318998 -0.187479 0.324245 0.0313717 0.945453 0.377883 0.316231 -0.384871 0.867106 0.40083 -0.930001 -0.306257 0.203234 -0.504368 0.187338 -0.870678 -0.454779 0.485897 
1534174875655 0.125171 0.98701 -0.100711 -0.455067 -0.943021 0.149903 0.297052 -0.1926 0.30829 0.0577901 0.949535 0.378669 0.316231 -0.384871 0.867106 0.40083 -0.930001 -0.306257 0.203234 -0.504368 0.187338 -0.870678 -0.454779 0.485897 
1534174876452 0.154341 0.978806 -0.134606 -0.477577 -0.943571 0.186426 0.273714 -0.197721 0.293006 0.0847653 0.952346 0.379455 0.316231 -0.384871 0.867106 0.40083 -0.930001 -0.306257 0.203234 -0.504368 0.187338 -0.870678 -0.454779 0.485897 
1534174877246 0.183863 0.968553 -0.167626 -0.500087 -0.942693 0.222055 0.24904 -0.202841 0.278431 0.112231 0.953877 0.380239 0.316231 -0.384871 0.867106 0.40083 -0.930001 -0.306257 0.203234 -0.504368 0.187338 -0.870678 -0.454779 0.485897 
1534174878058 0.213668 0.956279 -0.199691 -0.522595 -0.94039 0.256704 0.22309 -0.207958 0.264598 0.14012 0.954125 0.381015 0.316231 -0.384871 0.867106 0.40083 -0.930001 -0.306257 0.203234 -0.504368 0.187338 -0.870678 -0.454779 0.485897 
1534174878881 0.243683 0.942012 -0.230721 -0.545094 -0.936668 0.290288 0.195925 -0.213067 0.251539 0.168365 0.95309 0.38178 0.316231 -0.384871 0.867106 0.40083 -0.930001 -0.306257 0.203234 -0.504368 0.187338 -0.870678 -0.454779 0.485897 
1534174879716 0.273837 0.925786 -0.260641 -0.567571 -0.931535 0.322725 0.167607 -0.218161 0.239284 0.196899 0.950775 0.382525 0.316231 -0.384871 0.867106 0.40083 -0.930001 -0.306257 0.203234 -0.504368 0.187338 -0.870678 -0.454779 0.485897 
1534174879722 0.304044 0.907589 -0.28955 -0.589594 -0.924976 0.353981 0.138268 -0.22311 0.227986 0.225787 0.947123 0.383827 0.316442 -0.385045 0.866951 0.401525 -0.929984 -0.306148 0.203478 -0.505625 0.187068 -0.87064 -0.454964 0.486487 
1534174880942 0.303252 0.908109 -0.288751 -0.58918 -0.925081 0.353252 0.139425 -0.222978 0.228614 0.224837 0.947198 0.383721 0.316442 -0.385045 0.866951 0.401525 -0.929984 -0.306148 0.203478 -0.505625 0.187068 -0.87064 -0.454964 0.486487 
1534174880957 0.306335 0.906161 -0.291602 -0.591498 -0.92435 0.356357 0.136336 -0.223507 0.227456 0.227778 0.946774 0.383738 0.31622 -0.384863 0.867113 0.400795 -0.930002 -0.306262 0.203222 -0.504304 0.187351 -0.87068 -0.454769 0.485867 
1534174881241 0.309442 0.904177 -0.294463 -0.59382 -0.923601 0.35947 0.133204 -0.224036 0.226291 0.230748 0.946334 0.383756 0.31622 -0.384863 0.867113 0.400797 -0.930002 -0.306262 0.203222 -0.504307 0.187351 -0.87068 -0.45477 0.485868 
1534174881533 0.31255 0.902174 -0.297312 -0.596135 -0.922837 0.36257 0.130059 -0.224561 0.225132 0.23372 0.945881 0.383769 0.316221 -0.384863 0.867113 0.400797 -0.930002 -0.306262 0.203223 -0.504308 0.187351 -0.87068 -0.45477 0.485869 
1534174881821 0.315657 0.900152 -0.300145 -0.598459 -0.922058 0.365655 0.126907 -0.225092 0.223985 0.236692 0.945414 0.383786 0.316221 -0.384863 0.867113 0.400796 -0.930002 -0.306262 0.203223 -0.504306 0.187351 -0.87068 -0.45477 0.485868 
1534174881827 0.318763 0.89811 -0.302966 -0.600781 -0.921265 0.368725 0.123744 -0.225621 0.222847 0.239667 0.944933 0.383803 0.316221 -0.384863 0.867113 0.400796 -0.930002 -0.306262 0.203223 -0.504306 0.187351 -0.87068 -0.45477 0.485868 
1534174882235 0.321869 0.896049 -0.305772 -0.603105 -0.920457 0.371781 0.120572 -0.226152 0.221718 0.242642 0.944439 0.38382 0.31622 -0.384863 0.867113 0.400796 -0.930002 -0.306262 0.203222 -0.504306 0.187351 -0.87068 -0.454769 0.485868 
1534174882525 0.324975 0.893968 -0.308565 -0.605429 -0.919634 0.374823 0.117389 -0.226682 0.220599 0.245618 0.943932 0.383837 0.31622 -0.384863 0.867113 0.400796 -0.930002 -0.306262 0.203222 -0.504305 0.187351 -0.87068 -0.45477 0.485867 
1534174882821 0.32808 0.891868 -0.311343 -0.607752 -0.918797 0.37785 0.114196 -0.227212 0.219489 0.248596 0.943411 0.383854 0.31622 -0.384863 0.867113 0.400796 -0.930002 -0.306262 0.203222 -0.504305 0.187351 -0.87068 -0.45477 0.485867 
1534174883114 0.331184 0.889749 -0.314108 -0.610076 -0.917945 0.380863 0.110993 -0.227742 0.218388 0.251575 0.942877 0.383871 0.316221 -0.384863 0.867113 0.400795 -0.930002 -0.306262 0.203223 -0.504305 0.187351 -0.87068 -0.45477 0.485867 
1534174883419 0.330642 0.890097 -0.313691 -0.609707 -0.918088 0.380354 0.111554 -0.227713 0.218607 0.251112 0.942949 0.383747 0.316221 -0.384863 0.867113 0.400795 -0.930002 -0.306262 0.203223 -0.504305 0.187351 -0.87068 -0.45477 0.485867 
1534174883430 0.331306 0.88999 -0.313296 -0.609883 -0.917923 0.380853 0.11121 -0.227767 0.218295 0.250738 0.943121 0.383594 0.31622 -0.384863 0.867113 0.400795 -0.930002 -0.306262 0.203222 -0.504304 0.187351 -0.87068 -0.454769 0.485867 
1534174883447 0.33197 0.889882 -0.3129 -0.610062 -0.917758 0.381351 0.110866 -0.227823 0.217983 0.250363 0.943293 0.383439 0.31622 -0.384863 0.867113 0.400795 -0.930002 -0.306262 0.203222 -0.504304 0.187351 -0.87068 -0.454769 0.485867 
1534174883585 0.332633 0.889774 -0.312504 -0.610242 -0.917592 0.38185 0.110522 -0.227878 0.217669 0.249988 0.943465 0.383285 0.31622 -0.384863 0.867113 0.400795 -0.930002 -0.306262 0.203222 -0.504304 0.187351 -0.87068 -0.454769 0.485867 
1534174883652 0.333296 0.889665 -0.312107 -0.610422 -0.917426 0.382348 0.110179 -0.227934 0.217356 0.249613 0.943637 0.383131 0.31622 -0.384863 0.867113 0.400795 -0.930002 -0.306262 0.203222 -0.504304 0.187351 -0.87068 -0.454769 0.485867 
1534174883748 0.333958 0.889555 -0.31171 -0.6106 -0.917259 0.382847 0.109836 -0.227989 0.217042 0.249238 0.943808 0.382977 0.31622 -0.384863 0.867113 0.400795 -0.930002 -0.306262 0.203222 -0.504304 0.187351 -0.87068 -0.454769 0.485867 
1534174883811 0.334621 0.889446 -0.311312 -0.610781 -0.917092 0.383345 0.109493 -0.228046 0.216728 0.248863 0.943979 0.382823 0.31622 -0.384863 0.867113 0.400795 -0.930002 -0.306262 0.203222 -0.504304 0.187351 -0.87068 -0.454769 0.485867 
1534174883818 0.335283 0.889335 -0.310915 -0.61096 -0.916925 0.383843 0.10915 -0.228101 0.216414 0.248489 0.94415 0.382669 0.31622 -0.384863 0.867113 0.400795 -0.930002 -0.306262 0.203222 -0.504304 0.187351 -0.87068 -0.454769 0.485867 
1534174883954 0.335945 0.889225 -0.310516 -0.61114 -0.916756 0.384341 0.108808 -0.228157 0.216099 0.248115 0.94432 0.382514 0.31622 -0.384863 0.867113 0.400795 -0.930002 -0.306262 0.203222 -0.504304 0.187351 -0.87068 -0.454769 0.485867 
1534174884009 0.336606 0.889114 -0.310118 -0.61132 -0.916588 0.38484 0.108465 -0.228213 0.215784 0.24774 0.94449 0.38236 0.31622 -0.384863 0.867113 0.400795 -0.930002 -0.306262 0.203222 -0.504304 0.187351 -0.87068 -0.454769 0.485867 
1534174884128 0.335956 0.889176 -0.310645 -0.611114 -0.916757 0.384363 0.10873 -0.228229 0.21608 0.248257 0.944287 0.382448 0.31622 -0.384863 0.867113 0.400795 -0.930002 -0.306262 0.203222 -0.504304 0.187351 -0.87068 -0.454769 0.485867 
1534174884139 0.336282 0.889277 -0.310002 -0.611232 -0.916703 0.384521 0.108626 -0.228234 0.215801 0.247651 0.94451 0.382358 0.31622 -0.384863 0.867113 0.400795 -0.930002 -0.306262 0.203222 -0.504304 0.187351 -0.87068 -0.45477 0.485867 
1534174884155 0.336607 0.889378 -0.309358 -0.611355 -0.916649 0.384677 0.108524 -0.228242 0.215522 0.247043 0.944733 0.382266 0.31622 -0.384863 0.867113 0.400795 -0.930002 -0.306262 0.203222 -0.504304 0.187351 -0.87068 -0.45477 0.485867 
1534174884264 0.336932 0.889479 -0.308715 -0.611477 -0.916596 0.384834 0.108422 -0.228249 0.215242 0.246436 0.944955 0.382175 0.31622 -0.384863 0.867113 0.400795 -0.930002 -0.306262 0.203222 -0.504304 0.187351 -0.87068 -0.45477 0.485867 
1534174884341 0.337256 0.889579 -0.308071 -0.6116 -0.916542 0.384991 0.108319 -0.228256 0.214963 0.245828 0.945177 0.382083 0.31622 -0.384863 0.867113 0.400795 -0.930002 -0.306262 0.203222 -0.504304 0.187351 -0.87068 -0.45477 0.485867 
1534174884433 0.33758 0.889679 -0.307426 -0.611723 -0.916488 0.385147 0.108217 -0.228264 0.214683 0.245221 0.945398 0.381992 0.31622 -0.384863 0.867113 0.400795 -0.930002 -0.306262 0.203222 -0.504304 0.187351 -0.87068 -0.45477 0.485867 
1534174884504 0.337905 0.889778 -0.306782 -0.611845 -0.916434 0.385304 0.108115 -0.228271 0.214403 0.244613 0.945619 0.381901 0.31622 -0.384863 0.867113 0.400795 -0.930002 -0.306262 0.203222 -0.504304 0.187351 -0.87068 -0.45477 0.485867 
1534174884593 0.338228 0.889877 -0.306137 -0.611969 -0.91638 0.385461 0.108014 -0.228279 0.214123 0.244005 0.94584 0.381809 0.31622 -0.384863 0.867113 0.400795 -0.930002 -0.306262 0.203222 -0.504304 0.187351 -0.87068 -0.45477 0.485867 
1534174884677 0.338552 0.889976 -0.305493 -0.612091 -0.916326 0.385618 0.107912 -0.228286 0.213842 0.243397 0.94606 0.381718 0.31622 -0.384863 0.867113 0.400795 -0.930002 -0.306262 0.203222 -0.504304 0.187351 -0.87068 -0.45477 0.485867 
1534174884768 0.338876 0.890074 -0.304848 -0.612213 -0.916272 0.385775 0.10781 -0.228293 0.213562 0.24279 0.946279 0.381627 0.31622 -0.384863 0.867113 0.400795 -0.930002 -0.306262 0.203222 -0.504304 0.187351 -0.87068 -0.45477 0.485867 
1534174884868 0.338645 0.889947 -0.305473 -0.612073 -0.916254 0.385748 0.108063 -0.228288 0.214006 0.243295 0.946049 0.381768 0.31622 -0.384863 0.867113 0.400795 -0.930002 -0.306262 0.203222 -0.504304 0.187351 -0.87068 -0.45477 0.485867 
1534174884880 0.338323 0.890054 -0.305519 -0.612184 -0.916288 0.385542 0.10851 -0.228325 0.21437 0.243232 0.945983 0.381688 0.31622 -0.384863 0.867113 0.400795 -0.930002 -0.306262 0.203222 -0.504304 0.187351 -0.87068 -0.45477 0.485867 
1534174884896 0.338001 0.890161 -0.305563 -0.612299 -0.916321 0.385336 0.108957 -0.228365 0.214734 0.243167 0.945917 0.381608 0.31622 -0.384863 0.867113 0.400795 -0.930002 -0.306262 0.203222 -0.504304 0.187351 -0.87068 -0.45477 0.485867 
1534174884997 0.337679 0.890268 -0.305607 -0.612416 -0.916355 0.38513 0.109404 -0.228405 0.215098 0.243101 0.945851 0.381527 0.31622 -0.384863 0.867113 0.400795 -0.930002 -0.306262 0.203222 -0.504304 0.187351 -0.87068 -0.45477 0.485867 
1534174885060 0.337357 0.890375 -0.305652 -0.612531 -0.916388 0.384924 0.109851 -0.228444 0.215461 0.243036 0.945785 0.381446 0.31622 -0.384863 0.867113 0.400795 -0.930002 -0.306262 0.203222 -0.504304 0.187351 -0.87068 -0.45477 0.485867 
1534174885113 0.337035 0.890482 -0.305696 -0.612647 -0.916421 0.384717 0.110298 -0.228484 0.215825 0.242971 0.945719 0.381366 0.31622 -0.384863 0.867113 0.400795 -0.930002 -0.306262 0.203222 -0.504304 0.187351 -0.87068 -0.45477 0.485867 
1534174885119 0.336713 0.890588 -0.305739 -0.612764 -0.916453 0.384511 0.110746 -0.228524 0.216189 0.242906 0.945653 0.381285 0.31622 -0.384863 0.867113 0.400795 -0.930002 -0.306262 0.203222 -0.504304 0.187351 -0.87068 -0.45477 0.485867 
1534174885230 0.336391 0.890695 -0.305783 -0.612879 -0.916486 0.384305 0.111193 -0.228563 0.216553 0.242842 0.945586 0.381204 0.31622 -0.384863 0.867113 0.400795 -0.930002 -0.306262 0.203222 -0.504304 0.187351 -0.87068 -0.45477 0.485867 
1534174885267 0.336069 0.890802 -0.305827 -0.612994 -0.916518 0.384098 0.11164 -0.228602 0.216916 0.242777 0.945519 0.381124 0.31622 -0.384863 0.867113 0.400795 -0.930002 -0.306262 0.203222 -0.504304 0.187351 -0.87068 -0.45477 0.485867 
1534174885361 0.335746 0.890908 -0.30587 -0.613111 -0.91655 0.383892 0.112087 -0.228642 0.21728 0.242712 0.945452 0.381043 0.31622 -0.384863 0.867113 0.400795 -0.930002 -0.306262 0.203222 -0.504304 0.187351 -0.87068 -0.45477 0.485867 
1534174885405 0.335989 0.890807 -0.3059 -0.612943 -0.916569 0.384007 0.111537 -0.228481 0.216825 0.242903 0.945508 0.381151 0.31622 -0.384863 0.867113 0.400795 -0.930002 -0.306262 0.203222 -0.504304 0.187351 -0.87068 -0.45477 0.485867 
1534174885418 0.335529 0.890925 -0.30606 -0.612943 -0.916768 0.383553 0.111464 -0.228451 0.216696 0.243186 0.945465 0.381091 0.31622 -0.384863 0.867113 0.400795 -0.930002 -0.306262 0.203222 -0.504304 0.187351 -0.87068 -0.45477 0.485867 
1534174885435 0.335068 0.891044 -0.30622 -0.612942 -0.916967 0.383097 0.111392 -0.228423 0.216567 0.24347 0.945421 0.38103 0.31622 -0.384863 0.867113 0.400795 -0.930002 -0.306262 0.203222 -0.504304 0.187351 -0.87068 -0.45477 0.485867 
1534174885452 0.334607 0.891161 -0.306381 -0.612942 -0.917166 0.382643 0.111319 -0.228395 0.216437 0.243754 0.945378 0.38097 0.31622 -0.384863 0.867113 0.400795 -0.930002 -0.306262 0.203222 -0.504304 0.187351 -0.87068 -0.45477 0.485867 
1534174885468 0.334146 0.891279 -0.306541 -0.612941 -0.917364 0.382187 0.111247 -0.228368 0.216308 0.244037 0.945334 0.380909 0.31622 -0.384863 0.867113 0.400795 -0.930002 -0.306262 0.203222 -0.504304 0.187351 -0.87068 -0.45477 0.485867 
1534174885543 0.333685 0.891397 -0.306701 -0.61294 -0.917563 0.381732 0.111175 -0.22834 0.216178 0.24432 0.945291 0.380848 0.31622 -0.384863 0.867113 0.400795 -0.930002 -0.306262 0.203222 -0.504304 0.187351 -0.87068 -0.45477 0.485867 
1534174885560 0.333224 0.891514 -0.306862 -0.61294 -0.917761 0.381276 0.111102 -0.228312 0.216048 0.244604 0.945247 0.380788 0.31622 -0.384863 0.867113 0.400795 -0.930002 -0.306262 0.203222 -0.504304 0.187351 -0.87068 -0.45477 0.485867 
1534174885591 0.332763 0.891631 -0.307022 -0.612939 -0.917959 0.38082 0.111031 -0.228285 0.215919 0.244887 0.945204 0.380727 0.31622 -0.384863 0.867113 0.400795 -0.930002 -0.306262 0.203222 -0.504304 0.187351 -0.87068 -0.45477 0.485867 
1534174885644 0.332302 0.891748 -0.307182 -0.612938 -0.918156 0.380365 0.110959 -0.228257 0.215789 0.24517 0.94516 0.380666 0.31622 -0.384863 0.867113 0.400795 -0.930002 -0.306262 0.203222 -0.504304 0.187351 -0.87068 -0.45477 0.485867 
1534174885672 0.331841 0.891864 -0.307343 -0.612938 -0.918354 0.379909 0.110887 -0.228229 0.215658 0.245453 0.945116 0.380605 0.31622 -0.384863 0.867113 0.400795 -0.930002 -0.306262 0.203222 -0.504304 0.187351 -0.87068 -0.45477 0.485867 
1534174885708 0.333093 0.891571 -0.30684 -0.612942 -0.91784 0.381112 0.111012 -0.228296 0.215916 0.244652 0.945265 0.380781 0.31622 -0.384863 0.867113 0.400795 -0.930002 -0.306262 0.203222 -0.504304 0.187351 -0.87068 -0.45477 0.485867 
1534174885720 0.332517 0.891921 -0.306446 -0.612776 -0.918088 0.380467 0.111169 -0.228227 0.215747 0.244379 0.945374 0.380726 0.31622 -0.384863 0.867113 0.400795 -0.930002 -0.306262 0.203222 -0.504304 0.187351 -0.87068 -0.45477 0.485867 
1534174885737 0.331941 0.892271 -0.306051 -0.612608 -0.918336 0.379823 0.111326 -0.228159 0.215578 0.244105 0.945484 0.380669 0.31622 -0.384863 0.867113 0.400795 -0.930002 -0.306262 0.203222 -0.504304 0.187351 -0.87068 -0.45477 0.485867 
1534174885753 0.331365 0.89262 -0.305657 -0.612441 -0.918584 0.379177 0.111482 -0.22809 0.21541 0.243831 0.945593 0.380613 0.31622 -0.384863 0.867113 0.400795 -0.930002 -0.306262 0.203222 -0.504304 0.187351 -0.87068 -0.45477 0.485867 
1534174885856 0.330788 0.892969 -0.305262 -0.612271 -0.918831 0.378532 0.111639 -0.228022 0.215241 0.243556 0.945702 0.380556 0.31622 -0.384863 0.867113 0.400795 -0.930002 -0.306262 0.203222 -0.504304 0.187351 -0.87068 -0.45477 0.485867 
1534174885873 0.330211 0.893317 -0.304868 -0.612101 -0.919078 0.377886 0.111795 -0.227953 0.215074 0.243281 0.94581 0.3805 0.31622 -0.384863 0.867113 0.400795 -0.930002 -0.306262 0.203222 -0.504304 0.187351 -0.87068 -0.45477 0.485867 
1534174886016 0.329634 0.893665 -0.304474 -0.611933 -0.919324 0.377241 0.11195 -0.227885 0.214906 0.243008 0.945919 0.380443 0.31622 -0.384863 0.867113 0.400795 -0.930002 -0.306262 0.203222 -0.504304 0.187351 -0.87068 -0.45477 0.485867 
1534174886088 0.329057 0.894012 -0.30408 -0.611763 -0.91957 0.376595 0.112106 -0.227816 0.214739 0.242733 0.946027 0.380387 0.31622 -0.384863 0.867113 0.400795 -0.930002 -0.306262 0.203222 -0.504304 0.187351 -0.87068 -0.45477 0.485867 
1534174886136 0.32848 0.894358 -0.303685 -0.611594 -0.919815 0.375949 0.112261 -0.227747 0.214571 0.242459 0.946136 0.380331 0.31622 -0.384863 0.867113 0.400795 -0.930002 -0.306262 0.203222 -0.504304 0.187351 -0.87068 -0.45477 0.485867 
1534174886191 0.327902 0.894704 -0.30329 -0.611426 -0.92006 0.375302 0.112415 -0.227679 0.214404 0.242184 0.946244 0.380275 0.31622 -0.384863 0.867113 0.400795 -0.930002 -0.306262 0.203222 -0.504304 0.187351 -0.87068 -0.45477 0.485867 
1534174886246 0.328869 0.894076 -0.304095 -0.611756 -0.919654 0.376397 0.112077 -0.22778 0.214666 0.242804 0.946026 0.380355 0.31622 -0.384863 0.867113 0.400795 -0.930002 -0.306262 0.203222 -0.504304 0.187351 -0.87068 -0.45477 0.485867 
1534174886257 0.328102 0.894426 -0.303894 -0.611398 -0.91987 0.375704 0.112629 -0.227617 0.214912 0.24259 0.946025 0.380363 0.31622 -0.384863 0.867113 0.400795 -0.930002 -0.306262 0.203222 -0.504304 0.187351 -0.87068 -0.45477 0.485867 
1534174886264 0.327336 0.894774 -0.303695 -0.611034 -0.920086 0.37501 0.113179 -0.227451 0.215158 0.242378 0.946023 0.380371 0.31622 -0.384863 0.867113 0.400795 -0.930002 -0.306262 0.203222 -0.504304 0.187351 -0.87068 -0.45477 0.485867 
1534174886415 0.32657 0.895121 -0.303495 -0.610671 -0.9203 0.374317 0.113729 -0.227285 0.215405 0.242166 0.946021 0.38038 0.31622 -0.384863 0.867113 0.400795 -0.930002 -0.306262 0.203222 -0.504304 0.187351 -0.87068 -0.45477 0.485867 
1534174886544 0.325804 0.895468 -0.303295 -0.610308 -0.920514 0.373623 0.114279 -0.22712 0.215651 0.241955 0.946019 0.380388 0.31622 -0.384863 0.867113 0.400795 -0.930002 -0.306262 0.203222 -0.504304 0.187351 -0.87068 -0.45477 0.485867 
1534174886662 0.325038 0.895815 -0.303095 -0.609944 -0.920727 0.372929 0.114828 -0.226954 0.215898 0.241744 0.946017 0.380397 0.31622 -0.384863 0.867113 0.400795 -0.930002 -0.306262 0.203222 -0.504304 0.187351 -0.87068 -0.45477 0.485867 
1534174886774 0.324271 0.89616 -0.302894 -0.609581 -0.920939 0.372234 0.115378 -0.226788 0.216145 0.241533 0.946014 0.380406 0.31622 -0.384863 0.867113 0.400795 -0.930002 -0.306262 0.203222 -0.504304 0.187351 -0.87068 -0.45477 0.485867 
1534174886901 0.323505 0.896505 -0.302693 -0.609217 -0.921151 0.37154 0.115927 -0.226622 0.216392 0.241322 0.946012 0.380414 0.31622 -0.384863 0.867113 0.400795 -0.930002 -0.306262 0.203222 -0.504304 0.187351 -0.87068 -0.45477 0.485867 
1534174886907 0.322738 0.89685 -0.30249 -0.608854 -0.921362 0.370844 0.116477 -0.226457 0.216639 0.241112 0.946009 0.380423 0.31622 -0.384863 0.867113 0.400795 -0.930002 -0.306262 0.203222 -0.504304 0.187351 -0.87068 -0.45477 0.485867 
1534174887089 0.321971 0.897194 -0.302288 -0.608492 -0.921572 0.370149 0.117026 -0.226291 0.216886 0.240901 0.946006 0.380431 0.31622 -0.384863 0.867113 0.400795 -0.930002 -0.306262 0.203222 -0.504304 0.187351 -0.87068 -0.45477 0.485867 
1534174887227 0.322654 0.896849 -0.302581 -0.608734 -0.921374 0.370795 0.116539 -0.226516 0.216714 0.241189 0.945972 0.380343 0.31622 -0.384863 0.867113 0.400795 -0.930002 -0.306262 0.203222 -0.504304 0.187351 -0.87068 -0.45477 0.485867 
1534174887240 0.321744 0.897569 -0.301416 -0.608395 -0.921811 0.369641 0.116751 -0.226337 0.216208 0.240284 0.946318 0.380374 0.31622 -0.384863 0.867113 0.400795 -0.930002 -0.306262 0.203222 -0.504304 0.187351 -0.87068 -0.45477 0.485867 
1534174887257 0.320832 0.898286 -0.30025 -0.608054 -0.922246 0.368485 0.116964 -0.226158 0.215705 0.239378 0.946662 0.380404 0.31622 -0.384863 0.867113 0.400795 -0.930002 -0.306262 0.203222 -0.504304 0.187351 -0.87068 -0.45477 0.485867 
1534174887403 0.319919 0.899 -0.299084 -0.607711 -0.922681 0.367329 0.117176 -0.225979 0.215203 0.238473 0.947005 0.380434 0.31622 -0.384863 0.867113 0.400795 -0.930002 -0.306262 0.203222 -0.504304 0.187351 -0.87068 -0.45477 0.485867 
1534174887469 0.319005 0.899712 -0.297918 -0.607368 -0.923114 0.366172 0.117385 -0.225799 0.214702 0.237565 0.947347 0.380464 0.31622 -0.384863 0.867113 0.400795 -0.930002 -0.306262 0.203222 -0.504304 0.187351 -0.87068 -0.45477 0.485867 
1534174887569 0.31809 0.900421 -0.29675 -0.607027 -0.923546 0.365014 0.117593 -0.22562 0.214202 0.236657 0.947687 0.380494 0.31622 -0.384863 0.867113 0.400795 -0.930002 -0.306262 0.203222 -0.504304 0.187351 -0.87068 -0.45477 0.485867 
1534174887636 0.317174 0.901128 -0.295582 -0.606684 -0.923976 0.363856 0.1178 -0.22544 0.213702 0.235748 0.948026 0.380525 0.31622 -0.384863 0.867113 0.400795 -0.930002 -0.306262 0.203222 -0.504304 0.187351 -0.87068 -0.45477 0.485867 
1534174887734 0.316257 0.901833 -0.294414 -0.606342 -0.924406 0.362697 0.118005 -0.225261 0.213204 0.234838 0.948365 0.380555 0.31622 -0.384863 0.867113 0.400795 -0.930002 -0.306262 0.203222 -0.504304 0.187351 -0.87068 -0.45477 0.485867 
1534174887810 0.315339 0.902535 -0.293245 -0.605998 -0.924834 0.361537 0.118209 -0.225081 0.212706 0.233927 0.948701 0.380585 0.31622 -0.384863 0.867113 0.400795 -0.930002 -0.306262 0.203222 -0.504304 0.187351 -0.87068 -0.45477 0.485867 
1534174887816 0.314419 0.903235 -0.292075 -0.605656 -0.925261 0.360377 0.118411 -0.224902 0.21221 0.233015 0.949037 0.380616 0.31622 -0.384863 0.867113 0.400795 -0.930002 -0.306262 0.203222 -0.504304 0.187351 -0.87068 -0.45477 0.485867 
1534174887973 0.31539 0.902542 -0.293169 -0.605983 -0.924837 0.361554 0.118136 -0.225106 0.212619 0.233875 0.948734 0.380675 0.31622 -0.384863 0.867113 0.400795 -0.930002 -0.306262 0.203222 -0.504304 0.187351 -0.87068 -0.45477 0.485867 
1534174887985 0.314595 0.903179 -0.292059 -0.605688 -0.925201 0.360543 0.118372 -0.224963 0.212211 0.232974 0.949047 0.380709 0.31622 -0.384863 0.867113 0.400795 -0.930002 -0.306262 0.203222 -0.504304 0.187351 -0.87068 -0.45477 0.485867 
1534174888002 0.313797 0.903814 -0.290948 -0.605391 -0.925565 0.35953 0.118608 -0.224822 0.211804 0.232073 0.949358 0.38074 0.31622 -0.384863 0.867113 0.400795 -0.930002 -0.306262 0.203222 -0.504304 0.187351 -0.87068 -0.45477 0.485867 
1534174888026 0.312999 0.904448 -0.289837 -0.605094 -0.925928 0.358517 0.118842 -0.224681 0.211398 0.23117 0.949669 0.380771 0.31622 -0.384863 0.867113 0.400795 -0.930002 -0.306262 0.203222 -0.504304 0.187351 -0.87068 -0.45477 0.485867 
1534174888154 0.3122 0.905079 -0.288725 -0.604798 -0.92629 0.357503 0.119076 -0.22454 0.210993 0.230268 0.949978 0.380805 0.31622 -0.384863 0.867113 0.400795 -0.930002 -0.306262 0.203222 -0.504304 0.187351 -0.87068 -0.45477 0.485867 
1534174888236 0.3114 0.905709 -0.287613 -0.604503 -0.926651 0.356487 0.11931 -0.224401 0.21059 0.229363 0.950286 0.380839 0.31622 -0.384863 0.867113 0.400795 -0.930002 -0.306262 0.203222 -0.504304 0.187351 -0.87068 -0.45477 0.485867 
1534174888326 0.310599 0.906337 -0.2865 -0.604207 -0.927011 0.355472 0.119541 -0.22426 0.210187 0.228459 0.950593 0.380871 0.31622 -0.384863 0.867113 0.400795 -0.930002 -0.306262 0.203222 -0.504304 0.187351 -0.87068 -0.45477 0.485867 
1534174888426 0.309798 0.906962 -0.285386 -0.60391 -0.92737 0.354456 0.11977 -0.224119 0.209784 0.227554 0.950899 0.380902 0.31622 -0.384863 0.867113 0.400795 -0.930002 -0.306262 0.203222 -0.504304 0.187351 -0.87068 -0.45477 0.485867 
1534174888514 0.308996 0.907585 -0.284272 -0.603613 -0.927729 0.35344 0.119998 -0.223977 0.209382 0.226649 0.951204 0.380934 0.31622 -0.384863 0.867113 0.400795 -0.930002 -0.306262 0.203222 -0.504304 0.187351 -0.87068 -0.45477 0.485867 
1534174888611 0.308193 0.908206 -0.283158 -0.603316 -0.928086 0.352423 0.120225 -0.223836 0.208981 0.225742 0.951508 0.380966 0.31622 -0.384863 0.867113 0.400795 -0.930002 -0.306262 0.203222 -0.504304 0.187351 -0.87068 -0.45477 0.485867 
1534174888719 0.308826 0.907675 -0.28417 -0.603609 -0.927801 0.353245 0.12001 -0.223871 0.209311 0.226592 0.951233 0.380906 0.31622 -0.384863 0.867113 0.400795 -0.930002 -0.306262 0.203222 -0.504304 0.187351 -0.87068 -0.45477 0.485867 
1534174888732 0.308393 0.908089 -0.283316 -0.603427 -0.928077 0.352574 0.119855 -0.223768 0.208729 0.225976 0.951508 0.380889 0.31622 -0.384863 0.867113 0.400795 -0.930002 -0.306262 0.203222 -0.504304 0.187351 -0.87068 -0.45477 0.485867 
1534174888749 0.307959 0.908502 -0.282462 -0.603239 -0.928352 0.351903 0.119698 -0.223661 0.208145 0.225362 0.951781 0.380867 0.31622 -0.384863 0.867113 0.400795 -0.930002 -0.306262 0.203222 -0.504304 0.187351 -0.87068 -0.45477 0.485867 
1534174888862 0.307525 0.908914 -0.281608 -0.603052 -0.928626 0.351231 0.11954 -0.223554 0.207561 0.224747 0.952054 0.380845 0.31622 -0.384863 0.867113 0.400795 -0.930002 -0.306262 0.203222 -0.504304 0.187351 -0.87068 -0.45477 0.485867 
1534174888945 0.30709 0.909326 -0.280754 -0.602865 -0.9289 0.35056 0.119381 -0.223447 0.206977 0.224132 0.952326 0.380823 0.31622 -0.384863 0.867113 0.400795 -0.930002 -0.306262 0.203222 -0.504304 0.187351 -0.87068 -0.45477 0.485867 
1534174889038 0.306654 0.909736 -0.2799 -0.602678 -0.929174 0.349888 0.119222 -0.223341 0.206394 0.223516 0.952598 0.380801 0.31622 -0.384863 0.867113 0.400795 -0.930002 -0.306262 0.203222 -0.504304 0.187351 -0.87068 -0.45477 0.485867 
1534174889138 0.306218 0.910145 -0.279046 -0.60249 -0.929447 0.349216 0.119062 -0.223234 0.205811 0.222899 0.952868 0.380779 0.31622 -0.384863 0.867113 0.400795 -0.930002 -0.306262 0.203222 -0.504304 0.187351 -0.87068 -0.45477 0.485867 
1534174889233 0.305781 0.910553 -0.278191 -0.602303 -0.92972 0.348544 0.118902 -0.223128 0.205228 0.222282 0.953138 0.380757 0.31622 -0.384863 0.867113 0.400795 -0.930002 -0.306262 0.203222 -0.504304 0.187351 -0.87068 -0.45477 0.485867 
1534174889322 0.305344 0.910961 -0.277337 -0.602116 -0.929992 0.347873 0.11874 -0.223021 0.204646 0.221664 0.953407 0.380735 0.31622 -0.384863 0.867113 0.400795 -0.930002 -0.306262 0.203222 -0.504304 0.187351 -0.87068 -0.45477 0.485867 
1534174889419 0.304906 0.911367 -0.276482 -0.601929 -0.930264 0.347201 0.118579 -0.222914 0.204063 0.221046 0.953675 0.380713 0.31622 -0.384863 0.867113 0.400795 -0.930002 -0.306262 0.203222 -0.504304 0.187351 -0.87068 -0.45477 0.485867 
1534174889525 0.30542 0.910921 -0.277384 -0.602131 -0.929968 0.347951 0.118699 -0.223006 0.204641 0.221706 0.953398 0.380666 0.31622 -0.384863 0.867113 0.400795 -0.930002 -0.306262 0.203222 -0.504304 0.187351 -0.87068 -0.45477 0.485867 
1534174889537 0.305064 0.911292 -0.276556 -0.601989 -0.930149 0.347431 0.118803 -0.222936 0.204349 0.220996 0.953626 0.380623 0.31622 -0.384863 0.867113 0.400795 -0.930002 -0.306262 0.203222 -0.504304 0.187351 -0.87068 -0.45477 0.485867 
1534174889554 0.30471 0.911661 -0.275727 -0.601843 -0.93033 0.346912 0.118905 -0.222863 0.204054 0.220285 0.953853 0.380575 0.31622 -0.384863 0.867113 0.400795 -0.930002 -0.306262 0.203222 -0.504304 0.187351 -0.87068 -0.45477 0.485867 
1534174889645 0.304355 0.912031 -0.274897 -0.601696 -0.930511 0.346392 0.119007 -0.22279 0.203761 0.219574 0.95408 0.380528 0.31622 -0.384863 0.867113 0.400795 -0.930002 -0.306262 0.203222 -0.504304 0.187351 -0.87068 -0.45477 0.485867 
1534174889652 0.303999 0.912399 -0.274068 -0.60155 -0.930691 0.345872 0.119109 -0.222717 0.203467 0.218863 0.954306 0.38048 0.31622 -0.384863 0.867113 0.400795 -0.930002 -0.306262 0.203222 -0.504304 0.187351 -0.87068 -0.45477 0.485867 
1534174889801 0.303643 0.912766 -0.273238 -0.601403 -0.930871 0.345352 0.11921 -0.222644 0.203174 0.218152 0.954531 0.380432 0.31622 -0.384863 0.867113 0.400795 -0.930002 -0.306262 0.203222 -0.504304 0.187351 -0.87068 -0.45477 0.485867 
1534174889899 0.303287 0.913132 -0.272408 -0.601257 -0.931051 0.344832 0.11931 -0.222571 0.202881 0.21744 0.954756 0.380384 0.31622 -0.384863 0.867113 0.400795 -0.930002 -0.306262 0.203222 -0.504304 0.187351 -0.87068 -0.45477 0.485867 
1534174889991 0.302931 0.913498 -0.271577 -0.60111 -0.931231 0.344311 0.11941 -0.222498 0.202588 0.216728 0.95498 0.380337 0.31622 -0.384863 0.867113 0.400795 -0.930002 -0.306262 0.203222 -0.504304 0.187351 -0.87068 -0.45477 0.485867 
1534174890070 0.302574 0.913863 -0.270746 -0.600964 -0.93141 0.343791 0.11951 -0.222425 0.202296 0.216015 0.955204 0.380289 0.31622 -0.384863 0.867113 0.400795 -0.930002 -0.306262 0.203222 -0.504304 0.187351 -0.87068 -0.45477 0.485867 
1534174890164 0.302217 0.914227 -0.269916 -0.600817 -0.93159 0.34327 0.119609 -0.222352 0.202003 0.215303 0.955426 0.380241 0.31622 -0.384863 0.867113 0.400795 -0.930002 -0.306262 0.203222 -0.504304 0.187351 -0.87068 -0.45477 0.485867 
1534174890266 0.302597 0.913857 -0.270741 -0.600975 -0.931436 0.343777 0.119352 -0.222454 0.202145 0.216062 0.955225 0.380269 0.31622 -0.384863 0.867113 0.400795 -0.930002 -0.306262 0.203222 -0.504304 0.187351 -0.87068 -0.45477 0.485867 
1534174890277 0.302178 0.914184 -0.270103 -0.600853 -0.93159 0.34327 0.119604 -0.222415 0.202059 0.215483 0.955374 0.380235 0.31622 -0.384863 0.867113 0.400795 -0.930002 -0.306262 0.203222 -0.504304 0.187351 -0.87068 -0.45477 0.485867 
1534174890294 0.30176 0.914511 -0.269464 -0.600728 -0.931745 0.342762 0.119854 -0.222374 0.20197 0.214905 0.955523 0.380195 0.31622 -0.384863 0.867113 0.400795 -0.930002 -0.306262 0.203222 -0.504304 0.187351 -0.87068 -0.45477 0.485867 
1534174890311 0.301341 0.914837 -0.268825 -0.600603 -0.9319 0.342254 0.120104 -0.222333 0.201882 0.214326 0.955672 0.380156 0.31622 -0.384863 0.867113 0.400795 -0.930002 -0.306262 0.203222 -0.504304 0.187351 -0.87068 -0.45477 0.485867 
1534174890427 0.300922 0.915162 -0.268186 -0.600479 -0.932054 0.341746 0.120353 -0.222293 0.201794 0.213747 0.95582 0.380116 0.31622 -0.384863 0.867113 0.400795 -0.930002 -0.306262 0.203222 -0.504304 0.187351 -0.87068 -0.45477 0.485867 
1534174890469 0.300503 0.915487 -0.267547 -0.600354 -0.932208 0.341237 0.120601 -0.222252 0.201706 0.213168 0.955968 0.380076 0.31622 -0.384863 0.867113 0.400795 -0.930002 -0.306262 0.203222 -0.504304 0.187351 -0.87068 -0.45477 0.485867 
1534174890475 0.300084 0.915811 -0.266907 -0.600229 -0.932362 0.340728 0.12085 -0.222211 0.201618 0.212589 0.956115 0.380037 0.31622 -0.384863 0.867113 0.400795 -0.930002 -0.306262 0.203222 -0.504304 0.187351 -0.87068 -0.45477 0.485867 
1534174890589 0.299665 0.916135 -0.266267 -0.600104 -0.932516 0.340219 0.121098 -0.22217 0.201531 0.21201 0.956262 0.379997 0.31622 -0.384863 0.867113 0.400795 -0.930002 -0.306262 0.203222 -0.504304 0.187351 -0.87068 -0.45477 0.485867 
1534174890638 0.299245 0.916457 -0.265627 -0.59998 -0.93267 0.33971 0.121345 -0.222129 0.201444 0.211431 0.956409 0.379958 0.31622 -0.384863 0.867113 0.400795 -0.930002 -0.306262 0.203222 -0.504304 0.187351 -0.87068 -0.45477 0.485867 
1534174890724 0.298826 0.91678 -0.264987 -0.599855 -0.932823 0.3392 0.121593 -0.222088 0.201357 0.210851 0.956555 0.379918 0.31622 -0.384863 0.867113 0.400795 -0.930002 -0.306262 0.203222 -0.504304 0.187351 -0.87068 -0.45477 0.485867 
1534174890778 0.29957 0.916259 -0.265947 -0.600032 -0.932574 0.340057 0.121109 -0.222202 0.201404 0.211735 0.95635 0.379916 0.31622 -0.384863 0.867113 0.400795 -0.930002 -0.306262 0.203222 -0.504304 0.187351 -0.87068 -0.45477 0.485867 
1534174890789 0.299206 0.916534 -0.265406 -0.599924 -0.932733 0.339589 0.121193 -0.222145 0.201207 0.211291 0.956489 0.379909 0.31622 -0.384863 0.867113 0.400795 -0.930002 -0.306262 0.203222 -0.504304 0.187351 -0.87068 -0.45477 0.485867 
1534174890805 0.298844 0.91681 -0.264864 -0.599812 -0.932893 0.339122 0.121276 -0.222085 0.201008 0.210847 0.956629 0.379896 0.31622 -0.384863 0.867113 0.400795 -0.930002 -0.306262 0.203222 -0.504304 0.187351 -0.87068 -0.45477 0.485867 
1534174890822 0.29848 0.917084 -0.264321 -0.5997 -0.933052 0.338655 0.121358 -0.222025 0.200809 0.210402 0.956769 0.379884 0.31622 -0.384863 0.867113 0.400795 -0.930002 -0.306262 0.203222 -0.504304 0.187351 -0.87068 -0.45477 0.485867 
1534174890878 0.298117 0.917359 -0.263779 -0.599588 -0.93321 0.338187 0.12144 -0.221966 0.200611 0.209958 0.956908 0.379873 0.31622 -0.384863 0.867113 0.400795 -0.930002 -0.306262 0.203222 -0.504304 0.187351 -0.87068 -0.45477 0.485867 
1534174890929 0.297754 0.917633 -0.263236 -0.599476 -0.933369 0.33772 0.121522 -0.221906 0.200413 0.209513 0.957047 0.379861 0.31622 -0.384863 0.867113 0.400795 -0.930002 -0.306262 0.203222 -0.504304 0.187351 -0.87068 -0.45477 0.485867 
1534174890989 0.29739 0.917906 -0.262694 -0.599363 -0.933527 0.337253 0.121603 -0.221846 0.200214 0.209068 0.957186 0.379848 0.31622 -0.384863 0.867113 0.400795 -0.930002 -0.306262 0.203222 -0.504304 0.187351 -0.87068 -0.45477 0.485867 
1534174890995 0.297026 0.918179 -0.262151 -0.599251 -0.933686 0.336785 0.121684 -0.221786 0.200016 0.208623 0.957324 0.379836 0.31622 -0.384863 0.867113 0.400795 -0.930002 -0.306262 0.203222 -0.504304 0.187351 -0.87068 -0.45477 0.485867 
1534174891096 0.296662 0.918451 -0.261608 -0.599139 -0.933844 0.336317 0.121765 -0.221727 0.199819 0.208178 0.957462 0.379825 0.31622 -0.384863 0.867113 0.400795 -0.930002 -0.306262 0.203222 -0.504304 0.187351 -0.87068 -0.45477 0.485867 
1534174891143 0.296298 0.918723 -0.261065 -0.599027 -0.934002 0.335849 0.121846 -0.221667 0.199621 0.207733 0.9576 0.379813 0.31622 -0.384863 0.867113 0.400795 -0.930002 -0.306262 0.203222 -0.504304 0.187351 -0.87068 -0.45477 0.485867 
1534174891219 0.296962 0.918228 -0.26205 -0.599239 -0.933722 0.336692 0.121658 -0.221759 0.19994 0.208554 0.957355 0.379768 0.31622 -0.384863 0.867113 0.400795 -0.930002 -0.306262 0.203222 -0.504304 0.187351 -0.87068 -0.45477 0.485867 
1534174891230 0.296805 0.918457 -0.261427 -0.599161 -0.93388 0.336346 0.121407 -0.22168 0.199437 0.208107 0.957557 0.379746 0.31622 -0.384863 0.867113 0.400795 -0.930002 -0.306262 0.203222 -0.504304 0.187351 -0.87068 -0.45477 0.485867 
1534174891247 0.296648 0.918685 -0.260803 -0.599078 -0.934037 0.336 0.121154 -0.221597 0.198932 0.207659 0.95776 0.37972 0.31622 -0.384863 0.867113 0.400795 -0.930002 -0.306262 0.203222 -0.504304 0.187351 -0.87068 -0.45477 0.485867 
1534174891264 0.296492 0.918912 -0.260179 -0.598995 -0.934195 0.335654 0.1209 -0.221515 0.198427 0.207211 0.957961 0.379694 0.31622 -0.384863 0.867113 0.400795 -0.930002 -0.306262 0.203222 -0.504304 0.187351 -0.87068 -0.45477 0.485867 
1534174891270 0.296334 0.91914 -0.259554 -0.598912 -0.934352 0.335308 0.120647 -0.221432 0.197922 0.206763 0.958163 0.379667 0.31622 -0.384863 0.867113 0.400795 -0.930002 -0.306262 0.203222 -0.504304 0.187351 -0.87068 -0.45477 0.485867 
1534174891433 0.296177 0.919366 -0.25893 -0.598829 -0.934508 0.334962 0.120393 -0.22135 0.197417 0.206315 0.958364 0.379641 0.31622 -0.384863 0.867113 0.400795 -0.930002 -0.306262 0.203222 -0.504304 0.187351 -0.87068 -0.45477 0.485867 
1534174891476 0.296019 0.919593 -0.258306 -0.598746 -0.934665 0.334616 0.120138 -0.221267 0.196912 0.205866 0.958564 0.379614 0.31622 -0.384863 0.867113 0.400795 -0.930002 -0.306262 0.203222 -0.504304 0.187351 -0.87068 -0.45477 0.485867 
1534174891572 0.29586 0.919819 -0.257682 -0.598663 -0.934821 0.334271 0.119884 -0.221185 0.196407 0.205417 0.958764 0.379588 0.31622 -0.384863 0.867113 0.400795 -0.930002 -0.306262 0.203222 -0.504304 0.187351 -0.87068 -0.45477 0.485867 
1534174891629 0.295702 0.920045 -0.257057 -0.59858 -0.934978 0.333925 0.119629 -0.221103 0.195902 0.204968 0.958963 0.379562 0.31622 -0.384863 0.867113 0.400795 -0.930002 -0.306262 0.203222 -0.504304 0.187351 -0.87068 -0.45477 0.485867 
1534174891722 0.295543 0.92027 -0.256433 -0.598497 -0.935133 0.333579 0.119374 -0.22102 0.195397 0.204519 0.959162 0.379536 0.31622 -0.384863 0.867113 0.400795 -0.930002 -0.306262 0.203222 -0.504304 0.187351 -0.87068 -0.45477 0.485867 
1534174891795 0.295852 0.919943 -0.257249 -0.598581 -0.934913 0.334113 0.119605 -0.221166 0.19598 0.20512 0.958915 0.379523 0.31622 -0.384863 0.867113 0.400795 -0.930002 -0.306262 0.203222 -0.504304 0.187351 -0.87068 -0.45477 0.485867 
1534174891805 0.295489 0.920197 -0.256757 -0.598451 -0.935061 0.333663 0.119705 -0.221093 0.195822 0.204712 0.959034 0.379501 0.31622 -0.384863 0.867113 0.400795 -0.930002 -0.306262 0.203222 -0.504304 0.187351 -0.87068 -0.45477 0.485867 
1534174891822 0.295126 0.92045 -0.256265 -0.598316 -0.935209 0.333213 0.119802 -0.221017 0.195663 0.204305 0.959154 0.379474 0.31622 -0.384863 0.867113 0.400795 -0.930002 -0.306262 0.203222 -0.504304 0.187351 -0.87068 -0.45477 0.485867 
1534174891840 0.294763 0.920703 -0.255773 -0.598181 -0.935357 0.332763 0.1199 -0.220941 0.195504 0.203897 0.959273 0.379448 0.31622 -0.384863 0.867113 0.400795 -0.930002 -0.306262 0.203222 -0.504304 0.187351 -0.87068 -0.45477 0.485867 
1534174891860 0.2944 0.920956 -0.255281 -0.598046 -0.935505 0.332313 0.119997 -0.220864 0.195345 0.20349 0.959392 0.379421 0.31622 -0.384863 0.867113 0.400795 -0.930002 -0.306262 0.203222 -0.504304 0.187351 -0.87068 -0.45477 0.485867 
1534174891952 0.294036 0.921209 -0.254789 -0.597911 -0.935652 0.331862 0.120094 -0.220788 0.195187 0.203082 0.95951 0.379395 0.31622 -0.384863 0.867113 0.400795 -0.930002 -0.306262 0.203222 -0.504304 0.187351 -0.87068 -0.45477 0.485867 
1534174891988 0.293673 0.921461 -0.254296 -0.597776 -0.935799 0.331412 0.120191 -0.220712 0.195028 0.202674 0.959629 0.379369 0.31622 -0.384863 0.867113 0.400795 -0.930002 -0.306262 0.203222 -0.504304 0.187351 -0.87068 -0.45477 0.485867 
1534174892059 0.293309 0.921712 -0.253804 -0.597641 -0.935946 0.330961 0.120288 -0.220636 0.19487 0.202266 0.959747 0.379342 0.31622 -0.384863 0.867113 0.400795 -0.930002 -0.306262 0.203222 -0.504304 0.187351 -0.87068 -0.45477 0.485867 
1534174892104 0.292945 0.921963 -0.253311 -0.597506 -0.936093 0.33051 0.120384 -0.22056 0.194711 0.201857 0.959865 0.379316 0.31622 -0.384863 0.867113 0.400795 -0.930002 -0.306262 0.203222 -0.504304 0.187351 -0.87068 -0.45477 0.485867 
1534174892159 0.292581 0.922214 -0.252819 -0.597371 -0.93624 0.33006 0.12048 -0.220484 0.194553 0.201449 0.959983 0.379289 0.31622 -0.384863 0.867113 0.400795 -0.930002 -0.306262 0.203222 -0.504304 0.187351 -0.87068 -0.45477 0.485867 
1534174892235 0.293119 0.92179 -0.253742 -0.597645 -0.936049 0.330724 0.120142 -0.2206 0.194664 0.202299 0.959782 0.379284 0.31622 -0.384863 0.867113 0.400795 -0.930002 -0.306262 0.203222 -0.504304 0.187351 -0.87068 -0.45477 0.485867 
1534174892250 0.292559 0.922295 -0.252551 -0.597456 -0.936316 0.329931 0.120239 -0.220494 0.19422 0.20129 0.960084 0.379254 0.31622 -0.384863 0.867113 0.400795 -0.930002 -0.306262 0.203222 -0.504304 0.187351 -0.87068 -0.45477 0.485867 
1534174892265 0.291999 0.922798 -0.251359 -0.597262 -0.936583 0.329138 0.120333 -0.220386 0.193774 0.200282 0.960385 0.37922 0.31622 -0.384863 0.867113 0.400795 -0.930002 -0.306262 0.203222 -0.504304 0.187351 -0.87068 -0.45477 0.485867 
1534174892423 0.291438 0.923298 -0.250167 -0.597069 -0.93685 0.328345 0.120425 -0.220277 0.193329 0.199273 0.960684 0.379185 0.31622 -0.384863 0.867113 0.400795 -0.930002 -0.306262 0.203222 -0.504304 0.187351 -0.87068 -0.45477 0.485867 
1534174892553 0.290877 0.923798 -0.248975 -0.596875 -0.937116 0.327551 0.120516 -0.220169 0.192885 0.198263 0.960982 0.379151 0.31622 -0.384863 0.867113 0.400795 -0.930002 -0.306262 0.203222 -0.504304 0.187351 -0.87068 -0.45477 0.485867 
1534174892672 0.290315 0.924295 -0.247782 -0.596682 -0.937381 0.326757 0.120607 -0.22006 0.192441 0.197253 0.961279 0.379117 0.31622 -0.384863 0.867113 0.400795 -0.930002 -0.306262 0.203222 -0.504304 0.187351 -0.87068 -0.45477 0.485867 
1534174892793 0.289752 0.924791 -0.246589 -0.596488 -0.937646 0.325963 0.120696 -0.219952 0.191998 0.196242 0.961575 0.379083 0.31622 -0.384863 0.867113 0.400795 -0.930002 -0.306262 0.203222 -0.504304 0.187351 -0.87068 -0.45477 0.485867 
1534174892909 0.289188 0.925284 -0.245396 -0.596295 -0.937911 0.325168 0.120784 -0.219843 0.191555 0.19523 0.961869 0.379049 0.31622 -0.384863 0.867113 0.400795 -0.930002 -0.306262 0.203222 -0.504304 0.187351 -0.87068 -0.45477 0.485867 
