1534186383833 -0.199814 0.971826 -0.125013 -0.487109 -0.954957 -0.164582 0.246921 -0.257817 0.21939 0.16872 0.960938 0.341809 0.16008 -0.304787 0.938871 0.370831 -0.775623 0.549475 0.310623 -0.528794 -0.61056 -0.777934 -0.14844 0.432481 
1534186383847 -0.163572 0.974595 -0.152997 -0.499221 -0.96197 -0.123179 0.243805 -0.254799 0.218766 0.187058 0.95768 0.346945 0.316241 -0.38488 0.867098 0.400864 -0.930001 -0.306251 0.203246 -0.504429 0.187325 -0.870677 -0.454788 0.485926 
1534186384586 -0.127062 0.975285 -0.180761 -0.511333 -0.967455 -0.0816508 0.239507 -0.251781 0.218828 0.20531 0.953919 0.352082 0.316241 -0.38488 0.867098 0.400864 -0.930001 -0.306251 0.203246 -0.504429 0.187325 -0.870677 -0.454788 0.485926 
1534186385330 -0.0903609 0.973894 -0.208245 -0.523445 -0.971401 -0.0400861 0.234037 -0.248763 0.219579 0.223437 0.949664 0.357218 0.316241 -0.38488 0.867098 0.400864 -0.930001 -0.306251 0.203246 -0.504429 0.187325 -0.870677 -0.454788 0.485926 
1534186386074 -0.0535476 0.970424 -0.235392 -0.535557 -0.973799 0.00142703 0.227406 -0.245745 0.221016 0.241401 0.944922 0.362355 0.316241 -0.38488 0.867098 0.400864 -0.930001 -0.306251 0.203246 -0.504429 0.187325 -0.870677 -0.454788 0.485926 
1534186386834 -0.0166983 0.964884 -0.262145 -0.547669 -0.974644 0.0428025 0.219628 -0.242727 0.223136 0.259165 0.939704 0.367491 0.316241 -0.38488 0.867098 0.400864 -0.930001 -0.306251 0.203246 -0.504429 0.187325 -0.870677 -0.454788 0.485926 
1534186387604 0.0201081 0.957285 -0.288446 -0.559781 -0.973935 0.0839515 0.21072 -0.23971 0.225935 0.276691 0.934021 0.372627 0.316241 -0.38488 0.867098 0.400864 -0.930001 -0.306251 0.203246 -0.504429 0.187325 -0.870677 -0.454788 0.485926 
1534186388369 0.0567944 0.947643 -0.314241 -0.571894 -0.971672 0.124788 0.200701 -0.236692 0.229406 0.293941 0.927886 0.377763 0.316241 -0.38488 0.867098 0.400864 -0.930001 -0.306251 0.203246 -0.504429 0.187325 -0.870677 -0.454788 0.485926 
1534186389152 0.0932828 0.935978 -0.339475 -0.584007 -0.967862 0.165224 0.189592 -0.233675 0.233543 0.310879 0.92131 0.382899 0.316241 -0.38488 0.867098 0.400864 -0.930001 -0.306251 0.203246 -0.504429 0.187325 -0.870677 -0.454788 0.485926 
1534186389939 0.129456 0.922339 -0.36405 -0.596233 -0.96251 0.205138 0.17746 -0.230795 0.238359 0.327428 0.914317 0.387959 0.316531 -0.385118 0.866887 0.401814 -0.929976 -0.306103 0.20358 -0.50615 0.186955 -0.870623 -0.455042 0.486735 
1534186390747 0.128508 0.922715 -0.363433 -0.595837 -0.962568 0.204239 0.178181 -0.230711 0.238637 0.326932 0.914422 0.387695 0.316531 -0.385118 0.866887 0.401814 -0.929976 -0.306103 0.20358 -0.50615 0.186955 -0.870623 -0.455042 0.486735 
1534186390760 0.132212 0.921204 -0.365928 -0.597076 -0.961946 0.208302 0.176832 -0.230404 0.239122 0.328624 0.913689 0.388243 0.316221 -0.384863 0.867113 0.400797 -0.930002 -0.306262 0.203223 -0.504308 0.187351 -0.87068 -0.45477 0.485869 
1534186391013 0.135913 0.919673 -0.368416 -0.598315 -0.961308 0.212359 0.175472 -0.230096 0.239613 0.330312 0.912951 0.388791 0.316221 -0.384863 0.867113 0.400797 -0.930002 -0.306262 0.203223 -0.504308 0.187351 -0.87068 -0.45477 0.485869 
1534186391275 0.13961 0.918121 -0.370896 -0.599554 -0.960654 0.21641 0.1741 -0.229789 0.24011 0.331996 0.912209 0.389338 0.316221 -0.384863 0.867113 0.400797 -0.930002 -0.306262 0.203223 -0.504308 0.187351 -0.87068 -0.45477 0.485869 
1534186391533 0.143304 0.916548 -0.373369 -0.600793 -0.959984 0.220454 0.172718 -0.229481 0.240615 0.333677 0.911463 0.389886 0.316221 -0.384863 0.867113 0.400797 -0.930002 -0.306262 0.203223 -0.504308 0.187351 -0.87068 -0.45477 0.485869 
1534186391801 0.146993 0.914955 -0.375834 -0.602032 -0.959297 0.224491 0.171325 -0.229174 0.241126 0.335353 0.910712 0.390434 0.316221 -0.384863 0.867113 0.400797 -0.930002 -0.306262 0.203223 -0.504308 0.187351 -0.87068 -0.45477 0.485869 
1534186391808 0.150678 0.913341 -0.378291 -0.603271 -0.958595 0.228523 0.169921 -0.228866 0.241644 0.337025 0.909957 0.390982 0.316221 -0.384863 0.867113 0.400797 -0.930002 -0.306262 0.203223 -0.504308 0.187351 -0.87068 -0.45477 0.485869 
1534186392178 0.15436 0.911706 -0.380742 -0.60451 -0.957876 0.232548 0.168506 -0.228559 0.242169 0.338693 0.909198 0.39153 0.316221 -0.384863 0.867113 0.400797 -0.930002 -0.306262 0.203223 -0.504308 0.187351 -0.87068 -0.45477 0.485869 
1534186392450 0.158037 0.910051 -0.383185 -0.605749 -0.957142 0.236566 0.167081 -0.228252 0.242701 0.340357 0.908435 0.392078 0.316221 -0.384863 0.867113 0.400797 -0.930002 -0.306262 0.203223 -0.504308 0.187351 -0.87068 -0.45477 0.485869 
1534186392715 0.16171 0.908376 -0.38562 -0.606988 -0.956391 0.240577 0.165645 -0.227944 0.243239 0.342017 0.907667 0.392625 0.316221 -0.384863 0.867113 0.400797 -0.930002 -0.306262 0.203223 -0.504308 0.187351 -0.87068 -0.45477 0.485869 
1534186392991 0.161015 0.908789 -0.384937 -0.606654 -0.956532 0.23978 0.165986 -0.228022 0.243146 0.341479 0.907894 0.392511 0.316221 -0.384863 0.867113 0.400797 -0.930002 -0.306262 0.203223 -0.504308 0.187351 -0.87068 -0.45477 0.485869 
1534186393003 0.161546 0.908683 -0.384965 -0.606769 -0.956439 0.240279 0.165804 -0.227999 0.243163 0.34141 0.907916 0.39247 0.31622 -0.384863 0.867113 0.400795 -0.930002 -0.306262 0.203222 -0.504305 0.187352 -0.87068 -0.454769 0.485867 
1534186393020 0.162079 0.908577 -0.384992 -0.606885 -0.956345 0.240779 0.165621 -0.227976 0.243178 0.341342 0.907937 0.39243 0.31622 -0.384863 0.867113 0.400795 -0.930002 -0.306262 0.203222 -0.504304 0.187352 -0.87068 -0.454769 0.485867 
1534186393036 0.162611 0.90847 -0.385019 -0.607001 -0.95625 0.241278 0.165439 -0.227953 0.243193 0.341273 0.907959 0.392389 0.31622 -0.384863 0.867113 0.400795 -0.930002 -0.306262 0.203222 -0.504304 0.187352 -0.87068 -0.454769 0.485867 
1534186393053 0.163144 0.908363 -0.385047 -0.607119 -0.956156 0.241778 0.165256 -0.22793 0.243208 0.341205 0.907981 0.392349 0.31622 -0.384863 0.867113 0.400795 -0.930002 -0.306262 0.203222 -0.504304 0.187351 -0.87068 -0.454769 0.485867 
1534186393167 0.163676 0.908255 -0.385075 -0.607236 -0.956061 0.242277 0.165073 -0.227907 0.243223 0.341137 0.908002 0.392308 0.31622 -0.384863 0.867113 0.400795 -0.930002 -0.306262 0.203222 -0.504304 0.187351 -0.87068 -0.454769 0.485867 
1534186393207 0.164208 0.908148 -0.385102 -0.607354 -0.955966 0.242776 0.16489 -0.227884 0.243238 0.341068 0.908024 0.392268 0.31622 -0.384863 0.867113 0.400795 -0.930002 -0.306262 0.203222 -0.504304 0.187351 -0.87068 -0.454769 0.485867 
1534186393263 0.16474 0.90804 -0.385128 -0.607471 -0.955871 0.243275 0.164708 -0.227861 0.243253 0.340999 0.908046 0.392227 0.31622 -0.384863 0.867113 0.400795 -0.930002 -0.306262 0.203222 -0.504304 0.187351 -0.87068 -0.454769 0.485867 
1534186393316 0.165272 0.907932 -0.385155 -0.607589 -0.955775 0.243774 0.164525 -0.227838 0.243268 0.34093 0.908068 0.392187 0.31622 -0.384863 0.867113 0.400795 -0.930002 -0.306262 0.203222 -0.504304 0.187351 -0.87068 -0.454769 0.485867 
1534186393376 0.165804 0.907824 -0.385182 -0.607706 -0.955679 0.244273 0.164342 -0.227815 0.243283 0.340861 0.90809 0.392146 0.31622 -0.384863 0.867113 0.400795 -0.930002 -0.306262 0.203222 -0.504304 0.187351 -0.87068 -0.454769 0.485867 
1534186393436 0.164856 0.908028 -0.385107 -0.607478 -0.955826 0.243412 0.164763 -0.227834 0.243349 0.340933 0.908045 0.39222 0.31622 -0.384863 0.867113 0.400795 -0.930002 -0.306262 0.203222 -0.504304 0.187351 -0.87068 -0.454769 0.485867 
1534186393447 0.165076 0.908148 -0.38473 -0.607494 -0.955731 0.243625 0.164997 -0.227892 0.243572 0.340462 0.908162 0.392175 0.31622 -0.384863 0.867113 0.400795 -0.930002 -0.306262 0.203222 -0.504304 0.187351 -0.87068 -0.454769 0.485867 
1534186393454 0.165296 0.908268 -0.384352 -0.607515 -0.955637 0.243838 0.165233 -0.227954 0.243795 0.339989 0.908279 0.392129 0.31622 -0.384863 0.867113 0.400795 -0.930002 -0.306262 0.203222 -0.504304 0.187351 -0.87068 -0.454769 0.485867 
1534186393461 0.165515 0.908388 -0.383974 -0.607536 -0.955542 0.24405 0.165468 -0.228015 0.244018 0.339516 0.908396 0.392083 0.31622 -0.384863 0.867113 0.400795 -0.930002 -0.306262 0.203222 -0.504304 0.187351 -0.87068 -0.454769 0.485867 
1534186393468 0.165735 0.908508 -0.383596 -0.607557 -0.955447 0.244262 0.165704 -0.228076 0.244241 0.339043 0.908513 0.392036 0.31622 -0.384863 0.867113 0.400795 -0.930002 -0.306262 0.203222 -0.504304 0.187351 -0.87068 -0.454769 0.485867 
1534186393620 0.165955 0.908627 -0.383218 -0.607578 -0.955352 0.244474 0.165939 -0.228138 0.244464 0.338569 0.90863 0.39199 0.31622 -0.384863 0.867113 0.400795 -0.930002 -0.306262 0.203222 -0.504304 0.187351 -0.87068 -0.454769 0.485867 
1534186393655 0.166174 0.908746 -0.38284 -0.607598 -0.955256 0.244686 0.166175 -0.228198 0.244686 0.338096 0.908746 0.391944 0.31622 -0.384863 0.867113 0.400795 -0.930002 -0.306262 0.203222 -0.504304 0.187351 -0.87068 -0.454769 0.485867 
1534186393662 0.166394 0.908865 -0.382461 -0.60762 -0.955161 0.244898 0.166411 -0.22826 0.244909 0.337622 0.908862 0.391898 0.31622 -0.384863 0.867113 0.400795 -0.930002 -0.306262 0.203222 -0.504304 0.187351 -0.87068 -0.454769 0.485867 
1534186393771 0.166614 0.908984 -0.382083 -0.60764 -0.955066 0.245109 0.166647 -0.228321 0.245131 0.337149 0.908978 0.391851 0.31622 -0.384863 0.867113 0.400795 -0.930002 -0.306262 0.203222 -0.504304 0.187351 -0.87068 -0.454769 0.485867 
1534186393816 0.166835 0.909103 -0.381705 -0.607661 -0.95497 0.245321 0.166883 -0.228382 0.245354 0.336675 0.909094 0.391805 0.31622 -0.384863 0.867113 0.400795 -0.930002 -0.306262 0.203222 -0.504304 0.187351 -0.87068 -0.454769 0.485867 
1534186393891 0.166331 0.908906 -0.382392 -0.607656 -0.95516 0.244844 0.166498 -0.22823 0.244958 0.337552 0.908875 0.391852 0.31622 -0.384863 0.867113 0.400795 -0.930002 -0.306262 0.203222 -0.504304 0.187351 -0.87068 -0.454769 0.485867 
1534186393904 0.166079 0.908875 -0.382575 -0.607605 -0.955188 0.244668 0.166596 -0.228385 0.245019 0.337763 0.908781 0.391904 0.31622 -0.384863 0.867113 0.400795 -0.930002 -0.306262 0.203222 -0.504304 0.187351 -0.87068 -0.454769 0.485867 
1534186393918 0.165825 0.908845 -0.382757 -0.607555 -0.955216 0.244489 0.166695 -0.228546 0.245079 0.337973 0.908686 0.391954 0.31622 -0.384863 0.867113 0.400795 -0.930002 -0.306262 0.203222 -0.504304 0.187351 -0.87068 -0.454769 0.485867 
1534186393935 0.165573 0.908814 -0.382939 -0.607505 -0.955245 0.244311 0.166792 -0.228704 0.245139 0.338184 0.908591 0.392005 0.31622 -0.384863 0.867113 0.400795 -0.930002 -0.306262 0.203222 -0.504304 0.187351 -0.87068 -0.454769 0.485867 
1534186394034 0.165319 0.908784 -0.38312 -0.607456 -0.955273 0.244133 0.16689 -0.228864 0.2452 0.338394 0.908497 0.392055 0.31622 -0.384863 0.867113 0.400795 -0.930002 -0.306262 0.203222 -0.504304 0.187351 -0.87068 -0.45477 0.485867 
1534186394077 0.165066 0.908753 -0.383302 -0.607406 -0.955301 0.243955 0.166988 -0.229022 0.24526 0.338605 0.908402 0.392106 0.31622 -0.384863 0.867113 0.400795 -0.930002 -0.306262 0.203222 -0.504304 0.187351 -0.87068 -0.45477 0.485867 
1534186394149 0.164813 0.908723 -0.383484 -0.607358 -0.95533 0.243777 0.167087 -0.229183 0.24532 0.338815 0.908307 0.392156 0.31622 -0.384863 0.867113 0.400795 -0.930002 -0.306262 0.203222 -0.504304 0.187351 -0.87068 -0.45477 0.485867 
1534186394187 0.16456 0.908692 -0.383665 -0.607308 -0.955358 0.243599 0.167185 -0.229341 0.24538 0.339026 0.908213 0.392207 0.31622 -0.384863 0.867113 0.400795 -0.930002 -0.306262 0.203222 -0.504304 0.187351 -0.87068 -0.45477 0.485867 
1534186394255 0.164306 0.908661 -0.383847 -0.60726 -0.955386 0.243421 0.167283 -0.229501 0.24544 0.339236 0.908118 0.392257 0.31622 -0.384863 0.867113 0.400795 -0.930002 -0.306262 0.203222 -0.504304 0.187351 -0.87068 -0.45477 0.485867 
1534186394309 0.164053 0.90863 -0.384028 -0.60721 -0.955414 0.243243 0.167381 -0.22966 0.2455 0.339447 0.908023 0.392308 0.31622 -0.384863 0.867113 0.400795 -0.930002 -0.306262 0.203222 -0.504304 0.187351 -0.87068 -0.45477 0.485867 
1534186394368 0.16446 0.908738 -0.383599 -0.607309 -0.955374 0.243497 0.167243 -0.22931 0.245385 0.338976 0.90823 0.392223 0.31622 -0.384863 0.867113 0.400795 -0.930002 -0.306262 0.203222 -0.504304 0.187351 -0.87068 -0.45477 0.485867 
1534186394379 0.163904 0.908682 -0.38397 -0.607174 -0.955444 0.243089 0.167433 -0.229573 0.245482 0.339419 0.908038 0.392255 0.31622 -0.384863 0.867113 0.400795 -0.930002 -0.306262 0.203222 -0.504304 0.187351 -0.87068 -0.45477 0.485867 
1534186394398 0.163346 0.908626 -0.38434 -0.607038 -0.955515 0.24268 0.167626 -0.229838 0.245581 0.339862 0.907846 0.392285 0.31622 -0.384863 0.867113 0.400795 -0.930002 -0.306262 0.203222 -0.504304 0.187351 -0.87068 -0.45477 0.485867 
1534186394457 0.162789 0.908569 -0.38471 -0.606902 -0.955584 0.242271 0.167818 -0.230101 0.245678 0.340304 0.907654 0.392317 0.31622 -0.384863 0.867113 0.400795 -0.930002 -0.306262 0.203222 -0.504304 0.187351 -0.87068 -0.45477 0.485867 
1534186394563 0.162231 0.908512 -0.38508 -0.606766 -0.955654 0.241862 0.168011 -0.230367 0.245776 0.340747 0.907461 0.392347 0.31622 -0.384863 0.867113 0.400795 -0.930002 -0.306262 0.203222 -0.504304 0.187351 -0.87068 -0.45477 0.485867 
1534186394647 0.161674 0.908455 -0.385449 -0.60663 -0.955724 0.241454 0.168204 -0.230631 0.245874 0.341189 0.907269 0.392378 0.31622 -0.384863 0.867113 0.400795 -0.930002 -0.306262 0.203222 -0.504304 0.187351 -0.87068 -0.45477 0.485867 
1534186394745 0.161117 0.908397 -0.385819 -0.606494 -0.955793 0.241045 0.168397 -0.230896 0.245971 0.341631 0.907076 0.392408 0.31622 -0.384863 0.867113 0.400795 -0.930002 -0.306262 0.203222 -0.504304 0.187351 -0.87068 -0.45477 0.485867 
1534186394826 0.160559 0.908339 -0.386188 -0.606358 -0.955862 0.240637 0.16859 -0.23116 0.246068 0.342074 0.906883 0.392439 0.31622 -0.384863 0.867113 0.400795 -0.930002 -0.306262 0.203222 -0.504304 0.187351 -0.87068 -0.45477 0.485867 
1534186394928 0.160001 0.908281 -0.386557 -0.606222 -0.95593 0.240228 0.168783 -0.231426 0.246164 0.342516 0.90669 0.392469 0.31622 -0.384863 0.867113 0.400795 -0.930002 -0.306262 0.203222 -0.504304 0.187351 -0.87068 -0.45477 0.485867 
1534186395011 0.159443 0.908222 -0.386926 -0.606086 -0.955999 0.239819 0.168977 -0.23169 0.246261 0.342958 0.906496 0.3925 0.31622 -0.384863 0.867113 0.400795 -0.930002 -0.306262 0.203222 -0.504304 0.187351 -0.87068 -0.45477 0.485867 
1534186395125 0.159853 0.908316 -0.386535 -0.606244 -0.955948 0.240099 0.168869 -0.231342 0.246193 0.342513 0.906683 0.392437 0.31622 -0.384863 0.867113 0.400795 -0.930002 -0.306262 0.203222 -0.504304 0.187351 -0.87068 -0.45477 0.485867 
1534186395136 0.159652 0.908367 -0.386498 -0.605966 -0.955989 0.239895 0.168921 -0.231464 0.246161 0.342519 0.906689 0.392372 0.31622 -0.384863 0.867113 0.400795 -0.930002 -0.306262 0.203222 -0.504304 0.187351 -0.87068 -0.45477 0.485867 
1534186395153 0.15945 0.908418 -0.386462 -0.605683 -0.956031 0.239693 0.168972 -0.231583 0.246129 0.342527 0.906695 0.392307 0.31622 -0.384863 0.867113 0.400795 -0.930002 -0.306262 0.203222 -0.504304 0.187351 -0.87068 -0.45477 0.485867 
1534186395260 0.159249 0.908468 -0.386426 -0.6054 -0.956073 0.23949 0.169023 -0.231702 0.246097 0.342535 0.906701 0.392243 0.31622 -0.384863 0.867113 0.400795 -0.930002 -0.306262 0.203222 -0.504304 0.187351 -0.87068 -0.45477 0.485867 
1534186395267 0.159048 0.908519 -0.38639 -0.605117 -0.956115 0.239287 0.169074 -0.231821 0.246065 0.342543 0.906706 0.392178 0.31622 -0.384863 0.867113 0.400795 -0.930002 -0.306262 0.203222 -0.504304 0.187351 -0.87068 -0.45477 0.485867 
1534186395404 0.158846 0.908569 -0.386354 -0.604833 -0.956157 0.239084 0.169125 -0.231939 0.246033 0.34255 0.906712 0.392114 0.31622 -0.384863 0.867113 0.400795 -0.930002 -0.306262 0.203222 -0.504304 0.187351 -0.87068 -0.45477 0.485867 
1534186395474 0.158645 0.90862 -0.386318 -0.604551 -0.956198 0.238881 0.169176 -0.232059 0.246001 0.342558 0.906718 0.39205 0.31622 -0.384863 0.867113 0.400795 -0.930002 -0.306262 0.203222 -0.504304 0.187351 -0.87068 -0.45477 0.485867 
1534186395549 0.158444 0.90867 -0.386283 -0.604268 -0.95624 0.238678 0.169227 -0.232177 0.245969 0.342566 0.906724 0.391985 0.31622 -0.384863 0.867113 0.400795 -0.930002 -0.306262 0.203222 -0.504304 0.187351 -0.87068 -0.45477 0.485867 
1534186395607 0.158242 0.90872 -0.386247 -0.603985 -0.956282 0.238475 0.169278 -0.232297 0.245937 0.342574 0.90673 0.391921 0.31622 -0.384863 0.867113 0.400795 -0.930002 -0.306262 0.203222 -0.504304 0.187351 -0.87068 -0.45477 0.485867 
1534186395702 0.158041 0.908771 -0.386211 -0.603703 -0.956323 0.238272 0.169329 -0.232416 0.245905 0.342581 0.906735 0.391856 0.31622 -0.384863 0.867113 0.400795 -0.930002 -0.306262 0.203222 -0.504304 0.187351 -0.87068 -0.45477 0.485867 
1534186395762 0.158357 0.90863 -0.386412 -0.604081 -0.956242 0.238639 0.169269 -0.232267 0.246016 0.342698 0.906661 0.391884 0.31622 -0.384863 0.867113 0.400795 -0.930002 -0.306262 0.203222 -0.504304 0.187351 -0.87068 -0.45477 0.485867 
1534186395774 0.157998 0.908778 -0.386212 -0.603812 -0.956328 0.238237 0.169354 -0.232305 0.245915 0.342587 0.90673 0.391884 0.31622 -0.384863 0.867113 0.400795 -0.930002 -0.306262 0.203222 -0.504304 0.187351 -0.87068 -0.45477 0.485867 
1534186395791 0.157641 0.908925 -0.386011 -0.603538 -0.956413 0.237835 0.169438 -0.232341 0.245814 0.342476 0.9068 0.391885 0.31622 -0.384863 0.867113 0.400795 -0.930002 -0.306262 0.203222 -0.504304 0.187351 -0.87068 -0.45477 0.485867 
1534186395815 0.157283 0.909072 -0.385811 -0.603265 -0.956497 0.237433 0.169523 -0.232377 0.245713 0.342364 0.906869 0.391886 0.31622 -0.384863 0.867113 0.400795 -0.930002 -0.306262 0.203222 -0.504304 0.187351 -0.87068 -0.45477 0.485867 
1534186395921 0.156925 0.909219 -0.38561 -0.602992 -0.956582 0.237032 0.169607 -0.232412 0.245612 0.342252 0.906939 0.391887 0.31622 -0.384863 0.867113 0.400795 -0.930002 -0.306262 0.203222 -0.504304 0.187351 -0.87068 -0.45477 0.485867 
1534186395972 0.156567 0.909366 -0.38541 -0.602719 -0.956667 0.23663 0.169691 -0.232449 0.245511 0.342141 0.907008 0.391888 0.31622 -0.384863 0.867113 0.400795 -0.930002 -0.306262 0.203222 -0.504304 0.187351 -0.87068 -0.45477 0.485867 
1534186395979 0.156209 0.909512 -0.385209 -0.602445 -0.956751 0.236228 0.169775 -0.232484 0.245409 0.342029 0.907078 0.39189 0.31622 -0.384863 0.867113 0.400795 -0.930002 -0.306262 0.203222 -0.504304 0.187351 -0.87068 -0.45477 0.485867 
1534186396106 0.155851 0.909659 -0.385009 -0.602172 -0.956835 0.235826 0.169859 -0.23252 0.245309 0.341917 0.907147 0.391891 0.31622 -0.384863 0.867113 0.400795 -0.930002 -0.306262 0.203222 -0.504304 0.187351 -0.87068 -0.45477 0.485867 
1534186396153 0.155493 0.909805 -0.384808 -0.601898 -0.95692 0.235424 0.169943 -0.232555 0.245208 0.341806 0.907217 0.391892 0.31622 -0.384863 0.867113 0.400795 -0.930002 -0.306262 0.203222 -0.504304 0.187351 -0.87068 -0.45477 0.485867 
1534186396249 0.155135 0.909951 -0.384607 -0.601625 -0.957004 0.235022 0.170026 -0.232591 0.245107 0.341694 0.907286 0.391893 0.31622 -0.384863 0.867113 0.400795 -0.930002 -0.306262 0.203222 -0.504304 0.187351 -0.87068 -0.45477 0.485867 
1534186396303 0.155568 0.9098 -0.384789 -0.602 -0.956865 0.235548 0.170076 -0.232477 0.245371 0.341733 0.9072 0.391985 0.31622 -0.384863 0.867113 0.400795 -0.930002 -0.306262 0.203222 -0.504304 0.187351 -0.87068 -0.45477 0.485867 
1534186396317 0.155336 0.909778 -0.384934 -0.601777 -0.956905 0.235359 0.170113 -0.232518 0.245363 0.341921 0.907131 0.392021 0.31622 -0.384863 0.867113 0.400795 -0.930002 -0.306262 0.203222 -0.504304 0.187351 -0.87068 -0.45477 0.485867 
1534186396332 0.155105 0.909756 -0.38508 -0.60155 -0.956945 0.23517 0.170149 -0.232556 0.245354 0.34211 0.907063 0.392058 0.31622 -0.384863 0.867113 0.400795 -0.930002 -0.306262 0.203222 -0.504304 0.187351 -0.87068 -0.45477 0.485867 
1534186396338 0.154873 0.909734 -0.385226 -0.601324 -0.956985 0.234982 0.170185 -0.232595 0.245344 0.342298 0.906994 0.392096 0.31622 -0.384863 0.867113 0.400795 -0.930002 -0.306262 0.203222 -0.504304 0.187351 -0.87068 -0.45477 0.485867 
1534186396462 0.154642 0.909711 -0.385372 -0.601097 -0.957025 0.234794 0.170221 -0.232633 0.245335 0.342487 0.906925 0.392133 0.31622 -0.384863 0.867113 0.400795 -0.930002 -0.306262 0.203222 -0.504304 0.187351 -0.87068 -0.45477 0.485867 
1534186396507 0.15441 0.909689 -0.385518 -0.600871 -0.957065 0.234605 0.170257 -0.232672 0.245326 0.342676 0.906856 0.39217 0.31622 -0.384863 0.867113 0.400795 -0.930002 -0.306262 0.203222 -0.504304 0.187351 -0.87068 -0.45477 0.485867 
1534186396607 0.154179 0.909666 -0.385664 -0.600643 -0.957104 0.234417 0.170293 -0.23271 0.245316 0.342865 0.906788 0.392207 0.31622 -0.384863 0.867113 0.400795 -0.930002 -0.306262 0.203222 -0.504304 0.187351 -0.87068 -0.45477 0.485867 
1534186396659 0.153948 0.909643 -0.38581 -0.600417 -0.957144 0.234229 0.170329 -0.232749 0.245307 0.343054 0.906719 0.392244 0.31622 -0.384863 0.867113 0.400795 -0.930002 -0.306262 0.203222 -0.504304 0.187351 -0.87068 -0.45477 0.485867 
1534186396754 0.153716 0.90962 -0.385956 -0.600189 -0.957184 0.234041 0.170365 -0.232787 0.245297 0.343243 0.90665 0.392282 0.31622 -0.384863 0.867113 0.400795 -0.930002 -0.306262 0.203222 -0.504304 0.187351 -0.87068 -0.45477 0.485867 
1534186396813 0.153485 0.909598 -0.386102 -0.599962 -0.957223 0.233852 0.170401 -0.232825 0.245287 0.343431 0.906581 0.392319 0.31622 -0.384863 0.867113 0.400795 -0.930002 -0.306262 0.203222 -0.504304 0.187351 -0.87068 -0.45477 0.485867 
1534186396917 0.153814 0.909617 -0.385925 -0.600253 -0.95718 0.234108 0.170293 -0.23279 0.24525 0.343206 0.906676 0.392256 0.31622 -0.384863 0.867113 0.400795 -0.930002 -0.306262 0.203222 -0.504304 0.187351 -0.87068 -0.45477 0.485867 
1534186396932 0.15369 0.909664 -0.385863 -0.600102 -0.957197 0.233987 0.170366 -0.2328 0.245263 0.343164 0.906689 0.392237 0.31622 -0.384863 0.867113 0.400795 -0.930002 -0.306262 0.203222 -0.504304 0.187351 -0.87068 -0.45477 0.485867 
1534186396947 0.153567 0.909711 -0.385802 -0.599947 -0.957213 0.233867 0.170438 -0.232809 0.245275 0.343122 0.906701 0.392219 0.31622 -0.384863 0.867113 0.400795 -0.930002 -0.306262 0.203222 -0.504304 0.187351 -0.87068 -0.45477 0.485867 
1534186396964 0.153443 0.909758 -0.385741 -0.599792 -0.95723 0.233747 0.17051 -0.232817 0.245288 0.343079 0.906714 0.392201 0.31622 -0.384863 0.867113 0.400795 -0.930002 -0.306262 0.203222 -0.504304 0.187351 -0.87068 -0.45477 0.485867 
1534186396980 0.15332 0.909804 -0.38568 -0.599636 -0.957246 0.233627 0.170582 -0.232825 0.245301 0.343037 0.906726 0.392183 0.31622 -0.384863 0.867113 0.400795 -0.930002 -0.306262 0.203222 -0.504304 0.187351 -0.87068 -0.45477 0.485867 
1534186396997 0.153196 0.909851 -0.385619 -0.599482 -0.957263 0.233507 0.170654 -0.232834 0.245314 0.342995 0.906739 0.392165 0.31622 -0.384863 0.867113 0.400795 -0.930002 -0.306262 0.203222 -0.504304 0.187351 -0.87068 -0.45477 0.485867 
1534186397130 0.153073 0.909898 -0.385558 -0.599326 -0.957279 0.233387 0.170726 -0.232841 0.245327 0.342953 0.906751 0.392148 0.31622 -0.384863 0.867113 0.400795 -0.930002 -0.306262 0.203222 -0.504304 0.187351 -0.87068 -0.45477 0.485867 
1534186397155 0.152949 0.909944 -0.385497 -0.599172 -0.957296 0.233266 0.170798 -0.23285 0.24534 0.342911 0.906764 0.39213 0.31622 -0.384863 0.867113 0.400795 -0.930002 -0.306262 0.203222 -0.504304 0.187351 -0.87068 -0.45477 0.485867 
1534186397185 0.152826 0.909991 -0.385436 -0.599015 -0.957312 0.233146 0.17087 -0.232857 0.245353 0.342869 0.906776 0.392112 0.31622 -0.384863 0.867113 0.400795 -0.930002 -0.306262 0.203222 -0.504304 0.187351 -0.87068 -0.45477 0.485867 
1534186397274 0.152702 0.910038 -0.385375 -0.598861 -0.957328 0.233026 0.170942 -0.232866 0.245366 0.342827 0.906788 0.392094 0.31622 -0.384863 0.867113 0.400795 -0.930002 -0.306262 0.203222 -0.504304 0.187351 -0.87068 -0.45477 0.485867 
1534186397310 0.15292 0.91 -0.385377 -0.599211 -0.957292 0.233229 0.170869 -0.232774 0.245372 0.342789 0.906801 0.39218 0.31622 -0.384863 0.867113 0.400795 -0.930002 -0.306262 0.203222 -0.504304 0.187351 -0.87068 -0.45477 0.485867 
1534186397322 0.152714 0.910111 -0.385195 -0.599077 -0.957281 0.233068 0.171152 -0.232807 0.245544 0.342603 0.906825 0.392116 0.31622 -0.384863 0.867113 0.400795 -0.930002 -0.306262 0.203222 -0.504304 0.187351 -0.87068 -0.45477 0.485867 
1534186397339 0.152509 0.910222 -0.385014 -0.598942 -0.957269 0.232907 0.171435 -0.232841 0.245717 0.342417 0.906848 0.392053 0.31622 -0.384863 0.867113 0.400795 -0.930002 -0.306262 0.203222 -0.504304 0.187351 -0.87068 -0.45477 0.485867 
1534186397357 0.152304 0.910334 -0.384833 -0.598806 -0.957257 0.232746 0.171719 -0.232876 0.24589 0.342231 0.906872 0.391987 0.31622 -0.384863 0.867113 0.400795 -0.930002 -0.306262 0.203222 -0.504304 0.187351 -0.87068 -0.45477 0.485867 
1534186397372 0.152098 0.910445 -0.384652 -0.598672 -0.957246 0.232586 0.172002 -0.232911 0.246062 0.342045 0.906895 0.391923 0.31622 -0.384863 0.867113 0.400795 -0.930002 -0.306262 0.203222 -0.504304 0.187351 -0.87068 -0.45477 0.485867 
1534186397463 0.151893 0.910556 -0.38447 -0.598536 -0.957234 0.232424 0.172285 -0.232947 0.246235 0.341859 0.906918 0.391857 0.31622 -0.384863 0.867113 0.400795 -0.930002 -0.306262 0.203222 -0.504304 0.187351 -0.87068 -0.45477 0.485867 
1534186397491 0.151687 0.910667 -0.384288 -0.598401 -0.957222 0.232263 0.172568 -0.232981 0.246408 0.341673 0.906941 0.391792 0.31622 -0.384863 0.867113 0.400795 -0.930002 -0.306262 0.203222 -0.504304 0.187351 -0.87068 -0.45477 0.485867 
1534186397516 0.151482 0.910777 -0.384107 -0.598265 -0.95721 0.232102 0.172851 -0.233016 0.246581 0.341487 0.906965 0.391728 0.31622 -0.384863 0.867113 0.400795 -0.930002 -0.306262 0.203222 -0.504304 0.187351 -0.87068 -0.45477 0.485867 
1534186397566 0.151277 0.910888 -0.383925 -0.59813 -0.957198 0.231941 0.173134 -0.23305 0.246754 0.341301 0.906987 0.391663 0.31622 -0.384863 0.867113 0.400795 -0.930002 -0.306262 0.203222 -0.504304 0.187351 -0.87068 -0.45477 0.485867 
1534186397614 0.151072 0.910999 -0.383743 -0.597995 -0.957186 0.23178 0.173417 -0.233085 0.246927 0.341115 0.90701 0.391599 0.31622 -0.384863 0.867113 0.400795 -0.930002 -0.306262 0.203222 -0.504304 0.187351 -0.87068 -0.45477 0.485867 
1534186397657 0.15173 0.910665 -0.384276 -0.598367 -0.957195 0.232327 0.172629 -0.233038 0.246485 0.341634 0.906935 0.391723 0.31622 -0.384863 0.867113 0.400795 -0.930002 -0.306262 0.203222 -0.504304 0.187351 -0.87068 -0.45477 0.485867 
1534186397669 0.15162 0.910694 -0.384249 -0.598263 -0.957245 0.232177 0.172556 -0.233052 0.24636 0.341657 0.90696 0.391676 0.31622 -0.384863 0.867113 0.400795 -0.930002 -0.306262 0.203222 -0.504304 0.187351 -0.87068 -0.45477 0.485867 
1534186397685 0.151511 0.910724 -0.384222 -0.598154 -0.957295 0.232027 0.172484 -0.233064 0.246235 0.341681 0.906986 0.39163 0.31622 -0.384863 0.867113 0.400795 -0.930002 -0.306262 0.203222 -0.504304 0.187351 -0.87068 -0.45477 0.485867 
1534186397703 0.151402 0.910753 -0.384196 -0.598045 -0.957344 0.231878 0.172411 -0.233076 0.24611 0.341704 0.907011 0.391584 0.31622 -0.384863 0.867113 0.400795 -0.930002 -0.306262 0.203222 -0.504304 0.187351 -0.87068 -0.45477 0.485867 
1534186397709 0.151293 0.910782 -0.384169 -0.597936 -0.957393 0.231728 0.172338 -0.233087 0.245985 0.341728 0.907036 0.391538 0.31622 -0.384863 0.867113 0.400795 -0.930002 -0.306262 0.203222 -0.504304 0.187351 -0.87068 -0.45477 0.485867 
1534186397722 0.151184 0.910812 -0.384143 -0.597828 -0.957442 0.231579 0.172265 -0.2331 0.24586 0.341751 0.907061 0.391492 0.31622 -0.384863 0.867113 0.400795 -0.930002 -0.306262 0.203222 -0.504304 0.187351 -0.87068 -0.45477 0.485867 
1534186397741 0.151076 0.910841 -0.384116 -0.597718 -0.957492 0.231429 0.172192 -0.233111 0.245735 0.341774 0.907086 0.391446 0.31622 -0.384863 0.867113 0.400795 -0.930002 -0.306262 0.203222 -0.504304 0.187351 -0.87068 -0.45477 0.485867 
1534186397843 0.150967 0.91087 -0.38409 -0.59761 -0.957541 0.23128 0.172119 -0.233123 0.24561 0.341798 0.907111 0.3914 0.31622 -0.384863 0.867113 0.400795 -0.930002 -0.306262 0.203222 -0.504304 0.187351 -0.87068 -0.45477 0.485867 
1534186397865 0.150858 0.910899 -0.384064 -0.5975 -0.95759 0.23113 0.172046 -0.233134 0.245485 0.341821 0.907136 0.391354 0.31622 -0.384863 0.867113 0.400795 -0.930002 -0.306262 0.203222 -0.504304 0.187351 -0.87068 -0.45477 0.485867 
1534186397887 0.150749 0.910928 -0.384037 -0.597391 -0.957639 0.230981 0.171973 -0.233146 0.24536 0.341844 0.907161 0.391308 0.31622 -0.384863 0.867113 0.400795 -0.930002 -0.306262 0.203222 -0.504304 0.187351 -0.87068 -0.45477 0.485867 
1534186397923 0.15114 0.91081 -0.384165 -0.597728 -0.957449 0.231543 0.172277 -0.233117 0.245862 0.34178 0.907049 0.391463 0.31622 -0.384863 0.867113 0.400795 -0.930002 -0.306262 0.203222 -0.504304 0.187351 -0.87068 -0.45477 0.485867 
1534186397935 0.150993 0.910721 -0.384432 -0.597628 -0.9575 0.23142 0.17216 -0.23311 0.245755 0.342099 0.906958 0.391474 0.31622 -0.384863 0.867113 0.400795 -0.930002 -0.306262 0.203222 -0.504304 0.187351 -0.87068 -0.45477 0.485867 
1534186397942 0.150847 0.910632 -0.384701 -0.597524 -0.95755 0.231298 0.172042 -0.2331 0.245648 0.342418 0.906867 0.391486 0.31622 -0.384863 0.867113 0.400795 -0.930002 -0.306262 0.203222 -0.504304 0.187351 -0.87068 -0.45477 0.485867 
1534186397956 0.1507 0.910543 -0.384969 -0.597419 -0.957601 0.231176 0.171924 -0.233091 0.24554 0.342737 0.906775 0.391498 0.31622 -0.384863 0.867113 0.400795 -0.930002 -0.306262 0.203222 -0.504304 0.187351 -0.87068 -0.45477 0.485867 
1534186398077 0.150554 0.910454 -0.385237 -0.597315 -0.957651 0.231054 0.171807 -0.233081 0.245433 0.343057 0.906684 0.39151 0.31622 -0.384863 0.867113 0.400795 -0.930002 -0.306262 0.203222 -0.504304 0.187351 -0.87068 -0.45477 0.485867 
1534186398103 0.150408 0.910364 -0.385505 -0.597209 -0.957702 0.230932 0.171689 -0.233071 0.245325 0.343376 0.906592 0.391522 0.31622 -0.384863 0.867113 0.400795 -0.930002 -0.306262 0.203222 -0.504304 0.187351 -0.87068 -0.45477 0.485867 
1534186398174 0.150261 0.910275 -0.385773 -0.597106 -0.957753 0.23081 0.171572 -0.233062 0.245218 0.343695 0.9065 0.391533 0.31622 -0.384863 0.867113 0.400795 -0.930002 -0.306262 0.203222 -0.504304 0.187351 -0.87068 -0.45477 0.485867 
1534186398241 0.150115 0.910185 -0.386041 -0.597 -0.957803 0.230688 0.171454 -0.233051 0.24511 0.344014 0.906408 0.391545 0.31622 -0.384863 0.867113 0.400795 -0.930002 -0.306262 0.203222 -0.504304 0.187351 -0.87068 -0.45477 0.485867 
1534186398252 0.149969 0.910096 -0.386309 -0.596896 -0.957853 0.230566 0.171337 -0.233042 0.245002 0.344333 0.906316 0.391557 0.31622 -0.384863 0.867113 0.400795 -0.930002 -0.306262 0.203222 -0.504304 0.187351 -0.87068 -0.45477 0.485867 
1534186398283 0.149822 0.910006 -0.386577 -0.596793 -0.957904 0.230443 0.171219 -0.233033 0.244895 0.344651 0.906224 0.391569 0.31622 -0.384863 0.867113 0.400795 -0.930002 -0.306262 0.203222 -0.504304 0.187351 -0.87068 -0.45477 0.485867 
1534186398392 0.150121 0.910257 -0.38587 -0.596957 -0.957817 0.230641 0.17144 -0.233108 0.245052 0.343856 0.906484 0.391623 0.31622 -0.384863 0.867113 0.400795 -0.930002 -0.306262 0.203222 -0.504304 0.187351 -0.87068 -0.45477 0.485867 
1534186398407 0.149882 0.910275 -0.38592 -0.596895 -0.957776 0.230541 0.171804 -0.233117 0.24536 0.343875 0.906393 0.39159 0.31622 -0.384863 0.867113 0.400795 -0.930002 -0.306262 0.203222 -0.504304 0.187351 -0.87068 -0.45477 0.485867 
1534186398424 0.149642 0.910293 -0.38597 -0.596831 -0.957734 0.230442 0.172169 -0.233129 0.245668 0.343893 0.906303 0.391555 0.31622 -0.384863 0.867113 0.400795 -0.930002 -0.306262 0.203222 -0.504304 0.187351 -0.87068 -0.45477 0.485867 
1534186398441 0.149403 0.910312 -0.38602 -0.596767 -0.957692 0.230342 0.172534 -0.233142 0.245977 0.343911 0.906212 0.391519 0.31622 -0.384863 0.867113 0.400795 -0.930002 -0.306262 0.203222 -0.504304 0.187351 -0.87068 -0.45477 0.485867 
1534186398538 0.149163 0.91033 -0.38607 -0.596703 -0.95765 0.230243 0.172899 -0.233153 0.246285 0.34393 0.906122 0.391485 0.31622 -0.384863 0.867113 0.400795 -0.930002 -0.306262 0.203222 -0.504304 0.187351 -0.87068 -0.45477 0.485867 
1534186398545 0.148924 0.910348 -0.386119 -0.59664 -0.957608 0.230144 0.173263 -0.233165 0.246593 0.343948 0.906031 0.39145 0.31622 -0.384863 0.867113 0.400795 -0.930002 -0.306262 0.203222 -0.504304 0.187351 -0.87068 -0.45477 0.485867 
1534186398580 0.148684 0.910366 -0.386169 -0.596576 -0.957566 0.230044 0.173628 -0.233178 0.246901 0.343966 0.90594 0.391414 0.31622 -0.384863 0.867113 0.400795 -0.930002 -0.306262 0.203222 -0.504304 0.187351 -0.87068 -0.45477 0.485867 
1534186398615 0.148444 0.910384 -0.386218 -0.596513 -0.957524 0.229945 0.173993 -0.23319 0.247209 0.343985 0.905849 0.391379 0.31622 -0.384863 0.867113 0.400795 -0.930002 -0.306262 0.203222 -0.504304 0.187351 -0.87068 -0.45477 0.485867 
1534186398665 0.148205 0.910403 -0.386267 -0.596449 -0.957481 0.229846 0.174358 -0.233202 0.247518 0.344003 0.905758 0.391344 0.31622 -0.384863 0.867113 0.400795 -0.930002 -0.306262 0.203222 -0.504304 0.187351 -0.87068 -0.45477 0.485867 
1534186398694 0.147965 0.910421 -0.386317 -0.596386 -0.957439 0.229746 0.174722 -0.233214 0.247826 0.344022 0.905666 0.39131 0.31622 -0.384863 0.867113 0.400795 -0.930002 -0.306262 0.203222 -0.504304 0.187351 -0.87068 -0.45477 0.485867 
1534186398731 0.14879 0.910335 -0.386201 -0.596626 -0.957572 0.230116 0.173499 -0.233222 0.246813 0.344 0.905951 0.391432 0.31622 -0.384863 0.867113 0.400795 -0.930002 -0.306262 0.203222 -0.504304 0.187351 -0.87068 -0.45477 0.485867 
1534186398742 0.148755 0.910434 -0.385982 -0.596572 -0.957552 0.230079 0.173663 -0.233231 0.246915 0.343764 0.906013 0.391381 0.31622 -0.384863 0.867113 0.400795 -0.930002 -0.306262 0.203222 -0.504304 0.187351 -0.87068 -0.45477 0.485867 
1534186398760 0.14872 0.910533 -0.385762 -0.596519 -0.957531 0.230041 0.173828 -0.233243 0.247017 0.343527 0.906075 0.391329 0.31622 -0.384863 0.867113 0.400795 -0.930002 -0.306262 0.203222 -0.504304 0.187351 -0.87068 -0.45477 0.485867 
1534186398776 0.148684 0.910632 -0.385541 -0.596469 -0.95751 0.230002 0.173993 -0.233257 0.247119 0.343289 0.906137 0.391275 0.31622 -0.384863 0.867113 0.400795 -0.930002 -0.306262 0.203222 -0.504304 0.187351 -0.87068 -0.45477 0.485867 
1534186398783 0.148648 0.910731 -0.385321 -0.596417 -0.957489 0.229964 0.174158 -0.233268 0.247221 0.343052 0.906199 0.391223 0.31622 -0.384863 0.867113 0.400795 -0.930002 -0.306262 0.203222 -0.504304 0.187351 -0.87068 -0.45477 0.485867 
1534186398869 0.148612 0.910831 -0.3851 -0.596367 -0.957468 0.229926 0.174324 -0.233281 0.247324 0.342814 0.906261 0.39117 0.31622 -0.384863 0.867113 0.400795 -0.930002 -0.306262 0.203222 -0.504304 0.187351 -0.87068 -0.45477 0.485867 
1534186398896 0.148576 0.91093 -0.384879 -0.596316 -0.957447 0.229887 0.174489 -0.233294 0.247426 0.342576 0.906323 0.391117 0.31622 -0.384863 0.867113 0.400795 -0.930002 -0.306262 0.203222 -0.504304 0.187351 -0.87068 -0.45477 0.485867 
1534186398924 0.148541 0.911029 -0.384658 -0.596265 -0.957426 0.229849 0.174654 -0.233306 0.247528 0.342339 0.906385 0.391065 0.31622 -0.384863 0.867113 0.400795 -0.930002 -0.306262 0.203222 -0.504304 0.187351 -0.87068 -0.45477 0.485867 
1534186398960 0.148505 0.911128 -0.384438 -0.596213 -0.957405 0.229811 0.174819 -0.233318 0.247631 0.342101 0.906447 0.391013 0.31622 -0.384863 0.867113 0.400795 -0.930002 -0.306262 0.203222 -0.504304 0.187351 -0.87068 -0.45477 0.485867 
1534186399004 0.14847 0.911227 -0.384217 -0.596163 -0.957385 0.229772 0.174985 -0.233331 0.247733 0.341863 0.906509 0.39096 0.31622 -0.384863 0.867113 0.400795 -0.930002 -0.306262 0.203222 -0.504304 0.187351 -0.87068 -0.45477 0.485867 
1534186399052 0.1488 0.910933 -0.384784 -0.596318 -0.957406 0.230084 0.174459 -0.233291 0.247453 0.342435 0.906369 0.391184 0.31622 -0.384863 0.867113 0.400795 -0.930002 -0.306262 0.203222 -0.504304 0.187351 -0.87068 -0.45477 0.485867 
1534186399064 0.148653 0.910989 -0.384708 -0.59622 -0.957432 0.22993 0.174518 -0.233308 0.247441 0.342389 0.90639 0.391166 0.31622 -0.384863 0.867113 0.400795 -0.930002 -0.306262 0.203222 -0.504304 0.187351 -0.87068 -0.45477 0.485867 
1534186399084 0.148506 0.911045 -0.384635 -0.596119 -0.957458 0.229776 0.174577 -0.233325 0.247427 0.342346 0.90641 0.391148 0.31622 -0.384863 0.867113 0.400795 -0.930002 -0.306262 0.203222 -0.504304 0.187351 -0.87068 -0.45477 0.485867 
1534186399098 0.148359 0.9111 -0.38456 -0.596017 -0.957484 0.229622 0.174635 -0.233341 0.247414 0.342302 0.90643 0.39113 0.31622 -0.384863 0.867113 0.400795 -0.930002 -0.306262 0.203222 -0.504304 0.187351 -0.87068 -0.45477 0.485867 
1534186399114 0.148211 0.911155 -0.384486 -0.595914 -0.957511 0.229468 0.174694 -0.233357 0.247401 0.342258 0.90645 0.391112 0.31622 -0.384863 0.867113 0.400795 -0.930002 -0.306262 0.203222 -0.504304 0.187351 -0.87068 -0.45477 0.485867 
1534186399190 0.148064 0.91121 -0.384412 -0.595811 -0.957537 0.229314 0.174752 -0.233372 0.247387 0.342214 0.906471 0.391094 0.31622 -0.384863 0.867113 0.400795 -0.930002 -0.306262 0.203222 -0.504304 0.187351 -0.87068 -0.45477 0.485867 
1534186399205 0.147917 0.911266 -0.384338 -0.59571 -0.957563 0.22916 0.174811 -0.233389 0.247374 0.34217 0.906491 0.391076 0.31622 -0.384863 0.867113 0.400795 -0.930002 -0.306262 0.203222 -0.504304 0.187351 -0.87068 -0.45477 0.485867 
1534186399227 0.147769 0.911321 -0.384264 -0.595607 -0.957589 0.229006 0.174869 -0.233404 0.24736 0.342127 0.906511 0.391058 0.31622 -0.384863 0.867113 0.400795 -0.930002 -0.306262 0.203222 -0.504304 0.187351 -0.87068 -0.45477 0.485867 
1534186399264 0.147622 0.911376 -0.38419 -0.595505 -0.957615 0.228852 0.174927 -0.23342 0.247347 0.342083 0.906531 0.39104 0.31622 -0.384863 0.867113 0.400795 -0.930002 -0.306262 0.203222 -0.504304 0.187351 -0.87068 -0.45477 0.485867 
1534186399299 0.147475 0.911431 -0.384115 -0.595403 -0.957641 0.228698 0.174986 -0.233436 0.247334 0.342039 0.906551 0.391022 0.31622 -0.384863 0.867113 0.400795 -0.930002 -0.306262 0.203222 -0.504304 0.187351 -0.87068 -0.45477 0.485867 
1534186399336 0.148042 0.911217 -0.384404 -0.595792 -0.957555 0.229272 0.174707 -0.233329 0.247329 0.342224 0.906483 0.391108 0.31622 -0.384863 0.867113 0.400795 -0.930002 -0.306262 0.203222 -0.504304 0.187351 -0.87068 -0.45477 0.485867 
1534186399349 0.147635 0.911263 -0.384451 -0.595616 -0.957549 0.229003 0.175092 -0.233393 0.247595 0.342281 0.906389 0.391096 0.31622 -0.384863 0.867113 0.400795 -0.930002 -0.306262 0.203222 -0.504304 0.187351 -0.87068 -0.45477 0.485867 
1534186399366 0.147228 0.911309 -0.3845 -0.595437 -0.957543 0.228734 0.175475 -0.233456 0.247861 0.342341 0.906294 0.391084 0.31622 -0.384863 0.867113 0.400795 -0.930002 -0.306262 0.203222 -0.504304 0.187351 -0.87068 -0.45477 0.485867 
1534186399382 0.146821 0.911354 -0.384548 -0.595257 -0.957537 0.228466 0.175859 -0.23352 0.248126 0.342399 0.906199 0.391072 0.31622 -0.384863 0.867113 0.400795 -0.930002 -0.306262 0.203222 -0.504304 0.187351 -0.87068 -0.45477 0.485867 
1534186399392 0.146414 0.911399 -0.384596 -0.595077 -0.95753 0.228197 0.176243 -0.233582 0.248391 0.342458 0.906104 0.39106 0.31622 -0.384863 0.867113 0.400795 -0.930002 -0.306262 0.203222 -0.504304 0.187351 -0.87068 -0.45477 0.485867 
1534186399530 0.146008 0.911444 -0.384644 -0.594897 -0.957524 0.227929 0.176626 -0.233645 0.248657 0.342517 0.906009 0.391049 0.31622 -0.384863 0.867113 0.400795 -0.930002 -0.306262 0.203222 -0.504304 0.187351 -0.87068 -0.45477 0.485867 
1534186399573 0.145601 0.911489 -0.384692 -0.594718 -0.957517 0.22766 0.17701 -0.233708 0.248922 0.342576 0.905914 0.391037 0.31622 -0.384863 0.867113 0.400795 -0.930002 -0.306262 0.203222 -0.504304 0.187351 -0.87068 -0.45477 0.485867 
1534186399631 0.145194 0.911534 -0.38474 -0.594539 -0.95751 0.227391 0.177394 -0.233771 0.249187 0.342635 0.905818 0.391025 0.31622 -0.384863 0.867113 0.400795 -0.930002 -0.306262 0.203222 -0.504304 0.187351 -0.87068 -0.45477 0.485867 
