1535385914837 0.217398 0.919604 -0.327209 -0.485672 -0.941584 0.285916 0.177966 -0.177178 0.257212 0.269406 0.928042 0.46413 0.125283 0.0373467 0.991418 0.381254 -0.989367 0.0791103 0.122044 -0.490333 -0.0738734 -0.996166 0.0468608 0.414839 
1535385914869 0.220197 0.920382 -0.323126 -0.500123 -0.941433 0.287242 0.176624 -0.18363 0.255377 0.265309 0.929728 0.455083 0.128062 0.0224398 0.991512 0.381961 -0.988424 0.0848954 0.125741 -0.489472 -0.0813532 -0.996137 0.0330519 0.417188 
1535385915790 0.222987 0.921138 -0.319032 -0.514575 -0.941276 0.288573 0.175289 -0.190085 0.253529 0.26121 0.931393 0.446035 0.130726 0.00751279 0.99139 0.382668 -0.987428 0.0906209 0.129517 -0.488611 -0.0888676 -0.995857 0.0192648 0.419537 
1535385916701 0.225768 0.921873 -0.314927 -0.529028 -0.941112 0.289908 0.173959 -0.196541 0.251668 0.257107 0.933037 0.436986 0.133276 -0.00743086 0.991051 0.383375 -0.986378 0.0962851 0.133369 -0.487749 -0.0964145 -0.995326 0.00550283 0.421886 
1535385917644 0.22854 0.922586 -0.310813 -0.543481 -0.940942 0.291247 0.172635 -0.202997 0.249794 0.253003 0.934662 0.427938 0.135711 -0.0223872 0.990496 0.384082 -0.985276 0.101886 0.137299 -0.486888 -0.103992 -0.994544 -0.00823045 0.424235 
1535385918586 0.231303 0.923277 -0.306689 -0.557935 -0.940766 0.292592 0.171317 -0.209452 0.247908 0.248896 0.936265 0.418889 0.13803 -0.0373522 0.989723 0.384789 -0.984121 0.107423 0.141303 -0.486027 -0.111597 -0.993512 -0.0219314 0.426584 
1535385919553 0.234057 0.923947 -0.302555 -0.572388 -0.940584 0.293941 0.170004 -0.215908 0.246008 0.244787 0.937848 0.409841 0.140233 -0.0523219 0.988735 0.385495 -0.982914 0.112894 0.145382 -0.485166 -0.119229 -0.992229 -0.0355965 0.428932 
1535385920566 0.236801 0.924595 -0.298411 -0.58684 -0.940395 0.295294 0.168697 -0.222363 0.244095 0.240677 0.939411 0.400792 0.14232 -0.0672927 0.987531 0.386202 -0.981654 0.118297 0.149534 -0.484305 -0.126885 -0.990695 -0.0492221 0.431281 
1535385921540 0.239536 0.925221 -0.294258 -0.601294 -0.9402 0.296653 0.167395 -0.228819 0.24217 0.236564 0.940952 0.391744 0.144288 -0.0822604 0.986111 0.386909 -0.980344 0.123633 0.153758 -0.483443 -0.134564 -0.988913 -0.0628047 0.43363 
1535385922509 0.242262 0.925826 -0.290096 -0.615746 -0.939999 0.298016 0.166099 -0.235274 0.240232 0.23245 0.942473 0.382695 0.14614 -0.0972213 0.984475 0.387616 -0.978981 0.128898 0.158053 -0.482582 -0.142263 -0.986881 -0.0763408 0.435979 
1535385923570 0.242978 0.925463 -0.290654 -0.615523 -0.939796 0.298815 0.165808 -0.235456 0.240301 0.232868 0.942352 0.382947 0.145838 -0.0959182 0.984648 0.387492 -0.979091 0.128677 0.15755 -0.482635 -0.141814 -0.987037 -0.0751467 0.436007 
1535385923584 0.243179 0.925558 -0.290183 -0.616986 -0.939796 0.298873 0.165707 -0.236081 0.2401 0.232416 0.942515 0.382018 0.148402 -0.0959392 0.984262 0.3875 -0.979527 0.122639 0.159642 -0.482947 -0.136025 -0.987803 -0.0757752 0.436228 
1535385923927 0.243379 0.925654 -0.28971 -0.618454 -0.939795 0.298929 0.165607 -0.236709 0.239898 0.231963 0.942678 0.381088 0.150967 -0.0959452 0.983872 0.387508 -0.979923 0.116597 0.161731 -0.48326 -0.130234 -0.988534 -0.0764165 0.436448 
1535385924318 0.243579 0.925749 -0.289237 -0.619923 -0.939795 0.298985 0.165508 -0.237337 0.239696 0.231509 0.942841 0.380158 0.153531 -0.0959353 0.983476 0.387516 -0.980277 0.110551 0.163815 -0.483573 -0.12444 -0.989229 -0.0770702 0.436669 
1535385924650 0.243779 0.925844 -0.288764 -0.621391 -0.939795 0.299042 0.165408 -0.237964 0.239494 0.231056 0.943004 0.379227 0.156093 -0.0959096 0.983075 0.387525 -0.980591 0.1045 0.165894 -0.483886 -0.118643 -0.989889 -0.0777363 0.43689 
1535385925012 0.243979 0.925939 -0.288291 -0.62286 -0.939794 0.299098 0.165308 -0.238592 0.239292 0.230602 0.943166 0.378297 0.158656 -0.0958682 0.982669 0.387533 -0.980864 0.0984464 0.167969 -0.484199 -0.112843 -0.990514 -0.0784146 0.43711 
1535385925417 0.244179 0.926033 -0.287818 -0.624327 -0.939794 0.299155 0.165208 -0.239219 0.23909 0.230149 0.943328 0.377367 0.161216 -0.0958109 0.982257 0.387541 -0.981097 0.0923889 0.170038 -0.484511 -0.107041 -0.991103 -0.0791052 0.437331 
1535385925776 0.244378 0.926128 -0.287344 -0.625796 -0.939793 0.299211 0.165108 -0.239847 0.238888 0.229695 0.94349 0.376437 0.163776 -0.0957379 0.981841 0.387549 -0.981289 0.0863283 0.172102 -0.484824 -0.101237 -0.991656 -0.0798081 0.437552 
1535385926123 0.244578 0.926222 -0.286871 -0.627263 -0.939793 0.299268 0.165009 -0.240474 0.238686 0.229242 0.943651 0.375507 0.166335 -0.0956491 0.981419 0.387557 -0.981441 0.0802647 0.174161 -0.485137 -0.0954317 -0.992174 -0.0805231 0.437773 
1535385926511 0.244777 0.926316 -0.286397 -0.628732 -0.939792 0.299325 0.164909 -0.241102 0.238483 0.228788 0.943812 0.374577 0.168892 -0.0955446 0.980993 0.387566 -0.981551 0.0741984 0.176214 -0.48545 -0.0896245 -0.992656 -0.0812504 0.437993 
1535385926893 0.245421 0.926048 -0.286713 -0.628472 -0.939598 0.300022 0.164753 -0.241307 0.238589 0.228961 0.943744 0.374771 0.168365 -0.0956784 0.98107 0.387565 -0.981529 0.0754612 0.175803 -0.485357 -0.0908533 -0.992548 -0.0812061 0.437933 
1535385926911 0.245001 0.925933 -0.28744 -0.628698 -0.939631 0.299823 0.164922 -0.241462 0.238888 0.229681 0.943493 0.374744 0.170416 -0.0957487 0.980709 0.38764 -0.981632 0.0701313 0.177424 -0.485567 -0.0857665 -0.992932 -0.0820385 0.438098 
1535385927162 0.24458 0.925819 -0.288166 -0.628926 -0.939665 0.299624 0.165093 -0.241618 0.239188 0.230401 0.943242 0.374718 0.172468 -0.0958072 0.980345 0.387715 -0.981705 0.0647997 0.179041 -0.48578 -0.0806794 -0.993288 -0.0828785 0.438264 
1535385927433 0.244159 0.925704 -0.288892 -0.629155 -0.939698 0.299425 0.165263 -0.241775 0.239486 0.231121 0.94299 0.374691 0.17452 -0.0958546 0.979977 0.387791 -0.981748 0.0594661 0.180652 -0.485994 -0.0755918 -0.993617 -0.0837269 0.438429 
1535385927691 0.243738 0.925588 -0.289618 -0.629384 -0.939731 0.299227 0.165434 -0.241931 0.239785 0.231841 0.942737 0.374664 0.176572 -0.0958908 0.979606 0.387867 -0.981759 0.0541309 0.182259 -0.486209 -0.0705039 -0.993919 -0.0845837 0.438595 
1535385927946 0.243316 0.925472 -0.290344 -0.629613 -0.939765 0.299028 0.165605 -0.242088 0.240083 0.232561 0.942484 0.374637 0.178624 -0.0959159 0.979231 0.387944 -0.98174 0.048794 0.183861 -0.486424 -0.0654158 -0.994193 -0.0854488 0.43876 
1535385928206 0.242894 0.925355 -0.291069 -0.629842 -0.939798 0.29883 0.165775 -0.242244 0.240381 0.23328 0.94223 0.37461 0.180674 -0.0959299 0.978854 0.388019 -0.981691 0.0434559 0.185457 -0.486637 -0.0603278 -0.994439 -0.0863221 0.438926 
1535385928474 0.242472 0.925237 -0.291795 -0.630071 -0.93983 0.298631 0.165946 -0.242401 0.240679 0.234 0.941975 0.374583 0.182725 -0.0959327 0.978473 0.388096 -0.981611 0.0381164 0.187048 -0.486852 -0.0552399 -0.994658 -0.0872038 0.439091 
1535385928727 0.242049 0.925119 -0.29252 -0.6303 -0.939863 0.298433 0.166117 -0.242558 0.240976 0.23472 0.94172 0.374556 0.184774 -0.0959244 0.978088 0.388171 -0.981501 0.032776 0.188633 -0.487066 -0.0501524 -0.994849 -0.0880936 0.439257 
1535385928977 0.241627 0.925 -0.293245 -0.630528 -0.939896 0.298235 0.166289 -0.242714 0.241273 0.23544 0.941465 0.374529 0.186823 -0.0959049 0.977701 0.388247 -0.981359 0.0274347 0.190213 -0.487279 -0.0450653 -0.995012 -0.0889917 0.439422 
1535385929272 0.242164 0.925121 -0.292418 -0.630274 -0.939867 0.298492 0.165991 -0.242649 0.240846 0.234637 0.941774 0.374581 0.186149 -0.0959353 0.977827 0.388218 -0.981429 0.0287649 0.189657 -0.487238 -0.0463219 -0.994972 -0.0887991 0.439401 
1535385929289 0.241476 0.925316 -0.292368 -0.630277 -0.940037 0.297834 0.166208 -0.242753 0.240872 0.234702 0.941751 0.374647 0.187027 -0.0971746 0.977537 0.388235 -0.981346 0.0266025 0.190401 -0.487321 -0.044507 -0.994912 -0.0903865 0.439613 
1535385929441 0.240788 0.925511 -0.292318 -0.630282 -0.940207 0.297175 0.166424 -0.242857 0.240897 0.234767 0.941729 0.374713 0.187908 -0.0984121 0.977244 0.388252 -0.981258 0.0244391 0.191141 -0.487408 -0.0426935 -0.994846 -0.0919754 0.439825 
1535385929625 0.240099 0.925706 -0.292268 -0.630288 -0.940377 0.296517 0.166641 -0.242962 0.240923 0.234831 0.941706 0.374778 0.188791 -0.0996474 0.976949 0.38827 -0.981166 0.0222745 0.191878 -0.487495 -0.0408812 -0.994773 -0.0935654 0.440037 
1535385929818 0.23941 0.925901 -0.292217 -0.630294 -0.940546 0.295858 0.166857 -0.243067 0.240948 0.234896 0.941684 0.374843 0.189676 -0.100881 0.976651 0.388288 -0.981069 0.0201089 0.192611 -0.487583 -0.0390701 -0.994695 -0.0951566 0.440249 
1535385930029 0.238722 0.926095 -0.292166 -0.630301 -0.940715 0.295199 0.167073 -0.243172 0.240973 0.23496 0.941661 0.374908 0.190563 -0.102111 0.97635 0.388307 -0.980968 0.0179423 0.193341 -0.487671 -0.0372603 -0.994611 -0.0967489 0.440461 
1535385930221 0.238033 0.926288 -0.292115 -0.630306 -0.940883 0.29454 0.167289 -0.243277 0.240997 0.235025 0.941639 0.374974 0.191452 -0.10334 0.976047 0.388324 -0.980861 0.0157748 0.194067 -0.487757 -0.0354519 -0.994521 -0.0983424 0.440673 
1535385930407 0.237344 0.926481 -0.292063 -0.630313 -0.941051 0.29388 0.167506 -0.243382 0.241022 0.23509 0.941616 0.375039 0.192344 -0.104567 0.975741 0.388343 -0.980751 0.0136062 0.19479 -0.487846 -0.0336447 -0.994425 -0.099937 0.440885 
1535385930590 0.236655 0.926673 -0.292012 -0.630319 -0.941218 0.293221 0.167722 -0.243487 0.241047 0.235155 0.941594 0.375104 0.193237 -0.105791 0.975432 0.38836 -0.980635 0.0114368 0.195508 -0.487932 -0.0318389 -0.994323 -0.101533 0.441097 
1535385930767 0.235965 0.926866 -0.29196 -0.630326 -0.941384 0.292561 0.167938 -0.243593 0.241072 0.235219 0.941571 0.37517 0.194133 -0.107014 0.975121 0.388379 -0.980515 0.00926628 0.196224 -0.488021 -0.0300344 -0.994214 -0.10313 0.44131 
1535385930961 0.236555 0.926695 -0.292024 -0.630332 -0.941266 0.293106 0.167653 -0.243447 0.240958 0.235213 0.941602 0.375096 0.193685 -0.106222 0.975296 0.388346 -0.980572 0.0105072 0.195877 -0.487956 -0.0310542 -0.994287 -0.102124 0.441174 
1535385930995 0.236287 0.926844 -0.291769 -0.630311 -0.941377 0.292761 0.167631 -0.243527 0.240786 0.235056 0.941685 0.375099 0.19363 -0.10717 0.975204 0.388353 -0.980603 0.00966551 0.195764 -0.487981 -0.0304059 -0.994194 -0.10322 0.44132 
1535385931008 0.236016 0.926994 -0.291511 -0.630295 -0.94149 0.292413 0.167603 -0.243606 0.240609 0.234898 0.94177 0.375098 0.193575 -0.108118 0.97511 0.388361 -0.980634 0.00882532 0.19565 -0.488007 -0.029759 -0.994099 -0.104316 0.441465 
1535385931015 0.235745 0.927144 -0.291254 -0.630278 -0.941604 0.292064 0.167575 -0.243686 0.240431 0.234741 0.941854 0.375098 0.193522 -0.109067 0.975015 0.388369 -0.980664 0.00798515 0.195536 -0.488033 -0.0291121 -0.994002 -0.105412 0.441611 
1535385931260 0.235474 0.927293 -0.290997 -0.630262 -0.941717 0.291715 0.167547 -0.243766 0.240253 0.234583 0.941939 0.375098 0.193468 -0.110015 0.974919 0.388377 -0.980693 0.00714515 0.195421 -0.488059 -0.0284651 -0.993904 -0.106508 0.441757 
1535385931336 0.235203 0.927443 -0.290739 -0.630246 -0.94183 0.291366 0.167519 -0.243846 0.240076 0.234426 0.942023 0.375097 0.193416 -0.110963 0.974822 0.388385 -0.980722 0.0063052 0.195305 -0.488084 -0.027818 -0.993805 -0.107604 0.441902 
1535385931480 0.234932 0.927592 -0.290482 -0.630229 -0.941942 0.291018 0.167491 -0.243925 0.239898 0.234268 0.942108 0.375097 0.193364 -0.111911 0.974724 0.388393 -0.980751 0.00546539 0.195187 -0.48811 -0.0271708 -0.993703 -0.1087 0.442048 
1535385931628 0.234661 0.927741 -0.290224 -0.630214 -0.942055 0.290669 0.167463 -0.244005 0.239721 0.23411 0.942192 0.375097 0.193313 -0.112859 0.974625 0.388401 -0.980779 0.00462565 0.19507 -0.488136 -0.0265235 -0.9936 -0.109795 0.442194 
1535385931742 0.23439 0.92789 -0.289967 -0.630197 -0.942168 0.29032 0.167434 -0.244085 0.239544 0.233953 0.942277 0.375097 0.193263 -0.113806 0.974524 0.388409 -0.980806 0.00378606 0.19495 -0.488162 -0.0258762 -0.993496 -0.11089 0.44234 
1535385931867 0.234118 0.928039 -0.289709 -0.630182 -0.94228 0.289971 0.167406 -0.244165 0.239366 0.233795 0.942361 0.375096 0.193213 -0.114754 0.974423 0.388417 -0.980832 0.00294654 0.194831 -0.488188 -0.0252288 -0.99339 -0.111985 0.442485 
1535385931987 0.234631 0.927705 -0.290364 -0.630211 -0.942073 0.290655 0.167387 -0.244044 0.239681 0.23427 0.942163 0.375018 0.193145 -0.113712 0.974559 0.38837 -0.980831 0.0037473 0.194825 -0.488181 -0.0258059 -0.993507 -0.110808 0.442375 
1535385932003 0.234937 0.927672 -0.290222 -0.630161 -0.942046 0.290873 0.167161 -0.244034 0.239488 0.23413 0.942247 0.37501 0.193284 -0.114526 0.974436 0.388389 -0.980792 0.00399111 0.195014 -0.488261 -0.0262232 -0.993412 -0.111554 0.442455 
1535385932025 0.235242 0.92764 -0.290079 -0.630107 -0.942019 0.29109 0.166935 -0.244022 0.239295 0.23399 0.94233 0.375003 0.193425 -0.11534 0.974312 0.388409 -0.980753 0.00423448 0.195205 -0.488347 -0.0266406 -0.993317 -0.112301 0.442536 
1535385932185 0.235548 0.927607 -0.289937 -0.630053 -0.941991 0.291308 0.16671 -0.24401 0.239102 0.23385 0.942414 0.374995 0.193565 -0.116154 0.974187 0.38843 -0.980714 0.0044777 0.195396 -0.488432 -0.0270581 -0.993221 -0.113047 0.442616 
1535385932204 0.235853 0.927574 -0.289794 -0.629999 -0.941964 0.291526 0.166485 -0.243998 0.238909 0.23371 0.942498 0.374988 0.193705 -0.116967 0.974062 0.38845 -0.980675 0.00472073 0.195587 -0.488517 -0.0274756 -0.993125 -0.113793 0.442697 
1535385932347 0.236159 0.92754 -0.289652 -0.629944 -0.941936 0.291743 0.16626 -0.243985 0.238716 0.23357 0.942581 0.374981 0.193845 -0.117781 0.973936 0.388471 -0.980636 0.00496359 0.195779 -0.488602 -0.0278933 -0.993027 -0.114538 0.442778 
1535385932396 0.236464 0.927507 -0.289509 -0.62989 -0.941908 0.291961 0.166034 -0.243974 0.238523 0.23343 0.942665 0.374974 0.193984 -0.118595 0.97381 0.388491 -0.980596 0.00520635 0.19597 -0.488687 -0.0283111 -0.992929 -0.115284 0.442858 
1535385932518 0.23677 0.927474 -0.289366 -0.629835 -0.94188 0.292179 0.165809 -0.243961 0.23833 0.23329 0.942748 0.374967 0.194123 -0.119409 0.973683 0.388512 -0.980556 0.00544888 0.196162 -0.488772 -0.0287289 -0.99283 -0.116029 0.442939 
1535385932573 0.237075 0.92744 -0.289223 -0.629781 -0.941853 0.292397 0.165584 -0.243949 0.238137 0.23315 0.942832 0.374959 0.194262 -0.120223 0.973555 0.388532 -0.980517 0.0056913 0.196354 -0.488857 -0.0291469 -0.992731 -0.116775 0.443019 
1535385932708 0.23738 0.927407 -0.289081 -0.629726 -0.941824 0.292614 0.165359 -0.243936 0.237944 0.23301 0.942915 0.374952 0.1944 -0.121036 0.973426 0.388553 -0.980477 0.00593351 0.196546 -0.488943 -0.029565 -0.99263 -0.11752 0.4431 
1535385932776 0.236741 0.927501 -0.289302 -0.629826 -0.94186 0.292167 0.165945 -0.243929 0.238439 0.233196 0.942744 0.374997 0.194488 -0.11993 0.973546 0.38856 -0.980472 0.00570435 0.196574 -0.488741 -0.0291286 -0.992766 -0.116478 0.442983 
1535385932800 0.237356 0.927392 -0.289146 -0.629622 -0.94174 0.292691 0.165704 -0.243838 0.238303 0.23297 0.942834 0.375052 0.19465 -0.119126 0.973612 0.388599 -0.980453 0.00539524 0.196678 -0.488859 -0.0286823 -0.992864 -0.115747 0.442816 
1535385933010 0.237971 0.927283 -0.288991 -0.629413 -0.941619 0.293216 0.165462 -0.243744 0.238167 0.232744 0.942925 0.375108 0.194813 -0.118322 0.973677 0.388637 -0.980434 0.0050856 0.196782 -0.488977 -0.0282355 -0.992962 -0.115017 0.442649 
1535385933128 0.238586 0.927173 -0.288836 -0.629203 -0.941498 0.293742 0.165219 -0.24365 0.23803 0.232519 0.943015 0.375165 0.194975 -0.117519 0.973742 0.388676 -0.980414 0.00477603 0.196887 -0.489096 -0.0277886 -0.993059 -0.114286 0.442482 
1535385933287 0.239201 0.927063 -0.28868 -0.628994 -0.941377 0.294267 0.164977 -0.243556 0.237893 0.232294 0.943105 0.375221 0.195137 -0.116715 0.973806 0.388715 -0.980395 0.0044665 0.196993 -0.489215 -0.0273415 -0.993155 -0.113555 0.442315 
1535385933454 0.239816 0.926953 -0.288524 -0.628785 -0.941255 0.294792 0.164734 -0.243463 0.237756 0.232068 0.943195 0.375277 0.195299 -0.115911 0.97387 0.388754 -0.980375 0.00415704 0.197099 -0.489333 -0.0268943 -0.993251 -0.112824 0.442147 
1535385933589 0.240431 0.926842 -0.288368 -0.628576 -0.941133 0.295317 0.164492 -0.243369 0.237618 0.231843 0.943285 0.375334 0.195461 -0.115107 0.973933 0.388793 -0.980355 0.00384773 0.197204 -0.489452 -0.026447 -0.993346 -0.112094 0.44198 
1535385933595 0.241046 0.926731 -0.288212 -0.628367 -0.94101 0.295841 0.16425 -0.243276 0.237481 0.231618 0.943375 0.37539 0.195622 -0.114303 0.973995 0.388832 -0.980335 0.0035385 0.19731 -0.489571 -0.0259996 -0.99344 -0.111363 0.441813 
1535385933813 0.241661 0.92662 -0.288055 -0.628157 -0.940887 0.296366 0.164008 -0.243182 0.237343 0.231393 0.943465 0.375446 0.195783 -0.113499 0.974057 0.388871 -0.980314 0.0032293 0.197417 -0.489689 -0.025552 -0.993533 -0.110632 0.441646 
1535385933970 0.242275 0.926508 -0.287899 -0.627948 -0.940764 0.296891 0.163766 -0.243088 0.237205 0.231168 0.943554 0.375503 0.195943 -0.112694 0.974118 0.38891 -0.980294 0.00292023 0.197523 -0.489808 -0.0251043 -0.993625 -0.109901 0.441479 
1535385934166 0.241705 0.926632 -0.287977 -0.628131 -0.940911 0.29636 0.16388 -0.243171 0.237201 0.231351 0.943511 0.375458 0.196037 -0.113506 0.974005 0.388915 -0.980259 0.00336942 0.197688 -0.489647 -0.0257207 -0.993532 -0.110605 0.441571 
1535385934182 0.241884 0.926581 -0.287994 -0.627763 -0.940819 0.296579 0.164014 -0.243053 0.237385 0.231278 0.943482 0.375597 0.196313 -0.113895 0.973904 0.388964 -0.98021 0.00302065 0.197937 -0.489794 -0.0254859 -0.993488 -0.111048 0.441573 
1535385934217 0.242063 0.926528 -0.288012 -0.627392 -0.940726 0.296798 0.164149 -0.242933 0.23757 0.231206 0.943453 0.375737 0.196589 -0.114284 0.973803 0.389013 -0.980161 0.00267264 0.198186 -0.489941 -0.0252521 -0.993445 -0.111491 0.441575 
1535385934421 0.242242 0.926476 -0.28803 -0.627021 -0.940634 0.297017 0.164283 -0.242813 0.237754 0.231134 0.943425 0.375877 0.196866 -0.114673 0.973701 0.389063 -0.980111 0.00232449 0.198435 -0.490089 -0.0250185 -0.993401 -0.111934 0.441577 
1535385934615 0.242421 0.926424 -0.288048 -0.626649 -0.940541 0.297236 0.164417 -0.242693 0.237938 0.231063 0.943396 0.376017 0.197142 -0.115061 0.973599 0.389112 -0.980062 0.00197622 0.198685 -0.490236 -0.0247849 -0.993356 -0.112378 0.441579 
1535385934818 0.242599 0.926371 -0.288066 -0.626277 -0.940448 0.297455 0.164551 -0.242573 0.238122 0.230991 0.943367 0.376157 0.197419 -0.11545 0.973497 0.389161 -0.980012 0.00162785 0.198933 -0.490384 -0.0245515 -0.993312 -0.112821 0.441581 
1535385935017 0.242778 0.926319 -0.288084 -0.625906 -0.940356 0.297674 0.164686 -0.242453 0.238307 0.230919 0.943338 0.376296 0.197696 -0.115838 0.973395 0.389211 -0.979962 0.00127941 0.199182 -0.490531 -0.0243183 -0.993267 -0.113264 0.441583 
1535385935215 0.242957 0.926266 -0.288102 -0.625533 -0.940263 0.297893 0.16482 -0.242332 0.238491 0.230848 0.943309 0.376436 0.197973 -0.116226 0.973292 0.38926 -0.979912 0.000930832 0.199431 -0.490678 -0.0240851 -0.993222 -0.113707 0.441585 
1535385935413 0.243135 0.926214 -0.28812 -0.625162 -0.94017 0.298112 0.164954 -0.242212 0.238675 0.230776 0.94328 0.376576 0.19825 -0.116615 0.97319 0.389309 -0.979861 0.000582193 0.199679 -0.490826 -0.0238521 -0.993177 -0.114151 0.441587 
1535385935612 0.243314 0.926161 -0.288138 -0.624791 -0.940077 0.29833 0.165088 -0.242093 0.238859 0.230704 0.943251 0.376716 0.198527 -0.117003 0.973087 0.389358 -0.979811 0.000233455 0.199927 -0.490973 -0.0236191 -0.993132 -0.114594 0.441589 
1535385935843 0.24311 0.926227 -0.288099 -0.625034 -0.940156 0.298103 0.165048 -0.242103 0.238755 0.230733 0.94327 0.376647 0.19825 -0.116532 0.9732 0.389294 -0.979861 0.000594012 0.199678 -0.490751 -0.0238469 -0.993187 -0.114067 0.441643 
1535385935858 0.243178 0.926135 -0.288337 -0.624579 -0.940067 0.29828 0.165238 -0.241928 0.239038 0.230873 0.943164 0.376808 0.198373 -0.116734 0.97315 0.389345 -0.979845 0.000174806 0.199759 -0.490869 -0.0234888 -0.993163 -0.114347 0.441635 
1535385936044 0.243245 0.926043 -0.288576 -0.62412 -0.939977 0.298457 0.165428 -0.24175 0.23932 0.231015 0.943058 0.376971 0.198498 -0.116937 0.9731 0.389397 -0.979828 -0.000245144 0.199841 -0.490988 -0.0231302 -0.993139 -0.114626 0.441628 
1535385936268 0.243313 0.92595 -0.288815 -0.623659 -0.939888 0.298634 0.165617 -0.241572 0.239603 0.231157 0.942951 0.377134 0.198623 -0.117139 0.973051 0.389449 -0.979811 -0.00066509 0.199923 -0.491106 -0.0227716 -0.993115 -0.114906 0.44162 
1535385936505 0.243381 0.925858 -0.289055 -0.623201 -0.939798 0.29881 0.165807 -0.241395 0.239886 0.231299 0.942844 0.377296 0.198748 -0.117341 0.973001 0.3895 -0.979794 -0.00108503 0.200005 -0.491225 -0.0224131 -0.993091 -0.115186 0.441612 
1535385936724 0.243448 0.925766 -0.289294 -0.62274 -0.939708 0.298987 0.165996 -0.241216 0.240168 0.231441 0.942738 0.377459 0.198873 -0.117543 0.972951 0.389552 -0.979777 -0.00150504 0.200087 -0.491343 -0.0220545 -0.993067 -0.115466 0.441604 
1535385936931 0.243516 0.925673 -0.289533 -0.62228 -0.939619 0.299164 0.166185 -0.241038 0.240451 0.231582 0.942631 0.377621 0.198998 -0.117746 0.972901 0.389603 -0.97976 -0.00192502 0.200168 -0.491462 -0.021696 -0.993042 -0.115745 0.441597 
1535385937145 0.243583 0.92558 -0.289773 -0.621821 -0.939529 0.299341 0.166374 -0.240861 0.240734 0.231724 0.942524 0.377784 0.199123 -0.117948 0.972851 0.389655 -0.979742 -0.00234508 0.20025 -0.49158 -0.0213376 -0.993017 -0.116025 0.441589 
1535385937345 0.24365 0.925488 -0.290012 -0.621362 -0.939439 0.299518 0.166564 -0.240683 0.241016 0.231865 0.942417 0.377946 0.199249 -0.11815 0.9728 0.389707 -0.979724 -0.0027651 0.200331 -0.491699 -0.0209791 -0.992992 -0.116305 0.441581 
1535385937549 0.243718 0.925395 -0.290251 -0.620901 -0.939349 0.299695 0.166753 -0.240505 0.241299 0.232007 0.94231 0.378109 0.199374 -0.118352 0.97275 0.389758 -0.979707 -0.00318513 0.200412 -0.491817 -0.0206207 -0.992967 -0.116585 0.441574 
1535385937784 0.243647 0.925458 -0.29011 -0.621105 -0.939399 0.299572 0.166695 -0.240598 0.241178 0.231914 0.942364 0.378042 0.199311 -0.118192 0.972783 0.389694 -0.97971 -0.00268474 0.200404 -0.491654 -0.0210745 -0.992987 -0.116329 0.441528 
1535385937797 0.243701 0.925418 -0.290192 -0.620722 -0.939363 0.299658 0.166737 -0.240413 0.24126 0.231962 0.942331 0.378153 0.199638 -0.118772 0.972645 0.389763 -0.979654 -0.00335486 0.200667 -0.491773 -0.0205706 -0.992916 -0.117026 0.44157 
1535385937814 0.243756 0.925377 -0.290276 -0.620332 -0.939328 0.299746 0.166778 -0.240225 0.241342 0.232011 0.942298 0.378266 0.199965 -0.119353 0.972507 0.389832 -0.979598 -0.0040249 0.200929 -0.491894 -0.0200671 -0.992844 -0.117722 0.441613 
1535385938048 0.24381 0.925337 -0.29036 -0.619944 -0.939293 0.299833 0.16682 -0.240038 0.241424 0.232061 0.942264 0.378378 0.200292 -0.119933 0.972368 0.389901 -0.979541 -0.00469517 0.201191 -0.492014 -0.0195639 -0.992771 -0.118419 0.441655 
1535385938244 0.243865 0.925296 -0.290444 -0.619555 -0.939257 0.299921 0.166862 -0.239851 0.241507 0.23211 0.942231 0.37849 0.20062 -0.120512 0.972229 0.389971 -0.979484 -0.00536562 0.201452 -0.492134 -0.0190608 -0.992697 -0.119116 0.441698 
1535385938440 0.243919 0.925255 -0.290527 -0.619167 -0.939222 0.300008 0.166903 -0.239664 0.241589 0.232159 0.942198 0.378602 0.200949 -0.121091 0.972089 0.39004 -0.979426 -0.00603624 0.201714 -0.492254 -0.018558 -0.992623 -0.119813 0.44174 
1535385938651 0.243974 0.925215 -0.290611 -0.618778 -0.939187 0.300096 0.166945 -0.239476 0.241671 0.232208 0.942165 0.378715 0.201277 -0.12167 0.971949 0.390109 -0.979368 -0.00670694 0.201974 -0.492375 -0.0180554 -0.992548 -0.12051 0.441783 
1535385938852 0.244028 0.925174 -0.290695 -0.61839 -0.939151 0.300183 0.166987 -0.239289 0.241754 0.232257 0.942132 0.378827 0.201606 -0.122249 0.971808 0.390178 -0.979309 -0.00737788 0.202234 -0.492495 -0.0175531 -0.992472 -0.121207 0.441825 
1535385939053 0.244083 0.925133 -0.290779 -0.618 -0.939116 0.300271 0.167028 -0.239102 0.241836 0.232306 0.942098 0.37894 0.201935 -0.122828 0.971666 0.390247 -0.979251 -0.00804889 0.202493 -0.492615 -0.017051 -0.992395 -0.121904 0.441868 
1535385939249 0.244137 0.925092 -0.290862 -0.617612 -0.939081 0.300358 0.16707 -0.238915 0.241918 0.232355 0.942065 0.379052 0.202264 -0.123406 0.971525 0.390317 -0.979191 -0.00872007 0.202752 -0.492735 -0.0165491 -0.992318 -0.122602 0.44191 
1535385939475 0.244075 0.925074 -0.290973 -0.617831 -0.939108 0.300309 0.167008 -0.23902 0.241876 0.232492 0.942042 0.378948 0.202007 -0.122715 0.971666 0.390262 -0.979231 -0.00776236 0.202599 -0.49255 -0.0173195 -0.992412 -0.121734 0.441826 
1535385939491 0.24416 0.925028 -0.291048 -0.617512 -0.939052 0.300435 0.167093 -0.238895 0.242007 0.232511 0.942004 0.379038 0.201841 -0.122252 0.971759 0.390281 -0.979262 -0.00749551 0.202457 -0.492604 -0.0174669 -0.992471 -0.121229 0.44171 
1535385939636 0.244246 0.924982 -0.291124 -0.617189 -0.938996 0.300563 0.167177 -0.238767 0.242137 0.232532 0.941965 0.379128 0.201676 -0.121789 0.971851 0.390299 -0.979294 -0.00722774 0.202315 -0.492657 -0.0176154 -0.99253 -0.120725 0.441594 
1535385939811 0.244331 0.924935 -0.2912 -0.616865 -0.93894 0.30069 0.167261 -0.23864 0.242267 0.232552 0.941927 0.379218 0.201511 -0.121325 0.971943 0.390318 -0.979325 -0.0069605 0.202172 -0.492711 -0.0177633 -0.992588 -0.120219 0.441478 
1535385939991 0.244417 0.924888 -0.291276 -0.616542 -0.938885 0.300818 0.167345 -0.238512 0.242397 0.232573 0.941888 0.379309 0.201345 -0.120862 0.972035 0.390336 -0.979357 -0.00669297 0.20203 -0.492764 -0.0179118 -0.992647 -0.119714 0.441362 
1535385940171 0.244502 0.924842 -0.291352 -0.616219 -0.938829 0.300945 0.167429 -0.238385 0.242527 0.232593 0.94185 0.379399 0.20118 -0.120398 0.972127 0.390355 -0.979388 -0.00642559 0.201887 -0.492818 -0.0180603 -0.992705 -0.119209 0.441246 
1535385940343 0.244588 0.924795 -0.291428 -0.615895 -0.938773 0.301073 0.167513 -0.238257 0.242657 0.232613 0.941812 0.379489 0.201015 -0.119934 0.972219 0.390374 -0.979419 -0.00615856 0.201744 -0.492871 -0.0182084 -0.992763 -0.118703 0.441129 
1535385940520 0.244673 0.924749 -0.291504 -0.615573 -0.938717 0.3012 0.167597 -0.23813 0.242786 0.232633 0.941773 0.37958 0.20085 -0.11947 0.97231 0.390392 -0.97945 -0.00589135 0.201601 -0.492925 -0.0183571 -0.99282 -0.118198 0.441013 
1535385940692 0.244759 0.924702 -0.291581 -0.615248 -0.938661 0.301328 0.167681 -0.238002 0.242916 0.232654 0.941734 0.37967 0.200685 -0.119006 0.972401 0.390411 -0.979481 -0.00562422 0.201458 -0.492978 -0.0185057 -0.992878 -0.117693 0.440897 
1535385940874 0.244845 0.924655 -0.291657 -0.614925 -0.938605 0.301455 0.167765 -0.237875 0.243046 0.232674 0.941696 0.379761 0.20052 -0.118543 0.972491 0.390429 -0.979512 -0.00535707 0.201314 -0.493032 -0.0186547 -0.992935 -0.117188 0.440781 
1535385941078 0.244779 0.92466 -0.291696 -0.615144 -0.938665 0.301359 0.167603 -0.237978 0.24288 0.232779 0.941713 0.379626 0.200733 -0.11919 0.972368 0.390374 -0.979473 -0.0057808 0.201491 -0.49297 -0.0183945 -0.992855 -0.117903 0.440945 
1535385941090 0.244781 0.924569 -0.291983 -0.614885 -0.938617 0.301458 0.167692 -0.237874 0.243064 0.233013 0.941608 0.379721 0.200384 -0.118969 0.972467 0.390378 -0.979515 -0.0041472 0.201329 -0.493012 -0.0199189 -0.992889 -0.117363 0.44088 
1535385941236 0.244783 0.924478 -0.292272 -0.614622 -0.938569 0.301557 0.167781 -0.237768 0.243247 0.233247 0.941502 0.379816 0.200034 -0.118748 0.972566 0.390381 -0.979554 -0.00251351 0.201164 -0.493053 -0.0214433 -0.992921 -0.116823 0.440815 
1535385941407 0.244784 0.924386 -0.29256 -0.614357 -0.938521 0.301657 0.16787 -0.237661 0.24343 0.233482 0.941397 0.379912 0.199685 -0.118526 0.972665 0.390384 -0.979591 -0.000879883 0.200999 -0.493094 -0.0229679 -0.992951 -0.116283 0.440749 
1535385941596 0.244786 0.924294 -0.292848 -0.614095 -0.938474 0.301757 0.167959 -0.237556 0.243613 0.233716 0.941291 0.380008 0.199336 -0.118304 0.972764 0.390388 -0.979625 0.000753684 0.200833 -0.493136 -0.0244926 -0.992977 -0.115743 0.440684 
1535385941793 0.244788 0.924202 -0.293137 -0.61383 -0.938426 0.301856 0.168048 -0.237449 0.243796 0.233951 0.941186 0.380104 0.198987 -0.118081 0.972862 0.390391 -0.979657 0.00238727 0.200666 -0.493177 -0.0260174 -0.993001 -0.115204 0.440619 
1535385941970 0.244789 0.92411 -0.293425 -0.613566 -0.938378 0.301956 0.168137 -0.237343 0.243979 0.234185 0.94108 0.380199 0.198639 -0.117857 0.972961 0.390395 -0.979686 0.00402076 0.200499 -0.493219 -0.0275423 -0.993022 -0.114665 0.440554 
1535385942166 0.244791 0.924018 -0.293713 -0.613303 -0.93833 0.302056 0.168227 -0.237237 0.244162 0.23442 0.940974 0.380295 0.19829 -0.117633 0.973059 0.390398 -0.979712 0.00565427 0.20033 -0.49326 -0.0290674 -0.993041 -0.114126 0.440489 
1535385942345 0.244792 0.923926 -0.294002 -0.61304 -0.938281 0.302155 0.168316 -0.237131 0.244345 0.234654 0.940868 0.380391 0.197943 -0.117409 0.973157 0.390401 -0.979736 0.00728767 0.20016 -0.493302 -0.0305926 -0.993057 -0.113587 0.440423 
1535385942532 0.244794 0.923834 -0.29429 -0.612775 -0.938233 0.302255 0.168404 -0.237024 0.244528 0.234888 0.940762 0.380486 0.197595 -0.117183 0.973255 0.390405 -0.979758 0.00892114 0.199989 -0.493343 -0.0321179 -0.99307 -0.113048 0.440358 
1535385942727 0.244754 0.9239 -0.294117 -0.612995 -0.938311 0.302121 0.168213 -0.237117 0.244271 0.234802 0.94085 0.380425 0.198122 -0.117456 0.973115 0.39044 -0.979716 0.00671683 0.200276 -0.493266 -0.0300599 -0.993055 -0.113743 0.440517 
1535385942747 0.244861 0.923891 -0.294056 -0.612825 -0.938257 0.302236 0.168305 -0.237041 0.244369 0.234689 0.940853 0.380475 0.197936 -0.117343 0.973166 0.390432 -0.979761 0.00651028 0.200063 -0.493304 -0.0298116 -0.99307 -0.11368 0.440502 
1535385942899 0.244969 0.923881 -0.293996 -0.612647 -0.938204 0.302353 0.168395 -0.236961 0.244467 0.234577 0.940856 0.380527 0.197751 -0.117232 0.973217 0.390424 -0.979806 0.00630357 0.199849 -0.493342 -0.0295634 -0.993085 -0.113618 0.440487 
1535385942916 0.245077 0.923872 -0.293936 -0.612472 -0.93815 0.302469 0.168485 -0.236883 0.244565 0.234465 0.940858 0.380578 0.197565 -0.117121 0.973268 0.390415 -0.979851 0.00609689 0.199635 -0.49338 -0.0293153 -0.993099 -0.113556 0.440471 
1535385943108 0.245185 0.923862 -0.293877 -0.612296 -0.938096 0.302586 0.168575 -0.236804 0.244663 0.234353 0.940861 0.380629 0.197379 -0.117009 0.973319 0.390407 -0.979896 0.0058902 0.199421 -0.493417 -0.0290672 -0.993113 -0.113494 0.440456 
1535385943148 0.245293 0.923852 -0.293817 -0.612121 -0.938042 0.302702 0.168665 -0.236725 0.24476 0.23424 0.940863 0.38068 0.197194 -0.116898 0.97337 0.390399 -0.979941 0.00568345 0.199207 -0.493455 -0.0288191 -0.993128 -0.113432 0.440441 
1535385943277 0.245401 0.923843 -0.293757 -0.611944 -0.937989 0.302818 0.168755 -0.236646 0.244858 0.234128 0.940866 0.380732 0.197008 -0.116787 0.973421 0.390391 -0.979986 0.00547673 0.198993 -0.493493 -0.028571 -0.993142 -0.11337 0.440426 
1535385943324 0.245509 0.923833 -0.293697 -0.611769 -0.937935 0.302935 0.168845 -0.236568 0.244956 0.234015 0.940868 0.380783 0.196822 -0.116676 0.973472 0.390383 -0.98003 0.00526993 0.19878 -0.493531 -0.0283229 -0.993156 -0.113308 0.440411 
1535385943481 0.245617 0.923823 -0.293637 -0.611593 -0.937881 0.303051 0.168935 -0.236489 0.245053 0.233903 0.940871 0.380835 0.196635 -0.116564 0.973523 0.390374 -0.980075 0.00506324 0.198565 -0.493569 -0.0280748 -0.99317 -0.113246 0.440395 
1535385943528 0.245726 0.923814 -0.293577 -0.611417 -0.937827 0.303167 0.169025 -0.23641 0.245151 0.233791 0.940873 0.380886 0.19645 -0.116453 0.973574 0.390366 -0.980119 0.00485633 0.198352 -0.493606 -0.0278267 -0.993184 -0.113184 0.44038 
1535385943703 0.245742 0.923748 -0.293771 -0.611651 -0.93783 0.303212 0.168931 -0.236562 0.245125 0.233993 0.94083 0.380801 0.196955 -0.116782 0.973432 0.390409 -0.980003 0.00525268 0.198915 -0.493513 -0.0283428 -0.993144 -0.113412 0.440315 
1535385943726 0.245789 0.923756 -0.293706 -0.611454 -0.937836 0.303228 0.16887 -0.23645 0.245055 0.233942 0.940861 0.380863 0.196657 -0.116713 0.973501 0.390393 -0.980062 0.00532259 0.198621 -0.493558 -0.0283632 -0.993151 -0.11334 0.440305 
1535385943741 0.245838 0.923763 -0.293642 -0.611253 -0.937841 0.303245 0.168809 -0.236335 0.244985 0.23389 0.940892 0.380925 0.196359 -0.116644 0.973569 0.390376 -0.980121 0.00539164 0.198327 -0.493603 -0.0283827 -0.993159 -0.113266 0.440295 
1535385943756 0.245886 0.923771 -0.293577 -0.611052 -0.937847 0.303262 0.168748 -0.236221 0.244915 0.233838 0.940923 0.380988 0.196061 -0.116575 0.973638 0.390359 -0.98018 0.00546071 0.198032 -0.493647 -0.0284022 -0.993167 -0.113193 0.440284 
1535385943974 0.245935 0.923778 -0.293513 -0.61085 -0.937852 0.303279 0.168686 -0.236106 0.244845 0.233786 0.940954 0.381051 0.195762 -0.116505 0.973706 0.390342 -0.980239 0.00552978 0.197737 -0.493692 -0.0284218 -0.993175 -0.11312 0.440274 
1535385944028 0.245983 0.923786 -0.293449 -0.610648 -0.937858 0.303296 0.168625 -0.235991 0.244775 0.233734 0.940985 0.381114 0.195464 -0.116436 0.973774 0.390326 -0.980298 0.00559883 0.197443 -0.493736 -0.0284414 -0.993182 -0.113047 0.440264 
1535385944199 0.246032 0.923793 -0.293385 -0.610448 -0.937863 0.303313 0.168564 -0.235877 0.244705 0.233683 0.941016 0.381176 0.195165 -0.116366 0.973843 0.390309 -0.980357 0.00566782 0.197148 -0.493781 -0.0284609 -0.99319 -0.112974 0.440254 
1535385944252 0.24608 0.923801 -0.29332 -0.610245 -0.937869 0.30333 0.168503 -0.235762 0.244636 0.233631 0.941047 0.381239 0.194867 -0.116297 0.973911 0.390292 -0.980416 0.00573684 0.196853 -0.493825 -0.0284806 -0.993198 -0.112901 0.440244 
1535385944413 0.246129 0.923808 -0.293256 -0.610044 -0.937874 0.303347 0.168441 -0.235648 0.244566 0.233579 0.941078 0.381302 0.194568 -0.116227 0.973979 0.390276 -0.980475 0.00580579 0.196559 -0.49387 -0.0285002 -0.993206 -0.112828 0.440233 
1535385944468 0.246177 0.923816 -0.293192 -0.609844 -0.93788 0.303364 0.16838 -0.235533 0.244496 0.233527 0.941109 0.381364 0.19427 -0.116158 0.974047 0.390259 -0.980533 0.00587473 0.196264 -0.493915 -0.0285198 -0.993213 -0.112755 0.440223 
1535385944648 0.246206 0.923758 -0.293348 -0.610057 -0.937843 0.303448 0.168435 -0.235684 0.244609 0.233645 0.941051 0.381282 0.194725 -0.116164 0.973955 0.390262 -0.980445 0.00576809 0.196711 -0.493883 -0.0284685 -0.993213 -0.112769 0.440297 
1535385944665 0.246232 0.923786 -0.293239 -0.60983 -0.937834 0.303454 0.168471 -0.235585 0.244616 0.233527 0.941078 0.381358 0.195 -0.115451 0.973985 0.39025 -0.980423 0.00471239 0.196847 -0.494027 -0.0273159 -0.993302 -0.112272 0.440224 
1535385944841 0.246258 0.923813 -0.293131 -0.609599 -0.937826 0.303461 0.168507 -0.235484 0.244623 0.233409 0.941106 0.381435 0.195275 -0.114737 0.974014 0.390239 -0.980399 0.00365608 0.196986 -0.494173 -0.0261626 -0.993389 -0.111774 0.440151 
1535385945015 0.246284 0.923841 -0.293022 -0.609368 -0.937817 0.303468 0.168543 -0.235383 0.24463 0.233292 0.941133 0.381512 0.19555 -0.114022 0.974043 0.390227 -0.980375 0.0025999 0.197126 -0.494318 -0.0250091 -0.993475 -0.111276 0.440079 
1535385945187 0.246311 0.923868 -0.292914 -0.609137 -0.937808 0.303475 0.168579 -0.235282 0.244637 0.233174 0.94116 0.381589 0.195824 -0.113307 0.974071 0.390216 -0.980349 0.00154379 0.197266 -0.494464 -0.0238554 -0.993559 -0.110778 0.440006 
1535385945352 0.246337 0.923896 -0.292805 -0.608905 -0.937799 0.303482 0.168615 -0.23518 0.244644 0.233057 0.941188 0.381666 0.196098 -0.112592 0.974099 0.390205 -0.980322 0.000487694 0.197407 -0.49461 -0.0227015 -0.993641 -0.110281 0.439933 
1535385945524 0.246363 0.923923 -0.292697 -0.608675 -0.937791 0.303489 0.168651 -0.235079 0.244651 0.232939 0.941215 0.381742 0.196369 -0.111877 0.974127 0.390193 -0.980293 -0.000568076 0.197547 -0.494756 -0.0215475 -0.993722 -0.109783 0.439861 
1535385945707 0.246389 0.92395 -0.292589 -0.608443 -0.937782 0.303496 0.168687 -0.234978 0.244658 0.232822 0.941242 0.381819 0.196641 -0.111161 0.974154 0.390182 -0.980263 -0.00162397 0.197689 -0.494902 -0.0203933 -0.993801 -0.109286 0.439788 
1535385945886 0.246415 0.923978 -0.29248 -0.608212 -0.937773 0.303503 0.168723 -0.234877 0.244665 0.232704 0.941269 0.381896 0.196911 -0.110445 0.974181 0.390171 -0.980233 -0.00267954 0.19783 -0.495048 -0.019239 -0.993879 -0.108789 0.439715 
1535385946062 0.246441 0.924005 -0.292371 -0.607981 -0.937765 0.30351 0.168759 -0.234776 0.244672 0.232586 0.941297 0.381973 0.19718 -0.109728 0.974207 0.39016 -0.9802 -0.00373509 0.197973 -0.495193 -0.0180844 -0.993955 -0.108292 0.439642 
1535385946249 0.246354 0.924004 -0.29245 -0.608251 -0.937769 0.303458 0.168827 -0.234799 0.244743 0.232659 0.94126 0.381884 0.196856 -0.110227 0.974216 0.390118 -0.980252 -0.00308871 0.197726 -0.495146 -0.0187858 -0.993902 -0.108659 0.439748 
1535385946263 0.246511 0.92409 -0.292043 -0.607971 -0.937719 0.303541 0.168954 -0.234704 0.244776 0.232206 0.941364 0.381931 0.19736 -0.110313 0.974105 0.390138 -0.980182 -0.00485889 0.198041 -0.495303 -0.0171135 -0.993885 -0.109086 0.439779 
1535385946287 0.246663 0.924178 -0.291636 -0.607685 -0.937671 0.30362 0.169081 -0.234605 0.244807 0.231753 0.941467 0.381978 0.197865 -0.110398 0.973993 0.390159 -0.980108 -0.00662953 0.198356 -0.495465 -0.015441 -0.993865 -0.109514 0.439811 
1535385946456 0.246815 0.924266 -0.291229 -0.607399 -0.937623 0.303698 0.169208 -0.234507 0.244839 0.231299 0.94157 0.382025 0.198369 -0.110483 0.973881 0.390179 -0.980031 -0.00840016 0.198669 -0.495625 -0.0137687 -0.993843 -0.109943 0.439842 
1535385946619 0.246968 0.924354 -0.290821 -0.607113 -0.937574 0.303776 0.169335 -0.234408 0.24487 0.230846 0.941673 0.382073 0.198874 -0.110566 0.973768 0.3902 -0.97995 -0.0101708 0.198981 -0.495787 -0.0120966 -0.993817 -0.110372 0.439874 
1535385946800 0.24712 0.924441 -0.290414 -0.606829 -0.937526 0.303855 0.169462 -0.23431 0.244901 0.230393 0.941776 0.38212 0.199378 -0.110649 0.973656 0.390221 -0.979867 -0.0119414 0.199293 -0.495947 -0.0104247 -0.993788 -0.110802 0.439906 
1535385946965 0.247273 0.924528 -0.290006 -0.606542 -0.937478 0.303933 0.169589 -0.234211 0.244932 0.22994 0.941879 0.382167 0.199883 -0.11073 0.973543 0.390242 -0.979781 -0.013712 0.199604 -0.496108 -0.00875291 -0.993756 -0.111232 0.439937 
1535385947139 0.247425 0.924615 -0.289599 -0.606257 -0.937429 0.304011 0.169716 -0.234113 0.244963 0.229486 0.941981 0.382215 0.200388 -0.110811 0.97343 0.390263 -0.979691 -0.0154826 0.199914 -0.496269 -0.00708137 -0.993721 -0.111663 0.439969 
1535385947307 0.247578 0.924702 -0.289191 -0.605971 -0.937381 0.304089 0.169843 -0.234014 0.244994 0.229033 0.942084 0.382262 0.200893 -0.11089 0.973317 0.390284 -0.979598 -0.0172532 0.200224 -0.496431 -0.00541 -0.993683 -0.112094 0.440001 
1535385947466 0.24773 0.924789 -0.288784 -0.605685 -0.937333 0.304167 0.169971 -0.233916 0.245025 0.228579 0.942186 0.38231 0.201398 -0.110969 0.973203 0.390305 -0.979502 -0.0190238 0.200532 -0.496591 -0.00373886 -0.993642 -0.112526 0.440032 
1535385947649 0.247495 0.924757 -0.289086 -0.606007 -0.93739 0.304003 0.169949 -0.233945 0.245044 0.228924 0.942097 0.382335 0.200939 -0.11096 0.973299 0.390306 -0.979591 -0.0177488 0.200214 -0.496525 -0.0049408 -0.993666 -0.112262 0.440005 
1535385947662 0.247804 0.92473 -0.288907 -0.605678 -0.937318 0.304255 0.169891 -0.233792 0.245005 0.228698 0.942162 0.382395 0.201234 -0.111289 0.973201 0.390333 -0.979535 -0.0187604 0.200399 -0.496662 -0.00404448 -0.993611 -0.112786 0.440043 
1535385947678 0.248113 0.924703 -0.28873 -0.605344 -0.937247 0.304508 0.169834 -0.233637 0.244967 0.228473 0.942227 0.382456 0.201531 -0.111617 0.973102 0.39036 -0.979477 -0.0197714 0.200583 -0.4968 -0.00314902 -0.993555 -0.113311 0.44008 
1535385947887 0.248421 0.924675 -0.288553 -0.60501 -0.937175 0.30476 0.169778 -0.233482 0.244929 0.228248 0.942291 0.382517 0.201828 -0.111946 0.973002 0.390388 -0.979418 -0.0207824 0.200768 -0.496938 -0.00225372 -0.993497 -0.113836 0.440118 
1535385948078 0.24873 0.924647 -0.288376 -0.604676 -0.937103 0.305013 0.169721 -0.233326 0.24489 0.228023 0.942356 0.382578 0.202126 -0.112274 0.972903 0.390415 -0.979359 -0.0217936 0.200952 -0.497076 -0.00135856 -0.993438 -0.114361 0.440156 
