1533569708073 -0.305484 0.94918 -0.0757464 -0.524604 -0.927335 -0.278506 0.249969 -0.259713 0.216169 0.146604 0.965287 0.328402 1 0 0 0 0 1 0 0 0 0 1 1.306 
1533569708085 -0.256715 0.961223 -0.100732 -0.533557 -0.941825 -0.225408 0.249312 -0.258636 0.216938 0.158874 0.96317 0.33368 0.313242 -0.386601 0.867421 0.386201 -0.931259 -0.304042 0.200786 -0.500205 0.186108 -0.870688 -0.455264 0.505379 
1533569708918 -0.207238 0.970192 -0.125616 -0.542507 -0.953614 -0.171681 0.247279 -0.257559 0.218342 0.171035 0.960767 0.338956 0.316246 -0.384866 0.867102 0.400221 -0.929997 -0.306258 0.203251 -0.504054 0.187333 -0.87068 -0.454778 0.486147 
1533569709774 -0.15721 0.976058 -0.150322 -0.551456 -0.962663 -0.117493 0.243874 -0.256483 0.220373 0.183049 0.958086 0.344233 0.316259 -0.384858 0.867102 0.400839 -0.929992 -0.306267 0.203262 -0.50437 0.187338 -0.870681 -0.454774 0.485923 
1533569710670 -0.106787 0.978801 -0.17477 -0.560406 -0.968946 -0.0630183 0.239108 -0.255407 0.223025 0.194877 0.955135 0.349509 0.31624 -0.384881 0.867098 0.400856 -0.93 -0.306257 0.203242 -0.504363 0.187331 -0.870674 -0.45479 0.485945 
1533569711544 -0.0561316 0.978414 -0.198884 -0.569355 -0.972441 -0.00842752 0.232995 -0.254331 0.22629 0.206482 0.951924 0.354786 0.316214 -0.384899 0.867099 0.400827 -0.930009 -0.306245 0.203217 -0.50433 0.187327 -0.87067 -0.454799 0.485941 
1533569712403 -0.00540233 0.974898 -0.222587 -0.578305 -0.973139 0.0461059 0.225556 -0.253255 0.230156 0.217827 0.948462 0.360062 0.3162 -0.384907 0.867101 0.400798 -0.930014 -0.306238 0.203202 -0.504307 0.187326 -0.870669 -0.454802 0.485923 
1533569713280 0.0452396 0.968263 -0.245804 -0.587252 -0.971036 0.100409 0.216813 -0.252179 0.234613 0.228876 0.94476 0.365339 0.316197 -0.384905 0.867103 0.400778 -0.930015 -0.30624 0.2032 -0.504293 0.187329 -0.87067 -0.454799 0.485903 
1533569714157 0.0956333 0.958531 -0.268464 -0.596176 -0.966139 0.154311 0.206796 -0.251102 0.239647 0.239597 0.940831 0.370612 0.3162 -0.384895 0.867106 0.400763 -0.930012 -0.306246 0.203202 -0.504276 0.187337 -0.870672 -0.454792 0.485882 
1533569715045 0.145543 0.945754 -0.290458 -0.604751 -0.95846 0.207576 0.195619 -0.250188 0.2453 0.249921 0.936679 0.375693 0.316112 -0.384929 0.867124 0.400663 -0.930043 -0.306207 0.203119 -0.504115 0.187333 -0.87067 -0.454796 0.485844 
1533569715965 0.145495 0.945762 -0.290459 -0.604761 -0.958452 0.207546 0.195688 -0.250198 0.245358 0.249919 0.936664 0.37571 1 0 0 0 0 1 0 0 0 0 1 1.306 
1533569715979 0.150479 0.944312 -0.292626 -0.605694 -0.957534 0.212852 0.194479 -0.250073 0.245935 0.250935 0.936241 0.376256 0.313239 -0.3866 0.867422 0.386189 -0.93126 -0.304042 0.200784 -0.500185 0.18611 -0.870689 -0.455263 0.505382 
1533569716321 0.155458 0.942832 -0.294788 -0.606626 -0.956588 0.21815 0.193259 -0.249949 0.246519 0.251947 0.935816 0.376802 0.316244 -0.384866 0.867103 0.400217 -0.929998 -0.306258 0.203249 -0.50405 0.187334 -0.87068 -0.454777 0.486145 
1533569716685 0.16043 0.941322 -0.296942 -0.607559 -0.955615 0.223441 0.192027 -0.249824 0.247108 0.252955 0.935388 0.377347 0.316258 -0.384857 0.867102 0.400836 -0.929992 -0.306267 0.203261 -0.504368 0.187338 -0.870681 -0.454774 0.485921 
1533569717022 0.165397 0.939782 -0.299088 -0.608492 -0.954614 0.228724 0.190783 -0.249699 0.247703 0.253959 0.934959 0.377893 0.316239 -0.384881 0.867098 0.400855 -0.93 -0.306257 0.203241 -0.504361 0.187331 -0.870674 -0.454789 0.485943 
1533569717028 0.170357 0.938211 -0.301228 -0.609424 -0.953585 0.233999 0.189527 -0.249575 0.248303 0.254959 0.934527 0.378439 0.316214 -0.384899 0.867099 0.400827 -0.930009 -0.306245 0.203216 -0.504329 0.187327 -0.87067 -0.454799 0.48594 
1533569717522 0.17531 0.93661 -0.30336 -0.610357 -0.952529 0.239265 0.188259 -0.24945 0.248908 0.255955 0.934094 0.378985 0.3162 -0.384907 0.867101 0.400798 -0.930014 -0.306239 0.203202 -0.504306 0.187326 -0.870669 -0.454801 0.485922 
1533569717910 0.180257 0.93498 -0.305484 -0.611289 -0.951445 0.244523 0.186979 -0.249325 0.249519 0.256947 0.933658 0.379531 0.316197 -0.384904 0.867103 0.400778 -0.930014 -0.30624 0.2032 -0.504292 0.187329 -0.87067 -0.454799 0.485903 
1533569718329 0.185198 0.933318 -0.307602 -0.612219 -0.950334 0.249773 0.185687 -0.2492 0.250135 0.257935 0.933221 0.380076 0.316201 -0.384895 0.867106 0.400765 -0.930012 -0.306246 0.203202 -0.504277 0.187337 -0.870672 -0.454792 0.485883 
1533569718678 0.190124 0.93163 -0.309707 -0.613111 -0.949195 0.255007 0.184392 -0.249092 0.250763 0.258915 0.932781 0.380602 0.316123 -0.384928 0.86712 0.40068 -0.93004 -0.30621 0.20313 -0.504145 0.18733 -0.87067 -0.454798 0.485852 
1533569719034 0.190215 0.931606 -0.309722 -0.613091 -0.94917 0.255102 0.184388 -0.249174 0.250788 0.258906 0.932777 0.380603 1 0 0 0 0 1 0 0 0 0 1 1.306 
1533569719047 0.191175 0.931545 -0.309314 -0.613245 -0.948783 0.256127 0.18496 -0.249212 0.251522 0.258113 0.932799 0.380558 0.313239 -0.3866 0.867422 0.386189 -0.93126 -0.304042 0.200784 -0.500185 0.18611 -0.870689 -0.455263 0.505382 
1533569719273 0.192135 0.931483 -0.308907 -0.613399 -0.948394 0.257151 0.185532 -0.249251 0.252256 0.257318 0.932821 0.380514 0.316244 -0.384866 0.867103 0.400216 -0.929998 -0.306258 0.203249 -0.504049 0.187334 -0.87068 -0.454777 0.486145 
1533569719456 0.193095 0.931419 -0.3085 -0.613552 -0.948004 0.258174 0.186105 -0.249289 0.252988 0.256523 0.932841 0.380469 0.316258 -0.384857 0.867102 0.400836 -0.929992 -0.306267 0.203261 -0.504368 0.187338 -0.870681 -0.454774 0.485921 
1533569719463 0.194055 0.931355 -0.308093 -0.613706 -0.947612 0.259196 0.186678 -0.249328 0.25372 0.255727 0.932861 0.380425 0.316239 -0.384881 0.867098 0.400855 -0.93 -0.306257 0.203241 -0.504361 0.187331 -0.870674 -0.454789 0.485943 
1533569719740 0.195016 0.931288 -0.307687 -0.61386 -0.947219 0.260218 0.187252 -0.249366 0.254451 0.25493 0.93288 0.380381 0.316214 -0.384899 0.867099 0.400827 -0.930009 -0.306245 0.203216 -0.504329 0.187327 -0.87067 -0.454799 0.48594 
1533569719950 0.195976 0.931221 -0.307281 -0.614014 -0.946824 0.261238 0.187826 -0.249404 0.255181 0.254132 0.932899 0.380336 0.3162 -0.384907 0.867101 0.400798 -0.930014 -0.306239 0.203202 -0.504306 0.187326 -0.870669 -0.454801 0.485922 
1533569720169 0.196937 0.931151 -0.306876 -0.614167 -0.946428 0.262258 0.1884 -0.249443 0.25591 0.253333 0.932916 0.380292 0.316197 -0.384904 0.867103 0.400778 -0.930014 -0.30624 0.2032 -0.504292 0.187329 -0.87067 -0.454799 0.485903 
1533569720356 0.197898 0.931081 -0.306472 -0.61432 -0.94603 0.263277 0.188974 -0.249481 0.256638 0.252534 0.932933 0.380247 0.316201 -0.384895 0.867106 0.400765 -0.930012 -0.306246 0.203202 -0.504277 0.187337 -0.870672 -0.454792 0.485883 
1533569720563 0.198858 0.931008 -0.306071 -0.614455 -0.945632 0.264296 0.189547 -0.249514 0.257363 0.251737 0.932948 0.380207 0.316123 -0.384928 0.86712 0.40068 -0.93004 -0.30621 0.20313 -0.504145 0.18733 -0.87067 -0.454798 0.485852 
1533569720753 0.198816 0.931024 -0.30605 -0.614442 -0.945684 0.26421 0.189409 -0.249513 0.257206 0.251769 0.932983 0.380222 1 0 0 0 0 1 0 0 0 0 1 1.306 
1533569720764 0.198763 0.931149 -0.305704 -0.614386 -0.945795 0.263991 0.189159 -0.249535 0.256838 0.251535 0.933147 0.380235 0.313239 -0.3866 0.867422 0.386189 -0.93126 -0.304042 0.200784 -0.500185 0.18611 -0.870689 -0.455263 0.505382 
1533569720771 0.19871 0.931274 -0.305357 -0.614329 -0.945905 0.263773 0.188909 -0.249557 0.256471 0.251301 0.933312 0.380247 0.316244 -0.384866 0.867103 0.400216 -0.929998 -0.306258 0.203249 -0.504049 0.187334 -0.87068 -0.454777 0.486145 
1533569720997 0.198656 0.931399 -0.305012 -0.614273 -0.946016 0.263555 0.188659 -0.249578 0.256104 0.251068 0.933475 0.38026 0.316258 -0.384857 0.867102 0.400836 -0.929992 -0.306267 0.203261 -0.504368 0.187338 -0.870681 -0.454774 0.485921 
1533569721152 0.198603 0.931524 -0.304665 -0.614216 -0.946127 0.263337 0.188408 -0.2496 0.255736 0.250834 0.933639 0.380273 0.316239 -0.384881 0.867098 0.400855 -0.93 -0.306257 0.203241 -0.504361 0.187331 -0.870674 -0.454789 0.485943 
1533569721396 0.198549 0.931648 -0.304319 -0.61416 -0.946237 0.263119 0.188158 -0.249622 0.255369 0.2506 0.933802 0.380286 0.316214 -0.384899 0.867099 0.400827 -0.930009 -0.306245 0.203216 -0.504329 0.187327 -0.87067 -0.454799 0.48594 
1533569721550 0.198495 0.931772 -0.303974 -0.614104 -0.946348 0.262902 0.187907 -0.249644 0.255002 0.250366 0.933965 0.380298 0.3162 -0.384907 0.867101 0.400798 -0.930014 -0.306239 0.203202 -0.504306 0.187326 -0.870669 -0.454801 0.485922 
1533569721686 0.198441 0.931897 -0.303627 -0.614047 -0.946458 0.262683 0.187656 -0.249666 0.254634 0.250131 0.934128 0.380311 0.316197 -0.384904 0.867103 0.400778 -0.930014 -0.30624 0.2032 -0.504292 0.187329 -0.87067 -0.454799 0.485903 
1533569721868 0.198387 0.932021 -0.303281 -0.613991 -0.946568 0.262466 0.187406 -0.249687 0.254267 0.249897 0.934291 0.380324 0.316201 -0.384895 0.867106 0.400765 -0.930012 -0.306246 0.203202 -0.504277 0.187337 -0.870672 -0.454792 0.485883 
1533569722040 0.198333 0.932145 -0.302935 -0.613935 -0.946678 0.262248 0.187155 -0.249709 0.2539 0.249663 0.934453 0.380337 0.316123 -0.384928 0.86712 0.40068 -0.93004 -0.30621 0.20313 -0.504145 0.18733 -0.87067 -0.454798 0.485852 
1533569722207 0.198417 0.932106 -0.303002 -0.613973 -0.94662 0.26238 0.187262 -0.24969 0.25405 0.249672 0.93441 0.380325 1 0 0 0 0 1 0 0 0 0 1 1.306 
1533569722218 0.198252 0.932202 -0.302812 -0.61393 -0.946647 0.262194 0.187385 -0.249698 0.254076 0.249507 0.934447 0.380349 0.313239 -0.3866 0.867422 0.386189 -0.93126 -0.304042 0.200784 -0.500185 0.18611 -0.870689 -0.455263 0.505382 
1533569722426 0.198086 0.932299 -0.302623 -0.613888 -0.946675 0.262006 0.187509 -0.249707 0.254103 0.249342 0.934484 0.380374 0.316244 -0.384866 0.867103 0.400216 -0.929998 -0.306258 0.203249 -0.504049 0.187334 -0.87068 -0.454777 0.486145 
1533569722574 0.19792 0.932396 -0.302433 -0.613845 -0.946702 0.261818 0.187633 -0.249715 0.25413 0.249178 0.93452 0.380398 0.316258 -0.384857 0.867102 0.400836 -0.929992 -0.306267 0.203261 -0.504368 0.187338 -0.870681 -0.454774 0.485921 
1533569722730 0.197755 0.932492 -0.302243 -0.613803 -0.94673 0.26163 0.187756 -0.249723 0.254157 0.249013 0.934557 0.380422 0.316239 -0.384881 0.867098 0.400855 -0.93 -0.306257 0.203241 -0.504361 0.187331 -0.870674 -0.454789 0.485943 
1533569722986 0.197589 0.932589 -0.302054 -0.61376 -0.946757 0.261443 0.18788 -0.249732 0.254185 0.248849 0.934593 0.380446 0.316214 -0.384899 0.867099 0.400827 -0.930009 -0.306245 0.203216 -0.504329 0.187327 -0.87067 -0.454799 0.48594 
1533569723144 0.197423 0.932686 -0.301864 -0.613717 -0.946784 0.261255 0.188004 -0.24974 0.254212 0.248684 0.93463 0.380471 0.3162 -0.384907 0.867101 0.400798 -0.930014 -0.306239 0.203202 -0.504306 0.187326 -0.870669 -0.454801 0.485922 
1533569723275 0.197257 0.932782 -0.301674 -0.613675 -0.946812 0.261067 0.188127 -0.249748 0.254239 0.248519 0.934666 0.380495 0.316197 -0.384904 0.867103 0.400778 -0.930014 -0.30624 0.2032 -0.504292 0.187329 -0.87067 -0.454799 0.485903 
1533569723405 0.197092 0.932878 -0.301485 -0.613632 -0.946839 0.260879 0.188251 -0.249756 0.254266 0.248355 0.934702 0.380519 0.316201 -0.384895 0.867106 0.400765 -0.930012 -0.306246 0.203202 -0.504277 0.187337 -0.870672 -0.454792 0.485883 
1533569723617 0.196926 0.932975 -0.301295 -0.61359 -0.946866 0.260691 0.188374 -0.249764 0.254293 0.24819 0.934739 0.380544 0.316123 -0.384928 0.86712 0.40068 -0.93004 -0.30621 0.20313 -0.504145 0.18733 -0.87067 -0.454798 0.485852 
1533569723747 0.197014 0.932935 -0.301358 -0.613603 -0.946874 0.260762 0.188237 -0.249787 0.254196 0.248263 0.934746 0.380542 1 0 0 0 0 1 0 0 0 0 1 1.306 
1533569723759 0.196988 0.932942 -0.301356 -0.613571 -0.946993 0.260626 0.187826 -0.249763 0.253772 0.248383 0.934829 0.380543 0.313239 -0.3866 0.867422 0.386189 -0.93126 -0.304042 0.200784 -0.500185 0.18611 -0.870689 -0.455263 0.505382 
1533569723966 0.196962 0.932948 -0.301354 -0.613538 -0.947111 0.26049 0.187417 -0.249738 0.25335 0.248502 0.934912 0.380544 0.316244 -0.384866 0.867103 0.400216 -0.929998 -0.306258 0.203249 -0.504049 0.187334 -0.87068 -0.454777 0.486145 
1533569724113 0.196935 0.932954 -0.301352 -0.613506 -0.94723 0.260354 0.187007 -0.249714 0.252927 0.248622 0.934995 0.380544 0.316258 -0.384857 0.867102 0.400836 -0.929992 -0.306267 0.203261 -0.504368 0.187338 -0.870681 -0.454774 0.485921 
1533569724257 0.196909 0.93296 -0.30135 -0.613473 -0.947348 0.260217 0.186597 -0.24969 0.252504 0.248741 0.935077 0.380545 0.316239 -0.384881 0.867098 0.400855 -0.93 -0.306257 0.203241 -0.504361 0.187331 -0.870674 -0.454789 0.485943 
1533569724264 0.196882 0.932966 -0.301348 -0.613441 -0.947466 0.260081 0.186187 -0.249666 0.252082 0.24886 0.93516 0.380546 0.316214 -0.384899 0.867099 0.400827 -0.930009 -0.306245 0.203216 -0.504329 0.187327 -0.87067 -0.454799 0.48594 
1533569724427 0.196856 0.932973 -0.301346 -0.613409 -0.947584 0.259944 0.185778 -0.249641 0.251659 0.24898 0.935242 0.380547 0.3162 -0.384907 0.867101 0.400798 -0.930014 -0.306239 0.203202 -0.504306 0.187326 -0.870669 -0.454801 0.485922 
1533569724609 0.196829 0.932979 -0.301344 -0.613376 -0.947702 0.259808 0.185368 -0.249617 0.251236 0.249099 0.935324 0.380548 0.316197 -0.384904 0.867103 0.400778 -0.930014 -0.30624 0.2032 -0.504292 0.187329 -0.87067 -0.454799 0.485903 
1533569724803 0.196803 0.932985 -0.301342 -0.613344 -0.947819 0.259671 0.184958 -0.249593 0.250813 0.249217 0.935406 0.380548 0.316201 -0.384895 0.867106 0.400765 -0.930012 -0.306246 0.203202 -0.504277 0.187337 -0.870672 -0.454792 0.485883 
1533569724808 0.196776 0.932992 -0.30134 -0.613315 -0.947936 0.259535 0.184549 -0.249571 0.250391 0.249336 0.935487 0.380548 0.316123 -0.384928 0.86712 0.40068 -0.93004 -0.30621 0.20313 -0.504145 0.18733 -0.87067 -0.454798 0.485852 
1533569724981 0.19676 0.933005 -0.301311 -0.613331 -0.947915 0.259538 0.184656 -0.249583 0.250486 0.249284 0.935475 0.380567 1 0 0 0 0 1 0 0 0 0 1 1.306 
1533569724992 0.196429 0.933005 -0.301526 -0.613291 -0.947887 0.259364 0.185041 -0.249721 0.250849 0.249465 0.93533 0.380559 0.313239 -0.3866 0.867422 0.386189 -0.93126 -0.304042 0.200784 -0.500185 0.18611 -0.870689 -0.455263 0.505382 
1533569725282 0.196098 0.933005 -0.301741 -0.613251 -0.94786 0.259189 0.185427 -0.249859 0.251212 0.249646 0.935184 0.38055 0.316244 -0.384866 0.867103 0.400216 -0.929998 -0.306258 0.203249 -0.504049 0.187334 -0.87068 -0.454777 0.486145 
1533569725531 0.195767 0.933005 -0.301955 -0.613211 -0.947832 0.259014 0.185813 -0.249996 0.251575 0.249826 0.935038 0.380542 0.316258 -0.384857 0.867102 0.400836 -0.929992 -0.306267 0.203261 -0.504368 0.187338 -0.870681 -0.454774 0.485921 
1533569725735 0.195436 0.933005 -0.302169 -0.613171 -0.947804 0.258839 0.186199 -0.250134 0.251938 0.250007 0.934892 0.380534 0.316239 -0.384881 0.867098 0.400855 -0.93 -0.306257 0.203241 -0.504361 0.187331 -0.870674 -0.454789 0.485943 
1533569725902 0.195104 0.933006 -0.302382 -0.613131 -0.947776 0.258664 0.186585 -0.250272 0.252301 0.250187 0.934746 0.380525 0.316214 -0.384899 0.867099 0.400827 -0.930009 -0.306245 0.203216 -0.504329 0.187327 -0.87067 -0.454799 0.48594 
1533569726089 0.194773 0.933006 -0.302596 -0.61309 -0.947747 0.258489 0.186971 -0.25041 0.252663 0.250368 0.9346 0.380517 0.3162 -0.384907 0.867101 0.400798 -0.930014 -0.306239 0.203202 -0.504306 0.187326 -0.870669 -0.454801 0.485922 
1533569726400 0.194441 0.933005 -0.302809 -0.61305 -0.947719 0.258315 0.187357 -0.250548 0.253026 0.250548 0.934454 0.380509 0.316197 -0.384904 0.867103 0.400778 -0.930014 -0.30624 0.2032 -0.504292 0.187329 -0.87067 -0.454799 0.485903 
1533569726622 0.19411 0.933005 -0.303023 -0.61301 -0.94769 0.25814 0.187743 -0.250685 0.253388 0.250729 0.934307 0.380501 0.316201 -0.384895 0.867106 0.400765 -0.930012 -0.306246 0.203202 -0.504277 0.187337 -0.870672 -0.454792 0.485883 
1533569726629 0.193778 0.933005 -0.303236 -0.612973 -0.947661 0.257966 0.188128 -0.250819 0.253749 0.250909 0.934161 0.380493 0.316123 -0.384928 0.86712 0.40068 -0.93004 -0.30621 0.20313 -0.504145 0.18733 -0.87067 -0.454798 0.485852 
1533569726836 0.193729 0.933069 -0.303071 -0.612974 -0.947706 0.257852 0.188059 -0.25076 0.253619 0.250789 0.934228 0.380544 1 0 0 0 0 1 0 0 0 0 1 1.306 
1533569726847 0.193302 0.933092 -0.303273 -0.612914 -0.947744 0.257538 0.188298 -0.250923 0.253804 0.251026 0.934114 0.38055 0.313239 -0.3866 0.867422 0.386189 -0.93126 -0.304042 0.200784 -0.500185 0.18611 -0.870689 -0.455263 0.505382 
1533569727197 0.192875 0.933114 -0.303475 -0.612855 -0.947781 0.257224 0.188537 -0.251087 0.253988 0.251264 0.934 0.380556 0.316244 -0.384866 0.867103 0.400216 -0.929998 -0.306258 0.203249 -0.504049 0.187334 -0.87068 -0.454777 0.486145 
1533569727389 0.192447 0.933137 -0.303678 -0.612796 -0.947819 0.25691 0.188777 -0.25125 0.254172 0.251502 0.933886 0.380563 0.316258 -0.384857 0.867102 0.400836 -0.929992 -0.306267 0.203261 -0.504368 0.187338 -0.870681 -0.454774 0.485921 
1533569727597 0.19202 0.933159 -0.303881 -0.612736 -0.947856 0.256597 0.189016 -0.251414 0.254356 0.25174 0.933772 0.380569 0.316239 -0.384881 0.867098 0.400855 -0.93 -0.306257 0.203241 -0.504361 0.187331 -0.870674 -0.454789 0.485943 
1533569727603 0.191592 0.933181 -0.304083 -0.612677 -0.947893 0.256283 0.189255 -0.251577 0.254541 0.251978 0.933657 0.380575 0.316214 -0.384899 0.867099 0.400827 -0.930009 -0.306245 0.203216 -0.504329 0.187327 -0.87067 -0.454799 0.48594 
1533569727881 0.191165 0.933202 -0.304285 -0.612617 -0.94793 0.255969 0.189495 -0.25174 0.254724 0.252216 0.933543 0.380581 0.3162 -0.384907 0.867101 0.400798 -0.930014 -0.306239 0.203202 -0.504306 0.187326 -0.870669 -0.454801 0.485922 
1533569728156 0.190737 0.933224 -0.304487 -0.612558 -0.947967 0.255656 0.189734 -0.251904 0.254908 0.252454 0.933428 0.380587 0.316197 -0.384904 0.867103 0.400778 -0.930014 -0.30624 0.2032 -0.504292 0.187329 -0.87067 -0.454799 0.485903 
1533569728340 0.190309 0.933245 -0.304689 -0.612498 -0.948003 0.255342 0.189973 -0.252067 0.255092 0.252692 0.933314 0.380594 0.316201 -0.384895 0.867106 0.400765 -0.930012 -0.306246 0.203202 -0.504277 0.187337 -0.870672 -0.454792 0.485883 
1533569728346 0.189882 0.933267 -0.30489 -0.612443 -0.94804 0.255029 0.190212 -0.252227 0.255275 0.25293 0.933199 0.3806 0.316123 -0.384928 0.86712 0.40068 -0.93004 -0.30621 0.20313 -0.504145 0.18733 -0.87067 -0.454798 0.485852 
1533569728571 0.189875 0.9333 -0.304794 -0.612449 -0.948075 0.254969 0.190119 -0.252195 0.255151 0.252868 0.93325 0.38061 1 0 0 0 0 1 0 0 0 0 1 1.306 
1533569728584 0.189665 0.933182 -0.305285 -0.612361 -0.948028 0.254959 0.190364 -0.2523 0.25548 0.253314 0.933039 0.380615 0.313239 -0.3866 0.867422 0.386189 -0.93126 -0.304042 0.200784 -0.500185 0.18611 -0.870689 -0.455263 0.505382 
1533569728591 0.189456 0.933063 -0.305777 -0.612272 -0.947981 0.25495 0.190609 -0.252406 0.255808 0.253759 0.932828 0.380619 0.316244 -0.384866 0.867103 0.400216 -0.929998 -0.306258 0.203249 -0.504049 0.187334 -0.87068 -0.454777 0.486145 
1533569728878 0.189246 0.932944 -0.306269 -0.612184 -0.947935 0.254941 0.190853 -0.252511 0.256136 0.254205 0.932617 0.380624 0.316258 -0.384857 0.867102 0.400836 -0.929992 -0.306267 0.203261 -0.504368 0.187338 -0.870681 -0.454774 0.485921 
1533569729137 0.189037 0.932826 -0.30676 -0.612095 -0.947888 0.254931 0.191097 -0.252617 0.256463 0.25465 0.932406 0.380629 0.316239 -0.384881 0.867098 0.400855 -0.93 -0.306257 0.203241 -0.504361 0.187331 -0.870674 -0.454789 0.485943 
1533569729346 0.188827 0.932706 -0.307252 -0.612007 -0.947841 0.254923 0.191341 -0.252722 0.256791 0.255095 0.932194 0.380633 0.316214 -0.384899 0.867099 0.400827 -0.930009 -0.306245 0.203216 -0.504329 0.187327 -0.87067 -0.454799 0.48594 
1533569729553 0.188617 0.932587 -0.307743 -0.611919 -0.947794 0.254914 0.191586 -0.252827 0.257118 0.255541 0.931981 0.380638 0.3162 -0.384907 0.867101 0.400798 -0.930014 -0.306239 0.203202 -0.504306 0.187326 -0.870669 -0.454801 0.485922 
1533569729560 0.188407 0.932467 -0.308234 -0.61183 -0.947747 0.254905 0.19183 -0.252933 0.257445 0.255985 0.931769 0.380643 0.316197 -0.384904 0.867103 0.400778 -0.930014 -0.30624 0.2032 -0.504292 0.187329 -0.87067 -0.454799 0.485903 
1533569729765 0.188196 0.932347 -0.308725 -0.611743 -0.9477 0.254896 0.192074 -0.253038 0.257772 0.256431 0.931556 0.380647 0.316201 -0.384895 0.867106 0.400765 -0.930012 -0.306246 0.203202 -0.504277 0.187337 -0.870672 -0.454792 0.485883 
1533569729975 0.187987 0.932227 -0.309214 -0.611665 -0.947653 0.254888 0.192318 -0.253143 0.258099 0.256874 0.931344 0.38065 0.316123 -0.384928 0.86712 0.40068 -0.93004 -0.30621 0.20313 -0.504145 0.18733 -0.87067 -0.454798 0.485852 
1533569730177 0.187993 0.932226 -0.309214 -0.611691 -0.947646 0.254899 0.192335 -0.253092 0.258118 0.256868 0.93134 0.380643 1 0 0 0 0 1 0 0 0 0 1 1.306 
1533569730189 0.188055 0.932208 -0.309231 -0.611564 -0.947654 0.254941 0.192241 -0.253114 0.258044 0.256893 0.931353 0.380595 0.313239 -0.3866 0.867422 0.386189 -0.93126 -0.304042 0.200784 -0.500185 0.18611 -0.870689 -0.455263 0.505382 
1533569730371 0.188117 0.932189 -0.309249 -0.611438 -0.947661 0.254984 0.192148 -0.253136 0.257972 0.256917 0.931367 0.380547 0.316244 -0.384866 0.867103 0.400216 -0.929998 -0.306258 0.203249 -0.504049 0.187334 -0.87068 -0.454777 0.486145 
1533569730506 0.18818 0.932171 -0.309267 -0.611311 -0.947669 0.255027 0.192056 -0.253159 0.2579 0.256942 0.93138 0.380499 0.316258 -0.384857 0.867102 0.400836 -0.929992 -0.306267 0.203261 -0.504368 0.187338 -0.870681 -0.454774 0.485921 
1533569730644 0.188242 0.932152 -0.309285 -0.611184 -0.947676 0.25507 0.191963 -0.253181 0.257828 0.256966 0.931393 0.380451 0.316239 -0.384881 0.867098 0.400855 -0.93 -0.306257 0.203241 -0.504361 0.187331 -0.870674 -0.454789 0.485943 
1533569730876 0.188305 0.932134 -0.309303 -0.611058 -0.947683 0.255113 0.19187 -0.253203 0.257756 0.256991 0.931406 0.380403 0.316214 -0.384899 0.867099 0.400827 -0.930009 -0.306245 0.203216 -0.504329 0.187327 -0.87067 -0.454799 0.48594 
1533569731087 0.188367 0.932115 -0.309321 -0.610931 -0.94769 0.255156 0.191777 -0.253225 0.257684 0.257016 0.931419 0.380355 0.3162 -0.384907 0.867101 0.400798 -0.930014 -0.306239 0.203202 -0.504306 0.187326 -0.870669 -0.454801 0.485922 
1533569731233 0.188429 0.932097 -0.309338 -0.610804 -0.947698 0.255198 0.191685 -0.253247 0.257611 0.25704 0.931433 0.380307 0.316197 -0.384904 0.867103 0.400778 -0.930014 -0.30624 0.2032 -0.504292 0.187329 -0.87067 -0.454799 0.485903 
1533569731240 0.188492 0.932078 -0.309357 -0.610678 -0.947705 0.255242 0.191592 -0.25327 0.257539 0.257065 0.931446 0.380259 0.316201 -0.384895 0.867106 0.400765 -0.930012 -0.306246 0.203202 -0.504277 0.187337 -0.870672 -0.454792 0.485883 
1533569731418 0.188554 0.93206 -0.309374 -0.610562 -0.947712 0.255284 0.191499 -0.253294 0.257467 0.257089 0.931459 0.380211 0.316123 -0.384928 0.86712 0.40068 -0.93004 -0.30621 0.20313 -0.504145 0.18733 -0.87067 -0.454798 0.485852 
1533569731629 0.188494 0.932094 -0.309307 -0.610579 -0.947686 0.255252 0.191673 -0.253207 0.257608 0.256997 0.931445 0.380241 1 0 0 0 0 1 0 0 0 0 1 1.306 
1533569731641 0.188513 0.932227 -0.308895 -0.610435 -0.947715 0.255152 0.191661 -0.253229 0.257487 0.256614 0.931585 0.380163 0.313239 -0.3866 0.867422 0.386189 -0.93126 -0.304042 0.200784 -0.500185 0.18611 -0.870689 -0.455263 0.505382 
1533569731926 0.18853 0.93236 -0.308482 -0.61029 -0.947744 0.255051 0.19165 -0.253251 0.257366 0.25623 0.931724 0.380084 0.316244 -0.384866 0.867103 0.400216 -0.929998 -0.306258 0.203249 -0.504049 0.187334 -0.87068 -0.454777 0.486145 
1533569731933 0.188548 0.932493 -0.30807 -0.610146 -0.947774 0.25495 0.191639 -0.253273 0.257245 0.255847 0.931862 0.380005 0.316258 -0.384857 0.867102 0.400836 -0.929992 -0.306267 0.203261 -0.504368 0.187338 -0.870681 -0.454774 0.485921 
1533569732216 0.188565 0.932626 -0.307657 -0.610002 -0.947803 0.254849 0.191628 -0.253295 0.257124 0.255464 0.932001 0.379927 0.316239 -0.384881 0.867098 0.400855 -0.93 -0.306257 0.203241 -0.504361 0.187331 -0.870674 -0.454789 0.485943 
1533569732561 0.188583 0.932758 -0.307244 -0.609858 -0.947832 0.254748 0.191617 -0.253317 0.257002 0.25508 0.932139 0.379849 0.316214 -0.384899 0.867099 0.400827 -0.930009 -0.306245 0.203216 -0.504329 0.187327 -0.87067 -0.454799 0.48594 
1533569732769 0.1886 0.93289 -0.306832 -0.609713 -0.947862 0.254647 0.191606 -0.253339 0.256881 0.254697 0.932277 0.37977 0.3162 -0.384907 0.867101 0.400798 -0.930014 -0.306239 0.203202 -0.504306 0.187326 -0.870669 -0.454801 0.485922 
1533569732937 0.188617 0.933023 -0.306418 -0.609569 -0.947891 0.254546 0.191595 -0.253361 0.25676 0.254313 0.932416 0.379692 0.316197 -0.384904 0.867103 0.400778 -0.930014 -0.30624 0.2032 -0.504292 0.187329 -0.87067 -0.454799 0.485903 
1533569733252 0.188634 0.933155 -0.306005 -0.609425 -0.947921 0.254444 0.191584 -0.253383 0.256639 0.253929 0.932554 0.379613 0.316201 -0.384895 0.867106 0.400765 -0.930012 -0.306246 0.203202 -0.504277 0.187337 -0.870672 -0.454792 0.485883 
1533569733421 0.188652 0.933286 -0.305594 -0.609287 -0.94795 0.254344 0.191572 -0.253405 0.256517 0.253547 0.932691 0.379537 0.316123 -0.384928 0.86712 0.40068 -0.93004 -0.30621 0.20313 -0.504145 0.18733 -0.87067 -0.454798 0.485852 
1533569733582 0.188811 0.933239 -0.30564 -0.609296 -0.947956 0.254467 0.191381 -0.253472 0.256379 0.253598 0.932715 0.379516 1 0 0 0 0 1 0 0 0 0 1 1.306 
1533569733593 0.188541 0.93326 -0.305743 -0.60916 -0.947948 0.254295 0.19165 -0.253498 0.256608 0.253694 0.932626 0.379502 0.313239 -0.3866 0.867422 0.386189 -0.93126 -0.304042 0.200784 -0.500185 0.18611 -0.870689 -0.455263 0.505382 
1533569733801 0.188271 0.93328 -0.305846 -0.609025 -0.947939 0.254123 0.19192 -0.253524 0.256838 0.253791 0.932537 0.379489 0.316244 -0.384866 0.867103 0.400216 -0.929998 -0.306258 0.203249 -0.504049 0.187334 -0.87068 -0.454777 0.486145 
1533569734056 0.188002 0.933301 -0.30595 -0.608889 -0.94793 0.253951 0.19219 -0.253551 0.257067 0.253887 0.932447 0.379475 0.316258 -0.384857 0.867102 0.400836 -0.929992 -0.306267 0.203261 -0.504368 0.187338 -0.870681 -0.454774 0.485921 
1533569734244 0.187732 0.933321 -0.306053 -0.608753 -0.947922 0.253779 0.192459 -0.253577 0.257296 0.253983 0.932358 0.379461 0.316239 -0.384881 0.867098 0.400855 -0.93 -0.306257 0.203241 -0.504361 0.187331 -0.870674 -0.454789 0.485943 
1533569734421 0.187462 0.933342 -0.306155 -0.608617 -0.947913 0.253608 0.192729 -0.253603 0.257525 0.254079 0.932268 0.379447 0.316214 -0.384899 0.867099 0.400827 -0.930009 -0.306245 0.203216 -0.504329 0.187327 -0.87067 -0.454799 0.48594 
1533569734597 0.187192 0.933362 -0.306259 -0.608482 -0.947904 0.253436 0.192998 -0.253629 0.257755 0.254176 0.932179 0.379434 0.3162 -0.384907 0.867101 0.400798 -0.930014 -0.306239 0.203202 -0.504306 0.187326 -0.870669 -0.454801 0.485922 
1533569734798 0.186922 0.933382 -0.306362 -0.608346 -0.947895 0.253265 0.193268 -0.253655 0.257984 0.254272 0.932089 0.37942 0.316197 -0.384904 0.867103 0.400778 -0.930014 -0.30624 0.2032 -0.504292 0.187329 -0.87067 -0.454799 0.485903 
1533569734961 0.186653 0.933402 -0.306465 -0.608211 -0.947886 0.253093 0.193538 -0.253682 0.258213 0.254369 0.931999 0.379406 0.316201 -0.384895 0.867106 0.400765 -0.930012 -0.306246 0.203202 -0.504277 0.187337 -0.870672 -0.454792 0.485883 
1533569735148 0.186383 0.933423 -0.306566 -0.608087 -0.947876 0.252922 0.193807 -0.253708 0.258441 0.254465 0.93191 0.379393 0.316123 -0.384928 0.86712 0.40068 -0.93004 -0.30621 0.20313 -0.504145 0.18733 -0.87067 -0.454798 0.485852 
1533569735323 0.186611 0.933379 -0.30656 -0.608086 -0.947841 0.253126 0.193713 -0.25378 0.258406 0.254422 0.931931 0.379401 1 0 0 0 0 1 0 0 0 0 1 1.306 
1533569735333 0.186368 0.933503 -0.306332 -0.607988 -0.947915 0.252823 0.193747 -0.253786 0.258311 0.254268 0.932 0.379382 0.313239 -0.3866 0.867422 0.386189 -0.93126 -0.304042 0.200784 -0.500185 0.18611 -0.870689 -0.455263 0.505382 
1533569735541 0.186124 0.933627 -0.306103 -0.607891 -0.947989 0.25252 0.19378 -0.253792 0.258215 0.254115 0.932068 0.379364 0.316244 -0.384866 0.867103 0.400216 -0.929998 -0.306258 0.203249 -0.504049 0.187334 -0.87068 -0.454777 0.486145 
1533569735713 0.185881 0.93375 -0.305874 -0.607793 -0.948062 0.252218 0.193813 -0.253799 0.25812 0.253962 0.932136 0.379345 0.316258 -0.384857 0.867102 0.400836 -0.929992 -0.306267 0.203261 -0.504368 0.187338 -0.870681 -0.454774 0.485921 
1533569735881 0.185636 0.933874 -0.305645 -0.607695 -0.948136 0.251915 0.193847 -0.253805 0.258025 0.253808 0.932204 0.379326 0.316239 -0.384881 0.867098 0.400855 -0.93 -0.306257 0.203241 -0.504361 0.187331 -0.870674 -0.454789 0.485943 
1533569736048 0.185393 0.933997 -0.305416 -0.607598 -0.94821 0.251612 0.193879 -0.253811 0.257929 0.253655 0.932272 0.379308 0.316214 -0.384899 0.867099 0.400827 -0.930009 -0.306245 0.203216 -0.504329 0.187327 -0.87067 -0.454799 0.48594 
1533569736216 0.185149 0.93412 -0.305188 -0.6075 -0.948283 0.25131 0.193912 -0.253817 0.257834 0.253502 0.93234 0.379289 0.3162 -0.384907 0.867101 0.400798 -0.930014 -0.306239 0.203202 -0.504306 0.187326 -0.870669 -0.454801 0.485922 
1533569736425 0.184905 0.934243 -0.304958 -0.607402 -0.948357 0.251006 0.193946 -0.253823 0.257739 0.253348 0.932408 0.37927 0.316197 -0.384904 0.867103 0.400778 -0.930014 -0.30624 0.2032 -0.504292 0.187329 -0.87067 -0.454799 0.485903 
1533569736601 0.184661 0.934366 -0.304729 -0.607305 -0.94843 0.250703 0.193978 -0.25383 0.257644 0.253194 0.932477 0.379251 0.316201 -0.384895 0.867106 0.400765 -0.930012 -0.306246 0.203202 -0.504277 0.187337 -0.870672 -0.454792 0.485883 
1533569736776 0.184418 0.934489 -0.304501 -0.607212 -0.948504 0.250401 0.19401 -0.253836 0.257548 0.253041 0.932545 0.379234 0.316123 -0.384928 0.86712 0.40068 -0.93004 -0.30621 0.20313 -0.504145 0.18733 -0.87067 -0.454798 0.485852 
1533569736941 0.184428 0.934475 -0.304537 -0.607226 -0.948468 0.250451 0.194121 -0.253816 0.257673 0.253042 0.93251 0.379278 1 0 0 0 0 1 0 0 0 0 1 1.306 
1533569736952 0.184301 0.934356 -0.304979 -0.607111 -0.948488 0.250428 0.194051 -0.253817 0.257688 0.253506 0.93238 0.379308 0.313239 -0.3866 0.867422 0.386189 -0.93126 -0.304042 0.200784 -0.500185 0.18611 -0.870689 -0.455263 0.505382 
1533569737253 0.184174 0.934236 -0.305423 -0.606996 -0.948509 0.250405 0.193981 -0.253818 0.257703 0.25397 0.932249 0.379337 0.316244 -0.384866 0.867103 0.400216 -0.929998 -0.306258 0.203249 -0.504049 0.187334 -0.87068 -0.454777 0.486145 
1533569737460 0.184048 0.934116 -0.305865 -0.606882 -0.948529 0.250382 0.193911 -0.25382 0.257718 0.254433 0.932119 0.379367 0.316258 -0.384857 0.867102 0.400836 -0.929992 -0.306267 0.203261 -0.504368 0.187338 -0.870681 -0.454774 0.485921 
1533569737660 0.183922 0.933996 -0.306308 -0.606767 -0.94855 0.250359 0.19384 -0.253821 0.257733 0.254897 0.931988 0.379396 0.316239 -0.384881 0.867098 0.400855 -0.93 -0.306257 0.203241 -0.504361 0.187331 -0.870674 -0.454789 0.485943 
1533569737870 0.183796 0.933875 -0.306751 -0.606652 -0.94857 0.250336 0.19377 -0.253822 0.257748 0.255361 0.931857 0.379426 0.316214 -0.384899 0.867099 0.400827 -0.930009 -0.306245 0.203216 -0.504329 0.187327 -0.87067 -0.454799 0.48594 
1533569738040 0.183669 0.933755 -0.307194 -0.606537 -0.948591 0.250312 0.1937 -0.253823 0.257762 0.255824 0.931726 0.379456 0.3162 -0.384907 0.867101 0.400798 -0.930014 -0.306239 0.203202 -0.504306 0.187326 -0.870669 -0.454801 0.485922 
1533569738247 0.183543 0.933634 -0.307637 -0.606423 -0.948611 0.250289 0.193629 -0.253824 0.257777 0.256288 0.931594 0.379485 0.316197 -0.384904 0.867103 0.400778 -0.930014 -0.30624 0.2032 -0.504292 0.187329 -0.87067 -0.454799 0.485903 
1533569738483 0.183417 0.933512 -0.308079 -0.606309 -0.948632 0.250266 0.193559 -0.253826 0.257791 0.256752 0.931462 0.379515 0.316201 -0.384895 0.867106 0.400765 -0.930012 -0.306246 0.203202 -0.504277 0.187337 -0.870672 -0.454792 0.485883 
1533569738666 0.183291 0.933392 -0.308519 -0.606208 -0.948652 0.250242 0.193489 -0.253831 0.257806 0.257213 0.931331 0.379541 0.316123 -0.384928 0.86712 0.40068 -0.93004 -0.30621 0.20313 -0.504145 0.18733 -0.87067 -0.454798 0.485852 
1533569738897 0.183141 0.933433 -0.308484 -0.606219 -0.948648 0.250126 0.193657 -0.253757 0.257926 0.257176 0.931308 0.379563 1 0 0 0 0 1 0 0 0 0 1 1.306 
1533569738909 0.183052 0.933515 -0.308289 -0.606148 -0.948607 0.25006 0.193943 -0.2538 0.258139 0.256944 0.931313 0.379509 0.313239 -0.3866 0.867422 0.386189 -0.93126 -0.304042 0.200784 -0.500185 0.18611 -0.870689 -0.455263 0.505382 
1533569739129 0.182964 0.933596 -0.308095 -0.606076 -0.948566 0.249995 0.194229 -0.253844 0.258353 0.256711 0.931318 0.379455 0.316244 -0.384866 0.867103 0.400216 -0.929998 -0.306258 0.203249 -0.504049 0.187334 -0.87068 -0.454777 0.486145 
1533569739305 0.182876 0.933678 -0.3079 -0.606005 -0.948525 0.24993 0.194515 -0.253887 0.258567 0.256478 0.931323 0.379401 0.316258 -0.384857 0.867102 0.400836 -0.929992 -0.306267 0.203261 -0.504368 0.187338 -0.870681 -0.454774 0.485921 
1533569739465 0.182788 0.933759 -0.307705 -0.605934 -0.948483 0.249864 0.194801 -0.253931 0.258782 0.256246 0.931327 0.379347 0.316239 -0.384881 0.867098 0.400855 -0.93 -0.306257 0.203241 -0.504361 0.187331 -0.870674 -0.454789 0.485943 
1533569739624 0.1827 0.93384 -0.30751 -0.605862 -0.948442 0.249799 0.195087 -0.253974 0.258996 0.256013 0.931332 0.379292 0.316214 -0.384899 0.867099 0.400827 -0.930009 -0.306245 0.203216 -0.504329 0.187327 -0.87067 -0.454799 0.48594 
1533569739631 0.182613 0.933922 -0.307315 -0.605791 -0.9484 0.249733 0.195373 -0.254017 0.25921 0.25578 0.931336 0.379238 0.3162 -0.384907 0.867101 0.400798 -0.930014 -0.306239 0.203202 -0.504306 0.187326 -0.870669 -0.454801 0.485922 
1533569739864 0.182525 0.934003 -0.307121 -0.60572 -0.948358 0.249667 0.195659 -0.254061 0.259424 0.255548 0.93134 0.379184 0.316197 -0.384904 0.867103 0.400778 -0.930014 -0.30624 0.2032 -0.504292 0.187329 -0.87067 -0.454799 0.485903 
1533569740018 0.182437 0.934084 -0.306925 -0.605649 -0.948317 0.249601 0.195945 -0.254104 0.259638 0.255315 0.931344 0.37913 0.316201 -0.384895 0.867106 0.400765 -0.930012 -0.306246 0.203202 -0.504277 0.187337 -0.870672 -0.454792 0.485883 
1533569740193 0.18235 0.934165 -0.306731 -0.605579 -0.948275 0.249536 0.19623 -0.254145 0.259852 0.255083 0.931348 0.379079 0.316123 -0.384928 0.86712 0.40068 -0.93004 -0.30621 0.20313 -0.504145 0.18733 -0.87067 -0.454798 0.485852 
1533569740368 0.182329 0.934161 -0.306757 -0.60559 -0.94831 0.249491 0.196117 -0.254116 0.259738 0.255143 0.931364 0.379064 1 0 0 0 0 1 0 0 0 0 1 1.306 
1533569740381 0.182288 0.934176 -0.306734 -0.605524 -0.948367 0.249399 0.195957 -0.254105 0.259558 0.255176 0.931405 0.379053 0.313239 -0.3866 0.867422 0.386189 -0.93126 -0.304042 0.200784 -0.500185 0.18611 -0.870689 -0.455263 0.505382 
1533569740704 0.182247 0.934191 -0.306713 -0.605459 -0.948425 0.249307 0.195797 -0.254093 0.259377 0.255211 0.931446 0.379043 0.316244 -0.384866 0.867103 0.400216 -0.929998 -0.306258 0.203249 -0.504049 0.187334 -0.87068 -0.454777 0.486145 
1533569740953 0.182206 0.934206 -0.306691 -0.605394 -0.948482 0.249216 0.195636 -0.254082 0.259197 0.255245 0.931486 0.379032 0.316258 -0.384857 0.867102 0.400836 -0.929992 -0.306267 0.203261 -0.504368 0.187338 -0.870681 -0.454774 0.485921 
1533569741173 0.182165 0.934222 -0.306669 -0.605328 -0.948539 0.249124 0.195476 -0.254071 0.259016 0.255279 0.931527 0.379021 0.316239 -0.384881 0.867098 0.400855 -0.93 -0.306257 0.203241 -0.504361 0.187331 -0.870674 -0.454789 0.485943 
1533569741358 0.182124 0.934237 -0.306647 -0.605262 -0.948596 0.249032 0.195316 -0.254059 0.258836 0.255313 0.931568 0.379011 0.316214 -0.384899 0.867099 0.400827 -0.930009 -0.306245 0.203216 -0.504329 0.187327 -0.87067 -0.454799 0.48594 
1533569741483 0.182083 0.934252 -0.306626 -0.605197 -0.948653 0.248941 0.195155 -0.254048 0.258655 0.255347 0.931609 0.379 0.3162 -0.384907 0.867101 0.400798 -0.930014 -0.306239 0.203202 -0.504306 0.187326 -0.870669 -0.454801 0.485922 
1533569741490 0.182042 0.934267 -0.306604 -0.605132 -0.94871 0.248849 0.194994 -0.254037 0.258475 0.255381 0.93165 0.378989 0.316197 -0.384904 0.867103 0.400778 -0.930014 -0.30624 0.2032 -0.504292 0.187329 -0.87067 -0.454799 0.485903 
1533569741649 0.182001 0.934282 -0.306582 -0.605066 -0.948767 0.248757 0.194834 -0.254026 0.258294 0.255415 0.931691 0.378978 0.316201 -0.384895 0.867106 0.400765 -0.930012 -0.306246 0.203202 -0.504277 0.187337 -0.870672 -0.454792 0.485883 
1533569741820 0.18196 0.934297 -0.30656 -0.605006 -0.948824 0.248666 0.194674 -0.254016 0.258114 0.255449 0.931731 0.378967 0.316123 -0.384928 0.86712 0.40068 -0.93004 -0.30621 0.20313 -0.504145 0.18733 -0.87067 -0.454798 0.485852 
1533569741925 0.181945 0.934246 -0.306725 -0.605026 -0.948796 0.248716 0.194745 -0.254046 0.258228 0.255587 0.931662 0.378914 1 0 0 0 0 1 0 0 0 0 1 1.306 
1533569741937 0.181913 0.934293 -0.3066 -0.604975 -0.948839 0.248624 0.194656 -0.254046 0.258094 0.255503 0.931722 0.378904 0.313239 -0.3866 0.867422 0.386189 -0.93126 -0.304042 0.200784 -0.500185 0.18611 -0.870689 -0.455263 0.505382 
1533569742177 0.181881 0.934341 -0.306475 -0.604923 -0.948882 0.248531 0.194565 -0.254047 0.257959 0.25542 0.931782 0.378894 0.316244 -0.384866 0.867103 0.400216 -0.929998 -0.306258 0.203249 -0.504049 0.187334 -0.87068 -0.454777 0.486145 
1533569742368 0.181849 0.934388 -0.30635 -0.604872 -0.948924 0.248439 0.194475 -0.254048 0.257825 0.255337 0.931842 0.378884 0.316258 -0.384857 0.867102 0.400836 -0.929992 -0.306267 0.203261 -0.504368 0.187338 -0.870681 -0.454774 0.485921 
1533569742482 0.181817 0.934435 -0.306225 -0.604821 -0.948967 0.248347 0.194385 -0.254048 0.25769 0.255255 0.931902 0.378874 0.316239 -0.384881 0.867098 0.400855 -0.93 -0.306257 0.203241 -0.504361 0.187331 -0.870674 -0.454789 0.485943 
1533569742552 0.181785 0.934482 -0.3061 -0.60477 -0.94901 0.248254 0.194295 -0.254049 0.257555 0.255172 0.931962 0.378864 0.316214 -0.384899 0.867099 0.400827 -0.930009 -0.306245 0.203216 -0.504329 0.187327 -0.87067 -0.454799 0.48594 
1533569742710 0.181753 0.93453 -0.305975 -0.604718 -0.949052 0.248162 0.194204 -0.254049 0.257421 0.255089 0.932022 0.378854 0.3162 -0.384907 0.867101 0.400798 -0.930014 -0.306239 0.203202 -0.504306 0.187326 -0.870669 -0.454801 0.485922 
1533569742881 0.181721 0.934577 -0.30585 -0.604667 -0.949095 0.248069 0.194114 -0.25405 0.257287 0.255006 0.932081 0.378844 0.316197 -0.384904 0.867103 0.400778 -0.930014 -0.30624 0.2032 -0.504292 0.187329 -0.87067 -0.454799 0.485903 
1533569743109 0.181689 0.934624 -0.305725 -0.604616 -0.949138 0.247977 0.194024 -0.25405 0.257152 0.254923 0.932141 0.378834 0.316201 -0.384895 0.867106 0.400765 -0.930012 -0.306246 0.203202 -0.504277 0.187337 -0.870672 -0.454792 0.485883 
1533569743266 0.181656 0.934671 -0.3056 -0.604567 -0.94918 0.247885 0.193933 -0.254051 0.257017 0.25484 0.932201 0.378824 0.316123 -0.384928 0.86712 0.40068 -0.93004 -0.30621 0.20313 -0.504145 0.18733 -0.87067 -0.454798 0.485852 
1533569743419 0.181707 0.934681 -0.305538 -0.60459 -0.949165 0.247925 0.193955 -0.254012 0.257037 0.254763 0.932217 0.37887 1 0 0 0 0 1 0 0 0 0 1 1.306 
1533569743430 0.18153 0.934667 -0.305686 -0.604531 -0.949112 0.247875 0.19428 -0.25403 0.257359 0.254862 0.932101 0.378865 0.313239 -0.3866 0.867422 0.386189 -0.93126 -0.304042 0.200784 -0.500185 0.18611 -0.870689 -0.455263 0.505382 
1533569743666 0.181353 0.934653 -0.305834 -0.604472 -0.949058 0.247826 0.194603 -0.254048 0.25768 0.254963 0.931984 0.37886 0.316244 -0.384866 0.867103 0.400216 -0.929998 -0.306258 0.203249 -0.504049 0.187334 -0.87068 -0.454777 0.486145 
1533569743867 0.181177 0.934639 -0.305982 -0.604412 -0.949005 0.247777 0.194927 -0.254066 0.258001 0.255062 0.931868 0.378855 0.316258 -0.384857 0.867102 0.400836 -0.929992 -0.306267 0.203261 -0.504368 0.187338 -0.870681 -0.454774 0.485921 
1533569744011 0.181 0.934624 -0.306131 -0.604353 -0.948951 0.247728 0.195251 -0.254084 0.258323 0.255163 0.931752 0.37885 0.316239 -0.384881 0.867098 0.400855 -0.93 -0.306257 0.203241 -0.504361 0.187331 -0.870674 -0.454789 0.485943 
