1534334354856 0.0968144 0.863205 -0.495484 -0.405455 -0.96321 0.206654 0.171816 -0.232586 0.250706 0.460621 0.851455 0.488653 0.16008 -0.304787 0.938871 0.370831 -0.775623 0.549475 0.310623 -0.528794 -0.61056 -0.777934 -0.14844 0.432481 
1534334354868 0.0992466 0.8626 -0.496055 -0.431173 -0.963145 0.208524 0.169909 -0.234864 0.250003 0.46091 0.851505 0.482254 0.31622 -0.384863 0.867113 0.400795 -0.930002 -0.306262 0.203222 -0.504304 0.187351 -0.87068 -0.454769 0.485867 
1534334356726 0.102066 0.861948 -0.496616 -0.447811 -0.963161 0.210487 0.167379 -0.231618 0.248803 0.461238 0.851679 0.473919 0.31622 -0.384863 0.867113 0.400795 -0.930002 -0.306262 0.203222 -0.504304 0.187351 -0.87068 -0.454769 0.485867 
1534334357591 0.104769 0.861563 -0.496722 -0.468071 -0.963123 0.212368 0.165209 -0.23096 0.247826 0.461096 0.85204 0.465595 0.31622 -0.384863 0.867113 0.400795 -0.930002 -0.306262 0.203222 -0.504304 0.187351 -0.87068 -0.454769 0.485867 
1534334358515 0.107472 0.861173 -0.49682 -0.488323 -0.963077 0.214248 0.163038 -0.230299 0.246847 0.460954 0.852402 0.457266 0.31622 -0.384863 0.867113 0.400795 -0.930002 -0.306262 0.203222 -0.504304 0.187351 -0.87068 -0.454769 0.485867 
1534334359434 0.110177 0.860787 -0.496897 -0.508535 -0.963022 0.216126 0.160869 -0.22963 0.245866 0.460799 0.852769 0.44891 0.31622 -0.384863 0.867113 0.400795 -0.930002 -0.306262 0.203222 -0.504304 0.187351 -0.87068 -0.454769 0.485867 
1534334360344 0.112884 0.860411 -0.49694 -0.528669 -0.962958 0.218 0.158706 -0.228946 0.244885 0.460617 0.853149 0.440503 0.31622 -0.384863 0.867113 0.400795 -0.930002 -0.306262 0.203222 -0.504304 0.187351 -0.87068 -0.454769 0.485867 
1534334361239 0.115569 0.859955 -0.497113 -0.549096 -0.962887 0.219884 0.156525 -0.228319 0.243911 0.460574 0.853451 0.432379 0.316221 -0.384863 0.867113 0.400797 -0.930002 -0.306262 0.203223 -0.504308 0.187351 -0.87068 -0.45477 0.485869 
1534334362163 0.118247 0.85947 -0.497322 -0.569616 -0.962808 0.221769 0.154336 -0.227709 0.242938 0.460576 0.853728 0.42434 0.316221 -0.384863 0.867113 0.400797 -0.930002 -0.306262 0.203223 -0.504308 0.187351 -0.87068 -0.45477 0.485869 
1534334363078 0.120924 0.85898 -0.497525 -0.590134 -0.962721 0.223652 0.152148 -0.227099 0.241964 0.460579 0.854003 0.416301 0.316222 -0.384864 0.867112 0.400802 -0.930002 -0.306261 0.203224 -0.504316 0.187349 -0.87068 -0.454771 0.485873 
1534334364048 0.121192 0.85921 -0.497062 -0.589628 -0.962627 0.223917 0.152353 -0.227433 0.242204 0.460021 0.854235 0.416582 0.316222 -0.384864 0.867112 0.400802 -0.930002 -0.306261 0.203224 -0.504316 0.187349 -0.87068 -0.454771 0.485873 
1534334364061 0.121433 0.859138 -0.497127 -0.591727 -0.962627 0.224078 0.152113 -0.227337 0.242082 0.460076 0.85424 0.41575 0.31622 -0.384863 0.867113 0.400795 -0.930002 -0.306262 0.203222 -0.504304 0.187351 -0.87068 -0.454769 0.485867 
1534334364377 0.121675 0.859066 -0.497193 -0.59383 -0.962627 0.224241 0.151873 -0.227243 0.24196 0.460132 0.854244 0.414918 0.31622 -0.384863 0.867113 0.400795 -0.930002 -0.306262 0.203222 -0.504304 0.187351 -0.87068 -0.454769 0.485867 
1534334364682 0.121916 0.858993 -0.497259 -0.595933 -0.962627 0.224403 0.151634 -0.227148 0.241839 0.460189 0.854248 0.414086 0.31622 -0.384863 0.867113 0.400795 -0.930002 -0.306262 0.203222 -0.504304 0.187351 -0.87068 -0.454769 0.485867 
1534334365016 0.122157 0.858921 -0.497325 -0.598036 -0.962627 0.224566 0.151394 -0.227054 0.241718 0.460245 0.854252 0.413254 0.31622 -0.384863 0.867113 0.400795 -0.930002 -0.306262 0.203222 -0.504304 0.187351 -0.87068 -0.454769 0.485867 
1534334365329 0.122399 0.858848 -0.497391 -0.600138 -0.962627 0.224728 0.151154 -0.226959 0.241596 0.460301 0.854257 0.412422 0.31622 -0.384863 0.867113 0.400795 -0.930002 -0.306262 0.203222 -0.504304 0.187351 -0.87068 -0.454769 0.485867 
1534334365652 0.12264 0.858776 -0.497457 -0.602241 -0.962626 0.22489 0.150915 -0.226866 0.241475 0.460357 0.854261 0.41159 0.31622 -0.384863 0.867113 0.400795 -0.930002 -0.306262 0.203222 -0.504304 0.187351 -0.87068 -0.454769 0.485867 
1534334365967 0.122881 0.858703 -0.497523 -0.604343 -0.962626 0.225052 0.150675 -0.226771 0.241354 0.460413 0.854265 0.410758 0.31622 -0.384863 0.867113 0.400795 -0.930002 -0.306262 0.203222 -0.504304 0.187351 -0.87068 -0.454769 0.485867 
1534334366282 0.123123 0.85863 -0.497589 -0.606447 -0.962625 0.225215 0.150435 -0.226677 0.241232 0.46047 0.854268 0.409926 0.31622 -0.384863 0.867113 0.400795 -0.930002 -0.306262 0.203222 -0.504304 0.187351 -0.87068 -0.454769 0.485867 
1534334366596 0.123364 0.858558 -0.497655 -0.608549 -0.962625 0.225377 0.150195 -0.226582 0.241111 0.460526 0.854272 0.409094 0.31622 -0.384863 0.867113 0.400795 -0.930002 -0.306262 0.203222 -0.504304 0.187351 -0.87068 -0.454769 0.485867 
1534334366934 0.123642 0.858693 -0.497352 -0.608146 -0.962556 0.225627 0.15026 -0.226793 0.241243 0.460151 0.854437 0.409328 0.31622 -0.384863 0.867113 0.400795 -0.930002 -0.306262 0.203222 -0.504304 0.187351 -0.87068 -0.454769 0.485867 
1534334366944 0.123897 0.858979 -0.496794 -0.608259 -0.962532 0.225734 0.150256 -0.226798 0.24121 0.459564 0.854762 0.409098 0.31622 -0.384863 0.867113 0.400795 -0.930002 -0.306262 0.203222 -0.504304 0.187351 -0.87068 -0.454769 0.485867 
1534334366961 0.124151 0.859265 -0.496236 -0.608376 -0.962507 0.22584 0.150252 -0.226805 0.241176 0.458977 0.855087 0.408868 0.31622 -0.384863 0.867113 0.400795 -0.930002 -0.306262 0.203222 -0.504304 0.187351 -0.87068 -0.454769 0.485867 
1534334367104 0.124405 0.85955 -0.495678 -0.608493 -0.962483 0.225947 0.150248 -0.226813 0.241142 0.45839 0.855411 0.408637 0.31622 -0.384863 0.867113 0.400795 -0.930002 -0.306262 0.203222 -0.504304 0.187351 -0.87068 -0.454769 0.485867 
1534334367161 0.12466 0.859835 -0.49512 -0.608611 -0.962459 0.226053 0.150244 -0.22682 0.241108 0.457803 0.855735 0.408407 0.31622 -0.384863 0.867113 0.400795 -0.930002 -0.306262 0.203222 -0.504304 0.187351 -0.87068 -0.454769 0.485867 
1534334367260 0.124914 0.86012 -0.494561 -0.608727 -0.962434 0.226159 0.15024 -0.226827 0.241074 0.457216 0.856059 0.408176 0.31622 -0.384863 0.867113 0.400795 -0.930002 -0.306262 0.203222 -0.504304 0.187351 -0.87068 -0.454769 0.485867 
1534334367317 0.125168 0.860404 -0.494002 -0.608845 -0.96241 0.226266 0.150236 -0.226834 0.241039 0.456628 0.856382 0.407946 0.31622 -0.384863 0.867113 0.400795 -0.930002 -0.306262 0.203222 -0.504304 0.187351 -0.87068 -0.454769 0.485867 
1534334367416 0.125422 0.860688 -0.493443 -0.608962 -0.962386 0.226371 0.150232 -0.226841 0.241004 0.45604 0.856705 0.407716 0.31622 -0.384863 0.867113 0.400795 -0.930002 -0.306262 0.203222 -0.504304 0.187351 -0.87068 -0.454769 0.485867 
1534334367479 0.125676 0.860971 -0.492884 -0.609078 -0.962361 0.226478 0.150228 -0.226848 0.240969 0.455452 0.857028 0.407485 0.31622 -0.384863 0.867113 0.400795 -0.930002 -0.306262 0.203222 -0.504304 0.187351 -0.87068 -0.454769 0.485867 
1534334367573 0.12593 0.861254 -0.492325 -0.609196 -0.962337 0.226584 0.150224 -0.226855 0.240934 0.454864 0.85735 0.407255 0.31622 -0.384863 0.867113 0.400795 -0.930002 -0.306262 0.203222 -0.504304 0.187351 -0.87068 -0.454769 0.485867 
1534334367655 0.125865 0.860991 -0.492801 -0.609047 -0.962334 0.226631 0.150168 -0.226912 0.240978 0.455339 0.857086 0.407616 0.31622 -0.384863 0.867113 0.400795 -0.930002 -0.306262 0.203222 -0.504304 0.187351 -0.87068 -0.454769 0.485867 
1534334367668 0.125604 0.861047 -0.492769 -0.609107 -0.962366 0.226404 0.150308 -0.227032 0.240987 0.455345 0.85708 0.407501 0.31622 -0.384863 0.867113 0.400795 -0.930002 -0.306262 0.203222 -0.504304 0.187351 -0.87068 -0.45477 0.485867 
1534334367685 0.125344 0.861104 -0.492736 -0.609173 -0.962398 0.226177 0.150447 -0.227154 0.240996 0.45535 0.857075 0.407386 0.31622 -0.384863 0.867113 0.400795 -0.930002 -0.306262 0.203222 -0.504304 0.187351 -0.87068 -0.45477 0.485867 
1534334367703 0.125084 0.861161 -0.492703 -0.609238 -0.962429 0.22595 0.150587 -0.227276 0.241006 0.455355 0.857069 0.407271 0.31622 -0.384863 0.867113 0.400795 -0.930002 -0.306262 0.203222 -0.504304 0.187351 -0.87068 -0.45477 0.485867 
1534334367827 0.124824 0.861218 -0.49267 -0.609303 -0.962461 0.225723 0.150727 -0.227398 0.241015 0.455361 0.857064 0.407156 0.31622 -0.384863 0.867113 0.400795 -0.930002 -0.306262 0.203222 -0.504304 0.187351 -0.87068 -0.45477 0.485867 
1534334367849 0.124564 0.861274 -0.492636 -0.609367 -0.962492 0.225496 0.150867 -0.22752 0.241025 0.455366 0.857058 0.407041 0.31622 -0.384863 0.867113 0.400795 -0.930002 -0.306262 0.203222 -0.504304 0.187351 -0.87068 -0.45477 0.485867 
1534334367929 0.124304 0.861331 -0.492603 -0.609433 -0.962523 0.225269 0.151006 -0.227642 0.241035 0.455371 0.857053 0.406926 0.31622 -0.384863 0.867113 0.400795 -0.930002 -0.306262 0.203222 -0.504304 0.187351 -0.87068 -0.45477 0.485867 
1534334367979 0.124043 0.861387 -0.49257 -0.609498 -0.962554 0.225042 0.151146 -0.227764 0.241044 0.455377 0.857047 0.406811 0.31622 -0.384863 0.867113 0.400795 -0.930002 -0.306262 0.203222 -0.504304 0.187351 -0.87068 -0.45477 0.485867 
1534334368015 0.123783 0.861444 -0.492536 -0.609562 -0.962586 0.224815 0.151286 -0.227886 0.241054 0.455382 0.857042 0.406696 0.31622 -0.384863 0.867113 0.400795 -0.930002 -0.306262 0.203222 -0.504304 0.187351 -0.87068 -0.45477 0.485867 
1534334368067 0.123523 0.8615 -0.492503 -0.609628 -0.962617 0.224588 0.151425 -0.228008 0.241063 0.455387 0.857036 0.406581 0.31622 -0.384863 0.867113 0.400795 -0.930002 -0.306262 0.203222 -0.504304 0.187351 -0.87068 -0.45477 0.485867 
1534334368138 0.123918 0.861286 -0.49278 -0.609502 -0.962578 0.224955 0.151123 -0.227765 0.241013 0.455612 0.856931 0.406713 0.31622 -0.384863 0.867113 0.400795 -0.930002 -0.306262 0.203222 -0.504304 0.187351 -0.87068 -0.45477 0.485867 
1534334368152 0.123397 0.86123 -0.493007 -0.609431 -0.96259 0.224648 0.151506 -0.228019 0.241235 0.455868 0.856732 0.406692 0.31622 -0.384863 0.867113 0.400795 -0.930002 -0.306262 0.203222 -0.504304 0.187351 -0.87068 -0.45477 0.485867 
1534334368166 0.122875 0.861175 -0.493233 -0.609363 -0.962601 0.224341 0.151889 -0.228273 0.241456 0.456124 0.856534 0.406671 0.31622 -0.384863 0.867113 0.400795 -0.930002 -0.306262 0.203222 -0.504304 0.187351 -0.87068 -0.45477 0.485867 
1534334368225 0.122353 0.86112 -0.49346 -0.609296 -0.962612 0.224033 0.152273 -0.228529 0.241676 0.456379 0.856335 0.40665 0.31622 -0.384863 0.867113 0.400795 -0.930002 -0.306262 0.203222 -0.504304 0.187351 -0.87068 -0.45477 0.485867 
1534334368320 0.121831 0.861064 -0.493686 -0.60923 -0.962623 0.223725 0.152656 -0.228785 0.241897 0.456635 0.856137 0.406629 0.31622 -0.384863 0.867113 0.400795 -0.930002 -0.306262 0.203222 -0.504304 0.187351 -0.87068 -0.45477 0.485867 
1534334368372 0.121309 0.861008 -0.493912 -0.609164 -0.962634 0.223418 0.15304 -0.22904 0.242117 0.456891 0.855938 0.406607 0.31622 -0.384863 0.867113 0.400795 -0.930002 -0.306262 0.203222 -0.504304 0.187351 -0.87068 -0.45477 0.485867 
1534334368476 0.120788 0.860952 -0.494137 -0.609096 -0.962644 0.223111 0.153423 -0.229295 0.242337 0.457147 0.855739 0.406586 0.31622 -0.384863 0.867113 0.400795 -0.930002 -0.306262 0.203222 -0.504304 0.187351 -0.87068 -0.45477 0.485867 
1534334368520 0.120266 0.860896 -0.494363 -0.60903 -0.962654 0.222804 0.153807 -0.229551 0.242557 0.457403 0.85554 0.406565 0.31622 -0.384863 0.867113 0.400795 -0.930002 -0.306262 0.203222 -0.504304 0.187351 -0.87068 -0.45477 0.485867 
1534334368623 0.119744 0.860839 -0.494588 -0.608963 -0.962663 0.222496 0.15419 -0.229806 0.242777 0.457658 0.855341 0.406544 0.31622 -0.384863 0.867113 0.400795 -0.930002 -0.306262 0.203222 -0.504304 0.187351 -0.87068 -0.45477 0.485867 
1534334368674 0.119222 0.860782 -0.494813 -0.608895 -0.962673 0.222189 0.154574 -0.230062 0.242997 0.457914 0.855141 0.406523 0.31622 -0.384863 0.867113 0.400795 -0.930002 -0.306262 0.203222 -0.504304 0.187351 -0.87068 -0.45477 0.485867 
1534334368785 0.12008 0.860876 -0.494442 -0.608942 -0.962621 0.222763 0.154072 -0.229828 0.24278 0.457459 0.855446 0.406593 0.31622 -0.384863 0.867113 0.400795 -0.930002 -0.306262 0.203222 -0.504304 0.187351 -0.87068 -0.45477 0.485867 
1534334368805 0.119596 0.860857 -0.494593 -0.60867 -0.962633 0.22246 0.154429 -0.229962 0.242968 0.457642 0.855295 0.406606 0.31622 -0.384863 0.867113 0.400795 -0.930002 -0.306262 0.203222 -0.504304 0.187351 -0.87068 -0.45477 0.485867 
1534334368818 0.119113 0.860838 -0.494743 -0.608394 -0.962646 0.222159 0.154786 -0.230095 0.243157 0.457825 0.855144 0.40662 0.31622 -0.384863 0.867113 0.400795 -0.930002 -0.306262 0.203222 -0.504304 0.187351 -0.87068 -0.45477 0.485867 
1534334368953 0.118631 0.860818 -0.494893 -0.608119 -0.962657 0.221859 0.155143 -0.230227 0.243346 0.458008 0.854992 0.406634 0.31622 -0.384863 0.867113 0.400795 -0.930002 -0.306262 0.203222 -0.504304 0.187351 -0.87068 -0.45477 0.485867 
1534334368996 0.118148 0.860798 -0.495043 -0.607844 -0.962669 0.221558 0.1555 -0.23036 0.243535 0.458191 0.85484 0.406647 0.31622 -0.384863 0.867113 0.400795 -0.930002 -0.306262 0.203222 -0.504304 0.187351 -0.87068 -0.45477 0.485867 
1534334369098 0.117665 0.860778 -0.495193 -0.607568 -0.96268 0.221257 0.155858 -0.230492 0.243724 0.458373 0.854689 0.406661 0.31622 -0.384863 0.867113 0.400795 -0.930002 -0.306262 0.203222 -0.504304 0.187351 -0.87068 -0.45477 0.485867 
1534334369150 0.117182 0.860758 -0.495342 -0.607293 -0.962692 0.220957 0.156215 -0.230625 0.243912 0.458556 0.854537 0.406675 0.31622 -0.384863 0.867113 0.400795 -0.930002 -0.306262 0.203222 -0.504304 0.187351 -0.87068 -0.45477 0.485867 
1534334369251 0.116699 0.860738 -0.495492 -0.607016 -0.962703 0.220656 0.156572 -0.230757 0.244101 0.458739 0.854385 0.406689 0.31622 -0.384863 0.867113 0.400795 -0.930002 -0.306262 0.203222 -0.504304 0.187351 -0.87068 -0.45477 0.485867 
1534334369299 0.116216 0.860717 -0.495641 -0.606741 -0.962713 0.220355 0.15693 -0.23089 0.244289 0.458922 0.854232 0.406702 0.31622 -0.384863 0.867113 0.400795 -0.930002 -0.306262 0.203222 -0.504304 0.187351 -0.87068 -0.45477 0.485867 
1534334369399 0.115733 0.860696 -0.49579 -0.606466 -0.962724 0.220055 0.157287 -0.231023 0.244477 0.459105 0.85408 0.406716 0.31622 -0.384863 0.867113 0.400795 -0.930002 -0.306262 0.203222 -0.504304 0.187351 -0.87068 -0.45477 0.485867 
1534334369461 0.116226 0.860759 -0.495566 -0.606899 -0.962759 0.220262 0.156779 -0.230732 0.244104 0.458889 0.854303 0.406725 0.31622 -0.384863 0.867113 0.400795 -0.930002 -0.306262 0.203222 -0.504304 0.187351 -0.87068 -0.45477 0.485867 
1534334369473 0.115877 0.860824 -0.495534 -0.606624 -0.962813 0.219933 0.156912 -0.23079 0.244058 0.458924 0.854298 0.406789 0.31622 -0.384863 0.867113 0.400795 -0.930002 -0.306262 0.203222 -0.504304 0.187351 -0.87068 -0.45477 0.485867 
1534334369490 0.115529 0.86089 -0.495501 -0.606344 -0.962866 0.219604 0.157045 -0.230845 0.244013 0.458958 0.854292 0.406854 0.31622 -0.384863 0.867113 0.400795 -0.930002 -0.306262 0.203222 -0.504304 0.187351 -0.87068 -0.45477 0.485867 
1534334369497 0.11518 0.860955 -0.495469 -0.606064 -0.962919 0.219275 0.157178 -0.230901 0.243967 0.458993 0.854287 0.406919 0.31622 -0.384863 0.867113 0.400795 -0.930002 -0.306262 0.203222 -0.504304 0.187351 -0.87068 -0.45477 0.485867 
1534334369650 0.114831 0.861021 -0.495436 -0.605784 -0.962973 0.218945 0.157311 -0.230956 0.243922 0.459028 0.854281 0.406983 0.31622 -0.384863 0.867113 0.400795 -0.930002 -0.306262 0.203222 -0.504304 0.187351 -0.87068 -0.45477 0.485867 
1534334369706 0.114482 0.861086 -0.495404 -0.605506 -0.963026 0.218617 0.157444 -0.231012 0.243876 0.459062 0.854275 0.407048 0.31622 -0.384863 0.867113 0.400795 -0.930002 -0.306262 0.203222 -0.504304 0.187351 -0.87068 -0.45477 0.485867 
1534334369812 0.114133 0.861151 -0.495371 -0.605225 -0.963078 0.218287 0.157577 -0.231067 0.243831 0.459097 0.85427 0.407113 0.31622 -0.384863 0.867113 0.400795 -0.930002 -0.306262 0.203222 -0.504304 0.187351 -0.87068 -0.45477 0.485867 
1534334369858 0.113785 0.861216 -0.495339 -0.604946 -0.963131 0.217958 0.15771 -0.231123 0.243786 0.459131 0.854264 0.407178 0.31622 -0.384863 0.867113 0.400795 -0.930002 -0.306262 0.203222 -0.504304 0.187351 -0.87068 -0.45477 0.485867 
1534334369983 0.113436 0.861281 -0.495306 -0.604667 -0.963184 0.217629 0.157843 -0.231179 0.24374 0.459166 0.854258 0.407242 0.31622 -0.384863 0.867113 0.400795 -0.930002 -0.306262 0.203222 -0.504304 0.187351 -0.87068 -0.45477 0.485867 
1534334370029 0.113086 0.861345 -0.495273 -0.604386 -0.963236 0.2173 0.157976 -0.231234 0.243695 0.4592 0.854253 0.407307 0.31622 -0.384863 0.867113 0.400795 -0.930002 -0.306262 0.203222 -0.504304 0.187351 -0.87068 -0.45477 0.485867 
1534334370157 0.113554 0.861292 -0.49526 -0.604698 -0.963182 0.217701 0.157757 -0.231219 0.243693 0.459111 0.854301 0.407231 0.31622 -0.384863 0.867113 0.400795 -0.930002 -0.306262 0.203222 -0.504304 0.187351 -0.87068 -0.45477 0.485867 
1534334370169 0.113355 0.861337 -0.495226 -0.60449 -0.963244 0.217449 0.157722 -0.231219 0.243539 0.459145 0.854327 0.40726 0.31622 -0.384863 0.867113 0.400795 -0.930002 -0.306262 0.203222 -0.504304 0.187351 -0.87068 -0.45477 0.485867 
1534334370187 0.113158 0.861383 -0.495191 -0.604278 -0.963306 0.217199 0.157688 -0.231217 0.243384 0.459177 0.854354 0.407289 0.31622 -0.384863 0.867113 0.400795 -0.930002 -0.306262 0.203222 -0.504304 0.187351 -0.87068 -0.45477 0.485867 
1534334370202 0.112961 0.861429 -0.495157 -0.604066 -0.963369 0.216948 0.157653 -0.231215 0.24323 0.45921 0.85438 0.407319 0.31622 -0.384863 0.867113 0.400795 -0.930002 -0.306262 0.203222 -0.504304 0.187351 -0.87068 -0.45477 0.485867 
1534334370366 0.112764 0.861475 -0.495122 -0.603855 -0.963431 0.216698 0.157618 -0.231214 0.243076 0.459242 0.854407 0.407348 0.31622 -0.384863 0.867113 0.400795 -0.930002 -0.306262 0.203222 -0.504304 0.187351 -0.87068 -0.45477 0.485867 
1534334370407 0.112566 0.86152 -0.495087 -0.603643 -0.963493 0.216447 0.157583 -0.231211 0.242922 0.459275 0.854433 0.407377 0.31622 -0.384863 0.867113 0.400795 -0.930002 -0.306262 0.203222 -0.504304 0.187351 -0.87068 -0.45477 0.485867 
1534334370510 0.112369 0.861566 -0.495053 -0.603432 -0.963555 0.216197 0.157548 -0.23121 0.242767 0.459307 0.85446 0.407406 0.31622 -0.384863 0.867113 0.400795 -0.930002 -0.306262 0.203222 -0.504304 0.187351 -0.87068 -0.45477 0.485867 
1534334370556 0.112171 0.861612 -0.495018 -0.603219 -0.963616 0.215947 0.157514 -0.231207 0.242613 0.459339 0.854486 0.407436 0.31622 -0.384863 0.867113 0.400795 -0.930002 -0.306262 0.203222 -0.504304 0.187351 -0.87068 -0.45477 0.485867 
1534334370562 0.111974 0.861657 -0.494984 -0.603008 -0.963678 0.215696 0.157479 -0.231206 0.242459 0.459372 0.854512 0.407465 0.31622 -0.384863 0.867113 0.400795 -0.930002 -0.306262 0.203222 -0.504304 0.187351 -0.87068 -0.45477 0.485867 
1534334370698 0.111777 0.861702 -0.494949 -0.602796 -0.96374 0.215446 0.157444 -0.231204 0.242304 0.459404 0.854539 0.407494 0.31622 -0.384863 0.867113 0.400795 -0.930002 -0.306262 0.203222 -0.504304 0.187351 -0.87068 -0.45477 0.485867 
1534334370745 0.111879 0.861597 -0.49511 -0.603153 -0.963678 0.215659 0.157532 -0.231089 0.242504 0.459502 0.854429 0.407379 0.31622 -0.384863 0.867113 0.400795 -0.930002 -0.306262 0.203222 -0.504304 0.187351 -0.87068 -0.45477 0.485867 
1534334370760 0.111435 0.861621 -0.495168 -0.602987 -0.963632 0.215469 0.158069 -0.231149 0.242889 0.459545 0.854297 0.407403 0.31622 -0.384863 0.867113 0.400795 -0.930002 -0.306262 0.203222 -0.504304 0.187351 -0.87068 -0.45477 0.485867 
1534334370776 0.110992 0.861645 -0.495226 -0.602819 -0.963586 0.215281 0.158606 -0.231209 0.243274 0.459589 0.854164 0.407428 0.31622 -0.384863 0.867113 0.400795 -0.930002 -0.306262 0.203222 -0.504304 0.187351 -0.87068 -0.45477 0.485867 
1534334370792 0.110548 0.861669 -0.495283 -0.60265 -0.96354 0.215092 0.159142 -0.231268 0.243659 0.459632 0.854031 0.407452 0.31622 -0.384863 0.867113 0.400795 -0.930002 -0.306262 0.203222 -0.504304 0.187351 -0.87068 -0.45477 0.485867 
1534334370906 0.110104 0.861693 -0.49534 -0.60248 -0.963493 0.214902 0.159679 -0.231326 0.244044 0.459676 0.853897 0.407477 0.31622 -0.384863 0.867113 0.400795 -0.930002 -0.306262 0.203222 -0.504304 0.187351 -0.87068 -0.45477 0.485867 
1534334370936 0.10966 0.861717 -0.495397 -0.60231 -0.963446 0.214714 0.160216 -0.231384 0.244429 0.459719 0.853764 0.407502 0.31622 -0.384863 0.867113 0.400795 -0.930002 -0.306262 0.203222 -0.504304 0.187351 -0.87068 -0.45477 0.485867 
1534334370994 0.109217 0.861741 -0.495454 -0.602142 -0.963399 0.214525 0.160752 -0.231444 0.244814 0.459763 0.85363 0.407526 0.31622 -0.384863 0.867113 0.400795 -0.930002 -0.306262 0.203222 -0.504304 0.187351 -0.87068 -0.45477 0.485867 
1534334371054 0.108773 0.861765 -0.49551 -0.601973 -0.963351 0.214336 0.161289 -0.231503 0.245199 0.459807 0.853496 0.407551 0.31622 -0.384863 0.867113 0.400795 -0.930002 -0.306262 0.203222 -0.504304 0.187351 -0.87068 -0.45477 0.485867 
1534334371099 0.108329 0.861788 -0.495566 -0.601803 -0.963304 0.214147 0.161826 -0.231561 0.245583 0.45985 0.853362 0.407576 0.31622 -0.384863 0.867113 0.400795 -0.930002 -0.306262 0.203222 -0.504304 0.187351 -0.87068 -0.45477 0.485867 
1534334371150 0.107885 0.861812 -0.495622 -0.601634 -0.963255 0.213958 0.162362 -0.23162 0.245968 0.459894 0.853228 0.4076 0.31622 -0.384863 0.867113 0.400795 -0.930002 -0.306262 0.203222 -0.504304 0.187351 -0.87068 -0.45477 0.485867 
1534334371223 0.108936 0.861724 -0.495546 -0.601945 -0.963291 0.214563 0.161351 -0.23158 0.245365 0.459778 0.853464 0.407589 0.31622 -0.384863 0.867113 0.400795 -0.930002 -0.306262 0.203222 -0.504304 0.187351 -0.87068 -0.45477 0.485867 
1534334371234 0.108701 0.861625 -0.495768 -0.601808 -0.963283 0.214465 0.161524 -0.231605 0.245498 0.460007 0.853302 0.407602 0.31622 -0.384863 0.867113 0.400795 -0.930002 -0.306262 0.203222 -0.504304 0.187351 -0.87068 -0.45477 0.485867 
1534334371251 0.108467 0.861527 -0.49599 -0.601669 -0.963276 0.214368 0.161697 -0.23163 0.245631 0.460236 0.85314 0.407615 0.31622 -0.384863 0.867113 0.400795 -0.930002 -0.306262 0.203222 -0.504304 0.187351 -0.87068 -0.45477 0.485867 
1534334371267 0.108233 0.861429 -0.496212 -0.601528 -0.963268 0.214271 0.161871 -0.231654 0.245764 0.460466 0.852978 0.407629 0.31622 -0.384863 0.867113 0.400795 -0.930002 -0.306262 0.203222 -0.504304 0.187351 -0.87068 -0.45477 0.485867 
1534334371284 0.107998 0.86133 -0.496434 -0.601387 -0.963261 0.214174 0.162045 -0.231677 0.245897 0.460695 0.852816 0.407642 0.31622 -0.384863 0.867113 0.400795 -0.930002 -0.306262 0.203222 -0.504304 0.187351 -0.87068 -0.45477 0.485867 
1534334371396 0.107763 0.861232 -0.496656 -0.601245 -0.963253 0.214077 0.162219 -0.231701 0.24603 0.460924 0.852654 0.407656 0.31622 -0.384863 0.867113 0.400795 -0.930002 -0.306262 0.203222 -0.504304 0.187351 -0.87068 -0.45477 0.485867 
1534334371431 0.107529 0.861133 -0.496878 -0.601105 -0.963245 0.21398 0.162392 -0.231725 0.246163 0.461153 0.852491 0.407669 0.31622 -0.384863 0.867113 0.400795 -0.930002 -0.306262 0.203222 -0.504304 0.187351 -0.87068 -0.45477 0.485867 
1534334371473 0.107294 0.861034 -0.497099 -0.600966 -0.963237 0.213884 0.162566 -0.231749 0.246296 0.461382 0.852329 0.407682 0.31622 -0.384863 0.867113 0.400795 -0.930002 -0.306262 0.203222 -0.504304 0.187351 -0.87068 -0.45477 0.485867 
1534334371546 0.107059 0.860936 -0.497321 -0.600824 -0.963229 0.213787 0.16274 -0.231772 0.246429 0.461611 0.852166 0.407696 0.31622 -0.384863 0.867113 0.400795 -0.930002 -0.306262 0.203222 -0.504304 0.187351 -0.87068 -0.45477 0.485867 
1534334371590 0.106825 0.860837 -0.497543 -0.600684 -0.963222 0.21369 0.162913 -0.231796 0.246562 0.46184 0.852004 0.407709 0.31622 -0.384863 0.867113 0.400795 -0.930002 -0.306262 0.203222 -0.504304 0.187351 -0.87068 -0.45477 0.485867 
1534334371645 0.107259 0.860977 -0.497206 -0.600994 -0.96325 0.213857 0.162526 -0.231717 0.246262 0.461501 0.852274 0.407625 0.31622 -0.384863 0.867113 0.400795 -0.930002 -0.306262 0.203222 -0.504304 0.187351 -0.87068 -0.45477 0.485867 
1534334371657 0.107162 0.861013 -0.497165 -0.600892 -0.963269 0.213752 0.162555 -0.231731 0.246231 0.461484 0.852292 0.407618 0.31622 -0.384863 0.867113 0.400795 -0.930002 -0.306262 0.203222 -0.504304 0.187351 -0.87068 -0.45477 0.485867 
1534334371674 0.107068 0.861048 -0.497125 -0.600786 -0.963287 0.213648 0.162583 -0.231743 0.246201 0.461466 0.852311 0.407612 0.31622 -0.384863 0.867113 0.400795 -0.930002 -0.306262 0.203222 -0.504304 0.187351 -0.87068 -0.45477 0.485867 
1534334371691 0.106973 0.861083 -0.497084 -0.600679 -0.963305 0.213544 0.162611 -0.231755 0.24617 0.461448 0.85233 0.407606 0.31622 -0.384863 0.867113 0.400795 -0.930002 -0.306262 0.203222 -0.504304 0.187351 -0.87068 -0.45477 0.485867 
1534334371707 0.106878 0.861119 -0.497043 -0.600575 -0.963324 0.21344 0.162639 -0.231768 0.24614 0.46143 0.852348 0.407599 0.31622 -0.384863 0.867113 0.400795 -0.930002 -0.306262 0.203222 -0.504304 0.187351 -0.87068 -0.45477 0.485867 
1534334371724 0.106783 0.861154 -0.497002 -0.600468 -0.963342 0.213335 0.162667 -0.231779 0.246109 0.461412 0.852367 0.407593 0.31622 -0.384863 0.867113 0.400795 -0.930002 -0.306262 0.203222 -0.504304 0.187351 -0.87068 -0.45477 0.485867 
1534334371785 0.106689 0.86119 -0.496961 -0.600363 -0.96336 0.213231 0.162695 -0.231792 0.246079 0.461394 0.852385 0.407586 0.31622 -0.384863 0.867113 0.400795 -0.930002 -0.306262 0.203222 -0.504304 0.187351 -0.87068 -0.45477 0.485867 
1534334371799 0.106593 0.861225 -0.49692 -0.600256 -0.963379 0.213127 0.162723 -0.231803 0.246048 0.461377 0.852404 0.40758 0.31622 -0.384863 0.867113 0.400795 -0.930002 -0.306262 0.203222 -0.504304 0.187351 -0.87068 -0.45477 0.485867 
1534334371864 0.106499 0.86126 -0.496879 -0.60015 -0.963397 0.213023 0.162751 -0.231816 0.246017 0.461359 0.852422 0.407573 0.31622 -0.384863 0.867113 0.400795 -0.930002 -0.306262 0.203222 -0.504304 0.187351 -0.87068 -0.45477 0.485867 
1534334371887 0.106404 0.861296 -0.496838 -0.600045 -0.963415 0.212918 0.162779 -0.231828 0.245987 0.461341 0.852441 0.407567 0.31622 -0.384863 0.867113 0.400795 -0.930002 -0.306262 0.203222 -0.504304 0.187351 -0.87068 -0.45477 0.485867 
1534334371919 0.106799 0.861015 -0.497239 -0.600386 -0.96338 0.213319 0.162463 -0.231832 0.245954 0.461679 0.852267 0.407436 0.31622 -0.384863 0.867113 0.400795 -0.930002 -0.306262 0.203222 -0.504304 0.187351 -0.87068 -0.45477 0.485867 
1534334371932 0.106768 0.861086 -0.497123 -0.600301 -0.963435 0.213172 0.162326 -0.231833 0.245749 0.461615 0.852361 0.407421 0.31622 -0.384863 0.867113 0.400795 -0.930002 -0.306262 0.203222 -0.504304 0.187351 -0.87068 -0.45477 0.485867 
1534334371947 0.106738 0.861157 -0.497007 -0.600213 -0.963491 0.213027 0.162188 -0.231833 0.245545 0.46155 0.852455 0.407405 0.31622 -0.384863 0.867113 0.400795 -0.930002 -0.306262 0.203222 -0.504304 0.187351 -0.87068 -0.45477 0.485867 
1534334371964 0.106707 0.861228 -0.49689 -0.600124 -0.963546 0.21288 0.16205 -0.231832 0.24534 0.461485 0.852549 0.40739 0.31622 -0.384863 0.867113 0.400795 -0.930002 -0.306262 0.203222 -0.504304 0.187351 -0.87068 -0.45477 0.485867 
1534334371986 0.106677 0.861299 -0.496773 -0.600035 -0.963602 0.212734 0.161912 -0.231831 0.245135 0.46142 0.852643 0.407375 0.31622 -0.384863 0.867113 0.400795 -0.930002 -0.306262 0.203222 -0.504304 0.187351 -0.87068 -0.45477 0.485867 
1534334371997 0.106646 0.86137 -0.496657 -0.599945 -0.963657 0.212587 0.161775 -0.23183 0.244931 0.461354 0.852737 0.40736 0.31622 -0.384863 0.867113 0.400795 -0.930002 -0.306262 0.203222 -0.504304 0.187351 -0.87068 -0.45477 0.485867 
1534334372014 0.106615 0.861441 -0.49654 -0.599857 -0.963713 0.212441 0.161637 -0.231829 0.244726 0.461289 0.852831 0.407344 0.31622 -0.384863 0.867113 0.400795 -0.930002 -0.306262 0.203222 -0.504304 0.187351 -0.87068 -0.45477 0.485867 
1534334372031 0.106585 0.861512 -0.496424 -0.599769 -0.963768 0.212295 0.161499 -0.231829 0.244521 0.461224 0.852925 0.407329 0.31622 -0.384863 0.867113 0.400795 -0.930002 -0.306262 0.203222 -0.504304 0.187351 -0.87068 -0.45477 0.485867 
1534334372111 0.106553 0.861583 -0.496307 -0.599679 -0.963824 0.212148 0.161361 -0.231827 0.244317 0.461159 0.853019 0.407314 0.31622 -0.384863 0.867113 0.400795 -0.930002 -0.306262 0.203222 -0.504304 0.187351 -0.87068 -0.45477 0.485867 
1534334372123 0.106523 0.861654 -0.496191 -0.599591 -0.963879 0.212002 0.161223 -0.231827 0.244112 0.461094 0.853113 0.407299 0.31622 -0.384863 0.867113 0.400795 -0.930002 -0.306262 0.203222 -0.504304 0.187351 -0.87068 -0.45477 0.485867 
1534334372150 0.106636 0.861411 -0.496588 -0.599943 -0.963642 0.212596 0.161853 -0.231781 0.244994 0.461274 0.852763 0.407372 0.31622 -0.384863 0.867113 0.400795 -0.930002 -0.306262 0.203222 -0.504304 0.187351 -0.87068 -0.45477 0.485867 
1534334372165 0.106539 0.861438 -0.496562 -0.59987 -0.963685 0.212447 0.161793 -0.231788 0.244868 0.461292 0.852789 0.407385 0.31622 -0.384863 0.867113 0.400795 -0.930002 -0.306262 0.203222 -0.504304 0.187351 -0.87068 -0.45477 0.485867 
1534334372191 0.106443 0.861464 -0.496537 -0.599791 -0.963728 0.212299 0.161731 -0.231793 0.24474 0.461312 0.852815 0.407399 0.31622 -0.384863 0.867113 0.400795 -0.930002 -0.306262 0.203222 -0.504304 0.187351 -0.87068 -0.45477 0.485867 
1534334372198 0.106348 0.861491 -0.496512 -0.599714 -0.963771 0.212151 0.16167 -0.231798 0.244613 0.461331 0.852842 0.407412 0.31622 -0.384863 0.867113 0.400795 -0.930002 -0.306262 0.203222 -0.504304 0.187351 -0.87068 -0.45477 0.485867 
1534334372210 0.106253 0.861517 -0.496487 -0.599635 -0.963814 0.212003 0.161608 -0.231803 0.244485 0.46135 0.852868 0.407426 0.31622 -0.384863 0.867113 0.400795 -0.930002 -0.306262 0.203222 -0.504304 0.187351 -0.87068 -0.45477 0.485867 
1534334372226 0.106157 0.861543 -0.496462 -0.599558 -0.963857 0.211855 0.161547 -0.231808 0.244358 0.461369 0.852894 0.407439 0.31622 -0.384863 0.867113 0.400795 -0.930002 -0.306262 0.203222 -0.504304 0.187351 -0.87068 -0.45477 0.485867 
1534334372243 0.106062 0.861569 -0.496437 -0.59948 -0.9639 0.211707 0.161486 -0.231813 0.24423 0.461388 0.85292 0.407453 0.31622 -0.384863 0.867113 0.400795 -0.930002 -0.306262 0.203222 -0.504304 0.187351 -0.87068 -0.45477 0.485867 
1534334372260 0.105967 0.861595 -0.496412 -0.599402 -0.963942 0.211559 0.161424 -0.231818 0.244103 0.461407 0.852947 0.407466 0.31622 -0.384863 0.867113 0.400795 -0.930002 -0.306262 0.203222 -0.504304 0.187351 -0.87068 -0.45477 0.485867 
1534334372278 0.105871 0.861622 -0.496387 -0.599325 -0.963985 0.211411 0.161362 -0.231823 0.243975 0.461426 0.852973 0.40748 0.31622 -0.384863 0.867113 0.400795 -0.930002 -0.306262 0.203222 -0.504304 0.187351 -0.87068 -0.45477 0.485867 
1534334372343 0.105775 0.861648 -0.496361 -0.599246 -0.964028 0.211263 0.161301 -0.231828 0.243847 0.461445 0.852999 0.407493 0.31622 -0.384863 0.867113 0.400795 -0.930002 -0.306262 0.203222 -0.504304 0.187351 -0.87068 -0.45477 0.485867 
1534334372371 0.106147 0.861635 -0.496304 -0.599572 -0.963896 0.211744 0.161456 -0.231722 0.244206 0.461247 0.853003 0.40738 0.31622 -0.384863 0.867113 0.400795 -0.930002 -0.306262 0.203222 -0.504304 0.187351 -0.87068 -0.45477 0.485867 
1534334372380 0.106018 0.861746 -0.496139 -0.599507 -0.963905 0.211612 0.161578 -0.231747 0.244228 0.461101 0.853076 0.407381 0.31622 -0.384863 0.867113 0.400795 -0.930002 -0.306262 0.203222 -0.504304 0.187351 -0.87068 -0.45477 0.485867 
1534334372396 0.105887 0.861857 -0.495973 -0.599436 -0.963914 0.21148 0.1617 -0.23177 0.244251 0.460953 0.853149 0.407381 0.31622 -0.384863 0.867113 0.400795 -0.930002 -0.306262 0.203222 -0.504304 0.187351 -0.87068 -0.45477 0.485867 
1534334372413 0.105757 0.861968 -0.495808 -0.599366 -0.963922 0.211348 0.161823 -0.231793 0.244274 0.460807 0.853222 0.407382 0.31622 -0.384863 0.867113 0.400795 -0.930002 -0.306262 0.203222 -0.504304 0.187351 -0.87068 -0.45477 0.485867 
1534334372431 0.105627 0.862079 -0.495643 -0.599296 -0.96393 0.211215 0.161946 -0.231816 0.244297 0.46066 0.853294 0.407382 0.31622 -0.384863 0.867113 0.400795 -0.930002 -0.306262 0.203222 -0.504304 0.187351 -0.87068 -0.45477 0.485867 
1534334372436 0.105497 0.86219 -0.495478 -0.599227 -0.963939 0.211083 0.162068 -0.231839 0.244321 0.460513 0.853367 0.407383 0.31622 -0.384863 0.867113 0.400795 -0.930002 -0.306262 0.203222 -0.504304 0.187351 -0.87068 -0.45477 0.485867 
1534334372499 0.105367 0.862301 -0.495313 -0.599157 -0.963947 0.210951 0.162191 -0.231862 0.244344 0.460366 0.85344 0.407383 0.31622 -0.384863 0.867113 0.400795 -0.930002 -0.306262 0.203222 -0.504304 0.187351 -0.87068 -0.45477 0.485867 
1534334372515 0.105237 0.862412 -0.495148 -0.599087 -0.963955 0.210819 0.162313 -0.231885 0.244367 0.460219 0.853512 0.407384 0.31622 -0.384863 0.867113 0.400795 -0.930002 -0.306262 0.203222 -0.504304 0.187351 -0.87068 -0.45477 0.485867 
1534334372522 0.105107 0.862522 -0.494983 -0.599018 -0.963964 0.210687 0.162435 -0.231908 0.24439 0.460072 0.853585 0.407384 0.31622 -0.384863 0.867113 0.400795 -0.930002 -0.306262 0.203222 -0.504304 0.187351 -0.87068 -0.45477 0.485867 
1534334372575 0.104977 0.862633 -0.494817 -0.598947 -0.963972 0.210555 0.162558 -0.231931 0.244414 0.459925 0.853657 0.407385 0.31622 -0.384863 0.867113 0.400795 -0.930002 -0.306262 0.203222 -0.504304 0.187351 -0.87068 -0.45477 0.485867 
1534334372610 0.105421 0.862349 -0.495217 -0.599252 -0.963948 0.210967 0.162165 -0.231788 0.244317 0.460268 0.8535 0.407457 0.31622 -0.384863 0.867113 0.400795 -0.930002 -0.306262 0.203222 -0.504304 0.187351 -0.87068 -0.45477 0.485867 
1534334372621 0.105159 0.86238 -0.49522 -0.599141 -0.963981 0.210733 0.162273 -0.231833 0.244301 0.460318 0.853478 0.407478 0.31622 -0.384863 0.867113 0.400795 -0.930002 -0.306262 0.203222 -0.504304 0.187351 -0.87068 -0.45477 0.485867 
1534334372629 0.104897 0.86241 -0.495222 -0.599027 -0.964014 0.2105 0.162381 -0.231877 0.244283 0.460368 0.853456 0.4075 0.31622 -0.384863 0.867113 0.400795 -0.930002 -0.306262 0.203222 -0.504304 0.187351 -0.87068 -0.45477 0.485867 
1534334372641 0.104636 0.86244 -0.495225 -0.598912 -0.964046 0.210267 0.162488 -0.23192 0.244266 0.460418 0.853434 0.407522 0.31622 -0.384863 0.867113 0.400795 -0.930002 -0.306262 0.203222 -0.504304 0.187351 -0.87068 -0.45477 0.485867 
1534334372658 0.104375 0.86247 -0.495228 -0.598797 -0.964079 0.210034 0.162596 -0.231963 0.244249 0.460468 0.853412 0.407544 0.31622 -0.384863 0.867113 0.400795 -0.930002 -0.306262 0.203222 -0.504304 0.187351 -0.87068 -0.45477 0.485867 
1534334372675 0.104114 0.8625 -0.495231 -0.598683 -0.964112 0.209801 0.162703 -0.232007 0.244232 0.460518 0.85339 0.407566 0.31622 -0.384863 0.867113 0.400795 -0.930002 -0.306262 0.203222 -0.504304 0.187351 -0.87068 -0.45477 0.485867 
1534334372722 0.103853 0.86253 -0.495234 -0.598568 -0.964144 0.209568 0.162811 -0.23205 0.244214 0.460569 0.853367 0.407588 0.31622 -0.384863 0.867113 0.400795 -0.930002 -0.306262 0.203222 -0.504304 0.187351 -0.87068 -0.45477 0.485867 
1534334372774 0.103592 0.86256 -0.495237 -0.598454 -0.964177 0.209335 0.162918 -0.232094 0.244197 0.460619 0.853345 0.40761 0.31622 -0.384863 0.867113 0.400795 -0.930002 -0.306262 0.203222 -0.504304 0.187351 -0.87068 -0.45477 0.485867 
1534334372804 0.103331 0.862589 -0.49524 -0.598338 -0.964209 0.209102 0.163026 -0.232137 0.24418 0.460669 0.853323 0.407632 0.31622 -0.384863 0.867113 0.400795 -0.930002 -0.306262 0.203222 -0.504304 0.187351 -0.87068 -0.45477 0.485867 
1534334372829 0.103069 0.862619 -0.495242 -0.598223 -0.964241 0.208869 0.163133 -0.23218 0.244162 0.460719 0.853301 0.407654 0.31622 -0.384863 0.867113 0.400795 -0.930002 -0.306262 0.203222 -0.504304 0.187351 -0.87068 -0.45477 0.485867 
1534334372872 0.104034 0.862483 -0.495278 -0.598571 -0.964114 0.209753 0.162752 -0.23213 0.244257 0.460573 0.853353 0.407578 0.31622 -0.384863 0.867113 0.400795 -0.930002 -0.306262 0.203222 -0.504304 0.187351 -0.87068 -0.45477 0.485867 
1534334372887 0.103789 0.862551 -0.495211 -0.5984 -0.964166 0.20948 0.162793 -0.232186 0.244154 0.46057 0.853384 0.407565 0.31622 -0.384863 0.867113 0.400795 -0.930002 -0.306262 0.203222 -0.504304 0.187351 -0.87068 -0.45477 0.485867 
1534334372904 0.103544 0.862618 -0.495145 -0.598226 -0.964219 0.209206 0.162833 -0.23224 0.24405 0.460568 0.853415 0.407551 0.31622 -0.384863 0.867113 0.400795 -0.930002 -0.306262 0.203222 -0.504304 0.187351 -0.87068 -0.45477 0.485867 
1534334372921 0.103298 0.862685 -0.49508 -0.598051 -0.964272 0.208932 0.162873 -0.232294 0.243946 0.460567 0.853445 0.407538 0.31622 -0.384863 0.867113 0.400795 -0.930002 -0.306262 0.203222 -0.504304 0.187351 -0.87068 -0.45477 0.485867 
1534334372939 0.103053 0.862752 -0.495014 -0.597876 -0.964324 0.208658 0.162912 -0.232348 0.243842 0.460565 0.853476 0.407525 0.31622 -0.384863 0.867113 0.400795 -0.930002 -0.306262 0.203222 -0.504304 0.187351 -0.87068 -0.45477 0.485867 
1534334372967 0.102807 0.862819 -0.494948 -0.5977 -0.964377 0.208384 0.162952 -0.232401 0.243738 0.460563 0.853506 0.407512 0.31622 -0.384863 0.867113 0.400795 -0.930002 -0.306262 0.203222 -0.504304 0.187351 -0.87068 -0.45477 0.485867 
1534334373069 0.102562 0.862886 -0.494882 -0.597526 -0.964429 0.20811 0.162992 -0.232455 0.243634 0.460562 0.853537 0.407499 0.31622 -0.384863 0.867113 0.400795 -0.930002 -0.306262 0.203222 -0.504304 0.187351 -0.87068 -0.45477 0.485867 
1534334373099 0.102316 0.862953 -0.494816 -0.597351 -0.964482 0.207836 0.163032 -0.23251 0.24353 0.46056 0.853568 0.407486 0.31622 -0.384863 0.867113 0.400795 -0.930002 -0.306262 0.203222 -0.504304 0.187351 -0.87068 -0.45477 0.485867 
1534334373128 0.10207 0.86302 -0.49475 -0.597175 -0.964534 0.207562 0.163072 -0.232563 0.243426 0.460558 0.853598 0.407473 0.31622 -0.384863 0.867113 0.400795 -0.930002 -0.306262 0.203222 -0.504304 0.187351 -0.87068 -0.45477 0.485867 
1534334373135 0.101825 0.863087 -0.494684 -0.597001 -0.964586 0.207288 0.163112 -0.232617 0.243322 0.460557 0.853629 0.40746 0.31622 -0.384863 0.867113 0.400795 -0.930002 -0.306262 0.203222 -0.504304 0.187351 -0.87068 -0.45477 0.485867 
1534334373265 0.102409 0.862905 -0.494882 -0.597403 -0.964464 0.207943 0.162999 -0.232495 0.24356 0.460603 0.853536 0.40748 0.31622 -0.384863 0.867113 0.400795 -0.930002 -0.306262 0.203222 -0.504304 0.187351 -0.87068 -0.45477 0.485867 
1534334373275 0.102308 0.863098 -0.494565 -0.597239 -0.964492 0.207764 0.163064 -0.232521 0.243493 0.460321 0.853707 0.407461 0.31622 -0.384863 0.867113 0.400795 -0.930002 -0.306262 0.203222 -0.504304 0.187351 -0.87068 -0.45477 0.485867 
1534334373292 0.102207 0.863291 -0.494249 -0.59707 -0.964519 0.207586 0.163128 -0.232545 0.243426 0.460039 0.853878 0.407442 0.31622 -0.384863 0.867113 0.400795 -0.930002 -0.306262 0.203222 -0.504304 0.187351 -0.87068 -0.45477 0.485867 
1534334373308 0.102107 0.863484 -0.493932 -0.596902 -0.964547 0.207407 0.163193 -0.232569 0.243359 0.459758 0.854049 0.407423 0.31622 -0.384863 0.867113 0.400795 -0.930002 -0.306262 0.203222 -0.504304 0.187351 -0.87068 -0.45477 0.485867 
1534334373379 0.102007 0.863677 -0.493616 -0.596735 -0.964574 0.207229 0.163257 -0.232594 0.243293 0.459476 0.854219 0.407404 0.31622 -0.384863 0.867113 0.400795 -0.930002 -0.306262 0.203222 -0.504304 0.187351 -0.87068 -0.45477 0.485867 
1534334373385 0.101906 0.86387 -0.493299 -0.596566 -0.964602 0.20705 0.163321 -0.232617 0.243226 0.459194 0.85439 0.407385 0.31622 -0.384863 0.867113 0.400795 -0.930002 -0.306262 0.203222 -0.504304 0.187351 -0.87068 -0.45477 0.485867 
1534334373499 0.101806 0.864063 -0.492982 -0.596398 -0.964629 0.206872 0.163385 -0.232642 0.24316 0.458911 0.854561 0.407366 0.31622 -0.384863 0.867113 0.400795 -0.930002 -0.306262 0.203222 -0.504304 0.187351 -0.87068 -0.45477 0.485867 
1534334373534 0.101705 0.864255 -0.492665 -0.596229 -0.964656 0.206694 0.16345 -0.232665 0.243093 0.458629 0.854731 0.407347 0.31622 -0.384863 0.867113 0.400795 -0.930002 -0.306262 0.203222 -0.504304 0.187351 -0.87068 -0.45477 0.485867 
