1533829617646 0.098546 0.882146 -0.460551 -0.532758 -0.990597 0.131094 0.0391376 -0.22109 0.0949005 0.452363 0.88677 0.378151 0.16008 -0.304787 0.938871 0.370831 -0.775623 0.549475 0.310623 -0.528794 -0.61056 -0.777934 -0.14844 0.432481 
1533829617659 0.121151 0.890974 -0.437593 -0.538548 -0.987412 0.15333 0.0388188 -0.220547 0.101683 0.427382 0.898335 0.374607 0.316231 -0.384871 0.867106 0.40083 -0.930001 -0.306257 0.203234 -0.504368 0.187338 -0.870678 -0.454779 0.485897 
1533829617665 0.143892 0.898679 -0.414333 -0.544251 -0.983706 0.1755 0.0390277 -0.219914 0.107789 0.401966 0.909288 0.370969 0.316231 -0.384871 0.867106 0.40083 -0.930001 -0.306257 0.203234 -0.504368 0.187338 -0.870678 -0.454779 0.485897 
1533829618875 0.166706 0.905254 -0.3908 -0.549954 -0.979481 0.197564 0.0398146 -0.219282 0.11325 0.376144 0.919614 0.367332 0.316231 -0.384871 0.867106 0.40083 -0.930001 -0.306257 0.203234 -0.504368 0.187338 -0.870678 -0.454779 0.485897 
1533829619524 0.189566 0.910692 -0.367022 -0.555657 -0.974744 0.219495 0.0411782 -0.218649 0.11806 0.349947 0.9293 0.363696 0.316231 -0.384871 0.867106 0.40083 -0.930001 -0.306257 0.203234 -0.504368 0.187338 -0.870678 -0.454779 0.485897 
1533829620172 0.212445 0.914985 -0.343029 -0.561361 -0.9695 0.241267 0.0431168 -0.218016 0.122213 0.323407 0.938335 0.36006 0.316231 -0.384871 0.867106 0.40083 -0.930001 -0.306257 0.203234 -0.504368 0.187338 -0.870678 -0.454779 0.485897 
1533829620821 0.235314 0.91813 -0.318849 -0.567064 -0.963756 0.262854 0.0456281 -0.217383 0.125703 0.296556 0.946707 0.356424 0.316231 -0.384871 0.867106 0.40083 -0.930001 -0.306257 0.203234 -0.504368 0.187338 -0.870678 -0.454779 0.485897 
1533829621465 0.258146 0.920122 -0.294511 -0.572767 -0.957518 0.284229 0.048709 -0.216749 0.128527 0.269426 0.954406 0.352788 0.316231 -0.384871 0.867106 0.40083 -0.930001 -0.306257 0.203234 -0.504368 0.187338 -0.870678 -0.454779 0.485897 
1533829622104 0.280913 0.920958 -0.270046 -0.578469 -0.950795 0.305366 0.0523555 -0.216114 0.13068 0.242051 0.961423 0.349152 0.316231 -0.384871 0.867106 0.40083 -0.930001 -0.306257 0.203234 -0.504368 0.187338 -0.870678 -0.454779 0.485897 
1533829622744 0.30353 0.920605 -0.245677 -0.584008 -0.943575 0.326255 0.0567768 -0.215554 0.132422 0.214581 0.967688 0.346585 0.316442 -0.385045 0.866951 0.401525 -0.929984 -0.306148 0.203478 -0.505625 0.187068 -0.87064 -0.454964 0.486487 
1533829623387 0.302312 0.920685 -0.246871 -0.583861 -0.943903 0.325248 0.0571038 -0.215593 0.132869 0.215759 0.967364 0.346662 0.316442 -0.385045 0.866951 0.401525 -0.929984 -0.306148 0.203478 -0.505625 0.187068 -0.87064 -0.454964 0.486487 
1533829623398 0.304706 0.92059 -0.244273 -0.584448 -0.943128 0.327422 0.0574936 -0.215509 0.132908 0.212861 0.968001 0.346164 0.31622 -0.384863 0.867113 0.400795 -0.930002 -0.306262 0.203222 -0.504304 0.187351 -0.87068 -0.454769 0.485867 
1533829623760 0.3071 0.92048 -0.241672 -0.585032 -0.942347 0.329594 0.0578874 -0.215423 0.132938 0.209962 0.96863 0.345662 0.31622 -0.384863 0.867113 0.400795 -0.930002 -0.306262 0.203222 -0.504304 0.187351 -0.87068 -0.454769 0.485867 
1533829623981 0.309493 0.920358 -0.239071 -0.585615 -0.94156 0.331763 0.0582871 -0.215337 0.13296 0.20706 0.969251 0.345159 0.31622 -0.384863 0.867113 0.400795 -0.930002 -0.306262 0.203222 -0.504304 0.187351 -0.87068 -0.454769 0.485867 
1533829624202 0.311884 0.920223 -0.236469 -0.586199 -0.940769 0.33393 0.0586932 -0.215251 0.132975 0.204157 0.969865 0.344657 0.31622 -0.384863 0.867113 0.400795 -0.930002 -0.306262 0.203222 -0.504304 0.187351 -0.87068 -0.454769 0.485867 
1533829624424 0.314273 0.920076 -0.233866 -0.586783 -0.939972 0.336093 0.0591054 -0.215165 0.132982 0.201252 0.970471 0.344155 0.31622 -0.384863 0.867113 0.400795 -0.930002 -0.306262 0.203222 -0.504304 0.187351 -0.87068 -0.454769 0.485867 
1533829624650 0.316661 0.919915 -0.231262 -0.587367 -0.939171 0.338253 0.0595238 -0.215079 0.132982 0.198346 0.971069 0.343653 0.31622 -0.384863 0.867113 0.400795 -0.930002 -0.306262 0.203222 -0.504304 0.187351 -0.87068 -0.454769 0.485867 
1533829624871 0.319047 0.919742 -0.228658 -0.58795 -0.938364 0.34041 0.0599481 -0.214993 0.132974 0.195438 0.971659 0.34315 0.31622 -0.384863 0.867113 0.400795 -0.930002 -0.306262 0.203222 -0.504304 0.187351 -0.87068 -0.454769 0.485867 
1533829625090 0.321431 0.919556 -0.226052 -0.588534 -0.937552 0.342564 0.0603788 -0.214907 0.132959 0.192528 0.972242 0.342648 0.31622 -0.384863 0.867113 0.400795 -0.930002 -0.306262 0.203222 -0.504304 0.187351 -0.87068 -0.454769 0.485867 
1533829625097 0.323813 0.919357 -0.223446 -0.589119 -0.936735 0.344715 0.0608158 -0.214822 0.132937 0.189617 0.972817 0.342146 0.31622 -0.384863 0.867113 0.400795 -0.930002 -0.306262 0.203222 -0.504304 0.187351 -0.87068 -0.454769 0.485867 
1533829625430 0.323142 0.919456 -0.224008 -0.588933 -0.93702 0.344021 0.0603644 -0.214972 0.132566 0.190393 0.972716 0.342332 0.31622 -0.384863 0.867113 0.400795 -0.930002 -0.306262 0.203222 -0.504304 0.187351 -0.87068 -0.454769 0.485867 
1533829625443 0.323841 0.91943 -0.223106 -0.589029 -0.936864 0.344521 0.0599206 -0.214966 0.131958 0.189615 0.972951 0.342166 0.31622 -0.384863 0.867113 0.400795 -0.930002 -0.306262 0.203222 -0.504304 0.187351 -0.87068 -0.454769 0.485867 
1533829625459 0.324539 0.919402 -0.222203 -0.589122 -0.936708 0.345023 0.0594773 -0.214959 0.131349 0.188837 0.973185 0.341997 0.31622 -0.384863 0.867113 0.400795 -0.930002 -0.306262 0.203222 -0.504304 0.187351 -0.87068 -0.45477 0.485867 
1533829625623 0.325237 0.919373 -0.2213 -0.589215 -0.936551 0.345524 0.0590342 -0.214952 0.130739 0.188059 0.973417 0.341827 0.31622 -0.384863 0.867113 0.400795 -0.930002 -0.306262 0.203222 -0.504304 0.187351 -0.87068 -0.45477 0.485867 
1533829625759 0.325934 0.919343 -0.220397 -0.589308 -0.936394 0.346026 0.0585917 -0.214945 0.130129 0.187281 0.973649 0.341657 0.31622 -0.384863 0.867113 0.400795 -0.930002 -0.306262 0.203222 -0.504304 0.187351 -0.87068 -0.45477 0.485867 
1533829625893 0.326631 0.919312 -0.219493 -0.589401 -0.936236 0.346528 0.0581498 -0.214938 0.129518 0.186504 0.97388 0.341487 0.31622 -0.384863 0.867113 0.400795 -0.930002 -0.306262 0.203222 -0.504304 0.187351 -0.87068 -0.45477 0.485867 
1533829626021 0.327327 0.91928 -0.218589 -0.589495 -0.936077 0.34703 0.0577083 -0.21493 0.128907 0.185726 0.974109 0.341317 0.31622 -0.384863 0.867113 0.400795 -0.930002 -0.306262 0.203222 -0.504304 0.187351 -0.87068 -0.45477 0.485867 
1533829626155 0.328022 0.919247 -0.217684 -0.589588 -0.935918 0.347532 0.0572672 -0.214923 0.128295 0.184949 0.974338 0.341148 0.31622 -0.384863 0.867113 0.400795 -0.930002 -0.306262 0.203222 -0.504304 0.187351 -0.87068 -0.45477 0.485867 
1533829626289 0.328717 0.919213 -0.216778 -0.589681 -0.935758 0.348035 0.0568266 -0.214916 0.127682 0.184172 0.974565 0.340978 0.31622 -0.384863 0.867113 0.400795 -0.930002 -0.306262 0.203222 -0.504304 0.187351 -0.87068 -0.45477 0.485867 
1533829626424 0.32941 0.919178 -0.215873 -0.589773 -0.935597 0.348537 0.0563864 -0.214908 0.127069 0.183395 0.974792 0.340808 0.31622 -0.384863 0.867113 0.400795 -0.930002 -0.306262 0.203222 -0.504304 0.187351 -0.87068 -0.45477 0.485867 
1533829626578 0.329198 0.919103 -0.216513 -0.589725 -0.935602 0.348469 0.0567227 -0.21499 0.127582 0.183897 0.974631 0.34088 0.31622 -0.384863 0.867113 0.400795 -0.930002 -0.306262 0.203222 -0.504304 0.187351 -0.87068 -0.45477 0.485867 
1533829626589 0.329348 0.91906 -0.21647 -0.589738 -0.935599 0.348543 0.0563312 -0.214984 0.127221 0.183976 0.974663 0.340912 0.31622 -0.384863 0.867113 0.400795 -0.930002 -0.306262 0.203222 -0.504304 0.187351 -0.87068 -0.45477 0.485867 
1533829626606 0.329499 0.919015 -0.216427 -0.589748 -0.935595 0.348617 0.0559378 -0.214975 0.126858 0.184057 0.974695 0.34094 0.31622 -0.384863 0.867113 0.400795 -0.930002 -0.306262 0.203222 -0.504304 0.187351 -0.87068 -0.45477 0.485867 
1533829626623 0.329651 0.918971 -0.216385 -0.589757 -0.93559 0.348691 0.0555443 -0.214967 0.126495 0.184138 0.974727 0.340967 0.31622 -0.384863 0.867113 0.400795 -0.930002 -0.306262 0.203222 -0.504304 0.187351 -0.87068 -0.45477 0.485867 
1533829626688 0.329802 0.918927 -0.216343 -0.589766 -0.935586 0.348765 0.0551509 -0.214958 0.126132 0.184218 0.974759 0.340995 0.31622 -0.384863 0.867113 0.400795 -0.930002 -0.306262 0.203222 -0.504304 0.187351 -0.87068 -0.45477 0.485867 
1533829626721 0.329953 0.918882 -0.2163 -0.589776 -0.935581 0.348839 0.0547575 -0.21495 0.12577 0.184299 0.97479 0.341023 0.31622 -0.384863 0.867113 0.400795 -0.930002 -0.306262 0.203222 -0.504304 0.187351 -0.87068 -0.45477 0.485867 
1533829626760 0.330105 0.918838 -0.216257 -0.589785 -0.935577 0.348913 0.0543639 -0.214941 0.125407 0.18438 0.974822 0.341051 0.31622 -0.384863 0.867113 0.400795 -0.930002 -0.306262 0.203222 -0.504304 0.187351 -0.87068 -0.45477 0.485867 
1533829626766 0.330256 0.918794 -0.216215 -0.589794 -0.935572 0.348988 0.0539705 -0.214932 0.125044 0.18446 0.974853 0.341078 0.31622 -0.384863 0.867113 0.400795 -0.930002 -0.306262 0.203222 -0.504304 0.187351 -0.87068 -0.45477 0.485867 
1533829626828 0.330407 0.91875 -0.216172 -0.589804 -0.935567 0.349061 0.0535773 -0.214924 0.124681 0.184541 0.974884 0.341107 0.31622 -0.384863 0.867113 0.400795 -0.930002 -0.306262 0.203222 -0.504304 0.187351 -0.87068 -0.45477 0.485867 
1533829626864 0.330559 0.918705 -0.216129 -0.589813 -0.935562 0.349135 0.0531838 -0.214916 0.124319 0.184622 0.974915 0.341134 0.31622 -0.384863 0.867113 0.400795 -0.930002 -0.306262 0.203222 -0.504304 0.187351 -0.87068 -0.45477 0.485867 
1533829626912 0.330186 0.918834 -0.216154 -0.589752 -0.935584 0.348934 0.0541085 -0.215022 0.12514 0.184364 0.974859 0.341112 0.31622 -0.384863 0.867113 0.400795 -0.930002 -0.306262 0.203222 -0.504304 0.187351 -0.87068 -0.45477 0.485867 
1533829626925 0.330271 0.918762 -0.216325 -0.589744 -0.935598 0.348962 0.0536813 -0.215007 0.12481 0.184664 0.974844 0.341149 0.31622 -0.384863 0.867113 0.400795 -0.930002 -0.306262 0.203222 -0.504304 0.187351 -0.87068 -0.45477 0.485867 
1533829626942 0.330357 0.918691 -0.216498 -0.589728 -0.935612 0.348992 0.0532528 -0.214988 0.124479 0.184965 0.97483 0.341183 0.31622 -0.384863 0.867113 0.400795 -0.930002 -0.306262 0.203222 -0.504304 0.187351 -0.87068 -0.45477 0.485867 
1533829626959 0.330444 0.918619 -0.216669 -0.589714 -0.935625 0.349021 0.0528246 -0.214969 0.124148 0.185266 0.974815 0.341217 0.31622 -0.384863 0.867113 0.400795 -0.930002 -0.306262 0.203222 -0.504304 0.187351 -0.87068 -0.45477 0.485867 
1533829626975 0.33053 0.918548 -0.216841 -0.5897 -0.935638 0.349049 0.0523963 -0.214951 0.123817 0.185566 0.9748 0.341251 0.31622 -0.384863 0.867113 0.400795 -0.930002 -0.306262 0.203222 -0.504304 0.187351 -0.87068 -0.45477 0.485867 
1533829627089 0.330617 0.918476 -0.217013 -0.589685 -0.935652 0.349078 0.0519678 -0.214933 0.123486 0.185867 0.974785 0.341284 0.31622 -0.384863 0.867113 0.400795 -0.930002 -0.306262 0.203222 -0.504304 0.187351 -0.87068 -0.45477 0.485867 
1533829627122 0.330704 0.918404 -0.217184 -0.589672 -0.935665 0.349107 0.0515395 -0.214914 0.123155 0.186167 0.974769 0.341318 0.31622 -0.384863 0.867113 0.400795 -0.930002 -0.306262 0.203222 -0.504304 0.187351 -0.87068 -0.45477 0.485867 
1533829627170 0.33079 0.918332 -0.217356 -0.589657 -0.935677 0.349135 0.0511111 -0.214896 0.122824 0.186468 0.974753 0.341352 0.31622 -0.384863 0.867113 0.400795 -0.930002 -0.306262 0.203222 -0.504304 0.187351 -0.87068 -0.45477 0.485867 
1533829627234 0.330877 0.918261 -0.217527 -0.589643 -0.93569 0.349164 0.0506827 -0.214878 0.122493 0.186768 0.974737 0.341385 0.31622 -0.384863 0.867113 0.400795 -0.930002 -0.306262 0.203222 -0.504304 0.187351 -0.87068 -0.45477 0.485867 
1533829627272 0.330964 0.918189 -0.217699 -0.58963 -0.935703 0.349192 0.0502545 -0.21486 0.122162 0.187069 0.974721 0.341419 0.31622 -0.384863 0.867113 0.400795 -0.930002 -0.306262 0.203222 -0.504304 0.187351 -0.87068 -0.45477 0.485867 
1533829627337 0.330988 0.918278 -0.217286 -0.589663 -0.935624 0.3493 0.0509623 -0.214978 0.122695 0.18643 0.974777 0.341383 0.31622 -0.384863 0.867113 0.400795 -0.930002 -0.306262 0.203222 -0.504304 0.187351 -0.87068 -0.45477 0.485867 
1533829627349 0.331081 0.918309 -0.21701 -0.58968 -0.935624 0.349326 0.0507884 -0.21496 0.122447 0.186225 0.974847 0.341371 0.31622 -0.384863 0.867113 0.400795 -0.930002 -0.306262 0.203222 -0.504304 0.187351 -0.87068 -0.45477 0.485867 
1533829627367 0.331174 0.918341 -0.216732 -0.5897 -0.935624 0.349352 0.0506134 -0.214943 0.122196 0.186018 0.974918 0.341354 0.31622 -0.384863 0.867113 0.400795 -0.930002 -0.306262 0.203222 -0.504304 0.187351 -0.87068 -0.45477 0.485867 
1533829627373 0.331268 0.918373 -0.216454 -0.589719 -0.935623 0.349378 0.0504384 -0.214925 0.121946 0.185811 0.974989 0.341337 0.31622 -0.384863 0.867113 0.400795 -0.930002 -0.306262 0.203222 -0.504304 0.187351 -0.87068 -0.45477 0.485867 
1533829627486 0.331361 0.918405 -0.216177 -0.589737 -0.935623 0.349404 0.0502633 -0.214907 0.121695 0.185605 0.97506 0.34132 0.31622 -0.384863 0.867113 0.400795 -0.930002 -0.306262 0.203222 -0.504304 0.187351 -0.87068 -0.45477 0.485867 
1533829627503 0.331454 0.918437 -0.215899 -0.589755 -0.935622 0.349431 0.0500883 -0.214889 0.121445 0.185398 0.97513 0.341303 0.31622 -0.384863 0.867113 0.400795 -0.930002 -0.306262 0.203222 -0.504304 0.187351 -0.87068 -0.45477 0.485867 
1533829627530 0.331547 0.918468 -0.215622 -0.589773 -0.935622 0.349457 0.0499133 -0.214871 0.121194 0.185192 0.9752 0.341287 0.31622 -0.384863 0.867113 0.400795 -0.930002 -0.306262 0.203222 -0.504304 0.187351 -0.87068 -0.45477 0.485867 
1533829627537 0.33164 0.9185 -0.215344 -0.589791 -0.935621 0.349484 0.0497382 -0.214853 0.120944 0.184985 0.975271 0.34127 0.31622 -0.384863 0.867113 0.400795 -0.930002 -0.306262 0.203222 -0.504304 0.187351 -0.87068 -0.45477 0.485867 
1533829627627 0.331734 0.918531 -0.215066 -0.589809 -0.935621 0.34951 0.0495631 -0.214834 0.120693 0.184779 0.975341 0.341253 0.31622 -0.384863 0.867113 0.400795 -0.930002 -0.306262 0.203222 -0.504304 0.187351 -0.87068 -0.45477 0.485867 
1533829627648 0.331826 0.918562 -0.214789 -0.589826 -0.93562 0.349537 0.049388 -0.214816 0.120443 0.184572 0.975411 0.341236 0.31622 -0.384863 0.867113 0.400795 -0.930002 -0.306262 0.203222 -0.504304 0.187351 -0.87068 -0.45477 0.485867 
1533829627688 0.331336 0.918592 -0.215419 -0.589751 -0.935714 0.349213 0.049892 -0.214847 0.121057 0.185039 0.975246 0.341307 0.31622 -0.384863 0.867113 0.400795 -0.930002 -0.306262 0.203222 -0.504304 0.187351 -0.87068 -0.45477 0.485867 
1533829627700 0.331439 0.918599 -0.21523 -0.589765 -0.935704 0.349263 0.049732 -0.214824 0.120856 0.184908 0.975296 0.341288 0.31622 -0.384863 0.867113 0.400795 -0.930002 -0.306262 0.203222 -0.504304 0.187351 -0.87068 -0.45477 0.485867 
1533829627717 0.331542 0.918607 -0.21504 -0.589779 -0.935694 0.349313 0.0495711 -0.2148 0.120653 0.184777 0.975346 0.341263 0.31622 -0.384863 0.867113 0.400795 -0.930002 -0.306262 0.203222 -0.504304 0.187351 -0.87068 -0.45477 0.485867 
1533829627734 0.331645 0.918614 -0.21485 -0.589792 -0.935684 0.349363 0.04941 -0.214776 0.120449 0.184645 0.975396 0.341239 0.31622 -0.384863 0.867113 0.400795 -0.930002 -0.306262 0.203222 -0.504304 0.187351 -0.87068 -0.45477 0.485867 
1533829627751 0.331747 0.918621 -0.21466 -0.589805 -0.935673 0.349414 0.049249 -0.214751 0.120246 0.184514 0.975446 0.341214 0.31622 -0.384863 0.867113 0.400795 -0.930002 -0.306262 0.203222 -0.504304 0.187351 -0.87068 -0.45477 0.485867 
1533829627767 0.33185 0.918628 -0.214471 -0.589818 -0.935663 0.349464 0.0490881 -0.214727 0.120043 0.184382 0.975496 0.341191 0.31622 -0.384863 0.867113 0.400795 -0.930002 -0.306262 0.203222 -0.504304 0.187351 -0.87068 -0.45477 0.485867 
1533829627784 0.331953 0.918636 -0.214281 -0.589831 -0.935653 0.349515 0.0489271 -0.214703 0.11984 0.184251 0.975546 0.341167 0.31622 -0.384863 0.867113 0.400795 -0.930002 -0.306262 0.203222 -0.504304 0.187351 -0.87068 -0.45477 0.485867 
1533829627801 0.332055 0.918643 -0.214091 -0.589843 -0.935642 0.349565 0.0487662 -0.214678 0.119637 0.18412 0.975596 0.341142 0.31622 -0.384863 0.867113 0.400795 -0.930002 -0.306262 0.203222 -0.504304 0.187351 -0.87068 -0.45477 0.485867 
1533829627871 0.332158 0.91865 -0.213901 -0.589856 -0.935632 0.349615 0.0486052 -0.214654 0.119434 0.183988 0.975645 0.341118 0.31622 -0.384863 0.867113 0.400795 -0.930002 -0.306262 0.203222 -0.504304 0.187351 -0.87068 -0.45477 0.485867 
1533829627888 0.33226 0.918657 -0.213711 -0.589869 -0.935621 0.349666 0.0484442 -0.214629 0.119231 0.183857 0.975695 0.341094 0.31622 -0.384863 0.867113 0.400795 -0.930002 -0.306262 0.203222 -0.504304 0.187351 -0.87068 -0.45477 0.485867 
1533829627915 0.332074 0.918606 -0.21422 -0.589796 -0.9356 0.349644 0.0489995 -0.214819 0.119912 0.184153 0.975556 0.341214 0.31622 -0.384863 0.867113 0.400795 -0.930002 -0.306262 0.203222 -0.504304 0.187351 -0.87068 -0.45477 0.485867 
1533829627928 0.332076 0.918599 -0.214245 -0.589804 -0.935593 0.349658 0.0490422 -0.214813 0.119962 0.18416 0.975548 0.341222 0.31622 -0.384863 0.867113 0.400795 -0.930002 -0.306262 0.203222 -0.504304 0.187351 -0.87068 -0.45477 0.485867 
1533829627945 0.33208 0.918592 -0.21427 -0.589813 -0.935585 0.349672 0.0490847 -0.214806 0.120013 0.184168 0.97554 0.341233 0.31622 -0.384863 0.867113 0.400795 -0.930002 -0.306262 0.203222 -0.504304 0.187351 -0.87068 -0.45477 0.485867 
1533829627962 0.332083 0.918585 -0.214296 -0.589821 -0.935578 0.349687 0.0491273 -0.2148 0.120064 0.184176 0.975533 0.341242 0.31622 -0.384863 0.867113 0.400795 -0.930002 -0.306262 0.203222 -0.504304 0.187351 -0.87068 -0.45477 0.485867 
1533829627978 0.332086 0.918578 -0.214321 -0.589829 -0.93557 0.349701 0.0491698 -0.214793 0.120115 0.184184 0.975525 0.341251 0.31622 -0.384863 0.867113 0.400795 -0.930002 -0.306262 0.203222 -0.504304 0.187351 -0.87068 -0.45477 0.485867 
1533829627995 0.332089 0.918571 -0.214346 -0.589838 -0.935563 0.349715 0.0492124 -0.214787 0.120165 0.184192 0.975517 0.341261 0.31622 -0.384863 0.867113 0.400795 -0.930002 -0.306262 0.203222 -0.504304 0.187351 -0.87068 -0.45477 0.485867 
1533829628013 0.332092 0.918564 -0.214373 -0.589848 -0.935555 0.34973 0.0492544 -0.214779 0.120216 0.1842 0.975509 0.341273 0.31622 -0.384863 0.867113 0.400795 -0.930002 -0.306262 0.203222 -0.504304 0.187351 -0.87068 -0.45477 0.485867 
1533829628028 0.332095 0.918557 -0.214398 -0.589856 -0.935547 0.349744 0.0492969 -0.214773 0.120267 0.184208 0.975502 0.341282 0.31622 -0.384863 0.867113 0.400795 -0.930002 -0.306262 0.203222 -0.504304 0.187351 -0.87068 -0.45477 0.485867 
1533829628071 0.332099 0.918549 -0.214424 -0.589865 -0.93554 0.349759 0.0493394 -0.214766 0.120317 0.184216 0.975494 0.341292 0.31622 -0.384863 0.867113 0.400795 -0.930002 -0.306262 0.203222 -0.504304 0.187351 -0.87068 -0.45477 0.485867 
1533829628088 0.332102 0.918542 -0.214449 -0.589873 -0.935532 0.349773 0.0493818 -0.21476 0.120368 0.184224 0.975486 0.341302 0.31622 -0.384863 0.867113 0.400795 -0.930002 -0.306262 0.203222 -0.504304 0.187351 -0.87068 -0.45477 0.485867 
1533829628108 0.332115 0.918641 -0.214003 -0.589846 -0.935624 0.349613 0.0487577 -0.214712 0.119609 0.184033 0.975615 0.341143 0.31622 -0.384863 0.867113 0.400795 -0.930002 -0.306262 0.203222 -0.504304 0.187351 -0.87068 -0.45477 0.485867 
1533829628121 0.332073 0.918641 -0.214071 -0.58985 -0.935606 0.349627 0.0490139 -0.214719 0.119871 0.18401 0.975588 0.341165 0.31622 -0.384863 0.867113 0.400795 -0.930002 -0.306262 0.203222 -0.504304 0.187351 -0.87068 -0.45477 0.485867 
1533829628138 0.33203 0.918641 -0.214139 -0.589853 -0.935588 0.34964 0.04927 -0.214728 0.120133 0.183987 0.97556 0.341188 0.31622 -0.384863 0.867113 0.400795 -0.930002 -0.306262 0.203222 -0.504304 0.187351 -0.87068 -0.45477 0.485867 
1533829628154 0.331987 0.91864 -0.214207 -0.589856 -0.935569 0.349653 0.0495261 -0.214738 0.120395 0.183963 0.975532 0.341209 0.31622 -0.384863 0.867113 0.400795 -0.930002 -0.306262 0.203222 -0.504304 0.187351 -0.87068 -0.45477 0.485867 
1533829628171 0.331945 0.91864 -0.214275 -0.58986 -0.935551 0.349667 0.049782 -0.214747 0.120656 0.18394 0.975504 0.341232 0.31622 -0.384863 0.867113 0.400795 -0.930002 -0.306262 0.203222 -0.504304 0.187351 -0.87068 -0.45477 0.485867 
1533829628188 0.331902 0.918639 -0.214342 -0.589863 -0.935532 0.34968 0.0500378 -0.214756 0.120918 0.183916 0.975476 0.341254 0.31622 -0.384863 0.867113 0.400795 -0.930002 -0.306262 0.203222 -0.504304 0.187351 -0.87068 -0.45477 0.485867 
1533829628204 0.33186 0.918639 -0.21441 -0.589867 -0.935513 0.349694 0.0502936 -0.214765 0.12118 0.183893 0.975448 0.341276 0.31622 -0.384863 0.867113 0.400795 -0.930002 -0.306262 0.203222 -0.504304 0.187351 -0.87068 -0.45477 0.485867 
1533829628221 0.331816 0.918639 -0.214478 -0.58987 -0.935494 0.349707 0.0505499 -0.214775 0.121441 0.183869 0.97542 0.341297 0.31622 -0.384863 0.867113 0.400795 -0.930002 -0.306262 0.203222 -0.504304 0.187351 -0.87068 -0.45477 0.485867 
1533829628238 0.331774 0.918638 -0.214545 -0.589874 -0.935476 0.34972 0.0508058 -0.214784 0.121703 0.183846 0.975392 0.341319 0.31622 -0.384863 0.867113 0.400795 -0.930002 -0.306262 0.203222 -0.504304 0.187351 -0.87068 -0.45477 0.485867 
1533829628256 0.331731 0.918638 -0.214613 -0.589877 -0.935457 0.349734 0.0510617 -0.214793 0.121965 0.183822 0.975364 0.341341 0.31622 -0.384863 0.867113 0.400795 -0.930002 -0.306262 0.203222 -0.504304 0.187351 -0.87068 -0.45477 0.485867 
1533829628279 0.332055 0.918645 -0.214082 -0.589831 -0.935586 0.349651 0.0492275 -0.214799 0.120077 0.183946 0.975574 0.341271 0.31622 -0.384863 0.867113 0.400795 -0.930002 -0.306262 0.203222 -0.504304 0.187351 -0.87068 -0.45477 0.485867 
1533829628291 0.331977 0.918613 -0.214339 -0.589827 -0.935593 0.34962 0.0493158 -0.2148 0.120239 0.184162 0.975514 0.341298 0.31622 -0.384863 0.867113 0.400795 -0.930002 -0.306262 0.203222 -0.504304 0.187351 -0.87068 -0.45477 0.485867 
1533829628308 0.331901 0.918581 -0.214596 -0.589818 -0.935599 0.349592 0.0494044 -0.214799 0.120403 0.184379 0.975453 0.341326 0.31622 -0.384863 0.867113 0.400795 -0.930002 -0.306262 0.203222 -0.504304 0.187351 -0.87068 -0.45477 0.485867 
1533829628324 0.331824 0.918548 -0.214854 -0.589809 -0.935605 0.349563 0.0494931 -0.214798 0.120567 0.184595 0.975391 0.341355 0.31622 -0.384863 0.867113 0.400795 -0.930002 -0.306262 0.203222 -0.504304 0.187351 -0.87068 -0.45477 0.485867 
1533829628341 0.331748 0.918515 -0.215112 -0.5898 -0.935611 0.349534 0.0495818 -0.214797 0.120731 0.184812 0.97533 0.341383 0.31622 -0.384863 0.867113 0.400795 -0.930002 -0.306262 0.203222 -0.504304 0.187351 -0.87068 -0.45477 0.485867 
1533829628409 0.331671 0.918483 -0.21537 -0.58979 -0.935617 0.349505 0.0496704 -0.214796 0.120894 0.185029 0.975269 0.341412 0.31622 -0.384863 0.867113 0.400795 -0.930002 -0.306262 0.203222 -0.504304 0.187351 -0.87068 -0.45477 0.485867 
1533829628425 0.331594 0.91845 -0.215627 -0.589782 -0.935623 0.349476 0.0497591 -0.214796 0.121058 0.185246 0.975207 0.34144 0.31622 -0.384863 0.867113 0.400795 -0.930002 -0.306262 0.203222 -0.504304 0.187351 -0.87068 -0.45477 0.485867 
1533829628442 0.331517 0.918417 -0.215885 -0.589772 -0.935629 0.349448 0.0498478 -0.214794 0.121222 0.185463 0.975146 0.341469 0.31622 -0.384863 0.867113 0.400795 -0.930002 -0.306262 0.203222 -0.504304 0.187351 -0.87068 -0.45477 0.485867 
1533829628488 0.331441 0.918384 -0.216142 -0.589763 -0.935635 0.349419 0.0499365 -0.214794 0.121385 0.185679 0.975084 0.341497 0.31622 -0.384863 0.867113 0.400795 -0.930002 -0.306262 0.203222 -0.504304 0.187351 -0.87068 -0.45477 0.485867 
1533829628516 0.331364 0.918351 -0.2164 -0.589755 -0.935641 0.34939 0.0500253 -0.214793 0.121549 0.185896 0.975022 0.341525 0.31622 -0.384863 0.867113 0.400795 -0.930002 -0.306262 0.203222 -0.504304 0.187351 -0.87068 -0.45477 0.485867 
1533829628542 0.331532 0.918486 -0.21557 -0.589796 -0.935659 0.349391 0.0496766 -0.214727 0.120945 0.185231 0.975224 0.341401 0.31622 -0.384863 0.867113 0.400795 -0.930002 -0.306262 0.203222 -0.504304 0.187351 -0.87068 -0.45477 0.485867 
1533829628553 0.331582 0.918484 -0.215502 -0.589794 -0.935664 0.349401 0.0495105 -0.214711 0.120771 0.185221 0.975247 0.341385 0.31622 -0.384863 0.867113 0.400795 -0.930002 -0.306262 0.203222 -0.504304 0.187351 -0.87068 -0.45477 0.485867 
1533829628570 0.331634 0.918481 -0.215435 -0.589791 -0.935668 0.349414 0.0493439 -0.214691 0.120597 0.185211 0.975271 0.341369 0.31622 -0.384863 0.867113 0.400795 -0.930002 -0.306262 0.203222 -0.504304 0.187351 -0.87068 -0.45477 0.485867 
1533829628586 0.331686 0.918478 -0.215367 -0.589789 -0.935672 0.349426 0.0491773 -0.214672 0.120423 0.185202 0.975294 0.341354 0.31622 -0.384863 0.867113 0.400795 -0.930002 -0.306262 0.203222 -0.504304 0.187351 -0.87068 -0.45477 0.485867 
1533829628603 0.331737 0.918475 -0.2153 -0.589787 -0.935677 0.349438 0.0490109 -0.214653 0.120249 0.185192 0.975317 0.341338 0.31622 -0.384863 0.867113 0.400795 -0.930002 -0.306262 0.203222 -0.504304 0.187351 -0.87068 -0.45477 0.485867 
1533829628699 0.331788 0.918472 -0.215232 -0.589784 -0.935681 0.349451 0.0488445 -0.214635 0.120075 0.185183 0.975341 0.341323 0.31622 -0.384863 0.867113 0.400795 -0.930002 -0.306262 0.203222 -0.504304 0.187351 -0.87068 -0.45477 0.485867 
1533829628715 0.33184 0.918469 -0.215165 -0.589781 -0.935685 0.349463 0.0486778 -0.214614 0.119901 0.185174 0.975364 0.341308 0.31622 -0.384863 0.867113 0.400795 -0.930002 -0.306262 0.203222 -0.504304 0.187351 -0.87068 -0.45477 0.485867 
1533829628732 0.331891 0.918467 -0.215098 -0.58978 -0.935689 0.349475 0.0485122 -0.214597 0.119728 0.185164 0.975387 0.341295 0.31622 -0.384863 0.867113 0.400795 -0.930002 -0.306262 0.203222 -0.504304 0.187351 -0.87068 -0.45477 0.485867 
1533829628749 0.331943 0.918464 -0.215031 -0.589777 -0.935693 0.349488 0.0483458 -0.214576 0.119555 0.185155 0.97541 0.341282 0.31622 -0.384863 0.867113 0.400795 -0.930002 -0.306262 0.203222 -0.504304 0.187351 -0.87068 -0.45477 0.485867 
1533829628765 0.331994 0.918461 -0.214964 -0.589774 -0.935697 0.349501 0.0481793 -0.214557 0.119381 0.185145 0.975433 0.341266 0.31622 -0.384863 0.867113 0.400795 -0.930002 -0.306262 0.203222 -0.504304 0.187351 -0.87068 -0.45477 0.485867 
1533829628790 0.331624 0.918531 -0.215235 -0.589778 -0.935731 0.349303 0.0489441 -0.214593 0.120139 0.185171 0.975335 0.341342 0.31622 -0.384863 0.867113 0.400795 -0.930002 -0.306262 0.203222 -0.504304 0.187351 -0.87068 -0.45477 0.485867 
1533829628803 0.331672 0.918544 -0.215106 -0.58978 -0.935725 0.349326 0.0488946 -0.214579 0.120054 0.185063 0.975366 0.341324 0.31622 -0.384863 0.867113 0.400795 -0.930002 -0.306262 0.203222 -0.504304 0.187351 -0.87068 -0.45477 0.485867 
1533829628819 0.331719 0.918557 -0.214976 -0.589787 -0.935719 0.349349 0.0488446 -0.214567 0.119968 0.184955 0.975397 0.341304 0.31622 -0.384863 0.867113 0.400795 -0.930002 -0.306262 0.203222 -0.504304 0.187351 -0.87068 -0.45477 0.485867 
1533829628836 0.331767 0.91857 -0.214847 -0.589794 -0.935713 0.349371 0.0487945 -0.214555 0.119882 0.184846 0.975428 0.341284 0.31622 -0.384863 0.867113 0.400795 -0.930002 -0.306262 0.203222 -0.504304 0.187351 -0.87068 -0.45477 0.485867 
1533829628852 0.331814 0.918584 -0.214717 -0.589802 -0.935707 0.349394 0.0487445 -0.214543 0.119797 0.184738 0.975459 0.341264 0.31622 -0.384863 0.867113 0.400795 -0.930002 -0.306262 0.203222 -0.504304 0.187351 -0.87068 -0.45477 0.485867 
1533829628869 0.331861 0.918597 -0.214587 -0.589811 -0.935702 0.349416 0.0486948 -0.214532 0.119711 0.184629 0.97549 0.341245 0.31622 -0.384863 0.867113 0.400795 -0.930002 -0.306262 0.203222 -0.504304 0.187351 -0.87068 -0.45477 0.485867 
1533829628886 0.331908 0.91861 -0.214457 -0.589818 -0.935696 0.349438 0.0486452 -0.214521 0.119626 0.184521 0.975521 0.341227 0.31622 -0.384863 0.867113 0.400795 -0.930002 -0.306262 0.203222 -0.504304 0.187351 -0.87068 -0.45477 0.485867 
1533829628902 0.331956 0.918624 -0.214327 -0.589827 -0.93569 0.349461 0.0485955 -0.21451 0.11954 0.184412 0.975552 0.341208 0.31622 -0.384863 0.867113 0.400795 -0.930002 -0.306262 0.203222 -0.504304 0.187351 -0.87068 -0.45477 0.485867 
1533829628919 0.332003 0.918637 -0.214197 -0.589835 -0.935684 0.349483 0.0485457 -0.214498 0.119454 0.184304 0.975583 0.341188 0.31622 -0.384863 0.867113 0.400795 -0.930002 -0.306262 0.203222 -0.504304 0.187351 -0.87068 -0.45477 0.485867 
1533829628936 0.33205 0.91865 -0.214067 -0.589844 -0.935678 0.349506 0.0484958 -0.214487 0.119368 0.184195 0.975614 0.341168 0.31622 -0.384863 0.867113 0.400795 -0.930002 -0.306262 0.203222 -0.504304 0.187351 -0.87068 -0.45477 0.485867 
1533829628961 0.331864 0.918555 -0.214761 -0.58978 -0.935742 0.349364 0.0482892 -0.214546 0.119386 0.184935 0.975472 0.341272 0.31622 -0.384863 0.867113 0.400795 -0.930002 -0.306262 0.203222 -0.504304 0.187351 -0.87068 -0.45477 0.485867 
1533829628972 0.331913 0.918571 -0.214621 -0.589787 -0.935724 0.349406 0.0483424 -0.214542 0.119396 0.18478 0.9755 0.341247 0.31622 -0.384863 0.867113 0.400795 -0.930002 -0.306262 0.203222 -0.504304 0.187351 -0.87068 -0.45477 0.485867 
1533829628989 0.331961 0.918586 -0.214479 -0.589794 -0.935705 0.349448 0.0483955 -0.214537 0.119405 0.184624 0.975529 0.341219 0.31622 -0.384863 0.867113 0.400795 -0.930002 -0.306262 0.203222 -0.504304 0.187351 -0.87068 -0.45477 0.485867 
1533829629006 0.33201 0.918602 -0.214337 -0.589803 -0.935687 0.34949 0.0484487 -0.214533 0.119414 0.184467 0.975557 0.34119 0.31622 -0.384863 0.867113 0.400795 -0.930002 -0.306262 0.203222 -0.504304 0.187351 -0.87068 -0.45477 0.485867 
1533829629022 0.332059 0.918617 -0.214195 -0.589812 -0.935668 0.349532 0.0485018 -0.21453 0.119422 0.18431 0.975586 0.341161 0.31622 -0.384863 0.867113 0.400795 -0.930002 -0.306262 0.203222 -0.504304 0.187351 -0.87068 -0.45477 0.485867 
1533829629039 0.332107 0.918633 -0.214053 -0.589821 -0.93565 0.349573 0.0485549 -0.214526 0.119431 0.184153 0.975615 0.341132 0.31622 -0.384863 0.867113 0.400795 -0.930002 -0.306262 0.203222 -0.504304 0.187351 -0.87068 -0.45477 0.485867 
1533829629056 0.332156 0.918648 -0.213911 -0.589829 -0.935632 0.349615 0.0486081 -0.214522 0.11944 0.183996 0.975643 0.341103 0.31622 -0.384863 0.867113 0.400795 -0.930002 -0.306262 0.203222 -0.504304 0.187351 -0.87068 -0.45477 0.485867 
1533829629072 0.332205 0.918664 -0.213769 -0.589838 -0.935613 0.349657 0.0486612 -0.214518 0.119449 0.18384 0.975672 0.341074 0.31622 -0.384863 0.867113 0.400795 -0.930002 -0.306262 0.203222 -0.504304 0.187351 -0.87068 -0.45477 0.485867 
1533829629089 0.332253 0.918679 -0.213627 -0.589846 -0.935595 0.349699 0.0487144 -0.214514 0.119458 0.183683 0.9757 0.341045 0.31622 -0.384863 0.867113 0.400795 -0.930002 -0.306262 0.203222 -0.504304 0.187351 -0.87068 -0.45477 0.485867 
1533829629106 0.332302 0.918695 -0.213485 -0.589856 -0.935576 0.349741 0.0487675 -0.21451 0.119467 0.183526 0.975728 0.341016 0.31622 -0.384863 0.867113 0.400795 -0.930002 -0.306262 0.203222 -0.504304 0.187351 -0.87068 -0.45477 0.485867 
1533829629134 0.332076 0.918627 -0.214128 -0.589808 -0.935699 0.349489 0.0482281 -0.214581 0.119139 0.184343 0.975614 0.341206 0.31622 -0.384863 0.867113 0.400795 -0.930002 -0.306262 0.203222 -0.504304 0.187351 -0.87068 -0.45477 0.485867 
1533829629145 0.331958 0.918556 -0.214612 -0.589788 -0.935714 0.34944 0.0482844 -0.214589 0.119346 0.184787 0.975505 0.341239 0.31622 -0.384863 0.867113 0.400795 -0.930002 -0.306262 0.203222 -0.504304 0.187351 -0.87068 -0.45477 0.485867 
1533829629162 0.331842 0.918485 -0.215097 -0.589763 -0.935729 0.349393 0.04834 -0.214595 0.119553 0.185232 0.975395 0.341273 0.31622 -0.384863 0.867113 0.400795 -0.930002 -0.306262 0.203222 -0.504304 0.187351 -0.87068 -0.45477 0.485867 
1533829629328 0.331725 0.918413 -0.215582 -0.589738 -0.935743 0.349345 0.0483955 -0.214602 0.11976 0.185676 0.975286 0.341307 0.31622 -0.384863 0.867113 0.400795 -0.930002 -0.306262 0.203222 -0.504304 0.187351 -0.87068 -0.45477 0.485867 
1533829629334 0.331609 0.918341 -0.216067 -0.589712 -0.935758 0.349298 0.0484511 -0.214608 0.119966 0.18612 0.975176 0.341341 0.31622 -0.384863 0.867113 0.400795 -0.930002 -0.306262 0.203222 -0.504304 0.187351 -0.87068 -0.45477 0.485867 
1533829629432 0.331492 0.918269 -0.216552 -0.589686 -0.935773 0.34925 0.0485067 -0.214614 0.120173 0.186564 0.975065 0.341375 0.31622 -0.384863 0.867113 0.400795 -0.930002 -0.306262 0.203222 -0.504304 0.187351 -0.87068 -0.45477 0.485867 
1533829629484 0.331375 0.918197 -0.217037 -0.589662 -0.935788 0.349203 0.0485624 -0.21462 0.12038 0.187008 0.974955 0.341409 0.31622 -0.384863 0.867113 0.400795 -0.930002 -0.306262 0.203222 -0.504304 0.187351 -0.87068 -0.45477 0.485867 
1533829629518 0.331258 0.918124 -0.217522 -0.589636 -0.935803 0.349155 0.048618 -0.214626 0.120586 0.187453 0.974844 0.341443 0.31622 -0.384863 0.867113 0.400795 -0.930002 -0.306262 0.203222 -0.504304 0.187351 -0.87068 -0.45477 0.485867 
1533829629578 0.331141 0.918052 -0.218007 -0.589611 -0.935818 0.349108 0.0486737 -0.214632 0.120793 0.187897 0.974733 0.341477 0.31622 -0.384863 0.867113 0.400795 -0.930002 -0.306262 0.203222 -0.504304 0.187351 -0.87068 -0.45477 0.485867 
1533829629627 0.331024 0.917979 -0.218491 -0.589586 -0.935832 0.34906 0.0487294 -0.214639 0.120999 0.188341 0.974621 0.341511 0.31622 -0.384863 0.867113 0.400795 -0.930002 -0.306262 0.203222 -0.504304 0.187351 -0.87068 -0.45477 0.485867 
1533829629692 0.331178 0.918136 -0.217595 -0.589585 -0.935831 0.349081 0.0486081 -0.21465 0.120587 0.187534 0.974828 0.341455 0.31622 -0.384863 0.867113 0.400795 -0.930002 -0.306262 0.203222 -0.504304 0.187351 -0.87068 -0.45477 0.485867 
1533829629705 0.331189 0.918136 -0.217577 -0.589584 -0.935816 0.349107 0.0487005 -0.21465 0.120672 0.187483 0.974827 0.341447 0.31622 -0.384863 0.867113 0.400795 -0.930002 -0.306262 0.203222 -0.504304 0.187351 -0.87068 -0.45477 0.485867 
1533829629722 0.3312 0.918137 -0.217559 -0.589584 -0.935802 0.349134 0.0487939 -0.214652 0.120757 0.187431 0.974827 0.341436 0.31622 -0.384863 0.867113 0.400795 -0.930002 -0.306262 0.203222 -0.504304 0.187351 -0.87068 -0.45477 0.485867 
1533829629738 0.33121 0.918137 -0.21754 -0.589586 -0.935787 0.34916 0.0488874 -0.214655 0.120842 0.187379 0.974826 0.341425 0.31622 -0.384863 0.867113 0.400795 -0.930002 -0.306262 0.203222 -0.504304 0.187351 -0.87068 -0.45477 0.485867 
1533829629757 0.331221 0.918138 -0.217521 -0.589587 -0.935772 0.349187 0.0489808 -0.214658 0.120927 0.187327 0.974826 0.341414 0.31622 -0.384863 0.867113 0.400795 -0.930002 -0.306262 0.203222 -0.504304 0.187351 -0.87068 -0.45477 0.485867 
1533829629763 0.331232 0.918138 -0.217503 -0.589588 -0.935757 0.349214 0.0490741 -0.214659 0.121012 0.187275 0.974825 0.341403 0.31622 -0.384863 0.867113 0.400795 -0.930002 -0.306262 0.203222 -0.504304 0.187351 -0.87068 -0.45477 0.485867 
1533829629775 0.331242 0.918139 -0.217484 -0.58959 -0.935743 0.34924 0.0491676 -0.214662 0.121097 0.187223 0.974825 0.341392 0.31622 -0.384863 0.867113 0.400795 -0.930002 -0.306262 0.203222 -0.504304 0.187351 -0.87068 -0.45477 0.485867 
1533829629817 0.331253 0.918139 -0.217466 -0.589591 -0.935728 0.349266 0.0492609 -0.214664 0.121182 0.187171 0.974824 0.341382 0.31622 -0.384863 0.867113 0.400795 -0.930002 -0.306262 0.203222 -0.504304 0.187351 -0.87068 -0.45477 0.485867 
1533829629833 0.331264 0.91814 -0.217447 -0.589594 -0.935713 0.349293 0.0493544 -0.214667 0.121267 0.187119 0.974823 0.341371 0.31622 -0.384863 0.867113 0.400795 -0.930002 -0.306262 0.203222 -0.504304 0.187351 -0.87068 -0.45477 0.485867 
1533829629850 0.331274 0.918141 -0.217429 -0.589595 -0.935698 0.349319 0.0494478 -0.21467 0.121352 0.187067 0.974823 0.34136 0.31622 -0.384863 0.867113 0.400795 -0.930002 -0.306262 0.203222 -0.504304 0.187351 -0.87068 -0.45477 0.485867 
1533829629877 0.331304 0.918048 -0.217773 -0.589566 -0.935737 0.349291 0.0489159 -0.214706 0.120973 0.187572 0.974773 0.341495 0.31622 -0.384863 0.867113 0.400795 -0.930002 -0.306262 0.203222 -0.504304 0.187351 -0.87068 -0.45477 0.485867 
1533829629890 0.331244 0.918079 -0.217734 -0.589572 -0.935728 0.349276 0.0491793 -0.214723 0.1212 0.18745 0.974768 0.341491 0.31622 -0.384863 0.867113 0.400795 -0.930002 -0.306262 0.203222 -0.504304 0.187351 -0.87068 -0.45477 0.485867 
1533829629909 0.331185 0.91811 -0.217694 -0.589583 -0.93572 0.349261 0.0494431 -0.214742 0.121426 0.187326 0.974764 0.341485 0.31622 -0.384863 0.867113 0.400795 -0.930002 -0.306262 0.203222 -0.504304 0.187351 -0.87068 -0.45477 0.485867 
1533829629923 0.331125 0.918141 -0.217654 -0.589593 -0.935712 0.349246 0.0497069 -0.214761 0.121653 0.187202 0.97476 0.34148 0.31622 -0.384863 0.867113 0.400795 -0.930002 -0.306262 0.203222 -0.504304 0.187351 -0.87068 -0.45477 0.485867 
1533829629940 0.331066 0.918172 -0.217614 -0.589601 -0.935703 0.349231 0.0499706 -0.214779 0.121879 0.187078 0.974755 0.341475 0.31622 -0.384863 0.867113 0.400795 -0.930002 -0.306262 0.203222 -0.504304 0.187351 -0.87068 -0.45477 0.485867 
1533829629957 0.331006 0.918203 -0.217573 -0.589612 -0.935695 0.349215 0.0502345 -0.214799 0.122105 0.186955 0.97475 0.341469 0.31622 -0.384863 0.867113 0.400795 -0.930002 -0.306262 0.203222 -0.504304 0.187351 -0.87068 -0.45477 0.485867 
1533829629973 0.330947 0.918234 -0.217533 -0.589623 -0.935687 0.3492 0.0504983 -0.214818 0.122332 0.186831 0.974746 0.341464 0.31622 -0.384863 0.867113 0.400795 -0.930002 -0.306262 0.203222 -0.504304 0.187351 -0.87068 -0.45477 0.485867 
1533829629990 0.330887 0.918265 -0.217493 -0.589633 -0.935678 0.349185 0.050762 -0.214836 0.122558 0.186707 0.974741 0.341458 0.31622 -0.384863 0.867113 0.400795 -0.930002 -0.306262 0.203222 -0.504304 0.187351 -0.87068 -0.45477 0.485867 
1533829630008 0.330828 0.918296 -0.217453 -0.589642 -0.935669 0.34917 0.0510258 -0.214855 0.122785 0.186583 0.974736 0.341453 0.31622 -0.384863 0.867113 0.400795 -0.930002 -0.306262 0.203222 -0.504304 0.187351 -0.87068 -0.45477 0.485867 
1533829630013 0.330768 0.918327 -0.217412 -0.589654 -0.935661 0.349154 0.0512896 -0.214874 0.123011 0.186459 0.974731 0.341447 0.31622 -0.384863 0.867113 0.400795 -0.930002 -0.306262 0.203222 -0.504304 0.187351 -0.87068 -0.45477 0.485867 
1533829630077 0.33079 0.918236 -0.217761 -0.589631 -0.935811 0.348953 0.0498923 -0.214722 0.121801 0.187279 0.974726 0.341442 0.31622 -0.384863 0.867113 0.400795 -0.930002 -0.306262 0.203222 -0.504304 0.187351 -0.87068 -0.45477 0.485867 
1533829630089 0.330798 0.918222 -0.217811 -0.58964 -0.935802 0.348973 0.049918 -0.214723 0.121846 0.187316 0.974714 0.341458 0.31622 -0.384863 0.867113 0.400795 -0.930002 -0.306262 0.203222 -0.504304 0.187351 -0.87068 -0.45477 0.485867 
1533829630106 0.330805 0.918207 -0.217862 -0.589649 -0.935794 0.348991 0.0499428 -0.214725 0.12189 0.187352 0.974701 0.341473 0.31622 -0.384863 0.867113 0.400795 -0.930002 -0.306262 0.203222 -0.504304 0.187351 -0.87068 -0.45477 0.485867 
1533829630123 0.330813 0.918192 -0.217913 -0.589657 -0.935786 0.34901 0.049967 -0.214725 0.121933 0.187391 0.974688 0.341492 0.31622 -0.384863 0.867113 0.400795 -0.930002 -0.306262 0.203222 -0.504304 0.187351 -0.87068 -0.45477 0.485867 
1533829630139 0.33082 0.918177 -0.217964 -0.589665 -0.935777 0.349029 0.0499916 -0.214726 0.121977 0.187428 0.974676 0.341508 0.31622 -0.384863 0.867113 0.400795 -0.930002 -0.306262 0.203222 -0.504304 0.187351 -0.87068 -0.45477 0.485867 
1533829630179 0.330828 0.918162 -0.218016 -0.589673 -0.935769 0.349048 0.0500157 -0.214726 0.122021 0.187466 0.974663 0.341527 0.31622 -0.384863 0.867113 0.400795 -0.930002 -0.306262 0.203222 -0.504304 0.187351 -0.87068 -0.45477 0.485867 
1533829630195 0.330836 0.918147 -0.218067 -0.589681 -0.935761 0.349067 0.0500402 -0.214727 0.122064 0.187504 0.97465 0.341544 0.31622 -0.384863 0.867113 0.400795 -0.930002 -0.306262 0.203222 -0.504304 0.187351 -0.87068 -0.45477 0.485867 
1533829630212 0.330844 0.918132 -0.218119 -0.589688 -0.935752 0.349087 0.0500644 -0.214726 0.122108 0.187542 0.974637 0.341563 0.31622 -0.384863 0.867113 0.400795 -0.930002 -0.306262 0.203222 -0.504304 0.187351 -0.87068 -0.45477 0.485867 
