1533550603092 0.0941015 0.937162 -0.335964 -0.604864 -0.981342 0.144151 0.127237 -0.227773 0.167671 0.317723 0.933241 0.375387 1 0 0 0 0 1 0 0 0 0 1 1.306 
1533550603103 0.0948263 0.937943 -0.333572 -0.604764 -0.979448 0.147824 0.13722 -0.227634 0.178015 0.313705 0.932684 0.375964 0.313239 -0.3866 0.867422 0.386189 -0.93126 -0.304042 0.200784 -0.500186 0.186109 -0.870689 -0.455263 0.505382 
1533550603478 0.0955783 0.938713 -0.331185 -0.604664 -0.977443 0.151454 0.147198 -0.227494 0.188336 0.309645 0.932014 0.376542 0.316244 -0.384866 0.867103 0.400217 -0.929998 -0.306258 0.203249 -0.50405 0.187334 -0.87068 -0.454777 0.486145 
1533550603485 0.0963563 0.939471 -0.328801 -0.604563 -0.975326 0.155041 0.157169 -0.227355 0.198633 0.305544 0.931229 0.377119 0.316258 -0.384857 0.867102 0.400836 -0.929992 -0.306267 0.203261 -0.504368 0.187338 -0.870681 -0.454774 0.485921 
1533550603978 0.0971603 0.940217 -0.326423 -0.604463 -0.973097 0.158582 0.167131 -0.227216 0.208905 0.301403 0.930331 0.377696 0.316239 -0.384881 0.867098 0.400855 -0.93 -0.306257 0.203241 -0.504361 0.187331 -0.870674 -0.454789 0.485943 
1533550603985 0.0979905 0.940951 -0.32405 -0.604363 -0.970758 0.16208 0.177084 -0.227076 0.21915 0.297221 0.929318 0.378273 0.316214 -0.384899 0.867099 0.400827 -0.930009 -0.306245 0.203216 -0.504329 0.187327 -0.87067 -0.454799 0.48594 
1533550604491 0.0988465 0.941674 -0.321683 -0.604262 -0.968308 0.165532 0.187027 -0.226937 0.229367 0.293001 0.928193 0.37885 0.3162 -0.384907 0.867101 0.400798 -0.930014 -0.306239 0.203202 -0.504306 0.187326 -0.870669 -0.454801 0.485922 
1533550604862 0.0997286 0.942384 -0.319321 -0.604162 -0.965747 0.168938 0.196956 -0.226798 0.239554 0.288741 0.926953 0.379427 0.316197 -0.384904 0.867103 0.400778 -0.930014 -0.30624 0.2032 -0.504292 0.187329 -0.87067 -0.454799 0.485903 
1533550605227 0.100637 0.943082 -0.316966 -0.604059 -0.963077 0.172299 0.206872 -0.226657 0.249711 0.284444 0.9256 0.380005 0.316201 -0.384895 0.867106 0.400765 -0.930012 -0.306246 0.203202 -0.504277 0.187337 -0.870672 -0.454792 0.485883 
1533550605620 0.101579 0.943764 -0.314629 -0.603938 -0.960302 0.175618 0.216747 -0.226485 0.259812 0.280122 0.924137 0.380597 0.316123 -0.384928 0.86712 0.400679 -0.93004 -0.30621 0.20313 -0.504144 0.18733 -0.87067 -0.454798 0.485852 
1533550606002 0.101618 0.943745 -0.314674 -0.603922 -0.9603 0.175661 0.216717 -0.226501 0.259802 0.28016 0.924129 0.380595 1 0 0 0 0 1 0 0 0 0 1 1.306 
1533550606014 0.10171 0.943814 -0.314435 -0.603916 -0.960016 0.175987 0.217712 -0.226489 0.260816 0.279719 0.923976 0.380651 0.313239 -0.3866 0.867422 0.386189 -0.93126 -0.304042 0.200784 -0.500185 0.18611 -0.870689 -0.455263 0.505382 
1533550606247 0.101802 0.943884 -0.314195 -0.60391 -0.95973 0.176313 0.218707 -0.226477 0.261831 0.279277 0.923823 0.380708 0.316244 -0.384866 0.867103 0.400216 -0.929998 -0.306258 0.203249 -0.504049 0.187334 -0.87068 -0.454777 0.486145 
1533550606253 0.101895 0.943954 -0.313955 -0.603904 -0.959442 0.176638 0.219702 -0.226465 0.262845 0.278835 0.923669 0.380764 0.316258 -0.384857 0.867102 0.400836 -0.929992 -0.306267 0.203261 -0.504368 0.187338 -0.870681 -0.454774 0.485921 
1533550606475 0.101987 0.944024 -0.313715 -0.603898 -0.959154 0.176963 0.220697 -0.226453 0.263859 0.278392 0.923513 0.380821 0.316239 -0.384881 0.867098 0.400855 -0.93 -0.306257 0.203241 -0.504361 0.187331 -0.870674 -0.454789 0.485943 
1533550606669 0.10208 0.944094 -0.313474 -0.603892 -0.958865 0.177287 0.221692 -0.226441 0.264873 0.277949 0.923356 0.380877 0.316214 -0.384899 0.867099 0.400827 -0.930009 -0.306245 0.203216 -0.504329 0.187327 -0.87067 -0.454799 0.48594 
1533550606849 0.102173 0.944164 -0.313234 -0.603886 -0.958575 0.177611 0.222686 -0.226429 0.265886 0.277506 0.923198 0.380933 0.3162 -0.384907 0.867101 0.400798 -0.930014 -0.306239 0.203202 -0.504306 0.187326 -0.870669 -0.454801 0.485922 
1533550607034 0.102267 0.944233 -0.312995 -0.60388 -0.958283 0.177934 0.22368 -0.226417 0.266899 0.277062 0.923039 0.38099 0.316197 -0.384904 0.867103 0.400778 -0.930014 -0.30624 0.2032 -0.504292 0.187329 -0.87067 -0.454799 0.485903 
1533550607236 0.10236 0.944302 -0.312755 -0.603874 -0.957991 0.178257 0.224674 -0.226405 0.267911 0.276618 0.922879 0.381046 0.316201 -0.384895 0.867106 0.400765 -0.930012 -0.306246 0.203202 -0.504277 0.187337 -0.870672 -0.454792 0.485883 
1533550607452 0.102455 0.944371 -0.312516 -0.603865 -0.957697 0.178579 0.225666 -0.226389 0.268922 0.276175 0.922718 0.381104 0.316123 -0.384928 0.86712 0.40068 -0.93004 -0.30621 0.20313 -0.504145 0.18733 -0.87067 -0.454798 0.485852 
1533550607637 0.102542 0.944327 -0.312621 -0.60386 -0.957722 0.178651 0.225507 -0.226415 0.268802 0.27628 0.922722 0.381075 1 0 0 0 0 1 0 0 0 0 1 1.306 
1533550607651 0.102576 0.944261 -0.312809 -0.603853 -0.957766 0.178678 0.225295 -0.2264 0.268629 0.276488 0.922709 0.381081 0.313239 -0.3866 0.867422 0.386189 -0.93126 -0.304042 0.200784 -0.500185 0.18611 -0.870689 -0.455263 0.505382 
1533550607972 0.102612 0.944194 -0.313 -0.603847 -0.957811 0.178706 0.225083 -0.226386 0.268457 0.276699 0.922697 0.381087 0.316244 -0.384866 0.867103 0.400216 -0.929998 -0.306258 0.203249 -0.504049 0.187334 -0.87068 -0.454777 0.486145 
1533550608207 0.102647 0.944127 -0.31319 -0.603841 -0.957856 0.178735 0.22487 -0.226371 0.268284 0.276909 0.922684 0.381093 0.316258 -0.384857 0.867102 0.400836 -0.929992 -0.306267 0.203261 -0.504368 0.187338 -0.870681 -0.454774 0.485921 
1533550608373 0.102682 0.94406 -0.31338 -0.603834 -0.9579 0.178763 0.224658 -0.226357 0.268112 0.277119 0.922671 0.381099 0.316239 -0.384881 0.867098 0.400855 -0.93 -0.306257 0.203241 -0.504361 0.187331 -0.870674 -0.454789 0.485943 
1533550608506 0.102718 0.943993 -0.313571 -0.603828 -0.957945 0.178791 0.224446 -0.226342 0.267939 0.277329 0.922658 0.381105 0.316214 -0.384899 0.867099 0.400827 -0.930009 -0.306245 0.203216 -0.504329 0.187327 -0.87067 -0.454799 0.48594 
1533550608649 0.102753 0.943926 -0.313761 -0.603821 -0.957989 0.178819 0.224234 -0.226327 0.267766 0.277539 0.922645 0.381112 0.3162 -0.384907 0.867101 0.400798 -0.930014 -0.306239 0.203202 -0.504306 0.187326 -0.870669 -0.454801 0.485922 
1533550608814 0.102788 0.943859 -0.313951 -0.603815 -0.958033 0.178847 0.224022 -0.226313 0.267594 0.277749 0.922632 0.381118 0.316197 -0.384904 0.867103 0.400778 -0.930014 -0.30624 0.2032 -0.504292 0.187329 -0.87067 -0.454799 0.485903 
1533550608821 0.102823 0.943792 -0.314141 -0.603808 -0.958078 0.178875 0.22381 -0.226298 0.267421 0.277958 0.922619 0.381124 0.316201 -0.384895 0.867106 0.400765 -0.930012 -0.306246 0.203202 -0.504277 0.187337 -0.870672 -0.454792 0.485883 
1533550609021 0.102859 0.943725 -0.31433 -0.603805 -0.958122 0.178903 0.223598 -0.226285 0.267249 0.278168 0.922605 0.381128 0.316123 -0.384928 0.86712 0.40068 -0.93004 -0.30621 0.20313 -0.504145 0.18733 -0.87067 -0.454798 0.485852 
1533550609139 0.102689 0.943769 -0.314255 -0.603816 -0.958147 0.17872 0.223639 -0.226225 0.267227 0.278137 0.922621 0.381132 1 0 0 0 0 1 0 0 0 0 1 1.306 
1533550609151 0.102695 0.943759 -0.314281 -0.603819 -0.958145 0.178733 0.223635 -0.226234 0.267229 0.278161 0.922613 0.381126 0.313239 -0.3866 0.867422 0.386189 -0.93126 -0.304042 0.200784 -0.500185 0.18611 -0.870689 -0.455263 0.505382 
1533550609168 0.1027 0.94375 -0.314308 -0.603822 -0.958144 0.178744 0.22363 -0.226243 0.267231 0.278186 0.922605 0.38112 0.316244 -0.384866 0.867103 0.400216 -0.929998 -0.306258 0.203249 -0.504049 0.187334 -0.87068 -0.454777 0.486145 
1533550609328 0.102705 0.94374 -0.314336 -0.603824 -0.958143 0.178757 0.223625 -0.226252 0.267234 0.278211 0.922597 0.381114 0.316258 -0.384857 0.867102 0.400836 -0.929992 -0.306267 0.203261 -0.504368 0.187338 -0.870681 -0.454774 0.485921 
1533550609516 0.102711 0.94373 -0.314363 -0.603827 -0.958142 0.178769 0.22362 -0.226261 0.267236 0.278236 0.922589 0.381108 0.316239 -0.384881 0.867098 0.400855 -0.93 -0.306257 0.203241 -0.504361 0.187331 -0.870674 -0.454789 0.485943 
1533550609523 0.102716 0.94372 -0.314391 -0.60383 -0.958141 0.178781 0.223616 -0.22627 0.267238 0.278261 0.92258 0.381102 0.316214 -0.384899 0.867099 0.400827 -0.930009 -0.306245 0.203216 -0.504329 0.187327 -0.87067 -0.454799 0.48594 
1533550609680 0.102722 0.943711 -0.314418 -0.603833 -0.958139 0.178793 0.223611 -0.22628 0.26724 0.278287 0.922572 0.381096 0.3162 -0.384907 0.867101 0.400798 -0.930014 -0.306239 0.203202 -0.504306 0.187326 -0.870669 -0.454801 0.485922 
1533550609686 0.102727 0.943701 -0.314445 -0.603836 -0.958138 0.178805 0.223606 -0.226289 0.267242 0.278312 0.922564 0.38109 0.316197 -0.384904 0.867103 0.400778 -0.930014 -0.30624 0.2032 -0.504292 0.187329 -0.87067 -0.454799 0.485903 
1533550609772 0.102733 0.943691 -0.314473 -0.603838 -0.958137 0.178817 0.223602 -0.226298 0.267244 0.278337 0.922556 0.381084 0.316201 -0.384895 0.867106 0.400765 -0.930012 -0.306246 0.203202 -0.504277 0.187337 -0.870672 -0.454792 0.485883 
1533550609860 0.102738 0.943681 -0.3145 -0.603841 -0.958136 0.17883 0.223597 -0.226307 0.267246 0.278362 0.922548 0.381078 0.316123 -0.384928 0.86712 0.40068 -0.93004 -0.30621 0.20313 -0.504145 0.18733 -0.87067 -0.454798 0.485852 
1533550609888 0.102733 0.943707 -0.314426 -0.603834 -0.958181 0.178761 0.223459 -0.226262 0.267087 0.27832 0.922606 0.381089 1 0 0 0 0 1 0 0 0 0 1 1.306 
1533550609900 0.10281 0.94372 -0.314361 -0.603835 -0.95818 0.17881 0.223422 -0.226258 0.267059 0.278245 0.922637 0.381071 0.313239 -0.3866 0.867422 0.386189 -0.93126 -0.304042 0.200784 -0.500185 0.18611 -0.870689 -0.455263 0.505382 
1533550609916 0.102889 0.943733 -0.314296 -0.603835 -0.95818 0.178859 0.223384 -0.226254 0.26703 0.278168 0.922669 0.381053 0.316244 -0.384866 0.867103 0.400216 -0.929998 -0.306258 0.203249 -0.504049 0.187334 -0.87068 -0.454777 0.486145 
1533550610099 0.102968 0.943746 -0.314231 -0.603836 -0.95818 0.178908 0.223346 -0.22625 0.267001 0.278092 0.9227 0.381036 0.316258 -0.384857 0.867102 0.400836 -0.929992 -0.306267 0.203261 -0.504368 0.187338 -0.870681 -0.454774 0.485921 
1533550610311 0.103046 0.943759 -0.314166 -0.603837 -0.958179 0.178957 0.223309 -0.226246 0.266972 0.278016 0.922731 0.381018 0.316239 -0.384881 0.867098 0.400855 -0.93 -0.306257 0.203241 -0.504361 0.187331 -0.870674 -0.454789 0.485943 
1533550610525 0.103125 0.943772 -0.3141 -0.603837 -0.958179 0.179006 0.22327 -0.226242 0.266942 0.27794 0.922763 0.381 0.316214 -0.384899 0.867099 0.400827 -0.930009 -0.306245 0.203216 -0.504329 0.187327 -0.87067 -0.454799 0.48594 
1533550610531 0.103203 0.943785 -0.314035 -0.603838 -0.958179 0.179055 0.223233 -0.226237 0.266913 0.277864 0.922794 0.380982 0.3162 -0.384907 0.867101 0.400798 -0.930014 -0.306239 0.203202 -0.504306 0.187326 -0.870669 -0.454801 0.485922 
1533550610651 0.103281 0.943798 -0.31397 -0.603839 -0.958178 0.179104 0.223195 -0.226233 0.266884 0.277788 0.922825 0.380964 0.316197 -0.384904 0.867103 0.400778 -0.930014 -0.30624 0.2032 -0.504292 0.187329 -0.87067 -0.454799 0.485903 
1533550610857 0.103359 0.943811 -0.313906 -0.60384 -0.958178 0.179153 0.223157 -0.226229 0.266855 0.277712 0.922857 0.380947 0.316201 -0.384895 0.867106 0.400765 -0.930012 -0.306246 0.203202 -0.504277 0.187337 -0.870672 -0.454792 0.485883 
1533550611040 0.103438 0.943825 -0.31384 -0.60384 -0.958178 0.179203 0.223119 -0.226225 0.266826 0.277636 0.922888 0.380929 0.316123 -0.384928 0.86712 0.40068 -0.93004 -0.30621 0.20313 -0.504145 0.18733 -0.87067 -0.454798 0.485852 
1533550611169 0.103558 0.943769 -0.313967 -0.603845 -0.958109 0.179402 0.223253 -0.22628 0.267025 0.277695 0.922813 0.380916 1 0 0 0 0 1 0 0 0 0 1 1.306 
1533550611179 0.103455 0.943776 -0.313981 -0.603842 -0.958098 0.179333 0.223356 -0.226289 0.267105 0.277717 0.922783 0.380919 0.313239 -0.3866 0.867422 0.386189 -0.93126 -0.304042 0.200784 -0.500185 0.18611 -0.870689 -0.455263 0.505382 
1533550611325 0.103352 0.943783 -0.313994 -0.603839 -0.958086 0.179264 0.223461 -0.226297 0.267186 0.277738 0.922753 0.380922 0.316244 -0.384866 0.867103 0.400216 -0.929998 -0.306258 0.203249 -0.504049 0.187334 -0.87068 -0.454777 0.486145 
1533550611553 0.10325 0.94379 -0.314007 -0.603836 -0.958075 0.179195 0.223565 -0.226306 0.267267 0.277759 0.922723 0.380925 0.316258 -0.384857 0.867102 0.400836 -0.929992 -0.306267 0.203261 -0.504368 0.187338 -0.870681 -0.454774 0.485921 
1533550611712 0.103147 0.943797 -0.31402 -0.603833 -0.958063 0.179126 0.22367 -0.226315 0.267348 0.27778 0.922693 0.380928 0.316239 -0.384881 0.867098 0.400855 -0.93 -0.306257 0.203241 -0.504361 0.187331 -0.870674 -0.454789 0.485943 
1533550611942 0.103045 0.943803 -0.314033 -0.603829 -0.958052 0.179057 0.223775 -0.226323 0.267429 0.277801 0.922664 0.380931 0.316214 -0.384899 0.867099 0.400827 -0.930009 -0.306245 0.203216 -0.504329 0.187327 -0.87067 -0.454799 0.48594 
1533550612088 0.102943 0.94381 -0.314046 -0.603826 -0.95804 0.178989 0.223879 -0.226332 0.26751 0.277822 0.922634 0.380935 0.3162 -0.384907 0.867101 0.400798 -0.930014 -0.306239 0.203202 -0.504306 0.187326 -0.870669 -0.454801 0.485922 
1533550612223 0.10284 0.943817 -0.314059 -0.603823 -0.958029 0.17892 0.223984 -0.226341 0.267591 0.277843 0.922604 0.380938 0.316197 -0.384904 0.867103 0.400778 -0.930014 -0.30624 0.2032 -0.504292 0.187329 -0.87067 -0.454799 0.485903 
1533550612339 0.102737 0.943824 -0.314072 -0.60382 -0.958017 0.178851 0.224088 -0.22635 0.267672 0.277865 0.922574 0.380941 0.316201 -0.384895 0.867106 0.400765 -0.930012 -0.306246 0.203202 -0.504277 0.187337 -0.870672 -0.454792 0.485883 
1533550612514 0.102635 0.943831 -0.314085 -0.603817 -0.958006 0.178783 0.224192 -0.226358 0.267752 0.277886 0.922544 0.380944 0.316123 -0.384928 0.86712 0.40068 -0.93004 -0.30621 0.20313 -0.504145 0.18733 -0.87067 -0.454798 0.485852 
1533550612629 0.102703 0.943857 -0.313984 -0.603825 -0.958043 0.178775 0.224037 -0.226341 0.267592 0.277801 0.922616 0.380959 1 0 0 0 0 1 0 0 0 0 1 1.306 
1533550612641 0.102731 0.943853 -0.313988 -0.603822 -0.958027 0.178815 0.224073 -0.226344 0.267638 0.27779 0.922607 0.380961 0.313239 -0.3866 0.867422 0.386189 -0.93126 -0.304042 0.200784 -0.500185 0.18611 -0.870689 -0.455263 0.505382 
1533550612648 0.102759 0.943848 -0.313992 -0.603819 -0.958011 0.178857 0.22411 -0.226347 0.267685 0.277778 0.922596 0.380963 0.316244 -0.384866 0.867103 0.400216 -0.929998 -0.306258 0.203249 -0.504049 0.187334 -0.87068 -0.454777 0.486145 
