1534336009404 0.0982726 0.867539 -0.487565 -0.59493 -0.960666 0.210573 0.181049 -0.23287 0.259735 0.450595 0.854109 0.407445 0.16008 -0.304787 0.938871 0.370831 -0.775623 0.549475 0.310623 -0.528794 -0.61056 -0.777934 -0.14844 0.432481 
1534336009415 0.105984 0.870234 -0.481103 -0.596169 -0.959998 0.215654 0.1786 -0.231788 0.259175 0.442929 0.858278 0.406457 0.316241 -0.38488 0.867098 0.400864 -0.930001 -0.306251 0.203246 -0.504429 0.187325 -0.870677 -0.454788 0.485926 
1534336009769 0.113687 0.872834 -0.474591 -0.597407 -0.959285 0.220747 0.176189 -0.230706 0.258548 0.435238 0.862392 0.405468 0.316241 -0.38488 0.867098 0.400864 -0.930001 -0.306251 0.203246 -0.504429 0.187325 -0.870677 -0.454788 0.485926 
1534336010105 0.121379 0.875337 -0.46803 -0.598646 -0.958529 0.225852 0.173817 -0.229623 0.257854 0.427522 0.86645 0.40448 0.316241 -0.38488 0.867098 0.400864 -0.930001 -0.306251 0.203246 -0.504429 0.187325 -0.870677 -0.454788 0.485926 
1534336010453 0.129061 0.877745 -0.461419 -0.599884 -0.95773 0.230968 0.171483 -0.228541 0.257092 0.419784 0.870451 0.403492 0.316241 -0.38488 0.867098 0.400864 -0.930001 -0.306251 0.203246 -0.504429 0.187325 -0.870677 -0.454788 0.485926 
1534336010796 0.136731 0.880055 -0.454761 -0.601123 -0.956888 0.236095 0.169189 -0.227459 0.256262 0.412022 0.874395 0.402504 0.316241 -0.38488 0.867098 0.400864 -0.930001 -0.306251 0.203246 -0.504429 0.187325 -0.870677 -0.454788 0.485926 
1534336011125 0.144388 0.882268 -0.448056 -0.602361 -0.956002 0.241232 0.166933 -0.226377 0.255365 0.40424 0.878282 0.401515 0.316241 -0.38488 0.867098 0.400864 -0.930001 -0.306251 0.203246 -0.504429 0.187325 -0.870677 -0.454788 0.485926 
1534336011459 0.152032 0.884385 -0.441305 -0.603599 -0.955074 0.246378 0.164718 -0.225294 0.254402 0.396436 0.88211 0.400527 0.316241 -0.38488 0.867098 0.400864 -0.930001 -0.306251 0.203246 -0.504429 0.187325 -0.870677 -0.454788 0.485926 
1534336011799 0.159663 0.886403 -0.434508 -0.604838 -0.954102 0.251533 0.162542 -0.224212 0.253371 0.388613 0.88588 0.399539 0.316241 -0.38488 0.867098 0.400864 -0.930001 -0.306251 0.203246 -0.504429 0.187325 -0.870677 -0.454788 0.485926 
1534336012137 0.167283 0.888321 -0.42767 -0.606002 -0.953087 0.256702 0.160402 -0.223098 0.252272 0.380774 0.88959 0.398564 0.316531 -0.385118 0.866887 0.401814 -0.929976 -0.306103 0.20358 -0.50615 0.186955 -0.870623 -0.455042 0.486735 
1534336012497 0.166445 0.887936 -0.428796 -0.605761 -0.953134 0.256301 0.160763 -0.223341 0.252648 0.381942 0.888982 0.398681 0.316531 -0.385118 0.866887 0.401814 -0.929976 -0.306103 0.20358 -0.50615 0.186955 -0.870623 -0.455042 0.486735 
1534336012510 0.167287 0.888148 -0.428029 -0.6059 -0.95303 0.256857 0.160497 -0.223268 0.252487 0.381075 0.8894 0.398503 0.316221 -0.384863 0.867113 0.400797 -0.930002 -0.306262 0.203223 -0.504308 0.187351 -0.87068 -0.45477 0.485869 
1534336012526 0.168128 0.888358 -0.427262 -0.60604 -0.952925 0.257412 0.160231 -0.223194 0.252324 0.380209 0.889817 0.398325 0.316221 -0.384863 0.867113 0.400797 -0.930002 -0.306262 0.203223 -0.504308 0.187351 -0.87068 -0.45477 0.485869 
1534336012547 0.168969 0.888568 -0.426493 -0.606179 -0.952819 0.257966 0.159965 -0.223121 0.252161 0.379342 0.890233 0.398147 0.316221 -0.384863 0.867113 0.400797 -0.930002 -0.306262 0.203223 -0.504308 0.187351 -0.87068 -0.45477 0.485869 
1534336012687 0.169808 0.888777 -0.425724 -0.606319 -0.952713 0.258521 0.1597 -0.223048 0.251996 0.378475 0.890648 0.397969 0.316221 -0.384863 0.867113 0.400797 -0.930002 -0.306262 0.203223 -0.504308 0.187351 -0.87068 -0.45477 0.485869 
1534336012760 0.170649 0.888984 -0.424955 -0.606458 -0.952607 0.259076 0.159435 -0.222974 0.251831 0.377608 0.891063 0.397791 0.316221 -0.384863 0.867113 0.400797 -0.930002 -0.306262 0.203223 -0.504308 0.187351 -0.87068 -0.45477 0.485869 
1534336012847 0.171488 0.88919 -0.424185 -0.606598 -0.9525 0.259631 0.159172 -0.222901 0.251665 0.37674 0.891477 0.397612 0.316221 -0.384863 0.867113 0.400797 -0.930002 -0.306262 0.203223 -0.504308 0.187351 -0.87068 -0.45477 0.485869 
1534336012922 0.172328 0.889394 -0.423415 -0.606737 -0.952392 0.260186 0.158908 -0.222828 0.251499 0.375873 0.89189 0.397434 0.316221 -0.384863 0.867113 0.400797 -0.930002 -0.306262 0.203223 -0.504308 0.187351 -0.87068 -0.45477 0.485869 
1534336013008 0.173168 0.889598 -0.422644 -0.606876 -0.952284 0.260742 0.158645 -0.222754 0.251331 0.375005 0.892302 0.397256 0.316221 -0.384863 0.867113 0.400797 -0.930002 -0.306262 0.203223 -0.504308 0.187351 -0.87068 -0.45477 0.485869 
1534336013087 0.174006 0.889801 -0.421872 -0.607016 -0.952176 0.261297 0.158382 -0.222681 0.251163 0.374137 0.892714 0.397078 0.316221 -0.384863 0.867113 0.400797 -0.930002 -0.306262 0.203223 -0.504308 0.187351 -0.87068 -0.45477 0.485869 
1534336013186 0.173131 0.889462 -0.422945 -0.606825 -0.952302 0.260745 0.158531 -0.222846 0.251288 0.375325 0.89218 0.397149 0.316221 -0.384863 0.867113 0.400797 -0.930002 -0.306262 0.203223 -0.504308 0.187351 -0.87068 -0.45477 0.485869 
1534336013198 0.17358 0.889768 -0.422117 -0.60686 -0.952254 0.260953 0.158477 -0.222807 0.251161 0.374454 0.892582 0.397043 0.31622 -0.384863 0.867113 0.400795 -0.930002 -0.306262 0.203222 -0.504305 0.187352 -0.87068 -0.454769 0.485867 
1534336013214 0.174028 0.890073 -0.421288 -0.606897 -0.952207 0.261161 0.158423 -0.222768 0.251032 0.373583 0.892983 0.396936 0.31622 -0.384863 0.867113 0.400795 -0.930002 -0.306262 0.203222 -0.504304 0.187352 -0.87068 -0.454769 0.485867 
1534336013231 0.174477 0.890378 -0.420458 -0.606936 -0.952159 0.261368 0.158368 -0.22273 0.250902 0.372711 0.893384 0.396828 0.31622 -0.384863 0.867113 0.400795 -0.930002 -0.306262 0.203222 -0.504304 0.187351 -0.87068 -0.454769 0.485867 
1534336013364 0.174925 0.890681 -0.419629 -0.606975 -0.952111 0.261576 0.158314 -0.222692 0.250772 0.37184 0.893783 0.396719 0.31622 -0.384863 0.867113 0.400795 -0.930002 -0.306262 0.203222 -0.504304 0.187351 -0.87068 -0.454769 0.485867 
1534336013429 0.175373 0.890984 -0.418798 -0.607012 -0.952063 0.261784 0.15826 -0.222653 0.250642 0.370968 0.894182 0.396612 0.31622 -0.384863 0.867113 0.400795 -0.930002 -0.306262 0.203222 -0.504304 0.187351 -0.87068 -0.454769 0.485867 
1534336013522 0.175821 0.891286 -0.417967 -0.607051 -0.952014 0.261991 0.158207 -0.222616 0.250511 0.370095 0.89458 0.396504 0.31622 -0.384863 0.867113 0.400795 -0.930002 -0.306262 0.203222 -0.504304 0.187351 -0.87068 -0.454769 0.485867 
1534336013584 0.176268 0.891587 -0.417136 -0.607089 -0.951966 0.262199 0.158153 -0.222577 0.25038 0.369222 0.894978 0.396397 0.31622 -0.384863 0.867113 0.400795 -0.930002 -0.306262 0.203222 -0.504304 0.187351 -0.87068 -0.454769 0.485867 
1534336013666 0.176715 0.891887 -0.416304 -0.607128 -0.951918 0.262406 0.1581 -0.22254 0.250248 0.368349 0.895374 0.396289 0.31622 -0.384863 0.867113 0.400795 -0.930002 -0.306262 0.203222 -0.504304 0.187351 -0.87068 -0.454769 0.485867 
1534336013733 0.177163 0.892186 -0.415472 -0.607166 -0.951869 0.262613 0.158047 -0.222501 0.250116 0.367475 0.89577 0.396181 0.31622 -0.384863 0.867113 0.400795 -0.930002 -0.306262 0.203222 -0.504304 0.187351 -0.87068 -0.454769 0.485867 
1534336013827 0.17664 0.891793 -0.416537 -0.607127 -0.951957 0.262343 0.157972 -0.222564 0.250154 0.368621 0.895288 0.396239 0.31622 -0.384863 0.867113 0.400795 -0.930002 -0.306262 0.203222 -0.504304 0.187351 -0.87068 -0.454769 0.485867 
1534336013840 0.176362 0.891843 -0.416547 -0.607075 -0.952026 0.262065 0.158015 -0.222688 0.250087 0.368696 0.895276 0.39625 0.31622 -0.384863 0.867113 0.400795 -0.930002 -0.306262 0.203222 -0.504304 0.187351 -0.87068 -0.454769 0.485867 
1534336013857 0.176081 0.891894 -0.416558 -0.607025 -0.952095 0.261787 0.158057 -0.222814 0.250019 0.368772 0.895264 0.396262 0.31622 -0.384863 0.867113 0.400795 -0.930002 -0.306262 0.203222 -0.504304 0.187351 -0.87068 -0.454769 0.485867 
1534336013975 0.175801 0.891944 -0.416568 -0.606976 -0.952165 0.261508 0.158099 -0.222941 0.249952 0.368848 0.895252 0.396274 0.31622 -0.384863 0.867113 0.400795 -0.930002 -0.306262 0.203222 -0.504304 0.187351 -0.87068 -0.454769 0.485867 
1534336013997 0.175522 0.891995 -0.416579 -0.606928 -0.952234 0.261231 0.158142 -0.223068 0.249885 0.368923 0.895239 0.396286 0.31622 -0.384863 0.867113 0.400795 -0.930002 -0.306262 0.203222 -0.504304 0.187351 -0.87068 -0.454769 0.485867 
1534336014004 0.175241 0.892045 -0.416589 -0.60688 -0.952304 0.260951 0.158184 -0.223195 0.249817 0.368999 0.895227 0.396298 0.31622 -0.384863 0.867113 0.400795 -0.930002 -0.306262 0.203222 -0.504304 0.187351 -0.87068 -0.454769 0.485867 
1534336014101 0.174962 0.892095 -0.416599 -0.60683 -0.952373 0.260674 0.158226 -0.223322 0.249749 0.369074 0.895215 0.39631 0.31622 -0.384863 0.867113 0.400795 -0.930002 -0.306262 0.203222 -0.504304 0.187351 -0.87068 -0.454769 0.485867 
1534336014135 0.174682 0.892145 -0.41661 -0.60678 -0.952442 0.260395 0.158269 -0.223448 0.249682 0.36915 0.895202 0.396321 0.31622 -0.384863 0.867113 0.400795 -0.930002 -0.306262 0.203222 -0.504304 0.187351 -0.87068 -0.454769 0.485867 
1534336014185 0.174401 0.892195 -0.41662 -0.606733 -0.952511 0.260116 0.158312 -0.223575 0.249614 0.369225 0.89519 0.396333 0.31622 -0.384863 0.867113 0.400795 -0.930002 -0.306262 0.203222 -0.504304 0.187351 -0.87068 -0.454769 0.485867 
1534336014240 0.174121 0.892245 -0.41663 -0.606684 -0.95258 0.259838 0.158354 -0.223701 0.249547 0.369301 0.895178 0.396345 0.31622 -0.384863 0.867113 0.400795 -0.930002 -0.306262 0.203222 -0.504304 0.187351 -0.87068 -0.454769 0.485867 
1534336014286 0.174444 0.89221 -0.41657 -0.606803 -0.952488 0.260169 0.158363 -0.223313 0.249672 0.369153 0.895204 0.396346 0.31622 -0.384863 0.867113 0.400795 -0.930002 -0.306262 0.203222 -0.504304 0.187351 -0.87068 -0.454769 0.485867 
1534336014301 0.173936 0.89211 -0.416997 -0.606662 -0.952506 0.259894 0.158705 -0.223566 0.249957 0.369587 0.894945 0.396355 0.31622 -0.384863 0.867113 0.400795 -0.930002 -0.306262 0.203222 -0.504304 0.187351 -0.87068 -0.454769 0.485867 
1534336014320 0.173427 0.89201 -0.417423 -0.606519 -0.952524 0.259619 0.159046 -0.223821 0.250241 0.370022 0.894686 0.396367 0.31622 -0.384863 0.867113 0.400795 -0.930002 -0.306262 0.203222 -0.504304 0.187351 -0.87068 -0.454769 0.485867 
1534336014335 0.172919 0.891909 -0.417848 -0.606377 -0.952542 0.259345 0.159387 -0.224075 0.250525 0.370457 0.894426 0.396378 0.31622 -0.384863 0.867113 0.400795 -0.930002 -0.306262 0.203222 -0.504304 0.187351 -0.87068 -0.454769 0.485867 
1534336014455 0.17241 0.891808 -0.418274 -0.606233 -0.95256 0.25907 0.159728 -0.22433 0.250809 0.370893 0.894166 0.396391 0.31622 -0.384863 0.867113 0.400795 -0.930002 -0.306262 0.203222 -0.504304 0.187351 -0.87068 -0.454769 0.485867 
1534336014519 0.171901 0.891707 -0.418699 -0.60609 -0.952577 0.258796 0.160069 -0.224585 0.251092 0.371327 0.893906 0.396402 0.31622 -0.384863 0.867113 0.400795 -0.930002 -0.306262 0.203222 -0.504304 0.187351 -0.87068 -0.454769 0.485867 
1534336014608 0.171392 0.891605 -0.419124 -0.605948 -0.952594 0.258521 0.16041 -0.224839 0.251375 0.371762 0.893646 0.396413 0.31622 -0.384863 0.867113 0.400795 -0.930002 -0.306262 0.203222 -0.504304 0.187351 -0.87068 -0.454769 0.485867 
1534336014668 0.170883 0.891503 -0.419549 -0.605805 -0.952611 0.258247 0.160752 -0.225093 0.251658 0.372197 0.893385 0.396424 0.31622 -0.384863 0.867113 0.400795 -0.930002 -0.306262 0.203222 -0.504304 0.187351 -0.87068 -0.454769 0.485867 
1534336014743 0.170373 0.891401 -0.419974 -0.605661 -0.952627 0.257973 0.161093 -0.225348 0.25194 0.372633 0.893124 0.396437 0.31622 -0.384863 0.867113 0.400795 -0.930002 -0.306262 0.203222 -0.504304 0.187351 -0.87068 -0.454769 0.485867 
1534336014805 0.169864 0.891298 -0.420398 -0.605518 -0.952644 0.257699 0.161435 -0.225603 0.252223 0.373068 0.892863 0.396449 0.31622 -0.384863 0.867113 0.400795 -0.930002 -0.306262 0.203222 -0.504304 0.187351 -0.87068 -0.454769 0.485867 
1534336014893 0.170636 0.891313 -0.420053 -0.605676 -0.952614 0.258175 0.160848 -0.225386 0.251813 0.372702 0.893131 0.396345 0.31622 -0.384863 0.867113 0.400795 -0.930002 -0.306262 0.203222 -0.504304 0.187351 -0.87068 -0.454769 0.485867 
1534336014906 0.170377 0.891386 -0.420003 -0.605402 -0.952675 0.25791 0.160912 -0.225481 0.251758 0.372711 0.893143 0.396295 0.31622 -0.384863 0.867113 0.400795 -0.930002 -0.306262 0.203222 -0.504304 0.187351 -0.87068 -0.45477 0.485867 
1534336014923 0.170119 0.891458 -0.419954 -0.605123 -0.952736 0.257645 0.160974 -0.225574 0.251701 0.372721 0.893155 0.396246 0.31622 -0.384863 0.867113 0.400795 -0.930002 -0.306262 0.203222 -0.504304 0.187351 -0.87068 -0.45477 0.485867 
1534336015043 0.16986 0.891531 -0.419905 -0.604845 -0.952797 0.25738 0.161037 -0.225668 0.251644 0.372731 0.893167 0.396197 0.31622 -0.384863 0.867113 0.400795 -0.930002 -0.306262 0.203222 -0.504304 0.187351 -0.87068 -0.45477 0.485867 
1534336015091 0.169602 0.891603 -0.419856 -0.604565 -0.952858 0.257115 0.161099 -0.225761 0.251588 0.37274 0.893179 0.396149 0.31622 -0.384863 0.867113 0.400795 -0.930002 -0.306262 0.203222 -0.504304 0.187351 -0.87068 -0.45477 0.485867 
1534336015183 0.169343 0.891676 -0.419806 -0.604288 -0.952919 0.256849 0.161162 -0.225854 0.251531 0.37275 0.893191 0.396099 0.31622 -0.384863 0.867113 0.400795 -0.930002 -0.306262 0.203222 -0.504304 0.187351 -0.87068 -0.45477 0.485867 
1534336015238 0.169084 0.891748 -0.419757 -0.604008 -0.95298 0.256585 0.161224 -0.225947 0.251475 0.372759 0.893203 0.396051 0.31622 -0.384863 0.867113 0.400795 -0.930002 -0.306262 0.203222 -0.504304 0.187351 -0.87068 -0.45477 0.485867 
1534336015311 0.168826 0.89182 -0.419707 -0.60373 -0.953041 0.25632 0.161287 -0.226041 0.251418 0.372769 0.893215 0.396001 0.31622 -0.384863 0.867113 0.400795 -0.930002 -0.306262 0.203222 -0.504304 0.187351 -0.87068 -0.45477 0.485867 
1534336015369 0.168567 0.891893 -0.419658 -0.603451 -0.953102 0.256054 0.161349 -0.226133 0.251361 0.372778 0.893227 0.395953 0.31622 -0.384863 0.867113 0.400795 -0.930002 -0.306262 0.203222 -0.504304 0.187351 -0.87068 -0.45477 0.485867 
1534336015441 0.168309 0.891965 -0.419608 -0.603172 -0.953162 0.255789 0.161411 -0.226227 0.251305 0.372788 0.893239 0.395904 0.31622 -0.384863 0.867113 0.400795 -0.930002 -0.306262 0.203222 -0.504304 0.187351 -0.87068 -0.45477 0.485867 
1534336015518 0.168776 0.891803 -0.419765 -0.603544 -0.953076 0.256246 0.161196 -0.226132 0.251318 0.372862 0.893204 0.395935 0.31622 -0.384863 0.867113 0.400795 -0.930002 -0.306262 0.203222 -0.504304 0.187351 -0.87068 -0.45477 0.485867 
1534336015529 0.168315 0.891867 -0.419814 -0.603247 -0.953109 0.255909 0.161533 -0.226196 0.2515 0.37294 0.89312 0.395974 0.31622 -0.384863 0.867113 0.400795 -0.930002 -0.306262 0.203222 -0.504304 0.187351 -0.87068 -0.45477 0.485867 
1534336015546 0.167855 0.89193 -0.419864 -0.602947 -0.953143 0.255572 0.16187 -0.22626 0.251682 0.37302 0.893036 0.396013 0.31622 -0.384863 0.867113 0.400795 -0.930002 -0.306262 0.203222 -0.504304 0.187351 -0.87068 -0.45477 0.485867 
1534336015578 0.167394 0.891993 -0.419914 -0.602646 -0.953176 0.255236 0.162206 -0.226323 0.251864 0.373099 0.892951 0.396052 0.31622 -0.384863 0.867113 0.400795 -0.930002 -0.306262 0.203222 -0.504304 0.187351 -0.87068 -0.45477 0.485867 
1534336015704 0.166935 0.892056 -0.419963 -0.602344 -0.953208 0.2549 0.162542 -0.226385 0.252046 0.373178 0.892867 0.396091 0.31622 -0.384863 0.867113 0.400795 -0.930002 -0.306262 0.203222 -0.504304 0.187351 -0.87068 -0.45477 0.485867 
1534336015751 0.166475 0.892119 -0.420013 -0.602042 -0.953241 0.254564 0.162879 -0.226448 0.252228 0.373258 0.892782 0.39613 0.31622 -0.384863 0.867113 0.400795 -0.930002 -0.306262 0.203222 -0.504304 0.187351 -0.87068 -0.45477 0.485867 
1534336015862 0.166014 0.892181 -0.420062 -0.601742 -0.953273 0.254228 0.163215 -0.226511 0.252409 0.373337 0.892697 0.396169 0.31622 -0.384863 0.867113 0.400795 -0.930002 -0.306262 0.203222 -0.504304 0.187351 -0.87068 -0.45477 0.485867 
1534336015912 0.165554 0.892244 -0.420111 -0.60144 -0.953305 0.253892 0.163552 -0.226573 0.252591 0.373417 0.892613 0.396208 0.31622 -0.384863 0.867113 0.400795 -0.930002 -0.306262 0.203222 -0.504304 0.187351 -0.87068 -0.45477 0.485867 
1534336016016 0.165094 0.892306 -0.42016 -0.601139 -0.953336 0.253556 0.163888 -0.226636 0.252772 0.373497 0.892528 0.396247 0.31622 -0.384863 0.867113 0.400795 -0.930002 -0.306262 0.203222 -0.504304 0.187351 -0.87068 -0.45477 0.485867 
1534336016075 0.164633 0.892368 -0.420209 -0.600838 -0.953368 0.253219 0.164225 -0.226699 0.252954 0.373576 0.892443 0.396286 0.31622 -0.384863 0.867113 0.400795 -0.930002 -0.306262 0.203222 -0.504304 0.187351 -0.87068 -0.45477 0.485867 
1534336016187 0.16527 0.892264 -0.420179 -0.601186 -0.953333 0.253678 0.163717 -0.226633 0.252669 0.373513 0.89255 0.396242 0.31622 -0.384863 0.867113 0.400795 -0.930002 -0.306262 0.203222 -0.504304 0.187351 -0.87068 -0.45477 0.485867 
1534336016201 0.164993 0.892344 -0.420118 -0.600978 -0.953368 0.253436 0.163892 -0.226663 0.252721 0.373486 0.892547 0.396245 0.31622 -0.384863 0.867113 0.400795 -0.930002 -0.306262 0.203222 -0.504304 0.187351 -0.87068 -0.45477 0.485867 
1534336016218 0.164715 0.892425 -0.420057 -0.600765 -0.953402 0.253194 0.164067 -0.22669 0.252773 0.373458 0.892544 0.396248 0.31622 -0.384863 0.867113 0.400795 -0.930002 -0.306262 0.203222 -0.504304 0.187351 -0.87068 -0.45477 0.485867 
1534336016234 0.164437 0.892505 -0.419995 -0.600553 -0.953436 0.252952 0.164243 -0.226718 0.252826 0.373431 0.89254 0.396251 0.31622 -0.384863 0.867113 0.400795 -0.930002 -0.306262 0.203222 -0.504304 0.187351 -0.87068 -0.45477 0.485867 
1534336016250 0.164158 0.892585 -0.419933 -0.600342 -0.95347 0.25271 0.164418 -0.226747 0.252878 0.373403 0.892537 0.396254 0.31622 -0.384863 0.867113 0.400795 -0.930002 -0.306262 0.203222 -0.504304 0.187351 -0.87068 -0.45477 0.485867 
1534336016415 0.163881 0.892665 -0.419872 -0.600129 -0.953503 0.252468 0.164593 -0.226774 0.252931 0.373376 0.892534 0.396258 0.31622 -0.384863 0.867113 0.400795 -0.930002 -0.306262 0.203222 -0.504304 0.187351 -0.87068 -0.45477 0.485867 
1534336016422 0.163603 0.892745 -0.41981 -0.599918 -0.953537 0.252225 0.164769 -0.226802 0.252984 0.373348 0.89253 0.396261 0.31622 -0.384863 0.867113 0.400795 -0.930002 -0.306262 0.203222 -0.504304 0.187351 -0.87068 -0.45477 0.485867 
1534336016536 0.163325 0.892825 -0.419749 -0.599705 -0.953571 0.251984 0.164944 -0.22683 0.253036 0.373321 0.892527 0.396264 0.31622 -0.384863 0.867113 0.400795 -0.930002 -0.306262 0.203222 -0.504304 0.187351 -0.87068 -0.45477 0.485867 
1534336016590 0.163047 0.892905 -0.419687 -0.599493 -0.953605 0.251742 0.16512 -0.226858 0.253089 0.373293 0.892524 0.396267 0.31622 -0.384863 0.867113 0.400795 -0.930002 -0.306262 0.203222 -0.504304 0.187351 -0.87068 -0.45477 0.485867 
1534336016638 0.162769 0.892984 -0.419625 -0.599282 -0.953638 0.251499 0.165295 -0.226886 0.253141 0.373265 0.89252 0.39627 0.31622 -0.384863 0.867113 0.400795 -0.930002 -0.306262 0.203222 -0.504304 0.187351 -0.87068 -0.45477 0.485867 
1534336016727 0.163335 0.892782 -0.419836 -0.599608 -0.95354 0.252052 0.165018 -0.226911 0.253146 0.373377 0.892472 0.396263 0.31622 -0.384863 0.867113 0.400795 -0.930002 -0.306262 0.203222 -0.504304 0.187351 -0.87068 -0.45477 0.485867 
1534336016740 0.162861 0.892801 -0.419978 -0.599444 -0.953526 0.251789 0.165498 -0.226939 0.253502 0.373507 0.892316 0.396283 0.31622 -0.384863 0.867113 0.400795 -0.930002 -0.306262 0.203222 -0.504304 0.187351 -0.87068 -0.45477 0.485867 
1534336016757 0.162387 0.892821 -0.420121 -0.599276 -0.953512 0.251527 0.165977 -0.226965 0.25386 0.373638 0.89216 0.396304 0.31622 -0.384863 0.867113 0.400795 -0.930002 -0.306262 0.203222 -0.504304 0.187351 -0.87068 -0.45477 0.485867 
1534336016773 0.161913 0.89284 -0.420264 -0.599108 -0.953498 0.251265 0.166457 -0.226991 0.254217 0.373769 0.892004 0.396325 0.31622 -0.384863 0.867113 0.400795 -0.930002 -0.306262 0.203222 -0.504304 0.187351 -0.87068 -0.45477 0.485867 
1534336016790 0.161438 0.892859 -0.420406 -0.598942 -0.953483 0.251003 0.166937 -0.227018 0.254574 0.3739 0.891847 0.396346 0.31622 -0.384863 0.867113 0.400795 -0.930002 -0.306262 0.203222 -0.504304 0.187351 -0.87068 -0.45477 0.485867 
1534336016797 0.160965 0.892877 -0.420548 -0.598773 -0.953468 0.250742 0.167416 -0.227043 0.254931 0.374031 0.89169 0.396367 0.31622 -0.384863 0.867113 0.400795 -0.930002 -0.306262 0.203222 -0.504304 0.187351 -0.87068 -0.45477 0.485867 
1534336016938 0.16049 0.892896 -0.42069 -0.598606 -0.953452 0.250479 0.167897 -0.22707 0.255288 0.374162 0.891533 0.396388 0.31622 -0.384863 0.867113 0.400795 -0.930002 -0.306262 0.203222 -0.504304 0.187351 -0.87068 -0.45477 0.485867 
1534336016945 0.160016 0.892914 -0.420831 -0.598437 -0.953436 0.250218 0.168376 -0.227095 0.255645 0.374293 0.891376 0.396409 0.31622 -0.384863 0.867113 0.400795 -0.930002 -0.306262 0.203222 -0.504304 0.187351 -0.87068 -0.45477 0.485867 
1534336017008 0.159542 0.892932 -0.420973 -0.59827 -0.95342 0.249956 0.168856 -0.227122 0.256002 0.374424 0.891218 0.39643 0.31622 -0.384863 0.867113 0.400795 -0.930002 -0.306262 0.203222 -0.504304 0.187351 -0.87068 -0.45477 0.485867 
1534336017087 0.159067 0.892951 -0.421114 -0.598103 -0.953404 0.249694 0.169336 -0.227148 0.256358 0.374555 0.89106 0.396451 0.31622 -0.384863 0.867113 0.400795 -0.930002 -0.306262 0.203222 -0.504304 0.187351 -0.87068 -0.45477 0.485867 
1534336017133 0.160012 0.892864 -0.420939 -0.598432 -0.953427 0.250249 0.168381 -0.2271 0.255681 0.374392 0.891324 0.396374 0.31622 -0.384863 0.867113 0.400795 -0.930002 -0.306262 0.203222 -0.504304 0.187351 -0.87068 -0.45477 0.485867 
1534336017144 0.159848 0.892969 -0.420778 -0.598309 -0.953446 0.250082 0.16852 -0.227123 0.255712 0.374252 0.891374 0.396355 0.31622 -0.384863 0.867113 0.400795 -0.930002 -0.306262 0.203222 -0.504304 0.187351 -0.87068 -0.45477 0.485867 
1534336017163 0.159685 0.893074 -0.420618 -0.598181 -0.953465 0.249917 0.168658 -0.227144 0.255743 0.374113 0.891423 0.396337 0.31622 -0.384863 0.867113 0.400795 -0.930002 -0.306262 0.203222 -0.504304 0.187351 -0.87068 -0.45477 0.485867 
1534336017178 0.159521 0.893179 -0.420458 -0.598053 -0.953484 0.249751 0.168796 -0.227165 0.255775 0.373974 0.891472 0.396319 0.31622 -0.384863 0.867113 0.400795 -0.930002 -0.306262 0.203222 -0.504304 0.187351 -0.87068 -0.45477 0.485867 
1534336017198 0.159357 0.893283 -0.420298 -0.597925 -0.953503 0.249585 0.168934 -0.227186 0.255806 0.373835 0.891522 0.396301 0.31622 -0.384863 0.867113 0.400795 -0.930002 -0.306262 0.203222 -0.504304 0.187351 -0.87068 -0.45477 0.485867 
1534336017269 0.159194 0.893388 -0.420138 -0.597798 -0.953522 0.24942 0.169072 -0.227208 0.255837 0.373696 0.891571 0.396282 0.31622 -0.384863 0.867113 0.400795 -0.930002 -0.306262 0.203222 -0.504304 0.187351 -0.87068 -0.45477 0.485867 
1534336017289 0.15903 0.893492 -0.419978 -0.59767 -0.953541 0.249254 0.169209 -0.227229 0.255868 0.373557 0.89162 0.396264 0.31622 -0.384863 0.867113 0.400795 -0.930002 -0.306262 0.203222 -0.504304 0.187351 -0.87068 -0.45477 0.485867 
1534336017295 0.158867 0.893596 -0.419818 -0.597543 -0.95356 0.249088 0.169347 -0.22725 0.2559 0.373418 0.891669 0.396246 0.31622 -0.384863 0.867113 0.400795 -0.930002 -0.306262 0.203222 -0.504304 0.187351 -0.87068 -0.45477 0.485867 
1534336017346 0.158703 0.893701 -0.419657 -0.597416 -0.953579 0.248922 0.169486 -0.227272 0.255931 0.373279 0.891719 0.396228 0.31622 -0.384863 0.867113 0.400795 -0.930002 -0.306262 0.203222 -0.504304 0.187351 -0.87068 -0.45477 0.485867 
1534336017383 0.15854 0.893805 -0.419497 -0.597287 -0.953598 0.248756 0.169623 -0.227292 0.255963 0.37314 0.891768 0.39621 0.31622 -0.384863 0.867113 0.400795 -0.930002 -0.306262 0.203222 -0.504304 0.187351 -0.87068 -0.45477 0.485867 
1534336017427 0.159069 0.893489 -0.41997 -0.597696 -0.953568 0.249238 0.169079 -0.227215 0.255743 0.373575 0.891649 0.396225 0.31622 -0.384863 0.867113 0.400795 -0.930002 -0.306262 0.203222 -0.504304 0.187351 -0.87068 -0.45477 0.485867 
1534336017439 0.158964 0.893536 -0.419909 -0.597588 -0.953559 0.249171 0.169232 -0.227232 0.255844 0.373506 0.891649 0.3962 0.31622 -0.384863 0.867113 0.400795 -0.930002 -0.306262 0.203222 -0.504304 0.187351 -0.87068 -0.45477 0.485867 
1534336017456 0.158859 0.893584 -0.419848 -0.597474 -0.953549 0.249105 0.169385 -0.227248 0.255945 0.373437 0.891648 0.396175 0.31622 -0.384863 0.867113 0.400795 -0.930002 -0.306262 0.203222 -0.504304 0.187351 -0.87068 -0.45477 0.485867 
1534336017473 0.158755 0.893631 -0.419786 -0.597362 -0.953539 0.249038 0.169537 -0.227263 0.256047 0.373368 0.891648 0.39615 0.31622 -0.384863 0.867113 0.400795 -0.930002 -0.306262 0.203222 -0.504304 0.187351 -0.87068 -0.45477 0.485867 
1534336017490 0.15865 0.893678 -0.419725 -0.597249 -0.95353 0.248971 0.16969 -0.227278 0.256148 0.373299 0.891648 0.396125 0.31622 -0.384863 0.867113 0.400795 -0.930002 -0.306262 0.203222 -0.504304 0.187351 -0.87068 -0.45477 0.485867 
1534336017506 0.158545 0.893726 -0.419664 -0.597137 -0.95352 0.248905 0.169843 -0.227294 0.256249 0.37323 0.891648 0.3961 0.31622 -0.384863 0.867113 0.400795 -0.930002 -0.306262 0.203222 -0.504304 0.187351 -0.87068 -0.45477 0.485867 
1534336017523 0.15844 0.893773 -0.419602 -0.597023 -0.95351 0.248838 0.169995 -0.227309 0.25635 0.373161 0.891648 0.396076 0.31622 -0.384863 0.867113 0.400795 -0.930002 -0.306262 0.203222 -0.504304 0.187351 -0.87068 -0.45477 0.485867 
1534336017540 0.158335 0.893821 -0.419541 -0.596911 -0.9535 0.248771 0.170148 -0.227325 0.256452 0.373092 0.891647 0.396051 0.31622 -0.384863 0.867113 0.400795 -0.930002 -0.306262 0.203222 -0.504304 0.187351 -0.87068 -0.45477 0.485867 
1534336017616 0.15823 0.893868 -0.419479 -0.596799 -0.95349 0.248704 0.170301 -0.22734 0.256553 0.373023 0.891647 0.396026 0.31622 -0.384863 0.867113 0.400795 -0.930002 -0.306262 0.203222 -0.504304 0.187351 -0.87068 -0.45477 0.485867 
1534336017658 0.158125 0.893915 -0.419418 -0.596685 -0.95348 0.248637 0.170454 -0.227355 0.256654 0.372954 0.891647 0.396001 0.31622 -0.384863 0.867113 0.400795 -0.930002 -0.306262 0.203222 -0.504304 0.187351 -0.87068 -0.45477 0.485867 
1534336017686 0.15806 0.893766 -0.41976 -0.597083 -0.953573 0.248525 0.170101 -0.227165 0.256352 0.373386 0.891553 0.396067 0.31622 -0.384863 0.867113 0.400795 -0.930002 -0.306262 0.203222 -0.504304 0.187351 -0.87068 -0.45477 0.485867 
1534336017698 0.158098 0.893754 -0.419772 -0.596997 -0.953632 0.248466 0.169856 -0.227155 0.256108 0.373455 0.891594 0.396074 0.31622 -0.384863 0.867113 0.400795 -0.930002 -0.306262 0.203222 -0.504304 0.187351 -0.87068 -0.45477 0.485867 
1534336017715 0.158136 0.893741 -0.419785 -0.596906 -0.953691 0.248408 0.169609 -0.227142 0.255864 0.373524 0.891635 0.396081 0.31622 -0.384863 0.867113 0.400795 -0.930002 -0.306262 0.203222 -0.504304 0.187351 -0.87068 -0.45477 0.485867 
1534336017731 0.158174 0.893729 -0.419798 -0.596815 -0.95375 0.248349 0.169363 -0.227129 0.255621 0.373593 0.891676 0.396088 0.31622 -0.384863 0.867113 0.400795 -0.930002 -0.306262 0.203222 -0.504304 0.187351 -0.87068 -0.45477 0.485867 
1534336017748 0.158212 0.893716 -0.41981 -0.596724 -0.953809 0.24829 0.169116 -0.227116 0.255377 0.373663 0.891717 0.396095 0.31622 -0.384863 0.867113 0.400795 -0.930002 -0.306262 0.203222 -0.504304 0.187351 -0.87068 -0.45477 0.485867 
1534336017765 0.158249 0.893704 -0.419823 -0.596634 -0.953868 0.24823 0.16887 -0.227104 0.255133 0.373732 0.891758 0.396102 0.31622 -0.384863 0.867113 0.400795 -0.930002 -0.306262 0.203222 -0.504304 0.187351 -0.87068 -0.45477 0.485867 
1534336017841 0.158287 0.893691 -0.419835 -0.596543 -0.953927 0.248172 0.168624 -0.227091 0.254889 0.373801 0.891798 0.39611 0.31622 -0.384863 0.867113 0.400795 -0.930002 -0.306262 0.203222 -0.504304 0.187351 -0.87068 -0.45477 0.485867 
1534336017872 0.158325 0.893679 -0.419848 -0.596453 -0.953986 0.248112 0.168378 -0.227079 0.254645 0.37387 0.891839 0.396117 0.31622 -0.384863 0.867113 0.400795 -0.930002 -0.306262 0.203222 -0.504304 0.187351 -0.87068 -0.45477 0.485867 
1534336017900 0.158363 0.893666 -0.41986 -0.596361 -0.954045 0.248054 0.168131 -0.227066 0.254401 0.37394 0.89188 0.396124 0.31622 -0.384863 0.867113 0.400795 -0.930002 -0.306262 0.203222 -0.504304 0.187351 -0.87068 -0.45477 0.485867 
1534336017928 0.158401 0.893653 -0.419873 -0.596271 -0.954104 0.247994 0.167885 -0.227053 0.254157 0.374009 0.89192 0.396131 0.31622 -0.384863 0.867113 0.400795 -0.930002 -0.306262 0.203222 -0.504304 0.187351 -0.87068 -0.45477 0.485867 
1534336017986 0.157964 0.893665 -0.420012 -0.596585 -0.954005 0.247876 0.168615 -0.226966 0.254796 0.374058 0.891717 0.396055 0.31622 -0.384863 0.867113 0.400795 -0.930002 -0.306262 0.203222 -0.504304 0.187351 -0.87068 -0.45477 0.485867 
1534336017997 0.157952 0.893659 -0.420029 -0.596508 -0.954019 0.247852 0.168575 -0.226968 0.254753 0.374089 0.891717 0.396043 0.31622 -0.384863 0.867113 0.400795 -0.930002 -0.306262 0.203222 -0.504304 0.187351 -0.87068 -0.45477 0.485867 
1534336018014 0.157941 0.893653 -0.420046 -0.596427 -0.954032 0.247829 0.168535 -0.226969 0.254711 0.374118 0.891716 0.396031 0.31622 -0.384863 0.867113 0.400795 -0.930002 -0.306262 0.203222 -0.504304 0.187351 -0.87068 -0.45477 0.485867 
1534336018030 0.15793 0.893647 -0.420062 -0.596346 -0.954045 0.247805 0.168494 -0.226969 0.254668 0.374148 0.891716 0.396019 0.31622 -0.384863 0.867113 0.400795 -0.930002 -0.306262 0.203222 -0.504304 0.187351 -0.87068 -0.45477 0.485867 
1534336018047 0.157918 0.893642 -0.420079 -0.596266 -0.954059 0.247781 0.168455 -0.22697 0.254625 0.374178 0.891716 0.396008 0.31622 -0.384863 0.867113 0.400795 -0.930002 -0.306262 0.203222 -0.504304 0.187351 -0.87068 -0.45477 0.485867 
1534336018064 0.157907 0.893636 -0.420096 -0.596185 -0.954072 0.247758 0.168414 -0.22697 0.254583 0.374208 0.891715 0.395996 0.31622 -0.384863 0.867113 0.400795 -0.930002 -0.306262 0.203222 -0.504304 0.187351 -0.87068 -0.45477 0.485867 
1534336018080 0.157895 0.89363 -0.420113 -0.596105 -0.954085 0.247733 0.168374 -0.226971 0.25454 0.374238 0.891715 0.395984 0.31622 -0.384863 0.867113 0.400795 -0.930002 -0.306262 0.203222 -0.504304 0.187351 -0.87068 -0.45477 0.485867 
1534336018097 0.157885 0.893624 -0.42013 -0.596023 -0.954098 0.24771 0.168334 -0.226971 0.254498 0.374268 0.891714 0.395973 0.31622 -0.384863 0.867113 0.400795 -0.930002 -0.306262 0.203222 -0.504304 0.187351 -0.87068 -0.45477 0.485867 
1534336018194 0.157874 0.893618 -0.420147 -0.595943 -0.954111 0.247686 0.168294 -0.226972 0.254455 0.374297 0.891714 0.395961 0.31622 -0.384863 0.867113 0.400795 -0.930002 -0.306262 0.203222 -0.504304 0.187351 -0.87068 -0.45477 0.485867 
1534336018211 0.157862 0.893612 -0.420163 -0.595862 -0.954125 0.247662 0.168254 -0.226973 0.254412 0.374327 0.891714 0.395949 0.31622 -0.384863 0.867113 0.400795 -0.930002 -0.306262 0.203222 -0.504304 0.187351 -0.87068 -0.45477 0.485867 
1534336018238 0.15766 0.893629 -0.420202 -0.596215 -0.954108 0.24756 0.168496 -0.226857 0.254599 0.374353 0.89165 0.39599 0.31622 -0.384863 0.867113 0.400795 -0.930002 -0.306262 0.203222 -0.504304 0.187351 -0.87068 -0.45477 0.485867 
1534336018252 0.157623 0.893625 -0.420226 -0.596145 -0.954121 0.247522 0.168483 -0.226876 0.254576 0.37439 0.891641 0.395982 0.31622 -0.384863 0.867113 0.400795 -0.930002 -0.306262 0.203222 -0.504304 0.187351 -0.87068 -0.45477 0.485867 
1534336018269 0.157587 0.89362 -0.42025 -0.596069 -0.954133 0.247485 0.168468 -0.226892 0.254552 0.374426 0.891632 0.395975 0.31622 -0.384863 0.867113 0.400795 -0.930002 -0.306262 0.203222 -0.504304 0.187351 -0.87068 -0.45477 0.485867 
1534336018285 0.157551 0.893615 -0.420274 -0.595994 -0.954145 0.247448 0.168454 -0.226909 0.254529 0.374463 0.891624 0.395968 0.31622 -0.384863 0.867113 0.400795 -0.930002 -0.306262 0.203222 -0.504304 0.187351 -0.87068 -0.45477 0.485867 
1534336018291 0.157515 0.89361 -0.420298 -0.595918 -0.954157 0.247411 0.16844 -0.226926 0.254506 0.374499 0.891615 0.395962 0.31622 -0.384863 0.867113 0.400795 -0.930002 -0.306262 0.203222 -0.504304 0.187351 -0.87068 -0.45477 0.485867 
1534336018304 0.157478 0.893605 -0.420322 -0.595844 -0.95417 0.247373 0.168426 -0.226943 0.254482 0.374535 0.891606 0.395954 0.31622 -0.384863 0.867113 0.400795 -0.930002 -0.306262 0.203222 -0.504304 0.187351 -0.87068 -0.45477 0.485867 
1534336018321 0.157442 0.8936 -0.420347 -0.595768 -0.954182 0.247336 0.168411 -0.226959 0.254459 0.374572 0.891598 0.395948 0.31622 -0.384863 0.867113 0.400795 -0.930002 -0.306262 0.203222 -0.504304 0.187351 -0.87068 -0.45477 0.485867 
1534336018338 0.157406 0.893595 -0.420371 -0.595694 -0.954194 0.247299 0.168396 -0.226976 0.254435 0.374608 0.891589 0.39594 0.31622 -0.384863 0.867113 0.400795 -0.930002 -0.306262 0.203222 -0.504304 0.187351 -0.87068 -0.45477 0.485867 
1534336018354 0.15737 0.89359 -0.420394 -0.595619 -0.954206 0.247261 0.168382 -0.226993 0.254412 0.374645 0.891581 0.395933 0.31622 -0.384863 0.867113 0.400795 -0.930002 -0.306262 0.203222 -0.504304 0.187351 -0.87068 -0.45477 0.485867 
1534336018371 0.157334 0.893585 -0.420419 -0.595543 -0.954218 0.247224 0.168368 -0.227009 0.254388 0.374681 0.891572 0.395927 0.31622 -0.384863 0.867113 0.400795 -0.930002 -0.306262 0.203222 -0.504304 0.187351 -0.87068 -0.45477 0.485867 
1534336018436 0.157627 0.893622 -0.42023 -0.595876 -0.954165 0.247461 0.168323 -0.2269 0.254408 0.374436 0.891669 0.395966 0.31622 -0.384863 0.867113 0.400795 -0.930002 -0.306262 0.203222 -0.504304 0.187351 -0.87068 -0.45477 0.485867 
1534336018448 0.157638 0.89377 -0.41991 -0.595763 -0.954207 0.247346 0.168254 -0.226942 0.254244 0.374158 0.891833 0.395918 0.31622 -0.384863 0.867113 0.400795 -0.930002 -0.306262 0.203222 -0.504304 0.187351 -0.87068 -0.45477 0.485867 
1534336018465 0.157648 0.893919 -0.419591 -0.595648 -0.954248 0.247231 0.168187 -0.226983 0.254082 0.373879 0.891996 0.39587 0.31622 -0.384863 0.867113 0.400795 -0.930002 -0.306262 0.203222 -0.504304 0.187351 -0.87068 -0.45477 0.485867 
1534336018481 0.157658 0.894067 -0.419271 -0.595531 -0.95429 0.247117 0.168119 -0.227023 0.253919 0.373601 0.892159 0.395823 0.31622 -0.384863 0.867113 0.400795 -0.930002 -0.306262 0.203222 -0.504304 0.187351 -0.87068 -0.45477 0.485867 
1534336018562 0.157669 0.894215 -0.418952 -0.595414 -0.954331 0.247003 0.168052 -0.227064 0.253757 0.373322 0.892322 0.395775 0.31622 -0.384863 0.867113 0.400795 -0.930002 -0.306262 0.203222 -0.504304 0.187351 -0.87068 -0.45477 0.485867 
1534336018601 0.157679 0.894363 -0.418632 -0.595297 -0.954373 0.246889 0.167984 -0.227104 0.253594 0.373043 0.892485 0.395728 0.31622 -0.384863 0.867113 0.400795 -0.930002 -0.306262 0.203222 -0.504304 0.187351 -0.87068 -0.45477 0.485867 
1534336018647 0.15769 0.89451 -0.418312 -0.595181 -0.954414 0.246775 0.167916 -0.227144 0.253432 0.372764 0.892647 0.39568 0.31622 -0.384863 0.867113 0.400795 -0.930002 -0.306262 0.203222 -0.504304 0.187351 -0.87068 -0.45477 0.485867 
1534336018689 0.157699 0.894658 -0.417992 -0.595065 -0.954456 0.24666 0.167849 -0.227185 0.253269 0.372485 0.89281 0.395632 0.31622 -0.384863 0.867113 0.400795 -0.930002 -0.306262 0.203222 -0.504304 0.187351 -0.87068 -0.45477 0.485867 
1534336018733 0.15771 0.894806 -0.417673 -0.594948 -0.954497 0.246546 0.167781 -0.227225 0.253107 0.372207 0.892972 0.395585 0.31622 -0.384863 0.867113 0.400795 -0.930002 -0.306262 0.203222 -0.504304 0.187351 -0.87068 -0.45477 0.485867 
1534336018739 0.15772 0.894953 -0.417353 -0.594832 -0.954538 0.246432 0.167713 -0.227266 0.252944 0.371928 0.893134 0.395537 0.31622 -0.384863 0.867113 0.400795 -0.930002 -0.306262 0.203222 -0.504304 0.187351 -0.87068 -0.45477 0.485867 
1534336018845 0.157667 0.894636 -0.418052 -0.595055 -0.954465 0.246636 0.16783 -0.22719 0.253253 0.372555 0.892785 0.395594 0.31622 -0.384863 0.867113 0.400795 -0.930002 -0.306262 0.203222 -0.504304 0.187351 -0.87068 -0.45477 0.485867 
1534336018857 0.157398 0.89476 -0.417888 -0.594887 -0.954486 0.246396 0.168061 -0.227267 0.253341 0.372416 0.892819 0.395552 0.31622 -0.384863 0.867113 0.400795 -0.930002 -0.306262 0.203222 -0.504304 0.187351 -0.87068 -0.45477 0.485867 
1534336018863 0.157132 0.894884 -0.417724 -0.594713 -0.954507 0.246159 0.168293 -0.227341 0.253429 0.372276 0.892852 0.395511 0.31622 -0.384863 0.867113 0.400795 -0.930002 -0.306262 0.203222 -0.504304 0.187351 -0.87068 -0.45477 0.485867 
1534336018877 0.156865 0.895007 -0.417559 -0.59454 -0.954527 0.24592 0.168524 -0.227415 0.253517 0.372136 0.892885 0.39547 0.31622 -0.384863 0.867113 0.400795 -0.930002 -0.306262 0.203222 -0.504304 0.187351 -0.87068 -0.45477 0.485867 
1534336018894 0.156597 0.895131 -0.417395 -0.594367 -0.954548 0.245682 0.168756 -0.22749 0.253605 0.371997 0.892918 0.395429 0.31622 -0.384863 0.867113 0.400795 -0.930002 -0.306262 0.203222 -0.504304 0.187351 -0.87068 -0.45477 0.485867 
1534336019001 0.15633 0.895254 -0.41723 -0.594195 -0.954568 0.245443 0.168988 -0.227565 0.253693 0.371857 0.892951 0.395388 0.31622 -0.384863 0.867113 0.400795 -0.930002 -0.306262 0.203222 -0.504304 0.187351 -0.87068 -0.45477 0.485867 
1534336019023 0.156063 0.895377 -0.417066 -0.594021 -0.954589 0.245206 0.169219 -0.227639 0.253782 0.371717 0.892984 0.395347 0.31622 -0.384863 0.867113 0.400795 -0.930002 -0.306262 0.203222 -0.504304 0.187351 -0.87068 -0.45477 0.485867 
1534336019053 0.155796 0.895501 -0.416901 -0.593849 -0.954609 0.244967 0.16945 -0.227714 0.25387 0.371578 0.893017 0.395306 0.31622 -0.384863 0.867113 0.400795 -0.930002 -0.306262 0.203222 -0.504304 0.187351 -0.87068 -0.45477 0.485867 
1534336019122 0.155528 0.895624 -0.416736 -0.593677 -0.954629 0.244728 0.169682 -0.227788 0.253958 0.371438 0.893051 0.395265 0.31622 -0.384863 0.867113 0.400795 -0.930002 -0.306262 0.203222 -0.504304 0.187351 -0.87068 -0.45477 0.485867 
1534336019149 0.155262 0.895747 -0.416571 -0.593503 -0.954649 0.24449 0.169913 -0.227862 0.254046 0.371298 0.893083 0.395224 0.31622 -0.384863 0.867113 0.400795 -0.930002 -0.306262 0.203222 -0.504304 0.187351 -0.87068 -0.45477 0.485867 
1534336019189 0.156014 0.8955 -0.41682 -0.593937 -0.954601 0.245107 0.169288 -0.227693 0.253763 0.371486 0.893086 0.395354 0.31622 -0.384863 0.867113 0.400795 -0.930002 -0.306262 0.203222 -0.504304 0.187351 -0.87068 -0.45477 0.485867 
1534336019200 0.155665 0.895494 -0.416965 -0.593753 -0.954569 0.24495 0.169699 -0.227749 0.2541 0.371606 0.89294 0.39535 0.31622 -0.384863 0.867113 0.400795 -0.930002 -0.306262 0.203222 -0.504304 0.187351 -0.87068 -0.45477 0.485867 
1534336019217 0.155316 0.895487 -0.417109 -0.593563 -0.954536 0.244793 0.17011 -0.227803 0.254437 0.371725 0.892795 0.395347 0.31622 -0.384863 0.867113 0.400795 -0.930002 -0.306262 0.203222 -0.504304 0.187351 -0.87068 -0.45477 0.485867 
1534336019234 0.154967 0.89548 -0.417254 -0.593375 -0.954503 0.244637 0.170521 -0.227858 0.254774 0.371844 0.892649 0.395344 0.31622 -0.384863 0.867113 0.400795 -0.930002 -0.306262 0.203222 -0.504304 0.187351 -0.87068 -0.45477 0.485867 
1534336019240 0.154618 0.895473 -0.417397 -0.593186 -0.954469 0.24448 0.170933 -0.227912 0.255111 0.371964 0.892503 0.395341 0.31622 -0.384863 0.867113 0.400795 -0.930002 -0.306262 0.203222 -0.504304 0.187351 -0.87068 -0.45477 0.485867 
1534336019350 0.154269 0.895467 -0.417541 -0.592998 -0.954436 0.244323 0.171344 -0.227967 0.255448 0.372083 0.892357 0.395337 0.31622 -0.384863 0.867113 0.400795 -0.930002 -0.306262 0.203222 -0.504304 0.187351 -0.87068 -0.45477 0.485867 
1534336019386 0.15392 0.89546 -0.417685 -0.592808 -0.954402 0.244167 0.171755 -0.22802 0.255784 0.372203 0.892211 0.395334 0.31622 -0.384863 0.867113 0.400795 -0.930002 -0.306262 0.203222 -0.504304 0.187351 -0.87068 -0.45477 0.485867 
1534336019434 0.153571 0.895453 -0.417828 -0.59262 -0.954368 0.24401 0.172166 -0.228075 0.256121 0.372322 0.892064 0.395331 0.31622 -0.384863 0.867113 0.400795 -0.930002 -0.306262 0.203222 -0.504304 0.187351 -0.87068 -0.45477 0.485867 
