1534190789854 -0.334051 0.901068 -0.276561 -0.572717 -0.932152 -0.27235 0.238574 -0.274266 0.13965 0.337493 0.930912 0.365966 0.16008 -0.304787 0.938871 0.370831 -0.775623 0.549475 0.310623 -0.528794 -0.61056 -0.777934 -0.14844 0.432481 
1534190789868 -0.335557 0.900242 -0.277426 -0.572681 -0.931412 -0.272992 0.240723 -0.274438 0.140974 0.339174 0.930101 0.36611 0.316241 -0.38488 0.867098 0.400864 -0.930001 -0.306251 0.203246 -0.504429 0.187325 -0.870677 -0.454788 0.485926 
1534190790037 -0.337064 0.899413 -0.278288 -0.572646 -0.930667 -0.27363 0.242871 -0.27461 0.142293 0.340856 0.929285 0.366255 0.316241 -0.38488 0.867098 0.400864 -0.930001 -0.306251 0.203246 -0.504429 0.187325 -0.870677 -0.454788 0.485926 
1534190790197 -0.338571 0.898581 -0.279146 -0.57261 -0.929917 -0.274263 0.245018 -0.274782 0.143609 0.342538 0.928463 0.366399 0.316241 -0.38488 0.867098 0.400864 -0.930001 -0.306251 0.203246 -0.504429 0.187325 -0.870677 -0.454788 0.485926 
1534190790368 -0.340079 0.897745 -0.28 -0.572574 -0.929163 -0.274892 0.247165 -0.274954 0.144921 0.344221 0.927637 0.366543 0.316241 -0.38488 0.867098 0.400864 -0.930001 -0.306251 0.203246 -0.504429 0.187325 -0.870677 -0.454788 0.485926 
1534190790538 -0.341588 0.896907 -0.280849 -0.572538 -0.928404 -0.275517 0.249312 -0.275125 0.146231 0.345903 0.926805 0.366688 0.316241 -0.38488 0.867098 0.400864 -0.930001 -0.306251 0.203246 -0.504429 0.187325 -0.870677 -0.454788 0.485926 
1534190790545 -0.343097 0.896065 -0.281694 -0.572503 -0.927641 -0.276137 0.251458 -0.275297 0.147537 0.347586 0.925968 0.366832 0.316241 -0.38488 0.867098 0.400864 -0.930001 -0.306251 0.203246 -0.504429 0.187325 -0.870677 -0.454788 0.485926 
1534190790778 -0.344608 0.89522 -0.282535 -0.572467 -0.926872 -0.276753 0.253604 -0.275469 0.148839 0.349268 0.925126 0.366976 0.316241 -0.38488 0.867098 0.400864 -0.930001 -0.306251 0.203246 -0.504429 0.187325 -0.870677 -0.454788 0.485926 
1534190790952 -0.346118 0.894373 -0.283372 -0.572431 -0.9261 -0.277365 0.25575 -0.275641 0.150138 0.35095 0.924279 0.367121 0.316241 -0.38488 0.867098 0.400864 -0.930001 -0.306251 0.203246 -0.504429 0.187325 -0.870677 -0.454788 0.485926 
1534190791125 -0.347625 0.893522 -0.284211 -0.572363 -0.925325 -0.277968 0.257891 -0.275792 0.15143 0.352637 0.923426 0.367273 0.316531 -0.385118 0.866887 0.401814 -0.929976 -0.306103 0.20358 -0.50615 0.186955 -0.870623 -0.455042 0.486735 
1534190791308 -0.346963 0.893922 -0.283761 -0.572392 -0.925667 -0.277731 0.256916 -0.275714 0.150854 0.351809 0.923836 0.367265 0.316531 -0.385118 0.866887 0.401814 -0.929976 -0.306103 0.20358 -0.50615 0.186955 -0.870623 -0.455042 0.486735 
1534190791319 -0.347176 0.893799 -0.283889 -0.572389 -0.925557 -0.277811 0.257228 -0.275741 0.151042 0.352058 0.92371 0.367279 0.316221 -0.384863 0.867113 0.400797 -0.930002 -0.306262 0.203223 -0.504308 0.187351 -0.87068 -0.45477 0.485869 
1534190791338 -0.347389 0.893675 -0.284017 -0.572386 -0.925446 -0.277891 0.25754 -0.275768 0.151231 0.352309 0.923584 0.367294 0.316221 -0.384863 0.867113 0.400797 -0.930002 -0.306262 0.203223 -0.504308 0.187351 -0.87068 -0.45477 0.485869 
1534190791353 -0.347603 0.893552 -0.284144 -0.572383 -0.925335 -0.277971 0.257852 -0.275796 0.15142 0.352559 0.923458 0.367308 0.316221 -0.384863 0.867113 0.400797 -0.930002 -0.306262 0.203223 -0.504308 0.187351 -0.87068 -0.45477 0.485869 
1534190791370 -0.347816 0.893428 -0.284271 -0.57238 -0.925224 -0.278052 0.258164 -0.275823 0.151609 0.352808 0.923332 0.367323 0.316221 -0.384863 0.867113 0.400797 -0.930002 -0.306262 0.203223 -0.504308 0.187351 -0.87068 -0.45477 0.485869 
1534190791390 -0.34803 0.893304 -0.284398 -0.572377 -0.925112 -0.278132 0.258476 -0.27585 0.151798 0.353058 0.923205 0.367337 0.316221 -0.384863 0.867113 0.400797 -0.930002 -0.306262 0.203223 -0.504308 0.187351 -0.87068 -0.45477 0.485869 
1534190791403 -0.348243 0.893181 -0.284526 -0.572374 -0.925001 -0.278212 0.258788 -0.275877 0.151986 0.353308 0.923078 0.367351 0.316221 -0.384863 0.867113 0.400797 -0.930002 -0.306262 0.203223 -0.504308 0.187351 -0.87068 -0.45477 0.485869 
1534190791500 -0.348457 0.893057 -0.284653 -0.572371 -0.924889 -0.278292 0.2591 -0.275904 0.152175 0.353557 0.922952 0.367366 0.316221 -0.384863 0.867113 0.400797 -0.930002 -0.306262 0.203223 -0.504308 0.187351 -0.87068 -0.45477 0.485869 
1534190791517 -0.348671 0.892933 -0.28478 -0.572368 -0.924778 -0.278372 0.259412 -0.275931 0.152363 0.353807 0.922825 0.36738 0.316221 -0.384863 0.867113 0.400797 -0.930002 -0.306262 0.203223 -0.504308 0.187351 -0.87068 -0.45477 0.485869 
1534190791542 -0.348884 0.892809 -0.284907 -0.572366 -0.924667 -0.278451 0.259724 -0.275959 0.152551 0.354058 0.922698 0.367395 0.316221 -0.384863 0.867113 0.400797 -0.930002 -0.306262 0.203223 -0.504308 0.187351 -0.87068 -0.45477 0.485869 
1534190791568 -0.348456 0.893155 -0.284347 -0.572385 -0.924967 -0.278561 0.258533 -0.275763 0.151702 0.353099 0.923205 0.367302 0.316221 -0.384863 0.867113 0.400797 -0.930002 -0.306262 0.203223 -0.504308 0.187351 -0.87068 -0.45477 0.485869 
1534190791581 -0.34852 0.893108 -0.284416 -0.572381 -0.924926 -0.278558 0.258683 -0.275783 0.151805 0.35322 0.923142 0.367313 0.31622 -0.384863 0.867113 0.400796 -0.930002 -0.306262 0.203222 -0.504305 0.187351 -0.87068 -0.45477 0.485867 
1534190791598 -0.348584 0.893061 -0.284485 -0.572378 -0.924885 -0.278554 0.258833 -0.275805 0.151909 0.353341 0.923078 0.367324 0.316221 -0.384863 0.867113 0.400795 -0.930002 -0.306262 0.203223 -0.504305 0.187351 -0.87068 -0.45477 0.485867 
1534190791614 -0.348647 0.893014 -0.284554 -0.572374 -0.924844 -0.278551 0.258983 -0.275826 0.152013 0.353462 0.923015 0.367335 0.316221 -0.384863 0.867113 0.400795 -0.930002 -0.306262 0.203223 -0.504305 0.187351 -0.87068 -0.45477 0.485867 
1534190791631 -0.348711 0.892967 -0.284623 -0.572372 -0.924803 -0.278548 0.259134 -0.275849 0.152117 0.353583 0.922952 0.367346 0.31622 -0.384863 0.867113 0.400795 -0.930002 -0.306262 0.203222 -0.504305 0.187352 -0.87068 -0.454769 0.485867 
1534190791648 -0.348775 0.89292 -0.284691 -0.57237 -0.924762 -0.278545 0.259284 -0.275872 0.152221 0.353703 0.922888 0.367356 0.31622 -0.384863 0.867113 0.400795 -0.930002 -0.306262 0.203222 -0.504304 0.187352 -0.87068 -0.454769 0.485867 
1534190791664 -0.348839 0.892873 -0.28476 -0.572367 -0.924721 -0.278541 0.259434 -0.275894 0.152324 0.353824 0.922825 0.367367 0.31622 -0.384863 0.867113 0.400795 -0.930002 -0.306262 0.203222 -0.504304 0.187352 -0.87068 -0.454769 0.485867 
1534190791681 -0.348903 0.892827 -0.284829 -0.572366 -0.92468 -0.278538 0.259585 -0.275917 0.152428 0.353945 0.922761 0.367378 0.31622 -0.384863 0.867113 0.400795 -0.930002 -0.306262 0.203222 -0.504304 0.187351 -0.87068 -0.454769 0.485867 
1534190791698 -0.348967 0.89278 -0.284897 -0.572363 -0.924638 -0.278535 0.259735 -0.275938 0.152532 0.354066 0.922698 0.367389 0.31622 -0.384863 0.867113 0.400795 -0.930002 -0.306262 0.203222 -0.504304 0.187351 -0.87068 -0.454769 0.485867 
1534190791714 -0.349031 0.892733 -0.284966 -0.57236 -0.924597 -0.278532 0.259885 -0.27596 0.152636 0.354187 0.922634 0.3674 0.31622 -0.384863 0.867113 0.400795 -0.930002 -0.306262 0.203222 -0.504304 0.187351 -0.87068 -0.454769 0.485867 
1534190791736 -0.348862 0.892857 -0.284782 -0.572353 -0.924716 -0.278566 0.259423 -0.275923 0.152298 0.353846 0.922821 0.367383 0.31622 -0.384863 0.867113 0.400795 -0.930002 -0.306262 0.203222 -0.504304 0.187351 -0.87068 -0.454769 0.485867 
1534190791751 -0.348879 0.892845 -0.2848 -0.572353 -0.9247 -0.278552 0.259496 -0.275927 0.152358 0.353888 0.922795 0.367386 0.31622 -0.384863 0.867113 0.400795 -0.930002 -0.306262 0.203222 -0.504304 0.187351 -0.87068 -0.454769 0.485867 
1534190791768 -0.348896 0.892832 -0.284819 -0.572352 -0.924684 -0.27854 0.259568 -0.275931 0.152417 0.353929 0.922769 0.367389 0.31622 -0.384863 0.867113 0.400795 -0.930002 -0.306262 0.203222 -0.504304 0.187351 -0.87068 -0.454769 0.485867 
1534190791785 -0.348914 0.89282 -0.284837 -0.572352 -0.924667 -0.278527 0.25964 -0.275938 0.152477 0.353971 0.922743 0.367391 0.31622 -0.384863 0.867113 0.400795 -0.930002 -0.306262 0.203222 -0.504304 0.187351 -0.87068 -0.454769 0.485867 
1534190791801 -0.348932 0.892807 -0.284855 -0.572352 -0.924651 -0.278515 0.259712 -0.275943 0.152536 0.354013 0.922717 0.367394 0.31622 -0.384863 0.867113 0.400795 -0.930002 -0.306262 0.203222 -0.504304 0.187351 -0.87068 -0.454769 0.485867 
1534190791818 -0.34895 0.892794 -0.284873 -0.572353 -0.924634 -0.278503 0.259784 -0.27595 0.152596 0.354055 0.922692 0.367396 0.31622 -0.384863 0.867113 0.400795 -0.930002 -0.306262 0.203222 -0.504304 0.187351 -0.87068 -0.454769 0.485867 
1534190791824 -0.348968 0.892781 -0.284891 -0.572355 -0.924618 -0.278491 0.259856 -0.275957 0.152655 0.354097 0.922666 0.367398 0.31622 -0.384863 0.867113 0.400795 -0.930002 -0.306262 0.203222 -0.504304 0.187351 -0.87068 -0.454769 0.485867 
1534190791838 -0.348986 0.892769 -0.284909 -0.572355 -0.924601 -0.278478 0.259928 -0.275963 0.152715 0.354139 0.92264 0.3674 0.31622 -0.384863 0.867113 0.400795 -0.930002 -0.306262 0.203222 -0.504304 0.187351 -0.87068 -0.454769 0.485867 
1534190791854 -0.349004 0.892756 -0.284927 -0.572357 -0.924584 -0.278466 0.26 -0.275969 0.152774 0.35418 0.922614 0.367402 0.31622 -0.384863 0.867113 0.400795 -0.930002 -0.306262 0.203222 -0.504304 0.187351 -0.87068 -0.454769 0.485867 
1534190791871 -0.349022 0.892743 -0.284945 -0.572357 -0.924568 -0.278454 0.260072 -0.275975 0.152834 0.354222 0.922588 0.367405 0.31622 -0.384863 0.867113 0.400795 -0.930002 -0.306262 0.203222 -0.504304 0.187351 -0.87068 -0.454769 0.485867 
1534190791891 -0.349002 0.892782 -0.284849 -0.572382 -0.924658 -0.278655 0.259537 -0.275906 0.152335 0.353966 0.922769 0.367413 0.31622 -0.384863 0.867113 0.400795 -0.930002 -0.306262 0.203222 -0.504304 0.187351 -0.87068 -0.454769 0.485867 
1534190791905 -0.349004 0.892777 -0.284861 -0.572379 -0.924645 -0.278628 0.25961 -0.275911 0.152403 0.354 0.922744 0.367415 0.31622 -0.384863 0.867113 0.400795 -0.930002 -0.306262 0.203222 -0.504304 0.187351 -0.87068 -0.454769 0.485867 
1534190791921 -0.349008 0.892771 -0.284874 -0.572376 -0.924633 -0.278601 0.259684 -0.275919 0.152472 0.354035 0.922719 0.367416 0.31622 -0.384863 0.867113 0.400795 -0.930002 -0.306262 0.203222 -0.504304 0.187351 -0.87068 -0.454769 0.485867 
1534190791940 -0.349012 0.892766 -0.284886 -0.572373 -0.92462 -0.278574 0.259758 -0.275928 0.152541 0.35407 0.922695 0.367417 0.31622 -0.384863 0.867113 0.400795 -0.930002 -0.306262 0.203222 -0.504304 0.187351 -0.87068 -0.454769 0.485867 
1534190791954 -0.349015 0.89276 -0.284899 -0.57237 -0.924607 -0.278547 0.259832 -0.275935 0.15261 0.354105 0.92267 0.367418 0.31622 -0.384863 0.867113 0.400795 -0.930002 -0.306262 0.203222 -0.504304 0.187351 -0.87068 -0.454769 0.485867 
1534190791971 -0.349019 0.892755 -0.284911 -0.572368 -0.924594 -0.278521 0.259907 -0.275944 0.152679 0.35414 0.922645 0.367418 0.31622 -0.384863 0.867113 0.400795 -0.930002 -0.306262 0.203222 -0.504304 0.187351 -0.87068 -0.454769 0.485867 
1534190791988 -0.349022 0.89275 -0.284924 -0.572366 -0.924582 -0.278494 0.259981 -0.275952 0.152748 0.354175 0.92262 0.367419 0.31622 -0.384863 0.867113 0.400795 -0.930002 -0.306262 0.203222 -0.504304 0.187351 -0.87068 -0.454769 0.485867 
1534190792005 -0.349026 0.892744 -0.284937 -0.572363 -0.924569 -0.278467 0.260055 -0.275959 0.152817 0.354209 0.922596 0.36742 0.31622 -0.384863 0.867113 0.400795 -0.930002 -0.306262 0.203222 -0.504304 0.187351 -0.87068 -0.454769 0.485867 
1534190792021 -0.34903 0.892739 -0.284949 -0.572361 -0.924556 -0.27844 0.260129 -0.275969 0.152886 0.354244 0.922571 0.367421 0.31622 -0.384863 0.867113 0.400795 -0.930002 -0.306262 0.203222 -0.504304 0.187351 -0.87068 -0.454769 0.485867 
1534190792038 -0.349033 0.892733 -0.284961 -0.572359 -0.924543 -0.278413 0.260203 -0.275976 0.152955 0.354279 0.922546 0.367422 0.31622 -0.384863 0.867113 0.400795 -0.930002 -0.306262 0.203222 -0.504304 0.187351 -0.87068 -0.454769 0.485867 
1534190792058 -0.34908 0.892697 -0.285018 -0.572379 -0.924573 -0.278546 0.259955 -0.275937 0.152671 0.354265 0.922598 0.367404 0.31622 -0.384863 0.867113 0.400795 -0.930002 -0.306262 0.203222 -0.504304 0.187351 -0.87068 -0.454769 0.485867 
1534190792071 -0.349075 0.892699 -0.285017 -0.572377 -0.924569 -0.27853 0.259985 -0.275941 0.152703 0.354272 0.92259 0.367406 0.31622 -0.384863 0.867113 0.400795 -0.930002 -0.306262 0.203222 -0.504304 0.187351 -0.87068 -0.454769 0.485867 
1534190792088 -0.34907 0.892702 -0.285014 -0.572374 -0.924566 -0.278514 0.260015 -0.275944 0.152735 0.354278 0.922583 0.367409 0.31622 -0.384863 0.867113 0.400795 -0.930002 -0.306262 0.203222 -0.504304 0.187351 -0.87068 -0.454769 0.485867 
1534190792105 -0.349066 0.892705 -0.285011 -0.572372 -0.924562 -0.278499 0.260045 -0.27595 0.152768 0.354283 0.922575 0.36741 0.31622 -0.384863 0.867113 0.400795 -0.930002 -0.306262 0.203222 -0.504304 0.187351 -0.87068 -0.454769 0.485867 
1534190792111 -0.349061 0.892708 -0.285008 -0.572369 -0.924558 -0.278483 0.260075 -0.275954 0.152801 0.354289 0.922568 0.367412 0.31622 -0.384863 0.867113 0.400795 -0.930002 -0.306262 0.203222 -0.504304 0.187351 -0.87068 -0.454769 0.485867 
1534190792125 -0.349056 0.89271 -0.285005 -0.572367 -0.924555 -0.278467 0.260104 -0.275958 0.152833 0.354294 0.92256 0.367414 0.31622 -0.384863 0.867113 0.400795 -0.930002 -0.306262 0.203222 -0.504304 0.187351 -0.87068 -0.454769 0.485867 
1534190792141 -0.349052 0.892713 -0.285002 -0.572365 -0.924551 -0.278452 0.260134 -0.275964 0.152866 0.3543 0.922553 0.367415 0.31622 -0.384863 0.867113 0.400795 -0.930002 -0.306262 0.203222 -0.504304 0.187351 -0.87068 -0.454769 0.485867 
1534190792158 -0.349048 0.892716 -0.284999 -0.572363 -0.924547 -0.278436 0.260164 -0.275969 0.152898 0.354305 0.922545 0.367417 0.31622 -0.384863 0.867113 0.400795 -0.930002 -0.306262 0.203222 -0.504304 0.187351 -0.87068 -0.454769 0.485867 
1534190792175 -0.349043 0.892718 -0.284997 -0.57236 -0.924544 -0.27842 0.260194 -0.275973 0.152931 0.354311 0.922538 0.367419 0.31622 -0.384863 0.867113 0.400795 -0.930002 -0.306262 0.203222 -0.504304 0.187351 -0.87068 -0.454769 0.485867 
1534190792191 -0.349038 0.892721 -0.284994 -0.572358 -0.92454 -0.278405 0.260224 -0.275978 0.152963 0.354316 0.92253 0.367421 0.31622 -0.384863 0.867113 0.400795 -0.930002 -0.306262 0.203222 -0.504304 0.187351 -0.87068 -0.454769 0.485867 
1534190792211 -0.34909 0.892685 -0.285044 -0.572393 -0.924576 -0.278563 0.259927 -0.275929 0.15263 0.354282 0.922599 0.367382 0.31622 -0.384863 0.867113 0.400795 -0.930002 -0.306262 0.203222 -0.504304 0.187351 -0.87068 -0.454769 0.485867 
1534190792225 -0.349115 0.892667 -0.28507 -0.572391 -0.924562 -0.278569 0.25997 -0.275938 0.152655 0.354324 0.922578 0.367394 0.31622 -0.384863 0.867113 0.400795 -0.930002 -0.306262 0.203222 -0.504304 0.187351 -0.87068 -0.454769 0.485867 
1534190792241 -0.34914 0.892649 -0.285096 -0.572389 -0.924549 -0.278574 0.260012 -0.275948 0.152679 0.354366 0.922558 0.367406 0.31622 -0.384863 0.867113 0.400795 -0.930002 -0.306262 0.203222 -0.504304 0.187351 -0.87068 -0.454769 0.485867 
1534190792258 -0.349165 0.89263 -0.285122 -0.572386 -0.924535 -0.278579 0.260055 -0.275959 0.152703 0.354408 0.922538 0.367419 0.31622 -0.384863 0.867113 0.400795 -0.930002 -0.306262 0.203222 -0.504304 0.187351 -0.87068 -0.454769 0.485867 
1534190792275 -0.349191 0.892612 -0.285148 -0.572384 -0.924522 -0.278585 0.260097 -0.275969 0.152728 0.354449 0.922518 0.367431 0.31622 -0.384863 0.867113 0.400795 -0.930002 -0.306262 0.203222 -0.504304 0.187351 -0.87068 -0.454769 0.485867 
1534190792291 -0.349216 0.892594 -0.285175 -0.572382 -0.924508 -0.27859 0.260139 -0.275979 0.152752 0.354491 0.922498 0.367443 0.31622 -0.384863 0.867113 0.400795 -0.930002 -0.306262 0.203222 -0.504304 0.187351 -0.87068 -0.454769 0.485867 
1534190792308 -0.349242 0.892575 -0.285201 -0.57238 -0.924494 -0.278596 0.260182 -0.275991 0.152776 0.354533 0.922478 0.367455 0.31622 -0.384863 0.867113 0.400795 -0.930002 -0.306262 0.203222 -0.504304 0.187351 -0.87068 -0.454769 0.485867 
1534190792325 -0.349267 0.892557 -0.285227 -0.572377 -0.924481 -0.278601 0.260225 -0.276001 0.152801 0.354575 0.922458 0.367468 0.31622 -0.384863 0.867113 0.400795 -0.930002 -0.306262 0.203222 -0.504304 0.187351 -0.87068 -0.454769 0.485867 
1534190792341 -0.349292 0.892539 -0.285253 -0.572375 -0.924467 -0.278606 0.260267 -0.276011 0.152825 0.354617 0.922438 0.36748 0.31622 -0.384863 0.867113 0.400795 -0.930002 -0.306262 0.203222 -0.504304 0.187351 -0.87068 -0.454769 0.485867 
1534190792358 -0.349317 0.892521 -0.28528 -0.572373 -0.924454 -0.278612 0.260309 -0.276022 0.152849 0.354658 0.922418 0.367492 0.31622 -0.384863 0.867113 0.400795 -0.930002 -0.306262 0.203222 -0.504304 0.187351 -0.87068 -0.454769 0.485867 
1534190792378 -0.349165 0.89267 -0.284998 -0.57239 -0.924517 -0.278572 0.260127 -0.275925 0.152815 0.354313 0.922556 0.367428 0.31622 -0.384863 0.867113 0.400795 -0.930002 -0.306262 0.203222 -0.504304 0.187351 -0.87068 -0.454769 0.485867 
1534190792392 -0.349131 0.892689 -0.284981 -0.572386 -0.924529 -0.278544 0.260115 -0.275928 0.152822 0.354287 0.922565 0.367422 0.31622 -0.384863 0.867113 0.400795 -0.930002 -0.306262 0.203222 -0.504304 0.187351 -0.87068 -0.454769 0.485867 
1534190792408 -0.349096 0.892708 -0.284962 -0.572383 -0.92454 -0.278517 0.260103 -0.27593 0.152829 0.35426 0.922574 0.367413 0.31622 -0.384863 0.867113 0.400795 -0.930002 -0.306262 0.203222 -0.504304 0.187351 -0.87068 -0.45477 0.485867 
1534190792425 -0.349062 0.892728 -0.284943 -0.572379 -0.924552 -0.278489 0.260091 -0.275932 0.152836 0.354233 0.922583 0.367406 0.31622 -0.384863 0.867113 0.400795 -0.930002 -0.306262 0.203222 -0.504304 0.187351 -0.87068 -0.45477 0.485867 
1534190792441 -0.349028 0.892747 -0.284925 -0.572375 -0.924564 -0.278462 0.260079 -0.275935 0.152844 0.354206 0.922592 0.367398 0.31622 -0.384863 0.867113 0.400795 -0.930002 -0.306262 0.203222 -0.504304 0.187351 -0.87068 -0.45477 0.485867 
1534190792458 -0.348994 0.892766 -0.284906 -0.57237 -0.924576 -0.278434 0.260066 -0.275936 0.152851 0.354179 0.922602 0.367389 0.31622 -0.384863 0.867113 0.400795 -0.930002 -0.306262 0.203222 -0.504304 0.187351 -0.87068 -0.45477 0.485867 
1534190792475 -0.34896 0.892786 -0.284888 -0.572366 -0.924587 -0.278407 0.260054 -0.275938 0.152858 0.354152 0.922611 0.367381 0.31622 -0.384863 0.867113 0.400795 -0.930002 -0.306262 0.203222 -0.504304 0.187351 -0.87068 -0.45477 0.485867 
1534190792491 -0.348926 0.892805 -0.284869 -0.572363 -0.924599 -0.278379 0.260042 -0.27594 0.152865 0.354125 0.92262 0.367373 0.31622 -0.384863 0.867113 0.400795 -0.930002 -0.306262 0.203222 -0.504304 0.187351 -0.87068 -0.45477 0.485867 
1534190792508 -0.348892 0.892824 -0.28485 -0.572359 -0.924611 -0.278352 0.26003 -0.275942 0.152872 0.354098 0.922629 0.367366 0.31622 -0.384863 0.867113 0.400795 -0.930002 -0.306262 0.203222 -0.504304 0.187351 -0.87068 -0.45477 0.485867 
1534190792526 -0.348857 0.892843 -0.284832 -0.572355 -0.924622 -0.278325 0.260017 -0.275944 0.152879 0.354071 0.922639 0.367358 0.31622 -0.384863 0.867113 0.400795 -0.930002 -0.306262 0.203222 -0.504304 0.187351 -0.87068 -0.45477 0.485867 
1534190792545 -0.349027 0.8927 -0.285074 -0.572353 -0.924546 -0.278374 0.260237 -0.276024 0.152957 0.354393 0.922502 0.367491 0.31622 -0.384863 0.867113 0.400795 -0.930002 -0.306262 0.203222 -0.504304 0.187351 -0.87068 -0.45477 0.485867 
1534190792558 -0.349008 0.892716 -0.285045 -0.572352 -0.924554 -0.278368 0.260215 -0.276018 0.152951 0.354356 0.922517 0.367479 0.31622 -0.384863 0.867113 0.400795 -0.930002 -0.306262 0.203222 -0.504304 0.187351 -0.87068 -0.45477 0.485867 
1534190792575 -0.348989 0.892733 -0.285016 -0.572352 -0.924562 -0.278362 0.260192 -0.276009 0.152945 0.354319 0.922532 0.367463 0.31622 -0.384863 0.867113 0.400795 -0.930002 -0.306262 0.203222 -0.504304 0.187351 -0.87068 -0.45477 0.485867 
1534190792581 -0.34897 0.89275 -0.284987 -0.572352 -0.92457 -0.278356 0.26017 -0.276002 0.152939 0.354282 0.922548 0.367449 0.31622 -0.384863 0.867113 0.400795 -0.930002 -0.306262 0.203222 -0.504304 0.187351 -0.87068 -0.45477 0.485867 
1534190792595 -0.348951 0.892766 -0.284958 -0.572351 -0.924578 -0.27835 0.260147 -0.275995 0.152932 0.354245 0.922563 0.367435 0.31622 -0.384863 0.867113 0.400795 -0.930002 -0.306262 0.203222 -0.504304 0.187351 -0.87068 -0.45477 0.485867 
1534190792612 -0.348932 0.892784 -0.284929 -0.572351 -0.924587 -0.278344 0.260124 -0.275986 0.152927 0.354207 0.922578 0.367419 0.31622 -0.384863 0.867113 0.400795 -0.930002 -0.306262 0.203222 -0.504304 0.187351 -0.87068 -0.45477 0.485867 
1534190792629 -0.348913 0.8928 -0.2849 -0.572351 -0.924595 -0.278338 0.260102 -0.275979 0.15292 0.35417 0.922594 0.367404 0.31622 -0.384863 0.867113 0.400795 -0.930002 -0.306262 0.203222 -0.504304 0.187351 -0.87068 -0.45477 0.485867 
1534190792645 -0.348894 0.892817 -0.284871 -0.572351 -0.924603 -0.278332 0.260079 -0.275971 0.152914 0.354132 0.922609 0.36739 0.31622 -0.384863 0.867113 0.400795 -0.930002 -0.306262 0.203222 -0.504304 0.187351 -0.87068 -0.45477 0.485867 
1534190792662 -0.348875 0.892833 -0.284842 -0.57235 -0.924611 -0.278326 0.260056 -0.275963 0.152908 0.354095 0.922624 0.367375 0.31622 -0.384863 0.867113 0.400795 -0.930002 -0.306262 0.203222 -0.504304 0.187351 -0.87068 -0.45477 0.485867 
1534190792679 -0.348856 0.89285 -0.284813 -0.57235 -0.924619 -0.27832 0.260034 -0.275956 0.152902 0.354058 0.92264 0.367361 0.31622 -0.384863 0.867113 0.400795 -0.930002 -0.306262 0.203222 -0.504304 0.187351 -0.87068 -0.45477 0.485867 
1534190792698 -0.349032 0.892735 -0.284959 -0.572387 -0.924561 -0.278453 0.260097 -0.275912 0.15285 0.354244 0.922577 0.367369 0.31622 -0.384863 0.867113 0.400795 -0.930002 -0.306262 0.203222 -0.504304 0.187351 -0.87068 -0.45477 0.485867 
1534190792712 -0.348988 0.892764 -0.28492 -0.572382 -0.924576 -0.278422 0.260076 -0.275913 0.152859 0.354194 0.922595 0.367362 0.31622 -0.384863 0.867113 0.400795 -0.930002 -0.306262 0.203222 -0.504304 0.187351 -0.87068 -0.45477 0.485867 
1534190792729 -0.348944 0.892793 -0.284884 -0.572378 -0.924591 -0.27839 0.260058 -0.275912 0.152869 0.354147 0.922611 0.367353 0.31622 -0.384863 0.867113 0.400795 -0.930002 -0.306262 0.203222 -0.504304 0.187351 -0.87068 -0.45477 0.485867 
1534190792745 -0.348901 0.892821 -0.284849 -0.572373 -0.924606 -0.278358 0.260039 -0.275913 0.152878 0.354101 0.922627 0.367345 0.31622 -0.384863 0.867113 0.400795 -0.930002 -0.306262 0.203222 -0.504304 0.187351 -0.87068 -0.45477 0.485867 
1534190792762 -0.348856 0.89285 -0.284814 -0.572368 -0.924621 -0.278325 0.26002 -0.275911 0.152888 0.354055 0.922643 0.367335 0.31622 -0.384863 0.867113 0.400795 -0.930002 -0.306262 0.203222 -0.504304 0.187351 -0.87068 -0.45477 0.485867 
1534190792778 -0.348813 0.892878 -0.284779 -0.572364 -0.924636 -0.278293 0.260002 -0.275911 0.152898 0.354009 0.922659 0.367327 0.31622 -0.384863 0.867113 0.400795 -0.930002 -0.306262 0.203222 -0.504304 0.187351 -0.87068 -0.45477 0.485867 
1534190792795 -0.348769 0.892906 -0.284744 -0.572359 -0.924651 -0.278261 0.259983 -0.27591 0.152907 0.353963 0.922675 0.367318 0.31622 -0.384863 0.867113 0.400795 -0.930002 -0.306262 0.203222 -0.504304 0.187351 -0.87068 -0.45477 0.485867 
1534190792812 -0.348725 0.892934 -0.284709 -0.572355 -0.924666 -0.278229 0.259965 -0.27591 0.152917 0.353916 0.922691 0.36731 0.31622 -0.384863 0.867113 0.400795 -0.930002 -0.306262 0.203222 -0.504304 0.187351 -0.87068 -0.45477 0.485867 
1534190792829 -0.348681 0.892963 -0.284673 -0.572349 -0.924681 -0.278196 0.259946 -0.275908 0.152927 0.35387 0.922708 0.367301 0.31622 -0.384863 0.867113 0.400795 -0.930002 -0.306262 0.203222 -0.504304 0.187351 -0.87068 -0.45477 0.485867 
1534190792845 -0.348637 0.892991 -0.284638 -0.572345 -0.924696 -0.278164 0.259927 -0.275908 0.152936 0.353824 0.922724 0.367292 0.31622 -0.384863 0.867113 0.400795 -0.930002 -0.306262 0.203222 -0.504304 0.187351 -0.87068 -0.45477 0.485867 
1534190792867 -0.348942 0.892793 -0.284887 -0.572366 -0.924566 -0.278326 0.260217 -0.275928 0.153028 0.354198 0.922565 0.367387 0.31622 -0.384863 0.867113 0.400795 -0.930002 -0.306262 0.203222 -0.504304 0.187351 -0.87068 -0.45477 0.485867 
1534190792878 -0.348964 0.892775 -0.284915 -0.572366 -0.924562 -0.278347 0.260207 -0.275934 0.153001 0.354225 0.922559 0.367391 0.31622 -0.384863 0.867113 0.400795 -0.930002 -0.306262 0.203222 -0.504304 0.187351 -0.87068 -0.45477 0.485867 
1534190792885 -0.348987 0.892757 -0.284944 -0.572367 -0.924558 -0.27837 0.260197 -0.275942 0.152973 0.354253 0.922553 0.367397 0.31622 -0.384863 0.867113 0.400795 -0.930002 -0.306262 0.203222 -0.504304 0.187351 -0.87068 -0.45477 0.485867 
1534190792898 -0.349009 0.892739 -0.284972 -0.572367 -0.924554 -0.278392 0.260188 -0.275948 0.152946 0.35428 0.922547 0.367402 0.31622 -0.384863 0.867113 0.400795 -0.930002 -0.306262 0.203222 -0.504304 0.187351 -0.87068 -0.45477 0.485867 
1534190792915 -0.349032 0.892721 -0.285001 -0.572367 -0.92455 -0.278414 0.260178 -0.275955 0.152918 0.354308 0.922541 0.367407 0.31622 -0.384863 0.867113 0.400795 -0.930002 -0.306262 0.203222 -0.504304 0.187351 -0.87068 -0.45477 0.485867 
1534190792933 -0.349054 0.892704 -0.285029 -0.572367 -0.924546 -0.278436 0.260168 -0.275962 0.152891 0.354335 0.922535 0.367412 0.31622 -0.384863 0.867113 0.400795 -0.930002 -0.306262 0.203222 -0.504304 0.187351 -0.87068 -0.45477 0.485867 
1534190792948 -0.349077 0.892685 -0.285058 -0.572367 -0.924542 -0.278459 0.260159 -0.27597 0.152863 0.354364 0.922529 0.367419 0.31622 -0.384863 0.867113 0.400795 -0.930002 -0.306262 0.203222 -0.504304 0.187351 -0.87068 -0.45477 0.485867 
1534190792965 -0.3491 0.892667 -0.285087 -0.572367 -0.924538 -0.278481 0.260149 -0.275977 0.152835 0.354392 0.922523 0.367425 0.31622 -0.384863 0.867113 0.400795 -0.930002 -0.306262 0.203222 -0.504304 0.187351 -0.87068 -0.45477 0.485867 
1534190792982 -0.349123 0.892649 -0.285115 -0.572367 -0.924534 -0.278504 0.260139 -0.275984 0.152807 0.354419 0.922517 0.36743 0.31622 -0.384863 0.867113 0.400795 -0.930002 -0.306262 0.203222 -0.504304 0.187351 -0.87068 -0.45477 0.485867 
1534190792998 -0.349145 0.892631 -0.285144 -0.572368 -0.92453 -0.278526 0.260129 -0.275991 0.15278 0.354447 0.922511 0.367435 0.31622 -0.384863 0.867113 0.400795 -0.930002 -0.306262 0.203222 -0.504304 0.187351 -0.87068 -0.45477 0.485867 
1534190793018 -0.348769 0.892904 -0.28475 -0.57234 -0.92464 -0.278233 0.260053 -0.27593 0.152976 0.35399 0.922654 0.367302 0.31622 -0.384863 0.867113 0.400795 -0.930002 -0.306262 0.203222 -0.504304 0.187351 -0.87068 -0.45477 0.485867 
1534190793032 -0.348805 0.892876 -0.284794 -0.572343 -0.92463 -0.278262 0.260057 -0.275935 0.152951 0.354038 0.922639 0.367313 0.31622 -0.384863 0.867113 0.400795 -0.930002 -0.306262 0.203222 -0.504304 0.187351 -0.87068 -0.45477 0.485867 
1534190793048 -0.348842 0.892847 -0.284839 -0.572345 -0.92462 -0.278291 0.260061 -0.275942 0.152926 0.354088 0.922624 0.367328 0.31622 -0.384863 0.867113 0.400795 -0.930002 -0.306262 0.203222 -0.504304 0.187351 -0.87068 -0.45477 0.485867 
1534190793065 -0.348879 0.892819 -0.284883 -0.572348 -0.92461 -0.27832 0.260065 -0.275948 0.152902 0.354137 0.922609 0.367341 0.31622 -0.384863 0.867113 0.400795 -0.930002 -0.306262 0.203222 -0.504304 0.187351 -0.87068 -0.45477 0.485867 
1534190793082 -0.348916 0.89279 -0.284928 -0.57235 -0.924601 -0.278349 0.260069 -0.275955 0.152877 0.354187 0.922594 0.367356 0.31622 -0.384863 0.867113 0.400795 -0.930002 -0.306262 0.203222 -0.504304 0.187351 -0.87068 -0.45477 0.485867 
1534190793098 -0.348953 0.892761 -0.284973 -0.572352 -0.924591 -0.278378 0.260072 -0.275961 0.152853 0.354236 0.92258 0.36737 0.31622 -0.384863 0.867113 0.400795 -0.930002 -0.306262 0.203222 -0.504304 0.187351 -0.87068 -0.45477 0.485867 
1534190793115 -0.348989 0.892733 -0.285017 -0.572355 -0.924581 -0.278407 0.260076 -0.275967 0.152828 0.354285 0.922565 0.367383 0.31622 -0.384863 0.867113 0.400795 -0.930002 -0.306262 0.203222 -0.504304 0.187351 -0.87068 -0.45477 0.485867 
1534190793133 -0.349026 0.892704 -0.285062 -0.572357 -0.924571 -0.278435 0.26008 -0.275973 0.152803 0.354335 0.92255 0.367397 0.31622 -0.384863 0.867113 0.400795 -0.930002 -0.306262 0.203222 -0.504304 0.187351 -0.87068 -0.45477 0.485867 
1534190793148 -0.349063 0.892676 -0.285106 -0.57236 -0.924561 -0.278464 0.260084 -0.27598 0.152779 0.354384 0.922535 0.367411 0.31622 -0.384863 0.867113 0.400795 -0.930002 -0.306262 0.203222 -0.504304 0.187351 -0.87068 -0.45477 0.485867 
1534190793165 -0.349099 0.892647 -0.285151 -0.572362 -0.924552 -0.278493 0.260088 -0.275986 0.152754 0.354433 0.92252 0.367424 0.31622 -0.384863 0.867113 0.400795 -0.930002 -0.306262 0.203222 -0.504304 0.187351 -0.87068 -0.45477 0.485867 
