1535377435499 0.213445 0.919303 -0.330641 -0.472538 -0.943718 0.281544 0.173579 -0.171354 0.252661 0.274982 0.927657 0.474154 0.19996 -0.0839707 0.976199 0.381399 -0.979684 -0.0327107 0.19786 -0.501005 0.0153177 -0.995931 -0.0888056 0.439069 
1535377435513 0.217213 0.920083 -0.325984 -0.489015 -0.943263 0.283773 0.172417 -0.178383 0.251144 0.270037 0.92952 0.464064 0.195503 -0.0875232 0.97679 0.381403 -0.980702 -0.016054 0.194847 -0.49925 -0.0013723 -0.996033 -0.0889728 0.439 
1535377436415 0.220972 0.92083 -0.321315 -0.505494 -0.942798 0.286006 0.171267 -0.185414 0.249606 0.26509 0.931356 0.453974 0.190981 -0.0909995 0.977366 0.381407 -0.981427 0.000617337 0.191833 -0.497494 -0.01806 -0.995851 -0.0891915 0.438931 
1535377436878 0.224721 0.921545 -0.316632 -0.521973 -0.942323 0.288241 0.170128 -0.192446 0.248047 0.260138 0.933167 0.443883 0.186401 -0.0943985 0.977928 0.38141 -0.981859 0.017299 0.18882 -0.495737 -0.0347415 -0.995384 -0.0894615 0.438862 
1535377437307 0.228459 0.922227 -0.311936 -0.538454 -0.941839 0.290481 0.169 -0.199479 0.246468 0.255184 0.934952 0.433791 0.181761 -0.097719 0.978475 0.381413 -0.981998 0.033986 0.18581 -0.493979 -0.0514116 -0.994634 -0.0897825 0.438792 
1535377438643 0.232188 0.922876 -0.307228 -0.554933 -0.941344 0.292724 0.167884 -0.206511 0.244869 0.250227 0.93671 0.423701 0.177064 -0.10096 0.979007 0.381416 -0.981843 0.0506736 0.182802 -0.492222 -0.0680655 -0.993599 -0.0901545 0.438723 
1535377439619 0.235907 0.923492 -0.302508 -0.571412 -0.940839 0.29497 0.166779 -0.213542 0.243249 0.245267 0.938442 0.41361 0.172311 -0.104121 0.979524 0.381419 -0.981395 0.0673564 0.179799 -0.490465 -0.0846981 -0.992281 -0.0905774 0.438654 
1535377440068 0.239615 0.924075 -0.297776 -0.587891 -0.940324 0.29722 0.165685 -0.220573 0.24161 0.240305 0.940148 0.403519 0.167502 -0.1072 0.980026 0.381422 -0.980653 0.0840298 0.176801 -0.488707 -0.101305 -0.99068 -0.0910511 0.438585 
1535377440619 0.243314 0.924625 -0.293031 -0.604371 -0.939799 0.299472 0.164602 -0.227605 0.23995 0.235341 0.941827 0.393428 0.162641 -0.110197 0.980512 0.381426 -0.979618 0.100689 0.173809 -0.48695 -0.11788 -0.988796 -0.0915753 0.438515 
1535377442018 0.247001 0.925142 -0.288275 -0.620851 -0.939264 0.301728 0.163531 -0.234637 0.23827 0.230374 0.94348 0.383338 0.157728 -0.113112 0.980983 0.381429 -0.978291 0.117328 0.170824 -0.485193 -0.134419 -0.986631 -0.0921501 0.438446 
1535377443042 0.248016 0.924747 -0.28867 -0.620603 -0.938969 0.302793 0.163257 -0.234922 0.238379 0.230561 0.943407 0.383849 0.158064 -0.112669 0.98098 0.381429 -0.978384 0.116291 0.171002 -0.485405 -0.133346 -0.986804 -0.0918517 0.438497 
1535377443051 0.248283 0.924837 -0.288154 -0.622271 -0.938945 0.302912 0.163178 -0.235594 0.238198 0.230046 0.943578 0.38279 0.160819 -0.111734 0.980639 0.381437 -0.97876 0.10994 0.173037 -0.485712 -0.127145 -0.987638 -0.0916805 0.438617 
1535377443418 0.248549 0.924926 -0.287638 -0.623945 -0.93892 0.303031 0.163099 -0.23627 0.238018 0.229531 0.94375 0.381729 0.163566 -0.110781 0.980293 0.381445 -0.979091 0.103585 0.175072 -0.48602 -0.120938 -0.988432 -0.0915215 0.438737 
1535377443801 0.248816 0.925014 -0.287122 -0.625618 -0.938895 0.30315 0.16302 -0.236944 0.237837 0.229015 0.94392 0.380669 0.166307 -0.10981 0.979941 0.381453 -0.979377 0.0972274 0.177107 -0.486328 -0.114725 -0.989186 -0.0913755 0.438857 
1535377444163 0.249082 0.925103 -0.286606 -0.627291 -0.93887 0.30327 0.162942 -0.237619 0.237657 0.2285 0.944091 0.379609 0.169041 -0.108821 0.979583 0.381462 -0.979618 0.0908683 0.179141 -0.486635 -0.108507 -0.989899 -0.0912425 0.438977 
1535377444466 0.249348 0.925191 -0.286089 -0.628965 -0.938845 0.303389 0.162863 -0.238294 0.237476 0.227984 0.944261 0.378548 0.171768 -0.107814 0.97922 0.38147 -0.979813 0.0845075 0.181176 -0.486943 -0.102285 -0.990573 -0.0911223 0.439097 
1535377444796 0.249614 0.925279 -0.285573 -0.630638 -0.93882 0.303508 0.162785 -0.238969 0.237295 0.227468 0.944431 0.377488 0.174487 -0.10679 0.978851 0.381478 -0.979963 0.0781454 0.183211 -0.487251 -0.0960579 -0.991206 -0.0910151 0.439218 
1535377444897 0.24988 0.925366 -0.285057 -0.63231 -0.938795 0.303628 0.162706 -0.239644 0.237114 0.226953 0.9446 0.376428 0.177199 -0.105748 0.978477 0.381486 -0.980067 0.0717824 0.185245 -0.487559 -0.0898268 -0.991799 -0.0909208 0.439338 
1535377445135 0.250146 0.925453 -0.28454 -0.633984 -0.93877 0.303747 0.162628 -0.240319 0.236933 0.226437 0.944769 0.375367 0.179903 -0.104689 0.978098 0.381494 -0.980126 0.0654186 0.187278 -0.487866 -0.0835918 -0.992351 -0.0908395 0.439458 
1535377445580 0.250412 0.92554 -0.284024 -0.635656 -0.938745 0.303867 0.16255 -0.240994 0.236752 0.225922 0.944938 0.374307 0.1826 -0.103612 0.977712 0.381503 -0.98014 0.0590543 0.189312 -0.488174 -0.0773531 -0.992863 -0.0907712 0.439578 
1535377445939 0.250631 0.925277 -0.284686 -0.633782 -0.938612 0.304264 0.162577 -0.240433 0.237048 0.226463 0.944734 0.375583 0.181881 -0.103785 0.977828 0.381492 -0.980177 0.0603106 0.188719 -0.488144 -0.0785597 -0.992769 -0.0907587 0.439527 
1535377446191 0.250311 0.925079 -0.285609 -0.634118 -0.938536 0.304276 0.162995 -0.240684 0.237687 0.227255 0.944383 0.375452 0.183279 -0.103947 0.97755 0.381527 -0.98033 0.0547463 0.189621 -0.488236 -0.0732278 -0.993075 -0.0918684 0.439719 
1535377446431 0.24999 0.924881 -0.286532 -0.634458 -0.938459 0.304287 0.163413 -0.240937 0.238326 0.228047 0.944031 0.375319 0.18463 -0.104101 0.977279 0.381562 -0.980455 0.0492539 0.190477 -0.488335 -0.0679637 -0.993346 -0.0929728 0.439912 
1535377446693 0.249668 0.924681 -0.287454 -0.634797 -0.938383 0.304298 0.163832 -0.24119 0.238964 0.228838 0.943679 0.375187 0.185983 -0.104248 0.977007 0.381596 -0.98055 0.0437598 0.191327 -0.488432 -0.0626991 -0.993588 -0.0940818 0.440104 
1535377446933 0.249346 0.924481 -0.288376 -0.635138 -0.938306 0.30431 0.16425 -0.241443 0.239602 0.22963 0.943325 0.375055 0.187337 -0.104387 0.976733 0.38163 -0.980615 0.0382642 0.192171 -0.48853 -0.0574341 -0.9938 -0.0951954 0.440297 
1535377447101 0.249023 0.924281 -0.289297 -0.635478 -0.938228 0.304322 0.164669 -0.241696 0.240239 0.230421 0.942969 0.374922 0.188691 -0.104519 0.976459 0.381664 -0.98065 0.0327674 0.193008 -0.488628 -0.052169 -0.993983 -0.0963134 0.440489 
1535377447169 0.248699 0.924079 -0.290218 -0.635819 -0.938151 0.304334 0.165087 -0.24195 0.240877 0.231211 0.942613 0.37479 0.190046 -0.104643 0.976183 0.381699 -0.980654 0.0272694 0.19384 -0.488726 -0.0469039 -0.994136 -0.097436 0.440682 
1535377447290 0.248375 0.923877 -0.291139 -0.636158 -0.938073 0.304347 0.165505 -0.242202 0.241513 0.232002 0.942256 0.374658 0.191401 -0.104759 0.975905 0.381733 -0.980628 0.0217706 0.194664 -0.488824 -0.0416389 -0.994259 -0.0985629 0.440874 
1535377447503 0.24805 0.923674 -0.292059 -0.636499 -0.937995 0.30436 0.165923 -0.242456 0.24215 0.232792 0.941898 0.374525 0.192756 -0.104868 0.975627 0.381767 -0.980572 0.0162711 0.195482 -0.488922 -0.0363743 -0.994353 -0.0996943 0.441067 
1535377447535 0.247724 0.92347 -0.292979 -0.636839 -0.937917 0.304373 0.166341 -0.242709 0.242786 0.233583 0.941538 0.374393 0.194112 -0.104969 0.975347 0.381801 -0.980486 0.010771 0.196294 -0.48902 -0.0311103 -0.994417 -0.10083 0.441259 
1535377447854 0.248101 0.92359 -0.292278 -0.636575 -0.937964 0.304464 0.165904 -0.242609 0.242216 0.232986 0.941833 0.374478 0.192322 -0.104924 0.975707 0.381713 -0.980594 0.0179898 0.19522 -0.488837 -0.038036 -0.994318 -0.0994276 0.440956 
1535377448073 0.247355 0.923788 -0.292285 -0.636659 -0.938074 0.303838 0.166431 -0.242745 0.242554 0.233017 0.941738 0.374522 0.192551 -0.106857 0.975451 0.381726 -0.980587 0.0165763 0.195381 -0.488849 -0.0370472 -0.994136 -0.101591 0.441254 
1535377448380 0.246608 0.923986 -0.292291 -0.636747 -0.938183 0.303212 0.166958 -0.242882 0.242893 0.233049 0.941643 0.374566 0.192783 -0.108791 0.975192 0.38174 -0.980579 0.0151626 0.195539 -0.488863 -0.0360594 -0.993949 -0.103755 0.441553 
1535377448530 0.245861 0.924183 -0.292297 -0.636834 -0.938291 0.302586 0.167486 -0.243019 0.243233 0.233081 0.941547 0.374609 0.193016 -0.110725 0.974928 0.381754 -0.980569 0.0137486 0.195694 -0.488876 -0.0350721 -0.993756 -0.105919 0.441851 
1535377448690 0.245114 0.92438 -0.292302 -0.636922 -0.938399 0.30196 0.168013 -0.243157 0.243572 0.233113 0.941452 0.374653 0.193251 -0.112657 0.97466 0.381768 -0.980557 0.0123343 0.195846 -0.48889 -0.0340852 -0.993557 -0.108083 0.44215 
1535377448761 0.244367 0.924576 -0.292307 -0.637011 -0.938505 0.301333 0.168541 -0.243295 0.243911 0.233146 0.941356 0.374696 0.193488 -0.114589 0.974388 0.381781 -0.980544 0.0109198 0.195994 -0.488903 -0.0330988 -0.993353 -0.110247 0.442448 
1535377448844 0.24362 0.924772 -0.292312 -0.637098 -0.938611 0.300707 0.169068 -0.243432 0.24425 0.233178 0.94126 0.37474 0.193727 -0.11652 0.974111 0.381795 -0.98053 0.0095048 0.19614 -0.488916 -0.0321129 -0.993143 -0.11241 0.442746 
1535377449038 0.242873 0.924967 -0.292315 -0.637187 -0.938717 0.30008 0.169596 -0.24357 0.244589 0.233211 0.941164 0.374783 0.193967 -0.11845 0.973831 0.381809 -0.980514 0.00808961 0.196283 -0.48893 -0.0311275 -0.992927 -0.114572 0.443045 
1535377449299 0.242125 0.925162 -0.292319 -0.637274 -0.938822 0.299453 0.170123 -0.243707 0.244928 0.233244 0.941067 0.374827 0.19421 -0.120379 0.973546 0.381822 -0.980497 0.00667412 0.196422 -0.488943 -0.0301426 -0.992706 -0.116735 0.443343 
1535377449451 0.241377 0.925357 -0.292322 -0.637363 -0.938926 0.298826 0.170651 -0.243845 0.245266 0.233278 0.940971 0.37487 0.194455 -0.122307 0.973257 0.381836 -0.980478 0.00525829 0.196558 -0.488956 -0.0291581 -0.992478 -0.118897 0.443642 
1535377449609 0.242 0.925181 -0.292363 -0.63728 -0.938839 0.299356 0.170199 -0.243778 0.244985 0.233293 0.94104 0.374797 0.194093 -0.119346 0.973696 0.381773 -0.980504 0.00742622 0.19636 -0.488927 -0.0306657 -0.992825 -0.115578 0.443241 
1535377449765 0.241698 0.925406 -0.291901 -0.637298 -0.939006 0.298899 0.170082 -0.243824 0.244644 0.232988 0.941205 0.374777 0.193292 -0.120179 0.973753 0.381757 -0.980573 0.0101018 0.195893 -0.4889 -0.0333788 -0.992701 -0.115892 0.443258 
1535377449963 0.241395 0.925631 -0.291437 -0.637323 -0.939172 0.298441 0.169966 -0.243873 0.244302 0.232681 0.941369 0.374756 0.192487 -0.12101 0.97381 0.381738 -0.980636 0.0127783 0.195424 -0.488866 -0.036092 -0.992569 -0.116207 0.443275 
1535377450176 0.241093 0.925856 -0.290974 -0.637346 -0.939339 0.297983 0.169849 -0.243922 0.243961 0.232374 0.941534 0.374735 0.19168 -0.121839 0.973866 0.381721 -0.98069 0.0154551 0.194957 -0.488835 -0.0388045 -0.99243 -0.116524 0.443292 
1535377450183 0.240789 0.92608 -0.290511 -0.63737 -0.939505 0.297525 0.169732 -0.243971 0.243619 0.232067 0.941698 0.374713 0.190871 -0.122666 0.973921 0.381703 -0.980737 0.018132 0.194491 -0.488803 -0.0415165 -0.992282 -0.116842 0.443309 
1535377450464 0.240486 0.926304 -0.290048 -0.637393 -0.939671 0.297067 0.169614 -0.244019 0.243278 0.231759 0.941862 0.374693 0.190059 -0.12349 0.973975 0.381685 -0.980776 0.0208093 0.194024 -0.488772 -0.0442279 -0.992128 -0.117161 0.443326 
1535377450469 0.240183 0.926528 -0.289584 -0.637417 -0.939837 0.296609 0.169497 -0.244068 0.242937 0.231452 0.942025 0.374671 0.189245 -0.124313 0.974029 0.381668 -0.980807 0.0234867 0.19356 -0.488739 -0.0469387 -0.991965 -0.117482 0.443343 
1535377450752 0.239879 0.926751 -0.289121 -0.637442 -0.940003 0.296151 0.169379 -0.244117 0.242596 0.231144 0.942189 0.37465 0.188429 -0.125133 0.974082 0.38165 -0.980831 0.0261645 0.193095 -0.488707 -0.049649 -0.991795 -0.117804 0.44336 
1535377450757 0.239575 0.926974 -0.288657 -0.637465 -0.940168 0.295693 0.169261 -0.244165 0.242254 0.230836 0.942352 0.374629 0.18761 -0.125951 0.974135 0.381632 -0.980847 0.0288424 0.192632 -0.488676 -0.0523585 -0.991617 -0.118127 0.443377 
1535377451038 0.239271 0.927197 -0.288194 -0.637488 -0.940334 0.295234 0.169143 -0.244214 0.241913 0.230528 0.942515 0.374608 0.186789 -0.126766 0.974187 0.381615 -0.980855 0.0315205 0.192169 -0.488645 -0.0550674 -0.991432 -0.118452 0.443394 
1535377451266 0.23963 0.926966 -0.288636 -0.637479 -0.940157 0.295738 0.169243 -0.244161 0.242243 0.230808 0.942362 0.37465 0.18715 -0.126405 0.974165 0.381584 -0.980843 0.0305194 0.192393 -0.48867 -0.0540504 -0.991509 -0.118272 0.443356 
1535377451284 0.239971 0.926934 -0.288456 -0.637439 -0.940153 0.295952 0.168891 -0.24411 0.24192 0.230664 0.94248 0.374617 0.186865 -0.127544 0.974071 0.381605 -0.980757 0.0328422 0.192448 -0.488732 -0.0565362 -0.991289 -0.118953 0.443435 
1535377451459 0.240314 0.926901 -0.288277 -0.637393 -0.940149 0.296166 0.168538 -0.244056 0.241596 0.230521 0.942598 0.374586 0.186577 -0.128683 0.973976 0.381626 -0.980666 0.0351646 0.192504 -0.488793 -0.0590214 -0.991062 -0.119634 0.443515 
1535377451465 0.240657 0.926868 -0.288097 -0.637348 -0.940145 0.296381 0.168185 -0.244002 0.241272 0.230378 0.942716 0.374555 0.186285 -0.129821 0.973881 0.381648 -0.980569 0.037487 0.192561 -0.488855 -0.0615063 -0.990829 -0.120315 0.443595 
1535377451731 0.241 0.926835 -0.287916 -0.637302 -0.94014 0.296595 0.167832 -0.243948 0.240948 0.230234 0.942834 0.374523 0.185991 -0.130957 0.973785 0.381669 -0.980465 0.0398086 0.192621 -0.488916 -0.0639901 -0.990588 -0.120995 0.443675 
1535377451741 0.241342 0.926802 -0.287736 -0.637258 -0.940135 0.29681 0.16748 -0.243895 0.240623 0.230091 0.942952 0.374491 0.185695 -0.132093 0.973688 0.38169 -0.980356 0.0421301 0.192682 -0.488978 -0.0664735 -0.990342 -0.121675 0.443754 
1535377452001 0.241685 0.926769 -0.287556 -0.637212 -0.94013 0.297025 0.167127 -0.243841 0.240299 0.229948 0.94307 0.37446 0.185394 -0.133229 0.973591 0.381711 -0.980242 0.0444515 0.192744 -0.48904 -0.0689566 -0.990088 -0.122356 0.443834 
1535377452007 0.242027 0.926735 -0.287375 -0.637166 -0.940125 0.297239 0.166774 -0.243787 0.239975 0.229805 0.943187 0.374429 0.185092 -0.134363 0.973492 0.381732 -0.980121 0.0467724 0.192808 -0.489101 -0.0714389 -0.989828 -0.123035 0.443914 
1535377452278 0.242369 0.926702 -0.287194 -0.637121 -0.94012 0.297454 0.166422 -0.243734 0.23965 0.229661 0.943304 0.374397 0.184786 -0.135497 0.973393 0.381754 -0.979995 0.0490929 0.192873 -0.489163 -0.0739204 -0.989561 -0.123715 0.443994 
1535377452283 0.242711 0.926669 -0.287013 -0.637077 -0.940114 0.297669 0.166069 -0.24368 0.239326 0.229518 0.943422 0.374365 0.184478 -0.13663 0.973293 0.381775 -0.979863 0.0514129 0.192941 -0.489224 -0.0764012 -0.989287 -0.124394 0.444073 
1535377452570 0.241939 0.926757 -0.28738 -0.637177 -0.940197 0.297109 0.166601 -0.243723 0.239782 0.229886 0.943216 0.374426 0.184691 -0.13605 0.973334 0.381722 -0.979916 0.0502753 0.192967 -0.48917 -0.0751879 -0.989425 -0.124032 0.444111 
1535377452697 0.242406 0.926683 -0.287224 -0.636975 -0.94012 0.297485 0.166364 -0.243638 0.239612 0.229697 0.943306 0.374478 0.185368 -0.13608 0.973201 0.381778 -0.979983 0.0475775 0.193312 -0.489321 -0.0726084 -0.989555 -0.124537 0.444133 
1535377452862 0.242874 0.926609 -0.287068 -0.636769 -0.940043 0.297862 0.166126 -0.243552 0.239441 0.229508 0.943395 0.374532 0.186044 -0.136108 0.973068 0.381836 -0.980043 0.0448803 0.193655 -0.489476 -0.0700296 -0.989677 -0.125042 0.444156 
1535377452909 0.243342 0.926535 -0.286912 -0.636561 -0.939965 0.298239 0.165888 -0.243464 0.23927 0.229319 0.943484 0.374585 0.186722 -0.136134 0.972935 0.381893 -0.980094 0.0421825 0.193998 -0.48963 -0.0674507 -0.989792 -0.125548 0.444178 
1535377453053 0.24381 0.92646 -0.286755 -0.636354 -0.939887 0.298616 0.165651 -0.243377 0.239098 0.22913 0.943574 0.374638 0.187399 -0.136159 0.972801 0.381951 -0.980139 0.0394846 0.19434 -0.489784 -0.0648717 -0.9899 -0.126055 0.444201 
1535377453301 0.244278 0.926385 -0.286599 -0.636148 -0.93981 0.298992 0.165413 -0.243291 0.238927 0.228942 0.943663 0.374691 0.188076 -0.136181 0.972667 0.382008 -0.980177 0.0367864 0.194679 -0.489938 -0.0622925 -0.990001 -0.126563 0.444223 
1535377453307 0.244746 0.92631 -0.286442 -0.63594 -0.939731 0.299369 0.165176 -0.243203 0.238756 0.228753 0.943752 0.374745 0.188754 -0.136202 0.972533 0.382065 -0.980207 0.0340878 0.195017 -0.490092 -0.0597133 -0.990094 -0.127072 0.444246 
1535377453547 0.245213 0.926235 -0.286286 -0.635734 -0.939653 0.299746 0.164938 -0.243117 0.238584 0.228564 0.943841 0.374798 0.189431 -0.136221 0.972399 0.382123 -0.98023 0.0313891 0.195354 -0.490246 -0.057134 -0.990181 -0.127582 0.444268 
1535377453727 0.245681 0.926159 -0.286129 -0.635526 -0.939574 0.300123 0.164701 -0.243029 0.238413 0.228376 0.94393 0.374852 0.190108 -0.136238 0.972264 0.38218 -0.980246 0.0286901 0.195689 -0.4904 -0.0545546 -0.990261 -0.128092 0.444291 
1535377453802 0.246149 0.926084 -0.285972 -0.63532 -0.939496 0.300499 0.164463 -0.242942 0.238241 0.228187 0.944019 0.374905 0.190786 -0.136253 0.97213 0.382237 -0.980255 0.0259909 0.196023 -0.490554 -0.0519752 -0.990333 -0.128604 0.444313 
1535377453942 0.245599 0.926186 -0.286113 -0.635564 -0.939579 0.300057 0.164793 -0.242973 0.238479 0.228353 0.943919 0.374859 0.189868 -0.136121 0.972328 0.382196 -0.980212 0.0301909 0.195634 -0.490244 -0.0559855 -0.990232 -0.127696 0.444304 
1535377454108 0.245772 0.926165 -0.286034 -0.635222 -0.939534 0.300208 0.164775 -0.242866 0.238479 0.228241 0.943946 0.374992 0.190524 -0.135611 0.972271 0.382227 -0.980231 0.027562 0.195928 -0.490399 -0.0533677 -0.990379 -0.127679 0.444234 
1535377454121 0.245946 0.926143 -0.285955 -0.634874 -0.939489 0.30036 0.164756 -0.242755 0.238477 0.228131 0.943973 0.375126 0.19118 -0.135099 0.972213 0.382258 -0.980242 0.0249327 0.196223 -0.490557 -0.0507494 -0.990518 -0.127663 0.444163 
1535377454341 0.246121 0.926121 -0.285877 -0.634527 -0.939443 0.300512 0.164737 -0.242646 0.238476 0.22802 0.944 0.37526 0.191835 -0.134585 0.972156 0.382289 -0.980246 0.0223033 0.196519 -0.490714 -0.0481308 -0.990651 -0.127648 0.444093 
1535377454542 0.246295 0.926098 -0.285798 -0.634179 -0.939398 0.300665 0.164717 -0.242536 0.238474 0.227909 0.944027 0.375394 0.192488 -0.134069 0.972098 0.38232 -0.980243 0.019674 0.196814 -0.490871 -0.0455118 -0.990777 -0.127634 0.444023 
1535377454706 0.246469 0.926076 -0.285719 -0.633833 -0.939353 0.300816 0.164698 -0.242427 0.238472 0.227798 0.944055 0.375528 0.19314 -0.133552 0.97204 0.382352 -0.980233 0.0170446 0.19711 -0.491028 -0.0428925 -0.990895 -0.12762 0.443952 
1535377454742 0.246644 0.926054 -0.285641 -0.633485 -0.939308 0.300969 0.164679 -0.242316 0.238471 0.227688 0.944082 0.375662 0.19379 -0.133033 0.971981 0.382383 -0.980216 0.0144153 0.197405 -0.491185 -0.0402728 -0.991007 -0.127608 0.443882 
1535377455026 0.246818 0.926032 -0.285562 -0.633138 -0.939262 0.301121 0.16466 -0.242207 0.238469 0.227577 0.944109 0.375796 0.194439 -0.132512 0.971923 0.382414 -0.980192 0.0117861 0.1977 -0.491341 -0.0376529 -0.991111 -0.127596 0.443812 
1535377455073 0.246992 0.92601 -0.285484 -0.63279 -0.939217 0.301273 0.164641 -0.242097 0.238467 0.227466 0.944136 0.37593 0.195087 -0.13199 0.971864 0.382445 -0.98016 0.00915686 0.197996 -0.491498 -0.0350327 -0.991209 -0.127585 0.443742 
1535377455333 0.247166 0.925987 -0.285405 -0.632443 -0.939171 0.301425 0.164621 -0.241987 0.238465 0.227355 0.944163 0.376064 0.195733 -0.131466 0.971805 0.382476 -0.980121 0.00652779 0.198291 -0.491655 -0.0324122 -0.991299 -0.127575 0.443671 
1535377455528 0.247253 0.925965 -0.285404 -0.632635 -0.939147 0.301509 0.164608 -0.242127 0.238473 0.227336 0.944166 0.375989 0.194823 -0.132232 0.971884 0.382451 -0.980172 0.0102814 0.197883 -0.491417 -0.0361587 -0.991166 -0.127607 0.443768 
1535377455659 0.247188 0.925947 -0.285516 -0.632158 -0.939036 0.301589 0.165094 -0.241957 0.238977 0.227301 0.944047 0.376125 0.195557 -0.132348 0.971721 0.382521 -0.980065 0.00906672 0.198471 -0.491604 -0.0350776 -0.991162 -0.127937 0.443733 
1535377455861 0.247124 0.925929 -0.28563 -0.631677 -0.938924 0.30167 0.165579 -0.241784 0.239481 0.227266 0.943927 0.376262 0.196263 -0.132488 0.971559 0.382591 -0.979957 0.00797469 0.199047 -0.491785 -0.0341194 -0.991152 -0.128268 0.443707 
1535377456070 0.24706 0.925911 -0.285744 -0.631194 -0.938812 0.301751 0.166064 -0.241611 0.239984 0.227232 0.943808 0.376399 0.19697 -0.132628 0.971397 0.382662 -0.979849 0.00688261 0.199623 -0.491966 -0.0331613 -0.991142 -0.128599 0.443681 
1535377456220 0.246996 0.925893 -0.285858 -0.630713 -0.938701 0.301832 0.166549 -0.241439 0.240488 0.227198 0.943688 0.376536 0.197677 -0.132766 0.971235 0.382732 -0.979738 0.00579045 0.200199 -0.492146 -0.0322035 -0.99113 -0.128931 0.443654 
1535377456282 0.246931 0.925875 -0.285972 -0.630231 -0.938588 0.301913 0.167034 -0.241266 0.240992 0.227164 0.943567 0.376673 0.198383 -0.132904 0.971072 0.382803 -0.979626 0.00469814 0.200774 -0.492327 -0.0312458 -0.991118 -0.129264 0.443628 
1535377456551 0.246867 0.925857 -0.286086 -0.629748 -0.938476 0.301994 0.167519 -0.241093 0.241495 0.22713 0.943447 0.37681 0.19909 -0.13304 0.970909 0.382873 -0.979513 0.00360581 0.201349 -0.492508 -0.0302884 -0.991104 -0.129597 0.443602 
1535377456686 0.246803 0.925839 -0.2862 -0.629267 -0.938363 0.302075 0.168004 -0.24092 0.241998 0.227096 0.943326 0.376946 0.199797 -0.133176 0.970745 0.382943 -0.979398 0.00251331 0.201923 -0.492688 -0.0293312 -0.991089 -0.129931 0.443576 
1535377456949 0.246738 0.925821 -0.286314 -0.628786 -0.93825 0.302156 0.168489 -0.240748 0.242502 0.227061 0.943205 0.377083 0.200504 -0.133312 0.97058 0.383014 -0.979282 0.00142078 0.202497 -0.492869 -0.0283742 -0.991073 -0.130265 0.44355 
1535377457093 0.246674 0.925803 -0.286427 -0.628303 -0.938137 0.302237 0.168973 -0.240575 0.243005 0.227027 0.943084 0.37722 0.201211 -0.133446 0.970416 0.383084 -0.979164 0.000328199 0.20307 -0.49305 -0.0274174 -0.991056 -0.1306 0.443524 
1535377457265 0.246539 0.925925 -0.28615 -0.629039 -0.938408 0.301838 0.168181 -0.240717 0.242094 0.227062 0.94331 0.377009 0.2005 -0.133368 0.970573 0.383003 -0.979289 0.00119785 0.202465 -0.492985 -0.028165 -0.991066 -0.130365 0.443535 
1535377457370 0.246663 0.92587 -0.286219 -0.628619 -0.938326 0.302015 0.168319 -0.240567 0.242284 0.227048 0.943264 0.377129 0.20082 -0.131953 0.970701 0.383051 -0.979238 0.000933986 0.202713 -0.493083 -0.0276551 -0.991256 -0.129025 0.44329 
1535377457553 0.246788 0.925816 -0.286288 -0.628194 -0.938244 0.302192 0.168456 -0.240415 0.242473 0.227035 0.943219 0.377251 0.201139 -0.130537 0.970826 0.383099 -0.979186 0.000670412 0.202962 -0.493182 -0.0271449 -0.991443 -0.127685 0.443044 
1535377457735 0.246912 0.925762 -0.286357 -0.62777 -0.938163 0.302369 0.168594 -0.240263 0.242663 0.227021 0.943173 0.377372 0.201458 -0.129121 0.970949 0.383147 -0.979135 0.000407152 0.203211 -0.493281 -0.0266342 -0.991629 -0.126345 0.442799 
1535377457750 0.247036 0.925707 -0.286426 -0.627345 -0.938081 0.302545 0.168731 -0.24011 0.242853 0.227008 0.943128 0.377493 0.201777 -0.127705 0.97107 0.383195 -0.979083 0.000144239 0.203461 -0.49338 -0.026123 -0.991812 -0.125005 0.442553 
1535377457986 0.24716 0.925653 -0.286495 -0.62692 -0.937999 0.302722 0.168869 -0.239958 0.243042 0.226994 0.943082 0.377615 0.202094 -0.126289 0.97119 0.383243 -0.979031 -0.000118316 0.203711 -0.493479 -0.0256115 -0.991994 -0.123665 0.442308 
1535377458112 0.247284 0.925598 -0.286563 -0.626496 -0.937917 0.302899 0.169006 -0.239806 0.243232 0.22698 0.943037 0.377736 0.202411 -0.124872 0.971307 0.383291 -0.978979 -0.000380459 0.203961 -0.493578 -0.0250995 -0.992173 -0.122324 0.442063 
1535377458180 0.247408 0.925544 -0.286633 -0.62607 -0.937835 0.303076 0.169144 -0.239654 0.243421 0.226967 0.942991 0.377857 0.202727 -0.123455 0.971422 0.38334 -0.978927 -0.000642292 0.204212 -0.493677 -0.024587 -0.99235 -0.120984 0.441817 
1535377458460 0.247532 0.925489 -0.286702 -0.625646 -0.937753 0.303253 0.169281 -0.239502 0.243611 0.226953 0.942945 0.377979 0.203042 -0.122038 0.971535 0.383388 -0.978874 -0.000903712 0.204462 -0.493776 -0.0240741 -0.992525 -0.119643 0.441572 
1535377458565 0.247656 0.925435 -0.286771 -0.625222 -0.937672 0.303429 0.169419 -0.23935 0.243801 0.226939 0.9429 0.3781 0.203357 -0.12062 0.971647 0.383436 -0.978821 -0.00116476 0.204714 -0.493875 -0.0235608 -0.992698 -0.118302 0.441326 
1535377458828 0.247369 0.925614 -0.286438 -0.625887 -0.937809 0.303037 0.169359 -0.239488 0.243562 0.22673 0.943012 0.378007 0.202997 -0.121359 0.97163 0.383346 -0.978887 -0.000888944 0.204402 -0.493886 -0.0239424 -0.992608 -0.118977 0.441482 
1535377458876 0.247466 0.925477 -0.286799 -0.625515 -0.937673 0.303299 0.169644 -0.23933 0.243987 0.226942 0.942851 0.378132 0.203257 -0.12129 0.971584 0.383392 -0.97885 -0.00162809 0.204574 -0.493972 -0.023231 -0.992616 -0.119056 0.441461 
1535377458883 0.247564 0.925338 -0.28716 -0.625139 -0.937537 0.303562 0.169928 -0.239171 0.244412 0.227155 0.94269 0.378257 0.203518 -0.121221 0.971538 0.383438 -0.978812 -0.00236776 0.204746 -0.494059 -0.0225191 -0.992623 -0.119134 0.44144 
1535377458918 0.247662 0.9252 -0.287521 -0.624763 -0.9374 0.303824 0.170212 -0.239012 0.244836 0.227368 0.942528 0.378382 0.203778 -0.121151 0.971492 0.383484 -0.978774 -0.0031074 0.204918 -0.494145 -0.0218072 -0.992629 -0.119213 0.441418 
1535377459099 0.24776 0.925061 -0.287883 -0.624387 -0.937263 0.304087 0.170496 -0.238852 0.245261 0.22758 0.942366 0.378507 0.204038 -0.121081 0.971446 0.38353 -0.978736 -0.00384697 0.205089 -0.494232 -0.0210954 -0.992635 -0.119292 0.441397 
1535377459149 0.247858 0.924923 -0.288244 -0.624012 -0.937126 0.30435 0.17078 -0.238693 0.245685 0.227792 0.942205 0.378633 0.204298 -0.121011 0.9714 0.383576 -0.978697 -0.00458662 0.205261 -0.494318 -0.0203835 -0.992641 -0.119371 0.441376 
1535377459416 0.247955 0.924784 -0.288606 -0.623635 -0.936989 0.304613 0.171063 -0.238533 0.24611 0.228005 0.942042 0.378758 0.204558 -0.120941 0.971354 0.383622 -0.978657 -0.00532618 0.205432 -0.494405 -0.0196716 -0.992645 -0.11945 0.441355 
1535377459423 0.248052 0.924645 -0.288967 -0.62326 -0.936852 0.304876 0.171347 -0.238374 0.246534 0.228217 0.94188 0.378883 0.204818 -0.120871 0.971308 0.383668 -0.978616 -0.0060658 0.205604 -0.494492 -0.0189598 -0.99265 -0.119529 0.441334 
1535377459690 0.24815 0.924506 -0.289329 -0.622883 -0.936714 0.305139 0.17163 -0.238214 0.246959 0.228429 0.941717 0.379009 0.205078 -0.1208 0.971262 0.383714 -0.978576 -0.00680534 0.205775 -0.494578 -0.018248 -0.992653 -0.119608 0.441312 
1535377459892 0.248246 0.924366 -0.289691 -0.622508 -0.936576 0.305402 0.171913 -0.238055 0.247383 0.228641 0.941555 0.379134 0.205337 -0.12073 0.971216 0.38376 -0.978534 -0.00754487 0.205947 -0.494665 -0.0175362 -0.992657 -0.119687 0.441291 
