1533579845931 0.203615 0.956806 -0.207516 -0.514067 -0.972167 0.22268 0.0728332 -0.236753 0.115897 0.18691 0.975516 0.338999 0.16008 -0.304787 0.938871 0.370831 -0.775623 0.549475 0.310623 -0.528794 -0.61056 -0.777934 -0.14844 0.432481 
1533579845942 0.202905 0.954521 -0.218449 -0.524219 -0.970589 0.225571 0.084114 -0.238043 0.129564 0.194957 0.972216 0.343369 0.316231 -0.384871 0.867106 0.40083 -0.930001 -0.306257 0.203234 -0.504368 0.187338 -0.870678 -0.454779 0.485897 
1533579846869 0.202072 0.95214 -0.229341 -0.534275 -0.968852 0.228572 0.0952923 -0.239245 0.143152 0.202941 0.96867 0.347584 0.316231 -0.384871 0.867106 0.40083 -0.930001 -0.306257 0.203234 -0.504368 0.187338 -0.870678 -0.454779 0.485897 
1533579847433 0.201088 0.949667 -0.2402 -0.544318 -0.966958 0.231665 0.106415 -0.240439 0.156705 0.210865 0.964873 0.351789 0.316231 -0.384871 0.867106 0.40083 -0.930001 -0.306257 0.203234 -0.504368 0.187338 -0.870678 -0.454779 0.485897 
1533579848000 0.199941 0.947106 -0.251027 -0.554399 -0.964905 0.234843 0.117506 -0.241666 0.170242 0.218723 0.960821 0.356053 0.316231 -0.384871 0.867106 0.40083 -0.930001 -0.306257 0.203234 -0.504368 0.187338 -0.870678 -0.454779 0.485897 
1533579848577 0.198641 0.944455 -0.261816 -0.56448 -0.962695 0.23811 0.128539 -0.242894 0.18374 0.226515 0.95652 0.360317 0.316231 -0.384871 0.867106 0.40083 -0.930001 -0.306257 0.203234 -0.504368 0.187338 -0.870678 -0.454779 0.485897 
1533579849163 0.197189 0.941715 -0.272562 -0.57456 -0.960328 0.241466 0.139514 -0.24412 0.197197 0.234239 0.951969 0.364581 0.316231 -0.384871 0.867106 0.40083 -0.930001 -0.306257 0.203234 -0.504368 0.187338 -0.870678 -0.454779 0.485897 
1533579849754 0.195586 0.938886 -0.283265 -0.584638 -0.957805 0.244911 0.150426 -0.245346 0.210607 0.241892 0.947171 0.368846 0.316231 -0.384871 0.867106 0.40083 -0.930001 -0.306257 0.203234 -0.504368 0.187338 -0.870678 -0.454779 0.485897 
1533579850354 0.193831 0.93597 -0.293921 -0.594714 -0.955127 0.248443 0.161272 -0.24657 0.223968 0.249472 0.942126 0.373111 0.316231 -0.384871 0.867106 0.40083 -0.930001 -0.306257 0.203234 -0.504368 0.187338 -0.870678 -0.454779 0.485897 
1533579850954 0.19203 0.932885 -0.304715 -0.603851 -0.952281 0.252184 0.17194 -0.247294 0.237245 0.257157 0.936795 0.377575 0.316442 -0.385045 0.866951 0.401525 -0.929984 -0.306148 0.203478 -0.505625 0.187068 -0.87064 -0.454964 0.486487 
1533579851537 0.192643 0.932899 -0.304283 -0.60346 -0.952257 0.252578 0.171498 -0.247346 0.236846 0.256718 0.937017 0.377232 0.316442 -0.385045 0.866951 0.401525 -0.929984 -0.306148 0.203478 -0.505625 0.187068 -0.87064 -0.454964 0.486487 
1533579851544 0.192375 0.9326 -0.305366 -0.604604 -0.951968 0.252895 0.172628 -0.247515 0.238219 0.25749 0.936457 0.377672 0.316221 -0.384863 0.867113 0.400797 -0.930002 -0.306262 0.203223 -0.504308 0.187351 -0.87068 -0.45477 0.485869 
1533579851733 0.192105 0.932301 -0.306447 -0.605747 -0.951679 0.253211 0.173758 -0.247684 0.23959 0.258259 0.935894 0.378112 0.316221 -0.384863 0.867113 0.400797 -0.930002 -0.306262 0.203223 -0.504308 0.187351 -0.87068 -0.45477 0.485869 
1533579851740 0.191832 0.932002 -0.307527 -0.606892 -0.951387 0.253529 0.174887 -0.247854 0.240962 0.259028 0.93533 0.378552 0.31622 -0.384863 0.867113 0.400797 -0.930002 -0.306262 0.203222 -0.504307 0.187351 -0.87068 -0.45477 0.485868 
1533579852038 0.191559 0.931701 -0.308606 -0.608038 -0.951094 0.253847 0.176015 -0.248024 0.242332 0.259797 0.934762 0.378992 0.316221 -0.384863 0.867113 0.400796 -0.930002 -0.306262 0.203223 -0.504306 0.187351 -0.87068 -0.45477 0.485868 
1533579852252 0.191283 0.9314 -0.309685 -0.609184 -0.9508 0.254166 0.177142 -0.248195 0.243702 0.260564 0.934193 0.379431 0.31622 -0.384863 0.867113 0.400796 -0.930002 -0.306262 0.203222 -0.504306 0.187351 -0.87068 -0.454769 0.485868 
1533579852474 0.191007 0.931098 -0.310763 -0.610329 -0.950503 0.254487 0.178269 -0.248364 0.245071 0.261331 0.93362 0.379871 0.31622 -0.384863 0.867113 0.400796 -0.930002 -0.306262 0.203222 -0.504306 0.187351 -0.87068 -0.454769 0.485868 
1533579852698 0.190728 0.930794 -0.31184 -0.611475 -0.950205 0.254808 0.179395 -0.248535 0.246439 0.262097 0.933045 0.380311 0.31622 -0.384863 0.867113 0.400796 -0.930002 -0.306262 0.203222 -0.504305 0.187351 -0.87068 -0.45477 0.485867 
1533579852704 0.190448 0.93049 -0.312917 -0.61262 -0.949906 0.25513 0.18052 -0.248705 0.247807 0.262862 0.932467 0.380751 0.31622 -0.384863 0.867113 0.400796 -0.930002 -0.306262 0.203222 -0.504305 0.187351 -0.87068 -0.45477 0.485867 
1533579853012 0.190166 0.930185 -0.313993 -0.613767 -0.949605 0.255453 0.181645 -0.248875 0.249174 0.263626 0.931887 0.38119 0.316221 -0.384863 0.867113 0.400795 -0.930002 -0.306262 0.203223 -0.504305 0.187351 -0.87068 -0.45477 0.485867 
1533579853251 0.190487 0.930175 -0.313831 -0.613409 -0.949634 0.255624 0.181251 -0.24898 0.248818 0.263499 0.932018 0.380983 0.316221 -0.384863 0.867113 0.400795 -0.930002 -0.306262 0.203223 -0.504305 0.187351 -0.87068 -0.45477 0.485867 
1533579853262 0.190766 0.930295 -0.313303 -0.613536 -0.949562 0.255801 0.181379 -0.248991 0.248879 0.2629 0.932171 0.380856 0.31622 -0.384863 0.867113 0.400795 -0.930002 -0.306262 0.203222 -0.504304 0.187351 -0.87068 -0.454769 0.485867 
1533579853367 0.191044 0.930416 -0.312774 -0.613668 -0.94949 0.255977 0.181508 -0.249004 0.248941 0.2623 0.932324 0.380728 0.31622 -0.384863 0.867113 0.400795 -0.930002 -0.306262 0.203222 -0.504304 0.187351 -0.87068 -0.454769 0.485867 
1533579853425 0.191322 0.930537 -0.312245 -0.613801 -0.949417 0.256153 0.181637 -0.249018 0.249002 0.2617 0.932476 0.380599 0.31622 -0.384863 0.867113 0.400795 -0.930002 -0.306262 0.203222 -0.504304 0.187351 -0.87068 -0.454769 0.485867 
1533579853520 0.191601 0.930657 -0.311717 -0.613932 -0.949345 0.25633 0.181766 -0.24903 0.249064 0.2611 0.932627 0.380471 0.31622 -0.384863 0.867113 0.400795 -0.930002 -0.306262 0.203222 -0.504304 0.187351 -0.87068 -0.454769 0.485867 
1533579853581 0.19188 0.930776 -0.311188 -0.614064 -0.949273 0.256506 0.181895 -0.249044 0.249125 0.2605 0.932779 0.380343 0.31622 -0.384863 0.867113 0.400795 -0.930002 -0.306262 0.203222 -0.504304 0.187351 -0.87068 -0.454769 0.485867 
1533579853674 0.192158 0.930896 -0.310659 -0.614197 -0.949201 0.256682 0.182024 -0.249058 0.249186 0.2599 0.93293 0.380215 0.31622 -0.384863 0.867113 0.400795 -0.930002 -0.306262 0.203222 -0.504304 0.187351 -0.87068 -0.454769 0.485867 
1533579853737 0.192437 0.931014 -0.31013 -0.614328 -0.949128 0.256858 0.182153 -0.249071 0.249246 0.2593 0.933081 0.380087 0.31622 -0.384863 0.867113 0.400795 -0.930002 -0.306262 0.203222 -0.504304 0.187351 -0.87068 -0.454769 0.485867 
1533579853833 0.192715 0.931133 -0.309601 -0.614461 -0.949056 0.257033 0.182283 -0.249084 0.249307 0.2587 0.933231 0.379958 0.31622 -0.384863 0.867113 0.400795 -0.930002 -0.306262 0.203222 -0.504304 0.187351 -0.87068 -0.454769 0.485867 
1533579853901 0.192994 0.931251 -0.309071 -0.614592 -0.948983 0.257209 0.182412 -0.249097 0.249367 0.258099 0.933381 0.37983 0.31622 -0.384863 0.867113 0.400795 -0.930002 -0.306262 0.203222 -0.504304 0.187351 -0.87068 -0.454769 0.485867 
1533579854014 0.19276 0.931152 -0.309515 -0.614433 -0.949091 0.257013 0.182129 -0.249142 0.249139 0.25865 0.93329 0.379957 0.31622 -0.384863 0.867113 0.400795 -0.930002 -0.306262 0.203222 -0.504304 0.187351 -0.87068 -0.454769 0.485867 
1533579854025 0.192613 0.931269 -0.309256 -0.614434 -0.948999 0.25695 0.182695 -0.249164 0.249602 0.258294 0.933265 0.379983 0.31622 -0.384863 0.867113 0.400795 -0.930002 -0.306262 0.203222 -0.504304 0.187351 -0.87068 -0.454769 0.485867 
1533579854042 0.192568 0.931413 -0.308849 -0.614447 -0.948894 0.256946 0.183247 -0.249217 0.250036 0.257778 0.933291 0.379986 0.31622 -0.384863 0.867113 0.400795 -0.930002 -0.306262 0.203222 -0.504304 0.187351 -0.87068 -0.45477 0.485867 
1533579854058 0.192524 0.931557 -0.308443 -0.614459 -0.948789 0.256941 0.183798 -0.249269 0.25047 0.257262 0.933317 0.379988 0.31622 -0.384863 0.867113 0.400795 -0.930002 -0.306262 0.203222 -0.504304 0.187351 -0.87068 -0.45477 0.485867 
1533579854144 0.192479 0.9317 -0.308037 -0.614471 -0.948683 0.256936 0.184349 -0.249322 0.250904 0.256746 0.933343 0.379991 0.31622 -0.384863 0.867113 0.400795 -0.930002 -0.306262 0.203222 -0.504304 0.187351 -0.87068 -0.45477 0.485867 
1533579854203 0.192435 0.931844 -0.30763 -0.614484 -0.948577 0.256931 0.1849 -0.249375 0.251337 0.25623 0.933368 0.379993 0.31622 -0.384863 0.867113 0.400795 -0.930002 -0.306262 0.203222 -0.504304 0.187351 -0.87068 -0.45477 0.485867 
1533579854249 0.19239 0.931987 -0.307224 -0.614495 -0.948471 0.256926 0.185451 -0.249427 0.251771 0.255714 0.933393 0.379995 0.31622 -0.384863 0.867113 0.400795 -0.930002 -0.306262 0.203222 -0.504304 0.187351 -0.87068 -0.45477 0.485867 
1533579854301 0.192346 0.93213 -0.306817 -0.614508 -0.948365 0.25692 0.186002 -0.24948 0.252205 0.255198 0.933417 0.379998 0.31622 -0.384863 0.867113 0.400795 -0.930002 -0.306262 0.203222 -0.504304 0.187351 -0.87068 -0.45477 0.485867 
1533579854357 0.192302 0.932273 -0.30641 -0.61452 -0.948258 0.256914 0.186552 -0.249532 0.252639 0.254682 0.93344 0.38 0.31622 -0.384863 0.867113 0.400795 -0.930002 -0.306262 0.203222 -0.504304 0.187351 -0.87068 -0.45477 0.485867 
1533579854414 0.192259 0.932415 -0.306003 -0.614533 -0.948151 0.256907 0.187103 -0.249585 0.253072 0.254165 0.933464 0.380002 0.31622 -0.384863 0.867113 0.400795 -0.930002 -0.306262 0.203222 -0.504304 0.187351 -0.87068 -0.45477 0.485867 
1533579854466 0.192328 0.932176 -0.306689 -0.614508 -0.94837 0.256876 0.186037 -0.249489 0.2522 0.255074 0.933452 0.379998 0.31622 -0.384863 0.867113 0.400795 -0.930002 -0.306262 0.203222 -0.504304 0.187351 -0.87068 -0.45477 0.485867 
1533579854480 0.19229 0.932183 -0.30669 -0.614491 -0.948354 0.256864 0.186134 -0.249511 0.252288 0.255059 0.933432 0.380072 0.31622 -0.384863 0.867113 0.400795 -0.930002 -0.306262 0.203222 -0.504304 0.187351 -0.87068 -0.45477 0.485867 
1533579854496 0.192249 0.932191 -0.306692 -0.61447 -0.948338 0.25685 0.186232 -0.249534 0.252377 0.255045 0.933412 0.380149 0.31622 -0.384863 0.867113 0.400795 -0.930002 -0.306262 0.203222 -0.504304 0.187351 -0.87068 -0.45477 0.485867 
1533579854503 0.192209 0.932199 -0.306694 -0.61445 -0.948323 0.256836 0.186329 -0.249555 0.252466 0.255031 0.933392 0.380226 0.31622 -0.384863 0.867113 0.400795 -0.930002 -0.306262 0.203222 -0.504304 0.187351 -0.87068 -0.45477 0.485867 
1533579854516 0.192169 0.932206 -0.306696 -0.614428 -0.948307 0.256823 0.186427 -0.249577 0.252555 0.255016 0.933372 0.380302 0.31622 -0.384863 0.867113 0.400795 -0.930002 -0.306262 0.203222 -0.504304 0.187351 -0.87068 -0.45477 0.485867 
1533579854633 0.192129 0.932214 -0.306698 -0.614409 -0.948292 0.256809 0.186524 -0.249599 0.252643 0.255002 0.933352 0.380378 0.31622 -0.384863 0.867113 0.400795 -0.930002 -0.306262 0.203222 -0.504304 0.187351 -0.87068 -0.45477 0.485867 
1533579854649 0.19209 0.932222 -0.306699 -0.614387 -0.948276 0.256796 0.186622 -0.24962 0.252732 0.254988 0.933332 0.380454 0.31622 -0.384863 0.867113 0.400795 -0.930002 -0.306262 0.203222 -0.504304 0.187351 -0.87068 -0.45477 0.485867 
1533579854666 0.19205 0.932229 -0.306701 -0.614367 -0.948261 0.256783 0.186719 -0.249642 0.252821 0.254973 0.933311 0.38053 0.31622 -0.384863 0.867113 0.400795 -0.930002 -0.306262 0.203222 -0.504304 0.187351 -0.87068 -0.45477 0.485867 
1533579854683 0.19201 0.932237 -0.306703 -0.614345 -0.948245 0.256769 0.186817 -0.249663 0.25291 0.254959 0.933291 0.380607 0.31622 -0.384863 0.867113 0.400795 -0.930002 -0.306262 0.203222 -0.504304 0.187351 -0.87068 -0.45477 0.485867 
1533579854700 0.19197 0.932244 -0.306705 -0.614325 -0.94823 0.256756 0.186914 -0.249685 0.252998 0.254945 0.933271 0.380683 0.31622 -0.384863 0.867113 0.400795 -0.930002 -0.306262 0.203222 -0.504304 0.187351 -0.87068 -0.45477 0.485867 
1533579854726 0.19221 0.932194 -0.306708 -0.614411 -0.9483 0.256862 0.186408 -0.249589 0.25255 0.255022 0.933371 0.380317 0.31622 -0.384863 0.867113 0.400795 -0.930002 -0.306262 0.203222 -0.504304 0.187351 -0.87068 -0.45477 0.485867 
1533579854739 0.192156 0.932215 -0.306679 -0.614378 -0.948401 0.256716 0.1861 -0.249593 0.252215 0.255094 0.933442 0.380384 0.31622 -0.384863 0.867113 0.400795 -0.930002 -0.306262 0.203222 -0.504304 0.187351 -0.87068 -0.45477 0.485867 
1533579854756 0.192104 0.932235 -0.306651 -0.61434 -0.948501 0.25657 0.185791 -0.249595 0.251878 0.255167 0.933513 0.380452 0.31622 -0.384863 0.867113 0.400795 -0.930002 -0.306262 0.203222 -0.504304 0.187351 -0.87068 -0.45477 0.485867 
1533579854773 0.192051 0.932255 -0.306622 -0.614303 -0.948601 0.256424 0.185481 -0.249597 0.251541 0.25524 0.933584 0.380519 0.31622 -0.384863 0.867113 0.400795 -0.930002 -0.306262 0.203222 -0.504304 0.187351 -0.87068 -0.45477 0.485867 
1533579854789 0.191999 0.932275 -0.306594 -0.614265 -0.948701 0.256278 0.185172 -0.249598 0.251204 0.255314 0.933655 0.380587 0.31622 -0.384863 0.867113 0.400795 -0.930002 -0.306262 0.203222 -0.504304 0.187351 -0.87068 -0.45477 0.485867 
1533579854836 0.191946 0.932295 -0.306566 -0.614227 -0.9488 0.256133 0.184862 -0.249599 0.250867 0.255387 0.933725 0.380655 0.31622 -0.384863 0.867113 0.400795 -0.930002 -0.306262 0.203222 -0.504304 0.187351 -0.87068 -0.45477 0.485867 
1533579854870 0.191893 0.932315 -0.306538 -0.61419 -0.9489 0.255986 0.184552 -0.249601 0.250531 0.25546 0.933796 0.380723 0.31622 -0.384863 0.867113 0.400795 -0.930002 -0.306262 0.203222 -0.504304 0.187351 -0.87068 -0.45477 0.485867 
1533579854891 0.191841 0.932335 -0.30651 -0.614152 -0.949 0.255841 0.184243 -0.249603 0.250194 0.255533 0.933866 0.380791 0.31622 -0.384863 0.867113 0.400795 -0.930002 -0.306262 0.203222 -0.504304 0.187351 -0.87068 -0.45477 0.485867 
1533579854912 0.191788 0.932355 -0.306482 -0.614114 -0.949099 0.255695 0.183933 -0.249604 0.249857 0.255606 0.933937 0.380858 0.31622 -0.384863 0.867113 0.400795 -0.930002 -0.306262 0.203222 -0.504304 0.187351 -0.87068 -0.45477 0.485867 
1533579854939 0.191736 0.932375 -0.306454 -0.614076 -0.949198 0.255549 0.183623 -0.249606 0.24952 0.255679 0.934007 0.380926 0.31622 -0.384863 0.867113 0.400795 -0.930002 -0.306262 0.203222 -0.504304 0.187351 -0.87068 -0.45477 0.485867 
1533579854970 0.191898 0.932306 -0.306562 -0.614208 -0.948844 0.256052 0.184752 -0.249613 0.250741 0.255426 0.933749 0.380582 0.31622 -0.384863 0.867113 0.400795 -0.930002 -0.306262 0.203222 -0.504304 0.187351 -0.87068 -0.45477 0.485867 
1533579854980 0.191447 0.93222 -0.307107 -0.61414 -0.948881 0.255789 0.184923 -0.249752 0.250944 0.256005 0.933536 0.380668 0.31622 -0.384863 0.867113 0.400795 -0.930002 -0.306262 0.203222 -0.504304 0.187351 -0.87068 -0.45477 0.485867 
1533579854997 0.190997 0.932132 -0.307652 -0.614067 -0.948919 0.255527 0.185093 -0.249888 0.251145 0.256584 0.933322 0.380755 0.31622 -0.384863 0.867113 0.400795 -0.930002 -0.306262 0.203222 -0.504304 0.187351 -0.87068 -0.45477 0.485867 
1533579855114 0.190547 0.932044 -0.308197 -0.613995 -0.948956 0.255265 0.185263 -0.250025 0.251346 0.257164 0.933109 0.380842 0.31622 -0.384863 0.867113 0.400795 -0.930002 -0.306262 0.203222 -0.504304 0.187351 -0.87068 -0.45477 0.485867 
1533579855141 0.190096 0.931956 -0.308742 -0.613922 -0.948993 0.255003 0.185434 -0.250162 0.251546 0.257744 0.932895 0.380929 0.31622 -0.384863 0.867113 0.400795 -0.930002 -0.306262 0.203222 -0.504304 0.187351 -0.87068 -0.45477 0.485867 
1533579855225 0.189646 0.931867 -0.309287 -0.613851 -0.94903 0.254741 0.185604 -0.250299 0.251746 0.258323 0.93268 0.381016 0.31622 -0.384863 0.867113 0.400795 -0.930002 -0.306262 0.203222 -0.504304 0.187351 -0.87068 -0.45477 0.485867 
1533579855271 0.189195 0.931778 -0.309832 -0.613778 -0.949067 0.254479 0.185775 -0.250435 0.251946 0.258903 0.932466 0.381103 0.31622 -0.384863 0.867113 0.400795 -0.930002 -0.306262 0.203222 -0.504304 0.187351 -0.87068 -0.45477 0.485867 
1533579855339 0.188744 0.931688 -0.310376 -0.613706 -0.949104 0.254217 0.185945 -0.250572 0.252146 0.259483 0.932251 0.38119 0.31622 -0.384863 0.867113 0.400795 -0.930002 -0.306262 0.203222 -0.504304 0.187351 -0.87068 -0.45477 0.485867 
1533579855389 0.188293 0.931598 -0.31092 -0.613632 -0.94914 0.253955 0.186116 -0.250708 0.252345 0.260063 0.932035 0.381277 0.31622 -0.384863 0.867113 0.400795 -0.930002 -0.306262 0.203222 -0.504304 0.187351 -0.87068 -0.45477 0.485867 
1533579855438 0.187842 0.931507 -0.311464 -0.61356 -0.949177 0.253694 0.186287 -0.250845 0.252544 0.260642 0.931819 0.381364 0.31622 -0.384863 0.867113 0.400795 -0.930002 -0.306262 0.203222 -0.504304 0.187351 -0.87068 -0.45477 0.485867 
1533579855508 0.188838 0.931609 -0.310555 -0.613638 -0.94907 0.254356 0.185926 -0.250708 0.252202 0.259628 0.932195 0.381218 0.31622 -0.384863 0.867113 0.400795 -0.930002 -0.306262 0.203222 -0.504304 0.187351 -0.87068 -0.45477 0.485867 
1533579855523 0.188351 0.931663 -0.31069 -0.613575 -0.949185 0.253905 0.185955 -0.250856 0.252133 0.259878 0.932144 0.381229 0.31622 -0.384863 0.867113 0.400795 -0.930002 -0.306262 0.203222 -0.504304 0.187351 -0.87068 -0.45477 0.485867 
1533579855528 0.187862 0.931716 -0.310826 -0.613515 -0.9493 0.253453 0.185985 -0.251008 0.252065 0.260127 0.932093 0.38124 0.31622 -0.384863 0.867113 0.400795 -0.930002 -0.306262 0.203222 -0.504304 0.187351 -0.87068 -0.45477 0.485867 
1533579855542 0.187373 0.931769 -0.310961 -0.613455 -0.949415 0.253001 0.186015 -0.251159 0.251996 0.260377 0.932042 0.38125 0.31622 -0.384863 0.867113 0.400795 -0.930002 -0.306262 0.203222 -0.504304 0.187351 -0.87068 -0.45477 0.485867 
1533579855658 0.186885 0.931822 -0.311097 -0.613395 -0.94953 0.252549 0.186045 -0.25131 0.251928 0.260626 0.93199 0.38126 0.31622 -0.384863 0.867113 0.400795 -0.930002 -0.306262 0.203222 -0.504304 0.187351 -0.87068 -0.45477 0.485867 
1533579855703 0.186396 0.931875 -0.311232 -0.613336 -0.949644 0.252096 0.186075 -0.251462 0.251859 0.260876 0.931939 0.38127 0.31622 -0.384863 0.867113 0.400795 -0.930002 -0.306262 0.203222 -0.504304 0.187351 -0.87068 -0.45477 0.485867 
1533579855795 0.185907 0.931927 -0.311367 -0.613276 -0.949758 0.251644 0.186105 -0.251613 0.25179 0.261125 0.931888 0.381281 0.31622 -0.384863 0.867113 0.400795 -0.930002 -0.306262 0.203222 -0.504304 0.187351 -0.87068 -0.45477 0.485867 
1533579855837 0.185419 0.93198 -0.311503 -0.613217 -0.949872 0.251192 0.186135 -0.251764 0.251721 0.261375 0.931837 0.381291 0.31622 -0.384863 0.867113 0.400795 -0.930002 -0.306262 0.203222 -0.504304 0.187351 -0.87068 -0.45477 0.485867 
1533579855931 0.18493 0.932031 -0.311638 -0.613157 -0.949985 0.250739 0.186166 -0.251915 0.251652 0.261624 0.931785 0.381301 0.31622 -0.384863 0.867113 0.400795 -0.930002 -0.306262 0.203222 -0.504304 0.187351 -0.87068 -0.45477 0.485867 
1533579855982 0.184441 0.932083 -0.311773 -0.613096 -0.950099 0.250287 0.186196 -0.252066 0.251583 0.261873 0.931734 0.381312 0.31622 -0.384863 0.867113 0.400795 -0.930002 -0.306262 0.203222 -0.504304 0.187351 -0.87068 -0.45477 0.485867 
1533579856083 0.185081 0.932038 -0.311527 -0.613198 -0.949907 0.25091 0.186333 -0.251843 0.251835 0.261436 0.931789 0.381329 0.31622 -0.384863 0.867113 0.400795 -0.930002 -0.306262 0.203222 -0.504304 0.187351 -0.87068 -0.45477 0.485867 
1533579856094 0.184921 0.932112 -0.311402 -0.613133 -0.949866 0.250809 0.186679 -0.251965 0.252108 0.261269 0.931762 0.381279 0.31622 -0.384863 0.867113 0.400795 -0.930002 -0.306262 0.203222 -0.504304 0.187351 -0.87068 -0.45477 0.485867 
1533579856111 0.184759 0.932187 -0.311275 -0.613073 -0.949825 0.250707 0.187026 -0.252089 0.252382 0.261102 0.931735 0.381229 0.31622 -0.384863 0.867113 0.400795 -0.930002 -0.306262 0.203222 -0.504304 0.187351 -0.87068 -0.45477 0.485867 
1533579856127 0.184598 0.932261 -0.311148 -0.613012 -0.949783 0.250605 0.187373 -0.252213 0.252656 0.260934 0.931707 0.381178 0.31622 -0.384863 0.867113 0.400795 -0.930002 -0.306262 0.203222 -0.504304 0.187351 -0.87068 -0.45477 0.485867 
1533579856218 0.184437 0.932335 -0.311021 -0.612952 -0.949742 0.250502 0.18772 -0.252338 0.25293 0.260767 0.93168 0.381128 0.31622 -0.384863 0.867113 0.400795 -0.930002 -0.306262 0.203222 -0.504304 0.187351 -0.87068 -0.45477 0.485867 
1533579856266 0.184275 0.93241 -0.310893 -0.612892 -0.9497 0.2504 0.188068 -0.252463 0.253204 0.260599 0.931652 0.381077 0.31622 -0.384863 0.867113 0.400795 -0.930002 -0.306262 0.203222 -0.504304 0.187351 -0.87068 -0.45477 0.485867 
1533579856301 0.184114 0.932484 -0.310766 -0.612831 -0.949658 0.250297 0.188415 -0.252587 0.253478 0.260432 0.931625 0.381026 0.31622 -0.384863 0.867113 0.400795 -0.930002 -0.306262 0.203222 -0.504304 0.187351 -0.87068 -0.45477 0.485867 
1533579856349 0.183953 0.932558 -0.310639 -0.612771 -0.949616 0.250195 0.188762 -0.252711 0.253752 0.260264 0.931597 0.380976 0.31622 -0.384863 0.867113 0.400795 -0.930002 -0.306262 0.203222 -0.504304 0.187351 -0.87068 -0.45477 0.485867 
1533579856404 0.183792 0.932632 -0.310512 -0.612711 -0.949574 0.250092 0.189109 -0.252835 0.254026 0.260097 0.931569 0.380925 0.31622 -0.384863 0.867113 0.400795 -0.930002 -0.306262 0.203222 -0.504304 0.187351 -0.87068 -0.45477 0.485867 
1533579856451 0.18363 0.932707 -0.310384 -0.612651 -0.949532 0.24999 0.189456 -0.25296 0.2543 0.25993 0.931541 0.380874 0.31622 -0.384863 0.867113 0.400795 -0.930002 -0.306262 0.203222 -0.504304 0.187351 -0.87068 -0.45477 0.485867 
1533579856497 0.184029 0.932559 -0.310592 -0.612724 -0.94957 0.250289 0.188869 -0.252767 0.253869 0.260172 0.931591 0.381004 0.31622 -0.384863 0.867113 0.400795 -0.930002 -0.306262 0.203222 -0.504304 0.187351 -0.87068 -0.45477 0.485867 
1533579856513 0.18398 0.932654 -0.310335 -0.612595 -0.94951 0.250263 0.189209 -0.252841 0.254132 0.259855 0.931607 0.380927 0.31622 -0.384863 0.867113 0.400795 -0.930002 -0.306262 0.203222 -0.504304 0.187351 -0.87068 -0.45477 0.485867 
1533579856530 0.183928 0.93275 -0.310077 -0.612466 -0.949449 0.250234 0.18955 -0.252917 0.254395 0.259538 0.931624 0.380847 0.31622 -0.384863 0.867113 0.400795 -0.930002 -0.306262 0.203222 -0.504304 0.187351 -0.87068 -0.45477 0.485867 
1533579856547 0.183877 0.932846 -0.309818 -0.612338 -0.949389 0.250205 0.189892 -0.252995 0.254658 0.259221 0.93164 0.380767 0.31622 -0.384863 0.867113 0.400795 -0.930002 -0.306262 0.203222 -0.504304 0.187351 -0.87068 -0.45477 0.485867 
1533579856563 0.183826 0.932942 -0.30956 -0.612209 -0.949328 0.250176 0.190233 -0.25307 0.25492 0.258904 0.931657 0.380688 0.31622 -0.384863 0.867113 0.400795 -0.930002 -0.306262 0.203222 -0.504304 0.187351 -0.87068 -0.45477 0.485867 
1533579856627 0.183775 0.933038 -0.309301 -0.612082 -0.949267 0.250147 0.190574 -0.253148 0.255183 0.258587 0.931673 0.380608 0.31622 -0.384863 0.867113 0.400795 -0.930002 -0.306262 0.203222 -0.504304 0.187351 -0.87068 -0.45477 0.485867 
1533579856677 0.183724 0.933134 -0.309043 -0.611954 -0.949206 0.250117 0.190915 -0.253226 0.255446 0.25827 0.931689 0.380528 0.31622 -0.384863 0.867113 0.400795 -0.930002 -0.306262 0.203222 -0.504304 0.187351 -0.87068 -0.45477 0.485867 
1533579856707 0.183673 0.933229 -0.308784 -0.611826 -0.949145 0.250088 0.191256 -0.253302 0.255709 0.257952 0.931705 0.380448 0.31622 -0.384863 0.867113 0.400795 -0.930002 -0.306262 0.203222 -0.504304 0.187351 -0.87068 -0.45477 0.485867 
1533579856736 0.183622 0.933325 -0.308525 -0.611699 -0.949084 0.250058 0.191598 -0.25338 0.255972 0.257635 0.93172 0.380368 0.31622 -0.384863 0.867113 0.400795 -0.930002 -0.306262 0.203222 -0.504304 0.187351 -0.87068 -0.45477 0.485867 
1533579856787 0.183571 0.93342 -0.308267 -0.611571 -0.949023 0.250028 0.191938 -0.253456 0.256235 0.257318 0.931736 0.380289 0.31622 -0.384863 0.867113 0.400795 -0.930002 -0.306262 0.203222 -0.504304 0.187351 -0.87068 -0.45477 0.485867 
1533579856837 0.183802 0.933166 -0.308896 -0.611849 -0.949117 0.250236 0.191203 -0.253337 0.255721 0.258035 0.931678 0.380496 0.31622 -0.384863 0.867113 0.400795 -0.930002 -0.306262 0.203222 -0.504304 0.187351 -0.87068 -0.45477 0.485867 
1533579856849 0.183671 0.933222 -0.308808 -0.611664 -0.949122 0.250115 0.191339 -0.253377 0.255799 0.257953 0.93168 0.380461 0.31622 -0.384863 0.867113 0.400795 -0.930002 -0.306262 0.203222 -0.504304 0.187351 -0.87068 -0.45477 0.485867 
1533579856866 0.18354 0.933276 -0.30872 -0.611475 -0.949126 0.249996 0.191474 -0.253415 0.255877 0.257871 0.931681 0.380427 0.31622 -0.384863 0.867113 0.400795 -0.930002 -0.306262 0.203222 -0.504304 0.187351 -0.87068 -0.45477 0.485867 
1533579856882 0.18341 0.933331 -0.308632 -0.611287 -0.94913 0.249876 0.19161 -0.253453 0.255956 0.257789 0.931682 0.380392 0.31622 -0.384863 0.867113 0.400795 -0.930002 -0.306262 0.203222 -0.504304 0.187351 -0.87068 -0.45477 0.485867 
1533579856993 0.18328 0.933386 -0.308545 -0.611098 -0.949134 0.249757 0.191746 -0.253491 0.256034 0.257707 0.931683 0.380358 0.31622 -0.384863 0.867113 0.400795 -0.930002 -0.306262 0.203222 -0.504304 0.187351 -0.87068 -0.45477 0.485867 
1533579857018 0.18315 0.93344 -0.308457 -0.610908 -0.949138 0.249637 0.191881 -0.253529 0.256112 0.257625 0.931684 0.380324 0.31622 -0.384863 0.867113 0.400795 -0.930002 -0.306262 0.203222 -0.504304 0.187351 -0.87068 -0.45477 0.485867 
1533579857024 0.183019 0.933495 -0.308369 -0.61072 -0.949142 0.249518 0.192017 -0.253567 0.256191 0.257543 0.931685 0.38029 0.31622 -0.384863 0.867113 0.400795 -0.930002 -0.306262 0.203222 -0.504304 0.187351 -0.87068 -0.45477 0.485867 
1533579857134 0.182889 0.933549 -0.308282 -0.61053 -0.949146 0.249399 0.192153 -0.253605 0.256269 0.257462 0.931687 0.380256 0.31622 -0.384863 0.867113 0.400795 -0.930002 -0.306262 0.203222 -0.504304 0.187351 -0.87068 -0.45477 0.485867 
1533579857168 0.182759 0.933604 -0.308194 -0.610342 -0.94915 0.249279 0.192288 -0.253643 0.256347 0.25738 0.931688 0.380221 0.31622 -0.384863 0.867113 0.400795 -0.930002 -0.306262 0.203222 -0.504304 0.187351 -0.87068 -0.45477 0.485867 
1533579857213 0.182629 0.933658 -0.308106 -0.610153 -0.949154 0.249159 0.192424 -0.253681 0.256426 0.257298 0.931689 0.380187 0.31622 -0.384863 0.867113 0.400795 -0.930002 -0.306262 0.203222 -0.504304 0.187351 -0.87068 -0.45477 0.485867 
1533579857296 0.182829 0.933567 -0.308264 -0.610522 -0.949169 0.249326 0.19213 -0.253575 0.256225 0.257468 0.931697 0.380199 0.31622 -0.384863 0.867113 0.400795 -0.930002 -0.306262 0.203222 -0.504304 0.187351 -0.87068 -0.45477 0.485867 
1533579857308 0.182566 0.933537 -0.30851 -0.610345 -0.949191 0.249158 0.192243 -0.253597 0.256334 0.257738 0.931592 0.380227 0.31622 -0.384863 0.867113 0.400795 -0.930002 -0.306262 0.203222 -0.504304 0.187351 -0.87068 -0.45477 0.485867 
1533579857325 0.182304 0.933507 -0.308757 -0.610163 -0.949212 0.248992 0.192354 -0.253616 0.256441 0.258009 0.931488 0.380257 0.31622 -0.384863 0.867113 0.400795 -0.930002 -0.306262 0.203222 -0.504304 0.187351 -0.87068 -0.45477 0.485867 
1533579857342 0.182041 0.933476 -0.309004 -0.60998 -0.949233 0.248825 0.192465 -0.253635 0.256549 0.25828 0.931383 0.380286 0.31622 -0.384863 0.867113 0.400795 -0.930002 -0.306262 0.203222 -0.504304 0.187351 -0.87068 -0.45477 0.485867 
1533579857466 0.181779 0.933446 -0.30925 -0.609799 -0.949254 0.248658 0.192576 -0.253655 0.256657 0.258551 0.931278 0.380316 0.31622 -0.384863 0.867113 0.400795 -0.930002 -0.306262 0.203222 -0.504304 0.187351 -0.87068 -0.45477 0.485867 
1533579857510 0.181517 0.933415 -0.309497 -0.609616 -0.949275 0.248491 0.192687 -0.253674 0.256765 0.258822 0.931173 0.380345 0.31622 -0.384863 0.867113 0.400795 -0.930002 -0.306262 0.203222 -0.504304 0.187351 -0.87068 -0.45477 0.485867 
1533579857598 0.181255 0.933384 -0.309744 -0.609434 -0.949296 0.248325 0.192799 -0.253693 0.256872 0.259093 0.931068 0.380375 0.31622 -0.384863 0.867113 0.400795 -0.930002 -0.306262 0.203222 -0.504304 0.187351 -0.87068 -0.45477 0.485867 
1533579857654 0.180992 0.933353 -0.30999 -0.609252 -0.949317 0.248158 0.19291 -0.253713 0.25698 0.259364 0.930963 0.380404 0.31622 -0.384863 0.867113 0.400795 -0.930002 -0.306262 0.203222 -0.504304 0.187351 -0.87068 -0.45477 0.485867 
1533579857729 0.18073 0.933322 -0.310237 -0.609069 -0.949338 0.247992 0.193021 -0.253732 0.257087 0.259635 0.930858 0.380433 0.31622 -0.384863 0.867113 0.400795 -0.930002 -0.306262 0.203222 -0.504304 0.187351 -0.87068 -0.45477 0.485867 
1533579857797 0.180467 0.933291 -0.310483 -0.608887 -0.949359 0.247825 0.193133 -0.253751 0.257195 0.259906 0.930752 0.380463 0.31622 -0.384863 0.867113 0.400795 -0.930002 -0.306262 0.203222 -0.504304 0.187351 -0.87068 -0.45477 0.485867 
1533579857878 0.180752 0.933316 -0.310242 -0.609152 -0.94937 0.247978 0.192884 -0.253714 0.256955 0.25967 0.930884 0.380385 0.31622 -0.384863 0.867113 0.400795 -0.930002 -0.306262 0.203222 -0.504304 0.187351 -0.87068 -0.45477 0.485867 
1533579857889 0.180525 0.933346 -0.310284 -0.609021 -0.94937 0.247815 0.19309 -0.253743 0.257113 0.259717 0.930828 0.380389 0.31622 -0.384863 0.867113 0.400795 -0.930002 -0.306262 0.203222 -0.504304 0.187351 -0.87068 -0.45477 0.485867 
1533579857905 0.180297 0.933376 -0.310326 -0.608885 -0.949371 0.247653 0.193295 -0.253769 0.25727 0.259764 0.930771 0.380394 0.31622 -0.384863 0.867113 0.400795 -0.930002 -0.306262 0.203222 -0.504304 0.187351 -0.87068 -0.45477 0.485867 
1533579857922 0.18007 0.933406 -0.310368 -0.608749 -0.949371 0.247491 0.193501 -0.253796 0.257428 0.259811 0.930714 0.3804 0.31622 -0.384863 0.867113 0.400795 -0.930002 -0.306262 0.203222 -0.504304 0.187351 -0.87068 -0.45477 0.485867 
1533579857928 0.179842 0.933436 -0.310411 -0.608612 -0.949371 0.247329 0.193706 -0.253822 0.257586 0.259858 0.930657 0.380405 0.31622 -0.384863 0.867113 0.400795 -0.930002 -0.306262 0.203222 -0.504304 0.187351 -0.87068 -0.45477 0.485867 
1533579857942 0.179615 0.933465 -0.310453 -0.608476 -0.949372 0.247167 0.193912 -0.253848 0.257744 0.259906 0.9306 0.38041 0.31622 -0.384863 0.867113 0.400795 -0.930002 -0.306262 0.203222 -0.504304 0.187351 -0.87068 -0.45477 0.485867 
1533579858056 0.179387 0.933495 -0.310495 -0.608341 -0.949372 0.247005 0.194117 -0.253875 0.257901 0.259953 0.930544 0.380415 0.31622 -0.384863 0.867113 0.400795 -0.930002 -0.306262 0.203222 -0.504304 0.187351 -0.87068 -0.45477 0.485867 
1533579858087 0.17916 0.933525 -0.310537 -0.608204 -0.949372 0.246843 0.194323 -0.2539 0.258059 0.26 0.930487 0.380421 0.31622 -0.384863 0.867113 0.400795 -0.930002 -0.306262 0.203222 -0.504304 0.187351 -0.87068 -0.45477 0.485867 
1533579858093 0.178933 0.933554 -0.310579 -0.608068 -0.949372 0.246681 0.194528 -0.253927 0.258217 0.260047 0.93043 0.380426 0.31622 -0.384863 0.867113 0.400795 -0.930002 -0.306262 0.203222 -0.504304 0.187351 -0.87068 -0.45477 0.485867 
1533579858168 0.178705 0.933584 -0.310621 -0.607931 -0.949372 0.246519 0.194734 -0.253953 0.258374 0.260095 0.930373 0.380431 0.31622 -0.384863 0.867113 0.400795 -0.930002 -0.306262 0.203222 -0.504304 0.187351 -0.87068 -0.45477 0.485867 
1533579858213 0.179216 0.933558 -0.310404 -0.608257 -0.949386 0.246843 0.194255 -0.25384 0.25797 0.25988 0.930545 0.380425 0.31622 -0.384863 0.867113 0.400795 -0.930002 -0.306262 0.203222 -0.504304 0.187351 -0.87068 -0.45477 0.485867 
1533579858225 0.178952 0.933643 -0.310301 -0.608138 -0.949406 0.246603 0.19446 -0.253871 0.258078 0.259802 0.930537 0.380373 0.31622 -0.384863 0.867113 0.400795 -0.930002 -0.306262 0.203222 -0.504304 0.187351 -0.87068 -0.45477 0.485867 
1533579858241 0.178688 0.933728 -0.310197 -0.608014 -0.949427 0.246363 0.194666 -0.253903 0.258186 0.259725 0.930528 0.380319 0.31622 -0.384863 0.867113 0.400795 -0.930002 -0.306262 0.203222 -0.504304 0.187351 -0.87068 -0.45477 0.485867 
1533579858258 0.178424 0.933812 -0.310096 -0.60789 -0.949447 0.246123 0.19487 -0.253934 0.258294 0.25965 0.930519 0.380266 0.31622 -0.384863 0.867113 0.400795 -0.930002 -0.306262 0.203222 -0.504304 0.187351 -0.87068 -0.45477 0.485867 
1533579858274 0.178161 0.933897 -0.309993 -0.607765 -0.949467 0.245883 0.195075 -0.253965 0.258402 0.259574 0.930511 0.380213 0.31622 -0.384863 0.867113 0.400795 -0.930002 -0.306262 0.203222 -0.504304 0.187351 -0.87068 -0.45477 0.485867 
1533579858291 0.177897 0.933981 -0.309891 -0.607642 -0.949487 0.245643 0.19528 -0.253996 0.25851 0.259498 0.930502 0.38016 0.31622 -0.384863 0.867113 0.400795 -0.930002 -0.306262 0.203222 -0.504304 0.187351 -0.87068 -0.45477 0.485867 
1533579858346 0.177633 0.934065 -0.309788 -0.607518 -0.949507 0.245404 0.195484 -0.254026 0.258618 0.259422 0.930493 0.380107 0.31622 -0.384863 0.867113 0.400795 -0.930002 -0.306262 0.203222 -0.504304 0.187351 -0.87068 -0.45477 0.485867 
1533579858379 0.17737 0.934149 -0.309686 -0.607394 -0.949526 0.245164 0.195689 -0.254057 0.258727 0.259346 0.930484 0.380054 0.31622 -0.384863 0.867113 0.400795 -0.930002 -0.306262 0.203222 -0.504304 0.187351 -0.87068 -0.45477 0.485867 
1533579858424 0.177106 0.934233 -0.309583 -0.607269 -0.949546 0.244924 0.195894 -0.254087 0.258835 0.25927 0.930475 0.380002 0.31622 -0.384863 0.867113 0.400795 -0.930002 -0.306262 0.203222 -0.504304 0.187351 -0.87068 -0.45477 0.485867 
1533579858452 0.176842 0.934317 -0.309481 -0.607146 -0.949566 0.244684 0.196098 -0.254118 0.258943 0.259194 0.930466 0.379949 0.31622 -0.384863 0.867113 0.400795 -0.930002 -0.306262 0.203222 -0.504304 0.187351 -0.87068 -0.45477 0.485867 
1533579858493 0.177454 0.934121 -0.309723 -0.607516 -0.949528 0.245233 0.195595 -0.253961 0.258664 0.259382 0.930491 0.380123 0.31622 -0.384863 0.867113 0.400795 -0.930002 -0.306262 0.203222 -0.504304 0.187351 -0.87068 -0.45477 0.485867 
1533579858506 0.177285 0.93415 -0.309732 -0.607398 -0.949538 0.245098 0.195714 -0.253979 0.258741 0.259405 0.930463 0.3801 0.31622 -0.384863 0.867113 0.400795 -0.930002 -0.306262 0.203222 -0.504304 0.187351 -0.87068 -0.45477 0.485867 
1533579858522 0.177116 0.934179 -0.309742 -0.607275 -0.949549 0.244961 0.195834 -0.253994 0.258819 0.25943 0.930435 0.380077 0.31622 -0.384863 0.867113 0.400795 -0.930002 -0.306262 0.203222 -0.504304 0.187351 -0.87068 -0.45477 0.485867 
1533579858538 0.176946 0.934208 -0.309751 -0.607153 -0.949559 0.244825 0.195953 -0.25401 0.258896 0.259454 0.930407 0.380054 0.31622 -0.384863 0.867113 0.400795 -0.930002 -0.306262 0.203222 -0.504304 0.187351 -0.87068 -0.45477 0.485867 
1533579858555 0.176777 0.934237 -0.309761 -0.60703 -0.94957 0.244689 0.196073 -0.254025 0.258973 0.259478 0.930378 0.380031 0.31622 -0.384863 0.867113 0.400795 -0.930002 -0.306262 0.203222 -0.504304 0.187351 -0.87068 -0.45477 0.485867 
1533579858572 0.176607 0.934266 -0.30977 -0.606909 -0.94958 0.244553 0.196192 -0.254041 0.259051 0.259503 0.93035 0.380008 0.31622 -0.384863 0.867113 0.400795 -0.930002 -0.306262 0.203222 -0.504304 0.187351 -0.87068 -0.45477 0.485867 
1533579858633 0.176438 0.934295 -0.30978 -0.606786 -0.949591 0.244416 0.196312 -0.254057 0.259128 0.259527 0.930322 0.379986 0.31622 -0.384863 0.867113 0.400795 -0.930002 -0.306262 0.203222 -0.504304 0.187351 -0.87068 -0.45477 0.485867 
1533579858680 0.176268 0.934323 -0.309789 -0.606664 -0.949601 0.24428 0.196431 -0.254072 0.259205 0.259552 0.930293 0.379963 0.31622 -0.384863 0.867113 0.400795 -0.930002 -0.306262 0.203222 -0.504304 0.187351 -0.87068 -0.45477 0.485867 
1533579858705 0.176099 0.934352 -0.309799 -0.60654 -0.949611 0.244144 0.19655 -0.254087 0.259283 0.259576 0.930265 0.379941 0.31622 -0.384863 0.867113 0.400795 -0.930002 -0.306262 0.203222 -0.504304 0.187351 -0.87068 -0.45477 0.485867 
1533579858736 0.175929 0.934381 -0.309808 -0.606418 -0.949622 0.244008 0.19667 -0.254103 0.25936 0.259601 0.930236 0.379918 0.31622 -0.384863 0.867113 0.400795 -0.930002 -0.306262 0.203222 -0.504304 0.187351 -0.87068 -0.45477 0.485867 
1533579858782 0.176496 0.934309 -0.309704 -0.606774 -0.949563 0.244472 0.196375 -0.253996 0.259189 0.259424 0.930334 0.380055 0.31622 -0.384863 0.867113 0.400795 -0.930002 -0.306262 0.203222 -0.504304 0.187351 -0.87068 -0.45477 0.485867 
1533579858794 0.176388 0.9343 -0.309791 -0.606677 -0.949589 0.244382 0.196359 -0.254011 0.259166 0.259539 0.930308 0.38005 0.31622 -0.384863 0.867113 0.400795 -0.930002 -0.306262 0.203222 -0.504304 0.187351 -0.87068 -0.45477 0.485867 
1533579858810 0.17628 0.934291 -0.30988 -0.606575 -0.949616 0.244293 0.196342 -0.254023 0.259142 0.259655 0.930282 0.380046 0.31622 -0.384863 0.867113 0.400795 -0.930002 -0.306262 0.203222 -0.504304 0.187351 -0.87068 -0.45477 0.485867 
1533579858817 0.176172 0.934282 -0.309969 -0.606471 -0.949643 0.244203 0.196325 -0.254035 0.259119 0.259772 0.930256 0.380042 0.31622 -0.384863 0.867113 0.400795 -0.930002 -0.306262 0.203222 -0.504304 0.187351 -0.87068 -0.45477 0.485867 
1533579858831 0.176064 0.934273 -0.310057 -0.60637 -0.949669 0.244114 0.196308 -0.254048 0.259095 0.259889 0.93023 0.380037 0.31622 -0.384863 0.867113 0.400795 -0.930002 -0.306262 0.203222 -0.504304 0.187351 -0.87068 -0.45477 0.485867 
1533579858847 0.175956 0.934264 -0.310146 -0.606268 -0.949696 0.244024 0.196291 -0.25406 0.259071 0.260006 0.930204 0.380033 0.31622 -0.384863 0.867113 0.400795 -0.930002 -0.306262 0.203222 -0.504304 0.187351 -0.87068 -0.45477 0.485867 
1533579858882 0.175847 0.934255 -0.310235 -0.606165 -0.949722 0.243935 0.196274 -0.254072 0.259047 0.260122 0.930178 0.380029 0.31622 -0.384863 0.867113 0.400795 -0.930002 -0.306262 0.203222 -0.504304 0.187351 -0.87068 -0.45477 0.485867 
1533579858954 0.175739 0.934246 -0.310323 -0.606063 -0.949749 0.243845 0.196257 -0.254085 0.259023 0.260239 0.930152 0.380025 0.31622 -0.384863 0.867113 0.400795 -0.930002 -0.306262 0.203222 -0.504304 0.187351 -0.87068 -0.45477 0.485867 
1533579858988 0.175631 0.934237 -0.310412 -0.605962 -0.949775 0.243756 0.19624 -0.254097 0.259 0.260356 0.930126 0.38002 0.31622 -0.384863 0.867113 0.400795 -0.930002 -0.306262 0.203222 -0.504304 0.187351 -0.87068 -0.45477 0.485867 
1533579859011 0.175523 0.934227 -0.310501 -0.605858 -0.949802 0.243666 0.196223 -0.254109 0.258976 0.260473 0.9301 0.380016 0.31622 -0.384863 0.867113 0.400795 -0.930002 -0.306262 0.203222 -0.504304 0.187351 -0.87068 -0.45477 0.485867 
1533579859060 0.175809 0.934253 -0.310261 -0.606118 -0.949742 0.243891 0.19623 -0.254071 0.258999 0.260169 0.930178 0.380066 0.31622 -0.384863 0.867113 0.400795 -0.930002 -0.306262 0.203222 -0.504304 0.187351 -0.87068 -0.45477 0.485867 
1533579859072 0.175767 0.934271 -0.310233 -0.60604 -0.949722 0.243874 0.196351 -0.2541 0.259102 0.260123 0.930162 0.380039 0.31622 -0.384863 0.867113 0.400795 -0.930002 -0.306262 0.203222 -0.504304 0.187351 -0.87068 -0.45477 0.485867 
1533579859088 0.175726 0.934287 -0.310205 -0.605958 -0.949701 0.243858 0.19647 -0.254127 0.259206 0.260078 0.930146 0.380012 0.31622 -0.384863 0.867113 0.400795 -0.930002 -0.306262 0.203222 -0.504304 0.187351 -0.87068 -0.45477 0.485867 
1533579859105 0.175684 0.934304 -0.310178 -0.605875 -0.949681 0.243841 0.19659 -0.254153 0.259309 0.260032 0.93013 0.379986 0.31622 -0.384863 0.867113 0.400795 -0.930002 -0.306262 0.203222 -0.504304 0.187351 -0.87068 -0.45477 0.485867 
1533579859122 0.175643 0.934321 -0.310151 -0.605793 -0.94966 0.243825 0.19671 -0.25418 0.259413 0.259987 0.930114 0.379959 0.31622 -0.384863 0.867113 0.400795 -0.930002 -0.306262 0.203222 -0.504304 0.187351 -0.87068 -0.45477 0.485867 
1533579859138 0.175602 0.934338 -0.310123 -0.605712 -0.94964 0.243808 0.19683 -0.254207 0.259516 0.259942 0.930098 0.379932 0.31622 -0.384863 0.867113 0.400795 -0.930002 -0.306262 0.203222 -0.504304 0.187351 -0.87068 -0.45477 0.485867 
1533579859155 0.17556 0.934355 -0.310096 -0.605629 -0.949619 0.243792 0.196949 -0.254234 0.259619 0.259896 0.930082 0.379906 0.31622 -0.384863 0.867113 0.400795 -0.930002 -0.306262 0.203222 -0.504304 0.187351 -0.87068 -0.45477 0.485867 
1533579859172 0.175519 0.934372 -0.310068 -0.605547 -0.949598 0.243776 0.197069 -0.254261 0.259723 0.259851 0.930065 0.379879 0.31622 -0.384863 0.867113 0.400795 -0.930002 -0.306262 0.203222 -0.504304 0.187351 -0.87068 -0.45477 0.485867 
1533579859188 0.175478 0.934389 -0.310041 -0.605464 -0.949578 0.24376 0.197189 -0.254287 0.259826 0.259806 0.930049 0.379853 0.31622 -0.384863 0.867113 0.400795 -0.930002 -0.306262 0.203222 -0.504304 0.187351 -0.87068 -0.45477 0.485867 
