1533576175121 0.201352 0.956984 -0.208898 -0.501083 -0.973458 0.219191 0.0658417 -0.236549 0.108798 0.190096 0.975718 0.338872 0.16008 -0.304787 0.938871 0.370831 -0.775623 0.549475 0.310623 -0.528794 -0.61056 -0.777934 -0.14844 0.432481 
1533576175132 0.201516 0.954526 -0.219709 -0.512406 -0.972027 0.222515 0.0751742 -0.237689 0.120644 0.198415 0.972665 0.343035 0.316301 -0.384301 0.867333 0.400724 -0.930108 -0.305552 0.203808 -0.506265 0.186692 -0.871178 -0.454087 0.485869 
1533576175709 0.20155 0.95197 -0.2305 -0.523728 -0.970479 0.225917 0.0844543 -0.238819 0.132472 0.206674 0.9694 0.347202 0.316239 -0.384862 0.867107 0.40084 -0.929998 -0.306261 0.203244 -0.504426 0.18734 -0.870681 -0.454772 0.48588 
1533576176289 0.201451 0.949319 -0.241268 -0.535049 -0.968814 0.229398 0.0936852 -0.239949 0.144283 0.21487 0.965926 0.351369 0.316221 -0.384863 0.867113 0.4008 -0.930002 -0.306262 0.203223 -0.504313 0.187351 -0.87068 -0.45477 0.485868 
1533576176881 0.20122 0.946574 -0.252009 -0.54637 -0.967032 0.232955 0.102865 -0.24108 0.156076 0.223003 0.962242 0.355536 0.31622 -0.384862 0.867113 0.400795 -0.930002 -0.306262 0.203222 -0.504305 0.187352 -0.87068 -0.454769 0.485867 
1533576177482 0.200857 0.943734 -0.262723 -0.557693 -0.965134 0.236588 0.111992 -0.24221 0.167848 0.231069 0.95835 0.359704 0.31622 -0.384862 0.867114 0.400795 -0.930002 -0.306262 0.203222 -0.504304 0.187352 -0.87068 -0.454769 0.485867 
1533576178088 0.200361 0.9408 -0.273406 -0.569015 -0.96312 0.240297 0.121064 -0.243341 0.179595 0.239066 0.95425 0.363873 0.31622 -0.384862 0.867114 0.400795 -0.930002 -0.306262 0.203222 -0.504304 0.187352 -0.87068 -0.454769 0.485867 
1533576178701 0.199733 0.937773 -0.284057 -0.580332 -0.960992 0.24408 0.130078 -0.244471 0.191316 0.246995 0.949943 0.368042 0.31622 -0.384862 0.867114 0.400795 -0.930002 -0.306263 0.203222 -0.504304 0.187352 -0.87068 -0.454769 0.485867 
1533576179323 0.198975 0.934651 -0.29468 -0.591592 -0.958748 0.247939 0.139031 -0.24559 0.203008 0.25486 0.945428 0.372212 0.31622 -0.384862 0.867114 0.400795 -0.930002 -0.306263 0.203222 -0.504304 0.187352 -0.87068 -0.454769 0.485867 
1533576179954 0.198098 0.931414 -0.305327 -0.602131 -0.956389 0.25189 0.14789 -0.246568 0.214655 0.262715 0.940693 0.37631 0.31622 -0.384862 0.867114 0.400795 -0.930002 -0.306262 0.203222 -0.504304 0.187352 -0.87068 -0.454769 0.485867 
1533576180565 0.198642 0.931362 -0.305132 -0.601749 -0.956385 0.252242 0.147316 -0.246622 0.214171 0.26256 0.940847 0.375842 0.31622 -0.384862 0.867114 0.400795 -0.930002 -0.306262 0.203222 -0.504304 0.187352 -0.87068 -0.454769 0.485867 
1533576180578 0.198492 0.931044 -0.306199 -0.603003 -0.956143 0.252603 0.148263 -0.246746 0.215387 0.263341 0.940351 0.376313 0.31622 -0.384862 0.867114 0.400795 -0.930002 -0.306262 0.203222 -0.504304 0.187352 -0.87068 -0.454769 0.485867 
1533576180787 0.19834 0.930725 -0.307266 -0.604257 -0.9559 0.252965 0.14921 -0.246869 0.216601 0.264121 0.939853 0.376784 0.31622 -0.384862 0.867114 0.400795 -0.930002 -0.306262 0.203222 -0.504304 0.187352 -0.87068 -0.454769 0.485867 
1533576181005 0.198188 0.930405 -0.308333 -0.605511 -0.955656 0.253328 0.150155 -0.246993 0.217814 0.264901 0.939353 0.377256 0.31622 -0.384862 0.867114 0.400795 -0.930002 -0.306262 0.203222 -0.504304 0.187352 -0.87068 -0.454769 0.485867 
1533576181227 0.198034 0.930083 -0.309399 -0.606765 -0.955411 0.253691 0.151101 -0.247116 0.219028 0.26568 0.938851 0.377727 0.31622 -0.384862 0.867114 0.400795 -0.930002 -0.306262 0.203222 -0.504304 0.187352 -0.87068 -0.454769 0.485867 
1533576181453 0.197878 0.929761 -0.310464 -0.608019 -0.955164 0.254055 0.152045 -0.24724 0.220241 0.266458 0.938347 0.378198 0.31622 -0.384862 0.867114 0.400795 -0.930002 -0.306262 0.203222 -0.504304 0.187352 -0.87068 -0.454769 0.485867 
1533576181686 0.197721 0.929438 -0.31153 -0.609273 -0.954916 0.25442 0.152989 -0.247363 0.221453 0.267235 0.93784 0.37867 0.31622 -0.384862 0.867114 0.400795 -0.930002 -0.306262 0.203222 -0.504304 0.187352 -0.87068 -0.454769 0.485867 
1533576181905 0.197563 0.929114 -0.312595 -0.610527 -0.954667 0.254786 0.153932 -0.247486 0.222665 0.268013 0.937331 0.379141 0.31622 -0.384862 0.867114 0.400795 -0.930002 -0.306262 0.203222 -0.504304 0.187352 -0.87068 -0.454769 0.485867 
1533576182126 0.197403 0.928789 -0.31366 -0.611773 -0.954417 0.255152 0.154874 -0.247608 0.223876 0.268789 0.93682 0.379613 0.31622 -0.384862 0.867114 0.400795 -0.930002 -0.306262 0.203222 -0.504304 0.187352 -0.87068 -0.454769 0.485867 
1533576182348 0.197244 0.928461 -0.314731 -0.612938 -0.954165 0.255522 0.155812 -0.247714 0.225086 0.269573 0.936305 0.380077 0.31622 -0.384862 0.867114 0.400795 -0.930002 -0.306262 0.203222 -0.504304 0.187352 -0.87068 -0.454769 0.485867 
1533576182560 0.197639 0.928486 -0.314409 -0.612554 -0.95421 0.25569 0.155261 -0.247817 0.224549 0.269327 0.936505 0.379851 0.31622 -0.384862 0.867114 0.400795 -0.930002 -0.306262 0.203222 -0.504304 0.187352 -0.87068 -0.454769 0.485867 
1533576182572 0.197793 0.928486 -0.314311 -0.612675 -0.954094 0.25592 0.155596 -0.247844 0.224907 0.269106 0.936482 0.379802 0.31622 -0.384862 0.867114 0.400795 -0.930002 -0.306262 0.203222 -0.504304 0.187352 -0.87068 -0.454769 0.485867 
1533576182589 0.197948 0.928487 -0.314211 -0.612797 -0.953977 0.256151 0.15593 -0.247872 0.225265 0.268884 0.93646 0.379752 0.31622 -0.384862 0.867114 0.400795 -0.930002 -0.306262 0.203222 -0.504304 0.187352 -0.87068 -0.454769 0.485867 
1533576182606 0.198103 0.928487 -0.314112 -0.612918 -0.95386 0.256382 0.156265 -0.247899 0.225623 0.268662 0.936437 0.379703 0.31622 -0.384862 0.867114 0.400795 -0.930002 -0.306262 0.203222 -0.504304 0.187352 -0.87068 -0.454769 0.485867 
1533576182612 0.198259 0.928488 -0.314013 -0.613039 -0.953743 0.256613 0.156599 -0.247926 0.22598 0.26844 0.936415 0.379654 0.31622 -0.384862 0.867114 0.400795 -0.930002 -0.306262 0.203222 -0.504304 0.187352 -0.87068 -0.454769 0.485867 
1533576182741 0.198414 0.928488 -0.313914 -0.613161 -0.953626 0.256844 0.156934 -0.247953 0.226338 0.268218 0.936392 0.379604 0.31622 -0.384862 0.867114 0.400795 -0.930002 -0.306262 0.203222 -0.504304 0.187352 -0.87068 -0.454769 0.485867 
1533576182778 0.198569 0.928488 -0.313814 -0.613282 -0.953509 0.257074 0.157269 -0.247981 0.226696 0.267996 0.936369 0.379555 0.31622 -0.384862 0.867114 0.400795 -0.930002 -0.306262 0.203222 -0.504304 0.187352 -0.87068 -0.454769 0.485867 
1533576182840 0.198725 0.928489 -0.313715 -0.613403 -0.953392 0.257305 0.157603 -0.248008 0.227053 0.267774 0.936346 0.379506 0.31622 -0.384862 0.867114 0.400795 -0.930002 -0.306262 0.203222 -0.504304 0.187352 -0.87068 -0.454769 0.485867 
1533576182899 0.19888 0.928489 -0.313617 -0.613523 -0.953274 0.257536 0.157937 -0.248035 0.227411 0.267552 0.936323 0.379457 0.31622 -0.384862 0.867114 0.400795 -0.930002 -0.306262 0.203222 -0.504304 0.187352 -0.87068 -0.454769 0.485867 
1533576182951 0.199036 0.928488 -0.31352 -0.613633 -0.953156 0.257766 0.158271 -0.248059 0.227767 0.267332 0.936299 0.37941 0.31622 -0.384862 0.867114 0.400795 -0.930002 -0.306262 0.203222 -0.504304 0.187352 -0.87068 -0.454769 0.485867 
1533576183003 0.198863 0.928463 -0.313703 -0.613443 -0.953357 0.25744 0.15759 -0.248023 0.227076 0.267732 0.936353 0.379485 0.31622 -0.384862 0.867114 0.400795 -0.930002 -0.306262 0.203222 -0.504304 0.187352 -0.87068 -0.454769 0.485867 
1533576183016 0.198896 0.928741 -0.312858 -0.613492 -0.953276 0.257415 0.158121 -0.248092 0.227388 0.26679 0.936546 0.379423 0.31622 -0.384862 0.867114 0.400795 -0.930002 -0.306262 0.203222 -0.504304 0.187352 -0.87068 -0.454769 0.485867 
1533576183033 0.198928 0.929019 -0.312012 -0.613541 -0.953195 0.257388 0.158653 -0.248161 0.2277 0.265848 0.936738 0.379361 0.31622 -0.384862 0.867114 0.400795 -0.930002 -0.306262 0.203222 -0.504304 0.187352 -0.87068 -0.454769 0.485867 
1533576183155 0.19896 0.929295 -0.311167 -0.613589 -0.953114 0.257361 0.159185 -0.248231 0.228012 0.264906 0.936929 0.3793 0.31622 -0.384862 0.867114 0.400795 -0.930002 -0.306262 0.203222 -0.504304 0.187352 -0.87068 -0.454769 0.485867 
1533576183249 0.198993 0.929571 -0.310321 -0.613638 -0.953032 0.257334 0.159717 -0.2483 0.228324 0.263963 0.937119 0.379238 0.31622 -0.384862 0.867114 0.400795 -0.930002 -0.306262 0.203222 -0.504304 0.187352 -0.87068 -0.454769 0.485867 
1533576183352 0.199026 0.929846 -0.309475 -0.613687 -0.95295 0.257305 0.160248 -0.248369 0.228636 0.26302 0.937308 0.379176 0.31622 -0.384862 0.867114 0.400795 -0.930002 -0.306262 0.203222 -0.504304 0.187352 -0.87068 -0.454769 0.485867 
1533576183358 0.199059 0.93012 -0.308628 -0.613736 -0.952869 0.257277 0.16078 -0.248438 0.228948 0.262078 0.937496 0.379114 0.31622 -0.384862 0.867114 0.400795 -0.930002 -0.306262 0.203222 -0.504304 0.187352 -0.87068 -0.454769 0.485867 
1533576183520 0.199092 0.930394 -0.307782 -0.613784 -0.952787 0.257247 0.161312 -0.248507 0.229259 0.261134 0.937683 0.379052 0.31622 -0.384862 0.867114 0.400795 -0.930002 -0.306262 0.203222 -0.504304 0.187352 -0.87068 -0.454769 0.485867 
1533576183620 0.199126 0.930666 -0.306935 -0.613832 -0.952704 0.257218 0.161843 -0.248576 0.229571 0.260191 0.937869 0.378991 0.31622 -0.384862 0.867114 0.400795 -0.930002 -0.306262 0.203222 -0.504304 0.187352 -0.87068 -0.454769 0.485867 
1533576183716 0.199161 0.930936 -0.306093 -0.613865 -0.952622 0.257189 0.162372 -0.248638 0.229881 0.259252 0.938053 0.378936 0.31622 -0.384862 0.867114 0.400795 -0.930002 -0.306262 0.203222 -0.504304 0.187352 -0.87068 -0.454769 0.485867 
1533576183813 0.199223 0.930698 -0.306774 -0.613814 -0.952672 0.257295 0.16191 -0.248649 0.229621 0.259999 0.93791 0.379031 0.31622 -0.384862 0.867114 0.400795 -0.930002 -0.306262 0.203222 -0.504304 0.187352 -0.87068 -0.454769 0.485867 
1533576183826 0.199227 0.930731 -0.306672 -0.6138 -0.952693 0.257256 0.161847 -0.248634 0.229529 0.25992 0.937954 0.379088 0.31622 -0.384862 0.867114 0.400795 -0.930002 -0.306262 0.203222 -0.504304 0.187352 -0.87068 -0.454769 0.485867 
1533576183843 0.199231 0.930764 -0.306569 -0.613786 -0.952715 0.257217 0.161784 -0.24862 0.229438 0.259841 0.937998 0.379145 0.31622 -0.384862 0.867114 0.400795 -0.930002 -0.306262 0.203222 -0.504304 0.187352 -0.87068 -0.454769 0.485867 
1533576183860 0.199234 0.930797 -0.306467 -0.613772 -0.952736 0.257177 0.161721 -0.248606 0.229346 0.259762 0.938043 0.379202 0.31622 -0.384862 0.867114 0.400795 -0.930002 -0.306262 0.203222 -0.504304 0.187352 -0.87068 -0.454769 0.485867 
1533576183876 0.199238 0.93083 -0.306364 -0.613758 -0.952757 0.257138 0.161659 -0.248591 0.229255 0.259682 0.938087 0.379259 0.31622 -0.384862 0.867114 0.400795 -0.930002 -0.306262 0.203222 -0.504304 0.187352 -0.87068 -0.454769 0.485867 
1533576183893 0.199242 0.930863 -0.306262 -0.613744 -0.952779 0.257099 0.161596 -0.248577 0.229163 0.259603 0.938131 0.379316 0.31622 -0.384862 0.867114 0.400795 -0.930002 -0.306262 0.203222 -0.504304 0.187352 -0.87068 -0.454769 0.485867 
1533576183910 0.199245 0.930896 -0.30616 -0.613729 -0.9528 0.257059 0.161533 -0.248562 0.229072 0.259524 0.938176 0.379374 0.31622 -0.384862 0.867114 0.400795 -0.930002 -0.306262 0.203222 -0.504304 0.187352 -0.87068 -0.454769 0.485867 
1533576183926 0.199249 0.930929 -0.306057 -0.613715 -0.952821 0.25702 0.16147 -0.248548 0.22898 0.259445 0.93822 0.379431 0.31622 -0.384862 0.867114 0.400795 -0.930002 -0.306262 0.203222 -0.504304 0.187352 -0.87068 -0.454769 0.485867 
1533576183943 0.199252 0.930962 -0.305955 -0.613701 -0.952842 0.256981 0.161407 -0.248533 0.228888 0.259366 0.938264 0.379488 0.31622 -0.384862 0.867114 0.400795 -0.930002 -0.306262 0.203222 -0.504304 0.187352 -0.87068 -0.454769 0.485867 
1533576183960 0.199256 0.930995 -0.305852 -0.613688 -0.952864 0.256942 0.161345 -0.248519 0.228797 0.259287 0.938308 0.379544 0.31622 -0.384862 0.867114 0.400795 -0.930002 -0.306262 0.203222 -0.504304 0.187352 -0.87068 -0.454769 0.485867 
1533576183980 0.198837 0.930895 -0.306429 -0.613842 -0.952768 0.256851 0.162048 -0.248499 0.229557 0.259735 0.937999 0.379107 0.31622 -0.384862 0.867114 0.400795 -0.930002 -0.306262 0.203222 -0.504304 0.187352 -0.87068 -0.454769 0.485867 
1533576183993 0.198731 0.930875 -0.306557 -0.613794 -0.952836 0.256722 0.161857 -0.248491 0.229369 0.259932 0.93799 0.379178 0.31622 -0.384862 0.867114 0.400795 -0.930002 -0.306262 0.203222 -0.504304 0.187352 -0.87068 -0.454769 0.485867 
1533576184010 0.198626 0.930856 -0.306684 -0.613746 -0.952903 0.256593 0.161666 -0.248482 0.22918 0.260129 0.937982 0.379249 0.31622 -0.384862 0.867114 0.400795 -0.930002 -0.306262 0.203222 -0.504304 0.187352 -0.87068 -0.454769 0.485867 
1533576184026 0.19852 0.930837 -0.30681 -0.613699 -0.95297 0.256464 0.161474 -0.248474 0.228992 0.260325 0.937973 0.37932 0.31622 -0.384862 0.867114 0.400795 -0.930002 -0.306262 0.203222 -0.504304 0.187352 -0.87068 -0.454769 0.485867 
1533576184043 0.198415 0.930817 -0.306937 -0.613651 -0.953037 0.256335 0.161283 -0.248465 0.228804 0.260522 0.937964 0.379391 0.31622 -0.384862 0.867114 0.400795 -0.930002 -0.306262 0.203222 -0.504304 0.187352 -0.87068 -0.454769 0.485867 
1533576184060 0.19831 0.930798 -0.307064 -0.613603 -0.953105 0.256206 0.161091 -0.248457 0.228615 0.260718 0.937956 0.379463 0.31622 -0.384862 0.867114 0.400795 -0.930002 -0.306262 0.203222 -0.504304 0.187352 -0.87068 -0.454769 0.485867 
1533576184133 0.198205 0.930778 -0.307191 -0.613555 -0.953172 0.256076 0.1609 -0.248449 0.228427 0.260915 0.937947 0.379534 0.31622 -0.384862 0.867114 0.400795 -0.930002 -0.306262 0.203222 -0.504304 0.187352 -0.87068 -0.454769 0.485867 
1533576184153 0.1981 0.930759 -0.307318 -0.613507 -0.953239 0.255947 0.160709 -0.24844 0.228238 0.261111 0.937938 0.379605 0.31622 -0.384862 0.867114 0.400795 -0.930002 -0.306262 0.203222 -0.504304 0.187352 -0.87068 -0.454769 0.485867 
1533576184181 0.197995 0.930739 -0.307445 -0.61346 -0.953306 0.255818 0.160517 -0.248432 0.22805 0.261307 0.93793 0.379676 0.31622 -0.384862 0.867114 0.400795 -0.930002 -0.306262 0.203222 -0.504304 0.187352 -0.87068 -0.454769 0.485867 
1533576184209 0.19789 0.93072 -0.30757 -0.613418 -0.953372 0.255688 0.160327 -0.248426 0.227862 0.261502 0.937921 0.379744 0.31622 -0.384862 0.867114 0.400795 -0.930002 -0.306262 0.203222 -0.504304 0.187352 -0.87068 -0.454769 0.485867 
1533576184270 0.197936 0.930843 -0.30717 -0.613532 -0.953239 0.255805 0.160934 -0.248357 0.22838 0.260951 0.937948 0.379592 0.31622 -0.384862 0.867114 0.400795 -0.930002 -0.306262 0.203222 -0.504304 0.187352 -0.87068 -0.454769 0.485867 
1533576184283 0.19757 0.930725 -0.307763 -0.613468 -0.953289 0.255589 0.160976 -0.24847 0.228485 0.261583 0.937747 0.379682 0.31622 -0.384862 0.867114 0.400795 -0.930002 -0.306262 0.203222 -0.504304 0.187352 -0.87068 -0.454769 0.485867 
1533576184300 0.197203 0.930606 -0.308356 -0.613405 -0.95334 0.255374 0.161017 -0.248583 0.228589 0.262215 0.937545 0.379772 0.31622 -0.384862 0.867114 0.400795 -0.930002 -0.306262 0.203222 -0.504304 0.187352 -0.87068 -0.454769 0.485867 
1533576184317 0.196837 0.930487 -0.308949 -0.613341 -0.953391 0.255158 0.161058 -0.248695 0.228693 0.262847 0.937342 0.379863 0.31622 -0.384862 0.867114 0.400795 -0.930002 -0.306262 0.203222 -0.504304 0.187352 -0.87068 -0.454769 0.485867 
1533576184447 0.196471 0.930367 -0.309542 -0.613278 -0.953442 0.254943 0.161099 -0.248808 0.228797 0.263479 0.93714 0.379953 0.31622 -0.384862 0.867114 0.400795 -0.930002 -0.306262 0.203222 -0.504304 0.187352 -0.87068 -0.454769 0.485867 
1533576184454 0.196104 0.930247 -0.310135 -0.613214 -0.953492 0.254727 0.16114 -0.248921 0.2289 0.264111 0.936937 0.380043 0.31622 -0.384862 0.867114 0.400795 -0.930002 -0.306262 0.203222 -0.504304 0.187352 -0.87068 -0.454769 0.485867 
1533576184587 0.195738 0.930126 -0.310727 -0.61315 -0.953543 0.254512 0.161182 -0.249034 0.229003 0.264742 0.936733 0.380133 0.31622 -0.384862 0.867114 0.400795 -0.930002 -0.306262 0.203222 -0.504304 0.187352 -0.87068 -0.454769 0.485867 
1533576184643 0.195371 0.930005 -0.31132 -0.613087 -0.953593 0.254296 0.161224 -0.249147 0.229106 0.265374 0.936529 0.380223 0.31622 -0.384862 0.867114 0.400795 -0.930002 -0.306262 0.203222 -0.504304 0.187352 -0.87068 -0.454769 0.485867 
1533576184721 0.195005 0.929884 -0.311912 -0.613024 -0.953644 0.254081 0.161265 -0.24926 0.229209 0.266005 0.936325 0.380313 0.31622 -0.384862 0.867114 0.400795 -0.930002 -0.306262 0.203222 -0.504304 0.187352 -0.87068 -0.454769 0.485867 
1533576184782 0.194639 0.929763 -0.312501 -0.612971 -0.953694 0.253865 0.161307 -0.249373 0.229311 0.266634 0.936121 0.3804 0.31622 -0.384862 0.867114 0.400795 -0.930002 -0.306262 0.203222 -0.504304 0.187352 -0.87068 -0.454769 0.485867 
1533576184859 0.195089 0.929925 -0.311737 -0.613037 -0.95363 0.254126 0.161276 -0.249179 0.229196 0.265819 0.936381 0.380272 0.31622 -0.384862 0.867114 0.400795 -0.930002 -0.306262 0.203222 -0.504304 0.187352 -0.87068 -0.454769 0.485867 
1533576184873 0.194747 0.930006 -0.311709 -0.612987 -0.953687 0.253813 0.161433 -0.249345 0.22925 0.265834 0.936364 0.380241 0.31622 -0.384862 0.867114 0.400795 -0.930002 -0.306262 0.203222 -0.504304 0.187352 -0.87068 -0.454769 0.485867 
1533576184889 0.194404 0.930088 -0.311679 -0.612937 -0.953744 0.253498 0.161591 -0.249511 0.229303 0.265848 0.936347 0.38021 0.31622 -0.384862 0.867114 0.400795 -0.930002 -0.306262 0.203222 -0.504304 0.187352 -0.87068 -0.454769 0.485867 
1533576184990 0.194061 0.930169 -0.311649 -0.612887 -0.953801 0.253184 0.161748 -0.249677 0.229357 0.265862 0.936329 0.38018 0.31622 -0.384862 0.867114 0.400795 -0.930002 -0.306262 0.203222 -0.504304 0.187352 -0.87068 -0.454769 0.485867 
1533576185041 0.193719 0.930251 -0.311619 -0.612837 -0.953857 0.25287 0.161905 -0.249843 0.229411 0.265876 0.936312 0.380149 0.31622 -0.384862 0.867114 0.400795 -0.930002 -0.306262 0.203222 -0.504304 0.187352 -0.87068 -0.454769 0.485867 
1533576185126 0.193376 0.930332 -0.311589 -0.612787 -0.953914 0.252556 0.162062 -0.250009 0.229465 0.26589 0.936295 0.380118 0.31622 -0.384862 0.867114 0.400795 -0.930002 -0.306262 0.203222 -0.504304 0.187352 -0.87068 -0.454769 0.485867 
1533576185171 0.193033 0.930414 -0.311559 -0.612737 -0.95397 0.252241 0.162219 -0.250175 0.229519 0.265904 0.936278 0.380087 0.31622 -0.384862 0.867114 0.400795 -0.930002 -0.306262 0.203222 -0.504304 0.187352 -0.87068 -0.454769 0.485867 
1533576185261 0.192691 0.930495 -0.311528 -0.612687 -0.954027 0.251927 0.162376 -0.250341 0.229573 0.265918 0.936261 0.380056 0.31622 -0.384862 0.867114 0.400795 -0.930002 -0.306262 0.203222 -0.504304 0.187352 -0.87068 -0.454769 0.485867 
1533576185321 0.192348 0.930576 -0.311498 -0.612637 -0.954083 0.251613 0.162533 -0.250507 0.229627 0.265932 0.936243 0.380026 0.31622 -0.384862 0.867114 0.400795 -0.930002 -0.306262 0.203222 -0.504304 0.187352 -0.87068 -0.454769 0.485867 
1533576185391 0.192006 0.930656 -0.311468 -0.612588 -0.954139 0.251299 0.162689 -0.250669 0.229679 0.265947 0.936226 0.379997 0.31622 -0.384862 0.867114 0.400795 -0.930002 -0.306262 0.203222 -0.504304 0.187352 -0.87068 -0.454769 0.485867 
1533576185447 0.192176 0.930576 -0.311602 -0.612704 -0.954156 0.251424 0.162395 -0.250319 0.229465 0.266108 0.936233 0.38 0.31622 -0.384862 0.867114 0.400795 -0.930002 -0.306262 0.203222 -0.504304 0.187352 -0.87068 -0.454769 0.485867 
1533576185461 0.192165 0.930643 -0.311409 -0.612636 -0.954167 0.251369 0.162414 -0.250439 0.229428 0.265926 0.936294 0.379938 0.31622 -0.384862 0.867114 0.400795 -0.930002 -0.306262 0.203222 -0.504304 0.187352 -0.87068 -0.454769 0.485867 
1533576185478 0.192155 0.93071 -0.311216 -0.612567 -0.954178 0.251316 0.162433 -0.25056 0.229392 0.265743 0.936355 0.379876 0.31622 -0.384862 0.867114 0.400795 -0.930002 -0.306262 0.203222 -0.504304 0.187352 -0.87068 -0.454769 0.485867 
1533576185494 0.192145 0.930777 -0.311023 -0.612499 -0.954189 0.251262 0.162452 -0.25068 0.229355 0.26556 0.936415 0.379815 0.31622 -0.384862 0.867114 0.400795 -0.930002 -0.306262 0.203222 -0.504304 0.187352 -0.87068 -0.454769 0.485867 
1533576185511 0.192135 0.930843 -0.31083 -0.612431 -0.9542 0.251209 0.162471 -0.2508 0.229319 0.265378 0.936476 0.379753 0.31622 -0.384862 0.867114 0.400795 -0.930002 -0.306262 0.203222 -0.504304 0.187352 -0.87068 -0.454769 0.485867 
1533576185576 0.192124 0.93091 -0.310637 -0.612363 -0.954211 0.251155 0.16249 -0.25092 0.229282 0.265195 0.936537 0.379691 0.31622 -0.384862 0.867114 0.400795 -0.930002 -0.306262 0.203222 -0.504304 0.187352 -0.87068 -0.454769 0.485867 
1533576185598 0.192114 0.930976 -0.310444 -0.612294 -0.954222 0.251101 0.162509 -0.251041 0.229245 0.265012 0.936598 0.379629 0.31622 -0.384862 0.867114 0.400795 -0.930002 -0.306262 0.203222 -0.504304 0.187352 -0.87068 -0.454769 0.485867 
1533576185619 0.192104 0.931043 -0.310251 -0.612226 -0.954232 0.251048 0.162528 -0.251161 0.229209 0.264829 0.936658 0.379567 0.31622 -0.384862 0.867114 0.400795 -0.930002 -0.306262 0.203222 -0.504304 0.187352 -0.87068 -0.454769 0.485867 
1533576185656 0.192093 0.931109 -0.310058 -0.612158 -0.954243 0.250994 0.162547 -0.251281 0.229172 0.264646 0.936719 0.379506 0.31622 -0.384862 0.867114 0.400795 -0.930002 -0.306262 0.203222 -0.504304 0.187352 -0.87068 -0.454769 0.485867 
1533576185700 0.192084 0.931175 -0.309866 -0.612091 -0.954254 0.250941 0.162566 -0.251399 0.229135 0.264464 0.936779 0.379446 0.31622 -0.384862 0.867114 0.400795 -0.930002 -0.306262 0.203222 -0.504304 0.187352 -0.87068 -0.454769 0.485867 
1533576185720 0.191921 0.931065 -0.310297 -0.6123 -0.954277 0.250873 0.162533 -0.250939 0.229174 0.264916 0.936642 0.379698 0.31622 -0.384862 0.867114 0.400795 -0.930002 -0.306262 0.203222 -0.504304 0.187352 -0.87068 -0.454769 0.485867 
1533576185733 0.191795 0.931105 -0.310256 -0.612146 -0.954248 0.25081 0.162803 -0.25105 0.229402 0.264836 0.936609 0.37965 0.31622 -0.384862 0.867114 0.400795 -0.930002 -0.306262 0.203222 -0.504304 0.187352 -0.87068 -0.454769 0.485867 
1533576185750 0.191669 0.931144 -0.310216 -0.611992 -0.954219 0.250747 0.163073 -0.25116 0.22963 0.264758 0.936575 0.379602 0.31622 -0.384862 0.867114 0.400795 -0.930002 -0.306262 0.203222 -0.504304 0.187352 -0.87068 -0.454769 0.485867 
1533576185766 0.191543 0.931183 -0.310176 -0.611838 -0.954189 0.250684 0.163342 -0.251271 0.229857 0.264679 0.936542 0.379554 0.31622 -0.384862 0.867114 0.400795 -0.930002 -0.306262 0.203222 -0.504304 0.187352 -0.87068 -0.454769 0.485867 
1533576185783 0.191416 0.931223 -0.310135 -0.611684 -0.95416 0.25062 0.163612 -0.251381 0.230085 0.264601 0.936508 0.379506 0.31622 -0.384862 0.867114 0.400795 -0.930002 -0.306262 0.203222 -0.504304 0.187352 -0.87068 -0.454769 0.485867 
1533576185863 0.19129 0.931262 -0.310095 -0.61153 -0.95413 0.250557 0.163881 -0.251492 0.230313 0.264522 0.936474 0.379458 0.31622 -0.384862 0.867114 0.400795 -0.930002 -0.306262 0.203222 -0.504304 0.187352 -0.87068 -0.454769 0.485867 
1533576185916 0.191164 0.931301 -0.310055 -0.611376 -0.9541 0.250494 0.164151 -0.251602 0.230541 0.264444 0.93644 0.379411 0.31622 -0.384862 0.867114 0.400795 -0.930002 -0.306262 0.203222 -0.504304 0.187352 -0.87068 -0.454769 0.485867 
1533576185954 0.191037 0.931341 -0.310015 -0.611222 -0.954071 0.25043 0.16442 -0.251713 0.230768 0.264365 0.936406 0.379363 0.31622 -0.384862 0.867114 0.400795 -0.930002 -0.306262 0.203222 -0.504304 0.187352 -0.87068 -0.454769 0.485867 
1533576186001 0.190911 0.93138 -0.309974 -0.611069 -0.954041 0.250367 0.16469 -0.251823 0.230996 0.264287 0.936373 0.379315 0.31622 -0.384862 0.867114 0.400795 -0.930002 -0.306262 0.203222 -0.504304 0.187352 -0.87068 -0.454769 0.485867 
1533576186042 0.190786 0.93142 -0.309933 -0.610924 -0.954011 0.250303 0.164958 -0.251932 0.231222 0.264208 0.936339 0.379269 0.31622 -0.384862 0.867114 0.400795 -0.930002 -0.306262 0.203222 -0.504304 0.187352 -0.87068 -0.454769 0.485867 
1533576186074 0.1913 0.931257 -0.310105 -0.61128 -0.954045 0.250663 0.164213 -0.251762 0.230656 0.264441 0.936413 0.379366 0.31622 -0.384862 0.867114 0.400795 -0.930002 -0.306262 0.203222 -0.504304 0.187352 -0.87068 -0.454769 0.485867 
1533576186088 0.191067 0.931335 -0.310015 -0.611089 -0.954029 0.250499 0.164558 -0.251831 0.230917 0.264322 0.936382 0.37934 0.31622 -0.384862 0.867114 0.400795 -0.930002 -0.306262 0.203222 -0.504304 0.187352 -0.87068 -0.454769 0.485867 
1533576186104 0.190835 0.931412 -0.309924 -0.610899 -0.954012 0.250336 0.164902 -0.2519 0.231177 0.264203 0.936352 0.379314 0.31622 -0.384862 0.867114 0.400795 -0.930002 -0.306262 0.203222 -0.504304 0.187352 -0.87068 -0.454769 0.485867 
1533576186111 0.190603 0.93149 -0.309834 -0.610708 -0.953996 0.250173 0.165246 -0.251969 0.231437 0.264084 0.936321 0.379287 0.31622 -0.384862 0.867114 0.400795 -0.930002 -0.306262 0.203222 -0.504304 0.187352 -0.87068 -0.454769 0.485867 
1533576186124 0.190372 0.931567 -0.309743 -0.610517 -0.953979 0.25001 0.16559 -0.252038 0.231697 0.263965 0.93629 0.379261 0.31622 -0.384862 0.867114 0.400795 -0.930002 -0.306262 0.203222 -0.504304 0.187352 -0.87068 -0.454769 0.485867 
1533576186205 0.19014 0.931645 -0.309652 -0.610327 -0.953962 0.249846 0.165934 -0.252107 0.231957 0.263846 0.936259 0.379235 0.31622 -0.384862 0.867114 0.400795 -0.930002 -0.306262 0.203222 -0.504304 0.187352 -0.87068 -0.454769 0.485867 
1533576186263 0.189908 0.931722 -0.309561 -0.610136 -0.953945 0.249683 0.166278 -0.252176 0.232217 0.263727 0.936228 0.379209 0.31622 -0.384862 0.867114 0.400795 -0.930002 -0.306262 0.203222 -0.504304 0.187352 -0.87068 -0.454769 0.485867 
1533576186295 0.189677 0.9318 -0.30947 -0.609945 -0.953927 0.249519 0.166622 -0.252245 0.232477 0.263608 0.936197 0.379183 0.31622 -0.384862 0.867114 0.400795 -0.930002 -0.306262 0.203222 -0.504304 0.187352 -0.87068 -0.454769 0.485867 
1533576186342 0.189445 0.931877 -0.309379 -0.609755 -0.95391 0.249356 0.166966 -0.252314 0.232737 0.263489 0.936166 0.379156 0.31622 -0.384862 0.867114 0.400795 -0.930002 -0.306262 0.203222 -0.504304 0.187352 -0.87068 -0.454769 0.485867 
1533576186403 0.189214 0.931955 -0.309287 -0.609577 -0.953893 0.249193 0.167308 -0.252382 0.232996 0.263369 0.936135 0.379132 0.31622 -0.384862 0.867114 0.400795 -0.930002 -0.306262 0.203222 -0.504304 0.187352 -0.87068 -0.454769 0.485867 
1533576186446 0.189604 0.9318 -0.309515 -0.609941 -0.953919 0.249485 0.166721 -0.252234 0.23257 0.263641 0.936165 0.37923 0.31622 -0.384862 0.867114 0.400795 -0.930002 -0.306262 0.203222 -0.504304 0.187352 -0.87068 -0.454769 0.485867 
1533576186459 0.189345 0.93189 -0.309403 -0.609764 -0.953932 0.249263 0.166979 -0.25227 0.232729 0.263533 0.936156 0.379215 0.31622 -0.384862 0.867114 0.400795 -0.930002 -0.306262 0.203222 -0.504304 0.187352 -0.87068 -0.454769 0.485867 
1533576186476 0.189085 0.931979 -0.309292 -0.609587 -0.953945 0.249041 0.167237 -0.252306 0.232888 0.263426 0.936146 0.379199 0.31622 -0.384862 0.867114 0.400795 -0.930002 -0.306262 0.203222 -0.504304 0.187352 -0.87068 -0.454769 0.485867 
1533576186493 0.188825 0.932069 -0.309181 -0.60941 -0.953957 0.248819 0.167495 -0.252343 0.233047 0.263319 0.936137 0.379184 0.31622 -0.384862 0.867114 0.400795 -0.930002 -0.306262 0.203222 -0.504304 0.187352 -0.87068 -0.454769 0.485867 
1533576186509 0.188564 0.932158 -0.30907 -0.609233 -0.95397 0.248597 0.167752 -0.252379 0.233206 0.263211 0.936128 0.379168 0.31622 -0.384862 0.867114 0.400795 -0.930002 -0.306262 0.203222 -0.504304 0.187352 -0.87068 -0.454769 0.485867 
1533576186568 0.188304 0.932248 -0.308959 -0.609056 -0.953982 0.248375 0.16801 -0.252415 0.233365 0.263104 0.936118 0.379153 0.31622 -0.384862 0.867114 0.400795 -0.930002 -0.306262 0.203222 -0.504304 0.187352 -0.87068 -0.454769 0.485867 
1533576186627 0.188044 0.932337 -0.308848 -0.608879 -0.953995 0.248153 0.168268 -0.252451 0.233524 0.262997 0.936109 0.379138 0.31622 -0.384862 0.867114 0.400795 -0.930002 -0.306262 0.203222 -0.504304 0.187352 -0.87068 -0.454769 0.485867 
1533576186661 0.187784 0.932426 -0.308736 -0.608702 -0.954007 0.247931 0.168525 -0.252487 0.233682 0.26289 0.936099 0.379122 0.31622 -0.384862 0.867114 0.400795 -0.930002 -0.306262 0.203222 -0.504304 0.187352 -0.87068 -0.454769 0.485867 
1533576186700 0.187524 0.932516 -0.308624 -0.608526 -0.954019 0.247709 0.168783 -0.252524 0.233841 0.262783 0.936089 0.379107 0.31622 -0.384862 0.867114 0.400795 -0.930002 -0.306262 0.203222 -0.504304 0.187352 -0.87068 -0.454769 0.485867 
1533576186743 0.187265 0.932605 -0.308512 -0.608361 -0.954032 0.247487 0.169039 -0.25256 0.233999 0.262675 0.93608 0.379092 0.31622 -0.384862 0.867114 0.400795 -0.930002 -0.306262 0.203222 -0.504304 0.187352 -0.87068 -0.454769 0.485867 
1533576186782 0.187941 0.932388 -0.308758 -0.608744 -0.953993 0.248064 0.168409 -0.25249 0.233615 0.262902 0.936113 0.379186 0.31622 -0.384862 0.867114 0.400795 -0.930002 -0.306262 0.203222 -0.504304 0.187352 -0.87068 -0.454769 0.485867 
1533576186796 0.187792 0.932434 -0.308708 -0.608583 -0.954043 0.247891 0.168381 -0.252508 0.23353 0.2629 0.936134 0.379155 0.31622 -0.384862 0.867114 0.400795 -0.930002 -0.306262 0.203222 -0.504304 0.187352 -0.87068 -0.454769 0.485867 
1533576186812 0.187643 0.932481 -0.308657 -0.608422 -0.954093 0.247718 0.168352 -0.252527 0.233445 0.262897 0.936156 0.379124 0.31622 -0.384862 0.867114 0.400795 -0.930002 -0.306262 0.203222 -0.504304 0.187352 -0.87068 -0.454769 0.485867 
1533576186829 0.187494 0.932528 -0.308606 -0.608261 -0.954143 0.247544 0.168324 -0.252545 0.23336 0.262895 0.936178 0.379093 0.31622 -0.384862 0.867114 0.400795 -0.930002 -0.306262 0.203222 -0.504304 0.187352 -0.87068 -0.454769 0.485867 
1533576186845 0.187345 0.932575 -0.308556 -0.6081 -0.954193 0.24737 0.168295 -0.252564 0.233275 0.262893 0.9362 0.379062 0.31622 -0.384862 0.867114 0.400795 -0.930002 -0.306262 0.203222 -0.504304 0.187352 -0.87068 -0.454769 0.485867 
1533576186904 0.187195 0.932621 -0.308505 -0.60794 -0.954243 0.247197 0.168266 -0.252582 0.23319 0.26289 0.936222 0.37903 0.31622 -0.384862 0.867114 0.400795 -0.930002 -0.306262 0.203222 -0.504304 0.187352 -0.87068 -0.454769 0.485867 
1533576186967 0.187046 0.932668 -0.308454 -0.607779 -0.954293 0.247023 0.168237 -0.2526 0.233105 0.262888 0.936244 0.378999 0.31622 -0.384862 0.867114 0.400795 -0.930002 -0.306262 0.203222 -0.504304 0.187352 -0.87068 -0.454769 0.485867 
1533576186996 0.186897 0.932715 -0.308404 -0.607618 -0.954343 0.246849 0.168209 -0.252619 0.23302 0.262885 0.936265 0.378968 0.31622 -0.384862 0.867114 0.400795 -0.930002 -0.306262 0.203222 -0.504304 0.187352 -0.87068 -0.454769 0.485867 
1533576187036 0.186748 0.932761 -0.308353 -0.607458 -0.954393 0.246676 0.16818 -0.252637 0.232935 0.262883 0.936287 0.378937 0.31622 -0.384862 0.867114 0.400795 -0.930002 -0.306262 0.203222 -0.504304 0.187352 -0.87068 -0.454769 0.485867 
1533576187095 0.186599 0.932808 -0.308301 -0.607309 -0.954443 0.246502 0.168151 -0.252657 0.23285 0.262879 0.93631 0.378906 0.31622 -0.384862 0.867114 0.400795 -0.930002 -0.306262 0.203222 -0.504304 0.187352 -0.87068 -0.454769 0.485867 
1533576187133 0.186915 0.932737 -0.308325 -0.60765 -0.954378 0.246809 0.16807 -0.252591 0.232863 0.262844 0.936316 0.378997 0.31622 -0.384862 0.867114 0.400795 -0.930002 -0.306262 0.203222 -0.504304 0.187352 -0.87068 -0.454769 0.485867 
1533576187146 0.186698 0.932764 -0.308374 -0.607517 -0.954418 0.246616 0.168126 -0.25262 0.232872 0.262929 0.93629 0.378981 0.31622 -0.384862 0.867114 0.400795 -0.930002 -0.306262 0.203222 -0.504304 0.187352 -0.87068 -0.454769 0.485867 
1533576187163 0.186481 0.932792 -0.308422 -0.607384 -0.954458 0.246421 0.168183 -0.252649 0.232882 0.263013 0.936264 0.378965 0.31622 -0.384862 0.867114 0.400795 -0.930002 -0.306262 0.203222 -0.504304 0.187352 -0.87068 -0.454769 0.485867 
1533576187179 0.186264 0.932819 -0.308471 -0.607251 -0.954499 0.246227 0.16824 -0.252678 0.232891 0.263098 0.936238 0.378949 0.31622 -0.384862 0.867114 0.400795 -0.930002 -0.306262 0.203222 -0.504304 0.187352 -0.87068 -0.454769 0.485867 
1533576187196 0.186046 0.932847 -0.308519 -0.607118 -0.954539 0.246033 0.168297 -0.252707 0.232901 0.263182 0.936212 0.378933 0.31622 -0.384862 0.867114 0.400795 -0.930002 -0.306262 0.203222 -0.504304 0.187352 -0.87068 -0.454769 0.485867 
1533576187213 0.185829 0.932874 -0.308567 -0.606985 -0.954579 0.245839 0.168353 -0.252736 0.23291 0.263267 0.936186 0.378916 0.31622 -0.384862 0.867114 0.400795 -0.930002 -0.306262 0.203222 -0.504304 0.187352 -0.87068 -0.454769 0.485867 
1533576187288 0.185611 0.932901 -0.308616 -0.606851 -0.954619 0.245644 0.16841 -0.252765 0.23292 0.263352 0.936159 0.3789 0.31622 -0.384862 0.867114 0.400795 -0.930002 -0.306262 0.203222 -0.504304 0.187352 -0.87068 -0.454769 0.485867 
1533576187334 0.185394 0.932928 -0.308664 -0.606718 -0.954659 0.24545 0.168467 -0.252794 0.232929 0.263436 0.936133 0.378884 0.31622 -0.384862 0.867114 0.400795 -0.930002 -0.306262 0.203222 -0.504304 0.187352 -0.87068 -0.454769 0.485867 
1533576187364 0.185176 0.932956 -0.308712 -0.606586 -0.954699 0.245256 0.168524 -0.252823 0.232939 0.263521 0.936107 0.378868 0.31622 -0.384862 0.867114 0.400795 -0.930002 -0.306262 0.203222 -0.504304 0.187352 -0.87068 -0.454769 0.485867 
1533576187397 0.184959 0.932983 -0.30876 -0.606463 -0.954738 0.245062 0.16858 -0.252853 0.232948 0.263604 0.936081 0.378852 0.31622 -0.384862 0.867114 0.400795 -0.930002 -0.306262 0.203222 -0.504304 0.187352 -0.87068 -0.454769 0.485867 
1533576187437 0.185438 0.932948 -0.308579 -0.606803 -0.954627 0.245502 0.168568 -0.252695 0.233022 0.263319 0.936143 0.378958 0.31622 -0.384862 0.867114 0.400795 -0.930002 -0.306262 0.203222 -0.504304 0.187352 -0.87068 -0.454769 0.485867 
1533576187450 0.185265 0.932954 -0.308665 -0.606685 -0.954672 0.245342 0.16855 -0.252702 0.232978 0.263447 0.936118 0.378935 0.31622 -0.384862 0.867114 0.400795 -0.930002 -0.306262 0.203222 -0.504304 0.187352 -0.87068 -0.454769 0.485867 
1533576187467 0.185091 0.93296 -0.30875 -0.606567 -0.954716 0.245181 0.168533 -0.25271 0.232935 0.263575 0.936093 0.378913 0.31622 -0.384862 0.867114 0.400795 -0.930002 -0.306262 0.203222 -0.504304 0.187352 -0.87068 -0.454769 0.485867 
1533576187484 0.184918 0.932966 -0.308835 -0.606449 -0.95476 0.24502 0.168517 -0.252717 0.232891 0.263702 0.936068 0.37889 0.31622 -0.384862 0.867114 0.400795 -0.930002 -0.306262 0.203222 -0.504304 0.187352 -0.87068 -0.454769 0.485867 
1533576187500 0.184744 0.932972 -0.308921 -0.606331 -0.954804 0.24486 0.1685 -0.252725 0.232848 0.26383 0.936043 0.378867 0.31622 -0.384862 0.867114 0.400795 -0.930002 -0.306262 0.203222 -0.504304 0.187352 -0.87068 -0.454769 0.485867 
1533576187517 0.18457 0.932979 -0.309006 -0.606213 -0.954849 0.244699 0.168483 -0.252732 0.232804 0.263957 0.936017 0.378844 0.31622 -0.384862 0.867114 0.400795 -0.930002 -0.306262 0.203222 -0.504304 0.187352 -0.87068 -0.454769 0.485867 
1533576187596 0.184397 0.932985 -0.309091 -0.606095 -0.954893 0.244538 0.168466 -0.252739 0.232761 0.264085 0.935992 0.378822 0.31622 -0.384862 0.867114 0.400795 -0.930002 -0.306262 0.203222 -0.504304 0.187352 -0.87068 -0.454769 0.485867 
1533576187632 0.184223 0.932991 -0.309177 -0.605977 -0.954937 0.244378 0.168449 -0.252747 0.232717 0.264212 0.935967 0.378799 0.31622 -0.384862 0.867114 0.400795 -0.930002 -0.306262 0.203222 -0.504304 0.187352 -0.87068 -0.454769 0.485867 
1533576187664 0.184049 0.932997 -0.309262 -0.60586 -0.954981 0.244217 0.168432 -0.252754 0.232674 0.264339 0.935942 0.378776 0.31622 -0.384862 0.867114 0.400795 -0.930002 -0.306262 0.203222 -0.504304 0.187352 -0.87068 -0.454769 0.485867 
1533576187697 0.183876 0.933003 -0.309346 -0.605752 -0.955025 0.244056 0.168416 -0.252763 0.23263 0.264466 0.935917 0.378753 0.31622 -0.384862 0.867114 0.400795 -0.930002 -0.306262 0.203222 -0.504304 0.187352 -0.87068 -0.454769 0.485867 
1533576187745 0.184276 0.932993 -0.309138 -0.606052 -0.954945 0.244399 0.168369 -0.25268 0.232641 0.264184 0.935994 0.378774 0.31622 -0.384862 0.867114 0.400795 -0.930002 -0.306262 0.203222 -0.504304 0.187352 -0.87068 -0.454769 0.485867 
1533576187759 0.184165 0.93301 -0.309153 -0.60596 -0.954979 0.244283 0.168348 -0.25267 0.232591 0.264231 0.935993 0.378748 0.31622 -0.384862 0.867114 0.400795 -0.930002 -0.306262 0.203222 -0.504304 0.187352 -0.87068 -0.454769 0.485867 
1533576187775 0.184055 0.933027 -0.309168 -0.605867 -0.955012 0.244168 0.168326 -0.252659 0.232542 0.264278 0.935992 0.378723 0.31622 -0.384862 0.867114 0.400795 -0.930002 -0.306262 0.203222 -0.504304 0.187352 -0.87068 -0.454769 0.485867 
1533576187792 0.183944 0.933044 -0.309182 -0.605775 -0.955045 0.244053 0.168305 -0.252649 0.232492 0.264324 0.935991 0.378697 0.31622 -0.384862 0.867114 0.400795 -0.930002 -0.306262 0.203222 -0.504304 0.187352 -0.87068 -0.454769 0.485867 
1533576187809 0.183834 0.933061 -0.309197 -0.605683 -0.955079 0.243937 0.168283 -0.252639 0.232443 0.264371 0.93599 0.378671 0.31622 -0.384862 0.867114 0.400795 -0.930002 -0.306262 0.203222 -0.504304 0.187352 -0.87068 -0.454769 0.485867 
1533576187825 0.183724 0.933078 -0.309212 -0.605591 -0.955112 0.243822 0.168261 -0.252629 0.232393 0.264418 0.93599 0.378645 0.31622 -0.384862 0.867114 0.400795 -0.930002 -0.306262 0.203222 -0.504304 0.187352 -0.87068 -0.454769 0.485867 
1533576187842 0.183613 0.933094 -0.309226 -0.605498 -0.955145 0.243707 0.16824 -0.252618 0.232344 0.264465 0.935989 0.37862 0.31622 -0.384862 0.867114 0.400795 -0.930002 -0.306262 0.203222 -0.504304 0.187352 -0.87068 -0.454769 0.485867 
1533576187923 0.183503 0.933111 -0.309241 -0.605406 -0.955179 0.243591 0.168218 -0.252608 0.232294 0.264512 0.935988 0.378594 0.31622 -0.384862 0.867114 0.400795 -0.930002 -0.306262 0.203222 -0.504304 0.187352 -0.87068 -0.454769 0.485867 
1533576187929 0.183393 0.933128 -0.309255 -0.605314 -0.955212 0.243476 0.168196 -0.252598 0.232245 0.264559 0.935987 0.378568 0.31622 -0.384862 0.867114 0.400795 -0.930002 -0.306262 0.203222 -0.504304 0.187352 -0.87068 -0.454769 0.485867 
1533576187972 0.183282 0.933145 -0.309269 -0.605229 -0.955245 0.243361 0.168175 -0.252589 0.232195 0.264605 0.935986 0.378543 0.31622 -0.384862 0.867114 0.400795 -0.930002 -0.306262 0.203222 -0.504304 0.187352 -0.87068 -0.454769 0.485867 
1533576187998 0.183419 0.933139 -0.309207 -0.605581 -0.955164 0.243541 0.168374 -0.252441 0.23242 0.264461 0.935971 0.378607 0.31622 -0.384862 0.867114 0.400795 -0.930002 -0.306262 0.203222 -0.504304 0.187352 -0.87068 -0.454769 0.485867 
1533576188011 0.183355 0.933177 -0.309131 -0.605502 -0.955186 0.243456 0.168372 -0.252451 0.23238 0.264406 0.935996 0.378569 0.31622 -0.384862 0.867114 0.400795 -0.930002 -0.306262 0.203222 -0.504304 0.187352 -0.87068 -0.454769 0.485867 
1533576188028 0.183292 0.933214 -0.309056 -0.605423 -0.955208 0.243371 0.16837 -0.252462 0.232341 0.264352 0.936021 0.378531 0.31622 -0.384862 0.867114 0.400795 -0.930002 -0.306262 0.203222 -0.504304 0.187352 -0.87068 -0.454769 0.485867 
1533576188045 0.183228 0.933251 -0.308981 -0.605344 -0.95523 0.243286 0.168368 -0.252472 0.232301 0.264298 0.936046 0.378494 0.31622 -0.384862 0.867114 0.400795 -0.930002 -0.306262 0.203222 -0.504304 0.187352 -0.87068 -0.454769 0.485867 
1533576188061 0.183164 0.933289 -0.308906 -0.605265 -0.955252 0.243202 0.168366 -0.252482 0.232261 0.264244 0.936071 0.378456 0.31622 -0.384862 0.867114 0.400795 -0.930002 -0.306262 0.203222 -0.504304 0.187352 -0.87068 -0.454769 0.485867 
1533576188078 0.183101 0.933326 -0.308831 -0.605186 -0.955274 0.243117 0.168364 -0.252493 0.232221 0.26419 0.936097 0.378418 0.31622 -0.384862 0.867114 0.400795 -0.930002 -0.306262 0.203222 -0.504304 0.187352 -0.87068 -0.454769 0.485867 
1533576188085 0.183037 0.933363 -0.308756 -0.605106 -0.955295 0.243032 0.168363 -0.252503 0.232181 0.264137 0.936122 0.37838 0.31622 -0.384862 0.867114 0.400795 -0.930002 -0.306262 0.203222 -0.504304 0.187352 -0.87068 -0.454769 0.485867 
1533576188098 0.182973 0.9334 -0.308682 -0.605027 -0.955317 0.242948 0.168361 -0.252513 0.232142 0.264083 0.936146 0.378342 0.31622 -0.384862 0.867114 0.400795 -0.930002 -0.306262 0.203222 -0.504304 0.187352 -0.87068 -0.454769 0.485867 
