1531909719088 0.275657 -0.8825 0.381061 -0.604483 0.633204 0.464965 0.618757 -0.181741 -0.723233 0.0707247 0.686973 0.426588 0.16008 -0.775623 -0.61056 0.370831 -0.304787 0.549475 -0.777934 -0.528794 0.938871 0.310623 -0.14844 0.432481 
1531909719098 -0.186319 -0.975422 0.117632 -0.595444 0.845148 -0.098067 0.525459 -0.251671 -0.501008 0.19732 0.842648 0.409373 0.281081 -0.945602 0.163797 0.399302 -0.369256 -0.264102 -0.891011 -0.504949 0.885801 0.189964 -0.423403 0.481408 
1531909719108 -0.187231 -0.97521 0.11794 -0.597087 0.845419 -0.098835 0.52488 -0.254964 -0.500212 0.197982 0.842966 0.40735 0.245957 -0.959103 0.140097 0.398041 -0.352979 -0.223241 -0.908608 -0.501823 0.902724 0.174027 -0.393451 0.477127 
1531909719118 -0.187247 -0.975206 0.11795 -0.597265 0.845429 -0.0988476 0.524861 -0.255093 -0.500188 0.197997 0.842976 0.40726 0.211167 -0.970735 0.114377 0.396613 -0.334292 -0.181683 -0.924792 -0.500411 0.918508 0.15705 -0.362875 0.472751 
1531909719128 -0.18725 -0.975206 0.117946 -0.597275 0.845429 -0.0988521 0.52486 -0.255107 -0.500187 0.197995 0.842977 0.407257 0.176775 -0.980368 0.0873433 0.39522 -0.313841 -0.140253 -0.93906 -0.4991 0.932874 0.13859 -0.332473 0.468381 
1531909719138 -0.187251 -0.975206 0.117943 -0.597273 0.845429 -0.0988555 0.52486 -0.255114 -0.500187 0.197993 0.842978 0.407258 0.142867 -0.987977 0.0590822 0.39383 -0.291686 -0.0990723 -0.95137 -0.497796 0.945785 0.118686 -0.302333 0.464012 
1531909719155 -0.187253 -0.975206 0.11794 -0.597271 0.845429 -0.0988578 0.524859 -0.255119 -0.500187 0.197991 0.842978 0.407259 0.109539 -0.993539 0.0296767 0.39244 -0.26789 -0.0582605 -0.961686 -0.496493 0.957202 0.0973924 -0.272541 0.459643 
1531909719165 -0.187253 -0.975206 0.117939 -0.597269 0.845429 -0.0988592 0.524859 -0.255122 -0.500186 0.19799 0.842979 0.40726 0.0768901 -0.997039 -0.000787887 0.391051 -0.242523 -0.0179365 -0.96998 -0.495192 0.967094 0.0747729 -0.243184 0.455274 
1531909719175 -0.187254 -0.975206 0.117938 -0.597268 0.845429 -0.09886 0.524859 -0.255123 -0.500186 0.19799 0.842979 0.407261 0.0450192 -0.998466 -0.0322255 0.389671 -0.215665 0.0217837 -0.976224 -0.493918 0.975429 0.0508988 -0.214353 0.450914 
1531909719185 -0.187253 -0.975206 0.117938 -0.59726 0.845429 -0.0988592 0.524859 -0.255118 -0.500187 0.19799 0.842979 0.407261 0.0141684 -0.997812 -0.0645835 0.388357 -0.187586 0.0607907 -0.980365 -0.493064 0.982146 0.0260052 -0.186314 0.446824 
