1533762211189 0.110536 0.935756 -0.334876 -0.53459 -0.987057 0.142751 0.0730847 -0.211582 0.116193 0.322463 0.939424 0.361364 0.16008 -0.304787 0.938871 0.370831 -0.775623 0.549475 0.310623 -0.528794 -0.61056 -0.777934 -0.14844 0.432481 
1533762211200 0.112258 0.925406 -0.361971 -0.54358 -0.98482 0.152147 0.0835528 -0.212725 0.132393 0.347096 0.928438 0.367154 0.316241 -0.38488 0.867098 0.400864 -0.930001 -0.306251 0.203246 -0.504429 0.187325 -0.870677 -0.454788 0.485926 
1533762211832 0.113506 0.914306 -0.388794 -0.55257 -0.982361 0.161809 0.0937254 -0.213868 0.148604 0.371297 0.916545 0.372943 0.316241 -0.38488 0.867098 0.400864 -0.930001 -0.306251 0.203246 -0.504429 0.187325 -0.870677 -0.454788 0.485926 
1533762212474 0.114276 0.90247 -0.415317 -0.561559 -0.979683 0.171726 0.103593 -0.215011 0.16481 0.395041 0.903759 0.378733 0.316241 -0.38488 0.867098 0.400864 -0.930001 -0.306251 0.203246 -0.504429 0.187325 -0.870677 -0.454788 0.485926 
1533762212480 0.114569 0.889909 -0.441516 -0.570549 -0.976788 0.181889 0.113144 -0.216153 0.180995 0.418305 0.890091 0.384523 0.316241 -0.38488 0.867098 0.400864 -0.930001 -0.306251 0.203246 -0.504429 0.187325 -0.870677 -0.454788 0.485926 
1533762213374 0.114384 0.876636 -0.467361 -0.579538 -0.973679 0.192286 0.12237 -0.217296 0.197141 0.441063 0.875556 0.390313 0.316241 -0.38488 0.867098 0.400864 -0.930001 -0.306251 0.203246 -0.504429 0.187325 -0.870677 -0.454788 0.485926 
1533762214014 0.113722 0.862663 -0.492828 -0.588527 -0.97036 0.202907 0.131261 -0.218438 0.213233 0.463294 0.860169 0.396103 0.316241 -0.38488 0.867098 0.400864 -0.930001 -0.306251 0.203246 -0.504429 0.187325 -0.870677 -0.454788 0.485926 
1533762214654 0.112583 0.848006 -0.51789 -0.597515 -0.966834 0.213742 0.139809 -0.219579 0.229254 0.484974 0.843945 0.401893 0.316241 -0.38488 0.867098 0.400864 -0.930001 -0.306251 0.203246 -0.504429 0.187325 -0.870677 -0.454788 0.485926 
1533762215293 0.110969 0.832679 -0.542523 -0.606502 -0.963104 0.22478 0.148003 -0.22072 0.245187 0.506082 0.8269 0.407684 0.316241 -0.38488 0.867098 0.400864 -0.930001 -0.306251 0.203246 -0.504429 0.187325 -0.870677 -0.454788 0.485926 
1533762215939 0.108908 0.816674 -0.56673 -0.615278 -0.959174 0.236031 0.155804 -0.221764 0.261007 0.526624 0.809038 0.413489 0.316531 -0.385118 0.866887 0.401814 -0.929976 -0.306103 0.20358 -0.50615 0.186955 -0.870623 -0.455042 0.486735 
