1533678722710 0.156292 0.630469 -0.760316 -0.507518 -0.941272 0.328332 0.0787696 -0.201566 0.299298 0.703354 0.644759 0.430933 0.16008 -0.304787 0.938871 0.370831 -0.775623 0.549475 0.310623 -0.528794 -0.61056 -0.777934 -0.14844 0.432481 
1533678722723 0.139097 0.627594 -0.766014 -0.521233 -0.944804 0.315821 0.0871893 -0.204513 0.296643 0.711606 0.636883 0.43355 0.31622 -0.384863 0.867113 0.400795 -0.930002 -0.306262 0.203222 -0.504304 0.187351 -0.87068 -0.454769 0.485867 
1533678723419 0.121879 0.624447 -0.771499 -0.534951 -0.948069 0.303317 0.0957302 -0.207466 0.293787 0.719767 0.628987 0.436162 0.31622 -0.384863 0.867113 0.400795 -0.930002 -0.306262 0.203222 -0.504304 0.187351 -0.87068 -0.454769 0.485867 
1533678724121 0.104649 0.621025 -0.776773 -0.548666 -0.951065 0.290826 0.104384 -0.210414 0.290731 0.727838 0.621069 0.438778 0.31622 -0.384863 0.867113 0.400795 -0.930002 -0.306262 0.203222 -0.504304 0.187351 -0.87068 -0.454769 0.485867 
1533678724127 0.0874138 0.617327 -0.781835 -0.562376 -0.953791 0.278354 0.113145 -0.21335 0.287474 0.735817 0.613133 0.441399 0.31622 -0.384863 0.867113 0.400795 -0.930002 -0.306262 0.203222 -0.504304 0.187351 -0.87068 -0.454769 0.485867 
1533678725126 0.0701836 0.613351 -0.786686 -0.576076 -0.956247 0.265905 0.122006 -0.216269 0.284016 0.743703 0.605178 0.444029 0.31622 -0.384863 0.867113 0.400795 -0.930002 -0.306262 0.203222 -0.504304 0.187351 -0.87068 -0.454769 0.485867 
1533678725877 0.0529714 0.609094 -0.791327 -0.589756 -0.958434 0.253487 0.130955 -0.219152 0.280355 0.751498 0.597203 0.446676 0.31622 -0.384863 0.867113 0.400795 -0.930002 -0.306262 0.203222 -0.504304 0.187351 -0.87068 -0.454769 0.485867 
1533678726655 0.0357964 0.604546 -0.795766 -0.603399 -0.960351 0.24111 0.139972 -0.221968 0.276486 0.759204 0.589207 0.449348 0.31622 -0.384863 0.867113 0.400795 -0.930002 -0.306262 0.203222 -0.504304 0.187351 -0.87068 -0.454769 0.485867 
1533678727478 0.0186844 0.599698 -0.800008 -0.616977 -0.962002 0.228783 0.149031 -0.224674 0.272402 0.766825 0.581185 0.452057 0.31622 -0.384863 0.867113 0.400795 -0.930002 -0.306262 0.203222 -0.504304 0.187351 -0.87068 -0.454769 0.485867 
1533678728351 0.00328657 0.593087 -0.805132 -0.628115 -0.963592 0.217138 0.156018 -0.223149 0.267357 0.775306 0.572208 0.45653 0.316223 -0.384865 0.867111 0.400804 -0.930002 -0.306261 0.203225 -0.504321 0.187348 -0.87068 -0.454772 0.485875 
1533678729054 0.00369691 0.592916 -0.805256 -0.627836 -0.963718 0.217037 0.155382 -0.223257 0.266899 0.775465 0.572206 0.455994 0.316223 -0.384865 0.867111 0.400804 -0.930002 -0.306261 0.203225 -0.504321 0.187348 -0.87068 -0.454772 0.485875 
1533678729064 0.00174602 0.59259 -0.805502 -0.629516 -0.963806 0.215744 0.156629 -0.224031 0.266599 0.776074 0.571519 0.456104 0.31622 -0.384863 0.867113 0.400795 -0.930002 -0.306262 0.203222 -0.504304 0.187351 -0.87068 -0.45477 0.485867 
1533678729475 -0.000208675 0.592266 -0.805743 -0.631202 -0.96389 0.214451 0.157883 -0.224815 0.266301 0.77668 0.570834 0.45621 0.31622 -0.384863 0.867113 0.400795 -0.930002 -0.306262 0.203222 -0.504304 0.187351 -0.87068 -0.45477 0.485867 
1533678729891 -0.00216351 0.591938 -0.80598 -0.632888 -0.96397 0.213158 0.159138 -0.2256 0.266001 0.777286 0.57015 0.456316 0.31622 -0.384863 0.867113 0.400795 -0.930002 -0.306262 0.203222 -0.504304 0.187351 -0.87068 -0.45477 0.485867 
1533678730311 -0.00411807 0.591608 -0.806215 -0.634574 -0.964047 0.211865 0.160393 -0.226384 0.265699 0.77789 0.569465 0.456422 0.31622 -0.384863 0.867113 0.400795 -0.930002 -0.306262 0.203222 -0.504304 0.187351 -0.87068 -0.45477 0.485867 
1533678730729 -0.00607249 0.591275 -0.806447 -0.636261 -0.964121 0.210573 0.161649 -0.227169 0.265395 0.778494 0.568781 0.456528 0.31622 -0.384863 0.867113 0.400795 -0.930002 -0.306262 0.203222 -0.504304 0.187351 -0.87068 -0.45477 0.485867 
1533678730736 -0.00802698 0.590939 -0.806676 -0.637947 -0.96419 0.209281 0.162906 -0.227954 0.26509 0.779097 0.568098 0.456634 0.31622 -0.384863 0.867113 0.400795 -0.930002 -0.306262 0.203222 -0.504304 0.187351 -0.87068 -0.45477 0.485867 
1533678731329 -0.00998116 0.5906 -0.806903 -0.639633 -0.964257 0.20799 0.164163 -0.228739 0.264782 0.7797 0.567414 0.45674 0.31622 -0.384863 0.867113 0.400795 -0.930002 -0.306262 0.203222 -0.504304 0.187351 -0.87068 -0.45477 0.485867 
1533678731335 -0.011935 0.590258 -0.807126 -0.641319 -0.964319 0.206699 0.16542 -0.229523 0.264473 0.780302 0.56673 0.456846 0.31622 -0.384863 0.867113 0.400795 -0.930002 -0.306262 0.203222 -0.504304 0.187351 -0.87068 -0.45477 0.485867 
1533678731930 -0.0138891 0.589914 -0.807347 -0.643006 -0.964378 0.205408 0.166679 -0.230308 0.264162 0.780903 0.566047 0.456951 0.31622 -0.384863 0.867113 0.400795 -0.930002 -0.306262 0.203222 -0.504304 0.187351 -0.87068 -0.45477 0.485867 
1533678732414 -0.0139663 0.589981 -0.807296 -0.642823 -0.964475 0.205062 0.166547 -0.230236 0.263806 0.780943 0.566158 0.456905 0.31622 -0.384863 0.867113 0.400795 -0.930002 -0.306262 0.203222 -0.504304 0.187351 -0.87068 -0.45477 0.485867 
1533678732426 -0.0141492 0.589937 -0.807326 -0.643004 -0.964471 0.20497 0.166681 -0.230312 0.263809 0.781001 0.566077 0.456923 0.31622 -0.384863 0.867113 0.400795 -0.930002 -0.306262 0.203222 -0.504304 0.187351 -0.87068 -0.45477 0.485867 
1533678732432 -0.0143365 0.589896 -0.807352 -0.643192 -0.964467 0.204876 0.16682 -0.230399 0.263814 0.781056 0.565998 0.456938 0.31622 -0.384863 0.867113 0.400795 -0.930002 -0.306262 0.203222 -0.504304 0.187351 -0.87068 -0.45477 0.485867 
1533678732624 -0.0145237 0.589855 -0.807379 -0.643379 -0.964463 0.204782 0.166959 -0.230485 0.263819 0.781112 0.565919 0.456953 0.31622 -0.384863 0.867113 0.400795 -0.930002 -0.306262 0.203222 -0.504304 0.187351 -0.87068 -0.45477 0.485867 
1533678732762 -0.0147111 0.589814 -0.807405 -0.643567 -0.964459 0.204688 0.167099 -0.230572 0.263824 0.781167 0.56584 0.456968 0.31622 -0.384863 0.867113 0.400795 -0.930002 -0.306262 0.203222 -0.504304 0.187351 -0.87068 -0.45477 0.485867 
1533678732904 -0.0148981 0.589773 -0.807432 -0.643754 -0.964455 0.204595 0.167238 -0.230658 0.263828 0.781223 0.565761 0.456983 0.31622 -0.384863 0.867113 0.400795 -0.930002 -0.306262 0.203222 -0.504304 0.187351 -0.87068 -0.45477 0.485867 
1533678733046 -0.0150857 0.589732 -0.807458 -0.643942 -0.96445 0.204501 0.167377 -0.230746 0.263834 0.781278 0.565682 0.456998 0.31622 -0.384863 0.867113 0.400795 -0.930002 -0.306262 0.203222 -0.504304 0.187351 -0.87068 -0.45477 0.485867 
1533678733190 -0.015273 0.589691 -0.807484 -0.644129 -0.964446 0.204407 0.167516 -0.230832 0.263838 0.781334 0.565603 0.457013 0.31622 -0.384863 0.867113 0.400795 -0.930002 -0.306262 0.203222 -0.504304 0.187351 -0.87068 -0.45477 0.485867 
1533678733329 -0.01546 0.58965 -0.807511 -0.644317 -0.964442 0.204313 0.167655 -0.230919 0.263843 0.781389 0.565524 0.457028 0.31622 -0.384863 0.867113 0.400795 -0.930002 -0.306262 0.203222 -0.504304 0.187351 -0.87068 -0.45477 0.485867 
1533678733468 -0.0156475 0.589609 -0.807537 -0.644504 -0.964437 0.20422 0.167795 -0.231006 0.263848 0.781445 0.565445 0.457043 0.31622 -0.384863 0.867113 0.400795 -0.930002 -0.306262 0.203222 -0.504304 0.187351 -0.87068 -0.45477 0.485867 
1533678733654 -0.0154685 0.589663 -0.807501 -0.644385 -0.964463 0.204243 0.16762 -0.230994 0.263766 0.781398 0.565549 0.457061 0.31622 -0.384863 0.867113 0.400795 -0.930002 -0.306262 0.203222 -0.504304 0.187351 -0.87068 -0.45477 0.485867 
1533678733664 -0.0157291 0.589846 -0.807362 -0.644353 -0.964447 0.204091 0.167895 -0.231043 0.263807 0.781299 0.565665 0.457071 0.31622 -0.384863 0.867113 0.400795 -0.930002 -0.306262 0.203222 -0.504304 0.187351 -0.87068 -0.45477 0.485867 
1533678733681 -0.0159931 0.590032 -0.807221 -0.644326 -0.964431 0.203937 0.168174 -0.231102 0.26385 0.781199 0.565784 0.457077 0.31622 -0.384863 0.867113 0.400795 -0.930002 -0.306262 0.203222 -0.504304 0.187351 -0.87068 -0.45477 0.485867 
1533678733860 -0.0162577 0.590219 -0.807079 -0.6443 -0.964415 0.203782 0.168454 -0.231163 0.263893 0.781098 0.565903 0.457083 0.31622 -0.384863 0.867113 0.400795 -0.930002 -0.306262 0.203222 -0.504304 0.187351 -0.87068 -0.45477 0.485867 
1533678734006 -0.0165218 0.590406 -0.806938 -0.644274 -0.964399 0.203628 0.168733 -0.231222 0.263936 0.780997 0.566022 0.457089 0.31622 -0.384863 0.867113 0.400795 -0.930002 -0.306262 0.203222 -0.504304 0.187351 -0.87068 -0.45477 0.485867 
1533678734150 -0.0167862 0.590592 -0.806796 -0.644248 -0.964382 0.203474 0.169012 -0.231282 0.263979 0.780897 0.566141 0.457095 0.31622 -0.384863 0.867113 0.400795 -0.930002 -0.306262 0.203222 -0.504304 0.187351 -0.87068 -0.45477 0.485867 
1533678734156 -0.0170504 0.590778 -0.806654 -0.644222 -0.964366 0.203319 0.169291 -0.231342 0.264022 0.780796 0.56626 0.457102 0.31622 -0.384863 0.867113 0.400795 -0.930002 -0.306262 0.203222 -0.504304 0.187351 -0.87068 -0.45477 0.485867 
1533678734354 -0.0173147 0.590965 -0.806512 -0.644195 -0.964349 0.203165 0.16957 -0.231401 0.264065 0.780695 0.566379 0.457108 0.31622 -0.384863 0.867113 0.400795 -0.930002 -0.306262 0.203222 -0.504304 0.187351 -0.87068 -0.45477 0.485867 
1533678734494 -0.0175787 0.591151 -0.80637 -0.644169 -0.964333 0.20301 0.169849 -0.231461 0.264108 0.780595 0.566497 0.457114 0.31622 -0.384863 0.867113 0.400795 -0.930002 -0.306262 0.203222 -0.504304 0.187351 -0.87068 -0.45477 0.485867 
1533678734634 -0.0178431 0.591337 -0.806227 -0.644143 -0.964316 0.202856 0.170129 -0.231521 0.264151 0.780494 0.566616 0.45712 0.31622 -0.384863 0.867113 0.400795 -0.930002 -0.306262 0.203222 -0.504304 0.187351 -0.87068 -0.45477 0.485867 
1533678734802 -0.017699 0.591288 -0.806266 -0.644169 -0.964336 0.202896 0.169966 -0.231451 0.264087 0.78052 0.566609 0.457105 0.31622 -0.384863 0.867113 0.400795 -0.930002 -0.306262 0.203222 -0.504304 0.187351 -0.87068 -0.45477 0.485867 
1533678734813 -0.0177054 0.591332 -0.806234 -0.64415 -0.964338 0.202879 0.169979 -0.231454 0.264082 0.780491 0.566652 0.457129 0.31622 -0.384863 0.867113 0.400795 -0.930002 -0.306262 0.203222 -0.504304 0.187351 -0.87068 -0.45477 0.485867 
1533678734830 -0.0177161 0.59138 -0.806198 -0.644134 -0.964338 0.20286 0.169997 -0.231465 0.264078 0.78046 0.566697 0.45715 0.31622 -0.384863 0.867113 0.400795 -0.930002 -0.306262 0.203222 -0.504304 0.187351 -0.87068 -0.45477 0.485867 
1533678734848 -0.0177275 0.591428 -0.806163 -0.64412 -0.964339 0.202841 0.170017 -0.231479 0.264075 0.780428 0.566742 0.45717 0.31622 -0.384863 0.867113 0.400795 -0.930002 -0.306262 0.203222 -0.504304 0.187351 -0.87068 -0.45477 0.485867 
1533678734863 -0.0177384 0.591476 -0.806127 -0.644105 -0.96434 0.202822 0.170035 -0.231491 0.264072 0.780397 0.566787 0.457191 0.31622 -0.384863 0.867113 0.400795 -0.930002 -0.306262 0.203222 -0.504304 0.187351 -0.87068 -0.45477 0.485867 
1533678734880 -0.0177495 0.591525 -0.806092 -0.64409 -0.964341 0.202802 0.170054 -0.231504 0.264068 0.780365 0.566831 0.457211 0.31622 -0.384863 0.867113 0.400795 -0.930002 -0.306262 0.203222 -0.504304 0.187351 -0.87068 -0.45477 0.485867 
1533678734897 -0.0177605 0.591573 -0.806056 -0.644076 -0.964341 0.202783 0.170073 -0.231516 0.264065 0.780334 0.566876 0.457232 0.31622 -0.384863 0.867113 0.400795 -0.930002 -0.306262 0.203222 -0.504304 0.187351 -0.87068 -0.45477 0.485867 
1533678734913 -0.0177716 0.591621 -0.806021 -0.644061 -0.964342 0.202764 0.170092 -0.231529 0.264062 0.780302 0.566921 0.457253 0.31622 -0.384863 0.867113 0.400795 -0.930002 -0.306262 0.203222 -0.504304 0.187351 -0.87068 -0.45477 0.485867 
1533678734930 -0.0177828 0.591669 -0.805985 -0.644047 -0.964343 0.202745 0.17011 -0.231542 0.264058 0.780271 0.566966 0.457273 0.31622 -0.384863 0.867113 0.400795 -0.930002 -0.306262 0.203222 -0.504304 0.187351 -0.87068 -0.45477 0.485867 
1533678734947 -0.0177937 0.591717 -0.80595 -0.644032 -0.964344 0.202726 0.170129 -0.231554 0.264055 0.780239 0.567011 0.457294 0.31622 -0.384863 0.867113 0.400795 -0.930002 -0.306262 0.203222 -0.504304 0.187351 -0.87068 -0.45477 0.485867 
1533678735047 -0.0175927 0.591468 -0.806137 -0.644141 -0.96429 0.203062 0.170032 -0.231491 0.264265 0.780341 0.566774 0.45721 0.31622 -0.384863 0.867113 0.400795 -0.930002 -0.306262 0.203222 -0.504304 0.187351 -0.87068 -0.45477 0.485867 
1533678735058 -0.0176198 0.591425 -0.806167 -0.644116 -0.964323 0.202957 0.169971 -0.231515 0.264143 0.7804 0.566748 0.457246 0.31622 -0.384863 0.867113 0.400795 -0.930002 -0.306262 0.203222 -0.504304 0.187351 -0.87068 -0.45477 0.485867 
1533678735168 -0.0176418 0.591379 -0.806201 -0.644085 -0.964356 0.202854 0.169904 -0.231529 0.264019 0.780462 0.566721 0.457285 0.31622 -0.384863 0.867113 0.400795 -0.930002 -0.306262 0.203222 -0.504304 0.187351 -0.87068 -0.45477 0.485867 
1533678735184 -0.017664 0.591333 -0.806234 -0.644054 -0.96439 0.202751 0.169837 -0.231542 0.263895 0.780524 0.566694 0.457324 0.31622 -0.384863 0.867113 0.400795 -0.930002 -0.306262 0.203222 -0.504304 0.187351 -0.87068 -0.45477 0.485867 
1533678735201 -0.0176864 0.591287 -0.806268 -0.644023 -0.964423 0.202648 0.16977 -0.231557 0.263771 0.780586 0.566666 0.457363 0.31622 -0.384863 0.867113 0.400795 -0.930002 -0.306262 0.203222 -0.504304 0.187351 -0.87068 -0.45477 0.485867 
1533678735237 -0.0177084 0.59124 -0.806301 -0.643992 -0.964457 0.202544 0.169703 -0.23157 0.263647 0.780648 0.566639 0.457403 0.31622 -0.384863 0.867113 0.400795 -0.930002 -0.306262 0.203222 -0.504304 0.187351 -0.87068 -0.45477 0.485867 
1533678735300 -0.0177306 0.591194 -0.806334 -0.643961 -0.96449 0.202441 0.169636 -0.231584 0.263523 0.780709 0.566612 0.457442 0.31622 -0.384863 0.867113 0.400795 -0.930002 -0.306262 0.203222 -0.504304 0.187351 -0.87068 -0.45477 0.485867 
1533678735326 -0.0177527 0.591148 -0.806368 -0.64393 -0.964524 0.202338 0.169568 -0.231598 0.263399 0.780771 0.566584 0.457481 0.31622 -0.384863 0.867113 0.400795 -0.930002 -0.306262 0.203222 -0.504304 0.187351 -0.87068 -0.45477 0.485867 
1533678735350 -0.0177747 0.591102 -0.806401 -0.643899 -0.964557 0.202235 0.169501 -0.231611 0.263275 0.780833 0.566557 0.45752 0.31622 -0.384863 0.867113 0.400795 -0.930002 -0.306262 0.203222 -0.504304 0.187351 -0.87068 -0.45477 0.485867 
1533678735379 -0.0177966 0.591056 -0.806435 -0.643868 -0.964591 0.202131 0.169434 -0.231625 0.26315 0.780895 0.566529 0.457559 0.31622 -0.384863 0.867113 0.400795 -0.930002 -0.306262 0.203222 -0.504304 0.187351 -0.87068 -0.45477 0.485867 
1533678735467 -0.017903 0.59117 -0.806349 -0.643979 -0.96449 0.202338 0.169757 -0.231524 0.26351 0.780755 0.566555 0.457459 0.31622 -0.384863 0.867113 0.400795 -0.930002 -0.306262 0.203222 -0.504304 0.187351 -0.87068 -0.45477 0.485867 
1533678735479 -0.0182125 0.591028 -0.806445 -0.643933 -0.964521 0.202084 0.169886 -0.231651 0.263377 0.780928 0.566378 0.457489 0.31622 -0.384863 0.867113 0.400795 -0.930002 -0.306262 0.203222 -0.504304 0.187351 -0.87068 -0.45477 0.485867 
1533678735614 -0.0185269 0.590889 -0.80654 -0.643893 -0.964551 0.201829 0.170021 -0.23179 0.263247 0.781099 0.566203 0.457516 0.31622 -0.384863 0.867113 0.400795 -0.930002 -0.306262 0.203222 -0.504304 0.187351 -0.87068 -0.45477 0.485867 
1533678735720 -0.0188411 0.59075 -0.806634 -0.643853 -0.96458 0.201574 0.170156 -0.231928 0.263116 0.78127 0.566028 0.457542 0.31622 -0.384863 0.867113 0.400795 -0.930002 -0.306262 0.203222 -0.504304 0.187351 -0.87068 -0.45477 0.485867 
1533678735822 -0.0191551 0.590611 -0.806729 -0.643813 -0.96461 0.201318 0.17029 -0.232065 0.262985 0.781441 0.565853 0.457569 0.31622 -0.384863 0.867113 0.400795 -0.930002 -0.306262 0.203222 -0.504304 0.187351 -0.87068 -0.45477 0.485867 
1533678735926 -0.0194693 0.590472 -0.806823 -0.643773 -0.964639 0.201063 0.170425 -0.232203 0.262854 0.781612 0.565678 0.457596 0.31622 -0.384863 0.867113 0.400795 -0.930002 -0.306262 0.203222 -0.504304 0.187351 -0.87068 -0.45477 0.485867 
1533678736036 -0.0197837 0.590333 -0.806917 -0.643733 -0.964669 0.200808 0.17056 -0.232342 0.262723 0.781782 0.565503 0.457623 0.31622 -0.384863 0.867113 0.400795 -0.930002 -0.306262 0.203222 -0.504304 0.187351 -0.87068 -0.45477 0.485867 
1533678736136 -0.0200979 0.590193 -0.807012 -0.643693 -0.964698 0.200553 0.170695 -0.23248 0.262592 0.781953 0.565328 0.457649 0.31622 -0.384863 0.867113 0.400795 -0.930002 -0.306262 0.203222 -0.504304 0.187351 -0.87068 -0.45477 0.485867 
1533678736246 -0.0204117 0.590054 -0.807106 -0.643653 -0.964727 0.200297 0.17083 -0.232617 0.26246 0.782124 0.565152 0.457676 0.31622 -0.384863 0.867113 0.400795 -0.930002 -0.306262 0.203222 -0.504304 0.187351 -0.87068 -0.45477 0.485867 
1533678736356 -0.020726 0.589914 -0.8072 -0.643613 -0.964756 0.200042 0.170965 -0.232755 0.262329 0.782294 0.564977 0.457703 0.31622 -0.384863 0.867113 0.400795 -0.930002 -0.306262 0.203222 -0.504304 0.187351 -0.87068 -0.45477 0.485867 
1533678736504 -0.0206557 0.589999 -0.80714 -0.643655 -0.964723 0.200166 0.171005 -0.232556 0.262454 0.782199 0.565051 0.457658 0.31622 -0.384863 0.867113 0.400795 -0.930002 -0.306262 0.203222 -0.504304 0.187351 -0.87068 -0.45477 0.485867 
1533678736515 -0.0210101 0.589871 -0.807224 -0.6436 -0.964764 0.199848 0.171147 -0.232711 0.262277 0.782377 0.564887 0.457688 0.31622 -0.384863 0.867113 0.400795 -0.930002 -0.306262 0.203222 -0.504304 0.187351 -0.87068 -0.45477 0.485867 
1533678736531 -0.021369 0.589745 -0.807307 -0.643551 -0.964804 0.199528 0.171295 -0.232876 0.2621 0.782553 0.564725 0.457714 0.31622 -0.384863 0.867113 0.400795 -0.930002 -0.306262 0.203222 -0.504304 0.187351 -0.87068 -0.45477 0.485867 
1533678736682 -0.0217276 0.58962 -0.807389 -0.643502 -0.964844 0.199208 0.171442 -0.233042 0.261924 0.782729 0.564562 0.45774 0.31622 -0.384863 0.867113 0.400795 -0.930002 -0.306262 0.203222 -0.504304 0.187351 -0.87068 -0.45477 0.485867 
1533678736814 -0.0220864 0.589494 -0.807471 -0.643453 -0.964884 0.198888 0.17159 -0.233207 0.261748 0.782905 0.5644 0.457766 0.31622 -0.384863 0.867113 0.400795 -0.930002 -0.306262 0.203222 -0.504304 0.187351 -0.87068 -0.45477 0.485867 
1533678736820 -0.0224451 0.589368 -0.807553 -0.643405 -0.964923 0.198569 0.171738 -0.233373 0.261572 0.783081 0.564238 0.457792 0.31622 -0.384863 0.867113 0.400795 -0.930002 -0.306262 0.203222 -0.504304 0.187351 -0.87068 -0.45477 0.485867 
1533678737009 -0.0228037 0.589241 -0.807635 -0.643356 -0.964963 0.198249 0.171886 -0.233538 0.261395 0.783257 0.564075 0.457818 0.31622 -0.384863 0.867113 0.400795 -0.930002 -0.306262 0.203222 -0.504304 0.187351 -0.87068 -0.45477 0.485867 
1533678737139 -0.0231623 0.589115 -0.807717 -0.643307 -0.965002 0.197929 0.172034 -0.233703 0.261218 0.783433 0.563913 0.457844 0.31622 -0.384863 0.867113 0.400795 -0.930002 -0.306262 0.203222 -0.504304 0.187351 -0.87068 -0.45477 0.485867 
1533678737289 -0.0235209 0.588989 -0.807799 -0.643258 -0.965041 0.197609 0.172182 -0.233869 0.261042 0.783609 0.56375 0.45787 0.31622 -0.384863 0.867113 0.400795 -0.930002 -0.306262 0.203222 -0.504304 0.187351 -0.87068 -0.45477 0.485867 
1533678737420 -0.0238793 0.588862 -0.807881 -0.643209 -0.96508 0.19729 0.17233 -0.234034 0.260865 0.783785 0.563588 0.457896 0.31622 -0.384863 0.867113 0.400795 -0.930002 -0.306262 0.203222 -0.504304 0.187351 -0.87068 -0.45477 0.485867 
1533678737583 -0.0238161 0.588925 -0.807837 -0.643254 -0.965032 0.19746 0.172402 -0.233834 0.261047 0.783694 0.563629 0.457857 0.31622 -0.384863 0.867113 0.400795 -0.930002 -0.306262 0.203222 -0.504304 0.187351 -0.87068 -0.45477 0.485867 
1533678737594 -0.0239082 0.58878 -0.807939 -0.643175 -0.965029 0.197443 0.172442 -0.233925 0.261052 0.783807 0.563469 0.457882 0.31622 -0.384863 0.867113 0.400795 -0.930002 -0.306262 0.203222 -0.504304 0.187351 -0.87068 -0.45477 0.485867 
1533678737611 -0.024005 0.588639 -0.80804 -0.643099 -0.965024 0.197424 0.172488 -0.234026 0.26106 0.783918 0.563311 0.457903 0.31622 -0.384863 0.867113 0.400795 -0.930002 -0.306262 0.203222 -0.504304 0.187351 -0.87068 -0.45477 0.485867 
1533678737628 -0.0241022 0.588497 -0.80814 -0.643025 -0.96502 0.197406 0.172534 -0.234129 0.261068 0.784029 0.563154 0.457924 0.31622 -0.384863 0.867113 0.400795 -0.930002 -0.306262 0.203222 -0.504304 0.187351 -0.87068 -0.45477 0.485867 
1533678737644 -0.0241989 0.588356 -0.80824 -0.64295 -0.965015 0.197388 0.17258 -0.23423 0.261075 0.78414 0.562996 0.457946 0.31622 -0.384863 0.867113 0.400795 -0.930002 -0.306262 0.203222 -0.504304 0.187351 -0.87068 -0.45477 0.485867 
1533678737661 -0.0242958 0.588214 -0.80834 -0.642875 -0.965011 0.197369 0.172627 -0.234332 0.261083 0.784251 0.562838 0.457967 0.31622 -0.384863 0.867113 0.400795 -0.930002 -0.306262 0.203222 -0.504304 0.187351 -0.87068 -0.45477 0.485867 
1533678737719 -0.024393 0.588073 -0.80844 -0.642801 -0.965006 0.197351 0.172673 -0.234434 0.261091 0.784361 0.56268 0.457989 0.31622 -0.384863 0.867113 0.400795 -0.930002 -0.306262 0.203222 -0.504304 0.187351 -0.87068 -0.45477 0.485867 
1533678737802 -0.0244899 0.587931 -0.80854 -0.642727 -0.965002 0.197332 0.172719 -0.234536 0.261098 0.784472 0.562522 0.45801 0.31622 -0.384863 0.867113 0.400795 -0.930002 -0.306262 0.203222 -0.504304 0.187351 -0.87068 -0.45477 0.485867 
1533678737818 -0.0245865 0.58779 -0.80864 -0.642652 -0.964997 0.197314 0.172765 -0.234637 0.261106 0.784583 0.562364 0.458032 0.31622 -0.384863 0.867113 0.400795 -0.930002 -0.306262 0.203222 -0.504304 0.187351 -0.87068 -0.45477 0.485867 
1533678737835 -0.0246836 0.587648 -0.80874 -0.642577 -0.964993 0.197295 0.172812 -0.234739 0.261113 0.784694 0.562206 0.458053 0.31622 -0.384863 0.867113 0.400795 -0.930002 -0.306262 0.203222 -0.504304 0.187351 -0.87068 -0.45477 0.485867 
1533678737918 -0.0242873 0.588145 -0.808391 -0.642758 -0.964962 0.197535 0.172708 -0.234475 0.261263 0.784261 0.56274 0.458073 0.31622 -0.384863 0.867113 0.400795 -0.930002 -0.306262 0.203222 -0.504304 0.187351 -0.87068 -0.45477 0.485867 
1533678737931 -0.0244058 0.588098 -0.808422 -0.642615 -0.964951 0.197503 0.172808 -0.234542 0.261294 0.784305 0.562665 0.45811 0.31622 -0.384863 0.867113 0.400795 -0.930002 -0.306262 0.203222 -0.504304 0.187351 -0.87068 -0.45477 0.485867 
1533678737948 -0.0245275 0.588053 -0.80845 -0.642469 -0.964939 0.197471 0.172912 -0.23462 0.261327 0.784346 0.562592 0.458143 0.31622 -0.384863 0.867113 0.400795 -0.930002 -0.306262 0.203222 -0.504304 0.187351 -0.87068 -0.45477 0.485867 
1533678737964 -0.0246491 0.588009 -0.808479 -0.642328 -0.964927 0.197438 0.173016 -0.234697 0.26136 0.784387 0.562519 0.458176 0.31622 -0.384863 0.867113 0.400795 -0.930002 -0.306262 0.203222 -0.504304 0.187351 -0.87068 -0.45477 0.485867 
1533678737981 -0.0247709 0.587965 -0.808507 -0.642187 -0.964915 0.197405 0.173121 -0.234775 0.261392 0.784429 0.562446 0.458209 0.31622 -0.384863 0.867113 0.400795 -0.930002 -0.306262 0.203222 -0.504304 0.187351 -0.87068 -0.45477 0.485867 
1533678738042 -0.0248926 0.587921 -0.808535 -0.642045 -0.964903 0.197373 0.173225 -0.234853 0.261425 0.78447 0.562373 0.458242 0.31622 -0.384863 0.867113 0.400795 -0.930002 -0.306262 0.203222 -0.504304 0.187351 -0.87068 -0.45477 0.485867 
1533678738083 -0.0250141 0.587876 -0.808564 -0.641904 -0.964891 0.19734 0.173329 -0.234931 0.261458 0.784511 0.5623 0.458276 0.31622 -0.384863 0.867113 0.400795 -0.930002 -0.306262 0.203222 -0.504304 0.187351 -0.87068 -0.45477 0.485867 
1533678738132 -0.0251358 0.587832 -0.808592 -0.641763 -0.964879 0.197307 0.173433 -0.235008 0.261491 0.784553 0.562227 0.458309 0.31622 -0.384863 0.867113 0.400795 -0.930002 -0.306262 0.203222 -0.504304 0.187351 -0.87068 -0.45477 0.485867 
1533678738167 -0.0252576 0.587788 -0.808621 -0.641621 -0.964867 0.197275 0.173537 -0.235086 0.261523 0.784594 0.562154 0.458342 0.31622 -0.384863 0.867113 0.400795 -0.930002 -0.306262 0.203222 -0.504304 0.187351 -0.87068 -0.45477 0.485867 
1533678738205 -0.0253794 0.587744 -0.808649 -0.64148 -0.964855 0.197242 0.173642 -0.235165 0.261556 0.784635 0.562082 0.458375 0.31622 -0.384863 0.867113 0.400795 -0.930002 -0.306262 0.203222 -0.504304 0.187351 -0.87068 -0.45477 0.485867 
1533678738269 -0.0251012 0.587718 -0.808676 -0.641841 -0.964921 0.197228 0.17329 -0.235008 0.261339 0.784658 0.56215 0.458215 0.31622 -0.384863 0.867113 0.400795 -0.930002 -0.306262 0.203222 -0.504304 0.187351 -0.87068 -0.45477 0.485867 
1533678738282 -0.0253259 0.587716 -0.80867 -0.641667 -0.964925 0.19707 0.173444 -0.235054 0.2613 0.784699 0.562112 0.458302 0.31622 -0.384863 0.867113 0.400795 -0.930002 -0.306262 0.203222 -0.504304 0.187351 -0.87068 -0.45477 0.485867 
1533678738298 -0.025556 0.587718 -0.808662 -0.64149 -0.964929 0.196909 0.173604 -0.235109 0.261263 0.784738 0.562074 0.458383 0.31622 -0.384863 0.867113 0.400795 -0.930002 -0.306262 0.203222 -0.504304 0.187351 -0.87068 -0.45477 0.485867 
1533678738305 -0.025786 0.58772 -0.808653 -0.641317 -0.964933 0.196749 0.173764 -0.235165 0.261227 0.784777 0.562037 0.458466 0.31622 -0.384863 0.867113 0.400795 -0.930002 -0.306262 0.203222 -0.504304 0.187351 -0.87068 -0.45477 0.485867 
1533678738318 -0.0260161 0.587722 -0.808645 -0.641144 -0.964937 0.196589 0.173925 -0.235221 0.26119 0.784816 0.562 0.458548 0.31622 -0.384863 0.867113 0.400795 -0.930002 -0.306262 0.203222 -0.504304 0.187351 -0.87068 -0.45477 0.485867 
1533678738335 -0.0262462 0.587724 -0.808636 -0.640971 -0.964941 0.196428 0.174085 -0.235278 0.261153 0.784855 0.561963 0.45863 0.31622 -0.384863 0.867113 0.400795 -0.930002 -0.306262 0.203222 -0.504304 0.187351 -0.87068 -0.45477 0.485867 
1533678738497 -0.0264765 0.587726 -0.808627 -0.640799 -0.964944 0.196268 0.174246 -0.235334 0.261116 0.784893 0.561926 0.458713 0.31622 -0.384863 0.867113 0.400795 -0.930002 -0.306262 0.203222 -0.504304 0.187351 -0.87068 -0.45477 0.485867 
1533678738521 -0.0267066 0.587727 -0.808618 -0.640626 -0.964948 0.196107 0.174406 -0.23539 0.261079 0.784932 0.561889 0.458795 0.31622 -0.384863 0.867113 0.400795 -0.930002 -0.306262 0.203222 -0.504304 0.187351 -0.87068 -0.45477 0.485867 
1533678738552 -0.0269363 0.587729 -0.80861 -0.640453 -0.964952 0.195947 0.174566 -0.235446 0.261042 0.784971 0.561852 0.458878 0.31622 -0.384863 0.867113 0.400795 -0.930002 -0.306262 0.203222 -0.504304 0.187351 -0.87068 -0.45477 0.485867 
1533678738624 -0.0271665 0.58773 -0.808601 -0.640281 -0.964955 0.195786 0.174727 -0.235502 0.261005 0.78501 0.561815 0.45896 0.31622 -0.384863 0.867113 0.400795 -0.930002 -0.306262 0.203222 -0.504304 0.187351 -0.87068 -0.45477 0.485867 
1533678738684 -0.026529 0.5877 -0.808644 -0.640667 -0.964955 0.196207 0.174255 -0.235431 0.261071 0.784928 0.561899 0.458751 0.31622 -0.384863 0.867113 0.400795 -0.930002 -0.306262 0.203222 -0.504304 0.187351 -0.87068 -0.45477 0.485867 
1533678738696 -0.026832 0.587714 -0.808624 -0.6405 -0.964958 0.195998 0.174472 -0.23546 0.261028 0.78497 0.56186 0.458842 0.31622 -0.384863 0.867113 0.400795 -0.930002 -0.306262 0.203222 -0.504304 0.187351 -0.87068 -0.45477 0.485867 
1533678738713 -0.02714 0.58773 -0.808602 -0.640339 -0.964961 0.195787 0.174695 -0.2355 0.260987 0.785011 0.561822 0.458929 0.31622 -0.384863 0.867113 0.400795 -0.930002 -0.306262 0.203222 -0.504304 0.187351 -0.87068 -0.45477 0.485867 
1533678738730 -0.0274479 0.587745 -0.80858 -0.640178 -0.964963 0.195576 0.174918 -0.235539 0.260946 0.785051 0.561785 0.459017 0.31622 -0.384863 0.867113 0.400795 -0.930002 -0.306262 0.203222 -0.504304 0.187351 -0.87068 -0.45477 0.485867 
1533678738746 -0.027756 0.587761 -0.808558 -0.640018 -0.964965 0.195365 0.175141 -0.235579 0.260905 0.785092 0.561747 0.459104 0.31622 -0.384863 0.867113 0.400795 -0.930002 -0.306262 0.203222 -0.504304 0.187351 -0.87068 -0.45477 0.485867 
1533678738870 -0.028064 0.587777 -0.808536 -0.639857 -0.964968 0.195154 0.175364 -0.235619 0.260863 0.785133 0.561709 0.459191 0.31622 -0.384863 0.867113 0.400795 -0.930002 -0.306262 0.203222 -0.504304 0.187351 -0.87068 -0.45477 0.485867 
1533678738908 -0.0283718 0.587793 -0.808514 -0.639696 -0.96497 0.194943 0.175586 -0.235658 0.260822 0.785173 0.561671 0.459279 0.31622 -0.384863 0.867113 0.400795 -0.930002 -0.306262 0.203222 -0.504304 0.187351 -0.87068 -0.45477 0.485867 
1533678738977 -0.0286797 0.587808 -0.808492 -0.639535 -0.964972 0.194732 0.175809 -0.235698 0.260781 0.785214 0.561634 0.459366 0.31622 -0.384863 0.867113 0.400795 -0.930002 -0.306262 0.203222 -0.504304 0.187351 -0.87068 -0.45477 0.485867 
1533678739021 -0.0289878 0.587824 -0.808469 -0.639375 -0.964974 0.194521 0.176032 -0.235738 0.26074 0.785255 0.561596 0.459454 0.31622 -0.384863 0.867113 0.400795 -0.930002 -0.306262 0.203222 -0.504304 0.187351 -0.87068 -0.45477 0.485867 
1533678739089 -0.0292959 0.58784 -0.808447 -0.639214 -0.964976 0.19431 0.176255 -0.235778 0.260699 0.785295 0.561558 0.459541 0.31622 -0.384863 0.867113 0.400795 -0.930002 -0.306262 0.203222 -0.504304 0.187351 -0.87068 -0.45477 0.485867 
1533678739165 -0.0289484 0.587921 -0.8084 -0.639463 -0.964982 0.1945 0.176009 -0.235632 0.260713 0.785187 0.561703 0.459477 0.31622 -0.384863 0.867113 0.400795 -0.930002 -0.306262 0.203222 -0.504304 0.187351 -0.87068 -0.45477 0.485867 
1533678739176 -0.0291754 0.587924 -0.80839 -0.63933 -0.964986 0.19434 0.176166 -0.235661 0.260675 0.785225 0.561668 0.459541 0.31622 -0.384863 0.867113 0.400795 -0.930002 -0.306262 0.203222 -0.504304 0.187351 -0.87068 -0.45477 0.485867 
1533678739193 -0.0294066 0.58793 -0.808377 -0.639203 -0.964988 0.194179 0.176329 -0.2357 0.260639 0.78526 0.561635 0.459602 0.31622 -0.384863 0.867113 0.400795 -0.930002 -0.306262 0.203222 -0.504304 0.187351 -0.87068 -0.45477 0.485867 
1533678739210 -0.0296377 0.587936 -0.808364 -0.639076 -0.964991 0.194017 0.176492 -0.235739 0.260603 0.785295 0.561603 0.459663 0.31622 -0.384863 0.867113 0.400795 -0.930002 -0.306262 0.203222 -0.504304 0.187351 -0.87068 -0.45477 0.485867 
1533678739226 -0.029869 0.587942 -0.808351 -0.638949 -0.964994 0.193856 0.176655 -0.235779 0.260566 0.78533 0.56157 0.459724 0.31622 -0.384863 0.867113 0.400795 -0.930002 -0.306262 0.203222 -0.504304 0.187351 -0.87068 -0.45477 0.485867 
1533678739253 -0.0301003 0.587948 -0.808338 -0.638822 -0.964996 0.193694 0.176818 -0.235818 0.26053 0.785366 0.561538 0.459785 0.31622 -0.384863 0.867113 0.400795 -0.930002 -0.306262 0.203222 -0.504304 0.187351 -0.87068 -0.45477 0.485867 
1533678739365 -0.0303314 0.587954 -0.808325 -0.638694 -0.964999 0.193533 0.176981 -0.235857 0.260494 0.785401 0.561505 0.459846 0.31622 -0.384863 0.867113 0.400795 -0.930002 -0.306262 0.203222 -0.504304 0.187351 -0.87068 -0.45477 0.485867 
1533678739392 -0.0305626 0.58796 -0.808312 -0.638567 -0.965001 0.193371 0.177144 -0.235897 0.260458 0.785436 0.561473 0.459907 0.31622 -0.384863 0.867113 0.400795 -0.930002 -0.306262 0.203222 -0.504304 0.187351 -0.87068 -0.45477 0.485867 
1533678739453 -0.0307939 0.587966 -0.808299 -0.63844 -0.965004 0.19321 0.177307 -0.235936 0.260422 0.785472 0.56144 0.459967 0.31622 -0.384863 0.867113 0.400795 -0.930002 -0.306262 0.203222 -0.504304 0.187351 -0.87068 -0.45477 0.485867 
1533678739511 -0.0310249 0.587972 -0.808286 -0.638313 -0.965006 0.193048 0.17747 -0.235975 0.260385 0.785507 0.561408 0.460028 0.31622 -0.384863 0.867113 0.400795 -0.930002 -0.306262 0.203222 -0.504304 0.187351 -0.87068 -0.45477 0.485867 
1533678739583 -0.0304862 0.587979 -0.808301 -0.638561 -0.965042 0.193296 0.177006 -0.235953 0.260317 0.785441 0.561532 0.459905 0.31622 -0.384863 0.867113 0.400795 -0.930002 -0.306262 0.203222 -0.504304 0.187351 -0.87068 -0.45477 0.485867 
1533678739595 -0.0306934 0.587991 -0.808285 -0.638446 -0.965043 0.193152 0.177156 -0.235966 0.260288 0.785467 0.561508 0.459964 0.31622 -0.384863 0.867113 0.400795 -0.930002 -0.306262 0.203222 -0.504304 0.187351 -0.87068 -0.45477 0.485867 
1533678739612 -0.0309054 0.588005 -0.808266 -0.638337 -0.965044 0.193007 0.177311 -0.23599 0.260261 0.785492 0.561486 0.460019 0.31622 -0.384863 0.867113 0.400795 -0.930002 -0.306262 0.203222 -0.504304 0.187351 -0.87068 -0.45477 0.485867 
1533678739629 -0.0311172 0.58802 -0.808248 -0.638228 -0.965044 0.192862 0.177466 -0.236014 0.260234 0.785517 0.561464 0.460074 0.31622 -0.384863 0.867113 0.400795 -0.930002 -0.306262 0.203222 -0.504304 0.187351 -0.87068 -0.45477 0.485867 
1533678739645 -0.0313291 0.588034 -0.808229 -0.638119 -0.965045 0.192717 0.17762 -0.236038 0.260206 0.785542 0.561442 0.460129 0.31622 -0.384863 0.867113 0.400795 -0.930002 -0.306262 0.203222 -0.504304 0.187351 -0.87068 -0.45477 0.485867 
1533678739662 -0.031541 0.588049 -0.80821 -0.63801 -0.965045 0.192571 0.177775 -0.236063 0.260179 0.785567 0.56142 0.460184 0.31622 -0.384863 0.867113 0.400795 -0.930002 -0.306262 0.203222 -0.504304 0.187351 -0.87068 -0.45477 0.485867 
1533678739792 -0.0317527 0.588063 -0.808192 -0.637901 -0.965046 0.192426 0.17793 -0.236086 0.260151 0.785591 0.561398 0.460239 0.31622 -0.384863 0.867113 0.400795 -0.930002 -0.306262 0.203222 -0.504304 0.187351 -0.87068 -0.45477 0.485867 
1533678739809 -0.0319646 0.588077 -0.808173 -0.637792 -0.965046 0.192281 0.178085 -0.23611 0.260124 0.785616 0.561376 0.460294 0.31622 -0.384863 0.867113 0.400795 -0.930002 -0.306262 0.203222 -0.504304 0.187351 -0.87068 -0.45477 0.485867 
1533678739854 -0.0321765 0.588092 -0.808154 -0.637684 -0.965046 0.192136 0.17824 -0.236135 0.260097 0.785641 0.561354 0.460349 0.31622 -0.384863 0.867113 0.400795 -0.930002 -0.306262 0.203222 -0.504304 0.187351 -0.87068 -0.45477 0.485867 
1533678739916 -0.0323885 0.588106 -0.808135 -0.637575 -0.965047 0.19199 0.178395 -0.236159 0.260069 0.785666 0.561332 0.460404 0.31622 -0.384863 0.867113 0.400795 -0.930002 -0.306262 0.203222 -0.504304 0.187351 -0.87068 -0.45477 0.485867 
1533678739993 -0.0317049 0.588076 -0.808184 -0.637821 -0.965118 0.192237 0.177743 -0.236239 0.259889 0.785628 0.561467 0.460283 0.31622 -0.384863 0.867113 0.400795 -0.930002 -0.306262 0.203222 -0.504304 0.187351 -0.87068 -0.45477 0.485867 
1533678740004 -0.0310832 0.589111 -0.807454 -0.637683 -0.964882 0.193133 0.178051 -0.236197 0.260838 0.784632 0.562419 0.460163 0.31622 -0.384863 0.867113 0.400795 -0.930002 -0.306262 0.203222 -0.504304 0.187351 -0.87068 -0.45477 0.485867 
1533678740174 -0.0304641 0.590148 -0.80672 -0.637551 -0.964644 0.194027 0.178367 -0.236165 0.261788 0.783632 0.563372 0.46004 0.31622 -0.384863 0.867113 0.400795 -0.930002 -0.306262 0.203222 -0.504304 0.187351 -0.87068 -0.45477 0.485867 
1533678740352 -0.0298442 0.591183 -0.805985 -0.637419 -0.964406 0.194921 0.178683 -0.236134 0.262738 0.782629 0.564323 0.459916 0.31622 -0.384863 0.867113 0.400795 -0.930002 -0.306262 0.203222 -0.504304 0.187351 -0.87068 -0.45477 0.485867 
1533678740533 -0.0292228 0.592217 -0.805249 -0.637287 -0.964166 0.195814 0.179001 -0.236103 0.263686 0.781624 0.565273 0.459793 0.31622 -0.384863 0.867113 0.400795 -0.930002 -0.306262 0.203222 -0.504304 0.187351 -0.87068 -0.45477 0.485867 
1533678740703 -0.0286004 0.593249 -0.804511 -0.637156 -0.963925 0.196706 0.179319 -0.236072 0.264633 0.780617 0.566222 0.45967 0.31622 -0.384863 0.867113 0.400795 -0.930002 -0.306262 0.203222 -0.504304 0.187351 -0.87068 -0.45477 0.485867 
1533678740709 -0.0279767 0.594279 -0.803772 -0.637024 -0.963683 0.197598 0.179639 -0.236042 0.265579 0.779607 0.567169 0.459546 0.31622 -0.384863 0.867113 0.400795 -0.930002 -0.306262 0.203222 -0.504304 0.187351 -0.87068 -0.45477 0.485867 
1533678740951 -0.0273515 0.595308 -0.803032 -0.636892 -0.96344 0.198489 0.17996 -0.23601 0.266524 0.778595 0.568115 0.459423 0.31622 -0.384863 0.867113 0.400795 -0.930002 -0.306262 0.203222 -0.504304 0.187351 -0.87068 -0.45477 0.485867 
1533678741128 -0.0267251 0.596335 -0.80229 -0.63676 -0.963196 0.199379 0.180282 -0.235979 0.267468 0.777581 0.569059 0.4593 0.31622 -0.384863 0.867113 0.400795 -0.930002 -0.306262 0.203222 -0.504304 0.187351 -0.87068 -0.45477 0.485867 
1533678741300 -0.0260976 0.597361 -0.801548 -0.636628 -0.962951 0.200269 0.180605 -0.235948 0.268411 0.776565 0.570003 0.459176 0.31622 -0.384863 0.867113 0.400795 -0.930002 -0.306262 0.203222 -0.504304 0.187351 -0.87068 -0.45477 0.485867 
1533678741518 -0.0263736 0.596811 -0.801948 -0.636685 -0.96306 0.199897 0.180436 -0.236008 0.267994 0.777083 0.569493 0.459184 0.31622 -0.384863 0.867113 0.400795 -0.930002 -0.306262 0.203222 -0.504304 0.187351 -0.87068 -0.45477 0.485867 
1533678741529 -0.0260905 0.597429 -0.801497 -0.636607 -0.962921 0.200343 0.18068 -0.23597 0.268518 0.776492 0.570051 0.459114 0.31622 -0.384863 0.867113 0.400795 -0.930002 -0.306262 0.203222 -0.504304 0.187351 -0.87068 -0.45477 0.485867 
1533678741545 -0.0258119 0.59805 -0.801043 -0.636536 -0.962782 0.200788 0.18093 -0.235943 0.269045 0.7759 0.570609 0.459042 0.31622 -0.384863 0.867113 0.400795 -0.930002 -0.306262 0.203222 -0.504304 0.187351 -0.87068 -0.45477 0.485867 
1533678741717 -0.025533 0.598671 -0.800588 -0.636464 -0.962642 0.201232 0.18118 -0.235917 0.269572 0.775306 0.571167 0.458969 0.31622 -0.384863 0.867113 0.400795 -0.930002 -0.306262 0.203222 -0.504304 0.187351 -0.87068 -0.45477 0.485867 
1533678741856 -0.0252535 0.59929 -0.800133 -0.636393 -0.962502 0.201676 0.181431 -0.23589 0.270098 0.774712 0.571725 0.458896 0.31622 -0.384863 0.867113 0.400795 -0.930002 -0.306262 0.203222 -0.504304 0.187351 -0.87068 -0.45477 0.485867 
1533678741994 -0.0249734 0.599909 -0.799678 -0.636321 -0.962361 0.20212 0.181682 -0.235862 0.270624 0.774116 0.572282 0.458823 0.31622 -0.384863 0.867113 0.400795 -0.930002 -0.306262 0.203222 -0.504304 0.187351 -0.87068 -0.45477 0.485867 
1533678742130 -0.0246932 0.600528 -0.799222 -0.636249 -0.96222 0.202564 0.181934 -0.235835 0.27115 0.773521 0.572838 0.45875 0.31622 -0.384863 0.867113 0.400795 -0.930002 -0.306262 0.203222 -0.504304 0.187351 -0.87068 -0.45477 0.485867 
1533678742261 -0.0244126 0.601146 -0.798766 -0.636178 -0.962079 0.203007 0.182186 -0.235809 0.271676 0.772924 0.573394 0.458677 0.31622 -0.384863 0.867113 0.400795 -0.930002 -0.306262 0.203222 -0.504304 0.187351 -0.87068 -0.45477 0.485867 
1533678742397 -0.0241314 0.601764 -0.798309 -0.636106 -0.961938 0.20345 0.182438 -0.235782 0.272201 0.772327 0.57395 0.458605 0.31622 -0.384863 0.867113 0.400795 -0.930002 -0.306262 0.203222 -0.504304 0.187351 -0.87068 -0.45477 0.485867 
1533678742403 -0.0238498 0.602381 -0.797852 -0.636034 -0.961796 0.203893 0.18269 -0.235755 0.272726 0.771729 0.574505 0.458532 0.31622 -0.384863 0.867113 0.400795 -0.930002 -0.306262 0.203222 -0.504304 0.187351 -0.87068 -0.45477 0.485867 
1533678742638 -0.0240668 0.601851 -0.798246 -0.636129 -0.961857 0.2037 0.182583 -0.235733 0.27249 0.772193 0.573993 0.458543 0.31622 -0.384863 0.867113 0.400795 -0.930002 -0.306262 0.203222 -0.504304 0.187351 -0.87068 -0.45477 0.485867 
1533678742651 -0.0239853 0.602211 -0.797977 -0.636061 -0.961784 0.203878 0.18277 -0.235726 0.272756 0.771865 0.574307 0.458523 0.31622 -0.384863 0.867113 0.400795 -0.930002 -0.306262 0.203222 -0.504304 0.187351 -0.87068 -0.45477 0.485867 
1533678742667 -0.0239016 0.602585 -0.797697 -0.635997 -0.961707 0.204064 0.182967 -0.235727 0.273035 0.771524 0.574633 0.458501 0.31622 -0.384863 0.867113 0.400795 -0.930002 -0.306262 0.203222 -0.504304 0.187351 -0.87068 -0.45477 0.485867 
1533678742684 -0.0238182 0.602959 -0.797416 -0.635933 -0.96163 0.20425 0.183165 -0.235729 0.273313 0.771182 0.574959 0.458478 0.31622 -0.384863 0.867113 0.400795 -0.930002 -0.306262 0.203222 -0.504304 0.187351 -0.87068 -0.45477 0.485867 
1533678742837 -0.0237345 0.603333 -0.797136 -0.63587 -0.961553 0.204436 0.183362 -0.23573 0.273592 0.770841 0.575285 0.458455 0.31622 -0.384863 0.867113 0.400795 -0.930002 -0.306262 0.203222 -0.504304 0.187351 -0.87068 -0.45477 0.485867 
1533678742901 -0.0236506 0.603707 -0.796856 -0.635806 -0.961476 0.204621 0.18356 -0.235731 0.27387 0.770499 0.57561 0.458433 0.31622 -0.384863 0.867113 0.400795 -0.930002 -0.306262 0.203222 -0.504304 0.187351 -0.87068 -0.45477 0.485867 
1533678742998 -0.0235667 0.604081 -0.796575 -0.635742 -0.961399 0.204807 0.183758 -0.235732 0.274148 0.770156 0.575936 0.45841 0.31622 -0.384863 0.867113 0.400795 -0.930002 -0.306262 0.203222 -0.504304 0.187351 -0.87068 -0.45477 0.485867 
