1535105224369 -0.211144 0.930943 -0.297933 -0.477027 -0.974452 -0.224355 -0.0104446 -0.259905 -0.076566 0.288116 0.95453 0.359042 0.16008 -0.304787 0.938871 0.370831 -0.775623 0.549475 0.310623 -0.528794 -0.61056 -0.777934 -0.14844 0.432481 
1535105224379 -0.165603 0.941913 -0.292192 -0.493393 -0.985259 -0.170909 0.0074637 -0.259096 -0.042908 0.28912 0.956331 0.360528 0.316231 -0.384871 0.867106 0.40083 -0.930001 -0.306257 0.203234 -0.504368 0.187338 -0.870678 -0.454779 0.485897 
1535105225156 -0.119433 0.950369 -0.287287 -0.509758 -0.992799 -0.117005 0.0256704 -0.258286 -0.00921778 0.288285 0.9575 0.362014 0.316231 -0.384871 0.867106 0.40083 -0.930001 -0.306257 0.203234 -0.504368 0.187338 -0.870678 -0.454779 0.485897 
1535105225944 -0.0727874 0.956284 -0.283236 -0.526123 -0.997049 -0.0628238 0.0441156 -0.257476 0.0243931 0.285611 0.958035 0.3635 0.316231 -0.384871 0.867106 0.40083 -0.930001 -0.306257 0.203234 -0.504368 0.187338 -0.870678 -0.454779 0.485897 
1535105226738 -0.0258205 0.959638 -0.280051 -0.542486 -0.997994 -0.00854393 0.062737 -0.256665 0.0578121 0.281109 0.957933 0.364986 0.316231 -0.384871 0.867106 0.40083 -0.930001 -0.306257 0.203234 -0.504368 0.187338 -0.870678 -0.454779 0.485897 
1535105227545 0.0213109 0.960418 -0.277745 -0.558847 -0.995629 0.0456534 0.0814729 -0.255853 0.0909281 0.274795 0.957194 0.366473 0.316231 -0.384871 0.867106 0.40083 -0.930001 -0.306257 0.203234 -0.504368 0.187338 -0.870678 -0.454779 0.485897 
1535105227552 0.0684498 0.958624 -0.276324 -0.575205 -0.989965 0.099588 0.100261 -0.25504 0.123631 0.266688 0.95582 0.36796 0.316231 -0.384871 0.867106 0.40083 -0.930001 -0.306257 0.203234 -0.504368 0.187338 -0.870678 -0.454779 0.485897 
1535105228699 0.11544 0.95426 -0.275794 -0.591558 -0.981018 0.15308 0.119038 -0.254224 0.155812 0.256817 0.953817 0.369449 0.316231 -0.384871 0.867106 0.40083 -0.930001 -0.306257 0.203234 -0.504368 0.187338 -0.870678 -0.454779 0.485897 
1535105229537 0.162124 0.94734 -0.276157 -0.607903 -0.968819 0.205953 0.137741 -0.253404 0.187363 0.245215 0.951191 0.370938 0.316231 -0.384871 0.867106 0.40083 -0.930001 -0.306257 0.203234 -0.504368 0.187338 -0.870678 -0.454779 0.485897 
1535105230399 0.208503 0.937772 -0.277689 -0.622696 -0.953382 0.258216 0.156164 -0.251815 0.21815 0.232183 0.947893 0.372743 0.316442 -0.385045 0.866951 0.401525 -0.929984 -0.306148 0.203478 -0.505625 0.187068 -0.87064 -0.454964 0.486487 
1535105231217 0.207394 0.937834 -0.278308 -0.622406 -0.953921 0.25694 0.154971 -0.252028 0.216845 0.233344 0.947908 0.372304 0.316442 -0.385045 0.866951 0.401525 -0.929984 -0.306148 0.203478 -0.505625 0.187068 -0.87064 -0.454964 0.486487 
1535105231229 0.210098 0.936912 -0.279383 -0.623564 -0.952411 0.260682 0.157981 -0.252041 0.220844 0.232896 0.947094 0.372315 0.316221 -0.384863 0.867113 0.400797 -0.930002 -0.306262 0.203223 -0.504308 0.187351 -0.87068 -0.45477 0.485869 
1535105231471 0.212793 0.93598 -0.280464 -0.624724 -0.950877 0.264418 0.160986 -0.252055 0.224839 0.23243 0.946268 0.372325 0.31622 -0.384863 0.867113 0.400797 -0.930002 -0.306262 0.203222 -0.504307 0.187351 -0.87068 -0.45477 0.485868 
1535105231709 0.215481 0.935038 -0.281554 -0.625884 -0.949318 0.26815 0.163984 -0.252069 0.22883 0.231949 0.945429 0.372336 0.316221 -0.384863 0.867113 0.400796 -0.930002 -0.306262 0.203223 -0.504306 0.187351 -0.87068 -0.45477 0.485868 
1535105231954 0.218162 0.934084 -0.282653 -0.627045 -0.947735 0.271877 0.166976 -0.252084 0.232816 0.231452 0.944577 0.372346 0.31622 -0.384863 0.867113 0.400796 -0.930002 -0.306262 0.203222 -0.504306 0.187351 -0.87068 -0.454769 0.485868 
1535105231960 0.220835 0.93312 -0.28376 -0.628206 -0.946128 0.275598 0.16996 -0.252099 0.236797 0.23094 0.943713 0.372356 0.31622 -0.384863 0.867113 0.400796 -0.930002 -0.306262 0.203222 -0.504305 0.187351 -0.87068 -0.45477 0.485867 
1535105232297 0.223501 0.932145 -0.284875 -0.629366 -0.944497 0.279315 0.172938 -0.252113 0.240773 0.230412 0.942835 0.372367 0.31622 -0.384863 0.867113 0.400796 -0.930002 -0.306262 0.203222 -0.504305 0.187351 -0.87068 -0.45477 0.485867 
1535105232535 0.22616 0.931159 -0.285998 -0.630527 -0.942842 0.283027 0.175909 -0.252128 0.244745 0.229868 0.941945 0.372377 0.316221 -0.384863 0.867113 0.400795 -0.930002 -0.306262 0.203223 -0.504305 0.187351 -0.87068 -0.45477 0.485867 
1535105232775 0.228811 0.930162 -0.28713 -0.631688 -0.941163 0.286734 0.178873 -0.252142 0.248711 0.229308 0.941042 0.372388 0.316221 -0.384863 0.867113 0.400795 -0.930002 -0.306262 0.203223 -0.504305 0.187351 -0.87068 -0.45477 0.485867 
1535105233018 0.231455 0.929155 -0.28827 -0.632849 -0.93946 0.290435 0.18183 -0.252157 0.252672 0.228733 0.940127 0.372398 0.31622 -0.384863 0.867113 0.400795 -0.930002 -0.306262 0.203222 -0.504305 0.187352 -0.87068 -0.454769 0.485867 
1535105233273 0.23096 0.92934 -0.288069 -0.63251 -0.939954 0.289587 0.180626 -0.252369 0.251284 0.229055 0.94042 0.372323 0.31622 -0.384863 0.867113 0.400795 -0.930002 -0.306262 0.203222 -0.504305 0.187352 -0.87068 -0.454769 0.485867 
1535105233284 0.232214 0.928982 -0.288219 -0.63308 -0.939534 0.29091 0.180687 -0.252412 0.2517 0.228834 0.940363 0.372522 0.31622 -0.384863 0.867113 0.400795 -0.930002 -0.306262 0.203222 -0.504304 0.187351 -0.87068 -0.454769 0.485867 
1535105233400 0.233465 0.928622 -0.288367 -0.633656 -0.939112 0.292231 0.180749 -0.252459 0.252117 0.22861 0.940306 0.372719 0.31622 -0.384863 0.867113 0.400795 -0.930002 -0.306262 0.203222 -0.504304 0.187351 -0.87068 -0.454769 0.485867 
1535105233561 0.234716 0.928261 -0.288515 -0.634231 -0.938688 0.293551 0.18081 -0.252505 0.252533 0.228386 0.940248 0.372916 0.31622 -0.384863 0.867113 0.400795 -0.930002 -0.306262 0.203222 -0.504304 0.187351 -0.87068 -0.454769 0.485867 
1535105233733 0.235967 0.927897 -0.288663 -0.634807 -0.938263 0.294871 0.180872 -0.252551 0.252949 0.228161 0.940191 0.373114 0.31622 -0.384863 0.867113 0.400795 -0.930002 -0.306262 0.203222 -0.504304 0.187351 -0.87068 -0.454769 0.485867 
1535105233896 0.237217 0.927533 -0.28881 -0.635383 -0.937835 0.29619 0.180933 -0.252598 0.253364 0.227936 0.940134 0.373311 0.31622 -0.384863 0.867113 0.400795 -0.930002 -0.306262 0.203222 -0.504304 0.187351 -0.87068 -0.454769 0.485867 
1535105234070 0.238466 0.927166 -0.288959 -0.635959 -0.937406 0.297508 0.180994 -0.252644 0.253779 0.22771 0.940077 0.373508 0.31622 -0.384863 0.867113 0.400795 -0.930002 -0.306262 0.203222 -0.504304 0.187351 -0.87068 -0.454769 0.485867 
1535105234239 0.239715 0.926798 -0.289107 -0.636533 -0.936975 0.298826 0.181055 -0.25269 0.254194 0.227484 0.940019 0.373706 0.31622 -0.384863 0.867113 0.400795 -0.930002 -0.306262 0.203222 -0.504304 0.187351 -0.87068 -0.454769 0.485867 
1535105234407 0.240964 0.926428 -0.289255 -0.63711 -0.936542 0.300144 0.181116 -0.252736 0.254609 0.227257 0.939962 0.373903 0.31622 -0.384863 0.867113 0.400795 -0.930002 -0.306262 0.203222 -0.504304 0.187351 -0.87068 -0.454769 0.485867 
1535105234584 0.242212 0.926056 -0.289404 -0.637685 -0.936107 0.301461 0.181176 -0.252782 0.255023 0.22703 0.939905 0.374101 0.31622 -0.384863 0.867113 0.400795 -0.930002 -0.306262 0.203222 -0.504304 0.187351 -0.87068 -0.454769 0.485867 
1535105234781 0.241622 0.926283 -0.289169 -0.6374 -0.936319 0.300801 0.18118 -0.252767 0.254807 0.226978 0.939976 0.374084 0.31622 -0.384863 0.867113 0.400795 -0.930002 -0.306262 0.203222 -0.504304 0.187351 -0.87068 -0.454769 0.485867 
1535105234794 0.241798 0.92633 -0.288872 -0.637629 -0.936241 0.300939 0.181351 -0.252848 0.254923 0.226603 0.940035 0.374161 0.31622 -0.384863 0.867113 0.400795 -0.930002 -0.306262 0.203222 -0.504304 0.187351 -0.87068 -0.45477 0.485867 
1535105234810 0.241974 0.926377 -0.288573 -0.637863 -0.936164 0.301076 0.181522 -0.252931 0.25504 0.226228 0.940093 0.374237 0.31622 -0.384863 0.867113 0.400795 -0.930002 -0.306262 0.203222 -0.504304 0.187351 -0.87068 -0.45477 0.485867 
1535105234946 0.242149 0.926424 -0.288275 -0.638097 -0.936087 0.301212 0.181694 -0.253013 0.255157 0.225853 0.940152 0.374313 0.31622 -0.384863 0.867113 0.400795 -0.930002 -0.306262 0.203222 -0.504304 0.187351 -0.87068 -0.45477 0.485867 
1535105234953 0.242325 0.926471 -0.287976 -0.638331 -0.936009 0.301349 0.181865 -0.253097 0.255274 0.225478 0.94021 0.374388 0.31622 -0.384863 0.867113 0.400795 -0.930002 -0.306262 0.203222 -0.504304 0.187351 -0.87068 -0.45477 0.485867 
1535105235136 0.2425 0.926518 -0.287677 -0.638566 -0.935932 0.301486 0.182037 -0.25318 0.255391 0.225102 0.940268 0.374464 0.31622 -0.384863 0.867113 0.400795 -0.930002 -0.306262 0.203222 -0.504304 0.187351 -0.87068 -0.45477 0.485867 
1535105235247 0.242676 0.926565 -0.287379 -0.6388 -0.935855 0.301622 0.182209 -0.253263 0.255508 0.224727 0.940326 0.37454 0.31622 -0.384863 0.867113 0.400795 -0.930002 -0.306262 0.203222 -0.504304 0.187351 -0.87068 -0.45477 0.485867 
1535105235253 0.242852 0.926611 -0.28708 -0.639034 -0.935777 0.301759 0.182381 -0.253346 0.255625 0.224351 0.940384 0.374616 0.31622 -0.384863 0.867113 0.400795 -0.930002 -0.306262 0.203222 -0.504304 0.187351 -0.87068 -0.45477 0.485867 
1535105235431 0.243027 0.926658 -0.286781 -0.639269 -0.9357 0.301895 0.182553 -0.253429 0.255742 0.223976 0.940442 0.374691 0.31622 -0.384863 0.867113 0.400795 -0.930002 -0.306262 0.203222 -0.504304 0.187351 -0.87068 -0.45477 0.485867 
1535105235549 0.243203 0.926704 -0.286483 -0.639502 -0.935622 0.302032 0.182725 -0.253512 0.255858 0.2236 0.9405 0.374767 0.31622 -0.384863 0.867113 0.400795 -0.930002 -0.306262 0.203222 -0.504304 0.187351 -0.87068 -0.45477 0.485867 
1535105235665 0.243125 0.926613 -0.286843 -0.639297 -0.935658 0.302015 0.18257 -0.25348 0.255803 0.223999 0.94042 0.374683 0.31622 -0.384863 0.867113 0.400795 -0.930002 -0.306262 0.203222 -0.504304 0.187351 -0.87068 -0.45477 0.485867 
1535105235673 0.243119 0.926762 -0.286364 -0.63942 -0.935776 0.301812 0.182296 -0.25354 0.255374 0.223653 0.940619 0.374701 0.31622 -0.384863 0.867113 0.400795 -0.930002 -0.306262 0.203222 -0.504304 0.187351 -0.87068 -0.45477 0.485867 
1535105235690 0.243113 0.926912 -0.285886 -0.639547 -0.935895 0.30161 0.182023 -0.253602 0.254945 0.223307 0.940817 0.374717 0.31622 -0.384863 0.867113 0.400795 -0.930002 -0.306262 0.203222 -0.504304 0.187351 -0.87068 -0.45477 0.485867 
1535105235707 0.243106 0.927061 -0.285406 -0.639675 -0.936013 0.301407 0.18175 -0.253665 0.254517 0.22296 0.941015 0.374734 0.31622 -0.384863 0.867113 0.400795 -0.930002 -0.306262 0.203222 -0.504304 0.187351 -0.87068 -0.45477 0.485867 
1535105235848 0.243099 0.927211 -0.284927 -0.639802 -0.936131 0.301204 0.181477 -0.253727 0.254089 0.222613 0.941213 0.37475 0.31622 -0.384863 0.867113 0.400795 -0.930002 -0.306262 0.203222 -0.504304 0.187351 -0.87068 -0.45477 0.485867 
1535105235905 0.243091 0.927359 -0.284449 -0.639929 -0.936249 0.301002 0.181203 -0.253789 0.25366 0.222266 0.941411 0.374767 0.31622 -0.384863 0.867113 0.400795 -0.930002 -0.306262 0.203222 -0.504304 0.187351 -0.87068 -0.45477 0.485867 
1535105235912 0.243084 0.927508 -0.283969 -0.640057 -0.936367 0.3008 0.18093 -0.253851 0.253232 0.221919 0.941608 0.374784 0.31622 -0.384863 0.867113 0.400795 -0.930002 -0.306262 0.203222 -0.504304 0.187351 -0.87068 -0.45477 0.485867 
1535105236044 0.243076 0.927657 -0.28349 -0.640185 -0.936485 0.300597 0.180656 -0.253914 0.252803 0.221571 0.941805 0.3748 0.31622 -0.384863 0.867113 0.400795 -0.930002 -0.306262 0.203222 -0.504304 0.187351 -0.87068 -0.45477 0.485867 
1535105236092 0.243068 0.927805 -0.283011 -0.640312 -0.936603 0.300395 0.180382 -0.253976 0.252375 0.221224 0.942002 0.374817 0.31622 -0.384863 0.867113 0.400795 -0.930002 -0.306262 0.203222 -0.504304 0.187351 -0.87068 -0.45477 0.485867 
1535105236194 0.24306 0.927953 -0.282532 -0.640439 -0.93672 0.300193 0.180108 -0.254038 0.251946 0.220876 0.942198 0.374833 0.31622 -0.384863 0.867113 0.400795 -0.930002 -0.306262 0.203222 -0.504304 0.187351 -0.87068 -0.45477 0.485867 
1535105236249 0.243291 0.927717 -0.283108 -0.640229 -0.936497 0.300668 0.180477 -0.254072 0.252553 0.221221 0.941954 0.374858 0.31622 -0.384863 0.867113 0.400795 -0.930002 -0.306262 0.203222 -0.504304 0.187351 -0.87068 -0.45477 0.485867 
1535105236262 0.243494 0.927674 -0.283074 -0.640232 -0.936383 0.300909 0.180665 -0.254079 0.252778 0.221075 0.941928 0.374872 0.31622 -0.384863 0.867113 0.400795 -0.930002 -0.306262 0.203222 -0.504304 0.187351 -0.87068 -0.45477 0.485867 
1535105236279 0.243697 0.927631 -0.283041 -0.640235 -0.93627 0.301149 0.180854 -0.254086 0.253003 0.220929 0.941902 0.374886 0.31622 -0.384863 0.867113 0.400795 -0.930002 -0.306262 0.203222 -0.504304 0.187351 -0.87068 -0.45477 0.485867 
1535105236295 0.243902 0.927588 -0.283006 -0.640239 -0.936156 0.30139 0.181042 -0.254091 0.253228 0.220781 0.941876 0.374899 0.31622 -0.384863 0.867113 0.400795 -0.930002 -0.306262 0.203222 -0.504304 0.187351 -0.87068 -0.45477 0.485867 
1535105236312 0.244105 0.927545 -0.282972 -0.640243 -0.936042 0.301631 0.181231 -0.254097 0.253453 0.220635 0.94185 0.374912 0.31622 -0.384863 0.867113 0.400795 -0.930002 -0.306262 0.203222 -0.504304 0.187351 -0.87068 -0.45477 0.485867 
1535105236319 0.244309 0.927501 -0.282939 -0.640246 -0.935928 0.301871 0.181419 -0.254103 0.253678 0.220488 0.941824 0.374926 0.31622 -0.384863 0.867113 0.400795 -0.930002 -0.306262 0.203222 -0.504304 0.187351 -0.87068 -0.45477 0.485867 
1535105236406 0.244513 0.927458 -0.282904 -0.640251 -0.935814 0.302112 0.181608 -0.254108 0.253902 0.220341 0.941798 0.374938 0.31622 -0.384863 0.867113 0.400795 -0.930002 -0.306262 0.203222 -0.504304 0.187351 -0.87068 -0.45477 0.485867 
1535105236424 0.244716 0.927415 -0.282871 -0.640255 -0.935699 0.302352 0.181796 -0.254114 0.254127 0.220194 0.941772 0.374951 0.31622 -0.384863 0.867113 0.400795 -0.930002 -0.306262 0.203222 -0.504304 0.187351 -0.87068 -0.45477 0.485867 
1535105236439 0.24492 0.927371 -0.282837 -0.640259 -0.935585 0.302592 0.181985 -0.25412 0.254351 0.220047 0.941746 0.374964 0.31622 -0.384863 0.867113 0.400795 -0.930002 -0.306262 0.203222 -0.504304 0.187351 -0.87068 -0.45477 0.485867 
1535105236456 0.245123 0.927328 -0.282803 -0.640263 -0.935471 0.302832 0.182173 -0.254126 0.254576 0.219899 0.941719 0.374978 0.31622 -0.384863 0.867113 0.400795 -0.930002 -0.306262 0.203222 -0.504304 0.187351 -0.87068 -0.45477 0.485867 
1535105236489 0.244306 0.927512 -0.282908 -0.640249 -0.936001 0.3018 0.181162 -0.254124 0.253411 0.220543 0.941883 0.374902 0.31622 -0.384863 0.867113 0.400795 -0.930002 -0.306262 0.203222 -0.504304 0.187351 -0.87068 -0.45477 0.485867 
1535105236502 0.244812 0.927455 -0.282655 -0.640083 -0.935812 0.302281 0.181332 -0.254079 0.253618 0.22012 0.941926 0.374961 0.31622 -0.384863 0.867113 0.400795 -0.930002 -0.306262 0.203222 -0.504304 0.187351 -0.87068 -0.45477 0.485867 
1535105236519 0.245318 0.927398 -0.282403 -0.63991 -0.935624 0.302763 0.1815 -0.25403 0.253824 0.219698 0.941969 0.375021 0.31622 -0.384863 0.867113 0.400795 -0.930002 -0.306262 0.203222 -0.504304 0.187351 -0.87068 -0.45477 0.485867 
1535105236639 0.245825 0.927341 -0.282151 -0.639739 -0.935435 0.303245 0.181669 -0.253982 0.25403 0.219275 0.942012 0.375081 0.31622 -0.384863 0.867113 0.400795 -0.930002 -0.306262 0.203222 -0.504304 0.187351 -0.87068 -0.45477 0.485867 
1535105236675 0.246331 0.927283 -0.281899 -0.639567 -0.935246 0.303726 0.181838 -0.253934 0.254235 0.218853 0.942055 0.375141 0.31622 -0.384863 0.867113 0.400795 -0.930002 -0.306262 0.203222 -0.504304 0.187351 -0.87068 -0.45477 0.485867 
1535105236681 0.246837 0.927225 -0.281648 -0.639395 -0.935057 0.304207 0.182007 -0.253885 0.25444 0.218431 0.942098 0.375202 0.31622 -0.384863 0.867113 0.400795 -0.930002 -0.306262 0.203222 -0.504304 0.187351 -0.87068 -0.45477 0.485867 
1535105236816 0.247344 0.927166 -0.281396 -0.639224 -0.934867 0.304689 0.182176 -0.253838 0.254645 0.218008 0.94214 0.375262 0.31622 -0.384863 0.867113 0.400795 -0.930002 -0.306262 0.203222 -0.504304 0.187351 -0.87068 -0.45477 0.485867 
1535105236855 0.24785 0.927107 -0.281145 -0.639051 -0.934677 0.30517 0.182345 -0.253789 0.25485 0.217585 0.942183 0.375322 0.31622 -0.384863 0.867113 0.400795 -0.930002 -0.306262 0.203222 -0.504304 0.187351 -0.87068 -0.45477 0.485867 
1535105236955 0.248356 0.927048 -0.280893 -0.63888 -0.934487 0.30565 0.182514 -0.253741 0.255055 0.217162 0.942225 0.375382 0.31622 -0.384863 0.867113 0.400795 -0.930002 -0.306262 0.203222 -0.504304 0.187351 -0.87068 -0.45477 0.485867 
1535105237006 0.248862 0.926988 -0.280642 -0.638708 -0.934297 0.306131 0.182684 -0.253693 0.255259 0.21674 0.942267 0.375442 0.31622 -0.384863 0.867113 0.400795 -0.930002 -0.306262 0.203222 -0.504304 0.187351 -0.87068 -0.45477 0.485867 
1535105237113 0.248134 0.927039 -0.281121 -0.638983 -0.934575 0.305459 0.182386 -0.253721 0.25495 0.217472 0.942182 0.375317 0.31622 -0.384863 0.867113 0.400795 -0.930002 -0.306262 0.203222 -0.504304 0.187351 -0.87068 -0.45477 0.485867 
1535105237126 0.248378 0.926977 -0.28111 -0.638633 -0.934558 0.305648 0.182154 -0.25357 0.254773 0.217471 0.94223 0.375521 0.31622 -0.384863 0.867113 0.400795 -0.930002 -0.306262 0.203222 -0.504304 0.187351 -0.87068 -0.45477 0.485867 
1535105237163 0.248622 0.926914 -0.2811 -0.63828 -0.934542 0.305838 0.18192 -0.253418 0.254595 0.21747 0.942278 0.375725 0.31622 -0.384863 0.867113 0.400795 -0.930002 -0.306262 0.203222 -0.504304 0.187351 -0.87068 -0.45477 0.485867 
1535105237349 0.248867 0.926851 -0.28109 -0.637926 -0.934525 0.306028 0.181686 -0.253265 0.254417 0.21747 0.942326 0.375929 0.31622 -0.384863 0.867113 0.400795 -0.930002 -0.306262 0.203222 -0.504304 0.187351 -0.87068 -0.45477 0.485867 
1535105237505 0.249111 0.926789 -0.28108 -0.637572 -0.934508 0.306218 0.181452 -0.253113 0.254239 0.21747 0.942374 0.376134 0.31622 -0.384863 0.867113 0.400795 -0.930002 -0.306262 0.203222 -0.504304 0.187351 -0.87068 -0.45477 0.485867 
1535105237668 0.249356 0.926726 -0.28107 -0.637217 -0.934492 0.306408 0.181218 -0.25296 0.254061 0.21747 0.942422 0.376338 0.31622 -0.384863 0.867113 0.400795 -0.930002 -0.306262 0.203222 -0.504304 0.187351 -0.87068 -0.45477 0.485867 
1535105237835 0.2496 0.926663 -0.28106 -0.636864 -0.934475 0.306597 0.180984 -0.252808 0.253883 0.21747 0.94247 0.376542 0.31622 -0.384863 0.867113 0.400795 -0.930002 -0.306262 0.203222 -0.504304 0.187351 -0.87068 -0.45477 0.485867 
1535105237995 0.249845 0.9266 -0.28105 -0.636509 -0.934458 0.306787 0.18075 -0.252654 0.253705 0.21747 0.942518 0.376747 0.31622 -0.384863 0.867113 0.400795 -0.930002 -0.306262 0.203222 -0.504304 0.187351 -0.87068 -0.45477 0.485867 
1535105238155 0.250089 0.926538 -0.28104 -0.636156 -0.934441 0.306977 0.180516 -0.252502 0.253527 0.21747 0.942566 0.376951 0.31622 -0.384863 0.867113 0.400795 -0.930002 -0.306262 0.203222 -0.504304 0.187351 -0.87068 -0.45477 0.485867 
1535105238318 0.250334 0.926475 -0.28103 -0.635801 -0.934423 0.307167 0.180282 -0.252349 0.253349 0.21747 0.942614 0.377156 0.31622 -0.384863 0.867113 0.400795 -0.930002 -0.306262 0.203222 -0.504304 0.187351 -0.87068 -0.45477 0.485867 
1535105238490 0.250298 0.926513 -0.280936 -0.63601 -0.934394 0.307148 0.180468 -0.252384 0.253494 0.217335 0.942606 0.37707 0.31622 -0.384863 0.867113 0.400795 -0.930002 -0.306262 0.203222 -0.504304 0.187351 -0.87068 -0.45477 0.485867 
1535105238503 0.250488 0.926395 -0.281154 -0.635576 -0.934315 0.307396 0.180456 -0.252207 0.253599 0.217484 0.942544 0.377212 0.31622 -0.384863 0.867113 0.400795 -0.930002 -0.306262 0.203222 -0.504304 0.187351 -0.87068 -0.45477 0.485867 
1535105238662 0.250677 0.926278 -0.281372 -0.635138 -0.934235 0.307643 0.180443 -0.252028 0.253703 0.217635 0.942481 0.377356 0.31622 -0.384863 0.867113 0.400795 -0.930002 -0.306262 0.203222 -0.504304 0.187351 -0.87068 -0.45477 0.485867 
1535105238850 0.250867 0.92616 -0.281591 -0.634698 -0.934156 0.307891 0.180431 -0.251848 0.253807 0.217786 0.942418 0.377499 0.31622 -0.384863 0.867113 0.400795 -0.930002 -0.306262 0.203222 -0.504304 0.187351 -0.87068 -0.45477 0.485867 
1535105239026 0.251056 0.926042 -0.28181 -0.634261 -0.934077 0.308138 0.180418 -0.25167 0.253911 0.217937 0.942355 0.377642 0.31622 -0.384863 0.867113 0.400795 -0.930002 -0.306262 0.203222 -0.504304 0.187351 -0.87068 -0.45477 0.485867 
1535105239205 0.251245 0.925924 -0.282028 -0.633822 -0.933998 0.308386 0.180406 -0.25149 0.254016 0.218088 0.942292 0.377786 0.31622 -0.384863 0.867113 0.400795 -0.930002 -0.306262 0.203222 -0.504304 0.187351 -0.87068 -0.45477 0.485867 
1535105239377 0.251435 0.925806 -0.282247 -0.633382 -0.933918 0.308634 0.180393 -0.25131 0.25412 0.218239 0.942229 0.377929 0.31622 -0.384863 0.867113 0.400795 -0.930002 -0.306262 0.203222 -0.504304 0.187351 -0.87068 -0.45477 0.485867 
1535105239555 0.251624 0.925688 -0.282466 -0.632944 -0.933839 0.308881 0.18038 -0.251131 0.254224 0.218389 0.942166 0.378072 0.31622 -0.384863 0.867113 0.400795 -0.930002 -0.306262 0.203222 -0.504304 0.187351 -0.87068 -0.45477 0.485867 
1535105239750 0.251814 0.92557 -0.282684 -0.632505 -0.93376 0.309129 0.180367 -0.250952 0.254328 0.21854 0.942103 0.378216 0.31622 -0.384863 0.867113 0.400795 -0.930002 -0.306262 0.203222 -0.504304 0.187351 -0.87068 -0.45477 0.485867 
1535105239930 0.252003 0.925452 -0.282903 -0.632066 -0.93368 0.309376 0.180354 -0.250773 0.254433 0.218691 0.942039 0.378359 0.31622 -0.384863 0.867113 0.400795 -0.930002 -0.306262 0.203222 -0.504304 0.187351 -0.87068 -0.45477 0.485867 
1535105240121 0.251866 0.925526 -0.28278 -0.632252 -0.933762 0.309183 0.180261 -0.250855 0.254267 0.218647 0.942094 0.378267 0.31622 -0.384863 0.867113 0.400795 -0.930002 -0.306262 0.203222 -0.504304 0.187351 -0.87068 -0.45477 0.485867 
1535105240133 0.251873 0.925514 -0.282815 -0.631898 -0.933691 0.309256 0.180505 -0.250701 0.254522 0.218597 0.942037 0.378366 0.31622 -0.384863 0.867113 0.400795 -0.930002 -0.306262 0.203222 -0.504304 0.187351 -0.87068 -0.45477 0.485867 
1535105240139 0.251876 0.925502 -0.282851 -0.631536 -0.93362 0.309326 0.180749 -0.250543 0.254777 0.218549 0.941979 0.378468 0.31622 -0.384863 0.867113 0.400795 -0.930002 -0.306262 0.203222 -0.504304 0.187351 -0.87068 -0.45477 0.485867 
1535105240351 0.25188 0.92549 -0.282887 -0.631174 -0.93355 0.309397 0.180993 -0.250384 0.255032 0.218501 0.941921 0.378569 0.31622 -0.384863 0.867113 0.400795 -0.930002 -0.306262 0.203222 -0.504304 0.187351 -0.87068 -0.45477 0.485867 
1535105240508 0.251884 0.925477 -0.282924 -0.630811 -0.933479 0.309467 0.181237 -0.250225 0.255287 0.218453 0.941864 0.37867 0.31622 -0.384863 0.867113 0.400795 -0.930002 -0.306262 0.203222 -0.504304 0.187351 -0.87068 -0.45477 0.485867 
1535105240663 0.251888 0.925465 -0.28296 -0.630448 -0.933408 0.309538 0.181481 -0.250066 0.255542 0.218405 0.941806 0.378772 0.31622 -0.384863 0.867113 0.400795 -0.930002 -0.306262 0.203222 -0.504304 0.187351 -0.87068 -0.45477 0.485867 
1535105240670 0.251892 0.925453 -0.282997 -0.630086 -0.933337 0.309608 0.181726 -0.249908 0.255796 0.218356 0.941748 0.378873 0.31622 -0.384863 0.867113 0.400795 -0.930002 -0.306262 0.203222 -0.504304 0.187351 -0.87068 -0.45477 0.485867 
1535105240882 0.251895 0.925441 -0.283033 -0.629723 -0.933267 0.309678 0.181969 -0.249749 0.256051 0.218308 0.94169 0.378974 0.31622 -0.384863 0.867113 0.400795 -0.930002 -0.306262 0.203222 -0.504304 0.187351 -0.87068 -0.45477 0.485867 
1535105241034 0.251899 0.925429 -0.28307 -0.629361 -0.933196 0.309749 0.182214 -0.24959 0.256306 0.21826 0.941631 0.379075 0.31622 -0.384863 0.867113 0.400795 -0.930002 -0.306262 0.203222 -0.504304 0.187351 -0.87068 -0.45477 0.485867 
1535105241186 0.251903 0.925417 -0.283106 -0.628998 -0.933125 0.309819 0.182457 -0.249431 0.256561 0.218212 0.941573 0.379177 0.31622 -0.384863 0.867113 0.400795 -0.930002 -0.306262 0.203222 -0.504304 0.187351 -0.87068 -0.45477 0.485867 
1535105241366 0.251957 0.925386 -0.283157 -0.629191 -0.933179 0.309822 0.182173 -0.249553 0.256309 0.218336 0.941613 0.379085 0.31622 -0.384863 0.867113 0.400795 -0.930002 -0.306262 0.203222 -0.504304 0.187351 -0.87068 -0.45477 0.485867 
1535105241376 0.251909 0.925348 -0.283325 -0.628883 -0.933088 0.309898 0.18251 -0.249451 0.256687 0.218392 0.941497 0.379181 0.31622 -0.384863 0.867113 0.400795 -0.930002 -0.306262 0.203222 -0.504304 0.187351 -0.87068 -0.45477 0.485867 
1535105241393 0.251862 0.925309 -0.283494 -0.628571 -0.932997 0.309974 0.182846 -0.249346 0.257065 0.218447 0.941381 0.379278 0.31622 -0.384863 0.867113 0.400795 -0.930002 -0.306262 0.203222 -0.504304 0.187351 -0.87068 -0.45477 0.485867 
1535105241556 0.251814 0.92527 -0.283663 -0.628257 -0.932906 0.310051 0.183182 -0.249241 0.257443 0.218503 0.941265 0.379375 0.31622 -0.384863 0.867113 0.400795 -0.930002 -0.306262 0.203222 -0.504304 0.187351 -0.87068 -0.45477 0.485867 
1535105241699 0.251767 0.925232 -0.283831 -0.627946 -0.932814 0.310127 0.183518 -0.249137 0.25782 0.218558 0.941149 0.379471 0.31622 -0.384863 0.867113 0.400795 -0.930002 -0.306262 0.203222 -0.504304 0.187351 -0.87068 -0.45477 0.485867 
1535105241840 0.251719 0.925193 -0.284 -0.627633 -0.932723 0.310204 0.183854 -0.249033 0.258198 0.218614 0.941032 0.379568 0.31622 -0.384863 0.867113 0.400795 -0.930002 -0.306262 0.203222 -0.504304 0.187351 -0.87068 -0.45477 0.485867 
1535105241972 0.251671 0.925154 -0.284169 -0.62732 -0.932631 0.310281 0.184189 -0.248928 0.258576 0.218669 0.940916 0.379665 0.31622 -0.384863 0.867113 0.400795 -0.930002 -0.306262 0.203222 -0.504304 0.187351 -0.87068 -0.45477 0.485867 
1535105242143 0.251624 0.925115 -0.284337 -0.627008 -0.932539 0.310357 0.184525 -0.248823 0.258953 0.218725 0.940799 0.379762 0.31622 -0.384863 0.867113 0.400795 -0.930002 -0.306262 0.203222 -0.504304 0.187351 -0.87068 -0.45477 0.485867 
1535105242149 0.251576 0.925076 -0.284506 -0.626694 -0.932447 0.310434 0.184861 -0.248718 0.259331 0.21878 0.940682 0.379859 0.31622 -0.384863 0.867113 0.400795 -0.930002 -0.306262 0.203222 -0.504304 0.187351 -0.87068 -0.45477 0.485867 
1535105242351 0.251528 0.925037 -0.284674 -0.626382 -0.932355 0.310511 0.185196 -0.248614 0.259708 0.218835 0.940565 0.379955 0.31622 -0.384863 0.867113 0.400795 -0.930002 -0.306262 0.203222 -0.504304 0.187351 -0.87068 -0.45477 0.485867 
1535105242514 0.25157 0.925028 -0.284667 -0.626592 -0.932409 0.310494 0.18495 -0.248705 0.259472 0.218898 0.940616 0.379832 0.31622 -0.384863 0.867113 0.400795 -0.930002 -0.306262 0.203222 -0.504304 0.187351 -0.87068 -0.45477 0.485867 
1535105242525 0.251592 0.924944 -0.284923 -0.626316 -0.932381 0.310584 0.18494 -0.248574 0.259552 0.219127 0.94054 0.379918 0.31622 -0.384863 0.867113 0.400795 -0.930002 -0.306262 0.203222 -0.504304 0.187351 -0.87068 -0.45477 0.485867 
1535105242542 0.251614 0.924858 -0.28518 -0.626034 -0.932353 0.310676 0.184929 -0.248441 0.259632 0.219358 0.940464 0.380005 0.31622 -0.384863 0.867113 0.400795 -0.930002 -0.306262 0.203222 -0.504304 0.187351 -0.87068 -0.45477 0.485867 
1535105242692 0.251637 0.924772 -0.285439 -0.625752 -0.932324 0.310768 0.184918 -0.248308 0.259712 0.219589 0.940388 0.380092 0.31622 -0.384863 0.867113 0.400795 -0.930002 -0.306262 0.203222 -0.504304 0.187351 -0.87068 -0.45477 0.485867 
1535105242840 0.251659 0.924687 -0.285696 -0.625472 -0.932296 0.31086 0.184907 -0.248175 0.259793 0.21982 0.940312 0.380179 0.31622 -0.384863 0.867113 0.400795 -0.930002 -0.306262 0.203222 -0.504304 0.187351 -0.87068 -0.45477 0.485867 
1535105242847 0.251681 0.924601 -0.285954 -0.62519 -0.932267 0.310951 0.184896 -0.248042 0.259873 0.220051 0.940236 0.380267 0.31622 -0.384863 0.867113 0.400795 -0.930002 -0.306262 0.203222 -0.504304 0.187351 -0.87068 -0.45477 0.485867 
1535105243060 0.251703 0.924515 -0.286212 -0.624907 -0.932239 0.311043 0.184885 -0.247908 0.259953 0.220282 0.94016 0.380354 0.31622 -0.384863 0.867113 0.400795 -0.930002 -0.306262 0.203222 -0.504304 0.187351 -0.87068 -0.45477 0.485867 
1535105243193 0.251726 0.924429 -0.28647 -0.624627 -0.932211 0.311135 0.184874 -0.247775 0.260034 0.220513 0.940083 0.380441 0.31622 -0.384863 0.867113 0.400795 -0.930002 -0.306262 0.203222 -0.504304 0.187351 -0.87068 -0.45477 0.485867 
1535105243334 0.251748 0.924343 -0.286728 -0.624344 -0.932182 0.311227 0.184863 -0.247641 0.260114 0.220744 0.940007 0.380528 0.31622 -0.384863 0.867113 0.400795 -0.930002 -0.306262 0.203222 -0.504304 0.187351 -0.87068 -0.45477 0.485867 
1535105243345 0.25177 0.924257 -0.286986 -0.624063 -0.932154 0.311318 0.184852 -0.247509 0.260194 0.220975 0.93993 0.380615 0.31622 -0.384863 0.867113 0.400795 -0.930002 -0.306262 0.203222 -0.504304 0.187351 -0.87068 -0.45477 0.485867 
1535105243596 0.251671 0.924419 -0.286552 -0.624563 -0.932172 0.311144 0.185052 -0.247672 0.260225 0.220544 0.940023 0.380493 0.31622 -0.384863 0.867113 0.400795 -0.930002 -0.306262 0.203222 -0.504304 0.187351 -0.87068 -0.45477 0.485867 
1535105243776 0.251798 0.924414 -0.286456 -0.624355 -0.932192 0.3112 0.184857 -0.247569 0.260029 0.220486 0.940091 0.380527 0.31622 -0.384863 0.867113 0.400795 -0.930002 -0.306262 0.203222 -0.504304 0.187351 -0.87068 -0.45477 0.485867 
1535105243792 0.251926 0.924408 -0.286361 -0.624142 -0.932212 0.311257 0.184661 -0.247464 0.259834 0.220428 0.940158 0.380563 0.31622 -0.384863 0.867113 0.400795 -0.930002 -0.306262 0.203222 -0.504304 0.187351 -0.87068 -0.45477 0.485867 
1535105243935 0.252054 0.924403 -0.286265 -0.623929 -0.932232 0.311314 0.184465 -0.24736 0.259638 0.220371 0.940226 0.380598 0.31622 -0.384863 0.867113 0.400795 -0.930002 -0.306262 0.203222 -0.504304 0.187351 -0.87068 -0.45477 0.485867 
1535105243995 0.252183 0.924397 -0.28617 -0.623716 -0.932252 0.311371 0.184269 -0.247254 0.259443 0.220313 0.940293 0.380633 0.31622 -0.384863 0.867113 0.400795 -0.930002 -0.306262 0.203222 -0.504304 0.187351 -0.87068 -0.45477 0.485867 
1535105244104 0.252311 0.924392 -0.286075 -0.623503 -0.932271 0.311428 0.184073 -0.247149 0.259247 0.220256 0.940361 0.380668 0.31622 -0.384863 0.867113 0.400795 -0.930002 -0.306262 0.203222 -0.504304 0.187351 -0.87068 -0.45477 0.485867 
1535105244165 0.252439 0.924386 -0.285979 -0.623291 -0.932291 0.311484 0.183877 -0.247045 0.259052 0.220198 0.940428 0.380703 0.31622 -0.384863 0.867113 0.400795 -0.930002 -0.306262 0.203222 -0.504304 0.187351 -0.87068 -0.45477 0.485867 
1535105244270 0.252568 0.924381 -0.285884 -0.623077 -0.932311 0.311541 0.183681 -0.246939 0.258856 0.220141 0.940495 0.380739 0.31622 -0.384863 0.867113 0.400795 -0.930002 -0.306262 0.203222 -0.504304 0.187351 -0.87068 -0.45477 0.485867 
1535105244335 0.252696 0.924375 -0.285789 -0.622865 -0.93233 0.311598 0.183485 -0.246835 0.25866 0.220084 0.940563 0.380774 0.31622 -0.384863 0.867113 0.400795 -0.930002 -0.306262 0.203222 -0.504304 0.187351 -0.87068 -0.45477 0.485867 
1535105244438 0.252824 0.92437 -0.285693 -0.622652 -0.93235 0.311655 0.183289 -0.24673 0.258465 0.220026 0.94063 0.380809 0.31622 -0.384863 0.867113 0.400795 -0.930002 -0.306262 0.203222 -0.504304 0.187351 -0.87068 -0.45477 0.485867 
1535105244519 0.252602 0.924447 -0.28564 -0.622884 -0.932336 0.311496 0.18363 -0.246779 0.258732 0.219927 0.940579 0.380836 0.31622 -0.384863 0.867113 0.400795 -0.930002 -0.306262 0.203222 -0.504304 0.187351 -0.87068 -0.45477 0.485867 
1535105244529 0.252632 0.924417 -0.28571 -0.622696 -0.932291 0.31157 0.183731 -0.246716 0.258863 0.219949 0.940538 0.380886 0.31622 -0.384863 0.867113 0.400795 -0.930002 -0.306262 0.203222 -0.504304 0.187351 -0.87068 -0.45477 0.485867 
1535105244548 0.252663 0.924386 -0.285781 -0.622503 -0.932247 0.311644 0.183831 -0.24665 0.258993 0.219972 0.940497 0.380937 0.31622 -0.384863 0.867113 0.400795 -0.930002 -0.306262 0.203222 -0.504304 0.187351 -0.87068 -0.45477 0.485867 
1535105244608 0.252694 0.924356 -0.285853 -0.622308 -0.932202 0.311719 0.18393 -0.246584 0.259123 0.219995 0.940456 0.380988 0.31622 -0.384863 0.867113 0.400795 -0.930002 -0.306262 0.203222 -0.504304 0.187351 -0.87068 -0.45477 0.485867 
1535105244701 0.252725 0.924325 -0.285924 -0.622115 -0.932158 0.311794 0.18403 -0.246518 0.259253 0.220018 0.940415 0.381039 0.31622 -0.384863 0.867113 0.400795 -0.930002 -0.306262 0.203222 -0.504304 0.187351 -0.87068 -0.45477 0.485867 
1535105244766 0.252756 0.924295 -0.285996 -0.621923 -0.932113 0.311868 0.18413 -0.246453 0.259383 0.22004 0.940374 0.38109 0.31622 -0.384863 0.867113 0.400795 -0.930002 -0.306262 0.203222 -0.504304 0.187351 -0.87068 -0.45477 0.485867 
1535105244854 0.252787 0.924264 -0.286067 -0.621729 -0.932068 0.311942 0.184229 -0.246386 0.259513 0.220063 0.940332 0.381141 0.31622 -0.384863 0.867113 0.400795 -0.930002 -0.306262 0.203222 -0.504304 0.187351 -0.87068 -0.45477 0.485867 
1535105244931 0.252818 0.924234 -0.286138 -0.621536 -0.932024 0.312017 0.184329 -0.246321 0.259643 0.220086 0.940291 0.381191 0.31622 -0.384863 0.867113 0.400795 -0.930002 -0.306262 0.203222 -0.504304 0.187351 -0.87068 -0.45477 0.485867 
1535105245009 0.252849 0.924203 -0.28621 -0.621342 -0.931979 0.312091 0.184429 -0.246255 0.259773 0.220109 0.94025 0.381242 0.31622 -0.384863 0.867113 0.400795 -0.930002 -0.306262 0.203222 -0.504304 0.187351 -0.87068 -0.45477 0.485867 
1535105245077 0.25288 0.924172 -0.286281 -0.621149 -0.931934 0.312166 0.184528 -0.246189 0.259903 0.220132 0.940209 0.381293 0.31622 -0.384863 0.867113 0.400795 -0.930002 -0.306262 0.203222 -0.504304 0.187351 -0.87068 -0.45477 0.485867 
1535105245173 0.252788 0.924251 -0.28611 -0.621372 -0.932026 0.311987 0.184366 -0.246223 0.259663 0.220056 0.940293 0.381218 0.31622 -0.384863 0.867113 0.400795 -0.930002 -0.306262 0.203222 -0.504304 0.187351 -0.87068 -0.45477 0.485867 
1535105245185 0.252824 0.92427 -0.286017 -0.62115 -0.931946 0.312062 0.184645 -0.246139 0.259917 0.21987 0.940266 0.381265 0.31622 -0.384863 0.867113 0.400795 -0.930002 -0.306262 0.203222 -0.504304 0.187351 -0.87068 -0.45477 0.485867 
1535105245202 0.25286 0.924289 -0.285924 -0.620923 -0.931866 0.312138 0.184923 -0.246053 0.26017 0.219683 0.94024 0.381314 0.31622 -0.384863 0.867113 0.400795 -0.930002 -0.306262 0.203222 -0.504304 0.187351 -0.87068 -0.45477 0.485867 
1535105245239 0.252896 0.924307 -0.285832 -0.620695 -0.931785 0.312213 0.185202 -0.245966 0.260424 0.219497 0.940213 0.381362 0.31622 -0.384863 0.867113 0.400795 -0.930002 -0.306262 0.203222 -0.504304 0.187351 -0.87068 -0.45477 0.485867 
1535105245364 0.252932 0.924326 -0.285739 -0.620469 -0.931704 0.312289 0.18548 -0.245881 0.260677 0.21931 0.940186 0.38141 0.31622 -0.384863 0.867113 0.400795 -0.930002 -0.306262 0.203222 -0.504304 0.187351 -0.87068 -0.45477 0.485867 
1535105245421 0.252968 0.924345 -0.285647 -0.620242 -0.931623 0.312364 0.185758 -0.245794 0.260931 0.219124 0.940159 0.381459 0.31622 -0.384863 0.867113 0.400795 -0.930002 -0.306262 0.203222 -0.504304 0.187351 -0.87068 -0.45477 0.485867 
1535105245522 0.253004 0.924363 -0.285554 -0.620014 -0.931543 0.31244 0.186037 -0.245707 0.261184 0.218938 0.940133 0.381507 0.31622 -0.384863 0.867113 0.400795 -0.930002 -0.306262 0.203222 -0.504304 0.187351 -0.87068 -0.45477 0.485867 
1535105245578 0.25304 0.924382 -0.285462 -0.619788 -0.931462 0.312515 0.186315 -0.245621 0.261437 0.218751 0.940106 0.381555 0.31622 -0.384863 0.867113 0.400795 -0.930002 -0.306262 0.203222 -0.504304 0.187351 -0.87068 -0.45477 0.485867 
1535105245683 0.253077 0.924401 -0.285369 -0.61956 -0.931381 0.31259 0.186593 -0.245535 0.261691 0.218565 0.940078 0.381604 0.31622 -0.384863 0.867113 0.400795 -0.930002 -0.306262 0.203222 -0.504304 0.187351 -0.87068 -0.45477 0.485867 
1535105245689 0.253113 0.924419 -0.285276 -0.619334 -0.9313 0.312666 0.186872 -0.245449 0.261944 0.218378 0.940051 0.381652 0.31622 -0.384863 0.867113 0.400795 -0.930002 -0.306262 0.203222 -0.504304 0.187351 -0.87068 -0.45477 0.485867 
1535105245862 0.253066 0.924386 -0.285425 -0.619602 -0.931411 0.312568 0.186477 -0.245479 0.261592 0.218657 0.940084 0.38157 0.31622 -0.384863 0.867113 0.400795 -0.930002 -0.306262 0.203222 -0.504304 0.187351 -0.87068 -0.45477 0.485867 
1535105245873 0.253164 0.924358 -0.285429 -0.619284 -0.931339 0.3127 0.186617 -0.245362 0.261755 0.218586 0.940055 0.381654 0.31622 -0.384863 0.867113 0.400795 -0.930002 -0.306262 0.203222 -0.504304 0.187351 -0.87068 -0.45477 0.485867 
1535105245889 0.253262 0.92433 -0.285435 -0.618962 -0.931266 0.312834 0.186757 -0.245242 0.261918 0.218518 0.940026 0.381738 0.31622 -0.384863 0.867113 0.400795 -0.930002 -0.306262 0.203222 -0.504304 0.187351 -0.87068 -0.45477 0.485867 
1535105246050 0.25336 0.924301 -0.285441 -0.61864 -0.931194 0.312967 0.186896 -0.245123 0.262082 0.218449 0.939996 0.381822 0.31622 -0.384863 0.867113 0.400795 -0.930002 -0.306262 0.203222 -0.504304 0.187351 -0.87068 -0.45477 0.485867 
1535105246188 0.253459 0.924272 -0.285447 -0.618317 -0.931121 0.3131 0.187035 -0.245004 0.262245 0.21838 0.939967 0.381907 0.31622 -0.384863 0.867113 0.400795 -0.930002 -0.306262 0.203222 -0.504304 0.187351 -0.87068 -0.45477 0.485867 
1535105246194 0.253557 0.924243 -0.285453 -0.617996 -0.931048 0.313233 0.187175 -0.244885 0.262408 0.218311 0.939937 0.381991 0.31622 -0.384863 0.867113 0.400795 -0.930002 -0.306262 0.203222 -0.504304 0.187351 -0.87068 -0.45477 0.485867 
1535105246382 0.253656 0.924214 -0.285459 -0.617673 -0.930975 0.313366 0.187314 -0.244765 0.262571 0.218242 0.939908 0.382075 0.31622 -0.384863 0.867113 0.400795 -0.930002 -0.306262 0.203222 -0.504304 0.187351 -0.87068 -0.45477 0.485867 
1535105246519 0.253754 0.924185 -0.285465 -0.617351 -0.930903 0.313499 0.187453 -0.244646 0.262734 0.218173 0.939878 0.38216 0.31622 -0.384863 0.867113 0.400795 -0.930002 -0.306262 0.203222 -0.504304 0.187351 -0.87068 -0.45477 0.485867 
1535105246648 0.253852 0.924156 -0.285472 -0.617028 -0.93083 0.313632 0.187592 -0.244526 0.262898 0.218105 0.939848 0.382244 0.31622 -0.384863 0.867113 0.400795 -0.930002 -0.306262 0.203222 -0.504304 0.187351 -0.87068 -0.45477 0.485867 
1535105246772 0.253951 0.924127 -0.285478 -0.616706 -0.930757 0.313766 0.187731 -0.244407 0.263061 0.218036 0.939819 0.382329 0.31622 -0.384863 0.867113 0.400795 -0.930002 -0.306262 0.203222 -0.504304 0.187351 -0.87068 -0.45477 0.485867 
1535105246905 0.253936 0.924165 -0.28537 -0.61693 -0.930779 0.313715 0.187706 -0.244489 0.262996 0.217951 0.939856 0.382331 0.31622 -0.384863 0.867113 0.400795 -0.930002 -0.306262 0.203222 -0.504304 0.187351 -0.87068 -0.45477 0.485867 
1535105246918 0.254196 0.924158 -0.28516 -0.616615 -0.930798 0.313845 0.187392 -0.244337 0.262676 0.217792 0.939983 0.382391 0.31622 -0.384863 0.867113 0.400795 -0.930002 -0.306262 0.203222 -0.504304 0.187351 -0.87068 -0.45477 0.485867 
1535105246935 0.254456 0.924151 -0.28495 -0.616296 -0.930818 0.313975 0.187077 -0.244184 0.262355 0.217634 0.940109 0.382452 0.31622 -0.384863 0.867113 0.400795 -0.930002 -0.306262 0.203222 -0.504304 0.187351 -0.87068 -0.45477 0.485867 
1535105247098 0.254717 0.924144 -0.284741 -0.615977 -0.930837 0.314105 0.186762 -0.24403 0.262034 0.217476 0.940235 0.382512 0.31622 -0.384863 0.867113 0.400795 -0.930002 -0.306262 0.203222 -0.504304 0.187351 -0.87068 -0.45477 0.485867 
1535105247230 0.254977 0.924137 -0.284531 -0.615658 -0.930856 0.314236 0.186448 -0.243877 0.261713 0.217317 0.940361 0.382573 0.31622 -0.384863 0.867113 0.400795 -0.930002 -0.306262 0.203222 -0.504304 0.187351 -0.87068 -0.45477 0.485867 
1535105247347 0.255236 0.92413 -0.284321 -0.61534 -0.930875 0.314366 0.186133 -0.243724 0.261392 0.217159 0.940487 0.382633 0.31622 -0.384863 0.867113 0.400795 -0.930002 -0.306262 0.203222 -0.504304 0.187351 -0.87068 -0.45477 0.485867 
1535105247353 0.255496 0.924123 -0.284111 -0.61502 -0.930894 0.314496 0.185818 -0.24357 0.261071 0.217001 0.940613 0.382694 0.31622 -0.384863 0.867113 0.400795 -0.930002 -0.306262 0.203222 -0.504304 0.187351 -0.87068 -0.45477 0.485867 
1535105247529 0.255756 0.924115 -0.283901 -0.614702 -0.930913 0.314627 0.185504 -0.243416 0.26075 0.216843 0.940738 0.382755 0.31622 -0.384863 0.867113 0.400795 -0.930002 -0.306262 0.203222 -0.504304 0.187351 -0.87068 -0.45477 0.485867 
