1533061625997 0.279394 0.958904 0.049415 -0.365808 -0.951435 0.269555 0.148701 -0.235057 0.12927 -0.0885613 0.987647 0.332502 0.16008 -0.304787 0.938871 0.370831 -0.775623 0.549475 0.310623 -0.528794 -0.61056 -0.777934 -0.14844 0.432481 
1533061626010 0.280839 0.957722 0.0624332 -0.391942 -0.951062 0.268971 0.152104 -0.235627 0.128881 -0.102095 0.986391 0.330834 0.316303 -0.384294 0.867335 0.400738 -0.930106 -0.305552 0.203813 -0.506308 0.186692 -0.871181 -0.454081 0.485857 
1533061627024 0.282283 0.956361 0.0754315 -0.418067 -0.950691 0.268345 0.155494 -0.236163 0.128467 -0.115605 0.984953 0.329183 0.316241 -0.384855 0.867109 0.40083 -0.929997 -0.306262 0.203246 -0.504432 0.187342 -0.870684 -0.454766 0.485875 
1533061628063 0.283721 0.954822 0.0884108 -0.444192 -0.950321 0.267673 0.158875 -0.236699 0.128032 -0.129095 0.983332 0.327533 0.316222 -0.384857 0.867115 0.400789 -0.930001 -0.306263 0.203225 -0.504315 0.187353 -0.870683 -0.454765 0.485864 
1533061629140 0.285154 0.953106 0.101369 -0.470321 -0.949953 0.266955 0.162246 -0.237236 0.127577 -0.142561 0.98153 0.325881 0.316221 -0.384858 0.867115 0.400787 -0.930002 -0.306263 0.203224 -0.504306 0.187353 -0.870682 -0.454766 0.485864 
1533061630272 0.28658 0.951213 0.114304 -0.496453 -0.949588 0.26619 0.165608 -0.237774 0.127102 -0.156001 0.979545 0.324228 0.316221 -0.38486 0.867115 0.40079 -0.930002 -0.306263 0.203223 -0.504305 0.187353 -0.870681 -0.454767 0.485865 
1533061631362 0.288 0.949143 0.127213 -0.522592 -0.949224 0.265379 0.168959 -0.238315 0.126606 -0.169414 0.977379 0.322575 0.31622 -0.384861 0.867114 0.400792 -0.930002 -0.306263 0.203223 -0.504305 0.187352 -0.870681 -0.454768 0.485866 
1533061632491 0.289414 0.946897 0.14009 -0.548717 -0.948863 0.264524 0.172299 -0.238851 0.126093 -0.182792 0.975032 0.320929 0.31622 -0.384861 0.867114 0.400793 -0.930002 -0.306262 0.203222 -0.504305 0.187352 -0.870681 -0.454768 0.485866 
1533061633689 0.290831 0.944485 0.152857 -0.574603 -0.948496 0.263641 0.175636 -0.239307 0.125586 -0.196064 0.972516 0.319414 0.31622 -0.384862 0.867114 0.400795 -0.930002 -0.306262 0.203222 -0.504306 0.187352 -0.870681 -0.454769 0.485867 
1533061634881 0.292304 0.941939 0.165256 -0.597902 -0.948102 0.262818 0.178965 -0.239184 0.125142 -0.208991 0.969877 0.318492 0.316223 -0.384864 0.867111 0.400803 -0.930002 -0.306261 0.203226 -0.504323 0.187348 -0.87068 -0.454771 0.485876 
1533061636060 0.29236 0.941939 0.165158 -0.597877 -0.94808 0.262882 0.17899 -0.239189 0.125181 -0.208913 0.969889 0.318451 0.316223 -0.384864 0.867111 0.400803 -0.930002 -0.306261 0.203226 -0.504323 0.187348 -0.87068 -0.454771 0.485876 
1533061636324 0.29249 0.941674 0.166432 -0.600794 -0.948047 0.262776 0.179323 -0.239285 0.125129 -0.210236 0.96961 0.318296 0.316221 -0.384863 0.867113 0.400796 -0.930002 -0.306262 0.203223 -0.504305 0.187351 -0.87068 -0.45477 0.485867 
1533061636808 0.292615 0.941393 0.167796 -0.603693 -0.948019 0.262653 0.179647 -0.23942 0.125046 -0.211641 0.969315 0.318013 0.316221 -0.384863 0.867113 0.400795 -0.930002 -0.306262 0.203223 -0.504304 0.187351 -0.87068 -0.45477 0.485867 
1533061637282 0.29274 0.941112 0.169148 -0.606598 -0.947991 0.262533 0.179972 -0.23955 0.124967 -0.213036 0.96902 0.317745 0.31622 -0.384863 0.867113 0.400795 -0.930002 -0.306262 0.203222 -0.504304 0.187352 -0.87068 -0.454769 0.485867 
1533061637756 0.292865 0.940831 0.170492 -0.609503 -0.947962 0.262413 0.180297 -0.239677 0.12489 -0.214423 0.968724 0.317488 0.31622 -0.384863 0.867113 0.400795 -0.930002 -0.306262 0.203222 -0.504304 0.187352 -0.87068 -0.454769 0.485867 
1533061638218 0.292991 0.940548 0.171831 -0.612409 -0.947933 0.262293 0.180623 -0.239802 0.124814 -0.215805 0.968426 0.317238 0.31622 -0.384863 0.867113 0.400795 -0.930002 -0.306262 0.203222 -0.504304 0.187352 -0.87068 -0.454769 0.485867 
1533061638697 0.293117 0.940264 0.173166 -0.615314 -0.947904 0.262174 0.180949 -0.239926 0.12474 -0.217184 0.968128 0.316992 0.31622 -0.384863 0.867113 0.400795 -0.930002 -0.306262 0.203222 -0.504304 0.187352 -0.87068 -0.454769 0.485867 
1533061639198 0.293243 0.939978 0.174498 -0.618215 -0.947875 0.262055 0.181274 -0.240047 0.124666 -0.218559 0.967828 0.316751 0.31622 -0.384863 0.867113 0.400795 -0.930002 -0.306262 0.203222 -0.504304 0.187352 -0.87068 -0.454769 0.485867 
1533061639205 0.29337 0.939692 0.175821 -0.621078 -0.947845 0.261937 0.1816 -0.240157 0.124594 -0.219927 0.967527 0.316524 0.31622 -0.384863 0.867113 0.400795 -0.930002 -0.306262 0.203222 -0.504304 0.187352 -0.87068 -0.454769 0.485867 
1533061639852 0.293503 0.939409 0.177104 -0.623635 -0.947812 0.26183 0.181926 -0.240198 0.124532 -0.221257 0.967232 0.316367 0.31622 -0.384863 0.867113 0.400795 -0.930002 -0.306262 0.203222 -0.504304 0.187352 -0.87068 -0.454769 0.485867 
