1530636082670 0.275657 -0.8825 0.381061 -0.604483 0.633204 0.464965 0.618757 -0.181741 -0.723233 0.0707247 0.686973 0.426588 -0.331761 -0.79592 -0.506405 0.388479 -0.146465 0.573757 -0.805823 -0.467701 0.931924 -0.19317 -0.306925 0.465957 
1530636082681 0.300885 -0.922898 0.240265 0.225257 -0.138768 -0.291628 -0.946412 -0.486344 0.94351 0.25142 -0.215815 0.468712 -0.29435 -0.829375 -0.474864 0.388456 -0.134299 0.527842 -0.838658 -0.467776 0.946215 -0.183085 -0.266754 0.462482 
1530636083695 0.242825 -0.925174 0.291699 0.16152 0.102786 -0.274468 -0.956087 -0.435487 0.964609 0.262144 0.0284473 0.461493 -0.257164 -0.860153 -0.440458 0.388427 -0.119878 0.480662 -0.868674 -0.467824 0.958904 -0.17059 -0.226722 0.459003 
1530636084679 0.185197 -0.926148 0.328559 0.0634545 0.340052 -0.25329 -0.905654 -0.39584 0.92199 0.279452 0.26803 0.437572 -0.220364 -0.888118 -0.403344 0.388399 -0.103269 0.432427 -0.895736 -0.467871 0.969936 -0.155735 -0.187006 0.455525 
1530636085698 0.10875 -0.933954 0.340446 -0.0100485 0.566677 -0.223136 -0.79315 -0.393704 0.816732 0.279178 0.504984 0.453534 -0.184112 -0.913147 -0.363683 0.388372 -0.0845445 0.383349 -0.919726 -0.467919 0.979263 -0.138585 -0.147781 0.452049 
1530636086736 0.0372283 -0.940161 0.338689 -0.0983873 0.750404 -0.197521 -0.630777 -0.379775 0.659931 0.277636 0.698147 0.449362 -0.148566 -0.935131 -0.32165 0.388344 -0.0637872 0.333644 -0.940539 -0.467968 0.986843 -0.119215 -0.109217 0.448574 
1530636087797 -0.0276976 -0.946596 0.32123 -0.1984 0.888258 -0.170707 -0.426448 -0.355413 0.45851 0.273523 0.845549 0.440023 -0.113882 -0.953973 -0.277429 0.388315 -0.0410883 0.283529 -0.958083 -0.468018 0.992644 -0.0977091 -0.0714859 0.445102 
1530636088872 -0.086049 -0.953826 0.28777 -0.298193 0.970276 -0.145805 -0.193146 -0.330412 0.226186 0.262596 0.938021 0.431334 -0.0802132 -0.969588 -0.231227 0.388289 -0.0165496 0.233238 -0.972279 -0.468068 0.99664 -0.0741629 -0.034755 0.441658 
1530636089976 -0.133996 -0.961333 0.24059 -0.397711 0.990741 -0.124607 0.0538975 -0.305256 -0.0218343 0.245585 0.969129 0.423195 -0.0477106 -0.981888 -0.183356 0.388274 0.00970613 0.1831 -0.983046 -0.468106 0.998814 -0.0486814 0.000794499 0.438422 
1530636091093 -0.168036 -0.968646 0.182997 -0.49323 0.948353 -0.10818 0.2982 -0.280337 -0.269054 0.223654 0.936797 0.414803 -0.0165897 -0.990836 -0.13405 0.388315 0.0374551 0.133358 -0.99036 -0.467938 0.999161 -0.0214506 0.0348995 0.435609 
1530636092174 -0.168036 -0.968646 0.182997 -0.49323 0.948353 -0.10818 0.2982 -0.280337 -0.269054 0.223654 0.936797 0.414803 -0.0166278 -0.990832 -0.13407 0.388301 0.0373982 0.133379 -0.990359 -0.467978 0.999162 -0.0214815 0.0348375 0.435611 
1530636092185 0.280753 -0.928414 0.243363 0.287763 -0.144148 -0.291474 -0.945656 -0.485443 0.948893 0.230415 -0.215661 0.48246 -0.013569 -0.991533 -0.129146 0.388285 0.0402747 0.128511 -0.99089 -0.467992 0.999097 -0.0186467 0.0381899 0.435423 
1530636092948 0.230216 -0.928641 0.290905 0.201894 0.100588 -0.274625 -0.956276 -0.456571 0.967927 0.249412 0.0301874 0.473157 -0.0105267 -0.992231 -0.123962 0.388272 0.0431935 0.123402 -0.991416 -0.468013 0.999011 -0.0157907 0.0415589 0.434845 
1530636093580 0.170644 -0.930795 0.323267 0.101625 0.342907 -0.251472 -0.905084 -0.431196 0.92374 0.265298 0.276264 0.465822 -0.00749885 -0.992888 -0.118815 0.38826 0.0461234 0.118348 -0.9919 -0.468036 0.998908 -0.0129183 0.0449079 0.43434 
1530636094132 0.105023 -0.934666 0.33966 0.00121164 0.564008 -0.225325 -0.794433 -0.40589 0.819063 0.275005 0.503495 0.457313 -0.00448595 -0.993508 -0.113677 0.388248 0.0490654 0.113322 -0.992346 -0.468058 0.998785 -0.0100292 0.0482385 0.433873 
1530636094623 0.0375013 -0.940025 0.339037 -0.0987905 0.74959 -0.197902 -0.631624 -0.380797 0.660839 0.277825 0.697212 0.447836 -0.00148814 -0.994091 -0.108536 0.388235 0.0520206 0.108312 -0.992755 -0.468079 0.998645 -0.00712345 0.0515521 0.433422 
1530636095095 -0.0276228 -0.946572 0.321306 -0.198536 0.888121 -0.170761 -0.426711 -0.355532 0.458779 0.273572 0.845387 0.439596 0.00149447 -0.99464 -0.103388 0.388222 0.0549897 0.103313 -0.993128 -0.468099 0.998486 -0.00420106 0.0548493 0.432981 
1530636095541 -0.086029 -0.953825 0.287779 -0.29823 0.970274 -0.145793 -0.193166 -0.330329 0.226203 0.262606 0.938014 0.431354 0.00446178 -0.995153 -0.0982324 0.388208 0.0579723 0.0983256 -0.993464 -0.468118 0.998308 -0.00126214 0.0581301 0.432548 
1530636095977 -0.134011 -0.961334 0.240579 -0.39775 0.990739 -0.12462 0.0539044 -0.305196 -0.0218391 0.245575 0.969132 0.423215 0.0074137 -0.995632 -0.0930732 0.388193 0.0609677 0.0933527 -0.993765 -0.468135 0.998112 0.001693 0.0613935 0.43213 
1530636096403 -0.168352 -0.96861 0.182903 -0.493436 0.948259 -0.108468 0.298396 -0.280353 -0.26919 0.223674 0.936753 0.414456 0.0103424 -0.996073 -0.0879258 0.388183 0.0639603 0.0884094 -0.994029 -0.468129 0.997899 0.00465689 0.0646235 0.431769 
1530636096814 -0.168352 -0.96861 0.182903 -0.493436 0.948259 -0.108468 0.298396 -0.280353 -0.26919 0.223674 0.936753 0.414456 0.0103219 -0.996071 -0.0879525 0.388173 0.0639448 0.0884347 -0.994027 -0.468147 0.9979 0.00463618 0.0646064 0.431797 
1530636096827 0.280858 -0.928369 0.243411 0.288042 -0.144208 -0.291561 -0.945619 -0.483966 0.948853 0.230483 -0.215766 0.481729 0.0121389 -0.995977 -0.0887852 0.388049 0.0646285 0.0893875 -0.993898 -0.468284 0.997836 0.00632678 0.0654536 0.431801 
1530636097163 0.230385 -0.928601 0.2909 0.201492 0.100465 -0.274647 -0.956282 -0.456576 0.9679 0.249538 0.0300176 0.473431 0.0139538 -0.995882 -0.0895777 0.387931 0.0653142 0.0903029 -0.99377 -0.468428 0.997767 0.0080162 0.0663053 0.431746 
1530636097470 0.170718 -0.930775 0.323284 0.101416 0.342842 -0.251486 -0.905104 -0.431262 0.92375 0.265353 0.276176 0.465958 0.0157697 -0.995783 -0.0903763 0.387812 0.0659976 0.091227 -0.993641 -0.468571 0.997695 0.00970476 0.0671579 0.431702 
1530636097702 0.105056 -0.934655 0.339682 0.00111972 0.563969 -0.225339 -0.794456 -0.405929 0.819086 0.275033 0.503443 0.457344 0.0175861 -0.995679 -0.0911764 0.387693 0.0666787 0.0921554 -0.99351 -0.468714 0.99762 0.0113925 0.0680113 0.431664 
1530636097949 0.0375183 -0.940026 0.339034 -0.0987629 0.749587 -0.19789 -0.631632 -0.380778 0.660842 0.277833 0.697207 0.447783 0.0194032 -0.995572 -0.0919763 0.387573 0.067358 0.0930863 -0.993377 -0.468856 0.99754 0.0130793 0.0688659 0.431627 
1530636098191 -0.027607 -0.946571 0.321312 -0.198487 0.888123 -0.170749 -0.426711 -0.355504 0.458776 0.273585 0.845385 0.439569 0.0212207 -0.995461 -0.092775 0.387453 0.0680354 0.0940186 -0.993243 -0.468998 0.997457 0.0147653 0.0697217 0.431592 
1530636098495 -0.0860264 -0.953822 0.287791 -0.298203 0.970274 -0.145793 -0.193166 -0.330306 0.226204 0.262619 0.93801 0.431364 0.0230386 -0.995346 -0.093572 0.387333 0.0687107 0.094952 -0.993108 -0.46914 0.997371 0.0164504 0.0705785 0.431557 
1530636098748 -0.134026 -0.96133 0.240587 -0.397753 0.990737 -0.124634 0.053909 -0.305179 -0.021839 0.245584 0.969129 0.423237 0.0248571 -0.995227 -0.0943685 0.387213 0.0693848 0.0958876 -0.992971 -0.46928 0.99728 0.0181346 0.0714371 0.431522 
1530636098995 -0.168507 -0.96858 0.182917 -0.493507 0.948228 -0.108605 0.298444 -0.280365 -0.269201 0.223737 0.936735 0.414332 0.0266698 -0.995104 -0.0951623 0.387102 0.0700545 0.0968226 -0.992833 -0.469404 0.997187 0.0198121 0.0722938 0.43149 
1530636099239 -0.168507 -0.96858 0.182917 -0.493507 0.948228 -0.108605 0.298444 -0.280365 -0.269201 0.223737 0.936735 0.414332 0.0267151 -0.995103 -0.0951647 0.387158 0.0701067 0.0968293 -0.992829 -0.469377 0.997182 0.0198519 0.0723502 0.431476 
1530636099252 0.280903 -0.928349 0.243439 0.288148 -0.144206 -0.291599 -0.945608 -0.483445 0.948841 0.230519 -0.215784 0.481315 0.0280291 -0.99521 -0.0936583 0.387062 0.0666646 0.0953476 -0.993209 -0.469561 0.997382 0.0215951 0.0690178 0.431947 
1530636099518 0.230427 -0.928592 0.290894 0.201405 0.100433 -0.274648 -0.956285 -0.456587 0.967893 0.249569 0.0299746 0.473476 0.0293484 -0.995312 -0.0921554 0.386966 0.0632237 0.0938589 -0.993576 -0.469745 0.997568 0.0233335 0.0656819 0.432418 
1530636099847 0.170726 -0.930774 0.323285 0.101396 0.342833 -0.251486 -0.905108 -0.431272 0.923752 0.265358 0.276164 0.465961 0.0306726 -0.99541 -0.0906567 0.386871 0.0597842 0.092364 -0.993929 -0.469928 0.99774 0.0250665 0.0623429 0.43289 
1530636099854 0.105066 -0.934651 0.339689 0.0011118 0.563957 -0.225344 -0.794464 -0.405939 0.819094 0.275041 0.503427 0.457331 0.032002 -0.995503 -0.0891622 0.386775 0.056346 0.0908629 -0.994268 -0.470112 0.997898 0.0267946 0.0590004 0.433361 
1530636100139 0.0375281 -0.940027 0.339029 -0.0987299 0.749589 -0.197879 -0.631633 -0.380762 0.660839 0.277837 0.697208 0.447747 0.0333364 -0.995591 -0.087672 0.386679 0.0529091 0.0893557 -0.994593 -0.470296 0.998043 0.0285175 0.0556547 0.433832 
1530636100503 -0.0276004 -0.946569 0.321319 -0.198454 0.888124 -0.170746 -0.42671 -0.355486 0.458774 0.273594 0.845383 0.439553 0.0346752 -0.995675 -0.086186 0.386584 0.049474 0.0878422 -0.994905 -0.47048 0.998173 0.0302345 0.052306 0.434303 
1530636100787 -0.08603 -0.953818 0.287802 -0.298191 0.970273 -0.145799 -0.193164 -0.330295 0.226205 0.262629 0.938007 0.431373 0.0360143 -0.995755 -0.0847048 0.386505 0.0460409 0.086323 -0.995203 -0.470668 0.99829 0.0319417 0.0489544 0.434776 
1530636101070 -0.134034 -0.961327 0.240593 -0.397759 0.990736 -0.124642 0.0539113 -0.305173 -0.0218384 0.24559 0.969128 0.423252 0.0373473 -0.99583 -0.0832282 0.386453 0.0426124 0.0847976 -0.995487 -0.470861 0.998393 0.0336322 0.0456017 0.43525 
1530636101077 -0.168562 -0.968567 0.182933 -0.49354 0.948217 -0.10865 0.298462 -0.280383 -0.269205 0.223769 0.936726 0.414254 0.0386809 -0.995901 -0.0817567 0.38641 0.0391976 0.0832672 -0.995756 -0.471031 0.998483 0.035312 0.0422577 0.435702 
1530636101732 -0.168562 -0.968567 0.182933 -0.49354 0.948217 -0.10865 0.298462 -0.280383 -0.269205 0.223769 0.936726 0.414254 0.0372098 -0.995835 -0.0832385 0.38638 0.0426584 0.0848031 -0.995484 -0.470896 0.998397 0.0334909 0.0456362 0.435235 
1530636102085 0.280952 -0.92833 0.243452 0.288128 -0.144226 -0.291628 -0.945596 -0.483098 0.948823 0.230556 -0.215823 0.481118 0.0386087 -0.996073 -0.0796792 0.386396 0.0428541 0.0813158 -0.995767 -0.471089 0.998335 0.0350307 0.0458253 0.435192 
1530636102414 0.230489 -0.928577 0.290895 0.201258 0.100384 -0.274658 -0.956288 -0.456601 0.967883 0.249615 0.0299085 0.473588 0.0400289 -0.996295 -0.0761183 0.386357 0.0430492 0.0778282 -0.996037 -0.471269 0.998271 0.0365934 0.0460051 0.435147 
1530636102737 0.170765 -0.930763 0.323296 0.101292 0.342797 -0.251496 -0.905119 -0.43131 0.923758 0.265387 0.276116 0.46603 0.0414487 -0.996503 -0.0725577 0.386315 0.043249 0.0743414 -0.996295 -0.471447 0.998204 0.0381571 0.0461791 0.435103 
1530636103072 0.105094 -0.93464 0.339711 0.00103826 0.563921 -0.22536 -0.794485 -0.40598 0.819114 0.275066 0.503379 0.457359 0.0428678 -0.996696 -0.0689957 0.386273 0.0434537 0.0708539 -0.99654 -0.471625 0.998135 0.0397214 0.0463475 0.435059 
1530636103401 0.0375279 -0.940018 0.339055 -0.098731 0.749594 -0.197894 -0.631622 -0.380768 0.660833 0.277857 0.697205 0.447832 0.0442863 -0.996874 -0.0654327 0.386231 0.0436634 0.0673658 -0.996772 -0.471803 0.998064 0.0412863 0.0465103 0.435015 
1530636103833 -0.0276014 -0.946564 0.321332 -0.198436 0.888124 -0.170752 -0.426708 -0.355472 0.458774 0.273605 0.84538 0.439552 0.045704 -0.997037 -0.0618695 0.386188 0.0438779 0.0638781 -0.996993 -0.471981 0.997991 0.0428518 0.0466674 0.434973 
1530636104167 -0.0860342 -0.953815 0.28781 -0.298194 0.970272 -0.145805 -0.193164 -0.330288 0.226207 0.262635 0.938005 0.431388 0.0471209 -0.997186 -0.0583077 0.386144 0.044097 0.0603923 -0.9972 -0.472158 0.997915 0.0444178 0.0468186 0.434934 
1530636104174 -0.134039 -0.961326 0.240594 -0.39777 0.990735 -0.124646 0.0539115 -0.305169 -0.0218373 0.245592 0.969127 0.423263 0.0485366 -0.99732 -0.0547505 0.386101 0.0443201 0.0569116 -0.997395 -0.472332 0.997838 0.0459837 0.0469636 0.434905 
1530636104549 -0.168584 -0.968562 0.182942 -0.493562 0.948212 -0.108667 0.298472 -0.280397 -0.269209 0.223785 0.936721 0.414185 0.0499466 -0.997438 -0.0512099 0.386063 0.0445418 0.0534475 -0.997577 -0.472484 0.997758 0.0475445 0.0470972 0.434903 
1530636104929 -0.168584 -0.968562 0.182942 -0.493562 0.948212 -0.108667 0.298472 -0.280397 -0.269209 0.223785 0.936721 0.414185 0.0498219 -0.997441 -0.0512671 0.386014 0.0445647 0.0534998 -0.997573 -0.472516 0.997763 0.0474162 0.0471162 0.43493 
1530636104946 0.280997 -0.928314 0.243463 0.288097 -0.144242 -0.291654 -0.945586 -0.482823 0.948807 0.23059 -0.215855 0.480953 0.0495756 -0.997469 -0.0509751 0.38629 0.0443707 0.053187 -0.997598 -0.472553 0.997784 0.0471947 0.0468952 0.43498 
1530636105252 0.23054 -0.928564 0.290895 0.201136 0.100342 -0.274668 -0.956289 -0.456615 0.967875 0.249652 0.0298525 0.473682 0.0494368 -0.997492 -0.0506539 0.386285 0.0441564 0.0528491 -0.997626 -0.472528 0.997801 0.0470828 0.0466583 0.434974 
1530636105522 0.170797 -0.930753 0.323305 0.101205 0.342768 -0.251505 -0.905127 -0.431342 0.923763 0.265412 0.276076 0.46609 0.0492987 -0.997515 -0.0503408 0.386273 0.043941 0.0525194 -0.997653 -0.472496 0.997817 0.046971 0.0464209 0.434978 
1530636105731 0.105117 -0.934631 0.339729 0.000974656 0.563893 -0.225373 -0.794501 -0.406016 0.819131 0.275086 0.503342 0.45739 0.0491605 -0.997537 -0.0500305 0.38626 0.0437252 0.0521925 -0.997679 -0.472463 0.997833 0.0468589 0.0461834 0.434988 
1530636105934 0.037532 -0.940009 0.339078 -0.0987648 0.749599 -0.197905 -0.631613 -0.380786 0.660828 0.277878 0.697202 0.447974 0.0490224 -0.997559 -0.0497203 0.386247 0.0435095 0.0518657 -0.997706 -0.472431 0.99785 0.0467466 0.0459459 0.434997 
1530636106157 -0.0276042 -0.94656 0.321344 -0.198421 0.888124 -0.17076 -0.426704 -0.355467 0.458774 0.273615 0.845377 0.439557 0.0488842 -0.997582 -0.0494101 0.386235 0.0432937 0.051539 -0.997732 -0.472398 0.997866 0.0466342 0.0457085 0.435007 
1530636106163 -0.0860376 -0.953813 0.287817 -0.298196 0.970272 -0.14581 -0.193164 -0.330284 0.226209 0.262641 0.938003 0.431401 0.048746 -0.997604 -0.0490999 0.386223 0.0430779 0.0512124 -0.997758 -0.472365 0.997882 0.0465216 0.0454711 0.435017 
1530636106341 -0.134042 -0.961325 0.240596 -0.397779 0.990735 -0.12465 0.0539115 -0.305167 -0.0218363 0.245593 0.969127 0.423273 0.0486078 -0.997626 -0.0487897 0.386211 0.0428621 0.0508859 -0.997784 -0.472332 0.997898 0.0464089 0.0452338 0.435027 
1530636106597 -0.1686 -0.968557 0.18295 -0.493579 0.948208 -0.108678 0.29848 -0.280408 -0.269212 0.223798 0.936717 0.414129 0.04847 -0.997647 -0.0484813 0.386199 0.0426458 0.0505612 -0.99781 -0.472302 0.997914 0.0462963 0.0449962 0.435039 
1530636106797 -0.1686 -0.968557 0.18295 -0.493579 0.948208 -0.108678 0.29848 -0.280408 -0.269212 0.223798 0.936717 0.414129 0.0484058 -0.997651 -0.0484748 0.386176 0.0425257 0.0505462 -0.997816 -0.472338 0.997922 0.0462386 0.0448726 0.435029 
1530636106810 0.281037 -0.928299 0.243472 0.288062 -0.144255 -0.291676 -0.945577 -0.482605 0.948793 0.23062 -0.215883 0.480815 0.0481194 -0.997742 -0.0468453 0.386395 0.0419791 0.0488784 -0.997922 -0.472357 0.997959 0.0460528 0.0442364 0.435147 
1530636107100 0.230582 -0.928554 0.290895 0.201037 0.100308 -0.274675 -0.956291 -0.456628 0.967869 0.249683 0.0298061 0.473759 0.0479301 -0.997827 -0.0452115 0.386358 0.0414098 0.0472096 -0.998026 -0.472315 0.997992 0.0459633 0.0435825 0.43525 
1530636107403 0.170822 -0.930746 0.323313 0.101135 0.342745 -0.251511 -0.905134 -0.431369 0.923767 0.265431 0.276045 0.466138 0.0477422 -0.997909 -0.0435776 0.386315 0.0408401 0.045541 -0.998127 -0.472269 0.998024 0.0458731 0.0429289 0.435352 
1530636107691 0.105134 -0.934624 0.339742 0.000925185 0.563872 -0.225382 -0.794513 -0.406044 0.819143 0.275102 0.503313 0.457414 0.0475553 -0.997988 -0.0419435 0.386272 0.0402701 0.0438724 -0.998225 -0.472222 0.998057 0.0457818 0.0422754 0.435455 
1530636107995 0.0375374 -0.940003 0.339094 -0.0987924 0.749601 -0.197911 -0.631608 -0.380799 0.660824 0.277894 0.697199 0.448076 0.0473692 -0.998064 -0.0403093 0.386229 0.0396998 0.0422039 -0.99832 -0.472175 0.998088 0.0456893 0.0416221 0.435557 
1530636108301 -0.0276058 -0.946557 0.321354 -0.198407 0.888125 -0.170766 -0.426701 -0.355463 0.458773 0.273623 0.845375 0.439558 0.047184 -0.998137 -0.038675 0.386187 0.0391293 0.0405353 -0.998412 -0.472128 0.99812 0.0455958 0.040969 0.43566 
1530636108611 -0.0860399 -0.953811 0.287822 -0.298197 0.970271 -0.145814 -0.193163 -0.330283 0.22621 0.262646 0.938001 0.431411 0.0469998 -0.998208 -0.0370405 0.386144 0.0385584 0.0388668 -0.9985 -0.472081 0.99815 0.0455011 0.040316 0.435763 
1530636108823 -0.134044 -0.961325 0.240598 -0.397786 0.990735 -0.124652 0.0539115 -0.305166 -0.0218355 0.245595 0.969127 0.423281 0.0468164 -0.998276 -0.0354086 0.386101 0.0379867 0.0372011 -0.998586 -0.472033 0.998181 0.0454051 0.0396628 0.43587 
1530636109056 -0.168612 -0.968554 0.182957 -0.493591 0.948205 -0.108687 0.298486 -0.280417 -0.269215 0.223809 0.936714 0.414083 0.0466341 -0.998341 -0.0337843 0.386059 0.0374146 0.035543 -0.998668 -0.471986 0.998211 0.0453079 0.03901 0.435986 
1530636109304 -0.168612 -0.968554 0.182957 -0.493591 0.948205 -0.108687 0.298486 -0.280417 -0.269215 0.223809 0.936714 0.414083 0.0466594 -0.998344 -0.0336436 0.386039 0.0374758 0.035406 -0.99867 -0.471985 0.998208 0.0453366 0.0390657 0.436025 
1530636109318 0.281072 -0.928287 0.24348 0.288026 -0.144265 -0.291694 -0.94557 -0.482432 0.948781 0.230648 -0.215907 0.4807 0.0466078 -0.998273 -0.0357461 0.386242 0.0365329 0.0374645 -0.99863 -0.472012 0.998245 0.045238 0.038216 0.43617 
1530636109605 0.230617 -0.928545 0.290895 0.200956 0.100279 -0.274681 -0.956292 -0.456641 0.967863 0.249708 0.0297673 0.473824 0.0466485 -0.998194 -0.037846 0.386197 0.0355696 0.0395231 -0.998585 -0.471979 0.998278 0.0452364 0.0373491 0.436301 
1530636109989 0.170843 -0.93074 0.323319 0.101079 0.342725 -0.251516 -0.90514 -0.431391 0.92377 0.265447 0.276018 0.466178 0.0466877 -0.998111 -0.0399459 0.386147 0.0346062 0.0415817 -0.998536 -0.471943 0.99831 0.0452369 0.0364822 0.436432 
1530636110268 0.105148 -0.934619 0.339753 0.000885274 0.563855 -0.22539 -0.794523 -0.406067 0.819153 0.275114 0.50329 0.457434 0.0467246 -0.998023 -0.0420458 0.386096 0.0336428 0.0436401 -0.998481 -0.471906 0.998341 0.0452391 0.0356154 0.436562 
1530636110519 0.0375424 -0.939999 0.339106 -0.0988155 0.749603 -0.197914 -0.631605 -0.380811 0.660822 0.277907 0.697196 0.448153 0.0467595 -0.99793 -0.0441455 0.386046 0.0326794 0.0456985 -0.998421 -0.471869 0.998371 0.045243 0.0347486 0.436693 
1530636110787 -0.0276063 -0.946554 0.321361 -0.198396 0.888125 -0.170769 -0.426698 -0.355461 0.458771 0.27363 0.845373 0.439558 0.0467923 -0.997834 -0.0462452 0.385996 0.0317158 0.0477567 -0.998355 -0.471832 0.998401 0.0452486 0.0338817 0.436824 
1530636110795 -0.0860414 -0.953809 0.287827 -0.298197 0.970271 -0.145816 -0.193162 -0.330283 0.22621 0.262651 0.938 0.431418 0.046823 -0.997733 -0.0483447 0.385946 0.0307522 0.0498147 -0.998285 -0.471795 0.99843 0.045256 0.033015 0.436955 
1530636111045 -0.134046 -0.961324 0.240599 -0.397792 0.990735 -0.124654 0.0539117 -0.305167 -0.021835 0.245596 0.969126 0.423288 0.0468517 -0.997627 -0.0504441 0.385897 0.0297886 0.0518725 -0.998209 -0.471758 0.998458 0.0452651 0.0321482 0.437086 
1530636111368 -0.168622 -0.968551 0.182964 -0.4936 0.948203 -0.108693 0.298492 -0.280426 -0.269218 0.223819 0.936711 0.414046 0.0468783 -0.997518 -0.0525396 0.38585 0.0288275 0.0539265 -0.998129 -0.471724 0.998485 0.045276 0.0312839 0.437206 
1530636111705 -0.168622 -0.968551 0.182964 -0.4936 0.948203 -0.108693 0.298492 -0.280426 -0.269218 0.223819 0.936711 0.414046 0.0468638 -0.997527 -0.0523844 0.385806 0.0289046 0.0537742 -0.998135 -0.471736 0.998483 0.0452622 0.0313532 0.437289 
1530636111718 0.281102 -0.928276 0.243486 0.287992 -0.144274 -0.29171 -0.945563 -0.482294 0.948771 0.230671 -0.215926 0.480607 0.0461102 -0.997555 -0.05252 0.386065 0.0307995 0.0539706 -0.998067 -0.471666 0.998461 0.0444035 0.0332128 0.43704 
1530636111997 0.230646 -0.928538 0.290895 0.20089 0.100255 -0.274687 -0.956293 -0.456652 0.967859 0.249729 0.0297354 0.473877 0.0454664 -0.997577 -0.0526542 0.386037 0.0326687 0.0541653 -0.997997 -0.471528 0.998432 0.0436552 0.0350523 0.436775 
1530636112259 0.17086 -0.930736 0.323323 0.101033 0.34271 -0.251521 -0.905145 -0.43141 0.923773 0.265459 0.275997 0.46621 0.0448234 -0.997599 -0.0527898 0.386002 0.0345379 0.0543588 -0.997924 -0.471384 0.998398 0.0429071 0.0368916 0.43651 
1530636112509 0.105159 -0.934614 0.339761 0.000853288 0.563841 -0.225395 -0.794531 -0.406085 0.819161 0.275124 0.503272 0.45745 0.0441805 -0.997621 -0.0529267 0.385967 0.0364072 0.054551 -0.997847 -0.47124 0.99836 0.0421584 0.0387307 0.436245 
1530636112746 0.0375465 -0.939995 0.339115 -0.0988345 0.749604 -0.197917 -0.631603 -0.38082 0.66082 0.277916 0.697193 0.448213 0.0435377 -0.997642 -0.0530648 0.385932 0.0382766 0.0547419 -0.997767 -0.471095 0.998318 0.0414094 0.0405696 0.43598 
1530636112987 -0.0276061 -0.946552 0.321367 -0.198388 0.888126 -0.170771 -0.426696 -0.355459 0.45877 0.273635 0.845372 0.439556 0.0428952 -0.997662 -0.0532041 0.385897 0.0401459 0.0549313 -0.997683 -0.470951 0.998273 0.0406599 0.0424084 0.435715 
1530636113207 -0.0860423 -0.953808 0.287831 -0.298197 0.970271 -0.145818 -0.193162 -0.330283 0.22621 0.262654 0.937999 0.431424 0.0422529 -0.997682 -0.0533446 0.385862 0.0420153 0.0551194 -0.997595 -0.470807 0.998223 0.03991 0.0442468 0.43545 
1530636113444 -0.134047 -0.961323 0.240601 -0.397796 0.990734 -0.124655 0.0539118 -0.305168 -0.0218346 0.245598 0.969126 0.423293 0.0416109 -0.997701 -0.0534864 0.385827 0.0438846 0.0553061 -0.997505 -0.470665 0.99817 0.0391598 0.046085 0.435185 
1530636113696 -0.16863 -0.968549 0.182969 -0.493607 0.948201 -0.108698 0.298497 -0.280432 -0.269221 0.223827 0.936708 0.414016 0.0409712 -0.99772 -0.0536286 0.385791 0.0457469 0.0554906 -0.997411 -0.470537 0.998113 0.0384117 0.0479161 0.434933 
1530636113962 -0.16863 -0.968549 0.182969 -0.493607 0.948201 -0.108698 0.298497 -0.280432 -0.269221 0.223827 0.936708 0.414016 0.0408394 -0.997717 -0.0537788 0.385761 0.0457136 0.0556331 -0.997404 -0.470551 0.998119 0.038275 0.0478813 0.434884 
1530636113973 0.281128 -0.928267 0.243492 0.287961 -0.144281 -0.291723 -0.945558 -0.482187 0.948763 0.230691 -0.215942 0.480532 0.0410168 -0.997793 -0.0522209 0.38589 0.0476256 0.0541579 -0.997396 -0.470591 0.998023 0.038423 0.0497418 0.434615 
1530636114246 0.230669 -0.928532 0.290895 0.200836 0.100236 -0.274691 -0.956294 -0.456661 0.967856 0.249746 0.0297094 0.47392 0.0412381 -0.997864 -0.0506608 0.385898 0.0495276 0.0526831 -0.997382 -0.470603 0.997921 0.0386211 0.0515944 0.434339 
1530636114511 0.170874 -0.930732 0.323327 0.100996 0.342697 -0.251524 -0.905149 -0.431425 0.923775 0.265469 0.27598 0.466237 0.0414567 -0.997933 -0.0491002 0.385902 0.0514299 0.0512087 -0.997363 -0.470613 0.997816 0.0388221 0.0534465 0.434062 
1530636114806 0.105168 -0.934611 0.339767 0.000827966 0.563831 -0.2254 -0.794537 -0.406099 0.819167 0.275131 0.503258 0.457463 0.0416721 -0.998 -0.0475392 0.385907 0.0533323 0.0497346 -0.997338 -0.470623 0.997707 0.0390258 0.0552982 0.433786 
1530636115079 0.0375492 -0.939993 0.339122 -0.0988504 0.749605 -0.197919 -0.631601 -0.380829 0.660819 0.277923 0.697192 0.448262 0.0418845 -0.998064 -0.0459778 0.385912 0.0552349 0.0482608 -0.997306 -0.470633 0.997595 0.0392321 0.0571494 0.433509 
1530636115360 -0.0276066 -0.946548 0.32138 -0.198398 0.888128 -0.170776 -0.42669 -0.355467 0.458766 0.273647 0.84537 0.439603 0.0420939 -0.998126 -0.0444158 0.385917 0.0571377 0.0467874 -0.997269 -0.470643 0.997479 0.0394412 0.0590001 0.433233 
1530636115367 -0.086043 -0.953807 0.287835 -0.298197 0.970271 -0.145819 -0.193161 -0.330284 0.22621 0.262657 0.937998 0.431428 0.0423002 -0.998185 -0.0428534 0.385922 0.0590405 0.0453142 -0.997227 -0.470653 0.997359 0.0396528 0.0608502 0.432957 
1530636115639 -0.134048 -0.961323 0.240602 -0.397799 0.990734 -0.124656 0.0539121 -0.305169 -0.0218344 0.245599 0.969125 0.423297 0.0425035 -0.998243 -0.0412906 0.385928 0.0609435 0.0438414 -0.997178 -0.470663 0.997236 0.0398672 0.0626998 0.432681 
1530636115999 -0.168635 -0.968547 0.182974 -0.493612 0.948199 -0.108701 0.298501 -0.280438 -0.269223 0.223833 0.936706 0.413993 0.0427027 -0.998298 -0.039729 0.385934 0.0628396 0.0423703 -0.997124 -0.470673 0.99711 0.0400833 0.064542 0.432419 
1530636116277 -0.168635 -0.968547 0.182974 -0.493612 0.948199 -0.108701 0.298501 -0.280438 -0.269223 0.223833 0.936706 0.413993 0.0426881 -0.998293 -0.0398614 0.385908 0.0629016 0.042504 -0.997114 -0.470672 0.997106 0.0400576 0.0646086 0.432439 
1530636116289 0.281148 -0.928259 0.243496 0.287936 -0.144286 -0.291733 -0.945554 -0.482103 0.948756 0.230708 -0.215955 0.480471 0.0427992 -0.998243 -0.0409711 0.386018 0.0627758 0.0436146 -0.997074 -0.470685 0.99711 0.040102 0.0645322 0.432464 
1530636116553 0.230687 -0.928528 0.290895 0.200795 0.100221 -0.274694 -0.956294 -0.456668 0.967853 0.249758 0.0296892 0.473953 0.0429444 -0.998191 -0.0420781 0.386038 0.0626431 0.0447244 -0.997033 -0.470677 0.997112 0.0401811 0.0644504 0.432484 
1530636116788 0.170884 -0.930729 0.32333 0.100969 0.342688 -0.251526 -0.905152 -0.431436 0.923777 0.265477 0.275968 0.466257 0.0430896 -0.998137 -0.0431852 0.386055 0.0625103 0.0458342 -0.996991 -0.470668 0.997114 0.0402604 0.0643688 0.432503 
1530636117033 0.105173 -0.934609 0.339771 0.000810953 0.563824 -0.225402 -0.794541 -0.406108 0.819171 0.275136 0.503249 0.457472 0.0432346 -0.998083 -0.0442924 0.386073 0.0623773 0.046944 -0.996948 -0.470658 0.997116 0.0403398 0.0642873 0.432522 
1530636117324 0.0375506 -0.939991 0.339125 -0.0988605 0.749605 -0.197921 -0.631601 -0.380835 0.660819 0.277927 0.697191 0.44829 0.0433794 -0.998027 -0.0453994 0.38609 0.0622442 0.0480538 -0.996903 -0.470649 0.997118 0.0404192 0.064206 0.432541 
1530636117539 -0.027605 -0.946545 0.321389 -0.198413 0.888129 -0.170778 -0.426687 -0.355475 0.458764 0.273656 0.845368 0.439648 0.043524 -0.997969 -0.0465065 0.386108 0.062111 0.0491635 -0.996858 -0.470639 0.99712 0.0404986 0.0641247 0.43256 
1530636117762 -0.0860438 -0.953806 0.287838 -0.298195 0.970271 -0.14582 -0.19316 -0.330286 0.226209 0.262661 0.937997 0.431432 0.0436684 -0.997911 -0.0476136 0.386126 0.0619776 0.0502732 -0.996811 -0.47063 0.997122 0.0405782 0.0640435 0.432579 
1530636118031 -0.134049 -0.961322 0.240604 -0.3978 0.990734 -0.124657 0.0539128 -0.305171 -0.0218346 0.245601 0.969125 0.4233 0.0438127 -0.997851 -0.0487206 0.386144 0.0618441 0.0513828 -0.996762 -0.470621 0.997124 0.0406578 0.0639624 0.432598 
1530636118251 -0.16864 -0.968545 0.182978 -0.493615 0.948197 -0.108704 0.298505 -0.280444 -0.269226 0.223839 0.936704 0.413976 0.0439566 -0.99779 -0.0498257 0.386162 0.0617105 0.0524905 -0.996713 -0.470612 0.997126 0.0407373 0.0638814 0.432614 
1530636118480 -0.16864 -0.968545 0.182978 -0.493615 0.948197 -0.108704 0.298505 -0.280444 -0.269226 0.223839 0.936704 0.413976 0.0439358 -0.99779 -0.0498545 0.386158 0.0616963 0.0525173 -0.996712 -0.470616 0.997127 0.0407156 0.0638673 0.432569 
1530636118492 0.28115 -0.928257 0.243502 0.287952 -0.144278 -0.291738 -0.945554 -0.482046 0.948756 0.23071 -0.215949 0.480419 0.0440824 -0.997804 -0.0494314 0.386278 0.0605977 0.052059 -0.996804 -0.470672 0.997188 0.0409461 0.0627596 0.432737 
1530636118827 0.2307 -0.928524 0.290894 0.200765 0.100209 -0.274697 -0.956295 -0.456674 0.967851 0.249768 0.0296742 0.473978 0.044266 -0.997817 -0.049006 0.386301 0.0594904 0.0515999 -0.996894 -0.470705 0.997247 0.0412131 0.0616447 0.432898 
1530636118833 0.170891 -0.930727 0.323332 0.100949 0.342681 -0.251528 -0.905154 -0.431444 0.923778 0.265482 0.275959 0.466272 0.0444501 -0.99783 -0.048581 0.386322 0.0583831 0.0511405 -0.996983 -0.470737 0.997304 0.0414797 0.0605296 0.433059 
1530636119084 0.105177 -0.934608 0.339774 0.000799108 0.56382 -0.225404 -0.794544 -0.406114 0.819173 0.275139 0.503243 0.457479 0.0446347 -0.997842 -0.0481561 0.386344 0.0572759 0.0506809 -0.997071 -0.470769 0.99736 0.0417458 0.0594144 0.433221 
1530636119342 0.0375516 -0.939991 0.339128 -0.0988673 0.749606 -0.197921 -0.6316 -0.380838 0.660819 0.27793 0.69719 0.448308 0.0448197 -0.997854 -0.0477315 0.386366 0.0561687 0.0502211 -0.997157 -0.470801 0.997415 0.0420113 0.058299 0.433382 
1530636119585 -0.0276035 -0.946543 0.321395 -0.198424 0.88813 -0.170779 -0.426685 -0.355479 0.458763 0.273662 0.845367 0.439676 0.0450051 -0.997866 -0.0473072 0.386387 0.0550615 0.049761 -0.997242 -0.470832 0.997468 0.0422762 0.0571835 0.433543 
1530636119808 -0.086044 -0.953805 0.28784 -0.298194 0.970271 -0.145821 -0.193159 -0.330288 0.226209 0.262663 0.937997 0.431434 0.0451909 -0.997878 -0.0468831 0.386409 0.0539544 0.0493006 -0.997326 -0.470864 0.99752 0.0425405 0.0560678 0.433705 
1530636120025 -0.13405 -0.961322 0.240605 -0.397801 0.990734 -0.124658 0.0539133 -0.305172 -0.0218348 0.245603 0.969125 0.423302 0.0453771 -0.997889 -0.0464592 0.386431 0.0528474 0.0488399 -0.997408 -0.470896 0.997571 0.0428042 0.054952 0.433866 
1530636120323 -0.168644 -0.968544 0.182981 -0.493617 0.948196 -0.108705 0.298508 -0.280449 -0.269228 0.223844 0.936702 0.413964 0.045563 -0.9979 -0.0460348 0.386454 0.0517439 0.0483784 -0.997488 -0.470923 0.99762 0.0430666 0.0538395 0.434019 
1530636120625 -0.168644 -0.968544 0.182981 -0.493617 0.948196 -0.108705 0.298508 -0.280449 -0.269228 0.223844 0.936702 0.413964 0.0455672 -0.997904 -0.0459573 0.386455 0.0516223 0.0482959 -0.997498 -0.470951 0.997627 0.0430808 0.0537148 0.433986 
1530636120637 0.281149 -0.928256 0.243507 0.287968 -0.144271 -0.291741 -0.945554 -0.482006 0.948758 0.230711 -0.215943 0.480382 0.0449224 -0.997881 -0.0470681 0.386597 0.0514194 0.0493628 -0.997456 -0.470877 0.997666 0.0423879 0.0535279 0.43401 
1530636120986 0.23071 -0.928522 0.290894 0.200743 0.100201 -0.274698 -0.956295 -0.456679 0.967849 0.249775 0.0296631 0.473997 0.0443332 -0.997855 -0.0481758 0.386593 0.0512047 0.0504295 -0.997414 -0.47077 0.997704 0.0417518 0.0533306 0.434026 
1530636121226 0.170896 -0.930726 0.323333 0.100934 0.342677 -0.251529 -0.905155 -0.43145 0.923779 0.265486 0.275953 0.466282 0.043744 -0.997826 -0.0492836 0.386586 0.0509907 0.0514964 -0.997371 -0.47066 0.997741 0.041116 0.0531325 0.434041 
1530636121233 0.105179 -0.934607 0.339776 0.000790526 0.563817 -0.225405 -0.794546 -0.406118 0.819175 0.275141 0.503239 0.457484 0.0431545 -0.997797 -0.0503911 0.38658 0.0507774 0.0525635 -0.997326 -0.47055 0.997777 0.0404803 0.0529338 0.434057 
1530636121474 0.0375524 -0.93999 0.339129 -0.0988721 0.749606 -0.197922 -0.6316 -0.380841 0.660819 0.277931 0.697189 0.44832 0.0425646 -0.997766 -0.0514986 0.386573 0.0505647 0.0536306 -0.99728 -0.470439 0.997813 0.0398448 0.0527345 0.434072 
1530636121735 -0.0276025 -0.946542 0.321399 -0.198431 0.88813 -0.17078 -0.426684 -0.355482 0.458763 0.273666 0.845366 0.439695 0.0419745 -0.997733 -0.0526059 0.386566 0.0503526 0.0546978 -0.997233 -0.470329 0.997849 0.0392095 0.0525344 0.434088 
1530636121972 -0.0860442 -0.953805 0.287842 -0.298193 0.970271 -0.145821 -0.193158 -0.330289 0.226209 0.262664 0.937996 0.431435 0.0413842 -0.997698 -0.053713 0.38656 0.0501412 0.0557652 -0.997184 -0.470219 0.997884 0.0385744 0.0523336 0.434103 
1530636122213 -0.13405 -0.961322 0.240606 -0.397802 0.990734 -0.124658 0.0539137 -0.305174 -0.021835 0.245604 0.969124 0.423303 0.0407936 -0.997663 -0.0548199 0.386553 0.0499304 0.0568325 -0.997134 -0.470109 0.997919 0.0379395 0.0521321 0.434119 
1530636122218 -0.168646 -0.968543 0.182983 -0.493619 0.948195 -0.108706 0.298511 -0.280453 -0.269229 0.223847 0.936701 0.413955 0.0402051 -0.997625 -0.055925 0.386545 0.0497207 0.0578984 -0.997084 -0.47001 0.997954 0.0373072 0.0519304 0.434131 
1530636122622 -0.168646 -0.968543 0.182983 -0.493619 0.948195 -0.108706 0.298511 -0.280453 -0.269229 0.223847 0.936701 0.413955 0.0408175 -0.997666 -0.0547388 0.386531 0.049967 0.0567541 -0.997137 -0.470134 0.997916 0.0379655 0.0521669 0.434132 
1530636122888 0.281149 -0.928255 0.243511 0.287981 -0.144266 -0.291744 -0.945554 -0.481979 0.948759 0.230711 -0.215939 0.480357 0.0415229 -0.99766 -0.0543235 0.386637 0.0502225 0.0563858 -0.997145 -0.470254 0.997875 0.0386761 0.0524463 0.434093 
1530636122895 0.230718 -0.92852 0.290894 0.200727 0.100195 -0.2747 -0.956295 -0.456683 0.967848 0.24978 0.0296547 0.47401 0.042252 -0.997652 -0.0539072 0.38668 0.0504732 0.0560179 -0.997153 -0.47036 0.997831 0.0394109 0.0527215 0.434051 
1530636123179 0.1709 -0.930725 0.323334 0.100924 0.342673 -0.25153 -0.905156 -0.431454 0.923779 0.265489 0.275948 0.466291 0.0429811 -0.997643 -0.0534908 0.386723 0.0507241 0.0556503 -0.997161 -0.470464 0.997787 0.0401458 0.0529965 0.434008 
1530636123419 0.105181 -0.934606 0.339777 0.000784235 0.563815 -0.225406 -0.794547 -0.406122 0.819176 0.275143 0.503236 0.457487 0.0437101 -0.997633 -0.0530741 0.386765 0.0509753 0.0552828 -0.997169 -0.470569 0.997743 0.0408808 0.0532711 0.433966 
1530636123646 0.0375529 -0.93999 0.33913 -0.0988756 0.749606 -0.197922 -0.6316 -0.380843 0.660819 0.277932 0.697189 0.448329 0.0444389 -0.997623 -0.0526573 0.386807 0.0512268 0.0549156 -0.997176 -0.470674 0.997698 0.0416159 0.0535455 0.433924 
1530636123954 -0.0276017 -0.946541 0.321402 -0.198437 0.88813 -0.170781 -0.426683 -0.355485 0.458762 0.273669 0.845365 0.439709 0.0451675 -0.997613 -0.0522404 0.38685 0.0514786 0.0545486 -0.997183 -0.470778 0.997652 0.042351 0.0538195 0.433881 
1530636124166 -0.0860442 -0.953804 0.287843 -0.298193 0.970271 -0.145822 -0.193158 -0.33029 0.226208 0.262666 0.937996 0.431435 0.045896 -0.997601 -0.0518232 0.386892 0.0517306 0.0541818 -0.99719 -0.470883 0.997606 0.0430862 0.0540933 0.433839 
1530636124173 -0.134051 -0.961321 0.240607 -0.397802 0.990734 -0.124658 0.053914 -0.305175 -0.0218351 0.245604 0.969124 0.423304 0.0466242 -0.997589 -0.0514059 0.386935 0.051983 0.0538152 -0.997197 -0.470987 0.997559 0.0438213 0.0543667 0.433797 
1530636124415 -0.168648 -0.968542 0.182985 -0.49362 0.948195 -0.108707 0.298513 -0.280455 -0.26923 0.223849 0.9367 0.413949 0.0473496 -0.997576 -0.0509882 0.386979 0.0522343 0.0534485 -0.997204 -0.471081 0.997512 0.0445538 0.0546385 0.433755 
1530636124640 -0.168648 -0.968542 0.182985 -0.49362 0.948195 -0.108707 0.298513 -0.280455 -0.26923 0.223849 0.9367 0.413949 0.0472596 -0.997575 -0.0510976 0.386987 0.0520827 0.0535461 -0.997206 -0.47106 0.997524 0.0444663 0.0544869 0.433711 
1530636124881 0.281148 -0.928255 0.243513 0.28799 -0.144262 -0.291746 -0.945554 -0.481959 0.948759 0.230711 -0.215936 0.480339 0.0471747 -0.997585 -0.0509801 0.387155 0.052673 0.0534503 -0.99718 -0.471074 0.997497 0.0443564 0.0550673 0.433641 
1530636125139 0.230723 -0.928519 0.290894 0.200715 0.10019 -0.274701 -0.956296 -0.456685 0.967848 0.249784 0.0296488 0.47402 0.0471418 -0.997593 -0.0508605 0.387183 0.0532509 0.0533546 -0.997155 -0.471055 0.997468 0.0442993 0.055638 0.433563 
1530636125368 0.170903 -0.930724 0.323335 0.100916 0.34267 -0.251531 -0.905157 -0.431458 0.92378 0.265491 0.275944 0.466296 0.047109 -0.9976 -0.050741 0.387208 0.0538288 0.053259 -0.997129 -0.471034 0.997438 0.0442424 0.0562086 0.433485 
1530636125639 0.105183 -0.934606 0.339778 0.000779709 0.563813 -0.225407 -0.794548 -0.406124 0.819177 0.275144 0.503234 0.45749 0.047076 -0.997608 -0.0506217 0.387234 0.0544068 0.0531634 -0.997103 -0.471013 0.997409 0.0441854 0.0567794 0.433406 
1530636125864 0.0375533 -0.939989 0.339131 -0.0988781 0.749606 -0.197922 -0.6316 -0.380844 0.660819 0.277933 0.697189 0.448335 0.0470429 -0.997615 -0.0505023 0.387259 0.0549847 0.0530678 -0.997076 -0.470991 0.997378 0.0441285 0.0573501 0.433328 
1530636126081 -0.0276012 -0.94654 0.321404 -0.198441 0.88813 -0.170781 -0.426683 -0.355486 0.458762 0.273672 0.845365 0.439719 0.0470097 -0.997623 -0.0503831 0.387284 0.0555627 0.0529723 -0.997049 -0.47097 0.997348 0.0440715 0.0579208 0.433249 
1530636126282 -0.0860443 -0.953804 0.287844 -0.298193 0.970271 -0.145822 -0.193157 -0.33029 0.226208 0.262666 0.937996 0.431436 0.0469764 -0.997631 -0.0502638 0.38731 0.0561406 0.0528767 -0.997022 -0.470949 0.997317 0.0440146 0.0584916 0.433171 
1530636126484 -0.134051 -0.961321 0.240607 -0.397802 0.990734 -0.124658 0.0539143 -0.305175 -0.0218352 0.245605 0.969124 0.423305 0.046943 -0.997638 -0.0501446 0.387336 0.0567185 0.0527811 -0.996994 -0.470928 0.997286 0.0439577 0.0590623 0.433093 
1530636126674 -0.168649 -0.968542 0.182986 -0.49362 0.948194 -0.108708 0.298514 -0.280457 -0.269231 0.22385 0.936699 0.413945 0.0469095 -0.997646 -0.0500251 0.387361 0.0572942 0.052685 -0.996966 -0.470909 0.997255 0.0439011 0.0596307 0.433018 
1530636126873 -0.168649 -0.968542 0.182986 -0.49362 0.948194 -0.108708 0.298514 -0.280457 -0.269231 0.22385 0.936699 0.413945 0.0468056 -0.997645 -0.050141 0.387303 0.0571508 0.0527883 -0.996969 -0.470937 0.997268 0.0437981 0.059487 0.432957 
1530636126886 0.281148 -0.928254 0.243515 0.287996 -0.14426 -0.291747 -0.945554 -0.481945 0.94876 0.230711 -0.215934 0.480326 0.0465942 -0.997561 -0.0519805 0.387421 0.055899 0.0545593 -0.996945 -0.470932 0.997349 0.0435462 0.0583048 0.433132 
1530636127161 0.230727 -0.928518 0.290894 0.200707 0.100187 -0.274701 -0.956296 -0.456687 0.967847 0.249787 0.0296445 0.474028 0.0464164 -0.997471 -0.0538187 0.387445 0.0546391 0.0563313 -0.996916 -0.470905 0.997427 0.0433326 0.0571157 0.433301 
1530636127432 0.170905 -0.930723 0.323335 0.10091 0.342669 -0.251531 -0.905158 -0.43146 0.92378 0.265493 0.275942 0.466301 0.0462364 -0.997379 -0.0556567 0.387466 0.0533795 0.0581035 -0.996882 -0.470876 0.997503 0.0431213 0.0559261 0.433469 
1530636127683 0.105184 -0.934605 0.339779 0.000776466 0.563812 -0.225407 -0.794549 -0.406126 0.819178 0.275145 0.503232 0.457491 0.046054 -0.997283 -0.0574943 0.387488 0.0521202 0.0598758 -0.996844 -0.470847 0.997578 0.0429121 0.0547361 0.433638 
1530636127917 0.0375536 -0.939989 0.339132 -0.0988799 0.749606 -0.197923 -0.6316 -0.380845 0.660818 0.277934 0.697188 0.44834 0.0458692 -0.997184 -0.0593315 0.387509 0.0508612 0.0616482 -0.996801 -0.470818 0.997652 0.0427049 0.0535457 0.433807 
1530636128154 -0.0276008 -0.946539 0.321405 -0.198444 0.888131 -0.170781 -0.426682 -0.355487 0.458762 0.273673 0.845364 0.439726 0.0456821 -0.997082 -0.0611683 0.387531 0.0496024 0.0634207 -0.996753 -0.470789 0.997724 0.0424997 0.0523548 0.433976 
1530636128391 -0.0860443 -0.953804 0.287844 -0.298192 0.970271 -0.145822 -0.193157 -0.330291 0.226208 0.262667 0.937996 0.431436 0.0454927 -0.996976 -0.0630047 0.387553 0.0483438 0.0651933 -0.996701 -0.47076 0.997794 0.0422967 0.0511635 0.434145 
1530636128651 -0.134051 -0.961321 0.240608 -0.397802 0.990734 -0.124659 0.0539144 -0.305176 -0.0218353 0.245605 0.969124 0.423306 0.0453009 -0.996867 -0.0648406 0.387574 0.0470857 0.0669658 -0.996644 -0.470731 0.997863 0.0420958 0.0499717 0.434313 
1530636128929 -0.16865 -0.968542 0.182987 -0.493621 0.948194 -0.108708 0.298515 -0.280459 -0.269232 0.223852 0.936699 0.413942 0.0451077 -0.996755 -0.0666734 0.387596 0.0458318 0.0687359 -0.996582 -0.470705 0.99793 0.0418977 0.0487836 0.43447 
1530636129183 -0.16865 -0.968542 0.182987 -0.493621 0.948194 -0.108708 0.298515 -0.280459 -0.269232 0.223852 0.936699 0.413942 0.0449122 -0.996763 -0.0666839 0.387546 0.0457866 0.068735 -0.996584 -0.470757 0.997941 0.0417056 0.0487254 0.434404 
1530636129196 0.281148 -0.928254 0.243517 0.288001 -0.144258 -0.291748 -0.945554 -0.481935 0.94876 0.230711 -0.215932 0.480317 0.0449265 -0.996807 -0.0660099 0.387668 0.0459063 0.0680668 -0.996624 -0.470786 0.997935 0.0417445 0.0488177 0.434387 
1530636129405 0.230729 -0.928517 0.290894 0.200701 0.100185 -0.274702 -0.956296 -0.456689 0.967847 0.249789 0.0296414 0.474033 0.044971 -0.99685 -0.0653349 0.387707 0.0460187 0.0673989 -0.996664 -0.470796 0.997928 0.0418144 0.0489047 0.434364 
