1535381914298 0.217338 0.919169 -0.328471 -0.472686 -0.943054 0.284551 0.172281 -0.170236 0.251822 0.272322 0.928669 0.473084 0.252384 -0.249954 0.934786 0.428631 -0.966867 -0.02687 0.253861 -0.49491 -0.0383361 -0.967885 -0.248454 0.458906 
1535381914317 0.221117 0.920104 -0.32329 -0.489166 -0.942736 0.286539 0.170717 -0.177256 0.249713 0.267029 0.930773 0.46301 0.242006 -0.238364 0.94054 0.423939 -0.969009 -0.00987673 0.246828 -0.493745 -0.0495454 -0.971126 -0.233367 0.457005 
1535381915270 0.224883 0.921002 -0.318092 -0.505648 -0.942407 0.288535 0.169164 -0.184278 0.247581 0.26173 0.932846 0.452936 0.231741 -0.226544 0.946031 0.419246 -0.970869 0.00702938 0.239509 -0.492577 -0.0609094 -0.973976 -0.218316 0.455104 
1535381916176 0.228636 0.921864 -0.312877 -0.52213 -0.942067 0.290537 0.167623 -0.1913 0.245428 0.256426 0.934885 0.442861 0.221596 -0.214502 0.951254 0.414552 -0.972445 0.02384 0.231908 -0.491408 -0.0724228 -0.976432 -0.203309 0.453203 
1535381917183 0.232375 0.922689 -0.307647 -0.538611 -0.941717 0.292546 0.166092 -0.198322 0.243252 0.25112 0.936892 0.432786 0.211576 -0.202244 0.956208 0.409858 -0.973738 0.0405468 0.224031 -0.490241 -0.08408 -0.978495 -0.188354 0.451301 
1535381918200 0.236099 0.923478 -0.3024 -0.555094 -0.941356 0.29456 0.164572 -0.205345 0.241054 0.245811 0.938866 0.422711 0.201684 -0.189775 0.96089 0.405164 -0.974747 0.0571417 0.215878 -0.48907 -0.0958752 -0.980163 -0.173458 0.449399 
1535381919202 0.239809 0.92423 -0.297138 -0.571576 -0.940983 0.296581 0.163063 -0.212367 0.238834 0.240498 0.940808 0.412636 0.191929 -0.177102 0.965297 0.40047 -0.97547 0.0736162 0.207458 -0.4879 -0.107803 -0.981435 -0.158629 0.447498 
1535381920202 0.243506 0.924944 -0.291862 -0.588058 -0.940601 0.298609 0.161566 -0.219389 0.236592 0.235183 0.942716 0.402561 0.182311 -0.164231 0.969428 0.395776 -0.975908 0.0899627 0.198771 -0.486731 -0.119857 -0.982311 -0.143873 0.445596 
1535381921246 0.247187 0.925622 -0.28657 -0.60454 -0.940207 0.300642 0.160079 -0.226412 0.234328 0.229865 0.944591 0.392486 0.172839 -0.151168 0.97328 0.391082 -0.976061 0.106173 0.189823 -0.485562 -0.132031 -0.98279 -0.129198 0.443695 
1535381922279 0.250854 0.926263 -0.281263 -0.621023 -0.939803 0.302682 0.158604 -0.233434 0.232042 0.224545 0.946433 0.382412 0.163515 -0.13792 0.976853 0.386388 -0.975927 0.122239 0.180619 -0.484393 -0.14432 -0.982871 -0.114612 0.441793 
1535381923375 0.25168 0.92592 -0.281654 -0.620804 -0.939573 0.303547 0.158311 -0.23365 0.232079 0.224791 0.946366 0.382751 0.164021 -0.13902 0.976612 0.386663 -0.976028 0.120705 0.181105 -0.484448 -0.143059 -0.982906 -0.115889 0.441773 
1535381923391 0.251963 0.926016 -0.281084 -0.62247 -0.939554 0.303665 0.158194 -0.234329 0.231845 0.224235 0.946555 0.38171 0.165585 -0.137276 0.976595 0.386109 -0.976474 0.115882 0.181853 -0.484668 -0.138133 -0.983731 -0.114858 0.441733 
1535381923771 0.252246 0.926112 -0.280514 -0.62414 -0.939536 0.303783 0.158076 -0.235009 0.231611 0.223678 0.946744 0.380669 0.167139 -0.135525 0.976574 0.385554 -0.976894 0.111057 0.182606 -0.484889 -0.133203 -0.98453 -0.113831 0.441694 
1535381924112 0.252529 0.926208 -0.279943 -0.62581 -0.939518 0.303901 0.157959 -0.23569 0.231377 0.223122 0.946932 0.379628 0.168685 -0.133766 0.976551 0.385 -0.977288 0.106231 0.183364 -0.485109 -0.128268 -0.985303 -0.112808 0.441654 
1535381924457 0.252812 0.926303 -0.279372 -0.627481 -0.939499 0.304018 0.157841 -0.236371 0.231143 0.222565 0.947121 0.378586 0.170222 -0.131999 0.976525 0.384446 -0.977658 0.101404 0.184127 -0.485329 -0.123328 -0.986049 -0.111789 0.441614 
1535381924797 0.253095 0.926398 -0.2788 -0.629151 -0.939481 0.304136 0.157724 -0.237052 0.230909 0.222008 0.947309 0.377544 0.17175 -0.130225 0.976495 0.383891 -0.978002 0.0965757 0.184894 -0.48555 -0.118384 -0.98677 -0.110773 0.441574 
1535381925160 0.253378 0.926493 -0.278229 -0.630822 -0.939462 0.304254 0.157607 -0.237733 0.230674 0.221451 0.947496 0.376503 0.173268 -0.128442 0.976463 0.383337 -0.97832 0.0917464 0.185666 -0.48577 -0.113434 -0.987464 -0.109761 0.441535 
1535381925538 0.25366 0.926587 -0.277657 -0.632493 -0.939444 0.304372 0.15749 -0.238414 0.23044 0.220894 0.947683 0.375461 0.174779 -0.126653 0.976428 0.382783 -0.978613 0.0869162 0.186444 -0.485991 -0.108481 -0.988132 -0.108753 0.441495 
1535381925897 0.253942 0.926681 -0.277086 -0.634163 -0.939425 0.304491 0.157373 -0.239094 0.230205 0.220338 0.94787 0.37442 0.176278 -0.124855 0.97639 0.382229 -0.978881 0.0820855 0.187225 -0.486211 -0.103523 -0.988774 -0.107748 0.441455 
1535381926237 0.254224 0.926774 -0.276514 -0.635834 -0.939406 0.304609 0.157256 -0.239775 0.22997 0.21978 0.948056 0.373378 0.177769 -0.12305 0.976349 0.381674 -0.979124 0.0772541 0.188011 -0.486432 -0.0985616 -0.989389 -0.106747 0.441416 
1535381926607 0.254524 0.926592 -0.27685 -0.635612 -0.939311 0.304966 0.157134 -0.239835 0.230029 0.220053 0.947978 0.373485 0.177513 -0.123438 0.976346 0.381862 -0.979054 0.0783659 0.187914 -0.486307 -0.099708 -0.989253 -0.106942 0.441426 
1535381926640 0.253985 0.926473 -0.27774 -0.635842 -0.939245 0.304804 0.15784 -0.240067 0.230891 0.220777 0.947601 0.373458 0.179189 -0.122623 0.976143 0.381851 -0.979359 0.0720917 0.188836 -0.486507 -0.0935273 -0.989832 -0.107174 0.441523 
1535381926955 0.253445 0.926354 -0.27863 -0.636076 -0.939179 0.304642 0.158546 -0.240301 0.231752 0.2215 0.947221 0.37343 0.18086 -0.121795 0.975938 0.381841 -0.979623 0.0658156 0.189757 -0.486711 -0.0873435 -0.990371 -0.10741 0.44162 
1535381927261 0.252905 0.926234 -0.279519 -0.636311 -0.939111 0.30448 0.159253 -0.240536 0.232613 0.222223 0.946841 0.373402 0.182527 -0.120957 0.975732 0.381832 -0.979846 0.0595377 0.190677 -0.486916 -0.0811566 -0.990871 -0.107652 0.441717 
1535381927571 0.252363 0.926113 -0.280407 -0.636546 -0.939044 0.304319 0.159959 -0.24077 0.233474 0.222947 0.946459 0.373374 0.184186 -0.120108 0.975525 0.381822 -0.980028 0.0532584 0.191593 -0.48712 -0.0749669 -0.991331 -0.1079 0.441814 
1535381927864 0.251821 0.925991 -0.281295 -0.636779 -0.938975 0.304159 0.160666 -0.241004 0.234333 0.22367 0.946076 0.373347 0.185841 -0.119249 0.975317 0.381812 -0.98017 0.0469776 0.19251 -0.487324 -0.0687746 -0.991752 -0.108154 0.441911 
1535381928175 0.251278 0.925868 -0.282182 -0.637014 -0.938906 0.303999 0.161372 -0.241239 0.235193 0.224393 0.945691 0.373319 0.18749 -0.118379 0.975107 0.381803 -0.980271 0.0406957 0.193424 -0.487528 -0.06258 -0.992134 -0.108413 0.442008 
1535381928478 0.250735 0.925745 -0.283069 -0.637248 -0.938835 0.30384 0.162079 -0.241472 0.236051 0.225116 0.945305 0.373291 0.189134 -0.117498 0.974896 0.381793 -0.980331 0.0344131 0.194336 -0.487732 -0.0563833 -0.992477 -0.108679 0.442105 
1535381928796 0.25019 0.925621 -0.283955 -0.637483 -0.938765 0.303681 0.162785 -0.241707 0.236909 0.225839 0.944918 0.373263 0.19077 -0.116607 0.974684 0.381784 -0.980351 0.02813 0.195245 -0.487936 -0.0501849 -0.99278 -0.10895 0.442202 
1535381929081 0.249645 0.925496 -0.28484 -0.637717 -0.938693 0.303522 0.163492 -0.241941 0.237767 0.226563 0.94453 0.373235 0.192403 -0.115706 0.974471 0.381774 -0.98033 0.0218465 0.196153 -0.48814 -0.0439849 -0.993043 -0.109227 0.442299 
1535381929394 0.249947 0.925632 -0.284135 -0.637541 -0.938806 0.303502 0.16288 -0.241694 0.237002 0.226036 0.944848 0.373248 0.192115 -0.115946 0.974499 0.381772 -0.980327 0.0231512 0.196019 -0.488021 -0.0452883 -0.992986 -0.109217 0.442312 
1535381929429 0.24959 0.925871 -0.28367 -0.637542 -0.93895 0.303032 0.162923 -0.241748 0.236807 0.225688 0.94498 0.373279 0.192475 -0.116569 0.974354 0.381775 -0.980338 0.0211669 0.196189 -0.488058 -0.0434936 -0.992957 -0.110203 0.442471 
1535381929558 0.249232 0.926109 -0.283205 -0.637549 -0.939094 0.302562 0.162966 -0.241806 0.236612 0.225339 0.945112 0.373309 0.192836 -0.117191 0.974208 0.38178 -0.980345 0.0191826 0.196358 -0.488099 -0.0416992 -0.992924 -0.111188 0.442631 
1535381929662 0.248875 0.926347 -0.28274 -0.637555 -0.939238 0.302092 0.163009 -0.241862 0.236416 0.224991 0.945244 0.373339 0.193199 -0.117812 0.974061 0.381784 -0.980348 0.017198 0.196526 -0.488138 -0.039905 -0.992887 -0.112174 0.442791 
1535381929736 0.248517 0.926585 -0.282275 -0.637561 -0.939382 0.301621 0.163051 -0.241919 0.236221 0.224643 0.945376 0.373369 0.193563 -0.118433 0.973913 0.381788 -0.980347 0.0152132 0.196692 -0.488178 -0.0381111 -0.992846 -0.11316 0.442951 
1535381929856 0.248159 0.926823 -0.281809 -0.637568 -0.939526 0.301151 0.163094 -0.241976 0.236026 0.224294 0.945507 0.373398 0.193928 -0.119052 0.973765 0.381792 -0.980343 0.0132283 0.196856 -0.488217 -0.0363174 -0.9928 -0.114147 0.44311 
1535381929863 0.247801 0.92706 -0.281344 -0.637573 -0.939669 0.30068 0.163135 -0.242032 0.235831 0.223945 0.945639 0.373428 0.194294 -0.119671 0.973616 0.381796 -0.980336 0.0112432 0.197017 -0.488257 -0.0345239 -0.99275 -0.115133 0.44327 
1535381930046 0.247443 0.927297 -0.280879 -0.63758 -0.939812 0.300209 0.163177 -0.24209 0.235636 0.223596 0.94577 0.373458 0.194662 -0.120289 0.973467 0.3818 -0.980324 0.00925804 0.197177 -0.488296 -0.0327307 -0.992696 -0.11612 0.44343 
1535381930098 0.247085 0.927533 -0.280413 -0.637585 -0.939955 0.299739 0.163219 -0.242146 0.235441 0.223247 0.945901 0.373488 0.19503 -0.120906 0.973316 0.381804 -0.980309 0.00727272 0.197335 -0.488336 -0.0309377 -0.992637 -0.117107 0.443589 
1535381930217 0.246727 0.927769 -0.279948 -0.637591 -0.940098 0.299268 0.16326 -0.242202 0.235247 0.222898 0.946031 0.373518 0.195399 -0.121523 0.973166 0.381808 -0.980291 0.00528728 0.19749 -0.488375 -0.029145 -0.992575 -0.118095 0.443749 
1535381930293 0.247124 0.927386 -0.280865 -0.63757 -0.939932 0.299868 0.163117 -0.242116 0.235495 0.223684 0.945784 0.373409 0.195054 -0.120832 0.973321 0.381842 -0.980286 0.00787703 0.197428 -0.488271 -0.0315224 -0.992642 -0.116913 0.443487 
1535381930317 0.246673 0.927632 -0.280449 -0.637564 -0.940151 0.299269 0.162957 -0.242223 0.235093 0.223468 0.945935 0.373416 0.19477 -0.122476 0.973172 0.381853 -0.98032 0.0082644 0.19724 -0.488299 -0.0321998 -0.992437 -0.118456 0.443698 
1535381930554 0.24624 0.927868 -0.280048 -0.637561 -0.940361 0.298692 0.162804 -0.242323 0.234709 0.223257 0.94608 0.37342 0.194484 -0.124119 0.973021 0.381865 -0.980355 0.00865261 0.197053 -0.488327 -0.0328773 -0.99223 -0.119998 0.443909 
1535381930750 0.245806 0.928104 -0.279647 -0.637558 -0.94057 0.298116 0.162651 -0.242424 0.234324 0.223047 0.946225 0.373425 0.194197 -0.125763 0.972867 0.381876 -0.980388 0.00904096 0.196867 -0.488354 -0.0335542 -0.992019 -0.121541 0.44412 
1535381930943 0.245372 0.92834 -0.279245 -0.637556 -0.940779 0.297539 0.162497 -0.242525 0.233939 0.222836 0.94637 0.37343 0.193909 -0.127406 0.972711 0.381888 -0.980422 0.00943 0.196681 -0.488382 -0.034231 -0.991806 -0.123083 0.444331 
1535381931158 0.244938 0.928575 -0.278844 -0.637555 -0.940988 0.296963 0.162344 -0.242626 0.233555 0.222625 0.946515 0.373435 0.19362 -0.129049 0.972552 0.381899 -0.980455 0.00981908 0.196496 -0.48841 -0.0349071 -0.99159 -0.124625 0.444543 
1535381931353 0.244504 0.92881 -0.278443 -0.637551 -0.941196 0.296386 0.16219 -0.242726 0.23317 0.222413 0.946659 0.37344 0.193329 -0.130691 0.972391 0.38191 -0.980488 0.0102085 0.196311 -0.488437 -0.0355827 -0.991371 -0.126167 0.444754 
1535381931551 0.244069 0.929044 -0.278042 -0.63755 -0.941404 0.29581 0.162036 -0.242827 0.232786 0.222202 0.946804 0.373444 0.193037 -0.132332 0.972227 0.381922 -0.980521 0.0105984 0.196127 -0.488465 -0.036258 -0.991149 -0.127709 0.444965 
1535381931746 0.243634 0.929278 -0.277641 -0.637547 -0.941611 0.295233 0.161881 -0.242928 0.232401 0.22199 0.946948 0.373449 0.192745 -0.133974 0.97206 0.381933 -0.980554 0.0109884 0.195943 -0.488493 -0.0369327 -0.990924 -0.12925 0.445176 
1535381931929 0.243199 0.929512 -0.277239 -0.637546 -0.941819 0.294656 0.161726 -0.243029 0.232017 0.221778 0.947092 0.373454 0.192451 -0.135614 0.971891 0.381945 -0.980586 0.0113788 0.19576 -0.48852 -0.0376069 -0.990696 -0.130792 0.445387 
1535381932146 0.243632 0.929323 -0.277492 -0.6375 -0.941609 0.295207 0.161941 -0.242931 0.232413 0.221835 0.946981 0.373505 0.192663 -0.134848 0.971955 0.381967 -0.980556 0.0111942 0.195921 -0.488473 -0.0373 -0.990803 -0.13007 0.445209 
1535381932161 0.24394 0.929236 -0.277513 -0.637463 -0.94153 0.295506 0.161858 -0.242905 0.232411 0.221803 0.946989 0.373486 0.192081 -0.13584 0.971932 0.381975 -0.980596 0.0129984 0.19561 -0.488489 -0.0392051 -0.990646 -0.130707 0.445301 
1535381932329 0.244249 0.929148 -0.277535 -0.637423 -0.94145 0.295805 0.161775 -0.242877 0.232409 0.221772 0.946997 0.373468 0.191495 -0.13683 0.971909 0.381982 -0.980632 0.0148018 0.195298 -0.488501 -0.0411085 -0.990484 -0.131345 0.445393 
1535381932545 0.244558 0.92906 -0.277557 -0.637383 -0.94137 0.296104 0.161692 -0.242849 0.232408 0.221741 0.947005 0.373451 0.190908 -0.137818 0.971885 0.381989 -0.980665 0.0166055 0.194987 -0.488514 -0.0430114 -0.990318 -0.131983 0.445485 
1535381932737 0.244867 0.928972 -0.27758 -0.637342 -0.94129 0.296404 0.161609 -0.242821 0.232406 0.22171 0.947012 0.373433 0.190318 -0.138806 0.97186 0.381996 -0.980695 0.0184094 0.194678 -0.488527 -0.0449137 -0.990149 -0.132622 0.445577 
1535381932928 0.245177 0.928884 -0.277602 -0.6373 -0.94121 0.296703 0.161526 -0.242793 0.232404 0.22168 0.94702 0.373415 0.189728 -0.139792 0.971834 0.382003 -0.98072 0.0202134 0.19437 -0.488539 -0.0468155 -0.989975 -0.133262 0.445669 
1535381933125 0.245486 0.928796 -0.277624 -0.63726 -0.94113 0.297002 0.161443 -0.242765 0.232402 0.221649 0.947027 0.373397 0.189135 -0.140777 0.971808 0.38201 -0.980742 0.0220178 0.194063 -0.488553 -0.0487167 -0.989796 -0.133902 0.445761 
1535381933338 0.245795 0.928707 -0.277646 -0.637219 -0.94105 0.297301 0.16136 -0.242737 0.232401 0.221618 0.947035 0.373379 0.188539 -0.141761 0.97178 0.382017 -0.98076 0.0238225 0.193756 -0.488565 -0.0506173 -0.989614 -0.134542 0.445853 
1535381933528 0.246104 0.928619 -0.277669 -0.637178 -0.94097 0.297601 0.161277 -0.242709 0.232399 0.221587 0.947043 0.373362 0.187942 -0.142744 0.971752 0.382024 -0.980775 0.0256273 0.193452 -0.488578 -0.0525174 -0.989428 -0.135183 0.445944 
1535381933721 0.246413 0.92853 -0.277691 -0.637136 -0.940889 0.2979 0.161193 -0.24268 0.232397 0.221556 0.94705 0.373344 0.187342 -0.143725 0.971723 0.382031 -0.980786 0.0274325 0.193147 -0.488591 -0.0544169 -0.989237 -0.135825 0.446036 
1535381933952 0.246152 0.928609 -0.277658 -0.637163 -0.940949 0.297652 0.161299 -0.242757 0.232429 0.221558 0.947042 0.373365 0.187822 -0.143324 0.97169 0.382042 -0.980747 0.0264795 0.193479 -0.48853 -0.0534599 -0.989322 -0.135591 0.445926 
1535381933968 0.246667 0.928475 -0.277649 -0.636979 -0.940818 0.29814 0.161164 -0.242681 0.232415 0.221463 0.947068 0.373425 0.188022 -0.143363 0.971646 0.382082 -0.980656 0.0274165 0.19381 -0.488677 -0.0544243 -0.98929 -0.135434 0.445856 
1535381933985 0.247184 0.928341 -0.27764 -0.636788 -0.940686 0.29863 0.161028 -0.242603 0.232401 0.221368 0.947093 0.373486 0.188221 -0.143401 0.971601 0.382123 -0.980564 0.0283534 0.194142 -0.488826 -0.0553885 -0.989258 -0.135278 0.445787 
1535381934172 0.2477 0.928206 -0.27763 -0.636599 -0.940554 0.299119 0.160893 -0.242524 0.232387 0.221273 0.947119 0.373546 0.188421 -0.14344 0.971557 0.382164 -0.98047 0.0292903 0.194474 -0.488975 -0.0563526 -0.989225 -0.13512 0.445717 
1535381934292 0.248216 0.928071 -0.277621 -0.636409 -0.940421 0.299608 0.160758 -0.242446 0.232372 0.221178 0.947145 0.373607 0.18862 -0.14348 0.971512 0.382205 -0.980376 0.0302271 0.194805 -0.489123 -0.0573165 -0.989192 -0.134963 0.445647 
1535381934396 0.248731 0.927935 -0.277612 -0.636218 -0.940288 0.300096 0.160623 -0.242368 0.232358 0.221083 0.94717 0.373668 0.188819 -0.143519 0.971468 0.382245 -0.980281 0.0311638 0.195136 -0.489272 -0.0582805 -0.989157 -0.134805 0.445577 
1535381934524 0.249247 0.9278 -0.277603 -0.636029 -0.940155 0.300585 0.160488 -0.24229 0.232344 0.220988 0.947196 0.373729 0.189019 -0.143559 0.971423 0.382286 -0.980185 0.0321006 0.195467 -0.48942 -0.0592443 -0.989121 -0.134646 0.445508 
1535381934624 0.249763 0.927664 -0.277593 -0.635839 -0.940022 0.301074 0.160352 -0.242211 0.232329 0.220894 0.947222 0.37379 0.189218 -0.143599 0.971378 0.382327 -0.980087 0.0330372 0.195798 -0.489569 -0.060208 -0.989084 -0.134488 0.445438 
1535381934742 0.250279 0.927528 -0.277584 -0.63565 -0.939889 0.301563 0.160217 -0.242133 0.232315 0.220799 0.947247 0.37385 0.189417 -0.143639 0.971334 0.382367 -0.979989 0.0339739 0.196129 -0.489717 -0.0611717 -0.989047 -0.134329 0.445368 
1535381934834 0.250794 0.927392 -0.277574 -0.63546 -0.939755 0.302051 0.160082 -0.242055 0.2323 0.220704 0.947273 0.373911 0.189616 -0.143679 0.971289 0.382408 -0.97989 0.0349104 0.19646 -0.489866 -0.0621352 -0.989008 -0.13417 0.445299 
1535381934979 0.250441 0.927432 -0.277758 -0.635653 -0.939834 0.301759 0.160167 -0.242207 0.23236 0.220934 0.947205 0.373799 0.189397 -0.143731 0.971324 0.382363 -0.980019 0.0335359 0.196055 -0.489601 -0.0607533 -0.989048 -0.134507 0.445358 
1535381935013 0.250722 0.927384 -0.277665 -0.635296 -0.939867 0.30191 0.15969 -0.242047 0.231924 0.220931 0.947312 0.373919 0.18988 -0.144055 0.971182 0.38241 -0.979913 0.0336109 0.196572 -0.489793 -0.0609594 -0.988999 -0.134779 0.445333 
1535381935023 0.251005 0.927334 -0.277574 -0.634934 -0.939899 0.302062 0.159212 -0.241885 0.231487 0.220928 0.94742 0.37404 0.190364 -0.144378 0.971039 0.382457 -0.979806 0.0336855 0.197091 -0.489986 -0.0611655 -0.988949 -0.13505 0.445309 
1535381935273 0.251288 0.927285 -0.277482 -0.63457 -0.939931 0.302214 0.158733 -0.241722 0.23105 0.220926 0.947527 0.374161 0.190847 -0.144701 0.970896 0.382504 -0.979699 0.03376 0.197609 -0.490179 -0.0613717 -0.988899 -0.135321 0.445284 
1535381935447 0.251571 0.927236 -0.27739 -0.634209 -0.939963 0.302367 0.158255 -0.24156 0.230613 0.220924 0.947634 0.374281 0.191331 -0.145024 0.970753 0.382551 -0.979592 0.0338342 0.198128 -0.490372 -0.061578 -0.988849 -0.135591 0.44526 
1535381935637 0.251853 0.927187 -0.277298 -0.633847 -0.939994 0.302519 0.157776 -0.241397 0.230176 0.220922 0.947741 0.374402 0.191814 -0.145348 0.970609 0.382598 -0.979485 0.0339084 0.198646 -0.490565 -0.0617845 -0.988799 -0.135862 0.445235 
1535381935836 0.252136 0.927138 -0.277206 -0.633484 -0.940025 0.302671 0.157297 -0.241235 0.229738 0.22092 0.947847 0.374523 0.192297 -0.145671 0.970465 0.382645 -0.979377 0.0339823 0.199164 -0.490758 -0.061991 -0.988749 -0.136132 0.445211 
1535381936016 0.252418 0.927089 -0.277113 -0.633122 -0.940056 0.302823 0.156819 -0.241073 0.229301 0.220918 0.947954 0.374644 0.19278 -0.145994 0.97032 0.382692 -0.979269 0.0340561 0.199682 -0.490951 -0.0621978 -0.988699 -0.136402 0.445186 
1535381936218 0.252701 0.927039 -0.277021 -0.632759 -0.940087 0.302976 0.15634 -0.24091 0.228864 0.220916 0.94806 0.374765 0.193264 -0.146318 0.970175 0.38274 -0.97916 0.0341296 0.200201 -0.491144 -0.0624046 -0.988649 -0.136672 0.445162 
1535381936400 0.252983 0.92699 -0.276928 -0.632397 -0.940117 0.303128 0.155861 -0.240748 0.228426 0.220915 0.948166 0.374885 0.193746 -0.146641 0.97003 0.382787 -0.979052 0.034203 0.200719 -0.491337 -0.0626116 -0.988598 -0.136942 0.445137 
1535381936603 0.252883 0.926979 -0.277058 -0.632589 -0.940072 0.303123 0.156143 -0.240875 0.228724 0.220969 0.948081 0.374812 0.193305 -0.146464 0.970145 0.38273 -0.979149 0.0341499 0.200254 -0.491165 -0.0624605 -0.988626 -0.136809 0.445151 
1535381936626 0.252885 0.926937 -0.277196 -0.632112 -0.939983 0.303234 0.156464 -0.240691 0.229087 0.220992 0.947988 0.374979 0.194071 -0.14603 0.970058 0.382797 -0.979133 0.0319323 0.200694 -0.491333 -0.0602834 -0.988765 -0.136785 0.445078 
1535381936828 0.252888 0.926895 -0.277334 -0.631628 -0.939894 0.303345 0.156784 -0.240504 0.229451 0.221015 0.947895 0.375148 0.194836 -0.145593 0.96997 0.382865 -0.979113 0.0297143 0.201133 -0.491504 -0.0581055 -0.988898 -0.136762 0.445006 
1535381937037 0.25289 0.926853 -0.277472 -0.631146 -0.939804 0.303457 0.157105 -0.240317 0.229814 0.221039 0.947801 0.375316 0.195601 -0.145154 0.969882 0.382932 -0.979088 0.0274963 0.201572 -0.491673 -0.0559272 -0.989027 -0.13674 0.444933 
1535381937289 0.252893 0.926811 -0.277609 -0.630664 -0.939715 0.303568 0.157425 -0.240131 0.230176 0.221062 0.947708 0.375485 0.196364 -0.144714 0.969793 0.382999 -0.979057 0.0252783 0.202012 -0.491843 -0.0537486 -0.989151 -0.136719 0.444861 
1535381937506 0.252895 0.926769 -0.277747 -0.630182 -0.939625 0.303679 0.157745 -0.239945 0.230539 0.221085 0.947614 0.375653 0.197127 -0.144272 0.969704 0.383067 -0.979021 0.0230603 0.202451 -0.492013 -0.0515698 -0.989269 -0.136699 0.444788 
1535381937716 0.252898 0.926727 -0.277885 -0.629699 -0.939535 0.30379 0.158065 -0.239758 0.230902 0.221109 0.947521 0.375821 0.197888 -0.143828 0.969615 0.383134 -0.97898 0.0208426 0.202891 -0.492183 -0.0493906 -0.989383 -0.13668 0.444715 
1535381937723 0.252901 0.926685 -0.278023 -0.629217 -0.939445 0.303902 0.158386 -0.239571 0.231265 0.221132 0.947427 0.37599 0.198648 -0.143383 0.969526 0.383202 -0.978933 0.0186248 0.20333 -0.492352 -0.0472113 -0.989492 -0.136662 0.444643 
1535381938012 0.252903 0.926643 -0.278161 -0.628734 -0.939355 0.304013 0.158706 -0.239384 0.231628 0.221155 0.947333 0.376158 0.199407 -0.142936 0.969436 0.383269 -0.978881 0.0164072 0.203769 -0.492522 -0.0450316 -0.989596 -0.136645 0.44457 
1535381938229 0.252905 0.926601 -0.278299 -0.628252 -0.939265 0.304124 0.159026 -0.239198 0.231991 0.221178 0.947238 0.376327 0.200165 -0.142487 0.969346 0.383336 -0.978825 0.0141898 0.204208 -0.492692 -0.0428517 -0.989695 -0.136629 0.444498 
1535381938483 0.252776 0.926657 -0.278229 -0.628492 -0.939363 0.303929 0.158824 -0.239207 0.231738 0.221211 0.947293 0.376177 0.199839 -0.142719 0.969379 0.383274 -0.978842 0.0153119 0.204045 -0.492591 -0.043964 -0.989645 -0.136639 0.44449 
1535381938502 0.252708 0.926591 -0.27851 -0.628063 -0.939192 0.304092 0.15952 -0.239076 0.232502 0.221262 0.947093 0.376312 0.200418 -0.14154 0.969432 0.383324 -0.978807 0.0135621 0.204336 -0.492705 -0.0420692 -0.98984 -0.135822 0.44433 
1535381938682 0.25264 0.926525 -0.27879 -0.62763 -0.93902 0.304256 0.160216 -0.238942 0.233267 0.221313 0.946893 0.376449 0.201008 -0.140357 0.969482 0.383376 -0.978767 0.0117748 0.204637 -0.492821 -0.0401378 -0.990031 -0.13501 0.444169 
1535381938909 0.252572 0.926459 -0.279071 -0.627198 -0.938848 0.30442 0.160911 -0.238809 0.234032 0.221363 0.946693 0.376585 0.201595 -0.139173 0.969531 0.383427 -0.978724 0.00998781 0.20494 -0.492937 -0.0382056 -0.990218 -0.134198 0.444008 
1535381939153 0.252504 0.926393 -0.279351 -0.626764 -0.938676 0.304584 0.161606 -0.238676 0.234796 0.221414 0.946492 0.376721 0.20218 -0.137988 0.969579 0.383479 -0.978676 0.00820124 0.205244 -0.493053 -0.0362729 -0.9904 -0.133387 0.443847 
1535381939376 0.252436 0.926327 -0.279632 -0.626331 -0.938503 0.304748 0.162301 -0.238542 0.235561 0.221464 0.94629 0.376858 0.202763 -0.136801 0.969625 0.38353 -0.978626 0.00641493 0.20555 -0.493169 -0.0343396 -0.990578 -0.132576 0.443685 
1535381939642 0.252367 0.926261 -0.279912 -0.625899 -0.938329 0.304911 0.162996 -0.238409 0.236325 0.221515 0.946088 0.376994 0.203343 -0.135613 0.96967 0.383582 -0.978571 0.00462902 0.205857 -0.493284 -0.0324056 -0.990751 -0.131766 0.443524 
1535381939860 0.252298 0.926195 -0.280192 -0.625465 -0.938155 0.305076 0.16369 -0.238275 0.237089 0.221565 0.945885 0.37713 0.203922 -0.134424 0.969714 0.383633 -0.978513 0.00284342 0.206166 -0.4934 -0.030471 -0.99092 -0.130956 0.443363 
1535381940086 0.252229 0.926129 -0.280472 -0.625032 -0.93798 0.30524 0.164385 -0.238142 0.237853 0.221615 0.945681 0.377266 0.204497 -0.133234 0.969757 0.383685 -0.978451 0.00105824 0.206476 -0.493516 -0.0285359 -0.991084 -0.130147 0.443202 
1535381940317 0.25216 0.926063 -0.280752 -0.624599 -0.937805 0.305404 0.16508 -0.238009 0.238617 0.221664 0.945477 0.377403 0.205071 -0.132043 0.969799 0.383736 -0.978386 -0.000726566 0.206787 -0.493632 -0.0266002 -0.991244 -0.129338 0.443041 
1535381940584 0.252061 0.926159 -0.280525 -0.62483 -0.937965 0.305144 0.164648 -0.238012 0.238091 0.221621 0.94562 0.377323 0.204749 -0.13247 0.969809 0.383717 -0.978439 -0.000260102 0.206535 -0.493611 -0.0271075 -0.991187 -0.129667 0.443142 
1535381940595 0.252205 0.926055 -0.280739 -0.624553 -0.937946 0.305302 0.164465 -0.237871 0.238014 0.221839 0.945588 0.377403 0.205103 -0.132843 0.969683 0.383748 -0.978347 0.000269484 0.206972 -0.493737 -0.027756 -0.991137 -0.129911 0.443157 
1535381940613 0.25235 0.92595 -0.280954 -0.624272 -0.937926 0.305461 0.164281 -0.237727 0.237937 0.222058 0.945556 0.377484 0.205456 -0.133215 0.969557 0.383779 -0.978254 0.000798487 0.207408 -0.493864 -0.0284041 -0.991087 -0.130154 0.443173 
1535381940804 0.252495 0.925846 -0.281169 -0.623991 -0.937907 0.305619 0.164097 -0.237583 0.237859 0.222276 0.945524 0.377565 0.205809 -0.133587 0.969431 0.38381 -0.978161 0.00132726 0.207845 -0.493991 -0.0290522 -0.991036 -0.130396 0.443189 
1535381940956 0.25264 0.925741 -0.281384 -0.62371 -0.937887 0.305777 0.163913 -0.23744 0.237782 0.222495 0.945492 0.377646 0.206162 -0.133959 0.969305 0.383841 -0.978067 0.00185586 0.208283 -0.494119 -0.0297003 -0.990985 -0.130639 0.443204 
1535381941130 0.252785 0.925636 -0.281599 -0.623428 -0.937868 0.305936 0.163729 -0.237296 0.237705 0.222715 0.94546 0.377727 0.206515 -0.134332 0.969178 0.383873 -0.977973 0.00238428 0.20872 -0.494246 -0.0303486 -0.990934 -0.130881 0.44322 
1535381941297 0.25293 0.925531 -0.281814 -0.623148 -0.937848 0.306094 0.163546 -0.237152 0.237628 0.222933 0.945428 0.377808 0.206868 -0.134705 0.969051 0.383904 -0.977878 0.00291257 0.209157 -0.494373 -0.0309969 -0.990881 -0.131122 0.443235 
1535381941472 0.253075 0.925426 -0.282029 -0.622865 -0.937829 0.306252 0.163361 -0.237008 0.237551 0.223152 0.945395 0.377889 0.20722 -0.135078 0.968924 0.383935 -0.977782 0.00344072 0.209594 -0.4945 -0.0316453 -0.990829 -0.131364 0.443251 
1535381941633 0.25322 0.925321 -0.282244 -0.622585 -0.937809 0.30641 0.163177 -0.236865 0.237474 0.223371 0.945363 0.37797 0.207572 -0.135451 0.968797 0.383966 -0.977686 0.0039686 0.210032 -0.494627 -0.0322938 -0.990776 -0.131605 0.443267 
1535381941795 0.253365 0.925215 -0.282459 -0.622302 -0.937789 0.306568 0.162993 -0.236721 0.237397 0.22359 0.945331 0.378051 0.207924 -0.135824 0.968669 0.383998 -0.97759 0.00449639 0.210469 -0.494754 -0.0329423 -0.990723 -0.131846 0.443282 
1535381941992 0.253261 0.925306 -0.282253 -0.622495 -0.937815 0.306436 0.163097 -0.236798 0.237407 0.223395 0.945374 0.378007 0.207494 -0.135372 0.968824 0.383915 -0.977709 0.00380918 0.209929 -0.494634 -0.032109 -0.990788 -0.131564 0.443286 
1535381942010 0.25334 0.92526 -0.282335 -0.62225 -0.937767 0.30655 0.163155 -0.236699 0.23751 0.223431 0.94534 0.378075 0.207764 -0.135976 0.968682 0.383947 -0.977691 0.00240854 0.210034 -0.494701 -0.0308928 -0.990709 -0.132442 0.443406 
1535381942029 0.253419 0.925214 -0.282416 -0.622 -0.93772 0.306664 0.163212 -0.236598 0.237613 0.223466 0.945306 0.378145 0.208037 -0.136586 0.968537 0.383979 -0.97767 0.00101141 0.210142 -0.49477 -0.0296819 -0.990628 -0.133325 0.443525 
1535381942202 0.253498 0.925167 -0.282497 -0.621751 -0.937673 0.306778 0.16327 -0.236497 0.237716 0.223501 0.945271 0.378214 0.208312 -0.137195 0.968392 0.38401 -0.977648 -0.000385795 0.210248 -0.494839 -0.0284713 -0.990544 -0.134208 0.443645 
1535381942341 0.253577 0.925121 -0.282579 -0.621501 -0.937625 0.306893 0.163328 -0.236396 0.237819 0.223537 0.945237 0.378283 0.208586 -0.137803 0.968247 0.384042 -0.977624 -0.001783 0.210353 -0.494908 -0.0272609 -0.990458 -0.135091 0.443764 
1535381942458 0.253656 0.925074 -0.28266 -0.62125 -0.937578 0.307007 0.163385 -0.236295 0.237922 0.223572 0.945203 0.378353 0.208862 -0.138411 0.968101 0.384073 -0.977598 -0.00318035 0.210457 -0.494977 -0.0260506 -0.99037 -0.135975 0.443883 
1535381942590 0.253735 0.925027 -0.282742 -0.621002 -0.93753 0.307122 0.163443 -0.236194 0.238025 0.223608 0.945169 0.378422 0.209139 -0.139019 0.967954 0.384105 -0.97757 -0.00457779 0.21056 -0.495046 -0.0248406 -0.990279 -0.136858 0.444003 
1535381942708 0.253814 0.924981 -0.282823 -0.620751 -0.937483 0.307236 0.1635 -0.236092 0.238128 0.223643 0.945134 0.378491 0.209416 -0.139626 0.967807 0.384136 -0.977541 -0.00597519 0.210661 -0.495115 -0.0236308 -0.990186 -0.137741 0.444122 
1535381942838 0.253893 0.924934 -0.282904 -0.620502 -0.937435 0.307351 0.163558 -0.235992 0.238231 0.223678 0.9451 0.37856 0.209694 -0.140232 0.967659 0.384168 -0.97751 -0.00737267 0.210761 -0.495184 -0.0224212 -0.990091 -0.138624 0.444241 
1535381942973 0.253972 0.924888 -0.282986 -0.620251 -0.937387 0.307465 0.163615 -0.23589 0.238334 0.223714 0.945066 0.37863 0.209973 -0.140838 0.96751 0.384199 -0.977477 -0.00877025 0.21086 -0.495253 -0.0212118 -0.989994 -0.139508 0.444361 
1535381943124 0.253964 0.924903 -0.282944 -0.620481 -0.937424 0.307418 0.163497 -0.235984 0.238201 0.223716 0.945099 0.378601 0.209683 -0.140059 0.967686 0.384199 -0.977502 -0.00689615 0.210811 -0.49509 -0.0228527 -0.990119 -0.138354 0.444255 
1535381943147 0.253925 0.924872 -0.283079 -0.620253 -0.937405 0.307432 0.163575 -0.235887 0.238313 0.223824 0.945045 0.378673 0.210184 -0.140492 0.967515 0.384237 -0.977428 -0.00856369 0.211094 -0.495208 -0.0213716 -0.990045 -0.139121 0.444375 
1535381943166 0.253888 0.92484 -0.283216 -0.620022 -0.937387 0.307447 0.163652 -0.235787 0.238426 0.223934 0.94499 0.378746 0.210689 -0.140924 0.967342 0.384276 -0.977351 -0.010232 0.211378 -0.495329 -0.0198904 -0.989968 -0.139888 0.444495 
1535381943338 0.25385 0.924809 -0.283353 -0.61979 -0.937368 0.307463 0.163728 -0.235688 0.238538 0.224043 0.944936 0.378819 0.211193 -0.141355 0.967169 0.384315 -0.977271 -0.0119004 0.21166 -0.495449 -0.0184095 -0.989887 -0.140656 0.444615 
1535381943507 0.253813 0.924777 -0.283489 -0.619558 -0.93735 0.307478 0.163805 -0.235589 0.23865 0.224153 0.944882 0.378892 0.211698 -0.141785 0.966996 0.384353 -0.977188 -0.0135689 0.21194 -0.49557 -0.016929 -0.989804 -0.141424 0.444735 
1535381943640 0.253776 0.924745 -0.283626 -0.619326 -0.937331 0.307494 0.163882 -0.235489 0.238763 0.224262 0.944827 0.378965 0.212205 -0.142215 0.966822 0.384392 -0.977103 -0.0152376 0.21222 -0.49569 -0.0154489 -0.989719 -0.142192 0.444855 
1535381943768 0.253738 0.924714 -0.283763 -0.619095 -0.937313 0.307509 0.163959 -0.23539 0.238875 0.224372 0.944773 0.379037 0.212711 -0.142643 0.966647 0.384431 -0.977015 -0.0169061 0.212498 -0.49581 -0.0139691 -0.98963 -0.142961 0.444975 
1535381943901 0.253701 0.924682 -0.2839 -0.618862 -0.937294 0.307525 0.164036 -0.23529 0.238987 0.224482 0.944719 0.379111 0.213219 -0.143071 0.966472 0.38447 -0.976925 -0.018575 0.212775 -0.495931 -0.0124897 -0.989538 -0.14373 0.445095 
1535381944058 0.253664 0.92465 -0.284036 -0.618631 -0.937276 0.30754 0.164113 -0.235191 0.2391 0.224591 0.944664 0.379183 0.213726 -0.143497 0.966297 0.384509 -0.976832 -0.0202437 0.213049 -0.496051 -0.0110106 -0.989444 -0.144499 0.445215 
1535381944182 0.253626 0.924618 -0.284173 -0.6184 -0.937257 0.307556 0.16419 -0.235092 0.239212 0.2247 0.94461 0.379256 0.214234 -0.143923 0.966121 0.384547 -0.976736 -0.0219125 0.213323 -0.496171 -0.00953198 -0.989346 -0.145269 0.445335 
1535381944347 0.253595 0.924688 -0.283974 -0.618617 -0.937325 0.307435 0.16403 -0.235153 0.23898 0.224579 0.944697 0.379166 0.213709 -0.143619 0.966282 0.384501 -0.976837 -0.020427 0.213008 -0.496074 -0.0108538 -0.989422 -0.144658 0.445231 
1535381944357 0.253543 0.924635 -0.284193 -0.618411 -0.937229 0.307528 0.164406 -0.235096 0.239413 0.22467 0.944566 0.379235 0.213496 -0.143212 0.96639 0.384488 -0.976881 -0.0200455 0.212843 -0.496121 -0.0111099 -0.989489 -0.14418 0.445156 
1535381944373 0.253492 0.924582 -0.284412 -0.618201 -0.937132 0.307622 0.164782 -0.235036 0.239846 0.22476 0.944435 0.379306 0.213281 -0.142804 0.966498 0.384475 -0.976925 -0.0196644 0.212677 -0.496168 -0.0113656 -0.989556 -0.143703 0.445082 
1535381944517 0.253441 0.924529 -0.28463 -0.617991 -0.937035 0.307716 0.165158 -0.234977 0.240278 0.22485 0.944303 0.379376 0.213068 -0.142397 0.966605 0.384462 -0.976968 -0.0192835 0.212511 -0.496214 -0.0116214 -0.989622 -0.143226 0.445007 
1535381944590 0.25339 0.924475 -0.284849 -0.61778 -0.936937 0.30781 0.165534 -0.234917 0.240711 0.224941 0.944172 0.379447 0.212854 -0.141989 0.966712 0.38445 -0.977012 -0.0189027 0.212346 -0.496261 -0.0118774 -0.989688 -0.142749 0.444932 
1535381944711 0.253339 0.924422 -0.285067 -0.617569 -0.93684 0.307904 0.165909 -0.234857 0.241144 0.225031 0.94404 0.379517 0.21264 -0.141582 0.966819 0.384437 -0.977055 -0.0185219 0.212179 -0.496307 -0.0121334 -0.989753 -0.142272 0.444858 
1535381944779 0.253287 0.924369 -0.285285 -0.617359 -0.936742 0.307998 0.166285 -0.234798 0.241576 0.225121 0.943908 0.379587 0.212426 -0.141174 0.966925 0.384424 -0.977099 -0.0181412 0.212013 -0.496354 -0.0123896 -0.989819 -0.141795 0.444783 
1535381944919 0.253236 0.924315 -0.285504 -0.617148 -0.936645 0.308092 0.166661 -0.234738 0.242009 0.225211 0.943775 0.379658 0.212213 -0.140766 0.967032 0.384411 -0.977142 -0.0177605 0.211846 -0.4964 -0.0126458 -0.989884 -0.141318 0.444708 
1535381944955 0.253185 0.924262 -0.285722 -0.616938 -0.936547 0.308187 0.167037 -0.234679 0.242441 0.225301 0.943643 0.379728 0.211999 -0.140358 0.967138 0.384398 -0.977185 -0.0173799 0.211679 -0.496447 -0.0129022 -0.989948 -0.140841 0.444633 
1535381945094 0.253133 0.924209 -0.285941 -0.616727 -0.936449 0.308281 0.167412 -0.234619 0.242874 0.225391 0.94351 0.379799 0.211785 -0.13995 0.967244 0.384385 -0.977228 -0.0169992 0.211511 -0.496494 -0.0131586 -0.990013 -0.140364 0.444559 
1535381945167 0.252825 0.924352 -0.285749 -0.617006 -0.936705 0.307791 0.166877 -0.234561 0.242204 0.225472 0.943663 0.37964 0.212102 -0.140689 0.967067 0.384415 -0.977166 -0.0177336 0.211737 -0.496435 -0.0126395 -0.989895 -0.141238 0.444754 
1535381945189 0.252814 0.924379 -0.285674 -0.61679 -0.936651 0.30782 0.167128 -0.234508 0.242425 0.225324 0.943641 0.379701 0.211753 -0.14039 0.967187 0.384395 -0.977228 -0.0165933 0.211543 -0.4965 -0.0136497 -0.989957 -0.140707 0.444673 
1535381945204 0.252803 0.924405 -0.285598 -0.61657 -0.936597 0.307849 0.167378 -0.234454 0.242647 0.225177 0.94362 0.379763 0.211404 -0.140091 0.967307 0.384374 -0.977289 -0.0154534 0.211348 -0.496565 -0.0146598 -0.990018 -0.140177 0.444593 
1535381945345 0.252792 0.924431 -0.285523 -0.61635 -0.936542 0.307878 0.167629 -0.2344 0.242868 0.225029 0.943598 0.379824 0.211055 -0.139792 0.967426 0.384354 -0.977348 -0.0143135 0.211152 -0.49663 -0.0156702 -0.990077 -0.139647 0.444512 
1535381945375 0.252781 0.924457 -0.285447 -0.61613 -0.936488 0.307907 0.16788 -0.234345 0.243089 0.224881 0.943576 0.379886 0.210707 -0.139493 0.967546 0.384334 -0.977407 -0.0131736 0.210955 -0.496694 -0.0166807 -0.990135 -0.139117 0.444431 
1535381945509 0.25277 0.924484 -0.285372 -0.615911 -0.936433 0.307936 0.168131 -0.234291 0.24331 0.224733 0.943554 0.379947 0.210359 -0.139193 0.967664 0.384313 -0.977464 -0.0120338 0.210758 -0.496759 -0.0176913 -0.990192 -0.138587 0.444351 
1535381945571 0.252759 0.92451 -0.285297 -0.61569 -0.936379 0.307965 0.168381 -0.234236 0.243532 0.224586 0.943533 0.380009 0.210011 -0.138892 0.967783 0.384293 -0.97752 -0.010894 0.21056 -0.496824 -0.0187022 -0.990248 -0.138058 0.44427 
1535381945699 0.252748 0.924536 -0.285221 -0.61547 -0.936324 0.307994 0.168632 -0.234182 0.243753 0.224438 0.943511 0.380071 0.209663 -0.138591 0.967902 0.384272 -0.977575 -0.00975424 0.210362 -0.496888 -0.0197132 -0.990302 -0.137528 0.444189 
1535381945746 0.252738 0.924562 -0.285146 -0.615249 -0.936269 0.308023 0.168883 -0.234127 0.243974 0.22429 0.943488 0.380133 0.209316 -0.13829 0.96802 0.384252 -0.977628 -0.00861459 0.210163 -0.496953 -0.0207244 -0.990354 -0.136999 0.444108 
1535381945875 0.252727 0.924589 -0.28507 -0.61503 -0.936215 0.308052 0.169134 -0.234073 0.244195 0.224142 0.943466 0.380194 0.208969 -0.137988 0.968138 0.384232 -0.977681 -0.0074749 0.209963 -0.497018 -0.0217357 -0.990406 -0.13647 0.444028 
1535381945959 0.252593 0.924606 -0.285132 -0.615293 -0.936364 0.307831 0.168708 -0.234135 0.243761 0.224373 0.943524 0.380119 0.209527 -0.138568 0.967934 0.384238 -0.977605 -0.00976988 0.210222 -0.496939 -0.0196735 -0.990305 -0.137512 0.444231 
1535381945976 0.252727 0.924629 -0.284938 -0.614959 -0.9363 0.30795 0.168849 -0.234023 0.243869 0.224115 0.943557 0.380208 0.209522 -0.138391 0.967961 0.38423 -0.977583 -0.00859669 0.210375 -0.497099 -0.0207927 -0.99034 -0.137089 0.444141 
1535381946038 0.252876 0.924645 -0.284756 -0.614635 -0.936236 0.30808 0.168963 -0.233925 0.243958 0.223872 0.943592 0.380292 0.209517 -0.138212 0.967988 0.384222 -0.977559 -0.00742346 0.210529 -0.49726 -0.0219118 -0.990375 -0.136665 0.444051 
1535381946182 0.253025 0.92466 -0.284574 -0.61431 -0.936173 0.308211 0.169077 -0.233828 0.244047 0.22363 0.943626 0.380376 0.209513 -0.138033 0.968014 0.384214 -0.977535 -0.00625018 0.210682 -0.497421 -0.0230308 -0.990408 -0.136241 0.443961 
1535381946309 0.253174 0.924675 -0.284392 -0.613986 -0.936109 0.308341 0.169191 -0.23373 0.244136 0.223388 0.943661 0.38046 0.209509 -0.137854 0.96804 0.384206 -0.977508 -0.00507687 0.210835 -0.497583 -0.0241498 -0.99044 -0.135817 0.443871 
1535381946453 0.253323 0.92469 -0.28421 -0.613661 -0.936046 0.308471 0.169305 -0.233631 0.244225 0.223145 0.943695 0.380545 0.209505 -0.137675 0.968067 0.384198 -0.977481 -0.00390347 0.210987 -0.497744 -0.0252688 -0.99047 -0.135392 0.443781 
1535381946582 0.253472 0.924705 -0.284028 -0.613337 -0.935982 0.308601 0.169419 -0.233534 0.244314 0.222903 0.943729 0.380629 0.209502 -0.137496 0.968093 0.38419 -0.977452 -0.00273013 0.211139 -0.497905 -0.0263877 -0.990499 -0.134967 0.443691 
1535381946737 0.253621 0.92472 -0.283847 -0.613011 -0.935919 0.308731 0.169533 -0.233436 0.244403 0.22266 0.943764 0.380713 0.209498 -0.137316 0.968119 0.384182 -0.977422 -0.00155667 0.21129 -0.498066 -0.0275066 -0.990526 -0.134542 0.443602 
1535381946868 0.253769 0.924735 -0.283665 -0.612687 -0.935855 0.308861 0.169647 -0.233338 0.244492 0.222418 0.943798 0.380797 0.209495 -0.137137 0.968145 0.384174 -0.977391 -0.000383207 0.211441 -0.498227 -0.0286255 -0.990552 -0.134117 0.443512 
1535381947010 0.253918 0.92475 -0.283483 -0.612363 -0.935792 0.308991 0.169762 -0.23324 0.244581 0.222175 0.943832 0.380881 0.209492 -0.136958 0.968171 0.384166 -0.977358 0.000790215 0.211592 -0.498388 -0.0297443 -0.990576 -0.133692 0.443422 
1535381947178 0.25388 0.924698 -0.283688 -0.612596 -0.935792 0.309 0.169742 -0.23339 0.244619 0.222379 0.943774 0.380817 0.209407 -0.137234 0.968151 0.384136 -0.977432 -0.0011705 0.211248 -0.498166 -0.0278572 -0.990538 -0.134382 0.443568 
1535381947194 0.254131 0.924593 -0.283805 -0.612287 -0.935736 0.309251 0.169592 -0.233231 0.244571 0.222468 0.943765 0.380907 0.209099 -0.13667 0.968297 0.384125 -0.977506 -0.00130386 0.210904 -0.498244 -0.0275616 -0.990616 -0.133868 0.443463 
1535381947209 0.254383 0.924487 -0.283923 -0.611974 -0.935681 0.309501 0.169442 -0.233069 0.244521 0.222558 0.943757 0.380997 0.20879 -0.136105 0.968443 0.384114 -0.97758 -0.001438 0.210558 -0.498322 -0.0272652 -0.990693 -0.133353 0.443358 
1535381947420 0.254635 0.924382 -0.28404 -0.611661 -0.935625 0.309751 0.169291 -0.232908 0.244471 0.222648 0.943749 0.381087 0.208481 -0.13554 0.968589 0.384103 -0.977655 -0.00157239 0.210212 -0.4984 -0.026969 -0.990771 -0.132839 0.443253 
1535381947606 0.254887 0.924276 -0.284158 -0.611347 -0.93557 0.310002 0.16914 -0.232746 0.244422 0.222738 0.94374 0.381178 0.208171 -0.134975 0.968735 0.384092 -0.977729 -0.00170695 0.209866 -0.498478 -0.026673 -0.990848 -0.132324 0.443148 
1535381947780 0.255139 0.924171 -0.284275 -0.611035 -0.935514 0.310252 0.16899 -0.232585 0.244372 0.222828 0.943732 0.381268 0.207862 -0.13441 0.968879 0.384081 -0.977802 -0.00184185 0.209521 -0.498556 -0.0263771 -0.990924 -0.131809 0.443043 
