1537347622489 0.275657 0.633204 -0.723233 -0.604483 -0.8825 0.464965 0.0707247 -0.181741 0.381061 0.618757 0.686973 0.426588 0.16008 -0.304787 0.938871 0.370831 -0.775623 0.549475 0.310623 -0.528794 -0.61056 -0.777934 -0.14844 0.432481 
1537347622501 -0.178473 0.803848 -0.56743 -0.607654 -0.974919 -0.0665366 0.212381 -0.258397 0.132967 0.591102 0.795561 0.412929 0.316225 -0.384867 0.86711 0.400813 -0.930002 -0.30626 0.203228 -0.504337 0.187345 -0.870679 -0.454774 0.485882 
1537347622518 -0.170891 0.756691 -0.631042 -0.618045 -0.974018 -0.0331391 0.224034 -0.26167 0.148613 0.652932 0.742694 0.418596 0.316225 -0.384867 0.86711 0.400813 -0.930002 -0.30626 0.203228 -0.504337 0.187345 -0.870679 -0.454774 0.485882 
1537347622527 -0.164561 0.704301 -0.690565 -0.628436 -0.972509 0.00109289 0.232862 -0.264944 0.16476 0.709901 0.684759 0.424263 0.316225 -0.384867 0.86711 0.400813 -0.930002 -0.30626 0.203228 -0.504337 0.187345 -0.870679 -0.454774 0.485882 
1537347622537 -0.159528 0.647055 -0.745568 -0.638826 -0.970404 0.0359114 0.238802 -0.268216 0.181292 0.761597 0.622176 0.429931 0.316225 -0.384867 0.86711 0.400813 -0.930002 -0.30626 0.203228 -0.504337 0.187345 -0.870679 -0.454774 0.485882 
1537347622547 -0.155828 0.585366 -0.795653 -0.649215 -0.967718 0.0710651 0.24181 -0.271488 0.198091 0.807649 0.555395 0.435597 0.316225 -0.384867 0.86711 0.400813 -0.930002 -0.30626 0.203228 -0.504337 0.187345 -0.870679 -0.454774 0.485882 
1537347622567 -0.153489 0.519681 -0.84046 -0.6596 -0.96447 0.1063 0.241865 -0.274758 0.215034 0.847722 0.4849 0.441264 0.316225 -0.384867 0.86711 0.400813 -0.930002 -0.30626 0.203228 -0.504337 0.187345 -0.870679 -0.454774 0.485882 
1537347622577 -0.152527 0.450473 -0.879665 -0.669981 -0.960683 0.141363 0.238966 -0.278024 0.231999 0.881528 0.4112 0.446928 0.316225 -0.384867 0.86711 0.400813 -0.930002 -0.30626 0.203228 -0.504337 0.187345 -0.870679 -0.454774 0.485882 
1537347622587 -0.152946 0.378243 -0.912984 -0.680352 -0.956386 0.176 0.233132 -0.281282 0.248865 0.908821 0.334828 0.45259 0.316225 -0.384867 0.86711 0.400813 -0.930002 -0.30626 0.203228 -0.504337 0.187345 -0.870679 -0.454774 0.485882 
1537347622605 -0.154215 0.303706 -0.940202 -0.688495 -0.951666 0.210153 0.22398 -0.282961 0.26561 0.9293 0.256618 0.457728 0.316379 -0.384993 0.866998 0.401317 -0.929989 -0.306181 0.203405 -0.505249 0.187149 -0.870651 -0.454908 0.48631 
1537347622638 0.275657 0.633204 -0.723233 -0.604483 -0.8825 0.464965 0.0707247 -0.181741 0.381061 0.618757 0.686973 0.426588 0.16008 -0.304787 0.938871 0.370831 -0.775623 0.549475 0.310623 -0.528794 -0.61056 -0.777934 -0.14844 0.432481 
1537347622658 -0.157908 0.226825 -0.961049 -0.701083 -0.946386 0.242999 0.212851 -0.287786 0.281814 0.943134 0.176292 0.463899 0.316223 -0.384865 0.867111 0.400804 -0.930002 -0.306261 0.203225 -0.504321 0.187348 -0.87068 -0.454772 0.485875 
1537347622671 -0.157909 0.226824 -0.961049 -0.701083 -0.946386 0.242999 0.212852 -0.287786 0.281814 0.943134 0.176292 0.463899 0.316223 -0.384865 0.867111 0.400804 -0.930002 -0.306261 0.203225 -0.504321 0.187348 -0.87068 -0.454772 0.485875 
1537347622688 -0.157909 0.226824 -0.961049 -0.701083 -0.946386 0.242999 0.212852 -0.287786 0.281814 0.943134 0.176291 0.463899 0.316223 -0.384865 0.867111 0.400804 -0.930002 -0.306261 0.203225 -0.504321 0.187348 -0.87068 -0.454772 0.485875 
1537347622698 -0.15791 0.226824 -0.961049 -0.701083 -0.946386 0.242998 0.212852 -0.287786 0.281813 0.943135 0.176291 0.463899 0.316223 -0.384865 0.867111 0.400804 -0.930002 -0.306261 0.203225 -0.504321 0.187348 -0.87068 -0.454772 0.485875 
1537347622708 -0.157911 0.226824 -0.961049 -0.701083 -0.946386 0.242998 0.212853 -0.287786 0.281813 0.943135 0.176291 0.463899 0.316223 -0.384865 0.867111 0.400804 -0.930002 -0.306261 0.203225 -0.504321 0.187348 -0.87068 -0.454772 0.485875 
1537347622718 -0.157911 0.226823 -0.961049 -0.701083 -0.946386 0.242998 0.212853 -0.287786 0.281813 0.943135 0.17629 0.463899 0.316223 -0.384865 0.867111 0.400804 -0.930002 -0.306261 0.203225 -0.504321 0.187348 -0.87068 -0.454772 0.485875 
1537347622728 -0.157912 0.226823 -0.961049 -0.701083 -0.946386 0.242997 0.212853 -0.287786 0.281812 0.943135 0.17629 0.463899 0.316223 -0.384865 0.867111 0.400804 -0.930002 -0.306261 0.203225 -0.504321 0.187348 -0.87068 -0.454772 0.485875 
1537347622738 -0.157912 0.226823 -0.961049 -0.701083 -0.946386 0.242997 0.212854 -0.287786 0.281812 0.943135 0.17629 0.463899 0.316223 -0.384865 0.867111 0.400804 -0.930002 -0.306261 0.203225 -0.504321 0.187348 -0.87068 -0.454772 0.485875 
1537347622748 -0.15725 0.227101 -0.961092 -0.698741 -0.946451 0.243207 0.212323 -0.286029 0.281963 0.943014 0.176695 0.46316 0.316334 -0.384956 0.867031 0.401168 -0.929993 -0.306204 0.203353 -0.504979 0.187206 -0.87066 -0.454869 0.486184 
1537347622789 0.275657 0.633204 -0.723233 -0.604483 -0.8825 0.464965 0.0707247 -0.181741 0.381061 0.618757 0.686973 0.426588 0.16008 -0.304787 0.938871 0.370831 -0.775623 0.549475 0.310623 -0.528794 -0.61056 -0.777934 -0.14844 0.432481 
1537347622809 -0.157128 0.226833 -0.961175 -0.701194 -0.946629 0.242761 0.212041 -0.287831 0.281434 0.943193 0.176582 0.463852 0.316223 -0.384865 0.867111 0.400804 -0.930002 -0.306261 0.203225 -0.504321 0.187348 -0.87068 -0.454772 0.485875 
1537347622829 -0.156343 0.226844 -0.9613 -0.701305 -0.946871 0.242526 0.211227 -0.287876 0.281056 0.943251 0.176875 0.463805 0.316223 -0.384865 0.867111 0.400804 -0.930002 -0.306261 0.203225 -0.504321 0.187348 -0.87068 -0.454772 0.485875 
1537347622839 -0.155558 0.226856 -0.961425 -0.701416 -0.947112 0.242291 0.210412 -0.287921 0.280678 0.943309 0.177168 0.463758 0.316223 -0.384865 0.867111 0.400804 -0.930002 -0.306261 0.203225 -0.504321 0.187348 -0.87068 -0.454772 0.485875 
1537347622849 -0.154772 0.226867 -0.961549 -0.701527 -0.947353 0.242055 0.209598 -0.287966 0.280299 0.943367 0.17746 0.463711 0.316223 -0.384865 0.867111 0.400804 -0.930002 -0.306261 0.203225 -0.504321 0.187348 -0.87068 -0.454772 0.485875 
1537347622859 -0.153987 0.226879 -0.961673 -0.701638 -0.947593 0.24182 0.208783 -0.288011 0.27992 0.943424 0.177752 0.463664 0.316223 -0.384865 0.867111 0.400804 -0.930002 -0.306261 0.203225 -0.504321 0.187348 -0.87068 -0.454772 0.485875 
1537347622869 -0.153201 0.226891 -0.961795 -0.701749 -0.947832 0.241585 0.207968 -0.288056 0.279541 0.943481 0.178043 0.463617 0.316223 -0.384865 0.867111 0.400804 -0.930002 -0.306261 0.203225 -0.504321 0.187348 -0.87068 -0.454772 0.485875 
1537347622879 -0.152416 0.226903 -0.961917 -0.701859 -0.948071 0.24135 0.207153 -0.288101 0.279162 0.943539 0.178335 0.46357 0.316223 -0.384865 0.867111 0.400804 -0.930002 -0.306261 0.203225 -0.504321 0.187348 -0.87068 -0.454772 0.485875 
1537347622889 -0.15163 0.226915 -0.962038 -0.70197 -0.948308 0.241114 0.206337 -0.288146 0.278782 0.943596 0.178625 0.463524 0.316223 -0.384865 0.867111 0.400804 -0.930002 -0.306261 0.203225 -0.504321 0.187348 -0.87068 -0.454772 0.485875 
1537347622899 -0.150177 0.227206 -0.962198 -0.699731 -0.948608 0.241091 0.204985 -0.286424 0.278551 0.943532 0.179323 0.462739 0.316334 -0.384956 0.867031 0.401168 -0.929993 -0.306204 0.203353 -0.504979 0.187206 -0.87066 -0.454869 0.486184 
1537347643609 0.275657 0.633204 -0.723233 -0.604483 -0.8825 0.464965 0.0707247 -0.181741 0.381061 0.618757 0.686973 0.426588 0.16008 -0.304787 0.938871 0.370831 -0.775623 0.549475 0.310623 -0.528794 -0.61056 -0.777934 -0.14844 0.432481 
1537347643619 -0.150047 0.227013 -0.962264 -0.701931 -0.948717 0.240854 0.204755 -0.288034 0.278247 0.943639 0.179231 0.463369 0.316223 -0.384865 0.867111 0.400804 -0.930002 -0.306261 0.203225 -0.504321 0.187348 -0.87068 -0.454772 0.485875 
1537347643629 -0.150035 0.227085 -0.962248 -0.701671 -0.948653 0.241065 0.204805 -0.287832 0.278472 0.943568 0.179256 0.463308 0.316223 -0.384865 0.867111 0.400804 -0.930002 -0.306261 0.203225 -0.504321 0.187348 -0.87068 -0.454772 0.485875 
1537347643639 -0.150024 0.227157 -0.962233 -0.70141 -0.948589 0.241275 0.204855 -0.28763 0.278697 0.943497 0.179281 0.463247 0.316223 -0.384865 0.867111 0.400804 -0.930002 -0.306261 0.203225 -0.504321 0.187348 -0.87068 -0.454772 0.485875 
1537347643650 -0.150012 0.227229 -0.962218 -0.70115 -0.948524 0.241486 0.204905 -0.287429 0.278922 0.943425 0.179306 0.463186 0.316223 -0.384865 0.867111 0.400804 -0.930002 -0.306261 0.203225 -0.504321 0.187348 -0.87068 -0.454772 0.485875 
1537347643666 -0.150001 0.227301 -0.962203 -0.700889 -0.94846 0.241696 0.204954 -0.287227 0.279147 0.943354 0.179331 0.463126 0.316223 -0.384865 0.867111 0.400804 -0.930002 -0.306261 0.203225 -0.504321 0.187348 -0.87068 -0.454772 0.485875 
1537347643686 -0.149989 0.227373 -0.962187 -0.700629 -0.948396 0.241907 0.205004 -0.287025 0.279372 0.943283 0.179356 0.463065 0.316223 -0.384865 0.867111 0.400804 -0.930002 -0.306261 0.203225 -0.504321 0.187348 -0.87068 -0.454772 0.485875 
1537347643696 -0.149978 0.227445 -0.962172 -0.700368 -0.948331 0.242117 0.205054 -0.286823 0.279597 0.943211 0.179381 0.463004 0.316223 -0.384865 0.867111 0.400804 -0.930002 -0.306261 0.203225 -0.504321 0.187348 -0.87068 -0.454772 0.485875 
1537347643726 -0.149966 0.227518 -0.962157 -0.700108 -0.948267 0.242328 0.205104 -0.286622 0.279822 0.94314 0.179406 0.462943 0.316223 -0.384865 0.867111 0.400804 -0.930002 -0.306261 0.203225 -0.504321 0.187348 -0.87068 -0.454772 0.485875 
1537347643756 -0.149317 0.227854 -0.962178 -0.697615 -0.948261 0.242742 0.204641 -0.284736 0.280189 0.942952 0.179819 0.46218 0.316334 -0.384956 0.867031 0.401168 -0.929993 -0.306204 0.203353 -0.504979 0.187206 -0.87066 -0.454869 0.486184 
1537347643785 0.275657 0.633204 -0.723233 -0.604483 -0.8825 0.464965 0.0707247 -0.181741 0.381061 0.618757 0.686973 0.426588 0.16008 -0.304787 0.938871 0.370831 -0.775623 0.549475 0.310623 -0.528794 -0.61056 -0.777934 -0.14844 0.432481 
1537347643808 -0.149943 0.227662 -0.962126 -0.699587 -0.948137 0.242749 0.205203 -0.286218 0.280272 0.942997 0.179457 0.462822 0.316223 -0.384865 0.867111 0.400804 -0.930002 -0.306261 0.203225 -0.504321 0.187348 -0.87068 -0.454772 0.485875 
1537347643818 -0.149942 0.227663 -0.962126 -0.699587 -0.948137 0.242749 0.205202 -0.286218 0.280273 0.942997 0.179457 0.462822 0.316223 -0.384865 0.867111 0.400804 -0.930002 -0.306261 0.203225 -0.504321 0.187348 -0.87068 -0.454772 0.485875 
1537347643828 -0.149942 0.227663 -0.962126 -0.699587 -0.948137 0.24275 0.205202 -0.286218 0.280273 0.942996 0.179457 0.462822 0.316223 -0.384865 0.867111 0.400804 -0.930002 -0.306261 0.203225 -0.504321 0.187348 -0.87068 -0.454772 0.485875 
1537347643838 -0.149941 0.227663 -0.962126 -0.699587 -0.948137 0.24275 0.205202 -0.286218 0.280273 0.942996 0.179458 0.462822 0.316223 -0.384865 0.867111 0.400804 -0.930002 -0.306261 0.203225 -0.504321 0.187348 -0.87068 -0.454772 0.485875 
1537347643848 -0.14994 0.227663 -0.962126 -0.699587 -0.948137 0.242751 0.205201 -0.286218 0.280274 0.942996 0.179458 0.462822 0.316223 -0.384865 0.867111 0.400804 -0.930002 -0.306261 0.203225 -0.504321 0.187348 -0.87068 -0.454772 0.485875 
1537347643858 -0.14994 0.227664 -0.962126 -0.699587 -0.948137 0.242751 0.205201 -0.286218 0.280274 0.942996 0.179458 0.462822 0.316223 -0.384865 0.867111 0.400804 -0.930002 -0.306261 0.203225 -0.504321 0.187348 -0.87068 -0.454772 0.485875 
1537347643868 -0.149939 0.227664 -0.962126 -0.699587 -0.948137 0.242751 0.205201 -0.286218 0.280274 0.942996 0.179459 0.462822 0.316223 -0.384865 0.867111 0.400804 -0.930002 -0.306261 0.203225 -0.504321 0.187348 -0.87068 -0.454772 0.485875 
1537347643878 -0.149939 0.227664 -0.962126 -0.699587 -0.948137 0.242752 0.2052 -0.286218 0.280274 0.942996 0.179459 0.462822 0.316223 -0.384865 0.867111 0.400804 -0.930002 -0.306261 0.203225 -0.504321 0.187348 -0.87068 -0.454772 0.485875 
1537347643888 -0.149304 0.227927 -0.962163 -0.697367 -0.948196 0.242954 0.20469 -0.284544 0.280416 0.94288 0.179845 0.462123 0.316334 -0.384956 0.867031 0.401168 -0.929993 -0.306204 0.203353 -0.504979 0.187206 -0.87066 -0.454869 0.486184 
1537347643927 0.275657 0.633204 -0.723233 -0.604483 -0.8825 0.464965 0.0707247 -0.181741 0.381061 0.618757 0.686973 0.426588 0.16008 -0.304787 0.938871 0.370831 -0.775623 0.549475 0.310623 -0.528794 -0.61056 -0.777934 -0.14844 0.432481 
1537347643940 -0.149938 0.227665 -0.962127 -0.699587 -0.948137 0.242752 0.205199 -0.286218 0.280275 0.942995 0.17946 0.462822 0.316223 -0.384865 0.867111 0.400804 -0.930002 -0.306261 0.203225 -0.504321 0.187348 -0.87068 -0.454772 0.485875 
1537347643957 -0.149938 0.227665 -0.962127 -0.699587 -0.948137 0.242752 0.205199 -0.286218 0.280275 0.942995 0.17946 0.462822 0.316223 -0.384865 0.867111 0.400804 -0.930002 -0.306261 0.203225 -0.504321 0.187348 -0.87068 -0.454772 0.485875 
1537347643967 -0.149938 0.227665 -0.962127 -0.699587 -0.948137 0.242752 0.205199 -0.286218 0.280275 0.942995 0.17946 0.462822 0.316223 -0.384865 0.867111 0.400804 -0.930002 -0.306261 0.203225 -0.504321 0.187348 -0.87068 -0.454772 0.485875 
1537347643987 -0.149938 0.227665 -0.962127 -0.699587 -0.948137 0.242752 0.205199 -0.286218 0.280275 0.942995 0.17946 0.462822 0.316223 -0.384865 0.867111 0.400804 -0.930002 -0.306261 0.203225 -0.504321 0.187348 -0.87068 -0.454772 0.485875 
1537347643997 -0.149938 0.227665 -0.962127 -0.699587 -0.948137 0.242752 0.205199 -0.286218 0.280275 0.942995 0.17946 0.462822 0.316223 -0.384865 0.867111 0.400804 -0.930002 -0.306261 0.203225 -0.504321 0.187348 -0.87068 -0.454772 0.485875 
1537347644007 -0.149938 0.227665 -0.962127 -0.699587 -0.948137 0.242752 0.205199 -0.286218 0.280275 0.942995 0.17946 0.462822 0.316223 -0.384865 0.867111 0.400804 -0.930002 -0.306261 0.203225 -0.504321 0.187348 -0.87068 -0.454772 0.485875 
1537347644027 -0.149938 0.227665 -0.962127 -0.699587 -0.948137 0.242752 0.205199 -0.286218 0.280275 0.942995 0.17946 0.462822 0.316223 -0.384865 0.867111 0.400804 -0.930002 -0.306261 0.203225 -0.504321 0.187348 -0.87068 -0.454772 0.485875 
1537347644037 -0.149938 0.227665 -0.962127 -0.699587 -0.948137 0.242752 0.205199 -0.286218 0.280275 0.942995 0.17946 0.462822 0.316223 -0.384865 0.867111 0.400804 -0.930002 -0.306261 0.203225 -0.504321 0.187348 -0.87068 -0.454772 0.485875 
1537347644047 -0.149303 0.227927 -0.962163 -0.697367 -0.948196 0.242955 0.20469 -0.284544 0.280416 0.94288 0.179845 0.462123 0.316334 -0.384956 0.867031 0.401168 -0.929993 -0.306204 0.203353 -0.504979 0.187206 -0.87066 -0.454869 0.486184 
1537347644096 0.275657 0.633204 -0.723233 -0.604483 -0.8825 0.464965 0.0707247 -0.181741 0.381061 0.618757 0.686973 0.426588 0.16008 -0.304787 0.938871 0.370831 -0.775623 0.549475 0.310623 -0.528794 -0.61056 -0.777934 -0.14844 0.432481 
1537347644116 -0.149938 0.227665 -0.962127 -0.699587 -0.948137 0.242752 0.205199 -0.286218 0.280275 0.942995 0.17946 0.462822 0.316223 -0.384865 0.867111 0.400804 -0.930002 -0.306261 0.203225 -0.504321 0.187348 -0.87068 -0.454772 0.485875 
1537347644126 -0.149938 0.227665 -0.962127 -0.699587 -0.948137 0.242752 0.205199 -0.286218 0.280275 0.942995 0.17946 0.462822 0.316223 -0.384865 0.867111 0.400804 -0.930002 -0.306261 0.203225 -0.504321 0.187348 -0.87068 -0.454772 0.485875 
1537347644137 -0.149938 0.227665 -0.962127 -0.699587 -0.948137 0.242752 0.205199 -0.286218 0.280275 0.942995 0.17946 0.462822 0.316223 -0.384865 0.867111 0.400804 -0.930002 -0.306261 0.203225 -0.504321 0.187348 -0.87068 -0.454772 0.485875 
1537347644146 -0.149938 0.227665 -0.962127 -0.699587 -0.948137 0.242752 0.205199 -0.286218 0.280275 0.942995 0.17946 0.462822 0.316223 -0.384865 0.867111 0.400804 -0.930002 -0.306261 0.203225 -0.504321 0.187348 -0.87068 -0.454772 0.485875 
1537347644156 -0.149938 0.227665 -0.962127 -0.699587 -0.948137 0.242752 0.205199 -0.286218 0.280275 0.942995 0.17946 0.462822 0.316223 -0.384865 0.867111 0.400804 -0.930002 -0.306261 0.203225 -0.504321 0.187348 -0.87068 -0.454772 0.485875 
1537347644166 -0.149938 0.227665 -0.962127 -0.699587 -0.948137 0.242752 0.205199 -0.286218 0.280275 0.942995 0.17946 0.462822 0.316223 -0.384865 0.867111 0.400804 -0.930002 -0.306261 0.203225 -0.504321 0.187348 -0.87068 -0.454772 0.485875 
1537347644178 -0.149938 0.227665 -0.962127 -0.699587 -0.948137 0.242752 0.205199 -0.286218 0.280275 0.942995 0.17946 0.462822 0.316223 -0.384865 0.867111 0.400804 -0.930002 -0.306261 0.203225 -0.504321 0.187348 -0.87068 -0.454772 0.485875 
1537347644196 -0.149938 0.227665 -0.962127 -0.699587 -0.948137 0.242752 0.205199 -0.286218 0.280275 0.942995 0.17946 0.462822 0.316223 -0.384865 0.867111 0.400804 -0.930002 -0.306261 0.203225 -0.504321 0.187348 -0.87068 -0.454772 0.485875 
1537347644206 -0.149303 0.227927 -0.962163 -0.697367 -0.948196 0.242955 0.20469 -0.284544 0.280416 0.94288 0.179845 0.462123 0.316334 -0.384956 0.867031 0.401168 -0.929993 -0.306204 0.203353 -0.504979 0.187206 -0.87066 -0.454869 0.486184 
1537347644256 0.275657 0.633204 -0.723233 -0.604483 -0.8825 0.464965 0.0707247 -0.181741 0.381061 0.618757 0.686973 0.426588 0.16008 -0.304787 0.938871 0.370831 -0.775623 0.549475 0.310623 -0.528794 -0.61056 -0.777934 -0.14844 0.432481 
1537347644277 -0.149938 0.227665 -0.962127 -0.699587 -0.948137 0.242752 0.205199 -0.286218 0.280275 0.942995 0.17946 0.462822 0.316223 -0.384865 0.867111 0.400804 -0.930002 -0.306261 0.203225 -0.504321 0.187348 -0.87068 -0.454772 0.485875 
1537347644297 -0.149938 0.227665 -0.962127 -0.699587 -0.948137 0.242752 0.205199 -0.286218 0.280275 0.942995 0.17946 0.462822 0.316223 -0.384865 0.867111 0.400804 -0.930002 -0.306261 0.203225 -0.504321 0.187348 -0.87068 -0.454772 0.485875 
1537347644306 -0.149938 0.227665 -0.962127 -0.699587 -0.948137 0.242752 0.205199 -0.286218 0.280275 0.942995 0.17946 0.462822 0.316223 -0.384865 0.867111 0.400804 -0.930002 -0.306261 0.203225 -0.504321 0.187348 -0.87068 -0.454772 0.485875 
1537347644316 -0.149938 0.227665 -0.962127 -0.699587 -0.948137 0.242752 0.205199 -0.286218 0.280275 0.942995 0.17946 0.462822 0.316223 -0.384865 0.867111 0.400804 -0.930002 -0.306261 0.203225 -0.504321 0.187348 -0.87068 -0.454772 0.485875 
1537347644326 -0.149938 0.227665 -0.962127 -0.699587 -0.948137 0.242752 0.205199 -0.286218 0.280275 0.942995 0.17946 0.462822 0.316223 -0.384865 0.867111 0.400804 -0.930002 -0.306261 0.203225 -0.504321 0.187348 -0.87068 -0.454772 0.485875 
1537347644336 -0.149938 0.227665 -0.962127 -0.699587 -0.948137 0.242752 0.205199 -0.286218 0.280275 0.942995 0.17946 0.462822 0.316223 -0.384865 0.867111 0.400804 -0.930002 -0.306261 0.203225 -0.504321 0.187348 -0.87068 -0.454772 0.485875 
1537347644346 -0.149938 0.227665 -0.962127 -0.699587 -0.948137 0.242752 0.205199 -0.286218 0.280275 0.942995 0.17946 0.462822 0.316223 -0.384865 0.867111 0.400804 -0.930002 -0.306261 0.203225 -0.504321 0.187348 -0.87068 -0.454772 0.485875 
1537347644356 -0.149938 0.227665 -0.962127 -0.699587 -0.948137 0.242752 0.205199 -0.286218 0.280275 0.942995 0.17946 0.462822 0.316223 -0.384865 0.867111 0.400804 -0.930002 -0.306261 0.203225 -0.504321 0.187348 -0.87068 -0.454772 0.485875 
1537347644366 -0.149303 0.227927 -0.962163 -0.697367 -0.948196 0.242955 0.20469 -0.284544 0.280416 0.94288 0.179845 0.462123 0.316334 -0.384956 0.867031 0.401168 -0.929993 -0.306204 0.203353 -0.504979 0.187206 -0.87066 -0.454869 0.486184 
1537347644419 0.275657 0.633204 -0.723233 -0.604483 -0.8825 0.464965 0.0707247 -0.181741 0.381061 0.618757 0.686973 0.426588 0.16008 -0.304787 0.938871 0.370831 -0.775623 0.549475 0.310623 -0.528794 -0.61056 -0.777934 -0.14844 0.432481 
1537347644439 -0.149938 0.227665 -0.962127 -0.699587 -0.948137 0.242752 0.205199 -0.286218 0.280275 0.942995 0.17946 0.462822 0.316223 -0.384865 0.867111 0.400804 -0.930002 -0.306261 0.203225 -0.504321 0.187348 -0.87068 -0.454772 0.485875 
1537347644459 -0.149938 0.227665 -0.962127 -0.699587 -0.948137 0.242752 0.205199 -0.286218 0.280275 0.942995 0.17946 0.462822 0.316223 -0.384865 0.867111 0.400804 -0.930002 -0.306261 0.203225 -0.504321 0.187348 -0.87068 -0.454772 0.485875 
1537347644469 -0.149938 0.227665 -0.962127 -0.699587 -0.948137 0.242752 0.205199 -0.286218 0.280275 0.942995 0.17946 0.462822 0.316223 -0.384865 0.867111 0.400804 -0.930002 -0.306261 0.203225 -0.504321 0.187348 -0.87068 -0.454772 0.485875 
1537347644479 -0.149938 0.227665 -0.962127 -0.699587 -0.948137 0.242752 0.205199 -0.286218 0.280275 0.942995 0.17946 0.462822 0.316223 -0.384865 0.867111 0.400804 -0.930002 -0.306261 0.203225 -0.504321 0.187348 -0.87068 -0.454772 0.485875 
1537347644489 -0.149938 0.227665 -0.962127 -0.699587 -0.948137 0.242752 0.205199 -0.286218 0.280275 0.942995 0.17946 0.462822 0.316223 -0.384865 0.867111 0.400804 -0.930002 -0.306261 0.203225 -0.504321 0.187348 -0.87068 -0.454772 0.485875 
1537347644499 -0.149938 0.227665 -0.962127 -0.699587 -0.948137 0.242752 0.205199 -0.286218 0.280275 0.942995 0.17946 0.462822 0.316223 -0.384865 0.867111 0.400804 -0.930002 -0.306261 0.203225 -0.504321 0.187348 -0.87068 -0.454772 0.485875 
1537347644509 -0.149938 0.227665 -0.962127 -0.699587 -0.948137 0.242752 0.205199 -0.286218 0.280275 0.942995 0.17946 0.462822 0.316223 -0.384865 0.867111 0.400804 -0.930002 -0.306261 0.203225 -0.504321 0.187348 -0.87068 -0.454772 0.485875 
1537347644519 -0.149938 0.227665 -0.962127 -0.699587 -0.948137 0.242752 0.205199 -0.286218 0.280275 0.942995 0.17946 0.462822 0.316223 -0.384865 0.867111 0.400804 -0.930002 -0.306261 0.203225 -0.504321 0.187348 -0.87068 -0.454772 0.485875 
1537347644529 -0.149303 0.227927 -0.962163 -0.697367 -0.948196 0.242955 0.20469 -0.284544 0.280416 0.94288 0.179845 0.462123 0.316334 -0.384956 0.867031 0.401168 -0.929993 -0.306204 0.203353 -0.504979 0.187206 -0.87066 -0.454869 0.486184 
1537347644588 0.275657 0.633204 -0.723233 -0.604483 -0.8825 0.464965 0.0707247 -0.181741 0.381061 0.618757 0.686973 0.426588 0.16008 -0.304787 0.938871 0.370831 -0.775623 0.549475 0.310623 -0.528794 -0.61056 -0.777934 -0.14844 0.432481 
1537347644598 -0.149938 0.227665 -0.962127 -0.699587 -0.948137 0.242752 0.205199 -0.286218 0.280275 0.942995 0.17946 0.462822 0.316223 -0.384865 0.867111 0.400804 -0.930002 -0.306261 0.203225 -0.504321 0.187348 -0.87068 -0.454772 0.485875 
1537347644618 -0.149938 0.227665 -0.962127 -0.699587 -0.948137 0.242752 0.205199 -0.286218 0.280275 0.942995 0.17946 0.462822 0.316223 -0.384865 0.867111 0.400804 -0.930002 -0.306261 0.203225 -0.504321 0.187348 -0.87068 -0.454772 0.485875 
1537347644628 -0.149938 0.227665 -0.962127 -0.699587 -0.948137 0.242752 0.205199 -0.286218 0.280275 0.942995 0.17946 0.462822 0.316223 -0.384865 0.867111 0.400804 -0.930002 -0.306261 0.203225 -0.504321 0.187348 -0.87068 -0.454772 0.485875 
1537347644638 -0.149938 0.227665 -0.962127 -0.699587 -0.948137 0.242752 0.205199 -0.286218 0.280275 0.942995 0.17946 0.462822 0.316223 -0.384865 0.867111 0.400804 -0.930002 -0.306261 0.203225 -0.504321 0.187348 -0.87068 -0.454772 0.485875 
1537347644648 -0.149938 0.227665 -0.962127 -0.699587 -0.948137 0.242752 0.205199 -0.286218 0.280275 0.942995 0.17946 0.462822 0.316223 -0.384865 0.867111 0.400804 -0.930002 -0.306261 0.203225 -0.504321 0.187348 -0.87068 -0.454772 0.485875 
1537347644658 -0.149938 0.227665 -0.962127 -0.699587 -0.948137 0.242752 0.205199 -0.286218 0.280275 0.942995 0.17946 0.462822 0.316223 -0.384865 0.867111 0.400804 -0.930002 -0.306261 0.203225 -0.504321 0.187348 -0.87068 -0.454772 0.485875 
1537347644668 -0.149938 0.227665 -0.962127 -0.699587 -0.948137 0.242752 0.205199 -0.286218 0.280275 0.942995 0.17946 0.462822 0.316223 -0.384865 0.867111 0.400804 -0.930002 -0.306261 0.203225 -0.504321 0.187348 -0.87068 -0.454772 0.485875 
1537347644688 -0.149938 0.227665 -0.962127 -0.699587 -0.948137 0.242752 0.205199 -0.286218 0.280275 0.942995 0.17946 0.462822 0.316223 -0.384865 0.867111 0.400804 -0.930002 -0.306261 0.203225 -0.504321 0.187348 -0.87068 -0.454772 0.485875 
1537347644698 -0.149303 0.227927 -0.962163 -0.697367 -0.948196 0.242955 0.20469 -0.284544 0.280416 0.94288 0.179845 0.462123 0.316334 -0.384956 0.867031 0.401168 -0.929993 -0.306204 0.203353 -0.504979 0.187206 -0.87066 -0.454869 0.486184 
1537347644747 0.275657 0.633204 -0.723233 -0.604483 -0.8825 0.464965 0.0707247 -0.181741 0.381061 0.618757 0.686973 0.426588 0.16008 -0.304787 0.938871 0.370831 -0.775623 0.549475 0.310623 -0.528794 -0.61056 -0.777934 -0.14844 0.432481 
1537347644758 -0.15167 0.226938 -0.962027 -0.699229 -0.947091 0.245168 0.207149 -0.285321 0.282868 0.942545 0.177746 0.466533 0.316223 -0.384865 0.867111 0.400804 -0.930002 -0.306261 0.203225 -0.504321 0.187348 -0.87068 -0.454772 0.485875 
1537347644777 -0.153404 0.226214 -0.961922 -0.69887 -0.946035 0.247584 0.209094 -0.284424 0.285457 0.942088 0.176026 0.470244 0.316223 -0.384865 0.867111 0.400804 -0.930002 -0.306261 0.203225 -0.504321 0.187348 -0.87068 -0.454772 0.485875 
1537347644787 -0.155139 0.225496 -0.961813 -0.698512 -0.944968 0.249999 0.211034 -0.283527 0.28804 0.941622 0.174302 0.473955 0.316223 -0.384865 0.867111 0.400804 -0.930002 -0.306261 0.203225 -0.504321 0.187348 -0.87068 -0.454772 0.485875 
1537347644797 -0.156875 0.224781 -0.961698 -0.698153 -0.943892 0.252415 0.212968 -0.28263 0.290618 0.941148 0.172571 0.477666 0.316223 -0.384865 0.867111 0.400804 -0.930002 -0.306261 0.203225 -0.504321 0.187348 -0.87068 -0.454772 0.485875 
1537347644807 -0.158613 0.22407 -0.961579 -0.697794 -0.942805 0.25483 0.214897 -0.281732 0.293191 0.940667 0.170835 0.481376 0.316223 -0.384865 0.867111 0.400804 -0.930002 -0.306261 0.203225 -0.504321 0.187348 -0.87068 -0.454772 0.485875 
1537347644817 -0.160351 0.223364 -0.961455 -0.697435 -0.941708 0.257244 0.216821 -0.280835 0.295759 0.940178 0.169094 0.485087 0.316223 -0.384865 0.867111 0.400804 -0.930002 -0.306261 0.203225 -0.504321 0.187348 -0.87068 -0.454772 0.485875 
1537347644827 -0.162091 0.222662 -0.961326 -0.697076 -0.940601 0.259658 0.218739 -0.279937 0.298321 0.93968 0.167348 0.488797 0.316223 -0.384865 0.867111 0.400804 -0.930002 -0.306261 0.203225 -0.504321 0.187348 -0.87068 -0.454772 0.485875 
1537347644837 -0.163833 0.221964 -0.961192 -0.696717 -0.939484 0.262072 0.220652 -0.279039 0.300878 0.939175 0.165596 0.492507 0.316223 -0.384865 0.867111 0.400804 -0.930002 -0.306261 0.203225 -0.504321 0.187348 -0.87068 -0.454772 0.485875 
1537347644847 -0.164782 0.221633 -0.961106 -0.693864 -0.93844 0.264714 0.221939 -0.276211 0.303607 0.938512 0.164369 0.495155 0.316334 -0.384956 0.867031 0.401168 -0.929993 -0.306204 0.203353 -0.504979 0.187206 -0.87066 -0.454869 0.486184 
11537347644897 0.275657 0.633204 -0.723233 -0.604483 -0.8825 0.464965 0.0707247 -0.181741 0.381061 0.618757 0.686973 0.426588 0.16008 -0.304787 0.938871 0.370831 -0.775623 0.549475 0.310623 -0.528794 -0.61056 -0.777934 -0.14844 0.432481 11537347644927 -0.16732 0.220592 -0.960908 -0.695996 -0.937218 0.266904 0.224467 -0.277243 0.305986 0.938137 0.162084 0.499927 0.316223 -0.384865 0.867111 0.400804 -0.930002 -0.306261 0.203225 -0.504321 0.187348 -0.87068 -0.454772 0.485875 11537347644947 -0.167326 0.2206 -0.960905 -0.695996 -0.937215 0.266907 0.224476 -0.277243 0.305992 0.938134 0.162089 0.499927 0.316223 -0.384865 0.867111 0.400804 -0.930002 -0.306261 0.203225 -0.504321 0.187348 -0.87068 -0.454772 0.485875 
1537347644957 -0.167332 0.220609 -0.960902 -0.695996 -0.937212 0.26691 0.224485 -0.277243 0.305998 0.938132 0.162095 0.499927 0.316223 -0.384865 0.867111 0.400804 -0.930002 -0.306261 0.203225 -0.504321 0.187348 -0.87068 -0.454772 0.485875 
1537347644967 -0.167338 0.220617 -0.960899 -0.695996 -0.937209 0.266913 0.224494 -0.277243 0.306004 0.938129 0.1621 0.499926 0.316223 -0.384865 0.867111 0.400804 -0.930002 -0.306261 0.203225 -0.504321 0.187348 -0.87068 -0.454772 0.485875 
1537347644977 -0.167344 0.220626 -0.960896 -0.695995 -0.937206 0.266916 0.224503 -0.277243 0.306009 0.938126 0.162105 0.499926 0.316223 -0.384865 0.867111 0.400804 -0.930002 -0.306261 0.203225 -0.504321 0.187348 -0.87068 -0.454772 0.485875 
1537347644997 -0.16735 0.220634 -0.960893 -0.695995 -0.937203 0.266919 0.224512 -0.277243 0.306015 0.938123 0.16211 0.499926 0.316223 -0.384865 0.867111 0.400804 -0.930002 -0.306261 0.203225 -0.504321 0.187348 -0.87068 -0.454772 0.485875 
1537347645007 -0.167356 0.220643 -0.96089 -0.695995 -0.9372 0.266921 0.224521 -0.277243 0.306021 0.93812 0.162115 0.499926 0.316223 -0.384865 0.867111 0.400804 -0.930002 -0.306261 0.203225 -0.504321 0.187348 -0.87068 -0.454772 0.485875 
1537347645017 -0.167362 0.220651 -0.960887 -0.695994 -0.937197 0.266924 0.224531 -0.277243 0.306027 0.938118 0.16212 0.499926 0.316223 -0.384865 0.867111 0.400804 -0.930002 -0.306261 0.203225 -0.504321 0.187348 -0.87068 -0.454772 0.485875 
1537347645037 -0.166554 0.221036 -0.960938 -0.693463 -0.937279 0.267159 0.223905 -0.275279 0.306214 0.93796 0.162677 0.498815 0.316334 -0.384956 0.867031 0.401168 -0.929993 -0.306204 0.203353 -0.504979 0.187206 -0.87066 -0.454869 0.486184 
1537347645078 0.275657 0.633204 -0.723233 -0.604483 -0.8825 0.464965 0.0707247 -0.181741 0.381061 0.618757 0.686973 0.426588 0.16008 -0.304787 0.938871 0.370831 -0.775623 0.549475 0.310623 -0.528794 -0.61056 -0.777934 -0.14844 0.432481 
15371537347645119 -0.167363 0.220635 -0.96089 -0.695996 -0.937268 0.266709 0.224489 -0.277267 0.305808 0.938183 0.162157 0.499912 0.316223 -0.384865 0.867111 0.400804 -0.930002 -0.306261 0.203225 -0.504321 0.187348 -0.87068 -0.454772 0.485875 
1537347645139 -0.167352 0.220601 -0.9609 -0.695999 -0.937345 0.266487 0.22443 -0.277292 0.305577 0.938253 0.162182 0.499899 0.316223 -0.384865 0.867111 0.400804 -0.930002 -0.306261 0.203225 -0.504321 0.187348 -0.87068 -0.454772 0.485875 
1537347645149 -0.167341 0.220568 -0.960909 -0.696001 -0.937422 0.266266 0.22437 -0.277316 0.305346 0.938324 0.162208 0.499886 0.316223 -0.384865 0.867111 0.400804 -0.930002 -0.306261 0.203225 -0.504321 0.187348 -0.87068 -0.454772 0.485815371537347645159 -0.16733 0.220534 -0.960919 -0.696003 -0.937499 0.266045 0.22431 -0.277341 0.305116 0.938395 0.162234 0.499872 0.316223 -0.384865 0.867111 0.400804 -0.930002 -0.306261 0.203225 -0.504321 0.187348 -0.87068 -0.454772 0.485815371537347645169 -0.167319 0.220501 -0.960929 -0.696006 -0.937576 0.265824 0.224251 -0.277365 0.304885 0.938465 0.162259 0.499859 0.316223 -0.384865 0.867111 0.400804 -0.930002 -0.306261 0.203225 -0.504321 0.187348 -0.87068 -0.454772 0.48581537347645188 -0.167308 0.220468 -0.960938 -0.696008 -0.937653 0.265602 0.224191 -0.27739 0.304654 0.938536 0.162285 0.499846 0.316223 -0.384865 0.867111 0.400804 -0.930002 -0.306261 0.203225 -0.504321 0.187348 -0.87068 -0.454772 0.485875 
1537347645198 -0.167297 0.220434 -0.960948 -0.69601 -0.93773 0.265381 0.224131 -0.277414 0.304423 0.938606 0.16231 0.499833 0.316223 -0.384865 0.867111 0.400804 -0.930002 -0.306261 0.203225 -0.504321 0.187348 -0.87068 -0.454772 0.485875 
15371537347645209 -0.167286 0.220401 -0.960957 -0.696013 -0.937807 0.26516 0.224072 -0.277439 0.304193 0.938677 0.162336 0.49982 0.316223 -0.384865 0.867111 0.400804 -0.930002 -0.306261 0.203225 -0.504321 0.187348 -0.87068 -0.454772 0.485815371537347645219 -0.16646 0.220746 -0.961021 -0.693481 -0.93797 0.26517 0.223377 -0.275496 0.304144 0.938593 0.162913 0.498696 0.316334 -0.384956 0.867031 0.401168 -0.929993 -0.306204 0.203353 -0.504979 0.187206 -0.87066 -0.454869 0.486115371537347645257 0.275657 0.633204 -0.723233 -0.604483 -0.8825 0.464965 0.0707247 -0.181741 0.381061 0.618757 0.686973 0.426588 0.16008 -0.304787 0.938871 0.370831 -0.775623 0.549475 0.310623 -0.528794 -0.61056 -0.777934 -0.14844 0.432415371537347645277 -0.167264 0.220334 -0.960976 -0.696017 -0.937961 0.264717 0.223953 -0.277488 0.303731 0.938817 0.162387 0.499793 0.316223 -0.384865 0.867111 0.400804 -0.930002 -0.306261 0.203225 -0.504321 0.187348 -0.87068 -0.454772 0.485815371537347645297 -0.167265 0.220334 -0.960976 -0.696017 -0.937961 0.264716 0.223953 -0.277488 0.303731 0.938818 0.162387 0.499793 0.316223 -0.384865 0.867111 0.400804 -0.930002 -0.306261 0.203225 -0.504321 0.187348 -0.87068 -0.454772 0.485815371537347645307 -0.167265 0.220333 -0.960976 -0.696017 -0.937961 0.264716 0.223953 -0.277488 0.30373 0.938818 0.162386 0.499793 0.316223 -0.384865 0.867111 0.400804 -0.930002 -0.306261 0.203225 -0.504321 0.187348 -0.87068 -0.454772 0.485815371537347645317 -0.167265 0.220333 -0.960976 -0.696017 -0.937961 0.264716 0.223954 -0.277488 0.30373 0.938818 0.162386 0.499793 0.316223 -0.384865 0.867111 0.400804 -0.930002 -0.306261 0.203225 -0.504321 0.187348 -0.87068 -0.454772 0.485815371537347645327 -0.167266 0.220333 -0.960976 -0.696017 -0.937961 0.264716 0.223954 -0.277488 0.30373 0.938818 0.162386 0.499793 0.316223 -0.384865 0.867111 0.400804 -0.930002 -0.306261 0.203225 -0.504321 0.187348 -0.87068 -0.454772 0.485815371537347645337 -0.167266 0.220333 -0.960976 -0.696017 -0.937961 0.264715 0.223954 -0.277488 0.30373 0.938818 0.162386 0.499793 0.316223 -0.384865 0.867111 0.400804 -0.930002 -0.306261 0.203225 -0.504321 0.187348 -0.87068 -0.454772 0.485815371537347645347 -0.167267 0.220333 -0.960976 -0.696017 -0.937961 0.264715 0.223954 -0.277488 0.303729 0.938818 0.162385 0.499793 0.316223 -0.384865 0.867111 0.400804 -0.930002 -0.306261 0.203225 -0.504321 0.187348 -0.87068 -0.454772 0.485815371537347645357 -0.167267 0.220332 -0.960976 -0.696017 -0.937961 0.264715 0.223955 -0.277488 0.303729 0.938818 0.162385 0.499793 0.316223 -0.384865 0.867111 0.400804 -0.930002 -0.306261 0.203225 -0.504321 0.187348 -0.87068 -0.454772 0.485815371537347645367 -0.166453 0.220711 -0.961031 -0.693483 -0.938047 0.264947 0.223319 -0.27552 0.303911 0.938664 0.162936 0.498682 0.316334 -0.384956 0.867031 0.401168 -0.929993 -0.306204 0.203353 -0.504979 0.187206 -0.87066 -0.454869 0.486115371537347645407 0.275657 0.633204 -0.723233 -0.604483 -0.8825 0.464965 0.0707247 -0.181741 0.381061 0.618757 0.686973 0.426588 0.16008 -0.304787 0.938871 0.370831 -0.775623 0.549475 0.310623 -0.528794 -0.61056 -0.777934 -0.14844 0.432415371537347645427 -0.166609 0.220559 -0.961038 -0.696008 -0.937574 0.266327 0.223664 -0.277447 0.305282 0.938309 0.162418 0.499679 0.316223 -0.384865 0.867111 0.400804 -0.930002 -0.306261 0.203225 -0.504321 0.187348 -0.87068 -0.454772 0.485815371537347645447 -0.16595 0.220786 -0.961101 -0.695998 -0.937184 0.26794 0.223372 -0.277406 0.306834 0.937796 0.162452 0.499564 0.316223 -0.384865 0.867111 0.400804 -0.930002 -0.306261 0.203225 -0.504321 0.187348 -0.87068 -0.454772 0.485815371537347645457 -0.165291 0.221011 -0.961162 -0.695988 -0.936791 0.269552 0.22308 -0.277365 0.308386 0.937281 0.162487 0.49945 0.316223 -0.384865 0.867111 0.400804 -0.930002 -0.306261 0.203225 -0.504321 0.187348 -0.87068 -0.454772 0.485815371537347645467 -0.164631 0.221235 -0.961224 -0.695978 -0.936395 0.271163 0.222789 -0.277325 0.309937 0.936764 0.162522 0.499335 0.316223 -0.384865 0.867111 0.400804 -0.930002 -0.306261 0.203225 -0.504321 0.187348 -0.87068 -0.454772 0.485815371537347645477 -0.16397 0.221458 -0.961286 -0.695968 -0.935997 0.272773 0.222497 -0.277284 0.311486 0.936243 0.162557 0.49922 0.316223 -0.384865 0.867111 0.400804 -0.930002 -0.306261 0.203225 -0.504321 0.187348 -0.87068 -0.454772 0.485815371537347645487 -0.16331 0.221679 -0.961347 -0.695958 -0.935595 0.274383 0.222206 -0.277243 0.313035 0.93572 0.162593 0.499106 0.316223 -0.384865 0.867111 0.400804 -0.930002 -0.306261 0.203225 -0.504321 0.187348 -0.87068 -0.454772 0.48581537347645506 -0.162648 0.2219 -0.961408 -0.695948 -0.935191 0.275992 0.221914 -0.277202 0.314583 0.935195 0.162629 0.498991 0.316223 -0.384865 0.867111 0.400804 -0.930002 -0.306261 0.203225 -0.504321 0.187348 -0.87068 -0.454772 0.485875 
1537347645516 -0.161987 0.222119 -0.961469 -0.695938 -0.934784 0.2776 0.221622 -0.277161 0.31613 0.934666 0.162666 0.498877 0.316223 -0.384865 0.867111 0.400804 -0.930002 -0.306261 0.203225 -0.504321 0.187348 -0.87068 -0.454772 0.485875 
1537347645529 -0.160523 0.222695 -0.961582 -0.693448 -0.934453 0.279437 0.22071 -0.275195 0.317852 0.933982 0.163242 0.497681 0.316334 -0.384956 0.867031 0.401168 -0.929993 -0.306204 0.203353 -0.504979 0.187206 -0.87066 -0.454869 0.486184 
84 
