1534187741130 -0.24449 0.955888 -0.162795 -0.436737 -0.950725 -0.203305 0.234072 -0.258615 0.190649 0.212002 0.958493 0.350095 0.16008 -0.304787 0.938871 0.370831 -0.775623 0.549475 0.310623 -0.528794 -0.61056 -0.777934 -0.14844 0.432481 
1534187741143 -0.221248 0.943048 -0.248414 -0.458079 -0.956221 -0.159749 0.245198 -0.255099 0.19155 0.291788 0.937106 0.362133 0.316221 -0.384863 0.867113 0.400797 -0.930002 -0.306262 0.203223 -0.504308 0.187351 -0.87068 -0.45477 0.485869 
1534187742261 -0.197953 0.922127 -0.332411 -0.479422 -0.960737 -0.115261 0.252386 -0.251584 0.194418 0.36932 0.908738 0.374172 0.316221 -0.384863 0.867113 0.400797 -0.930002 -0.306262 0.203223 -0.504308 0.187351 -0.87068 -0.45477 0.485869 
1534187743401 -0.174804 0.893301 -0.414075 -0.500764 -0.964236 -0.0702182 0.255573 -0.248068 0.199228 0.443941 0.873627 0.38621 0.316221 -0.384863 0.867113 0.400797 -0.930002 -0.306262 0.203223 -0.504308 0.187351 -0.87068 -0.45477 0.485869 
1534187744574 -0.151996 0.856813 -0.492715 -0.522107 -0.966688 -0.0250015 0.254733 -0.244553 0.20594 0.51502 0.832071 0.398248 0.316221 -0.384863 0.867113 0.400797 -0.930002 -0.306262 0.203223 -0.504308 0.187351 -0.87068 -0.45477 0.485869 
1534187745757 -0.129723 0.812974 -0.567666 -0.543451 -0.968071 0.0200057 0.249875 -0.241041 0.214498 0.581956 0.784422 0.410286 0.316221 -0.384863 0.867113 0.400797 -0.930002 -0.306262 0.203223 -0.504308 0.187351 -0.87068 -0.45477 0.485869 
1534187745764 -0.108173 0.762153 -0.638295 -0.564794 -0.968375 0.0644241 0.241037 -0.237528 0.224829 0.644183 0.731082 0.422323 0.316221 -0.384863 0.867113 0.400795 -0.930002 -0.306262 0.203223 -0.504305 0.187351 -0.87068 -0.45477 0.485867 
1534187747445 -0.0875266 0.70478 -0.704005 -0.586137 -0.967597 0.107878 0.228295 -0.234013 0.236845 0.701175 0.672501 0.434361 0.31622 -0.384863 0.867113 0.400795 -0.930002 -0.306262 0.203222 -0.504304 0.187351 -0.87068 -0.454769 0.485867 
1534187748695 -0.067988 0.641356 -0.764225 -0.607511 -0.965737 0.149989 0.21179 -0.230566 0.250459 0.752439 0.609184 0.446378 0.31622 -0.384863 0.867113 0.400795 -0.930002 -0.306262 0.203222 -0.504304 0.187351 -0.87068 -0.454769 0.485867 
