1534184779944 0.463139 0.864923 0.193417 -0.520427 -0.884308 0.465539 0.0356804 -0.18281 -0.0591824 -0.187565 0.980468 0.283096 0.16008 -0.304787 0.938871 0.370831 -0.775623 0.549475 0.310623 -0.528794 -0.61056 -0.777934 -0.14844 0.432481 
1534184779956 0.454615 0.86813 0.19919 -0.530843 -0.888919 0.45631 0.0400581 -0.18396 -0.0561167 -0.195275 0.979142 0.282221 0.316223 -0.384865 0.867111 0.400804 -0.930002 -0.306261 0.203225 -0.504321 0.187348 -0.87068 -0.454772 0.485875 
1534184779962 0.446065 0.871207 0.204996 -0.541259 -0.893431 0.447003 0.0443735 -0.18511 -0.0529753 -0.202943 0.977756 0.281345 0.316223 -0.384865 0.867111 0.400804 -0.930002 -0.306261 0.203225 -0.504321 0.187348 -0.87068 -0.454772 0.485875 
