1534191134960 -0.337036 0.899832 -0.276966 -0.572886 -0.930958 -0.274637 0.240605 -0.274769 0.140439 0.338936 0.930268 0.366388 0.16008 -0.304787 0.938871 0.370831 -0.775623 0.549475 0.310623 -0.528794 -0.61056 -0.777934 -0.14844 0.432481 
1534191134973 -0.290031 0.907259 -0.304571 -0.576615 -0.945552 -0.222543 0.237501 -0.270139 0.147695 0.35687 0.922404 0.37102 0.316225 -0.384867 0.86711 0.400813 -0.930002 -0.30626 0.203228 -0.504337 0.187345 -0.870679 -0.454774 0.485882 
1534191135882 -0.242453 0.911646 -0.33184 -0.580344 -0.957556 -0.169906 0.232848 -0.265509 0.155893 0.374211 0.914147 0.375652 0.316225 -0.384867 0.86711 0.400813 -0.930002 -0.30626 0.203228 -0.504337 0.187345 -0.870679 -0.454774 0.485882 
1534191136787 -0.194454 0.912979 -0.358688 -0.584074 -0.966933 -0.116896 0.22666 -0.260879 0.165007 0.390902 0.905521 0.380283 0.316225 -0.384867 0.86711 0.400813 -0.930002 -0.30626 0.203228 -0.504337 0.187345 -0.870679 -0.454774 0.485882 
1534191137692 -0.146187 0.911254 -0.385028 -0.587804 -0.973654 -0.0636814 0.218959 -0.25625 0.175008 0.406892 0.896555 0.384915 0.316225 -0.384867 0.86711 0.400813 -0.930002 -0.30626 0.203228 -0.504337 0.187345 -0.870679 -0.454774 0.485882 
1534191138630 -0.0978056 0.906476 -0.410775 -0.591534 -0.977695 -0.0104323 0.209768 -0.251621 0.185864 0.422129 0.887278 0.389547 0.316225 -0.384867 0.86711 0.400813 -0.930002 -0.30626 0.203228 -0.504337 0.187345 -0.870679 -0.454774 0.485882 
1534191139573 -0.049466 0.89866 -0.435847 -0.595265 -0.979046 0.0426805 0.199118 -0.246993 0.197541 0.436564 0.877718 0.394178 0.316225 -0.384867 0.86711 0.400813 -0.930002 -0.30626 0.203228 -0.504337 0.187345 -0.870679 -0.454774 0.485882 
1534191140541 -0.00132255 0.887833 -0.460164 -0.598998 -0.9777 0.0954871 0.187041 -0.242366 0.210001 0.45015 0.867908 0.398808 0.316225 -0.384867 0.86711 0.400813 -0.930002 -0.30626 0.203228 -0.504337 0.187345 -0.870679 -0.454774 0.485882 
1534191141515 0.0464704 0.874028 -0.483647 -0.602732 -0.973663 0.147818 0.173579 -0.237742 0.223205 0.462843 0.857879 0.403438 0.316225 -0.384867 0.86711 0.400813 -0.930002 -0.30626 0.203228 -0.504337 0.187345 -0.870679 -0.454774 0.485882 
1534191142527 0.0934443 0.85751 -0.50591 -0.607758 -0.96694 0.199256 0.159137 -0.23414 0.237267 0.474314 0.84778 0.407698 0.316379 -0.384993 0.866998 0.401317 -0.929989 -0.306181 0.203405 -0.505249 0.187149 -0.870651 -0.454908 0.48631 
1534191143534 0.0933528 0.857656 -0.505679 -0.60764 -0.966799 0.199434 0.15977 -0.234374 0.237877 0.473975 0.847798 0.407497 0.316379 -0.384993 0.866998 0.401317 -0.929989 -0.306181 0.203405 -0.505249 0.187149 -0.870651 -0.454908 0.48631 
1534191143546 0.0980915 0.855788 -0.507942 -0.607895 -0.965996 0.204573 0.158119 -0.233785 0.239228 0.47516 0.846755 0.408017 0.31622 -0.384863 0.867113 0.400797 -0.930002 -0.306262 0.203222 -0.504307 0.187351 -0.87068 -0.45477 0.485868 
1534191143885 0.102824 0.85389 -0.510195 -0.608146 -0.965167 0.209704 0.156453 -0.233193 0.240584 0.476336 0.845709 0.408539 0.31622 -0.384863 0.867113 0.400796 -0.930002 -0.306262 0.203222 -0.504306 0.187351 -0.87068 -0.454769 0.485868 
1534191144232 0.10755 0.851963 -0.512437 -0.608398 -0.964311 0.214825 0.154774 -0.232601 0.241946 0.477502 0.844662 0.40906 0.31622 -0.384863 0.867113 0.400796 -0.930002 -0.306262 0.203222 -0.504305 0.187351 -0.87068 -0.45477 0.485867 
1534191144580 0.112269 0.850007 -0.514668 -0.608649 -0.963428 0.219938 0.153082 -0.232009 0.243316 0.478659 0.843613 0.409582 0.316221 -0.384863 0.867113 0.400795 -0.930002 -0.306262 0.203223 -0.504305 0.187351 -0.87068 -0.45477 0.485867 
1534191144931 0.116981 0.848022 -0.516889 -0.608899 -0.962518 0.225042 0.151376 -0.231416 0.244692 0.479807 0.842562 0.410104 0.31622 -0.384863 0.867113 0.400795 -0.930002 -0.306262 0.203222 -0.504305 0.187352 -0.87068 -0.454769 0.485867 
1534191144938 0.121685 0.846008 -0.519098 -0.609151 -0.961582 0.230136 0.149658 -0.230825 0.246075 0.480945 0.84151 0.410625 0.31622 -0.384863 0.867113 0.400795 -0.930002 -0.306262 0.203222 -0.504305 0.187352 -0.87068 -0.454769 0.485867 
1534191145424 0.126383 0.843965 -0.521298 -0.609402 -0.960619 0.235222 0.147926 -0.230232 0.247465 0.482073 0.840456 0.411147 0.31622 -0.384863 0.867113 0.400795 -0.930002 -0.306262 0.203222 -0.504304 0.187352 -0.87068 -0.454769 0.485867 
1534191145780 0.131072 0.841893 -0.523485 -0.609653 -0.959629 0.240297 0.146181 -0.22964 0.248861 0.483191 0.839401 0.411668 0.31622 -0.384863 0.867113 0.400795 -0.930002 -0.306262 0.203222 -0.504304 0.187352 -0.87068 -0.454769 0.485867 
1534191145787 0.135755 0.839792 -0.525662 -0.609904 -0.958613 0.245363 0.144423 -0.229047 0.250264 0.4843 0.838344 0.41219 0.31622 -0.384863 0.867113 0.400795 -0.930002 -0.306262 0.203222 -0.504304 0.187351 -0.87068 -0.454769 0.485867 
1534191146309 0.135831 0.84003 -0.525261 -0.609836 -0.958495 0.245566 0.14486 -0.229302 0.250673 0.483784 0.83852 0.412123 0.31622 -0.384863 0.867113 0.400795 -0.930002 -0.306262 0.203222 -0.504304 0.187351 -0.87068 -0.454769 0.485867 
1534191146321 0.13687 0.840052 -0.524956 -0.609889 -0.95829 0.246507 0.144617 -0.229238 0.250892 0.483266 0.838753 0.412076 0.31622 -0.384863 0.867113 0.400795 -0.930002 -0.306262 0.203222 -0.504304 0.187351 -0.87068 -0.454769 0.485867 
1534191146337 0.137911 0.840072 -0.524652 -0.609939 -0.958084 0.247451 0.144374 -0.229168 0.25111 0.482749 0.838986 0.412031 0.31622 -0.384863 0.867113 0.400795 -0.930002 -0.306262 0.203222 -0.504304 0.187351 -0.87068 -0.454769 0.485867 
1534191146481 0.138952 0.840091 -0.524347 -0.609988 -0.957876 0.248394 0.144131 -0.2291 0.251328 0.482232 0.839218 0.411985 0.31622 -0.384863 0.867113 0.400795 -0.930002 -0.306262 0.203222 -0.504304 0.187351 -0.87068 -0.454769 0.485867 
1534191146488 0.139992 0.840109 -0.524042 -0.610037 -0.957668 0.249337 0.143889 -0.22903 0.251545 0.481714 0.83945 0.41194 0.31622 -0.384863 0.867113 0.400795 -0.930002 -0.306262 0.203222 -0.504304 0.187351 -0.87068 -0.454769 0.485867 
1534191146668 0.141033 0.840125 -0.523736 -0.610085 -0.957458 0.25028 0.143646 -0.228961 0.251761 0.481197 0.839682 0.411895 0.31622 -0.384863 0.867113 0.400795 -0.930002 -0.306262 0.203222 -0.504304 0.187351 -0.87068 -0.454769 0.485867 
1534191146673 0.142074 0.84014 -0.523431 -0.610133 -0.957247 0.251222 0.143404 -0.228891 0.251977 0.480679 0.839914 0.41185 0.31622 -0.384863 0.867113 0.400795 -0.930002 -0.306262 0.203222 -0.504304 0.187351 -0.87068 -0.454769 0.485867 
1534191146861 0.143114 0.840154 -0.523124 -0.610183 -0.957036 0.252165 0.143163 -0.228823 0.252193 0.48016 0.840146 0.411804 0.31622 -0.384863 0.867113 0.400795 -0.930002 -0.306262 0.203222 -0.504304 0.187351 -0.87068 -0.454769 0.485867 
1534191146992 0.144155 0.840167 -0.522818 -0.610231 -0.956823 0.253108 0.142922 -0.228753 0.252407 0.479642 0.840378 0.411759 0.31622 -0.384863 0.867113 0.400795 -0.930002 -0.306262 0.203222 -0.504304 0.187351 -0.87068 -0.454769 0.485867 
1534191147121 0.145195 0.840179 -0.522511 -0.61028 -0.956609 0.25405 0.142681 -0.228684 0.252621 0.479122 0.840609 0.411714 0.31622 -0.384863 0.867113 0.400795 -0.930002 -0.306262 0.203222 -0.504304 0.187351 -0.87068 -0.454769 0.485867 
1534191147271 0.144268 0.840205 -0.522726 -0.610284 -0.956804 0.253193 0.1429 -0.228679 0.252416 0.47953 0.840439 0.411742 0.31622 -0.384863 0.867113 0.400795 -0.930002 -0.306262 0.203222 -0.504304 0.187351 -0.87068 -0.454769 0.485867 
1534191147286 0.144327 0.840575 -0.522115 -0.610219 -0.95674 0.253243 0.143237 -0.228718 0.252623 0.478855 0.840761 0.411676 0.31622 -0.384863 0.867113 0.400795 -0.930002 -0.306262 0.203222 -0.504304 0.187351 -0.87068 -0.45477 0.485867 
1534191147422 0.144384 0.840945 -0.521502 -0.610158 -0.956676 0.253291 0.143576 -0.228762 0.252831 0.478179 0.841083 0.411608 0.31622 -0.384863 0.867113 0.400795 -0.930002 -0.306262 0.203222 -0.504304 0.187351 -0.87068 -0.45477 0.485867 
1534191147482 0.14444 0.841315 -0.520889 -0.610099 -0.956613 0.253338 0.143915 -0.228807 0.253039 0.477502 0.841405 0.41154 0.31622 -0.384863 0.867113 0.400795 -0.930002 -0.306262 0.203222 -0.504304 0.187351 -0.87068 -0.45477 0.485867 
1534191147588 0.144497 0.841685 -0.520276 -0.610039 -0.956549 0.253386 0.144254 -0.22885 0.253247 0.476825 0.841726 0.411472 0.31622 -0.384863 0.867113 0.400795 -0.930002 -0.306262 0.203222 -0.504304 0.187351 -0.87068 -0.45477 0.485867 
1534191147652 0.144555 0.842054 -0.519663 -0.609977 -0.956486 0.253433 0.144593 -0.228893 0.253455 0.476149 0.842047 0.411405 0.31622 -0.384863 0.867113 0.400795 -0.930002 -0.306262 0.203222 -0.504304 0.187351 -0.87068 -0.45477 0.485867 
1534191147658 0.144612 0.842422 -0.519049 -0.609918 -0.956422 0.25348 0.144932 -0.228938 0.253663 0.475471 0.842367 0.411337 0.31622 -0.384863 0.867113 0.400795 -0.930002 -0.306262 0.203222 -0.504304 0.187351 -0.87068 -0.45477 0.485867 
1534191147801 0.14467 0.84279 -0.518436 -0.609857 -0.956358 0.253527 0.145271 -0.228981 0.25387 0.474794 0.842687 0.411269 0.31622 -0.384863 0.867113 0.400795 -0.930002 -0.306262 0.203222 -0.504304 0.187351 -0.87068 -0.45477 0.485867 
1534191147884 0.144727 0.843158 -0.517821 -0.609797 -0.956294 0.253573 0.145611 -0.229025 0.254078 0.474116 0.843006 0.411201 0.31622 -0.384863 0.867113 0.400795 -0.930002 -0.306262 0.203222 -0.504304 0.187351 -0.87068 -0.45477 0.485867 
1534191147975 0.144785 0.843525 -0.517207 -0.609737 -0.95623 0.253619 0.14595 -0.229068 0.254286 0.473438 0.843324 0.411133 0.31622 -0.384863 0.867113 0.400795 -0.930002 -0.306262 0.203222 -0.504304 0.187351 -0.87068 -0.45477 0.485867 
1534191148066 0.14471 0.843122 -0.517884 -0.609826 -0.956314 0.253537 0.145543 -0.22902 0.254013 0.474198 0.842979 0.411218 0.31622 -0.384863 0.867113 0.400795 -0.930002 -0.306262 0.203222 -0.504304 0.187351 -0.87068 -0.45477 0.485867 
1534191148079 0.144405 0.843123 -0.517968 -0.609741 -0.95639 0.253235 0.14557 -0.229151 0.253901 0.474359 0.842922 0.411248 0.31622 -0.384863 0.867113 0.400795 -0.930002 -0.306262 0.203222 -0.504304 0.187351 -0.87068 -0.45477 0.485867 
1534191148097 0.144098 0.843124 -0.518051 -0.609658 -0.956466 0.252931 0.1456 -0.229286 0.25379 0.474518 0.842866 0.411276 0.31622 -0.384863 0.867113 0.400795 -0.930002 -0.306262 0.203222 -0.504304 0.187351 -0.87068 -0.45477 0.485867 
1534191148112 0.143791 0.843125 -0.518135 -0.609575 -0.956541 0.252628 0.145629 -0.229421 0.253679 0.474677 0.84281 0.411304 0.31622 -0.384863 0.867113 0.400795 -0.930002 -0.306262 0.203222 -0.504304 0.187351 -0.87068 -0.45477 0.485867 
1534191148221 0.143484 0.843127 -0.518218 -0.609493 -0.956617 0.252325 0.145658 -0.229556 0.253568 0.474836 0.842754 0.411332 0.31622 -0.384863 0.867113 0.400795 -0.930002 -0.306262 0.203222 -0.504304 0.187351 -0.87068 -0.45477 0.485867 
1534191148278 0.143178 0.843127 -0.518301 -0.60941 -0.956692 0.252022 0.145687 -0.22969 0.253456 0.474996 0.842697 0.41136 0.31622 -0.384863 0.867113 0.400795 -0.930002 -0.306262 0.203222 -0.504304 0.187351 -0.87068 -0.45477 0.485867 
1534191148340 0.14287 0.843128 -0.518384 -0.609328 -0.956768 0.251719 0.145717 -0.229826 0.253345 0.475155 0.842641 0.411388 0.31622 -0.384863 0.867113 0.400795 -0.930002 -0.306262 0.203222 -0.504304 0.187351 -0.87068 -0.45477 0.485867 
1534191148388 0.142564 0.843129 -0.518468 -0.609245 -0.956843 0.251415 0.145746 -0.22996 0.253233 0.475314 0.842585 0.411417 0.31622 -0.384863 0.867113 0.400795 -0.930002 -0.306262 0.203222 -0.504304 0.187351 -0.87068 -0.45477 0.485867 
1534191148471 0.142257 0.84313 -0.518551 -0.609163 -0.956918 0.251112 0.145775 -0.230096 0.253122 0.475473 0.842529 0.411444 0.31622 -0.384863 0.867113 0.400795 -0.930002 -0.306262 0.203222 -0.504304 0.187351 -0.87068 -0.45477 0.485867 
1534191148522 0.14195 0.84313 -0.518634 -0.609081 -0.956993 0.250809 0.145805 -0.230231 0.25301 0.475632 0.842472 0.411473 0.31622 -0.384863 0.867113 0.400795 -0.930002 -0.306262 0.203222 -0.504304 0.187351 -0.87068 -0.45477 0.485867 
1534191148587 0.142478 0.843173 -0.51842 -0.609218 -0.956901 0.251248 0.145651 -0.230009 0.253061 0.475325 0.842631 0.411416 0.31622 -0.384863 0.867113 0.400795 -0.930002 -0.306262 0.203222 -0.504304 0.187351 -0.87068 -0.45477 0.485867 
1534191148599 0.14205 0.843079 -0.51869 -0.609069 -0.957005 0.250855 0.14565 -0.230243 0.252911 0.475699 0.842464 0.41143 0.31622 -0.384863 0.867113 0.400795 -0.930002 -0.306262 0.203222 -0.504304 0.187351 -0.87068 -0.45477 0.485867 
1534191148616 0.14162 0.842985 -0.51896 -0.608917 -0.957108 0.250459 0.145653 -0.230483 0.252762 0.476074 0.842298 0.411441 0.31622 -0.384863 0.867113 0.400795 -0.930002 -0.306262 0.203222 -0.504304 0.187351 -0.87068 -0.45477 0.485867 
1534191148660 0.14119 0.842891 -0.519231 -0.608767 -0.957211 0.250064 0.145655 -0.23072 0.252613 0.476448 0.842131 0.411454 0.31622 -0.384863 0.867113 0.400795 -0.930002 -0.306262 0.203222 -0.504304 0.187351 -0.87068 -0.45477 0.485867 
1534191148775 0.140759 0.842797 -0.5195 -0.608616 -0.957313 0.249669 0.145658 -0.230958 0.252463 0.476822 0.841964 0.411465 0.31622 -0.384863 0.867113 0.400795 -0.930002 -0.306262 0.203222 -0.504304 0.187351 -0.87068 -0.45477 0.485867 
1534191148836 0.140329 0.842702 -0.519771 -0.608465 -0.957416 0.249274 0.14566 -0.231196 0.252314 0.477196 0.841797 0.411478 0.31622 -0.384863 0.867113 0.400795 -0.930002 -0.306262 0.203222 -0.504304 0.187351 -0.87068 -0.45477 0.485867 
1534191148935 0.139899 0.842607 -0.52004 -0.608315 -0.957518 0.248878 0.145664 -0.231435 0.252164 0.47757 0.84163 0.411489 0.31622 -0.384863 0.867113 0.400795 -0.930002 -0.306262 0.203222 -0.504304 0.187351 -0.87068 -0.45477 0.485867 
1534191149002 0.139469 0.842512 -0.52031 -0.608165 -0.957621 0.248483 0.145666 -0.231673 0.252014 0.477944 0.841462 0.411501 0.31622 -0.384863 0.867113 0.400795 -0.930002 -0.306262 0.203222 -0.504304 0.187351 -0.87068 -0.45477 0.485867 
1534191149008 0.139039 0.842416 -0.520579 -0.608015 -0.957723 0.248088 0.14567 -0.231912 0.251864 0.478317 0.841295 0.411513 0.31622 -0.384863 0.867113 0.400795 -0.930002 -0.306262 0.203222 -0.504304 0.187351 -0.87068 -0.45477 0.485867 
1534191149152 0.138609 0.84232 -0.520849 -0.607865 -0.957825 0.247692 0.145673 -0.23215 0.251714 0.478691 0.841128 0.411525 0.31622 -0.384863 0.867113 0.400795 -0.930002 -0.306262 0.203222 -0.504304 0.187351 -0.87068 -0.45477 0.485867 
1534191149216 0.139183 0.842444 -0.520496 -0.608058 -0.957731 0.248142 0.145526 -0.231877 0.251754 0.47824 0.841371 0.411463 0.31622 -0.384863 0.867113 0.400795 -0.930002 -0.306262 0.203222 -0.504304 0.187351 -0.87068 -0.45477 0.485867 
1534191149226 0.138815 0.842424 -0.520627 -0.607757 -0.957708 0.247994 0.145925 -0.232009 0.252043 0.478352 0.841221 0.411456 0.31622 -0.384863 0.867113 0.400795 -0.930002 -0.306262 0.203222 -0.504304 0.187351 -0.87068 -0.45477 0.485867 
1534191149244 0.138446 0.842403 -0.520759 -0.607452 -0.957685 0.247847 0.146324 -0.23214 0.252332 0.478465 0.841071 0.411449 0.31622 -0.384863 0.867113 0.400795 -0.930002 -0.306262 0.203222 -0.504304 0.187351 -0.87068 -0.45477 0.485867 
1534191149250 0.138077 0.842383 -0.52089 -0.607146 -0.957662 0.2477 0.146724 -0.23227 0.252622 0.478577 0.84092 0.411442 0.31622 -0.384863 0.867113 0.400795 -0.930002 -0.306262 0.203222 -0.504304 0.187351 -0.87068 -0.45477 0.485867 
1534191149412 0.137708 0.842362 -0.521021 -0.606841 -0.957639 0.247552 0.147123 -0.2324 0.252911 0.47869 0.840769 0.411436 0.31622 -0.384863 0.867113 0.400795 -0.930002 -0.306262 0.203222 -0.504304 0.187351 -0.87068 -0.45477 0.485867 
1534191149467 0.137339 0.842341 -0.521152 -0.606537 -0.957616 0.247405 0.147522 -0.232531 0.2532 0.478802 0.840618 0.411429 0.31622 -0.384863 0.867113 0.400795 -0.930002 -0.306262 0.203222 -0.504304 0.187351 -0.87068 -0.45477 0.485867 
1534191149474 0.13697 0.84232 -0.521283 -0.60623 -0.957592 0.247258 0.147921 -0.232661 0.253489 0.478915 0.840466 0.411422 0.31622 -0.384863 0.867113 0.400795 -0.930002 -0.306262 0.203222 -0.504304 0.187351 -0.87068 -0.45477 0.485867 
1534191149626 0.136601 0.8423 -0.521413 -0.605926 -0.957568 0.247111 0.148321 -0.232791 0.253777 0.479028 0.840315 0.411415 0.31622 -0.384863 0.867113 0.400795 -0.930002 -0.306262 0.203222 -0.504304 0.187351 -0.87068 -0.45477 0.485867 
1534191149694 0.136232 0.842278 -0.521544 -0.60562 -0.957544 0.246964 0.14872 -0.232921 0.254066 0.479141 0.840163 0.411409 0.31622 -0.384863 0.867113 0.400795 -0.930002 -0.306262 0.203222 -0.504304 0.187351 -0.87068 -0.45477 0.485867 
1534191149815 0.135863 0.842257 -0.521674 -0.605315 -0.95752 0.246817 0.149119 -0.233051 0.254355 0.479253 0.840012 0.411402 0.31622 -0.384863 0.867113 0.400795 -0.930002 -0.306262 0.203222 -0.504304 0.187351 -0.87068 -0.45477 0.485867 
1534191149889 0.136233 0.842331 -0.521459 -0.605624 -0.957582 0.246879 0.14862 -0.232892 0.253925 0.479093 0.840234 0.411405 0.31622 -0.384863 0.867113 0.400795 -0.930002 -0.306262 0.203222 -0.504304 0.187351 -0.87068 -0.45477 0.485867 
1534191149900 0.135798 0.842457 -0.521369 -0.605369 -0.957595 0.246584 0.149026 -0.232923 0.254109 0.479023 0.840217 0.411403 0.31622 -0.384863 0.867113 0.400795 -0.930002 -0.306262 0.203222 -0.504304 0.187351 -0.87068 -0.45477 0.485867 
1534191149916 0.135361 0.842583 -0.521279 -0.605112 -0.957607 0.246289 0.149432 -0.232955 0.254294 0.478953 0.840201 0.411401 0.31622 -0.384863 0.867113 0.400795 -0.930002 -0.306262 0.203222 -0.504304 0.187351 -0.87068 -0.45477 0.485867 
1534191149970 0.134924 0.842708 -0.521189 -0.604853 -0.95762 0.245993 0.149838 -0.232986 0.254479 0.478884 0.840185 0.411398 0.31622 -0.384863 0.867113 0.400795 -0.930002 -0.306262 0.203222 -0.504304 0.187351 -0.87068 -0.45477 0.485867 
1534191150052 0.134488 0.842834 -0.521099 -0.604595 -0.957632 0.245697 0.150245 -0.233018 0.254664 0.478815 0.840168 0.411396 0.31622 -0.384863 0.867113 0.400795 -0.930002 -0.306262 0.203222 -0.504304 0.187351 -0.87068 -0.45477 0.485867 
1534191150137 0.134052 0.84296 -0.521008 -0.604337 -0.957644 0.245402 0.150651 -0.233049 0.254849 0.478745 0.840152 0.411394 0.31622 -0.384863 0.867113 0.400795 -0.930002 -0.306262 0.203222 -0.504304 0.187351 -0.87068 -0.45477 0.485867 
1534191150143 0.133615 0.843085 -0.520917 -0.604078 -0.957656 0.245106 0.151056 -0.23308 0.255033 0.478676 0.840135 0.411391 0.31622 -0.384863 0.867113 0.400795 -0.930002 -0.306262 0.203222 -0.504304 0.187351 -0.87068 -0.45477 0.485867 
1534191150275 0.133179 0.84321 -0.520826 -0.60382 -0.957667 0.244811 0.151462 -0.233111 0.255218 0.478607 0.840119 0.411389 0.31622 -0.384863 0.867113 0.400795 -0.930002 -0.306262 0.203222 -0.504304 0.187351 -0.87068 -0.45477 0.485867 
1534191150343 0.132743 0.843335 -0.520735 -0.603562 -0.957679 0.244515 0.151868 -0.233143 0.255403 0.478537 0.840102 0.411387 0.31622 -0.384863 0.867113 0.400795 -0.930002 -0.306262 0.203222 -0.504304 0.187351 -0.87068 -0.45477 0.485867 
1534191150413 0.132306 0.84346 -0.520644 -0.603305 -0.95769 0.244219 0.152274 -0.233174 0.255588 0.478468 0.840085 0.411384 0.31622 -0.384863 0.867113 0.400795 -0.930002 -0.306262 0.203222 -0.504304 0.187351 -0.87068 -0.45477 0.485867 
1534191150500 0.133018 0.843221 -0.52085 -0.603649 -0.957638 0.244775 0.151706 -0.233219 0.255413 0.478606 0.84006 0.411398 0.31622 -0.384863 0.867113 0.400795 -0.930002 -0.306262 0.203222 -0.504304 0.187351 -0.87068 -0.45477 0.485867 
1534191150513 0.132639 0.843264 -0.520878 -0.60343 -0.957681 0.244475 0.151919 -0.233231 0.255449 0.478684 0.840004 0.411424 0.31622 -0.384863 0.867113 0.400795 -0.930002 -0.306262 0.203222 -0.504304 0.187351 -0.87068 -0.45477 0.485867 
1534191150530 0.13226 0.843306 -0.520905 -0.603206 -0.957724 0.244175 0.152131 -0.23324 0.255485 0.478762 0.839949 0.411451 0.31622 -0.384863 0.867113 0.400795 -0.930002 -0.306262 0.203222 -0.504304 0.187351 -0.87068 -0.45477 0.485867 
1534191150549 0.131881 0.843348 -0.520933 -0.602983 -0.957766 0.243876 0.152343 -0.233249 0.255521 0.47884 0.839893 0.411479 0.31622 -0.384863 0.867113 0.400795 -0.930002 -0.306262 0.203222 -0.504304 0.187351 -0.87068 -0.45477 0.485867 
1534191150701 0.131503 0.843391 -0.52096 -0.602759 -0.957809 0.243576 0.152555 -0.233258 0.255557 0.478919 0.839838 0.411506 0.31622 -0.384863 0.867113 0.400795 -0.930002 -0.306262 0.203222 -0.504304 0.187351 -0.87068 -0.45477 0.485867 
1534191150749 0.131124 0.843432 -0.520988 -0.602534 -0.957851 0.243277 0.152767 -0.233266 0.255593 0.478997 0.839782 0.411533 0.31622 -0.384863 0.867113 0.400795 -0.930002 -0.306262 0.203222 -0.504304 0.187351 -0.87068 -0.45477 0.485867 
1534191150755 0.130745 0.843474 -0.521015 -0.602311 -0.957893 0.242977 0.15298 -0.233275 0.255629 0.479075 0.839727 0.41156 0.31622 -0.384863 0.867113 0.400795 -0.930002 -0.306262 0.203222 -0.504304 0.187351 -0.87068 -0.45477 0.485867 
1534191150885 0.130367 0.843516 -0.521042 -0.602087 -0.957935 0.242677 0.153191 -0.233283 0.255665 0.479154 0.839671 0.411588 0.31622 -0.384863 0.867113 0.400795 -0.930002 -0.306262 0.203222 -0.504304 0.187351 -0.87068 -0.45477 0.485867 
1534191150926 0.129988 0.843558 -0.521069 -0.601863 -0.957977 0.242378 0.153404 -0.233293 0.2557 0.479232 0.839615 0.411615 0.31622 -0.384863 0.867113 0.400795 -0.930002 -0.306262 0.203222 -0.504304 0.187351 -0.87068 -0.45477 0.485867 
1534191151025 0.129609 0.8436 -0.521096 -0.60164 -0.958019 0.242078 0.153616 -0.233302 0.255736 0.47931 0.83956 0.411642 0.31622 -0.384863 0.867113 0.400795 -0.930002 -0.306262 0.203222 -0.504304 0.187351 -0.87068 -0.45477 0.485867 
1534191151087 0.13036 0.843532 -0.521018 -0.601933 -0.957935 0.242668 0.153205 -0.23336 0.255668 0.47913 0.839684 0.411651 0.31622 -0.384863 0.867113 0.400795 -0.930002 -0.306262 0.203222 -0.504304 0.187351 -0.87068 -0.45477 0.485867 
1534191151104 0.130051 0.843525 -0.521107 -0.601761 -0.957965 0.242444 0.153372 -0.233385 0.255713 0.479256 0.839598 0.411684 0.31622 -0.384863 0.867113 0.400795 -0.930002 -0.306262 0.203222 -0.504304 0.187351 -0.87068 -0.45477 0.485867 
1534191151120 0.129744 0.843517 -0.521197 -0.601585 -0.957995 0.242222 0.153539 -0.233407 0.255758 0.479383 0.839512 0.411718 0.31622 -0.384863 0.867113 0.400795 -0.930002 -0.306262 0.203222 -0.504304 0.187351 -0.87068 -0.45477 0.485867 
1534191151137 0.129437 0.843508 -0.521287 -0.601409 -0.958025 0.241999 0.153705 -0.23343 0.255803 0.479511 0.839425 0.411753 0.31622 -0.384863 0.867113 0.400795 -0.930002 -0.306262 0.203222 -0.504304 0.187351 -0.87068 -0.45477 0.485867 
1534191151144 0.12913 0.843499 -0.521378 -0.601233 -0.958054 0.241777 0.153872 -0.233452 0.255848 0.479638 0.839338 0.411787 0.31622 -0.384863 0.867113 0.400795 -0.930002 -0.306262 0.203222 -0.504304 0.187351 -0.87068 -0.45477 0.485867 
1534191151259 0.128822 0.843491 -0.521468 -0.601058 -0.958083 0.241554 0.154038 -0.233475 0.255893 0.479766 0.839252 0.411821 0.31622 -0.384863 0.867113 0.400795 -0.930002 -0.306262 0.203222 -0.504304 0.187351 -0.87068 -0.45477 0.485867 
1534191151312 0.128516 0.843482 -0.521558 -0.600881 -0.958113 0.241332 0.154205 -0.233496 0.255937 0.479893 0.839165 0.411855 0.31622 -0.384863 0.867113 0.400795 -0.930002 -0.306262 0.203222 -0.504304 0.187351 -0.87068 -0.45477 0.485867 
1534191151361 0.128208 0.843473 -0.521648 -0.600705 -0.958142 0.241109 0.154371 -0.233519 0.255982 0.480021 0.839079 0.41189 0.31622 -0.384863 0.867113 0.400795 -0.930002 -0.306262 0.203222 -0.504304 0.187351 -0.87068 -0.45477 0.485867 
1534191151368 0.127901 0.843463 -0.521738 -0.600528 -0.958171 0.240887 0.154538 -0.23354 0.256027 0.480149 0.838992 0.411924 0.31622 -0.384863 0.867113 0.400795 -0.930002 -0.306262 0.203222 -0.504304 0.187351 -0.87068 -0.45477 0.485867 
1534191151476 0.127594 0.843454 -0.521828 -0.600353 -0.9582 0.240665 0.154704 -0.233563 0.256072 0.480276 0.838905 0.411958 0.31622 -0.384863 0.867113 0.400795 -0.930002 -0.306262 0.203222 -0.504304 0.187351 -0.87068 -0.45477 0.485867 
1534191151546 0.128173 0.843498 -0.521616 -0.600656 -0.958149 0.24107 0.154391 -0.233544 0.255975 0.479997 0.839095 0.411943 0.31622 -0.384863 0.867113 0.400795 -0.930002 -0.306262 0.203222 -0.504304 0.187351 -0.87068 -0.45477 0.485867 
1534191151558 0.128025 0.843499 -0.52165 -0.600525 -0.95819 0.240909 0.154384 -0.233559 0.255893 0.480075 0.839075 0.411964 0.31622 -0.384863 0.867113 0.400795 -0.930002 -0.306262 0.203222 -0.504304 0.187351 -0.87068 -0.45477 0.485867 
1534191151577 0.127878 0.8435 -0.521684 -0.60039 -0.958232 0.240749 0.154375 -0.233571 0.255811 0.480153 0.839055 0.411986 0.31622 -0.384863 0.867113 0.400795 -0.930002 -0.306262 0.203222 -0.504304 0.187351 -0.87068 -0.45477 0.485867 
1534191151591 0.12773 0.843502 -0.521718 -0.600255 -0.958274 0.240588 0.154367 -0.233583 0.255728 0.480232 0.839036 0.412008 0.31622 -0.384863 0.867113 0.400795 -0.930002 -0.306262 0.203222 -0.504304 0.187351 -0.87068 -0.45477 0.485867 
1534191151616 0.127583 0.843503 -0.521753 -0.600119 -0.958315 0.240428 0.154358 -0.233595 0.255645 0.48031 0.839016 0.41203 0.31622 -0.384863 0.867113 0.400795 -0.930002 -0.306262 0.203222 -0.504304 0.187351 -0.87068 -0.45477 0.485867 
1534191151632 0.127436 0.843503 -0.521787 -0.599983 -0.958357 0.240267 0.154349 -0.233606 0.255562 0.480389 0.838996 0.412053 0.31622 -0.384863 0.867113 0.400795 -0.930002 -0.306262 0.203222 -0.504304 0.187351 -0.87068 -0.45477 0.485867 
1534191151753 0.127288 0.843505 -0.521822 -0.599849 -0.958399 0.240106 0.15434 -0.233619 0.255479 0.480467 0.838976 0.412075 0.31622 -0.384863 0.867113 0.400795 -0.930002 -0.306262 0.203222 -0.504304 0.187351 -0.87068 -0.45477 0.485867 
1534191151775 0.127141 0.843505 -0.521856 -0.599713 -0.95844 0.239946 0.154331 -0.23363 0.255396 0.480546 0.838957 0.412097 0.31622 -0.384863 0.867113 0.400795 -0.930002 -0.306262 0.203222 -0.504304 0.187351 -0.87068 -0.45477 0.485867 
1534191151811 0.126994 0.843506 -0.52189 -0.599578 -0.958482 0.239785 0.154322 -0.233642 0.255313 0.480625 0.838937 0.412119 0.31622 -0.384863 0.867113 0.400795 -0.930002 -0.306262 0.203222 -0.504304 0.187351 -0.87068 -0.45477 0.485867 
1534191151887 0.126846 0.843507 -0.521925 -0.599443 -0.958524 0.239625 0.154313 -0.233655 0.25523 0.480703 0.838917 0.412141 0.31622 -0.384863 0.867113 0.400795 -0.930002 -0.306262 0.203222 -0.504304 0.187351 -0.87068 -0.45477 0.485867 
1534191151926 0.127185 0.843527 -0.521811 -0.599768 -0.958416 0.240011 0.154385 -0.233576 0.255468 0.480477 0.838975 0.412098 0.31622 -0.384863 0.867113 0.400795 -0.930002 -0.306262 0.203222 -0.504304 0.187351 -0.87068 -0.45477 0.485867 
1534191151937 0.127033 0.843607 -0.521718 -0.599671 -0.958401 0.239929 0.1546 -0.233586 0.255597 0.480376 0.838993 0.412078 0.31622 -0.384863 0.867113 0.400795 -0.930002 -0.306262 0.203222 -0.504304 0.187351 -0.87068 -0.45477 0.485867 
1534191151954 0.126881 0.843688 -0.521624 -0.599573 -0.958386 0.239848 0.154817 -0.233598 0.255728 0.480274 0.839011 0.412057 0.31622 -0.384863 0.867113 0.400795 -0.930002 -0.306262 0.203222 -0.504304 0.187351 -0.87068 -0.45477 0.485867 
1534191151961 0.126728 0.843769 -0.52153 -0.599475 -0.958372 0.239767 0.155035 -0.233611 0.255859 0.480172 0.83903 0.412035 0.31622 -0.384863 0.867113 0.400795 -0.930002 -0.306262 0.203222 -0.504304 0.187351 -0.87068 -0.45477 0.485867 
1534191151975 0.126576 0.84385 -0.521436 -0.599377 -0.958357 0.239686 0.155251 -0.233623 0.25599 0.480071 0.839048 0.412014 0.31622 -0.384863 0.867113 0.400795 -0.930002 -0.306262 0.203222 -0.504304 0.187351 -0.87068 -0.45477 0.485867 
1534191152062 0.126424 0.843931 -0.521342 -0.59928 -0.958342 0.239604 0.155469 -0.233637 0.256121 0.479969 0.839066 0.411992 0.31622 -0.384863 0.867113 0.400795 -0.930002 -0.306262 0.203222 -0.504304 0.187351 -0.87068 -0.45477 0.485867 
1534191152078 0.126271 0.844012 -0.521247 -0.599182 -0.958327 0.239523 0.155686 -0.233649 0.256251 0.479867 0.839085 0.411971 0.31622 -0.384863 0.867113 0.400795 -0.930002 -0.306262 0.203222 -0.504304 0.187351 -0.87068 -0.45477 0.485867 
1534191152103 0.126119 0.844093 -0.521153 -0.599085 -0.958312 0.239441 0.155903 -0.233663 0.256382 0.479765 0.839103 0.411948 0.31622 -0.384863 0.867113 0.400795 -0.930002 -0.306262 0.203222 -0.504304 0.187351 -0.87068 -0.45477 0.485867 
1534191152128 0.125967 0.844174 -0.521059 -0.598988 -0.958297 0.23936 0.15612 -0.233675 0.256513 0.479663 0.839121 0.411927 0.31622 -0.384863 0.867113 0.400795 -0.930002 -0.306262 0.203222 -0.504304 0.187351 -0.87068 -0.45477 0.485867 
1534191152169 0.125815 0.844255 -0.520964 -0.59889 -0.958282 0.239278 0.156337 -0.233687 0.256644 0.479561 0.839139 0.411906 0.31622 -0.384863 0.867113 0.400795 -0.930002 -0.306262 0.203222 -0.504304 0.187351 -0.87068 -0.45477 0.485867 
1534191152210 0.126173 0.843958 -0.521359 -0.599269 -0.958407 0.239335 0.155485 -0.233631 0.256002 0.480056 0.839052 0.411925 0.31622 -0.384863 0.867113 0.400795 -0.930002 -0.306262 0.203222 -0.504304 0.187351 -0.87068 -0.45477 0.485867 
1534191152221 0.126084 0.843964 -0.521371 -0.599191 -0.958446 0.239208 0.155434 -0.233624 0.255897 0.480109 0.839054 0.411919 0.31622 -0.384863 0.867113 0.400795 -0.930002 -0.306262 0.203222 -0.504304 0.187351 -0.87068 -0.45477 0.485867 
1534191152238 0.125995 0.843969 -0.521385 -0.599108 -0.958486 0.239083 0.155383 -0.233613 0.255792 0.480162 0.839056 0.411914 0.31622 -0.384863 0.867113 0.400795 -0.930002 -0.306262 0.203222 -0.504304 0.187351 -0.87068 -0.45477 0.485867 
1534191152245 0.125906 0.843974 -0.521398 -0.599025 -0.958526 0.238957 0.155332 -0.233602 0.255688 0.480216 0.839057 0.41191 0.31622 -0.384863 0.867113 0.400795 -0.930002 -0.306262 0.203222 -0.504304 0.187351 -0.87068 -0.45477 0.485867 
1534191152258 0.125817 0.843979 -0.521411 -0.598942 -0.958565 0.238832 0.15528 -0.233591 0.255583 0.48027 0.839058 0.411905 0.31622 -0.384863 0.867113 0.400795 -0.930002 -0.306262 0.203222 -0.504304 0.187351 -0.87068 -0.45477 0.485867 
1534191152357 0.125728 0.843984 -0.521424 -0.598859 -0.958605 0.238706 0.155229 -0.23358 0.255478 0.480323 0.839059 0.411901 0.31622 -0.384863 0.867113 0.400795 -0.930002 -0.306262 0.203222 -0.504304 0.187351 -0.87068 -0.45477 0.485867 
1534191152374 0.125639 0.843989 -0.521437 -0.598777 -0.958644 0.23858 0.155178 -0.23357 0.255373 0.480377 0.839061 0.411896 0.31622 -0.384863 0.867113 0.400795 -0.930002 -0.306262 0.203222 -0.504304 0.187351 -0.87068 -0.45477 0.485867 
1534191152389 0.125551 0.843994 -0.521451 -0.598693 -0.958684 0.238455 0.155127 -0.233558 0.255268 0.48043 0.839062 0.411891 0.31622 -0.384863 0.867113 0.400795 -0.930002 -0.306262 0.203222 -0.504304 0.187351 -0.87068 -0.45477 0.485867 
1534191152444 0.125462 0.843999 -0.521464 -0.598611 -0.958724 0.238329 0.155075 -0.233548 0.255164 0.480484 0.839063 0.411887 0.31622 -0.384863 0.867113 0.400795 -0.930002 -0.306262 0.203222 -0.504304 0.187351 -0.87068 -0.45477 0.485867 
1534191152479 0.125373 0.844004 -0.521477 -0.598528 -0.958763 0.238203 0.155024 -0.233538 0.255059 0.480537 0.839065 0.411882 0.31622 -0.384863 0.867113 0.400795 -0.930002 -0.306262 0.203222 -0.504304 0.187351 -0.87068 -0.45477 0.485867 
1534191152517 0.125554 0.844006 -0.521431 -0.598847 -0.958649 0.238519 0.155244 -0.233484 0.255397 0.480378 0.839053 0.411867 0.31622 -0.384863 0.867113 0.400795 -0.930002 -0.306262 0.203222 -0.504304 0.187351 -0.87068 -0.45477 0.485867 
1534191152530 0.125473 0.843946 -0.521547 -0.598784 -0.958699 0.238396 0.155121 -0.23349 0.255249 0.480544 0.839003 0.411872 0.31622 -0.384863 0.867113 0.400795 -0.930002 -0.306262 0.203222 -0.504304 0.187351 -0.87068 -0.45477 0.485867 
1534191152547 0.125393 0.843885 -0.521665 -0.598717 -0.95875 0.238275 0.154997 -0.233492 0.2551 0.48071 0.838953 0.411879 0.31622 -0.384863 0.867113 0.400795 -0.930002 -0.306262 0.203222 -0.504304 0.187351 -0.87068 -0.45477 0.485867 
1534191152563 0.125313 0.843825 -0.521782 -0.59865 -0.9588 0.238154 0.154873 -0.233495 0.254951 0.480877 0.838903 0.411885 0.31622 -0.384863 0.867113 0.400795 -0.930002 -0.306262 0.203222 -0.504304 0.187351 -0.87068 -0.45477 0.485867 
1534191152580 0.125234 0.843764 -0.521899 -0.598582 -0.95885 0.238034 0.154749 -0.233497 0.254802 0.481043 0.838853 0.411892 0.31622 -0.384863 0.867113 0.400795 -0.930002 -0.306262 0.203222 -0.504304 0.187351 -0.87068 -0.45477 0.485867 
1534191152597 0.125155 0.843703 -0.522017 -0.598514 -0.9589 0.237913 0.154625 -0.233499 0.254652 0.48121 0.838802 0.411898 0.31622 -0.384863 0.867113 0.400795 -0.930002 -0.306262 0.203222 -0.504304 0.187351 -0.87068 -0.45477 0.485867 
1534191152613 0.125075 0.843642 -0.522134 -0.598448 -0.95895 0.237792 0.154502 -0.233503 0.254503 0.481376 0.838752 0.411904 0.31622 -0.384863 0.867113 0.400795 -0.930002 -0.306262 0.203222 -0.504304 0.187351 -0.87068 -0.45477 0.485867 
1534191152655 0.124996 0.843581 -0.522252 -0.59838 -0.958999 0.237671 0.154378 -0.233504 0.254354 0.481543 0.838702 0.411911 0.31622 -0.384863 0.867113 0.400795 -0.930002 -0.306262 0.203222 -0.504304 0.187351 -0.87068 -0.45477 0.485867 
1534191152740 0.124916 0.84352 -0.522369 -0.598313 -0.959049 0.23755 0.154254 -0.233507 0.254205 0.481709 0.838652 0.411918 0.31622 -0.384863 0.867113 0.400795 -0.930002 -0.306262 0.203222 -0.504304 0.187351 -0.87068 -0.45477 0.485867 
1534191152762 0.124837 0.84346 -0.522486 -0.598246 -0.959099 0.237429 0.15413 -0.23351 0.254056 0.481875 0.838601 0.411924 0.31622 -0.384863 0.867113 0.400795 -0.930002 -0.306262 0.203222 -0.504304 0.187351 -0.87068 -0.45477 0.485867 
1534191152789 0.124983 0.843659 -0.522129 -0.598514 -0.958895 0.237838 0.154767 -0.233389 0.254752 0.481324 0.838706 0.411895 0.31622 -0.384863 0.867113 0.400795 -0.930002 -0.306262 0.203222 -0.504304 0.187351 -0.87068 -0.45477 0.485867 
1534191152807 0.124994 0.843651 -0.52214 -0.598456 -0.958965 0.237714 0.154523 -0.233397 0.254483 0.4814 0.838745 0.4119 0.31622 -0.384863 0.867113 0.400795 -0.930002 -0.306262 0.203222 -0.504304 0.187351 -0.87068 -0.45477 0.485867 
1534191152823 0.125006 0.843642 -0.522152 -0.598394 -0.959036 0.237591 0.154277 -0.233401 0.254213 0.481476 0.838783 0.411907 0.31622 -0.384863 0.867113 0.400795 -0.930002 -0.306262 0.203222 -0.504304 0.187351 -0.87068 -0.45477 0.485867 
1534191152839 0.125018 0.843633 -0.522163 -0.598332 -0.959106 0.237468 0.154031 -0.233405 0.253943 0.481553 0.838821 0.411913 0.31622 -0.384863 0.867113 0.400795 -0.930002 -0.306262 0.203222 -0.504304 0.187351 -0.87068 -0.45477 0.485867 
1534191152856 0.125031 0.843624 -0.522175 -0.59827 -0.959175 0.237344 0.153785 -0.233409 0.253672 0.48163 0.838858 0.41192 0.31622 -0.384863 0.867113 0.400795 -0.930002 -0.306262 0.203222 -0.504304 0.187351 -0.87068 -0.45477 0.485867 
1534191152873 0.125043 0.843614 -0.522187 -0.598208 -0.959245 0.237221 0.153539 -0.233412 0.253402 0.481706 0.838896 0.411927 0.31622 -0.384863 0.867113 0.400795 -0.930002 -0.306262 0.203222 -0.504304 0.187351 -0.87068 -0.45477 0.485867 
1534191152889 0.125055 0.843605 -0.522198 -0.598147 -0.959315 0.237098 0.153294 -0.233417 0.253132 0.481783 0.838934 0.411933 0.31622 -0.384863 0.867113 0.400795 -0.930002 -0.306262 0.203222 -0.504304 0.187351 -0.87068 -0.45477 0.485867 
1534191152907 0.125068 0.843596 -0.52221 -0.598084 -0.959385 0.236975 0.153048 -0.23342 0.252861 0.481859 0.838971 0.41194 0.31622 -0.384863 0.867113 0.400795 -0.930002 -0.306262 0.203222 -0.504304 0.187351 -0.87068 -0.45477 0.485867 
1534191152938 0.12508 0.843587 -0.522222 -0.598022 -0.959454 0.236852 0.152802 -0.233425 0.252591 0.481936 0.839009 0.411946 0.31622 -0.384863 0.867113 0.400795 -0.930002 -0.306262 0.203222 -0.504304 0.187351 -0.87068 -0.45477 0.485867 
1534191152980 0.125092 0.843578 -0.522233 -0.597961 -0.959524 0.236728 0.152556 -0.233429 0.252321 0.482012 0.839046 0.411953 0.31622 -0.384863 0.867113 0.400795 -0.930002 -0.306262 0.203222 -0.504304 0.187351 -0.87068 -0.45477 0.485867 
1534191153014 0.124828 0.843644 -0.52219 -0.598247 -0.95925 0.237084 0.153723 -0.233306 0.25349 0.481722 0.83886 0.411949 0.31622 -0.384863 0.867113 0.400795 -0.930002 -0.306262 0.203222 -0.504304 0.187351 -0.87068 -0.45477 0.485867 
1534191153026 0.124578 0.843677 -0.522197 -0.598128 -0.959262 0.236911 0.153914 -0.233361 0.253568 0.48175 0.838821 0.41197 0.31622 -0.384863 0.867113 0.400795 -0.930002 -0.306262 0.203222 -0.504304 0.187351 -0.87068 -0.45477 0.485867 
1534191153043 0.124327 0.843709 -0.522204 -0.598008 -0.959274 0.236739 0.154106 -0.233418 0.253647 0.481777 0.838781 0.41199 0.31622 -0.384863 0.867113 0.400795 -0.930002 -0.306262 0.203222 -0.504304 0.187351 -0.87068 -0.45477 0.485867 
1534191153174 0.124077 0.843742 -0.522211 -0.597888 -0.959286 0.236566 0.154298 -0.233474 0.253725 0.481805 0.838742 0.41201 0.31622 -0.384863 0.867113 0.400795 -0.930002 -0.306262 0.203222 -0.504304 0.187351 -0.87068 -0.45477 0.485867 
1534191153193 0.123825 0.843775 -0.522217 -0.597767 -0.959297 0.236393 0.15449 -0.233532 0.253803 0.481832 0.838702 0.412029 0.31622 -0.384863 0.867113 0.400795 -0.930002 -0.306262 0.203222 -0.504304 0.187351 -0.87068 -0.45477 0.485867 
1534191153220 0.123575 0.843808 -0.522224 -0.597647 -0.959309 0.236221 0.154682 -0.233588 0.253882 0.481859 0.838663 0.412049 0.31622 -0.384863 0.867113 0.400795 -0.930002 -0.306262 0.203222 -0.504304 0.187351 -0.87068 -0.45477 0.485867 
1534191153297 0.123324 0.84384 -0.522231 -0.597527 -0.95932 0.236048 0.154873 -0.233645 0.25396 0.481887 0.838623 0.412069 0.31622 -0.384863 0.867113 0.400795 -0.930002 -0.306262 0.203222 -0.504304 0.187351 -0.87068 -0.45477 0.485867 
1534191153329 0.123072 0.843873 -0.522237 -0.597406 -0.959332 0.235875 0.155066 -0.233703 0.254039 0.481914 0.838584 0.412088 0.31622 -0.384863 0.867113 0.400795 -0.930002 -0.306262 0.203222 -0.504304 0.187351 -0.87068 -0.45477 0.485867 
1534191153366 0.122822 0.843906 -0.522243 -0.597286 -0.959343 0.235702 0.155258 -0.23376 0.254117 0.481942 0.838544 0.412108 0.31622 -0.384863 0.867113 0.400795 -0.930002 -0.306262 0.203222 -0.504304 0.187351 -0.87068 -0.45477 0.485867 
1534191153419 0.122571 0.843938 -0.52225 -0.597166 -0.959355 0.23553 0.15545 -0.233817 0.254195 0.481969 0.838505 0.412128 0.31622 -0.384863 0.867113 0.400795 -0.930002 -0.306262 0.203222 -0.504304 0.187351 -0.87068 -0.45477 0.485867 
1534191153459 0.123349 0.8438 -0.52229 -0.597437 -0.959331 0.236054 0.154798 -0.233784 0.253907 0.481955 0.838601 0.412115 0.31622 -0.384863 0.867113 0.400795 -0.930002 -0.306262 0.203222 -0.504304 0.187351 -0.87068 -0.45477 0.485867 
1534191153475 0.123099 0.843824 -0.522311 -0.597251 -0.959366 0.235839 0.154906 -0.233854 0.253895 0.482018 0.838568 0.412126 0.31622 -0.384863 0.867113 0.400795 -0.930002 -0.306262 0.203222 -0.504304 0.187351 -0.87068 -0.45477 0.485867 
1534191153492 0.12285 0.843847 -0.522331 -0.597061 -0.959402 0.235624 0.155015 -0.233923 0.253883 0.482082 0.838535 0.412136 0.31622 -0.384863 0.867113 0.400795 -0.930002 -0.306262 0.203222 -0.504304 0.187351 -0.87068 -0.45477 0.485867 
1534191153510 0.1226 0.843871 -0.522351 -0.596871 -0.959437 0.23541 0.155123 -0.233991 0.25387 0.482145 0.838502 0.412147 0.31622 -0.384863 0.867113 0.400795 -0.930002 -0.306262 0.203222 -0.504304 0.187351 -0.87068 -0.45477 0.485867 
1534191153567 0.12235 0.843895 -0.522371 -0.596682 -0.959472 0.235195 0.155231 -0.23406 0.253858 0.482208 0.83847 0.412157 0.31622 -0.384863 0.867113 0.400795 -0.930002 -0.306262 0.203222 -0.504304 0.187351 -0.87068 -0.45477 0.485867 
1534191153641 0.122101 0.843918 -0.522392 -0.596491 -0.959507 0.234981 0.155339 -0.234127 0.253846 0.482272 0.838437 0.412168 0.31622 -0.384863 0.867113 0.400795 -0.930002 -0.306262 0.203222 -0.504304 0.187351 -0.87068 -0.45477 0.485867 
1534191153680 0.121851 0.843942 -0.522412 -0.5963 -0.959542 0.234766 0.155447 -0.234195 0.253833 0.482335 0.838404 0.412179 0.31622 -0.384863 0.867113 0.400795 -0.930002 -0.306262 0.203222 -0.504304 0.187351 -0.87068 -0.45477 0.485867 
1534191153735 0.121602 0.843965 -0.522432 -0.596111 -0.959577 0.234552 0.155555 -0.234264 0.253821 0.482398 0.838372 0.41219 0.31622 -0.384863 0.867113 0.400795 -0.930002 -0.306262 0.203222 -0.504304 0.187351 -0.87068 -0.45477 0.485867 
