1532430280920 0.0992395 0.241309 -0.965361 -0.446126 -0.839741 -0.500165 -0.211351 -0.260388 -0.533841 0.831628 0.153001 0.474856 0.16008 -0.304787 0.938871 0.370831 -0.775623 0.549475 0.310623 -0.528794 -0.61056 -0.777934 -0.14844 0.432481 
1532430280927 0.0938262 0.283654 -0.954325 -0.465018 -0.889321 -0.407027 -0.208416 -0.252028 -0.447554 0.868257 0.21407 0.471019 0.316303 -0.384294 0.867335 0.400737 -0.930106 -0.305552 0.203813 -0.506307 0.186692 -0.871181 -0.454081 0.485857 
1532430282390 0.0929989 0.325769 -0.940864 -0.481447 -0.929664 -0.309912 -0.199197 -0.241682 -0.356477 0.893213 0.274034 0.466403 0.316241 -0.384854 0.867109 0.400829 -0.929997 -0.306262 0.203247 -0.504432 0.187342 -0.870684 -0.454766 0.485875 
1532430283803 0.0965892 0.366959 -0.925209 -0.497603 -0.960287 -0.210107 -0.183585 -0.231231 -0.261761 0.906198 0.332092 0.461814 0.316222 -0.384856 0.867115 0.400788 -0.930001 -0.306263 0.203225 -0.504315 0.187353 -0.870683 -0.454764 0.485864 
1532430285214 0.104535 0.406683 -0.907569 -0.513606 -0.980802 -0.108896 -0.161767 -0.220776 -0.164618 0.907056 0.387492 0.457256 0.316221 -0.384858 0.867115 0.400787 -0.930002 -0.306263 0.203224 -0.504306 0.187353 -0.870682 -0.454765 0.485864 
1532430286550 0.116711 0.444453 -0.888167 -0.529968 -0.990952 -0.00756778 -0.134004 -0.210562 -0.0662802 0.89577 0.439549 0.452791 0.316221 -0.384859 0.867115 0.400789 -0.930002 -0.306263 0.203223 -0.504305 0.187353 -0.870682 -0.454767 0.485865 
1532430286557 0.132963 0.479805 -0.867242 -0.546712 -0.990604 0.0925823 -0.100656 -0.20055 0.0319962 0.872477 0.487607 0.448377 0.31622 -0.384861 0.867114 0.400792 -0.930002 -0.306263 0.203223 -0.504305 0.187352 -0.870681 -0.454768 0.485866 
1532430288346 0.153101 0.512275 -0.845065 -0.563469 -0.979762 0.19027 -0.0621628 -0.190551 0.128946 0.837479 0.531038 0.44396 0.31622 -0.384862 0.867114 0.400794 -0.930002 -0.306262 0.203222 -0.504305 0.187352 -0.870681 -0.454769 0.485867 
1532430289614 0.176866 0.541443 -0.821923 -0.580173 -0.958563 0.284246 -0.0190222 -0.180542 0.223329 0.79123 0.56928 0.439568 0.316221 -0.384863 0.867113 0.400797 -0.930002 -0.306262 0.203223 -0.504308 0.187351 -0.87068 -0.454769 0.485868 
1532430290869 0.20395 0.566814 -0.798202 -0.595948 -0.927321 0.373213 0.0280827 -0.170469 0.313817 0.734461 0.601735 0.435774 0.316227 -0.384869 0.867108 0.400818 -0.930002 -0.306258 0.20323 -0.504345 0.187342 -0.870679 -0.454776 0.485889 
1532430292267 0.203811 0.566872 -0.798196 -0.595964 -0.927365 0.373097 0.0281765 -0.17042 0.313777 0.734476 0.601738 0.435786 0.316227 -0.384869 0.867108 0.400818 -0.930002 -0.306258 0.20323 -0.504345 0.187342 -0.870679 -0.454776 0.485889 
1532430292278 0.206706 0.569215 -0.795781 -0.59774 -0.923688 0.381712 0.0331049 -0.16943 0.322603 0.72821 0.60468 0.435274 0.316221 -0.384863 0.867113 0.400797 -0.930002 -0.306262 0.203222 -0.504307 0.187351 -0.87068 -0.45477 0.485868 
1532430292793 0.209631 0.571519 -0.79336 -0.599516 -0.919915 0.390265 0.0380676 -0.168439 0.331377 0.721844 0.607561 0.434761 0.31622 -0.384862 0.867113 0.400795 -0.930002 -0.306262 0.203222 -0.504304 0.187352 -0.87068 -0.454769 0.485867 
1532430293274 0.212584 0.573783 -0.790937 -0.601292 -0.916046 0.398754 0.0430647 -0.167448 0.340099 0.71538 0.61038 0.434248 0.316221 -0.384863 0.867113 0.400795 -0.930002 -0.306262 0.203223 -0.504304 0.187351 -0.87068 -0.45477 0.485867 
1532430293721 0.215567 0.576005 -0.788511 -0.603068 -0.912081 0.40718 0.0480946 -0.166457 0.348768 0.708818 0.613137 0.433735 0.31622 -0.384863 0.867113 0.400795 -0.930002 -0.306262 0.203222 -0.504304 0.187351 -0.87068 -0.45477 0.485867 
1532430294173 0.218578 0.578185 -0.786082 -0.604843 -0.90802 0.41554 0.0531576 -0.165467 0.357384 0.70216 0.615832 0.433222 0.31622 -0.384863 0.867113 0.400795 -0.930002 -0.306262 0.203222 -0.504304 0.187351 -0.87068 -0.45477 0.485867 
1532430294637 0.221617 0.580324 -0.783652 -0.606619 -0.903865 0.423834 0.0582524 -0.164476 0.365943 0.695405 0.618463 0.432709 0.31622 -0.384863 0.867113 0.400795 -0.930002 -0.306262 0.203222 -0.504304 0.187351 -0.87068 -0.45477 0.485867 
1532430295134 0.224683 0.582421 -0.781219 -0.608395 -0.899615 0.43206 0.0633784 -0.163485 0.374447 0.688556 0.621031 0.432196 0.31622 -0.384863 0.867113 0.400795 -0.930002 -0.306262 0.203222 -0.504304 0.187351 -0.87068 -0.45477 0.485867 
1532430295657 0.227778 0.584475 -0.778785 -0.610164 -0.895271 0.440219 0.0685346 -0.162493 0.382893 0.681613 0.623535 0.431686 0.31622 -0.384863 0.867113 0.400795 -0.930002 -0.306262 0.203222 -0.504304 0.187351 -0.87068 -0.45477 0.485867 
1532430296117 0.230897 0.586472 -0.776362 -0.611838 -0.890839 0.4483 0.0737074 -0.161492 0.39127 0.674594 0.625963 0.431237 0.31622 -0.384863 0.867113 0.400795 -0.930002 -0.306262 0.203222 -0.504304 0.187351 -0.87068 -0.45477 0.485867 
1532430296590 0.230844 0.586369 -0.776456 -0.611833 -0.890868 0.44825 0.0736536 -0.161526 0.391235 0.674717 0.625853 0.43117 0.31622 -0.384863 0.867113 0.400795 -0.930002 -0.306262 0.203222 -0.504304 0.187351 -0.87068 -0.45477 0.485867 
1532430296604 0.231022 0.585855 -0.77679 -0.611904 -0.891061 0.447995 0.0728705 -0.161383 0.390689 0.675333 0.625529 0.431194 0.31622 -0.384863 0.867113 0.400795 -0.930002 -0.306262 0.203222 -0.504304 0.187351 -0.87068 -0.45477 0.485867 
1532430296871 0.231202 0.58534 -0.777125 -0.611974 -0.891254 0.447739 0.0720859 -0.16124 0.390144 0.675949 0.625204 0.431219 0.31622 -0.384863 0.867113 0.400795 -0.930002 -0.306262 0.203222 -0.504304 0.187351 -0.87068 -0.45477 0.485867 
1532430297069 0.231382 0.584825 -0.777459 -0.612045 -0.891446 0.447482 0.071302 -0.161097 0.389598 0.676565 0.624879 0.431243 0.31622 -0.384863 0.867113 0.400795 -0.930002 -0.306262 0.203222 -0.504304 0.187351 -0.87068 -0.45477 0.485867 
1532430297286 0.231562 0.58431 -0.777792 -0.612116 -0.891637 0.447225 0.0705182 -0.160954 0.389052 0.677179 0.624553 0.431268 0.31622 -0.384863 0.867113 0.400795 -0.930002 -0.306262 0.203222 -0.504304 0.187351 -0.87068 -0.45477 0.485867 
1532430297487 0.231742 0.583795 -0.778125 -0.612186 -0.891828 0.446967 0.0697345 -0.160811 0.388507 0.677794 0.624226 0.431292 0.31622 -0.384863 0.867113 0.400795 -0.930002 -0.306262 0.203222 -0.504304 0.187351 -0.87068 -0.45477 0.485867 
1532430297688 0.231923 0.583279 -0.778458 -0.612257 -0.892019 0.446708 0.068951 -0.160667 0.387961 0.678408 0.623898 0.431316 0.31622 -0.384863 0.867113 0.400795 -0.930002 -0.306262 0.203222 -0.504304 0.187351 -0.87068 -0.45477 0.485867 
1532430297897 0.232104 0.582764 -0.77879 -0.612328 -0.892209 0.446448 0.0681675 -0.160524 0.387415 0.679022 0.62357 0.431341 0.31622 -0.384863 0.867113 0.400795 -0.930002 -0.306262 0.203222 -0.504304 0.187351 -0.87068 -0.45477 0.485867 
1532430298097 0.232286 0.582248 -0.779122 -0.612399 -0.892399 0.446188 0.0673842 -0.160381 0.386869 0.679635 0.623241 0.431365 0.31622 -0.384863 0.867113 0.400795 -0.930002 -0.306262 0.203222 -0.504304 0.187351 -0.87068 -0.45477 0.485867 
1532430298284 0.232466 0.581734 -0.779452 -0.612468 -0.892588 0.445927 0.0666043 -0.160245 0.386325 0.680246 0.622912 0.431385 0.31622 -0.384863 0.867113 0.400795 -0.930002 -0.306262 0.203222 -0.504304 0.187351 -0.87068 -0.45477 0.485867 
1532430298528 0.232373 0.581836 -0.779403 -0.612465 -0.892604 0.445876 0.0667298 -0.160217 0.386343 0.680192 0.622959 0.431406 0.31622 -0.384863 0.867113 0.400795 -0.930002 -0.306262 0.203222 -0.504304 0.187351 -0.87068 -0.45477 0.485867 
1532430298777 0.232024 0.582189 -0.779244 -0.612462 -0.893636 0.44397 0.0656151 -0.160332 0.384161 0.681136 0.623277 0.431534 0.31622 -0.384863 0.867113 0.400795 -0.930002 -0.306262 0.203222 -0.504304 0.187351 -0.87068 -0.45477 0.485867 
1532430299028 0.231673 0.582542 -0.779085 -0.612459 -0.894662 0.442063 0.0645007 -0.160447 0.381979 0.682074 0.623592 0.431663 0.31622 -0.384863 0.867113 0.400795 -0.930002 -0.306262 0.203222 -0.504304 0.187351 -0.87068 -0.45477 0.485867 
1532430299033 0.23132 0.582894 -0.778926 -0.612456 -0.895683 0.440152 0.0633854 -0.160562 0.379793 0.683008 0.623905 0.431791 0.31622 -0.384863 0.867113 0.400795 -0.930002 -0.306262 0.203222 -0.504304 0.187351 -0.87068 -0.45477 0.485867 
1532430299353 0.230968 0.583245 -0.778768 -0.612453 -0.896698 0.43824 0.0622694 -0.160677 0.377606 0.683937 0.624214 0.43192 0.31622 -0.384863 0.867113 0.400795 -0.930002 -0.306262 0.203222 -0.504304 0.187351 -0.87068 -0.45477 0.485867 
1532430299609 0.230614 0.583596 -0.77861 -0.61245 -0.897708 0.436326 0.0611526 -0.160791 0.375416 0.684862 0.624521 0.432048 0.31622 -0.384863 0.867113 0.400795 -0.930002 -0.306262 0.203222 -0.504304 0.187351 -0.87068 -0.45477 0.485867 
1532430299860 0.230259 0.583946 -0.778452 -0.612447 -0.898713 0.434408 0.0600349 -0.160906 0.373223 0.685782 0.624826 0.432176 0.31622 -0.384863 0.867113 0.400795 -0.930002 -0.306262 0.203222 -0.504304 0.187351 -0.87068 -0.45477 0.485867 
1532430300108 0.229903 0.584295 -0.778296 -0.612444 -0.899713 0.432488 0.0589164 -0.161021 0.371028 0.686697 0.625128 0.432305 0.31622 -0.384863 0.867113 0.400795 -0.930002 -0.306262 0.203222 -0.504304 0.187351 -0.87068 -0.45477 0.485867 
1532430300381 0.229546 0.584644 -0.778139 -0.612441 -0.900706 0.430566 0.0577974 -0.161136 0.368831 0.687608 0.625427 0.432433 0.31622 -0.384863 0.867113 0.400795 -0.930002 -0.306262 0.203222 -0.504304 0.187351 -0.87068 -0.45477 0.485867 
1532430300634 0.229187 0.584992 -0.777983 -0.612439 -0.901694 0.428643 0.0566802 -0.161251 0.366635 0.688512 0.625723 0.432557 0.31622 -0.384863 0.867113 0.400795 -0.930002 -0.306262 0.203222 -0.504304 0.187351 -0.87068 -0.45477 0.485867 
1532430300960 0.229122 0.58491 -0.778063 -0.612421 -0.901706 0.428618 0.0566818 -0.161235 0.366646 0.688597 0.625623 0.432481 0.31622 -0.384863 0.867113 0.400795 -0.930002 -0.306262 0.203222 -0.504304 0.187351 -0.87068 -0.45477 0.485867 
1532430301163 0.228317 0.585511 -0.777849 -0.612365 -0.902677 0.426635 0.0561843 -0.161418 0.364754 0.689318 0.625935 0.432575 0.31622 -0.384863 0.867113 0.400795 -0.930002 -0.306262 0.203222 -0.504304 0.187351 -0.87068 -0.45477 0.485867 
1532430301599 0.22751 0.58611 -0.777634 -0.612309 -0.903644 0.424649 0.0556859 -0.161601 0.362859 0.690035 0.626247 0.432669 0.31622 -0.384863 0.867113 0.400795 -0.930002 -0.306262 0.203222 -0.504304 0.187351 -0.87068 -0.45477 0.485867 
1532430301940 0.226701 0.586708 -0.777419 -0.612254 -0.904606 0.42266 0.0551865 -0.161784 0.360963 0.690748 0.626557 0.432762 0.31622 -0.384863 0.867113 0.400795 -0.930002 -0.306262 0.203222 -0.504304 0.187351 -0.87068 -0.45477 0.485867 
1532430302250 0.225891 0.587303 -0.777205 -0.612198 -0.905564 0.42067 0.0546863 -0.161967 0.359065 0.691456 0.626866 0.432856 0.31622 -0.384863 0.867113 0.400795 -0.930002 -0.306262 0.203222 -0.504304 0.187351 -0.87068 -0.45477 0.485867 
1532430302506 0.225079 0.587897 -0.776992 -0.612142 -0.906517 0.418678 0.0541853 -0.16215 0.357165 0.69216 0.627174 0.43295 0.31622 -0.384863 0.867113 0.400795 -0.930002 -0.306262 0.203222 -0.504304 0.187351 -0.87068 -0.45477 0.485867 
1532430302792 0.224266 0.58849 -0.776778 -0.612086 -0.907465 0.416683 0.0536834 -0.162333 0.355263 0.69286 0.627482 0.433044 0.31622 -0.384863 0.867113 0.400795 -0.930002 -0.306262 0.203222 -0.504304 0.187351 -0.87068 -0.45477 0.485867 
1532430303062 0.223452 0.58908 -0.776566 -0.61203 -0.908409 0.414688 0.0531808 -0.162516 0.35336 0.693556 0.627788 0.433138 0.31622 -0.384863 0.867113 0.400795 -0.930002 -0.306262 0.203222 -0.504304 0.187351 -0.87068 -0.45477 0.485867 
1532430303069 0.222636 0.589668 -0.776353 -0.611975 -0.909347 0.41269 0.0526771 -0.162699 0.351455 0.694247 0.628093 0.433231 0.31622 -0.384863 0.867113 0.400795 -0.930002 -0.306262 0.203222 -0.504304 0.187351 -0.87068 -0.45477 0.485867 
1532430303508 0.22182 0.590254 -0.776142 -0.611921 -0.910281 0.410691 0.0521733 -0.162877 0.34955 0.694934 0.628396 0.433323 0.31622 -0.384863 0.867113 0.400795 -0.930002 -0.306262 0.203222 -0.504304 0.187351 -0.87068 -0.45477 0.485867 
1532430303855 0.221855 0.590187 -0.776183 -0.611947 -0.910299 0.410664 0.052068 -0.162895 0.349481 0.695007 0.628354 0.433307 0.31622 -0.384863 0.867113 0.400795 -0.930002 -0.306262 0.203222 -0.504304 0.187351 -0.87068 -0.45477 0.485867 
1532430303868 0.221112 0.590831 -0.775904 -0.611876 -0.911127 0.40887 0.0516967 -0.163078 0.347788 0.695517 0.628729 0.433365 0.31622 -0.384863 0.867113 0.400795 -0.930002 -0.306262 0.203222 -0.504304 0.187351 -0.87068 -0.45477 0.485867 
1532430304288 0.220368 0.591475 -0.775626 -0.611805 -0.911952 0.407074 0.0513243 -0.16326 0.346094 0.696023 0.629103 0.433422 0.31622 -0.384863 0.867113 0.400795 -0.930002 -0.306262 0.203222 -0.504304 0.187351 -0.87068 -0.45477 0.485867 
1532430304699 0.219623 0.592116 -0.775348 -0.611733 -0.912773 0.405276 0.0509508 -0.163443 0.344399 0.696527 0.629476 0.43348 0.31622 -0.384863 0.867113 0.400795 -0.930002 -0.306262 0.203222 -0.504304 0.187351 -0.87068 -0.45477 0.485867 
1532430304704 0.218876 0.592757 -0.775069 -0.611662 -0.913591 0.403477 0.0505763 -0.163626 0.342702 0.697026 0.629849 0.433538 0.31622 -0.384863 0.867113 0.400795 -0.930002 -0.306262 0.203222 -0.504304 0.187351 -0.87068 -0.45477 0.485867 
1532430305027 0.218128 0.593395 -0.774792 -0.611591 -0.914405 0.401676 0.050201 -0.163808 0.341005 0.697523 0.630221 0.433595 0.31622 -0.384863 0.867113 0.400795 -0.930002 -0.306262 0.203222 -0.504304 0.187351 -0.87068 -0.45477 0.485867 
1532430305290 0.217379 0.594033 -0.774514 -0.61152 -0.915215 0.399874 0.0498247 -0.163991 0.339305 0.698016 0.630592 0.433653 0.31622 -0.384863 0.867113 0.400795 -0.930002 -0.306262 0.203222 -0.504304 0.187351 -0.87068 -0.45477 0.485867 
1532430305572 0.216628 0.594668 -0.774236 -0.611449 -0.916021 0.398071 0.0494476 -0.164174 0.337606 0.698505 0.630962 0.433711 0.31622 -0.384863 0.867113 0.400795 -0.930002 -0.306262 0.203222 -0.504304 0.187351 -0.87068 -0.45477 0.485867 
1532430305824 0.215876 0.595302 -0.773959 -0.611378 -0.916824 0.396266 0.0490692 -0.164356 0.335905 0.698991 0.631332 0.433769 0.31622 -0.384863 0.867113 0.400795 -0.930002 -0.306262 0.203222 -0.504304 0.187351 -0.87068 -0.45477 0.485867 
1532430306104 0.215123 0.595934 -0.773682 -0.611309 -0.917622 0.394461 0.0486904 -0.164534 0.334204 0.699474 0.6317 0.433826 0.31622 -0.384863 0.867113 0.400795 -0.930002 -0.306262 0.203222 -0.504304 0.187351 -0.87068 -0.45477 0.485867 
1532430306411 0.21503 0.595951 -0.773695 -0.611309 -0.917628 0.394435 0.0487872 -0.16444 0.334247 0.699474 0.631677 0.433855 0.31622 -0.384863 0.867113 0.400795 -0.930002 -0.306262 0.203222 -0.504304 0.187351 -0.87068 -0.45477 0.485867 
1532430306637 0.214224 0.596688 -0.773351 -0.611231 -0.918398 0.392667 0.048564 -0.164619 0.332647 0.69984 0.632116 0.433888 0.31622 -0.384863 0.867113 0.400795 -0.930002 -0.306262 0.203222 -0.504304 0.187351 -0.87068 -0.45477 0.485867 
1532430306882 0.213415 0.597424 -0.773006 -0.611152 -0.919164 0.390896 0.0483406 -0.164798 0.331045 0.700203 0.632554 0.433921 0.31622 -0.384863 0.867113 0.400795 -0.930002 -0.306262 0.203222 -0.504304 0.187351 -0.87068 -0.45477 0.485867 
1532430307178 0.212605 0.598158 -0.772662 -0.611074 -0.919928 0.389125 0.0481161 -0.164978 0.329443 0.700563 0.632992 0.433955 0.31622 -0.384863 0.867113 0.400795 -0.930002 -0.306262 0.203222 -0.504304 0.187351 -0.87068 -0.45477 0.485867 
1532430307425 0.211792 0.598891 -0.772317 -0.610996 -0.920688 0.387351 0.0478906 -0.165157 0.327839 0.70092 0.63343 0.433988 0.31622 -0.384863 0.867113 0.400795 -0.930002 -0.306262 0.203222 -0.504304 0.187351 -0.87068 -0.45477 0.485867 
1532430307677 0.210979 0.599622 -0.771972 -0.610918 -0.921444 0.385577 0.047664 -0.165336 0.326235 0.701273 0.633867 0.434021 0.31622 -0.384863 0.867113 0.400795 -0.930002 -0.306262 0.203222 -0.504304 0.187351 -0.87068 -0.45477 0.485867 
1532430307921 0.210164 0.600351 -0.771628 -0.610839 -0.922196 0.383802 0.0474364 -0.165515 0.324631 0.701623 0.634303 0.434054 0.31622 -0.384863 0.867113 0.400795 -0.930002 -0.306262 0.203222 -0.504304 0.187351 -0.87068 -0.45477 0.485867 
1532430308170 0.209347 0.601079 -0.771283 -0.610761 -0.922946 0.382024 0.0472076 -0.165694 0.323024 0.70197 0.634739 0.434087 0.31622 -0.384863 0.867113 0.400795 -0.930002 -0.306262 0.203222 -0.504304 0.187351 -0.87068 -0.45477 0.485867 
1532430308406 0.20853 0.601804 -0.770939 -0.610683 -0.923691 0.380246 0.0469774 -0.165873 0.321418 0.702313 0.635174 0.434121 0.31622 -0.384863 0.867113 0.400795 -0.930002 -0.306262 0.203222 -0.504304 0.187351 -0.87068 -0.45477 0.485867 
1532430308669 0.207711 0.602528 -0.770595 -0.610606 -0.924433 0.378468 0.0467463 -0.166047 0.319811 0.702654 0.635608 0.434155 0.31622 -0.384863 0.867113 0.400795 -0.930002 -0.306262 0.203222 -0.504304 0.187351 -0.87068 -0.45477 0.485867 
1532430309025 0.207731 0.602643 -0.770499 -0.610595 -0.924381 0.378578 0.0468849 -0.166041 0.319949 0.702496 0.635714 0.434219 0.31622 -0.384863 0.867113 0.400795 -0.930002 -0.306262 0.203222 -0.504304 0.187351 -0.87068 -0.45477 0.485867 
1532430309036 0.20666 0.603327 -0.770252 -0.610507 -0.925216 0.376554 0.046712 -0.166259 0.318224 0.702996 0.636027 0.43427 0.31622 -0.384863 0.867113 0.400795 -0.930002 -0.306262 0.203222 -0.504304 0.187351 -0.87068 -0.45477 0.485867 
1532430309299 0.205586 0.60401 -0.770004 -0.610419 -0.926048 0.374526 0.0465381 -0.166477 0.316496 0.703493 0.636339 0.43432 0.31622 -0.384863 0.867113 0.400795 -0.930002 -0.306262 0.203222 -0.504304 0.187351 -0.87068 -0.45477 0.485867 
1532430309572 0.204511 0.604689 -0.769757 -0.610331 -0.926875 0.372497 0.0463633 -0.166695 0.314767 0.703987 0.636651 0.434371 0.31622 -0.384863 0.867113 0.400795 -0.930002 -0.306262 0.203222 -0.504304 0.187351 -0.87068 -0.45477 0.485867 
1532430309837 0.203434 0.605367 -0.76951 -0.610243 -0.927697 0.370465 0.0461876 -0.166913 0.313037 0.704476 0.636962 0.434422 0.31622 -0.384863 0.867113 0.400795 -0.930002 -0.306262 0.203222 -0.504304 0.187351 -0.87068 -0.45477 0.485867 
1532430310103 0.202356 0.606041 -0.769263 -0.610156 -0.928515 0.368433 0.0460111 -0.167131 0.311306 0.704962 0.637273 0.434472 0.31622 -0.384863 0.867113 0.400795 -0.930002 -0.306262 0.203222 -0.504304 0.187351 -0.87068 -0.45477 0.485867 
1532430310365 0.201276 0.606714 -0.769016 -0.610068 -0.929329 0.366398 0.0458336 -0.16735 0.309574 0.705444 0.637584 0.434523 0.31622 -0.384863 0.867113 0.400795 -0.930002 -0.306262 0.203222 -0.504304 0.187351 -0.87068 -0.45477 0.485867 
1532430310643 0.200195 0.607384 -0.768769 -0.60998 -0.930138 0.364361 0.0456553 -0.167568 0.30784 0.705922 0.637894 0.434574 0.31622 -0.384863 0.867113 0.400795 -0.930002 -0.306262 0.203222 -0.504304 0.187351 -0.87068 -0.45477 0.485867 
1532430310967 0.199112 0.608052 -0.768523 -0.609892 -0.930942 0.362323 0.0454761 -0.167786 0.306105 0.706396 0.638204 0.434625 0.31622 -0.384863 0.867113 0.400795 -0.930002 -0.306262 0.203222 -0.504304 0.187351 -0.87068 -0.45477 0.485867 
1532430311248 0.19803 0.608716 -0.768277 -0.609807 -0.931742 0.360286 0.0452951 -0.167997 0.304371 0.706866 0.638513 0.434675 0.31622 -0.384863 0.867113 0.400795 -0.930002 -0.306262 0.203222 -0.504304 0.187351 -0.87068 -0.45477 0.485867 
1532430311586 0.197896 0.608648 -0.768365 -0.609815 -0.931758 0.360233 0.0453737 -0.167944 0.304407 0.706951 0.638402 0.434653 0.31622 -0.384863 0.867113 0.400795 -0.930002 -0.306262 0.203222 -0.504304 0.187351 -0.87068 -0.45477 0.485867 
1532430311600 0.196886 0.609531 -0.767925 -0.609722 -0.932657 0.357948 0.0449961 -0.168178 0.302304 0.707351 0.638958 0.434681 0.31622 -0.384863 0.867113 0.400795 -0.930002 -0.306262 0.203222 -0.504304 0.187351 -0.87068 -0.45477 0.485867 
1532430311914 0.195873 0.61041 -0.767485 -0.60963 -0.933549 0.355663 0.0446169 -0.168412 0.3002 0.707745 0.639513 0.434709 0.31622 -0.384863 0.867113 0.400795 -0.930002 -0.306262 0.203222 -0.504304 0.187351 -0.87068 -0.45477 0.485867 
1532430311920 0.194858 0.611288 -0.767044 -0.609537 -0.934436 0.353374 0.044236 -0.168646 0.298095 0.708134 0.640067 0.434737 0.31622 -0.384863 0.867113 0.400795 -0.930002 -0.306262 0.203222 -0.504304 0.187351 -0.87068 -0.45477 0.485867 
1532430312256 0.193841 0.612163 -0.766604 -0.609444 -0.935317 0.351084 0.0438533 -0.16888 0.295988 0.708517 0.64062 0.434765 0.31622 -0.384863 0.867113 0.400795 -0.930002 -0.306262 0.203222 -0.504304 0.187351 -0.87068 -0.45477 0.485867 
1532430312536 0.192821 0.613035 -0.766165 -0.609352 -0.936192 0.348791 0.0434689 -0.169113 0.29388 0.708895 0.641172 0.434793 0.31622 -0.384863 0.867113 0.400795 -0.930002 -0.306262 0.203222 -0.504304 0.187351 -0.87068 -0.45477 0.485867 
1532430312836 0.191799 0.613904 -0.765725 -0.609259 -0.937061 0.346498 0.0430827 -0.169347 0.291771 0.709268 0.641723 0.43482 0.31622 -0.384863 0.867113 0.400795 -0.930002 -0.306262 0.203222 -0.504304 0.187351 -0.87068 -0.45477 0.485867 
1532430312843 0.190774 0.614771 -0.765286 -0.609166 -0.937924 0.344202 0.0426948 -0.169581 0.289661 0.709635 0.642273 0.434848 0.31622 -0.384863 0.867113 0.400795 -0.930002 -0.306262 0.203222 -0.504304 0.187351 -0.87068 -0.45477 0.485867 
1532430313198 0.189747 0.615635 -0.764846 -0.609073 -0.938782 0.341904 0.0423049 -0.169815 0.287549 0.709997 0.642822 0.434876 0.31622 -0.384863 0.867113 0.400795 -0.930002 -0.306262 0.203222 -0.504304 0.187351 -0.87068 -0.45477 0.485867 
1532430313482 0.188719 0.616494 -0.764408 -0.608983 -0.939633 0.339607 0.0419134 -0.170042 0.285437 0.710353 0.643369 0.434905 0.31622 -0.384863 0.867113 0.400795 -0.930002 -0.306262 0.203222 -0.504304 0.187351 -0.87068 -0.45477 0.485867 
1532430313837 0.188722 0.616561 -0.764354 -0.608997 -0.93961 0.33966 0.0419911 -0.170005 0.285511 0.71027 0.643428 0.43495 0.31622 -0.384863 0.867113 0.400795 -0.930002 -0.306262 0.203222 -0.504304 0.187351 -0.87068 -0.45477 0.485867 
1532430314100 0.187426 0.617418 -0.763981 -0.608903 -0.940589 0.336991 0.0415892 -0.170298 0.283132 0.710797 0.643898 0.435004 0.31622 -0.384863 0.867113 0.400795 -0.930002 -0.306262 0.203222 -0.504304 0.187351 -0.87068 -0.45477 0.485867 
1532430314398 0.186128 0.618272 -0.763607 -0.60881 -0.94156 0.334319 0.0411848 -0.170591 0.280752 0.711316 0.644366 0.435059 0.31622 -0.384863 0.867113 0.400795 -0.930002 -0.306262 0.203222 -0.504304 0.187351 -0.87068 -0.45477 0.485867 
1532430314693 0.184828 0.619122 -0.763235 -0.608716 -0.942523 0.331644 0.0407786 -0.170884 0.278369 0.711829 0.644833 0.435114 0.31622 -0.384863 0.867113 0.400795 -0.930002 -0.306262 0.203222 -0.504304 0.187351 -0.87068 -0.45477 0.485867 
1532430314700 0.183525 0.619967 -0.762862 -0.608623 -0.943478 0.328967 0.0403708 -0.171177 0.275985 0.712335 0.645299 0.435168 0.31622 -0.384863 0.867113 0.400795 -0.930002 -0.306262 0.203222 -0.504304 0.187351 -0.87068 -0.45477 0.485867 
1532430315068 0.182219 0.620809 -0.76249 -0.608529 -0.944425 0.326288 0.0399613 -0.17147 0.2736 0.712834 0.645764 0.435222 0.31622 -0.384863 0.867113 0.400795 -0.930002 -0.306262 0.203222 -0.504304 0.187351 -0.87068 -0.45477 0.485867 
1532430315373 0.180911 0.621648 -0.762119 -0.608435 -0.945365 0.323605 0.03955 -0.171763 0.271212 0.713325 0.646228 0.435277 0.31622 -0.384863 0.867113 0.400795 -0.930002 -0.306262 0.203222 -0.504304 0.187351 -0.87068 -0.45477 0.485867 
1532430315657 0.1796 0.622482 -0.761748 -0.608342 -0.946297 0.320921 0.0391371 -0.172056 0.268823 0.71381 0.646691 0.435332 0.31622 -0.384863 0.867113 0.400795 -0.930002 -0.306262 0.203222 -0.504304 0.187351 -0.87068 -0.45477 0.485867 
1532430316007 0.178287 0.623313 -0.761377 -0.608248 -0.947221 0.318234 0.0387223 -0.172349 0.266432 0.714288 0.647152 0.435386 0.31622 -0.384863 0.867113 0.400795 -0.930002 -0.306262 0.203222 -0.504304 0.187351 -0.87068 -0.45477 0.485867 
1532430316305 0.176973 0.624138 -0.761007 -0.608157 -0.948136 0.315548 0.0383055 -0.172633 0.264042 0.714759 0.647612 0.43544 0.31622 -0.384863 0.867113 0.400795 -0.930002 -0.306262 0.203222 -0.504304 0.187351 -0.87068 -0.45477 0.485867 
1532430316683 0.176869 0.624083 -0.761077 -0.608163 -0.94812 0.315581 0.0384396 -0.172581 0.264171 0.714793 0.647522 0.435437 0.31622 -0.384863 0.867113 0.400795 -0.930002 -0.306262 0.203222 -0.504304 0.187351 -0.87068 -0.45477 0.485867 
1532430316929 0.175365 0.624914 -0.760743 -0.608073 -0.949093 0.312686 0.038074 -0.172925 0.261666 0.715339 0.647936 0.435492 0.31622 -0.384863 0.867113 0.400795 -0.930002 -0.306262 0.203222 -0.504304 0.187351 -0.87068 -0.45477 0.485867 
1532430316935 0.173857 0.625741 -0.760409 -0.607982 -0.950058 0.309787 0.0377061 -0.173268 0.259159 0.715877 0.648349 0.435547 0.31622 -0.384863 0.867113 0.400795 -0.930002 -0.306262 0.203222 -0.504304 0.187351 -0.87068 -0.45477 0.485867 
1532430317242 0.172347 0.626564 -0.760075 -0.607892 -0.951014 0.306885 0.0373366 -0.173612 0.256649 0.716407 0.648762 0.435603 0.31622 -0.384863 0.867113 0.400795 -0.930002 -0.306262 0.203222 -0.504304 0.187351 -0.87068 -0.45477 0.485867 
1532430317692 0.170834 0.627382 -0.759742 -0.607801 -0.951961 0.30398 0.0369654 -0.173955 0.254138 0.71693 0.649173 0.435658 0.31622 -0.384863 0.867113 0.400795 -0.930002 -0.306262 0.203222 -0.504304 0.187351 -0.87068 -0.45477 0.485867 
1532430318138 0.169319 0.628195 -0.759409 -0.607711 -0.952899 0.301073 0.0365926 -0.174299 0.251625 0.717445 0.649583 0.435713 0.31622 -0.384863 0.867113 0.400795 -0.930002 -0.306262 0.203222 -0.504304 0.187351 -0.87068 -0.45477 0.485867 
1532430318483 0.1678 0.629003 -0.759077 -0.607621 -0.953828 0.298162 0.0362181 -0.174643 0.249109 0.717952 0.649992 0.435768 0.31622 -0.384863 0.867113 0.400795 -0.930002 -0.306262 0.203222 -0.504304 0.187351 -0.87068 -0.45477 0.485867 
1532430318772 0.16628 0.629806 -0.758746 -0.60753 -0.954748 0.29525 0.0358421 -0.174986 0.246593 0.718451 0.6504 0.435823 0.31622 -0.384863 0.867113 0.400795 -0.930002 -0.306262 0.203222 -0.504304 0.187351 -0.87068 -0.45477 0.485867 
1532430318777 0.164757 0.630605 -0.758414 -0.60744 -0.955658 0.292334 0.035464 -0.17533 0.244074 0.718942 0.650807 0.435879 0.31622 -0.384863 0.867113 0.400795 -0.930002 -0.306262 0.203222 -0.504304 0.187351 -0.87068 -0.45477 0.485867 
1532430319177 0.163233 0.631398 -0.758084 -0.607351 -0.956559 0.289419 0.0350841 -0.175663 0.241556 0.719426 0.651212 0.435933 0.31622 -0.384863 0.867113 0.400795 -0.930002 -0.306262 0.203222 -0.504304 0.187351 -0.87068 -0.45477 0.485867 
1532430319570 0.16329 0.631362 -0.758102 -0.607344 -0.95653 0.289517 0.0350859 -0.175678 0.241635 0.719417 0.651192 0.435957 0.31622 -0.384863 0.867113 0.400795 -0.930002 -0.306262 0.203222 -0.504304 0.187351 -0.87068 -0.45477 0.485867 
1532430319580 0.161607 0.632286 -0.757693 -0.607255 -0.957518 0.286281 0.0346704 -0.176052 0.238835 0.719901 0.65169 0.436004 0.31622 -0.384863 0.867113 0.400795 -0.930002 -0.306262 0.203222 -0.504304 0.187351 -0.87068 -0.45477 0.485867 
1532430319926 0.159921 0.633203 -0.757284 -0.607166 -0.958496 0.283041 0.0342521 -0.176426 0.236031 0.720376 0.652187 0.436051 0.31622 -0.384863 0.867113 0.400795 -0.930002 -0.306262 0.203222 -0.504304 0.187351 -0.87068 -0.45477 0.485867 
1532430320337 0.158232 0.634114 -0.756876 -0.607077 -0.959462 0.279799 0.0338316 -0.1768 0.233226 0.720841 0.652682 0.436098 0.31622 -0.384863 0.867113 0.400795 -0.930002 -0.306262 0.203222 -0.504304 0.187351 -0.87068 -0.45477 0.485867 
1532430320659 0.15654 0.63502 -0.756469 -0.606988 -0.960418 0.276553 0.0334089 -0.177174 0.230419 0.721296 0.653176 0.436145 0.31622 -0.384863 0.867113 0.400795 -0.930002 -0.306262 0.203222 -0.504304 0.187351 -0.87068 -0.45477 0.485867 
1532430320981 0.154844 0.63592 -0.756062 -0.606899 -0.961362 0.273304 0.0329841 -0.177548 0.22761 0.721742 0.653669 0.436192 0.31622 -0.384863 0.867113 0.400795 -0.930002 -0.306262 0.203222 -0.504304 0.187351 -0.87068 -0.45477 0.485867 
1532430321289 0.153145 0.636814 -0.755655 -0.60681 -0.962295 0.270052 0.0325571 -0.177922 0.224799 0.722177 0.65416 0.436238 0.31622 -0.384863 0.867113 0.400795 -0.930002 -0.306262 0.203222 -0.504304 0.187351 -0.87068 -0.45477 0.485867 
1532430321295 0.151444 0.637701 -0.75525 -0.606721 -0.963217 0.266798 0.0321279 -0.178296 0.221987 0.722603 0.654649 0.436285 0.31622 -0.384863 0.867113 0.400795 -0.930002 -0.306262 0.203222 -0.504304 0.187351 -0.87068 -0.45477 0.485867 
1532430321708 0.149739 0.638583 -0.754844 -0.606632 -0.964127 0.263541 0.0316962 -0.17867 0.219173 0.72302 0.655138 0.436332 0.31622 -0.384863 0.867113 0.400795 -0.930002 -0.306262 0.203222 -0.504304 0.187351 -0.87068 -0.45477 0.485867 
1532430322057 0.148033 0.639458 -0.75444 -0.606544 -0.965026 0.260284 0.031262 -0.179033 0.216359 0.723427 0.655624 0.436379 0.31622 -0.384863 0.867113 0.400795 -0.930002 -0.306262 0.203222 -0.504304 0.187351 -0.87068 -0.45477 0.485867 
1532430322449 0.147964 0.639471 -0.754442 -0.60655 -0.965026 0.260272 0.0313436 -0.17896 0.216403 0.723419 0.655618 0.436391 0.31622 -0.384863 0.867113 0.400795 -0.930002 -0.306262 0.203222 -0.504304 0.187351 -0.87068 -0.45477 0.485867 
1532430322666 0.146288 0.640425 -0.75396 -0.606467 -0.965844 0.25725 0.0311131 -0.179317 0.213882 0.723656 0.656183 0.436411 0.31622 -0.384863 0.867113 0.400795 -0.930002 -0.306262 0.203222 -0.504304 0.187351 -0.87068 -0.45477 0.485867 
1532430323005 0.144604 0.641374 -0.753478 -0.606382 -0.966654 0.254218 0.0308789 -0.179676 0.211353 0.723887 0.656748 0.43643 0.31622 -0.384863 0.867113 0.400795 -0.930002 -0.306262 0.203222 -0.504304 0.187351 -0.87068 -0.45477 0.485867 
1532430323011 0.142917 0.642319 -0.752995 -0.606298 -0.967455 0.251183 0.0306424 -0.180034 0.208821 0.724109 0.657312 0.43645 0.31622 -0.384863 0.867113 0.400795 -0.930002 -0.306262 0.203222 -0.504304 0.187351 -0.87068 -0.45477 0.485867 
1532430323433 0.141227 0.643257 -0.752513 -0.606214 -0.968246 0.248146 0.0304035 -0.180392 0.20629 0.724323 0.657876 0.436469 0.31622 -0.384863 0.867113 0.400795 -0.930002 -0.306262 0.203222 -0.504304 0.187351 -0.87068 -0.45477 0.485867 
1532430323439 0.139533 0.64419 -0.75203 -0.60613 -0.969027 0.245105 0.0301624 -0.18075 0.203757 0.724529 0.658438 0.436488 0.31622 -0.384863 0.867113 0.400795 -0.930002 -0.306262 0.203222 -0.504304 0.187351 -0.87068 -0.45477 0.485867 
1532430323839 0.137837 0.645118 -0.751548 -0.606045 -0.969799 0.242063 0.0299189 -0.181109 0.201223 0.724726 0.659 0.436507 0.31622 -0.384863 0.867113 0.400795 -0.930002 -0.306262 0.203222 -0.504304 0.187351 -0.87068 -0.45477 0.485867 
1532430324157 0.136137 0.64604 -0.751066 -0.605961 -0.970561 0.239019 0.029673 -0.181467 0.198689 0.724916 0.65956 0.436526 0.31622 -0.384863 0.867113 0.400795 -0.930002 -0.306262 0.203222 -0.504304 0.187351 -0.87068 -0.45477 0.485867 
1532430324451 0.134434 0.646956 -0.750584 -0.605877 -0.971314 0.235973 0.0294248 -0.181825 0.196154 0.725097 0.66012 0.436546 0.31622 -0.384863 0.867113 0.400795 -0.930002 -0.306262 0.203222 -0.504304 0.187351 -0.87068 -0.45477 0.485867 
1532430324762 0.132732 0.647864 -0.750103 -0.605792 -0.972056 0.232928 0.0291727 -0.182172 0.19362 0.72527 0.660678 0.436567 0.31622 -0.384863 0.867113 0.400795 -0.930002 -0.306262 0.203222 -0.504304 0.187351 -0.87068 -0.45477 0.485867 
1532430325135 0.132654 0.647925 -0.750064 -0.605805 -0.972058 0.232906 0.0292754 -0.182087 0.193663 0.725222 0.660717 0.436601 0.31622 -0.384863 0.867113 0.400795 -0.930002 -0.306262 0.203222 -0.504304 0.187351 -0.87068 -0.45477 0.485867 
1532430325284 0.130994 0.648699 -0.749687 -0.605724 -0.972767 0.229963 0.0290126 -0.182429 0.19122 0.72547 0.661157 0.436619 0.31622 -0.384863 0.867113 0.400795 -0.930002 -0.306262 0.203222 -0.504304 0.187351 -0.87068 -0.45477 0.485867 
1532430325583 0.12933 0.649468 -0.74931 -0.605643 -0.973466 0.227017 0.0287485 -0.182771 0.188777 0.72571 0.661595 0.436637 0.31622 -0.384863 0.867113 0.400795 -0.930002 -0.306262 0.203222 -0.504304 0.187351 -0.87068 -0.45477 0.485867 
1532430325935 0.127664 0.650231 -0.748933 -0.605562 -0.974157 0.224069 0.0284828 -0.183113 0.186333 0.725942 0.662033 0.436654 0.31622 -0.384863 0.867113 0.400795 -0.930002 -0.306262 0.203222 -0.504304 0.187351 -0.87068 -0.45477 0.485867 
1532430326243 0.125996 0.65099 -0.748557 -0.605481 -0.974839 0.221119 0.0282152 -0.183455 0.183888 0.726167 0.66247 0.436672 0.31622 -0.384863 0.867113 0.400795 -0.930002 -0.306262 0.203222 -0.504304 0.187351 -0.87068 -0.45477 0.485867 
1532430326536 0.124325 0.651743 -0.748181 -0.6054 -0.975511 0.218168 0.027946 -0.183797 0.181442 0.726384 0.662906 0.43669 0.31622 -0.384863 0.867113 0.400795 -0.930002 -0.306262 0.203222 -0.504304 0.187351 -0.87068 -0.45477 0.485867 
1532430326890 0.122652 0.652491 -0.747805 -0.605319 -0.976175 0.215214 0.0276749 -0.184139 0.178996 0.726594 0.663341 0.436708 0.31622 -0.384863 0.867113 0.400795 -0.930002 -0.306262 0.203222 -0.504304 0.187351 -0.87068 -0.45477 0.485867 
1532430327210 0.120976 0.653233 -0.74743 -0.605238 -0.976829 0.212259 0.0274021 -0.184481 0.176549 0.726796 0.663775 0.436726 0.31622 -0.384863 0.867113 0.400795 -0.930002 -0.306262 0.203222 -0.504304 0.187351 -0.87068 -0.45477 0.485867 
1532430327498 0.119298 0.653971 -0.747054 -0.605157 -0.977475 0.209301 0.0271276 -0.184823 0.1741 0.726991 0.664209 0.436743 0.31622 -0.384863 0.867113 0.400795 -0.930002 -0.306262 0.203222 -0.504304 0.187351 -0.87068 -0.45477 0.485867 
1532430327803 0.117621 0.654701 -0.74668 -0.605076 -0.978111 0.206345 0.0268499 -0.185154 0.171653 0.727178 0.664641 0.436762 0.31622 -0.384863 0.867113 0.400795 -0.930002 -0.306262 0.203222 -0.504304 0.187351 -0.87068 -0.45477 0.485867 
1532430328223 0.117595 0.654637 -0.746741 -0.605038 -0.978108 0.206354 0.0268724 -0.185188 0.171685 0.727233 0.664572 0.436746 0.31622 -0.384863 0.867113 0.400795 -0.930002 -0.306262 0.203222 -0.504304 0.187351 -0.87068 -0.45477 0.485867 
1532430328233 0.115968 0.655402 -0.746324 -0.60497 -0.978714 0.203493 0.026624 -0.185525 0.169322 0.727351 0.66505 0.436764 0.31622 -0.384863 0.867113 0.400795 -0.930002 -0.306262 0.203222 -0.504304 0.187351 -0.87068 -0.45477 0.485867 
1532430328607 0.114339 0.656161 -0.745908 -0.604901 -0.979312 0.200631 0.0263745 -0.185863 0.166959 0.727461 0.665527 0.436781 0.31622 -0.384863 0.867113 0.400795 -0.930002 -0.306262 0.203222 -0.504304 0.187351 -0.87068 -0.45477 0.485867 
1532430328907 0.112708 0.656916 -0.745492 -0.604833 -0.979901 0.197768 0.0261232 -0.1862 0.164595 0.727564 0.666002 0.436799 0.31622 -0.384863 0.867113 0.400795 -0.930002 -0.306262 0.203222 -0.504304 0.187351 -0.87068 -0.45477 0.485867 
1532430328914 0.111074 0.657665 -0.745076 -0.604764 -0.980481 0.194903 0.02587 -0.186538 0.162231 0.72766 0.666477 0.436817 0.31622 -0.384863 0.867113 0.400795 -0.930002 -0.306262 0.203222 -0.504304 0.187351 -0.87068 -0.45477 0.485867 
1532430329301 0.109437 0.65841 -0.744661 -0.604696 -0.981054 0.192036 0.025615 -0.186875 0.159867 0.727749 0.666952 0.436834 0.31622 -0.384863 0.867113 0.400795 -0.930002 -0.306262 0.203222 -0.504304 0.187351 -0.87068 -0.45477 0.485867 
1532430329619 0.107799 0.65915 -0.744245 -0.604628 -0.981617 0.189168 0.0253581 -0.187212 0.157502 0.72783 0.667425 0.436852 0.31622 -0.384863 0.867113 0.400795 -0.930002 -0.306262 0.203222 -0.504304 0.187351 -0.87068 -0.45477 0.485867 
1532430329926 0.106158 0.659884 -0.74383 -0.604559 -0.982173 0.186298 0.0250994 -0.18755 0.155137 0.727905 0.667897 0.43687 0.31622 -0.384863 0.867113 0.400795 -0.930002 -0.306262 0.203222 -0.504304 0.187351 -0.87068 -0.45477 0.485867 
1532430330208 0.104516 0.660614 -0.743415 -0.604491 -0.982719 0.183427 0.0248383 -0.187887 0.152771 0.727972 0.668369 0.436888 0.31622 -0.384863 0.867113 0.400795 -0.930002 -0.306262 0.203222 -0.504304 0.187351 -0.87068 -0.45477 0.485867 
1532430330510 0.102873 0.661337 -0.743001 -0.604422 -0.983257 0.180557 0.0245749 -0.188214 0.150407 0.728033 0.668839 0.436907 0.31622 -0.384863 0.867113 0.400795 -0.930002 -0.306262 0.203222 -0.504304 0.187351 -0.87068 -0.45477 0.485867 
1532430330895 0.102924 0.661339 -0.742992 -0.604451 -0.983249 0.180604 0.0245501 -0.188192 0.150423 0.72802 0.66885 0.436913 0.31622 -0.384863 0.867113 0.400795 -0.930002 -0.306262 0.203222 -0.504304 0.187351 -0.87068 -0.45477 0.485867 
1532430331047 0.101484 0.661918 -0.742674 -0.604389 -0.983809 0.177623 0.0238741 -0.18852 0.147719 0.728227 0.669227 0.436932 0.31622 -0.384863 0.867113 0.400795 -0.930002 -0.306262 0.203222 -0.504304 0.187351 -0.87068 -0.45477 0.485867 
1532430331386 0.100041 0.662493 -0.742358 -0.604327 -0.984359 0.174639 0.023197 -0.188849 0.145012 0.728426 0.669602 0.43695 0.31622 -0.384863 0.867113 0.400795 -0.930002 -0.306262 0.203222 -0.504304 0.187351 -0.87068 -0.45477 0.485867 
1532430331717 0.0985964 0.663063 -0.742042 -0.604265 -0.9849 0.171654 0.0225185 -0.189177 0.142306 0.728617 0.669975 0.436969 0.31622 -0.384863 0.867113 0.400795 -0.930002 -0.306262 0.203222 -0.504304 0.187351 -0.87068 -0.45477 0.485867 
1532430332031 0.097149 0.663629 -0.741727 -0.604203 -0.985431 0.168666 0.0218384 -0.189505 0.139597 0.728799 0.670346 0.436987 0.31622 -0.384863 0.867113 0.400795 -0.930002 -0.306262 0.203222 -0.504304 0.187351 -0.87068 -0.45477 0.485867 
1532430332326 0.0957003 0.66419 -0.741413 -0.604141 -0.985953 0.165679 0.021157 -0.189833 0.136889 0.728974 0.670715 0.437006 0.31622 -0.384863 0.867113 0.400795 -0.930002 -0.306262 0.203222 -0.504304 0.187351 -0.87068 -0.45477 0.485867 
1532430332648 0.0942491 0.664746 -0.7411 -0.604078 -0.986465 0.162689 0.020474 -0.190162 0.134179 0.72914 0.671082 0.437025 0.31622 -0.384863 0.867113 0.400795 -0.930002 -0.306262 0.203222 -0.504304 0.187351 -0.87068 -0.45477 0.485867 
1532430332965 0.0927966 0.665298 -0.740788 -0.604016 -0.986967 0.159698 0.0197896 -0.19049 0.131469 0.729297 0.671447 0.437043 0.31622 -0.384863 0.867113 0.400795 -0.930002 -0.306262 0.203222 -0.504304 0.187351 -0.87068 -0.45477 0.485867 
1532430333280 0.0913417 0.665846 -0.740476 -0.603954 -0.987461 0.156706 0.0191034 -0.190818 0.128757 0.729446 0.671811 0.437062 0.31622 -0.384863 0.867113 0.400795 -0.930002 -0.306262 0.203222 -0.504304 0.187351 -0.87068 -0.45477 0.485867 
1532430333618 0.0898868 0.666389 -0.740167 -0.603892 -0.987944 0.153716 0.0184164 -0.191138 0.126048 0.729587 0.672171 0.43708 0.31622 -0.384863 0.867113 0.400795 -0.930002 -0.306262 0.203222 -0.504304 0.187351 -0.87068 -0.45477 0.485867 
1532430334010 0.0899131 0.666391 -0.740161 -0.603875 -0.987925 0.153825 0.0184823 -0.191113 0.126171 0.729562 0.672175 0.437107 0.31622 -0.384863 0.867113 0.400795 -0.930002 -0.306262 0.203222 -0.504304 0.187351 -0.87068 -0.45477 0.485867 
1532430334250 0.0882232 0.666977 -0.739837 -0.60382 -0.988375 0.150941 0.0182158 -0.191468 0.123821 0.729629 0.67254 0.437118 0.31622 -0.384863 0.867113 0.400795 -0.930002 -0.306262 0.203222 -0.504304 0.187351 -0.87068 -0.45477 0.485867 
1532430334544 0.0865304 0.667557 -0.739513 -0.603764 -0.988816 0.148055 0.0179479 -0.191822 0.12147 0.72969 0.672902 0.437128 0.31622 -0.384863 0.867113 0.400795 -0.930002 -0.306262 0.203222 -0.504304 0.187351 -0.87068 -0.45477 0.485867 
1532430334892 0.0848358 0.668132 -0.73919 -0.603709 -0.989249 0.145168 0.0176786 -0.192177 0.119119 0.729744 0.673265 0.437138 0.31622 -0.384863 0.867113 0.400795 -0.930002 -0.306262 0.203222 -0.504304 0.187351 -0.87068 -0.45477 0.485867 
1532430335223 0.0831395 0.668702 -0.738867 -0.603653 -0.989673 0.14228 0.0174078 -0.192532 0.116767 0.72979 0.673626 0.437149 0.31622 -0.384863 0.867113 0.400795 -0.930002 -0.306262 0.203222 -0.504304 0.187351 -0.87068 -0.45477 0.485867 
1532430335539 0.081441 0.669267 -0.738545 -0.603598 -0.990089 0.13939 0.0171356 -0.192886 0.114414 0.72983 0.673987 0.437159 0.31622 -0.384863 0.867113 0.400795 -0.930002 -0.306262 0.203222 -0.504304 0.187351 -0.87068 -0.45477 0.485867 
1532430335880 0.0797413 0.669827 -0.738223 -0.603543 -0.990497 0.1365 0.0168621 -0.193241 0.112062 0.729862 0.674346 0.43717 0.31622 -0.384863 0.867113 0.400795 -0.930002 -0.306262 0.203222 -0.504304 0.187351 -0.87068 -0.45477 0.485867 
1532430336250 0.07804 0.670382 -0.737901 -0.603487 -0.990895 0.133609 0.0165871 -0.193596 0.10971 0.729888 0.674705 0.437181 0.31622 -0.384863 0.867113 0.400795 -0.930002 -0.306262 0.203222 -0.504304 0.187351 -0.87068 -0.45477 0.485867 
