1533566803645 0.0938762 0.945511 -0.311764 -0.604709 -0.963501 0.165138 0.210703 -0.227536 0.250706 0.280605 0.926503 0.381598 1 0 0 0 0 1 0 0 0 0 1 1.306 
1533566803655 0.104264 0.944099 -0.312739 -0.605692 -0.963382 0.173979 0.204027 -0.225956 0.247032 0.280015 0.927668 0.381524 0.313239 -0.3866 0.867422 0.38619 -0.93126 -0.304042 0.200784 -0.500187 0.186109 -0.870689 -0.455263 0.505382 
1533566804152 0.114644 0.942594 -0.313644 -0.606673 -0.963141 0.182806 0.197337 -0.224376 0.243345 0.27946 0.928809 0.38145 0.316244 -0.384866 0.867103 0.400217 -0.929998 -0.306258 0.203249 -0.50405 0.187333 -0.87068 -0.454777 0.486145 
1533566804680 0.125017 0.940997 -0.314477 -0.607654 -0.962778 0.191619 0.190634 -0.222796 0.239646 0.278939 0.929926 0.381376 0.316258 -0.384857 0.867102 0.400837 -0.929992 -0.306267 0.203261 -0.504368 0.187338 -0.870681 -0.454774 0.485921 
1533566805182 0.13538 0.939307 -0.315238 -0.608636 -0.962293 0.200417 0.183918 -0.221216 0.235935 0.278452 0.93102 0.381302 0.316239 -0.384881 0.867098 0.400855 -0.93 -0.306257 0.203241 -0.504361 0.187331 -0.870674 -0.45479 0.485943 
1533566805687 0.145732 0.937524 -0.315927 -0.609617 -0.961686 0.209198 0.177191 -0.219636 0.232213 0.278 0.932091 0.381228 0.316214 -0.384899 0.867099 0.400827 -0.930009 -0.306245 0.203216 -0.504329 0.187327 -0.87067 -0.454799 0.48594 
1533566806190 0.156073 0.93565 -0.316546 -0.610598 -0.960957 0.217962 0.170454 -0.218057 0.22848 0.277583 0.933137 0.381154 0.3162 -0.384907 0.867101 0.400798 -0.930014 -0.306239 0.203202 -0.504306 0.187326 -0.870669 -0.454801 0.485923 
1533566806707 0.166401 0.933683 -0.317092 -0.611579 -0.960106 0.226707 0.163706 -0.216477 0.224736 0.277201 0.934159 0.381081 0.316197 -0.384904 0.867103 0.400778 -0.930014 -0.30624 0.2032 -0.504292 0.187329 -0.87067 -0.454799 0.485903 
1533566807234 0.176714 0.931624 -0.317567 -0.612557 -0.959134 0.235432 0.156949 -0.214898 0.220983 0.276854 0.935157 0.381006 0.3162 -0.384895 0.867106 0.400765 -0.930012 -0.306246 0.203202 -0.504277 0.187337 -0.870672 -0.454792 0.485883 
1533566807734 0.186987 0.92948 -0.317966 -0.613496 -0.95804 0.244121 0.150218 -0.213392 0.217246 0.276535 0.936126 0.380915 0.316122 -0.384928 0.86712 0.400679 -0.93004 -0.30621 0.20313 -0.504143 0.18733 -0.87067 -0.454798 0.485851 
1533566808249 0.186827 0.929536 -0.317895 -0.613496 -0.958079 0.243947 0.150246 -0.213342 0.217209 0.276499 0.936146 0.380918 1 0 0 0 0 1 0 0 0 0 1 1.306 
1533566808259 0.187876 0.92931 -0.317939 -0.613599 -0.957959 0.244837 0.149563 -0.213181 0.216834 0.276473 0.93624 0.380912 0.313239 -0.3866 0.867422 0.386189 -0.93126 -0.304042 0.200784 -0.500185 0.18611 -0.870689 -0.455263 0.505382 
1533566808495 0.188926 0.929083 -0.317982 -0.613701 -0.957838 0.245728 0.14888 -0.213021 0.216459 0.276448 0.936334 0.380906 0.316244 -0.384866 0.867103 0.400216 -0.929998 -0.306258 0.203249 -0.504049 0.187334 -0.87068 -0.454777 0.486145 
1533566808724 0.189974 0.928855 -0.318024 -0.613804 -0.957715 0.246617 0.148197 -0.212861 0.216084 0.276422 0.936429 0.3809 0.316258 -0.384857 0.867102 0.400836 -0.929992 -0.306267 0.203261 -0.504368 0.187338 -0.870681 -0.454774 0.485921 
1533566808947 0.191023 0.928625 -0.318065 -0.613906 -0.957591 0.247507 0.147514 -0.2127 0.215709 0.276397 0.936522 0.380894 0.316239 -0.384881 0.867098 0.400855 -0.93 -0.306257 0.203241 -0.504361 0.187331 -0.870674 -0.454789 0.485943 
1533566809190 0.192072 0.928395 -0.318105 -0.614009 -0.957465 0.248396 0.146831 -0.21254 0.215334 0.276373 0.936616 0.380888 0.316214 -0.384899 0.867099 0.400827 -0.930009 -0.306245 0.203216 -0.504329 0.187327 -0.87067 -0.454799 0.48594 
1533566809427 0.19312 0.928164 -0.318145 -0.614111 -0.957339 0.249285 0.146148 -0.212379 0.214958 0.276348 0.936709 0.380882 0.3162 -0.384907 0.867101 0.400798 -0.930014 -0.306239 0.203202 -0.504306 0.187326 -0.870669 -0.454801 0.485922 
1533566809434 0.194169 0.927932 -0.318184 -0.614214 -0.957211 0.250175 0.145465 -0.212219 0.214583 0.276325 0.936802 0.380876 0.316197 -0.384904 0.867103 0.400778 -0.930014 -0.30624 0.2032 -0.504292 0.187329 -0.87067 -0.454799 0.485903 
1533566809711 0.195217 0.927699 -0.318223 -0.614316 -0.957082 0.251064 0.144781 -0.212058 0.214207 0.276301 0.936895 0.38087 0.316201 -0.384895 0.867106 0.400765 -0.930012 -0.306246 0.203202 -0.504277 0.187337 -0.870672 -0.454792 0.485883 
1533566809950 0.196263 0.927465 -0.31826 -0.614414 -0.956951 0.251951 0.144101 -0.211905 0.213834 0.276278 0.936988 0.380862 0.316123 -0.384928 0.86712 0.40068 -0.93004 -0.30621 0.20313 -0.504145 0.18733 -0.87067 -0.454798 0.485852 
1533566810195 0.196114 0.927538 -0.318138 -0.614405 -0.957014 0.25175 0.144035 -0.211837 0.213689 0.276215 0.937039 0.380894 1 0 0 0 0 1 0 0 0 0 1 1.306 
1533566810207 0.196383 0.927524 -0.318015 -0.614415 -0.957026 0.251898 0.143696 -0.211824 0.213389 0.276129 0.937133 0.380827 0.313239 -0.3866 0.867422 0.386189 -0.93126 -0.304042 0.200784 -0.500185 0.18611 -0.870689 -0.455263 0.505382 
1533566810426 0.196652 0.927509 -0.317891 -0.614425 -0.957038 0.252047 0.143357 -0.211811 0.213089 0.276042 0.937227 0.380759 0.316244 -0.384866 0.867103 0.400216 -0.929998 -0.306258 0.203249 -0.504049 0.187334 -0.87068 -0.454777 0.486145 
1533566810432 0.196921 0.927495 -0.317767 -0.614436 -0.957049 0.252195 0.143018 -0.211798 0.212788 0.275955 0.937321 0.380692 0.316258 -0.384857 0.867102 0.400836 -0.929992 -0.306267 0.203261 -0.504368 0.187338 -0.870681 -0.454774 0.485921 
1533566810612 0.19719 0.92748 -0.317643 -0.614446 -0.957061 0.252344 0.14268 -0.211785 0.212488 0.275869 0.937414 0.380625 0.316239 -0.384881 0.867098 0.400855 -0.93 -0.306257 0.203241 -0.504361 0.187331 -0.870674 -0.454789 0.485943 
1533566810769 0.197458 0.927465 -0.317519 -0.614456 -0.957072 0.252492 0.142341 -0.211773 0.212188 0.275782 0.937508 0.380558 0.316214 -0.384899 0.867099 0.400827 -0.930009 -0.306245 0.203216 -0.504329 0.187327 -0.87067 -0.454799 0.48594 
1533566811041 0.197727 0.92745 -0.317395 -0.614466 -0.957083 0.252641 0.142002 -0.21176 0.211887 0.275696 0.937601 0.38049 0.3162 -0.384907 0.867101 0.400798 -0.930014 -0.306239 0.203202 -0.504306 0.187326 -0.870669 -0.454801 0.485922 
1533566811244 0.197996 0.927436 -0.317271 -0.614476 -0.957094 0.25279 0.141664 -0.211747 0.211587 0.275609 0.937694 0.380423 0.316197 -0.384904 0.867103 0.400778 -0.930014 -0.30624 0.2032 -0.504292 0.187329 -0.87067 -0.454799 0.485903 
1533566811478 0.198264 0.927421 -0.317147 -0.614486 -0.957105 0.252938 0.141325 -0.211734 0.211286 0.275523 0.937787 0.380356 0.316201 -0.384895 0.867106 0.400765 -0.930012 -0.306246 0.203202 -0.504277 0.187337 -0.870672 -0.454792 0.485883 
1533566811691 0.198532 0.927406 -0.317023 -0.614495 -0.957115 0.253087 0.140987 -0.211722 0.210986 0.275437 0.93788 0.38029 0.316123 -0.384928 0.86712 0.40068 -0.93004 -0.30621 0.20313 -0.504145 0.18733 -0.87067 -0.454798 0.485852 
1533566811863 0.198481 0.927401 -0.31707 -0.614484 -0.957111 0.253065 0.141054 -0.211749 0.211053 0.275475 0.937854 0.380276 1 0 0 0 0 1 0 0 0 0 1 1.306 
1533566811874 0.198297 0.927558 -0.316726 -0.614438 -0.95711 0.252889 0.141377 -0.211815 0.211232 0.275107 0.937922 0.380226 0.313239 -0.3866 0.867422 0.386189 -0.93126 -0.304042 0.200784 -0.500185 0.18611 -0.870689 -0.455263 0.505382 
1533566812105 0.198113 0.927714 -0.316382 -0.614392 -0.957109 0.252714 0.141698 -0.211881 0.21141 0.27474 0.937989 0.380177 0.316244 -0.384866 0.867103 0.400216 -0.929998 -0.306258 0.203249 -0.504049 0.187334 -0.87068 -0.454777 0.486145 
1533566812282 0.197928 0.927871 -0.316037 -0.614346 -0.957108 0.252537 0.14202 -0.211947 0.211588 0.274372 0.938057 0.380127 0.316258 -0.384857 0.867102 0.400836 -0.929992 -0.306267 0.203261 -0.504368 0.187338 -0.870681 -0.454774 0.485921 
1533566812289 0.197744 0.928028 -0.315692 -0.6143 -0.957106 0.252361 0.142342 -0.212013 0.211766 0.274004 0.938124 0.380078 0.316239 -0.384881 0.867098 0.400855 -0.93 -0.306257 0.203241 -0.504361 0.187331 -0.870674 -0.454789 0.485943 
1533566812467 0.19756 0.928184 -0.315347 -0.614254 -0.957105 0.252185 0.142664 -0.212078 0.211944 0.273636 0.938192 0.380028 0.316214 -0.384899 0.867099 0.400827 -0.930009 -0.306245 0.203216 -0.504329 0.187327 -0.87067 -0.454799 0.48594 
1533566812474 0.197376 0.928341 -0.315002 -0.614208 -0.957103 0.252008 0.142985 -0.212144 0.212122 0.273268 0.938258 0.379978 0.3162 -0.384907 0.867101 0.400798 -0.930014 -0.306239 0.203202 -0.504306 0.187326 -0.870669 -0.454801 0.485922 
1533566812687 0.197192 0.928497 -0.314657 -0.614162 -0.957102 0.251832 0.143306 -0.21221 0.2123 0.2729 0.938325 0.379929 0.316197 -0.384904 0.867103 0.400778 -0.930014 -0.30624 0.2032 -0.504292 0.187329 -0.87067 -0.454799 0.485903 
1533566812873 0.197008 0.928653 -0.314312 -0.614116 -0.9571 0.251655 0.143628 -0.212276 0.212478 0.272532 0.938392 0.379879 0.316201 -0.384895 0.867106 0.400765 -0.930012 -0.306246 0.203202 -0.504277 0.187337 -0.870672 -0.454792 0.485883 
1533566813090 0.196825 0.928808 -0.313968 -0.614068 -0.957098 0.251479 0.143948 -0.212338 0.212656 0.272165 0.938458 0.379833 0.316123 -0.384928 0.86712 0.40068 -0.93004 -0.30621 0.20313 -0.504145 0.18733 -0.87067 -0.454798 0.485852 
1533566813273 0.196781 0.928774 -0.314094 -0.614094 -0.957098 0.251469 0.143966 -0.21231 0.212697 0.272289 0.938413 0.37981 1 0 0 0 0 1 0 0 0 0 1 1.306 
1533566813284 0.196831 0.928795 -0.314001 -0.61406 -0.957138 0.251438 0.143757 -0.212289 0.212473 0.272247 0.938476 0.379832 0.313239 -0.3866 0.867422 0.386189 -0.93126 -0.304042 0.200784 -0.500185 0.18611 -0.870689 -0.455263 0.505382 
1533566813510 0.196881 0.928816 -0.313909 -0.614026 -0.957177 0.251408 0.143549 -0.212268 0.21225 0.272204 0.938539 0.379854 0.316244 -0.384866 0.867103 0.400216 -0.929998 -0.306258 0.203249 -0.504049 0.187334 -0.87068 -0.454777 0.486145 
1533566813679 0.196931 0.928837 -0.313816 -0.613993 -0.957216 0.251377 0.143341 -0.212247 0.212026 0.272162 0.938601 0.379877 0.316258 -0.384857 0.867102 0.400836 -0.929992 -0.306267 0.203261 -0.504368 0.187338 -0.870681 -0.454774 0.485921 
1533566813685 0.196981 0.928857 -0.313724 -0.613959 -0.957255 0.251347 0.143133 -0.212226 0.211803 0.272119 0.938664 0.379899 0.316239 -0.384881 0.867098 0.400855 -0.93 -0.306257 0.203241 -0.504361 0.187331 -0.870674 -0.454789 0.485943 
1533566813839 0.197031 0.928878 -0.313631 -0.613925 -0.957294 0.251316 0.142925 -0.212205 0.21158 0.272077 0.938727 0.379921 0.316214 -0.384899 0.867099 0.400827 -0.930009 -0.306245 0.203216 -0.504329 0.187327 -0.87067 -0.454799 0.48594 
1533566813935 0.197081 0.928899 -0.313539 -0.613891 -0.957333 0.251286 0.142716 -0.212184 0.211357 0.272034 0.938789 0.379943 0.3162 -0.384907 0.867101 0.400798 -0.930014 -0.306239 0.203202 -0.504306 0.187326 -0.870669 -0.454801 0.485922 
1533566814041 0.197131 0.928919 -0.313446 -0.613857 -0.957372 0.251256 0.142508 -0.212163 0.211134 0.271992 0.938852 0.379965 0.316197 -0.384904 0.867103 0.400778 -0.930014 -0.30624 0.2032 -0.504292 0.187329 -0.87067 -0.454799 0.485903 
1533566814188 0.197181 0.92894 -0.313354 -0.613824 -0.957411 0.251225 0.1423 -0.212142 0.210911 0.271949 0.938914 0.379988 0.316201 -0.384895 0.867106 0.400765 -0.930012 -0.306246 0.203202 -0.504277 0.187337 -0.870672 -0.454792 0.485883 
1533566814285 0.19723 0.928961 -0.31326 -0.613792 -0.95745 0.251195 0.142093 -0.212122 0.210689 0.271906 0.938977 0.380009 0.316123 -0.384928 0.86712 0.40068 -0.93004 -0.30621 0.20313 -0.504145 0.18733 -0.87067 -0.454798 0.485852 
1533566814410 0.197211 0.928908 -0.31343 -0.613817 -0.95743 0.251234 0.142162 -0.212156 0.210799 0.272051 0.93891 0.379954 1 0 0 0 0 1 0 0 0 0 1 1.306 
1533566814422 0.197174 0.928859 -0.313596 -0.613775 -0.957494 0.251151 0.141873 -0.21215 0.21054 0.272293 0.938898 0.379986 0.313239 -0.3866 0.867422 0.386189 -0.93126 -0.304042 0.200784 -0.500185 0.18611 -0.870689 -0.455263 0.505382 
1533566814603 0.197138 0.928811 -0.313762 -0.613732 -0.957559 0.251068 0.141584 -0.212144 0.210281 0.272534 0.938886 0.380018 0.316244 -0.384866 0.867103 0.400216 -0.929998 -0.306258 0.203249 -0.504049 0.187334 -0.87068 -0.454777 0.486145 
1533566814755 0.197102 0.928763 -0.313927 -0.61369 -0.957623 0.250985 0.141296 -0.212138 0.210021 0.272774 0.938874 0.380049 0.316258 -0.384857 0.867102 0.400836 -0.929992 -0.306267 0.203261 -0.504368 0.187338 -0.870681 -0.454774 0.485921 
1533566814966 0.197066 0.928715 -0.314093 -0.613647 -0.957687 0.250902 0.141007 -0.212132 0.209762 0.273015 0.938862 0.380081 0.316239 -0.384881 0.867098 0.400855 -0.93 -0.306257 0.203241 -0.504361 0.187331 -0.870674 -0.454789 0.485943 
1533566815133 0.19703 0.928666 -0.314259 -0.613605 -0.957752 0.250819 0.140718 -0.212126 0.209502 0.273256 0.93885 0.380113 0.316214 -0.384899 0.867099 0.400827 -0.930009 -0.306245 0.203216 -0.504329 0.187327 -0.87067 -0.454799 0.48594 
1533566815313 0.196994 0.928618 -0.314424 -0.613562 -0.957816 0.250736 0.14043 -0.21212 0.209243 0.273497 0.938838 0.380145 0.3162 -0.384907 0.867101 0.400798 -0.930014 -0.306239 0.203202 -0.504306 0.187326 -0.870669 -0.454801 0.485922 
1533566815523 0.196958 0.928569 -0.314589 -0.61352 -0.95788 0.250653 0.140141 -0.212114 0.208984 0.273737 0.938826 0.380177 0.316197 -0.384904 0.867103 0.400778 -0.930014 -0.30624 0.2032 -0.504292 0.187329 -0.87067 -0.454799 0.485903 
1533566815700 0.196922 0.928521 -0.314755 -0.613477 -0.957944 0.25057 0.139853 -0.212108 0.208724 0.273977 0.938813 0.380208 0.316201 -0.384895 0.867106 0.400765 -0.930012 -0.306246 0.203202 -0.504277 0.187337 -0.870672 -0.454792 0.485883 
1533566815869 0.196886 0.928473 -0.31492 -0.613441 -0.958007 0.250486 0.139565 -0.212104 0.208465 0.274217 0.938801 0.380238 0.316123 -0.384928 0.86712 0.40068 -0.93004 -0.30621 0.20313 -0.504145 0.18733 -0.87067 -0.454798 0.485852 
1533566816034 0.196947 0.928457 -0.314927 -0.613446 -0.957994 0.250547 0.139549 -0.212165 0.20847 0.274214 0.938801 0.380234 1 0 0 0 0 1 0 0 0 0 1 1.306 
1533566816048 0.196637 0.928509 -0.314969 -0.613419 -0.958054 0.250264 0.139643 -0.212286 0.208486 0.274299 0.938773 0.380209 0.313239 -0.3866 0.867422 0.386189 -0.93126 -0.304042 0.200784 -0.500185 0.18611 -0.870689 -0.455263 0.505382 
1533566816322 0.196327 0.92856 -0.315012 -0.613392 -0.958114 0.249981 0.139736 -0.212407 0.208501 0.274384 0.938744 0.380183 0.316244 -0.384866 0.867103 0.400216 -0.929998 -0.306258 0.203249 -0.504049 0.187334 -0.87068 -0.454777 0.486145 
1533566816486 0.196016 0.928611 -0.315055 -0.613365 -0.958175 0.249697 0.13983 -0.212529 0.208516 0.274469 0.938716 0.380158 0.316258 -0.384857 0.867102 0.400836 -0.929992 -0.306267 0.203261 -0.504368 0.187338 -0.870681 -0.454774 0.485921 
1533566816670 0.195705 0.928662 -0.315097 -0.613338 -0.958235 0.249414 0.139923 -0.21265 0.208531 0.274554 0.938688 0.380133 0.316239 -0.384881 0.867098 0.400855 -0.93 -0.306257 0.203241 -0.504361 0.187331 -0.870674 -0.454789 0.485943 
1533566816825 0.195394 0.928713 -0.31514 -0.613312 -0.958295 0.24913 0.140016 -0.212771 0.208546 0.274638 0.93866 0.380107 0.316214 -0.384899 0.867099 0.400827 -0.930009 -0.306245 0.203216 -0.504329 0.187327 -0.87067 -0.454799 0.48594 
1533566817095 0.195084 0.928764 -0.315182 -0.613285 -0.958355 0.248847 0.14011 -0.212892 0.208561 0.274724 0.938632 0.380082 0.3162 -0.384907 0.867101 0.400798 -0.930014 -0.306239 0.203202 -0.504306 0.187326 -0.870669 -0.454801 0.485922 
1533566817102 0.194773 0.928815 -0.315225 -0.613258 -0.958415 0.248563 0.140203 -0.213013 0.208576 0.274809 0.938603 0.380057 0.316197 -0.384904 0.867103 0.400778 -0.930014 -0.30624 0.2032 -0.504292 0.187329 -0.87067 -0.454799 0.485903 
1533566817304 0.194462 0.928865 -0.315267 -0.613231 -0.958475 0.248279 0.140296 -0.213135 0.208591 0.274894 0.938575 0.380032 0.316201 -0.384895 0.867106 0.400765 -0.930012 -0.306246 0.203202 -0.504277 0.187337 -0.870672 -0.454792 0.485883 
1533566817467 0.194152 0.928916 -0.31531 -0.613205 -0.958535 0.247996 0.140389 -0.213253 0.208605 0.274979 0.938547 0.380007 0.316123 -0.384928 0.86712 0.40068 -0.93004 -0.30621 0.20313 -0.504145 0.18733 -0.87067 -0.454798 0.485852 
1533566817651 0.19429 0.928889 -0.315305 -0.613195 -0.95854 0.248082 0.140201 -0.213314 0.208453 0.274993 0.938577 0.379965 1 0 0 0 0 1 0 0 0 0 1 1.306 
1533566817663 0.193842 0.92886 -0.315665 -0.61313 -0.958596 0.247759 0.140392 -0.213465 0.208613 0.275382 0.938427 0.379978 0.313239 -0.3866 0.867422 0.386189 -0.93126 -0.304042 0.200784 -0.500185 0.18611 -0.870689 -0.455263 0.505382 
1533566817938 0.193394 0.928831 -0.316025 -0.613065 -0.958651 0.247435 0.140584 -0.213617 0.208774 0.27577 0.938277 0.37999 0.316244 -0.384866 0.867103 0.400216 -0.929998 -0.306258 0.203249 -0.504049 0.187334 -0.87068 -0.454777 0.486145 
1533566818135 0.192946 0.928802 -0.316384 -0.613001 -0.958706 0.247112 0.140776 -0.213768 0.208935 0.276158 0.938127 0.380002 0.316258 -0.384857 0.867102 0.400836 -0.929992 -0.306267 0.203261 -0.504368 0.187338 -0.870681 -0.454774 0.485921 
1533566818327 0.192498 0.928772 -0.316744 -0.612936 -0.958762 0.246788 0.140968 -0.21392 0.209095 0.276546 0.937977 0.380015 0.316239 -0.384881 0.867098 0.400855 -0.93 -0.306257 0.203241 -0.504361 0.187331 -0.870674 -0.454789 0.485943 
1533566818504 0.192049 0.928743 -0.317103 -0.612871 -0.958816 0.246465 0.14116 -0.214071 0.209256 0.276934 0.937827 0.380027 0.316214 -0.384899 0.867099 0.400827 -0.930009 -0.306245 0.203216 -0.504329 0.187327 -0.87067 -0.454799 0.48594 
1533566818673 0.191601 0.928712 -0.317462 -0.612806 -0.958871 0.246142 0.141352 -0.214223 0.209416 0.277322 0.937677 0.38004 0.3162 -0.384907 0.867101 0.400798 -0.930014 -0.306239 0.203202 -0.504306 0.187326 -0.870669 -0.454801 0.485922 
1533566818852 0.191153 0.928682 -0.317821 -0.612741 -0.958926 0.245818 0.141544 -0.214374 0.209576 0.27771 0.937526 0.380052 0.316197 -0.384904 0.867103 0.400778 -0.930014 -0.30624 0.2032 -0.504292 0.187329 -0.87067 -0.454799 0.485903 
1533566819005 0.190704 0.928652 -0.318179 -0.612677 -0.95898 0.245495 0.141737 -0.214526 0.209735 0.278098 0.937375 0.380065 0.316201 -0.384895 0.867106 0.400765 -0.930012 -0.306246 0.203202 -0.504277 0.187337 -0.870672 -0.454792 0.485883 
1533566819205 0.190256 0.928621 -0.318537 -0.612619 -0.959034 0.245172 0.141928 -0.214674 0.209894 0.278485 0.937225 0.380076 0.316123 -0.384928 0.86712 0.40068 -0.93004 -0.30621 0.20313 -0.504145 0.18733 -0.87067 -0.454798 0.485852 
1533566819394 0.19039 0.928599 -0.318521 -0.612623 -0.959039 0.245255 0.141755 -0.214706 0.209753 0.278485 0.937257 0.380057 1 0 0 0 0 1 0 0 0 0 1 1.306 
1533566819405 0.190218 0.928544 -0.318785 -0.612549 -0.958999 0.245231 0.142067 -0.214778 0.210092 0.278691 0.93712 0.380042 0.313239 -0.3866 0.867422 0.386189 -0.93126 -0.304042 0.200784 -0.500185 0.18611 -0.870689 -0.455263 0.505382 
1533566819612 0.190045 0.928488 -0.319051 -0.612474 -0.958959 0.245207 0.142379 -0.214849 0.210431 0.278898 0.936982 0.380027 0.316244 -0.384866 0.867103 0.400216 -0.929998 -0.306258 0.203249 -0.504049 0.187334 -0.87068 -0.454777 0.486145 
1533566819834 0.189873 0.928432 -0.319317 -0.6124 -0.958918 0.245183 0.142691 -0.214921 0.21077 0.279106 0.936844 0.380013 0.316258 -0.384857 0.867102 0.400836 -0.929992 -0.306267 0.203261 -0.504368 0.187338 -0.870681 -0.454774 0.485921 
1533566820014 0.1897 0.928376 -0.319582 -0.612325 -0.958878 0.24516 0.143003 -0.214992 0.211109 0.279313 0.936706 0.379998 0.316239 -0.384881 0.867098 0.400855 -0.93 -0.306257 0.203241 -0.504361 0.187331 -0.870674 -0.454789 0.485943 
1533566820223 0.189527 0.928319 -0.319847 -0.61225 -0.958837 0.245136 0.143314 -0.215064 0.211448 0.27952 0.936568 0.379983 0.316214 -0.384899 0.867099 0.400827 -0.930009 -0.306245 0.203216 -0.504329 0.187327 -0.87067 -0.454799 0.48594 
1533566820393 0.189354 0.928263 -0.320113 -0.612176 -0.958797 0.245113 0.143626 -0.215136 0.211787 0.279727 0.936429 0.379968 0.3162 -0.384907 0.867101 0.400798 -0.930014 -0.306239 0.203202 -0.504306 0.187326 -0.870669 -0.454801 0.485922 
1533566820602 0.189181 0.928207 -0.320378 -0.612102 -0.958756 0.245089 0.143938 -0.215207 0.212125 0.279934 0.93629 0.379953 0.316197 -0.384904 0.867103 0.400778 -0.930014 -0.30624 0.2032 -0.504292 0.187329 -0.87067 -0.454799 0.485903 
1533566820850 0.189008 0.928151 -0.320643 -0.612028 -0.958715 0.245066 0.14425 -0.215279 0.212464 0.280141 0.936152 0.379939 0.316201 -0.384895 0.867106 0.400765 -0.930012 -0.306246 0.203202 -0.504277 0.187337 -0.870672 -0.454792 0.485883 
1533566820857 0.188836 0.928094 -0.320908 -0.611961 -0.958674 0.245042 0.14456 -0.215349 0.212802 0.280348 0.936013 0.379923 0.316123 -0.384928 0.86712 0.40068 -0.93004 -0.30621 0.20313 -0.504145 0.18733 -0.87067 -0.454798 0.485852 
1533566821053 0.189064 0.928007 -0.321026 -0.611963 -0.95864 0.245262 0.144414 -0.21545 0.212753 0.280445 0.935995 0.379878 1 0 0 0 0 1 0 0 0 0 1 1.306 
1533566821065 0.189112 0.928058 -0.320851 -0.61184 -0.95861 0.245308 0.144539 -0.215498 0.212848 0.280236 0.936036 0.379828 0.313239 -0.3866 0.867422 0.386189 -0.93126 -0.304042 0.200784 -0.500185 0.18611 -0.870689 -0.455263 0.505382 
1533566821251 0.189158 0.928109 -0.320675 -0.611717 -0.958579 0.245352 0.144667 -0.215546 0.212945 0.280028 0.936076 0.379778 0.316244 -0.384866 0.867103 0.400216 -0.929998 -0.306258 0.203249 -0.504049 0.187334 -0.87068 -0.454777 0.486145 
1533566821430 0.189204 0.92816 -0.3205 -0.611594 -0.958548 0.245397 0.144793 -0.215593 0.213041 0.27982 0.936117 0.379728 0.316258 -0.384857 0.867102 0.400836 -0.929992 -0.306267 0.203261 -0.504368 0.187338 -0.870681 -0.454774 0.485921 
1533566821588 0.189251 0.928211 -0.320325 -0.611471 -0.958518 0.245442 0.14492 -0.215641 0.213137 0.279611 0.936157 0.379678 0.316239 -0.384881 0.867098 0.400855 -0.93 -0.306257 0.203241 -0.504361 0.187331 -0.870674 -0.454789 0.485943 
1533566821763 0.189297 0.928262 -0.32015 -0.611347 -0.958487 0.245486 0.145047 -0.215689 0.213234 0.279403 0.936197 0.379628 0.316214 -0.384899 0.867099 0.400827 -0.930009 -0.306245 0.203216 -0.504329 0.187327 -0.87067 -0.454799 0.48594 
1533566821942 0.189344 0.928313 -0.319975 -0.611224 -0.958457 0.245531 0.145174 -0.215737 0.213331 0.279194 0.936237 0.379578 0.3162 -0.384907 0.867101 0.400798 -0.930014 -0.306239 0.203202 -0.504306 0.187326 -0.870669 -0.454801 0.485922 
1533566822062 0.18939 0.928364 -0.3198 -0.611101 -0.958426 0.245576 0.145301 -0.215785 0.213427 0.278986 0.936278 0.379528 0.316197 -0.384904 0.867103 0.400778 -0.930014 -0.30624 0.2032 -0.504292 0.187329 -0.87067 -0.454799 0.485903 
1533566822198 0.189436 0.928415 -0.319624 -0.610979 -0.958395 0.24562 0.145428 -0.215832 0.213524 0.278777 0.936318 0.379478 0.316201 -0.384895 0.867106 0.400765 -0.930012 -0.306246 0.203202 -0.504277 0.187337 -0.870672 -0.454792 0.485883 
1533566822334 0.189483 0.928465 -0.31945 -0.610863 -0.958365 0.245665 0.145555 -0.215879 0.21362 0.278569 0.936358 0.37943 0.316123 -0.384928 0.86712 0.40068 -0.93004 -0.30621 0.20313 -0.504145 0.18733 -0.87067 -0.454798 0.485852 
1533566822512 0.189645 0.928434 -0.319445 -0.610875 -0.958312 0.245843 0.145598 -0.215914 0.213711 0.278516 0.936353 0.37948 1 0 0 0 0 1 0 0 0 0 1 1.306 
1533566822523 0.189335 0.92846 -0.319554 -0.610715 -0.958291 0.245675 0.146021 -0.215943 0.214081 0.278579 0.93625 0.379465 0.313239 -0.3866 0.867422 0.386189 -0.93126 -0.304042 0.200784 -0.500185 0.18611 -0.870689 -0.455263 0.505382 
1533566822746 0.189024 0.928485 -0.319664 -0.610555 -0.95827 0.245507 0.146444 -0.215971 0.214451 0.278643 0.936146 0.379451 0.316244 -0.384866 0.867103 0.400216 -0.929998 -0.306258 0.203249 -0.504049 0.187334 -0.87068 -0.454777 0.486145 
1533566823051 0.188714 0.92851 -0.319774 -0.610394 -0.958248 0.245339 0.146867 -0.216 0.21482 0.278707 0.936042 0.379436 0.316258 -0.384857 0.867102 0.400836 -0.929992 -0.306267 0.203261 -0.504368 0.187338 -0.870681 -0.454774 0.485921 
1533566823248 0.188404 0.928536 -0.319883 -0.610234 -0.958226 0.24517 0.14729 -0.216028 0.21519 0.27877 0.935938 0.379421 0.316239 -0.384881 0.867098 0.400855 -0.93 -0.306257 0.203241 -0.504361 0.187331 -0.870674 -0.454789 0.485943 
1533566823453 0.188094 0.928561 -0.319992 -0.610074 -0.958204 0.245002 0.147713 -0.216056 0.215559 0.278834 0.935834 0.379406 0.316214 -0.384899 0.867099 0.400827 -0.930009 -0.306245 0.203216 -0.504329 0.187327 -0.87067 -0.454799 0.48594 
1533566823659 0.187784 0.928586 -0.320102 -0.609914 -0.958182 0.244834 0.148136 -0.216085 0.215929 0.278898 0.93573 0.379392 0.3162 -0.384907 0.867101 0.400798 -0.930014 -0.306239 0.203202 -0.504306 0.187326 -0.870669 -0.454801 0.485922 
1533566823842 0.187474 0.928611 -0.320211 -0.609754 -0.958159 0.244666 0.148559 -0.216113 0.216298 0.278962 0.935626 0.379377 0.316197 -0.384904 0.867103 0.400778 -0.930014 -0.30624 0.2032 -0.504292 0.187329 -0.87067 -0.454799 0.485903 
1533566824027 0.187163 0.928636 -0.32032 -0.609594 -0.958136 0.244498 0.148982 -0.216142 0.216667 0.279026 0.935521 0.379362 0.316201 -0.384895 0.867106 0.400765 -0.930012 -0.306246 0.203202 -0.504277 0.187337 -0.870672 -0.454792 0.485883 
1533566824213 0.186854 0.928661 -0.320428 -0.609447 -0.958113 0.24433 0.149403 -0.216169 0.217035 0.279089 0.935417 0.379348 0.316123 -0.384928 0.86712 0.40068 -0.93004 -0.30621 0.20313 -0.504145 0.18733 -0.87067 -0.454798 0.485852 
1533566824392 0.186874 0.928632 -0.3205 -0.609481 -0.958129 0.244336 0.149292 -0.21618 0.216947 0.279182 0.93541 0.379332 1 0 0 0 0 1 0 0 0 0 1 1.306 
1533566824403 0.18657 0.92873 -0.320393 -0.60934 -0.958131 0.244105 0.149657 -0.216207 0.2172 0.279057 0.935388 0.379307 0.313239 -0.3866 0.867422 0.386189 -0.93126 -0.304042 0.200784 -0.500185 0.18611 -0.870689 -0.455263 0.505382 
1533566824591 0.186264 0.928829 -0.320284 -0.6092 -0.958133 0.243873 0.150023 -0.216235 0.217455 0.278931 0.935367 0.379283 0.316244 -0.384866 0.867103 0.400216 -0.929998 -0.306258 0.203249 -0.504049 0.187334 -0.87068 -0.454777 0.486145 
1533566824745 0.185959 0.928928 -0.320176 -0.609059 -0.958135 0.243641 0.15039 -0.216262 0.217709 0.278806 0.935345 0.379258 0.316258 -0.384857 0.867102 0.400836 -0.929992 -0.306267 0.203261 -0.504368 0.187338 -0.870681 -0.454774 0.485921 
1533566825025 0.185654 0.929026 -0.320068 -0.608918 -0.958136 0.24341 0.150756 -0.21629 0.217964 0.27868 0.935323 0.379233 0.316239 -0.384881 0.867098 0.400855 -0.93 -0.306257 0.203241 -0.504361 0.187331 -0.870674 -0.454789 0.485943 
1533566825218 0.185349 0.929124 -0.319959 -0.608778 -0.958137 0.243178 0.151122 -0.216317 0.218218 0.278555 0.935301 0.379208 0.316214 -0.384899 0.867099 0.400827 -0.930009 -0.306245 0.203216 -0.504329 0.187327 -0.87067 -0.454799 0.48594 
1533566825393 0.185044 0.929222 -0.319851 -0.608637 -0.958138 0.242946 0.151489 -0.216344 0.218473 0.278429 0.935279 0.379184 0.3162 -0.384907 0.867101 0.400798 -0.930014 -0.306239 0.203202 -0.504306 0.187326 -0.870669 -0.454801 0.485922 
1533566825608 0.184739 0.929321 -0.319742 -0.608496 -0.958139 0.242715 0.151855 -0.216372 0.218728 0.278304 0.935257 0.379159 0.316197 -0.384904 0.867103 0.400778 -0.930014 -0.30624 0.2032 -0.504292 0.187329 -0.87067 -0.454799 0.485903 
1533566825779 0.184434 0.929419 -0.319633 -0.608356 -0.958139 0.242483 0.152221 -0.216399 0.218982 0.278178 0.935235 0.379134 0.316201 -0.384895 0.867106 0.400765 -0.930012 -0.306246 0.203202 -0.504277 0.187337 -0.870672 -0.454792 0.485883 
1533566825942 0.184129 0.929516 -0.319524 -0.608224 -0.95814 0.242251 0.152586 -0.216425 0.219236 0.278053 0.935212 0.379111 0.316123 -0.384928 0.86712 0.40068 -0.93004 -0.30621 0.20313 -0.504145 0.18733 -0.87067 -0.454798 0.485852 
1533566826144 0.184025 0.929561 -0.319454 -0.60823 -0.958162 0.242139 0.152626 -0.216344 0.219228 0.278001 0.93523 0.379156 1 0 0 0 0 1 0 0 0 0 1 1.306 
1533566826156 0.183911 0.929604 -0.319394 -0.608123 -0.958187 0.242017 0.152663 -0.21637 0.219215 0.277962 0.935244 0.379144 0.313239 -0.3866 0.867422 0.386189 -0.93126 -0.304042 0.200784 -0.500185 0.18611 -0.870689 -0.455263 0.505382 
1533566826332 0.183796 0.929647 -0.319335 -0.608016 -0.958212 0.241896 0.152699 -0.216396 0.219202 0.277925 0.935258 0.379132 0.316244 -0.384866 0.867103 0.400216 -0.929998 -0.306258 0.203249 -0.504049 0.187334 -0.87068 -0.454777 0.486145 
1533566826588 0.183682 0.929691 -0.319275 -0.607909 -0.958236 0.241774 0.152736 -0.216422 0.21919 0.277886 0.935273 0.37912 0.316258 -0.384857 0.867102 0.400836 -0.929992 -0.306267 0.203261 -0.504368 0.187338 -0.870681 -0.454774 0.485921 
1533566826777 0.183567 0.929734 -0.319215 -0.607802 -0.958261 0.241653 0.152772 -0.216448 0.219177 0.277848 0.935287 0.379108 0.316239 -0.384881 0.867098 0.400855 -0.93 -0.306257 0.203241 -0.504361 0.187331 -0.870674 -0.454789 0.485943 
1533566826934 0.183453 0.929777 -0.319156 -0.607696 -0.958286 0.241531 0.152809 -0.216474 0.219164 0.27781 0.935301 0.379095 0.316214 -0.384899 0.867099 0.400827 -0.930009 -0.306245 0.203216 -0.504329 0.187327 -0.87067 -0.454799 0.48594 
1533566827099 0.183338 0.92982 -0.319097 -0.607589 -0.958311 0.24141 0.152845 -0.216501 0.219152 0.277771 0.935316 0.379083 0.3162 -0.384907 0.867101 0.400798 -0.930014 -0.306239 0.203202 -0.504306 0.187326 -0.870669 -0.454801 0.485922 
1533566827241 0.183224 0.929862 -0.319038 -0.607482 -0.958336 0.241288 0.152882 -0.216527 0.219139 0.277734 0.93533 0.379071 0.316197 -0.384904 0.867103 0.400778 -0.930014 -0.30624 0.2032 -0.504292 0.187329 -0.87067 -0.454799 0.485903 
1533566827467 0.183109 0.929905 -0.318978 -0.607375 -0.95836 0.241167 0.152919 -0.216553 0.219127 0.277695 0.935344 0.379059 0.316201 -0.384895 0.867106 0.400765 -0.930012 -0.306246 0.203202 -0.504277 0.187337 -0.870672 -0.454792 0.485883 
1533566827662 0.182995 0.929949 -0.318918 -0.607276 -0.958385 0.241045 0.152955 -0.216579 0.219113 0.277656 0.935359 0.379047 0.316123 -0.384928 0.86712 0.40068 -0.93004 -0.30621 0.20313 -0.504145 0.18733 -0.87067 -0.454798 0.485852 
1533566827838 0.182926 0.929977 -0.318873 -0.607298 -0.958389 0.240985 0.153027 -0.216535 0.219155 0.277612 0.935362 0.379105 1 0 0 0 0 1 0 0 0 0 1 1.306 
1533566827851 0.182803 0.929937 -0.319062 -0.607203 -0.958434 0.240872 0.15292 -0.216539 0.219059 0.277846 0.935315 0.37908 0.313239 -0.3866 0.867422 0.386189 -0.93126 -0.304042 0.200784 -0.500185 0.18611 -0.870689 -0.455263 0.505382 
1533566828049 0.18268 0.929896 -0.319252 -0.607108 -0.958479 0.24076 0.152814 -0.216543 0.218964 0.27808 0.935268 0.379056 0.316244 -0.384866 0.867103 0.400216 -0.929998 -0.306258 0.203249 -0.504049 0.187334 -0.87068 -0.454777 0.486145 
1533566828239 0.182558 0.929855 -0.319442 -0.607012 -0.958524 0.240648 0.152707 -0.216547 0.218869 0.278315 0.935221 0.379031 0.316258 -0.384857 0.867102 0.400836 -0.929992 -0.306267 0.203261 -0.504368 0.187338 -0.870681 -0.454774 0.485921 
1533566828408 0.182436 0.929813 -0.319631 -0.606917 -0.958569 0.240536 0.152601 -0.216551 0.218773 0.278549 0.935173 0.379007 0.316239 -0.384881 0.867098 0.400855 -0.93 -0.306257 0.203241 -0.504361 0.187331 -0.870674 -0.454789 0.485943 
1533566828592 0.182314 0.929772 -0.319822 -0.606822 -0.958614 0.240424 0.152494 -0.216555 0.218678 0.278784 0.935125 0.378982 0.316214 -0.384899 0.867099 0.400827 -0.930009 -0.306245 0.203216 -0.504329 0.187327 -0.87067 -0.454799 0.48594 
1533566828807 0.182192 0.929731 -0.320011 -0.606727 -0.95866 0.240312 0.152388 -0.216559 0.218582 0.279018 0.935078 0.378957 0.3162 -0.384907 0.867101 0.400798 -0.930014 -0.306239 0.203202 -0.504306 0.187326 -0.870669 -0.454801 0.485922 
1533566829037 0.182069 0.929689 -0.320201 -0.606632 -0.958705 0.2402 0.152281 -0.216563 0.218487 0.279252 0.93503 0.378933 0.316197 -0.384904 0.867103 0.400778 -0.930014 -0.30624 0.2032 -0.504292 0.187329 -0.87067 -0.454799 0.485903 
1533566829230 0.181947 0.929647 -0.320391 -0.606537 -0.958749 0.240088 0.152175 -0.216567 0.218391 0.279487 0.934982 0.378908 0.316201 -0.384895 0.867106 0.400765 -0.930012 -0.306246 0.203202 -0.504277 0.187337 -0.870672 -0.454792 0.485883 
1533566829425 0.181825 0.929606 -0.32058 -0.606451 -0.958794 0.239976 0.152069 -0.216572 0.218295 0.27972 0.934935 0.378883 0.316123 -0.384928 0.86712 0.40068 -0.93004 -0.30621 0.20313 -0.504145 0.18733 -0.87067 -0.454798 0.485852 
1533566829586 0.181771 0.929618 -0.320577 -0.606487 -0.958782 0.239953 0.152181 -0.216548 0.218393 0.279701 0.934918 0.378912 1 0 0 0 0 1 0 0 0 0 1 1.306 
1533566829598 0.181813 0.929615 -0.320562 -0.606404 -0.958772 0.239993 0.152185 -0.216553 0.218406 0.279677 0.934922 0.378898 0.313239 -0.3866 0.867422 0.386189 -0.93126 -0.304042 0.200784 -0.500185 0.18611 -0.870689 -0.455263 0.505382 
1533566829785 0.181855 0.929612 -0.320548 -0.606321 -0.958761 0.240035 0.152188 -0.216557 0.218418 0.279652 0.934927 0.378885 0.316244 -0.384866 0.867103 0.400216 -0.929998 -0.306258 0.203249 -0.504049 0.187334 -0.87068 -0.454777 0.486145 
1533566829964 0.181897 0.929608 -0.320533 -0.606238 -0.95875 0.240076 0.152191 -0.216562 0.218431 0.279628 0.934931 0.378871 0.316258 -0.384857 0.867102 0.400836 -0.929992 -0.306267 0.203261 -0.504368 0.187338 -0.870681 -0.454774 0.485921 
1533566830144 0.181939 0.929605 -0.320518 -0.606155 -0.958739 0.240117 0.152195 -0.216566 0.218443 0.279603 0.934936 0.378858 0.316239 -0.384881 0.867098 0.400855 -0.93 -0.306257 0.203241 -0.504361 0.187331 -0.870674 -0.454789 0.485943 
1533566830454 0.181981 0.929602 -0.320503 -0.606072 -0.958728 0.240157 0.152199 -0.216571 0.218455 0.279578 0.93494 0.378844 0.316214 -0.384899 0.867099 0.400827 -0.930009 -0.306245 0.203216 -0.504329 0.187327 -0.87067 -0.454799 0.48594 
1533566830562 0.182024 0.929599 -0.320489 -0.605989 -0.958717 0.240199 0.152202 -0.216576 0.218468 0.279554 0.934945 0.37883 0.3162 -0.384907 0.867101 0.400798 -0.930014 -0.306239 0.203202 -0.504306 0.187326 -0.870669 -0.454801 0.485922 
1533566830732 0.182066 0.929596 -0.320474 -0.605906 -0.958707 0.24024 0.152205 -0.21658 0.21848 0.279529 0.934949 0.378817 0.316197 -0.384904 0.867103 0.400778 -0.930014 -0.30624 0.2032 -0.504292 0.187329 -0.87067 -0.454799 0.485903 
1533566830923 0.182108 0.929593 -0.320459 -0.605824 -0.958696 0.240281 0.152209 -0.216585 0.218492 0.279504 0.934954 0.378803 0.316201 -0.384895 0.867106 0.400765 -0.930012 -0.306246 0.203202 -0.504277 0.187337 -0.870672 -0.454792 0.485883 
1533566831073 0.18215 0.92959 -0.320444 -0.605747 -0.958685 0.240322 0.152212 -0.21659 0.218505 0.279479 0.934958 0.37879 0.316123 -0.384928 0.86712 0.40068 -0.93004 -0.30621 0.20313 -0.504145 0.18733 -0.87067 -0.454798 0.485852 
1533566831177 0.182088 0.929584 -0.320497 -0.605778 -0.958695 0.240273 0.152223 -0.216585 0.218511 0.279541 0.934938 0.378767 1 0 0 0 0 1 0 0 0 0 1 1.306 
1533566831188 0.182047 0.929561 -0.320586 -0.605702 -0.958775 0.240157 0.151904 -0.216569 0.218195 0.279716 0.93496 0.378773 0.313239 -0.3866 0.867422 0.386189 -0.93126 -0.304042 0.200784 -0.500185 0.18611 -0.870689 -0.455263 0.505382 
1533566831449 0.182006 0.929539 -0.320674 -0.605626 -0.958855 0.24004 0.151584 -0.216552 0.217878 0.27989 0.934982 0.378778 0.316244 -0.384866 0.867103 0.400216 -0.929998 -0.306258 0.203249 -0.504049 0.187334 -0.87068 -0.454777 0.486145 
1533566831617 0.181965 0.929516 -0.320762 -0.605549 -0.958935 0.239923 0.151264 -0.216536 0.217561 0.280065 0.935003 0.378784 0.316258 -0.384857 0.867102 0.400836 -0.929992 -0.306267 0.203261 -0.504368 0.187338 -0.870681 -0.454774 0.485921 
1533566831624 0.181924 0.929494 -0.32085 -0.605473 -0.959014 0.239806 0.150945 -0.216519 0.217244 0.28024 0.935024 0.37879 0.316239 -0.384881 0.867098 0.400855 -0.93 -0.306257 0.203241 -0.504361 0.187331 -0.870674 -0.454789 0.485943 
1533566831824 0.181883 0.929471 -0.320939 -0.605397 -0.959094 0.239689 0.150625 -0.216503 0.216927 0.280415 0.935046 0.378795 0.316214 -0.384899 0.867099 0.400827 -0.930009 -0.306245 0.203216 -0.504329 0.187327 -0.87067 -0.454799 0.48594 
1533566832034 0.181842 0.929449 -0.321027 -0.605321 -0.959173 0.239572 0.150305 -0.216486 0.21661 0.280589 0.935067 0.378801 0.3162 -0.384907 0.867101 0.400798 -0.930014 -0.306239 0.203202 -0.504306 0.187326 -0.870669 -0.454801 0.485922 
1533566832201 0.181801 0.929426 -0.321116 -0.605245 -0.959253 0.239455 0.149985 -0.21647 0.216293 0.280764 0.935088 0.378807 0.316197 -0.384904 0.867103 0.400778 -0.930014 -0.30624 0.2032 -0.504292 0.187329 -0.87067 -0.454799 0.485903 
1533566832207 0.18176 0.929404 -0.321204 -0.605169 -0.959332 0.239338 0.149665 -0.216453 0.215976 0.280938 0.935109 0.378813 0.316201 -0.384895 0.867106 0.400765 -0.930012 -0.306246 0.203202 -0.504277 0.187337 -0.870672 -0.454792 0.485883 
1533566832398 0.181719 0.929381 -0.321292 -0.6051 -0.959411 0.23922 0.149346 -0.216439 0.215659 0.281112 0.93513 0.378817 0.316123 -0.384928 0.86712 0.40068 -0.93004 -0.30621 0.20313 -0.504145 0.18733 -0.87067 -0.454798 0.485852 
1533566832575 0.181814 0.929353 -0.32132 -0.6051 -0.959395 0.239311 0.149301 -0.216489 0.215649 0.281127 0.935127 0.378757 1 0 0 0 0 1 0 0 0 0 1 1.306 
1533566832587 0.181598 0.929422 -0.321242 -0.605048 -0.959361 0.239193 0.14971 -0.216517 0.215982 0.281 0.935089 0.378755 0.313239 -0.3866 0.867422 0.386189 -0.93126 -0.304042 0.200784 -0.500185 0.18611 -0.870689 -0.455263 0.505382 
1533566832808 0.181381 0.929492 -0.321163 -0.604995 -0.959328 0.239072 0.150116 -0.216545 0.216313 0.280873 0.93505 0.378755 0.316244 -0.384866 0.867103 0.400216 -0.929998 -0.306258 0.203249 -0.504049 0.187334 -0.87068 -0.454777 0.486145 
1533566832991 0.181163 0.929561 -0.321085 -0.604941 -0.959294 0.238951 0.150523 -0.216573 0.216643 0.280746 0.935012 0.378754 0.316258 -0.384857 0.867102 0.400836 -0.929992 -0.306267 0.203261 -0.504368 0.187338 -0.870681 -0.454774 0.485921 
1533566833195 0.180946 0.929631 -0.321007 -0.604888 -0.959261 0.23883 0.150929 -0.216601 0.216974 0.280619 0.934973 0.378753 0.316239 -0.384881 0.867098 0.400855 -0.93 -0.306257 0.203241 -0.504361 0.187331 -0.870674 -0.454789 0.485943 
1533566833349 0.180728 0.9297 -0.320928 -0.604835 -0.959227 0.238708 0.151336 -0.216628 0.217305 0.280492 0.934935 0.378752 0.316214 -0.384899 0.867099 0.400827 -0.930009 -0.306245 0.203216 -0.504329 0.187327 -0.87067 -0.454799 0.48594 
1533566833515 0.180511 0.92977 -0.320849 -0.604782 -0.959193 0.238587 0.151742 -0.216656 0.217635 0.280365 0.934896 0.378752 0.3162 -0.384907 0.867101 0.400798 -0.930014 -0.306239 0.203202 -0.504306 0.187326 -0.870669 -0.454801 0.485922 
1533566833662 0.180294 0.929839 -0.320771 -0.604729 -0.959158 0.238466 0.152148 -0.216684 0.217966 0.280238 0.934857 0.378751 0.316197 -0.384904 0.867103 0.400778 -0.930014 -0.30624 0.2032 -0.504292 0.187329 -0.87067 -0.454799 0.485903 
1533566833668 0.180076 0.929908 -0.320691 -0.604676 -0.959124 0.238344 0.152555 -0.216712 0.218297 0.280112 0.934818 0.37875 0.316201 -0.384895 0.867106 0.400765 -0.930012 -0.306246 0.203202 -0.504277 0.187337 -0.870672 -0.454792 0.485883 
1533566833858 0.179859 0.929977 -0.320613 -0.604625 -0.95909 0.238223 0.15296 -0.216738 0.218626 0.279985 0.934778 0.378751 0.316123 -0.384928 0.86712 0.40068 -0.93004 -0.30621 0.20313 -0.504145 0.18733 -0.87067 -0.454798 0.485852 
1533566834033 0.179826 0.929954 -0.320699 -0.604661 -0.95911 0.238188 0.152886 -0.216705 0.218563 0.280092 0.934761 0.378701 1 0 0 0 0 1 0 0 0 0 1 1.306 
1533566834044 0.179757 0.929938 -0.320786 -0.6046 -0.959023 0.238265 0.153314 -0.216741 0.219004 0.280081 0.934661 0.378701 0.313239 -0.3866 0.867422 0.386189 -0.93126 -0.304042 0.200784 -0.500185 0.18611 -0.870689 -0.455263 0.505382 
1533566834275 0.179686 0.929921 -0.320872 -0.604538 -0.958935 0.238342 0.153743 -0.216777 0.219446 0.28007 0.934561 0.378701 0.316244 -0.384866 0.867103 0.400216 -0.929998 -0.306258 0.203249 -0.504049 0.187334 -0.87068 -0.454777 0.486145 
1533566834466 0.179616 0.929905 -0.320959 -0.604477 -0.958847 0.238419 0.154171 -0.216813 0.219887 0.280059 0.934461 0.3787 0.316258 -0.384857 0.867102 0.400836 -0.929992 -0.306267 0.203261 -0.504368 0.187338 -0.870681 -0.454774 0.485921 
1533566834472 0.179545 0.929889 -0.321046 -0.604415 -0.958759 0.238495 0.1546 -0.216849 0.220329 0.280048 0.93436 0.3787 0.316239 -0.384881 0.867098 0.400855 -0.93 -0.306257 0.203241 -0.504361 0.187331 -0.870674 -0.454789 0.485943 
