1535146906751 0.213741 0.918792 -0.331867 -0.472116 -0.943454 0.282268 0.173837 -0.171377 0.253395 0.275946 0.92717 0.474337 0.16008 -0.304787 0.938871 0.370831 -0.775623 0.549475 0.310623 -0.528794 -0.61056 -0.777934 -0.14844 0.432481 
1535146906762 0.213772 0.918516 -0.332612 -0.488435 -0.943393 0.282497 0.173797 -0.178738 0.253597 0.276631 0.926911 0.464854 0.316231 -0.384871 0.867106 0.40083 -0.930001 -0.306257 0.203234 -0.504368 0.187338 -0.870678 -0.454779 0.485897 
1535146906769 0.213804 0.918238 -0.333356 -0.504754 -0.943331 0.282728 0.173758 -0.1861 0.2538 0.277315 0.926651 0.455372 0.316231 -0.384871 0.867106 0.40083 -0.930001 -0.306257 0.203234 -0.504368 0.187338 -0.870678 -0.454779 0.485897 
1535146907946 0.213836 0.917961 -0.334099 -0.521072 -0.943269 0.282958 0.173718 -0.193461 0.254003 0.277998 0.926391 0.445889 0.316231 -0.384871 0.867106 0.40083 -0.930001 -0.306257 0.203234 -0.504368 0.187338 -0.870678 -0.454779 0.485897 
1535146908794 0.213868 0.917682 -0.334843 -0.537389 -0.943207 0.283188 0.173679 -0.200821 0.254205 0.278682 0.92613 0.436406 0.316231 -0.384871 0.867106 0.40083 -0.930001 -0.306257 0.203234 -0.504368 0.187338 -0.870678 -0.454779 0.485897 
1535146909675 0.213899 0.917403 -0.335587 -0.553705 -0.943146 0.283418 0.173639 -0.208181 0.254408 0.279366 0.925868 0.426924 0.316231 -0.384871 0.867106 0.40083 -0.930001 -0.306257 0.203234 -0.504368 0.187338 -0.870678 -0.454779 0.485897 
1535146910570 0.213931 0.917123 -0.336331 -0.570017 -0.943084 0.283649 0.173598 -0.215539 0.254611 0.28005 0.925605 0.417443 0.316231 -0.384871 0.867106 0.40083 -0.930001 -0.306257 0.203234 -0.504368 0.187338 -0.870678 -0.454779 0.485897 
1535146911475 0.213963 0.916843 -0.337075 -0.586325 -0.943022 0.28388 0.173557 -0.222895 0.254813 0.280734 0.925342 0.407962 0.316231 -0.384871 0.867106 0.40083 -0.930001 -0.306257 0.203234 -0.504368 0.187338 -0.870678 -0.454779 0.485897 
