1535104481976 0.555701 0.754979 -0.348142 -0.440803 -0.786756 0.612895 0.0733109 -0.18233 0.268723 0.233164 0.934571 0.361156 0.16008 -0.304787 0.938871 0.370831 -0.775623 0.549475 0.310623 -0.528794 -0.61056 -0.777934 -0.14844 0.432481 
1535104481987 0.529467 0.776536 -0.34155 -0.46017 -0.805671 0.586353 0.0841683 -0.188295 0.265628 0.230612 0.936087 0.362203 0.316225 -0.384867 0.86711 0.400813 -0.930002 -0.30626 0.203228 -0.504337 0.187345 -0.870679 -0.454774 0.485882 
1535104482887 0.502587 0.797158 -0.334583 -0.479537 -0.823671 0.559089 0.0947919 -0.194259 0.262626 0.227945 0.937587 0.363251 0.316225 -0.384867 0.86711 0.400813 -0.930002 -0.30626 0.203228 -0.504337 0.187345 -0.870679 -0.454774 0.485882 
1535104483789 0.475093 0.81682 -0.327249 -0.498903 -0.840734 0.531137 0.105168 -0.200224 0.259717 0.225165 0.939067 0.364298 0.316225 -0.384867 0.86711 0.400813 -0.930002 -0.30626 0.203228 -0.504337 0.187345 -0.870679 -0.454774 0.485882 
1535104484711 0.447017 0.835499 -0.319557 -0.518269 -0.85684 0.502529 0.115285 -0.206188 0.256907 0.222275 0.940528 0.365346 0.316225 -0.384867 0.86711 0.400813 -0.930002 -0.30626 0.203228 -0.504337 0.187345 -0.870679 -0.454774 0.485882 
1535104485638 0.418394 0.853173 -0.311517 -0.537634 -0.871969 0.4733 0.12513 -0.212152 0.254198 0.21928 0.941966 0.366394 0.316225 -0.384867 0.86711 0.400813 -0.930002 -0.30626 0.203228 -0.504337 0.187345 -0.870679 -0.454774 0.485882 
1535104486578 0.389257 0.869819 -0.303138 -0.556997 -0.886103 0.443485 0.134691 -0.218114 0.251594 0.216182 0.94338 0.367442 0.316225 -0.384867 0.86711 0.400813 -0.930002 -0.30626 0.203228 -0.504337 0.187345 -0.870679 -0.454774 0.485882 
1535104487531 0.359643 0.88542 -0.29443 -0.576356 -0.899226 0.413121 0.143957 -0.224075 0.249098 0.212986 0.944768 0.368491 0.316225 -0.384867 0.86711 0.400813 -0.930002 -0.30626 0.203228 -0.504337 0.187345 -0.870679 -0.454774 0.485882 
1535104488504 0.329585 0.899954 -0.285405 -0.595709 -0.911321 0.382243 0.152917 -0.230033 0.246712 0.209697 0.946129 0.369542 0.316225 -0.384867 0.86711 0.400813 -0.930002 -0.30626 0.203228 -0.504337 0.187345 -0.870679 -0.454774 0.485882 
1535104489501 0.299299 0.913254 -0.276381 -0.613269 -0.922317 0.351114 0.161402 -0.235125 0.244443 0.206604 0.947398 0.370974 0.316379 -0.384993 0.866998 0.401317 -0.929989 -0.306181 0.203405 -0.505249 0.187149 -0.870651 -0.454908 0.48631 
1535104490475 0.299893 0.912754 -0.277388 -0.613052 -0.922137 0.351851 0.160826 -0.235275 0.244394 0.207559 0.947202 0.370684 0.316379 -0.384993 0.866998 0.401317 -0.929989 -0.306181 0.203405 -0.505249 0.187149 -0.870651 -0.454908 0.48631 
1535104490489 0.299382 0.913425 -0.275727 -0.613794 -0.922882 0.350576 0.159326 -0.235406 0.242196 0.206764 0.94794 0.370445 0.316221 -0.384863 0.867113 0.400797 -0.930002 -0.306262 0.203223 -0.504308 0.187351 -0.87068 -0.45477 0.485869 
1535104490693 0.298867 0.914093 -0.274066 -0.614539 -0.923623 0.349302 0.157824 -0.235539 0.239998 0.205966 0.948672 0.370206 0.31622 -0.384863 0.867113 0.400797 -0.930002 -0.306262 0.203222 -0.504307 0.187351 -0.87068 -0.45477 0.485868 
1535104490910 0.298348 0.914759 -0.272406 -0.615286 -0.924359 0.348029 0.156319 -0.235672 0.237799 0.205164 0.949399 0.369966 0.31622 -0.384863 0.867113 0.400796 -0.930002 -0.306262 0.203222 -0.504306 0.187351 -0.87068 -0.454769 0.485868 
1535104491136 0.297824 0.915422 -0.270746 -0.61603 -0.925091 0.346757 0.15481 -0.235805 0.2356 0.204359 0.950121 0.369727 0.31622 -0.384863 0.867113 0.400796 -0.930002 -0.306262 0.203222 -0.504306 0.187351 -0.87068 -0.454769 0.485868 
1535104491347 0.297296 0.916083 -0.269087 -0.616777 -0.925818 0.345485 0.153299 -0.235938 0.2334 0.20355 0.950837 0.369488 0.31622 -0.384863 0.867113 0.400796 -0.930002 -0.306262 0.203222 -0.504305 0.187351 -0.87068 -0.45477 0.485867 
1535104491565 0.296764 0.916741 -0.267427 -0.617523 -0.926541 0.344215 0.151785 -0.236072 0.2312 0.202738 0.951548 0.369248 0.316221 -0.384863 0.867113 0.400795 -0.930002 -0.306262 0.203223 -0.504305 0.187351 -0.87068 -0.45477 0.485867 
1535104491784 0.296228 0.917396 -0.265769 -0.618268 -0.927258 0.342945 0.150268 -0.236204 0.228999 0.201922 0.952253 0.369009 0.316221 -0.384863 0.867113 0.400795 -0.930002 -0.306262 0.203223 -0.504305 0.187351 -0.87068 -0.45477 0.485867 
1535104492005 0.295688 0.918049 -0.26411 -0.619015 -0.927972 0.341676 0.148748 -0.236338 0.226798 0.201103 0.952953 0.368769 0.31622 -0.384863 0.867113 0.400795 -0.930002 -0.306262 0.203222 -0.504305 0.187352 -0.87068 -0.454769 0.485867 
1535104492223 0.295143 0.9187 -0.262452 -0.61976 -0.92868 0.340408 0.147225 -0.236471 0.224597 0.200281 0.953648 0.36853 0.31622 -0.384863 0.867113 0.400795 -0.930002 -0.306262 0.203222 -0.504305 0.187352 -0.87068 -0.454769 0.485867 
1535104492458 0.295557 0.918393 -0.26306 -0.619526 -0.928323 0.341105 0.147861 -0.236567 0.225525 0.200503 0.953382 0.368634 0.31622 -0.384863 0.867113 0.400795 -0.930002 -0.306262 0.203222 -0.504305 0.187352 -0.87068 -0.454769 0.485867 
1535104492471 0.293068 0.91883 -0.264317 -0.620531 -0.928684 0.339292 0.14976 -0.237053 0.227284 0.201577 0.952737 0.368969 0.31622 -0.384863 0.867113 0.400795 -0.930002 -0.306262 0.203222 -0.504304 0.187351 -0.87068 -0.454769 0.485867 
1535104492727 0.290574 0.919261 -0.265568 -0.621541 -0.929036 0.337477 0.15166 -0.237541 0.229039 0.202654 0.952089 0.369303 0.31622 -0.384863 0.867113 0.400795 -0.930002 -0.306262 0.203222 -0.504304 0.187351 -0.87068 -0.454769 0.485867 
1535104492990 0.288076 0.919686 -0.266814 -0.62255 -0.929381 0.335664 0.153563 -0.238029 0.230789 0.203734 0.951435 0.369637 0.31622 -0.384863 0.867113 0.400795 -0.930002 -0.306262 0.203222 -0.504304 0.187351 -0.87068 -0.454769 0.485867 
1535104493255 0.285575 0.920105 -0.268054 -0.62356 -0.929717 0.333851 0.155468 -0.238517 0.232537 0.204817 0.950777 0.369972 0.31622 -0.384863 0.867113 0.400795 -0.930002 -0.306262 0.203222 -0.504304 0.187351 -0.87068 -0.454769 0.485867 
1535104493554 0.28307 0.920519 -0.269289 -0.624571 -0.930045 0.332038 0.157374 -0.239005 0.23428 0.205903 0.950114 0.370306 0.31622 -0.384863 0.867113 0.400795 -0.930002 -0.306262 0.203222 -0.504304 0.187351 -0.87068 -0.454769 0.485867 
1535104493823 0.280561 0.920926 -0.270518 -0.625581 -0.930366 0.330226 0.159283 -0.239494 0.23602 0.206992 0.949447 0.37064 0.31622 -0.384863 0.867113 0.400795 -0.930002 -0.306262 0.203222 -0.504304 0.187351 -0.87068 -0.454769 0.485867 
1535104494090 0.278049 0.921328 -0.271742 -0.62659 -0.930678 0.328414 0.161193 -0.239981 0.237755 0.208085 0.948775 0.370974 0.31622 -0.384863 0.867113 0.400795 -0.930002 -0.306262 0.203222 -0.504304 0.187351 -0.87068 -0.454769 0.485867 
1535104494349 0.275533 0.921723 -0.27296 -0.627601 -0.930982 0.326603 0.163105 -0.24047 0.239488 0.20918 0.948098 0.371308 0.31622 -0.384863 0.867113 0.400795 -0.930002 -0.306262 0.203222 -0.504304 0.187351 -0.87068 -0.454769 0.485867 
1535104494606 0.273014 0.922113 -0.274173 -0.62861 -0.931278 0.324793 0.165019 -0.240957 0.241216 0.210279 0.947416 0.371642 0.31622 -0.384863 0.867113 0.400795 -0.930002 -0.306262 0.203222 -0.504304 0.187351 -0.87068 -0.454769 0.485867 
1535104494887 0.273481 0.922054 -0.273906 -0.628402 -0.931291 0.325062 0.164413 -0.240855 0.240635 0.210123 0.947599 0.37149 0.31622 -0.384863 0.867113 0.400795 -0.930002 -0.306262 0.203222 -0.504304 0.187351 -0.87068 -0.454769 0.485867 
1535104494899 0.272303 0.922345 -0.2741 -0.628796 -0.931585 0.324012 0.164818 -0.241059 0.240831 0.210467 0.947472 0.371654 0.31622 -0.384863 0.867113 0.400795 -0.930002 -0.306262 0.203222 -0.504304 0.187351 -0.87068 -0.45477 0.485867 
1535104495036 0.271124 0.922635 -0.274293 -0.629195 -0.931879 0.32296 0.165223 -0.241264 0.241026 0.210812 0.947346 0.371818 0.31622 -0.384863 0.867113 0.400795 -0.930002 -0.306262 0.203222 -0.504304 0.187351 -0.87068 -0.45477 0.485867 
1535104495214 0.269944 0.922924 -0.274485 -0.629595 -0.932171 0.321908 0.165629 -0.24147 0.241221 0.211156 0.94722 0.371981 0.31622 -0.384863 0.867113 0.400795 -0.930002 -0.306262 0.203222 -0.504304 0.187351 -0.87068 -0.45477 0.485867 
1535104495404 0.268763 0.923211 -0.274676 -0.629992 -0.932461 0.320855 0.166034 -0.241676 0.241416 0.211501 0.947093 0.372145 0.31622 -0.384863 0.867113 0.400795 -0.930002 -0.306262 0.203222 -0.504304 0.187351 -0.87068 -0.45477 0.485867 
1535104495586 0.267583 0.923497 -0.274867 -0.630391 -0.932751 0.319803 0.16644 -0.241882 0.241611 0.211846 0.946966 0.372308 0.31622 -0.384863 0.867113 0.400795 -0.930002 -0.306262 0.203222 -0.504304 0.187351 -0.87068 -0.45477 0.485867 
1535104495764 0.266401 0.923782 -0.275058 -0.630791 -0.933039 0.318749 0.166847 -0.242088 0.241804 0.212191 0.94684 0.372471 0.31622 -0.384863 0.867113 0.400795 -0.930002 -0.306262 0.203222 -0.504304 0.187351 -0.87068 -0.45477 0.485867 
1535104495958 0.26522 0.924066 -0.275248 -0.631189 -0.933325 0.317696 0.167253 -0.242293 0.241998 0.212537 0.946713 0.372635 0.31622 -0.384863 0.867113 0.400795 -0.930002 -0.306262 0.203222 -0.504304 0.187351 -0.87068 -0.45477 0.485867 
1535104496140 0.264038 0.924348 -0.275437 -0.631589 -0.93361 0.316642 0.167659 -0.242499 0.242191 0.212882 0.946586 0.372798 0.31622 -0.384863 0.867113 0.400795 -0.930002 -0.306262 0.203222 -0.504304 0.187351 -0.87068 -0.45477 0.485867 
1535104496314 0.262855 0.924628 -0.275626 -0.631987 -0.933894 0.315589 0.168066 -0.242705 0.242383 0.213228 0.946459 0.372962 0.31622 -0.384863 0.867113 0.400795 -0.930002 -0.306262 0.203222 -0.504304 0.187351 -0.87068 -0.45477 0.485867 
1535104496511 0.263198 0.924599 -0.275399 -0.631798 -0.933833 0.315844 0.167925 -0.242545 0.242247 0.212979 0.94655 0.372967 0.31622 -0.384863 0.867113 0.400795 -0.930002 -0.306262 0.203222 -0.504304 0.187351 -0.87068 -0.45477 0.485867 
1535104496522 0.26274 0.924818 -0.275099 -0.631975 -0.933973 0.315341 0.168089 -0.242681 0.242201 0.212772 0.946608 0.372972 0.31622 -0.384863 0.867113 0.400795 -0.930002 -0.306262 0.203222 -0.504304 0.187351 -0.87068 -0.45477 0.485867 
1535104496538 0.26227 0.92504 -0.274801 -0.632158 -0.934117 0.314827 0.168254 -0.242823 0.242156 0.212569 0.946665 0.372979 0.31622 -0.384863 0.867113 0.400795 -0.930002 -0.306262 0.203222 -0.504304 0.187351 -0.87068 -0.45477 0.485867 
1535104496694 0.2618 0.925261 -0.274503 -0.632342 -0.934261 0.314312 0.168419 -0.242965 0.242111 0.212365 0.946722 0.372986 0.31622 -0.384863 0.867113 0.400795 -0.930002 -0.306262 0.203222 -0.504304 0.187351 -0.87068 -0.45477 0.485867 
1535104496815 0.26133 0.925483 -0.274205 -0.632525 -0.934404 0.313798 0.168584 -0.243107 0.242067 0.212162 0.946779 0.372992 0.31622 -0.384863 0.867113 0.400795 -0.930002 -0.306262 0.203222 -0.504304 0.187351 -0.87068 -0.45477 0.485867 
1535104496822 0.26086 0.925704 -0.273906 -0.632709 -0.934547 0.313283 0.168749 -0.243249 0.242022 0.211958 0.946836 0.372999 0.31622 -0.384863 0.867113 0.400795 -0.930002 -0.306262 0.203222 -0.504304 0.187351 -0.87068 -0.45477 0.485867 
1535104497013 0.26039 0.925925 -0.273607 -0.632893 -0.934689 0.312768 0.168914 -0.243391 0.241977 0.211754 0.946893 0.373005 0.31622 -0.384863 0.867113 0.400795 -0.930002 -0.306262 0.203222 -0.504304 0.187351 -0.87068 -0.45477 0.485867 
1535104497138 0.25992 0.926145 -0.273309 -0.633076 -0.934832 0.312253 0.169078 -0.243533 0.241933 0.211551 0.94695 0.373012 0.31622 -0.384863 0.867113 0.400795 -0.930002 -0.306262 0.203222 -0.504304 0.187351 -0.87068 -0.45477 0.485867 
1535104497256 0.259449 0.926365 -0.27301 -0.633259 -0.934974 0.311738 0.169243 -0.243674 0.241888 0.211347 0.947007 0.373019 0.31622 -0.384863 0.867113 0.400795 -0.930002 -0.306262 0.203222 -0.504304 0.187351 -0.87068 -0.45477 0.485867 
1535104497376 0.258979 0.926584 -0.272711 -0.633444 -0.935116 0.311223 0.169407 -0.243817 0.241844 0.211143 0.947064 0.373025 0.31622 -0.384863 0.867113 0.400795 -0.930002 -0.306262 0.203222 -0.504304 0.187351 -0.87068 -0.45477 0.485867 
1535104497507 0.25943 0.926378 -0.272984 -0.633291 -0.934954 0.311737 0.169357 -0.243732 0.241987 0.211291 0.946994 0.373028 0.31622 -0.384863 0.867113 0.400795 -0.930002 -0.306262 0.203222 -0.504304 0.187351 -0.87068 -0.45477 0.485867 
1535104497520 0.259649 0.926396 -0.272714 -0.633335 -0.93491 0.311883 0.16933 -0.243731 0.241921 0.210997 0.947077 0.373009 0.31622 -0.384863 0.867113 0.400795 -0.930002 -0.306262 0.203222 -0.504304 0.187351 -0.87068 -0.45477 0.485867 
1535104497534 0.259867 0.926415 -0.272443 -0.633383 -0.934867 0.312027 0.169303 -0.243732 0.241855 0.210701 0.94716 0.372989 0.31622 -0.384863 0.867113 0.400795 -0.930002 -0.306262 0.203222 -0.504304 0.187351 -0.87068 -0.45477 0.485867 
1535104497550 0.260085 0.926433 -0.272171 -0.633433 -0.934823 0.312171 0.169277 -0.243734 0.241788 0.210406 0.947242 0.372969 0.31622 -0.384863 0.867113 0.400795 -0.930002 -0.306262 0.203222 -0.504304 0.187351 -0.87068 -0.45477 0.485867 
1535104497569 0.260303 0.926452 -0.2719 -0.63348 -0.93478 0.312315 0.169251 -0.243734 0.241721 0.210111 0.947325 0.372949 0.31622 -0.384863 0.867113 0.400795 -0.930002 -0.306262 0.203222 -0.504304 0.187351 -0.87068 -0.45477 0.485867 
1535104497643 0.26052 0.92647 -0.271629 -0.633529 -0.934736 0.312459 0.169225 -0.243736 0.241655 0.209815 0.947407 0.372929 0.31622 -0.384863 0.867113 0.400795 -0.930002 -0.306262 0.203222 -0.504304 0.187351 -0.87068 -0.45477 0.485867 
1535104497660 0.260738 0.926488 -0.271358 -0.633578 -0.934693 0.312604 0.169198 -0.243737 0.241588 0.20952 0.94749 0.372909 0.31622 -0.384863 0.867113 0.400795 -0.930002 -0.306262 0.203222 -0.504304 0.187351 -0.87068 -0.45477 0.485867 
1535104497700 0.260956 0.926506 -0.271087 -0.633626 -0.934649 0.312748 0.169172 -0.243738 0.241521 0.209225 0.947572 0.372889 0.31622 -0.384863 0.867113 0.400795 -0.930002 -0.306262 0.203222 -0.504304 0.187351 -0.87068 -0.45477 0.485867 
1535104497741 0.261174 0.926524 -0.270815 -0.633675 -0.934606 0.312892 0.169146 -0.243739 0.241454 0.208929 0.947654 0.372869 0.31622 -0.384863 0.867113 0.400795 -0.930002 -0.306262 0.203222 -0.504304 0.187351 -0.87068 -0.45477 0.485867 
1535104497773 0.261391 0.926542 -0.270544 -0.633723 -0.934562 0.313036 0.16912 -0.24374 0.241387 0.208634 0.947736 0.372849 0.31622 -0.384863 0.867113 0.400795 -0.930002 -0.306262 0.203222 -0.504304 0.187351 -0.87068 -0.45477 0.485867 
1535104497816 0.260752 0.926427 -0.271554 -0.633569 -0.934682 0.312659 0.169155 -0.243813 0.241614 0.209709 0.947441 0.37288 0.31622 -0.384863 0.867113 0.400795 -0.930002 -0.306262 0.203222 -0.504304 0.187351 -0.87068 -0.45477 0.485867 
1535104497826 0.261207 0.926314 -0.2715 -0.633423 -0.934438 0.313186 0.169529 -0.243773 0.242067 0.209418 0.94739 0.372972 0.31622 -0.384863 0.867113 0.400795 -0.930002 -0.306262 0.203222 -0.504304 0.187351 -0.87068 -0.45477 0.485867 
1535104497843 0.261662 0.926202 -0.271446 -0.633272 -0.934194 0.313713 0.169901 -0.243731 0.242519 0.209127 0.947339 0.373065 0.31622 -0.384863 0.867113 0.400795 -0.930002 -0.306262 0.203222 -0.504304 0.187351 -0.87068 -0.45477 0.485867 
1535104498004 0.262116 0.926089 -0.271393 -0.63312 -0.933949 0.31424 0.170273 -0.243688 0.24297 0.208836 0.947287 0.373158 0.31622 -0.384863 0.867113 0.400795 -0.930002 -0.306262 0.203222 -0.504304 0.187351 -0.87068 -0.45477 0.485867 
1535104498055 0.262571 0.925976 -0.271339 -0.632968 -0.933704 0.314767 0.170645 -0.243646 0.243422 0.208544 0.947236 0.37325 0.31622 -0.384863 0.867113 0.400795 -0.930002 -0.306262 0.203222 -0.504304 0.187351 -0.87068 -0.45477 0.485867 
1535104498150 0.263026 0.925863 -0.271286 -0.632818 -0.933458 0.315293 0.171017 -0.243604 0.243873 0.208252 0.947184 0.373343 0.31622 -0.384863 0.867113 0.400795 -0.930002 -0.306262 0.203222 -0.504304 0.187351 -0.87068 -0.45477 0.485867 
1535104498192 0.26348 0.925749 -0.271233 -0.632666 -0.933212 0.315819 0.171389 -0.243562 0.244324 0.20796 0.947132 0.373436 0.31622 -0.384863 0.867113 0.400795 -0.930002 -0.306262 0.203222 -0.504304 0.187351 -0.87068 -0.45477 0.485867 
1535104498296 0.263935 0.925635 -0.27118 -0.632516 -0.932965 0.316345 0.171761 -0.24352 0.244775 0.207668 0.947079 0.373529 0.31622 -0.384863 0.867113 0.400795 -0.930002 -0.306262 0.203222 -0.504304 0.187351 -0.87068 -0.45477 0.485867 
1535104498339 0.264389 0.925521 -0.271127 -0.632364 -0.932718 0.316871 0.172134 -0.243477 0.245226 0.207375 0.947027 0.373622 0.31622 -0.384863 0.867113 0.400795 -0.930002 -0.306262 0.203222 -0.504304 0.187351 -0.87068 -0.45477 0.485867 
1535104498447 0.264843 0.925406 -0.271075 -0.632213 -0.932471 0.317396 0.172506 -0.243436 0.245676 0.207082 0.946974 0.373714 0.31622 -0.384863 0.867113 0.400795 -0.930002 -0.306262 0.203222 -0.504304 0.187351 -0.87068 -0.45477 0.485867 
1535104498522 0.264251 0.925578 -0.271067 -0.632426 -0.9328 0.316691 0.17202 -0.24348 0.245063 0.207395 0.947065 0.373635 0.31622 -0.384863 0.867113 0.400795 -0.930002 -0.306262 0.203222 -0.504304 0.187351 -0.87068 -0.45477 0.485867 
1535104498534 0.264359 0.925585 -0.270937 -0.632105 -0.932798 0.316747 0.17193 -0.243356 0.244955 0.207278 0.947118 0.373768 0.31622 -0.384863 0.867113 0.400795 -0.930002 -0.306262 0.203222 -0.504304 0.187351 -0.87068 -0.45477 0.485867 
1535104498579 0.264468 0.925591 -0.270809 -0.631779 -0.932795 0.316803 0.17184 -0.24323 0.244846 0.207163 0.947171 0.373902 0.31622 -0.384863 0.867113 0.400795 -0.930002 -0.306262 0.203222 -0.504304 0.187351 -0.87068 -0.45477 0.485867 
1535104498710 0.264577 0.925598 -0.27068 -0.631452 -0.932793 0.316859 0.171749 -0.243103 0.244738 0.207048 0.947225 0.374036 0.31622 -0.384863 0.867113 0.400795 -0.930002 -0.306262 0.203222 -0.504304 0.187351 -0.87068 -0.45477 0.485867 
1535104498856 0.264686 0.925604 -0.270551 -0.631125 -0.932791 0.316916 0.171658 -0.242977 0.244629 0.206932 0.947278 0.374171 0.31622 -0.384863 0.867113 0.400795 -0.930002 -0.306262 0.203222 -0.504304 0.187351 -0.87068 -0.45477 0.485867 
1535104499003 0.264794 0.925611 -0.270422 -0.6308 -0.932788 0.316972 0.171567 -0.242851 0.244521 0.206817 0.947331 0.374304 0.31622 -0.384863 0.867113 0.400795 -0.930002 -0.306262 0.203222 -0.504304 0.187351 -0.87068 -0.45477 0.485867 
1535104499140 0.264903 0.925618 -0.270294 -0.630473 -0.932786 0.317028 0.171476 -0.242724 0.244412 0.206702 0.947384 0.374439 0.31622 -0.384863 0.867113 0.400795 -0.930002 -0.306262 0.203222 -0.504304 0.187351 -0.87068 -0.45477 0.485867 
1535104499275 0.265012 0.925624 -0.270165 -0.630148 -0.932783 0.317084 0.171386 -0.242598 0.244304 0.206586 0.947438 0.374573 0.31622 -0.384863 0.867113 0.400795 -0.930002 -0.306262 0.203222 -0.504304 0.187351 -0.87068 -0.45477 0.485867 
1535104499432 0.26512 0.92563 -0.270036 -0.629821 -0.932781 0.31714 0.171295 -0.242472 0.244195 0.206471 0.947491 0.374707 0.31622 -0.384863 0.867113 0.400795 -0.930002 -0.306262 0.203222 -0.504304 0.187351 -0.87068 -0.45477 0.485867 
1535104499438 0.265229 0.925637 -0.269907 -0.629495 -0.932778 0.317197 0.171204 -0.242346 0.244086 0.206355 0.947544 0.374841 0.31622 -0.384863 0.867113 0.400795 -0.930002 -0.306262 0.203222 -0.504304 0.187351 -0.87068 -0.45477 0.485867 
1535104499666 0.264914 0.925724 -0.269917 -0.62972 -0.93286 0.316903 0.171301 -0.242292 0.244115 0.206415 0.947524 0.374709 0.31622 -0.384863 0.867113 0.400795 -0.930002 -0.306262 0.203222 -0.504304 0.187351 -0.87068 -0.45477 0.485867 
1535104499673 0.26496 0.92571 -0.269922 -0.629281 -0.93286 0.316937 0.171238 -0.242097 0.244065 0.206428 0.947534 0.37484 0.31622 -0.384863 0.867113 0.400795 -0.930002 -0.306262 0.203222 -0.504304 0.187351 -0.87068 -0.45477 0.485867 
1535104499679 0.265004 0.925697 -0.269921 -0.628825 -0.932862 0.316967 0.171173 -0.241894 0.24401 0.206437 0.947546 0.374975 0.31622 -0.384863 0.867113 0.400795 -0.930002 -0.306262 0.203222 -0.504304 0.187351 -0.87068 -0.45477 0.485867 
1535104499931 0.265048 0.925685 -0.26992 -0.628369 -0.932864 0.316996 0.171107 -0.241689 0.243955 0.206447 0.947558 0.37511 0.31622 -0.384863 0.867113 0.400795 -0.930002 -0.306262 0.203222 -0.504304 0.187351 -0.87068 -0.45477 0.485867 
1535104499938 0.265091 0.925673 -0.269919 -0.627915 -0.932866 0.317026 0.171042 -0.241486 0.2439 0.206456 0.94757 0.375244 0.31622 -0.384863 0.867113 0.400795 -0.930002 -0.306262 0.203222 -0.504304 0.187351 -0.87068 -0.45477 0.485867 
1535104500191 0.265135 0.925661 -0.269918 -0.627459 -0.932868 0.317055 0.170976 -0.241282 0.243845 0.206466 0.947582 0.375379 0.31622 -0.384863 0.867113 0.400795 -0.930002 -0.306262 0.203222 -0.504304 0.187351 -0.87068 -0.45477 0.485867 
1535104500376 0.265179 0.925648 -0.269917 -0.627003 -0.93287 0.317085 0.170911 -0.241078 0.24379 0.206476 0.947594 0.375514 0.31622 -0.384863 0.867113 0.400795 -0.930002 -0.306262 0.203222 -0.504304 0.187351 -0.87068 -0.45477 0.485867 
1535104500560 0.265223 0.925636 -0.269916 -0.626548 -0.932872 0.317114 0.170845 -0.240874 0.243735 0.206485 0.947606 0.375649 0.31622 -0.384863 0.867113 0.400795 -0.930002 -0.306262 0.203222 -0.504304 0.187351 -0.87068 -0.45477 0.485867 
1535104500736 0.265266 0.925624 -0.269915 -0.626093 -0.932874 0.317144 0.17078 -0.24067 0.24368 0.206495 0.947618 0.375783 0.31622 -0.384863 0.867113 0.400795 -0.930002 -0.306262 0.203222 -0.504304 0.187351 -0.87068 -0.45477 0.485867 
1535104500916 0.26531 0.925612 -0.269914 -0.625637 -0.932876 0.317174 0.170714 -0.240466 0.243625 0.206504 0.94763 0.375918 0.31622 -0.384863 0.867113 0.400795 -0.930002 -0.306262 0.203222 -0.504304 0.187351 -0.87068 -0.45477 0.485867 
1535104501119 0.265168 0.925649 -0.269927 -0.625867 -0.932925 0.317033 0.170709 -0.240502 0.243592 0.206555 0.947628 0.375823 0.31622 -0.384863 0.867113 0.400795 -0.930002 -0.306262 0.203222 -0.504304 0.187351 -0.87068 -0.45477 0.485867 
1535104501131 0.26511 0.925555 -0.270304 -0.625496 -0.932833 0.317139 0.171013 -0.240376 0.244006 0.206812 0.947465 0.375954 0.31622 -0.384863 0.867113 0.400795 -0.930002 -0.306262 0.203222 -0.504304 0.187351 -0.87068 -0.45477 0.485867 
1535104501148 0.265052 0.925461 -0.270683 -0.625121 -0.932742 0.317244 0.171316 -0.240248 0.244419 0.20707 0.947302 0.376086 0.31622 -0.384863 0.867113 0.400795 -0.930002 -0.306262 0.203222 -0.504304 0.187351 -0.87068 -0.45477 0.485867 
1535104501353 0.264993 0.925367 -0.271061 -0.624746 -0.93265 0.317349 0.171619 -0.24012 0.244832 0.207327 0.947139 0.376218 0.31622 -0.384863 0.867113 0.400795 -0.930002 -0.306262 0.203222 -0.504304 0.187351 -0.87068 -0.45477 0.485867 
1535104501525 0.264934 0.925273 -0.271439 -0.62437 -0.932558 0.317455 0.171922 -0.239992 0.245244 0.207585 0.946976 0.376349 0.31622 -0.384863 0.867113 0.400795 -0.930002 -0.306262 0.203222 -0.504304 0.187351 -0.87068 -0.45477 0.485867 
1535104501532 0.264875 0.925179 -0.271817 -0.623996 -0.932467 0.317561 0.172225 -0.239864 0.245657 0.207843 0.946813 0.376481 0.31622 -0.384863 0.867113 0.400795 -0.930002 -0.306262 0.203222 -0.504304 0.187351 -0.87068 -0.45477 0.485867 
1535104501759 0.264816 0.925085 -0.272196 -0.62362 -0.932375 0.317667 0.172527 -0.239736 0.24607 0.2081 0.946649 0.376613 0.31622 -0.384863 0.867113 0.400795 -0.930002 -0.306262 0.203222 -0.504304 0.187351 -0.87068 -0.45477 0.485867 
1535104501918 0.264756 0.924991 -0.272574 -0.623245 -0.932282 0.317772 0.17283 -0.239608 0.246482 0.208358 0.946485 0.376745 0.31622 -0.384863 0.867113 0.400795 -0.930002 -0.306262 0.203222 -0.504304 0.187351 -0.87068 -0.45477 0.485867 
1535104502079 0.264697 0.924896 -0.272952 -0.622869 -0.93219 0.317878 0.173132 -0.239479 0.246895 0.208615 0.946321 0.376877 0.31622 -0.384863 0.867113 0.400795 -0.930002 -0.306262 0.203222 -0.504304 0.187351 -0.87068 -0.45477 0.485867 
1535104502240 0.264637 0.924802 -0.27333 -0.622494 -0.932098 0.317984 0.173435 -0.239351 0.247307 0.208873 0.946156 0.377008 0.31622 -0.384863 0.867113 0.400795 -0.930002 -0.306262 0.203222 -0.504304 0.187351 -0.87068 -0.45477 0.485867 
1535104502438 0.264613 0.924848 -0.273197 -0.622678 -0.932163 0.317887 0.173262 -0.239392 0.247087 0.208817 0.946226 0.376907 0.31622 -0.384863 0.867113 0.400795 -0.930002 -0.306262 0.203222 -0.504304 0.187351 -0.87068 -0.45477 0.485867 
1535104502450 0.264703 0.924764 -0.273394 -0.622377 -0.932055 0.31808 0.17349 -0.239273 0.247398 0.208895 0.946127 0.376997 0.31622 -0.384863 0.867113 0.400795 -0.930002 -0.306262 0.203222 -0.504304 0.187351 -0.87068 -0.45477 0.485867 
1535104502455 0.264795 0.924679 -0.273593 -0.622071 -0.931946 0.318275 0.173716 -0.239152 0.247709 0.208975 0.946028 0.377087 0.31622 -0.384863 0.867113 0.400795 -0.930002 -0.306262 0.203222 -0.504304 0.187351 -0.87068 -0.45477 0.485867 
1535104502789 0.264886 0.924594 -0.273792 -0.621766 -0.931838 0.31847 0.173943 -0.239031 0.248021 0.209054 0.945929 0.377178 0.31622 -0.384863 0.867113 0.400795 -0.930002 -0.306262 0.203222 -0.504304 0.187351 -0.87068 -0.45477 0.485867 
1535104502940 0.264978 0.924509 -0.27399 -0.62146 -0.931729 0.318664 0.174169 -0.238909 0.248332 0.209134 0.94583 0.377269 0.31622 -0.384863 0.867113 0.400795 -0.930002 -0.306262 0.203222 -0.504304 0.187351 -0.87068 -0.45477 0.485867 
1535104503093 0.265069 0.924423 -0.274189 -0.621153 -0.93162 0.318859 0.174395 -0.238788 0.248643 0.209213 0.945731 0.377359 0.31622 -0.384863 0.867113 0.400795 -0.930002 -0.306262 0.203222 -0.504304 0.187351 -0.87068 -0.45477 0.485867 
1535104503100 0.265161 0.924338 -0.274388 -0.620849 -0.931511 0.319054 0.174621 -0.238667 0.248954 0.209292 0.945631 0.37745 0.31622 -0.384863 0.867113 0.400795 -0.930002 -0.306262 0.203222 -0.504304 0.187351 -0.87068 -0.45477 0.485867 
1535104503312 0.265252 0.924253 -0.274586 -0.620544 -0.931401 0.319249 0.174848 -0.238546 0.249265 0.209371 0.945532 0.37754 0.31622 -0.384863 0.867113 0.400795 -0.930002 -0.306262 0.203222 -0.504304 0.187351 -0.87068 -0.45477 0.485867 
1535104503462 0.265343 0.924168 -0.274785 -0.620237 -0.931292 0.319444 0.175074 -0.238425 0.249576 0.209451 0.945432 0.377631 0.31622 -0.384863 0.867113 0.400795 -0.930002 -0.306262 0.203222 -0.504304 0.187351 -0.87068 -0.45477 0.485867 
1535104503616 0.265434 0.924082 -0.274984 -0.619932 -0.931183 0.319639 0.1753 -0.238304 0.249887 0.20953 0.945333 0.377721 0.31622 -0.384863 0.867113 0.400795 -0.930002 -0.306262 0.203222 -0.504304 0.187351 -0.87068 -0.45477 0.485867 
1535104503783 0.265544 0.924091 -0.27485 -0.620145 -0.931219 0.319661 0.175064 -0.238411 0.249634 0.209458 0.945415 0.377692 0.31622 -0.384863 0.867113 0.400795 -0.930002 -0.306262 0.203222 -0.504304 0.187351 -0.87068 -0.45477 0.485867 
1535104503794 0.265703 0.924018 -0.274941 -0.619895 -0.931063 0.319924 0.175414 -0.238327 0.250046 0.20938 0.945324 0.377761 0.31622 -0.384863 0.867113 0.400795 -0.930002 -0.306262 0.203222 -0.504304 0.187351 -0.87068 -0.45477 0.485867 
1535104503810 0.265863 0.923944 -0.275034 -0.619642 -0.930907 0.320186 0.175762 -0.238241 0.250457 0.209303 0.945232 0.377832 0.31622 -0.384863 0.867113 0.400795 -0.930002 -0.306262 0.203222 -0.504304 0.187351 -0.87068 -0.45477 0.485867 
1535104503945 0.266022 0.923871 -0.275127 -0.619388 -0.930751 0.320449 0.176111 -0.238155 0.250867 0.209225 0.94514 0.377902 0.31622 -0.384863 0.867113 0.400795 -0.930002 -0.306262 0.203222 -0.504304 0.187351 -0.87068 -0.45477 0.485867 
1535104504036 0.266182 0.923797 -0.275219 -0.619134 -0.930595 0.320711 0.176459 -0.238069 0.251278 0.209147 0.945048 0.377972 0.31622 -0.384863 0.867113 0.400795 -0.930002 -0.306262 0.203222 -0.504304 0.187351 -0.87068 -0.45477 0.485867 
1535104504160 0.266341 0.923724 -0.275312 -0.618879 -0.930438 0.320974 0.176807 -0.237983 0.251689 0.20907 0.944956 0.378043 0.31622 -0.384863 0.867113 0.400795 -0.930002 -0.306262 0.203222 -0.504304 0.187351 -0.87068 -0.45477 0.485867 
1535104504253 0.266501 0.92365 -0.275405 -0.618626 -0.930281 0.321236 0.177155 -0.237897 0.252099 0.208992 0.944864 0.378113 0.31622 -0.384863 0.867113 0.400795 -0.930002 -0.306262 0.203222 -0.504304 0.187351 -0.87068 -0.45477 0.485867 
1535104504363 0.26666 0.923576 -0.275498 -0.618371 -0.930124 0.321499 0.177503 -0.237811 0.25251 0.208914 0.944772 0.378183 0.31622 -0.384863 0.867113 0.400795 -0.930002 -0.306262 0.203222 -0.504304 0.187351 -0.87068 -0.45477 0.485867 
1535104504472 0.266819 0.923503 -0.275591 -0.618118 -0.929967 0.321761 0.177851 -0.237725 0.252921 0.208836 0.944679 0.378253 0.31622 -0.384863 0.867113 0.400795 -0.930002 -0.306262 0.203222 -0.504304 0.187351 -0.87068 -0.45477 0.485867 
1535104504578 0.266978 0.923429 -0.275683 -0.617864 -0.92981 0.322023 0.178199 -0.237639 0.253331 0.208758 0.944586 0.378324 0.31622 -0.384863 0.867113 0.400795 -0.930002 -0.306262 0.203222 -0.504304 0.187351 -0.87068 -0.45477 0.485867 
1535104504701 0.266714 0.923513 -0.27566 -0.61812 -0.929987 0.321682 0.177888 -0.237674 0.252957 0.208915 0.944652 0.378205 0.31622 -0.384863 0.867113 0.400795 -0.930002 -0.306262 0.203222 -0.504304 0.187351 -0.87068 -0.45477 0.485867 
1535104504713 0.266731 0.923484 -0.275738 -0.617901 -0.93002 0.321682 0.177717 -0.237562 0.252818 0.209039 0.944662 0.378273 0.31622 -0.384863 0.867113 0.400795 -0.930002 -0.306262 0.203222 -0.504304 0.187351 -0.87068 -0.45477 0.485867 
1535104504730 0.266748 0.923456 -0.275817 -0.617679 -0.930053 0.321682 0.177544 -0.237447 0.25268 0.209165 0.944671 0.378343 0.31622 -0.384863 0.867113 0.400795 -0.930002 -0.306262 0.203222 -0.504304 0.187351 -0.87068 -0.45477 0.485867 
1535104504736 0.266765 0.923427 -0.275896 -0.617456 -0.930086 0.321682 0.177372 -0.237333 0.252541 0.20929 0.94468 0.378412 0.31622 -0.384863 0.867113 0.400795 -0.930002 -0.306262 0.203222 -0.504304 0.187351 -0.87068 -0.45477 0.485867 
1535104504923 0.266782 0.923399 -0.275975 -0.617233 -0.930118 0.321683 0.1772 -0.237218 0.252403 0.209416 0.944689 0.378481 0.31622 -0.384863 0.867113 0.400795 -0.930002 -0.306262 0.203222 -0.504304 0.187351 -0.87068 -0.45477 0.485867 
1535104505052 0.266798 0.92337 -0.276054 -0.617012 -0.930151 0.321683 0.177028 -0.237105 0.252264 0.209541 0.944698 0.37855 0.31622 -0.384863 0.867113 0.400795 -0.930002 -0.306262 0.203222 -0.504304 0.187351 -0.87068 -0.45477 0.485867 
1535104505059 0.266815 0.923342 -0.276134 -0.616788 -0.930184 0.321683 0.176856 -0.23699 0.252126 0.209667 0.944708 0.378619 0.31622 -0.384863 0.867113 0.400795 -0.930002 -0.306262 0.203222 -0.504304 0.187351 -0.87068 -0.45477 0.485867 
1535104505242 0.266832 0.923313 -0.276213 -0.616566 -0.930217 0.321683 0.176684 -0.236876 0.251987 0.209793 0.944717 0.378688 0.31622 -0.384863 0.867113 0.400795 -0.930002 -0.306262 0.203222 -0.504304 0.187351 -0.87068 -0.45477 0.485867 
1535104505327 0.266849 0.923284 -0.276292 -0.616343 -0.930249 0.321683 0.176511 -0.236761 0.251849 0.209918 0.944726 0.378758 0.31622 -0.384863 0.867113 0.400795 -0.930002 -0.306262 0.203222 -0.504304 0.187351 -0.87068 -0.45477 0.485867 
1535104505430 0.266866 0.923256 -0.276371 -0.61612 -0.930282 0.321683 0.176339 -0.236647 0.25171 0.210044 0.944735 0.378827 0.31622 -0.384863 0.867113 0.400795 -0.930002 -0.306262 0.203222 -0.504304 0.187351 -0.87068 -0.45477 0.485867 
1535104505531 0.266793 0.923335 -0.276179 -0.616318 -0.930257 0.321614 0.176595 -0.236725 0.251879 0.209803 0.944743 0.378797 0.31622 -0.384863 0.867113 0.400795 -0.930002 -0.306262 0.203222 -0.504304 0.187351 -0.87068 -0.45477 0.485867 
1535104505544 0.266816 0.923346 -0.276117 -0.616147 -0.93024 0.321634 0.176651 -0.236648 0.251919 0.209722 0.94475 0.378841 0.31622 -0.384863 0.867113 0.400795 -0.930002 -0.306262 0.203222 -0.504304 0.187351 -0.87068 -0.45477 0.485867 
1535104505550 0.26684 0.923357 -0.276058 -0.615971 -0.930222 0.321654 0.176707 -0.236569 0.251959 0.209642 0.944757 0.378886 0.31622 -0.384863 0.867113 0.400795 -0.930002 -0.306262 0.203222 -0.504304 0.187351 -0.87068 -0.45477 0.485867 
1535104505577 0.266863 0.923368 -0.275998 -0.615794 -0.930205 0.321674 0.176763 -0.236489 0.251999 0.209563 0.944764 0.378931 0.31622 -0.384863 0.867113 0.400795 -0.930002 -0.306262 0.203222 -0.504304 0.187351 -0.87068 -0.45477 0.485867 
1535104505671 0.266886 0.923379 -0.275939 -0.615619 -0.930187 0.321694 0.176819 -0.23641 0.252039 0.209484 0.944771 0.378975 0.31622 -0.384863 0.867113 0.400795 -0.930002 -0.306262 0.203222 -0.504304 0.187351 -0.87068 -0.45477 0.485867 
1535104505732 0.26691 0.92339 -0.275879 -0.615443 -0.930169 0.321714 0.176875 -0.23633 0.252079 0.209405 0.944778 0.37902 0.31622 -0.384863 0.867113 0.400795 -0.930002 -0.306262 0.203222 -0.504304 0.187351 -0.87068 -0.45477 0.485867 
1535104505830 0.266933 0.923401 -0.27582 -0.615266 -0.930152 0.321734 0.176931 -0.236251 0.252119 0.209325 0.944785 0.379065 0.31622 -0.384863 0.867113 0.400795 -0.930002 -0.306262 0.203222 -0.504304 0.187351 -0.87068 -0.45477 0.485867 
1535104505886 0.266957 0.923412 -0.27576 -0.615091 -0.930134 0.321754 0.176987 -0.236171 0.252159 0.209246 0.944792 0.37911 0.31622 -0.384863 0.867113 0.400795 -0.930002 -0.306262 0.203222 -0.504304 0.187351 -0.87068 -0.45477 0.485867 
1535104505983 0.26698 0.923424 -0.2757 -0.614915 -0.930117 0.321774 0.177043 -0.236092 0.252199 0.209166 0.944799 0.379154 0.31622 -0.384863 0.867113 0.400795 -0.930002 -0.306262 0.203222 -0.504304 0.187351 -0.87068 -0.45477 0.485867 
1535104506044 0.267003 0.923434 -0.275641 -0.614738 -0.930099 0.321794 0.177099 -0.236012 0.252239 0.209087 0.944806 0.379199 0.31622 -0.384863 0.867113 0.400795 -0.930002 -0.306262 0.203222 -0.504304 0.187351 -0.87068 -0.45477 0.485867 
1535104506149 0.266851 0.923472 -0.275662 -0.615001 -0.93017 0.321629 0.177026 -0.236044 0.252139 0.209173 0.944813 0.379132 0.31622 -0.384863 0.867113 0.400795 -0.930002 -0.306262 0.203222 -0.504304 0.187351 -0.87068 -0.45477 0.485867 
1535104506160 0.267032 0.923438 -0.275602 -0.614769 -0.930172 0.321747 0.176803 -0.235939 0.251941 0.209146 0.944872 0.379176 0.31622 -0.384863 0.867113 0.400795 -0.930002 -0.306262 0.203222 -0.504304 0.187351 -0.87068 -0.45477 0.485867 
1535104506177 0.267215 0.923402 -0.275544 -0.614534 -0.930173 0.321866 0.17658 -0.235832 0.251742 0.209118 0.944931 0.379221 0.31622 -0.384863 0.867113 0.400795 -0.930002 -0.306262 0.203222 -0.504304 0.187351 -0.87068 -0.45477 0.485867 
1535104506304 0.267397 0.923367 -0.275485 -0.614299 -0.930174 0.321984 0.176357 -0.235725 0.251544 0.209091 0.94499 0.379266 0.31622 -0.384863 0.867113 0.400795 -0.930002 -0.306262 0.203222 -0.504304 0.187351 -0.87068 -0.45477 0.485867 
1535104506402 0.26758 0.923332 -0.275426 -0.614063 -0.930176 0.322103 0.176134 -0.235618 0.251346 0.209064 0.945049 0.379311 0.31622 -0.384863 0.867113 0.400795 -0.930002 -0.306262 0.203222 -0.504304 0.187351 -0.87068 -0.45477 0.485867 
1535104506535 0.267762 0.923297 -0.275366 -0.613828 -0.930177 0.322222 0.175911 -0.235511 0.251147 0.209037 0.945108 0.379356 0.31622 -0.384863 0.867113 0.400795 -0.930002 -0.306262 0.203222 -0.504304 0.187351 -0.87068 -0.45477 0.485867 
1535104506610 0.267945 0.923261 -0.275308 -0.613592 -0.930178 0.32234 0.175688 -0.235404 0.250949 0.20901 0.945166 0.379401 0.31622 -0.384863 0.867113 0.400795 -0.930002 -0.306262 0.203222 -0.504304 0.187351 -0.87068 -0.45477 0.485867 
1535104506731 0.268127 0.923226 -0.275248 -0.613357 -0.930179 0.322459 0.175465 -0.235297 0.25075 0.208983 0.945225 0.379446 0.31622 -0.384863 0.867113 0.400795 -0.930002 -0.306262 0.203222 -0.504304 0.187351 -0.87068 -0.45477 0.485867 
1535104506837 0.26831 0.923191 -0.275189 -0.613121 -0.930179 0.322578 0.175242 -0.23519 0.250552 0.208956 0.945284 0.379491 0.31622 -0.384863 0.867113 0.400795 -0.930002 -0.306262 0.203222 -0.504304 0.187351 -0.87068 -0.45477 0.485867 
1535104506943 0.268492 0.923155 -0.27513 -0.612886 -0.93018 0.322697 0.175019 -0.235083 0.250353 0.208929 0.945342 0.379536 0.31622 -0.384863 0.867113 0.400795 -0.930002 -0.306262 0.203222 -0.504304 0.187351 -0.87068 -0.45477 0.485867 
1535104507060 0.268225 0.92323 -0.27514 -0.6131 -0.930222 0.322472 0.175209 -0.235206 0.250484 0.208946 0.945304 0.379515 0.31622 -0.384863 0.867113 0.400795 -0.930002 -0.306262 0.203222 -0.504304 0.187351 -0.87068 -0.45477 0.485867 
1535104507073 0.26837 0.923201 -0.275095 -0.612792 -0.930182 0.322601 0.175185 -0.235081 0.250477 0.208874 0.945321 0.379588 0.31622 -0.384863 0.867113 0.400795 -0.930002 -0.306262 0.203222 -0.504304 0.187351 -0.87068 -0.45477 0.485867 
1535104507090 0.268516 0.923172 -0.275051 -0.61248 -0.930142 0.322731 0.175159 -0.234953 0.25047 0.208804 0.945339 0.379661 0.31622 -0.384863 0.867113 0.400795 -0.930002 -0.306262 0.203222 -0.504304 0.187351 -0.87068 -0.45477 0.485867 
1535104507265 0.268663 0.923142 -0.275008 -0.612168 -0.930102 0.322861 0.175134 -0.234826 0.250463 0.208733 0.945357 0.379735 0.31622 -0.384863 0.867113 0.400795 -0.930002 -0.306262 0.203222 -0.504304 0.187351 -0.87068 -0.45477 0.485867 
1535104507409 0.268809 0.923112 -0.274964 -0.611855 -0.930061 0.322991 0.175108 -0.234699 0.250455 0.208663 0.945374 0.379808 0.31622 -0.384863 0.867113 0.400795 -0.930002 -0.306262 0.203222 -0.504304 0.187351 -0.87068 -0.45477 0.485867 
1535104507416 0.268955 0.923083 -0.27492 -0.611542 -0.930021 0.323121 0.175082 -0.234571 0.250448 0.208592 0.945392 0.379882 0.31622 -0.384863 0.867113 0.400795 -0.930002 -0.306262 0.203222 -0.504304 0.187351 -0.87068 -0.45477 0.485867 
1535104507621 0.269101 0.923053 -0.274876 -0.61123 -0.929981 0.323251 0.175057 -0.234444 0.250441 0.208521 0.945409 0.379956 0.31622 -0.384863 0.867113 0.400795 -0.930002 -0.306262 0.203222 -0.504304 0.187351 -0.87068 -0.45477 0.485867 
1535104507771 0.269248 0.923024 -0.274832 -0.610917 -0.92994 0.323381 0.175031 -0.234316 0.250433 0.208451 0.945427 0.380029 0.31622 -0.384863 0.867113 0.400795 -0.930002 -0.306262 0.203222 -0.504304 0.187351 -0.87068 -0.45477 0.485867 
1535104507916 0.269394 0.922994 -0.274788 -0.610605 -0.9299 0.323511 0.175005 -0.234189 0.250426 0.20838 0.945444 0.380103 0.31622 -0.384863 0.867113 0.400795 -0.930002 -0.306262 0.203222 -0.504304 0.187351 -0.87068 -0.45477 0.485867 
1535104508044 0.26954 0.922965 -0.274744 -0.610293 -0.929859 0.323641 0.17498 -0.234062 0.250419 0.20831 0.945462 0.380176 0.31622 -0.384863 0.867113 0.400795 -0.930002 -0.306262 0.203222 -0.504304 0.187351 -0.87068 -0.45477 0.485867 
1535104508198 0.269526 0.92296 -0.274774 -0.61051 -0.929874 0.323625 0.174933 -0.234193 0.25038 0.208356 0.945462 0.380126 0.31622 -0.384863 0.867113 0.400795 -0.930002 -0.306262 0.203222 -0.504304 0.187351 -0.87068 -0.45477 0.485867 
1535104508209 0.269711 0.922988 -0.274497 -0.610208 -0.929764 0.323795 0.175201 -0.23405 0.250589 0.207963 0.945493 0.380162 0.31622 -0.384863 0.867113 0.400795 -0.930002 -0.306262 0.203222 -0.504304 0.187351 -0.87068 -0.45477 0.485867 
1535104508226 0.269896 0.923017 -0.274219 -0.609902 -0.929654 0.323966 0.175467 -0.233905 0.250797 0.207572 0.945524 0.380199 0.31622 -0.384863 0.867113 0.400795 -0.930002 -0.306262 0.203222 -0.504304 0.187351 -0.87068 -0.45477 0.485867 
1535104508392 0.27008 0.923045 -0.273942 -0.609597 -0.929545 0.324136 0.175733 -0.233761 0.251004 0.20718 0.945555 0.380235 0.31622 -0.384863 0.867113 0.400795 -0.930002 -0.306262 0.203222 -0.504304 0.187351 -0.87068 -0.45477 0.485867 
1535104508516 0.270265 0.923073 -0.273665 -0.609292 -0.929435 0.324307 0.175999 -0.233617 0.251212 0.206787 0.945585 0.380272 0.31622 -0.384863 0.867113 0.400795 -0.930002 -0.306262 0.203222 -0.504304 0.187351 -0.87068 -0.45477 0.485867 
1535104508622 0.27045 0.923101 -0.273388 -0.608986 -0.929325 0.324477 0.176265 -0.233472 0.251419 0.206395 0.945616 0.380309 0.31622 -0.384863 0.867113 0.400795 -0.930002 -0.306262 0.203222 -0.504304 0.187351 -0.87068 -0.45477 0.485867 
1535104508743 0.270635 0.923129 -0.273111 -0.608679 -0.929215 0.324647 0.176531 -0.233327 0.251626 0.206003 0.945646 0.380345 0.31622 -0.384863 0.867113 0.400795 -0.930002 -0.306262 0.203222 -0.504304 0.187351 -0.87068 -0.45477 0.485867 
1535104508857 0.27082 0.923157 -0.272834 -0.608374 -0.929105 0.324817 0.176798 -0.233182 0.251833 0.205611 0.945677 0.380382 0.31622 -0.384863 0.867113 0.400795 -0.930002 -0.306262 0.203222 -0.504304 0.187351 -0.87068 -0.45477 0.485867 
