1535373942478 0.242383 0.928102 -0.282625 -0.637949 -0.941827 0.295006 0.161038 -0.242393 0.232836 0.227151 0.945616 0.373233 0.148474 -0.116927 0.981979 0.380778 -0.978069 0.12931 0.16328 -0.482655 -0.146072 -0.984686 -0.0951631 0.438857 
1535373942493 0.242798 0.928123 -0.2822 -0.637943 -0.94155 0.295495 0.161761 -0.24237 0.233523 0.22643 0.94562 0.373258 0.148299 -0.117221 0.981971 0.380802 -0.978075 0.129415 0.163159 -0.48261 -0.146207 -0.984637 -0.0954593 0.438965 
1535373942626 0.243213 0.928144 -0.281774 -0.637938 -0.941272 0.295981 0.162485 -0.242347 0.234209 0.225708 0.945622 0.373284 0.148123 -0.117517 0.981962 0.380825 -0.978081 0.12952 0.163038 -0.482564 -0.146343 -0.984588 -0.0957561 0.439076 
1535373942676 0.243628 0.928164 -0.281349 -0.637934 -0.940994 0.296468 0.163208 -0.242324 0.234895 0.224986 0.945624 0.373309 0.147948 -0.117812 0.981953 0.380849 -0.978088 0.129625 0.162917 -0.482518 -0.146479 -0.984539 -0.0960529 0.439187 
1535373942742 0.244043 0.928183 -0.280924 -0.63793 -0.940715 0.296954 0.163932 -0.242302 0.235581 0.224263 0.945626 0.373334 0.147772 -0.118107 0.981944 0.380872 -0.978094 0.129729 0.162796 -0.482471 -0.146614 -0.98449 -0.0963497 0.439297 
1535373942800 0.244459 0.928203 -0.280499 -0.637927 -0.940435 0.297439 0.164656 -0.24228 0.236266 0.22354 0.945626 0.373358 0.147597 -0.118402 0.981935 0.380895 -0.9781 0.129834 0.162676 -0.482424 -0.14675 -0.984441 -0.0966464 0.439408 
1535373942884 0.244875 0.928221 -0.280075 -0.637923 -0.940155 0.297924 0.16538 -0.242258 0.23695 0.222817 0.945625 0.373383 0.147421 -0.118698 0.981926 0.380918 -0.978106 0.129939 0.162555 -0.482377 -0.146885 -0.984392 -0.0969431 0.439518 
1535373942925 0.245291 0.928239 -0.279651 -0.637921 -0.939874 0.298407 0.166104 -0.242236 0.237634 0.222092 0.945624 0.373408 0.147245 -0.118993 0.981916 0.380941 -0.978112 0.130044 0.162434 -0.48233 -0.14702 -0.984342 -0.0972399 0.439628 
1535373943009 0.245707 0.928257 -0.279227 -0.637916 -0.939592 0.298891 0.166828 -0.242214 0.238318 0.221368 0.945622 0.373433 0.147069 -0.119288 0.981907 0.380964 -0.978119 0.130149 0.162313 -0.482284 -0.147156 -0.984293 -0.0975367 0.439739 
1535373943056 0.246124 0.928274 -0.278803 -0.637914 -0.939309 0.299373 0.167553 -0.242192 0.239001 0.220643 0.945619 0.373458 0.146892 -0.119583 0.981897 0.380987 -0.978125 0.130254 0.162191 -0.482237 -0.147291 -0.984243 -0.0978335 0.439849 
1535373943166 0.245671 0.928221 -0.279379 -0.637895 -0.939672 0.298818 0.166508 -0.242287 0.23804 0.221618 0.945633 0.373482 0.147219 -0.11903 0.981916 0.380928 -0.978108 0.130093 0.162418 -0.482322 -0.147073 -0.984331 -0.0972718 0.439645 
1535373943181 0.245132 0.928282 -0.279646 -0.637822 -0.939461 0.298677 0.167942 -0.242358 0.239421 0.221548 0.945301 0.373548 0.14982 -0.119894 0.981417 0.380967 -0.978735 0.12268 0.164397 -0.482639 -0.140111 -0.985178 -0.0989646 0.440098 
1535373943468 0.244593 0.928345 -0.279912 -0.63775 -0.939249 0.298536 0.169376 -0.242429 0.240803 0.221478 0.944966 0.373614 0.152448 -0.120696 0.980914 0.381003 -0.9793 0.115274 0.166381 -0.482969 -0.133156 -0.985974 -0.100624 0.44053 
1535373943733 0.244053 0.928407 -0.280176 -0.637677 -0.939034 0.298394 0.170811 -0.2425 0.242185 0.221408 0.94463 0.37368 0.15508 -0.121478 0.980405 0.381039 -0.979808 0.107861 0.168351 -0.483298 -0.126198 -0.986716 -0.102298 0.440963 
1535373943989 0.243513 0.928469 -0.28044 -0.637605 -0.938817 0.298253 0.172245 -0.242571 0.243566 0.221338 0.944291 0.373745 0.157718 -0.12224 0.979889 0.381076 -0.980259 0.10044 0.170307 -0.483627 -0.119238 -0.987405 -0.103985 0.441395 
1535373944233 0.242973 0.928531 -0.280703 -0.637533 -0.938598 0.298112 0.173678 -0.242642 0.244946 0.221269 0.94395 0.373811 0.16036 -0.122982 0.979367 0.381112 -0.980652 0.0930125 0.17225 -0.483956 -0.112277 -0.988041 -0.105687 0.441827 
1535373944496 0.242432 0.928593 -0.280966 -0.63746 -0.938376 0.29797 0.175111 -0.242713 0.246326 0.221199 0.943607 0.373877 0.163006 -0.123703 0.978839 0.381149 -0.980988 0.0855786 0.174179 -0.484286 -0.105314 -0.988622 -0.107402 0.442259 
1535373944743 0.241891 0.928655 -0.281228 -0.637388 -0.938153 0.297828 0.176544 -0.242784 0.247706 0.22113 0.943262 0.373943 0.165657 -0.124405 0.978305 0.381185 -0.981267 0.0781387 0.176095 -0.484614 -0.0983505 -0.98915 -0.10913 0.442692 
1535373945015 0.241349 0.928717 -0.281488 -0.637315 -0.937927 0.297686 0.177976 -0.242855 0.249085 0.221061 0.942915 0.374009 0.168311 -0.125086 0.977765 0.381221 -0.981489 0.0706934 0.177996 -0.484943 -0.0913863 -0.989624 -0.110872 0.443124 
1535373945280 0.240808 0.928778 -0.281748 -0.637243 -0.937699 0.297545 0.179408 -0.242926 0.250463 0.220993 0.942566 0.374074 0.17097 -0.125747 0.977219 0.381257 -0.981653 0.0632429 0.179884 -0.485273 -0.0844219 -0.990044 -0.112627 0.443556 
1535373945566 0.241369 0.928705 -0.281509 -0.637316 -0.937873 0.297753 0.178151 -0.24287 0.24927 0.221019 0.942876 0.374034 0.170405 -0.125676 0.977327 0.381179 -0.981608 0.0649882 0.179508 -0.485172 -0.0860745 -0.98994 -0.11229 0.443377 
1535373945583 0.24097 0.928647 -0.282044 -0.637315 -0.937915 0.297529 0.178306 -0.242921 0.249499 0.221567 0.942687 0.374126 0.171726 -0.125461 0.977123 0.381225 -0.981681 0.0613069 0.180398 -0.485355 -0.0825374 -0.990202 -0.112635 0.443445 
1535373945759 0.240572 0.928587 -0.282579 -0.637314 -0.937956 0.297306 0.178459 -0.242972 0.249727 0.222114 0.942497 0.374217 0.173046 -0.125242 0.976918 0.381272 -0.98174 0.0576256 0.181287 -0.485541 -0.0790003 -0.990451 -0.112984 0.443513 
1535373945976 0.240173 0.928527 -0.283114 -0.637313 -0.937997 0.297083 0.178613 -0.243023 0.249956 0.222662 0.942308 0.374309 0.174365 -0.125019 0.976712 0.381319 -0.981785 0.0539436 0.182175 -0.485727 -0.0754627 -0.990687 -0.113336 0.443581 
1535373946227 0.239775 0.928467 -0.283649 -0.637311 -0.938039 0.29686 0.178767 -0.243074 0.250183 0.22321 0.942118 0.374401 0.175683 -0.12479 0.976505 0.381367 -0.981816 0.0502611 0.183062 -0.485915 -0.0719245 -0.990909 -0.113691 0.44365 
1535373946437 0.239376 0.928406 -0.284184 -0.63731 -0.93808 0.296638 0.178921 -0.243125 0.250411 0.223758 0.941927 0.374493 0.177001 -0.124556 0.976297 0.381414 -0.981832 0.0465782 0.183947 -0.486102 -0.0683859 -0.991119 -0.114049 0.443718 
1535373946643 0.238977 0.928345 -0.284718 -0.637308 -0.938121 0.296415 0.179075 -0.243176 0.250638 0.224305 0.941736 0.374585 0.178317 -0.124318 0.976088 0.381461 -0.981834 0.0428949 0.18483 -0.486288 -0.0648468 -0.991315 -0.114411 0.443786 
1535373946844 0.238579 0.928284 -0.285253 -0.637307 -0.938161 0.296193 0.179229 -0.243227 0.250865 0.224853 0.941545 0.374676 0.179632 -0.124074 0.975878 0.381508 -0.981822 0.0392112 0.185711 -0.486474 -0.0613074 -0.991498 -0.114775 0.443855 
1535373947057 0.238179 0.928222 -0.285787 -0.637305 -0.938202 0.29597 0.179383 -0.243278 0.251092 0.225401 0.941354 0.374768 0.180946 -0.123826 0.975667 0.381556 -0.981795 0.0355272 0.186592 -0.486662 -0.0577676 -0.991668 -0.115143 0.443923 
1535373947272 0.23778 0.92816 -0.286322 -0.637304 -0.938243 0.295748 0.179538 -0.243329 0.251319 0.225949 0.941162 0.37486 0.182259 -0.123573 0.975454 0.381603 -0.981754 0.031843 0.18747 -0.486848 -0.0542276 -0.991824 -0.115515 0.443991 
1535373947502 0.238082 0.928202 -0.285935 -0.637337 -0.938228 0.295905 0.179355 -0.243245 0.251087 0.225571 0.941314 0.374697 0.181602 -0.123622 0.975571 0.381538 -0.981807 0.0331482 0.186963 -0.486838 -0.0554513 -0.991776 -0.115354 0.443982 
1535373947511 0.237784 0.928314 -0.285819 -0.637372 -0.93841 0.295503 0.179065 -0.243315 0.250689 0.225637 0.941405 0.37474 0.181871 -0.124548 0.975403 0.381535 -0.981761 0.0328728 0.187254 -0.486882 -0.0553863 -0.991669 -0.116298 0.444108 
1535373947647 0.237485 0.928425 -0.285704 -0.63741 -0.938592 0.2951 0.178775 -0.243387 0.25029 0.225704 0.941495 0.374783 0.18214 -0.125474 0.975234 0.381533 -0.981715 0.0325969 0.187545 -0.486929 -0.0553216 -0.991561 -0.117242 0.444234 
1535373947716 0.237187 0.928537 -0.28559 -0.637449 -0.938774 0.294698 0.178484 -0.24346 0.249892 0.22577 0.941585 0.374825 0.18241 -0.126399 0.975064 0.381531 -0.981669 0.0323208 0.187835 -0.486976 -0.0552571 -0.991453 -0.118187 0.444361 
1535373947828 0.236888 0.928649 -0.285475 -0.637489 -0.938955 0.294295 0.178194 -0.243532 0.249493 0.225836 0.941675 0.374868 0.182679 -0.127325 0.974893 0.381529 -0.981622 0.0320444 0.188125 -0.487023 -0.0551929 -0.991343 -0.119131 0.444487 
1535373947902 0.236589 0.92876 -0.28536 -0.637528 -0.939137 0.293893 0.177904 -0.243605 0.249095 0.225902 0.941764 0.37491 0.182948 -0.12825 0.974721 0.381528 -0.981576 0.0317679 0.188414 -0.48707 -0.055129 -0.991233 -0.120075 0.444613 
1535373948009 0.23629 0.928872 -0.285245 -0.637568 -0.939317 0.29349 0.177613 -0.243677 0.248696 0.225968 0.941854 0.374952 0.183218 -0.129175 0.974549 0.381526 -0.981529 0.0314909 0.188704 -0.487117 -0.0550654 -0.991122 -0.12102 0.44474 
1535373948077 0.235991 0.928983 -0.285131 -0.637607 -0.939498 0.293087 0.177322 -0.243749 0.248298 0.226033 0.941943 0.374995 0.183487 -0.1301 0.974375 0.381524 -0.981482 0.0312137 0.188993 -0.487164 -0.055002 -0.991009 -0.121964 0.444866 
1535373948197 0.235692 0.929094 -0.285016 -0.637647 -0.939678 0.292684 0.177032 -0.243822 0.247899 0.226099 0.942033 0.375037 0.183757 -0.131025 0.9742 0.381522 -0.981435 0.0309361 0.189283 -0.487211 -0.0549388 -0.990896 -0.122908 0.444992 
1535373948251 0.235392 0.929205 -0.284902 -0.637686 -0.939859 0.292282 0.176741 -0.243894 0.2475 0.226164 0.942122 0.37508 0.184026 -0.13195 0.974024 0.38152 -0.981388 0.0306584 0.189571 -0.487258 -0.0548759 -0.990782 -0.123852 0.445118 
1535373948390 0.236061 0.928968 -0.285122 -0.637603 -0.939443 0.293186 0.17745 -0.243813 0.248439 0.225967 0.941922 0.375065 0.183742 -0.130973 0.97421 0.381485 -0.981434 0.0310282 0.189276 -0.487216 -0.0550179 -0.9909 -0.12284 0.444948 
1535373948408 0.235792 0.929168 -0.284692 -0.63765 -0.939652 0.292719 0.177114 -0.243925 0.247904 0.22575 0.942115 0.375057 0.183508 -0.132158 0.974094 0.381473 -0.981474 0.0308827 0.189089 -0.487246 -0.0550724 -0.990747 -0.124043 0.445102 
1535373948421 0.235545 0.929359 -0.284272 -0.637697 -0.939847 0.292283 0.1768 -0.244035 0.247399 0.225528 0.942301 0.375044 0.183275 -0.133345 0.973976 0.381461 -0.981515 0.0307383 0.188902 -0.487275 -0.0551275 -0.990593 -0.125246 0.445256 
1535373948596 0.235299 0.92955 -0.283852 -0.637744 -0.940042 0.291847 0.176486 -0.244146 0.246894 0.225306 0.942487 0.375031 0.183042 -0.13453 0.973857 0.381448 -0.981555 0.0305938 0.188715 -0.487305 -0.0551819 -0.990437 -0.126449 0.44541 
1535373948724 0.235051 0.92974 -0.283432 -0.637792 -0.940236 0.291411 0.176171 -0.244256 0.246389 0.225083 0.942672 0.375018 0.182809 -0.135716 0.973736 0.381436 -0.981596 0.0304496 0.188528 -0.487334 -0.0552362 -0.99028 -0.127651 0.445564 
1535373948846 0.234804 0.929931 -0.283011 -0.63784 -0.94043 0.290975 0.175857 -0.244367 0.245884 0.22486 0.942857 0.375004 0.182575 -0.136902 0.973614 0.381424 -0.981636 0.030306 0.188341 -0.487364 -0.0552906 -0.990121 -0.128855 0.445717 
1535373948964 0.234557 0.930121 -0.282591 -0.637889 -0.940623 0.290538 0.175542 -0.244477 0.245379 0.224637 0.943042 0.374991 0.182342 -0.138087 0.97349 0.381412 -0.981676 0.0301623 0.188154 -0.487394 -0.0553442 -0.989961 -0.130057 0.445871 
1535373949087 0.234309 0.930311 -0.282171 -0.637936 -0.940817 0.290102 0.175227 -0.244587 0.244874 0.224414 0.943226 0.374978 0.182108 -0.139272 0.973365 0.3814 -0.981717 0.0300188 0.187966 -0.487423 -0.0553977 -0.989799 -0.131259 0.446025 
1535373949214 0.234061 0.930501 -0.281751 -0.637984 -0.94101 0.289666 0.174912 -0.244698 0.244369 0.22419 0.94341 0.374965 0.181875 -0.140457 0.973239 0.381387 -0.981757 0.0298756 0.187778 -0.487453 -0.0554508 -0.989636 -0.132461 0.446179 
1535373949324 0.233812 0.930691 -0.281331 -0.638031 -0.941202 0.28923 0.174596 -0.244808 0.243864 0.223966 0.943594 0.374952 0.181641 -0.141642 0.973111 0.381375 -0.981797 0.0297326 0.18759 -0.487482 -0.0555037 -0.989471 -0.133663 0.446333 
1535373949469 0.234204 0.930426 -0.281878 -0.637983 -0.940899 0.289896 0.175128 -0.244641 0.244659 0.224203 0.943332 0.374994 0.18198 -0.140816 0.973167 0.381425 -0.981732 0.0298907 0.187906 -0.487425 -0.0555488 -0.989584 -0.132804 0.446168 
1535373949481 0.234606 0.930371 -0.281728 -0.637959 -0.94089 0.290167 0.174724 -0.244632 0.244306 0.224083 0.943452 0.374962 0.181731 -0.140891 0.973203 0.381421 -0.981776 0.0299461 0.187667 -0.487481 -0.0555843 -0.989572 -0.132882 0.446152 
1535373949642 0.234993 0.930326 -0.281554 -0.637932 -0.940893 0.290413 0.174302 -0.244624 0.243924 0.223952 0.943582 0.37493 0.181481 -0.140967 0.973238 0.381417 -0.98182 0.0300019 0.187427 -0.487535 -0.0556201 -0.98956 -0.13296 0.446137 
1535373949658 0.235381 0.93028 -0.28138 -0.637904 -0.940895 0.290659 0.173879 -0.244615 0.243542 0.223821 0.943712 0.374898 0.18123 -0.141043 0.973274 0.381413 -0.981865 0.0300579 0.187185 -0.48759 -0.0556559 -0.989547 -0.133038 0.446121 
1535373949697 0.235768 0.930235 -0.281205 -0.637878 -0.940897 0.290905 0.173456 -0.244608 0.243159 0.22369 0.943841 0.374865 0.180979 -0.141119 0.97331 0.381409 -0.981909 0.0301139 0.186944 -0.487645 -0.0556916 -0.989534 -0.133116 0.446106 
1535373949817 0.236155 0.930189 -0.281031 -0.637851 -0.940899 0.291151 0.173034 -0.244599 0.242777 0.223559 0.943971 0.374833 0.180729 -0.141195 0.973345 0.381405 -0.981953 0.0301698 0.186704 -0.4877 -0.0557273 -0.989522 -0.133194 0.44609 
1535373949849 0.236542 0.930144 -0.280857 -0.637823 -0.9409 0.291397 0.172611 -0.244591 0.242394 0.223428 0.9441 0.374801 0.180478 -0.141271 0.973381 0.381401 -0.981997 0.0302259 0.186463 -0.487754 -0.0557631 -0.989509 -0.133273 0.446074 
1535373949891 0.236929 0.930098 -0.280682 -0.637797 -0.940901 0.291643 0.172188 -0.244583 0.242011 0.223297 0.944229 0.374769 0.180228 -0.141347 0.973416 0.381397 -0.982041 0.0302818 0.186222 -0.487809 -0.0557987 -0.989497 -0.133351 0.446059 
1535373949979 0.237316 0.930052 -0.280507 -0.637769 -0.940902 0.29189 0.171766 -0.244575 0.241628 0.223167 0.944358 0.374737 0.179978 -0.141423 0.973451 0.381393 -0.982085 0.0303378 0.185981 -0.487864 -0.0558344 -0.989484 -0.133429 0.446043 
1535373950014 0.237703 0.930006 -0.280332 -0.637742 -0.940903 0.292136 0.171343 -0.244567 0.241245 0.223036 0.944487 0.374704 0.179727 -0.141499 0.973487 0.381389 -0.982129 0.0303939 0.18574 -0.487919 -0.0558701 -0.989472 -0.133507 0.446028 
1535373950077 0.237015 0.929997 -0.280944 -0.637808 -0.940809 0.291839 0.172361 -0.244683 0.242286 0.223463 0.94412 0.374739 0.180451 -0.141199 0.973396 0.38143 -0.981995 0.0303662 0.18645 -0.487755 -0.0558848 -0.989515 -0.133177 0.446063 
1535373950091 0.237762 0.92986 -0.280765 -0.637609 -0.940744 0.292405 0.171754 -0.24455 0.241805 0.223292 0.944284 0.374772 0.180886 -0.140161 0.973466 0.381462 -0.982059 0.0278986 0.1865 -0.487901 -0.0532982 -0.989736 -0.132599 0.445911 
1535373950298 0.238509 0.929723 -0.280586 -0.637406 -0.940679 0.292971 0.171147 -0.244415 0.241323 0.223121 0.944447 0.374805 0.181318 -0.139121 0.973534 0.381495 -0.982116 0.0254316 0.186551 -0.488049 -0.0507116 -0.989949 -0.132022 0.44576 
1535373950516 0.239256 0.929585 -0.280406 -0.637204 -0.940613 0.293537 0.17054 -0.244279 0.240841 0.222951 0.94461 0.374839 0.181748 -0.13808 0.973602 0.381527 -0.982167 0.0229644 0.186604 -0.488197 -0.0481243 -0.990155 -0.131444 0.445609 
1535373950704 0.240003 0.929447 -0.280226 -0.637 -0.940546 0.294103 0.169932 -0.244144 0.240358 0.222781 0.944773 0.374872 0.182175 -0.137038 0.97367 0.38156 -0.982211 0.020497 0.186658 -0.488344 -0.0455365 -0.990354 -0.130866 0.445457 
1535373950925 0.24075 0.929309 -0.280045 -0.636796 -0.940478 0.294669 0.169325 -0.244008 0.239876 0.222611 0.944936 0.374906 0.1826 -0.135994 0.973737 0.381592 -0.982249 0.0180296 0.186714 -0.488492 -0.0429482 -0.990546 -0.130288 0.445306 
1535373951138 0.241496 0.92917 -0.279864 -0.636592 -0.94041 0.295235 0.168718 -0.243873 0.239393 0.222442 0.945098 0.37494 0.183021 -0.13495 0.973803 0.381625 -0.98228 0.0155622 0.186771 -0.488639 -0.0403593 -0.99073 -0.12971 0.445155 
1535373951357 0.242242 0.92903 -0.279682 -0.63639 -0.940341 0.295801 0.168111 -0.243738 0.23891 0.222273 0.94526 0.374973 0.18344 -0.133904 0.973868 0.381657 -0.982305 0.0130948 0.18683 -0.488787 -0.0377699 -0.990908 -0.129133 0.445003 
1535373951551 0.242988 0.92889 -0.279499 -0.636187 -0.940271 0.296367 0.167504 -0.243602 0.238427 0.222104 0.945422 0.375007 0.183857 -0.132857 0.973933 0.38169 -0.982323 0.0106272 0.18689 -0.488934 -0.0351799 -0.991078 -0.128555 0.444852 
1535373951761 0.243734 0.92875 -0.279317 -0.635983 -0.9402 0.296933 0.166897 -0.243467 0.237943 0.221935 0.945583 0.375041 0.18427 -0.13181 0.973997 0.381722 -0.982335 0.00815973 0.186952 -0.489082 -0.0325896 -0.991241 -0.127978 0.4447 
1535373952003 0.243278 0.928851 -0.279378 -0.63613 -0.940205 0.296613 0.167435 -0.243588 0.23839 0.221939 0.94547 0.375048 0.184032 -0.132219 0.973987 0.381684 -0.982348 0.00906574 0.186842 -0.489026 -0.033534 -0.991179 -0.128217 0.444774 
1535373952023 0.24339 0.928848 -0.27929 -0.635795 -0.940126 0.296751 0.167638 -0.243486 0.23859 0.221766 0.94546 0.375148 0.184631 -0.132304 0.973862 0.381724 -0.982257 0.00834565 0.187356 -0.489184 -0.0329155 -0.991174 -0.128416 0.444749 
1535373952066 0.243503 0.928844 -0.279203 -0.635455 -0.940045 0.296891 0.16784 -0.243382 0.23879 0.221593 0.94545 0.375249 0.185231 -0.132388 0.973736 0.381764 -0.982164 0.00762542 0.187871 -0.489343 -0.0322971 -0.991169 -0.128615 0.444724 
1535373952226 0.243617 0.928841 -0.279116 -0.635113 -0.939965 0.297031 0.168042 -0.243277 0.23899 0.221421 0.94544 0.37535 0.185832 -0.132472 0.973611 0.381805 -0.982071 0.00690518 0.188386 -0.489503 -0.0316789 -0.991163 -0.128814 0.4447 
1535373952395 0.24373 0.928837 -0.279029 -0.634773 -0.939885 0.297171 0.168244 -0.243172 0.23919 0.221249 0.94543 0.375452 0.186432 -0.132556 0.973484 0.381845 -0.981977 0.00618485 0.188901 -0.489663 -0.0310607 -0.991156 -0.129014 0.444675 
1535373952564 0.243844 0.928834 -0.278942 -0.634433 -0.939805 0.29731 0.168446 -0.243068 0.23939 0.221076 0.945419 0.375552 0.187032 -0.132639 0.973358 0.381885 -0.981882 0.0054645 0.189415 -0.489822 -0.0304426 -0.991149 -0.129213 0.44465 
1535373952745 0.243957 0.92883 -0.278855 -0.634092 -0.939724 0.29745 0.168647 -0.242964 0.23959 0.220904 0.945409 0.375654 0.187633 -0.132721 0.973231 0.381926 -0.981786 0.00474407 0.189929 -0.489982 -0.0298247 -0.991142 -0.129414 0.444626 
1535373952930 0.244071 0.928826 -0.278768 -0.633752 -0.939644 0.29759 0.168849 -0.24286 0.23979 0.220731 0.945399 0.375755 0.188233 -0.132803 0.973104 0.381966 -0.98169 0.00402363 0.190443 -0.490141 -0.0292069 -0.991134 -0.129614 0.444601 
1535373953112 0.244184 0.928822 -0.278681 -0.633411 -0.939563 0.29773 0.169051 -0.242755 0.23999 0.220559 0.945388 0.375856 0.188834 -0.132885 0.972977 0.382006 -0.981593 0.0033031 0.190957 -0.490301 -0.0285891 -0.991126 -0.129815 0.444576 
1535373953277 0.244298 0.928819 -0.278594 -0.633071 -0.939483 0.297869 0.169253 -0.242651 0.24019 0.220386 0.945378 0.375957 0.189434 -0.132966 0.972849 0.382046 -0.981495 0.00258256 0.19147 -0.49046 -0.0279715 -0.991117 -0.130016 0.444552 
1535373953472 0.2444 0.928753 -0.278722 -0.633272 -0.939515 0.297936 0.168956 -0.242801 0.23996 0.220571 0.945393 0.375852 0.188903 -0.13284 0.972969 0.382027 -0.981583 0.0031928 0.191011 -0.490308 -0.0284804 -0.991132 -0.12979 0.444644 
1535373953493 0.244346 0.928709 -0.278918 -0.632789 -0.93939 0.298047 0.169451 -0.242614 0.240501 0.220608 0.945247 0.376007 0.189515 -0.133409 0.972772 0.382097 -0.981475 0.00262786 0.191571 -0.490458 -0.0281137 -0.991058 -0.13044 0.444678 
1535373953688 0.244293 0.928664 -0.279115 -0.632299 -0.939266 0.298159 0.169944 -0.242424 0.241042 0.220647 0.9451 0.376164 0.190127 -0.133978 0.972575 0.382167 -0.981367 0.00206187 0.19213 -0.49061 -0.0277466 -0.990982 -0.13109 0.444712 
1535373953915 0.244239 0.928618 -0.279312 -0.631811 -0.939141 0.298271 0.170438 -0.242235 0.241582 0.220685 0.944953 0.37632 0.19074 -0.134547 0.972376 0.382237 -0.981259 0.00149547 0.192689 -0.490762 -0.0273799 -0.990906 -0.13174 0.444746 
1535373954145 0.244186 0.928573 -0.279508 -0.631322 -0.939015 0.298383 0.170931 -0.242045 0.242123 0.220724 0.944806 0.376476 0.191353 -0.135115 0.972177 0.382307 -0.981149 0.000928736 0.193248 -0.490913 -0.0270136 -0.99083 -0.13239 0.44478 
1535373954363 0.244132 0.928528 -0.279705 -0.630834 -0.93889 0.298495 0.171425 -0.241856 0.242663 0.220762 0.944658 0.376632 0.191966 -0.135682 0.971977 0.382377 -0.98104 0.000361652 0.193807 -0.491064 -0.0266477 -0.990752 -0.13304 0.444814 
1535373954581 0.244079 0.928483 -0.279902 -0.630345 -0.938764 0.298608 0.171918 -0.241666 0.243203 0.2208 0.94451 0.376789 0.192579 -0.13625 0.971776 0.382447 -0.980929 -0.000205687 0.194364 -0.491216 -0.0262822 -0.990675 -0.133691 0.444848 
1535373954789 0.244025 0.928438 -0.280098 -0.629857 -0.938638 0.29872 0.172411 -0.241477 0.243744 0.220838 0.944362 0.376945 0.193192 -0.136816 0.971575 0.382517 -0.980819 -0.000773367 0.194921 -0.491367 -0.0259171 -0.990596 -0.134342 0.444882 
1535373955017 0.243971 0.928393 -0.280295 -0.629367 -0.938511 0.298832 0.172904 -0.241287 0.244284 0.220876 0.944213 0.377102 0.193806 -0.137383 0.971373 0.382588 -0.980707 -0.00134142 0.195479 -0.491519 -0.0255524 -0.990517 -0.134992 0.444916 
1535373955252 0.243917 0.928348 -0.280491 -0.628879 -0.938385 0.298944 0.173397 -0.241098 0.244824 0.220914 0.944065 0.377258 0.194419 -0.137949 0.97117 0.382658 -0.980595 -0.00190976 0.196035 -0.49167 -0.0251881 -0.990438 -0.135643 0.44495 
1535373955471 0.243632 0.928484 -0.280288 -0.629146 -0.938572 0.298532 0.173094 -0.241014 0.24439 0.220899 0.944181 0.377174 0.194046 -0.137521 0.971305 0.382645 -0.980663 -0.0015418 0.195697 -0.491504 -0.0254148 -0.990498 -0.135161 0.444974 
1535373955520 0.243652 0.928413 -0.280504 -0.62879 -0.938511 0.298642 0.173236 -0.240891 0.244605 0.221047 0.94409 0.377288 0.194432 -0.137176 0.971277 0.382695 -0.980597 -0.00194274 0.196023 -0.491617 -0.0250027 -0.990545 -0.134892 0.444883 
1535373955535 0.243672 0.928342 -0.280721 -0.628427 -0.938449 0.298753 0.173377 -0.240764 0.24482 0.221195 0.944 0.377403 0.194818 -0.136831 0.971248 0.382746 -0.980531 -0.00234437 0.19635 -0.491731 -0.0245897 -0.990592 -0.134623 0.444792 
1535373955806 0.243693 0.928271 -0.280938 -0.628066 -0.938388 0.298864 0.173518 -0.240639 0.245034 0.221343 0.94391 0.377518 0.195205 -0.136485 0.971219 0.382797 -0.980464 -0.00274589 0.196677 -0.491845 -0.0241767 -0.990638 -0.134355 0.444701 
1535373956002 0.243714 0.9282 -0.281155 -0.627705 -0.938326 0.298975 0.17366 -0.240513 0.245249 0.221491 0.943819 0.377633 0.195591 -0.136139 0.97119 0.382847 -0.980398 -0.0031473 0.197005 -0.491958 -0.0237635 -0.990685 -0.134086 0.44461 
1535373956190 0.243734 0.928129 -0.281371 -0.627345 -0.938265 0.299085 0.173801 -0.240387 0.245464 0.221639 0.943729 0.377748 0.195977 -0.135794 0.971161 0.382898 -0.98033 -0.00354856 0.197332 -0.492072 -0.0233502 -0.990731 -0.133818 0.444519 
1535373956375 0.243755 0.928058 -0.281588 -0.626983 -0.938203 0.299196 0.173942 -0.240261 0.245679 0.221787 0.943638 0.377863 0.196364 -0.135448 0.971131 0.382948 -0.980263 -0.00394976 0.197659 -0.492186 -0.0229368 -0.990777 -0.13355 0.444429 
1535373956560 0.243775 0.927987 -0.281804 -0.626622 -0.938142 0.299307 0.174083 -0.240136 0.245893 0.221935 0.943547 0.377978 0.196749 -0.135102 0.971101 0.382999 -0.980195 -0.00435079 0.197987 -0.492299 -0.0225232 -0.990822 -0.133282 0.444338 
1535373956767 0.243796 0.927916 -0.282021 -0.62626 -0.93808 0.299418 0.174225 -0.24001 0.246108 0.222083 0.943456 0.378093 0.197135 -0.134755 0.971071 0.38305 -0.980127 -0.00475176 0.198314 -0.492413 -0.0221096 -0.990868 -0.133014 0.444247 
1535373956943 0.243816 0.927845 -0.282237 -0.625899 -0.938019 0.299529 0.174366 -0.239884 0.246323 0.222231 0.943366 0.378208 0.197521 -0.134409 0.971041 0.3831 -0.980059 -0.00515256 0.198642 -0.492527 -0.0216959 -0.990913 -0.132746 0.444156 
1535373957156 0.243879 0.927884 -0.282054 -0.626098 -0.938042 0.299518 0.174257 -0.239974 0.24617 0.222081 0.943441 0.378137 0.196917 -0.134893 0.971096 0.383002 -0.980171 -0.00475137 0.198098 -0.492396 -0.0221079 -0.990849 -0.133153 0.444285 
1535373957289 0.243945 0.92778 -0.28234 -0.625762 -0.937983 0.299674 0.174311 -0.239835 0.246332 0.222308 0.943345 0.37825 0.197227 -0.133407 0.971238 0.383026 -0.980177 -0.00777929 0.197973 -0.492449 -0.0188554 -0.991031 -0.132296 0.444132 
1535373957529 0.244011 0.927675 -0.282627 -0.62542 -0.937923 0.299828 0.174364 -0.239695 0.246493 0.222536 0.943249 0.378364 0.197532 -0.13192 0.97138 0.38305 -0.980172 -0.0108068 0.197852 -0.492503 -0.0156032 -0.991201 -0.131439 0.44398 
1535373957788 0.244077 0.92757 -0.282914 -0.625078 -0.937864 0.299984 0.174417 -0.239553 0.246654 0.222764 0.943153 0.378479 0.197832 -0.130432 0.971519 0.383074 -0.980158 -0.0138343 0.197734 -0.492556 -0.0123506 -0.991361 -0.130581 0.443827 
1535373958028 0.244142 0.927465 -0.283201 -0.624737 -0.937804 0.300138 0.17447 -0.239413 0.246815 0.222991 0.943057 0.378592 0.198127 -0.128944 0.971658 0.383099 -0.980134 -0.0168619 0.197618 -0.49261 -0.0090976 -0.991509 -0.129723 0.443674 
1535373958286 0.244208 0.92736 -0.283488 -0.624395 -0.937745 0.300293 0.174523 -0.239271 0.246976 0.223219 0.942961 0.378707 0.198417 -0.127454 0.971795 0.383123 -0.9801 -0.0198894 0.197504 -0.492663 -0.00584424 -0.991645 -0.128864 0.443521 
1535373958539 0.244274 0.927255 -0.283775 -0.624053 -0.937685 0.300448 0.174576 -0.23913 0.247136 0.223447 0.942865 0.378821 0.198703 -0.125963 0.971931 0.383147 -0.980056 -0.022917 0.197394 -0.492717 -0.00259057 -0.99177 -0.128004 0.443369 
1535373958798 0.24434 0.92715 -0.284061 -0.623712 -0.937626 0.300603 0.174629 -0.238989 0.247297 0.223674 0.942769 0.378935 0.198983 -0.124471 0.972066 0.383171 -0.980003 -0.0259444 0.197285 -0.49277 0.000663378 -0.991884 -0.127144 0.443216 
1535373959048 0.244405 0.927045 -0.284348 -0.623371 -0.937566 0.300758 0.174682 -0.238849 0.247458 0.223902 0.942673 0.379049 0.199259 -0.122978 0.9722 0.383195 -0.979939 -0.0289718 0.19718 -0.492824 0.00391757 -0.991986 -0.126284 0.443063 
1535373959297 0.244471 0.92694 -0.284635 -0.623029 -0.937507 0.300913 0.174735 -0.238707 0.247619 0.224129 0.942577 0.379163 0.199529 -0.121484 0.972332 0.38322 -0.979866 -0.0319991 0.197077 -0.492877 0.00717196 -0.992077 -0.125423 0.442911 
1535373959569 0.244419 0.927043 -0.284343 -0.623255 -0.937562 0.300771 0.174683 -0.238706 0.24746 0.223893 0.942674 0.37911 0.199402 -0.121972 0.972297 0.383184 -0.979898 -0.0310425 0.197067 -0.492899 0.00614578 -0.992048 -0.125711 0.443012 
1535373959587 0.244363 0.926989 -0.284566 -0.623005 -0.937461 0.300865 0.175063 -0.238601 0.247897 0.223991 0.942537 0.379198 0.199372 -0.121401 0.972375 0.383183 -0.979904 -0.0310044 0.197045 -0.492962 0.0062264 -0.992119 -0.125143 0.442918 
1535373959609 0.244336 0.926929 -0.284783 -0.622762 -0.937355 0.300982 0.175431 -0.23851 0.248327 0.224079 0.942403 0.379285 0.199341 -0.120831 0.972452 0.383182 -0.97991 -0.0309665 0.197022 -0.493024 0.00630708 -0.99219 -0.124576 0.442825 
1535373959763 0.244309 0.92687 -0.285001 -0.622519 -0.937248 0.3011 0.175798 -0.23842 0.248756 0.224167 0.942268 0.379371 0.199311 -0.12026 0.972529 0.383181 -0.979915 -0.0309287 0.197 -0.493087 0.00638776 -0.992261 -0.124009 0.442731 
1535373959907 0.244282 0.92681 -0.285218 -0.622275 -0.937141 0.301218 0.176166 -0.238329 0.249185 0.224255 0.942134 0.379458 0.199281 -0.119689 0.972606 0.38318 -0.979921 -0.0308909 0.196978 -0.49315 0.00646842 -0.992331 -0.123442 0.442638 
1535373960025 0.244255 0.92675 -0.285435 -0.622031 -0.937034 0.301336 0.176533 -0.238238 0.249614 0.224344 0.941999 0.379544 0.199251 -0.119119 0.972682 0.383178 -0.979927 -0.0308532 0.196957 -0.493213 0.00654907 -0.992401 -0.122875 0.442544 
1535373960169 0.244227 0.926691 -0.285652 -0.621789 -0.936927 0.301454 0.1769 -0.238148 0.250043 0.224431 0.941865 0.37963 0.19922 -0.118548 0.972758 0.383177 -0.979932 -0.0308153 0.196934 -0.493276 0.00662966 -0.99247 -0.122308 0.44245 
1535373960284 0.2442 0.926631 -0.28587 -0.621544 -0.936819 0.301572 0.177268 -0.238057 0.250472 0.22452 0.94173 0.379717 0.19919 -0.117977 0.972833 0.383176 -0.979938 -0.0307775 0.196912 -0.493338 0.00671025 -0.992539 -0.121741 0.442357 
1535373960416 0.244172 0.926571 -0.286087 -0.621301 -0.936712 0.301691 0.177635 -0.237966 0.250901 0.224607 0.941595 0.379803 0.19916 -0.117406 0.972909 0.383175 -0.979944 -0.0307397 0.19689 -0.493401 0.00679084 -0.992608 -0.121174 0.442263 
1535373960552 0.244144 0.926512 -0.286304 -0.621059 -0.936604 0.301809 0.178002 -0.237876 0.25133 0.224695 0.941459 0.37989 0.199129 -0.116835 0.972984 0.383174 -0.979949 -0.030702 0.196868 -0.493464 0.0068714 -0.992677 -0.120606 0.44217 
1535373960699 0.244148 0.926538 -0.286216 -0.621291 -0.9367 0.301708 0.177665 -0.237959 0.250967 0.224722 0.94155 0.379807 0.199129 -0.11772 0.972877 0.383137 -0.979951 -0.0305578 0.196879 -0.493357 0.00655232 -0.992577 -0.121445 0.442317 
1535373960711 0.244126 0.926501 -0.286353 -0.621047 -0.936682 0.301735 0.177715 -0.23788 0.251056 0.224837 0.941498 0.379887 0.199218 -0.117978 0.972828 0.383152 -0.979928 -0.0313383 0.196871 -0.493438 0.0072604 -0.992522 -0.121853 0.44237 
1535373960733 0.244106 0.926463 -0.286495 -0.620799 -0.936663 0.301765 0.177767 -0.2378 0.251148 0.224955 0.941446 0.379969 0.199308 -0.118235 0.972778 0.383167 -0.979905 -0.032119 0.196864 -0.49352 0.00796844 -0.992466 -0.12226 0.442423 
1535373960903 0.244085 0.926424 -0.286636 -0.620552 -0.936643 0.301794 0.177818 -0.237721 0.25124 0.225073 0.941393 0.38005 0.199398 -0.118492 0.972728 0.383182 -0.97988 -0.0328996 0.196857 -0.493602 0.00867642 -0.99241 -0.122668 0.442476 
1535373961036 0.244065 0.926386 -0.286777 -0.620303 -0.936624 0.301824 0.177869 -0.237641 0.251331 0.225191 0.94134 0.380131 0.199488 -0.118749 0.972678 0.383197 -0.979855 -0.0336802 0.196848 -0.493684 0.00938436 -0.992353 -0.123076 0.442529 
1535373961248 0.244044 0.926348 -0.286918 -0.620055 -0.936605 0.301854 0.17792 -0.23756 0.251423 0.225309 0.941288 0.380213 0.199579 -0.119007 0.972628 0.383212 -0.97983 -0.0344608 0.19684 -0.493766 0.0100923 -0.992295 -0.123484 0.442582 
1535373961391 0.244024 0.92631 -0.287059 -0.619808 -0.936586 0.301883 0.177971 -0.237481 0.251515 0.225426 0.941235 0.380294 0.19967 -0.119264 0.972578 0.383227 -0.979804 -0.0352413 0.196831 -0.493848 0.0108001 -0.992237 -0.123892 0.442636 
1535373961522 0.244003 0.926271 -0.2872 -0.61956 -0.936566 0.301913 0.178022 -0.237401 0.251606 0.225544 0.941182 0.380375 0.199761 -0.119521 0.972528 0.383242 -0.979777 -0.0360219 0.196823 -0.49393 0.0115079 -0.992178 -0.124299 0.442689 
1535373961642 0.243983 0.926233 -0.287342 -0.619311 -0.936547 0.301943 0.178073 -0.237321 0.251698 0.225662 0.94113 0.380457 0.199852 -0.119777 0.972478 0.383257 -0.97975 -0.0368024 0.196813 -0.494012 0.0122157 -0.992118 -0.124707 0.442742 
1535373961786 0.243962 0.926194 -0.287483 -0.619064 -0.936528 0.301972 0.178124 -0.237241 0.25179 0.22578 0.941077 0.380538 0.199943 -0.120034 0.972427 0.383272 -0.979722 -0.0375829 0.196804 -0.494094 0.0129234 -0.992058 -0.125115 0.442795 
1535373961920 0.243886 0.926285 -0.287256 -0.619283 -0.936558 0.301847 0.178177 -0.237275 0.25175 0.225577 0.941136 0.380462 0.199823 -0.119647 0.9725 0.383252 -0.979755 -0.036809 0.196785 -0.493998 0.0122519 -0.992134 -0.12458 0.442809 
1535373961938 0.243972 0.926278 -0.287205 -0.619129 -0.936559 0.301899 0.178087 -0.237202 0.251665 0.225536 0.941169 0.3805 0.199695 -0.119174 0.972584 0.383229 -0.979795 -0.035545 0.19682 -0.494079 0.0111147 -0.992237 -0.123864 0.442708 
1535373961954 0.244059 0.926271 -0.287154 -0.618969 -0.936559 0.301951 0.177998 -0.237126 0.25158 0.225495 0.941201 0.380538 0.199567 -0.118701 0.972668 0.383206 -0.979833 -0.0342809 0.196854 -0.49416 0.00997709 -0.992338 -0.123149 0.442606 
1535373962108 0.244145 0.926264 -0.287104 -0.618808 -0.936559 0.302003 0.177908 -0.237049 0.251496 0.225455 0.941233 0.380577 0.199441 -0.118228 0.972751 0.383183 -0.97987 -0.0330167 0.196887 -0.494242 0.00883941 -0.992437 -0.122433 0.442505 
1535373962187 0.244231 0.926257 -0.287053 -0.61865 -0.936559 0.302055 0.177818 -0.236974 0.251411 0.225414 0.941266 0.380616 0.199314 -0.117755 0.972835 0.38316 -0.979905 -0.0317525 0.19692 -0.494323 0.0077016 -0.992535 -0.121718 0.442404 
1535373962296 0.244318 0.92625 -0.287003 -0.618489 -0.93656 0.302107 0.177729 -0.236897 0.251327 0.225373 0.941298 0.380655 0.199189 -0.117282 0.972918 0.383137 -0.979939 -0.0304882 0.196951 -0.494404 0.00656371 -0.992631 -0.121002 0.442302 
1535373962356 0.244404 0.926242 -0.286952 -0.618329 -0.93656 0.302159 0.177639 -0.236821 0.251242 0.225332 0.94133 0.380693 0.199064 -0.116808 0.973 0.383115 -0.979971 -0.0292239 0.196982 -0.494486 0.0054257 -0.992724 -0.120286 0.442201 
1535373962460 0.24449 0.926235 -0.286902 -0.61817 -0.93656 0.302211 0.177549 -0.236745 0.251157 0.225292 0.941363 0.380732 0.19894 -0.116335 0.973082 0.383092 -0.980002 -0.0279595 0.197012 -0.494567 0.00428761 -0.992816 -0.11957 0.4421 
1535373962533 0.244576 0.926228 -0.286851 -0.618011 -0.93656 0.302263 0.17746 -0.23667 0.251073 0.225251 0.941395 0.380771 0.198816 -0.115861 0.973164 0.383069 -0.980032 -0.026695 0.197041 -0.494648 0.0031494 -0.992907 -0.118854 0.441999 
1535373962635 0.244663 0.926221 -0.286801 -0.61785 -0.93656 0.302316 0.17737 -0.236593 0.250988 0.22521 0.941427 0.380809 0.198692 -0.115386 0.973246 0.383046 -0.98006 -0.0254305 0.197068 -0.49473 0.0020111 -0.992995 -0.118138 0.441897 
1535373962706 0.244535 0.926278 -0.286726 -0.618085 -0.936575 0.302196 0.177494 -0.236646 0.251056 0.225137 0.941427 0.380806 0.199025 -0.116217 0.973079 0.383103 -0.979986 -0.0276901 0.197131 -0.494564 0.00403474 -0.992838 -0.119402 0.442034 
1535373962724 0.244663 0.926213 -0.286827 -0.617827 -0.936533 0.302346 0.177464 -0.23653 0.25109 0.225204 0.941402 0.380883 0.199069 -0.115723 0.973129 0.383089 -0.979979 -0.0270417 0.197254 -0.494691 0.00348828 -0.992913 -0.118789 0.441951 
1535373962737 0.244792 0.926147 -0.286928 -0.617564 -0.93649 0.302496 0.177433 -0.236412 0.251124 0.225271 0.941377 0.380962 0.199114 -0.115229 0.973178 0.383076 -0.979972 -0.0263942 0.197379 -0.494818 0.00294257 -0.992988 -0.118176 0.441867 
1535373962885 0.24492 0.926082 -0.28703 -0.617302 -0.936448 0.302646 0.177402 -0.236293 0.251157 0.225339 0.941351 0.38104 0.19916 -0.114735 0.973227 0.383063 -0.979964 -0.0257467 0.197503 -0.494946 0.00239688 -0.993062 -0.117564 0.441784 
1535373963047 0.245049 0.926017 -0.287131 -0.617039 -0.936405 0.302796 0.177372 -0.236175 0.251191 0.225406 0.941326 0.381118 0.199205 -0.114241 0.973276 0.38305 -0.979956 -0.025099 0.197626 -0.495074 0.00185121 -0.993136 -0.116951 0.441701 
1535373963190 0.245177 0.925951 -0.287232 -0.616776 -0.936362 0.302946 0.177341 -0.236056 0.251225 0.225473 0.941301 0.381196 0.199252 -0.113747 0.973324 0.383037 -0.979947 -0.0244513 0.19775 -0.495201 0.00130559 -0.993209 -0.116338 0.441617 
1535373963323 0.245306 0.925886 -0.287333 -0.616514 -0.93632 0.303095 0.17731 -0.235939 0.251258 0.225541 0.941276 0.381274 0.199298 -0.113253 0.973373 0.383024 -0.979939 -0.0238035 0.197873 -0.495329 0.00075998 -0.993281 -0.115725 0.441534 
1535373963467 0.245434 0.92582 -0.287435 -0.616251 -0.936277 0.303245 0.177279 -0.23582 0.251292 0.225608 0.941251 0.381353 0.199345 -0.112759 0.97342 0.38301 -0.979929 -0.0231556 0.197996 -0.495457 0.000214414 -0.993353 -0.115112 0.441451 
1535373963605 0.245563 0.925755 -0.287536 -0.615989 -0.936234 0.303395 0.177249 -0.235702 0.251326 0.225675 0.941226 0.381431 0.199392 -0.112265 0.973468 0.382997 -0.97992 -0.0225077 0.198118 -0.495584 -0.000331133 -0.993423 -0.114498 0.441368 
1535373963743 0.245691 0.925689 -0.287637 -0.615727 -0.936191 0.303545 0.177218 -0.235584 0.25136 0.225743 0.941201 0.381509 0.199439 -0.111771 0.973515 0.382984 -0.97991 -0.0218597 0.198239 -0.495712 -0.000876651 -0.993494 -0.113885 0.441284 
1535373963900 0.245539 0.925738 -0.28761 -0.615965 -0.936247 0.303381 0.177206 -0.235642 0.251302 0.225763 0.941211 0.381422 0.199379 -0.112489 0.973445 0.383004 -0.979923 -0.0228109 0.19807 -0.495519 -7.54578e-05 -0.993391 -0.114778 0.441426 
1535373963916 0.245609 0.925775 -0.287432 -0.615643 -0.936181 0.303456 0.177424 -0.235538 0.251478 0.225511 0.941224 0.381497 0.199337 -0.112299 0.973475 0.382999 -0.979931 -0.0232763 0.197974 -0.495638 0.000426593 -0.993402 -0.114685 0.441388 
1535373963932 0.245681 0.925811 -0.287256 -0.615317 -0.936115 0.303533 0.177641 -0.235433 0.251654 0.225261 0.941237 0.381573 0.199296 -0.112109 0.973505 0.382994 -0.979939 -0.0237419 0.197879 -0.495758 0.00092884 -0.993412 -0.114591 0.44135 
1535373964105 0.245752 0.925846 -0.287079 -0.614991 -0.936049 0.303609 0.177858 -0.235327 0.251829 0.225011 0.94125 0.381649 0.199255 -0.111918 0.973536 0.382988 -0.979947 -0.0242075 0.197784 -0.495878 0.0014311 -0.993422 -0.114498 0.441311 
1535373964258 0.245823 0.925882 -0.286903 -0.614664 -0.935983 0.303685 0.178075 -0.235222 0.252005 0.224761 0.941263 0.381726 0.199214 -0.111728 0.973566 0.382983 -0.979954 -0.0246731 0.19769 -0.495998 0.00193335 -0.993432 -0.114404 0.441273 
1535373964423 0.245895 0.925918 -0.286726 -0.614339 -0.935917 0.303761 0.178293 -0.235117 0.252181 0.224511 0.941276 0.381801 0.199173 -0.111538 0.973596 0.382978 -0.979961 -0.0251388 0.197596 -0.496118 0.0024356 -0.993442 -0.11431 0.441235 
1535373964572 0.245966 0.925953 -0.28655 -0.614012 -0.935851 0.303838 0.17851 -0.235011 0.252356 0.224261 0.941288 0.381878 0.199132 -0.111348 0.973626 0.382973 -0.979968 -0.0256044 0.197501 -0.496238 0.00293784 -0.993452 -0.114216 0.441197 
1535373964725 0.246037 0.925989 -0.286374 -0.613686 -0.935785 0.303914 0.178727 -0.234905 0.252532 0.224011 0.941301 0.381954 0.199091 -0.111158 0.973656 0.382968 -0.979975 -0.02607 0.197406 -0.496358 0.00344007 -0.993461 -0.114122 0.441159 
1535373964857 0.246109 0.926024 -0.286198 -0.613359 -0.935719 0.30399 0.178944 -0.234799 0.252708 0.223761 0.941313 0.38203 0.199049 -0.110967 0.973687 0.382963 -0.979982 -0.0265358 0.197312 -0.496478 0.00394231 -0.99347 -0.114028 0.44112 
1535373965016 0.246181 0.92606 -0.286021 -0.613033 -0.935652 0.304066 0.179161 -0.234694 0.252883 0.22351 0.941325 0.382106 0.199008 -0.110777 0.973717 0.382958 -0.979988 -0.0270014 0.197218 -0.496598 0.00444453 -0.993478 -0.113934 0.441082 
1535373965189 0.246305 0.926021 -0.286039 -0.613267 -0.935661 0.304151 0.17897 -0.234827 0.252729 0.223554 0.941356 0.3821 0.199066 -0.110967 0.973683 0.382925 -0.979979 -0.0262497 0.197362 -0.496424 0.00365827 -0.993477 -0.11397 0.441154 
1535373965208 0.246507 0.925978 -0.286006 -0.612929 -0.935609 0.304336 0.178928 -0.234685 0.252725 0.223482 0.941374 0.382168 0.198805 -0.112225 0.973593 0.382942 -0.980034 -0.0258992 0.197135 -0.496531 0.00309194 -0.993345 -0.115133 0.441284 
1535373965390 0.24671 0.925934 -0.285973 -0.612585 -0.935557 0.304522 0.178886 -0.23454 0.252721 0.223411 0.941392 0.382236 0.198542 -0.113482 0.9735 0.38296 -0.980089 -0.0255472 0.196908 -0.496638 0.00252465 -0.993211 -0.116295 0.441415 
1535373965571 0.246912 0.92589 -0.28594 -0.612242 -0.935504 0.304708 0.178843 -0.234395 0.252718 0.22334 0.94141 0.382305 0.198279 -0.11474 0.973406 0.382978 -0.980144 -0.025195 0.196681 -0.496745 0.00195767 -0.993076 -0.117458 0.441545 
1535373965737 0.247114 0.925846 -0.285908 -0.611898 -0.935452 0.304893 0.178801 -0.234251 0.252714 0.223269 0.941428 0.382373 0.198015 -0.115998 0.973311 0.382995 -0.980198 -0.0248424 0.196456 -0.496853 0.001391 -0.992939 -0.11862 0.441675 
1535373965916 0.247317 0.925802 -0.285876 -0.611554 -0.935399 0.305079 0.178759 -0.234106 0.25271 0.223198 0.941446 0.382442 0.197751 -0.117255 0.973214 0.383013 -0.980252 -0.0244897 0.196231 -0.49696 0.000824659 -0.9928 -0.119782 0.441805 
