1533830130612 0.33046 0.918297 -0.218008 -0.568991 -0.935863 0.348744 0.0503887 -0.214677 0.122301 0.187374 0.974645 0.341673 0.16008 -0.304787 0.938871 0.370831 -0.775623 0.549475 0.310623 -0.528794 -0.61056 -0.777934 -0.14844 0.432481 
1533830130622 0.328637 0.918959 -0.217973 -0.571284 -0.936179 0.347451 0.053359 -0.215068 0.12477 0.186526 0.974495 0.341729 0.316241 -0.38488 0.867098 0.400864 -0.930001 -0.306251 0.203246 -0.504429 0.187325 -0.870677 -0.454788 0.485926 
1533830131155 0.32683 0.919613 -0.21793 -0.573492 -0.936483 0.346165 0.0562918 -0.215402 0.127206 0.18569 0.97434 0.341678 0.316241 -0.38488 0.867098 0.400864 -0.930001 -0.306251 0.203246 -0.504429 0.187325 -0.870677 -0.454788 0.485926 
1533830131472 0.325022 0.920265 -0.217881 -0.575698 -0.936778 0.344876 0.0592238 -0.215737 0.129644 0.184857 0.974177 0.341625 0.316241 -0.38488 0.867098 0.400864 -0.930001 -0.306251 0.203246 -0.504429 0.187325 -0.870677 -0.454788 0.485926 
1533830131791 0.323214 0.920915 -0.217827 -0.577904 -0.937063 0.343583 0.0621549 -0.21607 0.132081 0.184028 0.974006 0.341572 0.316241 -0.38488 0.867098 0.400864 -0.930001 -0.306251 0.203246 -0.504429 0.187325 -0.870677 -0.454788 0.485926 
1533830132109 0.321405 0.921562 -0.217767 -0.580107 -0.937338 0.342287 0.065085 -0.216403 0.134519 0.183203 0.973828 0.341518 0.316241 -0.38488 0.867098 0.400864 -0.930001 -0.306251 0.203246 -0.504429 0.187325 -0.870677 -0.454788 0.485926 
1533830132430 0.319594 0.922207 -0.217702 -0.582319 -0.937604 0.340987 0.0680189 -0.216742 0.136961 0.18238 0.973642 0.341476 0.316241 -0.38488 0.867098 0.400864 -0.930001 -0.306251 0.203246 -0.504429 0.187325 -0.870677 -0.454788 0.485926 
1533830132751 0.31778 0.92285 -0.217632 -0.584539 -0.93786 0.339682 0.0709551 -0.217085 0.139407 0.18156 0.973448 0.341444 0.316241 -0.38488 0.867098 0.400864 -0.930001 -0.306251 0.203246 -0.504429 0.187325 -0.870677 -0.454788 0.485926 
1533830133072 0.315966 0.923491 -0.217556 -0.586759 -0.938106 0.338374 0.0738907 -0.217429 0.141853 0.180743 0.973247 0.341411 0.316241 -0.38488 0.867098 0.400864 -0.930001 -0.306251 0.203246 -0.504429 0.187325 -0.870677 -0.454788 0.485926 
1533830133401 0.314189 0.924096 -0.217561 -0.588537 -0.938329 0.337108 0.0767948 -0.217589 0.144307 0.180015 0.973021 0.341492 0.316531 -0.385118 0.866887 0.401814 -0.929976 -0.306103 0.20358 -0.50615 0.186955 -0.870623 -0.455042 0.486735 
1533830133697 0.314836 0.923804 -0.217864 -0.588269 -0.938204 0.337651 0.0759282 -0.217688 0.143705 0.180496 0.973021 0.341351 0.316531 -0.385118 0.866887 0.401814 -0.929976 -0.306103 0.20358 -0.50615 0.186955 -0.870623 -0.455042 0.486735 
1533830133710 0.314589 0.923899 -0.217816 -0.588565 -0.93824 0.337463 0.0763127 -0.217732 0.14401 0.180357 0.973002 0.34135 0.316221 -0.384863 0.867113 0.400797 -0.930002 -0.306262 0.203223 -0.504308 0.187351 -0.87068 -0.45477 0.485869 
1533830133727 0.31434 0.923995 -0.217768 -0.58886 -0.938277 0.337275 0.0766965 -0.217776 0.144315 0.180218 0.972982 0.341349 0.316221 -0.384863 0.867113 0.400797 -0.930002 -0.306262 0.203223 -0.504308 0.187351 -0.87068 -0.45477 0.485869 
1533830133854 0.314092 0.924091 -0.21772 -0.589156 -0.938313 0.337086 0.0770805 -0.21782 0.14462 0.180079 0.972963 0.341347 0.316221 -0.384863 0.867113 0.400797 -0.930002 -0.306262 0.203223 -0.504308 0.187351 -0.87068 -0.45477 0.485869 
1533830133944 0.313843 0.924187 -0.217671 -0.589452 -0.938349 0.336897 0.0774646 -0.217864 0.144924 0.179939 0.972943 0.341346 0.316221 -0.384863 0.867113 0.400797 -0.930002 -0.306262 0.203223 -0.504308 0.187351 -0.87068 -0.45477 0.485869 
1533830134048 0.313595 0.924283 -0.217623 -0.589747 -0.938385 0.336709 0.0778483 -0.217908 0.145229 0.179801 0.972923 0.341345 0.316221 -0.384863 0.867113 0.400797 -0.930002 -0.306262 0.203223 -0.504308 0.187351 -0.87068 -0.45477 0.485869 
1533830134148 0.313346 0.924379 -0.217574 -0.590043 -0.938421 0.33652 0.0782322 -0.217952 0.145534 0.179662 0.972904 0.341344 0.316221 -0.384863 0.867113 0.400797 -0.930002 -0.306262 0.203223 -0.504308 0.187351 -0.87068 -0.45477 0.485869 
1533830134247 0.313098 0.924474 -0.217524 -0.590339 -0.938457 0.336331 0.0786163 -0.217995 0.145839 0.179523 0.972884 0.341343 0.316221 -0.384863 0.867113 0.400797 -0.930002 -0.306262 0.203223 -0.504308 0.187351 -0.87068 -0.45477 0.485869 
1533830134345 0.312849 0.92457 -0.217475 -0.590634 -0.938492 0.336142 0.0790001 -0.218039 0.146144 0.179384 0.972864 0.341341 0.316221 -0.384863 0.867113 0.400797 -0.930002 -0.306262 0.203223 -0.504308 0.187351 -0.87068 -0.45477 0.485869 
1533830134448 0.312601 0.924666 -0.217426 -0.59093 -0.938527 0.335953 0.0793839 -0.218083 0.146449 0.179245 0.972843 0.34134 0.316221 -0.384863 0.867113 0.400797 -0.930002 -0.306262 0.203223 -0.504308 0.187351 -0.87068 -0.45477 0.485869 
1533830134558 0.31283 0.924595 -0.217396 -0.590655 -0.938497 0.336118 0.079042 -0.218078 0.146152 0.179298 0.972878 0.341356 0.316221 -0.384863 0.867113 0.400797 -0.930002 -0.306262 0.203223 -0.504308 0.187351 -0.87068 -0.45477 0.485869 
1533830134570 0.313161 0.924557 -0.217081 -0.590701 -0.938511 0.336263 0.0782641 -0.218062 0.145356 0.179224 0.973011 0.341286 0.31622 -0.384863 0.867113 0.400795 -0.930002 -0.306262 0.203222 -0.504304 0.187352 -0.87068 -0.454769 0.485867 
1533830134586 0.313491 0.924519 -0.216766 -0.590749 -0.938523 0.336408 0.0774874 -0.218047 0.14456 0.179149 0.973143 0.341215 0.31622 -0.384863 0.867113 0.400795 -0.930002 -0.306262 0.203222 -0.504304 0.187351 -0.87068 -0.454769 0.485867 
1533830134603 0.313821 0.924481 -0.216451 -0.5908 -0.938535 0.336552 0.0767108 -0.218032 0.143765 0.179073 0.973275 0.341144 0.31622 -0.384863 0.867113 0.400795 -0.930002 -0.306262 0.203222 -0.504304 0.187351 -0.87068 -0.454769 0.485867 
1533830134715 0.314151 0.924443 -0.216135 -0.590849 -0.938546 0.336697 0.0759341 -0.218017 0.142969 0.178998 0.973406 0.341073 0.31622 -0.384863 0.867113 0.400795 -0.930002 -0.306262 0.203222 -0.504304 0.187351 -0.87068 -0.454769 0.485867 
1533830134733 0.31448 0.924405 -0.215819 -0.590899 -0.938557 0.336842 0.0751576 -0.218003 0.142173 0.178923 0.973537 0.341002 0.31622 -0.384863 0.867113 0.400795 -0.930002 -0.306262 0.203222 -0.504304 0.187351 -0.87068 -0.454769 0.485867 
1533830134739 0.314809 0.924367 -0.215502 -0.590949 -0.938567 0.336986 0.074381 -0.217988 0.141377 0.178847 0.973666 0.340931 0.31622 -0.384863 0.867113 0.400795 -0.930002 -0.306262 0.203222 -0.504304 0.187351 -0.87068 -0.454769 0.485867 
1533830134829 0.315138 0.924328 -0.215186 -0.590998 -0.938576 0.337131 0.0736043 -0.217973 0.14058 0.178772 0.973795 0.34086 0.31622 -0.384863 0.867113 0.400795 -0.930002 -0.306262 0.203222 -0.504304 0.187351 -0.87068 -0.454769 0.485867 
1533830134836 0.315467 0.92429 -0.214869 -0.591047 -0.938585 0.337276 0.0728277 -0.217958 0.139784 0.178698 0.973924 0.340789 0.31622 -0.384863 0.867113 0.400795 -0.930002 -0.306262 0.203222 -0.504304 0.187351 -0.87068 -0.454769 0.485867 
1533830134900 0.315795 0.924252 -0.214551 -0.591098 -0.938592 0.337421 0.0720511 -0.217944 0.138987 0.178623 0.974052 0.340718 0.31622 -0.384863 0.867113 0.400795 -0.930002 -0.306262 0.203222 -0.504304 0.187351 -0.87068 -0.454769 0.485867 
1533830134953 0.315052 0.924312 -0.215382 -0.591002 -0.93856 0.33712 0.0738657 -0.217987 0.140885 0.178877 0.973732 0.340895 0.31622 -0.384863 0.867113 0.400795 -0.930002 -0.306262 0.203222 -0.504304 0.187351 -0.87068 -0.454769 0.485867 
1533830134966 0.31525 0.924293 -0.215175 -0.591021 -0.938547 0.337228 0.0735269 -0.21802 0.140523 0.178772 0.973804 0.340921 0.31622 -0.384863 0.867113 0.400795 -0.930002 -0.306262 0.203222 -0.504304 0.187351 -0.87068 -0.454769 0.485867 
1533830134982 0.315448 0.924274 -0.214967 -0.591045 -0.938534 0.337337 0.0731889 -0.218053 0.140163 0.178666 0.973875 0.340947 0.31622 -0.384863 0.867113 0.400795 -0.930002 -0.306262 0.203222 -0.504304 0.187351 -0.87068 -0.454769 0.485867 
1533830134999 0.315646 0.924255 -0.214758 -0.591071 -0.938522 0.337446 0.0728511 -0.218088 0.139802 0.17856 0.973946 0.340972 0.31622 -0.384863 0.867113 0.400795 -0.930002 -0.306262 0.203222 -0.504304 0.187351 -0.87068 -0.454769 0.485867 
1533830135016 0.315844 0.924235 -0.214551 -0.591094 -0.938509 0.337555 0.0725132 -0.218121 0.139442 0.178455 0.974017 0.340997 0.31622 -0.384863 0.867113 0.400795 -0.930002 -0.306262 0.203222 -0.504304 0.187351 -0.87068 -0.454769 0.485867 
1533830135032 0.316042 0.924216 -0.214342 -0.591119 -0.938496 0.337664 0.0721755 -0.218156 0.139081 0.178349 0.974088 0.341023 0.31622 -0.384863 0.867113 0.400795 -0.930002 -0.306262 0.203222 -0.504304 0.187351 -0.87068 -0.454769 0.485867 
1533830135049 0.31624 0.924196 -0.214134 -0.591143 -0.938482 0.337772 0.0718376 -0.218189 0.138721 0.178243 0.974159 0.341048 0.31622 -0.384863 0.867113 0.400795 -0.930002 -0.306262 0.203222 -0.504304 0.187351 -0.87068 -0.454769 0.485867 
1533830135066 0.316437 0.924177 -0.213925 -0.591168 -0.938469 0.337881 0.0714999 -0.218224 0.13836 0.178137 0.97423 0.341073 0.31622 -0.384863 0.867113 0.400795 -0.930002 -0.306262 0.203222 -0.504304 0.187351 -0.87068 -0.454769 0.485867 
1533830135084 0.316635 0.924158 -0.213717 -0.591192 -0.938455 0.33799 0.0711621 -0.218258 0.137999 0.178032 0.9743 0.341099 0.31622 -0.384863 0.867113 0.400795 -0.930002 -0.306262 0.203222 -0.504304 0.187351 -0.87068 -0.454769 0.485867 
1533830135132 0.316832 0.924138 -0.213508 -0.591218 -0.938442 0.338099 0.0708244 -0.218292 0.137638 0.177926 0.974371 0.341124 0.31622 -0.384863 0.867113 0.400795 -0.930002 -0.306262 0.203222 -0.504304 0.187351 -0.87068 -0.454769 0.485867 
1533830135162 0.316077 0.924191 -0.214398 -0.591107 -0.938453 0.337743 0.0723652 -0.218181 0.139291 0.178329 0.974062 0.341047 0.31622 -0.384863 0.867113 0.400795 -0.930002 -0.306262 0.203222 -0.504304 0.187351 -0.87068 -0.454769 0.485867 
1533830135174 0.31627 0.92419 -0.214117 -0.591126 -0.938459 0.337818 0.0719305 -0.218172 0.13881 0.17819 0.974156 0.341014 0.31622 -0.384863 0.867113 0.400795 -0.930002 -0.306262 0.203222 -0.504304 0.187351 -0.87068 -0.454769 0.485867 
1533830135190 0.316463 0.924189 -0.213835 -0.59115 -0.938465 0.337894 0.0714953 -0.218165 0.138329 0.178051 0.97425 0.34098 0.31622 -0.384863 0.867113 0.400795 -0.930002 -0.306262 0.203222 -0.504304 0.187351 -0.87068 -0.45477 0.485867 
1533830135207 0.316656 0.924188 -0.213553 -0.591174 -0.938471 0.337969 0.07106 -0.218158 0.137847 0.177911 0.974344 0.340946 0.31622 -0.384863 0.867113 0.400795 -0.930002 -0.306262 0.203222 -0.504304 0.187351 -0.87068 -0.45477 0.485867 
1533830135224 0.316849 0.924188 -0.21327 -0.591199 -0.938476 0.338045 0.0706248 -0.218151 0.137366 0.177772 0.974437 0.340912 0.31622 -0.384863 0.867113 0.400795 -0.930002 -0.306262 0.203222 -0.504304 0.187351 -0.87068 -0.45477 0.485867 
1533830135240 0.317041 0.924187 -0.212988 -0.591223 -0.938482 0.338121 0.0701897 -0.218144 0.136884 0.177632 0.97453 0.340877 0.31622 -0.384863 0.867113 0.400795 -0.930002 -0.306262 0.203222 -0.504304 0.187351 -0.87068 -0.45477 0.485867 
1533830135257 0.317234 0.924186 -0.212705 -0.591246 -0.938487 0.338197 0.0697544 -0.218137 0.136402 0.177493 0.974623 0.340844 0.31622 -0.384863 0.867113 0.400795 -0.930002 -0.306262 0.203222 -0.504304 0.187351 -0.87068 -0.45477 0.485867 
1533830135339 0.317426 0.924185 -0.212423 -0.59127 -0.938492 0.338273 0.0693192 -0.21813 0.135921 0.177353 0.974716 0.34081 0.31622 -0.384863 0.867113 0.400795 -0.930002 -0.306262 0.203222 -0.504304 0.187351 -0.87068 -0.45477 0.485867 
1533830135355 0.317618 0.924184 -0.21214 -0.591295 -0.938496 0.338348 0.0688841 -0.218123 0.135439 0.177214 0.974809 0.340775 0.31622 -0.384863 0.867113 0.400795 -0.930002 -0.306262 0.203222 -0.504304 0.187351 -0.87068 -0.45477 0.485867 
1533830135372 0.31781 0.924183 -0.211857 -0.591318 -0.938501 0.338424 0.0684489 -0.218116 0.134957 0.177074 0.974901 0.340741 0.31622 -0.384863 0.867113 0.400795 -0.930002 -0.306262 0.203222 -0.504304 0.187351 -0.87068 -0.45477 0.485867 
1533830135410 0.317087 0.924237 -0.212701 -0.59119 -0.938491 0.338112 0.0701109 -0.21813 0.136716 0.177387 0.974599 0.340885 0.31622 -0.384863 0.867113 0.400795 -0.930002 -0.306262 0.203222 -0.504304 0.187351 -0.87068 -0.45477 0.485867 
1533830135420 0.317099 0.924203 -0.212832 -0.591185 -0.938498 0.338119 0.0699792 -0.218137 0.136637 0.177552 0.97458 0.340904 0.31622 -0.384863 0.867113 0.400795 -0.930002 -0.306262 0.203222 -0.504304 0.187351 -0.87068 -0.45477 0.485867 
1533830135437 0.317111 0.924168 -0.212964 -0.591175 -0.938505 0.338126 0.0698475 -0.218141 0.136559 0.177718 0.97456 0.340925 0.31622 -0.384863 0.867113 0.400795 -0.930002 -0.306262 0.203222 -0.504304 0.187351 -0.87068 -0.45477 0.485867 
1533830135454 0.317123 0.924134 -0.213095 -0.591166 -0.938513 0.338133 0.0697158 -0.218146 0.136481 0.177884 0.974541 0.340945 0.31622 -0.384863 0.867113 0.400795 -0.930002 -0.306262 0.203222 -0.504304 0.187351 -0.87068 -0.45477 0.485867 
1533830135472 0.317135 0.924099 -0.213227 -0.591157 -0.93852 0.33814 0.069584 -0.218151 0.136403 0.17805 0.974522 0.340966 0.31622 -0.384863 0.867113 0.400795 -0.930002 -0.306262 0.203222 -0.504304 0.187351 -0.87068 -0.45477 0.485867 
1533830135583 0.317147 0.924065 -0.213358 -0.591148 -0.938527 0.338146 0.0694524 -0.218156 0.136325 0.178216 0.974502 0.340986 0.31622 -0.384863 0.867113 0.400795 -0.930002 -0.306262 0.203222 -0.504304 0.187351 -0.87068 -0.45477 0.485867 
1533830135599 0.317159 0.92403 -0.21349 -0.591138 -0.938534 0.338153 0.0693206 -0.218161 0.136247 0.178382 0.974483 0.341006 0.31622 -0.384863 0.867113 0.400795 -0.930002 -0.306262 0.203222 -0.504304 0.187351 -0.87068 -0.45477 0.485867 
1533830135616 0.317171 0.923996 -0.213622 -0.591129 -0.938542 0.33816 0.0691889 -0.218166 0.136169 0.178548 0.974463 0.341027 0.31622 -0.384863 0.867113 0.400795 -0.930002 -0.306262 0.203222 -0.504304 0.187351 -0.87068 -0.45477 0.485867 
1533830135633 0.317183 0.923961 -0.213753 -0.591119 -0.938549 0.338167 0.0690571 -0.21817 0.136091 0.178714 0.974444 0.341047 0.31622 -0.384863 0.867113 0.400795 -0.930002 -0.306262 0.203222 -0.504304 0.187351 -0.87068 -0.45477 0.485867 
1533830135649 0.317195 0.923927 -0.213885 -0.59111 -0.938556 0.338174 0.0689254 -0.218175 0.136012 0.17888 0.974424 0.341067 0.31622 -0.384863 0.867113 0.400795 -0.930002 -0.306262 0.203222 -0.504304 0.187351 -0.87068 -0.45477 0.485867 
1533830135674 0.317283 0.924076 -0.213106 -0.591123 -0.938486 0.338255 0.0694844 -0.218191 0.136293 0.17795 0.974555 0.341039 0.31622 -0.384863 0.867113 0.400795 -0.930002 -0.306262 0.203222 -0.504304 0.187351 -0.87068 -0.45477 0.485867 
1533830135686 0.317312 0.924079 -0.213051 -0.591136 -0.938459 0.338302 0.0696241 -0.218203 0.136414 0.177847 0.974557 0.341046 0.31622 -0.384863 0.867113 0.400795 -0.930002 -0.306262 0.203222 -0.504304 0.187351 -0.87068 -0.45477 0.485867 
1533830135703 0.31734 0.924082 -0.212995 -0.591155 -0.938432 0.338348 0.0697647 -0.218218 0.136535 0.177742 0.974559 0.341051 0.31622 -0.384863 0.867113 0.400795 -0.930002 -0.306262 0.203222 -0.504304 0.187351 -0.87068 -0.45477 0.485867 
1533830135719 0.317368 0.924086 -0.21294 -0.591173 -0.938404 0.338394 0.0699053 -0.218232 0.136656 0.177638 0.974561 0.341056 0.31622 -0.384863 0.867113 0.400795 -0.930002 -0.306262 0.203222 -0.504304 0.187351 -0.87068 -0.45477 0.485867 
1533830135736 0.317395 0.924089 -0.212884 -0.591191 -0.938377 0.33844 0.0700459 -0.218246 0.136777 0.177534 0.974563 0.341061 0.31622 -0.384863 0.867113 0.400795 -0.930002 -0.306262 0.203222 -0.504304 0.187351 -0.87068 -0.45477 0.485867 
1533830135802 0.317423 0.924092 -0.212829 -0.59121 -0.93835 0.338485 0.0701866 -0.218261 0.136898 0.177429 0.974565 0.341067 0.31622 -0.384863 0.867113 0.400795 -0.930002 -0.306262 0.203222 -0.504304 0.187351 -0.87068 -0.45477 0.485867 
1533830135819 0.317451 0.924095 -0.212774 -0.591227 -0.938323 0.338531 0.0703271 -0.218275 0.137019 0.177325 0.974567 0.341072 0.31622 -0.384863 0.867113 0.400795 -0.930002 -0.306262 0.203222 -0.504304 0.187351 -0.87068 -0.45477 0.485867 
1533830135835 0.317479 0.924099 -0.212718 -0.591246 -0.938296 0.338577 0.0704678 -0.218289 0.137141 0.17722 0.974569 0.341077 0.31622 -0.384863 0.867113 0.400795 -0.930002 -0.306262 0.203222 -0.504304 0.187351 -0.87068 -0.45477 0.485867 
1533830135852 0.317507 0.924102 -0.212663 -0.591264 -0.938269 0.338623 0.0706083 -0.218303 0.137262 0.177116 0.974571 0.341083 0.31622 -0.384863 0.867113 0.400795 -0.930002 -0.306262 0.203222 -0.504304 0.187351 -0.87068 -0.45477 0.485867 
1533830135869 0.317534 0.924105 -0.212607 -0.591282 -0.938242 0.338669 0.0707489 -0.218318 0.137383 0.177012 0.974573 0.341088 0.31622 -0.384863 0.867113 0.400795 -0.930002 -0.306262 0.203222 -0.504304 0.187351 -0.87068 -0.45477 0.485867 
1533830135889 0.31757 0.924006 -0.212983 -0.591149 -0.938326 0.338608 0.0699161 -0.2183 0.136721 0.177645 0.974551 0.341001 0.31622 -0.384863 0.867113 0.400795 -0.930002 -0.306262 0.203222 -0.504304 0.187351 -0.87068 -0.45477 0.485867 
1533830135902 0.317665 0.923996 -0.212887 -0.591168 -0.938337 0.338637 0.0696265 -0.218278 0.136426 0.177642 0.974593 0.341015 0.31622 -0.384863 0.867113 0.400795 -0.930002 -0.306262 0.203222 -0.504304 0.187351 -0.87068 -0.45477 0.485867 
1533830135919 0.31776 0.923985 -0.212791 -0.591188 -0.938348 0.338668 0.0693376 -0.218253 0.136132 0.177639 0.974634 0.341031 0.31622 -0.384863 0.867113 0.400795 -0.930002 -0.306262 0.203222 -0.504304 0.187351 -0.87068 -0.45477 0.485867 
1533830135925 0.317855 0.923975 -0.212695 -0.591207 -0.938358 0.338698 0.0690489 -0.218229 0.135839 0.177636 0.974676 0.341046 0.31622 -0.384863 0.867113 0.400795 -0.930002 -0.306262 0.203222 -0.504304 0.187351 -0.87068 -0.45477 0.485867 
1533830135939 0.317951 0.923964 -0.212599 -0.591229 -0.938368 0.338729 0.0687598 -0.218204 0.135545 0.177634 0.974717 0.341062 0.31622 -0.384863 0.867113 0.400795 -0.930002 -0.306262 0.203222 -0.504304 0.187351 -0.87068 -0.45477 0.485867 
1533830135956 0.318046 0.923953 -0.212503 -0.591249 -0.938378 0.338759 0.068471 -0.21818 0.135251 0.177631 0.974759 0.341077 0.31622 -0.384863 0.867113 0.400795 -0.930002 -0.306262 0.203222 -0.504304 0.187351 -0.87068 -0.45477 0.485867 
1533830135962 0.318141 0.923943 -0.212406 -0.591269 -0.938389 0.338789 0.0681822 -0.218156 0.134957 0.177628 0.9748 0.341093 0.31622 -0.384863 0.867113 0.400795 -0.930002 -0.306262 0.203222 -0.504304 0.187351 -0.87068 -0.45477 0.485867 
1533830136037 0.318235 0.923932 -0.21231 -0.59129 -0.938399 0.338819 0.0678936 -0.218131 0.134664 0.177626 0.974841 0.341109 0.31622 -0.384863 0.867113 0.400795 -0.930002 -0.306262 0.203222 -0.504304 0.187351 -0.87068 -0.45477 0.485867 
1533830136054 0.31833 0.923922 -0.212214 -0.591311 -0.938408 0.33885 0.0676048 -0.218107 0.13437 0.177623 0.974882 0.341124 0.31622 -0.384863 0.867113 0.400795 -0.930002 -0.306262 0.203222 -0.504304 0.187351 -0.87068 -0.45477 0.485867 
1533830136072 0.318425 0.923911 -0.212118 -0.591331 -0.938418 0.33888 0.067316 -0.218083 0.134076 0.17762 0.974923 0.341139 0.31622 -0.384863 0.867113 0.400795 -0.930002 -0.306262 0.203222 -0.504304 0.187351 -0.87068 -0.45477 0.485867 
1533830136096 0.31812 0.923926 -0.212512 -0.591269 -0.938327 0.338866 0.0686384 -0.218198 0.13543 0.17757 0.974745 0.34107 0.31622 -0.384863 0.867113 0.400795 -0.930002 -0.306262 0.203222 -0.504304 0.187351 -0.87068 -0.45477 0.485867 
1533830136107 0.318072 0.923887 -0.21275 -0.59126 -0.938337 0.338846 0.068607 -0.218197 0.135475 0.17781 0.974695 0.341094 0.31622 -0.384863 0.867113 0.400795 -0.930002 -0.306262 0.203222 -0.504304 0.187351 -0.87068 -0.45477 0.485867 
1533830136125 0.318024 0.923849 -0.21299 -0.591246 -0.938347 0.338825 0.0685748 -0.218194 0.135519 0.17805 0.974645 0.341119 0.31622 -0.384863 0.867113 0.400795 -0.930002 -0.306262 0.203222 -0.504304 0.187351 -0.87068 -0.45477 0.485867 
1533830136131 0.317975 0.92381 -0.213229 -0.591233 -0.938357 0.338803 0.0685427 -0.218191 0.135563 0.17829 0.974595 0.341144 0.31622 -0.384863 0.867113 0.400795 -0.930002 -0.306262 0.203222 -0.504304 0.187351 -0.87068 -0.45477 0.485867 
1533830136144 0.317927 0.923771 -0.213468 -0.591219 -0.938367 0.338782 0.0685105 -0.218188 0.135607 0.17853 0.974545 0.341169 0.31622 -0.384863 0.867113 0.400795 -0.930002 -0.306262 0.203222 -0.504304 0.187351 -0.87068 -0.45477 0.485867 
1533830136249 0.317879 0.923733 -0.213707 -0.591206 -0.938377 0.338761 0.0684784 -0.218186 0.135651 0.17877 0.974495 0.341193 0.31622 -0.384863 0.867113 0.400795 -0.930002 -0.306262 0.203222 -0.504304 0.187351 -0.87068 -0.45477 0.485867 
1533830136265 0.31783 0.923694 -0.213947 -0.591192 -0.938387 0.33874 0.0684462 -0.218182 0.135696 0.179011 0.974444 0.341218 0.31622 -0.384863 0.867113 0.400795 -0.930002 -0.306262 0.203222 -0.504304 0.187351 -0.87068 -0.45477 0.485867 
1533830136282 0.317782 0.923655 -0.214186 -0.591179 -0.938397 0.338718 0.0684142 -0.21818 0.13574 0.179251 0.974394 0.341243 0.31622 -0.384863 0.867113 0.400795 -0.930002 -0.306262 0.203222 -0.504304 0.187351 -0.87068 -0.45477 0.485867 
1533830136299 0.317734 0.923616 -0.214425 -0.591164 -0.938407 0.338697 0.068382 -0.218176 0.135784 0.179491 0.974344 0.341268 0.31622 -0.384863 0.867113 0.400795 -0.930002 -0.306262 0.203222 -0.504304 0.187351 -0.87068 -0.45477 0.485867 
1533830136305 0.317685 0.923578 -0.214664 -0.591151 -0.938417 0.338676 0.0683499 -0.218174 0.135828 0.179731 0.974293 0.341293 0.31622 -0.384863 0.867113 0.400795 -0.930002 -0.306262 0.203222 -0.504304 0.187351 -0.87068 -0.45477 0.485867 
1533830136394 0.317839 0.923707 -0.213877 -0.59121 -0.938368 0.338765 0.0685906 -0.218189 0.135812 0.178894 0.97445 0.341224 0.31622 -0.384863 0.867113 0.400795 -0.930002 -0.306262 0.203222 -0.504304 0.187351 -0.87068 -0.45477 0.485867 
1533830136407 0.31783 0.923739 -0.213753 -0.591218 -0.938357 0.338765 0.0687347 -0.218192 0.135905 0.178731 0.974467 0.341213 0.31622 -0.384863 0.867113 0.400795 -0.930002 -0.306262 0.203222 -0.504304 0.187351 -0.87068 -0.45477 0.485867 
1533830136424 0.317821 0.923771 -0.213629 -0.59123 -0.938347 0.338764 0.0688788 -0.218197 0.135998 0.178567 0.974484 0.341201 0.31622 -0.384863 0.867113 0.400795 -0.930002 -0.306262 0.203222 -0.504304 0.187351 -0.87068 -0.45477 0.485867 
1533830136523 0.317812 0.923803 -0.213505 -0.591242 -0.938336 0.338764 0.0690229 -0.218203 0.136091 0.178403 0.974501 0.34119 0.31622 -0.384863 0.867113 0.400795 -0.930002 -0.306262 0.203222 -0.504304 0.187351 -0.87068 -0.45477 0.485867 
1533830136529 0.317802 0.923835 -0.21338 -0.591255 -0.938326 0.338763 0.0691669 -0.218208 0.136184 0.178239 0.974518 0.341178 0.31622 -0.384863 0.867113 0.400795 -0.930002 -0.306262 0.203222 -0.504304 0.187351 -0.87068 -0.45477 0.485867 
1533830136542 0.317793 0.923867 -0.213256 -0.591268 -0.938316 0.338762 0.069311 -0.218213 0.136277 0.178075 0.974535 0.341165 0.31622 -0.384863 0.867113 0.400795 -0.930002 -0.306262 0.203222 -0.504304 0.187351 -0.87068 -0.45477 0.485867 
1533830136558 0.317784 0.923898 -0.213132 -0.59128 -0.938305 0.338762 0.069455 -0.218218 0.13637 0.177911 0.974552 0.341154 0.31622 -0.384863 0.867113 0.400795 -0.930002 -0.306262 0.203222 -0.504304 0.187351 -0.87068 -0.45477 0.485867 
1533830136575 0.317775 0.92393 -0.213007 -0.591293 -0.938295 0.338761 0.0695991 -0.218224 0.136463 0.177747 0.974569 0.341142 0.31622 -0.384863 0.867113 0.400795 -0.930002 -0.306262 0.203222 -0.504304 0.187351 -0.87068 -0.45477 0.485867 
1533830136592 0.317765 0.923962 -0.212883 -0.591305 -0.938284 0.33876 0.0697431 -0.218229 0.136556 0.177583 0.974585 0.34113 0.31622 -0.384863 0.867113 0.400795 -0.930002 -0.306262 0.203222 -0.504304 0.187351 -0.87068 -0.45477 0.485867 
1533830136608 0.317756 0.923994 -0.212759 -0.591317 -0.938274 0.338759 0.0698871 -0.218234 0.136649 0.177419 0.974602 0.341118 0.31622 -0.384863 0.867113 0.400795 -0.930002 -0.306262 0.203222 -0.504304 0.187351 -0.87068 -0.45477 0.485867 
1533830136628 0.317944 0.92376 -0.213494 -0.591237 -0.938313 0.338865 0.0688476 -0.218243 0.135944 0.178434 0.974515 0.341168 0.31622 -0.384863 0.867113 0.400795 -0.930002 -0.306262 0.203222 -0.504304 0.187351 -0.87068 -0.45477 0.485867 
1533830136642 0.318065 0.923755 -0.213332 -0.591246 -0.938325 0.338901 0.0685 -0.218214 0.135576 0.178388 0.974575 0.341155 0.31622 -0.384863 0.867113 0.400795 -0.930002 -0.306262 0.203222 -0.504304 0.187351 -0.87068 -0.45477 0.485867 
1533830136658 0.318187 0.923751 -0.21317 -0.591258 -0.938337 0.338938 0.0681529 -0.218183 0.135208 0.17834 0.974635 0.341142 0.31622 -0.384863 0.867113 0.400795 -0.930002 -0.306262 0.203222 -0.504304 0.187351 -0.87068 -0.45477 0.485867 
1533830136675 0.318307 0.923747 -0.213009 -0.591271 -0.938349 0.338975 0.0678062 -0.218152 0.13484 0.178293 0.974695 0.341129 0.31622 -0.384863 0.867113 0.400795 -0.930002 -0.306262 0.203222 -0.504304 0.187351 -0.87068 -0.45477 0.485867 
1533830136773 0.318429 0.923742 -0.212846 -0.591282 -0.93836 0.339012 0.0674589 -0.218122 0.134472 0.178246 0.974754 0.341116 0.31622 -0.384863 0.867113 0.400795 -0.930002 -0.306262 0.203222 -0.504304 0.187351 -0.87068 -0.45477 0.485867 
1533830136779 0.31855 0.923738 -0.212684 -0.591293 -0.938372 0.339049 0.067112 -0.218092 0.134104 0.178198 0.974814 0.341103 0.31622 -0.384863 0.867113 0.400795 -0.930002 -0.306262 0.203222 -0.504304 0.187351 -0.87068 -0.45477 0.485867 
1533830136793 0.318671 0.923733 -0.212523 -0.591307 -0.938383 0.339086 0.066765 -0.218061 0.133736 0.178152 0.974873 0.34109 0.31622 -0.384863 0.867113 0.400795 -0.930002 -0.306262 0.203222 -0.504304 0.187351 -0.87068 -0.45477 0.485867 
1533830136809 0.318792 0.923729 -0.21236 -0.591318 -0.938395 0.339123 0.0664179 -0.218031 0.133368 0.178104 0.974932 0.341077 0.31622 -0.384863 0.867113 0.400795 -0.930002 -0.306262 0.203222 -0.504304 0.187351 -0.87068 -0.45477 0.485867 
1533830136827 0.318913 0.923724 -0.212197 -0.59133 -0.938406 0.339159 0.066071 -0.218 0.133 0.178056 0.974991 0.341064 0.31622 -0.384863 0.867113 0.400795 -0.930002 -0.306262 0.203222 -0.504304 0.187351 -0.87068 -0.45477 0.485867 
1533830136843 0.319034 0.92372 -0.212036 -0.591343 -0.938417 0.339197 0.0657239 -0.21797 0.132632 0.17801 0.975049 0.341051 0.31622 -0.384863 0.867113 0.400795 -0.930002 -0.306262 0.203222 -0.504304 0.187351 -0.87068 -0.45477 0.485867 
1533830136875 0.318435 0.923739 -0.212849 -0.59124 -0.938351 0.339028 0.0675143 -0.218164 0.134528 0.178228 0.97475 0.341136 0.31622 -0.384863 0.867113 0.400795 -0.930002 -0.306262 0.203222 -0.504304 0.187351 -0.87068 -0.45477 0.485867 
1533830136888 0.318508 0.923731 -0.212775 -0.591233 -0.938339 0.339076 0.0674276 -0.218153 0.134432 0.178179 0.974772 0.34111 0.31622 -0.384863 0.867113 0.400795 -0.930002 -0.306262 0.203222 -0.504304 0.187351 -0.87068 -0.45477 0.485867 
1533830136905 0.318582 0.923723 -0.2127 -0.591227 -0.938328 0.339125 0.0673401 -0.218139 0.134335 0.178129 0.974794 0.341082 0.31622 -0.384863 0.867113 0.400795 -0.930002 -0.306262 0.203222 -0.504304 0.187351 -0.87068 -0.45477 0.485867 
1533830136912 0.318656 0.923715 -0.212625 -0.59122 -0.938317 0.339173 0.0672527 -0.218126 0.134239 0.178079 0.974817 0.341055 0.31622 -0.384863 0.867113 0.400795 -0.930002 -0.306262 0.203222 -0.504304 0.187351 -0.87068 -0.45477 0.485867 
1533830136925 0.318729 0.923707 -0.21255 -0.591213 -0.938306 0.339222 0.0671653 -0.218114 0.134143 0.17803 0.974839 0.341028 0.31622 -0.384863 0.867113 0.400795 -0.930002 -0.306262 0.203222 -0.504304 0.187351 -0.87068 -0.45477 0.485867 
1533830136942 0.318804 0.923698 -0.212475 -0.591206 -0.938294 0.339271 0.0670777 -0.218099 0.134046 0.17798 0.974861 0.341 0.31622 -0.384863 0.867113 0.400795 -0.930002 -0.306262 0.203222 -0.504304 0.187351 -0.87068 -0.45477 0.485867 
1533830136958 0.318878 0.92369 -0.212401 -0.5912 -0.938283 0.33932 0.0669902 -0.218086 0.13395 0.17793 0.974884 0.340972 0.31622 -0.384863 0.867113 0.400795 -0.930002 -0.306262 0.203222 -0.504304 0.187351 -0.87068 -0.45477 0.485867 
1533830136976 0.318952 0.923682 -0.212326 -0.591193 -0.938271 0.339368 0.0669028 -0.218073 0.133854 0.17788 0.974906 0.340945 0.31622 -0.384863 0.867113 0.400795 -0.930002 -0.306262 0.203222 -0.504304 0.187351 -0.87068 -0.45477 0.485867 
1533830136992 0.319025 0.923673 -0.212251 -0.591186 -0.93826 0.339417 0.0668154 -0.21806 0.133757 0.177831 0.974928 0.340918 0.31622 -0.384863 0.867113 0.400795 -0.930002 -0.306262 0.203222 -0.504304 0.187351 -0.87068 -0.45477 0.485867 
1533830137009 0.319099 0.923665 -0.212176 -0.591179 -0.938249 0.339466 0.0667279 -0.218047 0.133661 0.177781 0.974951 0.34089 0.31622 -0.384863 0.867113 0.400795 -0.930002 -0.306262 0.203222 -0.504304 0.187351 -0.87068 -0.45477 0.485867 
1533830137037 0.319053 0.923681 -0.212176 -0.591281 -0.938339 0.339321 0.0661916 -0.21805 0.133136 0.177974 0.974987 0.341028 0.31622 -0.384863 0.867113 0.400795 -0.930002 -0.306262 0.203222 -0.504304 0.187351 -0.87068 -0.45477 0.485867 
1533830137049 0.318972 0.923731 -0.212078 -0.591284 -0.938342 0.339267 0.066424 -0.218057 0.133309 0.177814 0.974993 0.341036 0.31622 -0.384863 0.867113 0.400795 -0.930002 -0.306262 0.203222 -0.504304 0.187351 -0.87068 -0.45477 0.485867 
1533830137065 0.318891 0.923782 -0.211979 -0.591292 -0.938345 0.339213 0.0666569 -0.218066 0.133482 0.177653 0.974998 0.341042 0.31622 -0.384863 0.867113 0.400795 -0.930002 -0.306262 0.203222 -0.504304 0.187351 -0.87068 -0.45477 0.485867 
1533830137082 0.318809 0.923833 -0.21188 -0.591299 -0.938348 0.339159 0.0668897 -0.218074 0.133656 0.177492 0.975004 0.341048 0.31622 -0.384863 0.867113 0.400795 -0.930002 -0.306262 0.203222 -0.504304 0.187351 -0.87068 -0.45477 0.485867 
1533830137098 0.318728 0.923884 -0.211781 -0.591306 -0.938351 0.339105 0.0671226 -0.218083 0.133829 0.177331 0.975009 0.341054 0.31622 -0.384863 0.867113 0.400795 -0.930002 -0.306262 0.203222 -0.504304 0.187351 -0.87068 -0.45477 0.485867 
1533830137115 0.318646 0.923935 -0.211682 -0.591313 -0.938354 0.339051 0.0673553 -0.218091 0.134003 0.17717 0.975015 0.341061 0.31622 -0.384863 0.867113 0.400795 -0.930002 -0.306262 0.203222 -0.504304 0.187351 -0.87068 -0.45477 0.485867 
1533830137133 0.318565 0.923985 -0.211583 -0.591321 -0.938357 0.338997 0.0675882 -0.2181 0.134176 0.177009 0.97502 0.341067 0.31622 -0.384863 0.867113 0.400795 -0.930002 -0.306262 0.203222 -0.504304 0.187351 -0.87068 -0.45477 0.485867 
1533830137148 0.318483 0.924036 -0.211484 -0.591328 -0.938359 0.338942 0.0678209 -0.218109 0.13435 0.176848 0.975026 0.341073 0.31622 -0.384863 0.867113 0.400795 -0.930002 -0.306262 0.203222 -0.504304 0.187351 -0.87068 -0.45477 0.485867 
1533830137203 0.318402 0.924087 -0.211385 -0.591336 -0.938362 0.338888 0.0680538 -0.218118 0.134523 0.176687 0.975031 0.341079 0.31622 -0.384863 0.867113 0.400795 -0.930002 -0.306262 0.203222 -0.504304 0.187351 -0.87068 -0.45477 0.485867 
1533830137220 0.318321 0.924138 -0.211286 -0.591343 -0.938365 0.338834 0.0682865 -0.218126 0.134697 0.176526 0.975036 0.341086 0.31622 -0.384863 0.867113 0.400795 -0.930002 -0.306262 0.203222 -0.504304 0.187351 -0.87068 -0.45477 0.485867 
1533830137246 0.318759 0.923907 -0.211634 -0.591309 -0.938375 0.339079 0.0669169 -0.218107 0.133586 0.177262 0.975055 0.340985 0.31622 -0.384863 0.867113 0.400795 -0.930002 -0.306262 0.203222 -0.504304 0.187351 -0.87068 -0.45477 0.485867 
1533830137257 0.318613 0.923994 -0.211471 -0.591319 -0.938401 0.338956 0.0671763 -0.218123 0.13375 0.177041 0.975073 0.340982 0.31622 -0.384863 0.867113 0.400795 -0.930002 -0.306262 0.203222 -0.504304 0.187351 -0.87068 -0.45477 0.485867 
1533830137273 0.318466 0.924083 -0.211307 -0.591335 -0.938428 0.33883 0.0674364 -0.218142 0.133914 0.17682 0.975091 0.340977 0.31622 -0.384863 0.867113 0.400795 -0.930002 -0.306262 0.203222 -0.504304 0.187351 -0.87068 -0.45477 0.485867 
1533830137289 0.318319 0.924171 -0.211142 -0.591353 -0.938454 0.338705 0.0676965 -0.218161 0.134078 0.176598 0.975108 0.340971 0.31622 -0.384863 0.867113 0.400795 -0.930002 -0.306262 0.203222 -0.504304 0.187351 -0.87068 -0.45477 0.485867 
1533830137306 0.318172 0.924259 -0.210978 -0.591367 -0.93848 0.33858 0.0679565 -0.218178 0.134242 0.176377 0.975126 0.340967 0.31622 -0.384863 0.867113 0.400795 -0.930002 -0.306262 0.203222 -0.504304 0.187351 -0.87068 -0.45477 0.485867 
1533830137325 0.318025 0.924347 -0.210814 -0.591383 -0.938507 0.338455 0.0682165 -0.218197 0.134407 0.176156 0.975143 0.340962 0.31622 -0.384863 0.867113 0.400795 -0.930002 -0.306262 0.203222 -0.504304 0.187351 -0.87068 -0.45477 0.485867 
1533830137329 0.317878 0.924435 -0.21065 -0.5914 -0.938533 0.338329 0.0684766 -0.218216 0.134571 0.175935 0.97516 0.340957 0.31622 -0.384863 0.867113 0.400795 -0.930002 -0.306262 0.203222 -0.504304 0.187351 -0.87068 -0.45477 0.485867 
1533830137414 0.317731 0.924523 -0.210486 -0.591415 -0.938559 0.338204 0.0687365 -0.218234 0.134735 0.175713 0.975177 0.340952 0.31622 -0.384863 0.867113 0.400795 -0.930002 -0.306262 0.203222 -0.504304 0.187351 -0.87068 -0.45477 0.485867 
1533830137439 0.317584 0.924611 -0.210321 -0.59143 -0.938585 0.338078 0.0689964 -0.218252 0.1349 0.175492 0.975195 0.340947 0.31622 -0.384863 0.867113 0.400795 -0.930002 -0.306262 0.203222 -0.504304 0.187351 -0.87068 -0.45477 0.485867 
1533830137463 0.317437 0.924699 -0.210157 -0.591447 -0.938612 0.337952 0.0692563 -0.218271 0.135064 0.175271 0.975212 0.340942 0.31622 -0.384863 0.867113 0.400795 -0.930002 -0.306262 0.203222 -0.504304 0.187351 -0.87068 -0.45477 0.485867 
1533830137488 0.317945 0.924401 -0.210698 -0.591349 -0.938566 0.338326 0.0680419 -0.218291 0.134183 0.17612 0.97518 0.340918 0.31622 -0.384863 0.867113 0.400795 -0.930002 -0.306262 0.203222 -0.504304 0.187351 -0.87068 -0.45477 0.485867 
1533830137501 0.317863 0.924417 -0.210752 -0.591353 -0.938589 0.338255 0.0680719 -0.218288 0.134215 0.176172 0.975167 0.340918 0.31622 -0.384863 0.867113 0.400795 -0.930002 -0.306262 0.203222 -0.504304 0.187351 -0.87068 -0.45477 0.485867 
1533830137518 0.317782 0.924433 -0.210805 -0.591357 -0.938612 0.338186 0.068102 -0.218285 0.134247 0.176222 0.975153 0.340918 0.31622 -0.384863 0.867113 0.400795 -0.930002 -0.306262 0.203222 -0.504304 0.187351 -0.87068 -0.45477 0.485867 
1533830137535 0.317699 0.924449 -0.210859 -0.59136 -0.938635 0.338115 0.0681325 -0.218284 0.134279 0.176274 0.975139 0.340919 0.31622 -0.384863 0.867113 0.400795 -0.930002 -0.306262 0.203222 -0.504304 0.187351 -0.87068 -0.45477 0.485867 
1533830137551 0.317617 0.924465 -0.210912 -0.591363 -0.938658 0.338045 0.0681628 -0.218282 0.134312 0.176325 0.975126 0.34092 0.31622 -0.384863 0.867113 0.400795 -0.930002 -0.306262 0.203222 -0.504304 0.187351 -0.87068 -0.45477 0.485867 
1533830137568 0.317536 0.924481 -0.210965 -0.591367 -0.938681 0.337975 0.068193 -0.21828 0.134344 0.176375 0.975112 0.34092 0.31622 -0.384863 0.867113 0.400795 -0.930002 -0.306262 0.203222 -0.504304 0.187351 -0.87068 -0.45477 0.485867 
1533830137585 0.317454 0.924497 -0.211019 -0.591371 -0.938704 0.337905 0.0682233 -0.218278 0.134376 0.176426 0.975098 0.340921 0.31622 -0.384863 0.867113 0.400795 -0.930002 -0.306262 0.203222 -0.504304 0.187351 -0.87068 -0.45477 0.485867 
1533830137601 0.317371 0.924513 -0.211072 -0.591374 -0.938728 0.337834 0.0682539 -0.218278 0.134409 0.176477 0.975085 0.340922 0.31622 -0.384863 0.867113 0.400795 -0.930002 -0.306262 0.203222 -0.504304 0.187351 -0.87068 -0.45477 0.485867 
1533830137618 0.317289 0.924529 -0.211126 -0.591377 -0.938751 0.337764 0.0682842 -0.218276 0.134441 0.176528 0.975071 0.340922 0.31622 -0.384863 0.867113 0.400795 -0.930002 -0.306262 0.203222 -0.504304 0.187351 -0.87068 -0.45477 0.485867 
1533830137635 0.317208 0.924545 -0.211179 -0.591381 -0.938774 0.337693 0.0683146 -0.218274 0.134474 0.176579 0.975057 0.340923 0.31622 -0.384863 0.867113 0.400795 -0.930002 -0.306262 0.203222 -0.504304 0.187351 -0.87068 -0.45477 0.485867 
1533830137659 0.31733 0.924676 -0.210419 -0.591403 -0.93872 0.337774 0.0686578 -0.218214 0.13456 0.175737 0.975197 0.34094 0.31622 -0.384863 0.867113 0.400795 -0.930002 -0.306262 0.203222 -0.504304 0.187351 -0.87068 -0.45477 0.485867 
1533830137673 0.317348 0.924652 -0.210495 -0.591413 -0.938743 0.337759 0.0684183 -0.218191 0.13436 0.175888 0.975198 0.340951 0.31622 -0.384863 0.867113 0.400795 -0.930002 -0.306262 0.203222 -0.504304 0.187351 -0.87068 -0.45477 0.485867 
1533830137688 0.317367 0.924628 -0.210572 -0.591419 -0.938765 0.337746 0.0681772 -0.218165 0.134158 0.17604 0.975198 0.340964 0.31622 -0.384863 0.867113 0.400795 -0.930002 -0.306262 0.203222 -0.504304 0.187351 -0.87068 -0.45477 0.485867 
1533830137705 0.317386 0.924604 -0.210648 -0.591425 -0.938787 0.337732 0.0679363 -0.218139 0.133957 0.176192 0.975198 0.340976 0.31622 -0.384863 0.867113 0.400795 -0.930002 -0.306262 0.203222 -0.504304 0.187351 -0.87068 -0.45477 0.485867 
1533830137721 0.317405 0.92458 -0.210725 -0.59143 -0.93881 0.337719 0.0676953 -0.218113 0.133756 0.176344 0.975199 0.340989 0.31622 -0.384863 0.867113 0.400795 -0.930002 -0.306262 0.203222 -0.504304 0.187351 -0.87068 -0.45477 0.485867 
1533830137738 0.317425 0.924556 -0.210801 -0.591435 -0.938832 0.337705 0.0674544 -0.218087 0.133554 0.176495 0.975199 0.341001 0.31622 -0.384863 0.867113 0.400795 -0.930002 -0.306262 0.203222 -0.504304 0.187351 -0.87068 -0.45477 0.485867 
1533830137755 0.317444 0.924532 -0.210878 -0.591442 -0.938854 0.337692 0.0672135 -0.218061 0.133353 0.176647 0.975199 0.341014 0.31622 -0.384863 0.867113 0.400795 -0.930002 -0.306262 0.203222 -0.504304 0.187351 -0.87068 -0.45477 0.485867 
1533830137771 0.317463 0.924508 -0.210954 -0.591447 -0.938876 0.337678 0.0669726 -0.218035 0.133151 0.176799 0.975199 0.341026 0.31622 -0.384863 0.867113 0.400795 -0.930002 -0.306262 0.203222 -0.504304 0.187351 -0.87068 -0.45477 0.485867 
1533830137788 0.317482 0.924484 -0.211031 -0.591453 -0.938898 0.337665 0.0667317 -0.218009 0.13295 0.17695 0.975199 0.341039 0.31622 -0.384863 0.867113 0.400795 -0.930002 -0.306262 0.203222 -0.504304 0.187351 -0.87068 -0.45477 0.485867 
1533830137831 0.317501 0.92446 -0.211107 -0.591459 -0.93892 0.337651 0.0664908 -0.217984 0.132749 0.177102 0.975199 0.341051 0.31622 -0.384863 0.867113 0.400795 -0.930002 -0.306262 0.203222 -0.504304 0.187351 -0.87068 -0.45477 0.485867 
1533830137886 0.317665 0.924518 -0.210608 -0.591416 -0.938784 0.337883 0.0672326 -0.2182 0.133319 0.176358 0.975256 0.341087 0.31622 -0.384863 0.867113 0.400795 -0.930002 -0.306262 0.203222 -0.504304 0.187351 -0.87068 -0.45477 0.485867 
1533830137896 0.317701 0.924523 -0.210531 -0.59142 -0.938774 0.337909 0.0672329 -0.218181 0.133299 0.176281 0.975273 0.341071 0.31622 -0.384863 0.867113 0.400795 -0.930002 -0.306262 0.203222 -0.504304 0.187351 -0.87068 -0.45477 0.485867 
1533830137913 0.317738 0.924529 -0.210451 -0.591429 -0.938765 0.337935 0.067234 -0.218162 0.133279 0.176202 0.97529 0.341052 0.31622 -0.384863 0.867113 0.400795 -0.930002 -0.306262 0.203222 -0.504304 0.187351 -0.87068 -0.45477 0.485867 
1533830137930 0.317774 0.924534 -0.210372 -0.591438 -0.938756 0.337961 0.0672351 -0.218144 0.133259 0.176123 0.975307 0.341034 0.31622 -0.384863 0.867113 0.400795 -0.930002 -0.306262 0.203222 -0.504304 0.187351 -0.87068 -0.45477 0.485867 
1533830137946 0.31781 0.92454 -0.210293 -0.591447 -0.938746 0.337986 0.0672363 -0.218126 0.133239 0.176044 0.975324 0.341015 0.31622 -0.384863 0.867113 0.400795 -0.930002 -0.306262 0.203222 -0.504304 0.187351 -0.87068 -0.45477 0.485867 
1533830137963 0.317846 0.924545 -0.210214 -0.591457 -0.938737 0.338012 0.0672374 -0.218108 0.133219 0.175964 0.975341 0.340997 0.31622 -0.384863 0.867113 0.400795 -0.930002 -0.306262 0.203222 -0.504304 0.187351 -0.87068 -0.45477 0.485867 
1533830137980 0.317882 0.924551 -0.210135 -0.591465 -0.938727 0.338038 0.0672385 -0.21809 0.133199 0.175886 0.975358 0.340979 0.31622 -0.384863 0.867113 0.400795 -0.930002 -0.306262 0.203222 -0.504304 0.187351 -0.87068 -0.45477 0.485867 
