1537350029902 0.0974646 0.951431 -0.292026 -0.57139 -0.993814 0.108736 0.0225766 -0.308936 0.0532338 0.288019 0.956144 0.42735 0.283915 -0.297229 0.911618 0.329107 -0.952173 -0.199396 0.231533 -0.531685 0.112955 -0.933754 -0.339625 0.46755 
1537350029912 0.106807 0.94906 -0.296442 -0.578066 -0.991524 0.123848 0.0392559 -0.306358 0.07397 0.289737 0.954244 0.422531 0.263741 -0.275291 0.924476 0.334089 -0.96034 -0.16484 0.224886 -0.529421 0.0904819 -0.947123 -0.307848 0.462904 
1537350030766 0.116034 0.946535 -0.301011 -0.584747 -0.988721 0.138967 0.0558498 -0.303785 0.0946942 0.291135 0.951984 0.41771 0.244039 -0.252386 0.936347 0.339069 -0.967432 -0.130302 0.217019 -0.527149 0.0672352 -0.958813 -0.275965 0.458257 
1537350031654 0.125142 0.943859 -0.305729 -0.591427 -0.985405 0.154086 0.0723485 -0.30121 0.115395 0.292213 0.949366 0.41289 0.224853 -0.228561 0.947207 0.34405 -0.973432 -0.0958516 0.20795 -0.52488 0.0432621 -0.968799 -0.244041 0.45361 
1537350032551 0.134127 0.941032 -0.310594 -0.598107 -0.981579 0.169197 0.0887437 -0.298635 0.136062 0.29297 0.946391 0.40807 0.206222 -0.203864 0.957033 0.349031 -0.978328 -0.0615594 0.197697 -0.52261 0.0186111 -0.977062 -0.21214 0.448962 
1537350033428 0.142983 0.938056 -0.315604 -0.604787 -0.977244 0.184292 0.105027 -0.29606 0.156684 0.293406 0.943061 0.40325 0.18818 -0.178344 0.965806 0.354011 -0.982112 -0.0274944 0.18628 -0.52034 -0.00666771 -0.983584 -0.180328 0.444315 
1537350034336 0.151706 0.934934 -0.320756 -0.611467 -0.972403 0.199363 0.121189 -0.293486 0.17725 0.29352 0.939377 0.39843 0.170766 -0.152054 0.973508 0.358992 -0.984775 0.00627419 0.173723 -0.518071 -0.0325233 -0.988352 -0.148668 0.439668 
1537350035369 0.160291 0.931665 -0.326048 -0.618147 -0.967058 0.214402 0.137221 -0.290911 0.197749 0.293312 0.935341 0.39361 0.154017 -0.125048 0.980123 0.363972 -0.986311 0.0396777 0.160051 -0.515801 -0.0589031 -0.991357 -0.117225 0.435021 
1537350036197 0.168733 0.928253 -0.331476 -0.624828 -0.961213 0.229402 0.153116 -0.288337 0.218171 0.292783 0.930956 0.388789 0.137964 -0.0973787 0.985639 0.368953 -0.986718 0.0726488 0.145292 -0.513531 -0.0857538 -0.992592 -0.0860624 0.430374 
1537350037034 0.177029 0.924698 -0.337037 -0.631508 -0.95487 0.244353 0.168864 -0.285762 0.238504 0.291933 0.926224 0.383969 0.122641 -0.0691034 0.990042 0.373933 -0.985995 0.10512 0.129477 -0.511262 -0.113021 -0.992056 -0.0552436 0.425727 
1537350037930 0.176914 0.924696 -0.337104 -0.631296 -0.955143 0.243949 0.167903 -0.28608 0.237496 0.292278 0.926374 0.384138 0.122151 -0.0698963 0.990047 0.37363 -0.986192 0.103837 0.129006 -0.511657 -0.11182 -0.992135 -0.0562474 0.4258 
1537350037953 0.177748 0.924333 -0.337661 -0.631981 -0.954456 0.245483 0.169566 -0.285788 0.239626 0.292142 0.925869 0.38364 0.124119 -0.0701332 0.989786 0.373207 -0.986487 0.0987875 0.130705 -0.512041 -0.106945 -0.992634 -0.0569241 0.426276 
1537350038234 0.178579 0.923969 -0.338218 -0.63267 -0.953763 0.247015 0.171227 -0.285499 0.241754 0.292003 0.925359 0.383141 0.126089 -0.0703607 0.989521 0.372786 -0.986754 0.0937345 0.132402 -0.512427 -0.102068 -0.993108 -0.0576098 0.426752 
1537350038525 0.179408 0.923603 -0.338777 -0.633361 -0.953066 0.248546 0.172887 -0.285211 0.243881 0.291859 0.924846 0.382642 0.128061 -0.0705781 0.989252 0.372364 -0.986993 0.0886787 0.134095 -0.512813 -0.0971897 -0.993557 -0.0583038 0.427229 
1537350038877 0.180236 0.923236 -0.339337 -0.634051 -0.952363 0.250077 0.174545 -0.284922 0.246007 0.291713 0.924329 0.382143 0.130032 -0.0707854 0.98898 0.371942 -0.987203 0.0836204 0.135784 -0.513199 -0.0923104 -0.99398 -0.0590062 0.427705 
1537350039165 0.181063 0.922868 -0.339899 -0.634741 -0.951655 0.251607 0.176201 -0.284633 0.248132 0.291563 0.923808 0.381644 0.132004 -0.0709826 0.988704 0.37152 -0.987386 0.0785597 0.137468 -0.513585 -0.0874302 -0.994379 -0.059717 0.428181 
1537350039486 0.181888 0.922498 -0.340462 -0.635429 -0.950941 0.253136 0.177856 -0.284344 0.250255 0.29141 0.923284 0.381145 0.133976 -0.0711696 0.988426 0.371098 -0.98754 0.0734966 0.139148 -0.513971 -0.0825491 -0.994753 -0.0604361 0.428657 
1537350039757 0.182711 0.922127 -0.341027 -0.63612 -0.950222 0.254665 0.179509 -0.284055 0.252378 0.291253 0.922755 0.380646 0.135949 -0.0713466 0.988143 0.370676 -0.987667 0.0684315 0.140824 -0.514357 -0.0776675 -0.995101 -0.0611635 0.429133 
1537350040037 0.183532 0.921754 -0.341593 -0.636809 -0.949498 0.256193 0.18116 -0.283766 0.254499 0.291093 0.922223 0.380147 0.137923 -0.0715134 0.987858 0.370254 -0.987765 0.0633643 0.142497 -0.514742 -0.0727853 -0.995425 -0.0618991 0.42961 
1537350040363 0.184352 0.92138 -0.34216 -0.6375 -0.948768 0.25772 0.18281 -0.283477 0.256619 0.290929 0.921687 0.379648 0.139896 -0.0716701 0.987569 0.369833 -0.987835 0.0582953 0.144164 -0.515128 -0.0679029 -0.995723 -0.062643 0.430086 
1537350040734 0.184159 0.921477 -0.342001 -0.637247 -0.949041 0.25724 0.182066 -0.283679 0.255746 0.291044 0.921893 0.379846 0.13972 -0.0717708 0.987587 0.369981 -0.987772 0.0595708 0.144076 -0.514941 -0.0691717 -0.995641 -0.0625699 0.429985 
1537350040757 0.184493 0.921359 -0.342139 -0.637396 -0.949039 0.257508 0.181698 -0.283622 0.255513 0.291181 0.921915 0.379824 0.141156 -0.0705936 0.987467 0.369989 -0.987977 0.053485 0.145053 -0.515148 -0.0630545 -0.99607 -0.0621951 0.430062 
1537350041101 0.184828 0.921241 -0.342276 -0.637545 -0.949037 0.257776 0.181331 -0.283565 0.25528 0.291318 0.921936 0.379803 0.142586 -0.0694076 0.987346 0.369998 -0.988144 0.047397 0.146034 -0.515359 -0.0569331 -0.996462 -0.0618265 0.43014 
1537350041434 0.185163 0.921123 -0.342413 -0.637694 -0.949034 0.258044 0.180963 -0.283509 0.255047 0.291454 0.921958 0.379781 0.144009 -0.0682128 0.987223 0.370006 -0.988271 0.0413084 0.147016 -0.51557 -0.050809 -0.996815 -0.061464 0.430218 
1537350041788 0.185498 0.921005 -0.34255 -0.637843 -0.949031 0.258311 0.180595 -0.283452 0.254814 0.29159 0.921979 0.379759 0.145423 -0.0670093 0.987098 0.370015 -0.98836 0.0352196 0.148 -0.51578 -0.0446826 -0.997131 -0.0611076 0.430295 
1537350042165 0.185833 0.920887 -0.342686 -0.637992 -0.949028 0.258579 0.180228 -0.283395 0.254581 0.291727 0.922 0.379738 0.146831 -0.065797 0.986971 0.370024 -0.98841 0.0291305 0.148987 -0.515992 -0.0385538 -0.997408 -0.0607572 0.430373 
1537350042516 0.186168 0.920768 -0.342823 -0.638141 -0.949025 0.258847 0.179859 -0.283338 0.254348 0.291864 0.922021 0.379716 0.14823 -0.0645761 0.986842 0.370033 -0.988421 0.0230416 0.149975 -0.516202 -0.0324232 -0.997647 -0.0604129 0.43045 
1537350042916 0.186502 0.92065 -0.342959 -0.63829 -0.949022 0.259114 0.179492 -0.283282 0.254115 0.292 0.922042 0.379694 0.149622 -0.0633465 0.986712 0.370042 -0.988394 0.0169529 0.150966 -0.516414 -0.0262908 -0.997848 -0.0600748 0.430528 
1537350043299 0.186838 0.920531 -0.343095 -0.63844 -0.949018 0.259382 0.179124 -0.283225 0.253882 0.292137 0.922063 0.379673 0.151006 -0.0621084 0.98658 0.370051 -0.988327 0.010865 0.151958 -0.516624 -0.020157 -0.99801 -0.0597428 0.430605 
1537350043595 0.187172 0.920413 -0.343231 -0.638589 -0.949015 0.259649 0.178756 -0.283168 0.253649 0.292273 0.922084 0.379651 0.152383 -0.0608617 0.986446 0.37006 -0.988222 0.00477779 0.152952 -0.516836 -0.014022 -0.998135 -0.0594168 0.430683 
1537350043977 0.186785 0.920535 -0.343113 -0.638466 -0.949015 0.259352 0.179185 -0.283157 0.253933 0.29215 0.922045 0.37969 0.15201 -0.0612494 0.986479 0.370052 -0.988263 0.00585598 0.152648 -0.516752 -0.0151264 -0.998105 -0.0596403 0.430634 
1537350043992 0.186705 0.920643 -0.342868 -0.638529 -0.949136 0.259109 0.178896 -0.283207 0.253539 0.292027 0.922192 0.379707 0.151492 -0.060932 0.986579 0.370074 -0.988323 0.00716792 0.152202 -0.516683 -0.0163457 -0.998116 -0.0591347 0.430551 
1537350044181 0.186624 0.920751 -0.342621 -0.638599 -0.949257 0.258863 0.178609 -0.28326 0.253146 0.291903 0.922339 0.379724 0.150972 -0.0606142 0.986678 0.370093 -0.988382 0.00847997 0.151754 -0.516609 -0.0175654 -0.998125 -0.0586297 0.430467 
1537350044269 0.186542 0.920859 -0.342374 -0.638667 -0.949378 0.258619 0.178321 -0.283312 0.252753 0.291778 0.922487 0.37974 0.150453 -0.0602956 0.986777 0.370114 -0.988439 0.00979178 0.151305 -0.516536 -0.0187853 -0.998133 -0.0581253 0.430383 
1537350044388 0.18646 0.920968 -0.342127 -0.638735 -0.949498 0.258374 0.178033 -0.283364 0.25236 0.291653 0.922634 0.379757 0.149935 -0.0599763 0.986875 0.370134 -0.988494 0.0111034 0.150855 -0.516463 -0.0200054 -0.998138 -0.0576214 0.4303 
1537350044518 0.186378 0.921076 -0.34188 -0.638804 -0.949619 0.258129 0.177746 -0.283417 0.251966 0.291528 0.922781 0.379773 0.149417 -0.0596562 0.986973 0.370154 -0.988546 0.0124148 0.150406 -0.516389 -0.0212257 -0.998142 -0.057118 0.430216 
1537350044671 0.186296 0.921184 -0.341634 -0.638872 -0.949739 0.257884 0.177458 -0.283469 0.251573 0.291403 0.922928 0.379789 0.148899 -0.0593356 0.987071 0.370175 -0.988598 0.0137262 0.149954 -0.516317 -0.0224464 -0.998144 -0.0566152 0.430133 
1537350044814 0.186214 0.921292 -0.341387 -0.638941 -0.94986 0.257639 0.17717 -0.283521 0.25118 0.291278 0.923074 0.379806 0.148382 -0.0590142 0.987168 0.370195 -0.988647 0.0150373 0.149503 -0.516244 -0.0236671 -0.998144 -0.0561129 0.430049 
1537350044913 0.186132 0.9214 -0.34114 -0.639009 -0.94998 0.257394 0.176882 -0.283573 0.250786 0.291153 0.923221 0.379822 0.147865 -0.0586921 0.987265 0.370215 -0.988694 0.0163483 0.149051 -0.516171 -0.0248882 -0.998142 -0.0556112 0.429965 
1537350045033 0.186049 0.921508 -0.340893 -0.639078 -0.950099 0.257149 0.176594 -0.283626 0.250393 0.291027 0.923367 0.379839 0.147348 -0.0583693 0.987361 0.370235 -0.98874 0.0176591 0.148597 -0.516097 -0.0261095 -0.998139 -0.05511 0.429882 
1537350045165 0.18644 0.921234 -0.34142 -0.638925 -0.949777 0.2579 0.177231 -0.28361 0.251324 0.29123 0.92305 0.379831 0.147798 -0.0586392 0.987278 0.37023 -0.988707 0.0162389 0.148977 -0.516208 -0.0247681 -0.998147 -0.0555769 0.430012 
1537350045180 0.186339 0.921368 -0.341115 -0.638965 -0.949909 0.257617 0.176935 -0.28368 0.2509 0.291058 0.92322 0.379802 0.147149 -0.0583301 0.987393 0.370239 -0.988775 0.0174594 0.148387 -0.516158 -0.0258947 -0.998145 -0.0551062 0.429917 
1537350045197 0.186237 0.921502 -0.340806 -0.639013 -0.950041 0.257333 0.17664 -0.283754 0.250475 0.290883 0.92339 0.379772 0.146498 -0.0580199 0.987508 0.370246 -0.988842 0.0186802 0.147793 -0.516102 -0.0270218 -0.998141 -0.0546359 0.429821 
1537350045424 0.186136 0.921637 -0.340498 -0.639058 -0.950173 0.25705 0.176345 -0.283827 0.250051 0.290708 0.92356 0.379742 0.145848 -0.0577089 0.987622 0.370253 -0.988906 0.0199007 0.1472 -0.516047 -0.0281491 -0.998135 -0.0541662 0.429726 
1537350045581 0.186034 0.921771 -0.34019 -0.639105 -0.950304 0.256766 0.176049 -0.283901 0.249626 0.290533 0.92373 0.379712 0.145198 -0.057397 0.987736 0.37026 -0.988969 0.0211209 0.146606 -0.515992 -0.0292767 -0.998128 -0.0536972 0.42963 
1537350045740 0.185933 0.921905 -0.339882 -0.639151 -0.950435 0.256482 0.175754 -0.283975 0.249202 0.290357 0.9239 0.379681 0.144549 -0.0570843 0.98785 0.370268 -0.98903 0.0223409 0.146013 -0.515937 -0.0304045 -0.998119 -0.0532288 0.429535 
1537350045878 0.185831 0.922039 -0.339574 -0.639198 -0.950567 0.256199 0.175458 -0.284048 0.248777 0.290182 0.924069 0.379651 0.143899 -0.0567709 0.987963 0.370275 -0.98909 0.0235608 0.145417 -0.515882 -0.0315326 -0.998109 -0.0527611 0.429439 
1537350046033 0.185729 0.922173 -0.339266 -0.639244 -0.950698 0.255915 0.175162 -0.284121 0.248353 0.290006 0.924239 0.379621 0.14325 -0.0564566 0.988075 0.370283 -0.989147 0.0247803 0.144822 -0.515828 -0.032661 -0.998097 -0.0522941 0.429344 
1537350046196 0.185626 0.922307 -0.338957 -0.639291 -0.950828 0.255631 0.174866 -0.284195 0.247928 0.28983 0.924408 0.379591 0.142601 -0.0561416 0.988187 0.37029 -0.989203 0.0259998 0.144225 -0.515773 -0.0337896 -0.998084 -0.0518278 0.429248 
1537350046337 0.185524 0.922441 -0.338649 -0.639336 -0.950959 0.255348 0.17457 -0.284268 0.247504 0.289655 0.924577 0.379561 0.141953 -0.0558257 0.988298 0.370297 -0.989257 0.0272189 0.143628 -0.515718 -0.0349185 -0.998069 -0.0513621 0.429153 
1537350046528 0.185645 0.922254 -0.339092 -0.639257 -0.950761 0.255748 0.175058 -0.284129 0.24817 0.289897 0.924322 0.379628 0.142418 -0.0562083 0.988209 0.370254 -0.989229 0.0260323 0.144045 -0.515794 -0.0338219 -0.99808 -0.0518954 0.42922 
1537350046548 0.186041 0.922227 -0.33895 -0.639237 -0.950731 0.256038 0.174803 -0.284121 0.247992 0.289729 0.924422 0.379599 0.141944 -0.0559401 0.988293 0.37026 -0.989229 0.0280299 0.143665 -0.515796 -0.0357384 -0.998041 -0.0513589 0.429101 
1537350046737 0.186439 0.922197 -0.338811 -0.639215 -0.950699 0.256329 0.174547 -0.284113 0.247814 0.289565 0.924522 0.379569 0.141469 -0.055671 0.988376 0.370265 -0.989226 0.0300267 0.143282 -0.515792 -0.0376543 -0.997998 -0.0508234 0.428981 
1537350046905 0.186836 0.922168 -0.338671 -0.639193 -0.950668 0.256619 0.174291 -0.284104 0.247635 0.289399 0.924621 0.37954 0.140994 -0.0554009 0.988459 0.37027 -0.989219 0.0320232 0.142897 -0.515788 -0.0395702 -0.997951 -0.0502886 0.428862 
1537350047037 0.187233 0.922139 -0.338531 -0.639171 -0.950636 0.25691 0.174035 -0.284095 0.247457 0.289234 0.924721 0.379511 0.14052 -0.0551299 0.988542 0.370275 -0.989208 0.0340195 0.142512 -0.515785 -0.0414863 -0.997899 -0.0497545 0.428743 
1537350047185 0.18763 0.92211 -0.338391 -0.63915 -0.950604 0.2572 0.17378 -0.284086 0.247278 0.289069 0.92482 0.379482 0.140047 -0.0548579 0.988624 0.37028 -0.989193 0.0360155 0.142126 -0.515782 -0.0434025 -0.997844 -0.0492212 0.428623 
1537350047346 0.188027 0.92208 -0.338251 -0.639127 -0.950572 0.257491 0.173524 -0.284077 0.2471 0.288905 0.924919 0.379453 0.139573 -0.0545849 0.988706 0.370284 -0.989174 0.0380113 0.141738 -0.515778 -0.0453188 -0.997785 -0.0486886 0.428504 
1537350047512 0.188424 0.922051 -0.33811 -0.639105 -0.95054 0.257782 0.173268 -0.284068 0.246921 0.28874 0.925019 0.379424 0.139101 -0.054311 0.988788 0.370289 -0.989151 0.0400068 0.141349 -0.515775 -0.0472351 -0.997722 -0.0481568 0.428384 
1537350047676 0.18882 0.922021 -0.33797 -0.639082 -0.950508 0.258073 0.173012 -0.284058 0.246742 0.288575 0.925118 0.379395 0.138629 -0.0540361 0.988869 0.370294 -0.989124 0.0420021 0.140959 -0.515771 -0.0491515 -0.997655 -0.0476257 0.428265 
1537350047872 0.189217 0.921991 -0.33783 -0.63906 -0.950475 0.258363 0.172757 -0.28405 0.246563 0.28841 0.925217 0.379366 0.138157 -0.0537603 0.98895 0.370299 -0.989093 0.0439971 0.140569 -0.515768 -0.051068 -0.997584 -0.0470954 0.428146 
1537350048052 0.188766 0.922012 -0.338026 -0.639104 -0.950507 0.258046 0.173058 -0.284086 0.246788 0.288629 0.925089 0.379453 0.138437 -0.053928 0.988902 0.370335 -0.989131 0.0424337 0.140783 -0.51578 -0.0495549 -0.997643 -0.0474674 0.428251 
1537350048077 0.189299 0.921956 -0.33788 -0.638924 -0.950444 0.258466 0.172773 -0.284007 0.24662 0.28843 0.925195 0.379512 0.138147 -0.0537689 0.988951 0.370357 -0.989283 0.0401751 0.140378 -0.51584 -0.0472792 -0.997745 -0.0476426 0.428215 
1537350048328 0.189832 0.9219 -0.337733 -0.63874 -0.950382 0.258887 0.172489 -0.283926 0.246452 0.288232 0.925302 0.379573 0.137857 -0.05361 0.989 0.370379 -0.989429 0.037916 0.139972 -0.515901 -0.0450028 -0.997842 -0.0478163 0.428179 
1537350048538 0.190365 0.921844 -0.337587 -0.638554 -0.950319 0.259308 0.172204 -0.283844 0.246284 0.288033 0.925409 0.379633 0.137566 -0.0534517 0.989049 0.370401 -0.989571 0.0356566 0.139566 -0.515961 -0.0427261 -0.997934 -0.0479891 0.428144 
1537350048733 0.190898 0.921787 -0.33744 -0.638369 -0.950255 0.259728 0.171919 -0.283763 0.246116 0.287835 0.925515 0.379694 0.137275 -0.0532941 0.989098 0.370423 -0.989707 0.0333969 0.139159 -0.516022 -0.0404492 -0.99802 -0.0481609 0.428108 
1537350048918 0.191431 0.921731 -0.337293 -0.638183 -0.950192 0.260149 0.171635 -0.283681 0.245947 0.287637 0.925621 0.379754 0.136985 -0.0531371 0.989147 0.370445 -0.989837 0.0311369 0.138753 -0.516082 -0.0381719 -0.998102 -0.0483318 0.428072 
1537350049104 0.191964 0.921674 -0.337146 -0.637999 -0.950128 0.26057 0.17135 -0.2836 0.245779 0.287438 0.925728 0.379814 0.136693 -0.0529808 0.989196 0.370466 -0.989963 0.0288769 0.138345 -0.516143 -0.0358945 -0.998178 -0.0485018 0.428036 
1537350049324 0.192497 0.921617 -0.336999 -0.637814 -0.950063 0.26099 0.171066 -0.283518 0.24561 0.28724 0.925834 0.379875 0.1364 -0.0528252 0.989244 0.370488 -0.990083 0.0266166 0.137937 -0.516203 -0.0336169 -0.998249 -0.0486709 0.428 
1537350049533 0.193029 0.921559 -0.336851 -0.637629 -0.949999 0.261411 0.170781 -0.283437 0.245442 0.287042 0.92594 0.379935 0.136109 -0.0526702 0.989293 0.37051 -0.990198 0.0243559 0.13753 -0.516264 -0.0313389 -0.998315 -0.0488389 0.427965 
1537350049721 0.193562 0.921501 -0.336703 -0.637443 -0.949934 0.261832 0.170497 -0.283355 0.245273 0.286844 0.926046 0.379996 0.135815 -0.052516 0.989341 0.370532 -0.990308 0.0220953 0.137121 -0.516324 -0.0290608 -0.998376 -0.0490061 0.427929 
1537350049917 0.193148 0.921537 -0.336843 -0.637615 -0.949952 0.261547 0.170835 -0.283486 0.245532 0.286988 0.925933 0.37992 0.135865 -0.0526565 0.989327 0.370481 -0.990257 0.0235422 0.137245 -0.516347 -0.0305178 -0.998335 -0.0489449 0.427958 
1537350049941 0.193298 0.921521 -0.336801 -0.637293 -0.949935 0.261665 0.17075 -0.283383 0.245479 0.286933 0.925964 0.380052 0.136441 -0.052101 0.989277 0.370516 -0.990214 0.0223762 0.137749 -0.51652 -0.0293131 -0.998391 -0.0485381 0.427847 
1537350050130 0.19345 0.921504 -0.33676 -0.636966 -0.949918 0.261783 0.170663 -0.283276 0.245425 0.28688 0.925995 0.380186 0.137016 -0.0515443 0.989227 0.370552 -0.99017 0.0212114 0.138252 -0.516695 -0.028109 -0.998445 -0.0481314 0.427735 
1537350050385 0.193602 0.921487 -0.336719 -0.636639 -0.949901 0.261901 0.170576 -0.283171 0.245371 0.286826 0.926026 0.38032 0.137591 -0.050987 0.989176 0.370588 -0.990124 0.0200468 0.138756 -0.51687 -0.0269046 -0.998498 -0.0477252 0.427624 
1537350050583 0.193754 0.92147 -0.336678 -0.636312 -0.949884 0.26202 0.170489 -0.283064 0.245317 0.286772 0.926057 0.380453 0.138165 -0.0504289 0.989125 0.370624 -0.990076 0.0188824 0.139261 -0.517045 -0.0256999 -0.998549 -0.0473196 0.427513 
1537350050845 0.193905 0.921453 -0.336637 -0.635985 -0.949867 0.262138 0.170402 -0.282958 0.245263 0.286719 0.926088 0.380587 0.138738 -0.0498702 0.989073 0.37066 -0.990026 0.0177184 0.139765 -0.517219 -0.0244949 -0.998599 -0.0469146 0.427401 
1537350051062 0.194057 0.921436 -0.336596 -0.635659 -0.94985 0.262256 0.170315 -0.282852 0.245209 0.286665 0.926119 0.38072 0.139311 -0.0493108 0.98902 0.370696 -0.989975 0.0165545 0.140271 -0.517394 -0.0232896 -0.998646 -0.0465102 0.42729 
1537350051297 0.194209 0.921419 -0.336555 -0.635331 -0.949833 0.262374 0.170228 -0.282746 0.245155 0.286611 0.92615 0.380854 0.139883 -0.0487507 0.988967 0.370732 -0.989922 0.015391 0.140776 -0.517569 -0.0220842 -0.998692 -0.0461064 0.427179 
1537350051519 0.19436 0.921403 -0.336514 -0.635005 -0.949816 0.262492 0.170141 -0.28264 0.245101 0.286557 0.926181 0.380987 0.140454 -0.0481899 0.988914 0.370768 -0.989867 0.0142277 0.141283 -0.517743 -0.0208783 -0.998737 -0.0457032 0.427068 
1537350051740 0.194512 0.921385 -0.336473 -0.634677 -0.949799 0.262611 0.170054 -0.282534 0.245047 0.286504 0.926212 0.381121 0.141024 -0.0476284 0.98886 0.370804 -0.989811 0.0130647 0.141789 -0.517918 -0.0196723 -0.99878 -0.0453007 0.426956 
1537350051971 0.194414 0.921346 -0.336637 -0.634909 -0.949798 0.262574 0.170116 -0.282588 0.245128 0.286664 0.92614 0.380998 0.140619 -0.048029 0.988898 0.370798 -0.989855 0.013714 0.141421 -0.517836 -0.020354 -0.998752 -0.0456133 0.42701 
1537350051986 0.194461 0.921342 -0.336622 -0.634467 -0.949708 0.262709 0.17041 -0.282441 0.245439 0.286554 0.926092 0.381154 0.141244 -0.047985 0.988811 0.370861 -0.989762 0.0138643 0.142052 -0.518019 -0.0205256 -0.998752 -0.0455354 0.426935 
1537350052046 0.194509 0.921337 -0.336607 -0.63402 -0.949617 0.262845 0.170703 -0.282291 0.245751 0.286444 0.926043 0.381311 0.141848 -0.0479755 0.988725 0.370927 -0.989668 0.014188 0.142672 -0.518184 -0.0208728 -0.998748 -0.0454673 0.426865 
1537350052372 0.194556 0.921332 -0.336592 -0.633572 -0.949527 0.262981 0.170997 -0.28214 0.246063 0.286335 0.925994 0.381468 0.142452 -0.0479663 0.988639 0.370993 -0.989574 0.0145117 0.143291 -0.518349 -0.02122 -0.998744 -0.045399 0.426794 
1537350052669 0.194604 0.921328 -0.336578 -0.633125 -0.949436 0.263117 0.171291 -0.28199 0.246374 0.286225 0.925945 0.381626 0.143056 -0.0479573 0.988552 0.371058 -0.98948 0.0148354 0.14391 -0.518514 -0.0215671 -0.998739 -0.0453305 0.426724 
1537350052958 0.194651 0.921323 -0.336563 -0.632679 -0.949346 0.263252 0.171585 -0.281841 0.246686 0.286116 0.925896 0.381782 0.14366 -0.0479485 0.988465 0.371124 -0.989384 0.0151591 0.144529 -0.518678 -0.0219142 -0.998735 -0.0452618 0.426654 
1537350053246 0.194699 0.921318 -0.336549 -0.632231 -0.949255 0.263388 0.171878 -0.28169 0.246998 0.286006 0.925847 0.38194 0.144265 -0.0479399 0.988377 0.371189 -0.989289 0.0154828 0.145149 -0.518843 -0.0222612 -0.99873 -0.0451928 0.426584 
1537350053528 0.194746 0.921314 -0.336534 -0.631785 -0.949164 0.263524 0.172172 -0.28154 0.247309 0.285896 0.925798 0.382097 0.144868 -0.0479315 0.988289 0.371255 -0.989193 0.0158065 0.145767 -0.519008 -0.0226082 -0.998726 -0.0451236 0.426514 
1537350053777 0.194794 0.921309 -0.33652 -0.631337 -0.949073 0.26366 0.172466 -0.28139 0.247621 0.285786 0.925748 0.382254 0.145472 -0.0479233 0.988201 0.371321 -0.989096 0.0161302 0.146386 -0.519173 -0.0229552 -0.998721 -0.0450542 0.426443 
1537350054024 0.194842 0.921304 -0.336505 -0.63089 -0.948982 0.263795 0.17276 -0.28124 0.247933 0.285676 0.925699 0.382411 0.146076 -0.0479152 0.988112 0.371386 -0.988999 0.0164539 0.147005 -0.519338 -0.0233021 -0.998716 -0.0449846 0.426373 
1537350054312 0.194672 0.921379 -0.336398 -0.631017 -0.949084 0.263539 0.172591 -0.281213 0.247676 0.285671 0.925769 0.382397 0.145403 -0.0477911 0.988218 0.371283 -0.989107 0.0161361 0.146314 -0.519259 -0.0229385 -0.998727 -0.0449242 0.426468 
1537350054325 0.1947 0.921373 -0.336398 -0.630649 -0.948992 0.263663 0.172902 -0.281098 0.248003 0.285575 0.925711 0.382516 0.145119 -0.0497604 0.988162 0.371335 -0.989099 0.0179039 0.146158 -0.519273 -0.0249648 -0.998601 -0.0466198 0.42667 
1537350054607 0.194728 0.921367 -0.336398 -0.630277 -0.948901 0.263788 0.173212 -0.280981 0.24833 0.285479 0.925653 0.382636 0.14483 -0.0517291 0.988103 0.371386 -0.989088 0.0196711 0.146004 -0.519286 -0.0269897 -0.998467 -0.0483157 0.426871 
1537350054856 0.194756 0.921361 -0.336399 -0.629904 -0.94881 0.263913 0.173523 -0.280863 0.248657 0.285384 0.925595 0.382756 0.144537 -0.0536971 0.988041 0.371438 -0.989074 0.0214385 0.145853 -0.5193 -0.029014 -0.998327 -0.0500118 0.427073 
1537350055093 0.194784 0.921355 -0.336399 -0.629532 -0.948718 0.264038 0.173833 -0.280746 0.248984 0.285288 0.925536 0.382875 0.14424 -0.0556644 0.987976 0.37149 -0.989056 0.0232061 0.145705 -0.519313 -0.0310376 -0.99818 -0.0517079 0.427274 
1537350055335 0.194812 0.921349 -0.3364 -0.629159 -0.948626 0.264162 0.174144 -0.280628 0.249312 0.285193 0.925478 0.382995 0.143939 -0.057631 0.987907 0.371541 -0.989034 0.0249739 0.14556 -0.519327 -0.0330607 -0.998026 -0.0534043 0.427476 
1537350055618 0.19484 0.921342 -0.336401 -0.628786 -0.948535 0.264287 0.174454 -0.28051 0.249639 0.285097 0.925419 0.383115 0.143635 -0.0595968 0.987835 0.371593 -0.989009 0.0267419 0.145419 -0.51934 -0.0350831 -0.997864 -0.0551007 0.427677 
1537350055850 0.194868 0.921336 -0.336402 -0.628414 -0.948443 0.264412 0.174765 -0.280393 0.249966 0.285002 0.92536 0.383235 0.143326 -0.0615619 0.987759 0.371644 -0.98898 0.0285102 0.14528 -0.519354 -0.0371049 -0.997696 -0.0567972 0.427879 
1537350056090 0.194896 0.92133 -0.336402 -0.628041 -0.948351 0.264537 0.175075 -0.280275 0.250293 0.284906 0.925301 0.383355 0.143013 -0.0635262 0.98768 0.371696 -0.988947 0.0302785 0.145144 -0.519367 -0.0391259 -0.997521 -0.0584938 0.42808 
1537350056370 0.194924 0.921324 -0.336403 -0.627669 -0.948259 0.264661 0.175386 -0.280157 0.25062 0.28481 0.925242 0.383474 0.142696 -0.0654897 0.987598 0.371748 -0.988911 0.032047 0.145011 -0.519381 -0.0411463 -0.997338 -0.0601905 0.428282 
1537350056662 0.194735 0.921372 -0.33638 -0.627926 -0.948365 0.264402 0.175199 -0.280153 0.250363 0.284894 0.925286 0.383376 0.143017 -0.0646982 0.987603 0.371775 -0.98889 0.0315258 0.145268 -0.519302 -0.0405336 -0.997407 -0.0594707 0.428201 
1537350056671 0.194759 0.921366 -0.336383 -0.627621 -0.948287 0.264509 0.175463 -0.280062 0.250642 0.284815 0.925235 0.383479 0.143489 -0.0639212 0.987586 0.371812 -0.988858 0.0306932 0.14566 -0.519423 -0.0396229 -0.997483 -0.0588049 0.428085 
1537350056868 0.194783 0.921359 -0.336388 -0.627311 -0.948208 0.264617 0.175726 -0.279969 0.250921 0.284737 0.925183 0.383583 0.14396 -0.0631435 0.987567 0.371849 -0.988826 0.0298605 0.146053 -0.519546 -0.0387115 -0.997558 -0.0581393 0.427969 
1537350057108 0.194807 0.921352 -0.336393 -0.627 -0.948129 0.264724 0.17599 -0.279874 0.2512 0.28466 0.925131 0.383687 0.14443 -0.0623655 0.987548 0.371886 -0.988793 0.0290281 0.146446 -0.51967 -0.0377998 -0.997631 -0.057474 0.427853 
1537350057299 0.194831 0.921345 -0.336398 -0.626689 -0.94805 0.264831 0.176253 -0.27978 0.251478 0.284583 0.925079 0.383791 0.1449 -0.0615871 0.987528 0.371923 -0.988758 0.028196 0.146839 -0.519793 -0.0368878 -0.997703 -0.0568091 0.427737 
1537350057487 0.194855 0.921338 -0.336403 -0.62638 -0.947971 0.264938 0.176516 -0.279687 0.251757 0.284505 0.925027 0.383895 0.14537 -0.0608082 0.987507 0.371961 -0.988723 0.0273642 0.147234 -0.519915 -0.0359754 -0.997774 -0.0561445 0.427621 
1537350057709 0.19488 0.921332 -0.336408 -0.626069 -0.947892 0.265046 0.176779 -0.279593 0.252036 0.284428 0.924975 0.383999 0.145837 -0.0600289 0.987486 0.371998 -0.988687 0.0265328 0.147628 -0.520038 -0.0350627 -0.997844 -0.0554803 0.427505 
1537350057902 0.194904 0.921325 -0.336412 -0.625759 -0.947813 0.265153 0.177043 -0.2795 0.252314 0.28435 0.924923 0.384103 0.146305 -0.0592492 0.987464 0.372035 -0.98865 0.0257015 0.148023 -0.520161 -0.0341496 -0.997912 -0.0548164 0.427389 
1537350058078 0.194928 0.921318 -0.336417 -0.625448 -0.947734 0.26526 0.177306 -0.279405 0.252593 0.284272 0.924871 0.384207 0.146772 -0.058469 0.987441 0.372072 -0.988612 0.0248706 0.148419 -0.520284 -0.0332362 -0.997979 -0.0541529 0.427273 
1537350058261 0.194952 0.921311 -0.336422 -0.625138 -0.947655 0.265367 0.177569 -0.279312 0.252871 0.284195 0.924819 0.384311 0.147238 -0.0576885 0.987417 0.372109 -0.988573 0.02404 0.148815 -0.520407 -0.0323224 -0.998045 -0.0534897 0.427157 
1537350058463 0.194815 0.921337 -0.33643 -0.625383 -0.947758 0.265156 0.177335 -0.279349 0.252591 0.284306 0.924861 0.384188 0.146691 -0.0581339 0.987473 0.372028 -0.988633 0.0246578 0.148315 -0.520421 -0.032971 -0.998004 -0.053856 0.427254 
1537350058476 0.194833 0.921335 -0.336425 -0.625134 -0.947689 0.265245 0.177568 -0.279273 0.252834 0.284231 0.924818 0.384276 0.146744 -0.057597 0.987496 0.372037 -0.98862 0.0248843 0.148363 -0.520496 -0.0331184 -0.99803 -0.0532899 0.427176 
1537350058493 0.194851 0.921332 -0.336422 -0.624878 -0.94762 0.265334 0.177801 -0.279193 0.253078 0.284155 0.924774 0.384365 0.146798 -0.05706 0.987519 0.372047 -0.988607 0.0251099 0.14841 -0.520572 -0.0332648 -0.998055 -0.0527238 0.427098 
1537350058689 0.194869 0.92133 -0.336418 -0.624624 -0.947552 0.265424 0.178035 -0.279114 0.253322 0.28408 0.92473 0.384454 0.146851 -0.056523 0.987542 0.372056 -0.988594 0.0253354 0.148458 -0.520648 -0.0334111 -0.99808 -0.0521577 0.427019 
1537350058781 0.194888 0.921327 -0.336415 -0.62437 -0.947483 0.265513 0.178268 -0.279035 0.253566 0.284005 0.924687 0.384543 0.146905 -0.0559859 0.987565 0.372066 -0.988581 0.025561 0.148505 -0.520724 -0.0335573 -0.998104 -0.0515916 0.426941 
1537350058927 0.194906 0.921325 -0.336411 -0.624115 -0.947414 0.265603 0.178501 -0.278956 0.253809 0.28393 0.924643 0.384632 0.146959 -0.0554489 0.987587 0.372075 -0.988568 0.0257866 0.148553 -0.5208 -0.0337036 -0.998128 -0.0510254 0.426863 
1537350059069 0.194924 0.921322 -0.336408 -0.623862 -0.947345 0.265692 0.178735 -0.278877 0.254053 0.283854 0.924599 0.384721 0.147013 -0.0549119 0.987609 0.372085 -0.988555 0.0260122 0.1486 -0.520875 -0.0338498 -0.998152 -0.0504593 0.426785 
1537350059172 0.194942 0.92132 -0.336404 -0.623606 -0.947275 0.265781 0.178968 -0.278798 0.254297 0.283779 0.924555 0.38481 0.147067 -0.0543748 0.987631 0.372094 -0.988542 0.0262378 0.148648 -0.520951 -0.033996 -0.998176 -0.0498931 0.426707 
1537350059314 0.19496 0.921317 -0.336401 -0.623353 -0.947206 0.265871 0.179202 -0.278719 0.254541 0.283704 0.924511 0.384899 0.147121 -0.0538378 0.987652 0.372104 -0.988529 0.0264635 0.148694 -0.521027 -0.0341421 -0.998199 -0.0493269 0.426628 
1537350059469 0.194979 0.921314 -0.336397 -0.623099 -0.947137 0.26596 0.179435 -0.27864 0.254784 0.283628 0.924467 0.384988 0.147175 -0.0533008 0.987673 0.372113 -0.988516 0.0266892 0.148741 -0.521103 -0.0342883 -0.998222 -0.0487607 0.42655 
1537350059624 0.194792 0.921397 -0.336278 -0.623323 -0.947259 0.265669 0.17922 -0.278658 0.254471 0.283632 0.924552 0.384892 0.147225 -0.054211 0.987616 0.372122 -0.988518 0.0262803 0.148802 -0.520934 -0.0340215 -0.998184 -0.0497194 0.426654 
1537350059643 0.194815 0.92139 -0.336286 -0.623116 -0.9472 0.265752 0.179408 -0.278596 0.254674 0.283579 0.924513 0.384964 0.146967 -0.0529956 0.987721 0.372118 -0.988536 0.0270708 0.14854 -0.52098 -0.0346104 -0.998228 -0.0484095 0.426465 
1537350059656 0.194839 0.921382 -0.336294 -0.622904 -0.947141 0.265836 0.179597 -0.278532 0.254876 0.283525 0.924474 0.385036 0.146708 -0.0517794 0.987824 0.372113 -0.988553 0.0278603 0.148276 -0.521025 -0.0351987 -0.99827 -0.0470993 0.426276 
1537350059858 0.194862 0.921374 -0.336301 -0.622693 -0.947082 0.265921 0.179785 -0.278468 0.255079 0.283471 0.924434 0.385109 0.14645 -0.050563 0.987925 0.372109 -0.988571 0.0286494 0.148012 -0.52107 -0.0357874 -0.99831 -0.0457894 0.426087 
1537350060021 0.194886 0.921366 -0.336309 -0.622482 -0.947022 0.266005 0.179973 -0.278404 0.255281 0.283417 0.924395 0.385181 0.146192 -0.0493463 0.988025 0.372104 -0.988587 0.0294382 0.147746 -0.521115 -0.0363764 -0.998348 -0.0444795 0.425898 
1537350060177 0.19491 0.921359 -0.336316 -0.62227 -0.946963 0.266089 0.180161 -0.278339 0.255483 0.283364 0.924356 0.385254 0.145937 -0.0481294 0.988122 0.3721 -0.988603 0.0302265 0.14748 -0.521161 -0.0369656 -0.998384 -0.0431697 0.42571 
1537350060315 0.194933 0.921351 -0.336324 -0.622059 -0.946903 0.266173 0.18035 -0.278275 0.255685 0.28331 0.924316 0.385327 0.14568 -0.0469122 0.988219 0.372096 -0.988619 0.0310147 0.147212 -0.521206 -0.0375554 -0.998417 -0.04186 0.425521 
1537350060476 0.194957 0.921343 -0.336331 -0.621846 -0.946844 0.266257 0.180538 -0.278211 0.255888 0.283256 0.924277 0.385399 0.145426 -0.0456947 0.988313 0.372091 -0.988634 0.0318024 0.146943 -0.521251 -0.0381453 -0.998449 -0.0405504 0.425332 
1537350060653 0.194981 0.921335 -0.336339 -0.621635 -0.946784 0.266341 0.180726 -0.278147 0.25609 0.283202 0.924237 0.385472 0.145171 -0.044477 0.988406 0.372087 -0.988648 0.0325899 0.146673 -0.521297 -0.0387356 -0.998479 -0.039241 0.425143 
1537350060822 0.195004 0.921327 -0.336347 -0.621423 -0.946725 0.266425 0.180914 -0.278082 0.256292 0.283149 0.924198 0.385545 0.144917 -0.0432589 0.988498 0.372082 -0.988662 0.0333769 0.146402 -0.521342 -0.0393262 -0.998506 -0.0379315 0.424954 
1537350060963 0.194797 0.921429 -0.336188 -0.621665 -0.946836 0.266125 0.180775 -0.278045 0.25604 0.2831 0.924282 0.385498 0.145033 -0.0442214 0.988438 0.372079 -0.988663 0.0327634 0.146531 -0.521318 -0.0388644 -0.998484 -0.0389683 0.42508 
1537350060975 0.194827 0.92142 -0.336196 -0.621487 -0.946785 0.266204 0.180926 -0.277999 0.256205 0.283056 0.92425 0.385553 0.144277 -0.044619 0.988531 0.372056 -0.988736 0.0336958 0.145828 -0.521288 -0.039816 -0.998436 -0.0392549 0.425129 
1537350061170 0.194856 0.92141 -0.336206 -0.621305 -0.946734 0.266283 0.181075 -0.27795 0.25637 0.283014 0.924217 0.385609 0.14352 -0.0450154 0.988623 0.372031 -0.988807 0.0346293 0.145124 -0.521254 -0.0407681 -0.998386 -0.0395415 0.425178 
1537350061303 0.194887 0.9214 -0.336216 -0.621122 -0.946683 0.266362 0.181225 -0.2779 0.256536 0.282972 0.924184 0.385666 0.142763 -0.045411 0.988715 0.372006 -0.988877 0.035563 0.14442 -0.521219 -0.0417199 -0.998335 -0.0398288 0.425227 
1537350061464 0.194916 0.92139 -0.336226 -0.620939 -0.946632 0.266442 0.181374 -0.277851 0.256701 0.282929 0.924151 0.385722 0.142005 -0.045806 0.988806 0.371982 -0.988946 0.036497 0.143716 -0.521185 -0.0426715 -0.998283 -0.0401168 0.425277 
1537350061620 0.194946 0.92138 -0.336236 -0.620758 -0.946581 0.266521 0.181524 -0.277803 0.256866 0.282887 0.924118 0.385778 0.141246 -0.0462002 0.988896 0.371957 -0.989013 0.0374314 0.143012 -0.521152 -0.0436229 -0.998231 -0.0404056 0.425326 
1537350061777 0.194976 0.92137 -0.336246 -0.620574 -0.94653 0.266601 0.181673 -0.277754 0.257032 0.282845 0.924085 0.385834 0.140488 -0.0465937 0.988985 0.371933 -0.989078 0.0383658 0.142309 -0.521117 -0.0445739 -0.998177 -0.0406949 0.425375 
1537350061908 0.195006 0.92136 -0.336256 -0.620393 -0.946479 0.26668 0.181823 -0.277705 0.257197 0.282802 0.924052 0.38589 0.139728 -0.0469865 0.989074 0.371908 -0.989143 0.0393007 0.141605 -0.521084 -0.0455248 -0.998122 -0.040985 0.425424 
1537350062051 0.195036 0.92135 -0.336266 -0.620209 -0.946428 0.266759 0.181972 -0.277656 0.257362 0.28276 0.924019 0.385947 0.138969 -0.0473785 0.989163 0.371884 -0.989206 0.0402356 0.140902 -0.521049 -0.0464753 -0.998066 -0.0412756 0.425473 
1537350062206 0.195066 0.92134 -0.336276 -0.620027 -0.946377 0.266839 0.182122 -0.277607 0.257528 0.282718 0.923986 0.386003 0.138209 -0.0477699 0.98925 0.371859 -0.989267 0.0411709 0.1402 -0.521016 -0.0474256 -0.99801 -0.041567 0.425522 
1537350062418 0.195122 0.921342 -0.336238 -0.620243 -0.94642 0.266823 0.181919 -0.277709 0.257325 0.282726 0.92404 0.385908 0.138922 -0.0475057 0.989163 0.371921 -0.989205 0.0403805 0.140867 -0.520971 -0.0466349 -0.998054 -0.0413831 0.425517 
1537350062434 0.195149 0.921344 -0.336218 -0.620014 -0.946374 0.266889 0.182063 -0.277634 0.257475 0.282658 0.924019 0.385989 0.138953 -0.0480524 0.989132 0.371906 -0.98931 0.0378908 0.140819 -0.521075 -0.0442457 -0.998126 -0.0422737 0.425631 
1537350062637 0.195176 0.921345 -0.336198 -0.619781 -0.946328 0.266955 0.182206 -0.277556 0.257624 0.282591 0.923998 0.38607 0.138986 -0.048599 0.989101 0.371892 -0.989409 0.0354012 0.140769 -0.52118 -0.0418566 -0.998191 -0.043164 0.425745 
1537350062780 0.195204 0.921347 -0.336177 -0.619549 -0.946281 0.267022 0.182349 -0.277479 0.257773 0.282523 0.923977 0.386152 0.139021 -0.0491454 0.989069 0.371878 -0.989503 0.0329115 0.140717 -0.521285 -0.0394674 -0.998249 -0.0440541 0.425859 
1537350062992 0.195232 0.921348 -0.336157 -0.619315 -0.946235 0.267088 0.182492 -0.277401 0.257922 0.282456 0.923956 0.386233 0.139057 -0.0496917 0.989037 0.371863 -0.98959 0.0304216 0.140663 -0.521391 -0.0370779 -0.998301 -0.0449441 0.425973 
1537350063161 0.195259 0.92135 -0.336137 -0.619082 -0.946189 0.267154 0.182635 -0.277323 0.258072 0.282388 0.923935 0.386315 0.139094 -0.050238 0.989004 0.371849 -0.989671 0.0279316 0.140607 -0.521496 -0.0346883 -0.998347 -0.045834 0.426087 
1537350063309 0.195287 0.921351 -0.336117 -0.618848 -0.946142 0.267221 0.182778 -0.277245 0.258221 0.282321 0.923914 0.386397 0.139133 -0.0507841 0.988971 0.371835 -0.989747 0.0254414 0.140548 -0.521602 -0.0322984 -0.998386 -0.0467237 0.426201 
1537350063464 0.195315 0.921353 -0.336097 -0.618615 -0.946096 0.267287 0.182922 -0.277167 0.25837 0.282253 0.923893 0.386478 0.139172 -0.0513301 0.988937 0.371821 -0.989816 0.0229511 0.140487 -0.521707 -0.0299084 -0.998418 -0.0476132 0.426315 
1537350063632 0.195342 0.921354 -0.336077 -0.618383 -0.946049 0.267354 0.183065 -0.27709 0.258519 0.282185 0.923872 0.38656 0.139214 -0.0518759 0.988903 0.371806 -0.98988 0.0204606 0.140425 -0.521812 -0.0275182 -0.998444 -0.0485025 0.426429 
1537350063809 0.19537 0.921356 -0.336057 -0.618149 -0.946003 0.26742 0.183208 -0.277011 0.258668 0.282118 0.923851 0.386642 0.139256 -0.0524216 0.988868 0.371792 -0.989938 0.0179702 0.140359 -0.521918 -0.025128 -0.998463 -0.0493917 0.426543 
1537350063981 0.195381 0.921378 -0.335989 -0.618363 -0.946027 0.267388 0.183131 -0.277107 0.258572 0.282074 0.923891 0.386586 0.139097 -0.0519549 0.988915 0.371754 -0.989914 0.0198028 0.140278 -0.521885 -0.0268714 -0.998453 -0.0486764 0.426512 
1537350063996 0.195421 0.921393 -0.335926 -0.618042 -0.945963 0.267474 0.183335 -0.276996 0.258775 0.281946 0.923873 0.386696 0.13905 -0.0523805 0.988899 0.37175 -0.989919 0.0198168 0.140243 -0.522008 -0.0269428 -0.998431 -0.0490969 0.426548 
1537350064013 0.195473 0.921402 -0.335871 -0.617726 -0.9459 0.267568 0.183523 -0.2769 0.258967 0.281827 0.923856 0.386802 0.139004 -0.052807 0.988883 0.371745 -0.989923 0.0198303 0.140209 -0.522132 -0.0270139 -0.998408 -0.0495184 0.426583 
1537350064237 0.195524 0.921411 -0.335816 -0.61741 -0.945837 0.267662 0.183711 -0.276804 0.259158 0.281708 0.923839 0.386907 0.138958 -0.0532336 0.988866 0.371741 -0.989928 0.0198438 0.140175 -0.522255 -0.0270849 -0.998385 -0.04994 0.426619 
1537350064417 0.195575 0.92142 -0.335762 -0.617093 -0.945774 0.267756 0.183899 -0.276708 0.25935 0.281589 0.923821 0.387012 0.138911 -0.0536602 0.98885 0.371737 -0.989932 0.0198574 0.140141 -0.522379 -0.027156 -0.998362 -0.0503616 0.426654 
1537350064605 0.195626 0.921429 -0.335707 -0.616776 -0.945711 0.26785 0.184086 -0.276612 0.259542 0.28147 0.923803 0.387117 0.138865 -0.0540868 0.988833 0.371733 -0.989937 0.0198709 0.140107 -0.522502 -0.027227 -0.998339 -0.0507831 0.42669 
1537350064807 0.195677 0.921438 -0.335653 -0.616461 -0.945647 0.267944 0.184274 -0.276516 0.259733 0.281351 0.923786 0.387222 0.138818 -0.0545133 0.988816 0.371729 -0.989942 0.0198845 0.140073 -0.522626 -0.027298 -0.998315 -0.0512047 0.426726 
1537350064998 0.195728 0.921447 -0.335598 -0.616144 -0.945584 0.268038 0.184462 -0.276419 0.259925 0.281232 0.923768 0.387328 0.138772 -0.0549398 0.988799 0.371724 -0.989946 0.0198981 0.140039 -0.522749 -0.0273689 -0.998291 -0.0516262 0.426761 
1537350065213 0.19578 0.921456 -0.335544 -0.615828 -0.945521 0.268132 0.18465 -0.276323 0.260116 0.281113 0.923751 0.387433 0.138726 -0.0553664 0.988782 0.37172 -0.989951 0.0199117 0.140005 -0.522873 -0.0274399 -0.998268 -0.0520477 0.426797 
1537350065416 0.195831 0.921465 -0.335489 -0.61551 -0.945458 0.268226 0.184837 -0.276227 0.260308 0.280994 0.923733 0.387538 0.138679 -0.0557929 0.988764 0.371716 -0.989955 0.0199253 0.139971 -0.522996 -0.0275108 -0.998244 -0.0524692 0.426832 
1537350065703 0.195864 0.921468 -0.33546 -0.615672 -0.945469 0.268231 0.18477 -0.276283 0.26024 0.280977 0.923757 0.387543 0.138713 -0.0553173 0.988786 0.371696 -0.989953 0.0199108 0.13999 -0.522865 -0.0274314 -0.99827 -0.0519996 0.426742 
1537350065713 0.195981 0.921447 -0.335451 -0.615352 -0.945376 0.268413 0.184983 -0.276169 0.260492 0.280874 0.923717 0.387634 0.139582 -0.05498 0.988683 0.371719 -0.989893 0.0175363 0.140728 -0.523108 -0.025075 -0.998333 -0.0519765 0.426717 
1537350065949 0.196098 0.921425 -0.335442 -0.615028 -0.945282 0.268595 0.185197 -0.276052 0.260743 0.280771 0.923678 0.387727 0.14045 -0.0546397 0.988579 0.371742 -0.989827 0.0151613 0.141466 -0.523355 -0.0227178 -0.998391 -0.0519545 0.426692 
1537350066183 0.196214 0.921403 -0.335434 -0.614704 -0.945189 0.268777 0.18541 -0.275935 0.260994 0.280668 0.923638 0.387819 0.141318 -0.0542974 0.988474 0.371766 -0.989755 0.0127865 0.142203 -0.523601 -0.0203604 -0.998443 -0.0519342 0.426667 
1537350066399 0.196331 0.921382 -0.335425 -0.614379 -0.945095 0.268959 0.185623 -0.275818 0.261245 0.280565 0.923598 0.387911 0.142185 -0.053953 0.988369 0.37179 -0.989676 0.0104118 0.142941 -0.523848 -0.0180028 -0.998489 -0.0519156 0.426642 
