1533289567195 -0.329001 0.94127 -0.0759585 -0.514016 -0.915342 -0.298093 0.27072 -0.264917 0.232177 0.158595 0.959657 0.332875 0.16008 -0.304787 0.938871 0.370831 -0.775623 0.549475 0.310623 -0.528794 -0.61056 -0.777934 -0.14844 0.432481 
1533289567208 -0.280811 0.954545 -0.0999441 -0.524592 -0.930779 -0.245451 0.270933 -0.260331 0.234086 0.169107 0.957396 0.337665 0.316305 -0.38429 0.867336 0.400738 -0.930106 -0.305553 0.203815 -0.506322 0.186693 -0.871182 -0.454078 0.485854 
1533289568169 -0.23187 0.964826 -0.123883 -0.535162 -0.94355 -0.192111 0.269828 -0.255744 0.236538 0.179454 0.954906 0.342454 0.316242 -0.384853 0.86711 0.400828 -0.929997 -0.306262 0.203248 -0.504438 0.187342 -0.870685 -0.454765 0.485876 
1533289569116 -0.182332 0.97208 -0.1477 -0.545731 -0.953617 -0.138238 0.267404 -0.251157 0.239521 0.189606 0.952197 0.347243 0.316223 -0.384857 0.867115 0.40079 -0.930001 -0.306263 0.203227 -0.50432 0.187352 -0.870683 -0.454765 0.485866 
1533289569122 -0.132349 0.976285 -0.171322 -0.556301 -0.960948 -0.0840001 0.263671 -0.24657 0.243027 0.199528 0.949277 0.352032 0.316222 -0.384859 0.867114 0.40079 -0.930002 -0.306263 0.203224 -0.504311 0.187352 -0.870682 -0.454766 0.485866 
1533289570416 -0.0820775 0.977427 -0.194676 -0.566871 -0.965522 -0.0295643 0.258638 -0.241983 0.247044 0.209192 0.946154 0.356822 0.316221 -0.384861 0.867114 0.400793 -0.930002 -0.306262 0.203224 -0.504309 0.187352 -0.870681 -0.454768 0.485867 
1533289570423 -0.0316728 0.975504 -0.217689 -0.57744 -0.967323 0.0248999 0.252322 -0.237396 0.251562 0.218567 0.942839 0.361611 0.316221 -0.384862 0.867113 0.400795 -0.930002 -0.306262 0.203223 -0.504309 0.187351 -0.870681 -0.454769 0.485868 
1533289571771 0.0187087 0.970521 -0.24029 -0.588008 -0.966346 0.0792238 0.244742 -0.232809 0.256564 0.227625 0.939341 0.366401 0.316221 -0.384862 0.867113 0.400796 -0.930002 -0.306262 0.203223 -0.50431 0.187351 -0.870681 -0.454769 0.485869 
1533289572768 0.0689102 0.962492 -0.262413 -0.598547 -0.962594 0.133239 0.235923 -0.228222 0.262038 0.236339 0.935671 0.371189 0.316222 -0.384863 0.867112 0.400801 -0.930002 -0.306262 0.203224 -0.504317 0.18735 -0.87068 -0.45477 0.485871 
1533289572774 0.118698 0.951463 -0.283951 -0.608671 -0.956073 0.186711 0.225971 -0.223843 0.26802 0.244656 0.931831 0.375822 0.316238 -0.384878 0.8671 0.400844 -0.930001 -0.306253 0.203243 -0.504402 0.187328 -0.870677 -0.454786 0.48592 
1533289574115 0.118557 0.951489 -0.283924 -0.608667 -0.956094 0.186569 0.225999 -0.223813 0.268007 0.244665 0.931832 0.375817 0.316238 -0.384878 0.8671 0.400844 -0.930001 -0.306253 0.203243 -0.504402 0.187328 -0.870677 -0.454786 0.48592 
1533289574128 0.123541 0.950216 -0.286054 -0.60977 -0.955291 0.191911 0.224921 -0.223336 0.26862 0.245478 0.931442 0.376312 0.316221 -0.384863 0.867113 0.400799 -0.930002 -0.306262 0.203223 -0.504312 0.187351 -0.87068 -0.45477 0.485869 
1533289574135 0.12852 0.948913 -0.288177 -0.610873 -0.95446 0.197247 0.22383 -0.22286 0.269237 0.246287 0.93105 0.376807 0.31622 -0.384863 0.867113 0.400795 -0.930002 -0.306262 0.203222 -0.504305 0.187351 -0.87068 -0.454769 0.485867 
1533289574640 0.133495 0.94758 -0.290295 -0.611977 -0.953601 0.202576 0.222727 -0.222384 0.269858 0.247093 0.930657 0.377303 0.31622 -0.384863 0.867113 0.400795 -0.930002 -0.306262 0.203222 -0.504304 0.187352 -0.87068 -0.454769 0.485867 
1533289575020 0.138464 0.946217 -0.292405 -0.613079 -0.952715 0.207898 0.221612 -0.221907 0.270484 0.247894 0.930262 0.377798 0.31622 -0.384863 0.867113 0.400795 -0.930002 -0.306262 0.203222 -0.504304 0.187352 -0.87068 -0.454769 0.485867 
1533289575026 0.143427 0.944824 -0.294509 -0.614182 -0.951802 0.213213 0.220486 -0.22143 0.271114 0.248691 0.929866 0.378294 0.31622 -0.384863 0.867113 0.400795 -0.930002 -0.306262 0.203222 -0.504304 0.187352 -0.87068 -0.454769 0.485867 
1533289575523 0.148385 0.943402 -0.296606 -0.615285 -0.95086 0.218521 0.219348 -0.220953 0.271748 0.249483 0.929468 0.378789 0.31622 -0.384863 0.867113 0.400795 -0.930002 -0.306262 0.203222 -0.504304 0.187352 -0.87068 -0.454769 0.485867 
1533289575940 0.153336 0.941949 -0.298698 -0.616388 -0.949891 0.223821 0.218198 -0.220477 0.272386 0.250273 0.929069 0.379284 0.31622 -0.384863 0.867113 0.400795 -0.930002 -0.306262 0.203222 -0.504304 0.187352 -0.87068 -0.454769 0.485867 
1533289576336 0.158282 0.940466 -0.300782 -0.617488 -0.948895 0.229114 0.217036 -0.22 0.273029 0.251058 0.928669 0.379779 0.31622 -0.384863 0.867113 0.400795 -0.930002 -0.306262 0.203222 -0.504304 0.187352 -0.87068 -0.454769 0.485867 
1533289576343 0.163214 0.938956 -0.302857 -0.618542 -0.947871 0.234392 0.215871 -0.219544 0.273681 0.251836 0.928266 0.380259 0.31622 -0.384863 0.867113 0.400795 -0.930002 -0.306262 0.203222 -0.504304 0.187352 -0.87068 -0.454769 0.485867 
1533289576881 0.163192 0.938983 -0.302786 -0.618538 -0.94787 0.23436 0.215913 -0.21955 0.2737 0.251766 0.928279 0.380277 0.31622 -0.384863 0.867113 0.400795 -0.930002 -0.306262 0.203222 -0.504304 0.187352 -0.87068 -0.454769 0.485867 
1533289576895 0.16368 0.938375 -0.304404 -0.618398 -0.948268 0.234742 0.21374 -0.21932 0.272025 0.253672 0.928253 0.380593 0.31622 -0.384863 0.867113 0.400795 -0.930002 -0.306262 0.203222 -0.504304 0.187352 -0.87068 -0.454769 0.485867 
1533289577190 0.16417 0.937763 -0.306021 -0.618258 -0.948661 0.235119 0.211567 -0.21909 0.270351 0.255577 0.928219 0.38091 0.31622 -0.384863 0.867113 0.400795 -0.930002 -0.306262 0.203222 -0.504304 0.187352 -0.87068 -0.454769 0.485867 
1533289577197 0.164664 0.937148 -0.307635 -0.618118 -0.949051 0.235492 0.209392 -0.21886 0.268677 0.257482 0.928178 0.381226 0.31622 -0.384863 0.867113 0.400795 -0.930002 -0.306262 0.203222 -0.504304 0.187352 -0.87068 -0.454769 0.485867 
1533289577556 0.16516 0.93653 -0.309248 -0.617977 -0.949437 0.235861 0.207216 -0.21863 0.267004 0.259387 0.928131 0.381543 0.31622 -0.384863 0.867113 0.400795 -0.930002 -0.306262 0.203222 -0.504304 0.187352 -0.87068 -0.454769 0.485867 
1533289577843 0.16566 0.935908 -0.310859 -0.617837 -0.949819 0.236226 0.205038 -0.218401 0.26533 0.261293 0.928077 0.381859 0.31622 -0.384863 0.867113 0.400795 -0.930002 -0.306262 0.203222 -0.504304 0.187352 -0.87068 -0.454769 0.485867 
1533289577849 0.166163 0.935283 -0.312467 -0.617697 -0.950198 0.236585 0.202859 -0.218171 0.263656 0.263197 0.928016 0.382176 0.31622 -0.384863 0.867113 0.400795 -0.930002 -0.306262 0.203222 -0.504304 0.187352 -0.87068 -0.454769 0.485867 
1533289578210 0.166668 0.934655 -0.314072 -0.617557 -0.950572 0.23694 0.200679 -0.217941 0.261982 0.265102 0.927947 0.382492 0.31622 -0.384863 0.867113 0.400795 -0.930002 -0.306262 0.203222 -0.504304 0.187352 -0.87068 -0.454769 0.485867 
1533289578520 0.167176 0.934024 -0.315676 -0.61742 -0.950943 0.237291 0.198497 -0.217712 0.260308 0.267006 0.927873 0.382808 0.31622 -0.384863 0.867113 0.400795 -0.930002 -0.306262 0.203222 -0.504304 0.187352 -0.87068 -0.454769 0.485867 
1533289578803 0.167683 0.933394 -0.317266 -0.617314 -0.951308 0.237633 0.196324 -0.217502 0.25864 0.268898 0.927793 0.383105 0.31622 -0.384863 0.867113 0.400795 -0.930002 -0.306262 0.203222 -0.504304 0.187352 -0.87068 -0.454769 0.485867 
1533289579100 0.167665 0.933447 -0.31712 -0.617305 -0.951313 0.237584 0.196362 -0.217507 0.258636 0.268757 0.927835 0.38315 0.31622 -0.384863 0.867113 0.400795 -0.930002 -0.306262 0.203222 -0.504304 0.187352 -0.87068 -0.454769 0.485867 
1533289579119 0.167233 0.933362 -0.317597 -0.617099 -0.951487 0.237177 0.19601 -0.2175 0.258275 0.26941 0.927746 0.383234 0.31622 -0.384863 0.867113 0.400795 -0.930002 -0.306262 0.203222 -0.504304 0.187352 -0.87068 -0.454769 0.485867 
1533289579339 0.166801 0.933277 -0.318075 -0.616892 -0.95166 0.236771 0.195659 -0.217493 0.257915 0.270063 0.927656 0.383318 0.31622 -0.384863 0.867113 0.400795 -0.930002 -0.306262 0.203222 -0.504304 0.187352 -0.87068 -0.454769 0.485867 
1533289579595 0.16637 0.93319 -0.318554 -0.616685 -0.951833 0.236364 0.195308 -0.217486 0.257554 0.270717 0.927566 0.383402 0.31622 -0.384863 0.867113 0.400795 -0.930002 -0.306262 0.203222 -0.504304 0.187352 -0.87068 -0.454769 0.485867 
1533289579794 0.165939 0.933104 -0.319032 -0.616478 -0.952006 0.235958 0.194957 -0.217479 0.257193 0.271369 0.927475 0.383486 0.31622 -0.384863 0.867113 0.400795 -0.930002 -0.306262 0.203222 -0.504304 0.187352 -0.87068 -0.454769 0.485867 
1533289580057 0.165508 0.933017 -0.319511 -0.616272 -0.952179 0.23555 0.194606 -0.217472 0.256832 0.272022 0.927384 0.383569 0.31622 -0.384863 0.867113 0.400795 -0.930002 -0.306262 0.203222 -0.504304 0.187352 -0.87068 -0.454769 0.485867 
1533289580267 0.165078 0.932929 -0.319989 -0.616065 -0.952351 0.235143 0.194256 -0.217465 0.25647 0.272675 0.927293 0.383653 0.31622 -0.384863 0.867113 0.400795 -0.930002 -0.306262 0.203222 -0.504304 0.187352 -0.87068 -0.454769 0.485867 
1533289580497 0.164647 0.932841 -0.320468 -0.615859 -0.952523 0.234735 0.193905 -0.217457 0.256108 0.273327 0.927201 0.383737 0.31622 -0.384863 0.867113 0.400795 -0.930002 -0.306262 0.203222 -0.504304 0.187352 -0.87068 -0.454769 0.485867 
1533289580726 0.164216 0.932752 -0.320946 -0.615654 -0.952695 0.234327 0.193555 -0.217451 0.255745 0.273978 0.927109 0.383821 0.31622 -0.384863 0.867113 0.400795 -0.930002 -0.306262 0.203222 -0.504304 0.187352 -0.87068 -0.454769 0.485867 
1533289580993 0.163786 0.932664 -0.321421 -0.615468 -0.952866 0.233918 0.193207 -0.217448 0.255383 0.274626 0.927017 0.383899 0.31622 -0.384863 0.867113 0.400795 -0.930002 -0.306262 0.203222 -0.504304 0.187352 -0.87068 -0.454769 0.485867 
1533289581221 0.163636 0.932699 -0.321397 -0.615476 -0.952905 0.233759 0.193208 -0.217363 0.255334 0.274645 0.927024 0.383833 0.31622 -0.384863 0.867113 0.400795 -0.930002 -0.306262 0.203222 -0.504304 0.187352 -0.87068 -0.454769 0.485867 
1533289581235 0.163543 0.932679 -0.3215 -0.615403 -0.952984 0.233625 0.192981 -0.21736 0.2551 0.274824 0.927036 0.383875 0.31622 -0.384863 0.867113 0.400795 -0.930002 -0.306262 0.203222 -0.504304 0.187352 -0.87068 -0.454769 0.485867 
1533289581445 0.163451 0.93266 -0.321603 -0.615331 -0.953062 0.233493 0.192755 -0.217357 0.254867 0.275002 0.927047 0.383918 0.31622 -0.384863 0.867113 0.400795 -0.930002 -0.306262 0.203222 -0.504304 0.187352 -0.87068 -0.454769 0.485867 
1533289581452 0.163358 0.932641 -0.321707 -0.615258 -0.95314 0.23336 0.192528 -0.217354 0.254633 0.27518 0.927059 0.38396 0.31622 -0.384863 0.867113 0.400795 -0.930002 -0.306262 0.203222 -0.504304 0.187352 -0.87068 -0.454769 0.485867 
1533289581662 0.163266 0.932621 -0.32181 -0.615186 -0.953218 0.233227 0.192302 -0.217351 0.2544 0.275359 0.92707 0.384003 0.31622 -0.384863 0.867113 0.400795 -0.930002 -0.306262 0.203222 -0.504304 0.187352 -0.87068 -0.454769 0.485867 
1533289582008 0.163173 0.932602 -0.321913 -0.615113 -0.953296 0.233094 0.192076 -0.217348 0.254166 0.275537 0.927081 0.384045 0.31622 -0.384863 0.867113 0.400795 -0.930002 -0.306262 0.203222 -0.504304 0.187352 -0.87068 -0.454769 0.485867 
1533289582013 0.16308 0.932583 -0.322016 -0.61504 -0.953375 0.232961 0.191849 -0.217345 0.253933 0.275715 0.927092 0.384088 0.31622 -0.384863 0.867113 0.400795 -0.930002 -0.306262 0.203222 -0.504304 0.187352 -0.87068 -0.454769 0.485867 
1533289582221 0.162988 0.932563 -0.32212 -0.614967 -0.953452 0.232828 0.191623 -0.217342 0.253699 0.275894 0.927103 0.38413 0.31622 -0.384863 0.867113 0.400795 -0.930002 -0.306262 0.203222 -0.504304 0.187352 -0.87068 -0.454769 0.485867 
1533289582502 0.162896 0.932543 -0.322223 -0.614895 -0.95353 0.232695 0.191397 -0.217339 0.253465 0.276072 0.927114 0.384173 0.31622 -0.384863 0.867113 0.400795 -0.930002 -0.306262 0.203222 -0.504304 0.187352 -0.87068 -0.454769 0.485867 
1533289582509 0.162803 0.932524 -0.322325 -0.61483 -0.953608 0.232562 0.191171 -0.217338 0.253232 0.276249 0.927125 0.384213 0.31622 -0.384863 0.867113 0.400795 -0.930002 -0.306262 0.203222 -0.504304 0.187352 -0.87068 -0.454769 0.485867 
1533289582728 0.16257 0.932561 -0.322337 -0.614845 -0.953674 0.232318 0.191142 -0.217257 0.253136 0.27633 0.927127 0.384198 0.31622 -0.384863 0.867113 0.400795 -0.930002 -0.306262 0.203222 -0.504304 0.187352 -0.87068 -0.454769 0.485867 
1533289582741 0.162489 0.932488 -0.322588 -0.614782 -0.9537 0.23228 0.191057 -0.217273 0.25309 0.276607 0.927057 0.384238 0.31622 -0.384863 0.867113 0.400795 -0.930002 -0.306262 0.203222 -0.504304 0.187352 -0.87068 -0.454769 0.485867 
1533289582982 0.162408 0.932416 -0.322839 -0.614718 -0.953726 0.232243 0.190973 -0.217289 0.253043 0.276884 0.926987 0.384279 0.31622 -0.384863 0.867113 0.400795 -0.930002 -0.306262 0.203222 -0.504304 0.187352 -0.87068 -0.454769 0.485867 
1533289583226 0.162327 0.932343 -0.32309 -0.614655 -0.953752 0.232205 0.190889 -0.217305 0.252997 0.277161 0.926917 0.384319 0.31622 -0.384863 0.867113 0.400795 -0.930002 -0.306262 0.203222 -0.504304 0.187352 -0.87068 -0.454769 0.485867 
1533289583459 0.162246 0.93227 -0.323341 -0.614591 -0.953778 0.232167 0.190804 -0.217321 0.25295 0.277438 0.926846 0.38436 0.31622 -0.384863 0.867113 0.400795 -0.930002 -0.306262 0.203222 -0.504304 0.187352 -0.87068 -0.454769 0.485867 
1533289583640 0.162165 0.932196 -0.323592 -0.614528 -0.953804 0.232129 0.19072 -0.217337 0.252903 0.277716 0.926776 0.3844 0.31622 -0.384863 0.867113 0.400795 -0.930002 -0.306262 0.203222 -0.504304 0.187352 -0.87068 -0.454769 0.485867 
1533289583869 0.162085 0.932123 -0.323844 -0.614464 -0.95383 0.232091 0.190635 -0.217352 0.252857 0.277993 0.926706 0.384441 0.31622 -0.384863 0.867113 0.400795 -0.930002 -0.306262 0.203222 -0.504304 0.187352 -0.87068 -0.454769 0.485867 
1533289584048 0.162004 0.93205 -0.324096 -0.614401 -0.953856 0.232053 0.19055 -0.217368 0.25281 0.278271 0.926635 0.384481 0.31622 -0.384863 0.867113 0.400795 -0.930002 -0.306262 0.203222 -0.504304 0.187352 -0.87068 -0.454769 0.485867 
1533289584233 0.161923 0.931977 -0.324347 -0.614338 -0.953882 0.232015 0.190466 -0.217384 0.252763 0.278548 0.926565 0.384522 0.31622 -0.384863 0.867113 0.400795 -0.930002 -0.306262 0.203222 -0.504304 0.187352 -0.87068 -0.454769 0.485867 
1533289584240 0.161842 0.931904 -0.324596 -0.614282 -0.953908 0.231977 0.190382 -0.217402 0.252717 0.278823 0.926494 0.38456 0.31622 -0.384863 0.867113 0.400795 -0.930002 -0.306262 0.203222 -0.504304 0.187352 -0.87068 -0.454769 0.485867 
1533289584477 0.161664 0.931936 -0.324593 -0.614303 -0.953923 0.231826 0.190491 -0.217326 0.252775 0.278842 0.926473 0.384535 0.31622 -0.384863 0.867113 0.400795 -0.930002 -0.306262 0.203222 -0.504304 0.187352 -0.87068 -0.454769 0.485867 
1533289584492 0.161326 0.931946 -0.324731 -0.614262 -0.953948 0.231574 0.190675 -0.217457 0.252898 0.279015 0.926387 0.38453 0.31622 -0.384863 0.867113 0.400795 -0.930002 -0.306262 0.203222 -0.504304 0.187352 -0.87068 -0.454769 0.485867 
1533289584705 0.160987 0.931957 -0.324867 -0.614221 -0.953973 0.23132 0.190859 -0.217588 0.253021 0.279188 0.926302 0.384525 0.31622 -0.384863 0.867113 0.400795 -0.930002 -0.306262 0.203222 -0.504304 0.187352 -0.87068 -0.454769 0.485867 
1533289584710 0.160648 0.931968 -0.325003 -0.614181 -0.953997 0.231067 0.191043 -0.21772 0.253143 0.279361 0.926216 0.38452 0.31622 -0.384863 0.867113 0.400795 -0.930002 -0.306262 0.203222 -0.504304 0.187352 -0.87068 -0.454769 0.485867 
1533289584929 0.16031 0.931979 -0.325139 -0.61414 -0.954022 0.230814 0.191227 -0.217851 0.253266 0.279534 0.92613 0.384515 0.31622 -0.384863 0.867113 0.400795 -0.930002 -0.306262 0.203222 -0.504304 0.187352 -0.87068 -0.454769 0.485867 
1533289585156 0.159971 0.93199 -0.325275 -0.614099 -0.954046 0.230561 0.191411 -0.217982 0.253389 0.279707 0.926044 0.384511 0.31622 -0.384863 0.867113 0.400795 -0.930002 -0.306262 0.203222 -0.504304 0.187352 -0.87068 -0.454769 0.485867 
1533289585352 0.159632 0.932001 -0.325411 -0.614059 -0.95407 0.230308 0.191595 -0.218114 0.253512 0.279881 0.925958 0.384506 0.31622 -0.384863 0.867113 0.400795 -0.930002 -0.306262 0.203222 -0.504304 0.187352 -0.87068 -0.454769 0.485867 
1533289585588 0.159293 0.932011 -0.325547 -0.614018 -0.954094 0.230055 0.191779 -0.218245 0.253634 0.280054 0.925872 0.384501 0.31622 -0.384863 0.867113 0.400795 -0.930002 -0.306262 0.203222 -0.504304 0.187352 -0.87068 -0.454769 0.485867 
1533289585784 0.158955 0.932021 -0.325683 -0.613977 -0.954118 0.229802 0.191963 -0.218376 0.253757 0.280227 0.925786 0.384496 0.31622 -0.384863 0.867113 0.400795 -0.930002 -0.306262 0.203222 -0.504304 0.187352 -0.87068 -0.454769 0.485867 
1533289585990 0.158616 0.932032 -0.325818 -0.613939 -0.954142 0.229549 0.192147 -0.218504 0.253878 0.280399 0.925701 0.384491 0.31622 -0.384863 0.867113 0.400795 -0.930002 -0.306262 0.203222 -0.504304 0.187352 -0.87068 -0.454769 0.485867 
1533289586220 0.158576 0.932044 -0.325803 -0.613952 -0.95415 0.229507 0.192157 -0.218438 0.253873 0.280394 0.925704 0.384526 0.31622 -0.384863 0.867113 0.400795 -0.930002 -0.306262 0.203222 -0.504304 0.187352 -0.87068 -0.454769 0.485867 
1533289586233 0.158209 0.932069 -0.325909 -0.613904 -0.954226 0.229168 0.192182 -0.218582 0.253815 0.280586 0.925662 0.384521 0.31622 -0.384863 0.867113 0.400795 -0.930002 -0.306262 0.203222 -0.504304 0.187352 -0.87068 -0.454769 0.485867 
1533289586239 0.15784 0.932095 -0.326015 -0.613857 -0.954303 0.228828 0.192208 -0.218726 0.253757 0.280779 0.925619 0.384516 0.31622 -0.384863 0.867113 0.400795 -0.930002 -0.306262 0.203222 -0.504304 0.187352 -0.87068 -0.454769 0.485867 
1533289586504 0.157472 0.93212 -0.326122 -0.61381 -0.954379 0.228489 0.192233 -0.21887 0.2537 0.280972 0.925576 0.384511 0.31622 -0.384863 0.867113 0.400795 -0.930002 -0.306262 0.203222 -0.504304 0.187352 -0.87068 -0.454769 0.485867 
1533289586720 0.157103 0.932145 -0.326228 -0.613762 -0.954455 0.228149 0.192259 -0.219014 0.253642 0.281165 0.925533 0.384506 0.31622 -0.384863 0.867113 0.400795 -0.930002 -0.306262 0.203222 -0.504304 0.187352 -0.87068 -0.454769 0.485867 
1533289586898 0.156735 0.93217 -0.326334 -0.613715 -0.954531 0.22781 0.192285 -0.219157 0.253584 0.281358 0.92549 0.384502 0.31622 -0.384863 0.867113 0.400795 -0.930002 -0.306262 0.203222 -0.504304 0.187352 -0.87068 -0.454769 0.485867 
1533289587084 0.156366 0.932194 -0.32644 -0.613667 -0.954607 0.22747 0.192311 -0.219301 0.253526 0.281551 0.925448 0.384497 0.31622 -0.384863 0.867113 0.400795 -0.930002 -0.306262 0.203222 -0.504304 0.187352 -0.87068 -0.454769 0.485867 
1533289587090 0.155998 0.932219 -0.326546 -0.61362 -0.954682 0.22713 0.192337 -0.219445 0.253468 0.281744 0.925405 0.384492 0.31622 -0.384863 0.867113 0.400795 -0.930002 -0.306262 0.203222 -0.504304 0.187352 -0.87068 -0.454769 0.485867 
1533289587323 0.15563 0.932243 -0.326652 -0.613573 -0.954758 0.226791 0.192363 -0.219589 0.25341 0.281937 0.925362 0.384487 0.31622 -0.384863 0.867113 0.400795 -0.930002 -0.306262 0.203222 -0.504304 0.187352 -0.87068 -0.454769 0.485867 
1533289587575 0.155262 0.932268 -0.326758 -0.613528 -0.954833 0.226451 0.192388 -0.21973 0.253352 0.282129 0.92532 0.384482 0.31622 -0.384863 0.867113 0.400795 -0.930002 -0.306262 0.203222 -0.504304 0.187352 -0.87068 -0.454769 0.485867 
1533289587779 0.155179 0.932272 -0.326786 -0.61355 -0.954844 0.226383 0.192416 -0.219661 0.253363 0.282171 0.925304 0.384447 0.31622 -0.384863 0.867113 0.400795 -0.930002 -0.306262 0.203222 -0.504304 0.187352 -0.87068 -0.454769 0.485867 
1533289587793 0.1551 0.93223 -0.326941 -0.613481 -0.954762 0.226446 0.192747 -0.219768 0.253719 0.282256 0.92518 0.384425 0.31622 -0.384863 0.867113 0.400795 -0.930002 -0.306262 0.203222 -0.504304 0.187352 -0.87068 -0.454769 0.485867 
1533289587802 0.15502 0.932189 -0.327097 -0.613413 -0.95468 0.226509 0.193078 -0.219875 0.254075 0.282342 0.925056 0.384403 0.31622 -0.384863 0.867113 0.400795 -0.930002 -0.306262 0.203222 -0.504304 0.187352 -0.87068 -0.454769 0.485867 
1533289588000 0.15494 0.932148 -0.327253 -0.613344 -0.954598 0.226572 0.193409 -0.219982 0.254432 0.282429 0.924932 0.384381 0.31622 -0.384863 0.867113 0.400795 -0.930002 -0.306262 0.203222 -0.504304 0.187352 -0.87068 -0.454769 0.485867 
1533289588204 0.154859 0.932106 -0.327409 -0.613275 -0.954516 0.226635 0.19374 -0.220089 0.254788 0.282515 0.924807 0.384359 0.31622 -0.384863 0.867113 0.400795 -0.930002 -0.306262 0.203222 -0.504304 0.187352 -0.87068 -0.454769 0.485867 
1533289588544 0.154779 0.932065 -0.327565 -0.613206 -0.954434 0.226698 0.194071 -0.220197 0.255145 0.282601 0.924683 0.384337 0.31622 -0.384863 0.867113 0.400795 -0.930002 -0.306262 0.203222 -0.504304 0.187352 -0.87068 -0.454769 0.485867 
1533289588751 0.154698 0.932023 -0.327721 -0.613137 -0.954352 0.22676 0.194402 -0.220304 0.255501 0.282687 0.924558 0.384316 0.31622 -0.384863 0.867113 0.400795 -0.930002 -0.306262 0.203222 -0.504304 0.187352 -0.87068 -0.454769 0.485867 
1533289588973 0.154617 0.931982 -0.327877 -0.613069 -0.95427 0.226823 0.194733 -0.220411 0.255858 0.282774 0.924433 0.384294 0.31622 -0.384863 0.867113 0.400795 -0.930002 -0.306262 0.203222 -0.504304 0.187352 -0.87068 -0.454769 0.485867 
1533289589172 0.154537 0.931941 -0.328032 -0.613 -0.954187 0.226886 0.195064 -0.220518 0.256214 0.28286 0.924308 0.384272 0.31622 -0.384863 0.867113 0.400795 -0.930002 -0.306262 0.203222 -0.504304 0.187352 -0.87068 -0.454769 0.485867 
1533289589372 0.154457 0.931899 -0.328188 -0.612936 -0.954104 0.226949 0.195394 -0.220623 0.256569 0.282946 0.924183 0.38425 0.31622 -0.384863 0.867113 0.400795 -0.930002 -0.306262 0.203222 -0.504304 0.187352 -0.87068 -0.454769 0.485867 
1533289589566 0.154475 0.93186 -0.328289 -0.612939 -0.954108 0.22698 0.195341 -0.220633 0.256546 0.283048 0.924158 0.384167 0.31622 -0.384863 0.867113 0.400795 -0.930002 -0.306262 0.203222 -0.504304 0.187352 -0.87068 -0.454769 0.485867 
1533289589575 0.154558 0.931873 -0.328215 -0.61282 -0.954123 0.22701 0.195231 -0.220667 0.256438 0.282983 0.924208 0.384121 0.31622 -0.384863 0.867113 0.400795 -0.930002 -0.306262 0.203222 -0.504304 0.187352 -0.87068 -0.454769 0.485867 
1533289589929 0.154642 0.931885 -0.328141 -0.612702 -0.954139 0.227042 0.195119 -0.220701 0.25633 0.282918 0.924258 0.384075 0.31622 -0.384863 0.867113 0.400795 -0.930002 -0.306262 0.203222 -0.504304 0.187352 -0.87068 -0.454769 0.485867 
1533289590101 0.154726 0.931897 -0.328066 -0.612583 -0.954154 0.227072 0.195008 -0.220735 0.256222 0.282853 0.924308 0.38403 0.31622 -0.384863 0.867113 0.400795 -0.930002 -0.306262 0.203222 -0.504304 0.187352 -0.87068 -0.454769 0.485867 
1533289590286 0.15481 0.931909 -0.327992 -0.612465 -0.95417 0.227103 0.194896 -0.22077 0.256114 0.282788 0.924357 0.383984 0.31622 -0.384863 0.867113 0.400795 -0.930002 -0.306262 0.203222 -0.504304 0.187352 -0.87068 -0.454769 0.485867 
1533289590488 0.154894 0.931922 -0.327917 -0.612346 -0.954185 0.227134 0.194785 -0.220804 0.256006 0.282723 0.924407 0.383938 0.31622 -0.384863 0.867113 0.400795 -0.930002 -0.306262 0.203222 -0.504304 0.187352 -0.87068 -0.454769 0.485867 
1533289590724 0.154978 0.931934 -0.327843 -0.612227 -0.9542 0.227165 0.194674 -0.220838 0.255897 0.282658 0.924457 0.383892 0.31622 -0.384863 0.867113 0.400795 -0.930002 -0.306262 0.203222 -0.504304 0.187352 -0.87068 -0.454769 0.485867 
1533289590914 0.155062 0.931946 -0.327768 -0.612108 -0.954216 0.227195 0.194562 -0.220872 0.255789 0.282593 0.924507 0.383846 0.31622 -0.384863 0.867113 0.400795 -0.930002 -0.306262 0.203222 -0.504304 0.187352 -0.87068 -0.454769 0.485867 
1533289591098 0.155146 0.931958 -0.327694 -0.61199 -0.954231 0.227227 0.194451 -0.220906 0.255681 0.282528 0.924557 0.383801 0.31622 -0.384863 0.867113 0.400795 -0.930002 -0.306262 0.203222 -0.504304 0.187352 -0.87068 -0.454769 0.485867 
1533289591258 0.15523 0.931971 -0.327619 -0.61188 -0.954246 0.227257 0.19434 -0.220941 0.255573 0.282462 0.924607 0.383755 0.31622 -0.384863 0.867113 0.400795 -0.930002 -0.306262 0.203222 -0.504304 0.187352 -0.87068 -0.454769 0.485867 
1533289591443 0.155272 0.931939 -0.327688 -0.611919 -0.954233 0.227319 0.194335 -0.22094 0.255598 0.282516 0.924584 0.383761 0.31622 -0.384863 0.867113 0.400795 -0.930002 -0.306262 0.203222 -0.504304 0.187352 -0.87068 -0.454769 0.485867 
1533289591456 0.155106 0.931998 -0.3276 -0.611767 -0.954236 0.227171 0.19449 -0.220972 0.255685 0.282441 0.924582 0.383738 0.31622 -0.384863 0.867113 0.400795 -0.930002 -0.306262 0.203222 -0.504304 0.187352 -0.87068 -0.454769 0.485867 
1533289591659 0.15494 0.932056 -0.327513 -0.611616 -0.95424 0.227023 0.194645 -0.221004 0.255773 0.282368 0.92458 0.383715 0.31622 -0.384863 0.867113 0.400795 -0.930002 -0.306262 0.203222 -0.504304 0.187352 -0.87068 -0.454769 0.485867 
1533289591665 0.154774 0.932114 -0.327427 -0.611464 -0.954243 0.226876 0.1948 -0.221036 0.255861 0.282295 0.924578 0.383692 0.31622 -0.384863 0.867113 0.400795 -0.930002 -0.306262 0.203222 -0.504304 0.187352 -0.87068 -0.454769 0.485867 
1533289591952 0.154607 0.932172 -0.32734 -0.611313 -0.954247 0.226729 0.194955 -0.221067 0.255949 0.282222 0.924576 0.383669 0.31622 -0.384863 0.867113 0.400795 -0.930002 -0.306262 0.203222 -0.504304 0.187352 -0.87068 -0.454769 0.485867 
1533289592159 0.154441 0.93223 -0.327253 -0.611161 -0.95425 0.226581 0.19511 -0.221099 0.256037 0.282148 0.924574 0.383645 0.31622 -0.384863 0.867113 0.400795 -0.930002 -0.306262 0.203222 -0.504304 0.187352 -0.87068 -0.454769 0.485867 
1533289592370 0.154275 0.932288 -0.327166 -0.611009 -0.954253 0.226434 0.195265 -0.221131 0.256125 0.282075 0.924572 0.383622 0.31622 -0.384863 0.867113 0.400795 -0.930002 -0.306262 0.203222 -0.504304 0.187352 -0.87068 -0.454769 0.485867 
1533289592583 0.154109 0.932346 -0.327079 -0.610858 -0.954257 0.226286 0.19542 -0.221163 0.256213 0.282002 0.92457 0.383599 0.31622 -0.384863 0.867113 0.400795 -0.930002 -0.306262 0.203222 -0.504304 0.187352 -0.87068 -0.454769 0.485867 
1533289592793 0.153943 0.932404 -0.326992 -0.610706 -0.95426 0.226139 0.195575 -0.221195 0.256301 0.281928 0.924568 0.383576 0.31622 -0.384863 0.867113 0.400795 -0.930002 -0.306262 0.203222 -0.504304 0.187352 -0.87068 -0.454769 0.485867 
1533289592966 0.153777 0.932462 -0.326905 -0.610565 -0.954263 0.225992 0.195729 -0.221226 0.256388 0.281855 0.924567 0.383553 0.31622 -0.384863 0.867113 0.400795 -0.930002 -0.306262 0.203222 -0.504304 0.187352 -0.87068 -0.454769 0.485867 
1533289593177 0.153598 0.932484 -0.326927 -0.610579 -0.954304 0.225815 0.195733 -0.221138 0.256343 0.281924 0.924558 0.383518 0.31622 -0.384863 0.867113 0.400795 -0.930002 -0.306262 0.203222 -0.504304 0.187352 -0.87068 -0.454769 0.485867 
1533289593194 0.153359 0.932422 -0.327215 -0.610427 -0.954311 0.225687 0.195845 -0.221176 0.256458 0.282231 0.924432 0.383537 0.31622 -0.384863 0.867113 0.400795 -0.930002 -0.306262 0.203222 -0.504304 0.187352 -0.87068 -0.454769 0.485867 
1533289593201 0.153119 0.93236 -0.327504 -0.610274 -0.954319 0.225557 0.195958 -0.221214 0.256574 0.282538 0.924306 0.383555 0.31622 -0.384863 0.867113 0.400795 -0.930002 -0.306262 0.203222 -0.504304 0.187352 -0.87068 -0.454769 0.485867 
1533289593449 0.152879 0.932298 -0.327792 -0.610122 -0.954326 0.225428 0.196071 -0.221252 0.25669 0.282846 0.92418 0.383574 0.31622 -0.384863 0.867113 0.400795 -0.930002 -0.306262 0.203222 -0.504304 0.187352 -0.87068 -0.454769 0.485867 
1533289593684 0.152638 0.932236 -0.328081 -0.609969 -0.954333 0.225299 0.196184 -0.22129 0.256806 0.283153 0.924054 0.383592 0.31622 -0.384863 0.867113 0.400795 -0.930002 -0.306262 0.203222 -0.504304 0.187352 -0.87068 -0.454769 0.485867 
1533289593872 0.152399 0.932174 -0.32837 -0.609816 -0.954341 0.225171 0.196297 -0.221328 0.256922 0.283461 0.923927 0.383611 0.31622 -0.384863 0.867113 0.400795 -0.930002 -0.306262 0.203222 -0.504304 0.187352 -0.87068 -0.454769 0.485867 
1533289594080 0.152159 0.932111 -0.328658 -0.609664 -0.954348 0.225042 0.19641 -0.221365 0.257038 0.283769 0.9238 0.38363 0.31622 -0.384863 0.867113 0.400795 -0.930002 -0.306262 0.203222 -0.504304 0.187352 -0.87068 -0.454769 0.485867 
1533289594086 0.151919 0.932049 -0.328946 -0.609511 -0.954355 0.224913 0.196523 -0.221403 0.257153 0.284076 0.923674 0.383648 0.31622 -0.384863 0.867113 0.400795 -0.930002 -0.306262 0.203222 -0.504304 0.187352 -0.87068 -0.454769 0.485867 
1533289594321 0.151678 0.931986 -0.329234 -0.60936 -0.954362 0.224784 0.196636 -0.221441 0.257269 0.284383 0.923547 0.383667 0.31622 -0.384863 0.867113 0.400795 -0.930002 -0.306262 0.203222 -0.504304 0.187352 -0.87068 -0.454769 0.485867 
1533289594528 0.151439 0.931924 -0.329521 -0.609221 -0.954369 0.224655 0.196749 -0.22148 0.257384 0.284689 0.923421 0.383683 0.31622 -0.384863 0.867113 0.400795 -0.930002 -0.306262 0.203222 -0.504304 0.187352 -0.87068 -0.454769 0.485867 
1533289594716 0.151533 0.931907 -0.329524 -0.609216 -0.954362 0.224735 0.196692 -0.221556 0.257354 0.28468 0.923432 0.383655 0.31622 -0.384863 0.867113 0.400795 -0.930002 -0.306262 0.203222 -0.504304 0.187352 -0.87068 -0.454769 0.485867 
1533289594730 0.151306 0.931931 -0.329562 -0.609102 -0.954394 0.224535 0.196763 -0.221559 0.257368 0.28476 0.923403 0.383651 0.31622 -0.384863 0.867113 0.400795 -0.930002 -0.306262 0.203222 -0.504304 0.187352 -0.87068 -0.454769 0.485867 
1533289594920 0.15108 0.931954 -0.3296 -0.608988 -0.954426 0.224336 0.196834 -0.221561 0.257382 0.284841 0.923374 0.383646 0.31622 -0.384863 0.867113 0.400795 -0.930002 -0.306262 0.203222 -0.504304 0.187352 -0.87068 -0.454769 0.485867 
1533289595072 0.150853 0.931978 -0.329637 -0.608873 -0.954458 0.224136 0.196906 -0.221564 0.257396 0.284921 0.923346 0.383642 0.31622 -0.384863 0.867113 0.400795 -0.930002 -0.306262 0.203222 -0.504304 0.187352 -0.87068 -0.454769 0.485867 
1533289595263 0.150626 0.932001 -0.329674 -0.608759 -0.954491 0.223937 0.196977 -0.221567 0.257409 0.285001 0.923317 0.383637 0.31622 -0.384863 0.867113 0.400795 -0.930002 -0.306262 0.203222 -0.504304 0.187352 -0.87068 -0.454769 0.485867 
1533289595456 0.150399 0.932025 -0.329712 -0.608645 -0.954523 0.223737 0.197048 -0.221569 0.257423 0.285081 0.923289 0.383633 0.31622 -0.384863 0.867113 0.400795 -0.930002 -0.306262 0.203222 -0.504304 0.187352 -0.87068 -0.454769 0.485867 
1533289595628 0.150173 0.932048 -0.329749 -0.608531 -0.954555 0.223538 0.19712 -0.221572 0.257436 0.285161 0.92326 0.383629 0.31622 -0.384863 0.867113 0.400795 -0.930002 -0.306262 0.203222 -0.504304 0.187352 -0.87068 -0.454769 0.485867 
1533289595634 0.149946 0.932072 -0.329786 -0.608416 -0.954587 0.223338 0.197191 -0.221574 0.25745 0.285241 0.923232 0.383624 0.31622 -0.384863 0.867113 0.400795 -0.930002 -0.306262 0.203222 -0.504304 0.187352 -0.87068 -0.454769 0.485867 
1533289596050 0.149719 0.932095 -0.329824 -0.608303 -0.954619 0.223139 0.197262 -0.221577 0.257464 0.285322 0.923203 0.38362 0.31622 -0.384863 0.867113 0.400795 -0.930002 -0.306262 0.203222 -0.504304 0.187352 -0.87068 -0.454769 0.485867 
1533289596316 0.149493 0.932118 -0.32986 -0.608197 -0.95465 0.222939 0.197334 -0.22158 0.257477 0.285401 0.923175 0.383615 0.31622 -0.384863 0.867113 0.400795 -0.930002 -0.306262 0.203222 -0.504304 0.187352 -0.87068 -0.454769 0.485867 
1533289596523 0.149518 0.932133 -0.329806 -0.608222 -0.954675 0.22292 0.197237 -0.221558 0.257372 0.285367 0.923215 0.383637 0.31622 -0.384863 0.867113 0.400795 -0.930002 -0.306262 0.203222 -0.504304 0.187352 -0.87068 -0.454769 0.485867 
1533289596535 0.149526 0.932133 -0.329804 -0.608125 -0.954697 0.2229 0.197151 -0.221574 0.257284 0.285384 0.923234 0.383619 0.31622 -0.384863 0.867113 0.400795 -0.930002 -0.306262 0.203222 -0.504304 0.187352 -0.87068 -0.454769 0.485867 
1533289596542 0.149533 0.932132 -0.329802 -0.608028 -0.95472 0.222881 0.197064 -0.22159 0.257197 0.285401 0.923253 0.383601 0.31622 -0.384863 0.867113 0.400795 -0.930002 -0.306262 0.203222 -0.504304 0.187352 -0.87068 -0.454769 0.485867 
1533289596782 0.149541 0.932132 -0.329801 -0.607932 -0.954742 0.222861 0.196978 -0.221606 0.257109 0.285418 0.923272 0.383582 0.31622 -0.384863 0.867113 0.400795 -0.930002 -0.306262 0.203222 -0.504304 0.187352 -0.87068 -0.454769 0.485867 
1533289597005 0.149548 0.932131 -0.329799 -0.607835 -0.954765 0.222842 0.196891 -0.221622 0.257021 0.285435 0.923291 0.383564 0.31622 -0.384863 0.867113 0.400795 -0.930002 -0.306262 0.203222 -0.504304 0.187352 -0.87068 -0.454769 0.485867 
1533289597228 0.149556 0.93213 -0.329797 -0.607738 -0.954787 0.222822 0.196805 -0.221638 0.256934 0.285453 0.92331 0.383546 0.31622 -0.384863 0.867113 0.400795 -0.930002 -0.306262 0.203222 -0.504304 0.187352 -0.87068 -0.454769 0.485867 
1533289597404 0.149563 0.93213 -0.329795 -0.607641 -0.954809 0.222803 0.196718 -0.221654 0.256846 0.28547 0.923329 0.383528 0.31622 -0.384863 0.867113 0.400795 -0.930002 -0.306262 0.203222 -0.504304 0.187352 -0.87068 -0.454769 0.485867 
1533289597573 0.149571 0.932129 -0.329793 -0.607544 -0.954832 0.222783 0.196632 -0.22167 0.256758 0.285487 0.923348 0.38351 0.31622 -0.384863 0.867113 0.400795 -0.930002 -0.306262 0.203222 -0.504304 0.187352 -0.87068 -0.454769 0.485867 
1533289597742 0.149578 0.932128 -0.329792 -0.607448 -0.954854 0.222764 0.196545 -0.221685 0.256671 0.285504 0.923367 0.383491 0.31622 -0.384863 0.867113 0.400795 -0.930002 -0.306262 0.203222 -0.504304 0.187352 -0.87068 -0.454769 0.485867 
1533289597940 0.149586 0.932128 -0.329789 -0.607358 -0.954877 0.222744 0.196459 -0.221702 0.256583 0.285521 0.923387 0.383473 0.31622 -0.384863 0.867113 0.400795 -0.930002 -0.306262 0.203222 -0.504304 0.187352 -0.87068 -0.454769 0.485867 
1533289598136 0.149703 0.932098 -0.329821 -0.607357 -0.954834 0.222886 0.196502 -0.221783 0.256671 0.285507 0.923366 0.383494 0.31622 -0.384863 0.867113 0.400795 -0.930002 -0.306262 0.203222 -0.504304 0.187352 -0.87068 -0.454769 0.485867 
1533289598149 0.149565 0.932157 -0.329718 -0.607284 -0.95487 0.22272 0.196516 -0.221777 0.256618 0.285446 0.9234 0.383477 0.31622 -0.384863 0.867113 0.400795 -0.930002 -0.306262 0.203222 -0.504304 0.187352 -0.87068 -0.454769 0.485867 
1533289598464 0.149429 0.932215 -0.329615 -0.607211 -0.954906 0.222555 0.196529 -0.221773 0.256565 0.285384 0.923434 0.38346 0.31622 -0.384863 0.867113 0.400795 -0.930002 -0.306262 0.203222 -0.504304 0.187352 -0.87068 -0.454769 0.485867 
1533289598688 0.149292 0.932274 -0.329512 -0.607137 -0.954942 0.22239 0.196543 -0.221768 0.256512 0.285322 0.923468 0.383443 0.31622 -0.384863 0.867113 0.400795 -0.930002 -0.306262 0.203222 -0.504304 0.187352 -0.87068 -0.454769 0.485867 
1533289598932 0.149155 0.932332 -0.329409 -0.607063 -0.954977 0.222225 0.196557 -0.221763 0.256459 0.28526 0.923502 0.383426 0.31622 -0.384863 0.867113 0.400795 -0.930002 -0.306262 0.203222 -0.504304 0.187352 -0.87068 -0.454769 0.485867 
1533289599103 0.149018 0.93239 -0.329306 -0.606989 -0.955013 0.22206 0.19657 -0.221758 0.256406 0.285199 0.923536 0.383409 0.31622 -0.384863 0.867113 0.400795 -0.930002 -0.306262 0.203222 -0.504304 0.187352 -0.87068 -0.454769 0.485867 
1533289599275 0.148882 0.932448 -0.329203 -0.606915 -0.955049 0.221894 0.196584 -0.221753 0.256352 0.285137 0.923569 0.383392 0.31622 -0.384863 0.867113 0.400795 -0.930002 -0.306262 0.203222 -0.504304 0.187352 -0.87068 -0.454769 0.485867 
1533289599407 0.148745 0.932506 -0.3291 -0.606842 -0.955084 0.221729 0.196597 -0.221748 0.256299 0.285075 0.923603 0.383375 0.31622 -0.384863 0.867113 0.400795 -0.930002 -0.306262 0.203222 -0.504304 0.187352 -0.87068 -0.454769 0.485867 
1533289599670 0.148608 0.932564 -0.328998 -0.606768 -0.95512 0.221564 0.19661 -0.221744 0.256246 0.285014 0.923637 0.383358 0.31622 -0.384863 0.867113 0.400795 -0.930002 -0.306262 0.203222 -0.504304 0.187352 -0.87068 -0.454769 0.485867 
1533289599819 0.148472 0.932623 -0.328894 -0.606699 -0.955155 0.221399 0.196624 -0.221739 0.256193 0.284952 0.923671 0.383341 0.31622 -0.384863 0.867113 0.400795 -0.930002 -0.306262 0.203222 -0.504304 0.187352 -0.87068 -0.454769 0.485867 
1533289600015 0.148434 0.932614 -0.328935 -0.606716 -0.955144 0.221392 0.196686 -0.221722 0.256256 0.284986 0.923643 0.383354 0.31622 -0.384863 0.867113 0.400795 -0.930002 -0.306262 0.203222 -0.504304 0.187352 -0.87068 -0.454769 0.485867 
1533289600031 0.148308 0.932665 -0.328847 -0.606657 -0.955075 0.221354 0.197064 -0.221754 0.256586 0.284847 0.923594 0.383335 0.31622 -0.384863 0.867113 0.400795 -0.930002 -0.306262 0.203222 -0.504304 0.187352 -0.87068 -0.454769 0.485867 
1533289600257 0.148183 0.932716 -0.328758 -0.606599 -0.955005 0.221317 0.197442 -0.221785 0.256917 0.284708 0.923545 0.383316 0.31622 -0.384863 0.867113 0.400795 -0.930002 -0.306262 0.203222 -0.504304 0.187352 -0.87068 -0.454769 0.485867 
1533289600436 0.148056 0.932768 -0.328669 -0.60654 -0.954936 0.221279 0.197821 -0.221817 0.257249 0.284569 0.923495 0.383297 0.31622 -0.384863 0.867113 0.400795 -0.930002 -0.306262 0.203222 -0.504304 0.187352 -0.87068 -0.454769 0.485867 
1533289600584 0.147931 0.932819 -0.32858 -0.606481 -0.954866 0.221242 0.1982 -0.221849 0.25758 0.28443 0.923446 0.383279 0.31622 -0.384863 0.867113 0.400795 -0.930002 -0.306262 0.203222 -0.504304 0.187352 -0.87068 -0.454769 0.485867 
1533289600834 0.147805 0.93287 -0.328491 -0.606423 -0.954796 0.221204 0.198578 -0.22188 0.257911 0.284291 0.923396 0.38326 0.31622 -0.384863 0.867113 0.400795 -0.930002 -0.306262 0.203222 -0.504304 0.187352 -0.87068 -0.454769 0.485867 
1533289601016 0.147679 0.932922 -0.328402 -0.606364 -0.954726 0.221166 0.198956 -0.221912 0.258242 0.284152 0.923346 0.383241 0.31622 -0.384863 0.867113 0.400795 -0.930002 -0.306262 0.203222 -0.504304 0.187352 -0.87068 -0.454769 0.485867 
1533289601186 0.147553 0.932973 -0.328313 -0.606306 -0.954656 0.221129 0.199335 -0.221944 0.258573 0.284014 0.923296 0.383222 0.31622 -0.384863 0.867113 0.400795 -0.930002 -0.306262 0.203222 -0.504304 0.187352 -0.87068 -0.454769 0.485867 
1533289601351 0.147428 0.933024 -0.328224 -0.606247 -0.954586 0.221091 0.199713 -0.221975 0.258904 0.283875 0.923246 0.383203 0.31622 -0.384863 0.867113 0.400795 -0.930002 -0.306262 0.203222 -0.504304 0.187352 -0.87068 -0.454769 0.485867 
1533289601536 0.147303 0.933075 -0.328135 -0.606191 -0.954515 0.221053 0.20009 -0.222005 0.259235 0.283736 0.923196 0.383185 0.31622 -0.384863 0.867113 0.400795 -0.930002 -0.306262 0.203222 -0.504304 0.187352 -0.87068 -0.454769 0.485867 
1533289601729 0.147211 0.933054 -0.328236 -0.606216 -0.954558 0.220959 0.199993 -0.221946 0.259131 0.283879 0.923181 0.383148 0.31622 -0.384863 0.867113 0.400795 -0.930002 -0.306262 0.203222 -0.504304 0.187352 -0.87068 -0.454769 0.485867 
1533289601743 0.147146 0.932985 -0.328462 -0.606142 -0.954564 0.22095 0.19997 -0.221957 0.259143 0.284113 0.923106 0.383167 0.31622 -0.384863 0.867113 0.400795 -0.930002 -0.306262 0.203222 -0.504304 0.187352 -0.87068 -0.454769 0.485867 
1533289602067 0.14708 0.932916 -0.328688 -0.606068 -0.954571 0.22094 0.199948 -0.221968 0.259155 0.284348 0.92303 0.383186 0.31622 -0.384863 0.867113 0.400795 -0.930002 -0.306262 0.203222 -0.504304 0.187352 -0.87068 -0.454769 0.485867 
1533289602323 0.147014 0.932846 -0.328914 -0.605995 -0.954578 0.220931 0.199925 -0.221979 0.259167 0.284583 0.922955 0.383205 0.31622 -0.384863 0.867113 0.400795 -0.930002 -0.306262 0.203222 -0.504304 0.187352 -0.87068 -0.454769 0.485867 
1533289602330 0.146947 0.932777 -0.329141 -0.605921 -0.954585 0.220921 0.199902 -0.221991 0.259178 0.284818 0.922879 0.383224 0.31622 -0.384863 0.867113 0.400795 -0.930002 -0.306262 0.203222 -0.504304 0.187352 -0.87068 -0.454769 0.485867 
1533289602541 0.146881 0.932708 -0.329367 -0.605847 -0.954592 0.220911 0.19988 -0.222002 0.25919 0.285053 0.922803 0.383243 0.31622 -0.384863 0.867113 0.400795 -0.930002 -0.306262 0.203222 -0.504304 0.187352 -0.87068 -0.454769 0.485867 
1533289602720 0.146815 0.932638 -0.329593 -0.605773 -0.954599 0.220901 0.199857 -0.222013 0.259202 0.285287 0.922727 0.383263 0.31622 -0.384863 0.867113 0.400795 -0.930002 -0.306262 0.203222 -0.504304 0.187352 -0.87068 -0.454769 0.485867 
1533289602937 0.146749 0.932568 -0.32982 -0.605699 -0.954606 0.220892 0.199834 -0.222024 0.259213 0.285523 0.922651 0.383282 0.31622 -0.384863 0.867113 0.400795 -0.930002 -0.306262 0.203222 -0.504304 0.187352 -0.87068 -0.454769 0.485867 
