1533554117503 0.10273 0.943207 -0.315923 -0.603698 -0.957223 0.180109 0.226461 -0.226282 0.2705 0.279144 0.921362 0.38131 1 0 0 0 0 1 0 0 0 0 1 1.306 
1533554117516 0.102594 0.943267 -0.315789 -0.603711 -0.957261 0.179926 0.226445 -0.226297 0.270416 0.27906 0.921412 0.381326 0.313239 -0.3866 0.867422 0.386189 -0.93126 -0.304042 0.200784 -0.500185 0.18611 -0.870689 -0.455263 0.505382 
1533554117711 0.102457 0.943327 -0.315652 -0.603725 -0.9573 0.179742 0.226429 -0.226313 0.270333 0.278975 0.921463 0.381341 0.316244 -0.384866 0.867103 0.400216 -0.929998 -0.306258 0.203249 -0.504049 0.187334 -0.87068 -0.454777 0.486145 
1533554117833 0.10232 0.943387 -0.315517 -0.603738 -0.957338 0.179558 0.226414 -0.226328 0.270249 0.278889 0.921513 0.381357 0.316258 -0.384857 0.867102 0.400836 -0.929992 -0.306267 0.203261 -0.504368 0.187338 -0.870681 -0.454774 0.485921 
1533554117982 0.102183 0.943448 -0.315381 -0.603752 -0.957376 0.179374 0.226398 -0.226344 0.270166 0.278804 0.921563 0.381372 0.316239 -0.384881 0.867098 0.400855 -0.93 -0.306257 0.203241 -0.504361 0.187331 -0.870674 -0.454789 0.485943 
1533554118191 0.102047 0.943508 -0.315245 -0.603766 -0.957414 0.17919 0.226382 -0.226359 0.270082 0.278719 0.921613 0.381388 0.316214 -0.384899 0.867099 0.400827 -0.930009 -0.306245 0.203216 -0.504329 0.187327 -0.87067 -0.454799 0.48594 
1533554118327 0.10191 0.943568 -0.315109 -0.603779 -0.957452 0.179006 0.226367 -0.226374 0.269999 0.278633 0.921664 0.381404 0.3162 -0.384907 0.867101 0.400798 -0.930014 -0.306239 0.203202 -0.504306 0.187326 -0.870669 -0.454801 0.485922 
1533554118487 0.101773 0.943628 -0.314974 -0.603792 -0.95749 0.178822 0.226351 -0.22639 0.269915 0.278548 0.921714 0.381419 0.316197 -0.384904 0.867103 0.400778 -0.930014 -0.30624 0.2032 -0.504292 0.187329 -0.87067 -0.454799 0.485903 
1533554118664 0.101636 0.943688 -0.314838 -0.603806 -0.957529 0.178637 0.226335 -0.226405 0.269832 0.278462 0.921764 0.381435 0.316201 -0.384895 0.867106 0.400765 -0.930012 -0.306246 0.203202 -0.504277 0.187337 -0.870672 -0.454792 0.485883 
1533554118835 0.101499 0.943748 -0.314703 -0.603817 -0.957567 0.178454 0.226319 -0.226419 0.269748 0.278378 0.921814 0.381451 0.316123 -0.384928 0.86712 0.40068 -0.93004 -0.30621 0.20313 -0.504145 0.18733 -0.87067 -0.454798 0.485852 
1533554118972 0.101513 0.943692 -0.314865 -0.603796 -0.957582 0.178489 0.226228 -0.226444 0.26969 0.278544 0.921781 0.381378 1 0 0 0 0 1 0 0 0 0 1 1.306 
1533554118983 0.1015 0.943704 -0.314834 -0.6038 -0.957584 0.178468 0.226236 -0.226443 0.269688 0.278517 0.92179 0.381387 0.313239 -0.3866 0.867422 0.386189 -0.93126 -0.304042 0.200784 -0.500185 0.18611 -0.870689 -0.455263 0.505382 
1533554119000 0.101486 0.943716 -0.314804 -0.603804 -0.957586 0.178448 0.226244 -0.226443 0.269686 0.278491 0.921798 0.381396 0.316244 -0.384866 0.867103 0.400216 -0.929998 -0.306258 0.203249 -0.504049 0.187334 -0.87068 -0.454777 0.486145 
1533554119016 0.101473 0.943727 -0.314774 -0.603807 -0.957587 0.178428 0.226252 -0.226442 0.269684 0.278465 0.921807 0.381404 0.316258 -0.384857 0.867102 0.400836 -0.929992 -0.306267 0.203261 -0.504368 0.187338 -0.870681 -0.454774 0.485921 
1533554119033 0.10146 0.943738 -0.314744 -0.603811 -0.957589 0.178408 0.226259 -0.226441 0.269682 0.27844 0.921815 0.381413 0.316239 -0.384881 0.867098 0.400855 -0.93 -0.306257 0.203241 -0.504361 0.187331 -0.870674 -0.454789 0.485943 
1533554119050 0.101446 0.94375 -0.314714 -0.603815 -0.957591 0.178388 0.226267 -0.22644 0.269681 0.278414 0.921823 0.381422 0.316214 -0.384899 0.867099 0.400827 -0.930009 -0.306245 0.203216 -0.504329 0.187327 -0.87067 -0.454799 0.48594 
1533554119066 0.101433 0.943761 -0.314685 -0.603819 -0.957593 0.178368 0.226275 -0.22644 0.269679 0.278388 0.921831 0.381431 0.3162 -0.384907 0.867101 0.400798 -0.930014 -0.306239 0.203202 -0.504306 0.187326 -0.870669 -0.454801 0.485922 
1533554119101 0.10142 0.943772 -0.314655 -0.603823 -0.957595 0.178348 0.226283 -0.226439 0.269677 0.278362 0.92184 0.38144 0.316197 -0.384904 0.867103 0.400778 -0.930014 -0.30624 0.2032 -0.504292 0.187329 -0.87067 -0.454799 0.485903 
1533554119152 0.101407 0.943784 -0.314625 -0.603826 -0.957597 0.178328 0.22629 -0.226438 0.269676 0.278337 0.921848 0.381448 0.316201 -0.384895 0.867106 0.400765 -0.930012 -0.306246 0.203202 -0.504277 0.187337 -0.870672 -0.454792 0.485883 
1533554119191 0.101393 0.943795 -0.314596 -0.60383 -0.957599 0.178308 0.226298 -0.226438 0.269674 0.278311 0.921856 0.381457 0.316123 -0.384928 0.86712 0.40068 -0.93004 -0.30621 0.20313 -0.504145 0.18733 -0.87067 -0.454798 0.485852 
1533554119243 0.101379 0.943788 -0.314621 -0.603802 -0.957642 0.178257 0.226153 -0.226447 0.269524 0.278367 0.921883 0.381426 1 0 0 0 0 1 0 0 0 0 1 1.306 
1533554119255 0.101413 0.943748 -0.314732 -0.6038 -0.957729 0.178223 0.225816 -0.226437 0.269205 0.278527 0.921928 0.381411 0.313239 -0.3866 0.867422 0.386189 -0.93126 -0.304042 0.200784 -0.500185 0.18611 -0.870689 -0.455263 0.505382 
1533554119424 0.101447 0.943706 -0.314844 -0.603798 -0.957815 0.178189 0.225477 -0.226427 0.268886 0.278688 0.921973 0.381395 0.316244 -0.384866 0.867103 0.400216 -0.929998 -0.306258 0.203249 -0.504049 0.187334 -0.87068 -0.454777 0.486145 
1533554119608 0.101482 0.943665 -0.314956 -0.603796 -0.9579 0.178154 0.225139 -0.226417 0.268567 0.278849 0.922017 0.381379 0.316258 -0.384857 0.867102 0.400836 -0.929992 -0.306267 0.203261 -0.504368 0.187338 -0.870681 -0.454774 0.485921 
1533554119768 0.101516 0.943624 -0.315068 -0.603794 -0.957986 0.17812 0.224801 -0.226407 0.268248 0.279009 0.922061 0.381364 0.316239 -0.384881 0.867098 0.400855 -0.93 -0.306257 0.203241 -0.504361 0.187331 -0.870674 -0.454789 0.485943 
1533554119911 0.10155 0.943583 -0.315179 -0.603792 -0.958072 0.178085 0.224464 -0.226397 0.267929 0.27917 0.922105 0.381349 0.316214 -0.384899 0.867099 0.400827 -0.930009 -0.306245 0.203216 -0.504329 0.187327 -0.87067 -0.454799 0.48594 
1533554120074 0.101585 0.943542 -0.315291 -0.60379 -0.958157 0.178051 0.224125 -0.226388 0.26761 0.279331 0.922149 0.381333 0.3162 -0.384907 0.867101 0.400798 -0.930014 -0.306239 0.203202 -0.504306 0.187326 -0.870669 -0.454801 0.485922 
1533554120234 0.101619 0.943501 -0.315403 -0.603788 -0.958243 0.178017 0.223787 -0.226378 0.267291 0.279492 0.922193 0.381318 0.316197 -0.384904 0.867103 0.400778 -0.930014 -0.30624 0.2032 -0.504292 0.187329 -0.87067 -0.454799 0.485903 
1533554120374 0.101653 0.94346 -0.315515 -0.603786 -0.958328 0.177982 0.223449 -0.226368 0.266971 0.279652 0.922237 0.381302 0.316201 -0.384895 0.867106 0.400765 -0.930012 -0.306246 0.203202 -0.504277 0.187337 -0.870672 -0.454792 0.485883 
1533554120518 0.101688 0.943419 -0.315626 -0.603786 -0.958413 0.177947 0.223112 -0.22636 0.266653 0.279813 0.92228 0.381286 0.316123 -0.384928 0.86712 0.40068 -0.93004 -0.30621 0.20313 -0.504145 0.18733 -0.87067 -0.454798 0.485852 
1533554120690 0.101588 0.943442 -0.315591 -0.603789 -0.958452 0.177816 0.223048 -0.226353 0.26655 0.279819 0.922308 0.381248 1 0 0 0 0 1 0 0 0 0 1 1.306 
1533554120702 0.101626 0.943416 -0.315654 -0.60379 -0.958453 0.177862 0.223011 -0.22635 0.266535 0.279876 0.922295 0.381242 0.313239 -0.3866 0.867422 0.386189 -0.93126 -0.304042 0.200784 -0.500185 0.18611 -0.870689 -0.455263 0.505382 
1533554120709 0.101664 0.943391 -0.315718 -0.603792 -0.958453 0.177908 0.222974 -0.226347 0.26652 0.279933 0.922282 0.381236 0.316244 -0.384866 0.867103 0.400216 -0.929998 -0.306258 0.203249 -0.504049 0.187334 -0.87068 -0.454777 0.486145 
1533554120724 0.101701 0.943366 -0.315782 -0.603793 -0.958453 0.177954 0.222937 -0.226343 0.266505 0.279989 0.922269 0.38123 0.316258 -0.384857 0.867102 0.400836 -0.929992 -0.306267 0.203261 -0.504368 0.187338 -0.870681 -0.454774 0.485921 
1533554120832 0.101739 0.94334 -0.315846 -0.603794 -0.958453 0.177999 0.222899 -0.22634 0.26649 0.280046 0.922257 0.381224 0.316239 -0.384881 0.867098 0.400855 -0.93 -0.306257 0.203241 -0.504361 0.187331 -0.870674 -0.454789 0.485943 
1533554120920 0.101777 0.943314 -0.31591 -0.603796 -0.958453 0.178046 0.222862 -0.226337 0.266475 0.280103 0.922244 0.381217 0.316214 -0.384899 0.867099 0.400827 -0.930009 -0.306245 0.203216 -0.504329 0.187327 -0.87067 -0.454799 0.48594 
1533554120995 0.101815 0.943289 -0.315974 -0.603797 -0.958453 0.178092 0.222825 -0.226334 0.26646 0.28016 0.922231 0.381211 0.3162 -0.384907 0.867101 0.400798 -0.930014 -0.306239 0.203202 -0.504306 0.187326 -0.870669 -0.454801 0.485922 
1533554121173 0.101853 0.943263 -0.316038 -0.603798 -0.958453 0.178138 0.222788 -0.226331 0.266446 0.280216 0.922218 0.381205 0.316197 -0.384904 0.867103 0.400778 -0.930014 -0.30624 0.2032 -0.504292 0.187329 -0.87067 -0.454799 0.485903 
1533554121258 0.101891 0.943238 -0.316102 -0.603799 -0.958453 0.178184 0.22275 -0.226327 0.266431 0.280273 0.922205 0.381199 0.316201 -0.384895 0.867106 0.400765 -0.930012 -0.306246 0.203202 -0.504277 0.187337 -0.870672 -0.454792 0.485883 
1533554121402 0.101929 0.943212 -0.316166 -0.603801 -0.958453 0.17823 0.222713 -0.226325 0.266416 0.280329 0.922192 0.381193 0.316123 -0.384928 0.86712 0.40068 -0.93004 -0.30621 0.20313 -0.504145 0.18733 -0.87067 -0.454798 0.485852 
1533554121520 0.101826 0.943223 -0.316169 -0.603837 -0.958454 0.178145 0.222777 -0.226301 0.266452 0.280349 0.922176 0.381244 1 0 0 0 0 1 0 0 0 0 1 1.306 
1533554121532 0.101744 0.943235 -0.316158 -0.603833 -0.958355 0.17818 0.223176 -0.22633 0.266841 0.280285 0.922083 0.38124 0.313239 -0.3866 0.867422 0.386189 -0.93126 -0.304042 0.200784 -0.500185 0.18611 -0.870689 -0.455263 0.505382 
1533554121728 0.101661 0.943248 -0.316146 -0.603828 -0.958255 0.178214 0.223577 -0.226358 0.26723 0.28022 0.92199 0.381236 0.316244 -0.384866 0.867103 0.400216 -0.929998 -0.306258 0.203249 -0.504049 0.187334 -0.87068 -0.454777 0.486145 
1533554121940 0.101578 0.943261 -0.316135 -0.603824 -0.958156 0.178248 0.223977 -0.226387 0.267619 0.280155 0.921897 0.381232 0.316258 -0.384857 0.867102 0.400836 -0.929992 -0.306267 0.203261 -0.504368 0.187338 -0.870681 -0.454774 0.485921 
1533554122093 0.101495 0.943273 -0.316123 -0.603819 -0.958056 0.178282 0.224376 -0.226416 0.268007 0.280091 0.921803 0.381228 0.316239 -0.384881 0.867098 0.400855 -0.93 -0.306257 0.203241 -0.504361 0.187331 -0.870674 -0.454789 0.485943 
1533554122289 0.101413 0.943286 -0.316112 -0.603815 -0.957956 0.178316 0.224776 -0.226445 0.268396 0.280026 0.92171 0.381224 0.316214 -0.384899 0.867099 0.400827 -0.930009 -0.306245 0.203216 -0.504329 0.187327 -0.87067 -0.454799 0.48594 
1533554122447 0.10133 0.943299 -0.3161 -0.603811 -0.957856 0.17835 0.225176 -0.226473 0.268784 0.279961 0.921616 0.381221 0.3162 -0.384907 0.867101 0.400798 -0.930014 -0.306239 0.203202 -0.504306 0.187326 -0.870669 -0.454801 0.485922 
1533554122454 0.101247 0.943312 -0.316088 -0.603806 -0.957755 0.178384 0.225575 -0.226502 0.269173 0.279896 0.921523 0.381217 0.316197 -0.384904 0.867103 0.400778 -0.930014 -0.30624 0.2032 -0.504292 0.187329 -0.87067 -0.454799 0.485903 
1533554122691 0.101165 0.943325 -0.316077 -0.603802 -0.957655 0.178418 0.225975 -0.226531 0.269561 0.279832 0.921429 0.381213 0.316201 -0.384895 0.867106 0.400765 -0.930012 -0.306246 0.203202 -0.504277 0.187337 -0.870672 -0.454792 0.485883 
1533554122698 0.101082 0.943337 -0.316065 -0.603797 -0.957554 0.178452 0.226373 -0.226557 0.269949 0.279767 0.921335 0.38121 0.316123 -0.384928 0.86712 0.40068 -0.93004 -0.30621 0.20313 -0.504145 0.18733 -0.87067 -0.454798 0.485852 
1533554122927 0.101036 0.943369 -0.315986 -0.603758 -0.95756 0.178389 0.226398 -0.226557 0.269945 0.279701 0.921356 0.381216 1 0 0 0 0 1 0 0 0 0 1 1.306 
1533554122939 0.101058 0.943405 -0.31587 -0.603764 -0.957539 0.178401 0.226477 -0.226562 0.270011 0.279571 0.921376 0.381212 0.313239 -0.3866 0.867422 0.386189 -0.93126 -0.304042 0.200784 -0.500185 0.18611 -0.870689 -0.455263 0.505382 
1533554122945 0.101078 0.943442 -0.315753 -0.60377 -0.957518 0.178411 0.226558 -0.226568 0.270079 0.279439 0.921396 0.381208 0.316244 -0.384866 0.867103 0.400216 -0.929998 -0.306258 0.203249 -0.504049 0.187334 -0.87068 -0.454777 0.486145 
1533554123098 0.101099 0.943479 -0.315637 -0.603776 -0.957497 0.178422 0.226639 -0.226573 0.270146 0.279308 0.921416 0.381204 0.316258 -0.384857 0.867102 0.400836 -0.929992 -0.306267 0.203261 -0.504368 0.187338 -0.870681 -0.454774 0.485921 
1533554123209 0.101119 0.943516 -0.315519 -0.603782 -0.957476 0.178433 0.22672 -0.226579 0.270213 0.279176 0.921437 0.3812 0.316239 -0.384881 0.867098 0.400855 -0.93 -0.306257 0.203241 -0.504361 0.187331 -0.870674 -0.454789 0.485943 
1533554123311 0.10114 0.943553 -0.315403 -0.603788 -0.957455 0.178443 0.226801 -0.226584 0.27028 0.279045 0.921457 0.381195 0.316214 -0.384899 0.867099 0.400827 -0.930009 -0.306245 0.203216 -0.504329 0.187327 -0.87067 -0.454799 0.48594 
1533554123483 0.101161 0.94359 -0.315285 -0.603794 -0.957433 0.178454 0.226882 -0.226589 0.270348 0.278913 0.921477 0.381191 0.3162 -0.384907 0.867101 0.400798 -0.930014 -0.306239 0.203202 -0.504306 0.187326 -0.870669 -0.454801 0.485922 
1533554123552 0.101181 0.943627 -0.315169 -0.6038 -0.957412 0.178465 0.226963 -0.226595 0.270415 0.278782 0.921497 0.381187 0.316197 -0.384904 0.867103 0.400778 -0.930014 -0.30624 0.2032 -0.504292 0.187329 -0.87067 -0.454799 0.485903 
1533554123638 0.101202 0.943663 -0.315053 -0.603806 -0.957391 0.178475 0.227044 -0.2266 0.270482 0.278651 0.921517 0.381183 0.316201 -0.384895 0.867106 0.400765 -0.930012 -0.306246 0.203202 -0.504277 0.187337 -0.870672 -0.454792 0.485883 
1533554123716 0.101222 0.9437 -0.314936 -0.60381 -0.95737 0.178486 0.227125 -0.226605 0.27055 0.27852 0.921537 0.38118 0.316123 -0.384928 0.86712 0.40068 -0.93004 -0.30621 0.20313 -0.504145 0.18733 -0.87067 -0.454798 0.485852 
1533554123791 0.101171 0.943698 -0.314957 -0.603792 -0.957379 0.178439 0.227122 -0.226578 0.270535 0.278555 0.92153 0.381155 1 0 0 0 0 1 0 0 0 0 1 1.306 
1533554123803 0.101231 0.943703 -0.314925 -0.603797 -0.957366 0.178494 0.227134 -0.226583 0.270559 0.278506 0.921538 0.381159 0.313239 -0.3866 0.867422 0.386189 -0.93126 -0.304042 0.200784 -0.500185 0.18611 -0.870689 -0.455263 0.505382 
1533554123819 0.101291 0.943707 -0.314892 -0.603803 -0.957353 0.178549 0.227147 -0.226587 0.270583 0.278455 0.921546 0.381163 0.316244 -0.384866 0.867103 0.400216 -0.929998 -0.306258 0.203249 -0.504049 0.187334 -0.87068 -0.454777 0.486145 
1533554123836 0.101351 0.943712 -0.31486 -0.603808 -0.95734 0.178604 0.227159 -0.226592 0.270608 0.278405 0.921554 0.381167 0.316258 -0.384857 0.867102 0.400836 -0.929992 -0.306267 0.203261 -0.504368 0.187338 -0.870681 -0.454774 0.485921 
1533554124045 0.101411 0.943716 -0.314827 -0.603813 -0.957326 0.178659 0.227172 -0.226596 0.270632 0.278355 0.921562 0.381171 0.316239 -0.384881 0.867098 0.400855 -0.93 -0.306257 0.203241 -0.504361 0.187331 -0.870674 -0.454789 0.485943 
1533554124241 0.101471 0.94372 -0.314795 -0.603818 -0.957313 0.178714 0.227185 -0.226601 0.270657 0.278304 0.92157 0.381175 0.316214 -0.384899 0.867099 0.400827 -0.930009 -0.306245 0.203216 -0.504329 0.187327 -0.87067 -0.454799 0.48594 
1533554124427 0.10153 0.943725 -0.314762 -0.603824 -0.9573 0.178768 0.227198 -0.226606 0.270681 0.278254 0.921578 0.381179 0.3162 -0.384907 0.867101 0.400798 -0.930014 -0.306239 0.203202 -0.504306 0.187326 -0.870669 -0.454801 0.485922 
1533554124505 0.10159 0.943729 -0.31473 -0.603829 -0.957287 0.178823 0.22721 -0.22661 0.270706 0.278204 0.921586 0.381183 0.316197 -0.384904 0.867103 0.400778 -0.930014 -0.30624 0.2032 -0.504292 0.187329 -0.87067 -0.454799 0.485903 
1533554124602 0.10165 0.943733 -0.314697 -0.603834 -0.957273 0.178878 0.227223 -0.226615 0.27073 0.278154 0.921594 0.381187 0.316201 -0.384895 0.867106 0.400765 -0.930012 -0.306246 0.203202 -0.504277 0.187337 -0.870672 -0.454792 0.485883 
1533554124695 0.10171 0.943738 -0.314665 -0.603839 -0.95726 0.178933 0.227236 -0.226619 0.270755 0.278104 0.921602 0.381191 0.316123 -0.384928 0.86712 0.40068 -0.93004 -0.30621 0.20313 -0.504145 0.18733 -0.87067 -0.454798 0.485852 
1533554124861 0.101677 0.943725 -0.314714 -0.603808 -0.957281 0.178896 0.227177 -0.22665 0.270693 0.278172 0.921599 0.381161 1 0 0 0 0 1 0 0 0 0 1 1.306 
1533554124873 0.101668 0.943682 -0.314846 -0.603805 -0.95735 0.178851 0.226923 -0.226633 0.270454 0.278347 0.921617 0.381174 0.313239 -0.3866 0.867422 0.386189 -0.93126 -0.304042 0.200784 -0.500185 0.18611 -0.870689 -0.455263 0.505382 
1533554125052 0.101661 0.943639 -0.314978 -0.603801 -0.957418 0.178805 0.226669 -0.226617 0.270213 0.278522 0.921635 0.381188 0.316244 -0.384866 0.867103 0.400216 -0.929998 -0.306258 0.203249 -0.504049 0.187334 -0.87068 -0.454777 0.486145 
1533554125256 0.101654 0.943596 -0.315109 -0.603798 -0.957487 0.17876 0.226415 -0.2266 0.269973 0.278697 0.921652 0.381201 0.316258 -0.384857 0.867102 0.400836 -0.929992 -0.306267 0.203261 -0.504368 0.187338 -0.870681 -0.454774 0.485921 
1533554125390 0.101646 0.943553 -0.31524 -0.603795 -0.957555 0.178715 0.226161 -0.226583 0.269733 0.278872 0.921669 0.381215 0.316239 -0.384881 0.867098 0.400855 -0.93 -0.306257 0.203241 -0.504361 0.187331 -0.870674 -0.454789 0.485943 
1533554125539 0.101638 0.94351 -0.315372 -0.603791 -0.957624 0.178669 0.225907 -0.226566 0.269493 0.279046 0.921687 0.381229 0.316214 -0.384899 0.867099 0.400827 -0.930009 -0.306245 0.203216 -0.504329 0.187327 -0.87067 -0.454799 0.48594 
1533554125654 0.101631 0.943466 -0.315503 -0.603788 -0.957692 0.178624 0.225653 -0.22655 0.269252 0.279222 0.921704 0.381242 0.3162 -0.384907 0.867101 0.400798 -0.930014 -0.306239 0.203202 -0.504306 0.187326 -0.870669 -0.454801 0.485922 
1533554125812 0.101624 0.943423 -0.315635 -0.603785 -0.957761 0.178578 0.225399 -0.226533 0.269012 0.279397 0.921721 0.381256 0.316197 -0.384904 0.867103 0.400778 -0.930014 -0.30624 0.2032 -0.504292 0.187329 -0.87067 -0.454799 0.485903 
1533554125988 0.101616 0.94338 -0.315766 -0.603782 -0.957829 0.178533 0.225145 -0.226516 0.268772 0.279571 0.921738 0.381269 0.316201 -0.384895 0.867106 0.400765 -0.930012 -0.306246 0.203202 -0.504277 0.187337 -0.870672 -0.454792 0.485883 
1533554125994 0.101609 0.943337 -0.315897 -0.603781 -0.957897 0.178487 0.224891 -0.226501 0.268532 0.279746 0.921755 0.381281 0.316123 -0.384928 0.86712 0.40068 -0.93004 -0.30621 0.20313 -0.504145 0.18733 -0.87067 -0.454798 0.485852 
1533554126173 0.101624 0.943384 -0.315753 -0.603802 -0.957886 0.178476 0.224945 -0.226486 0.268564 0.279595 0.921792 0.381332 1 0 0 0 0 1 0 0 0 0 1 1.306 
1533554126185 0.10153 0.94341 -0.315705 -0.603803 -0.957879 0.178395 0.225039 -0.2265 0.268624 0.279559 0.921785 0.381322 0.313239 -0.3866 0.867422 0.386189 -0.93126 -0.304042 0.200784 -0.500185 0.18611 -0.870689 -0.455263 0.505382 
1533554126421 0.101435 0.943437 -0.315656 -0.603805 -0.957872 0.178312 0.225134 -0.226514 0.268685 0.279521 0.921779 0.381313 0.316244 -0.384866 0.867103 0.400216 -0.929998 -0.306258 0.203249 -0.504049 0.187334 -0.87068 -0.454777 0.486145 
1533554126638 0.10134 0.943463 -0.315607 -0.603806 -0.957866 0.17823 0.225228 -0.226528 0.268745 0.279484 0.921773 0.381303 0.316258 -0.384857 0.867102 0.400836 -0.929992 -0.306267 0.203261 -0.504368 0.187338 -0.870681 -0.454774 0.485921 
1533554126801 0.101244 0.94349 -0.315557 -0.603808 -0.957859 0.178147 0.225323 -0.226542 0.268805 0.279446 0.921767 0.381294 0.316239 -0.384881 0.867098 0.400855 -0.93 -0.306257 0.203241 -0.504361 0.187331 -0.870674 -0.454789 0.485943 
1533554126941 0.101149 0.943517 -0.315508 -0.603809 -0.957852 0.178065 0.225417 -0.226556 0.268865 0.279409 0.92176 0.381284 0.316214 -0.384899 0.867099 0.400827 -0.930009 -0.306245 0.203216 -0.504329 0.187327 -0.87067 -0.454799 0.48594 
1533554127157 0.101054 0.943543 -0.315458 -0.60381 -0.957845 0.177982 0.225511 -0.22657 0.268926 0.279371 0.921754 0.381274 0.3162 -0.384907 0.867101 0.400798 -0.930014 -0.306239 0.203202 -0.504306 0.187326 -0.870669 -0.454801 0.485922 
1533554127164 0.100959 0.94357 -0.315409 -0.603812 -0.957838 0.177899 0.225606 -0.226584 0.268986 0.279334 0.921748 0.381265 0.316197 -0.384904 0.867103 0.400778 -0.930014 -0.30624 0.2032 -0.504292 0.187329 -0.87067 -0.454799 0.485903 
1533554127333 0.100864 0.943597 -0.31536 -0.603813 -0.957831 0.177817 0.2257 -0.226598 0.269046 0.279297 0.921742 0.381255 0.316201 -0.384895 0.867106 0.400765 -0.930012 -0.306246 0.203202 -0.504277 0.187337 -0.870672 -0.454792 0.485883 
1533554127450 0.100769 0.943623 -0.31531 -0.603813 -0.957824 0.177734 0.225794 -0.226611 0.269106 0.279259 0.921736 0.381246 0.316123 -0.384928 0.86712 0.40068 -0.93004 -0.30621 0.20313 -0.504145 0.18733 -0.87067 -0.454798 0.485852 
1533554127519 0.100834 0.943597 -0.315368 -0.60381 -0.957853 0.177771 0.225643 -0.226614 0.26898 0.279324 0.921753 0.381237 1 0 0 0 0 1 0 0 0 0 1 1.306 
1533554127531 0.100716 0.943558 -0.315523 -0.603802 -0.957799 0.177768 0.225876 -0.226625 0.269217 0.279458 0.921643 0.381257 0.313239 -0.3866 0.867422 0.386189 -0.93126 -0.304042 0.200784 -0.500185 0.18611 -0.870689 -0.455263 0.505382 
1533554127722 0.100598 0.943519 -0.315678 -0.603795 -0.957745 0.177765 0.226108 -0.226636 0.269454 0.279593 0.921533 0.381276 0.316244 -0.384866 0.867103 0.400216 -0.929998 -0.306258 0.203249 -0.504049 0.187334 -0.87068 -0.454777 0.486145 
1533554127729 0.100481 0.943479 -0.315833 -0.603787 -0.95769 0.177763 0.22634 -0.226647 0.26969 0.279727 0.921423 0.381296 0.316258 -0.384857 0.867102 0.400836 -0.929992 -0.306267 0.203261 -0.504368 0.187338 -0.870681 -0.454774 0.485921 
1533554127893 0.100364 0.94344 -0.315988 -0.603779 -0.957636 0.17776 0.226572 -0.226658 0.269927 0.279862 0.921313 0.381315 0.316239 -0.384881 0.867098 0.400855 -0.93 -0.306257 0.203241 -0.504361 0.187331 -0.870674 -0.454789 0.485943 
1533554127964 0.100247 0.9434 -0.316143 -0.603772 -0.957582 0.177758 0.226804 -0.226669 0.270163 0.279996 0.921202 0.381335 0.316214 -0.384899 0.867099 0.400827 -0.930009 -0.306245 0.203216 -0.504329 0.187327 -0.87067 -0.454799 0.48594 
1533554128118 0.100129 0.943361 -0.316297 -0.603764 -0.957527 0.177755 0.227035 -0.226681 0.2704 0.28013 0.921092 0.381355 0.3162 -0.384907 0.867101 0.400798 -0.930014 -0.306239 0.203202 -0.504306 0.187326 -0.870669 -0.454801 0.485922 
1533554128199 0.100012 0.943322 -0.316452 -0.603756 -0.957473 0.177752 0.227267 -0.226692 0.270636 0.280265 0.920982 0.381374 0.316197 -0.384904 0.867103 0.400778 -0.930014 -0.30624 0.2032 -0.504292 0.187329 -0.87067 -0.454799 0.485903 
1533554128324 0.0998942 0.943282 -0.316607 -0.603749 -0.957418 0.17775 0.227499 -0.226703 0.270873 0.280399 0.920871 0.381394 0.316201 -0.384895 0.867106 0.400765 -0.930012 -0.306246 0.203202 -0.504277 0.187337 -0.870672 -0.454792 0.485883 
1533554128330 0.0997769 0.943243 -0.316762 -0.603743 -0.957363 0.177747 0.22773 -0.226713 0.271109 0.280534 0.920761 0.381413 0.316123 -0.384928 0.86712 0.40068 -0.93004 -0.30621 0.20313 -0.504145 0.18733 -0.87067 -0.454798 0.485852 
1533554128494 0.0998781 0.94324 -0.316737 -0.603706 -0.957385 0.177802 0.227597 -0.226743 0.270995 0.280507 0.920802 0.38138 1 0 0 0 0 1 0 0 0 0 1 1.306 
1533554128504 0.100167 0.943262 -0.316581 -0.603717 -0.95744 0.177945 0.227254 -0.226716 0.270694 0.280344 0.920941 0.381358 0.313239 -0.3866 0.867422 0.386189 -0.93126 -0.304042 0.200784 -0.500185 0.18611 -0.870689 -0.455263 0.505382 
1533554128691 0.100458 0.943283 -0.316426 -0.603728 -0.957495 0.178089 0.226909 -0.226689 0.270392 0.280181 0.921079 0.381336 0.316244 -0.384866 0.867103 0.400216 -0.929998 -0.306258 0.203249 -0.504049 0.187334 -0.87068 -0.454777 0.486145 
1533554128966 0.100748 0.943304 -0.31627 -0.603739 -0.95755 0.178232 0.226565 -0.226662 0.27009 0.280018 0.921217 0.381314 0.316258 -0.384857 0.867102 0.400836 -0.929992 -0.306267 0.203261 -0.504368 0.187338 -0.870681 -0.454774 0.485921 
1533554129272 0.101038 0.943326 -0.316114 -0.60375 -0.957604 0.178376 0.226221 -0.226635 0.269787 0.279855 0.921356 0.381292 0.316239 -0.384881 0.867098 0.400855 -0.93 -0.306257 0.203241 -0.504361 0.187331 -0.870674 -0.454789 0.485943 
1533554129593 0.101328 0.943347 -0.315958 -0.603761 -0.957659 0.178519 0.225877 -0.226608 0.269485 0.279692 0.921493 0.38127 0.316214 -0.384899 0.867099 0.400827 -0.930009 -0.306245 0.203216 -0.504329 0.187327 -0.87067 -0.454799 0.48594 
1533554129740 0.101619 0.943368 -0.315802 -0.603771 -0.957713 0.178663 0.225533 -0.22658 0.269183 0.279529 0.921631 0.381247 0.3162 -0.384907 0.867101 0.400798 -0.930014 -0.306239 0.203202 -0.504306 0.187326 -0.870669 -0.454801 0.485922 
1533554129905 0.101909 0.943389 -0.315646 -0.603782 -0.957767 0.178807 0.225189 -0.226553 0.268881 0.279366 0.921769 0.381225 0.316197 -0.384904 0.867103 0.400778 -0.930014 -0.30624 0.2032 -0.504292 0.187329 -0.87067 -0.454799 0.485903 
1533554130058 0.102198 0.94341 -0.315489 -0.603793 -0.957821 0.178951 0.224845 -0.226526 0.268578 0.279203 0.921906 0.381203 0.316201 -0.384895 0.867106 0.400765 -0.930012 -0.306246 0.203202 -0.504277 0.187337 -0.870672 -0.454792 0.485883 
1533554130198 0.102488 0.943431 -0.315333 -0.603802 -0.957875 0.179095 0.224502 -0.226501 0.268276 0.279041 0.922043 0.381182 0.316123 -0.384928 0.86712 0.40068 -0.93004 -0.30621 0.20313 -0.504145 0.18733 -0.87067 -0.454798 0.485852 
1533554130356 0.102472 0.94341 -0.3154 -0.603786 -0.957858 0.179115 0.224556 -0.226546 0.268342 0.279098 0.922007 0.381188 1 0 0 0 0 1 0 0 0 0 1 1.306 
1533554130367 0.102464 0.943443 -0.315305 -0.603794 -0.957865 0.179079 0.224556 -0.226541 0.26832 0.27901 0.92204 0.381176 0.313239 -0.3866 0.867422 0.386189 -0.93126 -0.304042 0.200784 -0.500185 0.18611 -0.870689 -0.455263 0.505382 
1533554130541 0.102457 0.943476 -0.315208 -0.603802 -0.957872 0.179043 0.224556 -0.226536 0.268299 0.278921 0.922073 0.381165 0.316244 -0.384866 0.867103 0.400216 -0.929998 -0.306258 0.203249 -0.504049 0.187334 -0.87068 -0.454777 0.486145 
1533554130660 0.102451 0.943508 -0.315112 -0.60381 -0.957878 0.179008 0.224556 -0.226532 0.268278 0.278833 0.922106 0.381153 0.316258 -0.384857 0.867102 0.400836 -0.929992 -0.306267 0.203261 -0.504368 0.187338 -0.870681 -0.454774 0.485921 
1533554130778 0.102444 0.943541 -0.315015 -0.603818 -0.957885 0.178973 0.224555 -0.226527 0.268257 0.278744 0.922139 0.381141 0.316239 -0.384881 0.867098 0.400855 -0.93 -0.306257 0.203241 -0.504361 0.187331 -0.870674 -0.454789 0.485943 
1533554130853 0.102438 0.943574 -0.314919 -0.603825 -0.957892 0.178938 0.224555 -0.226522 0.268235 0.278656 0.922172 0.38113 0.316214 -0.384899 0.867099 0.400827 -0.930009 -0.306245 0.203216 -0.504329 0.187327 -0.87067 -0.454799 0.48594 
1533554131001 0.102431 0.943607 -0.314823 -0.603833 -0.957898 0.178903 0.224555 -0.226517 0.268214 0.278567 0.922205 0.381118 0.3162 -0.384907 0.867101 0.400798 -0.930014 -0.306239 0.203202 -0.504306 0.187326 -0.870669 -0.454801 0.485922 
1533554131118 0.102424 0.94364 -0.314727 -0.603841 -0.957905 0.178867 0.224554 -0.226512 0.268193 0.278478 0.922238 0.381106 0.316197 -0.384904 0.867103 0.400778 -0.930014 -0.30624 0.2032 -0.504292 0.187329 -0.87067 -0.454799 0.485903 
1533554131285 0.102418 0.943673 -0.314631 -0.603849 -0.957912 0.178832 0.224554 -0.226508 0.268171 0.27839 0.922271 0.381094 0.316201 -0.384895 0.867106 0.400765 -0.930012 -0.306246 0.203202 -0.504277 0.187337 -0.870672 -0.454792 0.485883 
1533554131442 0.102411 0.943706 -0.314534 -0.603855 -0.957918 0.178797 0.224554 -0.226502 0.26815 0.278301 0.922304 0.381084 0.316123 -0.384928 0.86712 0.40068 -0.93004 -0.30621 0.20313 -0.504145 0.18733 -0.87067 -0.454798 0.485852 
1533554131596 0.102322 0.943717 -0.31453 -0.603878 -0.957915 0.178726 0.224623 -0.226471 0.268195 0.278309 0.922288 0.381134 1 0 0 0 0 1 0 0 0 0 1 1.306 
1533554131603 0.1022 0.943699 -0.314623 -0.603871 -0.957836 0.178731 0.224958 -0.226487 0.268525 0.278366 0.922175 0.381142 0.313239 -0.3866 0.867422 0.386189 -0.93126 -0.304042 0.200784 -0.500185 0.18611 -0.870689 -0.455263 0.505382 
1533554131901 0.102078 0.943681 -0.314716 -0.603865 -0.957756 0.178735 0.225293 -0.226502 0.268856 0.278423 0.922061 0.381149 0.316244 -0.384866 0.867103 0.400216 -0.929998 -0.306258 0.203249 -0.504049 0.187334 -0.87068 -0.454777 0.486145 
1533554132029 0.101957 0.943663 -0.314809 -0.603859 -0.957676 0.178741 0.225628 -0.226518 0.269186 0.27848 0.921948 0.381157 0.316258 -0.384857 0.867102 0.400836 -0.929992 -0.306267 0.203261 -0.504368 0.187338 -0.870681 -0.454774 0.485921 
1533554132036 0.101835 0.943646 -0.314901 -0.603852 -0.957596 0.178746 0.225964 -0.226533 0.269517 0.278537 0.921834 0.381164 0.316239 -0.384881 0.867098 0.400855 -0.93 -0.306257 0.203241 -0.504361 0.187331 -0.870674 -0.454789 0.485943 
1533554132203 0.101713 0.943628 -0.314994 -0.603846 -0.957516 0.178751 0.226298 -0.226548 0.269847 0.278594 0.92172 0.381172 0.316214 -0.384899 0.867099 0.400827 -0.930009 -0.306245 0.203216 -0.504329 0.187327 -0.87067 -0.454799 0.48594 
1533554132334 0.101591 0.94361 -0.315086 -0.603839 -0.957436 0.178756 0.226634 -0.226564 0.270177 0.278651 0.921606 0.38118 0.3162 -0.384907 0.867101 0.400798 -0.930014 -0.306239 0.203202 -0.504306 0.187326 -0.870669 -0.454801 0.485922 
1533554132623 0.101469 0.943592 -0.315179 -0.603833 -0.957356 0.178761 0.226969 -0.226579 0.270508 0.278708 0.921492 0.381187 0.316197 -0.384904 0.867103 0.400778 -0.930014 -0.30624 0.2032 -0.504292 0.187329 -0.87067 -0.454799 0.485903 
1533554132749 0.101347 0.943574 -0.315271 -0.603826 -0.957275 0.178767 0.227303 -0.226595 0.270838 0.278765 0.921378 0.381195 0.316201 -0.384895 0.867106 0.400765 -0.930012 -0.306246 0.203202 -0.504277 0.187337 -0.870672 -0.454792 0.485883 
1533554132939 0.101225 0.943557 -0.315364 -0.60382 -0.957195 0.178772 0.227638 -0.226609 0.271167 0.278822 0.921264 0.381202 0.316123 -0.384928 0.86712 0.40068 -0.93004 -0.30621 0.20313 -0.504145 0.18733 -0.87067 -0.454798 0.485852 
1533554133080 0.101277 0.943569 -0.315311 -0.603836 -0.957214 0.178782 0.22755 -0.226586 0.271081 0.278775 0.921303 0.381206 1 0 0 0 0 1 0 0 0 0 1 1.306 
1533554133091 0.101129 0.943557 -0.315394 -0.603826 -0.957221 0.178673 0.227605 -0.226603 0.271111 0.278885 0.921261 0.381229 0.313239 -0.3866 0.867422 0.386189 -0.93126 -0.304042 0.200784 -0.500185 0.18611 -0.870689 -0.455263 0.505382 
1533554133111 0.10098 0.943545 -0.315478 -0.603817 -0.957229 0.178563 0.227659 -0.22662 0.27114 0.278996 0.921219 0.381252 0.316244 -0.384866 0.867103 0.400216 -0.929998 -0.306258 0.203249 -0.504049 0.187334 -0.87068 -0.454777 0.486145 
1533554133292 0.100831 0.943533 -0.315561 -0.603807 -0.957236 0.178453 0.227713 -0.226636 0.271168 0.279106 0.921177 0.381274 0.316258 -0.384857 0.867102 0.400836 -0.929992 -0.306267 0.203261 -0.504368 0.187338 -0.870681 -0.454774 0.485921 
1533554133443 0.100683 0.943521 -0.315644 -0.603797 -0.957244 0.178344 0.227767 -0.226653 0.271197 0.279216 0.921136 0.381297 0.316239 -0.384881 0.867098 0.400855 -0.93 -0.306257 0.203241 -0.504361 0.187331 -0.870674 -0.454789 0.485943 
1533554133583 0.100534 0.943509 -0.315728 -0.603788 -0.957251 0.178234 0.227822 -0.22667 0.271225 0.279327 0.921094 0.38132 0.316214 -0.384899 0.867099 0.400827 -0.930009 -0.306245 0.203216 -0.504329 0.187327 -0.87067 -0.454799 0.48594 
1533554133746 0.100385 0.943497 -0.315811 -0.603778 -0.957259 0.178125 0.227876 -0.226687 0.271254 0.279437 0.921052 0.381343 0.3162 -0.384907 0.867101 0.400798 -0.930014 -0.306239 0.203202 -0.504306 0.187326 -0.870669 -0.454801 0.485922 
1533554133864 0.100237 0.943485 -0.315894 -0.603768 -0.957266 0.178015 0.22793 -0.226704 0.271282 0.279548 0.92101 0.381366 0.316197 -0.384904 0.867103 0.400778 -0.930014 -0.30624 0.2032 -0.504292 0.187329 -0.87067 -0.454799 0.485903 
1533554134016 0.100087 0.943473 -0.315977 -0.603759 -0.957274 0.177905 0.227984 -0.22672 0.271311 0.279658 0.920968 0.381388 0.316201 -0.384895 0.867106 0.400765 -0.930012 -0.306246 0.203202 -0.504277 0.187337 -0.870672 -0.454792 0.485883 
1533554134125 0.0999389 0.943461 -0.31606 -0.60375 -0.957281 0.177796 0.228038 -0.226737 0.271339 0.279769 0.920926 0.38141 0.316123 -0.384928 0.86712 0.40068 -0.93004 -0.30621 0.20313 -0.504145 0.18733 -0.87067 -0.454798 0.485852 
1533554134246 0.0999604 0.943476 -0.316009 -0.603764 -0.957276 0.177807 0.228053 -0.226718 0.271351 0.279711 0.92094 0.381403 1 0 0 0 0 1 0 0 0 0 1 1.306 
1533554134259 0.0999651 0.943477 -0.316004 -0.603765 -0.957253 0.177833 0.228128 -0.226727 0.27143 0.279691 0.920923 0.381404 0.313239 -0.3866 0.867422 0.386189 -0.93126 -0.304042 0.200784 -0.500185 0.18611 -0.870689 -0.455263 0.505382 
1533554134275 0.0999682 0.943478 -0.315998 -0.603766 -0.95723 0.177858 0.228205 -0.226735 0.271509 0.27967 0.920906 0.381405 0.316244 -0.384866 0.867103 0.400216 -0.929998 -0.306258 0.203249 -0.504049 0.187334 -0.87068 -0.454777 0.486145 
1533554134453 0.0999717 0.94348 -0.315993 -0.603767 -0.957207 0.177883 0.228281 -0.226743 0.271588 0.279649 0.920889 0.381405 0.316258 -0.384857 0.867102 0.400836 -0.929992 -0.306267 0.203261 -0.504368 0.187338 -0.870681 -0.454774 0.485921 
1533554134596 0.0999753 0.943481 -0.315988 -0.603768 -0.957184 0.177908 0.228357 -0.226752 0.271668 0.279628 0.920872 0.381406 0.316239 -0.384881 0.867098 0.400855 -0.93 -0.306257 0.203241 -0.504361 0.187331 -0.870674 -0.454789 0.485943 
1533554134735 0.0999785 0.943483 -0.315982 -0.603768 -0.957161 0.177933 0.228434 -0.22676 0.271747 0.279608 0.920855 0.381407 0.316214 -0.384899 0.867099 0.400827 -0.930009 -0.306245 0.203216 -0.504329 0.187327 -0.87067 -0.454799 0.48594 
1533554134835 0.0999821 0.943484 -0.315977 -0.603769 -0.957139 0.177958 0.22851 -0.226769 0.271826 0.279587 0.920837 0.381408 0.3162 -0.384907 0.867101 0.400798 -0.930014 -0.306239 0.203202 -0.504306 0.187326 -0.870669 -0.454801 0.485922 
1533554134896 0.0999856 0.943485 -0.315972 -0.60377 -0.957116 0.177983 0.228586 -0.226777 0.271905 0.279567 0.92082 0.381409 0.316197 -0.384904 0.867103 0.400778 -0.930014 -0.30624 0.2032 -0.504292 0.187329 -0.87067 -0.454799 0.485903 
1533554135017 0.0999892 0.943487 -0.315967 -0.603771 -0.957093 0.178008 0.228662 -0.226786 0.271984 0.279546 0.920803 0.381409 0.316201 -0.384895 0.867106 0.400765 -0.930012 -0.306246 0.203202 -0.504277 0.187337 -0.870672 -0.454792 0.485883 
1533554135131 0.0999924 0.943488 -0.315961 -0.603772 -0.95707 0.178033 0.228738 -0.226794 0.272063 0.279525 0.920786 0.38141 0.316123 -0.384928 0.86712 0.40068 -0.93004 -0.30621 0.20313 -0.504145 0.18733 -0.87067 -0.454798 0.485852 
1533554135300 0.0998884 0.943499 -0.315962 -0.603759 -0.957069 0.177949 0.228807 -0.226769 0.272105 0.279542 0.920769 0.38146 1 0 0 0 0 1 0 0 0 0 1 1.306 
1533554135312 0.100128 0.943446 -0.316044 -0.603761 -0.957185 0.178046 0.228246 -0.226725 0.271609 0.279659 0.92088 0.38145 0.313239 -0.3866 0.867422 0.386189 -0.93126 -0.304042 0.200784 -0.500185 0.18611 -0.870689 -0.455263 0.505382 
1533554135512 0.100367 0.943393 -0.316126 -0.603762 -0.957301 0.178142 0.227686 -0.226681 0.271113 0.279776 0.92099 0.38144 0.316244 -0.384866 0.867103 0.400216 -0.929998 -0.306258 0.203249 -0.504049 0.187334 -0.87068 -0.454777 0.486145 
1533554135519 0.100606 0.94334 -0.316209 -0.603764 -0.957416 0.178239 0.227124 -0.226637 0.270616 0.279893 0.921101 0.381431 0.316258 -0.384857 0.867102 0.400836 -0.929992 -0.306267 0.203261 -0.504368 0.187338 -0.870681 -0.454774 0.485921 
1533554135704 0.100844 0.943287 -0.31629 -0.603765 -0.957531 0.178335 0.226563 -0.226593 0.27012 0.28001 0.921211 0.381421 0.316239 -0.384881 0.867098 0.400855 -0.93 -0.306257 0.203241 -0.504361 0.187331 -0.870674 -0.454789 0.485943 
1533554135929 0.101084 0.943234 -0.316373 -0.603767 -0.957646 0.178432 0.226002 -0.22655 0.269623 0.280128 0.921321 0.381411 0.316214 -0.384899 0.867099 0.400827 -0.930009 -0.306245 0.203216 -0.504329 0.187327 -0.87067 -0.454799 0.48594 
1533554136093 0.101322 0.943181 -0.316454 -0.603769 -0.95776 0.178528 0.22544 -0.226506 0.269127 0.280245 0.92143 0.381401 0.3162 -0.384907 0.867101 0.400798 -0.930014 -0.306239 0.203202 -0.504306 0.187326 -0.870669 -0.454801 0.485922 
1533554136259 0.101561 0.943128 -0.316536 -0.60377 -0.957874 0.178624 0.224879 -0.226462 0.268631 0.280362 0.921539 0.381391 0.316197 -0.384904 0.867103 0.400778 -0.930014 -0.30624 0.2032 -0.504292 0.187329 -0.87067 -0.454799 0.485903 
1533554136266 0.101801 0.943075 -0.316617 -0.603772 -0.957988 0.17872 0.224317 -0.226418 0.268134 0.28048 0.921648 0.381382 0.316201 -0.384895 0.867106 0.400765 -0.930012 -0.306246 0.203202 -0.504277 0.187337 -0.870672 -0.454792 0.485883 
1533554136458 0.102039 0.943022 -0.316698 -0.603776 -0.958101 0.178816 0.223757 -0.226378 0.267639 0.280597 0.921756 0.381371 0.316123 -0.384928 0.86712 0.40068 -0.93004 -0.30621 0.20313 -0.504145 0.18733 -0.87067 -0.454798 0.485852 
1533554136623 0.101916 0.943037 -0.316694 -0.603797 -0.9581 0.178715 0.22384 -0.226343 0.267688 0.280611 0.921738 0.38133 1 0 0 0 0 1 0 0 0 0 1 1.306 
1533554136634 0.102014 0.943054 -0.31661 -0.603805 -0.958142 0.178732 0.22365 -0.226335 0.267502 0.280542 0.921813 0.381306 0.313239 -0.3866 0.867422 0.386189 -0.93126 -0.304042 0.200784 -0.500185 0.18611 -0.870689 -0.455263 0.505382 
1533554136870 0.102113 0.943072 -0.316526 -0.603813 -0.958183 0.178749 0.223458 -0.226327 0.267316 0.280472 0.921888 0.381282 0.316244 -0.384866 0.867103 0.400216 -0.929998 -0.306258 0.203249 -0.504049 0.187334 -0.87068 -0.454777 0.486145 
1533554137006 0.10221 0.943089 -0.316443 -0.603821 -0.958225 0.178765 0.223267 -0.226319 0.26713 0.280403 0.921963 0.381258 0.316258 -0.384857 0.867102 0.400836 -0.929992 -0.306267 0.203261 -0.504368 0.187338 -0.870681 -0.454774 0.485921 
1533554137160 0.102308 0.943107 -0.316359 -0.603829 -0.958266 0.178782 0.223076 -0.226311 0.266944 0.280334 0.922038 0.381234 0.316239 -0.384881 0.867098 0.400855 -0.93 -0.306257 0.203241 -0.504361 0.187331 -0.870674 -0.454789 0.485943 
1533554137328 0.102406 0.943124 -0.316275 -0.603836 -0.958308 0.178799 0.222885 -0.226303 0.266757 0.280264 0.922113 0.381211 0.316214 -0.384899 0.867099 0.400827 -0.930009 -0.306245 0.203216 -0.504329 0.187327 -0.87067 -0.454799 0.48594 
1533554137522 0.102504 0.943142 -0.316191 -0.603844 -0.958349 0.178816 0.222693 -0.226294 0.266571 0.280195 0.922188 0.381187 0.3162 -0.384907 0.867101 0.400798 -0.930014 -0.306239 0.203202 -0.504306 0.187326 -0.870669 -0.454801 0.485922 
1533554137716 0.102602 0.943159 -0.316108 -0.603852 -0.95839 0.178832 0.222502 -0.226286 0.266385 0.280125 0.922263 0.381163 0.316197 -0.384904 0.867103 0.400778 -0.930014 -0.30624 0.2032 -0.504292 0.187329 -0.87067 -0.454799 0.485903 
1533554137828 0.1027 0.943176 -0.316024 -0.60386 -0.958431 0.178849 0.222311 -0.226278 0.266199 0.280056 0.922338 0.381139 0.316201 -0.384895 0.867106 0.400765 -0.930012 -0.306246 0.203202 -0.504277 0.187337 -0.870672 -0.454792 0.485883 
1533554138044 0.102798 0.943194 -0.31594 -0.603867 -0.958473 0.178866 0.22212 -0.226271 0.266013 0.279986 0.922413 0.381116 0.316123 -0.384928 0.86712 0.40068 -0.93004 -0.30621 0.20313 -0.504145 0.18733 -0.87067 -0.454798 0.485852 
1533554138182 0.102786 0.943188 -0.31596 -0.60389 -0.958418 0.178918 0.222312 -0.226225 0.266213 0.279971 0.922359 0.381125 1 0 0 0 0 1 0 0 0 0 1 1.306 
1533554138192 0.102696 0.943267 -0.315754 -0.603893 -0.958333 0.178886 0.222704 -0.22625 0.266553 0.279727 0.922335 0.381123 0.313239 -0.3866 0.867422 0.386189 -0.93126 -0.304042 0.200784 -0.500185 0.18611 -0.870689 -0.455263 0.505382 
1533554138381 0.102608 0.943346 -0.315548 -0.603896 -0.958248 0.178854 0.223095 -0.226276 0.266893 0.279482 0.922311 0.38112 0.316244 -0.384866 0.867103 0.400216 -0.929998 -0.306258 0.203249 -0.504049 0.187334 -0.87068 -0.454777 0.486145 
1533554138630 0.102519 0.943425 -0.315341 -0.6039 -0.958163 0.178821 0.223487 -0.226301 0.267233 0.279237 0.922287 0.381118 0.316258 -0.384857 0.867102 0.400836 -0.929992 -0.306267 0.203261 -0.504368 0.187338 -0.870681 -0.454774 0.485921 
1533554138829 0.10243 0.943503 -0.315134 -0.603903 -0.958078 0.178788 0.223878 -0.226327 0.267572 0.278991 0.922263 0.381116 0.316239 -0.384881 0.867098 0.400855 -0.93 -0.306257 0.203241 -0.504361 0.187331 -0.870674 -0.454789 0.485943 
