1535374688527 0.35844 0.883269 -0.302254 -0.438236 -0.901501 0.411599 0.133725 -0.161501 0.242522 0.22455 0.943801 0.407916 0.128935 -0.0268755 0.991289 0.374138 -0.978358 0.15969 0.131583 -0.491002 -0.161836 -0.986801 -0.00570417 0.42462 
1535374688557 0.348272 0.888124 -0.299906 -0.458123 -0.905839 0.401171 0.13608 -0.169461 0.241169 0.224274 0.944213 0.404366 0.131537 -0.0365306 0.990638 0.374925 -0.978102 0.157813 0.135692 -0.49031 -0.161292 -0.986793 -0.0149725 0.426102 
1535374689532 0.338053 0.892858 -0.29753 -0.478013 -0.910059 0.390687 0.138407 -0.177424 0.23982 0.223981 0.944626 0.400814 0.134143 -0.0461788 0.989885 0.375712 -0.977833 0.155895 0.139783 -0.489618 -0.160773 -0.986694 -0.0242429 0.427584 
1535374690568 0.327785 0.897472 -0.295128 -0.497904 -0.914159 0.38015 0.140707 -0.185388 0.238473 0.223672 0.94504 0.397262 0.136753 -0.0558175 0.989031 0.376499 -0.977553 0.153937 0.143853 -0.488926 -0.160278 -0.986503 -0.0335133 0.429066 
1535374691634 0.31747 0.901965 -0.292699 -0.517794 -0.91814 0.369562 0.142978 -0.19335 0.237131 0.223347 0.945455 0.393711 0.139366 -0.0654458 0.988076 0.377287 -0.977261 0.151939 0.147904 -0.488235 -0.159807 -0.986221 -0.0427826 0.430548 
1535374692700 0.307109 0.906335 -0.290244 -0.537684 -0.922001 0.358923 0.145221 -0.201313 0.235794 0.223007 0.94587 0.390159 0.141982 -0.0750628 0.987019 0.378074 -0.976957 0.149902 0.151934 -0.487543 -0.15936 -0.985847 -0.0520498 0.432029 
1535374693731 0.296703 0.910582 -0.287763 -0.557575 -0.925741 0.348234 0.147434 -0.209276 0.23446 0.222649 0.946285 0.386608 0.1446 -0.0846673 0.985861 0.378861 -0.976642 0.147825 0.155943 -0.486851 -0.158938 -0.985383 -0.0613141 0.433511 
1535374694795 0.286254 0.914706 -0.285256 -0.577464 -0.929359 0.337499 0.149619 -0.217239 0.233131 0.222276 0.946701 0.383056 0.147221 -0.0942585 0.984602 0.379648 -0.976315 0.145709 0.159931 -0.486159 -0.15854 -0.984827 -0.0705745 0.434993 
1535374695931 0.275762 0.918707 -0.282724 -0.597354 -0.932856 0.326717 0.151774 -0.225201 0.231807 0.221887 0.947118 0.379505 0.149844 -0.103835 0.983242 0.380436 -0.975976 0.143555 0.163897 -0.485468 -0.158167 -0.98418 -0.0798299 0.436475 
1535374697076 0.265233 0.922581 -0.280171 -0.617223 -0.93623 0.315893 0.153898 -0.233154 0.230487 0.221486 0.947534 0.375958 0.152469 -0.113397 0.981781 0.381223 -0.975626 0.141361 0.16784 -0.484776 -0.157818 -0.983442 -0.0890795 0.437957 
1535374698221 0.266035 0.92218 -0.280729 -0.616962 -0.935997 0.31676 0.153534 -0.23336 0.230509 0.221916 0.947427 0.375975 0.15211 -0.112119 0.981984 0.381046 -0.975783 0.140986 0.167246 -0.484801 -0.157198 -0.983642 -0.087958 0.437955 
1535374698233 0.264901 0.922602 -0.280416 -0.618975 -0.936352 0.315589 0.153781 -0.234135 0.230375 0.221832 0.94748 0.375618 0.154866 -0.111616 0.98161 0.381064 -0.976532 0.133233 0.169214 -0.485103 -0.14967 -0.98478 -0.0883636 0.438151 
1535374698609 0.263765 0.923022 -0.280103 -0.620993 -0.936706 0.314417 0.154028 -0.234912 0.230241 0.221747 0.947532 0.375261 0.157618 -0.111093 0.981231 0.381083 -0.977218 0.125472 0.171179 -0.485406 -0.142134 -0.985858 -0.0887854 0.438347 
1535374699006 0.262628 0.923441 -0.27979 -0.62301 -0.937058 0.313244 0.154276 -0.235688 0.230107 0.221662 0.947585 0.374904 0.160366 -0.110548 0.980848 0.381101 -0.977839 0.117704 0.17314 -0.485709 -0.13459 -0.986876 -0.0892225 0.438542 
1535374699381 0.261491 0.923859 -0.279476 -0.625028 -0.937409 0.312071 0.154523 -0.236465 0.229973 0.221577 0.947637 0.374546 0.163108 -0.109981 0.980459 0.38112 -0.978395 0.109931 0.175096 -0.486012 -0.12704 -0.987836 -0.0896747 0.438738 
1535374699783 0.260353 0.924275 -0.279162 -0.627046 -0.937758 0.310896 0.154769 -0.237242 0.22984 0.221491 0.947689 0.374189 0.165845 -0.109393 0.980066 0.381138 -0.978887 0.102152 0.177048 -0.486315 -0.119484 -0.988736 -0.0901421 0.438934 
1535374700166 0.259215 0.92469 -0.278847 -0.629064 -0.938106 0.309722 0.155015 -0.238019 0.229706 0.221406 0.947742 0.373832 0.168577 -0.108783 0.979667 0.381157 -0.979314 0.0943685 0.178995 -0.486618 -0.111921 -0.989576 -0.0906246 0.43913 
1535374700544 0.258077 0.925103 -0.278532 -0.631082 -0.938452 0.308547 0.155261 -0.238796 0.229573 0.22132 0.947794 0.373474 0.171303 -0.108152 0.979264 0.381175 -0.979676 0.0865802 0.180937 -0.486921 -0.104354 -0.990357 -0.0911221 0.439326 
1535374700981 0.256938 0.925515 -0.278217 -0.633099 -0.938797 0.307372 0.155506 -0.239573 0.229439 0.221234 0.947847 0.373117 0.174023 -0.107498 0.978857 0.381194 -0.979974 0.078788 0.182874 -0.487224 -0.0967808 -0.991078 -0.0916347 0.439521 
1535374701380 0.255798 0.925925 -0.277902 -0.635117 -0.939141 0.306195 0.155751 -0.24035 0.229306 0.221148 0.947899 0.372759 0.176737 -0.106824 0.978444 0.381212 -0.980207 0.0709923 0.184807 -0.487527 -0.0892037 -0.99174 -0.0921624 0.439717 
1535374701792 0.256417 0.925661 -0.278211 -0.634857 -0.938973 0.306839 0.155496 -0.240465 0.229303 0.221361 0.94785 0.372744 0.176213 -0.107025 0.978516 0.381216 -0.980191 0.0722233 0.184415 -0.487467 -0.0904087 -0.99163 -0.0921786 0.439691 
1535374701806 0.255601 0.925607 -0.279141 -0.635025 -0.939001 0.306402 0.156186 -0.240659 0.230096 0.222192 0.947463 0.372842 0.177916 -0.107375 0.97817 0.381306 -0.980307 0.0672315 0.185684 -0.487642 -0.0857017 -0.991943 -0.0932988 0.439907 
1535374702005 0.254784 0.925553 -0.280067 -0.635197 -0.939029 0.305964 0.156877 -0.240853 0.230888 0.223022 0.947076 0.37294 0.17962 -0.107716 0.977821 0.381397 -0.980396 0.0622389 0.18695 -0.487822 -0.080996 -0.992232 -0.094425 0.440123 
1535374702242 0.253966 0.925497 -0.280994 -0.635368 -0.939056 0.305527 0.157568 -0.241048 0.231679 0.223852 0.946686 0.373038 0.181326 -0.108049 0.977469 0.381488 -0.980459 0.0572445 0.188209 -0.488001 -0.0762904 -0.992496 -0.0955573 0.44034 
1535374702481 0.253147 0.925439 -0.281919 -0.63554 -0.939082 0.30509 0.158259 -0.241243 0.23247 0.224682 0.946296 0.373136 0.183033 -0.108372 0.977115 0.38158 -0.980497 0.0522482 0.189462 -0.488181 -0.0715849 -0.992736 -0.0966955 0.440556 
1535374702741 0.252327 0.925381 -0.282844 -0.63571 -0.939107 0.304653 0.15895 -0.241438 0.233259 0.225513 0.945904 0.373234 0.184741 -0.108687 0.976759 0.381671 -0.980509 0.0472503 0.190708 -0.48836 -0.0668797 -0.992952 -0.0978397 0.440773 
1535374702980 0.251507 0.925322 -0.283768 -0.635882 -0.939131 0.304217 0.159642 -0.241633 0.234047 0.226344 0.94551 0.373332 0.186451 -0.108993 0.9764 0.381762 -0.980495 0.0422508 0.191949 -0.48854 -0.0621748 -0.993144 -0.0989899 0.440989 
1535374703233 0.250685 0.925261 -0.284691 -0.636053 -0.939154 0.303782 0.160334 -0.241828 0.234835 0.227175 0.945116 0.37343 0.188161 -0.109291 0.976038 0.381853 -0.980455 0.0372499 0.193183 -0.488719 -0.0574705 -0.993312 -0.100146 0.441205 
1535374703465 0.249863 0.925199 -0.285613 -0.636226 -0.939176 0.303347 0.161027 -0.242023 0.235622 0.228006 0.94472 0.373527 0.189872 -0.10958 0.975675 0.381945 -0.98039 0.0322477 0.194412 -0.4889 -0.0527668 -0.993455 -0.101308 0.441422 
1535374703709 0.24904 0.925136 -0.286535 -0.636397 -0.939197 0.302913 0.16172 -0.242218 0.236408 0.228838 0.944322 0.373625 0.191584 -0.10986 0.975308 0.382036 -0.980299 0.0272445 0.195633 -0.489079 -0.048064 -0.993574 -0.102476 0.441638 
1535374703962 0.249522 0.925241 -0.285777 -0.636278 -0.939231 0.303084 0.161198 -0.241988 0.235761 0.228188 0.944641 0.373539 0.19095 -0.109632 0.975458 0.381948 -0.980347 0.0288891 0.195153 -0.489051 -0.0495751 -0.993552 -0.101961 0.441565 
1535374703980 0.248936 0.925415 -0.285724 -0.636349 -0.939399 0.302503 0.161312 -0.24209 0.235713 0.228252 0.944638 0.373586 0.191522 -0.110754 0.975219 0.381978 -0.980262 0.0280688 0.1957 -0.489105 -0.0490477 -0.993451 -0.103192 0.441722 
1535374703994 0.24835 0.925589 -0.285669 -0.636424 -0.939566 0.301922 0.161427 -0.242193 0.235665 0.228315 0.944635 0.373633 0.192093 -0.111876 0.974979 0.382009 -0.980176 0.0272486 0.196244 -0.489162 -0.0485218 -0.993349 -0.104424 0.441879 
1535374704190 0.247764 0.925763 -0.285615 -0.636499 -0.939733 0.301341 0.161541 -0.242297 0.235617 0.228377 0.944631 0.37368 0.192667 -0.112997 0.974736 0.38204 -0.98009 0.0264278 0.196788 -0.489218 -0.0479967 -0.993244 -0.105656 0.442037 
1535374704346 0.247177 0.925937 -0.28556 -0.636575 -0.939899 0.30076 0.161656 -0.242401 0.235568 0.22844 0.944628 0.373726 0.19324 -0.114118 0.974492 0.382071 -0.980002 0.0256062 0.197332 -0.489274 -0.0474722 -0.993137 -0.106888 0.442194 
1535374704499 0.246591 0.92611 -0.285505 -0.636651 -0.940066 0.300178 0.161771 -0.242505 0.23552 0.228502 0.944625 0.373773 0.193815 -0.115238 0.974246 0.382102 -0.979914 0.024784 0.197874 -0.489331 -0.0469484 -0.993029 -0.10812 0.442351 
1535374704655 0.246004 0.926283 -0.28545 -0.636727 -0.940231 0.299596 0.161885 -0.242609 0.235471 0.228565 0.944622 0.373819 0.19439 -0.116358 0.973999 0.382133 -0.979825 0.0239611 0.198416 -0.489387 -0.0464253 -0.992918 -0.109352 0.442509 
1535374704815 0.245418 0.926455 -0.285396 -0.636802 -0.940397 0.299015 0.162 -0.242713 0.235423 0.228628 0.944619 0.373866 0.194965 -0.117476 0.973749 0.382164 -0.979735 0.0231378 0.198955 -0.489444 -0.045903 -0.992806 -0.110585 0.442666 
1535374704972 0.244831 0.926627 -0.285341 -0.636877 -0.940562 0.298433 0.162114 -0.242817 0.235374 0.22869 0.944616 0.373913 0.195541 -0.118595 0.973498 0.382194 -0.979645 0.0223138 0.199494 -0.4895 -0.0453813 -0.992692 -0.111817 0.442823 
1535374705125 0.244244 0.926799 -0.285286 -0.636954 -0.940727 0.297851 0.162228 -0.242921 0.235326 0.228752 0.944613 0.373959 0.196118 -0.119712 0.973246 0.382226 -0.979554 0.021489 0.200032 -0.489556 -0.0448603 -0.992576 -0.11305 0.442981 
1535374705285 0.244945 0.926593 -0.285356 -0.636868 -0.940562 0.298516 0.161961 -0.242886 0.235255 0.228723 0.944638 0.373956 0.195544 -0.118991 0.973449 0.382194 -0.979659 0.0219112 0.19947 -0.48956 -0.0450647 -0.992654 -0.112286 0.442868 
1535374705302 0.244696 0.926765 -0.285011 -0.636904 -0.940768 0.298081 0.161566 -0.242963 0.23469 0.228594 0.94481 0.373943 0.195435 -0.119612 0.973395 0.382201 -0.979677 0.0218731 0.199384 -0.489571 -0.0451399 -0.99258 -0.112907 0.442928 
1535374705315 0.244445 0.926937 -0.284666 -0.636945 -0.940974 0.297643 0.161171 -0.243042 0.234124 0.228466 0.944981 0.373929 0.195325 -0.120234 0.973341 0.382209 -0.979696 0.0218356 0.199298 -0.489582 -0.0452159 -0.992505 -0.113528 0.442988 
1535374705331 0.244194 0.927109 -0.28432 -0.636987 -0.94118 0.297206 0.160776 -0.243121 0.233559 0.228336 0.945152 0.373914 0.195216 -0.120856 0.973285 0.382216 -0.979714 0.0217984 0.199212 -0.489593 -0.045292 -0.992431 -0.114149 0.443048 
1535374705480 0.243942 0.927281 -0.283975 -0.637029 -0.941386 0.296768 0.16038 -0.2432 0.232993 0.228207 0.945323 0.3739 0.195107 -0.121477 0.97323 0.382224 -0.979732 0.0217609 0.199126 -0.489604 -0.0453677 -0.992356 -0.114769 0.443108 
1535374705583 0.24369 0.927453 -0.283631 -0.637069 -0.941591 0.296331 0.159985 -0.243279 0.232427 0.228077 0.945494 0.373886 0.194998 -0.122098 0.973174 0.382231 -0.97975 0.0217234 0.199041 -0.489615 -0.0454432 -0.99228 -0.11539 0.443168 
1535374705645 0.243438 0.927624 -0.283286 -0.637111 -0.941795 0.295894 0.159589 -0.243358 0.231861 0.227947 0.945664 0.373872 0.194888 -0.12272 0.973118 0.382238 -0.979769 0.0216864 0.198955 -0.489626 -0.0455191 -0.992204 -0.116011 0.443228 
1535374705739 0.243186 0.927796 -0.282941 -0.637151 -0.942 0.295456 0.159192 -0.243437 0.231295 0.227817 0.945834 0.373858 0.194779 -0.123341 0.973061 0.382246 -0.979787 0.0216491 0.198869 -0.489637 -0.0455946 -0.992128 -0.116631 0.443288 
1535374705745 0.242933 0.927967 -0.282596 -0.637193 -0.942204 0.295019 0.158796 -0.243517 0.230729 0.227686 0.946004 0.373843 0.194669 -0.123962 0.973004 0.382253 -0.979805 0.0216119 0.198783 -0.489648 -0.0456701 -0.992052 -0.117252 0.443348 
1535374705887 0.242681 0.928138 -0.282251 -0.637234 -0.942407 0.294582 0.1584 -0.243596 0.230163 0.227555 0.946173 0.373829 0.19456 -0.124583 0.972947 0.382261 -0.979823 0.0215748 0.198697 -0.489659 -0.0457455 -0.991975 -0.117872 0.443408 
1535374705962 0.243127 0.927876 -0.282727 -0.637135 -0.942043 0.295336 0.15916 -0.243467 0.231181 0.227645 0.945903 0.373863 0.19481 -0.123653 0.973015 0.382306 -0.97978 0.0216066 0.19891 -0.489578 -0.0456194 -0.99209 -0.116944 0.443306 
1535374705980 0.243495 0.927925 -0.282252 -0.63712 -0.942029 0.295526 0.158889 -0.243471 0.23085 0.227201 0.946091 0.373804 0.194414 -0.123933 0.973059 0.382305 -0.979775 0.0233737 0.198732 -0.48963 -0.0473735 -0.992015 -0.116882 0.443266 
1535374706019 0.243862 0.927973 -0.281775 -0.637109 -0.942015 0.295715 0.158618 -0.243476 0.230518 0.226755 0.946279 0.373745 0.194016 -0.124212 0.973103 0.382302 -0.979768 0.0251402 0.198554 -0.489676 -0.0491267 -0.991937 -0.116821 0.443227 
1535374706177 0.244228 0.928022 -0.281297 -0.637097 -0.942002 0.295904 0.158347 -0.24348 0.230187 0.226309 0.946466 0.373685 0.193617 -0.12449 0.973147 0.3823 -0.979757 0.0269065 0.198375 -0.489723 -0.0508798 -0.991856 -0.116761 0.443187 
1535374706338 0.244594 0.92807 -0.280819 -0.637084 -0.941987 0.296094 0.158077 -0.243485 0.229855 0.225864 0.946653 0.373626 0.193219 -0.124768 0.97319 0.382298 -0.979743 0.0286728 0.198196 -0.489772 -0.0526326 -0.991772 -0.116701 0.443148 
1535374706486 0.24496 0.928118 -0.280341 -0.637072 -0.941973 0.296283 0.157806 -0.24349 0.229523 0.225418 0.94684 0.373566 0.19282 -0.125045 0.973234 0.382295 -0.979726 0.0304391 0.198017 -0.489818 -0.0543854 -0.991684 -0.116641 0.443108 
1535374706637 0.245326 0.928166 -0.279863 -0.63706 -0.941959 0.296473 0.157535 -0.243494 0.229191 0.224972 0.947026 0.373507 0.19242 -0.125321 0.973277 0.382293 -0.979706 0.0322053 0.197838 -0.489866 -0.056138 -0.991593 -0.116581 0.443068 
1535374706795 0.245692 0.928213 -0.279385 -0.637049 -0.941944 0.296662 0.157265 -0.2435 0.228858 0.224526 0.947213 0.373447 0.19202 -0.125597 0.973321 0.38229 -0.979682 0.0339715 0.197658 -0.489912 -0.0578904 -0.9915 -0.116522 0.443028 
1535374706948 0.246058 0.92826 -0.278907 -0.637037 -0.94193 0.296852 0.156994 -0.243505 0.228526 0.224081 0.947398 0.373388 0.191619 -0.125871 0.973365 0.382288 -0.979655 0.0357376 0.197479 -0.48996 -0.0596427 -0.991403 -0.116463 0.442989 
1535374707089 0.246423 0.928307 -0.278428 -0.637026 -0.941915 0.297042 0.156724 -0.24351 0.228193 0.223635 0.947584 0.373328 0.191218 -0.126145 0.973408 0.382285 -0.979626 0.0375037 0.197299 -0.490006 -0.0613948 -0.991303 -0.116404 0.442949 
1535374707256 0.24597 0.928207 -0.279159 -0.637021 -0.941896 0.296867 0.157171 -0.243575 0.22876 0.224279 0.947295 0.37345 0.191488 -0.125955 0.97338 0.38232 -0.97966 0.0360907 0.197393 -0.489954 -0.0599927 -0.991379 -0.116482 0.442986 
1535374707272 0.246588 0.92808 -0.279039 -0.636823 -0.941741 0.297431 0.157032 -0.243476 0.228733 0.224061 0.947353 0.373505 0.191741 -0.125718 0.97336 0.38235 -0.979666 0.0351857 0.197527 -0.49009 -0.0590811 -0.991442 -0.116415 0.442936 
1535374707440 0.247205 0.927951 -0.278921 -0.636617 -0.941586 0.297995 0.156891 -0.243374 0.228705 0.223844 0.947411 0.373562 0.191993 -0.12548 0.973341 0.38238 -0.979671 0.0342796 0.197661 -0.490227 -0.0581683 -0.991504 -0.116348 0.442886 
1535374707608 0.247822 0.927822 -0.278803 -0.636414 -0.941431 0.298559 0.156751 -0.243272 0.228676 0.223627 0.947469 0.373619 0.192246 -0.125242 0.973322 0.382411 -0.979675 0.0333736 0.197795 -0.490364 -0.0572555 -0.991565 -0.11628 0.442836 
1535374707790 0.248439 0.927692 -0.278685 -0.636209 -0.941275 0.299123 0.156611 -0.24317 0.228648 0.223411 0.947527 0.373675 0.192499 -0.125004 0.973303 0.382441 -0.979678 0.0324675 0.197929 -0.490501 -0.0563426 -0.991625 -0.116213 0.442786 
1535374707964 0.249056 0.927562 -0.278566 -0.636005 -0.941119 0.299687 0.156471 -0.243068 0.228619 0.223194 0.947585 0.373732 0.192751 -0.124765 0.973284 0.382471 -0.979681 0.0315615 0.198063 -0.490638 -0.0554297 -0.991684 -0.116146 0.442736 
1535374708132 0.249673 0.927432 -0.278447 -0.635801 -0.940962 0.300251 0.156331 -0.242967 0.22859 0.222977 0.947643 0.373788 0.193003 -0.124526 0.973264 0.382502 -0.979683 0.0306554 0.198198 -0.490775 -0.0545167 -0.991743 -0.11608 0.442686 
1535374708300 0.250289 0.927302 -0.278329 -0.635597 -0.940805 0.300815 0.156191 -0.242865 0.228561 0.22276 0.947701 0.373845 0.193254 -0.124287 0.973245 0.382532 -0.979683 0.0297494 0.198332 -0.490912 -0.0536036 -0.9918 -0.116013 0.442636 
1535374708496 0.250906 0.927171 -0.27821 -0.635393 -0.940648 0.301378 0.156051 -0.242764 0.228532 0.222544 0.947759 0.373901 0.193506 -0.124048 0.973225 0.382562 -0.979683 0.0288434 0.198466 -0.491049 -0.0526905 -0.991857 -0.115946 0.442586 
1535374708653 0.251522 0.927039 -0.278091 -0.63519 -0.940491 0.301942 0.155911 -0.242662 0.228503 0.222327 0.947817 0.373957 0.193758 -0.123808 0.973206 0.382592 -0.979682 0.0279373 0.198601 -0.491186 -0.0517773 -0.991913 -0.11588 0.442536 
1535374708827 0.250939 0.92715 -0.278248 -0.63536 -0.940621 0.301434 0.156106 -0.242731 0.228607 0.222553 0.947739 0.373874 0.193483 -0.124074 0.973227 0.382569 -0.979685 0.0288852 0.19845 -0.490997 -0.0527343 -0.991852 -0.115965 0.442591 
1535374708841 0.251224 0.927083 -0.278217 -0.634991 -0.940524 0.301722 0.156135 -0.242595 0.228695 0.222444 0.947743 0.373993 0.193827 -0.123753 0.973199 0.382595 -0.979705 0.0272322 0.198585 -0.491135 -0.051078 -0.991939 -0.115963 0.442534 
1535374708933 0.25151 0.927014 -0.278186 -0.634618 -0.940426 0.302011 0.156165 -0.242457 0.228782 0.222336 0.947747 0.374112 0.194169 -0.123431 0.973172 0.38262 -0.979722 0.0255798 0.198721 -0.491273 -0.0494218 -0.992023 -0.115961 0.442477 
1535374709123 0.251795 0.926946 -0.278155 -0.634245 -0.940329 0.3023 0.156194 -0.242319 0.22887 0.222228 0.947752 0.374231 0.194512 -0.123107 0.973144 0.382646 -0.979736 0.0239273 0.198856 -0.491411 -0.0477654 -0.992105 -0.115959 0.44242 
1535374709337 0.25208 0.926878 -0.278124 -0.633872 -0.940231 0.302589 0.156223 -0.242181 0.228957 0.22212 0.947756 0.374351 0.194854 -0.122784 0.973117 0.382672 -0.979748 0.0222748 0.198992 -0.49155 -0.0461089 -0.992183 -0.115957 0.442363 
1535374709568 0.252366 0.926809 -0.278094 -0.633498 -0.940133 0.302878 0.156252 -0.242043 0.229044 0.222012 0.94776 0.374471 0.195195 -0.122459 0.973089 0.382698 -0.979756 0.0206222 0.199128 -0.491688 -0.0444523 -0.992259 -0.115955 0.442306 
1535374709777 0.252651 0.926741 -0.278063 -0.633126 -0.940035 0.303167 0.156282 -0.241905 0.229132 0.221904 0.947764 0.37459 0.195536 -0.122134 0.973062 0.382724 -0.979762 0.0189697 0.199264 -0.491826 -0.0427956 -0.992332 -0.115953 0.442249 
1535374709978 0.252937 0.926672 -0.278032 -0.632751 -0.939937 0.303456 0.156311 -0.241766 0.229219 0.221796 0.947768 0.37471 0.195876 -0.121809 0.973034 0.382749 -0.979765 0.0173172 0.199399 -0.491965 -0.0411387 -0.992403 -0.115952 0.442192 
1535374710174 0.253222 0.926603 -0.278001 -0.632379 -0.939839 0.303745 0.15634 -0.241629 0.229307 0.221688 0.947773 0.374829 0.196216 -0.121483 0.973006 0.382775 -0.979765 0.0156645 0.199535 -0.492103 -0.0394818 -0.99247 -0.115951 0.442135 
1535374710370 0.253508 0.926534 -0.277971 -0.632004 -0.939741 0.304034 0.156369 -0.24149 0.229394 0.22158 0.947777 0.374949 0.196555 -0.121156 0.972979 0.382801 -0.979763 0.014012 0.19967 -0.492241 -0.0378247 -0.992535 -0.11595 0.442078 
1535374710600 0.253309 0.926575 -0.278017 -0.632224 -0.939795 0.30385 0.156397 -0.241546 0.229389 0.221663 0.947759 0.374849 0.196258 -0.121423 0.973005 0.382773 -0.979784 0.0149968 0.199497 -0.492128 -0.0388154 -0.992488 -0.116025 0.442121 
1535374710628 0.253161 0.926497 -0.27841 -0.631737 -0.939654 0.30395 0.157052 -0.241376 0.23013 0.221849 0.947535 0.375018 0.19669 -0.121232 0.972942 0.382826 -0.979752 0.0135585 0.199757 -0.492253 -0.0374085 -0.992532 -0.11611 0.442072 
1535374710637 0.253013 0.92642 -0.278803 -0.631243 -0.939512 0.304049 0.157704 -0.241203 0.23087 0.222037 0.947311 0.375188 0.197124 -0.12104 0.972878 0.38288 -0.979717 0.0121202 0.200018 -0.492379 -0.0360017 -0.992574 -0.116196 0.442023 
1535374710932 0.252864 0.926342 -0.279195 -0.630751 -0.93937 0.304149 0.158357 -0.241031 0.231609 0.222225 0.947087 0.375358 0.197557 -0.120848 0.972814 0.382934 -0.979681 0.0106819 0.200279 -0.492505 -0.0345948 -0.992614 -0.116282 0.441975 
1535374711151 0.252715 0.926264 -0.279588 -0.630258 -0.939228 0.304248 0.159009 -0.240859 0.232349 0.222412 0.946862 0.375529 0.19799 -0.120655 0.97275 0.382988 -0.979642 0.00924362 0.200539 -0.492631 -0.0331879 -0.992651 -0.116369 0.441926 
1535374711355 0.252566 0.926187 -0.27998 -0.629767 -0.939085 0.304348 0.159662 -0.240687 0.233088 0.2226 0.946636 0.375698 0.198423 -0.120462 0.972686 0.383042 -0.979601 0.00780532 0.2008 -0.492757 -0.031781 -0.992687 -0.116456 0.441877 
1535374711601 0.252416 0.926109 -0.280372 -0.629273 -0.938942 0.304448 0.160314 -0.240514 0.233827 0.222787 0.94641 0.375869 0.198855 -0.120268 0.972621 0.383096 -0.979558 0.00636713 0.201061 -0.492883 -0.030374 -0.992721 -0.116543 0.441828 
1535374711817 0.252266 0.926031 -0.280764 -0.628782 -0.938798 0.304547 0.160966 -0.240342 0.234565 0.222974 0.946183 0.376039 0.199288 -0.120073 0.972557 0.383149 -0.979513 0.0049289 0.201322 -0.493009 -0.028967 -0.992753 -0.116631 0.441779 
1535374712031 0.252116 0.925953 -0.281156 -0.628288 -0.938653 0.304648 0.161618 -0.24017 0.235304 0.223162 0.945955 0.376209 0.199719 -0.119878 0.972492 0.383203 -0.979465 0.00349078 0.201582 -0.493135 -0.02756 -0.992782 -0.116719 0.441731 
1535374712272 0.251965 0.925875 -0.281548 -0.627796 -0.938508 0.304748 0.16227 -0.239997 0.236042 0.223349 0.945727 0.376379 0.200151 -0.119682 0.972428 0.383257 -0.979416 0.00205269 0.201842 -0.493261 -0.026153 -0.99281 -0.116808 0.441682 
1535374712524 0.251839 0.925958 -0.281389 -0.62804 -0.938636 0.30451 0.161977 -0.239969 0.235669 0.22333 0.945824 0.376265 0.19971 -0.119748 0.97251 0.383219 -0.979476 0.00320734 0.201536 -0.493209 -0.0272526 -0.992799 -0.116649 0.441747 
1535374712538 0.251761 0.925941 -0.281513 -0.627658 -0.938543 0.304565 0.162409 -0.239821 0.23612 0.223324 0.945713 0.376371 0.200472 -0.120549 0.972255 0.383298 -0.979338 0.00227705 0.202215 -0.493354 -0.0265907 -0.992705 -0.117602 0.441834 
1535374712600 0.251683 0.925924 -0.281638 -0.627271 -0.938451 0.30462 0.162842 -0.239671 0.236572 0.223319 0.945602 0.376479 0.201236 -0.121351 0.971997 0.383378 -0.9792 0.00134606 0.202895 -0.493501 -0.0259298 -0.992609 -0.118556 0.441922 
1535374712794 0.251605 0.925907 -0.281764 -0.626883 -0.938358 0.304675 0.163274 -0.23952 0.237023 0.223315 0.94549 0.376586 0.202001 -0.122151 0.971738 0.383458 -0.979059 0.000414426 0.203575 -0.493648 -0.0252696 -0.992511 -0.11951 0.44201 
1535374713013 0.251527 0.92589 -0.281889 -0.626497 -0.938264 0.30473 0.163706 -0.23937 0.237474 0.22331 0.945378 0.376693 0.202765 -0.122951 0.971478 0.383538 -0.978918 -0.000517637 0.204252 -0.493795 -0.0246102 -0.992413 -0.120464 0.442098 
1535374713218 0.25145 0.925873 -0.282014 -0.626109 -0.938171 0.304785 0.164138 -0.23922 0.237925 0.223305 0.945265 0.376801 0.20353 -0.12375 0.971217 0.383618 -0.978776 -0.00145029 0.204929 -0.493942 -0.0239515 -0.992312 -0.121419 0.442185 
1535374713421 0.251372 0.925856 -0.28214 -0.625722 -0.938077 0.30484 0.16457 -0.239069 0.238376 0.223301 0.945153 0.376908 0.204295 -0.124548 0.970954 0.383697 -0.978632 -0.00238343 0.205604 -0.494089 -0.0232935 -0.992211 -0.122374 0.442273 
1535374713654 0.251294 0.925839 -0.282265 -0.625335 -0.937984 0.304895 0.165002 -0.238919 0.238827 0.223296 0.94504 0.377015 0.205061 -0.125346 0.97069 0.383777 -0.978487 -0.00331723 0.206279 -0.494236 -0.0226362 -0.992108 -0.123329 0.442361 
1535374713857 0.251216 0.925822 -0.28239 -0.624949 -0.93789 0.30495 0.165434 -0.238769 0.239278 0.223291 0.944927 0.377122 0.205827 -0.126142 0.970424 0.383857 -0.978342 -0.00425152 0.206953 -0.494383 -0.0219798 -0.992003 -0.124285 0.442448 
1535374714068 0.251137 0.925805 -0.282515 -0.62456 -0.937795 0.305005 0.165866 -0.238618 0.239728 0.223286 0.944814 0.37723 0.206593 -0.126938 0.970158 0.383937 -0.978195 -0.00518632 0.207626 -0.49453 -0.021324 -0.991897 -0.125241 0.442536 
1535374714287 0.2512 0.925794 -0.282495 -0.624771 -0.937876 0.304971 0.165473 -0.238754 0.239347 0.223378 0.944889 0.377103 0.206104 -0.126479 0.970322 0.383852 -0.978288 -0.00458634 0.207198 -0.494426 -0.0217561 -0.991959 -0.124679 0.442423 
1535374714311 0.25123 0.925724 -0.2827 -0.624472 -0.937815 0.305085 0.165606 -0.238629 0.239553 0.223515 0.944804 0.377211 0.206275 -0.127911 0.970098 0.383914 -0.97822 -0.00349134 0.207542 -0.494526 -0.02316 -0.991779 -0.125846 0.442557 
1535374714486 0.25126 0.925653 -0.282906 -0.624169 -0.937755 0.305199 0.165737 -0.238503 0.239758 0.223653 0.94472 0.377319 0.206445 -0.129343 0.969872 0.383977 -0.97815 -0.00239657 0.207888 -0.494627 -0.0245644 -0.991597 -0.127011 0.442691 
1535374714689 0.25129 0.925582 -0.283111 -0.623866 -0.937695 0.305314 0.165869 -0.238376 0.239963 0.223791 0.944635 0.377428 0.206613 -0.130774 0.969644 0.384039 -0.978078 -0.0013023 0.208235 -0.494729 -0.025969 -0.991411 -0.128177 0.442825 
1535374714876 0.25132 0.92551 -0.283317 -0.623563 -0.937634 0.305428 0.166 -0.23825 0.240168 0.223929 0.94455 0.377537 0.20678 -0.132206 0.969414 0.384102 -0.978005 -0.000208543 0.208584 -0.49483 -0.0273738 -0.991222 -0.129341 0.44296 
1535374715086 0.25135 0.925439 -0.283523 -0.62326 -0.937574 0.305542 0.166131 -0.238124 0.240373 0.224066 0.944466 0.377645 0.206944 -0.133637 0.969183 0.384165 -0.97793 0.000884724 0.208933 -0.494931 -0.0287787 -0.99103 -0.130504 0.443094 
1535374715275 0.25138 0.925368 -0.283729 -0.622956 -0.937513 0.305657 0.166263 -0.237997 0.240578 0.224204 0.944381 0.377754 0.207106 -0.135068 0.96895 0.384227 -0.977853 0.00197743 0.209284 -0.495032 -0.0301837 -0.990834 -0.131667 0.443228 
1535374715477 0.251409 0.925297 -0.283934 -0.622654 -0.937452 0.305771 0.166394 -0.23787 0.240783 0.224342 0.944296 0.377862 0.207266 -0.1365 0.968715 0.38429 -0.977775 0.00306965 0.209637 -0.495133 -0.0315889 -0.990635 -0.13283 0.443362 
1535374715678 0.251439 0.925226 -0.28414 -0.62235 -0.937392 0.305886 0.166525 -0.237743 0.240988 0.224479 0.944211 0.377971 0.207423 -0.137931 0.968479 0.384353 -0.977695 0.00416137 0.20999 -0.495234 -0.0329943 -0.990433 -0.133991 0.443497 
1535374715868 0.251469 0.925155 -0.284346 -0.622047 -0.937331 0.306 0.166657 -0.237617 0.241193 0.224617 0.944126 0.378079 0.20758 -0.139362 0.96824 0.384415 -0.977613 0.00525246 0.210345 -0.495335 -0.0343997 -0.990228 -0.135152 0.443631 
1535374716082 0.251454 0.925223 -0.284135 -0.622249 -0.937346 0.305938 0.166687 -0.237678 0.241151 0.224419 0.944184 0.378043 0.207462 -0.138455 0.968395 0.384355 -0.977667 0.00461341 0.210108 -0.495276 -0.0335582 -0.990358 -0.134406 0.443501 
1535374716101 0.251592 0.925111 -0.284377 -0.621984 -0.937284 0.306137 0.166672 -0.237581 0.241248 0.224609 0.944113 0.378142 0.207538 -0.138599 0.968359 0.384383 -0.977675 0.00385863 0.210087 -0.495358 -0.0328544 -0.990341 -0.134704 0.44353 
1535374716240 0.251732 0.924998 -0.284621 -0.621714 -0.937221 0.306338 0.166654 -0.237482 0.241345 0.2248 0.944043 0.378242 0.207614 -0.138742 0.968322 0.38441 -0.977682 0.00310418 0.210066 -0.495441 -0.0321508 -0.990324 -0.135001 0.44356 
1535374716419 0.251872 0.924885 -0.284864 -0.621443 -0.937159 0.306539 0.166637 -0.237382 0.241442 0.224992 0.943973 0.378342 0.20769 -0.138885 0.968285 0.384438 -0.977689 0.00234976 0.210044 -0.495524 -0.0314472 -0.990306 -0.135298 0.44359 
1535374716606 0.252012 0.924772 -0.285108 -0.621173 -0.937096 0.306739 0.166619 -0.237283 0.241539 0.225183 0.943902 0.378441 0.207766 -0.139027 0.968248 0.384466 -0.977695 0.00159538 0.210022 -0.495607 -0.0307436 -0.990287 -0.135595 0.443619 
1535374716795 0.252152 0.924659 -0.285351 -0.620904 -0.937033 0.30694 0.166602 -0.237184 0.241635 0.225374 0.943832 0.378541 0.207843 -0.13917 0.968211 0.384494 -0.977701 0.000840907 0.210001 -0.495689 -0.03004 -0.990268 -0.135892 0.443649 
1535374716986 0.252292 0.924546 -0.285594 -0.620633 -0.936971 0.307141 0.166584 -0.237085 0.241732 0.225566 0.943761 0.378641 0.207919 -0.139312 0.968174 0.384522 -0.977706 8.6518e-05 0.209978 -0.495772 -0.0293364 -0.990248 -0.136189 0.443679 
1535374717189 0.252432 0.924432 -0.285837 -0.620364 -0.936908 0.307341 0.166567 -0.236986 0.241829 0.225757 0.943691 0.378741 0.207996 -0.139455 0.968137 0.38455 -0.977711 -0.000667955 0.209956 -0.495855 -0.0286328 -0.990228 -0.136485 0.443708 
1535374717195 0.252571 0.924319 -0.286081 -0.620094 -0.936846 0.307542 0.166549 -0.236887 0.241926 0.225948 0.94362 0.37884 0.208072 -0.139597 0.9681 0.384578 -0.977715 -0.00142236 0.209934 -0.495938 -0.0279292 -0.990207 -0.136782 0.443738 
1535374717430 0.252711 0.924205 -0.286324 -0.619823 -0.936783 0.307742 0.166531 -0.236787 0.242023 0.226139 0.94355 0.37894 0.208149 -0.13974 0.968063 0.384606 -0.977718 -0.00217681 0.209911 -0.496021 -0.0272256 -0.990186 -0.137079 0.443767 
1535374717626 0.252511 0.924259 -0.286329 -0.620054 -0.936856 0.307534 0.166505 -0.236829 0.24195 0.226205 0.943553 0.378806 0.207992 -0.139528 0.968128 0.384574 -0.977737 -0.00158724 0.209828 -0.495969 -0.0277404 -0.990217 -0.136752 0.443819 
1535374717641 0.252562 0.924214 -0.286427 -0.619832 -0.93683 0.307612 0.166505 -0.236732 0.241995 0.226281 0.943523 0.378881 0.20808 -0.138565 0.968247 0.384569 -0.977764 -0.00305584 0.209688 -0.496035 -0.0260965 -0.990349 -0.136119 0.443737 
1535374717818 0.252614 0.92417 -0.286525 -0.619606 -0.936805 0.307689 0.166503 -0.236633 0.242038 0.226357 0.943493 0.378956 0.208167 -0.1376 0.968366 0.384564 -0.977788 -0.00452434 0.20955 -0.496102 -0.0244528 -0.990478 -0.135485 0.443656 
1535374717998 0.252665 0.924125 -0.286623 -0.61938 -0.93678 0.307767 0.166502 -0.236534 0.242082 0.226433 0.943464 0.379031 0.208252 -0.136635 0.968484 0.38456 -0.977809 -0.00599296 0.209412 -0.496168 -0.0228089 -0.990603 -0.134851 0.443574 
1535374718182 0.252717 0.924081 -0.286721 -0.619154 -0.936755 0.307845 0.1665 -0.236435 0.242125 0.22651 0.943434 0.379107 0.208336 -0.13567 0.968602 0.384555 -0.977828 -0.00746164 0.209275 -0.496235 -0.021165 -0.990726 -0.134217 0.443493 
1535374718368 0.252769 0.924036 -0.286819 -0.618929 -0.936729 0.307922 0.166499 -0.236336 0.242169 0.226586 0.943405 0.379182 0.208418 -0.134705 0.968719 0.38455 -0.977845 -0.00893052 0.209139 -0.496301 -0.0195209 -0.990846 -0.133582 0.443411 
1535374718542 0.252821 0.923991 -0.286917 -0.618702 -0.936704 0.308 0.166497 -0.236237 0.242213 0.226662 0.943375 0.379258 0.208498 -0.133739 0.968836 0.384546 -0.977859 -0.0103994 0.209004 -0.496368 -0.0178768 -0.990962 -0.132947 0.443329 
1535374718709 0.252873 0.923947 -0.287015 -0.618477 -0.936679 0.308078 0.166496 -0.236138 0.242256 0.226738 0.943346 0.379333 0.208577 -0.132774 0.968951 0.384541 -0.977871 -0.0118686 0.208871 -0.496434 -0.0162325 -0.991075 -0.132311 0.443248 
1535374718879 0.252925 0.923902 -0.287113 -0.61825 -0.936654 0.308155 0.166494 -0.236039 0.2423 0.226815 0.943316 0.379408 0.208654 -0.131808 0.969067 0.384536 -0.977881 -0.0133377 0.208737 -0.496501 -0.0145881 -0.991186 -0.131675 0.443166 
1535374719056 0.252976 0.923858 -0.287211 -0.618024 -0.936628 0.308233 0.166493 -0.23594 0.242343 0.226891 0.943287 0.379484 0.208729 -0.130842 0.969181 0.384532 -0.977888 -0.014807 0.208605 -0.496567 -0.0129437 -0.991293 -0.131039 0.443085 
1535374719250 0.252786 0.923973 -0.287007 -0.618266 -0.93668 0.308015 0.166609 -0.23593 0.242344 0.226718 0.943328 0.379434 0.208945 -0.131511 0.969044 0.38459 -0.977828 -0.0139388 0.208947 -0.496438 -0.0139714 -0.991217 -0.131507 0.443085 
1535374719264 0.252915 0.923945 -0.286983 -0.618115 -0.936633 0.308145 0.166632 -0.235871 0.242391 0.226654 0.943332 0.37947 0.209152 -0.130969 0.969073 0.384578 -0.977797 -0.0148614 0.209026 -0.496519 -0.0129741 -0.991275 -0.131169 0.44304 
1535374719270 0.253045 0.923917 -0.286959 -0.61796 -0.936585 0.308276 0.166655 -0.23581 0.242438 0.226591 0.943335 0.379506 0.20936 -0.130425 0.969101 0.384567 -0.977765 -0.0157837 0.209108 -0.496602 -0.0119769 -0.991333 -0.13083 0.442996 
1535374719281 0.253175 0.923889 -0.286935 -0.617804 -0.936538 0.308407 0.166678 -0.235749 0.242484 0.226527 0.943338 0.379543 0.209568 -0.129881 0.96913 0.384555 -0.977733 -0.0167059 0.209189 -0.496685 -0.0109796 -0.991389 -0.13049 0.442951 
1535374719472 0.253306 0.923861 -0.286911 -0.617649 -0.936491 0.308539 0.166701 -0.235688 0.242531 0.226463 0.943341 0.379579 0.209775 -0.129337 0.969158 0.384544 -0.977699 -0.017628 0.209271 -0.496768 -0.00998222 -0.991444 -0.130151 0.442906 
1535374719607 0.253436 0.923832 -0.286887 -0.617492 -0.936443 0.30867 0.166724 -0.235626 0.242578 0.2264 0.943345 0.379616 0.209982 -0.128793 0.969185 0.384533 -0.977664 -0.0185501 0.209353 -0.49685 -0.00898477 -0.991498 -0.129812 0.442862 
1535374719724 0.253566 0.923804 -0.286863 -0.617338 -0.936396 0.308801 0.166747 -0.235565 0.242625 0.226336 0.943348 0.379653 0.210187 -0.128249 0.969213 0.384521 -0.977629 -0.019472 0.209435 -0.496933 -0.00798725 -0.991551 -0.129472 0.442817 
1535374719847 0.253696 0.923776 -0.286839 -0.617181 -0.936349 0.308932 0.16677 -0.235504 0.242671 0.226272 0.943351 0.379689 0.210393 -0.127704 0.96924 0.38451 -0.977592 -0.020394 0.209518 -0.497016 -0.00698964 -0.991603 -0.129133 0.442773 
1535374719980 0.253826 0.923748 -0.286814 -0.617026 -0.936301 0.309063 0.166793 -0.235443 0.242718 0.226208 0.943355 0.379726 0.210597 -0.127159 0.969267 0.384499 -0.977555 -0.0213159 0.209601 -0.497099 -0.00599196 -0.991653 -0.128794 0.442728 
1535374720125 0.253957 0.923719 -0.28679 -0.61687 -0.936254 0.309195 0.166816 -0.235381 0.242765 0.226145 0.943358 0.379763 0.210801 -0.126614 0.969294 0.384488 -0.977516 -0.0222377 0.209685 -0.497182 -0.00499419 -0.991703 -0.128455 0.442683 
1535374720257 0.253796 0.923786 -0.286717 -0.617098 -0.936328 0.308999 0.166762 -0.235467 0.242648 0.226138 0.94339 0.379746 0.210498 -0.127063 0.969302 0.384457 -0.977577 -0.0214489 0.209484 -0.497137 -0.00582719 -0.991663 -0.128729 0.442732 
1535374720268 0.253763 0.923807 -0.286679 -0.616877 -0.936277 0.309017 0.167013 -0.235407 0.242877 0.226029 0.943357 0.379795 0.210477 -0.126903 0.969327 0.384444 -0.977577 -0.0207705 0.209549 -0.497244 -0.00645894 -0.991698 -0.128429 0.442683 
1535374720286 0.25373 0.923828 -0.286642 -0.616651 -0.936227 0.309034 0.167265 -0.235344 0.243106 0.225921 0.943323 0.379844 0.210455 -0.126751 0.969352 0.384432 -0.977578 -0.0200787 0.209616 -0.497348 -0.00710578 -0.991731 -0.128135 0.442643 
1535374720304 0.253697 0.923849 -0.286604 -0.616426 -0.936176 0.30905 0.167516 -0.235282 0.243335 0.225814 0.94329 0.379894 0.210433 -0.1266 0.969376 0.38442 -0.977578 -0.0193868 0.209681 -0.497451 -0.00775263 -0.991764 -0.127841 0.442603 
1535374720500 0.253663 0.923869 -0.286567 -0.6162 -0.936126 0.309067 0.167768 -0.235219 0.243564 0.225706 0.943257 0.379943 0.210411 -0.126449 0.969401 0.384409 -0.977577 -0.0186948 0.209747 -0.497555 -0.00839949 -0.991797 -0.127547 0.442563 
1535374720555 0.25363 0.92389 -0.286529 -0.615975 -0.936075 0.309084 0.168019 -0.235157 0.243793 0.225598 0.943223 0.379992 0.210389 -0.126298 0.969425 0.384397 -0.977576 -0.0180029 0.209812 -0.497658 -0.00904633 -0.991829 -0.127253 0.442523 
1535374720710 0.253597 0.923911 -0.286492 -0.615749 -0.936025 0.3091 0.16827 -0.235095 0.244022 0.225491 0.94319 0.380042 0.210367 -0.126147 0.96945 0.384385 -0.977574 -0.017311 0.209877 -0.497761 -0.0096932 -0.991861 -0.126959 0.442483 
1535374720774 0.253564 0.923931 -0.286455 -0.615524 -0.935974 0.309117 0.168522 -0.235033 0.244251 0.225383 0.943156 0.380092 0.210345 -0.125995 0.969474 0.384373 -0.977572 -0.0166191 0.209943 -0.497864 -0.01034 -0.991892 -0.126665 0.442443 
1535374720931 0.253531 0.923952 -0.286418 -0.615297 -0.935923 0.309134 0.168773 -0.23497 0.24448 0.225276 0.943123 0.380141 0.210323 -0.125844 0.969498 0.384361 -0.97757 -0.0159271 0.210007 -0.497968 -0.0109869 -0.991922 -0.126371 0.442403 
1535374720986 0.253497 0.923973 -0.28638 -0.615072 -0.935872 0.30915 0.169024 -0.234908 0.244708 0.225168 0.943089 0.380191 0.210302 -0.125693 0.969523 0.38435 -0.977567 -0.0152351 0.210072 -0.498071 -0.0116338 -0.991952 -0.126077 0.442363 
1535374721147 0.253447 0.923954 -0.286485 -0.615327 -0.935971 0.309043 0.168675 -0.234991 0.244385 0.225392 0.94312 0.380129 0.210329 -0.126044 0.969471 0.384364 -0.977574 -0.0164195 0.209952 -0.497889 -0.0105449 -0.991889 -0.126671 0.442405 
1535374721167 0.253445 0.923942 -0.286525 -0.61497 -0.935937 0.30908 0.168793 -0.234843 0.244514 0.22539 0.943087 0.380243 0.210037 -0.126646 0.969456 0.384361 -0.977621 -0.0151638 0.209825 -0.498013 -0.0118728 -0.991832 -0.126997 0.44243 
1535374721181 0.253444 0.92393 -0.286564 -0.614612 -0.935904 0.309117 0.168909 -0.234694 0.244642 0.225388 0.943054 0.380358 0.209746 -0.127248 0.96944 0.384357 -0.977667 -0.0139071 0.209701 -0.498137 -0.0132018 -0.991773 -0.127323 0.442455 
1535374721416 0.253442 0.923918 -0.286605 -0.61425 -0.935871 0.309154 0.169025 -0.234544 0.24477 0.225387 0.943021 0.380473 0.209454 -0.127849 0.969424 0.384354 -0.977711 -0.0126503 0.209576 -0.498261 -0.0145306 -0.991713 -0.127649 0.442479 
1535374721624 0.253441 0.923906 -0.286644 -0.613891 -0.935838 0.309191 0.169142 -0.234395 0.244899 0.225385 0.942988 0.380588 0.209161 -0.12845 0.969408 0.384351 -0.977753 -0.0113934 0.209452 -0.498385 -0.0158593 -0.991651 -0.127976 0.442504 
1535374721818 0.25344 0.923894 -0.286685 -0.61353 -0.935804 0.309228 0.169258 -0.234245 0.245027 0.225384 0.942955 0.380703 0.208866 -0.129051 0.969392 0.384347 -0.977793 -0.0101362 0.209327 -0.498509 -0.0171878 -0.991586 -0.128302 0.442529 
1535374722020 0.253438 0.923882 -0.286725 -0.613169 -0.935771 0.309265 0.169374 -0.234095 0.245156 0.225383 0.942922 0.380818 0.208572 -0.129651 0.969375 0.384344 -0.977832 -0.00887919 0.209204 -0.498633 -0.0185162 -0.99152 -0.128629 0.442554 
1535374722225 0.253437 0.92387 -0.286764 -0.612809 -0.935738 0.309301 0.169491 -0.233945 0.245284 0.225381 0.942889 0.380932 0.208276 -0.130251 0.969359 0.384341 -0.977869 -0.00762188 0.20908 -0.498758 -0.0198445 -0.991452 -0.128956 0.442579 
1535374722402 0.253435 0.923858 -0.286804 -0.61245 -0.935705 0.309338 0.169607 -0.233796 0.245412 0.22538 0.942856 0.381047 0.207979 -0.13085 0.969342 0.384338 -0.977904 -0.00636456 0.208957 -0.498882 -0.0211726 -0.991382 -0.129283 0.442603 
1535374722612 0.253434 0.923846 -0.286844 -0.612088 -0.935671 0.309375 0.169723 -0.233646 0.245541 0.225378 0.942822 0.381162 0.207682 -0.131449 0.969324 0.384334 -0.977937 -0.00510727 0.208835 -0.499006 -0.0225006 -0.99131 -0.12961 0.442628 
1535374722830 0.253451 0.923847 -0.286825 -0.612306 -0.935662 0.309392 0.169743 -0.233762 0.245558 0.22535 0.942825 0.38109 0.208104 -0.13107 0.969285 0.384385 -0.977874 -0.00626984 0.2091 -0.498849 -0.0213294 -0.991353 -0.129474 0.442581 
1535374722841 0.253675 0.923798 -0.286787 -0.61199 -0.935628 0.309574 0.169599 -0.233619 0.245457 0.225303 0.942862 0.381148 0.207607 -0.130859 0.96942 0.384377 -0.977976 -0.00600743 0.208629 -0.498908 -0.0214773 -0.991383 -0.129225 0.44252 
1535374722857 0.253899 0.923748 -0.286749 -0.611669 -0.935594 0.309757 0.169454 -0.233473 0.245356 0.225257 0.9429 0.381206 0.20711 -0.13065 0.969555 0.384369 -0.978079 -0.00574474 0.208156 -0.498967 -0.0216258 -0.991412 -0.128976 0.442459 
1535374723063 0.254123 0.923698 -0.286712 -0.611348 -0.93556 0.309939 0.16931 -0.233327 0.245254 0.22521 0.942937 0.381265 0.206612 -0.130441 0.969689 0.384361 -0.978181 -0.00548216 0.207684 -0.499026 -0.0217744 -0.991441 -0.128727 0.442398 
1535374723247 0.254347 0.923648 -0.286674 -0.611027 -0.935525 0.310122 0.169166 -0.233181 0.245153 0.225164 0.942975 0.381323 0.206114 -0.130231 0.969823 0.384352 -0.978282 -0.00521966 0.207211 -0.499085 -0.0219231 -0.99147 -0.128479 0.442337 
