1534348748529 0.14634 0.898899 -0.412995 -0.24325 -0.961954 0.226679 0.152518 -0.469541 0.230716 0.374963 0.897871 0.359575 0.16008 -0.304787 0.938871 0.370831 -0.775623 0.549475 0.310623 -0.528794 -0.61056 -0.777934 -0.14844 0.432481 
1534348748541 0.145171 0.893209 -0.425562 -0.280486 -0.96141 0.228944 0.152565 -0.445016 0.233702 0.386991 0.891976 0.365173 0.316231 -0.384871 0.867106 0.40083 -0.930001 -0.306257 0.203234 -0.504368 0.187338 -0.870678 -0.454779 0.485897 
1534348748547 0.143959 0.887424 -0.437898 -0.317416 -0.960853 0.231203 0.152666 -0.420331 0.236723 0.398778 0.885968 0.370524 0.316231 -0.384871 0.867106 0.40083 -0.930001 -0.306257 0.203234 -0.504368 0.187338 -0.870678 -0.454779 0.485897 
1534348749939 0.142707 0.881458 -0.450186 -0.354416 -0.960299 0.233465 0.152711 -0.395684 0.239711 0.41052 0.87978 0.375933 0.316231 -0.384871 0.867106 0.40083 -0.930001 -0.306257 0.203234 -0.504368 0.187338 -0.870678 -0.454779 0.485897 
1534348750960 0.141413 0.875314 -0.462416 -0.39147 -0.959746 0.235728 0.152711 -0.371065 0.242674 0.422206 0.873414 0.381386 0.316231 -0.384871 0.867106 0.40083 -0.930001 -0.306257 0.203234 -0.504368 0.187338 -0.870678 -0.454779 0.485897 
1534348751919 0.140078 0.869007 -0.474558 -0.428524 -0.959192 0.237992 0.152678 -0.346445 0.245619 0.433805 0.866882 0.386839 0.316231 -0.384871 0.867106 0.40083 -0.930001 -0.306257 0.203234 -0.504368 0.187338 -0.870678 -0.454779 0.485897 
1534348752916 0.138702 0.862539 -0.486609 -0.465578 -0.958638 0.240254 0.152614 -0.321825 0.248545 0.445315 0.860186 0.392292 0.316231 -0.384871 0.867106 0.40083 -0.930001 -0.306257 0.203234 -0.504368 0.187338 -0.870678 -0.454779 0.485897 
1534348753902 0.137285 0.85591 -0.498569 -0.502631 -0.958084 0.242515 0.152517 -0.297204 0.251451 0.456733 0.853327 0.397745 0.316231 -0.384871 0.867106 0.40083 -0.930001 -0.306257 0.203234 -0.504368 0.187338 -0.870678 -0.454779 0.485897 
1534348754920 0.135828 0.849122 -0.510435 -0.539682 -0.95753 0.244774 0.152388 -0.272583 0.254337 0.468058 0.846306 0.403199 0.316231 -0.384871 0.867106 0.40083 -0.930001 -0.306257 0.203234 -0.504368 0.187338 -0.870678 -0.454779 0.485897 
1534348755927 0.134425 0.842131 -0.52225 -0.575937 -0.956966 0.247113 0.152153 -0.24754 0.257188 0.479323 0.839109 0.408776 0.316442 -0.385045 0.866951 0.401525 -0.929984 -0.306148 0.203478 -0.505625 0.187068 -0.87064 -0.454964 0.486487 
1534348757012 0.133907 0.842387 -0.521971 -0.575406 -0.956902 0.246876 0.152938 -0.247837 0.257695 0.478996 0.83914 0.408749 0.316442 -0.385045 0.866951 0.401525 -0.929984 -0.306148 0.203478 -0.505625 0.187068 -0.87064 -0.454964 0.486487 
1534348757026 0.133798 0.841662 -0.523166 -0.579244 -0.956854 0.247118 0.152848 -0.245388 0.25793 0.480143 0.838412 0.409285 0.316221 -0.384863 0.867113 0.400797 -0.930002 -0.306262 0.203223 -0.504308 0.187351 -0.87068 -0.45477 0.485869 
1534348757364 0.133688 0.840937 -0.524359 -0.583082 -0.956806 0.24736 0.152759 -0.242938 0.258166 0.481288 0.837682 0.40982 0.316221 -0.384863 0.867113 0.400797 -0.930002 -0.306262 0.203223 -0.504308 0.187351 -0.87068 -0.45477 0.485869 
1534348757711 0.133578 0.840209 -0.525552 -0.58692 -0.956758 0.247602 0.152669 -0.240489 0.258401 0.482433 0.836951 0.410356 0.316221 -0.384863 0.867113 0.400797 -0.930002 -0.306262 0.203223 -0.504308 0.187351 -0.87068 -0.45477 0.485869 
1534348758066 0.133467 0.839481 -0.526744 -0.59076 -0.95671 0.247843 0.152579 -0.23804 0.258637 0.483576 0.836218 0.410891 0.31622 -0.384863 0.867113 0.400797 -0.930002 -0.306262 0.203222 -0.504307 0.187351 -0.87068 -0.45477 0.485868 
1534348758411 0.133356 0.83875 -0.527934 -0.5946 -0.956662 0.248084 0.152489 -0.235592 0.258872 0.484719 0.835484 0.411426 0.316221 -0.384863 0.867113 0.400796 -0.930002 -0.306262 0.203223 -0.504306 0.187351 -0.87068 -0.45477 0.485868 
1534348758753 0.133245 0.838018 -0.529124 -0.598438 -0.956613 0.248326 0.152398 -0.233143 0.259107 0.48586 0.834747 0.411962 0.316221 -0.384863 0.867113 0.400796 -0.930002 -0.306262 0.203223 -0.504306 0.187351 -0.87068 -0.45477 0.485868 
1534348759103 0.133133 0.837284 -0.530312 -0.602279 -0.956565 0.248567 0.152307 -0.230695 0.259342 0.487001 0.834009 0.412497 0.31622 -0.384863 0.867113 0.400796 -0.930002 -0.306262 0.203222 -0.504306 0.187351 -0.87068 -0.454769 0.485868 
1534348759453 0.133021 0.836549 -0.531499 -0.606117 -0.956517 0.248808 0.152216 -0.228246 0.259577 0.48814 0.83327 0.413033 0.31622 -0.384863 0.867113 0.400796 -0.930002 -0.306262 0.203222 -0.504306 0.187351 -0.87068 -0.454769 0.485868 
1534348759461 0.132908 0.835812 -0.532685 -0.609956 -0.956469 0.249048 0.152125 -0.225796 0.259812 0.489278 0.832529 0.413568 0.31622 -0.384863 0.867113 0.400796 -0.930002 -0.306262 0.203222 -0.504306 0.187351 -0.87068 -0.454769 0.485868 
1534348759987 0.132608 0.836209 -0.532137 -0.609495 -0.956449 0.24881 0.152637 -0.226031 0.260037 0.488721 0.832786 0.413686 0.31622 -0.384863 0.867113 0.400796 -0.930002 -0.306262 0.203222 -0.504306 0.187351 -0.87068 -0.454769 0.485868 
1534348760000 0.133331 0.836574 -0.531382 -0.609919 -0.956462 0.24907 0.152131 -0.22566 0.259621 0.487963 0.83336 0.413362 0.31622 -0.384863 0.867113 0.400795 -0.930002 -0.306262 0.203222 -0.504304 0.187351 -0.87068 -0.454769 0.485867 
1534348760147 0.134052 0.836939 -0.530625 -0.610346 -0.956475 0.249331 0.151627 -0.225291 0.259203 0.487203 0.833934 0.413038 0.31622 -0.384863 0.867113 0.400795 -0.930002 -0.306262 0.203222 -0.504304 0.187351 -0.87068 -0.454769 0.485867 
1534348760157 0.134774 0.837303 -0.529867 -0.610774 -0.956486 0.249592 0.151122 -0.224921 0.258786 0.486443 0.834508 0.412713 0.31622 -0.384863 0.867113 0.400795 -0.930002 -0.306262 0.203222 -0.504304 0.187351 -0.87068 -0.454769 0.485867 
1534348760283 0.135495 0.837666 -0.529109 -0.611202 -0.956498 0.249854 0.150617 -0.224553 0.258367 0.485684 0.83508 0.412389 0.31622 -0.384863 0.867113 0.400795 -0.930002 -0.306262 0.203222 -0.504304 0.187351 -0.87068 -0.454769 0.485867 
1534348760498 0.136216 0.838028 -0.52835 -0.611631 -0.956508 0.250115 0.150113 -0.224184 0.257948 0.484923 0.835651 0.412064 0.31622 -0.384863 0.867113 0.400795 -0.930002 -0.306262 0.203222 -0.504304 0.187351 -0.87068 -0.454769 0.485867 
1534348760503 0.136936 0.83839 -0.52759 -0.612058 -0.956519 0.250378 0.149609 -0.223814 0.257528 0.484163 0.836221 0.41174 0.31622 -0.384863 0.867113 0.400795 -0.930002 -0.306262 0.203222 -0.504304 0.187351 -0.87068 -0.454769 0.485867 
1534348760717 0.137656 0.83875 -0.526829 -0.612487 -0.956529 0.25064 0.149106 -0.223446 0.257107 0.483402 0.83679 0.411415 0.31622 -0.384863 0.867113 0.400795 -0.930002 -0.306262 0.203222 -0.504304 0.187351 -0.87068 -0.454769 0.485867 
1534348760861 0.138375 0.83911 -0.526068 -0.612914 -0.956538 0.250904 0.148602 -0.223076 0.256686 0.482641 0.837359 0.41109 0.31622 -0.384863 0.867113 0.400795 -0.930002 -0.306262 0.203222 -0.504304 0.187351 -0.87068 -0.454769 0.485867 
1534348761005 0.139094 0.839468 -0.525306 -0.613342 -0.956547 0.251167 0.148098 -0.222707 0.256263 0.48188 0.837926 0.410766 0.31622 -0.384863 0.867113 0.400795 -0.930002 -0.306262 0.203222 -0.504304 0.187351 -0.87068 -0.454769 0.485867 
1534348761157 0.138598 0.839197 -0.525869 -0.613008 -0.95656 0.250955 0.148371 -0.223002 0.256482 0.482462 0.837525 0.410888 0.31622 -0.384863 0.867113 0.400795 -0.930002 -0.306262 0.203222 -0.504304 0.187351 -0.87068 -0.454769 0.485867 
1534348761169 0.137983 0.839225 -0.525987 -0.613001 -0.956539 0.25066 0.149004 -0.22317 0.256892 0.482567 0.837338 0.411002 0.31622 -0.384863 0.867113 0.400795 -0.930002 -0.306262 0.203222 -0.504304 0.187351 -0.87068 -0.454769 0.485867 
1534348761325 0.137396 0.83926 -0.526084 -0.613004 -0.956517 0.250379 0.149617 -0.223337 0.257289 0.482652 0.837168 0.411107 0.31622 -0.384863 0.867113 0.400795 -0.930002 -0.306262 0.203222 -0.504304 0.187351 -0.87068 -0.454769 0.485867 
1534348761332 0.136809 0.839296 -0.526181 -0.613006 -0.956494 0.250098 0.150231 -0.223503 0.257685 0.482736 0.836997 0.411212 0.31622 -0.384863 0.867113 0.400795 -0.930002 -0.306262 0.203222 -0.504304 0.187351 -0.87068 -0.454769 0.485867 
1534348761391 0.136222 0.839331 -0.526277 -0.613009 -0.956471 0.249817 0.150845 -0.223669 0.258081 0.482821 0.836826 0.411316 0.31622 -0.384863 0.867113 0.400795 -0.930002 -0.306262 0.203222 -0.504304 0.187351 -0.87068 -0.454769 0.485867 
1534348761544 0.135635 0.839366 -0.526373 -0.61301 -0.956448 0.249535 0.151458 -0.223835 0.258478 0.482905 0.836655 0.411421 0.31622 -0.384863 0.867113 0.400795 -0.930002 -0.306262 0.203222 -0.504304 0.187351 -0.87068 -0.454769 0.485867 
1534348761624 0.135047 0.8394 -0.526468 -0.613013 -0.956424 0.249254 0.152072 -0.224002 0.258874 0.48299 0.836484 0.411526 0.31622 -0.384863 0.867113 0.400795 -0.930002 -0.306262 0.203222 -0.504304 0.187351 -0.87068 -0.454769 0.485867 
1534348761724 0.13446 0.839435 -0.526564 -0.613015 -0.956399 0.248973 0.152686 -0.224168 0.25927 0.483075 0.836312 0.41163 0.31622 -0.384863 0.867113 0.400795 -0.930002 -0.306262 0.203222 -0.504304 0.187351 -0.87068 -0.454769 0.485867 
1534348761804 0.133872 0.83947 -0.526658 -0.613017 -0.956374 0.248691 0.1533 -0.224333 0.259666 0.48316 0.83614 0.411735 0.31622 -0.384863 0.867113 0.400795 -0.930002 -0.306262 0.203222 -0.504304 0.187351 -0.87068 -0.454769 0.485867 
1534348761905 0.133285 0.839504 -0.526753 -0.61302 -0.956349 0.24841 0.153913 -0.2245 0.260061 0.483245 0.835968 0.41184 0.31622 -0.384863 0.867113 0.400795 -0.930002 -0.306262 0.203222 -0.504304 0.187351 -0.87068 -0.454769 0.485867 
1534348762012 0.133918 0.839429 -0.526711 -0.613005 -0.956358 0.248757 0.153292 -0.224341 0.259701 0.483196 0.836108 0.411694 0.31622 -0.384863 0.867113 0.400795 -0.930002 -0.306262 0.203222 -0.504304 0.187351 -0.87068 -0.454769 0.485867 
1534348762024 0.133439 0.839351 -0.526957 -0.612887 -0.956406 0.248432 0.153523 -0.224604 0.259773 0.483499 0.835911 0.411768 0.31622 -0.384863 0.867113 0.400795 -0.930002 -0.306262 0.203222 -0.504304 0.187351 -0.87068 -0.45477 0.485867 
1534348762041 0.132959 0.839273 -0.527203 -0.612769 -0.956453 0.248106 0.153755 -0.224868 0.259845 0.483802 0.835713 0.411842 0.31622 -0.384863 0.867113 0.400795 -0.930002 -0.306262 0.203222 -0.504304 0.187351 -0.87068 -0.45477 0.485867 
1534348762083 0.132479 0.839194 -0.527449 -0.612652 -0.9565 0.247781 0.153987 -0.225132 0.259917 0.484105 0.835515 0.411916 0.31622 -0.384863 0.867113 0.400795 -0.930002 -0.306262 0.203222 -0.504304 0.187351 -0.87068 -0.45477 0.485867 
1534348762197 0.131998 0.839115 -0.527695 -0.612536 -0.956547 0.247455 0.154219 -0.225398 0.259989 0.484408 0.835317 0.411991 0.31622 -0.384863 0.867113 0.400795 -0.930002 -0.306262 0.203222 -0.504304 0.187351 -0.87068 -0.45477 0.485867 
1534348762285 0.131518 0.839036 -0.52794 -0.61242 -0.956594 0.247129 0.154452 -0.225663 0.26006 0.484711 0.835119 0.412065 0.31622 -0.384863 0.867113 0.400795 -0.930002 -0.306262 0.203222 -0.504304 0.187351 -0.87068 -0.45477 0.485867 
1534348762383 0.131038 0.838957 -0.528186 -0.612303 -0.95664 0.246804 0.154684 -0.225928 0.260132 0.485014 0.834921 0.412139 0.31622 -0.384863 0.867113 0.400795 -0.930002 -0.306262 0.203222 -0.504304 0.187351 -0.87068 -0.45477 0.485867 
1534348762488 0.130558 0.838877 -0.528431 -0.612187 -0.956687 0.246479 0.154916 -0.226194 0.260203 0.485317 0.834723 0.412214 0.31622 -0.384863 0.867113 0.400795 -0.930002 -0.306262 0.203222 -0.504304 0.187351 -0.87068 -0.45477 0.485867 
1534348762495 0.130077 0.838798 -0.528676 -0.612071 -0.956733 0.246153 0.155149 -0.226458 0.260274 0.48562 0.834524 0.412288 0.31622 -0.384863 0.867113 0.400795 -0.930002 -0.306262 0.203222 -0.504304 0.187351 -0.87068 -0.45477 0.485867 
1534348762662 0.129596 0.838718 -0.528921 -0.611954 -0.956779 0.245827 0.155382 -0.226723 0.260345 0.485923 0.834326 0.412362 0.31622 -0.384863 0.867113 0.400795 -0.930002 -0.306262 0.203222 -0.504304 0.187351 -0.87068 -0.45477 0.485867 
1534348762767 0.130184 0.838825 -0.528607 -0.612078 -0.956709 0.246248 0.155146 -0.22649 0.260309 0.485525 0.834568 0.412288 0.31622 -0.384863 0.867113 0.400795 -0.930002 -0.306262 0.203222 -0.504304 0.187351 -0.87068 -0.45477 0.485867 
1534348762779 0.129699 0.838926 -0.528565 -0.611798 -0.956672 0.246021 0.155731 -0.226634 0.260685 0.485466 0.834486 0.412312 0.31622 -0.384863 0.867113 0.400795 -0.930002 -0.306262 0.203222 -0.504304 0.187351 -0.87068 -0.45477 0.485867 
1534348762796 0.129215 0.839026 -0.528525 -0.611513 -0.956635 0.245794 0.156315 -0.226776 0.261061 0.485407 0.834402 0.412336 0.31622 -0.384863 0.867113 0.400795 -0.930002 -0.306262 0.203222 -0.504304 0.187351 -0.87068 -0.45477 0.485867 
1534348762889 0.12873 0.839126 -0.528484 -0.611228 -0.956598 0.245567 0.156899 -0.226918 0.261437 0.485349 0.834318 0.41236 0.31622 -0.384863 0.867113 0.400795 -0.930002 -0.306262 0.203222 -0.504304 0.187351 -0.87068 -0.45477 0.485867 
1534348762956 0.128247 0.839226 -0.528444 -0.610943 -0.95656 0.245341 0.157483 -0.22706 0.261812 0.485291 0.834234 0.412385 0.31622 -0.384863 0.867113 0.400795 -0.930002 -0.306262 0.203222 -0.504304 0.187351 -0.87068 -0.45477 0.485867 
1534348763027 0.127762 0.839326 -0.528402 -0.610659 -0.956522 0.245114 0.158067 -0.227202 0.262188 0.485233 0.83415 0.412409 0.31622 -0.384863 0.867113 0.400795 -0.930002 -0.306262 0.203222 -0.504304 0.187351 -0.87068 -0.45477 0.485867 
1534348763080 0.127279 0.839425 -0.528361 -0.610374 -0.956483 0.244887 0.15865 -0.227344 0.262564 0.485176 0.834065 0.412433 0.31622 -0.384863 0.867113 0.400795 -0.930002 -0.306262 0.203222 -0.504304 0.187351 -0.87068 -0.45477 0.485867 
1534348763156 0.126794 0.839525 -0.528319 -0.61009 -0.956445 0.24466 0.159234 -0.227487 0.262939 0.485118 0.833981 0.412458 0.31622 -0.384863 0.867113 0.400795 -0.930002 -0.306262 0.203222 -0.504304 0.187351 -0.87068 -0.45477 0.485867 
1534348763230 0.126311 0.839624 -0.528277 -0.609806 -0.956405 0.244433 0.159817 -0.227629 0.263315 0.48506 0.833896 0.412482 0.31622 -0.384863 0.867113 0.400795 -0.930002 -0.306262 0.203222 -0.504304 0.187351 -0.87068 -0.45477 0.485867 
1534348763286 0.125827 0.839724 -0.528234 -0.60952 -0.956366 0.244206 0.160401 -0.22777 0.26369 0.485003 0.833811 0.412506 0.31622 -0.384863 0.867113 0.400795 -0.930002 -0.306262 0.203222 -0.504304 0.187351 -0.87068 -0.45477 0.485867 
1534348763392 0.126687 0.839564 -0.528283 -0.6099 -0.956437 0.244602 0.159368 -0.227668 0.263019 0.485079 0.833978 0.412468 0.31622 -0.384863 0.867113 0.400795 -0.930002 -0.306262 0.203222 -0.504304 0.187351 -0.87068 -0.45477 0.485867 
1534348763398 0.126342 0.839689 -0.528167 -0.609573 -0.956502 0.244252 0.159513 -0.227714 0.262947 0.48504 0.834023 0.412499 0.31622 -0.384863 0.867113 0.400795 -0.930002 -0.306262 0.203222 -0.504304 0.187351 -0.87068 -0.45477 0.485867 
1534348763433 0.125998 0.839812 -0.528053 -0.609243 -0.956568 0.243902 0.159657 -0.227759 0.262875 0.485002 0.834068 0.412529 0.31622 -0.384863 0.867113 0.400795 -0.930002 -0.306262 0.203222 -0.504304 0.187351 -0.87068 -0.45477 0.485867 
1534348763467 0.125653 0.839936 -0.527938 -0.608913 -0.956633 0.243552 0.159801 -0.227803 0.262803 0.484963 0.834114 0.41256 0.31622 -0.384863 0.867113 0.400795 -0.930002 -0.306262 0.203222 -0.504304 0.187351 -0.87068 -0.45477 0.485867 
1534348763618 0.125308 0.84006 -0.527822 -0.608581 -0.956698 0.243202 0.159945 -0.227847 0.262731 0.484924 0.834159 0.412591 0.31622 -0.384863 0.867113 0.400795 -0.930002 -0.306262 0.203222 -0.504304 0.187351 -0.87068 -0.45477 0.485867 
1534348763676 0.124963 0.840184 -0.527707 -0.60825 -0.956763 0.242852 0.160089 -0.227892 0.262659 0.484885 0.834204 0.412623 0.31622 -0.384863 0.867113 0.400795 -0.930002 -0.306262 0.203222 -0.504304 0.187351 -0.87068 -0.45477 0.485867 
1534348763682 0.124619 0.840308 -0.527592 -0.60792 -0.956827 0.242502 0.160233 -0.227936 0.262587 0.484846 0.834249 0.412653 0.31622 -0.384863 0.867113 0.400795 -0.930002 -0.306262 0.203222 -0.504304 0.187351 -0.87068 -0.45477 0.485867 
1534348763825 0.124274 0.840431 -0.527477 -0.60759 -0.956892 0.242152 0.160376 -0.227981 0.262515 0.484808 0.834295 0.412684 0.31622 -0.384863 0.867113 0.400795 -0.930002 -0.306262 0.203222 -0.504304 0.187351 -0.87068 -0.45477 0.485867 
1534348763910 0.123929 0.840554 -0.527362 -0.607258 -0.956956 0.241801 0.16052 -0.228025 0.262443 0.484769 0.83434 0.412716 0.31622 -0.384863 0.867113 0.400795 -0.930002 -0.306262 0.203222 -0.504304 0.187351 -0.87068 -0.45477 0.485867 
1534348764005 0.123584 0.840677 -0.527246 -0.606928 -0.957021 0.241451 0.160664 -0.228069 0.262371 0.48473 0.834385 0.412747 0.31622 -0.384863 0.867113 0.400795 -0.930002 -0.306262 0.203222 -0.504304 0.187351 -0.87068 -0.45477 0.485867 
1534348764091 0.123798 0.840551 -0.527398 -0.607319 -0.957012 0.241625 0.160453 -0.227941 0.262301 0.484862 0.83433 0.412654 0.31622 -0.384863 0.867113 0.400795 -0.930002 -0.306262 0.203222 -0.504304 0.187351 -0.87068 -0.45477 0.485867 
1534348764103 0.123337 0.840567 -0.52748 -0.6071 -0.957017 0.241352 0.160834 -0.227975 0.2625 0.484971 0.834204 0.412684 0.31622 -0.384863 0.867113 0.400795 -0.930002 -0.306262 0.203222 -0.504304 0.187351 -0.87068 -0.45477 0.485867 
1534348764121 0.122876 0.840582 -0.527563 -0.606876 -0.957022 0.241079 0.161216 -0.228008 0.2627 0.48508 0.834078 0.412714 0.31622 -0.384863 0.867113 0.400795 -0.930002 -0.306262 0.203222 -0.504304 0.187351 -0.87068 -0.45477 0.485867 
1534348764155 0.122416 0.840597 -0.527646 -0.606653 -0.957026 0.240806 0.161597 -0.22804 0.262899 0.485189 0.833952 0.412745 0.31622 -0.384863 0.867113 0.400795 -0.930002 -0.306262 0.203222 -0.504304 0.187351 -0.87068 -0.45477 0.485867 
1534348764215 0.121955 0.840612 -0.527729 -0.606429 -0.95703 0.240534 0.161979 -0.228072 0.263098 0.485298 0.833825 0.412775 0.31622 -0.384863 0.867113 0.400795 -0.930002 -0.306262 0.203222 -0.504304 0.187351 -0.87068 -0.45477 0.485867 
1534348764291 0.121495 0.840627 -0.527812 -0.606206 -0.957034 0.240262 0.16236 -0.228105 0.263297 0.485408 0.833699 0.412805 0.31622 -0.384863 0.867113 0.400795 -0.930002 -0.306262 0.203222 -0.504304 0.187351 -0.87068 -0.45477 0.485867 
1534348764352 0.121034 0.840642 -0.527894 -0.605982 -0.957037 0.239988 0.162742 -0.228137 0.263497 0.485517 0.833572 0.412836 0.31622 -0.384863 0.867113 0.400795 -0.930002 -0.306262 0.203222 -0.504304 0.187351 -0.87068 -0.45477 0.485867 
1534348764408 0.120573 0.840657 -0.527976 -0.605759 -0.957041 0.239716 0.163124 -0.22817 0.263696 0.485626 0.833446 0.412866 0.31622 -0.384863 0.867113 0.400795 -0.930002 -0.306262 0.203222 -0.504304 0.187351 -0.87068 -0.45477 0.485867 
1534348764475 0.120113 0.840671 -0.528058 -0.605536 -0.957044 0.239444 0.163506 -0.228203 0.263894 0.485735 0.833319 0.412897 0.31622 -0.384863 0.867113 0.400795 -0.930002 -0.306262 0.203222 -0.504304 0.187351 -0.87068 -0.45477 0.485867 
1534348764553 0.119651 0.840686 -0.528139 -0.605311 -0.957047 0.239171 0.163888 -0.228234 0.264093 0.485845 0.833192 0.412927 0.31622 -0.384863 0.867113 0.400795 -0.930002 -0.306262 0.203222 -0.504304 0.187351 -0.87068 -0.45477 0.485867 
1534348764618 0.120226 0.840742 -0.527919 -0.605655 -0.957057 0.239461 0.1634 -0.228116 0.263794 0.485604 0.833428 0.412922 0.31622 -0.384863 0.867113 0.400795 -0.930002 -0.306262 0.203222 -0.504304 0.187351 -0.87068 -0.45477 0.485867 
1534348764629 0.120009 0.840674 -0.528076 -0.605504 -0.957065 0.239345 0.163527 -0.228128 0.263866 0.485779 0.833303 0.412955 0.31622 -0.384863 0.867113 0.400795 -0.930002 -0.306262 0.203222 -0.504304 0.187351 -0.87068 -0.45477 0.485867 
1534348764645 0.119795 0.840605 -0.528235 -0.605347 -0.957072 0.239231 0.163653 -0.228138 0.263938 0.485954 0.833178 0.412989 0.31622 -0.384863 0.867113 0.400795 -0.930002 -0.306262 0.203222 -0.504304 0.187351 -0.87068 -0.45477 0.485867 
1534348764662 0.11958 0.840537 -0.528393 -0.605192 -0.957079 0.239117 0.163778 -0.228148 0.264009 0.486129 0.833053 0.413022 0.31622 -0.384863 0.867113 0.400795 -0.930002 -0.306262 0.203222 -0.504304 0.187351 -0.87068 -0.45477 0.485867 
1534348764679 0.119366 0.840467 -0.528551 -0.605037 -0.957086 0.239004 0.163903 -0.228158 0.264081 0.486304 0.832928 0.413055 0.31622 -0.384863 0.867113 0.400795 -0.930002 -0.306262 0.203222 -0.504304 0.187351 -0.87068 -0.45477 0.485867 
1534348764824 0.119151 0.840399 -0.528709 -0.604881 -0.957093 0.238889 0.164029 -0.228168 0.264153 0.486479 0.832803 0.413089 0.31622 -0.384863 0.867113 0.400795 -0.930002 -0.306262 0.203222 -0.504304 0.187351 -0.87068 -0.45477 0.485867 
1534348764853 0.118937 0.84033 -0.528867 -0.604726 -0.957099 0.238776 0.164155 -0.228178 0.264225 0.486654 0.832678 0.413122 0.31622 -0.384863 0.867113 0.400795 -0.930002 -0.306262 0.203222 -0.504304 0.187351 -0.87068 -0.45477 0.485867 
1534348764927 0.118722 0.840261 -0.529025 -0.604569 -0.957106 0.238661 0.164281 -0.228188 0.264296 0.486829 0.832553 0.413156 0.31622 -0.384863 0.867113 0.400795 -0.930002 -0.306262 0.203222 -0.504304 0.187351 -0.87068 -0.45477 0.485867 
1534348764996 0.118507 0.840192 -0.529182 -0.604414 -0.957113 0.238547 0.164406 -0.228198 0.264368 0.487004 0.832428 0.413189 0.31622 -0.384863 0.867113 0.400795 -0.930002 -0.306262 0.203222 -0.504304 0.187351 -0.87068 -0.45477 0.485867 
1534348765041 0.118293 0.840122 -0.52934 -0.604259 -0.95712 0.238434 0.164531 -0.228208 0.264439 0.487179 0.832303 0.413223 0.31622 -0.384863 0.867113 0.400795 -0.930002 -0.306262 0.203222 -0.504304 0.187351 -0.87068 -0.45477 0.485867 
1534348765101 0.118704 0.840234 -0.529072 -0.60456 -0.957068 0.238731 0.164405 -0.22815 0.264444 0.486842 0.832499 0.413154 0.31622 -0.384863 0.867113 0.400795 -0.930002 -0.306262 0.203222 -0.504304 0.187351 -0.87068 -0.45477 0.485867 
1534348765118 0.118607 0.840206 -0.529137 -0.604442 -0.957053 0.238711 0.16452 -0.22815 0.264541 0.486899 0.832435 0.413162 0.31622 -0.384863 0.867113 0.400795 -0.930002 -0.306262 0.203222 -0.504304 0.187351 -0.87068 -0.45477 0.485867 
1534348765135 0.11851 0.840179 -0.529202 -0.604322 -0.957038 0.238692 0.164635 -0.22815 0.264639 0.486956 0.83237 0.41317 0.31622 -0.384863 0.867113 0.400795 -0.930002 -0.306262 0.203222 -0.504304 0.187351 -0.87068 -0.45477 0.485867 
1534348765141 0.118414 0.840151 -0.529268 -0.604201 -0.957023 0.238673 0.164749 -0.228148 0.264736 0.487013 0.832306 0.413178 0.31622 -0.384863 0.867113 0.400795 -0.930002 -0.306262 0.203222 -0.504304 0.187351 -0.87068 -0.45477 0.485867 
1534348765155 0.118318 0.840123 -0.529334 -0.60408 -0.957008 0.238655 0.164864 -0.228147 0.264834 0.48707 0.832241 0.413187 0.31622 -0.384863 0.867113 0.400795 -0.930002 -0.306262 0.203222 -0.504304 0.187351 -0.87068 -0.45477 0.485867 
1534348765172 0.118222 0.840095 -0.5294 -0.60396 -0.956993 0.238636 0.164978 -0.228146 0.264931 0.487128 0.832177 0.413195 0.31622 -0.384863 0.867113 0.400795 -0.930002 -0.306262 0.203222 -0.504304 0.187351 -0.87068 -0.45477 0.485867 
1534348765304 0.118126 0.840067 -0.529465 -0.603838 -0.956978 0.238617 0.165093 -0.228145 0.265028 0.487185 0.832112 0.413203 0.31622 -0.384863 0.867113 0.400795 -0.930002 -0.306262 0.203222 -0.504304 0.187351 -0.87068 -0.45477 0.485867 
1534348765332 0.11803 0.840039 -0.529531 -0.603718 -0.956963 0.238599 0.165207 -0.228144 0.265126 0.487242 0.832048 0.413211 0.31622 -0.384863 0.867113 0.400795 -0.930002 -0.306262 0.203222 -0.504304 0.187351 -0.87068 -0.45477 0.485867 
1534348765339 0.117933 0.840012 -0.529596 -0.603595 -0.956947 0.23858 0.165322 -0.228142 0.265223 0.487299 0.831983 0.41322 0.31622 -0.384863 0.867113 0.400795 -0.930002 -0.306262 0.203222 -0.504304 0.187351 -0.87068 -0.45477 0.485867 
1534348765419 0.117837 0.839984 -0.529662 -0.603475 -0.956932 0.238561 0.165436 -0.228141 0.26532 0.487356 0.831919 0.413228 0.31622 -0.384863 0.867113 0.400795 -0.930002 -0.306262 0.203222 -0.504304 0.187351 -0.87068 -0.45477 0.485867 
1534348765478 0.118048 0.840032 -0.529539 -0.60378 -0.956992 0.238557 0.165097 -0.228121 0.265012 0.487275 0.832065 0.413156 0.31622 -0.384863 0.867113 0.400795 -0.930002 -0.306262 0.203222 -0.504304 0.187351 -0.87068 -0.45477 0.485867 
1534348765492 0.117912 0.840064 -0.529518 -0.603697 -0.957026 0.238407 0.165118 -0.228129 0.26495 0.487293 0.832074 0.413168 0.31622 -0.384863 0.867113 0.400795 -0.930002 -0.306262 0.203222 -0.504304 0.187351 -0.87068 -0.45477 0.485867 
1534348765508 0.117776 0.840096 -0.529497 -0.603609 -0.95706 0.238257 0.165137 -0.228136 0.264888 0.487311 0.832083 0.41318 0.31622 -0.384863 0.867113 0.400795 -0.930002 -0.306262 0.203222 -0.504304 0.187351 -0.87068 -0.45477 0.485867 
1534348765525 0.11764 0.840128 -0.529477 -0.603521 -0.957094 0.238106 0.165157 -0.228143 0.264825 0.48733 0.832092 0.413192 0.31622 -0.384863 0.867113 0.400795 -0.930002 -0.306262 0.203222 -0.504304 0.187351 -0.87068 -0.45477 0.485867 
1534348765546 0.117505 0.84016 -0.529456 -0.603433 -0.957128 0.237956 0.165177 -0.228149 0.264762 0.487348 0.832102 0.413204 0.31622 -0.384863 0.867113 0.400795 -0.930002 -0.306262 0.203222 -0.504304 0.187351 -0.87068 -0.45477 0.485867 
1534348765558 0.117369 0.840192 -0.529435 -0.603346 -0.957162 0.237805 0.165196 -0.228156 0.264699 0.487366 0.832111 0.413216 0.31622 -0.384863 0.867113 0.400795 -0.930002 -0.306262 0.203222 -0.504304 0.187351 -0.87068 -0.45477 0.485867 
1534348765574 0.117234 0.840224 -0.529414 -0.603257 -0.957196 0.237655 0.165216 -0.228162 0.264636 0.487384 0.83212 0.413229 0.31622 -0.384863 0.867113 0.400795 -0.930002 -0.306262 0.203222 -0.504304 0.187351 -0.87068 -0.45477 0.485867 
1534348765581 0.117098 0.840256 -0.529393 -0.60317 -0.95723 0.237504 0.165236 -0.228169 0.264573 0.487402 0.83213 0.413241 0.31622 -0.384863 0.867113 0.400795 -0.930002 -0.306262 0.203222 -0.504304 0.187351 -0.87068 -0.45477 0.485867 
1534348765595 0.116963 0.840288 -0.529373 -0.603083 -0.957264 0.237354 0.165255 -0.228176 0.26451 0.487421 0.832139 0.413253 0.31622 -0.384863 0.867113 0.400795 -0.930002 -0.306262 0.203222 -0.504304 0.187351 -0.87068 -0.45477 0.485867 
1534348765708 0.116827 0.84032 -0.529352 -0.602994 -0.957298 0.237203 0.165275 -0.228182 0.264447 0.487439 0.832148 0.413265 0.31622 -0.384863 0.867113 0.400795 -0.930002 -0.306262 0.203222 -0.504304 0.187351 -0.87068 -0.45477 0.485867 
1534348765740 0.117048 0.840089 -0.52967 -0.603309 -0.957261 0.23747 0.165104 -0.228123 0.264483 0.487708 0.831979 0.41308 0.31622 -0.384863 0.867113 0.400795 -0.930002 -0.306262 0.203222 -0.504304 0.187351 -0.87068 -0.45477 0.485867 
1534348765760 0.116714 0.840125 -0.529687 -0.603224 -0.957258 0.237273 0.165406 -0.228168 0.264642 0.487742 0.831909 0.413103 0.31622 -0.384863 0.867113 0.400795 -0.930002 -0.306262 0.203222 -0.504304 0.187351 -0.87068 -0.45477 0.485867 
1534348765776 0.116379 0.840161 -0.529703 -0.603138 -0.957254 0.237075 0.165709 -0.228215 0.264802 0.487775 0.831838 0.413128 0.31622 -0.384863 0.867113 0.400795 -0.930002 -0.306262 0.203222 -0.504304 0.187351 -0.87068 -0.45477 0.485867 
1534348765793 0.116044 0.840197 -0.52972 -0.603052 -0.957251 0.236877 0.166012 -0.22826 0.264962 0.48781 0.831767 0.413152 0.31622 -0.384863 0.867113 0.400795 -0.930002 -0.306262 0.203222 -0.504304 0.187351 -0.87068 -0.45477 0.485867 
1534348765810 0.11571 0.840233 -0.529736 -0.602963 -0.957247 0.23668 0.166315 -0.228306 0.265121 0.487844 0.831696 0.413177 0.31622 -0.384863 0.867113 0.400795 -0.930002 -0.306262 0.203222 -0.504304 0.187351 -0.87068 -0.45477 0.485867 
1534348765886 0.115375 0.840268 -0.529753 -0.602875 -0.957243 0.236482 0.166618 -0.228352 0.265281 0.487879 0.831625 0.413201 0.31622 -0.384863 0.867113 0.400795 -0.930002 -0.306262 0.203222 -0.504304 0.187351 -0.87068 -0.45477 0.485867 
1534348765927 0.11504 0.840304 -0.529769 -0.602788 -0.957239 0.236284 0.166921 -0.228397 0.26544 0.487913 0.831554 0.413225 0.31622 -0.384863 0.867113 0.400795 -0.930002 -0.306262 0.203222 -0.504304 0.187351 -0.87068 -0.45477 0.485867 
1534348765953 0.114706 0.84034 -0.529785 -0.602701 -0.957235 0.236087 0.167224 -0.228443 0.2656 0.487947 0.831483 0.41325 0.31622 -0.384863 0.867113 0.400795 -0.930002 -0.306262 0.203222 -0.504304 0.187351 -0.87068 -0.45477 0.485867 
1534348765992 0.114371 0.840375 -0.529802 -0.602613 -0.957231 0.235889 0.167526 -0.228489 0.265759 0.487982 0.831412 0.413275 0.31622 -0.384863 0.867113 0.400795 -0.930002 -0.306262 0.203222 -0.504304 0.187351 -0.87068 -0.45477 0.485867 
1534348765999 0.114036 0.84041 -0.529817 -0.602526 -0.957227 0.235692 0.167829 -0.228534 0.265919 0.488017 0.83134 0.413299 0.31622 -0.384863 0.867113 0.400795 -0.930002 -0.306262 0.203222 -0.504304 0.187351 -0.87068 -0.45477 0.485867 
1534348766066 0.115226 0.840209 -0.529879 -0.602885 -0.957213 0.23647 0.166808 -0.228351 0.265454 0.487987 0.831507 0.413142 0.31622 -0.384863 0.867113 0.400795 -0.930002 -0.306262 0.203222 -0.504304 0.187351 -0.87068 -0.45477 0.485867 
1534348766072 0.115069 0.840137 -0.530028 -0.60281 -0.95727 0.236297 0.166727 -0.228361 0.265318 0.488195 0.831428 0.413158 0.31622 -0.384863 0.867113 0.400795 -0.930002 -0.306262 0.203222 -0.504304 0.187351 -0.87068 -0.45477 0.485867 
1534348766091 0.114912 0.840064 -0.530177 -0.602732 -0.957327 0.236125 0.166646 -0.22837 0.265181 0.488403 0.831349 0.413174 0.31622 -0.384863 0.867113 0.400795 -0.930002 -0.306262 0.203222 -0.504304 0.187351 -0.87068 -0.45477 0.485867 
1534348766103 0.114755 0.839991 -0.530327 -0.602653 -0.957383 0.235953 0.166564 -0.228378 0.265044 0.488612 0.83127 0.41319 0.31622 -0.384863 0.867113 0.400795 -0.930002 -0.306262 0.203222 -0.504304 0.187351 -0.87068 -0.45477 0.485867 
1534348766119 0.114598 0.839918 -0.530477 -0.602574 -0.95744 0.23578 0.166482 -0.228386 0.264908 0.488821 0.831191 0.413206 0.31622 -0.384863 0.867113 0.400795 -0.930002 -0.306262 0.203222 -0.504304 0.187351 -0.87068 -0.45477 0.485867 
1534348766226 0.114442 0.839844 -0.530626 -0.602496 -0.957496 0.235609 0.166401 -0.228395 0.264771 0.48903 0.831112 0.413222 0.31622 -0.384863 0.867113 0.400795 -0.930002 -0.306262 0.203222 -0.504304 0.187351 -0.87068 -0.45477 0.485867 
1534348766233 0.114285 0.839771 -0.530776 -0.602416 -0.957553 0.235436 0.16632 -0.228403 0.264634 0.489238 0.831032 0.413239 0.31622 -0.384863 0.867113 0.400795 -0.930002 -0.306262 0.203222 -0.504304 0.187351 -0.87068 -0.45477 0.485867 
1534348766267 0.114128 0.839698 -0.530925 -0.602338 -0.95761 0.235263 0.166238 -0.228411 0.264497 0.489446 0.830953 0.413255 0.31622 -0.384863 0.867113 0.400795 -0.930002 -0.306262 0.203222 -0.504304 0.187351 -0.87068 -0.45477 0.485867 
1534348766322 0.113972 0.839625 -0.531075 -0.602258 -0.957666 0.235091 0.166157 -0.228419 0.26436 0.489655 0.830874 0.413271 0.31622 -0.384863 0.867113 0.400795 -0.930002 -0.306262 0.203222 -0.504304 0.187351 -0.87068 -0.45477 0.485867 
1534348766376 0.113815 0.839552 -0.531224 -0.60218 -0.957722 0.234919 0.166075 -0.228427 0.264223 0.489863 0.830795 0.413287 0.31622 -0.384863 0.867113 0.400795 -0.930002 -0.306262 0.203222 -0.504304 0.187351 -0.87068 -0.45477 0.485867 
1534348766420 0.11426 0.839749 -0.530817 -0.602439 -0.95755 0.235434 0.166339 -0.228337 0.264656 0.489278 0.831002 0.413171 0.31622 -0.384863 0.867113 0.400795 -0.930002 -0.306262 0.203222 -0.504304 0.187351 -0.87068 -0.45477 0.485867 
1534348766431 0.114314 0.83968 -0.530914 -0.602382 -0.957589 0.235414 0.166141 -0.22834 0.26449 0.489405 0.83098 0.413201 0.31622 -0.384863 0.867113 0.400795 -0.930002 -0.306262 0.203222 -0.504304 0.187351 -0.87068 -0.45477 0.485867 
1534348766452 0.114369 0.839611 -0.531012 -0.602321 -0.957629 0.235395 0.165942 -0.228341 0.264324 0.489533 0.830957 0.413232 0.31622 -0.384863 0.867113 0.400795 -0.930002 -0.306262 0.203222 -0.504304 0.187351 -0.87068 -0.45477 0.485867 
1534348766464 0.114424 0.839541 -0.53111 -0.602262 -0.957668 0.235376 0.165742 -0.228343 0.264157 0.489662 0.830935 0.413263 0.31622 -0.384863 0.867113 0.400795 -0.930002 -0.306262 0.203222 -0.504304 0.187351 -0.87068 -0.45477 0.485867 
1534348766481 0.114479 0.839472 -0.531207 -0.6022 -0.957707 0.235356 0.165543 -0.228344 0.263991 0.48979 0.830912 0.413294 0.31622 -0.384863 0.867113 0.400795 -0.930002 -0.306262 0.203222 -0.504304 0.187351 -0.87068 -0.45477 0.485867 
1534348766497 0.114534 0.839403 -0.531305 -0.602139 -0.957746 0.235337 0.165343 -0.228345 0.263825 0.489918 0.830889 0.413325 0.31622 -0.384863 0.867113 0.400795 -0.930002 -0.306262 0.203222 -0.504304 0.187351 -0.87068 -0.45477 0.485867 
1534348766514 0.114589 0.839334 -0.531402 -0.602079 -0.957786 0.235317 0.165144 -0.228346 0.263659 0.490046 0.830866 0.413355 0.31622 -0.384863 0.867113 0.400795 -0.930002 -0.306262 0.203222 -0.504304 0.187351 -0.87068 -0.45477 0.485867 
1534348766531 0.114644 0.839264 -0.5315 -0.602017 -0.957825 0.235298 0.164944 -0.228347 0.263493 0.490174 0.830844 0.413386 0.31622 -0.384863 0.867113 0.400795 -0.930002 -0.306262 0.203222 -0.504304 0.187351 -0.87068 -0.45477 0.485867 
1534348766604 0.114699 0.839195 -0.531598 -0.601957 -0.957864 0.235278 0.164745 -0.228348 0.263326 0.490302 0.830821 0.413417 0.31622 -0.384863 0.867113 0.400795 -0.930002 -0.306262 0.203222 -0.504304 0.187351 -0.87068 -0.45477 0.485867 
1534348766640 0.114754 0.839125 -0.531695 -0.601897 -0.957903 0.235259 0.164545 -0.22835 0.26316 0.49043 0.830798 0.413448 0.31622 -0.384863 0.867113 0.400795 -0.930002 -0.306262 0.203222 -0.504304 0.187351 -0.87068 -0.45477 0.485867 
1534348766669 0.114455 0.839363 -0.531385 -0.602146 -0.957775 0.235251 0.165301 -0.228274 0.263756 0.490028 0.830846 0.413283 0.31622 -0.384863 0.867113 0.400795 -0.930002 -0.306262 0.203222 -0.504304 0.187351 -0.87068 -0.45477 0.485867 
1534348766685 0.114334 0.839386 -0.531374 -0.602035 -0.957755 0.235211 0.165474 -0.228314 0.263882 0.490007 0.830819 0.41332 0.31622 -0.384863 0.867113 0.400795 -0.930002 -0.306262 0.203222 -0.504304 0.187351 -0.87068 -0.45477 0.485867 
1534348766701 0.114214 0.83941 -0.531362 -0.601922 -0.957734 0.235172 0.165648 -0.228353 0.264008 0.489985 0.830792 0.413358 0.31622 -0.384863 0.867113 0.400795 -0.930002 -0.306262 0.203222 -0.504304 0.187351 -0.87068 -0.45477 0.485867 
1534348766718 0.114093 0.839434 -0.531351 -0.601808 -0.957714 0.235133 0.165822 -0.228392 0.264134 0.489963 0.830764 0.413395 0.31622 -0.384863 0.867113 0.400795 -0.930002 -0.306262 0.203222 -0.504304 0.187351 -0.87068 -0.45477 0.485867 
1534348766734 0.113974 0.839457 -0.531339 -0.601693 -0.957693 0.235094 0.165995 -0.22843 0.26426 0.489941 0.830737 0.413433 0.31622 -0.384863 0.867113 0.400795 -0.930002 -0.306262 0.203222 -0.504304 0.187351 -0.87068 -0.45477 0.485867 
1534348766844 0.113854 0.839481 -0.531328 -0.601578 -0.957673 0.235055 0.166168 -0.228468 0.264386 0.489919 0.83071 0.413471 0.31622 -0.384863 0.867113 0.400795 -0.930002 -0.306262 0.203222 -0.504304 0.187351 -0.87068 -0.45477 0.485867 
1534348766851 0.113733 0.839504 -0.531316 -0.601464 -0.957652 0.235016 0.166342 -0.228507 0.264512 0.489898 0.830683 0.413508 0.31622 -0.384863 0.867113 0.400795 -0.930002 -0.306262 0.203222 -0.504304 0.187351 -0.87068 -0.45477 0.485867 
1534348766864 0.113614 0.839528 -0.531305 -0.601351 -0.957632 0.234978 0.166515 -0.228546 0.264638 0.489876 0.830655 0.413546 0.31622 -0.384863 0.867113 0.400795 -0.930002 -0.306262 0.203222 -0.504304 0.187351 -0.87068 -0.45477 0.485867 
1534348766881 0.113493 0.839552 -0.531293 -0.601235 -0.957611 0.234938 0.166688 -0.228584 0.264765 0.489854 0.830628 0.413583 0.31622 -0.384863 0.867113 0.400795 -0.930002 -0.306262 0.203222 -0.504304 0.187351 -0.87068 -0.45477 0.485867 
1534348766972 0.113373 0.839575 -0.531282 -0.601121 -0.95759 0.234899 0.166862 -0.228622 0.264891 0.489833 0.8306 0.413621 0.31622 -0.384863 0.867113 0.400795 -0.930002 -0.306262 0.203222 -0.504304 0.187351 -0.87068 -0.45477 0.485867 
1534348767010 0.113734 0.839521 -0.53129 -0.601521 -0.957682 0.234957 0.166256 -0.228481 0.264406 0.489898 0.830716 0.413462 0.31622 -0.384863 0.867113 0.400795 -0.930002 -0.306262 0.203222 -0.504304 0.187351 -0.87068 -0.45477 0.485867 
1534348767026 0.113467 0.839573 -0.531264 -0.601334 -0.957692 0.234766 0.166465 -0.228553 0.264483 0.489899 0.830691 0.413488 0.31622 -0.384863 0.867113 0.400795 -0.930002 -0.306262 0.203222 -0.504304 0.187351 -0.87068 -0.45477 0.485867 
1534348767037 0.113198 0.839626 -0.531238 -0.601145 -0.957703 0.234574 0.166675 -0.228623 0.26456 0.489901 0.830666 0.413515 0.31622 -0.384863 0.867113 0.400795 -0.930002 -0.306262 0.203222 -0.504304 0.187351 -0.87068 -0.45477 0.485867 
1534348767044 0.112931 0.839678 -0.531213 -0.600954 -0.957713 0.234383 0.166885 -0.228693 0.264637 0.489903 0.83064 0.413542 0.31622 -0.384863 0.867113 0.400795 -0.930002 -0.306262 0.203222 -0.504304 0.187351 -0.87068 -0.45477 0.485867 
1534348767058 0.112663 0.839731 -0.531187 -0.600763 -0.957723 0.234192 0.167094 -0.228763 0.264714 0.489905 0.830614 0.413568 0.31622 -0.384863 0.867113 0.400795 -0.930002 -0.306262 0.203222 -0.504304 0.187351 -0.87068 -0.45477 0.485867 
1534348767099 0.112395 0.839783 -0.531161 -0.600572 -0.957733 0.234001 0.167304 -0.228832 0.264791 0.489907 0.830588 0.413595 0.31622 -0.384863 0.867113 0.400795 -0.930002 -0.306262 0.203222 -0.504304 0.187351 -0.87068 -0.45477 0.485867 
1534348767216 0.112127 0.839835 -0.531135 -0.600382 -0.957743 0.23381 0.167513 -0.228903 0.264868 0.489908 0.830563 0.413622 0.31622 -0.384863 0.867113 0.400795 -0.930002 -0.306262 0.203222 -0.504304 0.187351 -0.87068 -0.45477 0.485867 
1534348767252 0.11186 0.839887 -0.53111 -0.600193 -0.957753 0.233619 0.167723 -0.228973 0.264945 0.48991 0.830537 0.413648 0.31622 -0.384863 0.867113 0.400795 -0.930002 -0.306262 0.203222 -0.504304 0.187351 -0.87068 -0.45477 0.485867 
1534348767294 0.111592 0.839939 -0.531083 -0.600001 -0.957763 0.233428 0.167932 -0.229043 0.265022 0.489912 0.830511 0.413675 0.31622 -0.384863 0.867113 0.400795 -0.930002 -0.306262 0.203222 -0.504304 0.187351 -0.87068 -0.45477 0.485867 
1534348767378 0.111324 0.839991 -0.531057 -0.599811 -0.957773 0.233236 0.168142 -0.229113 0.2651 0.489914 0.830486 0.413702 0.31622 -0.384863 0.867113 0.400795 -0.930002 -0.306262 0.203222 -0.504304 0.187351 -0.87068 -0.45477 0.485867 
1534348767417 0.112199 0.839851 -0.531095 -0.600183 -0.957723 0.233884 0.167526 -0.229068 0.264911 0.489846 0.830586 0.413677 0.31622 -0.384863 0.867113 0.400795 -0.930002 -0.306262 0.203222 -0.504304 0.187351 -0.87068 -0.45477 0.485867 
1534348767430 0.111991 0.839949 -0.530983 -0.600004 -0.957758 0.233666 0.167629 -0.229089 0.264872 0.48978 0.830637 0.413669 0.31622 -0.384863 0.867113 0.400795 -0.930002 -0.306262 0.203222 -0.504304 0.187351 -0.87068 -0.45477 0.485867 
1534348767446 0.111783 0.840048 -0.530871 -0.599821 -0.957793 0.23345 0.167731 -0.229108 0.264834 0.489715 0.830688 0.413661 0.31622 -0.384863 0.867113 0.400795 -0.930002 -0.306262 0.203222 -0.504304 0.187351 -0.87068 -0.45477 0.485867 
1534348767467 0.111576 0.840146 -0.53076 -0.599638 -0.957828 0.233233 0.167833 -0.229128 0.264795 0.48965 0.830738 0.413653 0.31622 -0.384863 0.867113 0.400795 -0.930002 -0.306262 0.203222 -0.504304 0.187351 -0.87068 -0.45477 0.485867 
1534348767484 0.111368 0.840244 -0.530648 -0.599457 -0.957863 0.233016 0.167936 -0.229148 0.264756 0.489585 0.830789 0.413646 0.31622 -0.384863 0.867113 0.400795 -0.930002 -0.306262 0.203222 -0.504304 0.187351 -0.87068 -0.45477 0.485867 
1534348767538 0.111161 0.840342 -0.530536 -0.599273 -0.957898 0.232799 0.168038 -0.229167 0.264717 0.48952 0.83084 0.413638 0.31622 -0.384863 0.867113 0.400795 -0.930002 -0.306262 0.203222 -0.504304 0.187351 -0.87068 -0.45477 0.485867 
1534348767545 0.110953 0.84044 -0.530424 -0.599091 -0.957932 0.232582 0.16814 -0.229186 0.264679 0.489454 0.830891 0.41363 0.31622 -0.384863 0.867113 0.400795 -0.930002 -0.306262 0.203222 -0.504304 0.187351 -0.87068 -0.45477 0.485867 
1534348767655 0.110746 0.840538 -0.530312 -0.598907 -0.957967 0.232365 0.168242 -0.229205 0.26464 0.489389 0.830941 0.413623 0.31622 -0.384863 0.867113 0.400795 -0.930002 -0.306262 0.203222 -0.504304 0.187351 -0.87068 -0.45477 0.485867 
