1530572744138 1 0 0 0 0 1 0 0 0 0 1 1.306 -0.0893836 -0.991345 -0.0961511 0.448676 -0.144405 0.108416 -0.983561 -0.497011 0.985473 -0.0740296 -0.152846 0.445748 
1530572744155 0.279909 -0.928343 0.244603 0.300984 -0.147656 -0.293387 -0.944522 -0.479371 0.948604 0.228263 -0.219197 0.478029 -0.0820753 -0.991931 -0.0966303 0.442478 -0.145416 0.107839 -0.983476 -0.496451 0.98596 -0.0666674 -0.153094 0.445295 
1530572744599 0.23037 -0.928584 0.290966 0.201188 0.100176 -0.27479 -0.956272 -0.45446 0.967933 0.249444 0.0297182 0.470147 -0.0747632 -0.992462 -0.0971113 0.436281 -0.146424 0.107254 -0.98339 -0.495892 0.986393 -0.059302 -0.153339 0.444842 
1530572745043 0.170624 -0.93075 0.323406 0.101341 0.34256 -0.251713 -0.905148 -0.42958 0.923872 0.265226 0.275889 0.462302 -0.0674475 -0.992938 -0.0975941 0.430083 -0.147428 0.106662 -0.983305 -0.495332 0.98677 -0.0519334 -0.153581 0.444389 
1530572745485 0.105004 -0.934631 0.339764 0.00153788 0.56382 -0.225486 -0.794521 -0.404652 0.819196 0.274994 0.503286 0.454426 -0.0601286 -0.993361 -0.0980787 0.423886 -0.148427 0.106062 -0.983219 -0.494772 0.987094 -0.0445621 -0.153819 0.443936 
1530572745926 0.0374996 -0.939998 0.339112 -0.0982593 0.749701 -0.197908 -0.631491 -0.379722 0.660713 0.277914 0.697296 0.446559 -0.0528069 -0.993729 -0.0985651 0.417688 -0.149422 0.105455 -0.983134 -0.494213 0.987362 -0.0371885 -0.154053 0.443483 
1530572746373 -0.0275689 -0.946518 0.321472 -0.198054 0.888172 -0.17076 -0.426605 -0.354797 0.458684 0.273761 0.845378 0.438699 -0.0454828 -0.994042 -0.0990533 0.41149 -0.150412 0.10484 -0.983049 -0.493653 0.987577 -0.029813 -0.154284 0.44303 
1530572746839 -0.0860243 -0.953777 0.28794 -0.297856 0.970284 -0.14581 -0.193102 -0.329878 0.226161 0.262772 0.937978 0.43084 -0.0381566 -0.994301 -0.0995432 0.405293 -0.151398 0.104218 -0.982964 -0.493093 0.987736 -0.022436 -0.154511 0.442577 
1530572747283 -0.134105 -0.961303 0.24065 -0.397671 0.990726 -0.124703 0.0539551 -0.304953 -0.0218574 0.245654 0.969111 0.422969 -0.0308288 -0.994506 -0.100035 0.399095 -0.152378 0.103589 -0.982879 -0.492533 0.987841 -0.0150579 -0.154735 0.442124 
1530572747735 -0.169826 -0.96857 0.181743 -0.497693 0.947801 -0.110027 0.299278 -0.279789 -0.269875 0.223081 0.936698 0.414737 -0.0234999 -0.994657 -0.100528 0.392898 -0.153355 0.102952 -0.982794 -0.491974 0.987892 -0.00767914 -0.154955 0.441671 
1530572748204 1 0 0 0 0 1 0 0 0 0 1 1.306 -0.0236529 -0.994603 -0.101026 0.393519 -0.153106 0.103466 -0.982778 -0.491903 0.987927 -0.00777787 -0.154727 0.441613 
1530572748217 0.279909 -0.928343 0.244603 0.300984 -0.147656 -0.293387 -0.944522 -0.479371 0.948604 0.228263 -0.219197 0.478029 -0.0229049 -0.99462 -0.101027 0.392837 -0.153227 0.103352 -0.982771 -0.491854 0.987925 -0.00703026 -0.15477 0.441573 
1530572748233 0.23037 -0.928584 0.290966 0.201188 0.100176 -0.27479 -0.956272 -0.45446 0.967933 0.249444 0.0297182 0.470147 -0.0221569 -0.994637 -0.101026 0.392155 -0.15335 0.103236 -0.982765 -0.491805 0.987923 -0.00628269 -0.154815 0.441534 
1530572748431 0.170624 -0.93075 0.323406 0.101341 0.34256 -0.251713 -0.905148 -0.42958 0.923872 0.265226 0.275889 0.462302 -0.0214088 -0.994653 -0.101026 0.391473 -0.153472 0.103121 -0.982758 -0.491756 0.987921 -0.00553507 -0.154859 0.441494 
1530572748590 0.105004 -0.934631 0.339764 0.00153787 0.56382 -0.225486 -0.794521 -0.404652 0.819196 0.274994 0.503286 0.454426 -0.0206608 -0.994669 -0.101026 0.390791 -0.153594 0.103006 -0.982751 -0.491707 0.987918 -0.00478745 -0.154903 0.441455 
1530572748744 0.0374996 -0.939998 0.339112 -0.0982593 0.749701 -0.197908 -0.631491 -0.379722 0.660713 0.277914 0.697296 0.446559 -0.0199128 -0.994684 -0.101026 0.39011 -0.153716 0.102891 -0.982744 -0.491659 0.987914 -0.00403983 -0.154948 0.441416 
1530572748892 -0.0275689 -0.946518 0.321472 -0.198054 0.888172 -0.17076 -0.426605 -0.354797 0.458684 0.273761 0.845378 0.438699 -0.0191647 -0.994699 -0.101026 0.389428 -0.153838 0.102775 -0.982737 -0.49161 0.98791 -0.00329222 -0.154992 0.441376 
1530572749040 -0.0860243 -0.953777 0.28794 -0.297856 0.970284 -0.14581 -0.193102 -0.3298