1535367632435 0.246541 0.919909 -0.304934 -0.567896 -0.937762 0.305852 0.164493 -0.215867 0.244583 0.245401 0.938061 0.41846 0.166728 -0.111962 0.979626 0.381482 -0.98034 0.0875028 0.17685 -0.487621 -0.105521 -0.989852 -0.0951717 0.439801 
1535367632449 0.246337 0.92077 -0.302489 -0.574909 -0.938009 0.305027 0.164615 -0.218505 0.24384 0.243187 0.93883 0.413971 0.164616 -0.112559 0.979914 0.381412 -0.980201 0.0921559 0.175249 -0.487055 -0.110031 -0.989362 -0.0951602 0.439756 
1535367632454 0.24613 0.921625 -0.300045 -0.581922 -0.938256 0.304202 0.164734 -0.221142 0.243098 0.240972 0.939593 0.409481 0.1625 -0.113146 0.9802 0.381341 -0.980038 0.0968078 0.173648 -0.486489 -0.114538 -0.988851 -0.0951557 0.439711 
1535367632830 0.245921 0.922474 -0.297598 -0.588935 -0.938502 0.303377 0.164852 -0.22378 0.242356 0.238756 0.940351 0.404992 0.160381 -0.113722 0.980482 0.381271 -0.97985 0.101459 0.172046 -0.485922 -0.119044 -0.988318 -0.0951585 0.439666 
1535367633098 0.245711 0.923317 -0.295149 -0.595947 -0.938748 0.302551 0.164967 -0.226417 0.241615 0.236536 0.941102 0.400502 0.158259 -0.114289 0.980761 0.381201 -0.979638 0.106108 0.170443 -0.485356 -0.123546 -0.987765 -0.0951688 0.439621 
1535367633104 0.245498 0.924153 -0.292698 -0.60296 -0.938994 0.301725 0.16508 -0.229055 0.240874 0.234315 0.941847 0.396013 0.156134 -0.114845 0.981037 0.381131 -0.979401 0.110756 0.16884 -0.48479 -0.128046 -0.98719 -0.0951864 0.439575 
1535367633466 0.245283 0.924983 -0.290245 -0.609973 -0.93924 0.300898 0.165191 -0.231692 0.240133 0.232091 0.942587 0.391523 0.154006 -0.115391 0.981309 0.38106 -0.97914 0.115403 0.167236 -0.484224 -0.132544 -0.986594 -0.0952115 0.43953 
1535367633501 0.245066 0.925807 -0.287791 -0.616986 -0.939486 0.300071 0.1653 -0.23433 0.239394 0.229866 0.94332 0.387033 0.151874 -0.115928 0.981578 0.38099 -0.978854 0.120048 0.165631 -0.483658 -0.137038 -0.985976 -0.095244 0.439485 
1535367633510 0.244847 0.926625 -0.285334 -0.623999 -0.939731 0.299244 0.165407 -0.236967 0.238654 0.227638 0.944047 0.382544 0.149741 -0.116454 0.981843 0.38092 -0.978543 0.124692 0.164027 -0.483091 -0.141529 -0.985338 -0.0952838 0.43944 
1535367634024 0.244626 0.927436 -0.282878 -0.631003 -0.939975 0.298416 0.165511 -0.239603 0.237916 0.22541 0.944768 0.378056 0.147605 -0.11697 0.982105 0.380849 -0.978208 0.129333 0.162423 -0.482526 -0.146017 -0.984678 -0.0953309 0.439395 
1535367634901 0.246334 0.924635 -0.290466 -0.609729 -0.938984 0.301921 0.164782 -0.231984 0.240061 0.232152 0.94259 0.392129 0.14818 -0.11682 0.982037 0.380884 -0.978228 0.128579 0.1629 -0.482623 -0.145299 -0.984795 -0.0952238 0.439397 
1535367634914 0.246142 0.925001 -0.289461 -0.612559 -0.939108 0.301488 0.164867 -0.23301 0.239771 0.231255 0.942884 0.390273 0.150289 -0.116704 0.98173 0.380877 -0.978642 0.123318 0.164476 -0.482847 -0.14026 -0.985481 -0.0956782 0.439586 
1535367635211 0.24595 0.925365 -0.288457 -0.615388 -0.939232 0.301055 0.164952 -0.234036 0.239482 0.230359 0.943177 0.388416 0.152398 -0.116578 0.98142 0.380869 -0.979026 0.118054 0.166049 -0.483071 -0.135218 -0.98614 -0.0961412 0.439775 
1535367635511 0.245758 0.925729 -0.287453 -0.618218 -0.939356 0.300622 0.165036 -0.235061 0.239193 0.229462 0.943469 0.38656 0.154505 -0.11644 0.981107 0.380862 -0.979379 0.112787 0.167619 -0.483295 -0.130173 -0.986773 -0.0966124 0.439964 
1535367635811 0.245565 0.926091 -0.286449 -0.621047 -0.93948 0.300189 0.16512 -0.236087 0.238905 0.228565 0.94376 0.384703 0.156611 -0.11629 0.98079 0.380854 -0.979702 0.107517 0.169186 -0.483519 -0.125126 -0.987379 -0.0970917 0.440153 
1535367635818 0.245372 0.926452 -0.285444 -0.623877 -0.939604 0.299755 0.165203 -0.237113 0.238616 0.227668 0.94405 0.382847 0.158716 -0.11613 0.980471 0.380847 -0.979995 0.102245 0.170749 -0.483743 -0.120077 -0.987957 -0.097579 0.440343 
1535367636008 0.245179 0.926813 -0.284439 -0.626706 -0.939727 0.299322 0.165286 -0.238139 0.238328 0.22677 0.944338 0.380991 0.16082 -0.115958 0.980148 0.380839 -0.980258 0.0969695 0.17231 -0.483968 -0.115025 -0.988509 -0.0980745 0.440532 
1535367636210 0.244985 0.927172 -0.283433 -0.629536 -0.939851 0.298888 0.165369 -0.239165 0.23804 0.225872 0.944626 0.379134 0.162922 -0.115775 0.979823 0.380832 -0.980491 0.091692 0.173867 -0.484192 -0.109971 -0.989034 -0.098578 0.440721 
1535367636622 0.244791 0.92753 -0.282428 -0.632365 -0.939974 0.298454 0.165451 -0.24019 0.237752 0.224974 0.944913 0.377278 0.165022 -0.115581 0.979494 0.380824 -0.980694 0.0864124 0.175421 -0.484416 -0.104916 -0.989532 -0.0990895 0.44091 
1535367636668 0.244597 0.927886 -0.281423 -0.635191 -0.940097 0.298021 0.165532 -0.241215 0.237465 0.224077 0.945198 0.375422 0.167121 -0.115375 0.979163 0.380816 -0.980866 0.0811307 0.176971 -0.48464 -0.0998581 -0.990003 -0.0996086 0.441099 
1535367637437 0.245474 0.927314 -0.282545 -0.632154 -0.93977 0.299151 0.165349 -0.240303 0.237854 0.224938 0.944896 0.377654 0.166475 -0.115387 0.979271 0.380794 -0.980863 0.0823085 0.176444 -0.484568 -0.100962 -0.989905 -0.0994768 0.44105 
1535367637558 0.244638 0.927202 -0.283635 -0.6324 -0.939865 0.298664 0.165691 -0.240409 0.23834 0.226045 0.944509 0.377581 0.167628 -0.115138 0.979104 0.380824 -0.981087 0.0780287 0.177143 -0.484749 -0.0967941 -0.99028 -0.0998804 0.441167 
1535367637790 0.2438 0.927089 -0.284725 -0.632646 -0.939959 0.298177 0.166033 -0.240514 0.238826 0.227151 0.944121 0.377508 0.168779 -0.114884 0.978936 0.380854 -0.981292 0.0737475 0.17784 -0.484929 -0.0926249 -0.990638 -0.100287 0.441283 
1535367637811 0.242962 0.926973 -0.285814 -0.632892 -0.940053 0.297689 0.166376 -0.24062 0.23931 0.228257 0.943732 0.377435 0.169929 -0.114624 0.978767 0.380884 -0.981478 0.0694651 0.178534 -0.48511 -0.0884546 -0.990977 -0.100697 0.4414 
1535367638179 0.242124 0.926857 -0.286902 -0.633138 -0.940147 0.297202 0.166719 -0.240726 0.239792 0.229364 0.943341 0.377362 0.171077 -0.11436 0.978598 0.380914 -0.981646 0.0651817 0.179227 -0.48529 -0.0842831 -0.991299 -0.10111 0.441516 
1535367638261 0.241284 0.926738 -0.28799 -0.633384 -0.940239 0.296715 0.167062 -0.240832 0.240274 0.23047 0.942948 0.377288 0.172225 -0.114091 0.978428 0.380944 -0.981795 0.0608972 0.179918 -0.485471 -0.0801106 -0.991602 -0.101526 0.441633 
1535367638440 0.240445 0.926618 -0.289077 -0.63363 -0.940332 0.296229 0.167406 -0.240937 0.240755 0.231576 0.942555 0.377215 0.173371 -0.113817 0.978258 0.380973 -0.981925 0.0566118 0.180607 -0.485652 -0.0759371 -0.991887 -0.101945 0.441749 
1535367638464 0.239604 0.926496 -0.290163 -0.633876 -0.940423 0.295743 0.167751 -0.241043 0.241234 0.232683 0.94216 0.377142 0.174515 -0.113538 0.978087 0.381003 -0.982036 0.0523256 0.181294 -0.485832 -0.0717627 -0.992155 -0.102367 0.441866 
1535367638676 0.238763 0.926373 -0.291249 -0.634122 -0.940514 0.295257 0.168096 -0.241149 0.241713 0.233789 0.941763 0.377069 0.175659 -0.113254 0.977915 0.381033 -0.982128 0.0480386 0.181979 -0.486013 -0.0675875 -0.992404 -0.102791 0.441982 
1535367638810 0.237922 0.926247 -0.292334 -0.634368 -0.940605 0.294772 0.168442 -0.241254 0.24219 0.234895 0.941365 0.376996 0.1768 -0.112964 0.977743 0.381063 -0.982202 0.0437511 0.182662 -0.486193 -0.0634116 -0.992635 -0.103219 0.442099 
1535367639306 0.238565 0.926411 -0.291289 -0.634148 -0.940575 0.295066 0.168092 -0.241122 0.241671 0.233879 0.941751 0.377049 0.176546 -0.112979 0.977787 0.381061 -0.98216 0.0451271 0.18255 -0.486043 -0.0647489 -0.992572 -0.102996 0.442051 
1535367639327 0.237927 0.926548 -0.291374 -0.634468 -0.940706 0.294503 0.168346 -0.241346 0.241791 0.234043 0.94168 0.376926 0.176662 -0.113555 0.977699 0.381043 -0.982106 0.0455155 0.182745 -0.486092 -0.065252 -0.992489 -0.103482 0.442098 
1535367639334 0.237289 0.926686 -0.291457 -0.634788 -0.940837 0.29394 0.1686 -0.241571 0.24191 0.234206 0.941609 0.376803 0.176777 -0.114132 0.977611 0.381025 -0.982052 0.0459038 0.182939 -0.486141 -0.0657552 -0.992405 -0.103968 0.442145 
1535367639445 0.236651 0.926823 -0.29154 -0.635107 -0.940967 0.293377 0.168855 -0.241795 0.242029 0.23437 0.941537 0.37668 0.176894 -0.114709 0.977523 0.381007 -0.981997 0.0462918 0.183136 -0.48619 -0.0662586 -0.99232 -0.104455 0.442193 
1535367639515 0.236012 0.92696 -0.291623 -0.635427 -0.941096 0.292814 0.169109 -0.242019 0.242148 0.234533 0.941466 0.376557 0.17701 -0.115286 0.977434 0.380989 -0.981942 0.0466797 0.183332 -0.486239 -0.066762 -0.992235 -0.104942 0.44224 
1535367639654 0.235374 0.927096 -0.291706 -0.635747 -0.941226 0.292251 0.169364 -0.242244 0.242267 0.234697 0.941395 0.376434 0.177125 -0.115863 0.977345 0.38097 -0.981887 0.0470676 0.183528 -0.486289 -0.0672654 -0.992149 -0.105428 0.442287 
1535367639708 0.234735 0.927232 -0.291788 -0.636067 -0.941354 0.291687 0.169618 -0.242468 0.242386 0.234861 0.941323 0.376311 0.17724 -0.11644 0.977255 0.380952 -0.981832 0.0474553 0.183724 -0.486338 -0.0677688 -0.992063 -0.105914 0.442334 
1535367639758 0.234097 0.927367 -0.291871 -0.636387 -0.941483 0.291124 0.169873 -0.242692 0.242505 0.235025 0.941252 0.376188 0.177354 -0.117018 0.977165 0.380934 -0.981776 0.0478428 0.18392 -0.486387 -0.0682723 -0.991977 -0.1064 0.442381 
1535367639788 0.233458 0.927502 -0.291953 -0.636706 -0.941611 0.290561 0.170127 -0.242916 0.242624 0.235189 0.94118 0.376065 0.177469 -0.117595 0.977075 0.380916 -0.98172 0.0482303 0.184117 -0.486436 -0.0687758 -0.99189 -0.106886 0.442429 
1535367639939 0.232819 0.927637 -0.292036 -0.637026 -0.941739 0.289997 0.170382 -0.243141 0.242742 0.235353 0.941108 0.375942 0.177582 -0.118172 0.976985 0.380898 -0.981664 0.0486176 0.184314 -0.486485 -0.0692793 -0.991802 -0.107371 0.442476 
1535367640100 0.234722 0.927176 -0.291976 -0.636156 -0.941369 0.291698 0.16952 -0.242743 0.242343 0.235067 0.941283 0.376277 0.177619 -0.117276 0.977086 0.38094 -0.981708 0.0480546 0.184227 -0.486353 -0.068559 -0.991936 -0.106596 0.442372 
1535367640110 0.234466 0.927412 -0.291432 -0.636304 -0.941425 0.291363 0.169785 -0.242922 0.242374 0.234553 0.941403 0.376168 0.177647 -0.118371 0.976949 0.380933 -0.981777 0.0467677 0.184192 -0.486423 -0.0674927 -0.991867 -0.107906 0.44254 
1535367640117 0.234212 0.927647 -0.290887 -0.636453 -0.941481 0.291028 0.170049 -0.2431 0.242402 0.234037 0.941524 0.376058 0.177678 -0.119465 0.97681 0.380926 -0.981844 0.0454807 0.184156 -0.486492 -0.0664263 -0.991796 -0.109215 0.442709 
1535367640317 0.233957 0.927882 -0.290343 -0.636601 -0.941537 0.290692 0.170313 -0.243279 0.242431 0.233523 0.941645 0.375949 0.17771 -0.120558 0.97667 0.380919 -0.98191 0.0441939 0.184119 -0.486562 -0.0653599 -0.991722 -0.110524 0.442877 
1535367640353 0.233702 0.928117 -0.289798 -0.63675 -0.941592 0.290357 0.170577 -0.243457 0.24246 0.233007 0.941765 0.37584 0.177743 -0.121652 0.976529 0.380912 -0.981974 0.042907 0.18408 -0.486631 -0.0642935 -0.991645 -0.111832 0.443046 
1535367640483 0.233447 0.928351 -0.289253 -0.636898 -0.941648 0.290021 0.170841 -0.243636 0.24249 0.232492 0.941884 0.37573 0.177777 -0.122745 0.976386 0.380905 -0.982037 0.0416202 0.184039 -0.486701 -0.0632271 -0.991565 -0.113141 0.443214 
1535367640568 0.233192 0.928584 -0.288708 -0.637046 -0.941704 0.289685 0.171104 -0.243815 0.242519 0.231977 0.942004 0.375621 0.177813 -0.123838 0.976241 0.380898 -0.982099 0.0403333 0.183996 -0.486771 -0.0621606 -0.991482 -0.114449 0.443382 
1535367640708 0.232937 0.928818 -0.288163 -0.637195 -0.941759 0.289349 0.171367 -0.243993 0.242549 0.231462 0.942123 0.375512 0.177849 -0.12493 0.976095 0.380891 -0.982159 0.0390464 0.183952 -0.48684 -0.0610941 -0.991397 -0.115757 0.443551 
1535367640782 0.232683 0.929051 -0.287617 -0.637343 -0.941814 0.289013 0.17163 -0.244172 0.242579 0.230947 0.942242 0.375403 0.177887 -0.126022 0.975948 0.380884 -0.982218 0.0377595 0.183906 -0.48691 -0.0600276 -0.991309 -0.117065 0.443719 
1535367640971 0.232428 0.929283 -0.287072 -0.637491 -0.94187 0.288677 0.171893 -0.24435 0.242608 0.230432 0.94236 0.375293 0.177926 -0.127114 0.975799 0.380877 -0.982276 0.0364727 0.183858 -0.486979 -0.0589609 -0.991217 -0.118371 0.443887 
1535367641206 0.232895 0.929058 -0.287422 -0.637362 -0.94177 0.289171 0.171606 -0.244376 0.242546 0.230719 0.942306 0.37544 0.17772 -0.126058 0.975974 0.380834 -0.982246 0.037814 0.183747 -0.486974 -0.0600682 -0.991302 -0.1171 0.443723 
1535367641221 0.233236 0.929097 -0.287017 -0.637403 -0.941732 0.289378 0.171469 -0.244407 0.242368 0.230301 0.942454 0.375353 0.17781 -0.125787 0.975992 0.380844 -0.982261 0.0373317 0.183764 -0.487029 -0.0595505 -0.991355 -0.116918 0.443684 
1535367641226 0.233578 0.929137 -0.286612 -0.637443 -0.941693 0.289585 0.171331 -0.244438 0.242189 0.229881 0.942602 0.375266 0.1779 -0.125516 0.976011 0.380854 -0.982276 0.0368492 0.18378 -0.487084 -0.0590326 -0.991407 -0.116736 0.443645 
1535367641243 0.233919 0.929176 -0.286206 -0.637484 -0.941655 0.289792 0.171194 -0.24447 0.242009 0.229462 0.942751 0.375178 0.177989 -0.125245 0.976029 0.380864 -0.982291 0.0363664 0.183798 -0.48714 -0.0585144 -0.991459 -0.116554 0.443606 
1535367641260 0.23426 0.929215 -0.2858 -0.637525 -0.941616 0.289998 0.171056 -0.244501 0.24183 0.229042 0.942899 0.375091 0.178079 -0.124974 0.976048 0.380874 -0.982306 0.0358838 0.183815 -0.487195 -0.0579964 -0.991511 -0.116372 0.443567 
1535367641383 0.234601 0.929254 -0.285394 -0.637565 -0.941577 0.290205 0.170919 -0.244532 0.24165 0.228623 0.943047 0.375004 0.178168 -0.124703 0.976066 0.380883 -0.98232 0.0354012 0.183832 -0.48725 -0.0574783 -0.991562 -0.11619 0.443529 
1535367641443 0.234942 0.929292 -0.284988 -0.637606 -0.941538 0.290412 0.170782 -0.244563 0.24147 0.228204 0.943194 0.374917 0.178257 -0.124431 0.976085 0.380893 -0.982334 0.0349186 0.18385 -0.487305 -0.0569602 -0.991614 -0.116009 0.44349 
1535367641575 0.235283 0.92933 -0.284582 -0.637647 -0.941499 0.290619 0.170645 -0.244594 0.241291 0.227784 0.943342 0.37483 0.178346 -0.12416 0.976103 0.380903 -0.982348 0.034436 0.183867 -0.48736 -0.0564421 -0.991664 -0.115827 0.443451 
1535367641582 0.235624 0.929368 -0.284176 -0.637688 -0.94146 0.290826 0.170508 -0.244626 0.241111 0.227365 0.943489 0.374742 0.178435 -0.123889 0.976121 0.380913 -0.982361 0.0339534 0.183885 -0.487416 -0.0559239 -0.991715 -0.115645 0.443412 
1535367641595 0.235964 0.929406 -0.28377 -0.637728 -0.941421 0.291033 0.170371 -0.244657 0.24093 0.226946 0.943636 0.374655 0.178523 -0.123617 0.976139 0.380923 -0.982375 0.0334708 0.183902 -0.487471 -0.0554057 -0.991765 -0.115463 0.443373 
1535367641881 0.235348 0.929353 -0.284455 -0.63766 -0.941499 0.290643 0.170606 -0.244602 0.241228 0.227662 0.943387 0.374829 0.17843 -0.124023 0.976105 0.380918 -0.982353 0.034095 0.183905 -0.487328 -0.0560888 -0.991693 -0.115751 0.443507 
1535367641892 0.235931 0.929307 -0.284121 -0.637501 -0.941405 0.291089 0.170364 -0.244497 0.241025 0.227279 0.943531 0.374832 0.179093 -0.123429 0.976059 0.380958 -0.982373 0.0315714 0.184244 -0.487489 -0.0535565 -0.991851 -0.115599 0.443424 
1535367641898 0.236514 0.929261 -0.283788 -0.637341 -0.941311 0.291534 0.170121 -0.244392 0.240821 0.226897 0.943675 0.374835 0.179754 -0.122833 0.976013 0.380998 -0.982387 0.0290483 0.184583 -0.48765 -0.0510244 -0.992002 -0.115448 0.443341 
1535367642087 0.237096 0.929214 -0.283454 -0.637182 -0.941217 0.29198 0.169879 -0.244288 0.240617 0.226514 0.943819 0.374838 0.180413 -0.122235 0.975966 0.381038 -0.982395 0.0265253 0.184923 -0.487811 -0.0484918 -0.992147 -0.115297 0.443259 
1535367642195 0.237678 0.929167 -0.28312 -0.637023 -0.941122 0.292425 0.169637 -0.244183 0.240413 0.226132 0.943963 0.374841 0.18107 -0.121635 0.975919 0.381078 -0.982396 0.0240022 0.185264 -0.487972 -0.0459588 -0.992285 -0.115148 0.443176 
1535367642201 0.23826 0.92912 -0.282786 -0.636864 -0.941027 0.292871 0.169396 -0.244078 0.240209 0.225749 0.944107 0.374844 0.181727 -0.121034 0.975872 0.381118 -0.98239 0.0214792 0.185604 -0.488133 -0.0434254 -0.992416 -0.114999 0.443093 
1535367642216 0.238842 0.929072 -0.282452 -0.636704 -0.940932 0.293316 0.169154 -0.243973 0.240004 0.225367 0.94425 0.374847 0.182381 -0.120431 0.975824 0.381158 -0.982377 0.0189563 0.185945 -0.488295 -0.0408917 -0.992541 -0.114852 0.44301 
1535367642223 0.239424 0.929024 -0.282118 -0.636545 -0.940836 0.293762 0.168912 -0.243868 0.239799 0.224985 0.944393 0.37485 0.183034 -0.119827 0.975777 0.381198 -0.982358 0.0164335 0.186287 -0.488456 -0.0383575 -0.992659 -0.114705 0.442927 
1535367642409 0.240006 0.928976 -0.281783 -0.636386 -0.94074 0.294207 0.168671 -0.243764 0.239594 0.224603 0.944536 0.374853 0.183685 -0.119221 0.975729 0.381238 -0.982332 0.0139108 0.186628 -0.488617 -0.0358231 -0.99277 -0.114559 0.442845 
1535367642649 0.240587 0.928927 -0.281448 -0.636226 -0.940644 0.294653 0.16843 -0.243659 0.239389 0.22422 0.944679 0.374856 0.184335 -0.118613 0.97568 0.381278 -0.9823 0.0113883 0.18697 -0.488778 -0.0332884 -0.992875 -0.114414 0.442762 
1535367643051 0.239907 0.929063 -0.281578 -0.636356 -0.940789 0.294054 0.168666 -0.243704 0.239501 0.224442 0.944598 0.37489 0.18385 -0.118881 0.975739 0.381204 -0.982363 0.0121923 0.186583 -0.488772 -0.0340776 -0.992834 -0.114542 0.442814 
1535367643066 0.240222 0.929002 -0.281512 -0.635986 -0.940727 0.294326 0.168539 -0.243553 0.239429 0.224339 0.94464 0.375018 0.184242 -0.119273 0.975617 0.381239 -0.982301 0.011732 0.186939 -0.488887 -0.0337428 -0.992792 -0.115001 0.442836 
1535367643083 0.240537 0.92894 -0.281446 -0.635616 -0.940665 0.294598 0.168411 -0.243402 0.239357 0.224237 0.944683 0.375146 0.184634 -0.119666 0.975495 0.381274 -0.982239 0.011272 0.187294 -0.489002 -0.0334084 -0.99275 -0.115459 0.442857 
1535367643093 0.240852 0.928879 -0.281379 -0.635247 -0.940602 0.294869 0.168284 -0.243251 0.239286 0.224134 0.944725 0.375275 0.185026 -0.120058 0.975372 0.381309 -0.982177 0.010812 0.187648 -0.489117 -0.0330744 -0.992708 -0.115918 0.442879 
1535367643182 0.241167 0.928817 -0.281313 -0.634877 -0.94054 0.295141 0.168157 -0.2431 0.239214 0.224032 0.944768 0.375403 0.185419 -0.12045 0.97525 0.381344 -0.982114 0.0103506 0.188002 -0.489232 -0.0327394 -0.992665 -0.116377 0.4429 
1535367643323 0.241482 0.928756 -0.281246 -0.634507 -0.940477 0.295412 0.16803 -0.242949 0.239142 0.223929 0.94481 0.375531 0.185811 -0.120842 0.975126 0.381379 -0.982051 0.00988988 0.188356 -0.489347 -0.0324053 -0.992622 -0.116836 0.442922 
1535367643515 0.241797 0.928694 -0.281179 -0.634137 -0.940415 0.295684 0.167903 -0.242798 0.23907 0.223827 0.944853 0.375659 0.186203 -0.121234 0.975003 0.381414 -0.981988 0.00942901 0.18871 -0.489462 -0.0320713 -0.992579 -0.117294 0.442944 
1535367643577 0.242111 0.928632 -0.281112 -0.633767 -0.940352 0.295955 0.167775 -0.242647 0.238998 0.223724 0.944895 0.375787 0.186596 -0.121625 0.974879 0.381449 -0.981924 0.008968 0.189063 -0.489577 -0.0317376 -0.992536 -0.117753 0.442965 
1535367643588 0.242426 0.92857 -0.281046 -0.633398 -0.940289 0.296227 0.167648 -0.242496 0.238926 0.223622 0.944938 0.375916 0.186989 -0.122017 0.974755 0.381484 -0.98186 0.00850684 0.189416 -0.489692 -0.031404 -0.992492 -0.118213 0.442987 
1535367643605 0.242741 0.928508 -0.280979 -0.633028 -0.940226 0.296498 0.167521 -0.242345 0.238854 0.223519 0.94498 0.376044 0.187381 -0.122408 0.974631 0.381519 -0.981796 0.00804556 0.189769 -0.489807 -0.0310707 -0.992447 -0.118672 0.443008 
1535367644020 0.241918 0.92871 -0.281022 -0.633319 -0.940418 0.295739 0.167788 -0.242199 0.238936 0.223687 0.94492 0.37586 0.186793 -0.12183 0.974816 0.381419 -0.981888 0.00885021 0.189254 -0.489747 -0.0316841 -0.992512 -0.11797 0.442992 
1535367644038 0.241912 0.928669 -0.281161 -0.63286 -0.940282 0.295888 0.168289 -0.242058 0.239477 0.223659 0.94479 0.376005 0.1873 -0.122655 0.974615 0.381499 -0.981757 0.00969692 0.189893 -0.489928 -0.0327421 -0.992402 -0.118601 0.442999 
1535367644156 0.241907 0.928629 -0.281301 -0.632401 -0.940145 0.296037 0.168789 -0.241916 0.240018 0.223632 0.944659 0.376151 0.187806 -0.123481 0.974413 0.381578 -0.981624 0.0105434 0.190532 -0.490108 -0.0338007 -0.992291 -0.119232 0.443005 
1535367644185 0.241901 0.928588 -0.28144 -0.631942 -0.940008 0.296186 0.16929 -0.241775 0.240559 0.223604 0.944528 0.376296 0.188311 -0.124307 0.974211 0.381658 -0.981491 0.0113893 0.191172 -0.490289 -0.0348595 -0.992178 -0.119861 0.443012 
1535367644389 0.241896 0.928547 -0.281579 -0.631483 -0.939871 0.296334 0.169791 -0.241633 0.2411 0.223576 0.944396 0.376442 0.188815 -0.125133 0.974007 0.381737 -0.981356 0.0122346 0.191811 -0.490469 -0.0359185 -0.992065 -0.12049 0.443019 
1535367644465 0.24189 0.928506 -0.281718 -0.631024 -0.939733 0.296483 0.170292 -0.241492 0.241642 0.223548 0.944265 0.376587 0.189318 -0.125959 0.973803 0.381817 -0.981219 0.0130793 0.192452 -0.49065 -0.0369778 -0.991949 -0.121118 0.443025 
1535367644472 0.241885 0.928465 -0.281858 -0.630564 -0.939595 0.296632 0.170792 -0.24135 0.242183 0.22352 0.944133 0.376732 0.189821 -0.126786 0.973598 0.381896 -0.981082 0.0139235 0.193093 -0.490831 -0.0380374 -0.991832 -0.121745 0.443032 
1535367644624 0.241879 0.928425 -0.281997 -0.630105 -0.939457 0.296781 0.171293 -0.241209 0.242724 0.223492 0.944 0.376878 0.190322 -0.127614 0.973392 0.381976 -0.980943 0.0147671 0.193734 -0.491011 -0.0390973 -0.991714 -0.122371 0.443039 
1535367644842 0.241873 0.928384 -0.282136 -0.629646 -0.939319 0.29693 0.171793 -0.241067 0.243264 0.223464 0.943868 0.377023 0.190822 -0.128441 0.973185 0.382055 -0.980803 0.0156102 0.194376 -0.491192 -0.0401575 -0.991594 -0.122997 0.443046 
1535367644929 0.241867 0.928343 -0.282274 -0.629188 -0.93918 0.297078 0.172293 -0.240926 0.243805 0.223434 0.943735 0.377169 0.191321 -0.129269 0.972978 0.382134 -0.980662 0.0164527 0.195018 -0.491372 -0.0412178 -0.991473 -0.123621 0.443052 
1535367645307 0.241727 0.928408 -0.282183 -0.629426 -0.939295 0.296855 0.172051 -0.240923 0.243501 0.223464 0.943807 0.377058 0.190858 -0.1287 0.973144 0.382013 -0.980789 0.0157296 0.194438 -0.491284 -0.0403313 -0.991559 -0.123226 0.443021 
1535367645322 0.241592 0.928294 -0.282672 -0.629 -0.939254 0.296887 0.172221 -0.240803 0.243793 0.223894 0.943629 0.377214 0.191233 -0.128814 0.973055 0.382081 -0.980743 0.0149844 0.194728 -0.491391 -0.0396644 -0.991556 -0.123468 0.443018 
1535367645327 0.241457 0.92818 -0.283162 -0.628575 -0.939213 0.296919 0.172391 -0.240683 0.244086 0.224325 0.943451 0.377371 0.191609 -0.128928 0.972966 0.382149 -0.980696 0.0142407 0.195018 -0.491499 -0.0389991 -0.991552 -0.123711 0.443015 
1535367645457 0.241322 0.928065 -0.283652 -0.628149 -0.939171 0.296951 0.172561 -0.240563 0.244378 0.224755 0.943273 0.377527 0.191984 -0.129042 0.972877 0.382218 -0.980649 0.0134962 0.195308 -0.491606 -0.0383331 -0.991547 -0.123954 0.443012 
1535367645628 0.241186 0.927951 -0.284141 -0.627724 -0.93913 0.296983 0.172731 -0.240443 0.244671 0.225185 0.943095 0.377683 0.19236 -0.129156 0.972788 0.382286 -0.980601 0.0127521 0.195598 -0.491714 -0.0376677 -0.991542 -0.124197 0.443009 
1535367645691 0.241051 0.927836 -0.284631 -0.627298 -0.939089 0.297015 0.172901 -0.240324 0.244964 0.225616 0.942916 0.377839 0.192735 -0.129269 0.972699 0.382354 -0.980553 0.012008 0.195887 -0.491821 -0.0370023 -0.991537 -0.12444 0.443006 
1535367645698 0.240915 0.927721 -0.28512 -0.626872 -0.939047 0.297047 0.173071 -0.240204 0.245256 0.226046 0.942737 0.377996 0.193111 -0.129382 0.972609 0.382422 -0.980504 0.0112639 0.196177 -0.491928 -0.036337 -0.991531 -0.124684 0.443003 
1535367645894 0.240779 0.927606 -0.285609 -0.626447 -0.939005 0.297079 0.173242 -0.240084 0.245549 0.226476 0.942557 0.378152 0.193487 -0.129494 0.97252 0.38249 -0.980454 0.0105197 0.196466 -0.492036 -0.0356718 -0.991524 -0.124928 0.443 
1535367645900 0.240643 0.92749 -0.286099 -0.626021 -0.938964 0.297112 0.173412 -0.239964 0.245841 0.226906 0.942378 0.378308 0.193862 -0.129607 0.97243 0.382559 -0.980404 0.00977544 0.196755 -0.492143 -0.0350066 -0.991517 -0.125172 0.442997 
1535367646060 0.240507 0.927375 -0.286588 -0.625596 -0.938922 0.297144 0.173582 -0.239844 0.246133 0.227336 0.942198 0.378465 0.194238 -0.129719 0.97234 0.382627 -0.980353 0.00903119 0.197043 -0.49225 -0.0343416 -0.99151 -0.125416 0.442994 
1535367646310 0.24019 0.927802 -0.28547 -0.626231 -0.939198 0.296453 0.173271 -0.239884 0.24539 0.226495 0.942594 0.378204 0.193726 -0.129551 0.972464 0.382461 -0.980423 0.0100345 0.196648 -0.492071 -0.0352341 -0.991522 -0.125071 0.443026 
1535367646417 0.240425 0.92771 -0.28557 -0.625963 -0.939145 0.296689 0.173153 -0.23975 0.245361 0.226562 0.942586 0.378291 0.193914 -0.128685 0.972542 0.382517 -0.980448 0.00837647 0.196599 -0.492153 -0.0334458 -0.99165 -0.124545 0.442918 
1535367646464 0.240664 0.927614 -0.285681 -0.625689 -0.93909 0.296933 0.173037 -0.239616 0.24534 0.226636 0.942573 0.378381 0.194102 -0.127818 0.972619 0.382572 -0.98047 0.0067186 0.196552 -0.492235 -0.0316576 -0.991775 -0.124018 0.44281 
1535367646473 0.240904 0.927518 -0.285791 -0.625415 -0.939034 0.297176 0.172922 -0.239483 0.245318 0.22671 0.942561 0.378471 0.194288 -0.126952 0.972695 0.382628 -0.98049 0.00506068 0.196505 -0.492318 -0.0298691 -0.991896 -0.123492 0.442702 
1535367646623 0.241143 0.927422 -0.285901 -0.625141 -0.938978 0.29742 0.172806 -0.239349 0.245297 0.226783 0.942549 0.378561 0.194472 -0.126085 0.972771 0.382684 -0.980506 0.0034027 0.196459 -0.4924 -0.0280805 -0.992014 -0.122965 0.442594 
1535367646662 0.241382 0.927325 -0.286011 -0.624867 -0.938922 0.297663 0.17269 -0.239216 0.245275 0.226857 0.942537 0.378651 0.194655 -0.125217 0.972846 0.38274 -0.980519 0.00174467 0.196414 -0.492482 -0.0262917 -0.992128 -0.122438 0.442486 
1535367646888 0.241621 0.927229 -0.286121 -0.624592 -0.938866 0.297906 0.172575 -0.239083 0.245254 0.226931 0.942525 0.378742 0.194836 -0.124349 0.972922 0.382795 -0.98053 8.65997e-05 0.196371 -0.492564 -0.0245027 -0.992239 -0.121911 0.442377 
1535367646929 0.241861 0.927133 -0.28623 -0.624318 -0.93881 0.29815 0.172459 -0.238949 0.245232 0.227005 0.942513 0.378832 0.195015 -0.123481 0.972996 0.382851 -0.980537 -0.00157151 0.196327 -0.492646 -0.0227136 -0.992346 -0.121384 0.442269 
1535367646934 0.2421 0.927037 -0.28634 -0.624044 -0.938754 0.298393 0.172343 -0.238816 0.245211 0.227079 0.9425 0.378922 0.195194 -0.122612 0.97307 0.382907 -0.980542 -0.00322965 0.196285 -0.492729 -0.0209243 -0.992449 -0.120857 0.442161 
1535367647056 0.242339 0.92694 -0.286449 -0.62377 -0.938698 0.298636 0.172228 -0.238682 0.245189 0.227152 0.942488 0.379012 0.19537 -0.121743 0.973144 0.382962 -0.980543 -0.00488778 0.196244 -0.492811 -0.0191349 -0.99255 -0.12033 0.442053 
1535367647425 0.241813 0.927101 -0.286374 -0.624006 -0.938812 0.298141 0.172465 -0.238632 0.245272 0.227147 0.942468 0.378871 0.195225 -0.123282 0.972979 0.38291 -0.98052 -0.00264966 0.196403 -0.492621 -0.0216349 -0.992368 -0.121398 0.442253 
1535367647445 0.241862 0.927053 -0.286489 -0.62371 -0.938695 0.298305 0.172816 -0.238557 0.245671 0.227128 0.942369 0.37897 0.195478 -0.121795 0.973116 0.382917 -0.980524 -0.00503532 0.196336 -0.4927 -0.0190129 -0.992542 -0.120407 0.442086 
1535367647461 0.241912 0.927004 -0.286603 -0.623414 -0.938578 0.29847 0.173166 -0.238482 0.246069 0.227109 0.94227 0.37907 0.195727 -0.12036 0.973244 0.382918 -0.98052 -0.00735098 0.196282 -0.492772 -0.0164702 -0.992703 -0.119454 0.441936 
1535367647551 0.241962 0.926956 -0.286718 -0.623118 -0.938461 0.298635 0.173516 -0.238407 0.246466 0.22709 0.94217 0.379169 0.195973 -0.118925 0.973371 0.382919 -0.98051 -0.00966663 0.196229 -0.492844 -0.0139273 -0.992856 -0.118501 0.441786 
1535367647652 0.242011 0.926908 -0.286832 -0.622822 -0.938344 0.2988 0.173866 -0.238332 0.246863 0.22707 0.942071 0.379268 0.196214 -0.117489 0.973497 0.38292 -0.980495 -0.0119823 0.196178 -0.492916 -0.011384 -0.993002 -0.117548 0.441636 
1535367647877 0.242061 0.926859 -0.286947 -0.622526 -0.938227 0.298965 0.174216 -0.238258 0.24726 0.227051 0.941972 0.379367 0.196452 -0.116052 0.973621 0.382921 -0.980474 -0.014298 0.19613 -0.492987 -0.00884043 -0.99314 -0.116595 0.441486 
1535367647897 0.24211 0.926811 -0.287061 -0.62223 -0.938109 0.29913 0.174565 -0.238183 0.247658 0.227031 0.941872 0.379467 0.196686 -0.114614 0.973744 0.382922 -0.980446 -0.0166136 0.196084 -0.493059 -0.00629659 -0.993271 -0.115641 0.441336 
1535367648025 0.24216 0.926762 -0.287176 -0.621934 -0.937991 0.299295 0.174915 -0.238108 0.248055 0.227011 0.941772 0.379566 0.196916 -0.113176 0.973866 0.382923 -0.980413 -0.0189292 0.19604 -0.493131 -0.00375248 -0.993395 -0.114686 0.441186 
1535367648248 0.242209 0.926714 -0.287291 -0.621638 -0.937873 0.299459 0.175265 -0.238033 0.248452 0.226991 0.941672 0.379665 0.197143 -0.111737 0.973986 0.382924 -0.980374 -0.0212448 0.195999 -0.493203 -0.00120812 -0.993511 -0.113732 0.441036 
1535367648280 0.242258 0.926666 -0.287405 -0.621342 -0.937755 0.299624 0.175614 -0.237958 0.248849 0.226971 0.941572 0.379765 0.197366 -0.110297 0.974105 0.382925 -0.980329 -0.0235603 0.195959 -0.493275 0.0013364 -0.993619 -0.112778 0.440886 
1535367648732 0.242296 0.926684 -0.287314 -0.621573 -0.937824 0.299571 0.175337 -0.238015 0.248552 0.226967 0.941652 0.379649 0.197397 -0.110954 0.974024 0.382906 -0.980323 -0.0231949 0.196031 -0.493206 0.000841858 -0.993555 -0.11335 0.441001 
1535367648742 0.242218 0.926654 -0.287475 -0.621343 -0.937814 0.299555 0.175419 -0.237952 0.248667 0.227108 0.941587 0.379734 0.19764 -0.111103 0.973958 0.382913 -0.980274 -0.0237191 0.196215 -0.493305 0.00130134 -0.993526 -0.113599 0.441025 
1535367648749 0.242141 0.926624 -0.287636 -0.621113 -0.937803 0.299541 0.175502 -0.237888 0.248783 0.22725 0.941522 0.379819 0.197882 -0.11125 0.973892 0.382919 -0.980224 -0.0242425 0.196399 -0.493404 0.00176011 -0.993497 -0.113848 0.441049 
1535367648901 0.242065 0.926594 -0.287798 -0.620883 -0.937792 0.299526 0.175583 -0.237825 0.248897 0.227392 0.941458 0.379904 0.198125 -0.111398 0.973826 0.382926 -0.980174 -0.0247659 0.196583 -0.493503 0.00221869 -0.993467 -0.114096 0.441074 
1535367648907 0.241988 0.926564 -0.287959 -0.620653 -0.937782 0.299512 0.175666 -0.237762 0.249013 0.227534 0.941393 0.379989 0.198367 -0.111546 0.97376 0.382933 -0.980124 -0.0252903 0.196767 -0.493602 0.00267817 -0.993437 -0.114345 0.441098 
1535367648930 0.241911 0.926534 -0.288121 -0.620424 -0.937771 0.299497 0.175748 -0.237699 0.249128 0.227676 0.941328 0.380074 0.19861 -0.111693 0.973693 0.382939 -0.980074 -0.025814 0.19695 -0.4937 0.00313696 -0.993407 -0.114594 0.441122 
1535367649047 0.241835 0.926504 -0.288282 -0.620194 -0.93776 0.299482 0.17583 -0.237635 0.249243 0.227818 0.941264 0.38016 0.198853 -0.11184 0.973627 0.382946 -0.980023 -0.0263378 0.197134 -0.493799 0.00359568 -0.993377 -0.114843 0.441146 
1535367649169 0.241758 0.926474 -0.288443 -0.619964 -0.937749 0.299468 0.175913 -0.237572 0.249358 0.227959 0.941199 0.380245 0.199096 -0.111987 0.97356 0.382953 -0.979972 -0.0268615 0.197317 -0.493898 0.00405435 -0.993347 -0.115092 0.44117 
1535367649183 0.241681 0.926444 -0.288605 -0.619734 -0.937739 0.299453 0.175995 -0.237509 0.249473 0.228101 0.941134 0.38033 0.199338 -0.112134 0.973494 0.38296 -0.97992 -0.0273853 0.1975 -0.493997 0.00451294 -0.993316 -0.115342 0.441195 
1535367649336 0.241604 0.926413 -0.288766 -0.619504 -0.937728 0.299439 0.176077 -0.237445 0.249588 0.228243 0.941069 0.380415 0.199581 -0.112281 0.973427 0.382966 -0.979869 -0.0279091 0.197683 -0.494096 0.00497147 -0.993284 -0.115591 0.441219 
1535367649439 0.241407 0.926602 -0.288326 -0.619996 -0.937889 0.299066 0.175851 -0.237423 0.249173 0.227966 0.941246 0.380193 0.199265 -0.112043 0.973519 0.382988 -0.979937 -0.0269166 0.197481 -0.493899 0.00407751 -0.993339 -0.115159 0.441098 
1535367649446 0.24139 0.926541 -0.288537 -0.6198 -0.937863 0.299117 0.175901 -0.237348 0.249286 0.228147 0.941172 0.380262 0.199637 -0.111661 0.973487 0.382983 -0.979861 -0.0269133 0.197857 -0.494038 0.00410677 -0.993382 -0.114786 0.441044 
1535367649452 0.241372 0.92648 -0.288747 -0.619603 -0.937838 0.299168 0.175951 -0.237272 0.249399 0.228328 0.941099 0.38033 0.200007 -0.111279 0.973455 0.382979 -0.979786 -0.0269108 0.198232 -0.494177 0.00413735 -0.993425 -0.114412 0.440989 
1535367649459 0.241354 0.926419 -0.288957 -0.619407 -0.937813 0.299218 0.176 -0.237197 0.249511 0.228509 0.941025 0.380399 0.200379 -0.110898 0.973422 0.382974 -0.979709 -0.0269087 0.198608 -0.494316 0.00416823 -0.993467 -0.11404 0.440935 
1535367649668 0.241336 0.926358 -0.289167 -0.61921 -0.937787 0.299269 0.17605 -0.237121 0.249624 0.22869 0.940951 0.380467 0.200751 -0.110516 0.973389 0.382969 -0.979633 -0.0269061 0.198984 -0.494455 0.00419916 -0.99351 -0.113667 0.440881 
1535367649675 0.241318 0.926297 -0.289377 -0.619014 -0.937762 0.299319 0.1761 -0.237046 0.249737 0.22887 0.940877 0.380536 0.201122 -0.110134 0.973355 0.382965 -0.979557 -0.0269033 0.199359 -0.494593 0.00423022 -0.993553 -0.113294 0.440827 
1535367649830 0.2413 0.926236 -0.289587 -0.618818 -0.937736 0.299369 0.17615 -0.23697 0.24985 0.229051 0.940803 0.380605 0.201493 -0.109752 0.973322 0.38296 -0.979481 -0.0269005 0.199735 -0.494732 0.00426143 -0.993595 -0.112921 0.440772 
1535367649837 0.241282 0.926175 -0.289797 -0.618621 -0.937711 0.29942 0.1762 -0.236895 0.249963 0.229232 0.940729 0.380673 0.201864 -0.109371 0.973288 0.382955 -0.979404 -0.0268975 0.20011 -0.494871 0.00429278 -0.993637 -0.112548 0.440718 
1535367649862 0.241265 0.926114 -0.290007 -0.618425 -0.937685 0.29947 0.176249 -0.236819 0.250075 0.229412 0.940655 0.380742 0.202235 -0.108989 0.973253 0.38295 -0.979327 -0.0268943 0.200486 -0.49501 0.00432427 -0.993679 -0.112175 0.440664 
1535367650007 0.241246 0.926053 -0.290216 -0.618229 -0.93766 0.299521 0.176299 -0.236744 0.250188 0.229593 0.940581 0.38081 0.202606 -0.108607 0.973219 0.382946 -0.979251 -0.0268909 0.200861 -0.495149 0.00435587 -0.993721 -0.111802 0.440609 
1535367650162 0.241201 0.926122 -0.290034 -0.618431 -0.937717 0.299401 0.176198 -0.236838 0.250018 0.229471 0.940656 0.380708 0.202083 -0.109162 0.973266 0.382913 -0.979359 -0.0268835 0.200333 -0.49496 0.00429611 -0.99366 -0.112341 0.440694 
1535367650174 0.241372 0.926125 -0.289882 -0.618174 -0.937662 0.299545 0.176246 -0.236745 0.250058 0.229271 0.940694 0.380776 0.202171 -0.109237 0.973239 0.38291 -0.979344 -0.0262254 0.200496 -0.495084 0.00362196 -0.99367 -0.112283 0.440687 
1535367650183 0.241535 0.926131 -0.289728 -0.61792 -0.937609 0.299681 0.176296 -0.23665 0.250099 0.22907 0.940732 0.380845 0.202259 -0.109313 0.973212 0.382908 -0.979328 -0.0255678 0.200658 -0.495207 0.00294848 -0.993679 -0.112224 0.440681 
1535367650302 0.241698 0.926136 -0.289574 -0.617665 -0.937556 0.299817 0.176347 -0.236555 0.250141 0.228869 0.94077 0.380913 0.202347 -0.109388 0.973186 0.382905 -0.979311 -0.0249103 0.200821 -0.495331 0.00227506 -0.993687 -0.112165 0.440674 
1535367650343 0.241862 0.926142 -0.28942 -0.617411 -0.937503 0.299953 0.176398 -0.23646 0.250182 0.228668 0.940808 0.380982 0.202434 -0.109464 0.973159 0.382903 -0.979295 -0.0242524 0.200983 -0.495454 0.00160106 -0.993695 -0.112107 0.440668 
1535367650349 0.242025 0.926147 -0.289267 -0.617156 -0.93745 0.300089 0.176448 -0.236365 0.250223 0.228468 0.940846 0.38105 0.202522 -0.109539 0.973132 0.3829 -0.979277 -0.0235947 0.201145 -0.495578 0.000927464 -0.993702 -0.112048 0.440661 
1535367650409 0.242188 0.926153 -0.289113 -0.616901 -0.937397 0.300225 0.176499 -0.23627 0.250264 0.228268 0.940884 0.381118 0.202609 -0.109615 0.973105 0.382898 -0.97926 -0.022937 0.201307 -0.495702 0.000253868 -0.993709 -0.111989 0.440654 
1535367650536 0.242351 0.926158 -0.288959 -0.616647 -0.937344 0.300361 0.17655 -0.236175 0.250305 0.228067 0.940921 0.381187 0.202697 -0.109691 0.973079 0.382895 -0.979241 -0.0222794 0.201469 -0.495825 -0.000419722 -0.993716 -0.11193 0.440648 
1535367650543 0.242514 0.926163 -0.288805 -0.616392 -0.937291 0.300497 0.176601 -0.23608 0.250346 0.227866 0.940959 0.381255 0.202784 -0.109767 0.973052 0.382893 -0.979223 -0.0216217 0.201631 -0.495949 -0.00109331 -0.993722 -0.11187 0.440641 
1535367650659 0.242677 0.926169 -0.288651 -0.616138 -0.937238 0.300633 0.176651 -0.235985 0.250387 0.227665 0.940997 0.381324 0.202872 -0.109842 0.973025 0.38289 -0.979204 -0.0209641 0.201793 -0.496072 -0.00176687 -0.993728 -0.111811 0.440635 
1535367650903 0.242253 0.926207 -0.288883 -0.616416 -0.937378 0.300246 0.176566 -0.235978 0.250272 0.228019 0.940942 0.381186 0.202899 -0.109859 0.973018 0.382877 -0.9792 -0.0221903 0.201682 -0.495811 -0.000564988 -0.993699 -0.112076 0.440581 
1535367650918 0.242374 0.926174 -0.288889 -0.616062 -0.937294 0.300409 0.17673 -0.235859 0.250468 0.22794 0.940909 0.381304 0.202692 -0.109094 0.973147 0.382867 -0.979242 -0.0220347 0.201491 -0.49592 -0.000538436 -0.993787 -0.111295 0.440467 
1535367650930 0.242494 0.92614 -0.288896 -0.615707 -0.937211 0.300573 0.176895 -0.23574 0.250664 0.227861 0.940876 0.381422 0.202486 -0.108328 0.973275 0.382856 -0.979285 -0.021879 0.201301 -0.496029 -0.000512313 -0.993874 -0.110514 0.440354 
1535367651107 0.242615 0.926106 -0.288904 -0.615353 -0.937127 0.300737 0.177059 -0.23562 0.250859 0.227783 0.940843 0.381541 0.202281 -0.107563 0.973403 0.382846 -0.979327 -0.0217234 0.201111 -0.496139 -0.000486507 -0.993961 -0.109733 0.44024 
1535367651148 0.242735 0.926072 -0.288911 -0.614998 -0.937044 0.3009 0.177223 -0.235501 0.251055 0.227704 0.94081 0.381659 0.202075 -0.106797 0.97353 0.382836 -0.97937 -0.0215679 0.200921 -0.496248 -0.000460868 -0.994047 -0.108953 0.440127 
1535367651154 0.242856 0.926039 -0.288918 -0.614644 -0.93696 0.301064 0.177387 -0.235382 0.25125 0.227625 0.940776 0.381777 0.201869 -0.106032 0.973656 0.382826 -0.979412 -0.0214126 0.200731 -0.496357 -0.000435395 -0.994132 -0.108172 0.440013 
1535367651178 0.242976 0.926005 -0.288925 -0.614289 -0.936876 0.301227 0.177552 -0.235263 0.251446 0.227547 0.940743 0.381895 0.201663 -0.105266 0.973782 0.382815 -0.979455 -0.0212574 0.20054 -0.496466 -0.000410088 -0.994217 -0.107391 0.439899 
1535367651183 0.243097 0.925971 -0.288933 -0.613935 -0.936793 0.301391 0.177716 -0.235144 0.251641 0.227468 0.94071 0.382013 0.201458 -0.104501 0.973907 0.382805 -0.979497 -0.0211024 0.20035 -0.496575 -0.000384948 -0.994301 -0.106609 0.439786 
1535367651331 0.243217 0.925937 -0.28894 -0.61358 -0.936709 0.301555 0.17788 -0.235024 0.251837 0.227389 0.940677 0.382132 0.201252 -0.103735 0.974031 0.382795 -0.979539 -0.0209475 0.200159 -0.496685 -0.000359976 -0.994384 -0.105828 0.439672 
1535367651540 0.243338 0.925903 -0.288946 -0.613226 -0.936625 0.301718 0.178045 -0.234905 0.252033 0.227309 0.940643 0.38225 0.201046 -0.10297 0.974155 0.382784 -0.979582 -0.0207927 0.199968 -0.496794 -0.000335296 -0.994467 -0.105048 0.439559 
1535367651807 0.243139 0.925967 -0.288908 -0.613479 -0.936771 0.301436 0.177753 -0.234921 0.251681 0.227422 0.94071 0.382152 0.201266 -0.103925 0.974008 0.382765 -0.979537 -0.0209444 0.200173 -0.496659 -0.000402932 -0.994365 -0.106014 0.439665 
1535367651815 0.243291 0.9259 -0.288995 -0.613261 -0.936691 0.301635 0.177839 -0.234819 0.251833 0.227433 0.940667 0.38222 0.201158 -0.103392 0.974087 0.382763 -0.979559 -0.0206974 0.200091 -0.496815 -0.00052678 -0.994425 -0.105442 0.439561 
1535367651820 0.243443 0.925833 -0.289084 -0.613043 -0.93661 0.301833 0.177927 -0.234716 0.251985 0.227444 0.940624 0.382287 0.201064 -0.102891 0.97416 0.382761 -0.979578 -0.0204588 0.200021 -0.496967 -0.000650291 -0.994482 -0.104904 0.43946 
1535367651827 0.243595 0.925765 -0.289173 -0.612824 -0.93653 0.302032 0.178013 -0.234614 0.252137 0.227456 0.94058 0.382355 0.200969 -0.102391 0.974232 0.382758 -0.979597 -0.0202202 0.199951 -0.497119 -0.000773969 -0.994539 -0.104366 0.439358 
1535367651835 0.243746 0.925697 -0.289261 -0.612606 -0.936449 0.30223 0.178099 -0.234511 0.25229 0.227467 0.940536 0.382422 0.200875 -0.10189 0.974304 0.382755 -0.979616 -0.0199817 0.199881 -0.497271 -0.000897699 -0.994595 -0.103827 0.439257 
