1535168197653 0.210528 0.903706 -0.372818 -0.599371 -0.935331 0.297118 0.192035 -0.233156 0.284314 0.308279 0.907816 0.396849 0.131719 -0.0470668 0.990169 0.379418 -0.990507 -0.0458599 0.129584 -0.488876 0.03931 -0.997838 -0.0526606 0.433405 
1535168197664 0.213875 0.905366 -0.366838 -0.599706 -0.934942 0.298543 0.191718 -0.233157 0.283092 0.301968 0.910316 0.396151 0.143415 -0.0721998 0.987025 0.384927 -0.988621 -0.0561984 0.139536 -0.488326 0.0453948 -0.995806 -0.0794379 0.436884 
1535168197670 0.217214 0.90698 -0.360839 -0.600042 -0.934549 0.299968 0.19141 -0.233159 0.281845 0.295645 0.912775 0.395452 0.155245 -0.0971586 0.983087 0.390438 -0.986551 -0.066782 0.149192 -0.487781 0.0511573 -0.993026 -0.106219 0.440364 
1535168198099 0.220543 0.908549 -0.354824 -0.600379 -0.934151 0.301394 0.191111 -0.233162 0.280576 0.289311 0.915192 0.394754 0.167195 -0.121921 0.978356 0.395949 -0.984298 -0.0776015 0.15854 -0.487238 0.0565924 -0.989501 -0.132982 0.443844 
1535168198396 0.223863 0.910071 -0.348791 -0.600716 -0.933749 0.302821 0.190822 -0.233164 0.279283 0.282965 0.917568 0.394055 0.179256 -0.146467 0.972838 0.40146 -0.981866 -0.0886472 0.167573 -0.486693 0.0616955 -0.985236 -0.159701 0.447324 
1535168198408 0.227173 0.911548 -0.342742 -0.601052 -0.933342 0.304248 0.190543 -0.233166 0.277968 0.276609 0.919903 0.393357 0.191417 -0.170773 0.966538 0.40697 -0.979256 -0.0999096 0.176283 -0.486146 0.066462 -0.980232 -0.186355 0.450803 
1535168198512 0.230473 0.912979 -0.336677 -0.601389 -0.93293 0.305676 0.190273 -0.233168 0.276629 0.270243 0.922196 0.392658 0.203668 -0.19482 0.959461 0.412481 -0.97647 -0.111379 0.184663 -0.485602 0.0708878 -0.974495 -0.21292 0.454283 
1535168198519 0.233763 0.914364 -0.330595 -0.601725 -0.932514 0.307104 0.190013 -0.23317 0.275268 0.263866 0.924447 0.39196 0.215997 -0.218585 0.951612 0.417992 -0.973512 -0.123045 0.192704 -0.485057 0.0749691 -0.968029 -0.239372 0.457763 
1535168198686 0.237044 0.915703 -0.324498 -0.602062 -0.932093 0.308533 0.189762 -0.233172 0.273884 0.25748 0.926656 0.391261 0.228395 -0.242048 0.943 0.423502 -0.970382 -0.134898 0.200401 -0.484513 0.0787022 -0.960841 -0.265689 0.461243 
1535168199266 0.240314 0.916995 -0.318385 -0.602399 -0.931668 0.309962 0.189521 -0.233174 0.272477 0.251084 0.928823 0.390563 0.240849 -0.265188 0.933631 0.429013 -0.967085 -0.146927 0.207746 -0.483967 0.082084 -0.952936 -0.291847 0.464722 
1535168199792 0.239811 0.916781 -0.319379 -0.602262 -0.931778 0.309712 0.189389 -0.233293 0.272544 0.252173 0.928509 0.39073 0.215558 -0.217157 0.952039 0.417662 -0.973583 -0.122983 0.192384 -0.48505 0.0753073 -0.968358 -0.237931 0.457759 
1535168199898 0.240296 0.917185 -0.31785 -0.602322 -0.931839 0.309681 0.18914 -0.233277 0.271909 0.250735 0.929084 0.390609 0.219314 -0.224375 0.949504 0.419346 -0.972656 -0.126523 0.194763 -0.484883 0.0764336 -0.966255 -0.245988 0.458802 
1535168199910 0.240779 0.917588 -0.31632 -0.602382 -0.931899 0.309651 0.188892 -0.233262 0.271273 0.249297 0.929657 0.390488 0.223077 -0.231564 0.946897 0.421033 -0.971713 -0.13008 0.197112 -0.484721 0.0775284 -0.964084 -0.254032 0.459847 
1535168200132 0.241261 0.917988 -0.314788 -0.602442 -0.93196 0.309621 0.188643 -0.233247 0.270637 0.247858 0.930227 0.390367 0.226845 -0.238724 0.94422 0.422719 -0.970755 -0.133654 0.199428 -0.484558 0.0785907 -0.961846 -0.262062 0.460891 
1535168200271 0.241742 0.918385 -0.313256 -0.602503 -0.93202 0.309592 0.188394 -0.233232 0.27 0.246418 0.930794 0.390246 0.230619 -0.245855 0.941472 0.424405 -0.969781 -0.137245 0.201713 -0.484396 0.0796205 -0.959541 -0.270077 0.461936 
1535168200417 0.242222 0.91878 -0.311723 -0.602563 -0.93208 0.309562 0.188146 -0.233217 0.269362 0.244977 0.931359 0.390125 0.234397 -0.252956 0.938654 0.426092 -0.968792 -0.140852 0.203965 -0.484234 0.0806176 -0.95717 -0.278077 0.46298 
1535168200556 0.242701 0.919173 -0.310188 -0.602623 -0.932139 0.309533 0.187897 -0.233202 0.268724 0.243536 0.931922 0.390003 0.23818 -0.260025 0.935765 0.427779 -0.967789 -0.144476 0.206185 -0.484072 0.0815821 -0.954732 -0.286061 0.464025 
1535168200571 0.243179 0.919564 -0.308653 -0.602684 -0.932199 0.309505 0.187648 -0.233186 0.268084 0.242094 0.932481 0.389882 0.241967 -0.267064 0.932807 0.429464 -0.96677 -0.148115 0.208371 -0.483909 0.0825138 -0.952228 -0.294028 0.465069 
1535168200707 0.243655 0.919952 -0.307116 -0.602744 -0.932258 0.309476 0.1874 -0.233171 0.267444 0.240651 0.933038 0.389761 0.245758 -0.274071 0.929779 0.431151 -0.965736 -0.151769 0.210525 -0.483748 0.0834126 -0.949659 -0.301978 0.466113 
1535168200789 0.244132 0.920337 -0.30558 -0.602804 -0.932317 0.309449 0.187151 -0.233156 0.266803 0.239208 0.933593 0.38964 0.249552 -0.281045 0.926681 0.432837 -0.964687 -0.155438 0.212646 -0.483585 0.0842785 -0.947023 -0.309911 0.467158 
1535168201248 0.243644 0.920153 -0.306523 -0.602781 -0.932293 0.309316 0.187492 -0.233056 0.267333 0.240088 0.933215 0.389717 0.249009 -0.279725 0.927226 0.432525 -0.964824 -0.154989 0.212349 -0.483641 0.0843109 -0.947487 -0.308479 0.467156 
1535168201259 0.243694 0.920237 -0.306229 -0.602795 -0.932463 0.30914 0.186939 -0.233012 0.266696 0.239991 0.933422 0.389703 0.249292 -0.280452 0.926931 0.432681 -0.964758 -0.155171 0.212518 -0.483644 0.0842316 -0.947243 -0.309251 0.467254 
1535168201266 0.243744 0.920322 -0.305935 -0.602808 -0.932631 0.308964 0.186387 -0.232969 0.266059 0.239894 0.933629 0.389689 0.249577 -0.281179 0.926634 0.43284 -0.964692 -0.155353 0.212687 -0.483652 0.0841525 -0.946997 -0.310023 0.467352 
1535168201279 0.243794 0.920407 -0.305641 -0.602822 -0.9328 0.308787 0.185835 -0.232925 0.265422 0.239796 0.933836 0.389676 0.249861 -0.281905 0.926336 0.432998 -0.964625 -0.155536 0.212856 -0.483659 0.0840732 -0.946751 -0.310795 0.467451 
1535168201286 0.243843 0.920491 -0.305346 -0.602836 -0.932968 0.308611 0.185283 -0.232881 0.264785 0.239698 0.934042 0.389662 0.250146 -0.282632 0.926038 0.433157 -0.964558 -0.155719 0.213025 -0.483667 0.0839937 -0.946505 -0.311567 0.467549 
1535168201377 0.243893 0.920576 -0.305052 -0.60285 -0.933136 0.308435 0.184731 -0.232838 0.264147 0.239601 0.934247 0.389648 0.25043 -0.283358 0.925739 0.433315 -0.964491 -0.155901 0.213193 -0.483674 0.0839139 -0.946257 -0.312339 0.467647 
1535168201405 0.243942 0.92066 -0.304758 -0.602864 -0.933303 0.308259 0.184178 -0.232794 0.26351 0.239502 0.934452 0.389634 0.250714 -0.284084 0.92544 0.433474 -0.964424 -0.156084 0.213362 -0.483682 0.0838339 -0.946009 -0.31311 0.467746 
1535168201431 0.243991 0.920745 -0.304463 -0.602877 -0.93347 0.308083 0.183626 -0.232751 0.262872 0.239404 0.934657 0.38962 0.250998 -0.28481 0.92514 0.433632 -0.964358 -0.156267 0.21353 -0.483689 0.0837537 -0.945761 -0.313882 0.467844 
1535168201456 0.24404 0.920829 -0.304168 -0.602891 -0.933637 0.307907 0.183073 -0.232707 0.262234 0.239306 0.934861 0.389607 0.251282 -0.285536 0.924839 0.433791 -0.964291 -0.156451 0.213698 -0.483697 0.0836731 -0.945512 -0.314653 0.467943 
1535168201462 0.244088 0.920913 -0.303874 -0.602905 -0.933803 0.307731 0.18252 -0.232663 0.261597 0.239207 0.935065 0.389593 0.251566 -0.286261 0.924537 0.433949 -0.964224 -0.156634 0.213866 -0.483704 0.0835924 -0.945262 -0.315424 0.468042 
1535168201701 0.243884 0.920622 -0.304919 -0.602822 -0.93319 0.308352 0.184592 -0.232829 0.263962 0.239528 0.934318 0.389639 0.251228 -0.285242 0.924944 0.433642 -0.964296 -0.156459 0.213666 -0.483726 0.0837693 -0.945599 -0.314365 0.467904 
1535168201711 0.243595 0.920553 -0.305358 -0.602799 -0.933175 0.308249 0.184842 -0.232838 0.264283 0.239926 0.934125 0.389699 0.251085 -0.285394 0.924936 0.433659 -0.964371 -0.156022 0.213649 -0.483749 0.0833365 -0.945626 -0.3144 0.467914 
1535168201718 0.243306 0.920484 -0.305797 -0.602774 -0.93316 0.308146 0.185092 -0.232846 0.264604 0.240323 0.933932 0.389759 0.250942 -0.285545 0.924928 0.433676 -0.964446 -0.155584 0.213631 -0.483772 0.0829027 -0.945652 -0.314435 0.467924 
1535168201728 0.243017 0.920414 -0.306236 -0.602746 -0.933144 0.308043 0.185341 -0.232853 0.264924 0.240721 0.933739 0.38982 0.250799 -0.285697 0.92492 0.433693 -0.96452 -0.155146 0.213614 -0.483795 0.0824691 -0.945678 -0.314471 0.467935 
1535168201752 0.242727 0.920345 -0.306674 -0.60272 -0.933129 0.307941 0.18559 -0.232861 0.265244 0.241119 0.933545 0.38988 0.250655 -0.285848 0.924912 0.43371 -0.964594 -0.154708 0.213596 -0.483818 0.0820355 -0.945704 -0.314506 0.467945 
1535168201767 0.242438 0.920275 -0.307113 -0.602693 -0.933113 0.307838 0.185839 -0.232869 0.265564 0.241517 0.933352 0.389941 0.250512 -0.285999 0.924904 0.433728 -0.964668 -0.15427 0.213579 -0.483842 0.0816018 -0.94573 -0.314541 0.467955 
1535168201774 0.242148 0.920204 -0.307552 -0.602667 -0.933097 0.307735 0.186089 -0.232876 0.265884 0.241915 0.933158 0.390002 0.250369 -0.286151 0.924896 0.433745 -0.964742 -0.153832 0.213561 -0.483865 0.0811682 -0.945756 -0.314576 0.467966 
1535168201799 0.241858 0.920134 -0.30799 -0.60264 -0.933081 0.307633 0.186338 -0.232883 0.266204 0.242312 0.932963 0.390062 0.250225 -0.286302 0.924888 0.433762 -0.964816 -0.153394 0.213544 -0.483888 0.0807345 -0.945781 -0.314611 0.467976 
1535168201891 0.241568 0.920063 -0.308428 -0.602614 -0.933065 0.307531 0.186587 -0.232891 0.266523 0.24271 0.932768 0.390123 0.250082 -0.286453 0.92488 0.433779 -0.964889 -0.152956 0.213527 -0.483912 0.0803008 -0.945806 -0.314647 0.467986 
1535168201947 0.241278 0.919993 -0.308867 -0.602588 -0.933049 0.307429 0.186837 -0.232899 0.266843 0.243108 0.932574 0.390183 0.249939 -0.286604 0.924872 0.433796 -0.964962 -0.152518 0.21351 -0.483935 0.079867 -0.945831 -0.314682 0.467996 
1535168202059 0.242434 0.920284 -0.307089 -0.602738 -0.933167 0.307781 0.185663 -0.23284 0.265378 0.241554 0.933395 0.389887 0.250333 -0.286074 0.92493 0.433738 -0.96477 -0.153581 0.213614 -0.483848 0.0809426 -0.945819 -0.314442 0.467974 
1535168202071 0.242526 0.92031 -0.306939 -0.602746 -0.933266 0.307726 0.185254 -0.232803 0.264944 0.241527 0.933525 0.389885 0.249984 -0.284718 0.925443 0.433621 -0.964417 -0.158179 0.211847 -0.483598 0.0860692 -0.945471 -0.314129 0.467851 
1535168202118 0.242611 0.92033 -0.30681 -0.602753 -0.933363 0.307672 0.184855 -0.232767 0.264524 0.241517 0.933647 0.389885 0.249627 -0.283363 0.925954 0.433502 -0.964038 -0.162775 0.210081 -0.483343 0.0911933 -0.945098 -0.313806 0.467728 
1535168202283 0.242697 0.92035 -0.306682 -0.60276 -0.93346 0.307618 0.184456 -0.232732 0.264105 0.241508 0.933768 0.389884 0.249264 -0.28201 0.926465 0.433383 -0.963634 -0.16737 0.208317 -0.483089 0.096315 -0.9447 -0.313474 0.467604 
1535168202341 0.242782 0.92037 -0.306554 -0.602768 -0.933556 0.307565 0.184057 -0.232696 0.263686 0.2415 0.933888 0.389884 0.248892 -0.280659 0.926975 0.433264 -0.963205 -0.171963 0.206555 -0.482835 0.101434 -0.944277 -0.313133 0.467481 
1535168202348 0.242867 0.920391 -0.306425 -0.602775 -0.933652 0.307511 0.183658 -0.23266 0.263266 0.24149 0.934009 0.389883 0.248514 -0.27931 0.927484 0.433146 -0.96275 -0.176554 0.204794 -0.482581 0.10655 -0.94383 -0.312782 0.467358 
1535168202372 0.242952 0.920411 -0.306298 -0.602782 -0.933748 0.307458 0.183258 -0.232624 0.262847 0.241482 0.93413 0.389882 0.248127 -0.277962 0.927992 0.433027 -0.96227 -0.181143 0.203034 -0.482326 0.111664 -0.943358 -0.312421 0.467234 
1535168202384 0.243037 0.920431 -0.306169 -0.602789 -0.933844 0.307404 0.182859 -0.232588 0.262427 0.241472 0.93425 0.389882 0.247734 -0.276616 0.9285 0.432908 -0.961765 -0.185731 0.201277 -0.482072 0.116774 -0.942861 -0.312052 0.467111 
1535168202413 0.243122 0.920451 -0.306041 -0.602796 -0.93394 0.307351 0.18246 -0.232553 0.262007 0.241464 0.93437 0.389881 0.247333 -0.275272 0.929006 0.432789 -0.961234 -0.190316 0.199521 -0.481819 0.121882 -0.94234 -0.311672 0.466987 
1535168202482 0.243207 0.920472 -0.305913 -0.602803 -0.934035 0.307298 0.182061 -0.232517 0.261588 0.241455 0.93449 0.389881 0.246924 -0.27393 0.929511 0.43267 -0.960678 -0.194898 0.197767 -0.481563 0.126986 -0.941795 -0.311284 0.466863 
1535168202590 0.242898 0.920368 -0.306469 -0.602753 -0.933565 0.307622 0.183914 -0.23275 0.263545 0.241436 0.933945 0.389847 0.249342 -0.282473 0.926303 0.433418 -0.96378 -0.165854 0.208853 -0.483197 0.0946359 -0.944829 -0.313597 0.467665 
1535168202602 0.243002 0.920442 -0.306165 -0.602769 -0.933653 0.307554 0.18358 -0.232726 0.263137 0.241242 0.93411 0.389811 0.249339 -0.281574 0.926578 0.433321 -0.96331 -0.170236 0.207491 -0.483011 0.0993126 -0.944318 -0.31369 0.467618 
1535168202618 0.243106 0.920515 -0.305861 -0.602786 -0.933741 0.307486 0.183246 -0.232701 0.262729 0.241047 0.934275 0.389775 0.24933 -0.280674 0.926853 0.433223 -0.962819 -0.174615 0.206128 -0.48282 0.103987 -0.943786 -0.313776 0.46757 
1535168202635 0.243209 0.920589 -0.305557 -0.602803 -0.933829 0.307418 0.182912 -0.232677 0.262321 0.240852 0.93444 0.389738 0.249317 -0.279775 0.927128 0.433124 -0.962307 -0.178991 0.204764 -0.48263 0.10866 -0.943233 -0.313855 0.467523 
1535168202652 0.243312 0.920662 -0.305254 -0.602819 -0.933917 0.307351 0.182578 -0.232653 0.261913 0.240658 0.934604 0.389702 0.2493 -0.278876 0.927404 0.433026 -0.961772 -0.183365 0.2034 -0.482441 0.11333 -0.942659 -0.313928 0.467475 
1535168202668 0.243415 0.920736 -0.304949 -0.602836 -0.934005 0.307283 0.182244 -0.232628 0.261504 0.240463 0.934769 0.389666 0.249278 -0.277976 0.92768 0.432927 -0.961216 -0.187735 0.202036 -0.48225 0.117997 -0.942064 -0.313994 0.467428 
1535168202743 0.243518 0.92081 -0.304645 -0.602853 -0.934092 0.307215 0.18191 -0.232604 0.261096 0.240268 0.934933 0.389629 0.249252 -0.277077 0.927956 0.432828 -0.960639 -0.192103 0.200671 -0.48206 0.122662 -0.941448 -0.314053 0.46738 
1535168202749 0.243621 0.920883 -0.30434 -0.60287 -0.934179 0.307147 0.181576 -0.23258 0.260687 0.240073 0.935097 0.389593 0.249221 -0.276178 0.928232 0.43273 -0.96004 -0.196468 0.199306 -0.48187 0.127324 -0.940811 -0.314106 0.467332 
1535168202756 0.243724 0.920956 -0.304037 -0.602886 -0.934266 0.30708 0.181241 -0.232555 0.260279 0.239878 0.935261 0.389557 0.249186 -0.27528 0.928508 0.432632 -0.95942 -0.20083 0.197941 -0.48168 0.131983 -0.940153 -0.314153 0.467285 
1535168202781 0.243826 0.92103 -0.303732 -0.602903 -0.934353 0.307012 0.180907 -0.232531 0.25987 0.239683 0.935425 0.38952 0.249146 -0.274381 0.928785 0.432533 -0.958778 -0.205189 0.196575 -0.481489 0.136639 -0.939475 -0.314193 0.467237 
1535168203278 0.243483 0.920789 -0.304734 -0.602841 -0.934057 0.30724 0.182048 -0.232658 0.261254 0.240314 0.934877 0.389618 0.249162 -0.275678 0.928397 0.432704 -0.959697 -0.198961 0.198483 -0.481827 0.129997 -0.940434 -0.31414 0.46724 
1535168203379 0.243518 0.920812 -0.304637 -0.602844 -0.934079 0.307225 0.181961 -0.232633 0.261144 0.240244 0.934926 0.389619 0.248823 -0.275214 0.928625 0.432608 -0.959588 -0.200166 0.197796 -0.481712 0.131443 -0.940314 -0.313898 0.467204 
1535168203385 0.243552 0.920836 -0.30454 -0.602848 -0.934101 0.30721 0.181873 -0.232609 0.261033 0.240175 0.934975 0.38962 0.248481 -0.274752 0.928853 0.43251 -0.959478 -0.201372 0.197109 -0.481593 0.132889 -0.940192 -0.313656 0.467167 
1535168203399 0.243587 0.920858 -0.304443 -0.602851 -0.934123 0.307195 0.181785 -0.232584 0.260922 0.240106 0.935023 0.389622 0.248139 -0.27429 0.929081 0.432412 -0.959365 -0.202577 0.196421 -0.481475 0.134334 -0.940068 -0.313412 0.46713 
1535168203404 0.243621 0.920881 -0.304346 -0.602854 -0.934145 0.30718 0.181697 -0.23256 0.260811 0.240038 0.935072 0.389623 0.247796 -0.273829 0.929309 0.432314 -0.95925 -0.203782 0.195734 -0.481356 0.135779 -0.939942 -0.313167 0.467093 
1535168203419 0.243655 0.920904 -0.304249 -0.602858 -0.934167 0.307164 0.18161 -0.232535 0.260699 0.239969 0.935121 0.389624 0.247453 -0.273368 0.929536 0.432216 -0.959133 -0.204987 0.195047 -0.481238 0.137223 -0.939814 -0.312921 0.467057 
1535168203435 0.243689 0.920927 -0.304151 -0.602861 -0.934189 0.307149 0.181522 -0.23251 0.260588 0.2399 0.935169 0.389625 0.247109 -0.272908 0.929763 0.432118 -0.959014 -0.206193 0.19436 -0.481118 0.138668 -0.939684 -0.312674 0.467019 
1535168203442 0.243725 0.92095 -0.304054 -0.602864 -0.934211 0.307135 0.181434 -0.232486 0.260477 0.239831 0.935218 0.389626 0.246764 -0.272448 0.929989 0.43202 -0.958893 -0.207398 0.193674 -0.481 0.140112 -0.939552 -0.312426 0.466983 
1535168203448 0.243759 0.920973 -0.303957 -0.602867 -0.934233 0.30712 0.181346 -0.232461 0.260366 0.239762 0.935267 0.389628 0.246418 -0.271988 0.930216 0.431922 -0.95877 -0.208603 0.192988 -0.48088 0.141555 -0.939419 -0.312177 0.466946 
1535168203455 0.243793 0.920996 -0.30386 -0.602871 -0.934255 0.307105 0.181258 -0.232437 0.260255 0.239693 0.935315 0.389629 0.246071 -0.271529 0.930441 0.431824 -0.958645 -0.209808 0.192302 -0.480762 0.142998 -0.939283 -0.311927 0.466909 
1535168203811 0.243607 0.920782 -0.304657 -0.602899 -0.934032 0.307335 0.182015 -0.232609 0.261228 0.240219 0.934909 0.389636 0.246508 -0.272001 0.930188 0.431973 -0.958681 -0.20907 0.192924 -0.480801 0.141999 -0.939311 -0.3123 0.46695 
1535168203822 0.243568 0.920792 -0.30466 -0.602901 -0.934026 0.307314 0.182083 -0.23261 0.261287 0.24021 0.934895 0.389646 0.246759 -0.271063 0.930395 0.431838 -0.958446 -0.210085 0.192992 -0.480806 0.143149 -0.939356 -0.31164 0.466874 
1535168203828 0.243529 0.920801 -0.304663 -0.602904 -0.934019 0.307293 0.182151 -0.232612 0.261346 0.240202 0.93488 0.389657 0.247008 -0.270124 0.930602 0.4317 -0.958209 -0.211099 0.19306 -0.48081 0.144299 -0.939399 -0.310978 0.466797 
1535168203842 0.243491 0.92081 -0.304666 -0.602907 -0.934013 0.307272 0.18222 -0.232614 0.261405 0.240193 0.934866 0.389667 0.247255 -0.269184 0.930809 0.431562 -0.957972 -0.212112 0.193129 -0.480813 0.145449 -0.93944 -0.310317 0.46672 
1535168203860 0.243452 0.920819 -0.304669 -0.60291 -0.934006 0.307252 0.182288 -0.232615 0.261464 0.240184 0.934852 0.389678 0.247501 -0.268244 0.931015 0.431424 -0.957733 -0.213126 0.193198 -0.480815 0.146599 -0.93948 -0.309655 0.466642 
1535168203875 0.243414 0.920828 -0.304671 -0.602913 -0.934 0.307231 0.182356 -0.232617 0.261523 0.240175 0.934838 0.389688 0.247746 -0.267304 0.93122 0.431286 -0.957493 -0.214139 0.193268 -0.480819 0.147749 -0.939518 -0.308994 0.466565 
1535168203883 0.243375 0.920838 -0.304674 -0.602916 -0.933993 0.30721 0.182424 -0.232619 0.261582 0.240166 0.934823 0.389699 0.24799 -0.266363 0.931424 0.431148 -0.957251 -0.215151 0.193339 -0.480821 0.148899 -0.939553 -0.308332 0.466488 
1535168203895 0.243336 0.920847 -0.304677 -0.602918 -0.933987 0.307189 0.182493 -0.232621 0.261641 0.240157 0.934809 0.389709 0.248233 -0.265422 0.931628 0.43101 -0.957009 -0.216163 0.19341 -0.480824 0.150049 -0.939587 -0.30767 0.466411 
1535168203912 0.243298 0.920856 -0.30468 -0.602922 -0.93398 0.307168 0.182561 -0.232622 0.2617 0.240149 0.934795 0.389719 0.248475 -0.26448 0.931832 0.430872 -0.956765 -0.217175 0.193482 -0.480825 0.151199 -0.93962 -0.307008 0.466333 
1535168203929 0.243259 0.920866 -0.304683 -0.602924 -0.933974 0.307147 0.182629 -0.232624 0.26176 0.240139 0.934781 0.38973 0.248715 -0.263538 0.932035 0.430734 -0.95652 -0.218187 0.193555 -0.480828 0.152348 -0.93965 -0.306346 0.466256 
1535168204035 0.243777 0.920911 -0.304131 -0.602862 -0.934121 0.30727 0.181669 -0.232537 0.260751 0.239808 0.935148 0.389647 0.2468 -0.270738 0.930479 0.431823 -0.958374 -0.210435 0.192969 -0.480739 0.143561 -0.939371 -0.311403 0.466846 
1535168204050 0.243701 0.92096 -0.304044 -0.602865 -0.934137 0.307184 0.18173 -0.232548 0.260764 0.23973 0.935164 0.389641 0.246972 -0.270697 0.930445 0.431595 -0.958301 -0.210664 0.193077 -0.480717 0.143746 -0.939332 -0.311437 0.466854 
1535168204064 0.243625 0.921009 -0.303956 -0.602868 -0.934154 0.307098 0.181791 -0.23256 0.260776 0.239653 0.935181 0.389636 0.247144 -0.270655 0.930412 0.431366 -0.95823 -0.210892 0.193185 -0.480692 0.14393 -0.939292 -0.31147 0.466862 
1535168204071 0.243549 0.921058 -0.303868 -0.602873 -0.93417 0.307012 0.181852 -0.232573 0.260787 0.239575 0.935197 0.38963 0.247315 -0.270613 0.930378 0.431135 -0.958158 -0.211121 0.193292 -0.480665 0.144115 -0.939253 -0.311503 0.46687 
1535168204086 0.243473 0.921107 -0.303781 -0.602876 -0.934187 0.306925 0.181913 -0.232584 0.260799 0.239497 0.935214 0.389624 0.247486 -0.270571 0.930345 0.430905 -0.958086 -0.211349 0.193399 -0.48064 0.144299 -0.939214 -0.311536 0.466877 
1535168204102 0.243396 0.921156 -0.303693 -0.602881 -0.934203 0.306838 0.181974 -0.232597 0.260811 0.239419 0.935231 0.389618 0.247657 -0.270529 0.930312 0.430675 -0.958014 -0.211577 0.193506 -0.480613 0.144484 -0.939175 -0.311569 0.466885 
1535168204155 0.24332 0.921205 -0.303605 -0.602885 -0.93422 0.306752 0.182035 -0.232609 0.260823 0.239341 0.935247 0.389612 0.247828 -0.270487 0.930278 0.430445 -0.957942 -0.211806 0.193613 -0.480588 0.144668 -0.939135 -0.311602 0.466893 
1535168204171 0.243244 0.921254 -0.303517 -0.602889 -0.934236 0.306665 0.182096 -0.232621 0.260835 0.239263 0.935264 0.389606 0.247999 -0.270445 0.930245 0.430214 -0.95787 -0.212034 0.19372 -0.480561 0.144853 -0.939096 -0.311635 0.4669 
1535168204179 0.243168 0.921303 -0.30343 -0.602893 -0.934253 0.306579 0.182157 -0.232633 0.260847 0.239185 0.93528 0.3896 0.24817 -0.270403 0.930212 0.429985 -0.957797 -0.212262 0.193827 -0.480536 0.145037 -0.939057 -0.311668 0.466908 
1535168204189 0.243091 0.921352 -0.303342 -0.602897 -0.934269 0.306492 0.182218 -0.232645 0.260859 0.239107 0.935297 0.389594 0.248341 -0.270361 0.930178 0.429755 -0.957725 -0.21249 0.193934 -0.48051 0.145222 -0.939017 -0.311701 0.466916 
1535168204434 0.243683 0.920978 -0.304004 -0.602851 -0.934047 0.307246 0.182088 -0.23268 0.261103 0.239582 0.935107 0.389649 0.248021 -0.270458 0.930236 0.430158 -0.957847 -0.212157 0.193699 -0.480517 0.144968 -0.939064 -0.311677 0.466931 
1535168204445 0.243719 0.920964 -0.304016 -0.602854 -0.934131 0.307197 0.181741 -0.232664 0.26077 0.239697 0.935171 0.38965 0.248339 -0.270333 0.930187 0.429939 -0.957795 -0.212032 0.194089 -0.480558 0.14476 -0.939129 -0.31158 0.466917 
1535168204451 0.243755 0.920951 -0.304029 -0.602856 -0.934215 0.307148 0.181393 -0.232647 0.260436 0.239813 0.935234 0.389651 0.248659 -0.270208 0.930138 0.429719 -0.957744 -0.211907 0.19448 -0.480601 0.144553 -0.939193 -0.311483 0.466902 
1535168204462 0.24379 0.920937 -0.304042 -0.602857 -0.934298 0.307098 0.181045 -0.232629 0.260102 0.239929 0.935297 0.389652 0.24898 -0.270083 0.930088 0.429499 -0.957692 -0.211783 0.194871 -0.480646 0.144345 -0.939257 -0.311386 0.466888 
1535168204543 0.243825 0.920923 -0.304054 -0.602858 -0.934382 0.307048 0.180697 -0.232612 0.259767 0.240045 0.935361 0.389654 0.2493 -0.269958 0.930039 0.42928 -0.95764 -0.211658 0.195262 -0.480689 0.144138 -0.939321 -0.311289 0.466874 
1535168204549 0.243861 0.92091 -0.304067 -0.602858 -0.934466 0.306999 0.180349 -0.232594 0.259433 0.24016 0.935424 0.389655 0.249621 -0.269832 0.929989 0.42906 -0.957587 -0.211534 0.195653 -0.480734 0.143931 -0.939385 -0.311191 0.46686 
1535168204573 0.243897 0.920896 -0.30408 -0.602858 -0.934549 0.306949 0.180001 -0.232576 0.259099 0.240276 0.935487 0.389657 0.249942 -0.269707 0.929939 0.42884 -0.957535 -0.211409 0.196044 -0.480779 0.143723 -0.939449 -0.311094 0.466846 
1535168204597 0.243932 0.920883 -0.304093 -0.602859 -0.934633 0.306899 0.179653 -0.232558 0.258765 0.240392 0.935549 0.389658 0.250262 -0.269582 0.929889 0.428621 -0.957482 -0.211285 0.196435 -0.480822 0.143516 -0.939513 -0.310997 0.466832 
1535168204604 0.243968 0.920869 -0.304105 -0.602861 -0.934716 0.306849 0.179305 -0.232541 0.25843 0.240508 0.935612 0.389659 0.250582 -0.269457 0.929839 0.428401 -0.957429 -0.21116 0.196826 -0.480866 0.143309 -0.939577 -0.310899 0.466818 
1535168204723 0.244003 0.920855 -0.304118 -0.60286 -0.934799 0.306799 0.178956 -0.232523 0.258096 0.240623 0.935674 0.389661 0.250903 -0.269332 0.929789 0.428182 -0.957376 -0.211035 0.197217 -0.480911 0.143101 -0.939641 -0.310802 0.466804 
1535168204825 0.244009 0.920845 -0.304144 -0.602844 -0.934533 0.307056 0.179904 -0.232667 0.259053 0.240335 0.935484 0.389725 0.250116 -0.269816 0.929861 0.428838 -0.957508 -0.211366 0.196221 -0.480745 0.143597 -0.939427 -0.311217 0.466844 
1535168204839 0.244009 0.920858 -0.304104 -0.602847 -0.934554 0.307029 0.179841 -0.232654 0.258977 0.240319 0.935509 0.389721 0.250336 -0.269737 0.929825 0.428581 -0.957413 -0.211665 0.196361 -0.480747 0.143845 -0.939383 -0.311237 0.466828 
1535168204851 0.244009 0.920871 -0.304065 -0.602851 -0.934575 0.307002 0.179777 -0.232641 0.2589 0.240304 0.935535 0.389716 0.250555 -0.269658 0.929789 0.42832 -0.957319 -0.211964 0.196499 -0.480746 0.144094 -0.939338 -0.311257 0.466811 
1535168204857 0.244011 0.920884 -0.304024 -0.602854 -0.934596 0.306975 0.179713 -0.232628 0.258823 0.240288 0.93556 0.389712 0.250773 -0.269579 0.929753 0.428059 -0.957224 -0.212262 0.196638 -0.480744 0.144342 -0.939293 -0.311278 0.466795 
1535168204875 0.244011 0.920897 -0.303985 -0.602858 -0.934617 0.306948 0.179649 -0.232615 0.258746 0.240273 0.935585 0.389708 0.250991 -0.269501 0.929717 0.427799 -0.95713 -0.212561 0.196776 -0.480743 0.14459 -0.939248 -0.311298 0.466778 
1535168204882 0.244012 0.92091 -0.303945 -0.602861 -0.934638 0.306921 0.179585 -0.232602 0.258669 0.240258 0.93561 0.389704 0.251209 -0.269422 0.929681 0.427539 -0.957035 -0.212859 0.196914 -0.480742 0.144838 -0.939203 -0.311318 0.466761 
1535168204896 0.244013 0.920923 -0.303905 -0.602864 -0.934659 0.306894 0.179521 -0.232589 0.258592 0.240242 0.935636 0.389699 0.251427 -0.269343 0.929645 0.427278 -0.95694 -0.213157 0.197052 -0.480739 0.145086 -0.939158 -0.311338 0.466744 
1535168204916 0.244014 0.920936 -0.303864 -0.602868 -0.93468 0.306868 0.179457 -0.232576 0.258514 0.240226 0.935661 0.389695 0.251645 -0.269263 0.929608 0.427018 -0.956845 -0.213456 0.19719 -0.480739 0.145334 -0.939113 -0.311359 0.466727 
1535168204932 0.244015 0.920949 -0.303825 -0.602871 -0.934702 0.306841 0.179393 -0.232563 0.258437 0.240211 0.935686 0.389691 0.251863 -0.269184 0.929572 0.426758 -0.95675 -0.213754 0.197328 -0.480736 0.145582 -0.939068 -0.311379 0.46671 
1535168204949 0.244015 0.920962 -0.303785 -0.602875 -0.934723 0.306814 0.179329 -0.23255 0.25836 0.240196 0.935712 0.389686 0.252081 -0.269105 0.929536 0.426497 -0.956655 -0.214052 0.197466 -0.480735 0.14583 -0.939023 -0.311399 0.466694 
1535168205058 0.244139 0.920829 -0.304087 -0.60285 -0.934646 0.307032 0.179356 -0.232588 0.25852 0.240426 0.935608 0.389722 0.251282 -0.269604 0.929608 0.427909 -0.957151 -0.21204 0.197232 -0.480751 0.143939 -0.939336 -0.311334 0.466662 
1535168205072 0.244093 0.920859 -0.304035 -0.602852 -0.934634 0.307 0.179472 -0.232586 0.258607 0.240354 0.935603 0.389704 0.251719 -0.269 0.929665 0.427485 -0.957427 -0.209484 0.198621 -0.480958 0.14132 -0.940083 -0.310279 0.466529 
1535168205079 0.244048 0.920888 -0.303984 -0.602855 -0.934622 0.306969 0.179588 -0.232585 0.258694 0.240282 0.935597 0.389685 0.252158 -0.268397 0.92972 0.427063 -0.957694 -0.206926 0.200009 -0.481169 0.138701 -0.940821 -0.309221 0.466398 
1535168205094 0.244002 0.920917 -0.303933 -0.602857 -0.93461 0.306938 0.179705 -0.232584 0.258782 0.240211 0.935591 0.389667 0.252599 -0.267795 0.929774 0.426641 -0.957954 -0.204366 0.201393 -0.48138 0.136082 -0.941552 -0.308158 0.466266 
1535168205099 0.243956 0.920946 -0.303882 -0.60286 -0.934597 0.306907 0.179821 -0.232583 0.258869 0.240139 0.935585 0.389649 0.253042 -0.267194 0.929826 0.426219 -0.958205 -0.201803 0.202775 -0.481592 0.133462 -0.942275 -0.307092 0.466134 
1535168205114 0.24391 0.920975 -0.303831 -0.602863 -0.934585 0.306876 0.179937 -0.232582 0.258956 0.240067 0.93558 0.389631 0.253486 -0.266594 0.929878 0.425798 -0.958449 -0.199238 0.204154 -0.481804 0.130841 -0.942991 -0.306021 0.466003 
1535168205132 0.243864 0.921004 -0.30378 -0.602866 -0.934573 0.306845 0.180054 -0.232581 0.259043 0.239996 0.935574 0.389612 0.253932 -0.265995 0.929928 0.425375 -0.958686 -0.196671 0.205529 -0.482014 0.12822 -0.943699 -0.304946 0.465871 
1535168205148 0.243818 0.921033 -0.303728 -0.602868 -0.934561 0.306814 0.18017 -0.232579 0.259131 0.239924 0.935568 0.389594 0.254378 -0.265397 0.929976 0.424953 -0.958914 -0.194101 0.206901 -0.482225 0.125599 -0.944399 -0.303868 0.465739 
1535168205165 0.243773 0.921062 -0.303677 -0.602871 -0.934549 0.306783 0.180286 -0.232578 0.259218 0.239852 0.935562 0.389576 0.254827 -0.2648 0.930024 0.424532 -0.959135 -0.191529 0.208271 -0.482437 0.122977 -0.945091 -0.302786 0.465608 
1535168205192 0.243727 0.921091 -0.303626 -0.602874 -0.934536 0.306752 0.180403 -0.232577 0.259305 0.239781 0.935557 0.389557 0.255277 -0.264204 0.93007 0.42411 -0.959348 -0.188955 0.209637 -0.482648 0.120354 -0.945776 -0.301699 0.465476 
1535168205287 0.243904 0.920944 -0.303928 -0.602887 -0.934726 0.30676 0.179403 -0.232532 0.258453 0.240332 0.935651 0.389629 0.252243 -0.268857 0.929564 0.427377 -0.9574 -0.208881 0.199382 -0.480856 0.140563 -0.940258 -0.310092 0.466423 
1535168205298 0.243918 0.920956 -0.303881 -0.602892 -0.93475 0.306739 0.179315 -0.232519 0.258354 0.240315 0.935683 0.389614 0.252566 -0.267795 0.929783 0.426862 -0.957263 -0.20911 0.199803 -0.480923 0.140921 -0.94051 -0.309164 0.466232 
1535168205314 0.243932 0.920968 -0.303833 -0.602897 -0.934773 0.306718 0.179229 -0.232507 0.258255 0.240296 0.935715 0.389598 0.252888 -0.266733 0.930001 0.426344 -0.957125 -0.209339 0.200223 -0.480986 0.14128 -0.940761 -0.308236 0.46604 
1535168205335 0.243946 0.92098 -0.303785 -0.602902 -0.934797 0.306696 0.179142 -0.232494 0.258156 0.240277 0.935747 0.389583 0.253209 -0.265671 0.930217 0.425826 -0.956987 -0.209568 0.200643 -0.481049 0.141639 -0.94101 -0.307308 0.465848 
1535168205352 0.24396 0.920992 -0.303738 -0.602908 -0.934821 0.306674 0.179055 -0.232482 0.258057 0.240258 0.935779 0.389568 0.253529 -0.264609 0.930433 0.425308 -0.956849 -0.209796 0.201062 -0.481112 0.141998 -0.941259 -0.30638 0.465656 
1535168205383 0.243974 0.921005 -0.30369 -0.602913 -0.934845 0.306653 0.178969 -0.232469 0.257959 0.240239 0.935811 0.389553 0.253849 -0.263546 0.930647 0.424791 -0.95671 -0.210023 0.201483 -0.481176 0.142357 -0.941506 -0.305452 0.465464 
1535168205399 0.243987 0.921017 -0.303642 -0.602918 -0.934868 0.306631 0.178882 -0.232456 0.25786 0.240221 0.935843 0.389537 0.254169 -0.262483 0.93086 0.424273 -0.956572 -0.21025 0.201903 -0.481238 0.142717 -0.941752 -0.304523 0.465272 
1535168205416 0.244001 0.921029 -0.303595 -0.602923 -0.934892 0.30661 0.178796 -0.232444 0.257761 0.240202 0.935875 0.389522 0.254488 -0.261419 0.931072 0.423755 -0.956433 -0.210477 0.202324 -0.481302 0.143078 -0.941998 -0.303594 0.46508 
1535168205433 0.244014 0.921041 -0.303547 -0.602928 -0.934916 0.306587 0.178709 -0.232431 0.257662 0.240183 0.935907 0.389507 0.254807 -0.260356 0.931283 0.423238 -0.956294 -0.210703 0.202744 -0.481366 0.143438 -0.942242 -0.302665 0.464888 
1535168205447 0.244028 0.921053 -0.303499 -0.602934 -0.934939 0.306566 0.178623 -0.232419 0.257564 0.240164 0.935939 0.389491 0.255125 -0.259291 0.931493 0.42272 -0.956155 -0.210928 0.203165 -0.481428 0.143799 -0.942485 -0.301736 0.464696 
1535168205863 0.244167 0.920947 -0.303709 -0.602885 -0.934703 0.306924 0.179242 -0.232631 0.258288 0.240112 0.935753 0.389629 0.254491 -0.26013 0.931433 0.423015 -0.956382 -0.21053 0.202511 -0.481558 0.143416 -0.942343 -0.302362 0.464706 
1535168205874 0.244173 0.920931 -0.303752 -0.602884 -0.934674 0.306964 0.179323 -0.232632 0.258385 0.240123 0.935723 0.389637 0.255123 -0.260459 0.931168 0.422812 -0.95619 -0.210957 0.202972 -0.481601 0.143571 -0.942156 -0.302868 0.464791 
1535168205881 0.244179 0.920915 -0.303796 -0.602882 -0.934646 0.307003 0.179406 -0.232632 0.258484 0.240135 0.935693 0.389644 0.255756 -0.260788 0.930902 0.422612 -0.955998 -0.211383 0.203433 -0.481649 0.143724 -0.941969 -0.303376 0.464877 
1535168205894 0.244184 0.920899 -0.303841 -0.602881 -0.934617 0.307042 0.179488 -0.232633 0.258582 0.240147 0.935663 0.389652 0.256389 -0.261118 0.930635 0.422411 -0.955805 -0.21181 0.203893 -0.481696 0.143877 -0.941782 -0.303883 0.464963 
1535168205911 0.24419 0.920883 -0.303885 -0.602879 -0.934589 0.307081 0.17957 -0.232634 0.25868 0.240158 0.935633 0.389659 0.257021 -0.261447 0.930369 0.422209 -0.955613 -0.212236 0.204354 -0.481742 0.14403 -0.941595 -0.304391 0.465048 
1535168205928 0.244196 0.920867 -0.30393 -0.602878 -0.93456 0.30712 0.179652 -0.232635 0.258779 0.24017 0.935602 0.389667 0.257654 -0.261775 0.930101 0.422009 -0.955419 -0.212663 0.204814 -0.48179 0.144183 -0.941408 -0.304899 0.465134 
1535168205934 0.244201 0.920851 -0.303974 -0.602876 -0.934531 0.307159 0.179734 -0.232635 0.258877 0.240182 0.935572 0.389675 0.258286 -0.262104 0.929833 0.421808 -0.955225 -0.21309 0.205273 -0.481836 0.144335 -0.94122 -0.305406 0.46522 
1535168205948 0.244207 0.920834 -0.304019 -0.602875 -0.934503 0.307199 0.179816 -0.232636 0.258975 0.240194 0.935542 0.389682 0.258919 -0.262431 0.929565 0.421607 -0.955031 -0.213517 0.205733 -0.481884 0.144487 -0.941032 -0.305914 0.465306 
1535168205965 0.244212 0.920818 -0.304063 -0.602873 -0.934474 0.307238 0.179898 -0.232637 0.259073 0.240205 0.935512 0.38969 0.259551 -0.262759 0.929296 0.421406 -0.954837 -0.213944 0.206192 -0.481931 0.144638 -0.940843 -0.306421 0.465391 
1535168205982 0.244217 0.920802 -0.304107 -0.602872 -0.934445 0.307277 0.179981 -0.232637 0.259172 0.240217 0.935482 0.389697 0.260184 -0.263086 0.929026 0.421206 -0.954641 -0.214371 0.206651 -0.481979 0.144789 -0.940654 -0.306929 0.465477 
1535168206062 0.244189 0.920979 -0.303594 -0.602891 -0.934801 0.306826 0.178899 -0.232519 0.257912 0.240115 0.935856 0.389622 0.255466 -0.260043 0.93119 0.422667 -0.956064 -0.211201 0.203311 -0.481523 0.143798 -0.942216 -0.302573 0.464819 
1535168206074 0.244166 0.92091 -0.303821 -0.602882 -0.934768 0.306886 0.178971 -0.232517 0.258054 0.240304 0.935768 0.38964 0.256218 -0.259666 0.931089 0.422185 -0.956074 -0.209973 0.204535 -0.481709 0.142393 -0.942595 -0.302058 0.464709 
1535168206090 0.244144 0.920841 -0.30405 -0.602871 -0.934735 0.306945 0.179042 -0.232514 0.258196 0.240494 0.93568 0.389658 0.25697 -0.259289 0.930986 0.421705 -0.95608 -0.208745 0.205759 -0.4819 0.140987 -0.942971 -0.301542 0.464601 
1535168206097 0.244121 0.920771 -0.304278 -0.60286 -0.934702 0.307004 0.179113 -0.232511 0.258337 0.240684 0.935593 0.389676 0.257723 -0.258914 0.930883 0.421224 -0.956084 -0.207515 0.206982 -0.482091 0.139582 -0.943346 -0.301025 0.464492 
1535168206110 0.244098 0.920702 -0.304506 -0.60285 -0.934669 0.307063 0.179185 -0.232508 0.258478 0.240874 0.935505 0.389695 0.258476 -0.258539 0.930778 0.420744 -0.956084 -0.206285 0.208205 -0.482283 0.138176 -0.943718 -0.300505 0.464383 
1535168206127 0.244075 0.920633 -0.304734 -0.602839 -0.934635 0.307122 0.179256 -0.232504 0.258619 0.241063 0.935417 0.389713 0.25923 -0.258165 0.930672 0.420265 -0.956082 -0.205054 0.209426 -0.482475 0.136771 -0.944089 -0.299983 0.464275 
1535168206144 0.244052 0.920563 -0.304962 -0.602829 -0.934602 0.307181 0.179327 -0.232502 0.258761 0.241253 0.935329 0.389731 0.259983 -0.257793 0.930565 0.419784 -0.956078 -0.203822 0.210647 -0.482665 0.135366 -0.944457 -0.29946 0.464166 
1535168206150 0.244029 0.920494 -0.30519 -0.602818 -0.934569 0.30724 0.179399 -0.232498 0.258902 0.241443 0.935241 0.389749 0.260738 -0.257421 0.930457 0.419305 -0.95607 -0.202589 0.211867 -0.482857 0.133961 -0.944824 -0.298935 0.464057 
1535168206227 0.244006 0.920424 -0.305419 -0.602807 -0.934536 0.3073 0.17947 -0.232496 0.259043 0.241633 0.935152 0.389767 0.261492 -0.25705 0.930348 0.418824 -0.95606 -0.201355 0.213085 -0.483048 0.132557 -0.945189 -0.298408 0.463948 
1535168206239 0.243983 0.920354 -0.305647 -0.602797 -0.934503 0.307359 0.179541 -0.232493 0.259185 0.241823 0.935064 0.389786 0.262246 -0.25668 0.930238 0.418344 -0.956047 -0.20012 0.214303 -0.483238 0.131152 -0.945551 -0.297879 0.46384 
1535168206682 0.243969 0.920659 -0.304739 -0.602897 -0.934697 0.306991 0.179161 -0.232453 0.258498 0.241129 0.935433 0.389564 0.262013 -0.257332 0.930123 0.41872 -0.955974 -0.201179 0.213636 -0.483014 0.132145 -0.945149 -0.298714 0.463838 
1535168206696 0.244001 0.92068 -0.304651 -0.602902 -0.934713 0.306982 0.179094 -0.232445 0.25841 0.241062 0.935475 0.389551 0.26223 -0.257454 0.930028 0.418558 -0.955673 -0.202992 0.213268 -0.48295 0.133881 -0.944728 -0.299272 0.463931 
1535168206797 0.244032 0.920701 -0.304561 -0.602908 -0.934729 0.306971 0.179028 -0.232438 0.258322 0.240993 0.935517 0.389539 0.262447 -0.257575 0.929934 0.418393 -0.955369 -0.204804 0.212898 -0.482882 0.135617 -0.944304 -0.299829 0.464024 
1535168206818 0.244064 0.920723 -0.304471 -0.602913 -0.934745 0.306961 0.178962 -0.23243 0.258235 0.240925 0.935559 0.389526 0.262664 -0.257695 0.929839 0.418228 -0.955062 -0.206615 0.212527 -0.482814 0.137351 -0.943877 -0.300384 0.464116 
1535168206825 0.244095 0.920744 -0.304381 -0.602919 -0.934761 0.30695 0.178896 -0.232422 0.258147 0.240856 0.935601 0.389514 0.262881 -0.257814 0.929745 0.418063 -0.954751 -0.208425 0.212156 -0.482745 0.139085 -0.943446 -0.300939 0.464209 
1535168206841 0.244127 0.920765 -0.304292 -0.602924 -0.934777 0.306941 0.178829 -0.232415 0.258059 0.240788 0.935642 0.389501 0.263098 -0.257934 0.92965 0.417899 -0.954437 -0.210235 0.211783 -0.482678 0.140819 -0.943012 -0.301494 0.464302 
1535168206861 0.244158 0.920787 -0.304202 -0.60293 -0.934793 0.30693 0.178764 -0.232407 0.257972 0.240719 0.935684 0.389489 0.263316 -0.258052 0.929556 0.417734 -0.954119 -0.212044 0.211409 -0.482609 0.142552 -0.942574 -0.302047 0.464394 
1535168206874 0.244189 0.920808 -0.304112 -0.602935 -0.934809 0.30692 0.178697 -0.2324 0.257884 0.240651 0.935726 0.389476 0.263534 -0.258171 0.929461 0.41757 -0.953799 -0.213852 0.211034 -0.482542 0.144284 -0.942133 -0.3026 0.464486 
1535168206881 0.244221 0.920829 -0.304023 -0.60294 -0.934825 0.30691 0.178631 -0.232392 0.257796 0.240583 0.935768 0.389463 0.263752 -0.258289 0.929366 0.417406 -0.953475 -0.215659 0.210658 -0.482474 0.146015 -0.941689 -0.303152 0.464579 
1535168206894 0.244252 0.920851 -0.303933 -0.602946 -0.934841 0.306899 0.178565 -0.232384 0.257709 0.240514 0.93581 0.389451 0.26397 -0.258406 0.929272 0.417241 -0.953148 -0.217465 0.210281 -0.482405 0.147746 -0.941241 -0.303704 0.464671 
1535168207013 0.243947 0.920657 -0.304762 -0.602903 -0.934715 0.306963 0.179115 -0.232479 0.258454 0.241171 0.935434 0.389467 0.262675 -0.257655 0.929847 0.41836 -0.955126 -0.206142 0.212696 -0.482808 0.136879 -0.943991 -0.300241 0.464032 
1535168207024 0.243979 0.920685 -0.304652 -0.602907 -0.934729 0.306951 0.179061 -0.232475 0.258372 0.24108 0.935481 0.389456 0.2632 -0.257997 0.929604 0.418002 -0.954781 -0.207764 0.212667 -0.482809 0.138271 -0.943542 -0.301014 0.464167 
1535168207038 0.244011 0.920713 -0.304541 -0.602911 -0.934743 0.306939 0.179008 -0.232471 0.258291 0.240988 0.935527 0.389446 0.263725 -0.258338 0.92936 0.41764 -0.954434 -0.209385 0.212637 -0.48281 0.139661 -0.94309 -0.301787 0.464301 
1535168207044 0.244043 0.920742 -0.30443 -0.602916 -0.934757 0.306927 0.178956 -0.232468 0.25821 0.240896 0.935573 0.389435 0.264252 -0.258678 0.929116 0.417277 -0.954084 -0.211005 0.212607 -0.482809 0.141051 -0.942636 -0.302559 0.464435 
1535168207061 0.244075 0.920769 -0.30432 -0.602921 -0.934771 0.306915 0.178902 -0.232464 0.258128 0.240804 0.935619 0.389424 0.264779 -0.259017 0.928872 0.416917 -0.953731 -0.212624 0.212574 -0.48281 0.14244 -0.942179 -0.303331 0.46457 
1535168207078 0.244107 0.920798 -0.304209 -0.602926 -0.934785 0.306903 0.17885 -0.232461 0.258047 0.240712 0.935665 0.389413 0.265306 -0.259355 0.928627 0.416554 -0.953376 -0.214244 0.212541 -0.482809 0.143829 -0.941719 -0.304103 0.464704 
1535168207095 0.24414 0.920826 -0.304099 -0.602931 -0.934799 0.306891 0.178797 -0.232457 0.257966 0.24062 0.935711 0.389402 0.265833 -0.259691 0.928382 0.416192 -0.953019 -0.215862 0.212505 -0.482809 0.145217 -0.941257 -0.304874 0.464838 
