1531950359802 0.275657 0.633204 -0.723233 -0.604483 -0.8825 0.464965 0.0707247 -0.181741 0.381061 0.618757 0.686973 0.426588 0.16008 -0.304787 0.938871 0.370831 -0.775623 0.549475 0.310623 -0.528794 -0.61056 -0.777934 -0.14844 0.432481 
1531950359822 -0.133217 0.82381 -0.55099 -0.594998 -0.986334 -0.055821 0.155012 -0.245492 0.0969437 0.564111 0.819988 0.416605 0.316302 -0.384298 0.867334 0.400736 -0.930107 -0.305552 0.203811 -0.506293 0.186691 -0.871179 -0.454085 0.485862 
1531950359836 -0.0796144 0.79863 -0.596533 -0.596083 -0.993695 -0.0161904 0.110945 -0.242541 0.0789458 0.601604 0.794883 0.42177 0.31624 -0.384859 0.867108 0.400837 -0.929998 -0.306261 0.203245 -0.504429 0.18734 -0.870682 -0.45477 0.485878 
1531950359846 -0.0239348 0.768988 -0.638815 -0.595729 -0.997712 0.0220434 0.063917 -0.236422 0.063233 0.638883 0.7667 0.428889 0.316222 -0.38486 0.867114 0.400794 -0.930002 -0.306263 0.203224 -0.504314 0.187352 -0.870681 -0.454767 0.485866 
1531950359858 0.0325778 0.735385 -0.676866 -0.595215 -0.99821 0.0579173 0.0148804 -0.230193 0.0501451 0.67517 0.735956 0.436092 0.316221 -0.38486 0.867115 0.40079 -0.930002 -0.306263 0.203223 -0.504306 0.187353 -0.870682 -0.454767 0.485865 
1531950359866 0.0895738 0.698035 -0.710439 -0.59469 -0.995186 0.0912111 -0.0358567 -0.223959 0.0397707 0.710231 0.702845 0.443299 0.31622 -0.38486 0.867114 0.40079 -0.930002 -0.306263 0.203223 -0.504305 0.187353 -0.870681 -0.454767 0.485865 
1531950359876 0.146713 0.65716 -0.739335 -0.594165 -0.988656 0.121727 -0.0879907 -0.217727 0.0321731 0.743857 0.667564 0.450501 0.31622 -0.38486 0.867114 0.400791 -0.930002 -0.306263 0.203223 -0.504305 0.187352 -0.870681 -0.454767 0.485865 
1531950359896 0.203573 0.613019 -0.763391 -0.593638 -0.978675 0.149285 -0.141103 -0.211606 0.0274633 0.775836 0.630337 0.45764 0.31622 -0.384861 0.867114 0.400792 -0.930002 -0.306263 0.203223 -0.504304 0.187352 -0.870681 -0.454768 0.485866 
1531950359906 0.259464 0.565987 -0.782519 -0.593086 -0.965405 0.173741 -0.19444 -0.206088 0.0259049 0.805899 0.591487 0.464457 0.31622 -0.384861 0.867114 0.400792 -0.930002 -0.306263 0.203222 -0.504304 0.187352 -0.870681 -0.454768 0.485866 
1531950359917 0.314071 0.516577 -0.79656 -0.592617 -0.949006 0.19496 -0.247745 -0.20148 0.027318 0.83375 0.551467 0.470594 0.316221 -0.38486 0.867115 0.40079 -0.930002 -0.306263 0.203223 -0.504305 0.187353 -0.870681 -0.454767 0.485865 
1531950360196 0.314071 0.516577 -0.79656 -0.592617 -0.949006 0.19496 -0.247745 -0.20148 0.027318 0.83375 0.551467 0.470594 0.316221 -0.38486 0.867115 0.40079 -0.930002 -0.306263 0.203223 -0.504305 0.187353 -0.870681 -0.454767 0.485865 
1531950360209 0.368325 0.464599 -0.805285 -0.592653 -0.929176 0.212968 -0.302121 -0.19543 0.0311351 0.85953 0.510136 0.476832 0.31622 -0.384862 0.867114 0.400795 -0.930002 -0.306262 0.203222 -0.504304 0.187352 -0.870681 -0.454768 0.485867 
1531950360226 0.368984 0.464221 -0.805201 -0.592424 -0.928925 0.212894 -0.302941 -0.194266 0.030791 0.859753 0.509782 0.477838 0.31622 -0.384862 0.867114 0.400795 -0.930002 -0.306262 0.203222 -0.504304 0.187352 -0.87068 -0.454769 0.485867 
1531950360236 0.369292 0.464062 -0.805152 -0.592283 -0.928809 0.212838 -0.303337 -0.193791 0.0306 0.859853 0.509624 0.478247 0.31622 -0.384862 0.867114 0.400795 -0.930002 -0.306262 0.203222 -0.504304 0.187352 -0.87068 -0.454769 0.485867 
1531950360246 0.369494 0.463927 -0.805137 -0.592186 -0.928733 0.212792 -0.303602 -0.19348 0.0304768 0.859937 0.50949 0.478557 0.31622 -0.384862 0.867114 0.400795 -0.930002 -0.306262 0.203222 -0.504304 0.187352 -0.87068 -0.454769 0.485867 
1531950360256 0.369625 0.463824 -0.805136 -0.592125 -0.928684 0.212756 -0.303779 -0.193275 0.0303979 0.860001 0.509386 0.478781 0.31622 -0.384862 0.867114 0.400795 -0.930002 -0.306262 0.203222 -0.504304 0.187352 -0.87068 -0.454769 0.485867 
1531950360277 0.369709 0.46375 -0.805141 -0.592089 -0.928652 0.212731 -0.303894 -0.193141 0.0303479 0.860048 0.509311 0.478935 0.31622 -0.384862 0.867114 0.400795 -0.930002 -0.306262 0.203222 -0.504304 0.187352 -0.87068 -0.454769 0.485867 
1531950360287 0.369761 0.4637 -0.805145 -0.592068 -0.928632 0.212715 -0.303966 -0.193057 0.0303171 0.860078 0.509261 0.479034 0.31622 -0.384862 0.867114 0.400795 -0.930002 -0.306262 0.203222 -0.504304 0.187352 -0.87068 -0.454769 0.485867 
1531950360297 0.369791 0.463672 -0.805148 -0.592057 -0.928621 0.212705 -0.304006 -0.19301 0.0302996 0.860096 0.509231 0.479091 0.31622 -0.384862 0.867114 0.400795 -0.930002 -0.306262 0.203222 -0.504304 0.187352 -0.87068 -0.454769 0.485867 
1531950360317 0.3698 0.463663 -0.805149 -0.59205 -0.928617 0.212698 -0.304021 -0.192997 0.0302906 0.860103 0.509221 0.479112 0.31622 -0.384862 0.867114 0.400795 -0.930002 -0.306262 0.203222 -0.504304 0.187352 -0.87068 -0.454769 0.485867 
1531950360636 0.3698 0.463663 -0.805149 -0.59205 -0.928617 0.212698 -0.304021 -0.192997 0.0302906 0.860103 0.509221 0.479112 0.31622 -0.384862 0.867114 0.400795 -0.930002 -0.306262 0.203222 -0.504304 0.187352 -0.87068 -0.454769 0.485867 
1531950360646 0.369842 0.463619 -0.805154 -0.592047 -0.928601 0.212689 -0.304077 -0.192923 0.0302715 0.860128 0.509179 0.479189 0.31622 -0.384862 0.867114 0.400795 -0.930002 -0.306262 0.203222 -0.504304 0.187352 -0.87068 -0.454769 0.485867 
1531950360656 0.369867 0.463592 -0.805159 -0.592039 -0.928592 0.21268 -0.304113 -0.192881 0.030257 0.860145 0.509151 0.47924 0.31622 -0.384862 0.867114 0.400795 -0.930002 -0.306262 0.203222 -0.504304 0.187352 -0.87068 -0.454769 0.485867 
1531950360666 0.369884 0.463574 -0.805162 -0.592033 -0.928585 0.212674 -0.304136 -0.192852 0.0302473 0.860157 0.509132 0.479276 0.31622 -0.384862 0.867114 0.400795 -0.930002 -0.306262 0.203222 -0.504304 0.187352 -0.87068 -0.454769 0.485867 
1531950360676 0.369896 0.463561 -0.805164 -0.59203 -0.928581 0.21267 -0.304153 -0.192833 0.0302407 0.860165 0.509119 0.479301 0.31622 -0.384862 0.867114 0.400795 -0.930002 -0.306262 0.203222 -0.504304 0.187352 -0.87068 -0.454769 0.485867 
1531950360686 0.369903 0.463552 -0.805165 -0.592027 -0.928578 0.212667 -0.304164 -0.19282 0.0302363 0.86017 0.50911 0.479317 0.31622 -0.384862 0.867114 0.400795 -0.930002 -0.306262 0.203222 -0.504304 0.187352 -0.87068 -0.454769 0.485867 
1531950360696 0.369908 0.463546 -0.805166 -0.592026 -0.928576 0.212665 -0.304171 -0.192811 0.0302333 0.860174 0.509104 0.479328 0.31622 -0.384862 0.867114 0.400795 -0.930002 -0.306262 0.203222 -0.504304 0.187352 -0.87068 -0.454769 0.485867 
1531950360706 0.369912 0.463542 -0.805167 -0.592025 -0.928575 0.212663 -0.304176 -0.192805 0.0302314 0.860176 0.5091 0.479335 0.31622 -0.384862 0.867114 0.400795 -0.930002 -0.306262 0.203222 -0.504304 0.187352 -0.87068 -0.454769 0.485867 
1531950360716 0.369914 0.46354 -0.805168 -0.592024 -0.928574 0.212663 -0.304178 -0.192802 0.0302303 0.860178 0.509098 0.47934 0.31622 -0.384862 0.867114 0.400795 -0.930002 -0.306262 0.203222 -0.504304 0.187352 -0.87068 -0.454769 0.485867 
1531950360726 0.369914 0.463539 -0.805168 -0.592024 -0.928574 0.212662 -0.30418 -0.192801 0.0302298 0.860178 0.509097 0.479341 0.31622 -0.384862 0.867114 0.400795 -0.930002 -0.306262 0.203222 -0.504304 0.187352 -0.87068 -0.454769 0.485867 
1531950361331 0.369914 0.463539 -0.805168 -0.592024 -0.928574 0.212662 -0.30418 -0.192801 0.0302298 0.860178 0.509097 0.479341 0.31622 -0.384862 0.867114 0.400795 -0.930002 -0.306262 0.203222 -0.504304 0.187352 -0.87068 -0.454769 0.485867 
1531950361341 0.353189 0.484599 -0.800264 -0.591534 -0.93539 0.19886 -0.292406 -0.195199 0.0174408 0.851833 0.523524 0.477076 0.31622 -0.384862 0.867114 0.400795 -0.930002 -0.306262 0.203222 -0.504304 0.187352 -0.87068 -0.454769 0.485867 
1531950361351 0.336077 0.505235 -0.794852 -0.591041 -0.941822 0.184725 -0.2808 -0.197614 0.00495887 0.842979 0.537923 0.474798 0.31622 -0.384862 0.867114 0.400795 -0.930002 -0.306262 0.203222 -0.504304 0.187352 -0.87068 -0.454769 0.485867 
1531950361361 0.318601 0.525424 -0.788938 -0.590547 -0.947862 0.170267 -0.269384 -0.200028 -0.00721084 0.83363 0.552276 0.47252 0.31622 -0.384862 0.867114 0.400795 -0.930002 -0.306262 0.203222 -0.504304 0.187352 -0.87068 -0.454769 0.485867 
1531950361371 0.300774 0.545149 -0.782526 -0.590053 -0.953505 0.155496 -0.258166 -0.202443 -0.0190589 0.823792 0.566571 0.470242 0.31622 -0.384862 0.867114 0.400795 -0.930002 -0.306262 0.203222 -0.504304 0.187352 -0.87068 -0.454769 0.485867 
1531950361381 0.282612 0.564395 -0.775621 -0.589559 -0.958747 0.140425 -0.247154 -0.204858 -0.0305761 0.813473 0.580798 0.467963 0.31622 -0.384862 0.867114 0.400795 -0.930002 -0.306262 0.203222 -0.504304 0.187352 -0.87068 -0.454769 0.485867 
1531950361391 0.264128 0.583147 -0.768229 -0.589065 -0.963583 0.125065 -0.236359 -0.207273 -0.0417534 0.802682 0.594944 0.465685 0.31622 -0.384862 0.867114 0.400795 -0.930002 -0.306262 0.203222 -0.504304 0.187352 -0.87068 -0.454769 0.485867 
1531950361402 0.245336 0.601391 -0.760355 -0.588571 -0.968011 0.109429 -0.225787 -0.209688 -0.052582 0.791426 0.609 0.463407 0.31622 -0.384862 0.867114 0.400795 -0.930002 -0.306262 0.203222 -0.504304 0.187352 -0.87068 -0.454769 0.485867 
1531950361421 0.226253 0.61911 -0.752006 -0.588069 -0.972026 0.0935273 -0.21545 -0.212098 -0.0630543 0.779715 0.622951 0.461137 0.31622 -0.384862 0.867114 0.400795 -0.930002 -0.306262 0.203222 -0.504304 0.187352 -0.87068 -0.454769 0.485867 
1531950361431 0.20697 0.63622 -0.743227 -0.587501 -0.975606 0.0773862 -0.205438 -0.214351 -0.073188 0.767617 0.636717 0.459077 0.31622 -0.384862 0.867114 0.400795 -0.930002 -0.306262 0.203222 -0.504304 0.187352 -0.87068 -0.454769 0.485867 
1531950361926 0.20697 0.63622 -0.743227 -0.587501 -0.975606 0.0773862 -0.205438 -0.214351 -0.073188 0.767617 0.636717 0.459077 0.31622 -0.384862 0.867114 0.400795 -0.930002 -0.306262 0.203222 -0.504304 0.187352 -0.87068 -0.454769 0.485867 
1531950361936 0.169524 0.66751 -0.725046 -0.58719 -0.981265 0.0459847 -0.187095 -0.218907 -0.0915469 0.74318 0.662799 0.454553 0.31622 -0.384862 0.867114 0.400795 -0.930002 -0.306262 0.203222 -0.504304 0.187352 -0.87068 -0.454769 0.485867 
1531950361946 0.151427 0.681754 -0.715738 -0.587447 -0.983416 0.0307861 -0.178735 -0.221205 -0.0998182 0.730933 0.67511 0.452096 0.31622 -0.384862 0.867114 0.400795 -0.930002 -0.306262 0.203222 -0.504304 0.187352 -0.87068 -0.454769 0.485867 
1531950361956 0.133228 0.695454 -0.706112 -0.587639 -0.985205 0.0154388 -0.170681 -0.223348 -0.107799 0.718405 0.687222 0.449846 0.31622 -0.384862 0.867114 0.400795 -0.930002 -0.306262 0.203222 -0.504304 0.187352 -0.87068 -0.454769 0.485867 
1531950361966 0.11486 0.708664 -0.696134 -0.587823 -0.98665 -6.20672e-05 -0.162857 -0.225486 -0.115454 0.705546 0.699196 0.447603 0.31622 -0.384862 0.867114 0.400795 -0.930002 -0.306262 0.203222 -0.504304 0.187352 -0.87068 -0.454769 0.485867 
1531950361976 0.096333 0.721377 -0.68581 -0.588007 -0.987748 -0.0157064 -0.155266 -0.227624 -0.122777 0.692364 0.711026 0.445361 0.31622 -0.384862 0.867114 0.400795 -0.930002 -0.306262 0.203222 -0.504304 0.187352 -0.87068 -0.454769 0.485867 
1531950361986 0.0776595 0.733585 -0.675146 -0.58819 -0.988499 -0.0314843 -0.147913 -0.229762 -0.129763 0.678868 0.722703 0.443119 0.31622 -0.384862 0.867114 0.400795 -0.930002 -0.306262 0.203222 -0.504304 0.187352 -0.87068 -0.454769 0.485867 
1531950361996 0.0588513 0.745279 -0.66415 -0.588373 -0.988903 -0.0473856 -0.140802 -0.231899 -0.136408 0.665066 0.73422 0.440877 0.31622 -0.384862 0.867114 0.400795 -0.930002 -0.306262 0.203222 -0.504304 0.187352 -0.87068 -0.454769 0.485867 
1531950362006 0.0399216 0.756452 -0.652829 -0.588545 -0.988959 -0.0634 -0.13394 -0.234034 -0.142709 0.650969 0.74557 0.438643 0.31622 -0.384862 0.867114 0.400795 -0.930002 -0.306262 0.203222 -0.504304 0.187352 -0.87068 -0.454769 0.485867 
1531950362016 0.0209413 0.767056 -0.641239 -0.588592 -0.988662 -0.0795005 -0.127386 -0.236051 -0.148691 0.636636 0.756694 0.436592 0.31622 -0.384862 0.867114 0.400795 -0.930002 -0.306262 0.203222 -0.504304 0.187352 -0.87068 -0.454769 0.485867 
1531950362356 0.0209413 0.767056 -0.641239 -0.588592 -0.988662 -0.0795005 -0.127386 -0.236051 -0.148691 0.636636 0.756694 0.436592 0.31622 -0.384862 0.867114 0.400795 -0.930002 -0.306262 0.203222 -0.504304 0.187352 -0.87068 -0.454769 0.485867 
1531950362370 -0.0146481 0.785507 -0.618679 -0.589424 -0.987181 -0.10971 -0.115921 -0.239924 -0.158932 0.60905 0.777045 0.432357 0.31622 -0.384862 0.867114 0.400795 -0.930002 -0.306262 0.203222 -0.504304 0.187352 -0.87068 -0.454769 0.485867 
1531950362390 -0.0312154 0.793476 -0.607801 -0.590212 -0.986088 -0.12378 -0.11095 -0.241775 -0.163269 0.595881 0.786301 0.430177 0.31622 -0.384862 0.867114 0.400795 -0.930002 -0.306262 0.203222 -0.504304 0.187352 -0.87068 -0.454769 0.485867 
1531950362400 -0.0477732 0.800998 -0.596758 -0.590874 -0.984735 -0.137878 -0.106234 -0.24351 -0.167373 0.582574 0.795358 0.428179 0.31622 -0.384862 0.867114 0.400795 -0.930002 -0.306262 0.203222 -0.504304 0.187352 -0.87068 -0.454769 0.485867 
1531950362410 -0.0643719 0.808106 -0.58551 -0.591525 -0.98313 -0.152015 -0.101721 -0.245242 -0.171208 0.569084 0.804258 0.426188 0.31622 -0.384862 0.867114 0.400795 -0.930002 -0.306262 0.203222 -0.504304 0.187352 -0.87068 -0.454769 0.485867 
1531950362420 -0.0810049 0.814798 -0.574058 -0.592176 -0.981272 -0.166185 -0.0974102 -0.246974 -0.174769 0.555417 0.812999 0.424197 0.31622 -0.384862 0.867114 0.400795 -0.930002 -0.306262 0.203222 -0.504304 0.187352 -0.87068 -0.454769 0.485867 
1531950362430 -0.0976643 0.82107 -0.56241 -0.592826 -0.979162 -0.18038 -0.0933044 -0.248706 -0.178057 0.541578 0.821577 0.422206 0.31622 -0.384862 0.867114 0.400795 -0.930002 -0.306262 0.203222 -0.504304 0.187352 -0.87068 -0.454769 0.485867 
1531950362440 -0.114342 0.826921 -0.55057 -0.593476 -0.976801 -0.194594 -0.0894055 -0.250438 -0.181069 0.527575 0.829987 0.420216 0.31622 -0.384862 0.867114 0.400795 -0.930002 -0.306262 0.203222 -0.504304 0.187352 -0.87068 -0.454769 0.485867 
1531950362460 -0.13103 0.832346 -0.538546 -0.594113 -0.974191 -0.208819 -0.0857163 -0.252166 -0.183804 0.513415 0.838225 0.418232 0.31622 -0.384862 0.867114 0.400795 -0.930002 -0.306262 0.203222 -0.504304 0.187352 -0.87068 -0.454769 0.485867 
1531950362470 -0.147677 0.83732 -0.526391 -0.594593 -0.971332 -0.223035 -0.082273 -0.253804 -0.186292 0.49915 0.846253 0.416398 0.31622 -0.384862 0.867114 0.400795 -0.930002 -0.306262 0.203222 -0.504304 0.187352 -0.87068 -0.454769 0.485867 
1531950362806 -0.147677 0.83732 -0.526391 -0.594593 -0.971332 -0.223035 -0.082273 -0.253804 -0.186292 0.49915 0.846253 0.416398 0.31622 -0.384862 0.867114 0.400795 -0.930002 -0.306262 0.203222 -0.504304 0.187352 -0.87068 -0.454769 0.485867 
1531950362820 -0.178266 0.845432 -0.503454 -0.596125 -0.965433 -0.249158 -0.0765544 -0.256866 -0.190161 0.472404 0.860624 0.412748 0.31622 -0.384862 0.867114 0.400795 -0.930002 -0.306262 0.203222 -0.504304 0.187352 -0.87068 -0.454769 0.485867 
1531950362830 -0.192199 0.848689 -0.492733 -0.597181 -0.962466 -0.261055 -0.0742182 -0.258287 -0.191619 0.459974 0.86701 0.410934 0.31622 -0.384862 0.867114 0.400795 -0.930002 -0.306262 0.203222 -0.504304 0.187352 -0.87068 -0.454769 0.485867 
1531950362840 -0.206072 0.85162 -0.481951 -0.598079 -0.959333 -0.272922 -0.0720705 -0.259619 -0.192912 0.4475 0.873229 0.409269 0.31622 -0.384862 0.867114 0.400795 -0.930002 -0.306262 0.203222 -0.504304 0.187352 -0.87068 -0.454769 0.485867 
1531950362850 -0.219923 0.854244 -0.471064 -0.598964 -0.956031 -0.284771 -0.0700758 -0.260947 -0.194007 0.434941 0.879311 0.407611 0.31622 -0.384862 0.867114 0.400795 -0.930002 -0.306262 0.203222 -0.504304 0.187352 -0.87068 -0.454769 0.485867 
1531950362860 -0.233747 0.856559 -0.460075 -0.599848 -0.952562 -0.296596 -0.0682346 -0.262275 -0.194903 0.4223 0.885254 0.405953 0.31622 -0.384862 0.867114 0.400795 -0.930002 -0.306262 0.203222 -0.504304 0.187352 -0.87068 -0.454769 0.485867 
1531950362870 -0.24754 0.858566 -0.448986 -0.600732 -0.948928 -0.308394 -0.0665474 -0.263603 -0.1956 0.409582 0.891057 0.404295 0.31622 -0.384862 0.867114 0.400795 -0.930002 -0.306262 0.203222 -0.504304 0.187352 -0.87068 -0.454769 0.485867 
1531950362880 -0.261298 0.860264 -0.437801 -0.601615 -0.945129 -0.320162 -0.0650143 -0.264931 -0.196097 0.39679 0.896718 0.402638 0.31622 -0.384862 0.867114 0.400795 -0.930002 -0.306262 0.203222 -0.504304 0.187352 -0.87068 -0.454769 0.485867 
1531950362890 -0.275015 0.861651 -0.426526 -0.602484 -0.941167 -0.331895 -0.0636377 -0.266255 -0.196395 0.383931 0.902234 0.400985 0.31622 -0.384862 0.867114 0.400795 -0.930002 -0.306262 0.203222 -0.504304 0.187352 -0.87068 -0.454769 0.485867 
1531950362900 -0.288656 0.862716 -0.415209 -0.603185 -0.937047 -0.343576 -0.062438 -0.267504 -0.196522 0.371047 0.907581 0.399453 0.31622 -0.384862 0.867114 0.400795 -0.930002 -0.306262 0.203222 -0.504304 0.187352 -0.87068 -0.454769 0.485867 
1531950363060 -0.288656 0.862716 -0.415209 -0.603185 -0.937047 -0.343576 -0.062438 -0.267504 -0.196522 0.371047 0.907581 0.399453 0.31622 -0.384862 0.867114 0.400795 -0.930002 -0.306262 0.203222 -0.504304 0.187352 -0.87068 -0.454769 0.485867 
1531950363070 -0.297808 0.862547 -0.409051 -0.603927 -0.934446 -0.351033 -0.0598882 -0.268952 -0.195247 0.364401 0.910544 0.398133 0.31622 -0.384862 0.867114 0.400795 -0.930002 -0.306262 0.203222 -0.504304 0.187352 -0.87068 -0.454769 0.485867 
1531950363080 -0.293368 0.86157 -0.414286 -0.603972 -0.936106 -0.346833 -0.058408 -0.26915 -0.194011 0.370681 0.908271 0.398347 0.31622 -0.384862 0.867114 0.400795 -0.930002 -0.306262 0.203222 -0.504304 0.187352 -0.87068 -0.454769 0.485867 
1531950363100 -0.288899 0.860528 -0.419558 -0.603847 -0.937751 -0.342604 -0.0569754 -0.269273 -0.192771 0.37698 0.905939 0.398681 0.31622 -0.384862 0.867114 0.400795 -0.930002 -0.306262 0.203222 -0.504304 0.187352 -0.87068 -0.454769 0.485867 
1531950363111 -0.284432 0.859433 -0.424822 -0.603709 -0.939375 -0.338358 -0.0555698 -0.269392 -0.1915 0.383261 0.90357 0.399019 0.31622 -0.384862 0.867114 0.400795 -0.930002 -0.306262 0.203222 -0.504304 0.187352 -0.87068 -0.454769 0.485867 
1531950363120 -0.279967 0.858285 -0.430077 -0.60357 -0.94098 -0.334096 -0.0541902 -0.269511 -0.190197 0.389522 0.901165 0.399359 0.31622 -0.384862 0.867114 0.400795 -0.930002 -0.306262 0.203222 -0.504304 0.187352 -0.87068 -0.454769 0.485867 
1531950363130 -0.275505 0.857084 -0.435321 -0.60343 -0.942564 -0.329819 -0.0528374 -0.269631 -0.188863 0.395761 0.898723 0.399698 0.31622 -0.384862 0.867114 0.400795 -0.930002 -0.306262 0.203222 -0.504304 0.187352 -0.87068 -0.454769 0.485867 
1531950363140 -0.271045 0.85583 -0.440556 -0.603291 -0.944129 -0.325526 -0.0515107 -0.26975 -0.187497 0.40198 0.896246 0.400037 0.31622 -0.384862 0.867114 0.400795 -0.930002 -0.306262 0.203222 -0.504304 0.187352 -0.87068 -0.454769 0.485867 
1531950363150 -0.266588 0.854524 -0.445779 -0.603155 -0.945674 -0.321217 -0.0502098 -0.26987 -0.186097 0.408176 0.893734 0.400375 0.31622 -0.384862 0.867114 0.400795 -0.930002 -0.306262 0.203222 -0.504304 0.187352 -0.87068 -0.454769 0.485867 
1531950363160 -0.262141 0.853172 -0.450977 -0.603063 -0.947197 -0.316897 -0.0489339 -0.270001 -0.184662 0.414336 0.891193 0.400675 0.31622 -0.384862 0.867114 0.400795 -0.930002 -0.306262 0.203222 -0.504304 0.187352 -0.87068 -0.454769 0.485867 
1531950363681 -0.262141 0.853172 -0.450977 -0.603063 -0.947197 -0.316897 -0.0489339 -0.270001 -0.184662 0.414336 0.891193 0.400675 0.31622 -0.384862 0.867114 0.400795 -0.930002 -0.306262 0.203222 -0.504304 0.187352 -0.87068 -0.454769 0.485867 
1531950363691 -0.249806 0.849739 -0.464263 -0.602655 -0.951141 -0.305188 -0.0468026 -0.269899 -0.181457 0.429888 0.88446 0.401763 0.31622 -0.384862 0.867114 0.400795 -0.930002 -0.306262 0.203222 -0.504304 0.187352 -0.87068 -0.454769 0.485867 
1531950363704 -0.241917 0.847574 -0.472329 -0.602339 -0.953524 -0.297787 -0.0459919 -0.269666 -0.179635 0.43925 0.880222 0.402549 0.31622 -0.384862 0.867114 0.400795 -0.930002 -0.306262 0.203222 -0.504304 0.187352 -0.87068 -0.454769 0.485867 
1531950363714 -0.234037 0.845279 -0.480344 -0.602067 -0.955846 -0.290364 -0.0452497 -0.269444 -0.177723 0.448544 0.875912 0.403299 0.31622 -0.384862 0.867114 0.400795 -0.930002 -0.306262 0.203222 -0.504304 0.187352 -0.87068 -0.454769 0.485867 
1531950363724 -0.22616 0.842849 -0.488321 -0.601798 -0.958108 -0.282915 -0.0445787 -0.269223 -0.175727 0.457783 0.871525 0.404047 0.31622 -0.384862 0.867114 0.400795 -0.930002 -0.306262 0.203222 -0.504304 0.187352 -0.87068 -0.454769 0.485867 
1531950363734 -0.218289 0.840283 -0.496261 -0.601529 -0.960311 -0.275442 -0.0439781 -0.269002 -0.173645 0.466965 0.867059 0.404794 0.31622 -0.384862 0.867114 0.400795 -0.930002 -0.306262 0.203222 -0.504304 0.187352 -0.87068 -0.454769 0.485867 
1531950363744 -0.210423 0.837582 -0.504162 -0.60126 -0.962454 -0.267947 -0.0434478 -0.268782 -0.17148 0.47609 0.862516 0.405542 0.31622 -0.384862 0.867114 0.400795 -0.930002 -0.306262 0.203222 -0.504304 0.187352 -0.87068 -0.454769 0.485867 
1531950363754 -0.202565 0.834746 -0.512022 -0.600992 -0.964535 -0.26043 -0.0429892 -0.268561 -0.169231 0.485155 0.857896 0.40629 0.31622 -0.384862 0.867114 0.400795 -0.930002 -0.306262 0.203222 -0.504304 0.187352 -0.87068 -0.454769 0.485867 
1531950363764 -0.194716 0.831776 -0.519841 -0.60073 -0.966556 -0.252892 -0.0426012 -0.268342 -0.166898 0.49416 0.8532 0.407034 0.31622 -0.384862 0.867114 0.400795 -0.930002 -0.306262 0.203222 -0.504304 0.187352 -0.87068 -0.454769 0.485867 
1531950363774 -0.186892 0.828686 -0.52759 -0.600544 -0.968515 -0.245342 -0.0422736 -0.268154 -0.164471 0.503078 0.848447 0.407708 0.31622 -0.384862 0.867114 0.400795 -0.930002 -0.306262 0.203222 -0.504304 0.187352 -0.87068 -0.454769 0.485867 
1531950364043 -0.186892 0.828686 -0.52759 -0.600544 -0.968515 -0.245342 -0.0422736 -0.268154 -0.164471 0.503078 0.848447 0.407708 0.31622 -0.384862 0.867114 0.400795 -0.930002 -0.306262 0.203222 -0.504304 0.187352 -0.87068 -0.454769 0.485867 
1531950364052 -0.172841 0.822818 -0.541384 -0.600152 -0.97187 -0.231751 -0.0419473 -0.267706 -0.159981 0.518905 0.839728 0.409053 0.31622 -0.384862 0.867114 0.400795 -0.930002 -0.306262 0.203222 -0.504304 0.187352 -0.87068 -0.454769 0.485867 
1531950364062 -0.16661 0.820089 -0.547444 -0.599946 -0.97329 -0.225719 -0.0419225 -0.267445 -0.157949 0.525837 0.835792 0.409724 0.31622 -0.384862 0.867114 0.400795 -0.930002 -0.306262 0.203222 -0.504304 0.187352 -0.87068 -0.454769 0.485867 
1531950364072 -0.160403 0.817293 -0.553447 -0.599816 -0.974669 -0.219685 -0.0419317 -0.267216 -0.155854 0.532702 0.831828 0.410323 0.31622 -0.384862 0.867114 0.400795 -0.930002 -0.306262 0.203222 -0.504304 0.187352 -0.87068 -0.454769 0.485867 
1531950364082 -0.154206 0.814413 -0.559421 -0.599693 -0.97601 -0.213642 -0.0419839 -0.266989 -0.153708 0.539526 0.82782 0.41092 0.31622 -0.384862 0.867114 0.400795 -0.930002 -0.306262 0.203222 -0.504304 0.187352 -0.87068 -0.454769 0.485867 
1531950364093 -0.148018 0.811453 -0.565363 -0.59957 -0.97731 -0.207591 -0.0420811 -0.266762 -0.151511 0.546306 0.823768 0.411517 0.31622 -0.384862 0.867114 0.400795 -0.930002 -0.306262 0.203222 -0.504304 0.187352 -0.87068 -0.454769 0.485867 
1531950364102 -0.14184 0.80841 -0.571275 -0.599447 -0.978571 -0.201533 -0.0422233 -0.266534 -0.149264 0.553044 0.819672 0.412114 0.31622 -0.384862 0.867114 0.400795 -0.930002 -0.306262 0.203222 -0.504304 0.187352 -0.87068 -0.454769 0.485867 
1531950364112 -0.135672 0.805286 -0.577154 -0.599324 -0.979793 -0.195468 -0.0424095 -0.266307 -0.146967 0.559738 0.815533 0.412711 0.31622 -0.384862 0.867114 0.400795 -0.930002 -0.306262 0.203222 -0.504304 0.187352 -0.87068 -0.454769 0.485867 
1531950364123 -0.129517 0.802082 -0.583001 -0.599205 -0.980975 -0.189396 -0.0426391 -0.266081 -0.144618 0.566387 0.811352 0.413305 0.31622 -0.384862 0.867114 0.400795 -0.930002 -0.306262 0.203222 -0.504304 0.187352 -0.87068 -0.454769 0.485867 
1531950364132 -0.123387 0.798808 -0.588797 -0.599139 -0.982116 -0.183324 -0.042903 -0.265883 -0.142212 0.572973 0.807142 0.413842 0.31622 -0.384862 0.867114 0.400795 -0.930002 -0.306262 0.203222 -0.504304 0.187352 -0.87068 -0.454769 0.485867 
1531950364583 -0.123387 0.798808 -0.588797 -0.599139 -0.982116 -0.183324 -0.042903 -0.265883 -0.142212 0.572973 0.807142 0.413842 0.31622 -0.384862 0.867114 0.400795 -0.930002 -0.306262 0.203222 -0.504304 0.187352 -0.87068 -0.454769 0.485867 
1531950364593 -0.112667 0.7929 -0.598845 -0.598976 -0.984012 -0.172703 -0.0435339 -0.265456 -0.13794 0.584365 0.799681 0.414883 0.31622 -0.384862 0.867114 0.400795 -0.930002 -0.306262 0.203222 -0.504304 0.187352 -0.87068 -0.454769 0.485867 
1531950364603 -0.108073 0.790301 -0.603112 -0.598879 -0.984783 -0.168156 -0.0438817 -0.265228 -0.136096 0.589192 0.796449 0.415387 0.31622 -0.384862 0.867114 0.400795 -0.930002 -0.306262 0.203222 -0.504304 0.187352 -0.87068 -0.454769 0.485867 
1531950364613 -0.1035 0.787671 -0.60734 -0.598834 -0.985532 -0.163613 -0.0442432 -0.265027 -0.134218 0.593974 0.793209 0.415833 0.31622 -0.384862 0.867114 0.400795 -0.930002 -0.306262 0.203222 -0.504304 0.187352 -0.87068 -0.454769 0.485867 
1531950364623 -0.0989353 0.784997 -0.611548 -0.598794 -0.986258 -0.159069 -0.0446288 -0.264827 -0.132312 0.598729 0.789948 0.416277 0.31622 -0.384862 0.867114 0.400795 -0.930002 -0.306262 0.203222 -0.504304 0.187352 -0.87068 -0.454769 0.485867 
1531950364633 -0.0943786 0.782279 -0.615737 -0.598754 -0.986962 -0.154523 -0.0450383 -0.264628 -0.130378 0.603458 0.786664 0.416722 0.31622 -0.384862 0.867114 0.400795 -0.930002 -0.306262 0.203222 -0.504304 0.187352 -0.87068 -0.454769 0.485867 
1531950364643 -0.0898299 0.779518 -0.619905 -0.598714 -0.987643 -0.149975 -0.0454723 -0.264429 -0.128417 0.608161 0.783358 0.417166 0.31622 -0.384862 0.867114 0.400795 -0.930002 -0.306262 0.203222 -0.504304 0.187352 -0.87068 -0.454769 0.485867 
1531950364658 -0.0852897 0.776713 -0.624054 -0.598674 -0.988302 -0.145427 -0.045931 -0.264229 -0.12643 0.612836 0.78003 0.41761 0.31622 -0.384862 0.867114 0.400795 -0.930002 -0.306262 0.203222 -0.504304 0.187352 -0.87068 -0.454769 0.485867 
1531950364673 -0.0807581 0.773864 -0.628182 -0.598638 -0.988938 -0.140878 -0.0464131 -0.264031 -0.124415 0.617485 0.776681 0.418052 0.31622 -0.384862 0.867114 0.400795 -0.930002 -0.306262 0.203222 -0.504304 0.187352 -0.87068 -0.454769 0.485867 
1531950364683 -0.0762473 0.770983 -0.632275 -0.598635 -0.989552 -0.136334 -0.0469103 -0.263855 -0.122367 0.622092 0.773323 0.41845 0.31622 -0.384862 0.867114 0.400795 -0.930002 -0.306262 0.203222 -0.504304 0.187352 -0.87068 -0.454769 0.485867 
1531950364938 -0.0762473 0.770983 -0.632275 -0.598635 -0.989552 -0.136334 -0.0469103 -0.263855 -0.122367 0.622092 0.773323 0.41845 0.31622 -0.384862 0.867114 0.400795 -0.930002 -0.306262 0.203222 -0.504304 0.187352 -0.87068 -0.454769 0.485867 
1531950364952 -0.0687812 0.766125 -0.639 -0.598593 -0.990514 -0.128819 -0.0478292 -0.263511 -0.118959 0.629649 0.767718 0.419182 0.31622 -0.384862 0.867114 0.400795 -0.930002 -0.306262 0.203222 -0.504304 0.187352 -0.87068 -0.454769 0.485867 
1531950364962 -0.0658213 0.764174 -0.641643 -0.598553 -0.990876 -0.12585 -0.0482367 -0.263344 -0.117612 0.632614 0.765485 0.419516 0.31622 -0.384862 0.867114 0.400795 -0.930002 -0.306262 0.203222 -0.504304 0.187352 -0.87068 -0.454769 0.485867 
1531950364974 -0.0628765 0.762214 -0.644264 -0.598547 -0.991228 -0.122886 -0.0486452 -0.263198 -0.116249 0.635554 0.763254 0.419806 0.31622 -0.384862 0.867114 0.400795 -0.930002 -0.306262 0.203222 -0.504304 0.187352 -0.87068 -0.454769 0.485867 
1531950364982 -0.0599364 0.760237 -0.646875 -0.598544 -0.99157 -0.119922 -0.0490635 -0.263054 -0.114874 0.638481 0.761016 0.420094 0.31622 -0.384862 0.867114 0.400795 -0.930002 -0.306262 0.203222 -0.504304 0.187352 -0.87068 -0.454769 0.485867 
1531950365002 -0.0570005 0.758242 -0.649477 -0.598541 -0.991903 -0.116959 -0.0494922 -0.26291 -0.113489 0.641397 0.758769 0.420382 0.31622 -0.384862 0.867114 0.400795 -0.930002 -0.306262 0.203222 -0.504304 0.187352 -0.87068 -0.454769 0.485867 
1531950365014 -0.0540687 0.756229 -0.652069 -0.598539 -0.992226 -0.113995 -0.0499306 -0.262765 -0.112092 0.6443 0.756513 0.420669 0.31622 -0.384862 0.867114 0.400795 -0.930002 -0.306262 0.203222 -0.504304 0.187352 -0.87068 -0.454769 0.485867 
1531950365022 -0.0511409 0.754198 -0.654653 -0.598537 -0.992539 -0.111032 -0.0503791 -0.262621 -0.110683 0.647192 0.754249 0.420957 0.31622 -0.384862 0.867114 0.400795 -0.930002 -0.306262 0.203222 -0.504304 0.187352 -0.87068 -0.454769 0.485867 
1531950365032 -0.0482177 0.752149 -0.657227 -0.598536 -0.992843 -0.10807 -0.0508378 -0.262477 -0.109264 0.650072 0.751976 0.421244 0.31622 -0.384862 0.867114 0.400795 -0.930002 -0.306262 0.203222 -0.504304 0.187352 -0.87068 -0.454769 0.485867 
1531950365042 -0.0453072 0.75009 -0.659782 -0.598556 -0.993136 -0.105111 -0.0512997 -0.262349 -0.10783 0.65293 0.749704 0.421502 0.31622 -0.384862 0.867114 0.400795 -0.930002 -0.306262 0.203222 -0.504304 0.187352 -0.87068 -0.454769 0.485867 
1531950365232 -0.0453072 0.75009 -0.659782 -0.598556 -0.993136 -0.105111 -0.0512997 -0.262349 -0.10783 0.65293 0.749704 0.421502 0.31622 -0.384862 0.867114 0.400795 -0.930002 -0.306262 0.203222 -0.504304 0.187352 -0.87068 -0.454769 0.485867 
1531950365242 -0.0411107 0.747092 -0.663449 -0.598558 -0.993541 -0.100853 -0.0520032 -0.262137 -0.105762 0.657026 0.746413 0.421915 0.31622 -0.384862 0.867114 0.400795 -0.930002 -0.306262 0.203222 -0.504304 0.187352 -0.87068 -0.454769 0.485867 
1531950365252 -0.0398214 0.746167 -0.664566 -0.59854 -0.99366 -0.0995537 -0.0522368 -0.262054 -0.105137 0.658273 0.745401 0.422071 0.31622 -0.384862 0.867114 0.400795 -0.930002 -0.306262 0.203222 -0.504304 0.187352 -0.87068 -0.454769 0.485867 
1531950365272 -0.0385413 0.745247 -0.665673 -0.598543 -0.993777 -0.0982575 -0.0524651 -0.261986 -0.104507 0.659509 0.744397 0.422197 0.31622 -0.384862 0.867114 0.400795 -0.930002 -0.306262 0.203222 -0.504304 0.187352 -0.87068 -0.454769 0.485867 
1531950365282 -0.0372621 0.744324 -0.666779 -0.598547 -0.993892 -0.0969614 -0.0526953 -0.261919 -0.103874 0.660743 0.743391 0.422323 0.31622 -0.384862 0.867114 0.400795 -0.930002 -0.306262 0.203222 -0.504304 0.187352 -0.87068 -0.454769 0.485867 
1531950365302 -0.0359836 0.743397 -0.667882 -0.598551 -0.994005 -0.0956651 -0.0529272 -0.261852 -0.103239 0.661974 0.742383 0.422448 0.31622 -0.384862 0.867114 0.400795 -0.930002 -0.306262 0.203222 -0.504304 0.187352 -0.87068 -0.454769 0.485867 
1531950365312 -0.034706 0.742466 -0.668984 -0.598556 -0.994117 -0.0943689 -0.0531611 -0.261785 -0.102602 0.663203 0.741374 0.422574 0.31622 -0.384862 0.867114 0.400795 -0.930002 -0.306262 0.203222 -0.504304 0.187352 -0.87068 -0.454769 0.485867 
1531950365332 -0.0334294 0.741533 -0.670083 -0.598561 -0.994226 -0.0930732 -0.0533969 -0.261718 -0.101962 0.664429 0.740363 0.422699 0.31622 -0.384862 0.867114 0.400795 -0.930002 -0.306262 0.203222 -0.504304 0.187352 -0.87068 -0.454769 0.485867 
1531950365342 -0.0321543 0.740596 -0.67118 -0.598566 -0.994334 -0.0917779 -0.0536343 -0.261651 -0.101321 0.665653 0.739351 0.422824 0.31622 -0.384862 0.867114 0.400795 -0.930002 -0.306262 0.203222 -0.504304 0.187352 -0.87068 -0.454769 0.485867 
1531950365352 -0.0308827 0.739659 -0.672273 -0.59858 -0.99444 -0.0904836 -0.0538709 -0.261591 -0.100676 0.666871 0.738341 0.422937 0.31622 -0.384862 0.867114 0.400795 -0.930002 -0.306262 0.203222 -0.504304 0.187352 -0.87068 -0.454769 0.485867 
1531950365444 -0.0308827 0.739659 -0.672273 -0.59858 -0.99444 -0.0904836 -0.0538709 -0.261591 -0.100676 0.666871 0.738341 0.422937 0.31622 -0.384862 0.867114 0.400795 -0.930002 -0.306262 0.203222 -0.504304 0.187352 -0.87068 -0.454769 0.485867 
1531950365454 -0.0296087 0.738715 -0.673367 -0.598584 -0.994544 -0.0891884 -0.0541126 -0.261524 -0.10003 0.668091 0.737325 0.423062 0.31622 -0.384862 0.867114 0.400795 -0.930002 -0.306262 0.203222 -0.504304 0.187352 -0.87068 -0.454769 0.485867 
1531950365464 -0.0296056 0.738712 -0.67337 -0.598575 -0.994544 -0.0891874 -0.0541156 -0.261516 -0.100032 0.668094 0.737322 0.423075 0.31622 -0.384862 0.867114 0.400795 -0.930002 -0.306262 0.203222 -0.504304 0.187352 -0.87068 -0.454769 0.485867 
1531950365475 -0.0296051 0.738712 -0.673371 -0.598574 -0.994544 -0.0891873 -0.0541159 -0.261516 -0.100032 0.668095 0.737322 0.423076 0.31622 -0.384862 0.867114 0.400795 -0.930002 -0.306262 0.203222 -0.504304 0.187352 -0.87068 -0.454769 0.485867 
1531950365484 -0.0296051 0.738712 -0.673371 -0.598574 -0.994544 -0.0891872 -0.0541159 -0.261516 -0.100032 0.668095 0.737321 0.423076 0.31622 -0.384862 0.867114 0.400795 -0.930002 -0.306262 0.203222 -0.504304 0.187352 -0.87068 -0.454769 0.485867 
1531950365494 -0.029605 0.738712 -0.673371 -0.598574 -0.994544 -0.0891872 -0.0541159 -0.261516 -0.100032 0.668095 0.737321 0.423076 0.31622 -0.384862 0.867114 0.400795 -0.930002 -0.306262 0.203222 -0.504304 0.187352 -0.87068 -0.454769 0.485867 
1531950365504 -0.029605 0.738712 -0.673371 -0.598574 -0.994544 -0.0891871 -0.0541159 -0.261516 -0.100032 0.668095 0.737321 0.423076 0.31622 -0.384862 0.867114 0.400795 -0.930002 -0.306262 0.203222 -0.504304 0.187352 -0.87068 -0.454769 0.485867 
1531950365514 -0.029605 0.738712 -0.673371 -0.598574 -0.994544 -0.0891871 -0.0541159 -0.261516 -0.100032 0.668095 0.737321 0.423076 0.31622 -0.384862 0.867114 0.400795 -0.930002 -0.306262 0.203222 -0.504304 0.187352 -0.87068 -0.454769 0.485867 
1531950365524 -0.029605 0.738712 -0.673371 -0.598574 -0.994544 -0.0891871 -0.0541159 -0.261516 -0.100032 0.668095 0.737321 0.423076 0.31622 -0.384862 0.867114 0.400795 -0.930002 -0.306262 0.203222 -0.504304 0.187352 -0.87068 -0.454769 0.485867 
1531950365534 -0.029605 0.738712 -0.673371 -0.598574 -0.994544 -0.0891871 -0.0541159 -0.261516 -0.100032 0.668095 0.737321 0.423076 0.31622 -0.384862 0.867114 0.400795 -0.930002 -0.306262 0.203222 -0.504304 0.187352 -0.87068 -0.454769 0.485867 
1531950365594 -0.029605 0.738712 -0.673371 -0.598574 -0.994544 -0.0891871 -0.0541159 -0.261516 -0.100032 0.668095 0.737321 0.423076 0.31622 -0.384862 0.867114 0.400795 -0.930002 -0.306262 0.203222 -0.504304 0.187352 -0.87068 -0.454769 0.485867 
1531950365612 -0.029605 0.738712 -0.673371 -0.598574 -0.994544 -0.0891871 -0.0541159 -0.261516 -0.100032 0.668095 0.737321 0.423076 0.31622 -0.384862 0.867114 0.400795 -0.930002 -0.306262 0.203222 -0.504304 0.187352 -0.87068 -0.454769 0.485867 
1531950365622 -0.029605 0.738712 -0.673371 -0.598574 -0.994544 -0.0891871 -0.0541159 -0.261516 -0.100032 0.668095 0.737321 0.423076 0.31622 -0.384862 0.867114 0.400795 -0.930002 -0.306262 0.203222 -0.504304 0.187352 -0.87068 -0.454769 0.485867 
1531950365642 -0.029605 0.738712 -0.673371 -0.598574 -0.994544 -0.0891871 -0.0541159 -0.261516 -0.100032 0.668095 0.737321 0.423076 0.31622 -0.384862 0.867114 0.400795 -0.930002 -0.306262 0.203222 -0.504304 0.187352 -0.87068 -0.454769 0.485867 
1531950365652 -0.029605 0.738712 -0.673371 -0.598574 -0.994544 -0.0891871 -0.0541159 -0.261516 -0.100032 0.668095 0.737321 0.423076 0.31622 -0.384862 0.867114 0.400795 -0.930002 -0.306262 0.203222 -0.504304 0.187352 -0.87068 -0.454769 0.485867 
1531950365662 -0.029605 0.738712 -0.673371 -0.598574 -0.994544 -0.0891871 -0.0541159 -0.261516 -0.100032 0.668095 0.737321 0.423076 0.31622 -0.384862 0.867114 0.400795 -0.930002 -0.306262 0.203222 -0.504304 0.187352 -0.87068 -0.454769 0.485867 
1531950365682 -0.029605 0.738712 -0.673371 -0.598574 -0.994544 -0.0891871 -0.0541159 -0.261516 -0.100032 0.668095 0.737321 0.423076 0.31622 -0.384862 0.867114 0.400795 -0.930002 -0.306262 0.203222 -0.504304 0.187352 -0.87068 -0.454769 0.485867 
1531950365692 -0.029605 0.738712 -0.673371 -0.598574 -0.994544 -0.0891871 -0.0541159 -0.261516 -0.100032 0.668095 0.737321 0.423076 0.31622 -0.384862 0.867114 0.400795 -0.930002 -0.306262 0.203222 -0.504304 0.187352 -0.87068 -0.454769 0.485867 
1531950365702 -0.029605 0.738712 -0.673371 -0.598574 -0.994544 -0.0891871 -0.0541159 -0.261516 -0.100032 0.668095 0.737321 0.423076 0.31622 -0.384862 0.867114 0.400795 -0.930002 -0.306262 0.203222 -0.504304 0.187352 -0.87068 -0.454769 0.485867 
1531950365712 -0.029605 0.738712 -0.673371 -0.598574 -0.994544 -0.0891871 -0.0541159 -0.261516 -0.100032 0.668095 0.737321 0.423076 0.31622 -0.384862 0.867114 0.400795 -0.930002 -0.306262 0.203222 -0.504304 0.187352 -0.87068 -0.454769 0.485867 
1531950365882 -0.029605 0.738712 -0.673371 -0.598574 -0.994544 -0.0891871 -0.0541159 -0.261516 -0.100032 0.668095 0.737321 0.423076 0.31622 -0.384862 0.867114 0.400795 -0.930002 -0.306262 0.203222 -0.504304 0.187352 -0.87068 -0.454769 0.485867 
1531950365890 -0.029605 0.738712 -0.673371 -0.598574 -0.994544 -0.0891871 -0.0541159 -0.261516 -0.100032 0.668095 0.737321 0.423076 0.31622 -0.384862 0.867114 0.400795 -0.930002 -0.306262 0.203222 -0.504304 0.187352 -0.87068 -0.454769 0.485867 
1531950365903 -0.029605 0.738712 -0.673371 -0.598574 -0.994544 -0.0891871 -0.0541159 -0.261516 -0.100032 0.668095 0.737321 0.423076 0.31622 -0.384862 0.867114 0.400795 -0.930002 -0.306262 0.203222 -0.504304 0.187352 -0.87068 -0.454769 0.485867 
1531950365913 -0.029605 0.738712 -0.673371 -0.598574 -0.994544 -0.0891871 -0.0541159 -0.261516 -0.100032 0.668095 0.737321 0.423076 0.31622 -0.384862 0.867114 0.400795 -0.930002 -0.306262 0.203222 -0.504304 0.187352 -0.87068 -0.454769 0.485867 
1531950365923 -0.029605 0.738712 -0.673371 -0.598574 -0.994544 -0.0891871 -0.0541159 -0.261516 -0.100032 0.668095 0.737321 0.423076 0.31622 -0.384862 0.867114 0.400795 -0.930002 -0.306262 0.203222 -0.504304 0.187352 -0.87068 -0.454769 0.485867 
1531950365933 -0.029605 0.738712 -0.673371 -0.598574 -0.994544 -0.0891871 -0.0541159 -0.261516 -0.100032 0.668095 0.737321 0.423076 0.31622 -0.384862 0.867114 0.400795 -0.930002 -0.306262 0.203222 -0.504304 0.187352 -0.87068 -0.454769 0.485867 
1531950365943 -0.029605 0.738712 -0.673371 -0.598574 -0.994544 -0.0891871 -0.0541159 -0.261516 -0.100032 0.668095 0.737321 0.423076 0.31622 -0.384862 0.867114 0.400795 -0.930002 -0.306262 0.203222 -0.504304 0.187352 -0.87068 -0.454769 0.485867 
1531950365953 -0.029605 0.738712 -0.673371 -0.598574 -0.994544 -0.0891871 -0.0541159 -0.261516 -0.100032 0.668095 0.737321 0.423076 0.31622 -0.384862 0.867114 0.400795 -0.930002 -0.306262 0.203222 -0.504304 0.187352 -0.87068 -0.454769 0.485867 
1531950365963 -0.029605 0.738712 -0.673371 -0.598574 -0.994544 -0.0891871 -0.0541159 -0.261516 -0.100032 0.668095 0.737321 0.423076 0.31622 -0.384862 0.867114 0.400795 -0.930002 -0.306262 0.203222 -0.504304 0.187352 -0.87068 -0.454769 0.485867 
1531950365973 -0.029605 0.738712 -0.673371 -0.598574 -0.994544 -0.0891871 -0.0541159 -0.261516 -0.100032 0.668095 0.737321 0.423076 0.31622 -0.384862 0.867114 0.400795 -0.930002 -0.306262 0.203222 -0.504304 0.187352 -0.87068 -0.454769 0.485867 
1531950366047 -0.029605 0.738712 -0.673371 -0.598574 -0.994544 -0.0891871 -0.0541159 -0.261516 -0.100032 0.668095 0.737321 0.423076 0.31622 -0.384862 0.867114 0.400795 -0.930002 -0.306262 0.203222 -0.504304 0.187352 -0.87068 -0.454769 0.485867 
1531950366057 -0.029605 0.738712 -0.673371 -0.598574 -0.994544 -0.0891871 -0.0541159 -0.261516 -0.100032 0.668095 0.737321 0.423076 0.31622 -0.384862 0.867114 0.400795 -0.930002 -0.306262 0.203222 -0.504304 0.187352 -0.87068 -0.454769 0.485867 
1531950366067 -0.029605 0.738712 -0.673371 -0.598574 -0.994544 -0.0891871 -0.0541159 -0.261516 -0.100032 0.668095 0.737321 0.423076 0.31622 -0.384862 0.867114 0.400795 -0.930002 -0.306262 0.203222 -0.504304 0.187352 -0.87068 -0.454769 0.485867 
1531950366077 -0.029605 0.738712 -0.673371 -0.598574 -0.994544 -0.0891871 -0.0541159 -0.261516 -0.100032 0.668095 0.737321 0.423076 0.31622 -0.384862 0.867114 0.400795 -0.930002 -0.306262 0.203222 -0.504304 0.187352 -0.87068 -0.454769 0.485867 
