1534185177047 0.282628 0.924434 -0.256014 -0.486439 -0.953343 0.300228 0.0316362 -0.191047 0.106108 0.235128 0.966155 0.343575 0.16008 -0.304787 0.938871 0.370831 -0.775623 0.549475 0.310623 -0.528794 -0.61056 -0.777934 -0.14844 0.432481 
1534185177059 0.288266 0.922736 -0.255853 -0.496407 -0.951185 0.306697 0.0344171 -0.190279 0.110227 0.233442 0.966103 0.34373 0.316241 -0.38488 0.867098 0.400864 -0.930001 -0.306251 0.203246 -0.504429 0.187325 -0.870677 -0.454788 0.485926 
1534185177631 0.293894 0.920999 -0.255708 -0.506375 -0.948975 0.313149 0.0371982 -0.189511 0.114334 0.231729 0.966038 0.343886 0.316241 -0.38488 0.867098 0.400864 -0.930001 -0.306251 0.203246 -0.504429 0.187325 -0.870677 -0.454788 0.485926 
1534185178211 0.29951 0.919224 -0.25558 -0.516342 -0.946714 0.319583 0.0399798 -0.188742 0.118429 0.229987 0.965961 0.344041 0.316241 -0.38488 0.867098 0.400864 -0.930001 -0.306251 0.203246 -0.504429 0.187325 -0.870677 -0.454788 0.485926 
1534185178794 0.305114 0.91741 -0.255468 -0.526309 -0.944403 0.325999 0.0427617 -0.187974 0.122512 0.228218 0.965871 0.344197 0.316241 -0.38488 0.867098 0.400864 -0.930001 -0.306251 0.203246 -0.504429 0.187325 -0.870677 -0.454788 0.485926 
1534185179391 0.310706 0.915558 -0.255373 -0.536275 -0.94204 0.332396 0.0455437 -0.187205 0.126583 0.226421 0.965769 0.344353 0.316241 -0.38488 0.867098 0.400864 -0.930001 -0.306251 0.203246 -0.504429 0.187325 -0.870677 -0.454788 0.485926 
1534185179988 0.316285 0.913667 -0.255295 -0.54624 -0.939626 0.338774 0.0483257 -0.186436 0.130641 0.224597 0.965655 0.344509 0.316241 -0.38488 0.867098 0.400864 -0.930001 -0.306251 0.203246 -0.504429 0.187325 -0.870677 -0.454788 0.485926 
1534185180592 0.321852 0.911739 -0.255233 -0.556204 -0.937161 0.345133 0.0511075 -0.185667 0.134686 0.222745 0.965528 0.344665 0.316241 -0.38488 0.867098 0.400864 -0.930001 -0.306251 0.203246 -0.504429 0.187325 -0.870677 -0.454788 0.485926 
1534185181204 0.327406 0.909772 -0.255187 -0.566167 -0.934646 0.351473 0.053889 -0.184897 0.138718 0.220866 0.965389 0.344822 0.316241 -0.38488 0.867098 0.400864 -0.930001 -0.306251 0.203246 -0.504429 0.187325 -0.870677 -0.454788 0.485926 
1534185181819 0.33303 0.907692 -0.255315 -0.575251 -0.932046 0.35789 0.0566152 -0.183798 0.142764 0.21911 0.965199 0.345206 0.316531 -0.385118 0.866887 0.401814 -0.929976 -0.306103 0.20358 -0.50615 0.186955 -0.870623 -0.455042 0.486735 
1534185182416 0.332853 0.907639 -0.255737 -0.574924 -0.932102 0.357756 0.056544 -0.183868 0.142813 0.219552 0.965091 0.344958 0.316531 -0.385118 0.866887 0.401814 -0.929976 -0.306103 0.20358 -0.50615 0.186955 -0.870623 -0.455042 0.486735 
1534185182427 0.333417 0.907448 -0.255677 -0.576044 -0.93184 0.358392 0.0568346 -0.183818 0.143207 0.2193 0.96509 0.344975 0.316221 -0.384863 0.867113 0.400797 -0.930002 -0.306262 0.203223 -0.504308 0.187351 -0.87068 -0.45477 0.485869 
1534185182632 0.33398 0.907258 -0.255616 -0.577165 -0.931577 0.359028 0.0571263 -0.183769 0.143601 0.219047 0.965089 0.344991 0.316221 -0.384863 0.867113 0.400797 -0.930002 -0.306262 0.203223 -0.504308 0.187351 -0.87068 -0.45477 0.485869 
1534185182844 0.334544 0.907068 -0.255555 -0.578285 -0.931314 0.359663 0.057418 -0.183719 0.143996 0.218793 0.965088 0.345008 0.316221 -0.384863 0.867113 0.400797 -0.930002 -0.306262 0.203223 -0.504308 0.187351 -0.87068 -0.45477 0.485869 
1534185183059 0.335107 0.906877 -0.255495 -0.579405 -0.93105 0.360298 0.0577094 -0.18367 0.14439 0.21854 0.965086 0.345025 0.316221 -0.384863 0.867113 0.400797 -0.930002 -0.306262 0.203223 -0.504308 0.187351 -0.87068 -0.45477 0.485869 
1534185183278 0.33567 0.906686 -0.255435 -0.580525 -0.930786 0.360933 0.0580012 -0.18362 0.144784 0.218286 0.965085 0.345042 0.316221 -0.384863 0.867113 0.400797 -0.930002 -0.306262 0.203223 -0.504308 0.187351 -0.87068 -0.45477 0.485869 
1534185183495 0.336233 0.906494 -0.255375 -0.581646 -0.930522 0.361568 0.0582929 -0.18357 0.145177 0.218032 0.965083 0.345059 0.316221 -0.384863 0.867113 0.400797 -0.930002 -0.306262 0.203223 -0.504308 0.187351 -0.87068 -0.45477 0.485869 
1534185183501 0.336796 0.906302 -0.255315 -0.582766 -0.930257 0.362202 0.0585846 -0.183521 0.145571 0.217777 0.965081 0.345075 0.316221 -0.384863 0.867113 0.400797 -0.930002 -0.306262 0.203223 -0.504308 0.187351 -0.87068 -0.45477 0.485869 
1534185183806 0.337359 0.906109 -0.255255 -0.583888 -0.929991 0.362836 0.0588764 -0.183472 0.145964 0.217522 0.96508 0.345092 0.31622 -0.384863 0.867113 0.400797 -0.930002 -0.306262 0.203222 -0.504307 0.187351 -0.87068 -0.45477 0.485868 
1534185184024 0.337922 0.905916 -0.255195 -0.585008 -0.929725 0.36347 0.0591682 -0.183422 0.146357 0.217267 0.965077 0.345108 0.31622 -0.384863 0.867113 0.400797 -0.930002 -0.306262 0.203222 -0.504307 0.187351 -0.87068 -0.45477 0.485868 
1534185184250 0.338099 0.90586 -0.255161 -0.584658 -0.929686 0.363602 0.05897 -0.183578 0.146195 0.217282 0.965099 0.345117 0.31622 -0.384863 0.867113 0.400797 -0.930002 -0.306262 0.203222 -0.504307 0.187351 -0.87068 -0.45477 0.485868 
1534185184263 0.33832 0.905611 -0.25575 -0.584743 -0.929679 0.363746 0.0581936 -0.183568 0.145729 0.218077 0.96499 0.345076 0.31622 -0.384863 0.867113 0.400795 -0.930002 -0.306262 0.203222 -0.504304 0.187351 -0.87068 -0.454769 0.485867 
1534185184280 0.338542 0.905361 -0.256339 -0.584825 -0.929671 0.363889 0.0574168 -0.183555 0.145262 0.218873 0.96488 0.345036 0.31622 -0.384863 0.867113 0.400795 -0.930002 -0.306262 0.203222 -0.504304 0.187351 -0.87068 -0.454769 0.485867 
1534185184396 0.338765 0.905111 -0.256928 -0.584907 -0.929663 0.364032 0.0566399 -0.183543 0.144796 0.219669 0.964769 0.344997 0.31622 -0.384863 0.867113 0.400795 -0.930002 -0.306262 0.203222 -0.504304 0.187351 -0.87068 -0.454769 0.485867 
1534185184435 0.338988 0.904861 -0.257517 -0.584989 -0.929654 0.364174 0.0558631 -0.183531 0.144329 0.220464 0.964658 0.344956 0.31622 -0.384863 0.867113 0.400795 -0.930002 -0.306262 0.203222 -0.504304 0.187351 -0.87068 -0.454769 0.485867 
1534185184532 0.339211 0.904609 -0.258105 -0.58507 -0.929645 0.364316 0.0550859 -0.183519 0.143863 0.22126 0.964545 0.344917 0.31622 -0.384863 0.867113 0.400795 -0.930002 -0.306262 0.203222 -0.504304 0.187351 -0.87068 -0.454769 0.485867 
1534185184582 0.339434 0.904358 -0.258693 -0.585153 -0.929635 0.364457 0.0543088 -0.183507 0.143397 0.222055 0.964432 0.344877 0.31622 -0.384863 0.867113 0.400795 -0.930002 -0.306262 0.203222 -0.504304 0.187351 -0.87068 -0.454769 0.485867 
1534185184666 0.339658 0.904105 -0.25928 -0.585233 -0.929625 0.364597 0.0535315 -0.183494 0.142931 0.222851 0.964317 0.344837 0.31622 -0.384863 0.867113 0.400795 -0.930002 -0.306262 0.203222 -0.504304 0.187351 -0.87068 -0.454769 0.485867 
1534185184722 0.339882 0.903852 -0.259867 -0.585315 -0.929615 0.364737 0.0527541 -0.183482 0.142465 0.223646 0.964202 0.344797 0.31622 -0.384863 0.867113 0.400795 -0.930002 -0.306262 0.203222 -0.504304 0.187351 -0.87068 -0.454769 0.485867 
1534185184814 0.340106 0.903599 -0.260454 -0.585396 -0.929604 0.364876 0.0519765 -0.18347 0.141999 0.224442 0.964086 0.344758 0.31622 -0.384863 0.867113 0.400795 -0.930002 -0.306262 0.203222 -0.504304 0.187351 -0.87068 -0.454769 0.485867 
1534185184869 0.339806 0.903953 -0.259617 -0.585306 -0.929606 0.364707 0.0531261 -0.183441 0.142708 0.223289 0.964249 0.344813 0.31622 -0.384863 0.867113 0.400795 -0.930002 -0.306262 0.203222 -0.504304 0.187351 -0.87068 -0.454769 0.485867 
1534185184881 0.34004 0.903849 -0.259671 -0.585368 -0.929579 0.364844 0.0526416 -0.18345 0.142319 0.223485 0.964261 0.344798 0.31622 -0.384863 0.867113 0.400795 -0.930002 -0.306262 0.203222 -0.504304 0.187351 -0.87068 -0.454769 0.485867 
1534185184898 0.340275 0.903745 -0.259725 -0.585432 -0.929553 0.364981 0.0521569 -0.183457 0.141931 0.223681 0.964273 0.344784 0.31622 -0.384863 0.867113 0.400795 -0.930002 -0.306262 0.203222 -0.504304 0.187351 -0.87068 -0.454769 0.485867 
1534185184915 0.34051 0.903641 -0.259779 -0.585496 -0.929526 0.365118 0.0516714 -0.183466 0.141543 0.223877 0.964285 0.34477 0.31622 -0.384863 0.867113 0.400795 -0.930002 -0.306262 0.203222 -0.504304 0.187351 -0.87068 -0.454769 0.485867 
1534185184922 0.340745 0.903537 -0.259833 -0.585561 -0.929499 0.365255 0.0511864 -0.183473 0.141154 0.224073 0.964296 0.344756 0.31622 -0.384863 0.867113 0.400795 -0.930002 -0.306262 0.203222 -0.504304 0.187351 -0.87068 -0.454769 0.485867 
1534185184935 0.34098 0.903433 -0.259887 -0.585625 -0.929472 0.365392 0.0507014 -0.183481 0.140766 0.224269 0.964307 0.344741 0.31622 -0.384863 0.867113 0.400795 -0.930002 -0.306262 0.203222 -0.504304 0.187351 -0.87068 -0.454769 0.485867 
1534185184952 0.341215 0.903329 -0.25994 -0.585691 -0.929444 0.365529 0.0502158 -0.183489 0.140377 0.224465 0.964318 0.344727 0.31622 -0.384863 0.867113 0.400795 -0.930002 -0.306262 0.203222 -0.504304 0.187351 -0.87068 -0.454769 0.485867 
1534185185010 0.34145 0.903225 -0.259994 -0.585755 -0.929416 0.365666 0.0497307 -0.183497 0.139989 0.224662 0.964329 0.344713 0.31622 -0.384863 0.867113 0.400795 -0.930002 -0.306262 0.203222 -0.504304 0.187351 -0.87068 -0.454769 0.485867 
1534185185034 0.341685 0.903121 -0.260047 -0.585819 -0.929389 0.365803 0.0492455 -0.183505 0.139601 0.224858 0.964339 0.344698 0.31622 -0.384863 0.867113 0.400795 -0.930002 -0.306262 0.203222 -0.504304 0.187351 -0.87068 -0.454769 0.485867 
1534185185057 0.34192 0.903016 -0.2601 -0.585886 -0.92936 0.36594 0.0487601 -0.183513 0.139212 0.225054 0.96435 0.344684 0.31622 -0.384863 0.867113 0.400795 -0.930002 -0.306262 0.203222 -0.504304 0.187351 -0.87068 -0.454769 0.485867 
1534185185095 0.341101 0.903377 -0.259924 -0.585622 -0.929437 0.365497 0.0505895 -0.183544 0.140703 0.224327 0.964303 0.344742 0.31622 -0.384863 0.867113 0.400795 -0.930002 -0.306262 0.203222 -0.504304 0.187351 -0.87068 -0.454769 0.485867 
1534185185106 0.34135 0.903341 -0.25972 -0.585672 -0.929451 0.365558 0.0498809 -0.183532 0.140002 0.22437 0.964395 0.34473 0.31622 -0.384863 0.867113 0.400795 -0.930002 -0.306262 0.203222 -0.504304 0.187351 -0.87068 -0.454769 0.485867 
1534185185122 0.341599 0.903306 -0.259516 -0.585729 -0.929465 0.365618 0.0491727 -0.18352 0.139302 0.224413 0.964486 0.344718 0.31622 -0.384863 0.867113 0.400795 -0.930002 -0.306262 0.203222 -0.504304 0.187351 -0.87068 -0.454769 0.485867 
1534185185139 0.341847 0.903271 -0.259311 -0.585785 -0.929479 0.365678 0.0484646 -0.183508 0.138601 0.224456 0.964577 0.344705 0.31622 -0.384863 0.867113 0.400795 -0.930002 -0.306262 0.203222 -0.504304 0.187351 -0.87068 -0.454769 0.485867 
1534185185156 0.342094 0.903236 -0.259106 -0.585841 -0.929492 0.365738 0.0477565 -0.183496 0.1379 0.224499 0.964668 0.344693 0.31622 -0.384863 0.867113 0.400795 -0.930002 -0.306262 0.203222 -0.504304 0.187351 -0.87068 -0.454769 0.485867 
1534185185220 0.342342 0.903201 -0.258901 -0.585895 -0.929504 0.365798 0.0470484 -0.183484 0.1372 0.224543 0.964757 0.34468 0.31622 -0.384863 0.867113 0.400795 -0.930002 -0.306262 0.203222 -0.504304 0.187351 -0.87068 -0.454769 0.485867 
1534185185236 0.34259 0.903166 -0.258695 -0.585952 -0.929516 0.365858 0.0463404 -0.183472 0.136499 0.224586 0.964847 0.344667 0.31622 -0.384863 0.867113 0.400795 -0.930002 -0.306262 0.203222 -0.504304 0.187351 -0.87068 -0.45477 0.485867 
1534185185243 0.342837 0.903131 -0.25849 -0.586007 -0.929528 0.365918 0.0456322 -0.183461 0.135798 0.224629 0.964936 0.344655 0.31622 -0.384863 0.867113 0.400795 -0.930002 -0.306262 0.203222 -0.504304 0.187351 -0.87068 -0.45477 0.485867 
1534185185308 0.343084 0.903096 -0.258284 -0.586064 -0.929539 0.365978 0.0449242 -0.183449 0.135097 0.224672 0.965024 0.344642 0.31622 -0.384863 0.867113 0.400795 -0.930002 -0.306262 0.203222 -0.504304 0.187351 -0.87068 -0.45477 0.485867 
1534185185337 0.343331 0.903061 -0.258078 -0.586119 -0.929549 0.366037 0.044216 -0.183437 0.134396 0.224715 0.965112 0.34463 0.31622 -0.384863 0.867113 0.400795 -0.930002 -0.306262 0.203222 -0.504304 0.187351 -0.87068 -0.45477 0.485867 
1534185185372 0.342423 0.903215 -0.258746 -0.585946 -0.929554 0.365737 0.0465275 -0.183432 0.136658 0.224587 0.964824 0.344696 0.31622 -0.384863 0.867113 0.400795 -0.930002 -0.306262 0.203222 -0.504304 0.187351 -0.87068 -0.45477 0.485867 
1534185185385 0.342367 0.903291 -0.258555 -0.585961 -0.929575 0.365674 0.0466224 -0.18345 0.136661 0.224385 0.964871 0.344672 0.31622 -0.384863 0.867113 0.400795 -0.930002 -0.306262 0.203222 -0.504304 0.187351 -0.87068 -0.45477 0.485867 
1534185185402 0.34231 0.903367 -0.258364 -0.58598 -0.929595 0.36561 0.0467181 -0.18347 0.136664 0.224181 0.964917 0.344646 0.31622 -0.384863 0.867113 0.400795 -0.930002 -0.306262 0.203222 -0.504304 0.187351 -0.87068 -0.45477 0.485867 
1534185185418 0.342253 0.903443 -0.258172 -0.585999 -0.929615 0.365546 0.0468136 -0.183489 0.136667 0.223978 0.964964 0.34462 0.31622 -0.384863 0.867113 0.400795 -0.930002 -0.306262 0.203222 -0.504304 0.187351 -0.87068 -0.45477 0.485867 
1534185185526 0.342197 0.90352 -0.25798 -0.586017 -0.929636 0.365482 0.0469091 -0.183509 0.13667 0.223775 0.965011 0.344595 0.31622 -0.384863 0.867113 0.400795 -0.930002 -0.306262 0.203222 -0.504304 0.187351 -0.87068 -0.45477 0.485867 
1534185185543 0.34214 0.903596 -0.257788 -0.586037 -0.929656 0.365418 0.0470047 -0.183528 0.136674 0.223572 0.965057 0.344569 0.31622 -0.384863 0.867113 0.400795 -0.930002 -0.306262 0.203222 -0.504304 0.187351 -0.87068 -0.45477 0.485867 
1534185185559 0.342084 0.903672 -0.257596 -0.586055 -0.929676 0.365354 0.0471002 -0.183548 0.136677 0.223369 0.965104 0.344543 0.31622 -0.384863 0.867113 0.400795 -0.930002 -0.306262 0.203222 -0.504304 0.187351 -0.87068 -0.45477 0.485867 
1534185185576 0.342027 0.903748 -0.257404 -0.586075 -0.929697 0.36529 0.0471958 -0.183568 0.13668 0.223166 0.965151 0.344517 0.31622 -0.384863 0.867113 0.400795 -0.930002 -0.306262 0.203222 -0.504304 0.187351 -0.87068 -0.45477 0.485867 
1534185185593 0.34197 0.903824 -0.257213 -0.586093 -0.929717 0.365226 0.0472912 -0.183587 0.136684 0.222963 0.965197 0.344492 0.31622 -0.384863 0.867113 0.400795 -0.930002 -0.306262 0.203222 -0.504304 0.187351 -0.87068 -0.45477 0.485867 
1534185185663 0.341914 0.9039 -0.257021 -0.586112 -0.929737 0.365162 0.0473867 -0.183606 0.136687 0.22276 0.965243 0.344466 0.31622 -0.384863 0.867113 0.400795 -0.930002 -0.306262 0.203222 -0.504304 0.187351 -0.87068 -0.45477 0.485867 
1534185185682 0.34208 0.903574 -0.257945 -0.586055 -0.929647 0.365419 0.0471793 -0.183591 0.136888 0.223659 0.965007 0.344549 0.31622 -0.384863 0.867113 0.400795 -0.930002 -0.306262 0.203222 -0.504304 0.187351 -0.87068 -0.45477 0.485867 
1534185185695 0.342031 0.903567 -0.258033 -0.586062 -0.929647 0.365405 0.0472762 -0.183607 0.137004 0.22371 0.964979 0.344581 0.31622 -0.384863 0.867113 0.400795 -0.930002 -0.306262 0.203222 -0.504304 0.187351 -0.87068 -0.45477 0.485867 
1534185185714 0.341982 0.90356 -0.258123 -0.586069 -0.929649 0.365389 0.0473727 -0.183625 0.137119 0.223763 0.96495 0.344616 0.31622 -0.384863 0.867113 0.400795 -0.930002 -0.306262 0.203222 -0.504304 0.187351 -0.87068 -0.45477 0.485867 
1534185185830 0.341933 0.903553 -0.258212 -0.586076 -0.92965 0.365374 0.0474693 -0.183642 0.137235 0.223816 0.964921 0.344649 0.31622 -0.384863 0.867113 0.400795 -0.930002 -0.306262 0.203222 -0.504304 0.187351 -0.87068 -0.45477 0.485867 
1534185185847 0.341883 0.903546 -0.258303 -0.586082 -0.929651 0.365358 0.0475658 -0.18366 0.137351 0.223869 0.964892 0.344685 0.31622 -0.384863 0.867113 0.400795 -0.930002 -0.306262 0.203222 -0.504304 0.187351 -0.87068 -0.45477 0.485867 
1534185185863 0.341833 0.903539 -0.258392 -0.586088 -0.929652 0.365343 0.0476623 -0.183677 0.137467 0.223922 0.964864 0.344719 0.31622 -0.384863 0.867113 0.400795 -0.930002 -0.306262 0.203222 -0.504304 0.187351 -0.87068 -0.45477 0.485867 
1534185185880 0.341784 0.903532 -0.258482 -0.586095 -0.929653 0.365328 0.0477588 -0.183695 0.137582 0.223975 0.964835 0.344753 0.31622 -0.384863 0.867113 0.400795 -0.930002 -0.306262 0.203222 -0.504304 0.187351 -0.87068 -0.45477 0.485867 
1534185185897 0.341735 0.903525 -0.258572 -0.586101 -0.929654 0.365312 0.0478553 -0.183712 0.137698 0.224028 0.964806 0.344787 0.31622 -0.384863 0.867113 0.400795 -0.930002 -0.306262 0.203222 -0.504304 0.187351 -0.87068 -0.45477 0.485867 
1534185185915 0.341685 0.903518 -0.258662 -0.586106 -0.929655 0.365297 0.0479518 -0.183729 0.137814 0.224082 0.964777 0.344823 0.31622 -0.384863 0.867113 0.400795 -0.930002 -0.306262 0.203222 -0.504304 0.187351 -0.87068 -0.45477 0.485867 
1534185185930 0.341636 0.903511 -0.258752 -0.586113 -0.929656 0.365282 0.0480483 -0.183747 0.137929 0.224135 0.964748 0.344858 0.31622 -0.384863 0.867113 0.400795 -0.930002 -0.306262 0.203222 -0.504304 0.187351 -0.87068 -0.45477 0.485867 
1534185185956 0.341896 0.903556 -0.258252 -0.586065 -0.929638 0.365382 0.0476388 -0.183573 0.137405 0.223793 0.964902 0.344615 0.31622 -0.384863 0.867113 0.400795 -0.930002 -0.306262 0.203222 -0.504304 0.187351 -0.87068 -0.45477 0.485867 
1534185185969 0.341921 0.903494 -0.258436 -0.586071 -0.929638 0.365401 0.0474956 -0.183577 0.137345 0.224012 0.96486 0.344665 0.31622 -0.384863 0.867113 0.400795 -0.930002 -0.306262 0.203222 -0.504304 0.187351 -0.87068 -0.45477 0.485867 
1534185185983 0.341946 0.903431 -0.25862 -0.586073 -0.929638 0.36542 0.0473509 -0.183578 0.137283 0.224232 0.964818 0.344716 0.31622 -0.384863 0.867113 0.400795 -0.930002 -0.306262 0.203222 -0.504304 0.187351 -0.87068 -0.45477 0.485867 
1534185186000 0.341971 0.903369 -0.258805 -0.586075 -0.929637 0.365439 0.0472062 -0.18358 0.137222 0.224451 0.964775 0.344768 0.31622 -0.384863 0.867113 0.400795 -0.930002 -0.306262 0.203222 -0.504304 0.187351 -0.87068 -0.45477 0.485867 
1534185186017 0.341996 0.903307 -0.258989 -0.586078 -0.929637 0.365458 0.0470617 -0.183582 0.137161 0.224671 0.964733 0.344818 0.31622 -0.384863 0.867113 0.400795 -0.930002 -0.306262 0.203222 -0.504304 0.187351 -0.87068 -0.45477 0.485867 
1534185186033 0.342021 0.903245 -0.259173 -0.586079 -0.929637 0.365477 0.0469169 -0.183584 0.137099 0.22489 0.964691 0.34487 0.31622 -0.384863 0.867113 0.400795 -0.930002 -0.306262 0.203222 -0.504304 0.187351 -0.87068 -0.45477 0.485867 
1534185186088 0.342046 0.903182 -0.259357 -0.586082 -0.929637 0.365496 0.0467723 -0.183586 0.137038 0.22511 0.964648 0.344921 0.31622 -0.384863 0.867113 0.400795 -0.930002 -0.306262 0.203222 -0.504304 0.187351 -0.87068 -0.45477 0.485867 
1534185186104 0.342072 0.90312 -0.259542 -0.586083 -0.929637 0.365515 0.0466276 -0.183587 0.136977 0.22533 0.964606 0.344972 0.31622 -0.384863 0.867113 0.400795 -0.930002 -0.306262 0.203222 -0.504304 0.187351 -0.87068 -0.45477 0.485867 
1534185186126 0.342097 0.903057 -0.259726 -0.586086 -0.929636 0.365534 0.046483 -0.183589 0.136916 0.225549 0.964563 0.345023 0.31622 -0.384863 0.867113 0.400795 -0.930002 -0.306262 0.203222 -0.504304 0.187351 -0.87068 -0.45477 0.485867 
1534185186143 0.342122 0.902995 -0.259911 -0.586086 -0.929636 0.365553 0.0463382 -0.183591 0.136854 0.225769 0.96452 0.345075 0.31622 -0.384863 0.867113 0.400795 -0.930002 -0.306262 0.203222 -0.504304 0.187351 -0.87068 -0.45477 0.485867 
1534185186175 0.342006 0.903244 -0.259196 -0.586072 -0.929637 0.365473 0.0469529 -0.183573 0.137139 0.2249 0.964683 0.344841 0.31622 -0.384863 0.867113 0.400795 -0.930002 -0.306262 0.203222 -0.504304 0.187351 -0.87068 -0.45477 0.485867 
1534185186189 0.341902 0.903252 -0.259303 -0.586074 -0.92966 0.365403 0.0470437 -0.183602 0.137243 0.22498 0.964649 0.344889 0.31622 -0.384863 0.867113 0.400795 -0.930002 -0.306262 0.203222 -0.504304 0.187351 -0.87068 -0.45477 0.485867 
1534185186206 0.341799 0.90326 -0.259412 -0.586074 -0.929683 0.365334 0.0471342 -0.183634 0.137346 0.22506 0.964616 0.344941 0.31622 -0.384863 0.867113 0.400795 -0.930002 -0.306262 0.203222 -0.504304 0.187351 -0.87068 -0.45477 0.485867 
1534185186212 0.341695 0.903268 -0.25952 -0.586074 -0.929705 0.365264 0.0472248 -0.183666 0.13745 0.225141 0.964582 0.344994 0.31622 -0.384863 0.867113 0.400795 -0.930002 -0.306262 0.203222 -0.504304 0.187351 -0.87068 -0.45477 0.485867 
1534185186226 0.341592 0.903276 -0.259628 -0.586074 -0.929728 0.365195 0.0473152 -0.183697 0.137553 0.225221 0.964549 0.345045 0.31622 -0.384863 0.867113 0.400795 -0.930002 -0.306262 0.203222 -0.504304 0.187351 -0.87068 -0.45477 0.485867 
1534185186242 0.341488 0.903284 -0.259736 -0.586073 -0.929751 0.365125 0.0474057 -0.183729 0.137657 0.225301 0.964515 0.345097 0.31622 -0.384863 0.867113 0.400795 -0.930002 -0.306262 0.203222 -0.504304 0.187351 -0.87068 -0.45477 0.485867 
1534185186249 0.341385 0.903292 -0.259844 -0.586073 -0.929773 0.365056 0.0474961 -0.18376 0.137761 0.225382 0.964482 0.345149 0.31622 -0.384863 0.867113 0.400795 -0.930002 -0.306262 0.203222 -0.504304 0.187351 -0.87068 -0.45477 0.485867 
1534185186323 0.341282 0.9033 -0.259952 -0.586073 -0.929796 0.364987 0.0475866 -0.183791 0.137864 0.225462 0.964448 0.3452 0.31622 -0.384863 0.867113 0.400795 -0.930002 -0.306262 0.203222 -0.504304 0.187351 -0.87068 -0.45477 0.485867 
1534185186340 0.341178 0.903308 -0.26006 -0.586072 -0.929818 0.364917 0.0476771 -0.183822 0.137968 0.225542 0.964415 0.345252 0.31622 -0.384863 0.867113 0.400795 -0.930002 -0.306262 0.203222 -0.504304 0.187351 -0.87068 -0.45477 0.485867 
1534185186356 0.341075 0.903316 -0.260168 -0.586072 -0.929841 0.364848 0.0477676 -0.183853 0.138071 0.225623 0.964381 0.345304 0.31622 -0.384863 0.867113 0.400795 -0.930002 -0.306262 0.203222 -0.504304 0.187351 -0.87068 -0.45477 0.485867 
1534185186380 0.341368 0.903336 -0.259714 -0.58607 -0.929829 0.364951 0.0472032 -0.183633 0.137423 0.225376 0.964531 0.345135 0.31622 -0.384863 0.867113 0.400795 -0.930002 -0.306262 0.203222 -0.504304 0.187351 -0.87068 -0.45477 0.485867 
1534185186393 0.34127 0.903366 -0.259739 -0.586066 -0.929837 0.364904 0.0474174 -0.183655 0.137615 0.225333 0.964514 0.345141 0.31622 -0.384863 0.867113 0.400795 -0.930002 -0.306262 0.203222 -0.504304 0.187351 -0.87068 -0.45477 0.485867 
1534185186410 0.341161 0.903401 -0.259761 -0.586062 -0.929847 0.364848 0.0476447 -0.183682 0.137815 0.225283 0.964497 0.345148 0.31622 -0.384863 0.867113 0.400795 -0.930002 -0.306262 0.203222 -0.504304 0.187351 -0.87068 -0.45477 0.485867 
1534185186426 0.341053 0.903436 -0.259781 -0.58606 -0.929857 0.364792 0.047872 -0.18371 0.138016 0.225233 0.96448 0.345155 0.31622 -0.384863 0.867113 0.400795 -0.930002 -0.306262 0.203222 -0.504304 0.187351 -0.87068 -0.45477 0.485867 
1534185186443 0.340944 0.903471 -0.259802 -0.586058 -0.929868 0.364736 0.0480994 -0.183739 0.138216 0.225182 0.964463 0.345161 0.31622 -0.384863 0.867113 0.400795 -0.930002 -0.306262 0.203222 -0.504304 0.187351 -0.87068 -0.45477 0.485867 
1534185186460 0.340835 0.903506 -0.259822 -0.586056 -0.929878 0.364681 0.0483267 -0.183767 0.138416 0.225132 0.964446 0.345168 0.31622 -0.384863 0.867113 0.400795 -0.930002 -0.306262 0.203222 -0.504304 0.187351 -0.87068 -0.45477 0.485867 
1534185186476 0.340726 0.903541 -0.259843 -0.586053 -0.929888 0.364625 0.0485539 -0.183794 0.138616 0.225081 0.964429 0.345175 0.31622 -0.384863 0.867113 0.400795 -0.930002 -0.306262 0.203222 -0.504304 0.187351 -0.87068 -0.45477 0.485867 
1534185186493 0.340618 0.903577 -0.259864 -0.586051 -0.929898 0.364569 0.0487813 -0.183822 0.138816 0.225031 0.964412 0.345181 0.31622 -0.384863 0.867113 0.400795 -0.930002 -0.306262 0.203222 -0.504304 0.187351 -0.87068 -0.45477 0.485867 
1534185186510 0.340509 0.903612 -0.259884 -0.586049 -0.929908 0.364513 0.0490085 -0.18385 0.139016 0.224981 0.964395 0.345188 0.31622 -0.384863 0.867113 0.400795 -0.930002 -0.306262 0.203222 -0.504304 0.187351 -0.87068 -0.45477 0.485867 
1534185186526 0.3404 0.903647 -0.259905 -0.586046 -0.929918 0.364457 0.0492357 -0.183877 0.139216 0.224931 0.964378 0.345195 0.31622 -0.384863 0.867113 0.400795 -0.930002 -0.306262 0.203222 -0.504304 0.187351 -0.87068 -0.45477 0.485867 
1534185186561 0.341015 0.903445 -0.2598 -0.586037 -0.929865 0.364766 0.0479148 -0.183804 0.138055 0.22524 0.964473 0.345252 0.31622 -0.384863 0.867113 0.400795 -0.930002 -0.306262 0.203222 -0.504304 0.187351 -0.87068 -0.45477 0.485867 
1534185186573 0.340963 0.903417 -0.259964 -0.586045 -0.929855 0.364773 0.0480673 -0.183831 0.138253 0.22534 0.964421 0.345298 0.31622 -0.384863 0.867113 0.400795 -0.930002 -0.306262 0.203222 -0.504304 0.187351 -0.87068 -0.45477 0.485867 
1534185186590 0.34091 0.90339 -0.260129 -0.586051 -0.929845 0.364778 0.0482197 -0.183858 0.138451 0.225441 0.964369 0.345345 0.31622 -0.384863 0.867113 0.400795 -0.930002 -0.306262 0.203222 -0.504304 0.187351 -0.87068 -0.45477 0.485867 
1534185186606 0.340857 0.903362 -0.260294 -0.586057 -0.929835 0.364784 0.048372 -0.183885 0.138649 0.225543 0.964317 0.345394 0.31622 -0.384863 0.867113 0.400795 -0.930002 -0.306262 0.203222 -0.504304 0.187351 -0.87068 -0.45477 0.485867 
1534185186623 0.340805 0.903334 -0.26046 -0.586061 -0.929825 0.36479 0.0485243 -0.183911 0.138847 0.225644 0.964265 0.345442 0.31622 -0.384863 0.867113 0.400795 -0.930002 -0.306262 0.203222 -0.504304 0.187351 -0.87068 -0.45477 0.485867 
1534185186640 0.340752 0.903307 -0.260624 -0.586067 -0.929814 0.364795 0.0486767 -0.183938 0.139045 0.225746 0.964212 0.345489 0.31622 -0.384863 0.867113 0.400795 -0.930002 -0.306262 0.203222 -0.504304 0.187351 -0.87068 -0.45477 0.485867 
1534185186678 0.340699 0.903279 -0.260789 -0.586072 -0.929804 0.364801 0.048829 -0.183964 0.139242 0.225847 0.96416 0.345538 0.31622 -0.384863 0.867113 0.400795 -0.930002 -0.306262 0.203222 -0.504304 0.187351 -0.87068 -0.45477 0.485867 
1534185186695 0.340646 0.903251 -0.260954 -0.586077 -0.929794 0.364807 0.0489813 -0.18399 0.13944 0.225948 0.964108 0.345585 0.31622 -0.384863 0.867113 0.400795 -0.930002 -0.306262 0.203222 -0.504304 0.187351 -0.87068 -0.45477 0.485867 
1534185186711 0.340593 0.903224 -0.261119 -0.586081 -0.929783 0.364813 0.0491336 -0.184017 0.139638 0.22605 0.964055 0.345633 0.31622 -0.384863 0.867113 0.400795 -0.930002 -0.306262 0.203222 -0.504304 0.187351 -0.87068 -0.45477 0.485867 
1534185186728 0.34054 0.903196 -0.261284 -0.586087 -0.929773 0.364819 0.0492859 -0.184043 0.139836 0.226151 0.964003 0.345681 0.31622 -0.384863 0.867113 0.400795 -0.930002 -0.306262 0.203222 -0.504304 0.187351 -0.87068 -0.45477 0.485867 
1534185186748 0.340601 0.903371 -0.260598 -0.586116 -0.929865 0.364656 0.0487606 -0.183941 0.139077 0.225713 0.964215 0.34542 0.31622 -0.384863 0.867113 0.400795 -0.930002 -0.306262 0.203222 -0.504304 0.187351 -0.87068 -0.45477 0.485867 
1534185186763 0.340604 0.903356 -0.260646 -0.586118 -0.929865 0.36466 0.0487339 -0.183938 0.139071 0.225766 0.964204 0.345411 0.31622 -0.384863 0.867113 0.400795 -0.930002 -0.306262 0.203222 -0.504304 0.187351 -0.87068 -0.45477 0.485867 
1534185186778 0.340609 0.90334 -0.260695 -0.586116 -0.929864 0.364666 0.048706 -0.183932 0.139065 0.225821 0.964192 0.345405 0.31622 -0.384863 0.867113 0.400795 -0.930002 -0.306262 0.203222 -0.504304 0.187351 -0.87068 -0.45477 0.485867 
1534185186795 0.340613 0.903324 -0.260744 -0.586115 -0.929863 0.364671 0.0486783 -0.183926 0.139058 0.225876 0.96418 0.345398 0.31622 -0.384863 0.867113 0.400795 -0.930002 -0.306262 0.203222 -0.504304 0.187351 -0.87068 -0.45477 0.485867 
1534185186812 0.340618 0.903309 -0.260793 -0.586112 -0.929862 0.364677 0.0486507 -0.183919 0.139052 0.22593 0.964168 0.345392 0.31622 -0.384863 0.867113 0.400795 -0.930002 -0.306262 0.203222 -0.504304 0.187351 -0.87068 -0.45477 0.485867 
1534185186828 0.340623 0.903293 -0.260841 -0.586111 -0.929862 0.364682 0.0486232 -0.183914 0.139045 0.225984 0.964156 0.345385 0.31622 -0.384863 0.867113 0.400795 -0.930002 -0.306262 0.203222 -0.504304 0.187351 -0.87068 -0.45477 0.485867 
1534185186845 0.340627 0.903277 -0.26089 -0.586109 -0.929861 0.364688 0.0485955 -0.183908 0.139039 0.226039 0.964145 0.345379 0.31622 -0.384863 0.867113 0.400795 -0.930002 -0.306262 0.203222 -0.504304 0.187351 -0.87068 -0.45477 0.485867 
1534185186861 0.340632 0.903261 -0.260939 -0.586107 -0.92986 0.364693 0.048568 -0.183902 0.139032 0.226093 0.964133 0.345372 0.31622 -0.384863 0.867113 0.400795 -0.930002 -0.306262 0.203222 -0.504304 0.187351 -0.87068 -0.45477 0.485867 
1534185186878 0.340637 0.903245 -0.260988 -0.586104 -0.929859 0.364699 0.0485403 -0.183896 0.139026 0.226148 0.964121 0.345365 0.31622 -0.384863 0.867113 0.400795 -0.930002 -0.306262 0.203222 -0.504304 0.187351 -0.87068 -0.45477 0.485867 
1534185186895 0.340641 0.903229 -0.261037 -0.586103 -0.929859 0.364704 0.0485127 -0.18389 0.139019 0.226202 0.964109 0.345359 0.31622 -0.384863 0.867113 0.400795 -0.930002 -0.306262 0.203222 -0.504304 0.187351 -0.87068 -0.45477 0.485867 
1534185186917 0.340671 0.903193 -0.261122 -0.58611 -0.929759 0.364882 0.0490841 -0.184022 0.139611 0.226059 0.964057 0.345633 0.31622 -0.384863 0.867113 0.400795 -0.930002 -0.306262 0.203222 -0.504304 0.187351 -0.87068 -0.45477 0.485867 
1534185186931 0.340692 0.903209 -0.26104 -0.586106 -0.929772 0.364864 0.0489687 -0.184024 0.139473 0.226024 0.964085 0.345636 0.31622 -0.384863 0.867113 0.400795 -0.930002 -0.306262 0.203222 -0.504304 0.187351 -0.87068 -0.45477 0.485867 
1534185186948 0.340713 0.903226 -0.260955 -0.586107 -0.929785 0.364847 0.0488539 -0.184023 0.139335 0.225987 0.964114 0.345636 0.31622 -0.384863 0.867113 0.400795 -0.930002 -0.306262 0.203222 -0.504304 0.187351 -0.87068 -0.45477 0.485867 
1534185186965 0.340734 0.903242 -0.260872 -0.586107 -0.929798 0.364829 0.0487395 -0.184024 0.139197 0.225951 0.964142 0.345636 0.31622 -0.384863 0.867113 0.400795 -0.930002 -0.306262 0.203222 -0.504304 0.187351 -0.87068 -0.45477 0.485867 
1534185186981 0.340755 0.903258 -0.260788 -0.586106 -0.929811 0.364811 0.048625 -0.184024 0.139059 0.225914 0.964171 0.345637 0.31622 -0.384863 0.867113 0.400795 -0.930002 -0.306262 0.203222 -0.504304 0.187351 -0.87068 -0.45477 0.485867 
1534185186998 0.340776 0.903275 -0.260704 -0.586107 -0.929824 0.364793 0.0485107 -0.184025 0.138922 0.225878 0.964199 0.345638 0.31622 -0.384863 0.867113 0.400795 -0.930002 -0.306262 0.203222 -0.504304 0.187351 -0.87068 -0.45477 0.485867 
1534185187015 0.340797 0.903291 -0.260621 -0.586106 -0.929837 0.364775 0.0483962 -0.184026 0.138784 0.225841 0.964228 0.345639 0.31622 -0.384863 0.867113 0.400795 -0.930002 -0.306262 0.203222 -0.504304 0.187351 -0.87068 -0.45477 0.485867 
1534185187031 0.340817 0.903307 -0.260537 -0.586108 -0.92985 0.364757 0.0482819 -0.184027 0.138646 0.225805 0.964256 0.345639 0.31622 -0.384863 0.867113 0.400795 -0.930002 -0.306262 0.203222 -0.504304 0.187351 -0.87068 -0.45477 0.485867 
1534185187048 0.340838 0.903324 -0.260453 -0.586107 -0.929863 0.36474 0.0481675 -0.184028 0.138508 0.225768 0.964284 0.34564 0.31622 -0.384863 0.867113 0.400795 -0.930002 -0.306262 0.203222 -0.504304 0.187351 -0.87068 -0.45477 0.485867 
1534185187065 0.340859 0.90334 -0.260369 -0.586107 -0.929876 0.364722 0.0480531 -0.184028 0.138371 0.225732 0.964313 0.345641 0.31622 -0.384863 0.867113 0.400795 -0.930002 -0.306262 0.203222 -0.504304 0.187351 -0.87068 -0.45477 0.485867 
1534185187093 0.340527 0.903257 -0.261091 -0.586135 -0.929861 0.364661 0.0487926 -0.183913 0.139282 0.226164 0.96408 0.345507 0.31622 -0.384863 0.867113 0.400795 -0.930002 -0.306262 0.203222 -0.504304 0.187351 -0.87068 -0.45477 0.485867 
1534185187105 0.340594 0.903346 -0.260694 -0.586146 -0.929854 0.364675 0.048814 -0.183905 0.139165 0.225782 0.964187 0.345454 0.31622 -0.384863 0.867113 0.400795 -0.930002 -0.306262 0.203222 -0.504304 0.187351 -0.87068 -0.45477 0.485867 
1534185187121 0.340659 0.903436 -0.260296 -0.586162 -0.929848 0.364689 0.0488358 -0.1839 0.139047 0.225399 0.964293 0.345398 0.31622 -0.384863 0.867113 0.400795 -0.930002 -0.306262 0.203222 -0.504304 0.187351 -0.87068 -0.45477 0.485867 
1534185187138 0.340725 0.903526 -0.259898 -0.586178 -0.929841 0.364702 0.0488575 -0.183894 0.138929 0.225017 0.964399 0.345343 0.31622 -0.384863 0.867113 0.400795 -0.930002 -0.306262 0.203222 -0.504304 0.187351 -0.87068 -0.45477 0.485867 
1534185187155 0.340791 0.903616 -0.259499 -0.586194 -0.929835 0.364716 0.0488793 -0.183889 0.138812 0.224634 0.964506 0.345288 0.31622 -0.384863 0.867113 0.400795 -0.930002 -0.306262 0.203222 -0.504304 0.187351 -0.87068 -0.45477 0.485867 
1534185187248 0.340856 0.903706 -0.259101 -0.586211 -0.929828 0.36473 0.0489011 -0.183884 0.138694 0.224251 0.964612 0.345233 0.31622 -0.384863 0.867113 0.400795 -0.930002 -0.306262 0.203222 -0.504304 0.187351 -0.87068 -0.45477 0.485867 
1534185187275 0.340922 0.903795 -0.258703 -0.586226 -0.929822 0.364743 0.0489228 -0.183878 0.138576 0.223869 0.964717 0.345178 0.31622 -0.384863 0.867113 0.400795 -0.930002 -0.306262 0.203222 -0.504304 0.187351 -0.87068 -0.45477 0.485867 
1534185187308 0.340988 0.903884 -0.258305 -0.586241 -0.929815 0.364757 0.0489445 -0.183872 0.138459 0.223486 0.964823 0.345123 0.31622 -0.384863 0.867113 0.400795 -0.930002 -0.306262 0.203222 -0.504304 0.187351 -0.87068 -0.45477 0.485867 
1534185187374 0.341053 0.903973 -0.257906 -0.586258 -0.929809 0.364771 0.0489664 -0.183867 0.138341 0.223103 0.964928 0.345068 0.31622 -0.384863 0.867113 0.400795 -0.930002 -0.306262 0.203222 -0.504304 0.187351 -0.87068 -0.45477 0.485867 
1534185187402 0.341119 0.904062 -0.257508 -0.586274 -0.929802 0.364784 0.0489881 -0.183861 0.138223 0.22272 0.965034 0.345013 0.31622 -0.384863 0.867113 0.400795 -0.930002 -0.306262 0.203222 -0.504304 0.187351 -0.87068 -0.45477 0.485867 
1534185187444 0.341047 0.903841 -0.258377 -0.586206 -0.929809 0.364793 0.0487889 -0.183892 0.138352 0.223602 0.964811 0.345168 0.31622 -0.384863 0.867113 0.400795 -0.930002 -0.306262 0.203222 -0.504304 0.187351 -0.87068 -0.45477 0.485867 
1534185187454 0.341145 0.903905 -0.258023 -0.586217 -0.929811 0.364808 0.0486465 -0.18387 0.138101 0.223317 0.964913 0.345105 0.31622 -0.384863 0.867113 0.400795 -0.930002 -0.306262 0.203222 -0.504304 0.187351 -0.87068 -0.45477 0.485867 
1534185187471 0.341241 0.90397 -0.257667 -0.586232 -0.929813 0.364823 0.0485055 -0.183849 0.13785 0.22303 0.965015 0.345041 0.31622 -0.384863 0.867113 0.400795 -0.930002 -0.306262 0.203222 -0.504304 0.187351 -0.87068 -0.45477 0.485867 
1534185187487 0.341338 0.904035 -0.257312 -0.586247 -0.929814 0.364837 0.0483644 -0.183829 0.1376 0.222743 0.965117 0.344977 0.31622 -0.384863 0.867113 0.400795 -0.930002 -0.306262 0.203222 -0.504304 0.187351 -0.87068 -0.45477 0.485867 
1534185187504 0.341434 0.9041 -0.256956 -0.586261 -0.929816 0.364852 0.0482233 -0.183808 0.13735 0.222457 0.965219 0.344914 0.31622 -0.384863 0.867113 0.400795 -0.930002 -0.306262 0.203222 -0.504304 0.187351 -0.87068 -0.45477 0.485867 
1534185187521 0.341531 0.904164 -0.2566 -0.586277 -0.929818 0.364866 0.0480823 -0.183787 0.137099 0.22217 0.965321 0.34485 0.31622 -0.384863 0.867113 0.400795 -0.930002 -0.306262 0.203222 -0.504304 0.187351 -0.87068 -0.45477 0.485867 
1534185187620 0.341627 0.904229 -0.256245 -0.586291 -0.929819 0.364881 0.0479412 -0.183767 0.136849 0.221883 0.965422 0.344786 0.31622 -0.384863 0.867113 0.400795 -0.930002 -0.306262 0.203222 -0.504304 0.187351 -0.87068 -0.45477 0.485867 
1534185187642 0.341723 0.904293 -0.255889 -0.586307 -0.929821 0.364896 0.0478002 -0.183746 0.136598 0.221596 0.965524 0.344722 0.31622 -0.384863 0.867113 0.400795 -0.930002 -0.306262 0.203222 -0.504304 0.187351 -0.87068 -0.45477 0.485867 
1534185187676 0.341819 0.904357 -0.255533 -0.586322 -0.929822 0.36491 0.0476592 -0.183726 0.136348 0.22131 0.965625 0.344658 0.31622 -0.384863 0.867113 0.400795 -0.930002 -0.306262 0.203222 -0.504304 0.187351 -0.87068 -0.45477 0.485867 
1534185187745 0.341915 0.904422 -0.255178 -0.586336 -0.929823 0.364925 0.0475181 -0.183705 0.136097 0.221023 0.965726 0.344594 0.31622 -0.384863 0.867113 0.400795 -0.930002 -0.306262 0.203222 -0.504304 0.187351 -0.87068 -0.45477 0.485867 
1534185187775 0.341665 0.904277 -0.256024 -0.586267 -0.929826 0.364872 0.0478722 -0.183792 0.136706 0.221701 0.965484 0.344703 0.31622 -0.384863 0.867113 0.400795 -0.930002 -0.306262 0.203222 -0.504304 0.187351 -0.87068 -0.45477 0.485867 
1534185187792 0.341853 0.904252 -0.25586 -0.586284 -0.929797 0.364981 0.0476079 -0.183765 0.136434 0.221623 0.965541 0.344697 0.31622 -0.384863 0.867113 0.400795 -0.930002 -0.306262 0.203222 -0.504304 0.187351 -0.87068 -0.45477 0.485867 
1534185187810 0.342041 0.904227 -0.255696 -0.586303 -0.929768 0.36509 0.0473433 -0.183736 0.136161 0.221544 0.965597 0.34469 0.31622 -0.384863 0.867113 0.400795 -0.930002 -0.306262 0.203222 -0.504304 0.187351 -0.87068 -0.45477 0.485867 
1534185187825 0.342229 0.904203 -0.255532 -0.586322 -0.929738 0.365199 0.047079 -0.183707 0.135889 0.221466 0.965654 0.344684 0.31622 -0.384863 0.867113 0.400795 -0.930002 -0.306262 0.203222 -0.504304 0.187351 -0.87068 -0.45477 0.485867 
1534185187842 0.342418 0.904178 -0.255367 -0.586341 -0.929709 0.365308 0.0468143 -0.183678 0.135616 0.221387 0.96571 0.344678 0.31622 -0.384863 0.867113 0.400795 -0.930002 -0.306262 0.203222 -0.504304 0.187351 -0.87068 -0.45477 0.485867 
1534185187860 0.342606 0.904153 -0.255203 -0.586361 -0.929679 0.365417 0.0465499 -0.18365 0.135344 0.221308 0.965766 0.344671 0.31622 -0.384863 0.867113 0.400795 -0.930002 -0.306262 0.203222 -0.504304 0.187351 -0.87068 -0.45477 0.485867 
1534185187907 0.342794 0.904128 -0.255038 -0.58638 -0.929649 0.365526 0.0462855 -0.183621 0.135071 0.22123 0.965822 0.344665 0.31622 -0.384863 0.867113 0.400795 -0.930002 -0.306262 0.203222 -0.504304 0.187351 -0.87068 -0.45477 0.485867 
1534185187914 0.342982 0.904103 -0.254873 -0.586399 -0.92962 0.365636 0.046021 -0.183593 0.134798 0.22115 0.965879 0.344658 0.31622 -0.384863 0.867113 0.400795 -0.930002 -0.306262 0.203222 -0.504304 0.187351 -0.87068 -0.45477 0.485867 
1534185187937 0.34317 0.904078 -0.254709 -0.58642 -0.92959 0.365745 0.0457566 -0.183564 0.134526 0.221072 0.965935 0.344652 0.31622 -0.384863 0.867113 0.400795 -0.930002 -0.306262 0.203222 -0.504304 0.187351 -0.87068 -0.45477 0.485867 
1534185187953 0.343358 0.904054 -0.254543 -0.586439 -0.92956 0.365854 0.0454923 -0.183535 0.134253 0.220993 0.965991 0.344645 0.31622 -0.384863 0.867113 0.400795 -0.930002 -0.306262 0.203222 -0.504304 0.187351 -0.87068 -0.45477 0.485867 
1534185187988 0.342697 0.904098 -0.255277 -0.586342 -0.929614 0.365561 0.0467186 -0.183781 0.135557 0.221299 0.965739 0.344702 0.31622 -0.384863 0.867113 0.400795 -0.930002 -0.306262 0.203222 -0.504304 0.187351 -0.87068 -0.45477 0.485867 
1534185188001 0.3426 0.904055 -0.255558 -0.586325 -0.929612 0.365542 0.0469002 -0.183794 0.135818 0.221502 0.965655 0.344726 0.31622 -0.384863 0.867113 0.400795 -0.930002 -0.306262 0.203222 -0.504304 0.187351 -0.87068 -0.45477 0.485867 
1534185188018 0.342502 0.904012 -0.25584 -0.586303 -0.92961 0.365524 0.0470819 -0.183805 0.136078 0.221706 0.965572 0.344751 0.31622 -0.384863 0.867113 0.400795 -0.930002 -0.306262 0.203222 -0.504304 0.187351 -0.87068 -0.45477 0.485867 
1534185188034 0.342404 0.90397 -0.256122 -0.586282 -0.929608 0.365506 0.0472636 -0.183816 0.136339 0.22191 0.965488 0.344777 0.31622 -0.384863 0.867113 0.400795 -0.930002 -0.306262 0.203222 -0.504304 0.187351 -0.87068 -0.45477 0.485867 
1534185188154 0.342306 0.903927 -0.256403 -0.58626 -0.929606 0.365488 0.0474453 -0.183826 0.1366 0.222113 0.965405 0.344802 0.31622 -0.384863 0.867113 0.400795 -0.930002 -0.306262 0.203222 -0.504304 0.187351 -0.87068 -0.45477 0.485867 
1534185188171 0.342208 0.903884 -0.256685 -0.586239 -0.929604 0.36547 0.0476271 -0.183838 0.13686 0.222317 0.965321 0.344827 0.31622 -0.384863 0.867113 0.400795 -0.930002 -0.306262 0.203222 -0.504304 0.187351 -0.87068 -0.45477 0.485867 
1534185188187 0.34211 0.903841 -0.256967 -0.586217 -0.929601 0.365453 0.0478088 -0.183848 0.137121 0.222521 0.965237 0.344853 0.31622 -0.384863 0.867113 0.400795 -0.930002 -0.306262 0.203222 -0.504304 0.187351 -0.87068 -0.45477 0.485867 
