0.275657 -0.8825 0.381061 -0.604483 0.633204 0.464965 0.618757 -0.181741 -0.723233 0.0707247 0.686973 0.426588 -0.054331 -0.99716 -0.0521488 0.337 -0.152329 0.0598917 -0.986514 -0.500398 0.986835 -0.0456545 -0.15515 0.449736 
0.253065 -0.943704 0.213027 0.420533 -0.141007 -0.253823 -0.956917 -0.351917 0.957118 0.212124 -0.197303 0.789374 -0.0504291 -0.997082 -0.0573177 0.341659 -0.152479 0.0644044 -0.986206 -0.499113 0.987019 -0.0409938 -0.155281 0.448699 
0.190657 -0.949375 0.249676 0.341173 0.0933737 -0.23565 -0.967342 -0.403022 0.977206 0.207743 0.0437185 0.723742 -0.0465311 -0.996961 -0.0624847 0.346308 -0.152646 0.0689144 -0.985875 -0.497807 0.987185 -0.0363358 -0.155389 0.447664 
0.14121 -0.953321 0.266904 0.231558 0.356227 -0.202616 -0.912167 -0.220296 0.923668 0.223886 0.310987 0.895308 -0.0426361 -0.996798 -0.0676496 0.350948 -0.15283 0.0734213 -0.985521 -0.496488 0.987332 -0.0316799 -0.155471 0.446631 
0.168068 -0.903703 0.393794 -0.254125 0.665572 -0.190648 -0.721572 -0.000121093 0.727163 0.383372 0.569438 1.04446 -0.0387442 -0.996593 -0.0728122 0.355578 -0.15303 0.0779251 -0.985144 -0.495154 0.987462 -0.0270261 -0.155528 0.445601 
0.0438059 -0.954355 0.295446 -0.380149 0.827968 -0.130809 -0.545305 -0.374229 0.559061 0.268508 0.784445 0.90383 -0.0348551 -0.996346 -0.0779727 0.360195 -0.153246 0.0824258 -0.984744 -0.493806 0.987573 -0.0223744 -0.155559 0.444573 
-0.0317052 -0.968313 0.247718 -0.408992 0.931084 -0.118731 -0.344944 -0.433466 0.363426 0.219709 0.905345 0.802256 -0.0309675 -0.996057 -0.083132 0.364782 -0.153478 0.0869242 -0.984321 -0.492436 0.987667 -0.017723 -0.155565 0.443552 
-0.0851518 -0.969094 0.231531 -0.487389 0.988571 -0.111186 -0.101805 -0.380521 0.124401 0.220216 0.967486 0.700681 -0.027069 -0.995727 -0.0882942 0.369242 -0.153724 0.0914223 -0.983876 -0.490998 0.987743 -0.0130596 -0.155541 0.442539 
-0.128794 -0.969831 0.206976 -0.540539 0.986247 -0.103467 0.128886 -0.317685 -0.103583 0.220729 0.969819 0.59569 -0.0230658 -0.995356 -0.0934565 0.373002 -0.153945 0.0959027 -0.983414 -0.489298 0.98781 -0.00829613 -0.155442 0.441423 
-0.151757 -0.97411 0.16757 -0.566309 0.937091 -0.087873 0.337844 -0.246562 -0.314372 0.208299 0.926165 0.504807 -0.0181167 -0.995007 -0.0981516 0.373324 -0.153854 0.0997729 -0.983043 -0.486694 0.987928 -0.00270853 -0.154893 0.439201 
-0.151757 -0.97411 0.16757 -0.566309 0.937091 -0.087873 0.337844 -0.246562 -0.314372 0.208299 0.926165 0.504807 -0.0179843 -0.994994 -0.098304 0.373411 -0.153844 0.0999028 -0.983032 -0.486649 0.987931 -0.00255562 -0.154871 0.439168 
0.349419 -0.918565 0.184781 0.0796354 -0.0891712 -0.228918 -0.969353 -0.615616 0.932714 0.322233 -0.161898 0.808256 -0.0177497 -0.994941 -0.0988782 0.374577 -0.153944 0.100434 -0.982962 -0.486846 0.98792 -0.00222553 -0.154948 0.439277 
0.29836 -0.919951 0.254306 0.102747 0.105778 -0.232929 -0.966724 -0.703587 0.948574 0.315332 0.0278134 0.693081 -0.0175156 -0.994888 -0.0994523 0.375742 -0.154045 0.100965 -0.982892 -0.487041 0.987909 -0.00189582 -0.155026 0.439387 
0.224196 -0.925454 0.305403 0.00446323 0.346783 -0.217109 -0.912472 -0.729118 0.910757 0.310482 0.272257 0.655026 -0.0172818 -0.994835 -0.100026 0.376906 -0.154145 0.101496 -0.982821 -0.487235 0.987897 -0.00156643 -0.155103 0.439496 
0.108098 -0.945763 0.306346 -0.0547268 0.570111 -0.193471 -0.798462 -0.715907 0.814425 0.260964 0.518276 0.684841 -0.0170485 -0.994781 -0.1006 0.378069 -0.154245 0.102027 -0.982751 -0.487428 0.987886 -0.00123736 -0.155179 0.439605 
0.014708 -0.960456 0.278042 -0.183866 0.773258 -0.165369 -0.612148 -0.654558 0.633921 0.224001 0.740248 0.73526 -0.0168156 -0.994727 -0.101174 0.379229 -0.154345 0.102558 -0.98268 -0.487618 0.987874 -0.000908626 -0.155255 0.439714 
-0.0490379 -0.966086 0.253523 -0.345264 0.917999 -0.143606 -0.369668 -0.547165 0.393538 0.214606 0.893908 0.726951 -0.0165832 -0.994672 -0.101749 0.380382 -0.154444 0.103089 -0.982609 -0.487797 0.987862 -0.000580322 -0.155331 0.439827 
-0.0967926 -0.966217 0.238863 -0.463301 0.98441 -0.128347 -0.120267 -0.435654 0.146861 0.223498 0.963577 0.651568 -0.0163511 -0.994617 -0.102325 0.381489 -0.154542 0.103623 -0.982537 -0.48793 0.987851 -0.000252076 -0.155405 0.439944 
-0.13721 -0.967523 0.212305 -0.525996 0.986893 -0.115149 0.113057 -0.352162 -0.0849386 0.225035 0.970641 0.561023 -0.0161046 -0.994562 -0.102895 0.382339 -0.154613 0.104148 -0.98247 -0.487852 0.987844 8.65851e-05 -0.155449 0.439999 
-0.167061 -0.971751 0.166703 -0.552487 0.940193 -0.106106 0.323696 -0.297236 -0.296864 0.21081 0.93136 0.485386 -0.0156161 -0.994542 -0.103165 0.381937 -0.154488 0.104339 -0.98247 -0.486998 0.987871 0.000595482 -0.155274 0.439376 
-0.167061 -0.971751 0.166703 -0.552487 0.940193 -0.106106 0.323696 -0.297236 -0.296864 0.21081 0.93136 0.485386 -0.0157194 -0.994531 -0.103249 0.381886 -0.154545 0.104437 -0.98245 -0.487042 0.987861 0.000513004 -0.155341 0.439326 
0.333476 -0.920851 0.202056 0.149879 -0.0807832 -0.241447 -0.967046 -0.686104 0.939291 0.306164 -0.154906 0.717122 -0.0157112 -0.994521 -0.103348 0.382284 -0.15459 0.104534 -0.982433 -0.48731 0.987854 0.000541361 -0.155385 0.43946 
0.285369 -0.919913 0.268933 0.162916 0.10333 -0.249435 -0.962863 -0.734137 0.952831 0.30256 0.023874 0.633713 -0.0157028 -0.994511 -0.103447 0.382681 -0.154634 0.10463 -0.982416 -0.487577 0.987847 0.000569767 -0.155429 0.439595 
0.208263 -0.927198 0.311338 0.0601141 0.340443 -0.229692 -0.911779 -0.742856 0.916911 0.295882 0.267821 0.617797 -0.0156944 -0.994501 -0.103545 0.383078 -0.154679 0.104726 -0.982399 -0.487844 0.98784 0.000598101 -0.155472 0.439729 
0.094487 -0.947368 0.305885 -0.0189931 0.572566 -0.199642 -0.79518 -0.720327 0.814396 0.250274 0.523567 0.666925 -0.0156861 -0.994491 -0.103644 0.383475 -0.154723 0.104823 -0.982381 -0.48811 0.987833 0.000626364 -0.155515 0.439864 
0.00586005 -0.960034 0.279822 -0.167131 0.776311 -0.172017 -0.606425 -0.650673 0.630323 0.220783 0.744277 0.714332 -0.015678 -0.994481 -0.103743 0.383872 -0.154768 0.104919 -0.982364 -0.488375 0.987827 0.000654485 -0.155558 0.439999 
-0.0532049 -0.963001 0.264193 -0.332805 0.916444 -0.152168 -0.370102 -0.538286 0.39661 0.222427 0.890633 0.690653 -0.0156705 -0.99447 -0.103842 0.384265 -0.154812 0.105015 -0.982347 -0.488634 0.98782 0.00068207 -0.155602 0.440135 
-0.0997841 -0.963158 0.249738 -0.446253 0.982162 -0.135545 -0.130326 -0.431675 0.159375 0.232278 0.959503 0.613196 -0.0156654 -0.99446 -0.103941 0.384639 -0.154856 0.105113 -0.982329 -0.48886 0.987813 0.000707309 -0.155644 0.440276 
-0.139889 -0.965649 0.21898 -0.510244 0.98757 -0.120059 0.101446 -0.354667 -0.0716709 0.230449 0.970441 0.531561 -0.015666 -0.99445 -0.104036 0.384903 -0.154883 0.105206 -0.982315 -0.488942 0.987809 0.000724448 -0.155671 0.440384 
-0.171272 -0.970356 0.170514 -0.541385 0.943183 -0.111471 0.313017 -0.308601 -0.28473 0.214437 0.934315 0.464188 -0.0156221 -0.99446 -0.103944 0.384645 -0.154801 0.105109 -0.982338 -0.488491 0.987822 0.000744491 -0.155586 0.440104 
-0.171272 -0.970356 0.170514 -0.541385 0.943183 -0.111471 0.313017 -0.308601 -0.28473 0.214437 0.934315 0.464188 -0.0155971 -0.994458 -0.103973 0.384621 -0.154863 0.105134 -0.982326 -0.488487 0.987813 0.000780215 -0.155645 0.440108 
0.324198 -0.92264 0.208882 0.182148 -0.0840904 -0.248041 -0.965093 -0.708597 0.942245 0.295316 -0.157999 0.674892 -0.0161785 -0.994333 -0.105077 0.384837 -0.154677 0.106314 -0.982228 -0.488628 0.987833 0.000361965 -0.155521 0.440151 
0.277198 -0.921132 0.273271 0.188444 0.0966301 -0.256247 -0.961769 -0.739048 0.955941 0.293007 0.0179776 0.613676 -0.0167593 -0.994206 -0.106181 0.385054 -0.154491 0.107496 -0.982129 -0.488769 0.987852 -5.58358e-05 -0.155397 0.440194 
0.190502 -0.931683 0.309314 0.0938118 0.34287 -0.232095 -0.91026 -0.735391 0.919864 0.279461 0.275232 0.616601 -0.0173399 -0.994077 -0.107286 0.38527 -0.154303 0.108677 -0.982028 -0.48891 0.987871 -0.00047378 -0.155274 0.440236 
0.0796623 -0.949484 0.303536 -0.000919465 0.578262 -0.204012 -0.789931 -0.69863 0.811952 0.238451 0.532799 0.664289 -0.0179203 -0.993947 -0.10839 0.385486 -0.154115 0.109858 -0.981927 -0.489051 0.98789 -0.000891879 -0.155151 0.440279 
0.00136131 -0.95724 0.289293 -0.160146 0.778376 -0.180603 -0.60126 -0.613301 0.627797 0.225997 0.744846 0.687161 -0.0185005 -0.993815 -0.109494 0.385702 -0.153926 0.111039 -0.981823 -0.489191 0.987909 -0.00131014 -0.155028 0.440322 
-0.0526623 -0.95844 0.28039 -0.314943 0.911796 -0.160657 -0.377912 -0.505226 0.407253 0.235757 0.882363 0.644969 -0.0190805 -0.993682 -0.110599 0.385916 -0.153736 0.11222 -0.981719 -0.489328 0.987928 -0.00172861 -0.154906 0.440366 
-0.100092 -0.960336 0.260261 -0.421941 0.979528 -0.141025 -0.143656 -0.414685 0.174662 0.240554 0.954792 0.57433 -0.0196603 -0.993547 -0.111704 0.386114 -0.153543 0.113401 -0.981613 -0.48945 0.987946 -0.00214737 -0.154782 0.440406 
-0.140725 -0.964262 0.224488 -0.489812 0.988267 -0.123216 0.0902543 -0.348752 -0.0593682 0.234555 0.970288 0.505401 -0.0202355 -0.993411 -0.112804 0.386222 -0.153331 0.114576 -0.98151 -0.489496 0.987968 -0.002565 -0.154639 0.440396 
-0.172532 -0.969521 0.173961 -0.526952 0.945869 -0.113786 0.303948 -0.309235 -0.274889 0.216985 0.936671 0.44612 -0.0207178 -0.993295 -0.113733 0.385879 -0.153 0.115568 -0.981445 -0.489234 0.988009 -0.0029322 -0.154368 0.439983 
-0.172532 -0.969521 0.173961 -0.526952 0.945869 -0.113786 0.303948 -0.309235 -0.274889 0.216985 0.936671 0.44612 -0.0206424 -0.993296 -0.113742 0.38587 -0.153124 0.115565 -0.981426 -0.489229 0.987991 -0.00284239 -0.154483 0.439934 
0.313193 -0.925425 0.213304 0.207247 -0.0971104 -0.254634 -0.962149 -0.714953 0.944711 0.280624 -0.169618 0.639483 -0.020973 -0.993438 -0.112432 0.386147 -0.153797 0.114324 -0.981466 -0.48937 0.98788 -0.00329254 -0.155185 0.440154 
0.268549 -0.922445 0.277446 0.198341 0.0987676 -0.26014 -0.960506 -0.726114 0.958189 0.285346 0.0212474 0.60323 -0.0213023 -0.993578 -0.111122 0.386424 -0.15447 0.113084 -0.981505 -0.489511 0.987768 -0.00374327 -0.155887 0.440374 
0.169781 -0.935633 0.309459 0.119949 0.346517 -0.237287 -0.907536 -0.702247 0.922551 0.261315 0.283926 0.6142 -0.0216306 -0.993717 -0.109811 0.386702 -0.155143 0.111843 -0.981541 -0.489651 0.987655 -0.00419493 -0.156587 0.440593 
0.0768144 -0.946364 0.313838 0.00101253 0.580513 -0.213463 -0.785773 -0.638762 0.81062 0.242546 0.532979 0.641571 -0.0219582 -0.993854 -0.1085 0.386979 -0.155816 0.110602 -0.981575 -0.489792 0.987542 -0.00464752 -0.157287 0.440813 
0.010113 -0.95069 0.309979 -0.153704 0.771022 -0.189979 -0.60781 -0.549537 0.636728 0.245148 0.731081 0.635902 -0.0222847 -0.993989 -0.107189 0.387255 -0.156489 0.109362 -0.981606 -0.489932 0.987428 -0.00510097 -0.157986 0.441033 
-0.0471278 -0.954082 0.295814 -0.291508 0.904291 -0.166547 -0.393091 -0.464091 0.424308 0.248977 0.870617 0.594332 -0.02261 -0.994122 -0.105877 0.38753 -0.157163 0.108122 -0.981636 -0.490073 0.987314 -0.00555492 -0.158683 0.441252 
-0.0982791 -0.958305 0.268315 -0.39562 0.976925 -0.144282 -0.157482 -0.394753 0.189629 0.246647 0.950372 0.539348 -0.0229318 -0.994254 -0.104565 0.387791 -0.157835 0.106882 -0.981664 -0.490213 0.987199 -0.00600732 -0.159379 0.441467 
-0.140374 -0.963348 0.228595 -0.468599 0.988897 -0.125046 0.0802824 -0.340371 -0.0487549 0.237327 0.970206 0.483672 -0.0232356 -0.994384 -0.103252 0.387967 -0.158495 0.105638 -0.981692 -0.490343 0.987086 -0.00644531 -0.160059 0.441643 
-0.172566 -0.969023 0.176679 -0.511123 0.94797 -0.114667 0.296992 -0.306012 -0.267533 0.218737 0.938392 0.431649 -0.0233894 -0.994522 -0.101882 0.387719 -0.159059 0.104314 -0.981743 -0.490423 0.986992 -0.00675715 -0.160628 0.441568 
-0.172566 -0.969023 0.176679 -0.511123 0.94797 -0.114667 0.296992 -0.306012 -0.267533 0.218737 0.938392 0.431649 -0.0232471 -0.994517 -0.101954 0.387743 -0.158978 0.104361 -0.981751 -0.490386 0.987008 -0.00661439 -0.160532 0.441604 
0.281815 -0.933552 0.221499 0.243218 -0.106039 -0.259746 -0.959837 -0.693544 0.953591 0.247009 -0.172193 0.607536 -0.0235567 -0.994562 -0.101444 0.387955 -0.158042 0.103901 -0.981951 -0.490451 0.987151 -0.00709907 -0.15963 0.441625 
0.253359 -0.924794 0.28384 0.2083 0.0990098 -0.267083 -0.958574 -0.67435 0.962292 0.270966 0.0238959 0.587983 -0.0238675 -0.994607 -0.100934 0.388167 -0.157107 0.10344 -0.98215 -0.490516 0.987293 -0.00758401 -0.158728 0.441646 
0.168335 -0.933491 0.316636 0.111734 0.346473 -0.244691 -0.905584 -0.624365 0.922833 0.262147 0.282239 0.593484 -0.0241787 -0.994651 -0.100424 0.38838 -0.156171 0.102978 -0.982347 -0.490581 0.987434 -0.00806854 -0.157826 0.441668 
0.0912852 -0.940408 0.327566 -0.0152501 0.573397 -0.219301 -0.789382 -0.556702 0.814176 0.259884 0.519208 0.599148 -0.0244905 -0.994695 -0.0999143 0.388592 -0.155236 0.102516 -0.982544 -0.490647 0.987574 -0.00855263 -0.156923 0.441689 
0.0220113 -0.946199 0.322836 -0.150229 0.761845 -0.193226 -0.618269 -0.489209 0.647386 0.25956 0.716603 0.587259 -0.0248027 -0.994738 -0.0994049 0.388803 -0.154301 0.102053 -0.982739 -0.490711 0.987713 -0.00903627 -0.15602 0.441711 
-0.0410492 -0.951685 0.304319 -0.273092 0.898708 -0.168265 -0.404983 -0.429405 0.436623 0.25687 0.862194 0.555843 -0.0251152 -0.994781 -0.0988959 0.389013 -0.153366 0.10159 -0.982933 -0.490774 0.98785 -0.00951923 -0.155117 0.441735 
-0.0956968 -0.95715 0.273324 -0.374586 0.975083 -0.145347 -0.167591 -0.377461 0.200137 0.250475 0.94721 0.513694 -0.0254263 -0.994823 -0.0983884 0.389211 -0.152436 0.101128 -0.983126 -0.490832 0.987986 -0.00999932 -0.154218 0.441774 
-0.139375 -0.962826 0.231391 -0.450648 0.989416 -0.125878 0.0721797 -0.332431 -0.0403696 0.239002 0.97018 0.467684 -0.025723 -0.994865 -0.0978921 0.389357 -0.151535 0.100673 -0.983312 -0.490888 0.988117 -0.0104596 -0.153346 0.441901 
-0.171845 -0.968803 0.178576 -0.500008 0.948507 -0.113753 0.295627 -0.300614 -0.266091 0.220183 0.938464 0.424534 -0.0259118 -0.994892 -0.0975594 0.389274 -0.150813 0.100366 -0.983454 -0.491019 0.988223 -0.0107698 -0.152644 0.442477 
-0.171845 -0.968803 0.178576 -0.500008 0.948507 -0.113753 0.295627 -0.300614 -0.266091 0.220183 0.938464 0.424534 -0.0258209 -0.994885 -0.0976585 0.389321 -0.151004 0.100452 -0.983416 -0.490967 0.988196 -0.0106458 -0.152826 0.442374 
0.257933 -0.937882 0.232054 0.246233 -0.100678 -0.264964 -0.958988 -0.607996 0.960903 0.223991 -0.162767 0.589473 -0.02595 -0.994912 -0.0973519 0.389449 -0.150351 0.100161 -0.983546 -0.490993 0.988292 -0.0108861 -0.152185 0.442295 
0.25074 -0.924809 0.286109 0.189084 0.0948203 -0.270666 -0.957992 -0.582346 0.963399 0.267336 0.0198237 0.565951 -0.0260795 -0.994938 -0.0970458 0.389577 -0.149697 0.0998711 -0.983675 -0.491018 0.988388 -0.0111263 -0.151543 0.442216 
0.178052 -0.930797 0.319241 0.0840744 0.339558 -0.24638 -0.907743 -0.5432 0.923579 0.270026 0.272192 0.565751 -0.0262092 -0.994965 -0.0967399 0.389705 -0.149042 0.0995808 -0.983804 -0.491044 0.988483 -0.0113664 -0.150902 0.442138 
0.101602 -0.937944 0.33157 -0.0298189 0.566687 -0.219367 -0.794194 -0.495746 0.817645 0.268588 0.509232 0.567702 -0.0263391 -0.994991 -0.096434 0.389833 -0.148388 0.0992903 -0.983932 -0.491069 0.988578 -0.0116062 -0.15026 0.442059 
0.02931 -0.94448 0.32726 -0.148478 0.756878 -0.192881 -0.624446 -0.448918 0.652899 0.265998 0.709203 0.5575 -0.0264692 -0.995017 -0.0961283 0.389961 -0.147734 0.0989997 -0.98406 -0.491094 0.988673 -0.0118459 -0.149618 0.44198 
-0.0366928 -0.950594 0.30826 -0.261322 0.895736 -0.16805 -0.411601 -0.405617 0.443069 0.261017 0.857648 0.532007 -0.0265995 -0.995043 -0.0958227 0.390088 -0.14708 0.098709 -0.984187 -0.491118 0.988767 -0.0120853 -0.148976 0.441904 
-0.0934399 -0.956526 0.276273 -0.359905 0.973959 -0.145391 -0.17397 -0.364791 0.206574 0.252823 0.945202 0.496698 -0.026729 -0.995069 -0.095518 0.390208 -0.14643 0.0984188 -0.984313 -0.491137 0.98886 -0.012323 -0.148338 0.441841 
-0.138306 -0.962539 0.233218 -0.436763 0.989814 -0.126314 0.0656697 -0.326533 -0.0337509 0.239925 0.970205 0.456267 -0.0268502 -0.995094 -0.0952225 0.390302 -0.145806 0.0981367 -0.984434 -0.491157 0.988949 -0.0125482 -0.147726 0.441858 
-0.171042 -0.96873 0.179743 -0.492716 0.948722 -0.112711 0.295335 -0.295921 -0.265841 0.22104 0.938334 0.421515 -0.0269153 -0.995106 -0.0950748 0.390299 -0.145345 0.0979942 -0.984516 -0.491247 0.989015 -0.0126799 -0.147271 0.442297 
-0.171042 -0.96873 0.179743 -0.492716 0.948722 -0.112711 0.295335 -0.295921 -0.265841 0.22104 0.938334 0.421515 -0.0268251 -0.995104 -0.0951272 0.390333 -0.14517 0.0980306 -0.984538 -0.491218 0.989043 -0.0126008 -0.147088 0.442352 
0.258298 -0.938144 0.230581 0.22277 -0.0995003 -0.263246 -0.959584 -0.538813 0.960928 0.224916 -0.161341 0.584091 -0.0267926 -0.995099 -0.0951885 0.390411 -0.145422 0.0980897 -0.984495 -0.491225 0.989007 -0.0125346 -0.147338 0.442305 
0.248418 -0.926612 0.282273 0.170586 0.0933578 -0.267148 -0.959123 -0.519055 0.964144 0.264615 0.0201422 0.554337 -0.0267597 -0.995094 -0.0952501 0.390489 -0.145674 0.0981489 -0.984452 -0.491231 0.988971 -0.0124682 -0.147586 0.442258 
0.182314 -0.930632 0.317311 0.0672573 0.335149 -0.244574 -0.909867 -0.492943 0.924357 0.272228 0.267311 0.550586 -0.0267269 -0.995089 -0.0953117 0.390567 -0.145927 0.0982082 -0.984409 -0.491238 0.988934 -0.0124017 -0.147835 0.442212 
0.106593 -0.937349 0.331686 -0.0375517 0.563635 -0.21785 -0.796779 -0.458765 0.819118 0.271881 0.505101 0.550623 -0.026694 -0.995084 -0.0953733 0.390644 -0.146179 0.0982674 -0.984365 -0.491244 0.988898 -0.0123351 -0.148083 0.442165 
0.0334814 -0.943811 0.328784 -0.147003 0.754623 -0.191823 -0.627494 -0.423715 0.655304 0.269117 0.705799 0.540269 -0.0266612 -0.995079 -0.0954349 0.390722 -0.146431 0.0983266 -0.984322 -0.49125 0.988862 -0.0122686 -0.148332 0.442118 
-0.0338004 -0.950033 0.310313 -0.253588 0.894147 -0.167457 -0.415282 -0.389916 0.446496 0.263428 0.85513 0.516999 -0.0266284 -0.995074 -0.0954966 0.3908 -0.146683 0.0983859 -0.984279 -0.491256 0.988825 -0.0122021 -0.14858 0.442072 
-0.0917356 -0.956147 0.278151 -0.349642 0.973239 -0.145191 -0.178118 -0.355997 0.210692 0.254368 0.943878 0.48504 -0.0265957 -0.995068 -0.0955583 0.390874 -0.146935 0.0984452 -0.984235 -0.491259 0.988789 -0.0121356 -0.148828 0.442024 
-0.137405 -0.962361 0.234482 -0.426237 0.990105 -0.126636 0.0604555 -0.322538 -0.0284861 0.240469 0.970239 0.44767 -0.0265626 -0.995064 -0.0956189 0.390932 -0.147182 0.0985032 -0.984192 -0.491247 0.988753 -0.0120694 -0.149072 0.441964 
-0.170415 -0.968666 0.180678 -0.48744 0.948843 -0.111852 0.295273 -0.292463 -0.265812 0.221754 0.938173 0.419512 -0.0265166 -0.995062 -0.0956441 0.390903 -0.147395 0.0985239 -0.984158 -0.491172 0.988722 -0.0119991 -0.14928 0.441815 
-0.170415 -0.968666 0.180678 -0.48744 0.948843 -0.111852 0.295273 -0.292463 -0.265812 0.221754 0.938173 0.419512 -0.026479 -0.99506 -0.0956782 0.390958 -0.147365 0.0985516 -0.98416 -0.491153 0.988728 -0.01196 -0.149246 0.441854 
0.256694 -0.939379 0.227321 0.207684 -0.0896564 -0.257332 -0.962155 -0.501397 0.962325 0.226598 -0.150277 0.57907 -0.026615 -0.995057 -0.095674 0.391046 -0.147716 0.098572 -0.984105 -0.491175 0.988672 -0.0120594 -0.149609 0.441931 
0.247572 -0.92755 0.279927 0.158368 0.0932352 -0.264773 -0.959793 -0.483478 0.964373 0.263717 0.0209299 0.548547 -0.0267512 -0.995053 -0.095671 0.391133 -0.148067 0.0985938 -0.98405 -0.491197 0.988615 -0.0121587 -0.149972 0.442009 
0.183861 -0.93103 0.315244 0.0585615 0.333449 -0.242617 -0.911015 -0.463656 0.924666 0.272618 0.265844 0.542836 -0.0268873 -0.99505 -0.095668 0.391221 -0.148419 0.0986156 -0.983995 -0.491219 0.988559 -0.012258 -0.150336 0.442086 
0.109194 -0.937245 0.331132 -0.0415448 0.562409 -0.216424 -0.798033 -0.436191 0.819617 0.273372 0.503483 0.540993 -0.0270234 -0.995047 -0.095665 0.391308 -0.14877 0.0986375 -0.98394 -0.491241 0.988502 -0.0123573 -0.150699 0.442163 
0.0359966 -0.943502 0.329407 -0.145791 0.75356 -0.190875 -0.629059 -0.407661 0.656393 0.270872 0.704114 0.529695 -0.0271595 -0.995043 -0.0956619 0.391396 -0.149121 0.0986593 -0.983885 -0.491263 0.988446 -0.0124566 -0.151062 0.44224 
-0.0318748 -0.949704 0.311523 -0.248378 0.893234 -0.166915 -0.41746 -0.379492 0.448461 0.264956 0.853628 0.507104 -0.0272955 -0.99504 -0.0956588 0.391482 -0.149472 0.0986813 -0.983829 -0.491286 0.988389 -0.0125557 -0.151425 0.442316 
-0.0905034 -0.955895 0.279417 -0.342442 0.972754 -0.144983 -0.180915 -0.349978 0.213447 0.255431 0.942972 0.4768 -0.0274307 -0.995036 -0.0956556 0.391565 -0.149821 0.0987031 -0.983774 -0.491309 0.988333 -0.0126543 -0.151785 0.442386 
-0.136705 -0.962241 0.23538 -0.418394 0.990313 -0.126918 0.0563107 -0.319936 -0.0243105 0.240798 0.970271 0.441072 -0.0275615 -0.995034 -0.0956486 0.391617 -0.150155 0.0987204 -0.983721 -0.491323 0.988278 -0.0127508 -0.15213 0.442411 
-0.169944 -0.968605 0.181448 -0.483629 0.948918 -0.111174 0.295288 -0.28997 -0.265845 0.222362 0.93802 0.417949 -0.0276455 -0.99504 -0.0955555 0.391503 -0.150392 0.0986442 -0.983693 -0.491278 0.98824 -0.0128239 -0.152373 0.442171 
-0.169944 -0.968605 0.181448 -0.483629 0.948918 -0.111174 0.295288 -0.28997 -0.265845 0.222362 0.93802 0.417949 -0.0275872 -0.995047 -0.0954989 0.391485 -0.150426 0.0985798 -0.983694 -0.491244 0.988236 -0.0127718 -0.152401 0.442188 
0.255225 -0.94041 0.224697 0.193607 -0.0769995 -0.251424 -0.964809 -0.478103 0.963811 0.228941 -0.136581 0.576682 -0.0277957 -0.995043 -0.0954813 0.391614 -0.150161 0.0985907 -0.983734 -0.491269 0.988271 -0.013006 -0.152157 0.442254 
0.246919 -0.926511 0.283915 0.149318 0.0953506 -0.268336 -0.958595 -0.461115 0.964334 0.263766 0.0220864 0.555139 -0.0280044 -0.995039 -0.0954632 0.391743 -0.149895 0.098601 -0.983773 -0.491293 0.988305 -0.0132406 -0.151912 0.442321 
0.184071 -0.930285 0.317312 0.0532139 0.334812 -0.244179 -0.910098 -0.444967 0.924131 0.273762 0.266524 0.541029 -0.0282132 -0.995035 -0.0954451 0.391873 -0.149629 0.0986112 -0.983813 -0.491318 0.98834 -0.0134752 -0.151668 0.442388 
0.11071 -0.937233 0.330663 -0.0438147 0.561914 -0.215397 -0.79866 -0.421782 0.819754 0.274224 0.502797 0.535012 -0.028422 -0.995031 -0.0954271 0.392002 -0.149363 0.0986214 -0.983852 -0.491342 0.988374 -0.0137097 -0.151423 0.442454 
0.0375994 -0.943328 0.329726 -0.144854 0.753007 -0.19017 -0.629934 -0.397129 0.656938 0.271971 0.703182 0.522747 -0.0286307 -0.995026 -0.0954092 0.392131 -0.149097 0.0986316 -0.983891 -0.491367 0.988408 -0.0139443 -0.151179 0.442521 
-0.0305742 -0.949488 0.312309 -0.244788 0.892664 -0.16651 -0.418838 -0.372492 0.449684 0.265982 0.852665 0.500294 -0.0288393 -0.995022 -0.0953914 0.392259 -0.148831 0.0986417 -0.983931 -0.491391 0.988442 -0.0141787 -0.150934 0.442588 
-0.0896227 -0.955718 0.280306 -0.337348 0.972401 -0.144835 -0.182916 -0.34589 0.215414 0.256176 0.942322 0.470842 -0.0290467 -0.995018 -0.0953741 0.39238 -0.148565 0.098652 -0.98397 -0.491414 0.988476 -0.0144119 -0.15069 0.442657 
-0.136232 -0.962125 0.236127 -0.413116 0.990422 -0.126865 0.0544945 -0.318025 -0.0224744 0.241289 0.970193 0.436446 -0.0292462 -0.995013 -0.0953585 0.392464 -0.148301 0.0986628 -0.984008 -0.491431 0.98851 -0.0146368 -0.150447 0.44273 
-0.169607 -0.968548 0.182065 -0.480934 0.948964 -0.110662 0.295334 -0.2882 -0.265898 0.222864 0.937886 0.416701 -0.0293776 -0.99501 -0.0953473 0.392366 -0.148045 0.0986677 -0.984046 -0.491438 0.988544 -0.0147932 -0.150205 0.442803 
-0.169607 -0.968548 0.182065 -0.480934 0.948964 -0.110662 0.295334 -0.2882 -0.265898 0.222864 0.937886 0.416701 -0.0293726 -0.994994 -0.0955173 0.392397 -0.148233 0.0988379 -0.984001 -0.4914 0.988516 -0.0147439 -0.150394 0.442685 
0.255392 -0.94074 0.22312 0.18383 -0.0697308 -0.248094 -0.966223 -0.462641 0.96432 0.231208 -0.12896 0.575271 -0.0294984 -0.994994 -0.0954832 0.392535 -0.147887 0.0988178 -0.984055 -0.491423 0.988564 -0.0149073 -0.150062 0.442697 
0.247002 -0.926857 0.282711 0.143376 0.0949975 -0.267184 -0.958952 -0.447551 0.964347 0.26372 0.0220541 0.558253 -0.0296237 -0.994993 -0.0954487 0.392673 -0.147542 0.0987973 -0.984109 -0.491447 0.988612 -0.0150702 -0.14973 0.442709 
0.184377 -0.929704 0.318834 0.0495155 0.336232 -0.245159 -0.90931 -0.432818 0.923555 0.274858 0.267394 0.542337 -0.0297489 -0.994993 -0.0954144 0.392811 -0.147197 0.0987768 -0.984163 -0.49147 0.98866 -0.015233 -0.149398 0.442721 
0.111671 -0.93721 0.330406 -0.0452268 0.561774 -0.214723 -0.798939 -0.412217 0.819719 0.274831 0.502522 0.531101 -0.0298741 -0.994993 -0.09538 0.392949 -0.146852 0.0987562 -0.984216 -0.491493 0.988707 -0.0153959 -0.149067 0.442733 
0.0386625 -0.943212 0.329933 -0.144137 0.752689 -0.18968 -0.630461 -0.390052 0.65724 0.272712 0.702612 0.517936 -0.0299994 -0.994992 -0.0953457 0.393087 -0.146507 0.0987355 -0.98427 -0.491516 0.988755 -0.0155587 -0.148735 0.442745 
-0.0296786 -0.949336 0.312858 -0.242252 0.892278 -0.166232 -0.419771 -0.367739 0.450511 0.266698 0.852005 0.495429 -0.0301246 -0.994992 -0.0953116 0.393224 -0.146162 0.0987149 -0.984323 -0.491539 0.988802 -0.0157214 -0.148403 0.442759 
-0.0889735 -0.955592 0.280941 -0.333671 0.972101 -0.14477 -0.184557 -0.343145 0.217033 0.256682 0.941813 0.466447 -0.030249 -0.994991 -0.095278 0.393354 -0.145818 0.0986947 -0.984376 -0.491557 0.988849 -0.0158832 -0.148073 0.442777 
-0.13585 -0.962057 0.236623 -0.410025 0.990487 -0.126602 0.0539218 -0.316357 -0.0219189 0.241698 0.970104 0.433892 -0.030367 -0.99499 -0.0952478 0.39345 -0.145482 0.0986768 -0.984428 -0.491564 0.988895 -0.0160373 -0.147749 0.442819 
-0.169373 -0.968504 0.182517 -0.479099 0.948995 -0.110298 0.295369 -0.286954 -0.265935 0.223235 0.937787 0.415761 -0.0304299 -0.994988 -0.095252 0.393391 -0.145192 0.0986855 -0.98447 -0.491558 0.988935 -0.0161275 -0.147467 0.442962 
-0.169373 -0.968504 0.182517 -0.479099 0.948995 -0.110298 0.295369 -0.286954 -0.265935 0.223235 0.937787 0.415761 -0.030299 -0.994998 -0.0951844 0.393491 -0.145215 0.0985997 -0.984475 -0.49152 0.988936 -0.0160064 -0.147477 0.442967 
0.256017 -0.940798 0.222157 0.17717 -0.0654684 -0.246164 -0.967015 -0.452105 0.964453 0.233028 -0.124615 0.574113 -0.0304899 -0.994984 -0.095279 0.393639 -0.145352 0.0987237 -0.984442 -0.491535 0.98891 -0.0161665 -0.147633 0.44298 
0.247103 -0.927152 0.281656 0.139255 0.0946027 -0.266198 -0.959265 -0.438454 0.96436 0.263682 0.0219329 0.559917 -0.0306805 -0.994969 -0.0953735 0.393787 -0.14549 0.0988476 -0.984409 -0.491551 0.988884 -0.0163263 -0.14779 0.442992 
0.184529 -0.929763 0.318574 0.0470424 0.337052 -0.244617 -0.909152 -0.424779 0.923225 0.275141 0.26824 0.542975 -0.0308711 -0.994954 -0.0954679 0.393935 -0.145627 0.0989715 -0.984377 -0.491566 0.988858 -0.0164861 -0.147948 0.443005 
0.112311 -0.937198 0.330221 -0.0461426 0.561755 -0.214238 -0.799083 -0.405675 0.819645 0.275249 0.502414 0.528346 -0.0310618 -0.994939 -0.0955623 0.394083 -0.145764 0.0990954 -0.984344 -0.491581 0.988832 -0.0166459 -0.148105 0.443018 
0.039393 -0.943127 0.330089 -0.143578 0.752487 -0.189347 -0.630802 -0.38518 0.657428 0.273237 0.702232 0.514448 -0.0312524 -0.994924 -0.0956567 0.39423 -0.145902 0.0992194 -0.984311 -0.491596 0.988805 -0.0168057 -0.148262 0.443031 
-0.0290481 -0.949221 0.313266 -0.240395 0.891993 -0.166054 -0.420445 -0.364472 0.451114 0.267218 0.851522 0.491814 -0.0314429 -0.994909 -0.0957512 0.394377 -0.146039 0.0993435 -0.984278 -0.491611 0.988779 -0.0169652 -0.148419 0.443043 
-0.088496 -0.955495 0.28142 -0.330903 0.971831 -0.144781 -0.185966 -0.341355 0.218434 0.257035 0.941392 0.463042 -0.0316323 -0.994893 -0.0958459 0.394516 -0.146175 0.0994677 -0.984245 -0.491624 0.988753 -0.0171237 -0.148575 0.443054 
-0.135554 -0.962012 0.236975 -0.408021 0.990534 -0.126372 0.0535892 -0.315119 -0.0216065 0.241997 0.970037 0.432269 -0.0318143 -0.994879 -0.0959398 0.394613 -0.146304 0.0995898 -0.984214 -0.491627 0.988728 -0.0172757 -0.148723 0.443044 
-0.169211 -0.968472 0.182837 -0.477893 0.949013 -0.110042 0.295406 -0.286108 -0.265973 0.2235 0.937713 0.415086 -0.0319269 -0.99487 -0.0959884 0.394494 -0.146384 0.0996561 -0.984195 -0.491582 0.988712 -0.0173711 -0.148815 0.442893 
-0.169211 -0.968472 0.182837 -0.477893 0.949013 -0.110042 0.295406 -0.286108 -0.265973 0.2235 0.937713 0.415086 -0.0318294 -0.994865 -0.0960789 0.39457 -0.146388 0.0997312 -0.984187 -0.491524 0.988715 -0.0172613 -0.14881 0.4429 
0.256719 -0.940756 0.221524 0.172461 -0.0628089 -0.244961 -0.967496 -0.444566 0.964443 0.234461 -0.121974 0.573063 -0.0320787 -0.994853 -0.0961128 0.394742 -0.146591 0.0998054 -0.984149 -0.491546 0.988677 -0.0174809 -0.149039 0.442969 
0.247184 -0.927367 0.280873 0.136281 0.0942891 -0.265472 -0.959497 -0.431988 0.96437 0.263656 0.0218201 0.56089 -0.0323279 -0.994842 -0.0961474 0.394913 -0.146795 0.0998805 -0.984111 -0.491568 0.988638 -0.0177003 -0.149267 0.443038 
0.184607 -0.929895 0.318144 0.0453565 0.337679 -0.243988 -0.909089 -0.419077 0.922981 0.275255 0.268964 0.543349 -0.0325772 -0.994831 -0.096182 0.395085 -0.146999 0.0999557 -0.984073 -0.491589 0.9886 -0.0179197 -0.149496 0.443106 
0.11276 -0.937187 0.330099 -0.046752 0.561772 -0.213893 -0.799163 -0.401017 0.819571 0.275554 0.502367 0.526264 -0.0328265 -0.994819 -0.0962166 0.395257 -0.147203 0.100031 -0.984035 -0.491611 0.988561 -0.018139 -0.149724 0.443175 
0.0399185 -0.943059 0.330223 -0.143112 0.75234 -0.189122 -0.631044 -0.381708 0.657564 0.27363 0.701952 0.511767 -0.0330757 -0.994807 -0.0962511 0.395428 -0.147407 0.100106 -0.983997 -0.491633 0.988523 -0.0183584 -0.149952 0.443244 
-0.0285817 -0.949127 0.313595 -0.238926 0.891755 -0.165951 -0.42099 -0.362194 0.451614 0.267618 0.851132 0.488939 -0.0333247 -0.994796 -0.0962856 0.395598 -0.14761 0.100182 -0.983959 -0.491655 0.988484 -0.0185774 -0.15018 0.443312 
-0.0881317 -0.955411 0.28182 -0.328524 0.971516 -0.144923 -0.187494 -0.340382 0.219977 0.257269 0.940969 0.460094 -0.0335723 -0.994784 -0.0963204 0.39576 -0.147812 0.100257 -0.983921 -0.491676 0.988446 -0.0187952 -0.150407 0.443376 
-0.135343 -0.961972 0.237259 -0.406876 0.990564 -0.126156 0.0535571 -0.314158 -0.0215888 0.242268 0.969969 0.431565 -0.0338103 -0.994773 -0.0963531 0.39587 -0.148002 0.100329 -0.983885 -0.491688 0.988409 -0.019005 -0.15062 0.443404 
-0.169088 -0.968465 0.182989 -0.477213 0.949019 -0.109869 0.295451 -0.285547 -0.266029 0.223618 0.937669 0.414766 -0.0339599 -0.994771 -0.0963163 0.395712 -0.148112 0.100317 -0.983869 -0.491647 0.988387 -0.0191465 -0.150745 0.443207 
-0.169088 -0.968465 0.182989 -0.477213 0.949019 -0.109869 0.295451 -0.285547 -0.266029 0.223618 0.937669 0.414766 -0.0338098 -0.994775 -0.0963266 0.395735 -0.14808 0.100304 -0.983876 -0.491588 0.988397 -0.0190006 -0.150697 0.443195 
0.257415 -0.94067 0.221082 0.168995 -0.0610591 -0.244169 -0.967808 -0.438832 0.96437 0.235629 -0.120289 0.571952 -0.0342332 -0.994752 -0.096418 0.396022 -0.14807 0.100458 -0.983862 -0.491616 0.988384 -0.0194042 -0.150731 0.443293 
0.247242 -0.927536 0.280266 0.134005 0.0940377 -0.264911 -0.959677 -0.427004 0.96438 0.263628 0.0217262 0.561512 -0.0346562 -0.994729 -0.0965093 0.396308 -0.148058 0.100612 -0.983848 -0.491644 0.988371 -0.0198075 -0.150764 0.443392 
0.184663 -0.930019 0.317748 0.0441149 0.338144 -0.243446 -0.909061 -0.41467 0.922799 0.275315 0.269525 0.543576 -0.0350793 -0.994705 -0.0966005 0.396595 -0.148046 0.100766 -0.983834 -0.491672 0.988358 -0.0202108 -0.150797 0.44349 
0.113101 -0.937172 0.330027 -0.0471673 0.561803 -0.213642 -0.799209 -0.397426 0.819504 0.275801 0.502342 0.524496 -0.0355023 -0.994681 -0.0966917 0.396881 -0.148035 0.10092 -0.98382 -0.4917 0.988345 -0.0206141 -0.15083 0.443588 
0.0403243 -0.942995 0.330355 -0.142675 0.752218 -0.188972 -0.631236 -0.379052 0.65768 0.273953 0.701717 0.509486 -0.0359252 -0.994657 -0.096783 0.397167 -0.148023 0.101073 -0.983806 -0.491727 0.988331 -0.0210174 -0.150863 0.443686 
-0.0282167 -0.949041 0.313886 -0.237681 0.891544 -0.1659 -0.421458 -0.360491 0.452055 0.267951 0.850793 0.48646 -0.0363478 -0.994633 -0.0968744 0.397451 -0.148011 0.101227 -0.983792 -0.491755 0.988318 -0.0214202 -0.150896 0.443784 
-0.0878417 -0.955334 0.282173 -0.326486 0.971213 -0.145102 -0.18892 -0.339785 0.221426 0.257455 0.940578 0.457462 -0.0367679 -0.994608 -0.0969665 0.397721 -0.147997 0.101382 -0.983778 -0.491781 0.988304 -0.0218206 -0.150927 0.44388 
-0.135178 -0.961934 0.237507 -0.40602 0.990586 -0.125979 0.0535627 -0.313419 -0.0216029 0.242512 0.969908 0.431036 -0.0371711 -0.994584 -0.0970583 0.397907 -0.147974 0.101533 -0.983766 -0.491795 0.988293 -0.0222056 -0.150946 0.443944 
-0.169008 -0.968457 0.183103 -0.4768 0.949015 -0.109743 0.295513 -0.285181 -0.266097 0.223712 0.937628 0.414561 -0.0374262 -0.994572 -0.0970881 0.397673 -0.147881 0.101599 -0.983773 -0.491758 0.988297 -0.0224614 -0.150881 0.443794 
-0.169008 -0.968457 0.183103 -0.4768 0.949015 -0.109743 0.295513 -0.285181 -0.266097 0.223712 0.937628 0.414561 -0.0372599 -0.994572 -0.0971529 0.397728 -0.147845 0.101637 -0.983774 -0.49171 0.988308 -0.0222918 -0.150829 0.443737 
0.25808 -0.940566 0.220749 0.166289 -0.0598279 -0.24361 -0.968026 -0.434236 0.964269 0.236621 -0.119143 0.570823 -0.0376767 -0.99454 -0.097317 0.398047 -0.147825 0.101862 -0.983754 -0.491747 0.988296 -0.0226787 -0.150856 0.443836 
0.247288 -0.927672 0.279773 0.132159 0.0938288 -0.264458 -0.959822 -0.42296 0.964388 0.263603 0.0216452 0.561937 -0.0380923 -0.994508 -0.097481 0.398367 -0.147805 0.102086 -0.983734 -0.491784 0.988283 -0.0230645 -0.150882 0.443934 
0.184706 -0.93013 0.317398 0.0431335 0.338519 -0.24298 -0.909046 -0.411092 0.922653 0.275351 0.269987 0.543719 -0.0385079 -0.994476 -0.097645 0.398686 -0.147785 0.102311 -0.983713 -0.49182 0.98827 -0.0234503 -0.150908 0.444033 
0.113378 -0.937152 0.329986 -0.0474747 0.561837 -0.213452 -0.799236 -0.394524 0.819442 0.276014 0.502326 0.522941 -0.0389235 -0.994444 -0.097809 0.399006 -0.147764 0.102535 -0.983693 -0.491857 0.988256 -0.0238361 -0.150934 0.444131 
0.0406555 -0.942935 0.330487 -0.142274 0.752109 -0.188868 -0.631396 -0.37692 0.657783 0.274232 0.701511 0.507472 -0.039339 -0.994411 -0.097973 0.399325 -0.147743 0.10276 -0.983673 -0.491893 0.988243 -0.0242218 -0.15096 0.44423 
-0.0279175 -0.948963 0.314151 -0.2366 0.891351 -0.165882 -0.421873 -0.359159 0.452454 0.268241 0.850489 0.484248 -0.0397542 -0.994379 -0.0981373 0.399641 -0.147723 0.102984 -0.983653 -0.491929 0.98823 -0.0246072 -0.150986 0.444328 
-0.0876021 -0.955261 0.282494 -0.324709 0.970926 -0.145297 -0.190239 -0.339413 0.222773 0.257615 0.940216 0.45506 -0.040167 -0.994346 -0.0983022 0.399942 -0.1477 0.103209 -0.983632 -0.491961 0.988216 -0.0249904 -0.151011 0.444424 
-0.135042 -0.961898 0.237733 -0.405322 0.990604 -0.125832 0.0535713 -0.312831 -0.0216158 0.242734 0.969852 0.43056 -0.0405634 -0.994313 -0.0984665 0.400152 -0.147666 0.103431 -0.983614 -0.49197 0.988205 -0.0253586 -0.151022 0.444487 
-0.168954 -0.968447 0.183204 -0.476531 0.949005 -0.109647 0.295579 -0.284933 -0.266165 0.223801 0.937587 0.414387 -0.0408082 -0.994295 -0.0985546 0.399903 -0.147554 0.103552 -0.983618 -0.491893 0.988212 -0.0255975 -0.150938 0.444304 
-0.168954 -0.968447 0.183204 -0.476531 0.949005 -0.109647 0.295579 -0.284933 -0.266165 0.223801 0.937587 0.414387 -0.040668 -0.994298 -0.0985738 0.399914 -0.14763 0.103552 -0.983607 -0.491859 0.988206 -0.0254489 -0.150999 0.444278 
0.258707 -0.940456 0.220485 0.164083 -0.0589207 -0.243194 -0.968186 -0.430421 0.964157 0.237485 -0.118328 0.569709 -0.0409599 -0.99431 -0.098335 0.400253 -0.147449 0.103355 -0.983655 -0.491918 0.988221 -0.025791 -0.150844 0.444368 
0.247328 -0.927785 0.279363 0.130602 0.0936506 -0.26408 -0.959943 -0.419568 0.964395 0.263584 0.021573 0.562238 -0.0412523 -0.994321 -0.0980969 0.400592 -0.147269 0.103159 -0.983702 -0.491977 0.988236 -0.0261334 -0.150688 0.444457 
0.184743 -0.930228 0.317091 0.0423148 0.338834 -0.242575 -0.909037 -0.408082 0.92253 0.275379 0.270379 0.543811 -0.0415448 -0.994333 -0.0978589 0.400932 -0.147089 0.102963 -0.98375 -0.492036 0.98825 -0.0264757 -0.150533 0.444547 
0.113609 -0.937131 0.329967 -0.0477177 0.561872 -0.213302 -0.799251 -0.392108 0.819386 0.276201 0.502314 0.52155 -0.0418373 -0.994344 -0.0976209 0.401271 -0.146908 0.102767 -0.983797 -0.492095 0.988265 -0.0268181 -0.150377 0.444637 
0.0409342 -0.942877 0.330616 -0.14191 0.752011 -0.188797 -0.631534 -0.375163 0.657878 0.274479 0.701326 0.505661 -0.0421298 -0.994355 -0.0973831 0.401609 -0.146728 0.10257 -0.983845 -0.492153 0.988279 -0.0271604 -0.150221 0.444727 
-0.0276652 -0.948889 0.314397 -0.23565 0.891172 -0.165887 -0.422249 -0.35809 0.452821 0.2685 0.850212 0.482242 -0.0424221 -0.994366 -0.0971455 0.401945 -0.146548 0.102374 -0.983892 -0.492211 0.988294 -0.0275023 -0.150065 0.444818 
-0.0873994 -0.955192 0.28279 -0.323139 0.970655 -0.145499 -0.191466 -0.339194 0.224032 0.257757 0.939878 0.452839 -0.0427125 -0.994376 -0.0969089 0.402266 -0.146368 0.102179 -0.983939 -0.492261 0.988308 -0.0278421 -0.149909 0.444912 
-0.134927 -0.961862 0.23794 -0.404736 0.99062 -0.125706 0.0535818 -0.312348 -0.0216278 0.242938 0.969801 0.43012 -0.042987 -0.994387 -0.0966751 0.402498 -0.146189 0.101984 -0.983986 -0.492286 0.988322 -0.0281658 -0.149752 0.445008 
-0.168917 -0.968436 0.183297 -0.476348 0.948994 -0.109569 0.295645 -0.284755 -0.266229 0.223887 0.937548 0.414226 -0.0431201 -0.994405 -0.0964304 0.402303 -0.146003 0.101756 -0.984037 -0.492238 0.988344 -0.0283526 -0.149574 0.445051 
-0.168917 -0.968436 0.183297 -0.476348 0.948994 -0.109569 0.295645 -0.284755 -0.266229 0.223887 0.937548 0.414226 -0.0429054 -0.99441 -0.0964731 0.402378 -0.145927 0.101764 -0.984047 -0.492169 0.988365 -0.0281429 -0.149477 0.445016 
0.259293 -0.940345 0.220269 0.162236 -0.0582325 -0.242876 -0.968308 -0.427185 0.964042 0.238248 -0.117735 0.568626 -0.0433655 -0.994367 -0.0967121 0.402711 -0.146085 0.102074 -0.983992 -0.49221 0.988321 -0.0285431 -0.149689 0.445075 
0.247366 -0.92788 0.279014 0.12926 0.0934962 -0.263761 -0.960046 -0.416669 0.964401 0.263569 0.0215078 0.562455 -0.0438259 -0.994324 -0.0969511 0.403045 -0.146242 0.102384 -0.983936 -0.49225 0.988278 -0.0289436 -0.149899 0.445135 
0.184776 -0.930313 0.316822 0.0416162 0.339105 -0.242222 -0.90903 -0.40551 0.922424 0.275403 0.270717 0.54387 -0.0442864 -0.99428 -0.09719 0.403378 -0.146398 0.102694 -0.983881 -0.492291 0.988234 -0.0293441 -0.150109 0.445194 
0.113808 -0.937109 0.329962 -0.0479164 0.561906 -0.213183 -0.799259 -0.390067 0.819335 0.27637 0.502305 0.520294 -0.044747 -0.994236 -0.0974289 0.403711 -0.146554 0.103005 -0.983825 -0.492331 0.98819 -0.0297446 -0.150318 0.445254 
0.0411724 -0.942822 0.330743 -0.14158 0.751922 -0.188749 -0.631655 -0.373694 0.657966 0.2747 0.701157 0.50402 -0.0452075 -0.994192 -0.0976676 0.404044 -0.14671 0.103315 -0.983769 -0.492371 0.988146 -0.030145 -0.150528 0.445313 
-0.0274494 -0.948819 0.314625 -0.234807 0.891006 -0.165907 -0.422591 -0.357223 0.453161 0.268733 0.849957 0.480406 -0.0456678 -0.994147 -0.0979065 0.404374 -0.146865 0.103625 -0.983714 -0.492411 0.988102 -0.0305449 -0.150738 0.445372 
-0.0872256 -0.955126 0.283066 -0.321737 0.970397 -0.145704 -0.192614 -0.339088 0.225214 0.257885 0.93956 0.450772 -0.0461257 -0.994103 -0.098146 0.404688 -0.147019 0.103936 -0.983658 -0.492446 0.988058 -0.0309426 -0.150946 0.445428 
-0.134828 -0.961829 0.238131 -0.404237 0.990633 -0.125597 0.0535939 -0.311943 -0.0216395 0.243126 0.969753 0.429711 -0.0465668 -0.994058 -0.0983841 0.404903 -0.147157 0.104243 -0.983605 -0.492454 0.988016 -0.0313254 -0.151137 0.44544 
-0.168891 -0.968425 0.183382 -0.476219 0.948981 -0.109504 0.295708 -0.284622 -0.26629 0.223969 0.937511 0.414073 -0.0468495 -0.994031 -0.0985257 0.404626 -0.147194 0.104427 -0.98358 -0.492355 0.987998 -0.0315779 -0.151208 0.44515 
-0.168891 -0.968425 0.183382 -0.476219 0.948981 -0.109504 0.295708 -0.284622 -0.26629 0.223969 0.937511 0.414073 -0.0466092 -0.994032 -0.0986325 0.404702 -0.147064 0.104492 -0.983592 -0.492273 0.988028 -0.0313392 -0.151056 0.445182 
