1533548258025 0.13862 0.934872 -0.3268 -0.599592 -0.959536 0.208453 0.189307 -0.222217 0.2451 0.287335 0.92594 0.382481 1 0 0 0 0 1 0 0 0 0 1 1.306 
1533548258037 0.140086 0.935284 -0.324992 -0.599559 -0.958917 0.209928 0.190811 -0.222057 0.246688 0.284911 0.926267 0.382072 0.313239 -0.3866 0.867422 0.386189 -0.93126 -0.304042 0.200784 -0.500185 0.18611 -0.870689 -0.455263 0.505382 
1533548258292 0.141553 0.935689 -0.323184 -0.599525 -0.958292 0.211399 0.192318 -0.221898 0.248271 0.282482 0.926588 0.381663 0.316244 -0.384866 0.867103 0.400216 -0.929998 -0.306258 0.203249 -0.504049 0.187334 -0.87068 -0.454777 0.486145 
1533548258547 0.143024 0.936088 -0.321378 -0.599492 -0.957664 0.212865 0.193827 -0.221738 0.24985 0.28005 0.926902 0.381255 0.316258 -0.384857 0.867102 0.400836 -0.929992 -0.306267 0.203261 -0.504368 0.187338 -0.870681 -0.454774 0.485921 
1533548258830 0.144497 0.93648 -0.319572 -0.599458 -0.95703 0.214327 0.195339 -0.221579 0.251424 0.277614 0.927209 0.380846 0.316239 -0.384881 0.867098 0.400855 -0.93 -0.306257 0.203241 -0.504361 0.187331 -0.870674 -0.454789 0.485943 
1533548259075 0.145973 0.936865 -0.317767 -0.599425 -0.956392 0.215785 0.196853 -0.22142 0.252994 0.275175 0.927509 0.380437 0.316214 -0.384899 0.867099 0.400827 -0.930009 -0.306245 0.203216 -0.504329 0.187327 -0.87067 -0.454799 0.48594 
1533548259329 0.147452 0.937244 -0.315963 -0.599391 -0.95575 0.217238 0.198369 -0.22126 0.254559 0.272731 0.927802 0.380028 0.3162 -0.384907 0.867101 0.400798 -0.930014 -0.306239 0.203202 -0.504306 0.187326 -0.870669 -0.454801 0.485922 
1533548259575 0.148934 0.937615 -0.31416 -0.599357 -0.955103 0.218686 0.199888 -0.2211 0.25612 0.270285 0.928089 0.379619 0.316197 -0.384904 0.867103 0.400778 -0.930014 -0.30624 0.2032 -0.504292 0.187329 -0.87067 -0.454799 0.485903 
1533548259818 0.150418 0.93798 -0.312357 -0.599322 -0.954451 0.22013 0.201409 -0.220941 0.257677 0.267834 0.928368 0.379211 0.316201 -0.384895 0.867106 0.400765 -0.930012 -0.306246 0.203202 -0.504277 0.187337 -0.870672 -0.454792 0.485883 
1533548260076 0.151905 0.938336 -0.310564 -0.599272 -0.953796 0.221571 0.202927 -0.220776 0.259225 0.265389 0.928639 0.378822 0.316123 -0.384928 0.86712 0.40068 -0.93004 -0.30621 0.20313 -0.504145 0.18733 -0.87067 -0.454798 0.485852 
1533548260322 0.151871 0.938319 -0.310633 -0.599255 -0.953804 0.221551 0.20291 -0.220775 0.259216 0.265467 0.92862 0.378821 1 0 0 0 0 1 0 0 0 0 1 1.306 
1533548260333 0.152025 0.938356 -0.310445 -0.599255 -0.953737 0.221698 0.203065 -0.22076 0.259372 0.265212 0.928649 0.378778 0.313239 -0.3866 0.867422 0.386189 -0.93126 -0.304042 0.200784 -0.500185 0.18611 -0.870689 -0.455263 0.505382 
1533548260476 0.152179 0.938394 -0.310256 -0.599256 -0.95367 0.221846 0.20322 -0.220744 0.25953 0.264956 0.928678 0.378735 0.316244 -0.384866 0.867103 0.400216 -0.929998 -0.306258 0.203249 -0.504049 0.187334 -0.87068 -0.454777 0.486145 
1533548260636 0.152333 0.938431 -0.310068 -0.599256 -0.953602 0.221994 0.203375 -0.220729 0.259687 0.264701 0.928707 0.378692 0.316258 -0.384857 0.867102 0.400836 -0.929992 -0.306267 0.203261 -0.504368 0.187338 -0.870681 -0.454774 0.485921 
1533548260849 0.152488 0.938468 -0.30988 -0.599256 -0.953535 0.222141 0.20353 -0.220714 0.259844 0.264446 0.928735 0.378649 0.316239 -0.384881 0.867098 0.400855 -0.93 -0.306257 0.203241 -0.504361 0.187331 -0.870674 -0.454789 0.485943 
1533548260972 0.152642 0.938505 -0.309693 -0.599257 -0.953467 0.222289 0.203685 -0.220699 0.26 0.264191 0.928764 0.378606 0.316214 -0.384899 0.867099 0.400827 -0.930009 -0.306245 0.203216 -0.504329 0.187327 -0.87067 -0.454799 0.48594 
1533548261143 0.152796 0.938542 -0.309504 -0.599257 -0.9534 0.222436 0.20384 -0.220683 0.260157 0.263935 0.928793 0.378564 0.3162 -0.384907 0.867101 0.400798 -0.930014 -0.306239 0.203202 -0.504306 0.187326 -0.870669 -0.454801 0.485922 
1533548261299 0.152951 0.938578 -0.309316 -0.599257 -0.953332 0.222583 0.203995 -0.220668 0.260314 0.26368 0.928821 0.378521 0.316197 -0.384904 0.867103 0.400778 -0.930014 -0.30624 0.2032 -0.504292 0.187329 -0.87067 -0.454799 0.485903 
1533548261475 0.153105 0.938615 -0.309128 -0.599257 -0.953265 0.222731 0.20415 -0.220653 0.260471 0.263425 0.92885 0.378478 0.316201 -0.384895 0.867106 0.400765 -0.930012 -0.306246 0.203202 -0.504277 0.187337 -0.870672 -0.454792 0.485883 
1533548261603 0.153259 0.938652 -0.308941 -0.599255 -0.953197 0.222878 0.204305 -0.220637 0.260627 0.26317 0.928878 0.378437 0.316123 -0.384928 0.86712 0.40068 -0.93004 -0.30621 0.20313 -0.504145 0.18733 -0.87067 -0.454798 0.485852 
1533548261810 0.153143 0.938669 -0.308945 -0.599248 -0.953205 0.222781 0.204375 -0.220593 0.260667 0.26319 0.928862 0.378472 1 0 0 0 0 1 0 0 0 0 1 1.306 
1533548261821 0.15322 0.938643 -0.308986 -0.599246 -0.953242 0.222812 0.204169 -0.220589 0.260488 0.263255 0.928893 0.378454 0.313239 -0.3866 0.867422 0.386189 -0.93126 -0.304042 0.200784 -0.500185 0.18611 -0.870689 -0.455263 0.505382 
1533548262090 0.153299 0.938617 -0.309026 -0.599244 -0.953278 0.222845 0.203963 -0.220586 0.260308 0.26332 0.928925 0.378437 0.316244 -0.384866 0.867103 0.400216 -0.929998 -0.306258 0.203249 -0.504049 0.187334 -0.87068 -0.454777 0.486145 
1533548262382 0.153376 0.938592 -0.309065 -0.599242 -0.953315 0.222877 0.203758 -0.220582 0.260129 0.263385 0.928957 0.37842 0.316258 -0.384857 0.867102 0.400836 -0.929992 -0.306267 0.203261 -0.504368 0.187338 -0.870681 -0.454774 0.485921 
