1533291709958 0.0901434 0.944348 -0.316356 -0.612416 -0.963729 0.16283 0.211453 -0.226848 0.251197 0.285821 0.924774 0.380615 0.16008 -0.304787 0.938871 0.370831 -0.775623 0.549475 0.310623 -0.528794 -0.61056 -0.777934 -0.14844 0.432481 
1533291709977 0.100069 0.944251 -0.313651 -0.61322 -0.96226 0.172021 0.210867 -0.225643 0.253066 0.280712 0.925828 0.38075 0.316305 -0.38429 0.867336 0.400738 -0.930106 -0.305553 0.203815 -0.506322 0.186693 -0.871182 -0.454078 0.485854 
1533291709999 0.10999 0.944045 -0.310936 -0.614024 -0.960696 0.181199 0.210309 -0.224438 0.254882 0.275584 0.92687 0.380885 0.316242 -0.384853 0.86711 0.400828 -0.929997 -0.306262 0.203248 -0.504438 0.187342 -0.870685 -0.454765 0.485876 
1533291710013 0.119906 0.943731 -0.308212 -0.614828 -0.959039 0.190362 0.209777 -0.223233 0.256645 0.270434 0.9279 0.38102 0.316223 -0.384857 0.867115 0.40079 -0.930001 -0.306263 0.203227 -0.50432 0.187352 -0.870683 -0.454765 0.485866 
1533291710019 0.129815 0.943309 -0.305478 -0.615632 -0.957289 0.199509 0.209272 -0.222028 0.258354 0.265264 0.928918 0.381156 0.316222 -0.384859 0.867114 0.40079 -0.930002 -0.306263 0.203224 -0.504311 0.187352 -0.870682 -0.454766 0.485866 
1533291710039 0.139716 0.942779 -0.302734 -0.616436 -0.955445 0.208639 0.208795 -0.220823 0.26001 0.260074 0.929923 0.381291 0.316221 -0.384861 0.867114 0.400793 -0.930002 -0.306262 0.203224 -0.504309 0.187352 -0.870681 -0.454768 0.485867 
1533291710064 0.149608 0.94214 -0.299982 -0.617239 -0.953508 0.217751 0.208345 -0.219618 0.261611 0.254865 0.930915 0.381426 0.316221 -0.384862 0.867113 0.400795 -0.930002 -0.306262 0.203223 -0.504309 0.187351 -0.870681 -0.454769 0.485868 
1533291710083 0.159491 0.941394 -0.29722 -0.618043 -0.951478 0.226845 0.207921 -0.218413 0.263159 0.249637 0.931895 0.381562 0.316221 -0.384862 0.867113 0.400796 -0.930002 -0.306262 0.203223 -0.50431 0.187351 -0.870681 -0.454769 0.485869 
1533291710096 0.169362 0.94054 -0.294451 -0.618841 -0.949355 0.235918 0.207525 -0.217208 0.264652 0.244392 0.932862 0.381697 0.316222 -0.384863 0.867112 0.400801 -0.930002 -0.306262 0.203224 -0.504317 0.18735 -0.87068 -0.45477 0.485871 
1533291710108 0.179206 0.939577 -0.291685 -0.619576 -0.947141 0.244962 0.207165 -0.216033 0.266099 0.239141 0.933811 0.381843 0.316238 -0.384878 0.8671 0.400844 -0.930001 -0.306253 0.203243 -0.504402 0.187328 -0.870677 -0.454786 0.48592 
1533291710246 0.0910765 0.944529 -0.315546 -0.612606 -0.963653 0.163504 0.211278 -0.226602 0.251151 0.284835 0.92509 0.380685 0.316238 -0.384878 0.8671 0.400844 -0.930001 -0.306253 0.203243 -0.504402 0.187328 -0.870677 -0.454786 0.48592 
1533291710260 0.100908 0.944403 -0.312921 -0.613391 -0.962184 0.172627 0.210716 -0.225422 0.25302 0.279825 0.92611 0.380813 0.316221 -0.384863 0.867113 0.400799 -0.930002 -0.306262 0.203223 -0.504312 0.187351 -0.87068 -0.45477 0.485869 
1533291710273 0.110736 0.944172 -0.310286 -0.614176 -0.960623 0.181737 0.210178 -0.224241 0.254835 0.274794 0.927118 0.380941 0.31622 -0.384863 0.867113 0.400795 -0.930002 -0.306262 0.203222 -0.504305 0.187351 -0.87068 -0.454769 0.485867 
1533291710289 0.120559 0.943834 -0.307642 -0.614961 -0.95897 0.190833 0.209666 -0.223061 0.256598 0.269742 0.928114 0.381069 0.31622 -0.384863 0.867113 0.400795 -0.930002 -0.306262 0.203222 -0.504304 0.187352 -0.87068 -0.454769 0.485867 
1533291710308 0.130374 0.94339 -0.304988 -0.615746 -0.957224 0.199912 0.209181 -0.22188 0.25831 0.26467 0.929099 0.381198 0.31622 -0.384863 0.867113 0.400795 -0.930002 -0.306262 0.203222 -0.504304 0.187351 -0.87068 -0.454769 0.485867 
1533291710324 0.140182 0.942841 -0.302325 -0.616531 -0.955387 0.208975 0.208721 -0.2207 0.259969 0.259579 0.930072 0.381326 0.31622 -0.384863 0.867113 0.400795 -0.930002 -0.306262 0.203222 -0.504304 0.187352 -0.87068 -0.454769 0.485867 
1533291710329 0.149981 0.942185 -0.299654 -0.617315 -0.953459 0.21802 0.208288 -0.219519 0.261576 0.254468 0.931034 0.381454 0.31622 -0.384863 0.867113 0.400795 -0.930002 -0.306262 0.203222 -0.504304 0.187352 -0.87068 -0.454769 0.485867 
1533291710343 0.15977 0.941424 -0.296974 -0.6181 -0.951439 0.227046 0.207881 -0.218339 0.263131 0.24934 0.931983 0.381582 0.31622 -0.384863 0.867113 0.400795 -0.930002 -0.306262 0.203222 -0.504304 0.187352 -0.87068 -0.454769 0.485867 
1533291710360 0.169548 0.940558 -0.294287 -0.618879 -0.949328 0.236053 0.207499 -0.217158 0.264632 0.244194 0.93292 0.381711 0.31622 -0.384863 0.867113 0.400795 -0.930002 -0.306262 0.203222 -0.504304 0.187352 -0.87068 -0.454769 0.485867 
1533291710377 0.179301 0.939585 -0.291603 -0.619596 -0.947126 0.24503 0.207152 -0.216006 0.266088 0.239042 0.933839 0.381849 0.31622 -0.384863 0.867113 0.400795 -0.930002 -0.306262 0.203222 -0.504304 0.187352 -0.87068 -0.454769 0.485867 
1533291710483 0.102712 0.944985 -0.31057 -0.614145 -0.962012 0.173766 0.210567 -0.224148 0.252949 0.277145 0.926934 0.38096 0.31622 -0.384863 0.867113 0.400795 -0.930002 -0.306262 0.203222 -0.504304 0.187352 -0.87068 -0.454769 0.485867 
1533291710496 0.108475 0.944325 -0.310619 -0.614186 -0.961477 0.179052 0.208574 -0.223372 0.252579 0.276028 0.927369 0.380953 0.31622 -0.384863 0.867113 0.400795 -0.930002 -0.306262 0.203222 -0.504304 0.187352 -0.87068 -0.454769 0.485867 
1533291710512 0.114235 0.943633 -0.310656 -0.614226 -0.960908 0.184335 0.206581 -0.222596 0.252202 0.274913 0.927802 0.380946 0.31622 -0.384863 0.867113 0.400795 -0.930002 -0.306262 0.203222 -0.504304 0.187352 -0.87068 -0.454769 0.485867 
1533291710529 0.11999 0.94291 -0.310681 -0.614266 -0.960307 0.189614 0.204588 -0.22182 0.251818 0.273801 0.928235 0.380939 0.31622 -0.384863 0.867113 0.400795 -0.930002 -0.306262 0.203222 -0.504304 0.187352 -0.87068 -0.454769 0.485867 
1533291710545 0.125742 0.942156 -0.310695 -0.614306 -0.959674 0.19489 0.202594 -0.221044 0.251427 0.272691 0.928668 0.380932 0.31622 -0.384863 0.867113 0.400795 -0.930002 -0.306262 0.203222 -0.504304 0.187352 -0.87068 -0.454769 0.485867 
1533291710552 0.13149 0.94137 -0.310697 -0.614346 -0.959007 0.200162 0.2006 -0.220268 0.251029 0.271584 0.9291 0.380924 0.31622 -0.384863 0.867113 0.400795 -0.930002 -0.306262 0.203222 -0.504304 0.187352 -0.87068 -0.454769 0.485867 
1533291710569 0.137234 0.940553 -0.310687 -0.614387 -0.958308 0.205429 0.198606 -0.219492 0.250624 0.270478 0.929532 0.380917 0.31622 -0.384863 0.867113 0.400795 -0.930002 -0.306262 0.203222 -0.504304 0.187352 -0.87068 -0.454769 0.485867 
1533291710586 0.142973 0.939705 -0.310665 -0.614427 -0.957576 0.210692 0.196613 -0.218716 0.250212 0.269375 0.929963 0.38091 0.31622 -0.384863 0.867113 0.400795 -0.930002 -0.306262 0.203222 -0.504304 0.187352 -0.87068 -0.454769 0.485867 
1533291710593 0.148707 0.938826 -0.310631 -0.614468 -0.956812 0.215949 0.194619 -0.217941 0.249794 0.268274 0.930393 0.380903 0.31622 -0.384863 0.867113 0.400795 -0.930002 -0.306262 0.203222 -0.504304 0.187352 -0.87068 -0.454769 0.485867 
1533291710606 0.154425 0.937919 -0.310581 -0.61452 -0.956015 0.221194 0.192637 -0.217199 0.249377 0.267172 0.930822 0.38089 0.31622 -0.384863 0.867113 0.400795 -0.930002 -0.306262 0.203222 -0.504304 0.187352 -0.87068 -0.454769 0.485867 
1533291710703 0.12491 0.943701 -0.306312 -0.615483 -0.95807 0.194967 0.209976 -0.22205 0.257876 0.26724 0.928484 0.381218 0.31622 -0.384863 0.867113 0.400795 -0.930002 -0.306262 0.203222 -0.504304 0.187352 -0.87068 -0.454769 0.485867 
1533291710717 0.130276 0.943012 -0.306198 -0.615416 -0.957335 0.199988 0.208601 -0.221398 0.257949 0.265958 0.928832 0.38117 0.31622 -0.384863 0.867113 0.400795 -0.930002 -0.306262 0.203222 -0.504304 0.187352 -0.87068 -0.454769 0.485867 
1533291710733 0.135637 0.942295 -0.306075 -0.61535 -0.956572 0.205004 0.207228 -0.220746 0.258016 0.264675 0.92918 0.381123 0.31622 -0.384863 0.867113 0.400795 -0.930002 -0.306262 0.203222 -0.504304 0.187352 -0.87068 -0.454769 0.485867 
1533291710750 0.140995 0.941551 -0.305945 -0.615283 -0.955781 0.210016 0.205854 -0.220094 0.258075 0.263392 0.929528 0.381075 0.31622 -0.384863 0.867113 0.400795 -0.930002 -0.306262 0.203222 -0.504304 0.187352 -0.87068 -0.454769 0.485867 
1533291710756 0.146349 0.940778 -0.305808 -0.615216 -0.954962 0.215023 0.204481 -0.219442 0.258127 0.262109 0.929876 0.381027 0.31622 -0.384863 0.867113 0.400795 -0.930002 -0.306262 0.203222 -0.504304 0.187352 -0.87068 -0.454769 0.485867 
1533291710770 0.151698 0.939978 -0.305663 -0.615149 -0.954115 0.220027 0.203109 -0.218791 0.258172 0.260826 0.930224 0.380979 0.31622 -0.384863 0.867113 0.400795 -0.930002 -0.306262 0.203222 -0.504304 0.187352 -0.87068 -0.454769 0.485867 
1533291710794 0.157042 0.939149 -0.30551 -0.615082 -0.953239 0.225025 0.201738 -0.218139 0.25821 0.259542 0.930573 0.380932 0.31622 -0.384863 0.867113 0.400795 -0.930002 -0.306262 0.203222 -0.504304 0.187352 -0.87068 -0.454769 0.485867 
1533291710811 0.162383 0.938293 -0.305349 -0.615016 -0.952336 0.230019 0.200368 -0.217487 0.25824 0.258259 0.930921 0.380884 0.31622 -0.384863 0.867113 0.400795 -0.930002 -0.306262 0.203222 -0.504304 0.187352 -0.87068 -0.454769 0.485867 
1533291710836 0.167718 0.937409 -0.305181 -0.614951 -0.951405 0.235008 0.198999 -0.216836 0.258264 0.256975 0.93127 0.380836 0.31622 -0.384863 0.867113 0.400795 -0.930002 -0.306262 0.203222 -0.504304 0.187352 -0.87068 -0.454769 0.485867 
1533291710851 0.173039 0.9365 -0.305001 -0.614899 -0.950445 0.239984 0.19764 -0.216212 0.258285 0.255688 0.931618 0.380785 0.31622 -0.384863 0.867113 0.400795 -0.930002 -0.306262 0.203222 -0.504304 0.187352 -0.87068 -0.454769 0.485867 
1533291710914 0.147247 0.940063 -0.307571 -0.615177 -0.954678 0.216398 0.204358 -0.220429 0.258667 0.26354 0.929321 0.381019 0.31622 -0.384863 0.867113 0.400795 -0.930002 -0.306262 0.203222 -0.504304 0.187352 -0.87068 -0.454769 0.485867 
1533291710924 0.150658 0.939479 -0.307705 -0.61504 -0.954102 0.219672 0.203553 -0.219979 0.258827 0.262915 0.929454 0.381021 0.31622 -0.384863 0.867113 0.400795 -0.930002 -0.306262 0.203222 -0.504304 0.187352 -0.87068 -0.454769 0.485867 
1533291710944 0.154068 0.938882 -0.307837 -0.614904 -0.953515 0.222944 0.202745 -0.219529 0.258985 0.262291 0.929586 0.381023 0.31622 -0.384863 0.867113 0.400795 -0.930002 -0.306262 0.203222 -0.504304 0.187352 -0.87068 -0.454769 0.485867 
1533291710958 0.157476 0.938274 -0.307966 -0.614767 -0.952916 0.226214 0.201938 -0.219079 0.25914 0.261666 0.929719 0.381025 0.31622 -0.384863 0.867113 0.400795 -0.930002 -0.306262 0.203222 -0.504304 0.187352 -0.87068 -0.454769 0.485867 
1533291710974 0.160881 0.937654 -0.308093 -0.61463 -0.952305 0.229482 0.20113 -0.218629 0.259293 0.26104 0.929852 0.381027 0.31622 -0.384863 0.867113 0.400795 -0.930002 -0.306262 0.203222 -0.504304 0.187352 -0.87068 -0.454769 0.485867 
1533291710999 0.164286 0.937023 -0.308217 -0.614493 -0.951683 0.232748 0.200322 -0.218179 0.259443 0.260414 0.929986 0.381029 0.31622 -0.384863 0.867113 0.400795 -0.930002 -0.306262 0.203222 -0.504304 0.187352 -0.87068 -0.454769 0.485867 
1533291711015 0.167687 0.936381 -0.308338 -0.614356 -0.951049 0.236011 0.199513 -0.217729 0.259592 0.259788 0.93012 0.38103 0.31622 -0.384863 0.867113 0.400795 -0.930002 -0.306262 0.203222 -0.504304 0.187352 -0.87068 -0.454769 0.485867 
1533291711033 0.171087 0.935727 -0.308455 -0.61422 -0.950403 0.239272 0.198704 -0.217279 0.259737 0.259161 0.930254 0.381032 0.31622 -0.384863 0.867113 0.400795 -0.930002 -0.306262 0.203222 -0.504304 0.187352 -0.87068 -0.454769 0.485867 
1533291711044 0.174485 0.935061 -0.30857 -0.614085 -0.949746 0.24253 0.197895 -0.21683 0.259881 0.258533 0.930388 0.381034 0.31622 -0.384863 0.867113 0.400795 -0.930002 -0.306262 0.203222 -0.504304 0.187352 -0.87068 -0.454769 0.485867 
1533291711051 0.177874 0.934387 -0.308678 -0.613968 -0.949077 0.24578 0.197091 -0.2164 0.260026 0.257902 0.930523 0.381031 0.31622 -0.384863 0.867113 0.400795 -0.930002 -0.306262 0.203222 -0.504304 0.187352 -0.87068 -0.454769 0.485867 
1533291711100 0.165085 0.937299 -0.30695 -0.615085 -0.950917 0.233851 0.20266 -0.219343 0.261734 0.258427 0.929898 0.380941 0.31622 -0.384863 0.867113 0.400795 -0.930002 -0.306262 0.203222 -0.504304 0.187352 -0.87068 -0.454769 0.485867 
1533291711113 0.167266 0.936886 -0.307028 -0.61494 -0.950603 0.23585 0.201811 -0.21896 0.261487 0.258106 0.930057 0.380965 0.31622 -0.384863 0.867113 0.400795 -0.930002 -0.306262 0.203222 -0.504304 0.187352 -0.87068 -0.454769 0.485867 
1533291711130 0.169445 0.93647 -0.307104 -0.614795 -0.950286 0.237848 0.200962 -0.218577 0.261239 0.257784 0.930216 0.380988 0.31622 -0.384863 0.867113 0.400795 -0.930002 -0.306262 0.203222 -0.504304 0.187352 -0.87068 -0.454769 0.485867 
1533291711146 0.171624 0.936049 -0.307178 -0.61465 -0.949963 0.239845 0.200113 -0.218194 0.26099 0.257464 0.930374 0.381012 0.31622 -0.384863 0.867113 0.400795 -0.930002 -0.306262 0.203222 -0.504304 0.187352 -0.87068 -0.454769 0.485867 
1533291711163 0.173801 0.935623 -0.307251 -0.614505 -0.949635 0.241841 0.199264 -0.217811 0.260742 0.257144 0.930533 0.381035 0.31622 -0.384863 0.867113 0.400795 -0.930002 -0.306262 0.203222 -0.504304 0.187352 -0.87068 -0.454769 0.485867 
1533291711179 0.175979 0.935193 -0.307321 -0.61436 -0.949303 0.243836 0.198414 -0.217428 0.260491 0.256824 0.930691 0.381059 0.31622 -0.384863 0.867113 0.400795 -0.930002 -0.306262 0.203222 -0.504304 0.187352 -0.87068 -0.454769 0.485867 
1533291711196 0.178155 0.934758 -0.307389 -0.614215 -0.948966 0.24583 0.197564 -0.217045 0.26024 0.256505 0.930849 0.381083 0.31622 -0.384863 0.867113 0.400795 -0.930002 -0.306262 0.203222 -0.504304 0.187352 -0.87068 -0.454769 0.485867 
1533291711203 0.18033 0.934319 -0.307456 -0.61407 -0.948624 0.247823 0.196714 -0.216662 0.259989 0.256186 0.931007 0.381106 0.31622 -0.384863 0.867113 0.400795 -0.930002 -0.306262 0.203222 -0.504304 0.187352 -0.87068 -0.454769 0.485867 
1533291711216 0.182505 0.933876 -0.30752 -0.613927 -0.948277 0.249816 0.195864 -0.21628 0.259736 0.255868 0.931165 0.381129 0.31622 -0.384863 0.867113 0.400795 -0.930002 -0.306262 0.203222 -0.504304 0.187352 -0.87068 -0.454769 0.485867 
1533291711243 0.184674 0.93343 -0.307579 -0.6138 -0.947925 0.251803 0.195019 -0.215913 0.259486 0.255547 0.931323 0.381149 0.31622 -0.384863 0.867113 0.400795 -0.930002 -0.306262 0.203222 -0.504304 0.187352 -0.87068 -0.454769 0.485867 
1533291711261 0.176977 0.935029 -0.307246 -0.61473 -0.948216 0.24564 0.201363 -0.218351 0.263752 0.255699 0.930082 0.381018 0.31622 -0.384863 0.867113 0.400795 -0.930002 -0.306262 0.203222 -0.504304 0.187352 -0.87068 -0.454769 0.485867 
1533291711273 0.177827 0.934776 -0.307524 -0.61457 -0.948146 0.246413 0.200749 -0.218166 0.263433 0.255879 0.930123 0.381029 0.31622 -0.384863 0.867113 0.400795 -0.930002 -0.306262 0.203222 -0.504304 0.187352 -0.87068 -0.454769 0.485867 
1533291711299 0.178676 0.934523 -0.307802 -0.61441 -0.948075 0.247185 0.200134 -0.217981 0.263114 0.25606 0.930164 0.38104 0.31622 -0.384863 0.867113 0.400795 -0.930002 -0.306262 0.203222 -0.504304 0.187352 -0.87068 -0.454769 0.485867 
1533291711312 0.179526 0.934269 -0.308079 -0.61425 -0.948003 0.247957 0.19952 -0.217796 0.262796 0.256241 0.930204 0.381051 0.31622 -0.384863 0.867113 0.400795 -0.930002 -0.306262 0.203222 -0.504304 0.187352 -0.87068 -0.454769 0.485867 
1533291711328 0.180375 0.934014 -0.308356 -0.61409 -0.94793 0.248729 0.198905 -0.217612 0.262477 0.256423 0.930244 0.381062 0.31622 -0.384863 0.867113 0.400795 -0.930002 -0.306262 0.203222 -0.504304 0.187352 -0.87068 -0.454769 0.485867 
1533291711350 0.181224 0.933758 -0.308633 -0.61393 -0.947856 0.2495 0.19829 -0.217427 0.262158 0.256605 0.930283 0.381072 0.31622 -0.384863 0.867113 0.400795 -0.930002 -0.306262 0.203222 -0.504304 0.187352 -0.87068 -0.454769 0.485867 
1533291711361 0.182072 0.933502 -0.308908 -0.61377 -0.947781 0.250271 0.197674 -0.217242 0.26184 0.256787 0.930323 0.381083 0.31622 -0.384863 0.867113 0.400795 -0.930002 -0.306262 0.203222 -0.504304 0.187352 -0.87068 -0.454769 0.485867 
1533291711378 0.182921 0.933245 -0.309183 -0.61361 -0.947706 0.251041 0.197058 -0.217057 0.261522 0.256969 0.930362 0.381094 0.31622 -0.384863 0.867113 0.400795 -0.930002 -0.306262 0.203222 -0.504304 0.187352 -0.87068 -0.454769 0.485867 
1533291711398 0.18377 0.932987 -0.309458 -0.613451 -0.947629 0.251812 0.196442 -0.216872 0.261203 0.257151 0.930401 0.381105 0.31622 -0.384863 0.867113 0.400795 -0.930002 -0.306262 0.203222 -0.504304 0.187352 -0.87068 -0.454769 0.485867 
1533291711411 0.184617 0.93273 -0.309729 -0.61331 -0.947552 0.252579 0.195829 -0.216698 0.260887 0.257331 0.93044 0.381112 0.31622 -0.384863 0.867113 0.400795 -0.930002 -0.306262 0.203222 -0.504304 0.187352 -0.87068 -0.454769 0.485867 
1533291711445 0.183789 0.933678 -0.307353 -0.61444 -0.946891 0.252099 0.19961 -0.217672 0.263855 0.254344 0.930424 0.381043 0.31622 -0.384863 0.867113 0.400795 -0.930002 -0.306262 0.203222 -0.504304 0.187352 -0.87068 -0.454769 0.485867 
1533291711462 0.183667 0.933566 -0.307769 -0.614258 -0.947116 0.251878 0.198819 -0.217612 0.263131 0.254976 0.930456 0.381074 0.31622 -0.384863 0.867113 0.400795 -0.930002 -0.306262 0.203222 -0.504304 0.187352 -0.87068 -0.454769 0.485867 
1533291711487 0.183546 0.933452 -0.308185 -0.614076 -0.94734 0.251657 0.198029 -0.217552 0.262408 0.255609 0.930487 0.381105 0.31622 -0.384863 0.867113 0.400795 -0.930002 -0.306262 0.203222 -0.504304 0.187352 -0.87068 -0.454769 0.485867 
1533291711493 0.183424 0.933339 -0.308601 -0.613894 -0.947564 0.251435 0.197239 -0.217492 0.261684 0.25624 0.930517 0.381136 0.31622 -0.384863 0.867113 0.400795 -0.930002 -0.306262 0.203222 -0.504304 0.187352 -0.87068 -0.454769 0.485867 
1533291711507 0.183303 0.933225 -0.309016 -0.613711 -0.947787 0.251213 0.196449 -0.217433 0.26096 0.256872 0.930546 0.381167 0.31622 -0.384863 0.867113 0.400795 -0.930002 -0.306262 0.203222 -0.504304 0.187352 -0.87068 -0.454769 0.485867 
1533291711529 0.183183 0.933111 -0.309432 -0.613529 -0.948009 0.25099 0.195659 -0.217373 0.260236 0.257503 0.930575 0.381198 0.31622 -0.384863 0.867113 0.400795 -0.930002 -0.306262 0.203222 -0.504304 0.187352 -0.87068 -0.454769 0.485867 
1533291711540 0.183062 0.932997 -0.309848 -0.613347 -0.948231 0.250767 0.194869 -0.217313 0.259512 0.258134 0.930602 0.38123 0.31622 -0.384863 0.867113 0.400795 -0.930002 -0.306262 0.203222 -0.504304 0.187352 -0.87068 -0.454769 0.485867 
1533291711547 0.182942 0.932882 -0.310264 -0.613165 -0.948452 0.250543 0.194079 -0.217253 0.258787 0.258765 0.930629 0.381261 0.31622 -0.384863 0.867113 0.400795 -0.930002 -0.306262 0.203222 -0.504304 0.187352 -0.87068 -0.454769 0.485867 
1533291711561 0.182822 0.932767 -0.31068 -0.612984 -0.948673 0.250319 0.193289 -0.217193 0.258062 0.259396 0.930654 0.381292 0.31622 -0.384863 0.867113 0.400795 -0.930002 -0.306262 0.203222 -0.504304 0.187352 -0.87068 -0.454769 0.485867 
1533291711581 0.182702 0.932653 -0.311092 -0.612822 -0.948892 0.250093 0.192502 -0.21714 0.257339 0.260022 0.93068 0.381317 0.31622 -0.384863 0.867113 0.400795 -0.930002 -0.306262 0.203222 -0.504304 0.187352 -0.87068 -0.454769 0.485867 
1533291711601 0.183937 0.933387 -0.308149 -0.613848 -0.947171 0.252108 0.198264 -0.216936 0.262743 0.255402 0.930449 0.381179 0.31622 -0.384863 0.867113 0.400795 -0.930002 -0.306262 0.203222 -0.504304 0.187352 -0.87068 -0.454769 0.485867 
1533291711616 0.18343 0.933336 -0.308606 -0.613647 -0.94748 0.251522 0.197528 -0.216956 0.261981 0.256166 0.930454 0.38117 0.31622 -0.384863 0.867113 0.400795 -0.930002 -0.306262 0.203222 -0.504304 0.187352 -0.87068 -0.454769 0.485867 
1533291711637 0.182922 0.933284 -0.309065 -0.613446 -0.947789 0.250935 0.196793 -0.216975 0.261219 0.25693 0.930458 0.381162 0.31622 -0.384863 0.867113 0.400795 -0.930002 -0.306262 0.203222 -0.504304 0.187352 -0.87068 -0.454769 0.485867 
1533291711654 0.182416 0.93323 -0.309525 -0.613245 -0.948097 0.250348 0.196058 -0.216994 0.260456 0.257695 0.93046 0.381153 0.31622 -0.384863 0.867113 0.400795 -0.930002 -0.306262 0.203222 -0.504304 0.187352 -0.87068 -0.454769 0.485867 
1533291711662 0.181909 0.933177 -0.309984 -0.613044 -0.948403 0.24976 0.195323 -0.217014 0.259692 0.258459 0.930462 0.381144 0.31622 -0.384863 0.867113 0.400795 -0.930002 -0.306262 0.203222 -0.504304 0.187352 -0.87068 -0.454769 0.485867 
1533291711678 0.181403 0.933123 -0.310444 -0.612843 -0.948709 0.249171 0.194588 -0.217033 0.258928 0.259222 0.930462 0.381135 0.31622 -0.384863 0.867113 0.400795 -0.930002 -0.306262 0.203222 -0.504304 0.187352 -0.87068 -0.454769 0.485867 
1533291711694 0.180897 0.933068 -0.310904 -0.612642 -0.949014 0.248582 0.193854 -0.217053 0.258164 0.259985 0.930462 0.381127 0.31622 -0.384863 0.867113 0.400795 -0.930002 -0.306262 0.203222 -0.504304 0.187352 -0.87068 -0.454769 0.485867 
1533291711711 0.180391 0.933012 -0.311364 -0.612441 -0.949318 0.247991 0.193119 -0.217072 0.257398 0.260747 0.930461 0.381118 0.31622 -0.384863 0.867113 0.400795 -0.930002 -0.306262 0.203222 -0.504304 0.187352 -0.87068 -0.454769 0.485867 
1533291711728 0.179886 0.932956 -0.311824 -0.612241 -0.949621 0.2474 0.192385 -0.217092 0.256633 0.261508 0.930459 0.381109 0.31622 -0.384863 0.867113 0.400795 -0.930002 -0.306262 0.203222 -0.504304 0.187352 -0.87068 -0.454769 0.485867 
1533291711735 0.17938 0.9329 -0.312282 -0.61206 -0.949923 0.246808 0.191654 -0.217115 0.255867 0.262265 0.930456 0.381096 0.31622 -0.384863 0.867113 0.400795 -0.930002 -0.306262 0.203222 -0.504304 0.187352 -0.87068 -0.454769 0.485867 
1533291711752 0.182772 0.933144 -0.309577 -0.613378 -0.94816 0.250563 0.195474 -0.217017 0.259974 0.257801 0.930565 0.381247 0.31622 -0.384863 0.867113 0.400795 -0.930002 -0.306262 0.203222 -0.504304 0.187352 -0.87068 -0.454769 0.485867 
1533291711764 0.182192 0.933105 -0.310034 -0.613106 -0.948587 0.2498 0.194378 -0.217052 0.258821 0.25868 0.930643 0.38122 0.31622 -0.384863 0.867113 0.400795 -0.930002 -0.306262 0.203222 -0.504304 0.187352 -0.87068 -0.454769 0.485867 
1533291711785 0.181614 0.933065 -0.310493 -0.612834 -0.949012 0.249036 0.193282 -0.217086 0.257668 0.259559 0.930718 0.381193 0.31622 -0.384863 0.867113 0.400795 -0.930002 -0.306262 0.203222 -0.504304 0.187352 -0.87068 -0.454769 0.485867 
1533291711798 0.181036 0.933025 -0.310951 -0.612562 -0.949435 0.24827 0.192185 -0.217121 0.256514 0.260436 0.930792 0.381167 0.31622 -0.384863 0.867113 0.400795 -0.930002 -0.306262 0.203222 -0.504304 0.187352 -0.87068 -0.454769 0.485867 
1533291711820 0.180459 0.932983 -0.311411 -0.612291 -0.949856 0.247504 0.191089 -0.217155 0.255359 0.261312 0.930864 0.38114 0.31622 -0.384863 0.867113 0.400795 -0.930002 -0.306262 0.203222 -0.504304 0.187352 -0.87068 -0.454769 0.485867 
1533291711831 0.179882 0.932941 -0.31187 -0.612019 -0.950276 0.246737 0.189994 -0.21719 0.254203 0.262186 0.930935 0.381113 0.31622 -0.384863 0.867113 0.400795 -0.930002 -0.306262 0.203222 -0.504304 0.187352 -0.87068 -0.454769 0.485867 
1533291711848 0.179305 0.932898 -0.312331 -0.611747 -0.950693 0.245968 0.188898 -0.217224 0.253046 0.26306 0.931003 0.381086 0.31622 -0.384863 0.867113 0.400795 -0.930002 -0.306262 0.203222 -0.504304 0.187352 -0.87068 -0.454769 0.485867 
1533291711868 0.178729 0.932854 -0.312792 -0.611475 -0.951109 0.245198 0.187802 -0.217259 0.251888 0.263933 0.93107 0.381059 0.31622 -0.384863 0.867113 0.400795 -0.930002 -0.306262 0.203222 -0.504304 0.187352 -0.87068 -0.454769 0.485867 
1533291711881 0.178154 0.93281 -0.313253 -0.611205 -0.951523 0.244427 0.186707 -0.217294 0.250729 0.264805 0.931135 0.381032 0.31622 -0.384863 0.867113 0.400795 -0.930002 -0.306262 0.203222 -0.504304 0.187352 -0.87068 -0.454769 0.485867 
1533291711898 0.177578 0.932766 -0.31371 -0.610959 -0.951935 0.243654 0.185614 -0.217334 0.249572 0.265671 0.9312 0.381001 0.31622 -0.384863 0.867113 0.400795 -0.930002 -0.306262 0.203222 -0.504304 0.187352 -0.87068 -0.454769 0.485867 
1533291711918 0.180708 0.933267 -0.310415 -0.612556 -0.949053 0.248299 0.194026 -0.216837 0.258154 0.259538 0.930589 0.381308 0.31622 -0.384863 0.867113 0.400795 -0.930002 -0.306262 0.203222 -0.504304 0.187352 -0.87068 -0.454769 0.485867 
1533291711931 0.180069 0.933243 -0.310859 -0.612222 -0.94943 0.247533 0.193159 -0.216906 0.257212 0.260356 0.930621 0.381265 0.31622 -0.384863 0.867113 0.400795 -0.930002 -0.306262 0.203222 -0.504304 0.187352 -0.87068 -0.454769 0.485867 
1533291711948 0.17943 0.933217 -0.311304 -0.611887 -0.949806 0.246765 0.192293 -0.216975 0.25627 0.261175 0.930652 0.381223 0.31622 -0.384863 0.867113 0.400795 -0.930002 -0.306262 0.203222 -0.504304 0.187352 -0.87068 -0.454769 0.485867 
1533291711967 0.178791 0.933191 -0.31175 -0.611552 -0.95018 0.245996 0.191426 -0.217043 0.255326 0.261993 0.930682 0.38118 0.31622 -0.384863 0.867113 0.400795 -0.930002 -0.306262 0.203222 -0.504304 0.187352 -0.87068 -0.454769 0.485867 
1533291711981 0.178153 0.933164 -0.312196 -0.611217 -0.950553 0.245226 0.19056 -0.217112 0.254382 0.26281 0.93071 0.381138 0.31622 -0.384863 0.867113 0.400795 -0.930002 -0.306262 0.203222 -0.504304 0.187352 -0.87068 -0.454769 0.485867 
1533291711998 0.177515 0.933136 -0.312642 -0.610883 -0.950925 0.244455 0.189694 -0.217181 0.253437 0.263626 0.930737 0.381095 0.31622 -0.384863 0.867113 0.400795 -0.930002 -0.306262 0.203222 -0.504304 0.187352 -0.87068 -0.454769 0.485867 
1533291712027 0.176878 0.933107 -0.313089 -0.610548 -0.951295 0.243684 0.188828 -0.217249 0.252492 0.264441 0.930763 0.381052 0.31622 -0.384863 0.867113 0.400795 -0.930002 -0.306262 0.203222 -0.504304 0.187352 -0.87068 -0.454769 0.485867 
1533291712040 0.176241 0.933078 -0.313536 -0.610214 -0.951664 0.242911 0.187963 -0.217318 0.251545 0.265255 0.930787 0.38101 0.31622 -0.384863 0.867113 0.400795 -0.930002 -0.306262 0.203222 -0.504304 0.187352 -0.87068 -0.454769 0.485867 
1533291712063 0.175604 0.933047 -0.313984 -0.609881 -0.952031 0.242138 0.187097 -0.217387 0.250598 0.266068 0.930811 0.380967 0.31622 -0.384863 0.867113 0.400795 -0.930002 -0.306262 0.203222 -0.504304 0.187352 -0.87068 -0.454769 0.485867 
1533291712074 0.174968 0.933017 -0.314428 -0.609576 -0.952397 0.241363 0.186234 -0.21746 0.249651 0.266875 0.930834 0.38092 0.31622 -0.384863 0.867113 0.400795 -0.930002 -0.306262 0.203222 -0.504304 0.187352 -0.87068 -0.454769 0.485867 
1533291712100 0.178817 0.933189 -0.311742 -0.61167 -0.950596 0.245584 0.189882 -0.216985 0.253755 0.262386 0.931001 0.381216 0.31622 -0.384863 0.867113 0.400795 -0.930002 -0.306262 0.203222 -0.504304 0.187352 -0.87068 -0.454769 0.485867 
1533291712114 0.178215 0.933235 -0.31195 -0.611331 -0.950899 0.244864 0.189297 -0.217085 0.253044 0.262897 0.93105 0.381148 0.31622 -0.384863 0.867113 0.400795 -0.930002 -0.306262 0.203222 -0.504304 0.187352 -0.87068 -0.454769 0.485867 
1533291712130 0.177612 0.933279 -0.312159 -0.610992 -0.9512 0.244142 0.188712 -0.217184 0.252332 0.263408 0.931099 0.381081 0.31622 -0.384863 0.867113 0.400795 -0.930002 -0.306262 0.203222 -0.504304 0.187352 -0.87068 -0.454769 0.485867 
1533291712147 0.177011 0.933323 -0.312369 -0.610653 -0.951501 0.243421 0.188126 -0.217283 0.25162 0.263919 0.931147 0.381013 0.31622 -0.384863 0.867113 0.400795 -0.930002 -0.306262 0.203222 -0.504304 0.187352 -0.87068 -0.454769 0.485867 
1533291712164 0.176409 0.933367 -0.312579 -0.610313 -0.951801 0.242699 0.187541 -0.217383 0.250907 0.264429 0.931194 0.380946 0.31622 -0.384863 0.867113 0.400795 -0.930002 -0.306262 0.203222 -0.504304 0.187352 -0.87068 -0.454769 0.485867 
1533291712180 0.175807 0.93341 -0.312789 -0.609974 -0.9521 0.241977 0.186956 -0.217482 0.250194 0.264939 0.931241 0.380878 0.31622 -0.384863 0.867113 0.400795 -0.930002 -0.306262 0.203222 -0.504304 0.187352 -0.87068 -0.454769 0.485867 
1533291712187 0.175206 0.933453 -0.313 -0.609635 -0.952398 0.241254 0.186371 -0.217582 0.249481 0.265447 0.931288 0.380811 0.31622 -0.384863 0.867113 0.400795 -0.930002 -0.306262 0.203222 -0.504304 0.187352 -0.87068 -0.454769 0.485867 
1533291712201 0.174604 0.933495 -0.313211 -0.609296 -0.952695 0.240531 0.185786 -0.217681 0.248767 0.265955 0.931334 0.380743 0.31622 -0.384863 0.867113 0.400795 -0.930002 -0.306262 0.203222 -0.504304 0.187352 -0.87068 -0.454769 0.485867 
1533291712217 0.174002 0.933536 -0.313421 -0.608959 -0.952992 0.239807 0.185201 -0.217781 0.248052 0.266462 0.931379 0.380676 0.31622 -0.384863 0.867113 0.400795 -0.930002 -0.306262 0.203222 -0.504304 0.187352 -0.87068 -0.454769 0.485867 
1533291712234 0.173401 0.933578 -0.31363 -0.608646 -0.953287 0.239083 0.184617 -0.217882 0.247338 0.266966 0.931425 0.380606 0.31622 -0.384863 0.867113 0.400795 -0.930002 -0.306262 0.203222 -0.504304 0.187352 -0.87068 -0.454769 0.485867 
1533291712262 0.176231 0.933551 -0.312132 -0.610369 -0.951498 0.242795 0.188953 -0.216794 0.252181 0.263693 0.931059 0.381334 0.31622 -0.384863 0.867113 0.400795 -0.930002 -0.306262 0.203222 -0.504304 0.187352 -0.87068 -0.454769 0.485867 
1533291712276 0.17568 0.933574 -0.312371 -0.610045 -0.951675 0.242246 0.188765 -0.216912 0.251896 0.264114 0.931017 0.381284 0.31622 -0.384863 0.867113 0.400795 -0.930002 -0.306262 0.203222 -0.504304 0.187352 -0.87068 -0.454769 0.485867 
1533291712292 0.175129 0.933597 -0.312612 -0.60972 -0.951852 0.241697 0.188576 -0.217031 0.251611 0.264535 0.930974 0.381235 0.31622 -0.384863 0.867113 0.400795 -0.930002 -0.306262 0.203222 -0.504304 0.187352 -0.87068 -0.454769 0.485867 
1533291712309 0.174579 0.93362 -0.312853 -0.609396 -0.952028 0.241149 0.188387 -0.217149 0.251326 0.264956 0.930931 0.381185 0.31622 -0.384863 0.867113 0.400795 -0.930002 -0.306262 0.203222 -0.504304 0.187352 -0.87068 -0.454769 0.485867 
1533291712325 0.174028 0.933642 -0.313093 -0.609071 -0.952204 0.2406 0.188199 -0.217267 0.251041 0.265377 0.930889 0.381136 0.31622 -0.384863 0.867113 0.400795 -0.930002 -0.306262 0.203222 -0.504304 0.187352 -0.87068 -0.454769 0.485867 
1533291712344 0.173478 0.933663 -0.313334 -0.608747 -0.95238 0.240051 0.188011 -0.217386 0.250755 0.265797 0.930846 0.381086 0.31622 -0.384863 0.867113 0.400795 -0.930002 -0.306262 0.203222 -0.504304 0.187352 -0.87068 -0.454769 0.485867 
1533291712351 0.172928 0.933685 -0.313575 -0.608422 -0.952555 0.239502 0.187823 -0.217504 0.250469 0.266217 0.930803 0.381037 0.31622 -0.384863 0.867113 0.400795 -0.930002 -0.306262 0.203222 -0.504304 0.187352 -0.87068 -0.454769 0.485867 
1533291712363 0.172377 0.933705 -0.313816 -0.608098 -0.95273 0.238953 0.187635 -0.217622 0.250183 0.266637 0.930759 0.380987 0.31622 -0.384863 0.867113 0.400795 -0.930002 -0.306262 0.203222 -0.504304 0.187352 -0.87068 -0.454769 0.485867 
1533291712380 0.171827 0.933726 -0.314056 -0.607775 -0.952905 0.238403 0.187448 -0.217741 0.249897 0.267057 0.930716 0.380938 0.31622 -0.384863 0.867113 0.400795 -0.930002 -0.306262 0.203222 -0.504304 0.187352 -0.87068 -0.454769 0.485867 
1533291712399 0.171277 0.933747 -0.314294 -0.607476 -0.953079 0.237854 0.18726 -0.21786 0.24961 0.267474 0.930673 0.380886 0.31622 -0.384863 0.867113 0.400795 -0.930002 -0.306262 0.203222 -0.504304 0.187352 -0.87068 -0.454769 0.485867 
1533291712417 0.174704 0.933692 -0.312565 -0.609453 -0.952314 0.240883 0.187281 -0.21715 0.250154 0.264942 0.931251 0.381073 0.31622 -0.384863 0.867113 0.400795 -0.930002 -0.306262 0.203222 -0.504304 0.187352 -0.87068 -0.454769 0.485867 
1533291712431 0.174247 0.933721 -0.312734 -0.609152 -0.952543 0.240332 0.186822 -0.217244 0.2496 0.265339 0.931287 0.38103 0.31622 -0.384863 0.867113 0.400795 -0.930002 -0.306262 0.203222 -0.504304 0.187352 -0.87068 -0.454769 0.485867 
1533291712455 0.17379 0.93375 -0.312904 -0.60885 -0.952771 0.239782 0.186364 -0.217338 0.249046 0.265738 0.931321 0.380986 0.31622 -0.384863 0.867113 0.400795 -0.930002 -0.306262 0.203222 -0.504304 0.187352 -0.87068 -0.454769 0.485867 
1533291712471 0.173333 0.933777 -0.313075 -0.608549 -0.952999 0.239232 0.185906 -0.217432 0.248492 0.266137 0.931356 0.380943 0.31622 -0.384863 0.867113 0.400795 -0.930002 -0.306262 0.203222 -0.504304 0.187352 -0.87068 -0.454769 0.485867 
1533291712488 0.172876 0.933805 -0.313246 -0.608247 -0.953226 0.238681 0.185448 -0.217526 0.247938 0.266534 0.93139 0.380899 0.31622 -0.384863 0.867113 0.400795 -0.930002 -0.306262 0.203222 -0.504304 0.187352 -0.87068 -0.454769 0.485867 
1533291712505 0.17242 0.933832 -0.313416 -0.607946 -0.953453 0.23813 0.18499 -0.217621 0.247383 0.266932 0.931423 0.380856 0.31622 -0.384863 0.867113 0.400795 -0.930002 -0.306262 0.203222 -0.504304 0.187352 -0.87068 -0.454769 0.485867 
1533291712511 0.171963 0.933859 -0.313587 -0.607644 -0.95368 0.237578 0.184532 -0.217715 0.246828 0.267329 0.931456 0.380813 0.31622 -0.384863 0.867113 0.400795 -0.930002 -0.306262 0.203222 -0.504304 0.187352 -0.87068 -0.454769 0.485867 
1533291712525 0.171506 0.933885 -0.313759 -0.607343 -0.953905 0.237026 0.184074 -0.217809 0.246273 0.267726 0.931489 0.380769 0.31622 -0.384863 0.867113 0.400795 -0.930002 -0.306262 0.203222 -0.504304 0.187352 -0.87068 -0.454769 0.485867 
1533291712542 0.17105 0.933911 -0.313929 -0.607043 -0.954131 0.236474 0.183616 -0.217903 0.245717 0.268122 0.931522 0.380726 0.31622 -0.384863 0.867113 0.400795 -0.930002 -0.306262 0.203222 -0.504304 0.187352 -0.87068 -0.454769 0.485867 
1533291712558 0.170594 0.933938 -0.314098 -0.606765 -0.954355 0.235922 0.183159 -0.217999 0.245162 0.268516 0.931555 0.38068 0.31622 -0.384863 0.867113 0.400795 -0.930002 -0.306262 0.203222 -0.504304 0.187352 -0.87068 -0.454769 0.485867 
1533291712580 0.173289 0.933883 -0.312783 -0.608256 -0.952586 0.23958 0.187566 -0.217516 0.250101 0.26545 0.931121 0.381225 0.31622 -0.384863 0.867113 0.400795 -0.930002 -0.306262 0.203222 -0.504304 0.187352 -0.87068 -0.454769 0.485867 
1533291712593 0.172869 0.933959 -0.312788 -0.607983 -0.952705 0.239141 0.187521 -0.217616 0.249938 0.265579 0.931128 0.381166 0.31622 -0.384863 0.867113 0.400795 -0.930002 -0.306262 0.203222 -0.504304 0.187352 -0.87068 -0.454769 0.485867 
1533291712598 0.172449 0.934035 -0.312793 -0.607709 -0.952824 0.238702 0.187478 -0.217717 0.249775 0.265706 0.931135 0.381107 0.31622 -0.384863 0.867113 0.400795 -0.930002 -0.306262 0.203222 -0.504304 0.187352 -0.87068 -0.454769 0.485867 
1533291712612 0.17203 0.934111 -0.312798 -0.607436 -0.952943 0.238262 0.187434 -0.217817 0.249612 0.265834 0.931142 0.381048 0.31622 -0.384863 0.867113 0.400795 -0.930002 -0.306262 0.203222 -0.504304 0.187352 -0.87068 -0.454769 0.485867 
1533291712628 0.17161 0.934187 -0.312803 -0.607162 -0.953061 0.237823 0.18739 -0.217917 0.249449 0.265962 0.93115 0.380989 0.31622 -0.384863 0.867113 0.400795 -0.930002 -0.306262 0.203222 -0.504304 0.187352 -0.87068 -0.454769 0.485867 
1533291712648 0.17119 0.934262 -0.312808 -0.606889 -0.953179 0.237384 0.187346 -0.218017 0.249285 0.26609 0.931157 0.380929 0.31622 -0.384863 0.867113 0.400795 -0.930002 -0.306262 0.203222 -0.504304 0.187352 -0.87068 -0.454769 0.485867 
1533291712662 0.170771 0.934337 -0.312813 -0.606615 -0.953297 0.236944 0.187302 -0.218117 0.249122 0.266218 0.931164 0.38087 0.31622 -0.384863 0.867113 0.400795 -0.930002 -0.306262 0.203222 -0.504304 0.187352 -0.87068 -0.454769 0.485867 
1533291712689 0.170351 0.934412 -0.312818 -0.606342 -0.953415 0.236504 0.187258 -0.218218 0.248959 0.266346 0.931171 0.380811 0.31622 -0.384863 0.867113 0.400795 -0.930002 -0.306262 0.203222 -0.504304 0.187352 -0.87068 -0.454769 0.485867 
1533291712715 0.169931 0.934487 -0.312822 -0.60607 -0.953533 0.236065 0.187214 -0.218318 0.248796 0.266473 0.931178 0.380752 0.31622 -0.384863 0.867113 0.400795 -0.930002 -0.306262 0.203222 -0.504304 0.187352 -0.87068 -0.454769 0.485867 
1533291712732 0.169512 0.934562 -0.312826 -0.605816 -0.95365 0.235625 0.18717 -0.218418 0.248632 0.266599 0.931186 0.380693 0.31622 -0.384863 0.867113 0.400795 -0.930002 -0.306262 0.203222 -0.504304 0.187352 -0.87068 -0.454769 0.485867 
1533291712753 0.171906 0.934034 -0.313097 -0.60755 -0.953379 0.237762 0.185841 -0.217695 0.248024 0.266553 0.931361 0.380996 0.31622 -0.384863 0.867113 0.400795 -0.930002 -0.306262 0.203222 -0.504304 0.187352 -0.87068 -0.454769 0.485867 
1533291712769 0.171627 0.934064 -0.31316 -0.607313 -0.953488 0.237449 0.185683 -0.21776 0.247799 0.266726 0.931372 0.380949 0.31622 -0.384863 0.867113 0.400795 -0.930002 -0.306262 0.203222 -0.504304 0.187352 -0.87068 -0.454769 0.485867 
1533291712785 0.171349 0.934094 -0.313222 -0.607076 -0.953597 0.237137 0.185524 -0.217824 0.247574 0.266898 0.931382 0.380902 0.31622 -0.384863 0.867113 0.400795 -0.930002 -0.306262 0.203222 -0.504304 0.187352 -0.87068 -0.454769 0.485867 
1533291712802 0.171071 0.934124 -0.313284 -0.606839 -0.953705 0.236825 0.185366 -0.217889 0.247348 0.26707 0.931393 0.380855 0.31622 -0.384863 0.867113 0.400795 -0.930002 -0.306262 0.203222 -0.504304 0.187352 -0.87068 -0.454769 0.485867 
1533291712823 0.170794 0.934154 -0.313347 -0.606602 -0.953813 0.236513 0.185208 -0.217953 0.247123 0.267242 0.931403 0.380808 0.31622 -0.384863 0.867113 0.400795 -0.930002 -0.306262 0.203222 -0.504304 0.187352 -0.87068 -0.454769 0.485867 
1533291712829 0.170516 0.934183 -0.31341 -0.606365 -0.953921 0.236201 0.185049 -0.218018 0.246898 0.267415 0.931413 0.38076 0.31622 -0.384863 0.867113 0.400795 -0.930002 -0.306262 0.203222 -0.504304 0.187352 -0.87068 -0.454769 0.485867 
1533291712843 0.170238 0.934213 -0.313473 -0.606128 -0.954029 0.235889 0.184891 -0.218083 0.246672 0.267587 0.931424 0.380713 0.31622 -0.384863 0.867113 0.400795 -0.930002 -0.306262 0.203222 -0.504304 0.187352 -0.87068 -0.454769 0.485867 
1533291712852 0.169961 0.934242 -0.313536 -0.605891 -0.954137 0.235577 0.184732 -0.218147 0.246447 0.267759 0.931434 0.380666 0.31622 -0.384863 0.867113 0.400795 -0.930002 -0.306262 0.203222 -0.504304 0.187352 -0.87068 -0.454769 0.485867 
1533291712865 0.169683 0.934272 -0.313598 -0.605655 -0.954245 0.235264 0.184574 -0.218212 0.246221 0.26793 0.931444 0.380619 0.31622 -0.384863 0.867113 0.400795 -0.930002 -0.306262 0.203222 -0.504304 0.187352 -0.87068 -0.454769 0.485867 
1533291712872 0.169405 0.934302 -0.313659 -0.605436 -0.954352 0.234952 0.184416 -0.218278 0.245995 0.2681 0.931455 0.380571 0.31622 -0.384863 0.867113 0.400795 -0.930002 -0.306262 0.203222 -0.504304 0.187352 -0.87068 -0.454769 0.485867 
1533291712890 0.170695 0.9344 -0.312666 -0.606083 -0.953481 0.236661 0.186722 -0.218429 0.248469 0.266249 0.931329 0.381035 0.31622 -0.384863 0.867113 0.400795 -0.930002 -0.306262 0.203222 -0.504304 0.187352 -0.87068 -0.454769 0.485867 
1533291712902 0.170369 0.93447 -0.312635 -0.605854 -0.95352 0.236369 0.186894 -0.218496 0.248544 0.266263 0.931306 0.380963 0.31622 -0.384863 0.867113 0.400795 -0.930002 -0.306262 0.203222 -0.504304 0.187352 -0.87068 -0.454769 0.485867 
1533291712919 0.170045 0.934539 -0.312606 -0.605625 -0.953558 0.236079 0.187065 -0.218563 0.248619 0.266279 0.931281 0.380891 0.31622 -0.384863 0.867113 0.400795 -0.930002 -0.306262 0.203222 -0.504304 0.187352 -0.87068 -0.454769 0.485867 
1533291712936 0.16972 0.934608 -0.312576 -0.605396 -0.953597 0.235788 0.187236 -0.21863 0.248693 0.266294 0.931257 0.380819 0.31622 -0.384863 0.867113 0.400795 -0.930002 -0.306262 0.203222 -0.504304 0.187352 -0.87068 -0.454769 0.485867 
1533291712942 0.169395 0.934677 -0.312546 -0.605167 -0.953635 0.235497 0.187406 -0.218698 0.248768 0.266309 0.931232 0.380747 0.31622 -0.384863 0.867113 0.400795 -0.930002 -0.306262 0.203222 -0.504304 0.187352 -0.87068 -0.454769 0.485867 
1533291712956 0.16907 0.934745 -0.312516 -0.604937 -0.953673 0.235207 0.187577 -0.218765 0.248843 0.266325 0.931208 0.380675 0.31622 -0.384863 0.867113 0.400795 -0.930002 -0.306262 0.203222 -0.504304 0.187352 -0.87068 -0.454769 0.485867 
1533291712972 0.168745 0.934814 -0.312486 -0.604708 -0.953711 0.234916 0.187748 -0.218832 0.248918 0.26634 0.931184 0.380603 0.31622 -0.384863 0.867113 0.400795 -0.930002 -0.306262 0.203222 -0.504304 0.187352 -0.87068 -0.454769 0.485867 
1533291712990 0.16842 0.934883 -0.312456 -0.604479 -0.953749 0.234625 0.187919 -0.218899 0.248993 0.266356 0.931159 0.380531 0.31622 -0.384863 0.867113 0.400795 -0.930002 -0.306262 0.203222 -0.504304 0.187352 -0.87068 -0.454769 0.485867 
