1534965441461 -0.267928 0.900243 -0.343188 -0.465106 -0.960026 -0.279424 0.0165184 -0.272945 -0.0810242 0.333895 0.939122 0.379141 0.16008 -0.304787 0.938871 0.370831 -0.775623 0.549475 0.310623 -0.528794 -0.61056 -0.777934 -0.14844 0.432481 
1534965441467 -0.210355 0.932609 -0.293241 -0.481949 -0.976538 -0.21459 0.0180439 -0.2705 -0.0460986 0.290157 0.955868 0.373828 0.316223 -0.384865 0.867111 0.400804 -0.930002 -0.306261 0.203225 -0.504321 0.187348 -0.87068 -0.454772 0.485875 
1534965442397 -0.150078 0.958429 -0.242675 -0.498792 -0.988575 -0.148953 0.0230856 -0.268055 -0.0140211 0.243367 0.969833 0.368515 0.316223 -0.384865 0.867111 0.400804 -0.930002 -0.306261 0.203225 -0.504321 0.187348 -0.87068 -0.454772 0.485875 
1534965443322 -0.087541 0.97751 -0.19186 -0.515635 -0.996048 -0.0829978 0.0316058 -0.26561 0.014971 0.193869 0.980913 0.363203 0.316223 -0.384865 0.867111 0.400804 -0.930002 -0.306261 0.203225 -0.504321 0.187348 -0.87068 -0.454772 0.485875 
1534965444278 -0.0232065 0.989713 -0.141174 -0.532477 -0.998903 -0.0172112 0.0435416 -0.263164 0.0406639 0.142029 0.989027 0.35789 0.316223 -0.384865 0.867111 0.400804 -0.930002 -0.306261 0.203225 -0.504321 0.187348 -0.87068 -0.454772 0.485875 
1534965445249 0.042452 0.994947 -0.0909883 -0.549317 -0.997119 0.0479224 0.0588047 -0.260718 0.0628679 0.0882297 0.994114 0.352578 0.316223 -0.384865 0.867111 0.400804 -0.930002 -0.306261 0.203225 -0.504321 0.187348 -0.87068 -0.454772 0.485875 
1534965446257 0.10895 0.993173 -0.0416747 -0.566155 -0.990707 0.111923 0.0772828 -0.25827 0.0814195 0.0328674 0.996138 0.347266 0.316223 -0.384865 0.867111 0.400804 -0.930002 -0.306261 0.203225 -0.504321 0.187348 -0.87068 -0.454772 0.485875 
1534965447307 0.175799 0.984405 0.00640294 -0.582984 -0.979716 0.174318 0.0988395 -0.255818 0.096182 -0.0236489 0.995083 0.341956 0.316223 -0.384865 0.867111 0.400804 -0.930002 -0.306261 0.203225 -0.504321 0.187348 -0.87068 -0.454772 0.485875 
1534965447313 0.242505 0.968708 0.0528887 -0.599793 -0.964226 0.23465 0.123316 -0.253357 0.107047 -0.0809014 0.990957 0.336651 0.316223 -0.384865 0.867111 0.400804 -0.930002 -0.306261 0.203225 -0.504321 0.187348 -0.87068 -0.454772 0.485875 
1534965448827 0.308759 0.946162 0.0971852 -0.614461 -0.944285 0.292684 0.150536 -0.249908 0.113987 -0.13825 0.983816 0.33179 0.316334 -0.384956 0.867031 0.401168 -0.929993 -0.306204 0.203353 -0.504979 0.187206 -0.87066 -0.454869 0.486184 
1534965449919 0.308002 0.946512 0.0961791 -0.6143 -0.944485 0.292048 0.150521 -0.250192 0.114381 -0.137201 0.983917 0.332056 0.316334 -0.384956 0.867031 0.401168 -0.929993 -0.306204 0.203353 -0.504979 0.187206 -0.87066 -0.454869 0.486184 
1534965449933 0.314614 0.943869 0.100643 -0.616218 -0.942251 0.29772 0.153383 -0.250019 0.11481 -0.143088 0.983028 0.331453 0.31622 -0.384863 0.867113 0.400795 -0.930002 -0.306262 0.203222 -0.504304 0.187352 -0.87068 -0.454769 0.485867 
1534965450331 0.321213 0.941158 0.105086 -0.618141 -0.939974 0.30336 0.15627 -0.24985 0.115196 -0.148974 0.982108 0.330849 0.31622 -0.384863 0.867113 0.400795 -0.930002 -0.306262 0.203222 -0.504304 0.187351 -0.87068 -0.454769 0.485867 
1534965450730 0.327799 0.93838 0.109505 -0.620065 -0.937655 0.30897 0.159184 -0.24968 0.115541 -0.154858 0.981157 0.330244 0.31622 -0.384863 0.867113 0.400795 -0.930002 -0.306262 0.203222 -0.504304 0.187351 -0.87068 -0.454769 0.485867 
1534965450736 0.334372 0.935533 0.1139 -0.621989 -0.935294 0.314549 0.162123 -0.24951 0.115845 -0.160739 0.980175 0.32964 0.31622 -0.384863 0.867113 0.400795 -0.930002 -0.306262 0.203222 -0.504304 0.187351 -0.87068 -0.454769 0.485867 
1534965451286 0.340932 0.932619 0.11827 -0.623912 -0.93289 0.320096 0.165088 -0.24934 0.116106 -0.166617 0.979162 0.329036 0.31622 -0.384863 0.867113 0.400795 -0.930002 -0.306262 0.203222 -0.504304 0.187351 -0.87068 -0.454769 0.485867 
1534965451694 0.347478 0.929637 0.122617 -0.625837 -0.930445 0.325611 0.168078 -0.249171 0.116326 -0.172491 0.978118 0.328431 0.31622 -0.384863 0.867113 0.400795 -0.930002 -0.306262 0.203222 -0.504304 0.187351 -0.87068 -0.454769 0.485867 
1534965452097 0.354009 0.926588 0.126938 -0.62776 -0.927957 0.331093 0.171093 -0.249001 0.116505 -0.178361 0.977043 0.327827 0.31622 -0.384863 0.867113 0.400795 -0.930002 -0.306262 0.203222 -0.504304 0.187351 -0.87068 -0.454769 0.485867 
1534965452504 0.360525 0.923471 0.131234 -0.629683 -0.925428 0.336543 0.174133 -0.248832 0.116641 -0.184227 0.975938 0.327223 0.31622 -0.384863 0.867113 0.400795 -0.930002 -0.306262 0.203222 -0.504304 0.187351 -0.87068 -0.454769 0.485867 
1534965452924 0.367026 0.920288 0.135504 -0.631607 -0.922857 0.341959 0.177198 -0.248662 0.116736 -0.190087 0.974802 0.326619 0.31622 -0.384863 0.867113 0.400795 -0.930002 -0.306262 0.203222 -0.504304 0.187351 -0.87068 -0.454769 0.485867 
