1534878456847 0.368274 0.926137 0.081515 -0.507076 -0.918919 0.349271 0.183295 -0.25292 0.141286 -0.142408 0.979673 0.339528 0.16008 -0.304787 0.938871 0.370831 -0.775623 0.549475 0.310623 -0.528794 -0.61056 -0.777934 -0.14844 0.432481 
1534878456860 0.357428 0.933243 0.0360844 -0.519932 -0.920553 0.345523 0.182197 -0.251922 0.157566 -0.0983398 0.9826 0.344011 0.316231 -0.384871 0.867106 0.40083 -0.930001 -0.306257 0.203234 -0.504368 0.187338 -0.870678 -0.454779 0.485897 
1534878456866 0.345821 0.938253 -0.00943818 -0.532788 -0.922155 0.341711 0.181284 -0.250924 0.173315 -0.0539884 0.983385 0.348493 0.316231 -0.384871 0.867106 0.40083 -0.930001 -0.306257 0.203234 -0.504368 0.187338 -0.870678 -0.454779 0.485897 
1534878457908 0.33348 0.941154 -0.0549508 -0.545643 -0.92372 0.337845 0.18056 -0.249925 0.1885 -0.00945409 0.982028 0.352976 0.316231 -0.384871 0.867106 0.40083 -0.930001 -0.306257 0.203234 -0.504368 0.187338 -0.870678 -0.454779 0.485897 
1534878458638 0.320431 0.941941 -0.100352 -0.558499 -0.925246 0.333931 0.180027 -0.248927 0.203086 0.0351637 0.978529 0.357459 0.316231 -0.384871 0.867106 0.40083 -0.930001 -0.306257 0.203234 -0.504368 0.187338 -0.870678 -0.454779 0.485897 
1534878459376 0.306705 0.940612 -0.14554 -0.571353 -0.926729 0.329981 0.179685 -0.247928 0.21704 0.0797654 0.972898 0.361942 0.316231 -0.384871 0.867106 0.40083 -0.930001 -0.306257 0.203234 -0.504368 0.187338 -0.870678 -0.454779 0.485897 
1534878460111 0.292331 0.937169 -0.190414 -0.584207 -0.928165 0.326001 0.179536 -0.24693 0.230331 0.124251 0.965147 0.366425 0.316231 -0.384871 0.867106 0.40083 -0.930001 -0.306257 0.203234 -0.504368 0.187338 -0.870678 -0.454779 0.485897 
1534878460856 0.277342 0.93162 -0.234874 -0.597059 -0.929552 0.322001 0.17958 -0.24593 0.24293 0.168522 0.955293 0.370909 0.316231 -0.384871 0.867106 0.40083 -0.930001 -0.306257 0.203234 -0.504368 0.187338 -0.870678 -0.454779 0.485897 
1534878461598 0.261772 0.923977 -0.278821 -0.60991 -0.930886 0.317991 0.179815 -0.24493 0.254808 0.21248 0.943359 0.375392 0.316231 -0.384871 0.867106 0.40083 -0.930001 -0.306257 0.203234 -0.504368 0.187338 -0.870678 -0.454779 0.485897 
1534878462355 0.245754 0.914192 -0.322269 -0.621797 -0.932139 0.314093 0.180174 -0.243461 0.265936 0.256121 0.929344 0.380049 0.316442 -0.385045 0.866951 0.401525 -0.929984 -0.306148 0.203478 -0.505625 0.187068 -0.87064 -0.454964 0.486487 
1534878463123 0.246395 0.914253 -0.321607 -0.62138 -0.932096 0.314446 0.179781 -0.24359 0.265493 0.255472 0.929649 0.379686 0.316442 -0.385045 0.866951 0.401525 -0.929984 -0.306148 0.203478 -0.505625 0.187068 -0.87064 -0.454964 0.486487 
1534878463134 0.24564 0.913882 -0.323235 -0.6219 -0.932329 0.31402 0.179312 -0.243568 0.265373 0.257315 0.929175 0.379634 0.316221 -0.384863 0.867113 0.400797 -0.930002 -0.306262 0.203223 -0.504308 0.187351 -0.87068 -0.45477 0.485869 
1534878463166 0.244884 0.913508 -0.324861 -0.622419 -0.932563 0.313593 0.178844 -0.243546 0.26525 0.259157 0.928698 0.379581 0.316221 -0.384863 0.867113 0.400797 -0.930002 -0.306262 0.203223 -0.504308 0.187351 -0.87068 -0.45477 0.485869 
1534878463329 0.244129 0.913131 -0.326486 -0.622939 -0.932797 0.313165 0.178377 -0.243524 0.265125 0.260998 0.928218 0.379529 0.316221 -0.384863 0.867113 0.400797 -0.930002 -0.306262 0.203223 -0.504308 0.187351 -0.87068 -0.45477 0.485869 
1534878463469 0.243374 0.91275 -0.328111 -0.623458 -0.93303 0.312736 0.17791 -0.243502 0.265 0.262839 0.927734 0.379477 0.316221 -0.384863 0.867113 0.400797 -0.930002 -0.306262 0.203223 -0.504308 0.187351 -0.87068 -0.45477 0.485869 
1534878463610 0.242619 0.912365 -0.329736 -0.623978 -0.933262 0.312306 0.177444 -0.24348 0.264872 0.264678 0.927248 0.379425 0.316221 -0.384863 0.867113 0.400797 -0.930002 -0.306262 0.203223 -0.504308 0.187351 -0.87068 -0.45477 0.485869 
1534878463744 0.241864 0.911978 -0.331358 -0.624497 -0.933495 0.311874 0.176979 -0.243458 0.264743 0.266516 0.926758 0.379372 0.316221 -0.384863 0.867113 0.400797 -0.930002 -0.306262 0.203223 -0.504308 0.187351 -0.87068 -0.45477 0.485869 
1534878463876 0.241109 0.911586 -0.332981 -0.625018 -0.933727 0.311442 0.176515 -0.243437 0.264613 0.268354 0.926265 0.37932 0.31622 -0.384863 0.867113 0.400797 -0.930002 -0.306262 0.203222 -0.504307 0.187351 -0.87068 -0.45477 0.485868 
1534878464013 0.240354 0.911192 -0.334602 -0.625538 -0.933959 0.311008 0.176052 -0.243415 0.264481 0.27019 0.925768 0.379268 0.31622 -0.384863 0.867113 0.400797 -0.930002 -0.306262 0.203222 -0.504307 0.187351 -0.87068 -0.45477 0.485868 
1534878464149 0.2396 0.910794 -0.336223 -0.626057 -0.934191 0.310574 0.175589 -0.243393 0.264347 0.272025 0.925269 0.379215 0.31622 -0.384863 0.867113 0.400797 -0.930002 -0.306262 0.203222 -0.504307 0.187351 -0.87068 -0.45477 0.485868 
1534878464303 0.240274 0.910989 -0.335212 -0.62575 -0.934004 0.311026 0.175782 -0.243477 0.264395 0.270854 0.925599 0.379295 0.31622 -0.384863 0.867113 0.400797 -0.930002 -0.306262 0.203222 -0.504307 0.187351 -0.87068 -0.45477 0.485868 
1534878464316 0.239028 0.9103 -0.337964 -0.626468 -0.93404 0.31068 0.176201 -0.243469 0.265394 0.273555 0.924518 0.379702 0.31622 -0.384863 0.867113 0.400795 -0.930002 -0.306262 0.203222 -0.504304 0.187351 -0.87068 -0.454769 0.485867 
1534878464323 0.237779 0.909603 -0.340711 -0.62719 -0.934076 0.310333 0.17662 -0.243463 0.266388 0.276253 0.923429 0.380107 0.31622 -0.384863 0.867113 0.400795 -0.930002 -0.306262 0.203222 -0.504304 0.187351 -0.87068 -0.454769 0.485867 
1534878464601 0.236527 0.908897 -0.343454 -0.627915 -0.934111 0.309989 0.17704 -0.243458 0.267379 0.27895 0.922332 0.380512 0.31622 -0.384863 0.867113 0.400795 -0.930002 -0.306262 0.203222 -0.504304 0.187351 -0.87068 -0.454769 0.485867 
1534878464608 0.235271 0.908183 -0.346194 -0.628638 -0.934145 0.309645 0.177462 -0.243452 0.268365 0.281644 0.921226 0.380918 0.31622 -0.384863 0.867113 0.400795 -0.930002 -0.306262 0.203222 -0.504304 0.187351 -0.87068 -0.454769 0.485867 
1534878464889 0.234013 0.907461 -0.34893 -0.62936 -0.934179 0.309301 0.177885 -0.243446 0.269348 0.284336 0.920111 0.381324 0.31622 -0.384863 0.867113 0.400795 -0.930002 -0.306262 0.203222 -0.504304 0.187351 -0.87068 -0.454769 0.485867 
1534878465086 0.232751 0.906731 -0.351662 -0.630083 -0.934211 0.308959 0.178308 -0.243441 0.270327 0.287026 0.918988 0.381729 0.31622 -0.384863 0.867113 0.400795 -0.930002 -0.306262 0.203222 -0.504304 0.187351 -0.87068 -0.454769 0.485867 
1534878465292 0.231486 0.905992 -0.354391 -0.630805 -0.934243 0.308618 0.178732 -0.243435 0.271301 0.289714 0.917857 0.382135 0.31622 -0.384863 0.867113 0.400795 -0.930002 -0.306262 0.203222 -0.504304 0.187351 -0.87068 -0.454769 0.485867 
1534878465489 0.230219 0.905244 -0.357117 -0.631529 -0.934273 0.308279 0.179157 -0.243429 0.272273 0.292399 0.916717 0.382541 0.31622 -0.384863 0.867113 0.400795 -0.930002 -0.306262 0.203222 -0.504304 0.187351 -0.87068 -0.454769 0.485867 
1534878465686 0.228948 0.904488 -0.359838 -0.632251 -0.934303 0.30794 0.179584 -0.243423 0.27324 0.295083 0.915569 0.382946 0.31622 -0.384863 0.867113 0.400795 -0.930002 -0.306262 0.203222 -0.504304 0.187351 -0.87068 -0.454769 0.485867 
1534878465902 0.229373 0.904614 -0.35925 -0.632021 -0.934265 0.308148 0.179428 -0.243431 0.273015 0.294479 0.91583 0.382727 0.31622 -0.384863 0.867113 0.400795 -0.930002 -0.306262 0.203222 -0.504304 0.187351 -0.87068 -0.454769 0.485867 
1534878465915 0.228661 0.904514 -0.359957 -0.632289 -0.934321 0.307753 0.179812 -0.243496 0.27342 0.295199 0.915477 0.38291 0.31622 -0.384863 0.867113 0.400795 -0.930002 -0.306262 0.203222 -0.504304 0.187351 -0.87068 -0.454769 0.485867 
1534878465932 0.227938 0.904407 -0.360682 -0.632566 -0.934376 0.307357 0.180201 -0.243564 0.273833 0.295938 0.915115 0.383094 0.31622 -0.384863 0.867113 0.400795 -0.930002 -0.306262 0.203222 -0.504304 0.187351 -0.87068 -0.45477 0.485867 
1534878466061 0.227216 0.904299 -0.361407 -0.632845 -0.934431 0.306961 0.18059 -0.243633 0.274246 0.296677 0.914752 0.383279 0.31622 -0.384863 0.867113 0.400795 -0.930002 -0.306262 0.203222 -0.504304 0.187351 -0.87068 -0.45477 0.485867 
1534878466166 0.226493 0.904191 -0.362131 -0.633122 -0.934486 0.306565 0.180981 -0.2437 0.274658 0.297416 0.914389 0.383464 0.31622 -0.384863 0.867113 0.400795 -0.930002 -0.306262 0.203222 -0.504304 0.187351 -0.87068 -0.45477 0.485867 
1534878466264 0.22577 0.904082 -0.362855 -0.6334 -0.93454 0.306169 0.181371 -0.243768 0.275069 0.298154 0.914025 0.383649 0.31622 -0.384863 0.867113 0.400795 -0.930002 -0.306262 0.203222 -0.504304 0.187351 -0.87068 -0.45477 0.485867 
1534878466270 0.225046 0.903972 -0.363578 -0.633678 -0.934594 0.305774 0.181761 -0.243837 0.27548 0.298893 0.91366 0.383833 0.31622 -0.384863 0.867113 0.400795 -0.930002 -0.306262 0.203222 -0.504304 0.187351 -0.87068 -0.45477 0.485867 
1534878466429 0.224322 0.903861 -0.3643 -0.633955 -0.934647 0.305379 0.182152 -0.243904 0.27589 0.299632 0.913294 0.384018 0.31622 -0.384863 0.867113 0.400795 -0.930002 -0.306262 0.203222 -0.504304 0.187351 -0.87068 -0.45477 0.485867 
1534878466527 0.223598 0.903749 -0.365023 -0.634234 -0.934699 0.304984 0.182543 -0.243972 0.276299 0.300371 0.912927 0.384203 0.31622 -0.384863 0.867113 0.400795 -0.930002 -0.306262 0.203222 -0.504304 0.187351 -0.87068 -0.45477 0.485867 
1534878466625 0.222872 0.903637 -0.365744 -0.634511 -0.934752 0.304589 0.182934 -0.24404 0.276708 0.301109 0.91256 0.384388 0.31622 -0.384863 0.867113 0.400795 -0.930002 -0.306262 0.203222 -0.504304 0.187351 -0.87068 -0.45477 0.485867 
1534878466732 0.223582 0.903673 -0.365221 -0.634262 -0.934698 0.305015 0.182498 -0.244036 0.276317 0.300568 0.912857 0.384211 0.31622 -0.384863 0.867113 0.400795 -0.930002 -0.306262 0.203222 -0.504304 0.187351 -0.87068 -0.45477 0.485867 
1534878466743 0.223161 0.903691 -0.365432 -0.634404 -0.934716 0.304757 0.182835 -0.244134 0.276594 0.300774 0.912705 0.384261 0.31622 -0.384863 0.867113 0.400795 -0.930002 -0.306262 0.203222 -0.504304 0.187351 -0.87068 -0.45477 0.485867 
1534878466760 0.222731 0.903709 -0.365652 -0.634552 -0.934735 0.304494 0.183178 -0.244236 0.276879 0.300988 0.912548 0.384313 0.31622 -0.384863 0.867113 0.400795 -0.930002 -0.306262 0.203222 -0.504304 0.187351 -0.87068 -0.45477 0.485867 
1534878466782 0.222301 0.903725 -0.365872 -0.634701 -0.934753 0.304232 0.183522 -0.244337 0.277163 0.301203 0.912391 0.384364 0.31622 -0.384863 0.867113 0.400795 -0.930002 -0.306262 0.203222 -0.504304 0.187351 -0.87068 -0.45477 0.485867 
1534878466900 0.221871 0.903742 -0.366092 -0.634849 -0.934771 0.30397 0.183865 -0.244438 0.277447 0.301418 0.912234 0.384416 0.31622 -0.384863 0.867113 0.400795 -0.930002 -0.306262 0.203222 -0.504304 0.187351 -0.87068 -0.45477 0.485867 
1534878466970 0.221442 0.903758 -0.366312 -0.634999 -0.934788 0.303708 0.184208 -0.24454 0.277731 0.301633 0.912076 0.384468 0.31622 -0.384863 0.867113 0.400795 -0.930002 -0.306262 0.203222 -0.504304 0.187351 -0.87068 -0.45477 0.485867 
1534878467044 0.221011 0.903775 -0.366531 -0.635146 -0.934806 0.303445 0.184552 -0.244641 0.278015 0.301847 0.911919 0.38452 0.31622 -0.384863 0.867113 0.400795 -0.930002 -0.306262 0.203222 -0.504304 0.187351 -0.87068 -0.45477 0.485867 
1534878467109 0.220581 0.903791 -0.36675 -0.635296 -0.934823 0.303183 0.184895 -0.244742 0.278299 0.302062 0.911761 0.384572 0.31622 -0.384863 0.867113 0.400795 -0.930002 -0.306262 0.203222 -0.504304 0.187351 -0.87068 -0.45477 0.485867 
1534878467188 0.22015 0.903808 -0.366969 -0.635444 -0.93484 0.302921 0.185239 -0.244843 0.278583 0.302277 0.911603 0.384624 0.31622 -0.384863 0.867113 0.400795 -0.930002 -0.306262 0.203222 -0.504304 0.187351 -0.87068 -0.45477 0.485867 
1534878467238 0.219719 0.903823 -0.367187 -0.635592 -0.934857 0.302658 0.185583 -0.244944 0.278866 0.302491 0.911445 0.384676 0.31622 -0.384863 0.867113 0.400795 -0.930002 -0.306262 0.203222 -0.504304 0.187351 -0.87068 -0.45477 0.485867 
1534878467334 0.220258 0.903807 -0.366905 -0.635377 -0.934862 0.302957 0.18507 -0.244856 0.278424 0.302242 0.911663 0.384606 0.31622 -0.384863 0.867113 0.400795 -0.930002 -0.306262 0.203222 -0.504304 0.187351 -0.87068 -0.45477 0.485867 
1534878467348 0.220486 0.903704 -0.367021 -0.635402 -0.934776 0.303225 0.18506 -0.244864 0.27853 0.302279 0.911619 0.384643 0.31622 -0.384863 0.867113 0.400795 -0.930002 -0.306262 0.203222 -0.504304 0.187351 -0.87068 -0.45477 0.485867 
1534878467364 0.220714 0.903601 -0.367138 -0.63542 -0.934691 0.303495 0.185049 -0.244868 0.278635 0.302318 0.911574 0.384683 0.31622 -0.384863 0.867113 0.400795 -0.930002 -0.306262 0.203222 -0.504304 0.187351 -0.87068 -0.45477 0.485867 
1534878467462 0.220942 0.903498 -0.367255 -0.63544 -0.934606 0.303764 0.185038 -0.244873 0.27874 0.302356 0.911529 0.384722 0.31622 -0.384863 0.867113 0.400795 -0.930002 -0.306262 0.203222 -0.504304 0.187351 -0.87068 -0.45477 0.485867 
1534878467479 0.22117 0.903394 -0.367372 -0.63546 -0.934521 0.304033 0.185027 -0.244877 0.278846 0.302395 0.911484 0.384761 0.31622 -0.384863 0.867113 0.400795 -0.930002 -0.306262 0.203222 -0.504304 0.187351 -0.87068 -0.45477 0.485867 
1534878467496 0.221398 0.903291 -0.367489 -0.635481 -0.934435 0.304302 0.185016 -0.244883 0.278951 0.302433 0.911439 0.3848 0.31622 -0.384863 0.867113 0.400795 -0.930002 -0.306262 0.203222 -0.504304 0.187351 -0.87068 -0.45477 0.485867 
1534878467512 0.221626 0.903187 -0.367606 -0.6355 -0.93435 0.304572 0.185005 -0.244887 0.279056 0.302471 0.911394 0.384839 0.31622 -0.384863 0.867113 0.400795 -0.930002 -0.306262 0.203222 -0.504304 0.187351 -0.87068 -0.45477 0.485867 
1534878467519 0.221854 0.903084 -0.367723 -0.63552 -0.934264 0.304841 0.184994 -0.244892 0.279162 0.302509 0.911349 0.384877 0.31622 -0.384863 0.867113 0.400795 -0.930002 -0.306262 0.203222 -0.504304 0.187351 -0.87068 -0.45477 0.485867 
1534878467565 0.222082 0.90298 -0.36784 -0.635539 -0.934179 0.30511 0.184982 -0.244896 0.279267 0.302547 0.911304 0.384916 0.31622 -0.384863 0.867113 0.400795 -0.930002 -0.306262 0.203222 -0.504304 0.187351 -0.87068 -0.45477 0.485867 
1534878467594 0.22231 0.902876 -0.367957 -0.635559 -0.934093 0.305379 0.184971 -0.244902 0.279373 0.302585 0.911259 0.384955 0.31622 -0.384863 0.867113 0.400795 -0.930002 -0.306262 0.203222 -0.504304 0.187351 -0.87068 -0.45477 0.485867 
1534878467626 0.221392 0.903362 -0.367319 -0.635436 -0.934491 0.304203 0.184898 -0.244889 0.278769 0.302322 0.911531 0.384717 0.31622 -0.384863 0.867113 0.400795 -0.930002 -0.306262 0.203222 -0.504304 0.187351 -0.87068 -0.45477 0.485867 
1534878467637 0.221957 0.903316 -0.36709 -0.635285 -0.934358 0.304678 0.184786 -0.244805 0.278764 0.301979 0.911646 0.384833 0.31622 -0.384863 0.867113 0.400795 -0.930002 -0.306262 0.203222 -0.504304 0.187351 -0.87068 -0.45477 0.485867 
1534878467654 0.222523 0.90327 -0.366861 -0.635129 -0.934225 0.305153 0.184674 -0.244719 0.278759 0.301636 0.911761 0.384949 0.31622 -0.384863 0.867113 0.400795 -0.930002 -0.306262 0.203222 -0.504304 0.187351 -0.87068 -0.45477 0.485867 
1534878467771 0.223088 0.903224 -0.366631 -0.634974 -0.934092 0.305628 0.184562 -0.244632 0.278754 0.301293 0.911876 0.385066 0.31622 -0.384863 0.867113 0.400795 -0.930002 -0.306262 0.203222 -0.504304 0.187351 -0.87068 -0.45477 0.485867 
1534878467830 0.223654 0.903177 -0.366401 -0.634818 -0.933959 0.306104 0.18445 -0.244546 0.278748 0.300951 0.911991 0.385183 0.31622 -0.384863 0.867113 0.400795 -0.930002 -0.306262 0.203222 -0.504304 0.187351 -0.87068 -0.45477 0.485867 
1534878467923 0.224219 0.90313 -0.366172 -0.634661 -0.933825 0.306579 0.184338 -0.244459 0.278742 0.300608 0.912106 0.385299 0.31622 -0.384863 0.867113 0.400795 -0.930002 -0.306262 0.203222 -0.504304 0.187351 -0.87068 -0.45477 0.485867 
1534878467992 0.224784 0.903083 -0.365942 -0.634506 -0.933691 0.307054 0.184227 -0.244373 0.278736 0.300265 0.912221 0.385416 0.31622 -0.384863 0.867113 0.400795 -0.930002 -0.306262 0.203222 -0.504304 0.187351 -0.87068 -0.45477 0.485867 
1534878468083 0.22535 0.903035 -0.365712 -0.634349 -0.933556 0.307529 0.184116 -0.244286 0.27873 0.299922 0.912336 0.385532 0.31622 -0.384863 0.867113 0.400795 -0.930002 -0.306262 0.203222 -0.504304 0.187351 -0.87068 -0.45477 0.485867 
1534878468156 0.225915 0.902987 -0.365481 -0.634194 -0.933422 0.308004 0.184004 -0.2442 0.278723 0.299579 0.91245 0.385649 0.31622 -0.384863 0.867113 0.400795 -0.930002 -0.306262 0.203222 -0.504304 0.187351 -0.87068 -0.45477 0.485867 
1534878468245 0.22648 0.902939 -0.365251 -0.634037 -0.933287 0.308479 0.183893 -0.244113 0.278717 0.299236 0.912565 0.385766 0.31622 -0.384863 0.867113 0.400795 -0.930002 -0.306262 0.203222 -0.504304 0.187351 -0.87068 -0.45477 0.485867 
1534878468349 0.225759 0.903023 -0.365489 -0.634189 -0.933457 0.307864 0.184061 -0.244152 0.278732 0.299615 0.912436 0.385663 0.31622 -0.384863 0.867113 0.400795 -0.930002 -0.306262 0.203222 -0.504304 0.187351 -0.87068 -0.45477 0.485867 
1534878468360 0.225978 0.902939 -0.365561 -0.633877 -0.933379 0.308108 0.184046 -0.244028 0.278815 0.299617 0.91241 0.38586 0.31622 -0.384863 0.867113 0.400795 -0.930002 -0.306262 0.203222 -0.504304 0.187351 -0.87068 -0.45477 0.485867 
1534878468396 0.226197 0.902855 -0.365633 -0.633561 -0.933302 0.308352 0.18403 -0.243902 0.278896 0.299619 0.912385 0.386058 0.31622 -0.384863 0.867113 0.400795 -0.930002 -0.306262 0.203222 -0.504304 0.187351 -0.87068 -0.45477 0.485867 
1534878468548 0.226416 0.902771 -0.365705 -0.633245 -0.933224 0.308596 0.184014 -0.243777 0.278978 0.299621 0.912359 0.386256 0.31622 -0.384863 0.867113 0.400795 -0.930002 -0.306262 0.203222 -0.504304 0.187351 -0.87068 -0.45477 0.485867 
1534878468690 0.226635 0.902687 -0.365776 -0.632928 -0.933147 0.30884 0.183998 -0.243651 0.279059 0.299623 0.912333 0.386454 0.31622 -0.384863 0.867113 0.400795 -0.930002 -0.306262 0.203222 -0.504304 0.187351 -0.87068 -0.45477 0.485867 
1534878468824 0.226854 0.902603 -0.365848 -0.632611 -0.933069 0.309083 0.183983 -0.243524 0.279141 0.299624 0.912308 0.386652 0.31622 -0.384863 0.867113 0.400795 -0.930002 -0.306262 0.203222 -0.504304 0.187351 -0.87068 -0.45477 0.485867 
1534878468955 0.227073 0.902519 -0.36592 -0.632296 -0.932991 0.309328 0.183966 -0.243399 0.279222 0.299626 0.912282 0.38685 0.31622 -0.384863 0.867113 0.400795 -0.930002 -0.306262 0.203222 -0.504304 0.187351 -0.87068 -0.45477 0.485867 
1534878468961 0.227292 0.902435 -0.365992 -0.63198 -0.932914 0.309572 0.18395 -0.243273 0.279304 0.299628 0.912257 0.387048 0.31622 -0.384863 0.867113 0.400795 -0.930002 -0.306262 0.203222 -0.504304 0.187351 -0.87068 -0.45477 0.485867 
1534878469154 0.227511 0.90235 -0.366064 -0.631663 -0.932836 0.309816 0.183934 -0.243147 0.279385 0.29963 0.912231 0.387246 0.31622 -0.384863 0.867113 0.400795 -0.930002 -0.306262 0.203222 -0.504304 0.187351 -0.87068 -0.45477 0.485867 
1534878469295 0.22773 0.902266 -0.366135 -0.631347 -0.932758 0.310059 0.183918 -0.243021 0.279467 0.299632 0.912206 0.387444 0.31622 -0.384863 0.867113 0.400795 -0.930002 -0.306262 0.203222 -0.504304 0.187351 -0.87068 -0.45477 0.485867 
1534878469449 0.22765 0.90236 -0.365953 -0.631542 -0.932796 0.309928 0.183946 -0.243124 0.279404 0.299484 0.912273 0.38741 0.31622 -0.384863 0.867113 0.400795 -0.930002 -0.306262 0.203222 -0.504304 0.187351 -0.87068 -0.45477 0.485867 
1534878469461 0.227672 0.902324 -0.366028 -0.631117 -0.932704 0.310056 0.184197 -0.242963 0.279694 0.299459 0.912193 0.387594 0.31622 -0.384863 0.867113 0.400795 -0.930002 -0.306262 0.203222 -0.504304 0.187351 -0.87068 -0.45477 0.485867 
1534878469496 0.227694 0.902288 -0.366103 -0.630687 -0.932611 0.310185 0.184448 -0.2428 0.279985 0.299434 0.912112 0.38778 0.31622 -0.384863 0.867113 0.400795 -0.930002 -0.306262 0.203222 -0.504304 0.187351 -0.87068 -0.45477 0.485867 
1534878469673 0.227715 0.902252 -0.366178 -0.630257 -0.932519 0.310314 0.184699 -0.242637 0.280275 0.299409 0.912031 0.387965 0.31622 -0.384863 0.867113 0.400795 -0.930002 -0.306262 0.203222 -0.504304 0.187351 -0.87068 -0.45477 0.485867 
1534878469837 0.227737 0.902216 -0.366253 -0.629826 -0.932426 0.310443 0.18495 -0.242474 0.280566 0.299384 0.91195 0.38815 0.31622 -0.384863 0.867113 0.400795 -0.930002 -0.306262 0.203222 -0.504304 0.187351 -0.87068 -0.45477 0.485867 
1534878469996 0.227759 0.90218 -0.366328 -0.629395 -0.932333 0.310572 0.185201 -0.242311 0.280856 0.299359 0.911869 0.388335 0.31622 -0.384863 0.867113 0.400795 -0.930002 -0.306262 0.203222 -0.504304 0.187351 -0.87068 -0.45477 0.485867 
1534878470153 0.227781 0.902144 -0.366403 -0.628966 -0.932241 0.310701 0.185452 -0.242148 0.281147 0.299333 0.911787 0.38852 0.31622 -0.384863 0.867113 0.400795 -0.930002 -0.306262 0.203222 -0.504304 0.187351 -0.87068 -0.45477 0.485867 
1534878470160 0.227803 0.902108 -0.366478 -0.628535 -0.932148 0.31083 0.185703 -0.241984 0.281437 0.299308 0.911706 0.388706 0.31622 -0.384863 0.867113 0.400795 -0.930002 -0.306262 0.203222 -0.504304 0.187351 -0.87068 -0.45477 0.485867 
1534878470375 0.227825 0.902072 -0.366553 -0.628105 -0.932055 0.310959 0.185954 -0.241822 0.281727 0.299283 0.911625 0.388891 0.31622 -0.384863 0.867113 0.400795 -0.930002 -0.306262 0.203222 -0.504304 0.187351 -0.87068 -0.45477 0.485867 
1534878470535 0.227847 0.902036 -0.366628 -0.627675 -0.931961 0.311088 0.186205 -0.241659 0.282018 0.299257 0.911543 0.389076 0.31622 -0.384863 0.867113 0.400795 -0.930002 -0.306262 0.203222 -0.504304 0.187351 -0.87068 -0.45477 0.485867 
1534878470713 0.227859 0.902035 -0.366624 -0.627888 -0.932005 0.311049 0.186053 -0.241762 0.281864 0.299302 0.911576 0.388951 0.31622 -0.384863 0.867113 0.400795 -0.930002 -0.306262 0.203222 -0.504304 0.187351 -0.87068 -0.45477 0.485867 
1534878470725 0.227826 0.901911 -0.36695 -0.627515 -0.931926 0.311178 0.186233 -0.241607 0.282152 0.299541 0.911408 0.389133 0.31622 -0.384863 0.867113 0.400795 -0.930002 -0.306262 0.203222 -0.504304 0.187351 -0.87068 -0.45477 0.485867 
1534878470742 0.227794 0.901786 -0.367276 -0.627137 -0.931847 0.311308 0.18641 -0.241451 0.282438 0.299782 0.911241 0.389316 0.31622 -0.384863 0.867113 0.400795 -0.930002 -0.306262 0.203222 -0.504304 0.187351 -0.87068 -0.45477 0.485867 
1534878470931 0.227763 0.901661 -0.367602 -0.62676 -0.931767 0.311439 0.186588 -0.241294 0.282725 0.300022 0.911073 0.389499 0.31622 -0.384863 0.867113 0.400795 -0.930002 -0.306262 0.203222 -0.504304 0.187351 -0.87068 -0.45477 0.485867 
1534878471214 0.227731 0.901536 -0.367928 -0.626382 -0.931688 0.311569 0.186766 -0.241137 0.283012 0.300262 0.910905 0.389681 0.31622 -0.384863 0.867113 0.400795 -0.930002 -0.306262 0.203222 -0.504304 0.187351 -0.87068 -0.45477 0.485867 
1534878471374 0.227699 0.901411 -0.368254 -0.626006 -0.931609 0.3117 0.186944 -0.240981 0.283298 0.300502 0.910736 0.389864 0.31622 -0.384863 0.867113 0.400795 -0.930002 -0.306262 0.203222 -0.504304 0.187351 -0.87068 -0.45477 0.485867 
1534878471530 0.227667 0.901286 -0.36858 -0.625627 -0.93153 0.31183 0.187122 -0.240824 0.283585 0.300742 0.910568 0.390047 0.31622 -0.384863 0.867113 0.400795 -0.930002 -0.306262 0.203222 -0.504304 0.187351 -0.87068 -0.45477 0.485867 
1534878471688 0.227635 0.901161 -0.368906 -0.625251 -0.93145 0.311961 0.187299 -0.240668 0.283871 0.300982 0.910399 0.39023 0.31622 -0.384863 0.867113 0.400795 -0.930002 -0.306262 0.203222 -0.504304 0.187351 -0.87068 -0.45477 0.485867 
1534878471842 0.227603 0.901035 -0.369232 -0.624872 -0.931371 0.312091 0.187477 -0.24051 0.284157 0.301222 0.910231 0.390413 0.31622 -0.384863 0.867113 0.400795 -0.930002 -0.306262 0.203222 -0.504304 0.187351 -0.87068 -0.45477 0.485867 
1534878471849 0.227571 0.90091 -0.369558 -0.624495 -0.931291 0.312222 0.187655 -0.240354 0.284444 0.301461 0.910062 0.390595 0.31622 -0.384863 0.867113 0.400795 -0.930002 -0.306262 0.203222 -0.504304 0.187351 -0.87068 -0.45477 0.485867 
1534878472072 0.227478 0.900991 -0.369416 -0.624683 -0.931366 0.312051 0.187566 -0.240416 0.284272 0.301395 0.910138 0.390369 0.31622 -0.384863 0.867113 0.400795 -0.930002 -0.306262 0.203222 -0.504304 0.187351 -0.87068 -0.45477 0.485867 
1534878472085 0.227464 0.900946 -0.369534 -0.624364 -0.931264 0.312175 0.187869 -0.240273 0.284619 0.301401 0.910027 0.390477 0.31622 -0.384863 0.867113 0.400795 -0.930002 -0.306262 0.203222 -0.504304 0.187351 -0.87068 -0.45477 0.485867 
1534878472102 0.227449 0.900901 -0.369653 -0.624041 -0.931161 0.312298 0.188172 -0.240129 0.284966 0.301407 0.909916 0.390585 0.31622 -0.384863 0.867113 0.400795 -0.930002 -0.306262 0.203222 -0.504304 0.187351 -0.87068 -0.45477 0.485867 
1534878472267 0.227434 0.900856 -0.369772 -0.623718 -0.931058 0.312422 0.188475 -0.239984 0.285314 0.301414 0.909805 0.390693 0.31622 -0.384863 0.867113 0.400795 -0.930002 -0.306262 0.203222 -0.504304 0.187351 -0.87068 -0.45477 0.485867 
1534878472399 0.22742 0.900811 -0.369891 -0.623394 -0.930955 0.312546 0.188778 -0.239839 0.285661 0.30142 0.909694 0.390802 0.31622 -0.384863 0.867113 0.400795 -0.930002 -0.306262 0.203222 -0.504304 0.187351 -0.87068 -0.45477 0.485867 
1534878472517 0.227405 0.900766 -0.370009 -0.62307 -0.930853 0.312669 0.189081 -0.239694 0.286008 0.301426 0.909583 0.39091 0.31622 -0.384863 0.867113 0.400795 -0.930002 -0.306262 0.203222 -0.504304 0.187351 -0.87068 -0.45477 0.485867 
1534878472648 0.22739 0.900721 -0.370129 -0.622748 -0.930749 0.312793 0.189383 -0.239549 0.286355 0.301433 0.909472 0.391019 0.31622 -0.384863 0.867113 0.400795 -0.930002 -0.306262 0.203222 -0.504304 0.187351 -0.87068 -0.45477 0.485867 
1534878472774 0.227375 0.900676 -0.370247 -0.622424 -0.930646 0.312917 0.189686 -0.239404 0.286703 0.301439 0.90936 0.391127 0.31622 -0.384863 0.867113 0.400795 -0.930002 -0.306262 0.203222 -0.504304 0.187351 -0.87068 -0.45477 0.485867 
1534878472895 0.227361 0.900631 -0.370367 -0.622101 -0.930543 0.313041 0.189989 -0.23926 0.28705 0.301446 0.909248 0.391235 0.31622 -0.384863 0.867113 0.400795 -0.930002 -0.306262 0.203222 -0.504304 0.187351 -0.87068 -0.45477 0.485867 
1534878472902 0.227346 0.900586 -0.370485 -0.621778 -0.930439 0.313165 0.190292 -0.239115 0.287397 0.301452 0.909137 0.391344 0.31622 -0.384863 0.867113 0.400795 -0.930002 -0.306262 0.203222 -0.504304 0.187351 -0.87068 -0.45477 0.485867 
1534878473105 0.227105 0.900743 -0.37025 -0.622032 -0.930635 0.312749 0.190018 -0.239084 0.286953 0.301413 0.90929 0.391259 0.31622 -0.384863 0.867113 0.400795 -0.930002 -0.306262 0.203222 -0.504304 0.187351 -0.87068 -0.45477 0.485867 
1534878473117 0.227156 0.90066 -0.37042 -0.621786 -0.930587 0.312869 0.190056 -0.238959 0.287069 0.301536 0.909213 0.391372 0.31622 -0.384863 0.867113 0.400795 -0.930002 -0.306262 0.203222 -0.504304 0.187351 -0.87068 -0.45477 0.485867 
1534878473124 0.227207 0.900577 -0.370592 -0.621537 -0.930538 0.312991 0.190093 -0.238833 0.287185 0.301659 0.909135 0.391485 0.31622 -0.384863 0.867113 0.400795 -0.930002 -0.306262 0.203222 -0.504304 0.187351 -0.87068 -0.45477 0.485867 
1534878473285 0.227259 0.900493 -0.370764 -0.621288 -0.93049 0.313112 0.19013 -0.238707 0.287301 0.301783 0.909057 0.391598 0.31622 -0.384863 0.867113 0.400795 -0.930002 -0.306262 0.203222 -0.504304 0.187351 -0.87068 -0.45477 0.485867 
1534878473395 0.22731 0.90041 -0.370935 -0.62104 -0.930441 0.313233 0.190167 -0.238581 0.287418 0.301907 0.908979 0.391711 0.31622 -0.384863 0.867113 0.400795 -0.930002 -0.306262 0.203222 -0.504304 0.187351 -0.87068 -0.45477 0.485867 
1534878473503 0.227361 0.900326 -0.371107 -0.62079 -0.930393 0.313354 0.190204 -0.238454 0.287534 0.30203 0.908902 0.391824 0.31622 -0.384863 0.867113 0.400795 -0.930002 -0.306262 0.203222 -0.504304 0.187351 -0.87068 -0.45477 0.485867 
1534878473608 0.227411 0.900243 -0.371278 -0.62054 -0.930345 0.313475 0.190242 -0.238327 0.28765 0.302153 0.908824 0.391938 0.31622 -0.384863 0.867113 0.400795 -0.930002 -0.306262 0.203222 -0.504304 0.187351 -0.87068 -0.45477 0.485867 
1534878473711 0.227463 0.900159 -0.37145 -0.620291 -0.930296 0.313597 0.190279 -0.238201 0.287766 0.302277 0.908746 0.392051 0.31622 -0.384863 0.867113 0.400795 -0.930002 -0.306262 0.203222 -0.504304 0.187351 -0.87068 -0.45477 0.485867 
1534878473811 0.227514 0.900075 -0.371621 -0.620043 -0.930248 0.313718 0.190316 -0.238075 0.287883 0.3024 0.908668 0.392164 0.31622 -0.384863 0.867113 0.400795 -0.930002 -0.306262 0.203222 -0.504304 0.187351 -0.87068 -0.45477 0.485867 
1534878473919 0.227565 0.899991 -0.371793 -0.619792 -0.930199 0.313839 0.190353 -0.237948 0.287999 0.302524 0.90859 0.392277 0.31622 -0.384863 0.867113 0.400795 -0.930002 -0.306262 0.203222 -0.504304 0.187351 -0.87068 -0.45477 0.485867 
1534878474034 0.227534 0.900062 -0.37164 -0.620012 -0.930214 0.313771 0.190392 -0.238023 0.287974 0.302384 0.908644 0.392233 0.31622 -0.384863 0.867113 0.400795 -0.930002 -0.306262 0.203222 -0.504304 0.187351 -0.87068 -0.45477 0.485867 
1534878474044 0.227557 0.900068 -0.371613 -0.619827 -0.930168 0.313828 0.190522 -0.237969 0.288105 0.302308 0.908628 0.3923 0.31622 -0.384863 0.867113 0.400795 -0.930002 -0.306262 0.203222 -0.504304 0.187351 -0.87068 -0.45477 0.485867 
1534878474061 0.227578 0.900073 -0.371586 -0.619638 -0.930123 0.313885 0.190652 -0.237913 0.288236 0.302232 0.908612 0.392368 0.31622 -0.384863 0.867113 0.400795 -0.930002 -0.306262 0.203222 -0.504304 0.187351 -0.87068 -0.45477 0.485867 
1534878474077 0.2276 0.900079 -0.371559 -0.619448 -0.930077 0.313942 0.190783 -0.237857 0.288367 0.302157 0.908595 0.392436 0.31622 -0.384863 0.867113 0.400795 -0.930002 -0.306262 0.203222 -0.504304 0.187351 -0.87068 -0.45477 0.485867 
1534878474219 0.227621 0.900084 -0.371533 -0.619258 -0.930031 0.313999 0.190913 -0.2378 0.288498 0.302081 0.908579 0.392504 0.31622 -0.384863 0.867113 0.400795 -0.930002 -0.306262 0.203222 -0.504304 0.187351 -0.87068 -0.45477 0.485867 
1534878474269 0.227642 0.90009 -0.371506 -0.619068 -0.929985 0.314055 0.191043 -0.237744 0.28863 0.302005 0.908563 0.392572 0.31622 -0.384863 0.867113 0.400795 -0.930002 -0.306262 0.203222 -0.504304 0.187351 -0.87068 -0.45477 0.485867 
1534878474349 0.227664 0.900095 -0.37148 -0.61888 -0.929939 0.314112 0.191173 -0.237688 0.288761 0.30193 0.908546 0.39264 0.31622 -0.384863 0.867113 0.400795 -0.930002 -0.306262 0.203222 -0.504304 0.187351 -0.87068 -0.45477 0.485867 
1534878474412 0.227686 0.900101 -0.371453 -0.618689 -0.929893 0.314169 0.191304 -0.237631 0.288892 0.301854 0.908529 0.392708 0.31622 -0.384863 0.867113 0.400795 -0.930002 -0.306262 0.203222 -0.504304 0.187351 -0.87068 -0.45477 0.485867 
1534878474496 0.227708 0.900106 -0.371426 -0.6185 -0.929847 0.314226 0.191434 -0.237575 0.289023 0.301779 0.908513 0.392775 0.31622 -0.384863 0.867113 0.400795 -0.930002 -0.306262 0.203222 -0.504304 0.187351 -0.87068 -0.45477 0.485867 
1534878474547 0.227729 0.900112 -0.3714 -0.618311 -0.929801 0.314283 0.191564 -0.23752 0.289154 0.301703 0.908496 0.392843 0.31622 -0.384863 0.867113 0.400795 -0.930002 -0.306262 0.203222 -0.504304 0.187351 -0.87068 -0.45477 0.485867 
1534878474645 0.2277 0.900095 -0.37146 -0.618571 -0.929861 0.314213 0.191387 -0.237567 0.288984 0.301827 0.908509 0.392728 0.31622 -0.384863 0.867113 0.400795 -0.930002 -0.306262 0.203222 -0.504304 0.187351 -0.87068 -0.45477 0.485867 
1534878474658 0.22763 0.900092 -0.37151 -0.618394 -0.929771 0.314271 0.191729 -0.237506 0.289328 0.301776 0.908417 0.392813 0.31622 -0.384863 0.867113 0.400795 -0.930002 -0.306262 0.203222 -0.504304 0.187351 -0.87068 -0.45477 0.485867 
1534878474676 0.227561 0.900088 -0.37156 -0.618212 -0.929681 0.31433 0.19207 -0.237443 0.289672 0.301724 0.908324 0.3929 0.31622 -0.384863 0.867113 0.400795 -0.930002 -0.306262 0.203222 -0.504304 0.187351 -0.87068 -0.45477 0.485867 
1534878474692 0.227492 0.900085 -0.37161 -0.61803 -0.92959 0.314389 0.192411 -0.23738 0.290016 0.301673 0.908231 0.392986 0.31622 -0.384863 0.867113 0.400795 -0.930002 -0.306262 0.203222 -0.504304 0.187351 -0.87068 -0.45477 0.485867 
1534878474836 0.227424 0.900082 -0.37166 -0.617848 -0.9295 0.314448 0.192752 -0.237316 0.29036 0.301621 0.908139 0.393072 0.31622 -0.384863 0.867113 0.400795 -0.930002 -0.306262 0.203222 -0.504304 0.187351 -0.87068 -0.45477 0.485867 
1534878474882 0.227355 0.900079 -0.37171 -0.617668 -0.929409 0.314506 0.193093 -0.237254 0.290704 0.30157 0.908046 0.393158 0.31622 -0.384863 0.867113 0.400795 -0.930002 -0.306262 0.203222 -0.504304 0.187351 -0.87068 -0.45477 0.485867 
1534878474978 0.227287 0.900075 -0.37176 -0.617485 -0.929318 0.314565 0.193434 -0.23719 0.291048 0.301518 0.907953 0.393244 0.31622 -0.384863 0.867113 0.400795 -0.930002 -0.306262 0.203222 -0.504304 0.187351 -0.87068 -0.45477 0.485867 
1534878475023 0.227218 0.900072 -0.37181 -0.617304 -0.929227 0.314624 0.193775 -0.237127 0.291392 0.301467 0.907859 0.393331 0.31622 -0.384863 0.867113 0.400795 -0.930002 -0.306262 0.203222 -0.504304 0.187351 -0.87068 -0.45477 0.485867 
1534878475112 0.227149 0.900069 -0.37186 -0.617121 -0.929136 0.314683 0.194116 -0.237063 0.291736 0.301415 0.907766 0.393417 0.31622 -0.384863 0.867113 0.400795 -0.930002 -0.306262 0.203222 -0.504304 0.187351 -0.87068 -0.45477 0.485867 
1534878475160 0.22708 0.900065 -0.37191 -0.61694 -0.929045 0.314742 0.194457 -0.237 0.29208 0.301363 0.907673 0.393503 0.31622 -0.384863 0.867113 0.400795 -0.930002 -0.306262 0.203222 -0.504304 0.187351 -0.87068 -0.45477 0.485867 
1534878475252 0.227291 0.900019 -0.371894 -0.617157 -0.929141 0.314781 0.193934 -0.237179 0.291609 0.301463 0.907791 0.393396 0.31622 -0.384863 0.867113 0.400795 -0.930002 -0.306262 0.203222 -0.504304 0.187351 -0.87068 -0.45477 0.485867 
1534878475263 0.227261 0.899938 -0.372108 -0.616926 -0.929139 0.314809 0.193897 -0.23707 0.291638 0.301675 0.907711 0.393498 0.31622 -0.384863 0.867113 0.400795 -0.930002 -0.306262 0.203222 -0.504304 0.187351 -0.87068 -0.45477 0.485867 
1534878475280 0.227231 0.899856 -0.372324 -0.61669 -0.929137 0.314837 0.193861 -0.236958 0.291668 0.301888 0.907631 0.393601 0.31622 -0.384863 0.867113 0.400795 -0.930002 -0.306262 0.203222 -0.504304 0.187351 -0.87068 -0.45477 0.485867 
1534878475407 0.227202 0.899775 -0.372539 -0.616454 -0.929135 0.314866 0.193824 -0.236847 0.291698 0.302101 0.90755 0.393705 0.31622 -0.384863 0.867113 0.400795 -0.930002 -0.306262 0.203222 -0.504304 0.187351 -0.87068 -0.45477 0.485867 
1534878475499 0.227172 0.899693 -0.372754 -0.616217 -0.929133 0.314894 0.193788 -0.236735 0.291727 0.302315 0.90747 0.393808 0.31622 -0.384863 0.867113 0.400795 -0.930002 -0.306262 0.203222 -0.504304 0.187351 -0.87068 -0.45477 0.485867 
1534878475602 0.227142 0.899612 -0.372968 -0.615981 -0.929131 0.314922 0.193751 -0.236623 0.291757 0.302527 0.907389 0.393911 0.31622 -0.384863 0.867113 0.400795 -0.930002 -0.306262 0.203222 -0.504304 0.187351 -0.87068 -0.45477 0.485867 
1534878475696 0.227113 0.89953 -0.373184 -0.615745 -0.929129 0.314951 0.193715 -0.236512 0.291787 0.302741 0.907308 0.394014 0.31622 -0.384863 0.867113 0.400795 -0.930002 -0.306262 0.203222 -0.504304 0.187351 -0.87068 -0.45477 0.485867 
1534878475804 0.227083 0.899448 -0.373398 -0.61551 -0.929127 0.31498 0.193678 -0.236401 0.291816 0.302954 0.907228 0.394117 0.31622 -0.384863 0.867113 0.400795 -0.930002 -0.306262 0.203222 -0.504304 0.187351 -0.87068 -0.45477 0.485867 
1534878475893 0.227053 0.899366 -0.373614 -0.615273 -0.929125 0.315008 0.193642 -0.236289 0.291846 0.303167 0.907147 0.39422 0.31622 -0.384863 0.867113 0.400795 -0.930002 -0.306262 0.203222 -0.504304 0.187351 -0.87068 -0.45477 0.485867 
1534878475999 0.227023 0.899285 -0.373828 -0.615038 -0.929123 0.315037 0.193605 -0.236178 0.291876 0.30338 0.907066 0.394323 0.31622 -0.384863 0.867113 0.400795 -0.930002 -0.306262 0.203222 -0.504304 0.187351 -0.87068 -0.45477 0.485867 
1534878476106 0.226991 0.899382 -0.373614 -0.615214 -0.929125 0.314967 0.193708 -0.236318 0.291893 0.303164 0.907133 0.394224 0.31622 -0.384863 0.867113 0.400795 -0.930002 -0.306262 0.203222 -0.504304 0.187351 -0.87068 -0.45477 0.485867 
1534878476120 0.22722 0.899454 -0.373301 -0.614929 -0.929157 0.315019 0.193468 -0.236185 0.291612 0.302895 0.907313 0.394303 0.31622 -0.384863 0.867113 0.400795 -0.930002 -0.306262 0.203222 -0.504304 0.187351 -0.87068 -0.45477 0.485867 
1534878476136 0.227448 0.899526 -0.372987 -0.614638 -0.92919 0.315071 0.193228 -0.236049 0.291331 0.302627 0.907493 0.394382 0.31622 -0.384863 0.867113 0.400795 -0.930002 -0.306262 0.203222 -0.504304 0.187351 -0.87068 -0.45477 0.485867 
1534878476239 0.227677 0.899598 -0.372674 -0.614348 -0.929222 0.315122 0.192988 -0.235914 0.291049 0.302358 0.907673 0.394462 0.31622 -0.384863 0.867113 0.400795 -0.930002 -0.306262 0.203222 -0.504304 0.187351 -0.87068 -0.45477 0.485867 
1534878476338 0.227905 0.89967 -0.372361 -0.614058 -0.929254 0.315174 0.192747 -0.235778 0.290768 0.30209 0.907852 0.394541 0.31622 -0.384863 0.867113 0.400795 -0.930002 -0.306262 0.203222 -0.504304 0.187351 -0.87068 -0.45477 0.485867 
1534878476344 0.228133 0.899742 -0.372048 -0.613767 -0.929287 0.315226 0.192507 -0.235642 0.290486 0.301822 0.908032 0.394621 0.31622 -0.384863 0.867113 0.400795 -0.930002 -0.306262 0.203222 -0.504304 0.187351 -0.87068 -0.45477 0.485867 
1534878476511 0.22836 0.899814 -0.371734 -0.613478 -0.929319 0.315278 0.192267 -0.235507 0.290204 0.301553 0.908211 0.3947 0.31622 -0.384863 0.867113 0.400795 -0.930002 -0.306262 0.203222 -0.504304 0.187351 -0.87068 -0.45477 0.485867 
1534878476616 0.228588 0.899886 -0.37142 -0.613187 -0.929351 0.31533 0.192027 -0.235371 0.289922 0.301284 0.90839 0.39478 0.31622 -0.384863 0.867113 0.400795 -0.930002 -0.306262 0.203222 -0.504304 0.187351 -0.87068 -0.45477 0.485867 
1534878476716 0.228816 0.899957 -0.371107 -0.612897 -0.929383 0.315382 0.191787 -0.235236 0.28964 0.301016 0.908569 0.394859 0.31622 -0.384863 0.867113 0.400795 -0.930002 -0.306262 0.203222 -0.504304 0.187351 -0.87068 -0.45477 0.485867 
1534878476813 0.229043 0.900029 -0.370793 -0.612608 -0.929414 0.315434 0.191547 -0.235101 0.289358 0.300748 0.908748 0.394939 0.31622 -0.384863 0.867113 0.400795 -0.930002 -0.306262 0.203222 -0.504304 0.187351 -0.87068 -0.45477 0.485867 
1534878476924 0.22891 0.899931 -0.371112 -0.612861 -0.929359 0.31547 0.191754 -0.235212 0.28964 0.301002 0.908574 0.394847 0.31622 -0.384863 0.867113 0.400795 -0.930002 -0.306262 0.203222 -0.504304 0.187351 -0.87068 -0.45477 0.485867 
1534878476935 0.22897 0.899941 -0.371052 -0.612544 -0.929238 0.315624 0.192091 -0.235099 0.289983 0.300812 0.908527 0.394943 0.31622 -0.384863 0.867113 0.400795 -0.930002 -0.306262 0.203222 -0.504304 0.187351 -0.87068 -0.45477 0.485867 
1534878476952 0.229032 0.899949 -0.370993 -0.612222 -0.929115 0.31578 0.192427 -0.234984 0.290327 0.300624 0.90848 0.395039 0.31622 -0.384863 0.867113 0.400795 -0.930002 -0.306262 0.203222 -0.504304 0.187351 -0.87068 -0.45477 0.485867 
1534878477088 0.229094 0.899958 -0.370935 -0.6119 -0.928992 0.315936 0.192763 -0.234869 0.29067 0.300435 0.908433 0.395136 0.31622 -0.384863 0.867113 0.400795 -0.930002 -0.306262 0.203222 -0.504304 0.187351 -0.87068 -0.45477 0.485867 
1534878477195 0.229156 0.899966 -0.370876 -0.611577 -0.92887 0.316092 0.1931 -0.234754 0.291014 0.300246 0.908385 0.395232 0.31622 -0.384863 0.867113 0.400795 -0.930002 -0.306262 0.203222 -0.504304 0.187351 -0.87068 -0.45477 0.485867 
1534878477303 0.229218 0.899974 -0.370817 -0.611255 -0.928747 0.316247 0.193436 -0.234638 0.291357 0.300057 0.908337 0.395329 0.31622 -0.384863 0.867113 0.400795 -0.930002 -0.306262 0.203222 -0.504304 0.187351 -0.87068 -0.45477 0.485867 
1534878477410 0.22928 0.899983 -0.370759 -0.610933 -0.928623 0.316403 0.193772 -0.234524 0.291701 0.299867 0.90829 0.395425 0.31622 -0.384863 0.867113 0.400795 -0.930002 -0.306262 0.203222 -0.504304 0.187351 -0.87068 -0.45477 0.485867 
1534878477513 0.229341 0.899991 -0.3707 -0.610611 -0.9285 0.316558 0.194109 -0.234408 0.292044 0.299678 0.908242 0.395522 0.31622 -0.384863 0.867113 0.400795 -0.930002 -0.306262 0.203222 -0.504304 0.187351 -0.87068 -0.45477 0.485867 
