1534793194109 0.106829 0.838281 -0.53467 -0.452442 -0.961448 0.224137 0.159313 -0.228749 0.253389 0.497038 0.829908 0.421465 0.16008 -0.304787 0.938871 0.370831 -0.775623 0.549475 0.310623 -0.528794 -0.61056 -0.777934 -0.14844 0.432481 
1534793194120 0.109108 0.836851 -0.536447 -0.467921 -0.961347 0.226083 0.157159 -0.228375 0.2528 0.498565 0.829172 0.420824 0.316241 -0.38488 0.867098 0.400864 -0.930001 -0.306251 0.203246 -0.504429 0.187325 -0.870677 -0.454788 0.485926 
1534793194823 0.111385 0.835414 -0.538216 -0.483401 -0.96124 0.228021 0.155 -0.228001 0.252214 0.50009 0.828431 0.420183 0.316241 -0.38488 0.867098 0.400864 -0.930001 -0.306251 0.203246 -0.504429 0.187325 -0.870677 -0.454788 0.485926 
1534793194830 0.113665 0.833968 -0.539979 -0.498879 -0.961125 0.229954 0.152837 -0.227626 0.251632 0.501615 0.827686 0.419542 0.316241 -0.38488 0.867098 0.400864 -0.930001 -0.306251 0.203246 -0.504429 0.187325 -0.870677 -0.454788 0.485926 
1534793195798 0.115944 0.832515 -0.541733 -0.514358 -0.961004 0.231882 0.15067 -0.227251 0.251053 0.503139 0.826936 0.418901 0.316241 -0.38488 0.867098 0.400864 -0.930001 -0.306251 0.203246 -0.504429 0.187325 -0.870677 -0.454788 0.485926 
1534793196510 0.118224 0.831054 -0.543481 -0.529835 -0.960876 0.233805 0.148498 -0.226876 0.250478 0.504662 0.826182 0.41826 0.316241 -0.38488 0.867098 0.400864 -0.930001 -0.306251 0.203246 -0.504429 0.187325 -0.870677 -0.454788 0.485926 
1534793197219 0.120505 0.829585 -0.545222 -0.545311 -0.960742 0.235723 0.146322 -0.2265 0.249908 0.506185 0.825423 0.41762 0.316241 -0.38488 0.867098 0.400864 -0.930001 -0.306251 0.203246 -0.504429 0.187325 -0.870677 -0.454788 0.485926 
1534793197941 0.122787 0.828109 -0.546955 -0.560786 -0.9606 0.237635 0.144141 -0.226124 0.24934 0.507706 0.82466 0.416979 0.316241 -0.38488 0.867098 0.400864 -0.930001 -0.306251 0.203246 -0.504429 0.187325 -0.870677 -0.454788 0.485926 
1534793198673 0.125069 0.826624 -0.548681 -0.576259 -0.960452 0.239542 0.141956 -0.225747 0.248777 0.509227 0.823892 0.416339 0.316241 -0.38488 0.867098 0.400864 -0.930001 -0.306251 0.203246 -0.504429 0.187325 -0.870677 -0.454788 0.485926 
1534793199416 0.127484 0.825068 -0.550464 -0.590661 -0.960285 0.241553 0.139658 -0.224849 0.248194 0.510798 0.823095 0.415854 0.316531 -0.385118 0.866887 0.401814 -0.929976 -0.306103 0.20358 -0.50615 0.186955 -0.870623 -0.455042 0.486735 
1534793200158 0.12788 0.825499 -0.549726 -0.590232 -0.960107 0.242017 0.140081 -0.224942 0.24868 0.509882 0.823516 0.416172 0.316531 -0.385118 0.866887 0.401814 -0.929976 -0.306103 0.20358 -0.50615 0.186955 -0.870623 -0.455042 0.486735 
1534793200170 0.128056 0.825313 -0.549964 -0.591933 -0.96011 0.24215 0.13983 -0.224949 0.248577 0.51012 0.8234 0.41606 0.316221 -0.384863 0.867113 0.400797 -0.930002 -0.306262 0.203223 -0.504308 0.187351 -0.87068 -0.45477 0.485869 
1534793200423 0.128232 0.825126 -0.550203 -0.593633 -0.960113 0.242283 0.139579 -0.224955 0.248475 0.510358 0.823283 0.415948 0.316221 -0.384863 0.867113 0.400797 -0.930002 -0.306262 0.203223 -0.504308 0.187351 -0.87068 -0.45477 0.485869 
1534793200685 0.128407 0.82494 -0.550441 -0.595334 -0.960116 0.242415 0.139329 -0.224962 0.248373 0.510597 0.823166 0.415837 0.316221 -0.384863 0.867113 0.400797 -0.930002 -0.306262 0.203223 -0.504308 0.187351 -0.87068 -0.45477 0.485869 
1534793200952 0.128582 0.824754 -0.55068 -0.597034 -0.960119 0.242548 0.139079 -0.224969 0.248272 0.510835 0.823049 0.415725 0.316221 -0.384863 0.867113 0.400797 -0.930002 -0.306262 0.203223 -0.504308 0.187351 -0.87068 -0.45477 0.485869 
1534793201216 0.128759 0.824567 -0.550918 -0.598735 -0.960121 0.242681 0.138828 -0.224976 0.24817 0.511073 0.822931 0.415613 0.316221 -0.384863 0.867113 0.400797 -0.930002 -0.306262 0.203223 -0.504308 0.187351 -0.87068 -0.45477 0.485869 
1534793201473 0.128934 0.82438 -0.551157 -0.600435 -0.960124 0.242814 0.138577 -0.224982 0.248068 0.511311 0.822814 0.415501 0.316221 -0.384863 0.867113 0.400797 -0.930002 -0.306262 0.203223 -0.504308 0.187351 -0.87068 -0.45477 0.485869 
1534793201737 0.12911 0.824193 -0.551394 -0.602136 -0.960127 0.242946 0.138327 -0.224989 0.247967 0.511549 0.822697 0.415389 0.316221 -0.384863 0.867113 0.400797 -0.930002 -0.306262 0.203223 -0.504308 0.187351 -0.87068 -0.45477 0.485869 
1534793201996 0.129286 0.824006 -0.551633 -0.603838 -0.960129 0.243078 0.138076 -0.224996 0.247865 0.511787 0.822579 0.415277 0.31622 -0.384863 0.867113 0.400797 -0.930002 -0.306262 0.203222 -0.504307 0.187351 -0.87068 -0.45477 0.485868 
1534793202262 0.129462 0.823819 -0.551871 -0.605539 -0.960132 0.243211 0.137825 -0.225003 0.247764 0.512026 0.822462 0.415165 0.31622 -0.384863 0.867113 0.400797 -0.930002 -0.306262 0.203222 -0.504307 0.187351 -0.87068 -0.45477 0.485868 
1534793202544 0.129567 0.824 -0.551577 -0.605177 -0.96009 0.243307 0.137948 -0.225064 0.247872 0.51169 0.822638 0.415298 0.31622 -0.384863 0.867113 0.400797 -0.930002 -0.306262 0.203222 -0.504307 0.187351 -0.87068 -0.45477 0.485868 
1534793202557 0.130225 0.82538 -0.549354 -0.605543 -0.960213 0.243047 0.137548 -0.224973 0.247048 0.509585 0.824191 0.414921 0.31622 -0.384863 0.867113 0.400795 -0.930002 -0.306262 0.203222 -0.504304 0.187351 -0.87068 -0.454769 0.485867 
1534793202729 0.130879 0.826755 -0.547127 -0.605913 -0.960336 0.242787 0.137149 -0.224883 0.246224 0.507475 0.825738 0.414543 0.31622 -0.384863 0.867113 0.400795 -0.930002 -0.306262 0.203222 -0.504304 0.187351 -0.87068 -0.454769 0.485867 
1534793202905 0.131531 0.828124 -0.544895 -0.606282 -0.960458 0.242529 0.136749 -0.224794 0.245398 0.505362 0.827278 0.414165 0.31622 -0.384863 0.867113 0.400795 -0.930002 -0.306262 0.203222 -0.504304 0.187351 -0.87068 -0.454769 0.485867 
1534793203084 0.132181 0.829487 -0.54266 -0.606651 -0.96058 0.242271 0.136349 -0.224704 0.24457 0.503245 0.828812 0.413787 0.31622 -0.384863 0.867113 0.400795 -0.930002 -0.306262 0.203222 -0.504304 0.187351 -0.87068 -0.454769 0.485867 
1534793203256 0.132829 0.830844 -0.54042 -0.607021 -0.960701 0.242015 0.135947 -0.224615 0.243741 0.501125 0.83034 0.413409 0.31622 -0.384863 0.867113 0.400795 -0.930002 -0.306262 0.203222 -0.504304 0.187351 -0.87068 -0.454769 0.485867 
1534793203431 0.133474 0.832196 -0.538176 -0.60739 -0.960823 0.24176 0.135545 -0.224525 0.242909 0.499 0.831862 0.413031 0.31622 -0.384863 0.867113 0.400795 -0.930002 -0.306262 0.203222 -0.504304 0.187351 -0.87068 -0.454769 0.485867 
1534793203601 0.134118 0.833542 -0.535929 -0.60776 -0.960943 0.241506 0.135141 -0.224436 0.242076 0.496872 0.833377 0.412653 0.31622 -0.384863 0.867113 0.400795 -0.930002 -0.306262 0.203222 -0.504304 0.187351 -0.87068 -0.454769 0.485867 
1534793203776 0.134759 0.834883 -0.533677 -0.608129 -0.961063 0.241253 0.134737 -0.224346 0.241241 0.49474 0.834886 0.412275 0.31622 -0.384863 0.867113 0.400795 -0.930002 -0.306262 0.203222 -0.504304 0.187351 -0.87068 -0.454769 0.485867 
1534793203955 0.135397 0.836217 -0.531421 -0.6085 -0.961183 0.241 0.134333 -0.224257 0.240404 0.492605 0.836389 0.411897 0.31622 -0.384863 0.867113 0.400795 -0.930002 -0.306262 0.203222 -0.504304 0.187351 -0.87068 -0.454769 0.485867 
1534793204145 0.135068 0.835711 -0.5323 -0.60834 -0.961133 0.241061 0.134584 -0.22427 0.240791 0.493433 0.835789 0.412157 0.31622 -0.384863 0.867113 0.400795 -0.930002 -0.306262 0.203222 -0.504304 0.187351 -0.87068 -0.454769 0.485867 
1534793204158 0.134994 0.836193 -0.531562 -0.608488 -0.961233 0.240696 0.134524 -0.224343 0.240432 0.492795 0.836269 0.412016 0.31622 -0.384863 0.867113 0.400795 -0.930002 -0.306262 0.203222 -0.504304 0.187351 -0.87068 -0.454769 0.485867 
1534793204175 0.134918 0.836675 -0.530822 -0.608638 -0.961333 0.240329 0.134464 -0.224417 0.240075 0.492155 0.836748 0.411875 0.31622 -0.384863 0.867113 0.400795 -0.930002 -0.306262 0.203222 -0.504304 0.187351 -0.87068 -0.454769 0.485867 
1534793204270 0.134842 0.837157 -0.530081 -0.608789 -0.961433 0.239963 0.134404 -0.224492 0.239717 0.491514 0.837227 0.411734 0.31622 -0.384863 0.867113 0.400795 -0.930002 -0.306262 0.203222 -0.504304 0.187351 -0.87068 -0.454769 0.485867 
1534793204359 0.134766 0.837637 -0.529341 -0.60894 -0.961533 0.239597 0.134343 -0.224566 0.23936 0.490873 0.837705 0.411593 0.31622 -0.384863 0.867113 0.400795 -0.930002 -0.306262 0.203222 -0.504304 0.187351 -0.87068 -0.454769 0.485867 
1534793204437 0.13469 0.838118 -0.5286 -0.609092 -0.961632 0.239231 0.134283 -0.224641 0.239002 0.490232 0.838183 0.411451 0.31622 -0.384863 0.867113 0.400795 -0.930002 -0.306262 0.203222 -0.504304 0.187351 -0.87068 -0.454769 0.485867 
1534793204533 0.134613 0.838597 -0.527858 -0.609243 -0.961732 0.238865 0.134222 -0.224716 0.238645 0.48959 0.83866 0.41131 0.31622 -0.384863 0.867113 0.400795 -0.930002 -0.306262 0.203222 -0.504304 0.187351 -0.87068 -0.454769 0.485867 
1534793204601 0.134535 0.839076 -0.527116 -0.609395 -0.961831 0.238499 0.134161 -0.224791 0.238287 0.488947 0.839136 0.411169 0.31622 -0.384863 0.867113 0.400795 -0.930002 -0.306262 0.203222 -0.504304 0.187351 -0.87068 -0.45477 0.485867 
1534793204706 0.134458 0.839554 -0.526374 -0.609546 -0.961931 0.238133 0.134099 -0.224865 0.23793 0.488304 0.839612 0.411028 0.31622 -0.384863 0.867113 0.400795 -0.930002 -0.306262 0.203222 -0.504304 0.187351 -0.87068 -0.45477 0.485867 
1534793204761 0.13438 0.840032 -0.525631 -0.609696 -0.96203 0.237767 0.134037 -0.224939 0.237573 0.487661 0.840087 0.410887 0.31622 -0.384863 0.867113 0.400795 -0.930002 -0.306262 0.203222 -0.504304 0.187351 -0.87068 -0.45477 0.485867 
1534793204880 0.134632 0.839533 -0.526364 -0.609522 -0.96191 0.238271 0.134 -0.22493 0.237914 0.488275 0.839634 0.411097 0.31622 -0.384863 0.867113 0.400795 -0.930002 -0.306262 0.203222 -0.504304 0.187351 -0.87068 -0.45477 0.485867 
1534793204893 0.134335 0.839603 -0.526327 -0.60948 -0.962015 0.237883 0.133938 -0.225101 0.237659 0.488342 0.839667 0.411032 0.31622 -0.384863 0.867113 0.400795 -0.930002 -0.306262 0.203222 -0.504304 0.187351 -0.87068 -0.45477 0.485867 
1534793204909 0.134037 0.839674 -0.526291 -0.609442 -0.962119 0.237495 0.133877 -0.225274 0.237404 0.48841 0.839699 0.410966 0.31622 -0.384863 0.867113 0.400795 -0.930002 -0.306262 0.203222 -0.504304 0.187351 -0.87068 -0.45477 0.485867 
1534793204926 0.133739 0.839744 -0.526254 -0.609403 -0.962224 0.237106 0.133817 -0.225447 0.237149 0.488477 0.839732 0.4109 0.31622 -0.384863 0.867113 0.400795 -0.930002 -0.306262 0.203222 -0.504304 0.187351 -0.87068 -0.45477 0.485867 
1534793205051 0.13344 0.839815 -0.526217 -0.609364 -0.962328 0.236716 0.133756 -0.225619 0.236894 0.488545 0.839765 0.410834 0.31622 -0.384863 0.867113 0.400795 -0.930002 -0.306262 0.203222 -0.504304 0.187351 -0.87068 -0.45477 0.485867 
1534793205095 0.133142 0.839885 -0.526181 -0.609326 -0.962432 0.236328 0.133695 -0.225792 0.236639 0.488612 0.839797 0.410768 0.31622 -0.384863 0.867113 0.400795 -0.930002 -0.306262 0.203222 -0.504304 0.187351 -0.87068 -0.45477 0.485867 
1534793205176 0.132843 0.839956 -0.526144 -0.609287 -0.962536 0.235938 0.133635 -0.225965 0.236384 0.48868 0.83983 0.410703 0.31622 -0.384863 0.867113 0.400795 -0.930002 -0.306262 0.203222 -0.504304 0.187351 -0.87068 -0.45477 0.485867 
1534793205226 0.132545 0.840026 -0.526107 -0.60925 -0.962639 0.235549 0.133573 -0.226138 0.236129 0.488747 0.839863 0.410637 0.31622 -0.384863 0.867113 0.400795 -0.930002 -0.306262 0.203222 -0.504304 0.187351 -0.87068 -0.45477 0.485867 
1534793205305 0.132247 0.840096 -0.526071 -0.609211 -0.962743 0.23516 0.133513 -0.226311 0.235874 0.488814 0.839895 0.410571 0.31622 -0.384863 0.867113 0.400795 -0.930002 -0.306262 0.203222 -0.504304 0.187351 -0.87068 -0.45477 0.485867 
1534793205357 0.131948 0.840166 -0.526034 -0.609172 -0.962847 0.23477 0.133452 -0.226483 0.235619 0.488881 0.839928 0.410505 0.31622 -0.384863 0.867113 0.400795 -0.930002 -0.306262 0.203222 -0.504304 0.187351 -0.87068 -0.45477 0.485867 
1534793205443 0.132394 0.840181 -0.525897 -0.609221 -0.962712 0.235281 0.133527 -0.226177 0.23592 0.488609 0.840002 0.410676 0.31622 -0.384863 0.867113 0.400795 -0.930002 -0.306262 0.203222 -0.504304 0.187351 -0.87068 -0.45477 0.485867 
1534793205455 0.132061 0.840371 -0.525677 -0.608974 -0.962769 0.234937 0.133715 -0.226301 0.235871 0.488447 0.84011 0.410651 0.31622 -0.384863 0.867113 0.400795 -0.930002 -0.306262 0.203222 -0.504304 0.187351 -0.87068 -0.45477 0.485867 
1534793205472 0.131727 0.840561 -0.525457 -0.608722 -0.962827 0.234594 0.133903 -0.226422 0.235823 0.488285 0.840217 0.410627 0.31622 -0.384863 0.867113 0.400795 -0.930002 -0.306262 0.203222 -0.504304 0.187351 -0.87068 -0.45477 0.485867 
1534793205478 0.131394 0.84075 -0.525238 -0.608471 -0.962884 0.234252 0.134091 -0.226544 0.235775 0.488124 0.840324 0.410602 0.31622 -0.384863 0.867113 0.400795 -0.930002 -0.306262 0.203222 -0.504304 0.187351 -0.87068 -0.45477 0.485867 
1534793205603 0.131061 0.84094 -0.525018 -0.608221 -0.962941 0.233909 0.13428 -0.226667 0.235727 0.487963 0.840431 0.410577 0.31622 -0.384863 0.867113 0.400795 -0.930002 -0.306262 0.203222 -0.504304 0.187351 -0.87068 -0.45477 0.485867 
1534793205638 0.130728 0.841128 -0.524798 -0.607969 -0.962998 0.233566 0.134468 -0.226789 0.23568 0.487801 0.840539 0.410553 0.31622 -0.384863 0.867113 0.400795 -0.930002 -0.306262 0.203222 -0.504304 0.187351 -0.87068 -0.45477 0.485867 
1534793205676 0.130394 0.841317 -0.524579 -0.607719 -0.963055 0.233223 0.134656 -0.226911 0.235632 0.48764 0.840646 0.410528 0.31622 -0.384863 0.867113 0.400795 -0.930002 -0.306262 0.203222 -0.504304 0.187351 -0.87068 -0.45477 0.485867 
1534793205683 0.130061 0.841506 -0.524359 -0.607467 -0.963112 0.23288 0.134843 -0.227033 0.235584 0.487478 0.840753 0.410504 0.31622 -0.384863 0.867113 0.400795 -0.930002 -0.306262 0.203222 -0.504304 0.187351 -0.87068 -0.45477 0.485867 
1534793205790 0.129728 0.841694 -0.524139 -0.607216 -0.963168 0.232537 0.135031 -0.227155 0.235537 0.487317 0.84086 0.410479 0.31622 -0.384863 0.867113 0.400795 -0.930002 -0.306262 0.203222 -0.504304 0.187351 -0.87068 -0.45477 0.485867 
1534793205796 0.129395 0.841882 -0.523919 -0.606965 -0.963225 0.232194 0.135219 -0.227277 0.235489 0.487155 0.840967 0.410455 0.31622 -0.384863 0.867113 0.400795 -0.930002 -0.306262 0.203222 -0.504304 0.187351 -0.87068 -0.45477 0.485867 
1534793205880 0.130067 0.841424 -0.524489 -0.607461 -0.963142 0.232842 0.134694 -0.227073 0.235458 0.487638 0.840696 0.410437 0.31622 -0.384863 0.867113 0.400795 -0.930002 -0.306262 0.203222 -0.504304 0.187351 -0.87068 -0.45477 0.485867 
1534793205891 0.129391 0.841554 -0.524447 -0.607148 -0.963148 0.232435 0.13535 -0.227176 0.235805 0.487607 0.840616 0.410532 0.31622 -0.384863 0.867113 0.400795 -0.930002 -0.306262 0.203222 -0.504304 0.187351 -0.87068 -0.45477 0.485867 
1534793205907 0.128716 0.841683 -0.524406 -0.606832 -0.963154 0.232029 0.136006 -0.227279 0.236151 0.487578 0.840536 0.410627 0.31622 -0.384863 0.867113 0.400795 -0.930002 -0.306262 0.203222 -0.504304 0.187351 -0.87068 -0.45477 0.485867 
1534793205949 0.12804 0.841812 -0.524365 -0.606515 -0.963159 0.231623 0.136662 -0.227381 0.236498 0.487548 0.840455 0.410722 0.31622 -0.384863 0.867113 0.400795 -0.930002 -0.306262 0.203222 -0.504304 0.187351 -0.87068 -0.45477 0.485867 
1534793206036 0.127364 0.841941 -0.524322 -0.606197 -0.963163 0.231216 0.137318 -0.227482 0.236845 0.487518 0.840375 0.410817 0.31622 -0.384863 0.867113 0.400795 -0.930002 -0.306262 0.203222 -0.504304 0.187351 -0.87068 -0.45477 0.485867 
1534793206100 0.126688 0.84207 -0.52428 -0.605879 -0.963167 0.23081 0.137973 -0.227584 0.237192 0.487489 0.840294 0.410913 0.31622 -0.384863 0.867113 0.400795 -0.930002 -0.306262 0.203222 -0.504304 0.187351 -0.87068 -0.45477 0.485867 
1534793206183 0.126012 0.842198 -0.524236 -0.605563 -0.96317 0.230404 0.138629 -0.227686 0.237539 0.48746 0.840213 0.411008 0.31622 -0.384863 0.867113 0.400795 -0.930002 -0.306262 0.203222 -0.504304 0.187351 -0.87068 -0.45477 0.485867 
1534793206251 0.125337 0.842325 -0.524193 -0.605247 -0.963172 0.229997 0.139284 -0.227788 0.237886 0.487431 0.840132 0.411103 0.31622 -0.384863 0.867113 0.400795 -0.930002 -0.306262 0.203222 -0.504304 0.187351 -0.87068 -0.45477 0.485867 
1534793206344 0.12466 0.842453 -0.524149 -0.604929 -0.963174 0.22959 0.13994 -0.227889 0.238233 0.487402 0.84005 0.411198 0.31622 -0.384863 0.867113 0.400795 -0.930002 -0.306262 0.203222 -0.504304 0.187351 -0.87068 -0.45477 0.485867 
1534793206402 0.123984 0.842581 -0.524104 -0.604612 -0.963176 0.229184 0.140596 -0.227991 0.238579 0.487373 0.839969 0.411293 0.31622 -0.384863 0.867113 0.400795 -0.930002 -0.306262 0.203222 -0.504304 0.187351 -0.87068 -0.45477 0.485867 
1534793206505 0.124794 0.842543 -0.523973 -0.605031 -0.963177 0.229634 0.13985 -0.227794 0.238152 0.487226 0.840175 0.411242 0.31622 -0.384863 0.867113 0.400795 -0.930002 -0.306262 0.203222 -0.504304 0.187351 -0.87068 -0.45477 0.485867 
1534793206519 0.124429 0.842584 -0.523993 -0.604817 -0.963248 0.229278 0.139945 -0.227834 0.238055 0.487322 0.840147 0.411285 0.31622 -0.384863 0.867113 0.400795 -0.930002 -0.306262 0.203222 -0.504304 0.187351 -0.87068 -0.45477 0.485867 
1534793206525 0.124064 0.842626 -0.524014 -0.604598 -0.963319 0.228922 0.140039 -0.227871 0.237958 0.487419 0.840118 0.411328 0.31622 -0.384863 0.867113 0.400795 -0.930002 -0.306262 0.203222 -0.504304 0.187351 -0.87068 -0.45477 0.485867 
1534793206531 0.123699 0.842666 -0.524035 -0.60438 -0.96339 0.228566 0.140132 -0.227908 0.237861 0.487515 0.84009 0.411372 0.31622 -0.384863 0.867113 0.400795 -0.930002 -0.306262 0.203222 -0.504304 0.187351 -0.87068 -0.45477 0.485867 
1534793206538 0.123335 0.842707 -0.524055 -0.604161 -0.963461 0.22821 0.140226 -0.227946 0.237764 0.487612 0.840061 0.411415 0.31622 -0.384863 0.867113 0.400795 -0.930002 -0.306262 0.203222 -0.504304 0.187351 -0.87068 -0.45477 0.485867 
1534793206720 0.12297 0.842747 -0.524076 -0.603944 -0.963532 0.227854 0.140319 -0.227984 0.237666 0.487709 0.840033 0.411458 0.31622 -0.384863 0.867113 0.400795 -0.930002 -0.306262 0.203222 -0.504304 0.187351 -0.87068 -0.45477 0.485867 
1534793206759 0.122605 0.842787 -0.524097 -0.603724 -0.963602 0.227498 0.140413 -0.228021 0.237569 0.487805 0.840004 0.411502 0.31622 -0.384863 0.867113 0.400795 -0.930002 -0.306262 0.203222 -0.504304 0.187351 -0.87068 -0.45477 0.485867 
1534793206847 0.12224 0.842828 -0.524117 -0.603506 -0.963672 0.227142 0.140506 -0.228058 0.237472 0.487902 0.839976 0.411545 0.31622 -0.384863 0.867113 0.400795 -0.930002 -0.306262 0.203222 -0.504304 0.187351 -0.87068 -0.45477 0.485867 
1534793206854 0.121876 0.842867 -0.524138 -0.603289 -0.963743 0.226786 0.140599 -0.228096 0.237374 0.487999 0.839947 0.411589 0.31622 -0.384863 0.867113 0.400795 -0.930002 -0.306262 0.203222 -0.504304 0.187351 -0.87068 -0.45477 0.485867 
1534793206970 0.121511 0.842907 -0.524159 -0.603069 -0.963813 0.226429 0.140693 -0.228133 0.237276 0.488095 0.839918 0.411632 0.31622 -0.384863 0.867113 0.400795 -0.930002 -0.306262 0.203222 -0.504304 0.187351 -0.87068 -0.45477 0.485867 
1534793207036 0.122034 0.842828 -0.524165 -0.603426 -0.96372 0.226931 0.140523 -0.228033 0.237386 0.487999 0.839943 0.411529 0.31622 -0.384863 0.867113 0.400795 -0.930002 -0.306262 0.203222 -0.504304 0.187351 -0.87068 -0.45477 0.485867 
1534793207046 0.121868 0.842718 -0.524381 -0.603269 -0.963779 0.226748 0.140414 -0.228037 0.237231 0.488275 0.839827 0.411575 0.31622 -0.384863 0.867113 0.400795 -0.930002 -0.306262 0.203222 -0.504304 0.187351 -0.87068 -0.45477 0.485867 
1534793207064 0.121703 0.842607 -0.524597 -0.60311 -0.963838 0.226565 0.140305 -0.22804 0.237077 0.48855 0.83971 0.411622 0.31622 -0.384863 0.867113 0.400795 -0.930002 -0.306262 0.203222 -0.504304 0.187351 -0.87068 -0.45477 0.485867 
1534793207080 0.121538 0.842496 -0.524813 -0.60295 -0.963896 0.226383 0.140196 -0.228042 0.236923 0.488826 0.839593 0.411669 0.31622 -0.384863 0.867113 0.400795 -0.930002 -0.306262 0.203222 -0.504304 0.187351 -0.87068 -0.45477 0.485867 
1534793207127 0.121373 0.842385 -0.525029 -0.60279 -0.963955 0.2262 0.140087 -0.228044 0.236769 0.489102 0.839476 0.411716 0.31622 -0.384863 0.867113 0.400795 -0.930002 -0.306262 0.203222 -0.504304 0.187351 -0.87068 -0.45477 0.485867 
1534793207221 0.121209 0.842274 -0.525245 -0.602631 -0.964013 0.226018 0.139978 -0.228047 0.236615 0.489377 0.839359 0.411763 0.31622 -0.384863 0.867113 0.400795 -0.930002 -0.306262 0.203222 -0.504304 0.187351 -0.87068 -0.45477 0.485867 
1534793207256 0.121043 0.842163 -0.525461 -0.60247 -0.964072 0.225835 0.139869 -0.228048 0.23646 0.489652 0.839242 0.41181 0.31622 -0.384863 0.867113 0.400795 -0.930002 -0.306262 0.203222 -0.504304 0.187351 -0.87068 -0.45477 0.485867 
1534793207351 0.120878 0.842052 -0.525677 -0.60231 -0.964131 0.225652 0.13976 -0.228051 0.236306 0.489928 0.839125 0.411857 0.31622 -0.384863 0.867113 0.400795 -0.930002 -0.306262 0.203222 -0.504304 0.187351 -0.87068 -0.45477 0.485867 
1534793207409 0.120713 0.841941 -0.525894 -0.602149 -0.964189 0.22547 0.139651 -0.228053 0.236152 0.490203 0.839007 0.411904 0.31622 -0.384863 0.867113 0.400795 -0.930002 -0.306262 0.203222 -0.504304 0.187351 -0.87068 -0.45477 0.485867 
1534793207476 0.120549 0.841829 -0.52611 -0.60199 -0.964248 0.225287 0.139543 -0.228055 0.235997 0.490478 0.83889 0.411951 0.31622 -0.384863 0.867113 0.400795 -0.930002 -0.306262 0.203222 -0.504304 0.187351 -0.87068 -0.45477 0.485867 
1534793207537 0.120949 0.841958 -0.525812 -0.602213 -0.964119 0.22574 0.139696 -0.228096 0.236315 0.490049 0.839051 0.411828 0.31622 -0.384863 0.867113 0.400795 -0.930002 -0.306262 0.203222 -0.504304 0.187351 -0.87068 -0.45477 0.485867 
1534793207548 0.120851 0.842057 -0.525675 -0.602102 -0.964101 0.225697 0.139891 -0.228107 0.23644 0.489898 0.839104 0.411814 0.31622 -0.384863 0.867113 0.400795 -0.930002 -0.306262 0.203222 -0.504304 0.187351 -0.87068 -0.45477 0.485867 
1534793207564 0.120752 0.842157 -0.525539 -0.601989 -0.964083 0.225653 0.140085 -0.228116 0.236563 0.489748 0.839157 0.411801 0.31622 -0.384863 0.867113 0.400795 -0.930002 -0.306262 0.203222 -0.504304 0.187351 -0.87068 -0.45477 0.485867 
1534793207581 0.120653 0.842256 -0.525403 -0.601875 -0.964065 0.225609 0.140279 -0.228125 0.236687 0.489597 0.83921 0.411787 0.31622 -0.384863 0.867113 0.400795 -0.930002 -0.306262 0.203222 -0.504304 0.187351 -0.87068 -0.45477 0.485867 
1534793207598 0.120555 0.842355 -0.525266 -0.60176 -0.964047 0.225566 0.140473 -0.228134 0.23681 0.489447 0.839263 0.411774 0.31622 -0.384863 0.867113 0.400795 -0.930002 -0.306262 0.203222 -0.504304 0.187351 -0.87068 -0.45477 0.485867 
1534793207684 0.120457 0.842454 -0.525131 -0.601646 -0.964029 0.225522 0.140666 -0.228143 0.236933 0.489297 0.839316 0.41176 0.31622 -0.384863 0.867113 0.400795 -0.930002 -0.306262 0.203222 -0.504304 0.187351 -0.87068 -0.45477 0.485867 
1534793207701 0.120358 0.842553 -0.524994 -0.601531 -0.964011 0.225478 0.14086 -0.228152 0.237057 0.489147 0.839369 0.411747 0.31622 -0.384863 0.867113 0.400795 -0.930002 -0.306262 0.203222 -0.504304 0.187351 -0.87068 -0.45477 0.485867 
1534793207718 0.12026 0.842652 -0.524858 -0.601417 -0.963993 0.225434 0.141054 -0.228161 0.23718 0.488996 0.839421 0.411734 0.31622 -0.384863 0.867113 0.400795 -0.930002 -0.306262 0.203222 -0.504304 0.187351 -0.87068 -0.45477 0.485867 
1534793207735 0.120162 0.842751 -0.524721 -0.601302 -0.963975 0.225391 0.141247 -0.22817 0.237303 0.488846 0.839474 0.41172 0.31622 -0.384863 0.867113 0.400795 -0.930002 -0.306262 0.203222 -0.504304 0.187351 -0.87068 -0.45477 0.485867 
1534793207787 0.120063 0.84285 -0.524585 -0.601188 -0.963957 0.225347 0.141441 -0.228179 0.237427 0.488696 0.839527 0.411707 0.31622 -0.384863 0.867113 0.400795 -0.930002 -0.306262 0.203222 -0.504304 0.187351 -0.87068 -0.45477 0.485867 
1534793207825 0.120332 0.842488 -0.525105 -0.601609 -0.964053 0.225396 0.140708 -0.228131 0.236902 0.489297 0.839325 0.411726 0.31622 -0.384863 0.867113 0.400795 -0.930002 -0.306262 0.203222 -0.504304 0.187351 -0.87068 -0.45477 0.485867 
1534793207836 0.120186 0.842585 -0.524981 -0.601506 -0.964042 0.225312 0.14092 -0.228143 0.237021 0.489167 0.839367 0.4117 0.31622 -0.384863 0.867113 0.400795 -0.930002 -0.306262 0.203222 -0.504304 0.187351 -0.87068 -0.45477 0.485867 
1534793207842 0.120041 0.842682 -0.524859 -0.601399 -0.96403 0.225229 0.14113 -0.228153 0.237141 0.489038 0.839408 0.411674 0.31622 -0.384863 0.867113 0.400795 -0.930002 -0.306262 0.203222 -0.504304 0.187351 -0.87068 -0.45477 0.485867 
1534793207856 0.119896 0.842779 -0.524736 -0.601292 -0.964019 0.225146 0.141341 -0.228162 0.237261 0.488909 0.839449 0.411648 0.31622 -0.384863 0.867113 0.400795 -0.930002 -0.306262 0.203222 -0.504304 0.187351 -0.87068 -0.45477 0.485867 
1534793207872 0.119751 0.842876 -0.524614 -0.601186 -0.964007 0.225063 0.14155 -0.228173 0.237381 0.488781 0.83949 0.411622 0.31622 -0.384863 0.867113 0.400795 -0.930002 -0.306262 0.203222 -0.504304 0.187351 -0.87068 -0.45477 0.485867 
1534793207889 0.119605 0.842973 -0.524491 -0.601078 -0.963996 0.224979 0.141761 -0.228182 0.237501 0.488652 0.839532 0.411596 0.31622 -0.384863 0.867113 0.400795 -0.930002 -0.306262 0.203222 -0.504304 0.187351 -0.87068 -0.45477 0.485867 
1534793207906 0.119461 0.84307 -0.524368 -0.600972 -0.963984 0.224897 0.141971 -0.228193 0.23762 0.488523 0.839573 0.41157 0.31622 -0.384863 0.867113 0.400795 -0.930002 -0.306262 0.203222 -0.504304 0.187351 -0.87068 -0.45477 0.485867 
1534793207922 0.119315 0.843167 -0.524245 -0.600864 -0.963973 0.224813 0.142182 -0.228202 0.23774 0.488394 0.839614 0.411544 0.31622 -0.384863 0.867113 0.400795 -0.930002 -0.306262 0.203222 -0.504304 0.187351 -0.87068 -0.45477 0.485867 
1534793208007 0.11917 0.843264 -0.524123 -0.600758 -0.963961 0.22473 0.142392 -0.228212 0.23786 0.488265 0.839655 0.411518 0.31622 -0.384863 0.867113 0.400795 -0.930002 -0.306262 0.203222 -0.504304 0.187351 -0.87068 -0.45477 0.485867 
1534793208031 0.119026 0.84336 -0.524 -0.600652 -0.963949 0.224647 0.142602 -0.228222 0.23798 0.488136 0.839696 0.411492 0.31622 -0.384863 0.867113 0.400795 -0.930002 -0.306262 0.203222 -0.504304 0.187351 -0.87068 -0.45477 0.485867 
1534793208057 0.119586 0.843054 -0.524365 -0.601081 -0.963959 0.225023 0.141944 -0.228133 0.237661 0.488492 0.839579 0.411619 0.31622 -0.384863 0.867113 0.400795 -0.930002 -0.306262 0.203222 -0.504304 0.187351 -0.87068 -0.45477 0.485867 
1534793208068 0.119453 0.84315 -0.524242 -0.600992 -0.964003 0.224833 0.141948 -0.228148 0.23755 0.488415 0.839655 0.411623 0.31622 -0.384863 0.867113 0.400795 -0.930002 -0.306262 0.203222 -0.504304 0.187351 -0.87068 -0.45477 0.485867 
1534793208085 0.119321 0.843245 -0.52412 -0.600897 -0.964046 0.224643 0.14195 -0.228162 0.237439 0.488338 0.839731 0.411627 0.31622 -0.384863 0.867113 0.400795 -0.930002 -0.306262 0.203222 -0.504304 0.187351 -0.87068 -0.45477 0.485867 
1534793208101 0.119188 0.84334 -0.523997 -0.600804 -0.96409 0.224453 0.141953 -0.228175 0.237327 0.488261 0.839808 0.411631 0.31622 -0.384863 0.867113 0.400795 -0.930002 -0.306262 0.203222 -0.504304 0.187351 -0.87068 -0.45477 0.485867 
1534793208118 0.119055 0.843435 -0.523874 -0.600711 -0.964134 0.224264 0.141956 -0.228189 0.237216 0.488184 0.839884 0.411636 0.31622 -0.384863 0.867113 0.400795 -0.930002 -0.306262 0.203222 -0.504304 0.187351 -0.87068 -0.45477 0.485867 
1534793208135 0.118922 0.843529 -0.523752 -0.600617 -0.964178 0.224074 0.141958 -0.228202 0.237105 0.488108 0.83996 0.41164 0.31622 -0.384863 0.867113 0.400795 -0.930002 -0.306262 0.203222 -0.504304 0.187351 -0.87068 -0.45477 0.485867 
1534793208151 0.11879 0.843624 -0.523629 -0.600524 -0.964221 0.223884 0.141961 -0.228216 0.236994 0.488031 0.840036 0.411644 0.31622 -0.384863 0.867113 0.400795 -0.930002 -0.306262 0.203222 -0.504304 0.187351 -0.87068 -0.45477 0.485867 
1534793208168 0.118657 0.843719 -0.523507 -0.600429 -0.964265 0.223695 0.141963 -0.228229 0.236883 0.487954 0.840111 0.411649 0.31622 -0.384863 0.867113 0.400795 -0.930002 -0.306262 0.203222 -0.504304 0.187351 -0.87068 -0.45477 0.485867 
1534793208185 0.118525 0.843813 -0.523384 -0.600336 -0.964309 0.223505 0.141965 -0.228243 0.236771 0.487877 0.840187 0.411653 0.31622 -0.384863 0.867113 0.400795 -0.930002 -0.306262 0.203222 -0.504304 0.187351 -0.87068 -0.45477 0.485867 
1534793208201 0.118392 0.843908 -0.523261 -0.600243 -0.964352 0.223316 0.141968 -0.228257 0.23666 0.487801 0.840263 0.411657 0.31622 -0.384863 0.867113 0.400795 -0.930002 -0.306262 0.203222 -0.504304 0.187351 -0.87068 -0.45477 0.485867 
1534793208270 0.119024 0.84351 -0.52376 -0.600663 -0.964153 0.224187 0.141949 -0.228173 0.237156 0.488089 0.839956 0.411652 0.31622 -0.384863 0.867113 0.400795 -0.930002 -0.306262 0.203222 -0.504304 0.187351 -0.87068 -0.45477 0.485867 
1534793208284 0.118944 0.843507 -0.523783 -0.600595 -0.964151 0.224146 0.142023 -0.228208 0.237201 0.488114 0.839929 0.411601 0.31622 -0.384863 0.867113 0.400795 -0.930002 -0.306262 0.203222 -0.504304 0.187351 -0.87068 -0.45477 0.485867 
1534793208300 0.118767 0.843584 -0.523698 -0.600486 -0.96421 0.223907 0.142006 -0.228219 0.237053 0.488089 0.839985 0.411571 0.31622 -0.384863 0.867113 0.400795 -0.930002 -0.306262 0.203222 -0.504304 0.187351 -0.87068 -0.45477 0.485867 
1534793208317 0.118592 0.843661 -0.523615 -0.600375 -0.964268 0.223669 0.141987 -0.228228 0.236905 0.488066 0.84004 0.411542 0.31622 -0.384863 0.867113 0.400795 -0.930002 -0.306262 0.203222 -0.504304 0.187351 -0.87068 -0.45477 0.485867 
1534793208334 0.118416 0.843737 -0.523531 -0.600266 -0.964326 0.223431 0.141969 -0.228239 0.236757 0.488043 0.840095 0.411513 0.31622 -0.384863 0.867113 0.400795 -0.930002 -0.306262 0.203222 -0.504304 0.187351 -0.87068 -0.45477 0.485867 
1534793208350 0.11824 0.843814 -0.523447 -0.600156 -0.964383 0.223192 0.141951 -0.228248 0.236609 0.488019 0.840151 0.411483 0.31622 -0.384863 0.867113 0.400795 -0.930002 -0.306262 0.203222 -0.504304 0.187351 -0.87068 -0.45477 0.485867 
1534793208367 0.118065 0.843891 -0.523363 -0.600045 -0.964441 0.222953 0.141932 -0.228258 0.236461 0.487996 0.840206 0.411454 0.31622 -0.384863 0.867113 0.400795 -0.930002 -0.306262 0.203222 -0.504304 0.187351 -0.87068 -0.45477 0.485867 
1534793208383 0.117889 0.843968 -0.523279 -0.599936 -0.964499 0.222715 0.141914 -0.228268 0.236313 0.487972 0.840262 0.411425 0.31622 -0.384863 0.867113 0.400795 -0.930002 -0.306262 0.203222 -0.504304 0.187351 -0.87068 -0.45477 0.485867 
1534793208491 0.117714 0.844044 -0.523195 -0.599826 -0.964557 0.222477 0.141895 -0.228278 0.236164 0.487949 0.840317 0.411396 0.31622 -0.384863 0.867113 0.400795 -0.930002 -0.306262 0.203222 -0.504304 0.187351 -0.87068 -0.45477 0.485867 
1534793208508 0.117537 0.844121 -0.523111 -0.599715 -0.964615 0.222238 0.141877 -0.228288 0.236016 0.487925 0.840372 0.411367 0.31622 -0.384863 0.867113 0.400795 -0.930002 -0.306262 0.203222 -0.504304 0.187351 -0.87068 -0.45477 0.485867 
1534793208543 0.117937 0.843836 -0.52348 -0.600135 -0.964418 0.222946 0.142105 -0.228112 0.236621 0.488093 0.840104 0.411492 0.31622 -0.384863 0.867113 0.400795 -0.930002 -0.306262 0.203222 -0.504304 0.187351 -0.87068 -0.45477 0.485867 
1534793208554 0.117759 0.843794 -0.523588 -0.600062 -0.964459 0.222773 0.142098 -0.228127 0.236543 0.488245 0.840038 0.411494 0.31622 -0.384863 0.867113 0.400795 -0.930002 -0.306262 0.203222 -0.504304 0.187351 -0.87068 -0.45477 0.485867 
1534793208571 0.117582 0.843751 -0.523697 -0.599984 -0.964499 0.222601 0.14209 -0.228141 0.236464 0.488398 0.839971 0.411497 0.31622 -0.384863 0.867113 0.400795 -0.930002 -0.306262 0.203222 -0.504304 0.187351 -0.87068 -0.45477 0.485867 
1534793208587 0.117404 0.843708 -0.523806 -0.599907 -0.96454 0.222429 0.142083 -0.228155 0.236386 0.488551 0.839905 0.4115 0.31622 -0.384863 0.867113 0.400795 -0.930002 -0.306262 0.203222 -0.504304 0.187351 -0.87068 -0.45477 0.485867 
1534793208605 0.117226 0.843665 -0.523915 -0.599831 -0.964581 0.222256 0.142076 -0.22817 0.236308 0.488703 0.839838 0.411502 0.31622 -0.384863 0.867113 0.400795 -0.930002 -0.306262 0.203222 -0.504304 0.187351 -0.87068 -0.45477 0.485867 
1534793208620 0.117049 0.843622 -0.524024 -0.599753 -0.964622 0.222084 0.142068 -0.228183 0.236229 0.488856 0.839771 0.411505 0.31622 -0.384863 0.867113 0.400795 -0.930002 -0.306262 0.203222 -0.504304 0.187351 -0.87068 -0.45477 0.485867 
1534793208637 0.116871 0.843579 -0.524133 -0.599676 -0.964663 0.221912 0.142061 -0.228197 0.236151 0.489009 0.839704 0.411508 0.31622 -0.384863 0.867113 0.400795 -0.930002 -0.306262 0.203222 -0.504304 0.187351 -0.87068 -0.45477 0.485867 
1534793208653 0.116694 0.843536 -0.524242 -0.599598 -0.964703 0.22174 0.142054 -0.228211 0.236073 0.489161 0.839637 0.41151 0.31622 -0.384863 0.867113 0.400795 -0.930002 -0.306262 0.203222 -0.504304 0.187351 -0.87068 -0.45477 0.485867 
1534793208690 0.116516 0.843493 -0.524351 -0.599521 -0.964744 0.221567 0.142047 -0.228225 0.235994 0.489314 0.839571 0.411513 0.31622 -0.384863 0.867113 0.400795 -0.930002 -0.306262 0.203222 -0.504304 0.187351 -0.87068 -0.45477 0.485867 
1534793208731 0.116338 0.84345 -0.52446 -0.599445 -0.964784 0.221395 0.142039 -0.228239 0.235916 0.489466 0.839504 0.411516 0.31622 -0.384863 0.867113 0.400795 -0.930002 -0.306262 0.203222 -0.504304 0.187351 -0.87068 -0.45477 0.485867 
1534793208771 0.11682 0.843517 -0.524245 -0.599766 -0.964679 0.221867 0.142022 -0.228104 0.23611 0.489137 0.839641 0.411402 0.31622 -0.384863 0.867113 0.400795 -0.930002 -0.306262 0.203222 -0.504304 0.187351 -0.87068 -0.45477 0.485867 
1534793208783 0.116617 0.843678 -0.524031 -0.59966 -0.964686 0.221694 0.142242 -0.228153 0.236181 0.488937 0.839737 0.411395 0.31622 -0.384863 0.867113 0.400795 -0.930002 -0.306262 0.203222 -0.504304 0.187351 -0.87068 -0.45477 0.485867 
1534793208789 0.116413 0.84384 -0.523815 -0.599551 -0.964693 0.22152 0.142463 -0.228201 0.236252 0.488736 0.839835 0.411387 0.31622 -0.384863 0.867113 0.400795 -0.930002 -0.306262 0.203222 -0.504304 0.187351 -0.87068 -0.45477 0.485867 
1534793208803 0.11621 0.844002 -0.5236 -0.599441 -0.964701 0.221346 0.142683 -0.228249 0.236322 0.488536 0.839931 0.411379 0.31622 -0.384863 0.867113 0.400795 -0.930002 -0.306262 0.203222 -0.504304 0.187351 -0.87068 -0.45477 0.485867 
1534793208884 0.116007 0.844163 -0.523384 -0.59933 -0.964708 0.221173 0.142903 -0.228297 0.236392 0.488335 0.840028 0.411372 0.31622 -0.384863 0.867113 0.400795 -0.930002 -0.306262 0.203222 -0.504304 0.187351 -0.87068 -0.45477 0.485867 
1534793208924 0.115803 0.844325 -0.523169 -0.599219 -0.964715 0.220999 0.143124 -0.228344 0.236463 0.488134 0.840125 0.411365 0.31622 -0.384863 0.867113 0.400795 -0.930002 -0.306262 0.203222 -0.504304 0.187351 -0.87068 -0.45477 0.485867 
1534793208940 0.115601 0.844486 -0.522953 -0.59911 -0.964722 0.220826 0.143343 -0.228393 0.236533 0.487934 0.840222 0.411357 0.31622 -0.384863 0.867113 0.400795 -0.930002 -0.306262 0.203222 -0.504304 0.187351 -0.87068 -0.45477 0.485867 
1534793208957 0.115397 0.844647 -0.522737 -0.599001 -0.964729 0.220652 0.143564 -0.228441 0.236604 0.487733 0.840318 0.41135 0.31622 -0.384863 0.867113 0.400795 -0.930002 -0.306262 0.203222 -0.504304 0.187351 -0.87068 -0.45477 0.485867 
1534793209015 0.115194 0.844808 -0.522522 -0.59889 -0.964736 0.220479 0.143783 -0.228488 0.236674 0.487533 0.840415 0.411342 0.31622 -0.384863 0.867113 0.400795 -0.930002 -0.306262 0.203222 -0.504304 0.187351 -0.87068 -0.45477 0.485867 
1534793209051 0.114991 0.844969 -0.522306 -0.59878 -0.964743 0.220304 0.144004 -0.228536 0.236745 0.487332 0.840511 0.411335 0.31622 -0.384863 0.867113 0.400795 -0.930002 -0.306262 0.203222 -0.504304 0.187351 -0.87068 -0.45477 0.485867 
1534793209084 0.115473 0.844512 -0.52294 -0.59914 -0.964754 0.220681 0.143352 -0.228305 0.236465 0.487955 0.840229 0.411309 0.31622 -0.384863 0.867113 0.400795 -0.930002 -0.306262 0.203222 -0.504304 0.187351 -0.87068 -0.45477 0.485867 
1534793209095 0.115257 0.844569 -0.522895 -0.598972 -0.964798 0.220452 0.143408 -0.228365 0.236391 0.48796 0.840247 0.411298 0.31622 -0.384863 0.867113 0.400795 -0.930002 -0.306262 0.203222 -0.504304 0.187351 -0.87068 -0.45477 0.485867 
1534793209112 0.115042 0.844625 -0.522851 -0.598798 -0.964842 0.220224 0.143462 -0.228424 0.236316 0.487965 0.840265 0.411288 0.31622 -0.384863 0.867113 0.400795 -0.930002 -0.306262 0.203222 -0.504304 0.187351 -0.87068 -0.45477 0.485867 
1534793209129 0.114828 0.844682 -0.522807 -0.598624 -0.964886 0.219996 0.143515 -0.228482 0.23624 0.48797 0.840283 0.411278 0.31622 -0.384863 0.867113 0.400795 -0.930002 -0.306262 0.203222 -0.504304 0.187351 -0.87068 -0.45477 0.485867 
1534793209146 0.114614 0.844738 -0.522763 -0.59845 -0.96493 0.219769 0.143569 -0.22854 0.236165 0.487974 0.840302 0.411269 0.31622 -0.384863 0.867113 0.400795 -0.930002 -0.306262 0.203222 -0.504304 0.187351 -0.87068 -0.45477 0.485867 
1534793209153 0.114401 0.844794 -0.522719 -0.598278 -0.964974 0.219542 0.143622 -0.228599 0.23609 0.48798 0.84032 0.411258 0.31622 -0.384863 0.867113 0.400795 -0.930002 -0.306262 0.203222 -0.504304 0.187351 -0.87068 -0.45477 0.485867 
1534793209267 0.114186 0.844851 -0.522675 -0.598104 -0.965017 0.219314 0.143677 -0.228657 0.236015 0.487984 0.840338 0.411249 0.31622 -0.384863 0.867113 0.400795 -0.930002 -0.306262 0.203222 -0.504304 0.187351 -0.87068 -0.45477 0.485867 
1534793209290 0.113972 0.844907 -0.52263 -0.597931 -0.965061 0.219086 0.14373 -0.228716 0.23594 0.487989 0.840356 0.411238 0.31622 -0.384863 0.867113 0.400795 -0.930002 -0.306262 0.203222 -0.504304 0.187351 -0.87068 -0.45477 0.485867 
1534793209316 0.113758 0.844963 -0.522587 -0.597758 -0.965105 0.218859 0.143784 -0.228774 0.235865 0.487994 0.840375 0.411228 0.31622 -0.384863 0.867113 0.400795 -0.930002 -0.306262 0.203222 -0.504304 0.187351 -0.87068 -0.45477 0.485867 
1534793209395 0.113543 0.845019 -0.522542 -0.597584 -0.965148 0.218631 0.143838 -0.228832 0.23579 0.487999 0.840393 0.411219 0.31622 -0.384863 0.867113 0.400795 -0.930002 -0.306262 0.203222 -0.504304 0.187351 -0.87068 -0.45477 0.485867 
1534793209440 0.114111 0.844871 -0.522659 -0.597989 -0.965049 0.2192 0.143636 -0.228682 0.23592 0.488001 0.840355 0.411228 0.31622 -0.384863 0.867113 0.400795 -0.930002 -0.306262 0.203222 -0.504304 0.187351 -0.87068 -0.45477 0.485867 
1534793209452 0.114014 0.845001 -0.52247 -0.59781 -0.965082 0.219041 0.143658 -0.228718 0.235834 0.487847 0.840469 0.411235 0.31622 -0.384863 0.867113 0.400795 -0.930002 -0.306262 0.203222 -0.504304 0.187351 -0.87068 -0.45477 0.485867 
1534793209475 0.113917 0.84513 -0.522281 -0.597628 -0.965114 0.218883 0.143681 -0.228753 0.235748 0.487694 0.840582 0.411242 0.31622 -0.384863 0.867113 0.400795 -0.930002 -0.306262 0.203222 -0.504304 0.187351 -0.87068 -0.45477 0.485867 
1534793209491 0.113821 0.84526 -0.522093 -0.597445 -0.965147 0.218726 0.143703 -0.228788 0.235662 0.48754 0.840695 0.411249 0.31622 -0.384863 0.867113 0.400795 -0.930002 -0.306262 0.203222 -0.504304 0.187351 -0.87068 -0.45477 0.485867 
1534793209508 0.113724 0.845389 -0.521904 -0.597264 -0.965179 0.218568 0.143726 -0.228823 0.235576 0.487386 0.840808 0.411256 0.31622 -0.384863 0.867113 0.400795 -0.930002 -0.306262 0.203222 -0.504304 0.187351 -0.87068 -0.45477 0.485867 
1534793209585 0.113628 0.845518 -0.521716 -0.597081 -0.965211 0.218411 0.143748 -0.228858 0.23549 0.487232 0.840921 0.411264 0.31622 -0.384863 0.867113 0.400795 -0.930002 -0.306262 0.203222 -0.504304 0.187351 -0.87068 -0.45477 0.485867 
1534793209616 0.113531 0.845648 -0.521527 -0.596899 -0.965244 0.218253 0.143771 -0.228893 0.235405 0.487079 0.841035 0.411271 0.31622 -0.384863 0.867113 0.400795 -0.930002 -0.306262 0.203222 -0.504304 0.187351 -0.87068 -0.45477 0.485867 
1534793209678 0.113435 0.845777 -0.521339 -0.596716 -0.965276 0.218096 0.143793 -0.228927 0.235319 0.486925 0.841148 0.411278 0.31622 -0.384863 0.867113 0.400795 -0.930002 -0.306262 0.203222 -0.504304 0.187351 -0.87068 -0.45477 0.485867 
