1534185777807 0.314901 0.922011 -0.225241 -0.516011 -0.938514 0.337872 0.0709576 -0.19999 0.141526 0.189047 0.971716 0.340318 0.16008 -0.304787 0.938871 0.370831 -0.775623 0.549475 0.310623 -0.528794 -0.61056 -0.777934 -0.14844 0.432481 
1534185777817 0.304046 0.923039 -0.235702 -0.525261 -0.940284 0.330513 0.0814037 -0.202485 0.153041 0.196877 0.96841 0.344803 0.316231 -0.384871 0.867106 0.40083 -0.930001 -0.306257 0.203234 -0.504368 0.187338 -0.870678 -0.454779 0.485897 
1534185778932 0.293076 0.923897 -0.246011 -0.534401 -0.941851 0.323231 0.0918573 -0.204882 0.164385 0.204785 0.964905 0.349105 0.316231 -0.384871 0.867106 0.40083 -0.930001 -0.306257 0.203234 -0.504368 0.187338 -0.870678 -0.454779 0.485897 
1534185778939 0.281964 0.924592 -0.256177 -0.543527 -0.943217 0.316009 0.102375 -0.207271 0.175609 0.212764 0.961193 0.353395 0.316231 -0.384871 0.867106 0.40083 -0.930001 -0.306257 0.203234 -0.504368 0.187338 -0.870678 -0.454779 0.485897 
1534185779736 0.270713 0.925124 -0.266197 -0.552643 -0.94438 0.30885 0.112955 -0.209654 0.186712 0.220813 0.957277 0.357681 0.316231 -0.384871 0.867106 0.40083 -0.930001 -0.306257 0.203234 -0.504368 0.187338 -0.870678 -0.454779 0.485897 
1534185780322 0.259313 0.925496 -0.27607 -0.561799 -0.945339 0.301748 0.123619 -0.212068 0.197713 0.228924 0.953155 0.362023 0.316231 -0.384871 0.867106 0.40083 -0.930001 -0.306257 0.203234 -0.504368 0.187338 -0.870678 -0.454779 0.485897 
1534185780884 0.247778 0.925705 -0.28579 -0.570954 -0.946096 0.294711 0.134343 -0.214483 0.208588 0.237097 0.948829 0.366364 0.316231 -0.384871 0.867106 0.40083 -0.930001 -0.306257 0.203234 -0.504368 0.187338 -0.870678 -0.454779 0.485897 
1534185781457 0.236113 0.925752 -0.295354 -0.580109 -0.946648 0.287743 0.145123 -0.216897 0.219334 0.245331 0.944301 0.370706 0.316231 -0.384871 0.867106 0.40083 -0.930001 -0.306257 0.203234 -0.504368 0.187338 -0.870678 -0.454779 0.485897 
1534185782036 0.22432 0.925636 -0.304761 -0.589261 -0.946997 0.280844 0.155957 -0.21931 0.229949 0.253624 0.939573 0.375047 0.316231 -0.384871 0.867106 0.40083 -0.930001 -0.306257 0.203234 -0.504368 0.187338 -0.870678 -0.454779 0.485897 
1534185782622 0.212501 0.925273 -0.314186 -0.59756 -0.947126 0.274137 0.166735 -0.221283 0.240405 0.262142 0.934605 0.379583 0.316442 -0.385045 0.866951 0.401525 -0.929984 -0.306148 0.203478 -0.505625 0.187068 -0.87064 -0.454964 0.486487 
1534185783191 0.213508 0.925237 -0.313609 -0.59713 -0.946984 0.274893 0.166297 -0.221421 0.240073 0.261477 0.934877 0.379345 0.316442 -0.385045 0.866951 0.401525 -0.929984 -0.306148 0.203478 -0.505625 0.187068 -0.87064 -0.454964 0.486487 
1534185783204 0.212201 0.925213 -0.314566 -0.598176 -0.947004 0.274128 0.167442 -0.221694 0.24115 0.262364 0.934351 0.379783 0.316221 -0.384863 0.867113 0.400797 -0.930002 -0.306262 0.203223 -0.504308 0.187351 -0.87068 -0.45477 0.485869 
1534185783400 0.210893 0.925187 -0.315519 -0.599222 -0.947022 0.273364 0.168587 -0.221966 0.242227 0.26325 0.933823 0.380221 0.316221 -0.384863 0.867113 0.400797 -0.930002 -0.306262 0.203223 -0.504308 0.187351 -0.87068 -0.45477 0.485869 
1534185783609 0.209583 0.92516 -0.316471 -0.600269 -0.947037 0.2726 0.169734 -0.22224 0.243301 0.264136 0.933293 0.380659 0.31622 -0.384863 0.867113 0.400797 -0.930002 -0.306262 0.203222 -0.504307 0.187351 -0.87068 -0.45477 0.485868 
1534185783819 0.208273 0.925131 -0.317421 -0.601316 -0.94705 0.271838 0.170881 -0.222513 0.244374 0.265024 0.932761 0.381097 0.31622 -0.384863 0.867113 0.400797 -0.930002 -0.306262 0.203222 -0.504307 0.187351 -0.87068 -0.45477 0.485868 
1534185784032 0.20696 0.925099 -0.318369 -0.602364 -0.947061 0.271076 0.172029 -0.222787 0.245446 0.265911 0.932227 0.381534 0.316221 -0.384863 0.867113 0.400796 -0.930002 -0.306262 0.203223 -0.504306 0.187351 -0.87068 -0.45477 0.485868 
1534185784237 0.205647 0.925066 -0.319314 -0.603412 -0.947069 0.270315 0.173177 -0.223061 0.246516 0.266799 0.931691 0.381971 0.31622 -0.384863 0.867113 0.400796 -0.930002 -0.306262 0.203222 -0.504306 0.187351 -0.87068 -0.454769 0.485868 
1534185784442 0.204332 0.925031 -0.320258 -0.604459 -0.947075 0.269555 0.174326 -0.223334 0.247584 0.267688 0.931152 0.382409 0.31622 -0.384863 0.867113 0.400796 -0.930002 -0.306262 0.203222 -0.504306 0.187351 -0.87068 -0.454769 0.485868 
1534185784652 0.203016 0.924995 -0.3212 -0.605508 -0.947078 0.268796 0.175476 -0.223608 0.248651 0.268577 0.930612 0.382847 0.31622 -0.384863 0.867113 0.400796 -0.930002 -0.306262 0.203222 -0.504305 0.187351 -0.87068 -0.45477 0.485867 
1534185784865 0.201699 0.924956 -0.322141 -0.606555 -0.947079 0.268038 0.176625 -0.223881 0.249716 0.269468 0.930069 0.383284 0.31622 -0.384863 0.867113 0.400796 -0.930002 -0.306262 0.203222 -0.504305 0.187351 -0.87068 -0.45477 0.485867 
1534185785082 0.202399 0.924871 -0.321944 -0.606214 -0.947049 0.26853 0.176036 -0.223952 0.249263 0.269268 0.930249 0.3831 0.31622 -0.384863 0.867113 0.400796 -0.930002 -0.306262 0.203222 -0.504305 0.187351 -0.87068 -0.45477 0.485867 
1534185785095 0.202471 0.924755 -0.322234 -0.606306 -0.947136 0.268543 0.175552 -0.223965 0.248876 0.269655 0.93024 0.383062 0.31622 -0.384863 0.867113 0.400795 -0.930002 -0.306262 0.203222 -0.504304 0.187351 -0.87068 -0.454769 0.485867 
1534185785112 0.202542 0.924638 -0.322524 -0.606399 -0.947222 0.268555 0.175068 -0.223976 0.24849 0.270043 0.930231 0.383026 0.31622 -0.384863 0.867113 0.400795 -0.930002 -0.306262 0.203222 -0.504304 0.187351 -0.87068 -0.454769 0.485867 
1534185785214 0.202614 0.924521 -0.322813 -0.606492 -0.947308 0.268567 0.174583 -0.223989 0.248103 0.27043 0.930222 0.382989 0.31622 -0.384863 0.867113 0.400795 -0.930002 -0.306262 0.203222 -0.504304 0.187351 -0.87068 -0.454769 0.485867 
1534185785230 0.202686 0.924404 -0.323103 -0.606584 -0.947394 0.268579 0.174099 -0.223999 0.247716 0.270818 0.930212 0.382953 0.31622 -0.384863 0.867113 0.400795 -0.930002 -0.306262 0.203222 -0.504304 0.187351 -0.87068 -0.454769 0.485867 
1534185785254 0.202758 0.924287 -0.323392 -0.606677 -0.94748 0.26859 0.173614 -0.22401 0.247329 0.271206 0.930202 0.382916 0.31622 -0.384863 0.867113 0.400795 -0.930002 -0.306262 0.203222 -0.504304 0.187351 -0.87068 -0.454769 0.485867 
1534185785310 0.20283 0.92417 -0.323682 -0.60677 -0.947565 0.268601 0.17313 -0.224022 0.246942 0.271594 0.930192 0.382879 0.31622 -0.384863 0.867113 0.400795 -0.930002 -0.306262 0.203222 -0.504304 0.187351 -0.87068 -0.454769 0.485867 
1534185785358 0.202902 0.924053 -0.323971 -0.606862 -0.94765 0.268612 0.172645 -0.224034 0.246556 0.271981 0.930181 0.382843 0.31622 -0.384863 0.867113 0.400795 -0.930002 -0.306262 0.203222 -0.504304 0.187351 -0.87068 -0.454769 0.485867 
1534185785386 0.202975 0.923935 -0.324261 -0.606955 -0.947735 0.268624 0.17216 -0.224043 0.246169 0.272369 0.93017 0.382807 0.31622 -0.384863 0.867113 0.400795 -0.930002 -0.306262 0.203222 -0.504304 0.187351 -0.87068 -0.454769 0.485867 
1534185785421 0.203047 0.923818 -0.32455 -0.607047 -0.94782 0.268634 0.171675 -0.224055 0.245782 0.272757 0.930159 0.382771 0.31622 -0.384863 0.867113 0.400795 -0.930002 -0.306262 0.203222 -0.504304 0.187351 -0.87068 -0.454769 0.485867 
1534185785468 0.202585 0.924256 -0.32359 -0.606796 -0.947655 0.268312 0.173085 -0.223915 0.246798 0.271587 0.930232 0.38293 0.31622 -0.384863 0.867113 0.400795 -0.930002 -0.306262 0.203222 -0.504304 0.187351 -0.87068 -0.454769 0.485867 
1534185785480 0.202568 0.924453 -0.323038 -0.606831 -0.947683 0.268167 0.17316 -0.223983 0.246706 0.271061 0.930409 0.382898 0.31622 -0.384863 0.867113 0.400795 -0.930002 -0.306262 0.203222 -0.504304 0.187351 -0.87068 -0.454769 0.485867 
1534185785617 0.202551 0.924649 -0.322485 -0.60687 -0.94771 0.26802 0.173235 -0.224053 0.246614 0.270534 0.930587 0.382866 0.31622 -0.384863 0.867113 0.400795 -0.930002 -0.306262 0.203222 -0.504304 0.187351 -0.87068 -0.454769 0.485867 
1534185785622 0.202533 0.924846 -0.321932 -0.606909 -0.947738 0.267874 0.17331 -0.224123 0.246523 0.270006 0.930765 0.382833 0.31622 -0.384863 0.867113 0.400795 -0.930002 -0.306262 0.203222 -0.504304 0.187351 -0.87068 -0.454769 0.485867 
1534185785742 0.202516 0.925042 -0.321379 -0.606949 -0.947765 0.267728 0.173385 -0.224193 0.246431 0.269479 0.930942 0.3828 0.31622 -0.384863 0.867113 0.400795 -0.930002 -0.306262 0.203222 -0.504304 0.187351 -0.87068 -0.454769 0.485867 
1534185785802 0.202498 0.925238 -0.320826 -0.606989 -0.947793 0.267582 0.17346 -0.224264 0.246339 0.268951 0.931119 0.382767 0.31622 -0.384863 0.867113 0.400795 -0.930002 -0.306262 0.203222 -0.504304 0.187351 -0.87068 -0.454769 0.485867 
1534185785874 0.202481 0.925433 -0.320272 -0.607027 -0.947821 0.267436 0.173534 -0.224334 0.246247 0.268423 0.931296 0.382735 0.31622 -0.384863 0.867113 0.400795 -0.930002 -0.306262 0.203222 -0.504304 0.187351 -0.87068 -0.454769 0.485867 
1534185785933 0.202463 0.925629 -0.319719 -0.607068 -0.947848 0.267289 0.173609 -0.224404 0.246155 0.267895 0.931472 0.382702 0.31622 -0.384863 0.867113 0.400795 -0.930002 -0.306262 0.203222 -0.504304 0.187351 -0.87068 -0.454769 0.485867 
1534185786002 0.202446 0.925824 -0.319165 -0.607107 -0.947876 0.267143 0.173684 -0.224474 0.246063 0.267367 0.931648 0.382669 0.31622 -0.384863 0.867113 0.400795 -0.930002 -0.306262 0.203222 -0.504304 0.187351 -0.87068 -0.454769 0.485867 
1534185786074 0.202428 0.926018 -0.318611 -0.607145 -0.947903 0.266997 0.173758 -0.224544 0.245971 0.266839 0.931823 0.382637 0.31622 -0.384863 0.867113 0.400795 -0.930002 -0.306262 0.203222 -0.504304 0.187351 -0.87068 -0.454769 0.485867 
1534185786133 0.202427 0.925754 -0.319379 -0.607127 -0.947857 0.26719 0.173713 -0.224389 0.246151 0.267561 0.931569 0.382622 0.31622 -0.384863 0.867113 0.400795 -0.930002 -0.306262 0.203222 -0.504304 0.187351 -0.87068 -0.454769 0.485867 
1534185786147 0.20199 0.925767 -0.319617 -0.607057 -0.947922 0.266854 0.173874 -0.224555 0.246258 0.267851 0.931457 0.382662 0.31622 -0.384863 0.867113 0.400795 -0.930002 -0.306262 0.203222 -0.504304 0.187351 -0.87068 -0.45477 0.485867 
1534185786163 0.201551 0.925791 -0.319825 -0.606989 -0.947988 0.266509 0.174044 -0.224724 0.246365 0.268112 0.931354 0.382699 0.31622 -0.384863 0.867113 0.400795 -0.930002 -0.306262 0.203222 -0.504304 0.187351 -0.87068 -0.45477 0.485867 
1534185786180 0.201111 0.925815 -0.320032 -0.606922 -0.948054 0.266163 0.174214 -0.224895 0.246471 0.268371 0.931251 0.382736 0.31622 -0.384863 0.867113 0.400795 -0.930002 -0.306262 0.203222 -0.504304 0.187351 -0.87068 -0.45477 0.485867 
1534185786298 0.200671 0.925839 -0.320239 -0.606855 -0.94812 0.265818 0.174384 -0.225066 0.246577 0.268631 0.931148 0.382773 0.31622 -0.384863 0.867113 0.400795 -0.930002 -0.306262 0.203222 -0.504304 0.187351 -0.87068 -0.45477 0.485867 
1534185786337 0.200231 0.925863 -0.320446 -0.606788 -0.948185 0.265473 0.174554 -0.225235 0.246683 0.268891 0.931045 0.38281 0.31622 -0.384863 0.867113 0.400795 -0.930002 -0.306262 0.203222 -0.504304 0.187351 -0.87068 -0.45477 0.485867 
1534185786433 0.199791 0.925886 -0.320653 -0.606722 -0.94825 0.265127 0.174725 -0.225406 0.246789 0.269151 0.930942 0.382847 0.31622 -0.384863 0.867113 0.400795 -0.930002 -0.306262 0.203222 -0.504304 0.187351 -0.87068 -0.45477 0.485867 
1534185786485 0.199351 0.925909 -0.32086 -0.606655 -0.948315 0.264782 0.174895 -0.225575 0.246895 0.269411 0.930839 0.382884 0.31622 -0.384863 0.867113 0.400795 -0.930002 -0.306262 0.203222 -0.504304 0.187351 -0.87068 -0.45477 0.485867 
1534185786567 0.19891 0.925933 -0.321066 -0.60659 -0.94838 0.264437 0.175066 -0.225746 0.247001 0.269671 0.930735 0.38292 0.31622 -0.384863 0.867113 0.400795 -0.930002 -0.306262 0.203222 -0.504304 0.187351 -0.87068 -0.45477 0.485867 
1534185786574 0.19847 0.925955 -0.321273 -0.606523 -0.948445 0.264091 0.175236 -0.225916 0.247106 0.269931 0.930632 0.382957 0.31622 -0.384863 0.867113 0.400795 -0.930002 -0.306262 0.203222 -0.504304 0.187351 -0.87068 -0.45477 0.485867 
1534185786710 0.199082 0.925958 -0.320886 -0.606623 -0.948355 0.264552 0.175027 -0.225683 0.246958 0.26947 0.930805 0.382957 0.31622 -0.384863 0.867113 0.400795 -0.930002 -0.306262 0.203222 -0.504304 0.187351 -0.87068 -0.45477 0.485867 
1534185786722 0.198564 0.925959 -0.321205 -0.606488 -0.94839 0.264205 0.175363 -0.225941 0.247243 0.269807 0.930631 0.382969 0.31622 -0.384863 0.867113 0.400795 -0.930002 -0.306262 0.203222 -0.504304 0.187351 -0.87068 -0.45477 0.485867 
1534185786738 0.198044 0.92596 -0.321523 -0.606353 -0.948424 0.263858 0.175701 -0.226202 0.247528 0.270144 0.930458 0.38298 0.31622 -0.384863 0.867113 0.400795 -0.930002 -0.306262 0.203222 -0.504304 0.187351 -0.87068 -0.45477 0.485867 
1534185786827 0.197525 0.92596 -0.321841 -0.606218 -0.948458 0.26351 0.176038 -0.226461 0.247813 0.270481 0.930284 0.382992 0.31622 -0.384863 0.867113 0.400795 -0.930002 -0.306262 0.203222 -0.504304 0.187351 -0.87068 -0.45477 0.485867 
1534185786922 0.197005 0.925961 -0.322158 -0.606083 -0.948492 0.263163 0.176376 -0.226721 0.248097 0.270817 0.930111 0.383003 0.31622 -0.384863 0.867113 0.400795 -0.930002 -0.306262 0.203222 -0.504304 0.187351 -0.87068 -0.45477 0.485867 
1534185786994 0.196485 0.925961 -0.322475 -0.605947 -0.948525 0.262815 0.176714 -0.226982 0.248382 0.271154 0.929937 0.383014 0.31622 -0.384863 0.867113 0.400795 -0.930002 -0.306262 0.203222 -0.504304 0.187351 -0.87068 -0.45477 0.485867 
1534185787089 0.195965 0.925961 -0.322792 -0.605811 -0.948558 0.262468 0.177052 -0.227242 0.248666 0.271491 0.929762 0.383025 0.31622 -0.384863 0.867113 0.400795 -0.930002 -0.306262 0.203222 -0.504304 0.187351 -0.87068 -0.45477 0.485867 
1534185787165 0.195445 0.92596 -0.323109 -0.605676 -0.948591 0.262121 0.17739 -0.227502 0.24895 0.271828 0.929588 0.383037 0.31622 -0.384863 0.867113 0.400795 -0.930002 -0.306262 0.203222 -0.504304 0.187351 -0.87068 -0.45477 0.485867 
1534185787254 0.194925 0.925959 -0.323425 -0.605541 -0.948624 0.261774 0.177728 -0.227762 0.249233 0.272165 0.929413 0.383048 0.31622 -0.384863 0.867113 0.400795 -0.930002 -0.306262 0.203222 -0.504304 0.187351 -0.87068 -0.45477 0.485867 
1534185787320 0.194404 0.925958 -0.323741 -0.605405 -0.948656 0.261426 0.178067 -0.228023 0.249517 0.272502 0.929238 0.383058 0.31622 -0.384863 0.867113 0.400795 -0.930002 -0.306262 0.203222 -0.504304 0.187351 -0.87068 -0.45477 0.485867 
1534185787430 0.195008 0.925942 -0.323423 -0.605566 -0.948602 0.261857 0.177723 -0.227785 0.249252 0.272142 0.929415 0.383069 0.31622 -0.384863 0.867113 0.400795 -0.930002 -0.306262 0.203222 -0.504304 0.187351 -0.87068 -0.45477 0.485867 
1534185787443 0.194653 0.926042 -0.323353 -0.605299 -0.948599 0.261592 0.178126 -0.227905 0.249539 0.27206 0.929362 0.38301 0.31622 -0.384863 0.867113 0.400795 -0.930002 -0.306262 0.203222 -0.504304 0.187351 -0.87068 -0.45477 0.485867 
1534185787459 0.194298 0.92614 -0.323283 -0.605028 -0.948597 0.261327 0.178528 -0.228023 0.249825 0.271978 0.929309 0.382952 0.31622 -0.384863 0.867113 0.400795 -0.930002 -0.306262 0.203222 -0.504304 0.187351 -0.87068 -0.45477 0.485867 
1534185787466 0.193944 0.926239 -0.323213 -0.604756 -0.948594 0.261063 0.17893 -0.228141 0.250111 0.271896 0.929256 0.382894 0.31622 -0.384863 0.867113 0.400795 -0.930002 -0.306262 0.203222 -0.504304 0.187351 -0.87068 -0.45477 0.485867 
1534185787622 0.193589 0.926338 -0.323143 -0.604484 -0.948591 0.260798 0.179332 -0.228259 0.250397 0.271814 0.929203 0.382836 0.31622 -0.384863 0.867113 0.400795 -0.930002 -0.306262 0.203222 -0.504304 0.187351 -0.87068 -0.45477 0.485867 
1534185787678 0.193235 0.926436 -0.323073 -0.604212 -0.948587 0.260533 0.179734 -0.228377 0.250683 0.271732 0.92915 0.382778 0.31622 -0.384863 0.867113 0.400795 -0.930002 -0.306262 0.203222 -0.504304 0.187351 -0.87068 -0.45477 0.485867 
1534185787755 0.192881 0.926535 -0.323002 -0.603941 -0.948584 0.260268 0.180136 -0.228495 0.250969 0.27165 0.929097 0.38272 0.31622 -0.384863 0.867113 0.400795 -0.930002 -0.306262 0.203222 -0.504304 0.187351 -0.87068 -0.45477 0.485867 
1534185787839 0.192526 0.926633 -0.322932 -0.603669 -0.94858 0.260004 0.180537 -0.228612 0.251255 0.271569 0.929043 0.382662 0.31622 -0.384863 0.867113 0.400795 -0.930002 -0.306262 0.203222 -0.504304 0.187351 -0.87068 -0.45477 0.485867 
1534185787906 0.192172 0.926731 -0.322861 -0.603398 -0.948576 0.259739 0.180939 -0.228731 0.251541 0.271487 0.92899 0.382604 0.31622 -0.384863 0.867113 0.400795 -0.930002 -0.306262 0.203222 -0.504304 0.187351 -0.87068 -0.45477 0.485867 
1534185787976 0.191817 0.926829 -0.32279 -0.603127 -0.948572 0.259473 0.181341 -0.228849 0.251827 0.271406 0.928936 0.382546 0.31622 -0.384863 0.867113 0.400795 -0.930002 -0.306262 0.203222 -0.504304 0.187351 -0.87068 -0.45477 0.485867 
1534185788056 0.192355 0.926735 -0.322741 -0.603451 -0.948577 0.259846 0.180781 -0.228704 0.251399 0.271371 0.929062 0.382625 0.31622 -0.384863 0.867113 0.400795 -0.930002 -0.306262 0.203222 -0.504304 0.187351 -0.87068 -0.45477 0.485867 
1534185788065 0.192043 0.926827 -0.322662 -0.603176 -0.948595 0.259587 0.181058 -0.228768 0.251568 0.271305 0.929036 0.382589 0.31622 -0.384863 0.867113 0.400795 -0.930002 -0.306262 0.203222 -0.504304 0.187351 -0.87068 -0.45477 0.485867 
1534185788082 0.191733 0.926919 -0.322584 -0.602895 -0.948613 0.259328 0.181335 -0.228829 0.251738 0.27124 0.929009 0.382553 0.31622 -0.384863 0.867113 0.400795 -0.930002 -0.306262 0.203222 -0.504304 0.187351 -0.87068 -0.45477 0.485867 
1534185788098 0.191422 0.92701 -0.322506 -0.602615 -0.94863 0.25907 0.181613 -0.22889 0.251908 0.271174 0.928981 0.382518 0.31622 -0.384863 0.867113 0.400795 -0.930002 -0.306262 0.203222 -0.504304 0.187351 -0.87068 -0.45477 0.485867 
1534185788219 0.191112 0.927101 -0.322428 -0.602335 -0.948648 0.258811 0.18189 -0.228951 0.252079 0.271109 0.928954 0.382483 0.31622 -0.384863 0.867113 0.400795 -0.930002 -0.306262 0.203222 -0.504304 0.187351 -0.87068 -0.45477 0.485867 
1534185788281 0.190801 0.927192 -0.32235 -0.602054 -0.948665 0.258553 0.182168 -0.229012 0.252249 0.271045 0.928927 0.382448 0.31622 -0.384863 0.867113 0.400795 -0.930002 -0.306262 0.203222 -0.504304 0.187351 -0.87068 -0.45477 0.485867 
1534185788364 0.19049 0.927283 -0.322272 -0.601774 -0.948682 0.258294 0.182445 -0.229074 0.252419 0.270979 0.9289 0.382412 0.31622 -0.384863 0.867113 0.400795 -0.930002 -0.306262 0.203222 -0.504304 0.187351 -0.87068 -0.45477 0.485867 
1534185788419 0.19018 0.927374 -0.322194 -0.601493 -0.948699 0.258035 0.182722 -0.229135 0.252589 0.270915 0.928872 0.382377 0.31622 -0.384863 0.867113 0.400795 -0.930002 -0.306262 0.203222 -0.504304 0.187351 -0.87068 -0.45477 0.485867 
1534185788495 0.189869 0.927465 -0.322115 -0.601213 -0.948716 0.257777 0.183 -0.229196 0.25276 0.27085 0.928845 0.382342 0.31622 -0.384863 0.867113 0.400795 -0.930002 -0.306262 0.203222 -0.504304 0.187351 -0.87068 -0.45477 0.485867 
1534185788563 0.189558 0.927556 -0.322036 -0.600933 -0.948733 0.257518 0.183277 -0.229258 0.25293 0.270785 0.928818 0.382306 0.31622 -0.384863 0.867113 0.400795 -0.930002 -0.306262 0.203222 -0.504304 0.187351 -0.87068 -0.45477 0.485867 
1534185788646 0.189981 0.927468 -0.322041 -0.601288 -0.948724 0.257835 0.182878 -0.229169 0.252646 0.270785 0.928895 0.382422 0.31622 -0.384863 0.867113 0.400795 -0.930002 -0.306262 0.203222 -0.504304 0.187351 -0.87068 -0.45477 0.485867 
1534185788657 0.189724 0.92755 -0.321955 -0.601083 -0.948775 0.257577 0.182976 -0.229184 0.252647 0.270748 0.928905 0.382408 0.31622 -0.384863 0.867113 0.400795 -0.930002 -0.306262 0.203222 -0.504304 0.187351 -0.87068 -0.45477 0.485867 
1534185788674 0.189468 0.927632 -0.32187 -0.600873 -0.948826 0.257319 0.183074 -0.229198 0.252649 0.270712 0.928915 0.382395 0.31622 -0.384863 0.867113 0.400795 -0.930002 -0.306262 0.203222 -0.504304 0.187351 -0.87068 -0.45477 0.485867 
1534185788690 0.189211 0.927714 -0.321785 -0.600664 -0.948877 0.257062 0.183173 -0.229211 0.252651 0.270676 0.928925 0.382381 0.31622 -0.384863 0.867113 0.400795 -0.930002 -0.306262 0.203222 -0.504304 0.187351 -0.87068 -0.45477 0.485867 
1534185788721 0.188955 0.927796 -0.321699 -0.600454 -0.948927 0.256805 0.183271 -0.229224 0.252652 0.270639 0.928935 0.382368 0.31622 -0.384863 0.867113 0.400795 -0.930002 -0.306262 0.203222 -0.504304 0.187351 -0.87068 -0.45477 0.485867 
1534185788850 0.188698 0.927878 -0.321614 -0.600245 -0.948978 0.256548 0.18337 -0.229238 0.252654 0.270603 0.928946 0.382354 0.31622 -0.384863 0.867113 0.400795 -0.930002 -0.306262 0.203222 -0.504304 0.187351 -0.87068 -0.45477 0.485867 
1534185788886 0.188442 0.927959 -0.321529 -0.600035 -0.949028 0.25629 0.183468 -0.229251 0.252656 0.270567 0.928956 0.382341 0.31622 -0.384863 0.867113 0.400795 -0.930002 -0.306262 0.203222 -0.504304 0.187351 -0.87068 -0.45477 0.485867 
1534185788969 0.188186 0.928041 -0.321443 -0.599826 -0.949079 0.256033 0.183566 -0.229265 0.252657 0.27053 0.928966 0.382328 0.31622 -0.384863 0.867113 0.400795 -0.930002 -0.306262 0.203222 -0.504304 0.187351 -0.87068 -0.45477 0.485867 
1534185789023 0.187929 0.928123 -0.321358 -0.599615 -0.949129 0.255776 0.183665 -0.229277 0.252659 0.270494 0.928976 0.382315 0.31622 -0.384863 0.867113 0.400795 -0.930002 -0.306262 0.203222 -0.504304 0.187351 -0.87068 -0.45477 0.485867 
1534185789073 0.187673 0.928204 -0.321272 -0.599406 -0.949179 0.255518 0.183763 -0.229291 0.252661 0.270458 0.928986 0.382301 0.31622 -0.384863 0.867113 0.400795 -0.930002 -0.306262 0.203222 -0.504304 0.187351 -0.87068 -0.45477 0.485867 
1534185789141 0.187927 0.928105 -0.32141 -0.599783 -0.949125 0.255789 0.183668 -0.229129 0.252676 0.270543 0.928957 0.382268 0.31622 -0.384863 0.867113 0.400795 -0.930002 -0.306262 0.203222 -0.504304 0.187351 -0.87068 -0.45477 0.485867 
1534185789153 0.18765 0.928066 -0.321685 -0.599607 -0.949154 0.255611 0.183767 -0.229145 0.252774 0.270845 0.928843 0.382298 0.31622 -0.384863 0.867113 0.400795 -0.930002 -0.306262 0.203222 -0.504304 0.187351 -0.87068 -0.45477 0.485867 
1534185789170 0.187373 0.928026 -0.321961 -0.599426 -0.949182 0.255433 0.183866 -0.229158 0.252872 0.271148 0.928727 0.382329 0.31622 -0.384863 0.867113 0.400795 -0.930002 -0.306262 0.203222 -0.504304 0.187351 -0.87068 -0.45477 0.485867 
1534185789186 0.187096 0.927986 -0.322237 -0.599246 -0.949211 0.255256 0.183966 -0.229172 0.25297 0.271452 0.928612 0.38236 0.31622 -0.384863 0.867113 0.400795 -0.930002 -0.306262 0.203222 -0.504304 0.187351 -0.87068 -0.45477 0.485867 
1534185789297 0.186818 0.927946 -0.322513 -0.599065 -0.949239 0.255078 0.184065 -0.229186 0.253068 0.271755 0.928496 0.382392 0.31622 -0.384863 0.867113 0.400795 -0.930002 -0.306262 0.203222 -0.504304 0.187351 -0.87068 -0.45477 0.485867 
1534185789356 0.186541 0.927906 -0.322788 -0.598886 -0.949268 0.2549 0.184165 -0.2292 0.253166 0.272058 0.928381 0.382422 0.31622 -0.384863 0.867113 0.400795 -0.930002 -0.306262 0.203222 -0.504304 0.187351 -0.87068 -0.45477 0.485867 
1534185789424 0.186264 0.927866 -0.323064 -0.598705 -0.949296 0.254723 0.184264 -0.229213 0.253264 0.272362 0.928265 0.382454 0.31622 -0.384863 0.867113 0.400795 -0.930002 -0.306262 0.203222 -0.504304 0.187351 -0.87068 -0.45477 0.485867 
1534185789494 0.185986 0.927826 -0.323339 -0.598525 -0.949324 0.254545 0.184364 -0.229227 0.253362 0.272665 0.928149 0.382485 0.31622 -0.384863 0.867113 0.400795 -0.930002 -0.306262 0.203222 -0.504304 0.187351 -0.87068 -0.45477 0.485867 
1534185789542 0.185709 0.927785 -0.323615 -0.598344 -0.949353 0.254368 0.184464 -0.22924 0.25346 0.272968 0.928034 0.382516 0.31622 -0.384863 0.867113 0.400795 -0.930002 -0.306262 0.203222 -0.504304 0.187351 -0.87068 -0.45477 0.485867 
1534185789619 0.185431 0.927745 -0.323891 -0.598164 -0.949381 0.25419 0.184564 -0.229254 0.253558 0.273272 0.927918 0.382547 0.31622 -0.384863 0.867113 0.400795 -0.930002 -0.306262 0.203222 -0.504304 0.187351 -0.87068 -0.45477 0.485867 
1534185789690 0.185785 0.927862 -0.323352 -0.598424 -0.949365 0.254358 0.184413 -0.229177 0.253357 0.272718 0.928135 0.382517 0.31622 -0.384863 0.867113 0.400795 -0.930002 -0.306262 0.203222 -0.504304 0.187351 -0.87068 -0.45477 0.485867 
1534185789701 0.185674 0.927831 -0.323504 -0.598295 -0.949359 0.254312 0.184505 -0.22922 0.25346 0.272864 0.928064 0.382511 0.31622 -0.384863 0.867113 0.400795 -0.930002 -0.306262 0.203222 -0.504304 0.187351 -0.87068 -0.45477 0.485867 
1534185789717 0.185561 0.927801 -0.323656 -0.598161 -0.949354 0.254267 0.184596 -0.22926 0.253563 0.27301 0.927993 0.382507 0.31622 -0.384863 0.867113 0.400795 -0.930002 -0.306262 0.203222 -0.504304 0.187351 -0.87068 -0.45477 0.485867 
1534185789734 0.185449 0.92777 -0.323807 -0.598025 -0.949348 0.254221 0.184687 -0.229299 0.253666 0.273156 0.927922 0.382502 0.31622 -0.384863 0.867113 0.400795 -0.930002 -0.306262 0.203222 -0.504304 0.187351 -0.87068 -0.45477 0.485867 
1534185789750 0.185337 0.92774 -0.323959 -0.597892 -0.949343 0.254176 0.184779 -0.22934 0.253769 0.273301 0.927851 0.382498 0.31622 -0.384863 0.867113 0.400795 -0.930002 -0.306262 0.203222 -0.504304 0.187351 -0.87068 -0.45477 0.485867 
1534185789767 0.185225 0.927709 -0.32411 -0.597757 -0.949337 0.25413 0.18487 -0.229379 0.253872 0.273447 0.92778 0.382493 0.31622 -0.384863 0.867113 0.400795 -0.930002 -0.306262 0.203222 -0.504304 0.187351 -0.87068 -0.45477 0.485867 
1534185789866 0.185112 0.927679 -0.324261 -0.597624 -0.949332 0.254084 0.184961 -0.22942 0.253974 0.273593 0.927709 0.382488 0.31622 -0.384863 0.867113 0.400795 -0.930002 -0.306262 0.203222 -0.504304 0.187351 -0.87068 -0.45477 0.485867 
1534185789898 0.185 0.927648 -0.324413 -0.597489 -0.949326 0.254039 0.185052 -0.229459 0.254077 0.273739 0.927638 0.382484 0.31622 -0.384863 0.867113 0.400795 -0.930002 -0.306262 0.203222 -0.504304 0.187351 -0.87068 -0.45477 0.485867 
1534185789932 0.184888 0.927618 -0.324564 -0.597355 -0.94932 0.253993 0.185144 -0.2295 0.25418 0.273885 0.927567 0.382479 0.31622 -0.384863 0.867113 0.400795 -0.930002 -0.306262 0.203222 -0.504304 0.187351 -0.87068 -0.45477 0.485867 
1534185789994 0.184775 0.927587 -0.324716 -0.59722 -0.949315 0.253948 0.185235 -0.229539 0.254282 0.274031 0.927495 0.382475 0.31622 -0.384863 0.867113 0.400795 -0.930002 -0.306262 0.203222 -0.504304 0.187351 -0.87068 -0.45477 0.485867 
1534185790035 0.184906 0.927689 -0.32435 -0.597526 -0.949357 0.253925 0.185051 -0.229389 0.25403 0.273706 0.92766 0.382508 0.31622 -0.384863 0.867113 0.400795 -0.930002 -0.306262 0.203222 -0.504304 0.187351 -0.87068 -0.45477 0.485867 
1534185790049 0.184874 0.927697 -0.324346 -0.597437 -0.949405 0.253849 0.184908 -0.229383 0.253874 0.273751 0.92769 0.382466 0.31622 -0.384863 0.867113 0.400795 -0.930002 -0.306262 0.203222 -0.504304 0.187351 -0.87068 -0.45477 0.485867 
1534185790065 0.184842 0.927704 -0.324345 -0.597345 -0.949453 0.253773 0.184765 -0.229376 0.253717 0.273798 0.927719 0.382425 0.31622 -0.384863 0.867113 0.400795 -0.930002 -0.306262 0.203222 -0.504304 0.187351 -0.87068 -0.45477 0.485867 
1534185790081 0.18481 0.927711 -0.324343 -0.597253 -0.949501 0.253698 0.184622 -0.229368 0.253561 0.273844 0.927748 0.382384 0.31622 -0.384863 0.867113 0.400795 -0.930002 -0.306262 0.203222 -0.504304 0.187351 -0.87068 -0.45477 0.485867 
1534185790098 0.184778 0.927718 -0.324341 -0.597162 -0.949549 0.253622 0.184479 -0.229361 0.253405 0.27389 0.927777 0.382342 0.31622 -0.384863 0.867113 0.400795 -0.930002 -0.306262 0.203222 -0.504304 0.187351 -0.87068 -0.45477 0.485867 
1534185790115 0.184746 0.927724 -0.32434 -0.597069 -0.949597 0.253547 0.184336 -0.229353 0.253248 0.273937 0.927806 0.382301 0.31622 -0.384863 0.867113 0.400795 -0.930002 -0.306262 0.203222 -0.504304 0.187351 -0.87068 -0.45477 0.485867 
1534185790131 0.184715 0.927731 -0.324338 -0.596975 -0.949645 0.253472 0.184192 -0.229345 0.253092 0.273983 0.927835 0.38226 0.31622 -0.384863 0.867113 0.400795 -0.930002 -0.306262 0.203222 -0.504304 0.187351 -0.87068 -0.45477 0.485867 
1534185790181 0.184683 0.927738 -0.324336 -0.596884 -0.949693 0.253396 0.184049 -0.229338 0.252935 0.274029 0.927864 0.382219 0.31622 -0.384863 0.867113 0.400795 -0.930002 -0.306262 0.203222 -0.504304 0.187351 -0.87068 -0.45477 0.485867 
1534185790224 0.184651 0.927745 -0.324335 -0.596792 -0.949741 0.253321 0.183906 -0.229331 0.252779 0.274075 0.927893 0.382177 0.31622 -0.384863 0.867113 0.400795 -0.930002 -0.306262 0.203222 -0.504304 0.187351 -0.87068 -0.45477 0.485867 
1534185790252 0.184619 0.927752 -0.324333 -0.596698 -0.949788 0.253246 0.183762 -0.229323 0.252622 0.274122 0.927922 0.382136 0.31622 -0.384863 0.867113 0.400795 -0.930002 -0.306262 0.203222 -0.504304 0.187351 -0.87068 -0.45477 0.485867 
1534185790285 0.184596 0.927802 -0.324204 -0.597009 -0.949672 0.25333 0.184249 -0.229233 0.253077 0.273876 0.927871 0.382258 0.31622 -0.384863 0.867113 0.400795 -0.930002 -0.306262 0.203222 -0.504304 0.187351 -0.87068 -0.45477 0.485867 
1534185790297 0.184555 0.927829 -0.32415 -0.596924 -0.949708 0.25325 0.184171 -0.229233 0.25297 0.273858 0.927905 0.382206 0.31622 -0.384863 0.867113 0.400795 -0.930002 -0.306262 0.203222 -0.504304 0.187351 -0.87068 -0.45477 0.485867 
1534185790314 0.184514 0.927856 -0.324096 -0.596835 -0.949745 0.253169 0.184091 -0.229232 0.252861 0.273842 0.92794 0.382155 0.31622 -0.384863 0.867113 0.400795 -0.930002 -0.306262 0.203222 -0.504304 0.187351 -0.87068 -0.45477 0.485867 
1534185790330 0.184473 0.927883 -0.324043 -0.596746 -0.949782 0.253089 0.184011 -0.22923 0.252752 0.273825 0.927974 0.382104 0.31622 -0.384863 0.867113 0.400795 -0.930002 -0.306262 0.203222 -0.504304 0.187351 -0.87068 -0.45477 0.485867 
1534185790347 0.184433 0.927909 -0.323989 -0.596657 -0.949819 0.253009 0.183931 -0.229228 0.252644 0.273808 0.928009 0.382053 0.31622 -0.384863 0.867113 0.400795 -0.930002 -0.306262 0.203222 -0.504304 0.187351 -0.87068 -0.45477 0.485867 
1534185790364 0.184392 0.927936 -0.323935 -0.596569 -0.949856 0.252929 0.183852 -0.229227 0.252535 0.273791 0.928043 0.382002 0.31622 -0.384863 0.867113 0.400795 -0.930002 -0.306262 0.203222 -0.504304 0.187351 -0.87068 -0.45477 0.485867 
1534185790380 0.184351 0.927963 -0.323882 -0.596479 -0.949892 0.252848 0.183772 -0.229225 0.252427 0.273774 0.928078 0.381951 0.31622 -0.384863 0.867113 0.400795 -0.930002 -0.306262 0.203222 -0.504304 0.187351 -0.87068 -0.45477 0.485867 
1534185790397 0.18431 0.92799 -0.323828 -0.596391 -0.949929 0.252768 0.183692 -0.229224 0.252318 0.273757 0.928112 0.3819 0.31622 -0.384863 0.867113 0.400795 -0.930002 -0.306262 0.203222 -0.504304 0.187351 -0.87068 -0.45477 0.485867 
1534185790414 0.184269 0.928017 -0.323774 -0.596303 -0.949966 0.252688 0.183613 -0.229222 0.252209 0.27374 0.928147 0.381849 0.31622 -0.384863 0.867113 0.400795 -0.930002 -0.306262 0.203222 -0.504304 0.187351 -0.87068 -0.45477 0.485867 
1534185790480 0.184228 0.928043 -0.323721 -0.596213 -0.950003 0.252608 0.183533 -0.22922 0.252101 0.273724 0.928181 0.381798 0.31622 -0.384863 0.867113 0.400795 -0.930002 -0.306262 0.203222 -0.504304 0.187351 -0.87068 -0.45477 0.485867 
1534185790509 0.184406 0.927927 -0.323955 -0.596551 -0.949876 0.252921 0.183756 -0.229233 0.252447 0.273831 0.928055 0.382026 0.31622 -0.384863 0.867113 0.400795 -0.930002 -0.306262 0.203222 -0.504304 0.187351 -0.87068 -0.45477 0.485867 
1534185790520 0.184431 0.928021 -0.32367 -0.596487 -0.9499 0.252856 0.183722 -0.229242 0.25234 0.27357 0.928162 0.381965 0.31622 -0.384863 0.867113 0.400795 -0.930002 -0.306262 0.203222 -0.504304 0.187351 -0.87068 -0.45477 0.485867 
1534185790537 0.184455 0.928115 -0.323386 -0.596423 -0.949924 0.252792 0.183688 -0.229252 0.252233 0.27331 0.928267 0.381903 0.31622 -0.384863 0.867113 0.400795 -0.930002 -0.306262 0.203222 -0.504304 0.187351 -0.87068 -0.45477 0.485867 
1534185790553 0.184478 0.92821 -0.323101 -0.59636 -0.949948 0.252727 0.183654 -0.229264 0.252126 0.273049 0.928373 0.381839 0.31622 -0.384863 0.867113 0.400795 -0.930002 -0.306262 0.203222 -0.504304 0.187351 -0.87068 -0.45477 0.485867 
1534185790570 0.184501 0.928304 -0.322816 -0.596298 -0.949971 0.252662 0.183621 -0.229276 0.252019 0.272788 0.928479 0.381775 0.31622 -0.384863 0.867113 0.400795 -0.930002 -0.306262 0.203222 -0.504304 0.187351 -0.87068 -0.45477 0.485867 
1534185790634 0.184525 0.928399 -0.322531 -0.596236 -0.949995 0.252596 0.183587 -0.229288 0.251912 0.272527 0.928585 0.381712 0.31622 -0.384863 0.867113 0.400795 -0.930002 -0.306262 0.203222 -0.504304 0.187351 -0.87068 -0.45477 0.485867 
1534185790671 0.184548 0.928493 -0.322247 -0.596173 -0.950019 0.252532 0.183553 -0.229299 0.251805 0.272266 0.92869 0.381649 0.31622 -0.384863 0.867113 0.400795 -0.930002 -0.306262 0.203222 -0.504304 0.187351 -0.87068 -0.45477 0.485867 
1534185790688 0.184572 0.928587 -0.321962 -0.596111 -0.950043 0.252466 0.183519 -0.229311 0.251698 0.272005 0.928796 0.381585 0.31622 -0.384863 0.867113 0.400795 -0.930002 -0.306262 0.203222 -0.504304 0.187351 -0.87068 -0.45477 0.485867 
1534185790722 0.184595 0.928681 -0.321677 -0.596048 -0.950067 0.252401 0.183485 -0.229322 0.251591 0.271744 0.928901 0.381523 0.31622 -0.384863 0.867113 0.400795 -0.930002 -0.306262 0.203222 -0.504304 0.187351 -0.87068 -0.45477 0.485867 
1534185790729 0.184618 0.928775 -0.321392 -0.595986 -0.95009 0.252337 0.183451 -0.229333 0.251484 0.271483 0.929006 0.38146 0.31622 -0.384863 0.867113 0.400795 -0.930002 -0.306262 0.203222 -0.504304 0.187351 -0.87068 -0.45477 0.485867 
1534185790802 0.184518 0.928534 -0.322146 -0.596204 -0.950016 0.252493 0.183622 -0.229259 0.251839 0.272162 0.928712 0.381717 0.31622 -0.384863 0.867113 0.400795 -0.930002 -0.306262 0.203222 -0.504304 0.187351 -0.87068 -0.45477 0.485867 
1534185790814 0.184521 0.928568 -0.322046 -0.596142 -0.950059 0.252429 0.183487 -0.229262 0.251674 0.272105 0.928773 0.381659 0.31622 -0.384863 0.867113 0.400795 -0.930002 -0.306262 0.203222 -0.504304 0.187351 -0.87068 -0.45477 0.485867 
1534185790831 0.184526 0.928601 -0.321947 -0.596075 -0.950102 0.252366 0.183351 -0.229263 0.251508 0.272049 0.928834 0.381602 0.31622 -0.384863 0.867113 0.400795 -0.930002 -0.306262 0.203222 -0.504304 0.187351 -0.87068 -0.45477 0.485867 
1534185790847 0.18453 0.928635 -0.321848 -0.596009 -0.950145 0.252303 0.183214 -0.229264 0.251342 0.271993 0.928895 0.381545 0.31622 -0.384863 0.867113 0.400795 -0.930002 -0.306262 0.203222 -0.504304 0.187351 -0.87068 -0.45477 0.485867 
1534185790864 0.184534 0.928668 -0.321749 -0.595941 -0.950188 0.25224 0.183078 -0.229265 0.251177 0.271938 0.928956 0.381488 0.31622 -0.384863 0.867113 0.400795 -0.930002 -0.306262 0.203222 -0.504304 0.187351 -0.87068 -0.45477 0.485867 
1534185790881 0.184538 0.928702 -0.32165 -0.595874 -0.950231 0.252177 0.182942 -0.229266 0.251011 0.271882 0.929018 0.381431 0.31622 -0.384863 0.867113 0.400795 -0.930002 -0.306262 0.203222 -0.504304 0.187351 -0.87068 -0.45477 0.485867 
1534185790897 0.184542 0.928735 -0.321551 -0.595808 -0.950274 0.252114 0.182805 -0.229267 0.250845 0.271826 0.929079 0.381373 0.31622 -0.384863 0.867113 0.400795 -0.930002 -0.306262 0.203222 -0.504304 0.187351 -0.87068 -0.45477 0.485867 
1534185790914 0.184546 0.928769 -0.321452 -0.59574 -0.950317 0.252051 0.182669 -0.229267 0.250679 0.271771 0.92914 0.381316 0.31622 -0.384863 0.867113 0.400795 -0.930002 -0.306262 0.203222 -0.504304 0.187351 -0.87068 -0.45477 0.485867 
1534185790931 0.18455 0.928802 -0.321353 -0.595674 -0.95036 0.251988 0.182533 -0.229269 0.250514 0.271715 0.929201 0.381259 0.31622 -0.384863 0.867113 0.400795 -0.930002 -0.306262 0.203222 -0.504304 0.187351 -0.87068 -0.45477 0.485867 
1534185790958 0.184554 0.928836 -0.321254 -0.595608 -0.950403 0.251924 0.182396 -0.22927 0.250348 0.271659 0.929262 0.381202 0.31622 -0.384863 0.867113 0.400795 -0.930002 -0.306262 0.203222 -0.504304 0.187351 -0.87068 -0.45477 0.485867 
1534185790984 0.184416 0.928658 -0.321847 -0.595977 -0.950164 0.252199 0.183258 -0.229304 0.251354 0.272011 0.928887 0.381529 0.31622 -0.384863 0.867113 0.400795 -0.930002 -0.306262 0.203222 -0.504304 0.187351 -0.87068 -0.45477 0.485867 
1534185790995 0.184183 0.928714 -0.321817 -0.595863 -0.950175 0.252011 0.183459 -0.229348 0.251482 0.271992 0.928858 0.381493 0.31622 -0.384863 0.867113 0.400795 -0.930002 -0.306262 0.203222 -0.504304 0.187351 -0.87068 -0.45477 0.485867 
1534185791012 0.183951 0.928771 -0.321787 -0.595747 -0.950186 0.251824 0.183659 -0.229391 0.251611 0.271973 0.928828 0.381457 0.31622 -0.384863 0.867113 0.400795 -0.930002 -0.306262 0.203222 -0.504304 0.187351 -0.87068 -0.45477 0.485867 
1534185791028 0.183719 0.928827 -0.321759 -0.595629 -0.950197 0.251637 0.183859 -0.229435 0.25174 0.271956 0.928799 0.381421 0.31622 -0.384863 0.867113 0.400795 -0.930002 -0.306262 0.203222 -0.504304 0.187351 -0.87068 -0.45477 0.485867 
1534185791127 0.183487 0.928883 -0.32173 -0.595511 -0.950208 0.25145 0.184059 -0.229477 0.251869 0.271937 0.928769 0.381386 0.31622 -0.384863 0.867113 0.400795 -0.930002 -0.306262 0.203222 -0.504304 0.187351 -0.87068 -0.45477 0.485867 
1534185791144 0.183254 0.928939 -0.3217 -0.595395 -0.950219 0.251263 0.184259 -0.229521 0.251997 0.271919 0.92874 0.38135 0.31622 -0.384863 0.867113 0.400795 -0.930002 -0.306262 0.203222 -0.504304 0.187351 -0.87068 -0.45477 0.485867 
1534185791161 0.183022 0.928994 -0.321671 -0.595276 -0.950229 0.251076 0.184459 -0.229563 0.252126 0.271901 0.92871 0.381314 0.31622 -0.384863 0.867113 0.400795 -0.930002 -0.306262 0.203222 -0.504304 0.187351 -0.87068 -0.45477 0.485867 
1534185791189 0.18279 0.92905 -0.321641 -0.59516 -0.95024 0.250889 0.184659 -0.229607 0.252254 0.271882 0.928681 0.381278 0.31622 -0.384863 0.867113 0.400795 -0.930002 -0.306262 0.203222 -0.504304 0.187351 -0.87068 -0.45477 0.485867 
1534185791256 0.182558 0.929106 -0.321612 -0.595041 -0.95025 0.250702 0.184859 -0.229649 0.252383 0.271864 0.928651 0.381243 0.31622 -0.384863 0.867113 0.400795 -0.930002 -0.306262 0.203222 -0.504304 0.187351 -0.87068 -0.45477 0.485867 
1534185791261 0.182326 0.929162 -0.321582 -0.594924 -0.950261 0.250515 0.185059 -0.229692 0.252511 0.271846 0.928621 0.381207 0.31622 -0.384863 0.867113 0.400795 -0.930002 -0.306262 0.203222 -0.504304 0.187351 -0.87068 -0.45477 0.485867 
1534185791313 0.183028 0.929043 -0.321527 -0.595257 -0.950259 0.251019 0.184382 -0.229572 0.252008 0.271787 0.928775 0.38137 0.31622 -0.384863 0.867113 0.400795 -0.930002 -0.306262 0.203222 -0.504304 0.187351 -0.87068 -0.45477 0.485867 
1534185791324 0.182709 0.929059 -0.321662 -0.595069 -0.95025 0.250823 0.184697 -0.229639 0.252275 0.271914 0.928666 0.381323 0.31622 -0.384863 0.867113 0.400795 -0.930002 -0.306262 0.203222 -0.504304 0.187351 -0.87068 -0.45477 0.485867 
1534185791340 0.18239 0.929075 -0.321799 -0.594875 -0.95024 0.250627 0.185013 -0.229703 0.252542 0.272041 0.928556 0.381277 0.31622 -0.384863 0.867113 0.400795 -0.930002 -0.306262 0.203222 -0.504304 0.187351 -0.87068 -0.45477 0.485867 
1534185791357 0.182071 0.92909 -0.321935 -0.594682 -0.95023 0.250431 0.185328 -0.229768 0.252809 0.272169 0.928446 0.381231 0.31622 -0.384863 0.867113 0.400795 -0.930002 -0.306262 0.203222 -0.504304 0.187351 -0.87068 -0.45477 0.485867 
1534185791399 0.181752 0.929105 -0.322071 -0.594489 -0.95022 0.250235 0.185644 -0.229832 0.253076 0.272297 0.928336 0.381185 0.31622 -0.384863 0.867113 0.400795 -0.930002 -0.306262 0.203222 -0.504304 0.187351 -0.87068 -0.45477 0.485867 
1534185791483 0.181433 0.92912 -0.322207 -0.594295 -0.95021 0.25004 0.185959 -0.229896 0.253343 0.272425 0.928225 0.381139 0.31622 -0.384863 0.867113 0.400795 -0.930002 -0.306262 0.203222 -0.504304 0.187351 -0.87068 -0.45477 0.485867 
1534185791532 0.181114 0.929136 -0.322343 -0.594103 -0.9502 0.249844 0.186275 -0.229961 0.25361 0.272553 0.928115 0.381093 0.31622 -0.384863 0.867113 0.400795 -0.930002 -0.306262 0.203222 -0.504304 0.187351 -0.87068 -0.45477 0.485867 
1534185791588 0.180795 0.929151 -0.322478 -0.593909 -0.95019 0.249648 0.18659 -0.230025 0.253876 0.272681 0.928004 0.381047 0.31622 -0.384863 0.867113 0.400795 -0.930002 -0.306262 0.203222 -0.504304 0.187351 -0.87068 -0.45477 0.485867 
