1533763193114 0.153166 0.863512 -0.480507 -0.517807 -0.981391 0.189903 0.0284461 -0.2119 0.115814 0.467208 0.876529 0.379066 0.16008 -0.304787 0.938871 0.370831 -0.775623 0.549475 0.310623 -0.528794 -0.61056 -0.777934 -0.14844 0.432481 
1533763193129 0.150018 0.857921 -0.491393 -0.52845 -0.98004 0.194615 0.0405807 -0.213121 0.130447 0.475497 0.869992 0.382887 0.316231 -0.384871 0.867106 0.40083 -0.930001 -0.306257 0.203234 -0.504368 0.187338 -0.870678 -0.454779 0.485897 
1533763193738 0.146689 0.852233 -0.502176 -0.539092 -0.978494 0.199443 0.0526458 -0.214341 0.145022 0.483653 0.863162 0.386709 0.316231 -0.384871 0.867106 0.40083 -0.930001 -0.306257 0.203234 -0.504368 0.187338 -0.870678 -0.454779 0.485897 
1533763193744 0.143182 0.846453 -0.512852 -0.549733 -0.976754 0.204386 0.0646376 -0.21556 0.159532 0.491675 0.85604 0.390531 0.316231 -0.384871 0.867106 0.40083 -0.930001 -0.306257 0.203234 -0.504368 0.187338 -0.870678 -0.454779 0.485897 
1533763194593 0.139496 0.84058 -0.523417 -0.560374 -0.97482 0.209441 0.076552 -0.216778 0.173973 0.499559 0.848631 0.394353 0.316231 -0.384871 0.867106 0.40083 -0.930001 -0.306257 0.203234 -0.504368 0.187338 -0.870678 -0.454779 0.485897 
1533763195220 0.135634 0.834618 -0.533869 -0.571012 -0.972693 0.214608 0.0883849 -0.217995 0.188341 0.507303 0.840935 0.398176 0.316231 -0.384871 0.867106 0.40083 -0.930001 -0.306257 0.203234 -0.504368 0.187338 -0.870678 -0.454779 0.485897 
1533763195845 0.131596 0.828567 -0.544205 -0.581649 -0.970373 0.219885 0.100132 -0.21921 0.202629 0.514904 0.832956 0.401999 0.316231 -0.384871 0.867106 0.40083 -0.930001 -0.306257 0.203234 -0.504368 0.187338 -0.870678 -0.454779 0.485897 
1533763196472 0.127384 0.822431 -0.554419 -0.592283 -0.967862 0.22527 0.111791 -0.220422 0.216834 0.522361 0.824695 0.405823 0.316231 -0.384871 0.867106 0.40083 -0.930001 -0.306257 0.203234 -0.504368 0.187338 -0.870678 -0.454779 0.485897 
1533763197110 0.123001 0.81621 -0.56451 -0.602913 -0.965159 0.230762 0.123355 -0.221633 0.230951 0.52967 0.816157 0.409647 0.316231 -0.384871 0.867106 0.40083 -0.930001 -0.306257 0.203234 -0.504368 0.187338 -0.870678 -0.454779 0.485897 
1533763197116 0.118737 0.809683 -0.57473 -0.612568 -0.962264 0.236567 0.134477 -0.22197 0.244846 0.537075 0.807218 0.41381 0.316442 -0.385045 0.866951 0.401525 -0.929984 -0.306148 0.203478 -0.505625 0.187068 -0.87064 -0.454964 0.486487 
1533763198008 0.11965 0.809895 -0.574242 -0.612131 -0.962355 0.236785 0.133438 -0.2222 0.244043 0.536659 0.807738 0.413555 0.316442 -0.385045 0.866951 0.401525 -0.929984 -0.306148 0.203478 -0.505625 0.187068 -0.87064 -0.454964 0.486487 
1533763198018 0.119065 0.809262 -0.575254 -0.61334 -0.962047 0.237308 0.13472 -0.222389 0.245537 0.537382 0.806804 0.413927 0.316221 -0.384863 0.867113 0.400797 -0.930002 -0.306262 0.203223 -0.504308 0.187351 -0.87068 -0.45477 0.485869 
1533763198245 0.118479 0.80863 -0.576264 -0.61455 -0.961738 0.237832 0.136001 -0.22258 0.247028 0.538102 0.805868 0.414299 0.31622 -0.384863 0.867113 0.400797 -0.930002 -0.306262 0.203222 -0.504307 0.187351 -0.87068 -0.45477 0.485868 
1533763198479 0.117891 0.807996 -0.577273 -0.615761 -0.961426 0.238357 0.137281 -0.222772 0.248519 0.538821 0.804929 0.414671 0.316221 -0.384863 0.867113 0.400796 -0.930002 -0.306262 0.203223 -0.504306 0.187351 -0.87068 -0.45477 0.485868 
1533763198726 0.117301 0.807362 -0.578279 -0.616973 -0.961112 0.238883 0.13856 -0.222964 0.250009 0.539538 0.803987 0.415042 0.31622 -0.384863 0.867113 0.400796 -0.930002 -0.306262 0.203222 -0.504306 0.187351 -0.87068 -0.454769 0.485868 
1533763198963 0.116708 0.806727 -0.579284 -0.618185 -0.960796 0.23941 0.139838 -0.223156 0.251498 0.540253 0.803041 0.415414 0.31622 -0.384863 0.867113 0.400796 -0.930002 -0.306262 0.203222 -0.504305 0.187351 -0.87068 -0.45477 0.485867 
1533763199198 0.116114 0.806092 -0.580287 -0.619397 -0.960477 0.239938 0.141115 -0.223349 0.252985 0.540967 0.802093 0.415785 0.316221 -0.384863 0.867113 0.400795 -0.930002 -0.306262 0.203223 -0.504305 0.187351 -0.87068 -0.45477 0.485867 
1533763199439 0.115518 0.805455 -0.581289 -0.620608 -0.960156 0.240468 0.142391 -0.22354 0.254471 0.54168 0.801141 0.416157 0.316221 -0.384863 0.867113 0.400795 -0.930002 -0.306262 0.203223 -0.504305 0.187351 -0.87068 -0.45477 0.485867 
1533763199672 0.114921 0.804818 -0.582289 -0.62182 -0.959833 0.240999 0.143667 -0.223733 0.255956 0.54239 0.800187 0.416528 0.31622 -0.384863 0.867113 0.400795 -0.930002 -0.306262 0.203222 -0.504305 0.187352 -0.87068 -0.454769 0.485867 
1533763199906 0.114321 0.80418 -0.583288 -0.623031 -0.959508 0.24153 0.14494 -0.223924 0.25744 0.5431 0.799229 0.416899 0.31622 -0.384863 0.867113 0.400795 -0.930002 -0.306262 0.203222 -0.504305 0.187352 -0.87068 -0.454769 0.485867 
1533763200153 0.11489 0.804239 -0.583095 -0.622678 -0.959594 0.241631 0.144199 -0.224072 0.256865 0.542968 0.799504 0.416731 0.31622 -0.384863 0.867113 0.400795 -0.930002 -0.306262 0.203222 -0.504305 0.187352 -0.87068 -0.454769 0.485867 
1533763200163 0.11551 0.804563 -0.582526 -0.622798 -0.959437 0.242206 0.144278 -0.224074 0.257172 0.542232 0.799905 0.416607 0.31622 -0.384863 0.867113 0.400795 -0.930002 -0.306262 0.203222 -0.504304 0.187351 -0.87068 -0.454769 0.485867 
1533763200289 0.116129 0.804886 -0.581955 -0.622923 -0.95928 0.242781 0.144359 -0.224081 0.25748 0.541494 0.800305 0.416482 0.31622 -0.384863 0.867113 0.400795 -0.930002 -0.306262 0.203222 -0.504304 0.187351 -0.87068 -0.454769 0.485867 
1533763200359 0.116748 0.805209 -0.581385 -0.623047 -0.959122 0.243355 0.144441 -0.224087 0.257788 0.540756 0.800705 0.416357 0.31622 -0.384863 0.867113 0.400795 -0.930002 -0.306262 0.203222 -0.504304 0.187351 -0.87068 -0.454769 0.485867 
1533763200463 0.117368 0.805531 -0.580814 -0.623172 -0.958964 0.243929 0.144523 -0.224094 0.258095 0.540017 0.801105 0.416231 0.31622 -0.384863 0.867113 0.400795 -0.930002 -0.306262 0.203222 -0.504304 0.187351 -0.87068 -0.454769 0.485867 
1533763200550 0.117987 0.805852 -0.580242 -0.623298 -0.958805 0.244503 0.144606 -0.224101 0.258402 0.539277 0.801504 0.416106 0.31622 -0.384863 0.867113 0.400795 -0.930002 -0.306262 0.203222 -0.504304 0.187351 -0.87068 -0.454769 0.485867 
1533763200642 0.118607 0.806173 -0.57967 -0.623423 -0.958646 0.245076 0.144689 -0.224108 0.258708 0.538537 0.801902 0.41598 0.31622 -0.384863 0.867113 0.400795 -0.930002 -0.306262 0.203222 -0.504304 0.187351 -0.87068 -0.454769 0.485867 
1533763200733 0.119227 0.806492 -0.579098 -0.623548 -0.958487 0.24565 0.144773 -0.224114 0.259014 0.537797 0.8023 0.415855 0.31622 -0.384863 0.867113 0.400795 -0.930002 -0.306262 0.203222 -0.504304 0.187351 -0.87068 -0.454769 0.485867 
1533763200823 0.119847 0.806811 -0.578526 -0.623673 -0.958327 0.246223 0.144857 -0.224122 0.259319 0.537056 0.802698 0.415729 0.31622 -0.384863 0.867113 0.400795 -0.930002 -0.306262 0.203222 -0.504304 0.187351 -0.87068 -0.454769 0.485867 
1533763200909 0.120467 0.807129 -0.577954 -0.623798 -0.958167 0.246797 0.144941 -0.224128 0.259623 0.536315 0.803095 0.415604 0.31622 -0.384863 0.867113 0.400795 -0.930002 -0.306262 0.203222 -0.504304 0.187351 -0.87068 -0.454769 0.485867 
1533763201014 0.119668 0.806759 -0.578636 -0.623694 -0.958378 0.246038 0.144833 -0.224098 0.259212 0.53722 0.802623 0.415672 0.31622 -0.384863 0.867113 0.400795 -0.930002 -0.306262 0.203222 -0.504304 0.187351 -0.87068 -0.454769 0.485867 
1533763201025 0.119745 0.80739 -0.57774 -0.623692 -0.95816 0.246371 0.145709 -0.224158 0.259982 0.536119 0.80311 0.415585 0.31622 -0.384863 0.867113 0.400795 -0.930002 -0.306262 0.203222 -0.504304 0.187351 -0.87068 -0.45477 0.485867 
1533763201164 0.119822 0.808021 -0.57684 -0.623696 -0.957941 0.246701 0.146587 -0.224224 0.260753 0.535015 0.803597 0.415496 0.31622 -0.384863 0.867113 0.400795 -0.930002 -0.306262 0.203222 -0.504304 0.187351 -0.87068 -0.45477 0.485867 
1533763201318 0.119899 0.808651 -0.575941 -0.623698 -0.957721 0.24703 0.147465 -0.224288 0.261522 0.53391 0.804081 0.415408 0.31622 -0.384863 0.867113 0.400795 -0.930002 -0.306262 0.203222 -0.504304 0.187351 -0.87068 -0.45477 0.485867 
1533763201477 0.119978 0.80928 -0.57504 -0.623702 -0.957501 0.247358 0.148343 -0.224353 0.262292 0.532804 0.804564 0.415319 0.31622 -0.384863 0.867113 0.400795 -0.930002 -0.306262 0.203222 -0.504304 0.187351 -0.87068 -0.45477 0.485867 
1533763201627 0.120057 0.809908 -0.574139 -0.623705 -0.95728 0.247685 0.149222 -0.224418 0.263061 0.531697 0.805045 0.415231 0.31622 -0.384863 0.867113 0.400795 -0.930002 -0.306262 0.203222 -0.504304 0.187351 -0.87068 -0.45477 0.485867 
1533763201784 0.120137 0.810535 -0.573237 -0.623707 -0.957058 0.248011 0.1501 -0.224482 0.26383 0.530589 0.805524 0.415143 0.31622 -0.384863 0.867113 0.400795 -0.930002 -0.306262 0.203222 -0.504304 0.187351 -0.87068 -0.45477 0.485867 
1533763201791 0.120218 0.81116 -0.572334 -0.623711 -0.956836 0.248335 0.150979 -0.224547 0.264599 0.52948 0.806002 0.415054 0.31622 -0.384863 0.867113 0.400795 -0.930002 -0.306262 0.203222 -0.504304 0.187351 -0.87068 -0.45477 0.485867 
1533763202003 0.1203 0.811785 -0.571431 -0.623714 -0.956613 0.248658 0.151858 -0.224611 0.265367 0.52837 0.806477 0.414966 0.31622 -0.384863 0.867113 0.400795 -0.930002 -0.306262 0.203222 -0.504304 0.187351 -0.87068 -0.45477 0.485867 
1533763202009 0.120383 0.812408 -0.570527 -0.623716 -0.956389 0.24898 0.152737 -0.224676 0.266135 0.527259 0.806951 0.414877 0.31622 -0.384863 0.867113 0.400795 -0.930002 -0.306262 0.203222 -0.504304 0.187351 -0.87068 -0.45477 0.485867 
1533763202236 0.120534 0.812061 -0.570989 -0.623664 -0.956513 0.248907 0.152078 -0.22469 0.26562 0.527829 0.806749 0.414963 0.31622 -0.384863 0.867113 0.400795 -0.930002 -0.306262 0.203222 -0.504304 0.187351 -0.87068 -0.45477 0.485867 
1533763202249 0.120404 0.812124 -0.570927 -0.623608 -0.956565 0.248718 0.152061 -0.224813 0.265492 0.52782 0.806796 0.414989 0.31622 -0.384863 0.867113 0.400795 -0.930002 -0.306262 0.203222 -0.504304 0.187351 -0.87068 -0.45477 0.485867 
1533763202266 0.120273 0.812188 -0.570863 -0.623554 -0.956617 0.248528 0.152045 -0.22494 0.265365 0.527811 0.806844 0.415014 0.31622 -0.384863 0.867113 0.400795 -0.930002 -0.306262 0.203222 -0.504304 0.187351 -0.87068 -0.45477 0.485867 
1533763202283 0.120141 0.812253 -0.570799 -0.623501 -0.956669 0.248339 0.152029 -0.225066 0.265238 0.527801 0.806893 0.415039 0.31622 -0.384863 0.867113 0.400795 -0.930002 -0.306262 0.203222 -0.504304 0.187351 -0.87068 -0.45477 0.485867 
1533763202299 0.12001 0.812317 -0.570735 -0.623448 -0.95672 0.248149 0.152014 -0.225193 0.26511 0.527791 0.806941 0.415064 0.31622 -0.384863 0.867113 0.400795 -0.930002 -0.306262 0.203222 -0.504304 0.187351 -0.87068 -0.45477 0.485867 
1533763202407 0.119879 0.812381 -0.570671 -0.623394 -0.956772 0.247959 0.151998 -0.225318 0.264983 0.527781 0.806989 0.415089 0.31622 -0.384863 0.867113 0.400795 -0.930002 -0.306262 0.203222 -0.504304 0.187351 -0.87068 -0.45477 0.485867 
1533763202439 0.119747 0.812446 -0.570607 -0.623342 -0.956824 0.247769 0.151982 -0.225446 0.264856 0.527771 0.807037 0.415113 0.31622 -0.384863 0.867113 0.400795 -0.930002 -0.306262 0.203222 -0.504304 0.187351 -0.87068 -0.45477 0.485867 
1533763202483 0.119616 0.812511 -0.570542 -0.62329 -0.956876 0.247579 0.151967 -0.225573 0.264729 0.52776 0.807086 0.415138 0.31622 -0.384863 0.867113 0.400795 -0.930002 -0.306262 0.203222 -0.504304 0.187351 -0.87068 -0.45477 0.485867 
1533763202550 0.119484 0.812575 -0.570478 -0.623237 -0.956927 0.247389 0.151951 -0.225699 0.264602 0.52775 0.807134 0.415163 0.31622 -0.384863 0.867113 0.400795 -0.930002 -0.306262 0.203222 -0.504304 0.187351 -0.87068 -0.45477 0.485867 
1533763202597 0.119353 0.812639 -0.570414 -0.623183 -0.956979 0.2472 0.151935 -0.225825 0.264474 0.527741 0.807182 0.415188 0.31622 -0.384863 0.867113 0.400795 -0.930002 -0.306262 0.203222 -0.504304 0.187351 -0.87068 -0.45477 0.485867 
1533763202664 0.119539 0.812621 -0.5704 -0.623282 -0.956893 0.247473 0.152026 -0.225494 0.264699 0.527639 0.807175 0.415154 0.31622 -0.384863 0.867113 0.400795 -0.930002 -0.306262 0.203222 -0.504304 0.187351 -0.87068 -0.45477 0.485867 
1533763202677 0.119039 0.812551 -0.570605 -0.623138 -0.956977 0.24706 0.152173 -0.225748 0.264622 0.527941 0.807003 0.415181 0.31622 -0.384863 0.867113 0.400795 -0.930002 -0.306262 0.203222 -0.504304 0.187351 -0.87068 -0.45477 0.485867 
1533763202693 0.118539 0.812482 -0.570808 -0.622997 -0.95706 0.246646 0.152322 -0.226005 0.264546 0.528241 0.806831 0.415207 0.31622 -0.384863 0.867113 0.400795 -0.930002 -0.306262 0.203222 -0.504304 0.187351 -0.87068 -0.45477 0.485867 
1533763202820 0.118038 0.812413 -0.57101 -0.622856 -0.957143 0.246232 0.152471 -0.226263 0.264471 0.528541 0.80666 0.415233 0.31622 -0.384863 0.867113 0.400795 -0.930002 -0.306262 0.203222 -0.504304 0.187351 -0.87068 -0.45477 0.485867 
1533763202935 0.117537 0.812343 -0.571213 -0.622716 -0.957225 0.245818 0.152621 -0.22652 0.264395 0.528841 0.806488 0.415259 0.31622 -0.384863 0.867113 0.400795 -0.930002 -0.306262 0.203222 -0.504304 0.187351 -0.87068 -0.45477 0.485867 
1533763203031 0.117036 0.812273 -0.571415 -0.622576 -0.957308 0.245404 0.15277 -0.226778 0.264319 0.52914 0.806316 0.415285 0.31622 -0.384863 0.867113 0.400795 -0.930002 -0.306262 0.203222 -0.504304 0.187351 -0.87068 -0.45477 0.485867 
1533763203137 0.116536 0.812202 -0.571617 -0.622435 -0.95739 0.24499 0.15292 -0.227035 0.264242 0.52944 0.806145 0.415311 0.31622 -0.384863 0.867113 0.400795 -0.930002 -0.306262 0.203222 -0.504304 0.187351 -0.87068 -0.45477 0.485867 
1533763203244 0.116035 0.812132 -0.571819 -0.622295 -0.957472 0.244576 0.153069 -0.227293 0.264166 0.52974 0.805973 0.415337 0.31622 -0.384863 0.867113 0.400795 -0.930002 -0.306262 0.203222 -0.504304 0.187351 -0.87068 -0.45477 0.485867 
1533763203341 0.115534 0.812061 -0.572022 -0.622154 -0.957553 0.244162 0.153219 -0.22755 0.264089 0.530039 0.805801 0.415363 0.31622 -0.384863 0.867113 0.400795 -0.930002 -0.306262 0.203222 -0.504304 0.187351 -0.87068 -0.45477 0.485867 
1533763203453 0.115033 0.81199 -0.572223 -0.622015 -0.957635 0.243748 0.153369 -0.227809 0.264013 0.530338 0.805629 0.415388 0.31622 -0.384863 0.867113 0.400795 -0.930002 -0.306262 0.203222 -0.504304 0.187351 -0.87068 -0.45477 0.485867 
1533763203571 0.115515 0.812061 -0.572025 -0.622151 -0.95755 0.24416 0.153248 -0.227575 0.264112 0.53004 0.805793 0.415362 0.31622 -0.384863 0.867113 0.400795 -0.930002 -0.306262 0.203222 -0.504304 0.187351 -0.87068 -0.45477 0.485867 
1533763203582 0.115024 0.812088 -0.572086 -0.621872 -0.957585 0.243817 0.153571 -0.227689 0.264198 0.530156 0.805688 0.415384 0.31622 -0.384863 0.867113 0.400795 -0.930002 -0.306262 0.203222 -0.504304 0.187351 -0.87068 -0.45477 0.485867 
1533763203599 0.114532 0.812114 -0.572148 -0.621588 -0.95762 0.243474 0.153895 -0.227803 0.264284 0.530275 0.805582 0.415405 0.31622 -0.384863 0.867113 0.400795 -0.930002 -0.306262 0.203222 -0.504304 0.187351 -0.87068 -0.45477 0.485867 
1533763203719 0.11404 0.81214 -0.57221 -0.621304 -0.957655 0.243132 0.154219 -0.227917 0.26437 0.530392 0.805477 0.415426 0.31622 -0.384863 0.867113 0.400795 -0.930002 -0.306262 0.203222 -0.504304 0.187351 -0.87068 -0.45477 0.485867 
1533763203771 0.113549 0.812165 -0.572271 -0.621022 -0.95769 0.242789 0.154543 -0.228031 0.264455 0.53051 0.805371 0.415447 0.31622 -0.384863 0.867113 0.400795 -0.930002 -0.306262 0.203222 -0.504304 0.187351 -0.87068 -0.45477 0.485867 
1533763203888 0.113057 0.812191 -0.572332 -0.620738 -0.957725 0.242446 0.154866 -0.228144 0.264541 0.530628 0.805265 0.415469 0.31622 -0.384863 0.867113 0.400795 -0.930002 -0.306262 0.203222 -0.504304 0.187351 -0.87068 -0.45477 0.485867 
1533763203937 0.112566 0.812216 -0.572393 -0.620455 -0.957759 0.242104 0.15519 -0.228258 0.264626 0.530746 0.80516 0.41549 0.31622 -0.384863 0.867113 0.400795 -0.930002 -0.306262 0.203222 -0.504304 0.187351 -0.87068 -0.45477 0.485867 
1533763204047 0.112075 0.812241 -0.572455 -0.62017 -0.957793 0.241761 0.155513 -0.228371 0.264711 0.530864 0.805054 0.415512 0.31622 -0.384863 0.867113 0.400795 -0.930002 -0.306262 0.203222 -0.504304 0.187351 -0.87068 -0.45477 0.485867 
1533763204116 0.111583 0.812266 -0.572515 -0.619887 -0.957827 0.241419 0.155837 -0.228485 0.264797 0.530982 0.804948 0.415533 0.31622 -0.384863 0.867113 0.400795 -0.930002 -0.306262 0.203222 -0.504304 0.187351 -0.87068 -0.45477 0.485867 
1533763204201 0.111091 0.81229 -0.572576 -0.619604 -0.95786 0.241076 0.15616 -0.228599 0.264882 0.5311 0.804842 0.415554 0.31622 -0.384863 0.867113 0.400795 -0.930002 -0.306262 0.203222 -0.504304 0.187351 -0.87068 -0.45477 0.485867 
1533763204306 0.111386 0.812378 -0.572394 -0.619906 -0.957869 0.241196 0.155922 -0.22834 0.264727 0.530911 0.805018 0.415536 0.31622 -0.384863 0.867113 0.400795 -0.930002 -0.306262 0.203222 -0.504304 0.187351 -0.87068 -0.45477 0.485867 
1533763204319 0.111163 0.812349 -0.572478 -0.619628 -0.957917 0.240984 0.155951 -0.228398 0.264645 0.531051 0.804952 0.415599 0.31622 -0.384863 0.867113 0.400795 -0.930002 -0.306262 0.203222 -0.504304 0.187351 -0.87068 -0.45477 0.485867 
1533763204339 0.110942 0.81232 -0.572562 -0.619344 -0.957966 0.240774 0.155979 -0.228452 0.264563 0.531191 0.804887 0.415664 0.31622 -0.384863 0.867113 0.400795 -0.930002 -0.306262 0.203222 -0.504304 0.187351 -0.87068 -0.45477 0.485867 
1533763204479 0.110721 0.812291 -0.572647 -0.619059 -0.958014 0.240564 0.156006 -0.228505 0.26448 0.531331 0.804822 0.415729 0.31622 -0.384863 0.867113 0.400795 -0.930002 -0.306262 0.203222 -0.504304 0.187351 -0.87068 -0.45477 0.485867 
1533763204547 0.1105 0.812261 -0.572731 -0.618776 -0.958062 0.240354 0.156033 -0.228558 0.264398 0.531471 0.804756 0.415794 0.31622 -0.384863 0.867113 0.400795 -0.930002 -0.306262 0.203222 -0.504304 0.187351 -0.87068 -0.45477 0.485867 
1533763204654 0.110278 0.812232 -0.572815 -0.618493 -0.958111 0.240144 0.15606 -0.228613 0.264316 0.53161 0.804691 0.415859 0.31622 -0.384863 0.867113 0.400795 -0.930002 -0.306262 0.203222 -0.504304 0.187351 -0.87068 -0.45477 0.485867 
1533763204707 0.110057 0.812203 -0.5729 -0.618209 -0.958159 0.239934 0.156088 -0.228666 0.264233 0.531751 0.804626 0.415924 0.31622 -0.384863 0.867113 0.400795 -0.930002 -0.306262 0.203222 -0.504304 0.187351 -0.87068 -0.45477 0.485867 
1533763204817 0.109836 0.812173 -0.572984 -0.617926 -0.958207 0.239724 0.156115 -0.22872 0.264151 0.53189 0.80456 0.415989 0.31622 -0.384863 0.867113 0.400795 -0.930002 -0.306262 0.203222 -0.504304 0.187351 -0.87068 -0.45477 0.485867 
1533763204871 0.109615 0.812143 -0.573069 -0.617641 -0.958255 0.239514 0.156142 -0.228773 0.264068 0.53203 0.804495 0.416054 0.31622 -0.384863 0.867113 0.400795 -0.930002 -0.306262 0.203222 -0.504304 0.187351 -0.87068 -0.45477 0.485867 
1533763204982 0.109394 0.812114 -0.573153 -0.617358 -0.958303 0.239304 0.15617 -0.228827 0.263985 0.53217 0.80443 0.416118 0.31622 -0.384863 0.867113 0.400795 -0.930002 -0.306262 0.203222 -0.504304 0.187351 -0.87068 -0.45477 0.485867 
1533763205054 0.109683 0.812189 -0.572991 -0.617677 -0.958197 0.239656 0.156283 -0.22873 0.264252 0.531896 0.804523 0.416111 0.31622 -0.384863 0.867113 0.400795 -0.930002 -0.306262 0.203222 -0.504304 0.187351 -0.87068 -0.45477 0.485867 
1533763205069 0.109317 0.812172 -0.573085 -0.617476 -0.958213 0.239427 0.156533 -0.228767 0.264343 0.532025 0.804408 0.416179 0.31622 -0.384863 0.867113 0.400795 -0.930002 -0.306262 0.203222 -0.504304 0.187351 -0.87068 -0.45477 0.485867 
1533763205076 0.108952 0.812154 -0.57318 -0.61727 -0.958229 0.239198 0.156782 -0.228802 0.264435 0.532156 0.804291 0.416248 0.31622 -0.384863 0.867113 0.400795 -0.930002 -0.306262 0.203222 -0.504304 0.187351 -0.87068 -0.45477 0.485867 
1533763205095 0.108588 0.812136 -0.573275 -0.617065 -0.958246 0.238969 0.157031 -0.228837 0.264526 0.532287 0.804175 0.416317 0.31622 -0.384863 0.867113 0.400795 -0.930002 -0.306262 0.203222 -0.504304 0.187351 -0.87068 -0.45477 0.485867 
1533763205177 0.108223 0.812117 -0.57337 -0.616859 -0.958262 0.238741 0.15728 -0.228871 0.264617 0.532417 0.804058 0.416386 0.31622 -0.384863 0.867113 0.400795 -0.930002 -0.306262 0.203222 -0.504304 0.187351 -0.87068 -0.45477 0.485867 
1533763205232 0.107859 0.812099 -0.573465 -0.616653 -0.958278 0.238512 0.157529 -0.228904 0.264707 0.532548 0.803942 0.416456 0.31622 -0.384863 0.867113 0.400795 -0.930002 -0.306262 0.203222 -0.504304 0.187351 -0.87068 -0.45477 0.485867 
1533763205306 0.107494 0.81208 -0.57356 -0.616448 -0.958294 0.238284 0.157778 -0.228939 0.264798 0.532679 0.803825 0.416525 0.31622 -0.384863 0.867113 0.400795 -0.930002 -0.306262 0.203222 -0.504304 0.187351 -0.87068 -0.45477 0.485867 
1533763205354 0.107129 0.812061 -0.573655 -0.616242 -0.95831 0.238055 0.158027 -0.228973 0.264889 0.53281 0.803709 0.416594 0.31622 -0.384863 0.867113 0.400795 -0.930002 -0.306262 0.203222 -0.504304 0.187351 -0.87068 -0.45477 0.485867 
1533763205427 0.106764 0.812043 -0.573749 -0.616037 -0.958325 0.237827 0.158276 -0.229007 0.26498 0.53294 0.803592 0.416663 0.31622 -0.384863 0.867113 0.400795 -0.930002 -0.306262 0.203222 -0.504304 0.187351 -0.87068 -0.45477 0.485867 
1533763205486 0.1064 0.812023 -0.573844 -0.61583 -0.958341 0.237598 0.158525 -0.229041 0.26507 0.533071 0.803476 0.416732 0.31622 -0.384863 0.867113 0.400795 -0.930002 -0.306262 0.203222 -0.504304 0.187351 -0.87068 -0.45477 0.485867 
1533763205560 0.107097 0.812113 -0.573588 -0.616139 -0.95831 0.238022 0.158073 -0.228991 0.264899 0.532746 0.803748 0.416625 0.31622 -0.384863 0.867113 0.400795 -0.930002 -0.306262 0.203222 -0.504304 0.187351 -0.87068 -0.45477 0.485867 
1533763205573 0.106735 0.811996 -0.573821 -0.615976 -0.958346 0.237782 0.158218 -0.229003 0.264917 0.533031 0.803553 0.416687 0.31622 -0.384863 0.867113 0.400795 -0.930002 -0.306262 0.203222 -0.504304 0.187351 -0.87068 -0.45477 0.485867 
1533763205589 0.106373 0.811878 -0.574055 -0.615809 -0.958381 0.237542 0.158363 -0.229011 0.264934 0.533318 0.803357 0.41675 0.31622 -0.384863 0.867113 0.400795 -0.930002 -0.306262 0.203222 -0.504304 0.187351 -0.87068 -0.45477 0.485867 
1533763205606 0.106012 0.81176 -0.574289 -0.615641 -0.958417 0.237302 0.158508 -0.229019 0.26495 0.533604 0.803161 0.416813 0.31622 -0.384863 0.867113 0.400795 -0.930002 -0.306262 0.203222 -0.504304 0.187351 -0.87068 -0.45477 0.485867 
1533763205640 0.10565 0.811641 -0.574523 -0.615473 -0.958452 0.237062 0.158652 -0.229027 0.264966 0.533891 0.802965 0.416876 0.31622 -0.384863 0.867113 0.400795 -0.930002 -0.306262 0.203222 -0.504304 0.187351 -0.87068 -0.45477 0.485867 
1533763205764 0.105288 0.811523 -0.574757 -0.615305 -0.958488 0.236823 0.158796 -0.229035 0.264982 0.534178 0.802769 0.41694 0.31622 -0.384863 0.867113 0.400795 -0.930002 -0.306262 0.203222 -0.504304 0.187351 -0.87068 -0.45477 0.485867 
1533763205801 0.104927 0.811404 -0.57499 -0.615137 -0.958523 0.236583 0.158941 -0.229042 0.264998 0.534464 0.802573 0.417003 0.31622 -0.384863 0.867113 0.400795 -0.930002 -0.306262 0.203222 -0.504304 0.187351 -0.87068 -0.45477 0.485867 
1533763205898 0.104565 0.811285 -0.575224 -0.61497 -0.958558 0.236343 0.159086 -0.22905 0.265014 0.534751 0.802377 0.417066 0.31622 -0.384863 0.867113 0.400795 -0.930002 -0.306262 0.203222 -0.504304 0.187351 -0.87068 -0.45477 0.485867 
1533763205943 0.104204 0.811166 -0.575458 -0.614801 -0.958593 0.236104 0.15923 -0.229057 0.26503 0.535037 0.802181 0.41713 0.31622 -0.384863 0.867113 0.400795 -0.930002 -0.306262 0.203222 -0.504304 0.187351 -0.87068 -0.45477 0.485867 
1533763206030 0.103842 0.811047 -0.575691 -0.614634 -0.958628 0.235864 0.159375 -0.229066 0.265045 0.535324 0.801985 0.417193 0.31622 -0.384863 0.867113 0.400795 -0.930002 -0.306262 0.203222 -0.504304 0.187351 -0.87068 -0.45477 0.485867 
1533763206115 0.104304 0.811239 -0.575337 -0.614921 -0.958608 0.23611 0.159133 -0.229003 0.264937 0.534924 0.802287 0.417092 0.31622 -0.384863 0.867113 0.400795 -0.930002 -0.306262 0.203222 -0.504304 0.187351 -0.87068 -0.45477 0.485867 
1533763206129 0.10411 0.811293 -0.575296 -0.614808 -0.958609 0.235984 0.159311 -0.229034 0.265009 0.534898 0.802281 0.417097 0.31622 -0.384863 0.867113 0.400795 -0.930002 -0.306262 0.203222 -0.504304 0.187351 -0.87068 -0.45477 0.485867 
1533763206143 0.103916 0.811347 -0.575255 -0.614693 -0.95861 0.235858 0.15949 -0.229067 0.26508 0.534872 0.802275 0.417102 0.31622 -0.384863 0.867113 0.400795 -0.930002 -0.306262 0.203222 -0.504304 0.187351 -0.87068 -0.45477 0.485867 
1533763206159 0.103722 0.811401 -0.575213 -0.61458 -0.958612 0.235732 0.159669 -0.229098 0.265151 0.534845 0.802269 0.417107 0.31622 -0.384863 0.867113 0.400795 -0.930002 -0.306262 0.203222 -0.504304 0.187351 -0.87068 -0.45477 0.485867 
1533763206178 0.103528 0.811455 -0.575171 -0.614465 -0.958613 0.235605 0.159848 -0.229132 0.265223 0.534818 0.802263 0.41711 0.31622 -0.384863 0.867113 0.400795 -0.930002 -0.306262 0.203222 -0.504304 0.187351 -0.87068 -0.45477 0.485867 
1533763206233 0.103334 0.811509 -0.57513 -0.614351 -0.958614 0.235479 0.160027 -0.229164 0.265295 0.534791 0.802257 0.417115 0.31622 -0.384863 0.867113 0.400795 -0.930002 -0.306262 0.203222 -0.504304 0.187351 -0.87068 -0.45477 0.485867 
1533763206263 0.10314 0.811564 -0.575088 -0.614237 -0.958615 0.235353 0.160206 -0.229197 0.265366 0.534765 0.802251 0.41712 0.31622 -0.384863 0.867113 0.400795 -0.930002 -0.306262 0.203222 -0.504304 0.187351 -0.87068 -0.45477 0.485867 
1533763206295 0.102946 0.811618 -0.575046 -0.614122 -0.958616 0.235227 0.160385 -0.229231 0.265438 0.534738 0.802246 0.417123 0.31622 -0.384863 0.867113 0.400795 -0.930002 -0.306262 0.203222 -0.504304 0.187351 -0.87068 -0.45477 0.485867 
1533763206302 0.102752 0.811672 -0.575005 -0.614007 -0.958617 0.235101 0.160564 -0.229263 0.26551 0.534711 0.80224 0.417127 0.31622 -0.384863 0.867113 0.400795 -0.930002 -0.306262 0.203222 -0.504304 0.187351 -0.87068 -0.45477 0.485867 
1533763206358 0.102558 0.811726 -0.574963 -0.613893 -0.958618 0.234975 0.160743 -0.229296 0.265581 0.534684 0.802234 0.417132 0.31622 -0.384863 0.867113 0.400795 -0.930002 -0.306262 0.203222 -0.504304 0.187351 -0.87068 -0.45477 0.485867 
1533763206393 0.10323 0.81155 -0.575091 -0.614274 -0.958607 0.235424 0.160152 -0.229207 0.265362 0.534754 0.80226 0.417133 0.31622 -0.384863 0.867113 0.400795 -0.930002 -0.306262 0.203222 -0.504304 0.187351 -0.87068 -0.45477 0.485867 
1533763206405 0.102955 0.811516 -0.575189 -0.614162 -0.958612 0.235268 0.160347 -0.229228 0.265448 0.534875 0.802151 0.417136 0.31622 -0.384863 0.867113 0.400795 -0.930002 -0.306262 0.203222 -0.504304 0.187351 -0.87068 -0.45477 0.485867 
1533763206423 0.102679 0.811481 -0.575287 -0.614047 -0.958618 0.235111 0.160543 -0.229249 0.265534 0.534996 0.802042 0.417139 0.31622 -0.384863 0.867113 0.400795 -0.930002 -0.306262 0.203222 -0.504304 0.187351 -0.87068 -0.45477 0.485867 
1533763206443 0.102404 0.811447 -0.575384 -0.613931 -0.958624 0.234955 0.160738 -0.22927 0.26562 0.535117 0.801933 0.417142 0.31622 -0.384863 0.867113 0.400795 -0.930002 -0.306262 0.203222 -0.504304 0.187351 -0.87068 -0.45477 0.485867 
1533763206460 0.102129 0.811412 -0.575482 -0.613815 -0.958629 0.234799 0.160933 -0.229291 0.265706 0.535238 0.801823 0.417145 0.31622 -0.384863 0.867113 0.400795 -0.930002 -0.306262 0.203222 -0.504304 0.187351 -0.87068 -0.45477 0.485867 
1533763206476 0.101855 0.811377 -0.57558 -0.613698 -0.958635 0.234643 0.161128 -0.229311 0.265791 0.535359 0.801714 0.417148 0.31622 -0.384863 0.867113 0.400795 -0.930002 -0.306262 0.203222 -0.504304 0.187351 -0.87068 -0.45477 0.485867 
1533763206493 0.10158 0.811343 -0.575677 -0.613583 -0.95864 0.234486 0.161324 -0.229332 0.265877 0.53548 0.801605 0.417151 0.31622 -0.384863 0.867113 0.400795 -0.930002 -0.306262 0.203222 -0.504304 0.187351 -0.87068 -0.45477 0.485867 
1533763206592 0.101305 0.811308 -0.575775 -0.613466 -0.958645 0.23433 0.161519 -0.229351 0.265963 0.535601 0.801495 0.417154 0.31622 -0.384863 0.867113 0.400795 -0.930002 -0.306262 0.203222 -0.504304 0.187351 -0.87068 -0.45477 0.485867 
1533763206631 0.10103 0.811273 -0.575872 -0.613351 -0.958651 0.234174 0.161714 -0.229372 0.266048 0.535723 0.801386 0.417157 0.31622 -0.384863 0.867113 0.400795 -0.930002 -0.306262 0.203222 -0.504304 0.187351 -0.87068 -0.45477 0.485867 
1533763206650 0.100755 0.811238 -0.57597 -0.613235 -0.958656 0.234018 0.161909 -0.229393 0.266134 0.535844 0.801277 0.41716 0.31622 -0.384863 0.867113 0.400795 -0.930002 -0.306262 0.203222 -0.504304 0.187351 -0.87068 -0.45477 0.485867 
1533763206718 0.101604 0.811245 -0.57581 -0.613527 -0.958617 0.234573 0.161333 -0.229439 0.265951 0.53559 0.801507 0.417107 0.31622 -0.384863 0.867113 0.400795 -0.930002 -0.306262 0.203222 -0.504304 0.187351 -0.87068 -0.45477 0.485867 
1533763206736 0.101593 0.811214 -0.575857 -0.613438 -0.95868 0.23445 0.161141 -0.229419 0.26573 0.535692 0.801512 0.417127 0.31622 -0.384863 0.867113 0.400795 -0.930002 -0.306262 0.203222 -0.504304 0.187351 -0.87068 -0.45477 0.485867 
1533763206753 0.101584 0.811181 -0.575905 -0.613344 -0.958742 0.234328 0.160947 -0.229395 0.265508 0.535795 0.801517 0.417149 0.31622 -0.384863 0.867113 0.400795 -0.930002 -0.306262 0.203222 -0.504304 0.187351 -0.87068 -0.45477 0.485867 
1533763206770 0.101575 0.811147 -0.575954 -0.613249 -0.958805 0.234206 0.160752 -0.22937 0.265285 0.535899 0.801521 0.417171 0.31622 -0.384863 0.867113 0.400795 -0.930002 -0.306262 0.203222 -0.504304 0.187351 -0.87068 -0.45477 0.485867 
1533763206864 0.101566 0.811114 -0.576002 -0.613154 -0.958867 0.234084 0.160557 -0.229346 0.265063 0.536002 0.801525 0.417193 0.31622 -0.384863 0.867113 0.400795 -0.930002 -0.306262 0.203222 -0.504304 0.187351 -0.87068 -0.45477 0.485867 
1533763206881 0.101556 0.811081 -0.57605 -0.613061 -0.958929 0.233962 0.160363 -0.229322 0.264841 0.536105 0.80153 0.417215 0.31622 -0.384863 0.867113 0.400795 -0.930002 -0.306262 0.203222 -0.504304 0.187351 -0.87068 -0.45477 0.485867 
1533763206938 0.101547 0.811048 -0.576098 -0.612966 -0.958992 0.23384 0.160168 -0.229297 0.264618 0.536209 0.801534 0.417237 0.31622 -0.384863 0.867113 0.400795 -0.930002 -0.306262 0.203222 -0.504304 0.187351 -0.87068 -0.45477 0.485867 
1533763206986 0.101538 0.811015 -0.576147 -0.612871 -0.959054 0.233718 0.159973 -0.229272 0.264396 0.536313 0.801538 0.417259 0.31622 -0.384863 0.867113 0.400795 -0.930002 -0.306262 0.203222 -0.504304 0.187351 -0.87068 -0.45477 0.485867 
1533763207029 0.101529 0.810982 -0.576195 -0.612777 -0.959116 0.233595 0.159778 -0.229248 0.264174 0.536416 0.801543 0.417281 0.31622 -0.384863 0.867113 0.400795 -0.930002 -0.306262 0.203222 -0.504304 0.187351 -0.87068 -0.45477 0.485867 
1533763207076 0.10152 0.810949 -0.576243 -0.612684 -0.959179 0.233473 0.159584 -0.229224 0.263951 0.536519 0.801547 0.417302 0.31622 -0.384863 0.867113 0.400795 -0.930002 -0.306262 0.203222 -0.504304 0.187351 -0.87068 -0.45477 0.485867 
1533763207124 0.101629 0.811104 -0.576006 -0.61291 -0.959035 0.233782 0.159991 -0.229272 0.264429 0.53615 0.801636 0.417313 0.31622 -0.384863 0.867113 0.400795 -0.930002 -0.306262 0.203222 -0.504304 0.187351 -0.87068 -0.45477 0.485867 
1533763207138 0.101576 0.811219 -0.575852 -0.61284 -0.959024 0.233742 0.160115 -0.229273 0.264489 0.535993 0.801721 0.417288 0.31622 -0.384863 0.867113 0.400795 -0.930002 -0.306262 0.203222 -0.504304 0.187351 -0.87068 -0.45477 0.485867 
1533763207154 0.101522 0.811335 -0.575699 -0.612771 -0.959014 0.233702 0.160239 -0.229277 0.264549 0.535835 0.801807 0.417261 0.31622 -0.384863 0.867113 0.400795 -0.930002 -0.306262 0.203222 -0.504304 0.187351 -0.87068 -0.45477 0.485867 
1533763207175 0.101467 0.811451 -0.575545 -0.612703 -0.959003 0.233661 0.160365 -0.229283 0.26461 0.535677 0.801892 0.417233 0.31622 -0.384863 0.867113 0.400795 -0.930002 -0.306262 0.203222 -0.504304 0.187351 -0.87068 -0.45477 0.485867 
1533763207273 0.101413 0.811567 -0.575391 -0.612634 -0.958992 0.23362 0.160489 -0.229287 0.26467 0.53552 0.801978 0.417207 0.31622 -0.384863 0.867113 0.400795 -0.930002 -0.306262 0.203222 -0.504304 0.187351 -0.87068 -0.45477 0.485867 
1533763207289 0.101359 0.811683 -0.575237 -0.612566 -0.958981 0.233579 0.160614 -0.229293 0.264731 0.535362 0.802063 0.417179 0.31622 -0.384863 0.867113 0.400795 -0.930002 -0.306262 0.203222 -0.504304 0.187351 -0.87068 -0.45477 0.485867 
1533763207306 0.101304 0.811799 -0.575083 -0.612499 -0.95897 0.233538 0.160739 -0.229299 0.264792 0.535204 0.802149 0.417152 0.31622 -0.384863 0.867113 0.400795 -0.930002 -0.306262 0.203222 -0.504304 0.187351 -0.87068 -0.45477 0.485867 
1533763207322 0.10125 0.811914 -0.574929 -0.61243 -0.958959 0.233497 0.160864 -0.229303 0.264852 0.535046 0.802234 0.417125 0.31622 -0.384863 0.867113 0.400795 -0.930002 -0.306262 0.203222 -0.504304 0.187351 -0.87068 -0.45477 0.485867 
1533763207339 0.101196 0.81203 -0.574775 -0.612362 -0.958948 0.233457 0.160988 -0.229308 0.264912 0.534888 0.802319 0.417098 0.31622 -0.384863 0.867113 0.400795 -0.930002 -0.306262 0.203222 -0.504304 0.187351 -0.87068 -0.45477 0.485867 
1533763207345 0.101142 0.812146 -0.574621 -0.612295 -0.958937 0.233416 0.161113 -0.229314 0.264973 0.53473 0.802405 0.417071 0.31622 -0.384863 0.867113 0.400795 -0.930002 -0.306262 0.203222 -0.504304 0.187351 -0.87068 -0.45477 0.485867 
1533763207427 0.101287 0.811675 -0.57526 -0.612625 -0.958997 0.233507 0.16062 -0.229224 0.264699 0.535404 0.802045 0.417174 0.31622 -0.384863 0.867113 0.400795 -0.930002 -0.306262 0.203222 -0.504304 0.187351 -0.87068 -0.45477 0.485867 
1533763207440 0.101251 0.811859 -0.575007 -0.612565 -0.958993 0.233444 0.160736 -0.229232 0.264727 0.535153 0.802204 0.417122 0.31622 -0.384863 0.867113 0.400795 -0.930002 -0.306262 0.203222 -0.504304 0.187351 -0.87068 -0.45477 0.485867 
1533763207457 0.101214 0.812043 -0.574754 -0.612509 -0.958989 0.233379 0.160853 -0.229243 0.264755 0.534902 0.802361 0.417068 0.31622 -0.384863 0.867113 0.400795 -0.930002 -0.306262 0.203222 -0.504304 0.187351 -0.87068 -0.45477 0.485867 
1533763207474 0.101177 0.812227 -0.574501 -0.612452 -0.958985 0.233315 0.16097 -0.229254 0.264784 0.534651 0.802519 0.417014 0.31622 -0.384863 0.867113 0.400795 -0.930002 -0.306262 0.203222 -0.504304 0.187351 -0.87068 -0.45477 0.485867 
1533763207490 0.101139 0.81241 -0.574248 -0.612396 -0.958981 0.23325 0.161088 -0.229266 0.264813 0.5344 0.802677 0.41696 0.31622 -0.384863 0.867113 0.400795 -0.930002 -0.306262 0.203222 -0.504304 0.187351 -0.87068 -0.45477 0.485867 
1533763207507 0.101102 0.812594 -0.573994 -0.61234 -0.958977 0.233186 0.161205 -0.229278 0.264842 0.534149 0.802835 0.416906 0.31622 -0.384863 0.867113 0.400795 -0.930002 -0.306262 0.203222 -0.504304 0.187351 -0.87068 -0.45477 0.485867 
1533763207634 0.101065 0.812778 -0.573741 -0.612283 -0.958973 0.233121 0.161322 -0.229289 0.26487 0.533898 0.802992 0.416852 0.31622 -0.384863 0.867113 0.400795 -0.930002 -0.306262 0.203222 -0.504304 0.187351 -0.87068 -0.45477 0.485867 
1533763207640 0.101027 0.812961 -0.573487 -0.612228 -0.958969 0.233057 0.16144 -0.229301 0.264899 0.533647 0.80315 0.416798 0.31622 -0.384863 0.867113 0.400795 -0.930002 -0.306262 0.203222 -0.504304 0.187351 -0.87068 -0.45477 0.485867 
1533763207682 0.10099 0.813145 -0.573234 -0.612171 -0.958965 0.232992 0.161557 -0.229312 0.264928 0.533395 0.803307 0.416744 0.31622 -0.384863 0.867113 0.400795 -0.930002 -0.306262 0.203222 -0.504304 0.187351 -0.87068 -0.45477 0.485867 
1533763207735 0.100953 0.813328 -0.57298 -0.612115 -0.958961 0.232927 0.161674 -0.229323 0.264957 0.533144 0.803464 0.416691 0.31622 -0.384863 0.867113 0.400795 -0.930002 -0.306262 0.203222 -0.504304 0.187351 -0.87068 -0.45477 0.485867 
1533763207795 0.101053 0.812857 -0.57363 -0.612288 -0.958981 0.233077 0.161341 -0.229291 0.264847 0.533796 0.803067 0.416843 0.31622 -0.384863 0.867113 0.400795 -0.930002 -0.306262 0.203222 -0.504304 0.187351 -0.87068 -0.45477 0.485867 
1533763207806 0.100651 0.812856 -0.573702 -0.612176 -0.958943 0.232925 0.161785 -0.229342 0.265138 0.533864 0.802927 0.416841 0.31622 -0.384863 0.867113 0.400795 -0.930002 -0.306262 0.203222 -0.504304 0.187351 -0.87068 -0.45477 0.485867 
1533763207822 0.100248 0.812857 -0.573772 -0.612066 -0.958905 0.232773 0.16223 -0.229397 0.265429 0.53393 0.802787 0.416837 0.31622 -0.384863 0.867113 0.400795 -0.930002 -0.306262 0.203222 -0.504304 0.187351 -0.87068 -0.45477 0.485867 
1533763207839 0.0998449 0.812857 -0.573842 -0.611956 -0.958866 0.232621 0.162675 -0.229451 0.265719 0.533996 0.802647 0.416833 0.31622 -0.384863 0.867113 0.400795 -0.930002 -0.306262 0.203222 -0.504304 0.187351 -0.87068 -0.45477 0.485867 
1533763207947 0.0994418 0.812857 -0.573912 -0.611847 -0.958827 0.232469 0.16312 -0.229506 0.26601 0.534062 0.802507 0.416829 0.31622 -0.384863 0.867113 0.400795 -0.930002 -0.306262 0.203222 -0.504304 0.187351 -0.87068 -0.45477 0.485867 
1533763207954 0.0990385 0.812857 -0.573981 -0.611738 -0.958789 0.232317 0.163565 -0.229562 0.2663 0.534128 0.802366 0.416824 0.31622 -0.384863 0.867113 0.400795 -0.930002 -0.306262 0.203222 -0.504304 0.187351 -0.87068 -0.45477 0.485867 
1533763207991 0.0986356 0.812857 -0.574051 -0.611627 -0.958749 0.232165 0.16401 -0.229616 0.266591 0.534194 0.802226 0.416821 0.31622 -0.384863 0.867113 0.400795 -0.930002 -0.306262 0.203222 -0.504304 0.187351 -0.87068 -0.45477 0.485867 
1533763207998 0.0982321 0.812857 -0.57412 -0.611519 -0.95871 0.232012 0.164455 -0.229671 0.266881 0.53426 0.802085 0.416816 0.31622 -0.384863 0.867113 0.400795 -0.930002 -0.306262 0.203222 -0.504304 0.187351 -0.87068 -0.45477 0.485867 
1533763208151 0.0978291 0.812857 -0.574189 -0.611409 -0.95867 0.23186 0.1649 -0.229726 0.267171 0.534326 0.801944 0.416813 0.31622 -0.384863 0.867113 0.400795 -0.930002 -0.306262 0.203222 -0.504304 0.187351 -0.87068 -0.45477 0.485867 
1533763208183 0.097426 0.812856 -0.574258 -0.611299 -0.958631 0.231709 0.165344 -0.22978 0.267462 0.534393 0.801803 0.416809 0.31622 -0.384863 0.867113 0.400795 -0.930002 -0.306262 0.203222 -0.504304 0.187351 -0.87068 -0.45477 0.485867 
1533763208290 0.0979347 0.812884 -0.574133 -0.611456 -0.958681 0.231892 0.164793 -0.229642 0.267094 0.534272 0.802006 0.416815 0.31622 -0.384863 0.867113 0.400795 -0.930002 -0.306262 0.203222 -0.504304 0.187351 -0.87068 -0.45477 0.485867 
1533763208302 0.0976468 0.812829 -0.574259 -0.611294 -0.958747 0.23161 0.164806 -0.229709 0.266963 0.534477 0.801914 0.416878 0.31622 -0.384863 0.867113 0.400795 -0.930002 -0.306262 0.203222 -0.504304 0.187351 -0.87068 -0.45477 0.485867 
1533763208321 0.0973597 0.812774 -0.574386 -0.611128 -0.958813 0.231329 0.164817 -0.229773 0.266832 0.534682 0.80182 0.416942 0.31622 -0.384863 0.867113 0.400795 -0.930002 -0.306262 0.203222 -0.504304 0.187351 -0.87068 -0.45477 0.485867 
1533763208336 0.0970726 0.812719 -0.574513 -0.610962 -0.958879 0.231048 0.164829 -0.229836 0.2667 0.534887 0.801727 0.417006 0.31622 -0.384863 0.867113 0.400795 -0.930002 -0.306262 0.203222 -0.504304 0.187351 -0.87068 -0.45477 0.485867 
1533763208441 0.0967857 0.812663 -0.57464 -0.610795 -0.958944 0.230767 0.164841 -0.2299 0.266568 0.535093 0.801634 0.417071 0.31622 -0.384863 0.867113 0.400795 -0.930002 -0.306262 0.203222 -0.504304 0.187351 -0.87068 -0.45477 0.485867 
1533763208475 0.096499 0.812608 -0.574766 -0.610628 -0.95901 0.230486 0.164852 -0.229963 0.266436 0.535299 0.801541 0.417135 0.31622 -0.384863 0.867113 0.400795 -0.930002 -0.306262 0.203222 -0.504304 0.187351 -0.87068 -0.45477 0.485867 
1533763208530 0.0962118 0.812552 -0.574893 -0.610462 -0.959075 0.230205 0.164864 -0.230027 0.266304 0.535504 0.801447 0.417199 0.31622 -0.384863 0.867113 0.400795 -0.930002 -0.306262 0.203222 -0.504304 0.187351 -0.87068 -0.45477 0.485867 
1533763208536 0.0959252 0.812496 -0.57502 -0.610295 -0.959141 0.229924 0.164876 -0.230089 0.266172 0.535709 0.801354 0.417264 0.31622 -0.384863 0.867113 0.400795 -0.930002 -0.306262 0.203222 -0.504304 0.187351 -0.87068 -0.45477 0.485867 
