1533055925801 0.354288 0.676836 -0.64527 -0.5752 -0.929041 0.333411 -0.160373 -0.202317 0.106594 0.656301 0.746932 0.434887 -0.0277696 -0.0938493 0.995199 0.343227 -0.973289 0.229518 -0.00551421 -0.479138 -0.227899 -0.968769 -0.0977161 0.453064 
1533055925814 0.346041 0.731185 -0.587898 -0.580039 -0.932016 0.339836 -0.125927 -0.206017 0.107712 0.591506 0.799074 0.424344 -0.0133604 -0.181761 0.983252 0.357489 -0.980408 0.195649 0.0228453 -0.481564 -0.196524 -0.963683 -0.180814 0.463905 
1533055925823 0.33788 0.780438 -0.526073 -0.584749 -0.934796 0.343306 -0.0910893 -0.209686 0.109515 0.522548 0.845547 0.41383 0.00381314 -0.267735 0.963485 0.371766 -0.986072 0.1592 0.0481413 -0.483882 -0.166276 -0.950249 -0.263399 0.474653 
1533055927618 0.32984 0.824238 -0.460258 -0.589451 -0.937367 0.343802 -0.0560685 -0.213355 0.112024 0.449924 0.886013 0.403322 0.0236221 -0.351003 0.936076 0.386048 -0.99023 0.120498 0.0701722 -0.486201 -0.137426 -0.928589 -0.344728 0.4854 
1533055927659 0.321977 0.862268 -0.390928 -0.594156 -0.93971 0.34132 -0.0211166 -0.217028 0.115223 0.374158 0.920179 0.392817 0.0458525 -0.430761 0.9013 0.400498 -0.992849 0.0798959 0.0886948 -0.488584 -0.110216 -0.898922 -0.424018 0.496107 
1533055927665 0.314342 0.894244 -0.318617 -0.598928 -0.941808 0.335878 0.013517 -0.220718 0.119104 0.295827 0.947787 0.382362 0.0703393 -0.506345 0.859458 0.414978 -0.993904 0.0377568 0.103587 -0.490996 -0.0849009 -0.861504 -0.500602 0.506808 
1533055929029 0.306992 0.919934 -0.243878 -0.603801 -0.943645 0.32752 0.0475863 -0.224424 0.123651 0.215525 0.968638 0.371994 0.0968676 -0.577084 0.810919 0.42946 -0.993382 -0.00554137 0.11472 -0.493428 -0.0617096 -0.816666 -0.573802 0.517514 
1533055929034 0.299994 0.939176 -0.167192 -0.608633 -0.945205 0.31631 0.0808388 -0.228111 0.128806 0.13378 0.982605 0.361622 0.125193 -0.642339 0.756127 0.443964 -0.991291 -0.0496087 0.121986 -0.495887 -0.0408461 -0.764814 -0.642955 0.528214 
1533055929590 0.293396 0.951821 -0.0891935 -0.613394 -0.946474 0.30234 0.113037 -0.231759 0.134557 0.0512549 0.989579 0.351374 0.155045 -0.701507 0.695593 0.45841 -0.987652 -0.094044 0.1253 -0.498254 -0.0224823 -0.70643 -0.707426 0.5388 
1533055929599 0.287265 0.95779 -0.0108327 -0.617053 -0.947436 0.285786 0.143845 -0.235075 0.140869 -0.0310584 0.989541 0.342063 0.186035 -0.753866 0.63014 0.471744 -0.98252 -0.138364 0.124536 -0.499291 -0.00669493 -0.642294 -0.766429 0.548105 
