1533736635588 0.294691 0.915232 -0.274787 -0.492624 -0.945305 0.321287 0.0563318 -0.188097 0.139842 0.243157 0.959854 0.346585 0.16008 -0.304787 0.938871 0.370831 -0.775623 0.549475 0.310623 -0.528794 -0.61056 -0.777934 -0.14844 0.432481 
1533736635600 0.288569 0.908096 -0.303461 -0.503168 -0.945987 0.319329 0.0560146 -0.189229 0.147771 0.270906 0.951196 0.350828 0.316241 -0.38488 0.867098 0.400864 -0.930001 -0.306251 0.203246 -0.504429 0.187325 -0.870677 -0.454788 0.485926 
1533736636186 0.28221 0.900125 -0.331861 -0.513712 -0.946665 0.317359 0.0557596 -0.190361 0.15551 0.298425 0.941679 0.355071 0.316241 -0.38488 0.867098 0.400864 -0.930001 -0.306251 0.203246 -0.504429 0.187325 -0.870677 -0.454788 0.485926 
1533736636778 0.275619 0.891325 -0.359963 -0.524256 -0.947337 0.31538 0.0555666 -0.191494 0.163053 0.325691 0.93131 0.359313 0.316241 -0.38488 0.867098 0.400864 -0.930001 -0.306251 0.203246 -0.504429 0.187325 -0.870677 -0.454788 0.485926 
1533736637366 0.268803 0.881705 -0.387739 -0.5348 -0.948004 0.313394 0.0554367 -0.192626 0.170394 0.352677 0.9201 0.363556 0.316241 -0.38488 0.867098 0.400864 -0.930001 -0.306251 0.203246 -0.504429 0.187325 -0.870677 -0.454788 0.485926 
1533736637959 0.261768 0.871272 -0.415166 -0.545343 -0.948663 0.311403 0.0553693 -0.193757 0.177526 0.379359 0.908059 0.367799 0.316241 -0.38488 0.867098 0.400864 -0.930001 -0.306251 0.203246 -0.504429 0.187325 -0.870677 -0.454788 0.485926 
1533736638646 0.25452 0.860036 -0.442218 -0.555887 -0.949316 0.309409 0.0553647 -0.194889 0.184442 0.405714 0.895197 0.372042 0.316241 -0.38488 0.867098 0.400864 -0.930001 -0.306251 0.203246 -0.504429 0.187325 -0.870677 -0.454788 0.485926 
1533736639242 0.247065 0.848009 -0.468871 -0.56643 -0.949961 0.307413 0.0554229 -0.19602 0.191136 0.431716 0.881526 0.376286 0.316241 -0.38488 0.867098 0.400864 -0.930001 -0.306251 0.203246 -0.504429 0.187325 -0.870677 -0.454788 0.485926 
1533736639835 0.239412 0.8352 -0.4951 -0.576972 -0.950597 0.305417 0.0555436 -0.197151 0.197602 0.457343 0.867059 0.380529 0.316241 -0.38488 0.867098 0.400864 -0.930001 -0.306251 0.203246 -0.504429 0.187325 -0.870677 -0.454788 0.485926 
1533736640433 0.231612 0.821576 -0.52093 -0.587185 -0.951215 0.303463 0.0556803 -0.19813 0.203829 0.48262 0.851781 0.384834 0.316531 -0.385118 0.866887 0.401814 -0.929976 -0.306103 0.20358 -0.50615 0.186955 -0.870623 -0.455042 0.486735 
1533736641049 0.232142 0.821753 -0.520416 -0.586776 -0.951129 0.303782 0.055411 -0.198176 0.203627 0.482119 0.852113 0.384411 0.316531 -0.385118 0.866887 0.401814 -0.929976 -0.306103 0.20358 -0.50615 0.186955 -0.870623 -0.455042 0.486735 
1533736641061 0.231293 0.820341 -0.523015 -0.587905 -0.9512 0.303549 0.0554634 -0.198301 0.20426 0.484663 0.850517 0.384871 0.316221 -0.384863 0.867113 0.400797 -0.930002 -0.306262 0.203223 -0.504308 0.187351 -0.87068 -0.45477 0.485869 
1533736641239 0.230441 0.818921 -0.525609 -0.589035 -0.951271 0.303316 0.0555171 -0.198425 0.20489 0.487204 0.848913 0.385331 0.316221 -0.384863 0.867113 0.400797 -0.930002 -0.306262 0.203223 -0.504308 0.187351 -0.87068 -0.45477 0.485869 
1533736641435 0.229586 0.817494 -0.528198 -0.590164 -0.951343 0.303082 0.0555719 -0.19855 0.205517 0.489739 0.847301 0.385791 0.316221 -0.384863 0.867113 0.400797 -0.930002 -0.306262 0.203223 -0.504308 0.187351 -0.87068 -0.45477 0.485869 
1533736641636 0.22873 0.816059 -0.530783 -0.591293 -0.951414 0.302849 0.0556276 -0.198674 0.206142 0.49227 0.84568 0.386251 0.316221 -0.384863 0.867113 0.400797 -0.930002 -0.306262 0.203223 -0.504308 0.187351 -0.87068 -0.45477 0.485869 
1533736641827 0.227871 0.814617 -0.533362 -0.592422 -0.951485 0.302615 0.0556841 -0.198799 0.206765 0.494797 0.844052 0.386711 0.316221 -0.384863 0.867113 0.400797 -0.930002 -0.306262 0.203223 -0.504308 0.187351 -0.87068 -0.45477 0.485869 
1533736642024 0.227011 0.813166 -0.535936 -0.593552 -0.951555 0.302382 0.0557411 -0.198923 0.207384 0.497319 0.842416 0.387171 0.316221 -0.384863 0.867113 0.400797 -0.930002 -0.306262 0.203223 -0.504308 0.187351 -0.87068 -0.45477 0.485869 
1533736642223 0.226149 0.811707 -0.538506 -0.594681 -0.951626 0.30215 0.0557984 -0.199048 0.208001 0.499837 0.840772 0.387631 0.316221 -0.384863 0.867113 0.400797 -0.930002 -0.306262 0.203223 -0.504308 0.187351 -0.87068 -0.45477 0.485869 
1533736642424 0.225285 0.810241 -0.54107 -0.59581 -0.951696 0.301917 0.0558568 -0.199173 0.208616 0.502351 0.839121 0.388091 0.316221 -0.384863 0.867113 0.400797 -0.930002 -0.306262 0.203223 -0.504308 0.187351 -0.87068 -0.45477 0.485869 
1533736642625 0.224419 0.808767 -0.543629 -0.59694 -0.951767 0.301684 0.0559165 -0.199297 0.209227 0.504859 0.837461 0.388552 0.316221 -0.384863 0.867113 0.400797 -0.930002 -0.306262 0.203223 -0.504308 0.187351 -0.87068 -0.45477 0.485869 
1533736642838 0.224636 0.809213 -0.542875 -0.596579 -0.951731 0.301778 0.0560152 -0.199212 0.209156 0.504088 0.837943 0.388373 0.316221 -0.384863 0.867113 0.400797 -0.930002 -0.306262 0.203223 -0.504308 0.187351 -0.87068 -0.45477 0.485869 
1533736642849 0.225417 0.809093 -0.54273 -0.596693 -0.951614 0.302265 0.0553695 -0.199223 0.208847 0.503989 0.83808 0.388244 0.31622 -0.384863 0.867113 0.400795 -0.930002 -0.306262 0.203222 -0.504305 0.187352 -0.87068 -0.454769 0.485867 
1533736642865 0.226199 0.808972 -0.542584 -0.596808 -0.951497 0.302753 0.0547225 -0.199231 0.208538 0.503889 0.838217 0.388116 0.31622 -0.384863 0.867113 0.400795 -0.930002 -0.306262 0.203222 -0.504304 0.187352 -0.87068 -0.454769 0.485867 
1533736642990 0.226981 0.808852 -0.542438 -0.596922 -0.951378 0.303241 0.0540753 -0.199238 0.208228 0.50379 0.838354 0.387988 0.31622 -0.384863 0.867113 0.400795 -0.930002 -0.306262 0.203222 -0.504304 0.187351 -0.87068 -0.454769 0.485867 
1533736643026 0.227762 0.80873 -0.542291 -0.597036 -0.951259 0.303729 0.0534286 -0.199247 0.207919 0.50369 0.83849 0.38786 0.31622 -0.384863 0.867113 0.400795 -0.930002 -0.306262 0.203222 -0.504304 0.187351 -0.87068 -0.454769 0.485867 
1533736643126 0.228544 0.808609 -0.542144 -0.597151 -0.951139 0.304217 0.0527814 -0.199254 0.207609 0.503591 0.838627 0.387733 0.31622 -0.384863 0.867113 0.400795 -0.930002 -0.306262 0.203222 -0.504304 0.187351 -0.87068 -0.454769 0.485867 
1533736643175 0.229326 0.808487 -0.541996 -0.597265 -0.951019 0.304705 0.0521348 -0.199262 0.207299 0.503492 0.838763 0.387605 0.31622 -0.384863 0.867113 0.400795 -0.930002 -0.306262 0.203222 -0.504304 0.187351 -0.87068 -0.454769 0.485867 
1533736643262 0.230107 0.808364 -0.541847 -0.597379 -0.950898 0.305193 0.0514882 -0.199271 0.206989 0.503393 0.838899 0.387477 0.31622 -0.384863 0.867113 0.400795 -0.930002 -0.306262 0.203222 -0.504304 0.187351 -0.87068 -0.454769 0.485867 
1533736643322 0.230888 0.808241 -0.541698 -0.597494 -0.950776 0.30568 0.0508418 -0.199279 0.206679 0.503295 0.839034 0.387349 0.31622 -0.384863 0.867113 0.400795 -0.930002 -0.306262 0.203222 -0.504304 0.187351 -0.87068 -0.454769 0.485867 
1533736643396 0.231669 0.808118 -0.541549 -0.597608 -0.950653 0.306168 0.0501947 -0.199286 0.206368 0.503196 0.83917 0.387221 0.31622 -0.384863 0.867113 0.400795 -0.930002 -0.306262 0.203222 -0.504304 0.187351 -0.87068 -0.454769 0.485867 
1533736643459 0.230658 0.808268 -0.541757 -0.597415 -0.950792 0.305587 0.0511082 -0.199318 0.206863 0.503309 0.83898 0.387464 0.31622 -0.384863 0.867113 0.400795 -0.930002 -0.306262 0.203222 -0.504304 0.187351 -0.87068 -0.454769 0.485867 
1533736643471 0.231226 0.808427 -0.541277 -0.597497 -0.950671 0.305995 0.0509065 -0.199328 0.206782 0.502806 0.839302 0.387393 0.31622 -0.384863 0.867113 0.400795 -0.930002 -0.306262 0.203222 -0.504304 0.187351 -0.87068 -0.454769 0.485867 
1533736643488 0.231794 0.808585 -0.540797 -0.597582 -0.950551 0.306403 0.0507045 -0.19934 0.206701 0.502302 0.839624 0.387322 0.31622 -0.384863 0.867113 0.400795 -0.930002 -0.306262 0.203222 -0.504304 0.187351 -0.87068 -0.454769 0.485867 
1533736643505 0.232361 0.808744 -0.540316 -0.597668 -0.95043 0.30681 0.050503 -0.199352 0.206618 0.501798 0.839945 0.38725 0.31622 -0.384863 0.867113 0.400795 -0.930002 -0.306262 0.203222 -0.504304 0.187351 -0.87068 -0.454769 0.485867 
1533736643603 0.232929 0.808902 -0.539835 -0.597755 -0.950309 0.307218 0.0503018 -0.199364 0.206536 0.501293 0.840267 0.387178 0.31622 -0.384863 0.867113 0.400795 -0.930002 -0.306262 0.203222 -0.504304 0.187351 -0.87068 -0.454769 0.485867 
1533736643651 0.233496 0.80906 -0.539353 -0.597841 -0.950188 0.307625 0.050101 -0.199377 0.206453 0.500789 0.840588 0.387106 0.31622 -0.384863 0.867113 0.400795 -0.930002 -0.306262 0.203222 -0.504304 0.187351 -0.87068 -0.454769 0.485867 
1533736643706 0.234063 0.809217 -0.538872 -0.597926 -0.950066 0.308033 0.0499001 -0.199389 0.20637 0.500284 0.840908 0.387035 0.31622 -0.384863 0.867113 0.400795 -0.930002 -0.306262 0.203222 -0.504304 0.187351 -0.87068 -0.454769 0.485867 
1533736643767 0.23463 0.809373 -0.53839 -0.598013 -0.949944 0.30844 0.0496998 -0.199402 0.206287 0.499779 0.841229 0.386963 0.31622 -0.384863 0.867113 0.400795 -0.930002 -0.306262 0.203222 -0.504304 0.187351 -0.87068 -0.454769 0.485867 
1533736643808 0.235197 0.809529 -0.537908 -0.598099 -0.949822 0.308848 0.0494994 -0.199414 0.206203 0.499275 0.841549 0.386891 0.31622 -0.384863 0.867113 0.400795 -0.930002 -0.306262 0.203222 -0.504304 0.187351 -0.87068 -0.454769 0.485867 
1533736643873 0.235764 0.809685 -0.537425 -0.598184 -0.9497 0.309256 0.0492993 -0.199426 0.206119 0.49877 0.841869 0.386819 0.31622 -0.384863 0.867113 0.400795 -0.930002 -0.306262 0.203222 -0.504304 0.187351 -0.87068 -0.454769 0.485867 
1533736643926 0.234724 0.809434 -0.538257 -0.598045 -0.949949 0.308446 0.0495866 -0.199378 0.20616 0.499678 0.84132 0.386915 0.31622 -0.384863 0.867113 0.400795 -0.930002 -0.306262 0.203222 -0.504304 0.187351 -0.87068 -0.454769 0.485867 
1533736643939 0.234855 0.809369 -0.538298 -0.598078 -0.949934 0.308517 0.0494298 -0.199391 0.206081 0.499739 0.841304 0.386943 0.31622 -0.384863 0.867113 0.400795 -0.930002 -0.306262 0.203222 -0.504304 0.187351 -0.87068 -0.454769 0.485867 
1533736643957 0.234986 0.809304 -0.538339 -0.59811 -0.949918 0.308589 0.0492722 -0.199402 0.206002 0.4998 0.841286 0.386972 0.31622 -0.384863 0.867113 0.400795 -0.930002 -0.306262 0.203222 -0.504304 0.187351 -0.87068 -0.454769 0.485867 
1533736643972 0.235117 0.809238 -0.538381 -0.598142 -0.949903 0.308661 0.0491143 -0.199411 0.205923 0.499862 0.841269 0.387002 0.31622 -0.384863 0.867113 0.400795 -0.930002 -0.306262 0.203222 -0.504304 0.187351 -0.87068 -0.454769 0.485867 
1533736644068 0.235248 0.809172 -0.538422 -0.598173 -0.949888 0.308734 0.0489562 -0.199421 0.205843 0.499924 0.841252 0.387033 0.31622 -0.384863 0.867113 0.400795 -0.930002 -0.306262 0.203222 -0.504304 0.187351 -0.87068 -0.454769 0.485867 
1533736644085 0.235379 0.809107 -0.538464 -0.598205 -0.949873 0.308806 0.0487986 -0.199432 0.205764 0.499986 0.841235 0.387062 0.31622 -0.384863 0.867113 0.400795 -0.930002 -0.306262 0.203222 -0.504304 0.187351 -0.87068 -0.454769 0.485867 
1533736644101 0.23551 0.809041 -0.538505 -0.598237 -0.949857 0.308877 0.048641 -0.199443 0.205685 0.500047 0.841217 0.387091 0.31622 -0.384863 0.867113 0.400795 -0.930002 -0.306262 0.203222 -0.504304 0.187351 -0.87068 -0.454769 0.485867 
1533736644108 0.235642 0.808975 -0.538546 -0.598268 -0.949842 0.30895 0.0484828 -0.199452 0.205605 0.500109 0.8412 0.387122 0.31622 -0.384863 0.867113 0.400795 -0.930002 -0.306262 0.203222 -0.504304 0.187351 -0.87068 -0.454769 0.485867 
1533736644121 0.235773 0.80891 -0.538587 -0.5983 -0.949826 0.309022 0.0483251 -0.199462 0.205526 0.500171 0.841183 0.387151 0.31622 -0.384863 0.867113 0.400795 -0.930002 -0.306262 0.203222 -0.504304 0.187351 -0.87068 -0.454769 0.485867 
1533736644138 0.235904 0.808844 -0.538628 -0.598332 -0.949811 0.309093 0.0481674 -0.199473 0.205446 0.500232 0.841165 0.387181 0.31622 -0.384863 0.867113 0.400795 -0.930002 -0.306262 0.203222 -0.504304 0.187351 -0.87068 -0.454769 0.485867 
1533736644170 0.235078 0.809203 -0.53845 -0.598168 -0.949927 0.308598 0.0490521 -0.199369 0.205858 0.499957 0.841228 0.386996 0.31622 -0.384863 0.867113 0.400795 -0.930002 -0.306262 0.203222 -0.504304 0.187351 -0.87068 -0.454769 0.485867 
1533736644184 0.235022 0.809121 -0.538598 -0.598181 -0.949856 0.308766 0.0493715 -0.199391 0.206248 0.499987 0.841115 0.387021 0.31622 -0.384863 0.867113 0.400795 -0.930002 -0.306262 0.203222 -0.504304 0.187351 -0.87068 -0.45477 0.485867 
1533736644200 0.234965 0.809038 -0.538747 -0.598196 -0.949785 0.308932 0.0496931 -0.199419 0.20664 0.500018 0.841001 0.387047 0.31622 -0.384863 0.867113 0.400795 -0.930002 -0.306262 0.203222 -0.504304 0.187351 -0.87068 -0.45477 0.485867 
1533736644217 0.234908 0.808956 -0.538896 -0.59821 -0.949714 0.309099 0.050014 -0.199443 0.207031 0.500048 0.840887 0.387072 0.31622 -0.384863 0.867113 0.400795 -0.930002 -0.306262 0.203222 -0.504304 0.187351 -0.87068 -0.45477 0.485867 
1533736644234 0.234851 0.808874 -0.539044 -0.598225 -0.949642 0.309266 0.0503354 -0.19947 0.207423 0.500078 0.840772 0.387097 0.31622 -0.384863 0.867113 0.400795 -0.930002 -0.306262 0.203222 -0.504304 0.187351 -0.87068 -0.45477 0.485867 
1533736644322 0.234794 0.808791 -0.539192 -0.598239 -0.949571 0.309433 0.0506563 -0.199495 0.207814 0.500108 0.840658 0.387122 0.31622 -0.384863 0.867113 0.400795 -0.930002 -0.306262 0.203222 -0.504304 0.187351 -0.87068 -0.45477 0.485867 
1533736644339 0.234736 0.808709 -0.539341 -0.598255 -0.949499 0.3096 0.0509778 -0.199522 0.208206 0.500137 0.840543 0.387147 0.31622 -0.384863 0.867113 0.400795 -0.930002 -0.306262 0.203222 -0.504304 0.187351 -0.87068 -0.45477 0.485867 
1533736644355 0.234679 0.808627 -0.539489 -0.598269 -0.949428 0.309767 0.0512987 -0.199548 0.208597 0.500167 0.840429 0.387172 0.31622 -0.384863 0.867113 0.400795 -0.930002 -0.306262 0.203222 -0.504304 0.187351 -0.87068 -0.45477 0.485867 
1533736644372 0.234621 0.808545 -0.539637 -0.598285 -0.949356 0.309933 0.0516201 -0.199574 0.208989 0.500196 0.840314 0.387196 0.31622 -0.384863 0.867113 0.400795 -0.930002 -0.306262 0.203222 -0.504304 0.187351 -0.87068 -0.45477 0.485867 
1533736644388 0.234564 0.808463 -0.539785 -0.5983 -0.949284 0.3101 0.051941 -0.1996 0.20938 0.500226 0.840199 0.387222 0.31622 -0.384863 0.867113 0.400795 -0.930002 -0.306262 0.203222 -0.504304 0.187351 -0.87068 -0.45477 0.485867 
1533736644421 0.234706 0.808834 -0.539166 -0.598261 -0.949612 0.30931 0.0506345 -0.199427 0.207724 0.500115 0.840676 0.387091 0.31622 -0.384863 0.867113 0.400795 -0.930002 -0.306262 0.203222 -0.504304 0.187351 -0.87068 -0.45477 0.485867 
1533736644434 0.234797 0.808845 -0.53911 -0.598277 -0.949627 0.309294 0.0504557 -0.19942 0.207554 0.500106 0.840723 0.387112 0.31622 -0.384863 0.867113 0.400795 -0.930002 -0.306262 0.203222 -0.504304 0.187351 -0.87068 -0.45477 0.485867 
1533736644450 0.234891 0.808855 -0.539054 -0.598293 -0.949641 0.309281 0.0502752 -0.199408 0.207384 0.500099 0.840769 0.387136 0.31622 -0.384863 0.867113 0.400795 -0.930002 -0.306262 0.203222 -0.504304 0.187351 -0.87068 -0.45477 0.485867 
1533736644467 0.234984 0.808866 -0.538998 -0.598309 -0.949655 0.309266 0.0500957 -0.199398 0.207215 0.500091 0.840816 0.387158 0.31622 -0.384863 0.867113 0.400795 -0.930002 -0.306262 0.203222 -0.504304 0.187351 -0.87068 -0.45477 0.485867 
1533736644483 0.235077 0.808875 -0.538943 -0.598325 -0.949669 0.309253 0.0499154 -0.199387 0.207045 0.500083 0.840862 0.387182 0.31622 -0.384863 0.867113 0.400795 -0.930002 -0.306262 0.203222 -0.504304 0.187351 -0.87068 -0.45477 0.485867 
1533736644563 0.23517 0.808886 -0.538887 -0.598341 -0.949683 0.309238 0.0497357 -0.199377 0.206875 0.500076 0.840908 0.387205 0.31622 -0.384863 0.867113 0.400795 -0.930002 -0.306262 0.203222 -0.504304 0.187351 -0.87068 -0.45477 0.485867 
1533736644579 0.235263 0.808895 -0.538832 -0.598356 -0.949697 0.309225 0.0495553 -0.199365 0.206705 0.500068 0.840955 0.387229 0.31622 -0.384863 0.867113 0.400795 -0.930002 -0.306262 0.203222 -0.504304 0.187351 -0.87068 -0.45477 0.485867 
1533736644596 0.235356 0.808905 -0.538776 -0.598371 -0.949711 0.309211 0.0493755 -0.199355 0.206535 0.500061 0.841001 0.387252 0.31622 -0.384863 0.867113 0.400795 -0.930002 -0.306262 0.203222 -0.504304 0.187351 -0.87068 -0.45477 0.485867 
1533736644613 0.235449 0.808916 -0.53872 -0.598387 -0.949725 0.309197 0.0491957 -0.199344 0.206366 0.500053 0.841047 0.387274 0.31622 -0.384863 0.867113 0.400795 -0.930002 -0.306262 0.203222 -0.504304 0.187351 -0.87068 -0.45477 0.485867 
1533736644630 0.235542 0.808925 -0.538665 -0.598402 -0.949739 0.309183 0.0490152 -0.199333 0.206196 0.500046 0.841093 0.387298 0.31622 -0.384863 0.867113 0.400795 -0.930002 -0.306262 0.203222 -0.504304 0.187351 -0.87068 -0.45477 0.485867 
1533736644655 0.235185 0.808823 -0.538974 -0.598306 -0.949642 0.309347 0.0498446 -0.19943 0.207045 0.50011 0.840846 0.387147 0.31622 -0.384863 0.867113 0.400795 -0.930002 -0.306262 0.203222 -0.504304 0.187351 -0.87068 -0.45477 0.485867 
1533736644666 0.235277 0.808752 -0.539041 -0.598311 -0.949637 0.309386 0.0496975 -0.199438 0.206965 0.500201 0.840812 0.387186 0.31622 -0.384863 0.867113 0.400795 -0.930002 -0.306262 0.203222 -0.504304 0.187351 -0.87068 -0.45477 0.485867 
1533736644683 0.235368 0.80868 -0.53911 -0.598314 -0.949632 0.309425 0.0495503 -0.199444 0.206884 0.500293 0.840777 0.387226 0.31622 -0.384863 0.867113 0.400795 -0.930002 -0.306262 0.203222 -0.504304 0.187351 -0.87068 -0.45477 0.485867 
1533736644699 0.235459 0.808607 -0.539179 -0.598314 -0.949627 0.309465 0.0494022 -0.199448 0.206804 0.500386 0.840741 0.387267 0.31622 -0.384863 0.867113 0.400795 -0.930002 -0.306262 0.203222 -0.504304 0.187351 -0.87068 -0.45477 0.485867 
1533736644716 0.235551 0.808535 -0.539247 -0.598317 -0.949622 0.309504 0.0492549 -0.199454 0.206723 0.500479 0.840706 0.387307 0.31622 -0.384863 0.867113 0.400795 -0.930002 -0.306262 0.203222 -0.504304 0.187351 -0.87068 -0.45477 0.485867 
1533736644733 0.235642 0.808462 -0.539316 -0.598317 -0.949617 0.309543 0.0491071 -0.199459 0.206643 0.500572 0.84067 0.387347 0.31622 -0.384863 0.867113 0.400795 -0.930002 -0.306262 0.203222 -0.504304 0.187351 -0.87068 -0.45477 0.485867 
1533736644750 0.235733 0.80839 -0.539385 -0.59832 -0.949611 0.309582 0.0489596 -0.199465 0.206562 0.500664 0.840635 0.387388 0.31622 -0.384863 0.867113 0.400795 -0.930002 -0.306262 0.203222 -0.504304 0.187351 -0.87068 -0.45477 0.485867 
1533736644766 0.235825 0.808317 -0.539454 -0.59832 -0.949606 0.309622 0.0488118 -0.199469 0.206482 0.500757 0.840599 0.387428 0.31622 -0.384863 0.867113 0.400795 -0.930002 -0.306262 0.203222 -0.504304 0.187351 -0.87068 -0.45477 0.485867 
1533736644783 0.235916 0.808245 -0.539522 -0.598322 -0.949601 0.309661 0.0486643 -0.199475 0.206402 0.50085 0.840564 0.387469 0.31622 -0.384863 0.867113 0.400795 -0.930002 -0.306262 0.203222 -0.504304 0.187351 -0.87068 -0.45477 0.485867 
1533736644834 0.236007 0.808172 -0.539591 -0.598324 -0.949596 0.3097 0.0485168 -0.19948 0.206321 0.500943 0.840528 0.387509 0.31622 -0.384863 0.867113 0.400795 -0.930002 -0.306262 0.203222 -0.504304 0.187351 -0.87068 -0.45477 0.485867 
1533736644854 0.235699 0.808402 -0.539381 -0.598342 -0.94961 0.309576 0.0490182 -0.199504 0.206606 0.500648 0.840634 0.387234 0.31622 -0.384863 0.867113 0.400795 -0.930002 -0.306262 0.203222 -0.504304 0.187351 -0.87068 -0.45477 0.485867 
1533736644867 0.235707 0.808379 -0.539413 -0.598346 -0.949635 0.309521 0.0488946 -0.199511 0.206485 0.50072 0.840621 0.387257 0.31622 -0.384863 0.867113 0.400795 -0.930002 -0.306262 0.203222 -0.504304 0.187351 -0.87068 -0.45477 0.485867 
1533736644884 0.235715 0.808354 -0.539446 -0.598348 -0.949659 0.309466 0.0487702 -0.199514 0.206364 0.500794 0.840607 0.387283 0.31622 -0.384863 0.867113 0.400795 -0.930002 -0.306262 0.203222 -0.504304 0.187351 -0.87068 -0.45477 0.485867 
1533736644901 0.235724 0.80833 -0.539478 -0.598349 -0.949683 0.309411 0.0486461 -0.199517 0.206243 0.500867 0.840593 0.387309 0.31622 -0.384863 0.867113 0.400795 -0.930002 -0.306262 0.203222 -0.504304 0.187351 -0.87068 -0.45477 0.485867 
1533736644917 0.235731 0.808306 -0.539511 -0.598352 -0.949708 0.309356 0.0485223 -0.199522 0.206122 0.500939 0.840579 0.387333 0.31622 -0.384863 0.867113 0.400795 -0.930002 -0.306262 0.203222 -0.504304 0.187351 -0.87068 -0.45477 0.485867 
1533736644934 0.23574 0.808282 -0.539544 -0.598352 -0.949732 0.309301 0.0483979 -0.199525 0.206001 0.501013 0.840565 0.387359 0.31622 -0.384863 0.867113 0.400795 -0.930002 -0.306262 0.203222 -0.504304 0.187351 -0.87068 -0.45477 0.485867 
1533736644952 0.235748 0.808257 -0.539577 -0.598354 -0.949756 0.309246 0.048274 -0.199529 0.20588 0.501086 0.840551 0.387384 0.31622 -0.384863 0.867113 0.400795 -0.930002 -0.306262 0.203222 -0.504304 0.187351 -0.87068 -0.45477 0.485867 
1533736644967 0.235756 0.808233 -0.53961 -0.598355 -0.94978 0.309191 0.0481496 -0.199531 0.205759 0.501159 0.840537 0.38741 0.31622 -0.384863 0.867113 0.400795 -0.930002 -0.306262 0.203222 -0.504304 0.187351 -0.87068 -0.45477 0.485867 
1533736644984 0.235764 0.808209 -0.539642 -0.598357 -0.949804 0.309136 0.0480256 -0.199535 0.205638 0.501232 0.840523 0.387435 0.31622 -0.384863 0.867113 0.400795 -0.930002 -0.306262 0.203222 -0.504304 0.187351 -0.87068 -0.45477 0.485867 
1533736645001 0.235772 0.808185 -0.539675 -0.598359 -0.949829 0.309081 0.0479016 -0.199539 0.205517 0.501305 0.84051 0.387461 0.31622 -0.384863 0.867113 0.400795 -0.930002 -0.306262 0.203222 -0.504304 0.187351 -0.87068 -0.45477 0.485867 
1533736645021 0.235904 0.808272 -0.539487 -0.598314 -0.949639 0.309562 0.0485404 -0.199554 0.206239 0.500867 0.840593 0.387423 0.31622 -0.384863 0.867113 0.400795 -0.930002 -0.306262 0.203222 -0.504304 0.187351 -0.87068 -0.45477 0.485867 
1533736645034 0.235918 0.808295 -0.539447 -0.598315 -0.949643 0.309554 0.0485182 -0.199561 0.206205 0.500836 0.840621 0.387446 0.31622 -0.384863 0.867113 0.400795 -0.930002 -0.306262 0.203222 -0.504304 0.187351 -0.87068 -0.45477 0.485867 
1533736645051 0.23593 0.808318 -0.539406 -0.598319 -0.949648 0.309544 0.0484967 -0.199569 0.206171 0.500804 0.840648 0.387471 0.31622 -0.384863 0.867113 0.400795 -0.930002 -0.306262 0.203222 -0.504304 0.187351 -0.87068 -0.45477 0.485867 
1533736645067 0.235943 0.808342 -0.539365 -0.598324 -0.949652 0.309534 0.0484754 -0.199577 0.206137 0.500771 0.840676 0.387496 0.31622 -0.384863 0.867113 0.400795 -0.930002 -0.306262 0.203222 -0.504304 0.187351 -0.87068 -0.45477 0.485867 
1533736645084 0.235956 0.808365 -0.539324 -0.598329 -0.949656 0.309525 0.0484541 -0.199586 0.206103 0.500739 0.840703 0.38752 0.31622 -0.384863 0.867113 0.400795 -0.930002 -0.306262 0.203222 -0.504304 0.187351 -0.87068 -0.45477 0.485867 
1533736645101 0.235968 0.808389 -0.539283 -0.598333 -0.94966 0.309515 0.0484327 -0.199594 0.206069 0.500707 0.840731 0.387545 0.31622 -0.384863 0.867113 0.400795 -0.930002 -0.306262 0.203222 -0.504304 0.187351 -0.87068 -0.45477 0.485867 
1533736645117 0.235981 0.808413 -0.539242 -0.598339 -0.949665 0.309505 0.0484116 -0.199603 0.206035 0.500675 0.840758 0.387569 0.31622 -0.384863 0.867113 0.400795 -0.930002 -0.306262 0.203222 -0.504304 0.187351 -0.87068 -0.45477 0.485867 
1533736645134 0.235993 0.808436 -0.539201 -0.598343 -0.949669 0.309496 0.0483903 -0.199611 0.206001 0.500643 0.840786 0.387593 0.31622 -0.384863 0.867113 0.400795 -0.930002 -0.306262 0.203222 -0.504304 0.187351 -0.87068 -0.45477 0.485867 
1533736645151 0.236006 0.80846 -0.53916 -0.598349 -0.949673 0.309486 0.0483692 -0.19962 0.205967 0.50061 0.840813 0.387617 0.31622 -0.384863 0.867113 0.400795 -0.930002 -0.306262 0.203222 -0.504304 0.187351 -0.87068 -0.45477 0.485867 
1533736645167 0.236018 0.808484 -0.539119 -0.598353 -0.949677 0.309476 0.0483479 -0.199628 0.205933 0.500578 0.840841 0.387642 0.31622 -0.384863 0.867113 0.400795 -0.930002 -0.306262 0.203222 -0.504304 0.187351 -0.87068 -0.45477 0.485867 
1533736645187 0.235891 0.808183 -0.539626 -0.598343 -0.949745 0.30931 0.048076 -0.199601 0.205766 0.501167 0.840531 0.387428 0.31622 -0.384863 0.867113 0.400795 -0.930002 -0.306262 0.203222 -0.504304 0.187351 -0.87068 -0.45477 0.485867 
1533736645204 0.235967 0.808211 -0.539551 -0.598352 -0.949774 0.309255 0.0478694 -0.199592 0.205547 0.501156 0.840591 0.387435 0.31622 -0.384863 0.867113 0.400795 -0.930002 -0.306262 0.203222 -0.504304 0.187351 -0.87068 -0.45477 0.485867 
1533736645221 0.236045 0.808238 -0.539476 -0.598361 -0.949802 0.309201 0.0476613 -0.19958 0.205328 0.501145 0.840651 0.387443 0.31622 -0.384863 0.867113 0.400795 -0.930002 -0.306262 0.203222 -0.504304 0.187351 -0.87068 -0.45477 0.485867 
1533736645237 0.236123 0.808266 -0.539401 -0.59837 -0.94983 0.309146 0.0474528 -0.199567 0.205108 0.501134 0.840711 0.387452 0.31622 -0.384863 0.867113 0.400795 -0.930002 -0.306262 0.203222 -0.504304 0.187351 -0.87068 -0.45477 0.485867 
1533736645254 0.2362 0.808293 -0.539326 -0.598378 -0.949858 0.309092 0.0472443 -0.199553 0.204889 0.501124 0.840771 0.387461 0.31622 -0.384863 0.867113 0.400795 -0.930002 -0.306262 0.203222 -0.504304 0.187351 -0.87068 -0.45477 0.485867 
1533736645271 0.236278 0.80832 -0.53925 -0.598387 -0.949886 0.309038 0.0470363 -0.199541 0.204669 0.501113 0.840831 0.387469 0.31622 -0.384863 0.867113 0.400795 -0.930002 -0.306262 0.203222 -0.504304 0.187351 -0.87068 -0.45477 0.485867 
1533736645287 0.236356 0.808348 -0.539175 -0.598395 -0.949914 0.308983 0.0468276 -0.199528 0.204449 0.501102 0.840891 0.387478 0.31622 -0.384863 0.867113 0.400795 -0.930002 -0.306262 0.203222 -0.504304 0.187351 -0.87068 -0.45477 0.485867 
1533736645304 0.236433 0.808375 -0.5391 -0.598404 -0.949942 0.308929 0.0466195 -0.199516 0.20423 0.501091 0.84095 0.387486 0.31622 -0.384863 0.867113 0.400795 -0.930002 -0.306262 0.203222 -0.504304 0.187351 -0.87068 -0.45477 0.485867 
1533736645321 0.236511 0.808403 -0.539025 -0.598413 -0.94997 0.308874 0.0464113 -0.199504 0.20401 0.501081 0.84101 0.387494 0.31622 -0.384863 0.867113 0.400795 -0.930002 -0.306262 0.203222 -0.504304 0.187351 -0.87068 -0.45477 0.485867 
1533736645337 0.236588 0.80843 -0.53895 -0.598421 -0.949998 0.30882 0.0462032 -0.199491 0.20379 0.50107 0.84107 0.387502 0.31622 -0.384863 0.867113 0.400795 -0.930002 -0.306262 0.203222 -0.504304 0.187351 -0.87068 -0.45477 0.485867 
1533736645361 0.235903 0.808215 -0.539573 -0.598398 -0.949868 0.309009 0.047573 -0.19962 0.205182 0.501301 0.840594 0.387514 0.31622 -0.384863 0.867113 0.400795 -0.930002 -0.306262 0.203222 -0.504304 0.187351 -0.87068 -0.45477 0.485867 
1533736645374 0.235737 0.808086 -0.539838 -0.598393 -0.949856 0.309015 0.0477815 -0.199634 0.20543 0.501505 0.840412 0.387554 0.31622 -0.384863 0.867113 0.400795 -0.930002 -0.306262 0.203222 -0.504304 0.187351 -0.87068 -0.45477 0.485867 
1533736645391 0.235572 0.807956 -0.540104 -0.598383 -0.949844 0.309021 0.0479887 -0.199646 0.205676 0.50171 0.840229 0.387597 0.31622 -0.384863 0.867113 0.400795 -0.930002 -0.306262 0.203222 -0.504304 0.187351 -0.87068 -0.45477 0.485867 
1533736645511 0.235407 0.807826 -0.54037 -0.598374 -0.949831 0.309027 0.048196 -0.199658 0.205923 0.501915 0.840046 0.387639 0.31622 -0.384863 0.867113 0.400795 -0.930002 -0.306262 0.203222 -0.504304 0.187351 -0.87068 -0.45477 0.485867 
1533736645528 0.235241 0.807697 -0.540636 -0.598366 -0.949819 0.309033 0.0484035 -0.199671 0.20617 0.50212 0.839863 0.387681 0.31622 -0.384863 0.867113 0.400795 -0.930002 -0.306262 0.203222 -0.504304 0.187351 -0.87068 -0.45477 0.485867 
1533736645544 0.235076 0.807567 -0.540902 -0.598356 -0.949806 0.30904 0.0486106 -0.199683 0.206416 0.502325 0.83968 0.387723 0.31622 -0.384863 0.867113 0.400795 -0.930002 -0.306262 0.203222 -0.504304 0.187351 -0.87068 -0.45477 0.485867 
1533736645594 0.23491 0.807437 -0.541168 -0.598348 -0.949793 0.309046 0.048818 -0.199696 0.206663 0.50253 0.839496 0.387765 0.31622 -0.384863 0.867113 0.400795 -0.930002 -0.306262 0.203222 -0.504304 0.187351 -0.87068 -0.45477 0.485867 
1533736645643 0.234745 0.807307 -0.541434 -0.598338 -0.949781 0.309052 0.049025 -0.199707 0.20691 0.502735 0.839313 0.387807 0.31622 -0.384863 0.867113 0.400795 -0.930002 -0.306262 0.203222 -0.504304 0.187351 -0.87068 -0.45477 0.485867 
1533736645665 0.23458 0.807177 -0.541699 -0.598329 -0.949768 0.309059 0.0492323 -0.19972 0.207156 0.502939 0.83913 0.387849 0.31622 -0.384863 0.867113 0.400795 -0.930002 -0.306262 0.203222 -0.504304 0.187351 -0.87068 -0.45477 0.485867 
1533736645681 0.234414 0.807047 -0.541964 -0.598321 -0.949755 0.309065 0.0494396 -0.199732 0.207402 0.503144 0.838946 0.387891 0.31622 -0.384863 0.867113 0.400795 -0.930002 -0.306262 0.203222 -0.504304 0.187351 -0.87068 -0.45477 0.485867 
1533736645748 0.234973 0.807364 -0.54125 -0.598329 -0.949788 0.309079 0.0487097 -0.199768 0.206615 0.502627 0.83945 0.387738 0.31622 -0.384863 0.867113 0.400795 -0.930002 -0.306262 0.203222 -0.504304 0.187351 -0.87068 -0.45477 0.485867 
1533736645758 0.234972 0.807473 -0.541088 -0.598328 -0.949772 0.309108 0.0488401 -0.199756 0.206692 0.502434 0.839547 0.387715 0.31622 -0.384863 0.867113 0.400795 -0.930002 -0.306262 0.203222 -0.504304 0.187351 -0.87068 -0.45477 0.485867 
1533736645774 0.23497 0.807582 -0.540926 -0.59833 -0.949756 0.309137 0.0489715 -0.199747 0.206769 0.502241 0.839643 0.387691 0.31622 -0.384863 0.867113 0.400795 -0.930002 -0.306262 0.203222 -0.504304 0.187351 -0.87068 -0.45477 0.485867 
1533736645878 0.234967 0.807691 -0.540764 -0.598332 -0.949739 0.309166 0.0491027 -0.199739 0.206846 0.502047 0.83974 0.387666 0.31622 -0.384863 0.867113 0.400795 -0.930002 -0.306262 0.203222 -0.504304 0.187351 -0.87068 -0.45477 0.485867 
1533736645894 0.234965 0.8078 -0.540602 -0.598335 -0.949723 0.309195 0.0492341 -0.19973 0.206923 0.501854 0.839837 0.387641 0.31622 -0.384863 0.867113 0.400795 -0.930002 -0.306262 0.203222 -0.504304 0.187351 -0.87068 -0.45477 0.485867 
1533736645911 0.234963 0.807909 -0.54044 -0.598336 -0.949707 0.309224 0.0493651 -0.19972 0.207 0.501661 0.839933 0.387617 0.31622 -0.384863 0.867113 0.400795 -0.930002 -0.306262 0.203222 -0.504304 0.187351 -0.87068 -0.45477 0.485867 
1533736645928 0.234961 0.808018 -0.540278 -0.598339 -0.949691 0.309253 0.0494966 -0.199712 0.207077 0.501467 0.84003 0.387592 0.31622 -0.384863 0.867113 0.400795 -0.930002 -0.306262 0.203222 -0.504304 0.187351 -0.87068 -0.45477 0.485867 
1533736645962 0.234959 0.808127 -0.540116 -0.598341 -0.949675 0.309282 0.0496277 -0.199703 0.207154 0.501274 0.840126 0.387568 0.31622 -0.384863 0.867113 0.400795 -0.930002 -0.306262 0.203222 -0.504304 0.187351 -0.87068 -0.45477 0.485867 
1533736646000 0.234957 0.808236 -0.539954 -0.598343 -0.949658 0.309311 0.0497588 -0.199694 0.207231 0.501081 0.840222 0.387544 0.31622 -0.384863 0.867113 0.400795 -0.930002 -0.306262 0.203222 -0.504304 0.187351 -0.87068 -0.45477 0.485867 
1533736646039 0.234954 0.808345 -0.539792 -0.598346 -0.949642 0.309339 0.0498904 -0.199685 0.207308 0.500887 0.840319 0.387519 0.31622 -0.384863 0.867113 0.400795 -0.930002 -0.306262 0.203222 -0.504304 0.187351 -0.87068 -0.45477 0.485867 
1533736646062 0.234902 0.807989 -0.540347 -0.598348 -0.949733 0.309141 0.0493924 -0.199672 0.206952 0.501583 0.839992 0.387628 0.31622 -0.384863 0.867113 0.400795 -0.930002 -0.306262 0.203222 -0.504304 0.187351 -0.87068 -0.45477 0.485867 
1533736646075 0.235039 0.808025 -0.540233 -0.598353 -0.949729 0.309177 0.0492372 -0.199652 0.206813 0.501503 0.840074 0.387615 0.31622 -0.384863 0.867113 0.400795 -0.930002 -0.306262 0.203222 -0.504304 0.187351 -0.87068 -0.45477 0.485867 
1533736646092 0.235177 0.808061 -0.540119 -0.598359 -0.949725 0.309214 0.0490814 -0.199629 0.206673 0.501422 0.840156 0.387602 0.31622 -0.384863 0.867113 0.400795 -0.930002 -0.306262 0.203222 -0.504304 0.187351 -0.87068 -0.45477 0.485867 
1533736646109 0.235316 0.808096 -0.540006 -0.598364 -0.949721 0.309251 0.0489252 -0.199606 0.206534 0.501342 0.840238 0.387589 0.31622 -0.384863 0.867113 0.400795 -0.930002 -0.306262 0.203222 -0.504304 0.187351 -0.87068 -0.45477 0.485867 
1533736646125 0.235455 0.808132 -0.539892 -0.598369 -0.949717 0.309288 0.0487691 -0.199582 0.206394 0.501262 0.84032 0.387576 0.31622 -0.384863 0.867113 0.400795 -0.930002 -0.306262 0.203222 -0.504304 0.187351 -0.87068 -0.45477 0.485867 
1533736646142 0.235594 0.808168 -0.539778 -0.598374 -0.949713 0.309325 0.0486134 -0.199559 0.206255 0.501181 0.840402 0.387563 0.31622 -0.384863 0.867113 0.400795 -0.930002 -0.306262 0.203222 -0.504304 0.187351 -0.87068 -0.45477 0.485867 
1533736646215 0.235732 0.808203 -0.539665 -0.598379 -0.949709 0.309362 0.0484576 -0.199537 0.206116 0.501101 0.840484 0.38755 0.31622 -0.384863 0.867113 0.400795 -0.930002 -0.306262 0.203222 -0.504304 0.187351 -0.87068 -0.45477 0.485867 
1533736646232 0.235871 0.808239 -0.539551 -0.598383 -0.949705 0.3094 0.0483014 -0.199513 0.205976 0.501021 0.840566 0.387538 0.31622 -0.384863 0.867113 0.400795 -0.930002 -0.306262 0.203222 -0.504304 0.187351 -0.87068 -0.45477 0.485867 
1533736646248 0.236009 0.808274 -0.539437 -0.598389 -0.9497 0.309437 0.0481456 -0.19949 0.205837 0.500941 0.840648 0.387525 0.31622 -0.384863 0.867113 0.400795 -0.930002 -0.306262 0.203222 -0.504304 0.187351 -0.87068 -0.45477 0.485867 
1533736646265 0.236148 0.80831 -0.539323 -0.598394 -0.949696 0.309474 0.0479898 -0.199467 0.205697 0.500861 0.84073 0.387512 0.31622 -0.384863 0.867113 0.400795 -0.930002 -0.306262 0.203222 -0.504304 0.187351 -0.87068 -0.45477 0.485867 
1533736646285 0.235678 0.808001 -0.539992 -0.598373 -0.949628 0.309565 0.0487465 -0.19965 0.20655 0.501302 0.840258 0.387539 0.31622 -0.384863 0.867113 0.400795 -0.930002 -0.306262 0.203222 -0.504304 0.187351 -0.87068 -0.45477 0.485867 
1533736646298 0.235847 0.808076 -0.539805 -0.598377 -0.949622 0.309609 0.0485767 -0.199632 0.206382 0.501154 0.840387 0.387535 0.31622 -0.384863 0.867113 0.400795 -0.930002 -0.306262 0.203222 -0.504304 0.187351 -0.87068 -0.45477 0.485867 
1533736646315 0.236017 0.808151 -0.539619 -0.598383 -0.949617 0.309654 0.0484066 -0.199612 0.206215 0.501006 0.840517 0.38753 0.31622 -0.384863 0.867113 0.400795 -0.930002 -0.306262 0.203222 -0.504304 0.187351 -0.87068 -0.45477 0.485867 
1533736646332 0.236186 0.808226 -0.539432 -0.598388 -0.949611 0.309697 0.0482369 -0.199594 0.206047 0.500858 0.840646 0.387525 0.31622 -0.384863 0.867113 0.400795 -0.930002 -0.306262 0.203222 -0.504304 0.187351 -0.87068 -0.45477 0.485867 
1533736646348 0.236356 0.808301 -0.539245 -0.598394 -0.949605 0.309742 0.0480665 -0.199573 0.205879 0.500709 0.840776 0.38752 0.31622 -0.384863 0.867113 0.400795 -0.930002 -0.306262 0.203222 -0.504304 0.187351 -0.87068 -0.45477 0.485867 
1533736646365 0.236526 0.808376 -0.539059 -0.598399 -0.949599 0.309786 0.0478967 -0.199553 0.205711 0.500561 0.840905 0.387516 0.31622 -0.384863 0.867113 0.400795 -0.930002 -0.306262 0.203222 -0.504304 0.187351 -0.87068 -0.45477 0.485867 
1533736646382 0.236695 0.808451 -0.538872 -0.598404 -0.949593 0.30983 0.0477268 -0.199534 0.205544 0.500413 0.841035 0.387511 0.31622 -0.384863 0.867113 0.400795 -0.930002 -0.306262 0.203222 -0.504304 0.187351 -0.87068 -0.45477 0.485867 
1533736646399 0.236864 0.808525 -0.538685 -0.598409 -0.949587 0.309875 0.047557 -0.199515 0.205376 0.500264 0.841164 0.387506 0.31622 -0.384863 0.867113 0.400795 -0.930002 -0.306262 0.203222 -0.504304 0.187351 -0.87068 -0.45477 0.485867 
1533736646415 0.237034 0.8086 -0.538499 -0.598414 -0.949581 0.309919 0.0473871 -0.199495 0.205208 0.500116 0.841293 0.387501 0.31622 -0.384863 0.867113 0.400795 -0.930002 -0.306262 0.203222 -0.504304 0.187351 -0.87068 -0.45477 0.485867 
1533736646474 0.237204 0.808675 -0.538312 -0.598421 -0.949575 0.309964 0.0472166 -0.199474 0.20504 0.499967 0.841422 0.387497 0.31622 -0.384863 0.867113 0.400795 -0.930002 -0.306262 0.203222 -0.504304 0.187351 -0.87068 -0.45477 0.485867 
1533736646498 0.236273 0.808374 -0.539173 -0.598415 -0.949639 0.309635 0.0480852 -0.199451 0.205817 0.500658 0.840821 0.387538 0.31622 -0.384863 0.867113 0.400795 -0.930002 -0.306262 0.203222 -0.504304 0.187351 -0.87068 -0.45477 0.485867 
1533736646511 0.236226 0.808416 -0.53913 -0.598414 -0.949652 0.30959 0.0481239 -0.199448 0.205813 0.500618 0.840847 0.387539 0.31622 -0.384863 0.867113 0.400795 -0.930002 -0.306262 0.203222 -0.504304 0.187351 -0.87068 -0.45477 0.485867 
1533736646527 0.236176 0.80846 -0.539086 -0.598416 -0.949665 0.309543 0.0481644 -0.199448 0.205809 0.500576 0.840872 0.387538 0.31622 -0.384863 0.867113 0.400795 -0.930002 -0.306262 0.203222 -0.504304 0.187351 -0.87068 -0.45477 0.485867 
1533736646544 0.236128 0.808503 -0.539043 -0.598417 -0.949678 0.309497 0.0482041 -0.199447 0.205805 0.500535 0.840898 0.387539 0.31622 -0.384863 0.867113 0.400795 -0.930002 -0.306262 0.203222 -0.504304 0.187351 -0.87068 -0.45477 0.485867 
1533736646561 0.236079 0.808546 -0.538999 -0.598419 -0.949691 0.309451 0.0482446 -0.199448 0.205802 0.500493 0.840924 0.387538 0.31622 -0.384863 0.867113 0.400795 -0.930002 -0.306262 0.203222 -0.504304 0.187351 -0.87068 -0.45477 0.485867 
1533736646577 0.236029 0.80859 -0.538955 -0.598422 -0.949704 0.309405 0.048285 -0.199448 0.205798 0.500451 0.84095 0.387537 0.31622 -0.384863 0.867113 0.400795 -0.930002 -0.306262 0.203222 -0.504304 0.187351 -0.87068 -0.45477 0.485867 
1533736646594 0.235981 0.808633 -0.538911 -0.598423 -0.949717 0.309359 0.0483251 -0.199448 0.205794 0.500409 0.840975 0.387537 0.31622 -0.384863 0.867113 0.400795 -0.930002 -0.306262 0.203222 -0.504304 0.187351 -0.87068 -0.45477 0.485867 
1533736646615 0.235931 0.808677 -0.538867 -0.598426 -0.94973 0.309312 0.0483656 -0.199448 0.20579 0.500367 0.841001 0.387536 0.31622 -0.384863 0.867113 0.400795 -0.930002 -0.306262 0.203222 -0.504304 0.187351 -0.87068 -0.45477 0.485867 
1533736646640 0.235883 0.80872 -0.538823 -0.598428 -0.949743 0.309266 0.0484057 -0.199448 0.205786 0.500326 0.841027 0.387536 0.31622 -0.384863 0.867113 0.400795 -0.930002 -0.306262 0.203222 -0.504304 0.187351 -0.87068 -0.45477 0.485867 
1533736646656 0.235834 0.808764 -0.53878 -0.598429 -0.949756 0.30922 0.0484458 -0.199448 0.205783 0.500284 0.841053 0.387535 0.31622 -0.384863 0.867113 0.400795 -0.930002 -0.306262 0.203222 -0.504304 0.187351 -0.87068 -0.45477 0.485867 
1533736646677 0.236333 0.808492 -0.538968 -0.598465 -0.949668 0.309565 0.0479497 -0.199459 0.205613 0.500509 0.84096 0.387483 0.31622 -0.384863 0.867113 0.400795 -0.930002 -0.306262 0.203222 -0.504304 0.187351 -0.87068 -0.45477 0.485867 
1533736646690 0.236295 0.808465 -0.539026 -0.598462 -0.949649 0.309606 0.0480641 -0.199465 0.205744 0.500529 0.840916 0.387497 0.31622 -0.384863 0.867113 0.400795 -0.930002 -0.306262 0.203222 -0.504304 0.187351 -0.87068 -0.45477 0.485867 
1533736646706 0.236256 0.808437 -0.539085 -0.598458 -0.94963 0.309646 0.04818 -0.199473 0.205876 0.500548 0.840872 0.387513 0.31622 -0.384863 0.867113 0.400795 -0.930002 -0.306262 0.203222 -0.504304 0.187351 -0.87068 -0.45477 0.485867 
1533736646723 0.236218 0.80841 -0.539143 -0.598454 -0.949611 0.309686 0.0482957 -0.19948 0.206008 0.500568 0.840829 0.387529 0.31622 -0.384863 0.867113 0.400795 -0.930002 -0.306262 0.203222 -0.504304 0.187351 -0.87068 -0.45477 0.485867 
1533736646739 0.236179 0.808382 -0.539201 -0.598449 -0.949592 0.309726 0.0484118 -0.199488 0.20614 0.500587 0.840785 0.387545 0.31622 -0.384863 0.867113 0.400795 -0.930002 -0.306262 0.203222 -0.504304 0.187351 -0.87068 -0.45477 0.485867 
1533736646756 0.23614 0.808355 -0.539259 -0.598445 -0.949573 0.309767 0.0485276 -0.199495 0.206272 0.500607 0.840741 0.38756 0.31622 -0.384863 0.867113 0.400795 -0.930002 -0.306262 0.203222 -0.504304 0.187351 -0.87068 -0.45477 0.485867 
1533736646773 0.236102 0.808327 -0.539317 -0.598441 -0.949554 0.309807 0.0486433 -0.199503 0.206404 0.500626 0.840697 0.387576 0.31622 -0.384863 0.867113 0.400795 -0.930002 -0.306262 0.203222 -0.504304 0.187351 -0.87068 -0.45477 0.485867 
1533736646790 0.236063 0.8083 -0.539375 -0.598436 -0.949535 0.309848 0.0487591 -0.19951 0.206536 0.500645 0.840653 0.387591 0.31622 -0.384863 0.867113 0.400795 -0.930002 -0.306262 0.203222 -0.504304 0.187351 -0.87068 -0.45477 0.485867 
