1533061398033 0.275657 0.633204 -0.723233 -0.604483 -0.8825 0.464965 0.0707247 -0.181741 0.381061 0.618757 0.686973 0.426588 -0.00304288 -0.106802 0.994276 0.358687 -0.999933 -0.010745 -0.0042144 -0.485448 0.0111336 -0.994222 -0.106763 0.434883 
1533061398044 0.300885 -0.138768 0.94351 0.225257 -0.922898 -0.291628 0.25142 -0.486344 0.240265 -0.946412 -0.215815 0.468712 0.010812 -0.150925 0.988486 0.364929 -0.999661 -0.0250393 0.00711112 -0.485357 0.0236777 -0.988228 -0.151144 0.44287 
1533061398883 0.242825 0.102786 0.964609 0.16152 -0.925174 -0.274468 0.262144 -0.435487 0.291699 -0.956087 0.0284473 0.461493 0.0251969 -0.19454 0.980571 0.371171 -0.999049 -0.0398193 0.0177717 -0.485231 0.0355883 -0.980086 -0.195359 0.45086 
1533061399725 0.185197 0.340052 0.92199 0.0634544 -0.926148 -0.25329 0.279452 -0.39584 0.328559 -0.905654 0.26803 0.437571 0.0400893 -0.237548 0.970548 0.377412 -0.998098 -0.0550481 0.0277539 -0.485104 0.046834 -0.969815 -0.239303 0.45885 
1533061400621 0.10875 0.566677 0.816732 -0.0100483 -0.933954 -0.223136 0.279178 -0.393704 0.340446 -0.79315 0.504984 0.453534 0.0554547 -0.279846 0.958442 0.383653 -0.996811 -0.0706902 0.0370345 -0.484976 0.0573885 -0.957439 -0.282874 0.46684 
1533061401485 0.0372284 0.750403 0.659931 -0.0983869 -0.940161 -0.197521 0.277637 -0.379775 0.338689 -0.630777 0.698147 0.449362 0.0712574 -0.321338 0.94428 0.389895 -0.99519 -0.0867091 0.0455921 -0.484848 0.0672271 -0.942986 -0.325971 0.474831 
1533061402350 -0.0276975 0.888257 0.458511 -0.198399 -0.946596 -0.170707 0.273524 -0.355413 0.32123 -0.426448 0.845549 0.440021 0.0874604 -0.361926 0.928095 0.396136 -0.99324 -0.103067 0.0534066 -0.48472 0.0763271 -0.926492 -0.368493 0.482821 
1533061403239 -0.0860491 0.970276 0.226186 -0.298193 -0.953826 -0.145805 0.262596 -0.330412 0.28777 -0.193146 0.938021 0.431334 0.104026 -0.401515 0.909926 0.402377 -0.990964 -0.119727 0.0604596 -0.484591 0.0846671 -0.907993 -0.410341 0.490811 
1533061404140 -0.133997 0.990741 -0.0218344 -0.397711 -0.961333 -0.124607 0.245585 -0.305255 0.24059 0.0538976 0.969129 0.423195 0.120912 -0.440009 0.889816 0.408608 -0.988369 -0.13665 0.0667315 -0.484442 0.0922308 -0.887535 -0.451414 0.498789 
1533061405100 -0.168039 0.948352 -0.269055 -0.493231 -0.968646 -0.108183 0.223654 -0.280336 0.182996 0.298201 0.936797 0.414801 0.138025 -0.477117 0.867933 0.414599 -0.985461 -0.153815 0.0721609 -0.484116 0.0990717 -0.865275 -0.491411 0.506323 
1533061405996 -0.168039 0.948352 -0.269055 -0.493231 -0.968646 -0.108183 0.223654 -0.280336 0.182996 0.298201 0.936797 0.414801 0.138071 -0.476981 0.868001 0.414645 -0.985449 -0.153872 0.0721985 -0.484079 0.099124 -0.86534 -0.491286 0.506359 
1533061406007 0.280754 -0.144149 0.948893 0.287764 -0.928413 -0.291474 0.230416 -0.485437 0.243364 -0.945655 -0.215662 0.482458 0.139804 -0.480679 0.86568 0.41529 -0.985143 -0.15559 0.0727042 -0.484086 0.0997435 -0.862983 -0.49529 0.507201 
1533061406375 0.230217 0.100588 0.967927 0.201892 -0.928641 -0.274625 0.249412 -0.456571 0.290905 -0.956276 0.0301867 0.473158 0.141539 -0.484365 0.863341 0.415934 -0.984833 -0.157308 0.073201 -0.484093 0.100355 -0.860607 -0.499284 0.508043 
1533061406770 0.170644 0.342907 0.92374 0.101624 -0.930795 -0.251472 0.265298 -0.431196 0.323267 -0.905084 0.276263 0.465823 0.143275 -0.488038 0.860983 0.416579 -0.98452 -0.159029 0.0736887 -0.484099 0.100958 -0.858212 -0.503268 0.508886 
1533061407112 0.105023 0.564008 0.819064 0.00121112 -0.934666 -0.225325 0.275005 -0.405891 0.33966 -0.794433 0.503495 0.457313 0.145014 -0.491698 0.858606 0.417224 -0.984204 -0.160751 0.0741694 -0.484106 0.101553 -0.855799 -0.507242 0.509728 
1533061407493 0.0375014 0.74959 0.660839 -0.0987905 -0.940025 -0.197902 0.277825 -0.380797 0.339037 -0.631624 0.697212 0.447835 0.146755 -0.495345 0.856211 0.417869 -0.983885 -0.162475 0.0746419 -0.484112 0.10214 -0.853367 -0.511206 0.51057 
1533061407852 -0.0276228 0.888121 0.458779 -0.198536 -0.946572 -0.170761 0.273572 -0.355532 0.321307 -0.426711 0.845387 0.439595 0.148498 -0.498978 0.853797 0.418513 -0.983564 -0.164201 0.0751054 -0.484119 0.102718 -0.850916 -0.51516 0.511412 
1533061408192 -0.086029 0.970274 0.226203 -0.29823 -0.953825 -0.145793 0.262606 -0.330328 0.287779 -0.193166 0.938014 0.431354 0.150244 -0.502598 0.851365 0.419158 -0.983239 -0.165928 0.0755616 -0.484125 0.103288 -0.848447 -0.519104 0.512254 
1533061408535 -0.134011 0.990739 -0.0218391 -0.39775 -0.961334 -0.12462 0.245575 -0.305195 0.240579 0.0539044 0.969132 0.423215 0.151991 -0.506205 0.848914 0.419801 -0.982911 -0.167657 0.0760087 -0.484129 0.103851 -0.84596 -0.523037 0.513095 
1533061408871 -0.168352 0.948259 -0.26919 -0.493436 -0.968609 -0.108469 0.223675 -0.280353 0.182903 0.298396 0.936753 0.414455 0.153735 -0.509777 0.846459 0.420418 -0.98258 -0.16939 0.0764432 -0.484114 0.104412 -0.843466 -0.526938 0.513891 
1533061409220 -0.168352 0.948259 -0.26919 -0.493436 -0.968609 -0.108469 0.223675 -0.280353 0.182903 0.298396 0.936753 0.414455 0.153696 -0.509724 0.846498 0.420431 -0.982581 -0.169404 0.0763968 -0.484107 0.104459 -0.843495 -0.526882 0.513891 
1533061409233 0.280859 -0.144208 0.948853 0.288043 -0.928369 -0.291562 0.230483 -0.483963 0.243412 -0.945619 -0.215766 0.481728 0.153875 -0.510091 0.846245 0.420497 -0.982548 -0.169575 0.0764449 -0.484111 0.104508 -0.843239 -0.527282 0.51398 
1533061409477 0.230385 0.100465 0.967899 0.201491 -0.928601 -0.274647 0.249539 -0.456576 0.2909 -0.956282 0.0300172 0.473431 0.154055 -0.510456 0.845991 0.420563 -0.982514 -0.169747 0.0764934 -0.484114 0.104558 -0.842983 -0.527681 0.514069 
1533061409655 0.170718 0.342842 0.92375 0.101415 -0.930775 -0.251486 0.265353 -0.431262 0.323285 -0.905105 0.276176 0.465958 0.154235 -0.510822 0.845738 0.420629 -0.982481 -0.169918 0.0765421 -0.484118 0.104607 -0.842727 -0.52808 0.514158 
1533061409886 0.105056 0.563969 0.819086 0.00111934 -0.934655 -0.225339 0.275033 -0.405929 0.339682 -0.794457 0.503443 0.457344 0.154414 -0.511188 0.845484 0.420695 -0.982448 -0.17009 0.0765906 -0.484122 0.104656 -0.842471 -0.528479 0.514247 
1533061410056 0.0375183 0.749587 0.660842 -0.0987627 -0.940026 -0.19789 0.277833 -0.380778 0.339034 -0.631632 0.697207 0.447783 0.154594 -0.511553 0.84523 0.420761 -0.982414 -0.170262 0.076639 -0.484126 0.104705 -0.842214 -0.528878 0.514336 
1533061410223 -0.027607 0.888123 0.458776 -0.198487 -0.946571 -0.170749 0.273585 -0.355503 0.321313 -0.426711 0.845385 0.439569 0.154774 -0.511918 0.844976 0.420828 -0.982381 -0.170433 0.0766875 -0.484129 0.104754 -0.841957 -0.529277 0.514425 
1533061410395 -0.0860265 0.970274 0.226204 -0.298203 -0.953822 -0.145793 0.262619 -0.330305 0.287791 -0.193166 0.93801 0.431364 0.154954 -0.512283 0.844722 0.420894 -0.982347 -0.170605 0.0767356 -0.484133 0.104803 -0.841701 -0.529676 0.514514 
1533061410600 -0.134026 0.990737 -0.021839 -0.397753 -0.96133 -0.124634 0.245584 -0.305179 0.240587 0.053909 0.969129 0.423237 0.155133 -0.512648 0.844468 0.42096 -0.982313 -0.170776 0.0767833 -0.484136 0.104852 -0.841444 -0.530074 0.514603 
1533061410805 -0.168507 0.948228 -0.269201 -0.493507 -0.96858 -0.108605 0.223737 -0.280366 0.182917 0.298444 0.936735 0.414332 0.155312 -0.513011 0.844214 0.421023 -0.98228 -0.170948 0.0768312 -0.484137 0.104901 -0.841188 -0.530471 0.514687 
1533061411004 -0.168507 0.948228 -0.269201 -0.493507 -0.96858 -0.108605 0.223737 -0.280366 0.182917 0.298444 0.936735 0.414332 0.155319 -0.51316 0.844123 0.421035 -0.982301 -0.170787 0.0769192 -0.48412 0.104693 -0.84113 -0.530604 0.514576 
1533061411017 0.280903 -0.144206 0.94884 0.288147 -0.928348 -0.291599 0.230519 -0.483443 0.243439 -0.945608 -0.215784 0.481314 0.15706 -0.513588 0.84354 0.421106 -0.982697 -0.166182 0.0817908 -0.484253 0.0981746 -0.841791 -0.530802 0.514658 
1533061411357 0.230427 0.100432 0.967893 0.201404 -0.928592 -0.274648 0.24957 -0.456587 0.290894 -0.956285 0.0299743 0.473477 0.158797 -0.514024 0.842949 0.421178 -0.983048 -0.161573 0.0866629 -0.484385 0.091651 -0.842421 -0.530968 0.514739 
1533061411711 0.170726 0.342832 0.923752 0.101396 -0.930774 -0.251487 0.265358 -0.431272 0.323285 -0.905108 0.276164 0.465961 0.160528 -0.51447 0.842349 0.421249 -0.983354 -0.156961 0.0915351 -0.484518 0.0851237 -0.843021 -0.531102 0.514821 
1533061412075 0.105066 0.563956 0.819094 0.00111142 -0.934651 -0.225344 0.275041 -0.405939 0.339689 -0.794464 0.503426 0.457331 0.162255 -0.514923 0.841741 0.42132 -0.983614 -0.152346 0.0964068 -0.48465 0.0785934 -0.84359 -0.531204 0.514903 
1533061412490 0.0375281 0.749589 0.660839 -0.0987297 -0.940027 -0.197879 0.277837 -0.380762 0.339029 -0.631633 0.697208 0.447746 0.163976 -0.515385 0.841124 0.421392 -0.983829 -0.147728 0.101278 -0.484782 0.07206 -0.84413 -0.531274 0.514984 
1533061412865 -0.0276004 0.888124 0.458774 -0.198454 -0.946569 -0.170746 0.273594 -0.355486 0.321319 -0.42671 0.845383 0.439553 0.165692 -0.515855 0.8405 0.421463 -0.983998 -0.143107 0.106149 -0.484915 0.0655239 -0.844638 -0.531312 0.515066 
1533061413213 -0.08603 0.970273 0.226205 -0.298191 -0.953818 -0.145799 0.262629 -0.330295 0.287802 -0.193164 0.938007 0.431373 0.167402 -0.516333 0.839867 0.421534 -0.984123 -0.138484 0.111017 -0.485047 0.058986 -0.845117 -0.531318 0.515148 
1533061413561 -0.134034 0.990736 -0.0218384 -0.397759 -0.961327 -0.124642 0.24559 -0.305173 0.240593 0.0539113 0.969128 0.423252 0.169107 -0.516819 0.839226 0.421603 -0.984201 -0.133858 0.115886 -0.485172 0.0524455 -0.845565 -0.531291 0.515228 
1533061413912 -0.168562 0.948217 -0.269205 -0.49354 -0.968567 -0.10865 0.223769 -0.280383 0.182933 0.298462 0.936726 0.414254 0.170791 -0.517311 0.838582 0.421658 -0.984237 -0.129236 0.120732 -0.485229 0.0459193 -0.845983 -0.531228 0.515287 
1533061414256 -0.168562 0.948217 -0.269205 -0.49354 -0.968567 -0.10865 0.223769 -0.280383 0.182933 0.298462 0.936726 0.414254 0.170681 -0.517316 0.838601 0.421622 -0.984249 -0.129307 0.120558 -0.485264 0.046071 -0.845969 -0.531238 0.515313 
1533061414269 0.280953 -0.144226 0.948823 0.288128 -0.92833 -0.291629 0.230556 -0.483096 0.243452 -0.945596 -0.215823 0.481117 0.172016 -0.517058 0.838488 0.421638 -0.984044 -0.129479 0.122033 -0.48519 0.0454687 -0.846101 -0.53108 0.515289 
1533061414502 0.230489 0.100384 0.967883 0.201257 -0.928577 -0.274658 0.249615 -0.456601 0.290895 -0.956288 0.0299082 0.473588 0.17335 -0.5168 0.838372 0.421653 -0.983838 -0.12965 0.123508 -0.485116 0.0448665 -0.846232 -0.530922 0.515264 
1533061414508 0.170765 0.342797 0.923758 0.101291 -0.930763 -0.251497 0.265387 -0.43131 0.323296 -0.905119 0.276116 0.46603 0.174685 -0.516542 0.838254 0.421669 -0.983629 -0.129821 0.124983 -0.485042 0.0442639 -0.846364 -0.530763 0.51524 
1533061414710 0.105094 0.563921 0.819114 0.00103791 -0.93464 -0.22536 0.275066 -0.40598 0.339711 -0.794485 0.503379 0.457359 0.176019 -0.516283 0.838134 0.421684 -0.983418 -0.129991 0.126458 -0.484968 0.0436618 -0.846495 -0.530603 0.515215 
1533061415033 0.0375279 0.749594 0.660833 -0.0987312 -0.940018 -0.197894 0.277857 -0.380768 0.339055 -0.631622 0.697205 0.447832 0.177353 -0.516025 0.838012 0.4217 -0.983205 -0.130161 0.127932 -0.484894 0.0430599 -0.846627 -0.530442 0.515191 
1533061415261 -0.0276014 0.888124 0.458774 -0.198436 -0.946564 -0.170752 0.273605 -0.355472 0.321332 -0.426708 0.84538 0.439552 0.178687 -0.515766 0.837888 0.421715 -0.982989 -0.13033 0.129406 -0.48482 0.0424583 -0.846758 -0.530281 0.515167 
1533061415268 -0.0860342 0.970272 0.226207 -0.298194 -0.953815 -0.145805 0.262635 -0.330288 0.28781 -0.193164 0.938005 0.431388 0.180021 -0.515507 0.837762 0.421731 -0.982772 -0.130498 0.13088 -0.484746 0.0418571 -0.84689 -0.530118 0.515142 
1533061415501 -0.134039 0.990735 -0.0218373 -0.39777 -0.961326 -0.124647 0.245592 -0.305169 0.240595 0.0539115 0.969127 0.423263 0.181354 -0.515248 0.837634 0.421746 -0.982552 -0.130667 0.132353 -0.484671 0.0412561 -0.847022 -0.529955 0.515118 
1533061415789 -0.168584 0.948212 -0.269209 -0.493562 -0.968562 -0.108667 0.223785 -0.280397 0.182942 0.298472 0.936721 0.414185 0.182683 -0.514988 0.837504 0.421762 -0.982331 -0.130834 0.133823 -0.484584 0.0406571 -0.847154 -0.52979 0.515092 
1533061416031 -0.168584 0.948212 -0.269209 -0.493562 -0.968562 -0.108667 0.223785 -0.280397 0.182942 0.298472 0.936721 0.414185 0.182775 -0.514955 0.837505 0.421833 -0.982316 -0.13084 0.133929 -0.484531 0.0406119 -0.847173 -0.529763 0.515094 
1533061416044 0.280997 -0.144242 0.948807 0.288097 -0.928314 -0.291654 0.23059 -0.482822 0.243463 -0.945586 -0.215856 0.480952 0.183137 -0.514463 0.837728 0.421832 -0.982274 -0.130421 0.134642 -0.484534 0.0399885 -0.847537 -0.529228 0.515004 
1533061416273 0.23054 0.100342 0.967875 0.201135 -0.928564 -0.274668 0.249652 -0.456615 0.290895 -0.956289 0.0298522 0.473682 0.183499 -0.51397 0.837952 0.421832 -0.982231 -0.13 0.135357 -0.484538 0.039365 -0.8479 -0.528692 0.514914 
1533061416467 0.170797 0.342768 0.923763 0.101204 -0.930753 -0.251505 0.265412 -0.431343 0.323305 -0.905127 0.276076 0.46609 0.183862 -0.513476 0.838175 0.421831 -0.982188 -0.12958 0.13607 -0.484541 0.0387417 -0.848264 -0.528155 0.514823 
1533061416662 0.105117 0.563893 0.819131 0.000974367 -0.934631 -0.225373 0.275086 -0.406016 0.339729 -0.794501 0.503341 0.457391 0.184225 -0.512983 0.838397 0.421831 -0.982145 -0.129159 0.136784 -0.484545 0.0381186 -0.848626 -0.527618 0.514733 
1533061416853 0.037532 0.749599 0.660828 -0.098765 -0.940009 -0.197905 0.277879 -0.380786 0.339079 -0.631613 0.697202 0.447975 0.184588 -0.51249 0.838619 0.42183 -0.982101 -0.128737 0.137496 -0.484548 0.0374959 -0.848988 -0.52708 0.514643 
1533061417048 -0.0276042 0.888124 0.458774 -0.198421 -0.94656 -0.17076 0.273615 -0.355467 0.321344 -0.426704 0.845377 0.439557 0.184951 -0.511997 0.83884 0.421829 -0.982056 -0.128315 0.138209 -0.484551 0.0368737 -0.849349 -0.526541 0.514553 
1533061417256 -0.0860376 0.970272 0.226209 -0.298196 -0.953813 -0.14581 0.262641 -0.330284 0.287817 -0.193164 0.938003 0.431401 0.185315 -0.511504 0.83906 0.421829 -0.98201 -0.127893 0.138921 -0.484555 0.0362508 -0.84971 -0.526002 0.514463 
1533061417457 -0.134042 0.990735 -0.0218363 -0.397779 -0.961325 -0.12465 0.245593 -0.305167 0.240596 0.0539115 0.969127 0.423273 0.185679 -0.511011 0.83928 0.421828 -0.981964 -0.12747 0.139633 -0.484557 0.0356288 -0.85007 -0.525463 0.514372 
1533061417651 -0.1686 0.948208 -0.269212 -0.493579 -0.968557 -0.108678 0.223798 -0.280408 0.18295 0.29848 0.936717 0.414128 0.186041 -0.510519 0.839499 0.421828 -0.981918 -0.127047 0.140343 -0.484552 0.0350078 -0.850429 -0.524924 0.514285 
1533061417837 -0.1686 0.948208 -0.269212 -0.493579 -0.968557 -0.108678 0.223798 -0.280408 0.18295 0.29848 0.936717 0.414128 0.186031 -0.510568 0.839472 0.42182 -0.981919 -0.127082 0.140307 -0.484523 0.035046 -0.850394 -0.524978 0.514312 
1533061417850 0.281037 -0.144255 0.948793 0.288062 -0.928299 -0.291676 0.23062 -0.482604 0.243472 -0.945577 -0.215883 0.480814 0.185143 -0.510661 0.839611 0.421824 -0.982104 -0.126193 0.139812 -0.484509 0.0345568 -0.850471 -0.524886 0.514299 
1533061418059 0.230583 0.100308 0.967869 0.201037 -0.928554 -0.274675 0.249683 -0.456628 0.290895 -0.956291 0.0298059 0.473759 0.184253 -0.510755 0.83975 0.421829 -0.982288 -0.125303 0.139315 -0.484495 0.0340671 -0.850546 -0.524796 0.514286 
1533061418254 0.170822 0.342744 0.923767 0.101135 -0.930746 -0.251511 0.265431 -0.431369 0.323313 -0.905134 0.276044 0.466138 0.183363 -0.510847 0.839889 0.421833 -0.982472 -0.124413 0.13882 -0.48448 0.0335774 -0.850621 -0.524706 0.514273 
1533061418466 0.105134 0.563872 0.819143 0.000924957 -0.934624 -0.225382 0.275102 -0.406044 0.339743 -0.794513 0.503313 0.457415 0.182472 -0.51094 0.840027 0.421837 -0.982654 -0.123522 0.138323 -0.484466 0.0330877 -0.850696 -0.524616 0.51426 
1533061418696 0.0375375 0.749601 0.660824 -0.0987925 -0.940003 -0.197911 0.277895 -0.380799 0.339094 -0.631608 0.697199 0.448076 0.181583 -0.51103 0.840164 0.421841 -0.982835 -0.122632 0.137827 -0.484452 0.0325976 -0.85077 -0.524527 0.514247 
1533061418879 -0.0276058 0.888125 0.458773 -0.198407 -0.946557 -0.170766 0.273623 -0.355463 0.321354 -0.426701 0.845375 0.439558 0.180692 -0.511121 0.840301 0.421846 -0.983016 -0.121742 0.13733 -0.484438 0.0321075 -0.850843 -0.524437 0.514233 
1533061419129 -0.0860399 0.970271 0.22621 -0.298197 -0.953811 -0.145814 0.262646 -0.330283 0.287822 -0.193163 0.938001 0.431411 0.179802 -0.51121 0.840438 0.42185 -0.983195 -0.120851 0.136833 -0.484424 0.0316173 -0.850917 -0.524348 0.51422 
1533061419319 -0.134044 0.990735 -0.0218355 -0.397786 -0.961325 -0.124652 0.245595 -0.305166 0.240598 0.0539115 0.969127 0.423281 0.178911 -0.511299 0.840574 0.421855 -0.983373 -0.11996 0.136336 -0.48441 0.0311271 -0.850989 -0.52426 0.514207 
1533061419326 -0.168612 0.948205 -0.269215 -0.493591 -0.968554 -0.108687 0.223809 -0.280418 0.182957 0.298486 0.936714 0.414082 0.178022 -0.511387 0.840709 0.421859 -0.98355 -0.11907 0.13584 -0.484403 0.0306365 -0.851062 -0.524171 0.514194 
1533061419513 -0.168612 0.948205 -0.269215 -0.493591 -0.968554 -0.108687 0.223809 -0.280418 0.182957 0.298486 0.936714 0.414082 0.178929 -0.511315 0.84056 0.421896 -0.983366 -0.120067 0.136291 -0.484409 0.0312361 -0.850964 -0.524294 0.514229 
1533061419530 0.281072 -0.144265 0.948781 0.288026 -0.928287 -0.291695 0.230648 -0.482431 0.24348 -0.94557 -0.215907 0.4807 0.176441 -0.511588 0.84092 0.421927 -0.983675 -0.122358 0.131955 -0.484526 0.0353865 -0.850474 -0.524826 0.514284 
1533061419831 0.230618 0.100279 0.967863 0.200955 -0.928545 -0.274681 0.249708 -0.456641 0.290895 -0.956292 0.0297671 0.473824 0.173952 -0.511867 0.841269 0.421958 -0.98396 -0.124647 0.127615 -0.484642 0.0395397 -0.849974 -0.525339 0.51434 
1533061420136 0.170843 0.342725 0.923771 0.101078 -0.93074 -0.251516 0.265447 -0.431392 0.323319 -0.90514 0.276018 0.466178 0.171462 -0.512151 0.841607 0.42199 -0.984221 -0.126934 0.123273 -0.484759 0.0436939 -0.849464 -0.525834 0.514395 
1533061420464 0.105148 0.563855 0.819153 0.000885091 -0.934619 -0.22539 0.275114 -0.406067 0.339753 -0.794523 0.50329 0.457434 0.168971 -0.512441 0.841934 0.422021 -0.984459 -0.129217 0.118927 -0.484876 0.047849 -0.848945 -0.526311 0.514451 
