1533570154885 0.174811 0.936874 -0.302833 -0.597965 -0.95102 0.240306 0.194457 -0.254535 0.254954 0.254007 0.932995 0.377304 1 0 0 0 0 1 0 0 0 0 1 1.306 
1533570154896 0.176697 0.936133 -0.304028 -0.599575 -0.951008 0.241994 0.192413 -0.253963 0.253697 0.255135 0.93303 0.37769 0.313239 -0.3866 0.867422 0.386189 -0.93126 -0.304042 0.200784 -0.500185 0.18611 -0.870689 -0.455263 0.505382 
1533570155121 0.178584 0.935387 -0.305219 -0.601184 -0.950989 0.24368 0.190367 -0.253391 0.252442 0.256264 0.93306 0.378076 0.316244 -0.384866 0.867103 0.400217 -0.929998 -0.306258 0.203249 -0.504049 0.187334 -0.87068 -0.454777 0.486145 
1533570155348 0.180472 0.934637 -0.306406 -0.602794 -0.950965 0.245362 0.188318 -0.252819 0.251189 0.257395 0.933087 0.378463 0.316258 -0.384857 0.867102 0.400836 -0.929992 -0.306267 0.203261 -0.504368 0.187338 -0.870681 -0.454774 0.485921 
1533570155577 0.182361 0.933881 -0.307588 -0.604403 -0.950934 0.247041 0.186266 -0.252247 0.249937 0.258529 0.93311 0.378849 0.316239 -0.384881 0.867098 0.400855 -0.93 -0.306257 0.203241 -0.504361 0.187331 -0.870674 -0.454789 0.485943 
1533570155804 0.184251 0.933121 -0.308767 -0.606012 -0.950898 0.248716 0.184212 -0.251675 0.248687 0.259664 0.933129 0.379235 0.316214 -0.384899 0.867099 0.400827 -0.930009 -0.306245 0.203216 -0.504329 0.187327 -0.87067 -0.454799 0.48594 
1533570156035 0.186142 0.932357 -0.30994 -0.607622 -0.950855 0.250388 0.182155 -0.251103 0.247439 0.260801 0.933144 0.379621 0.3162 -0.384907 0.867101 0.400798 -0.930014 -0.306239 0.203202 -0.504306 0.187326 -0.870669 -0.454801 0.485922 
1533570156262 0.188034 0.931587 -0.311108 -0.609231 -0.950807 0.252057 0.180095 -0.25053 0.246191 0.26194 0.933155 0.380007 0.316197 -0.384904 0.867103 0.400778 -0.930014 -0.30624 0.2032 -0.504292 0.187329 -0.87067 -0.454799 0.485903 
1533570156490 0.189927 0.930813 -0.312273 -0.610832 -0.950752 0.253723 0.178033 -0.249957 0.244946 0.263081 0.933161 0.380394 0.316201 -0.384895 0.867106 0.400765 -0.930012 -0.306246 0.203202 -0.504277 0.187337 -0.870672 -0.454792 0.485883 
1533570156722 0.191815 0.930034 -0.31344 -0.61234 -0.95069 0.255383 0.175977 -0.249393 0.243712 0.264229 0.93316 0.380767 0.316123 -0.384928 0.86712 0.40068 -0.93004 -0.30621 0.20313 -0.504145 0.18733 -0.87067 -0.454798 0.485852 
1533570156953 0.191107 0.930223 -0.313311 -0.611984 -0.95075 0.25478 0.176524 -0.249457 0.244032 0.264146 0.9331 0.380574 1 0 0 0 0 1 0 0 0 0 1 1.306 
1533570156964 0.191369 0.930126 -0.313439 -0.612192 -0.950738 0.255007 0.176261 -0.249393 0.243875 0.264268 0.933106 0.380633 0.313239 -0.3866 0.867422 0.386189 -0.93126 -0.304042 0.200784 -0.500185 0.18611 -0.870689 -0.455263 0.505382 
1533570156981 0.191632 0.930029 -0.313567 -0.612399 -0.950725 0.255236 0.175999 -0.249329 0.243718 0.264389 0.933113 0.380692 0.316244 -0.384866 0.867103 0.400216 -0.929998 -0.306258 0.203249 -0.504049 0.187334 -0.87068 -0.454777 0.486145 
1533570156997 0.191895 0.929931 -0.313695 -0.612607 -0.950713 0.255464 0.175737 -0.249264 0.243561 0.26451 0.93312 0.380752 0.316258 -0.384857 0.867102 0.400836 -0.929992 -0.306267 0.203261 -0.504368 0.187338 -0.870681 -0.454774 0.485921 
1533570157014 0.192157 0.929834 -0.313822 -0.612814 -0.9507 0.255693 0.175475 -0.2492 0.243405 0.264632 0.933126 0.380811 0.316239 -0.384881 0.867098 0.400855 -0.93 -0.306257 0.203241 -0.504361 0.187331 -0.870674 -0.454789 0.485943 
1533570157155 0.19242 0.929737 -0.31395 -0.613022 -0.950686 0.255921 0.175214 -0.249136 0.243249 0.264754 0.933132 0.38087 0.316214 -0.384899 0.867099 0.400827 -0.930009 -0.306245 0.203216 -0.504329 0.187327 -0.87067 -0.454799 0.48594 
1533570157186 0.192683 0.929639 -0.314077 -0.61323 -0.950673 0.256149 0.174951 -0.249072 0.243092 0.264875 0.933139 0.380929 0.3162 -0.384907 0.867101 0.400798 -0.930014 -0.306239 0.203202 -0.504306 0.187326 -0.870669 -0.454801 0.485922 
1533570157226 0.192945 0.929541 -0.314205 -0.613437 -0.95066 0.256378 0.174689 -0.249008 0.242936 0.264997 0.933145 0.380988 0.316197 -0.384904 0.867103 0.400778 -0.930014 -0.30624 0.2032 -0.504292 0.187329 -0.87067 -0.454799 0.485903 
1533570157295 0.193208 0.929444 -0.314332 -0.613644 -0.950646 0.256606 0.174427 -0.248943 0.24278 0.265118 0.933151 0.381048 0.316201 -0.384895 0.867106 0.400765 -0.930012 -0.306246 0.203202 -0.504277 0.187337 -0.870672 -0.454792 0.485883 
1533570157343 0.19347 0.929346 -0.31446 -0.613838 -0.950633 0.256833 0.174166 -0.24888 0.242624 0.26524 0.933157 0.381105 0.316123 -0.384928 0.86712 0.40068 -0.93004 -0.30621 0.20313 -0.504145 0.18733 -0.87067 -0.454798 0.485852 
1533570157398 0.193183 0.929486 -0.314223 -0.613471 -0.950618 0.256598 0.174596 -0.24907 0.242913 0.264977 0.933156 0.381011 1 0 0 0 0 1 0 0 0 0 1 1.306 
1533570157411 0.193516 0.929518 -0.313925 -0.613536 -0.950557 0.256849 0.174558 -0.249051 0.242886 0.264623 0.933264 0.380941 0.313239 -0.3866 0.867422 0.386189 -0.93126 -0.304042 0.200784 -0.500185 0.18611 -0.870689 -0.455263 0.505382 
1533570157427 0.193848 0.929549 -0.313625 -0.613602 -0.950496 0.257099 0.174521 -0.249032 0.242859 0.264269 0.933371 0.380872 0.316244 -0.384866 0.867103 0.400216 -0.929998 -0.306258 0.203249 -0.504049 0.187334 -0.87068 -0.454777 0.486145 
1533570157444 0.194181 0.929581 -0.313325 -0.613667 -0.950435 0.257349 0.174484 -0.249013 0.242831 0.263914 0.933479 0.380802 0.316258 -0.384857 0.867102 0.400836 -0.929992 -0.306267 0.203261 -0.504368 0.187338 -0.870681 -0.454774 0.485921 
1533570157551 0.194514 0.929612 -0.313026 -0.613732 -0.950374 0.257599 0.174447 -0.248994 0.242803 0.263559 0.933586 0.380732 0.316239 -0.384881 0.867098 0.400855 -0.93 -0.306257 0.203241 -0.504361 0.187331 -0.870674 -0.454789 0.485943 
1533570157571 0.194846 0.929644 -0.312726 -0.613797 -0.950313 0.257849 0.17441 -0.248976 0.242775 0.263204 0.933694 0.380663 0.316214 -0.384899 0.867099 0.400827 -0.930009 -0.306245 0.203216 -0.504329 0.187327 -0.87067 -0.454799 0.48594 
1533570157595 0.195179 0.929675 -0.312426 -0.613863 -0.950252 0.258099 0.174373 -0.248957 0.242747 0.262849 0.933801 0.380593 0.3162 -0.384907 0.867101 0.400798 -0.930014 -0.306239 0.203202 -0.504306 0.187326 -0.870669 -0.454801 0.485922 
1533570157666 0.195512 0.929706 -0.312126 -0.613928 -0.950191 0.258349 0.174337 -0.248938 0.242719 0.262495 0.933908 0.380523 0.316197 -0.384904 0.867103 0.400778 -0.930014 -0.30624 0.2032 -0.504292 0.187329 -0.87067 -0.454799 0.485903 
1533570157701 0.195844 0.929736 -0.311826 -0.613993 -0.95013 0.258599 0.1743 -0.248919 0.242691 0.262139 0.934015 0.380454 0.316201 -0.384895 0.867106 0.400765 -0.930012 -0.306246 0.203202 -0.504277 0.187337 -0.870672 -0.454792 0.485883 
1533570157749 0.196176 0.929766 -0.311527 -0.614049 -0.950068 0.258849 0.174263 -0.248899 0.242663 0.261786 0.934121 0.380387 0.316123 -0.384928 0.86712 0.40068 -0.93004 -0.30621 0.20313 -0.504145 0.18733 -0.87067 -0.454798 0.485852 
1533570157792 0.195399 0.929667 -0.312312 -0.613919 -0.950225 0.258266 0.174275 -0.248979 0.242677 0.262713 0.933857 0.380483 1 0 0 0 0 1 0 0 0 0 1 1.306 
1533570157804 0.195493 0.929974 -0.311338 -0.613923 -0.950161 0.258219 0.17469 -0.24904 0.242851 0.261671 0.934105 0.380419 0.313239 -0.3866 0.867422 0.386189 -0.93126 -0.304042 0.200784 -0.500185 0.18611 -0.870689 -0.455263 0.505382 
1533570157821 0.195592 0.930282 -0.310353 -0.613928 -0.950097 0.258175 0.175106 -0.249099 0.243023 0.260616 0.934355 0.380353 0.316244 -0.384866 0.867103 0.400216 -0.929998 -0.306258 0.203249 -0.504049 0.187334 -0.87068 -0.454777 0.486145 
1533570157947 0.195692 0.930589 -0.309367 -0.613932 -0.950032 0.258131 0.175521 -0.249159 0.243195 0.25956 0.934604 0.380288 0.316258 -0.384857 0.867102 0.400836 -0.929992 -0.306267 0.203261 -0.504368 0.187338 -0.870681 -0.454774 0.485921 
1533570158062 0.195792 0.930896 -0.308381 -0.613937 -0.949967 0.258087 0.175937 -0.249218 0.243368 0.258505 0.934852 0.380222 0.316239 -0.384881 0.867098 0.400855 -0.93 -0.306257 0.203241 -0.504361 0.187331 -0.870674 -0.454789 0.485943 
1533570158178 0.195893 0.931201 -0.307395 -0.613942 -0.949902 0.258042 0.176352 -0.249278 0.24354 0.257449 0.935098 0.380157 0.316214 -0.384899 0.867099 0.400827 -0.930009 -0.306245 0.203216 -0.504329 0.187327 -0.87067 -0.454799 0.48594 
1533570158288 0.195993 0.931505 -0.306407 -0.613947 -0.949838 0.257996 0.176767 -0.249338 0.243711 0.256392 0.935344 0.380092 0.3162 -0.384907 0.867101 0.400798 -0.930014 -0.306239 0.203202 -0.504306 0.187326 -0.870669 -0.454801 0.485922 
1533570158395 0.196094 0.931808 -0.305421 -0.613951 -0.949773 0.25795 0.177183 -0.249397 0.243883 0.255336 0.935588 0.380026 0.316197 -0.384904 0.867103 0.400778 -0.930014 -0.30624 0.2032 -0.504292 0.187329 -0.87067 -0.454799 0.485903 
1533570158502 0.196195 0.93211 -0.304433 -0.613955 -0.949708 0.257903 0.177598 -0.249456 0.244055 0.254278 0.935831 0.379961 0.316201 -0.384895 0.867106 0.400765 -0.930012 -0.306246 0.203202 -0.504277 0.187337 -0.870672 -0.454792 0.485883 
1533570158619 0.196297 0.932409 -0.303449 -0.613946 -0.949643 0.257858 0.17801 -0.249509 0.244225 0.253226 0.936072 0.379903 0.316123 -0.384928 0.86712 0.40068 -0.93004 -0.30621 0.20313 -0.504145 0.18733 -0.87067 -0.454798 0.485852 
1533570158743 0.196284 0.932136 -0.304293 -0.613965 -0.949682 0.257969 0.177641 -0.249501 0.244084 0.254113 0.935868 0.379901 1 0 0 0 0 1 0 0 0 0 1 1.306 
1533570158754 0.196258 0.93214 -0.304299 -0.613923 -0.94965 0.257985 0.17779 -0.249509 0.24423 0.254085 0.935838 0.379955 0.313239 -0.3866 0.867422 0.386189 -0.93126 -0.304042 0.200784 -0.500185 0.18611 -0.870689 -0.455263 0.505382 
1533570158761 0.196231 0.932143 -0.304307 -0.613882 -0.949617 0.258 0.17794 -0.249516 0.244377 0.254058 0.935807 0.380008 0.316244 -0.384866 0.867103 0.400216 -0.929998 -0.306258 0.203249 -0.504049 0.187334 -0.87068 -0.454777 0.486145 
1533570158775 0.196205 0.932146 -0.304314 -0.61384 -0.949585 0.258016 0.178089 -0.249524 0.244523 0.25403 0.935776 0.380062 0.316258 -0.384857 0.867102 0.400836 -0.929992 -0.306267 0.203261 -0.504368 0.187338 -0.870681 -0.454774 0.485921 
1533570158863 0.196178 0.932149 -0.304322 -0.613798 -0.949553 0.258031 0.178238 -0.249531 0.244669 0.254003 0.935745 0.380116 0.316239 -0.384881 0.867098 0.400855 -0.93 -0.306257 0.203241 -0.504361 0.187331 -0.870674 -0.454789 0.485943 
1533570158880 0.196152 0.932152 -0.304329 -0.613757 -0.949521 0.258047 0.178388 -0.249539 0.244816 0.253976 0.935714 0.380169 0.316214 -0.384899 0.867099 0.400827 -0.930009 -0.306245 0.203216 -0.504329 0.187327 -0.87067 -0.454799 0.48594 
1533570158896 0.196125 0.932156 -0.304336 -0.613715 -0.949489 0.258062 0.178537 -0.249547 0.244962 0.253948 0.935684 0.380223 0.3162 -0.384907 0.867101 0.400798 -0.930014 -0.306239 0.203202 -0.504306 0.187326 -0.870669 -0.454801 0.485922 
1533570158915 0.196099 0.932159 -0.304344 -0.613673 -0.949456 0.258078 0.178686 -0.249554 0.245108 0.253921 0.935653 0.380277 0.316197 -0.384904 0.867103 0.400778 -0.930014 -0.30624 0.2032 -0.504292 0.187329 -0.87067 -0.454799 0.485903 
1533570158930 0.196072 0.932162 -0.304352 -0.613632 -0.949424 0.258093 0.178836 -0.249562 0.245255 0.253894 0.935622 0.380331 0.316201 -0.384895 0.867106 0.400765 -0.930012 -0.306246 0.203202 -0.504277 0.187337 -0.870672 -0.454792 0.485883 
1533570158946 0.196046 0.932165 -0.304359 -0.613593 -0.949392 0.258109 0.178985 -0.24957 0.245401 0.253866 0.935591 0.380383 0.316123 -0.384928 0.86712 0.40068 -0.93004 -0.30621 0.20313 -0.504145 0.18733 -0.87067 -0.454798 0.485852 
1533570158972 0.196072 0.932172 -0.304321 -0.613817 -0.949608 0.257896 0.178141 -0.249464 0.244541 0.254058 0.935764 0.380091 1 0 0 0 0 1 0 0 0 0 1 1.306 
1533570158983 0.196005 0.93216 -0.304401 -0.613762 -0.949639 0.257831 0.178072 -0.249463 0.244475 0.254168 0.935751 0.380136 0.313239 -0.3866 0.867422 0.386189 -0.93126 -0.304042 0.200784 -0.500185 0.18611 -0.870689 -0.455263 0.505382 
1533570159000 0.195939 0.932148 -0.30448 -0.613706 -0.94967 0.257765 0.178002 -0.249461 0.244409 0.254278 0.935739 0.38018 0.316244 -0.384866 0.867103 0.400216 -0.929998 -0.306258 0.203249 -0.504049 0.187334 -0.87068 -0.454777 0.486145 
1533570159016 0.195872 0.932136 -0.30456 -0.613651 -0.949701 0.257699 0.177933 -0.24946 0.244342 0.254389 0.935726 0.380224 0.316258 -0.384857 0.867102 0.400836 -0.929992 -0.306267 0.203261 -0.504368 0.187338 -0.870681 -0.454774 0.485921 
1533570159033 0.195805 0.932124 -0.304639 -0.613595 -0.949731 0.257633 0.177863 -0.249459 0.244276 0.254499 0.935713 0.380269 0.316239 -0.384881 0.867098 0.400855 -0.93 -0.306257 0.203241 -0.504361 0.187331 -0.870674 -0.454789 0.485943 
1533570159050 0.195738 0.932112 -0.304719 -0.61354 -0.949762 0.257568 0.177794 -0.249458 0.24421 0.254609 0.935701 0.380313 0.316214 -0.384899 0.867099 0.400827 -0.930009 -0.306245 0.203216 -0.504329 0.187327 -0.87067 -0.454799 0.48594 
1533570159066 0.195672 0.9321 -0.304798 -0.613485 -0.949793 0.257502 0.177725 -0.249456 0.244143 0.254719 0.935688 0.380358 0.3162 -0.384907 0.867101 0.400798 -0.930014 -0.306239 0.203202 -0.504306 0.187326 -0.870669 -0.454801 0.485922 
1533570159116 0.195605 0.932088 -0.304877 -0.613429 -0.949824 0.257436 0.177656 -0.249455 0.244077 0.254829 0.935675 0.380402 0.316197 -0.384904 0.867103 0.400778 -0.930014 -0.30624 0.2032 -0.504292 0.187329 -0.87067 -0.454799 0.485903 
1533570159152 0.195538 0.932077 -0.304956 -0.613374 -0.949855 0.25737 0.177586 -0.249454 0.244011 0.254939 0.935663 0.380447 0.316201 -0.384895 0.867106 0.400765 -0.930012 -0.306246 0.203202 -0.504277 0.187337 -0.870672 -0.454792 0.485883 
1533570159175 0.195471 0.932065 -0.305035 -0.613325 -0.949885 0.257304 0.177517 -0.249454 0.243944 0.255049 0.93565 0.38049 0.316123 -0.384928 0.86712 0.40068 -0.93004 -0.30621 0.20313 -0.504145 0.18733 -0.87067 -0.454798 0.485852 
1533570159203 0.195339 0.932145 -0.304874 -0.61358 -0.949846 0.257218 0.177852 -0.24936 0.244203 0.254842 0.935639 0.380297 1 0 0 0 0 1 0 0 0 0 1 1.306 
1533570159217 0.195007 0.93203 -0.305437 -0.6135 -0.949905 0.257021 0.177821 -0.249483 0.244239 0.25546 0.935461 0.380392 0.313239 -0.3866 0.867422 0.386189 -0.93126 -0.304042 0.200784 -0.500185 0.18611 -0.870689 -0.455263 0.505382 
1533570159232 0.194674 0.931915 -0.306 -0.613421 -0.949964 0.256823 0.177791 -0.249607 0.244274 0.256078 0.935283 0.380487 0.316244 -0.384866 0.867103 0.400216 -0.929998 -0.306258 0.203249 -0.504049 0.187334 -0.87068 -0.454777 0.486145 
1533570159302 0.194341 0.9318 -0.306564 -0.613341 -0.950023 0.256625 0.177762 -0.24973 0.24431 0.256696 0.935104 0.380583 0.316258 -0.384857 0.867102 0.400836 -0.929992 -0.306267 0.203261 -0.504368 0.187338 -0.870681 -0.454774 0.485921 
1533570159355 0.194007 0.931684 -0.307126 -0.613262 -0.950082 0.256427 0.177732 -0.249854 0.244346 0.257314 0.934925 0.380678 0.316239 -0.384881 0.867098 0.400855 -0.93 -0.306257 0.203241 -0.504361 0.187331 -0.870674 -0.454789 0.485943 
1533570159427 0.193674 0.931567 -0.30769 -0.613182 -0.950141 0.25623 0.177702 -0.249977 0.244381 0.257932 0.934745 0.380773 0.316214 -0.384899 0.867099 0.400827 -0.930009 -0.306245 0.203216 -0.504329 0.187327 -0.87067 -0.454799 0.48594 
1533570159475 0.193341 0.93145 -0.308253 -0.613102 -0.9502 0.256032 0.177673 -0.2501 0.244416 0.25855 0.934566 0.380868 0.3162 -0.384907 0.867101 0.400798 -0.930014 -0.306239 0.203202 -0.504306 0.187326 -0.870669 -0.454801 0.485922 
1533570159544 0.193008 0.931333 -0.308816 -0.613023 -0.950259 0.255834 0.177643 -0.250224 0.244451 0.259168 0.934385 0.380963 0.316197 -0.384904 0.867103 0.400778 -0.930014 -0.30624 0.2032 -0.504292 0.187329 -0.87067 -0.454799 0.485903 
1533570159604 0.192674 0.931215 -0.309378 -0.612944 -0.950318 0.255636 0.177614 -0.250347 0.244485 0.259786 0.934205 0.381058 0.316201 -0.384895 0.867106 0.400765 -0.930012 -0.306246 0.203202 -0.504277 0.187337 -0.870672 -0.454792 0.485883 
1533570159670 0.192342 0.931098 -0.309938 -0.612876 -0.950376 0.255438 0.177585 -0.250471 0.244519 0.260401 0.934025 0.381149 0.316123 -0.384928 0.86712 0.40068 -0.93004 -0.30621 0.20313 -0.504145 0.18733 -0.87067 -0.454798 0.485852 
1533570159743 0.192748 0.931232 -0.309281 -0.612995 -0.950279 0.255712 0.17771 -0.250287 0.244576 0.25965 0.934219 0.381004 1 0 0 0 0 1 0 0 0 0 1 1.306 
1533570159755 0.192361 0.931261 -0.309434 -0.612917 -0.950335 0.255399 0.17786 -0.250472 0.244663 0.259853 0.93414 0.381003 0.313239 -0.3866 0.867422 0.386189 -0.93126 -0.304042 0.200784 -0.500185 0.18611 -0.870689 -0.455263 0.505382 
1533570159772 0.191974 0.931291 -0.309586 -0.612838 -0.950391 0.255087 0.178009 -0.250657 0.24475 0.260055 0.93406 0.381003 0.316244 -0.384866 0.867103 0.400216 -0.929998 -0.306258 0.203249 -0.504049 0.187334 -0.87068 -0.454777 0.486145 
1533570159859 0.191587 0.93132 -0.309739 -0.61276 -0.950447 0.254774 0.178159 -0.250842 0.244837 0.260258 0.933981 0.381002 0.316258 -0.384857 0.867102 0.400836 -0.929992 -0.306267 0.203261 -0.504368 0.187338 -0.870681 -0.454774 0.485921 
1533570159916 0.191199 0.931348 -0.309892 -0.612681 -0.950503 0.254461 0.178309 -0.251027 0.244923 0.26046 0.933902 0.381001 0.316239 -0.384881 0.867098 0.400855 -0.93 -0.306257 0.203241 -0.504361 0.187331 -0.870674 -0.454789 0.485943 
1533570159979 0.190812 0.931377 -0.310044 -0.612603 -0.950558 0.254148 0.178459 -0.251212 0.24501 0.260663 0.933823 0.381 0.316214 -0.384899 0.867099 0.400827 -0.930009 -0.306245 0.203216 -0.504329 0.187327 -0.87067 -0.454799 0.48594 
1533570160051 0.190424 0.931406 -0.310196 -0.612524 -0.950614 0.253835 0.178609 -0.251397 0.245097 0.260865 0.933743 0.381 0.3162 -0.384907 0.867101 0.400798 -0.930014 -0.306239 0.203202 -0.504306 0.187326 -0.870669 -0.454801 0.485922 
1533570160099 0.190037 0.931434 -0.310349 -0.612446 -0.950669 0.253523 0.178759 -0.251582 0.245183 0.261068 0.933664 0.380999 0.316197 -0.384904 0.867103 0.400778 -0.930014 -0.30624 0.2032 -0.504292 0.187329 -0.87067 -0.454799 0.485903 
1533570160185 0.189649 0.931463 -0.310501 -0.612367 -0.950724 0.25321 0.17891 -0.251767 0.245269 0.26127 0.933585 0.380998 0.316201 -0.384895 0.867106 0.400765 -0.930012 -0.306246 0.203202 -0.504277 0.187337 -0.870672 -0.454792 0.485883 
1533570160234 0.189262 0.931491 -0.310652 -0.612294 -0.950779 0.252897 0.179059 -0.251948 0.245355 0.261473 0.933506 0.380998 0.316123 -0.384928 0.86712 0.40068 -0.93004 -0.30621 0.20313 -0.504145 0.18733 -0.87067 -0.454798 0.485852 
1533570160323 0.189748 0.931455 -0.310463 -0.612415 -0.950726 0.253273 0.17881 -0.251704 0.245185 0.261237 0.933617 0.38098 1 0 0 0 0 1 0 0 0 0 1 1.306 
1533570160335 0.189649 0.9315 -0.310388 -0.612345 -0.950782 0.253127 0.17872 -0.251797 0.245046 0.261217 0.933658 0.380936 0.313239 -0.3866 0.867422 0.386189 -0.93126 -0.304042 0.200784 -0.500185 0.18611 -0.870689 -0.455263 0.505382 
1533570160351 0.18955 0.931545 -0.310313 -0.612274 -0.950837 0.252981 0.178632 -0.25189 0.244907 0.261197 0.9337 0.380891 0.316244 -0.384866 0.867103 0.400216 -0.929998 -0.306258 0.203249 -0.504049 0.187334 -0.87068 -0.454777 0.486145 
1533570160368 0.189452 0.93159 -0.310238 -0.612204 -0.950892 0.252836 0.178543 -0.251982 0.244768 0.261178 0.933742 0.380847 0.316258 -0.384857 0.867102 0.400836 -0.929992 -0.306267 0.203261 -0.504368 0.187338 -0.870681 -0.454774 0.485921 
1533570160385 0.189353 0.931636 -0.310162 -0.612134 -0.950948 0.25269 0.178454 -0.252075 0.244629 0.261157 0.933784 0.380803 0.316239 -0.384881 0.867098 0.400855 -0.93 -0.306257 0.203241 -0.504361 0.187331 -0.870674 -0.454789 0.485943 
1533570160402 0.189255 0.931681 -0.310087 -0.612064 -0.951003 0.252544 0.178366 -0.252168 0.24449 0.261137 0.933826 0.380758 0.316214 -0.384899 0.867099 0.400827 -0.930009 -0.306245 0.203216 -0.504329 0.187327 -0.87067 -0.454799 0.48594 
1533570160418 0.189156 0.931726 -0.310012 -0.611993 -0.951059 0.252398 0.178277 -0.252261 0.244352 0.261117 0.933868 0.380714 0.3162 -0.384907 0.867101 0.400798 -0.930014 -0.306239 0.203202 -0.504306 0.187326 -0.870669 -0.454801 0.485922 
1533570160425 0.189057 0.931771 -0.309936 -0.611923 -0.951114 0.252253 0.178188 -0.252354 0.244213 0.261097 0.93391 0.38067 0.316197 -0.384904 0.867103 0.400778 -0.930014 -0.30624 0.2032 -0.504292 0.187329 -0.87067 -0.454799 0.485903 
1533570160516 0.188958 0.931816 -0.309861 -0.611853 -0.951169 0.252107 0.178099 -0.252446 0.244074 0.261077 0.933952 0.380626 0.316201 -0.384895 0.867106 0.400765 -0.930012 -0.306246 0.203202 -0.504277 0.187337 -0.870672 -0.454792 0.485883 
1533570160538 0.188861 0.931861 -0.309786 -0.611786 -0.951224 0.251962 0.17801 -0.252538 0.243935 0.261056 0.933994 0.380582 0.316123 -0.384928 0.86712 0.40068 -0.93004 -0.30621 0.20313 -0.504145 0.18733 -0.87067 -0.454798 0.485852 
1533570160566 0.189206 0.931699 -0.31006 -0.612069 -0.951018 0.252487 0.178366 -0.252164 0.24447 0.261125 0.933835 0.380776 1 0 0 0 0 1 0 0 0 0 1 1.306 
1533570160578 0.189074 0.931764 -0.309946 -0.611921 -0.950961 0.25243 0.178751 -0.252261 0.244793 0.26095 0.933799 0.380693 0.313239 -0.3866 0.867422 0.386189 -0.93126 -0.304042 0.200784 -0.500185 0.18611 -0.870689 -0.455263 0.505382 
1533570160595 0.188942 0.931829 -0.309832 -0.611773 -0.950904 0.252373 0.179136 -0.252357 0.245117 0.260774 0.933763 0.38061 0.316244 -0.384866 0.867103 0.400216 -0.929998 -0.306258 0.203249 -0.504049 0.187334 -0.87068 -0.454777 0.486145 
1533570160611 0.18881 0.931893 -0.309718 -0.611624 -0.950846 0.252315 0.179522 -0.252453 0.245442 0.260599 0.933727 0.380527 0.316258 -0.384857 0.867102 0.400836 -0.929992 -0.306267 0.203261 -0.504368 0.187338 -0.870681 -0.454774 0.485921 
1533570160689 0.188679 0.931958 -0.309604 -0.611476 -0.950789 0.252258 0.179907 -0.25255 0.245766 0.260423 0.933691 0.380444 0.316239 -0.384881 0.867098 0.400855 -0.93 -0.306257 0.203241 -0.504361 0.187331 -0.870674 -0.454789 0.485943 
1533570160726 0.188547 0.932022 -0.30949 -0.611328 -0.950731 0.2522 0.180292 -0.252647 0.24609 0.260248 0.933655 0.38036 0.316214 -0.384899 0.867099 0.400827 -0.930009 -0.306245 0.203216 -0.504329 0.187327 -0.87067 -0.454799 0.48594 
1533570160764 0.188415 0.932087 -0.309375 -0.61118 -0.950673 0.252142 0.180678 -0.252743 0.246414 0.260072 0.933618 0.380277 0.3162 -0.384907 0.867101 0.400798 -0.930014 -0.306239 0.203202 -0.504306 0.187326 -0.870669 -0.454801 0.485922 
1533570160809 0.188284 0.932152 -0.309261 -0.611032 -0.950615 0.252085 0.181064 -0.252839 0.246739 0.259897 0.933581 0.380194 0.316197 -0.384904 0.867103 0.400778 -0.930014 -0.30624 0.2032 -0.504292 0.187329 -0.87067 -0.454799 0.485903 
1533570160844 0.188152 0.932216 -0.309146 -0.610884 -0.950557 0.252027 0.181449 -0.252936 0.247063 0.259721 0.933544 0.380111 0.316201 -0.384895 0.867106 0.400765 -0.930012 -0.306246 0.203202 -0.504277 0.187337 -0.870672 -0.454792 0.485883 
1533570160882 0.188021 0.932281 -0.309032 -0.610744 -0.950499 0.251969 0.181833 -0.25303 0.247386 0.259546 0.933508 0.380031 0.316123 -0.384928 0.86712 0.40068 -0.93004 -0.30621 0.20313 -0.504145 0.18733 -0.87067 -0.454798 0.485852 
1533570160926 0.188388 0.932071 -0.309439 -0.611104 -0.950597 0.252215 0.180978 -0.252838 0.246729 0.260058 0.933539 0.380242 1 0 0 0 0 1 0 0 0 0 1 1.306 
1533570160937 0.188158 0.932169 -0.309286 -0.610915 -0.950574 0.252041 0.181342 -0.252908 0.246994 0.259879 0.933519 0.38019 0.313239 -0.3866 0.867422 0.386189 -0.93126 -0.304042 0.200784 -0.500185 0.18611 -0.870689 -0.455263 0.505382 
1533570160953 0.187926 0.932266 -0.309133 -0.610726 -0.95055 0.251865 0.181708 -0.252979 0.24726 0.259699 0.933498 0.380138 0.316244 -0.384866 0.867103 0.400216 -0.929998 -0.306258 0.203249 -0.504049 0.187334 -0.87068 -0.454777 0.486145 
1533570160970 0.187696 0.932364 -0.308979 -0.610536 -0.950527 0.25169 0.182073 -0.253049 0.247525 0.259519 0.933478 0.380086 0.316258 -0.384857 0.867102 0.400836 -0.929992 -0.306267 0.203261 -0.504368 0.187338 -0.870681 -0.454774 0.485921 
1533570160987 0.187465 0.932461 -0.308825 -0.610347 -0.950503 0.251515 0.182438 -0.25312 0.247791 0.259338 0.933458 0.380034 0.316239 -0.384881 0.867098 0.400855 -0.93 -0.306257 0.203241 -0.504361 0.187331 -0.870674 -0.454789 0.485943 
1533570161039 0.187235 0.932559 -0.308671 -0.610158 -0.95048 0.251339 0.182803 -0.25319 0.248056 0.259158 0.933437 0.379982 0.316214 -0.384899 0.867099 0.400827 -0.930009 -0.306245 0.203216 -0.504329 0.187327 -0.87067 -0.454799 0.48594 
1533570161098 0.187004 0.932656 -0.308517 -0.609969 -0.950456 0.251164 0.183168 -0.25326 0.248321 0.258979 0.933417 0.379931 0.3162 -0.384907 0.867101 0.400798 -0.930014 -0.306239 0.203202 -0.504306 0.187326 -0.870669 -0.454801 0.485922 
1533570161147 0.186773 0.932753 -0.308363 -0.60978 -0.950432 0.250988 0.183533 -0.253331 0.248587 0.258799 0.933396 0.379879 0.316197 -0.384904 0.867103 0.400778 -0.930014 -0.30624 0.2032 -0.504292 0.187329 -0.87067 -0.454799 0.485903 
1533570161195 0.186543 0.93285 -0.308208 -0.609591 -0.950408 0.250812 0.183898 -0.253401 0.248852 0.258618 0.933375 0.379827 0.316201 -0.384895 0.867106 0.400765 -0.930012 -0.306246 0.203202 -0.504277 0.187337 -0.870672 -0.454792 0.485883 
1533570161236 0.186313 0.932947 -0.308054 -0.609413 -0.950383 0.250637 0.184262 -0.25347 0.249116 0.258439 0.933354 0.379777 0.316123 -0.384928 0.86712 0.40068 -0.93004 -0.30621 0.20313 -0.504145 0.18733 -0.87067 -0.454798 0.485852 
1533570161279 0.186957 0.932689 -0.308444 -0.609797 -0.950408 0.251165 0.183415 -0.253391 0.248539 0.258857 0.933392 0.379861 1 0 0 0 0 1 0 0 0 0 1 1.306 
1533570161290 0.186738 0.932756 -0.308375 -0.609617 -0.950486 0.250909 0.183363 -0.253403 0.248407 0.258866 0.933425 0.379858 0.313239 -0.3866 0.867422 0.386189 -0.93126 -0.304042 0.200784 -0.500185 0.18611 -0.870689 -0.455263 0.505382 
1533570161308 0.186519 0.932823 -0.308306 -0.609437 -0.950563 0.250652 0.183312 -0.253416 0.248275 0.258873 0.933458 0.379855 0.316244 -0.384866 0.867103 0.400216 -0.929998 -0.306258 0.203249 -0.504049 0.187334 -0.87068 -0.454777 0.486145 
1533570161323 0.1863 0.932889 -0.308237 -0.609257 -0.950641 0.250396 0.18326 -0.253428 0.248143 0.258881 0.933491 0.379852 0.316258 -0.384857 0.867102 0.400836 -0.929992 -0.306267 0.203261 -0.504368 0.187338 -0.870681 -0.454774 0.485921 
1533570161376 0.18608 0.932956 -0.308168 -0.609077 -0.950718 0.250139 0.183209 -0.25344 0.248011 0.258889 0.933524 0.379849 0.316239 -0.384881 0.867098 0.400855 -0.93 -0.306257 0.203241 -0.504361 0.187331 -0.870674 -0.454789 0.485943 
1533570161441 0.185861 0.933022 -0.308099 -0.608898 -0.950795 0.249883 0.183158 -0.253453 0.247879 0.258898 0.933557 0.379846 0.316214 -0.384899 0.867099 0.400827 -0.930009 -0.306245 0.203216 -0.504329 0.187327 -0.87067 -0.454799 0.48594 
1533570161448 0.185642 0.933089 -0.30803 -0.608718 -0.950873 0.249627 0.183106 -0.253465 0.247747 0.258905 0.93359 0.379844 0.3162 -0.384907 0.867101 0.400798 -0.930014 -0.306239 0.203202 -0.504306 0.187326 -0.870669 -0.454801 0.485922 
1533570161548 0.185423 0.933155 -0.307962 -0.608538 -0.95095 0.24937 0.183054 -0.253477 0.247615 0.258914 0.933622 0.379841 0.316197 -0.384904 0.867103 0.400778 -0.930014 -0.30624 0.2032 -0.504292 0.187329 -0.87067 -0.454799 0.485903 
1533570161596 0.185203 0.933221 -0.307892 -0.608359 -0.951027 0.249114 0.183003 -0.25349 0.247483 0.258921 0.933655 0.379838 0.316201 -0.384895 0.867106 0.400765 -0.930012 -0.306246 0.203202 -0.504277 0.187337 -0.870672 -0.454792 0.485883 
1533570161640 0.184984 0.933288 -0.307822 -0.608192 -0.951104 0.248857 0.182952 -0.253504 0.247351 0.258928 0.933688 0.379834 0.316123 -0.384928 0.86712 0.40068 -0.93004 -0.30621 0.20313 -0.504145 0.18733 -0.87067 -0.454798 0.485852 
1533570161702 0.185437 0.933187 -0.307857 -0.608501 -0.950961 0.249349 0.183024 -0.25347 0.247559 0.258821 0.933663 0.379896 1 0 0 0 0 1 0 0 0 0 1 1.306 
1533570161714 0.185165 0.933256 -0.30781 -0.608351 -0.950969 0.24913 0.183282 -0.2535 0.247734 0.25878 0.933628 0.37987 0.313239 -0.3866 0.867422 0.386189 -0.93126 -0.304042 0.200784 -0.500185 0.18611 -0.870689 -0.455263 0.505382 
1533570161730 0.184893 0.933326 -0.307762 -0.608201 -0.950976 0.248911 0.183541 -0.253531 0.247909 0.258739 0.933593 0.379845 0.316244 -0.384866 0.867103 0.400216 -0.929998 -0.306258 0.203249 -0.504049 0.187334 -0.87068 -0.454777 0.486145 
1533570161747 0.184621 0.933395 -0.307714 -0.608052 -0.950984 0.248693 0.183799 -0.253562 0.248083 0.258698 0.933558 0.379819 0.316258 -0.384857 0.867102 0.400836 -0.929992 -0.306267 0.203261 -0.504368 0.187338 -0.870681 -0.454774 0.485921 
1533570161763 0.184348 0.933465 -0.307667 -0.607902 -0.950991 0.248474 0.184058 -0.253592 0.248259 0.258657 0.933522 0.379793 0.316239 -0.384881 0.867098 0.400855 -0.93 -0.306257 0.203241 -0.504361 0.187331 -0.870674 -0.454789 0.485943 
1533570161780 0.184076 0.933535 -0.307619 -0.607752 -0.950998 0.248255 0.184316 -0.253622 0.248433 0.258616 0.933487 0.379767 0.316214 -0.384899 0.867099 0.400827 -0.930009 -0.306245 0.203216 -0.504329 0.187327 -0.87067 -0.454799 0.48594 
1533570161869 0.183804 0.933604 -0.307571 -0.607602 -0.951005 0.248037 0.184575 -0.253653 0.248609 0.258576 0.933452 0.379742 0.3162 -0.384907 0.867101 0.400798 -0.930014 -0.306239 0.203202 -0.504306 0.187326 -0.870669 -0.454801 0.485922 
1533570161907 0.183531 0.933673 -0.307523 -0.607452 -0.951012 0.247818 0.184833 -0.253683 0.248783 0.258535 0.933417 0.379716 0.316197 -0.384904 0.867103 0.400778 -0.930014 -0.30624 0.2032 -0.504292 0.187329 -0.87067 -0.454799 0.485903 
1533570161935 0.183259 0.933743 -0.307475 -0.607303 -0.951018 0.247599 0.185092 -0.253714 0.248958 0.258494 0.933381 0.37969 0.316201 -0.384895 0.867106 0.400765 -0.930012 -0.306246 0.203202 -0.504277 0.187337 -0.870672 -0.454792 0.485883 
1533570161969 0.182988 0.933812 -0.307426 -0.607164 -0.951025 0.247381 0.185349 -0.253744 0.249132 0.258453 0.933346 0.379665 0.316123 -0.384928 0.86712 0.40068 -0.93004 -0.30621 0.20313 -0.504145 0.18733 -0.87067 -0.454798 0.485852 
1533570162013 0.183818 0.933604 -0.307561 -0.607535 -0.951002 0.248048 0.184572 -0.253704 0.248607 0.258564 0.933456 0.379681 1 0 0 0 0 1 0 0 0 0 1 1.306 
1533570162023 0.183655 0.933658 -0.307495 -0.607397 -0.951049 0.247865 0.184577 -0.25371 0.248549 0.258544 0.933476 0.379638 0.313239 -0.3866 0.867422 0.386189 -0.93126 -0.304042 0.200784 -0.500185 0.18611 -0.870689 -0.455263 0.505382 
1533570162040 0.183493 0.933712 -0.307428 -0.607258 -0.951096 0.247683 0.184582 -0.253715 0.248491 0.258524 0.933498 0.379594 0.316244 -0.384866 0.867103 0.400216 -0.929998 -0.306258 0.203249 -0.504049 0.187334 -0.87068 -0.454777 0.486145 
1533570162056 0.18333 0.933766 -0.307361 -0.60712 -0.951142 0.247501 0.184586 -0.253721 0.248433 0.258504 0.933519 0.37955 0.316258 -0.384857 0.867102 0.400836 -0.929992 -0.306267 0.203261 -0.504368 0.187338 -0.870681 -0.454774 0.485921 
1533570162073 0.183168 0.93382 -0.307294 -0.606981 -0.951189 0.247318 0.184591 -0.253726 0.248374 0.258484 0.93354 0.379507 0.316239 -0.384881 0.867098 0.400855 -0.93 -0.306257 0.203241 -0.504361 0.187331 -0.870674 -0.454789 0.485943 
1533570162090 0.183005 0.933874 -0.307227 -0.606843 -0.951235 0.247136 0.184595 -0.253731 0.248316 0.258463 0.933561 0.379464 0.316214 -0.384899 0.867099 0.400827 -0.930009 -0.306245 0.203216 -0.504329 0.187327 -0.87067 -0.454799 0.48594 
1533570162166 0.182843 0.933927 -0.307161 -0.606705 -0.951282 0.246954 0.1846 -0.253737 0.248257 0.258444 0.933582 0.37942 0.3162 -0.384907 0.867101 0.400798 -0.930014 -0.306239 0.203202 -0.504306 0.187326 -0.870669 -0.454801 0.485922 
1533570162210 0.18268 0.933981 -0.307094 -0.606566 -0.951328 0.246771 0.184604 -0.253743 0.248199 0.258424 0.933603 0.379376 0.316197 -0.384904 0.867103 0.400778 -0.930014 -0.30624 0.2032 -0.504292 0.187329 -0.87067 -0.454799 0.485903 
1533570162242 0.182518 0.934035 -0.307028 -0.606429 -0.951374 0.246589 0.184609 -0.253748 0.248141 0.258404 0.933624 0.379333 0.316201 -0.384895 0.867106 0.400765 -0.930012 -0.306246 0.203202 -0.504277 0.187337 -0.870672 -0.454792 0.485883 
1533570162280 0.182356 0.934089 -0.30696 -0.6063 -0.951421 0.246407 0.184613 -0.253755 0.248082 0.258383 0.933645 0.37929 0.316123 -0.384928 0.86712 0.40068 -0.93004 -0.30621 0.20313 -0.504145 0.18733 -0.87067 -0.454798 0.485852 
1533570162329 0.182716 0.933952 -0.307162 -0.606661 -0.951356 0.246782 0.184445 -0.253697 0.248064 0.25852 0.933612 0.379387 1 0 0 0 0 1 0 0 0 0 1 1.306 
1533570162340 0.182601 0.933956 -0.307219 -0.606539 -0.951421 0.24664 0.1843 -0.253695 0.2479 0.258642 0.933622 0.379371 0.313239 -0.3866 0.867422 0.386189 -0.93126 -0.304042 0.200784 -0.500185 0.18611 -0.870689 -0.455263 0.505382 
1533570162357 0.182486 0.933959 -0.307277 -0.606418 -0.951486 0.246498 0.184154 -0.253692 0.247735 0.258764 0.933632 0.379354 0.316244 -0.384866 0.867103 0.400216 -0.929998 -0.306258 0.203249 -0.504049 0.187334 -0.87068 -0.454777 0.486145 
1533570162374 0.182371 0.933963 -0.307335 -0.606296 -0.951551 0.246356 0.184008 -0.25369 0.24757 0.258887 0.933641 0.379338 0.316258 -0.384857 0.867102 0.400836 -0.929992 -0.306267 0.203261 -0.504368 0.187338 -0.870681 -0.454774 0.485921 
1533570162390 0.182256 0.933966 -0.307392 -0.606174 -0.951616 0.246214 0.183862 -0.253687 0.247405 0.25901 0.933651 0.379321 0.316239 -0.384881 0.867098 0.400855 -0.93 -0.306257 0.203241 -0.504361 0.187331 -0.870674 -0.454789 0.485943 
1533570162407 0.182141 0.933969 -0.307451 -0.606053 -0.951681 0.246072 0.183716 -0.253685 0.24724 0.259133 0.933661 0.379305 0.316214 -0.384899 0.867099 0.400827 -0.930009 -0.306245 0.203216 -0.504329 0.187327 -0.87067 -0.454799 0.48594 
1533570162515 0.182026 0.933973 -0.307509 -0.605931 -0.951746 0.24593 0.18357 -0.253683 0.247075 0.259256 0.93367 0.379289 0.3162 -0.384907 0.867101 0.400798 -0.930014 -0.306239 0.203202 -0.504306 0.187326 -0.870669 -0.454801 0.485922 
1533570162546 0.181911 0.933976 -0.307566 -0.605809 -0.951811 0.245787 0.183425 -0.25368 0.24691 0.259378 0.93368 0.379272 0.316197 -0.384904 0.867103 0.400778 -0.930014 -0.30624 0.2032 -0.504292 0.187329 -0.87067 -0.454799 0.485903 
1533570162584 0.181796 0.933979 -0.307625 -0.605688 -0.951876 0.245646 0.183278 -0.253678 0.246745 0.259501 0.93369 0.379256 0.316201 -0.384895 0.867106 0.400765 -0.930012 -0.306246 0.203202 -0.504277 0.187337 -0.870672 -0.454792 0.485883 
1533570162635 0.181681 0.933983 -0.307681 -0.605577 -0.95194 0.245503 0.183133 -0.253678 0.24658 0.259623 0.933699 0.379239 0.316123 -0.384928 0.86712 0.40068 -0.93004 -0.30621 0.20313 -0.504145 0.18733 -0.87067 -0.454798 0.485852 
1533570162691 0.18188 0.933997 -0.307522 -0.605851 -0.951836 0.24573 0.183371 -0.253625 0.246835 0.259359 0.933705 0.379221 1 0 0 0 0 1 0 0 0 0 1 1.306 
1533570162703 0.181686 0.934025 -0.30755 -0.605766 -0.951832 0.245596 0.183573 -0.25365 0.246994 0.259383 0.933656 0.379206 0.313239 -0.3866 0.867422 0.386189 -0.93126 -0.304042 0.200784 -0.500185 0.18611 -0.870689 -0.455263 0.505382 
1533570162720 0.181491 0.934054 -0.307579 -0.605681 -0.951828 0.245461 0.183775 -0.253675 0.247155 0.259409 0.933607 0.37919 0.316244 -0.384866 0.867103 0.400216 -0.929998 -0.306258 0.203249 -0.504049 0.187334 -0.87068 -0.454777 0.486145 
1533570162736 0.181296 0.934082 -0.307608 -0.605597 -0.951823 0.245326 0.183977 -0.2537 0.247314 0.259434 0.933557 0.379174 0.316258 -0.384857 0.867102 0.400836 -0.929992 -0.306267 0.203261 -0.504368 0.187338 -0.870681 -0.454774 0.485921 
1533570162754 0.1811 0.93411 -0.307638 -0.605512 -0.951819 0.245191 0.18418 -0.253725 0.247475 0.25946 0.933508 0.379159 0.316239 -0.384881 0.867098 0.400855 -0.93 -0.306257 0.203241 -0.504361 0.187331 -0.870674 -0.454789 0.485943 
1533570162770 0.180905 0.934139 -0.307666 -0.605427 -0.951814 0.245056 0.184383 -0.253749 0.247634 0.259486 0.933458 0.379143 0.316214 -0.384899 0.867099 0.400827 -0.930009 -0.306245 0.203216 -0.504329 0.187327 -0.87067 -0.454799 0.48594 
1533570162834 0.18071 0.934167 -0.307695 -0.605342 -0.95181 0.244921 0.184585 -0.253774 0.247794 0.259511 0.933409 0.379128 0.3162 -0.384907 0.867101 0.400798 -0.930014 -0.306239 0.203202 -0.504306 0.187326 -0.870669 -0.454801 0.485922 
1533570162851 0.180514 0.934195 -0.307724 -0.605257 -0.951805 0.244786 0.184788 -0.253799 0.247954 0.259537 0.933359 0.379112 0.316197 -0.384904 0.867103 0.400778 -0.930014 -0.30624 0.2032 -0.504292 0.187329 -0.87067 -0.454799 0.485903 
1533570162857 0.180318 0.934223 -0.307753 -0.605173 -0.951801 0.244651 0.18499 -0.253824 0.248114 0.259563 0.933309 0.379097 0.316201 -0.384895 0.867106 0.400765 -0.930012 -0.306246 0.203202 -0.504277 0.187337 -0.870672 -0.454792 0.485883 
1533570162900 0.180123 0.934251 -0.307782 -0.605094 -0.951796 0.244516 0.185192 -0.253849 0.248274 0.259588 0.93326 0.379082 0.316123 -0.384928 0.86712 0.40068 -0.93004 -0.30621 0.20313 -0.504145 0.18733 -0.87067 -0.454798 0.485852 
1533570162935 0.180807 0.934146 -0.307701 -0.605428 -0.951804 0.245 0.184508 -0.253736 0.247744 0.259511 0.933422 0.379107 1 0 0 0 0 1 0 0 0 0 1 1.306 
1533570162946 0.180639 0.934173 -0.307719 -0.605346 -0.951781 0.244904 0.184757 -0.253754 0.247956 0.259507 0.933367 0.379098 0.313239 -0.3866 0.867422 0.386189 -0.93126 -0.304042 0.200784 -0.500185 0.18611 -0.870689 -0.455263 0.505382 
1533570162963 0.180471 0.934198 -0.307739 -0.605264 -0.951757 0.244807 0.185006 -0.253772 0.248169 0.259505 0.933311 0.379088 0.316244 -0.384866 0.867103 0.400216 -0.929998 -0.306258 0.203249 -0.504049 0.187334 -0.87068 -0.454777 0.486145 
1533570162980 0.180304 0.934224 -0.307759 -0.605182 -0.951734 0.244711 0.185254 -0.25379 0.248381 0.259502 0.933255 0.379079 0.316258 -0.384857 0.867102 0.400836 -0.929992 -0.306267 0.203261 -0.504368 0.187338 -0.870681 -0.454774 0.485921 
1533570162996 0.180136 0.93425 -0.307779 -0.6051 -0.95171 0.244615 0.185504 -0.253808 0.248594 0.2595 0.933199 0.379069 0.316239 -0.384881 0.867098 0.400855 -0.93 -0.306257 0.203241 -0.504361 0.187331 -0.870674 -0.454789 0.485943 
1533570163013 0.179969 0.934276 -0.307798 -0.605018 -0.951686 0.244519 0.185753 -0.253825 0.248807 0.259497 0.933143 0.37906 0.316214 -0.384899 0.867099 0.400827 -0.930009 -0.306245 0.203216 -0.504329 0.187327 -0.87067 -0.454799 0.48594 
1533570163020 0.179801 0.934302 -0.307817 -0.604936 -0.951662 0.244423 0.186001 -0.253843 0.249019 0.259495 0.933087 0.379051 0.3162 -0.384907 0.867101 0.400798 -0.930014 -0.306239 0.203202 -0.504306 0.187326 -0.870669 -0.454801 0.485922 
1533570163033 0.179633 0.934328 -0.307837 -0.604854 -0.951638 0.244326 0.186251 -0.253861 0.249232 0.259493 0.933031 0.379041 0.316197 -0.384904 0.867103 0.400778 -0.930014 -0.30624 0.2032 -0.504292 0.187329 -0.87067 -0.454799 0.485903 
1533570163050 0.179466 0.934353 -0.307857 -0.604772 -0.951614 0.24423 0.1865 -0.253879 0.249444 0.25949 0.932975 0.379032 0.316201 -0.384895 0.867106 0.400765 -0.930012 -0.306246 0.203202 -0.504277 0.187337 -0.870672 -0.454792 0.485883 
1533570163152 0.179298 0.934379 -0.307876 -0.604696 -0.95159 0.244134 0.186748 -0.253897 0.249656 0.259488 0.932919 0.379023 0.316123 -0.384928 0.86712 0.40068 -0.93004 -0.30621 0.20313 -0.504145 0.18733 -0.87067 -0.454798 0.485852 
1533570163180 0.179641 0.934332 -0.307819 -0.605011 -0.951753 0.244209 0.185818 -0.253745 0.248788 0.259587 0.933123 0.378987 1 0 0 0 0 1 0 0 0 0 1 1.306 
1533570163193 0.179487 0.93427 -0.308097 -0.604918 -0.951735 0.244168 0.185961 -0.25376 0.248966 0.259849 0.933003 0.379016 0.313239 -0.3866 0.867422 0.386189 -0.93126 -0.304042 0.200784 -0.500185 0.18611 -0.870689 -0.455263 0.505382 
1533570163208 0.179333 0.934208 -0.308374 -0.604824 -0.951718 0.244126 0.186104 -0.253774 0.249142 0.260111 0.932883 0.379046 0.316244 -0.384866 0.867103 0.400216 -0.929998 -0.306258 0.203249 -0.504049 0.187334 -0.87068 -0.454777 0.486145 
1533570163225 0.179179 0.934146 -0.308651 -0.604731 -0.951701 0.244084 0.186246 -0.253789 0.249318 0.260372 0.932763 0.379075 0.316258 -0.384857 0.867102 0.400836 -0.929992 -0.306267 0.203261 -0.504368 0.187338 -0.870681 -0.454774 0.485921 
1533570163284 0.179025 0.934084 -0.308928 -0.604638 -0.951684 0.244042 0.186389 -0.253804 0.249494 0.260634 0.932643 0.379105 0.316239 -0.384881 0.867098 0.400855 -0.93 -0.306257 0.203241 -0.504361 0.187331 -0.870674 -0.454789 0.485943 
