1534335136594 0.0967536 0.863568 -0.494863 -0.428929 -0.963051 0.20678 0.172553 -0.235778 0.251339 0.459883 0.851667 0.480707 0.16008 -0.304787 0.938871 0.370831 -0.775623 0.549475 0.310623 -0.528794 -0.61056 -0.777934 -0.14844 0.432481 
1534335136605 0.0993684 0.863121 -0.495124 -0.447102 -0.962932 0.208815 0.17076 -0.234841 0.250776 0.459802 0.851876 0.4735 0.316231 -0.384871 0.867106 0.40083 -0.930001 -0.306257 0.203234 -0.504368 0.187338 -0.870678 -0.454779 0.485897 
1534335136612 0.101984 0.862669 -0.49538 -0.465275 -0.962805 0.210848 0.168965 -0.233905 0.250211 0.459723 0.852085 0.466292 0.316231 -0.384871 0.867106 0.40083 -0.930001 -0.306257 0.203234 -0.504368 0.187338 -0.870678 -0.454779 0.485897 
