1533637832092 0.221259 0.642481 -0.733663 -0.633067 -0.868775 0.471623 0.151002 -0.166209 0.443028 0.603978 0.662523 0.44257 0.16008 -0.304787 0.938871 0.370831 -0.775623 0.549475 0.310623 -0.528794 -0.61056 -0.777934 -0.14844 0.432481 
1533637832099 -0.187144 0.793376 -0.579251 -0.609472 -0.973798 -0.0722741 0.215624 -0.255301 0.129206 0.604427 0.786113 0.415756 0.316223 -0.384865 0.867111 0.400804 -0.930002 -0.306261 0.203225 -0.504321 0.187348 -0.87068 -0.454772 0.485875 
1533637832136 -0.18811 0.733798 -0.652806 -0.621677 -0.972063 -0.0440924 0.230542 -0.255476 0.140388 0.677936 0.721592 0.424251 0.316223 -0.384865 0.867111 0.400804 -0.930002 -0.306261 0.203225 -0.504321 0.187348 -0.87068 -0.454772 0.485875 
1533637832142 -0.19014 0.667281 -0.720128 -0.633882 -0.970017 -0.0145922 0.242598 -0.255652 0.151373 0.744664 0.650048 0.432746 0.316223 -0.384865 0.867111 0.400804 -0.930002 -0.306261 0.203225 -0.504321 0.187348 -0.87068 -0.454772 0.485875 
1533637832153 -0.193213 0.594479 -0.780553 -0.646086 -0.967681 0.0159371 0.251672 -0.255827 0.162053 0.803953 0.572187 0.441241 0.316223 -0.384865 0.867111 0.400804 -0.930002 -0.306261 0.203225 -0.504321 0.187348 -0.87068 -0.454772 0.485875 
1533637832160 -0.197303 0.516109 -0.833489 -0.658289 -0.965078 0.0471935 0.257675 -0.256001 0.172324 0.855222 0.488774 0.449735 0.316223 -0.384865 0.867111 0.400804 -0.930002 -0.306261 0.203225 -0.504321 0.187348 -0.87068 -0.454772 0.485875 
1533637832173 -0.202365 0.432941 -0.878414 -0.67049 -0.962234 0.0788712 0.260548 -0.256173 0.182083 0.897965 0.40063 0.458229 0.316223 -0.384865 0.867111 0.400804 -0.930002 -0.306261 0.203225 -0.504321 0.187348 -0.87068 -0.454772 0.485875 
1533637832183 -0.20835 0.345794 -0.914886 -0.682683 -0.959176 0.110658 0.260261 -0.256341 0.191237 0.931762 0.308622 0.466721 0.316223 -0.384865 0.867111 0.400804 -0.930002 -0.306261 0.203225 -0.504321 0.187348 -0.87068 -0.454772 0.485875 
1533637832190 -0.215195 0.255529 -0.942548 -0.694858 -0.955936 0.142243 0.256814 -0.256495 0.199695 0.95628 0.21366 0.475204 0.316223 -0.384865 0.867111 0.400804 -0.930002 -0.306261 0.203225 -0.504321 0.187348 -0.87068 -0.454772 0.485875 
1533637832203 -0.222018 0.163554 -0.961227 -0.704317 -0.952681 0.173533 0.249571 -0.254656 0.207623 0.971152 0.117287 0.482517 0.316334 -0.384956 0.867031 0.401168 -0.929993 -0.306204 0.203353 -0.504979 0.187206 -0.87066 -0.454869 0.486184 
