1533683168260 0.0782313 0.848929 -0.522685 -0.599406 -0.949172 0.223764 0.221366 -0.242866 0.304882 0.4788 0.823285 0.414392 0.16008 -0.304787 0.938871 0.370831 -0.775623 0.549475 0.310623 -0.528794 -0.61056 -0.777934 -0.14844 0.432481 
1533683168278 0.0801392 0.848448 -0.523177 -0.601038 -0.949071 0.22539 0.220144 -0.242266 0.304699 0.47889 0.8233 0.41438 0.316241 -0.38488 0.867098 0.400864 -0.930001 -0.306251 0.203246 -0.504429 0.187325 -0.870677 -0.454788 0.485926 
1533683168510 0.0820461 0.847963 -0.523666 -0.602671 -0.948967 0.227015 0.218921 -0.241665 0.304517 0.47898 0.823315 0.414368 0.316241 -0.38488 0.867098 0.400864 -0.930001 -0.306251 0.203246 -0.504429 0.187325 -0.870677 -0.454788 0.485926 
1533683168759 0.0839537 0.847475 -0.524154 -0.604303 -0.948858 0.22864 0.217696 -0.241065 0.304335 0.479072 0.823329 0.414356 0.316241 -0.38488 0.867098 0.400864 -0.930001 -0.306251 0.203246 -0.504429 0.187325 -0.870677 -0.454788 0.485926 
1533683168998 0.0858601 0.846984 -0.524639 -0.605935 -0.948746 0.230263 0.216472 -0.240464 0.304153 0.479163 0.823343 0.414345 0.316241 -0.38488 0.867098 0.400864 -0.930001 -0.306251 0.203246 -0.504429 0.187325 -0.870677 -0.454788 0.485926 
1533683169232 0.0877668 0.846489 -0.525122 -0.607568 -0.94863 0.231885 0.215246 -0.239863 0.303971 0.479254 0.823357 0.414333 0.316241 -0.38488 0.867098 0.400864 -0.930001 -0.306251 0.203246 -0.504429 0.187325 -0.870677 -0.454788 0.485926 
1533683169472 0.0896733 0.845992 -0.525602 -0.6092 -0.94851 0.233507 0.214019 -0.239262 0.303789 0.479346 0.82337 0.414321 0.316241 -0.38488 0.867098 0.400864 -0.930001 -0.306251 0.203246 -0.504429 0.187325 -0.870677 -0.454788 0.485926 
1533683169703 0.0915795 0.84549 -0.526079 -0.610832 -0.948386 0.235127 0.212791 -0.238662 0.303608 0.479439 0.823384 0.414309 0.316241 -0.38488 0.867098 0.400864 -0.930001 -0.306251 0.203246 -0.504429 0.187325 -0.870677 -0.454788 0.485926 
1533683169709 0.0934855 0.844986 -0.526554 -0.612464 -0.948258 0.236746 0.211562 -0.238061 0.303426 0.479531 0.823397 0.414297 0.316241 -0.38488 0.867098 0.400864 -0.930001 -0.306251 0.203246 -0.504429 0.187325 -0.870677 -0.454788 0.485926 
1533683170041 0.0954051 0.844467 -0.527043 -0.614017 -0.948127 0.238376 0.210314 -0.23741 0.303238 0.479638 0.823404 0.414298 0.316531 -0.385118 0.866887 0.401814 -0.929976 -0.306103 0.20358 -0.50615 0.186955 -0.870623 -0.455042 0.486735 
1533683170305 0.0948756 0.844548 -0.527007 -0.613695 -0.948104 0.238045 0.210791 -0.23752 0.303474 0.479659 0.823305 0.414286 0.316531 -0.385118 0.866887 0.401814 -0.929976 -0.306103 0.20358 -0.50615 0.186955 -0.870623 -0.455042 0.486735 
1533683170316 0.0951197 0.84449 -0.527057 -0.613899 -0.948093 0.238241 0.210622 -0.237454 0.303434 0.479664 0.823316 0.414285 0.316221 -0.384863 0.867113 0.400797 -0.930002 -0.306262 0.203223 -0.504308 0.187351 -0.87068 -0.45477 0.485869 
1533683170333 0.0953639 0.844432 -0.527106 -0.614103 -0.948081 0.238437 0.210453 -0.237389 0.303394 0.479669 0.823328 0.414283 0.316221 -0.384863 0.867113 0.400797 -0.930002 -0.306262 0.203223 -0.504308 0.187351 -0.87068 -0.45477 0.485869 
1533683170350 0.0956077 0.844374 -0.527154 -0.614307 -0.948069 0.238632 0.210284 -0.237323 0.303354 0.479674 0.82334 0.414282 0.316221 -0.384863 0.867113 0.400797 -0.930002 -0.306262 0.203223 -0.504308 0.187351 -0.87068 -0.45477 0.485869 
1533683170356 0.0958522 0.844316 -0.527203 -0.614511 -0.948058 0.238828 0.210114 -0.237258 0.303314 0.479679 0.823352 0.41428 0.316221 -0.384863 0.867113 0.400797 -0.930002 -0.306262 0.203223 -0.504308 0.187351 -0.87068 -0.45477 0.485869 
1533683170511 0.0960961 0.844258 -0.527251 -0.614715 -0.948046 0.239024 0.209946 -0.237193 0.303274 0.479683 0.823364 0.414279 0.316221 -0.384863 0.867113 0.400797 -0.930002 -0.306262 0.203223 -0.504308 0.187351 -0.87068 -0.45477 0.485869 
1533683170548 0.0963402 0.8442 -0.5273 -0.614919 -0.948034 0.239219 0.209776 -0.237127 0.303234 0.479688 0.823377 0.414278 0.316221 -0.384863 0.867113 0.400797 -0.930002 -0.306262 0.203223 -0.504308 0.187351 -0.87068 -0.45477 0.485869 
1533683170594 0.0965841 0.844142 -0.527348 -0.615123 -0.948022 0.239415 0.209608 -0.237062 0.303193 0.479692 0.823389 0.414276 0.316221 -0.384863 0.867113 0.400797 -0.930002 -0.306262 0.203223 -0.504308 0.187351 -0.87068 -0.45477 0.485869 
1533683170600 0.0968282 0.844084 -0.527396 -0.615327 -0.94801 0.23961 0.209439 -0.236996 0.303153 0.479697 0.823401 0.414275 0.316221 -0.384863 0.867113 0.400797 -0.930002 -0.306262 0.203223 -0.504308 0.187351 -0.87068 -0.45477 0.485869 
1533683170704 0.0970719 0.844026 -0.527444 -0.615531 -0.947998 0.239806 0.20927 -0.236931 0.303113 0.479702 0.823413 0.414274 0.316221 -0.384863 0.867113 0.400797 -0.930002 -0.306262 0.203223 -0.504308 0.187351 -0.87068 -0.45477 0.485869 
1533683170759 0.0967213 0.844111 -0.527373 -0.615168 -0.948022 0.239512 0.209493 -0.23712 0.303148 0.479699 0.823402 0.41427 0.316221 -0.384863 0.867113 0.400797 -0.930002 -0.306262 0.203223 -0.504308 0.187351 -0.87068 -0.45477 0.485869 
1533683170771 0.097438 0.84446 -0.526682 -0.615247 -0.947848 0.240099 0.20961 -0.237081 0.303463 0.47879 0.823814 0.414113 0.31622 -0.384863 0.867113 0.400795 -0.930002 -0.306262 0.203222 -0.504304 0.187351 -0.87068 -0.454769 0.485867 
1533683170898 0.0981531 0.844809 -0.525988 -0.615329 -0.947673 0.240684 0.209729 -0.237045 0.303778 0.477879 0.824227 0.413956 0.31622 -0.384863 0.867113 0.400795 -0.930002 -0.306262 0.203222 -0.504304 0.187351 -0.87068 -0.454769 0.485867 
1533683170991 0.0988686 0.845157 -0.525294 -0.615412 -0.947498 0.241269 0.209849 -0.237009 0.304093 0.476968 0.824639 0.413798 0.31622 -0.384863 0.867113 0.400795 -0.930002 -0.306262 0.203222 -0.504304 0.187351 -0.87068 -0.454769 0.485867 
1533683171100 0.099584 0.845504 -0.5246 -0.615496 -0.947322 0.241853 0.209969 -0.236973 0.304406 0.476056 0.82505 0.413641 0.31622 -0.384863 0.867113 0.400795 -0.930002 -0.306262 0.203222 -0.504304 0.187351 -0.87068 -0.454769 0.485867 
1533683171202 0.1003 0.845851 -0.523905 -0.615579 -0.947146 0.242437 0.21009 -0.236938 0.304719 0.475143 0.825461 0.413483 0.31622 -0.384863 0.867113 0.400795 -0.930002 -0.306262 0.203222 -0.504304 0.187351 -0.87068 -0.454769 0.485867 
1533683171312 0.101015 0.846196 -0.52321 -0.615663 -0.94697 0.243021 0.210212 -0.236903 0.305031 0.47423 0.825871 0.413325 0.31622 -0.384863 0.867113 0.400795 -0.930002 -0.306262 0.203222 -0.504304 0.187351 -0.87068 -0.454769 0.485867 
1533683171404 0.101732 0.846539 -0.522515 -0.615746 -0.946793 0.243605 0.210333 -0.236867 0.305343 0.473316 0.82628 0.413167 0.31622 -0.384863 0.867113 0.400795 -0.930002 -0.306262 0.203222 -0.504304 0.187351 -0.87068 -0.454769 0.485867 
1533683171506 0.102448 0.846882 -0.521819 -0.61583 -0.946615 0.244188 0.210456 -0.236832 0.305653 0.472401 0.826688 0.413009 0.31622 -0.384863 0.867113 0.400795 -0.930002 -0.306262 0.203222 -0.504304 0.187351 -0.87068 -0.454769 0.485867 
1533683171607 0.103165 0.847223 -0.521123 -0.615912 -0.946437 0.244772 0.210578 -0.236796 0.305963 0.471486 0.827096 0.412852 0.31622 -0.384863 0.867113 0.400795 -0.930002 -0.306262 0.203222 -0.504304 0.187351 -0.87068 -0.454769 0.485867 
1533683171724 0.102659 0.846869 -0.521799 -0.615856 -0.946574 0.244389 0.210409 -0.23686 0.305711 0.472321 0.826713 0.412958 0.31622 -0.384863 0.867113 0.400795 -0.930002 -0.306262 0.203222 -0.504304 0.187351 -0.87068 -0.454769 0.485867 
1533683171737 0.103051 0.847296 -0.521028 -0.615825 -0.946455 0.244644 0.210647 -0.236885 0.305947 0.471422 0.827138 0.412874 0.31622 -0.384863 0.867113 0.400795 -0.930002 -0.306262 0.203222 -0.504304 0.187351 -0.87068 -0.454769 0.485867 
1533683171753 0.103441 0.847722 -0.520257 -0.615798 -0.946336 0.244897 0.210885 -0.236915 0.306182 0.470523 0.827563 0.412788 0.31622 -0.384863 0.867113 0.400795 -0.930002 -0.306262 0.203222 -0.504304 0.187351 -0.87068 -0.454769 0.485867 
1533683171889 0.103832 0.848148 -0.519484 -0.615773 -0.946218 0.24515 0.211125 -0.236945 0.306416 0.469624 0.827987 0.412702 0.31622 -0.384863 0.867113 0.400795 -0.930002 -0.306262 0.203222 -0.504304 0.187351 -0.87068 -0.454769 0.485867 
1533683171991 0.104223 0.848573 -0.518712 -0.615747 -0.946099 0.245402 0.211364 -0.236975 0.306651 0.468724 0.82841 0.412616 0.31622 -0.384863 0.867113 0.400795 -0.930002 -0.306262 0.203222 -0.504304 0.187351 -0.87068 -0.454769 0.485867 
1533683172090 0.104614 0.848996 -0.517939 -0.61572 -0.94598 0.245655 0.211603 -0.237004 0.306884 0.467823 0.828832 0.41253 0.31622 -0.384863 0.867113 0.400795 -0.930002 -0.306262 0.203222 -0.504304 0.187351 -0.87068 -0.454769 0.485867 
1533683172097 0.105005 0.849419 -0.517166 -0.615695 -0.945861 0.245907 0.211843 -0.237034 0.307118 0.466922 0.829254 0.412444 0.31622 -0.384863 0.867113 0.400795 -0.930002 -0.306262 0.203222 -0.504304 0.187351 -0.87068 -0.45477 0.485867 
1533683172261 0.105397 0.849841 -0.516392 -0.615668 -0.945742 0.246158 0.212082 -0.237063 0.307351 0.466021 0.829675 0.412359 0.31622 -0.384863 0.867113 0.400795 -0.930002 -0.306262 0.203222 -0.504304 0.187351 -0.87068 -0.45477 0.485867 
1533683172362 0.105788 0.850263 -0.515618 -0.615643 -0.945622 0.24641 0.212322 -0.237093 0.307583 0.465119 0.830095 0.412273 0.31622 -0.384863 0.867113 0.400795 -0.930002 -0.306262 0.203222 -0.504304 0.187351 -0.87068 -0.45477 0.485867 
1533683172469 0.10618 0.850683 -0.514844 -0.615616 -0.945503 0.246661 0.212563 -0.237122 0.307815 0.464217 0.830514 0.412187 0.31622 -0.384863 0.867113 0.400795 -0.930002 -0.306262 0.203222 -0.504304 0.187351 -0.87068 -0.45477 0.485867 
1533683172582 0.105932 0.850269 -0.515578 -0.615632 -0.945602 0.246527 0.212277 -0.237132 0.307597 0.465044 0.830131 0.412241 0.31622 -0.384863 0.867113 0.400795 -0.930002 -0.306262 0.203222 -0.504304 0.187351 -0.87068 -0.45477 0.485867 
1533683172592 0.106021 0.850197 -0.515679 -0.615599 -0.94561 0.246599 0.212155 -0.237127 0.30754 0.465139 0.830099 0.4123 0.31622 -0.384863 0.867113 0.400795 -0.930002 -0.306262 0.203222 -0.504304 0.187351 -0.87068 -0.45477 0.485867 
1533683172610 0.106111 0.850123 -0.515782 -0.615559 -0.945619 0.246673 0.21203 -0.237117 0.307481 0.465235 0.830067 0.412361 0.31622 -0.384863 0.867113 0.400795 -0.930002 -0.306262 0.203222 -0.504304 0.187351 -0.87068 -0.45477 0.485867 
1533683172737 0.106201 0.85005 -0.515885 -0.615521 -0.945628 0.246746 0.211906 -0.237108 0.307423 0.46533 0.830035 0.412421 0.31622 -0.384863 0.867113 0.400795 -0.930002 -0.306262 0.203222 -0.504304 0.187351 -0.87068 -0.45477 0.485867 
1533683172754 0.106292 0.849976 -0.515987 -0.615482 -0.945637 0.246819 0.211782 -0.237099 0.307365 0.465426 0.830003 0.412481 0.31622 -0.384863 0.867113 0.400795 -0.930002 -0.306262 0.203222 -0.504304 0.187351 -0.87068 -0.45477 0.485867 
1533683172770 0.106382 0.849903 -0.516089 -0.615444 -0.945646 0.246892 0.211658 -0.23709 0.307307 0.465521 0.829972 0.412541 0.31622 -0.384863 0.867113 0.400795 -0.930002 -0.306262 0.203222 -0.504304 0.187351 -0.87068 -0.45477 0.485867 
1533683172794 0.106472 0.849829 -0.516192 -0.615405 -0.945654 0.246965 0.211533 -0.237081 0.307248 0.465617 0.829939 0.412602 0.31622 -0.384863 0.867113 0.400795 -0.930002 -0.306262 0.203222 -0.504304 0.187351 -0.87068 -0.45477 0.485867 
1533683172843 0.106562 0.849756 -0.516294 -0.615367 -0.945663 0.247038 0.211409 -0.237072 0.30719 0.465712 0.829907 0.412662 0.31622 -0.384863 0.867113 0.400795 -0.930002 -0.306262 0.203222 -0.504304 0.187351 -0.87068 -0.45477 0.485867 
1533683172873 0.106653 0.849682 -0.516397 -0.615328 -0.945672 0.247111 0.211285 -0.237062 0.307132 0.465808 0.829875 0.412722 0.31622 -0.384863 0.867113 0.400795 -0.930002 -0.306262 0.203222 -0.504304 0.187351 -0.87068 -0.45477 0.485867 
1533683172894 0.106743 0.849608 -0.516499 -0.61529 -0.94568 0.247184 0.21116 -0.237053 0.307074 0.465903 0.829843 0.412782 0.31622 -0.384863 0.867113 0.400795 -0.930002 -0.306262 0.203222 -0.504304 0.187351 -0.87068 -0.45477 0.485867 
1533683172929 0.106337 0.849767 -0.516322 -0.615485 -0.945611 0.246972 0.211718 -0.237033 0.307428 0.465726 0.829811 0.412533 0.31622 -0.384863 0.867113 0.400795 -0.930002 -0.306262 0.203222 -0.504304 0.187351 -0.87068 -0.45477 0.485867 
1533683172940 0.106293 0.84988 -0.516145 -0.615435 -0.945642 0.246851 0.211721 -0.237048 0.307349 0.465583 0.829921 0.412572 0.31622 -0.384863 0.867113 0.400795 -0.930002 -0.306262 0.203222 -0.504304 0.187351 -0.87068 -0.45477 0.485867 
1533683172957 0.106248 0.849995 -0.515965 -0.615385 -0.945672 0.24673 0.211727 -0.237069 0.307271 0.465438 0.830031 0.412609 0.31622 -0.384863 0.867113 0.400795 -0.930002 -0.306262 0.203222 -0.504304 0.187351 -0.87068 -0.45477 0.485867 
1533683172974 0.106203 0.85011 -0.515785 -0.615336 -0.945703 0.246609 0.211732 -0.237089 0.307192 0.465293 0.830142 0.412646 0.31622 -0.384863 0.867113 0.400795 -0.930002 -0.306262 0.203222 -0.504304 0.187351 -0.87068 -0.45477 0.485867 
1533683173091 0.106158 0.850224 -0.515606 -0.615287 -0.945733 0.246488 0.211736 -0.237107 0.307113 0.465148 0.830252 0.412684 0.31622 -0.384863 0.867113 0.400795 -0.930002 -0.306262 0.203222 -0.504304 0.187351 -0.87068 -0.45477 0.485867 
1533683173108 0.106113 0.850339 -0.515426 -0.615238 -0.945764 0.246366 0.211741 -0.237128 0.307035 0.465003 0.830362 0.41272 0.31622 -0.384863 0.867113 0.400795 -0.930002 -0.306262 0.203222 -0.504304 0.187351 -0.87068 -0.45477 0.485867 
1533683173125 0.106068 0.850453 -0.515246 -0.615189 -0.945794 0.246245 0.211746 -0.237147 0.306957 0.464858 0.830473 0.412758 0.31622 -0.384863 0.867113 0.400795 -0.930002 -0.306262 0.203222 -0.504304 0.187351 -0.87068 -0.45477 0.485867 
1533683173140 0.106023 0.850568 -0.515066 -0.615141 -0.945825 0.246123 0.211751 -0.237168 0.306878 0.464712 0.830583 0.412795 0.31622 -0.384863 0.867113 0.400795 -0.930002 -0.306262 0.203222 -0.504304 0.187351 -0.87068 -0.45477 0.485867 
1533683173157 0.105978 0.850682 -0.514887 -0.615092 -0.945855 0.246002 0.211755 -0.237187 0.3068 0.464567 0.830693 0.412832 0.31622 -0.384863 0.867113 0.400795 -0.930002 -0.306262 0.203222 -0.504304 0.187351 -0.87068 -0.45477 0.485867 
1533683173174 0.105932 0.850797 -0.514707 -0.615044 -0.945886 0.245881 0.211761 -0.237207 0.306722 0.464422 0.830804 0.412869 0.31622 -0.384863 0.867113 0.400795 -0.930002 -0.306262 0.203222 -0.504304 0.187351 -0.87068 -0.45477 0.485867 
1533683173197 0.10628 0.850142 -0.515716 -0.61532 -0.945727 0.246607 0.211628 -0.237143 0.307093 0.465234 0.830211 0.4126 0.31622 -0.384863 0.867113 0.400795 -0.930002 -0.306262 0.203222 -0.504304 0.187351 -0.87068 -0.45477 0.485867 
1533683173210 0.105938 0.850054 -0.515932 -0.61526 -0.945832 0.246271 0.211549 -0.237271 0.306887 0.465574 0.830097 0.412655 0.31622 -0.384863 0.867113 0.400795 -0.930002 -0.306262 0.203222 -0.504304 0.187351 -0.87068 -0.45477 0.485867 
1533683173227 0.105593 0.849965 -0.516148 -0.615198 -0.945937 0.245934 0.211471 -0.237401 0.306682 0.465914 0.829982 0.41271 0.31622 -0.384863 0.867113 0.400795 -0.930002 -0.306262 0.203222 -0.504304 0.187351 -0.87068 -0.45477 0.485867 
1533683173244 0.10525 0.849876 -0.516365 -0.615138 -0.946042 0.245597 0.211394 -0.23753 0.306476 0.466253 0.829868 0.412766 0.31622 -0.384863 0.867113 0.400795 -0.930002 -0.306262 0.203222 -0.504304 0.187351 -0.87068 -0.45477 0.485867 
1533683173368 0.104905 0.849788 -0.516581 -0.615075 -0.946146 0.245259 0.211317 -0.237661 0.306271 0.466593 0.829753 0.412821 0.31622 -0.384863 0.867113 0.400795 -0.930002 -0.306262 0.203222 -0.504304 0.187351 -0.87068 -0.45477 0.485867 
1533683173385 0.104562 0.849698 -0.516797 -0.615014 -0.946251 0.244922 0.211239 -0.23779 0.306065 0.466933 0.829637 0.412876 0.31622 -0.384863 0.867113 0.400795 -0.930002 -0.306262 0.203222 -0.504304 0.187351 -0.87068 -0.45477 0.485867 
1533683173392 0.104218 0.849609 -0.517014 -0.614953 -0.946356 0.244584 0.211162 -0.237919 0.305859 0.467272 0.829522 0.412931 0.31622 -0.384863 0.867113 0.400795 -0.930002 -0.306262 0.203222 -0.504304 0.187351 -0.87068 -0.45477 0.485867 
1533683173499 0.103874 0.84952 -0.51723 -0.61489 -0.94646 0.244246 0.211086 -0.238051 0.305653 0.467611 0.829407 0.412985 0.31622 -0.384863 0.867113 0.400795 -0.930002 -0.306262 0.203222 -0.504304 0.187351 -0.87068 -0.45477 0.485867 
1533683173505 0.10353 0.84943 -0.517446 -0.614829 -0.946564 0.243909 0.211009 -0.23818 0.305447 0.46795 0.829292 0.41304 0.31622 -0.384863 0.867113 0.400795 -0.930002 -0.306262 0.203222 -0.504304 0.187351 -0.87068 -0.45477 0.485867 
1533683173586 0.103186 0.84934 -0.517663 -0.614768 -0.946668 0.243571 0.210932 -0.23831 0.30524 0.468289 0.829176 0.413095 0.31622 -0.384863 0.867113 0.400795 -0.930002 -0.306262 0.203222 -0.504304 0.187351 -0.87068 -0.45477 0.485867 
1533683173652 0.103817 0.849538 -0.51721 -0.614888 -0.946488 0.244161 0.211059 -0.238034 0.305585 0.467622 0.829426 0.412991 0.31622 -0.384863 0.867113 0.400795 -0.930002 -0.306262 0.203222 -0.504304 0.187351 -0.87068 -0.45477 0.485867 
1533683173665 0.103224 0.849508 -0.517379 -0.614814 -0.946473 0.243826 0.211515 -0.238234 0.305834 0.467852 0.829205 0.41301 0.31622 -0.384863 0.867113 0.400795 -0.930002 -0.306262 0.203222 -0.504304 0.187351 -0.87068 -0.45477 0.485867 
1533683173682 0.10263 0.849478 -0.517546 -0.614744 -0.946457 0.243491 0.211972 -0.238438 0.306083 0.46808 0.828984 0.413029 0.31622 -0.384863 0.867113 0.400795 -0.930002 -0.306262 0.203222 -0.504304 0.187351 -0.87068 -0.45477 0.485867 
1533683173814 0.102036 0.849448 -0.517713 -0.614674 -0.94644 0.243156 0.212428 -0.238642 0.306332 0.468309 0.828763 0.413047 0.31622 -0.384863 0.867113 0.400795 -0.930002 -0.306262 0.203222 -0.504304 0.187351 -0.87068 -0.45477 0.485867 
1533683173921 0.101443 0.849418 -0.517879 -0.614605 -0.946424 0.242821 0.212885 -0.238846 0.306581 0.468538 0.828541 0.413065 0.31622 -0.384863 0.867113 0.400795 -0.930002 -0.306262 0.203222 -0.504304 0.187351 -0.87068 -0.45477 0.485867 
1533683174029 0.100849 0.849387 -0.518045 -0.614536 -0.946407 0.242486 0.213342 -0.23905 0.306829 0.468766 0.82832 0.413083 0.31622 -0.384863 0.867113 0.400795 -0.930002 -0.306262 0.203222 -0.504304 0.187351 -0.87068 -0.45477 0.485867 
1533683174157 0.100254 0.849357 -0.518211 -0.614467 -0.946389 0.242152 0.2138 -0.239255 0.307078 0.468995 0.828099 0.413101 0.31622 -0.384863 0.867113 0.400795 -0.930002 -0.306262 0.203222 -0.504304 0.187351 -0.87068 -0.45477 0.485867 
1533683174266 0.0996605 0.849325 -0.518376 -0.614397 -0.946371 0.241817 0.214256 -0.239458 0.307326 0.469224 0.827877 0.41312 0.31622 -0.384863 0.867113 0.400795 -0.930002 -0.306262 0.203222 -0.504304 0.187351 -0.87068 -0.45477 0.485867 
1533683174380 0.0990662 0.849294 -0.518541 -0.614328 -0.946353 0.241482 0.214714 -0.239663 0.307574 0.469452 0.827655 0.413138 0.31622 -0.384863 0.867113 0.400795 -0.930002 -0.306262 0.203222 -0.504304 0.187351 -0.87068 -0.45477 0.485867 
1533683174598 0.0984721 0.849263 -0.518706 -0.614258 -0.946335 0.241148 0.215171 -0.239866 0.307821 0.469681 0.827433 0.413156 0.31622 -0.384863 0.867113 0.400795 -0.930002 -0.306262 0.203222 -0.504304 0.187351 -0.87068 -0.45477 0.485867 
1533683174725 0.0987933 0.849315 -0.518559 -0.614345 -0.946428 0.241186 0.214715 -0.23964 0.30743 0.469566 0.827644 0.413102 0.31622 -0.384863 0.867113 0.400795 -0.930002 -0.306262 0.203222 -0.504304 0.187351 -0.87068 -0.45477 0.485867 
1533683174740 0.0988518 0.849295 -0.518581 -0.614272 -0.946443 0.24121 0.214626 -0.239721 0.307367 0.469591 0.827653 0.413096 0.31622 -0.384863 0.867113 0.400795 -0.930002 -0.306262 0.203222 -0.504304 0.187351 -0.87068 -0.45477 0.485867 
1533683174756 0.0989103 0.849274 -0.518604 -0.614196 -0.946457 0.241233 0.214534 -0.239799 0.307303 0.469617 0.827662 0.41309 0.31622 -0.384863 0.867113 0.400795 -0.930002 -0.306262 0.203222 -0.504304 0.187351 -0.87068 -0.45477 0.485867 
1533683174772 0.0989688 0.849253 -0.518628 -0.614119 -0.946472 0.241256 0.214443 -0.239878 0.307238 0.469643 0.827671 0.413084 0.31622 -0.384863 0.867113 0.400795 -0.930002 -0.306262 0.203222 -0.504304 0.187351 -0.87068 -0.45477 0.485867 
1533683174789 0.0990274 0.849232 -0.518651 -0.614042 -0.946487 0.241279 0.214352 -0.239956 0.307174 0.46967 0.82768 0.413078 0.31622 -0.384863 0.867113 0.400795 -0.930002 -0.306262 0.203222 -0.504304 0.187351 -0.87068 -0.45477 0.485867 
1533683174805 0.0990858 0.849211 -0.518674 -0.613967 -0.946502 0.241302 0.214261 -0.240035 0.307109 0.469696 0.827689 0.413072 0.31622 -0.384863 0.867113 0.400795 -0.930002 -0.306262 0.203222 -0.504304 0.187351 -0.87068 -0.45477 0.485867 
1533683174822 0.0991446 0.84919 -0.518697 -0.613889 -0.946517 0.241325 0.214169 -0.240113 0.307045 0.469722 0.827699 0.413067 0.31622 -0.384863 0.867113 0.400795 -0.930002 -0.306262 0.203222 -0.504304 0.187351 -0.87068 -0.45477 0.485867 
1533683174839 0.099203 0.849169 -0.51872 -0.613813 -0.946531 0.241348 0.214078 -0.240191 0.30698 0.469748 0.827708 0.413061 0.31622 -0.384863 0.867113 0.400795 -0.930002 -0.306262 0.203222 -0.504304 0.187351 -0.87068 -0.45477 0.485867 
1533683174891 0.0992618 0.849148 -0.518744 -0.613736 -0.946546 0.241371 0.213986 -0.240269 0.306916 0.469774 0.827717 0.413055 0.31622 -0.384863 0.867113 0.400795 -0.930002 -0.306262 0.203222 -0.504304 0.187351 -0.87068 -0.45477 0.485867 
1533683174919 0.0993204 0.849127 -0.518767 -0.613659 -0.946561 0.241394 0.213895 -0.240348 0.306851 0.4698 0.827726 0.41305 0.31622 -0.384863 0.867113 0.400795 -0.930002 -0.306262 0.203222 -0.504304 0.187351 -0.87068 -0.45477 0.485867 
1533683174953 0.0989436 0.849295 -0.518563 -0.613949 -0.946543 0.241115 0.214291 -0.239946 0.30703 0.46964 0.827751 0.413067 0.31622 -0.384863 0.867113 0.400795 -0.930002 -0.306262 0.203222 -0.504304 0.187351 -0.87068 -0.45477 0.485867 
1533683174966 0.0989285 0.849141 -0.518819 -0.613786 -0.946573 0.241123 0.214148 -0.240014 0.306941 0.469915 0.827627 0.413083 0.31622 -0.384863 0.867113 0.400795 -0.930002 -0.306262 0.203222 -0.504304 0.187351 -0.87068 -0.45477 0.485867 
1533683174983 0.0989146 0.848985 -0.519076 -0.613619 -0.946603 0.241132 0.214005 -0.240078 0.306853 0.470191 0.827504 0.4131 0.31622 -0.384863 0.867113 0.400795 -0.930002 -0.306262 0.203222 -0.504304 0.187351 -0.87068 -0.45477 0.485867 
1533683175000 0.0989011 0.84883 -0.519333 -0.61345 -0.946633 0.241141 0.213861 -0.240141 0.306764 0.470466 0.82738 0.413117 0.31622 -0.384863 0.867113 0.400795 -0.930002 -0.306262 0.203222 -0.504304 0.187351 -0.87068 -0.45477 0.485867 
1533683175105 0.098887 0.848675 -0.519589 -0.613284 -0.946663 0.24115 0.213718 -0.240206 0.306676 0.470742 0.827256 0.413133 0.31622 -0.384863 0.867113 0.400795 -0.930002 -0.306262 0.203222 -0.504304 0.187351 -0.87068 -0.45477 0.485867 
1533683175144 0.0988734 0.848519 -0.519846 -0.613116 -0.946693 0.241159 0.213574 -0.24027 0.306587 0.471018 0.827132 0.41315 0.31622 -0.384863 0.867113 0.400795 -0.930002 -0.306262 0.203222 -0.504304 0.187351 -0.87068 -0.45477 0.485867 
1533683175151 0.0988598 0.848363 -0.520102 -0.612948 -0.946723 0.241168 0.21343 -0.240333 0.306499 0.471293 0.827007 0.413167 0.31622 -0.384863 0.867113 0.400795 -0.930002 -0.306262 0.203222 -0.504304 0.187351 -0.87068 -0.45477 0.485867 
1533683175261 0.098846 0.848208 -0.520359 -0.612781 -0.946754 0.241177 0.213287 -0.240398 0.30641 0.471569 0.826883 0.413184 0.31622 -0.384863 0.867113 0.400795 -0.930002 -0.306262 0.203222 -0.504304 0.187351 -0.87068 -0.45477 0.485867 
1533683175294 0.0988325 0.848052 -0.520615 -0.612612 -0.946784 0.241186 0.213143 -0.240461 0.306321 0.471845 0.826759 0.413201 0.31622 -0.384863 0.867113 0.400795 -0.930002 -0.306262 0.203222 -0.504304 0.187351 -0.87068 -0.45477 0.485867 
1533683175373 0.0988188 0.847896 -0.520872 -0.612445 -0.946814 0.241195 0.212999 -0.240526 0.306233 0.47212 0.826634 0.413218 0.31622 -0.384863 0.867113 0.400795 -0.930002 -0.306262 0.203222 -0.504304 0.187351 -0.87068 -0.45477 0.485867 
1533683175445 0.0987037 0.848125 -0.520521 -0.612739 -0.94675 0.241126 0.213359 -0.240386 0.306466 0.471744 0.826763 0.413166 0.31622 -0.384863 0.867113 0.400795 -0.930002 -0.306262 0.203222 -0.504304 0.187351 -0.87068 -0.45477 0.485867 
1533683175456 0.0984677 0.848124 -0.520567 -0.612553 -0.94673 0.241009 0.213581 -0.240464 0.306605 0.471806 0.826676 0.413217 0.31622 -0.384863 0.867113 0.400795 -0.930002 -0.306262 0.203222 -0.504304 0.187351 -0.87068 -0.45477 0.485867 
1533683175473 0.098231 0.848122 -0.520614 -0.612362 -0.946709 0.240892 0.213804 -0.24054 0.306744 0.471868 0.826588 0.413268 0.31622 -0.384863 0.867113 0.400795 -0.930002 -0.306262 0.203222 -0.504304 0.187351 -0.87068 -0.45477 0.485867 
1533683175489 0.0979944 0.848121 -0.520662 -0.612171 -0.946689 0.240775 0.214027 -0.240616 0.306883 0.471931 0.826501 0.41332 0.31622 -0.384863 0.867113 0.400795 -0.930002 -0.306262 0.203222 -0.504304 0.187351 -0.87068 -0.45477 0.485867 
1533683175586 0.0977579 0.848119 -0.520709 -0.611979 -0.946668 0.240658 0.21425 -0.240691 0.307022 0.471994 0.826413 0.413371 0.31622 -0.384863 0.867113 0.400795 -0.930002 -0.306262 0.203222 -0.504304 0.187351 -0.87068 -0.45477 0.485867 
1533683175616 0.0975215 0.848117 -0.520756 -0.611787 -0.946648 0.240541 0.214473 -0.240766 0.307161 0.472057 0.826326 0.413423 0.31622 -0.384863 0.867113 0.400795 -0.930002 -0.306262 0.203222 -0.504304 0.187351 -0.87068 -0.45477 0.485867 
1533683175690 0.0972848 0.848116 -0.520803 -0.611597 -0.946627 0.240423 0.214696 -0.240842 0.3073 0.472119 0.826238 0.413474 0.31622 -0.384863 0.867113 0.400795 -0.930002 -0.306262 0.203222 -0.504304 0.187351 -0.87068 -0.45477 0.485867 
1533683175731 0.0970484 0.848114 -0.52085 -0.611405 -0.946606 0.240306 0.214919 -0.240917 0.307439 0.472182 0.826151 0.413526 0.31622 -0.384863 0.867113 0.400795 -0.930002 -0.306262 0.203222 -0.504304 0.187351 -0.87068 -0.45477 0.485867 
1533683175737 0.0968118 0.848112 -0.520897 -0.611214 -0.946585 0.240189 0.215142 -0.240992 0.307578 0.472245 0.826063 0.413578 0.31622 -0.384863 0.867113 0.400795 -0.930002 -0.306262 0.203222 -0.504304 0.187351 -0.87068 -0.45477 0.485867 
1533683175836 0.0965754 0.84811 -0.520944 -0.611022 -0.946564 0.240072 0.215364 -0.241067 0.307717 0.472308 0.825976 0.413629 0.31622 -0.384863 0.867113 0.400795 -0.930002 -0.306262 0.203222 -0.504304 0.187351 -0.87068 -0.45477 0.485867 
1533683175892 0.0969381 0.848042 -0.520987 -0.611378 -0.946637 0.240218 0.21488 -0.240906 0.307377 0.472356 0.826074 0.413495 0.31622 -0.384863 0.867113 0.400795 -0.930002 -0.306262 0.203222 -0.504304 0.187351 -0.87068 -0.45477 0.485867 
1533683175905 0.0966377 0.848218 -0.520757 -0.611199 -0.946621 0.23998 0.215217 -0.240957 0.307522 0.472161 0.826132 0.413523 0.31622 -0.384863 0.867113 0.400795 -0.930002 -0.306262 0.203222 -0.504304 0.187351 -0.87068 -0.45477 0.485867 
1533683175922 0.0963366 0.848394 -0.520525 -0.611021 -0.946605 0.239741 0.215555 -0.241011 0.307667 0.471966 0.82619 0.413551 0.31622 -0.384863 0.867113 0.400795 -0.930002 -0.306262 0.203222 -0.504304 0.187351 -0.87068 -0.45477 0.485867 
1533683175939 0.0960351 0.84857 -0.520294 -0.610843 -0.946588 0.239501 0.215893 -0.241065 0.307812 0.47177 0.826247 0.413578 0.31622 -0.384863 0.867113 0.400795 -0.930002 -0.306262 0.203222 -0.504304 0.187351 -0.87068 -0.45477 0.485867 
1533683176018 0.0957336 0.848747 -0.520061 -0.610666 -0.946571 0.239262 0.216232 -0.24112 0.307957 0.471575 0.826305 0.413604 0.31622 -0.384863 0.867113 0.400795 -0.930002 -0.306262 0.203222 -0.504304 0.187351 -0.87068 -0.45477 0.485867 
1533683176071 0.0954325 0.848923 -0.51983 -0.610488 -0.946555 0.239022 0.21657 -0.241173 0.308102 0.471379 0.826362 0.413632 0.31622 -0.384863 0.867113 0.400795 -0.930002 -0.306262 0.203222 -0.504304 0.187351 -0.87068 -0.45477 0.485867 
1533683176114 0.095131 0.849099 -0.519597 -0.610311 -0.946538 0.238783 0.216908 -0.241228 0.308247 0.471183 0.82642 0.413658 0.31622 -0.384863 0.867113 0.400795 -0.930002 -0.306262 0.203222 -0.504304 0.187351 -0.87068 -0.45477 0.485867 
1533683176173 0.0948299 0.849275 -0.519365 -0.610134 -0.946521 0.238543 0.217246 -0.241282 0.308393 0.470988 0.826477 0.413686 0.31622 -0.384863 0.867113 0.400795 -0.930002 -0.306262 0.203222 -0.504304 0.187351 -0.87068 -0.45477 0.485867 
1533683176230 0.0945288 0.84945 -0.519132 -0.609956 -0.946503 0.238303 0.217584 -0.241336 0.308538 0.470792 0.826534 0.413713 0.31622 -0.384863 0.867113 0.400795 -0.930002 -0.306262 0.203222 -0.504304 0.187351 -0.87068 -0.45477 0.485867 
1533683176271 0.0942273 0.849626 -0.518899 -0.60978 -0.946486 0.238063 0.217922 -0.241391 0.308683 0.470597 0.826591 0.413739 0.31622 -0.384863 0.867113 0.400795 -0.930002 -0.306262 0.203222 -0.504304 0.187351 -0.87068 -0.45477 0.485867 
1533683176348 0.0947567 0.849276 -0.519375 -0.610096 -0.946531 0.23848 0.217271 -0.241304 0.308384 0.471017 0.826464 0.413628 0.31622 -0.384863 0.867113 0.400795 -0.930002 -0.306262 0.203222 -0.504304 0.187351 -0.87068 -0.45477 0.485867 
1533683176360 0.0947058 0.84928 -0.519379 -0.60995 -0.94657 0.238386 0.217203 -0.241324 0.308279 0.471058 0.826479 0.413653 0.31622 -0.384863 0.867113 0.400795 -0.930002 -0.306262 0.203222 -0.504304 0.187351 -0.87068 -0.45477 0.485867 
1533683176376 0.0946553 0.849283 -0.519384 -0.609801 -0.94661 0.238292 0.217133 -0.24134 0.308173 0.471101 0.826495 0.41368 0.31622 -0.384863 0.867113 0.400795 -0.930002 -0.306262 0.203222 -0.504304 0.187351 -0.87068 -0.45477 0.485867 
1533683176393 0.0946047 0.849285 -0.519388 -0.609651 -0.946649 0.238198 0.217064 -0.241357 0.308066 0.471143 0.82651 0.413706 0.31622 -0.384863 0.867113 0.400795 -0.930002 -0.306262 0.203222 -0.504304 0.187351 -0.87068 -0.45477 0.485867 
1533683176485 0.0945544 0.849288 -0.519393 -0.609501 -0.946689 0.238104 0.216994 -0.241373 0.30796 0.471186 0.826525 0.413732 0.31622 -0.384863 0.867113 0.400795 -0.930002 -0.306262 0.203222 -0.504304 0.187351 -0.87068 -0.45477 0.485867 
1533683176513 0.094504 0.849291 -0.519398 -0.609351 -0.946728 0.23801 0.216925 -0.241389 0.307854 0.471228 0.826541 0.413759 0.31622 -0.384863 0.867113 0.400795 -0.930002 -0.306262 0.203222 -0.504304 0.187351 -0.87068 -0.45477 0.485867 
1533683176569 0.0944534 0.849294 -0.519402 -0.609202 -0.946768 0.237916 0.216855 -0.241406 0.307748 0.471271 0.826556 0.413785 0.31622 -0.384863 0.867113 0.400795 -0.930002 -0.306262 0.203222 -0.504304 0.187351 -0.87068 -0.45477 0.485867 
1533683176620 0.0944032 0.849296 -0.519407 -0.609051 -0.946808 0.237822 0.216786 -0.241422 0.307642 0.471313 0.826571 0.413812 0.31622 -0.384863 0.867113 0.400795 -0.930002 -0.306262 0.203222 -0.504304 0.187351 -0.87068 -0.45477 0.485867 
1533683176666 0.0943526 0.849299 -0.519412 -0.608902 -0.946847 0.237728 0.216716 -0.241438 0.307536 0.471356 0.826587 0.413838 0.31622 -0.384863 0.867113 0.400795 -0.930002 -0.306262 0.203222 -0.504304 0.187351 -0.87068 -0.45477 0.485867 
1533683176708 0.0943024 0.849302 -0.519416 -0.608751 -0.946887 0.237635 0.216647 -0.241454 0.30743 0.471398 0.826602 0.413865 0.31622 -0.384863 0.867113 0.400795 -0.930002 -0.306262 0.203222 -0.504304 0.187351 -0.87068 -0.45477 0.485867 
1533683176757 0.0942017 0.849367 -0.519328 -0.609083 -0.946832 0.237626 0.216893 -0.241336 0.307628 0.471284 0.826593 0.413837 0.31622 -0.384863 0.867113 0.400795 -0.930002 -0.306262 0.203222 -0.504304 0.187351 -0.87068 -0.45477 0.485867 
1533683176768 0.0939852 0.849307 -0.519465 -0.608951 -0.946844 0.237495 0.216986 -0.241369 0.307658 0.471459 0.826482 0.41384 0.31622 -0.384863 0.867113 0.400795 -0.930002 -0.306262 0.203222 -0.504304 0.187351 -0.87068 -0.45477 0.485867 
1533683176785 0.09377 0.849246 -0.519604 -0.608814 -0.946856 0.237365 0.217077 -0.2414 0.307688 0.471635 0.826371 0.413845 0.31622 -0.384863 0.867113 0.400795 -0.930002 -0.306262 0.203222 -0.504304 0.187351 -0.87068 -0.45477 0.485867 
1533683176802 0.0935547 0.849185 -0.519742 -0.608678 -0.946867 0.237234 0.217169 -0.24143 0.307717 0.47181 0.82626 0.413849 0.31622 -0.384863 0.867113 0.400795 -0.930002 -0.306262 0.203222 -0.504304 0.187351 -0.87068 -0.45477 0.485867 
1533683176818 0.0933396 0.849124 -0.519881 -0.608541 -0.946879 0.237104 0.21726 -0.24146 0.307746 0.471986 0.826149 0.413853 0.31622 -0.384863 0.867113 0.400795 -0.930002 -0.306262 0.203222 -0.504304 0.187351 -0.87068 -0.45477 0.485867 
1533683176835 0.0931245 0.849063 -0.52002 -0.608403 -0.946891 0.236974 0.217351 -0.24149 0.307776 0.472161 0.826038 0.413858 0.31622 -0.384863 0.867113 0.400795 -0.930002 -0.306262 0.203222 -0.504304 0.187351 -0.87068 -0.45477 0.485867 
1533683176924 0.0929092 0.849001 -0.520158 -0.608268 -0.946902 0.236843 0.217442 -0.241521 0.307805 0.472337 0.825926 0.413862 0.31622 -0.384863 0.867113 0.400795 -0.930002 -0.306262 0.203222 -0.504304 0.187351 -0.87068 -0.45477 0.485867 
1533683176965 0.0926942 0.84894 -0.520297 -0.60813 -0.946914 0.236713 0.217533 -0.24155 0.307834 0.472512 0.825815 0.413866 0.31622 -0.384863 0.867113 0.400795 -0.930002 -0.306262 0.203222 -0.504304 0.187351 -0.87068 -0.45477 0.485867 
1533683176996 0.0924789 0.848879 -0.520435 -0.607994 -0.946925 0.236583 0.217625 -0.241581 0.307863 0.472688 0.825704 0.41387 0.31622 -0.384863 0.867113 0.400795 -0.930002 -0.306262 0.203222 -0.504304 0.187351 -0.87068 -0.45477 0.485867 
1533683177048 0.0922635 0.848817 -0.520573 -0.607858 -0.946937 0.236453 0.217716 -0.241611 0.307892 0.472863 0.825592 0.413874 0.31622 -0.384863 0.867113 0.400795 -0.930002 -0.306262 0.203222 -0.504304 0.187351 -0.87068 -0.45477 0.485867 
1533683177094 0.0927106 0.849076 -0.520072 -0.608154 -0.946898 0.236692 0.217628 -0.241471 0.307879 0.472278 0.825932 0.41394 0.31622 -0.384863 0.867113 0.400795 -0.930002 -0.306262 0.203222 -0.504304 0.187351 -0.87068 -0.45477 0.485867 
1533683177107 0.0924677 0.849094 -0.520086 -0.608051 -0.946868 0.236575 0.217886 -0.241492 0.308045 0.472306 0.825855 0.413945 0.31622 -0.384863 0.867113 0.400795 -0.930002 -0.306262 0.203222 -0.504304 0.187351 -0.87068 -0.45477 0.485867 
1533683177125 0.0922243 0.849111 -0.520101 -0.607946 -0.946837 0.236458 0.218146 -0.241515 0.308212 0.472332 0.825777 0.41395 0.31622 -0.384863 0.867113 0.400795 -0.930002 -0.306262 0.203222 -0.504304 0.187351 -0.87068 -0.45477 0.485867 
1533683177140 0.0919812 0.849129 -0.520116 -0.607842 -0.946806 0.236341 0.218405 -0.241536 0.308379 0.47236 0.825699 0.413955 0.31622 -0.384863 0.867113 0.400795 -0.930002 -0.306262 0.203222 -0.504304 0.187351 -0.87068 -0.45477 0.485867 
1533683177147 0.0917381 0.849146 -0.52013 -0.607738 -0.946775 0.236225 0.218664 -0.241558 0.308546 0.472387 0.825621 0.41396 0.31622 -0.384863 0.867113 0.400795 -0.930002 -0.306262 0.203222 -0.504304 0.187351 -0.87068 -0.45477 0.485867 
1533683177194 0.0914943 0.849163 -0.520144 -0.607632 -0.946744 0.236108 0.218925 -0.241582 0.308713 0.472413 0.825543 0.413963 0.31622 -0.384863 0.867113 0.400795 -0.930002 -0.306262 0.203222 -0.504304 0.187351 -0.87068 -0.45477 0.485867 
1533683177250 0.091251 0.849181 -0.520159 -0.607527 -0.946714 0.235991 0.219184 -0.241604 0.30888 0.472441 0.825465 0.413968 0.31622 -0.384863 0.867113 0.400795 -0.930002 -0.306262 0.203222 -0.504304 0.187351 -0.87068 -0.45477 0.485867 
1533683177273 0.0910078 0.849198 -0.520173 -0.607423 -0.946682 0.235874 0.219444 -0.241626 0.309047 0.472468 0.825387 0.413973 0.31622 -0.384863 0.867113 0.400795 -0.930002 -0.306262 0.203222 -0.504304 0.187351 -0.87068 -0.45477 0.485867 
1533683177317 0.0907645 0.849215 -0.520187 -0.607319 -0.946651 0.235758 0.219703 -0.241648 0.309214 0.472495 0.825309 0.413978 0.31622 -0.384863 0.867113 0.400795 -0.930002 -0.306262 0.203222 -0.504304 0.187351 -0.87068 -0.45477 0.485867 
1533683177346 0.0905206 0.849233 -0.520201 -0.607212 -0.94662 0.235641 0.219963 -0.241671 0.309381 0.472522 0.825231 0.413981 0.31622 -0.384863 0.867113 0.400795 -0.930002 -0.306262 0.203222 -0.504304 0.187351 -0.87068 -0.45477 0.485867 
1533683177385 0.0912429 0.849205 -0.52012 -0.607542 -0.946732 0.235948 0.219152 -0.241589 0.308827 0.472418 0.825498 0.413946 0.31622 -0.384863 0.867113 0.400795 -0.930002 -0.306262 0.203222 -0.504304 0.187351 -0.87068 -0.45477 0.485867 
1533683177398 0.0908915 0.84921 -0.520174 -0.607444 -0.946674 0.235807 0.219551 -0.241619 0.309106 0.47248 0.825359 0.41396 0.31622 -0.384863 0.867113 0.400795 -0.930002 -0.306262 0.203222 -0.504304 0.187351 -0.87068 -0.45477 0.485867 
1533683177414 0.0905385 0.849216 -0.520225 -0.607348 -0.946617 0.235664 0.219952 -0.241655 0.309386 0.47254 0.825219 0.413972 0.31622 -0.384863 0.867113 0.400795 -0.930002 -0.306262 0.203222 -0.504304 0.187351 -0.87068 -0.45477 0.485867 
1533683177434 0.0901859 0.849222 -0.520277 -0.607251 -0.946559 0.235522 0.220353 -0.241689 0.309665 0.4726 0.825079 0.413985 0.31622 -0.384863 0.867113 0.400795 -0.930002 -0.306262 0.203222 -0.504304 0.187351 -0.87068 -0.45477 0.485867 
1533683177451 0.0898331 0.849228 -0.520329 -0.607156 -0.946501 0.23538 0.220753 -0.241724 0.309945 0.472661 0.82494 0.413997 0.31622 -0.384863 0.867113 0.400795 -0.930002 -0.306262 0.203222 -0.504304 0.187351 -0.87068 -0.45477 0.485867 
1533683177551 0.0894808 0.849233 -0.520381 -0.607059 -0.946443 0.235239 0.221154 -0.241758 0.310225 0.472722 0.8248 0.41401 0.31622 -0.384863 0.867113 0.400795 -0.930002 -0.306262 0.203222 -0.504304 0.187351 -0.87068 -0.45477 0.485867 
1533683177617 0.0891278 0.849239 -0.520432 -0.606964 -0.946384 0.235097 0.221554 -0.241794 0.310504 0.472782 0.82466 0.414022 0.31622 -0.384863 0.867113 0.400795 -0.930002 -0.306262 0.203222 -0.504304 0.187351 -0.87068 -0.45477 0.485867 
1533683177634 0.0887753 0.849244 -0.520483 -0.606867 -0.946326 0.234955 0.221955 -0.241828 0.310784 0.472843 0.82452 0.414035 0.31622 -0.384863 0.867113 0.400795 -0.930002 -0.306262 0.203222 -0.504304 0.187351 -0.87068 -0.45477 0.485867 
1533683177711 0.0884223 0.84925 -0.520534 -0.606772 -0.946267 0.234813 0.222355 -0.241864 0.311063 0.472903 0.82438 0.414047 0.31622 -0.384863 0.867113 0.400795 -0.930002 -0.306262 0.203222 -0.504304 0.187351 -0.87068 -0.45477 0.485867 
1533683177761 0.0880697 0.849255 -0.520585 -0.606676 -0.946208 0.234671 0.222756 -0.241898 0.311343 0.472964 0.82424 0.41406 0.31622 -0.384863 0.867113 0.400795 -0.930002 -0.306262 0.203222 -0.504304 0.187351 -0.87068 -0.45477 0.485867 
1533683177835 0.0885134 0.849313 -0.520416 -0.606851 -0.946332 0.234746 0.22215 -0.241725 0.31084 0.472823 0.82451 0.414038 0.31622 -0.384863 0.867113 0.400795 -0.930002 -0.306262 0.203222 -0.504304 0.187351 -0.87068 -0.45477 0.485867 
1533683177848 0.0885757 0.849233 -0.520536 -0.60678 -0.946393 0.234728 0.221909 -0.241723 0.310637 0.472976 0.824499 0.414022 0.31622 -0.384863 0.867113 0.400795 -0.930002 -0.306262 0.203222 -0.504304 0.187351 -0.87068 -0.45477 0.485867 
1533683177864 0.0886392 0.849152 -0.520658 -0.606705 -0.946454 0.234711 0.221667 -0.241717 0.310433 0.47313 0.824487 0.414008 0.31622 -0.384863 0.867113 0.400795 -0.930002 -0.306262 0.203222 -0.504304 0.187351 -0.87068 -0.45477 0.485867 
1533683177975 0.0887026 0.84907 -0.52078 -0.60663 -0.946514 0.234694 0.221425 -0.241711 0.310229 0.473284 0.824475 0.413994 0.31622 -0.384863 0.867113 0.400795 -0.930002 -0.306262 0.203222 -0.504304 0.187351 -0.87068 -0.45477 0.485867 
1533683177991 0.0887662 0.848989 -0.520901 -0.606554 -0.946575 0.234677 0.221183 -0.241705 0.310025 0.473439 0.824463 0.413979 0.31622 -0.384863 0.867113 0.400795 -0.930002 -0.306262 0.203222 -0.504304 0.187351 -0.87068 -0.45477 0.485867 
1533683178007 0.0888299 0.848907 -0.521023 -0.606478 -0.946636 0.23466 0.22094 -0.241698 0.309821 0.473593 0.824451 0.413965 0.31622 -0.384863 0.867113 0.400795 -0.930002 -0.306262 0.203222 -0.504304 0.187351 -0.87068 -0.45477 0.485867 
1533683178078 0.0888936 0.848826 -0.521145 -0.606401 -0.946697 0.234643 0.220698 -0.241692 0.309617 0.473748 0.824439 0.413951 0.31622 -0.384863 0.867113 0.400795 -0.930002 -0.306262 0.203222 -0.504304 0.187351 -0.87068 -0.45477 0.485867 
1533683178114 0.0889571 0.848745 -0.521267 -0.606327 -0.946758 0.234626 0.220456 -0.241686 0.309414 0.473902 0.824427 0.413937 0.31622 -0.384863 0.867113 0.400795 -0.930002 -0.306262 0.203222 -0.504304 0.187351 -0.87068 -0.45477 0.485867 
