1533836844103 0.261068 0.881603 -0.393217 -0.563989 -0.9493 0.308374 0.0611153 -0.214084 0.175137 0.357326 0.917412 0.364573 0.16008 -0.304787 0.938871 0.370831 -0.775623 0.549475 0.310623 -0.528794 -0.61056 -0.777934 -0.14844 0.432481 
1533836844116 0.267123 0.888286 -0.373622 -0.567356 -0.948001 0.311843 0.0636282 -0.213289 0.173031 0.337197 0.925396 0.361774 0.316231 -0.384871 0.867106 0.40083 -0.930001 -0.306257 0.203234 -0.504368 0.187338 -0.870678 -0.454779 0.485897 
1533836844823 0.273138 0.894525 -0.353866 -0.570691 -0.946695 0.315257 0.0662018 -0.212468 0.170778 0.316921 0.93295 0.35894 0.316231 -0.384871 0.867106 0.40083 -0.930001 -0.306257 0.203234 -0.504368 0.187338 -0.870678 -0.454779 0.485897 
1533836845405 0.2791 0.900319 -0.33396 -0.574026 -0.945382 0.318609 0.0688518 -0.211647 0.168391 0.296503 0.940069 0.356107 0.316231 -0.384871 0.867106 0.40083 -0.930001 -0.306257 0.203234 -0.504368 0.187338 -0.870678 -0.454779 0.485897 
1533836845986 0.285006 0.905666 -0.313913 -0.57736 -0.944064 0.3219 0.0715768 -0.210826 0.165873 0.275954 0.94675 0.353274 0.316231 -0.384871 0.867106 0.40083 -0.930001 -0.306257 0.203234 -0.504368 0.187338 -0.870678 -0.454779 0.485897 
1533836846571 0.290854 0.910563 -0.293733 -0.580695 -0.942742 0.325125 0.0743754 -0.210005 0.163224 0.255282 0.95299 0.350441 0.316231 -0.384871 0.867106 0.40083 -0.930001 -0.306257 0.203234 -0.504368 0.187338 -0.870678 -0.454779 0.485897 
1533836847161 0.29664 0.915008 -0.273432 -0.584029 -0.941415 0.328285 0.0772463 -0.209183 0.160445 0.234499 0.958785 0.347609 0.316231 -0.384871 0.867106 0.40083 -0.930001 -0.306257 0.203234 -0.504368 0.187338 -0.870678 -0.454779 0.485897 
1533836847754 0.302363 0.918999 -0.253019 -0.587363 -0.940084 0.331378 0.0801881 -0.208362 0.157538 0.213613 0.964132 0.344777 0.316231 -0.384871 0.867106 0.40083 -0.930001 -0.306257 0.203234 -0.504368 0.187338 -0.870678 -0.454779 0.485897 
1533836847761 0.308018 0.922533 -0.232503 -0.590695 -0.938751 0.334401 0.0831993 -0.20754 0.154504 0.192636 0.96903 0.341945 0.316231 -0.384871 0.867106 0.40083 -0.930001 -0.306257 0.203234 -0.504368 0.187338 -0.870678 -0.454779 0.485897 
1533836848586 0.313628 0.925561 -0.212072 -0.593416 -0.937391 0.337414 0.0863173 -0.206524 0.151448 0.171723 0.973434 0.33964 0.316442 -0.385045 0.866951 0.401525 -0.929984 -0.306148 0.203478 -0.505625 0.187068 -0.87064 -0.454964 0.486487 
1533836849155 0.313688 0.925335 -0.212966 -0.593248 -0.937351 0.337578 0.0861009 -0.206699 0.151565 0.172616 0.973258 0.339749 0.316442 -0.385045 0.866951 0.401525 -0.929984 -0.306148 0.203478 -0.505625 0.187068 -0.87064 -0.454964 0.486487 
1533836849167 0.314236 0.925647 -0.210793 -0.59366 -0.937224 0.337848 0.086431 -0.206619 0.151221 0.1704 0.973702 0.339398 0.31622 -0.384863 0.867113 0.400795 -0.930002 -0.306262 0.203222 -0.504304 0.187351 -0.87068 -0.454769 0.485867 
1533836849410 0.314784 0.925953 -0.208619 -0.594069 -0.937096 0.338119 0.0867596 -0.206537 0.150873 0.168185 0.974141 0.339044 0.31622 -0.384863 0.867113 0.400795 -0.930002 -0.306262 0.203222 -0.504304 0.187351 -0.87068 -0.454769 0.485867 
1533836849616 0.315331 0.926254 -0.206444 -0.594478 -0.936968 0.338389 0.0870889 -0.206455 0.150525 0.16597 0.974575 0.33869 0.31622 -0.384863 0.867113 0.400795 -0.930002 -0.306262 0.203222 -0.504304 0.187351 -0.87068 -0.454769 0.485867 
1533836849826 0.315877 0.926551 -0.204268 -0.594888 -0.93684 0.338657 0.0874191 -0.206373 0.150175 0.163753 0.975004 0.338336 0.31622 -0.384863 0.867113 0.400795 -0.930002 -0.306262 0.203222 -0.504304 0.187351 -0.87068 -0.454769 0.485867 
1533836850028 0.316423 0.926842 -0.202092 -0.595297 -0.936712 0.338926 0.0877496 -0.206291 0.149824 0.161536 0.975428 0.337981 0.31622 -0.384863 0.867113 0.400795 -0.930002 -0.306262 0.203222 -0.504304 0.187351 -0.87068 -0.454769 0.485867 
1533836850230 0.316968 0.927128 -0.199914 -0.595705 -0.936584 0.339193 0.0880809 -0.206208 0.149472 0.159317 0.975846 0.337627 0.31622 -0.384863 0.867113 0.400795 -0.930002 -0.306262 0.203222 -0.504304 0.187351 -0.87068 -0.454769 0.485867 
1533836850426 0.317512 0.927409 -0.197736 -0.596114 -0.936456 0.33946 0.0884127 -0.206126 0.149118 0.157099 0.97626 0.337273 0.31622 -0.384863 0.867113 0.400795 -0.930002 -0.306262 0.203222 -0.504304 0.187351 -0.87068 -0.454769 0.485867 
1533836850631 0.318055 0.927685 -0.195556 -0.596523 -0.936328 0.339726 0.0887452 -0.206044 0.148763 0.154879 0.976669 0.336918 0.31622 -0.384863 0.867113 0.400795 -0.930002 -0.306262 0.203222 -0.504304 0.187351 -0.87068 -0.454769 0.485867 
1533836850832 0.318597 0.927956 -0.193376 -0.596932 -0.9362 0.339991 0.0890784 -0.205962 0.148407 0.152659 0.977073 0.336564 0.31622 -0.384863 0.867113 0.400795 -0.930002 -0.306262 0.203222 -0.504304 0.187351 -0.87068 -0.454769 0.485867 
1533836851063 0.31863 0.927795 -0.194092 -0.596787 -0.936165 0.340116 0.0889682 -0.206131 0.148558 0.153354 0.976941 0.336663 0.31622 -0.384863 0.867113 0.400795 -0.930002 -0.306262 0.203222 -0.504304 0.187351 -0.87068 -0.454769 0.485867 
1533836851075 0.318888 0.927761 -0.19383 -0.596816 -0.936197 0.340222 0.0882338 -0.206125 0.147805 0.153326 0.977059 0.336604 0.31622 -0.384863 0.867113 0.400795 -0.930002 -0.306262 0.203222 -0.504304 0.187351 -0.87068 -0.454769 0.485867 
1533836851092 0.319147 0.927727 -0.193567 -0.596843 -0.936227 0.340327 0.0874979 -0.206117 0.14705 0.153298 0.977178 0.33654 0.31622 -0.384863 0.867113 0.400795 -0.930002 -0.306262 0.203222 -0.504304 0.187351 -0.87068 -0.454769 0.485867 
1533836851220 0.319405 0.927693 -0.193303 -0.596869 -0.936257 0.340433 0.0867623 -0.206109 0.146295 0.153269 0.977295 0.336477 0.31622 -0.384863 0.867113 0.400795 -0.930002 -0.306262 0.203222 -0.504304 0.187351 -0.87068 -0.454769 0.485867 
1533836851254 0.319663 0.927659 -0.193039 -0.596895 -0.936287 0.340538 0.0860264 -0.206101 0.14554 0.153241 0.977413 0.336413 0.31622 -0.384863 0.867113 0.400795 -0.930002 -0.306262 0.203222 -0.504304 0.187351 -0.87068 -0.454769 0.485867 
1533836851354 0.319921 0.927625 -0.192775 -0.596921 -0.936316 0.340643 0.0852905 -0.206093 0.144785 0.153212 0.977529 0.336349 0.31622 -0.384863 0.867113 0.400795 -0.930002 -0.306262 0.203222 -0.504304 0.187351 -0.87068 -0.45477 0.485867 
1533836851406 0.320179 0.927591 -0.192511 -0.596947 -0.936344 0.340749 0.0845547 -0.206085 0.14403 0.153184 0.977645 0.336286 0.31622 -0.384863 0.867113 0.400795 -0.930002 -0.306262 0.203222 -0.504304 0.187351 -0.87068 -0.45477 0.485867 
1533836851491 0.320436 0.927557 -0.192247 -0.596973 -0.936372 0.340854 0.0838188 -0.206077 0.143275 0.153156 0.977761 0.336222 0.31622 -0.384863 0.867113 0.400795 -0.930002 -0.306262 0.203222 -0.504304 0.187351 -0.87068 -0.45477 0.485867 
1533836851536 0.320694 0.927523 -0.191982 -0.596999 -0.936399 0.34096 0.0830829 -0.206069 0.142519 0.153128 0.977875 0.336159 0.31622 -0.384863 0.867113 0.400795 -0.930002 -0.306262 0.203222 -0.504304 0.187351 -0.87068 -0.45477 0.485867 
1533836851626 0.320951 0.927489 -0.191717 -0.597026 -0.936426 0.341065 0.0823472 -0.206061 0.141764 0.1531 0.977989 0.336096 0.31622 -0.384863 0.867113 0.400795 -0.930002 -0.306262 0.203222 -0.504304 0.187351 -0.87068 -0.45477 0.485867 
1533836851679 0.320527 0.92758 -0.191982 -0.596935 -0.936422 0.340833 0.0833468 -0.206133 0.142744 0.153061 0.977853 0.336257 0.31622 -0.384863 0.867113 0.400795 -0.930002 -0.306262 0.203222 -0.504304 0.187351 -0.87068 -0.45477 0.485867 
1533836851691 0.320572 0.927591 -0.191856 -0.596954 -0.936439 0.340832 0.0831667 -0.206158 0.142535 0.153 0.977893 0.336244 0.31622 -0.384863 0.867113 0.400795 -0.930002 -0.306262 0.203222 -0.504304 0.187351 -0.87068 -0.45477 0.485867 
1533836851708 0.320618 0.927601 -0.191729 -0.596978 -0.936455 0.34083 0.0829858 -0.206183 0.142325 0.152939 0.977933 0.336226 0.31622 -0.384863 0.867113 0.400795 -0.930002 -0.306262 0.203222 -0.504304 0.187351 -0.87068 -0.45477 0.485867 
1533836851724 0.320663 0.927612 -0.191603 -0.597 -0.936471 0.340829 0.082805 -0.206209 0.142115 0.152878 0.977973 0.33621 0.31622 -0.384863 0.867113 0.400795 -0.930002 -0.306262 0.203222 -0.504304 0.187351 -0.87068 -0.45477 0.485867 
1533836851741 0.320708 0.927622 -0.191477 -0.597022 -0.936488 0.340828 0.082624 -0.206234 0.141905 0.152818 0.978013 0.336191 0.31622 -0.384863 0.867113 0.400795 -0.930002 -0.306262 0.203222 -0.504304 0.187351 -0.87068 -0.45477 0.485867 
1533836851758 0.320753 0.927633 -0.19135 -0.597045 -0.936504 0.340827 0.0824428 -0.206259 0.141694 0.152757 0.978053 0.336173 0.31622 -0.384863 0.867113 0.400795 -0.930002 -0.306262 0.203222 -0.504304 0.187351 -0.87068 -0.45477 0.485867 
1533836851774 0.320799 0.927643 -0.191224 -0.597066 -0.93652 0.340826 0.0822618 -0.206285 0.141484 0.152696 0.978093 0.336155 0.31622 -0.384863 0.867113 0.400795 -0.930002 -0.306262 0.203222 -0.504304 0.187351 -0.87068 -0.45477 0.485867 
1533836851791 0.320844 0.927653 -0.191098 -0.597088 -0.936537 0.340825 0.0820807 -0.20631 0.141273 0.152635 0.978133 0.336137 0.31622 -0.384863 0.867113 0.400795 -0.930002 -0.306262 0.203222 -0.504304 0.187351 -0.87068 -0.45477 0.485867 
1533836851808 0.320889 0.927664 -0.190972 -0.59711 -0.936553 0.340824 0.0818996 -0.206335 0.141063 0.152574 0.978173 0.336119 0.31622 -0.384863 0.867113 0.400795 -0.930002 -0.306262 0.203222 -0.504304 0.187351 -0.87068 -0.45477 0.485867 
1533836851832 0.320934 0.927674 -0.190846 -0.597131 -0.936569 0.340823 0.0817186 -0.20636 0.140853 0.152514 0.978213 0.336102 0.31622 -0.384863 0.867113 0.400795 -0.930002 -0.306262 0.203222 -0.504304 0.187351 -0.87068 -0.45477 0.485867 
1533836851882 0.3208 0.927594 -0.191461 -0.597025 -0.936476 0.340896 0.082477 -0.206225 0.141773 0.15284 0.978029 0.336149 0.31622 -0.384863 0.867113 0.400795 -0.930002 -0.306262 0.203222 -0.504304 0.187351 -0.87068 -0.45477 0.485867 
1533836851895 0.320779 0.92761 -0.191417 -0.597032 -0.936503 0.34085 0.0823628 -0.20625 0.141645 0.152842 0.978047 0.336142 0.31622 -0.384863 0.867113 0.400795 -0.930002 -0.306262 0.203222 -0.504304 0.187351 -0.87068 -0.45477 0.485867 
1533836851912 0.320759 0.927626 -0.191372 -0.59704 -0.936529 0.340805 0.0822487 -0.206275 0.141517 0.152844 0.978065 0.336133 0.31622 -0.384863 0.867113 0.400795 -0.930002 -0.306262 0.203222 -0.504304 0.187351 -0.87068 -0.45477 0.485867 
1533836851928 0.320738 0.927643 -0.191327 -0.597052 -0.936556 0.34076 0.0821345 -0.206301 0.141388 0.152845 0.978084 0.336122 0.31622 -0.384863 0.867113 0.400795 -0.930002 -0.306262 0.203222 -0.504304 0.187351 -0.87068 -0.45477 0.485867 
1533836851945 0.320718 0.927659 -0.191282 -0.597061 -0.936582 0.340715 0.0820203 -0.206326 0.14126 0.152846 0.978102 0.336112 0.31622 -0.384863 0.867113 0.400795 -0.930002 -0.306262 0.203222 -0.504304 0.187351 -0.87068 -0.45477 0.485867 
1533836851962 0.320698 0.927675 -0.191237 -0.597071 -0.936608 0.34067 0.081906 -0.206352 0.141131 0.152847 0.978121 0.336101 0.31622 -0.384863 0.867113 0.400795 -0.930002 -0.306262 0.203222 -0.504304 0.187351 -0.87068 -0.45477 0.485867 
1533836851978 0.320677 0.927692 -0.191192 -0.597081 -0.936635 0.340625 0.0817916 -0.206377 0.141002 0.152848 0.978139 0.336091 0.31622 -0.384863 0.867113 0.400795 -0.930002 -0.306262 0.203222 -0.504304 0.187351 -0.87068 -0.45477 0.485867 
1533836851995 0.320657 0.927708 -0.191147 -0.597091 -0.936661 0.340581 0.0816774 -0.206402 0.140874 0.15285 0.978157 0.336081 0.31622 -0.384863 0.867113 0.400795 -0.930002 -0.306262 0.203222 -0.504304 0.187351 -0.87068 -0.45477 0.485867 
1533836852012 0.320637 0.927724 -0.191102 -0.597101 -0.936687 0.340536 0.0815631 -0.206428 0.140745 0.152851 0.978176 0.33607 0.31622 -0.384863 0.867113 0.400795 -0.930002 -0.306262 0.203222 -0.504304 0.187351 -0.87068 -0.45477 0.485867 
1533836852018 0.320616 0.92774 -0.191057 -0.59711 -0.936714 0.340491 0.0814486 -0.206453 0.140616 0.152852 0.978194 0.336059 0.31622 -0.384863 0.867113 0.400795 -0.930002 -0.306262 0.203222 -0.504304 0.187351 -0.87068 -0.45477 0.485867 
1533836852051 0.320756 0.927701 -0.191017 -0.597115 -0.936607 0.340688 0.0818472 -0.206313 0.141007 0.152655 0.978168 0.336126 0.31622 -0.384863 0.867113 0.400795 -0.930002 -0.306262 0.203222 -0.504304 0.187351 -0.87068 -0.45477 0.485867 
1533836852063 0.320776 0.927643 -0.19126 -0.597114 -0.936637 0.34069 0.0815012 -0.206312 0.140764 0.152998 0.97815 0.336154 0.31622 -0.384863 0.867113 0.400795 -0.930002 -0.306262 0.203222 -0.504304 0.187351 -0.87068 -0.45477 0.485867 
1533836852079 0.320797 0.927586 -0.191505 -0.597105 -0.936666 0.340692 0.0811533 -0.206307 0.140521 0.153342 0.978131 0.336181 0.31622 -0.384863 0.867113 0.400795 -0.930002 -0.306262 0.203222 -0.504304 0.187351 -0.87068 -0.45477 0.485867 
1533836852095 0.320819 0.927528 -0.191749 -0.597097 -0.936695 0.340694 0.0808053 -0.206303 0.140277 0.153686 0.978112 0.336206 0.31622 -0.384863 0.867113 0.400795 -0.930002 -0.306262 0.203222 -0.504304 0.187351 -0.87068 -0.45477 0.485867 
1533836852165 0.32084 0.92747 -0.191993 -0.59709 -0.936724 0.340696 0.0804575 -0.206299 0.140033 0.15403 0.978093 0.336233 0.31622 -0.384863 0.867113 0.400795 -0.930002 -0.306262 0.203222 -0.504304 0.187351 -0.87068 -0.45477 0.485867 
1533836852215 0.320861 0.927412 -0.192236 -0.597081 -0.936753 0.340698 0.0801095 -0.206294 0.139789 0.154374 0.978073 0.336258 0.31622 -0.384863 0.867113 0.400795 -0.930002 -0.306262 0.203222 -0.504304 0.187351 -0.87068 -0.45477 0.485867 
1533836852248 0.320883 0.927354 -0.19248 -0.597074 -0.936782 0.3407 0.0797616 -0.20629 0.139545 0.154718 0.978054 0.336284 0.31622 -0.384863 0.867113 0.400795 -0.930002 -0.306262 0.203222 -0.504304 0.187351 -0.87068 -0.45477 0.485867 
1533836852289 0.320904 0.927296 -0.192724 -0.597066 -0.936811 0.340702 0.0794136 -0.206286 0.139301 0.155062 0.978034 0.336309 0.31622 -0.384863 0.867113 0.400795 -0.930002 -0.306262 0.203222 -0.504304 0.187351 -0.87068 -0.45477 0.485867 
1533836852342 0.320926 0.927238 -0.192968 -0.597059 -0.93684 0.340704 0.0790656 -0.206282 0.139057 0.155406 0.978014 0.336335 0.31622 -0.384863 0.867113 0.400795 -0.930002 -0.306262 0.203222 -0.504304 0.187351 -0.87068 -0.45477 0.485867 
1533836852349 0.320947 0.92718 -0.193212 -0.597051 -0.936869 0.340705 0.0787176 -0.206277 0.138814 0.15575 0.977994 0.33636 0.31622 -0.384863 0.867113 0.400795 -0.930002 -0.306262 0.203222 -0.504304 0.187351 -0.87068 -0.45477 0.485867 
1533836852449 0.320926 0.927312 -0.192611 -0.597083 -0.936802 0.340716 0.0794622 -0.206245 0.139312 0.154937 0.978053 0.33636 0.31622 -0.384863 0.867113 0.400795 -0.930002 -0.306262 0.203222 -0.504304 0.187351 -0.87068 -0.45477 0.485867 
1533836852462 0.321 0.927292 -0.192583 -0.597094 -0.936828 0.34073 0.0791041 -0.206222 0.138971 0.155024 0.978087 0.336366 0.31622 -0.384863 0.867113 0.400795 -0.930002 -0.306262 0.203222 -0.504304 0.187351 -0.87068 -0.45477 0.485867 
1533836852469 0.321075 0.927272 -0.192555 -0.597101 -0.936853 0.340744 0.0787444 -0.206197 0.138629 0.155112 0.978122 0.336367 0.31622 -0.384863 0.867113 0.400795 -0.930002 -0.306262 0.203222 -0.504304 0.187351 -0.87068 -0.45477 0.485867 
1533836852483 0.32115 0.927252 -0.192527 -0.597108 -0.936877 0.340759 0.078385 -0.206172 0.138288 0.1552 0.978156 0.336369 0.31622 -0.384863 0.867113 0.400795 -0.930002 -0.306262 0.203222 -0.504304 0.187351 -0.87068 -0.45477 0.485867 
1533836852499 0.321225 0.927232 -0.192498 -0.597115 -0.936902 0.340773 0.0780254 -0.206146 0.137946 0.155289 0.97819 0.33637 0.31622 -0.384863 0.867113 0.400795 -0.930002 -0.306262 0.203222 -0.504304 0.187351 -0.87068 -0.45477 0.485867 
1533836852516 0.321299 0.927212 -0.19247 -0.597122 -0.936927 0.340788 0.0776657 -0.206121 0.137604 0.155377 0.978225 0.336371 0.31622 -0.384863 0.867113 0.400795 -0.930002 -0.306262 0.203222 -0.504304 0.187351 -0.87068 -0.45477 0.485867 
1533836852533 0.321374 0.927192 -0.192442 -0.597129 -0.936951 0.340802 0.0773061 -0.206096 0.137262 0.155465 0.978259 0.336372 0.31622 -0.384863 0.867113 0.400795 -0.930002 -0.306262 0.203222 -0.504304 0.187351 -0.87068 -0.45477 0.485867 
1533836852622 0.321449 0.927172 -0.192414 -0.597136 -0.936976 0.340817 0.0769465 -0.206071 0.13692 0.155553 0.978292 0.336374 0.31622 -0.384863 0.867113 0.400795 -0.930002 -0.306262 0.203222 -0.504304 0.187351 -0.87068 -0.45477 0.485867 
1533836852645 0.321524 0.927152 -0.192386 -0.597143 -0.937 0.340831 0.0765869 -0.206045 0.136579 0.155641 0.978326 0.336375 0.31622 -0.384863 0.867113 0.400795 -0.930002 -0.306262 0.203222 -0.504304 0.187351 -0.87068 -0.45477 0.485867 
1533836852669 0.321599 0.927132 -0.192358 -0.59715 -0.937024 0.340845 0.0762272 -0.20602 0.136237 0.155729 0.97836 0.336376 0.31622 -0.384863 0.867113 0.400795 -0.930002 -0.306262 0.203222 -0.504304 0.187351 -0.87068 -0.45477 0.485867 
1533836852747 0.321387 0.9272 -0.192382 -0.597151 -0.936969 0.340784 0.0771667 -0.206021 0.13711 0.155456 0.978281 0.336404 0.31622 -0.384863 0.867113 0.400795 -0.930002 -0.306262 0.203222 -0.504304 0.187351 -0.87068 -0.45477 0.485867 
1533836852761 0.321521 0.927173 -0.192289 -0.597153 -0.936927 0.340904 0.0771526 -0.206023 0.137086 0.155354 0.978301 0.336401 0.31622 -0.384863 0.867113 0.400795 -0.930002 -0.306262 0.203222 -0.504304 0.187351 -0.87068 -0.45477 0.485867 
1533836852776 0.321655 0.927146 -0.192195 -0.597161 -0.936884 0.341025 0.0771387 -0.206023 0.137062 0.155252 0.97832 0.336394 0.31622 -0.384863 0.867113 0.400795 -0.930002 -0.306262 0.203222 -0.504304 0.187351 -0.87068 -0.45477 0.485867 
1533836852793 0.32179 0.927119 -0.192101 -0.597167 -0.936842 0.341145 0.077125 -0.206024 0.137038 0.15515 0.97834 0.336388 0.31622 -0.384863 0.867113 0.400795 -0.930002 -0.306262 0.203222 -0.504304 0.187351 -0.87068 -0.45477 0.485867 
1533836852813 0.321924 0.927091 -0.192006 -0.597174 -0.936799 0.341265 0.0771111 -0.206025 0.137014 0.155047 0.97836 0.336381 0.31622 -0.384863 0.867113 0.400795 -0.930002 -0.306262 0.203222 -0.504304 0.187351 -0.87068 -0.45477 0.485867 
1533836852849 0.322058 0.927064 -0.191912 -0.597181 -0.936756 0.341385 0.0770972 -0.206027 0.13699 0.154945 0.978379 0.336374 0.31622 -0.384863 0.867113 0.400795 -0.930002 -0.306262 0.203222 -0.504304 0.187351 -0.87068 -0.45477 0.485867 
1533836852866 0.322192 0.927037 -0.191818 -0.597187 -0.936714 0.341505 0.0770833 -0.206028 0.136966 0.154843 0.978399 0.336367 0.31622 -0.384863 0.867113 0.400795 -0.930002 -0.306262 0.203222 -0.504304 0.187351 -0.87068 -0.45477 0.485867 
1533836852872 0.322327 0.92701 -0.191724 -0.597194 -0.936671 0.341625 0.0770694 -0.206029 0.136942 0.15474 0.978418 0.336359 0.31622 -0.384863 0.867113 0.400795 -0.930002 -0.306262 0.203222 -0.504304 0.187351 -0.87068 -0.45477 0.485867 
1533836852886 0.322461 0.926983 -0.191629 -0.5972 -0.936628 0.341746 0.0770555 -0.20603 0.136918 0.154638 0.978438 0.336352 0.31622 -0.384863 0.867113 0.400795 -0.930002 -0.306262 0.203222 -0.504304 0.187351 -0.87068 -0.45477 0.485867 
1533836852902 0.322595 0.926956 -0.191535 -0.597207 -0.936586 0.341866 0.0770416 -0.206031 0.136893 0.154536 0.978457 0.336344 0.31622 -0.384863 0.867113 0.400795 -0.930002 -0.306262 0.203222 -0.504304 0.187351 -0.87068 -0.45477 0.485867 
1533836852927 0.321698 0.927162 -0.192045 -0.597151 -0.936893 0.341027 0.0770161 -0.205951 0.136899 0.15515 0.978359 0.336396 0.31622 -0.384863 0.867113 0.400795 -0.930002 -0.306262 0.203222 -0.504304 0.187351 -0.87068 -0.45477 0.485867 
1533836852939 0.321596 0.927209 -0.191987 -0.597146 -0.936896 0.340958 0.0772871 -0.205982 0.137121 0.155017 0.978349 0.33637 0.31622 -0.384863 0.867113 0.400795 -0.930002 -0.306262 0.203222 -0.504304 0.187351 -0.87068 -0.45477 0.485867 
1533836852956 0.3215 0.927258 -0.191913 -0.597144 -0.936893 0.340899 0.0775884 -0.206014 0.137367 0.154857 0.97834 0.336342 0.31622 -0.384863 0.867113 0.400795 -0.930002 -0.306262 0.203222 -0.504304 0.187351 -0.87068 -0.45477 0.485867 
1533836852972 0.321404 0.927306 -0.191839 -0.597142 -0.936889 0.340839 0.0778896 -0.206045 0.137614 0.154698 0.978331 0.336314 0.31622 -0.384863 0.867113 0.400795 -0.930002 -0.306262 0.203222 -0.504304 0.187351 -0.87068 -0.45477 0.485867 
1533836852989 0.321308 0.927355 -0.191766 -0.597141 -0.936886 0.340779 0.0781908 -0.206077 0.13786 0.154539 0.978321 0.336286 0.31622 -0.384863 0.867113 0.400795 -0.930002 -0.306262 0.203222 -0.504304 0.187351 -0.87068 -0.45477 0.485867 
1533836853006 0.321212 0.927403 -0.191692 -0.59714 -0.936883 0.34072 0.078492 -0.206108 0.138107 0.15438 0.978311 0.336258 0.31622 -0.384863 0.867113 0.400795 -0.930002 -0.306262 0.203222 -0.504304 0.187351 -0.87068 -0.45477 0.485867 
1533836853012 0.321117 0.927452 -0.191618 -0.597137 -0.936879 0.34066 0.0787931 -0.206139 0.138353 0.154221 0.978302 0.33623 0.31622 -0.384863 0.867113 0.400795 -0.930002 -0.306262 0.203222 -0.504304 0.187351 -0.87068 -0.45477 0.485867 
