1533061778805 0.293216 0.939495 0.177127 -0.400559 -0.947895 0.26154 0.181914 -0.240068 0.124581 -0.221238 0.96723 0.316356 0.16008 -0.304787 0.938871 0.370831 -0.775623 0.549475 0.310623 -0.528794 -0.61056 -0.777934 -0.14844 0.432481 
1533061778819 0.278843 0.957042 0.0794834 -0.424009 -0.947501 0.260685 0.185164 -0.238055 0.156489 -0.126942 0.979488 0.328889 0.316305 -0.38429 0.867336 0.400737 -0.930106 -0.305553 0.203815 -0.506322 0.186693 -0.871182 -0.454078 0.485854 
1533061779904 0.261347 0.96506 -0.0188898 -0.447484 -0.946998 0.260145 0.188463 -0.236038 0.186793 -0.0313658 0.981899 0.341402 0.316242 -0.384853 0.86711 0.400828 -0.929997 -0.306262 0.203248 -0.504438 0.187342 -0.870685 -0.454765 0.485876 
1533061781036 0.240907 0.963469 -0.117008 -0.47096 -0.946392 0.259928 0.191783 -0.234021 0.21519 0.0645335 0.974438 0.353912 0.316223 -0.384857 0.867115 0.40079 -0.930001 -0.306263 0.203227 -0.50432 0.187352 -0.870683 -0.454765 0.485866 
1533061782160 0.217726 0.952286 -0.213884 -0.494437 -0.945687 0.260034 0.195088 -0.232004 0.241397 0.159791 0.95718 0.366421 0.316222 -0.384859 0.867115 0.40079 -0.930002 -0.306263 0.203224 -0.504311 0.187352 -0.870682 -0.454766 0.485866 
1533061783275 0.192039 0.931623 -0.308544 -0.517916 -0.94489 0.260464 0.198346 -0.229988 0.265149 0.25345 0.930301 0.378929 0.316221 -0.38486 0.867114 0.400792 -0.930002 -0.306262 0.203224 -0.50431 0.187352 -0.870681 -0.454767 0.485867 
1533061784423 0.164102 0.901689 -0.400035 -0.541396 -0.944011 0.261212 0.201525 -0.227972 0.286207 0.344567 0.894069 0.391436 0.316221 -0.384861 0.867114 0.400794 -0.930002 -0.306262 0.203223 -0.504309 0.187351 -0.870681 -0.454768 0.485868 
1533061785591 0.134199 0.862783 -0.487438 -0.564874 -0.943057 0.262271 0.204592 -0.225958 0.30436 0.432226 0.84885 0.403942 0.316221 -0.384862 0.867113 0.400797 -0.930002 -0.306262 0.203223 -0.504311 0.187351 -0.870681 -0.454769 0.485869 
1533061786748 0.102629 0.815298 -0.569874 -0.588299 -0.942038 0.263632 0.207516 -0.223941 0.319424 0.515546 0.795098 0.416437 0.316223 -0.384864 0.867112 0.400805 -0.930002 -0.306262 0.203225 -0.504323 0.187349 -0.87068 -0.454771 0.485873 
1533061787915 0.0697501 0.759866 -0.646327 -0.61079 -0.940961 0.265259 0.21031 -0.222005 0.331252 0.593499 0.733506 0.428226 0.316248 -0.38489 0.867091 0.400874 -0.93 -0.306247 0.203254 -0.504458 0.187313 -0.870673 -0.454798 0.485953 
1533061789252 0.069629 0.759908 -0.646291 -0.61078 -0.940997 0.26511 0.210336 -0.221949 0.331174 0.593513 0.73353 0.428242 0.316248 -0.38489 0.867091 0.400874 -0.93 -0.306247 0.203254 -0.504458 0.187313 -0.870673 -0.454798 0.485953 
1533061789264 0.0662835 0.753905 -0.653631 -0.613223 -0.940884 0.265307 0.210594 -0.221742 0.332181 0.601032 0.726923 0.429567 0.316222 -0.384863 0.867112 0.400802 -0.930002 -0.306262 0.203224 -0.504316 0.18735 -0.87068 -0.45477 0.48587 
1533061789734 0.0629289 0.747827 -0.660904 -0.615666 -0.94077 0.265507 0.21085 -0.221534 0.333154 0.60849 0.720242 0.430892 0.31622 -0.384863 0.867113 0.400796 -0.930002 -0.306262 0.203222 -0.504305 0.187351 -0.87068 -0.454769 0.485867 
1533061790220 0.0595648 0.741674 -0.66811 -0.618108 -0.940656 0.26571 0.211103 -0.221327 0.334093 0.615888 0.713487 0.432218 0.316221 -0.384863 0.867113 0.400795 -0.930002 -0.306262 0.203223 -0.504304 0.187351 -0.87068 -0.45477 0.485867 
1533061790672 0.0561915 0.735447 -0.675248 -0.62055 -0.940542 0.265915 0.211354 -0.22112 0.334998 0.623223 0.706661 0.433543 0.31622 -0.384863 0.867113 0.400795 -0.930002 -0.306262 0.203222 -0.504304 0.187351 -0.87068 -0.45477 0.485867 
1533061791131 0.052809 0.729147 -0.682316 -0.622992 -0.940427 0.266123 0.211602 -0.220912 0.335869 0.630494 0.699763 0.434868 0.31622 -0.384863 0.867113 0.400795 -0.930002 -0.306262 0.203222 -0.504304 0.187351 -0.87068 -0.45477 0.485867 
1533061791580 0.0494181 0.722774 -0.689315 -0.625435 -0.940312 0.266334 0.211849 -0.220705 0.336706 0.637702 0.692795 0.436194 0.31622 -0.384863 0.867113 0.400795 -0.930002 -0.306262 0.203222 -0.504304 0.187351 -0.87068 -0.45477 0.485867 
1533061792060 0.046019 0.716329 -0.696244 -0.627876 -0.940197 0.266547 0.212093 -0.220497 0.337509 0.644846 0.685756 0.437519 0.31622 -0.384863 0.867113 0.400795 -0.930002 -0.306262 0.203222 -0.504304 0.187351 -0.87068 -0.45477 0.485867 
1533061792570 0.042612 0.709812 -0.703101 -0.630313 -0.940081 0.266762 0.212334 -0.22029 0.338278 0.651924 0.678648 0.438843 0.31622 -0.384863 0.867113 0.400795 -0.930002 -0.306262 0.203222 -0.504304 0.187351 -0.87068 -0.45477 0.485867 
1533061793040 0.0391965 0.703244 -0.709867 -0.632659 -0.939964 0.266976 0.212583 -0.220099 0.339015 0.658917 0.671489 0.440096 0.31622 -0.384863 0.867113 0.400795 -0.930002 -0.306262 0.203222 -0.504304 0.187351 -0.87068 -0.45477 0.485867 
1533061793539 0.0392241 0.703352 -0.709758 -0.632658 -0.93994 0.267007 0.212652 -0.220054 0.339079 0.658789 0.671582 0.440176 0.31622 -0.384863 0.867113 0.400795 -0.930002 -0.306262 0.203222 -0.504304 0.187351 -0.87068 -0.45477 0.485867 
1533061793553 0.0392923 0.703119 -0.709986 -0.632718 -0.94039 0.266239 0.211621 -0.219968 0.337821 0.659349 0.671667 0.440096 0.31622 -0.384863 0.867113 0.400795 -0.930002 -0.306262 0.203222 -0.504304 0.187351 -0.87068 -0.45477 0.485867 
1533061793764 0.0393612 0.702885 -0.710214 -0.632778 -0.940838 0.265472 0.210589 -0.219882 0.336562 0.659907 0.67175 0.440016 0.31622 -0.384863 0.867113 0.400795 -0.930002 -0.306262 0.203222 -0.504304 0.187351 -0.87068 -0.45477 0.485867 
1533061793964 0.0394299 0.702651 -0.710441 -0.632838 -0.941285 0.264703 0.209559 -0.219795 0.335303 0.660465 0.671832 0.439937 0.31622 -0.384863 0.867113 0.400795 -0.930002 -0.306262 0.203222 -0.504304 0.187351 -0.87068 -0.45477 0.485867 
1533061794199 0.039499 0.702417 -0.710668 -0.632898 -0.94173 0.263933 0.208528 -0.219709 0.334043 0.661021 0.671913 0.439857 0.31622 -0.384863 0.867113 0.400795 -0.930002 -0.306262 0.203222 -0.504304 0.187351 -0.87068 -0.45477 0.485867 
1533061794388 0.0395685 0.702184 -0.710896 -0.632958 -0.942173 0.263163 0.207497 -0.219623 0.332782 0.661576 0.671992 0.439777 0.31622 -0.384863 0.867113 0.400795 -0.930002 -0.306262 0.203222 -0.504304 0.187351 -0.87068 -0.45477 0.485867 
1533061794590 0.0396384 0.70195 -0.711122 -0.633018 -0.942615 0.262392 0.206465 -0.219537 0.331521 0.662131 0.672069 0.439697 0.31622 -0.384863 0.867113 0.400795 -0.930002 -0.306262 0.203222 -0.504304 0.187351 -0.87068 -0.45477 0.485867 
1533061794596 0.0397096 0.701716 -0.71135 -0.633078 -0.943055 0.26162 0.205433 -0.21945 0.330259 0.662684 0.672145 0.439617 0.31622 -0.384863 0.867113 0.400795 -0.930002 -0.306262 0.203222 -0.504304 0.187351 -0.87068 -0.45477 0.485867 
1533061794840 0.0397799 0.701482 -0.711576 -0.633138 -0.943493 0.260847 0.204402 -0.219364 0.328997 0.663236 0.67222 0.439537 0.31622 -0.384863 0.867113 0.400795 -0.930002 -0.306262 0.203222 -0.504304 0.187351 -0.87068 -0.45477 0.485867 
1533061795111 0.0398469 0.701251 -0.7118 -0.633201 -0.943928 0.260073 0.203377 -0.219291 0.327738 0.663784 0.672293 0.439455 0.31622 -0.384863 0.867113 0.400795 -0.930002 -0.306262 0.203222 -0.504304 0.187351 -0.87068 -0.45477 0.485867 
1533061795346 0.039898 0.701245 -0.711803 -0.633188 -0.943897 0.260167 0.2034 -0.219324 0.327821 0.663754 0.672283 0.439466 0.31622 -0.384863 0.867113 0.400795 -0.930002 -0.306262 0.203222 -0.504304 0.187351 -0.87068 -0.45477 0.485867 
1533061795359 0.0395418 0.701031 -0.712034 -0.633202 -0.944051 0.259709 0.20327 -0.219353 0.32742 0.664159 0.672078 0.439576 0.31622 -0.384863 0.867113 0.400795 -0.930002 -0.306262 0.203222 -0.504304 0.187351 -0.87068 -0.45477 0.485867 
1533061795540 0.0391868 0.700816 -0.712265 -0.633216 -0.944205 0.259253 0.203138 -0.219381 0.327019 0.664564 0.671873 0.439686 0.31622 -0.384863 0.867113 0.400795 -0.930002 -0.306262 0.203222 -0.504304 0.187351 -0.87068 -0.45477 0.485867 
1533061795702 0.038832 0.700601 -0.712496 -0.633229 -0.944358 0.258796 0.203006 -0.21941 0.326618 0.664969 0.671668 0.439796 0.31622 -0.384863 0.867113 0.400795 -0.930002 -0.306262 0.203222 -0.504304 0.187351 -0.87068 -0.45477 0.485867 
1533061795899 0.0384768 0.700384 -0.712728 -0.633243 -0.944512 0.258339 0.202875 -0.219438 0.326216 0.665374 0.671461 0.439906 0.31622 -0.384863 0.867113 0.400795 -0.930002 -0.306262 0.203222 -0.504304 0.187351 -0.87068 -0.45477 0.485867 
1533061796115 0.0381222 0.700168 -0.71296 -0.633257 -0.944665 0.257882 0.202744 -0.219467 0.325814 0.665779 0.671255 0.440016 0.31622 -0.384863 0.867113 0.400795 -0.930002 -0.306262 0.203222 -0.504304 0.187351 -0.87068 -0.45477 0.485867 
1533061796122 0.0377676 0.699952 -0.713191 -0.633271 -0.944818 0.257425 0.202613 -0.219496 0.325412 0.666183 0.671049 0.440126 0.31622 -0.384863 0.867113 0.400795 -0.930002 -0.306262 0.203222 -0.504304 0.187351 -0.87068 -0.45477 0.485867 
1533061796296 0.0374132 0.699735 -0.713422 -0.633285 -0.94497 0.256968 0.202482 -0.219524 0.32501 0.666587 0.670843 0.440236 0.31622 -0.384863 0.867113 0.400795 -0.930002 -0.306262 0.203222 -0.504304 0.187351 -0.87068 -0.45477 0.485867 
1533061796498 0.0370589 0.699518 -0.713653 -0.633299 -0.945122 0.256511 0.202351 -0.219553 0.324608 0.666991 0.670636 0.440346 0.31622 -0.384863 0.867113 0.400795 -0.930002 -0.306262 0.203222 -0.504304 0.187351 -0.87068 -0.45477 0.485867 
1533061796657 0.0367046 0.699302 -0.713883 -0.633314 -0.945274 0.256053 0.202222 -0.219582 0.324206 0.667393 0.670431 0.440451 0.31622 -0.384863 0.867113 0.400795 -0.930002 -0.306262 0.203222 -0.504304 0.187351 -0.87068 -0.45477 0.485867 
1533061796859 0.0365968 0.699266 -0.713924 -0.633327 -0.945251 0.256048 0.202336 -0.219557 0.324285 0.667433 0.670352 0.440424 0.31622 -0.384863 0.867113 0.400795 -0.930002 -0.306262 0.203222 -0.504304 0.187351 -0.87068 -0.45477 0.485867 
1533061796872 0.0365281 0.699265 -0.713929 -0.633336 -0.945298 0.255912 0.202289 -0.219556 0.324157 0.667486 0.670361 0.440465 0.31622 -0.384863 0.867113 0.400795 -0.930002 -0.306262 0.203222 -0.504304 0.187351 -0.87068 -0.45477 0.485867 
1533061796889 0.0364595 0.699263 -0.713934 -0.633344 -0.945345 0.255776 0.202242 -0.219555 0.324028 0.66754 0.67037 0.440505 0.31622 -0.384863 0.867113 0.400795 -0.930002 -0.306262 0.203222 -0.504304 0.187351 -0.87068 -0.45477 0.485867 
1533061797115 0.0363909 0.699262 -0.713939 -0.633353 -0.945392 0.255639 0.202195 -0.219555 0.323898 0.667594 0.670379 0.440547 0.31622 -0.384863 0.867113 0.400795 -0.930002 -0.306262 0.203222 -0.504304 0.187351 -0.87068 -0.45477 0.485867 
1533061797212 0.0363223 0.69926 -0.713944 -0.633362 -0.945439 0.255503 0.202149 -0.219554 0.323769 0.667648 0.670388 0.440588 0.31622 -0.384863 0.867113 0.400795 -0.930002 -0.306262 0.203222 -0.504304 0.187351 -0.87068 -0.45477 0.485867 
1533061797219 0.0362538 0.699259 -0.713949 -0.633371 -0.945485 0.255367 0.202102 -0.219553 0.32364 0.667701 0.670397 0.440628 0.31622 -0.384863 0.867113 0.400795 -0.930002 -0.306262 0.203222 -0.504304 0.187351 -0.87068 -0.45477 0.485867 
1533061797351 0.0361852 0.699257 -0.713954 -0.63338 -0.945532 0.255231 0.202055 -0.219552 0.323511 0.667755 0.670406 0.440669 0.31622 -0.384863 0.867113 0.400795 -0.930002 -0.306262 0.203222 -0.504304 0.187351 -0.87068 -0.45477 0.485867 
1533061797409 0.0361166 0.699256 -0.713959 -0.633388 -0.945579 0.255095 0.202008 -0.219551 0.323382 0.667809 0.670415 0.44071 0.31622 -0.384863 0.867113 0.400795 -0.930002 -0.306262 0.203222 -0.504304 0.187351 -0.87068 -0.45477 0.485867 
1533061797415 0.036048 0.699254 -0.713964 -0.633397 -0.945626 0.254958 0.201961 -0.21955 0.323253 0.667862 0.670423 0.440751 0.31622 -0.384863 0.867113 0.400795 -0.930002 -0.306262 0.203222 -0.504304 0.187351 -0.87068 -0.45477 0.485867 
1533061797575 0.0359793 0.699253 -0.713968 -0.633406 -0.945672 0.254822 0.201914 -0.21955 0.323124 0.667915 0.670433 0.440791 0.31622 -0.384863 0.867113 0.400795 -0.930002 -0.306262 0.203222 -0.504304 0.187351 -0.87068 -0.45477 0.485867 
1533061797706 0.0360373 0.699267 -0.713951 -0.633374 -0.945656 0.254885 0.20191 -0.219567 0.323164 0.667876 0.670452 0.440742 0.31622 -0.384863 0.867113 0.400795 -0.930002 -0.306262 0.203222 -0.504304 0.187351 -0.87068 -0.45477 0.485867 
1533061797719 0.0360279 0.699139 -0.714077 -0.633362 -0.945727 0.25477 0.201725 -0.219562 0.32296 0.668054 0.670374 0.44079 0.31622 -0.384863 0.867113 0.400795 -0.930002 -0.306262 0.203222 -0.504304 0.187351 -0.87068 -0.45477 0.485867 
1533061797929 0.0360195 0.699012 -0.714203 -0.63335 -0.945797 0.254656 0.20154 -0.219558 0.322755 0.668231 0.670296 0.440838 0.31622 -0.384863 0.867113 0.400795 -0.930002 -0.306262 0.203222 -0.504304 0.187351 -0.87068 -0.45477 0.485867 
1533061798167 0.0360111 0.698884 -0.714328 -0.633339 -0.945867 0.254542 0.201355 -0.219553 0.32255 0.668409 0.670217 0.440885 0.31622 -0.384863 0.867113 0.400795 -0.930002 -0.306262 0.203222 -0.504304 0.187351 -0.87068 -0.45477 0.485867 
1533061798347 0.0360036 0.698755 -0.714454 -0.633327 -0.945937 0.254428 0.201168 -0.219549 0.322345 0.668586 0.670139 0.440933 0.31622 -0.384863 0.867113 0.400795 -0.930002 -0.306262 0.203222 -0.504304 0.187351 -0.87068 -0.45477 0.485867 
1533061798510 0.0359955 0.698627 -0.71458 -0.633315 -0.946008 0.254314 0.200983 -0.219544 0.322139 0.668764 0.670061 0.440981 0.31622 -0.384863 0.867113 0.400795 -0.930002 -0.306262 0.203222 -0.504304 0.187351 -0.87068 -0.45477 0.485867 
1533061798672 0.0359874 0.698499 -0.714706 -0.633303 -0.946078 0.254199 0.200797 -0.21954 0.321934 0.668941 0.669982 0.441029 0.31622 -0.384863 0.867113 0.400795 -0.930002 -0.306262 0.203222 -0.504304 0.187351 -0.87068 -0.45477 0.485867 
1533061798678 0.0359794 0.698371 -0.714831 -0.633291 -0.946148 0.254085 0.200612 -0.219535 0.321729 0.669118 0.669904 0.441077 0.31622 -0.384863 0.867113 0.400795 -0.930002 -0.306262 0.203222 -0.504304 0.187351 -0.87068 -0.45477 0.485867 
1533061798870 0.0359712 0.698243 -0.714957 -0.633279 -0.946218 0.25397 0.200426 -0.219531 0.321524 0.669295 0.669825 0.441124 0.31622 -0.384863 0.867113 0.400795 -0.930002 -0.306262 0.203222 -0.504304 0.187351 -0.87068 -0.45477 0.485867 
1533061799035 0.0359624 0.698115 -0.715081 -0.633271 -0.946288 0.253855 0.200242 -0.21953 0.321319 0.669472 0.669747 0.441169 0.31622 -0.384863 0.867113 0.400795 -0.930002 -0.306262 0.203222 -0.504304 0.187351 -0.87068 -0.45477 0.485867 
1533061799195 0.0360588 0.698177 -0.715016 -0.633273 -0.94626 0.253953 0.200252 -0.219552 0.321392 0.66937 0.669814 0.441184 0.31622 -0.384863 0.867113 0.400795 -0.930002 -0.306262 0.203222 -0.504304 0.187351 -0.87068 -0.45477 0.485867 
1533061799209 0.0358055 0.698019 -0.715183 -0.633242 -0.946321 0.253721 0.200255 -0.219664 0.321239 0.669623 0.669635 0.441218 0.31622 -0.384863 0.867113 0.400795 -0.930002 -0.306262 0.203222 -0.504304 0.187351 -0.87068 -0.45477 0.485867 
1533061799391 0.0355521 0.697861 -0.71535 -0.633211 -0.946382 0.25349 0.200258 -0.219777 0.321086 0.669875 0.669455 0.441251 0.31622 -0.384863 0.867113 0.400795 -0.930002 -0.306262 0.203222 -0.504304 0.187351 -0.87068 -0.45477 0.485867 
1533061799572 0.0352987 0.697702 -0.715517 -0.63318 -0.946444 0.253258 0.200262 -0.219889 0.320934 0.670128 0.669276 0.441285 0.31622 -0.384863 0.867113 0.400795 -0.930002 -0.306262 0.203222 -0.504304 0.187351 -0.87068 -0.45477 0.485867 
1533061799749 0.0350454 0.697544 -0.715684 -0.63315 -0.946505 0.253027 0.200265 -0.220002 0.320781 0.67038 0.669096 0.441319 0.31622 -0.384863 0.867113 0.400795 -0.930002 -0.306262 0.203222 -0.504304 0.187351 -0.87068 -0.45477 0.485867 
1533061799919 0.0347912 0.697386 -0.715851 -0.633119 -0.946566 0.252795 0.20027 -0.220114 0.320629 0.670632 0.668917 0.441353 0.31622 -0.384863 0.867113 0.400795 -0.930002 -0.306262 0.203222 -0.504304 0.187351 -0.87068 -0.45477 0.485867 
1533061800115 0.0345377 0.697227 -0.716018 -0.633088 -0.946627 0.252563 0.200274 -0.220226 0.320476 0.670884 0.668737 0.441386 0.31622 -0.384863 0.867113 0.400795 -0.930002 -0.306262 0.203222 -0.504304 0.187351 -0.87068 -0.45477 0.485867 
1533061800319 0.0342844 0.697068 -0.716184 -0.633057 -0.946688 0.252332 0.200278 -0.220339 0.320323 0.671137 0.668557 0.44142 0.31622 -0.384863 0.867113 0.400795 -0.930002 -0.306262 0.203222 -0.504304 0.187351 -0.87068 -0.45477 0.485867 
1533061800662 0.0340311 0.69691 -0.716351 -0.633027 -0.946749 0.2521 0.200282 -0.220452 0.32017 0.671388 0.668377 0.441454 0.31622 -0.384863 0.867113 0.400795 -0.930002 -0.306262 0.203222 -0.504304 0.187351 -0.87068 -0.45477 0.485867 
1533061800668 0.0337787 0.696751 -0.716517 -0.632998 -0.946809 0.251869 0.200285 -0.220561 0.320017 0.67164 0.668198 0.441486 0.31622 -0.384863 0.867113 0.400795 -0.930002 -0.306262 0.203222 -0.504304 0.187351 -0.87068 -0.45477 0.485867 
1533061800863 0.0337091 0.696791 -0.716482 -0.633017 -0.946858 0.251714 0.200248 -0.220509 0.31988 0.671656 0.668248 0.441502 0.31622 -0.384863 0.867113 0.400795 -0.930002 -0.306262 0.203222 -0.504304 0.187351 -0.87068 -0.45477 0.485867 
1533061800876 0.033395 0.69671 -0.716575 -0.632966 -0.946919 0.251425 0.200326 -0.220664 0.319734 0.671848 0.668124 0.441514 0.31622 -0.384863 0.867113 0.400795 -0.930002 -0.306262 0.203222 -0.504304 0.187351 -0.87068 -0.45477 0.485867 
1533061800883 0.0330809 0.696629 -0.716669 -0.632916 -0.946979 0.251136 0.200402 -0.220819 0.319587 0.672041 0.668001 0.441526 0.31622 -0.384863 0.867113 0.400795 -0.930002 -0.306262 0.203222 -0.504304 0.187351 -0.87068 -0.45477 0.485867 
1533061801126 0.0327658 0.696548 -0.716762 -0.632866 -0.947039 0.250847 0.20048 -0.220974 0.319441 0.672233 0.667877 0.441539 0.31622 -0.384863 0.867113 0.400795 -0.930002 -0.306262 0.203222 -0.504304 0.187351 -0.87068 -0.45477 0.485867 
1533061801335 0.0324515 0.696466 -0.716856 -0.632815 -0.9471 0.250558 0.200557 -0.22113 0.319295 0.672425 0.667753 0.441551 0.31622 -0.384863 0.867113 0.400795 -0.930002 -0.306262 0.203222 -0.504304 0.187351 -0.87068 -0.45477 0.485867 
1533061801540 0.0321371 0.696384 -0.716949 -0.632765 -0.94716 0.250269 0.200634 -0.221285 0.319149 0.672618 0.66763 0.441563 0.31622 -0.384863 0.867113 0.400795 -0.930002 -0.306262 0.203222 -0.504304 0.187351 -0.87068 -0.45477 0.485867 
1533061801764 0.0318228 0.696302 -0.717043 -0.632714 -0.94722 0.24998 0.200711 -0.22144 0.319002 0.67281 0.667506 0.441575 0.31622 -0.384863 0.867113 0.400795 -0.930002 -0.306262 0.203222 -0.504304 0.187351 -0.87068 -0.45477 0.485867 
1533061801952 0.0315085 0.69622 -0.717137 -0.632664 -0.94728 0.249691 0.200788 -0.221595 0.318855 0.673002 0.667382 0.441587 0.31622 -0.384863 0.867113 0.400795 -0.930002 -0.306262 0.203222 -0.504304 0.187351 -0.87068 -0.45477 0.485867 
1533061802171 0.0311944 0.696138 -0.71723 -0.632614 -0.947339 0.249402 0.200865 -0.22175 0.318708 0.673194 0.667259 0.4416 0.31622 -0.384863 0.867113 0.400795 -0.930002 -0.306262 0.203222 -0.504304 0.187351 -0.87068 -0.45477 0.485867 
1533061802342 0.0308815 0.696056 -0.717323 -0.632565 -0.947399 0.249113 0.200941 -0.2219 0.318561 0.673386 0.667136 0.441612 0.31622 -0.384863 0.867113 0.400795 -0.930002 -0.306262 0.203222 -0.504304 0.187351 -0.87068 -0.45477 0.485867 
1533061802523 0.030883 0.696175 -0.717207 -0.632547 -0.947399 0.249082 0.200983 -0.22184 0.318563 0.673274 0.667248 0.441669 0.31622 -0.384863 0.867113 0.400795 -0.930002 -0.306262 0.203222 -0.504304 0.187351 -0.87068 -0.45477 0.485867 
1533061802537 0.0307685 0.6961 -0.717285 -0.632475 -0.947348 0.249143 0.201147 -0.221928 0.318725 0.67333 0.667114 0.44168 0.31622 -0.384863 0.867113 0.400795 -0.930002 -0.306262 0.203222 -0.504304 0.187351 -0.87068 -0.45477 0.485867 
1533061802848 0.0306538 0.696023 -0.717365 -0.632402 -0.947297 0.249204 0.201311 -0.222016 0.318887 0.673386 0.66698 0.441691 0.31622 -0.384863 0.867113 0.400795 -0.930002 -0.306262 0.203222 -0.504304 0.187351 -0.87068 -0.45477 0.485867 
1533061803032 0.0305391 0.695947 -0.717444 -0.63233 -0.947246 0.249265 0.201475 -0.222104 0.319049 0.673443 0.666845 0.441702 0.31622 -0.384863 0.867113 0.400795 -0.930002 -0.306262 0.203222 -0.504304 0.187351 -0.87068 -0.45477 0.485867 
1533061803230 0.0304244 0.69587 -0.717523 -0.632257 -0.947195 0.249326 0.201639 -0.222192 0.319211 0.673499 0.666711 0.441713 0.31622 -0.384863 0.867113 0.400795 -0.930002 -0.306262 0.203222 -0.504304 0.187351 -0.87068 -0.45477 0.485867 
1533061803439 0.0303097 0.695794 -0.717602 -0.632185 -0.947144 0.249386 0.201803 -0.22228 0.319373 0.673556 0.666576 0.441725 0.31622 -0.384863 0.867113 0.400795 -0.930002 -0.306262 0.203222 -0.504304 0.187351 -0.87068 -0.45477 0.485867 
1533061803592 0.0301949 0.695717 -0.717681 -0.632112 -0.947093 0.249447 0.201967 -0.222368 0.319535 0.673612 0.666441 0.441736 0.31622 -0.384863 0.867113 0.400795 -0.930002 -0.306262 0.203222 -0.504304 0.187351 -0.87068 -0.45477 0.485867 
1533061803815 0.0300793 0.695641 -0.717759 -0.63204 -0.947042 0.249508 0.202131 -0.222456 0.319698 0.673668 0.666307 0.441747 0.31622 -0.384863 0.867113 0.400795 -0.930002 -0.306262 0.203222 -0.504304 0.187351 -0.87068 -0.45477 0.485867 
1533061803950 0.0299644 0.695565 -0.717838 -0.631968 -0.946991 0.249569 0.202295 -0.222543 0.31986 0.673725 0.666172 0.441758 0.31622 -0.384863 0.867113 0.400795 -0.930002 -0.306262 0.203222 -0.504304 0.187351 -0.87068 -0.45477 0.485867 
1533061804154 0.0298508 0.695489 -0.717917 -0.631899 -0.94694 0.24963 0.202458 -0.222628 0.320021 0.673781 0.666038 0.441768 0.31622 -0.384863 0.867113 0.400795 -0.930002 -0.306262 0.203222 -0.504304 0.187351 -0.87068 -0.45477 0.485867 
1533061804320 0.0298668 0.695554 -0.717853 -0.63192 -0.946961 0.249576 0.202425 -0.222583 0.319956 0.673733 0.666117 0.441781 0.31622 -0.384863 0.867113 0.400795 -0.930002 -0.306262 0.203222 -0.504304 0.187351 -0.87068 -0.45477 0.485867 
1533061804334 0.0297407 0.695545 -0.717866 -0.631795 -0.94696 0.249507 0.202517 -0.222625 0.319972 0.673768 0.666074 0.441805 0.31622 -0.384863 0.867113 0.400795 -0.930002 -0.306262 0.203222 -0.504304 0.187351 -0.87068 -0.45477 0.485867 
1533061804516 0.0296135 0.695537 -0.71788 -0.63167 -0.946959 0.249436 0.20261 -0.222667 0.319988 0.673802 0.666032 0.44183 0.31622 -0.384863 0.867113 0.400795 -0.930002 -0.306262 0.203222 -0.504304 0.187351 -0.87068 -0.45477 0.485867 
1533061804681 0.0294863 0.695529 -0.717893 -0.631545 -0.946957 0.249366 0.202703 -0.22271 0.320003 0.673837 0.665989 0.441854 0.31622 -0.384863 0.867113 0.400795 -0.930002 -0.306262 0.203222 -0.504304 0.187351 -0.87068 -0.45477 0.485867 
1533061804852 0.0293592 0.69552 -0.717906 -0.631421 -0.946956 0.249295 0.202795 -0.222752 0.320019 0.673872 0.665946 0.441879 0.31622 -0.384863 0.867113 0.400795 -0.930002 -0.306262 0.203222 -0.504304 0.187351 -0.87068 -0.45477 0.485867 
1533061805009 0.029232 0.695512 -0.71792 -0.631296 -0.946955 0.249225 0.202888 -0.222794 0.320034 0.673907 0.665904 0.441903 0.31622 -0.384863 0.867113 0.400795 -0.930002 -0.306262 0.203222 -0.504304 0.187351 -0.87068 -0.45477 0.485867 
1533061805222 0.0291048 0.695503 -0.717934 -0.631171 -0.946954 0.249154 0.202981 -0.222836 0.32005 0.673942 0.66586 0.441928 0.31622 -0.384863 0.867113 0.400795 -0.930002 -0.306262 0.203222 -0.504304 0.187351 -0.87068 -0.45477 0.485867 
1533061805393 0.0289776 0.695494 -0.717947 -0.631046 -0.946952 0.249084 0.203073 -0.222879 0.320065 0.673977 0.665818 0.441952 0.31622 -0.384863 0.867113 0.400795 -0.930002 -0.306262 0.203222 -0.504304 0.187351 -0.87068 -0.45477 0.485867 
1533061805588 0.02885 0.695486 -0.71796 -0.630922 -0.946951 0.249013 0.203166 -0.222921 0.320081 0.674012 0.665775 0.441977 0.31622 -0.384863 0.867113 0.400795 -0.930002 -0.306262 0.203222 -0.504304 0.187351 -0.87068 -0.45477 0.485867 
1533061805760 0.0287237 0.695478 -0.717974 -0.630805 -0.94695 0.248943 0.203258 -0.222962 0.320096 0.674046 0.665733 0.442001 0.31622 -0.384863 0.867113 0.400795 -0.930002 -0.306262 0.203222 -0.504304 0.187351 -0.87068 -0.45477 0.485867 
1533061805933 0.0286853 0.695485 -0.717968 -0.630831 -0.946886 0.249051 0.20342 -0.22291 0.320286 0.673999 0.665689 0.441997 0.31622 -0.384863 0.867113 0.400795 -0.930002 -0.306262 0.203222 -0.504304 0.187351 -0.87068 -0.45477 0.485867 
1533061805947 0.0283182 0.695418 -0.718047 -0.630683 -0.946896 0.248831 0.203645 -0.22297 0.320291 0.674149 0.665535 0.442065 0.31622 -0.384863 0.867113 0.400795 -0.930002 -0.306262 0.203222 -0.504304 0.187351 -0.87068 -0.45477 0.485867 
1533061806134 0.0279496 0.695351 -0.718127 -0.630535 -0.946905 0.24861 0.203872 -0.22303 0.320296 0.6743 0.66538 0.442133 0.31622 -0.384863 0.867113 0.400795 -0.930002 -0.306262 0.203222 -0.504304 0.187351 -0.87068 -0.45477 0.485867 
1533061806140 0.0275816 0.695284 -0.718206 -0.630387 -0.946914 0.24839 0.204097 -0.22309 0.3203 0.67445 0.665225 0.442202 0.31622 -0.384863 0.867113 0.400795 -0.930002 -0.306262 0.203222 -0.504304 0.187351 -0.87068 -0.45477 0.485867 
1533061806394 0.0272137 0.695217 -0.718285 -0.630239 -0.946924 0.248169 0.204323 -0.22315 0.320305 0.6746 0.665071 0.44227 0.31622 -0.384863 0.867113 0.400795 -0.930002 -0.306262 0.203222 -0.504304 0.187351 -0.87068 -0.45477 0.485867 
1533061806580 0.0268457 0.69515 -0.718364 -0.630091 -0.946933 0.247949 0.204549 -0.22321 0.320309 0.674751 0.664916 0.442338 0.31622 -0.384863 0.867113 0.400795 -0.930002 -0.306262 0.203222 -0.504304 0.187351 -0.87068 -0.45477 0.485867 
1533061806760 0.0264778 0.695082 -0.718442 -0.629944 -0.946941 0.247728 0.204774 -0.22327 0.320314 0.674901 0.664762 0.442406 0.31622 -0.384863 0.867113 0.400795 -0.930002 -0.306262 0.203222 -0.504304 0.187351 -0.87068 -0.45477 0.485867 
1533061806951 0.0261098 0.695015 -0.718521 -0.629796 -0.94695 0.247508 0.205 -0.223331 0.320318 0.675051 0.664607 0.442474 0.31622 -0.384863 0.867113 0.400795 -0.930002 -0.306262 0.203222 -0.504304 0.187351 -0.87068 -0.45477 0.485867 
1533061807133 0.0257419 0.694948 -0.7186 -0.629648 -0.946959 0.247288 0.205226 -0.223391 0.320322 0.675201 0.664452 0.442543 0.31622 -0.384863 0.867113 0.400795 -0.930002 -0.306262 0.203222 -0.504304 0.187351 -0.87068 -0.45477 0.485867 
1533061807362 0.0253747 0.694881 -0.718677 -0.62951 -0.946968 0.247067 0.205451 -0.223448 0.320326 0.675351 0.664299 0.442609 0.31622 -0.384863 0.867113 0.400795 -0.930002 -0.306262 0.203222 -0.504304 0.187351 -0.87068 -0.45477 0.485867 
1533061807575 0.0252495 0.694856 -0.718706 -0.629543 -0.946933 0.247071 0.205604 -0.223397 0.320437 0.675375 0.66422 0.442601 0.31622 -0.384863 0.867113 0.400795 -0.930002 -0.306262 0.203222 -0.504304 0.187351 -0.87068 -0.45477 0.485867 
1533061807588 0.0250522 0.694809 -0.718758 -0.629414 -0.946948 0.246935 0.205702 -0.223416 0.32041 0.675472 0.664134 0.44265 0.31622 -0.384863 0.867113 0.400795 -0.930002 -0.306262 0.203222 -0.504304 0.187351 -0.87068 -0.45477 0.485867 
1533061807776 0.0248556 0.694761 -0.718811 -0.629284 -0.946962 0.2468 0.205798 -0.223434 0.320383 0.675571 0.664047 0.4427 0.31622 -0.384863 0.867113 0.400795 -0.930002 -0.306262 0.203222 -0.504304 0.187351 -0.87068 -0.45477 0.485867 
1533061807946 0.0246585 0.694714 -0.718863 -0.629154 -0.946976 0.246665 0.205895 -0.223453 0.320357 0.675669 0.66396 0.442749 0.31622 -0.384863 0.867113 0.400795 -0.930002 -0.306262 0.203222 -0.504304 0.187351 -0.87068 -0.45477 0.485867 
1533061808143 0.0244615 0.694667 -0.718916 -0.629024 -0.94699 0.24653 0.205992 -0.223472 0.32033 0.675767 0.663873 0.442799 0.31622 -0.384863 0.867113 0.400795 -0.930002 -0.306262 0.203222 -0.504304 0.187351 -0.87068 -0.45477 0.485867 
1533061808355 0.0242646 0.694619 -0.718968 -0.628895 -0.947004 0.246395 0.206089 -0.22349 0.320303 0.675865 0.663786 0.442848 0.31622 -0.384863 0.867113 0.400795 -0.930002 -0.306262 0.203222 -0.504304 0.187351 -0.87068 -0.45477 0.485867 
1533061808561 0.0240676 0.694571 -0.719021 -0.628765 -0.947018 0.246259 0.206186 -0.223509 0.320277 0.675964 0.663699 0.442897 0.31622 -0.384863 0.867113 0.400795 -0.930002 -0.306262 0.203222 -0.504304 0.187351 -0.87068 -0.45477 0.485867 
1533061808736 0.0238707 0.694524 -0.719074 -0.628636 -0.947032 0.246124 0.206283 -0.223528 0.32025 0.676062 0.663612 0.442947 0.31622 -0.384863 0.867113 0.400795 -0.930002 -0.306262 0.203222 -0.504304 0.187351 -0.87068 -0.45477 0.485867 
1533061809012 0.0236744 0.694476 -0.719126 -0.628507 -0.947046 0.245989 0.206379 -0.223546 0.320223 0.67616 0.663524 0.442996 0.31622 -0.384863 0.867113 0.400795 -0.930002 -0.306262 0.203222 -0.504304 0.187351 -0.87068 -0.45477 0.485867 
1533061809182 0.0234779 0.694429 -0.719178 -0.628386 -0.94706 0.245854 0.206476 -0.223565 0.320196 0.676258 0.663438 0.443044 0.31622 -0.384863 0.867113 0.400795 -0.930002 -0.306262 0.203222 -0.504304 0.187351 -0.87068 -0.45477 0.485867 
1533061809357 0.0234296 0.694318 -0.719287 -0.628428 -0.947064 0.245849 0.206466 -0.223568 0.320189 0.676373 0.663323 0.443011 0.31622 -0.384863 0.867113 0.400795 -0.930002 -0.306262 0.203222 -0.504304 0.187351 -0.87068 -0.45477 0.485867 
1533061809370 0.023099 0.694242 -0.719371 -0.628319 -0.947058 0.245684 0.206692 -0.223602 0.320232 0.676511 0.663162 0.443078 0.31622 -0.384863 0.867113 0.400795 -0.930002 -0.306262 0.203222 -0.504304 0.187351 -0.87068 -0.45477 0.485867 
1533061809669 0.0227673 0.694168 -0.719453 -0.628209 -0.947051 0.245517 0.206919 -0.223636 0.320275 0.676648 0.663002 0.443145 0.31622 -0.384863 0.867113 0.400795 -0.930002 -0.306262 0.203222 -0.504304 0.187351 -0.87068 -0.45477 0.485867 
1533061809932 0.0224363 0.694093 -0.719536 -0.6281 -0.947045 0.245351 0.207145 -0.22367 0.320317 0.676785 0.662842 0.443211 0.31622 -0.384863 0.867113 0.400795 -0.930002 -0.306262 0.203222 -0.504304 0.187351 -0.87068 -0.45477 0.485867 
1533061810147 0.0221052 0.694018 -0.719618 -0.627991 -0.947038 0.245185 0.207372 -0.223704 0.32036 0.676922 0.662682 0.443278 0.31622 -0.384863 0.867113 0.400795 -0.930002 -0.306262 0.203222 -0.504304 0.187351 -0.87068 -0.45477 0.485867 
1533061810369 0.0217742 0.693943 -0.7197 -0.627881 -0.947031 0.245019 0.207599 -0.223738 0.320402 0.677058 0.662521 0.443345 0.31622 -0.384863 0.867113 0.400795 -0.930002 -0.306262 0.203222 -0.504304 0.187351 -0.87068 -0.45477 0.485867 
1533061810561 0.0214431 0.693868 -0.719782 -0.627772 -0.947024 0.244854 0.207825 -0.223772 0.320445 0.677195 0.662361 0.443412 0.31622 -0.384863 0.867113 0.400795 -0.930002 -0.306262 0.203222 -0.504304 0.187351 -0.87068 -0.45477 0.485867 
1533061810764 0.021112 0.693794 -0.719864 -0.627663 -0.947018 0.244688 0.208052 -0.223807 0.320487 0.677332 0.6622 0.443479 0.31622 -0.384863 0.867113 0.400795 -0.930002 -0.306262 0.203222 -0.504304 0.187351 -0.87068 -0.45477 0.485867 
1533061810771 0.020781 0.693719 -0.719946 -0.627554 -0.947011 0.244522 0.208279 -0.223841 0.320529 0.677469 0.66204 0.443545 0.31622 -0.384863 0.867113 0.400795 -0.930002 -0.306262 0.203222 -0.504304 0.187351 -0.87068 -0.45477 0.485867 
1533061810975 0.0204504 0.693644 -0.720028 -0.627452 -0.947004 0.244356 0.208505 -0.223872 0.320571 0.677605 0.661881 0.44361 0.31622 -0.384863 0.867113 0.400795 -0.930002 -0.306262 0.203222 -0.504304 0.187351 -0.87068 -0.45477 0.485867 
1533061811235 0.0205074 0.693616 -0.720053 -0.627442 -0.947053 0.244294 0.208352 -0.223942 0.32042 0.677656 0.661901 0.443567 0.31622 -0.384863 0.867113 0.400795 -0.930002 -0.306262 0.203222 -0.504304 0.187351 -0.87068 -0.45477 0.485867 
1533061811249 0.0201964 0.693549 -0.720126 -0.62735 -0.947001 0.244234 0.208661 -0.223961 0.320596 0.677746 0.661724 0.443632 0.31622 -0.384863 0.867113 0.400795 -0.930002 -0.306262 0.203222 -0.504304 0.187351 -0.87068 -0.45477 0.485867 
1533061811428 0.0198844 0.693482 -0.720199 -0.627259 -0.946948 0.244175 0.208972 -0.223981 0.320773 0.677835 0.661547 0.443697 0.31622 -0.384863 0.867113 0.400795 -0.930002 -0.306262 0.203222 -0.504304 0.187351 -0.87068 -0.45477 0.485867 
1533061811623 0.0195732 0.693416 -0.720272 -0.627167 -0.946894 0.244115 0.209282 -0.224 0.320949 0.677925 0.66137 0.443762 0.31622 -0.384863 0.867113 0.400795 -0.930002 -0.306262 0.203222 -0.504304 0.187351 -0.87068 -0.45477 0.485867 
1533061811844 0.0192619 0.693349 -0.720344 -0.627076 -0.946841 0.244056 0.209592 -0.22402 0.321125 0.678014 0.661192 0.443827 0.31622 -0.384863 0.867113 0.400795 -0.930002 -0.306262 0.203222 -0.504304 0.187351 -0.87068 -0.45477 0.485867 
1533061812027 0.0189507 0.693282 -0.720417 -0.626984 -0.946788 0.243997 0.209902 -0.224039 0.321301 0.678104 0.661015 0.443893 0.31622 -0.384863 0.867113 0.400795 -0.930002 -0.306262 0.203222 -0.504304 0.187351 -0.87068 -0.45477 0.485867 
1533061812266 0.0186394 0.693216 -0.720489 -0.626893 -0.946734 0.243938 0.210212 -0.224059 0.321477 0.678193 0.660838 0.443958 0.31622 -0.384863 0.867113 0.400795 -0.930002 -0.306262 0.203222 -0.504304 0.187351 -0.87068 -0.45477 0.485867 
1533061812432 0.0183273 0.693149 -0.720561 -0.626801 -0.94668 0.243879 0.210522 -0.224078 0.321653 0.678283 0.660661 0.444023 0.31622 -0.384863 0.867113 0.400795 -0.930002 -0.306262 0.203222 -0.504304 0.187351 -0.87068 -0.45477 0.485867 
1533061812646 0.018016 0.693083 -0.720633 -0.62671 -0.946627 0.243819 0.210832 -0.224098 0.321828 0.678372 0.660483 0.444088 0.31622 -0.384863 0.867113 0.400795 -0.930002 -0.306262 0.203222 -0.504304 0.187351 -0.87068 -0.45477 0.485867 
1533061812652 0.017706 0.693016 -0.720705 -0.626624 -0.946573 0.243761 0.211141 -0.224114 0.322003 0.678461 0.660306 0.444151 0.31622 -0.384863 0.867113 0.400795 -0.930002 -0.306262 0.203222 -0.504304 0.187351 -0.87068 -0.45477 0.485867 
1533061812840 0.0181838 0.69311 -0.720602 -0.626714 -0.946608 0.243953 0.210759 -0.224156 0.321872 0.678296 0.66054 0.44416 0.31622 -0.384863 0.867113 0.400795 -0.930002 -0.306262 0.203222 -0.504304 0.187351 -0.87068 -0.45477 0.485867 
1533061812856 0.0182251 0.693188 -0.720526 -0.626637 -0.946638 0.243893 0.210695 -0.224158 0.321783 0.678237 0.660644 0.444168 0.31622 -0.384863 0.867113 0.400795 -0.930002 -0.306262 0.203222 -0.504304 0.187351 -0.87068 -0.45477 0.485867 
1533061813129 0.0182686 0.693266 -0.72045 -0.62656 -0.946668 0.243834 0.210629 -0.224159 0.321693 0.678179 0.660747 0.444177 0.31622 -0.384863 0.867113 0.400795 -0.930002 -0.306262 0.203222 -0.504304 0.187351 -0.87068 -0.45477 0.485867 
1533061813382 0.0183116 0.693343 -0.720375 -0.626482 -0.946698 0.243775 0.210563 -0.224161 0.321602 0.678121 0.660851 0.444185 0.31622 -0.384863 0.867113 0.400795 -0.930002 -0.306262 0.203222 -0.504304 0.187351 -0.87068 -0.45477 0.485867 
1533061813533 0.0183546 0.693421 -0.720299 -0.626405 -0.946727 0.243716 0.210498 -0.224162 0.321512 0.678063 0.660954 0.444193 0.31622 -0.384863 0.867113 0.400795 -0.930002 -0.306262 0.203222 -0.504304 0.187351 -0.87068 -0.45477 0.485867 
1533061813704 0.0183976 0.693499 -0.720223 -0.626328 -0.946757 0.243657 0.210432 -0.224164 0.321422 0.678005 0.661058 0.444201 0.31622 -0.384863 0.867113 0.400795 -0.930002 -0.306262 0.203222 -0.504304 0.187351 -0.87068 -0.45477 0.485867 
1533061813850 0.0184405 0.693576 -0.720147 -0.626251 -0.946787 0.243599 0.210367 -0.224165 0.321332 0.677947 0.661161 0.44421 0.31622 -0.384863 0.867113 0.400795 -0.930002 -0.306262 0.203222 -0.504304 0.187351 -0.87068 -0.45477 0.485867 
1533061813856 0.0184843 0.693653 -0.720072 -0.626173 -0.946817 0.24354 0.2103 -0.224167 0.321242 0.677889 0.661264 0.444218 0.31622 -0.384863 0.867113 0.400795 -0.930002 -0.306262 0.203222 -0.504304 0.187351 -0.87068 -0.45477 0.485867 
1533061814031 0.0185273 0.693731 -0.719996 -0.626096 -0.946847 0.243481 0.210234 -0.224168 0.321152 0.67783 0.661368 0.444226 0.31622 -0.384863 0.867113 0.400795 -0.930002 -0.306262 0.203222 -0.504304 0.187351 -0.87068 -0.45477 0.485867 
1533061814214 0.01857 0.693809 -0.71992 -0.626024 -0.946876 0.243422 0.210169 -0.224171 0.321062 0.677772 0.661471 0.444235 0.31622 -0.384863 0.867113 0.400795 -0.930002 -0.306262 0.203222 -0.504304 0.187351 -0.87068 -0.45477 0.485867 
1533061814393 0.0185622 0.693725 -0.720001 -0.626044 -0.946867 0.243462 0.210166 -0.224158 0.32109 0.677844 0.661384 0.444168 0.31622 -0.384863 0.867113 0.400795 -0.930002 -0.306262 0.203222 -0.504304 0.187351 -0.87068 -0.45477 0.485867 
1533061814407 0.0185551 0.6938 -0.719928 -0.625982 -0.946907 0.24335 0.210113 -0.224159 0.320971 0.677807 0.66148 0.444183 0.31622 -0.384863 0.867113 0.400795 -0.930002 -0.306262 0.203222 -0.504304 0.187351 -0.87068 -0.45477 0.485867 
1533061814476 0.0185482 0.693875 -0.719857 -0.62592 -0.946948 0.243238 0.21006 -0.22416 0.320852 0.67777 0.661575 0.444197 0.31622 -0.384863 0.867113 0.400795 -0.930002 -0.306262 0.203222 -0.504304 0.187351 -0.87068 -0.45477 0.485867 
1533061814678 0.0185421 0.693949 -0.719785 -0.625857 -0.946988 0.243127 0.210006 -0.22416 0.320733 0.677734 0.66167 0.444212 0.31622 -0.384863 0.867113 0.400795 -0.930002 -0.306262 0.203222 -0.504304 0.187351 -0.87068 -0.45477 0.485867 
1533061814819 0.0185354 0.694024 -0.719713 -0.625795 -0.947029 0.243016 0.209952 -0.224161 0.320614 0.677698 0.661765 0.444227 0.31622 -0.384863 0.867113 0.400795 -0.930002 -0.306262 0.203222 -0.504304 0.187351 -0.87068 -0.45477 0.485867 
1533061814975 0.0185287 0.694098 -0.719642 -0.625732 -0.947069 0.242905 0.209899 -0.224161 0.320495 0.677661 0.66186 0.444241 0.31622 -0.384863 0.867113 0.400795 -0.930002 -0.306262 0.203222 -0.504304 0.187351 -0.87068 -0.45477 0.485867 
1533061815108 0.0185219 0.694173 -0.71957 -0.62567 -0.947109 0.242793 0.209845 -0.224162 0.320376 0.677625 0.661955 0.444256 0.31622 -0.384863 0.867113 0.400795 -0.930002 -0.306262 0.203222 -0.504304 0.187351 -0.87068 -0.45477 0.485867 
1533061815264 0.0185152 0.694247 -0.719498 -0.625608 -0.94715 0.242682 0.209792 -0.224162 0.320257 0.677588 0.66205 0.444271 0.31622 -0.384863 0.867113 0.400795 -0.930002 -0.306262 0.203222 -0.504304 0.187351 -0.87068 -0.45477 0.485867 
1533061815389 0.0185084 0.694322 -0.719426 -0.625545 -0.94719 0.242571 0.209738 -0.224163 0.320138 0.677552 0.662145 0.444286 0.31622 -0.384863 0.867113 0.400795 -0.930002 -0.306262 0.203222 -0.504304 0.187351 -0.87068 -0.45477 0.485867 
1533061815510 0.018502 0.694396 -0.719355 -0.625487 -0.947231 0.24246 0.209684 -0.224165 0.320019 0.677515 0.662239 0.4443 0.31622 -0.384863 0.867113 0.400795 -0.930002 -0.306262 0.203222 -0.504304 0.187351 -0.87068 -0.45477 0.485867 
1533061815661 0.0185699 0.694337 -0.719411 -0.625507 -0.947228 0.242524 0.20962 -0.224212 0.320021 0.677554 0.662199 0.444228 0.31622 -0.384863 0.867113 0.400795 -0.930002 -0.306262 0.203222 -0.504304 0.187351 -0.87068 -0.45477 0.485867 
1533061815674 0.0184913 0.694362 -0.719388 -0.625449 -0.947218 0.24249 0.209706 -0.224215 0.320056 0.67754 0.662196 0.444247 0.31622 -0.384863 0.867113 0.400795 -0.930002 -0.306262 0.203222 -0.504304 0.187351 -0.87068 -0.45477 0.485867 
1533061815848 0.0184132 0.694386 -0.719367 -0.625391 -0.947207 0.242457 0.209792 -0.224218 0.320092 0.677527 0.662192 0.444266 0.31622 -0.384863 0.867113 0.400795 -0.930002 -0.306262 0.203222 -0.504304 0.187351 -0.87068 -0.45477 0.485867 
1533061816028 0.018335 0.69441 -0.719346 -0.625333 -0.947197 0.242424 0.209878 -0.224221 0.320128 0.677514 0.662188 0.444286 0.31622 -0.384863 0.867113 0.400795 -0.930002 -0.306262 0.203222 -0.504304 0.187351 -0.87068 -0.45477 0.485867 
1533061816226 0.0182569 0.694434 -0.719324 -0.625275 -0.947186 0.242391 0.209964 -0.224224 0.320164 0.677501 0.662184 0.444305 0.31622 -0.384863 0.867113 0.400795 -0.930002 -0.306262 0.203222 -0.504304 0.187351 -0.87068 -0.45477 0.485867 
1533061816233 0.0181788 0.694459 -0.719303 -0.625216 -0.947176 0.242358 0.210049 -0.224227 0.320199 0.677488 0.66218 0.444324 0.31622 -0.384863 0.867113 0.400795 -0.930002 -0.306262 0.203222 -0.504304 0.187351 -0.87068 -0.45477 0.485867 
1533061816406 0.0181007 0.694483 -0.719282 -0.625158 -0.947165 0.242325 0.210135 -0.22423 0.320235 0.677475 0.662176 0.444343 0.31622 -0.384863 0.867113 0.400795 -0.930002 -0.306262 0.203222 -0.504304 0.187351 -0.87068 -0.45477 0.485867 
1533061816548 0.0180226 0.694507 -0.71926 -0.6251 -0.947155 0.242292 0.210221 -0.224232 0.320271 0.677462 0.662172 0.444362 0.31622 -0.384863 0.867113 0.400795 -0.930002 -0.306262 0.203222 -0.504304 0.187351 -0.87068 -0.45477 0.485867 
