1535116814395 0.165179 0.899607 -0.404256 -0.511832 -0.952036 0.252482 0.172857 -0.198505 0.257571 0.356315 0.898163 0.45137 0.218668 -0.126289 0.967592 0.275979 -0.975347 -0.0584693 0.21279 -0.512238 0.0297014 -0.990269 -0.135961 0.445295 
1535116814410 0.173445 0.903606 -0.391681 -0.524799 -0.950956 0.257092 0.172006 -0.203859 0.256124 0.342637 0.903881 0.443519 0.211371 -0.126629 0.969168 0.286172 -0.977334 -0.0394316 0.208 -0.510212 0.0118772 -0.991166 -0.132093 0.444704 
1535116814415 0.181681 0.90738 -0.379016 -0.537769 -0.949839 0.261703 0.171223 -0.209218 0.254554 0.328897 0.909412 0.435666 0.204061 -0.126826 0.970708 0.296366 -0.97894 -0.0203785 0.203129 -0.508185 -0.00598033 -0.991716 -0.128313 0.444113 
1535116815061 0.189887 0.910929 -0.366268 -0.55074 -0.948685 0.266315 0.170506 -0.214577 0.252861 0.315096 0.914755 0.427812 0.19674 -0.12688 0.972211 0.306559 -0.980165 -0.00131753 0.198178 -0.506159 -0.0238639 -0.991917 -0.124623 0.443522 
1535116815310 0.198062 0.91425 -0.353438 -0.563711 -0.947496 0.270928 0.169854 -0.219936 0.251045 0.301239 0.919908 0.419959 0.189412 -0.126792 0.973677 0.316752 -0.981009 0.0177437 0.193149 -0.504132 -0.0417665 -0.991771 -0.121024 0.44293 
1535116815921 0.206204 0.917344 -0.34053 -0.576681 -0.94627 0.27554 0.169267 -0.225294 0.249106 0.28733 0.924872 0.412105 0.18208 -0.126562 0.975105 0.326945 -0.981471 0.0367979 0.188045 -0.502105 -0.0596812 -0.991276 -0.117517 0.442339 
1535116816821 0.21431 0.920209 -0.327547 -0.589651 -0.945008 0.280151 0.168747 -0.230653 0.247045 0.273371 0.929644 0.404252 0.174747 -0.12619 0.976494 0.337138 -0.981551 0.0558376 0.182867 -0.500078 -0.077601 -0.990433 -0.114104 0.441748 
1535116816889 0.222378 0.922844 -0.314493 -0.602621 -0.943711 0.284759 0.168293 -0.236011 0.244863 0.259366 0.934222 0.396399 0.167414 -0.125675 0.977844 0.347332 -0.981248 0.0748555 0.177618 -0.498051 -0.095519 -0.989243 -0.110786 0.441157 
1535116817465 0.230407 0.92525 -0.30137 -0.615592 -0.942379 0.289362 0.167905 -0.24137 0.242559 0.245318 0.938607 0.388546 0.160087 -0.125018 0.979154 0.357525 -0.980564 0.093844 0.172299 -0.496024 -0.113428 -0.987706 -0.107565 0.440565 
1535116818374 0.238395 0.927426 -0.288182 -0.628563 -0.941012 0.293961 0.167583 -0.246728 0.240135 0.231232 0.942797 0.380693 0.152765 -0.124219 0.980425 0.367718 -0.979499 0.112796 0.166912 -0.493997 -0.131322 -0.985823 -0.104441 0.439974 
1535116819992 0.239156 0.926966 -0.289031 -0.628327 -0.94097 0.294692 0.166526 -0.247067 0.239539 0.232143 0.942725 0.380633 0.153333 -0.12368 0.980404 0.367105 -0.979464 0.112417 0.167367 -0.494025 -0.130914 -0.985934 -0.103903 0.440154 
1535116820011 0.239876 0.927217 -0.287624 -0.629642 -0.940836 0.295079 0.166603 -0.247566 0.239349 0.230643 0.943141 0.379855 0.15255 -0.123643 0.980531 0.368186 -0.97934 0.114351 0.166784 -0.49382 -0.132746 -0.985716 -0.103644 0.440077 
1535116820137 0.240595 0.927467 -0.286216 -0.630964 -0.9407 0.295466 0.166681 -0.248069 0.239158 0.229141 0.943556 0.379075 0.151766 -0.123605 0.980657 0.369266 -0.979212 0.116285 0.166199 -0.493614 -0.134579 -0.985495 -0.103387 0.44 
1535116820414 0.241314 0.927713 -0.284808 -0.632285 -0.940565 0.295852 0.16676 -0.248571 0.238966 0.227639 0.943968 0.378296 0.150981 -0.123565 0.980783 0.370347 -0.979079 0.118219 0.165613 -0.493409 -0.136411 -0.985269 -0.103131 0.439923 
1535116820461 0.242033 0.927958 -0.283399 -0.633606 -0.940429 0.296238 0.166839 -0.249073 0.238773 0.226136 0.944378 0.377516 0.150197 -0.123524 0.980909 0.371428 -0.978943 0.120152 0.165027 -0.493203 -0.138243 -0.985041 -0.102876 0.439846 
1535116820791 0.242751 0.928199 -0.281989 -0.634927 -0.940294 0.296624 0.166919 -0.249575 0.238579 0.224633 0.944786 0.376737 0.149413 -0.123481 0.981034 0.372508 -0.978803 0.122085 0.16444 -0.492998 -0.140075 -0.984808 -0.102623 0.439769 
1535116820921 0.243469 0.928439 -0.280579 -0.636249 -0.940157 0.29701 0.167 -0.250078 0.238384 0.223129 0.945191 0.375958 0.148628 -0.123437 0.981159 0.373589 -0.978658 0.124017 0.163852 -0.492792 -0.141906 -0.984573 -0.10237 0.439691 
1535116821014 0.244186 0.928676 -0.279168 -0.63757 -0.940021 0.297395 0.167081 -0.25058 0.238187 0.221625 0.945595 0.375178 0.147845 -0.123391 0.981283 0.374669 -0.97851 0.125949 0.163264 -0.492586 -0.143737 -0.984333 -0.102118 0.439614 
1535116821341 0.244903 0.92891 -0.277756 -0.63889 -0.939885 0.297781 0.167163 -0.251082 0.23799 0.22012 0.945996 0.374399 0.14706 -0.123343 0.981407 0.37575 -0.978358 0.12788 0.162675 -0.492381 -0.145568 -0.98409 -0.101868 0.439537 
1535116821531 0.24562 0.929142 -0.276344 -0.640212 -0.939748 0.298166 0.167245 -0.251584 0.237791 0.218615 0.946395 0.373619 0.146276 -0.123294 0.98153 0.37683 -0.978201 0.129811 0.162086 -0.492175 -0.147398 -0.983843 -0.101618 0.43946 
1535116822161 0.246026 0.928825 -0.277048 -0.640017 -0.939641 0.298682 0.166928 -0.251675 0.237796 0.219257 0.946245 0.373565 0.146517 -0.123233 0.981502 0.376391 -0.978247 0.129248 0.162258 -0.492295 -0.146853 -0.983925 -0.101615 0.439488 
1535116822177 0.245729 0.928736 -0.277609 -0.640159 -0.939617 0.298592 0.167222 -0.251828 0.238197 0.219755 0.946028 0.373607 0.150157 -0.124588 0.980781 0.376545 -0.979107 0.118851 0.164998 -0.492687 -0.137123 -0.985065 -0.104138 0.440081 
1535116822190 0.24543 0.928647 -0.278171 -0.640302 -0.939593 0.298502 0.167517 -0.251981 0.238598 0.220254 0.945811 0.373649 0.15381 -0.125902 0.980046 0.376701 -0.979854 0.108437 0.16771 -0.493085 -0.127388 -0.986098 -0.106687 0.440675 
1535116822299 0.245132 0.928557 -0.278732 -0.640444 -0.939569 0.298412 0.167812 -0.252134 0.239 0.220752 0.945594 0.373691 0.157474 -0.127177 0.9793 0.376856 -0.98049 0.0980082 0.170394 -0.493482 -0.11765 -0.987026 -0.109262 0.441268 
1535116822361 0.244834 0.928468 -0.279293 -0.640587 -0.939544 0.298323 0.168106 -0.252287 0.239401 0.22125 0.945376 0.373733 0.16115 -0.128413 0.97854 0.377012 -0.981013 0.0875658 0.173048 -0.49388 -0.107908 -0.987847 -0.111864 0.441862 
1535116822554 0.244535 0.928377 -0.279854 -0.640729 -0.93952 0.298233 0.168401 -0.25244 0.239802 0.221748 0.945158 0.373775 0.164835 -0.12961 0.977768 0.377167 -0.981424 0.0771111 0.175673 -0.494277 -0.0981657 -0.988562 -0.114492 0.442455 
1535116822591 0.244236 0.928287 -0.280415 -0.640872 -0.939495 0.298144 0.168696 -0.252593 0.240202 0.222247 0.944939 0.373817 0.168531 -0.130766 0.976984 0.377323 -0.981722 0.0666449 0.178269 -0.494676 -0.0884226 -0.989171 -0.117145 0.443049 
1535116822729 0.243936 0.928196 -0.280975 -0.641014 -0.939471 0.298055 0.168991 -0.252745 0.240603 0.222745 0.94472 0.373859 0.172237 -0.131883 0.976187 0.377478 -0.981908 0.056169 0.180835 -0.495073 -0.0786805 -0.989673 -0.119823 0.443642 
1535116822772 0.243637 0.928105 -0.281536 -0.641157 -0.939446 0.297966 0.169286 -0.252899 0.241003 0.223243 0.9445 0.3739 0.175952 -0.13296 0.975378 0.377634 -0.981982 0.0456841 0.18337 -0.495472 -0.0689402 -0.990068 -0.122526 0.444236 
1535116822906 0.243337 0.928014 -0.282095 -0.641299 -0.939421 0.297877 0.169581 -0.253052 0.241403 0.223741 0.94428 0.373942 0.179675 -0.133997 0.974557 0.377789 -0.981943 0.0351919 0.185875 -0.495869 -0.0592032 -0.990357 -0.125254 0.444829 
1535116823058 0.2437 0.928236 -0.281049 -0.641054 -0.939512 0.297861 0.169104 -0.25277 0.240682 0.222838 0.944677 0.373892 0.15687 -0.127068 0.979411 0.376754 -0.980508 0.0987572 0.169859 -0.493429 -0.118308 -0.986965 -0.109099 0.441039 
1535116823071 0.243065 0.928407 -0.281034 -0.641109 -0.939556 0.297363 0.169734 -0.252914 0.241152 0.222791 0.944569 0.373969 0.159099 -0.129515 0.97873 0.376879 -0.980956 0.0911407 0.171522 -0.49369 -0.111417 -0.98738 -0.112548 0.44165 
1535116823087 0.24243 0.928578 -0.281018 -0.641166 -0.939599 0.296865 0.170364 -0.253059 0.241621 0.222743 0.94446 0.374046 0.161347 -0.131942 0.978038 0.377006 -0.981347 0.0835146 0.173159 -0.493957 -0.104527 -0.987733 -0.116006 0.442262 
1535116823278 0.241795 0.928749 -0.281 -0.641223 -0.939642 0.296367 0.170994 -0.253203 0.24209 0.222694 0.944352 0.374123 0.163611 -0.134351 0.977334 0.377132 -0.981681 0.0758801 0.17477 -0.494225 -0.0976406 -0.988024 -0.119475 0.442874 
1535116823440 0.24116 0.928919 -0.280983 -0.64128 -0.939685 0.295868 0.171624 -0.253348 0.242559 0.222647 0.944242 0.3742 0.165891 -0.136741 0.976618 0.377259 -0.981959 0.0682375 0.176353 -0.494492 -0.0907566 -0.988254 -0.122954 0.443486 
1535116823596 0.240525 0.929089 -0.280965 -0.641337 -0.939726 0.29537 0.172253 -0.253493 0.243027 0.222599 0.944133 0.374276 0.168188 -0.139112 0.97589 0.377386 -0.98218 0.0605873 0.177908 -0.494761 -0.0838757 -0.988421 -0.126443 0.444098 
1535116823754 0.23989 0.929259 -0.280947 -0.641394 -0.939767 0.294871 0.172883 -0.253637 0.243496 0.222552 0.944023 0.374353 0.170499 -0.141464 0.97515 0.377512 -0.982345 0.0529303 0.179436 -0.495027 -0.0769987 -0.988527 -0.129942 0.444709 
1535116823919 0.239254 0.929428 -0.280929 -0.641451 -0.939808 0.294372 0.173513 -0.253782 0.243965 0.222505 0.943913 0.37443 0.172827 -0.143797 0.974399 0.377639 -0.982453 0.0452666 0.180936 -0.495296 -0.0701257 -0.988571 -0.13345 0.445321 
1535116824059 0.238619 0.929597 -0.28091 -0.641508 -0.939847 0.293873 0.174142 -0.253926 0.244434 0.222459 0.943803 0.374507 0.17517 -0.14611 0.973636 0.377765 -0.982504 0.0375971 0.182408 -0.495563 -0.0632575 -0.988554 -0.136968 0.445933 
1535116824100 0.237984 0.929766 -0.28089 -0.641565 -0.939886 0.293374 0.174771 -0.254071 0.244903 0.222412 0.943692 0.374584 0.177529 -0.148404 0.972862 0.377892 -0.982498 0.0299219 0.183852 -0.495832 -0.0563943 -0.988474 -0.140495 0.446545 
1535116824584 0.238449 0.92962 -0.280977 -0.641506 -0.939879 0.293735 0.174207 -0.253944 0.244479 0.222544 0.943771 0.374485 0.175541 -0.144635 0.97379 0.377792 -0.982428 0.0379734 0.182738 -0.495623 -0.0634084 -0.988756 -0.135427 0.445921 
1535116824595 0.238115 0.929837 -0.280542 -0.641514 -0.939996 0.293304 0.174297 -0.254048 0.244352 0.222205 0.943884 0.374473 0.178042 -0.144238 0.973394 0.377821 -0.982395 0.0308278 0.184256 -0.49591 -0.0565843 -0.989063 -0.13621 0.446124 
1535116824600 0.237781 0.930055 -0.280105 -0.641523 -0.940114 0.292873 0.174387 -0.254152 0.244225 0.221865 0.943997 0.374461 0.180541 -0.143823 0.972995 0.37785 -0.982308 0.0236797 0.18577 -0.496203 -0.0497582 -0.98932 -0.137003 0.446327 
1535116824620 0.237446 0.930271 -0.279668 -0.641532 -0.940232 0.292442 0.174477 -0.254256 0.244098 0.221524 0.94411 0.374449 0.183038 -0.14339 0.972593 0.37788 -0.982168 0.0165311 0.187277 -0.496495 -0.0429317 -0.989528 -0.137807 0.446531 
1535116824808 0.237112 0.930488 -0.279231 -0.641541 -0.940349 0.29201 0.174567 -0.25436 0.243971 0.221183 0.944223 0.374437 0.18553 -0.142939 0.972187 0.37791 -0.981975 0.00938236 0.188778 -0.496789 -0.0361051 -0.989687 -0.138622 0.446734 
1535116824813 0.236777 0.930704 -0.278794 -0.64155 -0.940466 0.291579 0.174657 -0.254464 0.243844 0.220842 0.944335 0.374424 0.188019 -0.14247 0.971777 0.37794 -0.981729 0.00223378 0.190272 -0.497082 -0.0292787 -0.989797 -0.139447 0.446937 
1535116824926 0.236442 0.93092 -0.278357 -0.641559 -0.940583 0.291148 0.174746 -0.254568 0.243718 0.2205 0.944448 0.374412 0.190503 -0.141983 0.971365 0.37797 -0.98143 -0.00491399 0.191759 -0.497374 -0.0224531 -0.989857 -0.140282 0.447141 
1535116824998 0.236107 0.931136 -0.27792 -0.641568 -0.9407 0.290716 0.174835 -0.254673 0.243591 0.220159 0.94456 0.3744 0.192984 -0.141477 0.970949 0.378 -0.981077 -0.012061 0.19324 -0.497668 -0.0156284 -0.989868 -0.141128 0.447344 
1535116825005 0.235772 0.931351 -0.277482 -0.641577 -0.940817 0.290284 0.174925 -0.254777 0.243465 0.219817 0.944672 0.374388 0.19546 -0.140954 0.970529 0.37803 -0.980672 -0.0192064 0.194713 -0.49796 -0.00880523 -0.98983 -0.141984 0.447548 
1535116825242 0.235437 0.931566 -0.277045 -0.641586 -0.940933 0.289853 0.175013 -0.254881 0.243339 0.219476 0.944784 0.374376 0.197931 -0.140413 0.970107 0.378059 -0.980214 -0.02635 0.196179 -0.498253 -0.00198378 -0.989742 -0.14285 0.447751 
1535116825773 0.235872 0.931331 -0.277464 -0.64153 -0.94082 0.290351 0.174797 -0.254762 0.243356 0.219814 0.944701 0.374415 0.189992 -0.142098 0.971448 0.377957 -0.981528 -0.0048265 0.191257 -0.497212 -0.0224885 -0.989841 -0.14039 0.447174 
1535116825779 0.236134 0.931326 -0.277258 -0.641491 -0.940801 0.290521 0.174619 -0.254778 0.243177 0.219611 0.944794 0.374387 0.190413 -0.144275 0.971045 0.378008 -0.981434 -0.0047589 0.191743 -0.497349 -0.0230426 -0.989526 -0.142503 0.447467 
1535116825948 0.236396 0.931321 -0.277051 -0.641451 -0.940781 0.29069 0.174441 -0.254794 0.242997 0.219408 0.944888 0.374359 0.190835 -0.146451 0.970636 0.378061 -0.981338 -0.00469307 0.192231 -0.497491 -0.0235972 -0.989207 -0.144614 0.447761 
1535116825959 0.236658 0.931316 -0.276845 -0.641411 -0.940762 0.29086 0.174263 -0.25481 0.242817 0.219205 0.944981 0.374331 0.191256 -0.148626 0.970222 0.378114 -0.981243 -0.00462831 0.192719 -0.497632 -0.0241527 -0.988883 -0.146724 0.448055 
1535116825965 0.236919 0.931311 -0.276639 -0.641371 -0.940743 0.291029 0.174085 -0.254826 0.242637 0.219002 0.945074 0.374303 0.191676 -0.150801 0.969804 0.378166 -0.981147 -0.00456471 0.193208 -0.497775 -0.024709 -0.988554 -0.148833 0.448349 
1535116825988 0.23718 0.931306 -0.276433 -0.641331 -0.940723 0.291198 0.173907 -0.254841 0.242457 0.218799 0.945167 0.374275 0.192094 -0.152975 0.969381 0.378218 -0.981051 -0.00450204 0.193696 -0.497915 -0.0252664 -0.98822 -0.150941 0.448643 
1535116826031 0.237442 0.931301 -0.276225 -0.641291 -0.940704 0.291367 0.173729 -0.254857 0.242277 0.218596 0.945261 0.374247 0.192511 -0.155148 0.968952 0.378271 -0.980955 -0.0044407 0.194185 -0.498058 -0.0258245 -0.987881 -0.153048 0.448937 
1535116826129 0.237703 0.931295 -0.27602 -0.641251 -0.940684 0.291537 0.173551 -0.254873 0.242097 0.218394 0.945353 0.374219 0.192927 -0.15732 0.968519 0.378324 -0.980858 -0.00438026 0.194673 -0.498199 -0.0263836 -0.987538 -0.155154 0.449231 
1535116826155 0.237964 0.93129 -0.275812 -0.641211 -0.940664 0.291706 0.173373 -0.254889 0.241917 0.21819 0.945447 0.374191 0.193341 -0.159492 0.968081 0.378377 -0.980762 -0.00432113 0.195162 -0.498342 -0.0269435 -0.98719 -0.157259 0.449525 
1535116826176 0.238226 0.931284 -0.275606 -0.641171 -0.940644 0.291876 0.173195 -0.254905 0.241737 0.217988 0.945539 0.374163 0.193755 -0.161663 0.967639 0.378429 -0.980664 -0.00426291 0.195651 -0.498483 -0.0275045 -0.986837 -0.159363 0.449818 
1535116826409 0.237212 0.931332 -0.276319 -0.641324 -0.940736 0.291188 0.173853 -0.254871 0.242376 0.218703 0.94521 0.374304 0.197361 -0.140532 0.970206 0.378015 -0.980327 -0.0256902 0.195699 -0.498191 -0.00257716 -0.989743 -0.142837 0.447589 
1535116826543 0.237947 0.931243 -0.275984 -0.641119 -0.940723 0.291672 0.17311 -0.254747 0.241704 0.218433 0.945445 0.374328 0.193498 -0.140419 0.971 0.377987 -0.981034 -0.016134 0.193164 -0.497971 -0.0114577 -0.989961 -0.140877 0.447014 
1535116826555 0.238681 0.931154 -0.27565 -0.640913 -0.94071 0.292156 0.172366 -0.254623 0.241032 0.218166 0.945678 0.374351 0.189632 -0.140268 0.971784 0.377957 -0.981644 -0.00657603 0.190607 -0.497745 -0.0203457 -0.990092 -0.138941 0.446439 
1535116826560 0.239415 0.931065 -0.275315 -0.640706 -0.940695 0.29264 0.171622 -0.254499 0.24036 0.217899 0.945911 0.374375 0.185766 -0.140081 0.972558 0.377927 -0.982159 0.00298206 0.188029 -0.49752 -0.0292394 -0.990136 -0.137027 0.445863 
1535116826836 0.240149 0.930975 -0.27498 -0.6405 -0.94068 0.293124 0.170879 -0.254374 0.239687 0.217632 0.946143 0.374399 0.181899 -0.139855 0.973321 0.377897 -0.982577 0.0125394 0.185431 -0.497294 -0.0381383 -0.990093 -0.135137 0.445288 
1535116827010 0.240882 0.930885 -0.274644 -0.640293 -0.940664 0.293608 0.170135 -0.25425 0.239014 0.217365 0.946375 0.374423 0.178033 -0.139592 0.974073 0.377867 -0.9829 0.022095 0.182812 -0.497068 -0.0470413 -0.989963 -0.133271 0.444712 
1535116827156 0.241615 0.930794 -0.274306 -0.640087 -0.940647 0.294092 0.169392 -0.254125 0.23834 0.217098 0.946606 0.374447 0.174167 -0.139291 0.974815 0.377838 -0.983125 0.0316478 0.180174 -0.496844 -0.0559474 -0.989746 -0.131428 0.444137 
1535116827182 0.242348 0.930703 -0.27397 -0.63988 -0.940629 0.294577 0.168648 -0.254001 0.237667 0.216832 0.946836 0.374471 0.170303 -0.138952 0.975546 0.377808 -0.983255 0.0411972 0.177516 -0.496617 -0.064856 -0.989442 -0.129609 0.443561 
1535116827443 0.24308 0.930612 -0.273631 -0.639674 -0.94061 0.295061 0.167905 -0.253876 0.236993 0.216566 0.947066 0.374495 0.16644 -0.138576 0.976266 0.377778 -0.983289 0.0507418 0.17484 -0.496393 -0.073766 -0.989051 -0.127815 0.442985 
1535116827639 0.243812 0.930519 -0.273293 -0.639467 -0.94059 0.295546 0.167162 -0.253752 0.236318 0.216301 0.947295 0.374519 0.162578 -0.138162 0.976975 0.377748 -0.983226 0.0602811 0.172143 -0.496166 -0.0826768 -0.988573 -0.126045 0.44241 
1535116827958 0.243323 0.930599 -0.273459 -0.639605 -0.940626 0.29519 0.167585 -0.253878 0.236677 0.216446 0.947172 0.374481 0.174951 -0.139555 0.974637 0.377938 -0.983018 0.0309257 0.180884 -0.496885 -0.0553845 -0.989731 -0.131774 0.44443 
1535116827968 0.243486 0.930562 -0.27344 -0.639254 -0.940525 0.295397 0.16779 -0.25375 0.236912 0.216323 0.947142 0.374587 0.178289 -0.140309 0.973923 0.378045 -0.982728 0.024485 0.183428 -0.497303 -0.0495832 -0.989805 -0.133521 0.444825 
1535116827975 0.243649 0.930525 -0.273421 -0.638902 -0.940424 0.295603 0.167995 -0.25362 0.237147 0.2162 0.947111 0.374693 0.18163 -0.141042 0.9732 0.378153 -0.982392 0.0180407 0.18596 -0.497726 -0.0437853 -0.989839 -0.135281 0.44522 
1535116828249 0.243812 0.930487 -0.273403 -0.638549 -0.940322 0.29581 0.168199 -0.253491 0.237382 0.216078 0.94708 0.374799 0.184974 -0.141752 0.972466 0.378262 -0.982009 0.0115939 0.188479 -0.49815 -0.0379919 -0.989834 -0.137057 0.445615 
1535116828453 0.243975 0.93045 -0.273385 -0.638196 -0.94022 0.296017 0.168403 -0.253361 0.237617 0.215956 0.947049 0.374906 0.188321 -0.14244 0.971723 0.37837 -0.981579 0.00514476 0.190985 -0.498573 -0.0322031 -0.98979 -0.138847 0.446011 
1535116828641 0.244139 0.930412 -0.273368 -0.637844 -0.940119 0.296224 0.168607 -0.253232 0.237852 0.215835 0.947017 0.375012 0.191669 -0.143105 0.970971 0.378478 -0.981104 -0.00130616 0.193477 -0.498995 -0.0264193 -0.989707 -0.140652 0.446406 
1535116828647 0.244302 0.930375 -0.273349 -0.63749 -0.940017 0.296431 0.168811 -0.253102 0.238087 0.215712 0.946986 0.375118 0.19502 -0.143749 0.970208 0.378586 -0.980582 -0.00775894 0.195956 -0.49942 -0.0206406 -0.989584 -0.142471 0.446801 
1535116828907 0.244465 0.930337 -0.273332 -0.637138 -0.939915 0.296638 0.169015 -0.252973 0.238321 0.215591 0.946955 0.375224 0.198373 -0.14437 0.969436 0.378695 -0.980014 -0.0142128 0.198421 -0.499842 -0.0148676 -0.989422 -0.144304 0.447196 
1535116829114 0.244628 0.930299 -0.273313 -0.636784 -0.939813 0.296845 0.169219 -0.252843 0.238556 0.215468 0.946924 0.375331 0.201728 -0.144969 0.968654 0.378803 -0.979399 -0.0206679 0.200873 -0.500267 -0.00910024 -0.98922 -0.146152 0.447592 
1535116829326 0.244791 0.930261 -0.273296 -0.636431 -0.939711 0.297052 0.169423 -0.252714 0.238791 0.215346 0.946892 0.375437 0.205084 -0.145546 0.967862 0.378911 -0.978739 -0.0271236 0.20331 -0.50069 -0.00333905 -0.98898 -0.148014 0.447987 
1535116829751 0.244652 0.930281 -0.273353 -0.636647 -0.939801 0.29688 0.169224 -0.252797 0.238579 0.215496 0.946911 0.375292 0.194064 -0.144033 0.970357 0.378474 -0.980763 -0.00728748 0.195064 -0.499375 -0.0210241 -0.989546 -0.142677 0.446398 
1535116829758 0.244766 0.930206 -0.273507 -0.636192 -0.939707 0.297075 0.169401 -0.252609 0.23883 0.215553 0.946835 0.37544 0.193984 -0.144397 0.970319 0.378522 -0.980794 -0.00802947 0.194883 -0.499476 -0.0203494 -0.989487 -0.143181 0.446372 
1535116829933 0.24488 0.93013 -0.273662 -0.63573 -0.939614 0.29727 0.169577 -0.252418 0.23908 0.215611 0.946759 0.37559 0.193905 -0.144762 0.970281 0.378571 -0.980823 -0.00877089 0.194703 -0.499578 -0.0196754 -0.989428 -0.143687 0.446346 
1535116829945 0.244994 0.930055 -0.273817 -0.63527 -0.939521 0.297464 0.169752 -0.252228 0.23933 0.215669 0.946683 0.375739 0.193826 -0.145128 0.970242 0.37862 -0.980852 -0.00951225 0.194522 -0.49968 -0.0190014 -0.989367 -0.144192 0.446319 
1535116830307 0.245108 0.929979 -0.273973 -0.634809 -0.939427 0.297659 0.169927 -0.252038 0.239579 0.215727 0.946606 0.375888 0.193747 -0.145493 0.970203 0.378668 -0.98088 -0.0102536 0.194342 -0.499782 -0.0183273 -0.989306 -0.144698 0.446293 
1535116830314 0.245222 0.929903 -0.274128 -0.634348 -0.939334 0.297854 0.170103 -0.251847 0.239829 0.215785 0.94653 0.376038 0.193669 -0.145858 0.970164 0.378717 -0.980908 -0.010995 0.194161 -0.499884 -0.017653 -0.989244 -0.145203 0.446267 
1535116830371 0.245336 0.929828 -0.274283 -0.633888 -0.939241 0.298048 0.170278 -0.251657 0.240079 0.215842 0.946454 0.376187 0.19359 -0.146223 0.970124 0.378765 -0.980936 -0.011736 0.193979 -0.499986 -0.0169789 -0.989182 -0.145708 0.446241 
1535116830628 0.245449 0.929752 -0.274438 -0.633426 -0.939147 0.298243 0.170453 -0.251466 0.240328 0.2159 0.946377 0.376336 0.193513 -0.146589 0.970085 0.378814 -0.980962 -0.0124772 0.193797 -0.500088 -0.0163045 -0.989119 -0.146212 0.446215 
1535116830929 0.245563 0.929676 -0.274593 -0.632966 -0.939053 0.298437 0.170628 -0.251276 0.240578 0.215958 0.9463 0.376485 0.193435 -0.146954 0.970045 0.378863 -0.980989 -0.0132181 0.193615 -0.50019 -0.0156303 -0.989055 -0.146717 0.446188 
1535116831002 0.245677 0.9296 -0.274748 -0.632506 -0.93896 0.298632 0.170803 -0.251086 0.240828 0.216015 0.946224 0.376635 0.193357 -0.147319 0.970005 0.378911 -0.981014 -0.013959 0.193432 -0.500292 -0.014956 -0.98899 -0.147222 0.446162 
1535116831393 0.245787 0.929575 -0.274734 -0.6327 -0.938951 0.298716 0.170702 -0.251213 0.240748 0.216005 0.946246 0.376562 0.193438 -0.146467 0.970118 0.378776 -0.98098 -0.0126083 0.1937 -0.50013 -0.0161391 -0.989135 -0.14612 0.446235 
1535116831408 0.245675 0.929468 -0.275197 -0.632271 -0.93877 0.298884 0.171405 -0.251069 0.241567 0.216237 0.945985 0.376716 0.194449 -0.146156 0.969963 0.378866 -0.980822 -0.0155053 0.194289 -0.500312 -0.0133571 -0.98914 -0.146368 0.446239 
1535116831492 0.245564 0.92936 -0.275661 -0.631838 -0.938588 0.299052 0.172107 -0.250923 0.242386 0.216469 0.945722 0.37687 0.195461 -0.145842 0.969807 0.378958 -0.980655 -0.0184026 0.194879 -0.500497 -0.0105747 -0.989137 -0.146618 0.446243 
1535116831588 0.245453 0.929252 -0.276124 -0.631405 -0.938405 0.29922 0.172809 -0.250777 0.243205 0.2167 0.945459 0.377025 0.196471 -0.145525 0.96965 0.379049 -0.980479 -0.0212996 0.195468 -0.500682 -0.00779248 -0.989125 -0.146869 0.446247 
1535116831592 0.245341 0.929143 -0.276588 -0.630971 -0.938222 0.299389 0.173511 -0.250631 0.244024 0.216931 0.945195 0.37718 0.197481 -0.145205 0.969493 0.379141 -0.980294 -0.0241962 0.196057 -0.500867 -0.00501045 -0.989106 -0.147122 0.446252 
1535116831859 0.245228 0.929035 -0.277051 -0.630537 -0.938038 0.299557 0.174213 -0.250485 0.244842 0.217163 0.94493 0.377335 0.198489 -0.144882 0.969335 0.379232 -0.980101 -0.0270924 0.196644 -0.501053 -0.00222863 -0.989078 -0.147377 0.446256 
1535116831934 0.245116 0.928926 -0.277515 -0.630102 -0.937854 0.299726 0.174914 -0.250339 0.245661 0.217394 0.944664 0.377489 0.199497 -0.144556 0.969177 0.379324 -0.979898 -0.0299883 0.197231 -0.501238 0.000552951 -0.989042 -0.147633 0.446261 
1535116832248 0.245002 0.928818 -0.277978 -0.629669 -0.937668 0.299895 0.175615 -0.250193 0.246479 0.217625 0.944398 0.377644 0.200503 -0.144227 0.969019 0.379415 -0.979687 -0.0328835 0.197817 -0.501423 0.0033342 -0.988998 -0.147891 0.446265 
1535116832298 0.244889 0.928709 -0.27844 -0.629236 -0.937483 0.300064 0.176316 -0.250047 0.247297 0.217855 0.944131 0.377798 0.201509 -0.143896 0.968859 0.379506 -0.979468 -0.0357784 0.198401 -0.501608 0.00611515 -0.988946 -0.148151 0.446269 
1535116832304 0.244775 0.9286 -0.278904 -0.628801 -0.937296 0.300234 0.177017 -0.2499 0.248114 0.218086 0.943863 0.377953 0.202513 -0.143561 0.9687 0.379598 -0.979239 -0.0386728 0.198985 -0.501794 0.00889585 -0.988886 -0.148412 0.446273 
1535116832783 0.244643 0.928675 -0.278769 -0.629034 -0.937468 0.299961 0.176568 -0.249924 0.247594 0.218141 0.943987 0.377818 0.201133 -0.144014 0.96892 0.379455 -0.979548 -0.0351877 0.198109 -0.501514 0.00556353 -0.98895 -0.148146 0.446191 
1535116832797 0.244554 0.928619 -0.279036 -0.628731 -0.937363 0.30004 0.176993 -0.249824 0.248082 0.218274 0.943828 0.377922 0.201947 -0.143607 0.968811 0.379495 -0.979358 -0.0383814 0.198457 -0.501657 0.00868441 -0.98889 -0.148394 0.44624 
1535116832811 0.244463 0.928561 -0.279305 -0.628422 -0.937257 0.300119 0.17742 -0.249721 0.24857 0.218408 0.943669 0.378026 0.202763 -0.143197 0.968701 0.379537 -0.979157 -0.0415752 0.198806 -0.501809 0.0118055 -0.988821 -0.148642 0.44629 
1535116832819 0.244372 0.928505 -0.279574 -0.628114 -0.937151 0.300198 0.177846 -0.249619 0.249059 0.218542 0.943509 0.378131 0.203577 -0.142784 0.968591 0.379578 -0.978945 -0.0447682 0.199154 -0.501958 0.014926 -0.988741 -0.148892 0.44634 
1535116833066 0.244281 0.928448 -0.279843 -0.627806 -0.937045 0.300276 0.178273 -0.249516 0.249547 0.218676 0.943349 0.378235 0.20439 -0.142369 0.968481 0.379619 -0.978723 -0.0479607 0.199501 -0.502108 0.0180463 -0.988651 -0.149142 0.44639 
1535116833073 0.24419 0.92839 -0.280111 -0.627497 -0.936938 0.300355 0.178699 -0.249413 0.250035 0.218811 0.943188 0.37834 0.205201 -0.141951 0.968371 0.379661 -0.978491 -0.0511526 0.199847 -0.502258 0.0211661 -0.988551 -0.149394 0.44644 
1535116833360 0.244099 0.928333 -0.28038 -0.627189 -0.936832 0.300434 0.179125 -0.249311 0.250524 0.218944 0.943028 0.378445 0.206011 -0.14153 0.968261 0.379702 -0.978248 -0.0543436 0.200193 -0.502407 0.0242855 -0.988441 -0.149647 0.44649 
1535116833490 0.244008 0.928276 -0.280649 -0.62688 -0.936725 0.300513 0.179551 -0.249208 0.251012 0.219079 0.942867 0.378549 0.20682 -0.141107 0.96815 0.379744 -0.977995 -0.0575341 0.200537 -0.502558 0.0274045 -0.988321 -0.149901 0.44654 
1535116833515 0.243916 0.928219 -0.280917 -0.626573 -0.936618 0.300592 0.179978 -0.249106 0.2515 0.219212 0.942706 0.378654 0.207626 -0.140681 0.968039 0.379785 -0.977732 -0.0607237 0.200881 -0.502707 0.0305229 -0.988191 -0.150156 0.44659 
1535116833752 0.243824 0.928162 -0.281185 -0.626265 -0.93651 0.30067 0.180404 -0.249003 0.251988 0.219346 0.942544 0.378758 0.208432 -0.140252 0.967928 0.379826 -0.977458 -0.0639126 0.201223 -0.502856 0.0336408 -0.988051 -0.150412 0.44664 
1535116833961 0.243881 0.928218 -0.28095 -0.626434 -0.936554 0.300629 0.180249 -0.24907 0.251772 0.219165 0.942644 0.378751 0.206556 -0.141173 0.968197 0.379729 -0.978067 -0.0569299 0.200361 -0.50245 0.0268339 -0.988347 -0.149836 0.446549 
1535116833973 0.243953 0.928199 -0.280952 -0.626177 -0.936587 0.300652 0.180036 -0.248945 0.251577 0.219216 0.942684 0.378822 0.206925 -0.140682 0.968189 0.379746 -0.977942 -0.0585406 0.200504 -0.502542 0.0284711 -0.988323 -0.149693 0.446527 
1535116834006 0.244026 0.928179 -0.280955 -0.625915 -0.93662 0.300677 0.179821 -0.248818 0.251383 0.219267 0.942724 0.378894 0.207295 -0.140192 0.968181 0.379764 -0.977815 -0.060152 0.200648 -0.502636 0.0301089 -0.988296 -0.149551 0.446505 
1535116834235 0.244099 0.928159 -0.280958 -0.625654 -0.936654 0.300701 0.179607 -0.248691 0.251188 0.219318 0.942764 0.378966 0.207664 -0.1397 0.968173 0.379782 -0.977685 -0.0617631 0.200792 -0.502731 0.0317467 -0.988266 -0.149409 0.446484 
1535116834318 0.244172 0.928139 -0.280961 -0.625392 -0.936687 0.300725 0.179393 -0.248563 0.250993 0.21937 0.942804 0.379038 0.208032 -0.139208 0.968165 0.3798 -0.977552 -0.063374 0.200936 -0.502826 0.0333846 -0.988233 -0.149267 0.446462 
1535116834364 0.244244 0.928118 -0.280964 -0.62513 -0.93672 0.30075 0.179178 -0.248435 0.250799 0.219421 0.942844 0.37911 0.208399 -0.138715 0.968157 0.379818 -0.977417 -0.0649847 0.201081 -0.502921 0.0350223 -0.988198 -0.149125 0.44644 
1535116834418 0.244317 0.928098 -0.280967 -0.624867 -0.936753 0.300774 0.178964 -0.248308 0.250604 0.219473 0.942883 0.379182 0.208765 -0.138222 0.968149 0.379836 -0.977278 -0.0665951 0.201226 -0.503017 0.0366601 -0.98816 -0.148984 0.446419 
1535116834424 0.24439 0.928078 -0.28097 -0.624606 -0.936786 0.300798 0.17875 -0.248181 0.250409 0.219524 0.942923 0.379254 0.209131 -0.137728 0.96814 0.379854 -0.977137 -0.0682052 0.201371 -0.503111 0.0382977 -0.988119 -0.148843 0.446397 
1535116834581 0.244462 0.928058 -0.280973 -0.624345 -0.93682 0.300822 0.178536 -0.248054 0.250214 0.219576 0.942963 0.379326 0.209495 -0.137234 0.968132 0.379871 -0.976994 -0.0698151 0.201517 -0.503206 0.0399353 -0.988075 -0.148702 0.446375 
1535116834756 0.244535 0.928038 -0.280976 -0.624082 -0.936853 0.300847 0.178321 -0.247926 0.25002 0.219627 0.943003 0.379398 0.209859 -0.136738 0.968123 0.379889 -0.976847 -0.0714247 0.201662 -0.503301 0.0415729 -0.988029 -0.148562 0.446353 
1535116835161 0.244391 0.928131 -0.280797 -0.624281 -0.936837 0.300721 0.178614 -0.247963 0.250218 0.219409 0.943001 0.37943 0.209652 -0.136984 0.968133 0.379888 -0.976919 -0.0707975 0.201537 -0.503241 0.0409342 -0.98804 -0.148665 0.446378 
1535116835173 0.24442 0.928171 -0.280637 -0.624094 -0.936808 0.300737 0.17874 -0.247879 0.250299 0.219215 0.943024 0.379461 0.209676 -0.135891 0.968282 0.379871 -0.976935 -0.070052 0.201719 -0.503342 0.0404183 -0.988244 -0.147445 0.446203 
1535116835179 0.244449 0.928211 -0.280479 -0.623902 -0.936779 0.300754 0.178866 -0.247792 0.25038 0.219023 0.943048 0.379492 0.209702 -0.134798 0.968429 0.379854 -0.976951 -0.0693056 0.201901 -0.503444 0.0399018 -0.988446 -0.146224 0.446028 
1535116835196 0.244479 0.928251 -0.280321 -0.62371 -0.936749 0.30077 0.178991 -0.247705 0.250461 0.218831 0.943071 0.379524 0.209729 -0.133704 0.968575 0.379837 -0.976966 -0.068559 0.202082 -0.503547 0.0393852 -0.988647 -0.145003 0.445853 
1535116835203 0.244508 0.928291 -0.280164 -0.623518 -0.93672 0.300787 0.179117 -0.247618 0.250542 0.218639 0.943094 0.379555 0.209756 -0.132611 0.968719 0.379821 -0.976981 -0.0678122 0.202262 -0.503649 0.0388688 -0.988846 -0.143782 0.445679 
1535116835422 0.244538 0.928331 -0.280006 -0.623325 -0.936691 0.300804 0.179242 -0.247531 0.250623 0.218447 0.943117 0.379587 0.209784 -0.131517 0.968862 0.379804 -0.976995 -0.0670651 0.202442 -0.503752 0.0383523 -0.989043 -0.142561 0.445504 
1535116835449 0.244567 0.92837 -0.279848 -0.623132 -0.936661 0.30082 0.179368 -0.247444 0.250704 0.218256 0.94314 0.379619 0.209813 -0.130423 0.969004 0.379787 -0.977009 -0.0663181 0.202621 -0.503854 0.037836 -0.989238 -0.141339 0.445329 
1535116835477 0.244597 0.92841 -0.27969 -0.622941 -0.936632 0.300837 0.179493 -0.247358 0.250785 0.218064 0.943162 0.37965 0.209842 -0.129329 0.969144 0.379771 -0.977023 -0.0655703 0.202797 -0.503957 0.0373195 -0.989431 -0.140117 0.445154 
1535116835620 0.244626 0.92845 -0.279533 -0.622749 -0.936603 0.300853 0.179619 -0.247271 0.250865 0.217871 0.943185 0.379682 0.209871 -0.128235 0.969283 0.379754 -0.977036 -0.0648225 0.202974 -0.504059 0.036803 -0.989623 -0.138895 0.444979 
1535116835667 0.244656 0.92849 -0.279375 -0.622556 -0.936573 0.30087 0.179744 -0.247184 0.250946 0.21768 0.943208 0.379714 0.209901 -0.127141 0.969421 0.379737 -0.977049 -0.0640746 0.20315 -0.504162 0.0362867 -0.989813 -0.137672 0.444805 
1535116835895 0.24458 0.928437 -0.279617 -0.622807 -0.936628 0.300813 0.179551 -0.247317 0.250815 0.217982 0.943173 0.379688 0.20971 -0.129444 0.969157 0.379705 -0.97705 -0.0656023 0.202656 -0.503978 0.0373464 -0.989414 -0.14023 0.445172 
1535116835908 0.244573 0.928379 -0.279815 -0.622585 -0.936487 0.300969 0.180027 -0.24725 0.251348 0.218013 0.943024 0.379756 0.209585 -0.130078 0.969099 0.379719 -0.977152 -0.0636807 0.202779 -0.504065 0.0353359 -0.989457 -0.140452 0.44522 
1535116835923 0.244566 0.928321 -0.280013 -0.622359 -0.936345 0.301126 0.180502 -0.247182 0.251883 0.218044 0.942874 0.379826 0.209458 -0.130713 0.969042 0.379732 -0.97725 -0.0617595 0.202901 -0.504151 0.0333257 -0.989495 -0.140675 0.445268 
1535116835930 0.244559 0.928263 -0.280212 -0.622133 -0.936203 0.301282 0.180977 -0.247113 0.252417 0.218076 0.942724 0.379895 0.20933 -0.131347 0.968984 0.379746 -0.977344 -0.0598381 0.203025 -0.504237 0.0313155 -0.989529 -0.140897 0.445316 
1535116836132 0.244552 0.928205 -0.28041 -0.621906 -0.936061 0.301438 0.181451 -0.247044 0.252951 0.218107 0.942574 0.379964 0.2092 -0.131981 0.968925 0.379759 -0.977434 -0.0579165 0.203148 -0.504323 0.0293052 -0.989559 -0.141119 0.445365 
1535116836253 0.244545 0.928147 -0.280609 -0.621679 -0.935919 0.301595 0.181926 -0.246974 0.253484 0.218138 0.942423 0.380034 0.209069 -0.132615 0.968867 0.379772 -0.97752 -0.0559948 0.203272 -0.504409 0.0272947 -0.989585 -0.14134 0.445413 
1535116836263 0.244538 0.928089 -0.280808 -0.621452 -0.935776 0.301751 0.182401 -0.246905 0.254018 0.218169 0.942272 0.380103 0.208937 -0.133248 0.968809 0.379786 -0.977602 -0.0540731 0.203396 -0.504495 0.0252843 -0.989607 -0.141562 0.445461 
1535116836491 0.24453 0.92803 -0.281006 -0.621226 -0.935633 0.301908 0.182875 -0.246836 0.254552 0.2182 0.942121 0.380172 0.208803 -0.133881 0.96875 0.379799 -0.977681 -0.052151 0.203521 -0.504581 0.0232737 -0.989624 -0.141783 0.445509 
1535116836553 0.244523 0.927972 -0.281205 -0.621 -0.935489 0.302064 0.18335 -0.246768 0.255086 0.218231 0.94197 0.380241 0.208668 -0.134514 0.968692 0.379813 -0.977755 -0.0502289 0.203646 -0.504667 0.021263 -0.989638 -0.142003 0.445557 
1535116836572 0.244515 0.927914 -0.281404 -0.620772 -0.935346 0.302221 0.183824 -0.246698 0.255619 0.218262 0.941818 0.380311 0.208533 -0.135147 0.968633 0.379826 -0.977826 -0.0483068 0.203772 -0.504753 0.0192524 -0.989647 -0.142224 0.445605 
1535116836977 0.244615 0.927941 -0.281228 -0.620994 -0.935494 0.302132 0.183215 -0.246807 0.254981 0.21827 0.941989 0.380239 0.208569 -0.134734 0.968682 0.379816 -0.977794 -0.0494187 0.203657 -0.504676 0.0204315 -0.989649 -0.142049 0.445533 
1535116836998 0.244798 0.927876 -0.281282 -0.620781 -0.935452 0.302312 0.183133 -0.246715 0.25496 0.218295 0.941989 0.380302 0.208624 -0.134487 0.968705 0.3798 -0.977781 -0.0494268 0.203717 -0.504782 0.0204828 -0.989682 -0.14181 0.445514 
1535116837104 0.244981 0.927811 -0.281338 -0.620564 -0.935409 0.302493 0.18305 -0.246621 0.254939 0.218322 0.941988 0.380366 0.20868 -0.134238 0.968727 0.379784 -0.977768 -0.0494354 0.203778 -0.50489 0.0205348 -0.989715 -0.14157 0.445496 
1535116837174 0.245165 0.927745 -0.281394 -0.620345 -0.935367 0.302675 0.182967 -0.246526 0.254918 0.218349 0.941988 0.380431 0.208737 -0.133989 0.96875 0.379769 -0.977755 -0.0494444 0.203839 -0.504998 0.020587 -0.989749 -0.141329 0.445478 
1535116837292 0.245349 0.92768 -0.281449 -0.620127 -0.935324 0.302856 0.182884 -0.246432 0.254897 0.218376 0.941987 0.380495 0.208794 -0.13374 0.968772 0.379753 -0.977742 -0.049453 0.2039 -0.505107 0.020639 -0.989782 -0.141089 0.44546 
1535116837305 0.245533 0.927614 -0.281505 -0.61991 -0.935282 0.303037 0.182801 -0.246338 0.254876 0.218403 0.941987 0.380559 0.208849 -0.133492 0.968794 0.379737 -0.977729 -0.0494614 0.20396 -0.505214 0.0206909 -0.989815 -0.140849 0.445441 
1535116837328 0.245717 0.927549 -0.281561 -0.619692 -0.935239 0.303219 0.182718 -0.246243 0.254855 0.21843 0.941986 0.380623 0.208906 -0.133243 0.968816 0.379722 -0.977716 -0.0494703 0.204021 -0.505322 0.0207432 -0.989848 -0.140609 0.445423 
1535116837370 0.2459 0.927483 -0.281617 -0.619475 -0.935197 0.3034 0.182635 -0.24615 0.254834 0.218457 0.941985 0.380687 0.208961 -0.132995 0.968838 0.379706 -0.977703 -0.0494786 0.204081 -0.50543 0.0207951 -0.989881 -0.140368 0.445405 
1535116837539 0.246084 0.927417 -0.281672 -0.619256 -0.935154 0.303581 0.182552 -0.246055 0.254813 0.218484 0.941985 0.380752 0.209018 -0.132746 0.96886 0.379691 -0.977689 -0.0494875 0.204143 -0.505539 0.0208473 -0.989914 -0.140128 0.445386 
1535116837548 0.246268 0.927352 -0.281728 -0.619039 -0.935111 0.303762 0.182469 -0.245961 0.254792 0.218511 0.941984 0.380816 0.209074 -0.132497 0.968882 0.379675 -0.977676 -0.049496 0.204203 -0.505646 0.0208994 -0.989947 -0.139888 0.445368 
1535116837654 0.245165 0.927794 -0.281235 -0.619938 -0.935347 0.30266 0.18309 -0.246179 0.254988 0.218165 0.942011 0.380649 0.208944 -0.133034 0.968837 0.379678 -0.977705 -0.0495427 0.204054 -0.505423 0.0208527 -0.989872 -0.14042 0.445427 
1535116837667 0.245385 0.927769 -0.281123 -0.619676 -0.935411 0.302744 0.182627 -0.246066 0.254544 0.218151 0.942135 0.380717 0.208913 -0.132694 0.96889 0.379671 -0.977673 -0.0512152 0.203793 -0.505556 0.0225798 -0.989833 -0.140431 0.445406 
1535116837673 0.245605 0.927745 -0.281012 -0.61941 -0.935474 0.302828 0.182163 -0.245951 0.254099 0.218139 0.942257 0.380785 0.208883 -0.132355 0.968943 0.379665 -0.977639 -0.0528869 0.203533 -0.505692 0.0243058 -0.989791 -0.140442 0.445386 
1535116837757 0.245825 0.92772 -0.280901 -0.619144 -0.935537 0.302912 0.181699 -0.245837 0.253654 0.218127 0.94238 0.380854 0.208852 -0.132015 0.968996 0.379659 -0.977601 -0.0545584 0.203273 -0.505828 0.0260317 -0.989745 -0.140453 0.445365 
1535116837764 0.246044 0.927696 -0.28079 -0.618878 -0.9356 0.302996 0.181235 -0.245722 0.253209 0.218115 0.942502 0.380922 0.20882 -0.131676 0.969049 0.379653 -0.97756 -0.05623 0.203013 -0.505964 0.0277576 -0.989697 -0.140463 0.445345 
1535116837903 0.246264 0.927671 -0.280679 -0.618611 -0.935663 0.30308 0.180771 -0.245607 0.252764 0.218104 0.942624 0.380991 0.208787 -0.131337 0.969102 0.379647 -0.977517 -0.0579012 0.202753 -0.5061 0.0294832 -0.989645 -0.140473 0.445324 
1535116837909 0.246483 0.927646 -0.280568 -0.618346 -0.935725 0.303164 0.180307 -0.245492 0.25232 0.218092 0.942746 0.381059 0.208755 -0.130998 0.969155 0.379641 -0.97747 -0.0595727 0.202493 -0.506236 0.031209 -0.989591 -0.140482 0.445304 
1535116838056 0.246702 0.927622 -0.280457 -0.618079 -0.935787 0.303248 0.179843 -0.245377 0.251875 0.21808 0.942868 0.381128 0.20872 -0.130659 0.969208 0.379635 -0.977421 -0.0612438 0.202233 -0.506372 0.0329345 -0.989534 -0.140491 0.445283 
1535116838136 0.246922 0.927597 -0.280346 -0.617813 -0.935849 0.303332 0.179379 -0.245262 0.25143 0.218068 0.94299 0.381196 0.208687 -0.13032 0.969261 0.379629 -0.977368 -0.0629152 0.201973 -0.506508 0.0346601 -0.989474 -0.1405 0.445263 
1535116838445 0.247141 0.927572 -0.280234 -0.617548 -0.93591 0.303416 0.178915 -0.245148 0.250984 0.218057 0.943111 0.381264 0.208652 -0.129981 0.969314 0.379623 -0.977313 -0.0645862 0.201713 -0.506643 0.0363855 -0.989411 -0.140508 0.445242 
1535116838731 0.247011 0.927588 -0.280295 -0.617764 -0.935874 0.303365 0.179193 -0.24525 0.251249 0.218059 0.94304 0.381226 0.208834 -0.13018 0.969248 0.379691 -0.977314 -0.0635516 0.202036 -0.506518 0.0352963 -0.989452 -0.140498 0.445189 
1535116838750 0.247242 0.927613 -0.280008 -0.617371 -0.935853 0.303495 0.179079 -0.245086 0.251097 0.21777 0.943147 0.381297 0.209044 -0.130569 0.96915 0.379712 -0.977334 -0.0618099 0.202481 -0.506735 0.0334654 -0.989511 -0.14053 0.445168 
1535116838931 0.247474 0.927638 -0.279722 -0.616973 -0.935833 0.303626 0.178964 -0.244919 0.250944 0.217484 0.943254 0.381369 0.209254 -0.130959 0.969052 0.379733 -0.977349 -0.0600688 0.202928 -0.506954 0.0316346 -0.989566 -0.140562 0.445147 
1535116838969 0.247706 0.927662 -0.279437 -0.616573 -0.935813 0.303756 0.178848 -0.244752 0.250791 0.217199 0.94336 0.381441 0.209464 -0.131349 0.968954 0.379755 -0.977362 -0.0583278 0.203375 -0.507172 0.0298039 -0.989619 -0.140593 0.445127 
1535116838976 0.247937 0.927686 -0.27915 -0.616176 -0.935792 0.303886 0.178733 -0.244586 0.250638 0.216912 0.943467 0.381513 0.209673 -0.13174 0.968856 0.379776 -0.977371 -0.0565864 0.203821 -0.507391 0.0279727 -0.989668 -0.140623 0.445106 
1535116839025 0.248169 0.92771 -0.278865 -0.615777 -0.935772 0.304017 0.178618 -0.244419 0.250485 0.216626 0.943573 0.381585 0.209881 -0.132131 0.968758 0.379798 -0.977377 -0.0548454 0.204268 -0.507609 0.0261418 -0.989714 -0.140652 0.445085 
