1533641252538 -0.226031 0.96469 -0.135216 -0.540982 -0.949054 -0.186796 0.253778 -0.289259 0.21956 0.185689 0.957765 0.346207 0.16008 -0.304787 0.938871 0.370831 -0.775623 0.549475 0.310623 -0.528794 -0.61056 -0.777934 -0.14844 0.432481 
1533641252553 -0.191317 0.96692 -0.168713 -0.54911 -0.956305 -0.144908 0.253935 -0.284023 0.221087 0.209923 0.952393 0.351893 0.316231 -0.384871 0.867106 0.40083 -0.930001 -0.306257 0.203234 -0.504368 0.187338 -0.870678 -0.454779 0.485897 
1533641252559 -0.156377 0.966811 -0.202048 -0.557238 -0.96208 -0.102812 0.252649 -0.278787 0.223491 0.233895 0.946227 0.357579 0.316231 -0.384871 0.867106 0.40083 -0.930001 -0.306257 0.203234 -0.504368 0.187338 -0.870678 -0.454779 0.485897 
1533641253598 -0.121294 0.964363 -0.235142 -0.565367 -0.966367 -0.0606069 0.249925 -0.273551 0.226767 0.257548 0.939279 0.363265 0.316231 -0.384871 0.867106 0.40083 -0.930001 -0.306257 0.203234 -0.504368 0.187338 -0.870678 -0.454779 0.485897 
1533641254347 -0.0861521 0.959583 -0.267916 -0.573495 -0.969154 -0.0183928 0.245768 -0.268315 0.230907 0.280825 0.931568 0.368951 0.316231 -0.384871 0.867106 0.40083 -0.930001 -0.306257 0.203234 -0.504368 0.187338 -0.870678 -0.454779 0.485897 
1533641254354 -0.0510337 0.952481 -0.300292 -0.581625 -0.970436 0.0237295 0.240189 -0.26308 0.235902 0.303672 0.923111 0.374637 0.316231 -0.384871 0.867106 0.40083 -0.930001 -0.306257 0.203234 -0.504368 0.187338 -0.870678 -0.454779 0.485897 
1533641255419 -0.0160229 0.943075 -0.332193 -0.589755 -0.970209 0.06566 0.233201 -0.257846 0.241738 0.326033 0.913928 0.380322 0.316231 -0.384871 0.867106 0.40083 -0.930001 -0.306257 0.203234 -0.504368 0.187338 -0.870678 -0.454779 0.485897 
1533641256194 0.0187969 0.931388 -0.363544 -0.597887 -0.968474 0.107299 0.224821 -0.252612 0.248403 0.347857 0.904042 0.386008 0.316231 -0.384871 0.867106 0.40083 -0.930001 -0.306257 0.203234 -0.504368 0.187338 -0.870678 -0.454779 0.485897 
1533641256983 0.0533429 0.917446 -0.394268 -0.60602 -0.965235 0.148546 0.215069 -0.247379 0.255881 0.369089 0.893475 0.391693 0.316231 -0.384871 0.867106 0.40083 -0.930001 -0.306257 0.203234 -0.504368 0.187338 -0.870678 -0.454779 0.485897 
1533641257786 0.0873593 0.901404 -0.424075 -0.615176 -0.960492 0.189136 0.204162 -0.242808 0.26424 0.389485 0.882314 0.397152 0.316442 -0.385045 0.866951 0.401525 -0.929984 -0.306148 0.203478 -0.505625 0.187068 -0.87064 -0.454964 0.486487 
1533641258594 0.0868873 0.901583 -0.42379 -0.614847 -0.960456 0.188768 0.204673 -0.243023 0.264527 0.389249 0.882333 0.396776 0.316442 -0.385045 0.866951 0.401525 -0.929984 -0.306148 0.203478 -0.505625 0.187068 -0.87064 -0.454964 0.486487 
1533641258607 0.0904056 0.899862 -0.426702 -0.615584 -0.959942 0.192837 0.203286 -0.24241 0.265214 0.391231 0.881249 0.397382 0.316221 -0.384863 0.867113 0.400797 -0.930002 -0.306262 0.203223 -0.504308 0.187351 -0.87068 -0.45477 0.485869 
1533641258875 0.0939196 0.898119 -0.429605 -0.616321 -0.959413 0.196899 0.201886 -0.241797 0.265907 0.393208 0.88016 0.397987 0.316221 -0.384863 0.867113 0.400797 -0.930002 -0.306262 0.203223 -0.504308 0.187351 -0.87068 -0.45477 0.485869 
1533641259157 0.0974301 0.896354 -0.4325 -0.617056 -0.958868 0.200955 0.200472 -0.241183 0.266608 0.395179 0.879064 0.398593 0.31622 -0.384863 0.867113 0.400797 -0.930002 -0.306262 0.203222 -0.504307 0.187351 -0.87068 -0.45477 0.485868 
1533641259437 0.100937 0.894567 -0.435387 -0.61779 -0.958308 0.205005 0.199046 -0.240569 0.267316 0.397144 0.877963 0.399199 0.316221 -0.384863 0.867113 0.400796 -0.930002 -0.306262 0.203223 -0.504306 0.187351 -0.87068 -0.45477 0.485868 
1533641259719 0.104439 0.892758 -0.438265 -0.618524 -0.957732 0.209047 0.197606 -0.239954 0.268032 0.399102 0.876856 0.399806 0.31622 -0.384863 0.867113 0.400796 -0.930002 -0.306262 0.203222 -0.504306 0.187351 -0.87068 -0.454769 0.485868 
1533641259726 0.107938 0.890927 -0.441134 -0.619258 -0.957141 0.213083 0.196154 -0.23934 0.268757 0.401055 0.875742 0.400412 0.31622 -0.384863 0.867113 0.400796 -0.930002 -0.306262 0.203222 -0.504305 0.187351 -0.87068 -0.45477 0.485867 
1533641260121 0.111432 0.889074 -0.443994 -0.619993 -0.956535 0.217112 0.194688 -0.238726 0.269489 0.403001 0.874623 0.401018 0.31622 -0.384863 0.867113 0.400796 -0.930002 -0.306262 0.203222 -0.504305 0.187351 -0.87068 -0.45477 0.485867 
1533641260399 0.114921 0.887199 -0.446845 -0.620727 -0.955913 0.221134 0.19321 -0.238111 0.270228 0.404941 0.873498 0.401624 0.316221 -0.384863 0.867113 0.400795 -0.930002 -0.306262 0.203223 -0.504305 0.187351 -0.87068 -0.45477 0.485867 
1533641260685 0.118407 0.885303 -0.449687 -0.621462 -0.955276 0.225148 0.191719 -0.237497 0.270976 0.406875 0.872368 0.40223 0.316221 -0.384863 0.867113 0.400795 -0.930002 -0.306262 0.203223 -0.504305 0.187351 -0.87068 -0.45477 0.485867 
1533641260983 0.118042 0.885561 -0.449274 -0.621335 -0.955283 0.224794 0.1921 -0.237643 0.27111 0.406508 0.872497 0.40209 0.316221 -0.384863 0.867113 0.400795 -0.930002 -0.306262 0.203223 -0.504305 0.187351 -0.87068 -0.45477 0.485867 
1533641260995 0.118427 0.885345 -0.449598 -0.621425 -0.955217 0.225231 0.191913 -0.23757 0.271173 0.406736 0.872371 0.402164 0.31622 -0.384863 0.867113 0.400795 -0.930002 -0.306262 0.203222 -0.504304 0.187351 -0.87068 -0.454769 0.485867 
1533641261011 0.118812 0.885129 -0.449923 -0.621511 -0.955152 0.225668 0.191725 -0.237494 0.271235 0.406966 0.872245 0.402238 0.31622 -0.384863 0.867113 0.400795 -0.930002 -0.306262 0.203222 -0.504304 0.187351 -0.87068 -0.454769 0.485867 
1533641261028 0.119198 0.884912 -0.450248 -0.621597 -0.955086 0.226105 0.191537 -0.237417 0.271296 0.407195 0.872118 0.402313 0.31622 -0.384863 0.867113 0.400795 -0.930002 -0.306262 0.203222 -0.504304 0.187351 -0.87068 -0.454769 0.485867 
1533641261151 0.119583 0.884694 -0.450573 -0.621683 -0.955021 0.226542 0.191348 -0.237341 0.271358 0.407425 0.871992 0.402388 0.31622 -0.384863 0.867113 0.400795 -0.930002 -0.306262 0.203222 -0.504304 0.187351 -0.87068 -0.454769 0.485867 
1533641261215 0.119968 0.884477 -0.450898 -0.621768 -0.954955 0.226979 0.191159 -0.237264 0.27142 0.407654 0.871865 0.402463 0.31622 -0.384863 0.867113 0.400795 -0.930002 -0.306262 0.203222 -0.504304 0.187351 -0.87068 -0.454769 0.485867 
1533641261280 0.120353 0.884259 -0.451222 -0.621854 -0.954889 0.227415 0.19097 -0.237189 0.271482 0.407883 0.871739 0.402537 0.31622 -0.384863 0.867113 0.400795 -0.930002 -0.306262 0.203222 -0.504304 0.187351 -0.87068 -0.454769 0.485867 
1533641261351 0.120738 0.88404 -0.451547 -0.621939 -0.954823 0.227852 0.190781 -0.237112 0.271544 0.408113 0.871612 0.402612 0.31622 -0.384863 0.867113 0.400795 -0.930002 -0.306262 0.203222 -0.504304 0.187351 -0.87068 -0.454769 0.485867 
1533641261413 0.121123 0.883822 -0.451871 -0.622026 -0.954756 0.228288 0.190592 -0.237036 0.271606 0.408342 0.871486 0.402687 0.31622 -0.384863 0.867113 0.400795 -0.930002 -0.306262 0.203222 -0.504304 0.187351 -0.87068 -0.454769 0.485867 
1533641261486 0.121508 0.883603 -0.452196 -0.62211 -0.954689 0.228725 0.190402 -0.236959 0.271668 0.408571 0.871359 0.402761 0.31622 -0.384863 0.867113 0.400795 -0.930002 -0.306262 0.203222 -0.504304 0.187351 -0.87068 -0.454769 0.485867 
1533641261560 0.120957 0.88396 -0.451646 -0.621993 -0.954776 0.228094 0.190722 -0.237017 0.271609 0.408152 0.871574 0.402703 0.31622 -0.384863 0.867113 0.400795 -0.930002 -0.306262 0.203222 -0.504304 0.187351 -0.87068 -0.454769 0.485867 
1533641261573 0.120866 0.884025 -0.451543 -0.621954 -0.954746 0.228055 0.190922 -0.237048 0.271756 0.408033 0.871584 0.402699 0.31622 -0.384863 0.867113 0.400795 -0.930002 -0.306262 0.203222 -0.504304 0.187351 -0.87068 -0.454769 0.485867 
1533641261589 0.120775 0.884091 -0.451439 -0.621919 -0.954715 0.228015 0.191122 -0.237084 0.271904 0.407913 0.871594 0.402693 0.31622 -0.384863 0.867113 0.400795 -0.930002 -0.306262 0.203222 -0.504304 0.187351 -0.87068 -0.454769 0.485867 
1533641261707 0.120683 0.884156 -0.451335 -0.621883 -0.954685 0.227975 0.191323 -0.237118 0.272052 0.407793 0.871603 0.402687 0.31622 -0.384863 0.867113 0.400795 -0.930002 -0.306262 0.203222 -0.504304 0.187351 -0.87068 -0.454769 0.485867 
1533641261724 0.120592 0.884222 -0.451231 -0.621849 -0.954654 0.227935 0.191523 -0.237154 0.2722 0.407674 0.871613 0.402681 0.31622 -0.384863 0.867113 0.400795 -0.930002 -0.306262 0.203222 -0.504304 0.187351 -0.87068 -0.454769 0.485867 
1533641261741 0.1205 0.884287 -0.451127 -0.621814 -0.954624 0.227894 0.191724 -0.237189 0.272348 0.407554 0.871623 0.402676 0.31622 -0.384863 0.867113 0.400795 -0.930002 -0.306262 0.203222 -0.504304 0.187351 -0.87068 -0.454769 0.485867 
1533641261757 0.120409 0.884353 -0.451023 -0.621779 -0.954593 0.227855 0.191924 -0.237223 0.272496 0.407434 0.871632 0.40267 0.31622 -0.384863 0.867113 0.400795 -0.930002 -0.306262 0.203222 -0.504304 0.187351 -0.87068 -0.454769 0.485867 
1533641261801 0.120317 0.884418 -0.450919 -0.621745 -0.954562 0.227814 0.192124 -0.237259 0.272644 0.407314 0.871642 0.402664 0.31622 -0.384863 0.867113 0.400795 -0.930002 -0.306262 0.203222 -0.504304 0.187351 -0.87068 -0.45477 0.485867 
1533641261830 0.120226 0.884484 -0.450815 -0.621709 -0.954531 0.227774 0.192325 -0.237294 0.272792 0.407195 0.871652 0.402659 0.31622 -0.384863 0.867113 0.400795 -0.930002 -0.306262 0.203222 -0.504304 0.187351 -0.87068 -0.45477 0.485867 
1533641261847 0.120135 0.884549 -0.450711 -0.621676 -0.954501 0.227734 0.192525 -0.237329 0.27294 0.407075 0.871661 0.402653 0.31622 -0.384863 0.867113 0.400795 -0.930002 -0.306262 0.203222 -0.504304 0.187351 -0.87068 -0.45477 0.485867 
1533641261867 0.120265 0.884329 -0.451108 -0.621828 -0.954704 0.227607 0.191665 -0.2371 0.27217 0.407624 0.871646 0.402669 0.31622 -0.384863 0.867113 0.400795 -0.930002 -0.306262 0.203222 -0.504304 0.187351 -0.87068 -0.45477 0.485867 
1533641261880 0.120264 0.88437 -0.451029 -0.621792 -0.954686 0.227616 0.191746 -0.237122 0.272235 0.407531 0.871669 0.40268 0.31622 -0.384863 0.867113 0.400795 -0.930002 -0.306262 0.203222 -0.504304 0.187351 -0.87068 -0.45477 0.485867 
1533641261897 0.120261 0.884411 -0.450948 -0.621755 -0.954667 0.227625 0.191827 -0.237147 0.272301 0.407436 0.871693 0.40269 0.31622 -0.384863 0.867113 0.400795 -0.930002 -0.306262 0.203222 -0.504304 0.187351 -0.87068 -0.45477 0.485867 
1533641261914 0.12026 0.884452 -0.450868 -0.621719 -0.954649 0.227633 0.191908 -0.23717 0.272366 0.407342 0.871716 0.4027 0.31622 -0.384863 0.867113 0.400795 -0.930002 -0.306262 0.203222 -0.504304 0.187351 -0.87068 -0.45477 0.485867 
1533641261930 0.120257 0.884494 -0.450787 -0.621683 -0.95463 0.227641 0.191989 -0.237196 0.272431 0.407247 0.87174 0.402709 0.31622 -0.384863 0.867113 0.400795 -0.930002 -0.306262 0.203222 -0.504304 0.187351 -0.87068 -0.45477 0.485867 
1533641261947 0.120255 0.884535 -0.450707 -0.621646 -0.954612 0.22765 0.192071 -0.23722 0.272497 0.407153 0.871764 0.402719 0.31622 -0.384863 0.867113 0.400795 -0.930002 -0.306262 0.203222 -0.504304 0.187351 -0.87068 -0.45477 0.485867 
1533641261964 0.120252 0.884576 -0.450626 -0.62161 -0.954594 0.227658 0.192152 -0.237246 0.272562 0.407058 0.871788 0.402728 0.31622 -0.384863 0.867113 0.400795 -0.930002 -0.306262 0.203222 -0.504304 0.187351 -0.87068 -0.45477 0.485867 
1533641261980 0.12025 0.884618 -0.450546 -0.621574 -0.954575 0.227667 0.192233 -0.23727 0.272627 0.406964 0.871811 0.402738 0.31622 -0.384863 0.867113 0.400795 -0.930002 -0.306262 0.203222 -0.504304 0.187351 -0.87068 -0.45477 0.485867 
1533641261997 0.120248 0.884659 -0.450465 -0.621538 -0.954557 0.227675 0.192315 -0.237294 0.272693 0.406869 0.871835 0.402748 0.31622 -0.384863 0.867113 0.400795 -0.930002 -0.306262 0.203222 -0.504304 0.187351 -0.87068 -0.45477 0.485867 
1533641262014 0.120246 0.8847 -0.450384 -0.621502 -0.954539 0.227683 0.192396 -0.23732 0.272758 0.406774 0.871859 0.402757 0.31622 -0.384863 0.867113 0.400795 -0.930002 -0.306262 0.203222 -0.504304 0.187351 -0.87068 -0.45477 0.485867 
1533641262041 0.120147 0.884525 -0.450756 -0.621699 -0.954575 0.227641 0.192265 -0.237276 0.272674 0.40718 0.871696 0.402682 0.31622 -0.384863 0.867113 0.400795 -0.930002 -0.306262 0.203222 -0.504304 0.187351 -0.87068 -0.45477 0.485867 
1533641262054 0.120109 0.884516 -0.450783 -0.621651 -0.954601 0.227581 0.192206 -0.237291 0.272599 0.407232 0.871695 0.402706 0.31622 -0.384863 0.867113 0.400795 -0.930002 -0.306262 0.203222 -0.504304 0.187351 -0.87068 -0.45477 0.485867 
1533641262070 0.12007 0.884506 -0.450812 -0.621596 -0.954627 0.227522 0.192146 -0.237301 0.272524 0.407287 0.871693 0.402731 0.31622 -0.384863 0.867113 0.400795 -0.930002 -0.306262 0.203222 -0.504304 0.187351 -0.87068 -0.45477 0.485867 
1533641262087 0.120032 0.884497 -0.450841 -0.621543 -0.954654 0.227462 0.192087 -0.237312 0.272449 0.407341 0.871691 0.402756 0.31622 -0.384863 0.867113 0.400795 -0.930002 -0.306262 0.203222 -0.504304 0.187351 -0.87068 -0.45477 0.485867 
1533641262105 0.119993 0.884487 -0.45087 -0.621489 -0.95468 0.227402 0.192027 -0.237323 0.272374 0.407395 0.871689 0.402782 0.31622 -0.384863 0.867113 0.400795 -0.930002 -0.306262 0.203222 -0.504304 0.187351 -0.87068 -0.45477 0.485867 
1533641262120 0.119954 0.884478 -0.450899 -0.621436 -0.954706 0.227342 0.191968 -0.237335 0.2723 0.407449 0.871687 0.402806 0.31622 -0.384863 0.867113 0.400795 -0.930002 -0.306262 0.203222 -0.504304 0.187351 -0.87068 -0.45477 0.485867 
1533641262137 0.119916 0.884468 -0.450928 -0.621382 -0.954732 0.227283 0.191908 -0.237346 0.272225 0.407503 0.871685 0.402832 0.31622 -0.384863 0.867113 0.400795 -0.930002 -0.306262 0.203222 -0.504304 0.187351 -0.87068 -0.45477 0.485867 
1533641262154 0.119877 0.884459 -0.450957 -0.621329 -0.954759 0.227223 0.191848 -0.237358 0.27215 0.407557 0.871683 0.402857 0.31622 -0.384863 0.867113 0.400795 -0.930002 -0.306262 0.203222 -0.504304 0.187351 -0.87068 -0.45477 0.485867 
1533641262170 0.119839 0.884449 -0.450986 -0.621275 -0.954785 0.227163 0.191789 -0.237368 0.272075 0.407611 0.871681 0.402882 0.31622 -0.384863 0.867113 0.400795 -0.930002 -0.306262 0.203222 -0.504304 0.187351 -0.87068 -0.45477 0.485867 
1533641262200 0.1198 0.884439 -0.451015 -0.621221 -0.954811 0.227104 0.191729 -0.23738 0.272 0.407665 0.87168 0.402907 0.31622 -0.384863 0.867113 0.400795 -0.930002 -0.306262 0.203222 -0.504304 0.187351 -0.87068 -0.45477 0.485867 
1533641262234 0.119863 0.884525 -0.450831 -0.621489 -0.954642 0.22736 0.192265 -0.237269 0.272564 0.407336 0.871657 0.402772 0.31622 -0.384863 0.867113 0.400795 -0.930002 -0.306262 0.203222 -0.504304 0.187351 -0.87068 -0.45477 0.485867 
1533641262245 0.11953 0.88448 -0.451007 -0.621424 -0.95468 0.22711 0.192374 -0.237405 0.27258 0.407573 0.871541 0.402793 0.31622 -0.384863 0.867113 0.400795 -0.930002 -0.306262 0.203222 -0.504304 0.187351 -0.87068 -0.45477 0.485867 
1533641262262 0.119196 0.884435 -0.451184 -0.62136 -0.954717 0.226861 0.192483 -0.237543 0.272594 0.40781 0.871426 0.402812 0.31622 -0.384863 0.867113 0.400795 -0.930002 -0.306262 0.203222 -0.504304 0.187351 -0.87068 -0.45477 0.485867 
1533641262383 0.118862 0.88439 -0.45136 -0.621297 -0.954754 0.226611 0.192592 -0.237683 0.272609 0.408046 0.871311 0.402832 0.31622 -0.384863 0.867113 0.400795 -0.930002 -0.306262 0.203222 -0.504304 0.187351 -0.87068 -0.45477 0.485867 
1533641262411 0.118528 0.884345 -0.451535 -0.621235 -0.954792 0.226361 0.192701 -0.237822 0.272624 0.408282 0.871196 0.402851 0.31622 -0.384863 0.867113 0.400795 -0.930002 -0.306262 0.203222 -0.504304 0.187351 -0.87068 -0.45477 0.485867 
1533641262480 0.118194 0.8843 -0.451711 -0.621173 -0.954829 0.22611 0.19281 -0.237962 0.272639 0.408518 0.87108 0.402871 0.31622 -0.384863 0.867113 0.400795 -0.930002 -0.306262 0.203222 -0.504304 0.187351 -0.87068 -0.45477 0.485867 
1533641262533 0.11786 0.884255 -0.451887 -0.62111 -0.954866 0.225861 0.192919 -0.2381 0.272653 0.408754 0.870965 0.40289 0.31622 -0.384863 0.867113 0.400795 -0.930002 -0.306262 0.203222 -0.504304 0.187351 -0.87068 -0.45477 0.485867 
1533641262592 0.117526 0.88421 -0.452063 -0.621048 -0.954903 0.225611 0.193029 -0.23824 0.272668 0.40899 0.87085 0.402909 0.31622 -0.384863 0.867113 0.400795 -0.930002 -0.306262 0.203222 -0.504304 0.187351 -0.87068 -0.45477 0.485867 
1533641262641 0.117192 0.884164 -0.452238 -0.620985 -0.95494 0.225361 0.193138 -0.238378 0.272682 0.409226 0.870734 0.402929 0.31622 -0.384863 0.867113 0.400795 -0.930002 -0.306262 0.203222 -0.504304 0.187351 -0.87068 -0.45477 0.485867 
1533641262685 0.116858 0.884119 -0.452414 -0.620922 -0.954977 0.225111 0.193247 -0.238517 0.272697 0.409462 0.870619 0.402949 0.31622 -0.384863 0.867113 0.400795 -0.930002 -0.306262 0.203222 -0.504304 0.187351 -0.87068 -0.45477 0.485867 
1533641262765 0.117435 0.88423 -0.452046 -0.621021 -0.954927 0.225507 0.193029 -0.238291 0.272622 0.409003 0.870858 0.402903 0.31622 -0.384863 0.867113 0.400795 -0.930002 -0.306262 0.203222 -0.504304 0.187351 -0.87068 -0.45477 0.485867 
1533641262776 0.117002 0.884197 -0.452223 -0.620955 -0.954973 0.225176 0.193193 -0.238452 0.27265 0.409257 0.87073 0.402914 0.31622 -0.384863 0.867113 0.400795 -0.930002 -0.306262 0.203222 -0.504304 0.187351 -0.87068 -0.45477 0.485867 
1533641262793 0.116557 0.884164 -0.452403 -0.620891 -0.955019 0.224834 0.193358 -0.23862 0.272676 0.409516 0.8706 0.402922 0.31622 -0.384863 0.867113 0.400795 -0.930002 -0.306262 0.203222 -0.504304 0.187351 -0.87068 -0.45477 0.485867 
1533641262809 0.116112 0.88413 -0.452583 -0.620828 -0.955066 0.224493 0.193524 -0.238787 0.272702 0.409776 0.870469 0.40293 0.31622 -0.384863 0.867113 0.400795 -0.930002 -0.306262 0.203222 -0.504304 0.187351 -0.87068 -0.45477 0.485867 
1533641262943 0.115667 0.884097 -0.452763 -0.620765 -0.955113 0.224151 0.19369 -0.238954 0.272728 0.410036 0.870339 0.402938 0.31622 -0.384863 0.867113 0.400795 -0.930002 -0.306262 0.203222 -0.504304 0.187351 -0.87068 -0.45477 0.485867 
1533641262994 0.115223 0.884063 -0.452943 -0.620703 -0.955159 0.223809 0.193856 -0.239121 0.272754 0.410296 0.870208 0.402946 0.31622 -0.384863 0.867113 0.400795 -0.930002 -0.306262 0.203222 -0.504304 0.187351 -0.87068 -0.45477 0.485867 
1533641263080 0.114778 0.884028 -0.453122 -0.620641 -0.955205 0.223468 0.194022 -0.239289 0.272779 0.410556 0.870078 0.402954 0.31622 -0.384863 0.867113 0.400795 -0.930002 -0.306262 0.203222 -0.504304 0.187351 -0.87068 -0.45477 0.485867 
1533641263134 0.114333 0.883994 -0.453302 -0.620577 -0.955252 0.223126 0.194188 -0.239456 0.272805 0.410816 0.869947 0.402962 0.31622 -0.384863 0.867113 0.400795 -0.930002 -0.306262 0.203222 -0.504304 0.187351 -0.87068 -0.45477 0.485867 
1533641263222 0.113888 0.883959 -0.453482 -0.620513 -0.955297 0.222785 0.194354 -0.239622 0.27283 0.411075 0.869817 0.402971 0.31622 -0.384863 0.867113 0.400795 -0.930002 -0.306262 0.203222 -0.504304 0.187351 -0.87068 -0.45477 0.485867 
1533641263267 0.113443 0.883924 -0.453661 -0.620452 -0.955343 0.222443 0.19452 -0.23979 0.272855 0.411335 0.869686 0.402979 0.31622 -0.384863 0.867113 0.400795 -0.930002 -0.306262 0.203222 -0.504304 0.187351 -0.87068 -0.45477 0.485867 
1533641263371 0.113878 0.884025 -0.453355 -0.620527 -0.955274 0.222785 0.194468 -0.23951 0.272916 0.410933 0.869857 0.403054 0.31622 -0.384863 0.867113 0.400795 -0.930002 -0.306262 0.203222 -0.504304 0.187351 -0.87068 -0.45477 0.485867 
1533641263385 0.113762 0.883943 -0.453545 -0.620453 -0.955271 0.222751 0.194524 -0.23962 0.272976 0.411129 0.869745 0.403032 0.31622 -0.384863 0.867113 0.400795 -0.930002 -0.306262 0.203222 -0.504304 0.187351 -0.87068 -0.45477 0.485867 
1533641263401 0.113645 0.88386 -0.453736 -0.620373 -0.955268 0.222716 0.19458 -0.23973 0.273036 0.411326 0.869633 0.40301 0.31622 -0.384863 0.867113 0.400795 -0.930002 -0.306262 0.203222 -0.504304 0.187351 -0.87068 -0.45477 0.485867 
1533641263418 0.113529 0.883777 -0.453927 -0.620293 -0.955264 0.222681 0.194636 -0.239839 0.273095 0.411523 0.869521 0.402987 0.31622 -0.384863 0.867113 0.400795 -0.930002 -0.306262 0.203222 -0.504304 0.187351 -0.87068 -0.45477 0.485867 
1533641263435 0.113413 0.883694 -0.454118 -0.620213 -0.955261 0.222647 0.194691 -0.239948 0.273155 0.41172 0.869409 0.402965 0.31622 -0.384863 0.867113 0.400795 -0.930002 -0.306262 0.203222 -0.504304 0.187351 -0.87068 -0.45477 0.485867 
1533641263451 0.113297 0.883611 -0.454308 -0.620135 -0.955258 0.222612 0.194746 -0.240057 0.273214 0.411917 0.869297 0.402943 0.31622 -0.384863 0.867113 0.400795 -0.930002 -0.306262 0.203222 -0.504304 0.187351 -0.87068 -0.45477 0.485867 
1533641263535 0.11318 0.883527 -0.454499 -0.620055 -0.955255 0.222577 0.194802 -0.240165 0.273274 0.412115 0.869185 0.402921 0.31622 -0.384863 0.867113 0.400795 -0.930002 -0.306262 0.203222 -0.504304 0.187351 -0.87068 -0.45477 0.485867 
1533641263565 0.113064 0.883444 -0.45469 -0.619976 -0.955251 0.222543 0.194857 -0.240275 0.273333 0.412312 0.869073 0.402899 0.31622 -0.384863 0.867113 0.400795 -0.930002 -0.306262 0.203222 -0.504304 0.187351 -0.87068 -0.45477 0.485867 
1533641263595 0.112948 0.883361 -0.45488 -0.619895 -0.955248 0.222508 0.194912 -0.240383 0.273393 0.412509 0.868961 0.402877 0.31622 -0.384863 0.867113 0.400795 -0.930002 -0.306262 0.203222 -0.504304 0.187351 -0.87068 -0.45477 0.485867 
1533641263631 0.112832 0.883278 -0.455071 -0.619816 -0.955245 0.222474 0.194968 -0.240492 0.273452 0.412706 0.868849 0.402855 0.31622 -0.384863 0.867113 0.400795 -0.930002 -0.306262 0.203222 -0.504304 0.187351 -0.87068 -0.45477 0.485867 
1533641263682 0.113013 0.883553 -0.45449 -0.620022 -0.955268 0.222438 0.194895 -0.240124 0.273296 0.412135 0.869169 0.402913 0.31622 -0.384863 0.867113 0.400795 -0.930002 -0.306262 0.203222 -0.504304 0.187351 -0.87068 -0.45477 0.485867 
1533641263696 0.11294 0.883529 -0.454556 -0.619879 -0.955249 0.22243 0.194997 -0.240214 0.273392 0.412191 0.869112 0.402881 0.31622 -0.384863 0.867113 0.400795 -0.930002 -0.306262 0.203222 -0.504304 0.187351 -0.87068 -0.45477 0.485867 
1533641263712 0.112868 0.883504 -0.454622 -0.619731 -0.95523 0.222423 0.195098 -0.240301 0.273489 0.412248 0.869054 0.402849 0.31622 -0.384863 0.867113 0.400795 -0.930002 -0.306262 0.203222 -0.504304 0.187351 -0.87068 -0.45477 0.485867 
1533641263729 0.112797 0.883479 -0.454688 -0.619582 -0.955211 0.222416 0.1952 -0.240387 0.273585 0.412305 0.868997 0.402818 0.31622 -0.384863 0.867113 0.400795 -0.930002 -0.306262 0.203222 -0.504304 0.187351 -0.87068 -0.45477 0.485867 
1533641263745 0.112725 0.883455 -0.454754 -0.619435 -0.955192 0.222409 0.195301 -0.240474 0.273681 0.412362 0.86894 0.402786 0.31622 -0.384863 0.867113 0.400795 -0.930002 -0.306262 0.203222 -0.504304 0.187351 -0.87068 -0.45477 0.485867 
1533641263798 0.112653 0.88343 -0.454819 -0.619286 -0.955173 0.222402 0.195402 -0.240561 0.273777 0.412419 0.868883 0.402755 0.31622 -0.384863 0.867113 0.400795 -0.930002 -0.306262 0.203222 -0.504304 0.187351 -0.87068 -0.45477 0.485867 
1533641263890 0.112582 0.883405 -0.454885 -0.619137 -0.955154 0.222395 0.195503 -0.240647 0.273873 0.412475 0.868825 0.402724 0.31622 -0.384863 0.867113 0.400795 -0.930002 -0.306262 0.203222 -0.504304 0.187351 -0.87068 -0.45477 0.485867 
1533641263919 0.11251 0.88338 -0.454951 -0.61899 -0.955135 0.222388 0.195605 -0.240734 0.273969 0.412532 0.868768 0.402692 0.31622 -0.384863 0.867113 0.400795 -0.930002 -0.306262 0.203222 -0.504304 0.187351 -0.87068 -0.45477 0.485867 
1533641263925 0.112438 0.883356 -0.455017 -0.618843 -0.955116 0.222381 0.195706 -0.240821 0.274065 0.412589 0.868711 0.402661 0.31622 -0.384863 0.867113 0.400795 -0.930002 -0.306262 0.203222 -0.504304 0.187351 -0.87068 -0.45477 0.485867 
1533641264010 0.112367 0.883331 -0.455083 -0.618693 -0.955097 0.222374 0.195807 -0.240907 0.274161 0.412646 0.868654 0.402629 0.31622 -0.384863 0.867113 0.400795 -0.930002 -0.306262 0.203222 -0.504304 0.187351 -0.87068 -0.45477 0.485867 
1533641264053 0.112986 0.883365 -0.454864 -0.619007 -0.955087 0.222774 0.195397 -0.240889 0.273939 0.412357 0.868861 0.40277 0.31622 -0.384863 0.867113 0.400795 -0.930002 -0.306262 0.203222 -0.504304 0.187351 -0.87068 -0.45477 0.485867 
1533641264066 0.112719 0.883382 -0.454896 -0.618827 -0.955099 0.222576 0.195564 -0.240932 0.274006 0.412427 0.868806 0.402752 0.31622 -0.384863 0.867113 0.400795 -0.930002 -0.306262 0.203222 -0.504304 0.187351 -0.87068 -0.45477 0.485867 
1533641264082 0.112454 0.883399 -0.454929 -0.618641 -0.955112 0.222378 0.195728 -0.240972 0.274072 0.412498 0.868752 0.402734 0.31622 -0.384863 0.867113 0.400795 -0.930002 -0.306262 0.203222 -0.504304 0.187351 -0.87068 -0.45477 0.485867 
1533641264101 0.112188 0.883415 -0.454963 -0.618456 -0.955124 0.22218 0.195892 -0.241012 0.274138 0.412569 0.868697 0.402716 0.31622 -0.384863 0.867113 0.400795 -0.930002 -0.306262 0.203222 -0.504304 0.187351 -0.87068 -0.45477 0.485867 
1533641264116 0.111923 0.883432 -0.454996 -0.61827 -0.955136 0.221982 0.196056 -0.241052 0.274204 0.41264 0.868643 0.402699 0.31622 -0.384863 0.867113 0.400795 -0.930002 -0.306262 0.203222 -0.504304 0.187351 -0.87068 -0.45477 0.485867 
1533641264222 0.111657 0.883448 -0.45503 -0.618085 -0.955149 0.221785 0.196221 -0.241092 0.274269 0.412711 0.868588 0.402682 0.31622 -0.384863 0.867113 0.400795 -0.930002 -0.306262 0.203222 -0.504304 0.187351 -0.87068 -0.45477 0.485867 
1533641264256 0.111391 0.883465 -0.455063 -0.6179 -0.955161 0.221587 0.196385 -0.241133 0.274335 0.412782 0.868534 0.402664 0.31622 -0.384863 0.867113 0.400795 -0.930002 -0.306262 0.203222 -0.504304 0.187351 -0.87068 -0.45477 0.485867 
1533641264310 0.111126 0.883481 -0.455096 -0.617714 -0.955173 0.221389 0.196549 -0.241172 0.274401 0.412854 0.868479 0.402647 0.31622 -0.384863 0.867113 0.400795 -0.930002 -0.306262 0.203222 -0.504304 0.187351 -0.87068 -0.45477 0.485867 
1533641264371 0.11086 0.883497 -0.455129 -0.617529 -0.955185 0.221191 0.196714 -0.241212 0.274467 0.412925 0.868425 0.402629 0.31622 -0.384863 0.867113 0.400795 -0.930002 -0.306262 0.203222 -0.504304 0.187351 -0.87068 -0.45477 0.485867 
1533641264412 0.110595 0.883513 -0.455162 -0.617343 -0.955197 0.220994 0.196878 -0.241252 0.274532 0.412996 0.86837 0.402612 0.31622 -0.384863 0.867113 0.400795 -0.930002 -0.306262 0.203222 -0.504304 0.187351 -0.87068 -0.45477 0.485867 
1533641264473 0.111151 0.883512 -0.45503 -0.617667 -0.955194 0.221361 0.196479 -0.241212 0.274317 0.412803 0.868529 0.402698 0.31622 -0.384863 0.867113 0.400795 -0.930002 -0.306262 0.203222 -0.504304 0.187351 -0.87068 -0.45477 0.485867 
1533641264486 0.110858 0.88354 -0.455046 -0.617499 -0.955198 0.221152 0.196694 -0.241246 0.274421 0.412854 0.868472 0.40269 0.31622 -0.384863 0.867113 0.400795 -0.930002 -0.306262 0.203222 -0.504304 0.187351 -0.87068 -0.45477 0.485867 
1533641264502 0.110567 0.883568 -0.455062 -0.617326 -0.955202 0.220944 0.196908 -0.241278 0.274525 0.412905 0.868415 0.402683 0.31622 -0.384863 0.867113 0.400795 -0.930002 -0.306262 0.203222 -0.504304 0.187351 -0.87068 -0.45477 0.485867 
1533641264519 0.110275 0.883597 -0.455078 -0.617154 -0.955206 0.220736 0.197123 -0.24131 0.274629 0.412956 0.868358 0.402676 0.31622 -0.384863 0.867113 0.400795 -0.930002 -0.306262 0.203222 -0.504304 0.187351 -0.87068 -0.45477 0.485867 
1533641264535 0.109983 0.883625 -0.455094 -0.616981 -0.95521 0.220528 0.197337 -0.241342 0.274733 0.413007 0.868301 0.402669 0.31622 -0.384863 0.867113 0.400795 -0.930002 -0.306262 0.203222 -0.504304 0.187351 -0.87068 -0.45477 0.485867 
1533641264581 0.109692 0.883653 -0.45511 -0.61681 -0.955213 0.22032 0.197552 -0.241375 0.274837 0.413057 0.868244 0.402662 0.31622 -0.384863 0.867113 0.400795 -0.930002 -0.306262 0.203222 -0.504304 0.187351 -0.87068 -0.45477 0.485867 
1533641264657 0.1094 0.883681 -0.455126 -0.616637 -0.955217 0.220112 0.197766 -0.241406 0.274941 0.413109 0.868187 0.402655 0.31622 -0.384863 0.867113 0.400795 -0.930002 -0.306262 0.203222 -0.504304 0.187351 -0.87068 -0.45477 0.485867 
1533641264688 0.109108 0.883709 -0.455142 -0.616465 -0.95522 0.219904 0.19798 -0.241439 0.275045 0.413159 0.86813 0.402648 0.31622 -0.384863 0.867113 0.400795 -0.930002 -0.306262 0.203222 -0.504304 0.187351 -0.87068 -0.45477 0.485867 
1533641264731 0.108817 0.883737 -0.455158 -0.616292 -0.955224 0.219697 0.198195 -0.24147 0.275148 0.413211 0.868073 0.402641 0.31622 -0.384863 0.867113 0.400795 -0.930002 -0.306262 0.203222 -0.504304 0.187351 -0.87068 -0.45477 0.485867 
1533641264788 0.108525 0.883764 -0.455173 -0.61612 -0.955227 0.219489 0.198409 -0.241502 0.275252 0.413261 0.868016 0.402634 0.31622 -0.384863 0.867113 0.400795 -0.930002 -0.306262 0.203222 -0.504304 0.187351 -0.87068 -0.45477 0.485867 
1533641264840 0.109083 0.883717 -0.455131 -0.616474 -0.955259 0.219826 0.197882 -0.241405 0.274922 0.413183 0.868158 0.402679 0.31622 -0.384863 0.867113 0.400795 -0.930002 -0.306262 0.203222 -0.504304 0.187351 -0.87068 -0.45477 0.485867 
1533641264851 0.108837 0.883748 -0.455131 -0.616327 -0.95526 0.219651 0.198072 -0.241439 0.275016 0.413211 0.868115 0.402674 0.31622 -0.384863 0.867113 0.400795 -0.930002 -0.306262 0.203222 -0.504304 0.187351 -0.87068 -0.45477 0.485867 
1533641264868 0.108591 0.883778 -0.455132 -0.616175 -0.955261 0.219476 0.198261 -0.24147 0.275109 0.41324 0.868071 0.40267 0.31622 -0.384863 0.867113 0.400795 -0.930002 -0.306262 0.203222 -0.504304 0.187351 -0.87068 -0.45477 0.485867 
1533641264884 0.108346 0.883807 -0.455133 -0.616024 -0.955262 0.219301 0.19845 -0.241501 0.275202 0.41327 0.868028 0.402666 0.31622 -0.384863 0.867113 0.400795 -0.930002 -0.306262 0.203222 -0.504304 0.187351 -0.87068 -0.45477 0.485867 
1533641264901 0.108101 0.883837 -0.455134 -0.615872 -0.955263 0.219126 0.198638 -0.241532 0.275295 0.413299 0.867984 0.402662 0.31622 -0.384863 0.867113 0.400795 -0.930002 -0.306262 0.203222 -0.504304 0.187351 -0.87068 -0.45477 0.485867 
1533641264918 0.107856 0.883866 -0.455134 -0.61572 -0.955263 0.218951 0.198827 -0.241563 0.275389 0.413329 0.86794 0.402658 0.31622 -0.384863 0.867113 0.400795 -0.930002 -0.306262 0.203222 -0.504304 0.187351 -0.87068 -0.45477 0.485867 
1533641265028 0.10761 0.883896 -0.455135 -0.615569 -0.955264 0.218776 0.199016 -0.241595 0.275482 0.413358 0.867897 0.402653 0.31622 -0.384863 0.867113 0.400795 -0.930002 -0.306262 0.203222 -0.504304 0.187351 -0.87068 -0.45477 0.485867 
1533641265067 0.107365 0.883926 -0.455136 -0.615417 -0.955265 0.218601 0.199204 -0.241625 0.275575 0.413387 0.867853 0.402649 0.31622 -0.384863 0.867113 0.400795 -0.930002 -0.306262 0.203222 -0.504304 0.187351 -0.87068 -0.45477 0.485867 
1533641265101 0.10712 0.883955 -0.455136 -0.615266 -0.955266 0.218426 0.199393 -0.241657 0.275668 0.413417 0.86781 0.402645 0.31622 -0.384863 0.867113 0.400795 -0.930002 -0.306262 0.203222 -0.504304 0.187351 -0.87068 -0.45477 0.485867 
1533641265146 0.106874 0.883985 -0.455136 -0.615115 -0.955266 0.218251 0.199582 -0.241688 0.275762 0.413446 0.867766 0.402641 0.31622 -0.384863 0.867113 0.400795 -0.930002 -0.306262 0.203222 -0.504304 0.187351 -0.87068 -0.45477 0.485867 
1533641265205 0.107579 0.883917 -0.455102 -0.615443 -0.955298 0.218696 0.198942 -0.241684 0.275377 0.413356 0.867931 0.402634 0.31622 -0.384863 0.867113 0.400795 -0.930002 -0.306262 0.203222 -0.504304 0.187351 -0.87068 -0.45477 0.485867 
1533641265216 0.107328 0.883953 -0.455091 -0.615305 -0.9553 0.218512 0.199134 -0.241704 0.275468 0.413376 0.867893 0.402634 0.31622 -0.384863 0.867113 0.400795 -0.930002 -0.306262 0.203222 -0.504304 0.187351 -0.87068 -0.45477 0.485867 
1533641265223 0.107102 0.883983 -0.455086 -0.615177 -0.955301 0.218349 0.199306 -0.241724 0.275551 0.413398 0.867856 0.402634 0.31622 -0.384863 0.867113 0.400795 -0.930002 -0.306262 0.203222 -0.504304 0.187351 -0.87068 -0.45477 0.485867 
1533641265236 0.106877 0.884013 -0.45508 -0.615049 -0.955303 0.218185 0.199478 -0.241743 0.275633 0.41342 0.867819 0.402634 0.31622 -0.384863 0.867113 0.400795 -0.930002 -0.306262 0.203222 -0.504304 0.187351 -0.87068 -0.45477 0.485867 
1533641265253 0.106651 0.884043 -0.455075 -0.61492 -0.955304 0.218021 0.199651 -0.241762 0.275716 0.413442 0.867782 0.402634 0.31622 -0.384863 0.867113 0.400795 -0.930002 -0.306262 0.203222 -0.504304 0.187351 -0.87068 -0.45477 0.485867 
1533641265270 0.106425 0.884073 -0.45507 -0.614793 -0.955306 0.217858 0.199823 -0.241782 0.275798 0.413464 0.867746 0.402634 0.31622 -0.384863 0.867113 0.400795 -0.930002 -0.306262 0.203222 -0.504304 0.187351 -0.87068 -0.45477 0.485867 
1533641265286 0.1062 0.884103 -0.455064 -0.614664 -0.955307 0.217694 0.199995 -0.2418 0.275881 0.413487 0.867709 0.402634 0.31622 -0.384863 0.867113 0.400795 -0.930002 -0.306262 0.203222 -0.504304 0.187351 -0.87068 -0.45477 0.485867 
1533641265397 0.105974 0.884133 -0.455059 -0.614536 -0.955308 0.217531 0.200167 -0.24182 0.275964 0.413509 0.867672 0.402633 0.31622 -0.384863 0.867113 0.400795 -0.930002 -0.306262 0.203222 -0.504304 0.187351 -0.87068 -0.45477 0.485867 
1533641265419 0.105749 0.884163 -0.455054 -0.614407 -0.955309 0.217367 0.200339 -0.241838 0.276046 0.413531 0.867635 0.402633 0.31622 -0.384863 0.867113 0.400795 -0.930002 -0.306262 0.203222 -0.504304 0.187351 -0.87068 -0.45477 0.485867 
1533641265443 0.105523 0.884192 -0.455048 -0.61428 -0.95531 0.217204 0.200511 -0.241858 0.276129 0.413553 0.867598 0.402633 0.31622 -0.384863 0.867113 0.400795 -0.930002 -0.306262 0.203222 -0.504304 0.187351 -0.87068 -0.45477 0.485867 
1533641265495 0.106001 0.884114 -0.455089 -0.61464 -0.955319 0.21754 0.200104 -0.241737 0.275915 0.413544 0.867671 0.402597 0.31622 -0.384863 0.867113 0.400795 -0.930002 -0.306262 0.203222 -0.504304 0.187351 -0.87068 -0.45477 0.485867 
1533641265507 0.10582 0.88414 -0.455082 -0.614528 -0.955319 0.217409 0.200246 -0.241765 0.275984 0.413558 0.867642 0.402601 0.31622 -0.384863 0.867113 0.400795 -0.930002 -0.306262 0.203222 -0.504304 0.187351 -0.87068 -0.45477 0.485867 
1533641265524 0.105639 0.884165 -0.455075 -0.61441 -0.955319 0.217279 0.200388 -0.241792 0.276054 0.413573 0.867613 0.402606 0.31622 -0.384863 0.867113 0.400795 -0.930002 -0.306262 0.203222 -0.504304 0.187351 -0.87068 -0.45477 0.485867 
1533641265541 0.105458 0.88419 -0.455068 -0.614292 -0.955319 0.217149 0.20053 -0.241819 0.276124 0.413587 0.867584 0.402611 0.31622 -0.384863 0.867113 0.400795 -0.930002 -0.306262 0.203222 -0.504304 0.187351 -0.87068 -0.45477 0.485867 
1533641265557 0.105277 0.884215 -0.455061 -0.614174 -0.955319 0.217018 0.200671 -0.241845 0.276193 0.413602 0.867554 0.402616 0.31622 -0.384863 0.867113 0.400795 -0.930002 -0.306262 0.203222 -0.504304 0.187351 -0.87068 -0.45477 0.485867 
1533641265574 0.105097 0.88424 -0.455054 -0.614056 -0.955319 0.216888 0.200813 -0.241871 0.276263 0.413617 0.867525 0.402621 0.31622 -0.384863 0.867113 0.400795 -0.930002 -0.306262 0.203222 -0.504304 0.187351 -0.87068 -0.45477 0.485867 
1533641265591 0.104916 0.884265 -0.455047 -0.613939 -0.955318 0.216758 0.200955 -0.241898 0.276332 0.413631 0.867496 0.402626 0.31622 -0.384863 0.867113 0.400795 -0.930002 -0.306262 0.203222 -0.504304 0.187351 -0.87068 -0.45477 0.485867 
1533641265686 0.104735 0.88429 -0.45504 -0.61382 -0.955318 0.216628 0.201096 -0.241923 0.276402 0.413646 0.867467 0.402631 0.31622 -0.384863 0.867113 0.400795 -0.930002 -0.306262 0.203222 -0.504304 0.187351 -0.87068 -0.45477 0.485867 
1533641265731 0.104554 0.884315 -0.455033 -0.613703 -0.955318 0.216498 0.201238 -0.24195 0.276471 0.413661 0.867438 0.402636 0.31622 -0.384863 0.867113 0.400795 -0.930002 -0.306262 0.203222 -0.504304 0.187351 -0.87068 -0.45477 0.485867 
1533641265751 0.104373 0.88434 -0.455026 -0.613585 -0.955317 0.216368 0.201379 -0.241975 0.276541 0.413676 0.867409 0.402641 0.31622 -0.384863 0.867113 0.400795 -0.930002 -0.306262 0.203222 -0.504304 0.187351 -0.87068 -0.45477 0.485867 
1533641265790 0.104825 0.884321 -0.454959 -0.613917 -0.955302 0.216698 0.201097 -0.2418 0.276424 0.413543 0.867509 0.402642 0.31622 -0.384863 0.867113 0.400795 -0.930002 -0.306262 0.203222 -0.504304 0.187351 -0.87068 -0.45477 0.485867 
1533641265801 0.104664 0.884343 -0.454953 -0.613823 -0.955309 0.216571 0.2012 -0.24183 0.27646 0.413563 0.867488 0.402643 0.31622 -0.384863 0.867113 0.400795 -0.930002 -0.306262 0.203222 -0.504304 0.187351 -0.87068 -0.45477 0.485867 
1533641265818 0.104503 0.884362 -0.454953 -0.613719 -0.955315 0.216447 0.201306 -0.241862 0.2765 0.413587 0.867464 0.402642 0.31622 -0.384863 0.867113 0.400795 -0.930002 -0.306262 0.203222 -0.504304 0.187351 -0.87068 -0.45477 0.485867 
1533641265834 0.104342 0.884382 -0.454953 -0.613616 -0.955321 0.216323 0.201411 -0.241895 0.276541 0.41361 0.86744 0.402642 0.31622 -0.384863 0.867113 0.400795 -0.930002 -0.306262 0.203222 -0.504304 0.187351 -0.87068 -0.45477 0.485867 
1533641265851 0.10418 0.884401 -0.454952 -0.613511 -0.955327 0.216199 0.201517 -0.241927 0.276582 0.413633 0.867416 0.402642 0.31622 -0.384863 0.867113 0.400795 -0.930002 -0.306262 0.203222 -0.504304 0.187351 -0.87068 -0.45477 0.485867 
1533641265868 0.104019 0.884421 -0.454951 -0.613409 -0.955332 0.216075 0.201623 -0.24196 0.276623 0.413657 0.867392 0.402642 0.31622 -0.384863 0.867113 0.400795 -0.930002 -0.306262 0.203222 -0.504304 0.187351 -0.87068 -0.45477 0.485867 
1533641265884 0.103858 0.88444 -0.45495 -0.613304 -0.955338 0.215951 0.201728 -0.241991 0.276663 0.41368 0.867367 0.402642 0.31622 -0.384863 0.867113 0.400795 -0.930002 -0.306262 0.203222 -0.504304 0.187351 -0.87068 -0.45477 0.485867 
1533641265901 0.103696 0.884459 -0.454949 -0.613201 -0.955344 0.215827 0.201834 -0.242024 0.276704 0.413703 0.867343 0.402642 0.31622 -0.384863 0.867113 0.400795 -0.930002 -0.306262 0.203222 -0.504304 0.187351 -0.87068 -0.45477 0.485867 
1533641265908 0.103535 0.884479 -0.454948 -0.613096 -0.95535 0.215703 0.201939 -0.242055 0.276744 0.413727 0.867319 0.402642 0.31622 -0.384863 0.867113 0.400795 -0.930002 -0.306262 0.203222 -0.504304 0.187351 -0.87068 -0.45477 0.485867 
1533641265986 0.103374 0.884498 -0.454947 -0.612992 -0.955355 0.215578 0.202045 -0.242088 0.276785 0.41375 0.867295 0.402642 0.31622 -0.384863 0.867113 0.400795 -0.930002 -0.306262 0.203222 -0.504304 0.187351 -0.87068 -0.45477 0.485867 
1533641266024 0.103988 0.884407 -0.454984 -0.61334 -0.955352 0.21603 0.201576 -0.242015 0.276565 0.413709 0.867385 0.40261 0.31622 -0.384863 0.867113 0.400795 -0.930002 -0.306262 0.203222 -0.504304 0.187351 -0.87068 -0.45477 0.485867 
1533641266035 0.103846 0.884426 -0.454981 -0.613258 -0.95535 0.215931 0.201693 -0.242035 0.276627 0.413721 0.86736 0.402613 0.31622 -0.384863 0.867113 0.400795 -0.930002 -0.306262 0.203222 -0.504304 0.187351 -0.87068 -0.45477 0.485867 
1533641266052 0.103681 0.884448 -0.454974 -0.613163 -0.955351 0.215812 0.201819 -0.242057 0.276687 0.413735 0.867334 0.402618 0.31622 -0.384863 0.867113 0.400795 -0.930002 -0.306262 0.203222 -0.504304 0.187351 -0.87068 -0.45477 0.485867 
1533641266068 0.103517 0.884471 -0.454967 -0.613065 -0.955351 0.215692 0.201944 -0.242076 0.276747 0.413749 0.867308 0.402622 0.31622 -0.384863 0.867113 0.400795 -0.930002 -0.306262 0.203222 -0.504304 0.187351 -0.87068 -0.45477 0.485867 
1533641266085 0.103353 0.884494 -0.45496 -0.612969 -0.955351 0.215572 0.20207 -0.242097 0.276806 0.413762 0.867283 0.402626 0.31622 -0.384863 0.867113 0.400795 -0.930002 -0.306262 0.203222 -0.504304 0.187351 -0.87068 -0.45477 0.485867 
1533641266102 0.103188 0.884517 -0.454953 -0.612872 -0.955352 0.215452 0.202196 -0.242117 0.276866 0.413776 0.867257 0.402631 0.31622 -0.384863 0.867113 0.400795 -0.930002 -0.306262 0.203222 -0.504304 0.187351 -0.87068 -0.45477 0.485867 
1533641266118 0.103024 0.884539 -0.454946 -0.612775 -0.955352 0.215332 0.202321 -0.242137 0.276926 0.41379 0.867231 0.402636 0.31622 -0.384863 0.867113 0.400795 -0.930002 -0.306262 0.203222 -0.504304 0.187351 -0.87068 -0.45477 0.485867 
1533641266135 0.10286 0.884562 -0.454939 -0.612679 -0.955353 0.215212 0.202447 -0.242157 0.276986 0.413804 0.867206 0.40264 0.31622 -0.384863 0.867113 0.400795 -0.930002 -0.306262 0.203222 -0.504304 0.187351 -0.87068 -0.45477 0.485867 
