0.275657 -0.8825 0.381061 -0.604483 0.633204 0.464965 0.618757 -0.181741 -0.723233 0.0707247 0.686973 0.426588 -0.0165079 -0.99485 -0.100009 0.386674 -0.154181 0.101359 -0.98283 -0.491345 0.987905 -0.00080488 -0.15506 0.441201 
0.253065 -0.943704 0.213027 0.420533 -0.141007 -0.253823 -0.956917 -0.351917 0.957118 0.212124 -0.197303 0.789374 -0.0164231 -0.99483 -0.10022 0.386677 -0.154228 0.101555 -0.982802 -0.491347 0.987899 -0.000683953 -0.155098 0.441203 
0.190657 -0.949375 0.249676 0.341173 0.0933737 -0.23565 -0.967342 -0.403022 0.977206 0.207743 0.0437185 0.723742 -0.0163383 -0.99481 -0.100431 0.38668 -0.154275 0.10175 -0.982775 -0.491349 0.987893 -0.000562877 -0.155136 0.441204 
0.14121 -0.953321 0.266904 0.231558 0.356227 -0.202616 -0.912167 -0.220296 0.923668 0.223886 0.310987 0.895308 -0.0162535 -0.99479 -0.100642 0.386683 -0.154322 0.101945 -0.982747 -0.491351 0.987887 -0.000441786 -0.155175 0.441206 
0.168068 -0.903703 0.393794 -0.254125 0.665572 -0.190648 -0.721572 -0.000121093 0.727163 0.383372 0.569438 1.04446 -0.0161687 -0.99477 -0.100853 0.386686 -0.154368 0.102141 -0.98272 -0.491353 0.987881 -0.00032069 -0.155213 0.441208 
0.0438059 -0.954355 0.295446 -0.380149 0.827968 -0.130809 -0.545305 -0.374229 0.559061 0.268508 0.784445 0.90383 -0.0160839 -0.99475 -0.101064 0.386689 -0.154415 0.102336 -0.982692 -0.491355 0.987875 -0.000199603 -0.155251 0.44121 
-0.0317052 -0.968313 0.247718 -0.408992 0.931084 -0.118731 -0.344944 -0.433466 0.363426 0.219709 0.905345 0.802256 -0.0159992 -0.99473 -0.101275 0.386693 -0.154462 0.102531 -0.982664 -0.491356 0.987869 -7.86237e-05 -0.155289 0.441211 
-0.0851518 -0.969094 0.231531 -0.487389 0.988571 -0.111186 -0.101805 -0.380521 0.124401 0.220216 0.967486 0.700681 -0.0159152 -0.99471 -0.101486 0.386696 -0.154509 0.102727 -0.982636 -0.491355 0.987863 4.16332e-05 -0.155326 0.441212 
-0.128794 -0.969831 0.206976 -0.540539 0.986247 -0.103467 0.128886 -0.317685 -0.103583 0.220729 0.969819 0.59569 -0.0158349 -0.99469 -0.101695 0.3867 -0.15455 0.102921 -0.98261 -0.491339 0.987858 0.000157555 -0.155359 0.441199 
-0.151757 -0.97411 0.16757 -0.566309 0.937091 -0.087873 0.337844 -0.246562 -0.314372 0.208299 0.926165 0.504807 -0.0157734 -0.994673 -0.101866 0.386706 -0.154564 0.10308 -0.982591 -0.49126 0.987857 0.000246086 -0.155367 0.441103 
-0.151757 -0.97411 0.16757 -0.566309 0.937091 -0.087873 0.337844 -0.246562 -0.314372 0.208299 0.926165 0.504807 -0.0158426 -0.994655 -0.102028 0.386668 -0.154634 0.10325 -0.982562 -0.49127 0.987845 0.000210582 -0.155443 0.441061 
0.349419 -0.918565 0.184781 0.0796354 -0.0891712 -0.228918 -0.969353 -0.615616 0.932714 0.322233 -0.161898 0.808256 -0.0158239 -0.994655 -0.102038 0.386674 -0.154638 0.103257 -0.98256 -0.491287 0.987845 0.000230956 -0.155445 0.441081 
0.29836 -0.919951 0.254306 0.102747 0.105778 -0.232929 -0.966724 -0.703587 0.948574 0.315332 0.0278134 0.693081 -0.0158047 -0.994654 -0.10205 0.386679 -0.154641 0.103266 -0.982559 -0.491304 0.987844 0.00025192 -0.155446 0.441102 
0.224196 -0.925454 0.305403 0.00446323 0.346783 -0.217109 -0.912472 -0.729118 0.910757 0.310482 0.272257 0.655026 -0.0157855 -0.994653 -0.102061 0.386685 -0.154644 0.103274 -0.982558 -0.491321 0.987844 0.000272899 -0.155447 0.441122 
0.108098 -0.945763 0.306346 -0.0547268 0.570111 -0.193471 -0.798462 -0.715907 0.814425 0.260964 0.518276 0.684841 -0.0157663 -0.994652 -0.102073 0.386691 -0.154646 0.103283 -0.982556 -0.491337 0.987844 0.000293878 -0.155448 0.441143 
0.014708 -0.960456 0.278042 -0.183866 0.773258 -0.165369 -0.612148 -0.654558 0.633921 0.224001 0.740248 0.73526 -0.0157471 -0.994651 -0.102084 0.386696 -0.154649 0.103291 -0.982555 -0.491354 0.987844 0.000314849 -0.155449 0.441163 
-0.0490379 -0.966086 0.253523 -0.345264 0.917999 -0.143606 -0.369668 -0.547165 0.393538 0.214606 0.893908 0.726951 -0.015728 -0.99465 -0.102096 0.386702 -0.154652 0.103299 -0.982554 -0.49137 0.987844 0.000335766 -0.15545 0.441184 
-0.0967926 -0.966217 0.238863 -0.463301 0.98441 -0.128347 -0.120267 -0.435654 0.146861 0.223498 0.963577 0.651568 -0.0157091 -0.994649 -0.102107 0.386707 -0.154655 0.103308 -0.982552 -0.491385 0.987844 0.00035637 -0.155451 0.441204 
-0.13721 -0.967523 0.212305 -0.525996 0.986893 -0.115149 0.113057 -0.352162 -0.0849386 0.225035 0.970641 0.561023 -0.0156916 -0.994649 -0.102118 0.38671 -0.154656 0.103316 -0.982551 -0.491391 0.987844 0.000375308 -0.15545 0.44122 
-0.167061 -0.971751 0.166703 -0.552487 0.940193 -0.106106 0.323696 -0.297236 -0.296864 0.21081 0.93136 0.485386 -0.0156795 -0.994649 -0.102113 0.386701 -0.154646 0.103309 -0.982554 -0.491362 0.987845 0.000385446 -0.155439 0.441201 
-0.167061 -0.971751 0.166703 -0.552487 0.940193 -0.106106 0.323696 -0.297236 -0.296864 0.21081 0.93136 0.485386 -0.0156766 -0.99463 -0.102298 0.386755 -0.154676 0.103492 -0.98253 -0.491336 0.987841 0.000420331 -0.155468 0.441146 
0.333476 -0.920851 0.202056 0.149879 -0.0807832 -0.241447 -0.967046 -0.686104 0.939291 0.306164 -0.154906 0.717122 -0.0140032 -0.994778 -0.101093 0.386692 -0.15524 0.10204 -0.982593 -0.491456 0.987777 0.00193426 -0.155859 0.441401 
0.285369 -0.919913 0.268933 0.162916 0.10333 -0.249435 -0.962863 -0.734137 0.952831 0.30256 0.023874 0.633713 -0.0123289 -0.994922 -0.0998887 0.38663 -0.155803 0.100588 -0.982653 -0.491575 0.987711 0.00344799 -0.156252 0.441657 
0.208263 -0.927198 0.311338 0.0601141 0.340443 -0.229692 -0.911779 -0.742856 0.916911 0.295882 0.267821 0.617797 -0.0106537 -0.995062 -0.0986848 0.386566 -0.156364 0.0991342 -0.982712 -0.491695 0.987642 0.00496118 -0.156648 0.441913 
0.094487 -0.947368 0.305885 -0.0189931 0.572566 -0.199642 -0.79518 -0.720327 0.814396 0.250274 0.523567 0.666925 -0.00897791 -0.995197 -0.0974814 0.386503 -0.156922 0.0976797 -0.982769 -0.491814 0.98757 0.00647379 -0.157045 0.442168 
0.00586005 -0.960034 0.279822 -0.167131 0.776311 -0.172017 -0.606425 -0.650673 0.630323 0.220783 0.744277 0.714332 -0.00730154 -0.995328 -0.0962785 0.38644 -0.157478 0.0962242 -0.982823 -0.491932 0.987495 0.00798564 -0.157445 0.442424 
-0.0532049 -0.963001 0.264193 -0.332805 0.916444 -0.152168 -0.370102 -0.538286 0.39661 0.222427 0.890633 0.690653 -0.00562574 -0.995454 -0.0950759 0.386379 -0.158032 0.0947677 -0.982876 -0.492045 0.987418 0.00949562 -0.157847 0.442681 
-0.0997841 -0.963158 0.249738 -0.446253 0.982162 -0.135545 -0.130326 -0.431675 0.159375 0.232278 0.959503 0.613196 -0.00395671 -0.995576 -0.0938728 0.38633 -0.158583 0.0933103 -0.982927 -0.492133 0.987338 0.0109974 -0.15825 0.442939 
-0.139889 -0.965649 0.21898 -0.510244 0.98757 -0.120059 0.101446 -0.354667 -0.0716709 0.230449 0.970441 0.531561 -0.00232863 -0.995695 -0.0926614 0.386357 -0.15912 0.09185 -0.982977 -0.492113 0.987256 0.0124553 -0.158649 0.443181 
-0.171272 -0.970356 0.170514 -0.541385 0.943183 -0.111471 0.313017 -0.308601 -0.28473 0.214437 0.934315 0.464188 -0.000980969 -0.995819 -0.0913384 0.386768 -0.159591 0.0903237 -0.983042 -0.491686 0.987183 0.0136125 -0.159012 0.443239 
-0.171272 -0.970356 0.170514 -0.541385 0.943183 -0.111471 0.313017 -0.308601 -0.28473 0.214437 0.934315 0.464188 -0.00100251 -0.995805 -0.0914914 0.386775 -0.159744 0.090476 -0.983004 -0.491665 0.987158 0.0136297 -0.159165 0.443171 
0.324198 -0.92264 0.208882 0.182148 -0.0840904 -0.248041 -0.965093 -0.708597 0.942245 0.295316 -0.157999 0.674892 -0.000676725 -0.995839 -0.0911257 0.386752 -0.161313 0.090041 -0.982787 -0.491765 0.986903 0.0140347 -0.160703 0.443427 
0.277198 -0.921132 0.273271 0.188444 0.0966301 -0.256247 -0.961769 -0.739048 0.955941 0.293007 0.0179776 0.613676 -0.000349844 -0.995873 -0.0907598 0.386729 -0.162883 0.0896045 -0.982568 -0.491865 0.986645 0.0144395 -0.162242 0.443682 
0.190502 -0.931683 0.309314 0.0938118 0.34287 -0.232095 -0.91026 -0.735391 0.919864 0.279461 0.275232 0.616601 -2.23972e-05 -0.995906 -0.0903944 0.386705 -0.164452 0.0891673 -0.982347 -0.491964 0.986385 0.0148435 -0.163781 0.443938 
0.0796623 -0.949484 0.303536 -0.000919465 0.578262 -0.204012 -0.789931 -0.69863 0.811952 0.238451 0.532799 0.664289 0.000305604 -0.995939 -0.0900294 0.386682 -0.166021 0.0887295 -0.982122 -0.492063 0.986122 0.0152469 -0.165319 0.444193 
0.00136131 -0.95724 0.289293 -0.160146 0.778376 -0.180603 -0.60126 -0.613301 0.627797 0.225997 0.744846 0.687161 0.000634155 -0.995972 -0.0896648 0.386658 -0.167589 0.0882909 -0.981895 -0.492162 0.985857 0.0156495 -0.166858 0.444448 
-0.0526623 -0.95844 0.28039 -0.314943 0.911796 -0.160657 -0.377912 -0.505226 0.407253 0.235757 0.882363 0.644969 0.000963099 -0.996004 -0.0893007 0.386635 -0.169155 0.0878516 -0.981666 -0.492262 0.985589 0.0160511 -0.168395 0.4447 
-0.100092 -0.960336 0.260261 -0.421941 0.979528 -0.141025 -0.143656 -0.414685 0.174662 0.240554 0.954792 0.57433 0.00129087 -0.996037 -0.0889357 0.386613 -0.170715 0.0874108 -0.981436 -0.492358 0.98532 0.0164495 -0.169925 0.444931 
-0.140725 -0.964262 0.224488 -0.489812 0.988267 -0.123216 0.0902543 -0.348752 -0.0593682 0.234555 0.970288 0.505401 0.0016072 -0.99607 -0.0885543 0.386586 -0.172226 0.0869555 -0.981212 -0.492412 0.985056 0.0168284 -0.17141 0.445019 
-0.172532 -0.969521 0.173961 -0.526952 0.945869 -0.113786 0.303948 -0.309235 -0.274889 0.216985 0.936671 0.44612 0.0018751 -0.996129 -0.0878795 0.386487 -0.17343 0.086224 -0.981065 -0.492201 0.984844 0.0170805 -0.172597 0.444279 
-0.172532 -0.969521 0.173961 -0.526952 0.945869 -0.113786 0.303948 -0.309235 -0.274889 0.216985 0.936671 0.44612 0.00175687 -0.996129 -0.0878845 0.386458 -0.17347 0.0862486 -0.981055 -0.492205 0.984838 0.0169689 -0.172647 0.444286 
0.313193 -0.925425 0.213304 0.207247 -0.0971104 -0.254634 -0.962149 -0.714953 0.944711 0.280624 -0.169618 0.639483 0.00213659 -0.99646 -0.0840396 0.386654 -0.172871 0.0824065 -0.981491 -0.49238 0.984942 0.016625 -0.172083 0.444525 
0.268549 -0.922445 0.277446 0.198341 0.0987676 -0.26014 -0.960506 -0.726114 0.958189 0.285346 0.0212474 0.60323 0.00251458 -0.996776 -0.0801931 0.386851 -0.172271 0.0785626 -0.981912 -0.492555 0.985046 0.016284 -0.171518 0.444765 
0.169781 -0.935633 0.309459 0.119949 0.346517 -0.237287 -0.907536 -0.702247 0.922551 0.261315 0.283926 0.6142 0.0028903 -0.997077 -0.0763452 0.387047 -0.17167 0.0747174 -0.982317 -0.492729 0.98515 0.0159453 -0.170952 0.445004 
0.0768144 -0.946364 0.313838 0.00101253 0.580513 -0.213463 -0.785773 -0.638762 0.81062 0.242546 0.532979 0.641571 0.00326373 -0.997363 -0.0724958 0.387244 -0.171067 0.0708707 -0.982707 -0.492904 0.985254 0.0156089 -0.170384 0.445243 
0.010113 -0.95069 0.309979 -0.153704 0.771022 -0.189979 -0.60781 -0.549537 0.636728 0.245148 0.731081 0.635902 0.00363486 -0.997635 -0.0686452 0.38744 -0.170462 0.0670228 -0.983082 -0.493077 0.985358 0.0152748 -0.169815 0.445483 
-0.0471278 -0.954082 0.295814 -0.291508 0.904291 -0.166547 -0.393091 -0.464091 0.424308 0.248977 0.870617 0.594332 0.00400382 -0.997891 -0.0647935 0.387635 -0.169857 0.0631738 -0.983442 -0.493249 0.985461 0.0149432 -0.169246 0.445726 
-0.0982791 -0.958305 0.268315 -0.39562 0.976925 -0.144282 -0.157482 -0.394753 0.189629 0.246647 0.950372 0.539348 0.00437227 -0.998132 -0.060942 0.387825 -0.169258 0.0593246 -0.983785 -0.493419 0.985562 0.0146163 -0.168683 0.445995 
-0.140374 -0.963348 0.228595 -0.468599 0.988897 -0.125046 0.0802824 -0.340371 -0.0487549 0.237327 0.970206 0.483672 0.00475316 -0.998357 -0.0571105 0.388008 -0.168714 0.0554918 -0.984102 -0.493619 0.985654 0.014313 -0.168173 0.446439 
-0.172566 -0.969023 0.176679 -0.511123 0.94797 -0.114667 0.296992 -0.306012 -0.267533 0.218737 0.938392 0.431649 0.00519374 -0.998545 -0.0536731 0.38822 -0.168507 0.0520324 -0.984326 -0.494068 0.985687 0.0141566 -0.167991 0.447861 
-0.172566 -0.969023 0.176679 -0.511123 0.94797 -0.114667 0.296992 -0.306012 -0.267533 0.218737 0.938392 0.431649 0.00497237 -0.998545 -0.0537013 0.388123 -0.168565 0.0520965 -0.984313 -0.494109 0.985678 0.0139465 -0.16806 0.447867 
0.281815 -0.933552 0.221499 0.243218 -0.106039 -0.259746 -0.959837 -0.693544 0.953591 0.247009 -0.172193 0.607536 0.00503772 -0.998709 -0.0505508 0.388281 -0.165902 0.0490162 -0.984923 -0.494197 0.986129 0.0133482 -0.165441 0.447629 
0.253359 -0.924794 0.28384 0.2083 0.0990098 -0.267083 -0.958574 -0.67435 0.962292 0.270966 0.0238959 0.587983 0.00509505 -0.998863 -0.0473996 0.388439 -0.163237 0.0459337 -0.985517 -0.494284 0.986574 0.0127587 -0.162818 0.447391 
0.168335 -0.933491 0.316636 0.111734 0.346473 -0.244691 -0.905584 -0.624365 0.922833 0.262147 0.282239 0.593484 0.00514389 -0.999007 -0.0442475 0.388597 -0.160572 0.0428488 -0.986094 -0.49437 0.987011 0.0121773 -0.160192 0.447151 
0.0912852 -0.940408 0.327566 -0.0152501 0.573397 -0.219301 -0.789382 -0.556702 0.814176 0.259884 0.519208 0.599148 0.00518421 -0.999142 -0.0410946 0.388755 -0.157904 0.0397617 -0.986654 -0.494455 0.987441 0.011604 -0.157562 0.446911 
0.0220113 -0.946199 0.322836 -0.150229 0.761845 -0.193226 -0.618269 -0.489209 0.647386 0.25956 0.716603 0.587259 0.00521593 -0.999266 -0.037941 0.388911 -0.155235 0.0366724 -0.987197 -0.494539 0.987864 0.0110389 -0.15493 0.446672 
-0.0410492 -0.951685 0.304319 -0.273092 0.898708 -0.168265 -0.404983 -0.429405 0.436623 0.25687 0.862194 0.555843 0.00523908 -0.999381 -0.0347869 0.389065 -0.152567 0.0335813 -0.987722 -0.494617 0.988279 0.0104821 -0.152297 0.446439 
-0.0956968 -0.95715 0.273324 -0.374586 0.975083 -0.145347 -0.167591 -0.377461 0.200137 0.250475 0.94721 0.513694 0.00525599 -0.999486 -0.0316353 0.389216 -0.149915 0.0304906 -0.988229 -0.494686 0.988685 0.00993674 -0.149678 0.446264 
-0.139375 -0.962826 0.231391 -0.450648 0.989416 -0.125878 0.0721797 -0.332431 -0.0403696 0.239002 0.97018 0.467684 0.00528792 -0.999579 -0.0285273 0.389387 -0.147386 0.0274371 -0.988698 -0.494803 0.989065 0.00943269 -0.147179 0.446475 
-0.171845 -0.968803 0.178576 -0.500008 0.948507 -0.113753 0.295627 -0.300614 -0.266091 0.220183 0.938464 0.424534 0.0053996 -0.999642 -0.0262123 0.389793 -0.145639 0.025147 -0.989018 -0.495402 0.989323 0.00915782 -0.145451 0.44885 
-0.171845 -0.968803 0.178576 -0.500008 0.948507 -0.113753 0.295627 -0.300614 -0.266091 0.220183 0.938464 0.424534 0.00523332 -0.999647 -0.026047 0.389718 -0.145629 0.0250078 -0.989023 -0.495461 0.989325 0.00896906 -0.145446 0.448894 
0.257933 -0.937882 0.232054 0.246233 -0.100678 -0.264964 -0.958988 -0.607996 0.960903 0.223991 -0.162767 0.589473 0.00471764 -0.999574 -0.0288036 0.389711 -0.147231 0.0277957 -0.988711 -0.495283 0.989091 0.00890518 -0.147037 0.44868 
0.25074 -0.924809 0.286109 0.189084 0.0948203 -0.270666 -0.957992 -0.582346 0.963399 0.267336 0.0198237 0.565951 0.00419725 -0.999493 -0.031558 0.389704 -0.148832 0.0305824 -0.988389 -0.495105 0.988854 0.00884537 -0.148629 0.448465 
0.178052 -0.930797 0.319241 0.0840744 0.339558 -0.24638 -0.907743 -0.5432 0.923579 0.270026 0.272192 0.565751 0.00367241 -0.999404 -0.0343111 0.389697 -0.150431 0.0333688 -0.988057 -0.494927 0.988614 0.00879002 -0.150219 0.448251 
0.101602 -0.937944 0.33157 -0.0298189 0.566687 -0.219367 -0.794194 -0.495746 0.817645 0.268588 0.509232 0.567702 0.00314314 -0.999308 -0.037063 0.38969 -0.152028 0.0361548 -0.987715 -0.494748 0.988371 0.00873914 -0.151809 0.448035 
0.02931 -0.94448 0.32726 -0.148478 0.756878 -0.192881 -0.624446 -0.448918 0.652899 0.265998 0.709203 0.5575 0.00260953 -0.999204 -0.0398136 0.389682 -0.153623 0.0389405 -0.987362 -0.49457 0.988126 0.00869284 -0.153399 0.447818 
-0.0366928 -0.950594 0.30826 -0.261322 0.895736 -0.16805 -0.411601 -0.405617 0.443069 0.261017 0.857648 0.532007 0.00207201 -0.999092 -0.0425628 0.389675 -0.155214 0.0417258 -0.986999 -0.494396 0.987879 0.00865143 -0.154987 0.447596 
-0.0934399 -0.956526 0.276273 -0.359905 0.973959 -0.145391 -0.17397 -0.364791 0.206574 0.252823 0.945202 0.496698 0.00153172 -0.998972 -0.0453095 0.389665 -0.156794 0.0445092 -0.986628 -0.494236 0.98763 0.00861548 -0.156564 0.447342 
-0.138306 -0.962539 0.233218 -0.436763 0.989814 -0.126314 0.0656697 -0.326533 -0.0337509 0.239925 0.970205 0.456267 0.0009911 -0.998845 -0.0480342 0.389616 -0.158307 0.0472718 -0.986258 -0.494089 0.98739 0.00858162 -0.158077 0.446884 
-0.171042 -0.96873 0.179743 -0.492716 0.948722 -0.112711 0.295335 -0.295921 -0.265841 0.22104 0.938334 0.421515 0.000512814 -0.998731 -0.050365 0.389292 -0.159408 0.0496394 -0.985964 -0.493832 0.987213 0.00853419 -0.15918 0.445325 
-0.171042 -0.96873 0.179743 -0.492716 0.948722 -0.112711 0.295335 -0.295921 -0.265841 0.22104 0.938334 0.421515 0.000627482 -0.998731 -0.0503505 0.389333 -0.159335 0.0496074 -0.985977 -0.493813 0.987224 0.00864128 -0.159102 0.445297 
0.258298 -0.938144 0.230581 0.22277 -0.0995003 -0.263246 -0.959584 -0.538813 0.960928 0.224916 -0.161341 0.584091 0.000459511 -0.998729 -0.0503942 0.38942 -0.161345 0.0496599 -0.985648 -0.493787 0.986898 0.00858377 -0.161117 0.445604 
0.248418 -0.926612 0.282273 0.170586 0.0933578 -0.267148 -0.959123 -0.519055 0.964144 0.264615 0.0201422 0.554337 0.000290982 -0.998727 -0.0504375 0.389507 -0.163353 0.0497126 -0.985314 -0.49376 0.986568 0.00852584 -0.163131 0.44591 
0.182314 -0.930632 0.317311 0.0672573 0.335149 -0.244574 -0.909867 -0.492943 0.924357 0.272228 0.267311 0.550586 0.000122306 -0.998725 -0.0504804 0.389593 -0.16536 0.0497652 -0.984977 -0.493733 0.986233 0.00846792 -0.165143 0.446216 
0.106593 -0.937349 0.331686 -0.0375517 0.563635 -0.21785 -0.796779 -0.458765 0.819118 0.271881 0.505101 0.550623 -4.64896e-05 -0.998723 -0.0505228 0.38968 -0.167367 0.0498179 -0.984635 -0.493706 0.985895 0.00841004 -0.167155 0.446522 
0.0334814 -0.943811 0.328784 -0.147003 0.754623 -0.191823 -0.627494 -0.423715 0.655304 0.269117 0.705799 0.540269 -0.000215279 -0.998721 -0.0505647 0.389766 -0.169372 0.0498705 -0.98429 -0.493679 0.985552 0.00835232 -0.169166 0.446826 
-0.0338004 -0.950033 0.310313 -0.253588 0.894147 -0.167457 -0.415282 -0.389916 0.446496 0.263428 0.85513 0.516999 -0.000383554 -0.998719 -0.0506061 0.389852 -0.171374 0.049923 -0.98394 -0.493658 0.985206 0.00829519 -0.171174 0.447124 
-0.0917356 -0.956147 0.278151 -0.349642 0.973239 -0.145191 -0.178118 -0.355997 0.210692 0.254368 0.943878 0.48504 -0.000549673 -0.998717 -0.0506456 0.389934 -0.173366 0.0499739 -0.983589 -0.493652 0.984857 0.00823957 -0.173171 0.447387 
-0.137405 -0.962361 0.234482 -0.426237 0.990105 -0.126636 0.0604555 -0.322538 -0.0284861 0.240469 0.970239 0.44767 -0.000708397 -0.998715 -0.0506641 0.389965 -0.175288 0.0500037 -0.983247 -0.493667 0.984517 0.00818426 -0.175098 0.447435 
-0.170415 -0.968666 0.180678 -0.48744 0.948843 -0.111852 0.295273 -0.292463 -0.265812 0.221754 0.938173 0.419512 -0.000776564 -0.998734 -0.0503062 0.389665 -0.176764 0.0496512 -0.983 -0.493599 0.984253 0.00812898 -0.176579 0.446314 
-0.170415 -0.968666 0.180678 -0.48744 0.948843 -0.111852 0.295273 -0.292463 -0.265812 0.221754 0.938173 0.419512 -0.000674768 -0.998732 -0.0503367 0.389742 -0.176592 0.0496646 -0.98303 -0.493555 0.984284 0.00822576 -0.176402 0.446388 
0.256694 -0.939379 0.227321 0.207684 -0.0896564 -0.257332 -0.962155 -0.501397 0.962325 0.226598 -0.150277 0.57907 -0.00187008 -0.998635 -0.0522069 0.389894 -0.174801 0.0517296 -0.983244 -0.493503 0.984602 0.00728708 -0.174659 0.446327 
0.247572 -0.92755 0.279927 0.158368 0.0932352 -0.264773 -0.959793 -0.483478 0.964373 0.263717 0.0209299 0.548547 -0.00306131 -0.998532 -0.0540783 0.390045 -0.173007 0.0537919 -0.983451 -0.49345 0.984916 0.00634527 -0.172918 0.446266 
0.183861 -0.93103 0.315244 0.0585615 0.333449 -0.242617 -0.911015 -0.463656 0.924666 0.272618 0.265844 0.542836 -0.00424905 -0.998424 -0.0559517 0.390196 -0.17121 0.0558523 -0.98365 -0.493398 0.985225 0.00539989 -0.171177 0.446205 
0.109194 -0.937245 0.331132 -0.0415448 0.562409 -0.216424 -0.798033 -0.436191 0.819617 0.273372 0.503483 0.540993 -0.0054333 -0.998312 -0.0578269 0.390347 -0.16941 0.0579108 -0.983843 -0.493346 0.985531 0.00445092 -0.169438 0.446144 
0.0359966 -0.943502 0.329407 -0.145791 0.75356 -0.190875 -0.629059 -0.407661 0.656393 0.270872 0.704114 0.529695 -0.00661401 -0.998194 -0.0597041 0.390498 -0.167606 0.0599674 -0.984028 -0.493294 0.985832 0.00349841 -0.1677 0.446083 
-0.0318748 -0.949704 0.311523 -0.248378 0.893234 -0.166915 -0.41746 -0.379492 0.448461 0.264956 0.853628 0.507104 -0.00779077 -0.998072 -0.0615833 0.390647 -0.165801 0.0620221 -0.984207 -0.493241 0.986129 0.00254283 -0.165964 0.446024 
-0.0905034 -0.955895 0.279417 -0.342442 0.972754 -0.144983 -0.180915 -0.349978 0.213447 0.255431 0.942972 0.4768 -0.00896069 -0.997944 -0.0634657 0.390781 -0.163994 0.0640755 -0.984378 -0.49319 0.986421 0.00158732 -0.164231 0.445973 
-0.136705 -0.962241 0.23538 -0.418394 0.990313 -0.126918 0.0563107 -0.319936 -0.0243105 0.240798 0.970271 0.441072 -0.0101045 -0.997811 -0.065358 0.390841 -0.162201 0.0661312 -0.984539 -0.49315 0.986706 0.000652828 -0.162514 0.445967 
-0.169944 -0.968605 0.181448 -0.483629 0.948918 -0.111174 0.295288 -0.28997 -0.265845 0.222362 0.93802 0.417949 -0.0110667 -0.99767 -0.0673209 0.390541 -0.16052 0.0682244 -0.984672 -0.493197 0.98697 -9.07326e-05 -0.160901 0.44618 
-0.169944 -0.968605 0.181448 -0.483629 0.948918 -0.111174 0.295288 -0.28997 -0.265845 0.222362 0.93802 0.417949 -0.0110025 -0.997683 -0.0671357 0.390523 -0.160498 0.0680313 -0.984689 -0.493198 0.986975 -5.88944e-05 -0.160875 0.446235 
0.255225 -0.94041 0.224697 0.193607 -0.0769995 -0.251424 -0.964809 -0.478103 0.963811 0.228941 -0.136581 0.576682 -0.011021 -0.997684 -0.0671208 0.390659 -0.159658 0.0680194 -0.984826 -0.493192 0.987111 -0.000137381 -0.160038 0.446243 
0.246919 -0.926511 0.283915 0.149318 0.0953506 -0.268336 -0.958595 -0.461115 0.964334 0.263766 0.0220864 0.555139 -0.0110395 -0.997685 -0.0671058 0.390795 -0.158818 0.0680075 -0.984963 -0.493186 0.987246 -0.000215862 -0.159201 0.446251 
0.184071 -0.930285 0.317312 0.0532139 0.334812 -0.244179 -0.910098 -0.444967 0.924131 0.273762 0.266524 0.541029 -0.0110579 -0.997686 -0.0670909 0.390931 -0.157977 0.0679954 -0.985099 -0.493179 0.987381 -0.000294343 -0.158363 0.446259 
0.11071 -0.937233 0.330663 -0.0438147 0.561914 -0.215397 -0.79866 -0.421782 0.819754 0.274224 0.502797 0.535012 -0.0110764 -0.997686 -0.0670759 0.391068 -0.157136 0.0679833 -0.985234 -0.493173 0.987515 -0.00037282 -0.157526 0.446266 
0.0375994 -0.943328 0.329726 -0.144854 0.753007 -0.19017 -0.629934 -0.397129 0.656938 0.271971 0.703182 0.522747 -0.011095 -0.997687 -0.067061 0.391203 -0.156296 0.0679711 -0.985369 -0.493166 0.987648 -0.000451302 -0.156688 0.446275 
-0.0305742 -0.949488 0.312309 -0.244788 0.892664 -0.16651 -0.418838 -0.372492 0.449684 0.265982 0.852665 0.500294 -0.0111136 -0.997688 -0.0670462 0.391338 -0.155455 0.067959 -0.985503 -0.493158 0.98778 -0.000529763 -0.155851 0.446284 
-0.0896227 -0.955718 0.280306 -0.337348 0.972401 -0.144835 -0.182916 -0.34589 0.215414 0.256176 0.942322 0.470842 -0.0111317 -0.997689 -0.0670321 0.391469 -0.154617 0.0679474 -0.985635 -0.493145 0.987912 -0.000607508 -0.155016 0.446304 
-0.136232 -0.962125 0.236127 -0.413116 0.990422 -0.126865 0.0544945 -0.318025 -0.0224744 0.241289 0.970193 0.436446 -0.0111448 -0.997689 -0.0670247 0.391578 -0.153798 0.0679416 -0.985764 -0.493122 0.988039 -0.000677835 -0.1542 0.446383 
-0.169607 -0.968548 0.182065 -0.480934 0.948964 -0.110662 0.295334 -0.2882 -0.265898 0.222864 0.937886 0.416701 -0.0111205 -0.997683 -0.0671152 0.391603 -0.153101 0.0680268 -0.985866 -0.493115 0.988148 -0.000687943 -0.153503 0.446758 
-0.169607 -0.968548 0.182065 -0.480934 0.948964 -0.110662 0.295334 -0.2882 -0.265898 0.222864 0.937886 0.416701 -0.0110977 -0.997681 -0.0671575 0.391609 -0.153178 0.0680651 -0.985852 -0.493125 0.988136 -0.000653603 -0.153578 0.446739 
0.255392 -0.94074 0.22312 0.18383 -0.0697308 -0.248094 -0.966223 -0.462641 0.96432 0.231208 -0.12896 0.575271 -0.00990057 -0.997867 -0.0645223 0.391747 -0.153174 0.0652774 -0.986041 -0.493263 0.98815 0.00012079 -0.153494 0.446798 
0.247002 -0.926857 0.282711 0.143376 0.0949975 -0.267184 -0.958952 -0.447551 0.964347 0.26372 0.0220541 0.558253 -0.00870396 -0.998045 -0.0618865 0.391885 -0.153167 0.0624892 -0.986223 -0.493401 0.988162 0.000894933 -0.153411 0.446856 
0.184377 -0.929704 0.318834 0.0495155 0.336232 -0.245159 -0.90931 -0.432818 0.923555 0.274858 0.267394 0.542337 -0.00750733 -0.998215 -0.0592501 0.392023 -0.153156 0.0597005 -0.986397 -0.493539 0.988173 0.00166932 -0.153331 0.446914 
0.111671 -0.93721 0.330406 -0.0452268 0.561774 -0.214723 -0.798939 -0.412217 0.819719 0.274831 0.502522 0.531101 -0.0063107 -0.998376 -0.0566131 0.39216 -0.153142 0.0569113 -0.986564 -0.493677 0.988184 0.00244394 -0.153253 0.446972 
0.0386625 -0.943212 0.329933 -0.144137 0.752689 -0.18968 -0.630461 -0.390052 0.65724 0.272712 0.702612 0.517936 -0.0051142 -0.998529 -0.0539755 0.392298 -0.153125 0.0541216 -0.986724 -0.493813 0.988194 0.00321869 -0.153176 0.447031 
-0.0296786 -0.949336 0.312858 -0.242252 0.892278 -0.166232 -0.419771 -0.367739 0.450511 0.266698 0.852005 0.495429 -0.00391842 -0.998674 -0.0513373 0.392436 -0.153105 0.0513316 -0.986876 -0.493945 0.988202 0.003993 -0.153103 0.447092 
-0.0889735 -0.955592 0.280941 -0.333671 0.972101 -0.14477 -0.184557 -0.343145 0.217033 0.256682 0.941813 0.466447 -0.00272595 -0.99881 -0.0486993 0.392575 -0.153088 0.0485423 -0.98702 -0.494057 0.988209 0.00476469 -0.153038 0.447175 
-0.13585 -0.962057 0.236623 -0.410025 0.990487 -0.126602 0.0539218 -0.316357 -0.0219189 0.241698 0.970104 0.433892 -0.00154752 -0.998937 -0.0460712 0.392747 -0.153104 0.0457648 -0.98715 -0.494117 0.988209 0.00552607 -0.153012 0.447379 
-0.169373 -0.968504 0.182517 -0.479099 0.948995 -0.110298 0.295369 -0.286954 -0.265935 0.223235 0.937787 0.415761 -0.000484563 -0.999047 -0.0436528 0.393125 -0.153339 0.0432108 -0.987228 -0.494083 0.988173 0.00621533 -0.153214 0.448202 
-0.169373 -0.968504 0.182517 -0.479099 0.948995 -0.110298 0.295369 -0.286954 -0.265935 0.223235 0.937787 0.415761 -0.000697574 -0.999048 -0.0436126 0.39307 -0.153328 0.0432038 -0.98723 -0.49414 0.988175 0.00599839 -0.153213 0.448243 
0.256017 -0.940798 0.222157 0.17717 -0.0654684 -0.246164 -0.967015 -0.452105 0.964453 0.233028 -0.124615 0.574113 -0.00117378 -0.999014 -0.0443846 0.393166 -0.154219 0.0440345 -0.987055 -0.494116 0.988036 0.00568636 -0.154118 0.448242 
0.247103 -0.927152 0.281656 0.139255 0.0946027 -0.266198 -0.959265 -0.438454 0.96436 0.263682 0.0219329 0.559917 -0.00164988 -0.998979 -0.0451557 0.393262 -0.155109 0.0448649 -0.986878 -0.494092 0.987896 0.00537583 -0.155025 0.44824 
0.184529 -0.929763 0.318574 0.0470424 0.337052 -0.244617 -0.909152 -0.424779 0.923225 0.275141 0.26824 0.542975 -0.00212665 -0.998943 -0.0459262 0.393357 -0.155999 0.0456955 -0.9867 -0.494068 0.987755 0.00506606 -0.155931 0.448238 
0.112311 -0.937198 0.330221 -0.0461426 0.561755 -0.214238 -0.799083 -0.405675 0.819645 0.275249 0.502414 0.528346 -0.00260412 -0.998906 -0.0466963 0.393453 -0.156888 0.0465262 -0.98652 -0.494044 0.987613 0.00475705 -0.156837 0.448236 
0.039393 -0.943127 0.330089 -0.143578 0.752487 -0.189347 -0.630802 -0.38518 0.657428 0.273237 0.702232 0.514448 -0.0030822 -0.998868 -0.0474658 0.393548 -0.157776 0.0473572 -0.986339 -0.494021 0.98747 0.00444886 -0.157743 0.448233 
-0.0290481 -0.949221 0.313266 -0.240395 0.891993 -0.166054 -0.420445 -0.364472 0.451114 0.267218 0.851522 0.491814 -0.00356054 -0.99883 -0.0482349 0.393643 -0.158663 0.0481885 -0.986156 -0.493999 0.987326 0.00414184 -0.158649 0.448228 
-0.088496 -0.955495 0.28142 -0.330903 0.971831 -0.144781 -0.185966 -0.341355 0.218434 0.257035 0.941392 0.463042 -0.00403753 -0.99879 -0.0490031 0.393731 -0.159544 0.0490192 -0.985973 -0.493985 0.987183 0.00383727 -0.159549 0.448207 
-0.135554 -0.962012 0.236975 -0.408021 0.990534 -0.126372 0.0535892 -0.315119 -0.0216065 0.241997 0.970037 0.432269 -0.00450517 -0.998751 -0.0497617 0.393766 -0.160391 0.0498397 -0.985794 -0.493978 0.987043 0.00354018 -0.160415 0.448081 
-0.169211 -0.968472 0.182837 -0.477893 0.949013 -0.110042 0.295406 -0.286108 -0.265973 0.2235 0.937713 0.415086 -0.00487422 -0.998721 -0.0503264 0.393498 -0.161018 0.0504541 -0.985661 -0.493922 0.986939 0.00329911 -0.161058 0.447371 
-0.169211 -0.968472 0.182837 -0.477893 0.949013 -0.110042 0.295406 -0.286108 -0.265973 0.2235 0.937713 0.415086 -0.00485356 -0.998719 -0.0503698 0.393458 -0.16114 0.0504933 -0.985639 -0.493935 0.98692 0.00333272 -0.161178 0.447306 
0.256719 -0.940756 0.221524 0.172461 -0.0628089 -0.244961 -0.967496 -0.444566 0.964443 0.234461 -0.121974 0.573063 -0.00456137 -0.998724 -0.0503001 0.393633 -0.161104 0.0503774 -0.985651 -0.493976 0.986927 0.0036076 -0.161128 0.447384 
0.247184 -0.927367 0.280873 0.136281 0.0942891 -0.265472 -0.959497 -0.431988 0.96437 0.263656 0.0218201 0.56089 -0.00426942 -0.998729 -0.0502308 0.393808 -0.161067 0.0502622 -0.985663 -0.494017 0.986934 0.00388235 -0.161077 0.447463 
0.184607 -0.929895 0.318144 0.0453565 0.337679 -0.243988 -0.909089 -0.419077 0.922981 0.275255 0.268964 0.543349 -0.00397747 -0.998733 -0.0501616 0.393983 -0.161031 0.050147 -0.985675 -0.494059 0.986941 0.00415709 -0.161027 0.447541 
0.11276 -0.937187 0.330099 -0.046752 0.561772 -0.213893 -0.799163 -0.401017 0.819571 0.275554 0.502367 0.526264 -0.00368554 -0.998738 -0.0500923 0.394158 -0.160995 0.0500318 -0.985686 -0.494099 0.986948 0.00443182 -0.160976 0.44762 
0.0399185 -0.943059 0.330223 -0.143112 0.75234 -0.189122 -0.631044 -0.381708 0.657564 0.27363 0.701952 0.511767 -0.00339367 -0.998742 -0.0500231 0.394333 -0.160959 0.0499167 -0.985698 -0.49414 0.986955 0.00470651 -0.160926 0.447698 
-0.0285817 -0.949127 0.313595 -0.238926 0.891755 -0.165951 -0.42099 -0.362194 0.451614 0.267618 0.851132 0.488939 -0.00310206 -0.998747 -0.0499539 0.394506 -0.160922 0.0498016 -0.98571 -0.494178 0.986962 0.00498096 -0.160875 0.447777 
-0.0881317 -0.955411 0.28182 -0.328524 0.971516 -0.144923 -0.187494 -0.340382 0.219977 0.257269 0.940969 0.460094 -0.00281167 -0.998751 -0.0498848 0.394675 -0.160886 0.049687 -0.985722 -0.494205 0.986969 0.00525424 -0.160825 0.447858 
-0.135343 -0.961972 0.237259 -0.406876 0.990564 -0.126156 0.0535571 -0.314158 -0.0215888 0.242268 0.969969 0.431565 -0.00252567 -0.998755 -0.0498139 0.394816 -0.160845 0.0495712 -0.985734 -0.494182 0.986976 0.00552268 -0.16077 0.447929 
-0.169088 -0.968465 0.182989 -0.477213 0.949019 -0.109869 0.295451 -0.285547 -0.266029 0.223618 0.937669 0.414766 -0.00224561 -0.998763 -0.0496827 0.394818 -0.160771 0.0493971 -0.985755 -0.493979 0.986989 0.00577393 -0.160683 0.447878 
-0.169088 -0.968465 0.182989 -0.477213 0.949019 -0.109869 0.295451 -0.285547 -0.266029 0.223618 0.937669 0.414766 -0.00259761 -0.998754 -0.0498314 0.394703 -0.160932 0.0495996 -0.985718 -0.494058 0.986962 0.00545896 -0.160861 0.4478 
0.257415 -0.94067 0.221082 0.168995 -0.0610591 -0.244169 -0.967808 -0.438832 0.96437 0.235629 -0.120289 0.571952 -0.00409402 -0.998535 -0.0539574 0.394935 -0.161179 0.0539112 -0.985452 -0.493946 0.986917 0.00466232 -0.161163 0.447836 
0.247242 -0.927536 0.280266 0.134005 0.0940377 -0.264911 -0.959677 -0.427004 0.96438 0.263628 0.0217262 0.561512 -0.00559074 -0.998296 -0.0580827 0.395167 -0.161419 0.0582228 -0.985167 -0.493834 0.98687 0.00386787 -0.16147 0.447872 
0.184663 -0.930019 0.317748 0.0441149 0.338144 -0.243446 -0.909061 -0.41467 0.922799 0.275315 0.269525 0.543576 -0.00708832 -0.998038 -0.0622064 0.395399 -0.161653 0.0625334 -0.984864 -0.493721 0.986822 0.00307483 -0.161779 0.447907 
0.113101 -0.937172 0.330027 -0.0471673 0.561803 -0.213642 -0.799209 -0.397426 0.819504 0.275801 0.502342 0.524496 -0.00858674 -0.997761 -0.0663285 0.395631 -0.16188 0.066843 -0.984544 -0.493608 0.986773 0.00228323 -0.162091 0.447942 
0.0403243 -0.942995 0.330355 -0.142675 0.752218 -0.188972 -0.631236 -0.379052 0.65768 0.273953 0.701717 0.509486 -0.0100858 -0.997464 -0.0704488 0.395862 -0.1621 0.0711514 -0.984206 -0.493496 0.986723 0.00149319 -0.162406 0.447975 
-0.0282167 -0.949041 0.313886 -0.237681 0.891544 -0.1659 -0.421458 -0.360491 0.452055 0.267951 0.850793 0.48646 -0.0115849 -0.997149 -0.0745674 0.396091 -0.162311 0.0754587 -0.98385 -0.493387 0.986672 0.000705288 -0.162723 0.448003 
-0.0878417 -0.955334 0.282173 -0.326486 0.971213 -0.145102 -0.18892 -0.339785 0.221426 0.257455 0.940578 0.457462 -0.013081 -0.996814 -0.0786837 0.396301 -0.162505 0.0797636 -0.983478 -0.493282 0.986621 -7.83803e-05 -0.163031 0.447998 
-0.135178 -0.961934 0.237507 -0.40602 0.990586 -0.125979 0.0535627 -0.313419 -0.0216029 0.242512 0.969908 0.431036 -0.0145569 -0.996462 -0.0827775 0.396372 -0.162617 0.0840434 -0.983103 -0.493151 0.986582 -0.000849874 -0.163265 0.447759 
-0.169008 -0.968457 0.183103 -0.4768 0.949015 -0.109743 0.295513 -0.285181 -0.266097 0.223712 0.937628 0.414561 -0.0157937 -0.996137 -0.0863757 0.395668 -0.162262 0.0877949 -0.982834 -0.492757 0.986621 -0.00150712 -0.163022 0.44616 
-0.169008 -0.968457 0.183103 -0.4768 0.949015 -0.109743 0.295513 -0.285181 -0.266097 0.223712 0.937628 0.414561 -0.0144165 -0.996459 -0.0828387 0.396379 -0.162744 0.084081 -0.983079 -0.493118 0.986563 -0.000690994 -0.16338 0.447665 
0.25808 -0.940566 0.220749 0.166289 -0.0598279 -0.24361 -0.968026 -0.434236 0.964269 0.236621 -0.119143 0.570823 -0.013942 -0.996735 -0.0795305 0.396745 -0.164278 0.0807408 -0.983104 -0.493287 0.986316 -0.000641352 -0.164868 0.447995 
0.247288 -0.927672 0.279773 0.132159 0.0938288 -0.264458 -0.959822 -0.42296 0.964388 0.263603 0.0216452 0.561937 -0.0134625 -0.997 -0.0762219 0.397111 -0.16581 0.0773994 -0.983116 -0.493455 0.986066 -0.000596818 -0.166354 0.448325 
0.184706 -0.93013 0.317398 0.0431335 0.338519 -0.24298 -0.909046 -0.411092 0.922653 0.275351 0.269987 0.543719 -0.0129778 -0.997254 -0.0729132 0.397477 -0.167339 0.074057 -0.983114 -0.493624 0.985814 -0.000557409 -0.167841 0.448655 
0.113378 -0.937152 0.329986 -0.0474747 0.561837 -0.213452 -0.799236 -0.394524 0.819442 0.276014 0.502326 0.522941 -0.012488 -0.997497 -0.0696043 0.397842 -0.168867 0.0707138 -0.983099 -0.493792 0.98556 -0.000523109 -0.169327 0.448984 
0.0406555 -0.942935 0.330487 -0.142274 0.752109 -0.188868 -0.631396 -0.37692 0.657783 0.274232 0.701511 0.507472 -0.0119931 -0.997728 -0.0662954 0.398208 -0.170392 0.0673697 -0.983071 -0.49396 0.985303 -0.000493865 -0.170813 0.449314 
-0.0279175 -0.948963 0.314151 -0.2366 0.891351 -0.165882 -0.421873 -0.359159 0.452454 0.268241 0.850489 0.484248 -0.0114929 -0.997948 -0.0629867 0.398571 -0.171915 0.0640249 -0.983029 -0.494128 0.985045 -0.000469435 -0.172298 0.449644 
-0.0876021 -0.955261 0.282494 -0.324709 0.970926 -0.145297 -0.190239 -0.339413 0.222773 0.257615 0.940216 0.45506 -0.0109858 -0.998157 -0.0596784 0.398924 -0.173435 0.0606795 -0.982974 -0.494294 0.984784 -0.000448463 -0.173782 0.449971 
-0.135042 -0.961898 0.237733 -0.405322 0.990604 -0.125832 0.0535713 -0.312831 -0.0216158 0.242734 0.969852 0.43056 -0.0104621 -0.998355 -0.05637 0.399213 -0.174943 0.0573311 -0.982908 -0.494448 0.984523 -0.000421716 -0.175255 0.450272 
-0.168954 -0.968447 0.183204 -0.476531 0.949005 -0.109647 0.295579 -0.284933 -0.266165 0.223801 0.937587 0.414387 -0.00983637 -0.998543 -0.0530495 0.399178 -0.176359 0.0539528 -0.982846 -0.49456 0.984277 -0.000311885 -0.176633 0.450401 
-0.168954 -0.968447 0.183204 -0.476531 0.949005 -0.109647 0.295579 -0.284933 -0.266165 0.223801 0.937587 0.414387 -0.00991686 -0.998534 -0.0532192 0.399156 -0.176425 0.0541341 -0.982824 -0.494565 0.984264 -0.000357322 -0.176703 0.450345 
0.258707 -0.940456 0.220485 0.164083 -0.0589207 -0.243194 -0.968186 -0.430421 0.964157 0.237485 -0.118328 0.569709 -0.0105272 -0.998534 -0.0530897 0.399506 -0.174746 0.0541127 -0.983126 -0.494604 0.984557 -0.0010724 -0.175059 0.450363 
0.247328 -0.927785 0.279363 0.130602 0.0936506 -0.26408 -0.959943 -0.419568 0.964395 0.263584 0.021573 0.562238 -0.0111381 -0.998534 -0.052961 0.399856 -0.173065 0.05409 -0.983424 -0.494644 0.984848 -0.00178777 -0.173413 0.450382 
0.184743 -0.930228 0.317091 0.0423148 0.338834 -0.242575 -0.909037 -0.408082 0.92253 0.275379 0.270379 0.543811 -0.0117491 -0.998534 -0.0528334 0.400205 -0.171383 0.0540661 -0.98372 -0.494683 0.985134 -0.00250308 -0.171767 0.450401 
0.113609 -0.937131 0.329967 -0.0477177 0.561872 -0.213302 -0.799251 -0.392108 0.819386 0.276201 0.502314 0.52155 -0.0123603 -0.998534 -0.0527068 0.400555 -0.169701 0.0540409 -0.984013 -0.494722 0.985418 -0.00321833 -0.17012 0.45042 
0.0409342 -0.942877 0.330616 -0.14191 0.752011 -0.188797 -0.631534 -0.375163 0.657878 0.274479 0.701326 0.505661 -0.0129717 -0.998532 -0.0525812 0.400903 -0.168019 0.0540146 -0.984303 -0.494761 0.985698 -0.00393348 -0.168473 0.450439 
-0.0276652 -0.948889 0.314397 -0.23565 0.891172 -0.165887 -0.422249 -0.35809 0.452821 0.2685 0.850212 0.482242 -0.013583 -0.998531 -0.052457 0.401249 -0.166337 0.0539874 -0.98459 -0.494797 0.985975 -0.00464818 -0.166826 0.450461 
-0.0873994 -0.955192 0.28279 -0.323139 0.970655 -0.145499 -0.191466 -0.339194 0.224032 0.257757 0.939878 0.452839 -0.0141915 -0.998529 -0.0523358 0.401578 -0.16466 0.0539603 -0.984873 -0.494825 0.986248 -0.00535921 -0.165184 0.450505 
-0.134927 -0.961862 0.23794 -0.404736 0.99062 -0.125706 0.0535818 -0.312348 -0.0216278 0.242938 0.969801 0.43012 -0.0147761 -0.998526 -0.0522317 0.401822 -0.163023 0.0539443 -0.985146 -0.494847 0.986512 -0.00604164 -0.16358 0.450668 
-0.168917 -0.968436 0.183297 -0.476348 0.948994 -0.109569 0.295645 -0.284755 -0.266229 0.223887 0.937548 0.414226 -0.0151804 -0.998514 -0.0523456 0.40169 -0.161637 0.0541137 -0.985366 -0.494954 0.986734 -0.00649728 -0.162218 0.451436 
-0.168917 -0.968436 0.183297 -0.476348 0.948994 -0.109569 0.295645 -0.284755 -0.266229 0.223887 0.937548 0.414226 -0.0150965 -0.998514 -0.0523678 0.401743 -0.161521 0.0541212 -0.985384 -0.494908 0.986754 -0.00641738 -0.162098 0.451479 
0.259293 -0.940345 0.220269 0.162236 -0.0582325 -0.242876 -0.968308 -0.427185 0.964042 0.238248 -0.117735 0.568626 -0.0155859 -0.998495 -0.0525811 0.402066 -0.161493 0.0544109 -0.985373 -0.494904 0.986751 -0.00686646 -0.162098 0.451391 
0.247366 -0.92788 0.279014 0.12926 0.0934962 -0.263761 -0.960046 -0.416669 0.964401 0.263569 0.0215078 0.562455 -0.016076 -0.998476 -0.0527953 0.40239 -0.161464 0.0547016 -0.985361 -0.4949 0.986748 -0.00731614 -0.162098 0.451304 
0.184776 -0.930313 0.316822 0.0416162 0.339105 -0.242222 -0.90903 -0.40551 0.922424 0.275403 0.270717 0.54387 -0.0165662 -0.998457 -0.0530096 0.402713 -0.161436 0.0549922 -0.98535 -0.494896 0.986744 -0.00776583 -0.162098 0.451216 
0.113808 -0.937109 0.329962 -0.0479164 0.561906 -0.213183 -0.799259 -0.390067 0.819335 0.27637 0.502305 0.520294 -0.0170563 -0.998437 -0.0532238 0.403036 -0.161408 0.0552828 -0.985338 -0.494892 0.98674 -0.0082155 -0.162098 0.451129 
0.0411724 -0.942822 0.330743 -0.14158 0.751922 -0.188749 -0.631655 -0.373694 0.657966 0.2747 0.701157 0.50402 -0.0175464 -0.998417 -0.053438 0.403359 -0.161379 0.0555735 -0.985327 -0.494888 0.986737 -0.00866511 -0.162099 0.451041 
-0.0274494 -0.948819 0.314625 -0.234807 0.891006 -0.165907 -0.422591 -0.357223 0.453161 0.268733 0.849957 0.480406 -0.018036 -0.998397 -0.0536526 0.40368 -0.16135 0.0558643 -0.985315 -0.494883 0.986732 -0.00911427 -0.162099 0.450955 
-0.0872256 -0.955126 0.283066 -0.321737 0.970397 -0.145704 -0.192614 -0.339088 0.225214 0.257885 0.93956 0.450772 -0.0185227 -0.998376 -0.053868 0.403985 -0.161322 0.0561556 -0.985303 -0.494877 0.986728 -0.0095604 -0.1621 0.45087 
-0.134828 -0.961829 0.238131 -0.404237 0.990633 -0.125597 0.0535939 -0.311943 -0.0216395 0.243126 0.969753 0.429711 -0.0189895 -0.998356 -0.0540872 0.404204 -0.161293 0.0564473 -0.985291 -0.494865 0.986724 -0.00998626 -0.1621 0.450788 
-0.168891 -0.968425 0.183382 -0.476219 0.948981 -0.109504 0.295708 -0.284622 -0.26629 0.223969 0.937511 0.414073 -0.0192907 -0.998338 -0.0543076 0.403994 -0.16126 0.0567133 -0.985281 -0.494854 0.986723 -0.0102491 -0.162086 0.450681 
-0.168891 -0.968425 0.183382 -0.476219 0.948981 -0.109504 0.295708 -0.284622 -0.26629 0.223969 0.937511 0.414073 -0.0191742 -0.99833 -0.0545025 0.404059 -0.16132 0.0568874 -0.985261 -0.49479 0.986716 -0.0100992 -0.162142 0.450618 
