1532343733354 0.275657 0.633204 -0.723233 -0.604483 -0.8825 0.464965 0.0707247 -0.181741 0.381061 0.618757 0.686973 0.426588 0.0842911 -0.172232 0.981443 0.369556 -0.996414 -0.0218876 0.0817357 -0.501745 0.00740393 -0.984813 -0.173459 0.444338 
1532343733368 0.300885 -0.138768 0.94351 0.225257 -0.922898 -0.291628 0.25142 -0.486344 0.240265 -0.946412 -0.215815 0.468712 0.0730157 -0.169492 0.982823 0.371317 -0.997323 -0.00855544 0.0726175 -0.501065 -0.00389961 -0.985494 -0.169663 0.444274 
1532343734161 0.242825 0.102786 0.964609 0.16152 -0.925174 -0.274468 0.262144 -0.435487 0.291699 -0.956087 0.0284473 0.461493 0.061695 -0.166556 0.9841 0.373034 -0.997979 0.00474732 0.0633686 -0.499972 -0.0152263 -0.986021 -0.165927 0.443482 
1532343734873 0.185198 0.340052 0.921991 0.0634541 -0.926148 -0.25329 0.279452 -0.39584 0.328559 -0.905654 0.26803 0.437571 0.0504043 -0.163469 0.98526 0.37475 -0.998375 0.0180207 0.0540652 -0.498882 -0.0265931 -0.986384 -0.162295 0.442729 
1532343735485 0.108749 0.566676 0.816732 -0.0100477 -0.933954 -0.223137 0.279177 -0.393705 0.340446 -0.793151 0.504984 0.453534 0.0391492 -0.160234 0.986302 0.376469 -0.998511 0.0312616 0.0447125 -0.497821 -0.0379978 -0.986584 -0.158771 0.44202 
1532343736045 0.0372286 0.750403 0.659932 -0.098386 -0.940161 -0.197521 0.277637 -0.379776 0.33869 -0.630778 0.698146 0.449359 0.0279315 -0.15685 0.987227 0.378191 -0.998387 0.0444663 0.035312 -0.49678 -0.0494371 -0.986621 -0.155355 0.441346 
1532343736566 -0.0276971 0.888256 0.458513 -0.198397 -0.946596 -0.170708 0.273524 -0.355415 0.321231 -0.426451 0.845547 0.440016 0.0167536 -0.153319 0.988035 0.379914 -0.998003 0.0576315 0.0258656 -0.495756 -0.0609076 -0.986495 -0.152047 0.440696 
1532343737030 -0.0860491 0.970276 0.226186 -0.298191 -0.953826 -0.145805 0.262597 -0.330411 0.28777 -0.193145 0.938021 0.431334 0.00561814 -0.14964 0.988725 0.38164 -0.997359 0.0707538 0.0163755 -0.494746 -0.0724064 -0.986206 -0.148847 0.440069 
1532343737471 -0.133997 0.990741 -0.0218346 -0.397711 -0.961333 -0.124607 0.245585 -0.305255 0.240591 0.053898 0.969129 0.423196 -0.0054708 -0.145816 0.989297 0.383366 -0.996457 0.0838296 0.00684551 -0.493757 -0.0839305 -0.985754 -0.145757 0.439469 
1532343737970 -0.168046 0.94835 -0.269058 -0.493233 -0.968645 -0.108189 0.223654 -0.280336 0.182994 0.298206 0.936796 0.414797 -0.0164678 -0.141857 0.98975 0.385046 -0.995295 0.0968549 -0.00267825 -0.49289 -0.0954822 -0.985137 -0.142785 0.438956 
1532343738461 -0.168046 0.94835 -0.269058 -0.493233 -0.968645 -0.108189 0.223654 -0.280336 0.182994 0.298206 0.936796 0.414797 -0.016277 -0.142032 0.989728 0.385117 -0.995304 0.0967647 -0.00248244 -0.492845 -0.0954182 -0.985121 -0.14294 0.438936 
1532343738472 0.280755 -0.14415 0.948893 0.287768 -0.928413 -0.291475 0.230416 -0.485421 0.243364 -0.945655 -0.215663 0.482452 -0.0173897 -0.141615 0.989769 0.385293 -0.995173 0.0980766 -0.00345192 -0.492818 -0.0965843 -0.985051 -0.142637 0.43901 
1532343738924 0.230219 0.100587 0.967926 0.201887 -0.928641 -0.274625 0.249414 -0.456571 0.290905 -0.956276 0.0301848 0.473161 -0.0185226 -0.141186 0.98981 0.38546 -0.995039 0.0993837 -0.00444442 -0.492667 -0.0977435 -0.984982 -0.142326 0.438864 
1532343739296 0.170645 0.342906 0.92374 0.101621 -0.930795 -0.251472 0.265299 -0.431197 0.323267 -0.905084 0.276262 0.465824 -0.0196536 -0.140755 0.989849 0.385627 -0.994903 0.10069 -0.00543598 -0.49252 -0.0989032 -0.984911 -0.142016 0.438734 
1532343739610 0.105023 0.564008 0.819064 0.00120974 -0.934666 -0.225325 0.275005 -0.405891 0.339661 -0.794433 0.503494 0.457314 -0.0207827 -0.140323 0.989888 0.385794 -0.994764 0.101997 -0.00642637 -0.492382 -0.100063 -0.984838 -0.141708 0.438618 
1532343739867 0.0375019 0.749589 0.66084 -0.0987905 -0.940025 -0.197903 0.277826 -0.380798 0.339037 -0.631625 0.697211 0.447832 -0.0219103 -0.139891 0.989924 0.385961 -0.994622 0.103302 -0.00741613 -0.49225 -0.101224 -0.984764 -0.141402 0.438511 
1532343740196 -0.0276228 0.888121 0.458779 -0.198535 -0.946572 -0.170761 0.273572 -0.355532 0.321307 -0.426711 0.845387 0.439595 -0.0230367 -0.139457 0.98996 0.386129 -0.994478 0.104607 -0.00840556 -0.492122 -0.102385 -0.984687 -0.141097 0.438411 
1532343740202 -0.0860291 0.970274 0.226203 -0.298229 -0.953825 -0.145793 0.262606 -0.330328 0.287779 -0.193166 0.938014 0.431354 -0.024162 -0.139023 0.989994 0.386297 -0.994331 0.105912 -0.00939476 -0.491997 -0.103546 -0.984609 -0.140794 0.438316 
1532343740405 -0.134011 0.990739 -0.0218391 -0.39775 -0.961334 -0.124621 0.245575 -0.305195 0.240579 0.0539045 0.969132 0.423216 -0.025286 -0.138587 0.990027 0.386466 -0.994181 0.107217 -0.0103836 -0.491877 -0.104708 -0.984529 -0.140492 0.438227 
1532343740677 -0.168354 0.948258 -0.26919 -0.493437 -0.968609 -0.108471 0.223675 -0.280353 0.182902 0.298397 0.936753 0.414453 -0.0264037 -0.13815 0.990059 0.386633 -0.994029 0.108524 -0.0113664 -0.49177 -0.105875 -0.984448 -0.140191 0.438161 
1532343741085 -0.168354 0.948258 -0.26919 -0.493437 -0.968609 -0.108471 0.223675 -0.280353 0.182902 0.298397 0.936753 0.414453 -0.026356 -0.13809 0.990069 0.386631 -0.994024 0.108576 -0.0113176 -0.491773 -0.105935 -0.98445 -0.140126 0.438189 
1532343741102 0.280859 -0.144209 0.948853 0.288043 -0.928369 -0.291562 0.230484 -0.483956 0.243412 -0.945619 -0.215767 0.481724 -0.0264599 -0.138059 0.99007 0.386649 -0.994009 0.108699 -0.0114078 -0.491784 -0.106045 -0.984441 -0.140108 0.438222 
1532343741382 0.230386 0.100464 0.967899 0.201489 -0.928601 -0.274647 0.24954 -0.456577 0.2909 -0.956282 0.0300161 0.473433 -0.0265809 -0.13802 0.990073 0.386666 -0.993994 0.108823 -0.0115158 -0.491758 -0.106154 -0.984433 -0.140084 0.438185 
1532343741605 0.170719 0.342841 0.92375 0.101413 -0.930775 -0.251486 0.265354 -0.431262 0.323285 -0.905105 0.276175 0.465959 -0.0267015 -0.13798 0.990075 0.386682 -0.993979 0.108948 -0.0116234 -0.491733 -0.106263 -0.984425 -0.140059 0.438152 
1532343741825 0.105057 0.563968 0.819086 0.00111836 -0.934654 -0.225339 0.275033 -0.40593 0.339682 -0.794457 0.503442 0.457344 -0.0268217 -0.137941 0.990077 0.386698 -0.993965 0.109073 -0.0117306 -0.49171 -0.106372 -0.984416 -0.140034 0.438123 
1532343741832 0.0375184 0.749587 0.660842 -0.0987622 -0.940026 -0.19789 0.277833 -0.380778 0.339034 -0.631632 0.697207 0.447782 -0.0269416 -0.137902 0.990079 0.386715 -0.99395 0.109197 -0.0118375 -0.491689 -0.106481 -0.984408 -0.14001 0.438097 
1532343742037 -0.027607 0.888123 0.458776 -0.198486 -0.946571 -0.170749 0.273585 -0.355503 0.321313 -0.426711 0.845385 0.439569 -0.0270614 -0.137863 0.990081 0.386731 -0.993935 0.109322 -0.0119442 -0.49167 -0.106591 -0.9844 -0.139986 0.438072 
1532343742215 -0.0860265 0.970274 0.226204 -0.298203 -0.953822 -0.145793 0.262619 -0.330305 0.287791 -0.193166 0.93801 0.431364 -0.0271809 -0.137825 0.990084 0.386748 -0.99392 0.109446 -0.0120508 -0.491651 -0.1067 -0.984391 -0.139961 0.438049 
1532343742417 -0.134026 0.990737 -0.021839 -0.397753 -0.96133 -0.124634 0.245584 -0.305179 0.240587 0.053909 0.969129 0.423237 -0.0273003 -0.137786 0.990086 0.386764 -0.993905 0.109571 -0.0121571 -0.491633 -0.10681 -0.984383 -0.139937 0.438028 
1532343742633 -0.168508 0.948228 -0.269201 -0.493507 -0.96858 -0.108606 0.223737 -0.280366 0.182917 0.298444 0.936735 0.414331 -0.0274187 -0.137747 0.990088 0.386782 -0.993889 0.109698 -0.0122623 -0.491617 -0.106921 -0.984374 -0.139913 0.438014 
1532343742873 -0.168508 0.948228 -0.269201 -0.493507 -0.96858 -0.108606 0.223737 -0.280366 0.182917 0.298444 0.936735 0.414331 -0.0274432 -0.137616 0.990105 0.386766 -0.993907 0.109532 -0.0123246 -0.491617 -0.106752 -0.984411 -0.139784 0.438066 
1532343742886 0.280904 -0.144206 0.94884 0.288147 -0.928348 -0.2916 0.23052 -0.483438 0.243439 -0.945608 -0.215785 0.481311 -0.0280185 -0.137413 0.990117 0.38684 -0.993771 0.110708 -0.0127573 -0.491575 -0.107861 -0.984308 -0.139659 0.438064 
1532343743133 0.230428 0.100432 0.967893 0.201402 -0.928592 -0.274648 0.24957 -0.456587 0.290894 -0.956286 0.0299733 0.473478 -0.0285961 -0.137207 0.990129 0.386912 -0.993634 0.111883 -0.0131931 -0.491519 -0.108968 -0.984203 -0.139533 0.438035 
1532343743338 0.170727 0.342832 0.923752 0.101394 -0.930773 -0.251487 0.265359 -0.431273 0.323285 -0.905108 0.276163 0.465962 -0.0291733 -0.137001 0.990141 0.386985 -0.993495 0.113058 -0.0136288 -0.491463 -0.110076 -0.984098 -0.139408 0.438008 
1532343743543 0.105066 0.563956 0.819094 0.00111044 -0.934651 -0.225344 0.275041 -0.405939 0.339689 -0.794464 0.503426 0.457331 -0.0297501 -0.136794 0.990153 0.387057 -0.993354 0.114233 -0.0140645 -0.491408 -0.111184 -0.983991 -0.139284 0.437982 
1532343743760 0.0375282 0.749589 0.660839 -0.0987292 -0.940027 -0.197879 0.277837 -0.380762 0.339029 -0.631633 0.697208 0.447746 -0.0303266 -0.136587 0.990164 0.38713 -0.993212 0.115407 -0.0145003 -0.491353 -0.112292 -0.983883 -0.13916 0.437956 
1532343743959 -0.0276005 0.888124 0.458774 -0.198454 -0.946568 -0.170746 0.273594 -0.355486 0.32132 -0.42671 0.845383 0.439553 -0.0309028 -0.136379 0.990175 0.387202 -0.993069 0.116582 -0.0149361 -0.491299 -0.113399 -0.983773 -0.139036 0.437932 
1532343744173 -0.0860301 0.970273 0.226205 -0.298191 -0.953818 -0.145799 0.262629 -0.330295 0.287802 -0.193164 0.938007 0.431374 -0.0314787 -0.13617 0.990185 0.387275 -0.992924 0.117756 -0.015372 -0.491245 -0.114507 -0.983662 -0.138913 0.437908 
1532343744376 -0.134034 0.990736 -0.0218383 -0.397759 -0.961327 -0.124642 0.24559 -0.305173 0.240593 0.0539113 0.969128 0.423252 -0.0320542 -0.135961 0.990196 0.387347 -0.992777 0.11893 -0.0158078 -0.491192 -0.115614 -0.98355 -0.138791 0.437885 
1532343744598 -0.168562 0.948217 -0.269205 -0.49354 -0.968567 -0.10865 0.223769 -0.280383 0.182933 0.298462 0.936726 0.414253 -0.0326273 -0.135751 0.990206 0.387418 -0.992629 0.120103 -0.0162418 -0.491146 -0.116722 -0.983436 -0.138669 0.437867 
1532343744797 -0.168562 0.948217 -0.269205 -0.49354 -0.968567 -0.10865 0.223769 -0.280383 0.182933 0.298462 0.936726 0.414253 -0.0325943 -0.135657 0.99022 0.38738 -0.992637 0.120033 -0.0162297 -0.491143 -0.116658 -0.983458 -0.138571 0.437861 
1532343744810 0.280953 -0.144226 0.948823 0.288128 -0.92833 -0.291629 0.230556 -0.483092 0.243452 -0.945596 -0.215823 0.481115 -0.0329418 -0.136346 0.990113 0.387548 -0.992781 0.118775 -0.0166744 -0.491141 -0.115327 -0.983515 -0.139274 0.438012 
1532343744999 0.23049 0.100383 0.967883 0.201255 -0.928577 -0.274659 0.249615 -0.456601 0.290895 -0.956288 0.0299074 0.47359 -0.0332933 -0.137033 0.990007 0.387715 -0.992923 0.117521 -0.0171247 -0.491133 -0.114 -0.98357 -0.139976 0.438148 
1532343745181 0.170765 0.342797 0.923758 0.10129 -0.930762 -0.251497 0.265388 -0.43131 0.323296 -0.905119 0.276115 0.466031 -0.0336439 -0.13772 0.9899 0.387883 -0.993062 0.116267 -0.0175757 -0.491124 -0.112672 -0.983623 -0.140676 0.438285 
1532343745373 0.105095 0.563921 0.819115 0.00103702 -0.93464 -0.22536 0.275067 -0.405981 0.339712 -0.794485 0.503378 0.45736 -0.0339929 -0.138408 0.989792 0.38805 -0.9932 0.115014 -0.0180269 -0.491115 -0.111345 -0.983674 -0.141377 0.438423 
1532343745552 0.0375279 0.749594 0.660833 -0.0987316 -0.940018 -0.197894 0.277857 -0.380768 0.339055 -0.631622 0.697205 0.447834 -0.0343416 -0.139096 0.989683 0.388217 -0.993336 0.113761 -0.0184797 -0.491107 -0.110016 -0.983723 -0.142076 0.438561 
1532343745748 -0.0276014 0.888124 0.458774 -0.198436 -0.946564 -0.170753 0.273605 -0.355472 0.321332 -0.426708 0.845379 0.439552 -0.0346897 -0.139785 0.989574 0.388385 -0.993471 0.112507 -0.0189339 -0.491099 -0.108687 -0.98377 -0.142775 0.4387 
1532343745932 -0.0860343 0.970272 0.226207 -0.298194 -0.953815 -0.145805 0.262635 -0.330288 0.28781 -0.193164 0.938005 0.431389 -0.0350365 -0.140474 0.989464 0.388552 -0.993603 0.111254 -0.0193884 -0.491091 -0.107358 -0.983814 -0.143473 0.438838 
1532343745938 -0.134039 0.990735 -0.0218372 -0.39777 -0.961326 -0.124647 0.245592 -0.305169 0.240595 0.0539115 0.969127 0.423263 -0.0353819 -0.141163 0.989354 0.388719 -0.993733 0.110001 -0.0198434 -0.491083 -0.106029 -0.983856 -0.14417 0.438976 
1532343746119 -0.168584 0.948212 -0.269209 -0.493562 -0.968562 -0.108667 0.223785 -0.280397 0.182942 0.298472 0.936721 0.414184 -0.0357253 -0.14185 0.989243 0.388881 -0.993862 0.108749 -0.0202983 -0.49107 -0.1047 -0.983896 -0.144864 0.43911 
1532343746355 -0.168584 0.948212 -0.269209 -0.493562 -0.968562 -0.108667 0.223785 -0.280397 0.182942 0.298472 0.936721 0.414184 -0.0356253 -0.141947 0.989233 0.388959 -0.993851 0.108872 -0.0201693 -0.491043 -0.104837 -0.983869 -0.144953 0.439063 
1532343746368 0.280998 -0.144242 0.948807 0.288096 -0.928313 -0.291654 0.23059 -0.482819 0.243463 -0.945586 -0.215856 0.48095 -0.0359204 -0.140961 0.989363 0.389057 -0.993897 0.10836 -0.0206463 -0.491044 -0.104297 -0.984067 -0.143993 0.438984 
1532343746569 0.230541 0.100342 0.967875 0.201134 -0.928564 -0.274668 0.249653 -0.456615 0.290895 -0.956289 0.0298515 0.473683 -0.0362174 -0.139974 0.989493 0.389156 -0.993943 0.107847 -0.0211243 -0.491044 -0.103757 -0.984264 -0.143032 0.438903 
1532343746780 0.170797 0.342767 0.923763 0.101203 -0.930753 -0.251505 0.265412 -0.431343 0.323306 -0.905127 0.276076 0.466091 -0.0365145 -0.138987 0.989621 0.389254 -0.993988 0.107333 -0.0216013 -0.491043 -0.103216 -0.98446 -0.142071 0.438821 
1532343747009 0.105117 0.563893 0.819131 0.000973621 -0.934631 -0.225373 0.275087 -0.406017 0.339729 -0.794501 0.503341 0.457391 -0.0368121 -0.138 0.989748 0.389353 -0.994033 0.106819 -0.0220778 -0.491043 -0.102677 -0.984655 -0.141109 0.43874 
1532343747016 0.0375321 0.749599 0.660828 -0.0987654 -0.940009 -0.197905 0.277879 -0.380786 0.339079 -0.631613 0.697202 0.447976 -0.0371102 -0.137014 0.989874 0.389451 -0.994078 0.106304 -0.0225537 -0.491043 -0.102137 -0.984849 -0.140147 0.438659 
1532343747278 -0.0276042 0.888124 0.458774 -0.198421 -0.94656 -0.17076 0.273615 -0.355467 0.321344 -0.426704 0.845377 0.439557 -0.0374088 -0.136027 0.989999 0.389549 -0.994122 0.105788 -0.0230291 -0.491043 -0.101598 -0.985041 -0.139185 0.438578 
1532343747502 -0.0860376 0.970272 0.226209 -0.298197 -0.953813 -0.14581 0.262641 -0.330284 0.287817 -0.193164 0.938003 0.431402 -0.0377078 -0.13504 0.990122 0.389648 -0.994166 0.105273 -0.023504 -0.491044 -0.101059 -0.985232 -0.138222 0.438498 
1532343747717 -0.134042 0.990735 -0.0218363 -0.397779 -0.961325 -0.12465 0.245593 -0.305167 0.240596 0.0539115 0.969127 0.423273 -0.0380073 -0.134054 0.990245 0.389746 -0.994209 0.104756 -0.0239781 -0.491046 -0.10052 -0.985422 -0.137259 0.43842 
1532343747723 -0.1686 0.948208 -0.269212 -0.493579 -0.968557 -0.108678 0.223798 -0.280408 0.18295 0.29848 0.936717 0.414128 -0.0383059 -0.13307 0.990366 0.389841 -0.994251 0.104241 -0.0244498 -0.491052 -0.0999837 -0.985609 -0.136298 0.438354 
1532343747918 -0.1686 0.948208 -0.269212 -0.493579 -0.968557 -0.108678 0.223798 -0.280408 0.18295 0.29848 0.936717 0.414128 -0.0379604 -0.13419 0.990228 0.389763 -0.994211 0.104747 -0.0239185 -0.491035 -0.100514 -0.985404 -0.137389 0.438393 
1532343747934 0.281038 -0.144255 0.948793 0.288061 -0.928299 -0.291676 0.230621 -0.482602 0.243472 -0.945577 -0.215884 0.480812 -0.0381009 -0.133466 0.990321 0.389845 -0.994239 0.104419 -0.0241791 -0.491054 -0.100181 -0.985537 -0.136675 0.43837 
1532343748141 0.230583 0.100307 0.967869 0.201035 -0.928554 -0.274675 0.249683 -0.456628 0.290895 -0.956291 0.0298053 0.47376 -0.0382429 -0.13274 0.990413 0.389927 -0.994267 0.104091 -0.0244409 -0.491065 -0.0998488 -0.98567 -0.13596 0.438332 
1532343748374 0.170823 0.342744 0.923767 0.101134 -0.930746 -0.251511 0.265431 -0.43137 0.323313 -0.905135 0.276044 0.466139 -0.0383851 -0.132014 0.990504 0.390009 -0.994295 0.103763 -0.0247025 -0.491075 -0.0995164 -0.985802 -0.135244 0.438294 
1532343748579 0.105134 0.563871 0.819143 0.000924371 -0.934624 -0.225382 0.275102 -0.406044 0.339743 -0.794514 0.503312 0.457415 -0.0385274 -0.131289 0.990595 0.39009 -0.994323 0.103434 -0.0249637 -0.491086 -0.0991841 -0.985933 -0.134529 0.438257 
1532343748760 0.0375375 0.749602 0.660824 -0.0987929 -0.940003 -0.197911 0.277895 -0.3808 0.339094 -0.631608 0.697199 0.448077 -0.0386699 -0.130563 0.990686 0.390172 -0.994351 0.103106 -0.0252246 -0.491098 -0.0988519 -0.986064 -0.133813 0.43822 
1532343749072 -0.0276058 0.888125 0.458773 -0.198407 -0.946557 -0.170766 0.273623 -0.355463 0.321354 -0.426701 0.845374 0.439558 -0.0388126 -0.129838 0.990775 0.390254 -0.994378 0.102777 -0.0254852 -0.49111 -0.0985197 -0.986194 -0.133097 0.438185 
1532343749275 -0.08604 0.970271 0.22621 -0.298197 -0.953811 -0.145814 0.262646 -0.330283 0.287823 -0.193163 0.938001 0.431411 -0.0389555 -0.129112 0.990865 0.390335 -0.994405 0.102448 -0.0257455 -0.491122 -0.0981877 -0.986324 -0.132381 0.438149 
1532343749453 -0.134044 0.990735 -0.0218355 -0.397787 -0.961325 -0.124652 0.245595 -0.305166 0.240598 0.0539115 0.969127 0.423281 -0.0390985 -0.128387 0.990953 0.390417 -0.994432 0.102118 -0.0260055 -0.491135 -0.0978558 -0.986453 -0.131665 0.438115 
1532343749646 -0.168613 0.948205 -0.269215 -0.493591 -0.968554 -0.108687 0.22381 -0.280418 0.182957 0.298487 0.936714 0.414082 -0.0392411 -0.127663 0.991041 0.390496 -0.994459 0.10179 -0.026264 -0.491149 -0.0975255 -0.98658 -0.13095 0.438089 
1532343749836 -0.168613 0.948205 -0.269215 -0.493591 -0.968554 -0.108687 0.22381 -0.280418 0.182957 0.298487 0.936714 0.414082 -0.0392022 -0.127823 0.991022 0.390511 -0.994439 0.10201 -0.02618 -0.491161 -0.0977476 -0.986537 -0.131111 0.438008 
1532343749849 0.281073 -0.144265 0.948781 0.288025 -0.928286 -0.291695 0.230648 -0.482429 0.24348 -0.945569 -0.215907 0.480699 -0.0391517 -0.128075 0.990991 0.390584 -0.994434 0.102083 -0.0260946 -0.491209 -0.0978212 -0.986497 -0.131359 0.438103 
1532343750037 0.230618 0.100279 0.967863 0.200954 -0.928545 -0.274681 0.249709 -0.456641 0.290895 -0.956292 0.0297667 0.473825 -0.0391019 -0.128326 0.990961 0.390657 -0.994428 0.102155 -0.0260101 -0.491248 -0.0978935 -0.986457 -0.131606 0.438182 
1532343750225 0.170844 0.342725 0.923771 0.101078 -0.93074 -0.251516 0.265447 -0.431392 0.323319 -0.90514 0.276018 0.466178 -0.0390517 -0.128577 0.99093 0.39073 -0.994423 0.102227 -0.025925 -0.491288 -0.097966 -0.986417 -0.131852 0.438262 
1532343750523 0.105148 0.563855 0.819153 0.00088463 -0.934618 -0.22539 0.275114 -0.406067 0.339753 -0.794523 0.503289 0.457434 -0.0390022 -0.128828 0.9909 0.390802 -0.994418 0.102298 -0.0258408 -0.491327 -0.0980381 -0.986376 -0.132099 0.438343 
1532343750787 0.0375425 0.749603 0.660822 -0.0988158 -0.939999 -0.197914 0.277907 -0.380811 0.339106 -0.631605 0.697196 0.448155 -0.0389523 -0.129079 0.990869 0.390875 -0.994413 0.10237 -0.025756 -0.491368 -0.0981111 -0.986336 -0.132345 0.438425 
1532343750985 -0.0276063 0.888125 0.458771 -0.198396 -0.946554 -0.170769 0.27363 -0.355461 0.321362 -0.426698 0.845373 0.439558 -0.0389022 -0.12933 0.990838 0.390948 -0.994408 0.102442 -0.025671 -0.491409 -0.0981831 -0.986296 -0.132592 0.438508 
1532343751154 -0.0860414 0.970271 0.22621 -0.298197 -0.953809 -0.145816 0.262651 -0.330283 0.287827 -0.193162 0.938 0.431419 -0.0388521 -0.129581 0.990807 0.391021 -0.994403 0.102513 -0.025586 -0.491451 -0.0982555 -0.986255 -0.132839 0.438592 
1532343751287 -0.134046 0.990735 -0.021835 -0.397792 -0.961324 -0.124654 0.245596 -0.305167 0.240599 0.0539117 0.969126 0.423288 -0.0388023 -0.129832 0.990776 0.391093 -0.994397 0.102585 -0.0255013 -0.491492 -0.098328 -0.986215 -0.133085 0.438675 
1532343751459 -0.168622 0.948203 -0.269218 -0.4936 -0.968551 -0.108693 0.223819 -0.280426 0.182964 0.298492 0.936711 0.414045 -0.0387521 -0.130083 0.990746 0.391164 -0.994392 0.102656 -0.0254162 -0.491528 -0.0984001 -0.986175 -0.133331 0.438754 
1532343751617 -0.168622 0.948203 -0.269218 -0.4936 -0.968551 -0.108693 0.223819 -0.280426 0.182964 0.298492 0.936711 0.414045 -0.0387216 -0.130001 0.990757 0.391129 -0.994398 0.102599 -0.0254014 -0.491511 -0.0983489 -0.986191 -0.133246 0.438776 
1532343751631 0.281103 -0.144274 0.948771 0.287991 -0.928276 -0.29171 0.230672 -0.482292 0.243486 -0.945563 -0.215927 0.480606 -0.0388564 -0.13036 0.990705 0.391219 -0.994392 0.102636 -0.0254959 -0.491532 -0.0983582 -0.98614 -0.133617 0.438876 
1532343751814 0.230646 0.100255 0.967859 0.200888 -0.928538 -0.274687 0.249729 -0.456652 0.290895 -0.956293 0.0297348 0.473877 -0.0389905 -0.130719 0.990653 0.391309 -0.994386 0.102672 -0.0255896 -0.491553 -0.0983677 -0.986089 -0.133988 0.438976 
1532343752032 0.17086 0.342709 0.923773 0.101032 -0.930736 -0.251521 0.26546 -0.43141 0.323323 -0.905145 0.275997 0.466211 -0.0391244 -0.131077 0.9906 0.391399 -0.99438 0.102709 -0.0256831 -0.491574 -0.098377 -0.986037 -0.134359 0.439076 
1532343752249 0.105159 0.563841 0.819161 0.000852765 -0.934614 -0.225396 0.275124 -0.406085 0.339761 -0.794531 0.503271 0.45745 -0.0392583 -0.131435 0.990547 0.391489 -0.994374 0.102745 -0.0257767 -0.491595 -0.0983863 -0.985986 -0.134729 0.439176 
1532343752476 0.0375466 0.749604 0.66082 -0.0988348 -0.939995 -0.197917 0.277917 -0.38082 0.339115 -0.631603 0.697193 0.448214 -0.0393922 -0.131794 0.990494 0.39158 -0.994367 0.102782 -0.0258702 -0.491616 -0.0983956 -0.985934 -0.1351 0.439276 
1532343752684 -0.0276061 0.888126 0.45877 -0.198387 -0.946552 -0.170771 0.273635 -0.355459 0.321367 -0.426696 0.845372 0.439556 -0.0395262 -0.132152 0.990441 0.39167 -0.994361 0.102819 -0.0259638 -0.491637 -0.0984048 -0.985882 -0.135471 0.439376 
1532343752861 -0.0860423 0.970271 0.22621 -0.298197 -0.953808 -0.145818 0.262654 -0.330283 0.287831 -0.193162 0.937999 0.431424 -0.0396602 -0.132511 0.990388 0.39176 -0.994355 0.102856 -0.0260573 -0.491658 -0.098414 -0.98583 -0.135842 0.439476 
1532343752868 -0.134047 0.990734 -0.0218346 -0.397796 -0.961323 -0.124655 0.245598 -0.305168 0.240601 0.0539118 0.969126 0.423293 -0.0397943 -0.132869 0.990334 0.39185 -0.994349 0.102892 -0.026151 -0.491679 -0.0984231 -0.985778 -0.136212 0.439576 
1532343753029 -0.16863 0.948201 -0.269221 -0.493607 -0.968549 -0.108698 0.223827 -0.280433 0.182969 0.298497 0.936708 0.414016 -0.0399275 -0.133226 0.990281 0.391937 -0.994342 0.102929 -0.0262439 -0.491696 -0.098432 -0.985726 -0.136582 0.439671 
1532343753232 -0.16863 0.948201 -0.269221 -0.493607 -0.968549 -0.108698 0.223827 -0.280433 0.182969 0.298497 0.936708 0.414016 -0.039923 -0.133266 0.990276 0.391926 -0.994339 0.102964 -0.0262304 -0.491678 -0.098467 -0.985717 -0.136623 0.439606 
1532343753245 0.281128 -0.144281 0.948762 0.287961 -0.928267 -0.291723 0.230692 -0.482185 0.243492 -0.945558 -0.215943 0.480531 -0.0401226 -0.132977 0.990307 0.392025 -0.994335 0.102944 -0.0264626 -0.491683 -0.0984274 -0.985758 -0.136354 0.439621 
1532343753543 0.23067 0.100235 0.967856 0.200836 -0.928532 -0.274691 0.249746 -0.456661 0.290895 -0.956294 0.029709 0.47392 -0.0403217 -0.132688 0.990337 0.392123 -0.994331 0.102924 -0.0266942 -0.491688 -0.0983878 -0.985799 -0.136086 0.439636 
1532343753550 0.170874 0.342697 0.923775 0.100996 -0.930732 -0.251524 0.26547 -0.431425 0.323327 -0.905149 0.27598 0.466237 -0.0405204 -0.1324 0.990368 0.392222 -0.994327 0.102905 -0.0269254 -0.491693 -0.0983484 -0.98584 -0.135818 0.439651 
1532343753712 0.105168 0.563831 0.819167 0.000827589 -0.934611 -0.2254 0.275131 -0.406099 0.339768 -0.794537 0.503258 0.457463 -0.0407194 -0.132111 0.990398 0.392321 -0.994323 0.102885 -0.0271568 -0.491698 -0.0983089 -0.985881 -0.13555 0.439666 
1532343753917 0.0375493 0.749605 0.660819 -0.0988507 -0.939993 -0.197919 0.277924 -0.380829 0.339122 -0.631601 0.697192 0.448262 -0.0409184 -0.131822 0.990428 0.392419 -0.994318 0.102864 -0.0273883 -0.491703 -0.0982695 -0.985922 -0.135282 0.439681 
1532343754079 -0.0276066 0.888128 0.458766 -0.198398 -0.946548 -0.170776 0.273647 -0.355468 0.32138 -0.42669 0.84537 0.439604 -0.0411176 -0.131534 0.990459 0.392518 -0.994314 0.102844 -0.0276199 -0.491707 -0.09823 -0.985962 -0.135014 0.439697 
1532343754229 -0.0860431 0.970271 0.22621 -0.298197 -0.953807 -0.145819 0.262657 -0.330284 0.287835 -0.193161 0.937998 0.431429 -0.0413166 -0.131245 0.990489 0.392617 -0.99431 0.102824 -0.0278512 -0.491712 -0.0981906 -0.986003 -0.134746 0.439712 
1532343754433 -0.134048 0.990734 -0.0218344 -0.397799 -0.961323 -0.124656 0.245599 -0.305169 0.240602 0.0539121 0.969125 0.423297 -0.0415154 -0.130956 0.990519 0.392716 -0.994305 0.102804 -0.0280825 -0.491717 -0.0981514 -0.986044 -0.134478 0.439727 
1532343754633 -0.168635 0.948199 -0.269223 -0.493612 -0.968547 -0.108701 0.223833 -0.280439 0.182974 0.298502 0.936706 0.413993 -0.0417139 -0.130668 0.990548 0.392811 -0.994301 0.102783 -0.0283132 -0.491722 -0.0981123 -0.986084 -0.134211 0.439743 
1532343754837 -0.168635 0.948199 -0.269223 -0.493612 -0.968547 -0.108701 0.223833 -0.280439 0.182974 0.298502 0.936706 0.413993 -0.0415801 -0.130613 0.990561 0.392843 -0.99431 0.102728 -0.0281921 -0.491703 -0.0980758 -0.986097 -0.134141 0.439798 
1532343754850 0.281148 -0.144286 0.948756 0.287935 -0.928259 -0.291734 0.230708 -0.482102 0.243496 -0.945554 -0.215955 0.48047 -0.0417081 -0.130287 0.990599 0.392947 -0.994306 0.10272 -0.0283541 -0.491721 -0.0980602 -0.986141 -0.13383 0.439781 
1532343755015 0.230687 0.10022 0.967853 0.200795 -0.928528 -0.274694 0.249759 -0.456669 0.290895 -0.956294 0.0296889 0.473954 -0.0418359 -0.129961 0.990636 0.393051 -0.994302 0.102712 -0.0285159 -0.491739 -0.0980447 -0.986185 -0.133518 0.439763 
1532343755182 0.170884 0.342688 0.923777 0.100968 -0.930729 -0.251526 0.265477 -0.431436 0.32333 -0.905152 0.275968 0.466257 -0.0419633 -0.129636 0.990673 0.393155 -0.994298 0.102705 -0.0286773 -0.491757 -0.0980294 -0.986228 -0.133206 0.439746 
1532343755372 0.105173 0.563824 0.819171 0.0008107 -0.934609 -0.225402 0.275136 -0.406108 0.339771 -0.794541 0.503249 0.457472 -0.0420909 -0.12931 0.990711 0.393259 -0.994295 0.102697 -0.0288389 -0.491775 -0.098014 -0.986272 -0.132895 0.439728 
1532343755564 0.0375506 0.749605 0.660819 -0.0988607 -0.939991 -0.197921 0.277927 -0.380835 0.339125 -0.631601 0.697191 0.44829 -0.0422186 -0.128984 0.990748 0.393363 -0.994291 0.102689 -0.0290006 -0.491793 -0.0979986 -0.986315 -0.132583 0.439711 
1532343755769 -0.0276049 0.888129 0.458764 -0.198414 -0.946545 -0.170778 0.273657 -0.355475 0.321389 -0.426687 0.845368 0.439649 -0.0423463 -0.128658 0.990784 0.393468 -0.994287 0.102681 -0.0291624 -0.491811 -0.0979831 -0.986359 -0.132271 0.439694 
1532343755930 -0.0860438 0.970271 0.226209 -0.298195 -0.953806 -0.14582 0.262661 -0.330286 0.287838 -0.19316 0.937997 0.431432 -0.042474 -0.128332 0.990821 0.393572 -0.994283 0.102673 -0.029324 -0.491829 -0.0979678 -0.986402 -0.131959 0.439676 
1532343756109 -0.134049 0.990734 -0.0218346 -0.3978 -0.961322 -0.124657 0.245601 -0.305171 0.240604 0.0539128 0.969125 0.4233 -0.0426015 -0.128006 0.990858 0.393676 -0.994279 0.102666 -0.0294855 -0.491847 -0.0979526 -0.986445 -0.131648 0.439659 
1532343756269 -0.16864 0.948197 -0.269226 -0.493615 -0.968545 -0.108704 0.223839 -0.280444 0.182978 0.298505 0.936704 0.413976 -0.0427288 -0.127681 0.990894 0.393776 -0.994275 0.102658 -0.0296466 -0.491865 -0.0979375 -0.986488 -0.131337 0.439643 
1532343756430 -0.16864 0.948197 -0.269226 -0.493615 -0.968545 -0.108704 0.223839 -0.280444 0.182978 0.298505 0.936704 0.413976 -0.0427921 -0.127758 0.990882 0.393726 -0.994268 0.102713 -0.0296952 -0.491872 -0.0979824 -0.986473 -0.131421 0.439622 
1532343756444 0.28115 -0.144278 0.948756 0.287952 -0.928257 -0.291738 0.23071 -0.482045 0.243502 -0.945554 -0.215949 0.480418 -0.0429547 -0.127907 0.990856 0.393871 -0.994251 0.102836 -0.0298271 -0.491892 -0.0980806 -0.98644 -0.131589 0.439678 
1532343756670 0.230701 0.100209 0.967851 0.200764 -0.928524 -0.274697 0.249768 -0.456674 0.290894 -0.956295 0.029674 0.473978 -0.0431167 -0.128054 0.990829 0.394016 -0.994234 0.10296 -0.0299584 -0.491912 -0.0981792 -0.986408 -0.131755 0.439734 
1532343756833 0.170891 0.342681 0.923778 0.100949 -0.930727 -0.251528 0.265482 -0.431444 0.323332 -0.905154 0.275959 0.466272 -0.0432801 -0.128202 0.990803 0.394161 -0.994217 0.103084 -0.030091 -0.491932 -0.0982781 -0.986376 -0.131922 0.439791 
1532343757078 0.105177 0.56382 0.819173 0.000798929 -0.934608 -0.225404 0.275139 -0.406114 0.339774 -0.794544 0.503243 0.457479 -0.0434428 -0.12835 0.990777 0.394306 -0.994201 0.103208 -0.0302229 -0.491952 -0.0983767 -0.986344 -0.132089 0.439847 
1532343757250 0.0375517 0.749606 0.660819 -0.0988674 -0.939991 -0.197921 0.27793 -0.380838 0.339128 -0.6316 0.69719 0.448308 -0.0436056 -0.128498 0.990751 0.394451 -0.994184 0.103332 -0.0303548 -0.491972 -0.0984753 -0.986312 -0.132256 0.439903 
1532343757534 -0.0276035 0.88813 0.458763 -0.198424 -0.946543 -0.170779 0.273662 -0.355479 0.321395 -0.426685 0.845367 0.439676 -0.0437677 -0.128645 0.990724 0.394596 -0.994167 0.103455 -0.0304861 -0.491992 -0.098574 -0.98628 -0.132423 0.439959 
1532343757697 -0.086044 0.970271 0.226209 -0.298194 -0.953805 -0.145821 0.262663 -0.330288 0.28784 -0.193159 0.937997 0.431434 -0.0439312 -0.128793 0.990698 0.394741 -0.99415 0.103579 -0.0306187 -0.492012 -0.0986724 -0.986247 -0.13259 0.440015 
1532343757847 -0.13405 0.990734 -0.0218348 -0.397801 -0.961322 -0.124658 0.245603 -0.305172 0.240605 0.0539133 0.969125 0.423302 -0.044094 -0.12894 0.990672 0.394886 -0.994133 0.103703 -0.0307507 -0.492032 -0.0987709 -0.986215 -0.132756 0.440071 
1532343758012 -0.168644 0.948196 -0.269228 -0.493617 -0.968544 -0.108705 0.223844 -0.280449 0.182981 0.298509 0.936702 0.413964 -0.044256 -0.129087 0.990645 0.395026 -0.994116 0.103827 -0.0308818 -0.492049 -0.0988693 -0.986183 -0.132923 0.440124 
1532343758168 -0.168644 0.948196 -0.269228 -0.493617 -0.968544 -0.108705 0.223844 -0.280449 0.182981 0.298509 0.936702 0.413964 -0.0442194 -0.129006 0.990657 0.395016 -0.994124 0.103756 -0.0308629 -0.492031 -0.0988049 -0.986201 -0.132835 0.440121 
1532343758182 0.281149 -0.144271 0.948758 0.287968 -0.928256 -0.291741 0.230711 -0.482006 0.243507 -0.945554 -0.215943 0.480382 -0.0444506 -0.129215 0.99062 0.395169 -0.994108 0.103845 -0.0310618 -0.492049 -0.0988569 -0.986164 -0.13307 0.440188 
1532343758188 0.23071 0.100201 0.967849 0.200742 -0.928522 -0.274698 0.249775 -0.456679 0.290894 -0.956295 0.0296629 0.473997 -0.0446823 -0.129425 0.990582 0.395321 -0.994093 0.103933 -0.0312612 -0.492068 -0.0989086 -0.986127 -0.133304 0.440255 
1532343758385 0.170896 0.342677 0.923779 0.100934 -0.930726 -0.251529 0.265486 -0.43145 0.323333 -0.905155 0.275952 0.466283 -0.0449137 -0.129635 0.990544 0.395474 -0.994077 0.104022 -0.0314603 -0.492086 -0.0989602 -0.98609 -0.133539 0.440322 
1532343758577 0.105179 0.563817 0.819175 0.000790393 -0.934607 -0.225405 0.275141 -0.406118 0.339776 -0.794546 0.503239 0.457484 -0.0451452 -0.129844 0.990506 0.395626 -0.994062 0.104111 -0.0316595 -0.492104 -0.0990118 -0.986053 -0.133773 0.440389 
1532343758758 0.0375524 0.749606 0.660819 -0.0988722 -0.93999 -0.197922 0.277931 -0.380841 0.339129 -0.6316 0.697189 0.44832 -0.0453768 -0.130054 0.990468 0.395779 -0.994046 0.1042 -0.0318587 -0.492123 -0.0990633 -0.986016 -0.134008 0.440456 
1532343758925 -0.0276025 0.88813 0.458763 -0.198431 -0.946541 -0.17078 0.273667 -0.355482 0.321399 -0.426684 0.845366 0.439695 -0.0456085 -0.130264 0.99043 0.395932 -0.99403 0.104289 -0.032058 -0.492141 -0.0991148 -0.985979 -0.134242 0.440522 
1532343759098 -0.0860442 0.970271 0.226209 -0.298193 -0.953805 -0.145821 0.262665 -0.330289 0.287842 -0.193158 0.937996 0.431435 -0.0458401 -0.130473 0.990392 0.396084 -0.994014 0.104378 -0.0322572 -0.492159 -0.0991662 -0.985942 -0.134477 0.440589 
1532343759293 -0.13405 0.990734 -0.021835 -0.397802 -0.961322 -0.124658 0.245604 -0.305174 0.240606 0.0539137 0.969124 0.423303 -0.0460717 -0.130683 0.990353 0.396237 -0.993999 0.104467 -0.0324563 -0.492177 -0.0992175 -0.985905 -0.134711 0.440656 
1532343759500 -0.168646 0.948195 -0.269229 -0.493619 -0.968543 -0.108706 0.223847 -0.280453 0.182983 0.298511 0.936701 0.413955 -0.0463023 -0.130891 0.990315 0.396384 -0.993983 0.104556 -0.0326546 -0.492192 -0.0992687 -0.985868 -0.134945 0.440719 
1532343759681 -0.168646 0.948195 -0.269229 -0.493619 -0.968543 -0.108706 0.223847 -0.280453 0.182983 0.298511 0.936701 0.413955 -0.0463942 -0.130918 0.990307 0.396336 -0.993969 0.104668 -0.0327288 -0.492258 -0.0993684 -0.985853 -0.134984 0.440659 
1532343759694 0.281149 -0.144266 0.948759 0.287981 -0.928255 -0.291744 0.230711 -0.481978 0.243511 -0.945554 -0.215939 0.480357 -0.0467791 -0.130889 0.990293 0.3966 -0.993942 0.104803 -0.0330995 -0.492281 -0.0994533 -0.985842 -0.134999 0.440737 
1532343759882 0.230718 0.100195 0.967848 0.200726 -0.92852 -0.2747 0.24978 -0.456683 0.290894 -0.956295 0.0296546 0.474011 -0.0471647 -0.13086 0.990278 0.396864 -0.993915 0.104938 -0.0334709 -0.492304 -0.0995374 -0.985831 -0.135014 0.440814 
1532343760085 0.1709 0.342673 0.923779 0.100923 -0.930724 -0.25153 0.265489 -0.431455 0.323334 -0.905156 0.275948 0.466291 -0.0475495 -0.130832 0.990264 0.397127 -0.993889 0.105072 -0.0338417 -0.492327 -0.0996215 -0.985821 -0.135028 0.440892 
1532343760092 0.105181 0.563815 0.819176 0.000784139 -0.934606 -0.225406 0.275143 -0.406122 0.339777 -0.794547 0.503236 0.457487 -0.0479348 -0.130803 0.990249 0.397391 -0.993862 0.105207 -0.0342128 -0.49235 -0.0997056 -0.98581 -0.135043 0.440969 
1532343760278 0.0375529 0.749606 0.660819 -0.0988756 -0.93999 -0.197922 0.277932 -0.380843 0.33913 -0.6316 0.697189 0.448329 -0.0483201 -0.130774 0.990234 0.397655 -0.993835 0.105341 -0.0345841 -0.492373 -0.0997895 -0.9858 -0.135058 0.441047 
1532343760495 -0.0276017 0.88813 0.458762 -0.198437 -0.946541 -0.170781 0.27367 -0.355485 0.321402 -0.426683 0.845365 0.439709 -0.0487057 -0.130745 0.990219 0.397919 -0.993807 0.105475 -0.0349555 -0.492396 -0.0998734 -0.985789 -0.135073 0.441125 
1532343760502 -0.0860442 0.970271 0.226208 -0.298193 -0.953804 -0.145822 0.262666 -0.33029 0.287843 -0.193158 0.937996 0.431435 -0.0490909 -0.130717 0.990204 0.398183 -0.99378 0.10561 -0.0353267 -0.492419 -0.0999573 -0.985779 -0.135088 0.441202 
1532343760675 -0.134051 0.990734 -0.0218351 -0.397802 -0.961321 -0.124658 0.245604 -0.305175 0.240607 0.053914 0.969124 0.423304 -0.049476 -0.130688 0.990188 0.398446 -0.993752 0.105744 -0.0356978 -0.492442 -0.100041 -0.985768 -0.135103 0.44128 
1532343760903 -0.168648 0.948195 -0.26923 -0.49362 -0.968542 -0.108707 0.223849 -0.280456 0.182985 0.298513 0.9367 0.413949 -0.0498597 -0.130658 0.990173 0.398702 -0.993725 0.105878 -0.0360674 -0.492461 -0.100125 -0.985758 -0.135117 0.441354 
1532343761105 -0.168648 0.948195 -0.26923 -0.49362 -0.968542 -0.108707 0.223849 -0.280456 0.182985 0.298513 0.9367 0.413949 -0.0500015 -0.13064 0.990168 0.398656 -0.993712 0.105954 -0.0362012 -0.492501 -0.100183 -0.985752 -0.135116 0.441296 
1532343761118 0.281148 -0.144262 0.948759 0.28799 -0.928255 -0.291746 0.230711 -0.481958 0.243513 -0.945554 -0.215936 0.480339 -0.0503593 -0.130607 0.990154 0.398926 -0.993677 0.106165 -0.0365347 -0.492538 -0.100348 -0.985734 -0.135127 0.441373 
1532343761337 0.230723 0.10019 0.967848 0.200715 -0.928519 -0.274701 0.249784 -0.456685 0.290894 -0.956296 0.0296487 0.474021 -0.0507176 -0.130572 0.990141 0.399196 -0.993642 0.106377 -0.0368687 -0.492576 -0.100514 -0.985715 -0.135137 0.441449 
1532343761531 0.170903 0.34267 0.92378 0.100916 -0.930724 -0.251531 0.265491 -0.431458 0.323335 -0.905157 0.275944 0.466296 -0.0510752 -0.130538 0.990127 0.399466 -0.993607 0.106588 -0.0372021 -0.492613 -0.10068 -0.985697 -0.135148 0.441526 
1532343761726 0.105183 0.563813 0.819177 0.00077964 -0.934606 -0.225407 0.275144 -0.406124 0.339778 -0.794548 0.503234 0.45749 -0.0514332 -0.130504 0.990113 0.399736 -0.993572 0.1068 -0.0375359 -0.492651 -0.100845 -0.985679 -0.135158 0.441602 
1532343761935 0.0375533 0.749606 0.660819 -0.0988782 -0.939989 -0.197922 0.277933 -0.380844 0.339131 -0.6316 0.697189 0.448335 -0.0517913 -0.13047 0.990099 0.400006 -0.993536 0.107011 -0.0378698 -0.492688 -0.101011 -0.98566 -0.135169 0.441679 
1532343762139 -0.0276012 0.88813 0.458762 -0.198441 -0.94654 -0.170781 0.273672 -0.355486 0.321404 -0.426683 0.845365 0.439719 -0.0521496 -0.130436 0.990084 0.400276 -0.993501 0.107222 -0.0382039 -0.492725 -0.101176 -0.985642 -0.135179 0.441756 
1532343762146 -0.0860443 0.970271 0.226208 -0.298193 -0.953804 -0.145822 0.262667 -0.33029 0.287844 -0.193157 0.937996 0.431436 -0.0525076 -0.130401 0.99007 0.400546 -0.993465 0.107433 -0.0385377 -0.492763 -0.101341 -0.985623 -0.13519 0.441832 
1532343762334 -0.134051 0.990734 -0.0218352 -0.397802 -0.961321 -0.124658 0.245605 -0.305175 0.240607 0.0539143 0.969124 0.423305 -0.0528655 -0.130367 0.990055 0.400816 -0.993429 0.107645 -0.0388714 -0.4928 -0.101507 -0.985605 -0.135201 0.441909 
1532343762550 -0.168649 0.948194 -0.269231 -0.49362 -0.968542 -0.108708 0.22385 -0.280457 0.182986 0.298514 0.936699 0.413945 -0.053222 -0.130332 0.990041 0.401077 -0.993393 0.107856 -0.0392038 -0.492833 -0.101672 -0.985587 -0.135211 0.441982 
1532343762747 -0.168649 0.948194 -0.269231 -0.49362 -0.968542 -0.108708 0.22385 -0.280457 0.182986 0.298514 0.936699 0.413945 -0.0532193 -0.130329 0.990041 0.401078 -0.9934 0.107793 -0.0392099 -0.492824 -0.101609 -0.985594 -0.135206 0.441942 
1532343762761 0.281148 -0.14426 0.94876 0.287996 -0.928254 -0.291747 0.230711 -0.481944 0.243515 -0.945554 -0.215934 0.480326 -0.0534773 -0.130141 0.990052 0.401337 -0.99341 0.107584 -0.0395169 -0.492863 -0.101371 -0.985641 -0.135037 0.441983 
1532343762950 0.230727 0.100187 0.967847 0.200707 -0.928518 -0.274702 0.249787 -0.456687 0.290894 -0.956296 0.0296444 0.474028 -0.0537353 -0.129952 0.990063 0.401596 -0.993421 0.107375 -0.039824 -0.492903 -0.101132 -0.985689 -0.134867 0.442024 
1532343763145 0.170905 0.342669 0.92378 0.10091 -0.930723 -0.251531 0.265493 -0.43146 0.323335 -0.905158 0.275942 0.466301 -0.0539928 -0.129763 0.990074 0.401855 -0.993431 0.107165 -0.0401304 -0.492942 -0.100894 -0.985737 -0.134697 0.442066 
1532343763327 0.105184 0.563812 0.819178 0.000776418 -0.934605 -0.225407 0.275145 -0.406126 0.339779 -0.794549 0.503232 0.457491 -0.0542507 -0.129574 0.990085 0.402114 -0.993441 0.106956 -0.0404371 -0.492981 -0.100656 -0.985784 -0.134527 0.442107 
1532343763521 0.0375536 0.749606 0.660818 -0.09888 -0.939989 -0.197923 0.277934 -0.380845 0.339132 -0.6316 0.697188 0.44834 -0.0545088 -0.129385 0.990095 0.402373 -0.993451 0.106746 -0.040744 -0.493021 -0.100417 -0.985832 -0.134356 0.442148 
1532343763725 -0.0276008 0.888131 0.458762 -0.198444 -0.946539 -0.170781 0.273673 -0.355487 0.321405 -0.426682 0.845364 0.439726 -0.054767 -0.129196 0.990106 0.402631 -0.993461 0.106536 -0.0410509 -0.49306 -0.100179 -0.985879 -0.134186 0.442189 
1532343763921 -0.0860443 0.970271 0.226208 -0.298192 -0.953804 -0.145822 0.262667 -0.330291 0.287844 -0.193157 0.937996 0.431436 -0.055025 -0.129007 0.990116 0.40289 -0.993471 0.106327 -0.0413576 -0.493099 -0.0999403 -0.985927 -0.134016 0.44223 
1532343764131 -0.134051 0.990734 -0.0218353 -0.397802 -0.961321 -0.124659 0.245605 -0.305176 0.240608 0.0539144 0.969124 0.423306 -0.055283 -0.128818 0.990126 0.403149 -0.99348 0.106117 -0.0416642 -0.493138 -0.099702 -0.985974 -0.133845 0.442271 
1532343764343 -0.16865 0.948194 -0.269232 -0.493621 -0.968542 -0.108708 0.223852 -0.280459 0.182987 0.298515 0.936699 0.413942 -0.0555399 -0.12863 0.990136 0.4034 -0.99349 0.105907 -0.0419695 -0.493173 -0.0994638 -0.986021 -0.133675 0.442312 
1532343764538 -0.16865 0.948194 -0.269232 -0.493621 -0.968542 -0.108708 0.223852 -0.280459 0.182987 0.298515 0.936699 0.413942 -0.0555486 -0.128524 0.990149 0.403402 -0.993477 0.106024 -0.0419731 -0.493161 -0.0995853 -0.986022 -0.133575 0.442316 
1532343764551 0.281148 -0.144258 0.94876 0.288001 -0.928254 -0.291748 0.230711 -0.481934 0.243517 -0.945554 -0.215932 0.480317 -0.0559587 -0.128688 0.990105 0.40368 -0.99343 0.10633 -0.0423264 -0.493199 -0.0998307 -0.985968 -0.133793 0.442394 
