1533723692075 0.0806003 0.849022 -0.522173 -0.493456 -0.94671 0.229107 0.226385 -0.0445002 0.311839 0.4761 0.822244 0.600683 0.16008 -0.304787 0.938871 0.370831 -0.775623 0.549475 0.310623 -0.528794 -0.61056 -0.777934 -0.14844 0.432481 
1533723692085 0.0820077 0.848182 -0.523319 -0.505699 -0.947099 0.229803 0.224042 -0.0637564 0.310289 0.477261 0.822157 0.582073 0.316225 -0.384867 0.86711 0.400813 -0.930002 -0.30626 0.203228 -0.504337 0.187345 -0.870679 -0.454774 0.485882 
1533723693051 0.0834173 0.847339 -0.52446 -0.517941 -0.947482 0.230496 0.221698 -0.0830125 0.308739 0.478423 0.822066 0.563463 0.316225 -0.384867 0.86711 0.400813 -0.930002 -0.30626 0.203228 -0.504337 0.187345 -0.870679 -0.454774 0.485882 
1533723694008 0.0848289 0.846494 -0.525597 -0.530184 -0.94786 0.231185 0.219352 -0.102269 0.307191 0.479585 0.821969 0.544854 0.316225 -0.384867 0.86711 0.400813 -0.930002 -0.30626 0.203228 -0.504337 0.187345 -0.870679 -0.454774 0.485882 
1533723694936 0.0862424 0.845647 -0.526729 -0.542426 -0.948233 0.231871 0.217005 -0.121526 0.305642 0.480747 0.821867 0.526243 0.316225 -0.384867 0.86711 0.400813 -0.930002 -0.30626 0.203228 -0.504337 0.187345 -0.870679 -0.454774 0.485882 
1533723695844 0.0876577 0.844798 -0.527857 -0.554669 -0.9486 0.232552 0.214656 -0.140783 0.304095 0.481909 0.82176 0.507633 0.316225 -0.384867 0.86711 0.400813 -0.930002 -0.30626 0.203228 -0.504337 0.187345 -0.870679 -0.454774 0.485882 
1533723695851 0.089075 0.843946 -0.528981 -0.566911 -0.948963 0.233231 0.212305 -0.160041 0.302549 0.483072 0.821648 0.489023 0.316225 -0.384867 0.86711 0.400813 -0.930002 -0.30626 0.203228 -0.504337 0.187345 -0.870679 -0.454774 0.485882 
1533723697082 0.0904943 0.843092 -0.5301 -0.579152 -0.94932 0.233906 0.209953 -0.179299 0.301003 0.484235 0.821531 0.470413 0.316225 -0.384867 0.86711 0.400813 -0.930002 -0.30626 0.203228 -0.504337 0.187345 -0.870679 -0.454774 0.485882 
1533723697942 0.091916 0.842236 -0.531215 -0.591391 -0.949672 0.234577 0.207598 -0.198555 0.299458 0.485399 0.821409 0.451803 0.316225 -0.384867 0.86711 0.400813 -0.930002 -0.30626 0.203228 -0.504337 0.187345 -0.870679 -0.454774 0.485882 
1533723697948 0.0937166 0.841143 -0.532631 -0.602085 -0.950024 0.235563 0.20485 -0.216649 0.297777 0.486814 0.821183 0.433508 0.316379 -0.384993 0.866998 0.401317 -0.929989 -0.306181 0.203405 -0.505249 0.187149 -0.870651 -0.454908 0.48631 
1533723699185 0.094235 0.841078 -0.532643 -0.60185 -0.949942 0.236049 0.204673 -0.216656 0.297876 0.486692 0.821219 0.434134 0.316379 -0.384993 0.866998 0.401317 -0.929989 -0.306181 0.203405 -0.505249 0.187149 -0.870651 -0.454908 0.48631 
1533723699200 0.0942901 0.841021 -0.532722 -0.603251 -0.949983 0.236038 0.204494 -0.218697 0.297727 0.486795 0.821212 0.432179 0.316221 -0.384863 0.867113 0.400797 -0.930002 -0.306262 0.203223 -0.504308 0.187351 -0.87068 -0.45477 0.485869 
1533723699505 0.0943442 0.840966 -0.5328 -0.604657 -0.950025 0.236025 0.204316 -0.220741 0.297577 0.486897 0.821206 0.430223 0.316221 -0.384863 0.867113 0.400796 -0.930002 -0.306262 0.203223 -0.504306 0.187351 -0.87068 -0.45477 0.485868 
1533723699823 0.0943984 0.84091 -0.532878 -0.606063 -0.950066 0.236013 0.204138 -0.222785 0.297428 0.486999 0.8212 0.428268 0.31622 -0.384863 0.867113 0.400796 -0.930002 -0.306262 0.203222 -0.504306 0.187351 -0.87068 -0.454769 0.485868 
1533723700134 0.0944525 0.840855 -0.532956 -0.60747 -0.950108 0.236 0.20396 -0.224829 0.297278 0.487101 0.821193 0.426312 0.31622 -0.384863 0.867113 0.400796 -0.930002 -0.306262 0.203222 -0.504305 0.187351 -0.87068 -0.45477 0.485867 
1533723700446 0.0945065 0.840799 -0.533034 -0.608876 -0.950149 0.235987 0.203782 -0.226874 0.297129 0.487203 0.821187 0.424356 0.316221 -0.384863 0.867113 0.400795 -0.930002 -0.306262 0.203223 -0.504305 0.187351 -0.87068 -0.45477 0.485867 
1533723700762 0.0945605 0.840744 -0.533111 -0.610283 -0.95019 0.235974 0.203604 -0.228918 0.296979 0.487304 0.821181 0.4224 0.31622 -0.384863 0.867113 0.400795 -0.930002 -0.306262 0.203222 -0.504305 0.187352 -0.87068 -0.454769 0.485867 
1533723701077 0.0946149 0.840688 -0.533189 -0.611688 -0.950232 0.235962 0.203425 -0.230962 0.29683 0.487406 0.821174 0.420444 0.31622 -0.384863 0.867113 0.400795 -0.930002 -0.306262 0.203222 -0.504305 0.187352 -0.87068 -0.454769 0.485867 
1533723701397 0.0946689 0.840633 -0.533267 -0.613095 -0.950273 0.235949 0.203247 -0.233006 0.29668 0.487508 0.821168 0.418488 0.31622 -0.384863 0.867113 0.400795 -0.930002 -0.306262 0.203222 -0.504304 0.187352 -0.87068 -0.454769 0.485867 
1533723701714 0.0947232 0.840578 -0.533345 -0.614501 -0.950314 0.235936 0.203069 -0.23505 0.29653 0.48761 0.821161 0.416533 0.31622 -0.384863 0.867113 0.400795 -0.930002 -0.306262 0.203222 -0.504304 0.187352 -0.87068 -0.454769 0.485867 
1533723702045 0.0950108 0.840538 -0.533356 -0.614343 -0.950292 0.236168 0.202905 -0.234897 0.296511 0.487566 0.821195 0.416919 0.31622 -0.384863 0.867113 0.400795 -0.930002 -0.306262 0.203222 -0.504304 0.187352 -0.87068 -0.454769 0.485867 
1533723702056 0.0957082 0.840831 -0.532769 -0.61448 -0.95023 0.236594 0.202697 -0.235014 0.296484 0.486853 0.821627 0.416623 0.31622 -0.384863 0.867113 0.400795 -0.930002 -0.306262 0.203222 -0.504304 0.187351 -0.87068 -0.454769 0.485867 
1533723702072 0.0964038 0.841124 -0.53218 -0.614622 -0.950168 0.237018 0.202491 -0.235134 0.296457 0.48614 0.822059 0.416326 0.31622 -0.384863 0.867113 0.400795 -0.930002 -0.306262 0.203222 -0.504304 0.187351 -0.87068 -0.454769 0.485867 
1533723702203 0.0970995 0.841417 -0.531592 -0.614763 -0.950106 0.237443 0.202286 -0.235254 0.296429 0.485427 0.82249 0.41603 0.31622 -0.384863 0.867113 0.400795 -0.930002 -0.306262 0.203222 -0.504304 0.187351 -0.87068 -0.454769 0.485867 
1533723702286 0.0977949 0.841708 -0.531003 -0.614905 -0.950043 0.237867 0.202081 -0.235374 0.296401 0.484713 0.822921 0.415733 0.31622 -0.384863 0.867113 0.400795 -0.930002 -0.306262 0.203222 -0.504304 0.187351 -0.87068 -0.454769 0.485867 
1533723702386 0.0984903 0.841999 -0.530413 -0.615048 -0.949981 0.238292 0.201876 -0.235494 0.296372 0.483999 0.823352 0.415436 0.31622 -0.384863 0.867113 0.400795 -0.930002 -0.306262 0.203222 -0.504304 0.187351 -0.87068 -0.454769 0.485867 
1533723702471 0.0991859 0.842288 -0.529823 -0.615188 -0.949917 0.238717 0.201671 -0.235614 0.296343 0.483285 0.823782 0.415139 0.31622 -0.384863 0.867113 0.400795 -0.930002 -0.306262 0.203222 -0.504304 0.187351 -0.87068 -0.454769 0.485867 
1533723702571 0.0998811 0.842578 -0.529232 -0.615331 -0.949854 0.239142 0.201467 -0.235734 0.296313 0.48257 0.824211 0.414842 0.31622 -0.384863 0.867113 0.400795 -0.930002 -0.306262 0.203222 -0.504304 0.187351 -0.87068 -0.454769 0.485867 
1533723702648 0.100577 0.842866 -0.528641 -0.615472 -0.94979 0.239567 0.201263 -0.235854 0.296283 0.481856 0.82464 0.414545 0.31622 -0.384863 0.867113 0.400795 -0.930002 -0.306262 0.203222 -0.504304 0.187351 -0.87068 -0.454769 0.485867 
1533723702749 0.101272 0.843153 -0.52805 -0.615613 -0.949726 0.239992 0.201059 -0.235974 0.296251 0.481141 0.825069 0.414249 0.31622 -0.384863 0.867113 0.400795 -0.930002 -0.306262 0.203222 -0.504304 0.187351 -0.87068 -0.454769 0.485867 
1533723702841 0.100734 0.842826 -0.528675 -0.615467 -0.949759 0.239729 0.201215 -0.235939 0.296328 0.481845 0.824631 0.414541 0.31622 -0.384863 0.867113 0.400795 -0.930002 -0.306262 0.203222 -0.504304 0.187351 -0.87068 -0.454769 0.485867 
1533723702853 0.100939 0.843336 -0.527822 -0.615496 -0.949598 0.239923 0.201743 -0.236072 0.296774 0.480855 0.825048 0.414352 0.31622 -0.384863 0.867113 0.400795 -0.930002 -0.306262 0.203222 -0.504304 0.187351 -0.87068 -0.45477 0.485867 
1533723702870 0.101143 0.843845 -0.526968 -0.615529 -0.949437 0.240116 0.202273 -0.236207 0.297221 0.479864 0.825464 0.414163 0.31622 -0.384863 0.867113 0.400795 -0.930002 -0.306262 0.203222 -0.504304 0.187351 -0.87068 -0.45477 0.485867 
1533723703008 0.101348 0.844354 -0.526114 -0.615562 -0.949275 0.240308 0.202804 -0.236343 0.297667 0.478873 0.825878 0.413973 0.31622 -0.384863 0.867113 0.400795 -0.930002 -0.306262 0.203222 -0.504304 0.187351 -0.87068 -0.45477 0.485867 
1533723703125 0.101553 0.844861 -0.525259 -0.615596 -0.949113 0.240499 0.203334 -0.236479 0.298113 0.477881 0.826292 0.413784 0.31622 -0.384863 0.867113 0.400795 -0.930002 -0.306262 0.203222 -0.504304 0.187351 -0.87068 -0.45477 0.485867 
1533723703260 0.101758 0.845367 -0.524404 -0.61563 -0.948951 0.240689 0.203865 -0.236615 0.298559 0.476888 0.826704 0.413594 0.31622 -0.384863 0.867113 0.400795 -0.930002 -0.306262 0.203222 -0.504304 0.187351 -0.87068 -0.45477 0.485867 
1533723703376 0.101964 0.845873 -0.523548 -0.615663 -0.948789 0.240879 0.204395 -0.23675 0.299004 0.475895 0.827116 0.413405 0.31622 -0.384863 0.867113 0.400795 -0.930002 -0.306262 0.203222 -0.504304 0.187351 -0.87068 -0.45477 0.485867 
1533723703480 0.102171 0.846377 -0.522692 -0.615697 -0.948626 0.241069 0.204926 -0.236886 0.29945 0.474901 0.827526 0.413215 0.31622 -0.384863 0.867113 0.400795 -0.930002 -0.306262 0.203222 -0.504304 0.187351 -0.87068 -0.45477 0.485867 
1533723703592 0.102378 0.846881 -0.521835 -0.61573 -0.948463 0.241257 0.205457 -0.237022 0.299895 0.473907 0.827934 0.413026 0.31622 -0.384863 0.867113 0.400795 -0.930002 -0.306262 0.203222 -0.504304 0.187351 -0.87068 -0.45477 0.485867 
1533723703706 0.102585 0.847383 -0.520978 -0.615763 -0.9483 0.241446 0.205988 -0.237157 0.300339 0.472912 0.828342 0.412836 0.31622 -0.384863 0.867113 0.400795 -0.930002 -0.306262 0.203222 -0.504304 0.187351 -0.87068 -0.45477 0.485867 
1533723703827 0.102603 0.847007 -0.521586 -0.615711 -0.948379 0.241481 0.205583 -0.237125 0.300083 0.473568 0.82806 0.413034 0.31622 -0.384863 0.867113 0.400795 -0.930002 -0.306262 0.203222 -0.504304 0.187351 -0.87068 -0.45477 0.485867 
1533723703840 0.102673 0.846916 -0.52172 -0.615705 -0.948402 0.241523 0.205425 -0.237146 0.299985 0.473708 0.828015 0.413051 0.31622 -0.384863 0.867113 0.400795 -0.930002 -0.306262 0.203222 -0.504304 0.187351 -0.87068 -0.45477 0.485867 
1533723703856 0.102744 0.846825 -0.521854 -0.615695 -0.948426 0.241566 0.205267 -0.237164 0.299887 0.47385 0.82797 0.41307 0.31622 -0.384863 0.867113 0.400795 -0.930002 -0.306262 0.203222 -0.504304 0.187351 -0.87068 -0.45477 0.485867 
1533723703960 0.102814 0.846733 -0.521989 -0.615685 -0.948449 0.241609 0.205108 -0.237182 0.299789 0.473992 0.827924 0.413088 0.31622 -0.384863 0.867113 0.400795 -0.930002 -0.306262 0.203222 -0.504304 0.187351 -0.87068 -0.45477 0.485867 
1533723703977 0.102885 0.846641 -0.522123 -0.615674 -0.948472 0.241652 0.20495 -0.237199 0.299691 0.474133 0.827878 0.413106 0.31622 -0.384863 0.867113 0.400795 -0.930002 -0.306262 0.203222 -0.504304 0.187351 -0.87068 -0.45477 0.485867 
1533723703994 0.102956 0.84655 -0.522258 -0.615663 -0.948496 0.241695 0.204791 -0.237217 0.299593 0.474275 0.827833 0.413124 0.31622 -0.384863 0.867113 0.400795 -0.930002 -0.306262 0.203222 -0.504304 0.187351 -0.87068 -0.45477 0.485867 
1533723704010 0.103026 0.846458 -0.522392 -0.615654 -0.948519 0.241738 0.204633 -0.237235 0.299495 0.474417 0.827787 0.413142 0.31622 -0.384863 0.867113 0.400795 -0.930002 -0.306262 0.203222 -0.504304 0.187351 -0.87068 -0.45477 0.485867 
1533723704027 0.103097 0.846367 -0.522527 -0.615643 -0.948542 0.241781 0.204474 -0.237252 0.299397 0.474558 0.827741 0.413161 0.31622 -0.384863 0.867113 0.400795 -0.930002 -0.306262 0.203222 -0.504304 0.187351 -0.87068 -0.45477 0.485867 
1533723704044 0.103168 0.846275 -0.522662 -0.615633 -0.948566 0.241823 0.204315 -0.23727 0.299299 0.4747 0.827696 0.413179 0.31622 -0.384863 0.867113 0.400795 -0.930002 -0.306262 0.203222 -0.504304 0.187351 -0.87068 -0.45477 0.485867 
1533723704078 0.103238 0.846183 -0.522796 -0.615623 -0.948589 0.241866 0.204157 -0.237288 0.299201 0.474841 0.82765 0.413197 0.31622 -0.384863 0.867113 0.400795 -0.930002 -0.306262 0.203222 -0.504304 0.187351 -0.87068 -0.45477 0.485867 
1533723704117 0.102835 0.846598 -0.522204 -0.615692 -0.948481 0.241625 0.204944 -0.23716 0.299682 0.474225 0.827829 0.413087 0.31622 -0.384863 0.867113 0.400795 -0.930002 -0.306262 0.203222 -0.504304 0.187351 -0.87068 -0.45477 0.485867 
1533723704130 0.103106 0.84649 -0.522325 -0.615664 -0.948645 0.241574 0.20424 -0.237143 0.299067 0.474443 0.827927 0.413112 0.31622 -0.384863 0.867113 0.400795 -0.930002 -0.306262 0.203222 -0.504304 0.187351 -0.87068 -0.45477 0.485867 
1533723704147 0.103378 0.846383 -0.522445 -0.615631 -0.94881 0.241524 0.203534 -0.237122 0.298451 0.47466 0.828025 0.413138 0.31622 -0.384863 0.867113 0.400795 -0.930002 -0.306262 0.203222 -0.504304 0.187351 -0.87068 -0.45477 0.485867 
1533723704163 0.103651 0.846275 -0.522565 -0.615598 -0.948974 0.241474 0.202828 -0.237101 0.297834 0.474877 0.828122 0.413164 0.31622 -0.384863 0.867113 0.400795 -0.930002 -0.306262 0.203222 -0.504304 0.187351 -0.87068 -0.45477 0.485867 
1533723704266 0.103924 0.846168 -0.522685 -0.615565 -0.949137 0.241423 0.202122 -0.23708 0.297218 0.475095 0.828219 0.413191 0.31622 -0.384863 0.867113 0.400795 -0.930002 -0.306262 0.203222 -0.504304 0.187351 -0.87068 -0.45477 0.485867 
1533723704317 0.104197 0.84606 -0.522805 -0.615532 -0.9493 0.241372 0.201416 -0.237059 0.296601 0.475312 0.828315 0.413217 0.31622 -0.384863 0.867113 0.400795 -0.930002 -0.306262 0.203222 -0.504304 0.187351 -0.87068 -0.45477 0.485867 
1533723704385 0.10447 0.845953 -0.522924 -0.6155 -0.949463 0.241321 0.20071 -0.237038 0.295984 0.475529 0.828411 0.413243 0.31622 -0.384863 0.867113 0.400795 -0.930002 -0.306262 0.203222 -0.504304 0.187351 -0.87068 -0.45477 0.485867 
1533723704445 0.104743 0.845845 -0.523044 -0.615466 -0.949625 0.24127 0.200004 -0.237017 0.295367 0.475746 0.828507 0.413269 0.31622 -0.384863 0.867113 0.400795 -0.930002 -0.306262 0.203222 -0.504304 0.187351 -0.87068 -0.45477 0.485867 
1533723704496 0.105016 0.845738 -0.523163 -0.615433 -0.949786 0.241219 0.199298 -0.236997 0.29475 0.475963 0.828602 0.413295 0.31622 -0.384863 0.867113 0.400795 -0.930002 -0.306262 0.203222 -0.504304 0.187351 -0.87068 -0.45477 0.485867 
1533723704562 0.105289 0.84563 -0.523282 -0.615399 -0.949947 0.241167 0.198591 -0.236975 0.294133 0.476181 0.828696 0.413321 0.31622 -0.384863 0.867113 0.400795 -0.930002 -0.306262 0.203222 -0.504304 0.187351 -0.87068 -0.45477 0.485867 
1533723704637 0.104955 0.845783 -0.523103 -0.615434 -0.949666 0.241358 0.1997 -0.236999 0.295158 0.475813 0.828543 0.413319 0.31622 -0.384863 0.867113 0.400795 -0.930002 -0.306262 0.203222 -0.504304 0.187351 -0.87068 -0.45477 0.485867 
1533723704648 0.104404 0.845699 -0.523349 -0.615384 -0.949582 0.241187 0.200307 -0.237166 0.295624 0.476049 0.828241 0.413361 0.31622 -0.384863 0.867113 0.400795 -0.930002 -0.306262 0.203222 -0.504304 0.187351 -0.87068 -0.45477 0.485867 
1533723704792 0.103852 0.845615 -0.523594 -0.615338 -0.949497 0.241014 0.200916 -0.237335 0.296091 0.476286 0.827938 0.413402 0.31622 -0.384863 0.867113 0.400795 -0.930002 -0.306262 0.203222 -0.504304 0.187351 -0.87068 -0.45477 0.485867 
1533723704884 0.103298 0.845531 -0.523839 -0.615292 -0.949412 0.240842 0.201524 -0.237505 0.296557 0.476522 0.827635 0.413443 0.31622 -0.384863 0.867113 0.400795 -0.930002 -0.306262 0.203222 -0.504304 0.187351 -0.87068 -0.45477 0.485867 
1533723704967 0.102745 0.845446 -0.524084 -0.615246 -0.949326 0.240669 0.202132 -0.237674 0.297023 0.476759 0.827332 0.413484 0.31622 -0.384863 0.867113 0.400795 -0.930002 -0.306262 0.203222 -0.504304 0.187351 -0.87068 -0.45477 0.485867 
1533723705058 0.102192 0.845362 -0.524329 -0.615199 -0.94924 0.240498 0.20274 -0.237843 0.297489 0.476995 0.827028 0.413525 0.31622 -0.384863 0.867113 0.400795 -0.930002 -0.306262 0.203222 -0.504304 0.187351 -0.87068 -0.45477 0.485867 
1533723705147 0.101638 0.845277 -0.524572 -0.615153 -0.949154 0.240325 0.203349 -0.238013 0.297954 0.477232 0.826724 0.413566 0.31622 -0.384863 0.867113 0.400795 -0.930002 -0.306262 0.203222 -0.504304 0.187351 -0.87068 -0.45477 0.485867 
1533723705247 0.101085 0.845192 -0.524816 -0.615107 -0.949067 0.240154 0.203957 -0.238182 0.298419 0.477468 0.82642 0.413608 0.31622 -0.384863 0.867113 0.400795 -0.930002 -0.306262 0.203222 -0.504304 0.187351 -0.87068 -0.45477 0.485867 
1533723705320 0.100531 0.845107 -0.525059 -0.615062 -0.948979 0.239982 0.204565 -0.238353 0.298884 0.477705 0.826115 0.413648 0.31622 -0.384863 0.867113 0.400795 -0.930002 -0.306262 0.203222 -0.504304 0.187351 -0.87068 -0.45477 0.485867 
1533723705327 0.099977 0.845022 -0.525302 -0.615015 -0.948891 0.239811 0.205174 -0.238522 0.299349 0.477942 0.82581 0.41369 0.31622 -0.384863 0.867113 0.400795 -0.930002 -0.306262 0.203222 -0.504304 0.187351 -0.87068 -0.45477 0.485867 
1533723705477 0.10022 0.845132 -0.52508 -0.61509 -0.9491 0.239586 0.20447 -0.238227 0.298606 0.477861 0.826126 0.41357 0.31622 -0.384863 0.867113 0.400795 -0.930002 -0.306262 0.203222 -0.504304 0.187351 -0.87068 -0.45477 0.485867 
1533723705487 0.0999022 0.845209 -0.525015 -0.615037 -0.949177 0.239235 0.204525 -0.238387 0.298468 0.477899 0.826153 0.413566 0.31622 -0.384863 0.867113 0.400795 -0.930002 -0.306262 0.203222 -0.504304 0.187351 -0.87068 -0.45477 0.485867 
1533723705504 0.0995832 0.845288 -0.524949 -0.614988 -0.949254 0.238882 0.204581 -0.238551 0.29833 0.477937 0.826181 0.41356 0.31622 -0.384863 0.867113 0.400795 -0.930002 -0.306262 0.203222 -0.504304 0.187351 -0.87068 -0.45477 0.485867 
1533723705521 0.0992643 0.845367 -0.524882 -0.614939 -0.94933 0.238529 0.204636 -0.238715 0.298192 0.477974 0.82621 0.413555 0.31622 -0.384863 0.867113 0.400795 -0.930002 -0.306262 0.203222 -0.504304 0.187351 -0.87068 -0.45477 0.485867 
1533723705527 0.0989452 0.845445 -0.524816 -0.61489 -0.949407 0.238176 0.204691 -0.238879 0.298054 0.478011 0.826238 0.41355 0.31622 -0.384863 0.867113 0.400795 -0.930002 -0.306262 0.203222 -0.504304 0.187351 -0.87068 -0.45477 0.485867 
1533723705681 0.0986261 0.845524 -0.52475 -0.614842 -0.949484 0.237823 0.204747 -0.239043 0.297916 0.478048 0.826267 0.413544 0.31622 -0.384863 0.867113 0.400795 -0.930002 -0.306262 0.203222 -0.504304 0.187351 -0.87068 -0.45477 0.485867 
1533723705735 0.0983072 0.845602 -0.524684 -0.614792 -0.94956 0.23747 0.204802 -0.239207 0.297777 0.478085 0.826295 0.413539 0.31622 -0.384863 0.867113 0.400795 -0.930002 -0.306262 0.203222 -0.504304 0.187351 -0.87068 -0.45477 0.485867 
1533723705816 0.0979879 0.84568 -0.524617 -0.614744 -0.949636 0.237116 0.204858 -0.239371 0.297639 0.478122 0.826323 0.413534 0.31622 -0.384863 0.867113 0.400795 -0.930002 -0.306262 0.203222 -0.504304 0.187351 -0.87068 -0.45477 0.485867 
1533723705878 0.097669 0.845758 -0.524551 -0.614695 -0.949713 0.236763 0.204913 -0.239534 0.297501 0.478159 0.826352 0.413528 0.31622 -0.384863 0.867113 0.400795 -0.930002 -0.306262 0.203222 -0.504304 0.187351 -0.87068 -0.45477 0.485867 
1533723705963 0.09735 0.845836 -0.524484 -0.614646 -0.949789 0.23641 0.204968 -0.239698 0.297363 0.478196 0.82638 0.413523 0.31622 -0.384863 0.867113 0.400795 -0.930002 -0.306262 0.203222 -0.504304 0.187351 -0.87068 -0.45477 0.485867 
1533723706020 0.0975954 0.845756 -0.524568 -0.614751 -0.949736 0.23668 0.204898 -0.239399 0.297449 0.478204 0.826344 0.413568 0.31622 -0.384863 0.867113 0.400795 -0.930002 -0.306262 0.203222 -0.504304 0.187351 -0.87068 -0.45477 0.485867 
1533723706032 0.0975592 0.845554 -0.524901 -0.614669 -0.94979 0.236651 0.204686 -0.239496 0.297291 0.478577 0.826185 0.413593 0.31622 -0.384863 0.867113 0.400795 -0.930002 -0.306262 0.203222 -0.504304 0.187351 -0.87068 -0.45477 0.485867 
1533723706048 0.0975239 0.84535 -0.525235 -0.614582 -0.949843 0.236622 0.204472 -0.23959 0.297133 0.47895 0.826026 0.41362 0.31622 -0.384863 0.867113 0.400795 -0.930002 -0.306262 0.203222 -0.504304 0.187351 -0.87068 -0.45477 0.485867 
1533723706065 0.0974885 0.845147 -0.525568 -0.614496 -0.949896 0.236593 0.204258 -0.239684 0.296974 0.479322 0.825867 0.413646 0.31622 -0.384863 0.867113 0.400795 -0.930002 -0.306262 0.203222 -0.504304 0.187351 -0.87068 -0.45477 0.485867 
1533723706177 0.0974533 0.844944 -0.525902 -0.61441 -0.949949 0.236564 0.204044 -0.239777 0.296815 0.479695 0.825708 0.413672 0.31622 -0.384863 0.867113 0.400795 -0.930002 -0.306262 0.203222 -0.504304 0.187351 -0.87068 -0.45477 0.485867 
1533723706197 0.0974183 0.84474 -0.526235 -0.614323 -0.950002 0.236535 0.20383 -0.239871 0.296657 0.480068 0.825548 0.413698 0.31622 -0.384863 0.867113 0.400795 -0.930002 -0.306262 0.203222 -0.504304 0.187351 -0.87068 -0.45477 0.485867 
1533723706220 0.097383 0.844537 -0.526568 -0.614237 -0.950056 0.236505 0.203617 -0.239965 0.296498 0.48044 0.825389 0.413724 0.31622 -0.384863 0.867113 0.400795 -0.930002 -0.306262 0.203222 -0.504304 0.187351 -0.87068 -0.45477 0.485867 
1533723706272 0.0973479 0.844333 -0.526901 -0.614151 -0.950109 0.236476 0.203403 -0.24006 0.296339 0.480812 0.825229 0.41375 0.31622 -0.384863 0.867113 0.400795 -0.930002 -0.306262 0.203222 -0.504304 0.187351 -0.87068 -0.45477 0.485867 
1533723706279 0.0973131 0.844129 -0.527234 -0.614064 -0.950162 0.236446 0.203189 -0.240153 0.29618 0.481185 0.825069 0.413777 0.31622 -0.384863 0.867113 0.400795 -0.930002 -0.306262 0.203222 -0.504304 0.187351 -0.87068 -0.45477 0.485867 
1533723706338 0.0972781 0.843925 -0.527567 -0.613978 -0.950215 0.236417 0.202975 -0.240247 0.296022 0.481557 0.824908 0.413803 0.31622 -0.384863 0.867113 0.400795 -0.930002 -0.306262 0.203222 -0.504304 0.187351 -0.87068 -0.45477 0.485867 
1533723706375 0.0974635 0.844429 -0.526726 -0.614232 -0.950042 0.236619 0.203548 -0.240012 0.296515 0.480574 0.825305 0.413677 0.31622 -0.384863 0.867113 0.400795 -0.930002 -0.306262 0.203222 -0.504304 0.187351 -0.87068 -0.45477 0.485867 
1533723706387 0.0975789 0.844502 -0.526588 -0.614086 -0.950067 0.236622 0.203425 -0.240087 0.296395 0.480445 0.825423 0.41364 0.31622 -0.384863 0.867113 0.400795 -0.930002 -0.306262 0.203222 -0.504304 0.187351 -0.87068 -0.45477 0.485867 
1533723706404 0.0976948 0.844573 -0.526452 -0.613935 -0.950093 0.236625 0.203301 -0.240159 0.296274 0.480317 0.82554 0.413604 0.31622 -0.384863 0.867113 0.400795 -0.930002 -0.306262 0.203222 -0.504304 0.187351 -0.87068 -0.45477 0.485867 
1533723706422 0.0978107 0.844645 -0.526316 -0.613784 -0.950119 0.236629 0.203177 -0.240231 0.296154 0.48019 0.825658 0.413567 0.31622 -0.384863 0.867113 0.400795 -0.930002 -0.306262 0.203222 -0.504304 0.187351 -0.87068 -0.45477 0.485867 
1533723706536 0.0979266 0.844716 -0.52618 -0.613632 -0.950145 0.236632 0.203053 -0.240303 0.296033 0.480062 0.825775 0.413531 0.31622 -0.384863 0.867113 0.400795 -0.930002 -0.306262 0.203222 -0.504304 0.187351 -0.87068 -0.45477 0.485867 
1533723706553 0.0980426 0.844788 -0.526043 -0.61348 -0.95017 0.236635 0.202929 -0.240375 0.295912 0.479935 0.825892 0.413495 0.31622 -0.384863 0.867113 0.400795 -0.930002 -0.306262 0.203222 -0.504304 0.187351 -0.87068 -0.45477 0.485867 
1533723706570 0.0981584 0.844859 -0.525907 -0.61333 -0.950196 0.236638 0.202805 -0.240447 0.295791 0.479808 0.82601 0.413458 0.31622 -0.384863 0.867113 0.400795 -0.930002 -0.306262 0.203222 -0.504304 0.187351 -0.87068 -0.45477 0.485867 
1533723706619 0.0982744 0.84493 -0.525771 -0.613178 -0.950222 0.236642 0.202681 -0.240519 0.29567 0.47968 0.826127 0.413422 0.31622 -0.384863 0.867113 0.400795 -0.930002 -0.306262 0.203222 -0.504304 0.187351 -0.87068 -0.45477 0.485867 
1533723706667 0.0983901 0.845002 -0.525634 -0.613028 -0.950247 0.236645 0.202557 -0.240591 0.295549 0.479553 0.826244 0.413386 0.31622 -0.384863 0.867113 0.400795 -0.930002 -0.306262 0.203222 -0.504304 0.187351 -0.87068 -0.45477 0.485867 
1533723706690 0.0985058 0.845073 -0.525498 -0.612877 -0.950273 0.236648 0.202433 -0.240663 0.295429 0.479425 0.826362 0.413349 0.31622 -0.384863 0.867113 0.400795 -0.930002 -0.306262 0.203222 -0.504304 0.187351 -0.87068 -0.45477 0.485867 
1533723706726 0.0982018 0.844843 -0.525924 -0.61332 -0.950193 0.236677 0.202775 -0.24047 0.295787 0.479816 0.826006 0.413507 0.31622 -0.384863 0.867113 0.400795 -0.930002 -0.306262 0.203222 -0.504304 0.187351 -0.87068 -0.45477 0.485867 
1533723706739 0.0977823 0.84481 -0.526055 -0.613115 -0.950102 0.236575 0.203321 -0.240547 0.296219 0.479925 0.825788 0.413538 0.31622 -0.384863 0.867113 0.400795 -0.930002 -0.306262 0.203222 -0.504304 0.187351 -0.87068 -0.45477 0.485867 
1533723706746 0.0973634 0.844776 -0.526188 -0.612908 -0.95001 0.236475 0.203866 -0.240624 0.296652 0.480034 0.82557 0.41357 0.31622 -0.384863 0.867113 0.400795 -0.930002 -0.306262 0.203222 -0.504304 0.187351 -0.87068 -0.45477 0.485867 
1533723706858 0.0969446 0.844742 -0.52632 -0.612699 -0.949917 0.236374 0.204412 -0.240699 0.297084 0.480144 0.82535 0.413602 0.31622 -0.384863 0.867113 0.400795 -0.930002 -0.306262 0.203222 -0.504304 0.187351 -0.87068 -0.45477 0.485867 
1533723706882 0.0965259 0.844708 -0.526452 -0.61249 -0.949825 0.236274 0.204957 -0.240775 0.297516 0.480253 0.825131 0.413633 0.31622 -0.384863 0.867113 0.400795 -0.930002 -0.306262 0.203222 -0.504304 0.187351 -0.87068 -0.45477 0.485867 
1533723706977 0.0961071 0.844673 -0.526584 -0.612281 -0.949732 0.236174 0.205503 -0.24085 0.297948 0.480363 0.824911 0.413665 0.31622 -0.384863 0.867113 0.400795 -0.930002 -0.306262 0.203222 -0.504304 0.187351 -0.87068 -0.45477 0.485867 
1533723707023 0.0956881 0.844639 -0.526715 -0.612073 -0.949638 0.236074 0.206048 -0.240926 0.29838 0.480472 0.824691 0.413697 0.31622 -0.384863 0.867113 0.400795 -0.930002 -0.306262 0.203222 -0.504304 0.187351 -0.87068 -0.45477 0.485867 
1533723707086 0.0952693 0.844605 -0.526846 -0.611864 -0.949545 0.235975 0.206593 -0.241001 0.298812 0.480582 0.824471 0.413729 0.31622 -0.384863 0.867113 0.400795 -0.930002 -0.306262 0.203222 -0.504304 0.187351 -0.87068 -0.45477 0.485867 
1533723707141 0.0948502 0.84457 -0.526977 -0.611656 -0.949451 0.235875 0.207138 -0.241077 0.299243 0.480692 0.824251 0.413761 0.31622 -0.384863 0.867113 0.400795 -0.930002 -0.306262 0.203222 -0.504304 0.187351 -0.87068 -0.45477 0.485867 
1533723707184 0.094431 0.844536 -0.527108 -0.611447 -0.949357 0.235775 0.207683 -0.241153 0.299675 0.480801 0.82403 0.413792 0.31622 -0.384863 0.867113 0.400795 -0.930002 -0.306262 0.203222 -0.504304 0.187351 -0.87068 -0.45477 0.485867 
1533723707248 0.0953144 0.844513 -0.526984 -0.611804 -0.949475 0.236151 0.206712 -0.241118 0.299019 0.480656 0.824353 0.413742 0.31622 -0.384863 0.867113 0.400795 -0.930002 -0.306262 0.203222 -0.504304 0.187351 -0.87068 -0.45477 0.485867 
1533723707262 0.0947961 0.844578 -0.526974 -0.61162 -0.949396 0.235926 0.207333 -0.241187 0.299436 0.480652 0.824204 0.4138 0.31622 -0.384863 0.867113 0.400795 -0.930002 -0.306262 0.203222 -0.504304 0.187351 -0.87068 -0.45477 0.485867 
1533723707278 0.0942776 0.844644 -0.526962 -0.611434 -0.949316 0.2357 0.207954 -0.241258 0.299852 0.480648 0.824055 0.413858 0.31622 -0.384863 0.867113 0.400795 -0.930002 -0.306262 0.203222 -0.504304 0.187351 -0.87068 -0.45477 0.485867 
1533723707295 0.0937597 0.844709 -0.52695 -0.611249 -0.949236 0.235475 0.208574 -0.241328 0.300268 0.480644 0.823906 0.413916 0.31622 -0.384863 0.867113 0.400795 -0.930002 -0.306262 0.203222 -0.504304 0.187351 -0.87068 -0.45477 0.485867 
1533723707302 0.0932408 0.844774 -0.526937 -0.611063 -0.949155 0.235249 0.209195 -0.2414 0.300684 0.48064 0.823756 0.413973 0.31622 -0.384863 0.867113 0.400795 -0.930002 -0.306262 0.203222 -0.504304 0.187351 -0.87068 -0.45477 0.485867 
1533723707438 0.0927226 0.844839 -0.526925 -0.610878 -0.949074 0.235024 0.209815 -0.241471 0.3011 0.480636 0.823607 0.414031 0.31622 -0.384863 0.867113 0.400795 -0.930002 -0.306262 0.203222 -0.504304 0.187351 -0.87068 -0.45477 0.485867 
1533723707477 0.0922044 0.844904 -0.526912 -0.610692 -0.948992 0.234799 0.210435 -0.241541 0.301516 0.480632 0.823457 0.414089 0.31622 -0.384863 0.867113 0.400795 -0.930002 -0.306262 0.203222 -0.504304 0.187351 -0.87068 -0.45477 0.485867 
1533723707559 0.0916862 0.844969 -0.526898 -0.610507 -0.94891 0.234573 0.211056 -0.241612 0.301932 0.480628 0.823307 0.414146 0.31622 -0.384863 0.867113 0.400795 -0.930002 -0.306262 0.203222 -0.504304 0.187351 -0.87068 -0.45477 0.485867 
1533723707623 0.0911672 0.845034 -0.526884 -0.610321 -0.948828 0.234347 0.211677 -0.241684 0.302347 0.480624 0.823156 0.414203 0.31622 -0.384863 0.867113 0.400795 -0.930002 -0.306262 0.203222 -0.504304 0.187351 -0.87068 -0.45477 0.485867 
1533723707685 0.0906489 0.845098 -0.52687 -0.610136 -0.948745 0.234121 0.212297 -0.241755 0.302763 0.480621 0.823006 0.414261 0.31622 -0.384863 0.867113 0.400795 -0.930002 -0.306262 0.203222 -0.504304 0.187351 -0.87068 -0.45477 0.485867 
1533723707744 0.0914517 0.844993 -0.526901 -0.610406 -0.948904 0.234425 0.211251 -0.241688 0.302024 0.480659 0.823255 0.414174 0.31622 -0.384863 0.867113 0.400795 -0.930002 -0.306262 0.203222 -0.504304 0.187351 -0.87068 -0.45477 0.485867 
1533723707754 0.0913012 0.844974 -0.526957 -0.610262 -0.948946 0.234269 0.211235 -0.241702 0.301937 0.480767 0.823223 0.414215 0.31622 -0.384863 0.867113 0.400795 -0.930002 -0.306262 0.203222 -0.504304 0.187351 -0.87068 -0.45477 0.485867 
1533723707772 0.0911513 0.844954 -0.527014 -0.610112 -0.948988 0.234114 0.211218 -0.241712 0.301851 0.480877 0.823191 0.414257 0.31622 -0.384863 0.867113 0.400795 -0.930002 -0.306262 0.203222 -0.504304 0.187351 -0.87068 -0.45477 0.485867 
1533723707788 0.0910012 0.844935 -0.527071 -0.609963 -0.94903 0.233959 0.211201 -0.241722 0.301764 0.480986 0.823159 0.414298 0.31622 -0.384863 0.867113 0.400795 -0.930002 -0.306262 0.203222 -0.504304 0.187351 -0.87068 -0.45477 0.485867 
1533723707835 0.0908513 0.844916 -0.527128 -0.609814 -0.949072 0.233805 0.211184 -0.241732 0.301677 0.481096 0.823127 0.41434 0.31622 -0.384863 0.867113 0.400795 -0.930002 -0.306262 0.203222 -0.504304 0.187351 -0.87068 -0.45477 0.485867 
1533723707842 0.0907015 0.844896 -0.527185 -0.609664 -0.949114 0.23365 0.211167 -0.241742 0.30159 0.481205 0.823095 0.414382 0.31622 -0.384863 0.867113 0.400795 -0.930002 -0.306262 0.203222 -0.504304 0.187351 -0.87068 -0.45477 0.485867 
1533723707940 0.0905514 0.844877 -0.527241 -0.609515 -0.949155 0.233495 0.21115 -0.241753 0.301504 0.481314 0.823063 0.414424 0.31622 -0.384863 0.867113 0.400795 -0.930002 -0.306262 0.203222 -0.504304 0.187351 -0.87068 -0.45477 0.485867 
1533723707965 0.0904016 0.844857 -0.527299 -0.609365 -0.949197 0.23334 0.211133 -0.241763 0.301417 0.481424 0.823031 0.414466 0.31622 -0.384863 0.867113 0.400795 -0.930002 -0.306262 0.203222 -0.504304 0.187351 -0.87068 -0.45477 0.485867 
1533723708003 0.0902515 0.844838 -0.527355 -0.609217 -0.949239 0.233185 0.211116 -0.241773 0.30133 0.481533 0.822998 0.414508 0.31622 -0.384863 0.867113 0.400795 -0.930002 -0.306262 0.203222 -0.504304 0.187351 -0.87068 -0.45477 0.485867 
1533723708082 0.0901014 0.844818 -0.527412 -0.609068 -0.949281 0.23303 0.211099 -0.241784 0.301243 0.481642 0.822966 0.414549 0.31622 -0.384863 0.867113 0.400795 -0.930002 -0.306262 0.203222 -0.504304 0.187351 -0.87068 -0.45477 0.485867 
1533723708126 0.0903455 0.844798 -0.527403 -0.609378 -0.949235 0.233268 0.211044 -0.241719 0.301316 0.481562 0.822986 0.414397 0.31622 -0.384863 0.867113 0.400795 -0.930002 -0.306262 0.203222 -0.504304 0.187351 -0.87068 -0.45477 0.485867 
1533723708138 0.0902703 0.844615 -0.527709 -0.609253 -0.949253 0.233263 0.210965 -0.241735 0.301279 0.481886 0.82281 0.41446 0.31622 -0.384863 0.867113 0.400795 -0.930002 -0.306262 0.203222 -0.504304 0.187351 -0.87068 -0.45477 0.485867 
1533723708144 0.0901959 0.844432 -0.528015 -0.609123 -0.949272 0.233259 0.210885 -0.241747 0.301242 0.482209 0.822635 0.414525 0.31622 -0.384863 0.867113 0.400795 -0.930002 -0.306262 0.203222 -0.504304 0.187351 -0.87068 -0.45477 0.485867 
1533723708158 0.0901215 0.844248 -0.528321 -0.608993 -0.949291 0.233254 0.210805 -0.24176 0.301204 0.482533 0.822459 0.414589 0.31622 -0.384863 0.867113 0.400795 -0.930002 -0.306262 0.203222 -0.504304 0.187351 -0.87068 -0.45477 0.485867 
1533723708236 0.0900471 0.844065 -0.528627 -0.608862 -0.94931 0.233249 0.210724 -0.241772 0.301167 0.482856 0.822283 0.414653 0.31622 -0.384863 0.867113 0.400795 -0.930002 -0.306262 0.203222 -0.504304 0.187351 -0.87068 -0.45477 0.485867 
1533723708291 0.0899729 0.843881 -0.528933 -0.608732 -0.949329 0.233244 0.210644 -0.241784 0.301129 0.483179 0.822106 0.414718 0.31622 -0.384863 0.867113 0.400795 -0.930002 -0.306262 0.203222 -0.504304 0.187351 -0.87068 -0.45477 0.485867 
1533723708340 0.0898983 0.843697 -0.529239 -0.608603 -0.949348 0.233239 0.210564 -0.241797 0.301091 0.483503 0.82193 0.414782 0.31622 -0.384863 0.867113 0.400795 -0.930002 -0.306262 0.203222 -0.504304 0.187351 -0.87068 -0.45477 0.485867 
1533723708386 0.0898241 0.843513 -0.529545 -0.608472 -0.949367 0.233235 0.210483 -0.241808 0.301053 0.483826 0.821754 0.414846 0.31622 -0.384863 0.867113 0.400795 -0.930002 -0.306262 0.203222 -0.504304 0.187351 -0.87068 -0.45477 0.485867 
1533723708432 0.0897497 0.843329 -0.52985 -0.608342 -0.949386 0.23323 0.210403 -0.241821 0.301016 0.484149 0.821577 0.414911 0.31622 -0.384863 0.867113 0.400795 -0.930002 -0.306262 0.203222 -0.504304 0.187351 -0.87068 -0.45477 0.485867 
1533723708484 0.0896752 0.843145 -0.530156 -0.608213 -0.949405 0.233224 0.210323 -0.241834 0.300978 0.484472 0.821401 0.414975 0.31622 -0.384863 0.867113 0.400795 -0.930002 -0.306262 0.203222 -0.504304 0.187351 -0.87068 -0.45477 0.485867 
1533723708548 0.0896761 0.843426 -0.529708 -0.608449 -0.949399 0.233123 0.210462 -0.241778 0.300996 0.484031 0.821654 0.414778 0.31622 -0.384863 0.867113 0.400795 -0.930002 -0.306262 0.203222 -0.504304 0.187351 -0.87068 -0.45477 0.485867 
1533723708558 0.0893425 0.843533 -0.529594 -0.608352 -0.949384 0.232893 0.210789 -0.24179 0.301146 0.483955 0.821644 0.41476 0.31622 -0.384863 0.867113 0.400795 -0.930002 -0.306262 0.203222 -0.504304 0.187351 -0.87068 -0.45477 0.485867 
1533723708576 0.089008 0.84364 -0.529479 -0.608255 -0.949367 0.232662 0.211116 -0.241805 0.301296 0.483879 0.821633 0.414742 0.31622 -0.384863 0.867113 0.400795 -0.930002 -0.306262 0.203222 -0.504304 0.187351 -0.87068 -0.45477 0.485867 
1533723708679 0.0886731 0.843748 -0.529364 -0.60816 -0.949351 0.232431 0.211444 -0.24182 0.301446 0.483803 0.821623 0.414724 0.31622 -0.384863 0.867113 0.400795 -0.930002 -0.306262 0.203222 -0.504304 0.187351 -0.87068 -0.45477 0.485867 
1533723708703 0.0883388 0.843855 -0.52925 -0.608063 -0.949335 0.2322 0.211771 -0.241834 0.301596 0.483728 0.821613 0.414706 0.31622 -0.384863 0.867113 0.400795 -0.930002 -0.306262 0.203222 -0.504304 0.187351 -0.87068 -0.45477 0.485867 
1533723708729 0.0880038 0.843962 -0.529134 -0.607968 -0.949318 0.231968 0.212099 -0.24185 0.301746 0.483651 0.821603 0.414687 0.31622 -0.384863 0.867113 0.400795 -0.930002 -0.306262 0.203222 -0.504304 0.187351 -0.87068 -0.45477 0.485867 
1533723708802 0.0876689 0.844069 -0.529019 -0.607874 -0.949301 0.231737 0.212427 -0.241866 0.301896 0.483575 0.821592 0.414668 0.31622 -0.384863 0.867113 0.400795 -0.930002 -0.306262 0.203222 -0.504304 0.187351 -0.87068 -0.45477 0.485867 
1533723708834 0.0873344 0.844176 -0.528904 -0.607778 -0.949284 0.231506 0.212754 -0.24188 0.302046 0.483499 0.821582 0.41465 0.31622 -0.384863 0.867113 0.400795 -0.930002 -0.306262 0.203222 -0.504304 0.187351 -0.87068 -0.45477 0.485867 
1533723708872 0.0869999 0.844283 -0.528788 -0.607682 -0.949267 0.231274 0.213081 -0.241895 0.302196 0.483424 0.821571 0.414632 0.31622 -0.384863 0.867113 0.400795 -0.930002 -0.306262 0.203222 -0.504304 0.187351 -0.87068 -0.45477 0.485867 
1533723708910 0.0866649 0.84439 -0.528673 -0.607587 -0.94925 0.231043 0.213409 -0.241911 0.302346 0.483348 0.821561 0.414613 0.31622 -0.384863 0.867113 0.400795 -0.930002 -0.306262 0.203222 -0.504304 0.187351 -0.87068 -0.45477 0.485867 
1533723708954 0.0874434 0.844122 -0.528973 -0.607797 -0.949347 0.231497 0.212483 -0.241908 0.301817 0.483598 0.821608 0.414612 0.31622 -0.384863 0.867113 0.400795 -0.930002 -0.306262 0.203222 -0.504304 0.187351 -0.87068 -0.45477 0.485867 
1533723708966 0.087444 0.84416 -0.528912 -0.607716 -0.94941 0.231382 0.212329 -0.2419 0.301621 0.483587 0.821686 0.41458 0.31622 -0.384863 0.867113 0.400795 -0.930002 -0.306262 0.203222 -0.504304 0.187351 -0.87068 -0.45477 0.485867 
1533723708982 0.0874457 0.844197 -0.528851 -0.60763 -0.949472 0.231268 0.212175 -0.241889 0.301424 0.483576 0.821765 0.414549 0.31622 -0.384863 0.867113 0.400795 -0.930002 -0.306262 0.203222 -0.504304 0.187351 -0.87068 -0.45477 0.485867 
1533723708989 0.0874472 0.844235 -0.528791 -0.607545 -0.949534 0.231155 0.212021 -0.241877 0.301228 0.483564 0.821844 0.414518 0.31622 -0.384863 0.867113 0.400795 -0.930002 -0.306262 0.203222 -0.504304 0.187351 -0.87068 -0.45477 0.485867 
1533723709002 0.0874489 0.844273 -0.52873 -0.607459 -0.949596 0.231041 0.211867 -0.241866 0.301031 0.483553 0.821923 0.414486 0.31622 -0.384863 0.867113 0.400795 -0.930002 -0.306262 0.203222 -0.504304 0.187351 -0.87068 -0.45477 0.485867 
1533723709119 0.0874505 0.844311 -0.52867 -0.607373 -0.949658 0.230927 0.211712 -0.241854 0.300835 0.483541 0.822001 0.414455 0.31622 -0.384863 0.867113 0.400795 -0.930002 -0.306262 0.203222 -0.504304 0.187351 -0.87068 -0.45477 0.485867 
1533723709136 0.0874519 0.844348 -0.528609 -0.607289 -0.94972 0.230813 0.211558 -0.241844 0.300639 0.48353 0.82208 0.414424 0.31622 -0.384863 0.867113 0.400795 -0.930002 -0.306262 0.203222 -0.504304 0.187351 -0.87068 -0.45477 0.485867 
1533723709153 0.0874533 0.844386 -0.528549 -0.607204 -0.949782 0.230699 0.211404 -0.241833 0.300442 0.483518 0.822159 0.414393 0.31622 -0.384863 0.867113 0.400795 -0.930002 -0.306262 0.203222 -0.504304 0.187351 -0.87068 -0.45477 0.485867 
1533723709185 0.0874551 0.844424 -0.528488 -0.607118 -0.949844 0.230585 0.21125 -0.241821 0.300246 0.483507 0.822237 0.414362 0.31622 -0.384863 0.867113 0.400795 -0.930002 -0.306262 0.203222 -0.504304 0.187351 -0.87068 -0.45477 0.485867 
1533723709230 0.0874565 0.844462 -0.528428 -0.607033 -0.949906 0.230471 0.211095 -0.24181 0.300049 0.483495 0.822316 0.41433 0.31622 -0.384863 0.867113 0.400795 -0.930002 -0.306262 0.203222 -0.504304 0.187351 -0.87068 -0.45477 0.485867 
1533723709269 0.0873496 0.844335 -0.528648 -0.607334 -0.949745 0.230712 0.211556 -0.241832 0.300589 0.483602 0.822056 0.414397 0.31622 -0.384863 0.867113 0.400795 -0.930002 -0.306262 0.203222 -0.504304 0.187351 -0.87068 -0.45477 0.485867 
1533723709282 0.0871757 0.844272 -0.528777 -0.607252 -0.94974 0.230634 0.211665 -0.241854 0.300657 0.483749 0.821944 0.414416 0.31622 -0.384863 0.867113 0.400795 -0.930002 -0.306262 0.203222 -0.504304 0.187351 -0.87068 -0.45477 0.485867 
1533723709298 0.0870024 0.844209 -0.528907 -0.607165 -0.949735 0.230556 0.211773 -0.241873 0.300723 0.483897 0.821833 0.414436 0.31622 -0.384863 0.867113 0.400795 -0.930002 -0.306262 0.203222 -0.504304 0.187351 -0.87068 -0.45477 0.485867 
1533723709315 0.0868291 0.844145 -0.529036 -0.607079 -0.949729 0.230478 0.211881 -0.241892 0.30079 0.484044 0.821722 0.414456 0.31622 -0.384863 0.867113 0.400795 -0.930002 -0.306262 0.203222 -0.504304 0.187351 -0.87068 -0.45477 0.485867 
1533723709332 0.0866559 0.844082 -0.529166 -0.606992 -0.949724 0.230401 0.21199 -0.24191 0.300857 0.484192 0.82161 0.414476 0.31622 -0.384863 0.867113 0.400795 -0.930002 -0.306262 0.203222 -0.504304 0.187351 -0.87068 -0.45477 0.485867 
1533723709348 0.0864828 0.844018 -0.529296 -0.606905 -0.949719 0.230323 0.212098 -0.241929 0.300923 0.484339 0.821499 0.414496 0.31622 -0.384863 0.867113 0.400795 -0.930002 -0.306262 0.203222 -0.504304 0.187351 -0.87068 -0.45477 0.485867 
1533723709395 0.0863094 0.843955 -0.529425 -0.606819 -0.949714 0.230245 0.212206 -0.241948 0.30099 0.484487 0.821388 0.414516 0.31622 -0.384863 0.867113 0.400795 -0.930002 -0.306262 0.203222 -0.504304 0.187351 -0.87068 -0.45477 0.485867 
1533723709417 0.0861363 0.843891 -0.529554 -0.606731 -0.949708 0.230167 0.212314 -0.241966 0.301056 0.484634 0.821276 0.414536 0.31622 -0.384863 0.867113 0.400795 -0.930002 -0.306262 0.203222 -0.504304 0.187351 -0.87068 -0.45477 0.485867 
