1533737882430 0.168407 0.690526 -0.703429 -0.496603 -0.94364 0.319213 0.0874421 -0.189757 0.284925 0.649058 0.705366 0.417452 0.16008 -0.304787 0.938871 0.370831 -0.775623 0.549475 0.310623 -0.528794 -0.61056 -0.777934 -0.14844 0.432481 
1533737882440 0.1671 0.695332 -0.698993 -0.507254 -0.945118 0.314858 0.0872698 -0.189105 0.280765 0.646048 0.709783 0.416685 0.316231 -0.384871 0.867106 0.40083 -0.930001 -0.306257 0.203234 -0.504368 0.187338 -0.870678 -0.454779 0.485897 
1533737883036 0.165764 0.700105 -0.694533 -0.517904 -0.946578 0.310498 0.087069 -0.188454 0.276608 0.642996 0.714173 0.415917 0.316231 -0.384871 0.867106 0.40083 -0.930001 -0.306257 0.203234 -0.504368 0.187338 -0.870678 -0.454779 0.485897 
1533737883634 0.164399 0.704846 -0.690047 -0.528553 -0.94802 0.306133 0.0868396 -0.187804 0.272455 0.639902 0.718536 0.415149 0.316231 -0.384871 0.867106 0.40083 -0.930001 -0.306257 0.203234 -0.504368 0.187338 -0.870678 -0.454779 0.485897 
1533737884243 0.163005 0.709556 -0.685536 -0.539202 -0.949443 0.301764 0.0865816 -0.187154 0.268305 0.636765 0.722872 0.414381 0.316231 -0.384871 0.867106 0.40083 -0.930001 -0.306257 0.203234 -0.504368 0.187338 -0.870678 -0.454779 0.485897 
1533737884849 0.161582 0.714233 -0.681001 -0.54985 -0.950848 0.297391 0.0862951 -0.186505 0.264159 0.633585 0.72718 0.413612 0.316231 -0.384871 0.867106 0.40083 -0.930001 -0.306257 0.203234 -0.504368 0.187338 -0.870678 -0.454779 0.485897 
1533737885461 0.16013 0.718878 -0.676442 -0.560497 -0.952234 0.293014 0.0859799 -0.185856 0.260016 0.630363 0.73146 0.412843 0.316231 -0.384871 0.867106 0.40083 -0.930001 -0.306257 0.203234 -0.504368 0.187338 -0.870678 -0.454779 0.485897 
1533737886087 0.158649 0.72349 -0.671858 -0.571144 -0.953602 0.288633 0.085636 -0.185207 0.255877 0.627099 0.735713 0.412073 0.316231 -0.384871 0.867106 0.40083 -0.930001 -0.306257 0.203234 -0.504368 0.187338 -0.870678 -0.454779 0.485897 
1533737886713 0.15714 0.728068 -0.667251 -0.58179 -0.954952 0.284249 0.0852634 -0.184558 0.251743 0.623794 0.739937 0.411304 0.316231 -0.384871 0.867106 0.40083 -0.930001 -0.306257 0.203234 -0.504368 0.187338 -0.870678 -0.454779 0.485897 
1533737887340 0.155944 0.732298 -0.662888 -0.591537 -0.956251 0.28009 0.0844599 -0.182948 0.247518 0.620717 0.743939 0.411023 0.316442 -0.385045 0.866951 0.401525 -0.929984 -0.306148 0.203478 -0.505625 0.187068 -0.87064 -0.454964 0.486487 
1533737887954 0.156058 0.732217 -0.662951 -0.59122 -0.956196 0.280274 0.0844692 -0.18301 0.247658 0.62073 0.743882 0.411061 0.316442 -0.385045 0.866951 0.401525 -0.929984 -0.306148 0.203478 -0.505625 0.187068 -0.87064 -0.454964 0.486487 
1533737887964 0.155857 0.732711 -0.662453 -0.59241 -0.956337 0.279795 0.0844682 -0.183039 0.247241 0.620363 0.744326 0.41093 0.316221 -0.384863 0.867113 0.400797 -0.930002 -0.306262 0.203223 -0.504308 0.187351 -0.87068 -0.45477 0.485869 
1533737888189 0.155657 0.733204 -0.661954 -0.593599 -0.956477 0.279316 0.0844668 -0.183067 0.246826 0.619996 0.74477 0.410798 0.316221 -0.384863 0.867113 0.400797 -0.930002 -0.306262 0.203223 -0.504308 0.187351 -0.87068 -0.45477 0.485869 
1533737888410 0.155455 0.733698 -0.661453 -0.594792 -0.956617 0.278837 0.0844666 -0.183099 0.24641 0.619627 0.745215 0.410665 0.316221 -0.384863 0.867113 0.400796 -0.930002 -0.306262 0.203223 -0.504306 0.187351 -0.87068 -0.45477 0.485868 
1533737888638 0.155254 0.734191 -0.660954 -0.595982 -0.956756 0.278358 0.084465 -0.183129 0.245995 0.619258 0.745658 0.410533 0.316221 -0.384863 0.867113 0.400796 -0.930002 -0.306262 0.203223 -0.504306 0.187351 -0.87068 -0.45477 0.485868 
1533737888861 0.155052 0.734684 -0.660453 -0.597174 -0.956896 0.277878 0.0844638 -0.18316 0.24558 0.618888 0.746102 0.410401 0.31622 -0.384863 0.867113 0.400796 -0.930002 -0.306262 0.203222 -0.504306 0.187351 -0.87068 -0.454769 0.485868 
1533737889082 0.154849 0.735177 -0.659952 -0.598366 -0.957035 0.277399 0.0844624 -0.183191 0.245165 0.618518 0.746545 0.410268 0.31622 -0.384863 0.867113 0.400796 -0.930002 -0.306262 0.203222 -0.504305 0.187351 -0.87068 -0.45477 0.485867 
1533737889306 0.154647 0.735669 -0.659451 -0.599557 -0.957174 0.27692 0.0844601 -0.183221 0.24475 0.618148 0.746988 0.410136 0.31622 -0.384863 0.867113 0.400796 -0.930002 -0.306262 0.203222 -0.504305 0.187351 -0.87068 -0.45477 0.485867 
1533737889527 0.154444 0.736161 -0.658949 -0.600749 -0.957313 0.27644 0.084458 -0.183253 0.244335 0.617777 0.747431 0.410003 0.316221 -0.384863 0.867113 0.400795 -0.930002 -0.306262 0.203223 -0.504305 0.187351 -0.87068 -0.45477 0.485867 
1533737889746 0.15424 0.736652 -0.658448 -0.601941 -0.957451 0.275961 0.0844551 -0.183283 0.24392 0.617405 0.747873 0.40987 0.316221 -0.384863 0.867113 0.400795 -0.930002 -0.306262 0.203223 -0.504305 0.187351 -0.87068 -0.45477 0.485867 
1533737889983 0.154469 0.7364 -0.658676 -0.601626 -0.957383 0.27624 0.0843155 -0.183396 0.244043 0.617581 0.747688 0.409889 0.316221 -0.384863 0.867113 0.400795 -0.930002 -0.306262 0.203223 -0.504305 0.187351 -0.87068 -0.45477 0.485867 
1533737889993 0.155469 0.736727 -0.658075 -0.601737 -0.957329 0.276657 0.0835554 -0.183364 0.243618 0.617005 0.748302 0.409722 0.31622 -0.384863 0.867113 0.400795 -0.930002 -0.306262 0.203222 -0.504304 0.187351 -0.87068 -0.454769 0.485867 
1533737890110 0.156467 0.737054 -0.657472 -0.601851 -0.957275 0.277073 0.082795 -0.18333 0.243192 0.616427 0.748916 0.409555 0.31622 -0.384863 0.867113 0.400795 -0.930002 -0.306262 0.203222 -0.504304 0.187351 -0.87068 -0.454769 0.485867 
1533737890201 0.157466 0.73738 -0.656868 -0.601966 -0.95722 0.27749 0.082035 -0.183297 0.242765 0.615849 0.74953 0.409387 0.31622 -0.384863 0.867113 0.400795 -0.930002 -0.306262 0.203222 -0.504304 0.187351 -0.87068 -0.454769 0.485867 
1533737890301 0.158463 0.737705 -0.656263 -0.602082 -0.957164 0.277907 0.0812755 -0.183264 0.242337 0.615271 0.750143 0.409219 0.31622 -0.384863 0.867113 0.400795 -0.930002 -0.306262 0.203222 -0.504304 0.187351 -0.87068 -0.454769 0.485867 
1533737890393 0.159461 0.738029 -0.655656 -0.602196 -0.957106 0.278325 0.0805162 -0.183231 0.241909 0.614693 0.750754 0.409052 0.31622 -0.384863 0.867113 0.400795 -0.930002 -0.306262 0.203222 -0.504304 0.187351 -0.87068 -0.454769 0.485867 
1533737890490 0.160457 0.738353 -0.655048 -0.602312 -0.957048 0.278743 0.0797575 -0.183198 0.241479 0.614115 0.751366 0.408884 0.31622 -0.384863 0.867113 0.400795 -0.930002 -0.306262 0.203222 -0.504304 0.187351 -0.87068 -0.454769 0.485867 
1533737890585 0.161454 0.738676 -0.654439 -0.602426 -0.956989 0.279161 0.0789988 -0.183165 0.241048 0.613537 0.751976 0.408717 0.31622 -0.384863 0.867113 0.400795 -0.930002 -0.306262 0.203222 -0.504304 0.187351 -0.87068 -0.454769 0.485867 
1533737890688 0.162449 0.738998 -0.653829 -0.602542 -0.956929 0.27958 0.0782408 -0.183133 0.240617 0.612958 0.752586 0.408549 0.31622 -0.384863 0.867113 0.400795 -0.930002 -0.306262 0.203222 -0.504304 0.187351 -0.87068 -0.454769 0.485867 
1533737890797 0.163445 0.739319 -0.653218 -0.602657 -0.956868 0.279999 0.0774828 -0.1831 0.240185 0.612379 0.753195 0.408381 0.31622 -0.384863 0.867113 0.400795 -0.930002 -0.306262 0.203222 -0.504304 0.187351 -0.87068 -0.454769 0.485867 
1533737890893 0.162619 0.738995 -0.65379 -0.60253 -0.956937 0.279613 0.0780321 -0.18321 0.240473 0.612946 0.752642 0.408535 0.31622 -0.384863 0.867113 0.400795 -0.930002 -0.306262 0.203222 -0.504304 0.187351 -0.87068 -0.454769 0.485867 
1533737890904 0.163131 0.739188 -0.653445 -0.602595 -0.95684 0.279991 0.0778575 -0.183209 0.24051 0.612541 0.75296 0.408455 0.31622 -0.384863 0.867113 0.400795 -0.930002 -0.306262 0.203222 -0.504304 0.187351 -0.87068 -0.454769 0.485867 
1533737890921 0.163642 0.739381 -0.653098 -0.602665 -0.956744 0.280368 0.0776844 -0.183212 0.240546 0.612135 0.753279 0.408372 0.31622 -0.384863 0.867113 0.400795 -0.930002 -0.306262 0.203222 -0.504304 0.187351 -0.87068 -0.454769 0.485867 
1533737890937 0.164153 0.739575 -0.65275 -0.602735 -0.956647 0.280746 0.0775114 -0.183214 0.240582 0.611728 0.753597 0.40829 0.31622 -0.384863 0.867113 0.400795 -0.930002 -0.306262 0.203222 -0.504304 0.187351 -0.87068 -0.454769 0.485867 
1533737891002 0.164664 0.739768 -0.652403 -0.602805 -0.95655 0.281123 0.0773389 -0.183217 0.240618 0.611321 0.753916 0.408207 0.31622 -0.384863 0.867113 0.400795 -0.930002 -0.306262 0.203222 -0.504304 0.187351 -0.87068 -0.454769 0.485867 
1533737891057 0.165175 0.73996 -0.652055 -0.602876 -0.956453 0.281501 0.0771666 -0.183221 0.240654 0.610914 0.754234 0.408124 0.31622 -0.384863 0.867113 0.400795 -0.930002 -0.306262 0.203222 -0.504304 0.187351 -0.87068 -0.454769 0.485867 
1533737891100 0.165686 0.740153 -0.651707 -0.602947 -0.956356 0.281878 0.0769945 -0.183224 0.24069 0.610507 0.754553 0.408042 0.31622 -0.384863 0.867113 0.400795 -0.930002 -0.306262 0.203222 -0.504304 0.187351 -0.87068 -0.454769 0.485867 
1533737891145 0.166197 0.740344 -0.651359 -0.603016 -0.956258 0.282256 0.0768222 -0.183226 0.240725 0.6101 0.754871 0.407959 0.31622 -0.384863 0.867113 0.400795 -0.930002 -0.306262 0.203222 -0.504304 0.187351 -0.87068 -0.454769 0.485867 
1533737891151 0.166709 0.740536 -0.651011 -0.603085 -0.956161 0.282634 0.0766501 -0.183229 0.24076 0.609693 0.755188 0.407877 0.31622 -0.384863 0.867113 0.400795 -0.930002 -0.306262 0.203222 -0.504304 0.187351 -0.87068 -0.454769 0.485867 
1533737891247 0.167219 0.740727 -0.650662 -0.603156 -0.956063 0.283011 0.0764787 -0.183233 0.240795 0.609285 0.755506 0.407794 0.31622 -0.384863 0.867113 0.400795 -0.930002 -0.306262 0.203222 -0.504304 0.187351 -0.87068 -0.454769 0.485867 
1533737891289 0.166224 0.740462 -0.651218 -0.602957 -0.956288 0.282174 0.0767505 -0.183256 0.240588 0.609995 0.754999 0.408034 0.31622 -0.384863 0.867113 0.400795 -0.930002 -0.306262 0.203222 -0.504304 0.187351 -0.87068 -0.454769 0.485867 
1533737891299 0.16641 0.740555 -0.651065 -0.602991 -0.956209 0.282419 0.0768341 -0.183259 0.240773 0.609768 0.755123 0.407986 0.31622 -0.384863 0.867113 0.400795 -0.930002 -0.306262 0.203222 -0.504304 0.187351 -0.87068 -0.45477 0.485867 
1533737891316 0.166595 0.74065 -0.65091 -0.603029 -0.95613 0.282663 0.0769196 -0.183266 0.240959 0.60954 0.755248 0.407935 0.31622 -0.384863 0.867113 0.400795 -0.930002 -0.306262 0.203222 -0.504304 0.187351 -0.87068 -0.45477 0.485867 
1533737891333 0.16678 0.740745 -0.650754 -0.603068 -0.956051 0.282907 0.0770056 -0.183274 0.241144 0.609311 0.755373 0.407885 0.31622 -0.384863 0.867113 0.400795 -0.930002 -0.306262 0.203222 -0.504304 0.187351 -0.87068 -0.45477 0.485867 
1533737891349 0.166965 0.740839 -0.650599 -0.603105 -0.955972 0.283151 0.0770908 -0.18328 0.24133 0.609083 0.755498 0.407835 0.31622 -0.384863 0.867113 0.400795 -0.930002 -0.306262 0.203222 -0.504304 0.187351 -0.87068 -0.45477 0.485867 
1533737891366 0.16715 0.740934 -0.650444 -0.603144 -0.955893 0.283395 0.0771766 -0.183287 0.241515 0.608855 0.755623 0.407784 0.31622 -0.384863 0.867113 0.400795 -0.930002 -0.306262 0.203222 -0.504304 0.187351 -0.87068 -0.45477 0.485867 
1533737891418 0.167335 0.741029 -0.650289 -0.603183 -0.955814 0.283638 0.0772626 -0.183295 0.241701 0.608626 0.755748 0.407733 0.31622 -0.384863 0.867113 0.400795 -0.930002 -0.306262 0.203222 -0.504304 0.187351 -0.87068 -0.45477 0.485867 
1533737891471 0.16752 0.741123 -0.650134 -0.60322 -0.955734 0.283882 0.0773481 -0.183301 0.241886 0.608398 0.755873 0.407683 0.31622 -0.384863 0.867113 0.400795 -0.930002 -0.306262 0.203222 -0.504304 0.187351 -0.87068 -0.45477 0.485867 
1533737891496 0.167705 0.741217 -0.649979 -0.603258 -0.955655 0.284126 0.0774337 -0.183307 0.242071 0.608169 0.755997 0.407633 0.31622 -0.384863 0.867113 0.400795 -0.930002 -0.306262 0.203222 -0.504304 0.187351 -0.87068 -0.45477 0.485867 
1533737891526 0.16789 0.741311 -0.649823 -0.603297 -0.955576 0.284369 0.07752 -0.183315 0.242256 0.60794 0.756122 0.407582 0.31622 -0.384863 0.867113 0.400795 -0.930002 -0.306262 0.203222 -0.504304 0.187351 -0.87068 -0.45477 0.485867 
1533737891579 0.167471 0.741061 -0.650216 -0.60317 -0.95577 0.283785 0.077264 -0.183368 0.241779 0.608518 0.75581 0.407769 0.31622 -0.384863 0.867113 0.400795 -0.930002 -0.306262 0.203222 -0.504304 0.187351 -0.87068 -0.45477 0.485867 
1533737891590 0.16752 0.741174 -0.650076 -0.603185 -0.95571 0.283936 0.0774455 -0.183365 0.241981 0.608311 0.755912 0.40774 0.31622 -0.384863 0.867113 0.400795 -0.930002 -0.306262 0.203222 -0.504304 0.187351 -0.87068 -0.45477 0.485867 
1533737891606 0.167567 0.741288 -0.649934 -0.603202 -0.955651 0.284086 0.077629 -0.183365 0.242183 0.608102 0.756016 0.407709 0.31622 -0.384863 0.867113 0.400795 -0.930002 -0.306262 0.203222 -0.504304 0.187351 -0.87068 -0.45477 0.485867 
1533737891623 0.167615 0.741401 -0.649792 -0.60322 -0.955591 0.284236 0.0778124 -0.183364 0.242385 0.607893 0.756119 0.407678 0.31622 -0.384863 0.867113 0.400795 -0.930002 -0.306262 0.203222 -0.504304 0.187351 -0.87068 -0.45477 0.485867 
1533737891640 0.167662 0.741515 -0.64965 -0.603238 -0.955532 0.284386 0.0779961 -0.183365 0.242587 0.607684 0.756222 0.407647 0.31622 -0.384863 0.867113 0.400795 -0.930002 -0.306262 0.203222 -0.504304 0.187351 -0.87068 -0.45477 0.485867 
1533737891656 0.16771 0.741629 -0.649508 -0.603255 -0.955472 0.284536 0.0781793 -0.183364 0.242788 0.607475 0.756325 0.407616 0.31622 -0.384863 0.867113 0.400795 -0.930002 -0.306262 0.203222 -0.504304 0.187351 -0.87068 -0.45477 0.485867 
1533737891714 0.167757 0.741743 -0.649365 -0.603273 -0.955413 0.284686 0.0783632 -0.183365 0.24299 0.607266 0.756428 0.407585 0.31622 -0.384863 0.867113 0.400795 -0.930002 -0.306262 0.203222 -0.504304 0.187351 -0.87068 -0.45477 0.485867 
1533737891774 0.167805 0.741856 -0.649224 -0.603291 -0.955353 0.284836 0.0785466 -0.183364 0.243192 0.607057 0.756531 0.407554 0.31622 -0.384863 0.867113 0.400795 -0.930002 -0.306262 0.203222 -0.504304 0.187351 -0.87068 -0.45477 0.485867 
1533737891804 0.167852 0.74197 -0.649081 -0.603309 -0.955293 0.284985 0.0787306 -0.183365 0.243394 0.606848 0.756634 0.407523 0.31622 -0.384863 0.867113 0.400795 -0.930002 -0.306262 0.203222 -0.504304 0.187351 -0.87068 -0.45477 0.485867 
1533737891830 0.1679 0.742083 -0.648939 -0.603327 -0.955233 0.285135 0.0789141 -0.183365 0.243596 0.606639 0.756737 0.407492 0.31622 -0.384863 0.867113 0.400795 -0.930002 -0.306262 0.203222 -0.504304 0.187351 -0.87068 -0.45477 0.485867 
1533737891879 0.167738 0.741835 -0.649265 -0.603255 -0.955395 0.284712 0.0784785 -0.183357 0.243072 0.607141 0.756502 0.407602 0.31622 -0.384863 0.867113 0.400795 -0.930002 -0.306262 0.203222 -0.504304 0.187351 -0.87068 -0.45477 0.485867 
1533737891891 0.167687 0.741869 -0.649239 -0.603251 -0.955361 0.284779 0.0786576 -0.183355 0.243244 0.607068 0.756506 0.407583 0.31622 -0.384863 0.867113 0.400795 -0.930002 -0.306262 0.203222 -0.504304 0.187351 -0.87068 -0.45477 0.485867 
1533737891908 0.167635 0.741905 -0.649212 -0.60325 -0.955326 0.284846 0.0788384 -0.183356 0.243416 0.606992 0.756511 0.407562 0.31622 -0.384863 0.867113 0.400795 -0.930002 -0.306262 0.203222 -0.504304 0.187351 -0.87068 -0.45477 0.485867 
1533737891924 0.167584 0.741941 -0.649184 -0.603249 -0.955291 0.284913 0.0790191 -0.183358 0.243589 0.606917 0.756516 0.407541 0.31622 -0.384863 0.867113 0.400795 -0.930002 -0.306262 0.203222 -0.504304 0.187351 -0.87068 -0.45477 0.485867 
1533737891941 0.167532 0.741977 -0.649156 -0.603248 -0.955256 0.28498 0.0791999 -0.18336 0.243761 0.606842 0.756521 0.40752 0.31622 -0.384863 0.867113 0.400795 -0.930002 -0.306262 0.203222 -0.504304 0.187351 -0.87068 -0.45477 0.485867 
1533737891958 0.16748 0.742013 -0.649128 -0.603248 -0.955221 0.285047 0.0793809 -0.183363 0.243934 0.606766 0.756526 0.407499 0.31622 -0.384863 0.867113 0.400795 -0.930002 -0.306262 0.203222 -0.504304 0.187351 -0.87068 -0.45477 0.485867 
1533737891974 0.167429 0.742049 -0.649101 -0.603247 -0.955186 0.285114 0.0795613 -0.183364 0.244106 0.606691 0.756531 0.407478 0.31622 -0.384863 0.867113 0.400795 -0.930002 -0.306262 0.203222 -0.504304 0.187351 -0.87068 -0.45477 0.485867 
1533737891991 0.167377 0.742085 -0.649072 -0.603247 -0.955151 0.285181 0.0797423 -0.183367 0.244279 0.606615 0.756536 0.407457 0.31622 -0.384863 0.867113 0.400795 -0.930002 -0.306262 0.203222 -0.504304 0.187351 -0.87068 -0.45477 0.485867 
1533737892008 0.167325 0.742121 -0.649045 -0.603246 -0.955116 0.285248 0.0799228 -0.183368 0.244451 0.60654 0.75654 0.407436 0.31622 -0.384863 0.867113 0.400795 -0.930002 -0.306262 0.203222 -0.504304 0.187351 -0.87068 -0.45477 0.485867 
1533737892095 0.167274 0.742157 -0.649017 -0.603246 -0.95508 0.285315 0.0801039 -0.183371 0.244624 0.606464 0.756545 0.407415 0.31622 -0.384863 0.867113 0.400795 -0.930002 -0.306262 0.203222 -0.504304 0.187351 -0.87068 -0.45477 0.485867 
1533737892119 0.167458 0.741971 -0.649182 -0.603273 -0.955234 0.285013 0.0793465 -0.183396 0.243898 0.606833 0.756483 0.40748 0.31622 -0.384863 0.867113 0.400795 -0.930002 -0.306262 0.203222 -0.504304 0.187351 -0.87068 -0.45477 0.485867 
1533737892131 0.167485 0.74203 -0.649108 -0.603275 -0.955242 0.284994 0.0793174 -0.18339 0.243848 0.60677 0.75655 0.407468 0.31622 -0.384863 0.867113 0.400795 -0.930002 -0.306262 0.203222 -0.504304 0.187351 -0.87068 -0.45477 0.485867 
1533737892148 0.16751 0.742089 -0.649033 -0.603279 -0.95525 0.284974 0.0792904 -0.183388 0.243798 0.606707 0.756617 0.407454 0.31622 -0.384863 0.867113 0.400795 -0.930002 -0.306262 0.203222 -0.504304 0.187351 -0.87068 -0.45477 0.485867 
1533737892165 0.167536 0.742149 -0.648958 -0.603284 -0.955258 0.284954 0.0792633 -0.183385 0.243749 0.606643 0.756684 0.407439 0.31622 -0.384863 0.867113 0.400795 -0.930002 -0.306262 0.203222 -0.504304 0.187351 -0.87068 -0.45477 0.485867 
1533737892171 0.167561 0.742208 -0.648884 -0.603289 -0.955266 0.284934 0.0792364 -0.183383 0.243699 0.60658 0.756751 0.407425 0.31622 -0.384863 0.867113 0.400795 -0.930002 -0.306262 0.203222 -0.504304 0.187351 -0.87068 -0.45477 0.485867 
1533737892185 0.167586 0.742268 -0.648809 -0.603295 -0.955275 0.284914 0.0792096 -0.183382 0.24365 0.606516 0.756818 0.40741 0.31622 -0.384863 0.867113 0.400795 -0.930002 -0.306262 0.203222 -0.504304 0.187351 -0.87068 -0.45477 0.485867 
1533737892202 0.167612 0.742327 -0.648734 -0.603299 -0.955283 0.284895 0.0791824 -0.183379 0.2436 0.606453 0.756884 0.407396 0.31622 -0.384863 0.867113 0.400795 -0.930002 -0.306262 0.203222 -0.504304 0.187351 -0.87068 -0.45477 0.485867 
1533737892218 0.167637 0.742387 -0.64866 -0.603305 -0.955291 0.284875 0.0791557 -0.183377 0.243551 0.606389 0.756951 0.407382 0.31622 -0.384863 0.867113 0.400795 -0.930002 -0.306262 0.203222 -0.504304 0.187351 -0.87068 -0.45477 0.485867 
1533737892235 0.167663 0.742446 -0.648585 -0.603309 -0.955299 0.284855 0.0791285 -0.183375 0.243501 0.606326 0.757018 0.407368 0.31622 -0.384863 0.867113 0.400795 -0.930002 -0.306262 0.203222 -0.504304 0.187351 -0.87068 -0.45477 0.485867 
1533737892251 0.167688 0.742506 -0.64851 -0.603314 -0.955307 0.284835 0.0791013 -0.183372 0.243452 0.606262 0.757085 0.407354 0.31622 -0.384863 0.867113 0.400795 -0.930002 -0.306262 0.203222 -0.504304 0.187351 -0.87068 -0.45477 0.485867 
1533737892275 0.167447 0.742097 -0.649041 -0.603215 -0.955073 0.285395 0.0799126 -0.183422 0.244536 0.6065 0.756545 0.407429 0.31622 -0.384863 0.867113 0.400795 -0.930002 -0.306262 0.203222 -0.504304 0.187351 -0.87068 -0.45477 0.485867 
1533737892288 0.167479 0.742171 -0.648947 -0.603217 -0.95509 0.285353 0.0798576 -0.18342 0.244447 0.606428 0.756631 0.407441 0.31622 -0.384863 0.867113 0.400795 -0.930002 -0.306262 0.203222 -0.504304 0.187351 -0.87068 -0.45477 0.485867 
1533737892305 0.16751 0.742248 -0.648851 -0.603226 -0.955107 0.285311 0.0798044 -0.183423 0.244359 0.606354 0.756719 0.407448 0.31622 -0.384863 0.867113 0.400795 -0.930002 -0.306262 0.203222 -0.504304 0.187351 -0.87068 -0.45477 0.485867 
1533737892322 0.167542 0.742325 -0.648756 -0.603233 -0.955124 0.285268 0.0797507 -0.183425 0.24427 0.606281 0.756806 0.407456 0.31622 -0.384863 0.867113 0.400795 -0.930002 -0.306262 0.203222 -0.504304 0.187351 -0.87068 -0.45477 0.485867 
1533737892339 0.167573 0.742401 -0.64866 -0.603241 -0.955141 0.285226 0.0796973 -0.183428 0.244182 0.606207 0.756894 0.407464 0.31622 -0.384863 0.867113 0.400795 -0.930002 -0.306262 0.203222 -0.504304 0.187351 -0.87068 -0.45477 0.485867 
1533737892345 0.167604 0.742477 -0.648565 -0.603248 -0.955158 0.285184 0.0796434 -0.183429 0.244094 0.606134 0.756981 0.407473 0.31622 -0.384863 0.867113 0.400795 -0.930002 -0.306262 0.203222 -0.504304 0.187351 -0.87068 -0.45477 0.485867 
1533737892351 0.167635 0.742554 -0.648469 -0.603256 -0.955175 0.285141 0.0795902 -0.183432 0.244005 0.60606 0.757069 0.407481 0.31622 -0.384863 0.867113 0.400795 -0.930002 -0.306262 0.203222 -0.504304 0.187351 -0.87068 -0.45477 0.485867 
1533737892358 0.167666 0.74263 -0.648374 -0.603263 -0.955192 0.285099 0.0795364 -0.183434 0.243917 0.605986 0.757156 0.407489 0.31622 -0.384863 0.867113 0.400795 -0.930002 -0.306262 0.203222 -0.504304 0.187351 -0.87068 -0.45477 0.485867 
1533737892379 0.167697 0.742706 -0.648278 -0.603271 -0.95521 0.285056 0.0794832 -0.183437 0.243829 0.605913 0.757243 0.407497 0.31622 -0.384863 0.867113 0.400795 -0.930002 -0.306262 0.203222 -0.504304 0.187351 -0.87068 -0.45477 0.485867 
1533737892397 0.167728 0.742783 -0.648183 -0.603278 -0.955227 0.285014 0.0794295 -0.183439 0.24374 0.605839 0.757331 0.407506 0.31622 -0.384863 0.867113 0.400795 -0.930002 -0.306262 0.203222 -0.504304 0.187351 -0.87068 -0.45477 0.485867 
1533737892415 0.167328 0.742281 -0.64886 -0.603272 -0.955198 0.285024 0.079735 -0.183301 0.244127 0.606448 0.756718 0.40744 0.31622 -0.384863 0.867113 0.400795 -0.930002 -0.306262 0.203222 -0.504304 0.187351 -0.87068 -0.45477 0.485867 
1533737892428 0.167342 0.742281 -0.648857 -0.603277 -0.955188 0.285053 0.0797497 -0.183301 0.244155 0.606435 0.75672 0.40745 0.31622 -0.384863 0.867113 0.400795 -0.930002 -0.306262 0.203222 -0.504304 0.187351 -0.87068 -0.45477 0.485867 
1533737892445 0.167356 0.742281 -0.648854 -0.603281 -0.955179 0.285081 0.0797645 -0.183301 0.244184 0.606422 0.756721 0.40746 0.31622 -0.384863 0.867113 0.400795 -0.930002 -0.306262 0.203222 -0.504304 0.187351 -0.87068 -0.45477 0.485867 
1533737892462 0.16737 0.74228 -0.648851 -0.603288 -0.955169 0.28511 0.0797789 -0.1833 0.244212 0.606409 0.756722 0.407472 0.31622 -0.384863 0.867113 0.400795 -0.930002 -0.306262 0.203222 -0.504304 0.187351 -0.87068 -0.45477 0.485867 
1533737892478 0.167384 0.74228 -0.648848 -0.603294 -0.955159 0.285139 0.0797936 -0.183299 0.244241 0.606397 0.756723 0.407482 0.31622 -0.384863 0.867113 0.400795 -0.930002 -0.306262 0.203222 -0.504304 0.187351 -0.87068 -0.45477 0.485867 
1533737892495 0.167399 0.742279 -0.648845 -0.603302 -0.955149 0.285167 0.0798078 -0.183298 0.244269 0.606384 0.756724 0.407495 0.31622 -0.384863 0.867113 0.400795 -0.930002 -0.306262 0.203222 -0.504304 0.187351 -0.87068 -0.45477 0.485867 
1533737892512 0.167413 0.742278 -0.648842 -0.603308 -0.95514 0.285196 0.0798224 -0.183297 0.244297 0.606371 0.756725 0.407505 0.31622 -0.384863 0.867113 0.400795 -0.930002 -0.306262 0.203222 -0.504304 0.187351 -0.87068 -0.45477 0.485867 
1533737892528 0.167427 0.742278 -0.648839 -0.603314 -0.95513 0.285224 0.079837 -0.183297 0.244326 0.606359 0.756726 0.407516 0.31622 -0.384863 0.867113 0.400795 -0.930002 -0.306262 0.203222 -0.504304 0.187351 -0.87068 -0.45477 0.485867 
1533737892545 0.167441 0.742277 -0.648836 -0.60332 -0.95512 0.285253 0.0798516 -0.183296 0.244354 0.606346 0.756727 0.407527 0.31622 -0.384863 0.867113 0.400795 -0.930002 -0.306262 0.203222 -0.504304 0.187351 -0.87068 -0.45477 0.485867 
1533737892562 0.167455 0.742276 -0.648833 -0.603328 -0.95511 0.285282 0.0798657 -0.183295 0.244383 0.606333 0.756728 0.40754 0.31622 -0.384863 0.867113 0.400795 -0.930002 -0.306262 0.203222 -0.504304 0.187351 -0.87068 -0.45477 0.485867 
1533737892582 0.167613 0.742542 -0.648488 -0.603259 -0.955237 0.284981 0.0794165 -0.183407 0.243777 0.606149 0.757071 0.407468 0.31622 -0.384863 0.867113 0.400795 -0.930002 -0.306262 0.203222 -0.504304 0.187351 -0.87068 -0.45477 0.485867 
1533737892595 0.167549 0.742503 -0.64855 -0.603264 -0.955274 0.284876 0.0793559 -0.18342 0.243678 0.606247 0.757024 0.407489 0.31622 -0.384863 0.867113 0.400795 -0.930002 -0.306262 0.203222 -0.504304 0.187351 -0.87068 -0.45477 0.485867 
1533737892612 0.167484 0.742463 -0.648613 -0.603268 -0.95531 0.28477 0.0792953 -0.183431 0.243579 0.606346 0.756977 0.407513 0.31622 -0.384863 0.867113 0.400795 -0.930002 -0.306262 0.203222 -0.504304 0.187351 -0.87068 -0.45477 0.485867 
1533737892628 0.16742 0.742422 -0.648675 -0.603271 -0.955347 0.284665 0.0792343 -0.183442 0.24348 0.606445 0.75693 0.407538 0.31622 -0.384863 0.867113 0.400795 -0.930002 -0.306262 0.203222 -0.504304 0.187351 -0.87068 -0.45477 0.485867 
1533737892645 0.167356 0.742382 -0.648738 -0.603274 -0.955383 0.28456 0.0791731 -0.183452 0.243381 0.606544 0.756882 0.407562 0.31622 -0.384863 0.867113 0.400795 -0.930002 -0.306262 0.203222 -0.504304 0.187351 -0.87068 -0.45477 0.485867 
1533737892662 0.167292 0.742341 -0.648801 -0.603276 -0.95542 0.284454 0.0791118 -0.183462 0.243282 0.606642 0.756835 0.407587 0.31622 -0.384863 0.867113 0.400795 -0.930002 -0.306262 0.203222 -0.504304 0.187351 -0.87068 -0.45477 0.485867 
1533737892678 0.167228 0.742301 -0.648863 -0.60328 -0.955456 0.284349 0.079051 -0.183473 0.243183 0.606741 0.756787 0.407611 0.31622 -0.384863 0.867113 0.400795 -0.930002 -0.306262 0.203222 -0.504304 0.187351 -0.87068 -0.45477 0.485867 
1533737892695 0.167165 0.74226 -0.648926 -0.603282 -0.955493 0.284244 0.0789896 -0.183483 0.243084 0.60684 0.75674 0.407636 0.31622 -0.384863 0.867113 0.400795 -0.930002 -0.306262 0.203222 -0.504304 0.187351 -0.87068 -0.45477 0.485867 
1533737892712 0.1671 0.74222 -0.648989 -0.603285 -0.955529 0.284138 0.0789288 -0.183493 0.242985 0.606939 0.756693 0.407659 0.31622 -0.384863 0.867113 0.400795 -0.930002 -0.306262 0.203222 -0.504304 0.187351 -0.87068 -0.45477 0.485867 
1533737892728 0.167036 0.74218 -0.649051 -0.603288 -0.955565 0.284033 0.0788679 -0.183504 0.242886 0.607037 0.756645 0.407683 0.31622 -0.384863 0.867113 0.400795 -0.930002 -0.306262 0.203222 -0.504304 0.187351 -0.87068 -0.45477 0.485867 
1533737892773 0.167429 0.742433 -0.64866 -0.603289 -0.955314 0.284748 0.0793303 -0.183438 0.243602 0.606392 0.756932 0.407563 0.31622 -0.384863 0.867113 0.400795 -0.930002 -0.306262 0.203222 -0.504304 0.187351 -0.87068 -0.45477 0.485867 
1533737892786 0.167445 0.742496 -0.648585 -0.603288 -0.955316 0.284741 0.0793364 -0.183432 0.243586 0.606319 0.756996 0.407553 0.31622 -0.384863 0.867113 0.400795 -0.930002 -0.306262 0.203222 -0.504304 0.187351 -0.87068 -0.45477 0.485867 
1533737892792 0.167457 0.742561 -0.648507 -0.603293 -0.955318 0.284732 0.0793454 -0.183431 0.24357 0.606243 0.757062 0.407539 0.31622 -0.384863 0.867113 0.400795 -0.930002 -0.306262 0.203222 -0.504304 0.187351 -0.87068 -0.45477 0.485867 
1533737892806 0.167471 0.742625 -0.64843 -0.603296 -0.955319 0.284724 0.0793537 -0.183429 0.243554 0.606168 0.757127 0.407526 0.31622 -0.384863 0.867113 0.400795 -0.930002 -0.306262 0.203222 -0.504304 0.187351 -0.87068 -0.45477 0.485867 
1533737892893 0.167483 0.74269 -0.648353 -0.603299 -0.955321 0.284715 0.0793622 -0.183427 0.243537 0.606093 0.757193 0.407513 0.31622 -0.384863 0.867113 0.400795 -0.930002 -0.306262 0.203222 -0.504304 0.187351 -0.87068 -0.45477 0.485867 
1533737892908 0.167497 0.742754 -0.648275 -0.603302 -0.955323 0.284707 0.0793702 -0.183424 0.243521 0.606018 0.757258 0.4075 0.31622 -0.384863 0.867113 0.400795 -0.930002 -0.306262 0.203222 -0.504304 0.187351 -0.87068 -0.45477 0.485867 
1533737892924 0.16751 0.742819 -0.648198 -0.603306 -0.955325 0.284698 0.0793789 -0.183423 0.243505 0.605943 0.757323 0.407487 0.31622 -0.384863 0.867113 0.400795 -0.930002 -0.306262 0.203222 -0.504304 0.187351 -0.87068 -0.45477 0.485867 
1533737892942 0.167523 0.742883 -0.648121 -0.603309 -0.955327 0.28469 0.0793871 -0.18342 0.243489 0.605868 0.757388 0.407474 0.31622 -0.384863 0.867113 0.400795 -0.930002 -0.306262 0.203222 -0.504304 0.187351 -0.87068 -0.45477 0.485867 
1533737892958 0.167535 0.742948 -0.648043 -0.603313 -0.955329 0.284681 0.0793958 -0.183419 0.243473 0.605793 0.757454 0.407461 0.31622 -0.384863 0.867113 0.400795 -0.930002 -0.306262 0.203222 -0.504304 0.187351 -0.87068 -0.45477 0.485867 
1533737892974 0.167549 0.743013 -0.647966 -0.603316 -0.955331 0.284673 0.0794041 -0.183417 0.243456 0.605718 0.757519 0.407448 0.31622 -0.384863 0.867113 0.400795 -0.930002 -0.306262 0.203222 -0.504304 0.187351 -0.87068 -0.45477 0.485867 
1533737892999 0.167605 0.74271 -0.648298 -0.603255 -0.955273 0.284871 0.0793895 -0.183447 0.243645 0.605995 0.757236 0.407553 0.31622 -0.384863 0.867113 0.400795 -0.930002 -0.306262 0.203222 -0.504304 0.187351 -0.87068 -0.45477 0.485867 
1533737893011 0.167618 0.742733 -0.648269 -0.603257 -0.955319 0.284756 0.0792402 -0.183443 0.243453 0.606022 0.757277 0.407551 0.31622 -0.384863 0.867113 0.400795 -0.930002 -0.306262 0.203222 -0.504304 0.187351 -0.87068 -0.45477 0.485867 
1533737893028 0.167633 0.742754 -0.648241 -0.603259 -0.955366 0.284642 0.079089 -0.183436 0.24326 0.606049 0.757317 0.407552 0.31622 -0.384863 0.867113 0.400795 -0.930002 -0.306262 0.203222 -0.504304 0.187351 -0.87068 -0.45477 0.485867 
1533737893044 0.167647 0.742775 -0.648213 -0.60326 -0.955412 0.284529 0.078938 -0.183429 0.243068 0.606077 0.757356 0.407552 0.31622 -0.384863 0.867113 0.400795 -0.930002 -0.306262 0.203222 -0.504304 0.187351 -0.87068 -0.45477 0.485867 
1533737893061 0.167661 0.742796 -0.648185 -0.603262 -0.955458 0.284415 0.0787874 -0.183423 0.242877 0.606104 0.757396 0.407551 0.31622 -0.384863 0.867113 0.400795 -0.930002 -0.306262 0.203222 -0.504304 0.187351 -0.87068 -0.45477 0.485867 
1533737893078 0.167676 0.742817 -0.648158 -0.603262 -0.955505 0.284302 0.0786361 -0.183415 0.242684 0.606132 0.757435 0.407552 0.31622 -0.384863 0.867113 0.400795 -0.930002 -0.306262 0.203222 -0.504304 0.187351 -0.87068 -0.45477 0.485867 
1533737893123 0.16769 0.742838 -0.64813 -0.603264 -0.955551 0.284188 0.0784854 -0.183409 0.242492 0.606159 0.757475 0.407551 0.31622 -0.384863 0.867113 0.400795 -0.930002 -0.306262 0.203222 -0.504304 0.187351 -0.87068 -0.45477 0.485867 
1533737893140 0.167705 0.742858 -0.648102 -0.603264 -0.955597 0.284074 0.0783339 -0.183401 0.2423 0.606187 0.757514 0.407552 0.31622 -0.384863 0.867113 0.400795 -0.930002 -0.306262 0.203222 -0.504304 0.187351 -0.87068 -0.45477 0.485867 
1533737893156 0.16772 0.74288 -0.648074 -0.603265 -0.955643 0.283961 0.0781831 -0.183394 0.242108 0.606215 0.757554 0.407552 0.31622 -0.384863 0.867113 0.400795 -0.930002 -0.306262 0.203222 -0.504304 0.187351 -0.87068 -0.45477 0.485867 
1533737893173 0.167735 0.7429 -0.648047 -0.603265 -0.955689 0.283847 0.0780316 -0.183386 0.241916 0.606242 0.757593 0.407552 0.31622 -0.384863 0.867113 0.400795 -0.930002 -0.306262 0.203222 -0.504304 0.187351 -0.87068 -0.45477 0.485867 
1533737893198 0.167642 0.742806 -0.648179 -0.603299 -0.955471 0.284375 0.0787729 -0.183412 0.242839 0.606111 0.757403 0.407491 0.31622 -0.384863 0.867113 0.400795 -0.930002 -0.306262 0.203222 -0.504304 0.187351 -0.87068 -0.45477 0.485867 
1533737893209 0.167582 0.742817 -0.648182 -0.603301 -0.95544 0.284433 0.07894 -0.183412 0.243003 0.60607 0.757383 0.40749 0.31622 -0.384863 0.867113 0.400795 -0.930002 -0.306262 0.203222 -0.504304 0.187351 -0.87068 -0.45477 0.485867 
1533737893226 0.16752 0.742829 -0.648184 -0.603307 -0.95541 0.28449 0.0791087 -0.183416 0.243166 0.606029 0.757363 0.407486 0.31622 -0.384863 0.867113 0.400795 -0.930002 -0.306262 0.203222 -0.504304 0.187351 -0.87068 -0.45477 0.485867 
1533737893243 0.167458 0.742841 -0.648186 -0.603312 -0.955379 0.284546 0.0792773 -0.183419 0.243329 0.605988 0.757344 0.407483 0.31622 -0.384863 0.867113 0.400795 -0.930002 -0.306262 0.203222 -0.504304 0.187351 -0.87068 -0.45477 0.485867 
1533737893259 0.167396 0.742853 -0.648188 -0.603317 -0.955348 0.284603 0.0794461 -0.183423 0.243493 0.605947 0.757324 0.40748 0.31622 -0.384863 0.867113 0.400795 -0.930002 -0.306262 0.203222 -0.504304 0.187351 -0.87068 -0.45477 0.485867 
1533737893328 0.167335 0.742864 -0.648191 -0.603321 -0.955317 0.284659 0.0796144 -0.183425 0.243656 0.605906 0.757305 0.407477 0.31622 -0.384863 0.867113 0.400795 -0.930002 -0.306262 0.203222 -0.504304 0.187351 -0.87068 -0.45477 0.485867 
1533737893345 0.167273 0.742877 -0.648193 -0.603327 -0.955286 0.284715 0.0797833 -0.183429 0.24382 0.605864 0.757285 0.407474 0.31622 -0.384863 0.867113 0.400795 -0.930002 -0.306262 0.203222 -0.504304 0.187351 -0.87068 -0.45477 0.485867 
1533737893361 0.167211 0.742889 -0.648195 -0.603332 -0.955255 0.284772 0.0799517 -0.183432 0.243983 0.605823 0.757265 0.407471 0.31622 -0.384863 0.867113 0.400795 -0.930002 -0.306262 0.203222 -0.504304 0.187351 -0.87068 -0.45477 0.485867 
1533737893378 0.167149 0.742901 -0.648197 -0.603338 -0.955224 0.284828 0.0801207 -0.183437 0.244146 0.605782 0.757246 0.407467 0.31622 -0.384863 0.867113 0.400795 -0.930002 -0.306262 0.203222 -0.504304 0.187351 -0.87068 -0.45477 0.485867 
1533737893394 0.167088 0.742913 -0.648199 -0.603343 -0.955193 0.284885 0.0802891 -0.18344 0.24431 0.60574 0.757226 0.407464 0.31622 -0.384863 0.867113 0.400795 -0.930002 -0.306262 0.203222 -0.504304 0.187351 -0.87068 -0.45477 0.485867 
1533737893420 0.167307 0.742999 -0.648044 -0.603296 -0.955406 0.284414 0.0794282 -0.183355 0.243328 0.605856 0.75745 0.407477 0.31622 -0.384863 0.867113 0.400795 -0.930002 -0.306262 0.203222 -0.504304 0.187351 -0.87068 -0.45477 0.485867 
1533737893431 0.167348 0.742982 -0.648052 -0.603298 -0.955419 0.284394 0.079334 -0.183348 0.243246 0.605885 0.757452 0.407475 0.31622 -0.384863 0.867113 0.400795 -0.930002 -0.306262 0.203222 -0.504304 0.187351 -0.87068 -0.45477 0.485867 
1533737893448 0.167388 0.742964 -0.648063 -0.603299 -0.955431 0.284379 0.0792456 -0.183337 0.243172 0.605915 0.757453 0.407475 0.31622 -0.384863 0.867113 0.400795 -0.930002 -0.306262 0.203222 -0.504304 0.187351 -0.87068 -0.45477 0.485867 
1533737893464 0.167427 0.742946 -0.648073 -0.603299 -0.955443 0.284364 0.0791574 -0.183327 0.243098 0.605944 0.757453 0.407475 0.31622 -0.384863 0.867113 0.400795 -0.930002 -0.306262 0.203222 -0.504304 0.187351 -0.87068 -0.45477 0.485867 
1533737893481 0.167467 0.742928 -0.648083 -0.603299 -0.955455 0.284349 0.079069 -0.183317 0.243024 0.605973 0.757454 0.407475 0.31622 -0.384863 0.867113 0.400795 -0.930002 -0.306262 0.203222 -0.504304 0.187351 -0.87068 -0.45477 0.485867 
1533737893498 0.167507 0.742911 -0.648093 -0.6033 -0.955467 0.284333 0.0789811 -0.183308 0.242951 0.606002 0.757454 0.407475 0.31622 -0.384863 0.867113 0.400795 -0.930002 -0.306262 0.203222 -0.504304 0.187351 -0.87068 -0.45477 0.485867 
1533737893562 0.167547 0.742893 -0.648104 -0.6033 -0.955478 0.284318 0.0788925 -0.183297 0.242877 0.606031 0.757454 0.407475 0.31622 -0.384863 0.867113 0.400795 -0.930002 -0.306262 0.203222 -0.504304 0.187351 -0.87068 -0.45477 0.485867 
1533737893569 0.167586 0.742875 -0.648114 -0.603301 -0.95549 0.284303 0.0788045 -0.183288 0.242803 0.60606 0.757455 0.407475 0.31622 -0.384863 0.867113 0.400795 -0.930002 -0.306262 0.203222 -0.504304 0.187351 -0.87068 -0.45477 0.485867 
1533737893582 0.167627 0.742857 -0.648125 -0.6033 -0.955502 0.284288 0.0787159 -0.183277 0.242729 0.60609 0.757455 0.407475 0.31622 -0.384863 0.867113 0.400795 -0.930002 -0.306262 0.203222 -0.504304 0.187351 -0.87068 -0.45477 0.485867 
1533737893599 0.167666 0.742839 -0.648135 -0.603301 -0.955514 0.284273 0.0786277 -0.183267 0.242655 0.606119 0.757456 0.407475 0.31622 -0.384863 0.867113 0.400795 -0.930002 -0.306262 0.203222 -0.504304 0.187351 -0.87068 -0.45477 0.485867 
1533737893624 0.167693 0.742883 -0.648077 -0.603294 -0.955353 0.284677 0.0791207 -0.183431 0.24327 0.605874 0.757453 0.407474 0.31622 -0.384863 0.867113 0.400795 -0.930002 -0.306262 0.203222 -0.504304 0.187351 -0.87068 -0.45477 0.485867 
1533737893635 0.167671 0.74284 -0.648132 -0.603296 -0.955357 0.284665 0.0791111 -0.183428 0.243267 0.605933 0.757408 0.407462 0.31622 -0.384863 0.867113 0.400795 -0.930002 -0.306262 0.203222 -0.504304 0.187351 -0.87068 -0.45477 0.485867 
1533737893652 0.167651 0.742797 -0.648187 -0.603295 -0.955362 0.284653 0.0791004 -0.183422 0.243263 0.605991 0.757362 0.407453 0.31622 -0.384863 0.867113 0.400795 -0.930002 -0.306262 0.203222 -0.504304 0.187351 -0.87068 -0.45477 0.485867 
1533737893669 0.16763 0.742754 -0.648241 -0.603294 -0.955366 0.28464 0.0790897 -0.183415 0.24326 0.60605 0.757316 0.407443 0.31622 -0.384863 0.867113 0.400795 -0.930002 -0.306262 0.203222 -0.504304 0.187351 -0.87068 -0.45477 0.485867 
1533737893686 0.16761 0.742711 -0.648296 -0.603293 -0.955371 0.284628 0.0790789 -0.183408 0.243256 0.606109 0.75727 0.407434 0.31622 -0.384863 0.867113 0.400795 -0.930002 -0.306262 0.203222 -0.504304 0.187351 -0.87068 -0.45477 0.485867 
1533737893702 0.16759 0.742667 -0.648351 -0.603291 -0.955375 0.284616 0.079068 -0.183401 0.243252 0.606168 0.757225 0.407425 0.31622 -0.384863 0.867113 0.400795 -0.930002 -0.306262 0.203222 -0.504304 0.187351 -0.87068 -0.45477 0.485867 
1533737893719 0.167569 0.742624 -0.648406 -0.603291 -0.95538 0.284604 0.0790575 -0.183395 0.243249 0.606226 0.757179 0.407415 0.31622 -0.384863 0.867113 0.400795 -0.930002 -0.306262 0.203222 -0.504304 0.187351 -0.87068 -0.45477 0.485867 
1533737893737 0.167549 0.742581 -0.648461 -0.603289 -0.955384 0.284592 0.0790465 -0.183387 0.243245 0.606285 0.757133 0.407406 0.31622 -0.384863 0.867113 0.400795 -0.930002 -0.306262 0.203222 -0.504304 0.187351 -0.87068 -0.45477 0.485867 
1533737893752 0.167528 0.742538 -0.648515 -0.603288 -0.955389 0.284579 0.079036 -0.183381 0.243241 0.606344 0.757087 0.407397 0.31622 -0.384863 0.867113 0.400795 -0.930002 -0.306262 0.203222 -0.504304 0.187351 -0.87068 -0.45477 0.485867 
1533737893769 0.167508 0.742494 -0.64857 -0.603286 -0.955393 0.284567 0.0790249 -0.183373 0.243237 0.606403 0.757041 0.407388 0.31622 -0.384863 0.867113 0.400795 -0.930002 -0.306262 0.203222 -0.504304 0.187351 -0.87068 -0.45477 0.485867 
1533737893789 0.167634 0.742851 -0.648129 -0.603295 -0.955458 0.2844 0.078842 -0.183301 0.242896 0.606044 0.757438 0.40748 0.31622 -0.384863 0.867113 0.400795 -0.930002 -0.306262 0.203222 -0.504304 0.187351 -0.87068 -0.45477 0.485867 
1533737893802 0.167614 0.742853 -0.648132 -0.603294 -0.955453 0.284407 0.0788818 -0.183303 0.242931 0.606037 0.757432 0.40749 0.31622 -0.384863 0.867113 0.400795 -0.930002 -0.306262 0.203222 -0.504304 0.187351 -0.87068 -0.45477 0.485867 
1533737893819 0.167594 0.742855 -0.648135 -0.603294 -0.955447 0.284415 0.0789218 -0.183307 0.242966 0.606032 0.757425 0.407499 0.31622 -0.384863 0.867113 0.400795 -0.930002 -0.306262 0.203222 -0.504304 0.187351 -0.87068 -0.45477 0.485867 
1533737893835 0.167573 0.742858 -0.648137 -0.603293 -0.955442 0.284422 0.078962 -0.183312 0.243002 0.606026 0.757419 0.407508 0.31622 -0.384863 0.867113 0.400795 -0.930002 -0.306262 0.203222 -0.504304 0.187351 -0.87068 -0.45477 0.485867 
1533737893852 0.167553 0.74286 -0.64814 -0.603293 -0.955437 0.284429 0.0790018 -0.183315 0.243037 0.60602 0.757412 0.407517 0.31622 -0.384863 0.867113 0.400795 -0.930002 -0.306262 0.203222 -0.504304 0.187351 -0.87068 -0.45477 0.485867 
1533737893869 0.167532 0.742862 -0.648143 -0.603293 -0.955431 0.284436 0.0790423 -0.183321 0.243072 0.606014 0.757406 0.407526 0.31622 -0.384863 0.867113 0.400795 -0.930002 -0.306262 0.203222 -0.504304 0.187351 -0.87068 -0.45477 0.485867 
1533737893886 0.167512 0.742864 -0.648145 -0.603293 -0.955426 0.284443 0.0790822 -0.183325 0.243108 0.606008 0.757399 0.407535 0.31622 -0.384863 0.867113 0.400795 -0.930002 -0.306262 0.203222 -0.504304 0.187351 -0.87068 -0.45477 0.485867 
1533737893902 0.167492 0.742867 -0.648148 -0.603294 -0.95542 0.28445 0.0791227 -0.18333 0.243143 0.606001 0.757393 0.407544 0.31622 -0.384863 0.867113 0.400795 -0.930002 -0.306262 0.203222 -0.504304 0.187351 -0.87068 -0.45477 0.485867 
