1533664107203 -0.0813238 0.937095 -0.33947 -0.568446 -0.994522 -0.0538537 0.0895876 -0.253205 0.0656703 0.344896 0.936341 0.364256 0.16008 -0.304787 0.938871 0.370831 -0.775623 0.549475 0.310623 -0.528794 -0.61056 -0.777934 -0.14844 0.432481 
1533664107216 -0.059979 0.928015 -0.367682 -0.57406 -0.994657 -0.0245582 0.100272 -0.251355 0.0840243 0.371732 0.92453 0.370109 0.316231 -0.384871 0.867106 0.40083 -0.930001 -0.306257 0.203234 -0.504368 0.187338 -0.870678 -0.454779 0.485897 
1533664107920 -0.0391603 0.917505 -0.395792 -0.579675 -0.993914 0.00504758 0.11004 -0.249506 0.10296 0.397693 0.911723 0.375961 0.316231 -0.384871 0.867106 0.40083 -0.930001 -0.306257 0.203234 -0.504368 0.187338 -0.870678 -0.454779 0.485897 
1533664108653 -0.0189064 0.905582 -0.42375 -0.585291 -0.992295 0.0349096 0.118877 -0.247658 0.122446 0.422733 0.897944 0.381814 0.316231 -0.384871 0.867106 0.40083 -0.930001 -0.306257 0.203234 -0.504368 0.187338 -0.870678 -0.454779 0.485897 
1533664109364 0.000747503 0.892267 -0.451507 -0.590908 -0.989802 0.064976 0.126767 -0.24581 0.142447 0.446808 0.883217 0.387666 0.316231 -0.384871 0.867106 0.40083 -0.930001 -0.306257 0.203234 -0.504368 0.187338 -0.870678 -0.454779 0.485897 
1533664109371 0.0197668 0.877585 -0.479014 -0.596526 -0.98644 0.0951938 0.133695 -0.243965 0.162928 0.469876 0.867566 0.393518 0.316231 -0.384871 0.867106 0.40083 -0.930001 -0.306257 0.203234 -0.504368 0.187338 -0.870678 -0.454779 0.485897 
1533664110431 0.0381179 0.86156 -0.506222 -0.602147 -0.982214 0.12551 0.139651 -0.242121 0.183854 0.491895 0.851021 0.399368 0.316231 -0.384871 0.867106 0.40083 -0.930001 -0.306257 0.203234 -0.504368 0.187338 -0.870678 -0.454779 0.485897 
1533664111195 0.055768 0.844222 -0.533084 -0.607771 -0.977132 0.155871 0.144625 -0.240282 0.205188 0.512829 0.833609 0.405218 0.316231 -0.384871 0.867106 0.40083 -0.930001 -0.306257 0.203234 -0.504368 0.187338 -0.870678 -0.454779 0.485897 
1533664111932 0.0726855 0.825602 -0.559552 -0.613401 -0.971204 0.186224 0.148608 -0.238448 0.226893 0.532638 0.815363 0.411065 0.316231 -0.384871 0.867106 0.40083 -0.930001 -0.306257 0.203234 -0.504368 0.187338 -0.870678 -0.454779 0.485897 
1533664112686 0.0884846 0.805975 -0.585299 -0.620091 -0.964425 0.216275 0.152017 -0.237664 0.249108 0.551026 0.79644 0.416549 0.316442 -0.385045 0.866951 0.401525 -0.929984 -0.306148 0.203478 -0.505625 0.187068 -0.87064 -0.454964 0.486487 
1533664113438 0.0877909 0.806332 -0.584912 -0.619775 -0.964588 0.215423 0.152195 -0.237638 0.248723 0.550838 0.79669 0.416038 0.316442 -0.385045 0.866951 0.401525 -0.929984 -0.306148 0.203478 -0.505625 0.187068 -0.87064 -0.454964 0.486487 
1533664113449 0.0894739 0.80422 -0.587559 -0.620259 -0.963853 0.218561 0.152378 -0.237348 0.250963 0.552686 0.794705 0.416712 0.316221 -0.384863 0.867113 0.400797 -0.930002 -0.306262 0.203223 -0.504308 0.187351 -0.87068 -0.45477 0.485869 
1533664113693 0.0911498 0.802094 -0.590201 -0.620739 -0.963109 0.221698 0.15255 -0.237054 0.253205 0.554523 0.792711 0.417387 0.316221 -0.384863 0.867113 0.400796 -0.930002 -0.306262 0.203223 -0.504306 0.187351 -0.87068 -0.45477 0.485868 
1533664113963 0.0928175 0.799955 -0.592838 -0.621219 -0.962356 0.224833 0.152711 -0.236761 0.255451 0.556347 0.79071 0.418062 0.31622 -0.384863 0.867113 0.400796 -0.930002 -0.306262 0.203222 -0.504306 0.187351 -0.87068 -0.454769 0.485868 
1533664114220 0.094477 0.797803 -0.595469 -0.621699 -0.961595 0.227967 0.152861 -0.236467 0.2577 0.558159 0.788701 0.418737 0.31622 -0.384863 0.867113 0.400796 -0.930002 -0.306262 0.203222 -0.504305 0.187351 -0.87068 -0.45477 0.485867 
1533664114483 0.0961283 0.795639 -0.598096 -0.622178 -0.960825 0.231099 0.153 -0.236173 0.259952 0.559958 0.786684 0.419412 0.316221 -0.384863 0.867113 0.400795 -0.930002 -0.306262 0.203223 -0.504305 0.187351 -0.87068 -0.45477 0.485867 
1533664114489 0.0977713 0.793461 -0.600717 -0.622658 -0.960046 0.23423 0.153129 -0.235879 0.262207 0.561744 0.78466 0.420088 0.31622 -0.384863 0.867113 0.400795 -0.930002 -0.306262 0.203222 -0.504305 0.187352 -0.87068 -0.454769 0.485867 
1533664114849 0.099406 0.79127 -0.603332 -0.623137 -0.959258 0.237358 0.153246 -0.235585 0.264465 0.563518 0.782627 0.420763 0.31622 -0.384863 0.867113 0.400795 -0.930002 -0.306262 0.203222 -0.504304 0.187352 -0.87068 -0.454769 0.485867 
1533664115121 0.101032 0.789067 -0.605942 -0.623617 -0.958462 0.240485 0.153354 -0.235291 0.266727 0.565279 0.780587 0.421438 0.31622 -0.384863 0.867113 0.400795 -0.930002 -0.306262 0.203222 -0.504304 0.187352 -0.87068 -0.454769 0.485867 
1533664115383 0.10265 0.786851 -0.608547 -0.624096 -0.957657 0.24361 0.15345 -0.234997 0.268991 0.567027 0.77854 0.422113 0.31622 -0.384863 0.867113 0.400795 -0.930002 -0.306262 0.203222 -0.504304 0.187351 -0.87068 -0.454769 0.485867 
1533664115664 0.102529 0.787184 -0.608136 -0.623979 -0.957767 0.24323 0.153365 -0.235156 0.268643 0.566729 0.778877 0.421851 0.31622 -0.384863 0.867113 0.400795 -0.930002 -0.306262 0.203222 -0.504304 0.187351 -0.87068 -0.454769 0.485867 
1533664115675 0.103387 0.787689 -0.607336 -0.624026 -0.957619 0.24387 0.153273 -0.235092 0.268843 0.56575 0.779519 0.421745 0.31622 -0.384863 0.867113 0.400795 -0.930002 -0.306262 0.203222 -0.504304 0.187351 -0.87068 -0.454769 0.485867 
1533664115839 0.104244 0.788194 -0.606534 -0.624078 -0.95747 0.24451 0.153184 -0.235031 0.269042 0.56477 0.780161 0.421637 0.31622 -0.384863 0.867113 0.400795 -0.930002 -0.306262 0.203222 -0.504304 0.187351 -0.87068 -0.454769 0.485867 
1533664115951 0.1051 0.788698 -0.60573 -0.624131 -0.957321 0.24515 0.153095 -0.234972 0.269241 0.563788 0.780803 0.421529 0.31622 -0.384863 0.867113 0.400795 -0.930002 -0.306262 0.203222 -0.504304 0.187351 -0.87068 -0.454769 0.485867 
1533664116061 0.105957 0.789201 -0.604926 -0.624183 -0.957171 0.245789 0.153007 -0.234912 0.269438 0.562805 0.781443 0.421421 0.31622 -0.384863 0.867113 0.400795 -0.930002 -0.306262 0.203222 -0.504304 0.187351 -0.87068 -0.454769 0.485867 
1533664116166 0.106814 0.789702 -0.604121 -0.624236 -0.95702 0.246429 0.15292 -0.234853 0.269634 0.561822 0.782083 0.421312 0.31622 -0.384863 0.867113 0.400795 -0.930002 -0.306262 0.203222 -0.504304 0.187351 -0.87068 -0.454769 0.485867 
1533664116285 0.107671 0.790201 -0.603315 -0.624287 -0.956869 0.247069 0.152833 -0.234792 0.269829 0.560838 0.782721 0.421205 0.31622 -0.384863 0.867113 0.400795 -0.930002 -0.306262 0.203222 -0.504304 0.187351 -0.87068 -0.454769 0.485867 
1533664116393 0.108528 0.790699 -0.602509 -0.62434 -0.956718 0.247708 0.152748 -0.234733 0.270024 0.559853 0.783359 0.421097 0.31622 -0.384863 0.867113 0.400795 -0.930002 -0.306262 0.203222 -0.504304 0.187351 -0.87068 -0.454769 0.485867 
1533664116503 0.109386 0.791195 -0.601702 -0.624391 -0.956566 0.248348 0.152662 -0.234673 0.270217 0.558868 0.783996 0.420989 0.31622 -0.384863 0.867113 0.400795 -0.930002 -0.306262 0.203222 -0.504304 0.187351 -0.87068 -0.454769 0.485867 
1533664116607 0.110243 0.79169 -0.600893 -0.624444 -0.956413 0.248987 0.152578 -0.234614 0.270409 0.557881 0.784632 0.420881 0.31622 -0.384863 0.867113 0.400795 -0.930002 -0.306262 0.203222 -0.504304 0.187351 -0.87068 -0.454769 0.485867 
1533664116739 0.109502 0.791258 -0.601598 -0.624421 -0.956507 0.248515 0.15276 -0.234607 0.270379 0.558705 0.784056 0.420931 0.31622 -0.384863 0.867113 0.400795 -0.930002 -0.306262 0.203222 -0.504304 0.187351 -0.87068 -0.454769 0.485867 
1533664116752 0.109333 0.791709 -0.601035 -0.624378 -0.956244 0.248852 0.15385 -0.234667 0.271373 0.557915 0.784275 0.420883 0.31622 -0.384863 0.867113 0.400795 -0.930002 -0.306262 0.203222 -0.504304 0.187351 -0.87068 -0.45477 0.485867 
1533664116757 0.109163 0.792161 -0.60047 -0.624339 -0.955981 0.249187 0.154942 -0.234731 0.272368 0.557124 0.784492 0.420834 0.31622 -0.384863 0.867113 0.400795 -0.930002 -0.306262 0.203222 -0.504304 0.187351 -0.87068 -0.45477 0.485867 
1533664116900 0.108993 0.792613 -0.599905 -0.624302 -0.955716 0.24952 0.156035 -0.234797 0.273364 0.556332 0.784709 0.420784 0.31622 -0.384863 0.867113 0.400795 -0.930002 -0.306262 0.203222 -0.504304 0.187351 -0.87068 -0.45477 0.485867 
1533664117123 0.108824 0.793064 -0.599339 -0.624264 -0.95545 0.249852 0.157128 -0.234862 0.274358 0.555539 0.784923 0.420735 0.31622 -0.384863 0.867113 0.400795 -0.930002 -0.306262 0.203222 -0.504304 0.187351 -0.87068 -0.45477 0.485867 
1533664117271 0.108656 0.793515 -0.598772 -0.624224 -0.955183 0.250184 0.15822 -0.234926 0.275353 0.554746 0.785136 0.420686 0.31622 -0.384863 0.867113 0.400795 -0.930002 -0.306262 0.203222 -0.504304 0.187351 -0.87068 -0.45477 0.485867 
1533664117423 0.108489 0.793965 -0.598205 -0.624187 -0.954915 0.250514 0.159313 -0.234991 0.276348 0.553951 0.785347 0.420636 0.31622 -0.384863 0.867113 0.400795 -0.930002 -0.306262 0.203222 -0.504304 0.187351 -0.87068 -0.45477 0.485867 
1533664117571 0.108322 0.794415 -0.597638 -0.624148 -0.954645 0.250843 0.160405 -0.235055 0.277342 0.553157 0.785557 0.420587 0.31622 -0.384863 0.867113 0.400795 -0.930002 -0.306262 0.203222 -0.504304 0.187351 -0.87068 -0.45477 0.485867 
1533664117719 0.108156 0.794865 -0.597069 -0.62411 -0.954375 0.251171 0.161498 -0.235121 0.278336 0.552361 0.785765 0.420537 0.31622 -0.384863 0.867113 0.400795 -0.930002 -0.306262 0.203222 -0.504304 0.187351 -0.87068 -0.45477 0.485867 
1533664117868 0.107991 0.795314 -0.596501 -0.624072 -0.954103 0.251499 0.162591 -0.235185 0.27933 0.551565 0.785971 0.420488 0.31622 -0.384863 0.867113 0.400795 -0.930002 -0.306262 0.203222 -0.504304 0.187351 -0.87068 -0.45477 0.485867 
1533664118031 0.107985 0.79505 -0.596855 -0.624118 -0.954295 0.251188 0.161944 -0.235101 0.278676 0.552088 0.785836 0.42054 0.31622 -0.384863 0.867113 0.400795 -0.930002 -0.306262 0.203222 -0.504304 0.187351 -0.87068 -0.45477 0.485867 
1533664118048 0.107939 0.795171 -0.596701 -0.624089 -0.954259 0.2512 0.162134 -0.235113 0.278816 0.551907 0.785914 0.420567 0.31622 -0.384863 0.867113 0.400795 -0.930002 -0.306262 0.203222 -0.504304 0.187351 -0.87068 -0.45477 0.485867 
1533664118059 0.107891 0.795293 -0.596547 -0.624063 -0.954224 0.251211 0.162324 -0.23513 0.278955 0.551727 0.785991 0.420592 0.31622 -0.384863 0.867113 0.400795 -0.930002 -0.306262 0.203222 -0.504304 0.187351 -0.87068 -0.45477 0.485867 
1533664118075 0.107843 0.795415 -0.596393 -0.624037 -0.954189 0.251221 0.162515 -0.235146 0.279094 0.551546 0.786069 0.420617 0.31622 -0.384863 0.867113 0.400795 -0.930002 -0.306262 0.203222 -0.504304 0.187351 -0.87068 -0.45477 0.485867 
1533664118095 0.107794 0.795537 -0.596239 -0.624012 -0.954154 0.251232 0.162706 -0.235163 0.279232 0.551365 0.786146 0.420642 0.31622 -0.384863 0.867113 0.400795 -0.930002 -0.306262 0.203222 -0.504304 0.187351 -0.87068 -0.45477 0.485867 
1533664118111 0.107746 0.795659 -0.596085 -0.623988 -0.954119 0.251242 0.162897 -0.23518 0.279372 0.551184 0.786224 0.420667 0.31622 -0.384863 0.867113 0.400795 -0.930002 -0.306262 0.203222 -0.504304 0.187351 -0.87068 -0.45477 0.485867 
1533664118125 0.107698 0.795782 -0.59593 -0.623963 -0.954083 0.251252 0.163088 -0.235197 0.279511 0.551003 0.786301 0.420692 0.31622 -0.384863 0.867113 0.400795 -0.930002 -0.306262 0.203222 -0.504304 0.187351 -0.87068 -0.45477 0.485867 
1533664118178 0.10765 0.795903 -0.595776 -0.623937 -0.954048 0.251262 0.163278 -0.235213 0.279649 0.550822 0.786378 0.420717 0.31622 -0.384863 0.867113 0.400795 -0.930002 -0.306262 0.203222 -0.504304 0.187351 -0.87068 -0.45477 0.485867 
1533664118247 0.107602 0.796026 -0.595622 -0.623913 -0.954013 0.251272 0.163469 -0.235231 0.279789 0.550641 0.786456 0.420742 0.31622 -0.384863 0.867113 0.400795 -0.930002 -0.306262 0.203222 -0.504304 0.187351 -0.87068 -0.45477 0.485867 
1533664118263 0.107554 0.796147 -0.595467 -0.623888 -0.953977 0.251282 0.163659 -0.235247 0.279927 0.55046 0.786533 0.420767 0.31622 -0.384863 0.867113 0.400795 -0.930002 -0.306262 0.203222 -0.504304 0.187351 -0.87068 -0.45477 0.485867 
1533664118296 0.107724 0.79576 -0.595955 -0.623976 -0.954175 0.25109 0.162797 -0.23523 0.279186 0.551108 0.786343 0.420692 0.31622 -0.384863 0.867113 0.400795 -0.930002 -0.306262 0.203222 -0.504304 0.187351 -0.87068 -0.45477 0.485867 
1533664118307 0.107658 0.795639 -0.596128 -0.623938 -0.954246 0.250949 0.162603 -0.23524 0.278971 0.551347 0.786252 0.420753 0.31622 -0.384863 0.867113 0.400795 -0.930002 -0.306262 0.203222 -0.504304 0.187351 -0.87068 -0.45477 0.485867 
1533664118313 0.107594 0.795516 -0.596303 -0.623893 -0.954316 0.250809 0.162406 -0.235243 0.278755 0.551588 0.786159 0.420816 0.31622 -0.384863 0.867113 0.400795 -0.930002 -0.306262 0.203222 -0.504304 0.187351 -0.87068 -0.45477 0.485867 
1533664118490 0.107529 0.795394 -0.596478 -0.62385 -0.954386 0.250668 0.16221 -0.235248 0.278539 0.551828 0.786067 0.420879 0.31622 -0.384863 0.867113 0.400795 -0.930002 -0.306262 0.203222 -0.504304 0.187351 -0.87068 -0.45477 0.485867 
1533664118514 0.107465 0.795271 -0.596653 -0.623807 -0.954457 0.250527 0.162014 -0.235253 0.278323 0.552069 0.785975 0.420942 0.31622 -0.384863 0.867113 0.400795 -0.930002 -0.306262 0.203222 -0.504304 0.187351 -0.87068 -0.45477 0.485867 
1533664118535 0.107401 0.795149 -0.596828 -0.623763 -0.954527 0.250386 0.161818 -0.235257 0.278107 0.552309 0.785882 0.421004 0.31622 -0.384863 0.867113 0.400795 -0.930002 -0.306262 0.203222 -0.504304 0.187351 -0.87068 -0.45477 0.485867 
1533664118649 0.107336 0.795026 -0.597003 -0.62372 -0.954597 0.250245 0.161622 -0.235263 0.277891 0.552549 0.78579 0.421067 0.31622 -0.384863 0.867113 0.400795 -0.930002 -0.306262 0.203222 -0.504304 0.187351 -0.87068 -0.45477 0.485867 
1533664118671 0.107272 0.794903 -0.597178 -0.623676 -0.954667 0.250104 0.161425 -0.235266 0.277674 0.55279 0.785697 0.42113 0.31622 -0.384863 0.867113 0.400795 -0.930002 -0.306262 0.203222 -0.504304 0.187351 -0.87068 -0.45477 0.485867 
1533664118692 0.107208 0.794781 -0.597353 -0.623633 -0.954737 0.249963 0.161229 -0.235272 0.277458 0.55303 0.785605 0.421193 0.31622 -0.384863 0.867113 0.400795 -0.930002 -0.306262 0.203222 -0.504304 0.187351 -0.87068 -0.45477 0.485867 
1533664118788 0.107144 0.794658 -0.597528 -0.623589 -0.954807 0.249822 0.161033 -0.235275 0.277242 0.553271 0.785512 0.421256 0.31622 -0.384863 0.867113 0.400795 -0.930002 -0.306262 0.203222 -0.504304 0.187351 -0.87068 -0.45477 0.485867 
1533664118830 0.107301 0.794928 -0.597139 -0.623665 -0.954655 0.250137 0.161447 -0.235327 0.277705 0.552739 0.785722 0.421103 0.31622 -0.384863 0.867113 0.400795 -0.930002 -0.306262 0.203222 -0.504304 0.187351 -0.87068 -0.45477 0.485867 
1533664118842 0.107275 0.795032 -0.597006 -0.623623 -0.954712 0.249982 0.161351 -0.235427 0.27752 0.55266 0.785844 0.421083 0.31622 -0.384863 0.867113 0.400795 -0.930002 -0.306262 0.203222 -0.504304 0.187351 -0.87068 -0.45477 0.485867 
1533664118864 0.107247 0.795137 -0.596871 -0.623585 -0.954769 0.249825 0.161257 -0.235531 0.277335 0.55258 0.785965 0.421061 0.31622 -0.384863 0.867113 0.400795 -0.930002 -0.306262 0.203222 -0.504304 0.187351 -0.87068 -0.45477 0.485867 
1533664119003 0.107218 0.795242 -0.596737 -0.623548 -0.954826 0.249668 0.161163 -0.235636 0.27715 0.5525 0.786086 0.421039 0.31622 -0.384863 0.867113 0.400795 -0.930002 -0.306262 0.203222 -0.504304 0.187351 -0.87068 -0.45477 0.485867 
1533664119018 0.10719 0.795347 -0.596602 -0.623511 -0.954883 0.249511 0.161069 -0.235741 0.276965 0.55242 0.786208 0.421018 0.31622 -0.384863 0.867113 0.400795 -0.930002 -0.306262 0.203222 -0.504304 0.187351 -0.87068 -0.45477 0.485867 
1533664119042 0.107162 0.795451 -0.596468 -0.623472 -0.954939 0.249355 0.160975 -0.235845 0.27678 0.55234 0.786329 0.420996 0.31622 -0.384863 0.867113 0.400795 -0.930002 -0.306262 0.203222 -0.504304 0.187351 -0.87068 -0.45477 0.485867 
1533664119104 0.107133 0.795556 -0.596333 -0.623436 -0.954996 0.249198 0.160881 -0.23595 0.276595 0.55226 0.78645 0.420974 0.31622 -0.384863 0.867113 0.400795 -0.930002 -0.306262 0.203222 -0.504304 0.187351 -0.87068 -0.45477 0.485867 
1533664119144 0.107105 0.795661 -0.596198 -0.623399 -0.955053 0.249041 0.160787 -0.236055 0.27641 0.55218 0.786572 0.420953 0.31622 -0.384863 0.867113 0.400795 -0.930002 -0.306262 0.203222 -0.504304 0.187351 -0.87068 -0.45477 0.485867 
1533664119183 0.107077 0.795765 -0.596064 -0.623361 -0.95511 0.248884 0.160693 -0.236159 0.276224 0.5521 0.786693 0.420931 0.31622 -0.384863 0.867113 0.400795 -0.930002 -0.306262 0.203222 -0.504304 0.187351 -0.87068 -0.45477 0.485867 
1533664119189 0.107048 0.79587 -0.59593 -0.623323 -0.955166 0.248727 0.160598 -0.236263 0.276039 0.55202 0.786814 0.42091 0.31622 -0.384863 0.867113 0.400795 -0.930002 -0.306262 0.203222 -0.504304 0.187351 -0.87068 -0.45477 0.485867 
1533664119284 0.107021 0.795676 -0.596193 -0.623416 -0.955047 0.249004 0.160882 -0.23593 0.276464 0.552174 0.786557 0.421053 0.31622 -0.384863 0.867113 0.400795 -0.930002 -0.306262 0.203222 -0.504304 0.187351 -0.87068 -0.45477 0.485867 
1533664119294 0.106486 0.795611 -0.596375 -0.623341 -0.95508 0.248665 0.161204 -0.236113 0.276554 0.55242 0.786352 0.421068 0.31622 -0.384863 0.867113 0.400795 -0.930002 -0.306262 0.203222 -0.504304 0.187351 -0.87068 -0.45477 0.485867 
1533664119311 0.105949 0.795546 -0.596557 -0.62327 -0.955114 0.248326 0.161528 -0.2363 0.276644 0.552666 0.786148 0.421082 0.31622 -0.384863 0.867113 0.400795 -0.930002 -0.306262 0.203222 -0.504304 0.187351 -0.87068 -0.45477 0.485867 
1533664119317 0.105413 0.795481 -0.596739 -0.623199 -0.955148 0.247986 0.161852 -0.236486 0.276733 0.552913 0.785943 0.421095 0.31622 -0.384863 0.867113 0.400795 -0.930002 -0.306262 0.203222 -0.504304 0.187351 -0.87068 -0.45477 0.485867 
1533664119448 0.104876 0.795416 -0.59692 -0.623128 -0.955181 0.247646 0.162176 -0.236673 0.276823 0.553158 0.785738 0.421109 0.31622 -0.384863 0.867113 0.400795 -0.930002 -0.306262 0.203222 -0.504304 0.187351 -0.87068 -0.45477 0.485867 
1533664119647 0.104339 0.795351 -0.597102 -0.623058 -0.955214 0.247306 0.162501 -0.236861 0.276912 0.553404 0.785534 0.421122 0.31622 -0.384863 0.867113 0.400795 -0.930002 -0.306262 0.203222 -0.504304 0.187351 -0.87068 -0.45477 0.485867 
1533664119761 0.103802 0.795286 -0.597282 -0.622988 -0.955246 0.246967 0.162825 -0.237049 0.277002 0.55365 0.785329 0.421135 0.31622 -0.384863 0.867113 0.400795 -0.930002 -0.306262 0.203222 -0.504304 0.187351 -0.87068 -0.45477 0.485867 
1533664119882 0.103265 0.795219 -0.597463 -0.622916 -0.955279 0.246627 0.16315 -0.237235 0.27709 0.553896 0.785124 0.421149 0.31622 -0.384863 0.867113 0.400795 -0.930002 -0.306262 0.203222 -0.504304 0.187351 -0.87068 -0.45477 0.485867 
1533664119996 0.102728 0.795154 -0.597644 -0.622847 -0.955311 0.246287 0.163474 -0.237423 0.277179 0.554142 0.784919 0.421162 0.31622 -0.384863 0.867113 0.400795 -0.930002 -0.306262 0.203222 -0.504304 0.187351 -0.87068 -0.45477 0.485867 
1533664120115 0.102191 0.795087 -0.597824 -0.622775 -0.955343 0.245948 0.163799 -0.23761 0.277268 0.554388 0.784714 0.421176 0.31622 -0.384863 0.867113 0.400795 -0.930002 -0.306262 0.203222 -0.504304 0.187351 -0.87068 -0.45477 0.485867 
1533664120230 0.102599 0.79523 -0.597564 -0.622824 -0.955358 0.246102 0.163479 -0.237413 0.277065 0.554115 0.784979 0.421185 0.31622 -0.384863 0.867113 0.400795 -0.930002 -0.306262 0.203222 -0.504304 0.187351 -0.87068 -0.45477 0.485867 
1533664120241 0.102731 0.795317 -0.597425 -0.622755 -0.955375 0.246116 0.163357 -0.237491 0.276957 0.553984 0.78511 0.421139 0.31622 -0.384863 0.867113 0.400795 -0.930002 -0.306262 0.203222 -0.504304 0.187351 -0.87068 -0.45477 0.485867 
1533664120257 0.102862 0.795405 -0.597286 -0.622686 -0.955392 0.246128 0.163236 -0.237572 0.276848 0.553851 0.785241 0.42109 0.31622 -0.384863 0.867113 0.400795 -0.930002 -0.306262 0.203222 -0.504304 0.187351 -0.87068 -0.45477 0.485867 
1533664120274 0.102992 0.795493 -0.597146 -0.622617 -0.95541 0.246141 0.163115 -0.237654 0.276739 0.553719 0.785373 0.421042 0.31622 -0.384863 0.867113 0.400795 -0.930002 -0.306262 0.203222 -0.504304 0.187351 -0.87068 -0.45477 0.485867 
1533664120291 0.103123 0.795582 -0.597005 -0.622549 -0.955427 0.246153 0.162995 -0.237736 0.276631 0.553587 0.785505 0.420993 0.31622 -0.384863 0.867113 0.400795 -0.930002 -0.306262 0.203222 -0.504304 0.187351 -0.87068 -0.45477 0.485867 
1533664120372 0.103253 0.79567 -0.596865 -0.622481 -0.955445 0.246166 0.162874 -0.237819 0.276522 0.553454 0.785636 0.420944 0.31622 -0.384863 0.867113 0.400795 -0.930002 -0.306262 0.203222 -0.504304 0.187351 -0.87068 -0.45477 0.485867 
1533664120415 0.103384 0.795758 -0.596725 -0.622412 -0.955462 0.246178 0.162753 -0.2379 0.276413 0.553322 0.785768 0.420896 0.31622 -0.384863 0.867113 0.400795 -0.930002 -0.306262 0.203222 -0.504304 0.187351 -0.87068 -0.45477 0.485867 
1533664120421 0.103514 0.795847 -0.596585 -0.622344 -0.955479 0.246191 0.162633 -0.237983 0.276304 0.553189 0.785899 0.420847 0.31622 -0.384863 0.867113 0.400795 -0.930002 -0.306262 0.203222 -0.504304 0.187351 -0.87068 -0.45477 0.485867 
1533664120435 0.103645 0.795935 -0.596444 -0.622276 -0.955497 0.246203 0.162512 -0.238064 0.276196 0.553057 0.786031 0.420799 0.31622 -0.384863 0.867113 0.400795 -0.930002 -0.306262 0.203222 -0.504304 0.187351 -0.87068 -0.45477 0.485867 
1533664120465 0.103775 0.796023 -0.596304 -0.622208 -0.955514 0.246216 0.162392 -0.238147 0.276087 0.552924 0.786162 0.42075 0.31622 -0.384863 0.867113 0.400795 -0.930002 -0.306262 0.203222 -0.504304 0.187351 -0.87068 -0.45477 0.485867 
1533664120509 0.10322 0.795648 -0.596901 -0.622522 -0.955444 0.246155 0.162895 -0.237753 0.276537 0.553491 0.785605 0.420909 0.31622 -0.384863 0.867113 0.400795 -0.930002 -0.306262 0.203222 -0.504304 0.187351 -0.87068 -0.45477 0.485867 
1533664120523 0.103021 0.795519 -0.597106 -0.622357 -0.955397 0.246174 0.163138 -0.237846 0.276772 0.553667 0.785398 0.420903 0.31622 -0.384863 0.867113 0.400795 -0.930002 -0.306262 0.203222 -0.504304 0.187351 -0.87068 -0.45477 0.485867 
1533664120539 0.102822 0.795391 -0.597311 -0.622187 -0.955351 0.246193 0.163381 -0.237937 0.277005 0.553843 0.785192 0.420896 0.31622 -0.384863 0.867113 0.400795 -0.930002 -0.306262 0.203222 -0.504304 0.187351 -0.87068 -0.45477 0.485867 
1533664120557 0.102622 0.795262 -0.597517 -0.622017 -0.955305 0.246212 0.163623 -0.238028 0.277239 0.554019 0.784985 0.42089 0.31622 -0.384863 0.867113 0.400795 -0.930002 -0.306262 0.203222 -0.504304 0.187351 -0.87068 -0.45477 0.485867 
1533664120695 0.102423 0.795134 -0.597722 -0.621847 -0.955258 0.246231 0.163866 -0.238118 0.277473 0.554195 0.784778 0.420884 0.31622 -0.384863 0.867113 0.400795 -0.930002 -0.306262 0.203222 -0.504304 0.187351 -0.87068 -0.45477 0.485867 
1533664120720 0.102224 0.795005 -0.597927 -0.621678 -0.955212 0.24625 0.164108 -0.238209 0.277707 0.554371 0.784571 0.420878 0.31622 -0.384863 0.867113 0.400795 -0.930002 -0.306262 0.203222 -0.504304 0.187351 -0.87068 -0.45477 0.485867 
1533664120799 0.102025 0.794876 -0.598133 -0.621508 -0.955165 0.246269 0.16435 -0.238299 0.27794 0.554548 0.784364 0.420872 0.31622 -0.384863 0.867113 0.400795 -0.930002 -0.306262 0.203222 -0.504304 0.187351 -0.87068 -0.45477 0.485867 
1533664120861 0.101825 0.794748 -0.598338 -0.621338 -0.955118 0.246288 0.164593 -0.23839 0.278173 0.554724 0.784156 0.420866 0.31622 -0.384863 0.867113 0.400795 -0.930002 -0.306262 0.203222 -0.504304 0.187351 -0.87068 -0.45477 0.485867 
1533664120917 0.101626 0.794618 -0.598543 -0.621168 -0.955072 0.246308 0.164835 -0.23848 0.278407 0.5549 0.783949 0.42086 0.31622 -0.384863 0.867113 0.400795 -0.930002 -0.306262 0.203222 -0.504304 0.187351 -0.87068 -0.45477 0.485867 
1533664120971 0.101427 0.79449 -0.598748 -0.620998 -0.955025 0.246327 0.165077 -0.238571 0.27864 0.555076 0.783741 0.420854 0.31622 -0.384863 0.867113 0.400795 -0.930002 -0.306262 0.203222 -0.504304 0.187351 -0.87068 -0.45477 0.485867 
1533664121042 0.101893 0.794721 -0.598361 -0.621297 -0.955103 0.246364 0.16457 -0.238455 0.278201 0.554728 0.784143 0.420866 0.31622 -0.384863 0.867113 0.400795 -0.930002 -0.306262 0.203222 -0.504304 0.187351 -0.87068 -0.45477 0.485867 
1533664121054 0.101719 0.79469 -0.598432 -0.621113 -0.955168 0.246147 0.164515 -0.238499 0.278041 0.554869 0.7841 0.420895 0.31622 -0.384863 0.867113 0.400795 -0.930002 -0.306262 0.203222 -0.504304 0.187351 -0.87068 -0.45477 0.485867 
1533664121070 0.101547 0.794657 -0.598505 -0.620923 -0.955234 0.245931 0.164459 -0.238537 0.27788 0.555012 0.784056 0.420926 0.31622 -0.384863 0.867113 0.400795 -0.930002 -0.306262 0.203222 -0.504304 0.187351 -0.87068 -0.45477 0.485867 
1533664121094 0.101374 0.794625 -0.598578 -0.620735 -0.955299 0.245715 0.164404 -0.238577 0.277719 0.555154 0.784013 0.420956 0.31622 -0.384863 0.867113 0.400795 -0.930002 -0.306262 0.203222 -0.504304 0.187351 -0.87068 -0.45477 0.485867 
1533664121100 0.101201 0.794592 -0.59865 -0.620546 -0.955364 0.245498 0.164349 -0.238616 0.277558 0.555297 0.783969 0.420987 0.31622 -0.384863 0.867113 0.400795 -0.930002 -0.306262 0.203222 -0.504304 0.187351 -0.87068 -0.45477 0.485867 
1533664121265 0.101028 0.794559 -0.598723 -0.620356 -0.955429 0.245282 0.164293 -0.238654 0.277397 0.555439 0.783925 0.421018 0.31622 -0.384863 0.867113 0.400795 -0.930002 -0.306262 0.203222 -0.504304 0.187351 -0.87068 -0.45477 0.485867 
1533664121272 0.100855 0.794526 -0.598795 -0.620168 -0.955494 0.245066 0.164238 -0.238694 0.277236 0.555581 0.783881 0.421048 0.31622 -0.384863 0.867113 0.400795 -0.930002 -0.306262 0.203222 -0.504304 0.187351 -0.87068 -0.45477 0.485867 
1533664121416 0.100683 0.794493 -0.598868 -0.619978 -0.955559 0.24485 0.164182 -0.238732 0.277074 0.555724 0.783837 0.421079 0.31622 -0.384863 0.867113 0.400795 -0.930002 -0.306262 0.203222 -0.504304 0.187351 -0.87068 -0.45477 0.485867 
1533664121459 0.10051 0.794461 -0.598941 -0.61979 -0.955624 0.244633 0.164127 -0.238772 0.276913 0.555866 0.783794 0.42111 0.31622 -0.384863 0.867113 0.400795 -0.930002 -0.306262 0.203222 -0.504304 0.187351 -0.87068 -0.45477 0.485867 
1533664121530 0.100337 0.794428 -0.599014 -0.6196 -0.955689 0.244417 0.164071 -0.23881 0.276752 0.556008 0.78375 0.421141 0.31622 -0.384863 0.867113 0.400795 -0.930002 -0.306262 0.203222 -0.504304 0.187351 -0.87068 -0.45477 0.485867 
1533664121606 0.100551 0.794615 -0.598729 -0.619933 -0.955565 0.244732 0.164323 -0.23864 0.277102 0.555602 0.783914 0.421114 0.31622 -0.384863 0.867113 0.400795 -0.930002 -0.306262 0.203222 -0.504304 0.187351 -0.87068 -0.45477 0.485867 
1533664121617 0.100031 0.79468 -0.59873 -0.619755 -0.95551 0.244538 0.16493 -0.238694 0.277478 0.555594 0.783786 0.421159 0.31622 -0.384863 0.867113 0.400795 -0.930002 -0.306262 0.203222 -0.504304 0.187351 -0.87068 -0.45477 0.485867 
1533664121635 0.0995111 0.794746 -0.598729 -0.61958 -0.955455 0.244343 0.165538 -0.238753 0.277856 0.555586 0.783658 0.421203 0.31622 -0.384863 0.867113 0.400795 -0.930002 -0.306262 0.203222 -0.504304 0.187351 -0.87068 -0.45477 0.485867 
1533664121784 0.0989904 0.794812 -0.598728 -0.619407 -0.955399 0.244149 0.166147 -0.238813 0.278234 0.555577 0.78353 0.421246 0.31622 -0.384863 0.867113 0.400795 -0.930002 -0.306262 0.203222 -0.504304 0.187351 -0.87068 -0.45477 0.485867 
1533664121853 0.09847 0.794877 -0.598727 -0.619233 -0.955342 0.243954 0.166755 -0.238873 0.278612 0.555569 0.783402 0.421289 0.31622 -0.384863 0.867113 0.400795 -0.930002 -0.306262 0.203222 -0.504304 0.187351 -0.87068 -0.45477 0.485867 
1533664121859 0.09795 0.794942 -0.598726 -0.619058 -0.955286 0.24376 0.167363 -0.238931 0.278989 0.555561 0.783273 0.421333 0.31622 -0.384863 0.867113 0.400795 -0.930002 -0.306262 0.203222 -0.504304 0.187351 -0.87068 -0.45477 0.485867 
1533664122003 0.0974294 0.795008 -0.598724 -0.618885 -0.955229 0.243565 0.167972 -0.23899 0.279367 0.555553 0.783144 0.421376 0.31622 -0.384863 0.867113 0.400795 -0.930002 -0.306262 0.203222 -0.504304 0.187351 -0.87068 -0.45477 0.485867 
1533664122079 0.0969092 0.795073 -0.598722 -0.61871 -0.955171 0.24337 0.168579 -0.239049 0.279744 0.555545 0.783015 0.42142 0.31622 -0.384863 0.867113 0.400795 -0.930002 -0.306262 0.203222 -0.504304 0.187351 -0.87068 -0.45477 0.485867 
1533664122085 0.0963885 0.795138 -0.598719 -0.618537 -0.955113 0.243175 0.169188 -0.239109 0.280122 0.555537 0.782886 0.421463 0.31622 -0.384863 0.867113 0.400795 -0.930002 -0.306262 0.203222 -0.504304 0.187351 -0.87068 -0.45477 0.485867 
1533664122233 0.0958682 0.795203 -0.598717 -0.618363 -0.955055 0.242981 0.169796 -0.239167 0.280499 0.555529 0.782757 0.421506 0.31622 -0.384863 0.867113 0.400795 -0.930002 -0.306262 0.203222 -0.504304 0.187351 -0.87068 -0.45477 0.485867 
1533664122314 0.0964388 0.795197 -0.598633 -0.618595 -0.955136 0.243142 0.169108 -0.239073 0.280027 0.555468 0.782969 0.421505 0.31622 -0.384863 0.867113 0.400795 -0.930002 -0.306262 0.203222 -0.504304 0.187351 -0.87068 -0.45477 0.485867 
1533664122325 0.0962366 0.795053 -0.598857 -0.618465 -0.955214 0.242913 0.168993 -0.239105 0.279829 0.555773 0.782823 0.421536 0.31622 -0.384863 0.867113 0.400795 -0.930002 -0.306262 0.203222 -0.504304 0.187351 -0.87068 -0.45477 0.485867 
1533664122342 0.0960347 0.794909 -0.599081 -0.618331 -0.955293 0.242685 0.168877 -0.239133 0.279629 0.556079 0.782677 0.421569 0.31622 -0.384863 0.867113 0.400795 -0.930002 -0.306262 0.203222 -0.504304 0.187351 -0.87068 -0.45477 0.485867 
1533664122358 0.0958328 0.794764 -0.599304 -0.618197 -0.955372 0.242456 0.168761 -0.239161 0.27943 0.556386 0.782531 0.421601 0.31622 -0.384863 0.867113 0.400795 -0.930002 -0.306262 0.203222 -0.504304 0.187351 -0.87068 -0.45477 0.485867 
1533664122365 0.0956312 0.79462 -0.599528 -0.618062 -0.95545 0.242227 0.168645 -0.239188 0.27923 0.556692 0.782384 0.421634 0.31622 -0.384863 0.867113 0.400795 -0.930002 -0.306262 0.203222 -0.504304 0.187351 -0.87068 -0.45477 0.485867 
1533664122503 0.0954298 0.794475 -0.599752 -0.617927 -0.955529 0.241998 0.168529 -0.239215 0.279031 0.556998 0.782237 0.421666 0.31622 -0.384863 0.867113 0.400795 -0.930002 -0.306262 0.203222 -0.504304 0.187351 -0.87068 -0.45477 0.485867 
1533664122509 0.0952285 0.79433 -0.599976 -0.617792 -0.955607 0.241769 0.168412 -0.239242 0.278831 0.557304 0.782091 0.421699 0.31622 -0.384863 0.867113 0.400795 -0.930002 -0.306262 0.203222 -0.504304 0.187351 -0.87068 -0.45477 0.485867 
1533664122592 0.0950268 0.794185 -0.6002 -0.617658 -0.955685 0.24154 0.168297 -0.239271 0.278631 0.55761 0.781944 0.421731 0.31622 -0.384863 0.867113 0.400795 -0.930002 -0.306262 0.203222 -0.504304 0.187351 -0.87068 -0.45477 0.485867 
1533664122660 0.0948258 0.79404 -0.600424 -0.617523 -0.955764 0.241311 0.168181 -0.239297 0.278431 0.557916 0.781797 0.421764 0.31622 -0.384863 0.867113 0.400795 -0.930002 -0.306262 0.203222 -0.504304 0.187351 -0.87068 -0.45477 0.485867 
1533664122692 0.0946242 0.793895 -0.600648 -0.617389 -0.955842 0.241082 0.168065 -0.239325 0.278231 0.558221 0.78165 0.421797 0.31622 -0.384863 0.867113 0.400795 -0.930002 -0.306262 0.203222 -0.504304 0.187351 -0.87068 -0.45477 0.485867 
1533664122752 0.0949078 0.794222 -0.60017 -0.617678 -0.955697 0.241441 0.168376 -0.239186 0.278633 0.5576 0.78195 0.421733 0.31622 -0.384863 0.867113 0.400795 -0.930002 -0.306262 0.203222 -0.504304 0.187351 -0.87068 -0.45477 0.485867 
1533664122763 0.0948645 0.794205 -0.6002 -0.61756 -0.955767 0.24128 0.168206 -0.239187 0.278406 0.557694 0.781964 0.421753 0.31622 -0.384863 0.867113 0.400795 -0.930002 -0.306262 0.203222 -0.504304 0.187351 -0.87068 -0.45477 0.485867 
1533664122785 0.0948235 0.794187 -0.60023 -0.617436 -0.955838 0.24112 0.168033 -0.239181 0.278177 0.557789 0.781977 0.421775 0.31622 -0.384863 0.867113 0.400795 -0.930002 -0.306262 0.203222 -0.504304 0.187351 -0.87068 -0.45477 0.485867 
1533664122801 0.094782 0.794169 -0.60026 -0.617313 -0.955909 0.24096 0.16786 -0.239177 0.277948 0.557884 0.781991 0.421796 0.31622 -0.384863 0.867113 0.400795 -0.930002 -0.306262 0.203222 -0.504304 0.187351 -0.87068 -0.45477 0.485867 
1533664122817 0.0947408 0.79415 -0.600291 -0.617189 -0.955979 0.2408 0.167687 -0.239172 0.277719 0.557979 0.782005 0.421818 0.31622 -0.384863 0.867113 0.400795 -0.930002 -0.306262 0.203222 -0.504304 0.187351 -0.87068 -0.45477 0.485867 
1533664122848 0.0946997 0.794132 -0.600322 -0.617066 -0.95605 0.24064 0.167514 -0.239166 0.27749 0.558074 0.782019 0.421839 0.31622 -0.384863 0.867113 0.400795 -0.930002 -0.306262 0.203222 -0.504304 0.187351 -0.87068 -0.45477 0.485867 
1533664122921 0.0946586 0.794114 -0.600352 -0.616942 -0.95612 0.24048 0.167341 -0.239161 0.27726 0.558169 0.782032 0.421861 0.31622 -0.384863 0.867113 0.400795 -0.930002 -0.306262 0.203222 -0.504304 0.187351 -0.87068 -0.45477 0.485867 
1533664122970 0.0946171 0.794096 -0.600382 -0.616819 -0.956191 0.24032 0.167168 -0.239157 0.277032 0.558263 0.782046 0.421882 0.31622 -0.384863 0.867113 0.400795 -0.930002 -0.306262 0.203222 -0.504304 0.187351 -0.87068 -0.45477 0.485867 
1533664123006 0.0945762 0.794078 -0.600413 -0.616695 -0.956261 0.24016 0.166995 -0.239151 0.276802 0.558358 0.782059 0.421904 0.31622 -0.384863 0.867113 0.400795 -0.930002 -0.306262 0.203222 -0.504304 0.187351 -0.87068 -0.45477 0.485867 
1533664123057 0.0945348 0.79406 -0.600443 -0.616572 -0.956332 0.24 0.166823 -0.239146 0.276573 0.558453 0.782073 0.421926 0.31622 -0.384863 0.867113 0.400795 -0.930002 -0.306262 0.203222 -0.504304 0.187351 -0.87068 -0.45477 0.485867 
1533664123115 0.0945361 0.794038 -0.600472 -0.616868 -0.956148 0.240376 0.167331 -0.239107 0.277206 0.558322 0.781942 0.421861 0.31622 -0.384863 0.867113 0.400795 -0.930002 -0.306262 0.203222 -0.504304 0.187351 -0.87068 -0.45477 0.485867 
1533664123127 0.0942523 0.793988 -0.600583 -0.61675 -0.956094 0.24034 0.167692 -0.239126 0.277489 0.558408 0.78178 0.421901 0.31622 -0.384863 0.867113 0.400795 -0.930002 -0.306262 0.203222 -0.504304 0.187351 -0.87068 -0.45477 0.485867 
1533664123144 0.0939677 0.793938 -0.600693 -0.61663 -0.95604 0.240303 0.168054 -0.239146 0.277773 0.558495 0.781617 0.421941 0.31622 -0.384863 0.867113 0.400795 -0.930002 -0.306262 0.203222 -0.504304 0.187351 -0.87068 -0.45477 0.485867 
1533664123160 0.0936829 0.793889 -0.600803 -0.616509 -0.955985 0.240266 0.168417 -0.239167 0.278057 0.558581 0.781455 0.42198 0.31622 -0.384863 0.867113 0.400795 -0.930002 -0.306262 0.203222 -0.504304 0.187351 -0.87068 -0.45477 0.485867 
1533664123281 0.0933984 0.793839 -0.600913 -0.616389 -0.955931 0.24023 0.168779 -0.239187 0.278341 0.558667 0.781292 0.422019 0.31622 -0.384863 0.867113 0.400795 -0.930002 -0.306262 0.203222 -0.504304 0.187351 -0.87068 -0.45477 0.485867 
1533664123300 0.0931139 0.79379 -0.601022 -0.61627 -0.955876 0.240193 0.169141 -0.239207 0.278624 0.558753 0.78113 0.422059 0.31622 -0.384863 0.867113 0.400795 -0.930002 -0.306262 0.203222 -0.504304 0.187351 -0.87068 -0.45477 0.485867 
1533664123320 0.0928287 0.79374 -0.601132 -0.616148 -0.955821 0.240157 0.169504 -0.239228 0.278908 0.558839 0.780967 0.422097 0.31622 -0.384863 0.867113 0.400795 -0.930002 -0.306262 0.203222 -0.504304 0.187351 -0.87068 -0.45477 0.485867 
1533664123394 0.092544 0.793691 -0.601241 -0.616028 -0.955765 0.24012 0.169867 -0.239249 0.279192 0.558925 0.780804 0.422137 0.31622 -0.384863 0.867113 0.400795 -0.930002 -0.306262 0.203222 -0.504304 0.187351 -0.87068 -0.45477 0.485867 
1533664123429 0.0922593 0.793641 -0.60135 -0.615908 -0.95571 0.240084 0.170229 -0.239269 0.279475 0.559011 0.780641 0.422176 0.31622 -0.384863 0.867113 0.400795 -0.930002 -0.306262 0.203222 -0.504304 0.187351 -0.87068 -0.45477 0.485867 
1533664123483 0.0919745 0.793591 -0.601459 -0.615788 -0.955655 0.240047 0.170591 -0.239289 0.279758 0.559098 0.780478 0.422215 0.31622 -0.384863 0.867113 0.400795 -0.930002 -0.306262 0.203222 -0.504304 0.187351 -0.87068 -0.45477 0.485867 
1533664123542 0.0924143 0.793705 -0.601243 -0.616096 -0.955806 0.239961 0.169862 -0.239154 0.279095 0.558974 0.780804 0.42212 0.31622 -0.384863 0.867113 0.400795 -0.930002 -0.306262 0.203222 -0.504304 0.187351 -0.87068 -0.45477 0.485867 
1533664123562 0.0921921 0.793747 -0.60122 -0.616 -0.955811 0.239814 0.170043 -0.239167 0.279152 0.558976 0.780782 0.422141 0.31622 -0.384863 0.867113 0.400795 -0.930002 -0.306262 0.203222 -0.504304 0.187351 -0.87068 -0.45477 0.485867 
1533664123568 0.0919676 0.793789 -0.601199 -0.615899 -0.955814 0.239668 0.17023 -0.239187 0.279215 0.558979 0.780757 0.422159 0.31622 -0.384863 0.867113 0.400795 -0.930002 -0.306262 0.203222 -0.504304 0.187351 -0.87068 -0.45477 0.485867 
1533664123577 0.0917435 0.793831 -0.601179 -0.615799 -0.955817 0.239524 0.170417 -0.239207 0.279279 0.558982 0.780732 0.422179 0.31622 -0.384863 0.867113 0.400795 -0.930002 -0.306262 0.203222 -0.504304 0.187351 -0.87068 -0.45477 0.485867 
1533664123597 0.0915199 0.793872 -0.601158 -0.615699 -0.95582 0.239379 0.170603 -0.239226 0.279342 0.558986 0.780707 0.422198 0.31622 -0.384863 0.867113 0.400795 -0.930002 -0.306262 0.203222 -0.504304 0.187351 -0.87068 -0.45477 0.485867 
1533664123614 0.0912956 0.793914 -0.601138 -0.6156 -0.955823 0.239234 0.170791 -0.239247 0.279405 0.558989 0.780682 0.422217 0.31622 -0.384863 0.867113 0.400795 -0.930002 -0.306262 0.203222 -0.504304 0.187351 -0.87068 -0.45477 0.485867 
1533664123631 0.0910718 0.793955 -0.601117 -0.6155 -0.955826 0.239089 0.170977 -0.239266 0.279469 0.558992 0.780657 0.422237 0.31622 -0.384863 0.867113 0.400795 -0.930002 -0.306262 0.203222 -0.504304 0.187351 -0.87068 -0.45477 0.485867 
1533664123737 0.0908474 0.793997 -0.601096 -0.615401 -0.955829 0.238944 0.171164 -0.239287 0.279532 0.558995 0.780632 0.422256 0.31622 -0.384863 0.867113 0.400795 -0.930002 -0.306262 0.203222 -0.504304 0.187351 -0.87068 -0.45477 0.485867 
1533664123763 0.0906236 0.794038 -0.601075 -0.615301 -0.955831 0.238799 0.171351 -0.239307 0.279595 0.558998 0.780607 0.422275 0.31622 -0.384863 0.867113 0.400795 -0.930002 -0.306262 0.203222 -0.504304 0.187351 -0.87068 -0.45477 0.485867 
1533664123788 0.0903991 0.794079 -0.601054 -0.615202 -0.955834 0.238654 0.171538 -0.239328 0.279659 0.559001 0.780582 0.422294 0.31622 -0.384863 0.867113 0.400795 -0.930002 -0.306262 0.203222 -0.504304 0.187351 -0.87068 -0.45477 0.485867 
1533664123825 0.0909365 0.793989 -0.601092 -0.615532 -0.955902 0.238849 0.170884 -0.239195 0.279251 0.559046 0.780696 0.422222 0.31622 -0.384863 0.867113 0.400795 -0.930002 -0.306262 0.203222 -0.504304 0.187351 -0.87068 -0.45477 0.485867 
1533664123838 0.0907459 0.793962 -0.601156 -0.615445 -0.955927 0.238699 0.170957 -0.239223 0.279229 0.559148 0.780631 0.422258 0.31622 -0.384863 0.867113 0.400795 -0.930002 -0.306262 0.203222 -0.504304 0.187351 -0.87068 -0.45477 0.485867 
1533664123857 0.0905559 0.793935 -0.601221 -0.615353 -0.955951 0.23855 0.171029 -0.239249 0.279207 0.559251 0.780565 0.422295 0.31622 -0.384863 0.867113 0.400795 -0.930002 -0.306262 0.203222 -0.504304 0.187351 -0.87068 -0.45477 0.485867 
1533664123871 0.0903661 0.793907 -0.601286 -0.615261 -0.955976 0.238401 0.1711 -0.239275 0.279185 0.559354 0.780499 0.422332 0.31622 -0.384863 0.867113 0.400795 -0.930002 -0.306262 0.203222 -0.504304 0.187351 -0.87068 -0.45477 0.485867 
1533664123888 0.0901765 0.793879 -0.601352 -0.615169 -0.956 0.238251 0.171171 -0.2393 0.279162 0.559457 0.780434 0.422368 0.31622 -0.384863 0.867113 0.400795 -0.930002 -0.306262 0.203222 -0.504304 0.187351 -0.87068 -0.45477 0.485867 
1533664123905 0.0899865 0.793852 -0.601417 -0.615079 -0.956025 0.238102 0.171243 -0.239327 0.27914 0.55956 0.780368 0.422405 0.31622 -0.384863 0.867113 0.400795 -0.930002 -0.306262 0.203222 -0.504304 0.187351 -0.87068 -0.45477 0.485867 
1533664123921 0.0897971 0.793824 -0.601482 -0.614986 -0.956049 0.237953 0.171314 -0.239352 0.279117 0.559663 0.780302 0.422442 0.31622 -0.384863 0.867113 0.400795 -0.930002 -0.306262 0.203222 -0.504304 0.187351 -0.87068 -0.45477 0.485867 
1533664123953 0.0896072 0.793796 -0.601547 -0.614895 -0.956073 0.237804 0.171386 -0.239378 0.279095 0.559766 0.780236 0.422479 0.31622 -0.384863 0.867113 0.400795 -0.930002 -0.306262 0.203222 -0.504304 0.187351 -0.87068 -0.45477 0.485867 
