1535378549138 0.249721 0.927334 -0.27873 -0.637362 -0.937006 0.304026 0.17201 -0.241877 0.244252 0.218218 0.94484 0.374184 0.1503 -0.119421 0.981401 0.381314 -0.978571 0.123345 0.164876 -0.482765 -0.140741 -0.985152 -0.098323 0.440689 
1535378549183 0.24991 0.927322 -0.2786 -0.637377 -0.936946 0.304192 0.172044 -0.241859 0.244288 0.218038 0.944872 0.374151 0.150379 -0.11966 0.98136 0.381325 -0.978546 0.123391 0.164993 -0.482766 -0.140834 -0.985117 -0.0985371 0.440702 
1535378549190 0.250099 0.92731 -0.27847 -0.637397 -0.936887 0.304357 0.172077 -0.241843 0.244323 0.217858 0.944904 0.374117 0.150459 -0.119899 0.981319 0.381339 -0.97852 0.123435 0.165111 -0.482772 -0.140926 -0.985083 -0.0987514 0.440717 
1535378549207 0.250289 0.927298 -0.27834 -0.637416 -0.936827 0.304522 0.172111 -0.241826 0.244359 0.217679 0.944936 0.374083 0.150539 -0.120138 0.981277 0.381352 -0.978495 0.12348 0.165229 -0.482778 -0.141018 -0.985048 -0.0989655 0.440732 
1535378549222 0.250478 0.927286 -0.27821 -0.637435 -0.936767 0.304687 0.172145 -0.24181 0.244395 0.2175 0.944968 0.374048 0.150618 -0.120376 0.981236 0.381366 -0.978469 0.123524 0.165347 -0.482784 -0.14111 -0.985013 -0.0991796 0.440746 
1535378549234 0.250667 0.927274 -0.27808 -0.637453 -0.936707 0.304852 0.172179 -0.241793 0.24443 0.21732 0.945 0.374015 0.150698 -0.120615 0.981194 0.381378 -0.978444 0.123569 0.165465 -0.482789 -0.141203 -0.984979 -0.0993936 0.44076 
1535378549339 0.250856 0.927262 -0.27795 -0.637474 -0.936647 0.305016 0.172213 -0.241778 0.244466 0.217141 0.945032 0.37398 0.150777 -0.120854 0.981153 0.381392 -0.978418 0.123613 0.165583 -0.482795 -0.141295 -0.984944 -0.0996076 0.440775 
