1530653992451 0.752534 -0.643543 -0.139802 -0.484189 0.366504 0.232888 0.900798 -0.240864 -0.547145 -0.729119 0.411118 0.467895 0.16008 -0.775623 -0.61056 0.370831 -0.304787 0.549475 -0.777934 -0.528794 0.938871 0.310623 -0.14844 0.432481 
1530653992462 0.72184 -0.681 -0.123235 -0.495665 0.373136 0.233002 0.898042 -0.235961 -0.582852 -0.694226 0.422296 0.469581 0.316305 -0.930106 0.186693 0.400738 -0.38429 -0.305553 -0.871182 -0.506322 0.867336 0.203815 -0.454078 0.485854 
1530653993302 0.689317 -0.716649 -0.106093 -0.506622 0.379761 0.232733 0.89533 -0.23087 -0.616947 -0.657457 0.432583 0.471183 0.316242 -0.929997 0.187342 0.400828 -0.384853 -0.306262 -0.870685 -0.504438 0.86711 0.203248 -0.454765 0.485876 
1530653994129 0.655076 -0.750369 -0.0884413 -0.517815 0.386386 0.232106 0.892655 -0.225859 -0.649293 -0.618929 0.441979 0.47283 0.316223 -0.930001 0.187352 0.40079 -0.384857 -0.306263 -0.870683 -0.50432 0.867115 0.203227 -0.454765 0.485866 
1530653995003 0.619199 -0.782079 -0.0703212 -0.52902 0.392986 0.231113 0.890027 -0.220851 -0.679819 -0.57874 0.450451 0.474475 0.316222 -0.930002 0.187352 0.40079 -0.384859 -0.306263 -0.870682 -0.504311 0.867114 0.203224 -0.454766 0.485866 
1530653995828 0.581782 -0.811695 -0.0517802 -0.540225 0.399543 0.229759 0.887455 -0.215844 -0.708446 -0.536994 0.457977 0.476121 0.316221 -0.930002 0.187352 0.400793 -0.384861 -0.306262 -0.870681 -0.504309 0.867114 0.203224 -0.454768 0.485867 
1530653996666 0.542922 -0.839139 -0.0328672 -0.551429 0.406039 0.228046 0.884945 -0.210836 -0.735097 -0.493802 0.464535 0.477767 0.316221 -0.930002 0.187351 0.400795 -0.384862 -0.306262 -0.870681 -0.504309 0.867113 0.203223 -0.454769 0.485868 
1530653997493 0.502724 -0.864339 -0.0136321 -0.562633 0.412459 0.225979 0.882503 -0.205828 -0.759702 -0.449278 0.470109 0.479412 0.316221 -0.930002 0.187351 0.400796 -0.384862 -0.306262 -0.870681 -0.50431 0.867113 0.203223 -0.454769 0.485869 
1530653997499 0.461295 -0.887227 0.00587344 -0.573818 0.418783 0.223564 0.880137 -0.200803 -0.782194 -0.403543 0.474684 0.481062 0.316222 -0.930002 0.18735 0.400801 -0.384863 -0.306262 -0.87068 -0.504317 0.867112 0.203224 -0.45477 0.485871 
1530653998663 0.418892 -0.907677 0.0255337 -0.584686 0.424985 0.220825 0.877852 -0.195407 -0.802445 -0.356874 0.47825 0.482713 0.316238 -0.930001 0.187328 0.400844 -0.384878 -0.306253 -0.870677 -0.504402 0.8671 0.203243 -0.454786 0.48592 
1530653999527 0.418984 -0.907637 0.0254465 -0.584684 0.424908 0.220759 0.877906 -0.195439 -0.802437 -0.357016 0.478157 0.482684 0.316238 -0.930001 0.187328 0.400844 -0.384878 -0.306253 -0.870677 -0.504402 0.8671 0.203243 -0.454786 0.48592 
1530653999538 0.414647 -0.909569 0.0274437 -0.585839 0.425532 0.22047 0.877676 -0.194975 -0.804357 -0.352247 0.478468 0.482851 0.316221 -0.930002 0.187351 0.400799 -0.384863 -0.306262 -0.87068 -0.504312 0.867113 0.203223 -0.45477 0.485869 
1530653999879 0.4103 -0.911475 0.0294437 -0.586993 0.426154 0.220177 0.877448 -0.19451 -0.806255 -0.347469 0.478768 0.483018 0.31622 -0.930002 0.187351 0.400795 -0.384863 -0.306262 -0.87068 -0.504305 0.867113 0.203222 -0.454769 0.485867 
1530654000226 0.405942 -0.913358 0.0314452 -0.588148 0.426775 0.219881 0.87722 -0.194046 -0.80813 -0.342681 0.479057 0.483184 0.31622 -0.930002 0.187352 0.400795 -0.384863 -0.306262 -0.87068 -0.504304 0.867113 0.203222 -0.454769 0.485867 
1530654000557 0.401575 -0.915215 0.0334485 -0.589303 0.427394 0.219582 0.876994 -0.193582 -0.809982 -0.337883 0.479337 0.483351 0.31622 -0.930002 0.187352 0.400795 -0.384863 -0.306262 -0.87068 -0.504304 0.867113 0.203222 -0.454769 0.485867 
1530654000888 0.397199 -0.917048 0.0354533 -0.590457 0.428012 0.21928 0.876768 -0.193118 -0.811812 -0.333076 0.479605 0.483518 0.31622 -0.930002 0.187352 0.400795 -0.384863 -0.306262 -0.87068 -0.504304 0.867113 0.203222 -0.454769 0.485867 
1530654000895 0.392812 -0.918856 0.037459 -0.591612 0.428629 0.218973 0.876543 -0.192653 -0.813619 -0.32826 0.479864 0.483685 0.31622 -0.930002 0.187352 0.400795 -0.384863 -0.306262 -0.87068 -0.504304 0.867113 0.203222 -0.454769 0.485867 
1530654001336 0.388416 -0.920639 0.0394668 -0.592766 0.429244 0.218664 0.876319 -0.192189 -0.815403 -0.323436 0.480112 0.483852 0.31622 -0.930002 0.187352 0.400795 -0.384863 -0.306262 -0.87068 -0.504304 0.867113 0.203222 -0.454769 0.485867 
1530654001674 0.384011 -0.922396 0.0414752 -0.593919 0.429858 0.218352 0.876096 -0.191723 -0.817164 -0.318603 0.480349 0.484019 0.31622 -0.930002 0.187352 0.400795 -0.384863 -0.306262 -0.87068 -0.504304 0.867113 0.203222 -0.454769 0.485867 
1530654002014 0.379612 -0.924124 0.0434786 -0.595038 0.43047 0.218037 0.875874 -0.19122 -0.818896 -0.313776 0.480577 0.484186 0.31622 -0.930002 0.187352 0.400795 -0.384863 -0.306262 -0.87068 -0.504304 0.867113 0.203222 -0.454769 0.485867 
1530654002343 0.379578 -0.924139 0.0434408 -0.595062 0.430464 0.21798 0.875891 -0.191165 -0.818915 -0.313769 0.480549 0.484152 0.31622 -0.930002 0.187352 0.400795 -0.384863 -0.306262 -0.87068 -0.504304 0.867113 0.203222 -0.454769 0.485867 
1530654002357 0.379138 -0.92431 0.0436463 -0.595179 0.430526 0.217954 0.875867 -0.191128 -0.819086 -0.313283 0.480574 0.484172 0.31622 -0.930002 0.187352 0.400795 -0.384863 -0.306262 -0.87068 -0.504304 0.867113 0.203222 -0.454769 0.485867 
1530654002573 0.378697 -0.924481 0.0438516 -0.595295 0.430588 0.217927 0.875844 -0.191091 -0.819258 -0.312797 0.480599 0.484192 0.31622 -0.930002 0.187352 0.400795 -0.384863 -0.306262 -0.87068 -0.504304 0.867113 0.203222 -0.454769 0.485867 
1530654002751 0.378256 -0.924652 0.0440569 -0.595412 0.43065 0.2179 0.87582 -0.191054 -0.819429 -0.312311 0.480623 0.484212 0.31622 -0.930002 0.187352 0.400795 -0.384863 -0.306262 -0.87068 -0.504304 0.867113 0.203222 -0.454769 0.485867 
1530654002934 0.377815 -0.924823 0.0442622 -0.595529 0.430712 0.217873 0.875796 -0.191017 -0.8196 -0.311825 0.480647 0.484232 0.31622 -0.930002 0.187352 0.400795 -0.384863 -0.306262 -0.87068 -0.504304 0.867113 0.203222 -0.454769 0.485867 
1530654003103 0.377374 -0.924993 0.0444676 -0.595646 0.430773 0.217846 0.875773 -0.19098 -0.81977 -0.311338 0.480672 0.484252 0.31622 -0.930002 0.187352 0.400795 -0.384863 -0.306262 -0.87068 -0.504304 0.867113 0.203222 -0.454769 0.485867 
1530654003281 0.376933 -0.925163 0.0446729 -0.595763 0.430835 0.217819 0.875749 -0.190944 -0.819941 -0.310852 0.480696 0.484272 0.31622 -0.930002 0.187352 0.400795 -0.384863 -0.306262 -0.87068 -0.504304 0.867113 0.203222 -0.454769 0.485867 
1530654003501 0.376492 -0.925332 0.0448783 -0.595879 0.430897 0.217792 0.875725 -0.190907 -0.820111 -0.310365 0.48072 0.484292 0.31622 -0.930002 0.187352 0.400795 -0.384863 -0.306262 -0.87068 -0.504304 0.867113 0.203222 -0.454769 0.485867 
1530654003508 0.376051 -0.925502 0.0450837 -0.595996 0.430958 0.217765 0.875702 -0.190869 -0.820281 -0.309879 0.480743 0.484312 0.31622 -0.930002 0.187352 0.400795 -0.384863 -0.306262 -0.87068 -0.504304 0.867113 0.203222 -0.454769 0.485867 
1530654003725 0.37561 -0.92567 0.0452884 -0.596109 0.43102 0.217738 0.875678 -0.190828 -0.82045 -0.309394 0.480767 0.484332 0.31622 -0.930002 0.187352 0.400795 -0.384863 -0.306262 -0.87068 -0.504304 0.867113 0.203222 -0.454769 0.485867 
1530654004036 0.375688 -0.925638 0.0453124 -0.596086 0.430865 0.217746 0.875752 -0.190835 -0.820496 -0.309486 0.48063 0.484298 0.31622 -0.930002 0.187352 0.400795 -0.384863 -0.306262 -0.87068 -0.504304 0.867113 0.203222 -0.454769 0.485867 
1530654004286 0.359423 -0.932627 0.031967 -0.595488 0.452342 0.204085 0.868179 -0.193195 -0.816212 -0.297584 0.49522 0.482109 0.31622 -0.930002 0.187352 0.400795 -0.384863 -0.306262 -0.87068 -0.504304 0.867113 0.203222 -0.454769 0.485867 
1530654005001 0.342762 -0.939232 0.0189117 -0.594882 0.473407 0.190082 0.86009 -0.19556 -0.811419 -0.285853 0.509792 0.479924 0.31622 -0.930002 0.187352 0.400795 -0.384863 -0.306262 -0.87068 -0.504304 0.867113 0.203222 -0.454769 0.485867 
1530654005705 0.325722 -0.945446 0.00615586 -0.594276 0.494042 0.17575 0.851489 -0.197924 -0.806119 -0.274308 0.524336 0.477738 0.31622 -0.930002 0.187352 0.400795 -0.384863 -0.306262 -0.87068 -0.504304 0.867113 0.203222 -0.454769 0.485867 
1530654006415 0.308318 -0.951263 -0.00629065 -0.59367 0.514233 0.1611 0.842384 -0.200289 -0.800315 -0.262957 0.538841 0.475552 0.31622 -0.930002 0.187352 0.400795 -0.384863 -0.306262 -0.87068 -0.504304 0.867113 0.203222 -0.454769 0.485867 
1530654007162 0.290562 -0.956679 -0.018418 -0.593064 0.533964 0.146142 0.832782 -0.202653 -0.794013 -0.251809 0.553295 0.473367 0.31622 -0.930002 0.187352 0.400795 -0.384863 -0.306262 -0.87068 -0.504304 0.867113 0.203222 -0.454769 0.485867 
1530654007887 0.272469 -0.96169 -0.0302167 -0.592458 0.553218 0.13089 0.822689 -0.205017 -0.787217 -0.240874 0.567688 0.471181 0.31622 -0.930002 0.187352 0.400795 -0.384863 -0.306262 -0.87068 -0.504304 0.867113 0.203222 -0.454769 0.485867 
1530654008602 0.254054 -0.966292 -0.0416775 -0.591852 0.571981 0.115355 0.812115 -0.207381 -0.779932 -0.23016 0.582007 0.468996 0.31622 -0.930002 0.187352 0.400795 -0.384863 -0.306262 -0.87068 -0.504304 0.867113 0.203222 -0.454769 0.485867 
1530654009394 0.23533 -0.970481 -0.0527917 -0.59124 0.590237 0.0995496 0.801068 -0.209739 -0.772166 -0.219675 0.596241 0.466817 0.31622 -0.930002 0.187352 0.400795 -0.384863 -0.306262 -0.87068 -0.504304 0.867113 0.203222 -0.454769 0.485867 
1530654010098 0.216363 -0.974242 -0.0635574 -0.590597 0.607918 0.0834971 0.789598 -0.211944 -0.763952 -0.209478 0.610325 0.464832 0.31622 -0.930002 0.187352 0.400795 -0.384863 -0.306262 -0.87068 -0.504304 0.867113 0.203222 -0.454769 0.485867 
1530654010878 0.216565 -0.974205 -0.0634331 -0.590573 0.607706 0.0836699 0.789743 -0.212031 -0.764064 -0.209579 0.61015 0.464764 0.31622 -0.930002 0.187352 0.400795 -0.384863 -0.306262 -0.87068 -0.504304 0.867113 0.203222 -0.454769 0.485867 
1530654011146 0.197359 -0.97753 -0.0740538 -0.590569 0.625092 0.067292 0.777645 -0.214384 -0.755188 -0.199766 0.624327 0.46234 0.31622 -0.930002 0.187352 0.400795 -0.384863 -0.306262 -0.87068 -0.504304 0.867113 0.203222 -0.454769 0.485867 
1530654011803 0.17788 -0.980435 -0.0842975 -0.590559 0.64193 0.050683 0.765086 -0.216739 -0.745845 -0.190206 0.638387 0.459919 0.31622 -0.930002 0.187352 0.400795 -0.384863 -0.306262 -0.87068 -0.504304 0.867113 0.203222 -0.454769 0.485867 
1530654012524 0.158146 -0.982916 -0.0941583 -0.590549 0.658202 0.0338557 0.752079 -0.219094 -0.736043 -0.180913 0.652312 0.457497 0.31622 -0.930002 0.187352 0.400795 -0.384863 -0.306262 -0.87068 -0.504304 0.867113 0.203222 -0.454769 0.485867 
1530654013177 0.138173 -0.984972 -0.103628 -0.59054 0.673895 0.0168234 0.738635 -0.22145 -0.725791 -0.171894 0.666093 0.455075 0.31622 -0.930002 0.187352 0.400795 -0.384863 -0.306262 -0.87068 -0.504304 0.867113 0.203222 -0.454769 0.485867 
1530654013844 0.117977 -0.9866 -0.1127 -0.59053 0.688997 -0.000400428 0.724764 -0.223805 -0.715098 -0.163155 0.679717 0.452653 0.31622 -0.930002 0.187352 0.400795 -0.384863 -0.306262 -0.87068 -0.504304 0.867113 0.203222 -0.454769 0.485867 
1530654014487 0.097574 -0.9878 -0.121366 -0.59052 0.703495 -0.0178021 0.710478 -0.22616 -0.703971 -0.154704 0.693175 0.450232 0.31622 -0.930002 0.187352 0.400795 -0.384863 -0.306262 -0.87068 -0.504304 0.867113 0.203222 -0.454769 0.485867 
1530654015189 0.0769803 -0.988571 -0.129619 -0.59051 0.717377 -0.0353678 0.695787 -0.228515 -0.692419 -0.146548 0.706456 0.44781 0.31622 -0.930002 0.187352 0.400795 -0.384863 -0.306262 -0.87068 -0.504304 0.867113 0.203222 -0.454769 0.485867 
1530654015831 0.0562128 -0.988912 -0.137455 -0.59049 0.730632 -0.0530836 0.680704 -0.230863 -0.680453 -0.138693 0.719547 0.445396 0.31622 -0.930002 0.187352 0.400795 -0.384863 -0.306262 -0.87068 -0.504304 0.867113 0.203222 -0.454769 0.485867 
1530654016489 0.0353286 -0.988819 -0.144874 -0.590382 0.743206 -0.0709206 0.665294 -0.233059 -0.66813 -0.131175 0.73239 0.443184 0.31622 -0.930002 0.187352 0.400795 -0.384863 -0.306262 -0.87068 -0.504304 0.867113 0.203222 -0.454769 0.485867 
1530654017246 0.0352835 -0.988824 -0.144853 -0.590405 0.743142 -0.070952 0.665361 -0.233011 -0.668202 -0.131123 0.732334 0.443188 0.31622 -0.930002 0.187352 0.400795 -0.384863 -0.306262 -0.87068 -0.504304 0.867113 0.203222 -0.454769 0.485867 
1530654017489 0.0169949 -0.988372 -0.151104 -0.590934 0.753727 -0.0866348 0.651452 -0.23499 -0.656968 -0.124962 0.74349 0.440955 0.31622 -0.930002 0.187352 0.400795 -0.384863 -0.306262 -0.87068 -0.504304 0.867113 0.203222 -0.454769 0.485867 
1530654018080 -0.00139421 -0.987595 -0.157019 -0.591459 0.763811 -0.102398 0.637266 -0.236968 -0.645439 -0.119044 0.754478 0.438722 0.31622 -0.930002 0.187352 0.400795 -0.384863 -0.306262 -0.87068 -0.504304 0.867113 0.203222 -0.454769 0.485867 
1530654018677 -0.0198717 -0.986492 -0.162598 -0.591984 0.773387 -0.118233 0.622811 -0.238947 -0.633623 -0.113375 0.76529 0.436488 0.31622 -0.930002 0.187352 0.400795 -0.384863 -0.306262 -0.87068 -0.504304 0.867113 0.203222 -0.454769 0.485867 
1530654019291 -0.0384264 -0.985066 -0.167837 -0.592509 0.782451 -0.134131 0.608095 -0.240926 -0.621526 -0.107957 0.775919 0.434255 0.31622 -0.930002 0.187352 0.400795 -0.384863 -0.306262 -0.87068 -0.504304 0.867113 0.203222 -0.454769 0.485867 
1530654019912 -0.057047 -0.983315 -0.172732 -0.593034 0.790996 -0.15008 0.593129 -0.242905 -0.609156 -0.102794 0.78636 0.432021 0.31622 -0.930002 0.187352 0.400795 -0.384863 -0.306262 -0.87068 -0.504304 0.867113 0.203222 -0.454769 0.485867 
1530654020509 -0.0757223 -0.981243 -0.177281 -0.593558 0.799017 -0.166073 0.57792 -0.244884 -0.596521 -0.0978892 0.796605 0.429788 0.31622 -0.930002 0.187352 0.400795 -0.384863 -0.306262 -0.87068 -0.504304 0.867113 0.203222 -0.454769 0.485867 
1530654021116 -0.0944408 -0.978849 -0.181481 -0.594083 0.80651 -0.182098 0.562478 -0.246862 -0.583629 -0.0932456 0.806649 0.427555 0.31622 -0.930002 0.187352 0.400795 -0.384863 -0.306262 -0.87068 -0.504304 0.867113 0.203222 -0.454769 0.485867 
1530654021773 -0.113191 -0.976135 -0.185331 -0.594596 0.813469 -0.198147 0.546814 -0.248833 -0.570488 -0.0888666 0.816484 0.425329 0.31622 -0.930002 0.187352 0.400795 -0.384863 -0.306262 -0.87068 -0.504304 0.867113 0.203222 -0.454769 0.485867 
1530654022377 -0.131929 -0.973106 -0.188839 -0.594989 0.81986 -0.214195 0.530989 -0.250664 -0.557157 -0.0847687 0.826069 0.423276 0.31622 -0.930002 0.187352 0.400795 -0.384863 -0.306262 -0.87068 -0.504304 0.867113 0.203222 -0.454769 0.485867 
1530654023110 -0.131888 -0.973122 -0.188783 -0.595005 0.819823 -0.214137 0.53107 -0.250643 -0.557221 -0.0847271 0.82603 0.423239 0.31622 -0.930002 0.187352 0.400795 -0.384863 -0.306262 -0.87068 -0.504304 0.867113 0.203222 -0.454769 0.485867 
1530654023351 -0.148033 -0.969753 -0.194074 -0.595671 0.824053 -0.229451 0.517967 -0.252352 -0.546831 -0.0832511 0.833094 0.421292 0.31622 -0.930002 0.187352 0.400795 -0.384863 -0.306262 -0.87068 -0.504304 0.867113 0.203222 -0.454769 0.485867 
1530654023923 -0.1642 -0.966122 -0.199114 -0.596335 0.827886 -0.244721 0.504695 -0.254062 -0.536324 -0.0819727 0.840022 0.419344 0.31622 -0.930002 0.187352 0.400795 -0.384863 -0.306262 -0.87068 -0.504304 0.867113 0.203222 -0.454769 0.485867 
1530654023930 -0.180383 -0.96223 -0.203901 -0.596998 0.831321 -0.259942 0.491258 -0.255771 -0.525706 -0.080892 0.846812 0.417396 0.31622 -0.930002 0.187352 0.400795 -0.384863 -0.306262 -0.87068 -0.504304 0.867113 0.203222 -0.454769 0.485867 
1530654024694 -0.196576 -0.958078 -0.208432 -0.597662 0.834358 -0.275108 0.477663 -0.257481 -0.51498 -0.0800094 0.85346 0.415448 0.31622 -0.930002 0.187352 0.400795 -0.384863 -0.306262 -0.87068 -0.504304 0.867113 0.203222 -0.454769 0.485867 
1530654025272 -0.212771 -0.953669 -0.212705 -0.598326 0.836994 -0.290211 0.463916 -0.25919 -0.504152 -0.0793253 0.859964 0.4135 0.31622 -0.930002 0.187352 0.400795 -0.384863 -0.306262 -0.87068 -0.504304 0.867113 0.203222 -0.454769 0.485867 
1530654025870 -0.22896 -0.949005 -0.21672 -0.59899 0.839229 -0.305245 0.450023 -0.2609 -0.493226 -0.0788401 0.866321 0.411552 0.31622 -0.930002 0.187352 0.400795 -0.384863 -0.306262 -0.87068 -0.504304 0.867113 0.203222 -0.454769 0.485867 
1530654026431 -0.245137 -0.944087 -0.220473 -0.599653 0.841061 -0.320203 0.435989 -0.262609 -0.482208 -0.0785539 0.872528 0.409604 0.31622 -0.930002 0.187352 0.400795 -0.384863 -0.306262 -0.87068 -0.504304 0.867113 0.203222 -0.454769 0.485867 
1530654027030 -0.261294 -0.938917 -0.223964 -0.600306 0.842489 -0.335078 0.421823 -0.264311 -0.471102 -0.0784675 0.878581 0.407662 0.31622 -0.930002 0.187352 0.400795 -0.384863 -0.306262 -0.87068 -0.504304 0.867113 0.203222 -0.454769 0.485867 
1530654027587 -0.277397 -0.933503 -0.227206 -0.600853 0.843495 -0.349851 0.407579 -0.265897 -0.459964 -0.0785855 0.884453 0.405862 0.31622 -0.930002 0.187352 0.400795 -0.384863 -0.306262 -0.87068 -0.504304 0.867113 0.203222 -0.454769 0.485867 
1530654028265 -0.277507 -0.933447 -0.227301 -0.600897 0.84346 -0.349991 0.407531 -0.265829 -0.459962 -0.0786265 0.884451 0.405856 0.31622 -0.930002 0.187352 0.400795 -0.384863 -0.306262 -0.87068 -0.504304 0.867113 0.203222 -0.454769 0.485867 
1530654028408 -0.275785 -0.934077 -0.226809 -0.600841 0.841665 -0.348632 0.412378 -0.266302 -0.464265 -0.0771693 0.882328 0.405926 0.31622 -0.930002 0.187352 0.400795 -0.384863 -0.306262 -0.87068 -0.504304 0.867113 0.203222 -0.454769 0.485867 
1530654028703 -0.274064 -0.934706 -0.226306 -0.600785 0.839846 -0.347264 0.417213 -0.266776 -0.468559 -0.0757194 0.880181 0.405997 0.31622 -0.930002 0.187352 0.400795 -0.384863 -0.306262 -0.87068 -0.504304 0.867113 0.203222 -0.454769 0.485867 
1530654028989 -0.272345 -0.935332 -0.225794 -0.600728 0.838002 -0.345887 0.422037 -0.267249 -0.472844 -0.0742766 0.87801 0.406067 0.31622 -0.930002 0.187352 0.400795 -0.384863 -0.306262 -0.87068 -0.504304 0.867113 0.203222 -0.454769 0.485867 
1530654028997 -0.270627 -0.935956 -0.225272 -0.600672 0.836133 -0.344501 0.426849 -0.267722 -0.477118 -0.0728406 0.875815 0.406137 0.31622 -0.930002 0.187352 0.400795 -0.384863 -0.306262 -0.87068 -0.504304 0.867113 0.203222 -0.454769 0.485867 
1530654029370 -0.268912 -0.936578 -0.224741 -0.600616 0.83424 -0.343107 0.431649 -0.268195 -0.481383 -0.0714121 0.873596 0.406208 0.31622 -0.930002 0.187352 0.400795 -0.384863 -0.306262 -0.87068 -0.504304 0.867113 0.203222 -0.454769 0.485867 
1530654029377 -0.2672 -0.937197 -0.2242 -0.60056 0.832322 -0.341705 0.436437 -0.268668 -0.485638 -0.0699906 0.871354 0.406278 0.31622 -0.930002 0.187352 0.400795 -0.384863 -0.306262 -0.87068 -0.504304 0.867113 0.203222 -0.454769 0.485867 
1530654029759 -0.265489 -0.937815 -0.223649 -0.600504 0.83038 -0.340295 0.441212 -0.269142 -0.489882 -0.0685764 0.869088 0.406348 0.31622 -0.930002 0.187352 0.400795 -0.384863 -0.306262 -0.87068 -0.504304 0.867113 0.203222 -0.454769 0.485867 
1530654030073 -0.263781 -0.93843 -0.223088 -0.600448 0.828414 -0.338876 0.445975 -0.269615 -0.494115 -0.0671692 0.866798 0.406418 0.31622 -0.930002 0.187352 0.400795 -0.384863 -0.306262 -0.87068 -0.504304 0.867113 0.203222 -0.454769 0.485867 
1530654030374 -0.262075 -0.939043 -0.222519 -0.6004 0.82643 -0.337449 0.450713 -0.270087 -0.498327 -0.0657757 0.86449 0.406464 0.31622 -0.930002 0.187352 0.400795 -0.384863 -0.306262 -0.87068 -0.504304 0.867113 0.203222 -0.454769 0.485867 
1530654030821 -0.262127 -0.939023 -0.222544 -0.600386 0.826464 -0.3375 0.450612 -0.270116 -0.498244 -0.0658067 0.864536 0.406469 0.31622 -0.930002 0.187352 0.400795 -0.384863 -0.306262 -0.87068 -0.504304 0.867113 0.203222 -0.454769 0.485867 
1530654031029 -0.252702 -0.942681 -0.217931 -0.600332 0.825147 -0.327592 0.460235 -0.269652 -0.505247 -0.0635232 0.860634 0.407307 0.31622 -0.930002 0.187352 0.400795 -0.384863 -0.306262 -0.87068 -0.504304 0.867113 0.203222 -0.454769 0.485867 
1530654031497 -0.243287 -0.946231 -0.21321 -0.600279 0.823667 -0.317627 0.469773 -0.269189 -0.512235 -0.0613246 0.856653 0.408145 0.31622 -0.930002 0.187352 0.400795 -0.384863 -0.306262 -0.87068 -0.504304 0.867113 0.203222 -0.454769 0.485867 
1530654031984 -0.233887 -0.949671 -0.208381 -0.600225 0.822024 -0.307603 0.479224 -0.268725 -0.519204 -0.0592102 0.852597 0.408982 0.31622 -0.930002 0.187352 0.400795 -0.384863 -0.306262 -0.87068 -0.504304 0.867113 0.203222 -0.454769 0.485867 
1530654032466 -0.224502 -0.953 -0.203447 -0.600171 0.82022 -0.297526 0.488588 -0.268262 -0.526155 -0.0571822 0.848464 0.40982 0.31622 -0.930002 0.187352 0.400795 -0.384863 -0.306262 -0.87068 -0.504304 0.867113 0.203222 -0.454769 0.485867 
1530654032472 -0.215134 -0.956218 -0.198406 -0.600118 0.818253 -0.287395 0.497861 -0.267798 -0.533084 -0.0552391 0.844257 0.410658 0.31622 -0.930002 0.187352 0.400795 -0.384863 -0.306262 -0.87068 -0.504304 0.867113 0.203222 -0.454769 0.485867 
1530654033092 -0.205786 -0.959324 -0.193261 -0.600064 0.816125 -0.277214 0.507042 -0.267334 -0.539993 -0.053383 0.839975 0.411496 0.31622 -0.930002 0.187352 0.400795 -0.384863 -0.306262 -0.87068 -0.504304 0.867113 0.203222 -0.454769 0.485867 
1530654033583 -0.196458 -0.962318 -0.188012 -0.600011 0.813836 -0.266984 0.51613 -0.266871 -0.546877 -0.0516129 0.83562 0.412333 0.31622 -0.930002 0.187352 0.400795 -0.384863 -0.306262 -0.87068 -0.504304 0.867113 0.203222 -0.454769 0.485867 
1530654034058 -0.187154 -0.965199 -0.18266 -0.599961 0.811387 -0.256706 0.525122 -0.26641 -0.553737 -0.049929 0.831193 0.413168 0.31622 -0.930002 0.187352 0.400795 -0.384863 -0.306262 -0.87068 -0.504304 0.867113 0.203222 -0.454769 0.485867 
1530654034544 -0.177885 -0.967964 -0.177209 -0.599948 0.808792 -0.246394 0.53399 -0.265998 -0.560547 -0.0483362 0.826711 0.413937 0.31622 -0.930002 0.187352 0.400795 -0.384863 -0.306262 -0.87068 -0.504304 0.867113 0.203222 -0.454769 0.485867 
1530654035128 -0.177887 -0.967968 -0.177181 -0.599923 0.80882 -0.246377 0.533955 -0.266031 -0.560505 -0.0483244 0.82674 0.41392 0.31622 -0.930002 0.187352 0.400795 -0.384863 -0.306262 -0.87068 -0.504304 0.867113 0.203222 -0.454769 0.485867 
1530654035409 -0.170796 -0.969736 -0.174471 -0.599842 0.805725 -0.239381 0.54176 -0.265751 -0.56713 -0.0480454 0.822226 0.414596 0.31622 -0.930002 0.187352 0.400795 -0.384863 -0.306262 -0.87068 -0.504304 0.867113 0.203222 -0.454769 0.485867 
1530654035822 -0.163718 -0.971451 -0.171694 -0.599761 0.802524 -0.232369 0.549509 -0.26547 -0.573717 -0.0478237 0.817656 0.415272 0.31622 -0.930002 0.187352 0.400795 -0.384863 -0.306262 -0.87068 -0.504304 0.867113 0.203222 -0.454769 0.485867 
1530654035829 -0.156655 -0.973113 -0.16885 -0.59968 0.799218 -0.225343 0.5572 -0.26519 -0.580267 -0.0476595 0.81303 0.415947 0.31622 -0.930002 0.187352 0.400795 -0.384863 -0.306262 -0.87068 -0.504304 0.867113 0.203222 -0.454769 0.485867 
1530654036343 -0.149606 -0.974722 -0.165939 -0.599599 0.795807 -0.218303 0.564832 -0.264909 -0.586779 -0.0475529 0.808349 0.416623 0.31622 -0.930002 0.187352 0.400795 -0.384863 -0.306262 -0.87068 -0.504304 0.867113 0.203222 -0.454769 0.485867 
1530654036755 -0.142572 -0.976277 -0.162963 -0.599517 0.792291 -0.211251 0.572406 -0.264629 -0.593252 -0.0475049 0.803614 0.417299 0.31622 -0.930002 0.187352 0.400795 -0.384863 -0.306262 -0.87068 -0.504304 0.867113 0.203222 -0.454769 0.485867 
1530654036760 -0.135555 -0.977778 -0.159921 -0.599436 0.788671 -0.204187 0.579919 -0.264348 -0.599685 -0.0475143 0.798824 0.417974 0.31622 -0.930002 0.187352 0.400795 -0.384863 -0.306262 -0.87068 -0.504304 0.867113 0.203222 -0.454769 0.485867 
1530654037266 -0.128555 -0.979225 -0.156815 -0.599355 0.784948 -0.197113 0.58737 -0.264068 -0.606078 -0.0475823 0.793981 0.41865 0.31622 -0.930002 0.187352 0.400795 -0.384863 -0.306262 -0.87068 -0.504304 0.867113 0.203222 -0.454769 0.485867 
1530654037273 -0.121574 -0.980619 -0.153643 -0.599278 0.781122 -0.190027 0.594759 -0.26379 -0.612429 -0.0477069 0.789085 0.419323 0.31622 -0.930002 0.187352 0.400795 -0.384863 -0.306262 -0.87068 -0.504304 0.867113 0.203222 -0.454769 0.485867 
1530654037808 -0.11462 -0.981957 -0.150407 -0.599234 0.777209 -0.182939 0.602063 -0.263553 -0.618716 -0.0478893 0.784154 0.419931 0.31622 -0.930002 0.187352 0.400795 -0.384863 -0.306262 -0.87068 -0.504304 0.867113 0.203222 -0.454769 0.485867 
1530654038306 -0.114718 -0.981957 -0.150334 -0.599238 0.777272 -0.182966 0.601973 -0.263508 -0.618618 -0.0477934 0.784237 0.419973 0.31622 -0.930002 0.187352 0.400795 -0.384863 -0.306262 -0.87068 -0.504304 0.867113 0.203222 -0.454769 0.485867 
1530654038319 -0.111583 -0.982337 -0.15021 -0.59913 0.774491 -0.180673 0.606235 -0.263607 -0.622666 -0.0486908 0.780972 0.420188 0.31622 -0.930002 0.187352 0.400795 -0.384863 -0.306262 -0.87068 -0.504304 0.867113 0.203222 -0.454769 0.485867 
1530654038669 -0.108446 -0.98271 -0.150067 -0.599021 0.771683 -0.178383 0.610479 -0.263706 -0.626694 -0.0496003 0.777685 0.420402 0.31622 -0.930002 0.187352 0.400795 -0.384863 -0.306262 -0.87068 -0.504304 0.867113 0.203222 -0.454769 0.485867 
1530654039007 -0.105309 -0.983076 -0.149908 -0.598913 0.768846 -0.176096 0.614707 -0.263804 -0.630702 -0.050522 0.774379 0.420617 0.31622 -0.930002 0.187352 0.400795 -0.384863 -0.306262 -0.87068 -0.504304 0.867113 0.203222 -0.454769 0.485867 
1530654039335 -0.102172 -0.983433 -0.149732 -0.598804 0.765982 -0.173814 0.618919 -0.263903 -0.634691 -0.0514558 0.771051 0.420831 0.31622 -0.930002 0.187352 0.400795 -0.384863 -0.306262 -0.87068 -0.504304 0.867113 0.203222 -0.454769 0.485867 
1530654039672 -0.0990358 -0.983783 -0.149539 -0.598696 0.76309 -0.171535 0.623113 -0.264002 -0.638659 -0.0524015 0.767704 0.421046 0.31622 -0.930002 0.187352 0.400795 -0.384863 -0.306262 -0.87068 -0.504304 0.867113 0.203222 -0.454769 0.485867 
1530654040015 -0.0958994 -0.984126 -0.149329 -0.598587 0.76017 -0.169259 0.62729 -0.2641 -0.642607 -0.053359 0.764335 0.421261 0.31622 -0.930002 0.187352 0.400795 -0.384863 -0.306262 -0.87068 -0.504304 0.867113 0.203222 -0.454769 0.485867 
1530654040381 -0.0927635 -0.984461 -0.149103 -0.598479 0.757223 -0.166988 0.631449 -0.264199 -0.646535 -0.0543285 0.760947 0.421475 0.31622 -0.930002 0.187352 0.400795 -0.384863 -0.306262 -0.87068 -0.504304 0.867113 0.203222 -0.454769 0.485867 
1530654040720 -0.0896281 -0.984788 -0.148858 -0.598372 0.754249 -0.164721 0.635591 -0.264299 -0.650443 -0.0553094 0.757539 0.421688 0.31622 -0.930002 0.187352 0.400795 -0.384863 -0.306262 -0.87068 -0.504304 0.867113 0.203222 -0.454769 0.485867 
1530654041057 -0.0864975 -0.985108 -0.148596 -0.598283 0.751257 -0.162459 0.639703 -0.264416 -0.654318 -0.056301 0.754121 0.421864 0.31622 -0.930002 0.187352 0.400795 -0.384863 -0.306262 -0.87068 -0.504304 0.867113 0.203222 -0.454769 0.485867 
1530654041543 -0.086622 -0.985085 -0.148673 -0.598293 0.751209 -0.162606 0.639723 -0.26437 -0.654356 -0.0562704 0.75409 0.421857 0.31622 -0.930002 0.187352 0.400795 -0.384863 -0.306262 -0.87068 -0.504304 0.867113 0.203222 -0.454769 0.485867 
1530654041764 -0.0815353 -0.98602 -0.145312 -0.598377 0.748587 -0.156842 0.64422 -0.263959 -0.658005 -0.0562522 0.75091 0.422421 0.31622 -0.930002 0.187352 0.400795 -0.384863 -0.306262 -0.87068 -0.504304 0.867113 0.203222 -0.454769 0.485867 
1530654042148 -0.0764621 -0.986921 -0.141921 -0.598461 0.745917 -0.151071 0.64868 -0.263547 -0.661636 -0.0562614 0.747712 0.422986 0.31622 -0.930002 0.187352 0.400795 -0.384863 -0.306262 -0.87068 -0.504304 0.867113 0.203222 -0.454769 0.485867 
1530654042534 -0.0714028 -0.987785 -0.138499 -0.598544 0.743198 -0.145296 0.653104 -0.263136 -0.66525 -0.0562989 0.744495 0.42355 0.31622 -0.930002 0.187352 0.400795 -0.384863 -0.306262 -0.87068 -0.504304 0.867113 0.203222 -0.454769 0.485867 
1530654042904 -0.0663575 -0.988614 -0.135049 -0.598628 0.740432 -0.139515 0.657492 -0.262725 -0.668848 -0.0563648 0.74126 0.424115 0.31622 -0.930002 0.187352 0.400795 -0.384863 -0.306262 -0.87068 -0.504304 0.867113 0.203222 -0.454769 0.485867 
1530654043278 -0.0613265 -0.989408 -0.131569 -0.598712 0.737618 -0.13373 0.661843 -0.262314 -0.672428 -0.0564592 0.738006 0.424679 0.31622 -0.930002 0.187352 0.400795 -0.384863 -0.306262 -0.87068 -0.504304 0.867113 0.203222 -0.454769 0.485867 
1530654043670 -0.0563103 -0.990167 -0.12806 -0.598795 0.734755 -0.127941 0.666158 -0.261902 -0.675991 -0.0565813 0.734734 0.425243 0.31622 -0.930002 0.187352 0.400795 -0.384863 -0.306262 -0.87068 -0.504304 0.867113 0.203222 -0.454769 0.485867 
1530654044049 -0.0513091 -0.990889 -0.124523 -0.598879 0.731845 -0.122147 0.670434 -0.261491 -0.679536 -0.0567319 0.731445 0.425808 0.31622 -0.930002 0.187352 0.400795 -0.384863 -0.306262 -0.87068 -0.504304 0.867113 0.203222 -0.454769 0.485867 
1530654044413 -0.0463233 -0.991576 -0.120956 -0.598965 0.728888 -0.116351 0.674674 -0.261082 -0.683064 -0.0569104 0.728138 0.42637 0.31622 -0.930002 0.187352 0.400795 -0.384863 -0.306262 -0.87068 -0.504304 0.867113 0.203222 -0.454769 0.485867 
1530654044845 -0.0413606 -0.992227 -0.117363 -0.599069 0.725896 -0.110556 0.678861 -0.260704 -0.68656 -0.0571149 0.724826 0.426888 0.31622 -0.930002 0.187352 0.400795 -0.384863 -0.306262 -0.87068 -0.504304 0.867113 0.203222 -0.454769 0.485867 
1530654045237 -0.0414078 -0.99222 -0.117406 -0.599056 0.725826 -0.110625 0.678924 -0.260714 -0.686631 -0.0571037 0.72476 0.426836 0.31622 -0.930002 0.187352 0.400795 -0.384863 -0.306262 -0.87068 -0.504304 0.867113 0.203222 -0.454769 0.485867 
1530654045250 -0.0414801 -0.99207 -0.118647 -0.59898 0.725436 -0.111559 0.679189 -0.260929 -0.687039 -0.0578978 0.724311 0.426683 0.31622 -0.930002 0.187352 0.400795 -0.384863 -0.306262 -0.87068 -0.504304 0.867113 0.203222 -0.454769 0.485867 
1530654045460 -0.0415507 -0.991918 -0.119887 -0.598904 0.725045 -0.112493 0.679452 -0.261144 -0.687447 -0.0586915 0.723859 0.426531 0.31622 -0.930002 0.187352 0.400795 -0.384863 -0.306262 -0.87068 -0.504304 0.867113 0.203222 -0.454769 0.485867 
1530654045674 -0.0416213 -0.991764 -0.121127 -0.598828 0.724653 -0.113427 0.679715 -0.261359 -0.687856 -0.0594842 0.723406 0.426378 0.31622 -0.930002 0.187352 0.400795 -0.384863 -0.306262 -0.87068 -0.504304 0.867113 0.203222 -0.454769 0.485867 
1530654045906 -0.0416912 -0.991609 -0.122367 -0.598752 0.724261 -0.114362 0.679976 -0.261574 -0.688264 -0.0602768 0.722952 0.426226 0.31622 -0.930002 0.187352 0.400795 -0.384863 -0.306262 -0.87068 -0.504304 0.867113 0.203222 -0.454769 0.485867 
1530654046111 -0.0417597 -0.991452 -0.123607 -0.598677 0.723869 -0.115296 0.680236 -0.261788 -0.688673 -0.0610684 0.722496 0.426073 0.31622 -0.930002 0.187352 0.400795 -0.384863 -0.306262 -0.87068 -0.504304 0.867113 0.203222 -0.454769 0.485867 
1530654046311 -0.0418281 -0.991294 -0.124846 -0.598601 0.723476 -0.116231 0.680494 -0.262003 -0.689081 -0.0618597 0.722039 0.42592 0.31622 -0.930002 0.187352 0.400795 -0.384863 -0.306262 -0.87068 -0.504304 0.867113 0.203222 -0.454769 0.485867 
1530654046317 -0.0418956 -0.991134 -0.126086 -0.598525 0.723084 -0.117166 0.680751 -0.262218 -0.689489 -0.0626504 0.721582 0.425768 0.31622 -0.930002 0.187352 0.400795 -0.384863 -0.306262 -0.87068 -0.504304 0.867113 0.203222 -0.454769 0.485867 
1530654046693 -0.0419623 -0.990973 -0.127326 -0.598449 0.722691 -0.118102 0.681007 -0.262433 -0.689897 -0.0634404 0.721123 0.425615 0.31622 -0.930002 0.187352 0.400795 -0.384863 -0.306262 -0.87068 -0.504304 0.867113 0.203222 -0.454769 0.485867 
1530654046915 -0.0420286 -0.99081 -0.128564 -0.598373 0.722298 -0.119037 0.681261 -0.262645 -0.690304 -0.0642289 0.720663 0.425462 0.31622 -0.930002 0.187352 0.400795 -0.384863 -0.306262 -0.87068 -0.504304 0.867113 0.203222 -0.454769 0.485867 
1530654047130 -0.0421445 -0.99083 -0.128377 -0.598381 0.722358 -0.118985 0.681206 -0.26259 -0.690234 -0.0640248 0.720748 0.425523 0.31622 -0.930002 0.187352 0.400795 -0.384863 -0.306262 -0.87068 -0.504304 0.867113 0.203222 -0.454769 0.485867 
1530654047144 -0.0426952 -0.990778 -0.128593 -0.598346 0.722337 -0.119531 0.681133 -0.262727 -0.690222 -0.0638061 0.720779 0.425452 0.31622 -0.930002 0.187352 0.400795 -0.384863 -0.306262 -0.87068 -0.504304 0.867113 0.203222 -0.454769 0.485867 
1530654047346 -0.0432457 -0.990726 -0.128807 -0.59831 0.722315 -0.120076 0.68106 -0.262864 -0.69021 -0.0635864 0.72081 0.425381 0.31622 -0.930002 0.187352 0.400795 -0.384863 -0.306262 -0.87068 -0.504304 0.867113 0.203222 -0.454769 0.485867 
1530654047542 -0.0437975 -0.990674 -0.129021 -0.598275 0.722294 -0.120621 0.680986 -0.263002 -0.690198 -0.0633658 0.720841 0.42531 0.31622 -0.930002 0.187352 0.400795 -0.384863 -0.306262 -0.87068 -0.504304 0.867113 0.203222 -0.454769 0.485867 
1530654047918 -0.0443483 -0.990622 -0.129236 -0.59824 0.722272 -0.121166 0.680913 -0.263139 -0.690186 -0.0631459 0.720872 0.425239 0.31622 -0.930002 0.187352 0.400795 -0.384863 -0.306262 -0.87068 -0.504304 0.867113 0.203222 -0.454769 0.485867 
1530654048123 -0.0448992 -0.990569 -0.12945 -0.598205 0.72225 -0.121711 0.680839 -0.263276 -0.690173 -0.062926 0.720903 0.425168 0.31622 -0.930002 0.187352 0.400795 -0.384863 -0.306262 -0.87068 -0.504304 0.867113 0.203222 -0.454769 0.485867 
1530654048287 -0.04545 -0.990516 -0.129664 -0.59817 0.722227 -0.122255 0.680765 -0.263414 -0.690161 -0.0627061 0.720934 0.425096 0.31622 -0.930002 0.187352 0.400795 -0.384863 -0.306262 -0.87068 -0.504304 0.867113 0.203222 -0.454769 0.485867 
1530654048478 -0.0460007 -0.990462 -0.129878 -0.598135 0.722204 -0.1228 0.680692 -0.263551 -0.690148 -0.0624862 0.720965 0.425025 0.31622 -0.930002 0.187352 0.400795 -0.384863 -0.306262 -0.87068 -0.504304 0.867113 0.203222 -0.454769 0.485867 
1530654048679 -0.0465512 -0.990409 -0.130092 -0.598099 0.722181 -0.123345 0.680618 -0.263688 -0.690136 -0.0622664 0.720996 0.424954 0.31622 -0.930002 0.187352 0.400795 -0.384863 -0.306262 -0.87068 -0.504304 0.867113 0.203222 -0.454769 0.485867 
1530654048911 -0.047101 -0.990354 -0.130307 -0.598063 0.722158 -0.123889 0.680544 -0.26382 -0.690123 -0.0620477 0.721027 0.424886 0.31622 -0.930002 0.187352 0.400795 -0.384863 -0.306262 -0.87068 -0.504304 0.867113 0.203222 -0.454769 0.485867 
1530654049137 -0.0471414 -0.990337 -0.130423 -0.598095 0.722052 -0.124007 0.680634 -0.263775 -0.690231 -0.0620859 0.720921 0.424827 0.31622 -0.930002 0.187352 0.400795 -0.384863 -0.306262 -0.87068 -0.504304 0.867113 0.203222 -0.454769 0.485867 
1530654049150 -0.0471622 -0.990292 -0.130754 -0.598076 0.722154 -0.124241 0.680484 -0.263799 -0.690123 -0.0623316 0.721003 0.424801 0.31622 -0.930002 0.187352 0.400795 -0.384863 -0.306262 -0.87068 -0.504304 0.867113 0.203222 -0.454769 0.485867 
1530654049311 -0.0471817 -0.990248 -0.131087 -0.598058 0.722255 -0.124474 0.680334 -0.263824 -0.690016 -0.0625785 0.721084 0.424774 0.31622 -0.930002 0.187352 0.400795 -0.384863 -0.306262 -0.87068 -0.504304 0.867113 0.203222 -0.454769 0.485867 
1530654049469 -0.0472013 -0.990203 -0.131419 -0.598039 0.722356 -0.124707 0.680184 -0.263848 -0.689909 -0.0628255 0.721165 0.424747 0.31622 -0.930002 0.187352 0.400795 -0.384863 -0.306262 -0.87068 -0.504304 0.867113 0.203222 -0.454769 0.485867 
1530654049622 -0.0472209 -0.990158 -0.131751 -0.598021 0.722457 -0.12494 0.680034 -0.263872 -0.689802 -0.0630725 0.721246 0.42472 0.31622 -0.930002 0.187352 0.400795 -0.384863 -0.306262 -0.87068 -0.504304 0.867113 0.203222 -0.454769 0.485867 
1530654049796 -0.0472406 -0.990112 -0.132083 -0.598002 0.722558 -0.125173 0.679884 -0.263896 -0.689694 -0.0633195 0.721327 0.424694 0.31622 -0.930002 0.187352 0.400795 -0.384863 -0.306262 -0.87068 -0.504304 0.867113 0.203222 -0.454769 0.485867 
1530654049974 -0.0472602 -0.990067 -0.132415 -0.597984 0.722659 -0.125406 0.679733 -0.263921 -0.689587 -0.0635666 0.721408 0.424667 0.31622 -0.930002 0.187352 0.400795 -0.384863 -0.306262 -0.87068 -0.504304 0.867113 0.203222 -0.454769 0.485867 
1530654050131 -0.04728 -0.990022 -0.132747 -0.597965 0.72276 -0.125638 0.679583 -0.263945 -0.68948 -0.0638136 0.721488 0.42464 0.31622 -0.930002 0.187352 0.400795 -0.384863 -0.306262 -0.87068 -0.504304 0.867113 0.203222 -0.454769 0.485867 
1530654050281 -0.0472997 -0.989976 -0.133079 -0.597947 0.722861 -0.125871 0.679432 -0.263969 -0.689373 -0.0640607 0.721569 0.424613 0.31622 -0.930002 0.187352 0.400795 -0.384863 -0.306262 -0.87068 -0.504304 0.867113 0.203222 -0.454769 0.485867 
1530654050436 -0.0473203 -0.989931 -0.13341 -0.597928 0.722961 -0.126104 0.679282 -0.263993 -0.689266 -0.0643065 0.721649 0.424588 0.31622 -0.930002 0.187352 0.400795 -0.384863 -0.306262 -0.87068 -0.504304 0.867113 0.203222 -0.454769 0.485867 
1530654050616 -0.0473081 -0.989941 -0.133337 -0.597964 0.722972 -0.126044 0.679282 -0.263983 -0.689256 -0.0642634 0.721662 0.424622 0.31622 -0.930002 0.187352 0.400795 -0.384863 -0.306262 -0.87068 -0.504304 0.867113 0.203222 -0.454769 0.485867 
1530654050629 -0.0473586 -0.989938 -0.13334 -0.597955 0.722876 -0.126091 0.679376 -0.264 -0.689353 -0.0642141 0.721574 0.424633 0.31622 -0.930002 0.187352 0.400795 -0.384863 -0.306262 -0.87068 -0.504304 0.867113 0.203222 -0.454769 0.485867 
1530654050758 -0.0474091 -0.989935 -0.133343 -0.597946 0.722779 -0.126139 0.67947 -0.264018 -0.689451 -0.0641647 0.721485 0.424644 0.31622 -0.930002 0.187352 0.400795 -0.384863 -0.306262 -0.87068 -0.504304 0.867113 0.203222 -0.454769 0.485867 
1530654050960 -0.0474597 -0.989932 -0.133346 -0.597936 0.722683 -0.126186 0.679563 -0.264035 -0.689548 -0.0641153 0.721396 0.424654 0.31622 -0.930002 0.187352 0.400795 -0.384863 -0.306262 -0.87068 -0.504304 0.867113 0.203222 -0.454769 0.485867 
1530654051158 -0.0475102 -0.98993 -0.133349 -0.597927 0.722586 -0.126233 0.679657 -0.264052 -0.689646 -0.0640659 0.721307 0.424665 0.31622 -0.930002 0.187352 0.400795 -0.384863 -0.306262 -0.87068 -0.504304 0.867113 0.203222 -0.454769 0.485867 
1530654051295 -0.0475607 -0.989927 -0.133353 -0.597918 0.72249 -0.126281 0.679751 -0.26407 -0.689744 -0.0640165 0.721218 0.424676 0.31622 -0.930002 0.187352 0.400795 -0.384863 -0.306262 -0.87068 -0.504304 0.867113 0.203222 -0.454769 0.485867 
1530654051441 -0.0476112 -0.989924 -0.133356 -0.597909 0.722393 -0.126328 0.679845 -0.264087 -0.689841 -0.0639671 0.721129 0.424687 0.31622 -0.930002 0.187352 0.400795 -0.384863 -0.306262 -0.87068 -0.504304 0.867113 0.203222 -0.454769 0.485867 
1530654051558 -0.0476617 -0.989921 -0.133359 -0.5979 0.722297 -0.126375 0.679939 -0.264104 -0.689939 -0.0639177 0.72104 0.424698 0.31622 -0.930002 0.187352 0.400795 -0.384863 -0.306262 -0.87068 -0.504304 0.867113 0.203222 -0.454769 0.485867 
1530654051689 -0.0477122 -0.989918 -0.133362 -0.597891 0.7222 -0.126423 0.680032 -0.264121 -0.690036 -0.0638682 0.720951 0.424708 0.31622 -0.930002 0.187352 0.400795 -0.384863 -0.306262 -0.87068 -0.504304 0.867113 0.203222 -0.454769 0.485867 
1530654051837 -0.0477628 -0.989915 -0.133365 -0.597882 0.722104 -0.12647 0.680126 -0.264138 -0.690134 -0.0638189 0.720862 0.424718 0.31622 -0.930002 0.187352 0.400795 -0.384863 -0.306262 -0.87068 -0.504304 0.867113 0.203222 -0.454769 0.485867 
1530654051988 -0.0476688 -0.989935 -0.133253 -0.597876 0.722171 -0.12632 0.680083 -0.264136 -0.69007 -0.0638126 0.720924 0.424716 0.31622 -0.930002 0.187352 0.400795 -0.384863 -0.306262 -0.87068 -0.504304 0.867113 0.203222 -0.454769 0.485867 
1530654052006 -0.0477879 -0.989962 -0.13301 -0.597871 0.722234 -0.126232 0.680032 -0.264154 -0.689996 -0.0635672 0.721016 0.424705 0.31622 -0.930002 0.187352 0.400795 -0.384863 -0.306262 -0.87068 -0.504304 0.867113 0.203222 -0.454769 0.485867 
1530654052326 -0.0479061 -0.989989 -0.132768 -0.597866 0.722297 -0.126145 0.679982 -0.264172 -0.689922 -0.0633228 0.721109 0.424694 0.31622 -0.930002 0.187352 0.400795 -0.384863 -0.306262 -0.87068 -0.504304 0.867113 0.203222 -0.454769 0.485867 
1530654052518 -0.0480244 -0.990015 -0.132526 -0.597862 0.72236 -0.126058 0.679931 -0.264189 -0.689848 -0.0630785 0.721201 0.424683 0.31622 -0.930002 0.187352 0.400795 -0.384863 -0.306262 -0.87068 -0.504304 0.867113 0.203222 -0.454769 0.485867 
1530654052689 -0.0481426 -0.990042 -0.132284 -0.597857 0.722423 -0.125971 0.67988 -0.264207 -0.689774 -0.0628341 0.721293 0.424672 0.31622 -0.930002 0.187352 0.400795 -0.384863 -0.306262 -0.87068 -0.504304 0.867113 0.203222 -0.454769 0.485867 
