1537391115414 0.246744 0.925711 -0.286665 -0.600507 -0.937739 0.302701 0.170347 -0.234622 0.244466 0.226784 0.942765 0.391464 0.16008 -0.304787 0.938871 0.370831 -0.775623 0.549475 0.310623 -0.528794 -0.61056 -0.777934 -0.14844 0.432481 
1537391115429 0.246411 0.925761 -0.286791 -0.604135 -0.937717 0.302509 0.17081 -0.236382 0.244886 0.226839 0.942643 0.389768 0.316241 -0.38488 0.867098 0.400864 -0.930001 -0.306251 0.203246 -0.504429 0.187325 -0.870677 -0.454788 0.485926 
1537391115615 0.246078 0.92581 -0.286917 -0.607761 -0.937694 0.302316 0.171274 -0.238142 0.245307 0.226894 0.94252 0.388072 0.316241 -0.38488 0.867098 0.400864 -0.930001 -0.306251 0.203246 -0.504429 0.187325 -0.870677 -0.454788 0.485926 
1537391115931 0.245745 0.925859 -0.287044 -0.611386 -0.937671 0.302124 0.171738 -0.239902 0.245728 0.226949 0.942397 0.386377 0.316241 -0.38488 0.867098 0.400864 -0.930001 -0.306251 0.203246 -0.504429 0.187325 -0.870677 -0.454788 0.485926 
1537391116308 0.245412 0.925908 -0.287171 -0.61501 -0.937648 0.301932 0.172202 -0.241661 0.246149 0.227005 0.942273 0.384681 0.316241 -0.38488 0.867098 0.400864 -0.930001 -0.306251 0.203246 -0.504429 0.187325 -0.870677 -0.454788 0.485926 
1537391116667 0.245079 0.925957 -0.287298 -0.618633 -0.937624 0.301741 0.172665 -0.243419 0.24657 0.227061 0.94215 0.382986 0.316241 -0.38488 0.867098 0.400864 -0.930001 -0.306251 0.203246 -0.504429 0.187325 -0.870677 -0.454788 0.485926 
1537391117008 0.244746 0.926005 -0.287425 -0.622253 -0.9376 0.301549 0.173129 -0.245176 0.246991 0.227118 0.942026 0.381291 0.316241 -0.38488 0.867098 0.400864 -0.930001 -0.306251 0.203246 -0.504429 0.187325 -0.870677 -0.454788 0.485926 
1537391117357 0.244414 0.926054 -0.287553 -0.625871 -0.937576 0.301358 0.173592 -0.246932 0.247412 0.227174 0.941902 0.379597 0.316241 -0.38488 0.867098 0.400864 -0.930001 -0.306251 0.203246 -0.504429 0.187325 -0.870677 -0.454788 0.485926 
1537391117733 0.244081 0.926102 -0.28768 -0.629487 -0.937552 0.301167 0.174055 -0.248687 0.247832 0.227232 0.941777 0.377903 0.316241 -0.38488 0.867098 0.400864 -0.930001 -0.306251 0.203246 -0.504429 0.187325 -0.870677 -0.454788 0.485926 
1537391118092 0.243863 0.926051 -0.288028 -0.631902 -0.937503 0.301121 0.174399 -0.249846 0.248234 0.227497 0.941608 0.376444 0.316531 -0.385118 0.866887 0.401814 -0.929976 -0.306103 0.20358 -0.50615 0.186955 -0.870623 -0.455042 0.486735 
1537391118410 0.251023 0.923029 -0.291556 -0.628672 -0.935803 0.308424 0.170725 -0.251339 0.247507 0.229983 0.941195 0.377822 0.16008 -0.304787 0.938871 0.370831 -0.775623 0.549475 0.310623 -0.528794 -0.61056 -0.777934 -0.14844 0.432481 
1537391118422 0.249759 0.922909 -0.293017 -0.629697 -0.936036 0.307589 0.170956 -0.251418 0.247905 0.231576 0.940699 0.377762 0.316241 -0.38488 0.867098 0.400864 -0.930001 -0.306251 0.203246 -0.504429 0.187325 -0.870677 -0.454788 0.485926 
1537391118460 0.248494 0.922787 -0.294475 -0.630722 -0.936268 0.306753 0.171189 -0.251498 0.248301 0.233168 0.940202 0.377702 0.316241 -0.38488 0.867098 0.400864 -0.930001 -0.306251 0.203246 -0.504429 0.187325 -0.870677 -0.454788 0.485926 
1537391118521 0.247228 0.92266 -0.295932 -0.631746 -0.936498 0.305918 0.171422 -0.251577 0.248696 0.234759 0.939701 0.377641 0.316241 -0.38488 0.867098 0.400864 -0.930001 -0.306251 0.203246 -0.504429 0.187325 -0.870677 -0.454788 0.485926 
1537391118597 0.245962 0.922531 -0.297388 -0.632771 -0.936727 0.305083 0.171658 -0.251656 0.249087 0.236351 0.939199 0.377581 0.316241 -0.38488 0.867098 0.400864 -0.930001 -0.306251 0.203246 -0.504429 0.187325 -0.870677 -0.454788 0.485926 
1537391118668 0.244694 0.922398 -0.298844 -0.633796 -0.936956 0.304248 0.171894 -0.251735 0.249477 0.237942 0.938693 0.377521 0.316241 -0.38488 0.867098 0.400864 -0.930001 -0.306251 0.203246 -0.504429 0.187325 -0.870677 -0.454788 0.485926 
1537391118768 0.243426 0.922261 -0.300298 -0.63482 -0.937183 0.303413 0.172132 -0.251814 0.249865 0.239532 0.938185 0.377461 0.316241 -0.38488 0.867098 0.400864 -0.930001 -0.306251 0.203246 -0.504429 0.187325 -0.870677 -0.454788 0.485926 
1537391118901 0.242157 0.922121 -0.301751 -0.635844 -0.937409 0.302578 0.172371 -0.251893 0.25025 0.241123 0.937675 0.377401 0.316241 -0.38488 0.867098 0.400864 -0.930001 -0.306251 0.203246 -0.504429 0.187325 -0.870677 -0.454788 0.485926 
1537391119037 0.240887 0.921977 -0.303203 -0.636868 -0.937633 0.301743 0.172611 -0.251972 0.250633 0.242713 0.937162 0.377341 0.316241 -0.38488 0.867098 0.400864 -0.930001 -0.306251 0.203246 -0.504429 0.187325 -0.870677 -0.454788 0.485926 
1537391119163 0.239642 0.921807 -0.304702 -0.637626 -0.937852 0.30094 0.172826 -0.251919 0.251009 0.244349 0.936636 0.377332 0.316531 -0.385118 0.866887 0.401814 -0.929976 -0.306103 0.20358 -0.50615 0.186955 -0.870623 -0.455042 0.486735 
1537391119286 0.244295 0.921998 -0.3004 -0.634999 -0.936982 0.304232 0.171775 -0.252412 0.249768 0.239506 0.938218 0.377164 0.16008 -0.304787 0.938871 0.370831 -0.775623 0.549475 0.310623 -0.528794 -0.61056 -0.777934 -0.14844 0.432481 
1537391119292 0.243258 0.921674 -0.30223 -0.635834 -0.937099 0.303736 0.172015 -0.252582 0.25034 0.241376 0.937586 0.377243 0.316241 -0.38488 0.867098 0.400864 -0.930001 -0.306251 0.203246 -0.504429 0.187325 -0.870677 -0.454788 0.485926 
1537391119318 0.24222 0.921345 -0.30406 -0.636668 -0.937216 0.30324 0.172256 -0.252751 0.25091 0.243246 0.93695 0.377323 0.316241 -0.38488 0.867098 0.400864 -0.930001 -0.306251 0.203246 -0.504429 0.187325 -0.870677 -0.454788 0.485926 
1537391119366 0.241181 0.921012 -0.305889 -0.637503 -0.937332 0.302744 0.172498 -0.252921 0.251478 0.245116 0.93631 0.377402 0.316241 -0.38488 0.867098 0.400864 -0.930001 -0.306251 0.203246 -0.504429 0.187325 -0.870677 -0.454788 0.485926 
1537391119417 0.24014 0.920676 -0.307716 -0.638337 -0.937447 0.302249 0.17274 -0.25309 0.252045 0.246985 0.935667 0.377481 0.316241 -0.38488 0.867098 0.400864 -0.930001 -0.306251 0.203246 -0.504429 0.187325 -0.870677 -0.454788 0.485926 
1537391119487 0.239098 0.920335 -0.309541 -0.639171 -0.937561 0.301754 0.172984 -0.25326 0.252609 0.248854 0.935019 0.377561 0.316241 -0.38488 0.867098 0.400864 -0.930001 -0.306251 0.203246 -0.504429 0.187325 -0.870677 -0.454788 0.485926 
1537391119564 0.238056 0.91999 -0.311365 -0.640005 -0.937675 0.30126 0.173228 -0.253429 0.25317 0.250722 0.934368 0.37764 0.316241 -0.38488 0.867098 0.400864 -0.930001 -0.306251 0.203246 -0.504429 0.187325 -0.870677 -0.454788 0.485926 
1537391119671 0.237011 0.919641 -0.313188 -0.64084 -0.937788 0.300766 0.173474 -0.253598 0.25373 0.252589 0.933713 0.377719 0.316241 -0.38488 0.867098 0.400864 -0.930001 -0.306251 0.203246 -0.504429 0.187325 -0.870677 -0.454788 0.485926 
1537391119783 0.235966 0.919287 -0.315009 -0.641674 -0.937901 0.300272 0.173721 -0.253768 0.254288 0.254455 0.933054 0.377799 0.316241 -0.38488 0.867098 0.400864 -0.930001 -0.306251 0.203246 -0.504429 0.187325 -0.870677 -0.454788 0.485926 
1537391119877 0.234939 0.918913 -0.316865 -0.642308 -0.938009 0.299802 0.173947 -0.253837 0.254839 0.256355 0.932384 0.377916 0.316531 -0.385118 0.866887 0.401814 -0.929976 -0.306103 0.20358 -0.50615 0.186955 -0.870623 -0.455042 0.486735 
1537391120001 0.238344 0.919857 -0.311537 -0.640097 -0.937576 0.30159 0.173187 -0.253677 0.253263 0.250811 0.934319 0.377558 0.16008 -0.304787 0.938871 0.370831 -0.775623 0.549475 0.310623 -0.528794 -0.61056 -0.777934 -0.14844 0.432481 
1537391120014 0.237472 0.919833 -0.312273 -0.640546 -0.937678 0.301023 0.173625 -0.253774 0.253707 0.25158 0.933991 0.377633 0.316241 -0.38488 0.867098 0.400864 -0.930001 -0.306251 0.203246 -0.504429 0.187325 -0.870677 -0.454788 0.485926 
1537391120034 0.236599 0.919808 -0.313009 -0.640996 -0.937778 0.300455 0.174064 -0.253872 0.254151 0.252349 0.933663 0.377708 0.316241 -0.38488 0.867098 0.400864 -0.930001 -0.306251 0.203246 -0.504429 0.187325 -0.870677 -0.454788 0.485926 
1537391120064 0.235725 0.919782 -0.313743 -0.641445 -0.937879 0.299887 0.174504 -0.253969 0.254593 0.253118 0.933335 0.377784 0.316241 -0.38488 0.867098 0.400864 -0.930001 -0.306251 0.203246 -0.504429 0.187325 -0.870677 -0.454788 0.485926 
1537391120112 0.234851 0.919755 -0.314478 -0.641895 -0.937978 0.29932 0.174944 -0.254066 0.255035 0.253888 0.933005 0.377859 0.316241 -0.38488 0.867098 0.400864 -0.930001 -0.306251 0.203246 -0.504429 0.187325 -0.870677 -0.454788 0.485926 
1537391120151 0.233976 0.919726 -0.315212 -0.642344 -0.938076 0.298752 0.175384 -0.254163 0.255476 0.254657 0.932675 0.377934 0.316241 -0.38488 0.867098 0.400864 -0.930001 -0.306251 0.203246 -0.504429 0.187325 -0.870677 -0.454788 0.485926 
1537391120217 0.233101 0.919697 -0.315946 -0.642793 -0.938174 0.298185 0.175824 -0.25426 0.255916 0.255427 0.932343 0.378009 0.316241 -0.38488 0.867098 0.400864 -0.930001 -0.306251 0.203246 -0.504429 0.187325 -0.870677 -0.454788 0.485926 
1537391120274 0.232225 0.919666 -0.316679 -0.643243 -0.938272 0.297619 0.176266 -0.254357 0.256355 0.256197 0.932011 0.378084 0.316241 -0.38488 0.867098 0.400864 -0.930001 -0.306251 0.203246 -0.504429 0.187325 -0.870677 -0.454788 0.485926 
1537391120350 0.231349 0.919635 -0.317411 -0.643692 -0.938368 0.297052 0.176707 -0.254454 0.256793 0.256967 0.931679 0.37816 0.316241 -0.38488 0.867098 0.400864 -0.930001 -0.306251 0.203246 -0.504429 0.187325 -0.870677 -0.454788 0.485926 
1537391120429 0.230486 0.91959 -0.318168 -0.643998 -0.938461 0.296503 0.177134 -0.25448 0.257228 0.257761 0.931339 0.378262 0.316531 -0.385118 0.866887 0.401814 -0.929976 -0.306103 0.20358 -0.50615 0.186955 -0.870623 -0.455042 0.486735 
1537391120517 0.233697 0.919438 -0.316259 -0.64266 -0.938154 0.298681 0.175092 -0.254505 0.255447 0.255781 0.932375 0.377864 0.16008 -0.304787 0.938871 0.370831 -0.775623 0.549475 0.310623 -0.528794 -0.61056 -0.777934 -0.14844 0.432481 
1537391120526 0.233004 0.91971 -0.31598 -0.642864 -0.93834 0.297959 0.175322 -0.254563 0.255395 0.255646 0.932426 0.377832 0.316241 -0.38488 0.867098 0.400864 -0.930001 -0.306251 0.203246 -0.504429 0.187325 -0.870677 -0.454788 0.485926 
1537391120548 0.23231 0.919981 -0.315701 -0.643068 -0.938527 0.297236 0.175553 -0.254621 0.255343 0.255511 0.932477 0.3778 0.316241 -0.38488 0.867098 0.400864 -0.930001 -0.306251 0.203246 -0.504429 0.187325 -0.870677 -0.454788 0.485926 
1537391120581 0.231615 0.920252 -0.315421 -0.643272 -0.938712 0.296512 0.175784 -0.254679 0.255292 0.255375 0.932529 0.377768 0.316241 -0.38488 0.867098 0.400864 -0.930001 -0.306251 0.203246 -0.504429 0.187325 -0.870677 -0.454788 0.485926 
1537391120623 0.23092 0.920523 -0.315141 -0.643476 -0.938897 0.295788 0.176015 -0.254737 0.25524 0.25524 0.93258 0.377737 0.316241 -0.38488 0.867098 0.400864 -0.930001 -0.306251 0.203246 -0.504429 0.187325 -0.870677 -0.454788 0.485926 
1537391120657 0.230225 0.920793 -0.314861 -0.64368 -0.939082 0.295064 0.176245 -0.254795 0.255189 0.255104 0.932631 0.377705 0.316241 -0.38488 0.867098 0.400864 -0.930001 -0.306251 0.203246 -0.504429 0.187325 -0.870677 -0.454788 0.485926 
1537391120704 0.22953 0.921062 -0.314581 -0.643884 -0.939266 0.29434 0.176475 -0.254853 0.255138 0.254969 0.932682 0.377673 0.316241 -0.38488 0.867098 0.400864 -0.930001 -0.306251 0.203246 -0.504429 0.187325 -0.870677 -0.454788 0.485926 
1537391120763 0.228834 0.921331 -0.314301 -0.644088 -0.93945 0.293615 0.176705 -0.254911 0.255087 0.254833 0.932733 0.377641 0.316241 -0.38488 0.867098 0.400864 -0.930001 -0.306251 0.203246 -0.504429 0.187325 -0.870677 -0.454788 0.485926 
1537391120836 0.228139 0.921599 -0.31402 -0.644292 -0.939633 0.292891 0.176934 -0.254969 0.255036 0.254698 0.932784 0.377609 0.316241 -0.38488 0.867098 0.400864 -0.930001 -0.306251 0.203246 -0.504429 0.187325 -0.870677 -0.454788 0.485926 
1537391120921 0.227455 0.921856 -0.313761 -0.644373 -0.939813 0.292181 0.177151 -0.254966 0.254982 0.254583 0.93283 0.377601 0.316531 -0.385118 0.866887 0.401814 -0.929976 -0.306103 0.20358 -0.50615 0.186955 -0.870623 -0.455042 0.486735 
1537391121027 0.229613 0.920878 -0.315059 -0.643888 -0.939254 0.294502 0.176269 -0.25497 0.255108 0.255446 0.93256 0.377753 0.16008 -0.304787 0.938871 0.370831 -0.775623 0.549475 0.310623 -0.528794 -0.61056 -0.777934 -0.14844 0.432481 
1537391121037 0.229784 0.921055 -0.314416 -0.643922 -0.939244 0.294508 0.176312 -0.254918 0.254991 0.2548 0.932768 0.377716 0.316241 -0.38488 0.867098 0.400864 -0.930001 -0.306251 0.203246 -0.504429 0.187325 -0.870677 -0.454788 0.485926 
1537391121052 0.229954 0.921231 -0.313774 -0.643957 -0.939234 0.294515 0.176355 -0.254866 0.254875 0.254153 0.932976 0.377679 0.316241 -0.38488 0.867098 0.400864 -0.930001 -0.306251 0.203246 -0.504429 0.187325 -0.870677 -0.454788 0.485926 
1537391121079 0.230125 0.921407 -0.313132 -0.643991 -0.939223 0.294522 0.176398 -0.254814 0.254759 0.253507 0.933184 0.377643 0.316241 -0.38488 0.867098 0.400864 -0.930001 -0.306251 0.203246 -0.504429 0.187325 -0.870677 -0.454788 0.485926 
1537391121084 0.230296 0.921583 -0.312489 -0.644026 -0.939213 0.294529 0.176442 -0.254762 0.254643 0.25286 0.933391 0.377606 0.316241 -0.38488 0.867098 0.400864 -0.930001 -0.306251 0.203246 -0.504429 0.187325 -0.870677 -0.454788 0.485926 
1537391121098 0.230467 0.921757 -0.311846 -0.64406 -0.939202 0.294537 0.176485 -0.25471 0.254527 0.252213 0.933598 0.377569 0.316241 -0.38488 0.867098 0.400864 -0.930001 -0.306251 0.203246 -0.504429 0.187325 -0.870677 -0.454788 0.485926 
1537391121104 0.230637 0.921932 -0.311204 -0.644094 -0.939192 0.294544 0.176528 -0.254658 0.25441 0.251566 0.933804 0.377532 0.316241 -0.38488 0.867098 0.400864 -0.930001 -0.306251 0.203246 -0.504429 0.187325 -0.870677 -0.454788 0.485926 
1537391121154 0.230808 0.922106 -0.31056 -0.644129 -0.939182 0.29455 0.176572 -0.254606 0.254294 0.250918 0.93401 0.377495 0.316241 -0.38488 0.867098 0.400864 -0.930001 -0.306251 0.203246 -0.504429 0.187325 -0.870677 -0.454788 0.485926 
1537391121206 0.230978 0.92228 -0.309917 -0.644163 -0.939171 0.294557 0.176616 -0.254554 0.254177 0.250271 0.934215 0.377459 0.316241 -0.38488 0.867098 0.400864 -0.930001 -0.306251 0.203246 -0.504429 0.187325 -0.870677 -0.454788 0.485926 
1537391121263 0.231152 0.92245 -0.309281 -0.644155 -0.93916 0.294569 0.176655 -0.254481 0.25406 0.249631 0.934419 0.37743 0.316531 -0.385118 0.866887 0.401814 -0.929976 -0.306103 0.20358 -0.50615 0.186955 -0.870623 -0.455042 0.486735 
1537391121333 0.22908 0.92173 -0.312947 -0.644125 -0.939532 0.293446 0.176546 -0.255028 0.254561 0.253581 0.933218 0.377575 0.16008 -0.304787 0.938871 0.370831 -0.775623 0.549475 0.310623 -0.528794 -0.61056 -0.777934 -0.14844 0.432481 
1537391121345 0.229506 0.921883 -0.312183 -0.643948 -0.939445 0.293685 0.176612 -0.254909 0.254499 0.252746 0.933461 0.377601 0.316241 -0.38488 0.867098 0.400864 -0.930001 -0.306251 0.203246 -0.504429 0.187325 -0.870677 -0.454788 0.485926 
1537391121358 0.229931 0.922035 -0.311421 -0.643772 -0.939358 0.293924 0.176678 -0.25479 0.254438 0.251912 0.933703 0.377626 0.316241 -0.38488 0.867098 0.400864 -0.930001 -0.306251 0.203246 -0.504429 0.187325 -0.870677 -0.454788 0.485926 
1537391121384 0.230356 0.922186 -0.310658 -0.643595 -0.939271 0.294163 0.176745 -0.254671 0.254376 0.251078 0.933945 0.377652 0.316241 -0.38488 0.867098 0.400864 -0.930001 -0.306251 0.203246 -0.504429 0.187325 -0.870677 -0.454788 0.485926 
1537391121412 0.230781 0.922337 -0.309896 -0.643418 -0.939183 0.294403 0.176811 -0.254552 0.254314 0.250244 0.934185 0.377677 0.316241 -0.38488 0.867098 0.400864 -0.930001 -0.306251 0.203246 -0.504429 0.187325 -0.870677 -0.454788 0.485926 
1537391121450 0.231206 0.922486 -0.309133 -0.643242 -0.939095 0.294642 0.176879 -0.254433 0.254251 0.24941 0.934425 0.377703 0.316241 -0.38488 0.867098 0.400864 -0.930001 -0.306251 0.203246 -0.504429 0.187325 -0.870677 -0.454788 0.485926 
1537391121501 0.23163 0.922635 -0.308369 -0.643065 -0.939008 0.294881 0.176946 -0.254313 0.254189 0.248575 0.934665 0.377728 0.316241 -0.38488 0.867098 0.400864 -0.930001 -0.306251 0.203246 -0.504429 0.187325 -0.870677 -0.454788 0.485926 
1537391121534 0.232055 0.922784 -0.307605 -0.642888 -0.93892 0.295119 0.177014 -0.254194 0.254126 0.24774 0.934904 0.377754 0.316241 -0.38488 0.867098 0.400864 -0.930001 -0.306251 0.203246 -0.504429 0.187325 -0.870677 -0.454788 0.485926 
1537391121593 0.23248 0.922931 -0.306842 -0.642712 -0.938832 0.295359 0.177081 -0.254075 0.254062 0.246906 0.935142 0.377779 0.316241 -0.38488 0.867098 0.400864 -0.930001 -0.306251 0.203246 -0.504429 0.187325 -0.870677 -0.454788 0.485926 
1537391121645 0.232901 0.92308 -0.306072 -0.642575 -0.938745 0.295593 0.177153 -0.253976 0.253999 0.246064 0.935381 0.377797 0.316531 -0.385118 0.866887 0.401814 -0.929976 -0.306103 0.20358 -0.50615 0.186955 -0.870623 -0.455042 0.486735 
1537391121720 0.231062 0.922617 -0.30885 -0.643351 -0.939181 0.294403 0.176824 -0.254413 0.254067 0.249208 0.934529 0.377785 0.16008 -0.304787 0.938871 0.370831 -0.775623 0.549475 0.310623 -0.528794 -0.61056 -0.777934 -0.14844 0.432481 
1537391121733 0.231653 0.922719 -0.308102 -0.64287 -0.939094 0.294762 0.176687 -0.254184 0.253849 0.248406 0.934802 0.37791 0.316241 -0.38488 0.867098 0.400864 -0.930001 -0.306251 0.203246 -0.504429 0.187325 -0.870677 -0.454788 0.485926 
1537391121759 0.232243 0.922819 -0.307355 -0.642389 -0.939007 0.29512 0.176551 -0.253954 0.253632 0.247606 0.935073 0.378036 0.316241 -0.38488 0.867098 0.400864 -0.930001 -0.306251 0.203246 -0.504429 0.187325 -0.870677 -0.454788 0.485926 
1537391121820 0.232833 0.922919 -0.306608 -0.641908 -0.93892 0.295478 0.176416 -0.253724 0.253413 0.246805 0.935344 0.378161 0.316241 -0.38488 0.867098 0.400864 -0.930001 -0.306251 0.203246 -0.504429 0.187325 -0.870677 -0.454788 0.485926 
1537391121878 0.233423 0.923018 -0.305861 -0.641426 -0.938832 0.295836 0.17628 -0.253495 0.253194 0.246004 0.935615 0.378287 0.316241 -0.38488 0.867098 0.400864 -0.930001 -0.306251 0.203246 -0.504429 0.187325 -0.870677 -0.454788 0.485926 
1537391121946 0.234012 0.923117 -0.305113 -0.640945 -0.938745 0.296194 0.176145 -0.253265 0.252975 0.245203 0.935884 0.378412 0.316241 -0.38488 0.867098 0.400864 -0.930001 -0.306251 0.203246 -0.504429 0.187325 -0.870677 -0.454788 0.485926 
1537391122037 0.234602 0.923214 -0.304365 -0.640464 -0.938657 0.296553 0.17601 -0.253036 0.252755 0.244402 0.936153 0.378538 0.316241 -0.38488 0.867098 0.400864 -0.930001 -0.306251 0.203246 -0.504429 0.187325 -0.870677 -0.454788 0.485926 
1537391122138 0.235191 0.923311 -0.303617 -0.639982 -0.938569 0.296911 0.175875 -0.252806 0.252535 0.243601 0.936421 0.378663 0.316241 -0.38488 0.867098 0.400864 -0.930001 -0.306251 0.203246 -0.504429 0.187325 -0.870677 -0.454788 0.485926 
1537391122233 0.235779 0.923406 -0.302868 -0.639501 -0.938481 0.29727 0.175741 -0.252576 0.252314 0.2428 0.936689 0.378789 0.316241 -0.38488 0.867098 0.400864 -0.930001 -0.306251 0.203246 -0.504429 0.187325 -0.870677 -0.454788 0.485926 
1537391122319 0.236352 0.923515 -0.302089 -0.639186 -0.938395 0.297608 0.175624 -0.25243 0.252096 0.24197 0.936962 0.378883 0.316531 -0.385118 0.866887 0.401814 -0.929976 -0.306103 0.20358 -0.50615 0.186955 -0.870623 -0.455042 0.486735 
1537391122437 0.234017 0.923493 -0.303969 -0.640461 -0.938756 0.295969 0.176466 -0.252705 0.25293 0.244057 0.936196 0.3786 0.16008 -0.304787 0.938871 0.370831 -0.775623 0.549475 0.310623 -0.528794 -0.61056 -0.777934 -0.14844 0.432481 
1537391122446 0.23433 0.923428 -0.303925 -0.639805 -0.938619 0.296314 0.176616 -0.252444 0.253149 0.243883 0.936182 0.378785 0.316241 -0.38488 0.867098 0.400864 -0.930001 -0.306251 0.203246 -0.504429 0.187325 -0.870677 -0.454788 0.485926 
1537391122450 0.234644 0.923362 -0.303882 -0.63915 -0.938481 0.296661 0.176766 -0.252182 0.253369 0.24371 0.936167 0.378969 0.316241 -0.38488 0.867098 0.400864 -0.930001 -0.306251 0.203246 -0.504429 0.187325 -0.870677 -0.454788 0.485926 
1537391122488 0.234958 0.923296 -0.303839 -0.638494 -0.938343 0.297007 0.176916 -0.251921 0.253589 0.243537 0.936153 0.379154 0.316241 -0.38488 0.867098 0.400864 -0.930001 -0.306251 0.203246 -0.504429 0.187325 -0.870677 -0.454788 0.485926 
1537391122572 0.235272 0.923231 -0.303796 -0.637838 -0.938205 0.297353 0.177066 -0.25166 0.253808 0.243364 0.936139 0.379338 0.316241 -0.38488 0.867098 0.400864 -0.930001 -0.306251 0.203246 -0.504429 0.187325 -0.870677 -0.454788 0.485926 
1537391122673 0.235586 0.923165 -0.303753 -0.637183 -0.938067 0.2977 0.177217 -0.251398 0.254027 0.243191 0.936124 0.379523 0.316241 -0.38488 0.867098 0.400864 -0.930001 -0.306251 0.203246 -0.504429 0.187325 -0.870677 -0.454788 0.485926 
1537391122775 0.2359 0.923099 -0.303711 -0.636527 -0.937928 0.298046 0.177367 -0.251137 0.254247 0.243018 0.936109 0.379708 0.316241 -0.38488 0.867098 0.400864 -0.930001 -0.306251 0.203246 -0.504429 0.187325 -0.870677 -0.454788 0.485926 
1537391122891 0.236214 0.923032 -0.303668 -0.635871 -0.93779 0.298392 0.177517 -0.250875 0.254466 0.242845 0.936095 0.379892 0.316241 -0.38488 0.867098 0.400864 -0.930001 -0.306251 0.203246 -0.504429 0.187325 -0.870677 -0.454788 0.485926 
1537391123029 0.236528 0.922966 -0.303625 -0.635215 -0.937651 0.298738 0.177667 -0.250614 0.254685 0.242671 0.93608 0.380077 0.316241 -0.38488 0.867098 0.400864 -0.930001 -0.306251 0.203246 -0.504429 0.187325 -0.870677 -0.454788 0.485926 
1537391123217 0.236818 0.92292 -0.303538 -0.634803 -0.937517 0.299054 0.177843 -0.250475 0.254909 0.242456 0.936075 0.380215 0.316531 -0.385118 0.866887 0.401814 -0.929976 -0.306103 0.20358 -0.50615 0.186955 -0.870623 -0.455042 0.486735 
1537391123349 0.234924 0.923671 -0.302725 -0.636224 -0.938184 0.29692 0.1779 -0.25042 0.254206 0.242219 0.936327 0.38 0.16008 -0.304787 0.938871 0.370831 -0.775623 0.549475 0.310623 -0.528794 -0.61056 -0.777934 -0.14844 0.432481 
1537391123363 0.235175 0.92355 -0.302899 -0.635697 -0.938072 0.297239 0.17796 -0.250264 0.254388 0.242289 0.93626 0.380131 0.316241 -0.38488 0.867098 0.400864 -0.930001 -0.306251 0.203246 -0.504429 0.187325 -0.870677 -0.454788 0.485926 
1537391123389 0.235426 0.923429 -0.303073 -0.63517 -0.93796 0.297558 0.17802 -0.250107 0.25457 0.24236 0.936192 0.380262 0.316241 -0.38488 0.867098 0.400864 -0.930001 -0.306251 0.203246 -0.504429 0.187325 -0.870677 -0.454788 0.485926 
1537391123433 0.235678 0.923308 -0.303247 -0.634643 -0.937847 0.297877 0.17808 -0.249951 0.254753 0.24243 0.936124 0.380393 0.316241 -0.38488 0.867098 0.400864 -0.930001 -0.306251 0.203246 -0.504429 0.187325 -0.870677 -0.454788 0.485926 
1537391123492 0.235929 0.923186 -0.303422 -0.634115 -0.937734 0.298196 0.178139 -0.249794 0.254935 0.242501 0.936056 0.380524 0.316241 -0.38488 0.867098 0.400864 -0.930001 -0.306251 0.203246 -0.504429 0.187325 -0.870677 -0.454788 0.485926 
1537391123565 0.23618 0.923065 -0.303596 -0.633588 -0.937622 0.298515 0.178199 -0.249638 0.255117 0.242571 0.935989 0.380655 0.316241 -0.38488 0.867098 0.400864 -0.930001 -0.306251 0.203246 -0.504429 0.187325 -0.870677 -0.454788 0.485926 
1537391123571 0.236432 0.922943 -0.30377 -0.633061 -0.937509 0.298834 0.178258 -0.249481 0.255299 0.242641 0.935921 0.380786 0.316241 -0.38488 0.867098 0.400864 -0.930001 -0.306251 0.203246 -0.504429 0.187325 -0.870677 -0.454788 0.485926 
1537391123659 0.236683 0.922821 -0.303944 -0.632533 -0.937396 0.299152 0.178318 -0.249324 0.255481 0.242711 0.935853 0.380917 0.316241 -0.38488 0.867098 0.400864 -0.930001 -0.306251 0.203246 -0.504429 0.187325 -0.870677 -0.454788 0.485926 
1537391123681 0.236934 0.922699 -0.304119 -0.632006 -0.937282 0.299471 0.178377 -0.249168 0.255663 0.242782 0.935785 0.381048 0.316241 -0.38488 0.867098 0.400864 -0.930001 -0.306251 0.203246 -0.504429 0.187325 -0.870677 -0.454788 0.485926 
1537391123809 0.237166 0.922594 -0.304258 -0.63167 -0.937173 0.299766 0.178457 -0.249108 0.25585 0.242818 0.935724 0.381143 0.316531 -0.385118 0.866887 0.401814 -0.929976 -0.306103 0.20358 -0.50615 0.186955 -0.870623 -0.455042 0.486735 
1537391123965 0.234988 0.923655 -0.302725 -0.633076 -0.937909 0.297227 0.178836 -0.248842 0.255161 0.241905 0.936149 0.381002 0.16008 -0.304787 0.938871 0.370831 -0.775623 0.549475 0.310623 -0.528794 -0.61056 -0.777934 -0.14844 0.432481 
1537391123970 0.235061 0.923412 -0.303408 -0.632661 -0.937722 0.29759 0.179217 -0.24878 0.255782 0.242385 0.935855 0.381141 0.316241 -0.38488 0.867098 0.400864 -0.930001 -0.306251 0.203246 -0.504429 0.187325 -0.870677 -0.454788 0.485926 
1537391123995 0.235136 0.923168 -0.304092 -0.632245 -0.937534 0.297954 0.179596 -0.248719 0.256402 0.242867 0.935561 0.381281 0.316241 -0.38488 0.867098 0.400864 -0.930001 -0.306251 0.203246 -0.504429 0.187325 -0.870677 -0.454788 0.485926 
1537391124035 0.23521 0.922924 -0.304775 -0.63183 -0.937345 0.298317 0.179974 -0.248657 0.257022 0.243348 0.935265 0.38142 0.316241 -0.38488 0.867098 0.400864 -0.930001 -0.306251 0.203246 -0.504429 0.187325 -0.870677 -0.454788 0.485926 
1537391124085 0.235283 0.922679 -0.305458 -0.631415 -0.937156 0.298682 0.180353 -0.248596 0.257643 0.243828 0.93497 0.38156 0.316241 -0.38488 0.867098 0.400864 -0.930001 -0.306251 0.203246 -0.504429 0.187325 -0.870677 -0.454788 0.485926 
1537391124132 0.235356 0.922434 -0.306141 -0.631 -0.936967 0.299046 0.180731 -0.248534 0.258263 0.244308 0.934673 0.381699 0.316241 -0.38488 0.867098 0.400864 -0.930001 -0.306251 0.203246 -0.504429 0.187325 -0.870677 -0.454788 0.485926 
1537391124148 0.235428 0.922189 -0.306824 -0.630584 -0.936778 0.29941 0.181109 -0.248472 0.258883 0.244788 0.934376 0.381838 0.316241 -0.38488 0.867098 0.400864 -0.930001 -0.306251 0.203246 -0.504429 0.187325 -0.870677 -0.454788 0.485926 
1537391124221 0.2355 0.921943 -0.307507 -0.630169 -0.936588 0.299775 0.181487 -0.248411 0.259503 0.245268 0.934078 0.381978 0.316241 -0.38488 0.867098 0.400864 -0.930001 -0.306251 0.203246 -0.504429 0.187325 -0.870677 -0.454788 0.485926 
1537391124330 0.235572 0.921697 -0.30819 -0.629753 -0.936398 0.30014 0.181864 -0.248349 0.260123 0.245747 0.93378 0.382117 0.316241 -0.38488 0.867098 0.400864 -0.930001 -0.306251 0.203246 -0.504429 0.187325 -0.870677 -0.454788 0.485926 
1537391124449 0.235627 0.921464 -0.308843 -0.629497 -0.936211 0.300485 0.182258 -0.248368 0.260747 0.246198 0.933487 0.382226 0.316531 -0.385118 0.866887 0.401814 -0.929976 -0.306103 0.20358 -0.50615 0.186955 -0.870623 -0.455042 0.486735 
1537391124596 0.234255 0.922789 -0.305917 -0.630424 -0.937232 0.29797 0.181133 -0.247952 0.258302 0.244284 0.934669 0.381909 0.16008 -0.304787 0.938871 0.370831 -0.775623 0.549475 0.310623 -0.528794 -0.61056 -0.777934 -0.14844 0.432481 
1537391124603 0.23442 0.92262 -0.306299 -0.63 -0.93699 0.298391 0.181695 -0.247907 0.259032 0.244406 0.934435 0.38204 0.316241 -0.38488 0.867098 0.400864 -0.930001 -0.306251 0.203246 -0.504429 0.187325 -0.870677 -0.454788 0.485926 
1537391124620 0.234584 0.922452 -0.30668 -0.629576 -0.936747 0.298812 0.182256 -0.247863 0.259762 0.244527 0.9342 0.38217 0.316241 -0.38488 0.867098 0.400864 -0.930001 -0.306251 0.203246 -0.504429 0.187325 -0.870677 -0.454788 0.485926 
1537391124664 0.234748 0.922283 -0.307062 -0.629153 -0.936503 0.299234 0.182817 -0.247818 0.260493 0.244649 0.933965 0.382301 0.316241 -0.38488 0.867098 0.400864 -0.930001 -0.306251 0.203246 -0.504429 0.187325 -0.870677 -0.454788 0.485926 
1537391124718 0.234911 0.922114 -0.307444 -0.628729 -0.936258 0.299655 0.183378 -0.247774 0.261223 0.24477 0.933729 0.382432 0.316241 -0.38488 0.867098 0.400864 -0.930001 -0.306251 0.203246 -0.504429 0.187325 -0.870677 -0.454788 0.485926 
1537391124764 0.235074 0.921946 -0.307826 -0.628305 -0.936013 0.300076 0.183939 -0.247729 0.261953 0.24489 0.933493 0.382562 0.316241 -0.38488 0.867098 0.400864 -0.930001 -0.306251 0.203246 -0.504429 0.187325 -0.870677 -0.454788 0.485926 
1537391124833 0.235236 0.921776 -0.308208 -0.627881 -0.935768 0.300497 0.184499 -0.247685 0.262683 0.24501 0.933257 0.382693 0.316241 -0.38488 0.867098 0.400864 -0.930001 -0.306251 0.203246 -0.504429 0.187325 -0.870677 -0.454788 0.485926 
1537391124909 0.235399 0.921607 -0.30859 -0.627457 -0.935522 0.300918 0.18506 -0.24764 0.263412 0.24513 0.933019 0.382824 0.316241 -0.38488 0.867098 0.400864 -0.930001 -0.306251 0.203246 -0.504429 0.187325 -0.870677 -0.454788 0.485926 
1537391124999 0.235561 0.921438 -0.308972 -0.627033 -0.935275 0.301339 0.18562 -0.247596 0.264142 0.245249 0.932782 0.382954 0.316241 -0.38488 0.867098 0.400864 -0.930001 -0.306251 0.203246 -0.504429 0.187325 -0.870677 -0.454788 0.485926 
1537391125079 0.235708 0.92128 -0.309329 -0.626745 -0.935031 0.301743 0.186194 -0.247621 0.264875 0.245344 0.932549 0.383059 0.316531 -0.385118 0.866887 0.401814 -0.929976 -0.306103 0.20358 -0.50615 0.186955 -0.870623 -0.455042 0.486735 
1537391125173 0.234588 0.922059 -0.307857 -0.628028 -0.936136 0.299622 0.184054 -0.247578 0.261949 0.245019 0.93346 0.382701 0.16008 -0.304787 0.938871 0.370831 -0.775623 0.549475 0.310623 -0.528794 -0.61056 -0.777934 -0.14844 0.432481 
1537391125182 0.234854 0.921896 -0.308141 -0.627664 -0.935977 0.300017 0.184221 -0.247507 0.26228 0.245148 0.933334 0.382797 0.316241 -0.38488 0.867098 0.400864 -0.930001 -0.306251 0.203246 -0.504429 0.187325 -0.870677 -0.454788 0.485926 
1537391125219 0.235121 0.921733 -0.308425 -0.6273 -0.935817 0.300412 0.184388 -0.247435 0.262611 0.245276 0.933207 0.382892 0.316241 -0.38488 0.867098 0.400864 -0.930001 -0.306251 0.203246 -0.504429 0.187325 -0.870677 -0.454788 0.485926 
1537391125255 0.235387 0.92157 -0.30871 -0.626935 -0.935657 0.300808 0.184555 -0.247364 0.262943 0.245405 0.93308 0.382988 0.316241 -0.38488 0.867098 0.400864 -0.930001 -0.306251 0.203246 -0.504429 0.187325 -0.870677 -0.454788 0.485926 
1537391125285 0.235654 0.921406 -0.308994 -0.626571 -0.935497 0.301204 0.184722 -0.247292 0.263274 0.245533 0.932953 0.383084 0.316241 -0.38488 0.867098 0.400864 -0.930001 -0.306251 0.203246 -0.504429 0.187325 -0.870677 -0.454788 0.485926 
1537391125341 0.23592 0.921243 -0.309279 -0.626207 -0.935336 0.301599 0.184888 -0.247221 0.263605 0.245661 0.932825 0.383179 0.316241 -0.38488 0.867098 0.400864 -0.930001 -0.306251 0.203246 -0.504429 0.187325 -0.870677 -0.454788 0.485926 
1537391125392 0.236186 0.921079 -0.309563 -0.625843 -0.935176 0.301995 0.185055 -0.24715 0.263937 0.245789 0.932698 0.383275 0.316241 -0.38488 0.867098 0.400864 -0.930001 -0.306251 0.203246 -0.504429 0.187325 -0.870677 -0.454788 0.485926 
1537391125477 0.236452 0.920915 -0.309847 -0.625478 -0.935015 0.302391 0.185221 -0.247078 0.264268 0.245916 0.93257 0.383371 0.316241 -0.38488 0.867098 0.400864 -0.930001 -0.306251 0.203246 -0.504429 0.187325 -0.870677 -0.454788 0.485926 
1537391125558 0.236718 0.920751 -0.310132 -0.625114 -0.934854 0.302786 0.185387 -0.247007 0.264599 0.246044 0.932443 0.383466 0.316241 -0.38488 0.867098 0.400864 -0.930001 -0.306251 0.203246 -0.504429 0.187325 -0.870677 -0.454788 0.485926 
1537391125645 0.236971 0.920598 -0.310393 -0.624873 -0.934695 0.303166 0.185567 -0.246999 0.264933 0.246149 0.93232 0.383538 0.316531 -0.385118 0.866887 0.401814 -0.929976 -0.306103 0.20358 -0.50615 0.186955 -0.870623 -0.455042 0.486735 
1537391125737 0.235233 0.921606 -0.308719 -0.625995 -0.93545 0.300893 0.185465 -0.24677 0.263817 0.245164 0.932896 0.383409 0.16008 -0.304787 0.938871 0.370831 -0.775623 0.549475 0.310623 -0.528794 -0.61056 -0.777934 -0.14844 0.432481 
1537391125747 0.235522 0.921517 -0.308765 -0.625735 -0.935414 0.301141 0.185241 -0.246675 0.263685 0.245195 0.932925 0.383469 0.316241 -0.38488 0.867098 0.400864 -0.930001 -0.306251 0.203246 -0.504429 0.187325 -0.870677 -0.454788 0.485926 
1537391125766 0.235812 0.921427 -0.308813 -0.625476 -0.935379 0.30139 0.185016 -0.24658 0.263552 0.245228 0.932954 0.38353 0.316241 -0.38488 0.867098 0.400864 -0.930001 -0.306251 0.203246 -0.504429 0.187325 -0.870677 -0.454788 0.485926 
1537391125792 0.236101 0.921337 -0.308859 -0.625216 -0.935343 0.301637 0.184791 -0.246484 0.263419 0.24526 0.932983 0.38359 0.316241 -0.38488 0.867098 0.400864 -0.930001 -0.306251 0.203246 -0.504429 0.187325 -0.870677 -0.454788 0.485926 
1537391125846 0.236391 0.921247 -0.308907 -0.624956 -0.935308 0.301886 0.184566 -0.246389 0.263285 0.245293 0.933012 0.383651 0.316241 -0.38488 0.867098 0.400864 -0.930001 -0.306251 0.203246 -0.504429 0.187325 -0.870677 -0.454788 0.485926 
1537391125869 0.23668 0.921157 -0.308954 -0.624697 -0.935272 0.302134 0.184341 -0.246294 0.263152 0.245326 0.933041 0.383711 0.316241 -0.38488 0.867098 0.400864 -0.930001 -0.306251 0.203246 -0.504429 0.187325 -0.870677 -0.454788 0.485926 
1537391125902 0.236969 0.921067 -0.309001 -0.624437 -0.935236 0.302382 0.184116 -0.246199 0.263019 0.245359 0.93307 0.383772 0.316241 -0.38488 0.867098 0.400864 -0.930001 -0.306251 0.203246 -0.504429 0.187325 -0.870677 -0.454788 0.485926 
1537391125955 0.237259 0.920977 -0.309047 -0.624177 -0.9352 0.30263 0.183891 -0.246104 0.262886 0.245391 0.933099 0.383832 0.316241 -0.38488 0.867098 0.400864 -0.930001 -0.306251 0.203246 -0.504429 0.187325 -0.870677 -0.454788 0.485926 
1537391126017 0.237548 0.920886 -0.309094 -0.623918 -0.935164 0.302878 0.183666 -0.246009 0.262753 0.245424 0.933128 0.383893 0.316241 -0.38488 0.867098 0.400864 -0.930001 -0.306251 0.203246 -0.504429 0.187325 -0.870677 -0.454788 0.485926 
1537391126083 0.237828 0.920804 -0.309124 -0.623749 -0.93513 0.303114 0.183451 -0.245961 0.262622 0.245441 0.93316 0.383935 0.316531 -0.385118 0.866887 0.401814 -0.929976 -0.306103 0.20358 -0.50615 0.186955 -0.870623 -0.455042 0.486735 
1537391126157 0.236568 0.921193 -0.308932 -0.624586 -0.935183 0.302133 0.184793 -0.246158 0.263569 0.245192 0.932959 0.383774 0.16008 -0.304787 0.938871 0.370831 -0.775623 0.549475 0.310623 -0.528794 -0.61056 -0.777934 -0.14844 0.432481 
1537391126168 0.236896 0.921135 -0.308853 -0.62425 -0.935146 0.302385 0.18457 -0.246039 0.263407 0.245098 0.933029 0.383848 0.316241 -0.38488 0.867098 0.400864 -0.930001 -0.306251 0.203246 -0.504429 0.187325 -0.870677 -0.454788 0.485926 
1537391126183 0.237224 0.921077 -0.308774 -0.623908 -0.935109 0.302636 0.184344 -0.245914 0.263241 0.245006 0.9331 0.383924 0.316241 -0.38488 0.867098 0.400864 -0.930001 -0.306251 0.203246 -0.504429 0.187325 -0.870677 -0.454788 0.485926 
1537391126206 0.237552 0.92102 -0.308693 -0.623567 -0.935072 0.302886 0.184119 -0.24579 0.263076 0.244913 0.933171 0.384 0.316241 -0.38488 0.867098 0.400864 -0.930001 -0.306251 0.203246 -0.504429 0.187325 -0.870677 -0.454788 0.485926 
1537391126251 0.23788 0.920962 -0.308614 -0.623226 -0.935035 0.303137 0.183892 -0.245665 0.26291 0.244821 0.933242 0.384075 0.316241 -0.38488 0.867098 0.400864 -0.930001 -0.306251 0.203246 -0.504429 0.187325 -0.870677 -0.454788 0.485926 
1537391126301 0.238207 0.920904 -0.308534 -0.622884 -0.934999 0.303388 0.183667 -0.245541 0.262745 0.244728 0.933313 0.384151 0.316241 -0.38488 0.867098 0.400864 -0.930001 -0.306251 0.203246 -0.504429 0.187325 -0.870677 -0.454788 0.485926 
1537391126359 0.238535 0.920846 -0.308454 -0.622543 -0.934962 0.303639 0.183441 -0.245417 0.262579 0.244636 0.933384 0.384227 0.316241 -0.38488 0.867098 0.400864 -0.930001 -0.306251 0.203246 -0.504429 0.187325 -0.870677 -0.454788 0.485926 
1537391126424 0.238863 0.920788 -0.308374 -0.622202 -0.934924 0.303889 0.183215 -0.245292 0.262414 0.244543 0.933455 0.384303 0.316241 -0.38488 0.867098 0.400864 -0.930001 -0.306251 0.203246 -0.504429 0.187325 -0.870677 -0.454788 0.485926 
1537391126514 0.23919 0.920729 -0.308294 -0.62186 -0.934887 0.30414 0.182989 -0.245168 0.262248 0.244451 0.933525 0.384379 0.316241 -0.38488 0.867098 0.400864 -0.930001 -0.306251 0.203246 -0.504429 0.187325 -0.870677 -0.454788 0.485926 
1537391126613 0.239507 0.920681 -0.308194 -0.621626 -0.934852 0.304376 0.182775 -0.245099 0.262085 0.244339 0.9336 0.384434 0.316531 -0.385118 0.866887 0.401814 -0.929976 -0.306103 0.20358 -0.50615 0.186955 -0.870623 -0.455042 0.486735 
1537391126691 0.23782 0.921172 -0.308032 -0.62272 -0.935075 0.302941 0.184012 -0.245108 0.262822 0.244272 0.933411 0.384291 0.16008 -0.304787 0.938871 0.370831 -0.775623 0.549475 0.310623 -0.528794 -0.61056 -0.777934 -0.14844 0.432481 
1537391126705 0.237974 0.921058 -0.308254 -0.6223 -0.935018 0.303148 0.183961 -0.245003 0.262886 0.244445 0.933347 0.384439 0.316241 -0.38488 0.867098 0.400864 -0.930001 -0.306251 0.203246 -0.504429 0.187325 -0.870677 -0.454788 0.485926 
1537391126730 0.238129 0.920944 -0.308476 -0.621881 -0.934961 0.303355 0.18391 -0.244897 0.262949 0.244619 0.933284 0.384587 0.316241 -0.38488 0.867098 0.400864 -0.930001 -0.306251 0.203246 -0.504429 0.187325 -0.870677 -0.454788 0.485926 
1537391126779 0.238283 0.920829 -0.308699 -0.621461 -0.934904 0.303563 0.183859 -0.244792 0.263012 0.244793 0.933221 0.384735 0.316241 -0.38488 0.867098 0.400864 -0.930001 -0.306251 0.203246 -0.504429 0.187325 -0.870677 -0.454788 0.485926 
1537391126844 0.238438 0.920714 -0.308921 -0.621042 -0.934847 0.30377 0.183808 -0.244686 0.263076 0.244967 0.933157 0.384883 0.316241 -0.38488 0.867098 0.400864 -0.930001 -0.306251 0.203246 -0.504429 0.187325 -0.870677 -0.454788 0.485926 
1537391126895 0.238593 0.9206 -0.309143 -0.620622 -0.93479 0.303977 0.183757 -0.244581 0.263139 0.245141 0.933094 0.385031 0.316241 -0.38488 0.867098 0.400864 -0.930001 -0.306251 0.203246 -0.504429 0.187325 -0.870677 -0.454788 0.485926 
1537391126961 0.238747 0.920485 -0.309365 -0.620203 -0.934732 0.304184 0.183706 -0.244476 0.263202 0.245314 0.93303 0.385179 0.316241 -0.38488 0.867098 0.400864 -0.930001 -0.306251 0.203246 -0.504429 0.187325 -0.870677 -0.454788 0.485926 
1537391127037 0.238902 0.92037 -0.309587 -0.619783 -0.934675 0.304391 0.183654 -0.24437 0.263266 0.245488 0.932967 0.385327 0.316241 -0.38488 0.867098 0.400864 -0.930001 -0.306251 0.203246 -0.504429 0.187325 -0.870677 -0.454788 0.485926 
1537391127129 0.239056 0.920256 -0.309809 -0.619363 -0.934618 0.304598 0.183603 -0.244265 0.263329 0.245662 0.932903 0.385475 0.316241 -0.38488 0.867098 0.400864 -0.930001 -0.306251 0.203246 -0.504429 0.187325 -0.870677 -0.454788 0.485926 
1537391127210 0.239197 0.920153 -0.310007 -0.619074 -0.934563 0.304788 0.183567 -0.244227 0.263395 0.245812 0.932845 0.385598 0.316531 -0.385118 0.866887 0.401814 -0.929976 -0.306103 0.20358 -0.50615 0.186955 -0.870623 -0.455042 0.486735 
1537391127317 0.238062 0.920885 -0.308703 -0.620162 -0.93489 0.30342 0.184167 -0.24412 0.263264 0.24476 0.933159 0.385295 0.16008 -0.304787 0.938871 0.370831 -0.775623 0.549475 0.310623 -0.528794 -0.61056 -0.777934 -0.14844 0.432481 
1537391127323 0.238267 0.92082 -0.30874 -0.619697 -0.934773 0.303681 0.184329 -0.243993 0.263492 0.244682 0.933115 0.385403 0.316241 -0.38488 0.867098 0.400864 -0.930001 -0.306251 0.203246 -0.504429 0.187325 -0.870677 -0.454788 0.485926 
1537391127363 0.238471 0.920754 -0.308777 -0.619231 -0.934657 0.303941 0.184491 -0.243866 0.26372 0.244604 0.93307 0.38551 0.316241 -0.38488 0.867098 0.400864 -0.930001 -0.306251 0.203246 -0.504429 0.187325 -0.870677 -0.454788 0.485926 
1537391127396 0.238676 0.920689 -0.308814 -0.618766 -0.93454 0.304202 0.184652 -0.243739 0.263949 0.244527 0.933026 0.385618 0.316241 -0.38488 0.867098 0.400864 -0.930001 -0.306251 0.203246 -0.504429 0.187325 -0.870677 -0.454788 0.485926 
1537391127453 0.238881 0.920623 -0.308852 -0.6183 -0.934423 0.304463 0.184813 -0.243611 0.264177 0.24445 0.932982 0.385725 0.316241 -0.38488 0.867098 0.400864 -0.930001 -0.306251 0.203246 -0.504429 0.187325 -0.870677 -0.454788 0.485926 
1537391127516 0.239085 0.920557 -0.308889 -0.617835 -0.934306 0.304724 0.184975 -0.243484 0.264406 0.244372 0.932937 0.385833 0.316241 -0.38488 0.867098 0.400864 -0.930001 -0.306251 0.203246 -0.504429 0.187325 -0.870677 -0.454788 0.485926 
1537391127599 0.23929 0.920492 -0.308926 -0.617369 -0.934189 0.304984 0.185136 -0.243357 0.264634 0.244294 0.932893 0.385941 0.316241 -0.38488 0.867098 0.400864 -0.930001 -0.306251 0.203246 -0.504429 0.187325 -0.870677 -0.454788 0.485926 
