1537386675191 0.23811 0.919779 -0.311945 -0.622404 -0.936542 0.302519 0.177118 -0.245766 0.257279 0.249976 0.933445 0.384159 0.16008 -0.304787 0.938871 0.370831 -0.775623 0.549475 0.310623 -0.528794 -0.61056 -0.777934 -0.14844 0.432481 
1537386675210 0.238674 0.920429 -0.309589 -0.623841 -0.936606 0.302399 0.176984 -0.24641 0.256521 0.247722 0.934254 0.383198 0.316241 -0.38488 0.867098 0.400864 -0.930001 -0.306251 0.203246 -0.504429 0.187325 -0.870677 -0.454788 0.485926 
1537386675554 0.239236 0.921072 -0.307232 -0.625277 -0.936671 0.302278 0.17685 -0.247053 0.255761 0.245467 0.935057 0.382237 0.316241 -0.38488 0.867098 0.400864 -0.930001 -0.306251 0.203246 -0.504429 0.187325 -0.870677 -0.454788 0.485926 
1537386675894 0.239796 0.92171 -0.304873 -0.626713 -0.936735 0.302157 0.176716 -0.247696 0.255 0.24321 0.935855 0.381277 0.316241 -0.38488 0.867098 0.400864 -0.930001 -0.306251 0.203246 -0.504429 0.187325 -0.870677 -0.454788 0.485926 
1537386676261 0.240355 0.922343 -0.302512 -0.628148 -0.936799 0.302037 0.176581 -0.248339 0.254238 0.240951 0.936646 0.380316 0.316241 -0.38488 0.867098 0.400864 -0.930001 -0.306251 0.203246 -0.504429 0.187325 -0.870677 -0.454788 0.485926 
1537386676621 0.240911 0.922969 -0.300149 -0.629583 -0.936863 0.301917 0.176445 -0.248982 0.253474 0.238691 0.937431 0.379355 0.316241 -0.38488 0.867098 0.400864 -0.930001 -0.306251 0.203246 -0.504429 0.187325 -0.870677 -0.454788 0.485926 
1537386676985 0.241465 0.92359 -0.297785 -0.631017 -0.936927 0.301798 0.17631 -0.249624 0.252709 0.23643 0.938211 0.378395 0.316241 -0.38488 0.867098 0.400864 -0.930001 -0.306251 0.203246 -0.504429 0.187325 -0.870677 -0.454788 0.485926 
1537386677376 0.242018 0.924205 -0.295418 -0.632451 -0.936991 0.301679 0.176174 -0.250267 0.251942 0.234167 0.938984 0.377435 0.316241 -0.38488 0.867098 0.400864 -0.930001 -0.306251 0.203246 -0.504429 0.187325 -0.870677 -0.454788 0.485926 
1537386677714 0.242568 0.924815 -0.29305 -0.633884 -0.937055 0.30156 0.176037 -0.250909 0.251174 0.231902 0.939751 0.376474 0.316241 -0.38488 0.867098 0.400864 -0.930001 -0.306251 0.203246 -0.504429 0.187325 -0.870677 -0.454788 0.485926 
1537386677726 0.243178 0.925365 -0.290799 -0.634664 -0.937106 0.301521 0.175836 -0.251227 0.250394 0.22975 0.940488 0.375641 0.316531 -0.385118 0.866887 0.401814 -0.929976 -0.306103 0.20358 -0.50615 0.186955 -0.870623 -0.455042 0.486735 
1537386678254 0.243626 0.925026 -0.291502 -0.634468 -0.936949 0.302117 0.175646 -0.251353 0.250545 0.23033 0.940306 0.375776 0.16008 -0.304787 0.938871 0.370831 -0.775623 0.549475 0.310623 -0.528794 -0.61056 -0.777934 -0.14844 0.432481 
1537386678269 0.242765 0.924836 -0.292819 -0.63508 -0.936915 0.301785 0.176396 -0.251543 0.251506 0.231524 0.939756 0.375791 0.316241 -0.38488 0.867098 0.400864 -0.930001 -0.306251 0.203246 -0.504429 0.187325 -0.870677 -0.454788 0.485926 
1537386678440 0.241903 0.924645 -0.294134 -0.635692 -0.93688 0.301455 0.177145 -0.251733 0.252464 0.232717 0.939204 0.375807 0.316241 -0.38488 0.867098 0.400864 -0.930001 -0.306251 0.203246 -0.504429 0.187325 -0.870677 -0.454788 0.485926 
1537386678691 0.241039 0.924451 -0.295448 -0.636304 -0.936844 0.301125 0.177895 -0.251923 0.253422 0.233909 0.93865 0.375822 0.316241 -0.38488 0.867098 0.400864 -0.930001 -0.306251 0.203246 -0.504429 0.187325 -0.870677 -0.454788 0.485926 
1537386678892 0.240175 0.924256 -0.296761 -0.636917 -0.936807 0.300796 0.178645 -0.252113 0.254378 0.235102 0.938093 0.375837 0.316241 -0.38488 0.867098 0.400864 -0.930001 -0.306251 0.203246 -0.504429 0.187325 -0.870677 -0.454788 0.485926 
1537386679108 0.239309 0.924059 -0.298073 -0.637529 -0.936769 0.300468 0.179395 -0.252303 0.255332 0.236294 0.937534 0.375853 0.316241 -0.38488 0.867098 0.400864 -0.930001 -0.306251 0.203246 -0.504429 0.187325 -0.870677 -0.454788 0.485926 
1537386679304 0.238441 0.923859 -0.299383 -0.638141 -0.93673 0.30014 0.180145 -0.252493 0.256286 0.237487 0.936973 0.375868 0.316241 -0.38488 0.867098 0.400864 -0.930001 -0.306251 0.203246 -0.504429 0.187325 -0.870677 -0.454788 0.485926 
1537386679309 0.237572 0.923658 -0.300692 -0.638752 -0.93669 0.299814 0.180896 -0.252683 0.257238 0.238679 0.936409 0.375884 0.316241 -0.38488 0.867098 0.400864 -0.930001 -0.306251 0.203246 -0.504429 0.187325 -0.870677 -0.454788 0.485926 
1537386679608 0.236702 0.923455 -0.302 -0.639364 -0.936649 0.299488 0.181647 -0.252872 0.258188 0.239872 0.935842 0.375899 0.316241 -0.38488 0.867098 0.400864 -0.930001 -0.306251 0.203246 -0.504429 0.187325 -0.870677 -0.454788 0.485926 
1537386679800 0.235846 0.923235 -0.303338 -0.639802 -0.936603 0.299185 0.182381 -0.252975 0.259135 0.241094 0.935266 0.375948 0.316531 -0.385118 0.866887 0.401814 -0.929976 -0.306103 0.20358 -0.50615 0.186955 -0.870623 -0.455042 0.486735 
1537386680015 0.23627 0.923347 -0.302665 -0.639559 -0.936633 0.299327 0.181996 -0.252901 0.258641 0.240486 0.935559 0.375901 0.16008 -0.304787 0.938871 0.370831 -0.775623 0.549475 0.310623 -0.528794 -0.61056 -0.777934 -0.14844 0.432481 
1537386680031 0.235622 0.923086 -0.303965 -0.639988 -0.936667 0.299089 0.182211 -0.252977 0.259109 0.241781 0.935096 0.376058 0.316241 -0.38488 0.867098 0.400864 -0.930001 -0.306251 0.203246 -0.504429 0.187325 -0.870677 -0.454788 0.485926 
1537386680051 0.234973 0.922823 -0.305264 -0.640418 -0.936701 0.298852 0.182427 -0.253052 0.259576 0.243076 0.934631 0.376215 0.316241 -0.38488 0.867098 0.400864 -0.930001 -0.306251 0.203246 -0.504429 0.187325 -0.870677 -0.454788 0.485926 
1537386680282 0.234323 0.922558 -0.306562 -0.640847 -0.936734 0.298615 0.182643 -0.253128 0.260042 0.24437 0.934163 0.376372 0.316241 -0.38488 0.867098 0.400864 -0.930001 -0.306251 0.203246 -0.504429 0.187325 -0.870677 -0.454788 0.485926 
1537386680454 0.233672 0.922291 -0.307858 -0.641277 -0.936768 0.298377 0.182859 -0.253203 0.260508 0.245663 0.933695 0.376529 0.316241 -0.38488 0.867098 0.400864 -0.930001 -0.306251 0.203246 -0.504429 0.187325 -0.870677 -0.454788 0.485926 
1537386680625 0.23302 0.922022 -0.309155 -0.641706 -0.936801 0.298141 0.183076 -0.253279 0.260972 0.246956 0.933224 0.376686 0.316241 -0.38488 0.867098 0.400864 -0.930001 -0.306251 0.203246 -0.504429 0.187325 -0.870677 -0.454788 0.485926 
1537386680789 0.232368 0.921751 -0.31045 -0.642135 -0.936833 0.297904 0.183293 -0.253354 0.261435 0.248249 0.932751 0.376843 0.316241 -0.38488 0.867098 0.400864 -0.930001 -0.306251 0.203246 -0.504429 0.187325 -0.870677 -0.454788 0.485926 
1537386680948 0.231715 0.921479 -0.311745 -0.642565 -0.936866 0.297668 0.18351 -0.25343 0.261897 0.249541 0.932276 0.377001 0.316241 -0.38488 0.867098 0.400864 -0.930001 -0.306251 0.203246 -0.504429 0.187325 -0.870677 -0.454788 0.485926 
1537386681132 0.231062 0.921204 -0.313039 -0.642994 -0.936898 0.297432 0.183728 -0.253505 0.262359 0.250833 0.9318 0.377158 0.316241 -0.38488 0.867098 0.400864 -0.930001 -0.306251 0.203246 -0.504429 0.187325 -0.870677 -0.454788 0.485926 
1537386681290 0.230415 0.920921 -0.314347 -0.643343 -0.936929 0.297205 0.183938 -0.253541 0.262817 0.252138 0.931318 0.37733 0.316531 -0.385118 0.866887 0.401814 -0.929976 -0.306103 0.20358 -0.50615 0.186955 -0.870623 -0.455042 0.486735 
1537386681509 0.230841 0.921126 -0.31343 -0.643114 -0.936884 0.297367 0.183906 -0.253484 0.262605 0.251194 0.931633 0.377238 0.16008 -0.304787 0.938871 0.370831 -0.775623 0.549475 0.310623 -0.528794 -0.61056 -0.777934 -0.14844 0.432481 
1537386681520 0.230552 0.92126 -0.313249 -0.643207 -0.937027 0.296989 0.183786 -0.253532 0.262346 0.251151 0.931718 0.37732 0.316241 -0.38488 0.867098 0.400864 -0.930001 -0.306251 0.203246 -0.504429 0.187325 -0.870677 -0.454788 0.485926 
1537386681536 0.230264 0.921394 -0.31307 -0.6433 -0.937171 0.296612 0.183664 -0.25358 0.262087 0.251109 0.931802 0.377401 0.316241 -0.38488 0.867098 0.400864 -0.930001 -0.306251 0.203246 -0.504429 0.187325 -0.870677 -0.454788 0.485926 
1537386681680 0.229974 0.921527 -0.312889 -0.643393 -0.937314 0.296233 0.183543 -0.253628 0.261828 0.251065 0.931886 0.377483 0.316241 -0.38488 0.867098 0.400864 -0.930001 -0.306251 0.203246 -0.504429 0.187325 -0.870677 -0.454788 0.485926 
1537386681723 0.229685 0.92166 -0.312709 -0.643486 -0.937457 0.295855 0.183422 -0.253676 0.26157 0.251022 0.931971 0.377565 0.316241 -0.38488 0.867098 0.400864 -0.930001 -0.306251 0.203246 -0.504429 0.187325 -0.870677 -0.454788 0.485926 
1537386681835 0.229396 0.921793 -0.312529 -0.643579 -0.9376 0.295477 0.183301 -0.253725 0.261311 0.250979 0.932055 0.377646 0.316241 -0.38488 0.867098 0.400864 -0.930001 -0.306251 0.203246 -0.504429 0.187325 -0.870677 -0.454788 0.485926 
1537386681886 0.229107 0.921926 -0.312349 -0.643671 -0.937743 0.295098 0.18318 -0.253773 0.261052 0.250935 0.932139 0.377728 0.316241 -0.38488 0.867098 0.400864 -0.930001 -0.306251 0.203246 -0.504429 0.187325 -0.870677 -0.454788 0.485926 
1537386681977 0.228817 0.922059 -0.312169 -0.643764 -0.937886 0.29472 0.183058 -0.253821 0.260793 0.250892 0.932223 0.37781 0.316241 -0.38488 0.867098 0.400864 -0.930001 -0.306251 0.203246 -0.504429 0.187325 -0.870677 -0.454788 0.485926 
1537386682044 0.228528 0.922192 -0.311989 -0.643857 -0.938028 0.294342 0.182937 -0.253869 0.260534 0.250848 0.932307 0.377892 0.316241 -0.38488 0.867098 0.400864 -0.930001 -0.306251 0.203246 -0.504429 0.187325 -0.870677 -0.454788 0.485926 
1537386682051 0.228243 0.92232 -0.311818 -0.643899 -0.93817 0.29397 0.18281 -0.253891 0.260274 0.250813 0.932389 0.377983 0.316531 -0.385118 0.866887 0.401814 -0.929976 -0.306103 0.20358 -0.50615 0.186955 -0.870623 -0.455042 0.486735 
1537386682198 0.228686 0.922121 -0.312083 -0.643778 -0.937895 0.294601 0.183201 -0.253745 0.260874 0.250806 0.932224 0.377873 0.16008 -0.304787 0.938871 0.370831 -0.775623 0.549475 0.310623 -0.528794 -0.61056 -0.777934 -0.14844 0.432481 
1537386682212 0.228518 0.922378 -0.311445 -0.643807 -0.93806 0.294196 0.183007 -0.253833 0.260427 0.250333 0.932476 0.377881 0.316241 -0.38488 0.867098 0.400864 -0.930001 -0.306251 0.203246 -0.504429 0.187325 -0.870677 -0.454788 0.485926 
1537386682229 0.22835 0.922636 -0.310805 -0.643836 -0.938225 0.293791 0.182812 -0.253922 0.25998 0.24986 0.932727 0.377889 0.316241 -0.38488 0.867098 0.400864 -0.930001 -0.306251 0.203246 -0.504429 0.187325 -0.870677 -0.454788 0.485926 
1537386682244 0.228181 0.922893 -0.310165 -0.643865 -0.93839 0.293386 0.182616 -0.25401 0.259533 0.249386 0.932979 0.377898 0.316241 -0.38488 0.867098 0.400864 -0.930001 -0.306251 0.203246 -0.504429 0.187325 -0.870677 -0.454788 0.485926 
1537386682436 0.228012 0.923149 -0.309526 -0.643894 -0.938555 0.292982 0.18242 -0.254099 0.259086 0.248913 0.933229 0.377906 0.316241 -0.38488 0.867098 0.400864 -0.930001 -0.306251 0.203246 -0.504429 0.187325 -0.870677 -0.454788 0.485926 
1537386682483 0.227843 0.923405 -0.308885 -0.643923 -0.938719 0.292577 0.182224 -0.254187 0.258639 0.248438 0.93348 0.377914 0.316241 -0.38488 0.867098 0.400864 -0.930001 -0.306251 0.203246 -0.504429 0.187325 -0.870677 -0.454788 0.485926 
1537386682616 0.227673 0.923661 -0.308245 -0.643952 -0.938883 0.292172 0.182028 -0.254275 0.258193 0.247964 0.933729 0.377922 0.316241 -0.38488 0.867098 0.400864 -0.930001 -0.306251 0.203246 -0.504429 0.187325 -0.870677 -0.454788 0.485926 
1537386682684 0.227503 0.923916 -0.307606 -0.643981 -0.939047 0.291767 0.181831 -0.254364 0.257746 0.247489 0.933979 0.377931 0.316241 -0.38488 0.867098 0.400864 -0.930001 -0.306251 0.203246 -0.504429 0.187325 -0.870677 -0.454788 0.485926 
1537386682821 0.227333 0.924171 -0.306966 -0.64401 -0.939211 0.291363 0.181634 -0.254452 0.257299 0.247014 0.934228 0.377939 0.316241 -0.38488 0.867098 0.400864 -0.930001 -0.306251 0.203246 -0.504429 0.187325 -0.870677 -0.454788 0.485926 
1537386682861 0.227169 0.92442 -0.306337 -0.643972 -0.939373 0.290966 0.18143 -0.254507 0.256851 0.24655 0.934473 0.37796 0.316531 -0.385118 0.866887 0.401814 -0.929976 -0.306103 0.20358 -0.50615 0.186955 -0.870623 -0.455042 0.486735 
1537386683049 0.227316 0.924241 -0.306766 -0.643958 -0.939208 0.291314 0.181725 -0.254371 0.257323 0.246808 0.934276 0.378023 0.16008 -0.304787 0.938871 0.370831 -0.775623 0.549475 0.310623 -0.528794 -0.61056 -0.777934 -0.14844 0.432481 
1537386683055 0.227667 0.924296 -0.306342 -0.643909 -0.939248 0.291443 0.181312 -0.254387 0.256867 0.246452 0.934495 0.377969 0.316241 -0.38488 0.867098 0.400864 -0.930001 -0.306251 0.203246 -0.504429 0.187325 -0.870677 -0.454788 0.485926 
1537386683062 0.228018 0.92435 -0.305917 -0.64386 -0.939288 0.291572 0.180899 -0.254403 0.256411 0.246096 0.934714 0.377916 0.316241 -0.38488 0.867098 0.400864 -0.930001 -0.306251 0.203246 -0.504429 0.187325 -0.870677 -0.454788 0.485926 
1537386683075 0.228369 0.924403 -0.305493 -0.643811 -0.939327 0.291702 0.180486 -0.254418 0.255955 0.24574 0.934933 0.377862 0.316241 -0.38488 0.867098 0.400864 -0.930001 -0.306251 0.203246 -0.504429 0.187325 -0.870677 -0.454788 0.485926 
1537386683244 0.22872 0.924457 -0.305068 -0.643762 -0.939366 0.291832 0.180073 -0.254434 0.255498 0.245384 0.935151 0.377808 0.316241 -0.38488 0.867098 0.400864 -0.930001 -0.306251 0.203246 -0.504429 0.187325 -0.870677 -0.454788 0.485926 
1537386683282 0.22907 0.92451 -0.304643 -0.643714 -0.939404 0.291962 0.17966 -0.25445 0.255042 0.245028 0.935369 0.377754 0.316241 -0.38488 0.867098 0.400864 -0.930001 -0.306251 0.203246 -0.504429 0.187325 -0.870677 -0.454788 0.485926 
1537386683287 0.229421 0.924564 -0.304218 -0.643665 -0.939443 0.292092 0.179247 -0.254466 0.254585 0.244672 0.935586 0.377701 0.316241 -0.38488 0.867098 0.400864 -0.930001 -0.306251 0.203246 -0.504429 0.187325 -0.870677 -0.454788 0.485926 
1537386683445 0.229771 0.924617 -0.303792 -0.643616 -0.939481 0.292222 0.178834 -0.254482 0.254128 0.244316 0.935804 0.377647 0.316241 -0.38488 0.867098 0.400864 -0.930001 -0.306251 0.203246 -0.504429 0.187325 -0.870677 -0.454788 0.485926 
1537386683470 0.23012 0.924669 -0.303367 -0.643567 -0.939519 0.292353 0.178422 -0.254497 0.253671 0.24396 0.936021 0.377593 0.316241 -0.38488 0.867098 0.400864 -0.930001 -0.306251 0.203246 -0.504429 0.187325 -0.870677 -0.454788 0.485926 
1537386683510 0.23047 0.924722 -0.302941 -0.64352 -0.939556 0.292484 0.178009 -0.254514 0.253214 0.243604 0.936237 0.377539 0.316531 -0.385118 0.866887 0.401814 -0.929976 -0.306103 0.20358 -0.50615 0.186955 -0.870623 -0.455042 0.486735 
1537386683674 0.229647 0.92462 -0.303877 -0.643611 -0.939458 0.292172 0.179035 -0.254466 0.254323 0.244365 0.935738 0.377673 0.16008 -0.304787 0.938871 0.370831 -0.775623 0.549475 0.310623 -0.528794 -0.61056 -0.777934 -0.14844 0.432481 
1537386683686 0.230435 0.924499 -0.303648 -0.643389 -0.939329 0.292813 0.178665 -0.254366 0.254087 0.244054 0.935883 0.377688 0.316241 -0.38488 0.867098 0.400864 -0.930001 -0.306251 0.203246 -0.504429 0.187325 -0.870677 -0.454788 0.485926 
1537386683712 0.231223 0.924377 -0.303419 -0.643168 -0.939199 0.293455 0.178295 -0.254266 0.253852 0.243745 0.936028 0.377702 0.316241 -0.38488 0.867098 0.400864 -0.930001 -0.306251 0.203246 -0.504429 0.187325 -0.870677 -0.454788 0.485926 
1537386683946 0.232012 0.924254 -0.30319 -0.642946 -0.939068 0.294097 0.177926 -0.254166 0.253616 0.243436 0.936172 0.377717 0.316241 -0.38488 0.867098 0.400864 -0.930001 -0.306251 0.203246 -0.504429 0.187325 -0.870677 -0.454788 0.485926 
1537386684149 0.2328 0.924131 -0.302961 -0.642725 -0.938937 0.294738 0.177556 -0.254066 0.25338 0.243126 0.936316 0.377732 0.316241 -0.38488 0.867098 0.400864 -0.930001 -0.306251 0.203246 -0.504429 0.187325 -0.870677 -0.454788 0.485926 
1537386684325 0.233587 0.924008 -0.302731 -0.642503 -0.938805 0.29538 0.177187 -0.253966 0.253143 0.242817 0.936461 0.377746 0.316241 -0.38488 0.867098 0.400864 -0.930001 -0.306251 0.203246 -0.504429 0.187325 -0.870677 -0.454788 0.485926 
1537386684512 0.234375 0.923884 -0.302501 -0.642282 -0.938673 0.296021 0.176818 -0.253865 0.252906 0.242508 0.936605 0.377761 0.316241 -0.38488 0.867098 0.400864 -0.930001 -0.306251 0.203246 -0.504429 0.187325 -0.870677 -0.454788 0.485926 
1537386684718 0.235163 0.923759 -0.302271 -0.64206 -0.93854 0.296663 0.176449 -0.253765 0.252669 0.242199 0.936749 0.377776 0.316241 -0.38488 0.867098 0.400864 -0.930001 -0.306251 0.203246 -0.504429 0.187325 -0.870677 -0.454788 0.485926 
1537386684898 0.23595 0.923634 -0.30204 -0.641838 -0.938406 0.297304 0.176081 -0.253665 0.252432 0.24189 0.936892 0.37779 0.316241 -0.38488 0.867098 0.400864 -0.930001 -0.306251 0.203246 -0.504429 0.187325 -0.870677 -0.454788 0.485926 
1537386685089 0.236727 0.923517 -0.30179 -0.641722 -0.938274 0.297933 0.175723 -0.253617 0.252196 0.241563 0.93704 0.377785 0.316531 -0.385118 0.866887 0.401814 -0.929976 -0.306103 0.20358 -0.50615 0.186955 -0.870623 -0.455042 0.486735 
1537386685253 0.235901 0.923687 -0.301915 -0.641839 -0.938415 0.297238 0.176147 -0.253566 0.252445 0.241768 0.93692 0.377773 0.16008 -0.304787 0.938871 0.370831 -0.775623 0.549475 0.310623 -0.528794 -0.61056 -0.777934 -0.14844 0.432481 
1537386685274 0.23617 0.923552 -0.30212 -0.641478 -0.938299 0.297577 0.176189 -0.253424 0.252624 0.241868 0.936846 0.3779 0.316241 -0.38488 0.867098 0.400864 -0.930001 -0.306251 0.203246 -0.504429 0.187325 -0.870677 -0.454788 0.485926 
1537386685517 0.236438 0.923416 -0.302325 -0.641117 -0.938183 0.297917 0.176232 -0.253282 0.252803 0.241968 0.936772 0.378027 0.316241 -0.38488 0.867098 0.400864 -0.930001 -0.306251 0.203246 -0.504429 0.187325 -0.870677 -0.454788 0.485926 
1537386685729 0.236705 0.92328 -0.302529 -0.640756 -0.938067 0.298256 0.176275 -0.25314 0.252982 0.242068 0.936698 0.378155 0.316241 -0.38488 0.867098 0.400864 -0.930001 -0.306251 0.203246 -0.504429 0.187325 -0.870677 -0.454788 0.485926 
1537386685939 0.236973 0.923144 -0.302734 -0.640395 -0.937951 0.298595 0.176318 -0.252998 0.253162 0.242168 0.936624 0.378282 0.316241 -0.38488 0.867098 0.400864 -0.930001 -0.306251 0.203246 -0.504429 0.187325 -0.870677 -0.454788 0.485926 
1537386686132 0.237241 0.923009 -0.302939 -0.640034 -0.937835 0.298935 0.17636 -0.252856 0.253341 0.242267 0.936549 0.378409 0.316241 -0.38488 0.867098 0.400864 -0.930001 -0.306251 0.203246 -0.504429 0.187325 -0.870677 -0.454788 0.485926 
1537386686360 0.237508 0.922872 -0.303144 -0.639673 -0.937719 0.299274 0.176403 -0.252713 0.25352 0.242367 0.936475 0.378537 0.316241 -0.38488 0.867098 0.400864 -0.930001 -0.306251 0.203246 -0.504429 0.187325 -0.870677 -0.454788 0.485926 
1537386686607 0.237776 0.922736 -0.303349 -0.639311 -0.937603 0.299613 0.176445 -0.252571 0.2537 0.242466 0.936401 0.378664 0.316241 -0.38488 0.867098 0.400864 -0.930001 -0.306251 0.203246 -0.504429 0.187325 -0.870677 -0.454788 0.485926 
1537386686822 0.238043 0.9226 -0.303554 -0.63895 -0.937486 0.299952 0.176488 -0.252429 0.253879 0.242566 0.936326 0.378791 0.316241 -0.38488 0.867098 0.400864 -0.930001 -0.306251 0.203246 -0.504429 0.187325 -0.870677 -0.454788 0.485926 
1537386687020 0.238295 0.922477 -0.303729 -0.638751 -0.937373 0.300272 0.176547 -0.252367 0.254062 0.242637 0.936258 0.378888 0.316531 -0.385118 0.866887 0.401814 -0.929976 -0.306103 0.20358 -0.50615 0.186955 -0.870623 -0.455042 0.486735 
1537386687181 0.237918 0.922637 -0.30354 -0.638978 -0.937538 0.299812 0.176451 -0.252366 0.253805 0.2426 0.936338 0.378785 0.16008 -0.304787 0.938871 0.370831 -0.775623 0.549475 0.310623 -0.528794 -0.61056 -0.777934 -0.14844 0.432481 
1537386687193 0.237869 0.922546 -0.303852 -0.638495 -0.937382 0.299987 0.176985 -0.252211 0.254429 0.242726 0.936136 0.378966 0.316241 -0.38488 0.867098 0.400864 -0.930001 -0.306251 0.203246 -0.504429 0.187325 -0.870677 -0.454788 0.485926 
1537386687199 0.237821 0.922456 -0.304166 -0.638012 -0.937224 0.300162 0.177519 -0.252056 0.255053 0.242854 0.935933 0.379148 0.316241 -0.38488 0.867098 0.400864 -0.930001 -0.306251 0.203246 -0.504429 0.187325 -0.870677 -0.454788 0.485926 
1537386687528 0.237772 0.922365 -0.304479 -0.637529 -0.937067 0.300338 0.178053 -0.251901 0.255676 0.242981 0.93573 0.379329 0.316241 -0.38488 0.867098 0.400864 -0.930001 -0.306251 0.203246 -0.504429 0.187325 -0.870677 -0.454788 0.485926 
1537386687757 0.237723 0.922274 -0.304792 -0.637046 -0.936909 0.300514 0.178586 -0.251746 0.2563 0.243108 0.935526 0.379511 0.316241 -0.38488 0.867098 0.400864 -0.930001 -0.306251 0.203246 -0.504429 0.187325 -0.870677 -0.454788 0.485926 
1537386687774 0.237674 0.922183 -0.305105 -0.636563 -0.936751 0.30069 0.17912 -0.25159 0.256923 0.243235 0.935322 0.379692 0.316241 -0.38488 0.867098 0.400864 -0.930001 -0.306251 0.203246 -0.504429 0.187325 -0.870677 -0.454788 0.485926 
1537386687996 0.237625 0.922092 -0.305418 -0.63608 -0.936592 0.300866 0.179653 -0.251435 0.257547 0.243362 0.935117 0.379874 0.316241 -0.38488 0.867098 0.400864 -0.930001 -0.306251 0.203246 -0.504429 0.187325 -0.870677 -0.454788 0.485926 
1537386688294 0.237575 0.922001 -0.305731 -0.635597 -0.936433 0.301042 0.180186 -0.25128 0.25817 0.243489 0.934913 0.380055 0.316241 -0.38488 0.867098 0.400864 -0.930001 -0.306251 0.203246 -0.504429 0.187325 -0.870677 -0.454788 0.485926 
1537386688301 0.237525 0.92191 -0.306044 -0.635114 -0.936273 0.301219 0.180719 -0.251125 0.258793 0.243616 0.934707 0.380236 0.316241 -0.38488 0.867098 0.400864 -0.930001 -0.306251 0.203246 -0.504429 0.187325 -0.870677 -0.454788 0.485926 
1537386688614 0.237458 0.921835 -0.306324 -0.634812 -0.936117 0.301373 0.181271 -0.251061 0.25942 0.243711 0.934509 0.380384 0.316531 -0.385118 0.866887 0.401814 -0.929976 -0.306103 0.20358 -0.50615 0.186955 -0.870623 -0.455042 0.486735 
1537386688825 0.237253 0.921958 -0.306113 -0.635075 -0.936315 0.300999 0.180866 -0.250997 0.258891 0.243707 0.934656 0.380237 0.16008 -0.304787 0.938871 0.370831 -0.775623 0.549475 0.310623 -0.528794 -0.61056 -0.777934 -0.14844 0.432481 
1537386688834 0.23716 0.921919 -0.306303 -0.63465 -0.936232 0.30105 0.181217 -0.250842 0.259279 0.243793 0.934526 0.380374 0.316241 -0.38488 0.867098 0.400864 -0.930001 -0.306251 0.203246 -0.504429 0.187325 -0.870677 -0.454788 0.485926 
1537386688899 0.237068 0.921879 -0.306492 -0.634226 -0.936147 0.301101 0.181567 -0.250686 0.259668 0.243878 0.934396 0.380511 0.316241 -0.38488 0.867098 0.400864 -0.930001 -0.306251 0.203246 -0.504429 0.187325 -0.870677 -0.454788 0.485926 
1537386689105 0.236976 0.92184 -0.306682 -0.633801 -0.936063 0.301153 0.181917 -0.250531 0.260056 0.243964 0.934266 0.380648 0.316241 -0.38488 0.867098 0.400864 -0.930001 -0.306251 0.203246 -0.504429 0.187325 -0.870677 -0.454788 0.485926 
1537386689108 0.236883 0.921801 -0.306871 -0.633377 -0.935978 0.301204 0.182267 -0.250375 0.260445 0.244049 0.934135 0.380785 0.316241 -0.38488 0.867098 0.400864 -0.930001 -0.306251 0.203246 -0.504429 0.187325 -0.870677 -0.454788 0.485926 
1537386689318 0.236791 0.921761 -0.307061 -0.632952 -0.935893 0.301256 0.182618 -0.25022 0.260834 0.244134 0.934005 0.380922 0.316241 -0.38488 0.867098 0.400864 -0.930001 -0.306251 0.203246 -0.504429 0.187325 -0.870677 -0.454788 0.485926 
1537386689605 0.236698 0.921722 -0.30725 -0.632528 -0.935808 0.301307 0.182968 -0.250064 0.261222 0.244219 0.933874 0.381058 0.316241 -0.38488 0.867098 0.400864 -0.930001 -0.306251 0.203246 -0.504429 0.187325 -0.870677 -0.454788 0.485926 
1537386689849 0.236606 0.921682 -0.307439 -0.632103 -0.935723 0.301358 0.183318 -0.249909 0.26161 0.244304 0.933743 0.381195 0.316241 -0.38488 0.867098 0.400864 -0.930001 -0.306251 0.203246 -0.504429 0.187325 -0.870677 -0.454788 0.485926 
1537386690063 0.236513 0.921643 -0.307629 -0.631678 -0.935638 0.30141 0.183668 -0.249753 0.261999 0.244389 0.933612 0.381332 0.316241 -0.38488 0.867098 0.400864 -0.930001 -0.306251 0.203246 -0.504429 0.187325 -0.870677 -0.454788 0.485926 
1537386690070 0.236406 0.921617 -0.30779 -0.631402 -0.935555 0.301443 0.184034 -0.249673 0.26239 0.244448 0.933486 0.381441 0.316531 -0.385118 0.866887 0.401814 -0.929976 -0.306103 0.20358 -0.50615 0.186955 -0.870623 -0.455042 0.486735 
1537386690397 0.236276 0.921687 -0.30768 -0.631593 -0.935682 0.30121 0.183769 -0.249646 0.262054 0.244471 0.933575 0.381364 0.16008 -0.304787 0.938871 0.370831 -0.775623 0.549475 0.310623 -0.528794 -0.61056 -0.777934 -0.14844 0.432481 
1537386690406 0.236279 0.921626 -0.307859 -0.631265 -0.935669 0.30126 0.183754 -0.249509 0.262099 0.244637 0.933519 0.381479 0.316241 -0.38488 0.867098 0.400864 -0.930001 -0.306251 0.203246 -0.504429 0.187325 -0.870677 -0.454788 0.485926 
1537386690424 0.236281 0.921566 -0.308038 -0.630937 -0.935656 0.30131 0.18374 -0.249372 0.262143 0.244803 0.933463 0.381595 0.316241 -0.38488 0.867098 0.400864 -0.930001 -0.306251 0.203246 -0.504429 0.187325 -0.870677 -0.454788 0.485926 
1537386690708 0.236284 0.921505 -0.308217 -0.63061 -0.935643 0.30136 0.183725 -0.249236 0.262188 0.244969 0.933406 0.38171 0.316241 -0.38488 0.867098 0.400864 -0.930001 -0.306251 0.203246 -0.504429 0.187325 -0.870677 -0.454788 0.485926 
1537386690916 0.236287 0.921445 -0.308395 -0.630282 -0.93563 0.30141 0.183711 -0.249099 0.262233 0.245135 0.93335 0.381825 0.316241 -0.38488 0.867098 0.400864 -0.930001 -0.306251 0.203246 -0.504429 0.187325 -0.870677 -0.454788 0.485926 
1537386691157 0.236289 0.921385 -0.308574 -0.629954 -0.935616 0.301459 0.183696 -0.248962 0.262277 0.245301 0.933294 0.381941 0.316241 -0.38488 0.867098 0.400864 -0.930001 -0.306251 0.203246 -0.504429 0.187325 -0.870677 -0.454788 0.485926 
1537386691173 0.236292 0.921324 -0.308752 -0.629626 -0.935603 0.301509 0.183682 -0.248825 0.262322 0.245467 0.933238 0.382056 0.316241 -0.38488 0.867098 0.400864 -0.930001 -0.306251 0.203246 -0.504429 0.187325 -0.870677 -0.454788 0.485926 
1537386691429 0.236294 0.921264 -0.308931 -0.629298 -0.93559 0.301559 0.183667 -0.248688 0.262367 0.245633 0.933182 0.382172 0.316241 -0.38488 0.867098 0.400864 -0.930001 -0.306251 0.203246 -0.504429 0.187325 -0.870677 -0.454788 0.485926 
1537386691634 0.236297 0.921203 -0.309109 -0.62897 -0.935577 0.301608 0.183653 -0.248552 0.262412 0.245799 0.933125 0.382287 0.316241 -0.38488 0.867098 0.400864 -0.930001 -0.306251 0.203246 -0.504429 0.187325 -0.870677 -0.454788 0.485926 
1537386691845 0.236287 0.921153 -0.309265 -0.628764 -0.935566 0.301643 0.183652 -0.248477 0.262459 0.245943 0.933074 0.382379 0.316531 -0.385118 0.866887 0.401814 -0.929976 -0.306103 0.20358 -0.50615 0.186955 -0.870623 -0.455042 0.486735 
1537386692008 0.236268 0.921176 -0.309212 -0.628966 -0.935566 0.301618 0.183689 -0.248568 0.262474 0.245888 0.933084 0.382266 0.16008 -0.304787 0.938871 0.370831 -0.775623 0.549475 0.310623 -0.528794 -0.61056 -0.777934 -0.14844 0.432481 
1537386692020 0.236366 0.921141 -0.309242 -0.628717 -0.935505 0.301751 0.183783 -0.248473 0.262604 0.245858 0.933056 0.382347 0.316241 -0.38488 0.867098 0.400864 -0.930001 -0.306251 0.203246 -0.504429 0.187325 -0.870677 -0.454788 0.485926 
1537386692036 0.236464 0.921106 -0.309272 -0.628469 -0.935444 0.301883 0.183876 -0.248377 0.262733 0.245827 0.933028 0.382428 0.316241 -0.38488 0.867098 0.400864 -0.930001 -0.306251 0.203246 -0.504429 0.187325 -0.870677 -0.454788 0.485926 
1537386692227 0.236561 0.921071 -0.309302 -0.62822 -0.935383 0.302015 0.183969 -0.248282 0.262862 0.245796 0.932999 0.382509 0.316241 -0.38488 0.867098 0.400864 -0.930001 -0.306251 0.203246 -0.504429 0.187325 -0.870677 -0.454788 0.485926 
1537386692406 0.236659 0.921035 -0.309333 -0.627971 -0.935322 0.302148 0.184062 -0.248186 0.262991 0.245766 0.932971 0.38259 0.316241 -0.38488 0.867098 0.400864 -0.930001 -0.306251 0.203246 -0.504429 0.187325 -0.870677 -0.454788 0.485926 
1537386692602 0.236757 0.921 -0.309363 -0.627722 -0.935261 0.30228 0.184155 -0.248091 0.263121 0.245735 0.932942 0.382671 0.316241 -0.38488 0.867098 0.400864 -0.930001 -0.306251 0.203246 -0.504429 0.187325 -0.870677 -0.454788 0.485926 
1537386692780 0.236854 0.920965 -0.309393 -0.627474 -0.9352 0.302413 0.184247 -0.247996 0.26325 0.245705 0.932914 0.382752 0.316241 -0.38488 0.867098 0.400864 -0.930001 -0.306251 0.203246 -0.504429 0.187325 -0.870677 -0.454788 0.485926 
1537386692971 0.236952 0.920929 -0.309423 -0.627225 -0.935139 0.302545 0.18434 -0.2479 0.263379 0.245674 0.932886 0.382833 0.316241 -0.38488 0.867098 0.400864 -0.930001 -0.306251 0.203246 -0.504429 0.187325 -0.870677 -0.454788 0.485926 
1537386693133 0.23705 0.920894 -0.309454 -0.626976 -0.935078 0.302677 0.184433 -0.247805 0.263508 0.245644 0.932857 0.382914 0.316241 -0.38488 0.867098 0.400864 -0.930001 -0.306251 0.203246 -0.504429 0.187325 -0.870677 -0.454788 0.485926 
1537386693310 0.237139 0.920866 -0.309468 -0.62681 -0.935019 0.302799 0.184535 -0.247752 0.263639 0.245598 0.932832 0.382979 0.316531 -0.385118 0.866887 0.401814 -0.929976 -0.306103 0.20358 -0.50615 0.186955 -0.870623 -0.455042 0.486735 
1537386693389 0.23725 0.920867 -0.309381 -0.627007 -0.935031 0.302848 0.184389 -0.247896 0.263493 0.245535 0.93289 0.382974 0.16008 -0.304787 0.938871 0.370831 -0.775623 0.549475 0.310623 -0.528794 -0.61056 -0.777934 -0.14844 0.432481 
1537386693395 0.237387 0.920825 -0.309401 -0.626789 -0.935005 0.302974 0.184317 -0.247778 0.263464 0.245537 0.932898 0.383038 0.316241 -0.38488 0.867098 0.400864 -0.930001 -0.306251 0.203246 -0.504429 0.187325 -0.870677 -0.454788 0.485926 
1537386693408 0.237521 0.920785 -0.309416 -0.62658 -0.934983 0.303092 0.184234 -0.247675 0.263421 0.245539 0.932909 0.383097 0.316241 -0.38488 0.867098 0.400864 -0.930001 -0.306251 0.203246 -0.504429 0.187325 -0.870677 -0.454788 0.485926 
1537386693577 0.237655 0.920745 -0.309432 -0.62637 -0.934961 0.303211 0.18415 -0.247572 0.263378 0.245543 0.93292 0.383156 0.316241 -0.38488 0.867098 0.400864 -0.930001 -0.306251 0.203246 -0.504429 0.187325 -0.870677 -0.454788 0.485926 
1537386693699 0.237788 0.920706 -0.309447 -0.626161 -0.934939 0.303329 0.184066 -0.247468 0.263335 0.245546 0.932932 0.383216 0.316241 -0.38488 0.867098 0.400864 -0.930001 -0.306251 0.203246 -0.504429 0.187325 -0.870677 -0.454788 0.485926 
1537386693793 0.237923 0.920666 -0.309464 -0.625951 -0.934917 0.303447 0.183982 -0.247365 0.263292 0.245549 0.932943 0.383275 0.316241 -0.38488 0.867098 0.400864 -0.930001 -0.306251 0.203246 -0.504429 0.187325 -0.870677 -0.454788 0.485926 
1537386693800 0.238056 0.920626 -0.309479 -0.625741 -0.934895 0.303566 0.183898 -0.247262 0.263249 0.245553 0.932954 0.383334 0.316241 -0.38488 0.867098 0.400864 -0.930001 -0.306251 0.203246 -0.504429 0.187325 -0.870677 -0.454788 0.485926 
1537386694025 0.23819 0.920586 -0.309495 -0.625532 -0.934873 0.303684 0.183814 -0.247159 0.263205 0.245556 0.932966 0.383393 0.316241 -0.38488 0.867098 0.400864 -0.930001 -0.306251 0.203246 -0.504429 0.187325 -0.870677 -0.454788 0.485926 
1537386694096 0.238324 0.920546 -0.309511 -0.625322 -0.934851 0.303803 0.18373 -0.247056 0.263162 0.245559 0.932977 0.383452 0.316241 -0.38488 0.867098 0.400864 -0.930001 -0.306251 0.203246 -0.504429 0.187325 -0.870677 -0.454788 0.485926 
1537386694255 0.23845 0.920513 -0.309512 -0.625187 -0.934831 0.303911 0.183655 -0.246991 0.263121 0.245549 0.932991 0.383497 0.316531 -0.385118 0.866887 0.401814 -0.929976 -0.306103 0.20358 -0.50615 0.186955 -0.870623 -0.455042 0.486735 
1537386694306 0.237962 0.920703 -0.309322 -0.625434 -0.934923 0.303442 0.183963 -0.24693 0.263237 0.245416 0.932994 0.383454 0.16008 -0.304787 0.938871 0.370831 -0.775623 0.549475 0.310623 -0.528794 -0.61056 -0.777934 -0.14844 0.432481 
1537386694319 0.238153 0.920659 -0.309305 -0.625232 -0.934906 0.30359 0.183805 -0.246821 0.263123 0.245397 0.933031 0.383507 0.316241 -0.38488 0.867098 0.400864 -0.930001 -0.306251 0.203246 -0.504429 0.187325 -0.870677 -0.454788 0.485926 
1537386694336 0.238344 0.920615 -0.309289 -0.625029 -0.934889 0.303737 0.183646 -0.246712 0.26301 0.24538 0.933067 0.383561 0.316241 -0.38488 0.867098 0.400864 -0.930001 -0.306251 0.203246 -0.504429 0.187325 -0.870677 -0.454788 0.485926 
1537386694487 0.238535 0.920571 -0.309274 -0.624827 -0.934872 0.303885 0.183487 -0.246603 0.262896 0.245363 0.933104 0.383614 0.316241 -0.38488 0.867098 0.400864 -0.930001 -0.306251 0.203246 -0.504429 0.187325 -0.870677 -0.454788 0.485926 
1537386694588 0.238726 0.920527 -0.309257 -0.624624 -0.934856 0.304032 0.183328 -0.246494 0.262783 0.245346 0.93314 0.383668 0.316241 -0.38488 0.867098 0.400864 -0.930001 -0.306251 0.203246 -0.504429 0.187325 -0.870677 -0.454788 0.485926 
1537386694595 0.238917 0.920483 -0.309242 -0.624422 -0.934839 0.30418 0.183169 -0.246386 0.262669 0.245329 0.933177 0.383721 0.316241 -0.38488 0.867098 0.400864 -0.930001 -0.306251 0.203246 -0.504429 0.187325 -0.870677 -0.454788 0.485926 
1537386694811 0.239108 0.920438 -0.309226 -0.624219 -0.934822 0.304327 0.18301 -0.246277 0.262555 0.245312 0.933213 0.383774 0.316241 -0.38488 0.867098 0.400864 -0.930001 -0.306251 0.203246 -0.504429 0.187325 -0.870677 -0.454788 0.485926 
1537386694860 0.239299 0.920394 -0.30921 -0.624017 -0.934805 0.304475 0.182851 -0.246168 0.262442 0.245295 0.93325 0.383828 0.316241 -0.38488 0.867098 0.400864 -0.930001 -0.306251 0.203246 -0.504429 0.187325 -0.870677 -0.454788 0.485926 
1537386695035 0.239489 0.92035 -0.309194 -0.623814 -0.934788 0.304622 0.182692 -0.246059 0.262328 0.245278 0.933286 0.383881 0.316241 -0.38488 0.867098 0.400864 -0.930001 -0.306251 0.203246 -0.504429 0.187325 -0.870677 -0.454788 0.485926 
1537386695093 0.239673 0.920312 -0.309164 -0.623684 -0.934773 0.30476 0.182541 -0.245987 0.262216 0.245248 0.933325 0.38392 0.316531 -0.385118 0.866887 0.401814 -0.929976 -0.306103 0.20358 -0.50615 0.186955 -0.870623 -0.455042 0.486735 
1537386695289 0.239434 0.920407 -0.309067 -0.623902 -0.934776 0.304569 0.182843 -0.246028 0.262423 0.24513 0.933298 0.383898 0.16008 -0.304787 0.938871 0.370831 -0.775623 0.549475 0.310623 -0.528794 -0.61056 -0.777934 -0.14844 0.432481 
1537386695294 0.239387 0.92035 -0.309273 -0.623658 -0.934752 0.304599 0.182913 -0.245958 0.262548 0.245307 0.933216 0.383982 0.316241 -0.38488 0.867098 0.400864 -0.930001 -0.306251 0.203246 -0.504429 0.187325 -0.870677 -0.454788 0.485926 
1537386695309 0.239341 0.920293 -0.309479 -0.623414 -0.934729 0.30463 0.182983 -0.245888 0.262674 0.245484 0.933135 0.384066 0.316241 -0.38488 0.867098 0.400864 -0.930001 -0.306251 0.203246 -0.504429 0.187325 -0.870677 -0.454788 0.485926 
1537386695532 0.239296 0.920235 -0.309685 -0.62317 -0.934705 0.304661 0.183052 -0.245819 0.2628 0.245661 0.933053 0.38415 0.316241 -0.38488 0.867098 0.400864 -0.930001 -0.306251 0.203246 -0.504429 0.187325 -0.870677 -0.454788 0.485926 
1537386695539 0.23925 0.920178 -0.30989 -0.622926 -0.934682 0.304691 0.183122 -0.245749 0.262926 0.245837 0.932971 0.384234 0.316241 -0.38488 0.867098 0.400864 -0.930001 -0.306251 0.203246 -0.504429 0.187325 -0.870677 -0.454788 0.485926 
1537386695774 0.239204 0.92012 -0.310097 -0.622682 -0.934658 0.304722 0.183191 -0.245679 0.263052 0.246015 0.932888 0.384317 0.316241 -0.38488 0.867098 0.400864 -0.930001 -0.306251 0.203246 -0.504429 0.187325 -0.870677 -0.454788 0.485926 
1537386695929 0.239158 0.920063 -0.310303 -0.622438 -0.934634 0.304753 0.183261 -0.24561 0.263177 0.246191 0.932806 0.384401 0.316241 -0.38488 0.867098 0.400864 -0.930001 -0.306251 0.203246 -0.504429 0.187325 -0.870677 -0.454788 0.485926 
1537386696109 0.239112 0.920005 -0.310509 -0.622194 -0.934611 0.304784 0.183331 -0.24554 0.263303 0.246368 0.932724 0.384485 0.316241 -0.38488 0.867098 0.400864 -0.930001 -0.306251 0.203246 -0.504429 0.187325 -0.870677 -0.454788 0.485926 
1537386696292 0.239066 0.919948 -0.310715 -0.62195 -0.934587 0.304814 0.1834 -0.24547 0.263429 0.246545 0.932642 0.384569 0.316241 -0.38488 0.867098 0.400864 -0.930001 -0.306251 0.203246 -0.504429 0.187325 -0.870677 -0.454788 0.485926 
1537386696476 0.239012 0.919897 -0.310905 -0.621784 -0.934565 0.304835 0.183479 -0.245441 0.263557 0.246708 0.932563 0.384638 0.316531 -0.385118 0.866887 0.401814 -0.929976 -0.306103 0.20358 -0.50615 0.186955 -0.870623 -0.455042 0.486735 
1537386696573 0.239078 0.919994 -0.310569 -0.622022 -0.93458 0.3048 0.183458 -0.245403 0.263441 0.246391 0.932679 0.384581 0.16008 -0.304787 0.938871 0.370831 -0.775623 0.549475 0.310623 -0.528794 -0.61056 -0.777934 -0.14844 0.432481 
1537386696593 0.239253 0.920023 -0.310347 -0.621713 -0.934541 0.304916 0.183465 -0.245305 0.263422 0.246138 0.932751 0.38465 0.316241 -0.38488 0.867098 0.400864 -0.930001 -0.306251 0.203246 -0.504429 0.187325 -0.870677 -0.454788 0.485926 
1537386696601 0.239428 0.920052 -0.310126 -0.621404 -0.934502 0.305032 0.183472 -0.245207 0.263402 0.245885 0.932824 0.384719 0.316241 -0.38488 0.867098 0.400864 -0.930001 -0.306251 0.203246 -0.504429 0.187325 -0.870677 -0.454788 0.485926 
1537386696762 0.239604 0.920081 -0.309905 -0.621096 -0.934462 0.305149 0.183479 -0.245109 0.263382 0.245632 0.932896 0.384788 0.316241 -0.38488 0.867098 0.400864 -0.930001 -0.306251 0.203246 -0.504429 0.187325 -0.870677 -0.454788 0.485926 
1537386696957 0.239779 0.92011 -0.309683 -0.620787 -0.934423 0.305265 0.183486 -0.245011 0.263363 0.245379 0.932968 0.384857 0.316241 -0.38488 0.867098 0.400864 -0.930001 -0.306251 0.203246 -0.504429 0.187325 -0.870677 -0.454788 0.485926 
1537386697151 0.239954 0.920139 -0.309462 -0.620478 -0.934383 0.305382 0.183493 -0.244913 0.263343 0.245127 0.93304 0.384926 0.316241 -0.38488 0.867098 0.400864 -0.930001 -0.306251 0.203246 -0.504429 0.187325 -0.870677 -0.454788 0.485926 
1537386697353 0.24013 0.920167 -0.309241 -0.620169 -0.934344 0.305498 0.1835 -0.244815 0.263323 0.244874 0.933112 0.384995 0.316241 -0.38488 0.867098 0.400864 -0.930001 -0.306251 0.203246 -0.504429 0.187325 -0.870677 -0.454788 0.485926 
1537386697516 0.240305 0.920196 -0.30902 -0.61986 -0.934305 0.305614 0.183507 -0.244717 0.263303 0.244621 0.933184 0.385064 0.316241 -0.38488 0.867098 0.400864 -0.930001 -0.306251 0.203246 -0.504429 0.187325 -0.870677 -0.454788 0.485926 
1537386697711 0.24048 0.920224 -0.308798 -0.619551 -0.934265 0.305731 0.183514 -0.244619 0.263283 0.244368 0.933256 0.385133 0.316241 -0.38488 0.867098 0.400864 -0.930001 -0.306251 0.203246 -0.504429 0.187325 -0.870677 -0.454788 0.485926 
1537386697881 0.240647 0.92026 -0.308562 -0.619321 -0.934227 0.305837 0.18353 -0.244562 0.263265 0.244101 0.933331 0.385186 0.316531 -0.385118 0.866887 0.401814 -0.929976 -0.306103 0.20358 -0.50615 0.186955 -0.870623 -0.455042 0.486735 
1537386697989 0.240276 0.920245 -0.308895 -0.619603 -0.934342 0.305534 0.183448 -0.244606 0.263195 0.244535 0.933237 0.385084 0.16008 -0.304787 0.938871 0.370831 -0.775623 0.549475 0.310623 -0.528794 -0.61056 -0.777934 -0.14844 0.432481 
1537386698008 0.240532 0.920301 -0.30853 -0.619283 -0.934318 0.305665 0.183353 -0.24445 0.263047 0.244163 0.933376 0.385138 0.316241 -0.38488 0.867098 0.400864 -0.930001 -0.306251 0.203246 -0.504429 0.187325 -0.870677 -0.454788 0.485926 
1537386698020 0.240786 0.920356 -0.308166 -0.618962 -0.934294 0.305794 0.18326 -0.244294 0.2629 0.243791 0.933515 0.385193 0.316241 -0.38488 0.867098 0.400864 -0.930001 -0.306251 0.203246 -0.504429 0.187325 -0.870677 -0.454788 0.485926 
1537386698235 0.241041 0.920411 -0.307802 -0.618641 -0.93427 0.305924 0.183166 -0.244138 0.262752 0.24342 0.933653 0.385247 0.316241 -0.38488 0.867098 0.400864 -0.930001 -0.306251 0.203246 -0.504429 0.187325 -0.870677 -0.454788 0.485926 
1537386698411 0.241295 0.920466 -0.307438 -0.618321 -0.934246 0.306054 0.183072 -0.243981 0.262605 0.243048 0.933791 0.385302 0.316241 -0.38488 0.867098 0.400864 -0.930001 -0.306251 0.203246 -0.504429 0.187325 -0.870677 -0.454788 0.485926 
1537386698610 0.24155 0.920521 -0.307075 -0.618 -0.934222 0.306184 0.182978 -0.243825 0.262457 0.242678 0.933929 0.385356 0.316241 -0.38488 0.867098 0.400864 -0.930001 -0.306251 0.203246 -0.504429 0.187325 -0.870677 -0.454788 0.485926 
1537386698820 0.241804 0.920576 -0.306711 -0.61768 -0.934197 0.306314 0.182885 -0.243669 0.262309 0.242306 0.934067 0.385411 0.316241 -0.38488 0.867098 0.400864 -0.930001 -0.306251 0.203246 -0.504429 0.187325 -0.870677 -0.454788 0.485926 
