1533738057135 0.168031 0.742919 -0.647949 -0.530526 -0.955501 0.284405 0.0783029 -0.183406 0.242453 0.605959 0.757648 0.407748 0.16008 -0.304787 0.938871 0.370831 -0.775623 0.549475 0.310623 -0.528794 -0.61056 -0.777934 -0.14844 0.432481 
1533738057148 0.182187 0.772101 -0.608825 -0.537574 -0.955339 0.285518 0.0762097 -0.183853 0.232672 0.567749 0.789636 0.400486 0.316231 -0.384871 0.867106 0.40083 -0.930001 -0.306257 0.203234 -0.504368 0.187338 -0.870678 -0.454779 0.485897 
1533738058058 0.195825 0.799307 -0.568121 -0.544626 -0.955137 0.286725 0.0741774 -0.184307 0.222185 0.528108 0.819595 0.39322 0.316231 -0.384871 0.867106 0.40083 -0.930001 -0.306257 0.203234 -0.504368 0.187338 -0.870678 -0.454779 0.485897 
1533738058929 0.208911 0.824463 -0.525944 -0.551678 -0.954896 0.288026 0.0722097 -0.184764 0.21102 0.487137 0.847448 0.385953 0.316231 -0.384871 0.867106 0.40083 -0.930001 -0.306257 0.203234 -0.504368 0.187338 -0.870678 -0.454779 0.485897 
1533738059769 0.221414 0.847504 -0.482404 -0.55873 -0.954617 0.289419 0.0703108 -0.18522 0.199205 0.444943 0.873122 0.378685 0.316231 -0.384871 0.867106 0.40083 -0.930001 -0.306257 0.203234 -0.504368 0.187338 -0.870678 -0.454779 0.485897 
1533738060574 0.2333 0.86837 -0.437613 -0.565782 -0.9543 0.290899 0.0684854 -0.185677 0.186772 0.401636 0.896552 0.371418 0.316231 -0.384871 0.867106 0.40083 -0.930001 -0.306257 0.203234 -0.504368 0.187338 -0.870678 -0.454779 0.485897 
1533738061374 0.244539 0.887008 -0.391686 -0.572832 -0.953945 0.292463 0.0667382 -0.186132 0.173751 0.357327 0.917675 0.364151 0.316231 -0.384871 0.867106 0.40083 -0.930001 -0.306257 0.203234 -0.504368 0.187338 -0.870678 -0.454779 0.485897 
1533738062181 0.255102 0.903369 -0.344743 -0.57988 -0.953555 0.294107 0.0650736 -0.186586 0.160177 0.312131 0.936439 0.356885 0.316231 -0.384871 0.867106 0.40083 -0.930001 -0.306257 0.203234 -0.504368 0.187338 -0.870678 -0.454779 0.485897 
1533738062994 0.264962 0.917411 -0.296906 -0.586924 -0.953129 0.295827 0.0634961 -0.18704 0.146085 0.266166 0.952793 0.34962 0.316231 -0.384871 0.867106 0.40083 -0.930001 -0.306257 0.203234 -0.504368 0.187338 -0.870678 -0.454779 0.485897 
1533738063805 0.274249 0.928974 -0.248587 -0.592396 -0.95262 0.297796 0.0619086 -0.186898 0.13154 0.219831 0.966629 0.342777 0.316442 -0.385045 0.866951 0.401525 -0.929984 -0.306148 0.203478 -0.505625 0.187068 -0.87064 -0.454964 0.486487 
1533738064628 0.274639 0.928611 -0.24951 -0.592273 -0.952412 0.298396 0.0622192 -0.186995 0.13223 0.220548 0.966371 0.342956 0.316442 -0.385045 0.866951 0.401525 -0.929984 -0.306148 0.203478 -0.505625 0.187068 -0.87064 -0.454964 0.486487 
1533738064639 0.275461 0.929702 -0.24449 -0.59315 -0.952389 0.298503 0.0620567 -0.187091 0.130675 0.215756 0.967664 0.342168 0.316221 -0.384863 0.867113 0.400797 -0.930002 -0.306262 0.203223 -0.504308 0.187351 -0.87068 -0.45477 0.485869 
1533738064919 0.276274 0.930768 -0.239464 -0.594027 -0.952366 0.298609 0.0618956 -0.187188 0.129117 0.210957 0.96893 0.341381 0.316221 -0.384863 0.867113 0.400797 -0.930002 -0.306262 0.203223 -0.504308 0.187351 -0.87068 -0.45477 0.485869 
1533738065198 0.277079 0.93181 -0.234431 -0.594909 -0.952343 0.298716 0.0617352 -0.187286 0.127554 0.206153 0.970171 0.340593 0.316221 -0.384863 0.867113 0.400796 -0.930002 -0.306262 0.203223 -0.504306 0.187351 -0.87068 -0.45477 0.485868 
1533738065486 0.277875 0.932826 -0.229392 -0.595787 -0.95232 0.298824 0.0615752 -0.187382 0.125987 0.201344 0.971385 0.339805 0.316221 -0.384863 0.867113 0.400796 -0.930002 -0.306262 0.203223 -0.504306 0.187351 -0.87068 -0.45477 0.485868 
1533738065770 0.278664 0.933818 -0.224346 -0.596667 -0.952296 0.298933 0.0614158 -0.18748 0.124416 0.19653 0.972572 0.339017 0.31622 -0.384863 0.867113 0.400796 -0.930002 -0.306262 0.203222 -0.504306 0.187351 -0.87068 -0.454769 0.485868 
1533738066053 0.279444 0.934784 -0.219294 -0.597548 -0.952272 0.299042 0.0612571 -0.187577 0.12284 0.19171 0.973734 0.338228 0.31622 -0.384863 0.867113 0.400796 -0.930002 -0.306262 0.203222 -0.504305 0.187351 -0.87068 -0.45477 0.485867 
1533738066334 0.280216 0.935725 -0.214237 -0.598427 -0.952247 0.299152 0.0610988 -0.187674 0.121261 0.186886 0.974869 0.337441 0.31622 -0.384863 0.867113 0.400796 -0.930002 -0.306262 0.203222 -0.504305 0.187351 -0.87068 -0.45477 0.485867 
1533738066621 0.280979 0.936641 -0.209173 -0.599308 -0.952223 0.299263 0.0609412 -0.187772 0.119678 0.182056 0.975978 0.336652 0.316221 -0.384863 0.867113 0.400795 -0.930002 -0.306262 0.203223 -0.504305 0.187351 -0.87068 -0.45477 0.485867 
1533738066906 0.281735 0.937532 -0.204104 -0.600187 -0.952197 0.299375 0.0607841 -0.187869 0.118091 0.177223 0.97706 0.335864 0.316221 -0.384863 0.867113 0.400795 -0.930002 -0.306262 0.203223 -0.504305 0.187351 -0.87068 -0.45477 0.485867 
1533738067193 0.281536 0.937422 -0.204886 -0.60009 -0.952218 0.299287 0.060886 -0.187813 0.118396 0.177954 0.97689 0.335942 0.316221 -0.384863 0.867113 0.400795 -0.930002 -0.306262 0.203223 -0.504305 0.187351 -0.87068 -0.45477 0.485867 
1533738067206 0.281988 0.937287 -0.204881 -0.600129 -0.952182 0.299584 0.0599981 -0.187857 0.117615 0.178166 0.976946 0.335867 0.31622 -0.384863 0.867113 0.400795 -0.930002 -0.306262 0.203222 -0.504304 0.187351 -0.87068 -0.454769 0.485867 
1533738067223 0.282439 0.937152 -0.204876 -0.600168 -0.952144 0.29988 0.0591089 -0.187899 0.116832 0.178377 0.977001 0.335793 0.31622 -0.384863 0.867113 0.400795 -0.930002 -0.306262 0.203222 -0.504304 0.187351 -0.87068 -0.454769 0.485867 
1533738067330 0.282891 0.937017 -0.204871 -0.600207 -0.952106 0.300175 0.05822 -0.187941 0.11605 0.178589 0.977056 0.335718 0.31622 -0.384863 0.867113 0.400795 -0.930002 -0.306262 0.203222 -0.504304 0.187351 -0.87068 -0.454769 0.485867 
1533738067353 0.283342 0.936882 -0.204864 -0.600247 -0.952067 0.30047 0.0573309 -0.187984 0.115268 0.1788 0.97711 0.335644 0.31622 -0.384863 0.867113 0.400795 -0.930002 -0.306262 0.203222 -0.504304 0.187351 -0.87068 -0.454769 0.485867 
1533738067385 0.283793 0.936747 -0.204858 -0.600287 -0.952027 0.300765 0.056442 -0.188025 0.114486 0.179013 0.977163 0.33557 0.31622 -0.384863 0.867113 0.400795 -0.930002 -0.306262 0.203222 -0.504304 0.187351 -0.87068 -0.454769 0.485867 
1533738067454 0.284245 0.936611 -0.204851 -0.600327 -0.951986 0.301061 0.0555523 -0.188068 0.113704 0.179225 0.977215 0.335495 0.31622 -0.384863 0.867113 0.400795 -0.930002 -0.306262 0.203222 -0.504304 0.187351 -0.87068 -0.454769 0.485867 
1533738067481 0.284696 0.936476 -0.204844 -0.600366 -0.951944 0.301355 0.0546631 -0.188111 0.112921 0.179438 0.977267 0.335421 0.31622 -0.384863 0.867113 0.400795 -0.930002 -0.306262 0.203222 -0.504304 0.187351 -0.87068 -0.454769 0.485867 
1533738067522 0.285147 0.93634 -0.204836 -0.600406 -0.951901 0.301649 0.0537739 -0.188153 0.112139 0.17965 0.977318 0.335346 0.31622 -0.384863 0.867113 0.400795 -0.930002 -0.306262 0.203222 -0.504304 0.187351 -0.87068 -0.454769 0.485867 
1533738067575 0.285598 0.936205 -0.204828 -0.600445 -0.951858 0.301943 0.0528846 -0.188196 0.111357 0.179863 0.977368 0.335272 0.31622 -0.384863 0.867113 0.400795 -0.930002 -0.306262 0.203222 -0.504304 0.187351 -0.87068 -0.454769 0.485867 
1533738067621 0.284759 0.936463 -0.204818 -0.600312 -0.951896 0.301462 0.0549145 -0.188146 0.11317 0.179328 0.977258 0.335416 0.31622 -0.384863 0.867113 0.400795 -0.930002 -0.306262 0.203222 -0.504304 0.187351 -0.87068 -0.454769 0.485867 
1533738067632 0.285134 0.936405 -0.204557 -0.600363 -0.95187 0.301676 0.054169 -0.188172 0.112434 0.179267 0.977355 0.335356 0.31622 -0.384863 0.867113 0.400795 -0.930002 -0.306262 0.203222 -0.504304 0.187351 -0.87068 -0.454769 0.485867 
1533738067649 0.285509 0.936348 -0.204295 -0.600418 -0.951845 0.301891 0.0534238 -0.1882 0.111698 0.179204 0.97745 0.335294 0.31622 -0.384863 0.867113 0.400795 -0.930002 -0.306262 0.203222 -0.504304 0.187351 -0.87068 -0.454769 0.485867 
1533738067656 0.285884 0.936291 -0.204033 -0.600474 -0.951818 0.302105 0.0526787 -0.188227 0.110962 0.179142 0.977546 0.335233 0.31622 -0.384863 0.867113 0.400795 -0.930002 -0.306262 0.203222 -0.504304 0.187351 -0.87068 -0.454769 0.485867 
1533738067669 0.286259 0.936234 -0.20377 -0.600529 -0.951791 0.302319 0.0519336 -0.188255 0.110225 0.17908 0.97764 0.335171 0.31622 -0.384863 0.867113 0.400795 -0.930002 -0.306262 0.203222 -0.504304 0.187351 -0.87068 -0.454769 0.485867 
1533738067774 0.286633 0.936176 -0.203507 -0.600584 -0.951763 0.302533 0.0511885 -0.188282 0.109489 0.179018 0.977735 0.33511 0.31622 -0.384863 0.867113 0.400795 -0.930002 -0.306262 0.203222 -0.504304 0.187351 -0.87068 -0.454769 0.485867 
1533738067790 0.287007 0.936119 -0.203243 -0.60064 -0.951735 0.302747 0.0504435 -0.18831 0.108752 0.178956 0.977828 0.335048 0.31622 -0.384863 0.867113 0.400795 -0.930002 -0.306262 0.203222 -0.504304 0.187351 -0.87068 -0.454769 0.485867 
1533738067797 0.287381 0.936062 -0.202979 -0.600695 -0.951706 0.302961 0.0496984 -0.188337 0.108016 0.178894 0.977921 0.334987 0.31622 -0.384863 0.867113 0.400795 -0.930002 -0.306262 0.203222 -0.504304 0.187351 -0.87068 -0.454769 0.485867 
1533738067894 0.287755 0.936004 -0.202715 -0.600751 -0.951677 0.303175 0.0489535 -0.188365 0.107279 0.178833 0.978013 0.334925 0.31622 -0.384863 0.867113 0.400795 -0.930002 -0.306262 0.203222 -0.504304 0.187351 -0.87068 -0.454769 0.485867 
1533738067901 0.288129 0.935946 -0.202451 -0.600806 -0.951646 0.30339 0.0482085 -0.188393 0.106542 0.178771 0.978105 0.334864 0.31622 -0.384863 0.867113 0.400795 -0.930002 -0.306262 0.203222 -0.504304 0.187351 -0.87068 -0.454769 0.485867 
1533738067959 0.287022 0.936166 -0.203005 -0.600657 -0.95176 0.302699 0.0502509 -0.188252 0.108493 0.178789 0.977887 0.335066 0.31622 -0.384863 0.867113 0.400795 -0.930002 -0.306262 0.203222 -0.504304 0.187351 -0.87068 -0.454769 0.485867 
1533738067972 0.287252 0.936147 -0.202768 -0.600693 -0.951729 0.30285 0.049936 -0.188262 0.108156 0.178636 0.977953 0.335041 0.31622 -0.384863 0.867113 0.400795 -0.930002 -0.306262 0.203222 -0.504304 0.187351 -0.87068 -0.454769 0.485867 
1533738067989 0.287482 0.936128 -0.202529 -0.600733 -0.951698 0.302999 0.0496216 -0.188274 0.107818 0.178482 0.978018 0.335014 0.31622 -0.384863 0.867113 0.400795 -0.930002 -0.306262 0.203222 -0.504304 0.187351 -0.87068 -0.45477 0.485867 
1533738067995 0.287711 0.936109 -0.202291 -0.600772 -0.951667 0.303148 0.0493072 -0.188286 0.107481 0.178327 0.978083 0.334988 0.31622 -0.384863 0.867113 0.400795 -0.930002 -0.306262 0.203222 -0.504304 0.187351 -0.87068 -0.45477 0.485867 
1533738068008 0.287941 0.93609 -0.202052 -0.600812 -0.951636 0.303297 0.0489929 -0.188297 0.107144 0.178173 0.978149 0.334962 0.31622 -0.384863 0.867113 0.400795 -0.930002 -0.306262 0.203222 -0.504304 0.187351 -0.87068 -0.45477 0.485867 
1533738068025 0.28817 0.936071 -0.201813 -0.600851 -0.951604 0.303447 0.0486785 -0.188309 0.106806 0.178018 0.978214 0.334936 0.31622 -0.384863 0.867113 0.400795 -0.930002 -0.306262 0.203222 -0.504304 0.187351 -0.87068 -0.45477 0.485867 
1533738068042 0.288399 0.936052 -0.201574 -0.600892 -0.951572 0.303596 0.0483643 -0.188321 0.106469 0.177864 0.978279 0.334909 0.31622 -0.384863 0.867113 0.400795 -0.930002 -0.306262 0.203222 -0.504304 0.187351 -0.87068 -0.45477 0.485867 
1533738068058 0.288629 0.936033 -0.201335 -0.600931 -0.951541 0.303746 0.04805 -0.188332 0.106131 0.17771 0.978343 0.334883 0.31622 -0.384863 0.867113 0.400795 -0.930002 -0.306262 0.203222 -0.504304 0.187351 -0.87068 -0.45477 0.485867 
1533738068095 0.288858 0.936014 -0.201096 -0.60097 -0.951509 0.303895 0.0477358 -0.188344 0.105793 0.177556 0.978408 0.334857 0.31622 -0.384863 0.867113 0.400795 -0.930002 -0.306262 0.203222 -0.504304 0.187351 -0.87068 -0.45477 0.485867 
1533738068141 0.289087 0.935994 -0.200856 -0.601011 -0.951477 0.304045 0.0474217 -0.188356 0.105456 0.177401 0.978472 0.33483 0.31622 -0.384863 0.867113 0.400795 -0.930002 -0.306262 0.203222 -0.504304 0.187351 -0.87068 -0.45477 0.485867 
1533738068167 0.28845 0.935984 -0.201819 -0.600875 -0.951548 0.303673 0.0483569 -0.188392 0.106548 0.178092 0.978228 0.334865 0.31622 -0.384863 0.867113 0.400795 -0.930002 -0.306262 0.203222 -0.504304 0.187351 -0.87068 -0.45477 0.485867 
1533738068178 0.288507 0.936 -0.201663 -0.600896 -0.951559 0.303675 0.0481392 -0.188392 0.106298 0.178005 0.978271 0.334842 0.31622 -0.384863 0.867113 0.400795 -0.930002 -0.306262 0.203222 -0.504304 0.187351 -0.87068 -0.45477 0.485867 
1533738068195 0.288564 0.936016 -0.201507 -0.600922 -0.95157 0.303676 0.0479215 -0.188394 0.106048 0.17792 0.978314 0.334818 0.31622 -0.384863 0.867113 0.400795 -0.930002 -0.306262 0.203222 -0.504304 0.187351 -0.87068 -0.45477 0.485867 
1533738068211 0.288621 0.936032 -0.201351 -0.600948 -0.95158 0.303676 0.0477039 -0.188396 0.105798 0.177834 0.978357 0.334795 0.31622 -0.384863 0.867113 0.400795 -0.930002 -0.306262 0.203222 -0.504304 0.187351 -0.87068 -0.45477 0.485867 
1533738068228 0.288677 0.936048 -0.201196 -0.600975 -0.951591 0.303677 0.0474862 -0.188398 0.105548 0.177748 0.978399 0.334771 0.31622 -0.384863 0.867113 0.400795 -0.930002 -0.306262 0.203222 -0.504304 0.187351 -0.87068 -0.45477 0.485867 
1533738068245 0.288734 0.936064 -0.20104 -0.601001 -0.951601 0.303678 0.0472686 -0.1884 0.105298 0.177662 0.978442 0.334746 0.31622 -0.384863 0.867113 0.400795 -0.930002 -0.306262 0.203222 -0.504304 0.187351 -0.87068 -0.45477 0.485867 
1533738068261 0.28879 0.93608 -0.200884 -0.601026 -0.951612 0.303679 0.0470509 -0.188402 0.105048 0.177576 0.978484 0.334723 0.31622 -0.384863 0.867113 0.400795 -0.930002 -0.306262 0.203222 -0.504304 0.187351 -0.87068 -0.45477 0.485867 
1533738068278 0.288847 0.936096 -0.200729 -0.601052 -0.951622 0.30368 0.0468332 -0.188403 0.104798 0.17749 0.978527 0.334699 0.31622 -0.384863 0.867113 0.400795 -0.930002 -0.306262 0.203222 -0.504304 0.187351 -0.87068 -0.45477 0.485867 
1533738068295 0.288903 0.936112 -0.200573 -0.601079 -0.951633 0.303681 0.0466156 -0.188406 0.104548 0.177404 0.978569 0.334675 0.31622 -0.384863 0.867113 0.400795 -0.930002 -0.306262 0.203222 -0.504304 0.187351 -0.87068 -0.45477 0.485867 
1533738068302 0.28896 0.936128 -0.200417 -0.601104 -0.951643 0.303682 0.0463979 -0.188407 0.104297 0.177318 0.978611 0.334651 0.31622 -0.384863 0.867113 0.400795 -0.930002 -0.306262 0.203222 -0.504304 0.187351 -0.87068 -0.45477 0.485867 
1533738068356 0.288843 0.93601 -0.201134 -0.600975 -0.951537 0.303843 0.0475034 -0.188377 0.105577 0.177666 0.978411 0.334772 0.31622 -0.384863 0.867113 0.400795 -0.930002 -0.306262 0.203222 -0.504304 0.187351 -0.87068 -0.45477 0.485867 
1533738068369 0.288904 0.936039 -0.200911 -0.60099 -0.951516 0.303895 0.0475908 -0.188379 0.105603 0.177421 0.978453 0.334744 0.31622 -0.384863 0.867113 0.400795 -0.930002 -0.306262 0.203222 -0.504304 0.187351 -0.87068 -0.45477 0.485867 
1533738068375 0.288963 0.936069 -0.200687 -0.60101 -0.951495 0.303947 0.0476788 -0.188383 0.105629 0.177175 0.978495 0.334715 0.31622 -0.384863 0.867113 0.400795 -0.930002 -0.306262 0.203222 -0.504304 0.187351 -0.87068 -0.45477 0.485867 
1533738068389 0.289023 0.936099 -0.200463 -0.60103 -0.951474 0.303999 0.0477669 -0.188387 0.105655 0.176929 0.978536 0.334686 0.31622 -0.384863 0.867113 0.400795 -0.930002 -0.306262 0.203222 -0.504304 0.187351 -0.87068 -0.45477 0.485867 
1533738068406 0.289083 0.936128 -0.200238 -0.60105 -0.951453 0.304051 0.0478549 -0.188391 0.105681 0.176683 0.978578 0.334657 0.31622 -0.384863 0.867113 0.400795 -0.930002 -0.306262 0.203222 -0.504304 0.187351 -0.87068 -0.45477 0.485867 
1533738068422 0.289143 0.936157 -0.200014 -0.601069 -0.951432 0.304103 0.047943 -0.188395 0.105707 0.176438 0.978619 0.334629 0.31622 -0.384863 0.867113 0.400795 -0.930002 -0.306262 0.203222 -0.504304 0.187351 -0.87068 -0.45477 0.485867 
1533738068494 0.289202 0.936187 -0.19979 -0.601089 -0.951411 0.304155 0.0480311 -0.188399 0.105733 0.176192 0.978661 0.3346 0.31622 -0.384863 0.867113 0.400795 -0.930002 -0.306262 0.203222 -0.504304 0.187351 -0.87068 -0.45477 0.485867 
1533738068501 0.289262 0.936216 -0.199566 -0.601108 -0.95139 0.304207 0.0481191 -0.188403 0.105759 0.175946 0.978702 0.334571 0.31622 -0.384863 0.867113 0.400795 -0.930002 -0.306262 0.203222 -0.504304 0.187351 -0.87068 -0.45477 0.485867 
1533738068514 0.289322 0.936246 -0.199342 -0.601129 -0.951369 0.304259 0.0482073 -0.188407 0.105785 0.1757 0.978744 0.334542 0.31622 -0.384863 0.867113 0.400795 -0.930002 -0.306262 0.203222 -0.504304 0.187351 -0.87068 -0.45477 0.485867 
1533738068568 0.289381 0.936275 -0.199117 -0.601148 -0.951348 0.304311 0.0482954 -0.188411 0.105811 0.175454 0.978785 0.334513 0.31622 -0.384863 0.867113 0.400795 -0.930002 -0.306262 0.203222 -0.504304 0.187351 -0.87068 -0.45477 0.485867 
1533738068603 0.289138 0.936182 -0.199908 -0.60107 -0.951427 0.304103 0.0480345 -0.18837 0.105762 0.176309 0.978637 0.334649 0.31622 -0.384863 0.867113 0.400795 -0.930002 -0.306262 0.203222 -0.504304 0.187351 -0.87068 -0.45477 0.485867 
1533738068614 0.289166 0.936196 -0.199801 -0.601076 -0.951411 0.304138 0.0481326 -0.188361 0.105829 0.176175 0.978654 0.334639 0.31622 -0.384863 0.867113 0.400795 -0.930002 -0.306262 0.203222 -0.504304 0.187351 -0.87068 -0.45477 0.485867 
1533738068630 0.289193 0.93621 -0.199693 -0.601085 -0.951396 0.304171 0.0482306 -0.188353 0.105895 0.176039 0.978671 0.334627 0.31622 -0.384863 0.867113 0.400795 -0.930002 -0.306262 0.203222 -0.504304 0.187351 -0.87068 -0.45477 0.485867 
1533738068647 0.28922 0.936225 -0.199586 -0.601095 -0.95138 0.304205 0.0483286 -0.188345 0.105961 0.175904 0.978688 0.334615 0.31622 -0.384863 0.867113 0.400795 -0.930002 -0.306262 0.203222 -0.504304 0.187351 -0.87068 -0.45477 0.485867 
1533738068664 0.289248 0.936239 -0.199478 -0.601103 -0.951364 0.304238 0.0484265 -0.188337 0.106028 0.175769 0.978705 0.334604 0.31622 -0.384863 0.867113 0.400795 -0.930002 -0.306262 0.203222 -0.504304 0.187351 -0.87068 -0.45477 0.485867 
1533738068680 0.289275 0.936254 -0.199371 -0.601113 -0.951349 0.304272 0.0485246 -0.188329 0.106094 0.175634 0.978722 0.334592 0.31622 -0.384863 0.867113 0.400795 -0.930002 -0.306262 0.203222 -0.504304 0.187351 -0.87068 -0.45477 0.485867 
1533738068697 0.289302 0.936268 -0.199263 -0.601124 -0.951333 0.304305 0.0486226 -0.188321 0.106161 0.175499 0.978739 0.33458 0.31622 -0.384863 0.867113 0.400795 -0.930002 -0.306262 0.203222 -0.504304 0.187351 -0.87068 -0.45477 0.485867 
1533738068704 0.28933 0.936283 -0.199155 -0.601133 -0.951317 0.304339 0.0487206 -0.188313 0.106227 0.175363 0.978756 0.334569 0.31622 -0.384863 0.867113 0.400795 -0.930002 -0.306262 0.203222 -0.504304 0.187351 -0.87068 -0.45477 0.485867 
1533738068717 0.289357 0.936297 -0.199048 -0.601142 -0.951301 0.304372 0.0488186 -0.188305 0.106293 0.175228 0.978773 0.334558 0.31622 -0.384863 0.867113 0.400795 -0.930002 -0.306262 0.203222 -0.504304 0.187351 -0.87068 -0.45477 0.485867 
1533738068734 0.289384 0.936312 -0.19894 -0.601152 -0.951286 0.304405 0.0489167 -0.188298 0.10636 0.175093 0.97879 0.334546 0.31622 -0.384863 0.867113 0.400795 -0.930002 -0.306262 0.203222 -0.504304 0.187351 -0.87068 -0.45477 0.485867 
1533738068754 0.289295 0.93627 -0.199268 -0.601118 -0.951357 0.304262 0.0484215 -0.188383 0.105965 0.175567 0.978748 0.334548 0.31622 -0.384863 0.867113 0.400795 -0.930002 -0.306262 0.203222 -0.504304 0.187351 -0.87068 -0.45477 0.485867 
1533738068771 0.28923 0.936294 -0.19925 -0.601119 -0.951375 0.304199 0.0484518 -0.188391 0.105977 0.175548 0.97875 0.334572 0.31622 -0.384863 0.867113 0.400795 -0.930002 -0.306262 0.203222 -0.504304 0.187351 -0.87068 -0.45477 0.485867 
1533738068787 0.289164 0.936318 -0.199232 -0.601122 -0.951394 0.304137 0.0484827 -0.188401 0.105989 0.175529 0.978752 0.334596 0.31622 -0.384863 0.867113 0.400795 -0.930002 -0.306262 0.203222 -0.504304 0.187351 -0.87068 -0.45477 0.485867 
1533738068804 0.289099 0.936342 -0.199214 -0.601127 -0.951412 0.304074 0.0485136 -0.188412 0.106001 0.175509 0.978754 0.33462 0.31622 -0.384863 0.867113 0.400795 -0.930002 -0.306262 0.203222 -0.504304 0.187351 -0.87068 -0.45477 0.485867 
1533738068821 0.289034 0.936366 -0.199195 -0.601132 -0.951431 0.304011 0.0485446 -0.188423 0.106013 0.175489 0.978757 0.334643 0.31622 -0.384863 0.867113 0.400795 -0.930002 -0.306262 0.203222 -0.504304 0.187351 -0.87068 -0.45477 0.485867 
1533738068837 0.288969 0.93639 -0.199177 -0.601137 -0.951449 0.303948 0.0485755 -0.188434 0.106025 0.17547 0.978759 0.334667 0.31622 -0.384863 0.867113 0.400795 -0.930002 -0.306262 0.203222 -0.504304 0.187351 -0.87068 -0.45477 0.485867 
1533738068854 0.288904 0.936414 -0.199158 -0.601141 -0.951468 0.303886 0.0486064 -0.188444 0.106037 0.17545 0.978761 0.33469 0.31622 -0.384863 0.867113 0.400795 -0.930002 -0.306262 0.203222 -0.504304 0.187351 -0.87068 -0.45477 0.485867 
1533738068871 0.288838 0.936438 -0.19914 -0.601146 -0.951486 0.303823 0.0486373 -0.188455 0.106049 0.17543 0.978763 0.334714 0.31622 -0.384863 0.867113 0.400795 -0.930002 -0.306262 0.203222 -0.504304 0.187351 -0.87068 -0.45477 0.485867 
1533738068887 0.288773 0.936462 -0.199121 -0.60115 -0.951505 0.30376 0.0486682 -0.188465 0.106061 0.175411 0.978766 0.334737 0.31622 -0.384863 0.867113 0.400795 -0.930002 -0.306262 0.203222 -0.504304 0.187351 -0.87068 -0.45477 0.485867 
1533738068904 0.288708 0.936486 -0.199103 -0.601154 -0.951523 0.303698 0.0486991 -0.188476 0.106073 0.175391 0.978768 0.334761 0.31622 -0.384863 0.867113 0.400795 -0.930002 -0.306262 0.203222 -0.504304 0.187351 -0.87068 -0.45477 0.485867 
1533738068930 0.289086 0.936372 -0.199092 -0.601133 -0.951397 0.304087 0.0487354 -0.188308 0.106176 0.175327 0.978768 0.334512 0.31622 -0.384863 0.867113 0.400795 -0.930002 -0.306262 0.203222 -0.504304 0.187351 -0.87068 -0.45477 0.485867 
1533738068940 0.289058 0.936324 -0.199356 -0.601125 -0.951426 0.304039 0.0484649 -0.188295 0.105991 0.175663 0.978728 0.334542 0.31622 -0.384863 0.867113 0.400795 -0.930002 -0.306262 0.203222 -0.504304 0.187351 -0.87068 -0.45477 0.485867 
1533738068957 0.28903 0.936276 -0.19962 -0.601111 -0.951455 0.303991 0.0481937 -0.188281 0.105805 0.176 0.978688 0.334573 0.31622 -0.384863 0.867113 0.400795 -0.930002 -0.306262 0.203222 -0.504304 0.187351 -0.87068 -0.45477 0.485867 
1533738068974 0.289003 0.936228 -0.199884 -0.601098 -0.951484 0.303944 0.0479225 -0.188267 0.10562 0.176337 0.978647 0.334604 0.31622 -0.384863 0.867113 0.400795 -0.930002 -0.306262 0.203222 -0.504304 0.187351 -0.87068 -0.45477 0.485867 
1533738068994 0.288976 0.93618 -0.200148 -0.601084 -0.951513 0.303896 0.0476513 -0.188252 0.105434 0.176673 0.978606 0.334635 0.31622 -0.384863 0.867113 0.400795 -0.930002 -0.306262 0.203222 -0.504304 0.187351 -0.87068 -0.45477 0.485867 
1533738069065 0.288949 0.936132 -0.200412 -0.60107 -0.951541 0.303848 0.0473801 -0.188237 0.105249 0.17701 0.978565 0.334666 0.31622 -0.384863 0.867113 0.400795 -0.930002 -0.306262 0.203222 -0.504304 0.187351 -0.87068 -0.45477 0.485867 
1533738069081 0.288922 0.936084 -0.200676 -0.601058 -0.95157 0.303801 0.047109 -0.188223 0.105063 0.177346 0.978524 0.334697 0.31622 -0.384863 0.867113 0.400795 -0.930002 -0.306262 0.203222 -0.504304 0.187351 -0.87068 -0.45477 0.485867 
1533738069090 0.288895 0.936036 -0.20094 -0.601043 -0.951599 0.303753 0.0468378 -0.188209 0.104878 0.177683 0.978483 0.334728 0.31622 -0.384863 0.867113 0.400795 -0.930002 -0.306262 0.203222 -0.504304 0.187351 -0.87068 -0.45477 0.485867 
1533738069141 0.288868 0.935987 -0.201204 -0.60103 -0.951628 0.303705 0.0465667 -0.188194 0.104692 0.178019 0.978442 0.334759 0.31622 -0.384863 0.867113 0.400795 -0.930002 -0.306262 0.203222 -0.504304 0.187351 -0.87068 -0.45477 0.485867 
1533738069148 0.288841 0.935939 -0.201467 -0.601018 -0.951656 0.303656 0.0462956 -0.18818 0.104507 0.178356 0.978401 0.33479 0.31622 -0.384863 0.867113 0.400795 -0.930002 -0.306262 0.203222 -0.504304 0.187351 -0.87068 -0.45477 0.485867 
1533738069219 0.288717 0.93615 -0.200661 -0.601079 -0.951642 0.303582 0.0470604 -0.188166 0.104973 0.177371 0.97853 0.334629 0.31622 -0.384863 0.867113 0.400795 -0.930002 -0.306262 0.203222 -0.504304 0.187351 -0.87068 -0.45477 0.485867 
1533738069229 0.288656 0.936106 -0.200955 -0.601063 -0.95167 0.303521 0.0468891 -0.188173 0.104887 0.177708 0.978478 0.334668 0.31622 -0.384863 0.867113 0.400795 -0.930002 -0.306262 0.203222 -0.504304 0.187351 -0.87068 -0.45477 0.485867 
1533738069246 0.288595 0.936062 -0.20125 -0.601042 -0.951698 0.30346 0.0467177 -0.188178 0.104802 0.178046 0.978425 0.334709 0.31622 -0.384863 0.867113 0.400795 -0.930002 -0.306262 0.203222 -0.504304 0.187351 -0.87068 -0.45477 0.485867 
1533738069263 0.288534 0.936017 -0.201545 -0.601021 -0.951726 0.303399 0.0465464 -0.188183 0.104717 0.178385 0.978373 0.334749 0.31622 -0.384863 0.867113 0.400795 -0.930002 -0.306262 0.203222 -0.504304 0.187351 -0.87068 -0.45477 0.485867 
1533738069279 0.288474 0.935972 -0.201839 -0.601 -0.951754 0.303338 0.046375 -0.188189 0.104631 0.178723 0.97832 0.33479 0.31622 -0.384863 0.867113 0.400795 -0.930002 -0.306262 0.203222 -0.504304 0.187351 -0.87068 -0.45477 0.485867 
1533738069296 0.288413 0.935927 -0.202134 -0.600978 -0.951782 0.303277 0.0462037 -0.188193 0.104546 0.179062 0.978267 0.33483 0.31622 -0.384863 0.867113 0.400795 -0.930002 -0.306262 0.203222 -0.504304 0.187351 -0.87068 -0.45477 0.485867 
1533738069313 0.288352 0.935882 -0.202429 -0.600958 -0.951809 0.303216 0.0460324 -0.188199 0.104461 0.1794 0.978214 0.334871 0.31622 -0.384863 0.867113 0.400795 -0.930002 -0.306262 0.203222 -0.504304 0.187351 -0.87068 -0.45477 0.485867 
1533738069409 0.288291 0.935837 -0.202724 -0.600935 -0.951837 0.303155 0.0458611 -0.188204 0.104375 0.179739 0.978161 0.334911 0.31622 -0.384863 0.867113 0.400795 -0.930002 -0.306262 0.203222 -0.504304 0.187351 -0.87068 -0.45477 0.485867 
1533738069434 0.288231 0.935792 -0.203019 -0.600915 -0.951865 0.303094 0.0456899 -0.188209 0.10429 0.180077 0.978108 0.334952 0.31622 -0.384863 0.867113 0.400795 -0.930002 -0.306262 0.203222 -0.504304 0.187351 -0.87068 -0.45477 0.485867 
1533738069451 0.28817 0.935747 -0.203313 -0.600894 -0.951893 0.303032 0.0455187 -0.188215 0.104204 0.180415 0.978055 0.334992 0.31622 -0.384863 0.867113 0.400795 -0.930002 -0.306262 0.203222 -0.504304 0.187351 -0.87068 -0.45477 0.485867 
1533738069488 0.288143 0.935957 -0.202382 -0.600973 -0.951873 0.303009 0.0460912 -0.188127 0.104463 0.179361 0.978221 0.334864 0.31622 -0.384863 0.867113 0.400795 -0.930002 -0.306262 0.203222 -0.504304 0.187351 -0.87068 -0.45477 0.485867 
1533738069502 0.288142 0.93594 -0.20246 -0.600979 -0.951888 0.302986 0.0459261 -0.188131 0.104327 0.179486 0.978213 0.334894 0.31622 -0.384863 0.867113 0.400795 -0.930002 -0.306262 0.203222 -0.504304 0.187351 -0.87068 -0.45477 0.485867 
1533738069518 0.288143 0.935923 -0.20254 -0.600981 -0.951902 0.302965 0.0457607 -0.188133 0.104191 0.179613 0.978204 0.334927 0.31622 -0.384863 0.867113 0.400795 -0.930002 -0.306262 0.203222 -0.504304 0.187351 -0.87068 -0.45477 0.485867 
1533738069535 0.288143 0.935905 -0.202619 -0.600983 -0.951917 0.302944 0.0455953 -0.188135 0.104055 0.179739 0.978196 0.334959 0.31622 -0.384863 0.867113 0.400795 -0.930002 -0.306262 0.203222 -0.504304 0.187351 -0.87068 -0.45477 0.485867 
1533738069552 0.288144 0.935888 -0.202698 -0.600984 -0.951932 0.302923 0.04543 -0.188136 0.103919 0.179865 0.978187 0.334991 0.31622 -0.384863 0.867113 0.400795 -0.930002 -0.306262 0.203222 -0.504304 0.187351 -0.87068 -0.45477 0.485867 
1533738069569 0.288145 0.935871 -0.202778 -0.600985 -0.951946 0.302902 0.0452647 -0.188138 0.103784 0.179991 0.978178 0.335023 0.31622 -0.384863 0.867113 0.400795 -0.930002 -0.306262 0.203222 -0.504304 0.187351 -0.87068 -0.45477 0.485867 
1533738069588 0.288145 0.935853 -0.202857 -0.600988 -0.951961 0.30288 0.0450994 -0.18814 0.103648 0.180117 0.978169 0.335055 0.31622 -0.384863 0.867113 0.400795 -0.930002 -0.306262 0.203222 -0.504304 0.187351 -0.87068 -0.45477 0.485867 
1533738069602 0.288146 0.935836 -0.202936 -0.60099 -0.951975 0.302859 0.0449342 -0.188142 0.103512 0.180242 0.97816 0.335087 0.31622 -0.384863 0.867113 0.400795 -0.930002 -0.306262 0.203222 -0.504304 0.187351 -0.87068 -0.45477 0.485867 
1533738069618 0.288147 0.935819 -0.203015 -0.600991 -0.95199 0.302838 0.0447688 -0.188144 0.103376 0.180369 0.978152 0.33512 0.31622 -0.384863 0.867113 0.400795 -0.930002 -0.306262 0.203222 -0.504304 0.187351 -0.87068 -0.45477 0.485867 
1533738069635 0.288147 0.935801 -0.203094 -0.600993 -0.952005 0.302817 0.0446035 -0.188146 0.10324 0.180494 0.978143 0.335152 0.31622 -0.384863 0.867113 0.400795 -0.930002 -0.306262 0.203222 -0.504304 0.187351 -0.87068 -0.45477 0.485867 
1533738069655 0.288079 0.935812 -0.203141 -0.600953 -0.951929 0.30292 0.0455123 -0.188131 0.104126 0.180264 0.978091 0.334977 0.31622 -0.384863 0.867113 0.400795 -0.930002 -0.306262 0.203222 -0.504304 0.187351 -0.87068 -0.45477 0.485867 
1533738069668 0.288152 0.935815 -0.203025 -0.60096 -0.951918 0.302966 0.0454283 -0.188132 0.104022 0.180173 0.978119 0.334985 0.31622 -0.384863 0.867113 0.400795 -0.930002 -0.306262 0.203222 -0.504304 0.187351 -0.87068 -0.45477 0.485867 
1533738069685 0.288226 0.935817 -0.202909 -0.600971 -0.951907 0.303013 0.0453435 -0.188135 0.103917 0.180082 0.978147 0.334991 0.31622 -0.384863 0.867113 0.400795 -0.930002 -0.306262 0.203222 -0.504304 0.187351 -0.87068 -0.45477 0.485867 
1533738069702 0.2883 0.935819 -0.202793 -0.600983 -0.951896 0.30306 0.0452587 -0.188137 0.103813 0.17999 0.978175 0.334998 0.31622 -0.384863 0.867113 0.400795 -0.930002 -0.306262 0.203222 -0.504304 0.187351 -0.87068 -0.45477 0.485867 
1533738069718 0.288374 0.935822 -0.202677 -0.600994 -0.951885 0.303107 0.045174 -0.188139 0.103708 0.179899 0.978203 0.335004 0.31622 -0.384863 0.867113 0.400795 -0.930002 -0.306262 0.203222 -0.504304 0.187351 -0.87068 -0.45477 0.485867 
1533738069735 0.288447 0.935824 -0.202562 -0.601004 -0.951874 0.303154 0.0450892 -0.188141 0.103603 0.179807 0.978231 0.335011 0.31622 -0.384863 0.867113 0.400795 -0.930002 -0.306262 0.203222 -0.504304 0.187351 -0.87068 -0.45477 0.485867 
1533738069752 0.288521 0.935827 -0.202446 -0.601017 -0.951863 0.303201 0.0450045 -0.188144 0.103498 0.179716 0.978259 0.335018 0.31622 -0.384863 0.867113 0.400795 -0.930002 -0.306262 0.203222 -0.504304 0.187351 -0.87068 -0.45477 0.485867 
1533738069768 0.288595 0.935829 -0.20233 -0.601027 -0.951852 0.303248 0.0449198 -0.188146 0.103393 0.179625 0.978287 0.335024 0.31622 -0.384863 0.867113 0.400795 -0.930002 -0.306262 0.203222 -0.504304 0.187351 -0.87068 -0.45477 0.485867 
1533738069785 0.288669 0.935831 -0.202214 -0.60104 -0.951841 0.303295 0.0448351 -0.188149 0.103289 0.179533 0.978315 0.335031 0.31622 -0.384863 0.867113 0.400795 -0.930002 -0.306262 0.203222 -0.504304 0.187351 -0.87068 -0.45477 0.485867 
1533738069802 0.288742 0.935833 -0.202098 -0.60105 -0.95183 0.303342 0.0447503 -0.188151 0.103184 0.179442 0.978342 0.335038 0.31622 -0.384863 0.867113 0.400795 -0.930002 -0.306262 0.203222 -0.504304 0.187351 -0.87068 -0.45477 0.485867 
1533738069826 0.288159 0.935829 -0.202948 -0.60101 -0.951966 0.302882 0.0449743 -0.188164 0.103557 0.18024 0.978156 0.335114 0.31622 -0.384863 0.867113 0.400795 -0.930002 -0.306262 0.203222 -0.504304 0.187351 -0.87068 -0.45477 0.485867 
1533738069838 0.288154 0.935858 -0.202825 -0.601012 -0.951958 0.302888 0.0451074 -0.188183 0.103647 0.180083 0.978176 0.335102 0.31622 -0.384863 0.867113 0.400795 -0.930002 -0.306262 0.203222 -0.504304 0.187351 -0.87068 -0.45477 0.485867 
1533738069855 0.288148 0.935886 -0.202701 -0.601018 -0.95195 0.302893 0.0452417 -0.188203 0.103738 0.179925 0.978195 0.335088 0.31622 -0.384863 0.867113 0.400795 -0.930002 -0.306262 0.203222 -0.504304 0.187351 -0.87068 -0.45477 0.485867 
1533738069872 0.288142 0.935915 -0.202577 -0.601024 -0.951942 0.302897 0.0453759 -0.188223 0.103828 0.179767 0.978215 0.335074 0.31622 -0.384863 0.867113 0.400795 -0.930002 -0.306262 0.203222 -0.504304 0.187351 -0.87068 -0.45477 0.485867 
1533738069888 0.288135 0.935944 -0.202453 -0.601029 -0.951934 0.302903 0.0455101 -0.188243 0.103918 0.179609 0.978234 0.335061 0.31622 -0.384863 0.867113 0.400795 -0.930002 -0.306262 0.203222 -0.504304 0.187351 -0.87068 -0.45477 0.485867 
1533738069905 0.288129 0.935973 -0.202329 -0.601035 -0.951926 0.302907 0.0456444 -0.188263 0.104009 0.179451 0.978253 0.335047 0.31622 -0.384863 0.867113 0.400795 -0.930002 -0.306262 0.203222 -0.504304 0.187351 -0.87068 -0.45477 0.485867 
1533738069922 0.288123 0.936001 -0.202205 -0.601042 -0.951918 0.302912 0.0457786 -0.188284 0.104099 0.179293 0.978273 0.335033 0.31622 -0.384863 0.867113 0.400795 -0.930002 -0.306262 0.203222 -0.504304 0.187351 -0.87068 -0.45477 0.485867 
1533738069938 0.288117 0.93603 -0.202081 -0.601047 -0.95191 0.302917 0.0459128 -0.188304 0.10419 0.179135 0.978292 0.33502 0.31622 -0.384863 0.867113 0.400795 -0.930002 -0.306262 0.203222 -0.504304 0.187351 -0.87068 -0.45477 0.485867 
1533738069955 0.288111 0.936059 -0.201957 -0.601053 -0.951902 0.302922 0.046047 -0.188324 0.10428 0.178977 0.978311 0.335007 0.31622 -0.384863 0.867113 0.400795 -0.930002 -0.306262 0.203222 -0.504304 0.187351 -0.87068 -0.45477 0.485867 
1533738069972 0.288104 0.936087 -0.201833 -0.60106 -0.951894 0.302927 0.0461813 -0.188344 0.10437 0.178819 0.978331 0.334993 0.31622 -0.384863 0.867113 0.400795 -0.930002 -0.306262 0.203222 -0.504304 0.187351 -0.87068 -0.45477 0.485867 
1533738070007 0.288133 0.935941 -0.202468 -0.601062 -0.951986 0.302812 0.0450206 -0.188174 0.103446 0.179774 0.978254 0.335033 0.31622 -0.384863 0.867113 0.400795 -0.930002 -0.306262 0.203222 -0.504304 0.187351 -0.87068 -0.45477 0.485867 
1533738070018 0.288089 0.935964 -0.202424 -0.601056 -0.951972 0.302815 0.0453072 -0.188206 0.103703 0.17965 0.978249 0.335032 0.31622 -0.384863 0.867113 0.400795 -0.930002 -0.306262 0.203222 -0.504304 0.187351 -0.87068 -0.45477 0.485867 
1533738070034 0.288044 0.935988 -0.20238 -0.601055 -0.951958 0.302817 0.0455937 -0.188241 0.103959 0.179524 0.978245 0.335029 0.31622 -0.384863 0.867113 0.400795 -0.930002 -0.306262 0.203222 -0.504304 0.187351 -0.87068 -0.45477 0.485867 
1533738070051 0.287999 0.936011 -0.202335 -0.601053 -0.951943 0.302819 0.0458802 -0.188276 0.104215 0.179398 0.978241 0.335026 0.31622 -0.384863 0.867113 0.400795 -0.930002 -0.306262 0.203222 -0.504304 0.187351 -0.87068 -0.45477 0.485867 
1533738070068 0.287954 0.936035 -0.202291 -0.601051 -0.951929 0.302821 0.0461667 -0.188311 0.104471 0.179272 0.978237 0.335023 0.31622 -0.384863 0.867113 0.400795 -0.930002 -0.306262 0.203222 -0.504304 0.187351 -0.87068 -0.45477 0.485867 
1533738070084 0.287909 0.936058 -0.202246 -0.601048 -0.951914 0.302823 0.0464531 -0.188345 0.104728 0.179147 0.978232 0.335021 0.31622 -0.384863 0.867113 0.400795 -0.930002 -0.306262 0.203222 -0.504304 0.187351 -0.87068 -0.45477 0.485867 
1533738070101 0.287864 0.936082 -0.202202 -0.601047 -0.951899 0.302825 0.0467397 -0.18838 0.104984 0.179021 0.978228 0.335018 0.31622 -0.384863 0.867113 0.400795 -0.930002 -0.306262 0.203222 -0.504304 0.187351 -0.87068 -0.45477 0.485867 
1533738070118 0.287819 0.936105 -0.202157 -0.601045 -0.951885 0.302827 0.0470261 -0.188414 0.10524 0.178895 0.978223 0.335015 0.31622 -0.384863 0.867113 0.400795 -0.930002 -0.306262 0.203222 -0.504304 0.187351 -0.87068 -0.45477 0.485867 
1533738070134 0.287774 0.936128 -0.202113 -0.601042 -0.95187 0.302828 0.0473125 -0.188448 0.105496 0.17877 0.978219 0.335013 0.31622 -0.384863 0.867113 0.400795 -0.930002 -0.306262 0.203222 -0.504304 0.187351 -0.87068 -0.45477 0.485867 
1533738070151 0.287729 0.936152 -0.202068 -0.601042 -0.951855 0.30283 0.047599 -0.188483 0.105752 0.178644 0.978214 0.33501 0.31622 -0.384863 0.867113 0.400795 -0.930002 -0.306262 0.203222 -0.504304 0.187351 -0.87068 -0.45477 0.485867 
1533738070226 0.287863 0.936053 -0.202337 -0.60107 -0.951941 0.30276 0.0463109 -0.188304 0.104609 0.179282 0.97822 0.335039 0.31622 -0.384863 0.867113 0.400795 -0.930002 -0.306262 0.203222 -0.504304 0.187351 -0.87068 -0.45477 0.485867 
1533738070238 0.287951 0.936087 -0.202051 -0.601075 -0.95194 0.302789 0.0461497 -0.188297 0.104379 0.179052 0.978287 0.33501 0.31622 -0.384863 0.867113 0.400795 -0.930002 -0.306262 0.203222 -0.504304 0.187351 -0.87068 -0.45477 0.485867 
1533738070245 0.288038 0.936122 -0.201765 -0.601085 -0.951938 0.302817 0.0459895 -0.188292 0.10415 0.178821 0.978354 0.334979 0.31622 -0.384863 0.867113 0.400795 -0.930002 -0.306262 0.203222 -0.504304 0.187351 -0.87068 -0.45477 0.485867 
1533738070258 0.288125 0.936157 -0.201478 -0.601094 -0.951937 0.302845 0.0458293 -0.188287 0.10392 0.17859 0.97842 0.334948 0.31622 -0.384863 0.867113 0.400795 -0.930002 -0.306262 0.203222 -0.504304 0.187351 -0.87068 -0.45477 0.485867 
1533738070275 0.288212 0.936192 -0.201192 -0.601104 -0.951936 0.302874 0.0456691 -0.188282 0.103691 0.178359 0.978487 0.334917 0.31622 -0.384863 0.867113 0.400795 -0.930002 -0.306262 0.203222 -0.504304 0.187351 -0.87068 -0.45477 0.485867 
1533738070348 0.288299 0.936227 -0.200905 -0.601115 -0.951934 0.302902 0.0455089 -0.188277 0.103461 0.178128 0.978553 0.334886 0.31622 -0.384863 0.867113 0.400795 -0.930002 -0.306262 0.203222 -0.504304 0.187351 -0.87068 -0.45477 0.485867 
1533738070379 0.288387 0.936261 -0.200619 -0.601124 -0.951933 0.302931 0.0453487 -0.188271 0.103232 0.177898 0.978619 0.334856 0.31622 -0.384863 0.867113 0.400795 -0.930002 -0.306262 0.203222 -0.504304 0.187351 -0.87068 -0.45477 0.485867 
1533738070399 0.288473 0.936296 -0.200332 -0.601134 -0.951932 0.302959 0.0451886 -0.188266 0.103002 0.177667 0.978685 0.334824 0.31622 -0.384863 0.867113 0.400795 -0.930002 -0.306262 0.203222 -0.504304 0.187351 -0.87068 -0.45477 0.485867 
1533738070416 0.28856 0.93633 -0.200045 -0.601144 -0.95193 0.302988 0.0450284 -0.188261 0.102773 0.177436 0.978751 0.334794 0.31622 -0.384863 0.867113 0.400795 -0.930002 -0.306262 0.203222 -0.504304 0.187351 -0.87068 -0.45477 0.485867 
1533738070462 0.288647 0.936365 -0.199759 -0.601153 -0.951928 0.303017 0.0448682 -0.188255 0.102543 0.177205 0.978817 0.334763 0.31622 -0.384863 0.867113 0.400795 -0.930002 -0.306262 0.203222 -0.504304 0.187351 -0.87068 -0.45477 0.485867 
1533738070500 0.288272 0.936298 -0.200615 -0.601107 -0.951987 0.302784 0.0451886 -0.188221 0.103053 0.177956 0.978627 0.33488 0.31622 -0.384863 0.867113 0.400795 -0.930002 -0.306262 0.203222 -0.504304 0.187351 -0.87068 -0.45477 0.485867 
1533738070512 0.288226 0.936326 -0.200548 -0.601101 -0.951982 0.302769 0.0453994 -0.188234 0.103228 0.177833 0.978631 0.334882 0.31622 -0.384863 0.867113 0.400795 -0.930002 -0.306262 0.203222 -0.504304 0.187351 -0.87068 -0.45477 0.485867 
1533738070528 0.288178 0.936355 -0.20048 -0.601099 -0.951977 0.302752 0.045612 -0.18825 0.103405 0.177708 0.978635 0.334881 0.31622 -0.384863 0.867113 0.400795 -0.930002 -0.306262 0.203222 -0.504304 0.187351 -0.87068 -0.45477 0.485867 
1533738070546 0.28813 0.936384 -0.200412 -0.601098 -0.951973 0.302735 0.0458243 -0.188265 0.103581 0.177584 0.978639 0.334881 0.31622 -0.384863 0.867113 0.400795 -0.930002 -0.306262 0.203222 -0.504304 0.187351 -0.87068 -0.45477 0.485867 
1533738070562 0.288083 0.936414 -0.200344 -0.601097 -0.951968 0.302717 0.0460367 -0.18828 0.103757 0.177459 0.978643 0.334881 0.31622 -0.384863 0.867113 0.400795 -0.930002 -0.306262 0.203222 -0.504304 0.187351 -0.87068 -0.45477 0.485867 
1533738070578 0.288035 0.936443 -0.200276 -0.601096 -0.951963 0.3027 0.046249 -0.188296 0.103933 0.177334 0.978647 0.33488 0.31622 -0.384863 0.867113 0.400795 -0.930002 -0.306262 0.203222 -0.504304 0.187351 -0.87068 -0.45477 0.485867 
1533738070595 0.287988 0.936472 -0.200209 -0.601094 -0.951958 0.302683 0.0464613 -0.188311 0.104109 0.17721 0.978651 0.33488 0.31622 -0.384863 0.867113 0.400795 -0.930002 -0.306262 0.203222 -0.504304 0.187351 -0.87068 -0.45477 0.485867 
1533738070612 0.28794 0.936501 -0.200141 -0.601093 -0.951953 0.302666 0.0466737 -0.188327 0.104286 0.177085 0.978655 0.33488 0.31622 -0.384863 0.867113 0.400795 -0.930002 -0.306262 0.203222 -0.504304 0.187351 -0.87068 -0.45477 0.485867 
