1535391683175 0.428872 0.846975 0.314168 -0.547706 -0.903073 0.393124 0.172953 -0.215236 0.0229802 -0.357891 0.933481 0.339011 -0.0543157 -0.650663 0.757422 0.357041 -0.972232 -0.13846 -0.188664 -0.431789 0.22763 -0.746637 -0.625075 0.507238 
1535391683192 0.418116 0.871457 0.256402 -0.556078 -0.907126 0.385648 0.168518 -0.217753 0.0479752 -0.303049 0.951767 0.342345 -0.0439368 -0.602631 0.79681 0.360092 -0.981804 -0.121444 -0.145986 -0.437036 0.184744 -0.788725 -0.58633 0.50034 
1535391684320 0.405772 0.892367 0.197561 -0.564444 -0.911115 0.377856 0.1646 -0.220268 0.0722341 -0.246791 0.966373 0.345673 -0.0308544 -0.55266 0.832836 0.363144 -0.989358 -0.101651 -0.104108 -0.442283 0.142195 -0.827185 -0.543642 0.493442 
1535391685300 0.391889 0.909621 0.137884 -0.572811 -0.915026 0.36978 0.161217 -0.222783 0.0956599 -0.189346 0.97724 0.349002 -0.0151425 -0.501031 0.865297 0.366195 -0.99485 -0.0791938 -0.0632651 -0.44753 0.100224 -0.861798 -0.497251 0.486544 
1535391686278 0.376523 0.92315 0.0776125 -0.581175 -0.918841 0.36145 0.158381 -0.225297 0.118156 -0.130948 0.984323 0.352326 0.00310823 -0.448035 0.894011 0.369247 -0.998249 -0.0541977 -0.0236907 -0.452772 0.0590676 -0.892372 -0.447419 0.479644 
1535391687372 0.359738 0.932899 0.0169902 -0.589542 -0.922546 0.352902 0.156105 -0.227811 0.139634 -0.0718311 0.987594 0.355655 0.023799 -0.393972 0.918814 0.372298 -0.999537 -0.0268052 0.0143963 -0.458019 0.0189573 -0.918731 -0.394428 0.472746 
1535391688442 0.341599 0.938827 -0.0437366 -0.59791 -0.926125 0.344171 0.154398 -0.230327 0.160006 -0.0122367 0.98704 0.358984 0.0468104 -0.339146 0.939568 0.37535 -0.998706 0.00282999 0.0507783 -0.463264 -0.0198802 -0.940729 -0.338575 0.465848 
1535391689536 0.322183 0.940912 -0.104321 -0.606276 -0.929564 0.33529 0.153266 -0.232842 0.179188 0.0475936 0.982663 0.362313 0.0720145 -0.283867 0.956156 0.378401 -0.995761 0.0345403 0.0852518 -0.468512 -0.0572261 -0.958241 -0.280176 0.458951 
1535391690599 0.301566 0.939144 -0.164518 -0.614643 -0.93285 0.326297 0.152715 -0.235356 0.197103 0.107417 0.97448 0.365642 0.0992679 -0.228446 0.968482 0.381452 -0.990718 0.068147 0.117621 -0.47376 -0.0928694 -0.971169 -0.219561 0.452053 
1535391691644 0.279832 0.933531 -0.224083 -0.623016 -0.935968 0.317227 0.152746 -0.237874 0.213678 0.166991 0.962526 0.36897 0.128406 -0.173196 0.976481 0.384499 -0.983607 0.103464 0.147694 -0.478978 -0.12661 -0.979438 -0.157072 0.445154 
1535391692741 0.280658 0.933567 -0.222897 -0.622825 -0.935834 0.317746 0.152484 -0.237738 0.213179 0.165798 0.962842 0.368793 0.127596 -0.174132 0.976421 0.38432 -0.983799 0.102774 0.146888 -0.478871 -0.125929 -0.979344 -0.158197 0.445058 
1535391692871 0.27929 0.933338 -0.225561 -0.623474 -0.936272 0.31683 0.151703 -0.237789 0.213054 0.168818 0.962345 0.369167 0.132863 -0.168988 0.976622 0.384011 -0.98365 0.0983868 0.150843 -0.479552 -0.121577 -0.980695 -0.153153 0.444739 
1535391693333 0.277921 0.933099 -0.228225 -0.624123 -0.936708 0.315911 0.150925 -0.237839 0.212927 0.171835 0.961839 0.36954 0.138108 -0.163817 0.976776 0.383704 -0.983459 0.0940171 0.15482 -0.48024 -0.117196 -0.982 -0.148122 0.444421 
1535391693818 0.276552 0.93285 -0.230887 -0.624772 -0.937143 0.314988 0.15015 -0.23789 0.212794 0.17485 0.961325 0.369914 0.143327 -0.158618 0.976882 0.383396 -0.983228 0.0896665 0.158817 -0.48093 -0.112785 -0.98326 -0.143106 0.444102 
1535391694249 0.275184 0.932592 -0.233549 -0.625421 -0.937577 0.314063 0.149378 -0.237941 0.212658 0.177864 0.960802 0.370288 0.148518 -0.153391 0.976941 0.383088 -0.982957 0.0853358 0.162832 -0.481617 -0.108345 -0.984474 -0.138103 0.443784 
1535391694700 0.273815 0.932325 -0.23621 -0.626071 -0.938009 0.313136 0.148608 -0.237992 0.212517 0.180876 0.960271 0.370662 0.153684 -0.148138 0.976953 0.382781 -0.982645 0.0810249 0.166865 -0.482306 -0.103877 -0.985642 -0.133115 0.443465 
1535391695147 0.272447 0.932048 -0.23887 -0.62672 -0.938441 0.312205 0.147841 -0.238043 0.212372 0.183887 0.959731 0.371035 0.158822 -0.142859 0.976917 0.382473 -0.982293 0.0767342 0.170917 -0.482995 -0.0993799 -0.986764 -0.128142 0.443147 
1535391695588 0.271078 0.931762 -0.241529 -0.627369 -0.938871 0.311272 0.147077 -0.238093 0.212222 0.186895 0.959183 0.371409 0.163932 -0.137553 0.976834 0.382166 -0.981901 0.0724641 0.174987 -0.483682 -0.0948553 -0.98784 -0.123184 0.442828 
1535391696051 0.26971 0.931466 -0.244187 -0.628018 -0.9393 0.310336 0.146315 -0.238144 0.212068 0.189902 0.958626 0.371783 0.169015 -0.132221 0.976704 0.381858 -0.981468 0.0682149 0.179074 -0.48437 -0.0903031 -0.98887 -0.118242 0.44251 
1535391696489 0.268342 0.931161 -0.246844 -0.628667 -0.939727 0.309397 0.145556 -0.238195 0.211909 0.192907 0.958061 0.372156 0.17407 -0.126864 0.976527 0.381551 -0.980995 0.0639865 0.183179 -0.485059 -0.0857234 -0.989854 -0.113315 0.442191 
1535391696938 0.268974 0.931193 -0.246035 -0.628404 -0.939524 0.309901 0.145793 -0.238218 0.212007 0.191941 0.958233 0.371951 0.173476 -0.12753 0.976546 0.381534 -0.981105 0.0638791 0.182628 -0.484944 -0.0856714 -0.989776 -0.114039 0.442181 
1535391696951 0.267281 0.930418 -0.250767 -0.629001 -0.939597 0.309382 0.146423 -0.238403 0.213818 0.196483 0.95691 0.372302 0.176158 -0.124624 0.976441 0.381457 -0.980899 0.0609073 0.184735 -0.485339 -0.0824948 -0.990333 -0.111514 0.441844 
1535391697305 0.26558 0.929618 -0.255493 -0.629596 -0.939668 0.308867 0.147056 -0.238587 0.21562 0.201024 0.955561 0.372653 0.178831 -0.121709 0.976323 0.381382 -0.980678 0.0579412 0.186852 -0.48574 -0.0793109 -0.990873 -0.108996 0.441507 
1535391697676 0.263869 0.928796 -0.260213 -0.630192 -0.939736 0.308355 0.147692 -0.238771 0.217413 0.20556 0.954189 0.373004 0.181494 -0.118786 0.976191 0.381306 -0.980442 0.0549809 0.188975 -0.48614 -0.0761194 -0.991396 -0.106484 0.44117 
1535391698021 0.26215 0.92795 -0.264925 -0.630787 -0.939803 0.307846 0.148329 -0.238956 0.219198 0.210093 0.952792 0.373354 0.184147 -0.115854 0.976047 0.38123 -0.98019 0.0520264 0.191104 -0.486541 -0.0729203 -0.991903 -0.103978 0.440833 
1535391698367 0.260422 0.927082 -0.26963 -0.631383 -0.939867 0.307339 0.14897 -0.23914 0.220975 0.214621 0.951372 0.373705 0.186789 -0.112913 0.97589 0.381154 -0.979923 0.049078 0.193239 -0.48694 -0.0697138 -0.992392 -0.101479 0.440496 
1535391698748 0.258685 0.92619 -0.274326 -0.631979 -0.93993 0.306836 0.149612 -0.239324 0.222742 0.219145 0.949927 0.374056 0.18942 -0.109963 0.975719 0.381079 -0.979642 0.0461353 0.195381 -0.487341 -0.0664998 -0.992864 -0.0989852 0.440159 
1535391699080 0.256938 0.925274 -0.279016 -0.632575 -0.93999 0.306335 0.150257 -0.239509 0.224501 0.223665 0.948458 0.374407 0.192041 -0.107004 0.975536 0.381003 -0.979345 0.0431989 0.197529 -0.487741 -0.0632786 -0.99332 -0.0964982 0.439822 
1535391699424 0.255183 0.924336 -0.283697 -0.63317 -0.940049 0.305837 0.150904 -0.239693 0.226251 0.228181 0.946966 0.374758 0.194652 -0.104037 0.975339 0.380927 -0.979033 0.0402684 0.199684 -0.488142 -0.0600499 -0.993758 -0.0940174 0.439485 
1535391699814 0.253419 0.923375 -0.28837 -0.633766 -0.940105 0.305341 0.151554 -0.239877 0.227992 0.232692 0.945449 0.375109 0.197251 -0.101061 0.97513 0.380851 -0.978705 0.0373442 0.201844 -0.488542 -0.0568142 -0.994179 -0.0915432 0.439148 
1535391700169 0.253693 0.923617 -0.287352 -0.633654 -0.940137 0.305328 0.151384 -0.239755 0.227558 0.231745 0.945786 0.375025 0.196685 -0.101661 0.975182 0.380805 -0.978811 0.0374226 0.201318 -0.488492 -0.0569601 -0.994115 -0.0921464 0.439205 
1535391700185 0.252824 0.923273 -0.289219 -0.633966 -0.940205 0.304974 0.151676 -0.239887 0.228242 0.233578 0.94517 0.375181 0.198014 -0.101848 0.974894 0.380758 -0.978716 0.0341532 0.202358 -0.488679 -0.0539055 -0.994214 -0.0929177 0.439291 
1535391700417 0.251954 0.922924 -0.291084 -0.634279 -0.940273 0.30462 0.151968 -0.24002 0.228925 0.235409 0.944551 0.375337 0.199344 -0.10203 0.974603 0.380713 -0.978609 0.0308822 0.203397 -0.488871 -0.0508506 -0.994302 -0.0936916 0.439376 
1535391700675 0.251083 0.922572 -0.292947 -0.634592 -0.94034 0.304266 0.15226 -0.240153 0.229605 0.23724 0.943927 0.375493 0.200675 -0.102208 0.974312 0.380668 -0.978491 0.0276109 0.204432 -0.489063 -0.0477962 -0.99438 -0.0944687 0.439462 
1535391700927 0.25021 0.922216 -0.294809 -0.634905 -0.940406 0.303913 0.152554 -0.240285 0.230284 0.23907 0.9433 0.375648 0.202006 -0.102381 0.974018 0.380622 -0.978362 0.0243389 0.205466 -0.489256 -0.0447423 -0.994447 -0.095249 0.439548 
1535391701210 0.249336 0.921856 -0.29667 -0.635217 -0.940473 0.303561 0.152847 -0.240418 0.23096 0.2409 0.942669 0.375804 0.203338 -0.10255 0.973723 0.380577 -0.978221 0.0210667 0.206495 -0.489447 -0.0416892 -0.994505 -0.0960325 0.439634 
1535391701482 0.248461 0.921492 -0.298528 -0.63553 -0.940538 0.303208 0.153142 -0.24055 0.231636 0.242728 0.942034 0.37596 0.20467 -0.102714 0.973427 0.380531 -0.978068 0.0177939 0.207523 -0.48964 -0.0386365 -0.994552 -0.0968192 0.43972 
1535391701717 0.247584 0.921125 -0.300386 -0.635843 -0.940603 0.302856 0.153438 -0.240683 0.232309 0.244555 0.941395 0.376116 0.206001 -0.102873 0.973129 0.380486 -0.977905 0.0145209 0.208547 -0.489832 -0.0355847 -0.994588 -0.0976091 0.439805 
1535391701995 0.246705 0.920753 -0.302242 -0.636156 -0.940668 0.302505 0.153733 -0.240815 0.23298 0.246383 0.940753 0.376272 0.207334 -0.103029 0.97283 0.380441 -0.977729 0.0112474 0.209569 -0.490025 -0.0325335 -0.994615 -0.0984022 0.439891 
1535391702239 0.245826 0.920377 -0.304097 -0.636469 -0.940732 0.302155 0.15403 -0.240948 0.23365 0.24821 0.940106 0.376427 0.208666 -0.103179 0.972529 0.380395 -0.977543 0.00797383 0.210587 -0.490217 -0.0294831 -0.994631 -0.0991984 0.439977 
1535391702502 0.246334 0.920553 -0.303152 -0.636282 -0.940684 0.302391 0.153863 -0.240884 0.233309 0.247268 0.940439 0.376305 0.208283 -0.103072 0.972622 0.380395 -0.9776 0.00885163 0.210287 -0.490122 -0.0302839 -0.994635 -0.0989194 0.439989 
1535391702515 0.245967 0.920636 -0.303198 -0.6364 -0.940762 0.302068 0.154019 -0.241 0.233382 0.247353 0.940398 0.37628 0.208308 -0.102993 0.972626 0.380368 -0.977609 0.00839697 0.210264 -0.490162 -0.0298228 -0.994647 -0.0989373 0.439969 
1535391702530 0.2456 0.92072 -0.303242 -0.636526 -0.94084 0.301745 0.154176 -0.241119 0.233454 0.247436 0.940359 0.376254 0.208333 -0.102912 0.972629 0.380342 -0.977617 0.00794239 0.210242 -0.490204 -0.0293615 -0.994659 -0.0989543 0.439949 
1535391702690 0.245233 0.920803 -0.303286 -0.63665 -0.940918 0.301422 0.154332 -0.241238 0.233527 0.24752 0.940319 0.376229 0.208359 -0.102832 0.972632 0.380316 -0.977625 0.00748777 0.21022 -0.490246 -0.0289003 -0.994671 -0.0989712 0.439929 
1535391702780 0.244865 0.920887 -0.30333 -0.636774 -0.940995 0.301099 0.154489 -0.241357 0.233599 0.247603 0.940279 0.376203 0.208385 -0.102752 0.972634 0.380289 -0.977633 0.00703311 0.210199 -0.490288 -0.028439 -0.994682 -0.0989881 0.439909 
1535391702873 0.244498 0.92097 -0.303373 -0.636898 -0.941073 0.300776 0.154646 -0.241476 0.233672 0.247686 0.940239 0.376177 0.208411 -0.102672 0.972637 0.380263 -0.977641 0.00657845 0.210177 -0.490329 -0.0279777 -0.994694 -0.099005 0.439889 
1535391702970 0.244131 0.921053 -0.303417 -0.637022 -0.94115 0.300454 0.154803 -0.241594 0.233744 0.247769 0.940199 0.376151 0.208436 -0.102591 0.97264 0.380236 -0.977649 0.00612383 0.210155 -0.490371 -0.0275164 -0.994705 -0.0990219 0.43987 
1535391703069 0.243763 0.921136 -0.303461 -0.637147 -0.941227 0.300131 0.15496 -0.241713 0.233817 0.247852 0.940159 0.376125 0.208462 -0.102511 0.972643 0.38021 -0.977656 0.00566915 0.210134 -0.490412 -0.0270551 -0.994716 -0.0990387 0.43985 
1535391703172 0.243396 0.921218 -0.303505 -0.63727 -0.941305 0.299808 0.155116 -0.241832 0.233889 0.247936 0.940119 0.3761 0.208487 -0.102431 0.972646 0.380184 -0.977663 0.00521451 0.210112 -0.490454 -0.0265938 -0.994726 -0.0990556 0.43983 
1535391703283 0.243029 0.921301 -0.303548 -0.637395 -0.941381 0.299485 0.155273 -0.241951 0.233961 0.248019 0.940079 0.376074 0.208513 -0.10235 0.972649 0.380157 -0.97767 0.00475992 0.21009 -0.490496 -0.0261325 -0.994737 -0.0990725 0.43981 
1535391703398 0.243377 0.921263 -0.303383 -0.637248 -0.941312 0.299766 0.155151 -0.241731 0.233879 0.247818 0.940153 0.376193 0.208512 -0.102587 0.972624 0.380222 -0.977653 0.00536848 0.210157 -0.490375 -0.0267809 -0.99471 -0.0991755 0.439844 
1535391703414 0.243515 0.921273 -0.303244 -0.637278 -0.94125 0.299902 0.155264 -0.24177 0.233984 0.247619 0.940179 0.376158 0.208212 -0.103179 0.972626 0.380211 -0.9777 0.00590932 0.209925 -0.490416 -0.0274074 -0.994645 -0.0996472 0.439886 
1535391703573 0.243654 0.921283 -0.303102 -0.637315 -0.941188 0.300037 0.155378 -0.241812 0.234089 0.247418 0.940206 0.376122 0.20791 -0.103769 0.972628 0.380199 -0.977746 0.00645053 0.209692 -0.490448 -0.0280335 -0.99458 -0.100119 0.439928 
1535391703676 0.243792 0.921293 -0.30296 -0.637351 -0.941126 0.300172 0.155492 -0.241853 0.234194 0.247216 0.940233 0.376086 0.207607 -0.10436 0.97263 0.380187 -0.977792 0.00699166 0.209459 -0.490483 -0.0286594 -0.994515 -0.100591 0.439969 
1535391703801 0.24393 0.921303 -0.302819 -0.637387 -0.941064 0.300308 0.155606 -0.241895 0.234299 0.247015 0.940259 0.37605 0.207304 -0.10495 0.972631 0.380175 -0.977838 0.00753297 0.209226 -0.490517 -0.0292851 -0.994449 -0.101063 0.440011 
1535391703882 0.244068 0.921313 -0.302677 -0.637423 -0.941002 0.300443 0.15572 -0.241936 0.234404 0.246814 0.940286 0.376014 0.207 -0.10554 0.972632 0.380162 -0.977884 0.00807444 0.208994 -0.490551 -0.0299107 -0.994382 -0.101535 0.440053 
1535391703995 0.244207 0.921323 -0.302536 -0.637458 -0.94094 0.300578 0.155834 -0.241977 0.234509 0.246612 0.940313 0.375978 0.206697 -0.10613 0.972632 0.38015 -0.977928 0.00861594 0.208762 -0.490587 -0.0305361 -0.994315 -0.102007 0.440094 
1535391704085 0.244345 0.921332 -0.302394 -0.637495 -0.940878 0.300713 0.155948 -0.242019 0.234614 0.246411 0.940339 0.375942 0.206392 -0.10672 0.972632 0.380138 -0.977973 0.00915771 0.20853 -0.49062 -0.0311614 -0.994247 -0.102479 0.440136 
1535391704202 0.244483 0.921342 -0.302253 -0.637531 -0.940816 0.300848 0.156062 -0.24206 0.234719 0.24621 0.940366 0.375906 0.206088 -0.107309 0.972632 0.380126 -0.978017 0.0096995 0.208299 -0.490655 -0.0317865 -0.994178 -0.102951 0.440178 
1535391704289 0.244621 0.921352 -0.302111 -0.637567 -0.940754 0.300983 0.156176 -0.242102 0.234823 0.246008 0.940392 0.37587 0.205782 -0.107899 0.972631 0.380114 -0.978061 0.0102416 0.208067 -0.490689 -0.0324114 -0.994109 -0.103424 0.44022 
1535391704418 0.244516 0.921253 -0.302497 -0.637505 -0.940852 0.300874 0.155796 -0.242073 0.234541 0.246511 0.940331 0.375908 0.206227 -0.107296 0.972604 0.380179 -0.977983 0.00982173 0.208451 -0.490612 -0.0319187 -0.994179 -0.102908 0.440113 
1535391704435 0.245016 0.921153 -0.302397 -0.637341 -0.940741 0.301312 0.155617 -0.242003 0.234463 0.246349 0.940393 0.375959 0.205922 -0.108417 0.972544 0.380213 -0.978047 0.00962206 0.20816 -0.490679 -0.0319259 -0.994059 -0.104055 0.440231 
1535391704600 0.245517 0.921052 -0.302297 -0.637173 -0.94063 0.301752 0.155437 -0.241931 0.234384 0.246188 0.940455 0.37601 0.205617 -0.109538 0.972483 0.380247 -0.978111 0.0094236 0.207868 -0.490745 -0.0319337 -0.993938 -0.105202 0.440349 
1535391704711 0.246018 0.920952 -0.302197 -0.637005 -0.940519 0.302191 0.155257 -0.241859 0.234306 0.246026 0.940517 0.376062 0.205312 -0.110659 0.972421 0.380281 -0.978175 0.00922546 0.207577 -0.490812 -0.0319412 -0.993816 -0.106349 0.440466 
1535391704833 0.246519 0.920851 -0.302097 -0.636836 -0.940408 0.30263 0.155078 -0.241786 0.234227 0.245865 0.940579 0.376113 0.205007 -0.111779 0.972357 0.380316 -0.978239 0.00902757 0.207285 -0.490878 -0.0319482 -0.993692 -0.107496 0.440584 
1535391704943 0.24702 0.920749 -0.301996 -0.636667 -0.940296 0.303069 0.154898 -0.241713 0.234148 0.245703 0.940641 0.376165 0.204702 -0.1129 0.972291 0.38035 -0.978303 0.00883015 0.206993 -0.490944 -0.031955 -0.993567 -0.108643 0.440702 
1535391705077 0.247521 0.920648 -0.301896 -0.636497 -0.940184 0.303508 0.154718 -0.241641 0.234069 0.245542 0.940702 0.376217 0.204397 -0.114021 0.972225 0.380384 -0.978366 0.00863306 0.2067 -0.49101 -0.0319614 -0.993441 -0.10979 0.44082 
1535391705171 0.248021 0.920546 -0.301795 -0.636329 -0.940071 0.303946 0.154539 -0.241569 0.23399 0.24538 0.940764 0.376268 0.204091 -0.115141 0.972157 0.380418 -0.97843 0.00843625 0.206407 -0.491077 -0.0319674 -0.993313 -0.110936 0.440938 
1535391705314 0.248522 0.920444 -0.301695 -0.63616 -0.939959 0.304385 0.154359 -0.241496 0.23391 0.245219 0.940826 0.37632 0.203786 -0.116262 0.972088 0.380452 -0.978493 0.00823975 0.206115 -0.491143 -0.031973 -0.993184 -0.112082 0.441055 
1535391705409 0.249022 0.920342 -0.301594 -0.635992 -0.939846 0.304824 0.154179 -0.241424 0.233831 0.245058 0.940888 0.376371 0.203481 -0.117382 0.972017 0.380486 -0.978557 0.00804372 0.205821 -0.491209 -0.0319784 -0.993054 -0.113228 0.441173 
1535391705568 0.248412 0.920509 -0.301587 -0.636187 -0.93999 0.304261 0.154416 -0.241458 0.233902 0.24513 0.940851 0.376369 0.203672 -0.116311 0.972106 0.380403 -0.978512 0.00840786 0.20602 -0.491206 -0.0321357 -0.993177 -0.112099 0.441092 
1535391705582 0.248668 0.920415 -0.301664 -0.635805 -0.939944 0.304494 0.154233 -0.241321 0.233813 0.245194 0.940857 0.376525 0.203681 -0.116776 0.972048 0.380442 -0.978512 0.0082416 0.206026 -0.491316 -0.03207 -0.993124 -0.112588 0.441101 
1535391705724 0.248925 0.92032 -0.301741 -0.635415 -0.939898 0.304729 0.154051 -0.241181 0.233725 0.245259 0.940862 0.376682 0.203693 -0.11724 0.97199 0.380482 -0.978512 0.00807457 0.206034 -0.491426 -0.0320038 -0.993071 -0.113076 0.441111 
1535391705908 0.249182 0.920225 -0.301819 -0.635028 -0.939852 0.304963 0.153868 -0.241042 0.233637 0.245324 0.940867 0.376838 0.203704 -0.117704 0.971931 0.380522 -0.978511 0.00790788 0.206041 -0.491537 -0.0319378 -0.993017 -0.113564 0.44112 
1535391706102 0.249438 0.92013 -0.301896 -0.63464 -0.939806 0.305197 0.153686 -0.240902 0.233549 0.245389 0.940872 0.376995 0.203716 -0.118169 0.971872 0.380561 -0.978511 0.00774091 0.206049 -0.491647 -0.0318717 -0.992963 -0.114052 0.44113 
1535391706304 0.249695 0.920035 -0.301974 -0.634253 -0.93976 0.305431 0.153503 -0.240763 0.233461 0.245454 0.940876 0.377151 0.203726 -0.118633 0.971814 0.380601 -0.978511 0.00757424 0.206055 -0.491757 -0.0318057 -0.992909 -0.114541 0.441139 
1535391706513 0.249952 0.91994 -0.302051 -0.633864 -0.939713 0.305665 0.153321 -0.240623 0.233373 0.245519 0.940881 0.377308 0.203738 -0.119097 0.971754 0.38064 -0.978511 0.00740737 0.206062 -0.491868 -0.0317396 -0.992855 -0.115029 0.441148 
1535391706711 0.250208 0.919845 -0.302128 -0.633477 -0.939667 0.305899 0.153139 -0.240484 0.233285 0.245584 0.940886 0.377465 0.203749 -0.119562 0.971695 0.38068 -0.978511 0.00724056 0.206069 -0.491978 -0.0316736 -0.9928 -0.115517 0.441158 
1535391706911 0.250465 0.919749 -0.302206 -0.633088 -0.939621 0.306133 0.152956 -0.240344 0.233197 0.245649 0.940891 0.377622 0.203761 -0.120026 0.971635 0.38072 -0.97851 0.00707355 0.206076 -0.492089 -0.0316074 -0.992746 -0.116005 0.441167 
1535391707103 0.250721 0.919654 -0.302283 -0.6327 -0.939574 0.306367 0.152774 -0.240205 0.233109 0.245714 0.940896 0.377778 0.203772 -0.12049 0.971576 0.380759 -0.97851 0.00690684 0.206083 -0.492199 -0.0315415 -0.99269 -0.116494 0.441177 
1535391707326 0.250678 0.919703 -0.302172 -0.632895 -0.939539 0.306357 0.15301 -0.240269 0.233296 0.245546 0.940893 0.377731 0.203805 -0.11985 0.971648 0.380713 -0.978498 0.00720003 0.20613 -0.492053 -0.0317007 -0.992766 -0.115806 0.441195 
1535391707338 0.250736 0.91965 -0.302282 -0.632453 -0.939464 0.306493 0.153199 -0.240084 0.233537 0.245571 0.940827 0.377882 0.203878 -0.119626 0.97166 0.380762 -0.978459 0.00796905 0.206286 -0.492141 -0.0324203 -0.992787 -0.115425 0.441087 
1535391707530 0.250795 0.919598 -0.302393 -0.632004 -0.939388 0.306631 0.153387 -0.239895 0.233778 0.245596 0.940761 0.378033 0.203951 -0.119401 0.971673 0.380812 -0.97842 0.00873772 0.206441 -0.492229 -0.0331394 -0.992808 -0.115042 0.44098 
1535391707734 0.250854 0.919545 -0.302504 -0.631556 -0.939312 0.306769 0.153576 -0.239708 0.234019 0.245621 0.940694 0.378185 0.204023 -0.119176 0.971685 0.380861 -0.97838 0.00950641 0.206595 -0.492318 -0.0338584 -0.992828 -0.11466 0.440872 
1535391707939 0.250913 0.919493 -0.302615 -0.631108 -0.939236 0.306907 0.153765 -0.23952 0.23426 0.245646 0.940628 0.378337 0.204097 -0.118951 0.971697 0.38091 -0.97834 0.0102751 0.20675 -0.492406 -0.0345773 -0.992847 -0.114277 0.440764 
1535391708148 0.250972 0.91944 -0.302726 -0.630662 -0.93916 0.307044 0.153954 -0.239333 0.234502 0.24567 0.940561 0.378488 0.204171 -0.118725 0.971709 0.38096 -0.978299 0.0110437 0.206905 -0.492494 -0.035296 -0.992866 -0.113894 0.440656 
1535391708345 0.251031 0.919387 -0.302837 -0.630213 -0.939084 0.307182 0.154143 -0.239145 0.234743 0.245695 0.940494 0.37864 0.204243 -0.1185 0.971721 0.381009 -0.978257 0.0118126 0.207058 -0.492582 -0.036015 -0.992884 -0.113511 0.440549 
1535391708553 0.25109 0.919335 -0.302948 -0.629766 -0.939008 0.30732 0.154331 -0.238957 0.234984 0.24572 0.940428 0.378791 0.204318 -0.118275 0.971733 0.381059 -0.978215 0.0125812 0.207212 -0.49267 -0.0367337 -0.992901 -0.113128 0.440441 
1535391708759 0.251148 0.919282 -0.303059 -0.629317 -0.938932 0.307457 0.15452 -0.238769 0.235225 0.245745 0.940361 0.378943 0.204391 -0.11805 0.971745 0.381108 -0.978173 0.0133502 0.207365 -0.492759 -0.0374525 -0.992918 -0.112745 0.440333 
1535391708966 0.251207 0.919229 -0.30317 -0.62887 -0.938856 0.307595 0.154709 -0.238581 0.235467 0.245769 0.940294 0.379094 0.204465 -0.117826 0.971757 0.381157 -0.978129 0.0141191 0.207517 -0.492847 -0.0381712 -0.992934 -0.112362 0.440226 
1535391709205 0.251085 0.919312 -0.30302 -0.6291 -0.938925 0.307415 0.154646 -0.238609 0.23532 0.245684 0.940353 0.37903 0.204267 -0.118061 0.97177 0.381068 -0.978204 0.0132158 0.207225 -0.492784 -0.0373079 -0.992918 -0.112788 0.440353 
1535391709220 0.251156 0.919303 -0.30299 -0.628735 -0.938855 0.307532 0.154842 -0.238453 0.235526 0.245574 0.94033 0.379106 0.204626 -0.117358 0.97178 0.381126 -0.978135 0.0131768 0.207555 -0.492886 -0.0371632 -0.993002 -0.112096 0.440198 
1535391709368 0.251228 0.919293 -0.302961 -0.628365 -0.938784 0.307649 0.155038 -0.238295 0.235731 0.245465 0.940307 0.379183 0.204985 -0.116654 0.971788 0.381184 -0.978065 0.0131381 0.207886 -0.492991 -0.0370183 -0.993086 -0.111403 0.440043 
1535391709566 0.2513 0.919282 -0.302933 -0.627994 -0.938713 0.307766 0.155233 -0.238135 0.235936 0.245357 0.940284 0.37926 0.205345 -0.115951 0.971797 0.381242 -0.977995 0.0130997 0.208217 -0.493097 -0.0368732 -0.993169 -0.110709 0.439888 
1535391709774 0.251371 0.919272 -0.302904 -0.627623 -0.938643 0.307883 0.155429 -0.237977 0.236141 0.245249 0.940261 0.379337 0.205704 -0.115247 0.971804 0.3813 -0.977925 0.0130614 0.208549 -0.493202 -0.0367277 -0.993251 -0.110016 0.439733 
1535391709953 0.251443 0.919262 -0.302876 -0.627254 -0.938572 0.307999 0.155625 -0.237819 0.236346 0.24514 0.940238 0.379413 0.206063 -0.114543 0.971812 0.381358 -0.977855 0.0130234 0.20888 -0.493306 -0.0365821 -0.993333 -0.109323 0.439578 
1535391710144 0.251515 0.919252 -0.302848 -0.626883 -0.938501 0.308116 0.15582 -0.23766 0.236551 0.245032 0.940214 0.37949 0.206423 -0.113839 0.971818 0.381416 -0.977784 0.0129855 0.209211 -0.493411 -0.0364361 -0.993414 -0.10863 0.439423 
1535391710337 0.251586 0.919242 -0.302819 -0.626513 -0.93843 0.308233 0.156016 -0.237501 0.236755 0.244923 0.940191 0.379567 0.206782 -0.113135 0.971824 0.381474 -0.977714 0.012948 0.209543 -0.493516 -0.0362899 -0.993495 -0.107937 0.439268 
1535391710515 0.251658 0.919231 -0.302791 -0.626142 -0.938359 0.30835 0.156212 -0.237342 0.23696 0.244815 0.940168 0.379644 0.207141 -0.112431 0.971829 0.381532 -0.977643 0.0129106 0.209874 -0.493621 -0.0361434 -0.993576 -0.107243 0.439113 
1535391710713 0.251729 0.919221 -0.302763 -0.625772 -0.938288 0.308467 0.156407 -0.237184 0.237165 0.244706 0.940144 0.379721 0.2075 -0.111727 0.971834 0.38159 -0.977572 0.0128736 0.210206 -0.493726 -0.0359967 -0.993656 -0.10655 0.438958 
1535391710921 0.251654 0.919229 -0.3028 -0.62601 -0.938341 0.308368 0.156286 -0.237254 0.237037 0.2448 0.940152 0.379642 0.20725 -0.112301 0.971821 0.381563 -0.97762 0.0129307 0.209981 -0.493593 -0.0361474 -0.99359 -0.107108 0.439113 
1535391710937 0.251624 0.919185 -0.30296 -0.625673 -0.938282 0.308436 0.156507 -0.237131 0.237303 0.244881 0.940064 0.379764 0.2072 -0.112533 0.971805 0.381605 -0.977581 0.0142254 0.210079 -0.493681 -0.0374651 -0.993546 -0.107062 0.439063 
1535391711114 0.251594 0.91914 -0.303119 -0.625332 -0.938222 0.308504 0.156728 -0.237006 0.237569 0.244961 0.939976 0.379888 0.207151 -0.112764 0.971788 0.381648 -0.97754 0.0155209 0.210178 -0.493769 -0.0387835 -0.993501 -0.107016 0.439013 
1535391711305 0.251565 0.919096 -0.303279 -0.624991 -0.938163 0.308573 0.156948 -0.236881 0.237834 0.245042 0.939888 0.380011 0.207101 -0.112995 0.971772 0.38169 -0.977497 0.0168162 0.210277 -0.493857 -0.0401018 -0.993453 -0.10697 0.438964 
1535391711486 0.251536 0.919051 -0.303438 -0.624649 -0.938104 0.308642 0.157169 -0.236755 0.2381 0.245123 0.9398 0.380134 0.20705 -0.113226 0.971756 0.381732 -0.977453 0.0181116 0.210375 -0.493946 -0.0414201 -0.993404 -0.106923 0.438914 
1535391711677 0.251506 0.919007 -0.303597 -0.624307 -0.938044 0.308711 0.15739 -0.236629 0.238366 0.245203 0.939711 0.380258 0.207 -0.113457 0.97174 0.381774 -0.977407 0.0194068 0.210474 -0.494034 -0.0427382 -0.993353 -0.106877 0.438864 
1535391711850 0.251477 0.918962 -0.303757 -0.623965 -0.937984 0.308779 0.15761 -0.236504 0.238631 0.245284 0.939623 0.380381 0.20695 -0.113688 0.971724 0.381817 -0.977359 0.0207021 0.210572 -0.494122 -0.0440563 -0.993301 -0.10683 0.438814 
1535391712028 0.251447 0.918917 -0.303916 -0.623624 -0.937925 0.308848 0.157831 -0.236379 0.238897 0.245364 0.939534 0.380504 0.206899 -0.113919 0.971707 0.381859 -0.97731 0.0219972 0.21067 -0.49421 -0.0453742 -0.993246 -0.106783 0.438764 
1535391712210 0.251418 0.918873 -0.304075 -0.623283 -0.937865 0.308917 0.158051 -0.236254 0.239163 0.245445 0.939446 0.380627 0.206847 -0.11415 0.971691 0.381901 -0.977258 0.0232923 0.210768 -0.494299 -0.0466922 -0.99319 -0.106736 0.438715 
1535391712383 0.251388 0.918828 -0.304235 -0.62294 -0.937805 0.308986 0.158271 -0.236128 0.239428 0.245525 0.939357 0.380751 0.206796 -0.114381 0.971675 0.381944 -0.977205 0.0245872 0.210867 -0.494387 -0.0480099 -0.993133 -0.106689 0.438665 
1535391712593 0.251629 0.918765 -0.304226 -0.623122 -0.937808 0.309144 0.157946 -0.236327 0.239165 0.245562 0.939415 0.380605 0.206724 -0.114041 0.97173 0.381852 -0.977306 0.0228765 0.210594 -0.494311 -0.0462463 -0.993213 -0.106724 0.438753 
1535391712696 0.251706 0.91864 -0.30454 -0.622884 -0.937788 0.30927 0.157813 -0.2362 0.239159 0.245871 0.939335 0.380708 0.206615 -0.113533 0.971813 0.381852 -0.977413 0.0211652 0.210278 -0.494352 -0.044442 -0.993309 -0.106595 0.438723 
1535391712837 0.251784 0.918515 -0.304853 -0.622641 -0.937769 0.309396 0.157681 -0.23607 0.239153 0.24618 0.939256 0.380812 0.206504 -0.113023 0.971896 0.381853 -0.977516 0.0194542 0.209961 -0.494393 -0.0426379 -0.993402 -0.106465 0.438692 
1535391713017 0.251862 0.918389 -0.305167 -0.622399 -0.937749 0.309523 0.157548 -0.235941 0.239147 0.24649 0.939176 0.380917 0.206393 -0.112514 0.971979 0.381853 -0.977617 0.017743 0.209644 -0.494434 -0.0408336 -0.993492 -0.106334 0.438662 
1535391713319 0.251941 0.918263 -0.305481 -0.622156 -0.93773 0.309649 0.157416 -0.235812 0.239141 0.246799 0.939096 0.381021 0.206281 -0.112005 0.972061 0.381854 -0.977714 0.0160315 0.209327 -0.494476 -0.0390293 -0.993578 -0.106202 0.438631 
1535391713496 0.252019 0.918137 -0.305794 -0.621912 -0.93771 0.309776 0.157283 -0.235682 0.239135 0.247108 0.939016 0.381125 0.206167 -0.111496 0.972144 0.381854 -0.977808 0.0143198 0.209011 -0.494517 -0.0372248 -0.993662 -0.10607 0.438601 
1535391713680 0.252097 0.918012 -0.306108 -0.62167 -0.937691 0.309902 0.15715 -0.235553 0.239129 0.247417 0.938937 0.381229 0.206053 -0.110987 0.972226 0.381855 -0.9779 0.012608 0.208695 -0.494558 -0.0354203 -0.993742 -0.105937 0.438571 
1535391713858 0.252175 0.917885 -0.306421 -0.621427 -0.937671 0.310029 0.157018 -0.235423 0.239124 0.247727 0.938856 0.381334 0.205938 -0.110479 0.972309 0.381855 -0.977987 0.0108958 0.208379 -0.4946 -0.0336156 -0.993819 -0.105803 0.43854 
1535391713867 0.252253 0.917759 -0.306735 -0.621184 -0.937652 0.310155 0.156885 -0.235294 0.239118 0.248036 0.938776 0.381438 0.205822 -0.109971 0.972391 0.381856 -0.978072 0.00918359 0.208063 -0.494641 -0.0318109 -0.993892 -0.105669 0.43851 
1535391714116 0.252331 0.917633 -0.307048 -0.620942 -0.937632 0.310281 0.156752 -0.235165 0.239112 0.248345 0.938696 0.381542 0.205705 -0.109463 0.972473 0.381856 -0.978154 0.00747102 0.207748 -0.494682 -0.030006 -0.993963 -0.105535 0.438479 
1535391714309 0.252287 0.917705 -0.306869 -0.621144 -0.937661 0.310191 0.156761 -0.235241 0.239048 0.24819 0.938753 0.381431 0.205819 -0.109841 0.972406 0.381883 -0.978096 0.00849436 0.207983 -0.494646 -0.031105 -0.993913 -0.105687 0.438508 
1535391714323 0.252346 0.917701 -0.306833 -0.620956 -0.937628 0.310259 0.156821 -0.23517 0.239112 0.248122 0.938755 0.381503 0.206224 -0.109849 0.972319 0.381896 -0.978032 0.00775185 0.208312 -0.494757 -0.0304202 -0.993918 -0.105838 0.438535 
1535391714345 0.252407 0.917695 -0.3068 -0.620763 -0.937596 0.310328 0.15688 -0.235096 0.239176 0.248057 0.938756 0.381575 0.20663 -0.109857 0.972232 0.381911 -0.977967 0.00700872 0.208641 -0.494874 -0.0297347 -0.993923 -0.105988 0.438562 
1535391714517 0.252467 0.91769 -0.306767 -0.62057 -0.937563 0.310396 0.156939 -0.235023 0.239241 0.247991 0.938757 0.381648 0.207036 -0.109864 0.972145 0.381926 -0.977902 0.00626562 0.20897 -0.494991 -0.0290493 -0.993927 -0.106139 0.43859 
1535391714579 0.252528 0.917684 -0.306734 -0.620377 -0.93753 0.310465 0.156998 -0.234949 0.239305 0.247926 0.938758 0.38172 0.207442 -0.10987 0.972058 0.381941 -0.977836 0.00552245 0.209299 -0.495108 -0.0283639 -0.993931 -0.10629 0.438617 
1535391714722 0.252588 0.917678 -0.306701 -0.620183 -0.937497 0.310534 0.157058 -0.234875 0.23937 0.24786 0.938758 0.381793 0.207847 -0.109877 0.97197 0.381956 -0.97777 0.00477925 0.209628 -0.495225 -0.0276785 -0.993934 -0.106441 0.438645 
1535391714843 0.252648 0.917673 -0.306668 -0.619991 -0.937465 0.310603 0.157117 -0.234802 0.239434 0.247795 0.938759 0.381866 0.208253 -0.109883 0.971883 0.38197 -0.977702 0.00403618 0.209956 -0.495341 -0.0269933 -0.993936 -0.106592 0.438672 
1535391714951 0.252709 0.917667 -0.306635 -0.619797 -0.937432 0.310671 0.157176 -0.234728 0.239498 0.247729 0.93876 0.381938 0.208659 -0.109889 0.971795 0.381985 -0.977635 0.00329294 0.210285 -0.495459 -0.026308 -0.993938 -0.106744 0.438699 
1535391715088 0.252769 0.917662 -0.306602 -0.619604 -0.937399 0.31074 0.157236 -0.234655 0.239563 0.247664 0.938761 0.382011 0.209064 -0.109894 0.971708 0.382 -0.977566 0.00254984 0.210613 -0.495575 -0.0256228 -0.99394 -0.106896 0.438727 
1535391715220 0.25283 0.917656 -0.306569 -0.61941 -0.937367 0.310809 0.157295 -0.234581 0.239627 0.247598 0.938762 0.382084 0.20947 -0.109899 0.97162 0.382015 -0.977497 0.00180659 0.210941 -0.495693 -0.0249376 -0.993941 -0.107048 0.438754 
1535391715353 0.252765 0.917701 -0.306487 -0.619611 -0.937381 0.310736 0.157351 -0.234693 0.239637 0.247522 0.938779 0.382054 0.208961 -0.109958 0.971723 0.381954 -0.977588 0.00255738 0.210511 -0.495631 -0.0256324 -0.993933 -0.106959 0.438714 
1535391715364 0.252802 0.917713 -0.306423 -0.619428 -0.93732 0.310814 0.157565 -0.234616 0.23984 0.247383 0.938764 0.382098 0.209156 -0.110117 0.971662 0.38196 -0.977525 0.00329898 0.210792 -0.495736 -0.0264173 -0.993913 -0.106952 0.438713 
1535391715380 0.252839 0.917724 -0.306359 -0.619241 -0.937258 0.310891 0.157779 -0.234536 0.240042 0.247245 0.938749 0.382144 0.209353 -0.110277 0.971602 0.381967 -0.977462 0.00404029 0.211074 -0.495844 -0.0272021 -0.993893 -0.106945 0.438712 
1535391715393 0.252876 0.917735 -0.306295 -0.619054 -0.937196 0.310969 0.157993 -0.234457 0.240244 0.247106 0.938734 0.382189 0.209549 -0.110436 0.971542 0.381973 -0.977397 0.00478157 0.211356 -0.495952 -0.0279869 -0.993872 -0.106938 0.438711 
1535391715573 0.252913 0.917746 -0.306232 -0.618866 -0.937134 0.311047 0.158207 -0.234378 0.240446 0.246967 0.938719 0.382234 0.209746 -0.110596 0.971481 0.38198 -0.977333 0.00552277 0.211638 -0.49606 -0.0287716 -0.99385 -0.106931 0.43871 
1535391715611 0.25295 0.917757 -0.306168 -0.61868 -0.937072 0.311124 0.158421 -0.234299 0.240648 0.246829 0.938703 0.382279 0.209941 -0.110756 0.97142 0.381987 -0.977267 0.00626398 0.211919 -0.496167 -0.0295563 -0.993828 -0.106923 0.438709 
1535391715748 0.252988 0.917768 -0.306104 -0.618492 -0.93701 0.311202 0.158635 -0.234219 0.24085 0.24669 0.938688 0.382324 0.210137 -0.110916 0.97136 0.381994 -0.977201 0.00700506 0.212201 -0.496275 -0.030341 -0.993805 -0.106915 0.438708 
1535391715800 0.253025 0.917779 -0.30604 -0.618305 -0.936949 0.311279 0.158849 -0.234141 0.241052 0.246551 0.938673 0.382369 0.210333 -0.111077 0.971299 0.382 -0.977134 0.00774616 0.212482 -0.496383 -0.0311257 -0.993782 -0.106907 0.438707 
1535391715926 0.253062 0.91779 -0.305977 -0.618117 -0.936886 0.311356 0.159063 -0.234061 0.241254 0.246413 0.938657 0.382415 0.210529 -0.111237 0.971238 0.382007 -0.977067 0.00848712 0.212764 -0.496491 -0.0319103 -0.993758 -0.106899 0.438707 
1535391715980 0.253099 0.917801 -0.305913 -0.61793 -0.936824 0.311434 0.159277 -0.233982 0.241456 0.246274 0.938642 0.38246 0.210724 -0.111398 0.971178 0.382014 -0.976999 0.00922811 0.213046 -0.496598 -0.0326949 -0.993733 -0.106891 0.438706 
1535391716113 0.252791 0.917906 -0.305851 -0.618374 -0.937071 0.310964 0.158743 -0.234105 0.24082 0.246475 0.938752 0.382437 0.210447 -0.111088 0.971273 0.382038 -0.977111 0.00768753 0.212591 -0.496324 -0.031083 -0.993781 -0.106927 0.438757 
1535391716131 0.252831 0.917918 -0.305782 -0.618115 -0.937017 0.311033 0.158926 -0.234001 0.24099 0.246341 0.938744 0.382511 0.210415 -0.110824 0.97131 0.382028 -0.97711 0.00801607 0.212586 -0.496438 -0.0313458 -0.993808 -0.106601 0.438699 
1535391716152 0.252869 0.91793 -0.305714 -0.617852 -0.936963 0.311103 0.159108 -0.233896 0.241158 0.246209 0.938735 0.382585 0.210383 -0.11056 0.971347 0.382018 -0.977108 0.00834451 0.212581 -0.496552 -0.0316083 -0.993834 -0.106273 0.438641 
1535391716171 0.252908 0.917942 -0.305645 -0.61759 -0.936909 0.311172 0.15929 -0.23379 0.241327 0.246076 0.938727 0.38266 0.210352 -0.110295 0.971384 0.382008 -0.977106 0.00867295 0.212576 -0.496667 -0.0318709 -0.993861 -0.105946 0.438583 
1535391716411 0.252947 0.917954 -0.305577 -0.617327 -0.936855 0.311241 0.159472 -0.233684 0.241496 0.245944 0.938718 0.382734 0.21032 -0.110031 0.971421 0.381998 -0.977104 0.00900138 0.212571 -0.496782 -0.0321335 -0.993887 -0.105619 0.438525 
1535391716553 0.252985 0.917967 -0.305509 -0.617065 -0.936801 0.311311 0.159654 -0.233579 0.241665 0.245811 0.938709 0.382808 0.210289 -0.109767 0.971458 0.381988 -0.977102 0.00932997 0.212565 -0.496897 -0.0323962 -0.993914 -0.105291 0.438467 
1535391716570 0.253024 0.917978 -0.305441 -0.616801 -0.936747 0.31138 0.159836 -0.233473 0.241834 0.245679 0.9387 0.382883 0.210258 -0.109502 0.971494 0.381978 -0.9771 0.00965824 0.21256 -0.497011 -0.0326587 -0.99394 -0.104964 0.438409 
1535391716702 0.253063 0.917991 -0.305373 -0.616539 -0.936693 0.311449 0.160018 -0.233367 0.242003 0.245546 0.938692 0.382957 0.210227 -0.109238 0.971531 0.381968 -0.977098 0.00998669 0.212554 -0.497126 -0.0329213 -0.993965 -0.104637 0.438351 
1535391716911 0.253102 0.918002 -0.305305 -0.616275 -0.936639 0.311518 0.160199 -0.233261 0.242171 0.245414 0.938683 0.383032 0.210196 -0.108973 0.971567 0.381959 -0.977096 0.0103151 0.212549 -0.497241 -0.0331839 -0.993991 -0.104309 0.438293 
1535391717054 0.253141 0.918014 -0.305237 -0.616013 -0.936585 0.311588 0.160381 -0.233155 0.24234 0.245281 0.938674 0.383107 0.210164 -0.108709 0.971603 0.381949 -0.977094 0.0106435 0.212543 -0.497356 -0.0334465 -0.994017 -0.103982 0.438235 
1535391717189 0.252965 0.918051 -0.305273 -0.616268 -0.936714 0.311344 0.160099 -0.233231 0.242024 0.245454 0.93871 0.383016 0.21012 -0.109212 0.971557 0.381963 -0.977112 0.010266 0.212476 -0.497207 -0.0331788 -0.993965 -0.104555 0.43829 
1535391717207 0.253085 0.918031 -0.305234 -0.615959 -0.936671 0.311461 0.16012 -0.233132 0.242064 0.24538 0.938719 0.383095 0.210075 -0.108761 0.971617 0.381952 -0.977136 0.00994555 0.212382 -0.497326 -0.0327622 -0.994018 -0.104185 0.438221 
1535391717227 0.253204 0.91801 -0.305196 -0.615646 -0.936629 0.311579 0.16014 -0.233031 0.242103 0.245308 0.938728 0.383175 0.210031 -0.108311 0.971677 0.381942 -0.97716 0.00962461 0.212289 -0.497446 -0.0323452 -0.99407 -0.103815 0.438153 
1535391717418 0.253323 0.91799 -0.305159 -0.615332 -0.936587 0.311696 0.160161 -0.23293 0.242143 0.245235 0.938737 0.383255 0.209986 -0.10786 0.971737 0.381932 -0.977183 0.00930365 0.212196 -0.497566 -0.0319282 -0.994123 -0.103446 0.438084 
1535391717593 0.253442 0.917969 -0.305121 -0.615018 -0.936544 0.311813 0.160181 -0.232829 0.242182 0.245163 0.938745 0.383336 0.209942 -0.10741 0.971796 0.381921 -0.977206 0.00898261 0.212103 -0.497687 -0.0315112 -0.994174 -0.103076 0.438015 
1535391717770 0.253562 0.917949 -0.305084 -0.614704 -0.936502 0.31193 0.160201 -0.232727 0.242221 0.24509 0.938754 0.383416 0.209897 -0.106959 0.971855 0.381911 -0.977229 0.00866151 0.212011 -0.497807 -0.0310943 -0.994226 -0.102706 0.437947 
1535391717936 0.253681 0.917929 -0.305046 -0.614391 -0.936459 0.312047 0.160222 -0.232627 0.242261 0.245018 0.938763 0.383496 0.209852 -0.106509 0.971915 0.381901 -0.977252 0.00834045 0.211918 -0.497927 -0.0306774 -0.994277 -0.102336 0.437878 
1535391718109 0.2538 0.917908 -0.305009 -0.614077 -0.936417 0.312164 0.160242 -0.232525 0.2423 0.244946 0.938772 0.383576 0.209807 -0.106058 0.971974 0.38189 -0.977274 0.00801924 0.211826 -0.498048 -0.0302604 -0.994328 -0.101965 0.43781 
1535391718283 0.25392 0.917888 -0.304971 -0.613764 -0.936374 0.312281 0.160262 -0.232424 0.242339 0.244873 0.93878 0.383657 0.209762 -0.105608 0.972032 0.38188 -0.977297 0.00769808 0.211734 -0.498168 -0.0298435 -0.994378 -0.101595 0.437741 
1535391718447 0.254039 0.917867 -0.304934 -0.613449 -0.936331 0.312399 0.160282 -0.232322 0.242379 0.244801 0.938789 0.383737 0.209717 -0.105157 0.972091 0.38187 -0.977319 0.00737665 0.211643 -0.498288 -0.0294265 -0.994428 -0.101225 0.437673 
1535391718654 0.253935 0.917867 -0.30502 -0.613702 -0.936364 0.31231 0.160263 -0.232378 0.242361 0.244913 0.938764 0.383609 0.20974 -0.10574 0.972023 0.381911 -0.977297 0.00781288 0.211728 -0.498135 -0.0299824 -0.994363 -0.101701 0.437766 
1535391718665 0.254173 0.917931 -0.304629 -0.613413 -0.936308 0.31246 0.160302 -0.232246 0.242331 0.244482 0.938885 0.383665 0.20984 -0.105462 0.972031 0.381913 -0.977295 0.00720624 0.211759 -0.498257 -0.0293371 -0.994397 -0.101555 0.437734 
1535391718682 0.254412 0.917994 -0.304239 -0.613119 -0.936251 0.312611 0.160341 -0.232111 0.242301 0.244052 0.939004 0.383722 0.209942 -0.105182 0.97204 0.381916 -0.977293 0.00660046 0.211791 -0.498382 -0.0286925 -0.994431 -0.101408 0.437702 
1535391718861 0.25465 0.918057 -0.30385 -0.612823 -0.936194 0.312762 0.160379 -0.231975 0.24227 0.243622 0.939124 0.38378 0.210044 -0.104903 0.972048 0.38192 -0.97729 0.0059946 0.211824 -0.498509 -0.0280479 -0.994464 -0.101261 0.437671 
1535391718994 0.254889 0.91812 -0.30346 -0.612529 -0.936137 0.312913 0.160418 -0.23184 0.242239 0.243191 0.939243 0.383837 0.210145 -0.104623 0.972056 0.381923 -0.977286 0.00538882 0.211856 -0.498635 -0.0274033 -0.994497 -0.101115 0.437639 
