1533306046739 0.151191 0.938605 -0.310099 -0.599471 -0.949353 0.225286 0.219032 -0.220926 0.275446 0.261278 0.925129 0.378959 1 0 0 0 0 1 0 0 0 0 1 1.306 
1533306046752 0.149107 0.938233 -0.312227 -0.599499 -0.950274 0.223266 0.217096 -0.221131 0.273397 0.264331 0.924869 0.379332 0.313239 -0.3866 0.867422 0.386189 -0.93126 -0.304042 0.200784 -0.500185 0.18611 -0.870689 -0.455263 0.505382 
1533306046758 0.147028 0.937849 -0.314358 -0.599526 -0.951188 0.221239 0.215163 -0.221336 0.271339 0.267379 0.924599 0.379704 0.316244 -0.384866 0.867103 0.400216 -0.929998 -0.306258 0.203249 -0.504049 0.187334 -0.87068 -0.454777 0.486145 
1533306046772 0.144952 0.937455 -0.316491 -0.599554 -0.952093 0.219205 0.213235 -0.22154 0.269274 0.27042 0.924318 0.380077 0.316258 -0.384857 0.867102 0.400836 -0.929992 -0.306267 0.203261 -0.504368 0.187338 -0.870681 -0.454774 0.485921 
1533306046789 0.142881 0.93705 -0.318626 -0.599581 -0.952989 0.217163 0.211309 -0.221745 0.267201 0.273455 0.924027 0.380449 0.316239 -0.384881 0.867098 0.400855 -0.93 -0.306257 0.203241 -0.504361 0.187331 -0.870674 -0.454789 0.485943 
1533306046808 0.140814 0.936634 -0.320763 -0.599609 -0.953878 0.215114 0.209388 -0.22195 0.26512 0.276484 0.923725 0.380822 0.316214 -0.384899 0.867099 0.400827 -0.930009 -0.306245 0.203216 -0.504329 0.187327 -0.87067 -0.454799 0.48594 
1533306046822 0.138751 0.936206 -0.322902 -0.599637 -0.954758 0.213058 0.20747 -0.222155 0.263032 0.279506 0.923413 0.381195 0.3162 -0.384907 0.867101 0.400798 -0.930014 -0.306239 0.203202 -0.504306 0.187326 -0.870669 -0.454801 0.485922 
1533306046839 0.136693 0.935769 -0.325042 -0.599664 -0.95563 0.210995 0.205556 -0.22236 0.260935 0.282522 0.92309 0.381567 0.316197 -0.384904 0.867103 0.400778 -0.930014 -0.30624 0.2032 -0.504292 0.187329 -0.87067 -0.454799 0.485903 
1533306046855 0.134639 0.935319 -0.327185 -0.599694 -0.956493 0.208924 0.203647 -0.222565 0.258832 0.285531 0.922756 0.381939 0.316201 -0.384895 0.867106 0.400765 -0.930012 -0.306246 0.203202 -0.504277 0.187337 -0.870672 -0.454792 0.485883 
1533306046872 0.132589 0.934863 -0.329319 -0.599741 -0.957347 0.206846 0.201747 -0.222775 0.256725 0.288523 0.922414 0.382291 0.316123 -0.384928 0.86712 0.40068 -0.93004 -0.30621 0.20313 -0.504145 0.18733 -0.87067 -0.454798 0.485852 
1533306046900 0.150479 0.938615 -0.310415 -0.599426 -0.949631 0.224538 0.218594 -0.220924 0.274876 0.261886 0.925126 0.379079 1 0 0 0 0 1 0 0 0 0 1 1.306 
1533306046912 0.148469 0.938239 -0.312513 -0.599458 -0.950522 0.222593 0.216703 -0.221129 0.272882 0.264877 0.924865 0.37944 0.313239 -0.3866 0.867422 0.386189 -0.93126 -0.304042 0.200784 -0.500185 0.18611 -0.870689 -0.455263 0.505382 
1533306046929 0.146463 0.937852 -0.314613 -0.59949 -0.951405 0.220642 0.214815 -0.221334 0.270881 0.267862 0.924594 0.3798 0.316244 -0.384866 0.867103 0.400216 -0.929998 -0.306258 0.203249 -0.504049 0.187334 -0.87068 -0.454777 0.486145 
1533306046945 0.144461 0.937456 -0.316714 -0.599523 -0.952281 0.218683 0.21293 -0.221539 0.268873 0.27084 0.924312 0.380161 0.316258 -0.384857 0.867102 0.400836 -0.929992 -0.306267 0.203261 -0.504368 0.187338 -0.870681 -0.454774 0.485921 
1533306046962 0.142464 0.937048 -0.318818 -0.599555 -0.953148 0.216718 0.211049 -0.221744 0.266857 0.273814 0.92402 0.380521 0.316239 -0.384881 0.867098 0.400855 -0.93 -0.306257 0.203241 -0.504361 0.187331 -0.870674 -0.454789 0.485943 
1533306046979 0.14047 0.936631 -0.320922 -0.599587 -0.954008 0.214746 0.209172 -0.221949 0.264834 0.27678 0.923718 0.380882 0.316214 -0.384899 0.867099 0.400827 -0.930009 -0.306245 0.203216 -0.504329 0.187327 -0.87067 -0.454799 0.48594 
1533306046995 0.138481 0.936202 -0.32303 -0.599619 -0.95486 0.212767 0.207299 -0.222155 0.262804 0.279741 0.923406 0.381243 0.3162 -0.384907 0.867101 0.400798 -0.930014 -0.306239 0.203202 -0.504306 0.187326 -0.870669 -0.454801 0.485922 
1533306047012 0.136495 0.935764 -0.325138 -0.599652 -0.955704 0.210782 0.205429 -0.22236 0.260766 0.282695 0.923084 0.381603 0.316197 -0.384904 0.867103 0.400778 -0.930014 -0.30624 0.2032 -0.504292 0.187329 -0.87067 -0.454799 0.485903 
1533306047028 0.134514 0.935315 -0.327248 -0.599685 -0.95654 0.208789 0.203563 -0.222565 0.258722 0.285643 0.922752 0.381963 0.316201 -0.384895 0.867106 0.400765 -0.930012 -0.306246 0.203202 -0.504277 0.187337 -0.870672 -0.454792 0.485883 
1533306047035 0.132537 0.93486 -0.32935 -0.599737 -0.957368 0.206789 0.201707 -0.222776 0.256674 0.288576 0.922411 0.382303 0.316123 -0.384928 0.86712 0.40068 -0.93004 -0.30621 0.20313 -0.504145 0.18733 -0.87067 -0.454798 0.485852 
1533306047061 0.145537 0.937805 -0.315182 -0.599471 -0.951634 0.219821 0.214643 -0.221372 0.270577 0.2687 0.92444 0.379992 1 0 0 0 0 1 0 0 0 0 1 1.306 
1533306047072 0.144405 0.937451 -0.316754 -0.599479 -0.952285 0.218644 0.212952 -0.22146 0.268889 0.270888 0.924293 0.380227 0.313239 -0.3866 0.867422 0.386189 -0.93126 -0.304042 0.200784 -0.500185 0.18611 -0.870689 -0.455263 0.505382 
1533306047089 0.143275 0.937092 -0.318326 -0.599487 -0.952931 0.217462 0.211263 -0.221547 0.267197 0.273074 0.924141 0.380463 0.316244 -0.384866 0.867103 0.400216 -0.929998 -0.306258 0.203249 -0.504049 0.187334 -0.87068 -0.454777 0.486145 
1533306047106 0.142148 0.936727 -0.319899 -0.599494 -0.953574 0.216277 0.209576 -0.221635 0.265502 0.275257 0.923982 0.380698 0.316258 -0.384857 0.867102 0.400836 -0.929992 -0.306267 0.203261 -0.504368 0.187338 -0.870681 -0.454774 0.485921 
1533306047122 0.141024 0.936359 -0.321473 -0.599502 -0.954212 0.215086 0.20789 -0.221723 0.263804 0.277436 0.923817 0.380933 0.316239 -0.384881 0.867098 0.400855 -0.93 -0.306257 0.203241 -0.504361 0.187331 -0.870674 -0.454789 0.485943 
1533306047139 0.139903 0.935985 -0.323047 -0.59951 -0.954845 0.213892 0.206205 -0.22181 0.262102 0.279612 0.923645 0.381169 0.316214 -0.384899 0.867099 0.400827 -0.930009 -0.306245 0.203216 -0.504329 0.187327 -0.87067 -0.454799 0.48594 
1533306047156 0.138784 0.935606 -0.324623 -0.599518 -0.955475 0.212694 0.204522 -0.221898 0.260397 0.281785 0.923467 0.381404 0.3162 -0.384907 0.867101 0.400798 -0.930014 -0.306239 0.203202 -0.504306 0.187326 -0.870669 -0.454801 0.485922 
1533306047172 0.137668 0.935223 -0.326199 -0.599526 -0.9561 0.211491 0.20284 -0.221986 0.258689 0.283954 0.923282 0.381639 0.316197 -0.384904 0.867103 0.400778 -0.930014 -0.30624 0.2032 -0.504292 0.187329 -0.87067 -0.454799 0.485903 
1533306047189 0.136555 0.934835 -0.327776 -0.599535 -0.956721 0.210284 0.20116 -0.222074 0.256977 0.286121 0.923091 0.381874 0.316201 -0.384895 0.867106 0.400765 -0.930012 -0.306246 0.203202 -0.504277 0.187337 -0.870672 -0.454792 0.485883 
1533306047205 0.135444 0.934444 -0.329346 -0.599559 -0.957337 0.209071 0.199486 -0.222169 0.255266 0.288276 0.922896 0.382094 0.316123 -0.384928 0.86712 0.40068 -0.93004 -0.30621 0.20313 -0.504145 0.18733 -0.87067 -0.454798 0.485852 
1533306047230 0.140438 0.936141 -0.322363 -0.599972 -0.954279 0.214758 0.207922 -0.221933 0.263874 0.278424 0.923499 0.38052 1 0 0 0 0 1 0 0 0 0 1 1.306 
1533306047242 0.139753 0.93589 -0.323388 -0.599979 -0.954952 0.213736 0.205871 -0.221954 0.261792 0.280049 0.9236 0.380605 0.313239 -0.3866 0.867422 0.386189 -0.93126 -0.304042 0.200784 -0.500185 0.18611 -0.870689 -0.455263 0.505382 
1533306047259 0.139071 0.935636 -0.324415 -0.599987 -0.955621 0.212713 0.203819 -0.221976 0.259707 0.281673 0.923695 0.38069 0.316244 -0.384866 0.867103 0.400216 -0.929998 -0.306258 0.203249 -0.504049 0.187334 -0.87068 -0.454777 0.486145 
1533306047275 0.138392 0.93538 -0.325442 -0.599994 -0.956284 0.211685 0.201768 -0.221997 0.25762 0.283292 0.923784 0.380775 0.316258 -0.384857 0.867102 0.400836 -0.929992 -0.306267 0.203261 -0.504368 0.187338 -0.870681 -0.454774 0.485921 
1533306047292 0.137715 0.935121 -0.326472 -0.600002 -0.956942 0.210654 0.199716 -0.222019 0.255531 0.284911 0.923867 0.38086 0.316239 -0.384881 0.867098 0.400855 -0.93 -0.306257 0.203241 -0.504361 0.187331 -0.870674 -0.454789 0.485943 
1533306047309 0.13704 0.93486 -0.327501 -0.600009 -0.957595 0.209618 0.197665 -0.22204 0.253439 0.286525 0.923944 0.380945 0.316214 -0.384899 0.867099 0.400827 -0.930009 -0.306245 0.203216 -0.504329 0.187327 -0.87067 -0.454799 0.48594 
1533306047326 0.136367 0.934597 -0.328532 -0.600017 -0.958243 0.20858 0.195614 -0.222062 0.251345 0.288138 0.924014 0.381029 0.3162 -0.384907 0.867101 0.400798 -0.930014 -0.306239 0.203202 -0.504306 0.187326 -0.870669 -0.454801 0.485922 
1533306047342 0.135696 0.934331 -0.329563 -0.600025 -0.958886 0.207537 0.193563 -0.222084 0.249249 0.289747 0.924079 0.381114 0.316197 -0.384904 0.867103 0.400778 -0.930014 -0.30624 0.2032 -0.504292 0.187329 -0.87067 -0.454799 0.485903 
1533306047359 0.135028 0.934063 -0.330595 -0.600033 -0.959523 0.206491 0.191513 -0.222105 0.24715 0.291354 0.924137 0.381199 0.316201 -0.384895 0.867106 0.400765 -0.930012 -0.306246 0.203202 -0.504277 0.187337 -0.870672 -0.454792 0.485883 
1533306047375 0.134361 0.933795 -0.331623 -0.600052 -0.960154 0.20544 0.189469 -0.222135 0.245054 0.292951 0.92419 0.381273 0.316123 -0.384928 0.86712 0.40068 -0.93004 -0.30621 0.20313 -0.504145 0.18733 -0.87067 -0.454798 0.485852 
1533306047401 0.138102 0.935023 -0.326588 -0.599974 -0.95585 0.212186 0.203295 -0.22198 0.259383 0.284093 0.923045 0.381069 1 0 0 0 0 1 0 0 0 0 1 1.306 
1533306047412 0.137372 0.934854 -0.327379 -0.599947 -0.956171 0.211439 0.20256 -0.222042 0.258585 0.285204 0.922926 0.381135 0.313239 -0.3866 0.867422 0.386189 -0.93126 -0.304042 0.200784 -0.500185 0.18611 -0.870689 -0.455263 0.505382 
1533306047429 0.136642 0.934684 -0.32817 -0.59992 -0.956491 0.210691 0.201825 -0.222104 0.257785 0.286314 0.922806 0.381201 0.316244 -0.384866 0.867103 0.400216 -0.929998 -0.306258 0.203249 -0.504049 0.187334 -0.87068 -0.454777 0.486145 
1533306047445 0.135913 0.934512 -0.328961 -0.599893 -0.956811 0.209942 0.20109 -0.222166 0.256984 0.287423 0.922685 0.381268 0.316258 -0.384857 0.867102 0.400836 -0.929992 -0.306267 0.203261 -0.504368 0.187338 -0.870681 -0.454774 0.485921 
1533306047462 0.135184 0.934338 -0.329753 -0.599866 -0.957129 0.209192 0.200356 -0.222228 0.256182 0.288531 0.922562 0.381334 0.316239 -0.384881 0.867098 0.400855 -0.93 -0.306257 0.203241 -0.504361 0.187331 -0.870674 -0.454789 0.485943 
1533306047479 0.134456 0.934163 -0.330545 -0.599839 -0.957446 0.208441 0.199622 -0.222289 0.255378 0.289639 0.922438 0.3814 0.316214 -0.384899 0.867099 0.400827 -0.930009 -0.306245 0.203216 -0.504329 0.187327 -0.87067 -0.454799 0.48594 
1533306047496 0.133729 0.933987 -0.331337 -0.599812 -0.957762 0.207689 0.198888 -0.222351 0.254574 0.290745 0.922312 0.381466 0.3162 -0.384907 0.867101 0.400798 -0.930014 -0.306239 0.203202 -0.504306 0.187326 -0.870669 -0.454801 0.485922 
1533306047512 0.133002 0.93381 -0.332129 -0.599785 -0.958077 0.206936 0.198156 -0.222413 0.253769 0.291851 0.922185 0.381532 0.316197 -0.384904 0.867103 0.400778 -0.930014 -0.30624 0.2032 -0.504292 0.187329 -0.87067 -0.454799 0.485903 
1533306047529 0.132276 0.93363 -0.332922 -0.599759 -0.958391 0.206183 0.197423 -0.222475 0.252963 0.292955 0.922056 0.381598 0.316201 -0.384895 0.867106 0.400765 -0.930012 -0.306246 0.203202 -0.504277 0.187337 -0.870672 -0.454792 0.485883 
1533306047546 0.13155 0.933451 -0.333712 -0.599742 -0.958703 0.205428 0.196694 -0.22254 0.252158 0.294056 0.921926 0.381658 0.316123 -0.384928 0.86712 0.40068 -0.93004 -0.30621 0.20313 -0.504145 0.18733 -0.87067 -0.454798 0.485852 
1533306047570 0.13646 0.934469 -0.328857 -0.600068 -0.957662 0.209383 0.197591 -0.22216 0.253499 0.287971 0.923478 0.381106 1 0 0 0 0 1 0 0 0 0 1 1.306 
1533306047582 0.136081 0.934478 -0.328987 -0.600053 -0.957872 0.20888 0.197106 -0.222194 0.25291 0.288306 0.923535 0.381143 0.313239 -0.3866 0.867422 0.386189 -0.93126 -0.304042 0.200784 -0.500185 0.18611 -0.870689 -0.455263 0.505382 
1533306047599 0.135703 0.934487 -0.329119 -0.600038 -0.958081 0.208377 0.196619 -0.222227 0.252319 0.288641 0.923592 0.381181 0.316244 -0.384866 0.867103 0.400216 -0.929998 -0.306258 0.203249 -0.504049 0.187334 -0.87068 -0.454777 0.486145 
1533306047616 0.135325 0.934496 -0.32925 -0.600023 -0.95829 0.207874 0.196133 -0.222261 0.251728 0.288975 0.923648 0.381218 0.316258 -0.384857 0.867102 0.400836 -0.929992 -0.306267 0.203261 -0.504368 0.187338 -0.870681 -0.454774 0.485921 
1533306047632 0.134946 0.934504 -0.329381 -0.600008 -0.958499 0.20737 0.195647 -0.222295 0.251136 0.289309 0.923705 0.381256 0.316239 -0.384881 0.867098 0.400855 -0.93 -0.306257 0.203241 -0.504361 0.187331 -0.870674 -0.454789 0.485943 
1533306047649 0.134569 0.934512 -0.329512 -0.599993 -0.958707 0.206867 0.195161 -0.222328 0.250545 0.289643 0.923761 0.381293 0.316214 -0.384899 0.867099 0.400827 -0.930009 -0.306245 0.203216 -0.504329 0.187327 -0.87067 -0.454799 0.48594 
1533306047665 0.13419 0.93452 -0.329644 -0.599978 -0.958914 0.206363 0.194674 -0.222362 0.249953 0.289977 0.923816 0.38133 0.3162 -0.384907 0.867101 0.400798 -0.930014 -0.306239 0.203202 -0.504306 0.187326 -0.870669 -0.454801 0.485922 
1533306047682 0.133812 0.934528 -0.329776 -0.599963 -0.959121 0.205859 0.194188 -0.222396 0.249361 0.29031 0.923872 0.381368 0.316197 -0.384904 0.867103 0.400778 -0.930014 -0.30624 0.2032 -0.504292 0.187329 -0.87067 -0.454799 0.485903 
1533306047699 0.133434 0.934535 -0.329907 -0.599948 -0.959327 0.205354 0.193702 -0.22243 0.24877 0.290642 0.923927 0.381405 0.316201 -0.384895 0.867106 0.400765 -0.930012 -0.306246 0.203202 -0.504277 0.187337 -0.870672 -0.454792 0.485883 
1533306047715 0.133057 0.934543 -0.330039 -0.599936 -0.959533 0.20485 0.193217 -0.222464 0.248178 0.290974 0.923981 0.38144 0.316123 -0.384928 0.86712 0.40068 -0.93004 -0.30621 0.20313 -0.504145 0.18733 -0.87067 -0.454798 0.485852 
1533306047743 0.133773 0.933671 -0.332211 -0.600087 -0.958059 0.207568 0.19758 -0.222237 0.253431 0.291847 0.922279 0.381241 1 0 0 0 0 1 0 0 0 0 1 1.306 
1533306047755 0.133499 0.933619 -0.332465 -0.600061 -0.958199 0.207249 0.197235 -0.222264 0.253045 0.292237 0.922261 0.381347 0.313239 -0.3866 0.867422 0.386189 -0.93126 -0.304042 0.200784 -0.500185 0.18611 -0.870689 -0.455263 0.505382 
1533306047772 0.133225 0.933568 -0.332718 -0.600035 -0.958339 0.20693 0.19689 -0.22229 0.25266 0.292626 0.922244 0.381453 0.316244 -0.384866 0.867103 0.400216 -0.929998 -0.306258 0.203249 -0.504049 0.187334 -0.87068 -0.454777 0.486145 
1533306047789 0.132951 0.933517 -0.332971 -0.600009 -0.958479 0.206611 0.196545 -0.222317 0.252274 0.293015 0.922226 0.381558 0.316258 -0.384857 0.867102 0.400836 -0.929992 -0.306267 0.203261 -0.504368 0.187338 -0.870681 -0.454774 0.485921 
1533306047807 0.132677 0.933466 -0.333225 -0.599983 -0.958618 0.206291 0.1962 -0.222343 0.251888 0.293404 0.922207 0.381664 0.316239 -0.384881 0.867098 0.400855 -0.93 -0.306257 0.203241 -0.504361 0.187331 -0.870674 -0.454789 0.485943 
1533306047822 0.132404 0.933414 -0.333479 -0.599957 -0.958758 0.205972 0.195856 -0.22237 0.251501 0.293793 0.922189 0.38177 0.316214 -0.384899 0.867099 0.400827 -0.930009 -0.306245 0.203216 -0.504329 0.187327 -0.87067 -0.454799 0.48594 
1533306047839 0.13213 0.933362 -0.333732 -0.59993 -0.958897 0.205652 0.195511 -0.222397 0.251115 0.294182 0.92217 0.381876 0.3162 -0.384907 0.867101 0.400798 -0.930014 -0.306239 0.203202 -0.504306 0.187326 -0.870669 -0.454801 0.485922 
1533306047855 0.131857 0.93331 -0.333986 -0.599904 -0.959035 0.205332 0.195166 -0.222423 0.250729 0.29457 0.922152 0.381982 0.316197 -0.384904 0.867103 0.400778 -0.930014 -0.30624 0.2032 -0.504292 0.187329 -0.87067 -0.454799 0.485903 
1533306047872 0.131584 0.933257 -0.33424 -0.599879 -0.959174 0.205012 0.194822 -0.22245 0.250342 0.294959 0.922132 0.382087 0.316201 -0.384895 0.867106 0.400765 -0.930012 -0.306246 0.203202 -0.504277 0.187337 -0.870672 -0.454792 0.485883 
1533306047889 0.131311 0.933206 -0.334492 -0.599857 -0.959312 0.204692 0.194479 -0.222478 0.249956 0.295345 0.922113 0.382189 0.316123 -0.384928 0.86712 0.40068 -0.93004 -0.30621 0.20313 -0.504145 0.18733 -0.87067 -0.454798 0.485852 
1533306047916 0.133586 0.934098 -0.331082 -0.599998 -0.958849 0.206273 0.195088 -0.222409 0.250525 0.291397 0.923215 0.381389 1 0 0 0 0 1 0 0 0 0 1 1.306 
1533306047929 0.13334 0.934165 -0.330993 -0.59998 -0.958902 0.206004 0.195115 -0.222443 0.250456 0.291373 0.923241 0.381424 0.313239 -0.3866 0.867422 0.386189 -0.93126 -0.304042 0.200784 -0.500185 0.18611 -0.870689 -0.455263 0.505382 
1533306047946 0.133092 0.934232 -0.330904 -0.599962 -0.958954 0.205733 0.195143 -0.222477 0.250387 0.29135 0.923267 0.38146 0.316244 -0.384866 0.867103 0.400216 -0.929998 -0.306258 0.203249 -0.504049 0.187334 -0.87068 -0.454777 0.486145 
1533306047962 0.132844 0.934299 -0.330815 -0.599944 -0.959006 0.205463 0.195171 -0.22251 0.250318 0.291326 0.923293 0.381495 0.316258 -0.384857 0.867102 0.400836 -0.929992 -0.306267 0.203261 -0.504368 0.187338 -0.870681 -0.454774 0.485921 
1533306047979 0.132596 0.934365 -0.330726 -0.599926 -0.959059 0.205193 0.195198 -0.222544 0.250249 0.291303 0.923319 0.381531 0.316239 -0.384881 0.867098 0.400855 -0.93 -0.306257 0.203241 -0.504361 0.187331 -0.870674 -0.454789 0.485943 
1533306047995 0.132349 0.934432 -0.330637 -0.599909 -0.959111 0.204923 0.195226 -0.222578 0.25018 0.29128 0.923345 0.381566 0.316214 -0.384899 0.867099 0.400827 -0.930009 -0.306245 0.203216 -0.504329 0.187327 -0.87067 -0.454799 0.48594 
1533306048012 0.132101 0.934499 -0.330548 -0.599891 -0.959163 0.204652 0.195253 -0.222612 0.250111 0.291256 0.923371 0.381601 0.3162 -0.384907 0.867101 0.400798 -0.930014 -0.306239 0.203202 -0.504306 0.187326 -0.870669 -0.454801 0.485922 
1533306048029 0.131853 0.934565 -0.330459 -0.599873 -0.959215 0.204382 0.195281 -0.222646 0.250043 0.291233 0.923397 0.381637 0.316197 -0.384904 0.867103 0.400778 -0.930014 -0.30624 0.2032 -0.504292 0.187329 -0.87067 -0.454799 0.485903 
1533306048045 0.131606 0.934631 -0.33037 -0.599855 -0.959267 0.204112 0.195308 -0.222679 0.249973 0.291209 0.923423 0.381672 0.316201 -0.384895 0.867106 0.400765 -0.930012 -0.306246 0.203202 -0.504277 0.187337 -0.870672 -0.454792 0.485883 
1533306048062 0.131358 0.934698 -0.330281 -0.599837 -0.959319 0.203841 0.195336 -0.222712 0.249905 0.291185 0.923449 0.381707 0.316123 -0.384928 0.86712 0.40068 -0.93004 -0.30621 0.20313 -0.504145 0.18733 -0.87067 -0.454798 0.485852 
1533306048090 0.132195 0.933236 -0.334059 -0.600086 -0.958918 0.205745 0.195308 -0.22241 0.251 0.294516 0.922095 0.381676 1 0 0 0 0 1 0 0 0 0 1 1.306 
1533306048103 0.132131 0.933269 -0.333992 -0.60007 -0.958944 0.20565 0.195278 -0.222437 0.250932 0.294477 0.922126 0.381759 0.313239 -0.3866 0.867422 0.386189 -0.93126 -0.304042 0.200784 -0.500185 0.18611 -0.870689 -0.455263 0.505382 
1533306048119 0.132064 0.933302 -0.333925 -0.600054 -0.958971 0.205554 0.195248 -0.222464 0.250865 0.29444 0.922156 0.381842 0.316244 -0.384866 0.867103 0.400216 -0.929998 -0.306258 0.203249 -0.504049 0.187334 -0.87068 -0.454777 0.486145 
1533306048135 0.131999 0.933335 -0.333858 -0.600038 -0.958998 0.205459 0.195217 -0.222491 0.250797 0.294401 0.922187 0.381925 0.316258 -0.384857 0.867102 0.400836 -0.929992 -0.306267 0.203261 -0.504368 0.187338 -0.870681 -0.454774 0.485921 
1533306048152 0.131934 0.933369 -0.333791 -0.600022 -0.959024 0.205363 0.195187 -0.222518 0.25073 0.294362 0.922218 0.382008 0.316239 -0.384881 0.867098 0.400855 -0.93 -0.306257 0.203241 -0.504361 0.187331 -0.870674 -0.454789 0.485943 
1533306048169 0.131867 0.933402 -0.333725 -0.600007 -0.959051 0.205267 0.195157 -0.222545 0.250663 0.294324 0.922248 0.382091 0.316214 -0.384899 0.867099 0.400827 -0.930009 -0.306245 0.203216 -0.504329 0.187327 -0.87067 -0.454799 0.48594 
1533306048185 0.131802 0.933435 -0.333658 -0.599991 -0.959078 0.205171 0.195127 -0.222572 0.250595 0.294286 0.922279 0.382175 0.3162 -0.384907 0.867101 0.400798 -0.930014 -0.306239 0.203202 -0.504306 0.187326 -0.870669 -0.454801 0.485922 
1533306048202 0.131736 0.933468 -0.333591 -0.599975 -0.959104 0.205076 0.195097 -0.222599 0.250528 0.294247 0.922309 0.382258 0.316197 -0.384904 0.867103 0.400778 -0.930014 -0.30624 0.2032 -0.504292 0.187329 -0.87067 -0.454799 0.485903 
1533306048219 0.131671 0.933501 -0.333524 -0.599959 -0.959131 0.20498 0.195067 -0.222626 0.250461 0.294208 0.92234 0.382341 0.316201 -0.384895 0.867106 0.400765 -0.930012 -0.306246 0.203202 -0.504277 0.187337 -0.870672 -0.454792 0.485883 
1533306048236 0.131605 0.933534 -0.333457 -0.599944 -0.959158 0.204884 0.195037 -0.222653 0.250394 0.29417 0.92237 0.382422 0.316123 -0.384928 0.86712 0.40068 -0.93004 -0.30621 0.20313 -0.504145 0.18733 -0.87067 -0.454798 0.485852 
1533306048262 0.131695 0.933649 -0.3331 -0.600052 -0.959095 0.204952 0.195273 -0.222427 0.250586 0.293758 0.922449 0.381685 1 0 0 0 0 1 0 0 0 0 1 1.306 
1533306048272 0.131686 0.933706 -0.332943 -0.600029 -0.959066 0.204946 0.195419 -0.222449 0.2507 0.29358 0.922475 0.381692 0.313239 -0.3866 0.867422 0.386189 -0.93126 -0.304042 0.200784 -0.500185 0.18611 -0.870689 -0.455263 0.505382 
1533306048289 0.131678 0.933764 -0.332785 -0.600005 -0.959038 0.20494 0.195566 -0.222471 0.250813 0.293402 0.922501 0.3817 0.316244 -0.384866 0.867103 0.400216 -0.929998 -0.306258 0.203249 -0.504049 0.187334 -0.87068 -0.454777 0.486145 
1533306048305 0.131669 0.933821 -0.332627 -0.599981 -0.959009 0.204934 0.195712 -0.222493 0.250927 0.293223 0.922527 0.381707 0.316258 -0.384857 0.867102 0.400836 -0.929992 -0.306267 0.203261 -0.504368 0.187338 -0.870681 -0.454774 0.485921 
1533306048322 0.131661 0.933879 -0.33247 -0.599958 -0.958981 0.204928 0.195858 -0.222515 0.25104 0.293045 0.922553 0.381714 0.316239 -0.384881 0.867098 0.400855 -0.93 -0.306257 0.203241 -0.504361 0.187331 -0.870674 -0.454789 0.485943 
1533306048339 0.131653 0.933936 -0.332312 -0.599935 -0.958952 0.204922 0.196004 -0.222537 0.251153 0.292867 0.922578 0.381721 0.316214 -0.384899 0.867099 0.400827 -0.930009 -0.306245 0.203216 -0.504329 0.187327 -0.87067 -0.454799 0.48594 
1533306048356 0.131645 0.933993 -0.332155 -0.599911 -0.958924 0.204915 0.19615 -0.222558 0.251267 0.292689 0.922604 0.381729 0.3162 -0.384907 0.867101 0.400798 -0.930014 -0.306239 0.203202 -0.504306 0.187326 -0.870669 -0.454801 0.485922 
1533306048372 0.131636 0.93405 -0.331997 -0.599887 -0.958895 0.204909 0.196297 -0.22258 0.25138 0.29251 0.92263 0.381736 0.316197 -0.384904 0.867103 0.400778 -0.930014 -0.30624 0.2032 -0.504292 0.187329 -0.87067 -0.454799 0.485903 
1533306048389 0.131628 0.934107 -0.33184 -0.599864 -0.958867 0.204903 0.196442 -0.222602 0.251493 0.292333 0.922655 0.381743 0.316201 -0.384895 0.867106 0.400765 -0.930012 -0.306246 0.203202 -0.504277 0.187337 -0.870672 -0.454792 0.485883 
1533306048405 0.13162 0.934164 -0.331682 -0.59984 -0.958838 0.204897 0.196588 -0.222623 0.251606 0.292155 0.922681 0.381752 0.316123 -0.384928 0.86712 0.40068 -0.93004 -0.30621 0.20313 -0.504145 0.18733 -0.87067 -0.454798 0.485852 
1533306048431 0.131835 0.93371 -0.332875 -0.599921 -0.959066 0.205047 0.195317 -0.222666 0.250625 0.293499 0.922521 0.382248 1 0 0 0 0 1 0 0 0 0 1 1.306 
1533306048442 0.131689 0.933652 -0.333095 -0.599888 -0.959016 0.205039 0.195569 -0.222701 0.250891 0.293689 0.922388 0.382355 0.313239 -0.3866 0.867422 0.386189 -0.93126 -0.304042 0.200784 -0.500185 0.18611 -0.870689 -0.455263 0.505382 
1533306048459 0.131543 0.933594 -0.333316 -0.599855 -0.958967 0.20503 0.195821 -0.222737 0.251157 0.29388 0.922255 0.382462 0.316244 -0.384866 0.867103 0.400216 -0.929998 -0.306258 0.203249 -0.504049 0.187334 -0.87068 -0.454777 0.486145 
1533306048476 0.131396 0.933535 -0.333536 -0.599822 -0.958917 0.205022 0.196072 -0.222772 0.251423 0.294071 0.922122 0.382568 0.316258 -0.384857 0.867102 0.400836 -0.929992 -0.306267 0.203261 -0.504368 0.187338 -0.870681 -0.454774 0.485921 
1533306048492 0.13125 0.933477 -0.333757 -0.599789 -0.958867 0.205014 0.196323 -0.222807 0.251688 0.294261 0.921989 0.382675 0.316239 -0.384881 0.867098 0.400855 -0.93 -0.306257 0.203241 -0.504361 0.187331 -0.870674 -0.454789 0.485943 
1533306048509 0.131104 0.933419 -0.333976 -0.599755 -0.958818 0.205005 0.196575 -0.222842 0.251954 0.294451 0.921856 0.382782 0.316214 -0.384899 0.867099 0.400827 -0.930009 -0.306245 0.203216 -0.504329 0.187327 -0.87067 -0.454799 0.48594 
1533306048525 0.130957 0.933361 -0.334197 -0.599722 -0.958768 0.204997 0.196826 -0.222878 0.252219 0.294642 0.921722 0.382889 0.3162 -0.384907 0.867101 0.400798 -0.930014 -0.306239 0.203202 -0.504306 0.187326 -0.870669 -0.454801 0.485922 
1533306048542 0.13081 0.933303 -0.334417 -0.599689 -0.958718 0.204989 0.197077 -0.222913 0.252485 0.294832 0.921589 0.382996 0.316197 -0.384904 0.867103 0.400778 -0.930014 -0.30624 0.2032 -0.504292 0.187329 -0.87067 -0.454799 0.485903 
1533306048559 0.130664 0.933244 -0.334637 -0.599657 -0.958668 0.20498 0.197329 -0.222948 0.25275 0.295022 0.921455 0.383102 0.316201 -0.384895 0.867106 0.400765 -0.930012 -0.306246 0.203202 -0.504277 0.187337 -0.870672 -0.454792 0.485883 
1533306048575 0.130518 0.933186 -0.334857 -0.599628 -0.958618 0.204972 0.19758 -0.222983 0.253015 0.295212 0.921322 0.383206 0.316123 -0.384928 0.86712 0.40068 -0.93004 -0.30621 0.20313 -0.504145 0.18733 -0.87067 -0.454798 0.485852 
1533306048601 0.131592 0.934187 -0.331631 -0.599756 -0.958852 0.204848 0.196572 -0.222606 0.251569 0.292118 0.922703 0.382023 1 0 0 0 0 1 0 0 0 0 1 1.306 
1533306048612 0.131644 0.934259 -0.331406 -0.599758 -0.95882 0.204878 0.196698 -0.222622 0.251664 0.291864 0.922757 0.382049 0.313239 -0.3866 0.867422 0.386189 -0.93126 -0.304042 0.200784 -0.500185 0.18611 -0.870689 -0.455263 0.505382 
1533306048629 0.131696 0.934332 -0.33118 -0.59976 -0.958787 0.204909 0.196824 -0.222638 0.251761 0.29161 0.922811 0.382075 0.316244 -0.384866 0.867103 0.400216 -0.929998 -0.306258 0.203249 -0.504049 0.187334 -0.87068 -0.454777 0.486145 
1533306048646 0.131748 0.934404 -0.330955 -0.599761 -0.958755 0.204939 0.19695 -0.222655 0.251857 0.291357 0.922865 0.3821 0.316258 -0.384857 0.867102 0.400836 -0.929992 -0.306267 0.203261 -0.504368 0.187338 -0.870681 -0.454774 0.485921 
1533306048662 0.131801 0.934477 -0.330729 -0.599763 -0.958722 0.20497 0.197076 -0.222671 0.251953 0.291103 0.922919 0.382126 0.316239 -0.384881 0.867098 0.400855 -0.93 -0.306257 0.203241 -0.504361 0.187331 -0.870674 -0.454789 0.485943 
1533306048679 0.131853 0.934549 -0.330504 -0.599765 -0.95869 0.205 0.197202 -0.222687 0.252049 0.290849 0.922972 0.382152 0.316214 -0.384899 0.867099 0.400827 -0.930009 -0.306245 0.203216 -0.504329 0.187327 -0.87067 -0.454799 0.48594 
1533306048696 0.131906 0.934621 -0.330279 -0.599767 -0.958657 0.20503 0.197329 -0.222703 0.252145 0.290595 0.923026 0.382178 0.3162 -0.384907 0.867101 0.400798 -0.930014 -0.306239 0.203202 -0.504306 0.187326 -0.870669 -0.454801 0.485922 
1533306048712 0.131958 0.934693 -0.330053 -0.599769 -0.958625 0.205061 0.197455 -0.222719 0.252241 0.290342 0.92308 0.382204 0.316197 -0.384904 0.867103 0.400778 -0.930014 -0.30624 0.2032 -0.504292 0.187329 -0.87067 -0.454799 0.485903 
1533306048729 0.132011 0.934766 -0.329828 -0.59977 -0.958592 0.205091 0.197581 -0.222736 0.252337 0.290088 0.923133 0.382229 0.316201 -0.384895 0.867106 0.400765 -0.930012 -0.306246 0.203202 -0.504277 0.187337 -0.870672 -0.454792 0.485883 
1533306048745 0.132063 0.934837 -0.329603 -0.599769 -0.95856 0.205121 0.197707 -0.222751 0.252432 0.289835 0.923187 0.382256 0.316123 -0.384928 0.86712 0.40068 -0.93004 -0.30621 0.20313 -0.504145 0.18733 -0.87067 -0.454798 0.485852 
1533306048770 0.130872 0.933092 -0.33498 -0.599937 -0.958488 0.205423 0.197741 -0.222724 0.253323 0.295196 0.921242 0.382654 1 0 0 0 0 1 0 0 0 0 1 1.306 
1533306048782 0.130775 0.933049 -0.335138 -0.599915 -0.958416 0.205467 0.198048 -0.222752 0.253648 0.295302 0.921119 0.382727 0.313239 -0.3866 0.867422 0.386189 -0.93126 -0.304042 0.200784 -0.500185 0.18611 -0.870689 -0.455263 0.505382 
1533306048799 0.130677 0.933005 -0.335297 -0.599893 -0.958343 0.20551 0.198356 -0.22278 0.253974 0.295409 0.920994 0.382801 0.316244 -0.384866 0.867103 0.400216 -0.929998 -0.306258 0.203249 -0.504049 0.187334 -0.87068 -0.454777 0.486145 
1533306048815 0.13058 0.932962 -0.335455 -0.599871 -0.95827 0.205554 0.198663 -0.222808 0.2543 0.295515 0.92087 0.382874 0.316258 -0.384857 0.867102 0.400836 -0.929992 -0.306267 0.203261 -0.504368 0.187338 -0.870681 -0.454774 0.485921 
1533306048833 0.130482 0.932919 -0.335615 -0.599849 -0.958196 0.205597 0.198972 -0.222836 0.254626 0.295622 0.920746 0.382948 0.316239 -0.384881 0.867098 0.400855 -0.93 -0.306257 0.203241 -0.504361 0.187331 -0.870674 -0.454789 0.485943 
1533306048849 0.130384 0.932875 -0.335773 -0.599827 -0.958123 0.205641 0.199279 -0.222864 0.254951 0.295729 0.920622 0.383021 0.316214 -0.384899 0.867099 0.400827 -0.930009 -0.306245 0.203216 -0.504329 0.187327 -0.87067 -0.454799 0.48594 
1533306048865 0.130286 0.932832 -0.335932 -0.599805 -0.95805 0.205684 0.199587 -0.222893 0.255277 0.295836 0.920497 0.383094 0.3162 -0.384907 0.867101 0.400798 -0.930014 -0.306239 0.203202 -0.504306 0.187326 -0.870669 -0.454801 0.485922 
1533306048882 0.130189 0.932788 -0.33609 -0.599783 -0.957976 0.205728 0.199895 -0.222921 0.255603 0.295942 0.920372 0.383168 0.316197 -0.384904 0.867103 0.400778 -0.930014 -0.30624 0.2032 -0.504292 0.187329 -0.87067 -0.454799 0.485903 
1533306048899 0.130091 0.932745 -0.336248 -0.599761 -0.957902 0.205771 0.200203 -0.222949 0.255928 0.296048 0.920248 0.383241 0.316201 -0.384895 0.867106 0.400765 -0.930012 -0.306246 0.203202 -0.504277 0.187337 -0.870672 -0.454792 0.485883 
1533306048915 0.129993 0.932702 -0.336406 -0.599742 -0.957829 0.205815 0.20051 -0.222976 0.256253 0.296155 0.920123 0.383313 0.316123 -0.384928 0.86712 0.40068 -0.93004 -0.30621 0.20313 -0.504145 0.18733 -0.87067 -0.454798 0.485852 
1533306048943 0.131119 0.933465 -0.333842 -0.599916 -0.958443 0.205426 0.197959 -0.222728 0.253368 0.294012 0.921608 0.38257 1 0 0 0 0 1 0 0 0 0 1 1.306 
1533306048955 0.131149 0.933564 -0.333554 -0.599908 -0.958412 0.205423 0.19811 -0.222725 0.253468 0.2937 0.92168 0.382512 0.313239 -0.3866 0.867422 0.386189 -0.93126 -0.304042 0.200784 -0.500185 0.18611 -0.870689 -0.455263 0.505382 
1533306048972 0.131178 0.933663 -0.333265 -0.5999 -0.958382 0.205418 0.198261 -0.222722 0.253567 0.293388 0.921752 0.382453 0.316244 -0.384866 0.867103 0.400216 -0.929998 -0.306258 0.203249 -0.504049 0.187334 -0.87068 -0.454777 0.486145 
1533306048989 0.131206 0.933762 -0.332976 -0.599891 -0.958352 0.205414 0.198412 -0.22272 0.253667 0.293075 0.921824 0.382395 0.316258 -0.384857 0.867102 0.400836 -0.929992 -0.306267 0.203261 -0.504368 0.187338 -0.870681 -0.454774 0.485921 
1533306049005 0.131235 0.933861 -0.332687 -0.599883 -0.958321 0.20541 0.198563 -0.222717 0.253767 0.292763 0.921896 0.382337 0.316239 -0.384881 0.867098 0.400855 -0.93 -0.306257 0.203241 -0.504361 0.187331 -0.870674 -0.454789 0.485943 
1533306049022 0.131263 0.93396 -0.332398 -0.599875 -0.958291 0.205405 0.198714 -0.222714 0.253867 0.29245 0.921968 0.382279 0.316214 -0.384899 0.867099 0.400827 -0.930009 -0.306245 0.203216 -0.504329 0.187327 -0.87067 -0.454799 0.48594 
1533306049039 0.131292 0.934059 -0.332109 -0.599867 -0.958261 0.205401 0.198865 -0.222711 0.253967 0.292137 0.922039 0.38222 0.3162 -0.384907 0.867101 0.400798 -0.930014 -0.306239 0.203202 -0.504306 0.187326 -0.870669 -0.454801 0.485922 
1533306049055 0.131321 0.934158 -0.33182 -0.599859 -0.95823 0.205396 0.199016 -0.222708 0.254067 0.291825 0.922111 0.382162 0.316197 -0.384904 0.867103 0.400778 -0.930014 -0.30624 0.2032 -0.504292 0.187329 -0.87067 -0.454799 0.485903 
1533306049062 0.131349 0.934256 -0.331531 -0.59985 -0.9582 0.205392 0.199167 -0.222706 0.254166 0.291513 0.922182 0.382104 0.316201 -0.384895 0.867106 0.400765 -0.930012 -0.306246 0.203202 -0.504277 0.187337 -0.870672 -0.454792 0.485883 
1533306049076 0.131378 0.934354 -0.331243 -0.599839 -0.958169 0.205387 0.199317 -0.222701 0.254266 0.291201 0.922253 0.382048 0.316123 -0.384928 0.86712 0.40068 -0.93004 -0.30621 0.20313 -0.504145 0.18733 -0.87067 -0.454798 0.485852 
1533306049102 0.130462 0.932647 -0.336376 -0.599961 -0.957866 0.206127 0.20001 -0.222846 0.255875 0.296109 0.920243 0.382997 1 0 0 0 0 1 0 0 0 0 1 1.306 
1533306049112 0.130367 0.932696 -0.336278 -0.599947 -0.957801 0.206108 0.200341 -0.222874 0.256167 0.295969 0.920207 0.383032 0.313239 -0.3866 0.867422 0.386189 -0.93126 -0.304042 0.200784 -0.500185 0.18611 -0.870689 -0.455263 0.505382 
1533306049129 0.130272 0.932745 -0.33618 -0.599933 -0.957736 0.206088 0.200672 -0.222901 0.256458 0.295829 0.920171 0.383066 0.316244 -0.384866 0.867103 0.400216 -0.929998 -0.306258 0.203249 -0.504049 0.187334 -0.87068 -0.454777 0.486145 
1533306049146 0.130177 0.932793 -0.336082 -0.599919 -0.957671 0.206069 0.201002 -0.222928 0.256749 0.29569 0.920134 0.383101 0.316258 -0.384857 0.867102 0.400836 -0.929992 -0.306267 0.203261 -0.504368 0.187338 -0.870681 -0.454774 0.485921 
1533306049162 0.130082 0.932842 -0.335984 -0.599905 -0.957606 0.206049 0.201332 -0.222956 0.257041 0.29555 0.920098 0.383135 0.316239 -0.384881 0.867098 0.400855 -0.93 -0.306257 0.203241 -0.504361 0.187331 -0.870674 -0.454789 0.485943 
1533306049179 0.129987 0.93289 -0.335886 -0.599891 -0.95754 0.20603 0.201662 -0.222984 0.257332 0.295411 0.920061 0.383169 0.316214 -0.384899 0.867099 0.400827 -0.930009 -0.306245 0.203216 -0.504329 0.187327 -0.87067 -0.454799 0.48594 
1533306049196 0.129892 0.932939 -0.335788 -0.599877 -0.957475 0.20601 0.201993 -0.223011 0.257623 0.295271 0.920025 0.383204 0.3162 -0.384907 0.867101 0.400798 -0.930014 -0.306239 0.203202 -0.504306 0.187326 -0.870669 -0.454801 0.485922 
1533306049212 0.129797 0.932987 -0.335689 -0.599863 -0.95741 0.205991 0.202323 -0.223038 0.257914 0.295131 0.919988 0.383238 0.316197 -0.384904 0.867103 0.400778 -0.930014 -0.30624 0.2032 -0.504292 0.187329 -0.87067 -0.454799 0.485903 
1533306049229 0.129702 0.933036 -0.335591 -0.599849 -0.957344 0.205971 0.202654 -0.223066 0.258205 0.294992 0.919951 0.383273 0.316201 -0.384895 0.867106 0.400765 -0.930012 -0.306246 0.203202 -0.504277 0.187337 -0.870672 -0.454792 0.485883 
1533306049246 0.129608 0.933084 -0.335493 -0.599834 -0.957278 0.205952 0.202983 -0.223091 0.258496 0.294852 0.919914 0.383308 0.316123 -0.384928 0.86712 0.40068 -0.93004 -0.30621 0.20313 -0.504145 0.18733 -0.87067 -0.454798 0.485852 
1533306049270 0.130377 0.932952 -0.335562 -0.599999 -0.957814 0.205946 0.200444 -0.222772 0.256112 0.295273 0.920446 0.382819 1 0 0 0 0 1 0 0 0 0 1 1.306 
1533306049282 0.130484 0.933169 -0.334918 -0.599995 -0.957795 0.205913 0.200571 -0.222778 0.256131 0.294611 0.920653 0.382706 0.313239 -0.3866 0.867422 0.386189 -0.93126 -0.304042 0.200784 -0.500185 0.18611 -0.870689 -0.455263 0.505382 
1533306049299 0.130591 0.933385 -0.334273 -0.599992 -0.957775 0.20588 0.200698 -0.222784 0.256149 0.293949 0.920859 0.382592 0.316244 -0.384866 0.867103 0.400216 -0.929998 -0.306258 0.203249 -0.504049 0.187334 -0.87068 -0.454777 0.486145 
1533306049316 0.130699 0.933601 -0.333628 -0.599989 -0.957756 0.205847 0.200825 -0.222789 0.256167 0.293287 0.921065 0.382479 0.316258 -0.384857 0.867102 0.400836 -0.929992 -0.306267 0.203261 -0.504368 0.187338 -0.870681 -0.454774 0.485921 
1533306049332 0.130807 0.933816 -0.332983 -0.599985 -0.957736 0.205814 0.200952 -0.222795 0.256185 0.292624 0.921271 0.382366 0.316239 -0.384881 0.867098 0.400855 -0.93 -0.306257 0.203241 -0.504361 0.187331 -0.870674 -0.454789 0.485943 
1533306049349 0.130914 0.934031 -0.332338 -0.599982 -0.957717 0.20578 0.201079 -0.222801 0.256203 0.291961 0.921476 0.382253 0.316214 -0.384899 0.867099 0.400827 -0.930009 -0.306245 0.203216 -0.504329 0.187327 -0.87067 -0.454799 0.48594 
1533306049366 0.131022 0.934245 -0.331692 -0.599978 -0.957697 0.205747 0.201206 -0.222807 0.25622 0.291299 0.921681 0.382139 0.3162 -0.384907 0.867101 0.400798 -0.930014 -0.306239 0.203202 -0.504306 0.187326 -0.870669 -0.454801 0.485922 
1533306049382 0.131129 0.934459 -0.331047 -0.599974 -0.957678 0.205713 0.201333 -0.222813 0.256238 0.290635 0.921886 0.382026 0.316197 -0.384904 0.867103 0.400778 -0.930014 -0.30624 0.2032 -0.504292 0.187329 -0.87067 -0.454799 0.485903 
1533306049399 0.131237 0.934672 -0.330401 -0.59997 -0.957659 0.205679 0.20146 -0.222818 0.256256 0.289972 0.92209 0.381913 0.316201 -0.384895 0.867106 0.400765 -0.930012 -0.306246 0.203202 -0.504277 0.187337 -0.870672 -0.454792 0.485883 
1533306049416 0.131345 0.934884 -0.329758 -0.59996 -0.957639 0.205646 0.201585 -0.222821 0.256273 0.289312 0.922292 0.381805 0.316123 -0.384928 0.86712 0.40068 -0.93004 -0.30621 0.20313 -0.504145 0.18733 -0.87067 -0.454798 0.485852 
1533306049441 0.129649 0.933417 -0.334549 -0.599856 -0.95746 0.205572 0.202512 -0.222923 0.257802 0.294062 0.920362 0.383201 1 0 0 0 0 1 0 0 0 0 1 1.306 
1533306049452 0.129539 0.933319 -0.334865 -0.599818 -0.957442 0.205576 0.202593 -0.222946 0.257924 0.29437 0.920229 0.383271 0.313239 -0.3866 0.867422 0.386189 -0.93126 -0.304042 0.200784 -0.500185 0.18611 -0.870689 -0.455263 0.505382 
1533306049469 0.129429 0.933221 -0.335181 -0.599781 -0.957424 0.20558 0.202674 -0.222968 0.258046 0.294678 0.920096 0.383341 0.316244 -0.384866 0.867103 0.400216 -0.929998 -0.306258 0.203249 -0.504049 0.187334 -0.87068 -0.454777 0.486145 
1533306049486 0.129319 0.933123 -0.335497 -0.599743 -0.957406 0.205584 0.202755 -0.222991 0.258168 0.294986 0.919963 0.383412 0.316258 -0.384857 0.867102 0.400836 -0.929992 -0.306267 0.203261 -0.504368 0.187338 -0.870681 -0.454774 0.485921 
1533306049502 0.129209 0.933025 -0.335812 -0.599706 -0.957388 0.205588 0.202836 -0.223013 0.25829 0.295294 0.91983 0.383482 0.316239 -0.384881 0.867098 0.400855 -0.93 -0.306257 0.203241 -0.504361 0.187331 -0.870674 -0.454789 0.485943 
1533306049519 0.129099 0.932926 -0.336128 -0.599668 -0.95737 0.205592 0.202917 -0.223036 0.258412 0.295602 0.919697 0.383552 0.316214 -0.384899 0.867099 0.400827 -0.930009 -0.306245 0.203216 -0.504329 0.187327 -0.87067 -0.454799 0.48594 
1533306049536 0.128989 0.932828 -0.336443 -0.59963 -0.957352 0.205596 0.202998 -0.223059 0.258534 0.29591 0.919564 0.383622 0.3162 -0.384907 0.867101 0.400798 -0.930014 -0.306239 0.203202 -0.504306 0.187326 -0.870669 -0.454801 0.485922 
1533306049552 0.128879 0.932729 -0.336759 -0.599593 -0.957334 0.2056 0.203079 -0.223081 0.258656 0.296218 0.91943 0.383692 0.316197 -0.384904 0.867103 0.400778 -0.930014 -0.30624 0.2032 -0.504292 0.187329 -0.87067 -0.454799 0.485903 
1533306049569 0.128769 0.93263 -0.337075 -0.599556 -0.957315 0.205604 0.20316 -0.223104 0.258777 0.296526 0.919297 0.383762 0.316201 -0.384895 0.867106 0.400765 -0.930012 -0.306246 0.203202 -0.504277 0.187337 -0.870672 -0.454792 0.485883 
1533306049586 0.128659 0.932532 -0.337388 -0.599524 -0.957297 0.205608 0.203241 -0.223127 0.258899 0.296832 0.919164 0.38383 0.316123 -0.384928 0.86712 0.40068 -0.93004 -0.30621 0.20313 -0.504145 0.18733 -0.87067 -0.454798 0.485852 
1533306049611 0.131088 0.934933 -0.329722 -0.599564 -0.957777 0.205283 0.201301 -0.222973 0.255889 0.289412 0.922367 0.382678 1 0 0 0 0 1 0 0 0 0 1 1.306 
1533306049622 0.131148 0.935021 -0.329447 -0.599568 -0.957823 0.205219 0.201146 -0.222974 0.255684 0.289173 0.922499 0.382616 0.313239 -0.3866 0.867422 0.386189 -0.93126 -0.304042 0.200784 -0.500185 0.18611 -0.870689 -0.455263 0.505382 
1533306049639 0.131209 0.93511 -0.329171 -0.599572 -0.95787 0.205154 0.200991 -0.222975 0.25548 0.288931 0.922632 0.382554 0.316244 -0.384866 0.867103 0.400216 -0.929998 -0.306258 0.203249 -0.504049 0.187334 -0.87068 -0.454777 0.486145 
1533306049656 0.13127 0.935199 -0.328895 -0.599576 -0.957916 0.20509 0.200836 -0.222976 0.255275 0.28869 0.922764 0.382492 0.316258 -0.384857 0.867102 0.400836 -0.929992 -0.306267 0.203261 -0.504368 0.187338 -0.870681 -0.454774 0.485921 
1533306049672 0.131331 0.935287 -0.328619 -0.59958 -0.957962 0.205026 0.200681 -0.222977 0.25507 0.288449 0.922896 0.38243 0.316239 -0.384881 0.867098 0.400855 -0.93 -0.306257 0.203241 -0.504361 0.187331 -0.870674 -0.454789 0.485943 
