1534349977313 0.0697674 0.815332 -0.574775 -0.598206 -0.956662 0.217979 0.193087 -0.231463 0.282719 0.536394 0.795205 0.422929 0.16008 -0.304787 0.938871 0.370831 -0.775623 0.549475 0.310623 -0.528794 -0.61056 -0.777934 -0.14844 0.432481 
1534349977324 0.0762022 0.816955 -0.571644 -0.59949 -0.957032 0.220802 0.187979 -0.230566 0.27979 0.532758 0.798678 0.422109 0.316241 -0.38488 0.867098 0.400864 -0.930001 -0.306251 0.203246 -0.504429 0.187325 -0.870677 -0.454788 0.485926 
1534349977626 0.0826226 0.818545 -0.568469 -0.600775 -0.957361 0.223641 0.182878 -0.229669 0.276827 0.52912 0.802121 0.421288 0.316241 -0.38488 0.867098 0.400864 -0.930001 -0.306251 0.203246 -0.504429 0.187325 -0.870677 -0.454788 0.485926 
1534349977934 0.0890299 0.820102 -0.56525 -0.602059 -0.957649 0.226499 0.177785 -0.228772 0.27383 0.525482 0.805534 0.420468 0.316241 -0.38488 0.867098 0.400864 -0.930001 -0.306251 0.203246 -0.504429 0.187325 -0.870677 -0.454788 0.485926 
1534349978234 0.095422 0.821624 -0.561986 -0.603344 -0.957895 0.229374 0.1727 -0.227875 0.270799 0.521844 0.808917 0.419648 0.316241 -0.38488 0.867098 0.400864 -0.930001 -0.306251 0.203246 -0.504429 0.187325 -0.870677 -0.454788 0.485926 
1534349978240 0.101801 0.823113 -0.558679 -0.604628 -0.9581 0.232267 0.167622 -0.226979 0.267735 0.518206 0.812269 0.418827 0.316241 -0.38488 0.867098 0.400864 -0.930001 -0.306251 0.203246 -0.504429 0.187325 -0.870677 -0.454788 0.485926 
1534349978666 0.108164 0.824568 -0.555327 -0.605913 -0.958263 0.235177 0.162554 -0.226082 0.264637 0.514567 0.81559 0.418007 0.316241 -0.38488 0.867098 0.400864 -0.930001 -0.306251 0.203246 -0.504429 0.187325 -0.870677 -0.454788 0.485926 
1534349978962 0.114511 0.825989 -0.551933 -0.607197 -0.958385 0.238105 0.157493 -0.225185 0.261506 0.510929 0.818881 0.417186 0.316241 -0.38488 0.867098 0.400864 -0.930001 -0.306251 0.203246 -0.504429 0.187325 -0.870677 -0.454788 0.485926 
1534349979266 0.120843 0.827376 -0.548495 -0.608481 -0.958466 0.241049 0.152443 -0.224288 0.258341 0.507292 0.82214 0.416366 0.316241 -0.38488 0.867098 0.400864 -0.930001 -0.306251 0.203246 -0.504429 0.187325 -0.870677 -0.454788 0.485926 
1534349979562 0.127163 0.828725 -0.545017 -0.609723 -0.958505 0.244013 0.147397 -0.223373 0.255143 0.503658 0.825367 0.415554 0.316531 -0.385118 0.866887 0.401814 -0.929976 -0.306103 0.20358 -0.50615 0.186955 -0.870623 -0.455042 0.486735 
1534349979871 0.126164 0.828478 -0.545626 -0.60961 -0.958534 0.243488 0.148072 -0.223442 0.255528 0.50432 0.824844 0.415626 0.316531 -0.385118 0.866887 0.401814 -0.929976 -0.306103 0.20358 -0.50615 0.186955 -0.870623 -0.455042 0.486735 
1534349979882 0.127032 0.828887 -0.544802 -0.609755 -0.958438 0.244031 0.1478 -0.223366 0.255458 0.503384 0.825437 0.415414 0.316221 -0.384863 0.867113 0.400797 -0.930002 -0.306262 0.203223 -0.504308 0.187351 -0.87068 -0.45477 0.485869 
1534349979889 0.1279 0.829294 -0.543978 -0.6099 -0.958342 0.244574 0.147528 -0.22329 0.255387 0.502448 0.826028 0.415202 0.316221 -0.384863 0.867113 0.400797 -0.930002 -0.306262 0.203223 -0.504308 0.187351 -0.87068 -0.45477 0.485869 
1534349980024 0.128768 0.8297 -0.543154 -0.610045 -0.958245 0.245118 0.147257 -0.223214 0.255316 0.501512 0.826619 0.41499 0.316221 -0.384863 0.867113 0.400797 -0.930002 -0.306262 0.203223 -0.504308 0.187351 -0.87068 -0.45477 0.485869 
1534349980104 0.129637 0.830105 -0.542329 -0.61019 -0.958147 0.245662 0.146985 -0.223138 0.255243 0.500576 0.827209 0.414778 0.316221 -0.384863 0.867113 0.400797 -0.930002 -0.306262 0.203223 -0.504308 0.187351 -0.87068 -0.45477 0.485869 
1534349980193 0.130505 0.830508 -0.541503 -0.610335 -0.958049 0.246207 0.146715 -0.223062 0.25517 0.499639 0.827798 0.414566 0.316221 -0.384863 0.867113 0.400797 -0.930002 -0.306262 0.203223 -0.504308 0.187351 -0.87068 -0.45477 0.485869 
1534349980199 0.131373 0.83091 -0.540676 -0.61048 -0.95795 0.246751 0.146445 -0.222986 0.255095 0.498701 0.828386 0.414354 0.316221 -0.384863 0.867113 0.400797 -0.930002 -0.306262 0.203223 -0.504308 0.187351 -0.87068 -0.45477 0.485869 
1534349980353 0.13224 0.83131 -0.539848 -0.610625 -0.95785 0.247295 0.146176 -0.222911 0.25502 0.497763 0.828973 0.414142 0.316221 -0.384863 0.867113 0.400797 -0.930002 -0.306262 0.203223 -0.504308 0.187351 -0.87068 -0.45477 0.485869 
1534349980437 0.133108 0.831709 -0.53902 -0.61077 -0.957751 0.24784 0.145907 -0.222835 0.254943 0.496825 0.82956 0.41393 0.316221 -0.384863 0.867113 0.400797 -0.930002 -0.306262 0.203223 -0.504308 0.187351 -0.87068 -0.45477 0.485869 
1534349980533 0.133975 0.832107 -0.53819 -0.610915 -0.95765 0.248385 0.145639 -0.222759 0.254866 0.495886 0.830145 0.413718 0.316221 -0.384863 0.867113 0.400797 -0.930002 -0.306262 0.203223 -0.504308 0.187351 -0.87068 -0.45477 0.485869 
1534349980620 0.133241 0.831756 -0.538915 -0.61075 -0.957731 0.247936 0.145875 -0.222899 0.254949 0.496699 0.829633 0.414028 0.316221 -0.384863 0.867113 0.400797 -0.930002 -0.306262 0.203223 -0.504308 0.187351 -0.87068 -0.45477 0.485869 
1534349980633 0.133501 0.832167 -0.538216 -0.610756 -0.95765 0.248121 0.146094 -0.222909 0.255117 0.495918 0.830049 0.413905 0.31622 -0.384863 0.867113 0.400795 -0.930002 -0.306262 0.203222 -0.504304 0.187352 -0.87068 -0.454769 0.485867 
1534349980649 0.133762 0.832577 -0.537516 -0.610764 -0.957569 0.248304 0.146314 -0.22292 0.255285 0.495138 0.830463 0.413782 0.31622 -0.384863 0.867113 0.400795 -0.930002 -0.306262 0.203222 -0.504304 0.187351 -0.87068 -0.454769 0.485867 
1534349980682 0.134022 0.832986 -0.536817 -0.610774 -0.957487 0.248487 0.146534 -0.222931 0.255452 0.494356 0.830877 0.413658 0.31622 -0.384863 0.867113 0.400795 -0.930002 -0.306262 0.203222 -0.504304 0.187351 -0.87068 -0.454769 0.485867 
1534349980784 0.134283 0.833395 -0.536117 -0.610784 -0.957406 0.24867 0.146754 -0.222943 0.25562 0.493575 0.831289 0.413534 0.31622 -0.384863 0.867113 0.400795 -0.930002 -0.306262 0.203222 -0.504304 0.187351 -0.87068 -0.454769 0.485867 
1534349980841 0.134543 0.833803 -0.535416 -0.610794 -0.957325 0.248852 0.146974 -0.222955 0.255787 0.492793 0.831702 0.41341 0.31622 -0.384863 0.867113 0.400795 -0.930002 -0.306262 0.203222 -0.504304 0.187351 -0.87068 -0.454769 0.485867 
1534349980926 0.134804 0.83421 -0.534716 -0.610803 -0.957244 0.249035 0.147194 -0.222966 0.255954 0.492011 0.832113 0.413286 0.31622 -0.384863 0.867113 0.400795 -0.930002 -0.306262 0.203222 -0.504304 0.187351 -0.87068 -0.454769 0.485867 
1534349980980 0.135064 0.834617 -0.534015 -0.610812 -0.957162 0.249216 0.147416 -0.222977 0.256121 0.491228 0.832525 0.413163 0.31622 -0.384863 0.867113 0.400795 -0.930002 -0.306262 0.203222 -0.504304 0.187351 -0.87068 -0.454769 0.485867 
1534349981067 0.135325 0.835023 -0.533313 -0.610822 -0.957081 0.249398 0.147636 -0.222989 0.256287 0.490445 0.832935 0.413039 0.31622 -0.384863 0.867113 0.400795 -0.930002 -0.306262 0.203222 -0.504304 0.187351 -0.87068 -0.454769 0.485867 
1534349981130 0.135586 0.835429 -0.532612 -0.610831 -0.957 0.24958 0.147857 -0.223 0.256453 0.489662 0.833344 0.412915 0.31622 -0.384863 0.867113 0.400795 -0.930002 -0.306262 0.203222 -0.504304 0.187351 -0.87068 -0.454769 0.485867 
1534349981222 0.135381 0.834916 -0.533468 -0.6108 -0.957091 0.249439 0.147503 -0.223051 0.25622 0.490608 0.83286 0.413083 0.31622 -0.384863 0.867113 0.400795 -0.930002 -0.306262 0.203222 -0.504304 0.187351 -0.87068 -0.454769 0.485867 
1534349981235 0.1352 0.834927 -0.533495 -0.610748 -0.957182 0.249166 0.147375 -0.223162 0.255977 0.490727 0.832865 0.413079 0.31622 -0.384863 0.867113 0.400795 -0.930002 -0.306262 0.203222 -0.504304 0.187351 -0.87068 -0.454769 0.485867 
1534349981251 0.135018 0.834939 -0.533523 -0.610696 -0.957272 0.248893 0.147249 -0.223275 0.255734 0.490846 0.832869 0.413076 0.31622 -0.384863 0.867113 0.400795 -0.930002 -0.306262 0.203222 -0.504304 0.187351 -0.87068 -0.454769 0.485867 
1534349981344 0.134837 0.83495 -0.533551 -0.610644 -0.957363 0.24862 0.147123 -0.223386 0.255492 0.490964 0.832873 0.413073 0.31622 -0.384863 0.867113 0.400795 -0.930002 -0.306262 0.203222 -0.504304 0.187351 -0.87068 -0.454769 0.485867 
1534349981364 0.134655 0.834962 -0.533579 -0.610593 -0.957453 0.248347 0.146997 -0.2235 0.255249 0.491083 0.832878 0.41307 0.31622 -0.384863 0.867113 0.400795 -0.930002 -0.306262 0.203222 -0.504304 0.187351 -0.87068 -0.454769 0.485867 
1534349981393 0.134473 0.834973 -0.533607 -0.610541 -0.957543 0.248074 0.14687 -0.223612 0.255007 0.491202 0.832882 0.413066 0.31622 -0.384863 0.867113 0.400795 -0.930002 -0.306262 0.203222 -0.504304 0.187351 -0.87068 -0.454769 0.485867 
1534349981465 0.134292 0.834984 -0.533635 -0.610489 -0.957633 0.247801 0.146744 -0.223725 0.254764 0.49132 0.832886 0.413063 0.31622 -0.384863 0.867113 0.400795 -0.930002 -0.306262 0.203222 -0.504304 0.187351 -0.87068 -0.454769 0.485867 
1534349981490 0.13411 0.834996 -0.533663 -0.610437 -0.957723 0.247528 0.146618 -0.223837 0.254522 0.491439 0.83289 0.41306 0.31622 -0.384863 0.867113 0.400795 -0.930002 -0.306262 0.203222 -0.504304 0.187351 -0.87068 -0.454769 0.485867 
1534349981523 0.133928 0.835007 -0.533692 -0.610387 -0.957813 0.247254 0.146492 -0.223951 0.254279 0.491557 0.832895 0.413057 0.31622 -0.384863 0.867113 0.400795 -0.930002 -0.306262 0.203222 -0.504304 0.187351 -0.87068 -0.454769 0.485867 
1534349981588 0.133746 0.835018 -0.53372 -0.610335 -0.957903 0.246981 0.146366 -0.224064 0.254037 0.491676 0.832899 0.413053 0.31622 -0.384863 0.867113 0.400795 -0.930002 -0.306262 0.203222 -0.504304 0.187351 -0.87068 -0.454769 0.485867 
1534349981626 0.134134 0.83499 -0.533666 -0.610502 -0.957698 0.24759 0.146676 -0.223746 0.254603 0.491417 0.832879 0.41307 0.31622 -0.384863 0.867113 0.400795 -0.930002 -0.306262 0.203222 -0.504304 0.187351 -0.87068 -0.454769 0.485867 
1534349981638 0.133478 0.83489 -0.533987 -0.61036 -0.957764 0.247142 0.147002 -0.224015 0.254701 0.491811 0.832616 0.413103 0.31622 -0.384863 0.867113 0.400795 -0.930002 -0.306262 0.203222 -0.504304 0.187351 -0.87068 -0.454769 0.485867 
1534349981654 0.13282 0.83479 -0.534307 -0.610218 -0.957829 0.246693 0.147328 -0.224286 0.254798 0.492207 0.832352 0.413137 0.31622 -0.384863 0.867113 0.400795 -0.930002 -0.306262 0.203222 -0.504304 0.187351 -0.87068 -0.454769 0.485867 
1534349981752 0.132162 0.83469 -0.534628 -0.610078 -0.957895 0.246244 0.147654 -0.224559 0.254894 0.492603 0.832089 0.413171 0.31622 -0.384863 0.867113 0.400795 -0.930002 -0.306262 0.203222 -0.504304 0.187351 -0.87068 -0.454769 0.485867 
1534349981846 0.131504 0.834588 -0.534947 -0.609936 -0.957959 0.245795 0.147981 -0.224829 0.254991 0.492998 0.831825 0.413204 0.31622 -0.384863 0.867113 0.400795 -0.930002 -0.306262 0.203222 -0.504304 0.187351 -0.87068 -0.454769 0.485867 
1534349981948 0.130846 0.834487 -0.535267 -0.609796 -0.958024 0.245346 0.148308 -0.225102 0.255087 0.493393 0.831561 0.413238 0.31622 -0.384863 0.867113 0.400795 -0.930002 -0.306262 0.203222 -0.504304 0.187351 -0.87068 -0.454769 0.485867 
1534349982052 0.130188 0.834385 -0.535586 -0.609655 -0.958088 0.244897 0.148635 -0.225373 0.255182 0.493789 0.831297 0.413272 0.31622 -0.384863 0.867113 0.400795 -0.930002 -0.306262 0.203222 -0.504304 0.187351 -0.87068 -0.454769 0.485867 
1534349982143 0.12953 0.834282 -0.535905 -0.609516 -0.958152 0.244448 0.148962 -0.225645 0.255277 0.494184 0.831033 0.413305 0.31622 -0.384863 0.867113 0.400795 -0.930002 -0.306262 0.203222 -0.504304 0.187351 -0.87068 -0.454769 0.485867 
1534349982246 0.128872 0.83418 -0.536224 -0.609375 -0.958215 0.244 0.149289 -0.225917 0.255372 0.494579 0.830769 0.413339 0.31622 -0.384863 0.867113 0.400795 -0.930002 -0.306262 0.203222 -0.504304 0.187351 -0.87068 -0.454769 0.485867 
1534349982348 0.128214 0.834076 -0.536543 -0.609234 -0.958279 0.243551 0.149616 -0.226188 0.255467 0.494974 0.830504 0.413373 0.31622 -0.384863 0.867113 0.400795 -0.930002 -0.306262 0.203222 -0.504304 0.187351 -0.87068 -0.454769 0.485867 
1534349982458 0.12876 0.834248 -0.536145 -0.609398 -0.958254 0.243846 0.149294 -0.225897 0.255285 0.49454 0.830818 0.413363 0.31622 -0.384863 0.867113 0.400795 -0.930002 -0.306262 0.203222 -0.504304 0.187351 -0.87068 -0.454769 0.485867 
1534349982471 0.128503 0.83432 -0.536094 -0.609116 -0.958282 0.243632 0.149461 -0.226012 0.255308 0.494523 0.830822 0.413351 0.31622 -0.384863 0.867113 0.400795 -0.930002 -0.306262 0.203222 -0.504304 0.187351 -0.87068 -0.45477 0.485867 
1534349982487 0.128246 0.834392 -0.536043 -0.608829 -0.958311 0.243418 0.149627 -0.226126 0.25533 0.494507 0.830825 0.41334 0.31622 -0.384863 0.867113 0.400795 -0.930002 -0.306262 0.203222 -0.504304 0.187351 -0.87068 -0.45477 0.485867 
1534349982593 0.12799 0.834465 -0.535992 -0.608542 -0.958339 0.243204 0.149793 -0.226239 0.255353 0.49449 0.830828 0.413329 0.31622 -0.384863 0.867113 0.400795 -0.930002 -0.306262 0.203222 -0.504304 0.187351 -0.87068 -0.45477 0.485867 
1534349982638 0.127733 0.834536 -0.535941 -0.608257 -0.958367 0.242991 0.149959 -0.226353 0.255375 0.494474 0.83083 0.413318 0.31622 -0.384863 0.867113 0.400795 -0.930002 -0.306262 0.203222 -0.504304 0.187351 -0.87068 -0.45477 0.485867 
1534349982644 0.127476 0.834609 -0.53589 -0.60797 -0.958396 0.242776 0.150125 -0.226466 0.255397 0.494457 0.830834 0.413307 0.31622 -0.384863 0.867113 0.400795 -0.930002 -0.306262 0.203222 -0.504304 0.187351 -0.87068 -0.45477 0.485867 
1534349982763 0.12722 0.834681 -0.535839 -0.607685 -0.958424 0.242563 0.150291 -0.22658 0.255419 0.494441 0.830836 0.413295 0.31622 -0.384863 0.867113 0.400795 -0.930002 -0.306262 0.203222 -0.504304 0.187351 -0.87068 -0.45477 0.485867 
1534349982806 0.126963 0.834753 -0.535788 -0.607397 -0.958452 0.242348 0.150457 -0.226693 0.255442 0.494424 0.83084 0.413284 0.31622 -0.384863 0.867113 0.400795 -0.930002 -0.306262 0.203222 -0.504304 0.187351 -0.87068 -0.45477 0.485867 
1534349982905 0.126706 0.834825 -0.535736 -0.607111 -0.95848 0.242134 0.150623 -0.226807 0.255464 0.494408 0.830843 0.413273 0.31622 -0.384863 0.867113 0.400795 -0.930002 -0.306262 0.203222 -0.504304 0.187351 -0.87068 -0.45477 0.485867 
1534349982946 0.126449 0.834897 -0.535685 -0.606826 -0.958508 0.24192 0.150789 -0.22692 0.255486 0.494391 0.830846 0.413262 0.31622 -0.384863 0.867113 0.400795 -0.930002 -0.306262 0.203222 -0.504304 0.187351 -0.87068 -0.45477 0.485867 
1534349983051 0.126754 0.834908 -0.535594 -0.607234 -0.958475 0.242146 0.150635 -0.226693 0.255459 0.49426 0.830932 0.413307 0.31622 -0.384863 0.867113 0.400795 -0.930002 -0.306262 0.203222 -0.504304 0.187351 -0.87068 -0.45477 0.485867 
1534349983062 0.126376 0.834884 -0.535722 -0.606932 -0.958528 0.241844 0.150782 -0.226754 0.255447 0.494449 0.830823 0.413392 0.31622 -0.384863 0.867113 0.400795 -0.930002 -0.306262 0.203222 -0.504304 0.187351 -0.87068 -0.45477 0.485867 
1534349983079 0.125997 0.834859 -0.53585 -0.606628 -0.958581 0.241542 0.150929 -0.226814 0.255434 0.49464 0.830714 0.413478 0.31622 -0.384863 0.867113 0.400795 -0.930002 -0.306262 0.203222 -0.504304 0.187351 -0.87068 -0.45477 0.485867 
1534349983108 0.125618 0.834833 -0.535979 -0.606322 -0.958634 0.241239 0.151075 -0.226874 0.255422 0.49483 0.830604 0.413564 0.31622 -0.384863 0.867113 0.400795 -0.930002 -0.306262 0.203222 -0.504304 0.187351 -0.87068 -0.45477 0.485867 
1534349983240 0.125239 0.834808 -0.536107 -0.606016 -0.958687 0.240937 0.151221 -0.226933 0.255409 0.49502 0.830495 0.413649 0.31622 -0.384863 0.867113 0.400795 -0.930002 -0.306262 0.203222 -0.504304 0.187351 -0.87068 -0.45477 0.485867 
1534349983297 0.124861 0.834782 -0.536236 -0.605712 -0.95874 0.240635 0.151367 -0.226993 0.255396 0.495211 0.830385 0.413735 0.31622 -0.384863 0.867113 0.400795 -0.930002 -0.306262 0.203222 -0.504304 0.187351 -0.87068 -0.45477 0.485867 
1534349983404 0.124481 0.834756 -0.536364 -0.605405 -0.958793 0.240332 0.151514 -0.227052 0.255383 0.495401 0.830275 0.413821 0.31622 -0.384863 0.867113 0.400795 -0.930002 -0.306262 0.203222 -0.504304 0.187351 -0.87068 -0.45477 0.485867 
1534349983462 0.124102 0.834731 -0.536492 -0.605101 -0.958846 0.240029 0.151661 -0.227112 0.25537 0.495591 0.830166 0.413906 0.31622 -0.384863 0.867113 0.400795 -0.930002 -0.306262 0.203222 -0.504304 0.187351 -0.87068 -0.45477 0.485867 
1534349983564 0.123724 0.834704 -0.53662 -0.604794 -0.958898 0.239727 0.151807 -0.227171 0.255357 0.495782 0.830056 0.413992 0.31622 -0.384863 0.867113 0.400795 -0.930002 -0.306262 0.203222 -0.504304 0.187351 -0.87068 -0.45477 0.485867 
1534349983627 0.123345 0.834678 -0.536748 -0.604489 -0.95895 0.239425 0.151954 -0.227231 0.255343 0.495972 0.829947 0.414078 0.31622 -0.384863 0.867113 0.400795 -0.930002 -0.306262 0.203222 -0.504304 0.187351 -0.87068 -0.45477 0.485867 
1534349983742 0.123859 0.834645 -0.536681 -0.604788 -0.958901 0.239812 0.151653 -0.227229 0.255279 0.49584 0.830045 0.413976 0.31622 -0.384863 0.867113 0.400795 -0.930002 -0.306262 0.203222 -0.504304 0.187351 -0.87068 -0.45477 0.485867 
1534349983749 0.123616 0.834597 -0.536812 -0.604586 -0.958955 0.239587 0.151667 -0.227225 0.255193 0.49603 0.829958 0.41402 0.31622 -0.384863 0.867113 0.400795 -0.930002 -0.306262 0.203222 -0.504304 0.187351 -0.87068 -0.45477 0.485867 
1534349983755 0.123374 0.834548 -0.536944 -0.60438 -0.95901 0.239362 0.151678 -0.227218 0.255107 0.496221 0.829871 0.414065 0.31622 -0.384863 0.867113 0.400795 -0.930002 -0.306262 0.203222 -0.504304 0.187351 -0.87068 -0.45477 0.485867 
1534349983771 0.123132 0.834499 -0.537075 -0.604174 -0.959064 0.239138 0.151689 -0.227212 0.25502 0.496412 0.829783 0.41411 0.31622 -0.384863 0.867113 0.400795 -0.930002 -0.306262 0.203222 -0.504304 0.187351 -0.87068 -0.45477 0.485867 
1534349983912 0.122891 0.83445 -0.537207 -0.603969 -0.959118 0.238914 0.151701 -0.227206 0.254933 0.496602 0.829696 0.414155 0.31622 -0.384863 0.867113 0.400795 -0.930002 -0.306262 0.203222 -0.504304 0.187351 -0.87068 -0.45477 0.485867 
1534349983954 0.122649 0.834401 -0.537339 -0.603763 -0.959172 0.238689 0.151712 -0.2272 0.254846 0.496793 0.829609 0.4142 0.31622 -0.384863 0.867113 0.400795 -0.930002 -0.306262 0.203222 -0.504304 0.187351 -0.87068 -0.45477 0.485867 
1534349984052 0.122407 0.834351 -0.53747 -0.603558 -0.959226 0.238465 0.151724 -0.227194 0.254759 0.496983 0.829521 0.414244 0.31622 -0.384863 0.867113 0.400795 -0.930002 -0.306262 0.203222 -0.504304 0.187351 -0.87068 -0.45477 0.485867 
1534349984097 0.122166 0.834302 -0.537602 -0.603351 -0.95928 0.23824 0.151736 -0.227187 0.254672 0.497174 0.829434 0.414289 0.31622 -0.384863 0.867113 0.400795 -0.930002 -0.306262 0.203222 -0.504304 0.187351 -0.87068 -0.45477 0.485867 
1534349984198 0.121924 0.834252 -0.537734 -0.603145 -0.959334 0.238016 0.151747 -0.227181 0.254585 0.497364 0.829346 0.414334 0.31622 -0.384863 0.867113 0.400795 -0.930002 -0.306262 0.203222 -0.504304 0.187351 -0.87068 -0.45477 0.485867 
1534349984247 0.121682 0.834203 -0.537865 -0.60294 -0.959388 0.237791 0.151759 -0.227175 0.254498 0.497555 0.829259 0.414379 0.31622 -0.384863 0.867113 0.400795 -0.930002 -0.306262 0.203222 -0.504304 0.187351 -0.87068 -0.45477 0.485867 
1534349984338 0.122009 0.834289 -0.537658 -0.603233 -0.959279 0.23816 0.151869 -0.227135 0.254752 0.497235 0.829373 0.414335 0.31622 -0.384863 0.867113 0.400795 -0.930002 -0.306262 0.203222 -0.504304 0.187351 -0.87068 -0.45477 0.485867 
1534349984351 0.12167 0.834331 -0.53767 -0.60308 -0.959256 0.238005 0.152253 -0.227175 0.254997 0.497238 0.829295 0.41434 0.31622 -0.384863 0.867113 0.400795 -0.930002 -0.306262 0.203222 -0.504304 0.187351 -0.87068 -0.45477 0.485867 
1534349984368 0.121333 0.834371 -0.537683 -0.602922 -0.959234 0.237851 0.152635 -0.227214 0.255243 0.497244 0.829216 0.414346 0.31622 -0.384863 0.867113 0.400795 -0.930002 -0.306262 0.203222 -0.504304 0.187351 -0.87068 -0.45477 0.485867 
1534349984385 0.120995 0.834412 -0.537696 -0.602765 -0.959211 0.237697 0.153018 -0.227253 0.255489 0.497249 0.829137 0.414352 0.31622 -0.384863 0.867113 0.400795 -0.930002 -0.306262 0.203222 -0.504304 0.187351 -0.87068 -0.45477 0.485867 
1534349984480 0.120657 0.834453 -0.537709 -0.602609 -0.959188 0.237543 0.153401 -0.227292 0.255735 0.497255 0.829058 0.414357 0.31622 -0.384863 0.867113 0.400795 -0.930002 -0.306262 0.203222 -0.504304 0.187351 -0.87068 -0.45477 0.485867 
1534349984506 0.12032 0.834493 -0.537721 -0.602452 -0.959165 0.237389 0.153784 -0.22733 0.255981 0.49726 0.828979 0.414363 0.31622 -0.384863 0.867113 0.400795 -0.930002 -0.306262 0.203222 -0.504304 0.187351 -0.87068 -0.45477 0.485867 
1534349984513 0.119982 0.834534 -0.537734 -0.602295 -0.959141 0.237235 0.154167 -0.227369 0.256227 0.497266 0.8289 0.414369 0.31622 -0.384863 0.867113 0.400795 -0.930002 -0.306262 0.203222 -0.504304 0.187351 -0.87068 -0.45477 0.485867 
1534349984589 0.119644 0.834574 -0.537746 -0.602137 -0.959118 0.237081 0.154549 -0.227407 0.256472 0.497271 0.82882 0.414374 0.31622 -0.384863 0.867113 0.400795 -0.930002 -0.306262 0.203222 -0.504304 0.187351 -0.87068 -0.45477 0.485867 
1534349984615 0.119307 0.834615 -0.537759 -0.601981 -0.959094 0.236927 0.154932 -0.227446 0.256718 0.497277 0.828741 0.41438 0.31622 -0.384863 0.867113 0.400795 -0.930002 -0.306262 0.203222 -0.504304 0.187351 -0.87068 -0.45477 0.485867 
1534349984641 0.118969 0.834655 -0.537771 -0.601824 -0.95907 0.236772 0.155315 -0.227485 0.256964 0.497282 0.828662 0.414386 0.31622 -0.384863 0.867113 0.400795 -0.930002 -0.306262 0.203222 -0.504304 0.187351 -0.87068 -0.45477 0.485867 
1534349984694 0.12 0.834577 -0.537663 -0.602214 -0.959138 0.23724 0.154183 -0.227419 0.256233 0.497191 0.828943 0.414344 0.31622 -0.384863 0.867113 0.400795 -0.930002 -0.306262 0.203222 -0.504304 0.187351 -0.87068 -0.45477 0.485867 
1534349984705 0.119659 0.834616 -0.537679 -0.602072 -0.959115 0.237084 0.154566 -0.227448 0.256478 0.4972 0.828861 0.414319 0.31622 -0.384863 0.867113 0.400795 -0.930002 -0.306262 0.203222 -0.504304 0.187351 -0.87068 -0.45477 0.485867 
1534349984711 0.119319 0.834655 -0.537694 -0.601928 -0.959091 0.236927 0.154949 -0.227475 0.256723 0.497209 0.82878 0.414294 0.31622 -0.384863 0.867113 0.400795 -0.930002 -0.306262 0.203222 -0.504304 0.187351 -0.87068 -0.45477 0.485867 
1534349984725 0.118979 0.834694 -0.537709 -0.601783 -0.959068 0.236772 0.155331 -0.227503 0.256968 0.497218 0.828699 0.41427 0.31622 -0.384863 0.867113 0.400795 -0.930002 -0.306262 0.203222 -0.504304 0.187351 -0.87068 -0.45477 0.485867 
1534349984742 0.118639 0.834732 -0.537724 -0.601638 -0.959044 0.236616 0.155713 -0.22753 0.257213 0.497227 0.828617 0.414246 0.31622 -0.384863 0.867113 0.400795 -0.930002 -0.306262 0.203222 -0.504304 0.187351 -0.87068 -0.45477 0.485867 
1534349984758 0.1183 0.834771 -0.537739 -0.601494 -0.959021 0.236461 0.156095 -0.227558 0.257458 0.497236 0.828536 0.414221 0.31622 -0.384863 0.867113 0.400795 -0.930002 -0.306262 0.203222 -0.504304 0.187351 -0.87068 -0.45477 0.485867 
1534349984810 0.11796 0.83481 -0.537753 -0.601348 -0.958997 0.236305 0.156478 -0.227585 0.257703 0.497245 0.828454 0.414197 0.31622 -0.384863 0.867113 0.400795 -0.930002 -0.306262 0.203222 -0.504304 0.187351 -0.87068 -0.45477 0.485867 
1534349984872 0.11762 0.834848 -0.537768 -0.601203 -0.958973 0.236149 0.15686 -0.227612 0.257948 0.497255 0.828372 0.414172 0.31622 -0.384863 0.867113 0.400795 -0.930002 -0.306262 0.203222 -0.504304 0.187351 -0.87068 -0.45477 0.485867 
1534349984899 0.117281 0.834887 -0.537782 -0.601057 -0.958948 0.235994 0.157242 -0.227639 0.258192 0.497264 0.828291 0.414148 0.31622 -0.384863 0.867113 0.400795 -0.930002 -0.306262 0.203222 -0.504304 0.187351 -0.87068 -0.45477 0.485867 
1534349984924 0.116941 0.834925 -0.537796 -0.600913 -0.958924 0.235838 0.157624 -0.227666 0.258437 0.497273 0.828209 0.414123 0.31622 -0.384863 0.867113 0.400795 -0.930002 -0.306262 0.203222 -0.504304 0.187351 -0.87068 -0.45477 0.485867 
1534349984971 0.117789 0.834852 -0.537725 -0.60131 -0.959051 0.236093 0.156468 -0.227562 0.257581 0.497275 0.828474 0.414143 0.31622 -0.384863 0.867113 0.400795 -0.930002 -0.306262 0.203222 -0.504304 0.187351 -0.87068 -0.45477 0.485867 
1534349984983 0.117665 0.834878 -0.537712 -0.601203 -0.959082 0.235955 0.156483 -0.227564 0.25752 0.497297 0.82848 0.414145 0.31622 -0.384863 0.867113 0.400795 -0.930002 -0.306262 0.203222 -0.504304 0.187351 -0.87068 -0.45477 0.485867 
1534349984990 0.117542 0.834903 -0.537699 -0.601092 -0.959113 0.235818 0.156499 -0.227565 0.25746 0.497319 0.828485 0.414149 0.31622 -0.384863 0.867113 0.400795 -0.930002 -0.306262 0.203222 -0.504304 0.187351 -0.87068 -0.45477 0.485867 
1534349985003 0.117418 0.834929 -0.537686 -0.600981 -0.959145 0.23568 0.156514 -0.227566 0.2574 0.497341 0.828491 0.414152 0.31622 -0.384863 0.867113 0.400795 -0.930002 -0.306262 0.203222 -0.504304 0.187351 -0.87068 -0.45477 0.485867 
1534349985020 0.117295 0.834955 -0.537673 -0.600872 -0.959176 0.235544 0.156529 -0.227567 0.25734 0.497363 0.828496 0.414154 0.31622 -0.384863 0.867113 0.400795 -0.930002 -0.306262 0.203222 -0.504304 0.187351 -0.87068 -0.45477 0.485867 
1534349985037 0.117172 0.83498 -0.53766 -0.60076 -0.959207 0.235406 0.156544 -0.227567 0.25728 0.497385 0.828502 0.414158 0.31622 -0.384863 0.867113 0.400795 -0.930002 -0.306262 0.203222 -0.504304 0.187351 -0.87068 -0.45477 0.485867 
1534349985058 0.117049 0.835006 -0.537648 -0.60065 -0.959238 0.235269 0.156559 -0.227568 0.25722 0.497407 0.828507 0.41416 0.31622 -0.384863 0.867113 0.400795 -0.930002 -0.306262 0.203222 -0.504304 0.187351 -0.87068 -0.45477 0.485867 
1534349985114 0.116925 0.835032 -0.537634 -0.600539 -0.959269 0.235132 0.156575 -0.227569 0.25716 0.497429 0.828513 0.414164 0.31622 -0.384863 0.867113 0.400795 -0.930002 -0.306262 0.203222 -0.504304 0.187351 -0.87068 -0.45477 0.485867 
1534349985151 0.116802 0.835057 -0.537621 -0.600428 -0.9593 0.234994 0.15659 -0.227569 0.2571 0.49745 0.828518 0.414166 0.31622 -0.384863 0.867113 0.400795 -0.930002 -0.306262 0.203222 -0.504304 0.187351 -0.87068 -0.45477 0.485867 
1534349985186 0.116679 0.835083 -0.537609 -0.600318 -0.959331 0.234858 0.156605 -0.22757 0.257039 0.497473 0.828524 0.414169 0.31622 -0.384863 0.867113 0.400795 -0.930002 -0.306262 0.203222 -0.504304 0.187351 -0.87068 -0.45477 0.485867 
1534349985229 0.116994 0.834909 -0.537809 -0.600663 -0.959248 0.235246 0.15653 -0.22754 0.257206 0.497579 0.828408 0.414084 0.31622 -0.384863 0.867113 0.400795 -0.930002 -0.306262 0.203222 -0.504304 0.187351 -0.87068 -0.45477 0.485867 
1534349985241 0.117173 0.834926 -0.537744 -0.60058 -0.959352 0.235142 0.156052 -0.227519 0.256738 0.497601 0.82854 0.4141 0.31622 -0.384863 0.867113 0.400795 -0.930002 -0.306262 0.203222 -0.504304 0.187351 -0.87068 -0.45477 0.485867 
1534349985258 0.117352 0.834942 -0.53768 -0.600494 -0.959455 0.235038 0.155574 -0.227496 0.25627 0.497622 0.828672 0.414116 0.31622 -0.384863 0.867113 0.400795 -0.930002 -0.306262 0.203222 -0.504304 0.187351 -0.87068 -0.45477 0.485867 
1534349985274 0.117532 0.834959 -0.537615 -0.600407 -0.959558 0.234934 0.155096 -0.227473 0.255803 0.497644 0.828804 0.414132 0.31622 -0.384863 0.867113 0.400795 -0.930002 -0.306262 0.203222 -0.504304 0.187351 -0.87068 -0.45477 0.485867 
1534349985367 0.11771 0.834976 -0.53755 -0.600319 -0.959661 0.23483 0.154618 -0.227449 0.255335 0.497665 0.828935 0.414148 0.31622 -0.384863 0.867113 0.400795 -0.930002 -0.306262 0.203222 -0.504304 0.187351 -0.87068 -0.45477 0.485867 
1534349985390 0.11789 0.834992 -0.537485 -0.600231 -0.959763 0.234726 0.15414 -0.227426 0.254867 0.497686 0.829066 0.414164 0.31622 -0.384863 0.867113 0.400795 -0.930002 -0.306262 0.203222 -0.504304 0.187351 -0.87068 -0.45477 0.485867 
1534349985416 0.118069 0.835009 -0.53742 -0.600145 -0.959865 0.234621 0.153662 -0.227403 0.254399 0.497708 0.829197 0.41418 0.31622 -0.384863 0.867113 0.400795 -0.930002 -0.306262 0.203222 -0.504304 0.187351 -0.87068 -0.45477 0.485867 
1534349985478 0.118249 0.835025 -0.537355 -0.600059 -0.959967 0.234518 0.153183 -0.22738 0.253931 0.497729 0.829328 0.414196 0.31622 -0.384863 0.867113 0.400795 -0.930002 -0.306262 0.203222 -0.504304 0.187351 -0.87068 -0.45477 0.485867 
1534349985505 0.118427 0.835042 -0.537289 -0.599971 -0.960069 0.234413 0.152705 -0.227356 0.253463 0.49775 0.829459 0.414212 0.31622 -0.384863 0.867113 0.400795 -0.930002 -0.306262 0.203222 -0.504304 0.187351 -0.87068 -0.45477 0.485867 
1534349985539 0.118606 0.835059 -0.537224 -0.599884 -0.96017 0.234309 0.152227 -0.227333 0.252995 0.497771 0.829589 0.414228 0.31622 -0.384863 0.867113 0.400795 -0.930002 -0.306262 0.203222 -0.504304 0.187351 -0.87068 -0.45477 0.485867 
1534349985589 0.118128 0.834992 -0.537433 -0.600062 -0.959919 0.234555 0.153429 -0.227448 0.25417 0.497767 0.829232 0.414119 0.31622 -0.384863 0.867113 0.400795 -0.930002 -0.306262 0.203222 -0.504304 0.187351 -0.87068 -0.45477 0.485867 
1534349985599 0.117986 0.834979 -0.537484 -0.599991 -0.959929 0.234459 0.153511 -0.22745 0.254196 0.497834 0.829183 0.414101 0.31622 -0.384863 0.867113 0.400795 -0.930002 -0.306262 0.203222 -0.504304 0.187351 -0.87068 -0.45477 0.485867 
1534349985615 0.117846 0.834965 -0.537536 -0.599915 -0.959939 0.234364 0.153591 -0.22745 0.254222 0.497902 0.829135 0.414084 0.31622 -0.384863 0.867113 0.400795 -0.930002 -0.306262 0.203222 -0.504304 0.187351 -0.87068 -0.45477 0.485867 
1534349985632 0.117706 0.834951 -0.537589 -0.599839 -0.95995 0.234269 0.153671 -0.22745 0.254248 0.49797 0.829086 0.414066 0.31622 -0.384863 0.867113 0.400795 -0.930002 -0.306262 0.203222 -0.504304 0.187351 -0.87068 -0.45477 0.485867 
1534349985649 0.117566 0.834938 -0.537641 -0.599765 -0.95996 0.234174 0.153751 -0.227451 0.254274 0.498038 0.829038 0.414048 0.31622 -0.384863 0.867113 0.400795 -0.930002 -0.306262 0.203222 -0.504304 0.187351 -0.87068 -0.45477 0.485867 
1534349985723 0.117426 0.834924 -0.537693 -0.599689 -0.95997 0.234079 0.15383 -0.227451 0.254299 0.498106 0.828989 0.414031 0.31622 -0.384863 0.867113 0.400795 -0.930002 -0.306262 0.203222 -0.504304 0.187351 -0.87068 -0.45477 0.485867 
1534349985740 0.117285 0.83491 -0.537745 -0.599614 -0.959981 0.233985 0.15391 -0.227452 0.254325 0.498173 0.82894 0.414013 0.31622 -0.384863 0.867113 0.400795 -0.930002 -0.306262 0.203222 -0.504304 0.187351 -0.87068 -0.45477 0.485867 
1534349985757 0.117145 0.834896 -0.537797 -0.599538 -0.959991 0.23389 0.15399 -0.227452 0.254351 0.498241 0.828892 0.413996 0.31622 -0.384863 0.867113 0.400795 -0.930002 -0.306262 0.203222 -0.504304 0.187351 -0.87068 -0.45477 0.485867 
1534349985773 0.117005 0.834882 -0.537849 -0.599463 -0.960001 0.233795 0.15407 -0.227452 0.254377 0.498309 0.828843 0.413979 0.31622 -0.384863 0.867113 0.400795 -0.930002 -0.306262 0.203222 -0.504304 0.187351 -0.87068 -0.45477 0.485867 
1534349985820 0.116865 0.834868 -0.537901 -0.599388 -0.960011 0.2337 0.15415 -0.227453 0.254402 0.498377 0.828794 0.413961 0.31622 -0.384863 0.867113 0.400795 -0.930002 -0.306262 0.203222 -0.504304 0.187351 -0.87068 -0.45477 0.485867 
1534349985850 0.117351 0.834858 -0.537812 -0.599709 -0.959971 0.234055 0.153861 -0.227451 0.25433 0.498228 0.828906 0.413985 0.31622 -0.384863 0.867113 0.400795 -0.930002 -0.306262 0.203222 -0.504304 0.187351 -0.87068 -0.45477 0.485867 
1534349985863 0.117156 0.834799 -0.537945 -0.599641 -0.959943 0.234018 0.154095 -0.227479 0.254527 0.498343 0.828776 0.414015 0.31622 -0.384863 0.867113 0.400795 -0.930002 -0.306262 0.203222 -0.504304 0.187351 -0.87068 -0.45477 0.485867 
1534349985880 0.11696 0.834741 -0.538079 -0.599568 -0.959915 0.233979 0.154328 -0.227507 0.254723 0.498459 0.828646 0.414047 0.31622 -0.384863 0.867113 0.400795 -0.930002 -0.306262 0.203222 -0.504304 0.187351 -0.87068 -0.45477 0.485867 
1534349985897 0.116764 0.834682 -0.538212 -0.599496 -0.959887 0.233941 0.154561 -0.227534 0.25492 0.498575 0.828516 0.414079 0.31622 -0.384863 0.867113 0.400795 -0.930002 -0.306262 0.203222 -0.504304 0.187351 -0.87068 -0.45477 0.485867 
1534349985913 0.116568 0.834623 -0.538345 -0.599423 -0.959858 0.233904 0.154794 -0.227561 0.255116 0.498691 0.828386 0.41411 0.31622 -0.384863 0.867113 0.400795 -0.930002 -0.306262 0.203222 -0.504304 0.187351 -0.87068 -0.45477 0.485867 
1534349985930 0.116372 0.834565 -0.538479 -0.599352 -0.95983 0.233866 0.155028 -0.227589 0.255313 0.498807 0.828255 0.414142 0.31622 -0.384863 0.867113 0.400795 -0.930002 -0.306262 0.203222 -0.504304 0.187351 -0.87068 -0.45477 0.485867 
1534349985947 0.116176 0.834506 -0.538612 -0.599278 -0.959801 0.233829 0.155261 -0.227616 0.255509 0.498923 0.828125 0.414174 0.31622 -0.384863 0.867113 0.400795 -0.930002 -0.306262 0.203222 -0.504304 0.187351 -0.87068 -0.45477 0.485867 
1534349985963 0.11598 0.834447 -0.538745 -0.599207 -0.959773 0.233791 0.155494 -0.227643 0.255705 0.499039 0.827995 0.414205 0.31622 -0.384863 0.867113 0.400795 -0.930002 -0.306262 0.203222 -0.504304 0.187351 -0.87068 -0.45477 0.485867 
1534349986000 0.115784 0.834389 -0.538878 -0.599135 -0.959744 0.233753 0.155727 -0.227671 0.255901 0.499154 0.827864 0.414236 0.31622 -0.384863 0.867113 0.400795 -0.930002 -0.306262 0.203222 -0.504304 0.187351 -0.87068 -0.45477 0.485867 
1534349986032 0.115589 0.83433 -0.539011 -0.599061 -0.959715 0.233716 0.15596 -0.227697 0.256097 0.49927 0.827734 0.414268 0.31622 -0.384863 0.867113 0.400795 -0.930002 -0.306262 0.203222 -0.504304 0.187351 -0.87068 -0.45477 0.485867 
1534349986060 0.116541 0.834648 -0.538313 -0.59937 -0.959861 0.233876 0.154819 -0.227625 0.255118 0.498663 0.828402 0.414157 0.31622 -0.384863 0.867113 0.400795 -0.930002 -0.306262 0.203222 -0.504304 0.187351 -0.87068 -0.45477 0.485867 
1534349986071 0.116346 0.834751 -0.538195 -0.599264 -0.959872 0.233715 0.154994 -0.227666 0.255165 0.498565 0.828446 0.414181 0.31622 -0.384863 0.867113 0.400795 -0.930002 -0.306262 0.203222 -0.504304 0.187351 -0.87068 -0.45477 0.485867 
1534349986088 0.11615 0.834854 -0.538078 -0.599156 -0.959883 0.233553 0.155169 -0.227706 0.255213 0.498469 0.82849 0.414206 0.31622 -0.384863 0.867113 0.400795 -0.930002 -0.306262 0.203222 -0.504304 0.187351 -0.87068 -0.45477 0.485867 
1534349986104 0.115954 0.834957 -0.53796 -0.599047 -0.959894 0.233392 0.155344 -0.227746 0.255261 0.498372 0.828533 0.41423 0.31622 -0.384863 0.867113 0.400795 -0.930002 -0.306262 0.203222 -0.504304 0.187351 -0.87068 -0.45477 0.485867 
1534349986180 0.115759 0.83506 -0.537843 -0.598938 -0.959905 0.233232 0.155519 -0.227785 0.255309 0.498275 0.828576 0.414255 0.31622 -0.384863 0.867113 0.400795 -0.930002 -0.306262 0.203222 -0.504304 0.187351 -0.87068 -0.45477 0.485867 
1534349986197 0.115564 0.835162 -0.537726 -0.598828 -0.959915 0.233071 0.155693 -0.227824 0.255357 0.498179 0.82862 0.41428 0.31622 -0.384863 0.867113 0.400795 -0.930002 -0.306262 0.203222 -0.504304 0.187351 -0.87068 -0.45477 0.485867 
1534349986213 0.115368 0.835265 -0.537608 -0.598719 -0.959926 0.23291 0.155868 -0.227864 0.255406 0.498082 0.828663 0.414305 0.31622 -0.384863 0.867113 0.400795 -0.930002 -0.306262 0.203222 -0.504304 0.187351 -0.87068 -0.45477 0.485867 
1534349986232 0.115173 0.835368 -0.537491 -0.598611 -0.959937 0.232749 0.156043 -0.227904 0.255454 0.497985 0.828706 0.414329 0.31622 -0.384863 0.867113 0.400795 -0.930002 -0.306262 0.203222 -0.504304 0.187351 -0.87068 -0.45477 0.485867 
1534349986247 0.114978 0.83547 -0.537373 -0.598501 -0.959947 0.232588 0.156218 -0.227943 0.255502 0.497888 0.82875 0.414354 0.31622 -0.384863 0.867113 0.400795 -0.930002 -0.306262 0.203222 -0.504304 0.187351 -0.87068 -0.45477 0.485867 
1534349986302 0.114783 0.835573 -0.537255 -0.598392 -0.959958 0.232427 0.156393 -0.227983 0.25555 0.497791 0.828793 0.414379 0.31622 -0.384863 0.867113 0.400795 -0.930002 -0.306262 0.203222 -0.504304 0.187351 -0.87068 -0.45477 0.485867 
1534349986332 0.115275 0.835145 -0.537815 -0.598835 -0.959956 0.232833 0.155799 -0.227776 0.255336 0.498319 0.828542 0.414176 0.31622 -0.384863 0.867113 0.400795 -0.930002 -0.306262 0.203222 -0.504304 0.187351 -0.87068 -0.45477 0.485867 
1534349986343 0.114975 0.835187 -0.537813 -0.598665 -0.960012 0.232541 0.155887 -0.227836 0.255259 0.498384 0.828527 0.414201 0.31622 -0.384863 0.867113 0.400795 -0.930002 -0.306262 0.203222 -0.504304 0.187351 -0.87068 -0.45477 0.485867 
1534349986360 0.114677 0.835229 -0.537812 -0.59849 -0.960068 0.232251 0.155975 -0.227894 0.255182 0.49845 0.828511 0.414226 0.31622 -0.384863 0.867113 0.400795 -0.930002 -0.306262 0.203222 -0.504304 0.187351 -0.87068 -0.45477 0.485867 
1534349986377 0.114379 0.83527 -0.537812 -0.598315 -0.960124 0.231961 0.156062 -0.227952 0.255105 0.498516 0.828494 0.414252 0.31622 -0.384863 0.867113 0.400795 -0.930002 -0.306262 0.203222 -0.504304 0.187351 -0.87068 -0.45477 0.485867 
1534349986393 0.114081 0.835311 -0.537811 -0.59814 -0.96018 0.23167 0.156149 -0.22801 0.255028 0.498582 0.828478 0.414277 0.31622 -0.384863 0.867113 0.400795 -0.930002 -0.306262 0.203222 -0.504304 0.187351 -0.87068 -0.45477 0.485867 
1534349986481 0.113782 0.835352 -0.537811 -0.597967 -0.960236 0.23138 0.156237 -0.228068 0.254951 0.498648 0.828462 0.414302 0.31622 -0.384863 0.867113 0.400795 -0.930002 -0.306262 0.203222 -0.504304 0.187351 -0.87068 -0.45477 0.485867 
1534349986521 0.113484 0.835393 -0.53781 -0.597791 -0.960292 0.231089 0.156324 -0.228126 0.254874 0.498714 0.828446 0.414328 0.31622 -0.384863 0.867113 0.400795 -0.930002 -0.306262 0.203222 -0.504304 0.187351 -0.87068 -0.45477 0.485867 
1534349986528 0.113186 0.835434 -0.537809 -0.597617 -0.960347 0.230799 0.156412 -0.228184 0.254797 0.49878 0.82843 0.414353 0.31622 -0.384863 0.867113 0.400795 -0.930002 -0.306262 0.203222 -0.504304 0.187351 -0.87068 -0.45477 0.485867 
1534349986557 0.112888 0.835475 -0.537809 -0.597444 -0.960403 0.230509 0.156499 -0.228242 0.25472 0.498847 0.828414 0.414379 0.31622 -0.384863 0.867113 0.400795 -0.930002 -0.306262 0.203222 -0.504304 0.187351 -0.87068 -0.45477 0.485867 
1534349986648 0.112589 0.835515 -0.537808 -0.597268 -0.960458 0.230218 0.156586 -0.2283 0.254643 0.498912 0.828398 0.414404 0.31622 -0.384863 0.867113 0.400795 -0.930002 -0.306262 0.203222 -0.504304 0.187351 -0.87068 -0.45477 0.485867 
1534349986688 0.11315 0.835293 -0.538036 -0.5977 -0.960351 0.230814 0.156371 -0.228111 0.254801 0.499009 0.828291 0.414301 0.31622 -0.384863 0.867113 0.400795 -0.930002 -0.306262 0.203222 -0.504304 0.187351 -0.87068 -0.45477 0.485867 
1534349986699 0.113015 0.835466 -0.537796 -0.597532 -0.960385 0.23062 0.156448 -0.228132 0.254734 0.49881 0.828432 0.414275 0.31622 -0.384863 0.867113 0.400795 -0.930002 -0.306262 0.203222 -0.504304 0.187351 -0.87068 -0.45477 0.485867 
1534349986715 0.112879 0.835639 -0.537555 -0.597361 -0.960419 0.230425 0.156526 -0.228151 0.254666 0.498609 0.828573 0.414249 0.31622 -0.384863 0.867113 0.400795 -0.930002 -0.306262 0.203222 -0.504304 0.187351 -0.87068 -0.45477 0.485867 
1534349986732 0.112743 0.835812 -0.537315 -0.597189 -0.960452 0.230231 0.156604 -0.22817 0.254598 0.498409 0.828715 0.414223 0.31622 -0.384863 0.867113 0.400795 -0.930002 -0.306262 0.203222 -0.504304 0.187351 -0.87068 -0.45477 0.485867 
1534349986749 0.112608 0.835984 -0.537075 -0.597017 -0.960486 0.230038 0.156681 -0.228188 0.25453 0.498209 0.828856 0.414197 0.31622 -0.384863 0.867113 0.400795 -0.930002 -0.306262 0.203222 -0.504304 0.187351 -0.87068 -0.45477 0.485867 
1534349986850 0.112473 0.836157 -0.536835 -0.596846 -0.96052 0.229844 0.156758 -0.228208 0.254462 0.49801 0.828997 0.414171 0.31622 -0.384863 0.867113 0.400795 -0.930002 -0.306262 0.203222 -0.504304 0.187351 -0.87068 -0.45477 0.485867 
1534349986856 0.112337 0.836329 -0.536594 -0.596673 -0.960554 0.22965 0.156835 -0.228226 0.254395 0.497809 0.829138 0.414145 0.31622 -0.384863 0.867113 0.400795 -0.930002 -0.306262 0.203222 -0.504304 0.187351 -0.87068 -0.45477 0.485867 
1534349986907 0.112202 0.836502 -0.536354 -0.596502 -0.960588 0.229456 0.156913 -0.228245 0.254327 0.497609 0.829279 0.414119 0.31622 -0.384863 0.867113 0.400795 -0.930002 -0.306262 0.203222 -0.504304 0.187351 -0.87068 -0.45477 0.485867 
