1532543625749 0.338922 0.682296 -0.647769 -0.613952 -0.934813 0.321873 -0.150078 -0.2488 0.106101 0.656407 0.746908 0.397437 -0.0614555 -0.0839233 0.994575 0.402366 -0.977946 0.204345 -0.0431851 -0.454927 -0.199613 -0.975295 -0.0946306 0.452335 
1532543625762 0.329983 0.684119 -0.650455 -0.610698 -0.937487 0.31822 -0.140908 -0.249223 0.110589 0.65629 0.74636 0.398293 -0.0631607 -0.0868919 0.994214 0.399335 -0.97833 0.202216 -0.0444785 -0.455599 -0.197181 -0.975479 -0.097781 0.452696 
1532543625769 0.321012 0.685909 -0.653055 -0.607443 -0.940058 0.314549 -0.131716 -0.249646 0.115072 0.656192 0.745768 0.399149 -0.0648588 -0.0898633 0.99384 0.396304 -0.978708 0.200087 -0.0457793 -0.45627 -0.194741 -0.975648 -0.100927 0.453057 
1532543626341 0.312009 0.687664 -0.655568 -0.604187 -0.942528 0.310861 -0.122504 -0.250069 0.119549 0.656113 0.745134 0.400006 -0.066549 -0.0928376 0.993455 0.393274 -0.979078 0.197962 -0.0470866 -0.456941 -0.192295 -0.975803 -0.104069 0.453418 
1532543626378 0.302976 0.689384 -0.657993 -0.600931 -0.944894 0.307156 -0.113271 -0.250491 0.12402 0.656052 0.744456 0.400862 -0.0682318 -0.0958147 0.993058 0.390243 -0.979441 0.195839 -0.0484007 -0.457612 -0.189842 -0.975944 -0.107207 0.453779 
1532543626767 0.293913 0.69107 -0.660331 -0.597676 -0.947157 0.303436 -0.104018 -0.250914 0.128484 0.65601 0.743736 0.401719 -0.0699073 -0.0987945 0.992649 0.387212 -0.979796 0.19372 -0.049722 -0.458283 -0.187383 -0.97607 -0.110341 0.45414 
1532543626984 0.284822 0.692721 -0.662582 -0.59442 -0.949317 0.299699 -0.0947477 -0.251336 0.132941 0.655986 0.742973 0.402575 -0.0715746 -0.101777 0.992229 0.384181 -0.980144 0.191603 -0.0510494 -0.458954 -0.184918 -0.976181 -0.11347 0.454501 
1532543627324 0.275703 0.694337 -0.664744 -0.591165 -0.951374 0.295948 -0.0854596 -0.251759 0.137392 0.655981 0.742167 0.403431 -0.0732345 -0.104762 0.991797 0.38115 -0.980484 0.189489 -0.0523837 -0.459625 -0.182447 -0.976278 -0.116595 0.454862 
1532543627580 0.266557 0.695918 -0.666817 -0.587919 -0.953326 0.292181 -0.0761554 -0.252184 0.141833 0.655994 0.74132 0.404285 -0.0748874 -0.107749 0.991354 0.378121 -0.980817 0.187378 -0.0537256 -0.460295 -0.179969 -0.97636 -0.119715 0.455221 
1532543627921 0.257414 0.697468 -0.668788 -0.584837 -0.95517 0.288407 -0.0668658 -0.252604 0.146247 0.656018 0.74044 0.405093 -0.0765398 -0.110722 0.9909 0.37516 -0.981142 0.185272 -0.0550839 -0.460948 -0.177487 -0.97643 -0.122815 0.455553 
1532543628765 0.257408 0.697532 -0.668723 -0.584857 -0.955166 0.288433 -0.066809 -0.252547 0.14628 0.655939 0.740504 0.40513 -0.0765693 -0.110606 0.99091 0.37516 -0.981148 0.185224 -0.0551401 -0.460948 -0.177442 -0.976452 -0.122704 0.455584 
1532543628772 0.258646 0.697554 -0.668222 -0.584892 -0.955039 0.288447 -0.0685539 -0.252466 0.144927 0.655909 0.740796 0.405026 -0.0717847 -0.108356 0.991517 0.37465 -0.981152 0.18648 -0.0506552 -0.46116 -0.179409 -0.976465 -0.1197 0.455286 
1532543628940 0.259884 0.697575 -0.667719 -0.584928 -0.954907 0.288462 -0.0703003 -0.252385 0.143572 0.65588 0.741086 0.404922 -0.0669933 -0.106109 0.992095 0.374139 -0.981132 0.187746 -0.0461727 -0.461372 -0.181363 -0.976469 -0.116685 0.454988 
1532543629001 0.261121 0.697597 -0.667214 -0.584963 -0.954772 0.288477 -0.0720461 -0.252304 0.142217 0.65585 0.741374 0.404818 -0.0621962 -0.103869 0.992644 0.373629 -0.981087 0.189022 -0.0416931 -0.461584 -0.183301 -0.976464 -0.113661 0.45469 
1532543629304 0.262356 0.697619 -0.666706 -0.584999 -0.954635 0.288492 -0.0737916 -0.252223 0.140861 0.655821 0.741659 0.404714 -0.0573933 -0.101634 0.993165 0.373119 -0.981019 0.190307 -0.0372166 -0.461795 -0.185224 -0.97645 -0.110627 0.454392 
1532543629418 0.263591 0.69764 -0.666196 -0.585034 -0.954494 0.288506 -0.0755375 -0.252142 0.139504 0.655791 0.741941 0.40461 -0.0525847 -0.099405 0.993657 0.372609 -0.980926 0.191602 -0.0327433 -0.462007 -0.187131 -0.976426 -0.107584 0.454094 
1532543629583 0.264825 0.697662 -0.665684 -0.585069 -0.95435 0.288521 -0.0772824 -0.252061 0.138147 0.655762 0.742221 0.404507 -0.0477707 -0.0971815 0.99412 0.372098 -0.98081 0.192906 -0.0282733 -0.462219 -0.189024 -0.976393 -0.104532 0.453796 
1532543629897 0.266058 0.697683 -0.66517 -0.585105 -0.954202 0.288536 -0.079027 -0.25198 0.13679 0.655732 0.742498 0.404403 -0.0429513 -0.094964 0.994554 0.371588 -0.980669 0.19422 -0.0238068 -0.462431 -0.190901 -0.976351 -0.10147 0.453498 
1532543630004 0.267289 0.697705 -0.664653 -0.58514 -0.954052 0.28855 -0.0807712 -0.251899 0.135431 0.655703 0.742773 0.404299 -0.0381272 -0.0927513 0.994959 0.371078 -0.980504 0.195544 -0.0193445 -0.462642 -0.192764 -0.976299 -0.0983985 0.4532 
1532543630159 0.268516 0.697727 -0.664136 -0.585173 -0.953899 0.288565 -0.0825104 -0.251825 0.134076 0.655674 0.743045 0.404197 -0.0333154 -0.0905528 0.995334 0.370595 -0.980315 0.196876 -0.0149015 -0.462836 -0.194608 -0.976238 -0.0953293 0.452918 
1532543630675 0.268591 0.697739 -0.664093 -0.585148 -0.953866 0.288681 -0.0824825 -0.251917 0.13416 0.65561 0.743086 0.404254 -0.0382081 -0.0926119 0.994969 0.371056 -0.980501 0.195547 -0.0194509 -0.462683 -0.192762 -0.976312 -0.0982776 0.453244 
1532543630864 0.269175 0.698051 -0.663529 -0.585089 -0.953834 0.288517 -0.0834165 -0.251844 0.13321 0.65535 0.743486 0.404201 -0.0370569 -0.0913688 0.995127 0.371157 -0.980023 0.198042 -0.018311 -0.462608 -0.195404 -0.975926 -0.0968823 0.453145 
1532543630991 0.269761 0.698363 -0.662962 -0.585031 -0.953801 0.288355 -0.0843514 -0.251772 0.13226 0.655089 0.743886 0.404148 -0.0359021 -0.0901282 0.995283 0.371257 -0.979536 0.200536 -0.0171744 -0.462532 -0.198042 -0.975532 -0.0954835 0.453047 
1532543631109 0.270345 0.698675 -0.662395 -0.584972 -0.953767 0.288193 -0.0852862 -0.251699 0.13131 0.654827 0.744284 0.404095 -0.0347439 -0.0888906 0.995435 0.371358 -0.979041 0.20303 -0.0160415 -0.462457 -0.200677 -0.975129 -0.0940816 0.452948 
1532543631323 0.270929 0.698987 -0.661827 -0.584914 -0.953732 0.288031 -0.0862215 -0.251627 0.130359 0.654565 0.744682 0.404042 -0.0335823 -0.0876558 0.995585 0.371458 -0.978538 0.205524 -0.014912 -0.462381 -0.20331 -0.974719 -0.0926765 0.45285 
1532543631381 0.271512 0.699298 -0.661259 -0.584855 -0.953695 0.28787 -0.0871564 -0.251554 0.129408 0.654303 0.745078 0.403988 -0.0324174 -0.0864238 0.995731 0.371559 -0.978028 0.208018 -0.0137862 -0.462306 -0.205939 -0.974299 -0.0912683 0.452751 
1532543631386 0.272095 0.69961 -0.660689 -0.584796 -0.953658 0.287709 -0.0880917 -0.251482 0.128456 0.654041 0.745473 0.403935 -0.031249 -0.0851946 0.995874 0.37166 -0.977509 0.210512 -0.012664 -0.46223 -0.208565 -0.973872 -0.0898568 0.452652 
1532543631678 0.272676 0.699921 -0.660119 -0.584738 -0.953619 0.287549 -0.0890265 -0.251409 0.127505 0.653778 0.745866 0.403882 -0.0300774 -0.0839683 0.996014 0.37176 -0.976983 0.213006 -0.0115453 -0.462155 -0.211188 -0.973436 -0.0884422 0.452554 
1532543631684 0.273257 0.700233 -0.659549 -0.584679 -0.95358 0.287388 -0.0899612 -0.251337 0.126553 0.653515 0.746259 0.403829 -0.0289023 -0.082745 0.996152 0.371861 -0.976448 0.2155 -0.0104302 -0.462079 -0.213808 -0.972992 -0.0870247 0.452455 
1532543631703 0.273835 0.700544 -0.658978 -0.584623 -0.95354 0.287228 -0.0908939 -0.25127 0.125602 0.653252 0.74665 0.403778 -0.0277274 -0.0815285 0.996285 0.371963 -0.975906 0.217992 -0.00932142 -0.462009 -0.216422 -0.972539 -0.0856085 0.452364 
1532543632117 0.273748 0.700557 -0.659 -0.584637 -0.953556 0.287211 -0.0907836 -0.251251 0.125673 0.653245 0.746644 0.403805 -0.0300423 -0.0840818 0.996006 0.371761 -0.97699 0.212974 -0.0114897 -0.462133 -0.211157 -0.973433 -0.0885453 0.452498 
1532543632339 0.274796 0.700705 -0.658408 -0.584806 -0.95338 0.287389 -0.092055 -0.251156 0.124716 0.653009 0.747011 0.403748 -0.0295158 -0.0838038 0.996045 0.371971 -0.976774 0.213995 -0.0109399 -0.462068 -0.212232 -0.973233 -0.0881735 0.452502 
1532543632345 0.275844 0.700852 -0.657812 -0.584975 -0.953202 0.287569 -0.0933268 -0.251061 0.123758 0.652771 0.747378 0.403691 -0.0289885 -0.0835269 0.996084 0.37218 -0.976556 0.215014 -0.01039 -0.462004 -0.213305 -0.973032 -0.0878016 0.452507 
1532543632445 0.276891 0.700999 -0.657215 -0.585144 -0.953022 0.287749 -0.094598 -0.250966 0.1228 0.652534 0.747743 0.403633 -0.0284609 -0.0832507 0.996122 0.37239 -0.976336 0.216034 -0.00984055 -0.46194 -0.214377 -0.97283 -0.0874292 0.452511 
1532543632452 0.277937 0.701146 -0.656617 -0.585313 -0.952841 0.287929 -0.0958688 -0.250871 0.121841 0.652297 0.748106 0.403576 -0.0279335 -0.0829749 0.99616 0.3726 -0.976115 0.217054 -0.00929196 -0.461875 -0.21545 -0.972627 -0.0870562 0.452516 
1532543632706 0.278982 0.701292 -0.656017 -0.585483 -0.952658 0.28811 -0.0971393 -0.250776 0.120882 0.65206 0.748468 0.403519 -0.0274054 -0.0826996 0.996198 0.372809 -0.975893 0.218074 -0.00874338 -0.461811 -0.216521 -0.972422 -0.0866824 0.45252 
1532543632740 0.280026 0.701438 -0.655416 -0.585652 -0.952473 0.28829 -0.0984095 -0.250681 0.119922 0.651823 0.748829 0.403462 -0.026877 -0.0824247 0.996235 0.373019 -0.975669 0.219094 -0.00819519 -0.461746 -0.217593 -0.972216 -0.0863079 0.452524 
1532543633044 0.281069 0.701583 -0.654813 -0.585821 -0.952286 0.288472 -0.0996794 -0.250586 0.118962 0.651586 0.749188 0.403405 -0.0263483 -0.0821505 0.996272 0.373229 -0.975444 0.220113 -0.00764738 -0.461682 -0.218664 -0.972009 -0.0859329 0.452529 
1532543633059 0.282112 0.701729 -0.654209 -0.585989 -0.952097 0.288653 -0.100949 -0.250491 0.118001 0.65135 0.749546 0.403348 -0.0258192 -0.0818772 0.996308 0.373439 -0.975218 0.221132 -0.00709986 -0.461617 -0.219734 -0.971801 -0.0855575 0.452533 
1532543633065 0.28315 0.701873 -0.653605 -0.586149 -0.951907 0.288834 -0.102214 -0.2504 0.117042 0.651113 0.749902 0.403294 -0.0252906 -0.0816051 0.996344 0.373645 -0.97499 0.222151 -0.00655346 -0.461554 -0.220804 -0.971591 -0.0851825 0.452538 
1532543633548 0.283104 0.701872 -0.653627 -0.586125 -0.95192 0.288803 -0.102184 -0.250382 0.117049 0.651129 0.749887 0.403278 -0.0254191 -0.0816165 0.99634 0.373605 -0.97502 0.222018 -0.0066883 -0.46156 -0.220659 -0.971621 -0.0852212 0.452572 
1532543633560 0.283468 0.701983 -0.65335 -0.586285 -0.951823 0.289042 -0.102409 -0.250353 0.116957 0.650903 0.750098 0.403212 -0.0252681 -0.0816357 0.996342 0.373843 -0.97488 0.222634 -0.00648214 -0.461487 -0.221291 -0.971478 -0.0852106 0.4526 
1532543633567 0.283832 0.702093 -0.653073 -0.586445 -0.951726 0.289281 -0.102634 -0.250323 0.116863 0.650678 0.750308 0.403145 -0.0251165 -0.081655 0.996344 0.37408 -0.974741 0.223252 -0.00627543 -0.461414 -0.221923 -0.971335 -0.0851998 0.452627 
1532543633807 0.284195 0.702204 -0.652796 -0.586605 -0.951629 0.28952 -0.102859 -0.250294 0.11677 0.650452 0.750518 0.403079 -0.024965 -0.0816744 0.996346 0.374318 -0.9746 0.223869 -0.00606873 -0.46134 -0.222556 -0.971191 -0.0851888 0.452655 
1532543633814 0.284559 0.702314 -0.652519 -0.586764 -0.951532 0.28976 -0.103084 -0.250265 0.116676 0.650226 0.750728 0.403012 -0.0248146 -0.0816938 0.996349 0.374555 -0.974459 0.224487 -0.00586304 -0.461267 -0.223189 -0.971047 -0.0851778 0.452682 
1532543633820 0.284923 0.702424 -0.652241 -0.586924 -0.951434 0.289999 -0.103309 -0.250235 0.116583 0.65 0.750938 0.402946 -0.0246634 -0.0817133 0.996351 0.374793 -0.974318 0.225105 -0.00565659 -0.461194 -0.223821 -0.970902 -0.0851666 0.45271 
1532543634076 0.285286 0.702534 -0.651964 -0.587084 -0.951337 0.290239 -0.103534 -0.250206 0.116489 0.649774 0.751148 0.40288 -0.0245122 -0.081733 0.996353 0.375031 -0.974177 0.225722 -0.00545013 -0.461121 -0.224453 -0.970757 -0.0851553 0.452738 
1532543634082 0.28565 0.702644 -0.651687 -0.587244 -0.95124 0.290478 -0.103759 -0.250177 0.116395 0.649549 0.751358 0.402813 -0.024361 -0.0817529 0.996355 0.375268 -0.974035 0.226339 -0.00524367 -0.461048 -0.225085 -0.970612 -0.085144 0.452765 
1532543634323 0.286013 0.702754 -0.651409 -0.587404 -0.951142 0.290717 -0.103984 -0.250147 0.116301 0.649323 0.751567 0.402747 -0.0242095 -0.081773 0.996357 0.375506 -0.973892 0.226956 -0.00503701 -0.460975 -0.225717 -0.970466 -0.0851325 0.452793 
1532543634330 0.286375 0.702863 -0.651132 -0.587554 -0.951044 0.290956 -0.104208 -0.250117 0.116207 0.649098 0.751776 0.402686 -0.024058 -0.0817928 0.996359 0.375738 -0.973749 0.227572 -0.0048303 -0.460903 -0.226349 -0.97032 -0.0851206 0.452819 
1532543634830 0.286299 0.702879 -0.651148 -0.587587 -0.95108 0.29083 -0.104238 -0.250106 0.116107 0.649137 0.751758 0.402655 -0.0241979 -0.0816273 0.996369 0.375657 -0.973743 0.227596 -0.00500272 -0.460943 -0.226361 -0.970328 -0.0849913 0.452822 
1532543634844 0.286771 0.702704 -0.651129 -0.587742 -0.950957 0.291063 -0.104704 -0.250102 0.115943 0.649222 0.75171 0.402643 -0.0247388 -0.0812087 0.99639 0.375885 -0.973429 0.228922 -0.00551085 -0.460806 -0.227648 -0.970051 -0.0847142 0.452784 
1532543635044 0.287244 0.702528 -0.651111 -0.587898 -0.950834 0.291295 -0.105171 -0.250098 0.11578 0.649308 0.751661 0.402631 -0.0252794 -0.0807901 0.996411 0.376112 -0.973114 0.230247 -0.00601957 -0.46067 -0.228935 -0.969773 -0.0844385 0.452746 
1532543635139 0.287717 0.702353 -0.651091 -0.588053 -0.950711 0.291528 -0.105638 -0.250093 0.115616 0.649394 0.751612 0.40262 -0.0258195 -0.0803704 0.996431 0.37634 -0.972796 0.231572 -0.00652884 -0.460533 -0.230221 -0.969492 -0.084163 0.452708 
1532543635334 0.288189 0.702177 -0.651072 -0.588208 -0.950588 0.29176 -0.106105 -0.250089 0.115452 0.64948 0.751563 0.402608 -0.026359 -0.07995 0.99645 0.376568 -0.972476 0.232897 -0.00703837 -0.460396 -0.231507 -0.96921 -0.0838884 0.45267 
1532543635393 0.288663 0.702 -0.651053 -0.588363 -0.950464 0.291993 -0.106573 -0.250085 0.115288 0.649566 0.751514 0.402596 -0.0268979 -0.079529 0.99647 0.376795 -0.972154 0.23422 -0.00754828 -0.46026 -0.232793 -0.968925 -0.0836145 0.452631 
1532543635616 0.289135 0.701824 -0.651033 -0.588519 -0.950341 0.292225 -0.10704 -0.250081 0.115125 0.649652 0.751465 0.402584 -0.0274362 -0.0791067 0.996489 0.377023 -0.97183 0.235544 -0.00805856 -0.460123 -0.234079 -0.968639 -0.0833408 0.452593 
1532543635656 0.289608 0.701648 -0.651013 -0.588674 -0.950216 0.292457 -0.107507 -0.250077 0.114961 0.649738 0.751415 0.402572 -0.027974 -0.0786845 0.996507 0.377251 -0.971505 0.236865 -0.00856916 -0.459986 -0.235364 -0.968351 -0.0830684 0.452555 
1532543635662 0.29008 0.701471 -0.650993 -0.588829 -0.950092 0.292689 -0.107974 -0.250072 0.114798 0.649824 0.751365 0.402561 -0.0285111 -0.0782607 0.996525 0.377478 -0.971177 0.238188 -0.00908013 -0.45985 -0.236649 -0.968061 -0.082796 0.452517 
1532543635807 0.290552 0.701295 -0.650972 -0.588976 -0.949967 0.292921 -0.108439 -0.250068 0.114636 0.64991 0.751316 0.40255 -0.0290449 -0.0778386 0.996543 0.3777 -0.970847 0.239507 -0.00958836 -0.459724 -0.237933 -0.967769 -0.0825259 0.452483 
1532543636374 0.29045 0.701325 -0.650985 -0.588983 -0.950005 0.292811 -0.10841 -0.250031 0.114585 0.649927 0.751309 0.402495 -0.0289473 -0.0779154 0.99654 0.37774 -0.970865 0.239438 -0.0094808 -0.459699 -0.237871 -0.96778 -0.0825765 0.45247 
1532543636528 0.290994 0.701244 -0.65083 -0.589236 -0.949834 0.293253 -0.108714 -0.25002 0.114623 0.649815 0.7514 0.402442 -0.0286461 -0.0775785 0.996575 0.377951 -0.971622 0.236348 -0.00953026 -0.459687 -0.234799 -0.968566 -0.0821474 0.452419 
1532543636534 0.291537 0.701162 -0.650675 -0.589489 -0.949663 0.293694 -0.109017 -0.250009 0.114661 0.649704 0.75149 0.402389 -0.0283477 -0.077241 0.996609 0.378161 -0.972368 0.233255 -0.00958001 -0.459675 -0.231724 -0.969343 -0.0817189 0.452367 
1532543636540 0.29208 0.70108 -0.65052 -0.589742 -0.949491 0.294136 -0.10932 -0.249997 0.114699 0.649593 0.751581 0.402335 -0.0280503 -0.0769025 0.996644 0.378372 -0.973105 0.230159 -0.00962838 -0.459662 -0.228647 -0.97011 -0.0812903 0.452316 
1532543636830 0.292623 0.700998 -0.650364 -0.589995 -0.949319 0.294577 -0.109623 -0.249986 0.114737 0.649481 0.751671 0.402282 -0.027754 -0.0765629 0.996678 0.378582 -0.973832 0.227062 -0.00967537 -0.45965 -0.225567 -0.970866 -0.0808613 0.452264 
1532543636849 0.293167 0.700915 -0.650208 -0.590248 -0.949147 0.295019 -0.109926 -0.249975 0.114775 0.64937 0.751761 0.402229 -0.0274588 -0.0762223 0.996713 0.378793 -0.974549 0.223962 -0.00972099 -0.459638 -0.222485 -0.971613 -0.0804321 0.452213 
1532543636856 0.293709 0.700833 -0.650053 -0.590501 -0.948975 0.29546 -0.110229 -0.249964 0.114813 0.649259 0.751852 0.402176 -0.0271647 -0.075881 0.996747 0.379004 -0.975257 0.220859 -0.00976526 -0.459626 -0.2194 -0.972349 -0.0800031 0.452161 
1532543637090 0.294252 0.700749 -0.649897 -0.590754 -0.948802 0.295902 -0.110531 -0.249953 0.114851 0.649147 0.751942 0.402123 -0.0268716 -0.0755386 0.996781 0.379214 -0.975954 0.217755 -0.00980813 -0.459614 -0.216313 -0.973076 -0.0795736 0.45211 
1532543637443 0.294795 0.700666 -0.649741 -0.591006 -0.948629 0.296344 -0.110834 -0.249941 0.114889 0.649036 0.752032 0.40207 -0.0265796 -0.0751957 0.996814 0.379425 -0.976642 0.214647 -0.00984961 -0.459601 -0.213223 -0.973793 -0.0791445 0.452058 
1532543637483 0.295337 0.700582 -0.649586 -0.591245 -0.948456 0.296785 -0.111135 -0.249928 0.114928 0.648925 0.752122 0.402021 -0.0262887 -0.0748535 0.996848 0.379629 -0.977319 0.211541 -0.00988903 -0.459586 -0.210134 -0.974498 -0.0787169 0.452014 
1532543637988 0.29554 0.700625 -0.649447 -0.591229 -0.948394 0.296942 -0.111239 -0.249987 0.114911 0.648807 0.752226 0.402087 -0.0264279 -0.0747856 0.996849 0.379587 -0.97731 0.211575 -0.0100371 -0.459585 -0.210158 -0.974496 -0.0786802 0.452053 
1532543637999 0.296147 0.700415 -0.649397 -0.591529 -0.948219 0.297308 -0.111755 -0.249968 0.114795 0.648866 0.752193 0.401992 -0.0276236 -0.0752425 0.996783 0.37994 -0.977205 0.212009 -0.0110775 -0.459486 -0.210494 -0.974367 -0.0793838 0.452139 
1532543638129 0.296754 0.700204 -0.649347 -0.591829 -0.948043 0.297673 -0.112272 -0.249949 0.11468 0.648926 0.752159 0.401898 -0.0288201 -0.075699 0.996714 0.380293 -0.977098 0.212443 -0.0121182 -0.459387 -0.210827 -0.974237 -0.080088 0.452225 
1532543638224 0.29736 0.699994 -0.649296 -0.592129 -0.947867 0.298038 -0.112788 -0.24993 0.114564 0.648986 0.752126 0.401803 -0.0300167 -0.0761549 0.996644 0.380645 -0.97699 0.212877 -0.0131586 -0.459288 -0.21116 -0.974107 -0.0807925 0.452312 
1532543638392 0.297967 0.699783 -0.649246 -0.592429 -0.947691 0.298403 -0.113305 -0.24991 0.114448 0.649045 0.752092 0.401708 -0.0312135 -0.0766103 0.996572 0.380998 -0.976881 0.213311 -0.0141987 -0.459189 -0.211492 -0.973976 -0.0814973 0.452398 
1532543638504 0.298574 0.699571 -0.649195 -0.592729 -0.947513 0.298769 -0.113822 -0.249891 0.114333 0.649105 0.752058 0.401614 -0.0324103 -0.0770651 0.996499 0.381351 -0.97677 0.213746 -0.0152384 -0.45909 -0.211823 -0.973845 -0.0822025 0.452484 
1532543638658 0.29918 0.69936 -0.649143 -0.593029 -0.947336 0.299134 -0.114338 -0.249872 0.114217 0.649164 0.752024 0.401519 -0.0336073 -0.0775193 0.996424 0.381704 -0.976658 0.214181 -0.0162778 -0.45899 -0.212153 -0.973713 -0.0829079 0.45257 
1532543638845 0.299786 0.699148 -0.649091 -0.593329 -0.947158 0.299499 -0.114855 -0.249853 0.114101 0.649224 0.75199 0.401424 -0.0348043 -0.0779731 0.996348 0.382057 -0.976545 0.214617 -0.0173169 -0.458891 -0.212482 -0.973581 -0.0836138 0.452656 
1532543638912 0.300392 0.698936 -0.64904 -0.593628 -0.94698 0.299863 -0.115371 -0.249834 0.113986 0.649284 0.751955 0.40133 -0.0360011 -0.0784262 0.99627 0.382409 -0.97643 0.215053 -0.0183552 -0.458792 -0.212811 -0.973448 -0.0843198 0.452743 
1532543639146 0.300997 0.698724 -0.648988 -0.593911 -0.946802 0.300227 -0.115886 -0.249813 0.113872 0.649345 0.751921 0.40124 -0.0371938 -0.0788773 0.99619 0.38275 -0.976314 0.215489 -0.0193895 -0.458699 -0.213138 -0.973315 -0.0850238 0.452824 
1532543639494 0.301049 0.698834 -0.648846 -0.5939 -0.946786 0.300287 -0.115865 -0.249865 0.113869 0.649199 0.752047 0.401311 -0.0371413 -0.0789407 0.996187 0.382779 -0.976332 0.21541 -0.0193314 -0.458655 -0.213063 -0.973328 -0.085073 0.452794 
1532543639510 0.301719 0.698549 -0.648841 -0.594217 -0.946587 0.300685 -0.116453 -0.249828 0.113749 0.649321 0.75196 0.401224 -0.037471 -0.0797929 0.996107 0.383069 -0.976107 0.216422 -0.0193822 -0.458607 -0.214033 -0.973034 -0.085996 0.452906 
1532543639683 0.302388 0.698264 -0.648836 -0.594534 -0.946388 0.301084 -0.117041 -0.249791 0.113629 0.649443 0.751873 0.401137 -0.037802 -0.0806456 0.996026 0.38336 -0.975882 0.217434 -0.0194324 -0.458559 -0.215003 -0.972738 -0.08692 0.453018 
1532543639771 0.303058 0.697978 -0.648831 -0.594852 -0.946188 0.301482 -0.117629 -0.249755 0.113509 0.649565 0.751785 0.40105 -0.0381333 -0.0814974 0.995944 0.38365 -0.975655 0.218446 -0.0194812 -0.458511 -0.215972 -0.97244 -0.0878433 0.453131 
1532543639947 0.303728 0.697692 -0.648826 -0.595169 -0.945987 0.301881 -0.118217 -0.249718 0.113389 0.649687 0.751698 0.400963 -0.0384654 -0.0823487 0.995861 0.38394 -0.975427 0.219457 -0.019529 -0.458463 -0.216941 -0.972141 -0.0887666 0.453243 
1532543640079 0.304397 0.697406 -0.64882 -0.595486 -0.945787 0.30228 -0.118805 -0.249682 0.113269 0.649809 0.751611 0.400876 -0.0387984 -0.0831996 0.995777 0.38423 -0.975198 0.220468 -0.0195759 -0.458415 -0.217909 -0.971839 -0.0896899 0.453355 
1532543640275 0.305066 0.69712 -0.648813 -0.595804 -0.945585 0.302677 -0.119393 -0.249645 0.11315 0.649931 0.751523 0.400789 -0.0391323 -0.0840502 0.995693 0.384521 -0.974968 0.221479 -0.0196219 -0.458367 -0.218876 -0.971536 -0.0906132 0.453467 
1532543640282 0.305735 0.696833 -0.648806 -0.596121 -0.945384 0.303075 -0.119981 -0.249608 0.11303 0.650053 0.751435 0.400702 -0.039467 -0.0849003 0.995608 0.384811 -0.974737 0.22249 -0.0196668 -0.458319 -0.219843 -0.971231 -0.0915364 0.453579 
1532543640380 0.306404 0.696546 -0.648799 -0.596437 -0.945181 0.303472 -0.120569 -0.249571 0.112911 0.650176 0.751347 0.400615 -0.0398024 -0.0857496 0.995521 0.385101 -0.974505 0.2235 -0.0197108 -0.458271 -0.220809 -0.970925 -0.0924592 0.453691 
1532543640569 0.307071 0.696258 -0.648792 -0.596737 -0.944979 0.303869 -0.121155 -0.249534 0.112793 0.650298 0.751259 0.400533 -0.0401367 -0.0865965 0.995435 0.385385 -0.974272 0.22451 -0.0197525 -0.458221 -0.221774 -0.970616 -0.0933796 0.453794 
1532543641056 0.307077 0.696225 -0.648826 -0.596705 -0.944977 0.303867 -0.121174 -0.249564 0.112792 0.650335 0.751227 0.40052 -0.0402806 -0.086543 0.995433 0.385349 -0.974282 0.224453 -0.0199108 -0.458242 -0.221704 -0.970635 -0.0933584 0.453766 
1532543641063 0.307869 0.695888 -0.648811 -0.597042 -0.944751 0.304251 -0.12197 -0.249537 0.112524 0.650516 0.751111 0.400439 -0.0412266 -0.0866308 0.995387 0.385617 -0.973793 0.226499 -0.0206195 -0.458119 -0.223668 -0.970151 -0.0936982 0.453804 
1532543641238 0.308662 0.695551 -0.648796 -0.59738 -0.944525 0.304633 -0.122767 -0.249509 0.112255 0.650697 0.750994 0.400358 -0.0421724 -0.0867163 0.99534 0.385884 -0.9733 0.228545 -0.0213272 -0.457996 -0.22563 -0.969664 -0.0940393 0.453843 
1532543641332 0.309455 0.695214 -0.64878 -0.597717 -0.944297 0.305016 -0.123564 -0.249482 0.111986 0.650879 0.750877 0.400277 -0.0431183 -0.0867994 0.995292 0.386152 -0.972801 0.23059 -0.0220342 -0.457873 -0.227592 -0.969172 -0.0943813 0.453881 
1532543641600 0.310247 0.694876 -0.648764 -0.598054 -0.944069 0.305398 -0.12436 -0.249454 0.111716 0.65106 0.75076 0.400196 -0.0440644 -0.0868814 0.995244 0.386419 -0.972299 0.232633 -0.0227404 -0.45775 -0.229551 -0.968676 -0.0947255 0.45392 
1532543641616 0.311039 0.694538 -0.648747 -0.598392 -0.94384 0.305781 -0.125157 -0.249427 0.111448 0.651242 0.750642 0.400114 -0.0450105 -0.0869607 0.995194 0.386687 -0.971791 0.234677 -0.0234459 -0.457627 -0.23151 -0.968176 -0.0950705 0.453958 
1532543641621 0.311831 0.694199 -0.648729 -0.598729 -0.94361 0.306162 -0.125954 -0.2494 0.111179 0.651423 0.750524 0.400033 -0.0459568 -0.0870382 0.995144 0.386955 -0.971278 0.236719 -0.0241506 -0.457503 -0.233467 -0.967672 -0.0954171 0.453997 
1532543641860 0.312623 0.69386 -0.64871 -0.599066 -0.94338 0.306543 -0.12675 -0.249372 0.110911 0.651605 0.750406 0.399952 -0.0469032 -0.0871138 0.995094 0.387222 -0.970761 0.23876 -0.0248545 -0.45738 -0.235423 -0.967163 -0.0957652 0.454035 
1532543642022 0.313415 0.693521 -0.648691 -0.599402 -0.943149 0.306924 -0.127546 -0.249345 0.110643 0.651787 0.750288 0.399872 -0.0478492 -0.0871872 0.995042 0.38749 -0.970238 0.2408 -0.0255572 -0.457258 -0.237378 -0.966651 -0.0961145 0.454074 
1532543642173 0.314204 0.693181 -0.648672 -0.599721 -0.942917 0.307304 -0.12834 -0.249316 0.110377 0.651969 0.750169 0.399794 -0.0487921 -0.0872581 0.99499 0.387749 -0.969712 0.242837 -0.0262563 -0.457144 -0.239329 -0.966135 -0.0964638 0.454109 
1532543642716 0.314246 0.693235 -0.648594 -0.599688 -0.942898 0.307377 -0.128304 -0.249381 0.110419 0.651878 0.750242 0.399846 -0.048772 -0.0872022 0.994996 0.387732 -0.969718 0.242813 -0.0262526 -0.457177 -0.239309 -0.966146 -0.096404 0.454097 
1532543642726 0.31492 0.69303 -0.648486 -0.600013 -0.942696 0.307745 -0.128911 -0.249334 0.110229 0.651922 0.750232 0.399757 -0.0482841 -0.0867854 0.995056 0.387987 -0.970083 0.241376 -0.0260203 -0.457188 -0.237924 -0.966543 -0.0958437 0.453978 
1532543642988 0.315594 0.692825 -0.648378 -0.600337 -0.942492 0.308112 -0.129518 -0.249287 0.110039 0.651966 0.750221 0.399668 -0.0477965 -0.0863679 0.995116 0.388243 -0.970446 0.239937 -0.025787 -0.457199 -0.236538 -0.966939 -0.0952835 0.45386 
1532543642995 0.316267 0.69262 -0.648269 -0.600662 -0.942289 0.308479 -0.130126 -0.249241 0.109849 0.652011 0.75021 0.399579 -0.0473095 -0.0859495 0.995176 0.388498 -0.970807 0.238498 -0.0255529 -0.45721 -0.235151 -0.967332 -0.0947236 0.453742 
1532543643246 0.316941 0.692415 -0.648159 -0.600987 -0.942084 0.308846 -0.130733 -0.249194 0.10966 0.652055 0.750199 0.39949 -0.046823 -0.0855304 0.995235 0.388754 -0.971166 0.237058 -0.0253179 -0.457221 -0.233763 -0.967723 -0.0941639 0.453623 
1532543643315 0.317615 0.692209 -0.648049 -0.601311 -0.94188 0.309212 -0.131341 -0.249148 0.10947 0.6521 0.750188 0.399401 -0.0463372 -0.0851104 0.995293 0.38901 -0.971522 0.235618 -0.0250821 -0.457232 -0.232374 -0.968112 -0.0936045 0.453505 
1532543643529 0.318288 0.692003 -0.647939 -0.601636 -0.941675 0.309579 -0.131948 -0.249101 0.10928 0.652145 0.750177 0.399311 -0.045852 -0.0846897 0.995352 0.389265 -0.971876 0.234177 -0.0248456 -0.457243 -0.230984 -0.968498 -0.0930454 0.453386 
1532543643628 0.318961 0.691797 -0.647828 -0.601961 -0.941469 0.309945 -0.132555 -0.249054 0.10909 0.65219 0.750165 0.399222 -0.0453673 -0.084268 0.99541 0.389521 -0.972228 0.232736 -0.0246081 -0.457254 -0.229594 -0.968882 -0.0924864 0.453268 
1532543643802 0.319634 0.69159 -0.647717 -0.602284 -0.941262 0.310311 -0.133162 -0.249007 0.1089 0.652235 0.750153 0.399134 -0.0448833 -0.0838464 0.995467 0.389776 -0.972578 0.231295 -0.0243697 -0.457265 -0.228203 -0.969264 -0.0919285 0.453149 
1532543643973 0.320305 0.691383 -0.647607 -0.602591 -0.941056 0.310676 -0.133767 -0.24896 0.108712 0.652281 0.750141 0.39905 -0.0444006 -0.0834261 0.995524 0.390025 -0.972926 0.229854 -0.0241306 -0.457273 -0.226812 -0.969643 -0.091373 0.453038 
1532543644362 0.320512 0.691407 -0.647478 -0.602569 -0.940981 0.310877 -0.133832 -0.249048 0.108754 0.652159 0.750241 0.399114 -0.0442974 -0.0835209 0.995521 0.390076 -0.972933 0.229838 -0.0240096 -0.457254 -0.226804 -0.969638 -0.0914415 0.453001 
1532543644375 0.320652 0.691314 -0.647509 -0.602702 -0.940889 0.311234 -0.133646 -0.24904 0.109136 0.652088 0.750247 0.399066 -0.0447131 -0.083663 0.99549 0.390266 -0.973314 0.228159 -0.0245421 -0.457195 -0.225077 -0.970023 -0.0916322 0.453006 
1532543644526 0.320791 0.69122 -0.64754 -0.602834 -0.940797 0.311592 -0.13346 -0.249032 0.109518 0.652016 0.750254 0.399017 -0.0451291 -0.0838036 0.99546 0.390457 -0.973693 0.226479 -0.025076 -0.457136 -0.223349 -0.970404 -0.0918198 0.453011 
1532543644619 0.320931 0.691126 -0.647571 -0.602967 -0.940705 0.31195 -0.133274 -0.249024 0.109901 0.651945 0.75026 0.398969 -0.0455444 -0.0839453 0.995429 0.390647 -0.974069 0.224799 -0.0256097 -0.457076 -0.221621 -0.970783 -0.0920069 0.453015 
1532543644778 0.321071 0.691032 -0.647602 -0.603099 -0.940612 0.312308 -0.133088 -0.249016 0.110283 0.651873 0.750266 0.39892 -0.0459596 -0.0840881 0.995398 0.390838 -0.974441 0.223117 -0.0261438 -0.457017 -0.219892 -0.971158 -0.0921932 0.45302 
1532543644926 0.321211 0.690938 -0.647633 -0.603232 -0.940519 0.312667 -0.132901 -0.249008 0.110667 0.6518 0.750273 0.398872 -0.0463745 -0.0842315 0.995366 0.391028 -0.97481 0.221435 -0.0266781 -0.456958 -0.218162 -0.971531 -0.0923787 0.453025 
1532543645026 0.32135 0.690845 -0.647663 -0.603365 -0.940427 0.313025 -0.132715 -0.249 0.111049 0.651728 0.750279 0.398823 -0.0467891 -0.0843757 0.995335 0.391218 -0.975176 0.219752 -0.0272128 -0.456899 -0.216431 -0.9719 -0.0925632 0.45303 
1532543645261 0.32149 0.69075 -0.647695 -0.603497 -0.940334 0.313383 -0.132529 -0.248992 0.111432 0.651656 0.750285 0.398775 -0.0472034 -0.0845205 0.995303 0.391409 -0.975539 0.218069 -0.0277477 -0.45684 -0.2147 -0.972267 -0.0927466 0.453035 
1532543645323 0.321629 0.690656 -0.647726 -0.603629 -0.94024 0.313741 -0.132343 -0.248984 0.111814 0.651584 0.750291 0.398726 -0.047617 -0.0846662 0.995271 0.391599 -0.975898 0.216386 -0.0282826 -0.45678 -0.212968 -0.97263 -0.0929292 0.45304 
1532543645463 0.321769 0.690562 -0.647757 -0.603754 -0.940147 0.314098 -0.132157 -0.248974 0.112197 0.651511 0.750297 0.398681 -0.0480288 -0.0848128 0.995239 0.391783 -0.976254 0.214702 -0.028816 -0.456723 -0.211236 -0.97299 -0.0931108 0.453046 
1532543645719 0.321918 0.690611 -0.647631 -0.60374 -0.94009 0.314261 -0.132174 -0.249041 0.112244 0.651381 0.750403 0.398743 -0.04755 -0.0846471 0.995276 0.391647 -0.975896 0.216402 -0.0282194 -0.456732 -0.212991 -0.972628 -0.0928967 0.453072 
1532543645726 0.322086 0.690416 -0.647755 -0.603888 -0.939995 0.314575 -0.132104 -0.249048 0.112561 0.651436 0.750308 0.39872 -0.0476243 -0.0849214 0.995249 0.391784 -0.976113 0.215407 -0.0283286 -0.456718 -0.211978 -0.972825 -0.0931515 0.453075 
1532543645923 0.322249 0.690219 -0.647884 -0.604036 -0.939901 0.314886 -0.132033 -0.249053 0.112878 0.651494 0.750209 0.398695 -0.0477032 -0.0851914 0.995222 0.391922 -0.97633 0.214408 -0.0284442 -0.456704 -0.21096 -0.973022 -0.0934029 0.453079 
1532543645988 0.322413 0.690022 -0.648012 -0.604184 -0.939807 0.315197 -0.131962 -0.249059 0.113195 0.651552 0.750111 0.398669 -0.047782 -0.0854608 0.995195 0.392061 -0.976546 0.213407 -0.0285606 -0.45669 -0.209941 -0.973218 -0.0936534 0.453084 
1532543646160 0.322576 0.689825 -0.648141 -0.604332 -0.939713 0.315508 -0.13189 -0.249064 0.113512 0.651611 0.750012 0.398644 -0.0478605 -0.0857308 0.995168 0.392199 -0.97676 0.212407 -0.028677 -0.456675 -0.208922 -0.973413 -0.0939043 0.453088 
1532543646266 0.322739 0.689628 -0.648269 -0.60448 -0.939618 0.315818 -0.131819 -0.249069 0.113829 0.651669 0.749914 0.398619 -0.0479387 -0.0860007 0.995141 0.392337 -0.976974 0.211407 -0.0287936 -0.456661 -0.207903 -0.973607 -0.094155 0.453092 
1532543646445 0.322902 0.689431 -0.648398 -0.604629 -0.939524 0.316129 -0.131748 -0.249074 0.114146 0.651727 0.749815 0.398594 -0.0480165 -0.0862706 0.995114 0.392475 -0.977186 0.210406 -0.0289105 -0.456647 -0.206884 -0.9738 -0.0944054 0.453096 
1532543646542 0.323065 0.689234 -0.648526 -0.604777 -0.939429 0.31644 -0.131677 -0.249079 0.114463 0.651785 0.749717 0.398569 -0.0480942 -0.0865408 0.995087 0.392613 -0.977398 0.209405 -0.0290277 -0.456633 -0.205864 -0.973992 -0.094656 0.4531 
1532543646674 0.323228 0.689036 -0.648655 -0.604924 -0.939334 0.316751 -0.131606 -0.249084 0.114781 0.651842 0.749618 0.398544 -0.0481715 -0.0868112 0.995059 0.392751 -0.977609 0.208404 -0.0291451 -0.456619 -0.204844 -0.974183 -0.0949065 0.453105 
1532543646850 0.323391 0.688838 -0.648783 -0.605064 -0.939239 0.317061 -0.131535 -0.249088 0.115098 0.6519 0.749519 0.39852 -0.0482476 -0.0870811 0.995032 0.392886 -0.977818 0.207404 -0.0292618 -0.456603 -0.203825 -0.974372 -0.0951561 0.453108 
1532543647130 0.323301 0.688889 -0.648774 -0.605046 -0.939282 0.316932 -0.131539 -0.249077 0.115002 0.651909 0.749526 0.398483 -0.0482454 -0.0869269 0.995046 0.392843 -0.977837 0.207308 -0.0293007 -0.456599 -0.203734 -0.974406 -0.095002 0.453193 
1532543647144 0.323694 0.688705 -0.648774 -0.605258 -0.939176 0.317042 -0.132029 -0.249065 0.11476 0.65205 0.74944 0.39849 -0.0487918 -0.0880823 0.994918 0.393076 -0.977562 0.208575 -0.029475 -0.456571 -0.204919 -0.974032 -0.0962826 0.453356 
1532543647332 0.324087 0.68852 -0.648774 -0.60547 -0.93907 0.317153 -0.132519 -0.249052 0.114519 0.652192 0.749354 0.398497 -0.0493397 -0.0892376 0.994788 0.39331 -0.977286 0.209842 -0.0296477 -0.456543 -0.206103 -0.973654 -0.0975642 0.45352 
1532543647493 0.324481 0.688335 -0.648773 -0.605683 -0.938964 0.317263 -0.133009 -0.24904 0.114277 0.652333 0.749268 0.398505 -0.0498891 -0.0903921 0.994656 0.393543 -0.977008 0.211109 -0.0298188 -0.456514 -0.207285 -0.973274 -0.0988458 0.453683 
1532543647556 0.324874 0.68815 -0.648773 -0.605895 -0.938857 0.317373 -0.133498 -0.249027 0.114036 0.652475 0.749181 0.398512 -0.0504398 -0.0915458 0.994523 0.393777 -0.976728 0.212376 -0.0299881 -0.456486 -0.208467 -0.972891 -0.100128 0.453847 
1532543647807 0.325268 0.687965 -0.648772 -0.606107 -0.93875 0.317483 -0.133988 -0.249015 0.113795 0.652616 0.749094 0.398519 -0.0509919 -0.0926986 0.994388 0.39401 -0.976446 0.213642 -0.0301558 -0.456458 -0.209648 -0.972504 -0.101409 0.45401 
1532543647814 0.325662 0.687779 -0.648771 -0.606319 -0.938643 0.317594 -0.134478 -0.249002 0.113554 0.652759 0.749007 0.398526 -0.0515455 -0.0938505 0.994251 0.394243 -0.976163 0.214908 -0.0303219 -0.45643 -0.210827 -0.972114 -0.102691 0.454174 
1532543648038 0.326055 0.687594 -0.64877 -0.606532 -0.938535 0.317704 -0.134968 -0.24899 0.113313 0.6529 0.74892 0.398533 -0.0521004 -0.0950017 0.994113 0.394477 -0.975879 0.216174 -0.0304862 -0.456402 -0.212005 -0.971722 -0.103973 0.454337 
1532543648116 0.326449 0.687409 -0.648768 -0.606744 -0.938427 0.317813 -0.135458 -0.248978 0.113072 0.653042 0.748833 0.398541 -0.0526566 -0.0961515 0.993973 0.39471 -0.975592 0.21744 -0.0306489 -0.456373 -0.213183 -0.971326 -0.105254 0.4545 
1532543648283 0.326841 0.687224 -0.648767 -0.606945 -0.93832 0.317923 -0.135946 -0.248965 0.112833 0.653184 0.748746 0.398549 -0.0532118 -0.0972973 0.993832 0.394937 -0.975305 0.218705 -0.0308083 -0.456342 -0.214358 -0.970928 -0.106532 0.45465 
1532543648775 0.32681 0.687203 -0.648805 -0.606956 -0.938334 0.317871 -0.135965 -0.24899 0.112801 0.65323 0.74871 0.398525 -0.0532928 -0.0971839 0.993839 0.394889 -0.975309 0.21867 -0.0309163 -0.456366 -0.214318 -0.970947 -0.106438 0.454615 
1532543648931 0.327047 0.687149 -0.648743 -0.607158 -0.938249 0.318065 -0.1361 -0.249003 0.112821 0.653193 0.748739 0.398484 -0.0534065 -0.0967423 0.993876 0.395142 -0.974994 0.220065 -0.0309711 -0.456346 -0.215721 -0.970676 -0.106076 0.454553 
1532543649067 0.327285 0.687094 -0.648681 -0.60736 -0.938164 0.318258 -0.136236 -0.249015 0.112841 0.653157 0.748768 0.398443 -0.05352 -0.0963003 0.993912 0.395395 -0.974676 0.221458 -0.0310271 -0.456326 -0.217122 -0.970403 -0.105714 0.45449 
1532543649314 0.327523 0.687039 -0.648619 -0.607562 -0.938078 0.318452 -0.136371 -0.249028 0.112862 0.65312 0.748797 0.398401 -0.0536325 -0.0958579 0.993949 0.395648 -0.974357 0.222852 -0.0310832 -0.456306 -0.218524 -0.970128 -0.105352 0.454428 
1532543649383 0.32776 0.686984 -0.648557 -0.607764 -0.937993 0.318646 -0.136506 -0.249041 0.112882 0.653083 0.748826 0.39836 -0.0537443 -0.0954155 0.993986 0.395901 -0.974035 0.224245 -0.0311396 -0.456286 -0.219925 -0.969851 -0.10499 0.454366 
1532543649558 0.327998 0.686929 -0.648495 -0.607965 -0.937907 0.31884 -0.136642 -0.249054 0.112903 0.653047 0.748854 0.398319 -0.0538554 -0.0949729 0.994022 0.396153 -0.973712 0.225638 -0.0311967 -0.456266 -0.221326 -0.969571 -0.104628 0.454303 
1532543649688 0.328236 0.686874 -0.648433 -0.608167 -0.937822 0.319033 -0.136777 -0.249066 0.112923 0.65301 0.748883 0.398278 -0.0539659 -0.0945304 0.994058 0.396406 -0.973386 0.227029 -0.0312542 -0.456245 -0.222726 -0.969289 -0.104266 0.454241 
1532543649811 0.328474 0.686819 -0.648371 -0.608369 -0.937736 0.319228 -0.136912 -0.249079 0.112944 0.652973 0.748912 0.398237 -0.0540757 -0.094087 0.994094 0.396659 -0.973059 0.228422 -0.0313123 -0.456225 -0.224127 -0.969005 -0.103904 0.454179 
1532543649961 0.328711 0.686763 -0.64831 -0.60857 -0.93765 0.319422 -0.137048 -0.249091 0.112965 0.652937 0.748941 0.398196 -0.0541849 -0.0936439 0.99413 0.396912 -0.972729 0.229813 -0.0313708 -0.456205 -0.225526 -0.968719 -0.103543 0.454117 
1532543650053 0.328949 0.686708 -0.648248 -0.60876 -0.937564 0.319615 -0.137182 -0.249102 0.112986 0.6529 0.74897 0.398158 -0.0542924 -0.0932025 0.994166 0.397158 -0.972398 0.231202 -0.0314286 -0.456188 -0.226924 -0.968431 -0.103182 0.454056 
1532543650291 0.328996 0.686773 -0.648154 -0.608759 -0.937531 0.319767 -0.13706 -0.249109 0.113129 0.652757 0.749073 0.398226 -0.0541792 -0.093534 0.994141 0.396925 -0.972744 0.229745 -0.0313976 -0.456182 -0.225462 -0.968746 -0.103432 0.45415 
1532543650303 0.329349 0.686626 -0.648131 -0.608953 -0.937416 0.319968 -0.137377 -0.249094 0.113055 0.652813 0.749035 0.398192 -0.0543928 -0.0920085 0.994272 0.397091 -0.97286 0.229167 -0.0320147 -0.456107 -0.224909 -0.969029 -0.101976 0.45393 
1532543650310 0.329702 0.686479 -0.648107 -0.609147 -0.937301 0.320169 -0.137694 -0.249079 0.11298 0.652869 0.748998 0.398157 -0.0546071 -0.090483 0.9944 0.397257 -0.972976 0.228589 -0.0326308 -0.456031 -0.224356 -0.969309 -0.10052 0.453709 
1532543650558 0.330054 0.686332 -0.648084 -0.609341 -0.937185 0.32037 -0.13801 -0.249064 0.112905 0.652925 0.74896 0.398123 -0.0548223 -0.0889574 0.994526 0.397424 -0.973091 0.228009 -0.0332461 -0.455956 -0.223803 -0.969587 -0.0990636 0.453489 
1532543650659 0.330407 0.686185 -0.64806 -0.609535 -0.93707 0.32057 -0.138327 -0.24905 0.112831 0.652982 0.748922 0.398088 -0.0550384 -0.0874317 0.994649 0.39759 -0.973206 0.227428 -0.0338605 -0.45588 -0.223251 -0.969862 -0.0976063 0.453268 
1532543650782 0.33076 0.686038 -0.648036 -0.609729 -0.936955 0.320771 -0.138644 -0.249035 0.112756 0.653038 0.748884 0.398054 -0.0552553 -0.0859059 0.99477 0.397756 -0.97332 0.226846 -0.034474 -0.455805 -0.222698 -0.970135 -0.0961484 0.453048 
1532543650997 0.331113 0.68589 -0.648012 -0.609923 -0.936839 0.320971 -0.138961 -0.24902 0.112681 0.653094 0.748846 0.39802 -0.0554731 -0.0843801 0.994888 0.397922 -0.973434 0.226263 -0.0350866 -0.455729 -0.222146 -0.970404 -0.09469 0.452828 
1532543651042 0.331465 0.685743 -0.647988 -0.610117 -0.936723 0.321172 -0.139278 -0.249005 0.112607 0.653151 0.748808 0.397985 -0.0556917 -0.0828542 0.995004 0.398088 -0.973547 0.22568 -0.0356983 -0.455654 -0.221594 -0.970672 -0.093231 0.452607 
1532543651277 0.331818 0.685595 -0.647963 -0.61031 -0.936607 0.321372 -0.139595 -0.24899 0.112532 0.653207 0.74877 0.397951 -0.0559113 -0.0813279 0.995118 0.398255 -0.97366 0.225094 -0.0363094 -0.455579 -0.221043 -0.970937 -0.0917711 0.452388 
1532543651333 0.33217 0.685447 -0.647939 -0.610493 -0.936491 0.321573 -0.139911 -0.248974 0.112458 0.653264 0.748732 0.397919 -0.0561305 -0.079808 0.995229 0.398414 -0.973772 0.22451 -0.0369168 -0.455515 -0.220492 -0.971198 -0.0903167 0.452185 
1532543651765 0.332045 0.685537 -0.647908 -0.610494 -0.936541 0.321463 -0.139834 -0.248946 0.112417 0.653223 0.748774 0.397947 -0.0560913 -0.0797934 0.995232 0.398403 -0.973771 0.224519 -0.0368808 -0.455495 -0.220506 -0.971197 -0.0902942 0.452233 
1532543651791 0.332312 0.685239 -0.648086 -0.610667 -0.93647 0.321476 -0.140278 -0.248944 0.11222 0.653529 0.748536 0.397941 -0.0561787 -0.0805045 0.99517 0.398593 -0.973681 0.22493 -0.0367698 -0.455527 -0.220884 -0.971043 -0.091022 0.452313 
1532543652001 0.332579 0.68494 -0.648266 -0.610841 -0.936398 0.321489 -0.140723 -0.248942 0.112024 0.653836 0.748297 0.397936 -0.0562667 -0.0812153 0.995107 0.398782 -0.97359 0.225341 -0.036659 -0.455559 -0.221261 -0.970889 -0.0917496 0.452392 
