1530573345018 0.275657 -0.8825 0.381061 -0.604483 0.633204 0.464965 0.618757 -0.181741 -0.723233 0.0707247 0.686973 0.426588 -0.0896053 -0.990939 -0.100055 0.448802 -0.146435 0.112475 -0.982805 -0.497105 0.985154 -0.073413 -0.155186 0.445474 
1530573345032 0.279959 -0.928327 0.244604 0.300914 -0.147635 -0.293395 -0.944523 -0.479405 0.948592 0.228316 -0.219193 0.477999 -0.0824881 -0.991597 -0.0996547 0.44256 -0.146845 0.110998 -0.982912 -0.496475 0.985714 -0.0664447 -0.154768 0.44503 
1530573345542 0.230439 -0.928572 0.290949 0.201144 0.100162 -0.274773 -0.956278 -0.454448 0.967918 0.249506 0.0296893 0.470138 -0.0753669 -0.992204 -0.0992509 0.436318 -0.147247 0.109517 -0.983018 -0.495846 0.986224 -0.0594727 -0.154353 0.444585 
1530573346064 0.170924 -0.930702 0.323387 0.101345 0.342533 -0.251615 -0.905186 -0.429528 0.923827 0.265489 0.275789 0.46227 -0.0682416 -0.99276 -0.0988438 0.430076 -0.147637 0.108033 -0.983124 -0.495216 0.986685 -0.052497 -0.153941 0.444141 
1530573346590 0.105241 -0.934585 0.339817 0.00154856 0.563806 -0.225413 -0.794552 -0.404593 0.819175 0.27521 0.503202 0.454389 -0.0611128 -0.993265 -0.098434 0.423834 -0.148017 0.106546 -0.983229 -0.494586 0.987095 -0.0455179 -0.153531 0.443696 
1530573347120 0.0376412 -0.939972 0.33917 -0.0982441 0.749696 -0.197848 -0.631515 -0.379703 0.660711 0.278046 0.697246 0.446561 -0.0539806 -0.993719 -0.0980213 0.417592 -0.148386 0.105057 -0.983333 -0.493957 0.987455 -0.038536 -0.153125 0.443252 
1530573347652 -0.0274964 -0.946509 0.321504 -0.19804 0.888171 -0.170715 -0.426625 -0.354799 0.45869 0.273819 0.845356 0.438708 -0.0468456 -0.994122 -0.0976055 0.411349 -0.148744 0.103566 -0.983437 -0.493327 0.987765 -0.0315515 -0.152722 0.442808 
1530573347659 -0.0859579 -0.953775 0.287965 -0.297843 0.970288 -0.145755 -0.193125 -0.329885 0.22617 0.262808 0.937965 0.430849 -0.0397078 -0.994474 -0.0971867 0.405107 -0.149093 0.102071 -0.983541 -0.492697 0.988026 -0.0245645 -0.152322 0.442363 
1530573348185 -0.133892 -0.961306 0.240757 -0.39763 0.990756 -0.124507 0.0538483 -0.304986 -0.0217887 0.245741 0.969091 0.423012 -0.0325681 -0.994774 -0.0967649 0.398865 -0.149429 0.100574 -0.983644 -0.492067 0.988236 -0.017576 -0.151924 0.441919 
1530573348906 -0.16635 -0.968714 0.184174 -0.49704 0.948952 -0.106511 0.296892 -0.280489 -0.267987 0.224161 0.936982 0.415826 -0.0254268 -0.995024 -0.09634 0.392623 -0.149755 0.0990749 -0.983747 -0.491438 0.988396 -0.0105862 -0.151529 0.441474 
1530573349434 -0.16635 -0.968714 0.184174 -0.49704 0.948952 -0.106511 0.296892 -0.280489 -0.267987 0.224161 0.936982 0.415826 -0.0255667 -0.995018 -0.0963564 0.39262 -0.14971 0.0991119 -0.98375 -0.491482 0.988399 -0.0107257 -0.151498 0.441486 
1530573349451 0.279944 -0.928332 0.244602 0.300919 -0.147641 -0.29339 -0.944523 -0.479385 0.948596 0.2283 -0.219192 0.478003 -0.0248387 -0.995041 -0.096312 0.391996 -0.149747 0.0989581 -0.98376 -0.491415 0.988412 -0.0100128 -0.151463 0.44144 
1530573349699 0.230438 -0.928573 0.290948 0.201144 0.100162 -0.274772 -0.956278 -0.454448 0.967918 0.249504 0.0296897 0.470138 -0.0241108 -0.995063 -0.0962683 0.391372 -0.149784 0.098805 -0.98377 -0.491347 0.988425 -0.00930005 -0.151426 0.441395 
1530573349913 0.170948 -0.930694 0.323397 0.101346 0.342532 -0.251618 -0.905185 -0.429524 0.923823 0.265514 0.275778 0.46227 -0.0233837 -0.995085 -0.0962246 0.390748 -0.14982 0.098652 -0.983779 -0.49128 0.988437 -0.00858802 -0.15139 0.441349 
1530573350158 0.105261 -0.934577 0.339832 0.00154926 0.5638 -0.225417 -0.794555 -0.40459 0.819176 0.275233 0.503187 0.454388 -0.022655 -0.995106 -0.0961808 0.390124 -0.149856 0.0984987 -0.983789 -0.491212 0.988448 -0.00787448 -0.151354 0.441304 
1530573350165 0.0376357 -0.939972 0.339171 -0.0982456 0.749696 -0.197853 -0.631515 -0.379703 0.660712 0.278042 0.697246 0.446561 -0.021927 -0.995127 -0.0961371 0.3895 -0.149892 0.0983455 -0.983799 -0.491145 0.988459 -0.00716168 -0.151317 0.441258 
1530573350417 -0.0275103 -0.946508 0.321506 -0.198043 0.888169 -0.170729 -0.426624 -0.354797 0.458694 0.273815 0.845355 0.438706 -0.0211991 -0.995147 -0.0960938 0.388876 -0.149927 0.0981928 -0.983809 -0.491078 0.98847 -0.00644884 -0.151281 0.441212 
1530573350724 -0.0859875 -0.953774 0.28796 -0.297848 0.970285 -0.145782 -0.193118 -0.329881 0.22617 0.262798 0.937968 0.430844 -0.0204712 -0.995166 -0.0960494 0.388252 -0.149963 0.0980391 -0.983819 -0.49101 0.98848 -0.00573605 -0.151245 0.441167 
1530573350969 -0.133994 -0.961304 0.240707 -0.397649 0.990742 -0.124599 0.0539059 -0.30497 -0.0218281 0.245702 0.9691 0.422988 -0.0197432 -0.995185 -0.0960056 0.387628 -0.149998 0.0978858 -0.983829 -0.490943 0.988489 -0.00502322 -0.151209 0.441121 
1530573351297 -0.168165 -0.968644 0.182895 -0.4974 0.948284 -0.108292 0.298379 -0.280131 -0.269217 0.223613 0.93676 0.415185 -0.0190152 -0.995203 -0.0959617 0.387004 -0.150034 0.0977325 -0.983838 -0.490875 0.988498 -0.0043104 -0.151173 0.441076 
1530573351544 -0.168165 -0.968644 0.182895 -0.4974 0.948284 -0.108292 0.298379 -0.280131 -0.269217 0.223613 0.93676 0.415185 -0.0189551 -0.995211 -0.0958939 0.387071 -0.150006 0.0976563 -0.98385 -0.490865 0.988503 -0.0042644 -0.151138 0.441085 
1530573351678 0.279944 -0.928332 0.244603 0.300918 -0.14764 -0.293391 -0.944523 -0.479383 0.948596 0.228301 -0.219192 0.478 -0.0188892 -0.995212 -0.0958964 0.387002 -0.150012 0.0976488 -0.98385 -0.490859 0.988504 -0.0041986 -0.151138 0.441079 
1530573351745 0.230433 -0.928574 0.290949 0.201135 0.100157 -0.274774 -0.956278 -0.454444 0.96792 0.249499 0.0296862 0.470131 -0.0188223 -0.995213 -0.0958988 0.386933 -0.150018 0.0976411 -0.98385 -0.490854 0.988504 -0.00413172 -0.151138 0.441074 
1530573351889 0.170907 -0.930708 0.323379 0.101361 0.342537 -0.25161 -0.905185 -0.429539 0.923828 0.265472 0.2758 0.462285 -0.0187554 -0.995214 -0.0959011 0.386864 -0.150025 0.0976333 -0.98385 -0.490848 0.988504 -0.00406495 -0.151138 0.441068 
1530573352041 0.105225 -0.934591 0.339806 0.00157287 0.563812 -0.225408 -0.794548 -0.404636 0.819172 0.275193 0.503215 0.45443 -0.0186885 -0.995215 -0.0959036 0.386795 -0.150031 0.0976256 -0.98385 -0.490842 0.988505 -0.00399818 -0.151138 0.441063 
1530573352197 0.0376324 -0.939973 0.339168 -0.0982377 0.749694 -0.197854 -0.631516 -0.379715 0.660713 0.278038 0.697247 0.446568 -0.0186216 -0.995216 -0.0959059 0.386726 -0.150037 0.0976179 -0.983849 -0.490836 0.988505 -0.0039314 -0.151137 0.441058 
1530573352333 -0.0275109 -0.946508 0.321506 -0.198044 0.888168 -0.170729 -0.426625 -0.354797 0.458694 0.273814 0.845355 0.438706 -0.0185547 -0.995217 -0.0959083 0.386656 -0.150044 0.0976101 -0.983849 -0.490831 0.988505 -0.00386463 -0.151137 0.441052 
1530573352461 -0.0859935 -0.953774 0.28796 -0.297849 0.970284 -0.145787 -0.193117 -0.32988 0.226171 0.262796 0.937968 0.430843 -0.0184879 -0.995218 -0.0959112 0.386587 -0.15005 0.0976029 -0.983849 -0.490825 0.988506 -0.00379784 -0.151137 0.441047 
1530573352635 -0.134035 -0.9613 0.240699 -0.397656 0.990736 -0.12464 0.0539165 -0.304962 -0.0218293 0.245696 0.969101 0.422982 -0.018421 -0.995219 -0.0959137 0.386518 -0.150056 0.0975953 -0.983849 -0.490819 0.988506 -0.00373106 -0.151136 0.441041 
1530573352772 -0.168532 -0.968602 0.182777 -0.497457 0.948201 -0.108653 0.298511 -0.280044 -0.269279 0.223618 0.936741 0.415121 -0.0183541 -0.99522 -0.0959154 0.386449 -0.150063 0.0975869 -0.983849 -0.490814 0.988506 -0.00366432 -0.151137 0.441035 
1530573352921 -0.168532 -0.968602 0.182777 -0.497457 0.948201 -0.108653 0.298511 -0.280044 -0.269279 0.223618 0.936741 0.415121 -0.0185133 -0.995217 -0.0959155 0.386422 -0.150165 0.0976115 -0.983831 -0.49086 0.988488 -0.00381076 -0.151254 0.440984 
1530573352932 0.279949 -0.92833 0.244604 0.300903 -0.147644 -0.293394 -0.944522 -0.479377 0.948594 0.228304 -0.219197 0.477994 -0.019073 -0.995102 -0.0969913 0.386487 -0.149953 0.0987587 -0.983748 -0.490804 0.988509 -0.00421899 -0.151102 0.440975 
1530573353117 0.230423 -0.928578 0.290943 0.201162 0.100165 -0.274767 -0.956279 -0.454451 0.967922 0.249491 0.0296987 0.470149 -0.0196311 -0.994986 -0.0980667 0.386552 -0.149739 0.0999052 -0.983665 -0.490748 0.988531 -0.00462601 -0.15095 0.440966 
1530573353312 0.170901 -0.930709 0.323378 0.10138 0.342534 -0.251613 -0.905186 -0.429553 0.923831 0.265465 0.275798 0.462288 -0.020189 -0.994868 -0.099142 0.386616 -0.149525 0.101051 -0.983581 -0.490693 0.988552 -0.00503323 -0.150798 0.440956 
1530573353511 0.105225 -0.934591 0.339806 0.00157044 0.563812 -0.225409 -0.794548 -0.404635 0.819173 0.275193 0.503215 0.45443 -0.0207463 -0.994749 -0.100218 0.386681 -0.149311 0.102198 -0.983495 -0.490637 0.988573 -0.00544032 -0.150647 0.440947 
1530573353706 0.0376322 -0.939973 0.339168 -0.0982381 0.749694 -0.197854 -0.631516 -0.379714 0.660713 0.278038 0.697247 0.446568 -0.0213038 -0.994629 -0.101293 0.386746 -0.149095 0.103344 -0.983408 -0.490581 0.988593 -0.00584797 -0.150496 0.440938 
1530573353925 -0.027511 -0.946508 0.321505 -0.198044 0.888169 -0.170729 -0.426624 -0.354797 0.458694 0.273814 0.845356 0.438706 -0.0218611 -0.994506 -0.102368 0.386811 -0.14888 0.104489 -0.983319 -0.490525 0.988614 -0.00625592 -0.150346 0.440929 
1530573354106 -0.0859929 -0.953774 0.28796 -0.297849 0.970284 -0.145787 -0.193118 -0.32988 0.226172 0.262796 0.937968 0.430843 -0.022418 -0.994383 -0.103443 0.386876 -0.148663 0.105634 -0.98323 -0.490469 0.988634 -0.00666385 -0.150196 0.44092 
1530573354307 -0.134036 -0.961301 0.240698 -0.397656 0.990736 -0.12464 0.0539166 -0.304962 -0.0218294 0.245695 0.969101 0.422982 -0.0229746 -0.994258 -0.104518 0.38694 -0.148446 0.10678 -0.983139 -0.490414 0.988654 -0.00707193 -0.150047 0.44091 
1530573354497 -0.168532 -0.968602 0.182777 -0.497457 0.948201 -0.108653 0.298511 -0.280044 -0.269279 0.223618 0.936741 0.415121 -0.023531 -0.994131 -0.105593 0.387005 -0.148228 0.107925 -0.983047 -0.490358 0.988673 -0.00748018 -0.149898 0.440901 
1530573354734 -0.168532 -0.968602 0.182777 -0.497457 0.948201 -0.108653 0.298511 -0.280044 -0.269279 0.223618 0.936741 0.415121 -0.0235087 -0.994121 -0.105693 0.386996 -0.148389 0.108021 -0.983012 -0.490347 0.98865 -0.00742564 -0.150056 0.44081 
1530573354747 0.279948 -0.928331 0.244603 0.300905 -0.147646 -0.293394 -0.944521 -0.479376 0.948594 0.228302 -0.219199 0.477997 -0.0238392 -0.994256 -0.104342 0.387161 -0.149035 0.10674 -0.983054 -0.490338 0.988545 -0.00788459 -0.150724 0.440959 
1530573355051 0.230424 -0.928578 0.290944 0.201164 0.100163 -0.274768 -0.956279 -0.454459 0.967922 0.249491 0.0296964 0.470156 -0.0241686 -0.994389 -0.10299 0.387326 -0.149682 0.105458 -0.983094 -0.49033 0.988439 -0.00834419 -0.151391 0.441109 
1530573355058 0.1709 -0.930709 0.323379 0.101382 0.342533 -0.251614 -0.905186 -0.429555 0.923831 0.265464 0.275798 0.462288 -0.024497 -0.99452 -0.101637 0.387492 -0.15033 0.104176 -0.983132 -0.490322 0.988332 -0.00880466 -0.152058 0.441258 
1530573355321 0.105225 -0.934591 0.339806 0.00157168 0.563812 -0.225409 -0.794548 -0.404636 0.819173 0.275193 0.503214 0.45443 -0.0248246 -0.994649 -0.100284 0.387657 -0.150978 0.102894 -0.983168 -0.490313 0.988225 -0.0092661 -0.152724 0.441408 
1530573355327 0.0376322 -0.939973 0.339168 -0.0982379 0.749694 -0.197854 -0.631516 -0.379714 0.660713 0.278038 0.697247 0.446568 -0.0251513 -0.994776 -0.0989305 0.387822 -0.151626 0.101613 -0.983201 -0.490305 0.988118 -0.00972827 -0.15339 0.441557 
1530573355592 -0.027511 -0.946508 0.321505 -0.198044 0.888168 -0.170729 -0.426625 -0.354797 0.458694 0.273814 0.845355 0.438705 -0.0254771 -0.994902 -0.097577 0.387987 -0.152276 0.100332 -0.983232 -0.490296 0.98801 -0.0101913 -0.154055 0.441706 
1530573355868 -0.0859935 -0.953774 0.28796 -0.297849 0.970284 -0.145788 -0.193118 -0.32988 0.226171 0.262796 0.937968 0.430843 -0.025802 -0.995025 -0.0962228 0.388152 -0.152925 0.0990507 -0.983261 -0.490288 0.987901 -0.0106552 -0.15472 0.441856 
1530573356099 -0.134035 -0.961301 0.240699 -0.397656 0.990736 -0.124639 0.0539163 -0.304962 -0.0218293 0.245695 0.969101 0.422982 -0.0261259 -0.995147 -0.0948682 0.388318 -0.153574 0.0977696 -0.983288 -0.490279 0.987792 -0.01112 -0.155383 0.442005 
1530573356297 -0.168532 -0.968602 0.182777 -0.497457 0.948201 -0.108653 0.298511 -0.280044 -0.269279 0.223618 0.936741 0.415121 -0.026449 -0.995267 -0.0935132 0.388483 -0.154224 0.0964886 -0.983313 -0.490271 0.987682 -0.0115857 -0.156046 0.442155 
1530573356512 -0.168532 -0.968602 0.182777 -0.497457 0.948201 -0.108653 0.298511 -0.280044 -0.269279 0.223618 0.936741 0.415121 -0.0264664 -0.99527 -0.0934768 0.388454 -0.154009 0.0964528 -0.983351 -0.490306 0.987715 -0.0116296 -0.155833 0.442215 
1530573356525 0.279947 -0.928331 0.244603 0.300906 -0.147648 -0.293393 -0.944521 -0.479374 0.948594 0.228301 -0.219201 0.477999 -0.0267441 -0.995312 -0.0929481 0.388561 -0.153047 0.095962 -0.983549 -0.490298 0.987857 -0.0120786 -0.154896 0.442121 
1530573356746 0.230423 -0.928578 0.290944 0.201164 0.100164 -0.274768 -0.956279 -0.454459 0.967922 0.249491 0.0296967 0.470155 -0.027022 -0.995353 -0.0924197 0.388668 -0.152086 0.0954708 -0.983746 -0.490291 0.987998 -0.0125271 -0.153959 0.442027 
1530573356981 0.1709 -0.930709 0.323379 0.101382 0.342533 -0.251613 -0.905186 -0.429555 0.923831 0.265464 0.275798 0.462288 -0.0273003 -0.995395 -0.0918915 0.388775 -0.151124 0.094979 -0.983941 -0.490283 0.988138 -0.0129748 -0.153021 0.441933 
1530573357193 0.105225 -0.934591 0.339806 0.0015715 0.563812 -0.225409 -0.794548 -0.404636 0.819173 0.275193 0.503214 0.45443 -0.0275791 -0.995436 -0.0913636 0.388882 -0.150162 0.0944868 -0.984136 -0.490275 0.988277 -0.0134222 -0.152083 0.441839 
1530573357421 0.0376321 -0.939973 0.339168 -0.0982377 0.749694 -0.197854 -0.631516 -0.379715 0.660714 0.278038 0.697246 0.446568 -0.0278584 -0.995476 -0.0908359 0.388989 -0.149201 0.0939942 -0.984329 -0.490268 0.988414 -0.0138691 -0.151144 0.441745 
1530573357667 -0.027511 -0.946508 0.321505 -0.198043 0.888168 -0.170729 -0.426625 -0.354797 0.458694 0.273814 0.845355 0.438705 -0.0281383 -0.995516 -0.0903085 0.389096 -0.148239 0.0935011 -0.984522 -0.49026 0.988551 -0.0143156 -0.150205 0.441651 
1530573357931 -0.0859935 -0.953774 0.28796 -0.297849 0.970284 -0.145788 -0.193118 -0.32988 0.226171 0.262796 0.937968 0.430843 -0.0284186 -0.995556 -0.0897813 0.389203 -0.147277 0.0930075 -0.984713 -0.490252 0.988687 -0.0147614 -0.149266 0.441557 
1530573358146 -0.134035 -0.961301 0.240699 -0.397656 0.990736 -0.124639 0.0539163 -0.304962 -0.0218293 0.245695 0.969101 0.422982 -0.0286995 -0.995595 -0.0892543 0.38931 -0.146316 0.0925135 -0.984902 -0.490244 0.988822 -0.0152069 -0.148326 0.441463 
1530573358397 -0.168532 -0.968602 0.182777 -0.497457 0.948201 -0.108653 0.298511 -0.280044 -0.269279 0.223618 0.936741 0.415121 -0.0289809 -0.995634 -0.0887276 0.389417 -0.145354 0.092019 -0.985091 -0.490237 0.988955 -0.0156519 -0.147386 0.441369 
1530573358648 -0.168532 -0.968602 0.182777 -0.497457 0.948201 -0.108653 0.298511 -0.280044 -0.269279 0.223618 0.936741 0.415121 -0.0290513 -0.995643 -0.088608 0.389421 -0.145308 0.0919103 -0.985108 -0.490249 0.98896 -0.0157432 -0.147344 0.441443 
1530573358665 0.279952 -0.928342 0.244559 0.30098 -0.147641 -0.293348 -0.944537 -0.47939 0.948593 0.228318 -0.219184 0.477999 -0.0291452 -0.995664 -0.0883412 0.389495 -0.1447 0.0916504 -0.985222 -0.490258 0.989046 -0.0159315 -0.146744 0.441405 
1530573358850 0.230438 -0.928583 0.290917 0.201188 0.100167 -0.274739 -0.956287 -0.454469 0.967918 0.249505 0.0297027 0.47014 -0.0292408 -0.995685 -0.0880741 0.389569 -0.144093 0.0913903 -0.985335 -0.490267 0.989132 -0.0161211 -0.146144 0.441366 
1530573359172 0.170908 -0.93071 0.323371 0.101378 0.342536 -0.251602 -0.905188 -0.429552 0.923829 0.26547 0.275801 0.462286 -0.0293365 -0.995705 -0.0878071 0.389643 -0.143486 0.0911301 -0.985448 -0.490276 0.989217 -0.0163105 -0.145543 0.441328 
1530573359412 0.105228 -0.934591 0.339804 0.00157024 0.563812 -0.225405 -0.794549 -0.404634 0.819172 0.275194 0.503215 0.454427 -0.0294334 -0.995726 -0.0875401 0.389717 -0.142879 0.0908698 -0.98556 -0.490285 0.989302 -0.0165007 -0.144943 0.44129 
1530573359665 0.0376422 -0.939977 0.339156 -0.0982335 0.7497 -0.197837 -0.631514 -0.379718 0.660706 0.278037 0.697254 0.446563 -0.0295292 -0.995747 -0.0872733 0.389791 -0.142272 0.0906093 -0.985672 -0.490295 0.989387 -0.0166895 -0.144342 0.441251 
1530573359910 -0.027466 -0.94652 0.321475 -0.198032 0.888184 -0.170668 -0.426615 -0.354808 0.458666 0.273812 0.845372 0.438701 -0.0296248 -0.995767 -0.0870065 0.389864 -0.141664 0.0903487 -0.985783 -0.490304 0.989471 -0.0168779 -0.143741 0.441213 
1530573360133 -0.0859456 -0.953782 0.287946 -0.297841 0.970294 -0.145734 -0.193111 -0.32989 0.22615 0.262795 0.937974 0.430843 -0.0297212 -0.995788 -0.0867397 0.389938 -0.141057 0.090088 -0.985894 -0.490313 0.989555 -0.0170667 -0.143141 0.441175 
1530573360317 -0.133999 -0.961306 0.240696 -0.397651 0.990741 -0.124602 0.0539174 -0.30497 -0.02184 0.245692 0.969102 0.422984 -0.0298178 -0.995808 -0.0864729 0.390012 -0.14045 0.0898272 -0.986005 -0.490322 0.989639 -0.0172554 -0.14254 0.441137 
1530573360511 -0.168389 -0.968625 0.182785 -0.49744 0.94822 -0.108513 0.298503 -0.280081 -0.269303 0.223585 0.936742 0.415129 -0.0299145 -0.995828 -0.0862062 0.390086 -0.139843 0.0895662 -0.986115 -0.490331 0.989722 -0.0174439 -0.141939 0.441098 
1530573360705 -0.168389 -0.968625 0.182785 -0.49744 0.94822 -0.108513 0.298503 -0.280081 -0.269303 0.223585 0.936742 0.415129 -0.0299928 -0.995823 -0.0862335 0.390062 -0.139767 0.089603 -0.986122 -0.490338 0.98973 -0.0175239 -0.141871 0.441153 
1530573360718 0.279952 -0.928342 0.244556 0.30098 -0.147642 -0.293345 -0.944537 -0.479389 0.948593 0.228319 -0.219184 0.477997 -0.0299268 -0.995817 -0.086334 0.390139 -0.140054 0.0896982 -0.986073 -0.490379 0.989691 -0.0174185 -0.142153 0.441225 
1530573360878 0.230444 -0.928584 0.290907 0.201189 0.100168 -0.274728 -0.95629 -0.454469 0.967916 0.249511 0.0297052 0.470137 -0.0298617 -0.99581 -0.0864336 0.390216 -0.140342 0.0897926 -0.986023 -0.490421 0.989653 -0.0173141 -0.142435 0.441298 
1530573361065 0.17091 -0.930711 0.323369 0.101378 0.342537 -0.2516 -0.905188 -0.429552 0.923828 0.265471 0.275802 0.462286 -0.0297966 -0.995803 -0.0865332 0.390294 -0.140629 0.089887 -0.985973 -0.490462 0.989614 -0.0172096 -0.142718 0.44137 
1530573361250 0.105228 -0.934591 0.339804 0.0015701 0.563812 -0.225406 -0.794549 -0.404634 0.819172 0.275194 0.503215 0.454427 -0.029732 -0.995797 -0.0866326 0.390371 -0.140917 0.0899811 -0.985924 -0.490504 0.989575 -0.0171055 -0.143 0.441442 
1530573361481 0.0376402 -0.939976 0.339158 -0.0982342 0.749699 -0.19784 -0.631515 -0.379718 0.660708 0.278037 0.697252 0.446563 -0.0296669 -0.99579 -0.0867324 0.390448 -0.141204 0.0900755 -0.985874 -0.490545 0.989536 -0.0170008 -0.143282 0.441514 
1530573361662 -0.0274755 -0.946518 0.321479 -0.198034 0.888182 -0.170679 -0.426616 -0.354806 0.45867 0.27381 0.84537 0.438701 -0.0296016 -0.995783 -0.0868322 0.390525 -0.141492 0.0901699 -0.985824 -0.490586 0.989497 -0.016896 -0.143564 0.441587 
1530573361842 -0.0859623 -0.95378 0.287948 -0.297844 0.970291 -0.145751 -0.193111 -0.329887 0.226155 0.262793 0.937973 0.430843 -0.0295367 -0.995776 -0.0869319 0.390602 -0.141779 0.0902641 -0.985774 -0.490628 0.989458 -0.0167913 -0.143847 0.441659 
1530573362024 -0.134015 -0.961304 0.240695 -0.397653 0.990739 -0.124618 0.0539187 -0.304967 -0.0218374 0.245692 0.969102 0.422983 -0.0294717 -0.99577 -0.0870316 0.39068 -0.142067 0.0903584 -0.985724 -0.490669 0.989418 -0.0166867 -0.144129 0.441731 
1530573362217 -0.168456 -0.968616 0.182775 -0.497449 0.948209 -0.108578 0.298514 -0.280064 -0.2693 0.223595 0.936741 0.415122 -0.0294069 -0.995763 -0.0871313 0.390757 -0.142354 0.0904525 -0.985674 -0.490711 0.989379 -0.0165821 -0.144411 0.441804 
1530573362416 -0.168456 -0.968616 0.182775 -0.497449 0.948209 -0.108578 0.298514 -0.280064 -0.2693 0.223595 0.936741 0.415122 -0.0295455 -0.995766 -0.0870483 0.390678 -0.142492 0.0903927 -0.98566 -0.490743 0.989355 -0.0167182 -0.144559 0.441769 
1530573362429 0.27995 -0.928342 0.244558 0.30098 -0.147642 -0.293347 -0.944537 -0.479388 0.948594 0.228316 -0.219185 0.477997 -0.0296603 -0.995761 -0.0870618 0.390774 -0.142831 0.0904285 -0.985607 -0.490757 0.989303 -0.0167983 -0.144908 0.441872 
1530573362658 0.230443 -0.928584 0.290908 0.201189 0.100168 -0.27473 -0.95629 -0.454469 0.967917 0.24951 0.0297048 0.470138 -0.0297759 -0.995757 -0.0870756 0.39087 -0.143171 0.0904647 -0.985555 -0.49077 0.98925 -0.0168791 -0.145257 0.441976 
1530573362850 0.170908 -0.93071 0.323371 0.101378 0.342536 -0.251603 -0.905188 -0.429552 0.923829 0.26547 0.275801 0.462287 -0.0298915 -0.995752 -0.0870893 0.390966 -0.143511 0.0905009 -0.985502 -0.490784 0.989197 -0.0169599 -0.145607 0.442079 
1530573363060 0.105227 -0.934591 0.339805 0.00156986 0.563812 -0.225407 -0.794549 -0.404634 0.819172 0.275194 0.503214 0.454427 -0.0300076 -0.995747 -0.0871028 0.391062 -0.143851 0.090537 -0.985449 -0.490798 0.989144 -0.0170412 -0.145956 0.442182 
1530573363244 0.0376404 -0.939976 0.339158 -0.0982341 0.749699 -0.197839 -0.631515 -0.379718 0.660707 0.278037 0.697253 0.446563 -0.0301231 -0.995743 -0.0871165 0.391157 -0.144191 0.0905733 -0.985396 -0.490812 0.989091 -0.0171218 -0.146305 0.442286 
1530573363427 -0.0274873 -0.946515 0.321486 -0.198037 0.888178 -0.170695 -0.426618 -0.354804 0.458677 0.27381 0.845366 0.438701 -0.0302384 -0.995738 -0.0871303 0.391253 -0.144531 0.0906098 -0.985343 -0.490825 0.989038 -0.0172022 -0.146655 0.442389 
1530573363593 -0.0859737 -0.953778 0.287951 -0.297846 0.970289 -0.145764 -0.193112 -0.329884 0.226159 0.262793 0.937972 0.430842 -0.0303541 -0.995733 -0.0871439 0.391349 -0.14487 0.0906461 -0.98529 -0.490839 0.988985 -0.017283 -0.147004 0.442492 
1530573363599 -0.134023 -0.961303 0.240696 -0.397654 0.990738 -0.124626 0.0539188 -0.304965 -0.0218353 0.245693 0.969102 0.422982 -0.0304697 -0.995728 -0.0871574 0.391445 -0.14521 0.0906825 -0.985236 -0.490853 0.988932 -0.0173637 -0.147353 0.442595 
1530573363786 -0.168487 -0.968611 0.182773 -0.497453 0.948205 -0.108609 0.298516 -0.280056 -0.269295 0.223602 0.93674 0.41512 -0.0305853 -0.995724 -0.0871709 0.391541 -0.14555 0.0907189 -0.985183 -0.490866 0.988878 -0.0174444 -0.147702 0.442699 
1530573363996 -0.168487 -0.968611 0.182773 -0.497453 0.948205 -0.108609 0.298516 -0.280056 -0.269295 0.223602 0.93674 0.41512 -0.0304823 -0.995723 -0.0872175 0.391548 -0.145569 0.0907501 -0.985177 -0.490859 0.988878 -0.0173343 -0.147713 0.442673 
1530573364007 0.279945 -0.928342 0.244566 0.300979 -0.147642 -0.293353 -0.944535 -0.479388 0.948595 0.228309 -0.219185 0.477999 -0.030688 -0.99572 -0.0871754 0.391645 -0.145281 0.0907337 -0.985221 -0.490861 0.988914 -0.0175696 -0.147444 0.442683 
1530573364257 0.230438 -0.928583 0.290915 0.201187 0.100166 -0.274738 -0.956288 -0.454469 0.967918 0.249505 0.0297028 0.47014 -0.0308948 -0.995717 -0.0871331 0.391742 -0.144993 0.0907172 -0.985265 -0.490863 0.98895 -0.0178059 -0.147174 0.442693 
1530573364437 0.170907 -0.93071 0.323373 0.101377 0.342535 -0.251605 -0.905188 -0.429552 0.923829 0.265469 0.2758 0.462287 -0.0311017 -0.995715 -0.0870908 0.39184 -0.144704 0.0907006 -0.985309 -0.490864 0.988986 -0.0180423 -0.146905 0.442703 
1530573364444 0.105227 -0.934591 0.339805 0.00156971 0.563812 -0.225407 -0.794549 -0.404634 0.819173 0.275194 0.503214 0.454427 -0.0313086 -0.995712 -0.0870489 0.391937 -0.144416 0.0906842 -0.985353 -0.490866 0.989022 -0.0182787 -0.146636 0.442713 
1530573364673 0.037643 -0.939978 0.339153 -0.0982331 0.749701 -0.197833 -0.631514 -0.379719 0.660705 0.278036 0.697256 0.446562 -0.0315154 -0.995709 -0.0870067 0.392034 -0.144128 0.0906674 -0.985397 -0.490868 0.989057 -0.0185151 -0.146367 0.442723 
1530573364862 -0.0274959 -0.946513 0.321492 -0.198039 0.888175 -0.170707 -0.42662 -0.354802 0.458682 0.273811 0.845363 0.438702 -0.0317222 -0.995706 -0.0869645 0.392131 -0.14384 0.0906504 -0.98544 -0.49087 0.989092 -0.0187514 -0.146098 0.442734 
1530573365067 -0.0859812 -0.953777 0.287954 -0.297847 0.970287 -0.145772 -0.193114 -0.329883 0.226163 0.262794 0.937971 0.430842 -0.0319291 -0.995703 -0.0869225 0.392228 -0.143551 0.0906336 -0.985484 -0.490872 0.989128 -0.0189878 -0.145828 0.442744 
1530573365074 -0.134028 -0.961302 0.240697 -0.397655 0.990737 -0.124631 0.0539184 -0.304964 -0.0218336 0.245694 0.969102 0.422982 -0.032136 -0.9957 -0.0868805 0.392326 -0.143263 0.0906166 -0.985527 -0.490873 0.989163 -0.0192241 -0.145559 0.442754 
1530573365253 -0.168503 -0.968608 0.182772 -0.497455 0.948203 -0.108624 0.298516 -0.280052 -0.269291 0.223606 0.93674 0.41512 -0.0323429 -0.995697 -0.0868386 0.392423 -0.142975 0.0905996 -0.985571 -0.490875 0.989198 -0.0194605 -0.14529 0.442764 
1530573365446 -0.168503 -0.968608 0.182772 -0.497455 0.948203 -0.108624 0.298516 -0.280052 -0.269291 0.223606 0.93674 0.41512 -0.0323646 -0.995703 -0.0867674 0.392352 -0.143001 0.0905328 -0.985573 -0.490896 0.989193 -0.0194898 -0.145316 0.442792 
1530573365460 0.280096 -0.928367 0.244297 0.301008 -0.147655 -0.293119 -0.944605 -0.479375 0.948548 0.228508 -0.21918 0.477914 -0.0324778 -0.9957 -0.0867528 0.392466 -0.142668 0.0905282 -0.985622 -0.490909 0.989238 -0.019634 -0.144994 0.442776 
1530573365662 0.230557 -0.928605 0.290751 0.201213 0.100199 -0.274556 -0.956336 -0.454462 0.967886 0.249623 0.0297445 0.47009 -0.0325905 -0.995698 -0.0867394 0.39258 -0.142334 0.0905247 -0.98567 -0.490922 0.989282 -0.0197775 -0.144672 0.44276 
1530573365840 0.170929 -0.930716 0.323342 0.101384 0.342547 -0.251565 -0.905194 -0.429552 0.923821 0.265484 0.275814 0.462278 -0.0327033 -0.995695 -0.0867261 0.392693 -0.142001 0.0905211 -0.985719 -0.490934 0.989326 -0.019921 -0.14435 0.442744 
1530573366178 0.10523 -0.934592 0.339802 0.00157074 0.563813 -0.225402 -0.794549 -0.404635 0.819171 0.275195 0.503216 0.454426 -0.0328161 -0.995693 -0.086713 0.392807 -0.141668 0.0905177 -0.985767 -0.490947 0.98937 -0.0200647 -0.144028 0.442728 
1530573366375 0.0376479 -0.93998 0.339146 -0.0982313 0.749705 -0.197824 -0.631513 -0.37972 0.660701 0.278035 0.69726 0.44656 -0.0329288 -0.99569 -0.0866997 0.392921 -0.141334 0.0905139 -0.985815 -0.49096 0.989414 -0.0202081 -0.143705 0.442711 
1530573366550 -0.0274967 -0.946513 0.321493 -0.19804 0.888175 -0.170708 -0.42662 -0.354801 0.458683 0.273811 0.845362 0.438702 -0.0330415 -0.995688 -0.0866864 0.393035 -0.141001 0.0905101 -0.985863 -0.490973 0.989458 -0.0203516 -0.143383 0.442695 
1530573366725 -0.0859863 -0.953775 0.287956 -0.297848 0.970286 -0.145779 -0.193115 -0.329882 0.226166 0.262795 0.93797 0.430843 -0.0331543 -0.995685 -0.0866732 0.393149 -0.140667 0.0905063 -0.985911 -0.490986 0.989502 -0.0204951 -0.143061 0.442679 
1530573366896 -0.134032 -0.961301 0.240698 -0.397655 0.990737 -0.124636 0.0539175 -0.304963 -0.0218315 0.245695 0.969101 0.422982 -0.033267 -0.995682 -0.0866601 0.393262 -0.140334 0.0905025 -0.985959 -0.490998 0.989545 -0.0206386 -0.142738 0.442663 
1530573366903 -0.168517 -0.968605 0.182774 -0.497456 0.948202 -0.108639 0.298514 -0.280048 -0.269286 0.223612 0.936741 0.41512 -0.0333798 -0.99568 -0.086647 0.393376 -0.14 0.0904987 -0.986007 -0.491011 0.989589 -0.0207821 -0.142416 0.442647 
1530573367346 -0.168517 -0.968605 0.182774 -0.497456 0.948202 -0.108639 0.298514 -0.280048 -0.269286 0.223612 0.936741 0.41512 -0.0333239 -0.995673 -0.0867403 0.393269 -0.140346 0.0905904 -0.985949 -0.490976 0.989542 -0.020682 -0.142758 0.442613 
1530573367549 0.280068 -0.928364 0.24434 0.301003 -0.147655 -0.293156 -0.944594 -0.479378 0.948557 0.228472 -0.219181 0.477927 -0.0334983 -0.99566 -0.086833 0.393421 -0.140467 0.0907096 -0.985921 -0.490998 0.989518 -0.0208295 -0.142896 0.442669 
1530573367798 0.23053 -0.928601 0.290785 0.201207 0.100192 -0.274594 -0.956326 -0.454464 0.967893 0.249596 0.0297359 0.4701 -0.0336726 -0.995646 -0.0869254 0.393573 -0.140588 0.0908286 -0.985893 -0.49102 0.989495 -0.0209769 -0.143035 0.442726 
1530573367964 0.170922 -0.930714 0.323352 0.101381 0.342543 -0.251578 -0.905192 -0.429552 0.923823 0.265479 0.27581 0.462281 -0.0338468 -0.995632 -0.0870178 0.393726 -0.140709 0.0909476 -0.985865 -0.491041 0.989472 -0.0211242 -0.143173 0.442782 
1530573368134 0.105229 -0.934591 0.339803 0.00157041 0.563813 -0.225404 -0.794549 -0.404635 0.819171 0.275195 0.503216 0.454426 -0.0340212 -0.995618 -0.0871101 0.393878 -0.14083 0.0910667 -0.985837 -0.491063 0.989449 -0.0212716 -0.143311 0.442839 
1530573368309 0.0376453 -0.939979 0.339149 -0.0982322 0.749703 -0.197828 -0.631513 -0.379719 0.660703 0.278035 0.697258 0.446561 -0.0341955 -0.995604 -0.0872025 0.39403 -0.140951 0.0911857 -0.985808 -0.491085 0.989426 -0.0214189 -0.14345 0.442895 
1530573368507 -0.0275006 -0.946512 0.321496 -0.198041 0.888173 -0.170713 -0.426621 -0.354801 0.458686 0.273811 0.845361 0.438702 -0.0343697 -0.995589 -0.0872948 0.394182 -0.141073 0.0913047 -0.98578 -0.491107 0.989402 -0.021566 -0.143588 0.442951 
1530573368684 -0.0859886 -0.953775 0.287957 -0.297849 0.970286 -0.145781 -0.193116 -0.329881 0.226168 0.262795 0.93797 0.430843 -0.034544 -0.995575 -0.087387 0.394334 -0.141194 0.0914238 -0.985752 -0.491129 0.989379 -0.0217133 -0.143727 0.443008 
1530573368872 -0.134033 -0.961301 0.240698 -0.397655 0.990736 -0.124637 0.0539173 -0.304962 -0.0218309 0.245695 0.969101 0.422982 -0.0347183 -0.995561 -0.0874793 0.394487 -0.141315 0.0915429 -0.985723 -0.49115 0.989356 -0.0218605 -0.143865 0.443064 
1530573369054 -0.168522 -0.968604 0.182775 -0.497457 0.948202 -0.108643 0.298514 -0.280047 -0.269284 0.223613 0.936741 0.41512 -0.0348926 -0.995547 -0.0875715 0.394639 -0.141435 0.091662 -0.985695 -0.491172 0.989332 -0.0220077 -0.144004 0.443121 
1530573369273 -0.168522 -0.968604 0.182775 -0.497457 0.948202 -0.108643 0.298514 -0.280047 -0.269284 0.223613 0.936741 0.41512 -0.0350665 -0.995546 -0.0875169 0.394591 -0.141483 0.091634 -0.98569 -0.491227 0.989319 -0.0221825 -0.144066 0.443146 
1530573369287 0.280045 -0.928362 0.244375 0.300998 -0.147655 -0.293186 -0.944585 -0.47938 0.948563 0.228444 -0.219182 0.477938 -0.0352773 -0.995534 -0.087565 0.394748 -0.141678 0.0917165 -0.985655 -0.491236 0.989284 -0.0223652 -0.14428 0.443208 
1530573369458 0.230512 -0.928598 0.290808 0.201203 0.100187 -0.274619 -0.956319 -0.454465 0.967898 0.249578 0.0297301 0.470107 -0.0354895 -0.995522 -0.0876129 0.394906 -0.141872 0.091799 -0.985619 -0.491245 0.989249 -0.0225493 -0.144495 0.443271 
1530573369653 0.170918 -0.930713 0.323357 0.10138 0.342541 -0.251585 -0.905191 -0.429552 0.923825 0.265476 0.275807 0.462282 -0.0357017 -0.99551 -0.0876608 0.395063 -0.142066 0.0918816 -0.985584 -0.491253 0.989213 -0.0227334 -0.144709 0.443333 
1530573369913 0.105228 -0.934591 0.339804 0.00157008 0.563812 -0.225405 -0.794549 -0.404635 0.819172 0.275194 0.503215 0.454427 -0.0359142 -0.995499 -0.0877086 0.395221 -0.14226 0.0919641 -0.985548 -0.491262 0.989178 -0.0229177 -0.144923 0.443395 
1530573369919 0.0376382 -0.939975 0.33916 -0.0982348 0.749698 -0.197843 -0.631515 -0.379718 0.660709 0.278037 0.697251 0.446563 -0.0361264 -0.995487 -0.0877564 0.395378 -0.142455 0.0920468 -0.985512 -0.491271 0.989142 -0.0231016 -0.145137 0.443458 
1530573370153 -0.0275034 -0.946511 0.321498 -0.198041 0.888172 -0.170718 -0.426622 -0.3548 0.458688 0.273812 0.845359 0.438703 -0.0363385 -0.995475 -0.0878042 0.395535 -0.142649 0.0921295 -0.985476 -0.49128 0.989106 -0.0232855 -0.145352 0.44352 
1530573370374 -0.0859902 -0.953775 0.287958 -0.297849 0.970285 -0.145783 -0.193116 -0.329881 0.226169 0.262795 0.937969 0.430843 -0.0365508 -0.995463 -0.0878518 0.395693 -0.142844 0.0922122 -0.98544 -0.491289 0.98907 -0.0234695 -0.145566 0.443582 
1530573370541 -0.134034 -0.961301 0.240698 -0.397656 0.990736 -0.124638 0.0539171 -0.304962 -0.0218304 0.245695 0.969101 0.422982 -0.036763 -0.995451 -0.0878995 0.39585 -0.143038 0.0922949 -0.985404 -0.491297 0.989034 -0.0236535 -0.14578 0.443644 
1530573370726 -0.168525 -0.968603 0.182775 -0.497457 0.948201 -0.108646 0.298513 -0.280046 -0.269283 0.223614 0.936741 0.41512 -0.0369753 -0.995439 -0.0879471 0.396008 -0.143232 0.0923777 -0.985368 -0.491306 0.988998 -0.0238375 -0.145995 0.443707 
1530573370950 -0.168525 -0.968603 0.182775 -0.497457 0.948201 -0.108646 0.298513 -0.280046 -0.269283 0.223614 0.936741 0.41512 -0.0371334 -0.99544 -0.0878697 0.395972 -0.143244 0.0923245 -0.985372 -0.491376 0.988991 -0.0240034 -0.146019 0.443672 
1530573370964 0.280027 -0.928359 0.244404 0.300995 -0.147654 -0.293212 -0.944577 -0.479381 0.948569 0.22842 -0.219183 0.477947 -0.0375109 -0.995417 -0.0879677 0.396235 -0.143216 0.092476 -0.985362 -0.491394 0.98898 -0.0243635 -0.146028 0.443744 
1530573371154 0.230499 -0.928596 0.290825 0.2012 0.100183 -0.274638 -0.956314 -0.454466 0.967902 0.249565 0.0297257 0.470113 -0.0378889 -0.995394 -0.0880647 0.396499 -0.143188 0.0926266 -0.985351 -0.491412 0.98897 -0.024724 -0.146038 0.443815 
1530573371434 0.170915 -0.930713 0.32336 0.10138 0.34254 -0.251589 -0.90519 -0.429552 0.923826 0.265475 0.275806 0.462283 -0.0382668 -0.995371 -0.0881618 0.396762 -0.143161 0.0927772 -0.985341 -0.49143 0.988959 -0.0250845 -0.146049 0.443887 
1530573371441 0.105228 -0.934591 0.339805 0.00156983 0.563812 -0.225406 -0.794549 -0.404634 0.819172 0.275194 0.503215 0.454427 -0.0386447 -0.995348 -0.0882593 0.397026 -0.143133 0.0929283 -0.985331 -0.491448 0.988949 -0.025445 -0.146058 0.443959 
1530573371674 0.0376355 -0.939974 0.339164 -0.0982358 0.749696 -0.197848 -0.631516 -0.379717 0.660711 0.278037 0.697249 0.446564 -0.0390226 -0.995324 -0.0883562 0.397289 -0.143105 0.0930787 -0.985321 -0.491467 0.988938 -0.0258055 -0.146068 0.44403 
1530573371923 -0.0275058 -0.94651 0.321501 -0.198042 0.888171 -0.170721 -0.426623 -0.354799 0.45869 0.273813 0.845358 0.438703 -0.0394005 -0.995301 -0.0884529 0.397553 -0.143078 0.093229 -0.985311 -0.491485 0.988927 -0.0261661 -0.146079 0.444102 
1530573371930 -0.0859914 -0.953774 0.287959 -0.297849 0.970285 -0.145785 -0.193116 -0.32988 0.22617 0.262796 0.937969 0.430843 -0.0397784 -0.995277 -0.0885499 0.397816 -0.14305 0.0933796 -0.9853 -0.491503 0.988916 -0.0265266 -0.146089 0.444174 
1530573372128 -0.134034 -0.961301 0.240699 -0.397656 0.990736 -0.124639 0.0539169 -0.304962 -0.0218301 0.245695 0.969101 0.422982 -0.0401563 -0.995253 -0.088647 0.39808 -0.143022 0.0935302 -0.98529 -0.491521 0.988904 -0.0268871 -0.146099 0.444246 
1530573372396 -0.168527 -0.968603 0.182776 -0.497457 0.948201 -0.108648 0.298513 -0.280046 -0.269282 0.223616 0.936741 0.41512 -0.0405341 -0.995229 -0.088744 0.398343 -0.142994 0.0936807 -0.98528 -0.491539 0.988893 -0.0272476 -0.14611 0.444317 
1530573372601 -0.168527 -0.968603 0.182776 -0.497457 0.948201 -0.108648 0.298513 -0.280046 -0.269282 0.223616 0.936741 0.41512 -0.0405791 -0.995237 -0.0886391 0.398263 -0.143059 0.0935853 -0.98528 -0.491558 0.988882 -0.0273011 -0.146176 0.444318 
1530573372615 0.280014 -0.928357 0.244427 0.300992 -0.147653 -0.293231 -0.944571 -0.479382 0.948573 0.228403 -0.219184 0.477954 -0.0409484 -0.995206 -0.088819 0.398537 -0.14302 0.0938163 -0.985263 -0.491593 0.988872 -0.027642 -0.146176 0.444385 
1530573372833 0.230489 -0.928595 0.290838 0.201198 0.10018 -0.274653 -0.95631 -0.454467 0.967904 0.249556 0.0297223 0.470117 -0.0413173 -0.995174 -0.0889986 0.39881 -0.14298 0.094047 -0.985247 -0.491629 0.988863 -0.0279827 -0.146176 0.444453 
1530573373101 0.170914 -0.930712 0.323363 0.101379 0.342539 -0.251592 -0.90519 -0.429552 0.923827 0.265474 0.275805 0.462284 -0.0416862 -0.995143 -0.0891782 0.399084 -0.14294 0.0942777 -0.985231 -0.491664 0.988853 -0.0283234 -0.146176 0.44452 
1530573373322 0.105227 -0.934591 0.339805 0.00156968 0.563812 -0.225407 -0.794549 -0.404634 0.819172 0.275194 0.503214 0.454427 -0.0420551 -0.995111 -0.0893584 0.399358 -0.142899 0.0945088 -0.985215 -0.491699 0.988843 -0.0286641 -0.146175 0.444588 
1530573373519 0.0376344 -0.939974 0.339166 -0.0982362 0.749695 -0.19785 -0.631516 -0.379717 0.660712 0.278038 0.697248 0.446565 -0.0424239 -0.995079 -0.0895378 0.399631 -0.142858 0.0947393 -0.985198 -0.491735 0.988833 -0.0290047 -0.146175 0.444656 
1530573373724 -0.0275077 -0.946509 0.321502 -0.198042 0.88817 -0.170724 -0.426624 -0.354799 0.458692 0.273813 0.845357 0.438703 -0.0427928 -0.995048 -0.0897171 0.399905 -0.142818 0.0949696 -0.985182 -0.49177 0.988823 -0.0293454 -0.146175 0.444723 
1530573373934 -0.0859923 -0.953774 0.287959 -0.297849 0.970285 -0.145786 -0.193117 -0.32988 0.22617 0.262796 0.937969 0.430843 -0.0431616 -0.995015 -0.0898968 0.400179 -0.142777 0.0952003 -0.985166 -0.491805 0.988813 -0.0296861 -0.146175 0.444791 
1530573374146 -0.134035 -0.961301 0.240699 -0.397656 0.990736 -0.124639 0.0539168 -0.304962 -0.0218298 0.245696 0.969101 0.422982 -0.0435304 -0.994983 -0.0900764 0.400453 -0.142737 0.0954308 -0.985149 -0.49184 0.988803 -0.0300268 -0.146175 0.444858 
1530573374343 -0.168529 -0.968603 0.182776 -0.497457 0.948201 -0.10865 0.298512 -0.280045 -0.269281 0.223616 0.936741 0.41512 -0.0438992 -0.994951 -0.090256 0.400726 -0.142696 0.0956614 -0.985133 -0.491876 0.988793 -0.0303674 -0.146175 0.444925 
1530573374548 -0.168529 -0.968603 0.182776 -0.497457 0.948201 -0.10865 0.298512 -0.280045 -0.269281 0.223616 0.936741 0.41512 -0.0439164 -0.994944 -0.090317 0.400679 -0.142675 0.0957237 -0.98513 -0.491877 0.988795 -0.0303774 -0.146157 0.444897 
1530573374562 0.280009 -0.928357 0.244434 0.300991 -0.147653 -0.293237 -0.944569 -0.479383 0.948574 0.228396 -0.219184 0.477956 -0.0441693 -0.994956 -0.0900649 0.400943 -0.142486 0.0955052 -0.985178 -0.491912 0.988811 -0.0306817 -0.145986 0.444934 
1530573374775 0.230482 -0.928593 0.290848 0.201197 0.100178 -0.274664 -0.956307 -0.454467 0.967906 0.249548 0.0297197 0.47012 -0.0444235 -0.994967 -0.0898124 0.401207 -0.142296 0.0952864 -0.985227 -0.491947 0.988827 -0.0309873 -0.145813 0.44497 
1530573374993 0.170912 -0.930712 0.323365 0.101379 0.342538 -0.251595 -0.905189 -0.429552 0.923827 0.265473 0.275804 0.462285 -0.0446772 -0.994979 -0.0895603 0.401471 -0.142106 0.0950678 -0.985276 -0.491982 0.988843 -0.0312923 -0.14564 0.445007 
1530573375189 0.105227 -0.934591 0.339805 0.00156957 0.563812 -0.225407 -0.794549 -0.404634 0.819173 0.275194 0.503214 0.454427 -0.044931 -0.99499 -0.0893089 0.401735 -0.141917 0.0948498 -0.985324 -0.492017 0.988858 -0.0315972 -0.145467 0.445043 
1530573375394 0.0376338 -0.939973 0.339166 -0.0982365 0.749695 -0.197852 -0.631516 -0.379717 0.660713 0.278038 0.697247 0.446565 -0.0451848 -0.995001 -0.0890567 0.401998 -0.141727 0.094631 -0.985372 -0.492052 0.988874 -0.0319021 -0.145294 0.44508 
1530573375595 -0.0275088 -0.946509 0.321504 -0.198043 0.888169 -0.170726 -0.426624 -0.354799 0.458693 0.273814 0.845356 0.438704 -0.0454387 -0.995012 -0.0888044 0.402262 -0.141538 0.0944119 -0.98542 -0.492087 0.98889 -0.0322071 -0.145121 0.445117 
1530573375795 -0.0859928 -0.953774 0.28796 -0.297849 0.970285 -0.145787 -0.193117 -0.32988 0.226171 0.262796 0.937969 0.430843 -0.0456926 -0.995023 -0.0885525 0.402526 -0.141348 0.0941931 -0.985469 -0.492122 0.988905 -0.0325119 -0.144948 0.445153 
1530573376054 -0.134035 -0.9613 0.240699 -0.397656 0.990736 -0.124639 0.0539167 -0.304962 -0.0218296 0.245696 0.969101 0.422983 -0.0459466 -0.995034 -0.0883007 0.40279 -0.141159 0.0939743 -0.985517 -0.492157 0.98892 -0.0328167 -0.144775 0.44519 
1530573376265 -0.16853 -0.968602 0.182776 -0.497457 0.948201 -0.108651 0.298512 -0.280045 -0.26928 0.223617 0.936741 0.41512 -0.0462006 -0.995044 -0.0880489 0.403054 -0.140969 0.0937553 -0.985565 -0.492192 0.988935 -0.0331215 -0.144602 0.445226 
1530573376471 -0.16853 -0.968602 0.182776 -0.497457 0.948201 -0.108651 0.298512 -0.280045 -0.26928 0.223617 0.936741 0.41512 -0.0461554 -0.995044 -0.0880754 0.40304 -0.140901 0.0937728 -0.985573 -0.492169 0.988947 -0.0330796 -0.144531 0.445271 
1530573376484 0.280008 -0.928358 0.244434 0.300991 -0.147654 -0.293237 -0.944569 -0.479383 0.948575 0.228395 -0.219184 0.477956 -0.0465757 -0.995002 -0.0883242 0.403321 -0.141064 0.0940856 -0.98552 -0.492204 0.988904 -0.0334419 -0.144741 0.445342 
