1537347410360 0.275657 0.633204 -0.723233 -0.604483 -0.8825 0.464965 0.0707247 -0.181741 0.381061 0.618757 0.686973 0.426588 0.16008 -0.304787 0.938871 0.370831 -0.775623 0.549475 0.310623 -0.528794 -0.61056 -0.777934 -0.14844 0.432481 
1537347410380 -0.17857 0.80438 -0.566644 -0.606955 -0.97468 -0.0658428 0.21369 -0.257392 0.134579 0.590455 0.795771 0.416439 0.316225 -0.384867 0.86711 0.400813 -0.930002 -0.30626 0.203228 -0.504337 0.187345 -0.870679 -0.454774 0.485882 
1537347410400 -0.171198 0.757858 -0.629558 -0.616648 -0.973471 -0.0316588 0.226609 -0.259661 0.151806 0.651651 0.743172 0.425616 0.316225 -0.384867 0.86711 0.400813 -0.930002 -0.30626 0.203228 -0.504337 0.187345 -0.870679 -0.454774 0.485882 
1537347410410 -0.165187 0.706194 -0.688479 -0.62634 -0.971588 0.00344883 0.236652 -0.26193 0.169496 0.70801 0.68556 0.434793 0.316225 -0.384867 0.86711 0.400813 -0.930002 -0.30626 0.203228 -0.504337 0.187345 -0.870679 -0.454774 0.485882 
1537347410420 -0.160582 0.649759 -0.742985 -0.636032 -0.969045 0.0392278 0.243747 -0.264198 0.187523 0.759127 0.623347 0.44397 0.316225 -0.384867 0.86711 0.400813 -0.930002 -0.30626 0.203228 -0.504337 0.187345 -0.870679 -0.454774 0.485882 
1537347410430 -0.157416 0.588958 -0.792685 -0.645722 -0.96586 0.0754221 0.247844 -0.266466 0.205756 0.804637 0.556978 0.453146 0.316225 -0.384867 0.86711 0.400813 -0.930002 -0.30626 0.203228 -0.504337 0.187345 -0.870679 -0.454774 0.485882 
1537347410440 -0.15571 0.524225 -0.837223 -0.65541 -0.962055 0.111773 0.248913 -0.268731 0.224065 0.844213 0.486929 0.462322 0.316225 -0.384867 0.86711 0.400813 -0.930002 -0.30626 0.203228 -0.504337 0.187345 -0.870679 -0.454774 0.485882 
1537347410450 -0.155476 0.456025 -0.876281 -0.665092 -0.957658 0.148019 0.246945 -0.270993 0.24232 0.877571 0.413702 0.471496 0.316225 -0.384867 0.86711 0.400813 -0.930002 -0.30626 0.203228 -0.504337 0.187345 -0.870679 -0.454774 0.485882 
1537347410460 -0.156715 0.384847 -0.909579 -0.674765 -0.9527 0.183903 0.241954 -0.273247 0.260389 0.904474 0.337823 0.480667 0.316225 -0.384867 0.86711 0.400813 -0.930002 -0.30626 0.203228 -0.504337 0.187345 -0.870679 -0.454774 0.485882 
1537347410470 -0.158855 0.311424 -0.936899 -0.682265 -0.947283 0.219358 0.23353 -0.273928 0.278243 0.924607 0.26016 0.489145 0.316379 -0.384993 0.866998 0.401317 -0.929989 -0.306181 0.203405 -0.505249 0.187149 -0.870651 -0.454908 0.48631 
1537347425540 0.275657 0.633204 -0.723233 -0.604483 -0.8825 0.464965 0.0707247 -0.181741 0.381061 0.618757 0.686973 0.426588 0.16008 -0.304787 0.938871 0.370831 -0.775623 0.549475 0.310623 -0.528794 -0.61056 -0.777934 -0.14844 0.432481 
1537347425560 -0.162956 0.23462 -0.958331 -0.694792 -0.941756 0.252624 0.221985 -0.278735 0.29418 0.938688 0.179788 0.49549 0.316223 -0.384865 0.867111 0.400804 -0.930002 -0.306261 0.203225 -0.504321 0.187348 -0.87068 -0.454772 0.485875 
1537347425600 -0.162351 0.233624 -0.958677 -0.695491 -0.942259 0.251691 0.220906 -0.279734 0.292899 0.939187 0.179272 0.491994 0.316223 -0.384865 0.867111 0.400804 -0.930002 -0.306261 0.203225 -0.504321 0.187348 -0.87068 -0.454772 0.485875 
1537347425610 -0.161745 0.232629 -0.959022 -0.69619 -0.94276 0.250756 0.219828 -0.280733 0.291618 0.939684 0.178755 0.488498 0.316223 -0.384865 0.867111 0.400804 -0.930002 -0.306261 0.203225 -0.504321 0.187348 -0.87068 -0.454772 0.485875 
1537347425620 -0.161137 0.231634 -0.959365 -0.696889 -0.94326 0.249819 0.21875 -0.281731 0.290337 0.940179 0.178236 0.485002 0.316223 -0.384865 0.867111 0.400804 -0.930002 -0.306261 0.203225 -0.504321 0.187348 -0.87068 -0.454772 0.485875 
1537347425640 -0.160528 0.230639 -0.959706 -0.697588 -0.943757 0.248881 0.217672 -0.28273 0.289056 0.940672 0.177715 0.481505 0.316223 -0.384865 0.867111 0.400804 -0.930002 -0.306261 0.203225 -0.504321 0.187348 -0.87068 -0.454772 0.485875 
1537347425660 -0.159917 0.229645 -0.960047 -0.698287 -0.944252 0.247942 0.216594 -0.283728 0.287775 0.941163 0.177193 0.478009 0.316223 -0.384865 0.867111 0.400804 -0.930002 -0.306261 0.203225 -0.504321 0.187348 -0.87068 -0.454772 0.485875 
1537347425670 -0.159304 0.228652 -0.960386 -0.698985 -0.944745 0.247 0.215517 -0.284727 0.286494 0.941652 0.176669 0.474513 0.316223 -0.384865 0.867111 0.400804 -0.930002 -0.306261 0.203225 -0.504321 0.187348 -0.87068 -0.454772 0.485875 
1537347425680 -0.158691 0.227659 -0.960723 -0.699684 -0.945236 0.246058 0.21444 -0.285725 0.285213 0.94214 0.176144 0.471016 0.316223 -0.384865 0.867111 0.400804 -0.930002 -0.306261 0.203225 -0.504321 0.187348 -0.87068 -0.454772 0.485875 
1537347425690 -0.157404 0.22695 -0.961102 -0.69804 -0.945791 0.245325 0.212826 -0.284959 0.284083 0.942502 0.176033 0.466754 0.316334 -0.384956 0.867031 0.401168 -0.929993 -0.306204 0.203353 -0.504979 0.187206 -0.87066 -0.454869 0.486184 
1537347425732 0.275657 0.633204 -0.723233 -0.604483 -0.8825 0.464965 0.0707247 -0.181741 0.381061 0.618757 0.686973 0.426588 0.16008 -0.304787 0.938871 0.370831 -0.775623 0.549475 0.310623 -0.528794 -0.61056 -0.777934 -0.14844 0.432481 
1537347425752 -0.156885 0.225498 -0.961529 -0.70115 -0.946328 0.244241 0.211684 -0.287711 0.282579 0.943131 0.175077 0.464001 0.316223 -0.384865 0.867111 0.400804 -0.930002 -0.306261 0.203225 -0.504321 0.187348 -0.87068 -0.454772 0.485875 
1537347425762 -0.156312 0.225322 -0.961663 -0.701218 -0.946444 0.244313 0.211082 -0.287701 0.282508 0.943155 0.175066 0.463979 0.316223 -0.384865 0.867111 0.400804 -0.930002 -0.306261 0.203225 -0.504321 0.187348 -0.87068 -0.454772 0.485875 
1537347425772 -0.155738 0.225146 -0.961798 -0.701287 -0.946559 0.244385 0.210479 -0.287691 0.282438 0.943178 0.175054 0.463956 0.316223 -0.384865 0.867111 0.400804 -0.930002 -0.306261 0.203225 -0.504321 0.187348 -0.87068 -0.454772 0.485875 
1537347425782 -0.155165 0.224971 -0.961931 -0.701356 -0.946675 0.244457 0.209876 -0.287681 0.282367 0.943201 0.175043 0.463934 0.316223 -0.384865 0.867111 0.400804 -0.930002 -0.306261 0.203225 -0.504321 0.187348 -0.87068 -0.454772 0.485875 
1537347425792 -0.154592 0.224795 -0.962065 -0.701424 -0.946789 0.244529 0.209273 -0.28767 0.282296 0.943225 0.175031 0.463911 0.316223 -0.384865 0.867111 0.400804 -0.930002 -0.306261 0.203225 -0.504321 0.187348 -0.87068 -0.454772 0.485875 
1537347425802 -0.154018 0.224619 -0.962198 -0.701493 -0.946904 0.244601 0.20867 -0.28766 0.282226 0.943248 0.175019 0.463889 0.316223 -0.384865 0.867111 0.400804 -0.930002 -0.306261 0.203225 -0.504321 0.187348 -0.87068 -0.454772 0.485875 
1537347425812 -0.153445 0.224443 -0.962331 -0.701562 -0.947018 0.244673 0.208067 -0.28765 0.282155 0.943271 0.175007 0.463866 0.316223 -0.384865 0.867111 0.400804 -0.930002 -0.306261 0.203225 -0.504321 0.187348 -0.87068 -0.454772 0.485875 
1537347425822 -0.152871 0.224266 -0.962463 -0.70163 -0.947132 0.244744 0.207464 -0.28764 0.282085 0.943295 0.174996 0.463844 0.316223 -0.384865 0.867111 0.400804 -0.930002 -0.306261 0.203225 -0.504321 0.187348 -0.87068 -0.454772 0.485875 
1537347425832 -0.151623 0.224372 -0.962636 -0.699346 -0.947308 0.245029 0.20632 -0.285856 0.282166 0.943196 0.175397 0.463072 0.316334 -0.384956 0.867031 0.401168 -0.929993 -0.306204 0.203353 -0.504979 0.187206 -0.87066 -0.454869 0.486184 
1537347425882 0.275657 0.633204 -0.723233 -0.604483 -0.8825 0.464965 0.0707247 -0.181741 0.381061 0.618757 0.686973 0.426588 0.16008 -0.304787 0.938871 0.370831 -0.775623 0.549475 0.310623 -0.528794 -0.61056 -0.777934 -0.14844 0.432481 
1537347425892 -0.15129 0.224267 -0.962713 -0.701796 -0.947577 0.24439 0.205842 -0.287741 0.281441 0.943386 0.175536 0.463737 0.316223 -0.384865 0.867111 0.400804 -0.930002 -0.306261 0.203225 -0.504321 0.187348 -0.87068 -0.454772 0.485875 
1537347425902 -0.150856 0.224619 -0.962699 -0.701824 -0.947795 0.243893 0.205426 -0.287863 0.280939 0.943431 0.1761 0.463675 0.316223 -0.384865 0.867111 0.400804 -0.930002 -0.306261 0.203225 -0.504321 0.187348 -0.87068 -0.454772 0.485875 
1537347425912 -0.150422 0.224972 -0.962684 -0.701853 -0.948013 0.243397 0.20501 -0.287985 0.280436 0.943475 0.176664 0.463613 0.316223 -0.384865 0.867111 0.400804 -0.930002 -0.306261 0.203225 -0.504321 0.187348 -0.87068 -0.454772 0.485875 
1537347425922 -0.149989 0.225325 -0.962669 -0.701881 -0.94823 0.2429 0.204594 -0.288107 0.279933 0.943519 0.177228 0.463551 0.316223 -0.384865 0.867111 0.400804 -0.930002 -0.306261 0.203225 -0.504321 0.187348 -0.87068 -0.454772 0.485875 
1537347425932 -0.149556 0.225679 -0.962654 -0.701909 -0.948447 0.242404 0.204177 -0.288229 0.279429 0.943562 0.177791 0.46349 0.316223 -0.384865 0.867111 0.400804 -0.930002 -0.306261 0.203225 -0.504321 0.187348 -0.87068 -0.454772 0.485875 
1537347425942 -0.149123 0.226032 -0.962638 -0.701938 -0.948664 0.241907 0.203759 -0.288351 0.278925 0.943605 0.178354 0.463428 0.316223 -0.384865 0.867111 0.400804 -0.930002 -0.306261 0.203225 -0.504321 0.187348 -0.87068 -0.454772 0.485875 
1537347425952 -0.14869 0.226386 -0.962622 -0.701966 -0.94888 0.241411 0.203342 -0.288473 0.278421 0.943647 0.178917 0.463366 0.316223 -0.384865 0.867111 0.400804 -0.930002 -0.306261 0.203225 -0.504321 0.187348 -0.87068 -0.454772 0.485875 
1537347425962 -0.148258 0.226739 -0.962605 -0.701994 -0.949095 0.240915 0.202924 -0.288595 0.277917 0.943689 0.17948 0.463304 0.316223 -0.384865 0.867111 0.400804 -0.930002 -0.306261 0.203225 -0.504321 0.187348 -0.87068 -0.454772 0.485875 
1537347425972 -0.14716 0.22737 -0.962625 -0.699682 -0.949371 0.240631 0.20197 -0.286954 0.277559 0.94361 0.180447 0.462509 0.316334 -0.384956 0.867031 0.401168 -0.929993 -0.306204 0.203353 -0.504979 0.187206 -0.87066 -0.454869 0.486184 
1537347426002 0.275657 0.633204 -0.723233 -0.604483 -0.8825 0.464965 0.0707247 -0.181741 0.381061 0.618757 0.686973 0.426588 0.16008 -0.304787 0.938871 0.370831 -0.775623 0.549475 0.310623 -0.528794 -0.61056 -0.777934 -0.14844 0.432481 
1537347426022 -0.147118 0.227534 -0.962593 -0.702016 -0.949473 0.24028 0.201909 -0.28881 0.277233 0.94366 0.180687 0.463201 0.316223 -0.384865 0.867111 0.400804 -0.930002 -0.306261 0.203225 -0.504321 0.187348 -0.87068 -0.454772 0.485875 
1537347426042 -0.146843 0.22762 -0.962614 -0.70198 -0.94942 0.240638 0.201731 -0.288781 0.277559 0.943548 0.180771 0.463222 0.316223 -0.384865 0.867111 0.400804 -0.930002 -0.306261 0.203225 -0.504321 0.187348 -0.87068 -0.454772 0.485875 
1537347426052 -0.146568 0.227706 -0.962636 -0.701945 -0.949367 0.240995 0.201554 -0.288751 0.277886 0.943436 0.180854 0.463243 0.316223 -0.384865 0.867111 0.400804 -0.930002 -0.306261 0.203225 -0.504321 0.187348 -0.87068 -0.454772 0.485875 
1537347426062 -0.146293 0.227791 -0.962657 -0.70191 -0.949314 0.241353 0.201376 -0.288722 0.278212 0.943324 0.180937 0.463264 0.316223 -0.384865 0.867111 0.400804 -0.930002 -0.306261 0.203225 -0.504321 0.187348 -0.87068 -0.454772 0.485875 
1537347426072 -0.146018 0.227877 -0.962679 -0.701875 -0.94926 0.241711 0.201199 -0.288693 0.278538 0.943212 0.18102 0.463285 0.316223 -0.384865 0.867111 0.400804 -0.930002 -0.306261 0.203225 -0.504321 0.187348 -0.87068 -0.454772 0.485875 
1537347426082 -0.145744 0.227963 -0.9627 -0.701839 -0.949207 0.242068 0.201021 -0.288663 0.278864 0.943099 0.181104 0.463307 0.316223 -0.384865 0.867111 0.400804 -0.930002 -0.306261 0.203225 -0.504321 0.187348 -0.87068 -0.454772 0.485875 
1537347426092 -0.145469 0.228048 -0.962722 -0.701804 -0.949153 0.242426 0.200844 -0.288634 0.27919 0.942987 0.181187 0.463328 0.316223 -0.384865 0.867111 0.400804 -0.930002 -0.306261 0.203225 -0.504321 0.187348 -0.87068 -0.454772 0.485875 
1537347426102 -0.145193 0.228133 -0.962743 -0.701769 -0.949099 0.242783 0.200666 -0.288605 0.279516 0.942874 0.181271 0.463349 0.316223 -0.384865 0.867111 0.400804 -0.930002 -0.306261 0.203225 -0.504321 0.187348 -0.87068 -0.454772 0.485875 
1537347426112 -0.14426 0.228489 -0.962799 -0.69942 -0.949103 0.243351 0.199959 -0.286832 0.279987 0.942642 0.181754 0.462646 0.316334 -0.384956 0.867031 0.401168 -0.929993 -0.306204 0.203353 -0.504979 0.187206 -0.87066 -0.454869 0.486184 
1537347439951 0.275657 0.633204 -0.723233 -0.604483 -0.8825 0.464965 0.0707247 -0.181741 0.381061 0.618757 0.686973 0.426588 0.16008 -0.304787 0.938871 0.370831 -0.775623 0.549475 0.310623 -0.528794 -0.61056 -0.777934 -0.14844 0.432481 
1537347439961 -0.113875 0.314434 -0.942425 -0.680135 -0.949262 0.245462 0.196598 -0.277364 0.293146 0.916995 0.270528 0.465762 0.316241 -0.38488 0.867098 0.400864 -0.930001 -0.306251 0.203246 -0.504429 0.187325 -0.870677 -0.454788 0.485926 
1537347439981 -0.0820931 0.397759 -0.91381 -0.658847 -0.94939 0.247721 0.193116 -0.266378 0.303184 0.883415 0.357292 0.4682 0.316241 -0.38488 0.867098 0.400864 -0.930001 -0.306251 0.203246 -0.504429 0.187325 -0.870677 -0.454788 0.485926 
1537347439990 -0.0494872 0.477579 -0.877194 -0.637477 -0.94938 0.250287 0.189826 -0.255329 0.310207 0.842184 0.441018 0.470611 0.316241 -0.38488 0.867098 0.400864 -0.930001 -0.306251 0.203246 -0.504429 0.187325 -0.870677 -0.454788 0.485926 
1537347440010 -0.016359 0.553186 -0.832897 -0.616076 -0.949232 0.253134 0.186768 -0.244256 0.314152 0.793668 0.520961 0.473014 0.316241 -0.38488 0.867098 0.400864 -0.930001 -0.306251 0.203246 -0.504429 0.187325 -0.870677 -0.454788 0.485926 
1537347440031 0.016995 0.623915 -0.781308 -0.59466 -0.948946 0.256234 0.183974 -0.233174 0.314982 0.738292 0.596416 0.475413 0.316241 -0.38488 0.867098 0.400864 -0.930001 -0.306251 0.203246 -0.504429 0.187325 -0.870677 -0.454788 0.485926 
1537347440040 0.0502806 0.689143 -0.722879 -0.573238 -0.948524 0.25956 0.181471 -0.222087 0.312689 0.676543 0.666719 0.477812 0.316241 -0.38488 0.867098 0.400864 -0.930001 -0.306251 0.203246 -0.504429 0.187325 -0.870677 -0.454788 0.485926 
1537347440050 0.0832033 0.748299 -0.658123 -0.551813 -0.94797 0.26308 0.17928 -0.210998 0.307295 0.608965 0.731254 0.48021 0.316241 -0.38488 0.867098 0.400864 -0.930001 -0.306251 0.203246 -0.504429 0.187325 -0.870677 -0.454788 0.485926 
1537347440061 0.115477 0.800862 -0.587609 -0.530386 -0.947289 0.266767 0.177421 -0.199909 0.298845 0.536148 0.789454 0.482608 0.316241 -0.38488 0.867098 0.400864 -0.930001 -0.306251 0.203246 -0.504429 0.187325 -0.870677 -0.454788 0.485926 
1537347440070 0.146767 0.846229 -0.512207 -0.509728 -0.946485 0.270613 0.17588 -0.188958 0.287445 0.458983 0.84066 0.485569 0.316531 -0.385118 0.866887 0.401814 -0.929976 -0.306103 0.20358 -0.50615 0.186955 -0.870623 -0.455042 0.486735 
1537347440152 0.275657 0.633204 -0.723233 -0.604483 -0.8825 0.464965 0.0707247 -0.181741 0.381061 0.618757 0.686973 0.426588 0.16008 -0.304787 0.938871 0.370831 -0.775623 0.549475 0.310623 -0.528794 -0.61056 -0.777934 -0.14844 0.432481 
1537347440162 0.176872 0.884297 -0.432128 -0.488126 -0.945564 0.274528 0.174765 -0.177805 0.273175 0.377693 0.884716 0.488036 0.31622 -0.384863 0.867113 0.400795 -0.930002 -0.306262 0.203222 -0.504304 0.187351 -0.87068 -0.45477 0.485867 
1537347440172 0.176873 0.884297 -0.432128 -0.488126 -0.945564 0.274529 0.174765 -0.177805 0.273175 0.377693 0.884716 0.488036 0.31622 -0.384863 0.867113 0.400795 -0.930002 -0.306262 0.203222 -0.504304 0.187351 -0.87068 -0.45477 0.485867 
1537347440182 0.176873 0.884297 -0.432128 -0.488126 -0.945564 0.274529 0.174765 -0.177805 0.273176 0.377693 0.884716 0.488036 0.31622 -0.384863 0.867113 0.400795 -0.930002 -0.306262 0.203222 -0.504304 0.187351 -0.87068 -0.45477 0.485867 
1537347440192 0.176874 0.884297 -0.432127 -0.488126 -0.945564 0.27453 0.174765 -0.177805 0.273176 0.377693 0.884716 0.488036 0.31622 -0.384863 0.867113 0.400795 -0.930002 -0.306262 0.203222 -0.504304 0.187351 -0.87068 -0.45477 0.485867 
1537347440202 0.176874 0.884297 -0.432127 -0.488126 -0.945564 0.27453 0.174765 -0.177805 0.273176 0.377693 0.884716 0.488036 0.31622 -0.384863 0.867113 0.400795 -0.930002 -0.306262 0.203222 -0.504304 0.187351 -0.87068 -0.45477 0.485867 
1537347440212 0.176875 0.884297 -0.432127 -0.488126 -0.945563 0.274531 0.174765 -0.177805 0.273176 0.377692 0.884716 0.488036 0.31622 -0.384863 0.867113 0.400795 -0.930002 -0.306262 0.203222 -0.504304 0.187351 -0.87068 -0.45477 0.485867 
1537347440222 0.176875 0.884297 -0.432127 -0.488126 -0.945563 0.274531 0.174765 -0.177805 0.273177 0.377692 0.884717 0.488036 0.31622 -0.384863 0.867113 0.400795 -0.930002 -0.306262 0.203222 -0.504304 0.187351 -0.87068 -0.45477 0.485867 
1537347440232 0.176876 0.884297 -0.432127 -0.488126 -0.945563 0.274532 0.174765 -0.177805 0.273177 0.377692 0.884717 0.488036 0.31622 -0.384863 0.867113 0.400795 -0.930002 -0.306262 0.203222 -0.504304 0.187351 -0.87068 -0.45477 0.485867 
1537347440262 0.17655 0.88359 -0.433703 -0.491227 -0.94553 0.274682 0.17471 -0.178141 0.273503 0.379234 0.883956 0.49147 0.31622 -0.384863 0.867113 0.400795 -0.930002 -0.306262 0.203222 -0.504304 0.187351 -0.87068 -0.454769 0.485867 
1537347440360 0.275657 0.633204 -0.723233 -0.604483 -0.8825 0.464965 0.0707247 -0.181741 0.381061 0.618757 0.686973 0.426588 0.16008 -0.304787 0.938871 0.370831 -0.775623 0.549475 0.310623 -0.528794 -0.61056 -0.777934 -0.14844 0.432481 
1537347440370 0.176877 0.884297 -0.432127 -0.488126 -0.945563 0.274533 0.174765 -0.177805 0.273177 0.377691 0.884717 0.488036 0.31622 -0.384863 0.867113 0.400795 -0.930002 -0.306262 0.203222 -0.504304 0.187351 -0.87068 -0.45477 0.485867 
1537347440410 0.176877 0.884297 -0.432127 -0.488126 -0.945563 0.274533 0.174765 -0.177805 0.273177 0.377691 0.884717 0.488036 0.31622 -0.384863 0.867113 0.400795 -0.930002 -0.306262 0.203222 -0.504304 0.187351 -0.87068 -0.45477 0.485867 
1537347440420 0.176877 0.884297 -0.432127 -0.488126 -0.945563 0.274533 0.174765 -0.177805 0.273177 0.377691 0.884717 0.488036 0.31622 -0.384863 0.867113 0.400795 -0.930002 -0.306262 0.203222 -0.504304 0.187351 -0.87068 -0.45477 0.485867 
1537347440430 0.176877 0.884297 -0.432127 -0.488126 -0.945563 0.274533 0.174765 -0.177805 0.273177 0.377691 0.884717 0.488036 0.31622 -0.384863 0.867113 0.400795 -0.930002 -0.306262 0.203222 -0.504304 0.187351 -0.87068 -0.45477 0.485867 
1537347440440 0.176877 0.884297 -0.432127 -0.488126 -0.945563 0.274533 0.174765 -0.177805 0.273177 0.377691 0.884717 0.488036 0.31622 -0.384863 0.867113 0.400795 -0.930002 -0.306262 0.203222 -0.504304 0.187351 -0.87068 -0.45477 0.485867 
1537347440450 0.176877 0.884297 -0.432127 -0.488126 -0.945563 0.274533 0.174765 -0.177805 0.273177 0.377691 0.884717 0.488036 0.31622 -0.384863 0.867113 0.400795 -0.930002 -0.306262 0.203222 -0.504304 0.187351 -0.87068 -0.45477 0.485867 
1537347440460 0.176877 0.884297 -0.432127 -0.488126 -0.945563 0.274533 0.174765 -0.177805 0.273177 0.377691 0.884717 0.488036 0.31622 -0.384863 0.867113 0.400795 -0.930002 -0.306262 0.203222 -0.504304 0.187351 -0.87068 -0.45477 0.485867 
1537347440470 0.176877 0.884297 -0.432127 -0.488126 -0.945563 0.274533 0.174765 -0.177805 0.273177 0.377691 0.884717 0.488036 0.31622 -0.384863 0.867113 0.400795 -0.930002 -0.306262 0.203222 -0.504304 0.187351 -0.87068 -0.45477 0.485867 
1537347440480 0.176551 0.88359 -0.433703 -0.491227 -0.945529 0.274682 0.174711 -0.178141 0.273503 0.379234 0.883956 0.49147 0.31622 -0.384863 0.867113 0.400795 -0.930002 -0.306262 0.203222 -0.504304 0.187351 -0.87068 -0.454769 0.485867 
1537347440565 0.275657 0.633204 -0.723233 -0.604483 -0.8825 0.464965 0.0707247 -0.181741 0.381061 0.618757 0.686973 0.426588 0.16008 -0.304787 0.938871 0.370831 -0.775623 0.549475 0.310623 -0.528794 -0.61056 -0.777934 -0.14844 0.432481 
1537347440581 0.176877 0.884297 -0.432127 -0.488126 -0.945563 0.274533 0.174765 -0.177805 0.273177 0.377691 0.884717 0.488036 0.31622 -0.384863 0.867113 0.400795 -0.930002 -0.306262 0.203222 -0.504304 0.187351 -0.87068 -0.45477 0.485867 
1537347440591 0.176877 0.884297 -0.432127 -0.488126 -0.945563 0.274533 0.174765 -0.177805 0.273177 0.377691 0.884717 0.488036 0.31622 -0.384863 0.867113 0.400795 -0.930002 -0.306262 0.203222 -0.504304 0.187351 -0.87068 -0.45477 0.485867 
1537347440601 0.176877 0.884297 -0.432127 -0.488126 -0.945563 0.274533 0.174765 -0.177805 0.273177 0.377691 0.884717 0.488036 0.31622 -0.384863 0.867113 0.400795 -0.930002 -0.306262 0.203222 -0.504304 0.187351 -0.87068 -0.45477 0.485867 
1537347440611 0.176877 0.884297 -0.432127 -0.488126 -0.945563 0.274533 0.174765 -0.177805 0.273177 0.377691 0.884717 0.488036 0.31622 -0.384863 0.867113 0.400795 -0.930002 -0.306262 0.203222 -0.504304 0.187351 -0.87068 -0.45477 0.485867 
1537347440631 0.176877 0.884297 -0.432127 -0.488126 -0.945563 0.274533 0.174765 -0.177805 0.273177 0.377691 0.884717 0.488036 0.31622 -0.384863 0.867113 0.400795 -0.930002 -0.306262 0.203222 -0.504304 0.187351 -0.87068 -0.45477 0.485867 
1537347440641 0.176877 0.884297 -0.432127 -0.488126 -0.945563 0.274533 0.174765 -0.177805 0.273177 0.377691 0.884717 0.488036 0.31622 -0.384863 0.867113 0.400795 -0.930002 -0.306262 0.203222 -0.504304 0.187351 -0.87068 -0.45477 0.485867 
1537347440651 0.176877 0.884297 -0.432127 -0.488126 -0.945563 0.274533 0.174765 -0.177805 0.273177 0.377691 0.884717 0.488036 0.31622 -0.384863 0.867113 0.400795 -0.930002 -0.306262 0.203222 -0.504304 0.187351 -0.87068 -0.45477 0.485867 
1537347440661 0.176877 0.884297 -0.432127 -0.488126 -0.945563 0.274533 0.174765 -0.177805 0.273177 0.377691 0.884717 0.488036 0.31622 -0.384863 0.867113 0.400795 -0.930002 -0.306262 0.203222 -0.504304 0.187351 -0.87068 -0.45477 0.485867 
1537347440671 0.176551 0.88359 -0.433703 -0.491227 -0.945529 0.274682 0.174711 -0.178141 0.273503 0.379234 0.883956 0.49147 0.31622 -0.384863 0.867113 0.400795 -0.930002 -0.306262 0.203222 -0.504304 0.187351 -0.87068 -0.454769 0.485867 
1537347440730 0.275657 0.633204 -0.723233 -0.604483 -0.8825 0.464965 0.0707247 -0.181741 0.381061 0.618757 0.686973 0.426588 0.16008 -0.304787 0.938871 0.370831 -0.775623 0.549475 0.310623 -0.528794 -0.61056 -0.777934 -0.14844 0.432481 
1537347440740 0.145976 0.845911 -0.512957 -0.508371 -0.945479 0.271885 0.179301 -0.187676 0.291138 0.458816 0.83948 0.48866 0.316225 -0.384867 0.86711 0.400813 -0.930002 -0.30626 0.203228 -0.504337 0.187345 -0.870679 -0.454774 0.485882 
1537347440750 0.113434 0.799839 -0.589399 -0.529216 -0.9452 0.269673 0.184047 -0.197625 0.306153 0.536223 0.786598 0.489917 0.316225 -0.384867 0.86711 0.400813 -0.930002 -0.30626 0.203228 -0.504337 0.187345 -0.870679 -0.454774 0.485882 
1537347440761 0.0796163 0.746627 -0.660462 -0.550061 -0.944737 0.267893 0.188958 -0.207574 0.318014 0.608919 0.726695 0.491174 0.316225 -0.384867 0.86711 0.400813 -0.930002 -0.30626 0.203228 -0.504337 0.187345 -0.870679 -0.454774 0.485882 
1537347440770 0.0448313 0.686757 -0.725503 -0.570905 -0.944094 0.266563 0.193988 -0.217523 0.326615 0.676246 0.660313 0.492431 0.316225 -0.384867 0.86711 0.400813 -0.930002 -0.30626 0.203228 -0.504337 0.187345 -0.870679 -0.454774 0.485882 
1537347440780 0.00938891 0.620769 -0.783937 -0.591749 -0.943276 0.265693 0.199094 -0.227472 0.331878 0.7376 0.588051 0.493688 0.316225 -0.384867 0.86711 0.400813 -0.930002 -0.30626 0.203228 -0.504337 0.187345 -0.870679 -0.454774 0.485882 
1537347440790 -0.0263875 0.54926 -0.835235 -0.612592 -0.94229 0.265291 0.204228 -0.23742 0.333755 0.792423 0.510562 0.494944 0.316225 -0.384867 0.86711 0.400813 -0.930002 -0.30626 0.203228 -0.504337 0.187345 -0.870679 -0.454774 0.485882 
1537347440800 -0.0621763 0.472876 -0.878933 -0.633431 -0.941147 0.265362 0.209345 -0.247365 0.33223 0.840221 0.428546 0.4962 0.316225 -0.384867 0.86711 0.400813 -0.930002 -0.30626 0.203228 -0.504337 0.187345 -0.870679 -0.454774 0.485882 
1537347440810 -0.0976502 0.392307 -0.914637 -0.65426 -0.939856 0.265906 0.214395 -0.257303 0.327316 0.880562 0.342746 0.497452 0.316225 -0.384867 0.86711 0.400813 -0.930002 -0.30626 0.203228 -0.504337 0.187345 -0.870679 -0.454774 0.485882 
1537347440830 -0.131969 0.308472 -0.942035 -0.673256 -0.938473 0.267091 0.21893 -0.265865 0.319143 0.912966 0.254245 0.498033 0.316379 -0.384993 0.866998 0.401317 -0.929989 -0.306181 0.203405 -0.505249 0.187149 -0.870651 -0.454908 0.48631 
1537347440870 0.275657 0.633204 -0.723233 -0.604483 -0.8825 0.464965 0.0707247 -0.181741 0.381061 0.618757 0.686973 0.426588 0.16008 -0.304787 0.938871 0.370831 -0.775623 0.549475 0.310623 -0.528794 -0.61056 -0.777934 -0.14844 0.432481 
1537347440890 -0.166404 0.221582 -0.960839 -0.695844 -0.936856 0.268431 0.224154 -0.277113 0.307587 0.937468 0.162922 0.49992 0.316223 -0.384865 0.867111 0.400804 -0.930002 -0.306261 0.203225 -0.504321 0.187348 -0.87068 -0.454772 0.485875 
1537347440910 -0.166447 0.221594 -0.960829 -0.695847 -0.936832 0.268471 0.224207 -0.277109 0.307637 0.937454 0.16291 0.499925 0.316223 -0.384865 0.867111 0.400804 -0.930002 -0.306261 0.203225 -0.504321 0.187348 -0.87068 -0.454772 0.485875 
1537347440920 -0.16649 0.221606 -0.960818 -0.695851 -0.936808 0.268511 0.22426 -0.277105 0.307688 0.937439 0.162897 0.499929 0.316223 -0.384865 0.867111 0.400804 -0.930002 -0.306261 0.203225 -0.504321 0.187348 -0.87068 -0.454772 0.485875 
1537347440930 -0.166534 0.221618 -0.960808 -0.695854 -0.936784 0.268551 0.224313 -0.277101 0.307738 0.937425 0.162885 0.499934 0.316223 -0.384865 0.867111 0.400804 -0.930002 -0.306261 0.203225 -0.504321 0.187348 -0.87068 -0.454772 0.485875 
1537347440940 -0.166577 0.22163 -0.960798 -0.695857 -0.93676 0.268591 0.224366 -0.277097 0.307788 0.937411 0.162873 0.499939 0.316223 -0.384865 0.867111 0.400804 -0.930002 -0.306261 0.203225 -0.504321 0.187348 -0.87068 -0.454772 0.485875 
1537347440950 -0.166621 0.221642 -0.960787 -0.695861 -0.936735 0.268631 0.22442 -0.277093 0.307838 0.937396 0.16286 0.499944 0.316223 -0.384865 0.867111 0.400804 -0.930002 -0.306261 0.203225 -0.504321 0.187348 -0.87068 -0.454772 0.485875 
1537347440970 -0.166664 0.221654 -0.960777 -0.695864 -0.936711 0.268671 0.224473 -0.27709 0.307889 0.937382 0.162848 0.499949 0.316223 -0.384865 0.867111 0.400804 -0.930002 -0.306261 0.203225 -0.504321 0.187348 -0.87068 -0.454772 0.485875 
1537347440980 -0.166708 0.221666 -0.960767 -0.695868 -0.936687 0.268712 0.224526 -0.277086 0.307939 0.937368 0.162835 0.499953 0.316223 -0.384865 0.867111 0.400804 -0.930002 -0.306261 0.203225 -0.504321 0.187348 -0.87068 -0.454772 0.485875 
1537347441010 -0.165942 0.22205 -0.960811 -0.693354 -0.936747 0.268982 0.223949 -0.27513 0.308169 0.937199 0.163369 0.498855 0.316334 -0.384956 0.867031 0.401168 -0.929993 -0.306204 0.203353 -0.504979 0.187206 -0.87066 -0.454869 0.486184 
1537347441050 0.275657 0.633204 -0.723233 -0.604483 -0.8825 0.464965 0.0707247 -0.181741 0.381061 0.618757 0.686973 0.426588 0.16008 -0.304787 0.938871 0.370831 -0.775623 0.549475 0.310623 -0.528794 -0.61056 -0.777934 -0.14844 0.432481 
1537347441080 -0.165364 0.222246 -0.960865 -0.695856 -0.935848 0.272065 0.223987 -0.277006 0.311198 0.936262 0.162999 0.499679 0.316223 -0.384865 0.867111 0.400804 -0.930002 -0.306261 0.203225 -0.504321 0.187348 -0.87068 -0.454772 0.485875 
1537347441090 -0.163932 0.222798 -0.960982 -0.695837 -0.935045 0.275335 0.223343 -0.276933 0.314352 0.935175 0.16319 0.499395 0.316223 -0.384865 0.867111 0.400804 -0.930002 -0.306261 0.203225 -0.504321 0.187348 -0.87068 -0.454772 0.485875 
1537347441100 -0.162498 0.223345 -0.961099 -0.695818 -0.93423 0.278602 0.222698 -0.27686 0.317503 0.934076 0.163383 0.499111 0.316223 -0.384865 0.867111 0.400804 -0.930002 -0.306261 0.203225 -0.504321 0.187348 -0.87068 -0.454772 0.485875 
1537347441110 -0.161062 0.223887 -0.961215 -0.6958 -0.933404 0.281867 0.222055 -0.276788 0.32065 0.932966 0.163579 0.498827 0.316223 -0.384865 0.867111 0.400804 -0.930002 -0.306261 0.203225 -0.504321 0.187348 -0.87068 -0.454772 0.485875 
1537347441120 -0.159624 0.224424 -0.961329 -0.695781 -0.932566 0.285128 0.221412 -0.276715 0.323792 0.931845 0.163776 0.498544 0.316223 -0.384865 0.867111 0.400804 -0.930002 -0.306261 0.203225 -0.504321 0.187348 -0.87068 -0.454772 0.485875 
1537347441130 -0.158184 0.224955 -0.961443 -0.695763 -0.931716 0.288387 0.220769 -0.276642 0.326931 0.930714 0.163976 0.49826 0.316223 -0.384865 0.867111 0.400804 -0.930002 -0.306261 0.203225 -0.504321 0.187348 -0.87068 -0.454772 0.485875 
1537347441140 -0.156742 0.225482 -0.961556 -0.695744 -0.930854 0.291642 0.220127 -0.27657 0.330065 0.929571 0.164178 0.497976 0.316223 -0.384865 0.867111 0.400804 -0.930002 -0.306261 0.203225 -0.504321 0.187348 -0.87068 -0.454772 0.485875 
1537347441150 -0.155299 0.226004 -0.961668 -0.695725 -0.92998 0.294895 0.219485 -0.276497 0.333195 0.928418 0.164382 0.497692 0.316223 -0.384865 0.867111 0.400804 -0.930002 -0.306261 0.203225 -0.504321 0.187348 -0.87068 -0.454772 0.485875 
1537347441160 -0.153077 0.226845 -0.961826 -0.69331 -0.929163 0.298368 0.218248 -0.274569 0.336487 0.927102 0.165103 0.496375 0.316334 -0.384956 0.867031 0.401168 -0.929993 -0.306204 0.203353 -0.504979 0.187206 -0.87066 -0.454869 0.486184 
