1534188914919 -0.337271 0.900337 -0.275028 -0.573028 -0.931661 -0.277288 0.234775 -0.274539 0.135115 0.335416 0.932331 0.365051 0.16008 -0.304787 0.938871 0.370831 -0.775623 0.549475 0.310623 -0.528794 -0.61056 -0.777934 -0.14844 0.432481 
1534188914930 -0.289187 0.908367 -0.302059 -0.57668 -0.946329 -0.223701 0.233277 -0.269823 0.14433 0.353308 0.924306 0.369839 0.316225 -0.384867 0.86711 0.400813 -0.930002 -0.30626 0.203228 -0.504337 0.187345 -0.870679 -0.454774 0.485882 
1534188915844 -0.240542 0.913238 -0.32884 -0.580332 -0.958264 -0.169506 0.230214 -0.265107 0.1545 0.370492 0.915896 0.374627 0.316225 -0.384867 0.86711 0.400813 -0.930002 -0.30626 0.203228 -0.504337 0.187345 -0.870679 -0.454774 0.485882 
1534188916774 -0.191499 0.914933 -0.355281 -0.583984 -0.967423 -0.114882 0.225598 -0.260392 0.165592 0.386909 0.907128 0.379414 0.316225 -0.384867 0.86711 0.400813 -0.930002 -0.30626 0.203228 -0.504337 0.187345 -0.870679 -0.454774 0.485882 
1534188917718 -0.142221 0.913448 -0.381294 -0.587637 -0.973778 -0.0600128 0.219444 -0.255677 0.177568 0.402505 0.898031 0.384202 0.316225 -0.384867 0.86711 0.400813 -0.930002 -0.30626 0.203228 -0.504337 0.187345 -0.870679 -0.454774 0.485882 
1534188918684 -0.0928717 0.908787 -0.406793 -0.59129 -0.977306 -0.00508014 0.211772 -0.250962 0.190389 0.417229 0.888635 0.38899 0.316225 -0.384867 0.86711 0.400813 -0.930002 -0.30626 0.203228 -0.504337 0.187345 -0.870679 -0.454774 0.485882 
1534188919653 -0.0436166 0.900966 -0.431691 -0.594943 -0.977996 0.0497325 0.202608 -0.246248 0.204012 0.43103 0.878972 0.393777 0.316225 -0.384867 0.86711 0.400813 -0.930002 -0.30626 0.203228 -0.504337 0.187345 -0.870679 -0.454774 0.485882 
1534188920655 0.0053802 0.890011 -0.455907 -0.598599 -0.975846 0.104242 0.191983 -0.241535 0.218392 0.443862 0.869075 0.398564 0.316225 -0.384867 0.86711 0.400813 -0.930002 -0.30626 0.203228 -0.504337 0.187345 -0.870679 -0.454774 0.485882 
1534188921674 0.0539552 0.875959 -0.479359 -0.602256 -0.970863 0.158267 0.179933 -0.236824 0.233481 0.455683 0.858976 0.40335 0.316225 -0.384867 0.86711 0.400813 -0.930002 -0.30626 0.203228 -0.504337 0.187345 -0.870679 -0.454774 0.485882 
1534188922692 0.101642 0.859073 -0.501661 -0.60719 -0.963057 0.211379 0.166852 -0.233116 0.249378 0.466169 0.848821 0.407777 0.316379 -0.384993 0.866998 0.401317 -0.929989 -0.306181 0.203405 -0.505249 0.187149 -0.870651 -0.454908 0.48631 
1534188923727 0.101759 0.859152 -0.501501 -0.607047 -0.962901 0.211718 0.167325 -0.23349 0.249934 0.465869 0.848822 0.407541 0.316379 -0.384993 0.866998 0.401317 -0.929989 -0.306181 0.203405 -0.505249 0.187149 -0.870651 -0.454908 0.48631 
1534188923733 0.106541 0.857247 -0.503763 -0.607298 -0.961983 0.217005 0.165825 -0.232881 0.251472 0.466944 0.847776 0.408079 0.31622 -0.384863 0.867113 0.400797 -0.930002 -0.306262 0.203222 -0.504307 0.187351 -0.87068 -0.45477 0.485868 
1534188923740 0.111316 0.855311 -0.506015 -0.607546 -0.961037 0.222284 0.16431 -0.232268 0.253015 0.468009 0.846729 0.408619 0.31622 -0.384863 0.867113 0.400796 -0.930002 -0.306262 0.203222 -0.504306 0.187351 -0.87068 -0.454769 0.485868 
1534188924259 0.116083 0.853346 -0.508258 -0.607794 -0.960063 0.227554 0.162782 -0.231656 0.254565 0.469063 0.845681 0.409158 0.31622 -0.384863 0.867113 0.400796 -0.930002 -0.306262 0.203222 -0.504305 0.187351 -0.87068 -0.45477 0.485867 
1534188924636 0.120843 0.85135 -0.51049 -0.608041 -0.959061 0.232815 0.16124 -0.231043 0.256121 0.470107 0.844631 0.409698 0.316221 -0.384863 0.867113 0.400795 -0.930002 -0.306262 0.203223 -0.504305 0.187351 -0.87068 -0.45477 0.485867 
1534188925014 0.125595 0.849324 -0.512712 -0.608288 -0.958032 0.238067 0.159684 -0.23043 0.257683 0.471139 0.84358 0.410237 0.31622 -0.384863 0.867113 0.400795 -0.930002 -0.306262 0.203222 -0.504305 0.187352 -0.87068 -0.454769 0.485867 
1534188925385 0.130338 0.847269 -0.514924 -0.608536 -0.956975 0.243308 0.158115 -0.229819 0.259252 0.472161 0.842527 0.410776 0.31622 -0.384863 0.867113 0.400795 -0.930002 -0.306262 0.203222 -0.504305 0.187352 -0.87068 -0.454769 0.485867 
1534188925760 0.135073 0.845184 -0.517127 -0.608782 -0.95589 0.248541 0.156533 -0.229205 0.260826 0.473173 0.841473 0.411316 0.31622 -0.384863 0.867113 0.400795 -0.930002 -0.306262 0.203222 -0.504304 0.187352 -0.87068 -0.454769 0.485867 
1534188926129 0.1398 0.843068 -0.519318 -0.609031 -0.954777 0.253763 0.154937 -0.228593 0.262406 0.474173 0.840418 0.411855 0.31622 -0.384863 0.867113 0.400795 -0.930002 -0.306262 0.203222 -0.504304 0.187352 -0.87068 -0.454769 0.485867 
1534188926501 0.144518 0.840923 -0.5215 -0.609277 -0.953636 0.258975 0.153328 -0.22798 0.263993 0.475163 0.839362 0.412395 0.31622 -0.384863 0.867113 0.400795 -0.930002 -0.306262 0.203222 -0.504304 0.187351 -0.87068 -0.454769 0.485867 
1534188926892 0.144262 0.84116 -0.52119 -0.609243 -0.953653 0.258741 0.153623 -0.22812 0.264075 0.474872 0.839501 0.412306 0.31622 -0.384863 0.867113 0.400795 -0.930002 -0.306262 0.203222 -0.504304 0.187351 -0.87068 -0.454769 0.485867 
1534188926905 0.145004 0.841291 -0.520771 -0.60927 -0.953493 0.259381 0.153531 -0.228083 0.264242 0.47429 0.839777 0.412239 0.31622 -0.384863 0.867113 0.400795 -0.930002 -0.306262 0.203222 -0.504304 0.187351 -0.87068 -0.454769 0.485867 
1534188927045 0.145747 0.841422 -0.520352 -0.609299 -0.953334 0.260021 0.153438 -0.228045 0.264409 0.473706 0.840054 0.412172 0.31622 -0.384863 0.867113 0.400795 -0.930002 -0.306262 0.203222 -0.504304 0.187351 -0.87068 -0.454769 0.485867 
1534188927070 0.14649 0.841552 -0.519933 -0.609329 -0.953174 0.260662 0.153346 -0.228006 0.264576 0.473123 0.84033 0.412105 0.31622 -0.384863 0.867113 0.400795 -0.930002 -0.306262 0.203222 -0.504304 0.187351 -0.87068 -0.454769 0.485867 
1534188927207 0.147233 0.841681 -0.519514 -0.609357 -0.953013 0.261302 0.153255 -0.227967 0.264742 0.47254 0.840606 0.412038 0.31622 -0.384863 0.867113 0.400795 -0.930002 -0.306262 0.203222 -0.504304 0.187351 -0.87068 -0.454769 0.485867 
1534188927243 0.147976 0.84181 -0.519094 -0.609386 -0.952852 0.261942 0.153163 -0.227929 0.264907 0.471956 0.840882 0.411971 0.31622 -0.384863 0.867113 0.400795 -0.930002 -0.306262 0.203222 -0.504304 0.187351 -0.87068 -0.454769 0.485867 
1534188927357 0.148718 0.841938 -0.518675 -0.609417 -0.952691 0.262582 0.153073 -0.22789 0.265072 0.471372 0.841157 0.411904 0.31622 -0.384863 0.867113 0.400795 -0.930002 -0.306262 0.203222 -0.504304 0.187351 -0.87068 -0.454769 0.485867 
1534188927393 0.149461 0.842065 -0.518255 -0.609445 -0.952529 0.263221 0.152982 -0.227852 0.265237 0.470788 0.841432 0.411837 0.31622 -0.384863 0.867113 0.400795 -0.930002 -0.306262 0.203222 -0.504304 0.187351 -0.87068 -0.454769 0.485867 
1534188927510 0.150204 0.842191 -0.517834 -0.609474 -0.952366 0.263862 0.152891 -0.227813 0.2654 0.470203 0.841708 0.41177 0.31622 -0.384863 0.867113 0.400795 -0.930002 -0.306262 0.203222 -0.504304 0.187351 -0.87068 -0.454769 0.485867 
1534188927564 0.150947 0.842317 -0.517414 -0.609503 -0.952203 0.264501 0.152801 -0.227775 0.265564 0.469618 0.841983 0.411703 0.31622 -0.384863 0.867113 0.400795 -0.930002 -0.306262 0.203222 -0.504304 0.187351 -0.87068 -0.454769 0.485867 
1534188927663 0.149746 0.842099 -0.518117 -0.609477 -0.952454 0.263493 0.152978 -0.227805 0.265343 0.470574 0.841518 0.411804 0.31622 -0.384863 0.867113 0.400795 -0.930002 -0.306262 0.203222 -0.504304 0.187351 -0.87068 -0.454769 0.485867 
1534188927680 0.150236 0.842366 -0.517542 -0.609429 -0.952435 0.263704 0.152732 -0.227793 0.265134 0.469979 0.841917 0.411754 0.31622 -0.384863 0.867113 0.400795 -0.930002 -0.306262 0.203222 -0.504304 0.187351 -0.87068 -0.454769 0.485867 
1534188927696 0.150725 0.842632 -0.516966 -0.609383 -0.952416 0.263915 0.152487 -0.22778 0.264926 0.469383 0.842315 0.411701 0.31622 -0.384863 0.867113 0.400795 -0.930002 -0.306262 0.203222 -0.504304 0.187351 -0.87068 -0.454769 0.485867 
1534188927713 0.151213 0.842897 -0.51639 -0.609336 -0.952397 0.264126 0.152243 -0.227768 0.264717 0.468787 0.842712 0.41165 0.31622 -0.384863 0.867113 0.400795 -0.930002 -0.306262 0.203222 -0.504304 0.187351 -0.87068 -0.454769 0.485867 
1534188927855 0.151701 0.843163 -0.515813 -0.609291 -0.952377 0.264337 0.151999 -0.227757 0.264509 0.46819 0.843109 0.411597 0.31622 -0.384863 0.867113 0.400795 -0.930002 -0.306262 0.203222 -0.504304 0.187351 -0.87068 -0.454769 0.485867 
1534188927900 0.152188 0.843428 -0.515236 -0.609246 -0.952357 0.264548 0.151755 -0.227746 0.2643 0.467593 0.843506 0.411545 0.31622 -0.384863 0.867113 0.400795 -0.930002 -0.306262 0.203222 -0.504304 0.187351 -0.87068 -0.454769 0.485867 
1534188928013 0.152676 0.843692 -0.514659 -0.6092 -0.952337 0.26476 0.151511 -0.227734 0.26409 0.466996 0.843902 0.411493 0.31622 -0.384863 0.867113 0.400795 -0.930002 -0.306262 0.203222 -0.504304 0.187351 -0.87068 -0.454769 0.485867 
1534188928019 0.153163 0.843956 -0.514081 -0.609155 -0.952317 0.264971 0.151268 -0.227723 0.26388 0.466399 0.844298 0.41144 0.31622 -0.384863 0.867113 0.400795 -0.930002 -0.306262 0.203222 -0.504304 0.187351 -0.87068 -0.454769 0.485867 
1534188928057 0.153651 0.844219 -0.513503 -0.60911 -0.952297 0.265183 0.151025 -0.227711 0.26367 0.465802 0.844693 0.411388 0.31622 -0.384863 0.867113 0.400795 -0.930002 -0.306262 0.203222 -0.504304 0.187351 -0.87068 -0.454769 0.485867 
1534188928202 0.154137 0.844483 -0.512924 -0.609065 -0.952277 0.265394 0.150782 -0.227701 0.26346 0.465204 0.845088 0.411336 0.31622 -0.384863 0.867113 0.400795 -0.930002 -0.306262 0.203222 -0.504304 0.187351 -0.87068 -0.454769 0.485867 
1534188928248 0.153153 0.84419 -0.513699 -0.609116 -0.95236 0.264821 0.151261 -0.227658 0.263732 0.46606 0.844531 0.4115 0.31622 -0.384863 0.867113 0.400795 -0.930002 -0.306262 0.203222 -0.504304 0.187351 -0.87068 -0.454769 0.485867 
1534188928258 0.152955 0.844177 -0.51378 -0.609039 -0.952384 0.264679 0.151357 -0.227791 0.263759 0.466165 0.844465 0.411528 0.31622 -0.384863 0.867113 0.400795 -0.930002 -0.306262 0.203222 -0.504304 0.187351 -0.87068 -0.454769 0.485867 
1534188928282 0.152755 0.844165 -0.513859 -0.608965 -0.952408 0.264536 0.151456 -0.22793 0.263788 0.466268 0.844399 0.411554 0.31622 -0.384863 0.867113 0.400795 -0.930002 -0.306262 0.203222 -0.504304 0.187351 -0.87068 -0.45477 0.485867 
1534188928289 0.152556 0.844152 -0.513939 -0.60889 -0.952432 0.264394 0.151554 -0.228068 0.263818 0.466372 0.844333 0.41158 0.31622 -0.384863 0.867113 0.400795 -0.930002 -0.306262 0.203222 -0.504304 0.187351 -0.87068 -0.45477 0.485867 
1534188928449 0.152356 0.84414 -0.514019 -0.608816 -0.952456 0.264252 0.151653 -0.228206 0.263847 0.466475 0.844267 0.411606 0.31622 -0.384863 0.867113 0.400795 -0.930002 -0.306262 0.203222 -0.504304 0.187351 -0.87068 -0.45477 0.485867 
1534188928473 0.152157 0.844127 -0.514099 -0.608741 -0.95248 0.264109 0.151751 -0.228344 0.263876 0.466578 0.8442 0.411632 0.31622 -0.384863 0.867113 0.400795 -0.930002 -0.306262 0.203222 -0.504304 0.187351 -0.87068 -0.45477 0.485867 
1534188928561 0.151958 0.844115 -0.514178 -0.608668 -0.952504 0.263967 0.15185 -0.228482 0.263905 0.466681 0.844134 0.411658 0.31622 -0.384863 0.867113 0.400795 -0.930002 -0.306262 0.203222 -0.504304 0.187351 -0.87068 -0.45477 0.485867 
1534188928620 0.151758 0.844102 -0.514258 -0.608593 -0.952527 0.263825 0.151949 -0.22862 0.263934 0.466785 0.844068 0.411685 0.31622 -0.384863 0.867113 0.400795 -0.930002 -0.306262 0.203222 -0.504304 0.187351 -0.87068 -0.45477 0.485867 
1534188928680 0.151559 0.84409 -0.514337 -0.60852 -0.952551 0.263682 0.152048 -0.228759 0.263963 0.466888 0.844002 0.41171 0.31622 -0.384863 0.867113 0.400795 -0.930002 -0.306262 0.203222 -0.504304 0.187351 -0.87068 -0.45477 0.485867 
1534188928731 0.15136 0.844077 -0.514416 -0.608446 -0.952575 0.26354 0.152146 -0.228896 0.263992 0.466991 0.843936 0.411737 0.31622 -0.384863 0.867113 0.400795 -0.930002 -0.306262 0.203222 -0.504304 0.187351 -0.87068 -0.45477 0.485867 
1534188928804 0.151693 0.844157 -0.514187 -0.608603 -0.952549 0.263735 0.151966 -0.228567 0.263892 0.466736 0.844108 0.411696 0.31622 -0.384863 0.867113 0.400795 -0.930002 -0.306262 0.203222 -0.504304 0.187351 -0.87068 -0.45477 0.485867 
1534188928814 0.151183 0.843993 -0.514607 -0.608451 -0.952596 0.263434 0.152194 -0.228812 0.264015 0.467203 0.843811 0.411699 0.31622 -0.384863 0.867113 0.400795 -0.930002 -0.306262 0.203222 -0.504304 0.187351 -0.87068 -0.45477 0.485867 
1534188928834 0.150672 0.843829 -0.515026 -0.608299 -0.952643 0.263132 0.152423 -0.22906 0.264138 0.46767 0.843514 0.4117 0.31622 -0.384863 0.867113 0.400795 -0.930002 -0.306262 0.203222 -0.504304 0.187351 -0.87068 -0.45477 0.485867 
1534188928895 0.15016 0.843664 -0.515444 -0.608148 -0.95269 0.262829 0.152652 -0.229308 0.264261 0.468136 0.843217 0.411701 0.31622 -0.384863 0.867113 0.400795 -0.930002 -0.306262 0.203222 -0.504304 0.187351 -0.87068 -0.45477 0.485867 
1534188929012 0.149648 0.8435 -0.515862 -0.607997 -0.952736 0.262527 0.152882 -0.229557 0.264384 0.468602 0.84292 0.411702 0.31622 -0.384863 0.867113 0.400795 -0.930002 -0.306262 0.203222 -0.504304 0.187351 -0.87068 -0.45477 0.485867 
1534188929103 0.149137 0.843335 -0.51628 -0.607845 -0.952783 0.262225 0.153112 -0.229804 0.264506 0.469068 0.842622 0.411703 0.31622 -0.384863 0.867113 0.400795 -0.930002 -0.306262 0.203222 -0.504304 0.187351 -0.87068 -0.45477 0.485867 
1534188929217 0.148624 0.84317 -0.516697 -0.607695 -0.952829 0.261923 0.153342 -0.230053 0.264628 0.469533 0.842324 0.411704 0.31622 -0.384863 0.867113 0.400795 -0.930002 -0.306262 0.203222 -0.504304 0.187351 -0.87068 -0.45477 0.485867 
1534188929322 0.148113 0.843004 -0.517115 -0.607543 -0.952875 0.261621 0.153572 -0.230301 0.26475 0.469999 0.842026 0.411705 0.31622 -0.384863 0.867113 0.400795 -0.930002 -0.306262 0.203222 -0.504304 0.187351 -0.87068 -0.45477 0.485867 
1534188929418 0.147601 0.842837 -0.517532 -0.607392 -0.95292 0.261319 0.153802 -0.230548 0.264871 0.470465 0.841728 0.411706 0.31622 -0.384863 0.867113 0.400795 -0.930002 -0.306262 0.203222 -0.504304 0.187351 -0.87068 -0.45477 0.485867 
1534188929522 0.147088 0.842671 -0.517948 -0.607242 -0.952966 0.261017 0.154033 -0.230798 0.264993 0.47093 0.841429 0.411707 0.31622 -0.384863 0.867113 0.400795 -0.930002 -0.306262 0.203222 -0.504304 0.187351 -0.87068 -0.45477 0.485867 
1534188929629 0.147547 0.842889 -0.517463 -0.607414 -0.952954 0.261215 0.153769 -0.230484 0.264779 0.470431 0.841776 0.411686 0.31622 -0.384863 0.867113 0.400795 -0.930002 -0.306262 0.203222 -0.504304 0.187351 -0.87068 -0.45477 0.485867 
1534188929643 0.147265 0.842951 -0.517443 -0.607133 -0.952984 0.260995 0.153958 -0.23059 0.264829 0.470442 0.841754 0.41168 0.31622 -0.384863 0.867113 0.400795 -0.930002 -0.306262 0.203222 -0.504304 0.187351 -0.87068 -0.45477 0.485867 
1534188929660 0.146983 0.843011 -0.517424 -0.606847 -0.953014 0.260775 0.154147 -0.230694 0.264879 0.470455 0.841731 0.411674 0.31622 -0.384863 0.867113 0.400795 -0.930002 -0.306262 0.203222 -0.504304 0.187351 -0.87068 -0.45477 0.485867 
1534188929666 0.146701 0.843072 -0.517406 -0.606562 -0.953043 0.260555 0.154336 -0.230798 0.264929 0.470469 0.841708 0.411669 0.31622 -0.384863 0.867113 0.400795 -0.930002 -0.306262 0.203222 -0.504304 0.187351 -0.87068 -0.45477 0.485867 
1534188929833 0.146419 0.843132 -0.517387 -0.606276 -0.953073 0.260336 0.154525 -0.230902 0.264979 0.470482 0.841685 0.411663 0.31622 -0.384863 0.867113 0.400795 -0.930002 -0.306262 0.203222 -0.504304 0.187351 -0.87068 -0.45477 0.485867 
1534188929839 0.146137 0.843193 -0.517368 -0.605992 -0.953102 0.260116 0.154714 -0.231007 0.265029 0.470495 0.841662 0.411658 0.31622 -0.384863 0.867113 0.400795 -0.930002 -0.306262 0.203222 -0.504304 0.187351 -0.87068 -0.45477 0.485867 
1534188929998 0.145856 0.843253 -0.517349 -0.605706 -0.953131 0.259896 0.154902 -0.23111 0.265079 0.470508 0.841638 0.411652 0.31622 -0.384863 0.867113 0.400795 -0.930002 -0.306262 0.203222 -0.504304 0.187351 -0.87068 -0.45477 0.485867 
1534188930072 0.145574 0.843314 -0.51733 -0.605421 -0.953161 0.259676 0.155091 -0.231214 0.265129 0.470521 0.841615 0.411647 0.31622 -0.384863 0.867113 0.400795 -0.930002 -0.306262 0.203222 -0.504304 0.187351 -0.87068 -0.45477 0.485867 
1534188930176 0.145292 0.843374 -0.517311 -0.605134 -0.95319 0.259457 0.15528 -0.231317 0.265179 0.470535 0.841592 0.411642 0.31622 -0.384863 0.867113 0.400795 -0.930002 -0.306262 0.203222 -0.504304 0.187351 -0.87068 -0.45477 0.485867 
1534188930226 0.14501 0.843434 -0.517292 -0.604849 -0.953219 0.259237 0.155468 -0.231421 0.265228 0.470548 0.841569 0.411636 0.31622 -0.384863 0.867113 0.400795 -0.930002 -0.306262 0.203222 -0.504304 0.187351 -0.87068 -0.45477 0.485867 
1534188930357 0.145301 0.84338 -0.517298 -0.605211 -0.953199 0.259442 0.155245 -0.231253 0.265139 0.470531 0.841606 0.411594 0.31622 -0.384863 0.867113 0.400795 -0.930002 -0.306262 0.203222 -0.504304 0.187351 -0.87068 -0.45477 0.485867 
1534188930375 0.144834 0.843396 -0.517404 -0.604917 -0.953151 0.259275 0.155821 -0.231338 0.265568 0.470596 0.841435 0.411644 0.31622 -0.384863 0.867113 0.400795 -0.930002 -0.306262 0.203222 -0.504304 0.187351 -0.87068 -0.45477 0.485867 
1534188930392 0.144368 0.843411 -0.51751 -0.604619 -0.953102 0.259108 0.156397 -0.231422 0.265998 0.470661 0.841263 0.411695 0.31622 -0.384863 0.867113 0.400795 -0.930002 -0.306262 0.203222 -0.504304 0.187351 -0.87068 -0.45477 0.485867 
1534188930408 0.143901 0.843425 -0.517616 -0.604321 -0.953052 0.258941 0.156973 -0.231506 0.266427 0.470726 0.841091 0.411745 0.31622 -0.384863 0.867113 0.400795 -0.930002 -0.306262 0.203222 -0.504304 0.187351 -0.87068 -0.45477 0.485867 
1534188930415 0.143435 0.84344 -0.517721 -0.604022 -0.953003 0.258774 0.157549 -0.231589 0.266856 0.470792 0.840918 0.411796 0.31622 -0.384863 0.867113 0.400795 -0.930002 -0.306262 0.203222 -0.504304 0.187351 -0.87068 -0.45477 0.485867 
1534188930613 0.142968 0.843454 -0.517827 -0.603723 -0.952953 0.258607 0.158125 -0.231672 0.267285 0.470858 0.840745 0.411847 0.31622 -0.384863 0.867113 0.400795 -0.930002 -0.306262 0.203222 -0.504304 0.187351 -0.87068 -0.45477 0.485867 
1534188930619 0.142502 0.843469 -0.517932 -0.603425 -0.952902 0.25844 0.158701 -0.231756 0.267714 0.470923 0.840572 0.411898 0.31622 -0.384863 0.867113 0.400795 -0.930002 -0.306262 0.203222 -0.504304 0.187351 -0.87068 -0.45477 0.485867 
1534188930806 0.142035 0.843483 -0.518037 -0.603126 -0.952851 0.258274 0.159277 -0.231839 0.268143 0.470989 0.840398 0.411949 0.31622 -0.384863 0.867113 0.400795 -0.930002 -0.306262 0.203222 -0.504304 0.187351 -0.87068 -0.45477 0.485867 
1534188930860 0.141568 0.843498 -0.518141 -0.602828 -0.9528 0.258107 0.159853 -0.231922 0.268572 0.471055 0.840224 0.411999 0.31622 -0.384863 0.867113 0.400795 -0.930002 -0.306262 0.203222 -0.504304 0.187351 -0.87068 -0.45477 0.485867 
1534188930867 0.141102 0.843512 -0.518245 -0.60253 -0.952748 0.25794 0.160429 -0.232006 0.269 0.471121 0.84005 0.41205 0.31622 -0.384863 0.867113 0.400795 -0.930002 -0.306262 0.203222 -0.504304 0.187351 -0.87068 -0.45477 0.485867 
1534188931045 0.141644 0.843587 -0.517975 -0.602823 -0.952806 0.25811 0.159813 -0.231896 0.26851 0.470893 0.840335 0.412059 0.31622 -0.384863 0.867113 0.400795 -0.930002 -0.306262 0.203222 -0.504304 0.187351 -0.87068 -0.45477 0.485867 
1534188931059 0.141411 0.843534 -0.518124 -0.602596 -0.952867 0.257893 0.159799 -0.23192 0.268416 0.471106 0.840245 0.412114 0.31622 -0.384863 0.867113 0.400795 -0.930002 -0.306262 0.203222 -0.504304 0.187351 -0.87068 -0.45477 0.485867 
1534188931073 0.14118 0.84348 -0.518275 -0.602365 -0.952928 0.257678 0.159782 -0.231941 0.268321 0.471321 0.840155 0.412169 0.31622 -0.384863 0.867113 0.400795 -0.930002 -0.306262 0.203222 -0.504304 0.187351 -0.87068 -0.45477 0.485867 
1534188931080 0.140949 0.843426 -0.518426 -0.602134 -0.952989 0.257462 0.159766 -0.231962 0.268226 0.471536 0.840065 0.412225 0.31622 -0.384863 0.867113 0.400795 -0.930002 -0.306262 0.203222 -0.504304 0.187351 -0.87068 -0.45477 0.485867 
1534188931256 0.140718 0.843372 -0.518577 -0.601902 -0.95305 0.257246 0.15975 -0.231983 0.268131 0.47175 0.839975 0.412281 0.31622 -0.384863 0.867113 0.400795 -0.930002 -0.306262 0.203222 -0.504304 0.187351 -0.87068 -0.45477 0.485867 
1534188931263 0.140487 0.843317 -0.518729 -0.60167 -0.953111 0.257031 0.159734 -0.232003 0.268036 0.471965 0.839884 0.412337 0.31622 -0.384863 0.867113 0.400795 -0.930002 -0.306262 0.203222 -0.504304 0.187351 -0.87068 -0.45477 0.485867 
1534188931426 0.140256 0.843263 -0.51888 -0.60144 -0.953172 0.256815 0.159718 -0.232025 0.26794 0.47218 0.839794 0.412393 0.31622 -0.384863 0.867113 0.400795 -0.930002 -0.306262 0.203222 -0.504304 0.187351 -0.87068 -0.45477 0.485867 
1534188931474 0.140025 0.843208 -0.519031 -0.601207 -0.953232 0.2566 0.159702 -0.232045 0.267845 0.472395 0.839704 0.412449 0.31622 -0.384863 0.867113 0.400795 -0.930002 -0.306262 0.203222 -0.504304 0.187351 -0.87068 -0.45477 0.485867 
1534188931598 0.139794 0.843154 -0.519182 -0.600977 -0.953293 0.256384 0.159686 -0.232066 0.267749 0.472609 0.839613 0.412505 0.31622 -0.384863 0.867113 0.400795 -0.930002 -0.306262 0.203222 -0.504304 0.187351 -0.87068 -0.45477 0.485867 
1534188931642 0.139564 0.843099 -0.519333 -0.600744 -0.953354 0.256168 0.159669 -0.232086 0.267654 0.472824 0.839523 0.412561 0.31622 -0.384863 0.867113 0.400795 -0.930002 -0.306262 0.203222 -0.504304 0.187351 -0.87068 -0.45477 0.485867 
1534188931784 0.139685 0.84312 -0.519265 -0.601057 -0.953302 0.256318 0.159736 -0.232034 0.267773 0.472704 0.839552 0.412472 0.31622 -0.384863 0.867113 0.400795 -0.930002 -0.306262 0.203222 -0.504304 0.187351 -0.87068 -0.45477 0.485867 
1534188931797 0.139425 0.843257 -0.519114 -0.600917 -0.953339 0.256071 0.159915 -0.232044 0.267779 0.472595 0.839612 0.412457 0.31622 -0.384863 0.867113 0.400795 -0.930002 -0.306262 0.203222 -0.504304 0.187351 -0.87068 -0.45477 0.485867 
1534188931814 0.139165 0.843393 -0.518962 -0.600776 -0.953375 0.255823 0.160096 -0.232057 0.267786 0.472486 0.839671 0.41244 0.31622 -0.384863 0.867113 0.400795 -0.930002 -0.306262 0.203222 -0.504304 0.187351 -0.87068 -0.45477 0.485867 
1534188931832 0.138904 0.843529 -0.518811 -0.600636 -0.953411 0.255576 0.160275 -0.232068 0.267793 0.472378 0.83973 0.412424 0.31622 -0.384863 0.867113 0.400795 -0.930002 -0.306262 0.203222 -0.504304 0.187351 -0.87068 -0.45477 0.485867 
1534188931837 0.138643 0.843665 -0.51866 -0.600494 -0.953447 0.255327 0.160456 -0.232082 0.2678 0.472269 0.839789 0.412407 0.31622 -0.384863 0.867113 0.400795 -0.930002 -0.306262 0.203222 -0.504304 0.187351 -0.87068 -0.45477 0.485867 
1534188931975 0.138382 0.843801 -0.518509 -0.600353 -0.953483 0.25508 0.160637 -0.232094 0.267806 0.47216 0.839848 0.412391 0.31622 -0.384863 0.867113 0.400795 -0.930002 -0.306262 0.203222 -0.504304 0.187351 -0.87068 -0.45477 0.485867 
1534188931992 0.138121 0.843937 -0.518357 -0.600212 -0.953519 0.254831 0.160818 -0.232108 0.267813 0.472051 0.839907 0.412373 0.31622 -0.384863 0.867113 0.400795 -0.930002 -0.306262 0.203222 -0.504304 0.187351 -0.87068 -0.45477 0.485867 
1534188932037 0.13786 0.844072 -0.518205 -0.600071 -0.953555 0.254583 0.160998 -0.23212 0.26782 0.471942 0.839966 0.412356 0.31622 -0.384863 0.867113 0.400795 -0.930002 -0.306262 0.203222 -0.504304 0.187351 -0.87068 -0.45477 0.485867 
1534188932104 0.137599 0.844208 -0.518054 -0.59993 -0.953591 0.254335 0.161178 -0.232132 0.267827 0.471833 0.840025 0.41234 0.31622 -0.384863 0.867113 0.400795 -0.930002 -0.306262 0.203222 -0.504304 0.187351 -0.87068 -0.45477 0.485867 
1534188932111 0.137337 0.844344 -0.517902 -0.599789 -0.953626 0.254087 0.161359 -0.232146 0.267834 0.471724 0.840084 0.412322 0.31622 -0.384863 0.867113 0.400795 -0.930002 -0.306262 0.203222 -0.504304 0.187351 -0.87068 -0.45477 0.485867 
1534188932176 0.137897 0.843926 -0.518434 -0.600224 -0.953601 0.254568 0.160749 -0.232094 0.267637 0.472212 0.839873 0.412347 0.31622 -0.384863 0.867113 0.400795 -0.930002 -0.306262 0.203222 -0.504304 0.187351 -0.87068 -0.45477 0.485867 
1534188932187 0.137796 0.844057 -0.518248 -0.600093 -0.953664 0.254361 0.160704 -0.232099 0.267466 0.47209 0.839996 0.41232 0.31622 -0.384863 0.867113 0.400795 -0.930002 -0.306262 0.203222 -0.504304 0.187351 -0.87068 -0.45477 0.485867 
1534188932203 0.137695 0.844187 -0.518062 -0.599957 -0.953726 0.254155 0.160659 -0.232103 0.267294 0.471967 0.840119 0.412293 0.31622 -0.384863 0.867113 0.400795 -0.930002 -0.306262 0.203222 -0.504304 0.187351 -0.87068 -0.45477 0.485867 
1534188932220 0.137594 0.844318 -0.517876 -0.599822 -0.953789 0.253949 0.160613 -0.232106 0.267123 0.471845 0.840243 0.412266 0.31622 -0.384863 0.867113 0.400795 -0.930002 -0.306262 0.203222 -0.504304 0.187351 -0.87068 -0.45477 0.485867 
1534188932236 0.137493 0.844448 -0.51769 -0.599687 -0.953851 0.253743 0.160568 -0.23211 0.266952 0.471723 0.840366 0.412239 0.31622 -0.384863 0.867113 0.400795 -0.930002 -0.306262 0.203222 -0.504304 0.187351 -0.87068 -0.45477 0.485867 
1534188932253 0.137393 0.844578 -0.517504 -0.599552 -0.953914 0.253537 0.160523 -0.232113 0.26678 0.4716 0.840489 0.412212 0.31622 -0.384863 0.867113 0.400795 -0.930002 -0.306262 0.203222 -0.504304 0.187351 -0.87068 -0.45477 0.485867 
1534188932269 0.137292 0.844708 -0.517319 -0.599416 -0.953976 0.253331 0.160477 -0.232116 0.266609 0.471478 0.840612 0.412186 0.31622 -0.384863 0.867113 0.400795 -0.930002 -0.306262 0.203222 -0.504304 0.187351 -0.87068 -0.45477 0.485867 
1534188932350 0.137191 0.844839 -0.517133 -0.599282 -0.954039 0.253125 0.160431 -0.23212 0.266438 0.471355 0.840735 0.412159 0.31622 -0.384863 0.867113 0.400795 -0.930002 -0.306262 0.203222 -0.504304 0.187351 -0.87068 -0.45477 0.485867 
1534188932394 0.13709 0.844969 -0.516947 -0.599147 -0.954101 0.252919 0.160386 -0.232124 0.266266 0.471232 0.840858 0.412132 0.31622 -0.384863 0.867113 0.400795 -0.930002 -0.306262 0.203222 -0.504304 0.187351 -0.87068 -0.45477 0.485867 
1534188932423 0.136989 0.845099 -0.516761 -0.59901 -0.954163 0.252713 0.16034 -0.232126 0.266095 0.47111 0.840981 0.412106 0.31622 -0.384863 0.867113 0.400795 -0.930002 -0.306262 0.203222 -0.504304 0.187351 -0.87068 -0.45477 0.485867 
1534188932465 0.1371 0.844756 -0.517292 -0.599448 -0.954034 0.253108 0.160483 -0.232 0.2665 0.471512 0.840627 0.412159 0.31622 -0.384863 0.867113 0.400795 -0.930002 -0.306262 0.203222 -0.504304 0.187351 -0.87068 -0.45477 0.485867 
1534188932476 0.1369 0.844801 -0.517271 -0.599336 -0.954064 0.252932 0.160585 -0.232025 0.266497 0.471525 0.840621 0.412178 0.31622 -0.384863 0.867113 0.400795 -0.930002 -0.306262 0.203222 -0.504304 0.187351 -0.87068 -0.45477 0.485867 
1534188932492 0.136699 0.844846 -0.517251 -0.599222 -0.954094 0.252755 0.160686 -0.23205 0.266493 0.47154 0.840613 0.412197 0.31622 -0.384863 0.867113 0.400795 -0.930002 -0.306262 0.203222 -0.504304 0.187351 -0.87068 -0.45477 0.485867 
1534188932512 0.136499 0.84489 -0.517231 -0.599106 -0.954123 0.252579 0.160787 -0.232075 0.266489 0.471555 0.840606 0.412216 0.31622 -0.384863 0.867113 0.400795 -0.930002 -0.306262 0.203222 -0.504304 0.187351 -0.87068 -0.45477 0.485867 
1534188932525 0.136299 0.844935 -0.517212 -0.59899 -0.954153 0.252403 0.160888 -0.232099 0.266486 0.47157 0.840599 0.412235 0.31622 -0.384863 0.867113 0.400795 -0.930002 -0.306262 0.203222 -0.504304 0.187351 -0.87068 -0.45477 0.485867 
1534188932542 0.136099 0.844979 -0.517192 -0.598875 -0.954183 0.252226 0.160989 -0.232124 0.266482 0.471585 0.840592 0.412254 0.31622 -0.384863 0.867113 0.400795 -0.930002 -0.306262 0.203222 -0.504304 0.187351 -0.87068 -0.45477 0.485867 
1534188932562 0.1359 0.845023 -0.517172 -0.598759 -0.954212 0.25205 0.16109 -0.232148 0.266478 0.4716 0.840585 0.412273 0.31622 -0.384863 0.867113 0.400795 -0.930002 -0.306262 0.203222 -0.504304 0.187351 -0.87068 -0.45477 0.485867 
1534188932617 0.1357 0.845068 -0.517152 -0.598644 -0.954242 0.251874 0.16119 -0.232173 0.266474 0.471615 0.840578 0.412292 0.31622 -0.384863 0.867113 0.400795 -0.930002 -0.306262 0.203222 -0.504304 0.187351 -0.87068 -0.45477 0.485867 
1534188932685 0.1355 0.845112 -0.517132 -0.598527 -0.954271 0.251698 0.161291 -0.232196 0.26647 0.47163 0.840571 0.412312 0.31622 -0.384863 0.867113 0.400795 -0.930002 -0.306262 0.203222 -0.504304 0.187351 -0.87068 -0.45477 0.485867 
1534188932709 0.1353 0.845156 -0.517112 -0.598412 -0.954301 0.251521 0.161392 -0.232221 0.266466 0.471644 0.840564 0.412331 0.31622 -0.384863 0.867113 0.400795 -0.930002 -0.306262 0.203222 -0.504304 0.187351 -0.87068 -0.45477 0.485867 
1534188932743 0.135763 0.845056 -0.517154 -0.598784 -0.954253 0.251892 0.161094 -0.2321 0.2664 0.471625 0.840595 0.412307 0.31622 -0.384863 0.867113 0.400795 -0.930002 -0.306262 0.203222 -0.504304 0.187351 -0.87068 -0.45477 0.485867 
1534188932756 0.135585 0.845039 -0.517229 -0.598692 -0.954266 0.251777 0.1612 -0.232123 0.266446 0.471718 0.840529 0.412334 0.31622 -0.384863 0.867113 0.400795 -0.930002 -0.306262 0.203222 -0.504304 0.187351 -0.87068 -0.45477 0.485867 
1534188932777 0.135407 0.84502 -0.517307 -0.598595 -0.954278 0.251663 0.161305 -0.232144 0.266492 0.471813 0.840461 0.412361 0.31622 -0.384863 0.867113 0.400795 -0.930002 -0.306262 0.203222 -0.504304 0.187351 -0.87068 -0.45477 0.485867 
1534188932794 0.135229 0.845001 -0.517384 -0.598498 -0.954291 0.251548 0.16141 -0.232164 0.266538 0.471907 0.840393 0.412388 0.31622 -0.384863 0.867113 0.400795 -0.930002 -0.306262 0.203222 -0.504304 0.187351 -0.87068 -0.45477 0.485867 
1534188932811 0.135052 0.844982 -0.517461 -0.598401 -0.954303 0.251434 0.161514 -0.232184 0.266584 0.472002 0.840326 0.412415 0.31622 -0.384863 0.867113 0.400795 -0.930002 -0.306262 0.203222 -0.504304 0.187351 -0.87068 -0.45477 0.485867 
1534188932827 0.134874 0.844963 -0.517538 -0.598304 -0.954315 0.25132 0.161619 -0.232204 0.26663 0.472096 0.840258 0.412442 0.31622 -0.384863 0.867113 0.400795 -0.930002 -0.306262 0.203222 -0.504304 0.187351 -0.87068 -0.45477 0.485867 
1534188932844 0.134697 0.844944 -0.517615 -0.598208 -0.954327 0.251206 0.161724 -0.232225 0.266676 0.472191 0.84019 0.412469 0.31622 -0.384863 0.867113 0.400795 -0.930002 -0.306262 0.203222 -0.504304 0.187351 -0.87068 -0.45477 0.485867 
1534188932886 0.134519 0.844925 -0.517693 -0.59811 -0.95434 0.251092 0.161828 -0.232245 0.266721 0.472286 0.840123 0.412497 0.31622 -0.384863 0.867113 0.400795 -0.930002 -0.306262 0.203222 -0.504304 0.187351 -0.87068 -0.45477 0.485867 
1534188932957 0.134342 0.844906 -0.51777 -0.598014 -0.954352 0.250978 0.161933 -0.232265 0.266767 0.47238 0.840055 0.412524 0.31622 -0.384863 0.867113 0.400795 -0.930002 -0.306262 0.203222 -0.504304 0.187351 -0.87068 -0.45477 0.485867 
1534188932963 0.134164 0.844888 -0.517847 -0.597918 -0.954364 0.250864 0.162038 -0.232286 0.266813 0.472475 0.839987 0.412551 0.31622 -0.384863 0.867113 0.400795 -0.930002 -0.306262 0.203222 -0.504304 0.187351 -0.87068 -0.45477 0.485867 
1534188933013 0.134916 0.84494 -0.517565 -0.59835 -0.954321 0.251341 0.161554 -0.232175 0.266589 0.472127 0.840254 0.412374 0.31622 -0.384863 0.867113 0.400795 -0.930002 -0.306262 0.203222 -0.504304 0.187351 -0.87068 -0.45477 0.485867 
1534188933029 0.134836 0.844922 -0.517616 -0.598259 -0.954352 0.251248 0.161516 -0.232195 0.266518 0.47221 0.84023 0.412374 0.31622 -0.384863 0.867113 0.400795 -0.930002 -0.306262 0.203222 -0.504304 0.187351 -0.87068 -0.45477 0.485867 
1534188933046 0.134758 0.844903 -0.517668 -0.598164 -0.954383 0.251155 0.161477 -0.232213 0.266447 0.472293 0.840206 0.412375 0.31622 -0.384863 0.867113 0.400795 -0.930002 -0.306262 0.203222 -0.504304 0.187351 -0.87068 -0.45477 0.485867 
1534188933067 0.134679 0.844884 -0.517719 -0.598069 -0.954414 0.251063 0.161438 -0.23223 0.266376 0.472376 0.840181 0.412376 0.31622 -0.384863 0.867113 0.400795 -0.930002 -0.306262 0.203222 -0.504304 0.187351 -0.87068 -0.45477 0.485867 
1534188933073 0.1346 0.844864 -0.517771 -0.597973 -0.954445 0.25097 0.161398 -0.232247 0.266305 0.47246 0.840157 0.412377 0.31622 -0.384863 0.867113 0.400795 -0.930002 -0.306262 0.203222 -0.504304 0.187351 -0.87068 -0.45477 0.485867 
1534188933087 0.134522 0.844845 -0.517823 -0.597877 -0.954476 0.250878 0.161359 -0.232264 0.266234 0.472543 0.840133 0.412379 0.31622 -0.384863 0.867113 0.400795 -0.930002 -0.306262 0.203222 -0.504304 0.187351 -0.87068 -0.45477 0.485867 
1534188933107 0.134443 0.844826 -0.517875 -0.597783 -0.954507 0.250785 0.16132 -0.232281 0.266162 0.472626 0.840108 0.41238 0.31622 -0.384863 0.867113 0.400795 -0.930002 -0.306262 0.203222 -0.504304 0.187351 -0.87068 -0.45477 0.485867 
1534188933123 0.134364 0.844807 -0.517926 -0.597686 -0.954537 0.250693 0.16128 -0.232298 0.266091 0.47271 0.840084 0.412381 0.31622 -0.384863 0.867113 0.400795 -0.930002 -0.306262 0.203222 -0.504304 0.187351 -0.87068 -0.45477 0.485867 
1534188933191 0.134285 0.844788 -0.517978 -0.597592 -0.954568 0.2506 0.161241 -0.232315 0.26602 0.472793 0.84006 0.412382 0.31622 -0.384863 0.867113 0.400795 -0.930002 -0.306262 0.203222 -0.504304 0.187351 -0.87068 -0.45477 0.485867 
1534188933262 0.134207 0.844768 -0.51803 -0.597495 -0.954599 0.250508 0.161202 -0.232331 0.265949 0.472877 0.840035 0.412384 0.31622 -0.384863 0.867113 0.400795 -0.930002 -0.306262 0.203222 -0.504304 0.187351 -0.87068 -0.45477 0.485867 
1534188933303 0.134323 0.84489 -0.517801 -0.597816 -0.954522 0.250673 0.161406 -0.232194 0.266169 0.472572 0.840137 0.412369 0.31622 -0.384863 0.867113 0.400795 -0.930002 -0.306262 0.203222 -0.504304 0.187351 -0.87068 -0.45477 0.485867 
1534188933314 0.134188 0.844826 -0.51794 -0.597752 -0.954521 0.250619 0.161494 -0.232219 0.26624 0.472714 0.840034 0.412374 0.31622 -0.384863 0.867113 0.400795 -0.930002 -0.306262 0.203222 -0.504304 0.187351 -0.87068 -0.45477 0.485867 
1534188933330 0.134053 0.844762 -0.518079 -0.597684 -0.95452 0.250565 0.161581 -0.232242 0.26631 0.472857 0.839932 0.41238 0.31622 -0.384863 0.867113 0.400795 -0.930002 -0.306262 0.203222 -0.504304 0.187351 -0.87068 -0.45477 0.485867 
1534188933349 0.133919 0.844699 -0.518218 -0.597616 -0.954519 0.250512 0.161668 -0.232265 0.26638 0.472999 0.839829 0.412386 0.31622 -0.384863 0.867113 0.400795 -0.930002 -0.306262 0.203222 -0.504304 0.187351 -0.87068 -0.45477 0.485867 
1534188933364 0.133784 0.844635 -0.518357 -0.597547 -0.954519 0.250459 0.161755 -0.232288 0.266451 0.473142 0.839727 0.412392 0.31622 -0.384863 0.867113 0.400795 -0.930002 -0.306262 0.203222 -0.504304 0.187351 -0.87068 -0.45477 0.485867 
1534188933380 0.133649 0.844571 -0.518496 -0.59748 -0.954518 0.250405 0.161842 -0.232312 0.266521 0.473284 0.839624 0.412398 0.31622 -0.384863 0.867113 0.400795 -0.930002 -0.306262 0.203222 -0.504304 0.187351 -0.87068 -0.45477 0.485867 
1534188933397 0.133515 0.844507 -0.518635 -0.597411 -0.954517 0.250352 0.161928 -0.232334 0.266591 0.473426 0.839522 0.412404 0.31622 -0.384863 0.867113 0.400795 -0.930002 -0.306262 0.203222 -0.504304 0.187351 -0.87068 -0.45477 0.485867 
1534188933414 0.13338 0.844443 -0.518774 -0.597344 -0.954517 0.250298 0.162015 -0.232357 0.266661 0.473569 0.839419 0.41241 0.31622 -0.384863 0.867113 0.400795 -0.930002 -0.306262 0.203222 -0.504304 0.187351 -0.87068 -0.45477 0.485867 
1534188933430 0.133245 0.844378 -0.518913 -0.597274 -0.954516 0.250245 0.162102 -0.232379 0.266731 0.473711 0.839317 0.412416 0.31622 -0.384863 0.867113 0.400795 -0.930002 -0.306262 0.203222 -0.504304 0.187351 -0.87068 -0.45477 0.485867 
1534188933505 0.133111 0.844314 -0.519052 -0.597207 -0.954515 0.250192 0.162189 -0.232402 0.266801 0.473854 0.839214 0.412422 0.31622 -0.384863 0.867113 0.400795 -0.930002 -0.306262 0.203222 -0.504304 0.187351 -0.87068 -0.45477 0.485867 
1534188933541 0.133556 0.844586 -0.518495 -0.597491 -0.954514 0.250355 0.161941 -0.232249 0.266581 0.473282 0.839606 0.4124 0.31622 -0.384863 0.867113 0.400795 -0.930002 -0.306262 0.203222 -0.504304 0.187351 -0.87068 -0.45477 0.485867 
1534188933554 0.133456 0.844663 -0.518395 -0.597386 -0.95452 0.250265 0.162045 -0.232285 0.26661 0.473193 0.839647 0.412408 0.31622 -0.384863 0.867113 0.400795 -0.930002 -0.306262 0.203222 -0.504304 0.187351 -0.87068 -0.45477 0.485867 
1534188933573 0.133356 0.84474 -0.518295 -0.597278 -0.954526 0.250175 0.16215 -0.232322 0.266639 0.473102 0.839689 0.412414 0.31622 -0.384863 0.867113 0.400795 -0.930002 -0.306262 0.203222 -0.504304 0.187351 -0.87068 -0.45477 0.485867 
1534188933579 0.133255 0.844818 -0.518195 -0.59717 -0.954532 0.250085 0.162255 -0.232361 0.266669 0.473012 0.839731 0.41242 0.31622 -0.384863 0.867113 0.400795 -0.930002 -0.306262 0.203222 -0.504304 0.187351 -0.87068 -0.45477 0.485867 
1534188933591 0.133155 0.844895 -0.518094 -0.597062 -0.954538 0.249995 0.16236 -0.232398 0.266698 0.472921 0.839772 0.412427 0.31622 -0.384863 0.867113 0.400795 -0.930002 -0.306262 0.203222 -0.504304 0.187351 -0.87068 -0.45477 0.485867 
1534188933608 0.133054 0.844973 -0.517994 -0.596953 -0.954543 0.249904 0.162465 -0.232437 0.266728 0.472831 0.839814 0.412433 0.31622 -0.384863 0.867113 0.400795 -0.930002 -0.306262 0.203222 -0.504304 0.187351 -0.87068 -0.45477 0.485867 
1534188933676 0.132954 0.84505 -0.517893 -0.596846 -0.954549 0.249814 0.16257 -0.232474 0.266757 0.47274 0.839856 0.412439 0.31622 -0.384863 0.867113 0.400795 -0.930002 -0.306262 0.203222 -0.504304 0.187351 -0.87068 -0.45477 0.485867 
1534188933701 0.132854 0.845127 -0.517793 -0.596738 -0.954555 0.249724 0.162675 -0.232512 0.266786 0.47265 0.839897 0.412446 0.31622 -0.384863 0.867113 0.400795 -0.930002 -0.306262 0.203222 -0.504304 0.187351 -0.87068 -0.45477 0.485867 
1534188933720 0.132754 0.845205 -0.517692 -0.596631 -0.954561 0.249633 0.16278 -0.232549 0.266816 0.472559 0.839939 0.412452 0.31622 -0.384863 0.867113 0.400795 -0.930002 -0.306262 0.203222 -0.504304 0.187351 -0.87068 -0.45477 0.485867 
1534188933776 0.132653 0.845282 -0.517592 -0.596522 -0.954566 0.249543 0.162885 -0.232588 0.266845 0.472468 0.83998 0.412458 0.31622 -0.384863 0.867113 0.400795 -0.930002 -0.306262 0.203222 -0.504304 0.187351 -0.87068 -0.45477 0.485867 
1534188933825 0.132949 0.845088 -0.517833 -0.596902 -0.954555 0.249788 0.162574 -0.232429 0.266737 0.472686 0.839892 0.412491 0.31622 -0.384863 0.867113 0.400795 -0.930002 -0.306262 0.203222 -0.504304 0.187351 -0.87068 -0.45477 0.485867 
1534188933836 0.132755 0.845174 -0.517743 -0.596727 -0.954601 0.249573 0.162637 -0.232483 0.266671 0.472647 0.839935 0.412497 0.31622 -0.384863 0.867113 0.400795 -0.930002 -0.306262 0.203222 -0.504304 0.187351 -0.87068 -0.45477 0.485867 
1534188933853 0.132562 0.845259 -0.517653 -0.59655 -0.954646 0.249358 0.1627 -0.232537 0.266605 0.472608 0.839978 0.412502 0.31622 -0.384863 0.867113 0.400795 -0.930002 -0.306262 0.203222 -0.504304 0.187351 -0.87068 -0.45477 0.485867 
1534188933869 0.13237 0.845344 -0.517564 -0.596371 -0.954691 0.249144 0.162763 -0.232591 0.266538 0.472569 0.840021 0.412508 0.31622 -0.384863 0.867113 0.400795 -0.930002 -0.306262 0.203222 -0.504304 0.187351 -0.87068 -0.45477 0.485867 
1534188933886 0.132178 0.845428 -0.517475 -0.596192 -0.954737 0.24893 0.162825 -0.232644 0.266472 0.47253 0.840064 0.412514 0.31622 -0.384863 0.867113 0.400795 -0.930002 -0.306262 0.203222 -0.504304 0.187351 -0.87068 -0.45477 0.485867 
1534188933893 0.131985 0.845513 -0.517385 -0.596015 -0.954782 0.248716 0.162887 -0.232698 0.266405 0.472491 0.840107 0.41252 0.31622 -0.384863 0.867113 0.400795 -0.930002 -0.306262 0.203222 -0.504304 0.187351 -0.87068 -0.45477 0.485867 
1534188934039 0.131793 0.845598 -0.517296 -0.595836 -0.954827 0.248502 0.162949 -0.232751 0.266339 0.472452 0.84015 0.412525 0.31622 -0.384863 0.867113 0.400795 -0.930002 -0.306262 0.203222 -0.504304 0.187351 -0.87068 -0.45477 0.485867 
1534188934071 0.1316 0.845683 -0.517206 -0.595658 -0.954872 0.248287 0.163012 -0.232804 0.266272 0.472413 0.840193 0.412531 0.31622 -0.384863 0.867113 0.400795 -0.930002 -0.306262 0.203222 -0.504304 0.187351 -0.87068 -0.45477 0.485867 
