1534185236449 0.342556 0.903409 -0.257891 -0.531702 -0.929732 0.365449 0.0452329 -0.183812 0.13511 0.224275 0.965115 0.345144 0.16008 -0.304787 0.938871 0.370831 -0.775623 0.549475 0.310623 -0.528794 -0.61056 -0.777934 -0.14844 0.432481 
1534185236460 0.342034 0.903605 -0.257897 -0.537129 -0.929727 0.365269 0.0467636 -0.183782 0.136458 0.223779 0.96504 0.345183 0.316241 -0.38488 0.867098 0.400864 -0.930001 -0.306251 0.203246 -0.504429 0.187325 -0.870677 -0.454788 0.485926 
1534185236911 0.341512 0.903801 -0.257902 -0.542556 -0.92972 0.365087 0.0482946 -0.183752 0.137805 0.223284 0.964963 0.345222 0.316241 -0.38488 0.867098 0.400864 -0.930001 -0.306251 0.203246 -0.504429 0.187325 -0.870677 -0.454788 0.485926 
1534185237358 0.34099 0.903997 -0.257907 -0.547983 -0.929711 0.364904 0.0498255 -0.183722 0.139153 0.222789 0.964884 0.34526 0.316241 -0.38488 0.867098 0.400864 -0.930001 -0.306251 0.203246 -0.504429 0.187325 -0.870677 -0.454788 0.485926 
1534185237814 0.340468 0.904193 -0.25791 -0.55341 -0.9297 0.364721 0.0513562 -0.183692 0.140501 0.222294 0.964803 0.345299 0.316241 -0.38488 0.867098 0.400864 -0.930001 -0.306251 0.203246 -0.504429 0.187325 -0.870677 -0.454788 0.485926 
1534185237821 0.339945 0.904388 -0.257913 -0.558836 -0.929686 0.364537 0.0528868 -0.183662 0.141849 0.221799 0.96472 0.345338 0.316241 -0.38488 0.867098 0.400864 -0.930001 -0.306251 0.203246 -0.504429 0.187325 -0.870677 -0.454788 0.485926 
1534185238456 0.339423 0.904584 -0.257915 -0.564261 -0.92967 0.364352 0.0544173 -0.183631 0.143197 0.221305 0.964634 0.345378 0.316241 -0.38488 0.867098 0.400864 -0.930001 -0.306251 0.203246 -0.504429 0.187325 -0.870677 -0.454788 0.485926 
1534185238913 0.338901 0.904779 -0.257916 -0.569686 -0.929652 0.364166 0.0559476 -0.183601 0.144545 0.220812 0.964546 0.345417 0.316241 -0.38488 0.867098 0.400864 -0.930001 -0.306251 0.203246 -0.504429 0.187325 -0.870677 -0.454788 0.485926 
1534185239373 0.338379 0.904975 -0.257917 -0.575111 -0.929632 0.363979 0.0574777 -0.18357 0.145892 0.220318 0.964456 0.345456 0.316241 -0.38488 0.867098 0.400864 -0.930001 -0.306251 0.203246 -0.504429 0.187325 -0.870677 -0.454788 0.485926 
1534185239845 0.337915 0.905115 -0.258031 -0.579914 -0.929585 0.363861 0.0589666 -0.183306 0.147259 0.219936 0.964335 0.345659 0.316531 -0.385118 0.866887 0.401814 -0.929976 -0.306103 0.20358 -0.50615 0.186955 -0.870623 -0.455042 0.486735 
1534185240294 0.338227 0.90488 -0.258448 -0.579621 -0.929454 0.364217 0.0588339 -0.183323 0.147369 0.220316 0.964232 0.345409 0.316531 -0.385118 0.866887 0.401814 -0.929976 -0.306103 0.20358 -0.50615 0.186955 -0.870623 -0.455042 0.486735 
1534185240307 0.338139 0.904928 -0.258394 -0.580258 -0.929467 0.364157 0.0590041 -0.183343 0.14749 0.220217 0.964236 0.345421 0.316221 -0.384863 0.867113 0.400797 -0.930002 -0.306262 0.203223 -0.504308 0.187351 -0.87068 -0.45477 0.485869 
1534185240453 0.338051 0.904976 -0.25834 -0.580894 -0.929479 0.364097 0.0591753 -0.183362 0.147613 0.220118 0.96424 0.345433 0.316221 -0.384863 0.867113 0.400797 -0.930002 -0.306262 0.203223 -0.504308 0.187351 -0.87068 -0.45477 0.485869 
1534185240460 0.337963 0.905024 -0.258286 -0.581531 -0.929492 0.364037 0.0593466 -0.183382 0.147736 0.220018 0.964244 0.345445 0.316221 -0.384863 0.867113 0.400797 -0.930002 -0.306262 0.203223 -0.504308 0.187351 -0.87068 -0.45477 0.485869 
1534185240694 0.337875 0.905073 -0.258231 -0.582167 -0.929504 0.363977 0.059518 -0.183402 0.147858 0.219917 0.964248 0.345457 0.316221 -0.384863 0.867113 0.400797 -0.930002 -0.306262 0.203223 -0.504308 0.187351 -0.87068 -0.45477 0.485869 
1534185240864 0.337787 0.905121 -0.258178 -0.582804 -0.929517 0.363918 0.0596891 -0.183421 0.147981 0.219818 0.964252 0.345468 0.316221 -0.384863 0.867113 0.400797 -0.930002 -0.306262 0.203223 -0.504308 0.187351 -0.87068 -0.45477 0.485869 
1534185240871 0.3377 0.905169 -0.258123 -0.58344 -0.929529 0.363858 0.0598603 -0.183441 0.148104 0.219718 0.964256 0.34548 0.316221 -0.384863 0.867113 0.400797 -0.930002 -0.306262 0.203223 -0.504308 0.187351 -0.87068 -0.45477 0.485869 
1534185241105 0.337611 0.905218 -0.258069 -0.584077 -0.929542 0.363798 0.0600317 -0.18346 0.148226 0.219618 0.96426 0.345492 0.316221 -0.384863 0.867113 0.400797 -0.930002 -0.306262 0.203223 -0.504308 0.187351 -0.87068 -0.45477 0.485869 
1534185241278 0.337523 0.905266 -0.258014 -0.584714 -0.929554 0.363738 0.0602029 -0.18348 0.148349 0.219518 0.964264 0.345504 0.316221 -0.384863 0.867113 0.400797 -0.930002 -0.306262 0.203223 -0.504308 0.187351 -0.87068 -0.45477 0.485869 
1534185241445 0.337435 0.905314 -0.25796 -0.58535 -0.929566 0.363678 0.0603741 -0.1835 0.148472 0.219419 0.964267 0.345516 0.316221 -0.384863 0.867113 0.400797 -0.930002 -0.306262 0.203223 -0.504308 0.187351 -0.87068 -0.45477 0.485869 
1534185241618 0.337449 0.905259 -0.258136 -0.585088 -0.929573 0.363685 0.0602201 -0.183455 0.148395 0.219635 0.96423 0.345457 0.316221 -0.384863 0.867113 0.400797 -0.930002 -0.306262 0.203223 -0.504308 0.187351 -0.87068 -0.45477 0.485869 
1534185241632 0.337633 0.90511 -0.258417 -0.585134 -0.929573 0.363783 0.0596277 -0.183487 0.147977 0.220085 0.964192 0.345395 0.316221 -0.384863 0.867113 0.400795 -0.930002 -0.306262 0.203223 -0.504305 0.187351 -0.87068 -0.45477 0.485867 
1534185241648 0.337818 0.904961 -0.258697 -0.585179 -0.929572 0.363882 0.0590348 -0.183517 0.147559 0.220534 0.964153 0.345336 0.31622 -0.384863 0.867113 0.400795 -0.930002 -0.306262 0.203222 -0.504305 0.187352 -0.87068 -0.454769 0.485867 
1534185241665 0.338004 0.904812 -0.258977 -0.585223 -0.929571 0.363981 0.0584417 -0.183546 0.147141 0.220984 0.964114 0.345277 0.31622 -0.384863 0.867113 0.400795 -0.930002 -0.306262 0.203222 -0.504304 0.187352 -0.87068 -0.454769 0.485867 
1534185241756 0.33819 0.904662 -0.259257 -0.585266 -0.92957 0.364079 0.0578485 -0.183575 0.146724 0.221434 0.964074 0.345217 0.31622 -0.384863 0.867113 0.400795 -0.930002 -0.306262 0.203222 -0.504304 0.187351 -0.87068 -0.454769 0.485867 
1534185241779 0.338376 0.904512 -0.259537 -0.585309 -0.929568 0.364177 0.0572553 -0.183604 0.146306 0.221884 0.964034 0.345158 0.31622 -0.384863 0.867113 0.400795 -0.930002 -0.306262 0.203222 -0.504304 0.187351 -0.87068 -0.454769 0.485867 
1534185241810 0.338561 0.904362 -0.259817 -0.585354 -0.929566 0.364275 0.0566622 -0.183634 0.145888 0.222333 0.963994 0.345099 0.31622 -0.384863 0.867113 0.400795 -0.930002 -0.306262 0.203222 -0.504304 0.187351 -0.87068 -0.454769 0.485867 
1534185241882 0.338747 0.904212 -0.260096 -0.585398 -0.929564 0.364373 0.056069 -0.183664 0.14547 0.222783 0.963953 0.345039 0.31622 -0.384863 0.867113 0.400795 -0.930002 -0.306262 0.203222 -0.504304 0.187351 -0.87068 -0.454769 0.485867 
1534185241912 0.338933 0.904062 -0.260376 -0.585441 -0.929561 0.36447 0.0554757 -0.183693 0.145053 0.223233 0.963912 0.34498 0.31622 -0.384863 0.867113 0.400795 -0.930002 -0.306262 0.203222 -0.504304 0.187351 -0.87068 -0.454769 0.485867 
1534185241950 0.339119 0.903912 -0.260655 -0.585485 -0.929558 0.364567 0.0548824 -0.183722 0.144635 0.223683 0.963871 0.34492 0.31622 -0.384863 0.867113 0.400795 -0.930002 -0.306262 0.203222 -0.504304 0.187351 -0.87068 -0.454769 0.485867 
1534185242005 0.33867 0.904265 -0.260016 -0.585346 -0.92956 0.364342 0.0563357 -0.183662 0.145677 0.222621 0.96396 0.345048 0.31622 -0.384863 0.867113 0.400795 -0.930002 -0.306262 0.203222 -0.504304 0.187351 -0.87068 -0.454769 0.485867 
1534185242018 0.338977 0.904182 -0.259904 -0.585406 -0.929565 0.364453 0.0555198 -0.18368 0.144923 0.222778 0.964037 0.345045 0.31622 -0.384863 0.867113 0.400795 -0.930002 -0.306262 0.203222 -0.504304 0.187351 -0.87068 -0.454769 0.485867 
1534185242034 0.339286 0.904098 -0.259791 -0.58547 -0.92957 0.364564 0.0547021 -0.183696 0.144166 0.222934 0.964114 0.345043 0.31622 -0.384863 0.867113 0.400795 -0.930002 -0.306262 0.203222 -0.504304 0.187351 -0.87068 -0.454769 0.485867 
1534185242051 0.339595 0.904015 -0.259678 -0.585534 -0.929574 0.364675 0.0538847 -0.183712 0.143411 0.223091 0.964191 0.345041 0.31622 -0.384863 0.867113 0.400795 -0.930002 -0.306262 0.203222 -0.504304 0.187351 -0.87068 -0.454769 0.485867 
1534185242068 0.339904 0.903931 -0.259565 -0.5856 -0.929578 0.364786 0.0530668 -0.183729 0.142654 0.223248 0.964267 0.345039 0.31622 -0.384863 0.867113 0.400795 -0.930002 -0.306262 0.203222 -0.504304 0.187351 -0.87068 -0.454769 0.485867 
1534185242104 0.340213 0.903848 -0.259451 -0.585665 -0.929581 0.364897 0.0522491 -0.183746 0.141898 0.223404 0.964342 0.345037 0.31622 -0.384863 0.867113 0.400795 -0.930002 -0.306262 0.203222 -0.504304 0.187351 -0.87068 -0.454769 0.485867 
1534185242176 0.340521 0.903764 -0.259336 -0.585729 -0.929583 0.365008 0.0514315 -0.183763 0.141142 0.223561 0.964417 0.345035 0.31622 -0.384863 0.867113 0.400795 -0.930002 -0.306262 0.203222 -0.504304 0.187351 -0.87068 -0.454769 0.485867 
1534185242183 0.34083 0.903681 -0.259221 -0.585792 -0.929584 0.365118 0.0506139 -0.18378 0.140385 0.223717 0.964491 0.345033 0.31622 -0.384863 0.867113 0.400795 -0.930002 -0.306262 0.203222 -0.504304 0.187351 -0.87068 -0.454769 0.485867 
1534185242234 0.341138 0.903598 -0.259107 -0.585858 -0.929585 0.365228 0.0497963 -0.183797 0.139629 0.223874 0.964564 0.34503 0.31622 -0.384863 0.867113 0.400795 -0.930002 -0.306262 0.203222 -0.504304 0.187351 -0.87068 -0.454769 0.485867 
1534185242288 0.341446 0.903514 -0.258992 -0.585922 -0.929585 0.365339 0.0489786 -0.183814 0.138872 0.224031 0.964637 0.345028 0.31622 -0.384863 0.867113 0.400795 -0.930002 -0.306262 0.203222 -0.504304 0.187351 -0.87068 -0.454769 0.485867 
1534185242334 0.340665 0.903718 -0.259307 -0.585773 -0.929583 0.365061 0.0510418 -0.183768 0.14079 0.22366 0.964445 0.345045 0.31622 -0.384863 0.867113 0.400795 -0.930002 -0.306262 0.203222 -0.504304 0.187351 -0.87068 -0.454769 0.485867 
1534185242349 0.340866 0.903683 -0.259165 -0.58581 -0.929601 0.365103 0.050424 -0.183752 0.140189 0.223732 0.964516 0.345058 0.31622 -0.384863 0.867113 0.400795 -0.930002 -0.306262 0.203222 -0.504304 0.187351 -0.87068 -0.454769 0.485867 
1534185242366 0.341066 0.903648 -0.259024 -0.58585 -0.929618 0.365144 0.0498056 -0.183735 0.139588 0.223806 0.964586 0.345073 0.31622 -0.384863 0.867113 0.400795 -0.930002 -0.306262 0.203222 -0.504304 0.187351 -0.87068 -0.454769 0.485867 
1534185242383 0.341268 0.903613 -0.258881 -0.585888 -0.929634 0.365187 0.0491862 -0.183719 0.138985 0.223879 0.964656 0.345087 0.31622 -0.384863 0.867113 0.400795 -0.930002 -0.306262 0.203222 -0.504304 0.187351 -0.87068 -0.454769 0.485867 
1534185242399 0.341468 0.903578 -0.25874 -0.585929 -0.92965 0.365228 0.0485675 -0.183702 0.138384 0.223953 0.964725 0.345101 0.31622 -0.384863 0.867113 0.400795 -0.930002 -0.306262 0.203222 -0.504304 0.187351 -0.87068 -0.454769 0.485867 
1534185242416 0.341669 0.903543 -0.258598 -0.585968 -0.929666 0.36527 0.0479486 -0.183685 0.137782 0.224027 0.964794 0.345115 0.31622 -0.384863 0.867113 0.400795 -0.930002 -0.306262 0.203222 -0.504304 0.187351 -0.87068 -0.454769 0.485867 
1534185242432 0.34187 0.903508 -0.258455 -0.586006 -0.929681 0.365312 0.0473292 -0.183669 0.137179 0.2241 0.964863 0.345129 0.31622 -0.384863 0.867113 0.400795 -0.930002 -0.306262 0.203222 -0.504304 0.187351 -0.87068 -0.454769 0.485867 
1534185242450 0.34207 0.903473 -0.258313 -0.586048 -0.929696 0.365354 0.0467102 -0.183652 0.136577 0.224174 0.964931 0.345143 0.31622 -0.384863 0.867113 0.400795 -0.930002 -0.306262 0.203222 -0.504304 0.187351 -0.87068 -0.454769 0.485867 
1534185242554 0.34227 0.903437 -0.25817 -0.586087 -0.929711 0.365395 0.0460913 -0.183635 0.135975 0.224248 0.964999 0.345157 0.31622 -0.384863 0.867113 0.400795 -0.930002 -0.306262 0.203222 -0.504304 0.187351 -0.87068 -0.454769 0.485867 
1534185242571 0.34247 0.903402 -0.258028 -0.586126 -0.929725 0.365437 0.0454723 -0.183619 0.135373 0.224322 0.965067 0.345171 0.31622 -0.384863 0.867113 0.400795 -0.930002 -0.306262 0.203222 -0.504304 0.187351 -0.87068 -0.454769 0.485867 
1534185242595 0.341801 0.903553 -0.258388 -0.585972 -0.929674 0.365295 0.0476021 -0.183693 0.137399 0.223946 0.964868 0.345225 0.31622 -0.384863 0.867113 0.400795 -0.930002 -0.306262 0.203222 -0.504304 0.187351 -0.87068 -0.454769 0.485867 
1534185242607 0.341831 0.903494 -0.258555 -0.585985 -0.929698 0.365276 0.0472825 -0.18369 0.137163 0.224215 0.964839 0.345254 0.31622 -0.384863 0.867113 0.400795 -0.930002 -0.306262 0.203222 -0.504304 0.187351 -0.87068 -0.45477 0.485867 
1534185242624 0.341861 0.903434 -0.258723 -0.585995 -0.929722 0.365257 0.0469619 -0.183686 0.136927 0.224486 0.964809 0.345284 0.31622 -0.384863 0.867113 0.400795 -0.930002 -0.306262 0.203222 -0.504304 0.187351 -0.87068 -0.45477 0.485867 
1534185242641 0.341891 0.903375 -0.258892 -0.586005 -0.929745 0.365237 0.0466413 -0.183682 0.136692 0.224757 0.96478 0.345315 0.31622 -0.384863 0.867113 0.400795 -0.930002 -0.306262 0.203222 -0.504304 0.187351 -0.87068 -0.45477 0.485867 
1534185242657 0.341921 0.903315 -0.259061 -0.586014 -0.929769 0.365218 0.0463206 -0.183677 0.136456 0.225029 0.96475 0.345346 0.31622 -0.384863 0.867113 0.400795 -0.930002 -0.306262 0.203222 -0.504304 0.187351 -0.87068 -0.45477 0.485867 
1534185242713 0.341951 0.903255 -0.25923 -0.586022 -0.929792 0.365199 0.0459999 -0.183672 0.13622 0.2253 0.96472 0.345376 0.31622 -0.384863 0.867113 0.400795 -0.930002 -0.306262 0.203222 -0.504304 0.187351 -0.87068 -0.45477 0.485867 
1534185242730 0.341981 0.903195 -0.259398 -0.586032 -0.929816 0.36518 0.0456794 -0.183668 0.135984 0.225571 0.96469 0.345407 0.31622 -0.384863 0.867113 0.400795 -0.930002 -0.306262 0.203222 -0.504304 0.187351 -0.87068 -0.45477 0.485867 
1534185242764 0.342012 0.903135 -0.259567 -0.586041 -0.929839 0.36516 0.0453587 -0.183663 0.135749 0.225842 0.964659 0.345437 0.31622 -0.384863 0.867113 0.400795 -0.930002 -0.306262 0.203222 -0.504304 0.187351 -0.87068 -0.45477 0.485867 
1534185242801 0.342042 0.903075 -0.259735 -0.586051 -0.929862 0.365141 0.0450381 -0.183659 0.135513 0.226113 0.964629 0.345468 0.31622 -0.384863 0.867113 0.400795 -0.930002 -0.306262 0.203222 -0.504304 0.187351 -0.87068 -0.45477 0.485867 
1534185242839 0.342072 0.903015 -0.259904 -0.58606 -0.929885 0.365121 0.0447175 -0.183654 0.135277 0.226384 0.964599 0.345498 0.31622 -0.384863 0.867113 0.400795 -0.930002 -0.306262 0.203222 -0.504304 0.187351 -0.87068 -0.45477 0.485867 
1534185242869 0.341879 0.903227 -0.259424 -0.586013 -0.929829 0.365122 0.0458664 -0.183665 0.136149 0.225539 0.964674 0.345409 0.31622 -0.384863 0.867113 0.400795 -0.930002 -0.306262 0.203222 -0.504304 0.187351 -0.87068 -0.45477 0.485867 
1534185242883 0.341919 0.90321 -0.259429 -0.586018 -0.929848 0.365106 0.0456194 -0.18366 0.135923 0.225631 0.964684 0.345417 0.31622 -0.384863 0.867113 0.400795 -0.930002 -0.306262 0.203222 -0.504304 0.187351 -0.87068 -0.45477 0.485867 
1534185242899 0.341959 0.903193 -0.259434 -0.586023 -0.929866 0.365091 0.0453727 -0.183654 0.135697 0.225723 0.964694 0.345426 0.31622 -0.384863 0.867113 0.400795 -0.930002 -0.306262 0.203222 -0.504304 0.187351 -0.87068 -0.45477 0.485867 
1534185242916 0.341999 0.903176 -0.25944 -0.586027 -0.929884 0.365075 0.045126 -0.183647 0.135472 0.225816 0.964704 0.345436 0.31622 -0.384863 0.867113 0.400795 -0.930002 -0.306262 0.203222 -0.504304 0.187351 -0.87068 -0.45477 0.485867 
1534185242933 0.342039 0.903159 -0.259445 -0.586032 -0.929902 0.365059 0.0448794 -0.183641 0.135246 0.225908 0.964714 0.345445 0.31622 -0.384863 0.867113 0.400795 -0.930002 -0.306262 0.203222 -0.504304 0.187351 -0.87068 -0.45477 0.485867 
1534185242949 0.34208 0.903142 -0.259451 -0.586036 -0.92992 0.365044 0.0446326 -0.183633 0.135021 0.226001 0.964724 0.345455 0.31622 -0.384863 0.867113 0.400795 -0.930002 -0.306262 0.203222 -0.504304 0.187351 -0.87068 -0.45477 0.485867 
1534185242956 0.34212 0.903126 -0.259457 -0.58604 -0.929938 0.365028 0.044386 -0.183627 0.134795 0.226093 0.964734 0.345465 0.31622 -0.384863 0.867113 0.400795 -0.930002 -0.306262 0.203222 -0.504304 0.187351 -0.87068 -0.45477 0.485867 
1534185242970 0.34216 0.903109 -0.259463 -0.586043 -0.929955 0.365013 0.0441392 -0.183619 0.13457 0.226186 0.964744 0.345475 0.31622 -0.384863 0.867113 0.400795 -0.930002 -0.306262 0.203222 -0.504304 0.187351 -0.87068 -0.45477 0.485867 
1534185242986 0.342201 0.903092 -0.259468 -0.586048 -0.929973 0.364997 0.0438926 -0.183613 0.134344 0.226279 0.964754 0.345484 0.31622 -0.384863 0.867113 0.400795 -0.930002 -0.306262 0.203222 -0.504304 0.187351 -0.87068 -0.45477 0.485867 
1534185243003 0.342241 0.903075 -0.259474 -0.586052 -0.929991 0.364982 0.043646 -0.183606 0.134119 0.226371 0.964763 0.345494 0.31622 -0.384863 0.867113 0.400795 -0.930002 -0.306262 0.203222 -0.504304 0.187351 -0.87068 -0.45477 0.485867 
1534185243028 0.341963 0.903126 -0.259664 -0.58605 -0.929918 0.365017 0.0448992 -0.183619 0.135332 0.226112 0.964655 0.345496 0.31622 -0.384863 0.867113 0.400795 -0.930002 -0.306262 0.203222 -0.504304 0.187351 -0.87068 -0.45477 0.485867 
1534185243040 0.341943 0.903135 -0.259659 -0.586056 -0.929882 0.365069 0.045212 -0.183647 0.135626 0.225992 0.964642 0.345507 0.31622 -0.384863 0.867113 0.400795 -0.930002 -0.306262 0.203222 -0.504304 0.187351 -0.87068 -0.45477 0.485867 
1534185243056 0.341921 0.903145 -0.259652 -0.586064 -0.929847 0.365119 0.0455244 -0.183677 0.135919 0.225871 0.964628 0.345517 0.31622 -0.384863 0.867113 0.400795 -0.930002 -0.306262 0.203222 -0.504304 0.187351 -0.87068 -0.45477 0.485867 
1534185243073 0.341899 0.903155 -0.259646 -0.586073 -0.929812 0.365168 0.0458369 -0.183708 0.136212 0.225751 0.964615 0.345527 0.31622 -0.384863 0.867113 0.400795 -0.930002 -0.306262 0.203222 -0.504304 0.187351 -0.87068 -0.45477 0.485867 
1534185243090 0.341878 0.903165 -0.25964 -0.586082 -0.929777 0.365218 0.0461494 -0.183738 0.136506 0.22563 0.964602 0.345537 0.31622 -0.384863 0.867113 0.400795 -0.930002 -0.306262 0.203222 -0.504304 0.187351 -0.87068 -0.45477 0.485867 
1534185243106 0.341856 0.903175 -0.259633 -0.586092 -0.929742 0.365268 0.0464619 -0.183769 0.136799 0.225508 0.964589 0.345546 0.31622 -0.384863 0.867113 0.400795 -0.930002 -0.306262 0.203222 -0.504304 0.187351 -0.87068 -0.45477 0.485867 
1534185243208 0.341834 0.903185 -0.259627 -0.5861 -0.929707 0.365318 0.0467742 -0.183799 0.137092 0.225388 0.964576 0.345556 0.31622 -0.384863 0.867113 0.400795 -0.930002 -0.306262 0.203222 -0.504304 0.187351 -0.87068 -0.45477 0.485867 
1534185243226 0.341812 0.903195 -0.25962 -0.58611 -0.929672 0.365367 0.0470867 -0.18383 0.137385 0.225267 0.964562 0.345566 0.31622 -0.384863 0.867113 0.400795 -0.930002 -0.306262 0.203222 -0.504304 0.187351 -0.87068 -0.45477 0.485867 
1534185243242 0.341791 0.903205 -0.259614 -0.586119 -0.929636 0.365417 0.0473991 -0.18386 0.137678 0.225146 0.964549 0.345576 0.31622 -0.384863 0.867113 0.400795 -0.930002 -0.306262 0.203222 -0.504304 0.187351 -0.87068 -0.45477 0.485867 
1534185243258 0.341769 0.903215 -0.259607 -0.586127 -0.929601 0.365467 0.0477115 -0.18389 0.137972 0.225025 0.964535 0.345585 0.31622 -0.384863 0.867113 0.400795 -0.930002 -0.306262 0.203222 -0.504304 0.187351 -0.87068 -0.45477 0.485867 
1534185243280 0.34184 0.903217 -0.259507 -0.586055 -0.92978 0.365194 0.0462933 -0.183754 0.136583 0.22546 0.964631 0.345535 0.31622 -0.384863 0.867113 0.400795 -0.930002 -0.306262 0.203222 -0.504304 0.187351 -0.87068 -0.45477 0.485867 
1534185243295 0.341977 0.903181 -0.259452 -0.586058 -0.929751 0.365289 0.0461298 -0.183739 0.136438 0.22545 0.964654 0.345528 0.31622 -0.384863 0.867113 0.400795 -0.930002 -0.306262 0.203222 -0.504304 0.187351 -0.87068 -0.45477 0.485867 
1534185243312 0.342115 0.903145 -0.259396 -0.586061 -0.929721 0.365384 0.0459658 -0.183721 0.136293 0.225441 0.964676 0.345521 0.31622 -0.384863 0.867113 0.400795 -0.930002 -0.306262 0.203222 -0.504304 0.187351 -0.87068 -0.45477 0.485867 
1534185243328 0.342253 0.903109 -0.259341 -0.586064 -0.929692 0.36548 0.0458017 -0.183703 0.136148 0.225431 0.964699 0.345515 0.31622 -0.384863 0.867113 0.400795 -0.930002 -0.306262 0.203222 -0.504304 0.187351 -0.87068 -0.45477 0.485867 
1534185243345 0.342391 0.903072 -0.259286 -0.586067 -0.929662 0.365575 0.0456378 -0.183686 0.136003 0.225422 0.964722 0.345508 0.31622 -0.384863 0.867113 0.400795 -0.930002 -0.306262 0.203222 -0.504304 0.187351 -0.87068 -0.45477 0.485867 
1534185243435 0.342528 0.903036 -0.25923 -0.58607 -0.929633 0.365671 0.045474 -0.183669 0.135858 0.225413 0.964744 0.345502 0.31622 -0.384863 0.867113 0.400795 -0.930002 -0.306262 0.203222 -0.504304 0.187351 -0.87068 -0.45477 0.485867 
1534185243452 0.342667 0.902999 -0.259175 -0.586071 -0.929603 0.365767 0.0453098 -0.18365 0.135712 0.225404 0.964767 0.345496 0.31622 -0.384863 0.867113 0.400795 -0.930002 -0.306262 0.203222 -0.504304 0.187351 -0.87068 -0.45477 0.485867 
1534185243468 0.342804 0.902963 -0.259119 -0.586074 -0.929573 0.365862 0.0451459 -0.183633 0.135567 0.225394 0.96479 0.345489 0.31622 -0.384863 0.867113 0.400795 -0.930002 -0.306262 0.203222 -0.504304 0.187351 -0.87068 -0.45477 0.485867 
1534185243485 0.342942 0.902926 -0.259064 -0.586075 -0.929544 0.365958 0.0449818 -0.183614 0.135422 0.225385 0.964812 0.345483 0.31622 -0.384863 0.867113 0.400795 -0.930002 -0.306262 0.203222 -0.504304 0.187351 -0.87068 -0.45477 0.485867 
1534185243502 0.34308 0.90289 -0.259009 -0.586078 -0.929514 0.366054 0.0448179 -0.183597 0.135277 0.225376 0.964835 0.345477 0.31622 -0.384863 0.867113 0.400795 -0.930002 -0.306262 0.203222 -0.504304 0.187351 -0.87068 -0.45477 0.485867 
1534185243526 0.342411 0.903081 -0.259229 -0.586062 -0.929686 0.365541 0.0454353 -0.183672 0.135791 0.225444 0.964746 0.345497 0.31622 -0.384863 0.867113 0.400795 -0.930002 -0.306262 0.203222 -0.504304 0.187351 -0.87068 -0.45477 0.485867 
1534185243538 0.342179 0.903081 -0.259537 -0.586044 -0.929755 0.365359 0.0454908 -0.183692 0.135906 0.22574 0.964661 0.345511 0.31622 -0.384863 0.867113 0.400795 -0.930002 -0.306262 0.203222 -0.504304 0.187351 -0.87068 -0.45477 0.485867 
1534185243555 0.341946 0.90308 -0.259845 -0.586022 -0.929823 0.365178 0.0455461 -0.183712 0.136021 0.226036 0.964576 0.345526 0.31622 -0.384863 0.867113 0.400795 -0.930002 -0.306262 0.203222 -0.504304 0.187351 -0.87068 -0.45477 0.485867 
1534185243572 0.341714 0.903079 -0.260153 -0.585999 -0.929892 0.364996 0.0456014 -0.183731 0.136137 0.226332 0.96449 0.345541 0.31622 -0.384863 0.867113 0.400795 -0.930002 -0.306262 0.203222 -0.504304 0.187351 -0.87068 -0.45477 0.485867 
1534185243681 0.341482 0.903078 -0.260461 -0.585979 -0.92996 0.364815 0.045657 -0.183751 0.136252 0.226628 0.964404 0.345556 0.31622 -0.384863 0.867113 0.400795 -0.930002 -0.306262 0.203222 -0.504304 0.187351 -0.87068 -0.45477 0.485867 
1534185243696 0.341249 0.903077 -0.26077 -0.585956 -0.930028 0.364633 0.0457124 -0.18377 0.136367 0.226924 0.964318 0.345571 0.31622 -0.384863 0.867113 0.400795 -0.930002 -0.306262 0.203222 -0.504304 0.187351 -0.87068 -0.45477 0.485867 
1534185243712 0.341017 0.903076 -0.261078 -0.585934 -0.930097 0.364452 0.045768 -0.183789 0.136482 0.22722 0.964232 0.345586 0.31622 -0.384863 0.867113 0.400795 -0.930002 -0.306262 0.203222 -0.504304 0.187351 -0.87068 -0.45477 0.485867 
1534185243729 0.340784 0.903074 -0.261386 -0.585911 -0.930165 0.36427 0.0458236 -0.183808 0.136597 0.227516 0.964146 0.345602 0.31622 -0.384863 0.867113 0.400795 -0.930002 -0.306262 0.203222 -0.504304 0.187351 -0.87068 -0.45477 0.485867 
1534185243791 0.340552 0.903073 -0.261694 -0.58589 -0.930233 0.364089 0.0458793 -0.183827 0.136712 0.227812 0.96406 0.345617 0.31622 -0.384863 0.867113 0.400795 -0.930002 -0.306262 0.203222 -0.504304 0.187351 -0.87068 -0.45477 0.485867 
1534185243820 0.340319 0.903071 -0.262002 -0.585868 -0.930302 0.363908 0.0459351 -0.183847 0.136827 0.228108 0.963974 0.345632 0.31622 -0.384863 0.867113 0.400795 -0.930002 -0.306262 0.203222 -0.504304 0.187351 -0.87068 -0.45477 0.485867 
1534185243844 0.341064 0.903074 -0.261023 -0.585975 -0.930072 0.364507 0.0458265 -0.183726 0.136529 0.227141 0.964244 0.345579 0.31622 -0.384863 0.867113 0.400795 -0.930002 -0.306262 0.203222 -0.504304 0.187351 -0.87068 -0.45477 0.485867 
1534185243857 0.341095 0.903069 -0.260999 -0.585975 -0.930038 0.364575 0.0459963 -0.183734 0.136691 0.22705 0.964243 0.345567 0.31622 -0.384863 0.867113 0.400795 -0.930002 -0.306262 0.203222 -0.504304 0.187351 -0.87068 -0.45477 0.485867 
1534185243874 0.341125 0.903065 -0.260973 -0.585978 -0.930003 0.364642 0.0461673 -0.183746 0.136854 0.226957 0.964241 0.34555 0.31622 -0.384863 0.867113 0.400795 -0.930002 -0.306262 0.203222 -0.504304 0.187351 -0.87068 -0.45477 0.485867 
1534185243890 0.341155 0.903061 -0.260948 -0.585981 -0.929968 0.364709 0.0463381 -0.183757 0.137016 0.226865 0.96424 0.345535 0.31622 -0.384863 0.867113 0.400795 -0.930002 -0.306262 0.203222 -0.504304 0.187351 -0.87068 -0.45477 0.485867 
1534185243907 0.341184 0.903057 -0.260923 -0.585985 -0.929933 0.364776 0.0465088 -0.183768 0.137179 0.226773 0.964239 0.345519 0.31622 -0.384863 0.867113 0.400795 -0.930002 -0.306262 0.203222 -0.504304 0.187351 -0.87068 -0.45477 0.485867 
1534185243923 0.341215 0.903053 -0.260898 -0.585987 -0.929898 0.364844 0.0466794 -0.183778 0.137341 0.226681 0.964237 0.345504 0.31622 -0.384863 0.867113 0.400795 -0.930002 -0.306262 0.203222 -0.504304 0.187351 -0.87068 -0.45477 0.485867 
1534185243990 0.341244 0.903049 -0.260873 -0.585992 -0.929863 0.364911 0.0468502 -0.18379 0.137503 0.226588 0.964236 0.345488 0.31622 -0.384863 0.867113 0.400795 -0.930002 -0.306262 0.203222 -0.504304 0.187351 -0.87068 -0.45477 0.485867 
1534185244007 0.341274 0.903045 -0.260848 -0.585994 -0.929828 0.364978 0.0470208 -0.1838 0.137666 0.226496 0.964234 0.345473 0.31622 -0.384863 0.867113 0.400795 -0.930002 -0.306262 0.203222 -0.504304 0.187351 -0.87068 -0.45477 0.485867 
1534185244024 0.341304 0.903041 -0.260822 -0.585999 -0.929793 0.365045 0.0471916 -0.183812 0.137828 0.226404 0.964233 0.345458 0.31622 -0.384863 0.867113 0.400795 -0.930002 -0.306262 0.203222 -0.504304 0.187351 -0.87068 -0.45477 0.485867 
1534185244040 0.341334 0.903037 -0.260797 -0.586002 -0.929758 0.365113 0.0473623 -0.183822 0.13799 0.226312 0.964231 0.345442 0.31622 -0.384863 0.867113 0.400795 -0.930002 -0.306262 0.203222 -0.504304 0.187351 -0.87068 -0.45477 0.485867 
1534185244067 0.341278 0.903017 -0.260941 -0.585968 -0.929872 0.364912 0.046664 -0.183846 0.137359 0.226716 0.964226 0.345553 0.31622 -0.384863 0.867113 0.400795 -0.930002 -0.306262 0.203222 -0.504304 0.187351 -0.87068 -0.45477 0.485867 
1534185244080 0.341193 0.903095 -0.260782 -0.585977 -0.929888 0.364846 0.0468552 -0.183856 0.13746 0.226512 0.96426 0.345531 0.31622 -0.384863 0.867113 0.400795 -0.930002 -0.306262 0.203222 -0.504304 0.187351 -0.87068 -0.45477 0.485867 
1534185244097 0.341108 0.903173 -0.260623 -0.585988 -0.929905 0.36478 0.047047 -0.183868 0.137562 0.226306 0.964294 0.345507 0.31622 -0.384863 0.867113 0.400795 -0.930002 -0.306262 0.203222 -0.504304 0.187351 -0.87068 -0.45477 0.485867 
1534185244113 0.341022 0.903251 -0.260464 -0.586001 -0.929921 0.364713 0.047239 -0.183879 0.137663 0.226101 0.964327 0.345484 0.31622 -0.384863 0.867113 0.400795 -0.930002 -0.306262 0.203222 -0.504304 0.187351 -0.87068 -0.45477 0.485867 
1534185244130 0.340937 0.903329 -0.260304 -0.586014 -0.929937 0.364647 0.047431 -0.183891 0.137765 0.225895 0.964361 0.34546 0.31622 -0.384863 0.867113 0.400795 -0.930002 -0.306262 0.203222 -0.504304 0.187351 -0.87068 -0.45477 0.485867 
1534185244147 0.340851 0.903408 -0.260144 -0.586028 -0.929953 0.36458 0.047623 -0.183904 0.137866 0.22569 0.964395 0.345436 0.31622 -0.384863 0.867113 0.400795 -0.930002 -0.306262 0.203222 -0.504304 0.187351 -0.87068 -0.45477 0.485867 
1534185244182 0.340766 0.903486 -0.259985 -0.58604 -0.92997 0.364514 0.0478149 -0.183915 0.137968 0.225484 0.964428 0.345413 0.31622 -0.384863 0.867113 0.400795 -0.930002 -0.306262 0.203222 -0.504304 0.187351 -0.87068 -0.45477 0.485867 
1534185244216 0.34068 0.903564 -0.259825 -0.586053 -0.929986 0.364447 0.0480069 -0.183927 0.13807 0.225279 0.964462 0.345389 0.31622 -0.384863 0.867113 0.400795 -0.930002 -0.306262 0.203222 -0.504304 0.187351 -0.87068 -0.45477 0.485867 
1534185244242 0.340595 0.903642 -0.259666 -0.586065 -0.930002 0.364381 0.0481987 -0.183939 0.138172 0.225073 0.964495 0.345365 0.31622 -0.384863 0.867113 0.400795 -0.930002 -0.306262 0.203222 -0.504304 0.187351 -0.87068 -0.45477 0.485867 
1534185244259 0.34051 0.90372 -0.259506 -0.586078 -0.930018 0.364314 0.0483906 -0.18395 0.138273 0.224868 0.964528 0.345342 0.31622 -0.384863 0.867113 0.400795 -0.930002 -0.306262 0.203222 -0.504304 0.187351 -0.87068 -0.45477 0.485867 
1534185244289 0.340746 0.903436 -0.260185 -0.586017 -0.929996 0.364474 0.047606 -0.183868 0.137839 0.225749 0.964385 0.345477 0.31622 -0.384863 0.867113 0.400795 -0.930002 -0.306262 0.203222 -0.504304 0.187351 -0.87068 -0.45477 0.485867 
1534185244302 0.340604 0.903475 -0.260235 -0.586014 -0.929984 0.364443 0.048067 -0.183899 0.138268 0.225643 0.964348 0.345475 0.31622 -0.384863 0.867113 0.400795 -0.930002 -0.306262 0.203222 -0.504304 0.187351 -0.87068 -0.45477 0.485867 
1534185244319 0.340461 0.903514 -0.260285 -0.586015 -0.929973 0.364412 0.0485293 -0.183933 0.138698 0.225536 0.964311 0.34547 0.31622 -0.384863 0.867113 0.400795 -0.930002 -0.306262 0.203222 -0.504304 0.187351 -0.87068 -0.45477 0.485867 
1534185244335 0.340319 0.903553 -0.260335 -0.586016 -0.929961 0.364381 0.0489914 -0.183967 0.139127 0.225429 0.964275 0.345466 0.31622 -0.384863 0.867113 0.400795 -0.930002 -0.306262 0.203222 -0.504304 0.187351 -0.87068 -0.45477 0.485867 
1534185244352 0.340177 0.903592 -0.260386 -0.586016 -0.929948 0.36435 0.0494533 -0.184 0.139557 0.225322 0.964237 0.345462 0.31622 -0.384863 0.867113 0.400795 -0.930002 -0.306262 0.203222 -0.504304 0.187351 -0.87068 -0.45477 0.485867 
1534185244369 0.340034 0.903632 -0.260435 -0.586017 -0.929936 0.364318 0.0499155 -0.184034 0.139987 0.225215 0.9642 0.345457 0.31622 -0.384863 0.867113 0.400795 -0.930002 -0.306262 0.203222 -0.504304 0.187351 -0.87068 -0.45477 0.485867 
1534185244421 0.339892 0.903671 -0.260485 -0.586019 -0.929923 0.364287 0.0503776 -0.184068 0.140416 0.225108 0.964163 0.345453 0.31622 -0.384863 0.867113 0.400795 -0.930002 -0.306262 0.203222 -0.504304 0.187351 -0.87068 -0.45477 0.485867 
1534185244437 0.339749 0.90371 -0.260535 -0.586019 -0.92991 0.364256 0.0508396 -0.184102 0.140846 0.225002 0.964125 0.345449 0.31622 -0.384863 0.867113 0.400795 -0.930002 -0.306262 0.203222 -0.504304 0.187351 -0.87068 -0.45477 0.485867 
1534185244454 0.339607 0.903749 -0.260585 -0.58602 -0.929897 0.364225 0.0513015 -0.184135 0.141275 0.224895 0.964087 0.345445 0.31622 -0.384863 0.867113 0.400795 -0.930002 -0.306262 0.203222 -0.504304 0.187351 -0.87068 -0.45477 0.485867 
1534185244479 0.339464 0.903789 -0.260634 -0.586022 -0.929884 0.364193 0.0517636 -0.184169 0.141705 0.224788 0.964049 0.34544 0.31622 -0.384863 0.867113 0.400795 -0.930002 -0.306262 0.203222 -0.504304 0.187351 -0.87068 -0.45477 0.485867 
1534185244520 0.339825 0.90371 -0.260437 -0.586043 -0.930029 0.36409 0.0498562 -0.183983 0.139878 0.225272 0.964203 0.345462 0.31622 -0.384863 0.867113 0.400795 -0.930002 -0.306262 0.203222 -0.504304 0.187351 -0.87068 -0.45477 0.485867 
1534185244531 0.339861 0.903658 -0.260571 -0.586043 -0.930008 0.364143 0.0498435 -0.18398 0.139927 0.225393 0.964167 0.345477 0.31622 -0.384863 0.867113 0.400795 -0.930002 -0.306262 0.203222 -0.504304 0.187351 -0.87068 -0.45477 0.485867 
1534185244548 0.339897 0.903605 -0.260706 -0.586038 -0.929988 0.364198 0.0498296 -0.183974 0.139975 0.225516 0.964132 0.345495 0.31622 -0.384863 0.867113 0.400795 -0.930002 -0.306262 0.203222 -0.504304 0.187351 -0.87068 -0.45477 0.485867 
1534185244566 0.339934 0.903553 -0.26084 -0.586034 -0.929967 0.364252 0.0498157 -0.183969 0.140023 0.225639 0.964096 0.345512 0.31622 -0.384863 0.867113 0.400795 -0.930002 -0.306262 0.203222 -0.504304 0.187351 -0.87068 -0.45477 0.485867 
1534185244665 0.33997 0.9035 -0.260975 -0.586029 -0.929946 0.364307 0.0498018 -0.183963 0.140071 0.225761 0.96406 0.345529 0.31622 -0.384863 0.867113 0.400795 -0.930002 -0.306262 0.203222 -0.504304 0.187351 -0.87068 -0.45477 0.485867 
1534185244682 0.340007 0.903448 -0.261109 -0.586025 -0.929926 0.364361 0.0497881 -0.183958 0.140119 0.225884 0.964025 0.345546 0.31622 -0.384863 0.867113 0.400795 -0.930002 -0.306262 0.203222 -0.504304 0.187351 -0.87068 -0.45477 0.485867 
1534185244699 0.340043 0.903395 -0.261244 -0.58602 -0.929905 0.364415 0.0497741 -0.183953 0.140167 0.226006 0.963989 0.345563 0.31622 -0.384863 0.867113 0.400795 -0.930002 -0.306262 0.203222 -0.504304 0.187351 -0.87068 -0.45477 0.485867 
1534185244705 0.34008 0.903342 -0.261378 -0.586016 -0.929885 0.36447 0.0497603 -0.183948 0.140215 0.226129 0.963953 0.34558 0.31622 -0.384863 0.867113 0.400795 -0.930002 -0.306262 0.203222 -0.504304 0.187351 -0.87068 -0.45477 0.485867 
1534185244723 0.340116 0.90329 -0.261513 -0.58601 -0.929864 0.364524 0.0497464 -0.183942 0.140263 0.226252 0.963917 0.345597 0.31622 -0.384863 0.867113 0.400795 -0.930002 -0.306262 0.203222 -0.504304 0.187351 -0.87068 -0.45477 0.485867 
1534185244735 0.340152 0.903237 -0.261647 -0.586006 -0.929844 0.364579 0.0497325 -0.183937 0.140311 0.226374 0.963882 0.345614 0.31622 -0.384863 0.867113 0.400795 -0.930002 -0.306262 0.203222 -0.504304 0.187351 -0.87068 -0.45477 0.485867 
1534185244759 0.340022 0.903551 -0.26073 -0.586001 -0.929951 0.364305 0.0497234 -0.184012 0.139913 0.22556 0.96413 0.345551 0.31622 -0.384863 0.867113 0.400795 -0.930002 -0.306262 0.203222 -0.504304 0.187351 -0.87068 -0.45477 0.485867 
1534185244772 0.340157 0.903508 -0.260703 -0.586008 -0.929929 0.364391 0.0495161 -0.184007 0.139736 0.225592 0.964148 0.345562 0.31622 -0.384863 0.867113 0.400795 -0.930002 -0.306262 0.203222 -0.504304 0.187351 -0.87068 -0.45477 0.485867 
1534185244789 0.340292 0.903465 -0.260676 -0.586015 -0.929905 0.364478 0.0493093 -0.183999 0.13956 0.225624 0.964166 0.345576 0.31622 -0.384863 0.867113 0.400795 -0.930002 -0.306262 0.203222 -0.504304 0.187351 -0.87068 -0.45477 0.485867 
1534185244805 0.340428 0.903422 -0.260649 -0.58602 -0.929882 0.364566 0.0491023 -0.18399 0.139384 0.225657 0.964184 0.345589 0.31622 -0.384863 0.867113 0.400795 -0.930002 -0.306262 0.203222 -0.504304 0.187351 -0.87068 -0.45477 0.485867 
1534185244822 0.340564 0.903378 -0.260622 -0.586025 -0.929859 0.364653 0.0488953 -0.183982 0.139208 0.22569 0.964202 0.345603 0.31622 -0.384863 0.867113 0.400795 -0.930002 -0.306262 0.203222 -0.504304 0.187351 -0.87068 -0.45477 0.485867 
1534185244839 0.340699 0.903335 -0.260595 -0.586031 -0.929836 0.36474 0.0486886 -0.183974 0.139032 0.225723 0.96422 0.345616 0.31622 -0.384863 0.867113 0.400795 -0.930002 -0.306262 0.203222 -0.504304 0.187351 -0.87068 -0.45477 0.485867 
1534185244855 0.340835 0.903291 -0.260569 -0.586035 -0.929812 0.364827 0.0484816 -0.183965 0.138856 0.225756 0.964237 0.345629 0.31622 -0.384863 0.867113 0.400795 -0.930002 -0.306262 0.203222 -0.504304 0.187351 -0.87068 -0.45477 0.485867 
1534185244879 0.34097 0.903248 -0.260542 -0.586041 -0.929789 0.364914 0.0482748 -0.183957 0.138679 0.225789 0.964255 0.345643 0.31622 -0.384863 0.867113 0.400795 -0.930002 -0.306262 0.203222 -0.504304 0.187351 -0.87068 -0.45477 0.485867 
1534185244896 0.341106 0.903205 -0.260515 -0.586045 -0.929765 0.365001 0.0480679 -0.183949 0.138503 0.225822 0.964272 0.345656 0.31622 -0.384863 0.867113 0.400795 -0.930002 -0.306262 0.203222 -0.504304 0.187351 -0.87068 -0.45477 0.485867 
1534185244913 0.341241 0.903161 -0.260488 -0.586051 -0.929742 0.365088 0.0478611 -0.183941 0.138327 0.225855 0.96429 0.345669 0.31622 -0.384863 0.867113 0.400795 -0.930002 -0.306262 0.203222 -0.504304 0.187351 -0.87068 -0.45477 0.485867 
1534185244932 0.340314 0.903344 -0.261065 -0.586019 -0.929875 0.364558 0.0493025 -0.183955 0.13971 0.225979 0.964061 0.345629 0.31622 -0.384863 0.867113 0.400795 -0.930002 -0.306262 0.203222 -0.504304 0.187351 -0.87068 -0.45477 0.485867 
1534185244946 0.340427 0.903314 -0.261022 -0.586027 -0.929875 0.364597 0.0490016 -0.183924 0.139432 0.226036 0.964088 0.345606 0.31622 -0.384863 0.867113 0.400795 -0.930002 -0.306262 0.203222 -0.504304 0.187351 -0.87068 -0.45477 0.485867 
1534185244962 0.340541 0.903284 -0.260979 -0.586035 -0.929876 0.364636 0.0486998 -0.183891 0.139152 0.226093 0.964115 0.345583 0.31622 -0.384863 0.867113 0.400795 -0.930002 -0.306262 0.203222 -0.504304 0.187351 -0.87068 -0.45477 0.485867 
1534185244979 0.340654 0.903254 -0.260936 -0.586043 -0.929876 0.364676 0.0483979 -0.183856 0.138872 0.226151 0.964142 0.345562 0.31622 -0.384863 0.867113 0.400795 -0.930002 -0.306262 0.203222 -0.504304 0.187351 -0.87068 -0.45477 0.485867 
1534185244996 0.340767 0.903224 -0.260892 -0.586051 -0.929876 0.364715 0.0480962 -0.183823 0.138593 0.226208 0.964169 0.345539 0.31622 -0.384863 0.867113 0.400795 -0.930002 -0.306262 0.203222 -0.504304 0.187351 -0.87068 -0.45477 0.485867 
1534185245002 0.340881 0.903193 -0.26085 -0.586057 -0.929876 0.364755 0.0477942 -0.183789 0.138313 0.226266 0.964196 0.345518 0.31622 -0.384863 0.867113 0.400795 -0.930002 -0.306262 0.203222 -0.504304 0.187351 -0.87068 -0.45477 0.485867 
1534185245016 0.340994 0.903163 -0.260806 -0.586065 -0.929876 0.364794 0.0474925 -0.183755 0.138034 0.226323 0.964222 0.345495 0.31622 -0.384863 0.867113 0.400795 -0.930002 -0.306262 0.203222 -0.504304 0.187351 -0.87068 -0.45477 0.485867 
1534185245033 0.341107 0.903133 -0.260763 -0.586073 -0.929876 0.364833 0.0471907 -0.183722 0.137755 0.22638 0.964249 0.345473 0.31622 -0.384863 0.867113 0.400795 -0.930002 -0.306262 0.203222 -0.504304 0.187351 -0.87068 -0.45477 0.485867 
1534185245049 0.34122 0.903102 -0.26072 -0.586079 -0.929876 0.364873 0.0468887 -0.183687 0.137475 0.226438 0.964275 0.345452 0.31622 -0.384863 0.867113 0.400795 -0.930002 -0.306262 0.203222 -0.504304 0.187351 -0.87068 -0.45477 0.485867 
1534185245066 0.341334 0.903072 -0.260677 -0.586086 -0.929876 0.364912 0.0465869 -0.183654 0.137196 0.226495 0.964301 0.345429 0.31622 -0.384863 0.867113 0.400795 -0.930002 -0.306262 0.203222 -0.504304 0.187351 -0.87068 -0.45477 0.485867 
1534185245086 0.341064 0.90316 -0.260724 -0.58607 -0.929778 0.364977 0.0480128 -0.18391 0.138521 0.22604 0.964219 0.345586 0.31622 -0.384863 0.867113 0.400795 -0.930002 -0.306262 0.203222 -0.504304 0.187351 -0.87068 -0.45477 0.485867 
1534185245099 0.340921 0.903186 -0.260822 -0.586058 -0.92978 0.364925 0.0483577 -0.183942 0.138856 0.226021 0.964175 0.345598 0.31622 -0.384863 0.867113 0.400795 -0.930002 -0.306262 0.203222 -0.504304 0.187351 -0.87068 -0.45477 0.485867 
1534185245116 0.340778 0.903211 -0.26092 -0.586046 -0.929783 0.364873 0.0487038 -0.183977 0.139192 0.226002 0.964131 0.345609 0.31622 -0.384863 0.867113 0.400795 -0.930002 -0.306262 0.203222 -0.504304 0.187351 -0.87068 -0.45477 0.485867 
1534185245133 0.340635 0.903237 -0.261018 -0.586034 -0.929785 0.364821 0.0490499 -0.184013 0.139529 0.225982 0.964087 0.345619 0.31622 -0.384863 0.867113 0.400795 -0.930002 -0.306262 0.203222 -0.504304 0.187351 -0.87068 -0.45477 0.485867 
1534185245149 0.340492 0.903263 -0.261116 -0.586022 -0.929787 0.364769 0.0493958 -0.184047 0.139864 0.225963 0.964043 0.34563 0.31622 -0.384863 0.867113 0.400795 -0.930002 -0.306262 0.203222 -0.504304 0.187351 -0.87068 -0.45477 0.485867 
1534185245166 0.340348 0.903289 -0.261214 -0.58601 -0.929789 0.364718 0.0497416 -0.184081 0.1402 0.225944 0.963999 0.345641 0.31622 -0.384863 0.867113 0.400795 -0.930002 -0.306262 0.203222 -0.504304 0.187351 -0.87068 -0.45477 0.485867 
1534185245174 0.340205 0.903315 -0.261311 -0.585998 -0.92979 0.364666 0.0500879 -0.184117 0.140536 0.225924 0.963954 0.345651 0.31622 -0.384863 0.867113 0.400795 -0.930002 -0.306262 0.203222 -0.504304 0.187351 -0.87068 -0.45477 0.485867 
