1533678842018 0.257983 0.621918 -0.739367 -0.60666 -0.871534 0.480087 0.0997257 -0.186573 0.416982 0.618656 0.665876 0.426791 0.16008 -0.304787 0.938871 0.370831 -0.775623 0.549475 0.310623 -0.528794 -0.61056 -0.777934 -0.14844 0.432481 
1533678842030 0.224463 0.615518 -0.755482 -0.611415 -0.884232 0.454491 0.107574 -0.190972 0.409574 0.643875 0.646277 0.430957 0.31622 -0.384863 0.867113 0.400795 -0.930002 -0.306262 0.203222 -0.504304 0.187352 -0.87068 -0.454769 0.485867 
1533678842640 0.190869 0.607768 -0.770835 -0.616165 -0.895968 0.428666 0.11613 -0.195362 0.401011 0.668478 0.62636 0.435127 0.31622 -0.384863 0.867113 0.400795 -0.930002 -0.306262 0.203222 -0.504304 0.187351 -0.87068 -0.454769 0.485867 
1533678843269 0.157264 0.598674 -0.785402 -0.620901 -0.906724 0.402659 0.12537 -0.199729 0.391305 0.692427 0.606156 0.439309 0.31622 -0.384863 0.867113 0.400795 -0.930002 -0.306262 0.203222 -0.504304 0.187351 -0.87068 -0.454769 0.485867 
1533678843905 0.123713 0.588243 -0.799166 -0.625609 -0.916481 0.376516 0.135269 -0.204053 0.38047 0.715686 0.585693 0.443512 0.31622 -0.384863 0.867113 0.400795 -0.930002 -0.306262 0.203222 -0.504304 0.187351 -0.87068 -0.454769 0.485867 
1533678844565 0.090285 0.576475 -0.812111 -0.630268 -0.925227 0.350287 0.14579 -0.208295 0.368516 0.738224 0.564996 0.447753 0.31622 -0.384863 0.867113 0.400795 -0.930002 -0.306262 0.203222 -0.504304 0.187351 -0.87068 -0.454769 0.485867 
1533678845234 0.0570627 0.563367 -0.824234 -0.63484 -0.932951 0.324024 0.156882 -0.212395 0.355453 0.760017 0.544083 0.452054 0.31622 -0.384863 0.867113 0.400795 -0.930002 -0.306262 0.203222 -0.504304 0.187351 -0.87068 -0.454769 0.485867 
1533678845928 0.0241387 0.548906 -0.835536 -0.639274 -0.93965 0.29778 0.16848 -0.216266 0.341285 0.781044 0.522967 0.456447 0.31622 -0.384863 0.867113 0.400795 -0.930002 -0.306262 0.203222 -0.504304 0.187351 -0.87068 -0.454769 0.485867 
1533678846660 -0.00839149 0.533082 -0.846022 -0.643512 -0.945328 0.271605 0.180516 -0.21982 0.326013 0.801283 0.501659 0.460964 0.31622 -0.384863 0.867113 0.400795 -0.930002 -0.306262 0.203222 -0.504304 0.187351 -0.87068 -0.454769 0.485867 
1533678847419 -0.0395275 0.514822 -0.856386 -0.645935 -0.950164 0.245873 0.191664 -0.220554 0.309235 0.821283 0.479446 0.466723 0.316235 -0.384875 0.867103 0.400844 -0.930001 -0.306255 0.203239 -0.504393 0.187332 -0.870678 -0.454782 0.485909 
1533678848259 -0.0392494 0.514894 -0.856355 -0.645823 -0.950211 0.245896 0.191399 -0.220503 0.309124 0.82123 0.479607 0.466168 0.316235 -0.384875 0.867103 0.400844 -0.930001 -0.306255 0.203239 -0.504393 0.187332 -0.870678 -0.454782 0.485909 
1533678848334 -0.0427158 0.513393 -0.85709 -0.646657 -0.950568 0.243207 0.193054 -0.2215 0.307563 0.822969 0.477626 0.466398 0.31622 -0.384863 0.867113 0.400795 -0.930002 -0.306262 0.203222 -0.504304 0.187351 -0.87068 -0.45477 0.485867 
1533678848698 -0.0461843 0.511886 -0.857811 -0.647501 -0.950912 0.240518 0.194723 -0.222513 0.305995 0.824696 0.47565 0.466622 0.31622 -0.384863 0.867113 0.400795 -0.930002 -0.306262 0.203222 -0.504304 0.187351 -0.87068 -0.45477 0.485867 
1533678849084 -0.0496496 0.510367 -0.858522 -0.648344 -0.951244 0.237831 0.196396 -0.223525 0.304418 0.826415 0.473675 0.466846 0.31622 -0.384863 0.867113 0.400795 -0.930002 -0.306262 0.203222 -0.504304 0.187351 -0.87068 -0.45477 0.485867 
1533678849477 -0.0531117 0.508836 -0.859224 -0.649187 -0.951563 0.235146 0.198074 -0.224537 0.30283 0.828126 0.471701 0.46707 0.31622 -0.384863 0.867113 0.400795 -0.930002 -0.306262 0.203222 -0.504304 0.187351 -0.87068 -0.45477 0.485867 
1533678849888 -0.0565687 0.507291 -0.859916 -0.650028 -0.951871 0.232463 0.199755 -0.225546 0.301232 0.829829 0.469726 0.467296 0.31622 -0.384863 0.867113 0.400795 -0.930002 -0.306262 0.203222 -0.504304 0.187351 -0.87068 -0.45477 0.485867 
1533678850300 -0.0600151 0.505727 -0.860604 -0.650858 -0.952169 0.229784 0.201431 -0.226535 0.299622 0.831529 0.467746 0.467529 0.31622 -0.384863 0.867113 0.400795 -0.930002 -0.306262 0.203222 -0.504304 0.187351 -0.87068 -0.45477 0.485867 
1533678850730 -0.0634505 0.504142 -0.861287 -0.651675 -0.952456 0.227108 0.203102 -0.227505 0.297997 0.833224 0.465763 0.46777 0.31622 -0.384863 0.867113 0.400795 -0.930002 -0.306262 0.203222 -0.504304 0.187351 -0.87068 -0.45477 0.485867 
1533678851168 -0.0668705 0.502534 -0.861967 -0.652474 -0.952733 0.224438 0.204761 -0.228446 0.296358 0.834917 0.463773 0.468024 0.31622 -0.384863 0.867113 0.400795 -0.930002 -0.306262 0.203222 -0.504304 0.187351 -0.87068 -0.45477 0.485867 
1533678851611 -0.0700009 0.500615 -0.862835 -0.652822 -0.953063 0.221852 0.206039 -0.228656 0.294568 0.836759 0.461588 0.468578 0.31622 -0.384863 0.867113 0.400795 -0.930002 -0.306262 0.203222 -0.504304 0.187351 -0.87068 -0.45477 0.485867 
1533678851987 -0.0694077 0.500905 -0.862715 -0.652722 -0.952951 0.222502 0.205855 -0.228655 0.29507 0.836413 0.461894 0.468484 0.31622 -0.384863 0.867113 0.400795 -0.930002 -0.306262 0.203222 -0.504304 0.187351 -0.87068 -0.45477 0.485867 
1533678851998 -0.0698374 0.500744 -0.862773 -0.652859 -0.952982 0.222162 0.20608 -0.228825 0.294869 0.8366 0.461685 0.468487 0.31622 -0.384863 0.867113 0.400795 -0.930002 -0.306262 0.203222 -0.504304 0.187351 -0.87068 -0.45477 0.485867 
1533678852216 -0.0702777 0.500595 -0.862824 -0.653012 -0.95301 0.22182 0.206319 -0.229022 0.294674 0.83678 0.461483 0.46848 0.31622 -0.384863 0.867113 0.400795 -0.930002 -0.306262 0.203222 -0.504304 0.187351 -0.87068 -0.45477 0.485867 
1533678852458 -0.0707129 0.500441 -0.862878 -0.653158 -0.953039 0.221478 0.206552 -0.229206 0.294476 0.836963 0.461278 0.468477 0.31622 -0.384863 0.867113 0.400795 -0.930002 -0.306262 0.203222 -0.504304 0.187351 -0.87068 -0.45477 0.485867 
1533678852685 -0.071146 0.500284 -0.862933 -0.6533 -0.953068 0.221138 0.206782 -0.229385 0.294277 0.837146 0.461072 0.468477 0.31622 -0.384863 0.867113 0.400795 -0.930002 -0.306262 0.203222 -0.504304 0.187351 -0.87068 -0.45477 0.485867 
1533678852921 -0.0715779 0.500126 -0.862989 -0.653441 -0.953098 0.220798 0.20701 -0.229561 0.294077 0.837331 0.460865 0.468478 0.31622 -0.384863 0.867113 0.400795 -0.930002 -0.306262 0.203222 -0.504304 0.187351 -0.87068 -0.45477 0.485867 
1533678853161 -0.0720085 0.499966 -0.863046 -0.653579 -0.953127 0.220458 0.207237 -0.229734 0.293876 0.837515 0.460657 0.46848 0.31622 -0.384863 0.867113 0.400795 -0.930002 -0.306262 0.203222 -0.504304 0.187351 -0.87068 -0.45477 0.485867 
1533678853393 -0.0724378 0.499805 -0.863103 -0.653716 -0.953157 0.220118 0.207461 -0.229904 0.293675 0.837701 0.460448 0.468484 0.31622 -0.384863 0.867113 0.400795 -0.930002 -0.306262 0.203222 -0.504304 0.187351 -0.87068 -0.45477 0.485867 
1533678853625 -0.0728656 0.499643 -0.863161 -0.65385 -0.953186 0.219779 0.207685 -0.23007 0.293473 0.837887 0.460238 0.468489 0.31622 -0.384863 0.867113 0.400795 -0.930002 -0.306262 0.203222 -0.504304 0.187351 -0.87068 -0.45477 0.485867 
1533678853874 -0.0731692 0.499352 -0.863304 -0.65379 -0.953244 0.219474 0.20774 -0.22992 0.293209 0.83814 0.459946 0.468623 0.31622 -0.384863 0.867113 0.400795 -0.930002 -0.306262 0.203222 -0.504304 0.187351 -0.87068 -0.45477 0.485867 
1533678854255 -0.0734117 0.499251 -0.863342 -0.653821 -0.953297 0.219182 0.207809 -0.229935 0.292978 0.838277 0.459844 0.468542 0.31622 -0.384863 0.867113 0.400795 -0.930002 -0.306262 0.203222 -0.504304 0.187351 -0.87068 -0.45477 0.485867 
1533678854268 -0.0736676 0.499456 -0.863201 -0.653789 -0.953273 0.219025 0.208084 -0.23002 0.292992 0.838195 0.459983 0.468558 0.31622 -0.384863 0.867113 0.400795 -0.930002 -0.306262 0.203222 -0.504304 0.187351 -0.87068 -0.45477 0.485867 
1533678854504 -0.0739282 0.499667 -0.863057 -0.653765 -0.953248 0.218866 0.208366 -0.230118 0.293007 0.838112 0.460126 0.468568 0.31622 -0.384863 0.867113 0.400795 -0.930002 -0.306262 0.203222 -0.504304 0.187351 -0.87068 -0.45477 0.485867 
1533678854748 -0.074184 0.499872 -0.862916 -0.653733 -0.953224 0.218708 0.208641 -0.230204 0.29302 0.83803 0.460266 0.468584 0.31622 -0.384863 0.867113 0.400795 -0.930002 -0.306262 0.203222 -0.504304 0.187351 -0.87068 -0.45477 0.485867 
1533678854993 -0.0744381 0.500076 -0.862776 -0.653699 -0.9532 0.21855 0.208914 -0.230286 0.293033 0.83795 0.460404 0.468601 0.31622 -0.384863 0.867113 0.400795 -0.930002 -0.306262 0.203222 -0.504304 0.187351 -0.87068 -0.45477 0.485867 
1533678855231 -0.0746905 0.500278 -0.862637 -0.653663 -0.953177 0.218393 0.209185 -0.230363 0.293044 0.83787 0.460542 0.46862 0.31622 -0.384863 0.867113 0.400795 -0.930002 -0.306262 0.203222 -0.504304 0.187351 -0.87068 -0.45477 0.485867 
1533678855469 -0.0749412 0.500479 -0.862499 -0.653623 -0.953154 0.218236 0.209453 -0.230436 0.293055 0.837791 0.460678 0.468641 0.31622 -0.384863 0.867113 0.400795 -0.930002 -0.306262 0.203222 -0.504304 0.187351 -0.87068 -0.45477 0.485867 
1533678855709 -0.07519 0.500677 -0.862362 -0.653581 -0.953131 0.218079 0.209718 -0.230504 0.293065 0.837713 0.460814 0.468663 0.31622 -0.384863 0.867113 0.400795 -0.930002 -0.306262 0.203222 -0.504304 0.187351 -0.87068 -0.45477 0.485867 
1533678855948 -0.075437 0.500874 -0.862227 -0.653536 -0.953109 0.217923 0.209981 -0.230568 0.293073 0.837637 0.460948 0.468688 0.31622 -0.384863 0.867113 0.400795 -0.930002 -0.306262 0.203222 -0.504304 0.187351 -0.87068 -0.45477 0.485867 
1533678856184 -0.0755548 0.500938 -0.862179 -0.65329 -0.953117 0.217802 0.21007 -0.230303 0.293017 0.83763 0.460996 0.468847 0.31622 -0.384863 0.867113 0.400795 -0.930002 -0.306262 0.203222 -0.504304 0.187351 -0.87068 -0.45477 0.485867 
1533678856606 -0.0758734 0.500843 -0.862206 -0.653334 -0.953209 0.21734 0.210131 -0.230314 0.292635 0.837806 0.460918 0.468802 0.31622 -0.384863 0.867113 0.400795 -0.930002 -0.306262 0.203222 -0.504304 0.187351 -0.87068 -0.45477 0.485867 
1533678856619 -0.0758475 0.500912 -0.862168 -0.653338 -0.953201 0.217366 0.210144 -0.230351 0.29267 0.837758 0.460983 0.468815 0.31622 -0.384863 0.867113 0.400795 -0.930002 -0.306262 0.203222 -0.504304 0.187351 -0.87068 -0.45477 0.485867 
1533678856768 -0.0758387 0.500998 -0.862119 -0.653368 -0.953188 0.217388 0.210179 -0.23043 0.292713 0.837702 0.461059 0.46881 0.31622 -0.384863 0.867113 0.400795 -0.930002 -0.306262 0.203222 -0.504304 0.187351 -0.87068 -0.45477 0.485867 
1533678856955 -0.0758217 0.501075 -0.862076 -0.653385 -0.953177 0.217412 0.210203 -0.230489 0.292753 0.837649 0.461129 0.468815 0.31622 -0.384863 0.867113 0.400795 -0.930002 -0.306262 0.203222 -0.504304 0.187351 -0.87068 -0.45477 0.485867 
1533678857118 -0.0758039 0.501152 -0.862033 -0.6534 -0.953167 0.217436 0.210226 -0.230545 0.292792 0.837597 0.461198 0.46882 0.31622 -0.384863 0.867113 0.400795 -0.930002 -0.306262 0.203222 -0.504304 0.187351 -0.87068 -0.45477 0.485867 
1533678857276 -0.0757857 0.501228 -0.86199 -0.653416 -0.953156 0.21746 0.210249 -0.2306 0.292831 0.837545 0.461268 0.468825 0.31622 -0.384863 0.867113 0.400795 -0.930002 -0.306262 0.203222 -0.504304 0.187351 -0.87068 -0.45477 0.485867 
1533678857433 -0.075767 0.501303 -0.861948 -0.65343 -0.953146 0.217484 0.210271 -0.230654 0.29287 0.837494 0.461337 0.468831 0.31622 -0.384863 0.867113 0.400795 -0.930002 -0.306262 0.203222 -0.504304 0.187351 -0.87068 -0.45477 0.485867 
1533678857440 -0.075748 0.501379 -0.861906 -0.653444 -0.953135 0.217509 0.210292 -0.230707 0.292908 0.837442 0.461406 0.468837 0.31622 -0.384863 0.867113 0.400795 -0.930002 -0.306262 0.203222 -0.504304 0.187351 -0.87068 -0.45477 0.485867 
1533678857657 -0.0757285 0.501453 -0.861864 -0.653457 -0.953125 0.217533 0.210313 -0.23076 0.292946 0.837391 0.461474 0.468844 0.31622 -0.384863 0.867113 0.400795 -0.930002 -0.306262 0.203222 -0.504304 0.187351 -0.87068 -0.45477 0.485867 
1533678857818 -0.075648 0.501466 -0.861864 -0.653375 -0.95313 0.217574 0.210252 -0.230656 0.292953 0.837373 0.461503 0.468915 0.31622 -0.384863 0.867113 0.400795 -0.930002 -0.306262 0.203222 -0.504304 0.187351 -0.87068 -0.45477 0.485867 
1533678858053 -0.075515 0.501434 -0.861894 -0.653404 -0.953109 0.217733 0.21018 -0.230724 0.293054 0.837351 0.461479 0.468887 0.31622 -0.384863 0.867113 0.400795 -0.930002 -0.306262 0.203222 -0.504304 0.187351 -0.87068 -0.45477 0.485867 
1533678858067 -0.0755324 0.501377 -0.861926 -0.65341 -0.953138 0.217652 0.210132 -0.230769 0.292956 0.837406 0.461441 0.468901 0.31622 -0.384863 0.867113 0.400795 -0.930002 -0.306262 0.203222 -0.504304 0.187351 -0.87068 -0.45477 0.485867 
1533678858083 -0.0755498 0.501318 -0.861958 -0.653419 -0.953167 0.217571 0.210084 -0.230815 0.292857 0.837462 0.461402 0.468919 0.31622 -0.384863 0.867113 0.400795 -0.930002 -0.306262 0.203222 -0.504304 0.187351 -0.87068 -0.45477 0.485867 
1533678858100 -0.075567 0.501259 -0.861991 -0.653428 -0.953196 0.217491 0.210036 -0.23086 0.292758 0.837518 0.461363 0.468937 0.31622 -0.384863 0.867113 0.400795 -0.930002 -0.306262 0.203222 -0.504304 0.187351 -0.87068 -0.45477 0.485867 
1533678858117 -0.0755841 0.501201 -0.862024 -0.653436 -0.953225 0.21741 0.209988 -0.230906 0.292659 0.837574 0.461324 0.468953 0.31622 -0.384863 0.867113 0.400795 -0.930002 -0.306262 0.203222 -0.504304 0.187351 -0.87068 -0.45477 0.485867 
1533678858133 -0.0756012 0.501142 -0.862056 -0.653446 -0.953254 0.21733 0.20994 -0.230951 0.29256 0.83763 0.461285 0.468972 0.31622 -0.384863 0.867113 0.400795 -0.930002 -0.306262 0.203222 -0.504304 0.187351 -0.87068 -0.45477 0.485867 
1533678858150 -0.0756183 0.501084 -0.862089 -0.653454 -0.953283 0.217249 0.209892 -0.230996 0.292461 0.837686 0.461246 0.468989 0.31622 -0.384863 0.867113 0.400795 -0.930002 -0.306262 0.203222 -0.504304 0.187351 -0.87068 -0.45477 0.485867 
1533678858167 -0.0756354 0.501025 -0.862121 -0.653462 -0.953312 0.217168 0.209844 -0.231042 0.292362 0.837742 0.461208 0.469006 0.31622 -0.384863 0.867113 0.400795 -0.930002 -0.306262 0.203222 -0.504304 0.187351 -0.87068 -0.45477 0.485867 
1533678858183 -0.0756523 0.500966 -0.862154 -0.653472 -0.953341 0.217088 0.209795 -0.231087 0.292263 0.837798 0.461168 0.469024 0.31622 -0.384863 0.867113 0.400795 -0.930002 -0.306262 0.203222 -0.504304 0.187351 -0.87068 -0.45477 0.485867 
1533678858200 -0.0756693 0.500908 -0.862187 -0.653481 -0.95337 0.217007 0.209747 -0.231132 0.292164 0.837854 0.461129 0.469041 0.31622 -0.384863 0.867113 0.400795 -0.930002 -0.306262 0.203222 -0.504304 0.187351 -0.87068 -0.45477 0.485867 
1533678858336 -0.0754979 0.501404 -0.861913 -0.653379 -0.953074 0.217853 0.210215 -0.23077 0.293173 0.837338 0.461427 0.468978 0.31622 -0.384863 0.867113 0.400795 -0.930002 -0.306262 0.203222 -0.504304 0.187351 -0.87068 -0.45477 0.485867 
1533678858346 -0.0758084 0.501183 -0.862014 -0.65334 -0.953123 0.217551 0.210307 -0.230889 0.292934 0.837548 0.461197 0.469026 0.31622 -0.384863 0.867113 0.400795 -0.930002 -0.306262 0.203222 -0.504304 0.187351 -0.87068 -0.45477 0.485867 
1533678858432 -0.076138 0.500981 -0.862103 -0.65333 -0.953167 0.217243 0.210423 -0.231054 0.292704 0.837749 0.460978 0.469055 0.31622 -0.384863 0.867113 0.400795 -0.930002 -0.306262 0.203222 -0.504304 0.187351 -0.87068 -0.45477 0.485867 
1533678858601 -0.0764591 0.50077 -0.862197 -0.653306 -0.953214 0.216937 0.210529 -0.231198 0.292469 0.837955 0.460754 0.469093 0.31622 -0.384863 0.867113 0.400795 -0.930002 -0.306262 0.203222 -0.504304 0.187351 -0.87068 -0.45477 0.485867 
1533678858746 -0.076779 0.500557 -0.862292 -0.653281 -0.95326 0.216631 0.210632 -0.231339 0.292233 0.838161 0.460529 0.469132 0.31622 -0.384863 0.867113 0.400795 -0.930002 -0.306262 0.203222 -0.504304 0.187351 -0.87068 -0.45477 0.485867 
1533678858884 -0.0770985 0.500344 -0.862387 -0.653255 -0.953307 0.216326 0.210736 -0.231479 0.291997 0.838367 0.460303 0.469172 0.31622 -0.384863 0.867113 0.400795 -0.930002 -0.306262 0.203222 -0.504304 0.187351 -0.87068 -0.45477 0.485867 
1533678859023 -0.0774177 0.500131 -0.862482 -0.653229 -0.953353 0.21602 0.210839 -0.231619 0.291761 0.838573 0.460078 0.469212 0.31622 -0.384863 0.867113 0.400795 -0.930002 -0.306262 0.203222 -0.504304 0.187351 -0.87068 -0.45477 0.485867 
1533678859164 -0.0777366 0.499917 -0.862577 -0.653202 -0.9534 0.215715 0.210942 -0.231757 0.291524 0.838779 0.459852 0.469252 0.31622 -0.384863 0.867113 0.400795 -0.930002 -0.306262 0.203222 -0.504304 0.187351 -0.87068 -0.45477 0.485867 
1533678859304 -0.0780551 0.499703 -0.862673 -0.653175 -0.953446 0.215409 0.211044 -0.231895 0.291287 0.838985 0.459626 0.469292 0.31622 -0.384863 0.867113 0.400795 -0.930002 -0.306262 0.203222 -0.504304 0.187351 -0.87068 -0.45477 0.485867 
1533678859440 -0.0783211 0.499436 -0.862803 -0.653067 -0.953505 0.215118 0.211076 -0.2319 0.291023 0.839219 0.459366 0.469386 0.31622 -0.384863 0.867113 0.400795 -0.930002 -0.306262 0.203222 -0.504304 0.187351 -0.87068 -0.45477 0.485867 
1533678859769 -0.0781065 0.499471 -0.862802 -0.6531 -0.95353 0.215188 0.210891 -0.231984 0.290999 0.83918 0.459453 0.469347 0.31622 -0.384863 0.867113 0.400795 -0.930002 -0.306262 0.203222 -0.504304 0.187351 -0.87068 -0.45477 0.485867 
1533678859782 -0.0784549 0.499312 -0.862863 -0.653049 -0.953565 0.214879 0.211046 -0.232104 0.290789 0.839354 0.459268 0.46939 0.31622 -0.384863 0.867113 0.400795 -0.930002 -0.306262 0.203222 -0.504304 0.187351 -0.87068 -0.45477 0.485867 
1533678859789 -0.0788134 0.499163 -0.862916 -0.653015 -0.953598 0.214567 0.211214 -0.232251 0.290584 0.839522 0.45909 0.469422 0.31622 -0.384863 0.867113 0.400795 -0.930002 -0.306262 0.203222 -0.504304 0.187351 -0.87068 -0.45477 0.485867 
1533678860025 -0.0791654 0.499008 -0.862974 -0.652971 -0.953632 0.214257 0.211374 -0.232383 0.290376 0.839693 0.458909 0.469461 0.31622 -0.384863 0.867113 0.400795 -0.930002 -0.306262 0.203222 -0.504304 0.187351 -0.87068 -0.45477 0.485867 
1533678860195 -0.0795167 0.498852 -0.863032 -0.652926 -0.953667 0.213947 0.211534 -0.232512 0.290167 0.839865 0.458726 0.4695 0.31622 -0.384863 0.867113 0.400795 -0.930002 -0.306262 0.203222 -0.504304 0.187351 -0.87068 -0.45477 0.485867 
1533678860365 -0.0798675 0.498696 -0.86309 -0.65288 -0.953701 0.213637 0.211692 -0.23264 0.289957 0.840037 0.458544 0.46954 0.31622 -0.384863 0.867113 0.400795 -0.930002 -0.306262 0.203222 -0.504304 0.187351 -0.87068 -0.45477 0.485867 
1533678860538 -0.0802177 0.498538 -0.863148 -0.652833 -0.953735 0.213327 0.21185 -0.232767 0.289748 0.840209 0.458361 0.46958 0.31622 -0.384863 0.867113 0.400795 -0.930002 -0.306262 0.203222 -0.504304 0.187351 -0.87068 -0.45477 0.485867 
1533678860713 -0.0805673 0.498381 -0.863207 -0.652786 -0.95377 0.213017 0.212007 -0.232893 0.289538 0.840381 0.458178 0.469621 0.31622 -0.384863 0.867113 0.400795 -0.930002 -0.306262 0.203222 -0.504304 0.187351 -0.87068 -0.45477 0.485867 
1533678860888 -0.0809166 0.498222 -0.863265 -0.652737 -0.953804 0.212707 0.212164 -0.233017 0.289327 0.840554 0.457995 0.469663 0.31622 -0.384863 0.867113 0.400795 -0.930002 -0.306262 0.203222 -0.504304 0.187351 -0.87068 -0.45477 0.485867 
1533678861068 -0.0811947 0.497992 -0.863372 -0.65258 -0.953855 0.212415 0.212225 -0.232962 0.28908 0.840764 0.457765 0.469777 0.31622 -0.384863 0.867113 0.400795 -0.930002 -0.306262 0.203222 -0.504304 0.187351 -0.87068 -0.45477 0.485867 
1533678861440 -0.0815541 0.497835 -0.863429 -0.652695 -0.953863 0.212175 0.212431 -0.232839 0.288953 0.840918 0.457563 0.469633 0.31622 -0.384863 0.867113 0.400795 -0.930002 -0.306262 0.203222 -0.504304 0.187351 -0.87068 -0.45477 0.485867 
1533678861451 -0.0816148 0.497708 -0.863496 -0.652625 -0.953849 0.212204 0.212466 -0.232937 0.288984 0.840985 0.457419 0.469674 0.31622 -0.384863 0.867113 0.400795 -0.930002 -0.306262 0.203222 -0.504304 0.187351 -0.87068 -0.45477 0.485867 
1533678861570 -0.0816946 0.497599 -0.863552 -0.652579 -0.95383 0.212228 0.212526 -0.233083 0.289023 0.841044 0.457287 0.469694 0.31622 -0.384863 0.867113 0.400795 -0.930002 -0.306262 0.203222 -0.504304 0.187351 -0.87068 -0.45477 0.485867 
1533678861737 -0.081771 0.497487 -0.863609 -0.65253 -0.953812 0.212253 0.212581 -0.233221 0.28906 0.841104 0.457153 0.469717 0.31622 -0.384863 0.867113 0.400795 -0.930002 -0.306262 0.203222 -0.504304 0.187351 -0.87068 -0.45477 0.485867 
1533678861888 -0.0818428 0.49737 -0.863669 -0.652475 -0.953796 0.212279 0.212631 -0.233348 0.289095 0.841166 0.457016 0.469746 0.31622 -0.384863 0.867113 0.400795 -0.930002 -0.306262 0.203222 -0.504304 0.187351 -0.87068 -0.45477 0.485867 
1533678862020 -0.0819146 0.497254 -0.86373 -0.652419 -0.953779 0.212305 0.21268 -0.233474 0.289129 0.841229 0.456879 0.469775 0.31622 -0.384863 0.867113 0.400795 -0.930002 -0.306262 0.203222 -0.504304 0.187351 -0.87068 -0.45477 0.485867 
1533678862145 -0.0819862 0.497137 -0.86379 -0.652363 -0.953762 0.212331 0.212728 -0.2336 0.289164 0.841291 0.456742 0.469803 0.31622 -0.384863 0.867113 0.400795 -0.930002 -0.306262 0.203222 -0.504304 0.187351 -0.87068 -0.45477 0.485867 
1533678862263 -0.0820577 0.49702 -0.863851 -0.652307 -0.953746 0.212357 0.212777 -0.233725 0.289199 0.841354 0.456605 0.469832 0.31622 -0.384863 0.867113 0.400795 -0.930002 -0.306262 0.203222 -0.504304 0.187351 -0.87068 -0.45477 0.485867 
1533678862372 -0.0821291 0.496903 -0.863911 -0.65225 -0.953729 0.212383 0.212826 -0.233851 0.289233 0.841416 0.456468 0.469861 0.31622 -0.384863 0.867113 0.400795 -0.930002 -0.306262 0.203222 -0.504304 0.187351 -0.87068 -0.45477 0.485867 
1533678862488 -0.0821607 0.496746 -0.863999 -0.652133 -0.953722 0.212419 0.21282 -0.233875 0.289247 0.8415 0.456305 0.469931 0.31622 -0.384863 0.867113 0.400795 -0.930002 -0.306262 0.203222 -0.504304 0.187351 -0.87068 -0.45477 0.485867 
1533678862787 -0.0821604 0.496698 -0.864026 -0.652175 -0.953777 0.212271 0.212722 -0.233922 0.289066 0.841566 0.456298 0.469848 0.31622 -0.384863 0.867113 0.400795 -0.930002 -0.306262 0.203222 -0.504304 0.187351 -0.87068 -0.45477 0.485867 
1533678862799 -0.0822419 0.496709 -0.864012 -0.652057 -0.953752 0.212281 0.212822 -0.233968 0.289124 0.841556 0.456279 0.469911 0.31622 -0.384863 0.867113 0.400795 -0.930002 -0.306262 0.203222 -0.504304 0.187351 -0.87068 -0.45477 0.485867 
1533678862888 -0.082332 0.496729 -0.863992 -0.651941 -0.953726 0.212289 0.212933 -0.234032 0.289186 0.841542 0.456265 0.469962 0.31622 -0.384863 0.867113 0.400795 -0.930002 -0.306262 0.203222 -0.504304 0.187351 -0.87068 -0.45477 0.485867 
1533678862952 -0.0824314 0.496758 -0.863966 -0.651844 -0.953697 0.212295 0.213057 -0.234121 0.289254 0.841524 0.456257 0.470006 0.31622 -0.384863 0.867113 0.400795 -0.930002 -0.306262 0.203222 -0.504304 0.187351 -0.87068 -0.45477 0.485867 
1533678863096 -0.0825224 0.496779 -0.863945 -0.651735 -0.95367 0.212303 0.21317 -0.234188 0.289316 0.84151 0.456243 0.470058 0.31622 -0.384863 0.867113 0.400795 -0.930002 -0.306262 0.203222 -0.504304 0.187351 -0.87068 -0.45477 0.485867 
1533678863103 -0.0826129 0.496799 -0.863925 -0.651625 -0.953643 0.212311 0.213281 -0.234254 0.289379 0.841496 0.456229 0.470111 0.31622 -0.384863 0.867113 0.400795 -0.930002 -0.306262 0.203222 -0.504304 0.187351 -0.87068 -0.45477 0.485867 
1533678863264 -0.0827034 0.496819 -0.863904 -0.651514 -0.953616 0.212319 0.213393 -0.23432 0.289441 0.841482 0.456215 0.470164 0.31622 -0.384863 0.867113 0.400795 -0.930002 -0.306262 0.203222 -0.504304 0.187351 -0.87068 -0.45477 0.485867 
1533678863332 -0.0827938 0.496839 -0.863884 -0.651404 -0.95359 0.212327 0.213505 -0.234386 0.289503 0.841468 0.456201 0.470217 0.31622 -0.384863 0.867113 0.400795 -0.930002 -0.306262 0.203222 -0.504304 0.187351 -0.87068 -0.45477 0.485867 
1533678863436 -0.0828842 0.496859 -0.863864 -0.651293 -0.953563 0.212335 0.213617 -0.234452 0.289566 0.841454 0.456187 0.47027 0.31622 -0.384863 0.867113 0.400795 -0.930002 -0.306262 0.203222 -0.504304 0.187351 -0.87068 -0.45477 0.485867 
1533678863515 -0.0829457 0.49685 -0.863864 -0.651139 -0.953543 0.21235 0.213689 -0.234444 0.289613 0.841456 0.456154 0.470353 0.31622 -0.384863 0.867113 0.400795 -0.930002 -0.306262 0.203222 -0.504304 0.187351 -0.87068 -0.45477 0.485867 
1533678863824 -0.082848 0.496888 -0.863851 -0.651155 -0.953568 0.212339 0.21359 -0.234486 0.28956 0.841436 0.456224 0.470304 0.31622 -0.384863 0.867113 0.400795 -0.930002 -0.306262 0.203222 -0.504304 0.187351 -0.87068 -0.45477 0.485867 
1533678863836 -0.0830507 0.496883 -0.863834 -0.651036 -0.953572 0.212184 0.213727 -0.234526 0.289489 0.841478 0.456191 0.470392 0.31622 -0.384863 0.867113 0.400795 -0.930002 -0.306262 0.203222 -0.504304 0.187351 -0.87068 -0.45477 0.485867 
1533678863928 -0.0832532 0.496878 -0.863818 -0.650914 -0.953575 0.212028 0.213865 -0.234567 0.289418 0.84152 0.456159 0.470478 0.31622 -0.384863 0.867113 0.400795 -0.930002 -0.306262 0.203222 -0.504304 0.187351 -0.87068 -0.45477 0.485867 
1533678863954 -0.0834563 0.496874 -0.863801 -0.65079 -0.953579 0.211872 0.214003 -0.234609 0.289348 0.841562 0.456126 0.470563 0.31622 -0.384863 0.867113 0.400795 -0.930002 -0.306262 0.203222 -0.504304 0.187351 -0.87068 -0.45477 0.485867 
1533678863972 -0.0836696 0.49688 -0.863776 -0.650681 -0.95358 0.211714 0.214155 -0.234678 0.289283 0.841598 0.456101 0.470637 0.31622 -0.384863 0.867113 0.400795 -0.930002 -0.306262 0.203222 -0.504304 0.187351 -0.87068 -0.45477 0.485867 
1533678864104 -0.0838814 0.496885 -0.863753 -0.650573 -0.953581 0.211556 0.214305 -0.234742 0.289217 0.841635 0.456074 0.470714 0.31622 -0.384863 0.867113 0.400795 -0.930002 -0.306262 0.203222 -0.504304 0.187351 -0.87068 -0.45477 0.485867 
1533678864216 -0.0840893 0.496885 -0.863733 -0.650459 -0.953584 0.211399 0.21445 -0.234797 0.289149 0.841674 0.456045 0.470794 0.31622 -0.384863 0.867113 0.400795 -0.930002 -0.306262 0.203222 -0.504304 0.187351 -0.87068 -0.45477 0.485867 
1533678864293 -0.084296 0.496885 -0.863713 -0.650343 -0.953586 0.211243 0.214593 -0.234849 0.289081 0.841714 0.456016 0.470876 0.31622 -0.384863 0.867113 0.400795 -0.930002 -0.306262 0.203222 -0.504304 0.187351 -0.87068 -0.45477 0.485867 
1533678864356 -0.0845028 0.496884 -0.863693 -0.650227 -0.953589 0.211086 0.214736 -0.234901 0.289013 0.841753 0.455986 0.470957 0.31622 -0.384863 0.867113 0.400795 -0.930002 -0.306262 0.203222 -0.504304 0.187351 -0.87068 -0.45477 0.485867 
1533678864411 -0.0846931 0.496867 -0.863684 -0.650086 -0.953595 0.210933 0.214857 -0.234911 0.288935 0.841802 0.455945 0.471056 0.31622 -0.384863 0.867113 0.400795 -0.930002 -0.306262 0.203222 -0.504304 0.187351 -0.87068 -0.45477 0.485867 
1533678864535 -0.0842308 0.496775 -0.863782 -0.650377 -0.953608 0.211252 0.214484 -0.234911 0.289026 0.841776 0.455935 0.470857 0.31622 -0.384863 0.867113 0.400795 -0.930002 -0.306262 0.203222 -0.504304 0.187351 -0.87068 -0.45477 0.485867 
1533678864550 -0.0845092 0.496785 -0.863749 -0.650236 -0.953607 0.211053 0.214688 -0.234932 0.288951 0.84182 0.455902 0.470962 0.31622 -0.384863 0.867113 0.400795 -0.930002 -0.306262 0.203222 -0.504304 0.187351 -0.87068 -0.45477 0.485867 
1533678864565 -0.0847879 0.496796 -0.863716 -0.650092 -0.953604 0.210855 0.214892 -0.234954 0.288876 0.841864 0.455869 0.471066 0.31622 -0.384863 0.867113 0.400795 -0.930002 -0.306262 0.203222 -0.504304 0.187351 -0.87068 -0.45477 0.485867 
1533678864581 -0.0850723 0.496811 -0.863679 -0.649954 -0.953601 0.210655 0.215104 -0.23499 0.288805 0.841904 0.455839 0.471162 0.31622 -0.384863 0.867113 0.400795 -0.930002 -0.306262 0.203222 -0.504304 0.187351 -0.87068 -0.45477 0.485867 
1533678864717 -0.0853614 0.496832 -0.863639 -0.649826 -0.953596 0.210455 0.215323 -0.235038 0.288736 0.841942 0.455812 0.471255 0.31622 -0.384863 0.867113 0.400795 -0.930002 -0.306262 0.203222 -0.504304 0.187351 -0.87068 -0.45477 0.485867 
1533678864859 -0.0856482 0.49685 -0.8636 -0.649695 -0.953591 0.210254 0.215538 -0.235081 0.288665 0.841982 0.455784 0.47135 0.31622 -0.384863 0.867113 0.400795 -0.930002 -0.306262 0.203222 -0.504304 0.187351 -0.87068 -0.45477 0.485867 
1533678864968 -0.0859317 0.496865 -0.863563 -0.649559 -0.953588 0.210055 0.215748 -0.235115 0.288593 0.842023 0.455754 0.471448 0.31622 -0.384863 0.867113 0.400795 -0.930002 -0.306262 0.203222 -0.504304 0.187351 -0.87068 -0.45477 0.485867 
1533678865034 -0.0862152 0.496879 -0.863526 -0.649423 -0.953584 0.209855 0.215959 -0.235149 0.288521 0.842064 0.455724 0.471547 0.31622 -0.384863 0.867113 0.400795 -0.930002 -0.306262 0.203222 -0.504304 0.187351 -0.87068 -0.45477 0.485867 
1533678865130 -0.0864988 0.496894 -0.863489 -0.649286 -0.95358 0.209656 0.21617 -0.235183 0.288449 0.842105 0.455693 0.471645 0.31622 -0.384863 0.867113 0.400795 -0.930002 -0.306262 0.203222 -0.504304 0.187351 -0.87068 -0.45477 0.485867 
1533678865186 -0.0867636 0.49689 -0.863465 -0.649122 -0.953581 0.209461 0.216355 -0.23517 0.288367 0.842156 0.455651 0.471763 0.31622 -0.384863 0.867113 0.400795 -0.930002 -0.306262 0.203222 -0.504304 0.187351 -0.87068 -0.45477 0.485867 
1533678865437 -0.0866884 0.496759 -0.863549 -0.649203 -0.95356 0.20961 0.216303 -0.235209 0.288459 0.842196 0.455518 0.471668 0.31622 -0.384863 0.867113 0.400795 -0.930002 -0.306262 0.203222 -0.504304 0.187351 -0.87068 -0.45477 0.485867 
1533678865448 -0.0868826 0.496778 -0.863518 -0.649102 -0.953563 0.209455 0.216441 -0.235224 0.288391 0.842223 0.455511 0.471747 0.31622 -0.384863 0.867113 0.400795 -0.930002 -0.306262 0.203222 -0.504304 0.187351 -0.87068 -0.45477 0.485867 
1533678865552 -0.0870775 0.496798 -0.863487 -0.648998 -0.953565 0.2093 0.21658 -0.23524 0.288324 0.84225 0.455504 0.471825 0.31622 -0.384863 0.867113 0.400795 -0.930002 -0.306262 0.203222 -0.504304 0.187351 -0.87068 -0.45477 0.485867 
1533678865569 -0.0872744 0.496819 -0.863455 -0.648893 -0.953567 0.209144 0.216721 -0.235261 0.288258 0.842276 0.455498 0.471899 0.31622 -0.384863 0.867113 0.400795 -0.930002 -0.306262 0.203222 -0.504304 0.187351 -0.87068 -0.45477 0.485867 
1533678865575 -0.0874783 0.496848 -0.863418 -0.648802 -0.953568 0.208987 0.216872 -0.235299 0.288195 0.842299 0.455496 0.471967 0.31622 -0.384863 0.867113 0.400795 -0.930002 -0.306262 0.203222 -0.504304 0.187351 -0.87068 -0.45477 0.485867 
1533678865712 -0.0876823 0.496876 -0.86338 -0.648712 -0.953568 0.20883 0.217023 -0.235338 0.288133 0.842321 0.455495 0.472036 0.31622 -0.384863 0.867113 0.400795 -0.930002 -0.306262 0.203222 -0.504304 0.187351 -0.87068 -0.45477 0.485867 
1533678865826 -0.0878829 0.496902 -0.863345 -0.648617 -0.953568 0.208673 0.21717 -0.235369 0.288069 0.842345 0.455491 0.472107 0.31622 -0.384863 0.867113 0.400795 -0.930002 -0.306262 0.203222 -0.504304 0.187351 -0.87068 -0.45477 0.485867 
1533678865896 -0.0880821 0.496925 -0.863312 -0.648519 -0.95357 0.208517 0.217314 -0.235396 0.288004 0.842369 0.455486 0.47218 0.31622 -0.384863 0.867113 0.400795 -0.930002 -0.306262 0.203222 -0.504304 0.187351 -0.87068 -0.45477 0.485867 
1533678865958 -0.0882813 0.496949 -0.863278 -0.648422 -0.953571 0.208361 0.217459 -0.235423 0.287939 0.842394 0.455482 0.472253 0.31622 -0.384863 0.867113 0.400795 -0.930002 -0.306262 0.203222 -0.504304 0.187351 -0.87068 -0.45477 0.485867 
1533678866009 -0.0884641 0.496956 -0.863255 -0.648299 -0.953576 0.208209 0.217581 -0.235408 0.287865 0.842427 0.455467 0.472344 0.31622 -0.384863 0.867113 0.400795 -0.930002 -0.306262 0.203222 -0.504304 0.187351 -0.87068 -0.45477 0.485867 
1533678866103 -0.08807 0.496932 -0.863309 -0.648585 -0.953543 0.208604 0.21735 -0.235324 0.288098 0.842344 0.455474 0.472165 0.31622 -0.384863 0.867113 0.400795 -0.930002 -0.306262 0.203222 -0.504304 0.187351 -0.87068 -0.45477 0.485867 
1533678866116 -0.0882559 0.496944 -0.863283 -0.648482 -0.953548 0.208447 0.217475 -0.235347 0.288022 0.842376 0.455463 0.472237 0.31622 -0.384863 0.867113 0.400795 -0.930002 -0.306262 0.203222 -0.504304 0.187351 -0.87068 -0.45477 0.485867 
1533678866132 -0.0884438 0.496956 -0.863257 -0.648375 -0.953554 0.208288 0.217602 -0.235371 0.287944 0.842408 0.455453 0.47231 0.31622 -0.384863 0.867113 0.400795 -0.930002 -0.306262 0.203222 -0.504304 0.187351 -0.87068 -0.45477 0.485867 
1533678866149 -0.0886321 0.49697 -0.86323 -0.648266 -0.95356 0.208129 0.217729 -0.235397 0.287868 0.842439 0.455443 0.472382 0.31622 -0.384863 0.867113 0.400795 -0.930002 -0.306262 0.203222 -0.504304 0.187351 -0.87068 -0.45477 0.485867 
1533678866166 -0.0888264 0.496989 -0.863199 -0.648166 -0.953564 0.207969 0.217864 -0.235437 0.287794 0.842467 0.455438 0.472447 0.31622 -0.384863 0.867113 0.400795 -0.930002 -0.306262 0.203222 -0.504304 0.187351 -0.87068 -0.45477 0.485867 
1533678866182 -0.0890221 0.49701 -0.863166 -0.648071 -0.953568 0.207808 0.218001 -0.235482 0.287721 0.842495 0.455433 0.472512 0.31622 -0.384863 0.867113 0.400795 -0.930002 -0.306262 0.203222 -0.504304 0.187351 -0.87068 -0.45477 0.485867 
1533678866348 -0.0892178 0.497031 -0.863134 -0.647975 -0.953571 0.207647 0.218138 -0.235526 0.287649 0.842522 0.455428 0.472576 0.31622 -0.384863 0.867113 0.400795 -0.930002 -0.306262 0.203222 -0.504304 0.187351 -0.87068 -0.45477 0.485867 
1533678866433 -0.0894097 0.497047 -0.863105 -0.647874 -0.953576 0.207487 0.21827 -0.235561 0.287574 0.842551 0.455421 0.472645 0.31622 -0.384863 0.867113 0.400795 -0.930002 -0.306262 0.203222 -0.504304 0.187351 -0.87068 -0.45477 0.485867 
1533678866503 -0.0896014 0.497064 -0.863075 -0.647773 -0.953581 0.207327 0.218402 -0.235596 0.287499 0.842581 0.455414 0.472713 0.31622 -0.384863 0.867113 0.400795 -0.930002 -0.306262 0.203222 -0.504304 0.187351 -0.87068 -0.45477 0.485867 
1533678866546 -0.0897785 0.497066 -0.863056 -0.647649 -0.953589 0.207171 0.218514 -0.235593 0.287416 0.842618 0.455397 0.472797 0.31622 -0.384863 0.867113 0.400795 -0.930002 -0.306262 0.203222 -0.504304 0.187351 -0.87068 -0.45477 0.485867 
1533678866639 -0.0892179 0.497068 -0.863113 -0.647879 -0.953577 0.207622 0.218139 -0.235624 0.287631 0.842506 0.455469 0.472687 0.31622 -0.384863 0.867113 0.400795 -0.930002 -0.306262 0.203222 -0.504304 0.187351 -0.87068 -0.45477 0.485867 
1533678866649 -0.0894042 0.497072 -0.863091 -0.647791 -0.953577 0.207481 0.21827 -0.235634 0.287571 0.842538 0.455447 0.472748 0.31622 -0.384863 0.867113 0.400795 -0.930002 -0.306262 0.203222 -0.504304 0.187351 -0.87068 -0.45477 0.485867 
1533678866666 -0.0895917 0.497076 -0.86307 -0.647701 -0.953578 0.20734 0.218402 -0.235644 0.287511 0.842571 0.455425 0.472807 0.31622 -0.384863 0.867113 0.400795 -0.930002 -0.306262 0.203222 -0.504304 0.187351 -0.87068 -0.45477 0.485867 
1533678866683 -0.0897793 0.497079 -0.863048 -0.64761 -0.953578 0.207199 0.218535 -0.235655 0.287452 0.842603 0.455402 0.472866 0.31622 -0.384863 0.867113 0.400795 -0.930002 -0.306262 0.203222 -0.504304 0.187351 -0.87068 -0.45477 0.485867 
1533678866699 -0.0899703 0.497087 -0.863024 -0.647522 -0.953577 0.207057 0.218672 -0.235674 0.287394 0.842634 0.455382 0.472921 0.31622 -0.384863 0.867113 0.400795 -0.930002 -0.306262 0.203222 -0.504304 0.187351 -0.87068 -0.45477 0.485867 
1533678866716 -0.0901647 0.497097 -0.862998 -0.647442 -0.953576 0.206914 0.218813 -0.235702 0.287338 0.842663 0.455363 0.472973 0.31622 -0.384863 0.867113 0.400795 -0.930002 -0.306262 0.203222 -0.504304 0.187351 -0.87068 -0.45477 0.485867 
1533678866844 -0.0903592 0.497108 -0.862971 -0.647362 -0.953574 0.206772 0.218955 -0.23573 0.287283 0.842692 0.455345 0.473025 0.31622 -0.384863 0.867113 0.400795 -0.930002 -0.306262 0.203222 -0.504304 0.187351 -0.87068 -0.45477 0.485867 
1533678866906 -0.0905532 0.497118 -0.862945 -0.647282 -0.953573 0.206629 0.219097 -0.235757 0.287226 0.842721 0.455327 0.473077 0.31622 -0.384863 0.867113 0.400795 -0.930002 -0.306262 0.203222 -0.504304 0.187351 -0.87068 -0.45477 0.485867 
1533678867002 -0.0907442 0.497125 -0.862921 -0.647196 -0.953572 0.206488 0.219234 -0.235776 0.287169 0.842751 0.455307 0.473133 0.31622 -0.384863 0.867113 0.400795 -0.930002 -0.306262 0.203222 -0.504304 0.187351 -0.87068 -0.45477 0.485867 
1533678867026 -0.090922 0.497118 -0.862906 -0.647091 -0.953575 0.206349 0.219353 -0.235762 0.287104 0.842789 0.455278 0.473202 0.31622 -0.384863 0.867113 0.400795 -0.930002 -0.306262 0.203222 -0.504304 0.187351 -0.87068 -0.45477 0.485867 
1533678867118 -0.0904864 0.497046 -0.862994 -0.647305 -0.953604 0.206606 0.218983 -0.235802 0.287144 0.842769 0.455289 0.47305 0.31622 -0.384863 0.867113 0.400795 -0.930002 -0.306262 0.203222 -0.504304 0.187351 -0.87068 -0.45477 0.485867 
1533678867129 -0.0906404 0.497058 -0.86297 -0.647228 -0.953604 0.206489 0.219094 -0.235809 0.287096 0.84279 0.45528 0.473106 0.31622 -0.384863 0.867113 0.400795 -0.930002 -0.306262 0.203222 -0.504304 0.187351 -0.87068 -0.45477 0.485867 
1533678867146 -0.090795 0.497071 -0.862946 -0.64715 -0.953604 0.206371 0.219206 -0.235817 0.287048 0.842812 0.455272 0.47316 0.31622 -0.384863 0.867113 0.400795 -0.930002 -0.306262 0.203222 -0.504304 0.187351 -0.87068 -0.45477 0.485867 
1533678867163 -0.0909494 0.497084 -0.862923 -0.647072 -0.953603 0.206253 0.219318 -0.235825 0.287 0.842833 0.455263 0.473216 0.31622 -0.384863 0.867113 0.400795 -0.930002 -0.306262 0.203222 -0.504304 0.187351 -0.87068 -0.45477 0.485867 
1533678867169 -0.0911046 0.497098 -0.862899 -0.64699 -0.953603 0.206134 0.219431 -0.235834 0.286952 0.842854 0.455254 0.473269 0.31622 -0.384863 0.867113 0.400795 -0.930002 -0.306262 0.203222 -0.504304 0.187351 -0.87068 -0.45477 0.485867 
1533678867183 -0.0912645 0.497116 -0.862871 -0.646918 -0.953601 0.206015 0.21955 -0.235855 0.286906 0.842872 0.455249 0.473317 0.31622 -0.384863 0.867113 0.400795 -0.930002 -0.306262 0.203222 -0.504304 0.187351 -0.87068 -0.45477 0.485867 
1533678867200 -0.091425 0.497135 -0.862843 -0.646847 -0.9536 0.205896 0.21967 -0.235878 0.286861 0.84289 0.455244 0.473365 0.31622 -0.384863 0.867113 0.400795 -0.930002 -0.306262 0.203222 -0.504304 0.187351 -0.87068 -0.45477 0.485867 
1533678867316 -0.0915856 0.497154 -0.862815 -0.646777 -0.953598 0.205776 0.21979 -0.235902 0.286816 0.842908 0.455239 0.473413 0.31622 -0.384863 0.867113 0.400795 -0.930002 -0.306262 0.203222 -0.504304 0.187351 -0.87068 -0.45477 0.485867 
1533678867356 -0.0917462 0.497173 -0.862787 -0.646707 -0.953596 0.205657 0.21991 -0.235925 0.286771 0.842926 0.455234 0.473462 0.31622 -0.384863 0.867113 0.400795 -0.930002 -0.306262 0.203222 -0.504304 0.187351 -0.87068 -0.45477 0.485867 
1533678867465 -0.091893 0.497179 -0.862768 -0.646616 -0.953597 0.20554 0.220012 -0.235913 0.286719 0.842951 0.45522 0.473524 0.31622 -0.384863 0.867113 0.400795 -0.930002 -0.306262 0.203222 -0.504304 0.187351 -0.87068 -0.45477 0.485867 
1533678867554 -0.0916673 0.497138 -0.862816 -0.646765 -0.953596 0.205723 0.219845 -0.235889 0.286794 0.842931 0.455211 0.473413 0.31622 -0.384863 0.867113 0.400795 -0.930002 -0.306262 0.203222 -0.504304 0.187351 -0.87068 -0.45477 0.485867 
1533678867564 -0.0917915 0.497145 -0.862798 -0.646703 -0.953594 0.205634 0.219937 -0.235897 0.286761 0.842948 0.455199 0.473462 0.31622 -0.384863 0.867113 0.400795 -0.930002 -0.306262 0.203222 -0.504304 0.187351 -0.87068 -0.45477 0.485867 
1533678867581 -0.0919167 0.497153 -0.862781 -0.646638 -0.953592 0.205544 0.22003 -0.235907 0.286728 0.842966 0.455188 0.47351 0.31622 -0.384863 0.867113 0.400795 -0.930002 -0.306262 0.203222 -0.504304 0.187351 -0.87068 -0.45477 0.485867 
1533678867597 -0.0920421 0.49716 -0.862763 -0.646572 -0.95359 0.205454 0.220123 -0.235917 0.286694 0.842983 0.455177 0.473558 0.31622 -0.384863 0.867113 0.400795 -0.930002 -0.306262 0.203222 -0.504304 0.187351 -0.87068 -0.45477 0.485867 
1533678867614 -0.0921676 0.497168 -0.862745 -0.646505 -0.953588 0.205363 0.220216 -0.235927 0.28666 0.843 0.455166 0.473605 0.31622 -0.384863 0.867113 0.400795 -0.930002 -0.306262 0.203222 -0.504304 0.187351 -0.87068 -0.45477 0.485867 
1533678867621 -0.0922992 0.497182 -0.862723 -0.646446 -0.953585 0.205272 0.220317 -0.235953 0.28663 0.843014 0.455159 0.473645 0.31622 -0.384863 0.867113 0.400795 -0.930002 -0.306262 0.203222 -0.504304 0.187351 -0.87068 -0.45477 0.485867 
1533678867719 -0.0924305 0.497196 -0.862701 -0.64639 -0.953581 0.20518 0.220418 -0.235978 0.2866 0.843029 0.455152 0.473687 0.31622 -0.384863 0.867113 0.400795 -0.930002 -0.306262 0.203222 -0.504304 0.187351 -0.87068 -0.45477 0.485867 
