1534193774765 -0.0757193 0.889108 -0.451391 -0.49211 -0.996938 -0.0586447 0.0517202 -0.230342 0.0195132 0.453925 0.890826 0.381969 0.16008 -0.304787 0.938871 0.370831 -0.775623 0.549475 0.310623 -0.528794 -0.61056 -0.777934 -0.14844 0.432481 
1534193774776 -0.0545886 0.886836 -0.458849 -0.505074 -0.997543 -0.0282276 0.0641196 -0.229562 0.0439113 0.461222 0.886197 0.385385 0.316241 -0.38488 0.867098 0.400864 -0.930001 -0.306251 0.203246 -0.504429 0.187325 -0.870677 -0.454788 0.485926 
1534193775765 -0.0335616 0.883867 -0.466533 -0.5179 -0.997094 0.00232815 0.0761402 -0.228606 0.068384 0.467733 0.881221 0.388636 0.316241 -0.38488 0.867098 0.400864 -0.930001 -0.306251 0.203246 -0.504429 0.187325 -0.870677 -0.454788 0.485926 
1534193775775 -0.012718 0.880197 -0.474438 -0.530702 -0.995588 0.0329682 0.0878521 -0.227627 0.0929685 0.473462 0.875894 0.391871 0.316241 -0.38488 0.867098 0.400864 -0.930001 -0.306251 0.203246 -0.504429 0.187325 -0.870677 -0.454788 0.485926 
1534193776672 0.00789368 0.875829 -0.482556 -0.543537 -0.993022 0.0636497 0.0992789 -0.226689 0.117666 0.478405 0.87022 0.39515 0.316241 -0.38488 0.867098 0.400864 -0.930001 -0.306251 0.203246 -0.504429 0.187325 -0.870677 -0.454788 0.485926 
1534193777323 0.0282578 0.870772 -0.490874 -0.55639 -0.9894 0.0943401 0.110396 -0.225773 0.142439 0.482551 0.864208 0.398447 0.316241 -0.38488 0.867098 0.400864 -0.930001 -0.306251 0.203246 -0.504429 0.187325 -0.870677 -0.454788 0.485926 
1534193777991 0.0483599 0.86503 -0.499385 -0.569242 -0.984728 0.125008 0.121178 -0.224854 0.16725 0.485898 0.857864 0.401745 0.316241 -0.38488 0.867098 0.400864 -0.930001 -0.306251 0.203246 -0.504429 0.187325 -0.870677 -0.454788 0.485926 
1534193778663 0.0681774 0.858609 -0.508078 -0.58209 -0.97901 0.15562 0.131613 -0.223934 0.192071 0.48844 0.851196 0.405043 0.316241 -0.38488 0.867098 0.400864 -0.930001 -0.306251 0.203246 -0.504429 0.187325 -0.870677 -0.454788 0.485926 
1534193779344 0.0876883 0.851516 -0.516944 -0.594936 -0.972253 0.18614 0.14169 -0.223012 0.216875 0.490176 0.844211 0.408341 0.316241 -0.38488 0.867098 0.400864 -0.930001 -0.306251 0.203246 -0.504429 0.187325 -0.870677 -0.454788 0.485926 
1534193780023 0.107009 0.843644 -0.52613 -0.607048 -0.964466 0.216645 0.151226 -0.221621 0.241565 0.491252 0.83685 0.411788 0.316531 -0.385118 0.866887 0.401814 -0.929976 -0.306103 0.20358 -0.50615 0.186955 -0.870623 -0.455042 0.486735 
1534193780713 0.106164 0.843872 -0.525936 -0.606685 -0.964907 0.215187 0.150497 -0.221739 0.240175 0.491502 0.837103 0.411425 0.316531 -0.385118 0.866887 0.401814 -0.929976 -0.306103 0.20358 -0.50615 0.186955 -0.870623 -0.455042 0.486735 
1534193780724 0.108135 0.843052 -0.526849 -0.608084 -0.964032 0.218354 0.151539 -0.221686 0.242795 0.491513 0.836341 0.411775 0.316221 -0.384863 0.867113 0.400797 -0.930002 -0.306262 0.203223 -0.504308 0.187351 -0.87068 -0.45477 0.485869 
1534193780968 0.110102 0.842225 -0.527763 -0.609483 -0.963145 0.22152 0.152578 -0.221633 0.245415 0.491513 0.835575 0.412124 0.316221 -0.384863 0.867113 0.400797 -0.930002 -0.306262 0.203223 -0.504308 0.187351 -0.87068 -0.45477 0.485869 
1534193781207 0.112066 0.841392 -0.528679 -0.610882 -0.962248 0.224684 0.153612 -0.22158 0.248034 0.491505 0.834807 0.412474 0.316221 -0.384863 0.867113 0.400797 -0.930002 -0.306262 0.203223 -0.504308 0.187351 -0.87068 -0.45477 0.485869 
1534193781462 0.114027 0.840551 -0.529596 -0.612281 -0.961338 0.227846 0.154643 -0.221528 0.250652 0.491488 0.834034 0.412823 0.316221 -0.384863 0.867113 0.400797 -0.930002 -0.306262 0.203223 -0.504308 0.187351 -0.87068 -0.45477 0.485869 
1534193781698 0.115983 0.839703 -0.530515 -0.613682 -0.960418 0.231006 0.155669 -0.221476 0.253268 0.491462 0.833259 0.413173 0.31622 -0.384863 0.867113 0.400797 -0.930002 -0.306262 0.203222 -0.504307 0.187351 -0.87068 -0.45477 0.485868 
1534193781705 0.117935 0.838849 -0.531436 -0.615083 -0.959487 0.234164 0.156692 -0.221425 0.255884 0.491426 0.83248 0.413522 0.316221 -0.384863 0.867113 0.400796 -0.930002 -0.306262 0.203223 -0.504306 0.187351 -0.87068 -0.45477 0.485868 
1534193782041 0.119883 0.837987 -0.532359 -0.616482 -0.958544 0.23732 0.15771 -0.221372 0.258499 0.491382 0.831698 0.413871 0.316221 -0.384863 0.867113 0.400796 -0.930002 -0.306262 0.203223 -0.504306 0.187351 -0.87068 -0.45477 0.485868 
1534193782294 0.121827 0.837119 -0.533283 -0.617883 -0.95759 0.240474 0.158725 -0.221321 0.261112 0.491329 0.830913 0.41422 0.31622 -0.384863 0.867113 0.400796 -0.930002 -0.306262 0.203222 -0.504306 0.187351 -0.87068 -0.454769 0.485868 
1534193782533 0.123768 0.836243 -0.534209 -0.619283 -0.956625 0.243626 0.159735 -0.221269 0.263724 0.491267 0.830124 0.414569 0.31622 -0.384863 0.867113 0.400796 -0.930002 -0.306262 0.203222 -0.504306 0.187351 -0.87068 -0.454769 0.485868 
1534193782796 0.123575 0.836378 -0.534043 -0.618888 -0.956874 0.243013 0.159173 -0.221472 0.262908 0.491342 0.830339 0.414361 0.31622 -0.384863 0.867113 0.400796 -0.930002 -0.306262 0.203222 -0.504306 0.187351 -0.87068 -0.454769 0.485868 
1534193782809 0.124157 0.836566 -0.533613 -0.61903 -0.956717 0.243574 0.159259 -0.221443 0.263205 0.490744 0.830598 0.41424 0.31622 -0.384863 0.867113 0.400795 -0.930002 -0.306262 0.203222 -0.504304 0.187351 -0.87068 -0.454769 0.485867 
1534193782825 0.124737 0.836754 -0.533182 -0.619177 -0.95656 0.244133 0.159346 -0.221419 0.263501 0.490145 0.830858 0.414118 0.31622 -0.384863 0.867113 0.400795 -0.930002 -0.306262 0.203222 -0.504304 0.187351 -0.87068 -0.454769 0.485867 
1534193782833 0.125318 0.836942 -0.532751 -0.619325 -0.956403 0.244692 0.159435 -0.221395 0.263798 0.489545 0.831118 0.413995 0.31622 -0.384863 0.867113 0.400795 -0.930002 -0.306262 0.203222 -0.504304 0.187351 -0.87068 -0.454769 0.485867 
1534193782990 0.125898 0.837129 -0.53232 -0.619472 -0.956245 0.245251 0.159523 -0.221371 0.264093 0.488945 0.831377 0.413873 0.31622 -0.384863 0.867113 0.400795 -0.930002 -0.306262 0.203222 -0.504304 0.187351 -0.87068 -0.454769 0.485867 
1534193783040 0.126479 0.837315 -0.53189 -0.619618 -0.956087 0.24581 0.159611 -0.221346 0.264388 0.488345 0.831636 0.413751 0.31622 -0.384863 0.867113 0.400795 -0.930002 -0.306262 0.203222 -0.504304 0.187351 -0.87068 -0.454769 0.485867 
1534193783136 0.12706 0.837501 -0.531458 -0.619766 -0.955928 0.246369 0.159699 -0.221322 0.264683 0.487745 0.831894 0.413629 0.31622 -0.384863 0.867113 0.400795 -0.930002 -0.306262 0.203222 -0.504304 0.187351 -0.87068 -0.454769 0.485867 
1534193783195 0.127642 0.837686 -0.531027 -0.619912 -0.955769 0.246927 0.159788 -0.221297 0.264977 0.487144 0.832152 0.413507 0.31622 -0.384863 0.867113 0.400795 -0.930002 -0.306262 0.203222 -0.504304 0.187351 -0.87068 -0.454769 0.485867 
1534193783287 0.128222 0.837871 -0.530596 -0.62006 -0.95561 0.247486 0.159878 -0.221274 0.265272 0.486543 0.832411 0.413384 0.31622 -0.384863 0.867113 0.400795 -0.930002 -0.306262 0.203222 -0.504304 0.187351 -0.87068 -0.454769 0.485867 
1534193783357 0.128804 0.838054 -0.530164 -0.620207 -0.95545 0.248044 0.159967 -0.221249 0.265565 0.485941 0.832668 0.413262 0.31622 -0.384863 0.867113 0.400795 -0.930002 -0.306262 0.203222 -0.504304 0.187351 -0.87068 -0.454769 0.485867 
1534193783451 0.128173 0.837832 -0.530669 -0.620002 -0.955622 0.247449 0.159864 -0.221317 0.265253 0.486628 0.832367 0.413447 0.31622 -0.384863 0.867113 0.400795 -0.930002 -0.306262 0.203222 -0.504304 0.187351 -0.87068 -0.454769 0.485867 
1534193783464 0.128272 0.838232 -0.530013 -0.620014 -0.955472 0.247657 0.160437 -0.221352 0.265745 0.485832 0.832674 0.413395 0.31622 -0.384863 0.867113 0.400795 -0.930002 -0.306262 0.203222 -0.504304 0.187351 -0.87068 -0.454769 0.485867 
1534193783480 0.12837 0.838633 -0.529355 -0.62003 -0.955321 0.247864 0.161012 -0.22139 0.266238 0.485034 0.832982 0.413342 0.31622 -0.384863 0.867113 0.400795 -0.930002 -0.306262 0.203222 -0.504304 0.187351 -0.87068 -0.45477 0.485867 
1534193783615 0.128468 0.839033 -0.528696 -0.620046 -0.95517 0.248071 0.161588 -0.221428 0.266731 0.484236 0.833288 0.413289 0.31622 -0.384863 0.867113 0.400795 -0.930002 -0.306262 0.203222 -0.504304 0.187351 -0.87068 -0.45477 0.485867 
1534193783713 0.128566 0.839432 -0.528038 -0.620063 -0.955019 0.248277 0.162163 -0.221467 0.267225 0.483437 0.833594 0.413236 0.31622 -0.384863 0.867113 0.400795 -0.930002 -0.306262 0.203222 -0.504304 0.187351 -0.87068 -0.45477 0.485867 
1534193783811 0.128665 0.839832 -0.527379 -0.62008 -0.954868 0.248482 0.162739 -0.221506 0.267718 0.482638 0.833899 0.413183 0.31622 -0.384863 0.867113 0.400795 -0.930002 -0.306262 0.203222 -0.504304 0.187351 -0.87068 -0.45477 0.485867 
1534193783911 0.128764 0.84023 -0.526719 -0.620097 -0.954716 0.248687 0.163315 -0.221545 0.26821 0.481838 0.834203 0.41313 0.31622 -0.384863 0.867113 0.400795 -0.930002 -0.306262 0.203222 -0.504304 0.187351 -0.87068 -0.45477 0.485867 
1534193783998 0.128863 0.840628 -0.52606 -0.620112 -0.954564 0.248891 0.163891 -0.221583 0.268703 0.481038 0.834506 0.413077 0.31622 -0.384863 0.867113 0.400795 -0.930002 -0.306262 0.203222 -0.504304 0.187351 -0.87068 -0.45477 0.485867 
1534193784105 0.128963 0.841025 -0.5254 -0.62013 -0.954412 0.249095 0.164467 -0.221622 0.269195 0.480238 0.834809 0.413023 0.31622 -0.384863 0.867113 0.400795 -0.930002 -0.306262 0.203222 -0.504304 0.187351 -0.87068 -0.45477 0.485867 
1534193784192 0.129064 0.841422 -0.52474 -0.620146 -0.95426 0.249298 0.165043 -0.221661 0.269687 0.479437 0.83511 0.41297 0.31622 -0.384863 0.867113 0.400795 -0.930002 -0.306262 0.203222 -0.504304 0.187351 -0.87068 -0.45477 0.485867 
1534193784307 0.128966 0.841093 -0.52529 -0.620115 -0.954392 0.249111 0.164558 -0.221617 0.269264 0.48011 0.83486 0.413055 0.31622 -0.384863 0.867113 0.400795 -0.930002 -0.306262 0.203222 -0.504304 0.187351 -0.87068 -0.45477 0.485867 
1534193784318 0.128724 0.841069 -0.525389 -0.620056 -0.95449 0.248809 0.16445 -0.221752 0.269035 0.48031 0.834819 0.413091 0.31622 -0.384863 0.867113 0.400795 -0.930002 -0.306262 0.203222 -0.504304 0.187351 -0.87068 -0.45477 0.485867 
1534193784337 0.128481 0.841044 -0.525488 -0.619997 -0.954587 0.248507 0.164342 -0.221889 0.268806 0.480509 0.834778 0.413126 0.31622 -0.384863 0.867113 0.400795 -0.930002 -0.306262 0.203222 -0.504304 0.187351 -0.87068 -0.45477 0.485867 
1534193784352 0.128237 0.84102 -0.525586 -0.619939 -0.954684 0.248205 0.164234 -0.222026 0.268577 0.480708 0.834737 0.41316 0.31622 -0.384863 0.867113 0.400795 -0.930002 -0.306262 0.203222 -0.504304 0.187351 -0.87068 -0.45477 0.485867 
1534193784438 0.127993 0.840996 -0.525684 -0.619882 -0.954781 0.247902 0.164127 -0.222165 0.268348 0.480906 0.834697 0.413195 0.31622 -0.384863 0.867113 0.400795 -0.930002 -0.306262 0.203222 -0.504304 0.187351 -0.87068 -0.45477 0.485867 
1534193784445 0.12775 0.840971 -0.525783 -0.619823 -0.954878 0.2476 0.164019 -0.222301 0.268119 0.481105 0.834656 0.41323 0.31622 -0.384863 0.867113 0.400795 -0.930002 -0.306262 0.203222 -0.504304 0.187351 -0.87068 -0.45477 0.485867 
1534193784529 0.127506 0.840947 -0.525881 -0.619766 -0.954975 0.247297 0.163912 -0.22244 0.26789 0.481304 0.834615 0.413264 0.31622 -0.384863 0.867113 0.400795 -0.930002 -0.306262 0.203222 -0.504304 0.187351 -0.87068 -0.45477 0.485867 
1534193784580 0.127263 0.840922 -0.52598 -0.619708 -0.955072 0.246994 0.163804 -0.222577 0.26766 0.481502 0.834574 0.413299 0.31622 -0.384863 0.867113 0.400795 -0.930002 -0.306262 0.203222 -0.504304 0.187351 -0.87068 -0.45477 0.485867 
1534193784624 0.127019 0.840897 -0.526078 -0.61965 -0.955168 0.246692 0.163696 -0.222714 0.267431 0.481701 0.834533 0.413334 0.31622 -0.384863 0.867113 0.400795 -0.930002 -0.306262 0.203222 -0.504304 0.187351 -0.87068 -0.45477 0.485867 
1534193784631 0.126776 0.840872 -0.526177 -0.619593 -0.955265 0.246389 0.16359 -0.222853 0.267202 0.481899 0.834492 0.413368 0.31622 -0.384863 0.867113 0.400795 -0.930002 -0.306262 0.203222 -0.504304 0.187351 -0.87068 -0.45477 0.485867 
1534193784724 0.127431 0.840912 -0.525954 -0.619714 -0.955071 0.247093 0.16366 -0.222633 0.267583 0.481468 0.834618 0.413298 0.31622 -0.384863 0.867113 0.400795 -0.930002 -0.306262 0.203222 -0.504304 0.187351 -0.87068 -0.45477 0.485867 
1534193784736 0.12685 0.840896 -0.52612 -0.619561 -0.955154 0.246622 0.163884 -0.222916 0.267562 0.481737 0.83447 0.41333 0.31622 -0.384863 0.867113 0.400795 -0.930002 -0.306262 0.203222 -0.504304 0.187351 -0.87068 -0.45477 0.485867 
1534193784743 0.126268 0.84088 -0.526286 -0.619413 -0.955237 0.246151 0.16411 -0.223202 0.267543 0.482006 0.834321 0.413361 0.31622 -0.384863 0.867113 0.400795 -0.930002 -0.306262 0.203222 -0.504304 0.187351 -0.87068 -0.45477 0.485867 
1534193784908 0.125685 0.840864 -0.526451 -0.619266 -0.955319 0.24568 0.164336 -0.22349 0.267523 0.482274 0.834172 0.413391 0.31622 -0.384863 0.867113 0.400795 -0.930002 -0.306262 0.203222 -0.504304 0.187351 -0.87068 -0.45477 0.485867 
1534193785029 0.125102 0.840848 -0.526616 -0.619118 -0.955401 0.245209 0.164562 -0.223777 0.267502 0.482543 0.834024 0.413421 0.31622 -0.384863 0.867113 0.400795 -0.930002 -0.306262 0.203222 -0.504304 0.187351 -0.87068 -0.45477 0.485867 
1534193785149 0.12452 0.840831 -0.526781 -0.618969 -0.955483 0.244738 0.164787 -0.224064 0.267482 0.482811 0.833875 0.413452 0.31622 -0.384863 0.867113 0.400795 -0.930002 -0.306262 0.203222 -0.504304 0.187351 -0.87068 -0.45477 0.485867 
1534193785156 0.123937 0.840814 -0.526946 -0.618821 -0.955565 0.244267 0.165013 -0.224351 0.267461 0.483079 0.833726 0.413482 0.31622 -0.384863 0.867113 0.400795 -0.930002 -0.306262 0.203222 -0.504304 0.187351 -0.87068 -0.45477 0.485867 
1534193785338 0.123355 0.840796 -0.52711 -0.618673 -0.955646 0.243796 0.165239 -0.224637 0.26744 0.483348 0.833577 0.413513 0.31622 -0.384863 0.867113 0.400795 -0.930002 -0.306262 0.203222 -0.504304 0.187351 -0.87068 -0.45477 0.485867 
1534193785477 0.122772 0.840779 -0.527275 -0.618525 -0.955727 0.243325 0.165466 -0.224925 0.267419 0.483616 0.833428 0.413543 0.31622 -0.384863 0.867113 0.400795 -0.930002 -0.306262 0.203222 -0.504304 0.187351 -0.87068 -0.45477 0.485867 
1534193785615 0.12219 0.84076 -0.527439 -0.618377 -0.955807 0.242854 0.165692 -0.225212 0.267398 0.483884 0.833279 0.413574 0.31622 -0.384863 0.867113 0.400795 -0.930002 -0.306262 0.203222 -0.504304 0.187351 -0.87068 -0.45477 0.485867 
1534193785759 0.122544 0.840841 -0.527229 -0.6185 -0.955742 0.243149 0.165639 -0.224914 0.267471 0.483596 0.833423 0.413562 0.31622 -0.384863 0.867113 0.400795 -0.930002 -0.306262 0.203222 -0.504304 0.187351 -0.87068 -0.45477 0.485867 
1534193785772 0.12215 0.840846 -0.527312 -0.618228 -0.955726 0.242953 0.166019 -0.225009 0.267708 0.483686 0.833295 0.41356 0.31622 -0.384863 0.867113 0.400795 -0.930002 -0.306262 0.203222 -0.504304 0.187351 -0.87068 -0.45477 0.485867 
1534193785787 0.121756 0.840851 -0.527395 -0.617952 -0.95571 0.242756 0.166399 -0.225102 0.267945 0.483776 0.833166 0.413557 0.31622 -0.384863 0.867113 0.400795 -0.930002 -0.306262 0.203222 -0.504304 0.187351 -0.87068 -0.45477 0.485867 
1534193785927 0.121362 0.840855 -0.527478 -0.617676 -0.955693 0.242559 0.166779 -0.225195 0.268181 0.483867 0.833038 0.413555 0.31622 -0.384863 0.867113 0.400795 -0.930002 -0.306262 0.203222 -0.504304 0.187351 -0.87068 -0.45477 0.485867 
1534193785934 0.120968 0.84086 -0.527562 -0.6174 -0.955677 0.242362 0.167158 -0.225288 0.268418 0.483958 0.832909 0.413553 0.31622 -0.384863 0.867113 0.400795 -0.930002 -0.306262 0.203222 -0.504304 0.187351 -0.87068 -0.45477 0.485867 
1534193786094 0.120573 0.840865 -0.527644 -0.617125 -0.95566 0.242165 0.167538 -0.225382 0.268654 0.484048 0.83278 0.413551 0.31622 -0.384863 0.867113 0.400795 -0.930002 -0.306262 0.203222 -0.504304 0.187351 -0.87068 -0.45477 0.485867 
1534193786134 0.120179 0.840869 -0.527727 -0.616848 -0.955644 0.241968 0.167918 -0.225474 0.26889 0.484139 0.832651 0.413549 0.31622 -0.384863 0.867113 0.400795 -0.930002 -0.306262 0.203222 -0.504304 0.187351 -0.87068 -0.45477 0.485867 
1534193786265 0.119785 0.840873 -0.52781 -0.616572 -0.955627 0.241771 0.168298 -0.225568 0.269127 0.48423 0.832522 0.413547 0.31622 -0.384863 0.867113 0.400795 -0.930002 -0.306262 0.203222 -0.504304 0.187351 -0.87068 -0.45477 0.485867 
1534193786412 0.119391 0.840878 -0.527893 -0.616295 -0.95561 0.241575 0.168677 -0.22566 0.269363 0.484321 0.832392 0.413546 0.31622 -0.384863 0.867113 0.400795 -0.930002 -0.306262 0.203222 -0.504304 0.187351 -0.87068 -0.45477 0.485867 
1534193786525 0.118997 0.840882 -0.527975 -0.61602 -0.955592 0.241378 0.169057 -0.225753 0.269599 0.484411 0.832263 0.413544 0.31622 -0.384863 0.867113 0.400795 -0.930002 -0.306262 0.203222 -0.504304 0.187351 -0.87068 -0.45477 0.485867 
1534193786596 0.119343 0.840942 -0.5278 -0.616336 -0.95567 0.241417 0.168558 -0.225596 0.269168 0.484287 0.832475 0.41353 0.31622 -0.384863 0.867113 0.400795 -0.930002 -0.306262 0.203222 -0.504304 0.187351 -0.87068 -0.45477 0.485867 
1534193786606 0.11889 0.84102 -0.52778 -0.616071 -0.955672 0.24113 0.168963 -0.225656 0.269364 0.484296 0.832406 0.413559 0.31622 -0.384863 0.867113 0.400795 -0.930002 -0.306262 0.203222 -0.504304 0.187351 -0.87068 -0.45477 0.485867 
1534193786626 0.118436 0.841096 -0.527761 -0.6158 -0.955673 0.240842 0.169367 -0.225715 0.269561 0.484307 0.832336 0.413586 0.31622 -0.384863 0.867113 0.400795 -0.930002 -0.306262 0.203222 -0.504304 0.187351 -0.87068 -0.45477 0.485867 
1534193786686 0.117982 0.841172 -0.527741 -0.615529 -0.955673 0.240554 0.169772 -0.225774 0.269757 0.484318 0.832266 0.413614 0.31622 -0.384863 0.867113 0.400795 -0.930002 -0.306262 0.203222 -0.504304 0.187351 -0.87068 -0.45477 0.485867 
1534193786772 0.117528 0.841248 -0.527721 -0.615258 -0.955674 0.240266 0.170176 -0.225832 0.269953 0.484328 0.832197 0.413642 0.31622 -0.384863 0.867113 0.400795 -0.930002 -0.306262 0.203222 -0.504304 0.187351 -0.87068 -0.45477 0.485867 
1534193786841 0.117074 0.841324 -0.5277 -0.614989 -0.955674 0.239978 0.17058 -0.225892 0.270149 0.484339 0.832127 0.41367 0.31622 -0.384863 0.867113 0.400795 -0.930002 -0.306262 0.203222 -0.504304 0.187351 -0.87068 -0.45477 0.485867 
1534193786847 0.11662 0.8414 -0.52768 -0.614718 -0.955674 0.23969 0.170984 -0.22595 0.270345 0.48435 0.832057 0.413699 0.31622 -0.384863 0.867113 0.400795 -0.930002 -0.306262 0.203222 -0.504304 0.187351 -0.87068 -0.45477 0.485867 
1534193786985 0.116166 0.841476 -0.527659 -0.614448 -0.955674 0.239402 0.171388 -0.226008 0.270542 0.484361 0.831987 0.413727 0.31622 -0.384863 0.867113 0.400795 -0.930002 -0.306262 0.203222 -0.504304 0.187351 -0.87068 -0.45477 0.485867 
1534193787038 0.115712 0.841551 -0.527639 -0.614176 -0.955674 0.239115 0.171792 -0.226066 0.270737 0.484372 0.831916 0.413755 0.31622 -0.384863 0.867113 0.400795 -0.930002 -0.306262 0.203222 -0.504304 0.187351 -0.87068 -0.45477 0.485867 
1534193787138 0.115258 0.841626 -0.527618 -0.613906 -0.955673 0.238826 0.172196 -0.226125 0.270934 0.484383 0.831846 0.413784 0.31622 -0.384863 0.867113 0.400795 -0.930002 -0.306262 0.203222 -0.504304 0.187351 -0.87068 -0.45477 0.485867 
1534193787199 0.115738 0.841472 -0.527758 -0.614281 -0.95571 0.239089 0.171623 -0.226027 0.270597 0.484521 0.831875 0.413668 0.31622 -0.384863 0.867113 0.400795 -0.930002 -0.306262 0.203222 -0.504304 0.187351 -0.87068 -0.45477 0.485867 
1534193787211 0.115481 0.841522 -0.527736 -0.614059 -0.955752 0.238848 0.171724 -0.226079 0.270558 0.484555 0.831869 0.41373 0.31622 -0.384863 0.867113 0.400795 -0.930002 -0.306262 0.203222 -0.504304 0.187351 -0.87068 -0.45477 0.485867 
1534193787227 0.115224 0.84157 -0.527715 -0.613833 -0.955795 0.238607 0.171823 -0.226129 0.270517 0.484589 0.831862 0.413792 0.31622 -0.384863 0.867113 0.400795 -0.930002 -0.306262 0.203222 -0.504304 0.187351 -0.87068 -0.45477 0.485867 
1534193787244 0.114968 0.841619 -0.527693 -0.613608 -0.955837 0.238365 0.171922 -0.226179 0.270477 0.484623 0.831855 0.413855 0.31622 -0.384863 0.867113 0.400795 -0.930002 -0.306262 0.203222 -0.504304 0.187351 -0.87068 -0.45477 0.485867 
1534193787339 0.114712 0.841667 -0.527672 -0.613381 -0.95588 0.238124 0.172021 -0.226228 0.270436 0.484658 0.831848 0.413918 0.31622 -0.384863 0.867113 0.400795 -0.930002 -0.306262 0.203222 -0.504304 0.187351 -0.87068 -0.45477 0.485867 
1534193787396 0.114455 0.841716 -0.52765 -0.613156 -0.955922 0.237882 0.172121 -0.226278 0.270395 0.484692 0.831842 0.41398 0.31622 -0.384863 0.867113 0.400795 -0.930002 -0.306262 0.203222 -0.504304 0.187351 -0.87068 -0.45477 0.485867 
1534193787403 0.114199 0.841764 -0.527628 -0.61293 -0.955964 0.237641 0.17222 -0.226327 0.270355 0.484726 0.831835 0.414043 0.31622 -0.384863 0.867113 0.400795 -0.930002 -0.306262 0.203222 -0.504304 0.187351 -0.87068 -0.45477 0.485867 
1534193787525 0.113942 0.841813 -0.527606 -0.612704 -0.956006 0.2374 0.172319 -0.226377 0.270314 0.48476 0.831828 0.414105 0.31622 -0.384863 0.867113 0.400795 -0.930002 -0.306262 0.203222 -0.504304 0.187351 -0.87068 -0.45477 0.485867 
1534193787571 0.113686 0.841861 -0.527585 -0.612478 -0.956048 0.237159 0.172418 -0.226425 0.270273 0.484795 0.831821 0.414168 0.31622 -0.384863 0.867113 0.400795 -0.930002 -0.306262 0.203222 -0.504304 0.187351 -0.87068 -0.45477 0.485867 
1534193787654 0.11343 0.841909 -0.527563 -0.612252 -0.95609 0.236917 0.172517 -0.226475 0.270232 0.484829 0.831814 0.414231 0.31622 -0.384863 0.867113 0.400795 -0.930002 -0.306262 0.203222 -0.504304 0.187351 -0.87068 -0.45477 0.485867 
1534193787723 0.114002 0.841881 -0.527485 -0.612565 -0.95598 0.237459 0.172382 -0.226448 0.270381 0.484613 0.831892 0.4142 0.31622 -0.384863 0.867113 0.400795 -0.930002 -0.306262 0.203222 -0.504304 0.187351 -0.87068 -0.45477 0.485867 
1534193787733 0.113715 0.841845 -0.527604 -0.612407 -0.955982 0.237299 0.172591 -0.226471 0.270495 0.484754 0.831773 0.414261 0.31622 -0.384863 0.867113 0.400795 -0.930002 -0.306262 0.203222 -0.504304 0.187351 -0.87068 -0.45477 0.485867 
1534193787750 0.113428 0.841808 -0.527724 -0.612245 -0.955984 0.23714 0.1728 -0.226491 0.270609 0.484895 0.831653 0.414323 0.31622 -0.384863 0.867113 0.400795 -0.930002 -0.306262 0.203222 -0.504304 0.187351 -0.87068 -0.45477 0.485867 
1534193787768 0.113142 0.841772 -0.527844 -0.612083 -0.955985 0.236981 0.173009 -0.226511 0.270723 0.485037 0.831534 0.414385 0.31622 -0.384863 0.867113 0.400795 -0.930002 -0.306262 0.203222 -0.504304 0.187351 -0.87068 -0.45477 0.485867 
1534193787783 0.112855 0.841735 -0.527964 -0.61192 -0.955987 0.236822 0.173218 -0.226531 0.270837 0.485178 0.831414 0.414447 0.31622 -0.384863 0.867113 0.400795 -0.930002 -0.306262 0.203222 -0.504304 0.187351 -0.87068 -0.45477 0.485867 
1534193787877 0.112569 0.841698 -0.528084 -0.611757 -0.955989 0.236663 0.173426 -0.22655 0.27095 0.48532 0.831295 0.414509 0.31622 -0.384863 0.867113 0.400795 -0.930002 -0.306262 0.203222 -0.504304 0.187351 -0.87068 -0.45477 0.485867 
1534193787928 0.112282 0.841661 -0.528203 -0.611595 -0.95599 0.236503 0.173635 -0.22657 0.271064 0.485461 0.831175 0.414571 0.31622 -0.384863 0.867113 0.400795 -0.930002 -0.306262 0.203222 -0.504304 0.187351 -0.87068 -0.45477 0.485867 
1534193787973 0.111996 0.841624 -0.528323 -0.611432 -0.955991 0.236344 0.173844 -0.226589 0.271177 0.485603 0.831055 0.414633 0.31622 -0.384863 0.867113 0.400795 -0.930002 -0.306262 0.203222 -0.504304 0.187351 -0.87068 -0.45477 0.485867 
1534193788042 0.11171 0.841587 -0.528443 -0.61127 -0.955993 0.236185 0.174053 -0.226609 0.271291 0.485744 0.830936 0.414695 0.31622 -0.384863 0.867113 0.400795 -0.930002 -0.306262 0.203222 -0.504304 0.187351 -0.87068 -0.45477 0.485867 
1534193788087 0.111423 0.84155 -0.528562 -0.611107 -0.955994 0.236026 0.174261 -0.226628 0.271404 0.485886 0.830816 0.414758 0.31622 -0.384863 0.867113 0.400795 -0.930002 -0.306262 0.203222 -0.504304 0.187351 -0.87068 -0.45477 0.485867 
1534193788149 0.111888 0.84168 -0.528258 -0.611428 -0.955997 0.236252 0.173937 -0.226485 0.271201 0.485552 0.831077 0.414652 0.31622 -0.384863 0.867113 0.400795 -0.930002 -0.306262 0.203222 -0.504304 0.187351 -0.87068 -0.45477 0.485867 
1534193788162 0.111548 0.841636 -0.528399 -0.611291 -0.955952 0.236147 0.174328 -0.226517 0.271501 0.485678 0.830905 0.414675 0.31622 -0.384863 0.867113 0.400795 -0.930002 -0.306262 0.203222 -0.504304 0.187351 -0.87068 -0.45477 0.485867 
1534193788180 0.111207 0.841593 -0.52854 -0.61115 -0.955907 0.236041 0.17472 -0.226549 0.2718 0.485805 0.830733 0.414696 0.31622 -0.384863 0.867113 0.400795 -0.930002 -0.306262 0.203222 -0.504304 0.187351 -0.87068 -0.45477 0.485867 
1534193788195 0.110865 0.84155 -0.52868 -0.611008 -0.955861 0.235934 0.175112 -0.226582 0.2721 0.485931 0.830562 0.414718 0.31622 -0.384863 0.867113 0.400795 -0.930002 -0.306262 0.203222 -0.504304 0.187351 -0.87068 -0.45477 0.485867 
1534193788211 0.110524 0.841506 -0.528821 -0.610865 -0.955816 0.235828 0.175505 -0.226614 0.272399 0.486058 0.83039 0.41474 0.31622 -0.384863 0.867113 0.400795 -0.930002 -0.306262 0.203222 -0.504304 0.187351 -0.87068 -0.45477 0.485867 
1534193788299 0.110182 0.841463 -0.528962 -0.610725 -0.95577 0.235722 0.175896 -0.226646 0.272698 0.486185 0.830217 0.414762 0.31622 -0.384863 0.867113 0.400795 -0.930002 -0.306262 0.203222 -0.504304 0.187351 -0.87068 -0.45477 0.485867 
1534193788362 0.109841 0.841419 -0.529102 -0.610582 -0.955724 0.235616 0.176288 -0.226678 0.272997 0.486312 0.830044 0.414784 0.31622 -0.384863 0.867113 0.400795 -0.930002 -0.306262 0.203222 -0.504304 0.187351 -0.87068 -0.45477 0.485867 
1534193788415 0.109499 0.841375 -0.529242 -0.610441 -0.955677 0.23551 0.17668 -0.226711 0.273296 0.486439 0.829872 0.414806 0.31622 -0.384863 0.867113 0.400795 -0.930002 -0.306262 0.203222 -0.504304 0.187351 -0.87068 -0.45477 0.485867 
1534193788459 0.109158 0.841332 -0.529382 -0.6103 -0.955631 0.235404 0.177071 -0.226743 0.273594 0.486565 0.829699 0.414827 0.31622 -0.384863 0.867113 0.400795 -0.930002 -0.306262 0.203222 -0.504304 0.187351 -0.87068 -0.45477 0.485867 
1534193788507 0.108816 0.841288 -0.529522 -0.610157 -0.955584 0.235298 0.177463 -0.226774 0.273893 0.486692 0.829526 0.414849 0.31622 -0.384863 0.867113 0.400795 -0.930002 -0.306262 0.203222 -0.504304 0.187351 -0.87068 -0.45477 0.485867 
1534193788565 0.109826 0.841332 -0.529243 -0.610435 -0.955697 0.235683 0.176343 -0.226872 0.273097 0.486429 0.829943 0.414799 0.31622 -0.384863 0.867113 0.400795 -0.930002 -0.306262 0.203222 -0.504304 0.187351 -0.87068 -0.45477 0.485867 
1534193788574 0.10963 0.841419 -0.529145 -0.610337 -0.95569 0.235552 0.176558 -0.226876 0.273201 0.486342 0.829959 0.414766 0.31622 -0.384863 0.867113 0.400795 -0.930002 -0.306262 0.203222 -0.504304 0.187351 -0.87068 -0.45477 0.485867 
1534193788590 0.109434 0.841506 -0.529047 -0.610239 -0.955682 0.235419 0.176776 -0.226882 0.273306 0.486256 0.829975 0.414732 0.31622 -0.384863 0.867113 0.400795 -0.930002 -0.306262 0.203222 -0.504304 0.187351 -0.87068 -0.45477 0.485867 
1534193788607 0.109237 0.841594 -0.528949 -0.610142 -0.955675 0.235286 0.176993 -0.22689 0.273411 0.486169 0.829991 0.414697 0.31622 -0.384863 0.867113 0.400795 -0.930002 -0.306262 0.203222 -0.504304 0.187351 -0.87068 -0.45477 0.485867 
1534193788624 0.10904 0.841681 -0.528851 -0.610045 -0.955667 0.235153 0.177211 -0.226898 0.273516 0.486083 0.830008 0.414662 0.31622 -0.384863 0.867113 0.400795 -0.930002 -0.306262 0.203222 -0.504304 0.187351 -0.87068 -0.45477 0.485867 
1534193788640 0.108843 0.841768 -0.528753 -0.609948 -0.955659 0.23502 0.177429 -0.226906 0.273621 0.485996 0.830024 0.414627 0.31622 -0.384863 0.867113 0.400795 -0.930002 -0.306262 0.203222 -0.504304 0.187351 -0.87068 -0.45477 0.485867 
1534193788647 0.108646 0.841855 -0.528655 -0.60985 -0.955652 0.234887 0.177646 -0.226912 0.273727 0.485909 0.83004 0.414593 0.31622 -0.384863 0.867113 0.400795 -0.930002 -0.306262 0.203222 -0.504304 0.187351 -0.87068 -0.45477 0.485867 
1534193788730 0.108449 0.841942 -0.528556 -0.609754 -0.955644 0.234754 0.177864 -0.226921 0.273832 0.485822 0.830056 0.414558 0.31622 -0.384863 0.867113 0.400795 -0.930002 -0.306262 0.203222 -0.504304 0.187351 -0.87068 -0.45477 0.485867 
1534193788763 0.108252 0.842029 -0.528458 -0.609657 -0.955636 0.234622 0.178081 -0.226928 0.273937 0.485736 0.830072 0.414523 0.31622 -0.384863 0.867113 0.400795 -0.930002 -0.306262 0.203222 -0.504304 0.187351 -0.87068 -0.45477 0.485867 
1534193788770 0.108056 0.842116 -0.52836 -0.609559 -0.955628 0.234489 0.178298 -0.226935 0.274042 0.485649 0.830088 0.414489 0.31622 -0.384863 0.867113 0.400795 -0.930002 -0.306262 0.203222 -0.504304 0.187351 -0.87068 -0.45477 0.485867 
1534193788820 0.108797 0.841815 -0.528687 -0.6099 -0.955712 0.234883 0.177325 -0.22699 0.273454 0.48598 0.830088 0.414586 0.31622 -0.384863 0.867113 0.400795 -0.930002 -0.306262 0.203222 -0.504304 0.187351 -0.87068 -0.45477 0.485867 
1534193788832 0.108767 0.841874 -0.5286 -0.609808 -0.955768 0.234746 0.177204 -0.226989 0.273271 0.485945 0.830169 0.414541 0.31622 -0.384863 0.867113 0.400795 -0.930002 -0.306262 0.203222 -0.504304 0.187351 -0.87068 -0.45477 0.485867 
1534193788848 0.108739 0.841931 -0.528515 -0.609711 -0.955824 0.234611 0.177084 -0.226985 0.273088 0.485911 0.830249 0.414498 0.31622 -0.384863 0.867113 0.400795 -0.930002 -0.306262 0.203222 -0.504304 0.187351 -0.87068 -0.45477 0.485867 
1534193788871 0.10871 0.841988 -0.528429 -0.609614 -0.955879 0.234476 0.176963 -0.226982 0.272905 0.485877 0.830329 0.414454 0.31622 -0.384863 0.867113 0.400795 -0.930002 -0.306262 0.203222 -0.504304 0.187351 -0.87068 -0.45477 0.485867 
1534193788882 0.108682 0.842046 -0.528344 -0.609517 -0.955935 0.234342 0.176842 -0.226977 0.272722 0.485843 0.830409 0.41441 0.31622 -0.384863 0.867113 0.400795 -0.930002 -0.306262 0.203222 -0.504304 0.187351 -0.87068 -0.45477 0.485867 
1534193788898 0.108654 0.842103 -0.528259 -0.609419 -0.95599 0.234207 0.176721 -0.226973 0.272539 0.485809 0.830489 0.414367 0.31622 -0.384863 0.867113 0.400795 -0.930002 -0.306262 0.203222 -0.504304 0.187351 -0.87068 -0.45477 0.485867 
1534193788985 0.108625 0.84216 -0.528173 -0.609323 -0.956045 0.234072 0.1766 -0.22697 0.272356 0.485774 0.830569 0.414323 0.31622 -0.384863 0.867113 0.400795 -0.930002 -0.306262 0.203222 -0.504304 0.187351 -0.87068 -0.45477 0.485867 
1534193789001 0.108597 0.842217 -0.528088 -0.609225 -0.956101 0.233937 0.176479 -0.226965 0.272173 0.48574 0.830649 0.41428 0.31622 -0.384863 0.867113 0.400795 -0.930002 -0.306262 0.203222 -0.504304 0.187351 -0.87068 -0.45477 0.485867 
1534193789018 0.108568 0.842275 -0.528002 -0.609129 -0.956156 0.233802 0.176359 -0.226961 0.27199 0.485706 0.830729 0.414236 0.31622 -0.384863 0.867113 0.400795 -0.930002 -0.306262 0.203222 -0.504304 0.187351 -0.87068 -0.45477 0.485867 
1534193789035 0.108539 0.842332 -0.527917 -0.609032 -0.956211 0.233667 0.176238 -0.226958 0.271808 0.485671 0.830809 0.414192 0.31622 -0.384863 0.867113 0.400795 -0.930002 -0.306262 0.203222 -0.504304 0.187351 -0.87068 -0.45477 0.485867 
1534193789101 0.108514 0.842226 -0.528091 -0.609386 -0.956066 0.233947 0.176654 -0.226892 0.272327 0.485721 0.83061 0.414376 0.31622 -0.384863 0.867113 0.400795 -0.930002 -0.306262 0.203222 -0.504304 0.187351 -0.87068 -0.45477 0.485867 
1534193789116 0.10838 0.84225 -0.528081 -0.609307 -0.956124 0.233756 0.176594 -0.226898 0.272178 0.485771 0.83063 0.414388 0.31622 -0.384863 0.867113 0.400795 -0.930002 -0.306262 0.203222 -0.504304 0.187351 -0.87068 -0.45477 0.485867 
1534193789134 0.108247 0.842273 -0.528071 -0.609224 -0.956182 0.233565 0.176532 -0.226901 0.272028 0.485823 0.830649 0.414402 0.31622 -0.384863 0.867113 0.400795 -0.930002 -0.306262 0.203222 -0.504304 0.187351 -0.87068 -0.45477 0.485867 
1534193789149 0.108115 0.842296 -0.528061 -0.609142 -0.956239 0.233375 0.176471 -0.226904 0.271877 0.485874 0.830668 0.414415 0.31622 -0.384863 0.867113 0.400795 -0.930002 -0.306262 0.203222 -0.504304 0.187351 -0.87068 -0.45477 0.485867 
1534193789166 0.107982 0.842319 -0.528052 -0.609059 -0.956297 0.233185 0.17641 -0.226907 0.271727 0.485925 0.830687 0.414428 0.31622 -0.384863 0.867113 0.400795 -0.930002 -0.306262 0.203222 -0.504304 0.187351 -0.87068 -0.45477 0.485867 
1534193789186 0.107849 0.842342 -0.528042 -0.608977 -0.956355 0.232995 0.176348 -0.226911 0.271577 0.485976 0.830706 0.414441 0.31622 -0.384863 0.867113 0.400795 -0.930002 -0.306262 0.203222 -0.504304 0.187351 -0.87068 -0.45477 0.485867 
1534193789202 0.107717 0.842365 -0.528032 -0.608893 -0.956412 0.232805 0.176287 -0.226913 0.271426 0.486028 0.830725 0.414454 0.31622 -0.384863 0.867113 0.400795 -0.930002 -0.306262 0.203222 -0.504304 0.187351 -0.87068 -0.45477 0.485867 
1534193789219 0.107584 0.842388 -0.528023 -0.608811 -0.95647 0.232615 0.176225 -0.226917 0.271276 0.486079 0.830745 0.414468 0.31622 -0.384863 0.867113 0.400795 -0.930002 -0.306262 0.203222 -0.504304 0.187351 -0.87068 -0.45477 0.485867 
1534193789320 0.107452 0.842411 -0.528013 -0.608727 -0.956528 0.232425 0.176164 -0.226919 0.271126 0.48613 0.830764 0.414481 0.31622 -0.384863 0.867113 0.400795 -0.930002 -0.306262 0.203222 -0.504304 0.187351 -0.87068 -0.45477 0.485867 
1534193789335 0.107319 0.842434 -0.528004 -0.608645 -0.956585 0.232235 0.176102 -0.226922 0.270975 0.486181 0.830783 0.414494 0.31622 -0.384863 0.867113 0.400795 -0.930002 -0.306262 0.203222 -0.504304 0.187351 -0.87068 -0.45477 0.485867 
1534193789357 0.107517 0.842352 -0.528093 -0.608989 -0.956332 0.232834 0.176685 -0.226763 0.271789 0.486036 0.830602 0.414456 0.31622 -0.384863 0.867113 0.400795 -0.930002 -0.306262 0.203222 -0.504304 0.187351 -0.87068 -0.45477 0.485867 
1534193789364 0.107322 0.842355 -0.528129 -0.608925 -0.956333 0.232714 0.176836 -0.226785 0.271861 0.486089 0.830548 0.414484 0.31622 -0.384863 0.867113 0.400795 -0.930002 -0.306262 0.203222 -0.504304 0.187351 -0.87068 -0.45477 0.485867 
1534193789371 0.107125 0.842359 -0.528163 -0.60886 -0.956334 0.232592 0.176989 -0.22681 0.271935 0.486141 0.830493 0.41451 0.31622 -0.384863 0.867113 0.400795 -0.930002 -0.306262 0.203222 -0.504304 0.187351 -0.87068 -0.45477 0.485867 
1534193789387 0.106928 0.842362 -0.528198 -0.608793 -0.956336 0.232471 0.177142 -0.226834 0.272009 0.486193 0.830438 0.414536 0.31622 -0.384863 0.867113 0.400795 -0.930002 -0.306262 0.203222 -0.504304 0.187351 -0.87068 -0.45477 0.485867 
1534193789405 0.106731 0.842365 -0.528232 -0.608728 -0.956337 0.23235 0.177295 -0.226858 0.272082 0.486245 0.830384 0.414563 0.31622 -0.384863 0.867113 0.400795 -0.930002 -0.306262 0.203222 -0.504304 0.187351 -0.87068 -0.45477 0.485867 
1534193789421 0.106534 0.842369 -0.528267 -0.608663 -0.956338 0.232229 0.177448 -0.226882 0.272155 0.486297 0.830329 0.41459 0.31622 -0.384863 0.867113 0.400795 -0.930002 -0.306262 0.203222 -0.504304 0.187351 -0.87068 -0.45477 0.485867 
1534193789503 0.106336 0.842372 -0.528301 -0.608596 -0.956339 0.232107 0.177602 -0.226907 0.272229 0.486349 0.830275 0.414616 0.31622 -0.384863 0.867113 0.400795 -0.930002 -0.306262 0.203222 -0.504304 0.187351 -0.87068 -0.45477 0.485867 
1534193789520 0.106139 0.842375 -0.528335 -0.608531 -0.95634 0.231986 0.177755 -0.226931 0.272303 0.486401 0.83022 0.414642 0.31622 -0.384863 0.867113 0.400795 -0.930002 -0.306262 0.203222 -0.504304 0.187351 -0.87068 -0.45477 0.485867 
1534193789542 0.105942 0.842379 -0.52837 -0.608465 -0.956341 0.231865 0.177908 -0.226955 0.272376 0.486453 0.830165 0.414669 0.31622 -0.384863 0.867113 0.400795 -0.930002 -0.306262 0.203222 -0.504304 0.187351 -0.87068 -0.45477 0.485867 
1534193789564 0.105745 0.842382 -0.528404 -0.6084 -0.956342 0.231744 0.178061 -0.226979 0.272449 0.486506 0.830111 0.414696 0.31622 -0.384863 0.867113 0.400795 -0.930002 -0.306262 0.203222 -0.504304 0.187351 -0.87068 -0.45477 0.485867 
1534193789606 0.106372 0.842485 -0.528114 -0.608661 -0.956361 0.23205 0.177554 -0.22678 0.272136 0.486182 0.830403 0.414629 0.31622 -0.384863 0.867113 0.400795 -0.930002 -0.306262 0.203222 -0.504304 0.187351 -0.87068 -0.45477 0.485867 
1534193789617 0.106179 0.842498 -0.528132 -0.608546 -0.956413 0.231838 0.177553 -0.226812 0.272029 0.48626 0.830392 0.414647 0.31622 -0.384863 0.867113 0.400795 -0.930002 -0.306262 0.203222 -0.504304 0.187351 -0.87068 -0.45477 0.485867 
1534193789634 0.105986 0.84251 -0.528151 -0.608426 -0.956465 0.231625 0.177552 -0.226842 0.271922 0.48634 0.83038 0.414665 0.31622 -0.384863 0.867113 0.400795 -0.930002 -0.306262 0.203222 -0.504304 0.187351 -0.87068 -0.45477 0.485867 
1534193789651 0.105793 0.842522 -0.528171 -0.608306 -0.956517 0.231412 0.177551 -0.226872 0.271815 0.486421 0.830368 0.414684 0.31622 -0.384863 0.867113 0.400795 -0.930002 -0.306262 0.203222 -0.504304 0.187351 -0.87068 -0.45477 0.485867 
1534193789658 0.1056 0.842534 -0.52819 -0.608187 -0.956569 0.231199 0.177549 -0.226901 0.271708 0.486501 0.830356 0.414703 0.31622 -0.384863 0.867113 0.400795 -0.930002 -0.306262 0.203222 -0.504304 0.187351 -0.87068 -0.45477 0.485867 
1534193789698 0.105406 0.842547 -0.528209 -0.608068 -0.95662 0.230986 0.177548 -0.226932 0.271601 0.486581 0.830345 0.414721 0.31622 -0.384863 0.867113 0.400795 -0.930002 -0.306262 0.203222 -0.504304 0.187351 -0.87068 -0.45477 0.485867 
1534193789772 0.105213 0.842559 -0.528228 -0.607947 -0.956672 0.230773 0.177546 -0.226961 0.271494 0.486661 0.830333 0.41474 0.31622 -0.384863 0.867113 0.400795 -0.930002 -0.306262 0.203222 -0.504304 0.187351 -0.87068 -0.45477 0.485867 
1534193789813 0.10502 0.842571 -0.528247 -0.607828 -0.956724 0.23056 0.177545 -0.226991 0.271386 0.486741 0.830321 0.414758 0.31622 -0.384863 0.867113 0.400795 -0.930002 -0.306262 0.203222 -0.504304 0.187351 -0.87068 -0.45477 0.485867 
1534193789841 0.104827 0.842583 -0.528267 -0.607708 -0.956775 0.230347 0.177543 -0.22702 0.271279 0.486821 0.830309 0.414777 0.31622 -0.384863 0.867113 0.400795 -0.930002 -0.306262 0.203222 -0.504304 0.187351 -0.87068 -0.45477 0.485867 
1534193789877 0.104634 0.842595 -0.528286 -0.607589 -0.956827 0.230134 0.177541 -0.22705 0.271172 0.486901 0.830297 0.414796 0.31622 -0.384863 0.867113 0.400795 -0.930002 -0.306262 0.203222 -0.504304 0.187351 -0.87068 -0.45477 0.485867 
1534193789928 0.105197 0.842619 -0.528135 -0.607921 -0.956705 0.230682 0.177484 -0.226947 0.271383 0.486599 0.830405 0.414726 0.31622 -0.384863 0.867113 0.400795 -0.930002 -0.306262 0.203222 -0.504304 0.187351 -0.87068 -0.45477 0.485867 
1534193789939 0.104785 0.842624 -0.528209 -0.607742 -0.956696 0.230449 0.177836 -0.227012 0.271574 0.486701 0.830283 0.414734 0.31622 -0.384863 0.867113 0.400795 -0.930002 -0.306262 0.203222 -0.504304 0.187351 -0.87068 -0.45477 0.485867 
1534193789960 0.104372 0.842629 -0.528283 -0.60756 -0.956687 0.230214 0.178189 -0.227079 0.271765 0.486804 0.83016 0.414741 0.31622 -0.384863 0.867113 0.400795 -0.930002 -0.306262 0.203222 -0.504304 0.187351 -0.87068 -0.45477 0.485867 
1534193789977 0.103959 0.842634 -0.528357 -0.607378 -0.956678 0.22998 0.178542 -0.227147 0.271957 0.486906 0.830037 0.414747 0.31622 -0.384863 0.867113 0.400795 -0.930002 -0.306262 0.203222 -0.504304 0.187351 -0.87068 -0.45477 0.485867 
1534193790085 0.103546 0.842638 -0.528431 -0.607196 -0.956668 0.229746 0.178895 -0.227214 0.272148 0.487009 0.829914 0.414754 0.31622 -0.384863 0.867113 0.400795 -0.930002 -0.306262 0.203222 -0.504304 0.187351 -0.87068 -0.45477 0.485867 
1534193790149 0.103132 0.842642 -0.528505 -0.607013 -0.956658 0.229511 0.179248 -0.227283 0.27234 0.487112 0.829791 0.414759 0.31622 -0.384863 0.867113 0.400795 -0.930002 -0.306262 0.203222 -0.504304 0.187351 -0.87068 -0.45477 0.485867 
1534193790207 0.102719 0.842647 -0.528579 -0.606832 -0.956648 0.229277 0.179601 -0.22735 0.272531 0.487215 0.829667 0.414766 0.31622 -0.384863 0.867113 0.400795 -0.930002 -0.306262 0.203222 -0.504304 0.187351 -0.87068 -0.45477 0.485867 
1534193790271 0.102306 0.842651 -0.528652 -0.60665 -0.956638 0.229043 0.179954 -0.227417 0.272723 0.487318 0.829544 0.414773 0.31622 -0.384863 0.867113 0.400795 -0.930002 -0.306262 0.203222 -0.504304 0.187351 -0.87068 -0.45477 0.485867 
