1535140128198 0.660013 0.712561 -0.237989 -0.509265 -0.727724 0.685077 0.0329918 -0.147585 0.18655 0.151415 0.970707 0.322545 0.16008 -0.304787 0.938871 0.370831 -0.775623 0.549475 0.310623 -0.528794 -0.61056 -0.777934 -0.14844 0.432481 
1535140128217 0.624237 0.742005 -0.24445 -0.521868 -0.757108 0.651744 0.0449265 -0.157102 0.192655 0.15703 0.968621 0.32754 0.316225 -0.384867 0.86711 0.400813 -0.930002 -0.30626 0.203228 -0.504337 0.187345 -0.870679 -0.454774 0.485882 
1535140128227 0.587097 0.769837 -0.250337 -0.534471 -0.784809 0.617097 0.0571429 -0.166619 0.198473 0.162918 0.966471 0.332535 0.316225 -0.384867 0.86711 0.400813 -0.930002 -0.30626 0.203228 -0.504337 0.187345 -0.870679 -0.454774 0.485882 
1535140129618 0.548674 0.795993 -0.255638 -0.547074 -0.810767 0.581215 0.0696146 -0.176136 0.203993 0.169067 0.964263 0.337531 0.316225 -0.384867 0.86711 0.400813 -0.930002 -0.30626 0.203228 -0.504337 0.187345 -0.870679 -0.454774 0.485882 
1535140130618 0.509052 0.82042 -0.26034 -0.559676 -0.834925 0.544173 0.0823148 -0.185652 0.209203 0.175462 0.962002 0.342526 0.316225 -0.384867 0.86711 0.400813 -0.930002 -0.30626 0.203228 -0.504337 0.187345 -0.870679 -0.454774 0.485882 
1535140130625 0.468319 0.843061 -0.264434 -0.572277 -0.85723 0.506055 0.0952152 -0.195168 0.21409 0.18209 0.959692 0.347522 0.316225 -0.384867 0.86711 0.400813 -0.930002 -0.30626 0.203228 -0.504337 0.187345 -0.870679 -0.454774 0.485882 
1535140132051 0.426563 0.863868 -0.267911 -0.584875 -0.877632 0.466943 0.108287 -0.204683 0.218645 0.188936 0.957339 0.352518 0.316225 -0.384867 0.86711 0.400813 -0.930002 -0.30626 0.203228 -0.504337 0.187345 -0.870679 -0.454774 0.485882 
1535140133076 0.383876 0.882795 -0.270764 -0.597471 -0.896088 0.426923 0.121503 -0.214197 0.222858 0.195986 0.954947 0.357515 0.316225 -0.384867 0.86711 0.400813 -0.930002 -0.30626 0.203228 -0.504337 0.187345 -0.870679 -0.454774 0.485882 
1535140134097 0.340351 0.8998 -0.272986 -0.610061 -0.912557 0.386083 0.134833 -0.223708 0.226718 0.203225 0.952522 0.362513 0.316225 -0.384867 0.86711 0.400813 -0.930002 -0.30626 0.203228 -0.504337 0.187345 -0.870679 -0.454774 0.485882 
1535140135142 0.29624 0.914721 -0.274823 -0.62106 -0.926951 0.344704 0.148125 -0.232482 0.230226 0.210867 0.950016 0.367845 0.316379 -0.384993 0.866998 0.401317 -0.929989 -0.306181 0.203405 -0.505249 0.187149 -0.870651 -0.454908 0.48631 
1535140136173 0.296847 0.914501 -0.2749 -0.620772 -0.926871 0.345195 0.14748 -0.232544 0.229765 0.211018 0.950095 0.367576 0.316379 -0.384993 0.866998 0.401317 -0.929989 -0.306181 0.203405 -0.505249 0.187149 -0.870651 -0.454908 0.48631 
1535140136186 0.294964 0.914729 -0.276166 -0.621178 -0.927384 0.343672 0.147815 -0.233 0.230121 0.212512 0.949675 0.367715 0.316221 -0.384863 0.867113 0.400797 -0.930002 -0.306262 0.203223 -0.504308 0.187351 -0.87068 -0.45477 0.485869 
1535140136193 0.29308 0.914951 -0.277432 -0.621583 -0.927893 0.342148 0.148152 -0.233457 0.230474 0.214007 0.949254 0.367854 0.316221 -0.384863 0.867113 0.400797 -0.930002 -0.306262 0.203223 -0.504308 0.187351 -0.87068 -0.45477 0.485869 
1535140136484 0.291194 0.915169 -0.278696 -0.621991 -0.9284 0.340624 0.148491 -0.233914 0.230825 0.215502 0.94883 0.367992 0.31622 -0.384863 0.867113 0.400797 -0.930002 -0.306262 0.203222 -0.504307 0.187351 -0.87068 -0.45477 0.485868 
1535140136699 0.289307 0.915382 -0.279959 -0.622399 -0.928903 0.339099 0.148832 -0.234371 0.231172 0.216996 0.948405 0.368131 0.316221 -0.384863 0.867113 0.400796 -0.930002 -0.306262 0.203223 -0.504306 0.187351 -0.87068 -0.45477 0.485868 
1535140136906 0.287419 0.91559 -0.281221 -0.622805 -0.929403 0.337574 0.149175 -0.234828 0.231516 0.218492 0.947978 0.36827 0.316221 -0.384863 0.867113 0.400796 -0.930002 -0.306262 0.203223 -0.504306 0.187351 -0.87068 -0.45477 0.485868 
1535140137113 0.285529 0.915794 -0.282481 -0.623214 -0.929901 0.336048 0.149521 -0.235285 0.231857 0.219987 0.947549 0.368408 0.31622 -0.384863 0.867113 0.400796 -0.930002 -0.306262 0.203222 -0.504306 0.187351 -0.87068 -0.454769 0.485868 
1535140137118 0.283638 0.915992 -0.28374 -0.623621 -0.930395 0.334521 0.149868 -0.235742 0.232195 0.221482 0.947117 0.368547 0.31622 -0.384863 0.867113 0.400796 -0.930002 -0.306262 0.203222 -0.504306 0.187351 -0.87068 -0.454769 0.485868 
1535140137417 0.281745 0.916186 -0.284998 -0.624029 -0.930886 0.332994 0.150218 -0.2362 0.23253 0.222977 0.946684 0.368685 0.31622 -0.384863 0.867113 0.400796 -0.930002 -0.306262 0.203222 -0.504305 0.187351 -0.87068 -0.45477 0.485867 
1535140137424 0.279851 0.916374 -0.286254 -0.624436 -0.931374 0.331467 0.15057 -0.236656 0.232862 0.224473 0.946249 0.368824 0.31622 -0.384863 0.867113 0.400796 -0.930002 -0.306262 0.203222 -0.504305 0.187351 -0.87068 -0.45477 0.485867 
1535140137736 0.280375 0.916378 -0.285729 -0.624257 -0.931268 0.331832 0.150421 -0.236512 0.232656 0.223916 0.946431 0.368787 0.31622 -0.384863 0.867113 0.400796 -0.930002 -0.306262 0.203222 -0.504305 0.187351 -0.87068 -0.45477 0.485867 
1535140137748 0.27764 0.917093 -0.286107 -0.624999 -0.932011 0.32935 0.151274 -0.237059 0.232962 0.224655 0.946181 0.369166 0.31622 -0.384863 0.867113 0.400795 -0.930002 -0.306262 0.203222 -0.504304 0.187351 -0.87068 -0.454769 0.485867 
1535140138025 0.274883 0.9178 -0.2865 -0.62575 -0.932751 0.326851 0.152135 -0.237615 0.233272 0.225414 0.945924 0.369547 0.31622 -0.384863 0.867113 0.400795 -0.930002 -0.306262 0.203222 -0.504304 0.187351 -0.87068 -0.454769 0.485867 
1535140138295 0.272122 0.9185 -0.286891 -0.626501 -0.933482 0.324349 0.152997 -0.238172 0.233581 0.226173 0.945667 0.369929 0.31622 -0.384863 0.867113 0.400795 -0.930002 -0.306262 0.203222 -0.504304 0.187351 -0.87068 -0.454769 0.485867 
1535140138569 0.26936 0.919193 -0.287278 -0.627253 -0.934207 0.321846 0.153861 -0.238728 0.233887 0.226934 0.945409 0.370311 0.31622 -0.384863 0.867113 0.400795 -0.930002 -0.306262 0.203222 -0.504304 0.187351 -0.87068 -0.454769 0.485867 
1535140138840 0.266595 0.919878 -0.287664 -0.628005 -0.934923 0.319341 0.154725 -0.239284 0.234191 0.227695 0.945151 0.370692 0.31622 -0.384863 0.867113 0.400795 -0.930002 -0.306262 0.203222 -0.504304 0.187351 -0.87068 -0.454769 0.485867 
1535140139118 0.263829 0.920556 -0.288046 -0.628757 -0.935632 0.316834 0.15559 -0.239841 0.234493 0.228456 0.944892 0.371074 0.31622 -0.384863 0.867113 0.400795 -0.930002 -0.306262 0.203222 -0.504304 0.187351 -0.87068 -0.454769 0.485867 
1535140139393 0.26106 0.921226 -0.288427 -0.629508 -0.936334 0.314326 0.156456 -0.240397 0.234792 0.229219 0.944633 0.371456 0.31622 -0.384863 0.867113 0.400795 -0.930002 -0.306262 0.203222 -0.504304 0.187351 -0.87068 -0.454769 0.485867 
1535140139681 0.258288 0.921889 -0.288804 -0.63026 -0.937027 0.311815 0.157324 -0.240953 0.235089 0.229983 0.944374 0.371837 0.31622 -0.384863 0.867113 0.400795 -0.930002 -0.306262 0.203222 -0.504304 0.187351 -0.87068 -0.454769 0.485867 
1535140139961 0.255515 0.922544 -0.289179 -0.631011 -0.937714 0.309303 0.158192 -0.241509 0.235383 0.230747 0.944114 0.372219 0.31622 -0.384863 0.867113 0.400795 -0.930002 -0.306262 0.203222 -0.504304 0.187351 -0.87068 -0.454769 0.485867 
1535140140262 0.256056 0.922443 -0.289025 -0.630792 -0.937605 0.309754 0.15795 -0.241454 0.235227 0.230547 0.944202 0.372104 0.31622 -0.384863 0.867113 0.400795 -0.930002 -0.306262 0.203222 -0.504304 0.187351 -0.87068 -0.454769 0.485867 
1535140140273 0.254974 0.922887 -0.288563 -0.63108 -0.937983 0.308561 0.158043 -0.241648 0.234895 0.23037 0.944327 0.37225 0.31622 -0.384863 0.867113 0.400795 -0.930002 -0.306262 0.203222 -0.504304 0.187351 -0.87068 -0.45477 0.485867 
1535140140421 0.253891 0.92333 -0.2881 -0.631373 -0.93836 0.307366 0.158135 -0.241845 0.234563 0.230192 0.944453 0.372396 0.31622 -0.384863 0.867113 0.400795 -0.930002 -0.306262 0.203222 -0.504304 0.187351 -0.87068 -0.45477 0.485867 
1535140140604 0.252808 0.923771 -0.287637 -0.631665 -0.938735 0.306171 0.158227 -0.242041 0.234231 0.230014 0.944579 0.372542 0.31622 -0.384863 0.867113 0.400795 -0.930002 -0.306262 0.203222 -0.504304 0.187351 -0.87068 -0.45477 0.485867 
1535140140781 0.251725 0.924211 -0.287174 -0.631958 -0.939109 0.304975 0.158318 -0.242237 0.2339 0.229835 0.944704 0.372687 0.31622 -0.384863 0.867113 0.400795 -0.930002 -0.306262 0.203222 -0.504304 0.187351 -0.87068 -0.45477 0.485867 
1535140140971 0.25064 0.924649 -0.286711 -0.632251 -0.939481 0.303779 0.158408 -0.242434 0.233569 0.229656 0.94483 0.372832 0.31622 -0.384863 0.867113 0.400795 -0.930002 -0.306262 0.203222 -0.504304 0.187351 -0.87068 -0.45477 0.485867 
1535140141157 0.249556 0.925086 -0.286247 -0.632545 -0.939852 0.302583 0.158498 -0.24263 0.233238 0.229476 0.944955 0.372978 0.31622 -0.384863 0.867113 0.400795 -0.930002 -0.306262 0.203222 -0.504304 0.187351 -0.87068 -0.45477 0.485867 
1535140141337 0.24847 0.925521 -0.285784 -0.632837 -0.940222 0.301386 0.158587 -0.242826 0.232907 0.229296 0.945081 0.373123 0.31622 -0.384863 0.867113 0.400795 -0.930002 -0.306262 0.203222 -0.504304 0.187351 -0.87068 -0.45477 0.485867 
1535140141511 0.247385 0.925955 -0.285321 -0.633129 -0.94059 0.300188 0.158675 -0.243023 0.232576 0.229116 0.945206 0.373269 0.31622 -0.384863 0.867113 0.400795 -0.930002 -0.306262 0.203222 -0.504304 0.187351 -0.87068 -0.45477 0.485867 
1535140141698 0.246298 0.926387 -0.284857 -0.633423 -0.940956 0.29899 0.158763 -0.243219 0.232246 0.228935 0.945331 0.373414 0.31622 -0.384863 0.867113 0.400795 -0.930002 -0.306262 0.203222 -0.504304 0.187351 -0.87068 -0.45477 0.485867 
1535140141886 0.24656 0.926246 -0.28509 -0.633269 -0.940862 0.299306 0.158727 -0.243052 0.232349 0.229094 0.945267 0.373263 0.31622 -0.384863 0.867113 0.400795 -0.930002 -0.306262 0.203222 -0.504304 0.187351 -0.87068 -0.45477 0.485867 
1535140141898 0.246066 0.926505 -0.284676 -0.633405 -0.941031 0.298723 0.158821 -0.2432 0.232188 0.228808 0.945376 0.373293 0.31622 -0.384863 0.867113 0.400795 -0.930002 -0.306262 0.203222 -0.504304 0.187351 -0.87068 -0.45477 0.485867 
1535140141914 0.245571 0.926764 -0.28426 -0.633549 -0.941201 0.29814 0.158915 -0.243352 0.232026 0.22852 0.945485 0.373323 0.31622 -0.384863 0.867113 0.400795 -0.930002 -0.306262 0.203222 -0.504304 0.187351 -0.87068 -0.45477 0.485867 
1535140142075 0.245076 0.927022 -0.283844 -0.63369 -0.941369 0.297556 0.159009 -0.243502 0.231864 0.228232 0.945594 0.373352 0.31622 -0.384863 0.867113 0.400795 -0.930002 -0.306262 0.203222 -0.504304 0.187351 -0.87068 -0.45477 0.485867 
1535140142205 0.244581 0.92728 -0.283427 -0.633832 -0.941538 0.296972 0.159103 -0.243653 0.231703 0.227944 0.945704 0.373381 0.31622 -0.384863 0.867113 0.400795 -0.930002 -0.306262 0.203222 -0.504304 0.187351 -0.87068 -0.45477 0.485867 
1535140142326 0.244086 0.927538 -0.283011 -0.633975 -0.941706 0.296388 0.159196 -0.243805 0.231542 0.227656 0.945813 0.373411 0.31622 -0.384863 0.867113 0.400795 -0.930002 -0.306262 0.203222 -0.504304 0.187351 -0.87068 -0.45477 0.485867 
1535140142446 0.24359 0.927795 -0.282595 -0.634116 -0.941874 0.295804 0.159289 -0.243955 0.231381 0.227367 0.945921 0.37344 0.31622 -0.384863 0.867113 0.400795 -0.930002 -0.306262 0.203222 -0.504304 0.187351 -0.87068 -0.45477 0.485867 
1535140142560 0.243095 0.928052 -0.282178 -0.634259 -0.942042 0.29522 0.159382 -0.244106 0.23122 0.227078 0.94603 0.37347 0.31622 -0.384863 0.867113 0.400795 -0.930002 -0.306262 0.203222 -0.504304 0.187351 -0.87068 -0.45477 0.485867 
1535140142684 0.242599 0.928308 -0.281762 -0.6344 -0.942209 0.294636 0.159475 -0.244257 0.231059 0.22679 0.946139 0.373499 0.31622 -0.384863 0.867113 0.400795 -0.930002 -0.306262 0.203222 -0.504304 0.187351 -0.87068 -0.45477 0.485867 
1535140142810 0.242103 0.928564 -0.281345 -0.634541 -0.942376 0.294051 0.159567 -0.244407 0.230898 0.226501 0.946247 0.373529 0.31622 -0.384863 0.867113 0.400795 -0.930002 -0.306262 0.203222 -0.504304 0.187351 -0.87068 -0.45477 0.485867 
1535140142957 0.242407 0.928362 -0.281749 -0.634449 -0.942276 0.294433 0.159456 -0.244231 0.230989 0.226832 0.946146 0.373472 0.31622 -0.384863 0.867113 0.400795 -0.930002 -0.306262 0.203222 -0.504304 0.187351 -0.87068 -0.45477 0.485867 
1535140142971 0.242597 0.92838 -0.281527 -0.634465 -0.94216 0.294641 0.159752 -0.244284 0.23126 0.226488 0.946162 0.373477 0.31622 -0.384863 0.867113 0.400795 -0.930002 -0.306262 0.203222 -0.504304 0.187351 -0.87068 -0.45477 0.485867 
1535140142987 0.242786 0.928398 -0.281304 -0.634485 -0.942045 0.294849 0.160048 -0.244339 0.23153 0.226143 0.946178 0.373482 0.31622 -0.384863 0.867113 0.400795 -0.930002 -0.306262 0.203222 -0.504304 0.187351 -0.87068 -0.45477 0.485867 
1535140143009 0.242975 0.928416 -0.281081 -0.634505 -0.94193 0.295056 0.160343 -0.244395 0.2318 0.225799 0.946194 0.373487 0.31622 -0.384863 0.867113 0.400795 -0.930002 -0.306262 0.203222 -0.504304 0.187351 -0.87068 -0.45477 0.485867 
1535140143025 0.243164 0.928434 -0.280857 -0.634525 -0.941815 0.295263 0.160639 -0.24445 0.23207 0.225454 0.94621 0.373491 0.31622 -0.384863 0.867113 0.400795 -0.930002 -0.306262 0.203222 -0.504304 0.187351 -0.87068 -0.45477 0.485867 
1535140143082 0.243354 0.928452 -0.280634 -0.634546 -0.941699 0.29547 0.160935 -0.244506 0.23234 0.225109 0.946226 0.373495 0.31622 -0.384863 0.867113 0.400795 -0.930002 -0.306262 0.203222 -0.504304 0.187351 -0.87068 -0.45477 0.485867 
1535140143118 0.243543 0.92847 -0.280411 -0.634567 -0.941584 0.295677 0.161231 -0.244561 0.232609 0.224764 0.946242 0.3735 0.31622 -0.384863 0.867113 0.400795 -0.930002 -0.306262 0.203222 -0.504304 0.187351 -0.87068 -0.45477 0.485867 
1535140143170 0.243732 0.928488 -0.280188 -0.634587 -0.941468 0.295884 0.161527 -0.244616 0.232879 0.224419 0.946258 0.373504 0.31622 -0.384863 0.867113 0.400795 -0.930002 -0.306262 0.203222 -0.504304 0.187351 -0.87068 -0.45477 0.485867 
1535140143177 0.243922 0.928505 -0.279965 -0.634608 -0.941352 0.29609 0.161823 -0.244672 0.233149 0.224073 0.946273 0.373509 0.31622 -0.384863 0.867113 0.400795 -0.930002 -0.306262 0.203222 -0.504304 0.187351 -0.87068 -0.45477 0.485867 
1535140143221 0.244111 0.928523 -0.279742 -0.634628 -0.941236 0.296297 0.16212 -0.244727 0.233418 0.223728 0.946288 0.373513 0.31622 -0.384863 0.867113 0.400795 -0.930002 -0.306262 0.203222 -0.504304 0.187351 -0.87068 -0.45477 0.485867 
1535140143270 0.243797 0.928417 -0.280368 -0.634539 -0.94153 0.2959 0.161135 -0.24465 0.232561 0.22469 0.946271 0.37355 0.31622 -0.384863 0.867113 0.400795 -0.930002 -0.306262 0.203222 -0.504304 0.187351 -0.87068 -0.45477 0.485867 
1535140143284 0.244347 0.928354 -0.280096 -0.634386 -0.941397 0.29637 0.161047 -0.244585 0.232521 0.22433 0.946367 0.373627 0.31622 -0.384863 0.867113 0.400795 -0.930002 -0.306262 0.203222 -0.504304 0.187351 -0.87068 -0.45477 0.485867 
1535140143305 0.244897 0.928291 -0.279825 -0.634229 -0.941264 0.296839 0.160961 -0.244517 0.232482 0.223971 0.946461 0.373706 0.31622 -0.384863 0.867113 0.400795 -0.930002 -0.306262 0.203222 -0.504304 0.187351 -0.87068 -0.45477 0.485867 
1535140143471 0.245446 0.928227 -0.279555 -0.63407 -0.941131 0.297309 0.160875 -0.244448 0.232442 0.223611 0.946556 0.373784 0.31622 -0.384863 0.867113 0.400795 -0.930002 -0.306262 0.203222 -0.504304 0.187351 -0.87068 -0.45477 0.485867 
1535140143538 0.245996 0.928163 -0.279284 -0.633912 -0.940997 0.297778 0.160788 -0.24438 0.232402 0.223252 0.946651 0.373863 0.31622 -0.384863 0.867113 0.400795 -0.930002 -0.306262 0.203222 -0.504304 0.187351 -0.87068 -0.45477 0.485867 
1535140143545 0.246545 0.928099 -0.279013 -0.633755 -0.940863 0.298247 0.160702 -0.244313 0.232362 0.222893 0.946745 0.373941 0.31622 -0.384863 0.867113 0.400795 -0.930002 -0.306262 0.203222 -0.504304 0.187351 -0.87068 -0.45477 0.485867 
1535140143686 0.247094 0.928034 -0.278742 -0.633597 -0.940729 0.298717 0.160616 -0.244245 0.232322 0.222533 0.94684 0.37402 0.31622 -0.384863 0.867113 0.400795 -0.930002 -0.306262 0.203222 -0.504304 0.187351 -0.87068 -0.45477 0.485867 
1535140143750 0.247643 0.927969 -0.278471 -0.63344 -0.940594 0.299186 0.160531 -0.244177 0.232282 0.222174 0.946934 0.374098 0.31622 -0.384863 0.867113 0.400795 -0.930002 -0.306262 0.203222 -0.504304 0.187351 -0.87068 -0.45477 0.485867 
1535140143857 0.248193 0.927904 -0.2782 -0.633281 -0.94046 0.299655 0.160445 -0.244109 0.232241 0.221814 0.947028 0.374176 0.31622 -0.384863 0.867113 0.400795 -0.930002 -0.306262 0.203222 -0.504304 0.187351 -0.87068 -0.45477 0.485867 
1535140143931 0.248742 0.927838 -0.277928 -0.633124 -0.940325 0.300124 0.160359 -0.244041 0.2322 0.221455 0.947122 0.374255 0.31622 -0.384863 0.867113 0.400795 -0.930002 -0.306262 0.203222 -0.504304 0.187351 -0.87068 -0.45477 0.485867 
1535140144034 0.248281 0.927823 -0.278389 -0.633342 -0.940435 0.299774 0.160367 -0.244197 0.232246 0.22199 0.946986 0.37416 0.31622 -0.384863 0.867113 0.400795 -0.930002 -0.306262 0.203222 -0.504304 0.187351 -0.87068 -0.45477 0.485867 
1535140144041 0.248281 0.927756 -0.278612 -0.632999 -0.940335 0.299908 0.160705 -0.2441 0.232653 0.222088 0.946863 0.374346 0.31622 -0.384863 0.867113 0.400795 -0.930002 -0.306262 0.203222 -0.504304 0.187351 -0.87068 -0.45477 0.485867 
1535140144074 0.248281 0.927689 -0.278837 -0.632648 -0.940234 0.300043 0.161043 -0.244 0.23306 0.222188 0.946739 0.374533 0.31622 -0.384863 0.867113 0.400795 -0.930002 -0.306262 0.203222 -0.504304 0.187351 -0.87068 -0.45477 0.485867 
1535140144232 0.248281 0.927621 -0.279061 -0.6323 -0.940133 0.300178 0.16138 -0.243901 0.233468 0.222287 0.946616 0.37472 0.31622 -0.384863 0.867113 0.400795 -0.930002 -0.306262 0.203222 -0.504304 0.187351 -0.87068 -0.45477 0.485867 
1535140144396 0.24828 0.927554 -0.279286 -0.63195 -0.940032 0.300313 0.161717 -0.243802 0.233875 0.222386 0.946492 0.374908 0.31622 -0.384863 0.867113 0.400795 -0.930002 -0.306262 0.203222 -0.504304 0.187351 -0.87068 -0.45477 0.485867 
1535140144553 0.24828 0.927486 -0.27951 -0.631602 -0.93993 0.300448 0.162055 -0.243703 0.234282 0.222485 0.946368 0.375094 0.31622 -0.384863 0.867113 0.400795 -0.930002 -0.306262 0.203222 -0.504304 0.187351 -0.87068 -0.45477 0.485867 
1535140144717 0.24828 0.927419 -0.279735 -0.631253 -0.939829 0.300584 0.162392 -0.243603 0.234689 0.222584 0.946244 0.375282 0.31622 -0.384863 0.867113 0.400795 -0.930002 -0.306262 0.203222 -0.504304 0.187351 -0.87068 -0.45477 0.485867 
1535140144886 0.248279 0.927351 -0.279959 -0.630904 -0.939727 0.300719 0.162729 -0.243504 0.235096 0.222683 0.946119 0.375469 0.31622 -0.384863 0.867113 0.400795 -0.930002 -0.306262 0.203222 -0.504304 0.187351 -0.87068 -0.45477 0.485867 
1535140145045 0.248278 0.927284 -0.280184 -0.630554 -0.939626 0.300854 0.163066 -0.243404 0.235503 0.222782 0.945995 0.375656 0.31622 -0.384863 0.867113 0.400795 -0.930002 -0.306262 0.203222 -0.504304 0.187351 -0.87068 -0.45477 0.485867 
1535140145203 0.248277 0.927216 -0.280409 -0.630206 -0.939524 0.300989 0.163403 -0.243305 0.23591 0.222881 0.94587 0.375843 0.31622 -0.384863 0.867113 0.400795 -0.930002 -0.306262 0.203222 -0.504304 0.187351 -0.87068 -0.45477 0.485867 
1535140145385 0.248259 0.927288 -0.280187 -0.630413 -0.939578 0.300886 0.163284 -0.24336 0.235715 0.22272 0.945957 0.375823 0.31622 -0.384863 0.867113 0.400795 -0.930002 -0.306262 0.203222 -0.504304 0.187351 -0.87068 -0.45477 0.485867 
1535140145396 0.248419 0.927279 -0.280074 -0.62999 -0.939546 0.301009 0.163237 -0.243181 0.235671 0.222591 0.945998 0.375945 0.31622 -0.384863 0.867113 0.400795 -0.930002 -0.306262 0.203222 -0.504304 0.187351 -0.87068 -0.45477 0.485867 
1535140145403 0.24858 0.92727 -0.279961 -0.629563 -0.939515 0.301133 0.16319 -0.242999 0.235626 0.222461 0.94604 0.376068 0.31622 -0.384863 0.867113 0.400795 -0.930002 -0.306262 0.203222 -0.504304 0.187351 -0.87068 -0.45477 0.485867 
1535140145627 0.248741 0.927261 -0.279847 -0.629135 -0.939484 0.301256 0.163142 -0.242818 0.235581 0.222332 0.946081 0.376191 0.31622 -0.384863 0.867113 0.400795 -0.930002 -0.306262 0.203222 -0.504304 0.187351 -0.87068 -0.45477 0.485867 
1535140145796 0.248902 0.927252 -0.279735 -0.628708 -0.939452 0.301379 0.163095 -0.242636 0.235537 0.222203 0.946123 0.376314 0.31622 -0.384863 0.867113 0.400795 -0.930002 -0.306262 0.203222 -0.504304 0.187351 -0.87068 -0.45477 0.485867 
1535140145976 0.249062 0.927243 -0.279622 -0.62828 -0.939421 0.301502 0.163048 -0.242455 0.235492 0.222073 0.946164 0.376437 0.31622 -0.384863 0.867113 0.400795 -0.930002 -0.306262 0.203222 -0.504304 0.187351 -0.87068 -0.45477 0.485867 
1535140146149 0.249223 0.927234 -0.279508 -0.627853 -0.93939 0.301626 0.163001 -0.242273 0.235447 0.221944 0.946206 0.376559 0.31622 -0.384863 0.867113 0.400795 -0.930002 -0.306262 0.203222 -0.504304 0.187351 -0.87068 -0.45477 0.485867 
1535140146341 0.249384 0.927225 -0.279396 -0.627425 -0.939358 0.301749 0.162953 -0.242091 0.235402 0.221815 0.946247 0.376682 0.31622 -0.384863 0.867113 0.400795 -0.930002 -0.306262 0.203222 -0.504304 0.187351 -0.87068 -0.45477 0.485867 
1535140146506 0.249544 0.927216 -0.279282 -0.626998 -0.939327 0.301872 0.162906 -0.24191 0.235357 0.221685 0.946289 0.376805 0.31622 -0.384863 0.867113 0.400795 -0.930002 -0.306262 0.203222 -0.504304 0.187351 -0.87068 -0.45477 0.485867 
1535140146513 0.249705 0.927207 -0.279169 -0.626571 -0.939295 0.301995 0.162859 -0.241729 0.235312 0.221556 0.946331 0.376928 0.31622 -0.384863 0.867113 0.400795 -0.930002 -0.306262 0.203222 -0.504304 0.187351 -0.87068 -0.45477 0.485867 
1535140146770 0.249523 0.927215 -0.279305 -0.626776 -0.939342 0.301847 0.162867 -0.241794 0.23532 0.221724 0.946289 0.376792 0.31622 -0.384863 0.867113 0.400795 -0.930002 -0.306262 0.203222 -0.504304 0.187351 -0.87068 -0.45477 0.485867 
1535140146781 0.249544 0.927167 -0.279443 -0.626382 -0.939285 0.301939 0.163022 -0.24162 0.235524 0.221796 0.946222 0.376922 0.31622 -0.384863 0.867113 0.400795 -0.930002 -0.306262 0.203222 -0.504304 0.187351 -0.87068 -0.45477 0.485867 
1535140146899 0.249572 0.92712 -0.279576 -0.625967 -0.939228 0.302036 0.163171 -0.241439 0.235721 0.221863 0.946157 0.377057 0.31622 -0.384863 0.867113 0.400795 -0.930002 -0.306262 0.203222 -0.504304 0.187351 -0.87068 -0.45477 0.485867 
1535140147057 0.2496 0.927072 -0.279709 -0.625553 -0.939171 0.302133 0.163321 -0.241258 0.235919 0.22193 0.946092 0.377192 0.31622 -0.384863 0.867113 0.400795 -0.930002 -0.306262 0.203222 -0.504304 0.187351 -0.87068 -0.45477 0.485867 
1535140147233 0.249628 0.927025 -0.279842 -0.625138 -0.939114 0.30223 0.16347 -0.241077 0.236117 0.221997 0.946026 0.377327 0.31622 -0.384863 0.867113 0.400795 -0.930002 -0.306262 0.203222 -0.504304 0.187351 -0.87068 -0.45477 0.485867 
1535140147408 0.249655 0.926977 -0.279974 -0.624724 -0.939057 0.302327 0.16362 -0.240897 0.236315 0.222063 0.945961 0.377461 0.31622 -0.384863 0.867113 0.400795 -0.930002 -0.306262 0.203222 -0.504304 0.187351 -0.87068 -0.45477 0.485867 
1535140147582 0.249683 0.926929 -0.280107 -0.624308 -0.938999 0.302424 0.163769 -0.240716 0.236513 0.22213 0.945896 0.377597 0.31622 -0.384863 0.867113 0.400795 -0.930002 -0.306262 0.203222 -0.504304 0.187351 -0.87068 -0.45477 0.485867 
1535140147589 0.249711 0.926882 -0.28024 -0.623894 -0.938942 0.30252 0.163918 -0.240535 0.236711 0.222197 0.945831 0.377731 0.31622 -0.384863 0.867113 0.400795 -0.930002 -0.306262 0.203222 -0.504304 0.187351 -0.87068 -0.45477 0.485867 
1535140147822 0.249739 0.926834 -0.280373 -0.623478 -0.938885 0.302617 0.164067 -0.240354 0.236909 0.222264 0.945766 0.377866 0.31622 -0.384863 0.867113 0.400795 -0.930002 -0.306262 0.203222 -0.504304 0.187351 -0.87068 -0.45477 0.485867 
1535140147998 0.249766 0.926786 -0.280506 -0.623064 -0.938827 0.302714 0.164217 -0.240173 0.237107 0.222331 0.9457 0.378001 0.31622 -0.384863 0.867113 0.400795 -0.930002 -0.306262 0.203222 -0.504304 0.187351 -0.87068 -0.45477 0.485867 
1535140148190 0.249716 0.926847 -0.280349 -0.623264 -0.938891 0.302591 0.16408 -0.240262 0.236908 0.222244 0.945771 0.377941 0.31622 -0.384863 0.867113 0.400795 -0.930002 -0.306262 0.203222 -0.504304 0.187351 -0.87068 -0.45477 0.485867 
1535140148202 0.249753 0.92667 -0.280903 -0.62296 -0.938806 0.302795 0.16419 -0.240115 0.237206 0.222707 0.945587 0.378105 0.31622 -0.384863 0.867113 0.400795 -0.930002 -0.306262 0.203222 -0.504304 0.187351 -0.87068 -0.45477 0.485867 
1535140148219 0.249789 0.926491 -0.281458 -0.62265 -0.938721 0.302999 0.1643 -0.239965 0.237505 0.22317 0.945403 0.378271 0.31622 -0.384863 0.867113 0.400795 -0.930002 -0.306262 0.203222 -0.504304 0.187351 -0.87068 -0.45477 0.485867 
1535140148418 0.249826 0.926313 -0.282013 -0.622341 -0.938636 0.303203 0.16441 -0.239815 0.237803 0.223634 0.945218 0.378436 0.31622 -0.384863 0.867113 0.400795 -0.930002 -0.306262 0.203222 -0.504304 0.187351 -0.87068 -0.45477 0.485867 
1535140148586 0.249862 0.926134 -0.282568 -0.622032 -0.938551 0.303407 0.16452 -0.239665 0.238101 0.224097 0.945034 0.378601 0.31622 -0.384863 0.867113 0.400795 -0.930002 -0.306262 0.203222 -0.504304 0.187351 -0.87068 -0.45477 0.485867 
1535140148748 0.249897 0.925955 -0.283123 -0.621722 -0.938465 0.303611 0.164629 -0.239515 0.238399 0.224561 0.944848 0.378767 0.31622 -0.384863 0.867113 0.400795 -0.930002 -0.306262 0.203222 -0.504304 0.187351 -0.87068 -0.45477 0.485867 
1535140148911 0.249933 0.925776 -0.283678 -0.621413 -0.93838 0.303815 0.164739 -0.239366 0.238697 0.225024 0.944663 0.378932 0.31622 -0.384863 0.867113 0.400795 -0.930002 -0.306262 0.203222 -0.504304 0.187351 -0.87068 -0.45477 0.485867 
1535140149071 0.249968 0.925596 -0.284233 -0.621103 -0.938295 0.30402 0.164848 -0.239216 0.238995 0.225487 0.944477 0.379097 0.31622 -0.384863 0.867113 0.400795 -0.930002 -0.306262 0.203222 -0.504304 0.187351 -0.87068 -0.45477 0.485867 
1535140149235 0.250004 0.925416 -0.284787 -0.620794 -0.938209 0.304224 0.164957 -0.239066 0.239293 0.22595 0.944291 0.379262 0.31622 -0.384863 0.867113 0.400795 -0.930002 -0.306262 0.203222 -0.504304 0.187351 -0.87068 -0.45477 0.485867 
1535140149400 0.250039 0.925236 -0.285342 -0.620483 -0.938124 0.304428 0.165066 -0.238916 0.239591 0.226413 0.944104 0.379428 0.31622 -0.384863 0.867113 0.400795 -0.930002 -0.306262 0.203222 -0.504304 0.187351 -0.87068 -0.45477 0.485867 
1535140149581 0.250064 0.925333 -0.285003 -0.620653 -0.938153 0.304358 0.165029 -0.239043 0.239449 0.226108 0.944213 0.379407 0.31622 -0.384863 0.867113 0.400795 -0.930002 -0.306262 0.203222 -0.504304 0.187351 -0.87068 -0.45477 0.485867 
1535140149592 0.250013 0.925308 -0.285128 -0.620419 -0.938025 0.304465 0.165559 -0.238986 0.240005 0.226065 0.944083 0.37943 0.31622 -0.384863 0.867113 0.400795 -0.930002 -0.306262 0.203222 -0.504304 0.187351 -0.87068 -0.45477 0.485867 
1535140149609 0.249963 0.925283 -0.285254 -0.62018 -0.937897 0.304573 0.166088 -0.238927 0.240559 0.226023 0.943952 0.379454 0.31622 -0.384863 0.867113 0.400795 -0.930002 -0.306262 0.203222 -0.504304 0.187351 -0.87068 -0.45477 0.485867 
1535140149626 0.249912 0.925258 -0.285379 -0.619941 -0.937768 0.30468 0.166617 -0.238868 0.241113 0.22598 0.943821 0.379478 0.31622 -0.384863 0.867113 0.400795 -0.930002 -0.306262 0.203222 -0.504304 0.187351 -0.87068 -0.45477 0.485867 
1535140149779 0.249861 0.925233 -0.285505 -0.619702 -0.937639 0.304788 0.167146 -0.238809 0.241667 0.225937 0.943689 0.379502 0.31622 -0.384863 0.867113 0.400795 -0.930002 -0.306262 0.203222 -0.504304 0.187351 -0.87068 -0.45477 0.485867 
1535140149834 0.24981 0.925208 -0.285631 -0.619463 -0.937509 0.304896 0.167675 -0.23875 0.242221 0.225895 0.943557 0.379527 0.31622 -0.384863 0.867113 0.400795 -0.930002 -0.306262 0.203222 -0.504304 0.187351 -0.87068 -0.45477 0.485867 
1535140149953 0.249758 0.925183 -0.285756 -0.619225 -0.93738 0.305003 0.168203 -0.238691 0.242775 0.225852 0.943425 0.379551 0.31622 -0.384863 0.867113 0.400795 -0.930002 -0.306262 0.203222 -0.504304 0.187351 -0.87068 -0.45477 0.485867 
1535140150011 0.249707 0.925158 -0.285882 -0.618985 -0.93725 0.305111 0.168732 -0.238631 0.243329 0.225809 0.943293 0.379575 0.31622 -0.384863 0.867113 0.400795 -0.930002 -0.306262 0.203222 -0.504304 0.187351 -0.87068 -0.45477 0.485867 
1535140150130 0.249656 0.925133 -0.286007 -0.618747 -0.937119 0.305218 0.16926 -0.238573 0.243883 0.225766 0.94316 0.379599 0.31622 -0.384863 0.867113 0.400795 -0.930002 -0.306262 0.203222 -0.504304 0.187351 -0.87068 -0.45477 0.485867 
1535140150188 0.249605 0.925108 -0.286133 -0.618507 -0.936989 0.305325 0.169789 -0.238513 0.244437 0.225723 0.943027 0.379623 0.31622 -0.384863 0.867113 0.400795 -0.930002 -0.306262 0.203222 -0.504304 0.187351 -0.87068 -0.45477 0.485867 
1535140150321 0.249428 0.925195 -0.286006 -0.618778 -0.937191 0.30499 0.169274 -0.238492 0.243841 0.225821 0.943158 0.379536 0.31622 -0.384863 0.867113 0.400795 -0.930002 -0.306262 0.203222 -0.504304 0.187351 -0.87068 -0.45477 0.485867 
1535140150335 0.249548 0.925253 -0.285713 -0.618569 -0.937188 0.305025 0.169229 -0.238403 0.243729 0.225536 0.943255 0.379569 0.31622 -0.384863 0.867113 0.400795 -0.930002 -0.306262 0.203222 -0.504304 0.187351 -0.87068 -0.45477 0.485867 
1535140150352 0.249669 0.925311 -0.28542 -0.618356 -0.937185 0.305059 0.169183 -0.238312 0.243617 0.225252 0.943352 0.379602 0.31622 -0.384863 0.867113 0.400795 -0.930002 -0.306262 0.203222 -0.504304 0.187351 -0.87068 -0.45477 0.485867 
1535140150369 0.24979 0.925369 -0.285128 -0.618144 -0.937182 0.305094 0.169137 -0.238222 0.243505 0.224968 0.943448 0.379635 0.31622 -0.384863 0.867113 0.400795 -0.930002 -0.306262 0.203222 -0.504304 0.187351 -0.87068 -0.45477 0.485867 
1535140150506 0.249911 0.925426 -0.284835 -0.617931 -0.937179 0.305129 0.169091 -0.238131 0.243393 0.224684 0.943545 0.379668 0.31622 -0.384863 0.867113 0.400795 -0.930002 -0.306262 0.203222 -0.504304 0.187351 -0.87068 -0.45477 0.485867 
1535140150560 0.250032 0.925484 -0.284542 -0.617719 -0.937176 0.305164 0.169045 -0.23804 0.24328 0.224399 0.943642 0.379702 0.31622 -0.384863 0.867113 0.400795 -0.930002 -0.306262 0.203222 -0.504304 0.187351 -0.87068 -0.45477 0.485867 
1535140150671 0.250153 0.925541 -0.284249 -0.617505 -0.937173 0.305199 0.168999 -0.237949 0.243168 0.224115 0.943738 0.379735 0.31622 -0.384863 0.867113 0.400795 -0.930002 -0.306262 0.203222 -0.504304 0.187351 -0.87068 -0.45477 0.485867 
1535140150678 0.250274 0.925598 -0.283956 -0.617293 -0.93717 0.305234 0.168953 -0.237859 0.243055 0.223831 0.943835 0.379768 0.31622 -0.384863 0.867113 0.400795 -0.930002 -0.306262 0.203222 -0.504304 0.187351 -0.87068 -0.45477 0.485867 
1535140150836 0.250395 0.925655 -0.283664 -0.61708 -0.937167 0.305269 0.168907 -0.237768 0.242943 0.223547 0.943931 0.379802 0.31622 -0.384863 0.867113 0.400795 -0.930002 -0.306262 0.203222 -0.504304 0.187351 -0.87068 -0.45477 0.485867 
1535140150884 0.250515 0.925712 -0.283371 -0.616867 -0.937163 0.305304 0.168861 -0.237677 0.242831 0.223262 0.944027 0.379835 0.31622 -0.384863 0.867113 0.400795 -0.930002 -0.306262 0.203222 -0.504304 0.187351 -0.87068 -0.45477 0.485867 
1535140151015 0.250483 0.925605 -0.28375 -0.617129 -0.937149 0.305364 0.168835 -0.237804 0.242921 0.223625 0.943918 0.379791 0.31622 -0.384863 0.867113 0.400795 -0.930002 -0.306262 0.203222 -0.504304 0.187351 -0.87068 -0.45477 0.485867 
1535140151029 0.250539 0.925527 -0.283954 -0.616938 -0.93718 0.305413 0.168575 -0.237692 0.242744 0.223882 0.943903 0.379867 0.31622 -0.384863 0.867113 0.400795 -0.930002 -0.306262 0.203222 -0.504304 0.187351 -0.87068 -0.45477 0.485867 
1535140151044 0.250596 0.925449 -0.284159 -0.616742 -0.937211 0.305462 0.168314 -0.237578 0.242566 0.224138 0.943888 0.379943 0.31622 -0.384863 0.867113 0.400795 -0.930002 -0.306262 0.203222 -0.504304 0.187351 -0.87068 -0.45477 0.485867 
1535140151188 0.250653 0.92537 -0.284364 -0.616547 -0.937241 0.305511 0.168053 -0.237465 0.242387 0.224395 0.943872 0.38002 0.31622 -0.384863 0.867113 0.400795 -0.930002 -0.306262 0.203222 -0.504304 0.187351 -0.87068 -0.45477 0.485867 
1535140151275 0.25071 0.925292 -0.28457 -0.616352 -0.937272 0.305559 0.167792 -0.237351 0.242209 0.224652 0.943857 0.380096 0.31622 -0.384863 0.867113 0.400795 -0.930002 -0.306262 0.203222 -0.504304 0.187351 -0.87068 -0.45477 0.485867 
1535140151388 0.250766 0.925213 -0.284774 -0.616157 -0.937303 0.305608 0.167531 -0.237237 0.242031 0.224909 0.943842 0.380173 0.31622 -0.384863 0.867113 0.400795 -0.930002 -0.306262 0.203222 -0.504304 0.187351 -0.87068 -0.45477 0.485867 
1535140151493 0.250824 0.925135 -0.284979 -0.615961 -0.937334 0.305657 0.16727 -0.237123 0.241853 0.225166 0.943826 0.380249 0.31622 -0.384863 0.867113 0.400795 -0.930002 -0.306262 0.203222 -0.504304 0.187351 -0.87068 -0.45477 0.485867 
1535140151594 0.25088 0.925056 -0.285184 -0.615767 -0.937364 0.305705 0.167009 -0.23701 0.241675 0.225422 0.94381 0.380326 0.31622 -0.384863 0.867113 0.400795 -0.930002 -0.306262 0.203222 -0.504304 0.187351 -0.87068 -0.45477 0.485867 
1535140151697 0.250938 0.924977 -0.285389 -0.61557 -0.937395 0.305754 0.166748 -0.236895 0.241497 0.225679 0.943795 0.380402 0.31622 -0.384863 0.867113 0.400795 -0.930002 -0.306262 0.203222 -0.504304 0.187351 -0.87068 -0.45477 0.485867 
1535140151809 0.250995 0.924899 -0.285594 -0.615376 -0.937426 0.305803 0.166487 -0.236782 0.241319 0.225936 0.943779 0.380479 0.31622 -0.384863 0.867113 0.400795 -0.930002 -0.306262 0.203222 -0.504304 0.187351 -0.87068 -0.45477 0.485867 
1535140151914 0.250805 0.925008 -0.285407 -0.615548 -0.937427 0.305634 0.16679 -0.236887 0.241512 0.225716 0.943782 0.380368 0.31622 -0.384863 0.867113 0.400795 -0.930002 -0.306262 0.203222 -0.504304 0.187351 -0.87068 -0.45477 0.485867 
1535140151927 0.250848 0.925006 -0.285376 -0.615333 -0.93737 0.305712 0.166966 -0.236823 0.241688 0.22562 0.94376 0.380422 0.31622 -0.384863 0.867113 0.400795 -0.930002 -0.306262 0.203222 -0.504304 0.187351 -0.87068 -0.45477 0.485867 
1535140151944 0.250892 0.925003 -0.285346 -0.615115 -0.937313 0.305791 0.167142 -0.236757 0.241863 0.225524 0.943738 0.380476 0.31622 -0.384863 0.867113 0.400795 -0.930002 -0.306262 0.203222 -0.504304 0.187351 -0.87068 -0.45477 0.485867 
1535140152000 0.250936 0.925 -0.285317 -0.614896 -0.937256 0.30587 0.167318 -0.236692 0.242039 0.225429 0.943716 0.380531 0.31622 -0.384863 0.867113 0.400795 -0.930002 -0.306262 0.203222 -0.504304 0.187351 -0.87068 -0.45477 0.485867 
1535140152118 0.250981 0.924997 -0.285287 -0.614677 -0.937199 0.305949 0.167493 -0.236626 0.242214 0.225333 0.943694 0.380586 0.31622 -0.384863 0.867113 0.400795 -0.930002 -0.306262 0.203222 -0.504304 0.187351 -0.87068 -0.45477 0.485867 
1535140152175 0.251025 0.924995 -0.285257 -0.61446 -0.937141 0.306028 0.167669 -0.236561 0.242389 0.225237 0.943671 0.38064 0.31622 -0.384863 0.867113 0.400795 -0.930002 -0.306262 0.203222 -0.504304 0.187351 -0.87068 -0.45477 0.485867 
1535140152285 0.251069 0.924992 -0.285228 -0.61424 -0.937084 0.306107 0.167844 -0.236494 0.242565 0.225142 0.943649 0.380695 0.31622 -0.384863 0.867113 0.400795 -0.930002 -0.306262 0.203222 -0.504304 0.187351 -0.87068 -0.45477 0.485867 
1535140152335 0.251113 0.924989 -0.285198 -0.614022 -0.937027 0.306186 0.16802 -0.236429 0.24274 0.225046 0.943627 0.380749 0.31622 -0.384863 0.867113 0.400795 -0.930002 -0.306262 0.203222 -0.504304 0.187351 -0.87068 -0.45477 0.485867 
1535140152454 0.251158 0.924986 -0.285168 -0.613802 -0.93697 0.306265 0.168195 -0.236363 0.242915 0.224951 0.943604 0.380804 0.31622 -0.384863 0.867113 0.400795 -0.930002 -0.306262 0.203222 -0.504304 0.187351 -0.87068 -0.45477 0.485867 
1535140152503 0.251202 0.924983 -0.285139 -0.613584 -0.936912 0.306344 0.168371 -0.236297 0.243091 0.224855 0.943582 0.380859 0.31622 -0.384863 0.867113 0.400795 -0.930002 -0.306262 0.203222 -0.504304 0.187351 -0.87068 -0.45477 0.485867 
1535140152634 0.251192 0.924969 -0.285194 -0.613807 -0.936962 0.306301 0.168171 -0.236418 0.242908 0.224973 0.943601 0.380798 0.31622 -0.384863 0.867113 0.400795 -0.930002 -0.306262 0.203222 -0.504304 0.187351 -0.87068 -0.45477 0.485867 
1535140152644 0.251332 0.92498 -0.285034 -0.613489 -0.936923 0.306407 0.168196 -0.236281 0.242915 0.224782 0.943645 0.380898 0.31622 -0.384863 0.867113 0.400795 -0.930002 -0.306262 0.203222 -0.504304 0.187351 -0.87068 -0.45477 0.485867 
1535140152667 0.251473 0.924991 -0.284874 -0.613166 -0.936884 0.306514 0.168221 -0.236141 0.24292 0.224591 0.943689 0.380998 0.31622 -0.384863 0.867113 0.400795 -0.930002 -0.306262 0.203222 -0.504304 0.187351 -0.87068 -0.45477 0.485867 
1535140152844 0.251613 0.925002 -0.284715 -0.612844 -0.936845 0.30662 0.168245 -0.236001 0.242926 0.224401 0.943732 0.381099 0.31622 -0.384863 0.867113 0.400795 -0.930002 -0.306262 0.203222 -0.504304 0.187351 -0.87068 -0.45477 0.485867 
1535140152990 0.251753 0.925012 -0.284556 -0.612521 -0.936805 0.306727 0.168269 -0.235862 0.242932 0.224211 0.943776 0.3812 0.31622 -0.384863 0.867113 0.400795 -0.930002 -0.306262 0.203222 -0.504304 0.187351 -0.87068 -0.45477 0.485867 
1535140153132 0.251894 0.925023 -0.284397 -0.612198 -0.936766 0.306833 0.168293 -0.235722 0.242938 0.224021 0.94382 0.3813 0.31622 -0.384863 0.867113 0.400795 -0.930002 -0.306262 0.203222 -0.504304 0.187351 -0.87068 -0.45477 0.485867 
1535140153260 0.252034 0.925034 -0.284237 -0.611876 -0.936727 0.306939 0.168318 -0.235583 0.242943 0.223831 0.943863 0.381401 0.31622 -0.384863 0.867113 0.400795 -0.930002 -0.306262 0.203222 -0.504304 0.187351 -0.87068 -0.45477 0.485867 
1535140153267 0.252175 0.925045 -0.284078 -0.611554 -0.936688 0.307046 0.168342 -0.235443 0.242949 0.223641 0.943907 0.381501 0.31622 -0.384863 0.867113 0.400795 -0.930002 -0.306262 0.203222 -0.504304 0.187351 -0.87068 -0.45477 0.485867 
1535140153475 0.252315 0.925055 -0.283919 -0.61123 -0.936648 0.307152 0.168366 -0.235303 0.242955 0.223451 0.943951 0.381602 0.31622 -0.384863 0.867113 0.400795 -0.930002 -0.306262 0.203222 -0.504304 0.187351 -0.87068 -0.45477 0.485867 
1535140153615 0.252455 0.925066 -0.283759 -0.610908 -0.936609 0.307259 0.168391 -0.235164 0.24296 0.22326 0.943994 0.381702 0.31622 -0.384863 0.867113 0.400795 -0.930002 -0.306262 0.203222 -0.504304 0.187351 -0.87068 -0.45477 0.485867 
1535140153765 0.252354 0.925051 -0.283898 -0.611159 -0.93665 0.307175 0.168318 -0.23524 0.242909 0.223437 0.943966 0.381607 0.31622 -0.384863 0.867113 0.400795 -0.930002 -0.306262 0.203222 -0.504304 0.187351 -0.87068 -0.45477 0.485867 
1535140153777 0.252474 0.925083 -0.283686 -0.610851 -0.936565 0.307299 0.168561 -0.235132 0.24311 0.223133 0.943986 0.38169 0.31622 -0.384863 0.867113 0.400795 -0.930002 -0.306262 0.203222 -0.504304 0.187351 -0.87068 -0.45477 0.485867 
1535140153793 0.252594 0.925115 -0.283475 -0.610542 -0.936481 0.307423 0.168804 -0.235023 0.24331 0.22283 0.944006 0.381774 0.31622 -0.384863 0.867113 0.400795 -0.930002 -0.306262 0.203222 -0.504304 0.187351 -0.87068 -0.45477 0.485867 
1535140153943 0.252715 0.925147 -0.283263 -0.610229 -0.936396 0.307547 0.169047 -0.234913 0.24351 0.222526 0.944026 0.381859 0.31622 -0.384863 0.867113 0.400795 -0.930002 -0.306262 0.203222 -0.504304 0.187351 -0.87068 -0.45477 0.485867 
1535140154065 0.252835 0.925179 -0.283052 -0.609919 -0.936312 0.30767 0.16929 -0.234804 0.24371 0.222223 0.944046 0.381942 0.31622 -0.384863 0.867113 0.400795 -0.930002 -0.306262 0.203222 -0.504304 0.187351 -0.87068 -0.45477 0.485867 
1535140154174 0.252955 0.925211 -0.282841 -0.609607 -0.936227 0.307794 0.169532 -0.234694 0.24391 0.221919 0.944066 0.382027 0.31622 -0.384863 0.867113 0.400795 -0.930002 -0.306262 0.203222 -0.504304 0.187351 -0.87068 -0.45477 0.485867 
1535140154285 0.253075 0.925242 -0.282629 -0.609295 -0.936143 0.307917 0.169775 -0.234584 0.24411 0.221615 0.944085 0.382111 0.31622 -0.384863 0.867113 0.400795 -0.930002 -0.306262 0.203222 -0.504304 0.187351 -0.87068 -0.45477 0.485867 
1535140154400 0.253195 0.925274 -0.282418 -0.608984 -0.936058 0.30804 0.170018 -0.234474 0.244309 0.221312 0.944105 0.382195 0.31622 -0.384863 0.867113 0.400795 -0.930002 -0.306262 0.203222 -0.504304 0.187351 -0.87068 -0.45477 0.485867 
