1530720500768 0.155938 -0.927297 0.340299 -0.458364 0.642684 0.356866 0.677941 -0.176596 -0.750094 0.112988 0.651608 0.434383 0.16008 -0.775623 -0.61056 0.370831 -0.304787 0.549475 -0.777934 -0.528794 0.938871 0.310623 -0.14844 0.432481 
1530720500783 0.161776 -0.930664 0.328165 -0.475293 0.651665 0.350475 0.672681 -0.182492 -0.741054 0.10503 0.66318 0.435693 0.316305 -0.930106 0.186693 0.400738 -0.38429 -0.305553 -0.871182 -0.506322 0.867336 0.203815 -0.454078 0.485854 
1530720501675 0.167529 -0.933905 0.315841 -0.489517 0.660361 0.34418 0.667431 -0.186949 -0.732023 0.096755 0.674374 0.436975 0.316242 -0.929997 0.187342 0.400828 -0.384853 -0.306262 -0.870685 -0.504438 0.86711 0.203248 -0.454765 0.485876 
1530720502528 0.173108 -0.937003 0.303412 -0.50395 0.669012 0.337952 0.661975 -0.191546 -0.722812 0.088393 0.685368 0.438289 0.316223 -0.930001 0.187352 0.40079 -0.384857 -0.306263 -0.870683 -0.50432 0.867115 0.203227 -0.454765 0.485866 
1530720503402 0.178501 -0.939957 0.290894 -0.519093 0.67765 0.331791 0.656281 -0.196508 -0.713392 0.0799774 0.696187 0.439609 0.316222 -0.930002 0.187352 0.40079 -0.384859 -0.306263 -0.870682 -0.504311 0.867114 0.203224 -0.454766 0.485866 
1530720504281 0.183722 -0.942768 0.278271 -0.534271 0.686219 0.325702 0.650401 -0.201483 -0.703811 0.071462 0.706784 0.440919 0.316221 -0.930002 0.187352 0.400793 -0.384861 -0.306262 -0.870681 -0.504309 0.867114 0.203224 -0.454768 0.485867 
1530720505170 0.188773 -0.945436 0.265549 -0.54945 0.694714 0.31969 0.644338 -0.206459 -0.694073 0.0628472 0.717156 0.442228 0.316221 -0.930002 0.187351 0.400795 -0.384862 -0.306262 -0.870681 -0.504309 0.867113 0.203223 -0.454769 0.485868 
1530720506125 0.19365 -0.947959 0.25273 -0.564626 0.703132 0.313755 0.638093 -0.211434 -0.684182 0.0541355 0.727299 0.443538 0.316221 -0.930002 0.187351 0.400796 -0.384862 -0.306262 -0.870681 -0.50431 0.867113 0.203223 -0.454769 0.485869 
1530720507017 0.198355 -0.950338 0.239818 -0.579745 0.711467 0.3079 0.631674 -0.216393 -0.674144 0.0453265 0.737208 0.444866 0.316222 -0.930002 0.18735 0.400801 -0.384863 -0.306262 -0.87068 -0.504317 0.867112 0.203224 -0.45477 0.485871 
1530720507025 0.20289 -0.952567 0.22683 -0.593923 0.719666 0.302143 0.625132 -0.221096 -0.664016 0.0364087 0.746832 0.44639 0.316238 -0.930001 0.187328 0.400844 -0.384878 -0.306253 -0.870677 -0.504402 0.8671 0.203243 -0.454786 0.48592 
1530720508303 0.202769 -0.952628 0.22668 -0.593917 0.719746 0.301952 0.625133 -0.221025 -0.663966 0.0363943 0.746876 0.446391 0.316238 -0.930001 0.187328 0.400844 -0.384878 -0.306253 -0.870677 -0.504402 0.8671 0.203243 -0.454786 0.48592 
1530720508317 0.203223 -0.952838 0.225389 -0.59554 0.720564 0.301396 0.624458 -0.221558 -0.662939 0.0355028 0.747832 0.446499 0.316221 -0.930002 0.187351 0.400799 -0.384863 -0.306262 -0.87068 -0.504312 0.867113 0.203223 -0.45477 0.485869 
1530720508704 0.203676 -0.953046 0.224097 -0.597162 0.721382 0.300841 0.62378 -0.222091 -0.661909 0.0346106 0.748785 0.446607 0.31622 -0.930002 0.187351 0.400795 -0.384863 -0.306262 -0.87068 -0.504305 0.867113 0.203222 -0.454769 0.485867 
1530720509103 0.204125 -0.953253 0.222804 -0.598785 0.7222 0.300286 0.623101 -0.222624 -0.660878 0.0337187 0.749735 0.446714 0.31622 -0.930002 0.187352 0.400795 -0.384863 -0.306262 -0.87068 -0.504304 0.867113 0.203222 -0.454769 0.485867 
1530720509470 0.204573 -0.953458 0.22151 -0.600407 0.723017 0.299733 0.62242 -0.223157 -0.659846 0.0328252 0.750684 0.446822 0.31622 -0.930002 0.187352 0.400795 -0.384863 -0.306262 -0.87068 -0.504304 0.867113 0.203222 -0.454769 0.485867 
1530720509852 0.20502 -0.953662 0.220216 -0.60203 0.723833 0.29918 0.621737 -0.22369 -0.658812 0.0319308 0.75163 0.44693 0.31622 -0.930002 0.187352 0.400795 -0.384863 -0.306262 -0.87068 -0.504304 0.867113 0.203222 -0.454769 0.485867 
1530720510249 0.205465 -0.953865 0.218921 -0.603652 0.724648 0.298628 0.621053 -0.224223 -0.657776 0.0310356 0.752574 0.447038 0.31622 -0.930002 0.187352 0.400795 -0.384863 -0.306262 -0.87068 -0.504304 0.867113 0.203222 -0.454769 0.485867 
1530720510634 0.205908 -0.954066 0.217624 -0.605274 0.725462 0.298077 0.620367 -0.224756 -0.65674 0.0301394 0.753515 0.447146 0.31622 -0.930002 0.187352 0.400795 -0.384863 -0.306262 -0.87068 -0.504304 0.867113 0.203222 -0.454769 0.485867 
1530720511011 0.206349 -0.954265 0.216327 -0.60689 0.726274 0.297527 0.61968 -0.225287 -0.655702 0.0292422 0.754453 0.447255 0.31622 -0.930002 0.187352 0.400795 -0.384863 -0.306262 -0.87068 -0.504304 0.867113 0.203222 -0.454769 0.485867 
1530720511390 0.206789 -0.954463 0.215031 -0.608406 0.727081 0.296979 0.618997 -0.225791 -0.654669 0.0283427 0.755384 0.447386 0.31622 -0.930002 0.187352 0.400795 -0.384863 -0.306262 -0.87068 -0.504304 0.867113 0.203222 -0.454769 0.485867 
1530720511829 0.206744 -0.954507 0.214882 -0.608393 0.72711 0.296848 0.619026 -0.225759 -0.654651 0.0282633 0.755402 0.447358 0.31622 -0.930002 0.187352 0.400795 -0.384863 -0.306262 -0.87068 -0.504304 0.867113 0.203222 -0.454769 0.485867 
1530720512006 0.205092 -0.955155 0.213578 -0.608515 0.727657 0.294742 0.619388 -0.226205 -0.654563 0.0283802 0.755475 0.447464 0.31622 -0.930002 0.187352 0.400795 -0.384863 -0.306262 -0.87068 -0.504304 0.867113 0.203222 -0.454769 0.485867 
1530720512012 0.203439 -0.955799 0.212273 -0.608636 0.728201 0.292635 0.619748 -0.226651 -0.654474 0.0284962 0.755548 0.447569 0.31622 -0.930002 0.187352 0.400795 -0.384863 -0.306262 -0.87068 -0.504304 0.867113 0.203222 -0.454769 0.485867 
1530720512403 0.201785 -0.956439 0.210966 -0.608758 0.728741 0.290526 0.620106 -0.227098 -0.654385 0.0286116 0.75562 0.447675 0.31622 -0.930002 0.187352 0.400795 -0.384863 -0.306262 -0.87068 -0.504304 0.867113 0.203222 -0.454769 0.485867 
1530720512741 0.200131 -0.957074 0.20966 -0.608879 0.729277 0.288417 0.62046 -0.227544 -0.654295 0.028727 0.755693 0.447781 0.31622 -0.930002 0.187352 0.400795 -0.384863 -0.306262 -0.87068 -0.504304 0.867113 0.203222 -0.454769 0.485867 
1530720513043 0.198475 -0.957704 0.208352 -0.609001 0.72981 0.286305 0.620811 -0.22799 -0.654206 0.0288418 0.755766 0.447886 0.31622 -0.930002 0.187352 0.400795 -0.384863 -0.306262 -0.87068 -0.504304 0.867113 0.203222 -0.454769 0.485867 
1530720513384 0.196817 -0.95833 0.207043 -0.609123 0.730339 0.284192 0.62116 -0.228436 -0.654116 0.0289565 0.75584 0.447992 0.31622 -0.930002 0.187352 0.400795 -0.384863 -0.306262 -0.87068 -0.504304 0.867113 0.203222 -0.454769 0.485867 
1530720513689 0.195159 -0.958951 0.205734 -0.609244 0.730864 0.282079 0.621506 -0.228882 -0.654026 0.029071 0.755913 0.448098 0.31622 -0.930002 0.187352 0.400795 -0.384863 -0.306262 -0.87068 -0.504304 0.867113 0.203222 -0.454769 0.485867 
1530720514009 0.1935 -0.959567 0.204424 -0.609365 0.731385 0.279964 0.621849 -0.229328 -0.653936 0.0291845 0.755986 0.448204 0.31622 -0.930002 0.187352 0.400795 -0.384863 -0.306262 -0.87068 -0.504304 0.867113 0.203222 -0.454769 0.485867 
1530720514348 0.191843 -0.960178 0.203112 -0.609474 0.731903 0.277849 0.622188 -0.229759 -0.653846 0.029296 0.75606 0.448309 0.31622 -0.930002 0.187352 0.400795 -0.384863 -0.306262 -0.87068 -0.504304 0.867113 0.203222 -0.454769 0.485867 
1530720514716 0.191864 -0.960141 0.203269 -0.609491 0.732007 0.277962 0.622016 -0.229715 -0.653724 0.029452 0.75616 0.448392 0.31622 -0.930002 0.187352 0.400795 -0.384863 -0.306262 -0.87068 -0.504304 0.867113 0.203222 -0.454769 0.485867 
1530720514727 0.190841 -0.960469 0.202679 -0.609525 0.732397 0.276795 0.622077 -0.229963 -0.653586 0.0297232 0.756269 0.448426 0.31622 -0.930002 0.187352 0.400795 -0.384863 -0.306262 -0.87068 -0.504304 0.867113 0.203222 -0.454769 0.485867 
1530720515010 0.189818 -0.960796 0.202088 -0.609559 0.732786 0.275628 0.622137 -0.230211 -0.653448 0.0299947 0.756377 0.448461 0.31622 -0.930002 0.187352 0.400795 -0.384863 -0.306262 -0.87068 -0.504304 0.867113 0.203222 -0.454769 0.485867 
1530720515017 0.188794 -0.961122 0.201497 -0.609594 0.733174 0.27446 0.622196 -0.230459 -0.653309 0.0302661 0.756486 0.448495 0.31622 -0.930002 0.187352 0.400795 -0.384863 -0.306262 -0.87068 -0.504304 0.867113 0.203222 -0.454769 0.485867 
1530720515332 0.187768 -0.961447 0.200906 -0.609628 0.733561 0.273291 0.622254 -0.230707 -0.65317 0.0305375 0.756595 0.44853 0.31622 -0.930002 0.187352 0.400795 -0.384863 -0.306262 -0.87068 -0.504304 0.867113 0.203222 -0.454769 0.485867 
1530720515577 0.186743 -0.961769 0.200316 -0.609662 0.733946 0.272122 0.622312 -0.230954 -0.653031 0.0308086 0.756704 0.448564 0.31622 -0.930002 0.187352 0.400795 -0.384863 -0.306262 -0.87068 -0.504304 0.867113 0.203222 -0.454769 0.485867 
1530720515847 0.185718 -0.962091 0.199725 -0.609696 0.734331 0.270952 0.622369 -0.231202 -0.652891 0.0310793 0.756814 0.448599 0.31622 -0.930002 0.187352 0.400795 -0.384863 -0.306262 -0.87068 -0.504304 0.867113 0.203222 -0.454769 0.485867 
1530720516127 0.184691 -0.962411 0.199134 -0.60973 0.734714 0.269782 0.622425 -0.23145 -0.652752 0.0313498 0.756923 0.448633 0.31622 -0.930002 0.187352 0.400795 -0.384863 -0.306262 -0.87068 -0.504304 0.867113 0.203222 -0.454769 0.485867 
1530720516371 0.183665 -0.962729 0.198543 -0.609764 0.735095 0.268612 0.622481 -0.231698 -0.652612 0.0316196 0.757032 0.448668 0.31622 -0.930002 0.187352 0.400795 -0.384863 -0.306262 -0.87068 -0.504304 0.867113 0.203222 -0.454769 0.485867 
1530720516633 0.18264 -0.963046 0.197951 -0.609793 0.735475 0.267442 0.622536 -0.231937 -0.652471 0.0318876 0.757142 0.448704 0.31622 -0.930002 0.187352 0.400795 -0.384863 -0.306262 -0.87068 -0.504304 0.867113 0.203222 -0.454769 0.485867 
1530720516904 0.182658 -0.963009 0.198116 -0.609807 0.73545 0.267563 0.622514 -0.231903 -0.652495 0.0319972 0.757117 0.448718 0.31622 -0.930002 0.187352 0.400795 -0.384863 -0.306262 -0.87068 -0.504304 0.867113 0.203222 -0.454769 0.485867 
1530720516918 0.182374 -0.963087 0.198 -0.609815 0.735541 0.267271 0.622532 -0.231967 -0.652472 0.0321039 0.757133 0.44872 0.31622 -0.930002 0.187352 0.400795 -0.384863 -0.306262 -0.87068 -0.504304 0.867113 0.203222 -0.454769 0.485867 
1530720517218 0.182089 -0.963164 0.197885 -0.609822 0.735632 0.266978 0.62255 -0.232031 -0.652448 0.0322106 0.757148 0.448723 0.31622 -0.930002 0.187352 0.400795 -0.384863 -0.306262 -0.87068 -0.504304 0.867113 0.203222 -0.454769 0.485867 
1530720517224 0.181804 -0.963242 0.197769 -0.609831 0.735724 0.266685 0.622567 -0.232095 -0.652425 0.0323179 0.757164 0.448725 0.31622 -0.930002 0.187352 0.400795 -0.384863 -0.306262 -0.87068 -0.504304 0.867113 0.203222 -0.454769 0.485867 
1530720517384 0.18152 -0.963319 0.197653 -0.609838 0.735815 0.266392 0.622585 -0.232159 -0.652401 0.0324248 0.75718 0.448728 0.31622 -0.930002 0.187352 0.400795 -0.384863 -0.306262 -0.87068 -0.504304 0.867113 0.203222 -0.454769 0.485867 
1530720517593 0.181235 -0.963397 0.197537 -0.609846 0.735906 0.266099 0.622603 -0.232223 -0.652378 0.0325316 0.757195 0.44873 0.31622 -0.930002 0.187352 0.400795 -0.384863 -0.306262 -0.87068 -0.504304 0.867113 0.203222 -0.454769 0.485867 
1530720517781 0.18095 -0.963474 0.197422 -0.609854 0.735996 0.265806 0.62262 -0.232287 -0.652354 0.0326384 0.757211 0.448732 0.31622 -0.930002 0.187352 0.400795 -0.384863 -0.306262 -0.87068 -0.504304 0.867113 0.203222 -0.454769 0.485867 
1530720517967 0.180665 -0.963551 0.197306 -0.609862 0.736087 0.265514 0.622638 -0.232351 -0.652331 0.0327452 0.757227 0.448735 0.31622 -0.930002 0.187352 0.400795 -0.384863 -0.306262 -0.87068 -0.504304 0.867113 0.203222 -0.454769 0.485867 
1530720518182 0.180381 -0.963628 0.19719 -0.60987 0.736178 0.265221 0.622656 -0.232415 -0.652307 0.032852 0.757242 0.448737 0.31622 -0.930002 0.187352 0.400795 -0.384863 -0.306262 -0.87068 -0.504304 0.867113 0.203222 -0.454769 0.485867 
1530720518383 0.180097 -0.963705 0.197074 -0.609876 0.736268 0.264928 0.622673 -0.232476 -0.652284 0.0329583 0.757258 0.44874 0.31622 -0.930002 0.187352 0.400795 -0.384863 -0.306262 -0.87068 -0.504304 0.867113 0.203222 -0.454769 0.485867 
1530720518582 0.180004 -0.963728 0.197044 -0.609908 0.736304 0.264837 0.62267 -0.232401 -0.652269 0.0330013 0.757269 0.448805 0.31622 -0.930002 0.187352 0.400795 -0.384863 -0.306262 -0.87068 -0.504304 0.867113 0.203222 -0.454769 0.485867 
1530720518589 0.17997 -0.963744 0.196999 -0.609906 0.736378 0.264779 0.622608 -0.232428 -0.652195 0.0330151 0.757332 0.4488 0.31622 -0.930002 0.187352 0.400795 -0.384863 -0.306262 -0.87068 -0.504304 0.867113 0.203222 -0.454769 0.485867 
1530720518595 0.179936 -0.963759 0.196955 -0.609904 0.736451 0.264722 0.622545 -0.232456 -0.652122 0.0330291 0.757394 0.448795 0.31622 -0.930002 0.187352 0.400795 -0.384863 -0.306262 -0.87068 -0.504304 0.867113 0.203222 -0.454769 0.485867 
1530720518815 0.179903 -0.963774 0.196911 -0.609902 0.736524 0.264664 0.622483 -0.232484 -0.652048 0.0330432 0.757457 0.44879 0.31622 -0.930002 0.187352 0.400795 -0.384863 -0.306262 -0.87068 -0.504304 0.867113 0.203222 -0.454769 0.485867 
1530720519014 0.179869 -0.96379 0.196866 -0.6099 0.736598 0.264606 0.62242 -0.232512 -0.651974 0.0330572 0.75752 0.448785 0.31622 -0.930002 0.187352 0.400795 -0.384863 -0.306262 -0.87068 -0.504304 0.867113 0.203222 -0.454769 0.485867 
1530720519143 0.179835 -0.963805 0.196822 -0.609898 0.736671 0.264549 0.622358 -0.232539 -0.651901 0.0330713 0.757583 0.448781 0.31622 -0.930002 0.187352 0.400795 -0.384863 -0.306262 -0.87068 -0.504304 0.867113 0.203222 -0.454769 0.485867 
1530720519278 0.179802 -0.96382 0.196778 -0.609896 0.736745 0.264491 0.622295 -0.232567 -0.651827 0.0330853 0.757646 0.448776 0.31622 -0.930002 0.187352 0.400795 -0.384863 -0.306262 -0.87068 -0.504304 0.867113 0.203222 -0.454769 0.485867 
1530720519424 0.179768 -0.963836 0.196733 -0.609894 0.736818 0.264433 0.622233 -0.232595 -0.651753 0.0330993 0.757708 0.448771 0.31622 -0.930002 0.187352 0.400795 -0.384863 -0.306262 -0.87068 -0.504304 0.867113 0.203222 -0.454769 0.485867 
1530720519558 0.179734 -0.963851 0.196689 -0.609892 0.736892 0.264376 0.62217 -0.232622 -0.65168 0.0331133 0.757771 0.448766 0.31622 -0.930002 0.187352 0.400795 -0.384863 -0.306262 -0.87068 -0.504304 0.867113 0.203222 -0.454769 0.485867 
1530720519663 0.1797 -0.963867 0.196645 -0.60989 0.736965 0.264318 0.622108 -0.232649 -0.651606 0.0331277 0.757834 0.448762 0.31622 -0.930002 0.187352 0.400795 -0.384863 -0.306262 -0.87068 -0.504304 0.867113 0.203222 -0.454769 0.485867 
1530720519815 0.17979 -0.963824 0.196771 -0.60987 0.73693 0.264469 0.622085 -0.232669 -0.65162 0.0331616 0.75782 0.448806 0.31622 -0.930002 0.187352 0.400795 -0.384863 -0.306262 -0.87068 -0.504304 0.867113 0.203222 -0.454769 0.485867 
1530720519827 0.179826 -0.963838 0.196668 -0.609863 0.736977 0.264427 0.622048 -0.232682 -0.651557 0.0330796 0.757878 0.448797 0.31622 -0.930002 0.187352 0.400795 -0.384863 -0.306262 -0.87068 -0.504304 0.867113 0.203222 -0.454769 0.485867 
1530720519844 0.179862 -0.963853 0.196564 -0.609857 0.737024 0.264384 0.62201 -0.232696 -0.651494 0.0329968 0.757936 0.448789 0.31622 -0.930002 0.187352 0.400795 -0.384863 -0.306262 -0.87068 -0.504304 0.867113 0.203222 -0.454769 0.485867 
1530720519988 0.179897 -0.963868 0.19646 -0.60985 0.737072 0.264341 0.621972 -0.232709 -0.651431 0.0329139 0.757994 0.44878 0.31622 -0.930002 0.187352 0.400795 -0.384863 -0.306262 -0.87068 -0.504304 0.867113 0.203222 -0.454769 0.485867 
1530720520177 0.179933 -0.963882 0.196356 -0.609843 0.737119 0.264298 0.621934 -0.232722 -0.651368 0.0328311 0.758051 0.448771 0.31622 -0.930002 0.187352 0.400795 -0.384863 -0.306262 -0.87068 -0.504304 0.867113 0.203222 -0.454769 0.485867 
1530720520396 0.179968 -0.963897 0.196251 -0.609836 0.737166 0.264255 0.621897 -0.232736 -0.651305 0.0327483 0.758109 0.448762 0.31622 -0.930002 0.187352 0.400795 -0.384863 -0.306262 -0.87068 -0.504304 0.867113 0.203222 -0.454769 0.485867 
1530720520603 0.180004 -0.963911 0.196147 -0.609829 0.737213 0.264212 0.621859 -0.232749 -0.651241 0.0326654 0.758167 0.448753 0.31622 -0.930002 0.187352 0.400795 -0.384863 -0.306262 -0.87068 -0.504304 0.867113 0.203222 -0.454769 0.485867 
1530720520768 0.180039 -0.963926 0.196043 -0.609822 0.73726 0.264169 0.621821 -0.232762 -0.651178 0.0325826 0.758225 0.448744 0.31622 -0.930002 0.187352 0.400795 -0.384863 -0.306262 -0.87068 -0.504304 0.867113 0.203222 -0.454769 0.485867 
1530720520888 0.180075 -0.96394 0.195939 -0.609816 0.737308 0.264127 0.621783 -0.232775 -0.651115 0.0324997 0.758283 0.448736 0.31622 -0.930002 0.187352 0.400795 -0.384863 -0.306262 -0.87068 -0.504304 0.867113 0.203222 -0.454769 0.485867 
1530720520895 0.18011 -0.963955 0.195835 -0.609809 0.737355 0.264084 0.621746 -0.232789 -0.651052 0.0324172 0.758341 0.448727 0.31622 -0.930002 0.187352 0.400795 -0.384863 -0.306262 -0.87068 -0.504304 0.867113 0.203222 -0.454769 0.485867 
1530720521015 0.180201 -0.963915 0.195947 -0.60981 0.737319 0.264226 0.621728 -0.232815 -0.651067 0.0324396 0.758326 0.448782 0.31622 -0.930002 0.187352 0.400795 -0.384863 -0.306262 -0.87068 -0.504304 0.867113 0.203222 -0.454769 0.485867 
1530720521026 0.180258 -0.963919 0.195878 -0.609813 0.737368 0.264221 0.621672 -0.232802 -0.650996 0.0323726 0.758391 0.448768 0.31622 -0.930002 0.187352 0.400795 -0.384863 -0.306262 -0.87068 -0.504304 0.867113 0.203222 -0.454769 0.485867 
1530720521050 0.180314 -0.963922 0.195808 -0.609815 0.737417 0.264216 0.621615 -0.232789 -0.650924 0.032306 0.758455 0.448754 0.31622 -0.930002 0.187352 0.400795 -0.384863 -0.306262 -0.87068 -0.504304 0.867113 0.203222 -0.454769 0.485867 
1530720521336 0.18037 -0.963926 0.195738 -0.609818 0.737467 0.264211 0.621559 -0.232775 -0.650853 0.0322394 0.758519 0.44874 0.31622 -0.930002 0.187352 0.400795 -0.384863 -0.306262 -0.87068 -0.504304 0.867113 0.203222 -0.454769 0.485867 
1530720521344 0.180427 -0.96393 0.195668 -0.60982 0.737516 0.264206 0.621502 -0.232762 -0.650781 0.0321729 0.758583 0.448726 0.31622 -0.930002 0.187352 0.400795 -0.384863 -0.306262 -0.87068 -0.504304 0.867113 0.203222 -0.454769 0.485867 
1530720521520 0.180483 -0.963933 0.195599 -0.609823 0.737565 0.264201 0.621446 -0.232749 -0.65071 0.0321063 0.758647 0.448712 0.31622 -0.930002 0.187352 0.400795 -0.384863 -0.306262 -0.87068 -0.504304 0.867113 0.203222 -0.454769 0.485867 
1530720521718 0.180539 -0.963937 0.195529 -0.609825 0.737615 0.264196 0.62139 -0.232736 -0.650638 0.0320398 0.758712 0.448698 0.31622 -0.930002 0.187352 0.400795 -0.384863 -0.306262 -0.87068 -0.504304 0.867113 0.203222 -0.454769 0.485867 
1530720521851 0.180595 -0.96394 0.195459 -0.609828 0.737664 0.264191 0.621333 -0.232723 -0.650567 0.0319732 0.758776 0.448684 0.31622 -0.930002 0.187352 0.400795 -0.384863 -0.306262 -0.87068 -0.504304 0.867113 0.203222 -0.454769 0.485867 
1530720521995 0.180652 -0.963944 0.195389 -0.60983 0.737713 0.264185 0.621277 -0.23271 -0.650495 0.0319066 0.75884 0.44867 0.31622 -0.930002 0.187352 0.400795 -0.384863 -0.306262 -0.87068 -0.504304 0.867113 0.203222 -0.454769 0.485867 
1530720522190 0.180708 -0.963947 0.19532 -0.609832 0.737763 0.264181 0.62122 -0.232697 -0.650423 0.03184 0.758904 0.448657 0.31622 -0.930002 0.187352 0.400795 -0.384863 -0.306262 -0.87068 -0.504304 0.867113 0.203222 -0.454769 0.485867 
1530720522335 0.180608 -0.963985 0.195227 -0.609866 0.737862 0.264041 0.621162 -0.232647 -0.650339 0.0318639 0.758975 0.448689 0.31622 -0.930002 0.187352 0.400795 -0.384863 -0.306262 -0.87068 -0.504304 0.867113 0.203222 -0.454769 0.485867 
1530720522358 0.180626 -0.963989 0.195193 -0.609863 0.737851 0.264033 0.621178 -0.232648 -0.650346 0.0318229 0.758971 0.448689 0.31622 -0.930002 0.187352 0.400795 -0.384863 -0.306262 -0.87068 -0.504304 0.867113 0.203222 -0.454769 0.485867 
1530720522382 0.180644 -0.963992 0.195158 -0.60986 0.737841 0.264024 0.621194 -0.23265 -0.650353 0.0317806 0.758967 0.448689 0.31622 -0.930002 0.187352 0.400795 -0.384863 -0.306262 -0.87068 -0.504304 0.867113 0.203222 -0.454769 0.485867 
1530720522387 0.180662 -0.963996 0.195123 -0.609857 0.737831 0.264016 0.62121 -0.232651 -0.650359 0.0317388 0.758963 0.448689 0.31622 -0.930002 0.187352 0.400795 -0.384863 -0.306262 -0.87068 -0.504304 0.867113 0.203222 -0.454769 0.485867 
1530720522468 0.18068 -0.964 0.195088 -0.609854 0.737821 0.264007 0.621225 -0.232652 -0.650366 0.0316971 0.75896 0.448689 0.31622 -0.930002 0.187352 0.400795 -0.384863 -0.306262 -0.87068 -0.504304 0.867113 0.203222 -0.454769 0.485867 
1530720522661 0.180698 -0.964003 0.195053 -0.609851 0.73781 0.263999 0.621241 -0.232654 -0.650372 0.0316554 0.758956 0.448689 0.31622 -0.930002 0.187352 0.400795 -0.384863 -0.306262 -0.87068 -0.504304 0.867113 0.203222 -0.454769 0.485867 
1530720522844 0.180716 -0.964007 0.195018 -0.609848 0.7378 0.26399 0.621257 -0.232655 -0.650379 0.0316136 0.758952 0.44869 0.31622 -0.930002 0.187352 0.400795 -0.384863 -0.306262 -0.87068 -0.504304 0.867113 0.203222 -0.454769 0.485867 
1530720522991 0.180734 -0.964011 0.194983 -0.609845 0.73779 0.263982 0.621272 -0.232656 -0.650385 0.0315719 0.758948 0.44869 0.31622 -0.930002 0.187352 0.400795 -0.384863 -0.306262 -0.87068 -0.504304 0.867113 0.203222 -0.454769 0.485867 
1530720523001 0.180752 -0.964014 0.194949 -0.609842 0.73778 0.263973 0.621288 -0.232657 -0.650392 0.0315302 0.758944 0.44869 0.31622 -0.930002 0.187352 0.400795 -0.384863 -0.306262 -0.87068 -0.504304 0.867113 0.203222 -0.454769 0.485867 
1530720523139 0.18077 -0.964018 0.194914 -0.609839 0.73777 0.263965 0.621304 -0.232659 -0.650398 0.0314887 0.75894 0.44869 0.31622 -0.930002 0.187352 0.400795 -0.384863 -0.306262 -0.87068 -0.504304 0.867113 0.203222 -0.454769 0.485867 
1530720523328 0.180778 -0.964034 0.19483 -0.609835 0.737758 0.263918 0.621338 -0.232633 -0.65041 0.0314133 0.758934 0.448637 0.31622 -0.930002 0.187352 0.400795 -0.384863 -0.306262 -0.87068 -0.504304 0.867113 0.203222 -0.454769 0.485867 
1530720523339 0.180708 -0.964022 0.194954 -0.609834 0.737753 0.263945 0.621332 -0.232642 -0.650435 0.0315477 0.758907 0.448639 0.31622 -0.930002 0.187352 0.400795 -0.384863 -0.306262 -0.87068 -0.504304 0.867113 0.203222 -0.454769 0.485867 
1530720523513 0.180639 -0.964009 0.195078 -0.609834 0.737748 0.263973 0.621326 -0.232652 -0.65046 0.0316831 0.75888 0.448642 0.31622 -0.930002 0.187352 0.400795 -0.384863 -0.306262 -0.87068 -0.504304 0.867113 0.203222 -0.454769 0.485867 
1530720523829 0.180569 -0.963997 0.195203 -0.609834 0.737743 0.264002 0.62132 -0.232661 -0.650485 0.0318184 0.758852 0.448644 0.31622 -0.930002 0.187352 0.400795 -0.384863 -0.306262 -0.87068 -0.504304 0.867113 0.203222 -0.454769 0.485867 
1530720524067 0.180499 -0.963985 0.195327 -0.609833 0.737738 0.26403 0.621314 -0.232671 -0.65051 0.0319538 0.758825 0.448647 0.31622 -0.930002 0.187352 0.400795 -0.384863 -0.306262 -0.87068 -0.504304 0.867113 0.203222 -0.454769 0.485867 
1530720524310 0.180429 -0.963973 0.195452 -0.609833 0.737733 0.264058 0.621308 -0.23268 -0.650535 0.0320891 0.758798 0.448649 0.31622 -0.930002 0.187352 0.400795 -0.384863 -0.306262 -0.87068 -0.504304 0.867113 0.203222 -0.454769 0.485867 
1530720524436 0.180359 -0.963961 0.195577 -0.609832 0.737728 0.264086 0.621302 -0.23269 -0.65056 0.0322245 0.758771 0.448651 0.31622 -0.930002 0.187352 0.400795 -0.384863 -0.306262 -0.87068 -0.504304 0.867113 0.203222 -0.454769 0.485867 
1530720524664 0.18029 -0.963948 0.195701 -0.609832 0.737723 0.264114 0.621296 -0.232699 -0.650585 0.0323599 0.758744 0.448654 0.31622 -0.930002 0.187352 0.400795 -0.384863 -0.306262 -0.87068 -0.504304 0.867113 0.203222 -0.454769 0.485867 
1530720524842 0.18022 -0.963936 0.195826 -0.609832 0.737717 0.264142 0.621291 -0.232709 -0.65061 0.0324952 0.758716 0.448656 0.31622 -0.930002 0.187352 0.400795 -0.384863 -0.306262 -0.87068 -0.504304 0.867113 0.203222 -0.454769 0.485867 
1530720525007 0.18015 -0.963924 0.19595 -0.609831 0.737713 0.26417 0.621285 -0.232718 -0.650635 0.0326306 0.758689 0.448659 0.31622 -0.930002 0.187352 0.400795 -0.384863 -0.306262 -0.87068 -0.504304 0.867113 0.203222 -0.454769 0.485867 
1530720525200 0.180222 -0.963916 0.195922 -0.609835 0.737677 0.264207 0.62131 -0.23274 -0.650655 0.0325536 0.758675 0.448601 0.31622 -0.930002 0.187352 0.400795 -0.384863 -0.306262 -0.87068 -0.504304 0.867113 0.203222 -0.454769 0.485867 
1530720525219 0.180227 -0.963923 0.195884 -0.609837 0.737678 0.264187 0.621319 -0.232738 -0.650653 0.0325212 0.758678 0.44861 0.31622 -0.930002 0.187352 0.400795 -0.384863 -0.306262 -0.87068 -0.504304 0.867113 0.203222 -0.454769 0.485867 
1530720525236 0.180232 -0.96393 0.195847 -0.609838 0.737678 0.264166 0.621327 -0.232737 -0.650652 0.0324886 0.758681 0.448619 0.31622 -0.930002 0.187352 0.400795 -0.384863 -0.306262 -0.87068 -0.504304 0.867113 0.203222 -0.454769 0.485867 
1530720525252 0.180238 -0.963937 0.195808 -0.60984 0.737677 0.264146 0.621336 -0.232735 -0.650651 0.0324548 0.758683 0.448627 0.31622 -0.930002 0.187352 0.400795 -0.384863 -0.306262 -0.87068 -0.504304 0.867113 0.203222 -0.454769 0.485867 
1530720525259 0.180243 -0.963943 0.19577 -0.609842 0.737678 0.264125 0.621345 -0.232734 -0.650649 0.0324219 0.758686 0.448636 0.31622 -0.930002 0.187352 0.400795 -0.384863 -0.306262 -0.87068 -0.504304 0.867113 0.203222 -0.454769 0.485867 
1530720525433 0.180248 -0.96395 0.195732 -0.609844 0.737678 0.264105 0.621354 -0.232732 -0.650648 0.032389 0.758689 0.448645 0.31622 -0.930002 0.187352 0.400795 -0.384863 -0.306262 -0.87068 -0.504304 0.867113 0.203222 -0.454769 0.485867 
1530720525700 0.180254 -0.963957 0.195694 -0.609845 0.737678 0.264084 0.621363 -0.23273 -0.650646 0.032356 0.758691 0.448653 0.31622 -0.930002 0.187352 0.400795 -0.384863 -0.306262 -0.87068 -0.504304 0.867113 0.203222 -0.454769 0.485867 
1530720525706 0.180259 -0.963963 0.195656 -0.609847 0.737678 0.264064 0.621371 -0.232729 -0.650645 0.0323231 0.758694 0.448662 0.31622 -0.930002 0.187352 0.400795 -0.384863 -0.306262 -0.87068 -0.504304 0.867113 0.203222 -0.454769 0.485867 
1530720525855 0.180264 -0.96397 0.195618 -0.609849 0.737678 0.264043 0.62138 -0.232727 -0.650643 0.0322902 0.758697 0.448671 0.31622 -0.930002 0.187352 0.400795 -0.384863 -0.306262 -0.87068 -0.504304 0.867113 0.203222 -0.454769 0.485867 
1530720525959 0.180269 -0.963977 0.19558 -0.60985 0.737678 0.264023 0.621388 -0.232726 -0.650642 0.0322575 0.758699 0.44868 0.31622 -0.930002 0.187352 0.400795 -0.384863 -0.306262 -0.87068 -0.504304 0.867113 0.203222 -0.454769 0.485867 
1530720526112 0.18031 -0.963957 0.195638 -0.609853 0.737674 0.264091 0.621364 -0.232751 -0.650634 0.0322793 0.758705 0.448633 0.31622 -0.930002 0.187352 0.400795 -0.384863 -0.306262 -0.87068 -0.504304 0.867113 0.203222 -0.454769 0.485867 
1530720526121 0.180301 -0.963961 0.195628 -0.609857 0.737663 0.264079 0.621382 -0.232748 -0.650649 0.0322722 0.758692 0.448641 0.31622 -0.930002 0.187352 0.400795 -0.384863 -0.306262 -0.87068 -0.504304 0.867113 0.203222 -0.454769 0.485867 
1530720526137 0.180292 -0.963965 0.195619 -0.609862 0.737652 0.264066 0.621401 -0.232744 -0.650665 0.0322651 0.758679 0.448648 0.31622 -0.930002 0.187352 0.400795 -0.384863 -0.306262 -0.87068 -0.504304 0.867113 0.203222 -0.454769 0.485867 
1530720526155 0.180282 -0.963969 0.195608 -0.609866 0.73764 0.264052 0.621421 -0.232741 -0.650681 0.0322576 0.758666 0.448656 0.31622 -0.930002 0.187352 0.400795 -0.384863 -0.306262 -0.87068 -0.504304 0.867113 0.203222 -0.454769 0.485867 
1530720526242 0.180272 -0.963973 0.195598 -0.60987 0.737629 0.264039 0.62144 -0.232738 -0.650697 0.0322504 0.758653 0.448664 0.31622 -0.930002 0.187352 0.400795 -0.384863 -0.306262 -0.87068 -0.504304 0.867113 0.203222 -0.454769 0.485867 
1530720526420 0.180263 -0.963976 0.195588 -0.609875 0.737617 0.264026 0.621459 -0.232734 -0.650712 0.0322432 0.75864 0.448671 0.31622 -0.930002 0.187352 0.400795 -0.384863 -0.306262 -0.87068 -0.504304 0.867113 0.203222 -0.454769 0.485867 
1530720526525 0.180253 -0.96398 0.195578 -0.609879 0.737606 0.264013 0.621478 -0.232731 -0.650728 0.032236 0.758627 0.448679 0.31622 -0.930002 0.187352 0.400795 -0.384863 -0.306262 -0.87068 -0.504304 0.867113 0.203222 -0.454769 0.485867 
1530720526636 0.180244 -0.963984 0.195568 -0.609884 0.737594 0.264 0.621497 -0.232728 -0.650743 0.0322288 0.758613 0.448687 0.31622 -0.930002 0.187352 0.400795 -0.384863 -0.306262 -0.87068 -0.504304 0.867113 0.203222 -0.454769 0.485867 
1530720526789 0.180234 -0.963988 0.195558 -0.609888 0.737583 0.263987 0.621516 -0.232725 -0.650759 0.0322216 0.7586 0.448695 0.31622 -0.930002 0.187352 0.400795 -0.384863 -0.306262 -0.87068 -0.504304 0.867113 0.203222 -0.454769 0.485867 
1530720526950 0.180225 -0.963992 0.195548 -0.609892 0.737571 0.263974 0.621535 -0.232721 -0.650775 0.0322146 0.758587 0.448702 0.31622 -0.930002 0.187352 0.400795 -0.384863 -0.306262 -0.87068 -0.504304 0.867113 0.203222 -0.454769 0.485867 
1530720527087 0.180288 -0.96396 0.195644 -0.609883 0.737518 0.264086 0.621551 -0.232759 -0.650818 0.0322328 0.75855 0.448634 0.31622 -0.930002 0.187352 0.400795 -0.384863 -0.306262 -0.87068 -0.504304 0.867113 0.203222 -0.454769 0.485867 
1530720527099 0.180254 -0.963954 0.195705 -0.609907 0.737533 0.264099 0.621528 -0.232761 -0.65081 0.0323056 0.758553 0.448638 0.31622 -0.930002 0.187352 0.400795 -0.384863 -0.306262 -0.87068 -0.504304 0.867113 0.203222 -0.454769 0.485867 
1530720527116 0.180219 -0.963949 0.195764 -0.60993 0.737547 0.26411 0.621506 -0.232763 -0.650803 0.0323782 0.758556 0.448641 0.31622 -0.930002 0.187352 0.400795 -0.384863 -0.306262 -0.87068 -0.504304 0.867113 0.203222 -0.454769 0.485867 
1530720527373 0.180184 -0.963943 0.195824 -0.609954 0.737562 0.264122 0.621484 -0.232765 -0.650796 0.0324508 0.758559 0.448645 0.31622 -0.930002 0.187352 0.400795 -0.384863 -0.306262 -0.87068 -0.504304 0.867113 0.203222 -0.454769 0.485867 
1530720527550 0.180149 -0.963938 0.195883 -0.609977 0.737577 0.264133 0.621461 -0.232768 -0.650789 0.0325233 0.758562 0.448648 0.31622 -0.930002 0.187352 0.400795 -0.384863 -0.306262 -0.87068 -0.504304 0.867113 0.203222 -0.454769 0.485867 
1530720527691 0.180114 -0.963932 0.195943 -0.610001 0.737592 0.264145 0.621439 -0.23277 -0.650782 0.0325959 0.758565 0.448652 0.31622 -0.930002 0.187352 0.400795 -0.384863 -0.306262 -0.87068 -0.504304 0.867113 0.203222 -0.454769 0.485867 
1530720527833 0.180079 -0.963927 0.196003 -0.610025 0.737607 0.264156 0.621416 -0.232772 -0.650775 0.0326685 0.758568 0.448655 0.31622 -0.930002 0.187352 0.400795 -0.384863 -0.306262 -0.87068 -0.504304 0.867113 0.203222 -0.454769 0.485867 
1530720528020 0.180044 -0.963921 0.196062 -0.610049 0.737621 0.264167 0.621394 -0.232774 -0.650768 0.0327411 0.758571 0.448659 0.31622 -0.930002 0.187352 0.400795 -0.384863 -0.306262 -0.87068 -0.504304 0.867113 0.203222 -0.454769 0.485867 
1530720528192 0.180009 -0.963915 0.196122 -0.610072 0.737636 0.264179 0.621371 -0.232777 -0.650761 0.0328136 0.758574 0.448662 0.31622 -0.930002 0.187352 0.400795 -0.384863 -0.306262 -0.87068 -0.504304 0.867113 0.203222 -0.454769 0.485867 
1530720528378 0.179974 -0.96391 0.196181 -0.610095 0.737651 0.26419 0.621349 -0.232778 -0.650754 0.0328865 0.758576 0.448666 0.31622 -0.930002 0.187352 0.400795 -0.384863 -0.306262 -0.87068 -0.504304 0.867113 0.203222 -0.454769 0.485867 
1530720528493 0.180064 -0.963908 0.196107 -0.61009 0.737749 0.264204 0.621227 -0.232765 -0.650618 0.0328171 0.758696 0.448736 0.31622 -0.930002 0.187352 0.400795 -0.384863 -0.306262 -0.87068 -0.504304 0.867113 0.203222 -0.454769 0.485867 
1530720528506 0.180083 -0.963918 0.196043 -0.610128 0.737745 0.264178 0.621243 -0.232761 -0.650617 0.0327547 0.758699 0.448733 0.31622 -0.930002 0.187352 0.400795 -0.384863 -0.306262 -0.87068 -0.504304 0.867113 0.203222 -0.454769 0.485867 
1530720528523 0.180104 -0.963927 0.195978 -0.610167 0.73774 0.264152 0.62126 -0.232757 -0.650617 0.0326897 0.758702 0.44873 0.31622 -0.930002 0.187352 0.400795 -0.384863 -0.306262 -0.87068 -0.504304 0.867113 0.203222 -0.454769 0.485867 
1530720528529 0.180124 -0.963936 0.195913 -0.610205 0.737736 0.264126 0.621276 -0.232753 -0.650616 0.0326255 0.758706 0.448727 0.31622 -0.930002 0.187352 0.400795 -0.384863 -0.306262 -0.87068 -0.504304 0.867113 0.203222 -0.454769 0.485867 
1530720528709 0.180145 -0.963946 0.195849 -0.610244 0.737731 0.264099 0.621292 -0.232749 -0.650616 0.0325612 0.758709 0.448724 0.31622 -0.930002 0.187352 0.400795 -0.384863 -0.306262 -0.87068 -0.504304 0.867113 0.203222 -0.454769 0.485867 
1530720528915 0.180165 -0.963955 0.195784 -0.610283 0.737727 0.264073 0.621309 -0.232745 -0.650615 0.0324969 0.758712 0.448721 0.31622 -0.930002 0.187352 0.400795 -0.384863 -0.306262 -0.87068 -0.504304 0.867113 0.203222 -0.454769 0.485867 
1530720529062 0.180186 -0.963964 0.195719 -0.610322 0.737722 0.264047 0.621325 -0.232741 -0.650615 0.0324326 0.758715 0.448717 0.31622 -0.930002 0.187352 0.400795 -0.384863 -0.306262 -0.87068 -0.504304 0.867113 0.203222 -0.454769 0.485867 
1530720529255 0.180206 -0.963974 0.195655 -0.61036 0.737717 0.264021 0.621342 -0.232737 -0.650614 0.0323683 0.758718 0.448714 0.31622 -0.930002 0.187352 0.400795 -0.384863 -0.306262 -0.87068 -0.504304 0.867113 0.203222 -0.454769 0.485867 
1530720529422 0.180227 -0.963983 0.19559 -0.610399 0.737713 0.263995 0.621358 -0.232733 -0.650614 0.032304 0.758722 0.448711 0.31622 -0.930002 0.187352 0.400795 -0.384863 -0.306262 -0.87068 -0.504304 0.867113 0.203222 -0.454769 0.485867 
1530720529587 0.180247 -0.963992 0.195526 -0.610435 0.737708 0.263969 0.621375 -0.232729 -0.650613 0.0322402 0.758724 0.448708 0.31622 -0.930002 0.187352 0.400795 -0.384863 -0.306262 -0.87068 -0.504304 0.867113 0.203222 -0.454769 0.485867 
1530720529734 0.180146 -0.964021 0.195476 -0.61043 0.737773 0.263858 0.621345 -0.232679 -0.650568 0.0322839 0.758762 0.448695 0.31622 -0.930002 0.187352 0.400795 -0.384863 -0.306262 -0.87068 -0.504304 0.867113 0.203222 -0.454769 0.485867 
1530720529747 0.180121 -0.964023 0.195489 -0.610482 0.73785 0.263844 0.62126 -0.232686 -0.650488 0.0323395 0.758828 0.448693 0.31622 -0.930002 0.187352 0.400795 -0.384863 -0.306262 -0.87068 -0.504304 0.867113 0.203222 -0.454769 0.485867 
1530720529926 0.180097 -0.964025 0.195503 -0.610535 0.737926 0.263831 0.621175 -0.232693 -0.650408 0.0323952 0.758894 0.448691 0.31622 -0.930002 0.187352 0.400795 -0.384863 -0.306262 -0.87068 -0.504304 0.867113 0.203222 -0.454769 0.485867 
1530720530116 0.180073 -0.964026 0.195517 -0.610588 0.738003 0.263819 0.621089 -0.232701 -0.650328 0.032451 0.75896 0.448689 0.31622 -0.930002 0.187352 0.400795 -0.384863 -0.306262 -0.87068 -0.504304 0.867113 0.203222 -0.454769 0.485867 
1530720530268 0.180049 -0.964028 0.195532 -0.61064 0.738079 0.263806 0.621004 -0.232708 -0.650248 0.0325067 0.759027 0.448687 0.31622 -0.930002 0.187352 0.400795 -0.384863 -0.306262 -0.87068 -0.504304 0.867113 0.203222 -0.454769 0.485867 
1530720530544 0.180025 -0.96403 0.195546 -0.610693 0.738155 0.263793 0.620919 -0.232715 -0.650168 0.0325625 0.759093 0.448685 0.31622 -0.930002 0.187352 0.400795 -0.384863 -0.306262 -0.87068 -0.504304 0.867113 0.203222 -0.454769 0.485867 
1530720530763 0.18 -0.964031 0.19556 -0.610745 0.738232 0.26378 0.620833 -0.232723 -0.650087 0.0326182 0.759159 0.448682 0.31622 -0.930002 0.187352 0.400795 -0.384863 -0.306262 -0.87068 -0.504304 0.867113 0.203222 -0.454769 0.485867 
1530720530995 0.179975 -0.964033 0.195574 -0.610798 0.738309 0.263766 0.620748 -0.23273 -0.650007 0.0326748 0.759225 0.44868 0.31622 -0.930002 0.187352 0.400795 -0.384863 -0.306262 -0.87068 -0.504304 0.867113 0.203222 -0.454769 0.485867 
1530720531159 0.179951 -0.964035 0.195588 -0.61085 0.738385 0.263754 0.620662 -0.232737 -0.649927 0.0327305 0.759291 0.448678 0.31622 -0.930002 0.187352 0.400795 -0.384863 -0.306262 -0.87068 -0.504304 0.867113 0.203222 -0.454769 0.485867 
1530720531327 0.179927 -0.964036 0.195602 -0.610899 0.738461 0.263741 0.620578 -0.232743 -0.649848 0.0327857 0.759357 0.448678 0.31622 -0.930002 0.187352 0.400795 -0.384863 -0.306262 -0.87068 -0.504304 0.867113 0.203222 -0.454769 0.485867 
1530720531521 0.179918 -0.964044 0.195573 -0.610884 0.738437 0.263716 0.620616 -0.232759 -0.649877 0.0327584 0.759333 0.448675 0.31622 -0.930002 0.187352 0.400795 -0.384863 -0.306262 -0.87068 -0.504304 0.867113 0.203222 -0.454769 0.485867 
1530720531534 0.179899 -0.964038 0.195622 -0.610945 0.738417 0.263734 0.620632 -0.232761 -0.649905 0.0327999 0.759307 0.448678 0.31622 -0.930002 0.187352 0.400795 -0.384863 -0.306262 -0.87068 -0.504304 0.867113 0.203222 -0.454769 0.485867 
1530720531778 0.179879 -0.964031 0.195673 -0.611006 0.738397 0.263753 0.620649 -0.232764 -0.649934 0.0328426 0.759281 0.44868 0.31622 -0.930002 0.187352 0.400795 -0.384863 -0.306262 -0.87068 -0.504304 0.867113 0.203222 -0.454769 0.485867 
1530720531932 0.179859 -0.964025 0.195723 -0.611068 0.738376 0.263771 0.620665 -0.232767 -0.649963 0.0328846 0.759254 0.448683 0.31622 -0.930002 0.187352 0.400795 -0.384863 -0.306262 -0.87068 -0.504304 0.867113 0.203222 -0.454769 0.485867 
1530720532076 0.179839 -0.964018 0.195772 -0.611129 0.738355 0.26379 0.620682 -0.232769 -0.649992 0.0329265 0.759228 0.448685 0.31622 -0.930002 0.187352 0.400795 -0.384863 -0.306262 -0.87068 -0.504304 0.867113 0.203222 -0.454769 0.485867 
1530720532229 0.17982 -0.964012 0.195822 -0.61119 0.738335 0.263808 0.620699 -0.232772 -0.65002 0.0329684 0.759201 0.448688 0.31622 -0.930002 0.187352 0.400795 -0.384863 -0.306262 -0.87068 -0.504304 0.867113 0.203222 -0.454769 0.485867 
1530720532530 0.1798 -0.964005 0.195872 -0.611252 0.738314 0.263826 0.620715 -0.232775 -0.650049 0.0330104 0.759175 0.448691 0.31622 -0.930002 0.187352 0.400795 -0.384863 -0.306262 -0.87068 -0.504304 0.867113 0.203222 -0.454769 0.485867 
1530720532706 0.179781 -0.963999 0.195922 -0.611313 0.738294 0.263845 0.620732 -0.232777 -0.650078 0.0330523 0.759148 0.448693 0.31622 -0.930002 0.187352 0.400795 -0.384863 -0.306262 -0.87068 -0.504304 0.867113 0.203222 -0.454769 0.485867 
1530720532861 0.179761 -0.963992 0.195972 -0.611374 0.738273 0.263863 0.620749 -0.23278 -0.650107 0.0330942 0.759122 0.448696 0.31622 -0.930002 0.187352 0.400795 -0.384863 -0.306262 -0.87068 -0.504304 0.867113 0.203222 -0.454769 0.485867 
1530720533024 0.179741 -0.963986 0.196022 -0.611432 0.738252 0.263881 0.620766 -0.232781 -0.650136 0.0331364 0.759095 0.448699 0.31622 -0.930002 0.187352 0.400795 -0.384863 -0.306262 -0.87068 -0.504304 0.867113 0.203222 -0.454769 0.485867 
1530720533214 0.179715 -0.963978 0.196087 -0.611431 0.738216 0.263905 0.620799 -0.232719 -0.650184 0.0331878 0.759051 0.448725 0.31622 -0.930002 0.187352 0.400795 -0.384863 -0.306262 -0.87068 -0.504304 0.867113 0.203222 -0.454769 0.485867 
1530720533227 0.179707 -0.96397 0.196133 -0.611501 0.73829 0.263925 0.620702 -0.232721 -0.650102 0.0332582 0.759119 0.448704 0.31622 -0.930002 0.187352 0.400795 -0.384863 -0.306262 -0.87068 -0.504304 0.867113 0.203222 -0.454769 0.485867 
1530720533393 0.1797 -0.963962 0.196177 -0.611571 0.738365 0.263945 0.620605 -0.232724 -0.65002 0.0333281 0.759186 0.448682 0.31622 -0.930002 0.187352 0.400795 -0.384863 -0.306262 -0.87068 -0.504304 0.867113 0.203222 -0.454769 0.485867 
1530720533574 0.179692 -0.963954 0.196222 -0.611641 0.738439 0.263964 0.620508 -0.232726 -0.649937 0.0333979 0.759254 0.448661 0.31622 -0.930002 0.187352 0.400795 -0.384863 -0.306262 -0.87068 -0.504304 0.867113 0.203222 -0.454769 0.485867 
1530720533580 0.179684 -0.963946 0.196267 -0.611712 0.738513 0.263983 0.620412 -0.232729 -0.649855 0.0334678 0.759321 0.44864 0.31622 -0.930002 0.187352 0.400795 -0.384863 -0.306262 -0.87068 -0.504304 0.867113 0.203222 -0.454769 0.485867 
1530720533851 0.179677 -0.963939 0.196312 -0.611782 0.738588 0.264003 0.620315 -0.232731 -0.649773 0.0335377 0.759388 0.448619 0.31622 -0.930002 0.187352 0.400795 -0.384863 -0.306262 -0.87068 -0.504304 0.867113 0.203222 -0.454769 0.485867 
1530720534058 0.179668 -0.963931 0.196357 -0.611852 0.738662 0.264022 0.620218 -0.232733 -0.64969 0.0336084 0.759456 0.448597 0.31622 -0.930002 0.187352 0.400795 -0.384863 -0.306262 -0.87068 -0.504304 0.867113 0.203222 -0.454769 0.485867 
